證券代號,證券名稱,外陸資買進股數(不含外資自營商),外陸資賣出股數(不含外資自營商),外陸資買賣超股數(不含外資自營商),外資自營商買進股數,外資自營商賣出股數,外資自營商買賣超股數,投信買進股數,投信賣出股數,投信買賣超股數,自營商買賣超股數,自營商買進股數(自行買賣),自營商賣出股數(自行買賣),自營商買賣超股數(自行買賣),自營商買進股數(避險),自營商賣出股數(避險),自營商買賣超股數(避險),三大法人買賣超股數
2317,鴻海            ,25951712,9471500,16480212,0,0,0,33000,0,33000,3703000,278000,241000,37000,4608000,942000,3666000,20216212
2888,新光金          ,12394000,4934160,7459840,0,0,0,33000,0,33000,245000,94000,39000,55000,288000,98000,190000,7737840
2883,開發金          ,11385000,4042104,7342896,0,0,0,38000,0,38000,261000,1000,0,1000,288000,28000,260000,7641896
2409,友達            ,39752000,35760677,3991323,0,0,0,0,0,0,2538000,494000,2264000,-1770000,4709000,401000,4308000,6529323
2891,中信金          ,11778000,6581000,5197000,0,0,0,51000,199000,-148000,16000,1000,0,1000,15000,0,15000,5065000
2312,金寶            ,5563000,417000,5146000,0,0,0,0,0,0,-171000,2000,0,2000,29000,202000,-173000,4975000
2344,華邦電          ,6140000,2517911,3622089,0,0,0,0,0,0,548000,391000,144000,247000,369000,68000,301000,4170089
059397,T50反1元富99購05,0,0,0,0,0,0,0,0,0,4006000,0,0,0,4022000,16000,4006000,4006000
2367,燿華            ,4810000,1416000,3394000,0,0,0,0,0,0,512000,0,0,0,598000,86000,512000,3906000
2882,國泰金          ,6130000,2542082,3587918,0,0,0,23000,0,23000,277000,56000,60000,-4000,306000,25000,281000,3887918
2313,華通            ,7532000,8056000,-524000,0,0,0,3202000,280000,2922000,1329000,1896000,1553000,343000,1147000,161000,986000,3727000
2887,台新金          ,8805000,5119514,3685486,0,0,0,28000,0,28000,0,0,0,0,0,0,0,3713486
2408,南亞科          ,4286000,1274290,3011710,0,0,0,2000,0,2000,176000,173000,72000,101000,139000,64000,75000,3189710
2890,永豐金          ,5024000,3955438,1068562,0,0,0,2029000,0,2029000,3000,2000,0,2000,1000,0,1000,3100562
1605,華新            ,4730000,1707793,3022207,0,0,0,0,0,0,66000,159000,81000,78000,148000,160000,-12000,3088207
2823,中壽            ,4909000,1755394,3153606,0,0,0,8000,0,8000,-245000,80000,2000,78000,0,323000,-323000,2916606
2881,富邦金          ,5769000,3124000,2645000,0,0,0,21000,0,21000,226000,127000,0,127000,118000,19000,99000,2892000
2618,長榮航          ,4606558,2867000,1739558,0,0,0,0,0,0,1088000,131000,466000,-335000,1734000,311000,1423000,2827558
055174,精元統一97購01  ,0,0,0,0,0,0,0,0,0,2685000,0,0,0,2785000,100000,2685000,2685000
00861,元大全球未來通訊,884000,0,884000,0,0,0,0,0,0,1765000,0,0,0,2429000,664000,1765000,2649000
2834,臺企銀          ,5251000,2677313,2573687,0,0,0,0,0,0,36000,56000,4000,52000,0,16000,-16000,2609687
2603,長榮            ,2676000,748000,1928000,0,0,0,686000,0,686000,-112000,6000,118000,-112000,0,0,0,2502000
2610,華航            ,4432000,2189000,2243000,0,0,0,0,0,0,146000,0,0,0,190000,44000,146000,2389000
3481,群創            ,35151000,36686121,-1535121,0,0,0,0,0,0,3906000,800000,272000,528000,3619000,241000,3378000,2370879
2353,宏碁            ,6499000,4064401,2434599,0,0,0,0,0,0,-84000,140000,192000,-52000,36000,68000,-32000,2350599
3711,日月光投控      ,5070000,2478000,2592000,0,0,0,9000,13000,-4000,-271000,35000,306000,-271000,5000,5000,0,2317000
020012,富邦行動通訊N   ,0,0,0,0,0,0,0,0,0,2315000,0,0,0,2315000,0,2315000,2315000
2421,建準            ,5547000,2557000,2990000,0,0,0,230000,1123000,-893000,171000,0,10000,-10000,257000,76000,181000,2268000
07316P,長榮航康和99售01,0,0,0,0,0,0,0,0,0,2206000,0,0,0,2316000,110000,2206000,2206000
0056,元大高股息      ,14040,11000,3040,0,0,0,120000,0,120000,1990000,185000,190000,-5000,2970000,975000,1995000,2113040
2330,台積電          ,17792944,16755602,1037342,0,0,0,714000,249000,465000,567000,452000,2000,450000,243000,126000,117000,2069342
4142,國光生          ,8860000,6809000,2051000,0,0,0,0,0,0,0,15000,15000,0,0,0,0,2051000
061610,力成統一9C購01  ,0,0,0,0,0,0,0,0,0,2033000,0,0,0,2369000,336000,2033000,2033000
058547,世紀鋼富邦9A購01,0,0,0,0,0,0,0,0,0,1996000,0,0,0,2016000,20000,1996000,1996000
3596,智易            ,2228300,1124000,1104300,0,0,0,641000,0,641000,228000,106000,60000,46000,294000,112000,182000,1973300
1909,榮成            ,2556000,637000,1919000,0,0,0,0,0,0,17000,0,6000,-6000,25000,2000,23000,1936000
053655,全新凱基98購02  ,0,0,0,0,0,0,0,0,0,1865000,0,0,0,1865000,0,1865000,1865000
2382,廣達            ,3460000,1265000,2195000,0,0,0,7000,12000,-5000,-332000,103000,439000,-336000,45000,41000,4000,1858000
3049,和鑫            ,2488000,746000,1742000,0,0,0,0,0,0,78000,2000,0,2000,76000,0,76000,1820000
052044,華通凱基97購01  ,0,0,0,0,0,0,0,0,0,1802000,0,0,0,1802000,0,1802000,1802000
1314,中石化          ,3720000,2715000,1005000,0,0,0,0,0,0,766000,140000,28000,112000,665000,11000,654000,1771000
2027,大成鋼          ,1839000,464000,1375000,0,0,0,0,0,0,310000,31000,6000,25000,500000,215000,285000,1685000
2377,微星            ,1307000,1270939,36061,0,0,0,1259000,0,1259000,348000,46000,4000,42000,330000,24000,306000,1643061
2614,東森            ,2253000,644000,1609000,0,0,0,0,0,0,0,0,0,0,0,0,0,1609000
6153,嘉聯益          ,1494000,515920,978080,0,0,0,0,0,0,624000,63000,0,63000,590000,29000,561000,1602080
2383,台光電          ,1831700,1155300,676400,0,0,0,1064000,0,1064000,-278000,109000,160000,-51000,17000,244000,-227000,1462400
3006,晶豪科          ,2872000,828000,2044000,0,0,0,0,70000,-70000,-560000,8000,237000,-229000,13000,344000,-331000,1414000
5880,合庫金          ,5612000,4236671,1375329,0,0,0,26000,0,26000,0,0,0,0,0,0,0,1401329
4958,臻鼎-KY         ,2705000,3538000,-833000,0,0,0,1575000,55000,1520000,702000,608000,36000,572000,174000,44000,130000,1389000
055885,大成鋼統一97購02,0,0,0,0,0,0,0,0,0,1379000,0,0,0,1813000,434000,1379000,1379000
3706,神達            ,1807000,495162,1311838,0,0,0,0,0,0,48000,2000,0,2000,63000,17000,46000,1359838
2889,國票金          ,2401000,1092382,1308618,0,0,0,0,0,0,0,0,0,0,0,0,0,1308618
059395,T50反1元富99購03,0,0,0,0,0,0,0,0,0,1308000,0,0,0,1336000,28000,1308000,1308000
07458P,長榮航元大9A售01,0,0,0,0,0,0,0,0,0,1253000,0,0,0,1333000,80000,1253000,1253000
2867,三商壽          ,1508000,261420,1246580,0,0,0,0,0,0,0,0,0,0,0,0,0,1246580
2332,友訊            ,1292000,51000,1241000,0,0,0,0,0,0,5000,4000,10000,-6000,29000,18000,11000,1246000
9904,寶成            ,4423000,3242839,1180161,0,0,0,8000,0,8000,56000,54000,28000,26000,45000,15000,30000,1244161
055894,欣興統一97購03  ,0,0,0,0,0,0,0,0,0,1236000,0,0,0,1248000,12000,1236000,1236000
00852L,國泰美國道瓊正2 ,500000,1314000,-814000,0,0,0,0,0,0,2044000,0,0,0,3560000,1516000,2044000,1230000
2102,泰豐            ,1939000,723000,1216000,0,0,0,0,0,0,0,0,0,0,0,0,0,1216000
2505,國揚            ,2021000,710000,1311000,0,0,0,0,0,0,-134000,0,0,0,37000,171000,-134000,1177000
6288,聯嘉            ,1435000,261000,1174000,0,0,0,0,0,0,0,4000,4000,0,0,0,0,1174000
5876,上海商銀        ,2056000,906388,1149612,0,0,0,9000,0,9000,13000,0,0,0,13000,0,13000,1171612
055055,精元永豐97購01  ,0,0,0,0,0,0,0,0,0,1160000,0,0,0,1160000,0,1160000,1160000
053391,嘉聯益元大99購01,0,0,0,0,0,0,0,0,0,1137000,0,0,0,1138000,1000,1137000,1137000
3189,景碩            ,1815000,685000,1130000,0,0,0,0,0,0,-14000,64000,0,64000,218000,296000,-78000,1116000
2376,技嘉            ,1405000,975000,430000,0,0,0,215000,0,215000,441000,118000,32000,86000,503000,148000,355000,1086000
2492,華新科          ,1365000,429771,935229,0,0,0,129000,63000,66000,56000,62000,33000,29000,107000,80000,27000,1057229
1714,和桐            ,1576000,525000,1051000,0,0,0,0,0,0,0,0,0,0,0,0,0,1051000
3016,嘉晶            ,989000,459000,530000,0,0,0,0,0,0,517000,41000,1000,40000,611000,134000,477000,1047000
059560,T50反1凱基99購08,0,0,0,0,0,0,0,0,0,1037000,0,0,0,1184000,147000,1037000,1037000
054546,玉晶光中信9B購01,0,0,0,0,0,0,0,0,0,1016000,0,0,0,2078000,1062000,1016000,1016000
1718,中纖            ,1344000,333301,1010699,0,0,0,0,0,0,-1000,1000,2000,-1000,0,0,0,1009699
1319,東陽            ,961000,102000,859000,0,0,0,124000,0,124000,17000,7000,0,7000,10000,0,10000,1000000
8021,尖點            ,1109000,115000,994000,0,0,0,0,0,0,1000,1000,0,1000,0,0,0,995000
061392,泰鼎群益9A購02  ,0,0,0,0,0,0,0,0,0,991000,0,0,0,1307000,316000,991000,991000
1308,亞聚            ,1072000,83000,989000,0,0,0,0,0,0,0,0,0,0,0,0,0,989000
060705,台光電富邦9B購01,0,0,0,0,0,0,0,0,0,982000,0,0,0,1453000,471000,982000,982000
2014,中鴻            ,1224000,245000,979000,0,0,0,0,0,0,0,0,0,0,0,0,0,979000
2356,英業達          ,2321000,1353000,968000,0,0,0,0,0,0,-20000,4000,0,4000,83000,107000,-24000,948000
6196,帆宣            ,1168000,447000,721000,0,0,0,0,0,0,217000,27000,7000,20000,198000,1000,197000,938000
6226,光鼎            ,1170000,239000,931000,0,0,0,0,0,0,1000,1000,0,1000,0,0,0,932000
2605,新興            ,1026000,94000,932000,0,0,0,0,0,0,0,0,0,0,0,0,0,932000
3682,亞太電          ,1139000,219000,920000,0,0,0,0,0,0,0,0,0,0,0,0,0,920000
0050,元大台灣50      ,217000,155030,61970,0,0,0,67000,86000,-19000,868000,33000,0,33000,2056000,1221000,835000,910970
3406,玉晶光          ,951000,469480,481520,0,0,0,305000,0,305000,99000,245000,174000,71000,110000,82000,28000,885520
2401,凌陽            ,964000,109000,855000,0,0,0,0,0,0,27000,27000,0,27000,0,0,0,882000
059948,正文永豐99購01  ,0,0,0,0,0,0,0,0,0,881000,0,0,0,886000,5000,881000,881000
05644P,大立光中信9A售03,0,0,0,0,0,0,0,0,0,865000,0,0,0,941000,76000,865000,865000
2349,錸德            ,1224000,366000,858000,0,0,0,0,0,0,0,0,0,0,0,0,0,858000
058841,深中小群益01購01,0,0,0,0,0,0,0,0,0,854000,0,0,0,1272000,418000,854000,854000
1762,中化生          ,2610000,2223000,387000,0,0,0,418000,0,418000,36000,85000,49000,36000,0,0,0,841000
2841,台開            ,994000,153000,841000,0,0,0,0,0,0,0,0,0,0,0,0,0,841000
00641R,富邦日本反1     ,37000,0,37000,0,0,0,0,0,0,780000,0,0,0,939000,159000,780000,817000
5471,松翰            ,2811000,2443000,368000,0,0,0,378000,0,378000,69000,69000,0,69000,0,0,0,815000
060302,台積電富邦02購01,0,0,0,0,0,0,0,0,0,795000,0,0,0,900000,105000,795000,795000
6285,啟碁            ,878000,207000,671000,0,0,0,0,0,0,111000,10000,0,10000,116000,15000,101000,782000
049007,玉晶光中信96購01,0,0,0,0,0,0,0,0,0,779000,0,0,0,1127000,348000,779000,779000
3704,合勤控          ,780000,119000,661000,0,0,0,0,0,0,114000,2000,0,2000,129000,17000,112000,775000
1303,南亞            ,1990000,1227172,762828,0,0,0,16000,0,16000,-13000,5000,18000,-13000,0,0,0,765828
1609,大亞            ,1083000,332000,751000,0,0,0,0,0,0,0,0,0,0,0,0,0,751000
057066,緯穎富邦99購01  ,0,0,0,0,0,0,0,0,0,750000,0,0,0,870000,120000,750000,750000
056196,聯茂富邦98購02  ,0,0,0,0,0,0,0,0,0,742000,0,0,0,957000,215000,742000,742000
2484,希華            ,813000,83000,730000,0,0,0,0,0,0,0,0,0,0,0,0,0,730000
6706,惠特            ,331000,532000,-201000,0,0,0,646000,0,646000,281000,285000,4000,281000,0,0,0,726000
054789,高鐵群益98購01  ,0,0,0,0,0,0,0,0,0,725000,0,0,0,730000,5000,725000,725000
8046,南電            ,3395000,3024000,371000,0,0,0,15000,0,15000,331000,135000,87000,48000,330000,47000,283000,717000
8215,明基材          ,920000,198000,722000,0,0,0,0,0,0,-5000,0,0,0,0,5000,-5000,717000
061584,勤誠元大9A購01  ,0,0,0,0,0,0,0,0,0,715000,0,0,0,715000,0,715000,715000
060448,道瓊反元大9A購04,0,0,0,0,0,0,0,0,0,710000,0,0,0,810000,100000,710000,710000
062017,京鼎永豐9B購01  ,0,0,0,0,0,0,0,0,0,706000,0,0,0,719000,13000,706000,706000
2633,台灣高鐵        ,1105000,546000,559000,0,0,0,6000,0,6000,141000,84000,6000,78000,63000,0,63000,706000
3450,聯鈞            ,1011000,807000,204000,0,0,0,0,60000,-60000,561000,25000,0,25000,539000,3000,536000,705000
2838,聯邦銀          ,710000,8000,702000,0,0,0,0,0,0,0,0,0,0,0,0,0,702000
052752,臺股指元大96購06,0,0,0,0,0,0,0,0,0,699000,0,0,0,699000,0,699000,699000
058733,同欣電永豐99購02,0,0,0,0,0,0,0,0,0,693000,0,0,0,851000,158000,693000,693000
059862,全新群益99購04  ,0,0,0,0,0,0,0,0,0,668000,0,0,0,879000,211000,668000,668000
048850,聯電群益96購01  ,0,0,0,0,0,0,0,0,0,666000,0,0,0,706000,40000,666000,666000
059533,富邦金凱基99購01,0,0,0,0,0,0,0,0,0,654000,0,0,0,704000,50000,654000,654000
041824,元油2X國票96購01,0,0,0,0,0,0,0,0,0,654000,0,0,0,654000,0,654000,654000
8926,台汽電          ,702000,127000,575000,0,0,0,0,0,0,78000,0,2000,-2000,80000,0,80000,653000
050372,全新元大96購03  ,0,0,0,0,0,0,0,0,0,652000,0,0,0,658000,6000,652000,652000
058209,臺股指凱基01購01,0,0,0,0,0,0,0,0,0,650000,0,0,0,650000,0,650000,650000
00676R,富邦臺灣加權反1 ,0,0,0,0,0,0,0,0,0,640000,0,0,0,1484000,844000,640000,640000
056677,智伸科元富98購01,0,0,0,0,0,0,0,0,0,627000,0,0,0,757000,130000,627000,627000
2520,冠德            ,701000,167000,534000,0,0,0,0,0,0,88000,92000,4000,88000,0,0,0,622000
061033,台光電永豐9A購01,0,0,0,0,0,0,0,0,0,614000,0,0,0,724000,110000,614000,614000
056616,台光電永豐98購01,0,0,0,0,0,0,0,0,0,613000,0,0,0,663000,50000,613000,613000
2327,國巨            ,2359000,1619898,739102,0,0,0,43000,328000,-285000,155000,154000,138000,16000,209000,70000,139000,609102
061197,矽創永豐9A購02  ,0,0,0,0,0,0,0,0,0,608000,0,0,0,909000,301000,608000,608000
055805,矽力永豐97購01  ,0,0,0,0,0,0,0,0,0,608000,0,0,0,689000,81000,608000,608000
2723,美食-KY         ,772000,306000,466000,0,0,0,0,0,0,142000,29000,0,29000,117000,4000,113000,608000
059937,旺宏永豐99購03  ,0,0,0,0,0,0,0,0,0,605000,0,0,0,615000,10000,605000,605000
049795,華通元大96購02  ,0,0,0,0,0,0,0,0,0,600000,0,0,0,600000,0,600000,600000
052281,全新凱基97購01  ,0,0,0,0,0,0,0,0,0,600000,0,0,0,600000,0,600000,600000
055168,光罩統一98購01  ,0,0,0,0,0,0,0,0,0,600000,0,0,0,604000,4000,600000,600000
061168,力成兆豐9A購01  ,0,0,0,0,0,0,0,0,0,595000,0,0,0,764000,169000,595000,595000
060961,台光電凱基9A購03,1000,0,1000,0,0,0,0,0,0,590000,0,0,0,635000,45000,590000,591000
058774,台郡兆豐9A購01  ,0,0,0,0,0,0,0,0,0,590000,0,0,0,611000,21000,590000,590000
3017,奇鋐            ,3083000,811000,2272000,0,0,0,0,1681000,-1681000,-2000,115000,170000,-55000,104000,51000,53000,589000
00674R,元大S&P黃金反1  ,10000,0,10000,0,0,0,0,0,0,574000,0,0,0,579000,5000,574000,584000
6005,群益證          ,1119000,535000,584000,0,0,0,0,0,0,0,0,0,0,0,0,0,584000
4977,眾達-KY         ,753000,166000,587000,0,0,0,0,0,0,-5000,0,0,0,0,5000,-5000,582000
07874P,長榮航群益9B售01,0,0,0,0,0,0,0,0,0,582000,0,0,0,590000,8000,582000,582000
5871,中租-KY         ,1335000,828020,506980,0,0,0,3000,0,3000,70000,26000,28000,-2000,94000,22000,72000,579980
061054,台積電群益9A購04,0,0,0,0,0,0,0,0,0,577000,0,0,0,770000,193000,577000,577000
2049,上銀            ,1071010,468000,603010,0,0,0,0,44000,-44000,15940,62000,45000,17000,6000,7060,-1060,574950
6412,群電            ,553000,54000,499000,0,0,0,70000,0,70000,2000,0,0,0,2000,0,2000,571000
00638R,元大滬深300反1  ,52000,17000,35000,0,0,0,0,0,0,533000,0,0,0,646000,113000,533000,568000
060123,光罩永豐99購02  ,0,0,0,0,0,0,0,0,0,564000,0,0,0,685000,121000,564000,564000
061170,南茂兆豐9B購01  ,0,0,0,0,0,0,0,0,0,563000,0,0,0,565000,2000,563000,563000
060186,義隆元富9A購01  ,0,0,0,0,0,0,0,0,0,562000,0,0,0,639000,77000,562000,562000
3661,世芯-KY         ,1002324,294000,708324,0,0,0,0,220000,-220000,73000,125000,23000,102000,20000,49000,-29000,561324
061028,聚陽永豐9A購01  ,0,0,0,0,0,0,0,0,0,559000,0,0,0,569000,10000,559000,559000
046882,智易富邦97購01  ,0,0,0,0,0,0,0,0,0,555000,0,0,0,555000,0,555000,555000
055063,玉晶光永豐99購01,0,0,0,0,0,0,0,0,0,553000,0,0,0,553000,0,553000,553000
061388,台積電群益9A購05,0,0,0,0,0,0,0,0,0,549000,0,0,0,569000,20000,549000,549000
046628,大立光統一98購01,0,0,0,0,0,0,0,0,0,548000,0,0,0,636000,88000,548000,548000
053118,大立光中信9C購01,0,0,0,0,0,0,0,0,0,545000,0,0,0,625000,80000,545000,545000
056291,聯茂永豐97購03  ,0,0,0,0,0,0,0,0,0,543000,0,0,0,615000,72000,543000,543000
5521,工信            ,1335000,797000,538000,0,0,0,0,0,0,0,0,0,0,0,0,0,538000
056211,南港國票98購01  ,0,0,0,0,0,0,0,0,0,537000,0,0,0,598000,61000,537000,537000
056418,台光電元富98購01,0,0,0,0,0,0,0,0,0,536000,0,0,0,641000,105000,536000,536000
058200,世芯康和99購01  ,0,0,0,0,0,0,0,0,0,533000,0,0,0,712000,179000,533000,533000
058970,鴻海永豐99購02  ,0,0,0,0,0,0,0,0,0,527000,0,0,0,716000,189000,527000,527000
059396,T50反1元富99購04,0,0,0,0,0,0,0,0,0,525000,0,0,0,530000,5000,525000,525000
059818,鴻海凱基99購14  ,0,0,0,0,0,0,0,0,0,523000,0,0,0,528000,5000,523000,523000
060723,致新永豐9A購01  ,0,0,0,0,0,0,0,0,0,519000,0,0,0,682000,163000,519000,519000
056626,同欣電永豐98購01,0,0,0,0,0,0,0,0,0,519000,0,0,0,538000,19000,519000,519000
00633L,富邦上証正2     ,1619000,655000,964000,0,0,0,0,0,0,-445165,0,0,0,6278000,6723165,-445165,518835
060409,味全永豐9A購01  ,0,0,0,0,0,0,0,0,0,518000,0,0,0,527000,9000,518000,518000
059128,友達中信99購02  ,0,0,0,0,0,0,0,0,0,516000,0,0,0,1678000,1162000,516000,516000
062097,台光電永豐9B購01,0,0,0,0,0,0,0,0,0,515000,0,0,0,515000,0,515000,515000
6120,達運            ,739000,224000,515000,0,0,0,0,0,0,0,0,0,0,0,0,0,515000
061661,京鼎永豐9A購02  ,0,0,0,0,0,0,0,0,0,514000,0,0,0,528000,14000,514000,514000
055438,鴻海國票98購01  ,0,0,0,0,0,0,0,0,0,514000,0,0,0,514000,0,514000,514000
1310,台苯            ,666000,148000,518000,0,0,0,0,0,0,-6000,0,0,0,10000,16000,-6000,512000
2340,光磊            ,613000,253000,360000,0,0,0,0,0,0,151000,141000,2000,139000,52000,40000,12000,511000
3019,亞光            ,742000,317000,425000,0,0,0,0,0,0,86000,100000,14000,86000,13000,13000,0,511000
051152,鴻海國泰97購01  ,0,0,0,0,0,0,0,0,0,510000,0,0,0,510000,0,510000,510000
2002,中鋼            ,6418000,5915379,502621,0,0,0,35000,0,35000,-29000,1000,20000,-19000,0,10000,-10000,508621
1305,華夏            ,1940000,1262000,678000,0,0,0,0,0,0,-170000,0,170000,-170000,0,0,0,508000
061059,世芯國票9B購01  ,0,0,0,0,0,0,0,0,0,505000,0,0,0,623000,118000,505000,505000
061418,世紀鋼群益9A購02,0,0,0,0,0,0,0,0,0,502000,0,0,0,1120000,618000,502000,502000
058273,同欣電永豐99購01,0,0,0,0,0,0,0,0,0,502000,0,0,0,512000,10000,502000,502000
2426,鼎元            ,1114000,614000,500000,0,0,0,0,0,0,2000,2000,0,2000,0,0,0,502000
00850,元大臺灣ESG永續 ,1000,0,1000,0,0,0,0,0,0,500000,30000,0,30000,849000,379000,470000,501000
046562,大立光凱基95購01,0,0,0,0,0,0,0,0,0,501000,0,0,0,501000,0,501000,501000
061463,智邦群益9A購02  ,0,0,0,0,0,0,0,0,0,500000,0,0,0,564000,64000,500000,500000
060142,臺指反國票9B購01,0,0,0,0,0,0,0,0,0,499000,0,0,0,499000,0,499000,499000
6191,精成科          ,1366000,873000,493000,0,0,0,0,0,0,1000,1000,0,1000,0,0,0,494000
4968,立積            ,654000,319000,335000,0,0,0,117000,0,117000,42000,24000,0,24000,34000,16000,18000,494000
07342P,大立光凱基99售14,0,0,0,0,0,0,0,0,0,493000,0,0,0,558000,65000,493000,493000
048745,儒鴻元富97購02  ,0,0,0,0,0,0,0,0,0,491000,0,0,0,491000,0,491000,491000
054349,同欣電國票97購02,0,0,0,0,0,0,0,0,0,488000,0,0,0,708000,220000,488000,488000
059047,元油2X凱基9A購10,0,0,0,0,0,0,0,0,0,483000,0,0,0,545000,62000,483000,483000
061398,力成中信9A購01  ,0,0,0,0,0,0,0,0,0,480000,0,0,0,638000,158000,480000,480000
057133,京鼎凱基98購02  ,0,0,0,0,0,0,0,0,0,480000,0,0,0,490000,10000,480000,480000
057721,華擎元富98購02  ,0,0,0,0,0,0,0,0,0,480000,0,0,0,937000,457000,480000,480000
9945,潤泰新          ,675000,175000,500000,0,0,0,0,0,0,-21000,0,0,0,0,21000,-21000,479000
2456,奇力新          ,853000,392979,460021,0,0,0,0,0,0,16000,6000,16000,-10000,62000,36000,26000,476021
061620,禾伸堂群益9A購02,0,0,0,0,0,0,0,0,0,476000,0,0,0,483000,7000,476000,476000
3515,華擎            ,653000,503000,150000,0,0,0,231000,0,231000,94000,2000,35000,-33000,157000,30000,127000,475000
06880P,鈺齊凱基98售03  ,0,0,0,0,0,0,0,0,0,475000,0,0,0,490000,15000,475000,475000
060791,聯茂富邦9A購02  ,0,0,0,0,0,0,0,0,0,473000,0,0,0,473000,0,473000,473000
052069,聯茂兆豐96購01  ,0,0,0,0,0,0,0,0,0,468000,0,0,0,478000,10000,468000,468000
058522,聯茂元大99購07  ,0,0,0,0,0,0,0,0,0,465000,0,0,0,925000,460000,465000,465000
2515,中工            ,812000,348000,464000,0,0,0,0,0,0,0,5000,24000,-19000,27000,8000,19000,464000
056685,光罩統一98購03  ,0,0,0,0,0,0,0,0,0,462000,0,0,0,550000,88000,462000,462000
055670,矽創群益98購02  ,0,0,0,0,0,0,0,0,0,462000,0,0,0,687000,225000,462000,462000
051774,聯茂中信96購01  ,0,0,0,0,0,0,0,0,0,460000,0,0,0,480000,20000,460000,460000
055196,致新元富97購01  ,0,0,0,0,0,0,0,0,0,459000,0,0,0,489000,30000,459000,459000
056996,矽力日盛99購01  ,0,0,0,0,0,0,0,0,0,458000,0,0,0,830000,372000,458000,458000
052223,聯電凱基96購02  ,0,0,0,0,0,0,0,0,0,456000,0,0,0,495000,39000,456000,456000
054880,華泰統一97購01  ,0,0,0,0,0,0,0,0,0,456000,0,0,0,466000,10000,456000,456000
053985,矽創元大96購02  ,0,0,0,0,0,0,0,0,0,453000,0,0,0,453000,0,453000,453000
2338,光罩            ,1320000,599000,721000,0,0,0,0,0,0,-268000,10000,0,10000,102000,380000,-278000,453000
06608P,立積群益99售02  ,0,0,0,0,0,0,0,0,0,448000,0,0,0,561000,113000,448000,448000
056855,祥碩中信98購02  ,0,0,0,0,0,0,0,0,0,444000,0,0,0,564000,120000,444000,444000
053205,台光電麥證96購01,0,0,0,443000,0,443000,0,0,0,443000,0,0,0,443000,0,443000,443000
061416,聯茂群益9A購01  ,0,0,0,0,0,0,0,0,0,441000,0,0,0,549000,108000,441000,441000
055235,金寶台新98購01  ,0,0,0,0,0,0,0,0,0,439000,0,0,0,549000,110000,439000,439000
03433B,臺股指元大9C熊01,0,0,0,0,0,0,0,0,0,439000,0,0,0,647000,208000,439000,439000
2105,正新            ,930000,503279,426721,0,0,0,5000,0,5000,6000,10000,2000,8000,0,2000,-2000,437721
2481,強茂            ,880000,634000,246000,0,0,0,0,0,0,189000,129000,0,129000,75000,15000,60000,435000
058035,旭富永豐98購02  ,0,0,0,0,0,0,0,0,0,432000,0,0,0,462000,30000,432000,432000
2478,大毅            ,795000,317000,478000,0,0,0,0,0,0,-47000,17000,47000,-30000,29000,46000,-17000,431000
054015,晶豪科永豐96購03,0,0,0,0,0,0,0,0,0,427000,0,0,0,442000,15000,427000,427000
056543,京鼎凱基98購01  ,0,0,0,0,0,0,0,0,0,427000,0,0,0,463000,36000,427000,427000
048595,儒鴻國票96購01  ,0,0,0,0,0,0,0,0,0,425000,0,0,0,425000,0,425000,425000
057945,京鼎國票99購03  ,0,0,0,0,0,0,0,0,0,425000,0,0,0,437000,12000,425000,425000
2328,廣宇            ,706000,287000,419000,0,0,0,0,0,0,5000,19000,14000,5000,0,0,0,424000
061350,牧德元大9B購03  ,0,0,0,0,0,0,0,0,0,423000,0,0,0,645000,222000,423000,423000
2609,陽明            ,498000,76000,422000,0,0,0,0,0,0,0,0,0,0,0,0,0,422000
059629,友達凱基99購06  ,0,0,0,0,0,0,0,0,0,421000,0,0,0,431000,10000,421000,421000
8996,高力            ,668000,250000,418000,0,0,0,0,0,0,0,0,0,0,0,0,0,418000
054673,京鼎國泰98購01  ,0,0,0,0,0,0,0,0,0,417000,0,0,0,417000,0,417000,417000
053055,聯詠國票97購01  ,0,0,0,0,0,0,0,0,0,415000,0,0,0,465000,50000,415000,415000
061417,力成群益9A購01  ,0,30000,-30000,0,0,0,0,0,0,444000,0,0,0,651000,207000,444000,414000
053485,矽創國票97購04  ,0,0,0,0,0,0,0,0,0,414000,0,0,0,452000,38000,414000,414000
060304,大立光富邦9C購05,0,0,0,0,0,0,0,0,0,411000,0,0,0,453000,42000,411000,411000
046568,臻鼎元富95購01  ,0,0,0,0,0,0,0,0,0,410000,0,0,0,410000,0,410000,410000
057616,聯電凱基99購01  ,0,0,0,0,0,0,0,0,0,410000,0,0,0,470000,60000,410000,410000
061452,大成鋼凱基9A購01,0,0,0,0,0,0,0,0,0,409000,0,0,0,520000,111000,409000,409000
061583,矽創元大9A購01  ,0,0,0,0,0,0,0,0,0,407000,0,0,0,559000,152000,407000,407000
052813,T50正2永豐96購01,0,0,0,0,0,0,0,0,0,407000,0,0,0,407000,0,407000,407000
054160,華泰凱基98購01  ,0,0,0,0,0,0,0,0,0,407000,0,0,0,407000,0,407000,407000
054528,台光電統一96購02,0,0,0,0,0,0,0,0,0,406000,0,0,0,449000,43000,406000,406000
058282,聯茂中信99購01  ,0,0,0,0,0,0,0,0,0,405000,0,0,0,445000,40000,405000,405000
059766,同欣電永豐99購03,0,0,0,0,0,0,0,0,0,404000,0,0,0,541000,137000,404000,404000
047572,深中小群益95購01,0,0,0,0,0,0,0,0,0,402000,0,0,0,422000,20000,402000,402000
058363,全新凱基9A購02  ,0,0,0,0,0,0,0,0,0,401000,0,0,0,495000,94000,401000,401000
1504,東元            ,505000,496399,8601,0,0,0,0,0,0,392000,26000,0,26000,366000,0,366000,400601
059290,全新元富99購01  ,0,0,0,0,0,0,0,0,0,400000,0,0,0,613000,213000,400000,400000
061717,力成凱基9B購01  ,0,0,0,0,0,0,0,0,0,397000,0,0,0,438000,41000,397000,397000
058525,台虹元大99購02  ,0,0,0,0,0,0,0,0,0,396000,0,0,0,500000,104000,396000,396000
06851P,鈺齊元大98售01  ,0,0,0,0,0,0,0,0,0,395000,0,0,0,449000,54000,395000,395000
061762,台塑元大9B購01  ,0,0,0,0,0,0,0,0,0,393000,0,0,0,520000,127000,393000,393000
061414,牧德群益9B購02  ,0,0,0,0,0,0,0,0,0,393000,0,0,0,863000,470000,393000,393000
055392,凱美統一97購03  ,0,0,0,0,0,0,0,0,0,393000,0,0,0,393000,0,393000,393000
058977,SGBR2X凱基03購01,0,0,0,0,0,0,0,0,0,392000,0,0,0,395000,3000,392000,392000
061506,瑞祺國票9A購02  ,0,0,0,0,0,0,0,0,0,390000,0,0,0,390000,0,390000,390000
058659,力成中信99購01  ,0,0,0,0,0,0,0,0,0,390000,0,0,0,395000,5000,390000,390000
056492,全新國泰9A購01  ,0,0,0,0,0,0,0,0,0,390000,0,0,0,606000,216000,390000,390000
07580P,緯穎元大9A售03  ,0,0,0,0,0,0,0,0,0,390000,0,0,0,850000,460000,390000,390000
046108,A50正2元大95購02,0,0,0,0,0,0,0,0,0,389000,0,0,0,389000,0,389000,389000
056198,台光電永豐97購02,0,0,0,0,0,0,0,0,0,389000,0,0,0,507000,118000,389000,389000
2354,鴻準            ,999000,625269,373731,0,0,0,0,0,0,15000,15000,0,15000,0,0,0,388731
2347,聯強            ,1374000,937233,436767,0,0,0,0,0,0,-49000,1000,15000,-14000,0,35000,-35000,387767
055806,致新永豐97購02  ,0,0,0,0,0,0,0,0,0,386000,0,0,0,409000,23000,386000,386000
060816,世紀鋼凱基9C購02,0,0,0,0,0,0,0,0,0,384000,0,0,0,399000,15000,384000,384000
1217,愛之味          ,534000,150000,384000,0,0,0,0,0,0,0,0,0,0,0,0,0,384000
059618,台積電日盛99購01,0,0,0,0,0,0,0,0,0,380000,0,0,0,642000,262000,380000,380000
6504,南六            ,861000,367000,494000,0,0,0,62000,166000,-104000,-10000,65000,96000,-31000,28000,7000,21000,380000
4938,和碩            ,3172000,2962000,210000,0,0,0,6000,9000,-3000,172000,102000,0,102000,111000,41000,70000,379000
1215,卜蜂            ,610000,268000,342000,0,0,0,70000,0,70000,-34000,40000,0,40000,39000,113000,-74000,378000
060682,牧德元大9A購03  ,0,0,0,0,0,0,0,0,0,377000,0,0,0,503000,126000,377000,377000
061516,力成永豐9A購02  ,0,0,0,0,0,0,0,0,0,377000,0,0,0,390000,13000,377000,377000
06337P,祥碩元大97售05  ,0,0,0,0,0,0,0,0,0,376000,0,0,0,541000,165000,376000,376000
042317,台灣50永豐96購01,0,0,0,0,0,0,0,0,0,376000,0,0,0,376000,0,376000,376000
07747P,晶技凱基9A售04  ,0,0,0,0,0,0,0,0,0,376000,0,0,0,399000,23000,376000,376000
058421,國泰金麥證01購01,0,0,0,377000,2000,375000,0,0,0,375000,0,0,0,377000,2000,375000,375000
060133,牧德群益9B購01  ,0,0,0,0,0,0,0,0,0,371000,0,0,0,410000,39000,371000,371000
5305,敦南            ,452000,84000,368000,0,0,0,0,0,0,0,1000,1000,0,0,0,0,368000
060375,葡萄王元富9A購01,0,0,0,0,0,0,0,0,0,367000,0,0,0,435000,68000,367000,367000
058555,矽創永豐9A購01  ,0,0,0,0,0,0,0,0,0,366000,0,0,0,434000,68000,366000,366000
060640,京鼎永豐9A購01  ,0,0,0,0,0,0,0,0,0,365000,0,0,0,387000,22000,365000,365000
061612,南六統一9A購01  ,0,0,0,0,0,0,0,0,0,365000,0,0,0,491000,126000,365000,365000
054058,晶豪科國票98購01,0,0,0,0,0,0,0,0,0,365000,0,0,0,365000,0,365000,365000
053929,正文國票97購01  ,0,0,0,0,0,0,0,0,0,364000,0,0,0,364000,0,364000,364000
056607,貿聯富邦99購02  ,0,0,0,0,0,0,0,0,0,364000,0,0,0,364000,0,364000,364000
056686,可成統一98購01  ,0,0,0,0,0,0,0,0,0,364000,0,0,0,417000,53000,364000,364000
057904,矽力永豐98購01  ,0,0,0,0,0,0,0,0,0,362000,0,0,0,707000,345000,362000,362000
062062,貿聯統一01購01  ,0,0,0,0,0,0,0,0,0,361000,0,0,0,366000,5000,361000,361000
060383,葡萄王凱基9A購01,0,0,0,0,0,0,0,0,0,358000,0,0,0,371000,13000,358000,358000
061625,聯茂群益9A購02  ,0,0,0,0,0,0,0,0,0,357000,0,0,0,647000,290000,357000,357000
058646,聯茂富邦9A購01  ,0,0,0,0,0,0,0,0,0,356000,0,0,0,607000,251000,356000,356000
058801,致伸元大99購01  ,0,0,0,0,0,0,0,0,0,355000,0,0,0,382000,27000,355000,355000
060880,中壽中信9C購01  ,0,0,0,0,0,0,0,0,0,352000,0,0,0,574000,222000,352000,352000
059171,祥碩凱基99購04  ,0,0,0,0,0,0,0,0,0,349000,0,0,0,369000,20000,349000,349000
061297,台積電富邦9C購09,0,0,0,0,0,0,0,0,0,347000,0,0,0,347000,0,347000,347000
07279P,台灣50台新99售02,0,0,0,0,0,0,0,0,0,347000,0,0,0,580000,233000,347000,347000
061181,牧德凱基9A購01  ,0,0,0,0,0,0,0,0,0,346000,0,0,0,732000,386000,346000,346000
059992,S&P正2元富9B購04,0,0,0,0,0,0,0,0,0,346000,0,0,0,349000,3000,346000,346000
05991P,聯茂群益96售05  ,0,0,0,0,0,0,0,0,0,345000,0,0,0,345000,0,345000,345000
053568,智伸科富邦98購01,0,0,0,0,0,0,0,0,0,345000,0,0,0,345000,0,345000,345000
1701,中化            ,759000,414000,345000,0,0,0,0,0,0,0,0,0,0,0,0,0,345000
059646,聯茂凱基99購06  ,0,0,0,0,0,0,0,0,0,344000,0,0,0,469000,125000,344000,344000
052849,可成統一97購01  ,0,0,0,0,0,0,0,0,0,344000,0,0,0,409000,65000,344000,344000
3056,總太            ,479000,135000,344000,0,0,0,0,0,0,0,0,0,0,0,0,0,344000
2615,萬海            ,503000,160000,343000,0,0,0,0,0,0,0,0,0,0,0,0,0,343000
2402,毅嘉            ,432000,92000,340000,0,0,0,0,0,0,2000,2000,0,2000,0,0,0,342000
1309,台達化          ,445000,103000,342000,0,0,0,0,0,0,0,0,0,0,0,0,0,342000
060249,正文元大9C購01  ,0,0,0,0,0,0,0,0,0,341000,0,0,0,361000,20000,341000,341000
056839,台光電元富98購02,0,0,0,0,0,0,0,0,0,341000,0,0,0,341000,0,341000,341000
061914,台光電中信9B購01,0,0,0,0,0,0,0,0,0,340000,0,0,0,412000,72000,340000,340000
050117,麗豐元大96購02  ,0,0,0,0,0,0,0,0,0,339000,0,0,0,339000,0,339000,339000
059932,世紀鋼富邦9A購02,0,0,0,0,0,0,0,0,0,338000,0,0,0,467000,129000,338000,338000
2351,順德            ,383000,46000,337000,0,0,0,0,0,0,1000,1000,0,1000,0,0,0,338000
059961,T50反1凱基99購09,0,0,0,0,0,0,0,0,0,335000,0,0,0,368000,33000,335000,335000
055703,緯穎富邦98購01  ,0,0,0,0,0,0,0,0,0,333000,0,0,0,529000,196000,333000,333000
051259,鴻海永昌96購03  ,0,0,0,0,0,0,0,0,0,332000,0,0,0,332000,0,332000,332000
049023,玉晶光群益96購04,0,0,0,0,0,0,0,0,0,331000,0,0,0,331000,0,331000,331000
058687,聯茂凱基9A購01  ,0,0,0,0,0,0,0,0,0,330000,0,0,0,385000,55000,330000,330000
9919,康那香          ,220000,0,220000,0,0,0,0,0,0,110000,60000,0,60000,50000,0,50000,330000
058996,台達電元大99購02,0,0,0,0,0,0,0,0,0,329000,0,0,0,334000,5000,329000,329000
2323,中環            ,3109000,3543000,-434000,0,0,0,0,0,0,763000,252000,113000,139000,685000,61000,624000,329000
07633P,台灣50元大9A售18,0,0,0,0,0,0,0,0,0,328000,0,0,0,330000,2000,328000,328000
061604,台光電凱基9B購01,0,0,0,0,0,0,0,0,0,327000,0,0,0,373000,46000,327000,327000
058345,台光電群益99購03,0,0,0,0,0,0,0,0,0,327000,0,0,0,453000,126000,327000,327000
9921,巨大            ,1341000,923581,417419,0,0,0,0,87000,-87000,-5000,2000,0,2000,0,7000,-7000,325419
058327,大毅統一9B購01  ,0,20000,-20000,0,0,0,0,0,0,345000,0,0,0,950000,605000,345000,325000
8110,華東            ,350000,26000,324000,0,0,0,0,0,0,1000,1000,0,1000,0,0,0,325000
05711P,茂林國票97售03  ,0,0,0,0,0,0,0,0,0,324000,0,0,0,324000,0,324000,324000
058207,南茂凱基99購01  ,0,0,0,0,0,0,0,0,0,323000,0,0,0,379000,56000,323000,323000
059239,台積電凱基99購12,0,0,0,0,0,0,0,0,0,321000,0,0,0,322000,1000,321000,321000
060427,聯茂永豐9A購01  ,0,0,0,0,0,0,0,0,0,320000,0,0,0,496000,176000,320000,320000
056916,台達電兆豐98購02,0,0,0,0,0,0,0,0,0,320000,0,0,0,320000,0,320000,320000
059691,大立光永豐99購02,0,0,0,0,0,0,0,0,0,317000,0,0,0,317000,0,317000,317000
4934,太極            ,774000,457383,316617,0,0,0,0,0,0,0,0,0,0,0,0,0,316617
061144,玉晶光中信9B購02,0,0,0,0,0,0,0,0,0,316000,0,0,0,591000,275000,316000,316000
054980,國巨元富97購01  ,0,0,0,0,0,0,0,0,0,315000,0,0,0,315000,0,315000,315000
1522,堤維西          ,371000,56000,315000,0,0,0,0,0,0,0,0,0,0,0,0,0,315000
05692P,聯發科中信9A售02,0,0,0,0,0,0,0,0,0,314000,0,0,0,346000,32000,314000,314000
05731P,創意統一96售03  ,0,0,0,0,0,0,0,0,0,314000,0,0,0,555000,241000,314000,314000
6112,聚碩            ,428000,114000,314000,0,0,0,0,0,0,0,0,0,0,0,0,0,314000
060867,智伸科永豐9A購01,0,0,0,0,0,0,0,0,0,313000,0,0,0,313000,0,313000,313000
2108,南帝            ,946000,630000,316000,0,0,0,0,0,0,-4000,0,4000,-4000,0,0,0,312000
2104,國際中橡        ,935000,620568,314432,0,0,0,0,0,0,-3000,0,0,0,0,3000,-3000,311432
062061,台勝科統一01購01,0,2000,-2000,0,0,0,0,0,0,313000,0,0,0,373000,60000,313000,311000
053257,華通富邦97購01  ,0,0,0,0,0,0,0,0,0,311000,0,0,0,311000,0,311000,311000
053577,上証2X元大96購02,0,0,0,0,0,0,0,0,0,310000,0,0,0,310000,0,310000,310000
055317,金寶國票98購01  ,0,0,0,0,0,0,0,0,0,310000,0,0,0,310000,0,310000,310000
061085,聯茂兆豐9A購01  ,0,0,0,0,0,0,0,0,0,309000,0,0,0,1055000,746000,309000,309000
053436,聯茂日盛96購01  ,0,0,0,0,0,0,0,0,0,308000,0,0,0,505000,197000,308000,308000
060079,台郡台新99購03  ,0,0,0,0,0,0,0,0,0,307000,0,0,0,370000,63000,307000,307000
061193,玉晶光永豐9B購02,0,0,0,0,0,0,0,0,0,305000,0,0,0,319000,14000,305000,305000
062070,金寶元大9B購01  ,0,0,0,0,0,0,0,0,0,305000,0,0,0,328000,23000,305000,305000
061991,牧德元大9C購01  ,0,0,0,0,0,0,0,0,0,304000,0,0,0,535000,231000,304000,304000
057595,健鼎兆豐98購01  ,0,0,0,0,0,0,0,0,0,303000,0,0,0,400000,97000,303000,303000
052611,力成元大96購02  ,0,0,0,0,0,0,0,0,0,302000,0,0,0,303000,1000,302000,302000
1789,神隆            ,865000,562000,303000,0,0,0,0,0,0,-1000,0,0,0,36000,37000,-1000,302000
07071P,立積元富99售01  ,0,0,0,0,0,0,0,0,0,302000,0,0,0,346000,44000,302000,302000
9907,統一實          ,706000,405000,301000,0,0,0,0,0,0,0,0,0,0,0,0,0,301000
060280,元金2X元大9A購01,0,0,0,0,0,0,0,0,0,300000,0,0,0,300000,0,300000,300000
047421,聯茂富邦97購01  ,0,0,0,0,0,0,0,0,0,300000,0,0,0,514000,214000,300000,300000
053872,臻鼎元大96購04  ,0,0,0,0,0,0,0,0,0,300000,0,0,0,300000,0,300000,300000
054701,宏全永豐97購01  ,0,0,0,0,0,0,0,0,0,300000,0,0,0,300000,0,300000,300000
058786,元黃金元大99購01,0,0,0,0,0,0,0,0,0,300000,0,0,0,300000,0,300000,300000
2845,遠東銀          ,828000,528000,300000,0,0,0,0,0,0,0,0,0,0,0,0,0,300000
07290P,台灣50凱基9A售08,0,0,0,0,0,0,0,0,0,300000,0,0,0,300000,0,300000,300000
07361P,聯發科元大99售34,0,0,0,0,0,0,0,0,0,300000,0,0,0,300000,0,300000,300000
055197,致新元富97購02  ,0,0,0,0,0,0,0,0,0,299000,0,0,0,329000,30000,299000,299000
07492P,臺股指國票9A售10,0,0,0,0,0,0,0,0,0,299000,0,0,0,299000,0,299000,299000
1440,南紡            ,367000,68000,299000,0,0,0,0,0,0,0,0,0,0,0,0,0,299000
058318,致茂永豐9A購01  ,0,0,0,0,0,0,0,0,0,298000,0,0,0,310000,12000,298000,298000
1582,信錦            ,331000,108000,223000,0,0,0,0,0,0,75000,51000,1000,50000,25000,0,25000,298000
5269,祥碩            ,349011,306000,43011,0,0,0,178000,0,178000,76000,57000,11000,46000,34000,4000,30000,297011
05624P,同欣電中信98售01,0,0,0,0,0,0,0,0,0,297000,0,0,0,322000,25000,297000,297000
07638P,長榮航國票9A售01,0,0,0,0,0,0,0,0,0,297000,0,0,0,305000,8000,297000,297000
059503,大立光富邦9B購04,0,0,0,0,0,0,0,0,0,295000,0,0,0,381000,86000,295000,295000
058262,大立光富邦9C購02,0,0,0,0,0,0,0,0,0,295000,0,0,0,340000,45000,295000,295000
055257,景碩統一97購01  ,0,0,0,0,0,0,0,0,0,294000,0,0,0,304000,10000,294000,294000
07467P,上銀元大9A售03  ,0,0,0,0,0,0,0,0,0,293000,0,0,0,300000,7000,293000,293000
07257P,臺股指凱基99售37,0,0,0,0,0,0,0,0,0,293000,0,0,0,438000,145000,293000,293000
056094,大立光元富97購03,0,0,0,0,0,0,0,0,0,292000,0,0,0,443000,151000,292000,292000
058839,瑞儀中信99購02  ,0,0,0,0,0,0,0,0,0,292000,0,0,0,369000,77000,292000,292000
057858,T50正2康和98購01,0,0,0,0,0,0,0,0,0,292000,0,0,0,292000,0,292000,292000
1301,台塑            ,1867000,1541000,326000,0,0,0,14000,0,14000,-48000,29000,36000,-7000,2000,43000,-41000,292000
1720,生達            ,663000,416000,247000,0,0,0,0,0,0,45000,45000,0,45000,0,0,0,292000
060561,台積電富邦04購01,0,0,0,0,0,0,0,0,0,290000,0,0,0,359000,69000,290000,290000
058515,健鼎元大99購01  ,0,0,0,0,0,0,0,0,0,290000,0,0,0,357000,67000,290000,290000
055420,欣興永豐98購01  ,0,0,0,0,0,0,0,0,0,290000,0,0,0,496000,206000,290000,290000
051845,世紀鋼富邦96購01,0,0,0,0,0,0,0,0,0,290000,0,0,0,300000,10000,290000,290000
055844,大毅元大98購01  ,0,0,0,0,0,0,0,0,0,290000,0,0,0,300000,10000,290000,290000
07670P,茂林元大9A售02  ,0,0,0,0,0,0,0,0,0,289000,0,0,0,329000,40000,289000,289000
061337,台積電元大9A購27,0,0,0,0,0,0,0,0,0,288000,0,0,0,288000,0,288000,288000
055633,牧德永豐97購02  ,0,0,0,0,0,0,0,0,0,288000,0,0,0,308000,20000,288000,288000
2493,揚博            ,381000,93000,288000,0,0,0,0,0,0,0,0,0,0,0,0,0,288000
056649,智易凱基98購01  ,0,0,0,0,0,0,0,0,0,287000,0,0,0,307000,20000,287000,287000
059295,大立光元富99購05,0,0,0,0,0,0,0,0,0,286000,0,0,0,294000,8000,286000,286000
058440,玉晶光統一99購02,0,0,0,0,0,0,0,0,0,285000,0,0,0,454000,169000,285000,285000
054558,劍麟群益99購01  ,0,0,0,0,0,0,0,0,0,285000,0,0,0,290000,5000,285000,285000
5225,東科-KY         ,319000,34000,285000,0,0,0,0,0,0,0,0,0,0,0,0,0,285000
054376,聯茂中信97購01  ,0,0,0,0,0,0,0,0,0,283000,0,0,0,318000,35000,283000,283000
059155,台表科日盛99購01,0,0,0,0,0,0,0,0,0,282000,0,0,0,500000,218000,282000,282000
058222,玉晶光統一9B購01,0,0,0,0,0,0,0,0,0,282000,0,0,0,364000,82000,282000,282000
8028,昇陽半導體      ,516000,246000,270000,0,0,0,0,0,0,12000,0,0,0,14000,2000,12000,282000
052124,京鼎國票95購01  ,0,0,0,0,0,0,0,0,0,281000,0,0,0,281000,0,281000,281000
062023,寶成永豐9B購01  ,0,0,0,0,0,0,0,0,0,280000,0,0,0,280000,0,280000,280000
042712,元石油國票95購01,0,0,0,0,0,0,0,0,0,280000,0,0,0,280000,0,280000,280000
053611,聯茂麥證96購01  ,0,0,0,280000,0,280000,0,0,0,280000,0,0,0,280000,0,280000,280000
058688,矽創凱基9A購01  ,0,0,0,0,0,0,0,0,0,280000,0,0,0,311000,31000,280000,280000
057289,力成元大98購03  ,0,0,0,0,0,0,0,0,0,280000,0,0,0,401000,121000,280000,280000
1905,華紙            ,390000,111000,279000,0,0,0,0,0,0,0,0,0,0,0,0,0,279000
057105,致茂群益9A購01  ,0,0,0,0,0,0,0,0,0,278000,0,0,0,294000,16000,278000,278000
061986,晶豪科元大9B購01,0,0,0,0,0,0,0,0,0,277000,0,0,0,295000,18000,277000,277000
053095,台光電統一98購01,0,0,0,0,0,0,0,0,0,276000,0,0,0,357000,81000,276000,276000
057956,全新元大99購04  ,0,0,0,0,0,0,0,0,0,276000,0,0,0,394000,118000,276000,276000
060667,力成凱基9A購01  ,0,0,0,0,0,0,0,0,0,275000,0,0,0,409000,134000,275000,275000
055206,台虹中信97購01  ,0,0,0,0,0,0,0,0,0,275000,0,0,0,275000,0,275000,275000
060776,世芯凱基9B購01  ,0,0,0,0,0,0,0,0,0,274000,0,0,0,446000,172000,274000,274000
061288,大立光統一9C購01,0,0,0,0,0,0,0,0,0,274000,0,0,0,296000,22000,274000,274000
057817,景碩元大98購01  ,0,0,0,0,0,0,0,0,0,274000,0,0,0,491000,217000,274000,274000
059480,美律群益9A購01  ,0,0,0,0,0,0,0,0,0,273000,0,0,0,275000,2000,273000,273000
055863,緯穎元大97購05  ,0,0,0,0,0,0,0,0,0,273000,0,0,0,333000,60000,273000,273000
2208,台船            ,514000,241000,273000,0,0,0,0,0,0,0,0,0,0,0,0,0,273000
07791P,奇鋐元大9A售02  ,0,0,0,0,0,0,0,0,0,272000,0,0,0,610000,338000,272000,272000
053063,力山群益98購01  ,0,0,0,0,0,0,0,0,0,270000,0,0,0,479000,209000,270000,270000
056689,玉晶光統一9A購03,0,0,0,0,0,0,0,0,0,270000,0,0,0,301000,31000,270000,270000
059180,祥碩元富9A購01  ,0,0,0,0,0,0,0,0,0,270000,0,0,0,330000,60000,270000,270000
060200,同欣電元富9A購01,0,0,0,0,0,0,0,0,0,269000,0,0,0,323000,54000,269000,269000
058210,臺股指凱基9C購04,0,0,0,0,0,0,0,0,0,269000,0,0,0,269000,0,269000,269000
3062,建漢            ,672000,404000,268000,0,0,0,0,0,0,1000,1000,0,1000,0,0,0,269000
3413,京鼎            ,549000,160000,389000,0,0,0,0,0,0,-121000,1000,44000,-43000,4000,82000,-78000,268000
058468,聯茂中信99購02  ,0,0,0,0,0,0,0,0,0,267000,0,0,0,385000,118000,267000,267000
054077,中石化中信98購01,0,0,0,0,0,0,0,0,0,267000,0,0,0,267000,0,267000,267000
9136,巨騰-DR         ,308000,41000,267000,0,0,0,0,0,0,0,0,0,0,0,0,0,267000
2342,茂矽            ,664000,397000,267000,0,0,0,0,0,0,0,0,0,0,0,0,0,267000
058507,美律元大9A購01  ,0,0,0,0,0,0,0,0,0,266000,0,0,0,279000,13000,266000,266000
048848,滬深2X群益98購02,0,0,0,0,0,0,0,0,0,265000,0,0,0,265000,0,265000,265000
051536,玉晶光國票97購01,0,0,0,0,0,0,0,0,0,265000,0,0,0,321000,56000,265000,265000
07673P,電子類元大9A售01,0,0,0,0,0,0,0,0,0,265000,0,0,0,265000,0,265000,265000
048270,T50反1富邦99購01,0,0,0,0,0,0,0,0,0,263000,0,0,0,300000,37000,263000,263000
053159,同欣電元大96購02,0,0,0,0,0,0,0,0,0,262000,0,0,0,410000,148000,262000,262000
060901,臺股指凱基9A購13,0,0,0,0,0,0,0,0,0,261000,0,0,0,261000,0,261000,261000
054835,致新中信97購01  ,0,0,0,0,0,0,0,0,0,261000,0,0,0,261000,0,261000,261000
056604,鴻海富邦9A購01  ,0,0,0,0,0,0,0,0,0,260000,0,0,0,265000,5000,260000,260000
060208,卜蜂康和9A購01  ,0,0,0,0,0,0,0,0,0,259000,0,0,0,274000,15000,259000,259000
049706,世紀鋼元大95購02,0,0,0,0,0,0,0,0,0,259000,0,0,0,259000,0,259000,259000
056098,矽創元富97購02  ,0,0,0,0,0,0,0,0,0,259000,0,0,0,378000,119000,259000,259000
053377,台積電元大98購01,0,0,0,0,0,0,0,0,0,258000,0,0,0,258000,0,258000,258000
053887,聯茂兆豐97購02  ,0,0,0,0,0,0,0,0,0,257000,0,0,0,277000,20000,257000,257000
8105,凌巨            ,354000,99000,255000,0,0,0,0,0,0,2000,2000,0,2000,0,0,0,257000
061726,台積電麥證9A購05,0,0,0,266000,10000,256000,0,0,0,256000,0,0,0,266000,10000,256000,256000
6416,瑞祺電通        ,304000,59000,245000,0,0,0,0,0,0,11000,30000,12000,18000,6000,13000,-7000,256000
6282,康舒            ,287000,26000,261000,0,0,0,0,0,0,-5000,1000,2000,-1000,0,4000,-4000,256000
2314,台揚            ,392000,136000,256000,0,0,0,0,0,0,0,0,0,0,0,0,0,256000
060051,台積電凱基9B購01,0,0,0,0,0,0,0,0,0,255000,0,0,0,355000,100000,255000,255000
059524,FBVIX凱基9A購02 ,0,0,0,0,0,0,0,0,0,255000,0,0,0,255000,0,255000,255000
060783,亞德客富邦9B購01,0,0,0,0,0,0,0,0,0,255000,0,0,0,255000,0,255000,255000
049926,智易元大95購02  ,0,0,0,0,0,0,0,0,0,255000,0,0,0,255000,0,255000,255000
2393,億光            ,814000,599000,215000,0,0,0,0,0,0,40000,30000,0,30000,34000,24000,10000,255000
061696,南茂群益9A購01  ,0,0,0,0,0,0,0,0,0,254000,0,0,0,277000,23000,254000,254000
056651,聯茂凱基98購04  ,0,0,0,0,0,0,0,0,0,254000,0,0,0,264000,10000,254000,254000
8271,宇瞻            ,605000,351000,254000,0,0,0,0,0,0,0,0,0,0,0,0,0,254000
060421,華擎永豐9A購01  ,0,0,0,0,0,0,0,0,0,253000,0,0,0,402000,149000,253000,253000
07258P,台灣50台新9A售01,0,0,0,0,0,0,0,0,0,253000,0,0,0,338000,85000,253000,253000
061623,祥碩群益9A購01  ,0,0,0,0,0,0,0,0,0,252000,0,0,0,671000,419000,252000,252000
051745,玉晶光國泰97購06,0,0,0,0,0,0,0,0,0,251000,0,0,0,311000,60000,251000,251000
058247,聯茂元大99購04  ,0,0,0,0,0,0,0,0,0,251000,0,0,0,270000,19000,251000,251000
058944,元石油群益9C購02,0,0,0,0,0,0,0,0,0,251000,0,0,0,251000,0,251000,251000
059039,致伸群益99購01  ,0,0,0,0,0,0,0,0,0,251000,0,0,0,251000,0,251000,251000
3041,揚智            ,447000,196000,251000,0,0,0,0,0,0,0,0,0,0,0,0,0,251000
060870,旭富群益9A購01  ,0,0,0,0,0,0,0,0,0,250000,0,0,0,250000,0,250000,250000
051804,新光金日盛95購01,0,0,0,0,0,0,0,0,0,250000,0,0,0,250000,0,250000,250000
045600,道瓊指國票95購01,0,0,0,0,0,0,0,0,0,250000,0,0,0,250000,0,250000,250000
07520P,臺股指元大9B售11,0,0,0,0,0,0,0,0,0,250000,0,0,0,255000,5000,250000,250000
055342,鴻海凱基97購04  ,0,0,0,0,0,0,0,0,0,248000,0,0,0,248000,0,248000,248000
054614,玉晶光永豐97購03,0,0,0,0,0,0,0,0,0,248000,0,0,0,248000,0,248000,248000
053094,聯電統一97購02  ,0,0,0,0,0,0,0,0,0,247000,0,0,0,247000,0,247000,247000
055993,致茂國泰99購01  ,0,0,0,0,0,0,0,0,0,247000,0,0,0,247000,0,247000,247000
07782P,寶成凱基9A售02  ,0,0,0,0,0,0,0,0,0,246000,0,0,0,248000,2000,246000,246000
061824,聯電麥證9B購01  ,0,0,0,345000,100000,245000,0,0,0,245000,0,0,0,345000,100000,245000,245000
059072,元油2X元大9C購13,0,0,0,0,0,0,0,0,0,245000,0,0,0,270000,25000,245000,245000
060748,臻鼎國票9A購01  ,0,0,0,0,0,0,0,0,0,243000,0,0,0,947000,704000,243000,243000
054559,台光電群益99購01,0,0,0,0,0,0,0,0,0,243000,0,0,0,258000,15000,243000,243000
052578,大立光統一97購01,0,0,0,0,0,0,0,0,0,242000,0,0,0,262000,20000,242000,242000
050917,瀚宇博兆豐96購01,0,0,0,0,0,0,0,0,0,240000,0,0,0,240000,0,240000,240000
056235,鴻海群益97購07  ,0,0,0,0,0,0,0,0,0,240000,0,0,0,240000,0,240000,240000
058583,臻鼎群益99購01  ,0,0,0,0,0,0,0,0,0,239000,0,0,0,320000,81000,239000,239000
2405,浩鑫            ,269000,30000,239000,0,0,0,0,0,0,0,0,0,0,0,0,0,239000
057720,日電貿元富98購01,0,0,0,0,0,0,0,0,0,238000,0,0,0,316000,78000,238000,238000
05076P,深中小群益99售02,0,0,0,0,0,0,0,0,0,237000,0,0,0,257000,20000,237000,237000
054632,緯穎凱基9A購01  ,0,0,0,0,0,0,0,0,0,237000,0,0,0,277000,40000,237000,237000
053056,同欣電國票97購01,0,0,0,0,0,0,0,0,0,237000,0,0,0,300000,63000,237000,237000
056380,麗豐元富98購01  ,0,0,0,0,0,0,0,0,0,237000,0,0,0,252000,15000,237000,237000
056187,京鼎統一97購01  ,0,0,0,0,0,0,0,0,0,237000,0,0,0,297000,60000,237000,237000
061680,崇越元大9A購01  ,0,0,0,0,0,0,0,0,0,236000,0,0,0,285000,49000,236000,236000
050765,鴻海元大96購02  ,0,0,0,0,0,0,0,0,0,235000,0,0,0,235000,0,235000,235000
053452,臺股指凱基97購01,0,0,0,0,0,0,0,0,0,234000,0,0,0,234000,0,234000,234000
6669,緯穎            ,712000,597000,115000,0,0,0,61000,15000,46000,73000,22000,22000,0,80000,7000,73000,234000
054709,宏達電統一97購01,0,0,0,0,0,0,0,0,0,233000,0,0,0,233000,0,233000,233000
3033,威健            ,256000,23000,233000,0,0,0,0,0,0,0,1000,1000,0,0,0,0,233000
054882,台光電統一97購02,0,0,0,0,0,0,0,0,0,232000,0,0,0,248000,16000,232000,232000
058751,南茂凱基9A購01  ,0,0,0,0,0,0,0,0,0,232000,0,0,0,242000,10000,232000,232000
07468P,聯電元大9A售02  ,0,0,0,0,0,0,0,0,0,232000,0,0,0,362000,130000,232000,232000
6269,台郡            ,1371000,824000,547000,0,0,0,10000,391000,-381000,65000,69000,3000,66000,27000,28000,-1000,231000
061064,可成凱基9B購02  ,0,0,0,0,0,0,0,0,0,230000,0,0,0,257000,27000,230000,230000
049159,同欣電中信96購01,0,0,0,0,0,0,0,0,0,230000,0,0,0,230000,0,230000,230000
057684,聯茂日盛99購01  ,0,0,0,0,0,0,0,0,0,230000,0,0,0,362000,132000,230000,230000
047690,美律富邦97購01  ,0,0,0,0,0,0,0,0,0,229000,0,0,0,230000,1000,229000,229000
058241,景碩元大99購05  ,0,0,0,0,0,0,0,0,0,227000,0,0,0,467000,240000,227000,227000
3530,晶相光          ,292000,65000,227000,0,0,0,0,0,0,0,0,0,0,1000,1000,0,227000
00646,元大S&P500      ,0,0,0,0,0,0,0,0,0,226000,0,0,0,300000,74000,226000,226000
056724,臻鼎中信9A購01  ,0,0,0,0,0,0,0,0,0,226000,0,0,0,538000,312000,226000,226000
055958,台光電元大97購02,0,0,0,0,0,0,0,0,0,226000,0,0,0,247000,21000,226000,226000
052153,GIS富邦96購02   ,0,0,0,0,0,0,0,0,0,225000,0,0,0,225000,0,225000,225000
054405,樺漢康和96購01  ,0,0,0,0,0,0,0,0,0,225000,0,0,0,280000,55000,225000,225000
055288,日電貿元大97購02,0,0,0,0,0,0,0,0,0,225000,0,0,0,239000,14000,225000,225000
058661,臺股指中信9C購01,0,0,0,0,0,0,0,0,0,225000,0,0,0,225000,0,225000,225000
056813,聯茂統一99購01  ,0,0,0,0,0,0,0,0,0,225000,0,0,0,238000,13000,225000,225000
060666,聯茂凱基9A購02  ,0,0,0,0,0,0,0,0,0,224000,0,0,0,325000,101000,224000,224000
054164,強茂凱基98購01  ,0,0,0,0,0,0,0,0,0,224000,0,0,0,259000,35000,224000,224000
6456,GIS-KY          ,374000,559000,-185000,0,0,0,255000,0,255000,154000,30000,20000,10000,162000,18000,144000,224000
062034,同欣電群益9B購01,0,0,0,0,0,0,0,0,0,222000,0,0,0,365000,143000,222000,222000
058111,健鼎元富98購01  ,0,0,0,0,0,0,0,0,0,222000,0,0,0,282000,60000,222000,222000
3673,TPK-KY          ,427000,215000,212000,0,0,0,0,0,0,10000,17000,12000,5000,13000,8000,5000,222000
054636,華通中信97購01  ,0,0,0,0,0,0,0,0,0,221000,0,0,0,271000,50000,221000,221000
1417,嘉裕            ,276000,55000,221000,0,0,0,0,0,0,0,0,0,0,0,0,0,221000
060047,道瓊反凱基99購01,0,0,0,0,0,0,0,0,0,220000,0,0,0,249000,29000,220000,220000
1536,和大            ,455000,418000,37000,0,0,0,202000,0,202000,-19000,5000,18000,-13000,5000,11000,-6000,220000
1722,台肥            ,779000,1084000,-305000,0,0,0,500000,0,500000,25000,6000,4000,2000,23000,0,23000,220000
06889P,臺股指元大98售13,0,0,0,0,0,0,0,0,0,220000,0,0,0,292000,72000,220000,220000
2501,國建            ,242000,22000,220000,0,0,0,0,0,0,0,0,0,0,0,0,0,220000
059023,可成統一9B購02  ,0,0,0,0,0,0,0,0,0,219000,0,0,0,544000,325000,219000,219000
057539,南茂元大98購02  ,0,0,0,0,0,0,0,0,0,219000,0,0,0,349000,130000,219000,219000
3047,訊舟            ,309000,90000,219000,0,0,0,0,0,0,0,0,0,0,0,0,0,219000
1802,台玻            ,393000,175000,218000,0,0,0,0,0,0,0,0,0,0,0,0,0,218000
059942,全新永豐99購04  ,0,0,0,0,0,0,0,0,0,217000,0,0,0,376000,159000,217000,217000
058142,瑞儀元大99購01  ,0,0,0,0,0,0,0,0,0,217000,0,0,0,261000,44000,217000,217000
054090,瑞昱群益97購01  ,0,0,0,0,0,0,0,0,0,217000,0,0,0,337000,120000,217000,217000
3669,圓展            ,333000,116000,217000,0,0,0,0,0,0,0,0,0,0,0,0,0,217000
059307,T50反1元大99購06,0,0,0,0,0,0,0,0,0,216000,0,0,0,387000,171000,216000,216000
053490,為升兆豐97購01  ,0,0,0,0,0,0,0,0,0,215000,0,0,0,215000,0,215000,215000
056561,台光電群益98購02,0,0,0,0,0,0,0,0,0,214000,0,0,0,226000,12000,214000,214000
055301,台虹元大97購01  ,0,0,0,0,0,0,0,0,0,213000,0,0,0,213000,0,213000,213000
056044,同欣電凱基97購03,0,0,0,0,0,0,0,0,0,213000,0,0,0,293000,80000,213000,213000
2359,所羅門          ,230000,17000,213000,0,0,0,0,0,0,0,0,0,0,0,0,0,213000
059687,卜蜂永豐99購01  ,0,0,0,0,0,0,0,0,0,212000,0,0,0,349000,137000,212000,212000
058182,日電貿國泰9A購01,0,0,0,0,0,0,0,0,0,211000,0,0,0,213000,2000,211000,211000
07863P,華新科凱基9B售07,0,0,0,0,0,0,0,0,0,211000,0,0,0,247000,36000,211000,211000
059861,聯發科群益9A購01,0,0,0,0,0,0,0,0,0,210000,0,0,0,210000,0,210000,210000
060023,T50反1國泰9A購03,0,0,0,0,0,0,0,0,0,210000,0,0,0,210000,0,210000,210000
060656,國巨統一9C購03  ,0,0,0,0,0,0,0,0,0,210000,0,0,0,210000,0,210000,210000
058775,台積電國票9A購02,0,0,0,0,0,0,0,0,0,210000,0,0,0,212000,2000,210000,210000
055908,GIS日盛97購01   ,0,0,0,0,0,0,0,0,0,210000,0,0,0,210000,0,210000,210000
07500P,微星元大9A售01  ,0,0,0,0,0,0,0,0,0,210000,0,0,0,250000,40000,210000,210000
062036,致新群益9B購01  ,0,0,0,0,0,0,0,0,0,209000,0,0,0,259000,50000,209000,209000
057507,貿聯國票98購02  ,0,0,0,0,0,0,0,0,0,209000,0,0,0,217000,8000,209000,209000
060111,臻鼎元大99購04  ,0,0,0,0,0,0,0,0,0,208000,0,0,0,363000,155000,208000,208000
057624,新日興國泰99購01,0,0,0,0,0,0,0,0,0,208000,0,0,0,218000,10000,208000,208000
1902,台紙            ,418000,210000,208000,0,0,0,0,0,0,0,0,0,0,0,0,0,208000
059580,大立光元富99購07,0,0,0,0,0,0,0,0,0,207000,0,0,0,247000,40000,207000,207000
058464,矽創兆豐9A購01  ,0,0,0,0,0,0,0,0,0,206000,0,0,0,226000,20000,206000,206000
050496,鴻海富邦96購01  ,0,0,0,0,0,0,0,0,0,206000,0,0,0,206000,0,206000,206000
056405,聯茂群益98購01  ,0,0,0,0,0,0,0,0,0,206000,0,0,0,206000,0,206000,206000
061034,晶豪科永豐9A購01,0,0,0,0,0,0,0,0,0,205000,0,0,0,276000,71000,205000,205000
07233P,台灣50元大99售04,0,0,0,0,0,0,0,0,0,205000,0,0,0,220000,15000,205000,205000
061367,瑞祺國票9A購01  ,0,0,0,0,0,0,0,0,0,204000,0,0,0,225000,21000,204000,204000
061882,矽創元大9B購01  ,0,0,0,0,0,0,0,0,0,204000,0,0,0,262000,58000,204000,204000
06652P,長榮航元大98售01,0,0,0,0,0,0,0,0,0,204000,0,0,0,204000,0,204000,204000
1717,長興            ,984600,781000,203600,0,0,0,0,0,0,0,0,0,0,0,0,0,203600
060282,聚陽元大9A購01  ,0,0,0,0,0,0,0,0,0,203000,0,0,0,255000,52000,203000,203000
060573,力成永豐9A購01  ,0,0,0,0,0,0,0,0,0,203000,0,0,0,288000,85000,203000,203000
056320,京鼎群益99購01  ,0,0,0,0,0,0,0,0,0,203000,0,0,0,212000,9000,203000,203000
056066,奇鋐元大98購02  ,0,0,0,0,0,0,0,0,0,203000,0,0,0,203000,0,203000,203000
055798,聯茂富邦98購01  ,0,0,0,0,0,0,0,0,0,202000,0,0,0,232000,30000,202000,202000
06933P,禾伸堂元大98售03,0,0,0,0,0,0,0,0,0,202000,0,0,0,261000,59000,202000,202000
060058,牧德凱基9B購01  ,0,0,0,0,0,0,0,0,0,201000,0,0,0,463000,262000,201000,201000
020000,富邦特選蘋果N   ,0,0,0,0,0,0,0,0,0,201000,0,0,0,233000,32000,201000,201000
058428,大立光元富99購02,0,0,0,0,0,0,0,0,0,201000,0,0,0,207000,6000,201000,201000
053303,建準凱基96購03  ,0,0,0,0,0,0,0,0,0,201000,0,0,0,260000,59000,201000,201000
056451,可成凱基99購01  ,0,0,0,0,0,0,0,0,0,201000,0,0,0,201000,0,201000,201000
055940,致新群益98購01  ,0,0,0,0,0,0,0,0,0,201000,0,0,0,281000,80000,201000,201000
056120,聯茂群益97購02  ,0,0,0,0,0,0,0,0,0,201000,0,0,0,264000,63000,201000,201000
058973,麗豐永豐99購01  ,0,0,0,0,0,0,0,0,0,201000,0,0,0,279000,78000,201000,201000
060920,超眾富邦9B購01  ,0,0,0,0,0,0,0,0,0,200000,0,0,0,505000,305000,200000,200000
054185,喬山永豐96購02  ,0,0,0,0,0,0,0,0,0,200000,0,0,0,210000,10000,200000,200000
053517,崇越群益97購01  ,0,0,0,0,0,0,0,0,0,200000,0,0,0,200000,0,200000,200000
054774,同欣電國票98購01,0,0,0,0,0,0,0,0,0,200000,0,0,0,200000,0,200000,200000
048271,可成富邦95購02  ,0,0,0,0,0,0,0,0,0,200000,0,0,0,200000,0,200000,200000
051157,華新科富邦98購01,0,0,0,0,0,0,0,0,0,200000,0,0,0,200000,0,200000,200000
05145P,道瓊反元大98售01,0,0,0,0,0,0,0,0,0,200000,0,0,0,200000,0,200000,200000
058434,旺宏統一9B購01  ,0,0,0,0,0,0,0,0,0,199000,0,0,0,199000,0,199000,199000
1476,儒鴻            ,1011000,726000,285000,0,0,0,0,97000,-97000,11000,4000,4000,0,12000,1000,11000,199000
059914,台積電元大99購47,0,0,0,0,0,0,0,0,0,198000,0,0,0,301000,103000,198000,198000
061639,晶豪科元大9A購02,0,1000,-1000,0,0,0,0,0,0,199000,0,0,0,250000,51000,199000,198000
059410,滬深2X國票9A購04,0,0,0,0,0,0,0,0,0,198000,0,0,0,198000,0,198000,198000
2637,慧洋-KY         ,299000,101000,198000,0,0,0,0,0,0,0,0,0,0,0,0,0,198000
060386,台勝科凱基9B購01,0,0,0,0,0,0,0,0,0,197000,0,0,0,202000,5000,197000,197000
055178,晶豪科統一97購01,0,0,0,0,0,0,0,0,0,197000,0,0,0,197000,0,197000,197000
054082,楠梓電元富96購01,0,0,0,0,0,0,0,0,0,197000,0,0,0,197000,0,197000,197000
3605,宏致            ,336000,140000,196000,0,0,0,0,0,0,1000,1000,0,1000,0,0,0,197000
07889P,旭富國票9B售01  ,0,0,0,0,0,0,0,0,0,196000,0,0,0,390000,194000,196000,196000
061427,旭富元大9A購02  ,0,0,0,0,0,0,0,0,0,195000,0,0,0,249000,54000,195000,195000
061346,玉晶光元大9B購03,0,0,0,0,0,0,0,0,0,194000,0,0,0,214000,20000,194000,194000
061965,台積電統一02購02,0,0,0,0,0,0,0,0,0,194000,0,0,0,200000,6000,194000,194000
053077,同欣電永豐96購01,0,0,0,0,0,0,0,0,0,194000,0,0,0,194000,0,194000,194000
05851P,力山群益97售01  ,0,0,0,0,0,0,0,0,0,194000,0,0,0,328000,134000,194000,194000
056448,全新凱基99購01  ,0,0,0,0,0,0,0,0,0,194000,0,0,0,194000,0,194000,194000
3557,嘉威            ,627000,433000,194000,0,0,0,0,0,0,0,0,0,0,0,0,0,194000
054749,聯茂凱基98購01  ,0,0,0,0,0,0,0,0,0,193000,0,0,0,195000,2000,193000,193000
056942,昇陽半元富98購01,0,0,0,0,0,0,0,0,0,193000,0,0,0,193000,0,193000,193000
056851,瑞儀元富98購01  ,0,0,0,0,0,0,0,0,0,193000,0,0,0,321000,128000,193000,193000
057404,貿聯群益99購01  ,0,0,0,0,0,0,0,0,0,193000,0,0,0,203000,10000,193000,193000
061303,玉晶光永豐9B購03,0,0,0,0,0,0,0,0,0,192000,0,0,0,353000,161000,192000,192000
059878,聯茂凱基99購07  ,0,0,0,0,0,0,0,0,0,192000,0,0,0,272000,80000,192000,192000
058405,訊連元大99購02  ,0,0,0,0,0,0,0,0,0,192000,0,0,0,197000,5000,192000,192000
05546P,全新元大97售01  ,0,0,0,0,0,0,0,0,0,192000,0,0,0,228000,36000,192000,192000
058568,宏達電凱基9A購02,0,0,0,0,0,0,0,0,0,192000,0,0,0,293000,101000,192000,192000
4725,信昌化          ,222000,30000,192000,0,0,0,0,0,0,0,0,0,0,0,0,0,192000
056228,可成凱基97購03  ,0,0,0,0,0,0,0,0,0,191000,0,0,0,199000,8000,191000,191000
051462,世芯國泰97購01  ,0,0,0,0,0,0,0,0,0,190000,0,0,0,190000,0,190000,190000
054745,智易凱基97購01  ,0,0,0,0,0,0,0,0,0,190000,0,0,0,210000,20000,190000,190000
055112,晶豪科凱基98購01,0,0,0,0,0,0,0,0,0,190000,0,0,0,250000,60000,190000,190000
053492,華邦電兆豐97購01,0,0,0,0,0,0,0,0,0,190000,0,0,0,334000,144000,190000,190000
061708,同欣電國票9A購02,0,0,0,0,0,0,0,0,0,189000,0,0,0,342000,153000,189000,189000
055450,台積電元富97購01,0,0,0,0,0,0,0,0,0,189000,0,0,0,190000,1000,189000,189000
00640L,富邦日本正2     ,121000,39000,82000,0,0,0,0,0,0,107000,0,0,0,1075000,968000,107000,189000
07039P,南電台新99售01  ,0,0,0,0,0,0,0,0,0,189000,0,0,0,209000,20000,189000,189000
06656P,GIS元大98售02   ,0,0,0,0,0,0,0,0,0,189000,0,0,0,344000,155000,189000,189000
054316,矽創凱基97購01  ,0,0,0,0,0,0,0,0,0,188000,0,0,0,210000,22000,188000,188000
056801,國巨台新98購01  ,0,0,0,0,0,0,0,0,0,188000,0,0,0,200000,12000,188000,188000
6166,凌華            ,224000,35000,189000,0,0,0,0,0,0,-1000,0,1000,-1000,0,0,0,188000
061656,華新科國票9A購08,0,0,0,0,0,0,0,0,0,187000,0,0,0,192000,5000,187000,187000
061076,台達電兆豐9A購01,0,0,0,0,0,0,0,0,0,187000,0,0,0,227000,40000,187000,187000
00753L,中信中國50正2   ,216000,67000,149000,0,0,0,0,0,0,38000,0,0,0,337000,299000,38000,187000
059297,大立光元富9C購01,0,0,0,0,0,0,0,0,0,186000,0,0,0,345000,159000,186000,186000
07836P,大成鋼元大9A售01,0,0,0,0,0,0,0,0,0,186000,0,0,0,236000,50000,186000,186000
060493,美律元富01購01  ,0,0,0,0,0,0,0,0,0,185000,0,0,0,187000,2000,185000,185000
059259,FBVIX中信03購06 ,0,0,0,0,0,0,0,0,0,185000,0,0,0,232000,47000,185000,185000
059249,大立光凱基99購05,0,0,0,0,0,0,0,0,0,185000,0,0,0,188000,3000,185000,185000
1590,亞德客-KY       ,359000,169000,190000,0,0,0,0,3000,-3000,-2000,7000,15000,-8000,10000,4000,6000,185000
8112,至上            ,1519100,1353000,166100,0,0,0,0,0,0,18000,1000,3000,-2000,20000,0,20000,184100
061788,信邦群益9B購01  ,0,0,0,0,0,0,0,0,0,184000,0,0,0,299000,115000,184000,184000
049775,旺宏統一95購02  ,0,0,0,0,0,0,0,0,0,184000,0,0,0,184000,0,184000,184000
057063,立積國泰9A購01  ,0,0,0,0,0,0,0,0,0,184000,0,0,0,250000,66000,184000,184000
055583,國巨元大97購10  ,0,0,0,0,0,0,0,0,0,184000,0,0,0,252000,68000,184000,184000
059107,南茂國泰9A購01  ,0,0,0,0,0,0,0,0,0,183000,0,0,0,183000,0,183000,183000
8213,志超            ,514000,483000,31000,0,0,0,0,0,0,152000,1000,0,1000,151000,0,151000,183000
4961,天鈺            ,191000,8000,183000,0,0,0,0,0,0,0,0,0,0,0,0,0,183000
061036,晶技永豐9A購03  ,0,0,0,0,0,0,0,0,0,182000,0,0,0,197000,15000,182000,182000
051722,玉晶光永豐97購01,0,0,0,0,0,0,0,0,0,182000,0,0,0,277000,95000,182000,182000
057295,可成永豐98購02  ,0,0,0,0,0,0,0,0,0,182000,0,0,0,209000,27000,182000,182000
057909,台光電兆豐98購01,0,0,0,0,0,0,0,0,0,181000,0,0,0,318000,137000,181000,181000
055909,大成鋼凱基98購02,0,0,0,0,0,0,0,0,0,181000,0,0,0,226000,45000,181000,181000
061293,聯茂統一9A購01  ,0,0,0,0,0,0,0,0,0,180000,0,0,0,366000,186000,180000,180000
054699,復盛永豐97購01  ,0,0,0,0,0,0,0,0,0,180000,0,0,0,180000,0,180000,180000
058616,台虹元大9A購01  ,0,0,0,0,0,0,0,0,0,180000,0,0,0,239000,59000,180000,180000
056297,台光電元大97購04,0,0,0,0,0,0,0,0,0,180000,0,0,0,270000,90000,180000,180000
07591P,台灣50元大9A售16,0,0,0,0,0,0,0,0,0,180000,0,0,0,180000,0,180000,180000
06246P,茂林元富97售03  ,0,0,0,0,0,0,0,0,0,179000,0,0,0,280000,101000,179000,179000
052561,矽創國票97購01  ,0,0,0,0,0,0,0,0,0,179000,0,0,0,273000,94000,179000,179000
07894P,燿華元大9B售01  ,0,0,0,0,0,0,0,0,0,179000,0,0,0,179000,0,179000,179000
2023,燁輝            ,258000,79000,179000,0,0,0,0,0,0,0,0,0,0,0,0,0,179000
2472,立隆電          ,230000,46000,184000,0,0,0,0,0,0,-5000,0,5000,-5000,0,0,0,179000
053444,奇力新凱基96購03,0,0,0,0,0,0,0,0,0,178000,0,0,0,178000,0,178000,178000
053040,全新凱基98購01  ,0,0,0,0,0,0,0,0,0,178000,0,0,0,270000,92000,178000,178000
055902,同欣電中信99購01,0,0,0,0,0,0,0,0,0,178000,0,0,0,486000,308000,178000,178000
059274,國巨元大99購22  ,0,0,0,0,0,0,0,0,0,178000,0,0,0,203000,25000,178000,178000
4536,拓凱            ,132000,181100,-49100,0,0,0,98000,0,98000,129000,140000,18000,122000,22000,15000,7000,177900
062089,矽創元大9B購02  ,0,0,0,0,0,0,0,0,0,177000,0,0,0,255000,78000,177000,177000
061247,玉晶光群益9A購09,0,0,0,0,0,0,0,0,0,177000,0,0,0,284000,107000,177000,177000
060043,全新群益9B購02  ,0,0,0,0,0,0,0,0,0,177000,0,0,0,222000,45000,177000,177000
060401,世紀鋼國票9B購01,0,0,0,0,0,0,0,0,0,176000,0,0,0,180000,4000,176000,176000
058153,景碩統一9B購01  ,0,0,0,0,0,0,0,0,0,176000,0,0,0,317000,141000,176000,176000
057450,國泰金元富98購01,0,0,0,0,0,0,0,0,0,176000,0,0,0,457000,281000,176000,176000
057938,台表科群益98購02,0,0,0,0,0,0,0,0,0,176000,0,0,0,230000,54000,176000,176000
060721,瑞儀永豐9A購01  ,0,0,0,0,0,0,0,0,0,175000,0,0,0,246000,71000,175000,175000
050829,臻鼎凱基96購01  ,0,0,0,0,0,0,0,0,0,175000,0,0,0,178000,3000,175000,175000
3038,全台            ,707000,532000,175000,0,0,0,0,0,0,0,0,0,0,0,0,0,175000
06491P,台積電富邦99售02,0,0,0,0,0,0,0,0,0,175000,0,0,0,207000,32000,175000,175000
2395,研華            ,728019,555542,172477,0,0,0,1000,0,1000,1000,1000,0,1000,0,0,0,174477
057612,瑞昱元富02購01  ,0,0,0,0,0,0,0,0,0,174000,0,0,0,332000,158000,174000,174000
2442,新美齊          ,218000,45000,173000,0,0,0,0,0,0,1000,1000,0,1000,0,0,0,174000
2498,宏達電          ,556000,592000,-36000,0,0,0,0,0,0,210000,130000,4000,126000,105000,21000,84000,174000
061662,瑞儀永豐9A購02  ,0,0,0,0,0,0,0,0,0,173000,0,0,0,232000,59000,173000,173000
006207,FH滬深          ,4000,254000,-250000,0,0,0,0,0,0,423000,0,0,0,485000,62000,423000,173000
061706,旭富國票9A購02  ,0,0,0,0,0,0,0,0,0,172000,0,0,0,192000,20000,172000,172000
061095,台積電台新9B購03,0,0,0,0,0,0,0,0,0,172000,0,0,0,275000,103000,172000,172000
057549,台光電凱基98購05,0,0,0,0,0,0,0,0,0,172000,0,0,0,172000,0,172000,172000
059153,臺股指國票99購16,0,0,0,0,0,0,0,0,0,172000,0,0,0,265000,93000,172000,172000
056256,聯茂元富97購03  ,0,0,0,0,0,0,0,0,0,171000,0,0,0,190000,19000,171000,171000
07751P,世紀鋼凱基9A售02,0,0,0,0,0,0,0,0,0,171000,0,0,0,185000,14000,171000,171000
060737,瑞儀統一9C購01  ,0,0,0,0,0,0,0,0,0,170000,0,0,0,329000,159000,170000,170000
053357,可成統一96購02  ,0,0,0,0,0,0,0,0,0,170000,0,0,0,170000,0,170000,170000
07457P,宏達電元大9A售01,0,0,0,0,0,0,0,0,0,170000,0,0,0,183000,13000,170000,170000
2855,統一證          ,339000,169000,170000,0,0,0,0,0,0,0,0,0,0,0,0,0,170000
060199,台郡元富9A購01  ,0,0,0,0,0,0,0,0,0,169000,0,0,0,285000,116000,169000,169000
053422,可成永豐96購01  ,0,0,0,0,0,0,0,0,0,169000,0,0,0,209000,40000,169000,169000
054776,矽創國票98購01  ,0,0,0,0,0,0,0,0,0,169000,0,0,0,169000,0,169000,169000
058250,台虹元大99購01  ,0,0,0,0,0,0,0,0,0,169000,0,0,0,251000,82000,169000,169000
056422,全新統一98購02  ,0,0,0,0,0,0,0,0,0,169000,0,0,0,648000,479000,169000,169000
07208P,台積電凱基99售14,0,0,0,0,0,0,0,0,0,169000,0,0,0,176000,7000,169000,169000
06465P,國巨統一98售04  ,0,0,0,0,0,0,0,0,0,168000,0,0,0,174000,6000,168000,168000
2897,王道銀行        ,180000,13000,167000,0,0,0,0,0,0,0,0,0,0,0,0,0,167000
060986,聯發科元大9A購07,0,0,0,0,0,0,0,0,0,166000,0,0,0,206000,40000,166000,166000
061154,可成群益9B購04  ,0,0,0,0,0,0,0,0,0,166000,0,0,0,179000,13000,166000,166000
061624,中租群益9A購01  ,0,0,0,0,0,0,0,0,0,166000,0,0,0,196000,30000,166000,166000
051791,智伸科國票96購01,0,0,0,0,0,0,0,0,0,166000,0,0,0,166000,0,166000,166000
4426,利勤            ,206000,40000,166000,0,0,0,0,0,0,0,0,0,0,0,0,0,166000
07482P,南亞科元富9A售04,0,0,0,0,0,0,0,0,0,166000,0,0,0,166000,0,166000,166000
044643,滬深2X群益96購01,0,0,0,0,0,0,0,0,0,165000,0,0,0,165000,0,165000,165000
057847,聯茂永豐98購01  ,0,0,0,0,0,0,0,0,0,165000,0,0,0,223000,58000,165000,165000
9941,裕融            ,179000,14700,164300,0,0,0,0,0,0,0,0,0,0,0,0,0,164300
07006P,旺宏統一9B售03  ,0,0,0,0,0,0,0,0,0,164000,0,0,0,174000,10000,164000,164000
061372,世紀鋼國泰9C購01,0,0,0,0,0,0,0,0,0,163000,0,0,0,387000,224000,163000,163000
055287,日電貿元大97購01,0,0,0,0,0,0,0,0,0,163000,0,0,0,163000,0,163000,163000
058325,昇陽半永豐99購01,0,0,0,0,0,0,0,0,0,163000,0,0,0,163000,0,163000,163000
07172P,臺股指國票99售09,0,0,0,0,0,0,0,0,0,163000,0,0,0,360000,197000,163000,163000
059939,技嘉永豐99購01  ,0,0,0,0,0,0,0,0,0,162000,0,0,0,230000,68000,162000,162000
056077,矽力元大97購07  ,1000,0,1000,0,0,0,0,0,0,161000,0,0,0,204000,43000,161000,162000
060915,旭富元大9A購01  ,0,0,0,0,0,0,0,0,0,161000,0,0,0,190000,29000,161000,161000
055000,玉晶光元富97購04,0,0,0,0,0,0,0,0,0,161000,0,0,0,161000,0,161000,161000
2428,興勤            ,163000,38000,125000,0,0,0,0,0,0,36000,1000,1000,0,36000,0,36000,161000
061633,統一元大9A購01  ,0,0,0,0,0,0,0,0,0,160000,0,0,0,231000,71000,160000,160000
055402,正文元富97購02  ,0,0,0,0,0,0,0,0,0,160000,0,0,0,190000,30000,160000,160000
2020,美亞            ,202000,42000,160000,0,0,0,0,0,0,0,0,0,0,0,0,0,160000
060539,道瓊反凱基9A購01,0,0,0,0,0,0,0,0,0,159000,0,0,0,161000,2000,159000,159000
060874,中鋼中信02購01  ,0,0,0,0,0,0,0,0,0,158000,0,0,0,230000,72000,158000,158000
060281,卜蜂元大9C購01  ,0,0,0,0,0,0,0,0,0,158000,0,0,0,226000,68000,158000,158000
061177,大立光凱基9A購10,0,0,0,0,0,0,0,0,0,158000,0,0,0,158000,0,158000,158000
061243,麗豐兆豐9A購01  ,0,0,0,0,0,0,0,0,0,158000,0,0,0,158000,0,158000,158000
058676,聯茂群益99購01  ,0,0,0,0,0,0,0,0,0,158000,0,0,0,158000,0,158000,158000
057849,南茂永豐98購02  ,0,0,0,0,0,0,0,0,0,158000,0,0,0,162000,4000,158000,158000
3004,豐達科          ,179000,21000,158000,0,0,0,0,0,0,0,0,0,0,0,0,0,158000
060857,旭富富邦9B購01  ,0,0,0,0,0,0,0,0,0,156000,0,0,0,266000,110000,156000,156000
053672,嘉澤元富96購02  ,0,0,0,0,0,0,0,0,0,156000,0,0,0,156000,0,156000,156000
052901,台達電國票97購01,0,0,0,0,0,0,0,0,0,156000,0,0,0,156000,0,156000,156000
055861,矽力元大97購03  ,0,0,0,0,0,0,0,0,0,156000,0,0,0,172000,16000,156000,156000
057919,技嘉凱基98購03  ,0,0,0,0,0,0,0,0,0,156000,0,0,0,297000,141000,156000,156000
058650,台虹永豐9A購01  ,0,0,0,0,0,0,0,0,0,156000,0,0,0,156000,0,156000,156000
00655L,國泰中國A50正2  ,23000,38000,-15000,0,0,0,0,0,0,170900,0,0,0,2399000,2228100,170900,155900
060428,瑞祺永豐9A購01  ,0,0,0,0,0,0,0,0,0,155000,0,0,0,198000,43000,155000,155000
00675L,富邦臺灣加權正2 ,259000,110000,149000,0,0,0,0,0,0,6000,0,0,0,11000,5000,6000,155000
057704,台虹群益98購03  ,0,0,0,0,0,0,0,0,0,155000,0,0,0,574000,419000,155000,155000
2816,旺旺保          ,155000,0,155000,0,0,0,0,0,0,0,0,0,0,0,0,0,155000
059760,楠梓電永豐99購01,0,0,0,0,0,0,0,0,0,154000,0,0,0,154000,0,154000,154000
061645,超眾元大9A購06  ,0,0,0,0,0,0,0,0,0,154000,0,0,0,186000,32000,154000,154000
057774,台光電群益99購02,0,0,0,0,0,0,0,0,0,154000,0,0,0,268000,114000,154000,154000
07760P,力山永豐9A售03  ,0,0,0,0,0,0,0,0,0,154000,0,0,0,156000,2000,154000,154000
07466P,亞德客元大9A售02,0,0,0,0,0,0,0,0,0,154000,0,0,0,164000,10000,154000,154000
07513P,台積電元大9A售13,0,0,0,0,0,0,0,0,0,154000,0,0,0,154000,0,154000,154000
057556,智易凱基99購01  ,0,0,0,0,0,0,0,0,0,153000,0,0,0,251000,98000,153000,153000
056160,智易凱基97購03  ,0,0,0,0,0,0,0,0,0,153000,0,0,0,153000,0,153000,153000
5607,遠雄港          ,232000,79000,153000,0,0,0,0,0,0,0,0,0,0,0,0,0,153000
2480,敦陽科          ,178000,25800,152200,0,0,0,0,0,0,0,0,0,0,0,0,0,152200
061879,超眾元大9C購01  ,0,0,0,0,0,0,0,0,0,152000,0,0,0,317000,165000,152000,152000
060158,廣達永豐9A購01  ,0,0,0,0,0,0,0,0,0,152000,0,0,0,264000,112000,152000,152000
058231,技嘉元大99購02  ,0,0,0,0,0,0,0,0,0,152000,0,0,0,222000,70000,152000,152000
07400P,國巨凱基99售20  ,0,0,0,0,0,0,0,0,0,152000,0,0,0,153000,1000,152000,152000
058379,臺股指凱基99購14,0,0,0,0,0,0,0,0,0,151000,0,0,0,151000,0,151000,151000
057977,台光電永豐98購02,0,0,0,0,0,0,0,0,0,151000,0,0,0,202000,51000,151000,151000
060072,國巨元富99購04  ,0,0,0,0,0,0,0,0,0,150000,0,0,0,285000,135000,150000,150000
060117,國巨國泰9B購04  ,0,0,0,0,0,0,0,0,0,150000,0,0,0,150000,0,150000,150000
059607,台積電富邦9C購04,0,0,0,0,0,0,0,0,0,150000,0,0,0,160000,10000,150000,150000
06050P,玉晶光國票98售01,0,0,0,0,0,0,0,0,0,150000,0,0,0,150000,0,150000,150000
060590,台積電台新9C購02,0,0,0,0,0,0,0,0,0,150000,0,0,0,200000,50000,150000,150000
054383,傳奇群益97購01  ,0,0,0,0,0,0,0,0,0,150000,0,0,0,180000,30000,150000,150000
055093,京鼎群益98購01  ,0,0,0,0,0,0,0,0,0,150000,0,0,0,156000,6000,150000,150000
051634,大立光國票96購03,0,0,0,0,0,0,0,0,0,150000,0,0,0,150000,0,150000,150000
053893,京鼎群益97購02  ,0,0,0,0,0,0,0,0,0,150000,0,0,0,150000,0,150000,150000
056823,智伸科永豐98購01,0,0,0,0,0,0,0,0,0,150000,0,0,0,150000,0,150000,150000
057660,訊芯兆豐98購02  ,0,0,0,0,0,0,0,0,0,150000,0,0,0,250000,100000,150000,150000
057583,啟碁中信9A購01  ,0,0,0,0,0,0,0,0,0,150000,0,0,0,434000,284000,150000,150000
058012,鈺齊國票99購01  ,0,0,0,0,0,0,0,0,0,150000,0,0,0,150000,0,150000,150000
057017,和大凱基98購01  ,0,0,0,0,0,0,0,0,0,150000,0,0,0,160000,10000,150000,150000
06725P,聯電元富98售01  ,0,0,0,0,0,0,0,0,0,150000,0,0,0,258000,108000,150000,150000
2534,宏盛            ,225000,75080,149920,0,0,0,0,0,0,0,0,0,0,0,0,0,149920
06081P,深中小元大97售02,0,0,0,0,0,0,0,0,0,148000,0,0,0,148000,0,148000,148000
055256,日電貿統一99購01,0,0,0,0,0,0,0,0,0,148000,0,0,0,148000,0,148000,148000
058931,玉晶光統一9C購01,0,0,0,0,0,0,0,0,0,148000,0,0,0,370000,222000,148000,148000
056480,京鼎元大98購02  ,0,0,0,0,0,0,0,0,0,148000,0,0,0,148000,0,148000,148000
6592,和潤企業        ,197000,92000,105000,0,0,0,0,0,0,43000,0,0,0,45000,2000,43000,148000
1339,昭輝            ,156000,8000,148000,0,0,0,0,0,0,0,0,0,0,0,0,0,148000
06042P,華新科永豐96售04,0,0,0,0,0,0,0,0,0,147000,0,0,0,197000,50000,147000,147000
058456,京鼎永豐99購01  ,0,0,0,0,0,0,0,0,0,147000,0,0,0,153000,6000,147000,147000
058788,喬山元大99購01  ,0,0,0,0,0,0,0,0,0,147000,0,0,0,275000,128000,147000,147000
1449,佳和            ,187000,40000,147000,0,0,0,0,0,0,0,0,0,0,0,0,0,147000
061798,晶豪科永豐9B購01,0,0,0,0,0,0,0,0,0,146000,0,0,0,146000,0,146000,146000
059264,台光電中信99購02,0,0,0,0,0,0,0,0,0,146000,0,0,0,183000,37000,146000,146000
061906,統一中信9B購01  ,0,0,0,0,0,0,0,0,0,145000,0,0,0,312000,167000,145000,145000
061592,義隆永豐9A購03  ,0,0,0,0,0,0,0,0,0,145000,0,0,0,145000,0,145000,145000
06052P,台郡國票97售06  ,0,0,0,0,0,0,0,0,0,145000,0,0,0,165000,20000,145000,145000
060966,台表科凱基9B購01,0,0,0,0,0,0,0,0,0,145000,0,0,0,298000,153000,145000,145000
053551,可成凱基96購05  ,0,0,0,0,0,0,0,0,0,145000,0,0,0,155000,10000,145000,145000
054210,台光電國票97購03,0,0,0,0,0,0,0,0,0,145000,0,0,0,197000,52000,145000,145000
057171,台光電元大9B購01,0,0,0,0,0,0,0,0,0,145000,0,0,0,213000,68000,145000,145000
05600P,玉晶光台新96售04,0,0,0,0,0,0,0,0,0,145000,0,0,0,445000,300000,145000,145000
07505P,台勝科元大9A售01,0,0,0,0,0,0,0,0,0,145000,0,0,0,255000,110000,145000,145000
060601,技嘉凱基9A購02  ,0,0,0,0,0,0,0,0,0,144000,0,0,0,237000,93000,144000,144000
053003,國巨永豐96購02  ,0,0,0,0,0,0,0,0,0,144000,0,0,0,330000,186000,144000,144000
058516,健鼎元大99購02  ,0,0,0,0,0,0,0,0,0,144000,0,0,0,302000,158000,144000,144000
056314,力成元大97購01  ,0,0,0,0,0,0,0,0,0,144000,0,0,0,145000,1000,144000,144000
059087,台積電元大99購26,0,0,0,0,0,0,0,0,0,143000,0,0,0,143000,0,143000,143000
2201,裕隆            ,1550392,1488000,62392,0,0,0,0,0,0,80000,0,0,0,80000,0,80000,142392
055136,聯發科富邦99購06,0,0,0,0,0,0,0,0,0,142000,0,0,0,152000,10000,142000,142000
2809,京城銀          ,768000,643000,125000,0,0,0,0,0,0,17000,17000,0,17000,0,0,0,142000
06017P,亞光凱基96售04  ,0,0,0,0,0,0,0,0,0,141000,0,0,0,181000,40000,141000,141000
059056,技嘉凱基99購02  ,0,0,0,0,0,0,0,0,0,141000,0,0,0,153000,12000,141000,141000
057106,美律群益98購03  ,0,0,0,0,0,0,0,0,0,141000,0,0,0,141000,0,141000,141000
059739,華通元富99購04  ,0,0,0,0,0,0,0,0,0,140000,0,0,0,140000,0,140000,140000
05979P,華新科中信96售02,0,0,0,0,0,0,0,0,0,140000,0,0,0,140000,0,140000,140000
050884,聯茂國泰96購01  ,0,0,0,0,0,0,0,0,0,140000,0,0,0,155000,15000,140000,140000
056288,健鼎永豐97購01  ,0,0,0,0,0,0,0,0,0,140000,0,0,0,140000,0,140000,140000
4190,佐登-KY         ,103000,124000,-21000,0,0,0,158000,0,158000,3000,26000,26000,0,3000,0,3000,140000
06802P,緯穎群益98售03  ,0,0,0,0,0,0,0,0,0,140000,0,0,0,140000,0,140000,140000
060100,新光金元大9C購01,0,0,0,0,0,0,0,0,0,139000,0,0,0,166000,27000,139000,139000
061478,奇鋐元大9A購01  ,0,0,0,0,0,0,0,0,0,139000,0,0,0,314000,175000,139000,139000
054750,聯茂凱基98購02  ,0,0,0,0,0,0,0,0,0,139000,0,0,0,156000,17000,139000,139000
054579,聯茂元大97購01  ,0,0,0,0,0,0,0,0,0,139000,0,0,0,140000,1000,139000,139000
5285,界霖            ,160000,21000,139000,0,0,0,0,0,0,0,0,0,0,0,0,0,139000
052536,聯茂國泰97購01  ,0,0,0,0,0,0,0,0,0,138000,0,0,0,138000,0,138000,138000
058240,景碩元大99購04  ,0,0,0,0,0,0,0,0,0,138000,0,0,0,223000,85000,138000,138000
056141,聯茂元大97購05  ,0,0,0,0,0,0,0,0,0,138000,0,0,0,195000,57000,138000,138000
06243P,亞光元富97售01  ,0,0,0,0,0,0,0,0,0,137000,0,0,0,137000,0,137000,137000
057214,瑞昱群益98購01  ,0,0,0,0,0,0,0,0,0,137000,0,0,0,147000,10000,137000,137000
07106P,國巨統一9B售05  ,0,0,0,0,0,0,0,0,0,137000,0,0,0,142000,5000,137000,137000
061970,大立光統一9C購03,0,0,0,0,0,0,0,0,0,136000,0,0,0,147000,11000,136000,136000
061509,SP黃豆富邦9C購01,0,0,0,0,0,0,0,0,0,136000,0,0,0,160000,24000,136000,136000
061505,力成國票9A購03  ,0,0,0,0,0,0,0,0,0,136000,0,0,0,161000,25000,136000,136000
060008,華邦電群益9A購01,0,0,0,0,0,0,0,0,0,136000,0,0,0,385000,249000,136000,136000
058093,神達元大9A購01  ,0,0,0,0,0,0,0,0,0,136000,0,0,0,250000,114000,136000,136000
059836,大立光國泰9B購02,0,0,0,0,0,0,0,0,0,135000,0,0,0,169000,34000,135000,135000
061994,瑞儀元大9B購01  ,0,0,0,0,0,0,0,0,0,135000,0,0,0,135000,0,135000,135000
055254,聯詠統一97購03  ,0,0,0,0,0,0,0,0,0,135000,0,0,0,135000,0,135000,135000
056402,智易群益98購02  ,0,0,0,0,0,0,0,0,0,135000,0,0,0,275000,140000,135000,135000
07300P,臺股指元大9A售33,0,0,0,0,0,0,0,0,0,135000,0,0,0,179000,44000,135000,135000
07683P,宏達電凱基9A售03,0,0,0,0,0,0,0,0,0,135000,0,0,0,185000,50000,135000,135000
056010,力成中信97購01  ,0,0,0,0,0,0,0,0,0,134000,0,0,0,184000,50000,134000,134000
058952,南茂群益99購01  ,0,0,0,0,0,0,0,0,0,134000,0,0,0,257000,123000,134000,134000
059181,世紀鋼元富9C購01,0,0,0,0,0,0,0,0,0,134000,0,0,0,270000,136000,134000,134000
3048,益登            ,206000,74000,132000,0,0,0,0,0,0,2000,2000,0,2000,0,0,0,134000
061646,力成元大9A購02  ,0,0,0,0,0,0,0,0,0,133000,0,0,0,626000,493000,133000,133000
054166,日電貿凱基98購01,0,0,0,0,0,0,0,0,0,133000,0,0,0,133000,0,133000,133000
02001L,富邦蘋果正二N   ,0,0,0,0,0,0,0,0,0,133000,0,0,0,138000,5000,133000,133000
058054,台積電統一9C購01,0,0,0,0,0,0,0,0,0,133000,0,0,0,218000,85000,133000,133000
056352,鴻海元大99購01  ,0,0,0,0,0,0,0,0,0,133000,0,0,0,260000,127000,133000,133000
061536,華擎統一9C購02  ,0,0,0,0,0,0,0,0,0,132000,0,0,0,453000,321000,132000,132000
061225,台積電中信9A購04,0,0,0,0,0,0,0,0,0,132000,0,0,0,133000,1000,132000,132000
00678,群益NBI生技     ,58000,4000,54000,0,0,0,0,0,0,78000,0,0,0,378000,300000,78000,132000
07885P,長榮航凱基9B售01,0,0,0,0,0,0,0,0,0,132000,0,0,0,132000,0,132000,132000
2031,新光鋼          ,205000,69000,136000,0,0,0,0,0,0,-4000,0,4000,-4000,0,0,0,132000
00665L,富邦恒生國企正2 ,36000,0,36000,0,0,0,0,0,0,95000,0,0,0,132000,37000,95000,131000
054919,興富發凱基97購01,0,0,0,0,0,0,0,0,0,131000,0,0,0,212000,81000,131000,131000
056463,台虹凱基98購02  ,0,0,0,0,0,0,0,0,0,131000,0,0,0,194000,63000,131000,131000
4976,佳凌            ,152000,21000,131000,0,0,0,0,0,0,0,0,0,0,0,0,0,131000
06346P,聯鈞元富97售02  ,0,0,0,0,0,0,0,0,0,130000,0,0,0,130000,0,130000,130000
060363,美律元富9A購01  ,0,0,0,0,0,0,0,0,0,130000,0,0,0,180000,50000,130000,130000
054244,華新元大96購01  ,0,0,0,0,0,0,0,0,0,130000,0,0,0,330000,200000,130000,130000
054040,中石化元大9C購01,0,0,0,0,0,0,0,0,0,130000,0,0,0,130000,0,130000,130000
057573,京鼎永豐98購02  ,0,0,0,0,0,0,0,0,0,130000,0,0,0,134000,4000,130000,130000
059248,華新科凱基99購04,0,0,0,0,0,0,0,0,0,130000,0,0,0,130000,0,130000,130000
059347,京鼎凱基99購02  ,0,0,0,0,0,0,0,0,0,130000,0,0,0,130000,0,130000,130000
061231,聚陽元大9A購02  ,0,0,0,0,0,0,0,0,0,129000,0,0,0,215000,86000,129000,129000
061005,可成兆豐9A購01  ,0,0,0,0,0,0,0,0,0,129000,0,0,0,130000,1000,129000,129000
055386,致新元大97購02  ,0,0,0,0,0,0,0,0,0,129000,0,0,0,129000,0,129000,129000
054258,牧德元大97購01  ,0,0,0,0,0,0,0,0,0,129000,0,0,0,189000,60000,129000,129000
00766L,台新MSCI中國正2 ,0,0,0,0,0,0,0,0,0,129000,0,0,0,462000,333000,129000,129000
03810P,大立光富邦98售01,0,0,0,0,0,0,0,0,0,129000,0,0,0,129000,0,129000,129000
048178,上銀富邦95購02  ,0,0,0,0,0,0,0,0,0,129000,0,0,0,129000,0,129000,129000
058664,百和兆豐99購01  ,0,0,0,0,0,0,0,0,0,129000,0,0,0,135000,6000,129000,129000
2607,榮運            ,147000,18000,129000,0,0,0,0,0,0,0,0,0,0,0,0,0,129000
1611,中電            ,259000,121000,138000,0,0,0,0,0,0,-9000,0,9000,-9000,0,0,0,129000
07605P,台灣50元大9B售10,0,0,0,0,0,0,0,0,0,129000,0,0,0,140000,11000,129000,129000
06458P,玉晶光統一9A售02,0,0,0,0,0,0,0,0,0,129000,0,0,0,131000,2000,129000,129000
061430,致新元大9A購01  ,0,0,0,0,0,0,0,0,0,128000,0,0,0,375000,247000,128000,128000
055660,台光電兆豐97購01,0,0,0,0,0,0,0,0,0,128000,0,0,0,128000,0,128000,128000
1104,環泥            ,159000,31000,128000,0,0,0,0,0,0,0,0,0,0,0,0,0,128000
3533,嘉澤            ,474000,324000,150000,0,0,0,0,18000,-18000,-4000,31000,28000,3000,7000,14000,-7000,128000
2929,淘帝-KY         ,236000,121875,114125,0,0,0,0,0,0,13000,0,0,0,13000,0,13000,127125
060716,新唐永豐9A購01  ,0,0,0,0,0,0,0,0,0,127000,0,0,0,168000,41000,127000,127000
057495,牧德元大99購04  ,0,0,0,0,0,0,0,0,0,127000,0,0,0,164000,37000,127000,127000
061107,世芯元大9A購05  ,0,0,0,0,0,0,0,0,0,126000,0,0,0,126000,0,126000,126000
00651R,FH香港反1       ,10000,0,10000,0,0,0,0,0,0,116000,0,0,0,906000,790000,116000,126000
054910,信錦凱基97購01  ,0,0,0,0,0,0,0,0,0,126000,0,0,0,174000,48000,126000,126000
051872,矽力凱基96購01  ,0,0,0,0,0,0,0,0,0,126000,0,0,0,156000,30000,126000,126000
055312,台虹群益99購01  ,0,0,0,0,0,0,0,0,0,126000,0,0,0,128000,2000,126000,126000
061100,SP黃豆元大9A購04,0,0,0,0,0,0,0,0,0,125000,0,0,0,125000,0,125000,125000
061925,禾伸堂凱基9C購01,0,0,0,0,0,0,0,0,0,125000,0,0,0,126000,1000,125000,125000
058374,玉晶光凱基9A購03,0,0,0,0,0,0,0,0,0,125000,0,0,0,176000,51000,125000,125000
055684,京鼎凱基97購01  ,0,0,0,0,0,0,0,0,0,125000,0,0,0,129000,4000,125000,125000
058081,技嘉群益9A購03  ,0,0,0,0,0,0,0,0,0,124000,0,0,0,393000,269000,124000,124000
053496,義隆兆豐96購02  ,0,0,0,0,0,0,0,0,0,124000,0,0,0,124000,0,124000,124000
053173,矽格群益97購01  ,0,0,0,0,0,0,0,0,0,124000,0,0,0,124000,0,124000,124000
053854,聯茂國泰97購02  ,0,0,0,0,0,0,0,0,0,124000,0,0,0,126000,2000,124000,124000
00654R,富邦印度反1     ,8000,18000,-10000,0,0,0,0,0,0,134000,0,0,0,168000,34000,134000,124000
056406,建準國票99購01  ,0,0,0,0,0,0,0,0,0,124000,0,0,0,205000,81000,124000,124000
1464,得力            ,237000,104000,133000,0,0,0,0,0,0,-9000,0,0,0,0,9000,-9000,124000
061532,和大統一9C購02  ,0,0,0,0,0,0,0,0,0,123000,0,0,0,123000,0,123000,123000
06025P,臺股指元大99售02,0,0,0,0,0,0,0,0,0,123000,0,0,0,150000,27000,123000,123000
051325,台光電台新96購01,0,0,0,0,0,0,0,0,0,123000,0,0,0,143000,20000,123000,123000
053677,同欣電國泰97購01,0,0,0,0,0,0,0,0,0,123000,0,0,0,123000,0,123000,123000
058228,為升元大99購01  ,0,0,0,0,0,0,0,0,0,123000,0,0,0,123000,0,123000,123000
1734,杏輝            ,213100,91000,122100,0,0,0,0,0,0,0,0,0,0,0,0,0,122100
060037,鴻海國票99購10  ,0,0,0,0,0,0,0,0,0,122000,0,0,0,134000,12000,122000,122000
061131,崇越永豐9A購01  ,0,0,0,0,0,0,0,0,0,122000,0,0,0,122000,0,122000,122000
062025,台達電群益9B購01,0,0,0,0,0,0,0,0,0,122000,0,0,0,122000,0,122000,122000
056378,欣興元富98購01  ,0,0,0,0,0,0,0,0,0,121000,0,0,0,140000,19000,121000,121000
056894,佳世達元大99購01,0,0,0,0,0,0,0,0,0,121000,0,0,0,181000,60000,121000,121000
07174P,臺股指國票99售11,0,0,0,0,0,0,0,0,0,121000,0,0,0,536000,415000,121000,121000
2727,王品            ,147000,26000,121000,0,0,0,0,0,0,0,0,0,0,0,0,0,121000
061458,臻鼎凱基9A購02  ,0,0,0,0,0,0,0,0,0,120000,0,0,0,329000,209000,120000,120000
060696,道瓊反國泰9C購01,0,0,0,0,0,0,0,0,0,120000,0,0,0,120000,0,120000,120000
054591,GIS國泰98購01   ,0,0,0,0,0,0,0,0,0,120000,0,0,0,120000,0,120000,120000
049763,美食國泰96購01  ,0,0,0,0,0,0,0,0,0,120000,0,0,0,120000,0,120000,120000
055820,矽力國票98購02  ,0,0,0,0,0,0,0,0,0,120000,0,0,0,126000,6000,120000,120000
06046P,健策統一96售03  ,0,0,0,0,0,0,0,0,0,119000,0,0,0,367000,248000,119000,119000
059706,嘉晶凱基99購01  ,0,0,0,0,0,0,0,0,0,119000,0,0,0,502000,383000,119000,119000
061988,大立光元大9B購04,0,0,0,0,0,0,0,0,0,119000,0,0,0,119000,0,119000,119000
05855P,滬深2X中信9C售01,0,0,0,0,0,0,0,0,0,119000,0,0,0,119000,0,119000,119000
055726,台表科元大98購03,0,0,0,0,0,0,0,0,0,118000,0,0,0,188000,70000,118000,118000
2348,海悅            ,135000,9000,126000,0,0,0,0,0,0,-8000,0,8000,-8000,0,0,0,118000
061628,緯穎群益9A購04  ,0,0,0,0,0,0,0,0,0,117000,0,0,0,213000,96000,117000,117000
061007,聯詠兆豐9A購01  ,0,0,0,0,0,0,0,0,0,117000,0,0,0,179000,62000,117000,117000
060466,玉山金元大9A購01,0,0,0,0,0,0,0,0,0,117000,0,0,0,119000,2000,117000,117000
055875,光罩元富97購02  ,0,0,0,0,0,0,0,0,0,117000,0,0,0,179000,62000,117000,117000
058523,聯茂元大99購08  ,0,0,0,0,0,0,0,0,0,117000,0,0,0,394000,277000,117000,117000
2448,晶電            ,8217000,6910000,1307000,0,0,0,40000,150000,-110000,-1080000,752000,1796000,-1044000,0,36000,-36000,117000
060722,矽格永豐9A購01  ,0,0,0,0,0,0,0,0,0,116000,0,0,0,116000,0,116000,116000
060937,T50反1國票9A購10,0,0,0,0,0,0,0,0,0,116000,0,0,0,278000,162000,116000,116000
061521,亞光兆豐9A購02  ,0,0,0,0,0,0,0,0,0,116000,0,0,0,158000,42000,116000,116000
062100,矽格永豐9B購01  ,0,0,0,0,0,0,0,0,0,116000,0,0,0,116000,0,116000,116000
055181,日電貿統一97購01,0,0,0,0,0,0,0,0,0,116000,0,0,0,207000,91000,116000,116000
055663,崇越中信97購01  ,0,0,0,0,0,0,0,0,0,116000,0,0,0,116000,0,116000,116000
056127,致新國票98購02  ,0,0,0,0,0,0,0,0,0,116000,0,0,0,163000,47000,116000,116000
057268,臻鼎兆豐99購01  ,0,0,0,0,0,0,0,0,0,116000,0,0,0,152000,36000,116000,116000
056277,上銀富邦99購02  ,0,0,0,0,0,0,0,0,0,116000,0,0,0,116000,0,116000,116000
057111,立積群益98購02  ,0,0,0,0,0,0,0,0,0,116000,0,0,0,116000,0,116000,116000
00752,中信中國50      ,0,0,0,0,0,0,0,0,0,115328,0,0,0,343000,227672,115328,115328
06060P,玉晶光元大97售03,0,0,0,0,0,0,0,0,0,115000,0,0,0,115000,0,115000,115000
057465,智易永豐98購02  ,0,0,0,0,0,0,0,0,0,115000,0,0,0,164000,49000,115000,115000
056568,台表科群益98購01,0,0,0,0,0,0,0,0,0,115000,0,0,0,115000,0,115000,115000
055996,矽力國泰99購01  ,0,0,0,0,0,0,0,0,0,115000,0,0,0,117000,2000,115000,115000
2617,台航            ,231000,116000,115000,0,0,0,0,0,0,0,0,0,0,0,0,0,115000
9934,成霖            ,149000,34000,115000,0,0,0,0,0,0,0,0,0,0,0,0,0,115000
060788,嘉晶富邦9B購01  ,0,0,0,0,0,0,0,0,0,114000,0,0,0,462000,348000,114000,114000
059535,玉山金凱基99購01,0,0,0,0,0,0,0,0,0,114000,0,0,0,201000,87000,114000,114000
059786,全新元大99購06  ,0,0,0,0,0,0,0,0,0,113000,0,0,0,216000,103000,113000,113000
061112,台表科元大9A購03,0,0,0,0,0,0,0,0,0,113000,0,0,0,299000,186000,113000,113000
061191,可成永豐9A購02  ,0,0,0,0,0,0,0,0,0,113000,0,0,0,118000,5000,113000,113000
055153,台光電元大98購02,0,0,0,0,0,0,0,0,0,113000,0,0,0,567000,454000,113000,113000
058131,義隆元大99購02  ,0,0,0,0,0,0,0,0,0,113000,0,0,0,252000,139000,113000,113000
058358,技嘉凱基9A購01  ,0,0,0,0,0,0,0,0,0,113000,0,0,0,140000,27000,113000,113000
055887,上銀統一97購03  ,0,0,0,0,0,0,0,0,0,113000,0,0,0,113000,0,113000,113000
6177,達麗            ,151000,38000,113000,0,0,0,0,0,0,0,0,0,0,0,0,0,113000
3231,緯創            ,3563000,3716092,-153092,0,0,0,0,0,0,266000,231000,7000,224000,82000,40000,42000,112908
061380,巨大永豐9A購02  ,0,0,0,0,0,0,0,0,0,112000,0,0,0,124000,12000,112000,112000
059640,聯詠凱基99購04  ,0,0,0,0,0,0,0,0,0,112000,0,0,0,117000,5000,112000,112000
053671,可成統一96購03  ,0,0,0,0,0,0,0,0,0,112000,0,0,0,234000,122000,112000,112000
053519,力成群益96購02  ,0,0,0,0,0,0,0,0,0,112000,0,0,0,210000,98000,112000,112000
052517,滬深2X元大95購05,0,0,0,0,0,0,0,0,0,112000,0,0,0,112000,0,112000,112000
046944,奇力新元大96購01,0,0,0,0,0,0,0,0,0,112000,0,0,0,112000,0,112000,112000
056121,勤誠群益97購01  ,0,0,0,0,0,0,0,0,0,112000,0,0,0,288000,176000,112000,112000
06853P,華擎元富98售03  ,0,0,0,0,0,0,0,0,0,112000,0,0,0,192000,80000,112000,112000
061166,玉晶光兆豐9B購01,0,0,0,0,0,0,0,0,0,111000,0,0,0,360000,249000,111000,111000
050934,喬山國票96購01  ,0,0,0,0,0,0,0,0,0,111000,0,0,0,111000,0,111000,111000
054700,致新永豐97購01  ,0,0,0,0,0,0,0,0,0,111000,0,0,0,111000,0,111000,111000
055294,智易元大98購01  ,0,0,0,0,0,0,0,0,0,111000,0,0,0,111000,0,111000,111000
056787,健鼎群益98購01  ,0,0,0,0,0,0,0,0,0,111000,0,0,0,166000,55000,111000,111000
2524,京城            ,148000,37000,111000,0,0,0,0,0,0,0,0,0,0,0,0,0,111000
061650,南電元大9A購07  ,0,0,0,0,0,0,0,0,0,110000,0,0,0,472000,362000,110000,110000
053248,智伸科國票97購01,0,0,0,0,0,0,0,0,0,110000,0,0,0,110000,0,110000,110000
052981,鴻海元大97購05  ,0,0,0,0,0,0,0,0,0,110000,0,0,0,110000,0,110000,110000
055440,矽力國票98購01  ,0,0,0,0,0,0,0,0,0,110000,0,0,0,110000,0,110000,110000
052011,欣興中信96購01  ,0,0,0,0,0,0,0,0,0,110000,0,0,0,110000,0,110000,110000
055907,台虹兆豐98購01  ,0,0,0,0,0,0,0,0,0,110000,0,0,0,110000,0,110000,110000
057599,技嘉群益9A購01  ,0,0,0,0,0,0,0,0,0,110000,0,0,0,229000,119000,110000,110000
05565P,鎧勝元大96售01  ,0,0,0,0,0,0,0,0,0,110000,0,0,0,110000,0,110000,110000
057104,康友中信99購01  ,0,0,0,0,0,0,0,0,0,110000,0,0,0,600000,490000,110000,110000
059041,南茂群益99購02  ,0,0,0,0,0,0,0,0,0,110000,0,0,0,120000,10000,110000,110000
07396P,聯發科群益9B售01,0,0,0,0,0,0,0,0,0,110000,0,0,0,110000,0,110000,110000
1906,寶隆            ,130000,20000,110000,0,0,0,0,0,0,0,0,0,0,0,0,0,110000
062020,智伸科永豐9B購01,0,0,0,0,0,0,0,0,0,109000,0,0,0,109000,0,109000,109000
06424P,大成鋼永豐97售01,0,0,0,0,0,0,0,0,0,109000,0,0,0,109000,0,109000,109000
03414B,臺股指凱基99熊01,70000,50000,20000,0,0,0,0,0,0,89000,0,0,0,516000,427000,89000,109000
055182,京鼎統一98購01  ,0,0,0,0,0,0,0,0,0,109000,0,0,0,109000,0,109000,109000
054318,台虹凱基98購01  ,0,0,0,0,0,0,0,0,0,109000,0,0,0,115000,6000,109000,109000
4164,承業醫          ,152000,41000,111000,0,0,0,0,0,0,-2000,0,2000,-2000,0,0,0,109000
059655,T50反1元大99購10,0,0,0,0,0,0,0,0,0,108000,0,0,0,108000,0,108000,108000
060948,可成第一9A購01  ,0,0,0,0,0,0,0,0,0,108000,0,0,0,222000,114000,108000,108000
055018,緯穎元富97購02  ,0,0,0,0,0,0,0,0,0,108000,0,0,0,108000,0,108000,108000
051947,矽力統一95購01  ,0,0,0,0,0,0,0,0,0,108000,0,0,0,113000,5000,108000,108000
056788,日月光群益98購01,0,0,0,0,0,0,0,0,0,108000,0,0,0,108000,0,108000,108000
057713,美律統一99購01  ,0,0,0,0,0,0,0,0,0,108000,0,0,0,128000,20000,108000,108000
1783,和康生          ,248000,140000,108000,0,0,0,0,0,0,0,0,0,0,0,0,0,108000
07835P,台表科群益9A售02,0,0,0,0,0,0,0,0,0,108000,0,0,0,111000,3000,108000,108000
061694,玉山金群益9A購01,0,0,0,0,0,0,0,0,0,107000,0,0,0,135000,28000,107000,107000
061082,台光電兆豐9A購01,0,0,0,0,0,0,0,0,0,107000,0,0,0,194000,87000,107000,107000
058438,大立光統一9B購01,0,0,0,0,0,0,0,0,0,107000,0,0,0,112000,5000,107000,107000
056023,晶豪科群益97購01,0,0,0,0,0,0,0,0,0,107000,0,0,0,107000,0,107000,107000
059375,道瓊反群益9C購02,0,0,0,0,0,0,0,0,0,107000,0,0,0,229000,122000,107000,107000
2545,皇翔            ,158000,51000,107000,0,0,0,0,0,0,0,0,0,0,0,0,0,107000
062007,台光電國泰9C購01,0,0,0,0,0,0,0,0,0,106000,0,0,0,240000,134000,106000,106000
059844,大立光富邦9C購04,0,0,0,0,0,0,0,0,0,106000,0,0,0,171000,65000,106000,106000
051300,台光電凱基96購02,0,0,0,0,0,0,0,0,0,106000,0,0,0,106000,0,106000,106000
05242P,群創國泰97售01  ,0,0,0,0,0,0,0,0,0,106000,0,0,0,106000,0,106000,106000
059123,訊芯永豐99購03  ,0,0,0,0,0,0,0,0,0,106000,0,0,0,153000,47000,106000,106000
057128,台光電凱基98購03,0,0,0,0,0,0,0,0,0,106000,0,0,0,116000,10000,106000,106000
056255,華新科元富97購05,0,0,0,0,0,0,0,0,0,106000,0,0,0,217000,111000,106000,106000
2228,劍麟            ,159000,53000,106000,0,0,0,0,0,0,0,0,0,0,0,0,0,106000
060529,聯發科中信9A購04,0,0,0,0,0,0,0,0,0,105000,0,0,0,125000,20000,105000,105000
06044P,同欣電永豐96售03,0,0,0,0,0,0,0,0,0,105000,0,0,0,105000,0,105000,105000
061226,台積電中信9A購05,0,0,0,0,0,0,0,0,0,105000,0,0,0,111000,6000,105000,105000
052367,聯茂國票96購02  ,0,0,0,0,0,0,0,0,0,105000,0,0,0,120000,15000,105000,105000
050601,台表科國泰96購01,0,0,0,0,0,0,0,0,0,105000,0,0,0,125000,20000,105000,105000
054690,新興永豐97購01  ,0,0,0,0,0,0,0,0,0,105000,0,0,0,105000,0,105000,105000
053565,台光電富邦98購01,0,0,0,0,0,0,0,0,0,105000,0,0,0,115000,10000,105000,105000
056417,欣興中信98購01  ,0,0,0,0,0,0,0,0,0,105000,0,0,0,123000,18000,105000,105000
2417,圓剛            ,381000,277000,104000,0,0,0,0,0,0,1000,1000,0,1000,0,0,0,105000
07503P,禾伸堂元大9A售01,0,0,0,0,0,0,0,0,0,105000,0,0,0,205000,100000,105000,105000
07304P,臺股指元大9A售37,0,0,0,0,0,0,0,0,0,105000,0,0,0,463000,358000,105000,105000
9940,信義            ,138000,33000,105000,0,0,0,0,0,0,0,0,0,0,0,0,0,105000
6277,宏正            ,106000,1000,105000,0,0,0,0,0,0,0,0,0,0,0,0,0,105000
061432,世紀鋼元大9A購05,0,0,0,0,0,0,0,0,0,104000,0,0,0,109000,5000,104000,104000
060765,世芯元大9A購01  ,0,0,0,0,0,0,0,0,0,104000,0,0,0,106000,2000,104000,104000
054439,健策台新96購03  ,0,0,0,0,0,0,0,0,0,104000,0,0,0,104000,0,104000,104000
058969,亞德客永豐99購01,0,0,0,0,0,0,0,0,0,104000,0,0,0,118000,14000,104000,104000
3583,辛耘            ,146000,42000,104000,0,0,0,0,0,0,0,0,0,0,0,0,0,104000
061286,大立光統一9A購05,0,0,0,0,0,0,0,0,0,103000,0,0,0,151000,48000,103000,103000
061117,美律國泰9C購01  ,0,0,0,0,0,0,0,0,0,103000,0,0,0,105000,2000,103000,103000
055380,智易元大98購02  ,0,0,0,0,0,0,0,0,0,103000,0,0,0,586000,483000,103000,103000
059278,群創元大9A購04  ,0,0,0,0,0,0,0,0,0,103000,0,0,0,140000,37000,103000,103000
057557,聯茂凱基99購04  ,0,0,0,0,0,0,0,0,0,103000,0,0,0,103000,0,103000,103000
3312,弘憶股          ,134000,32000,102000,0,0,0,0,0,0,1000,1000,0,1000,0,0,0,103000
3031,佰鴻            ,140000,37000,103000,0,0,0,0,0,0,0,0,0,0,0,0,0,103000
2536,宏普            ,295000,192000,103000,0,0,0,0,0,0,0,0,0,0,0,0,0,103000
06706P,智原台新98售02  ,0,0,0,0,0,0,0,0,0,103000,0,0,0,135000,32000,103000,103000
061769,晶技元大9B購03  ,0,0,0,0,0,0,0,0,0,102000,0,0,0,162000,60000,102000,102000
060795,世芯永豐9A購02  ,0,0,0,0,0,0,0,0,0,102000,0,0,0,217000,115000,102000,102000
060826,牧德元大9B購02  ,0,0,0,0,0,0,0,0,0,102000,0,0,0,263000,161000,102000,102000
054148,矽創元大96購03  ,0,0,0,0,0,0,0,0,0,102000,0,0,0,102000,0,102000,102000
053610,矽力中信98購01  ,0,0,0,0,0,0,0,0,0,102000,0,0,0,102000,0,102000,102000
061402,矽創兆豐9B購01  ,0,0,0,0,0,0,0,0,0,101000,0,0,0,131000,30000,101000,101000
058480,新日興凱基9A購01,0,0,0,0,0,0,0,0,0,101000,0,0,0,177000,76000,101000,101000
050894,旺宏元大96購03  ,0,0,0,0,0,0,0,0,0,101000,0,0,0,101000,0,101000,101000
048192,華通元大96購01  ,0,0,0,0,0,0,0,0,0,101000,0,0,0,116000,15000,101000,101000
058854,樺漢群益9B購01  ,0,0,0,0,0,0,0,0,0,101000,0,0,0,101000,0,101000,101000
059121,瑞儀永豐99購01  ,0,0,0,0,0,0,0,0,0,101000,0,0,0,191000,90000,101000,101000
059038,健策群益9A購02  ,0,0,0,0,0,0,0,0,0,101000,0,0,0,101000,0,101000,101000
058956,健策國票9A購02  ,0,0,0,0,0,0,0,0,0,101000,0,0,0,101000,0,101000,101000
055555,全新凱基9A購01  ,0,0,0,0,0,0,0,0,0,101000,0,0,0,146000,45000,101000,101000
06506P,台郡國票99售02  ,0,0,0,0,0,0,0,0,0,101000,0,0,0,101000,0,101000,101000
1455,集盛            ,150000,49000,101000,0,0,0,0,0,0,0,0,0,0,0,0,0,101000
060858,T50反1永豐9A購01,0,0,0,0,0,0,0,0,0,100000,0,0,0,100000,0,100000,100000
060041,T50反1群益99購04,0,0,0,0,0,0,0,0,0,100000,0,0,0,100000,0,100000,100000
060127,牧德永豐99購02  ,0,0,0,0,0,0,0,0,0,100000,0,0,0,232000,132000,100000,100000
060139,T50反1國票9A購04,0,0,0,0,0,0,0,0,0,100000,0,0,0,100000,0,100000,100000
047886,京元電富邦95購01,0,0,0,0,0,0,0,0,0,100000,0,0,0,100000,0,100000,100000
052471,華固亞東95購01  ,0,0,0,0,0,0,0,0,0,100000,0,0,0,100000,0,100000,100000
052621,台郡富邦97購01  ,0,0,0,0,0,0,0,0,0,100000,0,0,0,100000,0,100000,100000
052637,欣興凱基97購01  ,0,0,0,0,0,0,0,0,0,100000,0,0,0,100000,0,100000,100000
049490,京元電元大95購02,0,0,0,0,0,0,0,0,0,100000,0,0,0,100000,0,100000,100000
049296,義隆群益96購01  ,0,0,0,0,0,0,0,0,0,100000,0,0,0,100000,0,100000,100000
04479P,同欣電中信96售02,0,0,0,0,0,0,0,0,0,100000,0,0,0,200000,100000,100000,100000
052386,鴻海群益96購02  ,0,0,0,0,0,0,0,0,0,100000,0,0,0,100000,0,100000,100000
052083,S&P反1元大97購02,0,0,0,0,0,0,0,0,0,100000,0,0,0,100000,0,100000,100000
052057,臺股指凱基95購15,0,0,0,0,0,0,0,0,0,100000,0,0,0,100000,0,100000,100000
051485,玉晶光凱基97購02,0,0,0,0,0,0,0,0,0,100000,0,0,0,100000,0,100000,100000
051913,緯創元大96購01  ,0,0,0,0,0,0,0,0,0,100000,0,0,0,100000,0,100000,100000
050347,上証2X群益98購01,0,0,0,0,0,0,0,0,0,100000,0,0,0,100000,0,100000,100000
053061,GIS富邦97購01   ,0,0,0,0,0,0,0,0,0,100000,0,0,0,100000,0,100000,100000
054319,世紀鋼凱基96購02,0,0,0,0,0,0,0,0,0,100000,0,0,0,100000,0,100000,100000
054858,台肥群益97購01  ,0,0,0,0,0,0,0,0,0,100000,0,0,0,105000,5000,100000,100000
054843,中環兆豐97購01  ,0,0,0,0,0,0,0,0,0,100000,0,0,0,100000,0,100000,100000
053667,鴻海統一96購12  ,0,0,0,0,0,0,0,0,0,100000,0,0,0,100000,0,100000,100000
053518,聯茂群益96購03  ,0,0,0,0,0,0,0,0,0,100000,0,0,0,100000,0,100000,100000
055209,勤誠康和97購01  ,0,0,0,0,0,0,0,0,0,100000,0,0,0,100000,0,100000,100000
052966,光磊群益96購01  ,0,0,0,0,0,0,0,0,0,100000,0,0,0,100000,0,100000,100000
055372,宏達電元大97購04,0,0,0,0,0,0,0,0,0,100000,0,0,0,100000,0,100000,100000
054026,台積電凱基97購08,0,0,0,0,0,0,0,0,0,100000,0,0,0,100000,0,100000,100000
058782,臺股指國票99購01,0,0,0,0,0,0,0,0,0,100000,0,0,0,100000,0,100000,100000
056955,台灣50永豐98購01,0,0,0,0,0,0,0,0,0,100000,0,0,0,100000,0,100000,100000
057109,信邦群益98購01  ,0,0,0,0,0,0,0,0,0,100000,0,0,0,100000,0,100000,100000
05697P,友達凱基96售01  ,0,0,0,0,0,0,0,0,0,100000,0,0,0,100000,0,100000,100000
058789,喬山元大99購02  ,0,0,0,0,0,0,0,0,0,100000,0,0,0,100000,0,100000,100000
057034,道瓊反元大9B購01,0,0,0,0,0,0,0,0,0,100000,0,0,0,100000,0,100000,100000
07811P,華新科統一9A售02,0,0,0,0,0,0,0,0,0,100000,0,0,0,100000,0,100000,100000
07933P,大立光富邦9C售06,0,0,0,0,0,0,0,0,0,100000,0,0,0,100000,0,100000,100000
07270P,台灣50元大01售09,0,0,0,0,0,0,0,0,0,100000,0,0,0,100000,0,100000,100000
07412P,國巨元大99售32  ,0,0,0,0,0,0,0,0,0,100000,0,0,0,100000,0,100000,100000
5522,遠雄            ,412000,318000,94000,0,0,0,0,0,0,6000,6000,0,6000,0,0,0,100000
6141,柏承            ,179000,79000,100000,0,0,0,0,0,0,0,0,0,0,0,0,0,100000
059526,鴻海凱基99購12  ,0,0,0,0,0,0,0,0,0,99000,0,0,0,102000,3000,99000,99000
060766,世芯元大9A購02  ,0,0,0,0,0,0,0,0,0,99000,0,0,0,129000,30000,99000,99000
061924,聯發科凱基9C購01,0,0,0,0,0,0,0,0,0,99000,0,0,0,104000,5000,99000,99000
062030,旭富群益9B購01  ,0,0,0,0,0,0,0,0,0,99000,0,0,0,120000,21000,99000,99000
052314,鴻海元大96購11  ,0,0,0,0,0,0,0,0,0,99000,0,0,0,99000,0,99000,99000
047673,瑞昱元富96購01  ,0,0,0,0,0,0,0,0,0,99000,0,0,0,119000,20000,99000,99000
058821,泰鼎國泰9B購01  ,0,0,0,0,0,0,0,0,0,99000,0,0,0,104000,5000,99000,99000
057995,華新科中信98購02,0,0,0,0,0,0,0,0,0,99000,0,0,0,169000,70000,99000,99000
056146,台虹元大98購01  ,0,0,0,0,0,0,0,0,0,99000,0,0,0,249000,150000,99000,99000
056745,聯茂凱基99購03  ,0,0,0,0,0,0,0,0,0,99000,0,0,0,99000,0,99000,99000
4960,誠美材          ,160000,61000,99000,0,0,0,0,0,0,0,0,0,0,0,0,0,99000
07539P,玉山金台新9A售01,0,0,0,0,0,0,0,0,0,99000,0,0,0,100000,1000,99000,99000
06890P,金融類元大98售02,0,0,0,0,0,0,0,0,0,99000,0,0,0,99000,0,99000,99000
061415,健策群益9A購04  ,0,0,0,0,0,0,0,0,0,98000,0,0,0,98000,0,98000,98000
061017,國泰金麥證9A購01,0,0,0,98000,0,98000,0,0,0,98000,0,0,0,98000,0,98000,98000
060242,潤泰全元大9C購01,0,0,0,0,0,0,0,0,0,98000,0,0,0,98000,0,98000,98000
053006,玉晶光永豐96購03,0,0,0,0,0,0,0,0,0,98000,0,0,0,255000,157000,98000,98000
054425,聯發科富邦99購03,0,0,0,0,0,0,0,0,0,98000,0,0,0,98000,0,98000,98000
055938,矽力群益97購01  ,0,0,0,0,0,0,0,0,0,98000,0,0,0,125000,27000,98000,98000
056164,聯茂凱基98購03  ,0,0,0,0,0,0,0,0,0,98000,0,0,0,118000,20000,98000,98000
057060,緯穎元大98購05  ,0,0,0,0,0,0,0,0,0,98000,0,0,0,98000,0,98000,98000
05625P,國巨國票97售01  ,0,0,0,0,0,0,0,0,0,98000,0,0,0,108000,10000,98000,98000
059312,元石油元大99購05,0,0,0,0,0,0,0,0,0,98000,0,0,0,470000,372000,98000,98000
059370,玉晶光元富99購02,0,0,0,0,0,0,0,0,0,98000,0,0,0,253000,155000,98000,98000
057888,貿聯群益98購02  ,0,0,0,0,0,0,0,0,0,98000,0,0,0,98000,0,98000,98000
1434,福懋            ,685000,598000,87000,0,0,0,0,0,0,11000,11000,0,11000,0,0,0,98000
2537,聯上發          ,235000,137000,98000,0,0,0,0,0,0,0,0,0,0,0,0,0,98000
3094,聯傑            ,132000,35000,97000,0,0,0,0,0,0,1000,1000,0,1000,0,0,0,98000
2379,瑞昱            ,617000,434009,182991,0,0,0,0,45000,-45000,-40000,7000,6000,1000,6000,47000,-41000,97991
059870,全新凱基99購05  ,0,0,0,0,0,0,0,0,0,97000,0,0,0,442000,345000,97000,97000
060455,葡萄王元大9A購02,0,0,0,0,0,0,0,0,0,97000,0,0,0,133000,36000,97000,97000
060628,和大富邦9B購01  ,0,0,0,0,0,0,0,0,0,97000,0,0,0,130000,33000,97000,97000
061223,T50反1中信01購01,0,0,0,0,0,0,0,0,0,97000,0,0,0,200000,103000,97000,97000
061627,台表科群益9A購01,0,0,0,0,0,0,0,0,0,97000,0,0,0,110000,13000,97000,97000
053506,南茂兆豐97購01  ,0,0,0,0,0,0,0,0,0,97000,0,0,0,103000,6000,97000,97000
058360,台光電凱基9A購02,0,0,0,0,0,0,0,0,0,97000,0,0,0,97000,0,97000,97000
052895,台積電群益96購04,0,0,0,0,0,0,0,0,0,97000,0,0,0,101000,4000,97000,97000
058741,欣興日盛99購01  ,0,0,0,0,0,0,0,0,0,97000,0,0,0,98000,1000,97000,97000
061130,牧德永豐9A購04  ,0,0,0,0,0,0,0,0,0,96000,0,0,0,206000,110000,96000,96000
060365,京鼎元富9A購01  ,0,0,0,0,0,0,0,0,0,96000,0,0,0,106000,10000,96000,96000
060856,健策富邦9B購02  ,0,0,0,0,0,0,0,0,0,96000,0,0,0,105000,9000,96000,96000
060893,台灣50凱基01購07,0,0,0,0,0,0,0,0,0,96000,0,0,0,97000,1000,96000,96000
059772,可成群益9A購05  ,0,0,0,0,0,0,0,0,0,96000,0,0,0,99000,3000,96000,96000
059680,台積電國泰9A購03,0,0,0,0,0,0,0,0,0,96000,0,0,0,580000,484000,96000,96000
060021,立積康和99購01  ,0,0,0,0,0,0,0,0,0,96000,0,0,0,96000,0,96000,96000
046630,京元電元富95購03,0,0,0,0,0,0,0,0,0,96000,0,0,0,192000,96000,96000,96000
055416,欣興富邦98購01  ,0,0,0,0,0,0,0,0,0,96000,0,0,0,97000,1000,96000,96000
056431,鴻海凱基98購07  ,0,0,0,0,0,0,0,0,0,96000,0,0,0,96000,0,96000,96000
056088,台郡統一97購02  ,0,0,0,0,0,0,0,0,0,96000,0,0,0,96000,0,96000,96000
2365,昆盈            ,210000,115000,95000,0,0,0,0,0,0,1000,1000,0,1000,0,0,0,96000
1773,勝一            ,100000,4000,96000,0,0,0,0,0,0,0,0,0,0,0,0,0,96000
061068,祥碩凱基9B購01  ,0,0,0,0,0,0,0,0,0,95000,0,0,0,440000,345000,95000,95000
06371P,茂林國票98售04  ,0,0,0,0,0,0,0,0,0,95000,0,0,0,175000,80000,95000,95000
051000,台郡元大96購01  ,0,0,0,0,0,0,0,0,0,95000,0,0,0,95000,0,95000,95000
054587,玉晶光國泰99購01,0,0,0,0,0,0,0,0,0,95000,0,0,0,95000,0,95000,95000
056845,揚明光元富98購01,0,0,0,0,0,0,0,0,0,95000,0,0,0,95000,0,95000,95000
058851,大立光群益99購07,0,0,0,0,0,0,0,0,0,95000,0,0,0,98000,3000,95000,95000
061275,臺股指凱基9A購25,0,0,0,0,0,0,0,0,0,94000,0,0,0,167000,73000,94000,94000
059638,大立光凱基99購11,0,0,0,0,0,0,0,0,0,94000,0,0,0,94000,0,94000,94000
05976P,國巨凱基96售14  ,0,0,0,0,0,0,0,0,0,94000,0,0,0,114000,20000,94000,94000
060322,卜蜂群益9A購01  ,0,0,0,0,0,0,0,0,0,94000,0,0,0,131000,37000,94000,94000
060410,台苯永豐9A購01  ,0,0,0,0,0,0,0,0,0,94000,0,0,0,100000,6000,94000,94000
052995,上銀康和96購01  ,0,0,0,0,0,0,0,0,0,94000,0,0,0,94000,0,94000,94000
057796,鴻海兆豐99購03  ,0,0,0,0,0,0,0,0,0,94000,0,0,0,100000,6000,94000,94000
05744P,台表科元大96售04,0,0,0,0,0,0,0,0,0,94000,0,0,0,94000,0,94000,94000
056609,楠梓電永豐98購02,0,0,0,0,0,0,0,0,0,94000,0,0,0,94000,0,94000,94000
2511,太子            ,146000,52000,94000,0,0,0,0,0,0,0,0,0,0,0,0,0,94000
061578,玉晶光元大9A購16,0,0,0,0,0,0,0,0,0,93000,0,0,0,122000,29000,93000,93000
061950,日月光群益9B購01,0,0,0,0,0,0,0,0,0,93000,0,0,0,99000,6000,93000,93000
4155,訊映            ,131000,38000,93000,0,0,0,0,0,0,0,0,0,0,0,0,0,93000
1589,永冠-KY         ,87000,46000,41000,0,0,0,0,0,0,52000,49000,0,49000,3000,0,3000,93000
055014,達興元富97購01  ,0,0,0,0,0,0,0,0,0,92000,0,0,0,94000,2000,92000,92000
054398,牧德永豐96購03  ,0,0,0,0,0,0,0,0,0,92000,0,0,0,92000,0,92000,92000
053735,矽力中信97購01  ,0,0,0,0,0,0,0,0,0,92000,0,0,0,92000,0,92000,92000
051382,玉晶光群益98購02,0,0,0,0,0,0,0,0,0,92000,0,0,0,147000,55000,92000,92000
057308,同欣電兆豐99購01,0,0,0,0,0,0,0,0,0,92000,0,0,0,128000,36000,92000,92000
057901,大立光永豐98購04,0,0,0,0,0,0,0,0,0,92000,0,0,0,92000,0,92000,92000
06868P,電子類元大99售01,0,0,0,0,0,0,0,0,0,92000,0,0,0,92000,0,92000,92000
4551,智伸科          ,157000,88000,69000,0,0,0,7000,0,7000,16000,42000,3000,39000,3000,26000,-23000,92000
061915,T50反1凱基02購02,0,0,0,0,0,0,0,0,0,91000,0,0,0,92000,1000,91000,91000
060522,鴻海中信9A購03  ,0,0,0,0,0,0,0,0,0,91000,0,0,0,120000,29000,91000,91000
059143,國巨國票9A購04  ,0,0,0,0,0,0,0,0,0,91000,0,0,0,91000,0,91000,91000
060342,台積電統一02購01,0,0,0,0,0,0,0,0,0,90000,0,0,0,102000,12000,90000,90000
060877,華邦電中信02購01,0,0,0,0,0,0,0,0,0,90000,0,0,0,92000,2000,90000,90000
059867,華邦電凱基99購02,0,0,0,0,0,0,0,0,0,90000,0,0,0,115000,25000,90000,90000
060056,大立光凱基9B購01,0,0,0,0,0,0,0,0,0,90000,0,0,0,91000,1000,90000,90000
051840,康友國泰97購02  ,0,0,0,0,0,0,0,0,0,90000,0,0,0,90000,0,90000,90000
052560,康舒國票97購01  ,0,0,0,0,0,0,0,0,0,90000,0,0,0,90000,0,90000,90000
05011P,南電國泰96售01  ,0,0,0,0,0,0,0,0,0,90000,0,0,0,90000,0,90000,90000
058483,道瓊指國票9A購01,0,0,0,0,0,0,0,0,0,90000,0,0,0,90000,0,90000,90000
058203,信邦凱基99購01  ,0,0,0,0,0,0,0,0,0,90000,0,0,0,90000,0,90000,90000
053398,和鑫中信99購01  ,0,0,0,0,0,0,0,0,0,90000,0,0,0,90000,0,90000,90000
056678,力成元富98購01  ,0,0,0,0,0,0,0,0,0,90000,0,0,0,90000,0,90000,90000
056428,台達電凱基99購01,0,0,0,0,0,0,0,0,0,90000,0,0,0,90000,0,90000,90000
056742,玉晶光凱基9A購01,0,0,0,0,0,0,0,0,0,90000,0,0,0,90000,0,90000,90000
2731,雄獅            ,105000,15000,90000,0,0,0,0,0,0,0,0,0,0,0,0,0,90000
07040P,台灣50元大9C售02,0,0,0,0,0,0,0,0,0,90000,0,0,0,180000,90000,90000,90000
06917P,聯電亞東99售01  ,0,0,0,0,0,0,0,0,0,90000,0,0,0,90000,0,90000,90000
06682P,玉晶光元大99售08,0,0,0,0,0,0,0,0,0,90000,0,0,0,90000,0,90000,90000
07354P,臺股指國票99售22,0,0,0,0,0,0,0,0,0,90000,0,0,0,130000,40000,90000,90000
06010P,國泰金元富96售01,0,0,0,0,0,0,0,0,0,89000,0,0,0,172000,83000,89000,89000
060218,台積電凱基9A購15,0,0,0,0,0,0,0,0,0,89000,0,0,0,89000,0,89000,89000
060756,鴻海元大9A購16  ,0,0,0,0,0,0,0,0,0,89000,0,0,0,99000,10000,89000,89000
057650,力成元大98購04  ,0,0,0,0,0,0,0,0,0,89000,0,0,0,89000,0,89000,89000
058958,台表科國票9A購03,0,0,0,0,0,0,0,0,0,89000,0,0,0,90000,1000,89000,89000
3060,銘異            ,105000,16000,89000,0,0,0,0,0,0,0,0,0,0,0,0,0,89000
6531,愛普            ,138000,29000,109000,0,0,0,0,20000,-20000,0,0,0,0,0,0,0,89000
2514,龍邦            ,105000,16800,88200,0,0,0,0,0,0,0,0,0,0,0,0,0,88200
060310,瑞昱永豐9A購01  ,0,0,0,0,0,0,0,0,0,88000,0,0,0,159000,71000,88000,88000
060050,鴻海凱基9B購01  ,0,0,0,0,0,0,0,0,0,88000,0,0,0,133000,45000,88000,88000
061557,台積電國票9C購02,0,0,0,0,0,0,0,0,0,88000,0,0,0,200000,112000,88000,88000
061242,玉晶光兆豐9B購02,0,0,0,0,0,0,0,0,0,88000,0,0,0,167000,79000,88000,88000
054059,欣興國票97購03  ,0,0,0,0,0,0,0,0,0,88000,0,0,0,88000,0,88000,88000
052369,矽力國票96購02  ,0,0,0,0,0,0,0,0,0,88000,0,0,0,88000,0,88000,88000
058239,景碩元大99購03  ,0,0,0,0,0,0,0,0,0,88000,0,0,0,191000,103000,88000,88000
2486,一詮            ,90000,4000,86000,0,0,0,0,0,0,2000,2000,0,2000,0,0,0,88000
3518,柏騰            ,330000,243000,87000,0,0,0,0,0,0,1000,1000,0,1000,0,0,0,88000
4935,茂林-KY         ,229000,154000,75000,0,0,0,8000,4000,4000,9000,86000,109000,-23000,37000,5000,32000,88000
059740,瑞昱元富99購02  ,0,0,0,0,0,0,0,0,0,87000,0,0,0,87000,0,87000,87000
060780,祥碩國泰9B購01  ,0,0,0,0,0,0,0,0,0,87000,0,0,0,130000,43000,87000,87000
060540,南亞凱基9A購01  ,0,0,0,0,0,0,0,0,0,87000,0,0,0,206000,119000,87000,87000
052518,道瓊反元大95購02,0,0,0,0,0,0,0,0,0,87000,0,0,0,87000,0,87000,87000
056477,欣興元大98購02  ,0,0,0,0,0,0,0,0,0,87000,0,0,0,87000,0,87000,87000
4739,康普            ,129000,62000,67000,0,0,0,20000,0,20000,0,0,0,0,0,0,0,87000
8341,日友            ,95010,12000,83010,0,0,0,3000,0,3000,0,0,0,0,0,0,0,86010
059901,滬深2X元大9C購07,0,0,0,0,0,0,0,0,0,86000,0,0,0,111000,25000,86000,86000
061922,瑞昱凱基9B購01  ,0,0,0,0,0,0,0,0,0,86000,0,0,0,86000,0,86000,86000
053662,矽力凱基97購01  ,0,0,0,0,0,0,0,0,0,86000,0,0,0,166000,80000,86000,86000
05440P,緯穎國票96售02  ,0,0,0,0,0,0,0,0,0,86000,0,0,0,90000,4000,86000,86000
3014,聯陽            ,502000,430000,72000,0,0,0,0,0,0,14000,7000,0,7000,32000,25000,7000,86000
06603P,立積統一99售01  ,0,0,0,0,0,0,0,0,0,86000,0,0,0,86000,0,86000,86000
1615,大山            ,103000,15000,88000,0,0,0,0,0,0,-2000,0,2000,-2000,0,0,0,86000
061826,台郡麥證9B購01  ,0,0,0,85000,0,85000,0,0,0,85000,0,0,0,85000,0,85000,85000
06236P,台積電元大97售25,0,0,0,0,0,0,0,0,0,85000,0,0,0,85000,0,85000,85000
061570,瑞昱元大9A購05  ,0,0,0,0,0,0,0,0,0,85000,0,0,0,92000,7000,85000,85000
061590,金寶永豐9A購01  ,0,0,0,0,0,0,0,0,0,85000,0,0,0,293000,208000,85000,85000
060553,祥碩凱基9A購01  ,0,0,0,0,0,0,0,0,0,85000,0,0,0,223000,138000,85000,85000
060414,中興電永豐9A購01,0,0,0,0,0,0,0,0,0,85000,0,0,0,279000,194000,85000,85000
060473,中租元大9A購03  ,0,0,0,0,0,0,0,0,0,85000,0,0,0,110000,25000,85000,85000
060704,台積電富邦01購01,0,0,0,0,0,0,0,0,0,85000,0,0,0,239000,154000,85000,85000
053368,京元電富邦98購01,0,0,0,0,0,0,0,0,0,85000,0,0,0,85000,0,85000,85000
05160P,國巨國票96售03  ,0,0,0,0,0,0,0,0,0,85000,0,0,0,85000,0,85000,85000
056419,欣興元富98購02  ,0,0,0,0,0,0,0,0,0,85000,0,0,0,125000,40000,85000,85000
056323,旺宏兆豐98購01  ,0,0,0,0,0,0,0,0,0,85000,0,0,0,100000,15000,85000,85000
055728,緯穎元大97購03  ,0,0,0,0,0,0,0,0,0,85000,0,0,0,85000,0,85000,85000
1709,和益            ,117000,32000,85000,0,0,0,0,0,0,0,0,0,0,0,0,0,85000
07414P,台積電元大99售51,0,0,0,0,0,0,0,0,0,85000,0,0,0,85000,0,85000,85000
07129P,華新科元大99售14,0,0,0,0,0,0,0,0,0,85000,0,0,0,205000,120000,85000,85000
6698,旭暉應材        ,82000,7000,75000,0,0,0,0,0,0,10000,10000,0,10000,0,0,0,85000
5608,四維航          ,145000,60000,85000,0,0,0,0,0,0,0,0,0,0,0,0,0,85000
060347,大立光統一02購01,0,0,0,0,0,0,0,0,0,84000,0,0,0,162000,78000,84000,84000
060042,台積電群益99購12,0,0,0,0,0,0,0,0,0,84000,0,0,0,204000,120000,84000,84000
061552,南六群益9A購02  ,0,0,0,0,0,0,0,0,0,84000,0,0,0,129000,45000,84000,84000
061351,智伸科元大9A購01,0,0,0,0,0,0,0,0,0,84000,0,0,0,105000,21000,84000,84000
045054,聯發科元富98購02,0,0,0,0,0,0,0,0,0,84000,0,0,0,84000,0,84000,84000
052703,貿聯國票97購01  ,0,0,0,0,0,0,0,0,0,84000,0,0,0,84000,0,84000,84000
049335,聯電統一97購01  ,0,0,0,0,0,0,0,0,0,84000,0,0,0,84000,0,84000,84000
053029,國巨第一96購01  ,0,0,0,0,0,0,0,0,0,84000,0,0,0,84000,0,84000,84000
053602,台虹元大96購01  ,0,0,0,0,0,0,0,0,0,84000,0,0,0,84000,0,84000,84000
055234,昇陽半國票98購02,0,0,0,0,0,0,0,0,0,84000,0,0,0,84000,0,84000,84000
2707,晶華            ,93000,19000,74000,0,0,0,0,0,0,10000,10000,0,10000,0,0,0,84000
07011P,宏達電凱基99售02,0,0,0,0,0,0,0,0,0,84000,0,0,0,114000,30000,84000,84000
061228,聯茂中信9A購01  ,0,0,0,0,0,0,0,0,0,83000,0,0,0,123000,40000,83000,83000
061159,同欣電群益9A購01,0,0,0,0,0,0,0,0,0,83000,0,0,0,1524000,1441000,83000,83000
061216,世芯元大9A購06  ,0,0,0,0,0,0,0,0,0,83000,0,0,0,122000,39000,83000,83000
060204,矽創元富9A購01  ,0,0,0,0,0,0,0,0,0,83000,0,0,0,167000,84000,83000,83000
058190,貿聯永豐99購01  ,0,0,0,0,0,0,0,0,0,83000,0,0,0,83000,0,83000,83000
00634R,富邦上証反1     ,3000,0,3000,0,0,0,0,0,0,80000,0,0,0,369000,289000,80000,83000
056503,楠梓電永豐98購01,0,0,0,0,0,0,0,0,0,83000,0,0,0,88000,5000,83000,83000
05878P,創意群益98售01  ,0,0,0,0,0,0,0,0,0,83000,0,0,0,108000,25000,83000,83000
058074,欣興凱基99購01  ,0,0,0,0,0,0,0,0,0,83000,0,0,0,83000,0,83000,83000
07255P,國巨凱基99售15  ,0,0,0,0,0,0,0,0,0,83000,0,0,0,119000,36000,83000,83000
6668,中揚光          ,132000,49000,83000,0,0,0,0,0,0,0,0,0,0,0,0,0,83000
061153,奇力新群益9A購02,0,0,0,0,0,0,0,0,0,82000,0,0,0,147000,65000,82000,82000
061151,友訊群益9A購01  ,0,0,0,0,0,0,0,0,0,82000,0,0,0,82000,0,82000,82000
061465,聯詠群益9A購01  ,0,0,0,0,0,0,0,0,0,82000,0,0,0,82000,0,82000,82000
055248,可成統一97購02  ,0,0,0,0,0,0,0,0,0,82000,0,0,0,92000,10000,82000,82000
054707,聯茂亞東97購01  ,0,0,0,0,0,0,0,0,0,82000,0,0,0,82000,0,82000,82000
056978,技嘉群益99購01  ,0,0,0,0,0,0,0,0,0,82000,0,0,0,304000,222000,82000,82000
1560,中砂            ,118000,62000,56000,0,0,0,17000,0,17000,9000,10000,4000,6000,3000,0,3000,82000
060551,大立光凱基9B購02,0,0,0,0,0,0,0,0,0,81000,0,0,0,82000,1000,81000,81000
06054P,臺股指中信9A售01,0,0,0,0,0,0,0,0,0,81000,0,0,0,81000,0,81000,81000
060955,大立光群益9A購02,0,0,0,0,0,0,0,0,0,81000,0,0,0,102000,21000,81000,81000
052096,力成元大95購01  ,0,0,0,0,0,0,0,0,0,81000,0,0,0,81000,0,81000,81000
057328,京鼎群益99購02  ,0,0,0,0,0,0,0,0,0,81000,0,0,0,81000,0,81000,81000
056558,台達電群益98購01,0,0,0,0,0,0,0,0,0,81000,0,0,0,127000,46000,81000,81000
055933,欣興群益98購02  ,0,0,0,0,0,0,0,0,0,81000,0,0,0,121000,40000,81000,81000
058686,祥碩凱基99購03  ,0,0,0,0,0,0,0,0,0,81000,0,0,0,433000,352000,81000,81000
1795,美時            ,434000,353000,81000,0,0,0,0,0,0,0,0,0,0,0,0,0,81000
07722P,玉晶光凱基9A售10,0,0,0,0,0,0,0,0,0,81000,0,0,0,160000,79000,81000,81000
07247P,聯發科凱基9A售06,0,0,0,0,0,0,0,0,0,81000,0,0,0,81000,0,81000,81000
061379,鈺齊永豐9A購02  ,0,0,0,0,0,0,0,0,0,80000,0,0,0,80000,0,80000,80000
061582,麗豐元大9A購01  ,0,0,0,0,0,0,0,0,0,80000,0,0,0,241000,161000,80000,80000
061056,臺指反國票02購01,0,0,0,0,0,0,0,0,0,80000,0,0,0,82000,2000,80000,80000
061868,旺宏元大9B購03  ,0,0,0,0,0,0,0,0,0,80000,0,0,0,109000,29000,80000,80000
061947,旺宏群益9B購02  ,0,0,0,0,0,0,0,0,0,80000,0,0,0,110000,30000,80000,80000
051654,致新永豐95購01  ,0,0,0,0,0,0,0,0,0,80000,0,0,0,80000,0,80000,80000
052923,台積電永豐96購02,0,0,0,0,0,0,0,0,0,80000,0,0,0,80000,0,80000,80000
049102,智伸科國泰96購01,0,0,0,0,0,0,0,0,0,80000,0,0,0,80000,0,80000,80000
054583,玉晶光統一97購02,0,0,0,0,0,0,0,0,0,80000,0,0,0,80000,0,80000,80000
054449,中環第一96購01  ,0,0,0,0,0,0,0,0,0,80000,0,0,0,80000,0,80000,80000
055222,臺股指凱基97購05,0,0,0,0,0,0,0,0,0,80000,0,0,0,80000,0,80000,80000
057912,美律日盛99購01  ,0,0,0,0,0,0,0,0,0,80000,0,0,0,82000,2000,80000,80000
056003,智伸科永豐97購02,0,0,0,0,0,0,0,0,0,80000,0,0,0,80000,0,80000,80000
055775,友達凱基9A購01  ,0,0,0,0,0,0,0,0,0,80000,0,0,0,100000,20000,80000,80000
05570P,聯發科統一96售04,0,0,0,0,0,0,0,0,0,80000,0,0,0,95000,15000,80000,80000
057195,南茂元大98購01  ,0,0,0,0,0,0,0,0,0,80000,0,0,0,257000,177000,80000,80000
056212,台光電國票98購03,0,0,0,0,0,0,0,0,0,80000,0,0,0,80000,0,80000,80000
07017P,台灣50元富9B售02,0,0,0,0,0,0,0,0,0,80000,0,0,0,80000,0,80000,80000
07711P,世芯元大9A售07  ,0,0,0,0,0,0,0,0,0,80000,0,0,0,100000,20000,80000,80000
1808,潤隆            ,89000,9000,80000,0,0,0,0,0,0,0,0,0,0,0,0,0,80000
061109,臻鼎元大9A購03  ,0,0,0,0,0,0,0,0,0,79000,0,0,0,220000,141000,79000,79000
060226,道瓊反元大9A購01,0,0,0,0,0,0,0,0,0,79000,0,0,0,108000,29000,79000,79000
055221,矽創凱基97購02  ,0,0,0,0,0,0,0,0,0,79000,0,0,0,99000,20000,79000,79000
053507,百和兆豐96購01  ,0,0,0,0,0,0,0,0,0,79000,0,0,0,79000,0,79000,79000
054007,貿聯統一96購01  ,0,0,0,0,0,0,0,0,0,79000,0,0,0,79000,0,79000,79000
059468,智邦元大99購02  ,0,0,0,0,0,0,0,0,0,79000,0,0,0,190000,111000,79000,79000
057596,聯茂兆豐99購01  ,0,0,0,0,0,0,0,0,0,79000,0,0,0,80000,1000,79000,79000
058258,世芯國泰9A購01  ,0,0,0,0,0,0,0,0,0,79000,0,0,0,90000,11000,79000,79000
1532,勤美            ,145000,66000,79000,0,0,0,0,0,0,0,0,0,0,0,0,0,79000
06744P,嘉聯益永豐98售03,0,0,0,0,0,0,0,0,0,79000,0,0,0,164000,85000,79000,79000
059619,台積電日盛9A購04,0,0,0,0,0,0,0,0,0,78000,0,0,0,78000,0,78000,78000
061641,玉晶光元大9A購17,0,0,0,0,0,0,0,0,0,78000,0,0,0,203000,125000,78000,78000
055175,建準統一97購01  ,0,0,0,0,0,0,0,0,0,78000,0,0,0,156000,78000,78000,78000
058683,可成凱基9A購01  ,0,0,0,0,0,0,0,0,0,78000,0,0,0,122000,44000,78000,78000
056387,智伸科國泰99購01,0,0,0,0,0,0,0,0,0,78000,0,0,0,146000,68000,78000,78000
07162P,臺股指群益99售13,0,0,0,0,0,0,0,0,0,78000,0,0,0,276000,198000,78000,78000
2608,嘉里大榮        ,142000,66000,76000,0,0,0,0,0,0,2000,2000,0,2000,0,0,0,78000
3708,上緯投控        ,311000,280000,31000,0,0,0,0,0,0,47000,0,0,0,47000,0,47000,78000
061842,牧德凱基9C購01  ,0,0,0,0,0,0,0,0,0,77000,0,0,0,131000,54000,77000,77000
052238,智易國票96購01  ,0,0,0,0,0,0,0,0,0,77000,0,0,0,77000,0,77000,77000
052727,仁寶元富96購01  ,0,0,0,0,0,0,0,0,0,77000,0,0,0,227000,150000,77000,77000
061326,新日興凱基9B購01,0,0,0,0,0,0,0,0,0,76000,0,0,0,268000,192000,76000,76000
061390,大立光群益9A購04,0,0,0,0,0,0,0,0,0,76000,0,0,0,76000,0,76000,76000
053114,聯茂兆豐97購01  ,0,0,0,0,0,0,0,0,0,76000,0,0,0,76000,0,76000,76000
056488,致新元大99購01  ,0,0,0,0,0,0,0,0,0,76000,0,0,0,168000,92000,76000,76000
059351,台虹凱基99購01  ,0,0,0,0,0,0,0,0,0,76000,0,0,0,176000,100000,76000,76000
059296,大立光元富99購06,0,0,0,0,0,0,0,0,0,76000,0,0,0,242000,166000,76000,76000
057064,華新科富邦9B購01,0,0,0,0,0,0,0,0,0,76000,0,0,0,76000,0,76000,76000
058955,台積電國票9A購04,0,0,0,0,0,0,0,0,0,76000,0,0,0,99000,23000,76000,76000
06980P,緯穎永豐99售02  ,0,0,0,0,0,0,0,0,0,76000,0,0,0,81000,5000,76000,76000
2390,云辰            ,117000,41000,76000,0,0,0,0,0,0,0,0,0,0,0,0,0,76000
061477,晶豪科元大9A購01,0,0,0,0,0,0,0,0,0,75000,0,0,0,282000,207000,75000,75000
061196,世芯永豐9A購06  ,0,0,0,0,0,0,0,0,0,75000,0,0,0,113000,38000,75000,75000
061271,聯茂凱基9A購04  ,0,0,0,0,0,0,0,0,0,75000,0,0,0,242000,167000,75000,75000
061987,大立光元大9B購03,0,0,0,0,0,0,0,0,0,75000,0,0,0,100000,25000,75000,75000
060905,台積電元大9A購20,0,0,0,0,0,0,0,0,0,75000,0,0,0,130000,55000,75000,75000
060538,S&P反1凱基9A購01,0,0,0,0,0,0,0,0,0,75000,0,0,0,75000,0,75000,75000
058298,聯茂凱基99購05  ,0,0,0,0,0,0,0,0,0,75000,0,0,0,85000,10000,75000,75000
053697,臻鼎元大96購02  ,0,0,0,0,0,0,0,0,0,75000,0,0,0,75000,0,75000,75000
059040,訊芯群益99購03  ,0,0,0,0,0,0,0,0,0,75000,0,0,0,85000,10000,75000,75000
059209,華通元大99購08  ,0,0,0,0,0,0,0,0,0,75000,0,0,0,80000,5000,75000,75000
05880P,創意康和96售01  ,0,0,0,0,0,0,0,0,0,75000,0,0,0,75000,0,75000,75000
055619,同欣電國票98購02,0,0,0,0,0,0,0,0,0,75000,0,0,0,113000,38000,75000,75000
058730,玉晶光永豐9A購01,0,0,0,0,0,0,0,0,0,75000,0,0,0,300000,225000,75000,75000
057955,技嘉元大98購07  ,0,0,0,0,0,0,0,0,0,75000,0,0,0,241000,166000,75000,75000
056777,矽力元大98購02  ,0,0,0,0,0,0,0,0,0,75000,0,0,0,77000,2000,75000,75000
07171P,臺股指國票99售08,0,0,0,0,0,0,0,0,0,75000,0,0,0,95000,20000,75000,75000
5531,鄉林            ,204000,100000,104000,0,0,0,0,0,0,-29000,0,29000,-29000,0,0,0,75000
059614,致新永豐99購01  ,0,0,0,0,0,0,0,0,0,74000,0,0,0,87000,13000,74000,74000
060245,聯陽元大9C購01  ,0,0,0,0,0,0,0,0,0,74000,0,0,0,79000,5000,74000,74000
061716,瑞儀凱基9B購01  ,0,0,0,0,0,0,0,0,0,74000,0,0,0,157000,83000,74000,74000
061786,義隆群益9B購01  ,0,0,0,0,0,0,0,0,0,74000,0,0,0,81000,7000,74000,74000
06411P,晶相光永豐97售03,0,0,0,0,0,0,0,0,0,74000,0,0,0,114000,40000,74000,74000
061077,國巨兆豐9B購01  ,0,0,0,0,0,0,0,0,0,74000,0,0,0,242000,168000,74000,74000
052434,茂林國泰97購01  ,0,0,0,0,0,0,0,0,0,74000,0,0,0,74000,0,74000,74000
058429,欣興元富99購01  ,0,0,0,0,0,0,0,0,0,74000,0,0,0,136000,62000,74000,74000
055920,智伸科凱基97購02,0,0,0,0,0,0,0,0,0,74000,0,0,0,74000,0,74000,74000
058720,旭富元富99購01  ,0,0,0,0,0,0,0,0,0,74000,0,0,0,101000,27000,74000,74000
055519,茂林中信99購01  ,0,0,0,0,0,0,0,0,0,74000,0,0,0,135000,61000,74000,74000
057802,卜蜂元大98購01  ,0,0,0,0,0,0,0,0,0,74000,0,0,0,231000,157000,74000,74000
2467,志聖            ,143000,70000,73000,0,0,0,0,0,0,1000,1000,0,1000,0,0,0,74000
1304,台聚            ,467000,393000,74000,0,0,0,0,0,0,0,0,0,0,0,0,0,74000
062043,牧德凱基9B購04  ,0,0,0,0,0,0,0,0,0,73000,0,0,0,355000,282000,73000,73000
061931,力山國票9B購02  ,0,0,0,0,0,0,0,0,0,73000,0,0,0,80000,7000,73000,73000
060159,健和興永豐9A購01,0,0,0,0,0,0,0,0,0,73000,0,0,0,73000,0,73000,73000
060545,台積電凱基9B購02,0,0,0,0,0,0,0,0,0,73000,0,0,0,78000,5000,73000,73000
060581,玉晶光群益9B購02,0,0,0,0,0,0,0,0,0,73000,0,0,0,77000,4000,73000,73000
060949,祥碩中信9A購01  ,0,0,0,0,0,0,0,0,0,73000,0,0,0,108000,35000,73000,73000
054381,世芯群益98購01  ,0,0,0,0,0,0,0,0,0,73000,0,0,0,106000,33000,73000,73000
055327,致新國票98購01  ,0,0,0,0,0,0,0,0,0,73000,0,0,0,85000,12000,73000,73000
045189,大立光元富98購01,0,0,0,0,0,0,0,0,0,73000,0,0,0,73000,0,73000,73000
059215,台積電元大99購28,0,0,0,0,0,0,0,0,0,73000,0,0,0,132000,59000,73000,73000
058614,台郡元大9A購01  ,0,0,0,0,0,0,0,0,0,73000,0,0,0,122000,49000,73000,73000
4108,懷特            ,90000,17000,73000,0,0,0,0,0,0,0,0,0,0,0,0,0,73000
2905,三商            ,156000,83000,73000,0,0,0,0,0,0,0,0,0,0,0,0,0,73000
4526,東台            ,73000,0,73000,0,0,0,0,0,0,0,0,0,0,0,0,0,73000
059886,可成國票99購04  ,0,0,0,0,0,0,0,0,0,72000,0,0,0,74000,2000,72000,72000
061731,旺宏統一9B購06  ,0,0,0,0,0,0,0,0,0,72000,0,0,0,102000,30000,72000,72000
061518,達方永豐9A購02  ,0,0,0,0,0,0,0,0,0,72000,0,0,0,122000,50000,72000,72000
053451,致新凱基96購02  ,0,0,0,0,0,0,0,0,0,72000,0,0,0,112000,40000,72000,72000
057981,臻鼎永豐98購01  ,0,0,0,0,0,0,0,0,0,72000,0,0,0,92000,20000,72000,72000
057367,技嘉元大98購02  ,0,0,0,0,0,0,0,0,0,72000,0,0,0,82000,10000,72000,72000
057886,聯詠群益98購01  ,0,0,0,0,0,0,0,0,0,72000,0,0,0,72000,0,72000,72000
9935,慶豐富          ,322000,249000,73000,0,0,0,0,0,0,-1000,0,1000,-1000,0,0,0,72000
3052,夆典            ,92000,20000,72000,0,0,0,0,0,0,0,0,0,0,0,0,0,72000
1474,弘裕            ,95000,23000,72000,0,0,0,0,0,0,0,0,0,0,0,0,0,72000
07202P,台灣50凱基9C售04,0,0,0,0,0,0,0,0,0,72000,0,0,0,73000,1000,72000,72000
061106,群創元大9B購09  ,0,0,0,0,0,0,0,0,0,71000,0,0,0,126000,55000,71000,71000
060221,大立光凱基9A購07,0,0,0,0,0,0,0,0,0,71000,0,0,0,73000,2000,71000,71000
057707,臺股指群益98購07,0,0,0,0,0,0,0,0,0,71000,0,0,0,369000,298000,71000,71000
07325P,台積電元大99售41,0,0,0,0,0,0,0,0,0,71000,0,0,0,71000,0,71000,71000
07473P,祥碩元大9A售01  ,0,0,0,0,0,0,0,0,0,71000,0,0,0,151000,80000,71000,71000
1457,宜進            ,104000,33000,71000,0,0,0,0,0,0,0,0,0,0,0,0,0,71000
060246,晶相光元大9C購03,0,0,0,0,0,0,0,0,0,70000,0,0,0,73000,3000,70000,70000
05994P,奇鋐元大96售02  ,0,0,0,0,0,0,0,0,0,70000,0,0,0,90000,20000,70000,70000
06051P,嘉聯益國票97售04,0,0,0,0,0,0,0,0,0,70000,0,0,0,70000,0,70000,70000
060464,台積電元大9A購11,0,0,0,0,0,0,0,0,0,70000,0,0,0,70000,0,70000,70000
054057,晶豪科國票97購01,0,0,0,0,0,0,0,0,0,70000,0,0,0,72000,2000,70000,70000
052998,拓凱康和96購01  ,0,0,0,0,0,0,0,0,0,70000,0,0,0,70000,0,70000,70000
054304,台積電凱基96購23,0,0,0,0,0,0,0,0,0,70000,0,0,0,70000,0,70000,70000
054487,京元電台新97購01,0,0,0,0,0,0,0,0,0,70000,0,0,0,80000,10000,70000,70000
058145,聯茂元大99購03  ,0,0,0,0,0,0,0,0,0,70000,0,0,0,140000,70000,70000,70000
048269,瀚宇博國泰95購01,0,0,0,0,0,0,0,0,0,70000,0,0,0,70000,0,70000,70000
050307,欣興中信95購01  ,0,0,0,0,0,0,0,0,0,70000,0,0,0,70000,0,70000,70000
053723,奇鋐凱基98購01  ,0,0,0,0,0,0,0,0,0,70000,0,0,0,90000,20000,70000,70000
053729,聯茂凱基96購05  ,0,0,0,0,0,0,0,0,0,70000,0,0,0,70000,0,70000,70000
057634,道瓊反元大99購01,0,0,0,0,0,0,0,0,0,70000,0,0,0,70000,0,70000,70000
055732,全新元富9A購01  ,0,0,0,0,0,0,0,0,0,70000,0,0,0,145000,75000,70000,70000
056384,玉晶光國泰9A購02,0,0,0,0,0,0,0,0,0,70000,0,0,0,70000,0,70000,70000
057469,康友永豐98購02  ,0,0,0,0,0,0,0,0,0,70000,0,0,0,70000,0,70000,70000
05752P,台積電中信96售06,0,0,0,0,0,0,0,0,0,70000,0,0,0,70000,0,70000,70000
057395,旺宏中信98購03  ,0,0,0,0,0,0,0,0,0,70000,0,0,0,110000,40000,70000,70000
056204,嘉澤永豐97購01  ,0,0,0,0,0,0,0,0,0,70000,0,0,0,100000,30000,70000,70000
1437,勤益控          ,88000,18000,70000,0,0,0,0,0,0,0,0,0,0,0,0,0,70000
07700P,臺股指元大9A售53,0,0,0,0,0,0,0,0,0,70000,0,0,0,76000,6000,70000,70000
07579P,聯茂元大9A售01  ,0,0,0,0,0,0,0,0,0,70000,0,0,0,300000,230000,70000,70000
06456P,聯發科統一98售03,0,0,0,0,0,0,0,0,0,70000,0,0,0,174000,104000,70000,70000
2485,兆赫            ,148000,72000,76000,0,0,0,0,0,0,-6000,0,6000,-6000,0,0,0,70000
9939,宏全            ,249000,190000,59000,0,0,0,0,0,0,11000,39000,32000,7000,4000,0,4000,70000
4540,全球傳動        ,91000,21000,70000,0,0,0,0,0,0,0,0,0,0,0,0,0,70000
5515,建國            ,146000,76000,70000,0,0,0,0,0,0,0,0,0,0,0,0,0,70000
2207,和泰車          ,136000,69009,66991,0,0,0,3000,0,3000,0,0,0,0,0,0,0,69991
061436,上銀凱基9A購07  ,0,0,0,0,0,0,0,0,0,69000,0,0,0,69000,0,69000,69000
06374P,台表科元大97售06,0,0,0,0,0,0,0,0,0,69000,0,0,0,89000,20000,69000,69000
051058,景碩群益96購01  ,0,0,0,0,0,0,0,0,0,69000,0,0,0,99000,30000,69000,69000
050893,鴻海元大96購03  ,0,0,0,0,0,0,0,0,0,69000,0,0,0,69000,0,69000,69000
055333,晶豪科兆豐97購01,0,0,0,0,0,0,0,0,0,69000,0,0,0,84000,15000,69000,69000
05947P,大成鋼元大96售03,0,0,0,0,0,0,0,0,0,69000,0,0,0,81000,12000,69000,69000
055558,大立光凱基97購08,0,0,0,0,0,0,0,0,0,69000,0,0,0,69000,0,69000,69000
6209,今國光          ,114000,45000,69000,0,0,0,0,0,0,0,0,0,0,0,0,0,69000
2535,達欣工          ,61000,32000,29000,0,0,0,0,0,0,40000,40000,0,40000,0,0,0,69000
061714,華新科凱基9A購15,0,0,0,0,0,0,0,0,0,68000,0,0,0,68000,0,68000,68000
061179,華擎凱基9A購01  ,0,0,0,0,0,0,0,0,0,68000,0,0,0,68000,0,68000,68000
060305,得力永豐9A購01  ,0,0,0,0,0,0,0,0,0,68000,0,0,0,68000,0,68000,68000
053167,欣興群益96購03  ,0,0,0,0,0,0,0,0,0,68000,0,0,0,68000,0,68000,68000
054531,聯發科國泰97購02,0,0,0,0,0,0,0,0,0,68000,0,0,0,71000,3000,68000,68000
055563,智易凱基97購02  ,0,0,0,0,0,0,0,0,0,68000,0,0,0,93000,25000,68000,68000
057744,健策永豐98購02  ,0,0,0,0,0,0,0,0,0,68000,0,0,0,68000,0,68000,68000
057809,英業達元大98購01,0,0,0,0,0,0,0,0,0,68000,0,0,0,124000,56000,68000,68000
057900,南亞科永豐98購01,0,0,0,0,0,0,0,0,0,68000,0,0,0,68000,0,68000,68000
06560P,台積電統一98售07,0,0,0,0,0,0,0,0,0,68000,0,0,0,73000,5000,68000,68000
07252P,台灣50凱基99售01,0,0,0,0,0,0,0,0,0,68000,0,0,0,68000,0,68000,68000
059902,滬深2X元大9C購08,0,0,0,0,0,0,0,0,0,67000,0,0,0,70000,3000,67000,67000
061547,禾伸堂群益9A購01,0,0,0,0,0,0,0,0,0,67000,0,0,0,214000,147000,67000,67000
054358,矽創兆豐96購01  ,0,0,0,0,0,0,0,0,0,67000,0,0,0,67000,0,67000,67000
058290,南電國票9A購01  ,0,0,0,0,0,0,0,0,0,67000,0,0,0,134000,67000,67000,67000
054216,聯茂國票97購03  ,0,0,0,0,0,0,0,0,0,67000,0,0,0,77000,10000,67000,67000
051855,道瓊反凱基97購01,0,0,0,0,0,0,0,0,0,67000,0,0,0,67000,0,67000,67000
049552,鴻海國泰96購01  ,0,0,0,0,0,0,0,0,0,67000,0,0,0,67000,0,67000,67000
058989,茂林凱基99購02  ,0,0,0,0,0,0,0,0,0,67000,0,0,0,85000,18000,67000,67000
057747,致新永豐98購01  ,0,0,0,0,0,0,0,0,0,67000,0,0,0,87000,20000,67000,67000
07408P,台積電兆豐99售06,0,0,0,0,0,0,0,0,0,67000,0,0,0,137000,70000,67000,67000
062042,台勝科凱基9C購01,0,0,0,0,0,0,0,0,0,66000,0,0,0,85000,19000,66000,66000
00730,富邦臺灣優質高息,0,0,0,0,0,0,0,0,0,66000,0,0,0,388000,322000,66000,66000
052005,矽力國泰97購02  ,0,0,0,0,0,0,0,0,0,66000,0,0,0,115000,49000,66000,66000
054128,台積電元大97購10,0,0,0,0,0,0,0,0,0,66000,0,0,0,66000,0,66000,66000
058610,欣興元大99購05  ,0,0,0,0,0,0,0,0,0,66000,0,0,0,110000,44000,66000,66000
059116,晶豪科永豐99購01,0,0,0,0,0,0,0,0,0,66000,0,0,0,81000,15000,66000,66000
057547,技嘉凱基99購01  ,0,0,0,0,0,0,0,0,0,66000,0,0,0,72000,6000,66000,66000
06934P,聯鈞元大98售03  ,0,0,0,0,0,0,0,0,0,66000,0,0,0,161000,95000,66000,66000
2939,凱羿-KY         ,114000,48000,66000,0,0,0,0,0,0,0,0,0,0,0,0,0,66000
061908,台積電中信05購01,0,0,0,0,0,0,0,0,0,65000,0,0,0,105000,40000,65000,65000
059922,大立光元大99購25,0,0,0,0,0,0,0,0,0,65000,0,0,0,121000,56000,65000,65000
060767,世紀鋼元大9A購02,0,0,0,0,0,0,0,0,0,65000,0,0,0,125000,60000,65000,65000
054091,晶豪科群益96購01,0,0,0,0,0,0,0,0,0,65000,0,0,0,115000,50000,65000,65000
051721,玉晶光永豐96購02,0,0,0,0,0,0,0,0,0,65000,0,0,0,75000,10000,65000,65000
051575,國巨元大96購03  ,0,0,0,0,0,0,0,0,0,65000,0,0,0,65000,0,65000,65000
050792,可成富邦96購01  ,0,0,0,0,0,0,0,0,0,65000,0,0,0,95000,30000,65000,65000
044201,群創國票95購01  ,0,0,0,0,0,0,0,0,0,65000,0,0,0,65000,0,65000,65000
058204,世芯凱基9A購01  ,0,0,0,0,0,0,0,0,0,65000,0,0,0,80000,15000,65000,65000
058224,世芯統一9B購02  ,0,0,0,0,0,0,0,0,0,65000,0,0,0,75000,10000,65000,65000
07210P,智邦凱基99售03  ,0,0,0,0,0,0,0,0,0,65000,0,0,0,76000,11000,65000,65000
07055P,景碩群益9A售02  ,0,0,0,0,0,0,0,0,0,65000,0,0,0,65000,0,65000,65000
060314,元翎永豐9A購01  ,0,0,0,0,0,0,0,0,0,64000,0,0,0,94000,30000,64000,64000
061771,玉晶光元大9C購04,0,0,0,0,0,0,0,0,0,64000,0,0,0,172000,108000,64000,64000
052376,聯詠元大95購04  ,0,0,0,0,0,0,0,0,0,64000,0,0,0,64000,0,64000,64000
054311,世芯凱基96購02  ,0,0,0,0,0,0,0,0,0,64000,0,0,0,79000,15000,64000,64000
056722,滬深反中信9B購01,0,0,0,0,0,0,0,0,0,64000,0,0,0,64000,0,64000,64000
057314,全新麥證98購01  ,0,0,0,400000,336000,64000,0,0,0,64000,0,0,0,400000,336000,64000,64000
059147,矽創國票99購01  ,0,0,0,0,0,0,0,0,0,64000,0,0,0,141000,77000,64000,64000
058957,貿聯國票9A購01  ,0,0,0,0,0,0,0,0,0,64000,0,0,0,64000,0,64000,64000
060254,世紀鋼元大9A購01,0,0,0,0,0,0,0,0,0,63000,0,0,0,130000,67000,63000,63000
059951,台塑康和99購01  ,0,0,0,0,0,0,0,0,0,63000,0,0,0,72000,9000,63000,63000
054466,欣興凱基97購03  ,0,0,0,0,0,0,0,0,0,63000,0,0,0,63000,0,63000,63000
053067,牧德群益96購01  ,0,0,0,0,0,0,0,0,0,63000,0,0,0,73000,10000,63000,63000
055469,台光電凱基97購01,0,0,0,0,0,0,0,0,0,63000,0,0,0,63000,0,63000,63000
057114,台虹群益98購01  ,0,0,0,0,0,0,0,0,0,63000,0,0,0,63000,0,63000,63000
057755,鴻海日盛98購01  ,0,0,0,0,0,0,0,0,0,63000,0,0,0,63000,0,63000,63000
056669,貿聯國票99購01  ,0,0,0,0,0,0,0,0,0,63000,0,0,0,63000,0,63000,63000
06967P,台郡台新99售02  ,0,0,0,0,0,0,0,0,0,63000,0,0,0,63000,0,63000,63000
06507P,台表科國票99售01,0,0,0,0,0,0,0,0,0,63000,0,0,0,123000,60000,63000,63000
07705P,台積電元大9A售26,0,0,0,0,0,0,0,0,0,63000,0,0,0,63000,0,63000,63000
07909P,台積電統一9B售12,0,0,0,0,0,0,0,0,0,63000,0,0,0,63000,0,63000,63000
4916,事欣科          ,96000,33000,63000,0,0,0,0,0,0,0,0,0,0,0,0,0,63000
059852,康控永豐99購02  ,0,0,0,0,0,0,0,0,0,62000,0,0,0,197000,135000,62000,62000
060946,世紀鋼國票9A購02,0,0,0,0,0,0,0,0,0,62000,0,0,0,78000,16000,62000,62000
060436,巨大永豐9A購01  ,0,0,0,0,0,0,0,0,0,62000,0,0,0,71000,9000,62000,62000
060402,神隆國泰9B購01  ,0,0,0,0,0,0,0,0,0,62000,0,0,0,174000,112000,62000,62000
053400,緯穎中信9A購01  ,0,0,0,0,0,0,0,0,0,62000,0,0,0,82000,20000,62000,62000
056629,昇陽半永豐98購01,0,0,0,0,0,0,0,0,0,62000,0,0,0,77000,15000,62000,62000
057375,欣興元大98購09  ,0,0,0,0,0,0,0,0,0,62000,0,0,0,72000,10000,62000,62000
059474,元石油群益99購01,0,0,0,0,0,0,0,0,0,62000,0,0,0,62000,0,62000,62000
8464,億豐            ,269000,214000,55000,0,0,0,0,0,0,7000,0,0,0,8000,1000,7000,62000
2739,寒舍            ,62000,0,62000,0,0,0,0,0,0,0,0,0,0,0,0,0,62000
2836,高雄銀          ,146000,84000,62000,0,0,0,0,0,0,0,0,0,0,0,0,0,62000
061343,大立光元大9A購04,0,0,0,0,0,0,0,0,0,61000,0,0,0,71000,10000,61000,61000
054274,智易中信96購02  ,0,0,0,0,0,0,0,0,0,61000,0,0,0,115000,54000,61000,61000
055158,亞光元大99購01  ,0,0,0,0,0,0,0,0,0,61000,0,0,0,61000,0,61000,61000
055408,力成國泰98購01  ,0,0,0,0,0,0,0,0,0,61000,0,0,0,61000,0,61000,61000
050853,南電國票96購01  ,0,0,0,0,0,0,0,0,0,61000,0,0,0,61000,0,61000,61000
047410,上銀元富96購01  ,0,0,0,0,0,0,0,0,0,61000,0,0,0,161000,100000,61000,61000
052764,景碩群益98購01  ,0,0,0,0,0,0,0,0,0,61000,0,0,0,201000,140000,61000,61000
058051,同欣電元大98購03,0,0,0,0,0,0,0,0,0,61000,0,0,0,116000,55000,61000,61000
055591,全新元大98購01  ,0,0,0,0,0,0,0,0,0,61000,0,0,0,151000,90000,61000,61000
058762,貿聯群益99購03  ,0,0,0,0,0,0,0,0,0,61000,0,0,0,61000,0,61000,61000
06983P,台積電國泰9A售02,0,0,0,0,0,0,0,0,0,61000,0,0,0,65000,4000,61000,61000
07560P,台積電國泰9B售01,0,0,0,0,0,0,0,0,0,61000,0,0,0,61000,0,61000,61000
061369,T50反1國泰9B購03,0,0,0,0,0,0,0,0,0,60000,0,0,0,60000,0,60000,60000
061585,台積電富邦9B購06,0,0,0,0,0,0,0,0,0,60000,0,0,0,60000,0,60000,60000
061044,世紀鋼永豐9A購02,0,0,0,0,0,0,0,0,0,60000,0,0,0,60000,0,60000,60000
06212P,華新科元大97售11,0,0,0,0,0,0,0,0,0,60000,0,0,0,65000,5000,60000,60000
06282P,聯鈞永豐97售02  ,0,0,0,0,0,0,0,0,0,60000,0,0,0,170000,110000,60000,60000
060890,大立光統一01購01,0,0,0,0,0,0,0,0,0,60000,0,0,0,60000,0,60000,60000
052581,訊芯元富98購01  ,0,0,0,0,0,0,0,0,0,60000,0,0,0,60000,0,60000,60000
03680C,臺股指凱基9A牛26,0,0,0,0,0,0,0,0,0,60000,0,0,0,382000,322000,60000,60000
049892,國巨富邦96購01  ,0,0,0,0,0,0,0,0,0,60000,0,0,0,60000,0,60000,60000
055456,上銀富邦99購01  ,0,0,0,0,0,0,0,0,0,60000,0,0,0,60000,0,60000,60000
054002,GIS群益96購03   ,0,0,0,0,0,0,0,0,0,60000,0,0,0,60000,0,60000,60000
053188,旺宏統一97購03  ,0,0,0,0,0,0,0,0,0,60000,0,0,0,60000,0,60000,60000
054075,GIS富邦97購02   ,0,0,0,0,0,0,0,0,0,60000,0,0,0,60000,0,60000,60000
054532,強茂國泰98購01  ,0,0,0,0,0,0,0,0,0,60000,0,0,0,60000,0,60000,60000
054795,合勤控群益98購01,0,0,0,0,0,0,0,0,0,60000,0,0,0,178000,118000,60000,60000
058283,世紀鋼中信99購01,0,0,0,0,0,0,0,0,0,60000,0,0,0,60000,0,60000,60000
056097,訊芯元富97購02  ,0,0,0,0,0,0,0,0,0,60000,0,0,0,60000,0,60000,60000
056600,聯茂元富98購01  ,0,0,0,0,0,0,0,0,0,60000,0,0,0,60000,0,60000,60000
056390,台積電富邦9B購01,0,0,0,0,0,0,0,0,0,60000,0,0,0,60000,0,60000,60000
058229,為升元大99購02  ,0,0,0,0,0,0,0,0,0,60000,0,0,0,60000,0,60000,60000
058591,台灣50統一9B購02,0,0,0,0,0,0,0,0,0,60000,0,0,0,63000,3000,60000,60000
056828,國巨富邦9A購03  ,0,0,0,0,0,0,0,0,0,60000,0,0,0,60000,0,60000,60000
056863,義隆群益98購01  ,0,0,0,0,0,0,0,0,0,60000,0,0,0,87000,27000,60000,60000
058072,大立光凱基98購20,0,0,0,0,0,0,0,0,0,60000,0,0,0,60000,0,60000,60000
058026,上銀富邦9A購01  ,0,0,0,0,0,0,0,0,0,60000,0,0,0,101000,41000,60000,60000
057218,可成群益99購03  ,0,0,0,0,0,0,0,0,0,60000,0,0,0,60000,0,60000,60000
058863,可成凱基99購02  ,0,0,0,0,0,0,0,0,0,60000,0,0,0,60000,0,60000,60000
058864,欣興凱基99購04  ,0,0,0,0,0,0,0,0,0,60000,0,0,0,60000,0,60000,60000
057778,大立光群益98購02,0,0,0,0,0,0,0,0,0,60000,0,0,0,60000,0,60000,60000
057001,華邦電國票99購02,0,0,0,0,0,0,0,0,0,60000,0,0,0,60000,0,60000,60000
059073,元油2X元大9C購14,0,0,0,0,0,0,0,0,0,60000,0,0,0,111000,51000,60000,60000
057138,亞德客兆豐98購01,0,0,0,0,0,0,0,0,0,60000,0,0,0,60000,0,60000,60000
07337P,台灣50凱基99售09,0,0,0,0,0,0,0,0,0,60000,0,0,0,60000,0,60000,60000
07592P,台灣50元大9A售17,0,0,0,0,0,0,0,0,0,60000,0,0,0,60000,0,60000,60000
4106,雃博            ,292000,232000,60000,0,0,0,0,0,0,0,0,0,0,0,0,0,60000
060471,台勝科元大9B購01,0,0,0,0,0,0,0,0,0,59000,0,0,0,60000,1000,59000,59000
060327,美律群益9A購02  ,0,0,0,0,0,0,0,0,0,59000,0,0,0,61000,2000,59000,59000
061042,致新永豐9A購02  ,0,0,0,0,0,0,0,0,0,59000,0,0,0,123000,64000,59000,59000
061468,神達群益9A購01  ,0,0,0,0,0,0,0,0,0,59000,0,0,0,109000,50000,59000,59000
050311,上銀兆豐95購01  ,0,0,0,0,0,0,0,0,0,59000,0,0,0,59000,0,59000,59000
03497P,金像電凱基02售06,0,0,0,0,0,0,0,0,0,59000,0,0,0,59000,0,59000,59000
057352,大立光統一9A購02,0,0,0,0,0,0,0,0,0,59000,0,0,0,59000,0,59000,59000
058248,聯茂元大99購05  ,0,0,0,0,0,0,0,0,0,59000,0,0,0,149000,90000,59000,59000
055817,京鼎國票99購01  ,0,0,0,0,0,0,0,0,0,59000,0,0,0,64000,5000,59000,59000
055650,華新科元富98購01,0,0,0,0,0,0,0,0,0,59000,0,0,0,59000,0,59000,59000
6165,捷泰            ,112000,53000,59000,0,0,0,0,0,0,0,0,0,0,0,0,0,59000
2539,櫻花建          ,80000,21000,59000,0,0,0,0,0,0,0,0,0,0,0,0,0,59000
2923,鼎固-KY         ,60000,1000,59000,0,0,0,0,0,0,0,0,0,0,0,0,0,59000
07583P,台積電富邦9B售05,0,0,0,0,0,0,0,0,0,59000,0,0,0,59000,0,59000,59000
2239,英利-KY         ,70000,13000,57000,0,0,0,0,0,0,2000,2000,0,2000,0,0,0,59000
1612,宏泰            ,59000,0,59000,0,0,0,0,0,0,0,0,0,0,0,0,0,59000
06521P,矽力元大98售01  ,0,0,0,0,0,0,0,0,0,59000,0,0,0,110000,51000,59000,59000
061619,大立光群益9B購01,0,0,0,0,0,0,0,0,0,58000,0,0,0,58000,0,58000,58000
06453P,群創元大9B售02  ,0,0,0,0,0,0,0,0,0,58000,0,0,0,58000,0,58000,58000
060548,友達凱基9B購03  ,0,0,0,0,0,0,0,0,0,58000,0,0,0,68000,10000,58000,58000
060917,台表科國泰9B購01,0,0,0,0,0,0,0,0,0,58000,0,0,0,188000,130000,58000,58000
060664,聯詠凱基9A購01  ,0,0,0,0,0,0,0,0,0,58000,0,0,0,68000,10000,58000,58000
059936,台積電永豐99購06,0,0,0,0,0,0,0,0,0,58000,0,0,0,58000,0,58000,58000
059928,道瓊銀富邦03購01,0,0,0,0,0,0,0,0,0,58000,0,0,0,61000,3000,58000,58000
059995,南亞科元富99購01,0,0,0,0,0,0,0,0,0,58000,0,0,0,225000,167000,58000,58000
055446,奇力新統一9A購01,0,0,0,0,0,0,0,0,0,58000,0,0,0,58000,0,58000,58000
053724,聯詠凱基96購04  ,0,0,0,0,0,0,0,0,0,58000,0,0,0,58000,0,58000,58000
054055,全新國票99購02  ,0,0,0,0,0,0,0,0,0,58000,0,0,0,58000,0,58000,58000
053176,矽力群益96購02  ,0,0,0,0,0,0,0,0,0,58000,0,0,0,60000,2000,58000,58000
055525,國巨群益98購05  ,0,0,0,0,0,0,0,0,0,58000,0,0,0,168000,110000,58000,58000
056434,國巨凱基98購03  ,0,0,0,0,0,0,0,0,0,58000,0,0,0,207000,149000,58000,58000
055986,祥碩元富97購01  ,0,0,0,0,0,0,0,0,0,58000,0,0,0,60000,2000,58000,58000
058567,華新科凱基9A購02,0,0,0,0,0,0,0,0,0,58000,0,0,0,88000,30000,58000,58000
058628,宏達電國票9A購01,0,0,0,0,0,0,0,0,0,58000,0,0,0,58000,0,58000,58000
1731,美吾華          ,91000,33000,58000,0,0,0,0,0,0,0,0,0,0,0,0,0,58000
3015,全漢            ,90000,33000,57000,0,0,0,0,0,0,1000,1000,0,1000,0,0,0,58000
061334,華通元大9A購09  ,0,0,0,0,0,0,0,0,0,57000,0,0,0,346000,289000,57000,57000
061244,和碩兆豐9A購01  ,0,0,0,0,0,0,0,0,0,57000,0,0,0,476000,419000,57000,57000
055160,玉晶光元大99購03,0,0,0,0,0,0,0,0,0,57000,0,0,0,72000,15000,57000,57000
058403,玉晶光元大99購12,0,0,0,0,0,0,0,0,0,57000,0,0,0,244000,187000,57000,57000
055472,大立光凱基97購07,0,0,0,0,0,0,0,0,0,57000,0,0,0,57000,0,57000,57000
05627P,致伸國票97售01  ,0,0,0,0,0,0,0,0,0,57000,0,0,0,57000,0,57000,57000
059442,祥碩元大99購03  ,0,0,0,0,0,0,0,0,0,57000,0,0,0,62000,5000,57000,57000
6533,晶心科          ,77000,20000,57000,0,0,0,0,0,0,0,0,0,0,0,0,0,57000
2425,承啟            ,185000,128000,57000,0,0,0,0,0,0,0,0,0,0,0,0,0,57000
06599P,宏達電永豐98售02,0,0,0,0,0,0,0,0,0,57000,0,0,0,57000,0,57000,57000
059173,矽力凱基99購01  ,0,0,0,0,0,0,0,0,0,56000,0,0,0,96000,40000,56000,56000
056754,智易兆豐99購01  ,0,0,0,0,0,0,0,0,0,56000,0,0,0,69000,13000,56000,56000
055540,京鼎台新97購01  ,0,0,0,0,0,0,0,0,0,56000,0,0,0,56000,0,56000,56000
056107,智易永豐97購02  ,0,0,0,0,0,0,0,0,0,56000,0,0,0,197000,141000,56000,56000
07415P,台積電元大99售52,0,0,0,0,0,0,0,0,0,56000,0,0,0,56000,0,56000,56000
07494P,葡萄王元大9A售03,0,0,0,0,0,0,0,0,0,56000,0,0,0,61000,5000,56000,56000
07100P,華航元大99售01  ,0,0,0,0,0,0,0,0,0,56000,0,0,0,570000,514000,56000,56000
9908,大台北          ,62000,2000,60000,0,0,0,0,0,0,-4000,0,4000,-4000,0,0,0,56000
3030,德律            ,85000,29000,56000,0,0,0,0,0,0,0,0,0,0,0,0,0,56000
061222,台灣50中信9A購02,0,0,0,0,0,0,0,0,0,55000,0,0,0,75000,20000,55000,55000
061210,玉山金元大9A購02,0,0,0,0,0,0,0,0,0,55000,0,0,0,55000,0,55000,55000
061488,奇力新兆豐9A購01,0,0,0,0,0,0,0,0,0,55000,0,0,0,75000,20000,55000,55000
06300P,緯穎元大97售04  ,0,0,0,0,0,0,0,0,0,55000,0,0,0,55000,0,55000,55000
060775,世芯凱基9A購02  ,0,0,0,0,0,0,0,0,0,55000,0,0,0,55000,0,55000,55000
060624,玉晶光元大9C購02,0,0,0,0,0,0,0,0,0,55000,0,0,0,113000,58000,55000,55000
060335,明泰康和9A購01  ,0,0,0,0,0,0,0,0,0,55000,0,0,0,55000,0,55000,55000
060376,瑞祺元富9A購01  ,0,0,0,0,0,0,0,0,0,55000,0,0,0,211000,156000,55000,55000
060369,滬深2X元富01購01,0,0,0,0,0,0,0,0,0,55000,0,0,0,87000,32000,55000,55000
050271,上緯控元大96購01,0,0,0,0,0,0,0,0,0,55000,0,0,0,55000,0,55000,55000
049255,旺宏元大97購02  ,0,0,0,0,0,0,0,0,0,55000,0,0,0,91000,36000,55000,55000
049024,玉晶光群益97購01,0,0,0,0,0,0,0,0,0,55000,0,0,0,113000,58000,55000,55000
047196,上銀統一97購01  ,0,0,0,0,0,0,0,0,0,55000,0,0,0,55000,0,55000,55000
058185,國巨永豐99購01  ,0,0,0,0,0,0,0,0,0,55000,0,0,0,55000,0,55000,55000
058170,國巨凱基9A購06  ,0,0,0,0,0,0,0,0,0,55000,0,0,0,69000,14000,55000,55000
053502,智伸科兆豐97購01,0,0,0,0,0,0,0,0,0,55000,0,0,0,118000,63000,55000,55000
053259,卜蜂群益97購01  ,0,0,0,0,0,0,0,0,0,55000,0,0,0,95000,40000,55000,55000
053134,南亞科國票97購01,0,0,0,0,0,0,0,0,0,55000,0,0,0,126000,71000,55000,55000
054121,奇鋐永豐96購02  ,0,0,0,0,0,0,0,0,0,55000,0,0,0,56000,1000,55000,55000
057621,崇越凱基98購01  ,0,0,0,0,0,0,0,0,0,55000,0,0,0,70000,15000,55000,55000
055858,聯茂元大97購03  ,0,0,0,0,0,0,0,0,0,55000,0,0,0,144000,89000,55000,55000
05930P,景碩康和96售01  ,0,0,0,0,0,0,0,0,0,55000,0,0,0,120000,65000,55000,55000
057130,全新凱基98購03  ,0,0,0,0,0,0,0,0,0,55000,0,0,0,75000,20000,55000,55000
058997,鴻海元大99購21  ,0,0,0,0,0,0,0,0,0,55000,0,0,0,114000,59000,55000,55000
056987,南茂群益98購01  ,0,0,0,0,0,0,0,0,0,55000,0,0,0,55000,0,55000,55000
056126,台郡國票98購02  ,0,0,0,0,0,0,0,0,0,55000,0,0,0,55000,0,55000,55000
1733,五鼎            ,79000,26000,53000,0,0,0,0,0,0,2000,2000,0,2000,0,0,0,55000
1503,士電            ,61000,6000,55000,0,0,0,0,0,0,0,0,0,0,0,0,0,55000
07715P,台灣50群益9A售14,0,0,0,0,0,0,0,0,0,55000,0,0,0,81000,26000,55000,55000
07777P,創意元大9A售03  ,0,0,0,0,0,0,0,0,0,55000,0,0,0,93000,38000,55000,55000
1103,嘉泥            ,113000,58000,55000,0,0,0,0,0,0,0,0,0,0,0,0,0,55000
2912,統一超          ,238000,185313,52687,0,0,0,2000,0,2000,0,0,0,0,0,0,0,54687
060605,大立光凱基9C購01,0,0,0,0,0,0,0,0,0,54000,0,0,0,74000,20000,54000,54000
060639,玉晶光永豐9A購05,0,0,0,0,0,0,0,0,0,54000,0,0,0,328000,274000,54000,54000
060864,可成永豐9A購01  ,0,0,0,0,0,0,0,0,0,54000,0,0,0,145000,91000,54000,54000
05975P,國巨日盛99售02  ,0,0,0,0,0,0,0,0,0,54000,0,0,0,54000,0,54000,54000
054497,國巨永豐96購05  ,0,0,0,0,0,0,0,0,0,54000,0,0,0,55000,1000,54000,54000
05724P,致茂永豐96售01  ,0,0,0,0,0,0,0,0,0,54000,0,0,0,54000,0,54000,54000
057504,技嘉麥證98購01  ,0,0,0,56000,0,56000,0,0,0,54000,0,0,0,56000,2000,54000,54000
8261,富鼎            ,104000,50000,54000,0,0,0,0,0,0,0,0,0,0,0,0,0,54000
5283,禾聯碩          ,53000,2000,51000,0,0,0,0,0,0,3000,0,0,0,3000,0,3000,54000
1732,毛寶            ,846000,812000,34000,0,0,0,0,0,0,20000,0,0,0,20000,0,20000,54000
060031,旭富永豐99購02  ,0,0,0,0,0,0,0,0,0,53000,0,0,0,70000,17000,53000,53000
06043P,創意永豐96售06  ,0,0,0,0,0,0,0,0,0,53000,0,0,0,87000,34000,53000,53000
061549,泰碩群益9A購01  ,0,0,0,0,0,0,0,0,0,53000,0,0,0,75000,22000,53000,53000
061013,台積電麥證9A購03,0,0,0,58000,5000,53000,0,0,0,53000,0,0,0,58000,5000,53000,53000
060994,世芯元大9A購03  ,0,0,0,0,0,0,0,0,0,53000,0,0,0,82000,29000,53000,53000
054347,上緯控國票96購02,798000,299000,499000,0,0,0,0,0,0,-446000,0,0,0,352000,798000,-446000,53000
058095,昇陽半元大98購03,0,0,0,0,0,0,0,0,0,53000,0,0,0,114000,61000,53000,53000
054151,瑞昱國泰97購01  ,0,0,0,0,0,0,0,0,0,53000,0,0,0,53000,0,53000,53000
051729,華新國票96購01  ,0,0,0,0,0,0,0,0,0,53000,0,0,0,63000,10000,53000,53000
057405,麗豐群益98購01  ,0,0,0,0,0,0,0,0,0,53000,0,0,0,91000,38000,53000,53000
059250,大立光凱基99購06,0,0,0,0,0,0,0,0,0,53000,0,0,0,53000,0,53000,53000
055876,美食元富9A購01  ,0,0,0,0,0,0,0,0,0,53000,0,0,0,53000,0,53000,53000
057696,聯電群益9A購01  ,0,0,0,0,0,0,0,0,0,53000,0,0,0,55000,2000,53000,53000
056091,百和統一97購01  ,0,0,0,0,0,0,0,0,0,53000,0,0,0,53000,0,53000,53000
1519,華城            ,101000,48000,53000,0,0,0,0,0,0,0,0,0,0,0,0,0,53000
07826P,台積電富邦9B售07,0,0,0,0,0,0,0,0,0,53000,0,0,0,58000,5000,53000,53000
3257,虹冠電          ,85000,32000,53000,0,0,0,0,0,0,0,0,0,0,0,0,0,53000
06184P,大立光元大97售06,0,0,0,0,0,0,0,0,0,52000,0,0,0,52000,0,52000,52000
059814,SP黃豆凱基9A購02,0,0,0,0,0,0,0,0,0,52000,0,0,0,162000,110000,52000,52000
048373,A50正2元富95購01,0,0,0,0,0,0,0,0,0,52000,0,0,0,52000,0,52000,52000
052456,滬深2X元富9B購03,0,0,0,0,0,0,0,0,0,52000,0,0,0,52000,0,52000,52000
03603P,群創凱基98售04  ,0,0,0,0,0,0,0,0,0,52000,0,0,0,138000,86000,52000,52000
053404,致新群益96購01  ,0,0,0,0,0,0,0,0,0,52000,0,0,0,52000,0,52000,52000
054363,世芯凱基97購01  ,0,0,0,0,0,0,0,0,0,52000,0,0,0,60000,8000,52000,52000
057724,亞德客國泰99購01,0,0,0,0,0,0,0,0,0,52000,0,0,0,85000,33000,52000,52000
059197,可成永豐99購02  ,0,0,0,0,0,0,0,0,0,52000,0,0,0,52000,0,52000,52000
057081,大立光統一98購07,0,0,0,0,0,0,0,0,0,52000,0,0,0,55000,3000,52000,52000
057306,玉晶光兆豐99購01,0,0,0,0,0,0,0,0,0,52000,0,0,0,68000,16000,52000,52000
06021P,世紀鋼元富96售03,0,0,0,0,0,0,0,0,0,51000,0,0,0,51000,0,51000,51000
060379,T50反1凱基9A購07,0,0,0,0,0,0,0,0,0,51000,0,0,0,142000,91000,51000,51000
060806,華新科群益9A購03,0,0,0,0,0,0,0,0,0,51000,0,0,0,51000,0,51000,51000
061279,鴻海統一9C購04  ,0,0,0,0,0,0,0,0,0,51000,0,0,0,229000,178000,51000,51000
054357,可成兆豐97購02  ,0,0,0,0,0,0,0,0,0,51000,0,0,0,51000,0,51000,51000
058272,超眾永豐9A購01  ,0,0,0,0,0,0,0,0,0,51000,0,0,0,75000,24000,51000,51000
00700,富邦恒生國企    ,0,0,0,0,0,0,0,0,0,51000,0,0,0,106000,55000,51000,51000
059488,大立光兆豐99購03,0,0,0,0,0,0,0,0,0,51000,0,0,0,51000,0,51000,51000
057699,可成群益9A購02  ,0,0,0,0,0,0,0,0,0,51000,0,0,0,71000,20000,51000,51000
056719,台虹永豐98購01  ,0,0,0,0,0,0,0,0,0,51000,0,0,0,121000,70000,51000,51000
056004,南電永豐97購02  ,0,0,0,0,0,0,0,0,0,51000,0,0,0,71000,20000,51000,51000
3563,牧德            ,345000,379000,-34000,0,0,0,49000,0,49000,36000,15000,1000,14000,52000,30000,22000,51000
2538,基泰            ,126000,75000,51000,0,0,0,0,0,0,0,0,0,0,0,0,0,51000
07839P,嘉澤元大9A售04  ,0,0,0,0,0,0,0,0,0,51000,0,0,0,62000,11000,51000,51000
07856P,力成凱基9A售02  ,0,0,0,0,0,0,0,0,0,51000,0,0,0,52000,1000,51000,51000
1316,上曜            ,103000,52000,51000,0,0,0,0,0,0,0,0,0,0,0,0,0,51000
06631P,玉晶光群益9A售03,0,0,0,0,0,0,0,0,0,51000,0,0,0,51000,0,51000,51000
061267,玉山金凱基9B購01,0,0,0,0,0,0,0,0,0,50000,0,0,0,143000,93000,50000,50000
061292,玉晶光統一01購06,0,0,0,0,0,0,0,0,0,50000,0,0,0,212000,162000,50000,50000
061083,京元電兆豐9A購01,0,0,0,0,0,0,0,0,0,50000,0,0,0,50000,0,50000,50000
061310,華新科麥證9A購01,0,0,0,50000,0,50000,0,0,0,50000,0,0,0,50000,0,50000,50000
061764,旺宏元大9B購01  ,0,0,0,0,0,0,0,0,0,50000,0,0,0,59000,9000,50000,50000
061692,聯發科群益9A購04,0,0,0,0,0,0,0,0,0,50000,0,0,0,106000,56000,50000,50000
061651,世紀鋼元大9C購02,0,0,0,0,0,0,0,0,0,50000,0,0,0,50000,0,50000,50000
060692,鴻海麥證9A購01  ,0,0,0,50000,0,50000,0,0,0,50000,0,0,0,50000,0,50000,50000
060830,T50反1國票9A購07,0,0,0,0,0,0,0,0,0,50000,0,0,0,50000,0,50000,50000
060923,全新永豐9A購01  ,0,0,0,0,0,0,0,0,0,50000,0,0,0,110000,60000,50000,50000
060575,大立光中信9B購02,0,0,0,0,0,0,0,0,0,50000,0,0,0,50000,0,50000,50000
060510,大立光元大9A購03,0,0,0,0,0,0,0,0,0,50000,0,0,0,50000,0,50000,50000
060496,滬深2X元大9A購05,0,0,0,0,0,0,0,0,0,50000,0,0,0,50000,0,50000,50000
060214,茂林康和9A購01  ,0,0,0,0,0,0,0,0,0,50000,0,0,0,51000,1000,50000,50000
059980,台積電元大99購50,0,0,0,0,0,0,0,0,0,50000,0,0,0,50000,0,50000,50000
059987,大立光元大99購28,0,0,0,0,0,0,0,0,0,50000,0,0,0,50000,0,50000,50000
060044,大立光群益99購09,0,0,0,0,0,0,0,0,0,50000,0,0,0,50000,0,50000,50000
046999,康控富邦99購01  ,0,0,0,0,0,0,0,0,0,50000,0,0,0,50000,0,50000,50000
052702,群創國票97購03  ,0,0,0,0,0,0,0,0,0,50000,0,0,0,100000,50000,50000,50000
052753,電子類元大96購02,0,0,0,0,0,0,0,0,0,50000,0,0,0,50000,0,50000,50000
052838,新唐國泰98購01  ,0,0,0,0,0,0,0,0,0,50000,0,0,0,50000,0,50000,50000
052276,力成群益96購01  ,0,0,0,0,0,0,0,0,0,50000,0,0,0,60000,10000,50000,50000
052922,國巨永豐96購01  ,0,0,0,0,0,0,0,0,0,50000,0,0,0,50000,0,50000,50000
051321,建準國票96購01  ,0,0,0,0,0,0,0,0,0,50000,0,0,0,60000,10000,50000,50000
053885,全新兆豐96購01  ,0,0,0,0,0,0,0,0,0,50000,0,0,0,50000,0,50000,50000
053698,中磊元大96購02  ,0,0,0,0,0,0,0,0,0,50000,0,0,0,50000,0,50000,50000
053702,智易兆豐97購02  ,0,0,0,0,0,0,0,0,0,50000,0,0,0,50000,0,50000,50000
053804,富邦金凱基96購01,0,0,0,0,0,0,0,0,0,50000,0,0,0,101000,51000,50000,50000
051077,台郡國泰96購02  ,0,0,0,0,0,0,0,0,0,50000,0,0,0,50000,0,50000,50000
058122,美律國票9A購01  ,0,0,0,0,0,0,0,0,0,50000,0,0,0,50000,0,50000,50000
058152,聯發科統一9B購02,0,0,0,0,0,0,0,0,0,50000,0,0,0,70000,20000,50000,50000
054742,京鼎凱基99購01  ,0,0,0,0,0,0,0,0,0,50000,0,0,0,50000,0,50000,50000
054625,旺宏凱基98購03  ,0,0,0,0,0,0,0,0,0,50000,0,0,0,50000,0,50000,50000
055078,亞泥中信98購01  ,0,0,0,0,0,0,0,0,0,50000,0,0,0,50000,0,50000,50000
055349,京元電凱基97購02,0,0,0,0,0,0,0,0,0,50000,0,0,0,50000,0,50000,50000
053553,聯詠凱基96購03  ,0,0,0,0,0,0,0,0,0,50000,0,0,0,50000,0,50000,50000
055919,景碩凱基98購02  ,0,0,0,0,0,0,0,0,0,50000,0,0,0,66000,16000,50000,50000
055867,臺股指元大97購05,0,0,0,0,0,0,0,0,0,50000,0,0,0,50000,0,50000,50000
055833,華通元大98購05  ,0,0,0,0,0,0,0,0,0,50000,0,0,0,50000,0,50000,50000
058205,神達凱基9B購01  ,0,0,0,0,0,0,0,0,0,50000,0,0,0,50000,0,50000,50000
057925,貿聯凱基99購01  ,0,0,0,0,0,0,0,0,0,50000,0,0,0,50000,0,50000,50000
057974,上銀永豐98購02  ,0,0,0,0,0,0,0,0,0,50000,0,0,0,60000,10000,50000,50000
056068,欣興元大97購05  ,0,0,0,0,0,0,0,0,0,50000,0,0,0,50000,0,50000,50000
055657,超眾元富97購02  ,0,0,0,0,0,0,0,0,0,50000,0,0,0,333000,283000,50000,50000
05889P,群創元大98售02  ,0,0,0,0,0,0,0,0,0,50000,0,0,0,78000,28000,50000,50000
057534,旭富元大98購01  ,0,0,0,0,0,0,0,0,0,50000,0,0,0,50000,0,50000,50000
06937P,GIS元大98售03   ,0,0,0,0,0,0,0,0,0,50000,0,0,0,68000,18000,50000,50000
07225P,台積電元大99售33,0,0,0,0,0,0,0,0,0,50000,0,0,0,60000,10000,50000,50000
07516P,台積電元大9A售16,0,0,0,0,0,0,0,0,0,50000,0,0,0,50000,0,50000,50000
07904P,聯發科群益9B售05,0,0,0,0,0,0,0,0,0,50000,0,0,0,55000,5000,50000,50000
07667P,亞德客元大9A售05,0,0,0,0,0,0,0,0,0,50000,0,0,0,86000,36000,50000,50000
2017,官田鋼          ,50000,0,50000,0,0,0,0,0,0,0,0,0,0,0,0,0,50000
2882A,國泰特          ,0,0,0,0,0,0,0,0,0,50000,50000,0,50000,0,0,0,50000
8481,政伸            ,50000,0,50000,0,0,0,0,0,0,0,0,0,0,0,0,0,50000
059943,信邦永豐99購01  ,0,0,0,0,0,0,0,0,0,49000,0,0,0,72000,23000,49000,49000
059566,台積電凱基9A購11,0,0,0,0,0,0,0,0,0,49000,0,0,0,49000,0,49000,49000
060638,玉晶光永豐9A購04,0,0,0,0,0,0,0,0,0,49000,0,0,0,226000,177000,49000,49000
060798,旭富永豐9A購01  ,0,0,0,0,0,0,0,0,0,49000,0,0,0,244000,195000,49000,49000
055138,大毅永豐97購02  ,0,0,0,0,0,0,0,0,0,49000,0,0,0,75000,26000,49000,49000
054923,晶技凱基98購01  ,0,0,0,0,0,0,0,0,0,49000,0,0,0,79000,30000,49000,49000
055444,致新台新97購01  ,0,0,0,0,0,0,0,0,0,49000,0,0,0,50000,1000,49000,49000
051888,國巨元富95購05  ,0,0,0,0,0,0,0,0,0,49000,0,0,0,90000,41000,49000,49000
052775,滬深2X國票99購02,0,0,0,0,0,0,0,0,0,49000,0,0,0,49000,0,49000,49000
00733,富邦臺灣中小    ,0,0,0,0,0,0,0,0,0,49000,0,0,0,249000,200000,49000,49000
059311,元石油元大99購04,0,0,0,0,0,0,0,0,0,49000,0,0,0,159000,110000,49000,49000
058684,健策凱基99購02  ,0,0,0,0,0,0,0,0,0,49000,0,0,0,49000,0,49000,49000
058743,可成康和99購01  ,0,0,0,0,0,0,0,0,0,49000,0,0,0,50000,1000,49000,49000
057917,台積電凱基98購17,0,0,0,0,0,0,0,0,0,49000,0,0,0,49000,0,49000,49000
9930,中聯資源        ,64000,15000,49000,0,0,0,0,0,0,0,0,0,0,0,0,0,49000
4912,聯德控股-KY     ,58000,9000,49000,0,0,0,0,0,0,0,0,0,0,0,0,0,49000
3321,同泰            ,63000,14000,49000,0,0,0,0,0,0,0,0,0,0,0,0,0,49000
07800P,華新科國泰9B售04,0,0,0,0,0,0,0,0,0,49000,0,0,0,49000,0,49000,49000
1109,信大            ,78000,29000,49000,0,0,0,0,0,0,0,0,0,0,0,0,0,49000
06743P,創意永豐98售03  ,0,0,0,0,0,0,0,0,0,49000,0,0,0,254000,205000,49000,49000
060724,台灣50第一9A購02,0,0,0,0,0,0,0,0,0,48000,0,0,0,48000,0,48000,48000
060947,台積電統一9C購03,0,0,0,0,0,0,0,0,0,48000,0,0,0,48000,0,48000,48000
061510,嘉澤富邦9C購01  ,0,0,0,0,0,0,0,0,0,48000,0,0,0,70000,22000,48000,48000
061238,晶技元大9A購02  ,0,0,0,0,0,0,0,0,0,48000,0,0,0,113000,65000,48000,48000
055323,貿聯國票98購01  ,0,0,0,0,0,0,0,0,0,48000,0,0,0,48000,0,48000,48000
054339,聯詠統一96購02  ,0,0,0,0,0,0,0,0,0,48000,0,0,0,48000,0,48000,48000
058177,華新科凱基99購02,0,0,0,0,0,0,0,0,0,48000,0,0,0,48000,0,48000,48000
058134,信邦元大99購01  ,0,0,0,0,0,0,0,0,0,48000,0,0,0,313000,265000,48000,48000
057924,健策凱基98購02  ,0,0,0,0,0,0,0,0,0,48000,0,0,0,48000,0,48000,48000
056744,麗豐凱基9A購01  ,0,0,0,0,0,0,0,0,0,48000,0,0,0,100000,52000,48000,48000
055910,瑞昱凱基98購01  ,0,0,0,0,0,0,0,0,0,48000,0,0,0,48000,0,48000,48000
055746,同欣電元富97購01,0,0,0,0,0,0,0,0,0,48000,0,0,0,276000,228000,48000,48000
059360,全新永豐99購02  ,0,0,0,0,0,0,0,0,0,48000,0,0,0,77000,29000,48000,48000
056145,緯穎元大98購03  ,0,0,0,0,0,0,0,0,0,48000,0,0,0,48000,0,48000,48000
057142,力成兆豐98購01  ,0,0,0,0,0,0,0,0,0,48000,0,0,0,58000,10000,48000,48000
057203,麗豐元富98購02  ,0,0,0,0,0,0,0,0,0,48000,0,0,0,253000,205000,48000,48000
058812,台積電統一9B購06,0,0,0,0,0,0,0,0,0,48000,0,0,0,48000,0,48000,48000
07910P,台積電統一9C售07,0,0,0,0,0,0,0,0,0,48000,0,0,0,48000,0,48000,48000
07898P,國巨國泰9C售02  ,0,0,0,0,0,0,0,0,0,48000,0,0,0,90000,42000,48000,48000
060991,京鼎元大9A購01  ,0,0,0,0,0,0,0,0,0,47000,0,0,0,173000,126000,47000,47000
061715,牧德凱基9B購03  ,0,0,0,0,0,0,0,0,0,47000,0,0,0,193000,146000,47000,47000
060642,華擎永豐9A購02  ,0,0,0,0,0,0,0,0,0,47000,0,0,0,132000,85000,47000,47000
059643,日月光凱基99購02,0,0,0,0,0,0,0,0,0,47000,0,0,0,282000,235000,47000,47000
054807,台化元大9A購02  ,0,0,0,0,0,0,0,0,0,47000,0,0,0,65000,18000,47000,47000
055330,上銀兆豐98購02  ,0,0,0,0,0,0,0,0,0,47000,0,0,0,47000,0,47000,47000
05310P,智原永豐95售04  ,0,0,0,0,0,0,0,0,0,47000,0,0,0,47000,0,47000,47000
054188,欣興永豐96購03  ,0,0,0,0,0,0,0,0,0,47000,0,0,0,60000,13000,47000,47000
053769,香港反元大99購01,0,0,0,0,0,0,0,0,0,47000,0,0,0,47000,0,47000,47000
053712,台光電凱基96購04,0,0,0,0,0,0,0,0,0,47000,0,0,0,47000,0,47000,47000
057419,奇力新凱基98購06,0,0,0,0,0,0,0,0,0,47000,0,0,0,47000,0,47000,47000
055612,台光電國票97購04,0,0,0,0,0,0,0,0,0,47000,0,0,0,55000,8000,47000,47000
05642P,玉晶光兆豐97售02,0,0,0,0,0,0,0,0,0,47000,0,0,0,47000,0,47000,47000
07709P,創意元大9A售01  ,0,0,0,0,0,0,0,0,0,47000,0,0,0,146000,99000,47000,47000
2612,中航            ,50000,3000,47000,0,0,0,0,0,0,0,0,0,0,0,0,0,47000
059537,大立光凱基99購09,0,0,0,0,0,0,0,0,0,46000,0,0,0,46000,0,46000,46000
059784,台光電元大9A購01,0,0,0,0,0,0,0,0,0,46000,0,0,0,129000,83000,46000,46000
060632,可成富邦9B購01  ,0,0,0,0,0,0,0,0,0,46000,0,0,0,606000,560000,46000,46000
061409,力成國票9A購02  ,0,0,0,0,0,0,0,0,0,46000,0,0,0,108000,62000,46000,46000
050915,健策中信98購01  ,0,0,0,0,0,0,0,0,0,46000,0,0,0,245000,199000,46000,46000
053569,漢唐統一98購01  ,0,0,0,0,0,0,0,0,0,46000,0,0,0,166000,120000,46000,46000
053442,光罩凱基96購01  ,0,0,0,0,0,0,0,0,0,46000,0,0,0,46000,0,46000,46000
056462,訊芯凱基98購03  ,0,0,0,0,0,0,0,0,0,46000,0,0,0,46000,0,46000,46000
055562,欣興凱基97購06  ,0,0,0,0,0,0,0,0,0,46000,0,0,0,49000,3000,46000,46000
057479,致茂元大98購03  ,0,0,0,0,0,0,0,0,0,46000,0,0,0,50000,4000,46000,46000
057558,致新凱基98購01  ,0,0,0,0,0,0,0,0,0,46000,0,0,0,50000,4000,46000,46000
057875,京鼎元大98購03  ,0,0,0,0,0,0,0,0,0,46000,0,0,0,74000,28000,46000,46000
058015,旺宏凱基99購02  ,0,0,0,0,0,0,0,0,0,46000,0,0,0,46000,0,46000,46000
057103,禾伸堂中信9A購01,0,0,0,0,0,0,0,0,0,46000,0,0,0,66000,20000,46000,46000
059223,大立光元大99購14,0,0,0,0,0,0,0,0,0,46000,0,0,0,46000,0,46000,46000
2601,益航            ,333000,287000,46000,0,0,0,0,0,0,0,0,0,0,0,0,0,46000
3356,奇偶            ,100000,54000,46000,0,0,0,0,0,0,0,0,0,0,0,0,0,46000
5519,隆大            ,195000,149000,46000,0,0,0,0,0,0,0,0,0,0,0,0,0,46000
1527,鑽全            ,63000,17000,46000,0,0,0,0,0,0,0,0,0,0,0,0,0,46000
06525P,上証2X國泰99售01,0,0,0,0,0,0,0,0,0,46000,0,0,0,50000,4000,46000,46000
06991P,矽創群益99售01  ,0,0,0,0,0,0,0,0,0,46000,0,0,0,62000,16000,46000,46000
06757P,台灣50元大9B售01,0,0,0,0,0,0,0,0,0,46000,0,0,0,83000,37000,46000,46000
061002,瑞昱兆豐9B購01  ,0,0,0,0,0,0,0,0,0,45000,0,0,0,81000,36000,45000,45000
061894,台積電永豐9B購01,0,0,0,0,0,0,0,0,0,45000,0,0,0,45000,0,45000,45000
060317,台灣50群益02購01,0,0,0,0,0,0,0,0,0,45000,0,0,0,47000,2000,45000,45000
060876,國巨中信9A購04  ,0,0,0,0,0,0,0,0,0,45000,0,0,0,85000,40000,45000,45000
059944,欣興永豐99購03  ,0,0,0,0,0,0,0,0,0,45000,0,0,0,99000,54000,45000,45000
053669,台積電統一96購08,0,0,0,0,0,0,0,0,0,45000,0,0,0,45000,0,45000,45000
053601,台表科元大98購01,0,0,0,0,0,0,0,0,0,45000,0,0,0,45000,0,45000,45000
053405,台達電兆豐96購01,0,0,0,0,0,0,0,0,0,45000,0,0,0,55000,10000,45000,45000
053084,國巨元大98購01  ,0,0,0,0,0,0,0,0,0,45000,0,0,0,45000,0,45000,45000
055374,明泰元大97購01  ,0,0,0,0,0,0,0,0,0,45000,0,0,0,45000,0,45000,45000
054850,上海銀兆豐97購01,0,0,0,0,0,0,0,0,0,45000,0,0,0,45000,0,45000,45000
058296,明泰凱基99購01  ,0,0,0,0,0,0,0,0,0,45000,0,0,0,45000,0,45000,45000
053892,景碩群益96購02  ,0,0,0,0,0,0,0,0,0,45000,0,0,0,45000,0,45000,45000
050196,嘉聯益元大97購01,0,0,0,0,0,0,0,0,0,45000,0,0,0,45000,0,45000,45000
052392,台表科群益96購02,0,0,0,0,0,0,0,0,0,45000,0,0,0,45000,0,45000,45000
052759,京元電群益96購01,0,0,0,0,0,0,0,0,0,45000,0,0,0,45000,0,45000,45000
045768,大立光元富95購02,0,0,0,0,0,0,0,0,0,45000,0,0,0,45000,0,45000,45000
059485,台灣50兆豐99購02,0,0,0,0,0,0,0,0,0,45000,0,0,0,45000,0,45000,45000
056101,光磊永豐98購01  ,0,0,0,0,0,0,0,0,0,45000,0,0,0,55000,10000,45000,45000
06661P,玉晶光永豐98售05,0,0,0,0,0,0,0,0,0,45000,0,0,0,55000,10000,45000,45000
2062,橋椿            ,62000,17000,45000,0,0,0,0,0,0,0,0,0,0,0,0,0,45000
2413,環科            ,47000,2000,45000,0,0,0,0,0,0,0,0,0,0,0,0,0,45000
1338,廣華-KY         ,133000,88000,45000,0,0,0,0,0,0,0,0,0,0,0,0,0,45000
1225,福懋油          ,60000,15000,45000,0,0,0,0,0,0,0,0,0,0,0,0,0,45000
060150,華通富邦9B購01  ,0,0,0,0,0,0,0,0,0,44000,0,0,0,51000,7000,44000,44000
060868,致伸永豐9A購01  ,0,0,0,0,0,0,0,0,0,44000,0,0,0,44000,0,44000,44000
06068P,玉晶光康和97售01,0,0,0,0,0,0,0,0,0,44000,0,0,0,133000,89000,44000,44000
060796,世芯永豐9A購03  ,0,0,0,0,0,0,0,0,0,44000,0,0,0,110000,66000,44000,44000
052076,可成元富98購01  ,0,0,0,0,0,0,0,0,0,44000,0,0,0,64000,20000,44000,44000
058100,聯茂國泰99購02  ,0,0,0,0,0,0,0,0,0,44000,0,0,0,64000,20000,44000,44000
054416,禾伸堂元大97購01,0,0,0,0,0,0,0,0,0,44000,0,0,0,44000,0,44000,44000
058698,華通元大99購05  ,0,0,0,0,0,0,0,0,0,44000,0,0,0,322000,278000,44000,44000
057975,台積電永豐98購05,0,0,0,0,0,0,0,0,0,44000,0,0,0,68000,24000,44000,44000
058570,臻鼎凱基9A購01  ,0,0,0,0,0,0,0,0,0,44000,0,0,0,52000,8000,44000,44000
058966,元油2X日盛99購03,0,0,0,0,0,0,0,0,0,44000,0,0,0,74000,30000,44000,44000
6230,超眾            ,207000,216000,-9000,0,0,0,60000,0,60000,-7000,2000,17000,-15000,12000,4000,8000,44000
6582,申豐            ,162000,115000,47000,0,0,0,0,0,0,-3000,7000,10000,-3000,0,0,0,44000
1325,恆大            ,44900,63000,-18100,0,0,0,0,0,0,62000,80000,35000,45000,179000,162000,17000,43900
060626,貿聯元大9A購04  ,0,0,0,0,0,0,0,0,0,43000,0,0,0,53000,10000,43000,43000
06047P,聯發科富邦99售04,0,0,0,0,0,0,0,0,0,43000,0,0,0,46000,3000,43000,43000
060054,華新科凱基9B購04,0,0,0,0,0,0,0,0,0,43000,0,0,0,43000,0,43000,43000
059767,矽力永豐99購01  ,0,0,0,0,0,0,0,0,0,43000,0,0,0,535000,492000,43000,43000
06137P,玉晶光永豐97售04,0,0,0,0,0,0,0,0,0,43000,0,0,0,94000,51000,43000,43000
053396,漢唐中信9A購01  ,0,0,0,0,0,0,0,0,0,43000,0,0,0,48000,5000,43000,43000
053744,台郡國票97購03  ,0,0,0,0,0,0,0,0,0,43000,0,0,0,43000,0,43000,43000
05920P,力成元大96售04  ,0,0,0,0,0,0,0,0,0,43000,0,0,0,44000,1000,43000,43000
059051,和大凱基9A購01  ,0,0,0,0,0,0,0,0,0,43000,0,0,0,88000,45000,43000,43000
058681,大立光康和9B購01,0,0,0,0,0,0,0,0,0,43000,0,0,0,43000,0,43000,43000
058524,超眾元大99購04  ,0,0,0,0,0,0,0,0,0,43000,0,0,0,50000,7000,43000,43000
6525,捷敏-KY         ,60000,17000,43000,0,0,0,0,0,0,0,0,0,0,0,0,0,43000
059947,貿聯永豐99購03  ,0,0,0,0,0,0,0,0,0,42000,0,0,0,42000,0,42000,42000
059882,臺股指凱基9C購06,0,0,0,0,0,0,0,0,0,42000,0,0,0,183000,141000,42000,42000
060001,台灣50群益9A購10,0,0,0,0,0,0,0,0,0,42000,0,0,0,43000,1000,42000,42000
060547,瑞昱凱基9A購01  ,0,0,0,0,0,0,0,0,0,42000,0,0,0,55000,13000,42000,42000
060633,玉晶光富邦02購01,0,0,0,0,0,0,0,0,0,42000,0,0,0,287000,245000,42000,42000
05283P,健鼎元大95售04  ,0,0,0,0,0,0,0,0,0,42000,0,0,0,42000,0,42000,42000
055984,大立光元富97購02,0,0,0,0,0,0,0,0,0,42000,0,0,0,42000,0,42000,42000
055874,中環元富9A購01  ,0,0,0,0,0,0,0,0,0,42000,0,0,0,891000,849000,42000,42000
056794,上銀麥證98購01  ,0,0,0,50000,8000,42000,0,0,0,42000,0,0,0,50000,8000,42000,42000
056450,可成凱基98購05  ,0,0,0,0,0,0,0,0,0,42000,0,0,0,42000,0,42000,42000
059199,欣興永豐99購02  ,0,0,0,0,0,0,0,0,0,42000,0,0,0,43000,1000,42000,42000
05915P,聯發科元大96售19,0,0,0,0,0,0,0,0,0,42000,0,0,0,43000,1000,42000,42000
4545,銘鈺            ,51000,9000,42000,0,0,0,0,0,0,0,0,0,0,0,0,0,42000
07789P,緯穎群益9A售03  ,0,0,0,0,0,0,0,0,0,42000,0,0,0,82000,40000,42000,42000
07637P,國巨國票9A售08  ,0,0,0,0,0,0,0,0,0,42000,0,0,0,59000,17000,42000,42000
2388,威盛            ,119000,77000,42000,0,0,0,0,0,0,0,0,0,0,0,0,0,42000
07310P,大立光凱基99售12,0,0,0,0,0,0,0,0,0,42000,0,0,0,50000,8000,42000,42000
07284P,大立光凱基99售10,0,0,0,0,0,0,0,0,0,42000,0,0,0,42000,0,42000,42000
060658,台灣50凱基01購04,0,0,0,0,0,0,0,0,0,41000,0,0,0,41000,0,41000,41000
060232,友訊元大9C購01  ,0,0,0,0,0,0,0,0,0,41000,0,0,0,41000,0,41000,41000
05978P,麗豐永豐96售02  ,0,0,0,0,0,0,0,0,0,41000,0,0,0,67000,26000,41000,41000
062108,晶豪科國票9B購01,0,0,0,0,0,0,0,0,0,41000,0,0,0,55000,14000,41000,41000
051591,玉晶光元大97購01,0,0,0,0,0,0,0,0,0,41000,0,0,0,54000,13000,41000,41000
051488,健策凱基96購04  ,0,0,0,0,0,0,0,0,0,41000,0,0,0,43000,2000,41000,41000
059452,全新永豐99購03  ,0,0,0,0,0,0,0,0,0,41000,0,0,0,128000,87000,41000,41000
057902,嘉晶永豐98購02  ,0,0,0,0,0,0,0,0,0,41000,0,0,0,41000,0,41000,41000
056129,義隆麥證97購01  ,0,0,0,46000,5000,41000,0,0,0,41000,0,0,0,46000,5000,41000,41000
057985,華通元富02購03  ,0,0,0,0,0,0,0,0,0,41000,0,0,0,56000,15000,41000,41000
057631,康控永豐98購02  ,0,0,0,0,0,0,0,0,0,41000,0,0,0,68000,27000,41000,41000
07391P,台灣50國泰02售01,0,0,0,0,0,0,0,0,0,41000,0,0,0,51000,10000,41000,41000
1507,永大            ,42000,1000,41000,0,0,0,0,0,0,0,0,0,0,0,0,0,41000
8131,福懋科          ,73000,36000,37000,0,0,0,0,0,0,4000,1000,0,1000,6000,3000,3000,41000
3266,昇陽            ,41000,0,41000,0,0,0,0,0,0,0,0,0,0,0,0,0,41000
2476,鉅祥            ,63000,22000,41000,0,0,0,0,0,0,0,0,0,0,0,0,0,41000
061850,國巨國票9C購02  ,0,0,0,0,0,0,0,0,0,40000,0,0,0,40000,0,40000,40000
061361,世紀鋼兆豐9A購01,0,0,0,0,0,0,0,0,0,40000,0,0,0,185000,145000,40000,40000
061031,神隆永豐9A購02  ,0,0,0,0,0,0,0,0,0,40000,0,0,0,145000,105000,40000,40000
06115P,台積電統一97售04,0,0,0,0,0,0,0,0,0,40000,0,0,0,40000,0,40000,40000
060260,京鼎凱基9C購01  ,0,0,0,0,0,0,0,0,0,40000,0,0,0,40000,0,40000,40000
060688,世紀鋼元大9C購01,0,0,0,0,0,0,0,0,0,40000,0,0,0,50000,10000,40000,40000
060550,可成凱基9A購02  ,0,0,0,0,0,0,0,0,0,40000,0,0,0,133000,93000,40000,40000
060343,台積電統一9C購02,0,0,0,0,0,0,0,0,0,40000,0,0,0,40000,0,40000,40000
05119P,聯發科國泰96售02,0,0,0,0,0,0,0,0,0,40000,0,0,0,40000,0,40000,40000
05289P,鴻海永豐95售05  ,0,0,0,0,0,0,0,0,0,40000,0,0,0,40000,0,40000,40000
051598,瑞昱兆豐95購01  ,0,0,0,0,0,0,0,0,0,40000,0,0,0,40000,0,40000,40000
052130,國巨凱基9B購01  ,0,0,0,0,0,0,0,0,0,40000,0,0,0,40000,0,40000,40000
053908,貿聯凱基98購01  ,0,0,0,0,0,0,0,0,0,40000,0,0,0,40000,0,40000,40000
055475,臻鼎凱基97購02  ,0,0,0,0,0,0,0,0,0,40000,0,0,0,40000,0,40000,40000
052859,國巨凱基96購07  ,0,0,0,0,0,0,0,0,0,40000,0,0,0,129000,89000,40000,40000
052515,矽力凱基95購02  ,0,0,0,0,0,0,0,0,0,40000,0,0,0,40000,0,40000,40000
053110,大立光兆豐97購01,0,0,0,0,0,0,0,0,0,40000,0,0,0,40000,0,40000,40000
052980,上銀元大96購03  ,0,0,0,0,0,0,0,0,0,40000,0,0,0,40000,0,40000,40000
055324,TPK國票98購03   ,0,0,0,0,0,0,0,0,0,40000,0,0,0,40000,0,40000,40000
054033,欣興中信96購02  ,0,0,0,0,0,0,0,0,0,40000,0,0,0,40000,0,40000,40000
053561,玉晶光國泰98購01,0,0,0,0,0,0,0,0,0,40000,0,0,0,40000,0,40000,40000
058305,華邦電元大99購02,0,0,0,0,0,0,0,0,0,40000,0,0,0,40000,0,40000,40000
054356,可成兆豐97購01  ,0,0,0,0,0,0,0,0,0,40000,0,0,0,167000,127000,40000,40000
054644,A50正2群益9B購01,0,0,0,0,0,0,0,0,0,40000,0,0,0,60000,20000,40000,40000
054753,復盛凱基98購01  ,0,0,0,0,0,0,0,0,0,40000,0,0,0,40000,0,40000,40000
055980,祥碩統一98購01  ,0,0,0,0,0,0,0,0,0,40000,0,0,0,43000,3000,40000,40000
055921,新唐凱基98購01  ,0,0,0,0,0,0,0,0,0,40000,0,0,0,40000,0,40000,40000
05593P,鴻海國票97售03  ,0,0,0,0,0,0,0,0,0,40000,0,0,0,40000,0,40000,40000
055888,鴻海統一97購04  ,0,0,0,0,0,0,0,0,0,40000,0,0,0,50000,10000,40000,40000
056703,群創國泰9A購01  ,0,0,0,0,0,0,0,0,0,40000,0,0,0,40000,0,40000,40000
056623,禾伸堂永豐98購01,0,0,0,0,0,0,0,0,0,40000,0,0,0,40000,0,40000,40000
056014,上銀群益97購02  ,0,0,0,0,0,0,0,0,0,40000,0,0,0,40000,0,40000,40000
055747,康舒元富97購01  ,0,0,0,0,0,0,0,0,0,40000,0,0,0,40000,0,40000,40000
057460,楠梓電永豐98購03,0,0,0,0,0,0,0,0,0,40000,0,0,0,50000,10000,40000,40000
058796,可成元大99購04  ,0,0,0,0,0,0,0,0,0,40000,0,0,0,60000,20000,40000,40000
059343,宏達電凱基99購04,0,0,0,0,0,0,0,0,0,40000,0,0,0,77000,37000,40000,40000
059229,臺股指元大99購22,0,0,0,0,0,0,0,0,0,40000,0,0,0,40000,0,40000,40000
059138,台積電兆豐99購04,0,0,0,0,0,0,0,0,0,40000,0,0,0,40000,0,40000,40000
4564,元翎            ,122000,82000,40000,0,0,0,0,0,0,0,0,0,0,0,0,0,40000
6142,友勁            ,8000,32000,-24000,0,0,0,0,0,0,64000,64000,0,64000,0,0,0,40000
2013,中鋼構          ,72000,32000,40000,0,0,0,0,0,0,0,0,0,0,0,0,0,40000
07785P,鴻海中信04售03  ,0,0,0,0,0,0,0,0,0,40000,0,0,0,40000,0,40000,40000
07706P,長榮航元大9A售03,0,0,0,0,0,0,0,0,0,40000,0,0,0,40000,0,40000,40000
06455P,上銀統一99售03  ,0,0,0,0,0,0,0,0,0,40000,0,0,0,40000,0,40000,40000
06908P,健策國泰99售02  ,0,0,0,0,0,0,0,0,0,40000,0,0,0,40000,0,40000,40000
060571,京元電永豐9A購01,0,0,0,0,0,0,0,0,0,39000,0,0,0,238000,199000,39000,39000
054530,台光電國泰97購03,0,0,0,0,0,0,0,0,0,39000,0,0,0,39000,0,39000,39000
058159,健策台新9A購01  ,0,0,0,0,0,0,0,0,0,39000,0,0,0,45000,6000,39000,39000
050142,聯發科元富9A購01,0,0,0,0,0,0,0,0,0,39000,0,0,0,39000,0,39000,39000
00762,元大全球AI      ,0,0,0,0,0,0,0,0,0,39000,0,0,0,179000,140000,39000,39000
054930,群電凱基98購01  ,0,0,0,0,0,0,0,0,0,39000,0,0,0,39000,0,39000,39000
058905,京鼎元大99購01  ,0,0,0,0,0,0,0,0,0,39000,0,0,0,112000,73000,39000,39000
058220,世芯國票9A購01  ,0,0,0,0,0,0,0,0,0,39000,0,0,0,77000,38000,39000,39000
06686P,麗豐永豐98售02  ,0,0,0,0,0,0,0,0,0,39000,0,0,0,39000,0,39000,39000
07315P,台積電台新99售06,0,0,0,0,0,0,0,0,0,39000,0,0,0,130000,91000,39000,39000
07142P,台灣50元大01售01,0,0,0,0,0,0,0,0,0,39000,0,0,0,40000,1000,39000,39000
07832P,台積電群益9A售08,0,0,0,0,0,0,0,0,0,39000,0,0,0,49000,10000,39000,39000
2030,彰源            ,43000,4000,39000,0,0,0,0,0,0,0,0,0,0,0,0,0,39000
060630,國巨富邦9C購03  ,0,0,0,0,0,0,0,0,0,38000,0,0,0,38000,0,38000,38000
060488,台灣50群益9C購01,0,0,0,0,0,0,0,0,0,38000,0,0,0,38000,0,38000,38000
060904,臺指反元大9C購07,0,0,0,0,0,0,0,0,0,38000,0,0,0,40000,2000,38000,38000
060215,柏文康和9A購01  ,0,0,0,0,0,0,0,0,0,38000,0,0,0,38000,0,38000,38000
060073,台積電元富99購03,0,0,0,0,0,0,0,0,0,38000,0,0,0,48000,10000,38000,38000
060077,台積電台新9B購01,0,0,0,0,0,0,0,0,0,38000,0,0,0,38000,0,38000,38000
06230P,亞德客永豐97售03,0,0,0,0,0,0,0,0,0,38000,0,0,0,38000,0,38000,38000
053705,滬深2X凱基99購01,0,0,0,0,0,0,0,0,0,38000,0,0,0,38000,0,38000,38000
052125,群創國票95購02  ,0,0,0,0,0,0,0,0,0,38000,0,0,0,38000,0,38000,38000
051233,力成群益97購01  ,0,0,0,0,0,0,0,0,0,38000,0,0,0,57000,19000,38000,38000
052851,滬深2X元富96購02,0,0,0,0,0,0,0,0,0,38000,0,0,0,38000,0,38000,38000
058488,華擎國票9A購01  ,0,0,0,0,0,0,0,0,0,38000,0,0,0,94000,56000,38000,38000
054538,台光電國票98購01,0,0,0,0,0,0,0,0,0,38000,0,0,0,58000,20000,38000,38000
054263,聯茂元大96購02  ,0,0,0,0,0,0,0,0,0,38000,0,0,0,50000,12000,38000,38000
054271,中石化中信99購01,0,0,0,0,0,0,0,0,0,38000,0,0,0,38000,0,38000,38000
053424,欣興永豐96購02  ,0,0,0,0,0,0,0,0,0,38000,0,0,0,38000,0,38000,38000
056293,上銀元大97購10  ,0,0,0,0,0,0,0,0,0,38000,0,0,0,38000,0,38000,38000
056518,美律國票99購01  ,0,0,0,0,0,0,0,0,0,38000,0,0,0,38000,0,38000,38000
056904,大立光元大99購05,0,0,0,0,0,0,0,0,0,38000,0,0,0,40000,2000,38000,38000
056247,台郡群益97購01  ,0,0,0,0,0,0,0,0,0,38000,0,0,0,98000,60000,38000,38000
057147,新日興國票99購01,0,0,0,0,0,0,0,0,0,38000,0,0,0,38000,0,38000,38000
057341,技嘉台新98購01  ,0,0,0,0,0,0,0,0,0,38000,0,0,0,38000,0,38000,38000
1473,台南            ,59000,21000,38000,0,0,0,0,0,0,0,0,0,0,0,0,0,38000
1442,名軒            ,42000,4000,38000,0,0,0,0,0,0,0,0,0,0,0,0,0,38000
1323,永裕            ,56000,18000,38000,0,0,0,0,0,0,0,0,0,0,0,0,0,38000
07352P,台積電國票99售11,0,0,0,0,0,0,0,0,0,38000,0,0,0,87000,49000,38000,38000
6164,華興            ,37000,0,37000,0,0,0,0,0,0,1000,1000,0,1000,0,0,0,38000
9924,福興            ,54000,16000,38000,0,0,0,0,0,0,0,0,0,0,0,0,0,38000
6024,群益期          ,97000,59395,37605,0,0,0,0,0,0,0,0,0,0,0,0,0,37605
058188,華擎永豐99購01  ,0,0,0,0,0,0,0,0,0,37000,0,0,0,59000,22000,37000,37000
052378,矽力元大96購01  ,0,0,0,0,0,0,0,0,0,37000,0,0,0,39000,2000,37000,37000
058873,美律國票9A購02  ,0,0,0,0,0,0,0,0,0,37000,0,0,0,37000,0,37000,37000
057211,鴻海群益98購05  ,0,0,0,0,0,0,0,0,0,37000,0,0,0,296000,259000,37000,37000
057275,友達元大9A購04  ,0,0,0,0,0,0,0,0,0,37000,0,0,0,100000,63000,37000,37000
058936,國喬中信99購01  ,0,0,0,0,0,0,0,0,0,37000,0,0,0,67000,30000,37000,37000
056151,建準凱基97購01  ,0,0,0,0,0,0,0,0,0,37000,0,0,0,43000,6000,37000,37000
056404,嘉聯益群益9A購01,0,0,0,0,0,0,0,0,0,37000,0,0,0,386000,349000,37000,37000
058212,華新科群益9A購01,0,0,0,0,0,0,0,0,0,37000,0,0,0,100000,63000,37000,37000
6168,宏齊            ,82000,45000,37000,0,0,0,0,0,0,0,0,0,0,0,0,0,37000
5234,達興材料        ,90000,53000,37000,0,0,0,0,0,0,0,0,0,0,0,0,0,37000
8429,金麗-KY         ,57000,20000,37000,0,0,0,0,0,0,0,0,0,0,0,0,0,37000
6409,旭隼            ,86000,49000,37000,0,0,0,0,0,0,0,0,0,0,0,0,0,37000
06699P,台積電統一98售11,0,0,0,0,0,0,0,0,0,37000,0,0,0,37000,0,37000,37000
06766P,玉晶光元大99售10,0,0,0,0,0,0,0,0,0,37000,0,0,0,86000,49000,37000,37000
1540,喬福            ,37000,0,37000,0,0,0,0,0,0,0,0,0,0,0,0,0,37000
1711,永光            ,382000,345000,37000,0,0,0,0,0,0,0,0,0,0,0,0,0,37000
061370,晶技國泰9C購01  ,0,0,0,0,0,0,0,0,0,36000,0,0,0,37000,1000,36000,36000
059796,台積電國票99購10,0,0,0,0,0,0,0,0,0,36000,0,0,0,73000,37000,36000,36000
060953,富邦金群益9A購01,0,0,0,0,0,0,0,0,0,36000,0,0,0,51000,15000,36000,36000
060552,群創凱基9B購05  ,0,0,0,0,0,0,0,0,0,36000,0,0,0,218000,182000,36000,36000
060521,鴻海中信01購03  ,0,0,0,0,0,0,0,0,0,36000,0,0,0,41000,5000,36000,36000
060530,聯發科中信9C購03,0,0,0,0,0,0,0,0,0,36000,0,0,0,36000,0,36000,36000
060623,玉晶光元大9C購01,0,0,0,0,0,0,0,0,0,36000,0,0,0,56000,20000,36000,36000
051650,矽力永豐95購01  ,0,0,0,0,0,0,0,0,0,36000,0,0,0,36000,0,36000,36000
050254,大立光富邦96購02,0,0,0,0,0,0,0,0,0,36000,0,0,0,46000,10000,36000,36000
053718,全新凱基97購02  ,0,0,0,0,0,0,0,0,0,36000,0,0,0,86000,50000,36000,36000
05545P,台表科國泰98售01,0,0,0,0,0,0,0,0,0,36000,0,0,0,66000,30000,36000,36000
020015,統一MSCI美低波N ,0,0,0,0,0,0,0,0,0,36000,0,0,0,47000,11000,36000,36000
053591,大立光元大99購03,0,0,0,0,0,0,0,0,0,36000,0,0,0,36000,0,36000,36000
058657,大立光中信99購01,0,0,0,0,0,0,0,0,0,36000,0,0,0,36000,0,36000,36000
057941,聯電國票99購01  ,0,0,0,0,0,0,0,0,0,36000,0,0,0,72000,36000,36000,36000
056182,台光電統一97購03,0,0,0,0,0,0,0,0,0,36000,0,0,0,46000,10000,36000,36000
059036,可成群益9B購03  ,0,0,0,0,0,0,0,0,0,36000,0,0,0,42000,6000,36000,36000
057123,上銀凱基98購05  ,0,0,0,0,0,0,0,0,0,36000,0,0,0,36000,0,36000,36000
057235,亞光凱基98購04  ,0,0,0,0,0,0,0,0,0,36000,0,0,0,46000,10000,36000,36000
07899P,和大凱基9B售01  ,0,0,0,0,0,0,0,0,0,36000,0,0,0,111000,75000,36000,36000
060504,技嘉元大9A購02  ,0,0,0,0,0,0,0,0,0,35000,0,0,0,225000,190000,35000,35000
060385,台勝科凱基9A購01,0,0,0,0,0,0,0,0,0,35000,0,0,0,135000,100000,35000,35000
060169,群電永豐9A購01  ,0,0,0,0,0,0,0,0,0,35000,0,0,0,35000,0,35000,35000
061347,創意元大9A購02  ,0,0,0,0,0,0,0,0,0,35000,0,0,0,63000,28000,35000,35000
061887,祥碩國泰9C購01  ,0,0,0,0,0,0,0,0,0,35000,0,0,0,157000,122000,35000,35000
054245,鴻海元大96購23  ,0,0,0,0,0,0,0,0,0,35000,0,0,0,155000,120000,35000,35000
053032,國巨兆豐97購02  ,0,0,0,0,0,0,0,0,0,35000,0,0,0,35000,0,35000,35000
05807P,泰鼎永豐96售03  ,0,0,0,0,0,0,0,0,0,35000,0,0,0,35000,0,35000,35000
052719,致新凱基96購01  ,0,0,0,0,0,0,0,0,0,35000,0,0,0,50000,15000,35000,35000
052700,奇鋐國票97購02  ,0,0,0,0,0,0,0,0,0,35000,0,0,0,45000,10000,35000,35000
052498,台積電永豐95購06,0,0,0,0,0,0,0,0,0,35000,0,0,0,35000,0,35000,35000
048059,欣興國泰95購01  ,0,0,0,0,0,0,0,0,0,35000,0,0,0,35000,0,35000,35000
047004,台積電統一99購01,0,0,0,0,0,0,0,0,0,35000,0,0,0,35000,0,35000,35000
052062,臺股指國票95購09,0,0,0,0,0,0,0,0,0,35000,0,0,0,35000,0,35000,35000
058813,旺宏統一9B購04  ,0,0,0,0,0,0,0,0,0,35000,0,0,0,35000,0,35000,35000
056368,祥碩元大98購02  ,0,0,0,0,0,0,0,0,0,35000,0,0,0,80000,45000,35000,35000
057143,台郡兆豐98購01  ,0,0,0,0,0,0,0,0,0,35000,0,0,0,35000,0,35000,35000
057084,立積統一9B購01  ,0,0,0,0,0,0,0,0,0,35000,0,0,0,136000,101000,35000,35000
057107,華新科群益98購06,0,0,0,0,0,0,0,0,0,35000,0,0,0,98000,63000,35000,35000
059154,可成日盛99購02  ,0,0,0,0,0,0,0,0,0,35000,0,0,0,165000,130000,35000,35000
058754,元油2X群益99購02,135000,100000,35000,0,0,0,0,0,0,0,0,0,0,0,0,0,35000
05574P,英業達元富96售01,0,0,0,0,0,0,0,0,0,35000,0,0,0,35000,0,35000,35000
07570P,旺宏凱基9A售04  ,0,0,0,0,0,0,0,0,0,35000,0,0,0,35000,0,35000,35000
1809,中釉            ,61000,26000,35000,0,0,0,0,0,0,0,0,0,0,0,0,0,35000
06888P,日月光元大98售02,0,0,0,0,0,0,0,0,0,35000,0,0,0,55000,20000,35000,35000
6197,佳必琪          ,75000,40000,35000,0,0,0,0,0,0,0,0,0,0,0,0,0,35000
2468,華經            ,35000,0,35000,0,0,0,0,0,0,0,0,0,0,0,0,0,35000
3679,新至陞          ,47000,9000,38000,0,0,0,0,0,0,-3000,0,3000,-3000,0,0,0,35000
061852,大立光國票9B購02,0,0,0,0,0,0,0,0,0,34000,0,0,0,34000,0,34000,34000
060655,國巨統一9B購06  ,0,0,0,0,0,0,0,0,0,34000,0,0,0,43000,9000,34000,34000
058135,景碩元大99購01  ,0,0,0,0,0,0,0,0,0,34000,0,0,0,216000,182000,34000,34000
058399,美律元大99購05  ,0,0,0,0,0,0,0,0,0,34000,0,0,0,46000,12000,34000,34000
055207,致新中信99購01  ,0,0,0,0,0,0,0,0,0,34000,0,0,0,66000,32000,34000,34000
055145,T50反1元大97購04,0,0,0,0,0,0,0,0,0,34000,0,0,0,40000,6000,34000,34000
053234,奇鋐永豐96購01  ,0,0,0,0,0,0,0,0,0,34000,0,0,0,34000,0,34000,34000
055780,禾伸堂凱基99購01,0,0,0,0,0,0,0,0,0,34000,0,0,0,34000,0,34000,34000
056741,大立光凱基98購14,0,0,0,0,0,0,0,0,0,34000,0,0,0,34000,0,34000,34000
055967,臻鼎元大97購01  ,0,0,0,0,0,0,0,0,0,34000,0,0,0,34000,0,34000,34000
057665,技嘉元大99購01  ,0,0,0,0,0,0,0,0,0,34000,0,0,0,93000,59000,34000,34000
056157,聯詠凱基97購03  ,0,0,0,0,0,0,0,0,0,34000,0,0,0,34000,0,34000,34000
056116,義隆群益97購02  ,0,0,0,0,0,0,0,0,0,34000,0,0,0,57000,23000,34000,34000
3645,達邁            ,79000,45000,34000,0,0,0,0,0,0,0,0,0,0,0,0,0,34000
3028,增你強          ,45000,11000,34000,0,0,0,0,0,0,0,0,0,0,0,0,0,34000
6152,百一            ,34000,0,34000,0,0,0,0,0,0,0,0,0,0,0,0,0,34000
06750P,聯發科元富02售03,0,0,0,0,0,0,0,0,0,34000,0,0,0,41000,7000,34000,34000
07460P,臺股指元大9B售03,0,0,0,0,0,0,0,0,0,34000,0,0,0,35000,1000,34000,34000
1721,三晃            ,44000,10000,34000,0,0,0,0,0,0,0,0,0,0,0,0,0,34000
07873P,華新科群益9B售03,0,0,0,0,0,0,0,0,0,34000,0,0,0,34000,0,34000,34000
060381,元黃金凱基9A購01,0,0,0,0,0,0,0,0,0,33000,0,0,0,65000,32000,33000,33000
061865,力山元大9B購01  ,0,0,0,0,0,0,0,0,0,33000,0,0,0,52000,19000,33000,33000
062091,世紀鋼元大9B購01,0,0,0,0,0,0,0,0,0,33000,0,0,0,44000,11000,33000,33000
061163,台灣50兆豐9A購04,0,0,0,0,0,0,0,0,0,33000,0,0,0,33000,0,33000,33000
053542,超眾永豐96購01  ,0,0,0,0,0,0,0,0,0,33000,0,0,0,33000,0,33000,33000
058315,TPK富邦9C購01   ,0,0,0,0,0,0,0,0,0,33000,0,0,0,37000,4000,33000,33000
058105,旺宏統一9A購02  ,0,0,0,0,0,0,0,0,0,33000,0,0,0,47000,14000,33000,33000
052323,矽力元大95購04  ,0,0,0,0,0,0,0,0,0,33000,0,0,0,33000,0,33000,33000
053895,智易群益96購02  ,0,0,0,0,0,0,0,0,0,33000,0,0,0,211000,178000,33000,33000
053819,大立光群益96購04,0,0,0,0,0,0,0,0,0,33000,0,0,0,98000,65000,33000,33000
042752,台灣50元大96購03,0,0,0,0,0,0,0,0,0,33000,0,0,0,43000,10000,33000,33000
058828,大毅永豐99購01  ,0,0,0,0,0,0,0,0,0,33000,0,0,0,44000,11000,33000,33000
059122,超眾永豐99購01  ,0,0,0,0,0,0,0,0,0,33000,0,0,0,33000,0,33000,33000
059094,臻鼎元大99購03  ,0,0,0,0,0,0,0,0,0,33000,0,0,0,33000,0,33000,33000
059256,臺股指凱基99購34,0,0,0,0,0,0,0,0,0,33000,0,0,0,313000,280000,33000,33000
056951,牧德統一99購01  ,0,0,0,0,0,0,0,0,0,33000,0,0,0,323000,290000,33000,33000
056919,英業達兆豐98購01,0,0,0,0,0,0,0,0,0,33000,0,0,0,53000,20000,33000,33000
06680P,智邦元大98售06  ,0,0,0,0,0,0,0,0,0,33000,0,0,0,33000,0,33000,33000
06466P,台積電統一9B售01,0,0,0,0,0,0,0,0,0,33000,0,0,0,33000,0,33000,33000
3032,偉訓            ,79000,46000,33000,0,0,0,0,0,0,0,0,0,0,0,0,0,33000
2362,藍天            ,102000,65155,36845,0,0,0,0,0,0,-4000,1000,5000,-4000,0,0,0,32845
061876,明泰元大9B購01  ,0,0,0,0,0,0,0,0,0,32000,0,0,0,61000,29000,32000,32000
061927,玉晶光凱基9C購01,0,0,0,0,0,0,0,0,0,32000,0,0,0,38000,6000,32000,32000
060576,欣興中信9B購01  ,0,0,0,0,0,0,0,0,0,32000,0,0,0,62000,30000,32000,32000
059536,新光金凱基99購05,0,0,0,0,0,0,0,0,0,32000,0,0,0,47000,15000,32000,32000
059570,全新凱基99購04  ,0,0,0,0,0,0,0,0,0,32000,0,0,0,61000,29000,32000,32000
05248P,矽創群益96售01  ,0,0,0,0,0,0,0,0,0,32000,0,0,0,32000,0,32000,32000
054017,茂林永豐96購02  ,0,0,0,0,0,0,0,0,0,32000,0,0,0,62000,30000,32000,32000
054065,樺漢國票97購01  ,0,0,0,0,0,0,0,0,0,32000,0,0,0,32000,0,32000,32000
058766,力山兆豐99購01  ,0,0,0,0,0,0,0,0,0,32000,0,0,0,147000,115000,32000,32000
058061,貿聯元富9B購01  ,0,0,0,0,0,0,0,0,0,32000,0,0,0,32000,0,32000,32000
057252,牧德元富98購01  ,0,0,0,0,0,0,0,0,0,32000,0,0,0,60000,28000,32000,32000
057538,緯穎元大98購07  ,0,0,0,0,0,0,0,0,0,32000,0,0,0,32000,0,32000,32000
2305,全友            ,34000,3000,31000,0,0,0,0,0,0,1000,1000,0,1000,0,0,0,32000
9914,美利達          ,207000,177000,30000,0,0,0,0,0,0,2000,2000,0,2000,0,0,0,32000
059563,鴻海凱基9A購14  ,0,0,0,0,0,0,0,0,0,31000,0,0,0,31000,0,31000,31000
060619,玉晶光元大9A購03,0,0,0,0,0,0,0,0,0,31000,0,0,0,90000,59000,31000,31000
060622,玉晶光元大9B購02,0,0,0,0,0,0,0,0,0,31000,0,0,0,49000,18000,31000,31000
060654,大毅群益9B購01  ,0,0,0,0,0,0,0,0,0,31000,0,0,0,33000,2000,31000,31000
061426,玉晶光元大9A購15,0,0,0,0,0,0,0,0,0,31000,0,0,0,33000,2000,31000,31000
054212,聯詠國票97購03  ,0,0,0,0,0,0,0,0,0,31000,0,0,0,94000,63000,31000,31000
055268,和大元大97購01  ,0,0,0,0,0,0,0,0,0,31000,0,0,0,35000,4000,31000,31000
049108,玉晶光富邦96購02,0,0,0,0,0,0,0,0,0,31000,0,0,0,31000,0,31000,31000
053792,百和元大96購01  ,0,0,0,0,0,0,0,0,0,31000,0,0,0,31000,0,31000,31000
055473,禾伸堂凱基97購01,0,0,0,0,0,0,0,0,0,31000,0,0,0,31000,0,31000,31000
057323,智邦群益98購01  ,0,0,0,0,0,0,0,0,0,31000,0,0,0,50000,19000,31000,31000
059377,台積電群益99購09,0,0,0,0,0,0,0,0,0,31000,0,0,0,79000,48000,31000,31000
059099,元油2X統一9C購01,0,0,0,0,0,0,0,0,0,31000,0,0,0,31000,0,31000,31000
056411,緯穎國票99購01  ,0,0,0,0,0,0,0,0,0,31000,0,0,0,31000,0,31000,31000
057709,電子類群益98購01,0,0,0,0,0,0,0,0,0,31000,0,0,0,31000,0,31000,31000
1524,耿鼎            ,35000,4000,31000,0,0,0,0,0,0,0,0,0,0,0,0,0,31000
1452,宏益            ,53000,22000,31000,0,0,0,0,0,0,0,0,0,0,0,0,0,31000
06780P,義隆元大98售02  ,0,0,0,0,0,0,0,0,0,31000,0,0,0,203000,172000,31000,31000
2357,華碩            ,781181,548571,232610,0,0,0,2000,200000,-198000,-4000,1000,0,1000,0,5000,-5000,30610
061315,滬深2X凱基9C購06,0,0,0,0,0,0,0,0,0,30000,0,0,0,30000,0,30000,30000
06153P,健策元大97售04  ,0,0,0,0,0,0,0,0,0,30000,0,0,0,30000,0,30000,30000
061573,義隆元大9A購02  ,0,0,0,0,0,0,0,0,0,30000,0,0,0,59000,29000,30000,30000
061190,力山永豐9A購02  ,0,0,0,0,0,0,0,0,0,30000,0,0,0,30000,0,30000,30000
061140,華擎統一9C購01  ,0,0,0,0,0,0,0,0,0,30000,0,0,0,30000,0,30000,30000
061961,台積電統一01購02,0,0,0,0,0,0,0,0,0,30000,0,0,0,50000,20000,30000,30000
06450P,聯發科元大98售03,0,0,0,0,0,0,0,0,0,30000,0,0,0,30000,0,30000,30000
060832,臺指反國票9A購01,0,0,0,0,0,0,0,0,0,30000,0,0,0,30000,0,30000,30000
060618,玉晶光元大9A購02,0,0,0,0,0,0,0,0,0,30000,0,0,0,34000,4000,30000,30000
060546,旺宏凱基9A購02  ,0,0,0,0,0,0,0,0,0,30000,0,0,0,30000,0,30000,30000
059626,台積電凱基01購01,0,0,0,0,0,0,0,0,0,30000,0,0,0,50000,20000,30000,30000
05971P,世紀鋼永豐96售04,0,0,0,0,0,0,0,0,0,30000,0,0,0,30000,0,30000,30000
059769,滬深2X群益9C購01,0,0,0,0,0,0,0,0,0,30000,0,0,0,30000,0,30000,30000
059868,台光電凱基99購03,0,0,0,0,0,0,0,0,0,30000,0,0,0,30000,0,30000,30000
060126,創意永豐99購04  ,0,0,0,0,0,0,0,0,0,30000,0,0,0,30000,0,30000,30000
055417,健策富邦98購02  ,0,0,0,0,0,0,0,0,0,30000,0,0,0,30000,0,30000,30000
055425,聚陽群益99購01  ,0,0,0,0,0,0,0,0,0,30000,0,0,0,30000,0,30000,30000
053913,華新國票97購01  ,0,0,0,0,0,0,0,0,0,30000,0,0,0,30000,0,30000,30000
053999,台表科群益96購06,0,0,0,0,0,0,0,0,0,30000,0,0,0,128000,98000,30000,30000
052290,鴻海元富97購01  ,0,0,0,0,0,0,0,0,0,30000,0,0,0,30000,0,30000,30000
052305,GIS永豐95購03   ,0,0,0,0,0,0,0,0,0,30000,0,0,0,30000,0,30000,30000
051582,聯發科元大97購02,0,0,0,0,0,0,0,0,0,30000,0,0,0,30000,0,30000,30000
051847,香港反中信99購01,0,0,0,0,0,0,0,0,0,30000,0,0,0,50000,20000,30000,30000
051999,勤誠元大95購01  ,0,0,0,0,0,0,0,0,0,30000,0,0,0,30000,0,30000,30000
051410,京元電國票96購01,0,0,0,0,0,0,0,0,0,30000,0,0,0,30000,0,30000,30000
051809,義隆凱基96購01  ,0,0,0,0,0,0,0,0,0,30000,0,0,0,60000,30000,30000,30000
03657C,T50反1元大99牛01,0,0,0,0,0,0,0,0,0,30000,0,0,0,80000,50000,30000,30000
049972,南電國票95購02  ,0,0,0,0,0,0,0,0,0,30000,0,0,0,40000,10000,30000,30000
048751,京鼎元富96購01  ,0,0,0,0,0,0,0,0,0,30000,0,0,0,30000,0,30000,30000
04842P,群創元大96售02  ,0,0,0,0,0,0,0,0,0,30000,0,0,0,30000,0,30000,30000
047689,瑞昱富邦97購01  ,0,0,0,0,0,0,0,0,0,30000,0,0,0,30000,0,30000,30000
046791,台郡統一96購01  ,0,0,0,0,0,0,0,0,0,30000,0,0,0,60000,30000,30000,30000
052609,智易元大97購01  ,0,0,0,0,0,0,0,0,0,30000,0,0,0,30000,0,30000,30000
052821,晶技永豐96購01  ,0,0,0,0,0,0,0,0,0,30000,0,0,0,30000,0,30000,30000
054386,鴻海統一98購03  ,0,0,0,0,0,0,0,0,0,30000,0,0,0,30000,0,30000,30000
054564,玉晶光群益99購01,0,0,0,0,0,0,0,0,0,30000,0,0,0,30000,0,30000,30000
058101,台積電富邦9C購01,0,0,0,0,0,0,0,0,0,30000,0,0,0,30000,0,30000,30000
058160,奇鋐元富99購01  ,0,0,0,0,0,0,0,0,0,30000,0,0,0,62000,32000,30000,30000
053223,台郡凱基96購02  ,0,0,0,0,0,0,0,0,0,30000,0,0,0,30000,0,30000,30000
055079,台光電中信97購01,0,0,0,0,0,0,0,0,0,30000,0,0,0,30000,0,30000,30000
053024,國巨富邦97購02  ,0,0,0,0,0,0,0,0,0,30000,0,0,0,30000,0,30000,30000
052963,智邦凱基96購02  ,0,0,0,0,0,0,0,0,0,30000,0,0,0,30000,0,30000,30000
053162,緯穎元大97購01  ,0,0,0,0,0,0,0,0,0,30000,0,0,0,30000,0,30000,30000
056819,奇力新永豐98購01,0,0,0,0,0,0,0,0,0,30000,0,0,0,30000,0,30000,30000
058735,南茂永豐99購01  ,0,0,0,0,0,0,0,0,0,30000,0,0,0,50000,20000,30000,30000
058585,S&P正2中信9B購02,0,0,0,0,0,0,0,0,0,30000,0,0,0,30000,0,30000,30000
056776,聯茂元大99購01  ,0,0,0,0,0,0,0,0,0,30000,0,0,0,41000,11000,30000,30000
05760P,京鼎永豐96售02  ,0,0,0,0,0,0,0,0,0,30000,0,0,0,30000,0,30000,30000
055884,臺股指元富97購01,0,0,0,0,0,0,0,0,0,30000,0,0,0,30000,0,30000,30000
055905,可成兆豐97購03  ,0,0,0,0,0,0,0,0,0,30000,0,0,0,30000,0,30000,30000
055818,晶相光國票97購02,0,0,0,0,0,0,0,0,0,30000,0,0,0,50000,20000,30000,30000
058245,訊連元大99購01  ,0,0,0,0,0,0,0,0,0,30000,0,0,0,30000,0,30000,30000
058908,貿聯元大99購03  ,0,0,0,0,0,0,0,0,0,30000,0,0,0,30000,0,30000,30000
055531,華新科群益98購03,0,0,0,0,0,0,0,0,0,30000,0,0,0,30000,0,30000,30000
055782,新日興凱基99購01,0,0,0,0,0,0,0,0,0,30000,0,0,0,142000,112000,30000,30000
055718,可成元大97購02  ,0,0,0,0,0,0,0,0,0,30000,0,0,0,30000,0,30000,30000
055686,致伸凱基97購02  ,0,0,0,0,0,0,0,0,0,30000,0,0,0,30000,0,30000,30000
059129,麗豐中信99購01  ,0,0,0,0,0,0,0,0,0,30000,0,0,0,41000,11000,30000,30000
059420,滬深2X元大99購04,0,0,0,0,0,0,0,0,0,30000,0,0,0,30000,0,30000,30000
056134,可成元大97購06  ,0,0,0,0,0,0,0,0,0,30000,0,0,0,30000,0,30000,30000
059033,元油2X群益9C購05,0,0,0,0,0,0,0,0,0,30000,0,0,0,30000,0,30000,30000
058992,上証反元大99購02,0,0,0,0,0,0,0,0,0,30000,0,0,0,30000,0,30000,30000
057407,超眾群益99購01  ,0,0,0,0,0,0,0,0,0,30000,0,0,0,30000,0,30000,30000
058820,致茂國泰9B購01  ,0,0,0,0,0,0,0,0,0,30000,0,0,0,32000,2000,30000,30000
056330,玉晶光國票99購03,0,0,0,0,0,0,0,0,0,30000,0,0,0,57000,27000,30000,30000
05701P,彩晶凱基96售01  ,0,0,0,0,0,0,0,0,0,30000,0,0,0,30000,0,30000,30000
05741P,聯發科元大96售14,0,0,0,0,0,0,0,0,0,30000,0,0,0,30000,0,30000,30000
057232,京元電凱基98購02,0,0,0,0,0,0,0,0,0,30000,0,0,0,50000,20000,30000,30000
08218P,滬深2X凱基96售01,0,0,0,0,0,0,0,0,0,30000,0,0,0,30000,0,30000,30000
06903P,技嘉凱基98售04  ,0,0,0,0,0,0,0,0,0,30000,0,0,0,30000,0,30000,30000
07379P,大立光元大99售30,0,0,0,0,0,0,0,0,0,30000,0,0,0,30000,0,30000,30000
07148P,富邦金元大99售01,0,0,0,0,0,0,0,0,0,30000,0,0,0,30000,0,30000,30000
07118P,台積電凱基99售09,0,0,0,0,0,0,0,0,0,30000,0,0,0,30000,0,30000,30000
4552,力達-KY         ,31000,1000,30000,0,0,0,0,0,0,0,0,0,0,0,0,0,30000
3665,貿聯-KY         ,185000,213000,-28000,0,0,0,66000,0,66000,-8000,1000,1000,0,4000,12000,-8000,30000
2887E,台新戊特        ,0,0,0,0,0,0,0,0,0,30000,30000,0,30000,0,0,0,30000
055211,A50反1凱基9A購01,0,0,0,0,0,0,0,0,0,29000,0,0,0,29000,0,29000,29000
058156,超眾統一9A購02  ,0,0,0,0,0,0,0,0,0,29000,0,0,0,215000,186000,29000,29000
058108,台郡台新99購01  ,0,0,0,0,0,0,0,0,0,29000,0,0,0,123000,94000,29000,29000
058406,聯茂元大99購06  ,0,0,0,0,0,0,0,0,0,29000,0,0,0,89000,60000,29000,29000
054450,聯茂第一96購01  ,0,0,0,0,0,0,0,0,0,29000,0,0,0,29000,0,29000,29000
055275,台積電元大97購19,0,0,0,0,0,0,0,0,0,29000,0,0,0,29000,0,29000,29000
052866,大立光凱基96購12,0,0,0,0,0,0,0,0,0,29000,0,0,0,129000,100000,29000,29000
05272P,臻鼎中信97售03  ,0,0,0,0,0,0,0,0,0,29000,0,0,0,50000,21000,29000,29000
045444,群創元富98購02  ,0,0,0,0,0,0,0,0,0,29000,0,0,0,29000,0,29000,29000
049434,茂林國票95購01  ,0,0,0,0,0,0,0,0,0,29000,0,0,0,29000,0,29000,29000
056133,可成元大97購05  ,0,0,0,0,0,0,0,0,0,29000,0,0,0,52000,23000,29000,29000
056281,深中小永豐97購01,0,0,0,0,0,0,0,0,0,29000,0,0,0,59000,30000,29000,29000
059313,元石油元大99購06,0,0,0,0,0,0,0,0,0,29000,0,0,0,180000,151000,29000,29000
05934P,國巨凱基96售13  ,0,0,0,0,0,0,0,0,0,29000,0,0,0,29000,0,29000,29000
057940,和大國票99購01  ,0,0,0,0,0,0,0,0,0,29000,0,0,0,40000,11000,29000,29000
4566,時碩工業        ,37000,8000,29000,0,0,0,0,0,0,0,0,0,0,0,0,0,29000
07026P,超眾凱基99售03  ,0,0,0,0,0,0,0,0,0,29000,0,0,0,83000,54000,29000,29000
2009,第一銅          ,44000,15000,29000,0,0,0,0,0,0,0,0,0,0,0,0,0,29000
060296,和碩元大9A購01  ,0,0,0,0,0,0,0,0,0,28000,0,0,0,71000,43000,28000,28000
060016,廣達康和99購01  ,0,0,0,0,0,0,0,0,0,28000,0,0,0,284000,256000,28000,28000
060558,億豐凱基9A購01  ,0,0,0,0,0,0,0,0,0,28000,0,0,0,80000,52000,28000,28000
060637,玉晶光永豐9A購03,0,0,0,0,0,0,0,0,0,28000,0,0,0,276000,248000,28000,28000
061818,富邦金群益9C購01,0,0,0,0,0,0,0,0,0,28000,0,0,0,138000,110000,28000,28000
061182,南六凱基9A購01  ,0,0,0,0,0,0,0,0,0,28000,0,0,0,28000,0,28000,28000
061349,嘉澤元大9A購02  ,0,0,0,0,0,0,0,0,0,28000,0,0,0,114000,86000,28000,28000
061443,大立光統一9C購02,0,0,0,0,0,0,0,0,0,28000,0,0,0,28000,0,28000,28000
020008,元大特股高息N   ,0,0,0,0,0,0,0,0,0,28000,0,0,0,38000,10000,28000,28000
051105,台光電國票96購01,0,0,0,0,0,0,0,0,0,28000,0,0,0,28000,0,28000,28000
055291,京鼎元大97購02  ,0,0,0,0,0,0,0,0,0,28000,0,0,0,178000,150000,28000,28000
058354,台積電凱基9A購06,0,0,0,0,0,0,0,0,0,28000,0,0,0,28000,0,28000,28000
053651,台光電凱基98購01,0,0,0,0,0,0,0,0,0,28000,0,0,0,60000,32000,28000,28000
055104,台達電凱基98購01,0,0,0,0,0,0,0,0,0,28000,0,0,0,30000,2000,28000,28000
055490,台光電元大97購01,0,0,0,0,0,0,0,0,0,28000,0,0,0,63000,35000,28000,28000
055383,GIS元大97購02   ,0,0,0,0,0,0,0,0,0,28000,0,0,0,28000,0,28000,28000
058692,華邦電國票9B購01,0,0,0,0,0,0,0,0,0,28000,0,0,0,100000,72000,28000,28000
057613,瑞昱元富02購02  ,0,0,0,0,0,0,0,0,0,28000,0,0,0,28000,0,28000,28000
055669,緯穎群益97購02  ,0,0,0,0,0,0,0,0,0,28000,0,0,0,28000,0,28000,28000
059455,玉晶光永豐99購05,0,0,0,0,0,0,0,0,0,28000,0,0,0,31000,3000,28000,28000
059127,國巨中信99購04  ,0,0,0,0,0,0,0,0,0,28000,0,0,0,31000,3000,28000,28000
059190,欣興富邦9A購01  ,0,0,0,0,0,0,0,0,0,28000,0,0,0,30000,2000,28000,28000
07838P,泰碩元大9A售04  ,0,0,0,0,0,0,0,0,0,28000,0,0,0,144000,116000,28000,28000
07658P,國泰金凱基9A售01,0,0,0,0,0,0,0,0,0,28000,0,0,0,28000,0,28000,28000
06865P,亞德客元大98售04,0,0,0,0,0,0,0,0,0,28000,0,0,0,48000,20000,28000,28000
06673P,大立光群益98售01,0,0,0,0,0,0,0,0,0,28000,0,0,0,32000,4000,28000,28000
07506P,中租元大9A售01  ,0,0,0,0,0,0,0,0,0,28000,0,0,0,113000,85000,28000,28000
07536P,華新科元富9A售04,0,0,0,0,0,0,0,0,0,28000,0,0,0,29000,1000,28000,28000
3346,麗清            ,51000,23000,28000,0,0,0,0,0,0,0,0,0,0,0,0,0,28000
9943,好樂迪          ,32000,4000,28000,0,0,0,0,0,0,0,0,0,0,0,0,0,28000
062058,瑞昱統一01購01  ,0,0,0,0,0,0,0,0,0,27000,0,0,0,207000,180000,27000,27000
060583,南亞科元富9A購05,0,0,0,0,0,0,0,0,0,27000,0,0,0,60000,33000,27000,27000
060387,盛群凱基9A購01  ,0,0,0,0,0,0,0,0,0,27000,0,0,0,27000,0,27000,27000
060789,禾伸堂富邦9B購02,0,0,0,0,0,0,0,0,0,27000,0,0,0,27000,0,27000,27000
059700,鴻海凱基9A購16  ,0,0,0,0,0,0,0,0,0,27000,0,0,0,29000,2000,27000,27000
053513,義隆群益96購05  ,0,0,0,0,0,0,0,0,0,27000,0,0,0,35000,8000,27000,27000
050641,上証反凱基96購01,0,0,0,0,0,0,0,0,0,27000,0,0,0,30000,3000,27000,27000
059086,國巨元大99購18  ,0,0,0,0,0,0,0,0,0,27000,0,0,0,27000,0,27000,27000
056165,矽力凱基98購02  ,0,0,0,0,0,0,0,0,0,27000,0,0,0,27000,0,27000,27000
056366,玉晶光元大99購04,0,0,0,0,0,0,0,0,0,27000,0,0,0,119000,92000,27000,27000
058833,台表科永豐99購01,0,0,0,0,0,0,0,0,0,27000,0,0,0,47000,20000,27000,27000
056838,旺宏元富98購01  ,0,0,0,0,0,0,0,0,0,27000,0,0,0,50000,23000,27000,27000
3383,新世紀          ,27000,0,27000,0,0,0,0,0,0,0,0,0,0,0,0,0,27000
3437,榮創            ,429000,402000,27000,0,0,0,0,0,0,0,0,0,0,0,0,0,27000
3013,晟銘電          ,27000,0,27000,0,0,0,0,0,0,0,0,0,0,0,0,0,27000
6136,富爾特          ,27000,0,27000,0,0,0,0,0,0,0,0,0,0,0,0,0,27000
6192,巨路            ,40000,13000,27000,0,0,0,0,0,0,0,0,0,0,0,0,0,27000
8103,瀚荃            ,28000,1000,27000,0,0,0,0,0,0,0,1000,1000,0,0,0,0,27000
06492P,上銀永豐98售01  ,0,0,0,0,0,0,0,0,0,27000,0,0,0,70000,43000,27000,27000
06614P,祥碩永豐98售03  ,0,0,0,0,0,0,0,0,0,27000,0,0,0,63000,36000,27000,27000
07687P,上銀元大9A售06  ,0,0,0,0,0,0,0,0,0,27000,0,0,0,27000,0,27000,27000
2227,裕日車          ,28000,1000,27000,0,0,0,0,0,0,0,0,0,0,0,0,0,27000
1465,偉全            ,27000,0,27000,0,0,0,0,0,0,0,0,0,0,0,0,0,27000
060736,旺宏統一01購01  ,0,0,0,0,0,0,0,0,0,26000,0,0,0,110000,84000,26000,26000
062046,矽格凱基9B購01  ,0,0,0,0,0,0,0,0,0,26000,0,0,0,87000,61000,26000,26000
062009,聯發科國泰01購01,0,0,0,0,0,0,0,0,0,26000,0,0,0,68000,42000,26000,26000
061945,華通群益9B購04  ,0,0,0,0,0,0,0,0,0,26000,0,0,0,150000,124000,26000,26000
061643,嘉澤元大9A購05  ,0,0,0,0,0,0,0,0,0,26000,0,0,0,47000,21000,26000,26000
00713,元大台灣高息低波,21000,2000,19000,0,0,0,0,0,0,7000,0,0,0,7000,0,7000,26000
04906P,欣興國票95售01  ,0,0,0,0,0,0,0,0,0,26000,0,0,0,26000,0,26000,26000
058295,欣興凱基99購02  ,0,0,0,0,0,0,0,0,0,26000,0,0,0,246000,220000,26000,26000
058180,華新科國泰9A購01,0,0,0,0,0,0,0,0,0,26000,0,0,0,220000,194000,26000,26000
056454,欣興凱基98購02  ,0,0,0,0,0,0,0,0,0,26000,0,0,0,26000,0,26000,26000
058803,世紀鋼元大99購03,0,0,0,0,0,0,0,0,0,26000,0,0,0,89000,63000,26000,26000
057288,聯茂元大98購03  ,0,0,0,0,0,0,0,0,0,26000,0,0,0,26000,0,26000,26000
057149,京鼎國票99購02  ,0,0,0,0,0,0,0,0,0,26000,0,0,0,73000,47000,26000,26000
2436,偉詮電          ,159000,133000,26000,0,0,0,0,0,0,0,0,0,0,0,0,0,26000
07803P,南亞科永豐9A售02,0,0,0,0,0,0,0,0,0,26000,0,0,0,26000,0,26000,26000
07748P,茂林凱基9A售04  ,0,0,0,0,0,0,0,0,0,26000,0,0,0,26000,0,26000,26000
07552P,技嘉元大9A售03  ,0,0,0,0,0,0,0,0,0,26000,0,0,0,27000,1000,26000,26000
07404P,華新科凱基99售10,0,0,0,0,0,0,0,0,0,26000,0,0,0,26000,0,26000,26000
07085P,超眾元富9C售01  ,0,0,0,0,0,0,0,0,0,26000,0,0,0,43000,17000,26000,26000
8101,華冠            ,30000,4000,26000,0,0,0,0,0,0,0,0,0,0,0,0,0,26000
5706,鳳凰            ,40000,14000,26000,0,0,0,0,0,0,0,0,0,0,0,0,0,26000
5007,三星            ,26000,0,26000,0,0,0,0,0,0,0,0,0,0,0,0,0,26000
3501,維熹            ,28000,2000,26000,0,0,0,0,0,0,0,0,0,0,0,0,0,26000
3617,碩天            ,34000,8000,26000,0,0,0,0,0,0,0,0,0,0,0,0,0,26000
061660,禾伸堂永豐9A購01,0,0,0,0,0,0,0,0,0,25000,0,0,0,326000,301000,25000,25000
061672,臺指反元大01購05,0,0,0,0,0,0,0,0,0,25000,0,0,0,25000,0,25000,25000
06447P,上銀元大98售01  ,0,0,0,0,0,0,0,0,0,25000,0,0,0,58000,33000,25000,25000
060404,台勝科國泰9B購01,0,0,0,0,0,0,0,0,0,25000,0,0,0,30000,5000,25000,25000
060311,盟立永豐9A購01  ,0,0,0,0,0,0,0,0,0,25000,0,0,0,146000,121000,25000,25000
06013P,世芯國泰97售03  ,0,0,0,0,0,0,0,0,0,25000,0,0,0,25000,0,25000,25000
053597,牧德元大99購01  ,0,0,0,0,0,0,0,0,0,25000,0,0,0,25000,0,25000,25000
053582,英業達元大97購01,0,0,0,0,0,0,0,0,0,25000,0,0,0,131000,106000,25000,25000
050686,欣興兆豐96購01  ,0,0,0,0,0,0,0,0,0,25000,0,0,0,25000,0,25000,25000
050316,上証2X國票98購01,0,0,0,0,0,0,0,0,0,25000,0,0,0,25000,0,25000,25000
052231,景碩凱基96購01  ,0,0,0,0,0,0,0,0,0,25000,0,0,0,50000,25000,25000,25000
05707P,中磊永豐96售01  ,0,0,0,0,0,0,0,0,0,25000,0,0,0,25000,0,25000,25000
059417,上証反元大9C購01,0,0,0,0,0,0,0,0,0,25000,0,0,0,25000,0,25000,25000
057316,國巨凱基99購04  ,0,0,0,0,0,0,0,0,0,25000,0,0,0,40000,15000,25000,25000
057349,聯發科統一98購04,0,0,0,0,0,0,0,0,0,25000,0,0,0,36000,11000,25000,25000
057033,A50反1元大9B購02,0,0,0,0,0,0,0,0,0,25000,0,0,0,45000,20000,25000,25000
055729,金寶元富99購01  ,0,0,0,0,0,0,0,0,0,25000,0,0,0,25000,0,25000,25000
058666,上証反群益01購01,0,0,0,0,0,0,0,0,0,25000,0,0,0,25000,0,25000,25000
05551P,電子類元大96售01,0,0,0,0,0,0,0,0,0,25000,0,0,0,25000,0,25000,25000
055659,百和元富97購01  ,0,0,0,0,0,0,0,0,0,25000,0,0,0,55000,30000,25000,25000
058592,聯發科統一9C購01,0,0,0,0,0,0,0,0,0,25000,0,0,0,25000,0,25000,25000
058259,訊連國泰9B購01  ,0,0,0,0,0,0,0,0,0,25000,0,0,0,50000,25000,25000,25000
2704,國賓            ,38000,13000,25000,0,0,0,0,0,0,0,0,0,0,0,0,0,25000
07205P,鴻海凱基99售11  ,0,0,0,0,0,0,0,0,0,25000,0,0,0,25000,0,25000,25000
07385P,緯穎群益99售04  ,0,0,0,0,0,0,0,0,0,25000,0,0,0,25000,0,25000,25000
07319P,台積電凱基01售02,0,0,0,0,0,0,0,0,0,25000,0,0,0,35000,10000,25000,25000
07532P,台灣50中信01售02,0,0,0,0,0,0,0,0,0,25000,0,0,0,25000,0,25000,25000
07442P,華航康和9A售02  ,0,0,0,0,0,0,0,0,0,25000,0,0,0,75000,50000,25000,25000
06626P,大立光統一9A售01,0,0,0,0,0,0,0,0,0,25000,0,0,0,25000,0,25000,25000
06728P,全新元大98售03  ,0,0,0,0,0,0,0,0,0,25000,0,0,0,56000,31000,25000,25000
07764P,世紀鋼永豐9A售04,100000,0,100000,0,0,0,0,0,0,-75000,0,0,0,25000,100000,-75000,25000
07812P,大立光統一9A售06,0,0,0,0,0,0,0,0,0,25000,0,0,0,25000,0,25000,25000
060145,牧德國票9A購02  ,0,0,0,0,0,0,0,0,0,24000,0,0,0,70000,46000,24000,24000
060243,潤泰全元大9C購02,0,0,0,0,0,0,0,0,0,24000,0,0,0,34000,10000,24000,24000
060010,義隆群益99購02  ,0,0,0,0,0,0,0,0,0,24000,0,0,0,72000,48000,24000,24000
060715,日電貿永豐9A購01,0,0,0,0,0,0,0,0,0,24000,0,0,0,245000,221000,24000,24000
060680,玉晶光元大9C購03,0,0,0,0,0,0,0,0,0,24000,0,0,0,141000,117000,24000,24000
061428,南六元大9A購01  ,0,0,0,0,0,0,0,0,0,24000,0,0,0,34000,10000,24000,24000
061246,玉晶光群益9A購08,0,0,0,0,0,0,0,0,0,24000,0,0,0,158000,134000,24000,24000
051516,全新凱基96購02  ,0,0,0,0,0,0,0,0,0,24000,0,0,0,24000,0,24000,24000
050658,台郡麥證96購01  ,0,0,0,24000,0,24000,0,0,0,24000,0,0,0,24000,0,24000,24000
058292,上銀凱基9A購01  ,0,0,0,0,0,0,0,0,0,24000,0,0,0,24000,0,24000,24000
056471,台光電元大99購01,0,0,0,0,0,0,0,0,0,24000,0,0,0,78000,54000,24000,24000
056906,玉晶光元大9B購01,0,0,0,0,0,0,0,0,0,24000,0,0,0,239000,215000,24000,24000
056949,義隆統一98購01  ,0,0,0,0,0,0,0,0,0,24000,0,0,0,24000,0,24000,24000
056583,昇陽半元大98購02,0,0,0,0,0,0,0,0,0,24000,0,0,0,105000,81000,24000,24000
059140,大立光兆豐9A購02,0,0,0,0,0,0,0,0,0,24000,0,0,0,24000,0,24000,24000
4722,國精化          ,43000,19000,24000,0,0,0,0,0,0,0,0,0,0,0,0,0,24000
6541,泰福-KY         ,39000,15000,24000,0,0,0,0,0,0,0,0,0,0,0,0,0,24000
8463,潤泰材          ,34000,10000,24000,0,0,0,0,0,0,0,0,0,0,0,0,0,24000
061186,牧德國泰9C購01  ,0,0,0,0,0,0,0,0,0,23000,0,0,0,652000,629000,23000,23000
061544,大毅群益9B購02  ,0,0,0,0,0,0,0,0,0,23000,0,0,0,79000,56000,23000,23000
061546,大立光群益9A購05,0,0,0,0,0,0,0,0,0,23000,0,0,0,25000,2000,23000,23000
062006,瑞昱國泰9C購01  ,0,0,0,0,0,0,0,0,0,23000,0,0,0,95000,72000,23000,23000
061678,玉晶光元大9B購04,0,0,0,0,0,0,0,0,0,23000,0,0,0,105000,82000,23000,23000
060848,聯茂國票9A購02  ,0,0,0,0,0,0,0,0,0,23000,0,0,0,37000,14000,23000,23000
060537,台灣50凱基9B購01,0,0,0,0,0,0,0,0,0,23000,0,0,0,23000,0,23000,23000
053505,瑞儀兆豐97購01  ,0,0,0,0,0,0,0,0,0,23000,0,0,0,23000,0,23000,23000
054041,鴻海元大96購22  ,0,0,0,0,0,0,0,0,0,23000,0,0,0,23000,0,23000,23000
054053,聯茂元大96購01  ,0,0,0,0,0,0,0,0,0,23000,0,0,0,23000,0,23000,23000
053376,鴻海元大96購19  ,0,0,0,0,0,0,0,0,0,23000,0,0,0,23000,0,23000,23000
050902,南電元大96購01  ,0,0,0,0,0,0,0,0,0,23000,0,0,0,23000,0,23000,23000
051449,玉晶光元大96購01,0,0,0,0,0,0,0,0,0,23000,0,0,0,23000,0,23000,23000
03647C,T50反1元富99牛02,0,0,0,0,0,0,0,0,0,23000,0,0,0,30000,7000,23000,23000
057816,欣興元大98購13  ,0,0,0,0,0,0,0,0,0,23000,0,0,0,76000,53000,23000,23000
057357,超眾統一98購01  ,0,0,0,0,0,0,0,0,0,23000,0,0,0,53000,30000,23000,23000
057279,國揚元大98購01  ,0,0,0,0,0,0,0,0,0,23000,0,0,0,61000,38000,23000,23000
056132,台光電元大97購03,0,0,0,0,0,0,0,0,0,23000,0,0,0,69000,46000,23000,23000
057497,祥碩元大98購06  ,0,0,0,0,0,0,0,0,0,23000,0,0,0,23000,0,23000,23000
056292,統一元大97購01  ,0,0,0,0,0,0,0,0,0,23000,0,0,0,23000,0,23000,23000
057664,台積電元大9A購03,0,0,0,0,0,0,0,0,0,23000,0,0,0,23000,0,23000,23000
8249,菱光            ,47000,24000,23000,0,0,0,0,0,0,0,0,0,0,0,0,0,23000
6235,華孚            ,22000,0,22000,0,0,0,0,0,0,1000,1000,0,1000,0,0,0,23000
3494,誠研            ,31000,8000,23000,0,0,0,0,0,0,0,0,0,0,0,0,0,23000
3027,盛達            ,23000,0,23000,0,0,0,0,0,0,0,0,0,0,0,0,0,23000
1506,正道            ,84000,59000,25000,0,0,0,0,0,0,-2000,0,2000,-2000,0,0,0,23000
06866P,聯發科元大98售13,0,0,0,0,0,0,0,0,0,23000,0,0,0,33000,10000,23000,23000
06864P,健策凱基98售01  ,0,0,0,0,0,0,0,0,0,23000,0,0,0,168000,145000,23000,23000
060105,牧德元大9B購01  ,0,0,0,0,0,0,0,0,0,22000,0,0,0,57000,35000,22000,22000
059689,南亞科永豐99購02,0,0,0,0,0,0,0,0,0,22000,0,0,0,49000,27000,22000,22000
059866,國巨凱基99購18  ,0,0,0,0,0,0,0,0,0,22000,0,0,0,22000,0,22000,22000
061172,大立光麥證9A購02,0,0,0,22000,0,22000,0,0,0,22000,0,0,0,22000,0,22000,22000
05252P,華通凱基95售01  ,0,0,0,0,0,0,0,0,0,22000,0,0,0,22000,0,22000,22000
052246,超眾康和95購01  ,0,0,0,0,0,0,0,0,0,22000,0,0,0,22000,0,22000,22000
052362,瑞昱國票96購02  ,0,0,0,0,0,0,0,0,0,22000,0,0,0,22000,0,22000,22000
052960,中環凱基96購01  ,0,0,0,0,0,0,0,0,0,22000,0,0,0,22000,0,22000,22000
053017,世紀鋼統一96購02,0,0,0,0,0,0,0,0,0,22000,0,0,0,22000,0,22000,22000
058348,台表科群益99購01,0,0,0,0,0,0,0,0,0,22000,0,0,0,122000,100000,22000,22000
054408,義隆國票98購01  ,0,0,0,0,0,0,0,0,0,22000,0,0,0,22000,0,22000,22000
057646,玉山金元大98購01,0,0,0,0,0,0,0,0,0,22000,0,0,0,56000,34000,22000,22000
056394,晶豪科永豐98購01,0,0,0,0,0,0,0,0,0,22000,0,0,0,72000,50000,22000,22000
056484,聯茂元大98購02  ,0,0,0,0,0,0,0,0,0,22000,0,0,0,22000,0,22000,22000
058536,群創統一9B購01  ,0,0,0,0,0,0,0,0,0,22000,0,0,0,48000,26000,22000,22000
07010P,T50正2凱基9C售01,0,0,0,0,0,0,0,0,0,22000,0,0,0,22000,0,22000,22000
06477P,緯穎國票99售02  ,0,0,0,0,0,0,0,0,0,22000,0,0,0,40000,18000,22000,22000
07359P,台積電元大99售45,0,0,0,0,0,0,0,0,0,22000,0,0,0,22000,0,22000,22000
07276P,臺股指群益99售19,0,0,0,0,0,0,0,0,0,22000,0,0,0,106000,84000,22000,22000
1432,大魯閣          ,24000,2000,22000,0,0,0,0,0,0,0,0,0,0,0,0,0,22000
07671P,超眾元大9A售04  ,0,0,0,0,0,0,0,0,0,22000,0,0,0,97000,75000,22000,22000
2852,第一保          ,24000,2000,22000,0,0,0,0,0,0,0,0,0,0,0,0,0,22000
6581,鋼聯            ,23000,1000,22000,0,0,0,0,0,0,0,0,0,0,0,0,0,22000
061561,義隆國票9A購02  ,0,0,0,0,0,0,0,0,0,21000,0,0,0,69000,48000,21000,21000
061775,臺指反國票9B購04,0,0,0,0,0,0,0,0,0,21000,0,0,0,21000,0,21000,21000
062107,台光電國票9B購01,0,0,0,0,0,0,0,0,0,21000,0,0,0,84000,63000,21000,21000
06359P,上銀群益97售03  ,0,0,0,0,0,0,0,0,0,21000,0,0,0,22000,1000,21000,21000
059515,牧德永豐99購01  ,0,0,0,0,0,0,0,0,0,21000,0,0,0,43000,22000,21000,21000
060713,聯詠永豐9A購01  ,0,0,0,0,0,0,0,0,0,21000,0,0,0,35000,14000,21000,21000
054502,泰碩永豐96購01  ,0,0,0,0,0,0,0,0,0,21000,0,0,0,65000,44000,21000,21000
054612,慧洋永豐97購01  ,0,0,0,0,0,0,0,0,0,21000,0,0,0,21000,0,21000,21000
053500,新日興兆豐97購01,0,0,0,0,0,0,0,0,0,21000,0,0,0,31000,10000,21000,21000
051749,矽力國泰97購01  ,0,0,0,0,0,0,0,0,0,21000,0,0,0,35000,14000,21000,21000
050662,智易元大96購01  ,0,0,0,0,0,0,0,0,0,21000,0,0,0,21000,0,21000,21000
056245,嘉澤群益97購01  ,0,0,0,0,0,0,0,0,0,21000,0,0,0,66000,45000,21000,21000
056156,禾伸堂凱基98購04,0,0,0,0,0,0,0,0,0,21000,0,0,0,65000,44000,21000,21000
055568,緯穎凱基97購02  ,0,0,0,0,0,0,0,0,0,21000,0,0,0,31000,10000,21000,21000
058746,華通凱基9A購02  ,0,0,0,0,0,0,0,0,0,21000,0,0,0,49000,28000,21000,21000
1702,南僑            ,55000,35000,20000,0,0,0,0,0,0,1000,1000,0,1000,0,0,0,21000
1603,華電            ,24000,3000,21000,0,0,0,0,0,0,0,0,0,0,0,0,0,21000
07122P,欣興凱基99售05  ,0,0,0,0,0,0,0,0,0,21000,0,0,0,131000,110000,21000,21000
07102P,南電元大99售03  ,0,0,0,0,0,0,0,0,0,21000,0,0,0,21000,0,21000,21000
06645P,上銀元大98售05  ,0,0,0,0,0,0,0,0,0,21000,0,0,0,69000,48000,21000,21000
06954P,大立光元富99售01,0,0,0,0,0,0,0,0,0,21000,0,0,0,54000,33000,21000,21000
1227,佳格            ,186000,165080,20920,0,0,0,0,0,0,0,0,0,0,0,0,0,20920
060657,旺宏統一9B購05  ,0,0,0,0,0,0,0,0,0,20000,0,0,0,20000,0,20000,20000
060786,聯發科富邦9B購06,0,0,0,0,0,0,0,0,0,20000,0,0,0,20000,0,20000,20000
060819,國巨統一9C購04  ,0,0,0,0,0,0,0,0,0,20000,0,0,0,20000,0,20000,20000
060885,世紀鋼中信9A購01,0,0,0,0,0,0,0,0,0,20000,0,0,0,47000,27000,20000,20000
060478,南電元大9A購01  ,0,0,0,0,0,0,0,0,0,20000,0,0,0,30000,10000,20000,20000
06059P,泰碩元大97售02  ,0,0,0,0,0,0,0,0,0,20000,0,0,0,20000,0,20000,20000
059519,台郡永豐99購01  ,0,0,0,0,0,0,0,0,0,20000,0,0,0,20000,0,20000,20000
059647,超眾凱基99購04  ,0,0,0,0,0,0,0,0,0,20000,0,0,0,110000,90000,20000,20000
059924,世紀鋼元大99購06,0,0,0,0,0,0,0,0,0,20000,0,0,0,32000,12000,20000,20000
06008P,燿華統一96售04  ,0,0,0,0,0,0,0,0,0,20000,0,0,0,20000,0,20000,20000
060022,勤誠康和99購01  ,0,0,0,0,0,0,0,0,0,20000,0,0,0,20000,0,20000,20000
059991,超眾元大9A購02  ,0,0,0,0,0,0,0,0,0,20000,0,0,0,34000,14000,20000,20000
06353P,電子類富邦99售02,0,0,0,0,0,0,0,0,0,20000,0,0,0,20000,0,20000,20000
062109,聯詠國票9C購01  ,0,0,0,0,0,0,0,0,0,20000,0,0,0,25000,5000,20000,20000
062113,瑞祺國票9B購01  ,0,0,0,0,0,0,0,0,0,20000,0,0,0,31000,11000,20000,20000
061741,新光金凱基9B購01,0,0,0,0,0,0,0,0,0,20000,0,0,0,20000,0,20000,20000
061683,台灣50群益9B購09,0,0,0,0,0,0,0,0,0,20000,0,0,0,20000,0,20000,20000
06185P,台表科元大97售05,0,0,0,0,0,0,0,0,0,20000,0,0,0,30000,10000,20000,20000
06157P,聯鈞統一97售02  ,0,0,0,0,0,0,0,0,0,20000,0,0,0,20000,0,20000,20000
061345,玉晶光元大9A購14,0,0,0,0,0,0,0,0,0,20000,0,0,0,30000,10000,20000,20000
061353,康控元大9A購01  ,0,0,0,0,0,0,0,0,0,20000,0,0,0,115000,95000,20000,20000
061167,臻鼎兆豐9B購01  ,0,0,0,0,0,0,0,0,0,20000,0,0,0,36000,16000,20000,20000
050675,奇鋐富邦96購01  ,0,0,0,0,0,0,0,0,0,20000,0,0,0,20000,0,20000,20000
050699,京鼎凱基96購01  ,0,0,0,0,0,0,0,0,0,20000,0,0,0,20000,0,20000,20000
051155,聯發科國泰96購01,0,0,0,0,0,0,0,0,0,20000,0,0,0,20000,0,20000,20000
053752,超眾永豐96購02  ,0,0,0,0,0,0,0,0,0,20000,0,0,0,20000,0,20000,20000
054870,新日興群益98購01,0,0,0,0,0,0,0,0,0,20000,0,0,0,20000,0,20000,20000
053837,貿聯永豐96購02  ,0,0,0,0,0,0,0,0,0,20000,0,0,0,20000,0,20000,20000
053915,光罩國票96購02  ,0,0,0,0,0,0,0,0,0,20000,0,0,0,65000,45000,20000,20000
053894,創意群益96購01  ,0,0,0,0,0,0,0,0,0,20000,0,0,0,20000,0,20000,20000
055449,超眾統一9A購01  ,0,0,0,0,0,0,0,0,0,20000,0,0,0,20000,0,20000,20000
055443,台虹國票98購01  ,0,0,0,0,0,0,0,0,0,20000,0,0,0,70000,50000,20000,20000
054963,牧德元大97購02  ,0,0,0,0,0,0,0,0,0,20000,0,0,0,20000,0,20000,20000
051734,台積電國票95購04,0,0,0,0,0,0,0,0,0,20000,0,0,0,20000,0,20000,20000
051753,華通元大96購03  ,0,0,0,0,0,0,0,0,0,20000,0,0,0,20000,0,20000,20000
052045,瑞昱凱基96購01  ,0,0,0,0,0,0,0,0,0,20000,0,0,0,37000,17000,20000,20000
051592,健策元大96購05  ,0,0,0,0,0,0,0,0,0,20000,0,0,0,20000,0,20000,20000
051603,深中小群益99購03,0,0,0,0,0,0,0,0,0,20000,0,0,0,20000,0,20000,20000
051605,奇力新群益95購02,0,0,0,0,0,0,0,0,0,20000,0,0,0,20000,0,20000,20000
051673,玉晶光元大96購04,0,0,0,0,0,0,0,0,0,20000,0,0,0,20000,0,20000,20000
052137,台表科凱基96購02,0,0,0,0,0,0,0,0,0,20000,0,0,0,20000,0,20000,20000
051542,南茂國票96購01  ,0,0,0,0,0,0,0,0,0,20000,0,0,0,20000,0,20000,20000
050322,世紀鋼國票95購01,0,0,0,0,0,0,0,0,0,20000,0,0,0,49000,29000,20000,20000
050334,鴻海國泰96購07  ,0,0,0,0,0,0,0,0,0,20000,0,0,0,40000,20000,20000,20000
051990,泰碩元大95購01  ,0,0,0,0,0,0,0,0,0,20000,0,0,0,20000,0,20000,20000
052582,喬山台新96購01  ,0,0,0,0,0,0,0,0,0,20000,0,0,0,20000,0,20000,20000
052612,康舒元大97購01  ,0,0,0,0,0,0,0,0,0,20000,0,0,0,20000,0,20000,20000
052860,旺宏凱基96購03  ,0,0,0,0,0,0,0,0,0,20000,0,0,0,30000,10000,20000,20000
052857,大成鋼凱基96購01,0,0,0,0,0,0,0,0,0,20000,0,0,0,60000,40000,20000,20000
052888,台表科中信9A購01,0,0,0,0,0,0,0,0,0,20000,0,0,0,226000,206000,20000,20000
052833,康控群益96購01  ,0,0,0,0,0,0,0,0,0,20000,0,0,0,20000,0,20000,20000
052791,友達兆豐97購01  ,0,0,0,0,0,0,0,0,0,20000,0,0,0,30000,10000,20000,20000
052768,泰鼎群益96購01  ,0,0,0,0,0,0,0,0,0,20000,0,0,0,20000,0,20000,20000
052772,台虹群益96購01  ,0,0,0,0,0,0,0,0,0,20000,0,0,0,20000,0,20000,20000
04633P,旺宏群益96售04  ,0,0,0,0,0,0,0,0,0,20000,0,0,0,20000,0,20000,20000
03049X,元展46          ,0,0,0,0,0,0,0,0,0,20000,0,0,0,20000,0,20000,20000
047676,臺股指元富99購01,0,0,0,0,0,0,0,0,0,20000,0,0,0,20000,0,20000,20000
052482,茂林群益95購01  ,0,0,0,0,0,0,0,0,0,20000,0,0,0,20000,0,20000,20000
052469,宏碁亞東95購01  ,0,0,0,0,0,0,0,0,0,20000,0,0,0,20000,0,20000,20000
052522,聯發科元大96購05,0,0,0,0,0,0,0,0,0,20000,0,0,0,20000,0,20000,20000
049946,智邦兆豐95購01  ,0,0,0,0,0,0,0,0,0,20000,0,0,0,20000,0,20000,20000
03658C,T50反1元大9A牛02,0,0,0,0,0,0,0,0,0,20000,0,0,0,20000,0,20000,20000
04960P,大立光凱基96售04,0,0,0,0,0,0,0,0,0,20000,0,0,0,20000,0,20000,20000
049694,華新科元大95購06,0,0,0,0,0,0,0,0,0,20000,0,0,0,20000,0,20000,20000
053268,日月光群益96購01,0,0,0,0,0,0,0,0,0,20000,0,0,0,20000,0,20000,20000
055225,華邦電國票99購01,0,0,0,0,0,0,0,0,0,20000,0,0,0,20000,0,20000,20000
055220,緯穎凱基98購02  ,0,0,0,0,0,0,0,0,0,20000,0,0,0,20000,0,20000,20000
055230,大毅國票98購01  ,0,0,0,0,0,0,0,0,0,20000,0,0,0,20000,0,20000,20000
055191,牧德元富97購01  ,0,0,0,0,0,0,0,0,0,20000,0,0,0,30000,10000,20000,20000
054214,京鼎國票97購02  ,0,0,0,0,0,0,0,0,0,20000,0,0,0,60000,40000,20000,20000
054217,台表科國票97購05,0,0,0,0,0,0,0,0,0,20000,0,0,0,20000,0,20000,20000
05414P,台表科國票96售02,0,0,0,0,0,0,0,0,0,20000,0,0,0,20000,0,20000,20000
052988,智易元大96購02  ,0,0,0,0,0,0,0,0,0,20000,0,0,0,20000,0,20000,20000
053057,聯電國泰97購02  ,0,0,0,0,0,0,0,0,0,20000,0,0,0,20000,0,20000,20000
053048,同欣電麥證96購01,0,0,0,80000,60000,20000,0,0,0,20000,0,0,0,80000,60000,20000,20000
055387,世紀鋼元大97購01,0,0,0,0,0,0,0,0,0,20000,0,0,0,30000,10000,20000,20000
055384,緯穎元大98購02  ,0,0,0,0,0,0,0,0,0,20000,0,0,0,20000,0,20000,20000
055366,國巨元大98購05  ,0,0,0,0,0,0,0,0,0,20000,0,0,0,20000,0,20000,20000
054633,臺股指凱基9A購02,0,0,0,0,0,0,0,0,0,20000,0,0,0,20000,0,20000,20000
054696,嘉聯益永豐97購01,0,0,0,0,0,0,0,0,0,20000,0,0,0,20000,0,20000,20000
05524P,瀚宇博國票97售02,0,0,0,0,0,0,0,0,0,20000,0,0,0,20000,0,20000,20000
055255,欣興統一97購02  ,0,0,0,0,0,0,0,0,0,20000,0,0,0,20000,0,20000,20000
054846,瑞昱兆豐97購01  ,0,0,0,0,0,0,0,0,0,20000,0,0,0,20000,0,20000,20000
054865,可成群益97購01  ,0,0,0,0,0,0,0,0,0,20000,0,0,0,37000,17000,20000,20000
058451,智邦永豐9A購01  ,0,0,0,0,0,0,0,0,0,20000,0,0,0,20000,0,20000,20000
058470,台灣50日盛9B購02,0,0,0,0,0,0,0,0,0,20000,0,0,0,20000,0,20000,20000
058467,日月光中信9A購01,0,0,0,0,0,0,0,0,0,20000,0,0,0,20000,0,20000,20000
058104,國巨統一9A購04  ,0,0,0,0,0,0,0,0,0,20000,0,0,0,20000,0,20000,20000
058637,晶技兆豐99購01  ,0,0,0,0,0,0,0,0,0,20000,0,0,0,143000,123000,20000,20000
058572,百和凱基9A購01  ,0,0,0,0,0,0,0,0,0,20000,0,0,0,30000,10000,20000,20000
056826,A50正2富邦9B購02,0,0,0,0,0,0,0,0,0,20000,0,0,0,20000,0,20000,20000
057703,矽力群益98購01  ,0,0,0,0,0,0,0,0,0,20000,0,0,0,20000,0,20000,20000
057693,臺股指凱基98購11,0,0,0,0,0,0,0,0,0,20000,0,0,0,20000,0,20000,20000
056844,欣興元富98購03  ,0,0,0,0,0,0,0,0,0,20000,0,0,0,20000,0,20000,20000
057618,台光電凱基99購01,0,0,0,0,0,0,0,0,0,20000,0,0,0,20000,0,20000,20000
056766,義隆元大98購01  ,0,0,0,0,0,0,0,0,0,20000,0,0,0,20000,0,20000,20000
058261,大立光富邦03購01,0,0,0,0,0,0,0,0,0,20000,0,0,0,20000,0,20000,20000
058234,華新科元大99購12,0,0,0,0,0,0,0,0,0,20000,0,0,0,20000,0,20000,20000
056712,京鼎永豐98購01  ,0,0,0,0,0,0,0,0,0,20000,0,0,0,20000,0,20000,20000
055639,上銀元富97購02  ,0,0,0,0,0,0,0,0,0,20000,0,0,0,243000,223000,20000,20000
055713,國巨元大98購09  ,0,0,0,0,0,0,0,0,0,20000,0,0,0,50000,30000,20000,20000
055724,祥碩元大97購03  ,0,0,0,0,0,0,0,0,0,20000,0,0,0,20000,0,20000,20000
056230,可成凱基98購03  ,0,0,0,0,0,0,0,0,0,20000,0,0,0,20000,0,20000,20000
059031,元石油中信03購01,0,0,0,0,0,0,0,0,0,20000,0,0,0,21000,1000,20000,20000
059050,元油2X凱基9B購08,0,0,0,0,0,0,0,0,0,20000,0,0,0,20000,0,20000,20000
059218,台積電元大99購31,0,0,0,0,0,0,0,0,0,20000,0,0,0,20000,0,20000,20000
059432,聯發科元大99購26,0,0,0,0,0,0,0,0,0,20000,0,0,0,20000,0,20000,20000
059434,全新元大99購05  ,0,0,0,0,0,0,0,0,0,20000,0,0,0,20000,0,20000,20000
059476,道瓊指群益9C購01,0,0,0,0,0,0,0,0,0,20000,0,0,0,40000,20000,20000,20000
059501,可成元富99購01  ,0,0,0,0,0,0,0,0,0,20000,0,0,0,30000,10000,20000,20000
058063,旺宏中信98購04  ,0,0,0,0,0,0,0,0,0,20000,0,0,0,20000,0,20000,20000
057866,玉山金凱基98購01,0,0,0,0,0,0,0,0,0,20000,0,0,0,20000,0,20000,20000
057286,群創元大9B購05  ,0,0,0,0,0,0,0,0,0,20000,0,0,0,132000,112000,20000,20000
057360,元油2X元大98購10,0,0,0,0,0,0,0,0,0,20000,0,0,0,20000,0,20000,20000
1312,國喬            ,529000,505000,24000,0,0,0,0,0,0,-4000,0,4000,-4000,0,0,0,20000
07772P,華新科國票9A售05,0,0,0,0,0,0,0,0,0,20000,0,0,0,20000,0,20000,20000
07741P,滬深2X凱基9B售04,0,0,0,0,0,0,0,0,0,20000,0,0,0,20000,0,20000,20000
1810,和成            ,22000,2000,20000,0,0,0,0,0,0,0,0,0,0,0,0,0,20000
06969P,上銀元大99售02  ,0,0,0,0,0,0,0,0,0,20000,0,0,0,20000,0,20000,20000
07030P,鈺齊群益99售01  ,0,0,0,0,0,0,0,0,0,20000,0,0,0,20000,0,20000,20000
06679P,旺宏元大98售09  ,0,0,0,0,0,0,0,0,0,20000,0,0,0,20000,0,20000,20000
06487P,聯發科統一99售02,0,0,0,0,0,0,0,0,0,20000,0,0,0,20000,0,20000,20000
07127P,精元元大99售01  ,0,0,0,0,0,0,0,0,0,20000,0,0,0,30000,10000,20000,20000
07161P,臺股指群益99售12,0,0,0,0,0,0,0,0,0,20000,0,0,0,20000,0,20000,20000
07338P,滬深2X凱基99售02,0,0,0,0,0,0,0,0,0,20000,0,0,0,20000,0,20000,20000
07557P,玉晶光元大9A售09,0,0,0,0,0,0,0,0,0,20000,0,0,0,100000,80000,20000,20000
07558P,玉晶光元大9A售10,0,0,0,0,0,0,0,0,0,20000,0,0,0,20000,0,20000,20000
07564P,臺股指中信01售01,0,0,0,0,0,0,0,0,0,20000,0,0,0,20000,0,20000,20000
6172,互億            ,36000,16000,20000,0,0,0,0,0,0,0,0,0,0,0,0,0,20000
2748,雲品            ,21000,1000,20000,0,0,0,0,0,0,0,0,0,0,0,0,0,20000
2495,普安            ,21000,1000,20000,0,0,0,0,0,0,0,0,0,0,0,0,0,20000
061262,智邦凱基9A購02  ,0,0,0,0,0,0,0,0,0,19000,0,0,0,73000,54000,19000,19000
06156P,大立光統一97售05,0,0,0,0,0,0,0,0,0,19000,0,0,0,19000,0,19000,19000
061698,智邦國票9A購04  ,0,0,0,0,0,0,0,0,0,19000,0,0,0,68000,49000,19000,19000
06405P,億光元富97售02  ,0,0,0,0,0,0,0,0,0,19000,0,0,0,19000,0,19000,19000
060011,臺股指群益9C購06,0,0,0,0,0,0,0,0,0,19000,0,0,0,19000,0,19000,19000
060110,茂林元大99購06  ,0,0,0,0,0,0,0,0,0,19000,0,0,0,85000,66000,19000,19000
06018P,康控凱基96售03  ,0,0,0,0,0,0,0,0,0,19000,0,0,0,20000,1000,19000,19000
05982P,漢唐國票96售03  ,0,0,0,0,0,0,0,0,0,19000,0,0,0,19000,0,19000,19000
060582,玉晶光群益9C購01,0,0,0,0,0,0,0,0,0,19000,0,0,0,47000,28000,19000,19000
060812,智邦凱基9A購01  ,0,0,0,0,0,0,0,0,0,19000,0,0,0,27000,8000,19000,19000
060712,建準永豐9A購01  ,0,0,0,0,0,0,0,0,0,19000,0,0,0,80000,61000,19000,19000
058505,台積電元大99購08,0,0,0,0,0,0,0,0,0,19000,0,0,0,25000,6000,19000,19000
055377,揚明光元大98購01,0,0,0,0,0,0,0,0,0,19000,0,0,0,121000,102000,19000,19000
053115,滬深2X中信97購01,0,0,0,0,0,0,0,0,0,19000,0,0,0,19000,0,19000,19000
054235,欣興群益96購06  ,0,0,0,0,0,0,0,0,0,19000,0,0,0,19000,0,19000,19000
050135,禾伸堂兆豐95購01,0,0,0,0,0,0,0,0,0,19000,0,0,0,19000,0,19000,19000
052936,華通兆豐98購01  ,0,0,0,0,0,0,0,0,0,19000,0,0,0,55000,36000,19000,19000
053884,緯穎第一96購01  ,0,0,0,0,0,0,0,0,0,19000,0,0,0,20000,1000,19000,19000
057280,大立光元大98購15,0,0,0,0,0,0,0,0,0,19000,0,0,0,19000,0,19000,19000
057008,華新科中信99購02,0,0,0,0,0,0,0,0,0,19000,0,0,0,20000,1000,19000,19000
056994,緯穎兆豐98購02  ,0,0,0,0,0,0,0,0,0,19000,0,0,0,19000,0,19000,19000
057889,致新群益99購01  ,0,0,0,0,0,0,0,0,0,19000,0,0,0,20000,1000,19000,19000
059494,國巨國票9C購01  ,0,0,0,0,0,0,0,0,0,19000,0,0,0,19000,0,19000,19000
059302,大立光群益99購08,0,0,0,0,0,0,0,0,0,19000,0,0,0,19000,0,19000,19000
059252,聯詠凱基99購03  ,0,0,0,0,0,0,0,0,0,19000,0,0,0,19000,0,19000,19000
059117,禾伸堂永豐99購01,0,0,0,0,0,0,0,0,0,19000,0,0,0,45000,26000,19000,19000
058236,大立光元大99購09,0,0,0,0,0,0,0,0,0,19000,0,0,0,19000,0,19000,19000
056747,致新凱基99購01  ,0,0,0,0,0,0,0,0,0,19000,0,0,0,46000,27000,19000,19000
056771,嘉晶元大99購01  ,0,0,0,0,0,0,0,0,0,19000,0,0,0,50000,31000,19000,19000
2488,漢平            ,33000,15000,18000,0,0,0,0,0,0,1000,1000,0,1000,0,0,0,19000
2904,匯僑            ,23000,4000,19000,0,0,0,0,0,0,0,0,0,0,0,0,0,19000
4576,大銀微系統      ,35000,16000,19000,0,0,0,0,0,0,0,0,0,0,0,0,0,19000
06515P,國巨凱基98售06  ,0,0,0,0,0,0,0,0,0,19000,0,0,0,45000,26000,19000,19000
06552P,茂林元大99售02  ,0,0,0,0,0,0,0,0,0,19000,0,0,0,19000,0,19000,19000
2406,國碩            ,170000,152000,18000,0,0,0,0,0,0,1000,1000,0,1000,0,0,0,19000
060729,國巨群益9A購05  ,0,0,0,0,0,0,0,0,0,18000,0,0,0,210000,192000,18000,18000
060898,世芯凱基9A購03  ,0,0,0,0,0,0,0,0,0,18000,0,0,0,19000,1000,18000,18000
059841,國巨富邦9C購01  ,0,0,0,0,0,0,0,0,0,18000,0,0,0,18000,0,18000,18000
060233,宏碁元大9A購01  ,0,0,0,0,0,0,0,0,0,18000,0,0,0,186000,168000,18000,18000
061381,台灣50群益9B購07,0,0,0,0,0,0,0,0,0,18000,0,0,0,110000,92000,18000,18000
061174,鴻海凱基9A購23  ,0,0,0,0,0,0,0,0,0,18000,0,0,0,38000,20000,18000,18000
053928,智易國票97購03  ,0,0,0,0,0,0,0,0,0,18000,0,0,0,53000,35000,18000,18000
054003,鴻海統一96購13  ,0,0,0,0,0,0,0,0,0,18000,0,0,0,65000,47000,18000,18000
049667,大立光國泰96購01,0,0,0,0,0,0,0,0,0,18000,0,0,0,18000,0,18000,18000
049675,台光電國票95購01,0,0,0,0,0,0,0,0,0,18000,0,0,0,18000,0,18000,18000
055119,力成凱基98購01  ,0,0,0,0,0,0,0,0,0,18000,0,0,0,18000,0,18000,18000
055376,群創元大01購01  ,0,0,0,0,0,0,0,0,0,18000,0,0,0,18000,0,18000,18000
055739,健鼎元富97購01  ,0,0,0,0,0,0,0,0,0,18000,0,0,0,18000,0,18000,18000
059130,台灣50群益9B購05,0,0,0,0,0,0,0,0,0,18000,0,0,0,18000,0,18000,18000
057150,貿聯國票99購02  ,0,0,0,0,0,0,0,0,0,18000,0,0,0,18000,0,18000,18000
056209,超眾永豐97購02  ,0,0,0,0,0,0,0,0,0,18000,0,0,0,50000,32000,18000,18000
2423,固緯            ,25000,7000,18000,0,0,0,0,0,0,0,1000,1000,0,0,0,0,18000
1806,冠軍            ,18000,0,18000,0,0,0,0,0,0,0,0,0,0,0,0,0,18000
1786,科妍            ,46000,28000,18000,0,0,0,0,0,0,0,2000,2000,0,0,0,0,18000
1467,南緯            ,69000,51000,18000,0,0,0,0,0,0,0,0,0,0,0,0,0,18000
07551P,國巨元大9A售10  ,0,0,0,0,0,0,0,0,0,18000,0,0,0,18000,0,18000,18000
1108,幸福            ,18000,0,18000,0,0,0,0,0,0,0,0,0,0,0,0,0,18000
2527,宏璟            ,39000,21000,18000,0,0,0,0,0,0,0,0,0,0,0,0,0,18000
2832,台產            ,30000,12000,18000,0,0,0,0,0,0,0,0,0,0,0,0,0,18000
061150,國巨群益9A購09  ,0,0,0,0,0,0,0,0,0,17000,0,0,0,219000,202000,17000,17000
061285,大立光統一9A購04,0,0,0,0,0,0,0,0,0,17000,0,0,0,17000,0,17000,17000
061801,祥碩永豐9B購01  ,0,0,0,0,0,0,0,0,0,17000,0,0,0,93000,76000,17000,17000
060262,臺股指凱基9B購02,0,0,0,0,0,0,0,0,0,17000,0,0,0,42000,25000,17000,17000
060147,臺股指國票9A購07,0,0,0,0,0,0,0,0,0,17000,0,0,0,43000,26000,17000,17000
060168,台表科永豐9A購01,0,0,0,0,0,0,0,0,0,17000,0,0,0,17000,0,17000,17000
060674,瑞昱元大9A購03  ,0,0,0,0,0,0,0,0,0,17000,0,0,0,122000,105000,17000,17000
060584,玉晶光元富9A購01,0,0,0,0,0,0,0,0,0,17000,0,0,0,81000,64000,17000,17000
054161,友訊凱基98購01  ,0,0,0,0,0,0,0,0,0,17000,0,0,0,27000,10000,17000,17000
05848P,臺股指元大96售24,0,0,0,0,0,0,0,0,0,17000,0,0,0,95000,78000,17000,17000
054352,世芯國泰98購01  ,0,0,0,0,0,0,0,0,0,17000,0,0,0,29000,12000,17000,17000
03434B,臺股指元大99熊10,0,0,0,0,0,0,0,0,0,17000,0,0,0,18000,1000,17000,17000
052615,鴻海國泰98購01  ,0,0,0,0,0,0,0,0,0,17000,0,0,0,17000,0,17000,17000
050612,台積電元大95購06,0,0,0,0,0,0,0,0,0,17000,0,0,0,17000,0,17000,17000
050460,GIS元大95購03   ,0,0,0,0,0,0,0,0,0,17000,0,0,0,17000,0,17000,17000
056271,嘉澤統一97購01  ,0,0,0,0,0,0,0,0,0,17000,0,0,0,17000,0,17000,17000
059369,滬深2X元富9C購01,0,0,0,0,0,0,0,0,0,17000,0,0,0,43000,26000,17000,17000
056358,友訊元大99購01  ,0,0,0,0,0,0,0,0,0,17000,0,0,0,17000,0,17000,17000
056535,全新凱基99購02  ,0,0,0,0,0,0,0,0,0,17000,0,0,0,89000,72000,17000,17000
058244,神達元大99購02  ,0,0,0,0,0,0,0,0,0,17000,0,0,0,135000,118000,17000,17000
058603,台積電元大99購12,0,0,0,0,0,0,0,0,0,17000,0,0,0,17000,0,17000,17000
3504,揚明光          ,67000,42000,25000,0,0,0,0,0,0,-8000,0,0,0,0,8000,-8000,17000
4141,龍燈-KY         ,26000,9000,17000,0,0,0,0,0,0,0,0,0,0,0,0,0,17000
9944,新麗            ,33000,16000,17000,0,0,0,0,0,0,0,0,0,0,0,0,0,17000
07710P,華擎元大9A售05  ,0,0,0,0,0,0,0,0,0,17000,0,0,0,20000,3000,17000,17000
1413,宏洲            ,17000,0,17000,0,0,0,0,0,0,0,0,0,0,0,0,0,17000
07531P,大立光國泰9B售03,0,0,0,0,0,0,0,0,0,17000,0,0,0,17000,0,17000,17000
07335P,臺股指國票99售20,0,0,0,0,0,0,0,0,0,17000,0,0,0,20000,3000,17000,17000
2705,六福            ,21001,5000,16001,0,0,0,0,0,0,0,0,0,0,0,0,0,16001
060515,臺股指元大9B購12,0,0,0,0,0,0,0,0,0,16000,0,0,0,24000,8000,16000,16000
060366,健策元富9A購01  ,0,0,0,0,0,0,0,0,0,16000,0,0,0,22000,6000,16000,16000
060013,S&P正2康和99購01,0,0,0,0,0,0,0,0,0,16000,0,0,0,16000,0,16000,16000
059504,台灣50永豐99購08,0,0,0,0,0,0,0,0,0,16000,0,0,0,16000,0,16000,16000
061682,南電元大9B購01  ,0,0,0,0,0,0,0,0,0,16000,0,0,0,145000,129000,16000,16000
06332P,世紀鋼群益98售01,0,0,0,0,0,0,0,0,0,16000,0,0,0,16000,0,16000,16000
061046,上銀第一9A購01  ,0,0,0,0,0,0,0,0,0,16000,0,0,0,16000,0,16000,16000
061607,台表科凱基9B購02,0,0,0,0,0,0,0,0,0,16000,0,0,0,288000,272000,16000,16000
061467,嘉澤群益9A購01  ,0,0,0,0,0,0,0,0,0,16000,0,0,0,121000,105000,16000,16000
051534,景碩國票97購01  ,0,0,0,0,0,0,0,0,0,16000,0,0,0,38000,22000,16000,16000
052424,泰碩國票97購01  ,0,0,0,0,0,0,0,0,0,16000,0,0,0,22000,6000,16000,16000
050168,緯創富邦95購01  ,0,0,0,0,0,0,0,0,0,16000,0,0,0,16000,0,16000,16000
04049P,大立光元大95售02,0,0,0,0,0,0,0,0,0,16000,0,0,0,16000,0,16000,16000
03618C,高股息凱基95牛01,0,0,0,0,0,0,0,0,0,16000,0,0,0,16000,0,16000,16000
053458,聯詠國泰97購01  ,0,0,0,0,0,0,0,0,0,16000,0,0,0,16000,0,16000,16000
053414,臻鼎國票97購01  ,0,0,0,0,0,0,0,0,0,16000,0,0,0,16000,0,16000,16000
056727,滬深反凱基9B購01,0,0,0,0,0,0,0,0,0,16000,0,0,0,16000,0,16000,16000
057598,鴻海群益98購07  ,0,0,0,0,0,0,0,0,0,16000,0,0,0,16000,0,16000,16000
055785,祥碩凱基97購02  ,0,0,0,0,0,0,0,0,0,16000,0,0,0,108000,92000,16000,16000
055777,冠德凱基97購01  ,0,0,0,0,0,0,0,0,0,16000,0,0,0,16000,0,16000,16000
055698,茂林國票98購03  ,0,0,0,0,0,0,0,0,0,16000,0,0,0,79000,63000,16000,16000
058016,智邦凱基98購06  ,0,0,0,0,0,0,0,0,0,16000,0,0,0,16000,0,16000,16000
059456,智易永豐99購01  ,0,0,0,0,0,0,0,0,0,16000,0,0,0,80000,64000,16000,16000
057095,祥碩元富98購02  ,0,0,0,0,0,0,0,0,0,16000,0,0,0,16000,0,16000,16000
2597,潤弘            ,18000,2000,16000,0,0,0,0,0,0,0,0,0,0,0,0,0,16000
6184,大豐電          ,21000,5000,16000,0,0,0,0,0,0,0,0,0,0,0,0,0,16000
6605,帝寶            ,49000,33000,16000,0,0,0,0,0,0,0,0,0,0,0,0,0,16000
07166P,台灣50兆豐03售01,0,0,0,0,0,0,0,0,0,16000,0,0,0,21000,5000,16000,16000
1737,臺鹽            ,25000,9000,16000,0,0,0,0,0,0,0,0,0,0,0,0,0,16000
2022,聚亨            ,22000,6000,16000,0,0,0,0,0,0,0,0,0,0,0,0,0,16000
07728P,臺股指凱基9A售20,0,0,0,0,0,0,0,0,0,16000,0,0,0,43000,27000,16000,16000
07614P,華新科群益9A售04,0,0,0,0,0,0,0,0,0,16000,0,0,0,16000,0,16000,16000
061294,奇力新麥證9A購01,0,0,0,65000,50000,15000,0,0,0,15000,0,0,0,65000,50000,15000,15000
061268,玉晶光凱基9B購04,0,0,0,0,0,0,0,0,0,15000,0,0,0,15000,0,15000,15000
06395P,台積電元大97售29,0,0,0,0,0,0,0,0,0,15000,0,0,0,21000,6000,15000,15000
061750,台達電台新9B購01,0,0,0,0,0,0,0,0,0,15000,0,0,0,15000,0,15000,15000
059669,台灣50元富9B購05,0,0,0,0,0,0,0,0,0,15000,0,0,0,16000,1000,15000,15000
059698,滬深2X凱基9A購02,0,0,0,0,0,0,0,0,0,15000,0,0,0,15000,0,15000,15000
059753,貿聯群益99購06  ,0,0,0,0,0,0,0,0,0,15000,0,0,0,15000,0,15000,15000
059754,訊芯群益9A購01  ,0,0,0,0,0,0,0,0,0,15000,0,0,0,15000,0,15000,15000
059809,貿聯元富99購01  ,0,0,0,0,0,0,0,0,0,15000,0,0,0,15000,0,15000,15000
060017,全新康和99購01  ,0,0,0,0,0,0,0,0,0,15000,0,0,0,244000,229000,15000,15000
060025,台積電富邦9C購06,0,0,0,0,0,0,0,0,0,15000,0,0,0,46000,31000,15000,15000
060191,亞光元富9A購02  ,0,0,0,0,0,0,0,0,0,15000,0,0,0,17000,2000,15000,15000
060368,緯穎元富9A購03  ,0,0,0,0,0,0,0,0,0,15000,0,0,0,19000,4000,15000,15000
060323,華通群益9C購01  ,0,0,0,0,0,0,0,0,0,15000,0,0,0,15000,0,15000,15000
053184,世紀鋼元富96購01,0,0,0,0,0,0,0,0,0,15000,0,0,0,15000,0,15000,15000
053027,玉晶光富邦98購01,0,0,0,0,0,0,0,0,0,15000,0,0,0,15000,0,15000,15000
053080,力山元大96購02  ,0,0,0,0,0,0,0,0,0,15000,0,0,0,25000,10000,15000,15000
054037,T50反1元大96購09,0,0,0,0,0,0,0,0,0,15000,0,0,0,15000,0,15000,15000
055094,智易群益98購01  ,0,0,0,0,0,0,0,0,0,15000,0,0,0,246000,231000,15000,15000
055096,緯穎群益97購01  ,0,0,0,0,0,0,0,0,0,15000,0,0,0,18000,3000,15000,15000
054069,亞光國泰98購01  ,0,0,0,0,0,0,0,0,0,15000,0,0,0,15000,0,15000,15000
055005,晶相光元富97購01,0,0,0,0,0,0,0,0,0,15000,0,0,0,15000,0,15000,15000
053501,明泰兆豐96購01  ,0,0,0,0,0,0,0,0,0,15000,0,0,0,25000,10000,15000,15000
053245,全新國票97購01  ,0,0,0,0,0,0,0,0,0,15000,0,0,0,15000,0,15000,15000
055299,康友元大97購02  ,0,0,0,0,0,0,0,0,0,15000,0,0,0,15000,0,15000,15000
055300,緯穎元大98購01  ,0,0,0,0,0,0,0,0,0,15000,0,0,0,15000,0,15000,15000
05485P,旺宏凱基95售08  ,0,0,0,0,0,0,0,0,0,15000,0,0,0,15000,0,15000,15000
054757,南亞國票98購01  ,0,0,0,0,0,0,0,0,0,15000,0,0,0,15000,0,15000,15000
05456P,鴻海凱基95售19  ,0,0,0,0,0,0,0,0,0,15000,0,0,0,15000,0,15000,15000
054555,欣興凱基98購01  ,0,0,0,0,0,0,0,0,0,15000,0,0,0,15000,0,15000,15000
058338,康友元富99購01  ,0,0,0,0,0,0,0,0,0,15000,0,0,0,15000,0,15000,15000
049584,台積電元大96購04,0,0,0,0,0,0,0,0,0,15000,0,0,0,35000,20000,15000,15000
048860,玉晶光群益96購03,0,0,0,0,0,0,0,0,0,15000,0,0,0,15000,0,15000,15000
052454,力成元大95購02  ,0,0,0,0,0,0,0,0,0,15000,0,0,0,29000,14000,15000,15000
050179,全新元大96購02  ,0,0,0,0,0,0,0,0,0,15000,0,0,0,15000,0,15000,15000
052428,嘉晶永豐95購01  ,0,0,0,0,0,0,0,0,0,15000,0,0,0,15000,0,15000,15000
051483,玉晶光凱基96購02,0,0,0,0,0,0,0,0,0,15000,0,0,0,64000,49000,15000,15000
051269,康友富邦97購01  ,0,0,0,0,0,0,0,0,0,15000,0,0,0,15000,0,15000,15000
052926,旺宏元大98購02  ,0,0,0,0,0,0,0,0,0,15000,0,0,0,15000,0,15000,15000
051785,臻鼎兆豐96購01  ,0,0,0,0,0,0,0,0,0,15000,0,0,0,15000,0,15000,15000
050767,京元電元大96購01,0,0,0,0,0,0,0,0,0,15000,0,0,0,15000,0,15000,15000
053768,S&P反1元大99購01,0,0,0,0,0,0,0,0,0,15000,0,0,0,50000,35000,15000,15000
053947,義隆富邦97購01  ,0,0,0,0,0,0,0,0,0,15000,0,0,0,28000,13000,15000,15000
056250,瑞昱兆豐97購02  ,0,0,0,0,0,0,0,0,0,15000,0,0,0,15000,0,15000,15000
056139,貿聯元大97購04  ,0,0,0,0,0,0,0,0,0,15000,0,0,0,15000,0,15000,15000
056171,鴻海元富97購10  ,0,0,0,0,0,0,0,0,0,15000,0,0,0,15000,0,15000,15000
057175,美律元大98購03  ,0,0,0,0,0,0,0,0,0,15000,0,0,0,15000,0,15000,15000
059438,群創元大99購06  ,0,0,0,0,0,0,0,0,0,15000,0,0,0,621000,606000,15000,15000
059102,聯鈞元富99購01  ,0,0,0,0,0,0,0,0,0,15000,0,0,0,25000,10000,15000,15000
056375,玉晶光統一01購01,0,0,0,0,0,0,0,0,0,15000,0,0,0,15000,0,15000,15000
057049,新日興元大98購02,0,0,0,0,0,0,0,0,0,15000,0,0,0,15000,0,15000,15000
057371,可成元大98購08  ,0,0,0,0,0,0,0,0,0,15000,0,0,0,48000,33000,15000,15000
055512,聯詠兆豐97購01  ,0,0,0,0,0,0,0,0,0,15000,0,0,0,15000,0,15000,15000
058759,義隆群益99購01  ,0,0,0,0,0,0,0,0,0,15000,0,0,0,32000,17000,15000,15000
056319,智原群益98購02  ,0,0,0,0,0,0,0,0,0,15000,0,0,0,15000,0,15000,15000
056960,光罩永豐98購01  ,0,0,0,0,0,0,0,0,0,15000,0,0,0,165000,150000,15000,15000
056772,欣興元大99購01  ,0,0,0,0,0,0,0,0,0,15000,0,0,0,35000,20000,15000,15000
057667,可成元大99購01  ,0,0,0,0,0,0,0,0,0,15000,0,0,0,25000,10000,15000,15000
055962,晶豪科元大97購02,0,0,0,0,0,0,0,0,0,15000,0,0,0,45000,30000,15000,15000
058593,大立光統一9B購02,0,0,0,0,0,0,0,0,0,15000,0,0,0,20000,5000,15000,15000
07264P,台積電元大99售38,0,0,0,0,0,0,0,0,0,15000,0,0,0,25000,10000,15000,15000
07223P,鴻海元大99售29  ,0,0,0,0,0,0,0,0,0,15000,0,0,0,15000,0,15000,15000
07362P,聯發科元大99售35,0,0,0,0,0,0,0,0,0,15000,0,0,0,30000,15000,15000,15000
07326P,大立光元大99售23,0,0,0,0,0,0,0,0,0,15000,0,0,0,15000,0,15000,15000
07409P,台積電台新99售07,0,0,0,0,0,0,0,0,0,15000,0,0,0,15000,0,15000,15000
07525P,臺股指中信9B售07,0,0,0,0,0,0,0,0,0,15000,0,0,0,15000,0,15000,15000
06517P,國巨凱基98售09  ,0,0,0,0,0,0,0,0,0,15000,0,0,0,20000,5000,15000,15000
6591,動力-KY         ,63000,48000,15000,0,0,0,0,0,0,0,1000,1000,0,0,0,0,15000
6491,晶碩            ,24000,14000,10000,0,0,0,0,0,0,5000,5000,0,5000,0,0,0,15000
6449,鈺邦            ,35000,18000,17000,0,0,0,0,0,0,-2000,0,2000,-2000,0,0,0,15000
6451,訊芯-KY         ,225000,134000,91000,0,0,0,0,65000,-65000,-11000,2000,1000,1000,4000,16000,-12000,15000
6415,矽力-KY         ,397000,356000,41000,0,0,0,0,15000,-15000,-11000,6000,3000,3000,8000,22000,-14000,15000
8411,福貞-KY         ,16000,1000,15000,0,0,0,0,0,0,0,0,0,0,0,0,0,15000
3694,海華            ,41000,26000,15000,0,0,0,0,0,0,0,0,0,0,0,0,0,15000
060290,興富發元大9C購01,0,0,0,0,0,0,0,0,0,14000,0,0,0,102000,88000,14000,14000
061376,瑞昱永豐9A購02  ,0,0,0,0,0,0,0,0,0,14000,0,0,0,47000,33000,14000,14000
053919,可成國票97購02  ,0,0,0,0,0,0,0,0,0,14000,0,0,0,14000,0,14000,14000
053704,國巨群益96購06  ,0,0,0,0,0,0,0,0,0,14000,0,0,0,14000,0,14000,14000
051861,鴻海凱基98購01  ,0,0,0,0,0,0,0,0,0,14000,0,0,0,14000,0,14000,14000
050416,高股息凱基96購02,0,0,0,0,0,0,0,0,0,14000,0,0,0,14000,0,14000,14000
051635,大立光國票96購04,0,0,0,0,0,0,0,0,0,14000,0,0,0,14000,0,14000,14000
049437,可成國泰96購01  ,0,0,0,0,0,0,0,0,0,14000,0,0,0,14000,0,14000,14000
050049,華通群益96購01  ,0,0,0,0,0,0,0,0,0,14000,0,0,0,14000,0,14000,14000
00710B,FH彭博高收益債  ,0,0,0,0,0,0,0,0,0,14000,0,0,0,119000,105000,14000,14000
058415,祥碩兆豐99購01  ,0,0,0,0,0,0,0,0,0,14000,0,0,0,14000,0,14000,14000
05352P,臺股指元富95售06,0,0,0,0,0,0,0,0,0,14000,0,0,0,14000,0,14000,14000
057988,鈺齊元富98購02  ,0,0,0,0,0,0,0,0,0,14000,0,0,0,14000,0,14000,14000
058714,美律統一9B購01  ,0,0,0,0,0,0,0,0,0,14000,0,0,0,314000,300000,14000,14000
055893,大立光統一97購07,0,0,0,0,0,0,0,0,0,14000,0,0,0,22000,8000,14000,14000
055822,臺股指國票97購09,0,0,0,0,0,0,0,0,0,14000,0,0,0,17000,3000,14000,14000
056900,可成元大98購02  ,0,0,0,0,0,0,0,0,0,14000,0,0,0,31000,17000,14000,14000
056536,義隆凱基98購04  ,0,0,0,0,0,0,0,0,0,14000,0,0,0,33000,19000,14000,14000
057779,禾伸堂群益98購02,0,0,0,0,0,0,0,0,0,14000,0,0,0,117000,103000,14000,14000
059286,S&P正2元富01購03,0,0,0,0,0,0,0,0,0,14000,0,0,0,14000,0,14000,14000
8070,長華*           ,31000,17000,14000,0,0,0,0,0,0,0,0,0,0,0,0,0,14000
6215,和椿            ,26000,12000,14000,0,0,0,0,0,0,0,0,0,0,0,0,0,14000
6216,居易            ,16000,2000,14000,0,0,0,0,0,0,0,0,0,0,0,0,0,14000
4560,強信-KY         ,98000,84000,14000,0,0,0,0,0,0,0,0,0,0,0,0,0,14000
06457P,玉晶光統一98售02,0,0,0,0,0,0,0,0,0,14000,0,0,0,253000,239000,14000,14000
06150P,奇力新元大97售06,0,0,0,0,0,0,0,0,0,13000,0,0,0,13000,0,13000,13000
06154P,超眾元大98售01  ,0,0,0,0,0,0,0,0,0,13000,0,0,0,13000,0,13000,13000
06170P,禾伸堂元富97售02,0,0,0,0,0,0,0,0,0,13000,0,0,0,63000,50000,13000,13000
061874,義隆元大9B購02  ,0,0,0,0,0,0,0,0,0,13000,0,0,0,43000,30000,13000,13000
061929,嘉澤凱基9B購01  ,0,0,0,0,0,0,0,0,0,13000,0,0,0,193000,180000,13000,13000
062018,台勝科永豐9B購01,0,0,0,0,0,0,0,0,0,13000,0,0,0,103000,90000,13000,13000
060247,牧德元大9A購02  ,0,0,0,0,0,0,0,0,0,13000,0,0,0,13000,0,13000,13000
060038,台積電國票99購13,0,0,0,0,0,0,0,0,0,13000,0,0,0,56000,43000,13000,13000
060101,大立光元大99購31,0,0,0,0,0,0,0,0,0,13000,0,0,0,13000,0,13000,13000
059875,信邦凱基99購02  ,0,0,0,0,0,0,0,0,0,13000,0,0,0,13000,0,13000,13000
060462,鴻海元大9A購10  ,0,0,0,0,0,0,0,0,0,13000,0,0,0,66000,53000,13000,13000
060598,鴻海凱基9A購20  ,0,0,0,0,0,0,0,0,0,13000,0,0,0,91000,78000,13000,13000
060823,旺宏元大9A購05  ,0,0,0,0,0,0,0,0,0,13000,0,0,0,22000,9000,13000,13000
054272,華通中信98購01  ,0,0,0,0,0,0,0,0,0,13000,0,0,0,13000,0,13000,13000
058498,世紀鋼群益99購01,0,0,0,0,0,0,0,0,0,13000,0,0,0,33000,20000,13000,13000
058091,欣興元大99購03  ,0,0,0,0,0,0,0,0,0,13000,0,0,0,25000,12000,13000,13000
054582,致新元大97購01  ,0,0,0,0,0,0,0,0,0,13000,0,0,0,13000,0,13000,13000
055240,京元電元富97購01,0,0,0,0,0,0,0,0,0,13000,0,0,0,107000,94000,13000,13000
049260,華新科元大96購01,0,0,0,0,0,0,0,0,0,13000,0,0,0,13000,0,13000,13000
049272,世紀鋼元大96購02,0,0,0,0,0,0,0,0,0,13000,0,0,0,60000,47000,13000,13000
051638,聯茂國票96購01  ,0,0,0,0,0,0,0,0,0,13000,0,0,0,13000,0,13000,13000
053973,晶豪科元大96購01,0,0,0,0,0,0,0,0,0,13000,0,0,0,33000,20000,13000,13000
057182,禾伸堂元大99購02,0,0,0,0,0,0,0,0,0,13000,0,0,0,33000,20000,13000,13000
058832,立積永豐99購01  ,0,0,0,0,0,0,0,0,0,13000,0,0,0,21000,8000,13000,13000
058052,南電元大98購02  ,0,0,0,0,0,0,0,0,0,13000,0,0,0,13000,0,13000,13000
058053,上銀統一9B購01  ,0,0,0,0,0,0,0,0,0,13000,0,0,0,18000,5000,13000,13000
057230,建準凱基98購02  ,6000,0,6000,0,0,0,0,0,0,7000,0,0,0,34000,27000,7000,13000
056566,臻鼎群益98購01  ,0,0,0,0,0,0,0,0,0,13000,0,0,0,121000,108000,13000,13000
056461,樺漢凱基98購02  ,0,0,0,0,0,0,0,0,0,13000,0,0,0,13000,0,13000,13000
056469,國巨元大99購01  ,0,0,0,0,0,0,0,0,0,13000,0,0,0,13000,0,13000,13000
055772,致茂凱基97購01  ,0,0,0,0,0,0,0,0,0,13000,0,0,0,13000,0,13000,13000
056021,興富發群益97購01,0,0,0,0,0,0,0,0,0,13000,0,0,0,35000,22000,13000,13000
06825P,臺股指國票98售01,0,0,0,0,0,0,0,0,0,13000,0,0,0,18000,5000,13000,13000
07192P,聯發科元大99售23,0,0,0,0,0,0,0,0,0,13000,0,0,0,13000,0,13000,13000
1903,士紙            ,20000,7000,13000,0,0,0,0,0,0,0,0,0,0,0,0,0,13000
4572,駐龍            ,13000,0,13000,0,0,0,0,0,0,0,0,0,0,0,0,0,13000
5215,科嘉-KY         ,437000,102000,335000,0,0,0,0,322000,-322000,0,0,0,0,0,0,0,13000
5525,順天            ,13000,0,13000,0,0,0,0,0,0,0,0,0,0,0,0,0,13000
5907,大洋-KY         ,48000,35000,13000,0,0,0,0,0,0,0,0,0,0,0,0,0,13000
9927,泰銘            ,33000,20000,13000,0,0,0,0,0,0,0,0,0,0,0,0,0,13000
3209,全科            ,89000,77000,12000,0,0,0,0,0,0,1000,1000,0,1000,0,0,0,13000
3164,景岳            ,21000,8000,13000,0,0,0,0,0,0,0,0,0,0,0,0,0,13000
2506,太設            ,13000,0,13000,0,0,0,0,0,0,0,0,0,0,0,0,0,13000
2497,怡利電          ,14000,1000,13000,0,0,0,0,0,0,0,0,0,0,0,0,0,13000
2483,百容            ,13000,0,13000,0,0,0,0,0,0,0,0,0,0,0,0,0,13000
2706,第一店          ,13000,0,13000,0,0,0,0,0,0,0,0,0,0,0,0,0,13000
060897,健策凱基9A購04  ,0,0,0,0,0,0,0,0,0,12000,0,0,0,22000,10000,12000,12000
060906,旺宏元大9A購07  ,0,0,0,0,0,0,0,0,0,12000,0,0,0,21000,9000,12000,12000
060910,聯發科元大9A購05,0,0,0,0,0,0,0,0,0,12000,0,0,0,15000,3000,12000,12000
060967,鈺齊凱基9A購02  ,0,0,0,0,0,0,0,0,0,12000,0,0,0,123000,111000,12000,12000
060599,國巨凱基9C購01  ,0,0,0,0,0,0,0,0,0,12000,0,0,0,92000,80000,12000,12000
059904,A50正2元大9C購05,0,0,0,0,0,0,0,0,0,12000,0,0,0,12000,0,12000,12000
062045,崇越凱基9B購01  ,0,0,0,0,0,0,0,0,0,12000,0,0,0,20000,8000,12000,12000
062112,祥碩國票9C購01  ,0,0,0,0,0,0,0,0,0,12000,0,0,0,86000,74000,12000,12000
061658,聯茂富邦9A購03  ,0,0,0,0,0,0,0,0,0,12000,0,0,0,413000,401000,12000,12000
061422,台積電元大9A購30,0,0,0,0,0,0,0,0,0,12000,0,0,0,20000,8000,12000,12000
061171,大立光麥證9A購01,0,0,0,12000,0,12000,0,0,0,12000,0,0,0,12000,0,12000,12000
051898,富邦金國泰97購01,0,0,0,0,0,0,0,0,0,12000,0,0,0,12000,0,12000,12000
03020X,元展20          ,0,0,0,0,0,0,0,0,0,12000,0,0,0,12000,0,12000,12000
0051,元大中型100     ,0,0,0,0,0,0,0,0,0,12000,0,0,0,18000,6000,12000,12000
052489,義隆國票96購02  ,0,0,0,0,0,0,0,0,0,12000,0,0,0,12000,0,12000,12000
047774,台表科元大95購01,0,0,0,0,0,0,0,0,0,12000,0,0,0,12000,0,12000,12000
046906,新光金凱基99購02,0,0,0,0,0,0,0,0,0,12000,0,0,0,12000,0,12000,12000
054586,健鼎國泰99購01  ,0,0,0,0,0,0,0,0,0,12000,0,0,0,12000,0,12000,12000
054627,義隆凱基98購01  ,0,0,0,0,0,0,0,0,0,12000,0,0,0,91000,79000,12000,12000
058118,瑞昱群益99購01  ,0,0,0,0,0,0,0,0,0,12000,0,0,0,24000,12000,12000,12000
058479,亞光凱基9A購01  ,0,0,0,0,0,0,0,0,0,12000,0,0,0,12000,0,12000,12000
054276,國巨群益96購07  ,0,0,0,0,0,0,0,0,0,12000,0,0,0,13000,1000,12000,12000
056033,T50正2凱基99購02,0,0,0,0,0,0,0,0,0,12000,0,0,0,12000,0,12000,12000
055758,旺宏群益97購01  ,0,0,0,0,0,0,0,0,0,12000,0,0,0,12000,0,12000,12000
055936,彩晶群益98購02  ,0,0,0,0,0,0,0,0,0,12000,0,0,0,98000,86000,12000,12000
055970,聯茂元大97購04  ,0,0,0,0,0,0,0,0,0,12000,0,0,0,12000,0,12000,12000
058639,南電兆豐99購01  ,0,0,0,0,0,0,0,0,0,12000,0,0,0,22000,10000,12000,12000
057250,大立光統一98購08,0,0,0,0,0,0,0,0,0,12000,0,0,0,12000,0,12000,12000
057012,康控中信98購01  ,0,0,0,0,0,0,0,0,0,12000,0,0,0,12000,0,12000,12000
057028,台郡凱基99購02  ,0,0,0,0,0,0,0,0,0,12000,0,0,0,12000,0,12000,12000
059001,聯發科元大99購17,0,0,0,0,0,0,0,0,0,12000,0,0,0,12000,0,12000,12000
056208,崇越永豐97購01  ,0,0,0,0,0,0,0,0,0,12000,0,0,0,12000,0,12000,12000
059065,南電凱基9A購01  ,0,0,0,0,0,0,0,0,0,12000,0,0,0,188000,176000,12000,12000
059124,台積電第一03購01,0,0,0,0,0,0,0,0,0,12000,0,0,0,49000,37000,12000,12000
2849,安泰銀          ,14000,2000,12000,0,0,0,0,0,0,0,0,0,0,0,0,0,12000
3305,昇貿            ,12000,1000,11000,0,0,0,0,0,0,1000,1000,0,1000,0,0,0,12000
9911,櫻花            ,27000,15000,12000,0,0,0,0,0,0,0,0,0,0,0,0,0,12000
6666,羅麗芬-KY       ,13000,1000,12000,0,0,0,0,0,0,0,0,0,0,0,0,0,12000
1760,寶齡富錦        ,6000,0,6000,0,0,0,47000,0,47000,-41000,1000,42000,-41000,0,0,0,12000
2420,新巨            ,63000,52000,11000,0,0,0,0,0,0,1000,1000,0,1000,0,0,0,12000
07640P,國巨群益9A售07  ,0,0,0,0,0,0,0,0,0,12000,0,0,0,14000,2000,12000,12000
07788P,華新科群益9A售08,0,0,0,0,0,0,0,0,0,12000,0,0,0,12000,0,12000,12000
07302P,臺股指元大9A售35,0,0,0,0,0,0,0,0,0,12000,0,0,0,53000,41000,12000,12000
07423P,大立光元大99售33,0,0,0,0,0,0,0,0,0,12000,0,0,0,14000,2000,12000,12000
06800P,台灣50群益9A售02,0,0,0,0,0,0,0,0,0,12000,0,0,0,12000,0,12000,12000
06632P,創意群益98售03  ,0,0,0,0,0,0,0,0,0,12000,0,0,0,35000,23000,12000,12000
061277,智邦台新9A購01  ,0,0,0,0,0,0,0,0,0,11000,0,0,0,11000,0,11000,11000
061146,台表科中信9A購02,0,0,0,0,0,0,0,0,0,11000,0,0,0,131000,120000,11000,11000
061121,智邦永豐9A購02  ,0,0,0,0,0,0,0,0,0,11000,0,0,0,118000,107000,11000,11000
061481,嘉澤元大9A購03  ,0,0,0,0,0,0,0,0,0,11000,0,0,0,37000,26000,11000,11000
06179P,國巨群益97售04  ,0,0,0,0,0,0,0,0,0,11000,0,0,0,11000,0,11000,11000
059915,聯發科元大99購32,0,0,0,0,0,0,0,0,0,11000,0,0,0,11000,0,11000,11000
059805,台積電元富99購02,0,0,0,0,0,0,0,0,0,11000,0,0,0,50000,39000,11000,11000
059747,台達電台新99購01,0,0,0,0,0,0,0,0,0,11000,0,0,0,35000,24000,11000,11000
060074,台積電元富99購04,0,0,0,0,0,0,0,0,0,11000,0,0,0,11000,0,11000,11000
059982,聯發科元大99購37,0,0,0,0,0,0,0,0,0,11000,0,0,0,11000,0,11000,11000
060275,元黃金元大9A購01,0,0,0,0,0,0,0,0,0,11000,0,0,0,16000,5000,11000,11000
060294,嘉澤元大9A購01  ,0,0,0,0,0,0,0,0,0,11000,0,0,0,40000,29000,11000,11000
060569,台積電永豐9A購01,0,0,0,0,0,0,0,0,0,11000,0,0,0,11000,0,11000,11000
060344,聯發科統一01購01,0,0,0,0,0,0,0,0,0,11000,0,0,0,13000,2000,11000,11000
053195,玉晶光元富96購02,0,0,0,0,0,0,0,0,0,11000,0,0,0,44000,33000,11000,11000
053387,緯創元大97購01  ,0,0,0,0,0,0,0,0,0,11000,0,0,0,11000,0,11000,11000
053175,矽力群益96購01  ,0,0,0,0,0,0,0,0,0,11000,0,0,0,25000,14000,11000,11000
058076,神達凱基98購02  ,0,0,0,0,0,0,0,0,0,11000,0,0,0,11000,0,11000,11000
055274,華泰元大97購02  ,0,0,0,0,0,0,0,0,0,11000,0,0,0,11000,0,11000,11000
052811,玉晶光台新96購03,0,0,0,0,0,0,0,0,0,11000,0,0,0,11000,0,11000,11000
04866P,台積電統一95售02,0,0,0,0,0,0,0,0,0,11000,0,0,0,11000,0,11000,11000
055489,瑞昱元大97購02  ,0,0,0,0,0,0,0,0,0,11000,0,0,0,11000,0,11000,11000
059000,台積電元大99購25,0,0,0,0,0,0,0,0,0,11000,0,0,0,21000,10000,11000,11000
05901P,臺股指凱基9C售01,0,0,0,0,0,0,0,0,0,11000,0,0,0,11000,0,11000,11000
058942,南茂中信99購01  ,0,0,0,0,0,0,0,0,0,11000,0,0,0,11000,0,11000,11000
056963,建準永豐98購01  ,0,0,0,0,0,0,0,0,0,11000,0,0,0,50000,39000,11000,11000
058798,大立光元大99購11,0,0,0,0,0,0,0,0,0,11000,0,0,0,15000,4000,11000,11000
057318,台光電凱基9A購01,0,0,0,0,0,0,0,0,0,11000,0,0,0,11000,0,11000,11000
058042,鴻海元大98購12  ,0,0,0,0,0,0,0,0,0,11000,0,0,0,15000,4000,11000,11000
058037,台灣50元大9B購02,0,0,0,0,0,0,0,0,0,11000,0,0,0,11000,0,11000,11000
058032,大立光永豐98購05,0,0,0,0,0,0,0,0,0,11000,0,0,0,11000,0,11000,11000
057216,聯發科群益99購01,0,0,0,0,0,0,0,0,0,11000,0,0,0,11000,0,11000,11000
058638,矽力兆豐99購01  ,0,0,0,0,0,0,0,0,0,11000,0,0,0,11000,0,11000,11000
058630,日月光國票9A購01,0,0,0,0,0,0,0,0,0,11000,0,0,0,52000,41000,11000,11000
05854P,華新科凱基96售09,0,0,0,0,0,0,0,0,0,11000,0,0,0,11000,0,11000,11000
055989,矽力元富9A購01  ,0,0,0,0,0,0,0,0,0,11000,0,0,0,11000,0,11000,11000
057606,健策統一98購03  ,0,0,0,0,0,0,0,0,0,11000,0,0,0,11000,0,11000,11000
058235,大立光元大99購08,0,0,0,0,0,0,0,0,0,11000,0,0,0,11000,0,11000,11000
055589,台光電元大98購04,0,0,0,0,0,0,0,0,0,11000,0,0,0,27000,16000,11000,11000
056459,茂林凱基99購01  ,0,0,0,0,0,0,0,0,0,11000,0,0,0,42000,31000,11000,11000
056914,臺股指元大99購09,0,0,0,0,0,0,0,0,0,11000,0,0,0,11000,0,11000,11000
06568P,國巨永豐98售05  ,0,0,0,0,0,0,0,0,0,11000,0,0,0,11000,0,11000,11000
06809P,電子類群益98售03,0,0,0,0,0,0,0,0,0,11000,0,0,0,11000,0,11000,11000
07123P,鴻海元大99售23  ,0,0,0,0,0,0,0,0,0,11000,0,0,0,11000,0,11000,11000
07758P,台積電國票9A售06,0,0,0,0,0,0,0,0,0,11000,0,0,0,11000,0,11000,11000
07657P,技嘉凱基9A售03  ,0,0,0,0,0,0,0,0,0,11000,0,0,0,16000,5000,11000,11000
1110,東泥            ,11000,0,11000,0,0,0,0,0,0,0,0,0,0,0,0,0,11000
2028,威致            ,11000,0,11000,0,0,0,0,0,0,0,0,0,0,0,0,0,11000
1459,聯發            ,11000,0,11000,0,0,0,0,0,0,0,0,0,0,0,0,0,11000
8374,羅昇            ,15000,4000,11000,0,0,0,0,0,0,0,0,0,0,0,0,0,11000
060458,華通元大9A購02  ,0,0,0,0,0,0,0,0,0,10000,0,0,0,10000,0,10000,10000
060419,漢翔永豐9A購01  ,0,0,0,0,0,0,0,0,0,10000,0,0,0,78000,68000,10000,10000
060612,世紀鋼凱基9A購01,0,0,0,0,0,0,0,0,0,10000,0,0,0,10000,0,10000,10000
060936,T50反1國票9A購09,0,0,0,0,0,0,0,0,0,10000,0,0,0,20000,10000,10000,10000
060718,中磊永豐9A購01  ,0,0,0,0,0,0,0,0,0,10000,0,0,0,48000,38000,10000,10000
060770,宏達電麥證9A購01,0,0,0,50000,40000,10000,0,0,0,10000,0,0,0,50000,40000,10000,10000
060184,建準元富9A購01  ,0,0,0,0,0,0,0,0,0,10000,0,0,0,10000,0,10000,10000
059981,聯發科元大99購36,0,0,0,0,0,0,0,0,0,10000,0,0,0,20000,10000,10000,10000
060015,國巨康和99購03  ,0,0,0,0,0,0,0,0,0,10000,0,0,0,89000,79000,10000,10000
059672,滬深2X元富99購06,0,0,0,0,0,0,0,0,0,10000,0,0,0,10000,0,10000,10000
059613,泰鼎永豐99購02  ,0,0,0,0,0,0,0,0,0,10000,0,0,0,12000,2000,10000,10000
059832,超眾康和99購01  ,0,0,0,0,0,0,0,0,0,10000,0,0,0,10000,0,10000,10000
05986P,大立光統一97售03,0,0,0,0,0,0,0,0,0,10000,0,0,0,10000,0,10000,10000
06173P,華通元大97售02  ,0,0,0,0,0,0,0,0,0,10000,0,0,0,15000,5000,10000,10000
061707,超眾國票9B購01  ,0,0,0,0,0,0,0,0,0,10000,0,0,0,60000,50000,10000,10000
061703,信邦國票9A購01  ,0,0,0,0,0,0,0,0,0,10000,0,0,0,20000,10000,10000,10000
061962,台積電統一01購03,0,0,0,0,0,0,0,0,0,10000,0,0,0,10000,0,10000,10000
061963,台積電統一01購04,0,0,0,0,0,0,0,0,0,10000,0,0,0,32000,22000,10000,10000
061845,SP黃豆國票9B購02,0,0,0,0,0,0,0,0,0,10000,0,0,0,10000,0,10000,10000
06370P,貿聯凱基97售03  ,0,0,0,0,0,0,0,0,0,10000,0,0,0,10000,0,10000,10000
06394P,台積電元大97售28,0,0,0,0,0,0,0,0,0,10000,0,0,0,10000,0,10000,10000
06254P,臺股指群益97售07,0,0,0,0,0,0,0,0,0,10000,0,0,0,111000,101000,10000,10000
061445,道瓊指中信9A購01,0,0,0,0,0,0,0,0,0,10000,0,0,0,10000,0,10000,10000
061360,智邦兆豐9B購02  ,0,0,0,0,0,0,0,0,0,10000,0,0,0,190000,180000,10000,10000
061314,滬深2X凱基9B購06,0,0,0,0,0,0,0,0,0,10000,0,0,0,10000,0,10000,10000
061128,大立光永豐9A購02,0,0,0,0,0,0,0,0,0,10000,0,0,0,10000,0,10000,10000
06109P,華新科群益97售05,0,0,0,0,0,0,0,0,0,10000,0,0,0,10000,0,10000,10000
061019,大毅國票9A購01  ,0,0,0,0,0,0,0,0,0,10000,0,0,0,13000,3000,10000,10000
061273,臺股指凱基9A購23,0,0,0,0,0,0,0,0,0,10000,0,0,0,10000,0,10000,10000
06127P,泰碩元富97售01  ,0,0,0,0,0,0,0,0,0,10000,0,0,0,10000,0,10000,10000
061281,台積電統一9C購05,0,0,0,0,0,0,0,0,0,10000,0,0,0,10000,0,10000,10000
06129P,玉晶光元富97售06,0,0,0,0,0,0,0,0,0,10000,0,0,0,10000,0,10000,10000
061233,國巨元大9A購17  ,0,0,0,0,0,0,0,0,0,10000,0,0,0,18000,8000,10000,10000
054936,鴻海元大97購10  ,0,0,0,0,0,0,0,0,0,10000,0,0,0,10000,0,10000,10000
053942,超眾國泰96購02  ,0,0,0,0,0,0,0,0,0,10000,0,0,0,10000,0,10000,10000
051097,嘉聯益元大96購02,0,0,0,0,0,0,0,0,0,10000,0,0,0,10000,0,10000,10000
053790,嘉聯益元大99購02,0,0,0,0,0,0,0,0,0,10000,0,0,0,10000,0,10000,10000
053761,健策國泰98購01  ,0,0,0,0,0,0,0,0,0,10000,0,0,0,10000,0,10000,10000
053864,義隆元大96購01  ,0,0,0,0,0,0,0,0,0,10000,0,0,0,39000,29000,10000,10000
053850,嘉澤元富96購03  ,0,0,0,0,0,0,0,0,0,10000,0,0,0,10000,0,10000,10000
050696,台光電凱基96購01,0,0,0,0,0,0,0,0,0,10000,0,0,0,10000,0,10000,10000
050603,致新國泰96購01  ,0,0,0,0,0,0,0,0,0,10000,0,0,0,10000,0,10000,10000
050545,奇力新凱基95購01,0,0,0,0,0,0,0,0,0,10000,0,0,0,10000,0,10000,10000
050572,大立光中信97購01,0,0,0,0,0,0,0,0,0,10000,0,0,0,10000,0,10000,10000
050892,聯電元大96購02  ,0,0,0,0,0,0,0,0,0,10000,0,0,0,10000,0,10000,10000
050883,嘉聯益國泰96購01,0,0,0,0,0,0,0,0,0,10000,0,0,0,10000,0,10000,10000
050797,聯發科中信99購01,0,0,0,0,0,0,0,0,0,10000,0,0,0,10000,0,10000,10000
051065,台積電國票96購01,0,0,0,0,0,0,0,0,0,10000,0,0,0,10000,0,10000,10000
051370,聯詠富邦97購01  ,0,0,0,0,0,0,0,0,0,10000,0,0,0,10000,0,10000,10000
051775,旺宏亞東95購01  ,0,0,0,0,0,0,0,0,0,10000,0,0,0,10000,0,10000,10000
051816,臺股指凱基95購07,0,0,0,0,0,0,0,0,0,10000,0,0,0,10000,0,10000,10000
051798,國巨永豐95購03  ,0,0,0,0,0,0,0,0,0,10000,0,0,0,20000,10000,10000,10000
051688,大立光凱基97購02,0,0,0,0,0,0,0,0,0,10000,0,0,0,10000,0,10000,10000
051701,華通群益97購01  ,0,0,0,0,0,0,0,0,0,10000,0,0,0,10000,0,10000,10000
052387,台積電群益95購08,0,0,0,0,0,0,0,0,0,10000,0,0,0,10000,0,10000,10000
052316,台積電元大96購10,0,0,0,0,0,0,0,0,0,10000,0,0,0,10000,0,10000,10000
052297,旭富國票96購01  ,0,0,0,0,0,0,0,0,0,10000,0,0,0,10000,0,10000,10000
052151,義隆富邦96購01  ,0,0,0,0,0,0,0,0,0,10000,0,0,0,10000,0,10000,10000
052112,滬深2X中信99購01,0,0,0,0,0,0,0,0,0,10000,0,0,0,30000,20000,10000,10000
052260,為升富邦97購02  ,0,0,0,0,0,0,0,0,0,10000,0,0,0,10000,0,10000,10000
052217,台光電日盛95購01,0,0,0,0,0,0,0,0,0,10000,0,0,0,10000,0,10000,10000
01002T,土銀國泰R1      ,10000,0,10000,0,0,0,0,0,0,0,0,0,0,0,0,0,10000
00706L,元大S&P日圓正2  ,0,0,0,0,0,0,0,0,0,10000,0,0,0,22000,12000,10000,10000
04427P,滬深2X元大97售02,0,0,0,0,0,0,0,0,0,10000,0,0,0,10000,0,10000,10000
049491,聯發科元大95購01,0,0,0,0,0,0,0,0,0,10000,0,0,0,10000,0,10000,10000
05281P,南亞科元大95售03,0,0,0,0,0,0,0,0,0,10000,0,0,0,10000,0,10000,10000
052792,大立光兆豐96購01,0,0,0,0,0,0,0,0,0,10000,0,0,0,10000,0,10000,10000
050180,華新科元大95購08,0,0,0,0,0,0,0,0,0,10000,0,0,0,10000,0,10000,10000
052750,臺股指元大96購04,0,0,0,0,0,0,0,0,0,10000,0,0,0,10000,0,10000,10000
051562,玉晶光國泰97購05,0,0,0,0,0,0,0,0,0,10000,0,0,0,10000,0,10000,10000
052832,益航群益96購01  ,0,0,0,0,0,0,0,0,0,10000,0,0,0,10000,0,10000,10000
052856,滬深2X凱基98購01,0,0,0,0,0,0,0,0,0,10000,0,0,0,10000,0,10000,10000
052865,大立光凱基96購11,0,0,0,0,0,0,0,0,0,10000,0,0,0,10000,0,10000,10000
052592,華通群益98購01  ,0,0,0,0,0,0,0,0,0,10000,0,0,0,10000,0,10000,10000
052734,台表科國泰98購02,0,0,0,0,0,0,0,0,0,10000,0,0,0,10000,0,10000,10000
052654,友達統一97購01  ,0,0,0,0,0,0,0,0,0,10000,0,0,0,180000,170000,10000,10000
05265P,正崴元大95售03  ,0,0,0,0,0,0,0,0,0,10000,0,0,0,10000,0,10000,10000
04713P,創意元大95售01  ,0,0,0,0,0,0,0,0,0,10000,0,0,0,10000,0,10000,10000
046385,群創凱基98購03  ,0,0,0,0,0,0,0,0,0,10000,0,0,0,10000,0,10000,10000
052511,聯發科凱基95購14,0,0,0,0,0,0,0,0,0,10000,0,0,0,10000,0,10000,10000
052467,嘉聯益統一96購01,0,0,0,0,0,0,0,0,0,10000,0,0,0,10000,0,10000,10000
055262,台虹國泰98購01  ,0,0,0,0,0,0,0,0,0,10000,0,0,0,59000,49000,10000,10000
054845,智邦兆豐98購01  ,0,0,0,0,0,0,0,0,0,10000,0,0,0,10000,0,10000,10000
054285,國巨元大98購02  ,0,0,0,0,0,0,0,0,0,10000,0,0,0,30000,20000,10000,10000
05478P,智伸科國票96售02,0,0,0,0,0,0,0,0,0,10000,0,0,0,10000,0,10000,10000
054676,牧德台新98購01  ,0,0,0,0,0,0,0,0,0,10000,0,0,0,10000,0,10000,10000
054761,台光電國票98購02,0,0,0,0,0,0,0,0,0,10000,0,0,0,10000,0,10000,10000
054698,同欣電永豐97購01,0,0,0,0,0,0,0,0,0,10000,0,0,0,10000,0,10000,10000
054712,上証2X中信98購02,0,0,0,0,0,0,0,0,0,10000,0,0,0,10000,0,10000,10000
054575,聯鈞元大97購01  ,0,0,0,0,0,0,0,0,0,10000,0,0,0,10000,0,10000,10000
054506,矽格永豐96購01  ,0,0,0,0,0,0,0,0,0,10000,0,0,0,90000,80000,10000,10000
054452,華通亞東96購01  ,0,0,0,0,0,0,0,0,0,10000,0,0,0,10000,0,10000,10000
058123,亞光國票9A購01  ,0,0,0,0,0,0,0,0,0,10000,0,0,0,10000,0,10000,10000
058162,上銀日盛9B購01  ,0,0,0,0,0,0,0,0,0,10000,0,0,0,10000,0,10000,10000
058453,可成永豐99購01  ,0,0,0,0,0,0,0,0,0,10000,0,0,0,10000,0,10000,10000
058477,億光凱基9A購01  ,0,0,0,0,0,0,0,0,0,10000,0,0,0,10000,0,10000,10000
058413,義隆兆豐99購01  ,0,0,0,0,0,0,0,0,0,10000,0,0,0,10000,0,10000,10000
058332,鴻海元富99購03  ,0,0,0,0,0,0,0,0,0,10000,0,0,0,57000,47000,10000,10000
05829P,臺股指統一96售08,0,0,0,0,0,0,0,0,0,10000,0,0,0,50000,40000,10000,10000
053153,大立光元大99購02,0,0,0,0,0,0,0,0,0,10000,0,0,0,10000,0,10000,10000
053104,台表科元富96購02,0,0,0,0,0,0,0,0,0,10000,0,0,0,10000,0,10000,10000
052947,晶技國票97購01  ,0,0,0,0,0,0,0,0,0,10000,0,0,0,10000,0,10000,10000
054080,微星中信98購01  ,0,0,0,0,0,0,0,0,0,10000,0,0,0,10000,0,10000,10000
053209,台積電凱基96購07,0,0,0,0,0,0,0,0,0,10000,0,0,0,10000,0,10000,10000
053688,燿華元大96購05  ,0,0,0,0,0,0,0,0,0,10000,0,0,0,10000,0,10000,10000
053689,台光電元大96購01,0,0,0,0,0,0,0,0,0,10000,0,0,0,10000,0,10000,10000
053232,友達永豐97購02  ,0,0,0,0,0,0,0,0,0,10000,0,0,0,10000,0,10000,10000
053581,台積電元大96購14,0,0,0,0,0,0,0,0,0,10000,0,0,0,10000,0,10000,10000
053557,聯茂凱基96購04  ,0,0,0,0,0,0,0,0,0,10000,0,0,0,10000,0,10000,10000
053522,臺股指群益99購01,0,0,0,0,0,0,0,0,0,10000,0,0,0,10000,0,10000,10000
054196,台光電國泰97購02,0,0,0,0,0,0,0,0,0,10000,0,0,0,10000,0,10000,10000
054159,T50正2凱基99購01,0,0,0,0,0,0,0,0,0,10000,0,0,0,10000,0,10000,10000
053344,嘉晶國票97購02  ,0,0,0,0,0,0,0,0,0,10000,0,0,0,10000,0,10000,10000
053305,聯詠凱基96購02  ,0,0,0,0,0,0,0,0,0,10000,0,0,0,10000,0,10000,10000
05331P,上証2X國票96售01,0,0,0,0,0,0,0,0,0,10000,0,0,0,11000,1000,10000,10000
055146,華通元大98購04  ,0,0,0,0,0,0,0,0,0,10000,0,0,0,10000,0,10000,10000
054269,台光電亞東98購01,0,0,0,0,0,0,0,0,0,10000,0,0,0,10000,0,10000,10000
055137,GIS富邦98購01   ,0,0,0,0,0,0,0,0,0,10000,0,0,0,10000,0,10000,10000
055130,京鼎康和97購01  ,0,0,0,0,0,0,0,0,0,10000,0,0,0,10000,0,10000,10000
055201,興勤群益98購01  ,0,0,0,0,0,0,0,0,0,10000,0,0,0,10000,0,10000,10000
056885,元油2X元大99購03,0,0,0,0,0,0,0,0,0,10000,0,0,0,10000,0,10000,10000
056442,瑞昱凱基98購02  ,0,0,0,0,0,0,0,0,0,10000,0,0,0,10000,0,10000,10000
05646P,聯發科國票96售05,0,0,0,0,0,0,0,0,0,10000,0,0,0,17000,7000,10000,10000
056464,臺股指凱基99購06,0,0,0,0,0,0,0,0,0,10000,0,0,0,10000,0,10000,10000
056513,臻鼎亞東99購01  ,0,0,0,0,0,0,0,0,0,10000,0,0,0,10000,0,10000,10000
055565,祥碩凱基97購01  ,0,0,0,0,0,0,0,0,0,10000,0,0,0,44000,34000,10000,10000
05553P,智原群益96售01  ,0,0,0,0,0,0,0,0,0,10000,0,0,0,10000,0,10000,10000
05887P,友達元富99售03  ,0,0,0,0,0,0,0,0,0,10000,0,0,0,10000,0,10000,10000
055508,矽力元大97購01  ,0,0,0,0,0,0,0,0,0,10000,0,0,0,11000,1000,10000,10000
058916,SGBR2X元富99購02,0,0,0,0,0,0,0,0,0,10000,0,0,0,20000,10000,10000,10000
058883,旭富永豐99購01  ,0,0,0,0,0,0,0,0,0,10000,0,0,0,10000,0,10000,10000
055678,上銀凱基97購02  ,0,0,0,0,0,0,0,0,0,10000,0,0,0,10000,0,10000,10000
056110,嘉聯益永豐97購02,0,0,0,0,0,0,0,0,0,10000,0,0,0,10000,0,10000,10000
056079,世紀鋼元大97購02,0,0,0,0,0,0,0,0,0,10000,0,0,0,10000,0,10000,10000
055988,矽力元富97購01  ,0,0,0,0,0,0,0,0,0,10000,0,0,0,10000,0,10000,10000
058595,T50正2元富99購01,0,0,0,0,0,0,0,0,0,10000,0,0,0,10000,0,10000,10000
058608,華新科元大99購13,0,0,0,0,0,0,0,0,0,10000,0,0,0,10000,0,10000,10000
058625,旺宏國票9A購01  ,0,0,0,0,0,0,0,0,0,10000,0,0,0,10000,0,10000,10000
05862P,大立光國泰98售01,0,0,0,0,0,0,0,0,0,10000,0,0,0,250000,240000,10000,10000
057690,美律凱基99購03  ,0,0,0,0,0,0,0,0,0,10000,0,0,0,10000,0,10000,10000
057685,台灣50凱基9C購01,0,0,0,0,0,0,0,0,0,10000,0,0,0,10000,0,10000,10000
057679,臺股指元大98購09,0,0,0,0,0,0,0,0,0,10000,0,0,0,10000,0,10000,10000
056812,泰鼎統一98購01  ,0,0,0,0,0,0,0,0,0,10000,0,0,0,10000,0,10000,10000
057937,神達群益98購02  ,0,0,0,0,0,0,0,0,0,10000,0,0,0,108000,98000,10000,10000
057737,國巨富邦99購02  ,0,0,0,0,0,0,0,0,0,10000,0,0,0,10000,0,10000,10000
057531,禾伸堂元大99購04,0,0,0,0,0,0,0,0,0,10000,0,0,0,40000,30000,10000,10000
058038,滬深反元大98購01,0,0,0,0,0,0,0,0,0,10000,0,0,0,10000,0,10000,10000
057998,玉晶光麥證9A購01,0,0,0,10000,0,10000,0,0,0,10000,0,0,0,10000,0,10000,10000
057994,技嘉中信98購01  ,0,0,0,0,0,0,0,0,0,10000,0,0,0,30000,20000,10000,10000
058549,藍天永豐99購01  ,0,0,0,0,0,0,0,0,0,10000,0,0,0,10000,0,10000,10000
057294,台灣50永豐99購01,0,0,0,0,0,0,0,0,0,10000,0,0,0,10000,0,10000,10000
057351,奇力新統一98購02,0,0,0,0,0,0,0,0,0,10000,0,0,0,10000,0,10000,10000
057421,智原凱基98購04  ,0,0,0,0,0,0,0,0,0,10000,0,0,0,10000,0,10000,10000
057369,奇力新元大99購05,0,0,0,0,0,0,0,0,0,10000,0,0,0,25000,15000,10000,10000
056344,嘉晶凱基98購02  ,0,0,0,0,0,0,0,0,0,10000,0,0,0,10000,0,10000,10000
057772,台積電群益99購01,0,0,0,0,0,0,0,0,0,10000,0,0,0,10000,0,10000,10000
057043,台積電元大99購02,0,0,0,0,0,0,0,0,0,10000,0,0,0,88000,78000,10000,10000
05900P,臺股指凱基99售05,0,0,0,0,0,0,0,0,0,10000,0,0,0,10000,0,10000,10000
058949,上銀群益99購02  ,0,0,0,0,0,0,0,0,0,10000,0,0,0,10000,0,10000,10000
057134,茂林凱基98購02  ,0,0,0,0,0,0,0,0,0,10000,0,0,0,10000,0,10000,10000
056173,廣達元富97購01  ,0,0,0,0,0,0,0,0,0,10000,0,0,0,10000,0,10000,10000
056175,可成元富97購03  ,0,0,0,0,0,0,0,0,0,10000,0,0,0,50000,40000,10000,10000
05708P,奇力新國票97售04,0,0,0,0,0,0,0,0,0,10000,0,0,0,10000,0,10000,10000
059240,台積電凱基9A購09,0,0,0,0,0,0,0,0,0,10000,0,0,0,21000,11000,10000,10000
059317,台積電元大99購34,0,0,0,0,0,0,0,0,0,10000,0,0,0,10000,0,10000,10000
059429,台積電元大99購35,0,0,0,0,0,0,0,0,0,10000,0,0,0,10000,0,10000,10000
059398,滬深2X元富9C購02,0,0,0,0,0,0,0,0,0,10000,0,0,0,10000,0,10000,10000
059461,鈺齊永豐99購03  ,0,0,0,0,0,0,0,0,0,10000,0,0,0,10000,0,10000,10000
8404,百和興業-KY     ,60000,50000,10000,0,0,0,0,0,0,0,0,0,0,0,0,0,10000
6281,全國電          ,11000,1000,10000,0,0,0,0,0,0,0,0,0,0,0,0,0,10000
4999,鑫禾            ,14000,4000,10000,0,0,0,0,0,0,0,0,0,0,0,0,0,10000
4989,榮科            ,33000,23000,10000,0,0,0,0,0,0,0,0,0,0,0,0,0,10000
3021,鴻名            ,11000,1000,10000,0,0,0,0,0,0,0,0,0,0,0,0,0,10000
1614,三洋電          ,13000,3000,10000,0,0,0,0,0,0,0,0,0,0,0,0,0,10000
1618,合機            ,13000,3000,10000,0,0,0,0,0,0,0,0,0,0,0,0,0,10000
2415,錩新            ,10000,0,10000,0,0,0,0,0,0,0,0,0,0,0,0,0,10000
1313,聯成            ,262000,252000,10000,0,0,0,0,0,0,0,0,0,0,0,0,0,10000
07846P,台灣50群益9A售17,0,0,0,0,0,0,0,0,0,10000,0,0,0,10000,0,10000,10000
07622P,華新科統一9B售02,0,0,0,0,0,0,0,0,0,10000,0,0,0,10000,0,10000,10000
07601P,國巨統一9A售05  ,0,0,0,0,0,0,0,0,0,10000,0,0,0,10000,0,10000,10000
07742P,台積電凱基9A售25,0,0,0,0,0,0,0,0,0,10000,0,0,0,10000,0,10000,10000
07775P,國巨群益9A售10  ,0,0,0,0,0,0,0,0,0,10000,0,0,0,10000,0,10000,10000
07189P,聯發科富邦9B售03,0,0,0,0,0,0,0,0,0,10000,0,0,0,10000,0,10000,10000
07160P,台灣50中信03售04,0,0,0,0,0,0,0,0,0,10000,0,0,0,10000,0,10000,10000
07285P,上証2X群益01售02,0,0,0,0,0,0,0,0,0,10000,0,0,0,10000,0,10000,10000
07211P,南亞科凱基99售05,0,0,0,0,0,0,0,0,0,10000,0,0,0,10000,0,10000,10000
07444P,聯發科凱基9A售10,0,0,0,0,0,0,0,0,0,10000,0,0,0,10000,0,10000,10000
07439P,臺股指麥證9B售01,0,0,0,10000,0,10000,0,0,0,10000,0,0,0,10000,0,10000,10000
07526P,臺股指中信9B售08,0,0,0,0,0,0,0,0,0,10000,0,0,0,10000,0,10000,10000
07553P,嘉晶元大9A售02  ,0,0,0,0,0,0,0,0,0,10000,0,0,0,163000,153000,10000,10000
07413P,國巨元大99售33  ,0,0,0,0,0,0,0,0,0,10000,0,0,0,10000,0,10000,10000
07401P,台積電凱基99售21,0,0,0,0,0,0,0,0,0,10000,0,0,0,10000,0,10000,10000
07329P,台灣50群益9A售07,0,0,0,0,0,0,0,0,0,10000,0,0,0,10000,0,10000,10000
07360P,台積電元大99售46,0,0,0,0,0,0,0,0,0,10000,0,0,0,10000,0,10000,10000
06847P,奇力新元大98售05,0,0,0,0,0,0,0,0,0,10000,0,0,0,10000,0,10000,10000
07023P,南電永豐99售02  ,0,0,0,0,0,0,0,0,0,10000,0,0,0,10000,0,10000,10000
07046P,大立光富邦9C售03,0,0,0,0,0,0,0,0,0,10000,0,0,0,160000,150000,10000,10000
07047P,S&P500中信9B售02,0,0,0,0,0,0,0,0,0,10000,0,0,0,10000,0,10000,10000
06913P,聯發科元大98售14,0,0,0,0,0,0,0,0,0,10000,0,0,0,10000,0,10000,10000
06550P,健策元大99售01  ,0,0,0,0,0,0,0,0,0,10000,0,0,0,10000,0,10000,10000
062014,牧德富邦9C購01  ,0,0,0,0,0,0,0,0,0,9000,0,0,0,235000,226000,9000,9000
061897,泰碩永豐9B購01  ,0,0,0,0,0,0,0,0,0,9000,0,0,0,10000,1000,9000,9000
061657,智原國票9A購01  ,0,0,0,0,0,0,0,0,0,9000,0,0,0,9000,0,9000,9000
059890,大立光國票99購03,0,0,0,0,0,0,0,0,0,9000,0,0,0,9000,0,9000,9000
060144,全新國票9B購01  ,0,0,0,0,0,0,0,0,0,9000,0,0,0,134000,125000,9000,9000
060237,友達元大9A購06  ,0,0,0,0,0,0,0,0,0,9000,0,0,0,288000,279000,9000,9000
060231,台積電元大9A購08,0,0,0,0,0,0,0,0,0,9000,0,0,0,10000,1000,9000,9000
060845,欣興國票9A購01  ,0,0,0,0,0,0,0,0,0,9000,0,0,0,45000,36000,9000,9000
060609,玉晶光凱基9B購01,0,0,0,0,0,0,0,0,0,9000,0,0,0,12000,3000,9000,9000
060469,台勝科元大9A購02,0,0,0,0,0,0,0,0,0,9000,0,0,0,44000,35000,9000,9000
055229,大毅國票97購02  ,0,0,0,0,0,0,0,0,0,9000,0,0,0,10000,1000,9000,9000
055193,世芯元富97購02  ,0,0,0,0,0,0,0,0,0,9000,0,0,0,239000,230000,9000,9000
053629,玉山金兆豐96購01,0,0,0,0,0,0,0,0,0,9000,0,0,0,9000,0,9000,9000
058389,聯茂國票9A購01  ,0,0,0,0,0,0,0,0,0,9000,0,0,0,10000,1000,9000,9000
054589,聯鈞國泰99購01  ,0,0,0,0,0,0,0,0,0,9000,0,0,0,9000,0,9000,9000
054649,聯茂群益97購01  ,0,0,0,0,0,0,0,0,0,9000,0,0,0,9000,0,9000,9000
049602,南電元大95購01  ,0,0,0,0,0,0,0,0,0,9000,0,0,0,9000,0,9000,9000
02001R,富邦蘋果反一N   ,0,0,0,0,0,0,0,0,0,9000,0,0,0,40000,31000,9000,9000
03670C,元油2X元富99牛01,0,0,0,0,0,0,0,0,0,9000,0,0,0,9000,0,9000,9000
03443B,臺股指凱基9A熊27,80000,0,80000,0,0,0,0,0,0,-71000,0,0,0,528000,599000,-71000,9000
052937,國巨兆豐97購01  ,0,0,0,0,0,0,0,0,0,9000,0,0,0,9000,0,9000,9000
050774,健策元大96購02  ,0,0,0,0,0,0,0,0,0,9000,0,0,0,9000,0,9000,9000
055415,禾伸堂富邦9B購01,0,0,0,0,0,0,0,0,0,9000,0,0,0,9000,0,9000,9000
059265,美律中信01購01  ,0,0,0,0,0,0,0,0,0,9000,0,0,0,9000,0,9000,9000
05912P,和大元大96售01  ,0,0,0,0,0,0,0,0,0,9000,0,0,0,39000,30000,9000,9000
059146,貿聯國票9A購02  ,0,0,0,0,0,0,0,0,0,9000,0,0,0,14000,5000,9000,9000
058951,南電群益99購01  ,0,0,0,0,0,0,0,0,0,9000,0,0,0,34000,25000,9000,9000
05886P,華通元富96售01  ,0,0,0,0,0,0,0,0,0,9000,0,0,0,9000,0,9000,9000
058802,矽創元大99購02  ,0,0,0,0,0,0,0,0,0,9000,0,0,0,149000,140000,9000,9000
058019,美律凱基99購04  ,0,0,0,0,0,0,0,0,0,9000,0,0,0,9000,0,9000,9000
057201,華擎元富98購01  ,0,0,0,0,0,0,0,0,0,9000,0,0,0,60000,51000,9000,9000
058699,楠梓電元大99購02,0,0,0,0,0,0,0,0,0,9000,0,0,0,10000,1000,9000,9000
055923,矽力凱基98購01  ,0,0,0,0,0,0,0,0,0,9000,0,0,0,9000,0,9000,9000
056479,玉晶光元大99購05,0,0,0,0,0,0,0,0,0,9000,0,0,0,82000,73000,9000,9000
06850P,聯茂元大98售06  ,0,0,0,0,0,0,0,0,0,9000,0,0,0,12000,3000,9000,9000
06822P,上銀富邦99售03  ,0,0,0,0,0,0,0,0,0,9000,0,0,0,10000,1000,9000,9000
07561P,玉晶光永豐9A售02,0,0,0,0,0,0,0,0,0,9000,0,0,0,9000,0,9000,9000
07730P,臺股指凱基9A售22,0,0,0,0,0,0,0,0,0,9000,0,0,0,10000,1000,9000,9000
07653P,華新科群益9A售05,0,0,0,0,0,0,0,0,0,9000,0,0,0,10000,1000,9000,9000
07641P,上銀凱基9A售05  ,0,0,0,0,0,0,0,0,0,9000,0,0,0,9000,0,9000,9000
1414,東和            ,10000,1000,9000,0,0,0,0,0,0,0,0,0,0,0,0,0,9000
1529,樂士            ,2000,3000,-1000,0,0,0,0,0,0,10000,10000,0,10000,0,0,0,9000
3002,歐格            ,12000,3000,9000,0,0,0,0,0,0,0,0,0,0,0,0,0,9000
3050,鈺德            ,32000,23000,9000,0,0,0,0,0,0,0,0,0,0,0,0,0,9000
2630,亞航            ,9000,0,9000,0,0,0,0,0,0,0,0,0,0,0,0,0,9000
2460,建通            ,9000,0,9000,0,0,0,0,0,0,0,0,0,0,0,0,0,9000
8462,柏文            ,45000,5346,39654,0,0,0,0,30000,-30000,-1000,0,0,0,0,1000,-1000,8654
060418,中橡永豐9A購01  ,0,0,0,0,0,0,0,0,0,8000,0,0,0,71000,63000,8000,8000
060932,南六永豐9A購02  ,0,0,0,0,0,0,0,0,0,8000,0,0,0,85000,77000,8000,8000
060033,臻鼎永豐99購01  ,0,0,0,0,0,0,0,0,0,8000,0,0,0,85000,77000,8000,8000
059797,大立光國票99購01,0,0,0,0,0,0,0,0,0,8000,0,0,0,8000,0,8000,8000
059667,矽力元大99購01  ,0,0,0,0,0,0,0,0,0,8000,0,0,0,20000,12000,8000,8000
059704,聯發科凱基9A購08,0,0,0,0,0,0,0,0,0,8000,0,0,0,11000,3000,8000,8000
06439P,上銀凱基98售02  ,0,0,0,0,0,0,0,0,0,8000,0,0,0,8000,0,8000,8000
061487,聯發科兆豐9B購02,0,0,0,0,0,0,0,0,0,8000,0,0,0,8000,0,8000,8000
051899,欣興國泰97購01  ,0,0,0,0,0,0,0,0,0,8000,0,0,0,8000,0,8000,8000
051700,深中小群益99購04,0,0,0,0,0,0,0,0,0,8000,0,0,0,8000,0,8000,8000
052020,聯茂永豐95購02  ,0,0,0,0,0,0,0,0,0,8000,0,0,0,44000,36000,8000,8000
04916P,大立光永昌96售02,0,0,0,0,0,0,0,0,0,8000,0,0,0,8000,0,8000,8000
00685L,群益臺灣加權正2 ,0,0,0,0,0,0,0,0,0,8000,0,0,0,15000,7000,8000,8000
04693P,超眾群益95售01  ,0,0,0,0,0,0,0,0,0,8000,0,0,0,8000,0,8000,8000
050150,國巨群益95購01  ,0,0,0,0,0,0,0,0,0,8000,0,0,0,8000,0,8000,8000
052806,玉晶光元大98購04,0,0,0,0,0,0,0,0,0,8000,0,0,0,20000,12000,8000,8000
054516,國巨元大97購02  ,0,0,0,0,0,0,0,0,0,8000,0,0,0,8000,0,8000,8000
054857,信錦群益97購01  ,0,0,0,0,0,0,0,0,0,8000,0,0,0,8000,0,8000,8000
054297,台郡元大98購01  ,0,0,0,0,0,0,0,0,0,8000,0,0,0,8000,0,8000,8000
053279,景碩元大97購01  ,0,0,0,0,0,0,0,0,0,8000,0,0,0,8000,0,8000,8000
056534,京元電凱基98購01,0,0,0,0,0,0,0,0,0,8000,0,0,0,8000,0,8000,8000
058770,貿聯兆豐9A購01  ,0,0,0,0,0,0,0,0,0,8000,0,0,0,10000,2000,8000,8000
05596P,可成統一96售01  ,0,0,0,0,0,0,0,0,0,8000,0,0,0,58000,50000,8000,8000
057647,欣興元大98購10  ,0,0,0,0,0,0,0,0,0,8000,0,0,0,79000,71000,8000,8000
058658,瑞儀中信99購01  ,0,0,0,0,0,0,0,0,0,8000,0,0,0,26000,18000,8000,8000
058590,南電中信9A購02  ,0,1000,-1000,0,0,0,0,0,0,9000,0,0,0,23000,14000,9000,8000
058557,健策第一01購01  ,0,0,0,0,0,0,0,0,0,8000,0,0,0,10000,2000,8000,8000
057962,超眾元大99購03  ,0,0,0,0,0,0,0,0,0,8000,0,0,0,8000,0,8000,8000
057413,臺股指群益9C購04,0,0,0,0,0,0,0,0,0,8000,0,0,0,8000,0,8000,8000
056981,全新群益99購03  ,0,0,0,0,0,0,0,0,0,8000,0,0,0,283000,275000,8000,8000
057196,茂林台新98購01  ,0,0,0,0,0,0,0,0,0,8000,0,0,0,10000,2000,8000,8000
056286,奇鋐永豐97購01  ,0,0,0,0,0,0,0,0,0,8000,0,0,0,20000,12000,8000,8000
056188,晶相光統一99購01,0,0,0,0,0,0,0,0,0,8000,0,0,0,8000,0,8000,8000
057097,致新元富98購01  ,0,0,0,0,0,0,0,0,0,8000,0,0,0,8000,0,8000,8000
059151,臺股指國票99購14,0,0,0,0,0,0,0,0,0,8000,0,0,0,18000,10000,8000,8000
059088,台積電元大99購27,0,0,0,0,0,0,0,0,0,8000,0,0,0,8000,0,8000,8000
059169,可成凱基99購04  ,0,0,0,0,0,0,0,0,0,8000,0,0,0,8000,0,8000,8000
05935P,台積電凱基96售19,0,0,0,0,0,0,0,0,0,8000,0,0,0,8000,0,8000,8000
8072,陞泰            ,8000,0,8000,0,0,0,0,0,0,0,0,0,0,0,0,0,8000
6243,迅杰            ,10000,2000,8000,0,0,0,0,0,0,0,0,0,0,0,0,0,8000
2616,山隆            ,8000,0,8000,0,0,0,0,0,0,0,0,0,0,0,0,0,8000
3055,蔚華科          ,11000,3000,8000,0,0,0,0,0,0,0,0,0,0,0,0,0,8000
3024,憶聲            ,12000,4000,8000,0,0,0,0,0,0,0,0,0,0,0,0,0,8000
3607,谷崧            ,15000,7000,8000,0,0,0,0,0,0,0,0,0,0,0,0,0,8000
1533,車王電          ,9000,1000,8000,0,0,0,0,0,0,0,0,0,0,0,0,0,8000
1419,新紡            ,8000,0,8000,0,0,0,0,0,0,0,0,0,0,0,0,0,8000
1604,聲寶            ,79000,71000,8000,0,0,0,0,0,0,0,0,0,0,0,0,0,8000
07750P,台表科凱基9A售04,0,0,0,0,0,0,0,0,0,8000,0,0,0,10000,2000,8000,8000
07847P,國巨群益9A售13  ,0,0,0,0,0,0,0,0,0,8000,0,0,0,8000,0,8000,8000
1219,福壽            ,8000,0,8000,0,0,0,0,0,0,0,0,0,0,0,0,0,8000
07888P,大立光國票9B售01,0,0,0,0,0,0,0,0,0,8000,0,0,0,8000,0,8000,8000
07545P,玉晶光凱基9A售07,0,0,0,0,0,0,0,0,0,8000,0,0,0,59000,51000,8000,8000
07406P,大立光凱基99售18,0,0,0,0,0,0,0,0,0,8000,0,0,0,8000,0,8000,8000
07217P,大立光凱基9A售05,0,0,0,0,0,0,0,0,0,8000,0,0,0,8000,0,8000,8000
07235P,T50正2元大9C售02,0,0,0,0,0,0,0,0,0,8000,0,0,0,8000,0,8000,8000
07062P,台積電元大99售15,0,0,0,0,0,0,0,0,0,8000,0,0,0,8000,0,8000,8000
06962P,華新科永豐99售01,0,0,0,0,0,0,0,0,0,8000,0,0,0,28000,20000,8000,8000
06625P,華新科統一98售03,0,0,0,0,0,0,0,0,0,8000,0,0,0,10000,2000,8000,8000
061507,南電國票9A購05  ,0,0,0,0,0,0,0,0,0,7000,0,0,0,8000,1000,7000,7000
06140P,華新科群益97售06,0,0,0,0,0,0,0,0,0,7000,0,0,0,7000,0,7000,7000
061156,玉晶光群益9A購07,0,0,0,0,0,0,0,0,0,7000,0,0,0,352000,345000,7000,7000
060999,國巨兆豐9A購01  ,0,0,0,0,0,0,0,0,0,7000,0,0,0,10000,3000,7000,7000
06239P,奇力新元大97售08,0,0,0,0,0,0,0,0,0,7000,0,0,0,9000,2000,7000,7000
061737,南亞科凱基9B購01,0,0,0,0,0,0,0,0,0,7000,0,0,0,7000,0,7000,7000
061877,貿聯元大9B購01  ,0,0,0,0,0,0,0,0,0,7000,0,0,0,8000,1000,7000,7000
061871,瑞昱元大9B購01  ,0,0,0,0,0,0,0,0,0,7000,0,0,0,15000,8000,7000,7000
061823,勤誠群益9B購01  ,0,0,0,0,0,0,0,0,0,7000,0,0,0,12000,5000,7000,7000
061984,華新科元大9B購05,0,0,0,0,0,0,0,0,0,7000,0,0,0,7000,0,7000,7000
059567,台積電凱基9A購12,0,0,0,0,0,0,0,0,0,7000,0,0,0,7000,0,7000,7000
059881,臺股指凱基99購46,0,0,0,0,0,0,0,0,0,7000,0,0,0,24000,17000,7000,7000
060217,國巨凱基9A購10  ,0,0,0,0,0,0,0,0,0,7000,0,0,0,7000,0,7000,7000
053338,台光電國票97購01,0,0,0,0,0,0,0,0,0,7000,0,0,0,7000,0,7000,7000
054162,光罩凱基98購01  ,0,0,0,0,0,0,0,0,0,7000,0,0,0,7000,0,7000,7000
054413,台光電元大96購03,0,0,0,0,0,0,0,0,0,7000,0,0,0,21000,14000,7000,7000
053035,台表科兆豐97購01,0,0,0,0,0,0,0,0,0,7000,0,0,0,20000,13000,7000,7000
053124,聯發科凱基96購12,0,0,0,0,0,0,0,0,0,7000,0,0,0,47000,40000,7000,7000
055310,聯詠群益97購02  ,0,0,0,0,0,0,0,0,0,7000,0,0,0,7000,0,7000,7000
05814P,臺股指國票96售07,0,0,0,0,0,0,0,0,0,7000,0,0,0,12000,5000,7000,7000
050166,彩晶國泰95購01  ,0,0,0,0,0,0,0,0,0,7000,0,0,0,7000,0,7000,7000
04768P,大立光國泰96售03,0,0,0,0,0,0,0,0,0,7000,0,0,0,7000,0,7000,7000
04578P,微星富邦96售01  ,0,0,0,0,0,0,0,0,0,7000,0,0,0,7000,0,7000,7000
045053,聯發科元富98購01,0,0,0,0,0,0,0,0,0,7000,0,0,0,8000,1000,7000,7000
035276,南亞科台新97購01,0,0,0,0,0,0,0,0,0,7000,0,0,0,7000,0,7000,7000
050099,台積電永昌96購01,0,0,0,0,0,0,0,0,0,7000,0,0,0,139000,132000,7000,7000
050121,南電元大95購02  ,0,0,0,0,0,0,0,0,0,7000,0,0,0,7000,0,7000,7000
052022,南電永豐95購03  ,0,0,0,0,0,0,0,0,0,7000,0,0,0,10000,3000,7000,7000
052077,可成元富98購02  ,0,0,0,0,0,0,0,0,0,7000,0,0,0,20000,13000,7000,7000
059361,玉晶光永豐99購04,0,0,0,0,0,0,0,0,0,7000,0,0,0,7000,0,7000,7000
059425,SGBR2X元大9A購02,0,0,0,0,0,0,0,0,0,7000,0,0,0,80000,73000,7000,7000
059449,滬深2X永豐99購03,0,0,0,0,0,0,0,0,0,7000,0,0,0,7000,0,7000,7000
056272,嘉澤統一99購01  ,0,0,0,0,0,0,0,0,0,7000,0,0,0,7000,0,7000,7000
057153,祥碩國泰99購01  ,0,0,0,0,0,0,0,0,0,7000,0,0,0,7000,0,7000,7000
056353,鴻海元大99購02  ,0,0,0,0,0,0,0,0,0,7000,0,0,0,7000,0,7000,7000
056966,嘉晶永豐98購01  ,0,0,0,0,0,0,0,0,0,7000,0,0,0,221000,214000,7000,7000
057763,康控凱基99購02  ,0,0,0,0,0,0,0,0,0,7000,0,0,0,55000,48000,7000,7000
058836,FBVIX中信03購05 ,0,0,0,0,0,0,0,0,0,7000,0,0,0,254000,247000,7000,7000
055662,上銀中信99購01  ,0,0,0,0,0,0,0,0,0,7000,0,0,0,7000,0,7000,7000
055701,亞德客富邦99購01,0,0,0,0,0,0,0,0,0,7000,0,0,0,7000,0,7000,7000
06684P,緯穎元大98售06  ,0,0,0,0,0,0,0,0,0,7000,0,0,0,17000,10000,7000,7000
06931P,大立光元大98售20,0,0,0,0,0,0,0,0,0,7000,0,0,0,7000,0,7000,7000
06999P,玉晶光國票9B售01,0,0,0,0,0,0,0,0,0,7000,0,0,0,7000,0,7000,7000
07073P,臺股指中信9B售02,0,0,0,0,0,0,0,0,0,7000,0,0,0,7000,0,7000,7000
07198P,臺股指元大99售14,0,0,0,0,0,0,0,0,0,7000,0,0,0,7000,0,7000,7000
07932P,國巨元大9B售04  ,0,0,0,0,0,0,0,0,0,7000,0,0,0,7000,0,7000,7000
1203,味王            ,10000,3000,7000,0,0,0,0,0,0,0,0,0,0,0,0,0,7000
1231,聯華食          ,13000,6000,7000,0,0,0,0,0,0,0,0,0,0,0,0,0,7000
1256,鮮活果汁-KY     ,12000,5000,7000,0,0,0,0,0,0,0,0,0,0,0,0,0,7000
2419,仲琦            ,130000,123000,7000,0,0,0,0,0,0,0,0,0,0,0,0,0,7000
2032,新鋼            ,7000,0,7000,0,0,0,0,0,0,0,0,0,0,0,0,0,7000
2302,麗正            ,7000,0,7000,0,0,0,0,0,0,0,0,0,0,0,0,0,7000
3432,台端            ,7000,1000,6000,0,0,0,0,0,0,1000,1000,0,1000,0,0,0,7000
3059,華晶科          ,393000,386000,7000,0,0,0,0,0,0,0,0,0,0,0,0,0,7000
2882B,國泰金乙特      ,0,0,0,0,0,0,0,0,0,7000,7000,0,7000,0,0,0,7000
8497,格威傳媒        ,7000,0,7000,0,0,0,0,0,0,0,0,0,0,0,0,0,7000
060019,彰銀康和99購01  ,0,0,0,0,0,0,0,0,0,6000,0,0,0,20000,14000,6000,6000
059973,A50正2元大99購02,0,0,0,0,0,0,0,0,0,6000,0,0,0,8000,2000,6000,6000
059903,S&P正2元大99購02,0,0,0,0,0,0,0,0,0,6000,0,0,0,6000,0,6000,6000
059690,建準永豐99購01  ,0,0,0,0,0,0,0,0,0,6000,0,0,0,6000,0,6000,6000
060665,康控凱基9A購01  ,0,0,0,0,0,0,0,0,0,6000,0,0,0,100000,94000,6000,6000
061943,上銀群益9B購02  ,0,0,0,0,0,0,0,0,0,6000,0,0,0,6000,0,6000,6000
061704,景碩國票9A購01  ,0,0,0,0,0,0,0,0,0,6000,0,0,0,177000,171000,6000,6000
06242P,大立光元富9A售02,0,0,0,0,0,0,0,0,0,6000,0,0,0,58000,52000,6000,6000
06431P,新日興元大97售05,0,0,0,0,0,0,0,0,0,6000,0,0,0,6000,0,6000,6000
061995,超眾元大01購01  ,0,0,0,0,0,0,0,0,0,6000,0,0,0,10000,4000,6000,6000
061184,大立光國泰9C購01,0,0,0,0,0,0,0,0,0,6000,0,0,0,149000,143000,6000,6000
061253,臺股指群益9A購04,0,0,0,0,0,0,0,0,0,6000,0,0,0,11000,5000,6000,6000
061586,智邦富邦9A購02  ,0,0,0,0,0,0,0,0,0,6000,0,0,0,6000,0,6000,6000
052058,臺股指凱基95購16,0,0,0,0,0,0,0,0,0,6000,0,0,0,6000,0,6000,6000
052230,大立光凱基96購09,0,0,0,0,0,0,0,0,0,6000,0,0,0,36000,30000,6000,6000
052325,高股息中信99購01,0,0,0,0,0,0,0,0,0,6000,0,0,0,6000,0,6000,6000
053891,欣興群益98購01  ,0,0,0,0,0,0,0,0,0,6000,0,0,0,6000,0,6000,6000
049591,開發金元大98購01,0,0,0,0,0,0,0,0,0,6000,0,0,0,6000,0,6000,6000
049527,國巨中信95購01  ,0,0,0,0,0,0,0,0,0,6000,0,0,0,6000,0,6000,6000
048637,鴻海元大96購01  ,0,0,0,0,0,0,0,0,0,6000,0,0,0,6000,0,6000,6000
04831P,聯詠富邦96售01  ,0,0,0,0,0,0,0,0,0,6000,0,0,0,6000,0,6000,6000
052784,緯穎國票97購02  ,0,0,0,0,0,0,0,0,0,6000,0,0,0,10000,4000,6000,6000
052887,華通中信96購01  ,0,0,0,0,0,0,0,0,0,6000,0,0,0,6000,0,6000,6000
058410,國巨兆豐99購03  ,0,0,0,0,0,0,0,0,0,6000,0,0,0,6000,0,6000,6000
054593,滬深2X永昌9A購01,0,0,0,0,0,0,0,0,0,6000,0,0,0,6000,0,6000,6000
055159,玉晶光元大98購05,0,0,0,0,0,0,0,0,0,6000,0,0,0,16000,10000,6000,6000
054158,國巨日盛99購01  ,0,0,0,0,0,0,0,0,0,6000,0,0,0,16000,10000,6000,6000
053483,嘉澤第一96購01  ,0,0,0,0,0,0,0,0,0,6000,0,0,0,6000,0,6000,6000
056895,技嘉元大98購01  ,0,0,0,0,0,0,0,0,0,6000,0,0,0,80000,74000,6000,6000
056586,光罩統一98購02  ,0,0,0,0,0,0,0,0,0,6000,0,0,0,437000,431000,6000,6000
056662,臺股指元大9A購09,0,0,0,0,0,0,0,0,0,6000,0,0,0,6000,0,6000,6000
057915,台泥凱基98購01  ,0,0,0,0,0,0,0,0,0,6000,0,0,0,152000,146000,6000,6000
058702,國巨元大99購16  ,0,0,0,0,0,0,0,0,0,6000,0,0,0,8000,2000,6000,6000
055901,超眾中信97購01  ,0,0,0,0,0,0,0,0,0,6000,0,0,0,10000,4000,6000,6000
057411,臺股指群益99購05,0,0,0,0,0,0,0,0,0,6000,0,0,0,6000,0,6000,6000
057554,新日興凱基99購02,0,0,0,0,0,0,0,0,0,6000,0,0,0,26000,20000,6000,6000
057492,大立光元大98購18,0,0,0,0,0,0,0,0,0,6000,0,0,0,6000,0,6000,6000
057192,力成元大98購01  ,0,0,0,0,0,0,0,0,0,6000,0,0,0,6000,0,6000,6000
057116,鴻海日盛9A購01  ,0,0,0,0,0,0,0,0,0,6000,0,0,0,6000,0,6000,6000
056199,美律永豐97購01  ,0,0,0,0,0,0,0,0,0,6000,0,0,0,6000,0,6000,6000
059160,華通凱基99購03  ,0,0,0,0,0,0,0,0,0,6000,0,0,0,7000,1000,6000,6000
059159,上銀凱基99購05  ,0,0,0,0,0,0,0,0,0,6000,0,0,0,6000,0,6000,6000
059216,台積電元大99購29,0,0,0,0,0,0,0,0,0,6000,0,0,0,7000,1000,6000,6000
059118,晶技永豐9A購01  ,0,0,0,0,0,0,0,0,0,6000,0,0,0,68000,62000,6000,6000
8478,東哥遊艇        ,8000,2000,6000,0,0,0,0,0,0,0,0,0,0,0,0,0,6000
8480,泰昇-KY         ,13000,7000,6000,0,0,0,0,0,0,0,0,0,0,0,0,0,6000
6283,淳安            ,41000,36000,5000,0,0,0,0,0,0,1000,1000,0,1000,0,0,0,6000
4571,鈞興-KY         ,6000,0,6000,0,0,0,0,0,0,0,0,0,0,0,0,0,6000
2462,良得電          ,7000,1000,6000,0,0,0,0,0,0,0,0,0,0,0,0,0,6000
2465,麗臺            ,8000,2000,6000,0,0,0,0,0,0,0,0,0,0,0,0,0,6000
3167,大量            ,7000,1000,6000,0,0,0,0,0,0,0,0,0,0,0,0,0,6000
3701,大眾控          ,6000,0,6000,0,0,0,0,0,0,0,0,0,0,0,0,0,6000
2427,三商電          ,7000,1000,6000,0,0,0,0,0,0,0,0,0,0,0,0,0,6000
1517,利奇            ,6000,0,6000,0,0,0,0,0,0,0,0,0,0,0,0,0,6000
1436,華友聯          ,8000,2000,6000,0,0,0,0,0,0,0,0,0,0,0,0,0,6000
1525,江申            ,6000,0,6000,0,0,0,0,0,0,0,0,0,0,0,0,0,6000
07807P,聯茂永豐9A售02  ,0,0,0,0,0,0,0,0,0,6000,0,0,0,6000,0,6000,6000
07859P,台灣50麥證9A售04,0,0,0,6000,0,6000,0,0,0,6000,0,0,0,6000,0,6000,6000
07871P,台積電群益9C售02,0,0,0,0,0,0,0,0,0,6000,0,0,0,6000,0,6000,6000
07587P,台灣50國票9A售11,0,0,0,0,0,0,0,0,0,6000,0,0,0,6000,0,6000,6000
07228P,台灣50群益9B售06,0,0,0,0,0,0,0,0,0,6000,0,0,0,6000,0,6000,6000
07158P,FBVIX國泰9C售01 ,0,0,0,0,0,0,0,0,0,6000,0,0,0,6000,0,6000,6000
07139P,元油2X群益9C售06,0,0,0,0,0,0,0,0,0,6000,0,0,0,6000,0,6000,6000
06767P,台積電永昌99售03,0,0,0,0,0,0,0,0,0,6000,0,0,0,6000,0,6000,6000
06735P,奇力新凱基98售07,0,0,0,0,0,0,0,0,0,6000,0,0,0,6000,0,6000,6000
06501P,臺股指元大9A售06,0,0,0,0,0,0,0,0,0,6000,0,0,0,18000,12000,6000,6000
061548,聯詠群益9A購02  ,0,0,0,0,0,0,0,0,0,5000,0,0,0,10000,5000,5000,5000
06144P,台光電永豐97售01,0,0,0,0,0,0,0,0,0,5000,0,0,0,5000,0,5000,5000
061269,嘉澤凱基9A購01  ,0,0,0,0,0,0,0,0,0,5000,0,0,0,10000,5000,5000,5000
061165,美律兆豐9A購01  ,0,0,0,0,0,0,0,0,0,5000,0,0,0,5000,0,5000,5000
061180,華擎凱基9B購01  ,0,0,0,0,0,0,0,0,0,5000,0,0,0,5000,0,5000,5000
060993,健策元大9B購03  ,0,0,0,0,0,0,0,0,0,5000,0,0,0,10000,5000,5000,5000
060981,旺宏元大9A購08  ,0,0,0,0,0,0,0,0,0,5000,0,0,0,8000,3000,5000,5000
061093,華新科統一9B購03,0,0,0,0,0,0,0,0,0,5000,0,0,0,5000,0,5000,5000
062048,義隆台新9B購01  ,0,0,0,0,0,0,0,0,0,5000,0,0,0,5000,0,5000,5000
06228P,亞德客凱基97售04,0,0,0,0,0,0,0,0,0,5000,0,0,0,10000,5000,5000,5000
061636,聯發科元大9A購11,0,0,0,0,0,0,0,0,0,5000,0,0,0,18000,13000,5000,5000
06177P,玉晶光元大98售07,0,0,0,0,0,0,0,0,0,5000,0,0,0,10000,5000,5000,5000
061904,台灣50中信9B購01,0,0,0,0,0,0,0,0,0,5000,0,0,0,5000,0,5000,5000
061957,上銀統一01購01  ,0,0,0,0,0,0,0,0,0,5000,0,0,0,5000,0,5000,5000
061825,聯發科麥證9B購01,0,0,0,5000,0,5000,0,0,0,5000,0,0,0,5000,0,5000,5000
060660,國巨凱基9B購04  ,0,0,0,0,0,0,0,0,0,5000,0,0,0,5000,0,5000,5000
060420,神基永豐9A購01  ,0,0,0,0,0,0,0,0,0,5000,0,0,0,5000,0,5000,5000
060331,台積電麥證9A購01,0,0,0,5000,0,5000,0,0,0,5000,0,0,0,5000,0,5000,5000
060370,滬深2X元富04購01,0,0,0,0,0,0,0,0,0,5000,0,0,0,5000,0,5000,5000
060621,玉晶光元大9A購05,0,0,0,0,0,0,0,0,0,5000,0,0,0,152000,147000,5000,5000
060533,臺股指中信9B購05,0,0,0,0,0,0,0,0,0,5000,0,0,0,5000,0,5000,5000
059561,滬深2X凱基9C購05,0,0,0,0,0,0,0,0,0,5000,0,0,0,5000,0,5000,5000
05951P,台積電國票97售05,0,0,0,0,0,0,0,0,0,5000,0,0,0,5000,0,5000,5000
059641,群創凱基99購06  ,0,0,0,0,0,0,0,0,0,5000,0,0,0,5000,0,5000,5000
059916,聯發科元大99購33,0,0,0,0,0,0,0,0,0,5000,0,0,0,5000,0,5000,5000
060035,臺股指永豐99購04,0,0,0,0,0,0,0,0,0,5000,0,0,0,5000,0,5000,5000
060102,禾伸堂元大99購06,0,0,0,0,0,0,0,0,0,5000,0,0,0,5000,0,5000,5000
060160,聯陽永豐9A購01  ,0,0,0,0,0,0,0,0,0,5000,0,0,0,72000,67000,5000,5000
060148,臺股指國票9A購08,0,0,0,0,0,0,0,0,0,5000,0,0,0,21000,16000,5000,5000
060261,臺股指凱基9A購04,0,0,0,0,0,0,0,0,0,5000,0,0,0,5000,0,5000,5000
060295,貿聯元大9A購03  ,0,0,0,0,0,0,0,0,0,5000,0,0,0,5000,0,5000,5000
053550,聯發科凱基96購15,0,0,0,0,0,0,0,0,0,5000,0,0,0,5000,0,5000,5000
053466,華通元大98購01  ,0,0,0,0,0,0,0,0,0,5000,0,0,0,5000,0,5000,5000
053456,大立光元富96購04,0,0,0,0,0,0,0,0,0,5000,0,0,0,5000,0,5000,5000
053624,A50正2兆豐97購02,0,0,0,0,0,0,0,0,0,5000,0,0,0,5000,0,5000,5000
053627,宏碁兆豐97購01  ,0,0,0,0,0,0,0,0,0,5000,0,0,0,5000,0,5000,5000
053224,矽力凱基96購02  ,0,0,0,0,0,0,0,0,0,5000,0,0,0,5000,0,5000,5000
054275,華通群益97購03  ,0,0,0,0,0,0,0,0,0,5000,0,0,0,5000,0,5000,5000
054243,國喬元大96購01  ,0,0,0,0,0,0,0,0,0,5000,0,0,0,5000,0,5000,5000
055126,嘉澤兆豐97購01  ,0,0,0,0,0,0,0,0,0,5000,0,0,0,5000,0,5000,5000
055139,欣興永豐97購01  ,0,0,0,0,0,0,0,0,0,5000,0,0,0,5000,0,5000,5000
05521P,創意永豐96售01  ,0,0,0,0,0,0,0,0,0,5000,0,0,0,95000,90000,5000,5000
055173,瑞昱統一97購01  ,0,0,0,0,0,0,0,0,0,5000,0,0,0,21000,16000,5000,5000
053123,京元電凱基96購01,0,0,0,0,0,0,0,0,0,5000,0,0,0,49000,44000,5000,5000
053370,上証2X元大97購03,0,0,0,0,0,0,0,0,0,5000,0,0,0,5000,0,5000,5000
053392,致新元大96購01  ,0,0,0,0,0,0,0,0,0,5000,0,0,0,5000,0,5000,5000
054118,國巨永豐96購04  ,0,0,0,0,0,0,0,0,0,5000,0,0,0,5000,0,5000,5000
055032,億光富邦99購01  ,0,0,0,0,0,0,0,0,0,5000,0,0,0,5000,0,5000,5000
055493,華新科元大97購09,0,0,0,0,0,0,0,0,0,5000,0,0,0,5000,0,5000,5000
054597,南亞台新97購01  ,0,0,0,0,0,0,0,0,0,5000,0,0,0,5000,0,5000,5000
054539,欣興國票98購01  ,0,0,0,0,0,0,0,0,0,5000,0,0,0,5000,0,5000,5000
054292,欣興元大96購06  ,0,0,0,0,0,0,0,0,0,5000,0,0,0,6000,1000,5000,5000
054841,亞德客兆豐97購01,0,0,0,0,0,0,0,0,0,5000,0,0,0,5000,0,5000,5000
054830,世芯國泰99購01  ,0,0,0,0,0,0,0,0,0,5000,0,0,0,5000,0,5000,5000
054406,旺宏國票98購01  ,0,0,0,0,0,0,0,0,0,5000,0,0,0,5000,0,5000,5000
054396,日電貿永豐96購02,0,0,0,0,0,0,0,0,0,5000,0,0,0,5000,0,5000,5000
058287,國巨國票9A購02  ,0,0,0,0,0,0,0,0,0,5000,0,0,0,5000,0,5000,5000
052909,上銀統一96購01  ,0,0,0,0,0,0,0,0,0,5000,0,0,0,5000,0,5000,5000
050161,鴻海國泰96購03  ,0,0,0,0,0,0,0,0,0,5000,0,0,0,5000,0,5000,5000
052735,燿華富邦98購01  ,0,0,0,0,0,0,0,0,0,5000,0,0,0,5000,0,5000,5000
052737,滬深2X元大96購06,0,0,0,0,0,0,0,0,0,5000,0,0,0,5000,0,5000,5000
052747,京鼎元大97購01  ,0,0,0,0,0,0,0,0,0,5000,0,0,0,5000,0,5000,5000
052755,滬深2X群益9A購01,0,0,0,0,0,0,0,0,0,5000,0,0,0,5000,0,5000,5000
048483,可成國泰95購01  ,0,0,0,0,0,0,0,0,0,5000,0,0,0,5000,0,5000,5000
052488,旺宏國票96購03  ,0,0,0,0,0,0,0,0,0,5000,0,0,0,5000,0,5000,5000
049585,旺宏元大95購02  ,0,0,0,0,0,0,0,0,0,5000,0,0,0,5000,0,5000,5000
048874,玉晶光國票96購01,0,0,0,0,0,0,0,0,0,5000,0,0,0,5000,0,5000,5000
048902,昇陽半國泰96購01,0,0,0,0,0,0,0,0,0,5000,0,0,0,5000,0,5000,5000
054924,景碩凱基98購01  ,0,0,0,0,0,0,0,0,0,5000,0,0,0,5000,0,5000,5000
054931,緯穎凱基98購01  ,0,0,0,0,0,0,0,0,0,5000,0,0,0,5000,0,5000,5000
055437,禾伸堂中信99購01,0,0,0,0,0,0,0,0,0,5000,0,0,0,25000,20000,5000,5000
050710,元黃金中信96購01,0,0,0,0,0,0,0,0,0,5000,0,0,0,5000,0,5000,5000
050614,聯發科元大95購04,0,0,0,0,0,0,0,0,0,5000,0,0,0,5000,0,5000,5000
053836,亞光永豐96購02  ,0,0,0,0,0,0,0,0,0,5000,0,0,0,5000,0,5000,5000
053700,臺股指元大96購23,0,0,0,0,0,0,0,0,0,5000,5000,0,5000,0,0,0,5000
053721,國泰金凱基97購01,0,0,0,0,0,0,0,0,0,5000,0,0,0,50000,45000,5000,5000
052423,宏達電國票96購02,0,0,0,0,0,0,0,0,0,5000,0,0,0,5000,0,5000,5000
052414,聯電麥證95購01  ,0,0,0,5000,0,5000,0,0,0,5000,0,0,0,5000,0,5000,5000
052206,燿華中信95購02  ,0,0,0,0,0,0,0,0,0,5000,0,0,0,5000,0,5000,5000
052038,國巨永昌96購01  ,0,0,0,0,0,0,0,0,0,5000,0,0,0,5000,0,5000,5000
05161P,華新科國票96售01,0,0,0,0,0,0,0,0,0,5000,0,0,0,5000,0,5000,5000
051918,聯茂元大95購01  ,0,0,0,0,0,0,0,0,0,5000,0,0,0,5000,0,5000,5000
051875,聯發科兆豐95購04,0,0,0,0,0,0,0,0,0,5000,0,0,0,5000,0,5000,5000
051455,樺漢元大96購01  ,0,0,0,0,0,0,0,0,0,5000,0,0,0,5000,0,5000,5000
051366,康友國泰97購01  ,0,0,0,0,0,0,0,0,0,5000,0,0,0,5000,0,5000,5000
059095,訊芯元大99購01  ,0,0,0,0,0,0,0,0,0,5000,0,0,0,39000,34000,5000,5000
059076,FBVIX元大99購04 ,0,0,0,0,0,0,0,0,0,5000,0,0,0,35000,30000,5000,5000
059399,滬深2X元富9C購03,0,0,0,0,0,0,0,0,0,5000,0,0,0,5000,0,5000,5000
059475,元石油群益99購02,0,0,0,0,0,0,0,0,0,5000,0,0,0,15000,10000,5000,5000
059344,長榮航凱基99購01,0,0,0,0,0,0,0,0,0,5000,0,0,0,17000,12000,5000,5000
059314,上銀元大99購03  ,0,0,0,0,0,0,0,0,0,5000,0,0,0,5000,0,5000,5000
056197,友訊永豐97購01  ,0,0,0,0,0,0,0,0,0,5000,0,0,0,5000,0,5000,5000
057110,立積群益98購01  ,0,0,0,0,0,0,0,0,0,5000,0,0,0,5000,0,5000,5000
056176,創意元富97購01  ,0,0,0,0,0,0,0,0,0,5000,0,0,0,45000,40000,5000,5000
058968,T50正2永豐99購01,0,0,0,0,0,0,0,0,0,5000,0,0,0,5000,0,5000,5000
058995,台達電元大99購01,0,0,0,0,0,0,0,0,0,5000,0,0,0,5000,0,5000,5000
05742P,可成元大96售04  ,0,0,0,0,0,0,0,0,0,5000,0,0,0,365000,360000,5000,5000
058545,義隆富邦9C購01  ,0,0,0,0,0,0,0,0,0,5000,0,0,0,13000,8000,5000,5000
058847,國巨群益99購05  ,0,0,0,0,0,0,0,0,0,5000,0,0,0,21000,16000,5000,5000
056364,亞光元大99購02  ,0,0,0,0,0,0,0,0,0,5000,0,0,0,5000,0,5000,5000
057000,亞德客國票99購01,0,0,0,0,0,0,0,0,0,5000,0,0,0,6000,1000,5000,5000
055852,聯鈞元大98購01  ,0,0,0,0,0,0,0,0,0,5000,0,0,0,5000,0,5000,5000
058662,禾伸堂兆豐99購01,0,0,0,0,0,0,0,0,0,5000,0,0,0,5000,0,5000,5000
058663,瑞儀兆豐9A購01  ,0,0,0,0,0,0,0,0,0,5000,0,0,0,119000,114000,5000,5000
055813,聯發科國票98購04,0,0,0,0,0,0,0,0,0,5000,0,0,0,5000,0,5000,5000
057669,嘉晶元大99購03  ,0,0,0,0,0,0,0,0,0,5000,0,0,0,95000,90000,5000,5000
056767,大毅元大99購01  ,0,0,0,0,0,0,0,0,0,5000,0,0,0,5000,0,5000,5000
055979,聯鈞統一97購03  ,0,0,0,0,0,0,0,0,0,5000,0,0,0,5000,0,5000,5000
058526,鈺齊元大99購02  ,0,0,0,0,0,0,0,0,0,5000,0,0,0,5000,0,5000,5000
058742,鴻海康和99購01  ,0,0,0,0,0,0,0,0,0,5000,0,0,0,25000,20000,5000,5000
057954,宏碁元大99購01  ,0,0,0,0,0,0,0,0,0,5000,0,0,0,15000,10000,5000,5000
056825,深中小富邦9B購01,0,0,0,0,0,0,0,0,0,5000,0,0,0,5000,0,5000,5000
056565,欣興群益98購03  ,0,0,0,0,0,0,0,0,0,5000,0,0,0,5000,0,5000,5000
056550,瑞儀凱基99購01  ,0,0,0,0,0,0,0,0,0,5000,0,0,0,5000,0,5000,5000
056516,晶豪科兆豐98購01,0,0,0,0,0,0,0,0,0,5000,0,0,0,5000,0,5000,5000
056915,上銀兆豐99購01  ,0,0,0,0,0,0,0,0,0,5000,0,0,0,5000,0,5000,5000
055557,華新科凱基97購01,0,0,0,0,0,0,0,0,0,5000,0,0,0,48000,43000,5000,5000
055598,欣興元大97購03  ,0,0,0,0,0,0,0,0,0,5000,0,0,0,5000,0,5000,5000
058783,臺股指國票99購02,0,0,0,0,0,0,0,0,0,5000,0,0,0,5000,0,5000,5000
058904,晶技元大99購05  ,0,0,0,0,0,0,0,0,0,5000,0,0,0,5000,0,5000,5000
06489P,台積電元富98售06,0,0,0,0,0,0,0,0,0,5000,0,0,0,5000,0,5000,5000
06634P,欣興國票98售02  ,0,0,0,0,0,0,0,0,0,5000,0,0,0,5000,0,5000,5000
06790P,台積電凱基9A售04,0,0,0,0,0,0,0,0,0,5000,0,0,0,5000,0,5000,5000
06855P,聯發科富邦9A售01,0,0,0,0,0,0,0,0,0,5000,0,0,0,5000,0,5000,5000
06857P,超眾永豐98售02  ,0,0,0,0,0,0,0,0,0,5000,0,0,0,15000,10000,5000,5000
06905P,上証2X國泰99售02,0,0,0,0,0,0,0,0,0,5000,0,0,0,5000,0,5000,5000
07305P,T50正2群益99售02,0,0,0,0,0,0,0,0,0,5000,0,0,0,5000,0,5000,5000
07312P,台灣50元大99售10,0,0,0,0,0,0,0,0,0,5000,0,0,0,30000,25000,5000,5000
07555P,玉晶光元大9A售07,0,0,0,0,0,0,0,0,0,5000,0,0,0,5000,0,5000,5000
07475P,A50正2群益9C售02,0,0,0,0,0,0,0,0,0,5000,0,0,0,5000,0,5000,5000
07569P,國巨凱基9A售13  ,0,0,0,0,0,0,0,0,0,5000,0,0,0,5000,0,5000,5000
07664P,台灣50元大9C售30,0,0,0,0,0,0,0,0,0,5000,0,0,0,10000,5000,5000,5000
07754P,日月光元大9A售02,0,0,0,0,0,0,0,0,0,5000,0,0,0,20000,15000,5000,5000
07878P,智邦群益9C售01  ,0,0,0,0,0,0,0,0,0,5000,0,0,0,30000,25000,5000,5000
07853P,國巨凱基9A售19  ,0,0,0,0,0,0,0,0,0,5000,0,0,0,5000,0,5000,5000
1463,強盛            ,5000,0,5000,0,0,0,0,0,0,0,0,0,0,0,0,0,5000
1626,艾美特-KY       ,30000,25000,5000,0,0,0,0,0,0,0,0,0,0,0,0,0,5000
1726,永記            ,5000,0,5000,0,0,0,0,0,0,0,0,0,0,0,0,0,5000
2373,震旦行          ,11000,6000,5000,0,0,0,0,0,0,0,0,0,0,0,0,0,5000
3550,聯穎            ,5000,0,5000,0,0,0,0,0,0,0,0,0,0,0,0,0,5000
3018,同開            ,66000,61000,5000,0,0,0,0,0,0,0,0,0,0,0,0,0,5000
2881B,富邦金乙特      ,0,0,0,0,0,0,0,0,0,5000,5000,0,5000,0,0,0,5000
2613,中櫃            ,6000,1000,5000,0,0,0,0,0,0,0,0,0,0,0,0,0,5000
6405,悅城            ,7000,2000,5000,0,0,0,0,0,0,0,0,0,0,0,0,0,5000
8473,山林水          ,8000,3000,5000,0,0,0,0,0,0,0,0,0,0,0,0,0,5000
8367,建新國際        ,5000,0,5000,0,0,0,0,0,0,0,0,0,0,0,0,0,5000
910861,神州-DR         ,5000,0,5000,0,0,0,0,0,0,0,0,0,0,0,0,0,5000
060134,鈺齊群益9A購01  ,0,0,0,0,0,0,0,0,0,4000,0,0,0,10000,6000,4000,4000
060062,聯發科兆豐99購04,0,0,0,0,0,0,0,0,0,4000,0,0,0,4000,0,4000,4000
060014,中鋼康和99購01  ,0,0,0,0,0,0,0,0,0,4000,0,0,0,4000,0,4000,4000
059857,台灣50群益99購06,0,0,0,0,0,0,0,0,0,4000,0,0,0,4000,0,4000,4000
060589,台灣50台新9B購06,0,0,0,0,0,0,0,0,0,4000,0,0,0,4000,0,4000,4000
060432,達方永豐9A購01  ,0,0,0,0,0,0,0,0,0,4000,0,0,0,94000,90000,4000,4000
060659,鴻海凱基9B購03  ,0,0,0,0,0,0,0,0,0,4000,0,0,0,35000,31000,4000,4000
060940,國巨國票9B購03  ,0,0,0,0,0,0,0,0,0,4000,0,0,0,5000,1000,4000,4000
060975,滬深2X元大01購02,0,0,0,0,0,0,0,0,0,4000,0,0,0,4000,0,4000,4000
060843,大立光國票9A購06,0,0,0,0,0,0,0,0,0,4000,0,0,0,28000,24000,4000,4000
061702,奇鋐國票9A購02  ,0,0,0,0,0,0,0,0,0,4000,0,0,0,4000,0,4000,4000
06233P,訊芯永豐97售03  ,0,0,0,0,0,0,0,0,0,4000,0,0,0,4000,0,4000,4000
06241P,大立光元富9A售01,0,0,0,0,0,0,0,0,0,4000,0,0,0,4000,0,4000,4000
06375P,矽力元大97售06  ,0,0,0,0,0,0,0,0,0,4000,0,0,0,4000,0,4000,4000
06355P,聯茂永豐97售02  ,0,0,0,0,0,0,0,0,0,4000,0,0,0,4000,0,4000,4000
06103P,漢唐凱基97售02  ,0,0,0,0,0,0,0,0,0,4000,0,0,0,4000,0,4000,4000
061364,國巨國票9A購09  ,0,0,0,0,0,0,0,0,0,4000,0,0,0,8000,4000,4000,4000
051464,彩晶國泰96購01  ,0,0,0,0,0,0,0,0,0,4000,0,0,0,4000,0,4000,4000
051636,嘉晶國票95購02  ,0,0,0,0,0,0,0,0,0,4000,0,0,0,4000,0,4000,4000
052418,玉晶光兆豐96購01,0,0,0,0,0,0,0,0,0,4000,0,0,0,4000,0,4000,4000
052377,景碩元大96購02  ,0,0,0,0,0,0,0,0,0,4000,0,0,0,4000,0,4000,4000
05547P,群創元大96售03  ,0,0,0,0,0,0,0,0,0,4000,0,0,0,4000,0,4000,4000
053969,瑞昱元大97購01  ,0,0,0,0,0,0,0,0,0,4000,0,0,0,4000,0,4000,4000
039212,台達電台新9A購01,0,0,0,0,0,0,0,0,0,4000,0,0,0,6000,2000,4000,4000
0054,元大台商50      ,0,0,0,0,0,0,0,0,0,4000,0,0,0,33000,29000,4000,4000
00865B,國泰US短期公債  ,0,0,0,0,0,0,0,0,0,4000,0,0,0,104000,100000,4000,4000
048576,義隆國泰95購01  ,0,0,0,0,0,0,0,0,0,4000,0,0,0,4000,0,4000,4000
046011,欣興元富95購01  ,0,0,0,0,0,0,0,0,0,4000,0,0,0,4000,0,4000,4000
058402,欣興元大99購04  ,0,0,0,0,0,0,0,0,0,4000,0,0,0,5000,1000,4000,4000
05463P,創意國票96售04  ,0,0,0,0,0,0,0,0,0,4000,0,0,0,4000,0,4000,4000
054063,聯茂國票97購02  ,0,0,0,0,0,0,0,0,0,4000,0,0,0,4000,0,4000,4000
053042,大立光凱基97購03,0,0,0,0,0,0,0,0,0,4000,0,0,0,4000,0,4000,4000
053261,國巨群益96購05  ,0,0,0,0,0,0,0,0,0,4000,0,0,0,4000,0,4000,4000
055668,欣興群益97購01  ,0,0,0,0,0,0,0,0,0,4000,0,0,0,15000,11000,4000,4000
056381,台虹元富98購01  ,0,0,0,0,0,0,0,0,0,4000,0,0,0,4000,0,4000,4000
056579,麗豐元大99購01  ,0,0,0,0,0,0,0,0,0,4000,0,0,0,304000,300000,4000,4000
058256,臺股指元大9A購20,0,0,0,0,0,0,0,0,0,4000,0,0,0,4000,0,4000,4000
058214,世芯群益9A購01  ,0,0,0,0,0,0,0,0,0,4000,0,0,0,103000,99000,4000,4000
058215,貿聯群益99購02  ,0,0,0,0,0,0,0,0,0,4000,0,0,0,4000,0,4000,4000
056697,緯穎群益98購01  ,0,0,0,0,0,0,0,0,0,4000,0,0,0,4000,0,4000,4000
056340,可成凱基98購04  ,0,0,0,0,0,0,0,0,0,4000,0,0,0,4000,0,4000,4000
057764,台表科凱基9A購01,0,0,0,0,0,0,0,0,0,4000,0,0,0,4000,0,4000,4000
057282,大立光元大99購06,0,0,0,0,0,0,0,0,0,4000,0,0,0,16000,12000,4000,4000
057300,訊連永豐98購01  ,0,0,0,0,0,0,0,0,0,4000,0,0,0,4000,0,4000,4000
057372,華新科元大99購10,0,0,0,0,0,0,0,0,0,4000,0,0,0,4000,0,4000,4000
057825,和碩元大98購02  ,0,0,0,0,0,0,0,0,0,4000,0,0,0,4000,0,4000,4000
057486,美律元大98購04  ,0,0,0,0,0,0,0,0,0,4000,0,0,0,4000,0,4000,4000
057589,超眾國票9A購01  ,0,0,0,0,0,0,0,0,0,4000,0,0,0,70000,66000,4000,4000
057822,牧德元大9A購01  ,0,0,0,0,0,0,0,0,0,4000,0,0,0,4000,0,4000,4000
057575,世紀鋼永豐98購02,0,0,0,0,0,0,0,0,0,4000,0,0,0,7000,3000,4000,4000
057224,和碩日盛9A購01  ,0,0,0,0,0,0,0,0,0,4000,0,0,0,4000,0,4000,4000
058967,可成麥證99購01  ,0,0,0,6000,0,6000,0,0,0,4000,0,0,0,6000,2000,4000,4000
057086,立積統一9C購01  ,0,0,0,0,0,0,0,0,0,4000,0,0,0,5000,1000,4000,4000
057071,華擎永豐98購02  ,0,0,0,0,0,0,0,0,0,4000,0,0,0,323000,319000,4000,4000
059053,鴻海凱基99購07  ,0,0,0,0,0,0,0,0,0,4000,0,0,0,33000,29000,4000,4000
059195,國巨永豐99購04  ,0,0,0,0,0,0,0,0,0,4000,0,0,0,45000,41000,4000,4000
9926,新海            ,4000,0,4000,0,0,0,0,0,0,0,0,0,0,0,0,0,4000
8201,無敵            ,4000,0,4000,0,0,0,0,0,0,0,0,0,0,0,0,0,4000
6579,研揚            ,5000,0,5000,0,0,0,0,0,0,-1000,1000,2000,-1000,0,0,0,4000
6128,上福            ,4000,0,4000,0,0,0,0,0,0,0,0,0,0,0,0,0,4000
5533,皇鼎            ,4000,0,4000,0,0,0,0,0,0,0,0,0,0,0,0,0,4000
2903,遠百            ,172000,168000,4000,0,0,0,0,0,0,0,0,0,0,0,0,0,4000
2509,全坤建          ,4000,0,4000,0,0,0,0,0,0,0,0,0,0,0,0,0,4000
2936,客思達-KY       ,4000,0,4000,0,0,0,0,0,0,0,0,0,0,0,0,0,4000
2906,高林            ,4000,0,4000,0,0,0,0,0,0,0,0,0,0,0,0,0,4000
3528,安馳            ,4000,0,4000,0,0,0,0,0,0,0,0,0,0,0,0,0,4000
2236,百達-KY         ,4000,0,4000,0,0,0,0,0,0,0,0,0,0,0,0,0,4000
2024,志聯            ,4000,0,4000,0,0,0,0,0,0,0,0,0,0,0,0,0,4000
2008,高興昌          ,4000,0,4000,0,0,0,0,0,0,0,0,0,0,0,0,0,4000
2038,海光            ,6000,2000,4000,0,0,0,0,0,0,0,0,0,0,0,0,0,4000
2107,厚生            ,163000,159000,4000,0,0,0,0,0,0,0,0,0,0,0,0,0,4000
1616,億泰            ,5000,1000,4000,0,0,0,0,0,0,0,0,0,0,0,0,0,4000
1468,昶和            ,4000,0,4000,0,0,0,0,0,0,0,0,0,0,0,0,0,4000
1530,亞崴            ,7000,3000,4000,0,0,0,0,0,0,0,0,0,0,0,0,0,4000
1568,倉佑            ,5000,1000,4000,0,0,0,0,0,0,0,0,0,0,0,0,0,4000
1218,泰山            ,82000,78000,4000,0,0,0,0,0,0,0,0,0,0,0,0,0,4000
07796P,聯發科國票9A售03,0,0,0,0,0,0,0,0,0,4000,0,0,0,4000,0,4000,4000
07490P,大立光國票9A售03,0,0,0,0,0,0,0,0,0,4000,0,0,0,4000,0,4000,4000
07452P,國巨元大9A售05  ,0,0,0,0,0,0,0,0,0,4000,0,0,0,99000,95000,4000,4000
07422P,大立光元大99售32,0,0,0,0,0,0,0,0,0,4000,0,0,0,4000,0,4000,4000
07239P,台灣50國票9A售04,0,0,0,0,0,0,0,0,0,4000,0,0,0,4000,0,4000,4000
07243P,台灣50凱基9A售04,0,0,0,0,0,0,0,0,0,4000,0,0,0,19000,15000,4000,4000
06935P,神達元大98售02  ,0,0,0,0,0,0,0,0,0,4000,0,0,0,14000,10000,4000,4000
06720P,智邦亞東99售01  ,0,0,0,0,0,0,0,0,0,4000,0,0,0,4000,0,4000,4000
061454,國巨凱基9A購16  ,0,0,0,0,0,0,0,0,0,3000,0,0,0,3000,0,3000,3000
061300,臺股指富邦9A購02,0,0,0,0,0,0,0,0,0,3000,0,0,0,23000,20000,3000,3000
061245,晶技群益9A購01  ,0,0,0,0,0,0,0,0,0,3000,0,0,0,20000,17000,3000,3000
062035,瑞祺群益9B購01  ,0,0,0,0,0,0,0,0,0,3000,0,0,0,97000,94000,3000,3000
06188P,大立光元富97售01,0,0,0,0,0,0,0,0,0,3000,0,0,0,83000,80000,3000,3000
060779,臺股指凱基9A購07,0,0,0,0,0,0,0,0,0,3000,0,0,0,11000,8000,3000,3000
060738,矽格統一9C購01  ,0,0,0,0,0,0,0,0,0,3000,0,0,0,3000,0,3000,3000
060340,國巨統一01購02  ,0,0,0,0,0,0,0,0,0,3000,0,0,0,3000,0,3000,3000
060498,華通元大9A購03  ,0,0,0,0,0,0,0,0,0,3000,0,0,0,50000,47000,3000,3000
059816,聯電凱基99購03  ,0,0,0,0,0,0,0,0,0,3000,0,0,0,5000,2000,3000,3000
059591,台積電元大9A購04,0,0,0,0,0,0,0,0,0,3000,0,0,0,3000,0,3000,3000
059705,華新科凱基9A購07,0,0,0,0,0,0,0,0,0,3000,0,0,0,3000,0,3000,3000
060096,聯發科元大99購43,0,0,0,0,0,0,0,0,0,3000,0,0,0,3000,0,3000,3000
060115,南電元大99購06  ,0,0,0,0,0,0,0,0,0,3000,0,0,0,3000,0,3000,3000
060119,上銀富邦9B購03  ,0,0,0,0,0,0,0,0,0,3000,0,0,0,3000,0,3000,3000
060222,貿聯凱基9A購02  ,0,0,0,0,0,0,0,0,0,3000,0,0,0,13000,10000,3000,3000
060288,群光元大9C購01  ,0,0,0,0,0,0,0,0,0,3000,0,0,0,18000,15000,3000,3000
060253,昇陽半元大9C購01,0,0,0,0,0,0,0,0,0,3000,0,0,0,66000,63000,3000,3000
053460,緯穎國泰97購01  ,0,0,0,0,0,0,0,0,0,3000,0,0,0,3000,0,3000,3000
053524,聯電中信97購02  ,0,0,0,0,0,0,0,0,0,3000,0,0,0,13000,10000,3000,3000
055143,臻鼎永豐97購01  ,0,0,0,0,0,0,0,0,0,3000,0,0,0,3000,0,3000,3000
053256,上銀富邦98購01  ,0,0,0,0,0,0,0,0,0,3000,0,0,0,3000,0,3000,3000
054078,鴻海中信98購01  ,0,0,0,0,0,0,0,0,0,3000,0,0,0,3000,0,3000,3000
055007,晶相光元富9A購02,0,0,0,0,0,0,0,0,0,3000,0,0,0,3000,0,3000,3000
05533P,滬深2X富邦97售01,0,0,0,0,0,0,0,0,0,3000,0,0,0,3000,0,3000,3000
055391,光罩統一97購02  ,0,0,0,0,0,0,0,0,0,3000,0,0,0,3000,0,3000,3000
054755,世紀鋼凱基98購01,0,0,0,0,0,0,0,0,0,3000,0,0,0,3000,0,3000,3000
054557,臻鼎凱基98購01  ,0,0,0,0,0,0,0,0,0,3000,0,0,0,3000,0,3000,3000
054609,正崴永豐97購01  ,0,0,0,0,0,0,0,0,0,3000,0,0,0,23000,20000,3000,3000
05523P,聯發科國票96售04,0,0,0,0,0,0,0,0,0,3000,0,0,0,3000,0,3000,3000
058191,祥碩永豐99購01  ,0,0,0,0,0,0,0,0,0,3000,0,0,0,93000,90000,3000,3000
046476,鴻海統一96購01  ,0,0,0,0,0,0,0,0,0,3000,0,0,0,3000,0,3000,3000
03035X,元展32          ,0,0,0,0,0,0,0,0,0,3000,0,0,0,3000,0,3000,3000
03029X,元展26          ,0,0,0,0,0,0,0,0,0,3000,0,0,0,3000,0,3000,3000
03071X,元展66          ,0,0,0,0,0,0,0,0,0,3000,0,0,0,3000,0,3000,3000
048655,A50正2元富96購01,0,0,0,0,0,0,0,0,0,3000,0,0,0,3000,0,3000,3000
052447,聯發科元大96購04,0,0,0,0,0,0,0,0,0,3000,0,0,0,5000,2000,3000,3000
052516,臺股指凱基95購20,0,0,0,0,0,0,0,0,0,3000,0,0,0,3000,0,3000,3000
052659,上証2X國票99購01,0,0,0,0,0,0,0,0,0,3000,0,0,0,20000,17000,3000,3000
052608,欣興元大97購01  ,0,0,0,0,0,0,0,0,0,3000,0,0,0,3000,0,3000,3000
049553,鴻海國泰96購02  ,0,0,0,0,0,0,0,0,0,3000,0,0,0,8000,5000,3000,3000
053966,旺宏元大96購08  ,0,0,0,0,0,0,0,0,0,3000,0,0,0,3000,0,3000,3000
054938,國巨元大97購04  ,0,0,0,0,0,0,0,0,0,3000,0,0,0,3000,0,3000,3000
051153,鴻海國泰97購02  ,0,0,0,0,0,0,0,0,0,3000,0,0,0,3000,0,3000,3000
050890,南電富邦99購01  ,0,0,0,0,0,0,0,0,0,3000,0,0,0,16000,13000,3000,3000
051531,國巨國票96購04  ,0,0,0,0,0,0,0,0,0,3000,0,0,0,3000,0,3000,3000
051415,晶技國票96購01  ,0,0,0,0,0,0,0,0,0,3000,0,0,0,3000,0,3000,3000
051944,智邦統一95購02  ,0,0,0,0,0,0,0,0,0,3000,0,0,0,3000,0,3000,3000
051948,滬深2X元富9B購01,0,0,0,0,0,0,0,0,0,3000,0,0,0,3000,0,3000,3000
051951,聯發科元富95購02,0,0,0,0,0,0,0,0,0,3000,0,0,0,3000,0,3000,3000
059178,臺股指凱基99購30,0,0,0,0,0,0,0,0,0,3000,0,0,0,4000,1000,3000,3000
059097,世紀鋼元大99購05,0,0,0,0,0,0,0,0,0,3000,0,0,0,77000,74000,3000,3000
059135,臺股指群益99購10,0,0,0,0,0,0,0,0,0,3000,0,0,0,3000,0,3000,3000
059373,滬深2X群益01購03,0,0,0,0,0,0,0,0,0,3000,0,0,0,3000,0,3000,3000
057058,祥碩元大98購04  ,0,0,0,0,0,0,0,0,0,3000,0,0,0,13000,10000,3000,3000
057212,台積電群益98購03,0,0,0,0,0,0,0,0,0,3000,0,0,0,84000,81000,3000,3000
057253,高股息中信99購02,0,0,0,0,0,0,0,0,0,3000,0,0,0,3000,0,3000,3000
057861,台積電凱基98購16,0,0,0,0,0,0,0,0,0,3000,0,0,0,3000,0,3000,3000
056119,欣興群益97購02  ,0,0,0,0,0,0,0,0,0,3000,0,0,0,133000,130000,3000,3000
057378,康友元大98購02  ,0,0,0,0,0,0,0,0,0,3000,0,0,0,3000,0,3000,3000
057007,奇力新中信98購04,0,0,0,0,0,0,0,0,0,3000,0,0,0,3000,0,3000,3000
056736,國巨凱基99購03  ,0,0,0,0,0,0,0,0,0,3000,0,0,0,182000,179000,3000,3000
058221,上銀統一99購04  ,0,0,0,0,0,0,0,0,0,3000,0,0,0,3000,0,3000,3000
056836,國巨元富98購01  ,0,0,0,0,0,0,0,0,0,3000,0,0,0,3000,0,3000,3000
057673,臻鼎元大98購01  ,0,0,0,0,0,0,0,0,0,3000,0,0,0,3000,0,3000,3000
058682,聯發科凱基99購07,0,0,0,0,0,0,0,0,0,3000,0,0,0,3000,0,3000,3000
058631,鈺齊國票9A購01  ,0,0,0,0,0,0,0,0,0,3000,0,0,0,5000,2000,3000,3000
057983,緯穎永豐98購03  ,0,0,0,0,0,0,0,0,0,3000,0,0,0,3000,0,3000,3000
058552,欣興永豐99購01  ,0,0,0,0,0,0,0,0,0,3000,0,0,0,3000,0,3000,3000
058620,滬深2X國票9A購02,0,0,0,0,0,0,0,0,0,3000,0,0,0,3000,0,3000,3000
056580,泰鼎元大9A購01  ,0,0,0,0,0,0,0,0,0,3000,0,0,0,3000,0,3000,3000
056618,京元電永豐98購01,0,0,0,0,0,0,0,0,0,3000,0,0,0,8000,5000,3000,3000
056015,華通群益99購01  ,0,0,0,0,0,0,0,0,0,3000,0,0,0,3000,0,3000,3000
055658,南電元富97購01  ,0,0,0,0,0,0,0,0,0,3000,0,0,0,3000,0,3000,3000
055606,矽創元大97購01  ,0,0,0,0,0,0,0,0,0,3000,0,0,0,3000,0,3000,3000
06738P,瑞昱兆豐98售02  ,0,0,0,0,0,0,0,0,0,3000,0,0,0,3000,0,3000,3000
06622P,牧德元大98售01  ,0,0,0,0,0,0,0,0,0,3000,0,0,0,3000,0,3000,3000
06498P,臺股指元大9A售03,0,0,0,0,0,0,0,0,0,3000,0,0,0,3000,0,3000,3000
06619P,聯發科元大98售06,0,0,0,0,0,0,0,0,0,3000,0,0,0,3000,0,3000,3000
07050P,宏達電中信9B售01,0,0,0,0,0,0,0,0,0,3000,0,0,0,3000,0,3000,3000
06781P,大立光元大98售19,0,0,0,0,0,0,0,0,0,3000,0,0,0,5000,2000,3000,3000
07224P,鴻海元大9A售02  ,0,0,0,0,0,0,0,0,0,3000,0,0,0,3000,0,3000,3000
07265P,大立光元大99售16,0,0,0,0,0,0,0,0,0,3000,0,0,0,5000,2000,3000,3000
07146P,瑞昱元大99售02  ,0,0,0,0,0,0,0,0,0,3000,0,0,0,3000,0,3000,3000
07067P,旺宏台新99售02  ,0,0,0,0,0,0,0,0,0,3000,0,0,0,5000,2000,3000,3000
07718P,臺股指群益9A售07,0,0,0,0,0,0,0,0,0,3000,0,0,0,4000,1000,3000,3000
07685P,玉晶光凱基9B售03,0,0,0,0,0,0,0,0,0,3000,0,0,0,73000,70000,3000,3000
07691P,宏達電元大9A售05,0,0,0,0,0,0,0,0,0,3000,0,0,0,105000,102000,3000,3000
07660P,聯茂凱基9A售03  ,0,0,0,0,0,0,0,0,0,3000,0,0,0,8000,5000,3000,3000
07629P,臺股指凱基9A售10,0,0,0,0,0,0,0,0,0,3000,0,0,0,3000,0,3000,3000
07891P,臺股指國票9B售01,0,0,0,0,0,0,0,0,0,3000,0,0,0,4000,1000,3000,3000
1535,中宇            ,3000,0,3000,0,0,0,0,0,0,0,0,0,0,0,0,0,3000
1713,國化            ,3000,0,3000,0,0,0,0,0,0,0,0,0,0,0,0,0,3000
2069,運錩            ,4000,1000,3000,0,0,0,0,0,0,0,0,0,0,0,0,0,3000
2440,太空梭          ,3000,0,3000,0,0,0,0,0,0,0,0,0,0,0,0,0,3000
4119,旭富            ,359000,343000,16000,0,0,0,0,0,0,-13000,0,0,0,12000,25000,-13000,3000
2540,愛山林          ,3000,0,3000,0,0,0,0,0,0,0,0,0,0,0,0,0,3000
2722,夏都            ,3000,0,3000,0,0,0,0,0,0,0,0,0,0,0,0,0,3000
6133,金橋            ,3000,0,3000,0,0,0,0,0,0,0,0,0,0,0,0,0,3000
6205,詮欣            ,4000,1000,3000,0,0,0,0,0,0,0,0,0,0,0,0,0,3000
6189,豐藝            ,29000,26000,3000,0,0,0,0,0,0,0,0,0,0,0,0,0,3000
6442,光聖            ,3000,0,3000,0,0,0,0,0,0,0,0,0,0,0,0,0,3000
8114,振樺電          ,19000,16000,3000,0,0,0,0,0,0,0,0,0,0,0,0,0,3000
1708,東鹼            ,79000,76000,3000,0,0,0,0,0,0,-535,0,535,-535,0,0,0,2465
060238,強茂元大9C購01  ,0,0,0,0,0,0,0,0,0,2000,0,0,0,110000,108000,2000,2000
060135,台灣50國票9C購02,0,0,0,0,0,0,0,0,0,2000,0,0,0,2000,0,2000,2000
05996P,華新科群益96售03,0,0,0,0,0,0,0,0,0,2000,0,0,0,2000,0,2000,2000
059733,緯穎元大99購08  ,0,0,0,0,0,0,0,0,0,2000,0,0,0,2000,0,2000,2000
059666,台表科元大9B購01,0,0,0,0,0,0,0,0,0,2000,0,0,0,2000,0,2000,2000
059588,鴻海元大99購32  ,0,0,0,0,0,0,0,0,0,2000,0,0,0,2000,0,2000,2000
059623,聯電凱基99購02  ,0,0,0,0,0,0,0,0,0,2000,0,0,0,2000,0,2000,2000
059624,鴻海凱基01購01  ,0,0,0,0,0,0,0,0,0,2000,0,0,0,2000,0,2000,2000
059850,日電貿永豐99購01,0,0,0,0,0,0,0,0,0,2000,0,0,0,25000,23000,2000,2000
059831,聯詠康和99購01  ,0,0,0,0,0,0,0,0,0,2000,0,0,0,2000,0,2000,2000
060567,華擎富邦9C購01  ,0,0,0,0,0,0,0,0,0,2000,0,0,0,2000,0,2000,2000
060320,元金2X群益02購01,0,0,0,0,0,0,0,0,0,2000,0,0,0,11000,9000,2000,2000
060422,台勝科永豐9A購01,0,0,0,0,0,0,0,0,0,2000,0,0,0,106000,104000,2000,2000
060446,A50正2元大9A購01,0,0,0,0,0,0,0,0,0,2000,0,0,0,2000,0,2000,2000
060862,美律永豐9A購01  ,0,0,0,0,0,0,0,0,0,2000,0,0,0,2000,0,2000,2000
061867,旺宏元大9B購02  ,0,0,0,0,0,0,0,0,0,2000,0,0,0,16000,14000,2000,2000
061819,茂林群益9B購01  ,0,0,0,0,0,0,0,0,0,2000,0,0,0,2000,0,2000,2000
061938,大立光國票9B購03,0,0,0,0,0,0,0,0,0,2000,0,0,0,5000,3000,2000,2000
061710,國巨凱基9A購18  ,0,0,0,0,0,0,0,0,0,2000,0,0,0,174000,172000,2000,2000
062029,牧德群益9B購03  ,0,0,0,0,0,0,0,0,0,2000,0,0,0,152000,150000,2000,2000
06206P,台積電凱基97售11,0,0,0,0,0,0,0,0,0,2000,0,0,0,2000,0,2000,2000
06356P,啟碁永豐97售01  ,0,0,0,0,0,0,0,0,0,2000,0,0,0,2000,0,2000,2000
06448P,華通元大99售01  ,0,0,0,0,0,0,0,0,0,2000,0,0,0,23000,21000,2000,2000
06223P,漢唐元富97售02  ,0,0,0,0,0,0,0,0,0,2000,0,0,0,2000,0,2000,2000
061358,世紀鋼元大9A購04,0,0,0,0,0,0,0,0,0,2000,0,0,0,52000,50000,2000,2000
061534,聯發科統一9C購04,0,0,0,0,0,0,0,0,0,2000,0,0,0,2000,0,2000,2000
06152P,玉晶光元大98售06,0,0,0,0,0,0,0,0,0,2000,0,0,0,2000,0,2000,2000
06161P,聯發科群益97售03,0,0,0,0,0,0,0,0,0,2000,0,0,0,2000,0,2000,2000
051987,廣達元大95購01  ,0,0,0,0,0,0,0,0,0,2000,0,0,0,2000,0,2000,2000
052929,可成元大96購02  ,0,0,0,0,0,0,0,0,0,2000,0,0,0,2000,0,2000,2000
050402,緯穎中信96購01  ,0,0,0,0,0,0,0,0,0,2000,0,0,0,2000,0,2000,2000
050333,鴻海國泰96購06  ,0,0,0,0,0,0,0,0,0,2000,0,0,0,2000,0,2000,2000
051375,道瓊反群益9A購01,0,0,0,0,0,0,0,0,0,2000,0,0,0,2000,0,2000,2000
051463,世芯國泰97購02  ,0,0,0,0,0,0,0,0,0,2000,0,0,0,12000,10000,2000,2000
051461,聯詠國泰96購01  ,0,0,0,0,0,0,0,0,0,2000,0,0,0,2000,0,2000,2000
052417,聯發科兆豐9B購01,0,0,0,0,0,0,0,0,0,2000,0,0,0,2000,0,2000,2000
052224,楠梓電凱基97購01,0,0,0,0,0,0,0,0,0,2000,0,0,0,2000,0,2000,2000
051615,華通凱基96購01  ,0,0,0,0,0,0,0,0,0,2000,0,0,0,2000,0,2000,2000
051717,祥碩康和95購01  ,0,0,0,0,0,0,0,0,0,2000,0,0,0,2000,0,2000,2000
051082,上証2X元大98購01,0,0,0,0,0,0,0,0,0,2000,0,0,0,2000,0,2000,2000
050979,鴻海元富96購02  ,0,0,0,0,0,0,0,0,0,2000,0,0,0,2000,0,2000,2000
050982,台積電國泰96購04,0,0,0,0,0,0,0,0,0,2000,0,0,0,2000,0,2000,2000
050644,國巨凱基96購01  ,0,0,0,0,0,0,0,0,0,2000,0,0,0,2000,0,2000,2000
050653,聯鈞凱基96購01  ,0,0,0,0,0,0,0,0,0,2000,0,0,0,2000,0,2000,2000
053693,欣興元大96購05  ,0,0,0,0,0,0,0,0,0,2000,0,0,0,2000,0,2000,2000
051156,鴻海富邦97購01  ,0,0,0,0,0,0,0,0,0,2000,0,0,0,2000,0,2000,2000
053825,南電群益96購02  ,0,0,0,0,0,0,0,0,0,2000,0,0,0,208000,206000,2000,2000
053858,台達電元大96購05,0,0,0,0,0,0,0,0,0,2000,0,0,0,2000,0,2000,2000
053876,可成永昌98購01  ,0,0,0,0,0,0,0,0,0,2000,0,0,0,2000,0,2000,2000
05493P,華新科富邦99售02,0,0,0,0,0,0,0,0,0,2000,0,0,0,2000,0,2000,2000
053982,臻鼎元大96購05  ,0,0,0,0,0,0,0,0,0,2000,0,0,0,2000,0,2000,2000
049430,國巨國票95購02  ,0,0,0,0,0,0,0,0,0,2000,0,0,0,2000,0,2000,2000
049842,道瓊反中信98購01,0,0,0,0,0,0,0,0,0,2000,0,0,0,2000,0,2000,2000
048911,玉晶光富邦96購01,0,0,0,0,0,0,0,0,0,2000,0,0,0,2000,0,2000,2000
049004,聯發科中信96購01,0,0,0,0,0,0,0,0,0,2000,0,0,0,2000,0,2000,2000
03675C,臺股指元大04牛02,0,0,0,0,0,0,0,0,0,2000,0,0,0,2000,0,2000,2000
03010X,元展10          ,0,0,0,0,0,0,0,0,0,2000,0,0,0,2000,0,2000,2000
03437B,臺股指元富9C熊01,0,0,0,0,0,0,0,0,0,2000,0,0,0,4000,2000,2000,2000
00683L,元大美元指數正2 ,0,0,0,0,0,0,0,0,0,2000,0,0,0,2000,0,2000,2000
00689R,國泰20年美債反1 ,0,0,0,0,0,0,0,0,0,2000,0,0,0,104000,102000,2000,2000
00657,國泰日經225     ,21000,0,21000,0,0,0,0,0,0,-19000,0,0,0,102000,121000,-19000,2000
052530,台郡元大96購04  ,0,0,0,0,0,0,0,0,0,2000,0,0,0,2000,0,2000,2000
052886,世紀鋼兆豐96購01,0,0,0,0,0,0,0,0,0,2000,0,0,0,2000,0,2000,2000
052462,上銀統一95購03  ,0,0,0,0,0,0,0,0,0,2000,0,0,0,2000,0,2000,2000
047769,大立光元大96購01,0,0,0,0,0,0,0,0,0,2000,0,0,0,7000,5000,2000,2000
03418B,臺股指元大95熊20,0,0,0,0,0,0,0,0,0,2000,0,0,0,2000,0,2000,2000
03091X,元展85          ,0,0,0,0,0,0,0,0,0,2000,0,0,0,2000,0,2000,2000
046813,聯電凱基96購01  ,0,0,0,0,0,0,0,0,0,2000,0,0,0,2000,0,2000,2000
058097,台灣50國泰99購01,0,0,0,0,0,0,0,0,0,2000,0,0,0,2000,0,2000,2000
058491,滬深2X群益01購01,0,0,0,0,0,0,0,0,0,2000,0,0,0,2000,0,2000,2000
058344,旺宏群益99購05  ,0,0,0,0,0,0,0,0,0,2000,0,0,0,2000,0,2000,2000
058441,T50反1台新03購01,0,0,0,0,0,0,0,0,0,2000,0,0,0,2000,0,2000,2000
058322,玉晶光永豐99購02,0,30000,-30000,0,0,0,0,0,0,32000,0,0,0,200000,168000,32000,2000
058323,泰鼎永豐9A購01  ,0,0,0,0,0,0,0,0,0,2000,0,0,0,2000,0,2000,2000
055285,華新科元大99購03,0,0,0,0,0,0,0,0,0,2000,0,0,0,2000,0,2000,2000
054822,祥碩元大97購01  ,0,0,0,0,0,0,0,0,0,2000,0,0,0,2000,0,2000,2000
054331,世芯永豐96購03  ,0,0,0,0,0,0,0,0,0,2000,0,0,0,7000,5000,2000,2000
054572,國巨元大98購03  ,0,0,0,0,0,0,0,0,0,2000,0,0,0,2000,0,2000,2000
054437,欣興台新97購02  ,0,0,0,0,0,0,0,0,0,2000,0,0,0,2000,0,2000,2000
05461P,台積電亞東97售01,0,0,0,0,0,0,0,0,0,2000,0,0,0,2000,0,2000,2000
053356,聯發科統一96購07,0,0,0,0,0,0,0,0,0,2000,0,0,0,2000,0,2000,2000
054278,晶技群益97購02  ,0,0,0,0,0,0,0,0,0,2000,0,0,0,2000,0,2000,2000
05427P,聯發科凱基96售07,0,0,0,0,0,0,0,0,0,2000,0,0,0,8000,6000,2000,2000
053461,台郡永昌99購01  ,0,0,0,0,0,0,0,0,0,2000,0,0,0,2000,0,2000,2000
053468,鴻海元大98購01  ,0,0,0,0,0,0,0,0,0,2000,0,0,0,2000,0,2000,2000
055652,聯詠元富01購01  ,0,0,0,0,0,0,0,0,0,2000,0,0,0,49000,47000,2000,2000
058669,上銀群益99購01  ,0,0,0,0,0,0,0,0,0,2000,0,0,0,2000,0,2000,2000
056034,華通凱基98購01  ,0,0,0,0,0,0,0,0,0,2000,0,0,0,2000,0,2000,2000
055697,牧德國票98購01  ,0,0,0,0,0,0,0,0,0,2000,0,0,0,2000,0,2000,2000
055711,上銀元大97購04  ,0,0,0,0,0,0,0,0,0,2000,0,0,0,2000,0,2000,2000
055760,新日興群益98購02,0,0,0,0,0,0,0,0,0,2000,0,0,0,2000,0,2000,2000
055770,欣興麥證97購01  ,0,0,0,2000,0,2000,0,0,0,2000,0,0,0,2000,0,2000,2000
055793,臺股指凱基97購16,0,0,0,0,0,0,0,0,0,2000,0,0,0,2000,0,2000,2000
056523,光寶科中信98購01,0,0,0,0,0,0,0,0,0,2000,0,0,0,20000,18000,2000,2000
056907,群創元大9C購04  ,0,0,0,0,0,0,0,0,0,2000,0,0,0,2000,0,2000,2000
056941,台郡元富9B購01  ,0,0,0,0,0,0,0,0,0,2000,0,0,0,2000,0,2000,2000
058643,T50正2富邦03購01,0,0,0,0,0,0,0,0,0,2000,0,0,0,2000,0,2000,2000
056820,欣興永豐98購02  ,0,0,0,0,0,0,0,0,0,2000,0,0,0,2000,0,2000,2000
057961,茂林元大9A購01  ,0,0,0,0,0,0,0,0,0,2000,0,0,0,7000,5000,2000,2000
055943,瑞昱麥證97購01  ,0,0,0,2000,0,2000,0,0,0,2000,0,0,0,2000,0,2000,2000
05766P,A50正2凱基99售01,0,0,0,0,0,0,0,0,0,2000,0,0,0,2000,0,2000,2000
057013,聯發科麥證98購01,0,0,0,2000,0,2000,0,0,0,2000,0,0,0,2000,0,2000,2000
057806,國巨元大98購20  ,0,0,0,0,0,0,0,0,0,2000,0,0,0,2000,0,2000,2000
057402,嘉晶群益98購02  ,0,0,0,0,0,0,0,0,0,2000,0,0,0,77000,75000,2000,2000
05882P,華新科永豐96售01,0,0,0,0,0,0,0,0,0,2000,0,0,0,2000,0,2000,2000
058009,智易國票99購01  ,0,0,0,0,0,0,0,0,0,2000,0,0,0,60000,58000,2000,2000
058034,神達永豐98購02  ,0,0,0,0,0,0,0,0,0,2000,0,0,0,8000,6000,2000,2000
057860,金寶凱基98購01  ,0,0,0,0,0,0,0,0,0,2000,0,0,0,2000,0,2000,2000
057868,大立光凱基98購18,0,0,0,0,0,0,0,0,0,2000,0,0,0,2000,0,2000,2000
057278,可成元大98購06  ,0,0,0,0,0,0,0,0,0,2000,0,0,0,77000,75000,2000,2000
057447,智邦元富02購01  ,0,0,0,0,0,0,0,0,0,2000,0,0,0,49000,47000,2000,2000
056167,力成台新97購01  ,0,0,0,0,0,0,0,0,0,2000,0,0,0,2000,0,2000,2000
059020,元油2X統一9B購02,0,0,0,0,0,0,0,0,0,2000,0,0,0,24000,22000,2000,2000
059387,華通凱基9A購03  ,0,0,0,0,0,0,0,0,0,2000,0,0,0,2000,0,2000,2000
059149,臺股指國票99購12,0,0,0,0,0,0,0,0,0,2000,0,0,0,2000,0,2000,2000
059070,道瓊指元大99購02,0,0,0,0,0,0,0,0,0,2000,0,0,0,2000,0,2000,2000
059084,鴻海元大99購24  ,0,0,0,0,0,0,0,0,0,2000,0,0,0,2000,0,2000,2000
1617,榮星            ,2000,0,2000,0,0,0,0,0,0,0,0,0,0,0,0,0,2000
1735,日勝化          ,2000,0,2000,0,0,0,0,0,0,0,0,0,0,0,0,0,2000
1727,中華化          ,2000,0,2000,0,0,0,0,0,0,0,0,0,0,0,0,0,2000
1583,程泰            ,2000,0,2000,0,0,0,0,0,0,0,0,0,0,0,0,0,2000
1587,吉茂            ,2000,0,2000,0,0,0,0,0,0,0,0,0,0,0,0,0,2000
1472,三洋紡          ,23000,21000,2000,0,0,0,0,0,0,0,0,0,0,0,0,0,2000
1453,大將            ,2000,0,2000,0,0,0,0,0,0,0,0,0,0,0,0,0,2000
1454,台富            ,2000,0,2000,0,0,0,0,0,0,0,0,0,0,0,0,0,2000
1456,怡華            ,3000,1000,2000,0,0,0,0,0,0,0,0,0,0,0,0,0,2000
2115,六暉-KY         ,2000,0,2000,0,0,0,0,0,0,0,0,0,0,0,0,0,2000
1220,台榮            ,4000,2000,2000,0,0,0,0,0,0,0,0,0,0,0,0,0,2000
1307,三芳            ,2000,0,2000,0,0,0,0,0,0,0,0,0,0,0,0,0,2000
07662P,台積電兆豐9A售03,0,0,0,0,0,0,0,0,0,2000,0,0,0,2000,0,2000,2000
07625P,台灣50凱基01售06,0,0,0,0,0,0,0,0,0,2000,0,0,0,4000,2000,2000,2000
07727P,臺股指凱基9A售19,0,0,0,0,0,0,0,0,0,2000,0,0,0,2000,0,2000,2000
07793P,同欣電元大9A售02,0,0,0,0,0,0,0,0,0,2000,0,0,0,2000,0,2000,2000
07280P,FBVIX凱基99售01 ,0,0,0,0,0,0,0,0,0,2000,0,0,0,2000,0,2000,2000
07256P,臺股指凱基99售36,0,0,0,0,0,0,0,0,0,2000,0,0,0,2000,0,2000,2000
07358P,鴻海元大99售39  ,0,0,0,0,0,0,0,0,0,2000,0,0,0,102000,100000,2000,2000
07309P,聯發科凱基99售18,0,0,0,0,0,0,0,0,0,2000,0,0,0,2000,0,2000,2000
07364P,大立光元大99售27,0,0,0,0,0,0,0,0,0,2000,0,0,0,2000,0,2000,2000
07487P,鴻海國票9A售01  ,0,0,0,0,0,0,0,0,0,2000,0,0,0,2000,0,2000,2000
06753P,智邦富邦98售03  ,0,0,0,0,0,0,0,0,0,2000,0,0,0,2000,0,2000,2000
07033P,大立光統一9B售03,0,0,0,0,0,0,0,0,0,2000,0,0,0,2000,0,2000,2000
07016P,聯發科元大99售10,0,0,0,0,0,0,0,0,0,2000,0,0,0,2000,0,2000,2000
06984P,上銀富邦9B售01  ,0,0,0,0,0,0,0,0,0,2000,0,0,0,4000,2000,2000,2000
06897P,FBVIX群益01售01 ,0,0,0,0,0,0,0,0,0,2000,0,0,0,2000,0,2000,2000
06587P,國巨元大98售13  ,0,0,0,0,0,0,0,0,0,2000,0,0,0,2000,0,2000,2000
06627P,華新科元富99售01,0,0,0,0,0,0,0,0,0,2000,0,0,0,2000,0,2000,2000
06658P,台灣50富邦9C售01,0,0,0,0,0,0,0,0,0,2000,0,0,0,2000,0,2000,2000
06655P,TPK元大98售02   ,0,0,0,0,0,0,0,0,0,2000,0,0,0,2000,0,2000,2000
06687P,A50正2中信9A售01,0,0,0,0,0,0,0,0,0,2000,0,0,0,2000,0,2000,2000
6674,鋐寶科技        ,3000,1000,2000,0,0,0,0,0,0,0,0,0,0,0,0,0,2000
9918,欣天然          ,2000,0,2000,0,0,0,0,0,0,0,0,0,0,0,0,0,2000
6201,亞弘電          ,2000,0,2000,0,0,0,0,0,0,0,0,0,0,0,0,0,2000
4439,冠星-KY         ,2000,0,2000,0,0,0,0,0,0,0,0,0,0,0,0,0,2000
4562,穎漢            ,3000,1000,2000,0,0,0,0,0,0,0,0,0,0,0,0,0,2000
4755,三福化          ,2000,0,2000,0,0,0,0,0,0,0,0,0,0,0,0,0,2000
2546,根基            ,19000,7000,12000,0,0,0,0,0,0,-10000,0,10000,-10000,0,0,0,2000
2543,皇昌            ,2000,0,2000,0,0,0,0,0,0,0,0,0,0,0,0,0,2000
2482,連宇            ,5000,3000,2000,0,0,0,0,0,0,0,0,0,0,0,0,0,2000
3591,艾笛森          ,5000,3000,2000,0,0,0,0,0,0,0,0,0,0,0,0,0,2000
3011,今皓            ,2000,0,2000,0,0,0,0,0,0,0,0,0,0,0,0,0,2000
3046,建碁            ,2000,0,2000,0,0,0,0,0,0,0,0,0,0,0,0,0,2000
6452,康友-KY         ,101000,122538,-21538,0,0,0,0,0,0,23000,0,0,0,24000,1000,23000,1462
061494,聯發科國票9A購04,0,0,0,0,0,0,0,0,0,1000,0,0,0,2000,1000,1000,1000
06138P,台積電中信99售01,0,0,0,0,0,0,0,0,0,1000,0,0,0,1000,0,1000,1000
061471,台積電元大9A購31,0,0,0,0,0,0,0,0,0,1000,0,0,0,51000,50000,1000,1000
06265P,美律凱基97售01  ,0,0,0,0,0,0,0,0,0,1000,0,0,0,1000,0,1000,1000
06428P,國巨元大97售17  ,0,0,0,0,0,0,0,0,0,1000,0,0,0,51000,50000,1000,1000
06435P,臺股指群益98售02,0,0,0,0,0,0,0,0,0,1000,0,0,0,1000,0,1000,1000
062115,臺股指國票9B購09,0,0,0,0,0,0,0,0,0,1000,0,0,0,1000,0,1000,1000
061700,瑞昱國票9A購02  ,0,0,0,0,0,0,0,0,0,1000,0,0,0,39000,38000,1000,1000
06165P,臺股指凱基9A售03,0,0,0,0,0,0,0,0,0,1000,0,0,0,1000,0,1000,1000
061770,泰碩元大9B購02  ,0,0,0,0,0,0,0,0,0,1000,0,0,0,1000,0,1000,1000
061795,智邦永豐9B購01  ,0,0,0,0,0,0,0,0,0,1000,0,0,0,10000,9000,1000,1000
061751,華通台新9B購01  ,0,0,0,0,0,0,0,0,0,1000,0,0,0,121000,120000,1000,1000
060879,華新科中信9A購02,0,0,0,0,0,0,0,0,0,1000,0,0,0,1000,0,1000,1000
060895,華新科凱基9B購05,0,0,0,0,0,0,0,0,0,1000,0,0,0,1000,0,1000,1000
060603,聯發科凱基9A購12,0,0,0,0,0,0,0,0,0,1000,0,0,0,1000,0,1000,1000
060627,國巨國泰9B購05  ,0,0,0,0,0,0,0,0,0,1000,0,0,0,4000,3000,1000,1000
060491,台灣50元富04購01,0,0,0,0,0,0,0,0,0,1000,0,0,0,1000,0,1000,1000
059827,晶技凱基99購03  ,0,0,0,0,0,0,0,0,0,1000,0,0,0,1000,0,1000,1000
059554,台灣50凱基99購08,0,0,0,0,0,0,0,0,0,1000,0,0,0,1000,0,1000,1000
059664,立積元大9C購01  ,0,0,0,0,0,0,0,0,0,1000,0,0,0,2000,1000,1000,1000
059682,可成富邦9A購01  ,0,0,0,0,0,0,0,0,0,1000,0,0,0,1000,0,1000,1000
059731,康控元大99購04  ,0,0,0,0,0,0,0,0,0,1000,0,0,0,11000,10000,1000,1000
060107,旭富元大99購03  ,0,0,0,0,0,0,0,0,0,1000,0,0,0,2000,1000,1000,1000
060276,S&P反1元大9A購03,0,0,0,0,0,0,0,0,0,1000,0,0,0,1000,0,1000,1000
053480,祥碩元大96購02  ,0,0,0,0,0,0,0,0,0,1000,0,0,0,1000,0,1000,1000
053521,緯穎群益96購02  ,0,0,0,0,0,0,0,0,0,1000,0,0,0,1000,0,1000,1000
05361P,聯發科富邦97售01,0,0,0,0,0,0,0,0,0,1000,0,0,0,1000,0,1000,1000
055227,聯發科國票98購02,0,0,0,0,0,0,0,0,0,1000,0,0,0,1000,0,1000,1000
054414,全新元大97購02  ,0,0,0,0,0,0,0,0,0,1000,0,0,0,1000,0,1000,1000
054415,奇力新元大96購06,0,0,0,0,0,0,0,0,0,1000,0,0,0,1000,0,1000,1000
053174,同欣電群益98購02,0,0,0,0,0,0,0,0,0,1000,0,0,0,1000,0,1000,1000
053194,緯穎統一99購01  ,0,0,0,0,0,0,0,0,0,1000,0,0,0,1000,0,1000,1000
05411P,台積電國票96售08,0,0,0,0,0,0,0,0,0,1000,0,0,0,1000,0,1000,1000
054641,祥碩中信98購01  ,0,0,0,0,0,0,0,0,0,1000,0,0,0,34000,33000,1000,1000
054665,華通元富97購02  ,0,0,0,0,0,0,0,0,0,1000,0,0,0,1000,0,1000,1000
054666,強茂元富97購01  ,0,0,0,0,0,0,0,0,0,1000,0,0,0,1000,0,1000,1000
054474,鴻海中信96購03  ,0,0,0,0,0,0,0,0,0,1000,0,0,0,1000,0,1000,1000
054793,牧德群益9A購01  ,0,0,0,0,0,0,0,0,0,1000,0,0,0,1000,0,1000,1000
054771,茂林國票98購02  ,0,0,0,0,0,0,0,0,0,1000,0,0,0,18000,17000,1000,1000
054781,台化群益99購01  ,0,0,0,0,0,0,0,0,0,1000,0,0,0,1000,0,1000,1000
05527P,聯茂群益96售01  ,0,0,0,0,0,0,0,0,0,1000,0,0,0,1000,0,1000,1000
05529P,臺股指群益96售02,0,0,0,0,0,0,0,0,0,1000,0,0,0,1000,0,1000,1000
055270,上銀元大97購03  ,0,0,0,0,0,0,0,0,0,1000,0,0,0,1000,0,1000,1000
055259,玉晶光統一9A購01,0,0,0,0,0,0,0,0,0,1000,0,0,0,31000,30000,1000,1000
058330,鴻海元富99購01  ,0,0,0,0,0,0,0,0,0,1000,0,0,0,1000,0,1000,1000
05530P,臺股指群益96售03,0,0,0,0,0,0,0,0,0,1000,0,0,0,1000,0,1000,1000
058370,聯詠凱基99購01  ,0,0,0,0,0,0,0,0,0,1000,0,0,0,21000,20000,1000,1000
058499,滬深2X元大9C購01,0,0,0,0,0,0,0,0,0,1000,0,0,0,1000,0,1000,1000
05808P,臺股指國票96售01,0,0,0,0,0,0,0,0,0,1000,0,0,0,1000,0,1000,1000
058110,光寶科元富98購01,0,0,0,0,0,0,0,0,0,1000,0,0,0,1000,0,1000,1000
05813P,臺股指國票96售06,0,0,0,0,0,0,0,0,0,1000,0,0,0,1000,0,1000,1000
047303,寶滬深元大96購01,0,0,0,0,0,0,0,0,0,1000,0,0,0,1000,0,1000,1000
03424B,臺股指元大96熊26,0,0,0,0,0,0,0,0,0,1000,0,0,0,1000,0,1000,1000
045685,康控元大95購01  ,0,0,0,0,0,0,0,0,0,1000,0,0,0,1000,0,1000,1000
04838P,宏達電元大95售02,0,0,0,0,0,0,0,0,0,1000,0,0,0,1000,0,1000,1000
048273,南電富邦97購01  ,0,0,0,0,0,0,0,0,0,1000,0,0,0,1000,0,1000,1000
052459,道瓊反統一95購04,0,0,0,0,0,0,0,0,0,1000,0,0,0,1000,0,1000,1000
048652,巨大元大96購01  ,0,0,0,0,0,0,0,0,0,1000,0,0,0,1000,0,1000,1000
052861,台光電凱基96購03,0,0,0,0,0,0,0,0,0,1000,0,0,0,1000,0,1000,1000
052787,國巨中信96購02  ,0,0,0,0,0,0,0,0,0,1000,0,0,0,41000,40000,1000,1000
052674,智邦國泰98購01  ,0,0,0,0,0,0,0,0,0,1000,0,0,0,1000,0,1000,1000
052760,盟立群益96購01  ,0,0,0,0,0,0,0,0,0,1000,0,0,0,1000,0,1000,1000
052745,欣興元大96購04  ,0,0,0,0,0,0,0,0,0,1000,0,0,0,1000,0,1000,1000
052729,國巨國泰97購03  ,0,0,0,0,0,0,0,0,0,1000,0,0,0,1000,0,1000,1000
020007,凱基臺灣500N    ,0,0,0,0,0,0,0,0,0,1000,0,0,0,1000,0,1000,1000
03432B,臺股指凱基98熊13,0,0,0,0,0,0,0,0,0,1000,0,0,0,27000,26000,1000,1000
035277,景碩台新97購01  ,0,0,0,0,0,0,0,0,0,1000,0,0,0,1000,0,1000,1000
035275,台積電台新97購01,0,0,0,0,0,0,0,0,0,1000,0,0,0,1000,0,1000,1000
03427B,臺股指元大9A熊02,0,0,0,0,0,0,0,0,0,1000,0,0,0,1000,0,1000,1000
042692,台灣50凱基96購09,0,0,0,0,0,0,0,0,0,1000,0,0,0,1000,0,1000,1000
048748,國巨元富96購01  ,0,0,0,0,0,0,0,0,0,1000,0,0,0,1000,0,1000,1000
049498,茂林元大95購01  ,0,0,0,0,0,0,0,0,0,1000,0,0,0,1000,0,1000,1000
054905,國揚康和97購01  ,0,0,0,0,0,0,0,0,0,1000,0,0,0,1000,0,1000,1000
053916,漢唐國票97購04  ,0,0,0,0,0,0,0,0,0,1000,0,0,0,1000,0,1000,1000
054914,億光凱基98購01  ,0,0,0,0,0,0,0,0,0,1000,0,0,0,1000,0,1000,1000
050782,台積電國泰96購03,0,0,0,0,0,0,0,0,0,1000,0,0,0,1000,0,1000,1000
050992,台積電元大97購01,0,0,0,0,0,0,0,0,0,1000,0,0,0,1000,0,1000,1000
052025,國巨群益96購01  ,0,0,0,0,0,0,0,0,0,1000,0,0,0,14000,13000,1000,1000
051746,玉晶光國泰97購07,0,0,0,0,0,0,0,0,0,1000,0,0,0,1000,0,1000,1000
052388,旺宏群益96購05  ,0,0,0,0,0,0,0,0,0,1000,0,0,0,20000,19000,1000,1000
052308,大立光國泰97購02,0,0,0,0,0,0,0,0,0,1000,0,0,0,1000,0,1000,1000
050424,鴻海凱基96購03  ,0,0,0,0,0,0,0,0,0,1000,0,0,0,6000,5000,1000,1000
050211,貿聯國票95購01  ,0,0,0,0,0,0,0,0,0,1000,0,0,0,1000,0,1000,1000
051849,旺宏中信98購01  ,0,0,0,0,0,0,0,0,0,1000,0,0,0,15000,14000,1000,1000
059052,為升凱基99購01  ,0,0,0,0,0,0,0,0,0,1000,0,0,0,1000,0,1000,1000
059091,中信金元大99購01,0,0,0,0,0,0,0,0,0,1000,0,0,0,12000,11000,1000,1000
059383,台灣50凱基99購03,0,0,0,0,0,0,0,0,0,1000,0,0,0,1000,0,1000,1000
059372,台灣50群益99購02,0,0,0,0,0,0,0,0,0,1000,0,0,0,1000,0,1000,1000
059454,亞光永豐99購01  ,0,0,0,0,0,0,0,0,0,1000,0,0,0,65000,64000,1000,1000
059333,滬深2X國票9A購03,0,0,0,0,0,0,0,0,0,1000,0,0,0,1000,0,1000,1000
059323,新日興元大99購02,0,0,0,0,0,0,0,0,0,1000,0,0,0,9000,8000,1000,1000
058938,台積電中信01購03,0,0,0,0,0,0,0,0,0,1000,0,0,0,1000,0,1000,1000
057170,瑞昱元大98購01  ,0,0,0,0,0,0,0,0,0,1000,0,0,0,96000,95000,1000,1000
056177,嘉澤元富97購01  ,0,0,0,0,0,0,0,0,0,1000,0,0,0,1000,0,1000,1000
056202,國揚永豐97購01  ,0,0,0,0,0,0,0,0,0,1000,0,0,0,1000,0,1000,1000
056273,祥碩統一97購02  ,0,0,0,0,0,0,0,0,0,1000,0,0,0,1000,0,1000,1000
05748P,臺股指群益99售02,0,0,0,0,0,0,0,0,0,1000,0,0,0,1000,0,1000,1000
05746P,台積電群益96售07,0,0,0,0,0,0,0,0,0,1000,0,0,0,1000,0,1000,1000
057245,福懋科台新98購01,0,0,0,0,0,0,0,0,0,1000,0,0,0,1000,0,1000,1000
057559,可成兆豐99購02  ,0,0,0,0,0,0,0,0,0,1000,0,0,0,1000,0,1000,1000
057270,遠東新元大98購01,0,0,0,0,0,0,0,0,0,1000,0,0,0,31000,30000,1000,1000
057265,聯詠兆豐98購01  ,0,0,0,0,0,0,0,0,0,1000,0,0,0,1000,0,1000,1000
057885,台光電群益98購04,0,0,0,0,0,0,0,0,0,1000,0,0,0,1000,0,1000,1000
058008,禾伸堂國票99購02,0,0,0,0,0,0,0,0,0,1000,0,0,0,10000,9000,1000,1000
057989,旺宏統一99購04  ,0,0,0,0,0,0,0,0,0,1000,0,0,0,1000,0,1000,1000
057309,南茂兆豐99購01  ,0,0,0,0,0,0,0,0,0,1000,0,0,0,1000,0,1000,1000
057281,大立光元大98購16,0,0,0,0,0,0,0,0,0,1000,0,0,0,1000,0,1000,1000
057027,祥碩凱基98購01  ,0,0,0,0,0,0,0,0,0,1000,0,0,0,1000,0,1000,1000
056992,祥碩兆豐98購01  ,0,0,0,0,0,0,0,0,0,1000,0,0,0,1000,0,1000,1000
056331,聯鈞國票99購01  ,0,0,0,0,0,0,0,0,0,1000,0,0,0,1000,0,1000,1000
056357,台積電元大9A購01,0,0,0,0,0,0,0,0,0,1000,0,0,0,1000,0,1000,1000
057619,玉晶光凱基98購02,0,0,0,0,0,0,0,0,0,1000,0,0,0,29000,28000,1000,1000
055975,鴻海統一98購05  ,0,0,0,0,0,0,0,0,0,1000,0,0,0,1000,0,1000,1000
058257,聯陽國泰9B購01  ,0,0,0,0,0,0,0,0,0,1000,0,0,0,1000,0,1000,1000
056721,台灣50永昌9A購01,0,0,0,0,0,0,0,0,0,1000,0,0,0,1000,0,1000,1000
056702,欣興國泰9A購01  ,0,0,0,0,0,0,0,0,0,1000,0,0,0,1000,0,1000,1000
055854,群創元大98購04  ,0,0,0,0,0,0,0,0,0,1000,0,0,0,1000,0,1000,1000
058644,元黃金富邦03購01,0,0,0,0,0,0,0,0,0,1000,0,0,0,1000,0,1000,1000
058731,貿聯永豐99購02  ,0,0,0,0,0,0,0,0,0,1000,0,0,0,11000,10000,1000,1000
058615,矽創元大99購01  ,0,0,0,0,0,0,0,0,0,1000,0,0,0,1000,0,1000,1000
056910,超眾元大99購02  ,0,0,0,0,0,0,0,0,0,1000,0,0,0,1000,0,1000,1000
056953,智邦富邦98購02  ,0,0,0,0,0,0,0,0,0,1000,0,0,0,1000,0,1000,1000
05647P,聯發科國票97售02,0,0,0,0,0,0,0,0,0,1000,0,0,0,31000,30000,1000,1000
056485,同欣電元大98購01,0,0,0,0,0,0,0,0,0,1000,0,0,0,1000,0,1000,1000
05666P,聯發科凱基96售14,0,0,0,0,0,0,0,0,0,1000,0,0,0,1000,0,1000,1000
056307,貿聯元大97購05  ,0,0,0,0,0,0,0,0,0,1000,0,0,0,1000,0,1000,1000
055796,南電國泰98購01  ,0,0,0,0,0,0,0,0,0,1000,0,0,0,1000,0,1000,1000
055738,玉山金元富97購01,0,0,0,0,0,0,0,0,0,1000,0,0,0,1000,0,1000,1000
055676,亞德客凱基97購03,0,0,0,0,0,0,0,0,0,1000,0,0,0,1000,0,1000,1000
055790,南電凱基97購01  ,0,0,0,0,0,0,0,0,0,1000,0,0,0,1000,0,1000,1000
056085,聯發科統一97購01,0,0,0,0,0,0,0,0,0,1000,0,0,0,1000,0,1000,1000
6431,光麗-KY         ,1000,0,1000,0,0,0,0,0,0,0,0,0,0,0,0,0,1000
6655,科定            ,1000,0,1000,0,0,0,0,0,0,0,0,0,0,0,0,0,1000
6671,三能-KY         ,2000,1000,1000,0,0,0,0,0,0,0,0,0,0,0,0,0,1000
9929,秋雨            ,1000,0,1000,0,0,0,0,0,0,0,0,0,0,0,0,0,1000
9931,欣高            ,1000,0,1000,0,0,0,0,0,0,0,0,0,0,0,0,0,1000
9941A,裕融甲特        ,0,0,0,0,0,0,0,0,0,1000,1000,0,1000,0,0,0,1000
9906,欣巴巴          ,1000,0,1000,0,0,0,0,0,0,0,0,0,0,0,0,0,1000
8222,寶一            ,3000,2000,1000,0,0,0,0,0,0,0,0,0,0,0,0,0,1000
8443,阿瘦            ,1000,0,1000,0,0,0,0,0,0,0,0,0,0,0,0,0,1000
8466,美吉吉-KY       ,3000,2000,1000,0,0,0,0,0,0,0,0,0,0,0,0,0,1000
5484,慧友            ,1000,0,1000,0,0,0,0,0,0,0,0,0,0,0,0,0,1000
3057,喬鼎            ,5000,4000,1000,0,0,0,0,0,0,0,0,0,0,0,0,0,1000
3054,立萬利          ,1000,0,1000,0,0,0,0,0,0,0,0,0,0,0,0,0,1000
3025,星通            ,5000,4000,1000,0,0,0,0,0,0,0,0,0,0,0,0,0,1000
3416,融程電          ,1000,0,1000,0,0,0,0,0,0,0,0,0,0,0,0,0,1000
3229,晟鈦            ,1000,0,1000,0,0,0,0,0,0,0,0,0,0,0,0,0,1000
2712,遠雄來          ,1000,0,1000,0,0,0,0,0,0,0,0,0,0,0,0,0,1000
2611,志信            ,1000,0,1000,0,0,0,0,0,0,0,0,0,0,0,0,0,1000
2891B,中信金乙特      ,0,0,0,0,0,0,0,0,0,1000,1000,0,1000,0,0,0,1000
2891C,中信金丙特      ,0,0,0,0,0,0,0,0,0,1000,1000,0,1000,0,0,0,1000
06693P,臺股指凱基98售01,0,0,0,0,0,0,0,0,0,1000,0,0,0,1000,0,1000,1000
06698P,玉晶光國票99售05,0,0,0,0,0,0,0,0,0,1000,0,0,0,18000,17000,1000,1000
06485P,玉晶光群益9A售02,0,0,0,0,0,0,0,0,0,1000,0,0,0,1000,0,1000,1000
06941P,國巨統一98售07  ,0,0,0,0,0,0,0,0,0,1000,0,0,0,6000,5000,1000,1000
06953P,景碩統一9A售01  ,0,0,0,0,0,0,0,0,0,1000,0,0,0,1000,0,1000,1000
07025P,玉晶光凱基99售01,0,0,0,0,0,0,0,0,0,1000,0,0,0,2000,1000,1000,1000
06751P,旺宏凱基98售10  ,0,0,0,0,0,0,0,0,0,1000,0,0,0,1000,0,1000,1000
06763P,技嘉元大98售05  ,0,0,0,0,0,0,0,0,0,1000,0,0,0,40000,39000,1000,1000
06849P,欣興元大98售12  ,0,0,0,0,0,0,0,0,0,1000,0,0,0,1000,0,1000,1000
06845P,億光元大98售02  ,0,0,0,0,0,0,0,0,0,1000,0,0,0,3000,2000,1000,1000
07215P,大立光凱基99售07,0,0,0,0,0,0,0,0,0,1000,0,0,0,1000,0,1000,1000
07194P,聯發科元大99售25,0,0,0,0,0,0,0,0,0,1000,0,0,0,1000,0,1000,1000
07275P,FBVIX群益99售02 ,0,0,0,0,0,0,0,0,0,1000,0,0,0,16000,15000,1000,1000
07113P,台積電兆豐99售03,0,0,0,0,0,0,0,0,0,1000,0,0,0,41000,40000,1000,1000
07175P,聯詠凱基99售02  ,0,0,0,0,0,0,0,0,0,1000,0,0,0,1000,0,1000,1000
07692P,玉晶光元大9A售11,0,0,0,0,0,0,0,0,0,1000,0,0,0,1000,0,1000,1000
07584P,台積電永豐9A售02,0,0,0,0,0,0,0,0,0,1000,0,0,0,1000,0,1000,1000
07589P,玉晶光國票9A售02,0,0,0,0,0,0,0,0,0,1000,0,0,0,1000,0,1000,1000
07674P,金融類元大9A售01,0,0,0,0,0,0,0,0,0,1000,0,0,0,2000,1000,1000,1000
07648P,祥碩國票9B售01  ,0,0,0,0,0,0,0,0,0,1000,0,0,0,1000,0,1000,1000
1236,宏亞            ,2000,0,2000,0,0,0,0,0,0,-1000,0,1000,-1000,0,0,0,1000
1233,天仁            ,1000,0,1000,0,0,0,0,0,0,0,0,0,0,0,0,0,1000
1321,大洋            ,22000,10000,12000,0,0,0,0,0,0,-11000,0,11000,-11000,0,0,0,1000
2433,互盛電          ,11000,10000,1000,0,0,0,0,0,0,0,0,0,0,0,0,0,1000
1470,大統新創        ,1000,0,1000,0,0,0,0,0,0,0,0,0,0,0,0,0,1000
1466,聚隆            ,4000,3000,1000,0,0,0,0,0,0,0,0,0,0,0,0,0,1000
1528,恩德            ,16000,15000,1000,0,0,0,0,0,0,0,0,0,0,0,0,0,1000
1776,展宇            ,1000,0,1000,0,0,0,0,0,0,0,0,0,0,0,0,0,1000
1817,凱撒衛          ,3000,2000,1000,0,0,0,0,0,0,0,0,0,0,0,0,0,1000
2007,燁興            ,1000,0,1000,0,0,0,0,0,0,0,0,0,0,0,0,0,1000
1724,台硝            ,1000,0,1000,0,0,0,0,0,0,0,0,0,0,0,0,0,1000
1725,元禎            ,1000,0,1000,0,0,0,0,0,0,0,0,0,0,0,0,0,1000
008201,BP上證50        ,0,0,0,0,0,0,0,0,0,500,0,0,0,500,0,500,500
060266,潤泰全國票9A購01,0,0,0,0,0,0,0,0,0,0,0,0,0,5000,5000,0,0
060267,上緯控國票9C購01,0,0,0,0,0,0,0,0,0,0,0,0,0,1000,1000,0,0
060172,智原台新9A購01  ,0,0,0,0,0,0,0,0,0,0,0,0,0,10000,10000,0,0
060202,康友元富9A購01  ,0,0,0,0,0,0,0,0,0,0,0,0,0,20000,20000,0,0
06012P,世芯國票96售01  ,0,0,0,0,0,0,0,0,0,0,0,0,0,20000,20000,0,0
060080,台灣50元大02購01,0,0,0,0,0,0,0,0,0,0,0,0,0,13000,13000,0,0
059976,道瓊銀元大99購01,0,0,0,0,0,0,0,0,0,0,0,0,0,10000,10000,0,0
059719,台積電元大99購42,0,0,0,0,0,0,0,0,0,0,0,0,0,32000,32000,0,0
059721,旺宏元大99購16  ,0,0,0,0,0,0,0,0,0,0,0,0,0,1000,1000,0,0
059723,美律元大9A購02  ,0,0,0,0,0,0,0,0,0,0,0,0,0,2000,2000,0,0
059668,台灣50元富9B購04,0,0,0,0,0,0,0,0,0,0,0,0,0,1000,1000,0,0
05968P,鴻海台新96售02  ,0,0,0,0,0,0,0,0,0,0,0,0,0,90000,90000,0,0
059513,揚明光永豐99購01,0,0,0,0,0,0,0,0,0,0,0,0,0,10000,10000,0,0
059564,鴻海凱基9A購15  ,0,0,0,0,0,0,0,0,0,0,0,0,0,4000,4000,0,0
05981P,可成永昌98售02  ,0,0,0,0,0,0,0,0,0,0,0,0,0,10000,10000,0,0
05984P,台積電統一98售01,0,0,0,0,0,0,0,0,0,0,0,0,0,40000,40000,0,0
059799,台灣50元富01購05,0,0,0,0,0,0,0,0,0,0,0,0,0,1000,1000,0,0
059785,美律元大9A購03  ,0,0,0,0,0,0,0,0,0,0,0,0,0,3000,3000,0,0
059926,世紀鋼國泰9B購01,0,0,0,0,0,0,0,0,0,0,0,0,0,4000,4000,0,0
059945,嘉澤永豐99購03  ,0,0,0,0,0,0,0,0,0,0,0,0,0,40000,40000,0,0
060536,祥碩麥證9A購01  ,0,0,0,51000,51000,0,0,0,0,0,0,0,0,51000,51000,0,0
060607,玉晶光凱基9A購06,0,0,0,0,0,0,0,0,0,0,0,0,0,4000,4000,0,0
06063P,玉晶光元富97售01,0,0,0,0,0,0,0,0,0,0,0,0,0,1000000,1000000,0,0
060435,鈺齊永豐9A購01  ,0,0,0,0,0,0,0,0,0,0,0,0,0,1000,1000,0,0
060461,鴻海元大9A購09  ,0,0,0,0,0,0,0,0,0,0,0,0,0,116000,116000,0,0
060330,台灣50麥證9A購03,0,0,0,4000,4000,0,0,0,0,0,0,0,0,4000,4000,0,0
060914,健策元大9A購03  ,0,0,0,0,0,0,0,0,0,0,0,0,0,21000,21000,0,0
060979,國巨元大9A購14  ,0,0,0,0,0,0,0,0,0,0,0,0,0,40000,40000,0,0
060956,超眾群益9A購01  ,0,0,0,0,0,0,0,0,0,0,0,0,0,6000,6000,0,0
060860,國巨永豐9A購02  ,0,0,0,0,0,0,0,0,0,0,0,0,0,2000,2000,0,0
060846,欣興國票9A購02  ,0,0,0,0,0,0,0,0,0,0,0,0,0,54000,54000,0,0
060829,T50反1國票9A購06,0,0,0,0,0,0,0,0,0,0,0,0,0,130000,130000,0,0
06072P,牧德永豐97售01  ,0,0,0,0,0,0,0,0,0,0,0,0,0,125000,125000,0,0
06077P,GIS凱基97售02   ,0,0,0,0,0,0,0,0,0,0,0,0,0,33000,33000,0,0
060800,華新科第一9A購01,0,0,0,0,0,0,0,0,0,0,0,0,0,10000,10000,0,0
060649,國巨第一9A購01  ,0,0,0,0,0,0,0,0,0,0,0,0,0,3000,3000,0,0
061766,華新科元大9B購02,0,0,0,0,0,0,0,0,0,0,0,0,0,10000,10000,0,0
061791,康友群益9B購01  ,0,0,0,0,0,0,0,0,0,0,0,0,0,7000,7000,0,0
06176P,台積電元大97售22,0,0,0,0,0,0,0,0,0,0,0,0,0,320000,320000,0,0
061679,健策元大9B購04  ,0,0,0,0,0,0,0,0,0,0,0,0,0,3000,3000,0,0
06163P,聯詠群益97售01  ,0,0,0,0,0,0,0,0,0,0,0,0,0,100000,100000,0,0
061644,健策元大9C購02  ,0,0,0,0,0,0,0,0,0,0,0,0,0,5000,5000,0,0
061654,旺宏國票9A購02  ,0,0,0,0,0,0,0,0,0,0,0,0,0,5000,5000,0,0
061712,旺宏凱基9A購08  ,0,0,0,0,0,0,0,0,0,0,0,0,0,3000,3000,0,0
061956,和大統一01購01  ,0,0,0,0,0,0,0,0,0,0,0,0,0,2000,2000,0,0
062134,國巨群益9B購04  ,0,0,0,0,0,0,0,0,0,0,0,0,0,247000,247000,0,0
062135,國巨群益9B購05  ,0,0,0,0,0,0,0,0,0,0,0,0,0,40000,40000,0,0
062149,牧德國票9B購01  ,0,0,0,0,0,0,0,0,0,0,0,0,0,1000,1000,0,0
062074,旺宏元大9B購04  ,0,0,0,0,0,0,0,0,0,0,0,0,0,23000,23000,0,0
06208P,台郡凱基97售03  ,0,0,0,0,0,0,0,0,0,0,0,0,0,22000,22000,0,0
06201P,可成元大97售01  ,0,0,0,0,0,0,0,0,0,0,0,0,0,250000,250000,0,0
06440P,台積電凱基98售07,0,0,0,0,0,0,0,0,0,0,0,0,0,30000,30000,0,0
06406P,可成元富97售04  ,0,0,0,0,0,0,0,0,0,0,0,0,0,600000,600000,0,0
06427P,鴻海元大97售13  ,0,0,0,0,0,0,0,0,0,0,0,0,0,60000,60000,0,0
06369P,台積電凱基97售16,0,0,0,0,0,0,0,0,0,0,0,0,0,260000,260000,0,0
06367P,台積電凱基97售14,0,0,0,0,0,0,0,0,0,0,0,0,0,200000,200000,0,0
06336P,鴻海元大98售05  ,0,0,0,0,0,0,0,0,0,0,0,0,0,75000,75000,0,0
06329P,大立光兆豐97售04,0,0,0,0,0,0,0,0,0,0,0,0,0,10000,10000,0,0
06248P,國巨統一97售07  ,0,0,0,0,0,0,0,0,0,0,0,0,0,140000,140000,0,0
062276,瑞昱群益9B購01  ,0,0,0,0,0,0,0,0,0,0,0,0,0,9000,9000,0,0
062278,聯發科群益9C購01,0,0,0,0,0,0,0,0,0,0,0,0,0,5000,5000,0,0
062283,玉晶光群益01購01,0,0,0,0,0,0,0,0,0,0,0,0,0,10000,10000,0,0
062286,台郡群益9B購01  ,0,0,0,0,0,0,0,0,0,0,0,0,0,12000,12000,0,0
062263,康控元大9B購03  ,0,0,0,0,0,0,0,0,0,0,0,0,0,16000,16000,0,0
062269,葡萄王群益9B購01,0,0,0,0,0,0,0,0,0,0,0,0,0,10000,10000,0,0
062273,國巨群益9C購02  ,0,0,0,0,0,0,0,0,0,0,0,0,0,200000,200000,0,0
062256,聯發科元大9B購08,0,0,0,0,0,0,0,0,0,0,0,0,0,5000,5000,0,0
062259,可成元大9B購03  ,0,0,0,0,0,0,0,0,0,0,0,0,0,30000,30000,0,0
062179,旺宏元大9B購05  ,0,0,0,0,0,0,0,0,0,0,0,0,0,22000,22000,0,0
062180,瑞昱元大9B購03  ,0,0,0,0,0,0,0,0,0,0,0,0,0,20000,20000,0,0
062202,國巨國票9C購04  ,0,0,0,0,0,0,0,0,0,0,0,0,0,20000,20000,0,0
06136P,華新科國泰99售02,0,0,0,0,0,0,0,0,0,0,0,0,0,40000,40000,0,0
061309,鴻海統一9C購05  ,0,0,0,0,0,0,0,0,0,0,0,0,0,10000,10000,0,0
061322,華新科凱基9A購12,0,0,0,0,0,0,0,0,0,0,0,0,0,68000,68000,0,0
061486,國巨兆豐9B購02  ,0,0,0,0,0,0,0,0,0,0,0,0,0,10000,10000,0,0
061482,健策元大9C購01  ,0,0,0,0,0,0,0,0,0,0,0,0,0,15000,15000,0,0
061529,國巨台新9A購02  ,0,0,0,0,0,0,0,0,0,0,0,0,0,33000,33000,0,0
06151P,華新科元大97售07,0,0,0,0,0,0,0,0,0,0,0,0,0,1000,1000,0,0
061517,瑞祺永豐9A購03  ,0,0,0,0,0,0,0,0,0,0,0,0,0,3000,3000,0,0
061523,SP黃豆凱基9B購01,0,0,0,0,0,0,0,0,0,0,0,0,0,20000,20000,0,0
061526,宏達電凱基9A購04,0,0,0,0,0,0,0,0,0,0,0,0,0,70000,70000,0,0
061602,旺宏凱基9A購06  ,0,0,0,0,0,0,0,0,0,0,0,0,0,20000,20000,0,0
061596,健策永豐9A購03  ,0,0,0,0,0,0,0,0,0,0,0,0,0,2000,2000,0,0
061255,道瓊反凱基9C購01,0,0,0,0,0,0,0,0,0,0,0,0,0,1000,1000,0,0
061258,華通凱基9A購06  ,0,0,0,0,0,0,0,0,0,0,0,0,0,4000,4000,0,0
06123P,玉晶光元大97售04,0,0,0,0,0,0,0,0,0,0,0,0,0,150000,150000,0,0
061195,健策永豐9B購02  ,0,0,0,0,0,0,0,0,0,0,0,0,0,2000,2000,0,0
061205,旺宏元大9A購11  ,0,0,0,0,0,0,0,0,0,0,0,0,0,5000,5000,0,0
061207,美律元大9A購04  ,0,0,0,0,0,0,0,0,0,0,0,0,0,20000,20000,0,0
061053,國巨群益9A購08  ,0,0,0,0,0,0,0,0,0,0,0,0,0,3000,3000,0,0
061101,道瓊銀元大9A購02,0,0,0,0,0,0,0,0,0,0,0,0,0,3000,3000,0,0
061067,貿聯凱基9A購03  ,0,0,0,0,0,0,0,0,0,0,0,0,0,3000,3000,0,0
00774B,新光中國政金綠債,0,0,0,0,0,0,0,0,0,0,0,0,0,2000,2000,0,0
00775B,新光投等債15+   ,0,0,0,0,0,0,0,0,0,0,0,0,0,2000,2000,0,0
00776,新光ICE美國權值 ,0,0,0,0,0,0,0,0,0,0,0,0,0,100000,100000,0,0
00866,新光Shiller CAPE,0,0,0,0,0,0,0,0,0,0,0,0,0,26000,26000,0,0
048682,奇力新富邦96購01,0,0,0,0,0,0,0,0,0,0,0,0,0,10000,10000,0,0
00707R,元大S&P日圓反1  ,0,0,0,0,0,0,0,0,0,0,0,0,0,2000,2000,0,0
00657K,國泰日經225+U   ,0,0,0,0,0,0,0,0,0,0,0,0,0,100,100,0,0
00668K,國泰美國道瓊+U  ,0,0,0,0,0,0,0,0,0,0,0,0,0,100,100,0,0
00691R,兆豐藍籌30反1   ,0,0,0,0,0,0,0,0,0,0,0,0,0,1000,1000,0,0
00625K,富邦上証+R      ,0,0,0,0,0,0,0,0,0,0,0,0,0,50000,50000,0,0
00636K,國泰中國A50+U   ,0,0,0,0,0,0,0,0,0,0,0,0,0,100,100,0,0
049438,嘉晶國泰96購01  ,0,0,0,0,0,0,0,0,0,0,0,0,0,20000,20000,0,0
049484,台積電元大95購02,0,0,0,0,0,0,0,0,0,0,0,0,0,200000,200000,0,0
03677C,臺股指元大05牛02,0,0,0,0,0,0,0,0,0,0,0,0,0,2000,2000,0,0
03875P,滬深2X國票05售01,0,0,0,0,0,0,0,0,0,0,0,0,0,20000,20000,0,0
050100,台積電永昌96購02,0,0,0,0,0,0,0,0,0,0,0,0,0,152000,152000,0,0
050097,可成國泰96購02  ,0,0,0,0,0,0,0,0,0,0,0,0,0,110000,110000,0,0
03604P,群創凱基98售05  ,0,0,0,0,0,0,0,0,0,0,0,0,0,56000,56000,0,0
052730,華新科國泰98購01,0,0,0,0,0,0,0,0,0,0,0,0,0,10000,10000,0,0
052733,台郡國泰97購01  ,0,0,0,0,0,0,0,0,0,0,0,0,0,1000,1000,0,0
052625,南電亞東97購01  ,0,0,0,0,0,0,0,0,0,0,0,0,0,20000,20000,0,0
052588,玉晶光永豐98購01,0,0,0,0,0,0,0,0,0,0,0,0,0,60000,60000,0,0
052907,嘉澤國票97購01  ,0,0,0,0,0,0,0,0,0,0,0,0,0,2000,2000,0,0
04854P,鴻海國泰96售04  ,0,0,0,0,0,0,0,0,0,0,0,0,0,10000,10000,0,0
048602,上緯控國票96購01,0,0,0,0,0,0,0,0,0,0,0,0,0,10000,10000,0,0
052529,力成元大95購03  ,0,0,0,0,0,0,0,0,0,0,0,0,0,17000,17000,0,0
048484,大立光國泰95購02,0,0,0,0,0,0,0,0,0,0,0,0,0,245000,245000,0,0
048001,中工元大96購01  ,0,0,0,0,0,0,0,0,0,0,0,0,0,20000,20000,0,0
048058,大立光國泰95購01,0,0,0,0,0,0,0,0,0,0,0,0,0,65000,65000,0,0
03314P,台積電元大02售16,0,0,0,0,0,0,0,0,0,0,0,0,0,390000,390000,0,0
03421B,臺股指元大99熊01,0,0,0,0,0,0,0,0,0,0,0,0,0,100000,100000,0,0
04767P,台積電國泰95售04,0,0,0,0,0,0,0,0,0,0,0,0,0,185000,185000,0,0
051988,台光電元大95購01,0,0,0,0,0,0,0,0,0,0,0,0,0,5000,5000,0,0
051926,聯電中信97購01  ,0,0,0,0,0,0,0,0,0,0,0,0,0,40000,40000,0,0
052940,玉晶光兆豐97購01,0,0,0,0,0,0,0,0,0,0,0,0,0,919000,919000,0,0
050406,台積電台新95購02,0,0,0,0,0,0,0,0,0,0,0,0,0,16000,16000,0,0
05141P,華通台新96售01  ,0,0,0,0,0,0,0,0,0,0,0,0,0,10000,10000,0,0
051281,健策兆豐96購01  ,0,0,0,0,0,0,0,0,0,0,0,0,0,10000,10000,0,0
05152P,玉晶光群益96售05,0,0,0,0,0,0,0,0,0,0,0,0,0,10000,10000,0,0
051771,上銀中信95購01  ,0,0,0,0,0,0,0,0,0,0,0,0,0,100000,100000,0,0
052336,矽力日盛95購01  ,0,0,0,0,0,0,0,0,0,0,0,0,0,5000,5000,0,0
052192,SP黃豆元富95購04,0,0,0,0,0,0,0,0,0,0,0,0,0,70000,70000,0,0
051735,台積電國票96購06,0,0,0,0,0,0,0,0,0,0,0,0,0,30000,30000,0,0
052029,矽力群益95購02  ,0,0,0,0,0,0,0,0,0,0,0,0,0,3000,3000,0,0
051624,智邦麥證95購02  ,0,0,0,1000,1000,0,0,0,0,0,0,0,0,1000,1000,0,0
05162P,玉晶光國票96售03,0,0,0,0,0,0,0,0,0,0,0,0,0,40000,40000,0,0
051577,台積電元大97購03,0,0,0,0,0,0,0,0,0,0,0,0,0,2000,2000,0,0
050651,大立光凱基96購02,0,0,0,0,0,0,0,0,0,0,0,0,0,10000,10000,0,0
050630,大立光亞東96購01,0,0,0,0,0,0,0,0,0,0,0,0,0,100000,100000,0,0
053834,卜蜂永豐96購01  ,0,0,0,0,0,0,0,0,0,0,0,0,0,20000,20000,0,0
053810,台達電群益96購01,0,0,0,0,0,0,0,0,0,0,0,0,0,98000,98000,0,0
05378P,台積電凱基96售02,0,0,0,0,0,0,0,0,0,0,0,0,0,80000,80000,0,0
055436,晶豪科中信99購01,0,0,0,0,0,0,0,0,0,0,0,0,0,20000,20000,0,0
053959,晶豪科永豐96購02,0,0,0,0,0,0,0,0,0,0,0,0,0,11000,11000,0,0
053946,全新富邦97購02  ,0,0,0,0,0,0,0,0,0,0,0,0,0,10000,10000,0,0
054883,億光統一97購01  ,0,0,0,0,0,0,0,0,0,0,0,0,0,40000,40000,0,0
05811P,臺股指國票96售04,0,0,0,0,0,0,0,0,0,0,0,0,0,2000,2000,0,0
058102,楠梓電永豐98購04,0,0,0,0,0,0,0,0,0,0,0,0,0,40000,40000,0,0
058086,鴻海元大98購14  ,0,0,0,0,0,0,0,0,0,0,0,0,0,35000,35000,0,0
058512,宏達電元大99購04,0,0,0,0,0,0,0,0,0,0,0,0,0,2000,2000,0,0
058513,宏達電元大99購05,0,0,0,0,0,0,0,0,0,0,0,0,0,2000,2000,0,0
058199,國巨康和99購01  ,0,0,0,0,0,0,0,0,0,0,0,0,0,12000,12000,0,0
058171,國巨凱基9A購07  ,0,0,0,0,0,0,0,0,0,0,0,0,0,7000,7000,0,0
058173,台積電凱基99購04,0,0,0,0,0,0,0,0,0,0,0,0,0,22000,22000,0,0
058355,旺宏凱基99購04  ,0,0,0,0,0,0,0,0,0,0,0,0,0,1000,1000,0,0
058432,台積電統一9B購03,0,0,0,0,0,0,0,0,0,0,0,0,0,20000,20000,0,0
058471,台積電日盛9C購01,0,0,0,0,0,0,0,0,0,0,0,0,0,293000,293000,0,0
058473,上銀凱基9A購03  ,0,0,0,0,0,0,0,0,0,0,0,0,0,1000,1000,0,0
058469,臺股指中信9A購05,0,0,0,0,0,0,0,0,0,0,0,0,0,60000,60000,0,0
055315,晶技麥證97購01  ,0,0,0,10000,0,10000,0,0,0,0,0,0,0,10000,10000,0,0
058320,華新科永豐99購02,0,0,0,0,0,0,0,0,0,0,0,0,0,50000,50000,0,0
058339,康友元富99購02  ,0,0,0,0,0,0,0,0,0,0,0,0,0,10000,10000,0,0
058317,國巨永豐99購02  ,0,0,0,0,0,0,0,0,0,0,0,0,0,6000,6000,0,0
055264,國巨永豐98購01  ,0,0,0,0,0,0,0,0,0,0,0,0,0,40000,40000,0,0
05439P,聯發科國票95售06,0,0,0,0,0,0,0,0,0,0,0,0,0,50000,50000,0,0
054792,揚明光群益97購01,0,0,0,0,0,0,0,0,0,0,0,0,0,272000,272000,0,0
054803,味全元大9A購01  ,0,0,0,0,0,0,0,0,0,0,0,0,0,282000,282000,0,0
054844,華邦電兆豐98購01,0,0,0,0,0,0,0,0,0,0,0,0,0,38000,38000,0,0
054540,泰鼎國票99購01  ,0,0,0,0,0,0,0,0,0,0,0,0,0,258000,258000,0,0
054607,台積電永豐97購03,0,0,0,0,0,0,0,0,0,0,0,0,0,360000,360000,0,0
05458P,台積電凱基97售02,0,0,0,0,0,0,0,0,0,0,0,0,0,10000,10000,0,0
054682,東元永豐97購01  ,0,0,0,0,0,0,0,0,0,0,0,0,0,68000,68000,0,0
05468P,鴻海元大96售14  ,0,0,0,0,0,0,0,0,0,0,0,0,0,15000,15000,0,0
054730,上証2X凱基98購02,0,0,0,0,0,0,0,0,0,0,0,0,0,620000,620000,0,0
055097,福懋科群益97購01,0,0,0,0,0,0,0,0,0,0,0,0,0,15000,15000,0,0
055390,國巨統一98購03  ,0,0,0,0,0,0,0,0,0,0,0,0,0,4000,4000,0,0
055340,華新科日盛97購01,0,0,0,0,0,0,0,0,0,0,0,0,0,90000,90000,0,0
055367,台積電元大97購23,0,0,0,0,0,0,0,0,0,0,0,0,0,2000,2000,0,0
053371,滬深2X元大99購01,0,0,0,0,0,0,0,0,0,0,0,0,0,100000,100000,0,0
05341P,臺股指兆豐95售02,0,0,0,0,0,0,0,0,0,0,0,0,0,10000,10000,0,0
053423,亞光永豐96購01  ,0,0,0,0,0,0,0,0,0,0,0,0,0,27000,27000,0,0
053037,國巨凱基96購08  ,0,0,0,0,0,0,0,0,0,0,0,0,0,30000,30000,0,0
053026,奇力新富邦98購01,0,0,0,0,0,0,0,0,0,0,0,0,0,22000,22000,0,0
053082,聯電元大98購03  ,0,0,0,0,0,0,0,0,0,0,0,0,0,31000,31000,0,0
055115,日月光凱基98購01,0,0,0,0,0,0,0,0,0,0,0,0,0,10000,10000,0,0
055142,健策永豐98購01  ,0,0,0,0,0,0,0,0,0,0,0,0,0,3000,3000,0,0
054232,台積電群益96購12,0,0,0,0,0,0,0,0,0,0,0,0,0,20000,20000,0,0
053281,茂林元大96購02  ,0,0,0,0,0,0,0,0,0,0,0,0,0,10000,10000,0,0
053352,義隆兆豐96購01  ,0,0,0,0,0,0,0,0,0,0,0,0,0,10000,10000,0,0
053614,台積電群益96購08,0,0,0,0,0,0,0,0,0,0,0,0,0,34000,34000,0,0
053631,欣興兆豐97購01  ,0,0,0,0,0,0,0,0,0,0,0,0,0,5000,5000,0,0
053229,南電台新97購01  ,0,0,0,0,0,0,0,0,0,0,0,0,0,15000,15000,0,0
053207,SP黃豆凱基96購01,0,0,0,0,0,0,0,0,0,0,0,0,0,344000,344000,0,0
053198,亞德客日盛96購01,0,0,0,0,0,0,0,0,0,0,0,0,0,3000,3000,0,0
053562,玉晶光國泰98購02,0,0,0,0,0,0,0,0,0,0,0,0,0,90000,90000,0,0
05347P,滬深2X元富9B售02,0,0,0,0,0,0,0,0,0,0,0,0,0,30000,30000,0,0
053489,上銀兆豐97購01  ,0,0,0,0,0,0,0,0,0,0,0,0,0,3000,3000,0,0
053463,可成富邦98購01  ,0,0,0,0,0,0,0,0,0,0,0,0,0,306000,306000,0,0
056104,義隆永豐97購01  ,0,0,0,0,0,0,0,0,0,0,0,0,0,15000,15000,0,0
056039,宏達電凱基97購02,0,0,0,0,0,0,0,0,0,0,0,0,0,200000,200000,0,0
055683,晶技凱基99購01  ,0,0,0,0,0,0,0,0,0,0,0,0,0,361000,361000,0,0
055720,宏達電元大97購05,0,0,0,0,0,0,0,0,0,0,0,0,0,1000,1000,0,0
055797,華通富邦98購01  ,0,0,0,0,0,0,0,0,0,0,0,0,0,10000,10000,0,0
05562P,鴻海元大96售16  ,0,0,0,0,0,0,0,0,0,0,0,0,0,86000,86000,0,0
055570,華通統一98購03  ,0,0,0,0,0,0,0,0,0,0,0,0,0,10000,10000,0,0
058773,和碩兆豐99購01  ,0,0,0,0,0,0,0,0,0,0,0,0,0,30000,30000,0,0
056299,友達元大9B購04  ,0,0,0,0,0,0,0,0,0,0,0,0,0,1000,1000,0,0
056622,高鐵永豐98購01  ,0,0,0,0,0,0,0,0,0,0,0,0,0,68000,68000,0,0
056655,旺宏元大99購02  ,0,0,0,0,0,0,0,0,0,0,0,0,0,9000,9000,0,0
056639,國產康和98購01  ,0,0,0,0,0,0,0,0,0,0,0,0,0,50000,50000,0,0
056555,矽創凱基98購01  ,0,0,0,0,0,0,0,0,0,0,0,0,0,1000,1000,0,0
05660P,玉晶光第一96售01,0,0,0,0,0,0,0,0,0,0,0,0,0,221000,221000,0,0
056593,台積電元富98購02,0,0,0,0,0,0,0,0,0,0,0,0,0,82000,82000,0,0
056504,國巨永豐98購02  ,0,0,0,0,0,0,0,0,0,0,0,0,0,41000,41000,0,0
056498,A50正2富邦9B購01,0,0,0,0,0,0,0,0,0,0,0,0,0,10000,10000,0,0
056508,揚明光永豐98購01,0,0,0,0,0,0,0,0,0,0,0,0,0,20000,20000,0,0
056449,義隆凱基98購03  ,0,0,0,0,0,0,0,0,0,0,0,0,0,20000,20000,0,0
05640P,旺宏元富96售03  ,0,0,0,0,0,0,0,0,0,0,0,0,0,260000,260000,0,0
056435,台積電凱基98購09,0,0,0,0,0,0,0,0,0,0,0,0,0,1000,1000,0,0
056947,國巨統一9A購01  ,0,0,0,0,0,0,0,0,0,0,0,0,0,47000,47000,0,0
056376,玉晶光統一98購01,0,0,0,0,0,0,0,0,0,0,0,0,0,40000,40000,0,0
056399,上証2X群益9C購01,0,0,0,0,0,0,0,0,0,0,0,0,0,500000,500000,0,0
056935,華新科元富98購02,0,0,0,0,0,0,0,0,0,0,0,0,0,100000,100000,0,0
058621,華通國票9A購01  ,0,0,0,0,0,0,0,0,0,0,0,0,0,4000,4000,0,0
057980,聯詠永豐98購01  ,0,0,0,0,0,0,0,0,0,0,0,0,0,9000,9000,0,0
058565,鴻海凱基9A購07  ,0,0,0,0,0,0,0,0,0,0,0,0,0,20000,20000,0,0
058734,康友永豐99購01  ,0,0,0,0,0,0,0,0,0,0,0,0,0,10000,10000,0,0
058694,鈺齊國票9A購02  ,0,0,0,0,0,0,0,0,0,0,0,0,0,2000,2000,0,0
058626,瑞昱國票9A購01  ,0,0,0,0,0,0,0,0,0,0,0,0,0,6000,6000,0,0
057910,華新科兆豐99購02,0,0,0,0,0,0,0,0,0,0,0,0,0,10000,10000,0,0
056816,華通永豐98購02  ,0,0,0,0,0,0,0,0,0,0,0,0,0,10000,10000,0,0
056817,國巨永豐98購04  ,0,0,0,0,0,0,0,0,0,0,0,0,0,16000,16000,0,0
056867,華通麥證98購01  ,0,0,0,0,10000,-10000,0,0,0,0,0,0,0,10000,10000,0,0
055911,可成凱基98購02  ,0,0,0,0,0,0,0,0,0,0,0,0,0,1000,1000,0,0
056714,晶相光永豐98購02,0,0,0,0,0,0,0,0,0,0,0,0,0,2000,2000,0,0
056731,國巨凱基98購04  ,0,0,0,0,0,0,0,0,0,0,0,0,0,18000,18000,0,0
056732,國巨凱基98購07  ,0,0,0,0,0,0,0,0,0,0,0,0,0,17000,17000,0,0
056737,國巨凱基9A購01  ,0,0,0,0,0,0,0,0,0,0,0,0,0,111000,111000,0,0
058264,瑞昱永豐99購01  ,0,0,0,0,0,0,0,0,0,0,0,0,0,26000,26000,0,0
055815,亞光國票99購01  ,0,0,0,0,0,0,0,0,0,0,0,0,0,10000,10000,0,0
058216,TPK群益99購01   ,0,0,0,0,0,0,0,0,0,0,0,0,0,11000,11000,0,0
05677P,玉晶光群益98售03,0,0,0,0,0,0,0,0,0,0,0,0,0,50000,50000,0,0
05594P,旺宏國票96售04  ,0,0,0,0,0,0,0,0,0,0,0,0,0,174000,174000,0,0
055926,國巨群益98購06  ,0,0,0,0,0,0,0,0,0,0,0,0,0,163000,163000,0,0
05592P,可成群益96售03  ,0,0,0,0,0,0,0,0,0,0,0,0,0,150000,150000,0,0
055930,可成群益98購01  ,0,0,0,0,0,0,0,0,0,0,0,0,0,8000,8000,0,0
058519,嘉澤元大99購01  ,0,0,0,0,0,0,0,0,0,0,0,0,0,28000,28000,0,0
055912,宏達電凱基98購03,0,0,0,0,0,0,0,0,0,0,0,0,0,2000,2000,0,0
057641,旺宏元大98購10  ,0,0,0,0,0,0,0,0,0,0,0,0,0,26000,26000,0,0
057020,台積電凱基99購02,0,0,0,0,0,0,0,0,0,0,0,0,0,30000,30000,0,0
057022,智邦凱基98購04  ,0,0,0,0,0,0,0,0,0,0,0,0,0,20000,20000,0,0
057019,台積電凱基98購14,0,0,0,0,0,0,0,0,0,0,0,0,0,40000,40000,0,0
05779P,台積電統一96售06,0,0,0,0,0,0,0,0,0,0,0,0,0,40000,40000,0,0
057797,大立光兆豐99購01,0,0,0,0,0,0,0,0,0,0,0,0,0,10000,10000,0,0
05781P,臺股指統一99售02,0,0,0,0,0,0,0,0,0,0,0,0,0,30000,30000,0,0
057821,晶相光元大98購03,0,0,0,0,0,0,0,0,0,0,0,0,0,2000,2000,0,0
05776P,鴻海統一98售02  ,0,0,0,0,0,0,0,0,0,0,0,0,0,11000,11000,0,0
057782,台積電國票99購07,0,0,0,0,0,0,0,0,0,0,0,0,0,30000,30000,0,0
057315,台灣50康和9A購03,0,0,0,0,0,0,0,0,0,0,0,0,0,271000,271000,0,0
057403,亞光群益98購04  ,0,0,0,0,0,0,0,0,0,0,0,0,0,9000,9000,0,0
057397,茂林中信9A購01  ,0,0,0,0,0,0,0,0,0,0,0,0,0,10000,10000,0,0
057370,可成元大98購07  ,0,0,0,0,0,0,0,0,0,0,0,0,0,4000,4000,0,0
057365,智邦元大98購07  ,0,0,0,0,0,0,0,0,0,0,0,0,0,6000,6000,0,0
057992,大立光日盛98購01,0,0,0,0,0,0,0,0,0,0,0,0,0,10000,10000,0,0
058023,南電凱基98購02  ,0,0,0,0,0,0,0,0,0,0,0,0,0,8000,8000,0,0
058044,鴻海元大99購07  ,0,0,0,0,0,0,0,0,0,0,0,0,0,63000,63000,0,0
058048,群創元大9B購07  ,0,0,0,0,0,0,0,0,0,0,0,0,0,20000,20000,0,0
058068,旺宏凱基98購11  ,0,0,0,0,0,0,0,0,0,0,0,0,0,24000,24000,0,0
057887,智原群益98購04  ,0,0,0,0,0,0,0,0,0,0,0,0,0,1000,1000,0,0
057827,康友元大98購03  ,0,0,0,0,0,0,0,0,0,0,0,0,0,5000,5000,0,0
057429,華新科兆豐98購03,0,0,0,0,0,0,0,0,0,0,0,0,0,10000,10000,0,0
056262,台積電統一98購04,0,0,0,0,0,0,0,0,0,0,0,0,0,74000,74000,0,0
056239,宏達電群益98購01,0,0,0,0,0,0,0,0,0,0,0,0,0,1000,1000,0,0
057101,新光金中信9A購01,0,0,0,0,0,0,0,0,0,0,0,0,0,10000,10000,0,0
057092,健策元富98購01  ,0,0,0,0,0,0,0,0,0,0,0,0,0,123000,123000,0,0
05717P,鴻海元大97售07  ,0,0,0,0,0,0,0,0,0,0,0,0,0,45000,45000,0,0
058959,南茂國票9A購01  ,0,0,0,0,0,0,0,0,0,0,0,0,0,10000,10000,0,0
057167,台積電元大99購03,0,0,0,0,0,0,0,0,0,0,0,0,0,232000,232000,0,0
058937,仁寶中信99購01  ,0,0,0,0,0,0,0,0,0,0,0,0,0,37000,37000,0,0
058998,鴻海元大99購22  ,0,0,0,0,0,0,0,0,0,0,0,0,0,84000,84000,0,0
058980,鴻海凱基99購06  ,0,0,0,0,0,0,0,0,0,0,0,0,0,28000,28000,0,0
058983,旺宏凱基99購05  ,0,0,0,0,0,0,0,0,0,0,0,0,0,6000,6000,0,0
059008,鈺齊元大99購03  ,0,0,0,0,0,0,0,0,0,0,0,0,0,11000,11000,0,0
059043,聯電日盛99購01  ,0,0,0,0,0,0,0,0,0,0,0,0,0,85000,85000,0,0
059331,台灣50國票9A購06,0,0,0,0,0,0,0,0,0,0,0,0,0,250000,250000,0,0
059363,超眾永豐99購02  ,0,0,0,0,0,0,0,0,0,0,0,0,0,10000,10000,0,0
059355,國巨富邦9B購03  ,0,0,0,0,0,0,0,0,0,0,0,0,0,2000,2000,0,0
059273,臺指反元大9C購03,0,0,0,0,0,0,0,0,0,0,0,0,0,96000,96000,0,0
059281,創意永豐99購02  ,0,0,0,0,0,0,0,0,0,0,0,0,0,64000,64000,0,0
059275,可成元大99購05  ,0,0,0,0,0,0,0,0,0,0,0,0,0,8000,8000,0,0
05925P,晶技永豐96售03  ,0,0,0,0,0,0,0,0,0,0,0,0,0,83000,83000,0,0
059260,國巨中信99購05  ,0,0,0,0,0,0,0,0,0,0,0,0,0,20000,20000,0,0
059382,台灣50凱基99購02,0,0,0,0,0,0,0,0,0,0,0,0,0,1000,1000,0,0
059495,台灣50元富9C購02,0,0,0,0,0,0,0,0,0,0,0,0,0,1000,1000,0,0
05914P,友達元大96售04  ,0,0,0,0,0,0,0,0,0,0,0,0,0,24000,24000,0,0
059145,創意國票99購02  ,0,0,0,0,0,0,0,0,0,0,0,0,0,6000,6000,0,0
059058,可成凱基9B購01  ,0,0,0,0,0,0,0,0,0,0,0,0,0,2000,2000,0,0
059059,宏達電凱基99購03,0,0,0,0,0,0,0,0,0,0,0,0,0,2000,2000,0,0
059054,國巨凱基99購11  ,0,0,0,0,0,0,0,0,0,0,0,0,0,179000,179000,0,0
059186,華通富邦9A購01  ,0,0,0,0,0,0,0,0,0,0,0,0,0,10000,10000,0,0
059200,京鼎永豐99購02  ,0,0,0,0,0,0,0,0,0,0,0,0,0,4000,4000,0,0
059156,台灣50凱基01購03,0,0,0,0,0,0,0,0,0,0,0,0,0,1000,1000,0,0
2002A,中鋼特          ,0,0,0,0,0,0,0,0,0,0,3000,3000,0,0,0,0,0
1441,大東            ,2000,2000,0,0,0,0,0,0,0,0,0,0,0,0,0,0,0
1444,力麗            ,294000,294000,0,0,0,0,0,0,0,0,0,0,0,0,0,0,0
2438,翔耀            ,2000,2000,0,0,0,0,0,0,0,0,0,0,0,0,0,0,0
2443,億麗            ,7000,7000,0,0,0,0,0,0,0,0,0,0,0,0,0,0,0
1232,大統益          ,3000,3000,0,0,0,0,0,0,0,0,0,0,0,0,0,0,0
07953P,健策元大9B售07  ,0,0,0,0,0,0,0,0,0,0,0,0,0,50000,50000,0,0
07905P,大立光群益9B售04,0,57000,-57000,0,0,0,0,0,0,57000,0,0,0,57000,0,57000,0
07808P,超眾永豐9A售04  ,0,0,0,0,0,0,0,0,0,0,0,0,0,1000,1000,0,0
07814P,華通群益9A售06  ,0,0,0,0,0,0,0,0,0,0,0,0,0,5000,5000,0,0
07825P,健策國泰9B售04  ,0,0,0,0,0,0,0,0,0,0,0,0,0,189000,189000,0,0
07590P,玉晶光國票9A售03,0,0,0,0,0,0,0,0,0,0,0,0,0,12000,12000,0,0
07585P,台灣50中信03售06,0,0,0,0,0,0,0,0,0,0,0,0,0,5000,5000,0,0
07618P,大立光中信9A售06,0,0,0,0,0,0,0,0,0,0,0,0,0,30000,30000,0,0
07693P,群創元大9B售10  ,0,0,0,0,0,0,0,0,0,0,0,0,0,12000,12000,0,0
07686P,祥碩凱基9A售02  ,0,0,0,0,0,0,0,0,0,0,0,0,0,20000,20000,0,0
07713P,台郡元大9A售03  ,0,0,0,0,0,0,0,0,0,0,0,0,0,13000,13000,0,0
07169P,臺股指國票99售06,0,0,0,0,0,0,0,0,0,0,0,0,0,9000,9000,0,0
07036P,台灣50台新9C售01,0,0,0,0,0,0,0,0,0,0,0,0,0,160000,160000,0,0
07083P,台積電統一9A售06,0,0,0,0,0,0,0,0,0,0,0,0,0,10000,10000,0,0
07307P,上証2X凱基9A售02,0,0,0,0,0,0,0,0,0,0,0,0,0,200000,200000,0,0
07197P,臺股指元大99售13,0,0,0,0,0,0,0,0,0,0,0,0,0,10000,10000,0,0
07248P,可成凱基99售06  ,0,0,0,0,0,0,0,0,0,0,0,0,0,20000,20000,0,0
07489P,國巨國票9A售07  ,0,0,0,0,0,0,0,0,0,0,0,0,0,20000,20000,0,0
07497P,鴻海元大9A售06  ,0,0,0,0,0,0,0,0,0,0,0,0,0,100000,100000,0,0
07450P,鴻海元大9A售03  ,0,0,0,0,0,0,0,0,0,0,0,0,0,102000,102000,0,0
07530P,聯發科凱基9A售11,0,0,0,0,0,0,0,0,0,0,0,0,0,10000,10000,0,0
07357P,鴻海元大99售38  ,0,0,0,0,0,0,0,0,0,0,0,0,0,50000,50000,0,0
07353P,大立光國票99售02,0,0,0,0,0,0,0,0,0,0,0,0,0,20000,20000,0,0
07322P,鴻海元大99售33  ,0,0,0,0,0,0,0,0,0,0,0,0,0,31000,31000,0,0
07373P,A50正2元大99售01,0,0,0,0,0,0,0,0,0,0,0,0,0,30000,30000,0,0
07374P,鴻海元大99售41  ,0,0,0,0,0,0,0,0,0,0,0,0,0,50000,50000,0,0
06843P,鴻海元大98售11  ,0,0,0,0,0,0,0,0,0,0,0,0,0,15000,15000,0,0
06848P,聯詠元大98售04  ,0,0,0,0,0,0,0,0,0,0,0,0,0,20000,20000,0,0
06873P,嘉晶元富98售02  ,0,0,0,0,0,0,0,0,0,0,0,0,0,25000,25000,0,0
06875P,台灣50永昌9A售02,0,0,0,0,0,0,0,0,0,0,0,0,0,55000,55000,0,0
06764P,聯發科元大98售11,0,0,0,0,0,0,0,0,0,0,0,0,0,35000,35000,0,0
06756P,臺股指永豐98售05,0,0,0,0,0,0,0,0,0,0,0,0,0,1000,1000,0,0
06760P,台積電元大98售18,0,0,0,0,0,0,0,0,0,0,0,0,0,262000,262000,0,0
06812P,台灣50元富9C售01,0,0,0,0,0,0,0,0,0,0,0,0,0,453000,453000,0,0
07005P,台積電統一9B售05,0,0,0,0,0,0,0,0,0,0,0,0,0,10000,10000,0,0
06992P,玉晶光日盛9B售01,0,0,0,0,0,0,0,0,0,0,0,0,0,30000,30000,0,0
07020P,玉晶光台新99售02,0,0,0,0,0,0,0,0,0,0,0,0,0,170000,170000,0,0
06964P,臺股指凱基9B售01,0,0,0,0,0,0,0,0,0,0,0,0,0,1000,1000,0,0
06900P,FBVIX國票12售01 ,0,0,0,0,0,0,0,0,0,0,0,0,0,5000,5000,0,0
06911P,鴻海元大99售09  ,0,0,0,0,0,0,0,0,0,0,0,0,0,85000,85000,0,0
06919P,臺股指日盛98售02,0,0,0,0,0,0,0,0,0,0,0,0,0,10000,10000,0,0
06486P,麗豐元大98售02  ,0,0,0,0,0,0,0,0,0,0,0,0,0,43000,43000,0,0
06461P,玉晶光國泰9A售01,0,0,0,0,0,0,0,0,0,0,0,0,0,19000,19000,0,0
06572P,台積電永昌99售01,0,0,0,0,0,0,0,0,0,0,0,0,0,997000,997000,0,0
06573P,台積電永昌99售02,0,0,0,0,0,0,0,0,0,0,0,0,0,150000,150000,0,0
06543P,鴻海元大98售08  ,0,0,0,0,0,0,0,0,0,0,0,0,0,67000,67000,0,0
06566P,華通永豐98售03  ,0,0,0,0,0,0,0,0,0,0,0,0,0,45000,45000,0,0
06620P,聯發科元大98售07,0,0,0,0,0,0,0,0,0,0,0,0,0,15000,15000,0,0
06615P,鴻海元大9C售02  ,0,0,0,0,0,0,0,0,0,0,0,0,0,5000,5000,0,0
06586P,鴻海元大9C售01  ,0,0,0,0,0,0,0,0,0,0,0,0,0,39000,39000,0,0
06593P,欣興元大98售05  ,0,0,0,0,0,0,0,0,0,0,0,0,0,7000,7000,0,0
06715P,台積電元大99售04,0,0,0,0,0,0,0,0,0,0,0,0,0,95000,95000,0,0
06737P,台郡凱基98售07  ,0,0,0,0,0,0,0,0,0,0,0,0,0,50000,50000,0,0
06740P,台灣50國泰9A售02,0,0,0,0,0,0,0,0,0,0,0,0,0,193000,193000,0,0
06741P,台積電富邦98售04,0,0,0,0,0,0,0,0,0,0,0,0,0,100000,100000,0,0
06642P,可成兆豐98售01  ,0,0,0,0,0,0,0,0,0,0,0,0,0,140000,140000,0,0
06644P,亞德客元大98售03,0,0,0,0,0,0,0,0,0,0,0,0,0,2000,2000,0,0
06649P,聯發科元大98售08,0,0,0,0,0,0,0,0,0,0,0,0,0,40000,40000,0,0
3686,達能            ,3000,3000,0,0,0,0,0,0,0,0,0,0,0,0,0,0,0
6115,鎰勝            ,11000,11000,0,0,0,0,0,0,0,0,0,0,0,0,0,0,0
8482,商億-KY         ,2000,2000,0,0,0,0,0,0,0,0,0,0,0,0,0,0,0
8940,新天地          ,1000,0,1000,0,0,0,0,0,0,-1000,0,1000,-1000,0,0,0,0
061115,電子類元大9A購02,0,0,0,0,0,0,0,0,0,-1000,0,0,0,0,1000,-1000,-1000
061135,聯發科統一9C購03,0,0,0,0,0,0,0,0,0,-1000,0,0,0,0,1000,-1000,-1000
061057,華新科國票9A購04,0,0,0,0,0,0,0,0,0,-1000,0,0,0,0,1000,-1000,-1000
061018,台積電國票9B購05,0,0,0,0,0,0,0,0,0,-1000,0,0,0,3000,4000,-1000,-1000
061201,FBVIX元大01購03 ,0,0,0,0,0,0,0,0,0,-1000,0,0,0,0,1000,-1000,-1000
061224,道瓊反中信01購01,0,0,0,0,0,0,0,0,0,-1000,0,0,0,26000,27000,-1000,-1000
061603,瑞昱凱基9A購02  ,0,0,0,0,0,0,0,0,0,-1000,0,0,0,68000,69000,-1000,-1000
06148P,台積電元大97售17,0,0,0,0,0,0,0,0,0,-1000,0,0,0,0,1000,-1000,-1000
06268P,聯詠凱基97售02  ,0,0,0,0,0,0,0,0,0,-1000,0,0,0,0,1000,-1000,-1000
06364P,鴻海凱基97售08  ,0,0,0,0,0,0,0,0,0,-1000,0,0,0,0,1000,-1000,-1000
06451P,聯發科元大98售04,0,0,0,0,0,0,0,0,0,-1000,0,0,0,0,1000,-1000,-1000
061981,聯發科元大9B購02,0,0,0,0,0,0,0,0,0,-1000,0,0,0,0,1000,-1000,-1000
06190P,玉晶光永豐97售05,0,0,0,0,0,0,0,0,0,-1000,0,0,0,10000,11000,-1000,-1000
060653,全新群益9A購02  ,0,0,0,0,0,0,0,0,0,-1000,0,0,0,583000,584000,-1000,-1000
06065P,大立光台新97售01,0,0,0,0,0,0,0,0,0,-1000,0,0,0,0,1000,-1000,-1000
060727,高股息中信9C購02,0,0,0,0,0,0,0,0,0,-1000,0,0,0,0,1000,-1000,-1000
060925,華新科永豐9A購01,0,0,0,0,0,0,0,0,0,-1000,0,0,0,0,1000,-1000,-1000
060407,南六國泰9C購01  ,0,0,0,0,0,0,0,0,0,-1000,0,0,0,4000,5000,-1000,-1000
060508,聯發科元大9A購04,0,0,0,0,0,0,0,0,0,-1000,0,0,0,0,1000,-1000,-1000
060501,鴻海元大9A購13  ,0,0,0,0,0,0,0,0,0,-1000,0,0,0,0,1000,-1000,-1000
059803,S&P正2元富9B購03,0,0,0,0,0,0,0,0,0,-1000,0,0,0,0,1000,-1000,-1000
059568,台積電凱基9A購13,0,0,0,0,0,0,0,0,0,-1000,0,0,0,6000,7000,-1000,-1000
059632,聯發科凱基01購01,0,0,0,0,0,0,0,0,0,-1000,0,0,0,0,1000,-1000,-1000
060026,聯發科富邦9B購05,0,0,0,0,0,0,0,0,0,-1000,0,0,0,16000,17000,-1000,-1000
06007P,世芯永豐96售01  ,0,0,0,0,0,0,0,0,0,-1000,0,0,0,200000,201000,-1000,-1000
060216,鴻海凱基9A購17  ,0,0,0,0,0,0,0,0,0,-1000,0,0,0,10000,11000,-1000,-1000
05320P,華通凱基96售03  ,0,0,0,0,0,0,0,0,0,-1000,0,0,0,2000,3000,-1000,-1000
053220,瀚宇博凱基98購01,0,0,0,0,0,0,0,0,0,-1000,0,0,0,0,1000,-1000,-1000
053304,可成凱基96購03  ,0,0,0,0,0,0,0,0,0,-1000,0,0,0,44000,45000,-1000,-1000
055141,牧德永豐98購02  ,0,0,0,0,0,0,0,0,0,-1000,0,0,0,0,1000,-1000,-1000
055147,鴻海元大97購11  ,0,0,0,0,0,0,0,0,0,-1000,0,0,0,0,1000,-1000,-1000
054767,日電貿國票98購01,0,0,0,0,0,0,0,0,0,-1000,0,0,0,15000,16000,-1000,-1000
054778,世紀鋼國票99購01,0,0,0,0,0,0,0,0,0,-1000,0,0,0,6000,7000,-1000,-1000
054662,同欣電元大97購02,0,0,0,0,0,0,0,0,0,-1000,0,0,0,49000,50000,-1000,-1000
055272,國巨元大98購04  ,0,0,0,0,0,0,0,0,0,-1000,0,0,0,0,1000,-1000,-1000
058271,訊連永豐99購01  ,0,0,0,0,0,0,0,0,0,-1000,0,0,0,0,1000,-1000,-1000
058368,奇鋐凱基9A購01  ,0,0,0,0,0,0,0,0,0,-1000,0,0,0,0,1000,-1000,-1000
058396,力山元大99購01  ,0,0,0,0,0,0,0,0,0,-1000,0,0,0,0,1000,-1000,-1000
058197,國巨中信99購02  ,0,0,0,0,0,0,0,0,0,-1000,0,0,0,0,1000,-1000,-1000
053979,健策元大98購01  ,0,0,0,0,0,0,0,0,0,-1000,0,0,0,0,1000,-1000,-1000
054933,南港元大97購01  ,0,0,0,0,0,0,0,0,0,-1000,0,0,0,0,1000,-1000,-1000
054946,億光元大97購01  ,0,0,0,0,0,0,0,0,0,-1000,0,0,0,0,1000,-1000,-1000
055409,元黃金富邦01購01,0,0,0,0,0,0,0,0,0,-1000,0,0,0,0,1000,-1000,-1000
054992,南亞科元富97購02,0,0,0,0,0,0,0,0,0,-1000,0,0,0,0,1000,-1000,-1000
051664,鴻海元大96購07  ,0,0,0,0,0,0,0,0,0,-1000,0,0,0,0,1000,-1000,-1000
052031,臺股指群益95購04,0,0,0,0,0,0,0,0,0,-1000,0,0,0,0,1000,-1000,-1000
052237,嘉澤國票96購02  ,0,0,0,0,0,0,0,0,0,-1000,0,0,0,0,1000,-1000,-1000
051484,玉晶光凱基97購01,0,0,0,0,0,0,0,0,0,-1000,0,0,0,10000,11000,-1000,-1000
051928,大立光中信96購03,0,0,0,0,0,0,0,0,0,-1000,0,0,0,0,1000,-1000,-1000
03425B,臺股指元大9A熊01,0,0,0,0,0,0,0,0,0,-1000,0,0,0,0,1000,-1000,-1000
048007,明基材元大96購01,0,0,0,0,0,0,0,0,0,-1000,0,0,0,9000,10000,-1000,-1000
052491,泰碩國票99購01  ,0,0,0,0,0,0,0,0,0,-1000,0,0,0,0,1000,-1000,-1000
03022X,富展01          ,0,0,0,0,0,0,0,0,0,-1000,0,0,0,2000,3000,-1000,-1000
03009X,元展09          ,0,0,0,0,0,0,0,0,0,-1000,0,0,0,0,1000,-1000,-1000
04974P,聯發科凱基96售02,0,0,0,0,0,0,0,0,0,-1000,0,0,0,1000,2000,-1000,-1000
00645,富邦日本        ,0,0,0,0,0,0,0,0,0,-1000,0,0,0,72000,73000,-1000,-1000
00682U,元大美元指數    ,0,0,0,0,0,0,0,0,0,-1000,0,0,0,0,1000,-1000,-1000
00702,國泰標普低波高息,3000,0,3000,0,0,0,0,0,0,-4000,0,0,0,0,4000,-4000,-1000
00732,國泰RMB短期報酬 ,0,4000,-4000,0,0,0,0,0,0,3000,0,0,0,100000,97000,3000,-1000
01001T,土銀富邦R1      ,0,0,0,0,0,0,0,0,0,-1000,0,1000,-1000,0,0,0,-1000
01003T,兆豐新光R1      ,0,1000,-1000,0,0,0,0,0,0,0,0,0,0,0,0,0,-1000
059112,上銀永豐99購01  ,0,0,0,0,0,0,0,0,0,-1000,0,0,0,0,1000,-1000,-1000
059334,A50正2國票9A購02,0,0,0,0,0,0,0,0,0,-1000,0,0,0,9000,10000,-1000,-1000
059007,南電元大99購05  ,0,0,0,0,0,0,0,0,0,-1000,0,0,0,0,1000,-1000,-1000
058961,台灣50兆豐9C購01,0,0,0,0,0,0,0,0,0,-1000,0,0,0,0,1000,-1000,-1000
05712P,友達統一97售03  ,0,0,0,0,0,0,0,0,0,-1000,0,0,0,5000,6000,-1000,-1000
057079,台積電統一9A購02,0,0,0,0,0,0,0,0,0,-1000,0,0,0,0,1000,-1000,-1000
056162,祥碩凱基97購03  ,0,0,0,0,0,0,0,0,0,-1000,0,0,0,13000,14000,-1000,-1000
058865,群創凱基01購01  ,0,0,0,0,0,0,0,0,0,-1000,0,0,0,68000,69000,-1000,-1000
058818,南電台新99購03  ,0,0,0,0,0,0,0,0,0,-1000,0,0,0,0,1000,-1000,-1000
05675P,美律群益97售01  ,0,0,0,0,0,0,0,0,0,-1000,0,0,0,0,1000,-1000,-1000
057600,大立光群益99購03,0,0,0,0,0,0,0,0,0,-1000,0,0,0,0,1000,-1000,-1000
056011,矽力中信99購01  ,0,0,0,0,0,0,0,0,0,-1000,0,0,0,0,1000,-1000,-1000
05585P,臺股指凱基96售14,0,0,0,0,0,0,0,0,0,-1000,0,0,0,0,1000,-1000,-1000
056876,群創凱基98購11  ,0,0,0,0,0,0,0,0,0,-1000,0,0,0,9000,10000,-1000,-1000
056811,健策統一9B購01  ,0,0,0,0,0,0,0,0,0,-1000,0,0,0,0,1000,-1000,-1000
057718,旺宏元富02購02  ,0,0,0,0,0,0,0,0,0,-1000,0,0,0,0,1000,-1000,-1000
058647,華新科永豐99購03,0,0,0,0,0,0,0,0,0,-1000,0,0,0,0,1000,-1000,-1000
058736,鈺齊永豐99購02  ,0,0,0,0,0,0,0,0,0,-1000,0,0,0,0,1000,-1000,-1000
058571,緯穎凱基9A購02  ,0,0,0,0,0,0,0,0,0,-1000,0,0,0,0,1000,-1000,-1000
058569,健策凱基9A購01  ,0,0,0,0,0,0,0,0,0,-1000,0,0,0,43000,44000,-1000,-1000
056671,台灣50元富9A購01,0,0,0,0,0,0,0,0,0,-1000,0,0,0,0,1000,-1000,-1000
058670,鴻海群益9A購03  ,0,0,0,0,0,0,0,0,0,-1000,0,0,0,109000,110000,-1000,-1000
056311,泰鼎元大98購01  ,0,0,0,0,0,0,0,0,0,-1000,0,0,0,0,1000,-1000,-1000
058772,茂林兆豐9A購01  ,0,0,0,0,0,0,0,0,0,-1000,0,0,0,0,1000,-1000,-1000
058897,國巨元大99購17  ,0,0,0,0,0,0,0,0,0,-1000,0,0,0,0,1000,-1000,-1000
05559P,臺股指麥證96售01,0,0,0,0,1000,-1000,0,0,0,-1000,0,0,0,0,1000,-1000,-1000
056087,世芯統一97購01  ,0,0,0,0,0,0,0,0,0,-1000,0,0,0,0,1000,-1000,-1000
9103,美德醫療-DR     ,0,1000,-1000,0,0,0,0,0,0,0,0,0,0,0,0,0,-1000
9925,新保            ,38000,39000,-1000,0,0,0,0,0,0,0,0,0,0,0,0,0,-1000
5906,台南-KY         ,4000,5000,-1000,0,0,0,0,0,0,0,0,0,0,0,0,0,-1000
3593,力銘            ,2000,3000,-1000,0,0,0,0,0,0,0,0,0,0,0,0,0,-1000
2910,統領            ,0,1000,-1000,0,0,0,0,0,0,0,0,0,0,0,0,0,-1000
06718P,聯詠元大98售01  ,0,0,0,0,0,0,0,0,0,-1000,0,0,0,0,1000,-1000,-1000
06595P,祥碩元大98售03  ,0,0,0,0,0,0,0,0,0,-1000,0,0,0,13000,14000,-1000,-1000
06590P,大立光元大98售13,0,0,0,0,0,0,0,0,0,-1000,0,0,0,0,1000,-1000,-1000
06468P,華新科統一98售02,0,0,0,0,0,0,0,0,0,-1000,0,0,0,0,1000,-1000,-1000
06473P,鴻海元大99售03  ,0,0,0,0,0,0,0,0,0,-1000,0,0,0,84000,85000,-1000,-1000
07013P,玉晶光群益9A售06,0,0,0,0,0,0,0,0,0,-1000,0,0,0,0,1000,-1000,-1000
07034P,大立光元富99售03,0,0,0,0,0,0,0,0,0,-1000,0,0,0,0,1000,-1000,-1000
06801P,技嘉群益99售02  ,0,0,0,0,0,0,0,0,0,-1000,0,0,0,3000,4000,-1000,-1000
06882P,聯發科群益98售07,0,0,0,0,0,0,0,0,0,-1000,0,0,0,0,1000,-1000,-1000
06883P,聯茂群益98售03  ,0,0,0,0,0,0,0,0,0,-1000,0,0,0,0,1000,-1000,-1000
07060P,台表科國票9A售01,0,0,0,0,0,0,0,0,0,-1000,0,0,0,93000,94000,-1000,-1000
07065P,臺股指元大9A售26,0,0,0,0,0,0,0,0,0,-1000,0,0,0,0,1000,-1000,-1000
07090P,台灣50凱基01售01,0,0,0,0,0,0,0,0,0,-1000,0,0,0,0,1000,-1000,-1000
07786P,南電中信9C售01  ,0,0,0,0,0,0,0,0,0,-1000,0,0,0,0,1000,-1000,-1000
07855P,旺宏凱基9A售09  ,0,0,0,0,0,0,0,0,0,-1000,0,0,0,19000,20000,-1000,-1000
07900P,臺股指凱基9B售03,0,0,0,0,0,0,0,0,0,-1000,0,0,0,0,1000,-1000,-1000
07867P,晶技元大9B售01  ,0,0,0,0,0,0,0,0,0,-1000,0,0,0,89000,90000,-1000,-1000
07956P,鴻海群益9B售06  ,0,0,0,0,0,0,0,0,0,-1000,0,0,0,0,1000,-1000,-1000
07942P,健策凱基9B售03  ,0,0,0,0,0,0,0,0,0,-1000,0,0,0,0,1000,-1000,-1000
07948P,大成鋼凱基9B售01,0,0,0,0,0,0,0,0,0,-1000,0,0,0,0,1000,-1000,-1000
07916P,臺股指元大9B售22,0,0,0,0,0,0,0,0,0,-1000,0,0,0,1000,2000,-1000,-1000
2429,銘旺科          ,1000,2000,-1000,0,0,0,0,0,0,0,0,0,0,0,0,0,-1000
1445,大宇            ,5000,6000,-1000,0,0,0,0,0,0,0,0,0,0,0,0,0,-1000
060220,華新科凱基9A購08,0,0,0,0,0,0,0,0,0,-2000,0,0,0,0,2000,-2000,-2000
060236,精元元大9C購01  ,0,0,0,0,0,0,0,0,0,-2000,0,0,0,0,2000,-2000,-2000
059571,奇力新凱基99購06,0,0,0,0,0,0,0,0,0,-2000,0,0,0,0,2000,-2000,-2000
059508,聯發科永豐99購03,0,0,0,0,0,0,0,0,0,-2000,0,0,0,0,2000,-2000,-2000
059883,T50反1國票99購02,0,0,0,0,0,0,0,0,0,-2000,0,0,0,118000,120000,-2000,-2000
060635,義隆永豐9A購01  ,0,0,0,0,0,0,0,0,0,-2000,0,0,0,21000,23000,-2000,-2000
06091P,華新科統一97售01,0,0,0,0,0,0,0,0,0,-2000,0,0,0,0,2000,-2000,-2000
060794,景碩永豐9A購02  ,0,0,0,0,0,0,0,0,0,-2000,0,0,0,10000,12000,-2000,-2000
061910,台積電中信05購03,0,0,0,0,0,0,0,0,0,-2000,0,0,0,0,2000,-2000,-2000
061940,世紀鋼國票9C購01,0,0,0,0,0,0,0,0,0,-2000,0,0,0,4000,6000,-2000,-2000
061827,台灣50凱基02購01,0,0,0,0,0,0,0,0,0,-2000,0,0,0,0,2000,-2000,-2000
061709,SP黃豆凱基01購02,0,0,0,0,0,0,0,0,0,-2000,0,0,0,0,2000,-2000,-2000
061765,義隆元大9B購01  ,0,0,0,0,0,0,0,0,0,-2000,0,0,0,55000,57000,-2000,-2000
062253,燿華元大9B購02  ,0,0,0,0,0,0,0,0,0,-2000,0,0,0,0,2000,-2000,-2000
062196,聯發科中信01購02,0,0,0,0,0,0,0,0,0,-2000,0,0,0,0,2000,-2000,-2000
061545,華新科群益9A購09,0,0,0,0,0,0,0,0,0,-2000,0,0,0,1000,3000,-2000,-2000
061581,貿聯元大9A購05  ,0,0,0,0,0,0,0,0,0,-2000,0,0,0,35000,37000,-2000,-2000
061559,南亞科國票9A購02,0,0,0,0,0,0,0,0,0,-2000,0,0,0,10000,12000,-2000,-2000
06135P,志超元富97售01  ,0,0,0,0,0,0,0,0,0,-2000,0,0,0,0,2000,-2000,-2000
061239,聯發科兆豐9A購01,0,0,0,0,0,0,0,0,0,-2000,0,0,0,1000,3000,-2000,-2000
061260,台積電凱基9A購23,0,0,0,0,0,0,0,0,0,-2000,0,0,0,3000,5000,-2000,-2000
061143,道瓊指中信9C購04,0,0,0,0,0,0,0,0,0,-2000,0,0,0,0,2000,-2000,-2000
020011,統一微波高息20N ,0,0,0,0,0,0,0,0,0,-2000,0,0,0,1000,3000,-2000,-2000
006203,元大MSCI台灣    ,0,0,0,0,0,0,0,0,0,-2000,0,0,0,1000,3000,-2000,-2000
049442,滬深2X統一99購01,0,0,0,0,0,0,0,0,0,-2000,0,0,0,0,2000,-2000,-2000
049254,台積電元大96購02,0,0,0,0,0,0,0,0,0,-2000,0,0,0,183000,185000,-2000,-2000
03012X,元展12          ,0,0,0,0,0,0,0,0,0,-2000,0,0,0,0,2000,-2000,-2000
047342,T50反1中信99購01,0,0,0,0,0,0,0,0,0,-2000,0,0,0,0,2000,-2000,-2000
047548,友達凱基99購03  ,0,0,0,0,0,0,0,0,0,-2000,0,0,0,0,2000,-2000,-2000
046949,群創元大99購01  ,0,0,0,0,0,0,0,0,0,-2000,0,0,0,0,2000,-2000,-2000
051769,矽力元大95購01  ,0,0,0,0,0,0,0,0,0,-2000,0,0,0,8000,10000,-2000,-2000
051424,緯穎國票97購01  ,0,0,0,0,0,0,0,0,0,-2000,0,0,0,0,2000,-2000,-2000
055432,臻鼎群益97購02  ,0,0,0,0,0,0,0,0,0,-2000,0,0,0,154000,156000,-2000,-2000
055304,瑞昱第一98購01  ,0,0,0,0,0,0,0,0,0,-2000,0,0,0,0,2000,-2000,-2000
055232,泰碩國票98購01  ,0,0,0,0,0,0,0,0,0,-2000,0,0,0,8000,10000,-2000,-2000
054515,華通元大98購02  ,0,0,0,0,0,0,0,0,0,-2000,0,0,0,0,2000,-2000,-2000
05368P,可成元富95售03  ,0,0,0,0,0,0,0,0,0,-2000,0,0,0,0,2000,-2000,-2000
053079,世紀鋼永豐96購01,0,0,0,0,0,0,0,0,0,-2000,0,0,0,0,2000,-2000,-2000
053406,國巨兆豐96購02  ,0,0,0,0,0,0,0,0,0,-2000,0,0,0,0,2000,-2000,-2000
055400,緯穎統一97購01  ,0,0,0,0,0,0,0,0,0,-2000,0,0,0,0,2000,-2000,-2000
055053,瑞昱永豐97購01  ,0,0,0,0,0,0,0,0,0,-2000,0,0,0,0,2000,-2000,-2000
054116,順德康和96購01  ,0,0,0,0,0,0,0,0,0,-2000,0,0,0,0,2000,-2000,-2000
056076,超眾元大97購05  ,0,0,0,0,0,0,0,0,0,-2000,0,0,0,0,2000,-2000,-2000
055545,國巨凱基97購06  ,0,0,0,0,0,0,0,0,0,-2000,0,0,0,109000,111000,-2000,-2000
056313,聯茂元大98購01  ,0,0,0,0,0,0,0,0,0,-2000,0,0,0,0,2000,-2000,-2000
056637,台光電日盛9A購01,0,0,0,0,0,0,0,0,0,-2000,0,0,0,2000,4000,-2000,-2000
056632,鴻海永昌98購01  ,0,0,0,0,0,0,0,0,0,-2000,0,0,0,0,2000,-2000,-2000
056576,晶技元大99購02  ,0,0,0,0,0,0,0,0,0,-2000,0,0,0,1000,3000,-2000,-2000
056385,創意國泰99購01  ,0,0,0,0,0,0,0,0,0,-2000,0,0,0,0,2000,-2000,-2000
058587,台積電中信9C購03,0,0,0,0,0,0,0,0,0,-2000,0,0,0,0,2000,-2000,-2000
058578,聯發科群益99購03,0,0,0,0,0,0,0,0,0,-2000,0,0,0,0,2000,-2000,-2000
058729,國巨永豐99購03  ,0,0,0,0,0,0,0,0,0,-2000,0,0,0,49000,51000,-2000,-2000
056782,鴻海群益98購04  ,0,0,0,0,0,0,0,0,0,-2000,0,0,0,0,2000,-2000,-2000
055934,景碩群益98購03  ,0,0,0,0,0,0,0,0,0,-2000,0,0,0,17000,19000,-2000,-2000
057324,億光群益98購01  ,0,0,0,0,0,0,0,0,0,-2000,0,0,0,2000,4000,-2000,-2000
057758,鴻海凱基99購03  ,0,0,0,0,0,0,0,0,0,-2000,0,0,0,11000,13000,-2000,-2000
057530,奇鋐元大99購01  ,0,0,0,0,0,0,0,0,0,-2000,0,0,0,22000,24000,-2000,-2000
057517,矽創元富98購02  ,0,0,0,0,0,0,0,0,0,-2000,0,0,0,106000,108000,-2000,-2000
057572,明泰永豐98購01  ,0,0,0,0,0,0,0,0,0,-2000,0,0,0,3000,5000,-2000,-2000
057897,華通富邦99購01  ,0,0,0,0,0,0,0,0,0,-2000,0,0,0,0,2000,-2000,-2000
057857,牧德國票99購01  ,0,0,0,0,0,0,0,0,0,-2000,0,0,0,390000,392000,-2000,-2000
05614P,臺股指康和96售03,0,0,0,0,0,0,0,0,0,-2000,0,0,0,0,2000,-2000,-2000
056150,台光電凱基98購02,0,0,0,0,0,0,0,0,0,-2000,0,0,0,5000,7000,-2000,-2000
058960,臺股指國票99購05,0,0,0,0,0,0,0,0,0,-2000,0,0,0,6000,8000,-2000,-2000
057180,華新科元大99購08,0,0,0,0,0,0,0,0,0,-2000,0,0,0,0,2000,-2000,-2000
059320,華新科元大99購15,0,0,0,0,0,0,0,0,0,-2000,0,0,0,0,2000,-2000,-2000
059287,華通元富99購03  ,0,0,0,0,0,0,0,0,0,-2000,0,0,0,0,2000,-2000,-2000
059386,上銀凱基99購07  ,0,0,0,0,0,0,0,0,0,-2000,0,0,0,0,2000,-2000,-2000
05943P,欣興凱基96售03  ,0,0,0,0,0,0,0,0,0,-2000,0,0,0,0,2000,-2000,-2000
059077,FBVIX元大99購05 ,0,0,0,0,0,0,0,0,0,-2000,0,0,0,0,2000,-2000,-2000
1416,廣豐            ,9000,11000,-2000,0,0,0,0,0,0,0,0,0,0,0,0,0,-2000
1541,錩泰            ,6000,3000,3000,0,0,0,0,0,0,-5000,0,5000,-5000,0,0,0,-2000
1805,寶徠            ,1000,3000,-2000,0,0,0,0,0,0,0,0,0,0,0,0,0,-2000
1730,花仙子          ,87000,89000,-2000,0,0,0,0,0,0,0,0,0,0,0,0,0,-2000
07915P,臺股指元大9B售21,0,0,0,0,0,0,0,0,0,-2000,0,0,0,0,2000,-2000,-2000
07851P,聯發科國票9A售05,0,0,0,0,0,0,0,0,0,-2000,0,0,0,0,2000,-2000,-2000
07780P,美律凱基9A售02  ,0,0,0,0,0,0,0,0,0,-2000,0,0,0,0,2000,-2000,-2000
07720P,臺股指群益9A售09,0,0,0,0,0,0,0,0,0,-2000,0,0,0,91000,93000,-2000,-2000
07737P,華通永豐9A售01  ,0,0,0,0,0,0,0,0,0,-2000,0,0,0,0,2000,-2000,-2000
07738P,玉晶光永豐9A售06,0,0,0,0,0,0,0,0,0,-2000,0,0,0,0,2000,-2000,-2000
07212P,聯發科凱基99售14,0,0,0,0,0,0,0,0,0,-2000,0,0,0,8000,10000,-2000,-2000
07267P,臺股指元大99售23,0,0,0,0,0,0,0,0,0,-2000,0,0,0,0,2000,-2000,-2000
07340P,鴻海凱基99售15  ,0,0,0,0,0,0,0,0,0,-2000,0,0,0,0,2000,-2000,-2000
07485P,台灣50凱基04售03,0,0,0,0,0,0,0,0,0,-2000,0,0,0,0,2000,-2000,-2000
06844P,智邦元大98售13  ,0,0,0,0,0,0,0,0,0,-2000,0,0,0,0,2000,-2000,-2000
06838P,台積電統一99售05,0,0,0,0,0,0,0,0,0,-2000,0,0,0,0,2000,-2000,-2000
06558P,旺宏元富98售02  ,0,0,0,0,0,0,0,0,0,-2000,0,0,0,5000,7000,-2000,-2000
06726P,欣興元富98售04  ,0,0,0,0,0,0,0,0,0,-2000,0,0,0,0,2000,-2000,-2000
06724P,台灣50國票98售01,0,0,0,0,0,0,0,0,0,-2000,0,0,0,2000,4000,-2000,-2000
3058,立德            ,9000,11000,-2000,0,0,0,0,0,0,0,0,0,0,0,0,0,-2000
2881A,富邦特          ,0,4000,-4000,0,0,0,0,0,0,2000,2000,0,2000,0,0,0,-2000
4763,材料-KY         ,12000,25000,-13000,0,0,0,0,0,0,11000,25000,14000,11000,0,0,0,-2000
4994,傳奇            ,13000,15000,-2000,0,0,0,0,0,0,0,0,0,0,0,0,0,-2000
8442,威宏-KY         ,1000,3000,-2000,0,0,0,0,0,0,0,0,0,0,0,0,0,-2000
061251,臺股指群益9A購02,0,0,0,0,0,0,0,0,0,-3000,0,0,0,1000,4000,-3000,-3000
061232,和大元大9A購03  ,0,0,0,0,0,0,0,0,0,-3000,0,0,0,0,3000,-3000,-3000
061301,華新科永豐9A購03,0,0,0,0,0,0,0,0,0,-3000,0,0,0,0,3000,-3000,-3000
062211,玉晶光台新9B購01,0,0,0,0,0,0,0,0,0,-3000,0,0,0,0,3000,-3000,-3000
062255,聯發科元大9B購07,0,0,0,0,0,0,0,0,0,-3000,0,0,0,5000,8000,-3000,-3000
06368P,台積電凱基97售15,0,0,0,0,0,0,0,0,0,-3000,0,0,0,0,3000,-3000,-3000
062019,嘉澤永豐9B購01  ,0,0,0,0,0,0,0,0,0,-3000,0,0,0,202000,205000,-3000,-3000
062111,台勝科國票9B購01,0,0,0,0,0,0,0,0,0,-3000,0,0,0,0,3000,-3000,-3000
06216P,上銀元富97售03  ,0,0,0,0,0,0,0,0,0,-3000,0,0,0,0,3000,-3000,-3000
061833,華新科凱基02購01,0,0,0,0,0,0,0,0,0,-3000,0,0,0,10000,13000,-3000,-3000
061982,聯發科元大9B購03,0,0,0,0,0,0,0,0,0,-3000,0,0,0,0,3000,-3000,-3000
060683,泰鼎元大9A購02  ,0,0,0,0,0,0,0,0,0,-3000,0,0,0,219000,222000,-3000,-3000
060930,超眾永豐9A購03  ,0,0,0,0,0,0,0,0,0,-3000,0,0,0,0,3000,-3000,-3000
060520,臺指2X中信01購02,0,0,0,0,0,0,0,0,0,-3000,0,0,0,0,3000,-3000,-3000
060429,南六永豐9A購01  ,0,0,0,0,0,0,0,0,0,-3000,0,0,0,3000,6000,-3000,-3000
059907,道瓊指元大99購03,0,0,0,0,0,0,0,0,0,-3000,0,0,0,10000,13000,-3000,-3000
059790,立積元大9C購02  ,0,0,0,0,0,0,0,0,0,-3000,0,0,0,0,3000,-3000,-3000
059538,健策凱基99購03  ,0,0,0,0,0,0,0,0,0,-3000,0,0,0,0,3000,-3000,-3000
059708,立積凱基9A購02  ,0,0,0,0,0,0,0,0,0,-3000,0,0,0,0,3000,-3000,-3000
054130,漢唐元大97購02  ,0,0,0,0,0,0,0,0,0,-3000,0,0,0,5000,8000,-3000,-3000
055326,緯穎國票97購06  ,0,0,0,0,0,0,0,0,0,-3000,0,0,0,0,3000,-3000,-3000
053407,台積電兆豐96購02,0,0,0,0,0,0,0,0,0,-3000,0,0,0,0,3000,-3000,-3000
053280,群創元大9C購01  ,0,0,0,0,0,0,0,0,0,-3000,0,0,0,0,3000,-3000,-3000
054499,台光電永豐96購02,0,0,0,0,0,0,0,0,0,-3000,0,0,0,10000,13000,-3000,-3000
058269,世芯永豐9A購01  ,0,0,0,0,0,0,0,0,0,-3000,0,0,0,6000,9000,-3000,-3000
058312,大毅國泰9B購01  ,0,0,0,0,0,0,0,0,0,-3000,0,0,0,13000,16000,-3000,-3000
058309,大毅元大99購02  ,0,0,0,0,0,0,0,0,0,-3000,0,0,0,1000,4000,-3000,-3000
058146,勤誠元大99購01  ,0,0,0,0,0,0,0,0,0,-3000,0,0,0,16000,19000,-3000,-3000
058147,鈺齊元大99購01  ,0,0,0,0,0,0,0,0,0,-3000,0,0,0,4000,7000,-3000,-3000
058117,元石油群益9B購02,0,0,0,0,0,0,0,0,0,-3000,0,0,0,0,3000,-3000,-3000
054961,玉晶光元大99購01,0,0,0,0,0,0,0,0,0,-3000,0,0,0,0,3000,-3000,-3000
051780,矽力群益95購01  ,0,0,0,0,0,0,0,0,0,-3000,0,0,0,10000,13000,-3000,-3000
050315,和碩兆豐95購01  ,0,0,0,0,0,0,0,0,0,-3000,0,0,0,0,3000,-3000,-3000
050202,建準群益95購01  ,0,0,0,0,0,0,0,0,0,-3000,0,0,0,0,3000,-3000,-3000
047211,華新科富邦99購01,0,0,0,0,0,0,0,0,0,-3000,0,0,0,0,3000,-3000,-3000
045055,聯發科元富98購03,0,0,0,0,0,0,0,0,0,-3000,0,0,0,7000,10000,-3000,-3000
048179,臻鼎富邦97購01  ,0,0,0,0,0,0,0,0,0,-3000,0,0,0,3000,6000,-3000,-3000
052766,玉晶光群益9A購01,0,0,0,0,0,0,0,0,0,-3000,0,0,0,19000,22000,-3000,-3000
052590,祥碩永豐96購01  ,0,0,0,0,0,0,0,0,0,-3000,0,0,0,176000,179000,-3000,-3000
04434P,玉晶光國票96售02,0,0,0,0,0,0,0,0,0,-3000,0,0,0,2000,5000,-3000,-3000
03430B,臺股指元大9B熊01,0,0,0,0,0,0,0,0,0,-3000,0,0,0,0,3000,-3000,-3000
049200,元黃金群益98購01,0,0,0,0,0,0,0,0,0,-3000,0,0,0,0,3000,-3000,-3000
049759,元黃金富邦9A購01,0,0,0,0,0,0,0,0,0,-3000,0,0,0,0,3000,-3000,-3000
0057,富邦摩台        ,0,0,0,0,0,0,0,0,0,-3000,0,0,0,85000,88000,-3000,-3000
00661,元大日經225     ,0,0,0,0,0,0,0,0,0,-3000,0,0,0,0,3000,-3000,-3000
01004T,土銀富邦R2      ,0,3000,-3000,0,0,0,0,0,0,0,0,0,0,0,0,0,-3000
00688L,國泰20年美債正2 ,0,0,0,0,0,0,0,0,0,-3000,0,0,0,100000,103000,-3000,-3000
05908P,大立光元富96售05,0,0,0,0,0,0,0,0,0,-3000,0,0,0,47000,50000,-3000,-3000
059163,台積電凱基99購10,0,0,0,0,0,0,0,0,0,-3000,0,0,0,0,3000,-3000,-3000
059219,旺宏元大99購12  ,0,0,0,0,0,0,0,0,0,-3000,0,0,0,0,3000,-3000,-3000
059415,台灣50元大9A購03,0,0,0,0,0,0,0,0,0,-3000,0,0,0,2000,5000,-3000,-3000
059015,華通元富99購02  ,0,0,0,0,0,0,0,0,0,-3000,0,0,0,0,3000,-3000,-3000
056158,新日興凱基98購02,0,0,0,0,0,0,0,0,0,-3000,0,0,0,0,3000,-3000,-3000
056205,貿聯永豐97購01  ,0,0,0,0,0,0,0,0,0,-3000,0,0,0,0,3000,-3000,-3000
057864,奇力新凱基99購03,0,0,0,0,0,0,0,0,0,-3000,0,0,0,0,3000,-3000,-3000
057273,智邦元大98購05  ,0,0,0,0,0,0,0,0,0,-3000,0,0,0,0,3000,-3000,-3000
057563,旭富國泰9A購01  ,0,0,0,0,0,0,0,0,0,-3000,0,0,0,0,3000,-3000,-3000
057768,華新科中信9A購01,0,0,0,0,0,0,0,0,0,-3000,0,0,0,0,3000,-3000,-3000
057770,亞德客群益98購01,0,0,0,0,0,0,0,0,0,-3000,0,0,0,10000,13000,-3000,-3000
057031,滬深反元大9B購02,0,0,0,0,0,0,0,0,0,-3000,0,0,0,0,3000,-3000,-3000
057329,緯穎群益98購02  ,0,0,0,0,0,0,0,0,0,-3000,0,0,0,90000,93000,-3000,-3000
058806,道瓊銀統一9B購01,0,0,0,0,0,0,0,0,0,-3000,0,0,0,2000,5000,-3000,-3000
057659,台表科兆豐98購01,0,0,0,0,0,0,0,0,0,-3000,0,0,0,282000,285000,-3000,-3000
057670,欣興元大99購02  ,0,0,0,0,0,0,0,0,0,-3000,0,0,0,20000,23000,-3000,-3000
056694,欣興群益98購04  ,0,0,0,0,0,0,0,0,0,-3000,0,0,0,147000,150000,-3000,-3000
056621,宏達電永豐98購01,0,0,0,0,0,0,0,0,0,-3000,0,0,0,0,3000,-3000,-3000
9942,茂順            ,21000,24000,-3000,0,0,0,0,0,0,0,0,0,0,0,0,0,-3000
2491,吉祥全          ,0,3000,-3000,0,0,0,0,0,0,0,0,0,0,0,0,0,-3000
07028P,大立光群益99售06,0,0,0,0,0,0,0,0,0,-3000,0,0,0,0,3000,-3000,-3000
07443P,鴻海凱基9A售18  ,0,0,0,0,0,0,0,0,0,-3000,0,0,0,0,3000,-3000,-3000
07399P,鴻海凱基99售19  ,0,0,0,0,0,0,0,0,0,-3000,0,0,0,0,3000,-3000,-3000
07288P,台灣50凱基99售06,0,0,0,0,0,0,0,0,0,-3000,0,0,0,0,3000,-3000,-3000
07229P,T50正2群益9A售01,0,0,0,0,0,0,0,0,0,-3000,0,0,0,0,3000,-3000,-3000
07182P,臺股指凱基99售24,0,0,0,0,0,0,0,0,0,-3000,0,0,0,0,3000,-3000,-3000
07141P,台灣50國票9A售03,0,0,0,0,0,0,0,0,0,-3000,0,0,0,0,3000,-3000,-3000
07765P,台積電群益9A售06,0,0,0,0,0,0,0,0,0,-3000,0,0,0,17000,20000,-3000,-3000
07575P,瑞昱元大9A售02  ,0,0,0,0,0,0,0,0,0,-3000,0,0,0,1000,4000,-3000,-3000
07901P,臺股指凱基9B售04,0,0,0,0,0,0,0,0,0,-3000,0,0,0,0,3000,-3000,-3000
1521,大億            ,4000,7000,-3000,0,0,0,0,0,0,0,0,0,0,0,0,0,-3000
2414,精技            ,30000,33000,-3000,0,0,0,0,0,0,0,0,0,0,0,0,0,-3000
2010,春源            ,50000,53801,-3801,0,0,0,0,0,0,0,0,0,0,0,0,0,-3801
05973P,聯詠元大96售06  ,0,0,0,0,0,0,0,0,0,-4000,0,0,0,0,4000,-4000,-4000
060316,福懋科永豐9A購01,0,0,0,0,0,0,0,0,0,-4000,0,0,0,0,4000,-4000,-4000
060362,建準元富9A購02  ,0,0,0,0,0,0,0,0,0,-4000,0,0,0,20000,24000,-4000,-4000
060355,元金2X元富9C購01,0,0,0,0,0,0,0,0,0,-4000,0,0,0,12000,16000,-4000,-4000
060608,玉晶光凱基9A購08,0,0,0,0,0,0,0,0,0,-4000,0,0,0,9000,13000,-4000,-4000
060565,大立光富邦01購01,0,0,0,0,0,0,0,0,0,-4000,0,0,0,0,4000,-4000,-4000
060964,日月光凱基9A購01,0,0,0,0,0,0,0,0,0,-4000,0,0,0,199000,203000,-4000,-4000
061912,台積電中信05購05,0,0,0,0,0,0,0,0,0,-4000,0,0,0,0,4000,-4000,-4000
061784,聯發科群益9B購02,0,0,0,0,0,0,0,0,0,-4000,0,0,0,0,4000,-4000,-4000
061400,可成兆豐9B購02  ,0,0,0,0,0,0,0,0,0,-4000,0,0,0,1000,5000,-4000,-4000
061502,嘉澤國票9A購02  ,0,0,0,0,0,0,0,0,0,-4000,0,0,0,56000,60000,-4000,-4000
04869P,鴻海元富95售02  ,0,0,0,0,0,0,0,0,0,-4000,0,0,0,0,4000,-4000,-4000
04928P,大立光凱基95售07,0,0,0,0,0,0,0,0,0,-4000,0,0,0,1000,5000,-4000,-4000
03566P,臺股指日盛03售01,0,0,0,0,0,0,0,0,0,-4000,0,0,0,12000,16000,-4000,-4000
05282P,可成元大95售09  ,0,0,0,0,0,0,0,0,0,-4000,0,0,0,0,4000,-4000,-4000
03052X,元展49          ,0,0,0,0,0,0,0,0,0,-4000,0,0,0,0,4000,-4000,-4000
052006,康友富邦98購01  ,0,0,0,0,0,0,0,0,0,-4000,0,0,0,0,4000,-4000,-4000
051727,S&P反1國票97購01,0,0,0,0,0,0,0,0,0,-4000,0,0,0,0,4000,-4000,-4000
051728,道瓊反國票97購01,0,0,0,0,0,0,0,0,0,-4000,0,0,0,0,4000,-4000,-4000
053977,新日興元大96購03,0,0,0,0,0,0,0,0,0,-4000,0,0,0,1000,5000,-4000,-4000
058167,鴻海凱基9A購03  ,0,0,0,0,0,0,0,0,0,-4000,0,0,0,20000,24000,-4000,-4000
053066,欣興群益96購02  ,0,0,0,0,0,0,0,0,0,-4000,0,0,0,66000,70000,-4000,-4000
054588,玉晶光國泰99購02,0,0,0,0,0,0,0,0,0,-4000,0,0,0,11000,15000,-4000,-4000
054739,義隆凱基98購02  ,0,0,0,0,0,0,0,0,0,-4000,0,0,0,21000,25000,-4000,-4000
054716,緯穎康和97購01  ,0,0,0,0,0,0,0,0,0,-4000,0,0,0,141000,145000,-4000,-4000
055217,緯創凱基97購02  ,0,0,0,0,0,0,0,0,0,-4000,0,0,0,62000,66000,-4000,-4000
053494,南亞科兆豐96購02,0,0,0,0,0,0,0,0,0,-4000,0,0,0,8000,12000,-4000,-4000
053408,友達兆豐98購01  ,0,0,0,0,0,0,0,0,0,-4000,0,0,0,0,4000,-4000,-4000
05337P,臺股指國票95售06,0,0,0,0,0,0,0,0,0,-4000,0,0,0,1000,5000,-4000,-4000
056625,致伸永豐98購01  ,0,0,0,0,0,0,0,0,0,-4000,0,0,0,0,4000,-4000,-4000
05631P,國巨富邦9A售01  ,0,0,0,0,0,0,0,0,0,-4000,0,0,0,0,4000,-4000,-4000
055645,技嘉元富97購01  ,0,0,0,0,0,0,0,0,0,-4000,0,0,0,0,4000,-4000,-4000
055605,緯穎元大97購02  ,0,0,0,0,0,0,0,0,0,-4000,0,0,0,0,4000,-4000,-4000
058758,台積電群益99購05,0,0,0,0,0,0,0,0,0,-4000,0,0,0,0,4000,-4000,-4000
05573P,仁寶元富96售02  ,0,0,0,0,0,0,0,0,0,-4000,0,0,0,0,4000,-4000,-4000
058225,旺宏元富99購01  ,0,0,0,0,0,0,0,0,0,-4000,0,0,0,10000,14000,-4000,-4000
057657,國巨兆豐98購04  ,0,0,0,0,0,0,0,0,0,-4000,0,0,0,0,4000,-4000,-4000
058632,世紀鋼國票9A購01,0,0,0,0,0,0,0,0,0,-4000,0,0,0,4000,8000,-4000,-4000
057742,喬山永豐98購02  ,0,0,0,0,0,0,0,0,0,-4000,0,0,0,0,4000,-4000,-4000
057949,南電國票99購01  ,0,0,0,0,0,0,0,0,0,-4000,0,0,0,15000,19000,-4000,-4000
057935,晶技群益98購02  ,0,0,0,0,0,0,0,0,0,-4000,0,0,0,1000,5000,-4000,-4000
057918,旺宏凱基99購01  ,0,0,0,0,0,0,0,0,0,-4000,0,0,0,41000,45000,-4000,-4000
057340,玉晶光元富98購04,0,0,0,0,0,0,0,0,0,-4000,0,0,0,249000,253000,-4000,-4000
057766,矽力凱基98購03  ,0,0,0,0,0,0,0,0,0,-4000,0,0,0,34000,38000,-4000,-4000
05778P,台積電統一96售05,0,0,0,0,0,0,0,0,0,-4000,0,0,0,1000,5000,-4000,-4000
057117,開發金日盛9B購01,0,0,0,0,0,0,0,0,0,-4000,0,0,0,0,4000,-4000,-4000
056191,世紀鋼統一97購01,0,0,0,0,0,0,0,0,0,-4000,0,0,0,3000,7000,-4000,-4000
058986,華新科凱基9A購03,0,0,0,0,0,0,0,0,0,-4000,0,0,0,0,4000,-4000,-4000
059257,臺股指凱基99購35,0,0,0,0,0,0,0,0,0,-4000,0,0,0,2000,6000,-4000,-4000
059357,華通永豐99購01  ,0,0,0,0,0,0,0,0,0,-4000,0,0,0,0,4000,-4000,-4000
059133,臺股指群益99購08,0,0,0,0,0,0,0,0,0,-4000,0,0,0,3000,7000,-4000,-4000
2431,聯昌            ,23000,27000,-4000,0,0,0,0,0,0,0,0,0,0,0,0,0,-4000
07930P,聯發科統一9B售06,0,0,0,0,0,0,0,0,0,-4000,0,0,0,0,4000,-4000,-4000
07609P,台灣50國票9C售04,0,0,0,0,0,0,0,0,0,-4000,0,0,0,6000,10000,-4000,-4000
07109P,聯發科中信9B售02,0,0,0,0,0,0,0,0,0,-4000,0,0,0,15000,19000,-4000,-4000
07128P,大毅元大99售04  ,0,0,0,0,0,0,0,0,0,-4000,0,0,0,250000,254000,-4000,-4000
07242P,台灣50凱基9A售03,0,0,0,0,0,0,0,0,0,-4000,0,0,0,10000,14000,-4000,-4000
07472P,和碩元大9A售03  ,0,0,0,0,0,0,0,0,0,-4000,0,0,0,1000,5000,-4000,-4000
06960P,國巨凱基99售08  ,0,0,0,0,0,0,0,0,0,-4000,0,0,0,10000,14000,-4000,-4000
06803P,臺股指群益98售09,0,0,0,0,0,0,0,0,0,-4000,0,0,0,7000,11000,-4000,-4000
06630P,國巨群益98售08  ,0,0,0,0,0,0,0,0,0,-4000,0,0,0,6000,10000,-4000,-4000
2528,皇普            ,5000,9000,-4000,0,0,0,0,0,0,0,0,0,0,0,0,0,-4000
4930,燦星網          ,5000,10000,-5000,0,0,0,0,0,0,1000,1000,0,1000,0,0,0,-4000
6183,關貿            ,9000,13000,-4000,0,0,0,0,0,0,0,0,0,0,0,0,0,-4000
061589,世紀鋼富邦9B購01,0,100000,-100000,0,0,0,0,0,0,95000,0,0,0,125000,30000,95000,-5000
061252,臺股指群益9A購03,0,0,0,0,0,0,0,0,0,-5000,0,0,0,0,5000,-5000,-5000
06118P,上証2X凱基98售03,0,0,0,0,0,0,0,0,0,-5000,0,0,0,0,5000,-5000,-5000
061014,台積電麥證9A購04,0,0,0,0,5000,-5000,0,0,0,-5000,0,0,0,0,5000,-5000,-5000
061063,國巨凱基9A購14  ,0,0,0,0,0,0,0,0,0,-5000,0,0,0,30000,35000,-5000,-5000
061052,和大群益9A購01  ,0,0,0,0,0,0,0,0,0,-5000,0,0,0,0,5000,-5000,-5000
061139,玉晶光統一9C購02,0,0,0,0,0,0,0,0,0,-5000,0,0,0,20000,25000,-5000,-5000
061080,華邦電兆豐9B購01,0,0,0,0,0,0,0,0,0,-5000,0,0,0,20000,25000,-5000,-5000
061730,旺宏統一01購02  ,0,0,0,0,0,0,0,0,0,-5000,0,0,0,0,5000,-5000,-5000
061839,華新科凱基05購04,0,0,0,0,0,0,0,0,0,-5000,0,0,0,0,5000,-5000,-5000
061858,南電國票9B購02  ,0,0,0,0,0,0,0,0,0,-5000,0,0,0,11000,16000,-5000,-5000
062150,南六國票9B購01  ,0,0,0,0,0,0,0,0,0,-5000,0,0,0,0,5000,-5000,-5000
06398P,禾伸堂凱基97售02,0,0,0,0,0,0,0,0,0,-5000,0,0,0,0,5000,-5000,-5000
062267,滬深2X群益01購05,0,0,0,0,0,0,0,0,0,-5000,0,0,0,0,5000,-5000,-5000
06234P,亞德客元大97售02,0,0,0,0,0,0,0,0,0,-5000,0,0,0,0,5000,-5000,-5000
060824,旺宏元大9A購06  ,0,0,0,0,0,0,0,0,0,-5000,0,0,0,0,5000,-5000,-5000
060837,上銀國票9A購04  ,0,0,0,0,0,0,0,0,0,-5000,0,0,0,4000,9000,-5000,-5000
060841,宏達電國票9B購01,0,0,0,0,0,0,0,0,0,-5000,0,0,0,8000,13000,-5000,-5000
060855,華新科富邦01購01,0,0,0,0,0,0,0,0,0,-5000,0,0,0,0,5000,-5000,-5000
060778,臺股指凱基9A購06,0,0,0,0,0,0,0,0,0,-5000,0,0,0,0,5000,-5000,-5000
060559,世紀鋼凱基9C購01,0,0,0,0,0,0,0,0,0,-5000,0,0,0,0,5000,-5000,-5000
060524,國巨中信9A購03  ,0,0,0,0,0,0,0,0,0,-5000,0,0,0,0,5000,-5000,-5000
059636,宏達電凱基99購05,0,0,0,0,0,0,0,0,0,-5000,0,0,0,1000,6000,-5000,-5000
059860,台積電群益9A購02,0,0,0,0,0,0,0,0,0,-5000,0,0,0,48000,53000,-5000,-5000
059953,聯發科康和99購01,0,0,0,0,0,0,0,0,0,-5000,0,0,0,0,5000,-5000,-5000
060209,喬山康和9A購01  ,0,0,0,0,0,0,0,0,0,-5000,0,0,0,0,5000,-5000,-5000
06016P,京元電凱基96售03,0,0,0,0,0,0,0,0,0,-5000,0,0,0,0,5000,-5000,-5000
060157,致茂永豐9A購02  ,0,0,0,0,0,0,0,0,0,-5000,0,0,0,15000,20000,-5000,-5000
060143,台積電國票9B購03,0,0,0,0,0,0,0,0,0,-5000,0,0,0,0,5000,-5000,-5000
060151,旺宏富邦9A購02  ,0,0,0,0,0,0,0,0,0,-5000,0,0,0,10000,15000,-5000,-5000
053411,深中小國票9B購01,0,0,0,0,0,0,0,0,0,-5000,0,0,0,5000,10000,-5000,-5000
05305P,華新科國泰97售01,0,0,0,0,0,0,0,0,0,-5000,0,0,0,95000,100000,-5000,-5000
054117,宏全康和96購01  ,0,0,0,0,0,0,0,0,0,-5000,0,0,0,0,5000,-5000,-5000
054066,緯穎國票97購03  ,0,0,0,0,0,0,0,0,0,-5000,0,0,0,2000,7000,-5000,-5000
053491,鴻海兆豐97購02  ,0,0,0,0,0,0,0,0,0,-5000,0,0,0,0,5000,-5000,-5000
053472,漢唐元大96購02  ,0,0,0,0,0,0,0,0,0,-5000,0,0,0,0,5000,-5000,-5000
053443,智邦凱基97購01  ,0,0,0,0,0,0,0,0,0,-5000,0,0,0,1000,6000,-5000,-5000
053516,茂林群益96購05  ,0,0,0,0,0,0,0,0,0,-5000,0,0,0,5000,10000,-5000,-5000
053638,信邦永豐96購01  ,0,0,0,0,0,0,0,0,0,-5000,0,0,0,54000,59000,-5000,-5000
053332,創意永豐96購03  ,0,0,0,0,0,0,0,0,0,-5000,0,0,0,100000,105000,-5000,-5000
053349,台郡國票97購02  ,0,0,0,0,0,0,0,0,0,-5000,0,0,0,0,5000,-5000,-5000
054213,欣興國票97購04  ,0,0,0,0,0,0,0,0,0,-5000,0,0,0,9000,14000,-5000,-5000
054731,S&P反1凱基98購01,0,0,0,0,0,0,0,0,0,-5000,0,0,0,0,5000,-5000,-5000
054768,泰碩國票99購02  ,0,0,0,0,0,0,0,0,0,-5000,0,0,0,8000,13000,-5000,-5000
054298,台表科元大97購03,0,0,0,0,0,0,0,0,0,-5000,0,0,0,8000,13000,-5000,-5000
054796,康普群益98購01  ,0,0,0,0,0,0,0,0,0,-5000,0,0,0,0,5000,-5000,-5000
054791,泰碩群益99購02  ,0,0,0,0,0,0,0,0,0,-5000,0,0,0,0,5000,-5000,-5000
054760,台化國票9A購01  ,0,0,0,0,0,0,0,0,0,-5000,0,0,0,0,5000,-5000,-5000
055812,台積電國票99購02,0,0,0,0,0,0,0,0,0,-5000,0,0,0,0,5000,-5000,-5000
058311,緯穎元大99購05  ,0,0,0,0,0,0,0,0,0,-5000,0,0,0,0,5000,-5000,-5000
053900,T50反1日盛99購01,0,0,0,0,0,0,0,0,0,-5000,0,0,0,0,5000,-5000,-5000
054907,帆宣康和97購01  ,0,0,0,0,0,0,0,0,0,-5000,0,0,0,0,5000,-5000,-5000
054889,京鼎統一99購01  ,0,0,0,0,0,0,0,0,0,-5000,0,0,0,0,5000,-5000,-5000
054875,群電群益97購01  ,0,0,0,0,0,0,0,0,0,-5000,0,0,0,0,5000,-5000,-5000
053849,聯發科元富96購04,0,0,0,0,0,0,0,0,0,-5000,0,0,0,0,5000,-5000,-5000
053706,S&P反1凱基99購01,0,0,0,0,0,0,0,0,0,-5000,0,0,0,0,5000,-5000,-5000
051658,深中小國泰97購01,0,0,0,0,0,0,0,0,0,-5000,0,0,0,0,5000,-5000,-5000
051471,國巨凱基97購01  ,0,0,0,0,0,0,0,0,0,-5000,0,0,0,0,5000,-5000,-5000
03074X,元展69          ,0,0,0,0,0,0,0,0,0,-5000,0,0,0,0,5000,-5000,-5000
04606P,高股息中信96售01,0,0,0,0,0,0,0,0,0,-5000,0,0,0,0,5000,-5000,-5000
046937,聯電元大99購01  ,0,0,0,0,0,0,0,0,0,-5000,0,0,0,15000,20000,-5000,-5000
048177,臺指反富邦99購01,0,0,0,0,0,0,0,0,0,-5000,0,0,0,0,5000,-5000,-5000
04932P,香港2X中信96售01,0,0,0,0,0,0,0,0,0,-5000,0,0,0,0,5000,-5000,-5000
048696,台達電國票96購01,0,0,0,0,0,0,0,0,0,-5000,0,0,0,0,5000,-5000,-5000
0052,富邦科技        ,1000,0,1000,0,0,0,0,0,0,-6000,0,0,0,105000,111000,-6000,-5000
006204,永豐臺灣加權    ,0,0,0,0,0,0,0,0,0,-5000,0,0,0,170000,175000,-5000,-5000
059046,滬深2X凱基9C購01,0,0,0,0,0,0,0,0,0,-5000,0,0,0,0,5000,-5000,-5000
059194,元金2X永豐99購01,0,0,0,0,0,0,0,0,0,-5000,0,0,0,15000,20000,-5000,-5000
059177,臺股指凱基99購28,0,0,0,0,0,0,0,0,0,-5000,0,0,0,46000,51000,-5000,-5000
059349,台郡凱基99購04  ,0,0,0,0,0,0,0,0,0,-5000,0,0,0,35000,40000,-5000,-5000
059362,健策永豐99購03  ,0,0,0,0,0,0,0,0,0,-5000,0,0,0,0,5000,-5000,-5000
059466,國巨元大99購26  ,0,0,0,0,0,0,0,0,0,-5000,0,0,0,0,5000,-5000,-5000
057148,玉晶光國票99購04,0,0,0,0,0,0,0,0,0,-5000,0,0,0,117000,122000,-5000,-5000
057775,南亞科群益98購02,0,0,0,0,0,0,0,0,0,-5000,0,0,0,0,5000,-5000,-5000
057238,群創凱基9B購03  ,0,0,0,0,0,0,0,0,0,-5000,0,0,0,0,5000,-5000,-5000
057266,TPK兆豐98購02   ,0,0,0,0,0,0,0,0,0,-5000,0,0,0,0,5000,-5000,-5000
057848,台表科永豐98購02,0,0,0,0,0,0,0,0,0,-5000,0,0,0,0,5000,-5000,-5000
057735,台灣50富邦9C購02,0,0,0,0,0,0,0,0,0,-5000,0,0,0,6000,11000,-5000,-5000
056001,美食永豐97購01  ,0,0,0,0,0,0,0,0,0,-5000,0,0,0,0,5000,-5000,-5000
058233,聯發科元大99購06,0,0,0,0,0,0,0,0,0,-5000,0,0,0,0,5000,-5000,-5000
055814,晶豪科國票97購02,0,0,0,0,0,0,0,0,0,-5000,0,0,0,0,5000,-5000,-5000
056707,鴻海富邦99購03  ,0,0,0,0,0,0,0,0,0,-5000,0,0,0,0,5000,-5000,-5000
055842,建準元大98購01  ,0,0,0,0,0,0,0,0,0,-5000,0,0,0,45000,50000,-5000,-5000
058785,臺股指國票99購04,0,0,0,0,0,0,0,0,0,-5000,0,0,0,10000,15000,-5000,-5000
058920,SGBR2X元富99購06,0,0,0,0,0,0,0,0,0,-5000,0,0,0,20000,25000,-5000,-5000
05630P,大立光永昌96售06,0,0,0,0,0,0,0,0,0,-5000,0,0,0,150000,155000,-5000,-5000
056644,宏達電凱基98購04,0,0,0,0,0,0,0,0,0,-5000,0,0,0,47000,52000,-5000,-5000
05658P,日月光元富96售02,0,0,0,0,0,0,0,0,0,-5000,0,0,0,1000,6000,-5000,-5000
056928,旺宏台新98購01  ,0,0,0,0,0,0,0,0,0,-5000,0,0,0,15000,20000,-5000,-5000
056517,茂林兆豐99購01  ,0,0,0,0,0,0,0,0,0,-5000,0,0,0,0,5000,-5000,-5000
4764,雙鍵            ,3000,8000,-5000,0,0,0,0,0,0,0,0,0,0,0,0,0,-5000
6573,虹揚-KY         ,3000,8000,-5000,0,0,0,0,0,0,0,0,0,0,0,0,0,-5000
2466,冠西電          ,9000,15000,-6000,0,0,0,0,0,0,1000,1000,0,1000,0,0,0,-5000
3703,欣陸            ,121000,126000,-5000,0,0,0,0,0,0,0,0,0,0,0,0,0,-5000
06739P,聯詠兆豐98售02  ,0,0,0,0,0,0,0,0,0,-5000,0,0,0,5000,10000,-5000,-5000
06688P,鴻海中信02售01  ,0,0,0,0,0,0,0,0,0,-5000,0,0,0,0,5000,-5000,-5000
06602P,國巨統一99售02  ,0,0,0,0,0,0,0,0,0,-5000,0,0,0,5000,10000,-5000,-5000
06806P,臺股指群益98售12,0,0,0,0,0,0,0,0,0,-5000,0,0,0,0,5000,-5000,-5000
06791P,聯發科凱基98售16,0,0,0,0,0,0,0,0,0,-5000,0,0,0,0,5000,-5000,-5000
06793P,臺股指凱基98售03,0,0,0,0,0,0,0,0,0,-5000,0,0,0,0,5000,-5000,-5000
06827P,臺股指國票98售03,0,0,0,0,0,0,0,0,0,-5000,0,0,0,0,5000,-5000,-5000
06949P,台表科元大99售01,0,0,0,0,0,0,0,0,0,-5000,0,0,0,0,5000,-5000,-5000
07372P,滬深2X元大99售08,0,0,0,0,0,0,0,0,0,-5000,0,0,0,0,5000,-5000,-5000
07365P,超眾元大99售07  ,0,0,0,0,0,0,0,0,0,-5000,0,0,0,20000,25000,-5000,-5000
07214P,聯發科凱基9A售04,0,0,0,0,0,0,0,0,0,-5000,0,0,0,40000,45000,-5000,-5000
07165P,臺股指群益99售16,0,0,0,0,0,0,0,0,0,-5000,0,0,0,5000,10000,-5000,-5000
07631P,臺股指凱基9A售12,0,0,0,0,0,0,0,0,0,-5000,0,0,0,0,5000,-5000,-5000
07699P,臺股指元大9A售52,0,0,0,0,0,0,0,0,0,-5000,0,0,0,0,5000,-5000,-5000
07935P,臺股指國票9B售07,0,0,0,0,0,0,0,0,0,-5000,0,0,0,0,5000,-5000,-5000
1324,地球            ,1000,6000,-5000,0,0,0,0,0,0,0,0,0,0,0,0,0,-5000
1315,達新            ,31000,36000,-5000,0,0,0,0,0,0,0,0,0,0,0,0,0,-5000
07906P,中租群益9B售02  ,0,0,0,0,0,0,0,0,0,-5000,0,0,0,0,5000,-5000,-5000
07852P,臺股指國票9A售13,0,0,0,0,0,0,0,0,0,-5000,0,0,0,0,5000,-5000,-5000
07834P,聯詠群益9A售03  ,0,0,0,0,0,0,0,0,0,-5000,0,0,0,0,5000,-5000,-5000
2033,佳大            ,1000,5000,-4000,0,0,0,0,0,0,-1000,0,1000,-1000,0,0,0,-5000
1451,年興            ,15000,20000,-5000,0,0,0,0,0,0,0,0,0,0,0,0,0,-5000
060163,健策永豐9B購01  ,0,0,0,0,0,0,0,0,0,-6000,0,0,0,1000,7000,-6000,-6000
060315,易華電永豐9A購01,0,0,0,0,0,0,0,0,0,-6000,0,0,0,13000,19000,-6000,-6000
060075,台積電元富99購05,0,0,0,0,0,0,0,0,0,-6000,0,0,0,0,6000,-6000,-6000
060034,立積永豐99購04  ,0,0,0,0,0,0,0,0,0,-6000,0,0,0,42000,48000,-6000,-6000
059891,臺股指國票99購25,0,0,0,0,0,0,0,0,0,-6000,0,0,0,0,6000,-6000,-6000
060400,南電國票9A購03  ,0,0,0,0,0,0,0,0,0,-6000,0,0,0,2000,8000,-6000,-6000
060747,聯鈞國票9A購02  ,0,0,0,0,0,0,0,0,0,-6000,0,0,0,8000,14000,-6000,-6000
060878,奇力新中信9C購01,0,0,0,0,0,0,0,0,0,-6000,0,0,0,85000,91000,-6000,-6000
060822,華通元大9A購05  ,0,0,0,0,0,0,0,0,0,-6000,0,0,0,0,6000,-6000,-6000
06301P,臺股指元大97售04,0,0,0,0,0,0,0,0,0,-6000,0,0,0,0,6000,-6000,-6000
062105,國巨國票9C購03  ,0,0,0,0,0,0,0,0,0,-6000,0,0,0,40000,46000,-6000,-6000
061999,臺股指元大9B購23,0,0,0,0,0,0,0,0,0,-6000,0,0,0,0,6000,-6000,-6000
06187P,國巨統一97售05  ,0,0,0,0,0,0,0,0,0,-6000,0,0,0,0,6000,-6000,-6000
061847,力山國票9B購01  ,0,0,0,0,0,0,0,0,0,-6000,0,0,0,0,6000,-6000,-6000
061851,智邦國票9B購01  ,0,0,0,0,0,0,0,0,0,-6000,0,0,0,0,6000,-6000,-6000
061733,聯發科中信01購01,0,0,0,0,0,0,0,0,0,-6000,0,0,0,0,6000,-6000,-6000
061110,超眾元大9A購03  ,0,0,0,0,0,0,0,0,0,-6000,0,0,0,34000,40000,-6000,-6000
061256,亞德客凱基9B購01,0,0,0,0,0,0,0,0,0,-6000,0,0,0,0,6000,-6000,-6000
061466,創意群益9A購01  ,0,0,0,0,0,0,0,0,0,-6000,0,0,0,0,6000,-6000,-6000
061365,國巨國票9B購05  ,0,0,0,0,0,0,0,0,0,-6000,0,0,0,60000,66000,-6000,-6000
061366,台勝科國票9A購01,0,0,0,0,0,0,0,0,0,-6000,0,0,0,121000,127000,-6000,-6000
03681C,台灣50凱基02牛02,0,0,0,0,0,0,0,0,0,-6000,0,0,0,0,6000,-6000,-6000
047687,元金2X富邦96購01,0,0,0,0,0,0,0,0,0,-6000,0,0,0,0,6000,-6000,-6000
03050X,元展47          ,0,0,0,0,0,0,0,0,0,-6000,0,0,0,14000,20000,-6000,-6000
051887,上証2X元富98購01,0,0,0,0,0,0,0,0,0,-6000,0,0,0,0,6000,-6000,-6000
058391,T50反1元大99購02,0,0,0,0,0,0,0,0,0,-6000,0,0,0,0,6000,-6000,-6000
058166,鴻海凱基9A購01  ,0,0,0,0,0,0,0,0,0,-6000,0,0,0,20000,26000,-6000,-6000
058136,景碩元大99購02  ,0,0,0,0,0,0,0,0,0,-6000,0,0,0,156000,162000,-6000,-6000
054300,華通凱基96購07  ,0,0,0,0,0,0,0,0,0,-6000,0,0,0,32000,38000,-6000,-6000
054282,泰鼎群益98購02  ,0,0,0,0,0,0,0,0,0,-6000,0,0,0,0,6000,-6000,-6000
055280,智邦元大97購01  ,0,0,0,0,0,0,0,0,0,-6000,0,0,0,0,6000,-6000,-6000
053312,緯穎凱基96購02  ,0,0,0,0,0,0,0,0,0,-6000,0,0,0,0,6000,-6000,-6000
055037,宏盛富邦99購01  ,0,0,0,0,0,0,0,0,0,-6000,0,0,0,4000,10000,-6000,-6000
058765,緯穎群益99購03  ,0,0,0,0,0,0,0,0,0,-6000,0,0,0,12000,18000,-6000,-6000
057625,泰鼎國泰9A購01  ,0,0,0,0,0,0,0,0,0,-6000,0,0,0,0,6000,-6000,-6000
058719,智邦元富99購01  ,0,0,0,0,0,0,0,0,0,-6000,0,0,0,0,6000,-6000,-6000
057894,華通元富02購02  ,0,0,0,0,0,0,0,0,0,-6000,0,0,0,6000,12000,-6000,-6000
05721P,全新群益98售02  ,0,0,0,0,0,0,0,0,0,-6000,0,0,0,0,6000,-6000,-6000
057511,健策統一98購02  ,0,0,0,0,0,0,0,0,0,-6000,0,0,0,10000,16000,-6000,-6000
057490,可成元大98購10  ,0,0,0,0,0,0,0,0,0,-6000,0,0,0,7000,13000,-6000,-6000
057760,聯發科凱基98購18,0,0,0,0,0,0,0,0,0,-6000,0,0,0,0,6000,-6000,-6000
057152,緯穎國票99購03  ,0,0,0,0,0,0,0,0,0,-6000,0,0,0,0,6000,-6000,-6000
059327,南茂元大99購01  ,0,0,0,0,0,0,0,0,0,-6000,0,0,0,5000,11000,-6000,-6000
059090,台新金元大99購01,0,0,0,0,0,0,0,0,0,-6000,0,0,0,10000,16000,-6000,-6000
059083,華通元大99購07  ,0,0,0,0,0,0,0,0,0,-6000,0,0,0,107000,113000,-6000,-6000
2114,鑫永銓          ,23000,29000,-6000,0,0,0,0,0,0,0,0,0,0,0,0,0,-6000
08663P,台灣50元大96售01,0,0,0,0,0,0,0,0,0,-6000,0,0,0,0,6000,-6000,-6000
07708P,玉晶光元大9A售13,0,0,0,0,0,0,0,0,0,-6000,0,0,0,18000,24000,-6000,-6000
07655P,台灣50凱基01售09,0,0,0,0,0,0,0,0,0,-6000,0,0,0,0,6000,-6000,-6000
07178P,臺股指凱基99售20,0,0,0,0,0,0,0,0,0,-6000,0,0,0,2000,8000,-6000,-6000
07089P,臺指2X中信01售01,0,0,0,0,0,0,0,0,0,-6000,0,0,0,10000,16000,-6000,-6000
07251P,台灣50元富01售04,0,0,0,0,0,0,0,0,0,-6000,0,0,0,100000,106000,-6000,-6000
07306P,台灣50凱基9A售09,0,0,0,0,0,0,0,0,0,-6000,0,0,0,0,6000,-6000,-6000
06939P,國巨永豐98售09  ,0,0,0,0,0,0,0,0,0,-6000,0,0,0,4000,10000,-6000,-6000
06929P,鴻海元大99售11  ,0,0,0,0,0,0,0,0,0,-6000,0,0,0,0,6000,-6000,-6000
6477,安集            ,8000,14000,-6000,0,0,0,0,0,0,0,0,0,0,0,0,0,-6000
061319,聯發科凱基9A購16,0,0,0,0,0,0,0,0,0,-7000,0,0,0,0,7000,-7000,-7000
061344,禾伸堂元大9A購02,0,0,0,0,0,0,0,0,0,-7000,0,0,0,91000,98000,-7000,-7000
061218,臺股指元大9A購55,0,0,0,0,0,0,0,0,0,-7000,0,0,0,0,7000,-7000,-7000
060990,新光金元大9B購03,0,0,0,0,0,0,0,0,0,-7000,0,0,0,0,7000,-7000,-7000
061753,南亞科台新9B購01,2000,0,2000,0,0,0,0,0,0,-9000,0,0,0,0,9000,-9000,-7000
061665,旺宏中信9C購01  ,0,0,0,0,0,0,0,0,0,-7000,0,0,0,0,7000,-7000,-7000
062065,台灣50元大9B購14,0,0,0,0,0,0,0,0,0,-7000,0,0,0,0,7000,-7000,-7000
062132,神隆群益9B購01  ,0,0,0,0,0,0,0,0,0,-7000,0,0,0,0,7000,-7000,-7000
060502,國巨元大9A購07  ,0,0,0,0,0,0,0,0,0,-7000,0,0,0,106000,113000,-7000,-7000
059863,和大凱基99購01  ,0,0,0,0,0,0,0,0,0,-7000,0,0,0,0,7000,-7000,-7000
059822,聯發科凱基99購19,0,0,0,0,0,0,0,0,0,-7000,0,0,0,0,7000,-7000,-7000
055371,正崴元大97購02  ,0,0,0,0,0,0,0,0,0,-7000,0,0,0,0,7000,-7000,-7000
053129,緯穎凱基96購01  ,0,0,0,0,0,0,0,0,0,-7000,0,0,0,0,7000,-7000,-7000
053293,聯發科中信9B購01,0,0,0,0,0,0,0,0,0,-7000,0,0,0,0,7000,-7000,-7000
053630,奇鋐兆豐97購01  ,0,0,0,0,0,0,0,0,0,-7000,0,0,0,27000,34000,-7000,-7000
053219,祥碩凱基96購01  ,0,0,0,0,0,0,0,0,0,-7000,0,0,0,6000,13000,-7000,-7000
055258,玉晶光統一97購03,0,0,0,0,0,0,0,0,0,-7000,0,0,0,3120000,3127000,-7000,-7000
054470,緯穎國票97購04  ,0,0,0,0,0,0,0,0,0,-7000,0,0,0,1000,8000,-7000,-7000
051576,台積電元大97購02,0,0,0,0,0,0,0,0,0,-7000,0,0,0,0,7000,-7000,-7000
050547,華新科凱基95購01,0,0,0,0,0,0,0,0,0,-7000,0,0,0,3000,10000,-7000,-7000
048263,台積電元富95購01,0,0,0,0,0,0,0,0,0,-7000,0,0,0,2000,9000,-7000,-7000
00709,富邦歐洲        ,0,0,0,0,0,0,0,0,0,-7000,0,0,0,200000,207000,-7000,-7000
059263,瑞昱中信01購01  ,0,0,0,0,0,0,0,0,0,-7000,0,0,0,7000,14000,-7000,-7000
059401,牧德元富99購01  ,0,0,0,0,0,0,0,0,0,-7000,0,0,0,3000,10000,-7000,-7000
058932,FBVIX台新99購01 ,0,0,0,0,0,0,0,0,0,-7000,0,0,0,35000,42000,-7000,-7000
057121,立積康和98購01  ,0,0,0,0,0,0,0,0,0,-7000,0,0,0,13000,20000,-7000,-7000
056231,嘉聯益凱基97購02,0,0,0,0,0,0,0,0,0,-7000,0,0,0,43000,50000,-7000,-7000
058797,大毅元大99購03  ,0,0,0,0,0,0,0,0,0,-7000,0,0,0,0,7000,-7000,-7000
056365,欣興元大98購01  ,0,0,0,0,0,0,0,0,0,-7000,0,0,0,16000,23000,-7000,-7000
057835,華擎元富9B購01  ,0,0,0,0,0,0,0,0,0,-7000,0,0,0,275000,282000,-7000,-7000
058005,茂林群益98購04  ,0,0,0,0,0,0,0,0,0,-7000,0,0,0,0,7000,-7000,-7000
058738,FBVIX中信03購04 ,0,0,0,0,0,0,0,0,0,-7000,0,0,0,0,7000,-7000,-7000
5284,jpp-KY          ,3000,10000,-7000,0,0,0,0,0,0,0,0,0,0,0,0,0,-7000
5264,鎧勝-KY         ,271000,271000,0,0,0,0,0,0,0,-7000,0,9000,-9000,2000,0,2000,-7000
06971P,台光電元大99售03,0,0,0,0,0,0,0,0,0,-7000,0,0,0,3000,10000,-7000,-7000
06771P,台灣50中信02售01,0,0,0,0,0,0,0,0,0,-7000,0,0,0,0,7000,-7000,-7000
07547P,緯穎凱基9A售05  ,0,0,0,0,0,0,0,0,0,-7000,0,0,0,0,7000,-7000,-7000
059819,台積電凱基99購17,0,0,0,0,0,0,0,0,0,-8000,0,0,0,112000,120000,-8000,-8000
060059,鴻海兆豐99購06  ,0,0,0,0,0,0,0,0,0,-8000,0,0,0,0,8000,-8000,-8000
060326,群光群益9A購01  ,0,0,0,0,0,0,0,0,0,-8000,0,0,0,5000,13000,-8000,-8000
060951,元黃金群益9A購01,0,0,0,0,0,0,0,0,0,-8000,0,0,0,0,8000,-8000,-8000
060679,聯詠元大9A購04  ,0,0,0,0,0,0,0,0,0,-8000,0,0,0,7000,15000,-8000,-8000
062177,上銀元大9B購02  ,0,0,0,0,0,0,0,0,0,-8000,0,0,0,0,8000,-8000,-8000
061942,亞德客群益9B購01,0,0,0,0,0,0,0,0,0,-8000,0,0,0,1000,9000,-8000,-8000
061933,光寶科國票9B購01,0,0,0,0,0,0,0,0,0,-8000,0,0,0,8000,16000,-8000,-8000
00711B,FH彭博新興債    ,0,0,0,0,0,0,0,0,0,-8000,0,0,0,100000,108000,-8000,-8000
00666R,富邦恒生國企反1 ,0,81000,-81000,0,0,0,0,0,0,73000,0,0,0,158000,85000,73000,-8000
03446B,臺股指元大9B熊26,0,0,0,0,0,0,0,0,0,-8000,0,0,0,6000,14000,-8000,-8000
054898,台肥康和97購01  ,0,0,0,0,0,0,0,0,0,-8000,0,0,0,12000,20000,-8000,-8000
054626,建準凱基98購01  ,0,0,0,0,0,0,0,0,0,-8000,0,0,0,31000,39000,-8000,-8000
058174,台積電凱基9A購05,0,0,0,0,0,0,0,0,0,-8000,0,0,0,2000,10000,-8000,-8000
053353,玉晶光兆豐97購03,0,0,0,0,0,0,0,0,0,-8000,0,0,0,110000,118000,-8000,-8000
055027,牧德國泰99購01  ,0,0,0,0,0,0,0,0,0,-8000,0,0,0,22000,30000,-8000,-8000
057689,南亞科凱基99購02,0,0,0,0,0,0,0,0,0,-8000,0,0,0,0,8000,-8000,-8000
057633,緯穎永豐98購02  ,0,0,0,0,0,0,0,0,0,-8000,0,0,0,32000,40000,-8000,-8000
055845,大立光元大97購08,0,0,0,0,0,0,0,0,0,-8000,0,0,0,38000,46000,-8000,-8000
055824,臺股指國票97購11,0,0,0,0,0,0,0,0,0,-8000,0,0,0,231000,239000,-8000,-8000
058761,欣興群益99購02  ,0,0,0,0,0,0,0,0,0,-8000,0,0,0,69000,77000,-8000,-8000
058907,健策元大99購04  ,0,0,0,0,0,0,0,0,0,-8000,0,0,0,18000,26000,-8000,-8000
055597,禾伸堂元大98購02,0,0,0,0,0,0,0,0,0,-8000,0,0,0,45000,53000,-8000,-8000
056905,欣興元大98購03  ,0,0,0,0,0,0,0,0,0,-8000,0,0,0,33000,41000,-8000,-8000
056581,超眾元大99購01  ,0,0,0,0,0,0,0,0,0,-8000,0,0,0,6000,14000,-8000,-8000
056574,亞光元大99購03  ,0,0,0,0,0,0,0,0,0,-8000,0,0,0,0,8000,-8000,-8000
057436,義隆國票99購02  ,0,0,0,0,0,0,0,0,0,-8000,0,0,0,6000,14000,-8000,-8000
057003,立積國票98購01  ,0,0,0,0,0,0,0,0,0,-8000,0,0,0,0,8000,-8000,-8000
057787,TPK國票99購01   ,0,0,0,0,0,0,0,0,0,-8000,0,0,0,0,8000,-8000,-8000
059037,宏達電群益99購02,0,0,0,0,0,0,0,0,0,-8000,0,0,0,100000,108000,-8000,-8000
059348,日月光凱基99購01,0,0,0,0,0,0,0,0,0,-8000,0,0,0,18000,26000,-8000,-8000
07188P,臺股指台新99售11,0,0,0,0,0,0,0,0,0,-8000,0,0,0,0,8000,-8000,-8000
07104P,聯發科元富99售04,0,0,0,0,0,0,0,0,0,-8000,0,0,0,0,8000,-8000,-8000
07628P,臺股指凱基9A售09,0,0,0,0,0,0,0,0,0,-8000,0,0,0,0,8000,-8000,-8000
07897P,臺股指元大9B售17,0,0,0,0,0,0,0,0,0,-8000,0,0,0,2000,10000,-8000,-8000
2397,友通            ,9000,17000,-8000,0,0,0,0,0,0,0,0,0,0,0,0,0,-8000
910322,康師傅-DR       ,0,8000,-8000,0,0,0,0,0,0,0,0,0,0,0,0,0,-8000
061689,國巨群益9A購12  ,0,0,0,0,0,0,0,0,0,-9000,0,0,0,161000,170000,-9000,-9000
06296P,燿華元大98售01  ,0,0,0,0,0,0,0,0,0,-9000,0,0,0,20000,29000,-9000,-9000
062238,臻鼎凱基9C購01  ,0,0,0,0,0,0,0,0,0,-9000,0,0,0,0,9000,-9000,-9000
061065,神基凱基9A購01  ,0,0,0,0,0,0,0,0,0,-9000,0,0,0,118000,127000,-9000,-9000
061512,國巨永豐9A購04  ,0,0,0,0,0,0,0,0,0,-9000,0,0,0,10000,19000,-9000,-9000
061543,南亞科群益9A購01,0,0,0,0,0,0,0,0,0,-9000,0,0,0,10000,19000,-9000,-9000
060417,正隆永豐9A購01  ,0,0,0,0,0,0,0,0,0,-9000,0,0,0,11000,20000,-9000,-9000
060049,華通凱基99購06  ,0,0,0,0,0,0,0,0,0,-9000,0,0,0,0,9000,-9000,-9000
060097,華新科元大99購23,0,0,0,0,0,0,0,0,0,-9000,0,0,0,0,9000,-9000,-9000
060211,智邦康和9A購01  ,0,0,0,0,0,0,0,0,0,-9000,0,0,0,0,9000,-9000,-9000
05983P,聯詠國票96售02  ,0,0,0,0,0,0,0,0,0,-9000,0,0,0,0,9000,-9000,-9000
059544,創意亞東99購01  ,0,0,0,0,0,0,0,0,0,-9000,0,0,0,1000,10000,-9000,-9000
059748,聯發科台新99購03,0,0,0,0,0,0,0,0,0,-9000,0,0,0,21000,30000,-9000,-9000
055090,國巨群益97購03  ,0,0,0,0,0,0,0,0,0,-9000,0,0,0,167000,176000,-9000,-9000
055338,GIS兆豐97購01   ,0,0,0,0,0,0,0,0,0,-9000,0,0,0,0,9000,-9000,-9000
058189,嘉澤永豐99購01  ,0,0,0,0,0,0,0,0,0,-9000,0,0,0,3000,12000,-9000,-9000
054370,台積電中信9A購01,0,0,0,0,0,0,0,0,0,-9000,0,0,0,8000,17000,-9000,-9000
051001,緯穎元大96購02  ,0,0,0,0,0,0,0,0,0,-9000,0,0,0,0,9000,-9000,-9000
00742,新光內需收益    ,0,0,0,0,0,0,0,0,0,-9000,0,0,0,102000,111000,-9000,-9000
046384,群創凱基98購02  ,0,0,0,0,0,0,0,0,0,-9000,0,0,0,65000,74000,-9000,-9000
052587,景碩永豐97購01  ,0,0,0,0,0,0,0,0,0,-9000,0,0,0,178000,187000,-9000,-9000
059103,旭富元富99購03  ,0,0,0,0,0,0,0,0,0,-9000,0,0,0,15000,24000,-9000,-9000
05910P,力山永豐96售02  ,0,0,0,0,0,0,0,0,0,-9000,0,0,0,21000,30000,-9000,-9000
058950,國巨群益99購06  ,0,0,0,0,0,0,0,0,0,-9000,0,0,0,168000,177000,-9000,-9000
05626P,景碩國票97售03  ,0,0,0,0,0,0,0,0,0,-9000,0,0,0,107000,116000,-9000,-9000
055834,國巨元大97購13  ,0,0,0,0,0,0,0,0,0,-9000,0,0,0,39000,48000,-9000,-9000
058217,新唐群益99購01  ,0,0,0,0,0,0,0,0,0,-9000,0,0,0,0,9000,-9000,-9000
056763,國巨元大99購02  ,0,0,0,0,0,0,0,0,0,-9000,0,0,0,43000,52000,-9000,-9000
056843,冠德元富98購01  ,0,0,0,0,0,0,0,0,0,-9000,0,0,0,0,9000,-9000,-9000
056796,國巨麥證98購02  ,0,0,0,2000,10000,-8000,0,0,0,-9000,0,0,0,2000,11000,-9000,-9000
4766,南寶            ,28000,40000,-12000,0,0,0,0,0,0,3000,0,0,0,3000,0,3000,-9000
4144,康聯-KY         ,6000,15000,-9000,0,0,0,0,0,0,0,0,0,0,0,0,0,-9000
4438,廣越            ,9000,18000,-9000,0,0,0,0,0,0,0,0,0,0,0,0,0,-9000
3622,洋華            ,4000,13000,-9000,0,0,0,0,0,0,0,0,0,0,0,0,0,-9000
1514,亞力            ,114000,123000,-9000,0,0,0,0,0,0,0,0,0,0,0,0,0,-9000
07908P,台積電統一9B售11,0,0,0,0,0,0,0,0,0,-9000,0,0,0,0,9000,-9000,-9000
07181P,臺股指凱基99售23,0,0,0,0,0,0,0,0,0,-9000,0,0,0,5000,14000,-9000,-9000
07009P,臺股指中信9B售01,0,0,0,0,0,0,0,0,0,-9000,0,0,0,0,9000,-9000,-9000
059692,聯詠永豐99購01  ,0,0,0,0,0,0,0,0,0,-10000,0,0,0,10000,20000,-10000,-10000
059662,旭富元大9C購01  ,0,0,0,0,0,0,0,0,0,-10000,0,0,0,10000,20000,-10000,-10000
059683,康控富邦9C購01  ,0,0,0,0,0,0,0,0,0,-10000,0,0,0,0,10000,-10000,-10000
059540,新光金日盛99購01,0,0,0,0,0,0,0,0,0,-10000,0,0,0,20000,30000,-10000,-10000
059628,智邦凱基99購04  ,0,0,0,0,0,0,0,0,0,-10000,0,0,0,10000,20000,-10000,-10000
059612,奇鋐永豐99購02  ,0,0,0,0,0,0,0,0,0,-10000,0,0,0,0,10000,-10000,-10000
059823,奇力新凱基99購07,0,0,0,0,0,0,0,0,0,-10000,0,0,0,0,10000,-10000,-10000
059851,晶相光永豐99購02,0,0,0,0,0,0,0,0,0,-10000,0,0,0,2000,12000,-10000,-10000
059848,智邦永豐99購01  ,0,0,0,0,0,0,0,0,0,-10000,0,0,0,7000,17000,-10000,-10000
05980P,台積電永昌96售09,0,0,0,0,0,0,0,0,0,-10000,0,0,0,220000,230000,-10000,-10000
059880,世紀鋼凱基99購02,0,0,0,0,0,0,0,0,0,-10000,0,0,0,0,10000,-10000,-10000
059874,大立光凱基99購15,0,0,0,0,0,0,0,0,0,-10000,0,0,0,0,10000,-10000,-10000
060201,台表科元富9A購01,0,0,0,0,0,0,0,0,0,-10000,0,0,0,10000,20000,-10000,-10000
060187,華新科元富9A購02,0,0,0,0,0,0,0,0,0,-10000,0,0,0,0,10000,-10000,-10000
060106,旭富元大99購02  ,0,0,0,0,0,0,0,0,0,-10000,0,0,0,2000,12000,-10000,-10000
060065,大立光兆豐9B購01,0,0,0,0,0,0,0,0,0,-10000,0,0,0,48000,58000,-10000,-10000
060454,葡萄王元大9A購01,0,0,0,0,0,0,0,0,0,-10000,0,0,0,30000,40000,-10000,-10000
060449,元金2X元大9A購02,0,0,0,0,0,0,0,0,0,-10000,0,0,0,0,10000,-10000,-10000
060259,潤泰全凱基9C購01,0,0,0,0,0,0,0,0,0,-10000,0,0,0,0,10000,-10000,-10000
060319,臺指反群益9A購02,0,0,0,0,0,0,0,0,0,-10000,0,0,0,0,10000,-10000,-10000
06037P,超眾國票98售02  ,0,0,0,0,0,0,0,0,0,-10000,0,0,0,0,10000,-10000,-10000
060388,世紀鋼凱基9B購01,0,1000,-1000,0,0,0,0,0,0,-9000,0,0,0,1000,10000,-9000,-10000
060485,華新科富邦9C購04,0,0,0,0,0,0,0,0,0,-10000,0,0,0,0,10000,-10000,-10000
060555,台表科凱基9A購03,0,0,0,0,0,0,0,0,0,-10000,0,0,0,0,10000,-10000,-10000
060602,京元電凱基9A購01,0,0,0,0,0,0,0,0,0,-10000,0,0,0,3000,13000,-10000,-10000
060636,大毅永豐9A購02  ,0,0,0,0,0,0,0,0,0,-10000,0,0,0,0,10000,-10000,-10000
060755,鴻海元大9A購15  ,0,0,0,0,0,0,0,0,0,-10000,0,0,0,10000,20000,-10000,-10000
060777,茂林凱基9C購01  ,0,0,0,0,0,0,0,0,0,-10000,0,0,0,14000,24000,-10000,-10000
060929,健策永豐9A購01  ,0,0,0,0,0,0,0,0,0,-10000,0,0,0,66000,76000,-10000,-10000
060815,茂林凱基9B購01  ,0,0,0,0,0,0,0,0,0,-10000,0,0,0,0,10000,-10000,-10000
061574,大毅元大9B購01  ,0,0,0,0,0,0,0,0,0,-10000,0,0,0,0,10000,-10000,-10000
061469,瑞祺群益9A購02  ,0,0,0,0,0,0,0,0,0,-10000,0,0,0,5000,15000,-10000,-10000
061433,華通麥證9A購03  ,0,0,0,10000,20000,-10000,0,0,0,-10000,0,0,0,10000,20000,-10000,-10000
06100P,台積電日盛97售03,0,0,0,0,0,0,0,0,0,-10000,0,0,0,0,10000,-10000,-10000
061208,聯發科元大9A購09,0,0,0,0,0,0,0,0,0,-10000,0,0,0,0,10000,-10000,-10000
061270,彩晶凱基9A購02  ,0,0,0,0,0,0,0,0,0,-10000,0,0,0,0,10000,-10000,-10000
062254,台光電元大9B購02,0,0,0,0,0,0,0,0,0,-10000,0,0,0,0,10000,-10000,-10000
062229,南六統一9B購01  ,0,0,0,0,0,0,0,0,0,-10000,0,0,0,0,10000,-10000,-10000
062220,台光電統一01購01,0,0,0,0,0,0,0,0,0,-10000,0,0,0,0,10000,-10000,-10000
06247P,同欣電元富97售02,0,0,0,0,0,0,0,0,0,-10000,0,0,0,0,10000,-10000,-10000
062296,南六永豐9B購02  ,0,0,0,0,0,0,0,0,0,-10000,0,0,0,0,10000,-10000,-10000
062163,大毅國泰01購01  ,0,0,0,0,0,0,0,0,0,-10000,0,0,0,20000,30000,-10000,-10000
062118,華新科中信9B購02,0,0,0,0,0,0,0,0,0,-10000,0,0,0,0,10000,-10000,-10000
062119,世紀鋼中信9B購01,0,0,0,0,0,0,0,0,0,-10000,0,0,0,0,10000,-10000,-10000
062127,台勝科統一01購02,0,0,0,0,0,0,0,0,0,-10000,0,0,0,0,10000,-10000,-10000
062041,華擎凱基9C購01  ,0,0,0,0,0,0,0,0,0,-10000,0,0,0,0,10000,-10000,-10000
062004,國巨國泰9C購03  ,0,0,0,0,0,0,0,0,0,-10000,0,0,0,324000,334000,-10000,-10000
061647,南六元大9A購03  ,0,0,0,0,0,0,0,0,0,-10000,0,0,0,91000,101000,-10000,-10000
061728,華新科麥證9A購02,0,0,0,0,10000,-10000,0,0,0,-10000,0,0,0,0,10000,-10000,-10000
061723,嘉聯益永豐9A購03,0,0,0,0,0,0,0,0,0,-10000,0,0,0,0,10000,-10000,-10000
061759,上証反元大02購01,0,0,0,0,0,0,0,0,0,-10000,0,0,0,0,10000,-10000,-10000
061778,元金2X群益9B購02,0,0,0,0,0,0,0,0,0,-10000,0,0,0,0,10000,-10000,-10000
061808,聯發科統一01購02,0,0,0,0,0,0,0,0,0,-10000,0,0,0,20000,30000,-10000,-10000
061935,台積電國票9B購07,0,0,0,0,0,0,0,0,0,-10000,0,0,0,50000,60000,-10000,-10000
052617,景碩國泰98購01  ,0,0,0,0,0,0,0,0,0,-10000,0,0,0,0,10000,-10000,-10000
052689,玉晶光元大98購03,0,0,0,0,0,0,0,0,0,-10000,0,0,0,0,10000,-10000,-10000
05268P,玉晶光元大98售01,0,0,0,0,0,0,0,0,0,-10000,0,0,0,0,10000,-10000,-10000
052661,奇力新國票97購03,0,0,0,0,0,0,0,0,0,-10000,0,0,0,0,10000,-10000,-10000
052667,漢唐群益96購01  ,0,0,0,0,0,0,0,0,0,-10000,0,0,0,0,10000,-10000,-10000
052658,友達元富9C購01  ,0,0,0,0,0,0,0,0,0,-10000,0,0,0,0,10000,-10000,-10000
051560,玉晶光國泰97購03,0,0,0,0,0,0,0,0,0,-10000,0,0,0,0,10000,-10000,-10000
052897,緯創群益96購03  ,0,0,0,0,0,0,0,0,0,-10000,0,0,0,0,10000,-10000,-10000
052853,友達日盛99購01  ,0,0,0,0,0,0,0,0,0,-10000,0,0,0,0,10000,-10000,-10000
045767,大立光元富95購01,0,0,0,0,0,0,0,0,0,-10000,0,0,0,32000,42000,-10000,-10000
048422,瑞昱元富96購02  ,0,0,0,0,0,0,0,0,0,-10000,0,0,0,60000,70000,-10000,-10000
03431B,元油2X凱基9B熊03,0,0,0,0,0,0,0,0,0,-10000,0,0,0,0,10000,-10000,-10000
04938P,亞德客國票95售01,0,0,0,0,0,0,0,0,0,-10000,0,0,0,0,10000,-10000,-10000
048852,旺宏群益96購02  ,0,0,0,0,0,0,0,0,0,-10000,0,0,0,0,10000,-10000,-10000
048892,台郡元富97購01  ,0,0,0,0,0,0,0,0,0,-10000,0,0,0,0,10000,-10000,-10000
04979P,臺股指凱基96售07,0,0,0,0,0,0,0,0,0,-10000,0,0,0,0,10000,-10000,-10000
051089,旺宏元大96購04  ,0,0,0,0,0,0,0,0,0,-10000,0,0,0,0,10000,-10000,-10000
051075,智邦國泰97購01  ,0,0,0,0,0,0,0,0,0,-10000,0,0,0,0,10000,-10000,-10000
050551,大立光凱基95購05,0,0,0,0,0,0,0,0,0,-10000,0,0,0,0,10000,-10000,-10000
050537,鴻海凱基95購05  ,0,0,0,0,0,0,0,0,0,-10000,0,0,0,0,10000,-10000,-10000
050634,華新科群益96購01,0,0,0,0,0,0,0,0,0,-10000,0,0,0,20000,30000,-10000,-10000
050698,明泰凱基96購01  ,0,0,0,0,0,0,0,0,0,-10000,0,0,0,20000,30000,-10000,-10000
053728,茂林凱基97購01  ,0,0,0,0,0,0,0,0,0,-10000,0,0,0,0,10000,-10000,-10000
05375P,健策國票96售02  ,0,0,0,0,0,0,0,0,0,-10000,0,0,0,0,10000,-10000,-10000
053760,牧德國泰98購01  ,0,0,0,0,0,0,0,0,0,-10000,0,0,0,0,10000,-10000,-10000
053799,矽創中信9A購01  ,0,0,0,0,0,0,0,0,0,-10000,0,0,0,10000,20000,-10000,-10000
053889,致茂群益97購01  ,0,0,0,0,0,0,0,0,0,-10000,0,0,0,0,10000,-10000,-10000
054943,群光元大97購01  ,0,0,0,0,0,0,0,0,0,-10000,0,0,0,6000,16000,-10000,-10000
055435,佳世達中信99購01,0,0,0,0,0,0,0,0,0,-10000,0,0,0,0,10000,-10000,-10000
055470,南亞科凱基97購01,0,0,0,0,0,0,0,0,0,-10000,0,0,0,0,10000,-10000,-10000
055461,TPK永豐97購01   ,0,0,0,0,0,0,0,0,0,-10000,0,0,0,0,10000,-10000,-10000
051613,S&P反1凱基96購01,0,0,0,0,0,0,0,0,0,-10000,0,0,0,0,10000,-10000,-10000
052054,台表科凱基96購01,0,0,0,0,0,0,0,0,0,-10000,0,0,0,0,10000,-10000,-10000
052400,聯詠凱基97購01  ,0,0,0,0,0,0,0,0,0,-10000,0,0,0,0,10000,-10000,-10000
052120,友達國票96購01  ,0,0,0,0,0,0,0,0,0,-10000,0,0,0,0,10000,-10000,-10000
052132,旺宏凱基9B購01  ,0,0,0,0,0,0,0,0,0,-10000,0,0,0,0,10000,-10000,-10000
051904,深100元大95購01 ,0,0,0,0,0,0,0,0,0,-10000,0,0,0,0,10000,-10000,-10000
051907,台積電元大97購05,0,0,0,0,0,0,0,0,0,-10000,0,0,0,0,10000,-10000,-10000
051927,國巨中信96購01  ,0,0,0,0,0,0,0,0,0,-10000,0,0,0,0,10000,-10000,-10000
051939,同欣電群益97購01,0,0,0,0,0,0,0,0,0,-10000,0,0,0,0,10000,-10000,-10000
050353,華擎群益95購01  ,0,0,0,0,0,0,0,0,0,-10000,0,0,0,0,10000,-10000,-10000
051557,昇陽半永豐96購01,0,0,0,0,0,0,0,0,0,-10000,0,0,0,0,10000,-10000,-10000
051799,台積電永豐96購01,0,0,0,0,0,0,0,0,0,-10000,0,0,0,0,10000,-10000,-10000
051393,新光金兆豐96購01,0,0,0,0,0,0,0,0,0,-10000,0,0,0,0,10000,-10000,-10000
052920,景碩台新96購02  ,0,0,0,0,0,0,0,0,0,-10000,0,0,0,10000,20000,-10000,-10000
054355,上海銀富邦98購01,0,0,0,0,0,0,0,0,0,-10000,0,0,0,0,10000,-10000,-10000
055263,華新科富邦9A購01,0,0,0,0,0,0,0,0,0,-10000,0,0,0,0,10000,-10000,-10000
054341,燿華元富96購03  ,0,0,0,0,0,0,0,0,0,-10000,0,0,0,0,10000,-10000,-10000
054303,國巨凱基96購15  ,0,0,0,0,0,0,0,0,0,-10000,0,0,0,0,10000,-10000,-10000
054848,群創兆豐98購01  ,0,0,0,0,0,0,0,0,0,-10000,0,0,0,0,10000,-10000,-10000
054631,台郡凱基98購02  ,0,0,0,0,0,0,0,0,0,-10000,0,0,0,0,10000,-10000,-10000
054621,華新科兆豐98購01,0,0,0,0,0,0,0,0,0,-10000,0,0,0,0,10000,-10000,-10000
054688,兆赫永豐97購01  ,0,0,0,0,0,0,0,0,0,-10000,0,0,0,0,10000,-10000,-10000
054756,世紀鋼凱基99購01,0,0,0,0,0,0,0,0,0,-10000,0,0,0,7000,17000,-10000,-10000
054737,京元電凱基99購01,0,0,0,0,0,0,0,0,0,-10000,0,0,0,0,10000,-10000,-10000
054543,元金2X中信01購01,0,0,0,0,0,0,0,0,0,-10000,0,0,0,0,10000,-10000,-10000
054549,台積電凱基98購01,0,0,0,0,0,0,0,0,0,-10000,0,0,0,0,10000,-10000,-10000
054565,玉晶光群益99購02,0,0,0,0,0,0,0,0,0,-10000,0,0,0,0,10000,-10000,-10000
05817P,可成凱基96售07  ,0,0,0,0,0,0,0,0,0,-10000,0,0,0,0,10000,-10000,-10000
058128,FBVIX元大9C購02 ,0,0,0,0,0,0,0,0,0,-10000,0,0,0,0,10000,-10000,-10000
058107,全新台新99購01  ,0,0,0,0,0,0,0,0,0,-10000,0,0,0,33000,43000,-10000,-10000
058114,台積電第一01購01,0,0,0,0,0,0,0,0,0,-10000,0,0,0,0,10000,-10000,-10000
058088,鴻海元大9A購01  ,0,0,0,0,0,0,0,0,0,-10000,0,0,0,3000,13000,-10000,-10000
058400,聯發科元大99購09,0,0,0,0,0,0,0,0,0,-10000,0,0,0,0,10000,-10000,-10000
058357,智邦凱基99購02  ,0,0,0,0,0,0,0,0,0,-10000,0,0,0,0,10000,-10000,-10000
058463,宏達電兆豐99購02,0,0,0,0,0,0,0,0,0,-10000,0,0,0,0,10000,-10000,-10000
058444,國巨富邦9B購01  ,0,0,0,0,0,0,0,0,0,-10000,0,0,0,0,10000,-10000,-10000
058299,同欣電凱基9A購01,0,0,0,0,0,0,0,0,0,-10000,0,0,0,0,10000,-10000,-10000
058314,欣興富邦9B購01  ,0,0,0,0,0,0,0,0,0,-10000,0,0,0,0,10000,-10000,-10000
058319,大毅永豐9A購01  ,0,0,0,0,0,0,0,0,0,-10000,0,0,0,63000,73000,-10000,-10000
057594,宏達電兆豐99購01,0,0,0,0,0,0,0,0,0,-10000,0,0,0,0,10000,-10000,-10000
055363,緯穎凱基98購03  ,0,0,0,0,0,0,0,0,0,-10000,0,0,0,0,10000,-10000,-10000
055378,晶相光元大97購02,0,0,0,0,0,0,0,0,0,-10000,0,0,0,0,10000,-10000,-10000
054042,華泰元大96購01  ,0,0,0,0,0,0,0,0,0,-10000,0,0,0,0,10000,-10000,-10000
054043,漢唐元大97購01  ,0,0,0,0,0,0,0,0,0,-10000,0,0,0,0,10000,-10000,-10000
054095,同欣電群益98購03,0,0,0,0,0,0,0,0,0,-10000,0,0,0,0,10000,-10000,-10000
054097,淘帝國票97購01  ,0,0,0,0,0,0,0,0,0,-10000,0,0,0,0,10000,-10000,-10000
053355,超眾兆豐97購01  ,0,0,0,0,0,0,0,0,0,-10000,0,0,0,0,10000,-10000,-10000
053147,楠梓電元大98購01,0,0,0,0,0,0,0,0,0,-10000,0,0,0,0,10000,-10000,-10000
053105,鴻海兆豐97購01  ,0,0,0,0,0,0,0,0,0,-10000,0,0,0,0,10000,-10000,-10000
053112,中磊兆豐97購01  ,0,0,0,0,0,0,0,0,0,-10000,0,0,0,0,10000,-10000,-10000
053036,聯電凱基98購01  ,0,0,0,0,0,0,0,0,0,-10000,0,0,0,50000,60000,-10000,-10000
053054,禾伸堂國票97購01,0,0,0,0,0,0,0,0,0,-10000,0,0,0,0,10000,-10000,-10000
053093,緯穎元大96購06  ,0,0,0,0,0,0,0,0,0,-10000,0,0,0,0,10000,-10000,-10000
055101,台肥凱基97購01  ,0,0,0,0,0,0,0,0,0,-10000,0,0,0,0,10000,-10000,-10000
055122,國巨兆豐98購01  ,0,0,0,0,0,0,0,0,0,-10000,0,0,0,21000,31000,-10000,-10000
053018,旺宏元富96購02  ,0,0,0,0,0,0,0,0,0,-10000,0,0,0,0,10000,-10000,-10000
053574,奇力新元富99購01,0,0,0,0,0,0,0,0,0,-10000,0,0,0,0,10000,-10000,-10000
053587,京元電元大98購01,0,0,0,0,0,0,0,0,0,-10000,0,0,0,1000,11000,-10000,-10000
053590,新光金元大9A購02,0,0,0,0,0,0,0,0,0,-10000,0,0,0,0,10000,-10000,-10000
053497,新光金兆豐97購01,0,0,0,0,0,0,0,0,0,-10000,0,0,0,0,10000,-10000,-10000
053326,瀚宇博台新96購01,0,0,0,0,0,0,0,0,0,-10000,0,0,0,0,10000,-10000,-10000
054220,國巨統一97購02  ,0,0,0,0,0,0,0,0,0,-10000,0,0,0,320000,330000,-10000,-10000
054253,宏達電元大97購03,0,0,0,0,0,0,0,0,0,-10000,0,0,0,0,10000,-10000,-10000
054280,牧德群益98購01  ,0,0,0,0,0,0,0,0,0,-10000,0,0,0,0,10000,-10000,-10000
055195,昇陽半元富97購02,0,0,0,0,0,0,0,0,0,-10000,0,0,0,0,10000,-10000,-10000
056880,緯穎國票98購02  ,0,0,0,0,0,0,0,0,0,-10000,0,0,0,0,10000,-10000,-10000
057916,國巨凱基98購13  ,0,0,0,0,0,0,0,0,0,-10000,0,0,0,0,10000,-10000,-10000
057750,神達國票99購01  ,0,0,0,0,0,0,0,0,0,-10000,0,0,0,0,10000,-10000,-10000
057942,可成國票99購02  ,0,0,0,0,0,0,0,0,0,-10000,0,0,0,10000,20000,-10000,-10000
058633,台灣50兆豐99購01,0,0,0,0,0,0,0,0,0,-10000,0,0,0,0,10000,-10000,-10000
058605,華邦電元大99購04,0,0,0,0,0,0,0,0,0,-10000,0,0,0,0,10000,-10000,-10000
056756,T50反1元大98購06,0,0,0,0,0,0,0,0,0,-10000,0,0,0,0,10000,-10000,-10000
056746,超眾凱基99購01  ,0,0,0,0,0,0,0,0,0,-10000,0,0,0,7000,17000,-10000,-10000
056751,和大兆豐98購01  ,0,0,0,0,0,0,0,0,0,-10000,0,0,0,0,10000,-10000,-10000
056753,群創兆豐98購02  ,0,0,0,0,0,0,0,0,0,-10000,0,0,0,0,10000,-10000,-10000
056778,元石油群益9B購01,0,0,0,0,0,0,0,0,0,-10000,0,0,0,0,10000,-10000,-10000
055978,大立光統一98購05,0,0,0,0,0,0,0,0,0,-10000,0,0,0,0,10000,-10000,-10000
055974,上銀統一97購05  ,0,0,0,0,0,0,0,0,0,-10000,0,0,0,0,10000,-10000,-10000
058208,百和凱基99購01  ,0,0,0,0,0,0,0,0,0,-10000,0,0,0,0,10000,-10000,-10000
056735,國巨凱基99購02  ,0,0,0,0,0,0,0,0,0,-10000,0,0,0,18000,28000,-10000,-10000
056598,京元電元富98購01,0,0,0,0,0,0,0,0,0,-10000,0,0,0,0,10000,-10000,-10000
056530,旺宏凱基98購06  ,0,0,0,0,0,0,0,0,0,-10000,0,0,0,0,10000,-10000,-10000
056304,創意元大97購03  ,0,0,0,0,0,0,0,0,0,-10000,0,0,0,0,10000,-10000,-10000
056325,群創兆豐9A購01  ,0,0,0,0,0,0,0,0,0,-10000,0,0,0,0,10000,-10000,-10000
058675,康控群益9B購01  ,0,0,0,0,0,0,0,0,0,-10000,0,0,0,0,10000,-10000,-10000
05689P,滬深2X中信97售02,0,0,0,0,0,0,0,0,0,-10000,0,0,0,0,10000,-10000,-10000
05691P,聯發科中信98售01,0,0,0,0,0,0,0,0,0,-10000,0,0,0,0,10000,-10000,-10000
056925,群創兆豐98購03  ,0,0,0,0,0,0,0,0,0,-10000,0,0,0,0,10000,-10000,-10000
056926,日月光兆豐98購01,0,0,0,0,0,0,0,0,0,-10000,0,0,0,0,10000,-10000,-10000
056506,晶豪科永豐98購02,0,0,0,0,0,0,0,0,0,-10000,0,0,0,10000,20000,-10000,-10000
056416,華新科中信98購01,0,0,0,0,0,0,0,0,0,-10000,0,0,0,10000,20000,-10000,-10000
055594,華新科元大98購02,0,0,0,0,0,0,0,0,0,-10000,0,0,0,0,10000,-10000,-10000
055651,富邦金元富97購01,0,0,0,0,0,0,0,0,0,-10000,0,0,0,0,10000,-10000,-10000
055654,景碩元富97購01  ,0,0,0,0,0,0,0,0,0,-10000,0,0,0,20000,30000,-10000,-10000
058906,晶相光元大99購01,0,0,0,0,0,0,0,0,0,-10000,0,0,0,10000,20000,-10000,-10000
058899,旺宏元大99購10  ,0,0,0,0,0,0,0,0,0,-10000,0,0,0,0,10000,-10000,-10000
058895,鴻海元大99購20  ,0,0,0,0,0,0,0,0,0,-10000,0,0,0,26000,36000,-10000,-10000
058925,旭富元富99購02  ,0,0,0,0,0,0,0,0,0,-10000,0,0,0,10000,20000,-10000,-10000
058911,茂林元大99購04  ,0,0,0,0,0,0,0,0,0,-10000,0,0,0,40000,50000,-10000,-10000
055501,創意元大97購01  ,0,0,0,0,0,0,0,0,0,-10000,0,0,0,0,10000,-10000,-10000
058875,台表科國票9A購02,0,0,0,0,0,0,0,0,0,-10000,0,0,0,42000,52000,-10000,-10000
055741,健策元富97購01  ,0,0,0,0,0,0,0,0,0,-10000,0,0,0,42000,52000,-10000,-10000
055735,宏達電元富98購01,0,0,0,0,0,0,0,0,0,-10000,0,0,0,0,10000,-10000,-10000
055789,台虹凱基97購01  ,0,0,0,0,0,0,0,0,0,-10000,0,0,0,0,10000,-10000,-10000
055781,聯詠凱基98購01  ,0,0,0,0,0,0,0,0,0,-10000,0,0,0,0,10000,-10000,-10000
056071,創意元大97購02  ,0,0,0,0,0,0,0,0,0,-10000,0,0,0,0,10000,-10000,-10000
056029,國巨麥證98購01  ,0,0,0,0,10000,-10000,0,0,0,-10000,0,0,0,0,10000,-10000,-10000
056016,鴻海群益97購06  ,0,0,0,0,0,0,0,0,0,-10000,0,0,0,30000,40000,-10000,-10000
056275,國巨國泰98購04  ,0,0,0,0,0,0,0,0,0,-10000,0,0,0,0,10000,-10000,-10000
057125,國巨凱基98購12  ,0,0,0,0,0,0,0,0,0,-10000,0,0,0,0,10000,-10000,-10000
058941,華新科中信99購03,0,0,0,0,0,0,0,0,0,-10000,0,0,0,0,10000,-10000,-10000
058948,道瓊銀群益9C購01,0,0,0,0,0,0,0,0,0,-10000,0,0,0,0,10000,-10000,-10000
059187,國巨富邦9B購02  ,0,0,0,0,0,0,0,0,0,-10000,0,0,0,20000,30000,-10000,-10000
059162,國巨凱基99購12  ,0,0,0,0,0,0,0,0,0,-10000,0,0,0,7000,17000,-10000,-10000
059217,台積電元大99購30,0,0,0,0,0,0,0,0,0,-10000,0,0,0,0,10000,-10000,-10000
059207,臺指反元大9C購02,0,0,0,0,0,0,0,0,0,-10000,0,0,0,0,10000,-10000,-10000
059214,國巨元大99購20  ,0,0,0,0,0,0,0,0,0,-10000,0,0,0,0,10000,-10000,-10000
059241,旺宏凱基99購07  ,0,0,0,0,0,0,0,0,0,-10000,0,0,0,0,10000,-10000,-10000
059268,鎧勝中信01購01  ,0,0,0,0,0,0,0,0,0,-10000,0,0,0,0,10000,-10000,-10000
059473,T50反1群益99購03,0,0,0,0,0,0,0,0,0,-10000,0,0,0,0,10000,-10000,-10000
057771,鴻海群益99購01  ,0,0,0,0,0,0,0,0,0,-10000,0,0,0,0,10000,-10000,-10000
057757,鴻海凱基98購13  ,0,0,0,0,0,0,0,0,0,-10000,0,0,0,4000,14000,-10000,-10000
056982,華新科群益98購05,0,0,0,0,0,0,0,0,0,-10000,0,0,0,0,10000,-10000,-10000
056990,聯發科兆豐98購01,31000,0,31000,0,0,0,0,0,0,-41000,0,0,0,0,41000,-41000,-10000
056328,訊芯兆豐98購01  ,0,0,0,0,0,0,0,0,0,-10000,0,0,0,0,10000,-10000,-10000
057345,中50統一98購01  ,0,0,0,0,0,0,0,0,0,-10000,0,0,0,0,10000,-10000,-10000
057301,嘉聯益永豐98購02,0,0,0,0,0,0,0,0,0,-10000,0,0,0,0,10000,-10000,-10000
057305,南亞科兆豐98購02,0,0,0,0,0,0,0,0,0,-10000,0,0,0,0,10000,-10000,-10000
057502,訊芯群益98購02  ,0,0,0,0,0,0,0,0,0,-10000,0,0,0,0,10000,-10000,-10000
057240,茂林凱基9A購01  ,0,0,0,0,0,0,0,0,0,-10000,0,0,0,0,10000,-10000,-10000
05722P,玉晶光國票97售03,0,0,0,0,0,0,0,0,0,-10000,0,0,0,1375000,1385000,-10000,-10000
057248,台積電統一98購08,0,0,0,0,0,0,0,0,0,-10000,0,0,0,0,10000,-10000,-10000
05803P,臺股指兆豐96售03,0,0,0,0,0,0,0,0,0,-10000,0,0,0,0,10000,-10000,-10000
05805P,義隆永豐96售02  ,0,0,0,0,0,0,0,0,0,-10000,0,0,0,30000,40000,-10000,-10000
057262,友達兆豐98購03  ,0,0,0,0,0,0,0,0,0,-10000,0,0,0,0,10000,-10000,-10000
057272,台積電元大98購14,0,0,0,0,0,0,0,0,0,-10000,0,0,0,0,10000,-10000,-10000
07048P,台積電中信03售01,0,0,0,0,0,0,0,0,0,-10000,0,0,0,0,10000,-10000,-10000
06928P,鴻海元大99售10  ,0,0,0,0,0,0,0,0,0,-10000,0,0,0,99000,109000,-10000,-10000
06773P,台灣50兆豐9A售01,0,0,0,0,0,0,0,0,0,-10000,0,0,0,0,10000,-10000,-10000
06840P,臺股指統一98售04,0,0,0,0,0,0,0,0,0,-10000,0,0,0,10000,20000,-10000,-10000
06616P,國巨元大98售15  ,0,0,0,0,0,0,0,0,0,-10000,0,0,0,10000,20000,-10000,-10000
06513P,鴻海凱基98售10  ,0,0,0,0,0,0,0,0,0,-10000,0,0,0,0,10000,-10000,-10000
06539P,聯發科凱基98售12,0,0,0,0,0,0,0,0,0,-10000,0,0,0,0,10000,-10000,-10000
06529P,貿聯富邦99售03  ,0,0,0,0,0,0,0,0,0,-10000,0,0,0,0,10000,-10000,-10000
06533P,上証2X中信9B售01,0,0,0,0,0,0,0,0,0,-10000,0,0,0,0,10000,-10000,-10000
06685P,鴻海國泰9A售01  ,0,0,0,0,0,0,0,0,0,-10000,0,0,0,0,10000,-10000,-10000
06717P,可成元大98售09  ,0,0,0,0,0,0,0,0,0,-10000,0,0,0,0,10000,-10000,-10000
06691P,臺股指群益9C售05,0,0,0,0,0,0,0,0,0,-10000,0,0,0,4000,14000,-10000,-10000
07219P,臺股指凱基99售32,0,0,0,0,0,0,0,0,0,-10000,0,0,0,0,10000,-10000,-10000
07230P,滬深2X群益01售02,0,0,0,0,0,0,0,0,0,-10000,0,0,0,0,10000,-10000,-10000
07291P,臺股指凱基99售43,0,0,0,0,0,0,0,0,0,-10000,0,0,0,0,10000,-10000,-10000
07541P,國巨凱基9A售12  ,0,0,0,0,0,0,0,0,0,-10000,0,0,0,0,10000,-10000,-10000
07543P,台積電凱基9A售17,0,0,0,0,0,0,0,0,0,-10000,0,0,0,2000,12000,-10000,-10000
07486P,上証2X國票9B售02,0,0,0,0,0,0,0,0,0,-10000,0,0,0,0,10000,-10000,-10000
07474P,滬深2X群益9C售03,0,0,0,0,0,0,0,0,0,-10000,0,0,0,0,10000,-10000,-10000
07388P,臺股指群益9C售07,0,0,0,0,0,0,0,0,0,-10000,0,0,0,0,10000,-10000,-10000
07912P,玉晶光統一9B售02,0,0,0,0,0,0,0,0,0,-10000,0,0,0,0,10000,-10000,-10000
08484P,台灣50中信96售01,0,0,0,0,0,0,0,0,0,-10000,0,0,0,70000,80000,-10000,-10000
07920P,大立光中信01售01,0,0,0,0,0,0,0,0,0,-10000,0,0,0,22000,32000,-10000,-10000
07635P,世芯永豐9A售05  ,0,0,0,0,0,0,0,0,0,-10000,0,0,0,0,10000,-10000,-10000
07684P,大立光凱基9A售11,0,0,0,0,0,0,0,0,0,-10000,0,0,0,0,10000,-10000,-10000
07668P,旺宏元大9A售10  ,0,0,0,0,0,0,0,0,0,-10000,0,0,0,0,10000,-10000,-10000
07619P,鴻海統一9A售03  ,0,0,0,0,0,0,0,0,0,-10000,0,0,0,0,10000,-10000,-10000
07617P,聯發科中信9C售04,0,0,0,0,0,0,0,0,0,-10000,0,0,0,0,10000,-10000,-10000
07626P,台灣50凱基04售07,0,0,0,0,0,0,0,0,0,-10000,0,0,0,0,10000,-10000,-10000
07627P,超眾凱基9A售02  ,0,0,0,0,0,0,0,0,0,-10000,0,0,0,50000,60000,-10000,-10000
07623P,大立光統一9B售05,0,0,0,0,0,0,0,0,0,-10000,0,0,0,0,10000,-10000,-10000
07576P,可成元大9A售01  ,0,0,0,0,0,0,0,0,0,-10000,0,0,0,0,10000,-10000,-10000
07774P,台灣50群益9A售16,0,0,0,0,0,0,0,0,0,-10000,0,0,0,0,10000,-10000,-10000
1435,中福            ,4000,14000,-10000,0,0,0,0,0,0,0,0,0,0,0,0,0,-10000
2012,春雨            ,8000,18000,-10000,0,0,0,0,0,0,0,0,0,0,0,0,0,-10000
061838,華新科凱基05購03,0,0,0,0,0,0,0,0,0,-11000,0,0,0,11000,22000,-11000,-11000
061767,信邦元大9B購01  ,0,0,0,0,0,0,0,0,0,-11000,0,0,0,5000,16000,-11000,-11000
061240,華新科兆豐9A購01,0,0,0,0,0,0,0,0,0,-11000,0,0,0,0,11000,-11000,-11000
061204,國巨元大9A購16  ,0,0,0,0,0,0,0,0,0,-11000,0,0,0,75000,86000,-11000,-11000
061006,新光金兆豐9A購01,0,0,0,0,0,0,0,0,0,-11000,0,0,0,0,11000,-11000,-11000
060998,華通兆豐9A購01  ,0,0,0,0,0,0,0,0,0,-11000,0,0,0,5000,16000,-11000,-11000
061431,鈺齊元大9A購01  ,0,0,0,0,0,0,0,0,0,-11000,0,0,0,9000,20000,-11000,-11000
061317,旺宏凱基9A購05  ,0,0,0,0,0,0,0,0,0,-11000,0,0,0,32000,43000,-11000,-11000
060818,上銀統一9C購01  ,0,0,0,0,0,0,0,0,0,-11000,0,0,0,25000,36000,-11000,-11000
060457,中橡元大9A購02  ,0,0,0,0,0,0,0,0,0,-11000,0,0,0,119000,130000,-11000,-11000
05998P,台積電元大97售12,0,0,0,0,0,0,0,0,0,-11000,0,0,0,299000,310000,-11000,-11000
059637,大立光凱基01購01,0,0,0,0,0,0,0,0,0,-11000,0,0,0,0,11000,-11000,-11000
059532,華新科凱基9B購03,0,0,0,0,0,0,0,0,0,-11000,0,0,0,9000,20000,-11000,-11000
059702,台積電凱基9A購14,0,0,0,0,0,0,0,0,0,-11000,0,0,0,10000,21000,-11000,-11000
059694,創意永豐99購03  ,0,0,0,0,0,0,0,0,0,-11000,0,0,0,9000,20000,-11000,-11000
058080,台積電群益98購06,0,0,0,0,0,0,0,0,0,-11000,0,0,0,16000,27000,-11000,-11000
058133,華新科元大9A購02,0,0,0,0,0,0,0,0,0,-11000,0,0,0,0,11000,-11000,-11000
054479,緯創中信98購01  ,0,0,0,0,0,0,0,0,0,-11000,0,0,0,40000,51000,-11000,-11000
054720,禾伸堂永豐97購01,0,0,0,0,0,0,0,0,0,-11000,0,0,0,70000,81000,-11000,-11000
054964,智易元大99購01  ,0,0,0,0,0,0,0,0,0,-11000,0,0,0,10000,21000,-11000,-11000
053758,華新科國泰97購02,0,0,0,0,0,0,0,0,0,-11000,0,0,0,0,11000,-11000,-11000
050754,元金2X元富9B購01,0,0,0,0,0,0,0,0,0,-11000,0,0,0,0,11000,-11000,-11000
00673R,元大S&P原油反1  ,0,0,0,0,0,0,0,0,0,-11000,0,0,0,454000,465000,-11000,-11000
052492,易華電國票96購02,0,0,0,0,0,0,0,0,0,-11000,0,0,0,0,11000,-11000,-11000
057251,泰鼎統一98購02  ,0,0,0,0,0,0,0,0,0,-11000,0,0,0,0,11000,-11000,-11000
057571,泰碩永豐98購01  ,0,0,0,0,0,0,0,0,0,-11000,0,0,0,25000,36000,-11000,-11000
057431,京鼎兆豐98購02  ,0,0,0,0,0,0,0,0,0,-11000,0,0,0,10000,21000,-11000,-11000
059174,訊芯凱基99購01  ,0,0,0,0,0,0,0,0,0,-11000,0,0,0,12000,23000,-11000,-11000
059115,美食永豐99購01  ,0,0,0,0,0,0,0,0,0,-11000,0,0,0,85000,96000,-11000,-11000
059035,旺宏群益99購06  ,0,0,0,0,0,0,0,0,0,-11000,0,0,0,0,11000,-11000,-11000
057164,國巨元大98購14  ,0,0,0,0,0,0,0,0,0,-11000,0,0,0,60000,71000,-11000,-11000
056203,興富發永豐97購01,0,0,0,0,0,0,0,0,0,-11000,0,0,0,57000,68000,-11000,-11000
058777,台光電國票9A購01,0,0,0,0,0,0,0,0,0,-11000,0,0,0,10000,21000,-11000,-11000
056408,奇鋐國票99購01  ,0,0,0,0,0,0,0,0,0,-11000,0,0,0,5000,16000,-11000,-11000
056634,為升兆豐99購01  ,0,0,0,0,0,0,0,0,0,-11000,0,0,0,0,11000,-11000,-11000
056572,義隆元大99購01  ,0,0,0,0,0,0,0,0,0,-11000,0,0,0,22000,33000,-11000,-11000
057656,大成鋼兆豐98購01,0,0,0,0,0,0,0,0,0,-11000,0,0,0,69000,80000,-11000,-11000
058693,旭富國票9A購01  ,0,0,0,0,0,0,0,0,0,-11000,0,0,0,4000,15000,-11000,-11000
2399,映泰            ,62000,74000,-12000,0,0,0,0,0,0,1000,1000,0,1000,0,0,0,-11000
08674P,嘉晶元富07售02  ,0,0,0,0,0,0,0,0,0,-11000,0,0,0,12000,23000,-11000,-11000
07840P,康控元大9A售02  ,0,0,0,0,0,0,0,0,0,-11000,0,0,0,0,11000,-11000,-11000
07341P,台積電凱基99售18,0,0,0,0,0,0,0,0,0,-11000,0,0,0,24000,35000,-11000,-11000
07333P,台灣50國票9B售03,0,0,0,0,0,0,0,0,0,-11000,0,0,0,0,11000,-11000,-11000
07448P,台灣50元大9A售08,0,0,0,0,0,0,0,0,0,-11000,0,0,0,0,11000,-11000,-11000
06668P,祥碩凱基98售02  ,0,0,0,0,0,0,0,0,0,-11000,0,0,0,11000,22000,-11000,-11000
2459,敦吉            ,45000,56000,-11000,0,0,0,0,0,0,0,0,0,0,0,0,0,-11000
059673,玉山金元富99購01,0,0,0,0,0,0,0,0,0,-12000,0,0,0,20000,32000,-12000,-12000
059789,貿聯元大9A購02  ,0,0,0,0,0,0,0,0,0,-12000,0,0,0,16000,28000,-12000,-12000
059824,大立光凱基99購13,0,0,0,0,0,0,0,0,0,-12000,0,0,0,0,12000,-12000,-12000
059968,世紀鋼凱基99購03,0,0,0,0,0,0,0,0,0,-12000,0,0,0,0,12000,-12000,-12000
060183,南亞科元富9A購01,0,0,0,0,0,0,0,0,0,-12000,0,0,0,0,12000,-12000,-12000
060229,楠梓電元大9C購01,0,0,0,0,0,0,0,0,0,-12000,0,0,0,24000,36000,-12000,-12000
060351,滬深2X元富9A購01,0,0,0,0,0,0,0,0,0,-12000,0,0,0,34000,46000,-12000,-12000
060643,牧德永豐9A購03  ,0,0,0,0,0,0,0,0,0,-12000,0,0,0,221000,233000,-12000,-12000
060486,中租富邦9A購01  ,0,0,0,0,0,0,0,0,0,-12000,0,0,0,0,12000,-12000,-12000
061010,上銀麥證9A購02  ,0,0,0,1000,13000,-12000,0,0,0,-12000,0,0,0,1000,13000,-12000,-12000
060987,華新科元大9A購11,0,0,0,0,0,0,0,0,0,-12000,0,0,0,0,12000,-12000,-12000
061265,富邦金凱基9B購01,0,0,0,0,0,0,0,0,0,-12000,0,0,0,82000,94000,-12000,-12000
061724,訊芯永豐9A購01  ,0,0,0,0,0,0,0,0,0,-12000,0,0,0,15000,27000,-12000,-12000
061637,華新科元大9A購22,0,0,0,0,0,0,0,0,0,-12000,0,0,0,0,12000,-12000,-12000
061821,祥碩群益9B購02  ,0,0,0,0,0,0,0,0,0,-12000,0,0,0,198000,210000,-12000,-12000
061975,華通元大9B購01  ,0,0,0,0,0,0,0,0,0,-12000,0,0,0,66000,78000,-12000,-12000
062129,世紀鋼統一02購01,0,0,0,0,0,0,0,0,0,-12000,0,0,0,0,12000,-12000,-12000
062264,南六元大9B購02  ,0,0,0,0,0,0,0,0,0,-12000,0,0,0,0,12000,-12000,-12000
06262P,國巨凱基97售07  ,0,0,0,0,0,0,0,0,0,-12000,0,0,0,0,12000,-12000,-12000
047564,滬深2X國票99購01,0,0,0,0,0,0,0,0,0,-12000,0,0,0,559000,571000,-12000,-12000
048747,華通元富97購01  ,0,0,0,0,0,0,0,0,0,-12000,0,0,0,5000,17000,-12000,-12000
03679C,臺股指元大04牛04,0,0,0,0,0,0,0,0,0,-12000,0,0,0,0,12000,-12000,-12000
042953,鴻海台新01購01  ,0,0,0,0,0,0,0,0,0,-12000,0,0,0,0,12000,-12000,-12000
055426,旺宏群益99購02  ,0,0,0,0,0,0,0,0,0,-12000,0,0,0,15000,27000,-12000,-12000
05528P,臺股指群益96售01,0,0,0,0,0,0,0,0,0,-12000,0,0,0,6000,18000,-12000,-12000
058127,FBVIX元大9C購01 ,0,0,0,0,0,0,0,0,0,-12000,0,0,0,0,12000,-12000,-12000
058077,超眾凱基98購02  ,0,0,0,0,0,0,0,0,0,-12000,0,0,0,0,12000,-12000,-12000
058078,景碩國票99購01  ,0,0,0,0,0,0,0,0,0,-12000,0,0,0,15000,27000,-12000,-12000
058187,泰碩永豐99購01  ,0,0,0,0,0,0,0,0,0,-12000,0,0,0,10000,22000,-12000,-12000
058289,奇鋐國票9A購01  ,0,0,0,0,0,0,0,0,0,-12000,0,0,0,0,12000,-12000,-12000
054231,國巨群益98購03  ,0,0,0,0,0,0,0,0,0,-12000,0,0,0,107000,119000,-12000,-12000
053186,健策中信9C購01  ,0,0,0,0,0,0,0,0,0,-12000,0,0,0,0,12000,-12000,-12000
056866,矽創群益98購03  ,0,0,0,0,0,0,0,0,0,-12000,0,0,0,10000,22000,-12000,-12000
056921,京元電兆豐98購01,0,0,0,0,0,0,0,0,0,-12000,0,0,0,32000,44000,-12000,-12000
056200,大毅永豐98購01  ,0,0,0,0,0,0,0,0,0,-12000,0,0,0,10000,22000,-12000,-12000
056237,智邦群益97購02  ,0,0,0,0,0,0,0,0,0,-12000,0,0,0,8000,20000,-12000,-12000
05902P,華通國票96售02  ,0,0,0,0,0,0,0,0,0,-12000,0,0,0,4000,16000,-12000,-12000
059359,精元永豐99購01  ,0,0,0,0,0,0,0,0,0,-12000,0,0,0,93000,105000,-12000,-12000
057499,奇鋐群益98購01  ,0,0,0,0,0,0,0,0,0,-12000,0,0,0,11000,23000,-12000,-12000
057587,微星國票99購01  ,0,0,0,0,0,0,0,0,0,-12000,0,0,0,20000,32000,-12000,-12000
05758P,光罩永豐96售02  ,0,0,0,0,0,0,0,0,0,-12000,0,0,0,0,12000,-12000,-12000
057198,智伸科統一9B購01,0,0,0,0,0,0,0,0,0,-12000,0,0,0,0,12000,-12000,-12000
057877,神達元大99購01  ,0,0,0,0,0,0,0,0,0,-12000,0,0,0,0,12000,-12000,-12000
057417,國巨凱基9A購03  ,0,0,0,0,0,0,0,0,0,-12000,0,0,0,0,12000,-12000,-12000
056970,TPK永豐98購01   ,0,0,0,0,0,0,0,0,0,-12000,0,0,0,0,12000,-12000,-12000
06636P,可成凱基98售08  ,0,0,0,0,0,0,0,0,0,-12000,0,0,0,6000,18000,-12000,-12000
07519P,臺股指元大9B售10,0,0,0,0,0,0,0,0,0,-12000,0,0,0,0,12000,-12000,-12000
07392P,台積電國泰02售01,0,0,0,0,0,0,0,0,0,-12000,0,0,0,0,12000,-12000,-12000
07133P,臺股指元大9A售27,0,0,0,0,0,0,0,0,0,-12000,0,0,0,28000,40000,-12000,-12000
1531,高林股          ,2000,14000,-12000,0,0,0,0,0,0,0,0,0,0,0,0,0,-12000
061964,台積電統一01購05,0,0,0,0,0,0,0,0,0,-13000,0,0,0,1000,14000,-13000,-13000
060849,力成國票9A購01  ,0,0,0,0,0,0,0,0,0,-13000,0,0,0,160000,173000,-13000,-13000
060886,國巨統一01購03  ,1000,0,1000,0,0,0,0,0,0,-14000,0,0,0,22000,36000,-14000,-13000
060943,宏達電國票9B購02,0,0,0,0,0,0,0,0,0,-13000,0,0,0,0,13000,-13000,-13000
059964,元金2X凱基99購02,0,0,0,0,0,0,0,0,0,-13000,0,0,0,2000,15000,-13000,-13000
059795,鴻海國票99購07  ,0,0,0,0,0,0,0,0,0,-13000,0,0,0,85000,98000,-13000,-13000
059935,國巨永豐99購07  ,0,0,0,0,0,0,0,0,0,-13000,0,0,0,10000,23000,-13000,-13000
053033,智易兆豐97購01  ,0,0,0,0,0,0,0,0,0,-13000,0,0,0,80000,93000,-13000,-13000
054170,泰鼎凱基98購01  ,0,0,0,0,0,0,0,0,0,-13000,0,0,0,0,13000,-13000,-13000
055157,晶豪科元大97購01,0,0,0,0,0,0,0,0,0,-13000,0,0,0,64000,77000,-13000,-13000
053648,台積電凱基97購04,0,0,0,0,0,0,0,0,0,-13000,0,0,0,0,13000,-13000,-13000
058459,南電永豐99購01  ,0,0,0,0,0,0,0,0,0,-13000,0,0,0,11000,24000,-13000,-13000
058371,智原凱基9A購01  ,0,0,0,0,0,0,0,0,0,-13000,0,0,0,12000,25000,-13000,-13000
00714,群益道瓊美國地產,0,0,0,0,0,0,0,0,0,-13000,0,0,0,2000,15000,-13000,-13000
0055,元大MSCI金融    ,0,0,0,0,0,0,0,0,0,-13000,0,0,0,12000,25000,-13000,-13000
057811,南亞科元大98購08,0,0,0,0,0,0,0,0,0,-13000,0,0,0,0,13000,-13000,-13000
057283,欣興元大98購07  ,0,0,0,0,0,0,0,0,0,-13000,0,0,0,0,13000,-13000,-13000
058532,禾伸堂元富99購01,0,0,0,0,0,0,0,0,0,-13000,0,0,0,20000,33000,-13000,-13000
05905P,晶技統一97售01  ,0,0,0,0,0,0,0,0,0,-13000,0,0,0,18000,31000,-13000,-13000
059245,聯發科凱基9A購03,0,0,0,0,0,0,0,0,0,-13000,0,0,0,0,13000,-13000,-13000
055505,新唐元大97購02  ,0,0,0,0,0,0,0,0,0,-13000,0,0,0,10000,23000,-13000,-13000
058602,台積電元大99購11,0,0,0,0,0,0,0,0,0,-13000,0,0,0,0,13000,-13000,-13000
058575,智邦群益99購01  ,0,0,0,0,0,0,0,0,0,-13000,0,0,0,0,13000,-13000,-13000
1526,日馳            ,42000,55000,-13000,0,0,0,0,0,0,0,0,0,0,0,0,0,-13000
07893P,臺股指國票9B售03,0,0,0,0,0,0,0,0,0,-13000,0,0,0,0,13000,-13000,-13000
07752P,台灣50元大9C售33,0,0,0,0,0,0,0,0,0,-13000,0,0,0,0,13000,-13000,-13000
07094P,華通國票9A售03  ,0,0,0,0,0,0,0,0,0,-13000,0,0,0,10000,23000,-13000,-13000
2851,中再保          ,45000,58000,-13000,0,0,0,0,0,0,0,0,0,0,0,0,0,-13000
4104,佳醫            ,30000,43000,-13000,0,0,0,0,0,0,0,0,0,0,0,0,0,-13000
6715,嘉基            ,0,8000,-8000,0,0,0,0,0,0,-5000,0,5000,-5000,0,0,0,-13000
00668,國泰美國道瓊    ,0,0,0,0,0,0,0,0,0,-13567,0,0,0,62000,75567,-13567,-13567
059887,華新科國票99購02,0,0,0,0,0,0,0,0,0,-14000,0,0,0,0,14000,-14000,-14000
059965,鴻海凱基99購16  ,100000,0,100000,0,0,0,0,0,0,-114000,0,0,0,81000,195000,-114000,-14000
059996,美律元富99購01  ,0,0,0,0,0,0,0,0,0,-14000,0,0,0,38000,52000,-14000,-14000
060040,康控國票99購04  ,0,0,0,0,0,0,0,0,0,-14000,0,0,0,9000,23000,-14000,-14000
060774,南亞科凱基9A購01,0,0,0,0,0,0,0,0,0,-14000,0,0,0,19000,33000,-14000,-14000
060620,玉晶光元大9A購04,0,0,0,0,0,0,0,0,0,-14000,0,0,0,114000,128000,-14000,-14000
061930,臺股指凱基9B購05,0,0,0,0,0,0,0,0,0,-14000,0,0,0,12000,26000,-14000,-14000
062144,華通國票9B購01  ,0,0,0,0,0,0,0,0,0,-14000,0,0,0,0,14000,-14000,-14000
062178,上銀元大9B購03  ,0,0,0,0,0,0,0,0,0,-14000,0,0,0,0,14000,-14000,-14000
062166,致新國泰01購01  ,0,0,0,0,0,0,0,0,0,-14000,0,0,0,0,14000,-14000,-14000
00731,FH富時高息低波  ,1000,1000,0,0,0,0,0,0,0,-14000,0,0,0,557000,571000,-14000,-14000
054484,仁寶台新96購01  ,0,0,0,0,0,0,0,0,0,-14000,0,0,0,38000,52000,-14000,-14000
053206,聯發科麥證96購02,0,0,0,0,14000,-14000,0,0,0,-14000,0,0,0,0,14000,-14000,-14000
053111,緯創兆豐97購01  ,0,0,0,0,0,0,0,0,0,-14000,0,0,0,0,14000,-14000,-14000
058654,鴻海中信03購01  ,0,0,0,0,0,0,0,0,0,-14000,0,0,0,25000,39000,-14000,-14000
055690,矽力凱基97購02  ,0,0,0,0,0,0,0,0,0,-14000,0,0,0,0,14000,-14000,-14000
056619,強茂永豐98購01  ,0,0,0,0,0,0,0,0,0,-14000,0,0,0,36000,50000,-14000,-14000
056214,義隆國票99購01  ,0,0,0,0,0,0,0,0,0,-14000,0,0,0,28000,42000,-14000,-14000
057524,旺宏元大99購04  ,0,0,0,0,0,0,0,0,0,-14000,0,0,0,1000,15000,-14000,-14000
057386,聯發科永豐98購04,0,0,0,0,0,0,0,0,0,-14000,0,0,0,0,14000,-14000,-14000
4555,氣立            ,22000,31000,-9000,0,0,0,0,0,0,-5000,9000,14000,-5000,0,0,0,-14000
4952,凌通            ,14000,28000,-14000,0,0,0,0,0,0,0,0,0,0,0,0,0,-14000
2636,台驊投控        ,39000,53000,-14000,0,0,0,0,0,0,0,0,0,0,0,0,0,-14000
07184P,台灣50元富01售01,0,0,0,0,0,0,0,0,0,-14000,0,0,0,30000,44000,-14000,-14000
07434P,臺股指國票9A售06,0,0,0,0,0,0,0,0,0,-14000,0,0,0,21000,35000,-14000,-14000
06638P,鴻海統一99售02  ,0,0,0,0,0,0,0,0,0,-14000,0,0,0,22000,36000,-14000,-14000
06516P,國巨凱基98售08  ,0,0,0,0,0,0,0,0,0,-14000,0,0,0,28000,42000,-14000,-14000
06621P,欣興元大98售06  ,0,0,0,0,0,0,0,0,0,-14000,0,0,0,1000,15000,-14000,-14000
06535P,可成群益99售02  ,0,0,0,0,0,0,0,0,0,-14000,0,0,0,0,14000,-14000,-14000
07027P,台積電群益99售04,0,0,0,0,0,0,0,0,0,-14000,0,0,0,44000,58000,-14000,-14000
07848P,旺宏群益9B售01  ,0,0,0,0,0,0,0,0,0,-14000,0,0,0,22000,36000,-14000,-14000
1446,宏和            ,5000,19000,-14000,0,0,0,0,0,0,0,0,0,0,0,0,0,-14000
062082,嘉晶元大9B購01  ,0,0,0,0,0,0,0,0,0,-15000,0,0,0,78000,93000,-15000,-15000
062215,華通統一9B購01  ,0,0,0,0,0,0,0,0,0,-15000,0,0,0,0,15000,-15000,-15000
062258,奇力新元大9B購03,0,0,0,0,0,0,0,0,0,-15000,0,0,0,0,15000,-15000,-15000
061955,FANG+統一9B購01 ,0,0,0,0,0,0,0,0,0,-15000,0,0,0,0,15000,-15000,-15000
061834,華新科凱基02購02,0,0,0,0,0,0,0,0,0,-15000,0,0,0,0,15000,-15000,-15000
061674,聯發科元大9A購12,0,0,0,0,0,0,0,0,0,-15000,0,0,0,15000,30000,-15000,-15000
060985,聯發科元大9A購06,0,0,0,0,0,0,0,0,0,-15000,0,0,0,0,15000,-15000,-15000
061395,健策統一9C購02  ,0,0,0,0,0,0,0,0,0,-15000,0,0,0,136000,151000,-15000,-15000
061492,超眾兆豐9B購01  ,0,0,0,0,0,0,0,0,0,-15000,0,0,0,50000,65000,-15000,-15000
060586,玉晶光元富9A購03,0,0,0,0,0,0,0,0,0,-15000,0,0,0,48000,63000,-15000,-15000
060377,鴻海台新9A購01  ,0,0,0,0,0,0,0,0,0,-15000,0,0,0,0,15000,-15000,-15000
06041P,全新永豐96售03  ,0,0,0,0,0,0,0,0,0,-15000,0,0,0,0,15000,-15000,-15000
060671,亞德客元大9A購03,0,0,0,0,0,0,0,0,0,-15000,0,0,0,56000,71000,-15000,-15000
060052,宏碁凱基99購01  ,0,0,0,0,0,0,0,0,0,-15000,0,0,0,0,15000,-15000,-15000
060118,臺指反富邦9C購01,0,0,0,0,0,0,0,0,0,-15000,0,0,0,0,15000,-15000,-15000
060244,大立光元大9B購02,0,0,0,0,0,0,0,0,0,-15000,0,0,0,119000,134000,-15000,-15000
060166,佐登永豐9A購01  ,0,0,0,0,0,0,0,0,0,-15000,0,0,0,10000,25000,-15000,-15000
059923,緯穎元大99購09  ,0,0,0,0,0,0,0,0,0,-15000,0,0,0,75000,90000,-15000,-15000
059728,聯鈞元大99購01  ,0,0,0,0,0,0,0,0,0,-15000,0,0,0,2000,17000,-15000,-15000
053380,南亞科元大97購01,0,0,0,0,0,0,0,0,0,-15000,0,0,0,0,15000,-15000,-15000
05304P,國巨國泰97售02  ,0,0,0,0,0,0,0,0,0,-15000,0,0,0,5000,20000,-15000,-15000
05306P,泰碩國泰97售01  ,0,0,0,0,0,0,0,0,0,-15000,0,0,0,50000,65000,-15000,-15000
055036,中工富邦9B購01  ,0,0,0,0,0,0,0,0,0,-15000,0,0,0,25000,40000,-15000,-15000
055382,台郡元大99購01  ,0,0,0,0,0,0,0,0,0,-15000,0,0,0,0,15000,-15000,-15000
055352,奇力新凱基97購01,0,0,0,0,0,0,0,0,0,-15000,0,0,0,49000,64000,-15000,-15000
054547,鴻海凱基98購02  ,0,0,0,0,0,0,0,0,0,-15000,0,0,0,20000,35000,-15000,-15000
057533,晶相光元大98購02,0,0,0,0,0,0,0,0,0,-15000,0,0,0,12000,27000,-15000,-15000
057477,智邦元大98購09  ,0,0,0,0,0,0,0,0,0,-15000,0,0,0,0,15000,-15000,-15000
057577,廣宇中信9A購01  ,0,0,0,0,0,0,0,0,0,-15000,0,0,0,398000,413000,-15000,-15000
058006,台郡群益98購04  ,0,0,0,0,0,0,0,0,0,-15000,0,0,0,0,15000,-15000,-15000
058985,可成凱基99購03  ,0,0,0,0,0,0,0,0,0,-15000,0,0,0,4000,19000,-15000,-15000
057178,可成元大98購03  ,0,0,0,0,0,0,0,0,0,-15000,0,0,0,36000,51000,-15000,-15000
059430,台積電元大99購36,0,0,0,0,0,0,0,0,0,-15000,0,0,0,0,15000,-15000,-15000
056585,台積電統一9A購01,0,0,0,0,0,0,0,0,0,-15000,0,0,0,0,15000,-15000,-15000
056635,亞德客日盛99購01,0,0,0,0,0,0,0,0,0,-15000,0,0,0,4000,19000,-15000,-15000
055509,訊芯元大97購03  ,0,0,0,0,0,0,0,0,0,-15000,0,0,0,0,15000,-15000,-15000
057726,華通國泰9A購01  ,0,0,0,0,0,0,0,0,0,-15000,0,0,0,0,15000,-15000,-15000
057651,矽力元大98購03  ,0,0,0,0,0,0,0,0,0,-15000,0,0,0,21000,36000,-15000,-15000
057614,華新科元富99購04,0,0,0,0,0,0,0,0,0,-15000,0,0,0,0,15000,-15000,-15000
055931,冠德群益97購02  ,0,0,0,0,0,0,0,0,0,-15000,0,0,0,0,15000,-15000,-15000
2015,豐興            ,100000,130000,-30000,0,0,0,0,0,0,15000,15000,0,15000,0,0,0,-15000
07694P,超眾元大9A售05  ,0,0,0,0,0,0,0,0,0,-15000,0,0,0,50000,65000,-15000,-15000
07677P,祥碩永豐9A售01  ,0,0,0,0,0,0,0,0,0,-15000,0,0,0,90000,105000,-15000,-15000
06490P,鴻海富邦99售02  ,0,0,0,0,0,0,0,0,0,-15000,0,0,0,0,15000,-15000,-15000
06676P,華新科國票98售03,0,0,0,0,0,0,0,0,0,-15000,0,0,0,0,15000,-15000,-15000
07559P,祥碩元大9A售03  ,0,0,0,0,0,0,0,0,0,-15000,0,0,0,5000,20000,-15000,-15000
07163P,臺股指群益99售14,0,0,0,0,0,0,0,0,0,-15000,0,0,0,14000,29000,-15000,-15000
3419,譁裕            ,48000,64000,-16000,0,0,0,0,0,0,1000,1000,0,1000,0,0,0,-15000
9902,台火            ,3000,18000,-15000,0,0,0,0,0,0,0,0,0,0,0,0,0,-15000
060161,牧德永豐9A購02  ,0,0,0,0,0,0,0,0,0,-16000,0,0,0,57000,73000,-16000,-16000
059958,鎧勝康和99購01  ,0,0,0,0,0,0,0,0,0,-16000,0,0,0,0,16000,-16000,-16000
060884,超眾中信9B購01  ,0,0,0,0,0,0,0,0,0,-16000,0,0,0,0,16000,-16000,-16000
060380,T50反1凱基9A購08,0,0,0,0,0,0,0,0,0,-16000,0,0,0,200000,216000,-16000,-16000
061572,奇力新元大9A購04,0,0,0,0,0,0,0,0,0,-16000,0,0,0,0,16000,-16000,-16000
061410,緯穎國票9A購03  ,0,0,0,0,0,0,0,0,0,-16000,0,0,0,2000,18000,-16000,-16000
061371,嘉澤國泰9C購01  ,0,0,0,0,0,0,0,0,0,-16000,0,0,0,263000,279000,-16000,-16000
06256P,臺股指群益97售09,0,0,0,0,0,0,0,0,0,-16000,0,0,0,2000,18000,-16000,-16000
061990,台勝科元大9C購01,0,0,0,0,0,0,0,0,0,-16000,0,0,0,57000,73000,-16000,-16000
061997,台郡元大9B購03  ,0,0,0,0,0,0,0,0,0,-16000,0,0,0,43000,59000,-16000,-16000
049463,華新科富邦97購01,0,0,0,0,0,0,0,0,0,-16000,0,0,0,0,16000,-16000,-16000
058520,智易元大99購03  ,0,0,0,0,0,0,0,0,0,-16000,0,0,0,230000,246000,-16000,-16000
058636,亞光兆豐9A購01  ,0,0,0,0,0,0,0,0,0,-16000,0,0,0,0,16000,-16000,-16000
05861P,瀚宇博永豐96售02,0,0,0,0,0,0,0,0,0,-16000,0,0,0,0,16000,-16000,-16000
055533,大立光群益97購03,0,0,0,0,0,0,0,0,0,-16000,0,0,0,58000,74000,-16000,-16000
05606P,TPK國票97售02   ,0,0,0,0,0,0,0,0,0,-16000,0,0,0,36000,52000,-16000,-16000
056519,創意國票99購01  ,0,0,0,0,0,0,0,0,0,-16000,0,0,0,12000,28000,-16000,-16000
056511,超眾永豐98購01  ,0,0,0,0,0,0,0,0,0,-16000,0,0,0,0,16000,-16000,-16000
059404,鴻海台新99購03  ,0,0,0,0,0,0,0,0,0,-16000,0,0,0,0,16000,-16000,-16000
059069,臺指反元大9C購01,0,0,0,0,0,0,0,0,0,-16000,0,0,0,4000,20000,-16000,-16000
057075,嘉聯益永豐98購01,0,0,0,0,0,0,0,0,0,-16000,0,0,0,68000,84000,-16000,-16000
058036,南電永豐98購01  ,0,0,0,0,0,0,0,0,0,-16000,0,0,0,20000,36000,-16000,-16000
058793,鴻海元大99購19  ,0,0,0,0,0,0,0,0,0,-16000,0,0,0,140000,156000,-16000,-16000
07259P,滬深2X國票01售01,0,0,0,0,0,0,0,0,0,-16000,0,0,0,7000,23000,-16000,-16000
07574P,國巨元大9A售12  ,0,0,0,0,0,0,0,0,0,-16000,0,0,0,1000,17000,-16000,-16000
07712P,茂林元大9A售03  ,0,0,0,0,0,0,0,0,0,-16000,0,0,0,18000,34000,-16000,-16000
07845P,南亞科元大9A售08,0,0,0,0,0,0,0,0,0,-16000,0,0,0,0,16000,-16000,-16000
07941P,國巨凱基9B售07  ,0,0,0,0,0,0,0,0,0,-16000,0,0,0,0,16000,-16000,-16000
2358,廷鑫            ,5000,21000,-16000,0,0,0,0,0,0,0,0,0,0,0,0,0,-16000
1340,勝悅-KY         ,11000,27000,-16000,0,0,0,0,0,0,0,0,0,0,0,0,0,-16000
1558,伸興            ,12000,28000,-16000,0,0,0,0,0,0,0,0,0,0,0,0,0,-16000
06378P,國巨統一97售08  ,0,0,0,0,0,0,0,0,0,-17000,0,0,0,7000,24000,-17000,-17000
061362,台塑國票9B購01  ,0,0,0,0,0,0,0,0,0,-17000,0,0,0,12000,29000,-17000,-17000
061049,奇力新中信9A購02,0,0,0,0,0,0,0,0,0,-17000,0,0,0,0,17000,-17000,-17000
061050,康友中信9A購01  ,0,0,0,0,0,0,0,0,0,-17000,0,0,0,0,17000,-17000,-17000
060871,台灣50中信01購03,0,0,0,0,0,0,0,0,0,-17000,0,0,0,63000,80000,-17000,-17000
060685,康友元大9A購01  ,0,0,0,0,0,0,0,0,0,-17000,0,0,0,1000,18000,-17000,-17000
059720,台積電元大99購43,0,0,0,0,0,0,0,0,0,-17000,0,0,0,0,17000,-17000,-17000
059762,禾伸堂永豐99購02,0,0,0,0,0,0,0,0,0,-17000,0,0,0,0,17000,-17000,-17000
059871,義隆凱基99購03  ,0,0,0,0,0,0,0,0,0,-17000,0,0,0,8000,25000,-17000,-17000
00703,台新MSCI中國    ,0,0,0,0,0,0,0,0,0,-17000,0,0,0,83000,100000,-17000,-17000
052904,冠德國票97購01  ,0,0,0,0,0,0,0,0,0,-17000,0,0,0,3000,20000,-17000,-17000
055460,華擎永豐97購01  ,0,0,0,0,0,0,0,0,0,-17000,0,0,0,0,17000,-17000,-17000
058458,牧德永豐9A購01  ,0,0,0,0,0,0,0,0,0,-17000,0,0,0,8000,25000,-17000,-17000
053628,微星兆豐96購01  ,0,0,0,0,0,0,0,0,0,-17000,0,0,0,3000,20000,-17000,-17000
053337,聯電國票97購01  ,0,0,0,0,0,0,0,0,0,-17000,0,0,0,10000,27000,-17000,-17000
057785,智邦國票99購02  ,0,0,0,0,0,0,0,0,0,-17000,0,0,0,26000,43000,-17000,-17000
057377,康控元大99購02  ,0,0,0,0,0,0,0,0,0,-17000,0,0,0,226000,243000,-17000,-17000
057065,牧德富邦99購01  ,0,0,0,0,0,0,0,0,0,-17000,0,0,0,0,17000,-17000,-17000
059014,SGBR2X元富03購01,0,0,0,0,0,0,0,0,0,-17000,0,0,0,5000,22000,-17000,-17000
059254,台表科凱基9A購02,0,0,0,0,0,0,0,0,0,-17000,0,0,0,3000,20000,-17000,-17000
055776,宏達電凱基98購02,0,0,0,0,0,0,0,0,0,-17000,0,0,0,50000,67000,-17000,-17000
055744,茂林元富97購02  ,0,0,0,0,0,0,0,0,0,-17000,0,0,0,83000,100000,-17000,-17000
058909,神達元大99購03  ,0,0,0,0,0,0,0,0,0,-17000,0,0,0,7000,24000,-17000,-17000
056749,滬深2X兆豐99購01,0,0,0,0,0,0,0,0,0,-17000,0,0,0,108000,125000,-17000,-17000
055849,聯詠元大97購05  ,0,0,0,0,0,0,0,0,0,-17000,0,0,0,103000,120000,-17000,-17000
07886P,國巨國票9B售06  ,0,0,0,0,0,0,0,0,0,-17000,0,0,0,3000,20000,-17000,-17000
07620P,國巨統一9B售07  ,0,0,0,0,0,0,0,0,0,-17000,0,0,0,3000,20000,-17000,-17000
07301P,臺股指元大9A售34,0,0,0,0,0,0,0,0,0,-17000,0,0,0,13000,30000,-17000,-17000
06721P,臺股指中信9A售03,0,0,0,0,0,0,0,0,0,-17000,0,0,0,50000,67000,-17000,-17000
4737,華廣            ,8000,25000,-17000,0,0,0,0,0,0,0,0,0,0,0,0,0,-17000
6224,聚鼎            ,26000,49000,-23000,0,0,0,0,0,0,6000,6000,0,6000,0,0,0,-17000
2374,佳能            ,35100,53000,-17900,0,0,0,0,0,0,0,1000,1000,0,0,0,0,-17900
060020,康控康和99購01  ,0,0,0,0,0,0,0,0,0,-18000,0,0,0,2000,20000,-18000,-18000
06083P,華通統一98售02  ,0,0,0,0,0,0,0,0,0,-18000,0,0,0,4000,22000,-18000,-18000
061012,國巨麥證9A購03  ,0,0,0,2000,20000,-18000,0,0,0,-18000,0,0,0,2000,20000,-18000,-18000
061287,大立光統一9B購06,0,0,0,0,0,0,0,0,0,-18000,0,0,0,18000,36000,-18000,-18000
061564,華擎國票9A購02  ,0,0,0,0,0,0,0,0,0,-18000,0,0,0,38000,56000,-18000,-18000
06232P,智易永豐97售01  ,0,0,0,0,0,0,0,0,0,-18000,0,0,0,0,18000,-18000,-18000
062181,義隆元大9B購03  ,0,0,0,0,0,0,0,0,0,-18000,0,0,0,17000,35000,-18000,-18000
062049,亞德客統一01購01,0,0,0,0,0,0,0,0,0,-18000,0,0,0,0,18000,-18000,-18000
062080,奇力新元大9B購02,0,0,0,0,0,0,0,0,0,-18000,0,0,0,2000,20000,-18000,-18000
054098,嘉晶國票97購04  ,0,0,0,0,0,0,0,0,0,-18000,0,0,0,36000,54000,-18000,-18000
052999,臺股指康和96購01,0,0,0,0,0,0,0,0,0,-18000,0,0,0,0,18000,-18000,-18000
053382,友達元大9C購02  ,0,0,0,0,0,0,0,0,0,-18000,0,0,0,0,18000,-18000,-18000
058364,奇力新凱基99購04,0,0,0,0,0,0,0,0,0,-18000,0,0,0,20000,38000,-18000,-18000
054831,緯穎國泰98購01  ,0,0,0,0,0,0,0,0,0,-18000,0,0,0,0,18000,-18000,-18000
055442,矽創國票98購02  ,0,0,0,0,0,0,0,0,0,-18000,0,0,0,17000,35000,-18000,-18000
058660,樺漢中信9A購01  ,0,0,0,0,0,0,0,0,0,-18000,0,0,0,2000,20000,-18000,-18000
057644,奇力新元大98購04,0,0,0,0,0,0,0,0,0,-18000,0,0,0,50000,68000,-18000,-18000
055953,上銀元大97購09  ,0,0,0,0,0,0,0,0,0,-18000,0,0,0,0,18000,-18000,-18000
057678,臺股指元大98購08,0,0,0,0,0,0,0,0,0,-18000,0,0,0,0,18000,-18000,-18000
056470,旺宏元大99購01  ,0,0,0,0,0,0,0,0,0,-18000,0,0,0,22000,40000,-18000,-18000
056326,TPK兆豐98購01   ,0,0,0,0,0,0,0,0,0,-18000,0,0,0,0,18000,-18000,-18000
059003,中壽元大99購01  ,0,0,0,0,0,0,0,0,0,-18000,0,0,0,7000,25000,-18000,-18000
057161,亞德客元大98購02,0,0,0,0,0,0,0,0,0,-18000,0,0,0,12000,30000,-18000,-18000
056354,國巨元大98購10  ,0,0,0,0,0,0,0,0,0,-18000,0,0,0,43000,61000,-18000,-18000
057277,可成元大98購05  ,0,0,0,0,0,0,0,0,0,-18000,0,0,0,20000,38000,-18000,-18000
057433,上銀國票98購04  ,0,0,0,0,0,0,0,0,0,-18000,0,0,0,38000,56000,-18000,-18000
07823P,國巨元大9A售23  ,0,0,0,0,0,0,0,0,0,-18000,0,0,0,3000,21000,-18000,-18000
06650P,聯發科元大98售09,0,0,0,0,0,0,0,0,0,-18000,0,0,0,35000,53000,-18000,-18000
07049P,聯發科中信99售03,0,0,0,0,0,0,0,0,0,-18000,0,0,0,80000,98000,-18000,-18000
06810P,國巨統一99售03  ,0,0,0,0,0,0,0,0,0,-18000,0,0,0,4000,22000,-18000,-18000
07295P,滬深2X元富9C售09,0,0,0,0,0,0,0,0,0,-18000,0,0,0,0,18000,-18000,-18000
8033,雷虎            ,4000,22000,-18000,0,0,0,0,0,0,0,0,0,0,0,0,0,-18000
2496,卓越            ,0,18000,-18000,0,0,0,0,0,0,0,0,0,0,0,0,0,-18000
062189,康控元大9B購02  ,0,0,0,0,0,0,0,0,0,-19000,0,0,0,69000,88000,-19000,-19000
061666,友達中信01購01  ,0,0,0,0,0,0,0,0,0,-19000,0,0,0,0,19000,-19000,-19000
061857,康友國票9B購01  ,0,0,0,0,0,0,0,0,0,-19000,0,0,0,3000,22000,-19000,-19000
061461,元金2X群益9A購01,0,0,0,0,0,0,0,0,0,-19000,0,0,0,0,19000,-19000,-19000
061462,國巨群益9A購11  ,0,0,0,0,0,0,0,0,0,-19000,0,0,0,23000,42000,-19000,-19000
061022,健策國泰9B購03  ,0,0,0,0,0,0,0,0,0,-19000,0,0,0,49000,68000,-19000,-19000
061047,大立光第一9A購01,0,0,0,0,0,0,0,0,0,-19000,0,0,0,66000,85000,-19000,-19000
060804,T50反1群益9A購02,0,0,0,0,0,0,0,0,0,-19000,0,0,0,12000,31000,-19000,-19000
060942,智邦國票9A購02  ,0,0,0,0,0,0,0,0,0,-19000,0,0,0,8000,27000,-19000,-19000
060732,玉晶光群益9C購02,0,0,0,0,0,0,0,0,0,-19000,0,0,0,160000,179000,-19000,-19000
060006,華通群益9A購04  ,0,0,0,0,0,0,0,0,0,-19000,0,0,0,0,19000,-19000,-19000
059998,華航元富99購02  ,0,0,0,0,0,0,0,0,0,-19000,0,0,0,1000,20000,-19000,-19000
05541P,鴻海統一96售08  ,0,0,0,0,0,0,0,0,0,-19000,0,0,0,0,19000,-19000,-19000
046903,友達凱基99購01  ,0,0,0,0,0,0,0,0,0,-19000,0,0,0,0,19000,-19000,-19000
054241,深中小元大98購01,0,0,0,0,0,0,0,0,0,-19000,0,0,0,161000,180000,-19000,-19000
057455,景碩國泰99購01  ,0,0,0,0,0,0,0,0,0,-19000,0,0,0,34000,53000,-19000,-19000
057537,聯茂元大98購04  ,0,0,0,0,0,0,0,0,0,-19000,0,0,0,14000,33000,-19000,-19000
057873,義隆元大98購03  ,0,0,0,0,0,0,0,0,0,-19000,0,0,0,145000,164000,-19000,-19000
059282,嘉聯益永豐99購01,0,0,0,0,0,0,0,0,0,-19000,0,0,0,66000,85000,-19000,-19000
056379,玉晶光元富98購01,0,0,0,0,0,0,0,0,0,-19000,0,0,0,29000,48000,-19000,-19000
055618,麗豐國票98購01  ,0,0,0,0,0,0,0,0,0,-19000,0,0,0,19000,38000,-19000,-19000
056054,亞德客元大97購05,0,0,0,0,0,0,0,0,0,-19000,0,0,0,1000,20000,-19000,-19000
056842,全新元富98購01  ,0,0,0,0,0,0,0,0,0,-19000,0,0,0,245000,264000,-19000,-19000
057959,欣興元大98購14  ,0,0,0,0,0,0,0,0,0,-19000,0,0,0,24000,43000,-19000,-19000
07164P,臺股指群益99售15,0,0,0,0,0,0,0,0,0,-19000,0,0,0,61000,80000,-19000,-19000
07608P,台灣50國票9C售03,0,0,0,0,0,0,0,0,0,-19000,0,0,0,1000,20000,-19000,-19000
2029,盛餘            ,8000,27000,-19000,0,0,0,0,0,0,0,0,0,0,0,0,0,-19000
059966,台積電凱基99購19,0,0,0,0,0,0,0,0,0,-20000,0,0,0,0,20000,-20000,-20000
060004,臺指反群益9A購01,0,0,0,0,0,0,0,0,0,-20000,0,0,0,0,20000,-20000,-20000
060167,禾聯碩永豐9A購01,0,0,0,0,0,0,0,0,0,-20000,0,0,0,0,20000,-20000,-20000
060146,健策國票9A購03  ,0,0,0,0,0,0,0,0,0,-20000,0,0,0,36000,56000,-20000,-20000
060303,宏達電富邦9B購01,0,0,0,0,0,0,0,0,0,-20000,0,0,0,1000,21000,-20000,-20000
059930,健策富邦9B購01  ,0,0,0,0,0,0,0,0,0,-20000,0,0,0,0,20000,-20000,-20000
059751,華通群益9B購03  ,0,0,0,0,0,0,0,0,0,-20000,0,0,0,0,20000,-20000,-20000
059648,台表科凱基99購03,0,0,0,0,0,0,0,0,0,-20000,0,0,0,0,20000,-20000,-20000
060772,FBVIX凱基9A購03 ,0,0,0,0,0,0,0,0,0,-20000,0,0,0,10000,30000,-20000,-20000
060678,聯詠元大9A購03  ,0,0,0,0,0,0,0,0,0,-20000,0,0,0,30000,50000,-20000,-20000
060875,華通中信02購01  ,0,0,0,0,0,0,0,0,0,-20000,0,0,0,0,20000,-20000,-20000
060557,南電凱基9A購02  ,0,0,0,0,0,0,0,0,0,-20000,0,0,0,26000,46000,-20000,-20000
060475,瑞祺元大9A購01  ,0,0,0,0,0,0,0,0,0,-20000,0,0,0,16000,36000,-20000,-20000
061079,台積電兆豐9A購02,0,0,0,0,0,0,0,0,0,-20000,0,0,0,11000,31000,-20000,-20000
061278,和大統一9A購01  ,0,0,0,0,0,0,0,0,0,-20000,0,0,0,0,20000,-20000,-20000
061227,日月光中信9B購01,0,0,0,0,0,0,0,0,0,-20000,0,0,0,213000,233000,-20000,-20000
061408,華新科國票9A購06,0,0,0,0,0,0,0,0,0,-20000,0,0,0,0,20000,-20000,-20000
061403,滬深2X國票9A購06,0,0,0,0,0,0,0,0,0,-20000,0,0,0,0,20000,-20000,-20000
061327,台郡凱基9A購02  ,0,0,0,0,0,0,0,0,0,-20000,0,0,0,0,20000,-20000,-20000
061599,元金反中信9C購01,0,0,0,0,0,0,0,0,0,-20000,0,0,0,0,20000,-20000,-20000
061631,SP黃豆元大9A購05,0,0,0,0,0,0,0,0,0,-20000,0,0,0,0,20000,-20000,-20000
061501,嘉澤國票9A購01  ,0,0,0,0,0,0,0,0,0,-20000,0,0,0,22000,42000,-20000,-20000
061866,力山元大9C購01  ,0,0,0,0,0,0,0,0,0,-20000,0,0,0,0,20000,-20000,-20000
061803,巨大永豐9B購01  ,0,0,0,0,0,0,0,0,0,-20000,0,0,0,0,20000,-20000,-20000
061967,旺宏統一01購04  ,0,0,0,0,0,0,0,0,0,-20000,0,0,0,0,20000,-20000,-20000
061937,聯發科國票9B購02,0,0,0,0,0,0,0,0,0,-20000,0,0,0,0,20000,-20000,-20000
061722,健策永豐9B購03  ,0,0,0,0,0,0,0,0,0,-20000,0,0,0,8000,28000,-20000,-20000
061738,聯發科凱基9B購04,0,0,0,0,0,0,0,0,0,-20000,0,0,0,0,20000,-20000,-20000
061740,華新科凱基03購01,0,0,0,0,0,0,0,0,0,-20000,0,0,0,0,20000,-20000,-20000
061794,國巨永豐9B購01  ,0,0,0,0,0,0,0,0,0,-20000,0,0,0,0,20000,-20000,-20000
06387P,緯穎永豐97售02  ,0,0,0,0,0,0,0,0,0,-20000,0,0,0,0,20000,-20000,-20000
06340P,鴻海統一98售06  ,0,0,0,0,0,0,0,0,0,-20000,0,0,0,0,20000,-20000,-20000
062086,瑞祺元大9B購01  ,0,0,0,0,0,0,0,0,0,-20000,0,0,0,13000,33000,-20000,-20000
062087,瑞祺元大9B購02  ,0,0,0,0,0,0,0,0,0,-20000,0,0,0,5000,25000,-20000,-20000
062001,臺股指元大9B購25,0,0,0,0,0,0,0,0,0,-20000,0,0,0,0,20000,-20000,-20000
054167,揚明光凱基98購01,0,0,0,0,0,0,0,0,0,-20000,0,0,0,0,20000,-20000,-20000
053625,國巨兆豐96購03  ,0,0,0,0,0,0,0,0,0,-20000,0,0,0,0,20000,-20000,-20000
053632,新唐兆豐96購01  ,0,0,0,0,0,0,0,0,0,-20000,0,0,0,0,20000,-20000,-20000
053274,旺宏元大98購03  ,0,0,0,0,0,0,0,0,0,-20000,0,0,0,0,20000,-20000,-20000
053481,同欣電元大97購01,0,0,0,0,0,0,0,0,0,-20000,0,0,0,0,20000,-20000,-20000
053117,大立光中信9A購02,0,0,0,0,0,0,0,0,0,-20000,0,0,0,0,20000,-20000,-20000
054123,易華電永豐96購03,0,0,0,0,0,0,0,0,0,-20000,0,0,0,0,20000,-20000,-20000
055359,超眾凱基97購01  ,0,0,0,0,0,0,0,0,0,-20000,0,0,0,4000,24000,-20000,-20000
054374,信邦中信96購01  ,0,0,0,0,0,0,0,0,0,-20000,0,0,0,20000,40000,-20000,-20000
058457,創意永豐99購01  ,0,0,0,0,0,0,0,0,0,-20000,0,0,0,60000,80000,-20000,-20000
058161,T50反1日盛03購01,0,0,0,0,0,0,0,0,0,-20000,0,0,0,0,20000,-20000,-20000
058504,台積電元大99購07,0,0,0,0,0,0,0,0,0,-20000,0,0,0,0,20000,-20000,-20000
058113,百和元富98購01  ,0,0,0,0,0,0,0,0,0,-20000,0,0,0,0,20000,-20000,-20000
048504,A50正2中信95購01,0,0,0,0,0,0,0,0,0,-20000,0,0,0,0,20000,-20000,-20000
052576,聯茂凱基96購01  ,0,0,0,0,0,0,0,0,0,-20000,0,0,0,0,20000,-20000,-20000
052568,漢唐凱基96購02  ,0,0,0,0,0,0,0,0,0,-20000,0,0,0,0,20000,-20000,-20000
048681,漢唐富邦96購01  ,0,0,0,0,0,0,0,0,0,-20000,0,0,0,0,20000,-20000,-20000
048898,晶相光國泰96購01,0,0,0,0,0,0,0,0,0,-20000,0,0,0,0,20000,-20000,-20000
049017,旺宏群益96購03  ,0,0,0,0,0,0,0,0,0,-20000,0,0,0,0,20000,-20000,-20000
048801,漢唐富邦96購02  ,0,0,0,0,0,0,0,0,0,-20000,0,0,0,0,20000,-20000,-20000
054957,興富發元大97購01,0,0,0,0,0,0,0,0,0,-20000,0,0,0,30000,50000,-20000,-20000
055406,大毅國泰99購01  ,0,0,0,0,0,0,0,0,0,-20000,0,0,0,0,20000,-20000,-20000
054929,群電凱基97購01  ,0,0,0,0,0,0,0,0,0,-20000,0,0,0,0,20000,-20000,-20000
054899,南港康和97購01  ,0,0,0,0,0,0,0,0,0,-20000,0,0,0,0,20000,-20000,-20000
054893,帆宣統一99購01  ,0,0,0,0,0,0,0,0,0,-20000,0,0,0,0,20000,-20000,-20000
050690,台達電凱基96購01,0,0,0,0,0,0,0,0,0,-20000,0,0,0,0,20000,-20000,-20000
050522,聯發科元大95購03,0,0,0,0,0,0,0,0,0,-20000,0,0,0,0,20000,-20000,-20000
051047,深中小群益99購01,0,0,0,0,0,0,0,0,0,-20000,0,0,0,0,20000,-20000,-20000
050793,大立光富邦96購03,0,0,0,0,0,0,0,0,0,-20000,0,0,0,0,20000,-20000,-20000
053883,大立光中信98購02,0,0,0,0,0,0,0,0,0,-20000,0,0,0,0,20000,-20000,-20000
051801,牧德永豐95購04  ,0,0,0,0,0,0,0,0,0,-20000,0,0,0,0,20000,-20000,-20000
051510,新光金中信97購01,0,0,0,0,0,0,0,0,0,-20000,0,0,0,0,20000,-20000,-20000
050261,國巨元大95購04  ,0,0,0,0,0,0,0,0,0,-20000,0,0,0,1000,21000,-20000,-20000
052366,聯詠國票96購01  ,0,0,0,0,0,0,0,0,0,-20000,0,0,0,0,20000,-20000,-20000
056830,友達富邦99購01  ,0,0,0,0,0,0,0,0,0,-20000,0,0,0,0,20000,-20000,-20000
056856,華通群益9A購01  ,0,0,0,0,0,0,0,0,0,-20000,0,0,0,18000,38000,-20000,-20000
05873P,華通群益97售02  ,0,0,0,0,0,0,0,0,0,-20000,0,0,0,0,20000,-20000,-20000
055973,亞德客統一97購01,0,0,0,0,0,0,0,0,0,-20000,0,0,0,1000,21000,-20000,-20000
055991,鈺齊元富97購01  ,0,0,0,0,0,0,0,0,0,-20000,0,0,0,0,20000,-20000,-20000
057605,旺宏統一99購03  ,0,0,0,0,0,0,0,0,0,-20000,0,0,0,0,20000,-20000,-20000
058268,泰碩永豐9A購01  ,0,0,0,0,0,0,0,0,0,-20000,0,0,0,0,20000,-20000,-20000
057752,臺股指國票98購08,0,0,0,0,0,0,0,0,0,-20000,0,0,0,80000,100000,-20000,-20000
055675,亞德客凱基97購02,0,0,0,0,0,0,0,0,0,-20000,0,0,0,0,20000,-20000,-20000
058879,智邦富邦99購01  ,0,0,0,0,0,0,0,0,0,-20000,0,0,0,0,20000,-20000,-20000
055515,聚陽中信9A購01  ,0,0,0,0,0,0,0,0,0,-20000,0,0,0,0,20000,-20000,-20000
058874,聯鈞國票9A購01  ,0,0,0,0,0,0,0,0,0,-20000,0,0,0,39000,59000,-20000,-20000
056389,鴻海富邦99購01  ,0,0,0,0,0,0,0,0,0,-20000,0,0,0,0,20000,-20000,-20000
056940,嘉聯益元富98購01,0,0,0,0,0,0,0,0,0,-20000,0,0,0,0,20000,-20000,-20000
056902,大立光元大98購12,0,0,0,0,0,0,0,0,0,-20000,0,0,0,0,20000,-20000,-20000
056420,台表科元富98購01,0,0,0,0,0,0,0,0,0,-20000,0,0,0,629000,649000,-20000,-20000
056481,創意元大98購01  ,0,0,0,0,0,0,0,0,0,-20000,0,0,0,0,20000,-20000,-20000
056688,聯詠統一98購01  ,0,0,0,0,0,0,0,0,0,-20000,0,0,0,0,20000,-20000,-20000
056553,啟碁凱基98購02  ,0,0,0,0,0,0,0,0,0,-20000,0,0,0,30000,50000,-20000,-20000
056560,旺宏群益98購03  ,0,0,0,0,0,0,0,0,0,-20000,0,0,0,0,20000,-20000,-20000
059109,台積電富邦9C購03,0,0,0,0,0,0,0,0,0,-20000,0,0,0,0,20000,-20000,-20000
059246,奇力新凱基9A購02,0,0,0,0,0,0,0,0,0,-20000,0,0,0,0,20000,-20000,-20000
059236,鴻海凱基99購09  ,0,0,0,0,0,0,0,0,0,-20000,0,0,0,0,20000,-20000,-20000
059029,旺宏兆豐99購01  ,0,0,0,0,0,0,0,0,0,-20000,0,0,0,0,20000,-20000,-20000
057093,臻鼎元富98購02  ,0,0,0,0,0,0,0,0,0,-20000,0,0,0,0,20000,-20000,-20000
057088,上銀元富98購01  ,0,0,0,0,0,0,0,0,0,-20000,0,0,0,98000,118000,-20000,-20000
056137,聯鈞元大9A購01  ,0,0,0,0,0,0,0,0,0,-20000,0,0,0,0,20000,-20000,-20000
057882,華通群益9A購03  ,0,0,0,0,0,0,0,0,0,-20000,0,0,0,9000,29000,-20000,-20000
057844,新日興永豐99購01,0,0,0,0,0,0,0,0,0,-20000,0,0,0,12000,32000,-20000,-20000
057862,智邦凱基99購01  ,0,0,0,0,0,0,0,0,0,-20000,0,0,0,0,20000,-20000,-20000
057896,嘉晶元富98購01  ,0,0,0,0,0,0,0,0,0,-20000,0,0,0,30000,50000,-20000,-20000
057569,光磊永豐98購03  ,0,0,0,0,0,0,0,0,0,-20000,0,0,0,49000,69000,-20000,-20000
057540,緯穎日盛99購01  ,0,0,0,0,0,0,0,0,0,-20000,0,0,0,5000,25000,-20000,-20000
057354,聯鈞統一99購03  ,0,0,0,0,0,0,0,0,0,-20000,0,0,0,0,20000,-20000,-20000
057297,新日興永豐98購01,0,0,0,0,0,0,0,0,0,-20000,0,0,0,10000,30000,-20000,-20000
07588P,滬深2X國票9C售01,0,0,0,0,0,0,0,0,0,-20000,0,0,0,0,20000,-20000,-20000
07801P,上銀永豐9A售02  ,0,0,0,0,0,0,0,0,0,-20000,0,0,0,0,20000,-20000,-20000
07817P,同欣電群益9A售02,0,0,0,0,0,0,0,0,0,-20000,0,0,0,20000,40000,-20000,-20000
07179P,臺股指凱基99售21,0,0,0,0,0,0,0,0,0,-20000,0,0,0,0,20000,-20000,-20000
07253P,台灣50凱基9A售05,0,0,0,0,0,0,0,0,0,-20000,0,0,0,0,20000,-20000,-20000
06746P,聯發科群益99售02,0,0,0,0,0,0,0,0,0,-20000,0,0,0,0,20000,-20000,-20000
06748P,智邦台新98售02  ,0,0,0,0,0,0,0,0,0,-20000,0,0,0,40000,60000,-20000,-20000
06854P,鴻海富邦99售05  ,0,0,0,0,0,0,0,0,0,-20000,0,0,0,0,20000,-20000,-20000
07031P,台灣50中信03售02,0,0,0,0,0,0,0,0,0,-20000,0,0,0,40000,60000,-20000,-20000
06689P,鴻海中信9C售02  ,0,0,0,0,0,0,0,0,0,-20000,0,0,0,0,20000,-20000,-20000
06583P,可成凱基98售07  ,0,0,0,0,0,0,0,0,0,-20000,0,0,0,0,20000,-20000,-20000
06611P,祥碩國票98售01  ,0,0,0,0,0,0,0,0,0,-20000,0,0,0,0,20000,-20000,-20000
062272,鴻海群益9B購05  ,0,0,0,0,0,0,0,0,0,-21000,0,0,0,91000,112000,-21000,-21000
061137,晶技統一9B購01  ,0,0,0,0,0,0,0,0,0,-21000,0,0,0,49000,70000,-21000,-21000
060752,上銀元大9A購04  ,0,0,0,0,0,0,0,0,0,-21000,0,0,0,5000,26000,-21000,-21000
059921,大立光元大99購24,0,0,0,0,0,0,0,0,0,-21000,0,0,0,5000,26000,-21000,-21000
059912,國巨元大99購28  ,0,0,0,0,0,0,0,0,0,-21000,0,0,0,40000,61000,-21000,-21000
059954,華新科康和99購01,0,0,0,0,0,0,0,0,0,-21000,0,0,0,21000,42000,-21000,-21000
059771,台積電群益99購11,0,0,0,0,0,0,0,0,0,-21000,0,0,0,164000,185000,-21000,-21000
060235,瑞昱元大9A購01  ,0,0,0,0,0,0,0,0,0,-21000,0,0,0,18000,39000,-21000,-21000
060194,旭富元富9A購01  ,0,0,0,0,0,0,0,0,0,-21000,0,0,0,12000,33000,-21000,-21000
060030,晶相光永豐99購03,0,0,0,0,0,0,0,0,0,-21000,0,0,0,2000,23000,-21000,-21000
050705,南電凱基96購01  ,0,0,0,0,0,0,0,0,0,-21000,0,0,0,4000,25000,-21000,-21000
052713,智邦凱基96購01  ,0,0,0,0,0,0,0,0,0,-21000,0,0,0,10000,31000,-21000,-21000
048188,臺指反元大96購05,0,0,0,0,0,0,0,0,0,-21000,0,0,0,14000,35000,-21000,-21000
055354,宏達電凱基98購01,0,0,0,0,0,0,0,0,0,-21000,0,0,0,1000,22000,-21000,-21000
057334,技嘉國票98購02  ,0,0,0,0,0,0,0,0,0,-21000,0,0,0,11000,32000,-21000,-21000
057399,滬深反群益9C購01,0,0,0,0,0,0,0,0,0,-21000,0,0,0,4000,25000,-21000,-21000
056362,聯發科元大99購01,0,0,0,0,0,0,0,0,0,-21000,0,0,0,0,21000,-21000,-21000
056995,華新科日盛99購01,0,0,0,0,0,0,0,0,0,-21000,0,0,0,2000,23000,-21000,-21000
059044,聯電日盛99購02  ,0,0,0,0,0,0,0,0,0,-21000,0,0,0,0,21000,-21000,-21000
057135,立積凱基98購01  ,0,0,0,0,0,0,0,0,0,-21000,0,0,0,34000,55000,-21000,-21000
059224,大立光元大99購15,0,0,0,0,0,0,0,0,0,-21000,0,0,0,67000,88000,-21000,-21000
059161,鴻海凱基9A購09  ,0,0,0,0,0,0,0,0,0,-21000,0,0,0,30000,51000,-21000,-21000
059469,智邦元大99購03  ,0,0,0,0,0,0,0,0,0,-21000,0,0,0,39000,60000,-21000,-21000
055710,亞德客元大97購03,0,0,0,0,0,0,0,0,0,-21000,0,0,0,1000,22000,-21000,-21000
056036,鴻海凱基97購07  ,0,0,0,0,0,0,0,0,0,-21000,0,0,0,15000,36000,-21000,-21000
07317P,T50正2凱基9B售02,0,0,0,0,0,0,0,0,0,-21000,0,0,0,0,21000,-21000,-21000
07913P,友達元大01售01  ,0,0,0,0,0,0,0,0,0,-21000,0,0,0,0,21000,-21000,-21000
2369,菱生            ,284000,305000,-21000,0,0,0,0,0,0,0,0,0,0,0,0,0,-21000
3705,永信            ,190000,211000,-21000,0,0,0,0,0,0,0,0,0,0,0,0,0,-21000
6552,易華電          ,238000,250000,-12000,0,0,0,0,0,0,-9000,12000,0,12000,5000,26000,-21000,-21000
6257,矽格            ,999000,1379000,-380000,0,0,0,0,0,0,359000,361000,36000,325000,59000,25000,34000,-21000
06067P,華新科康和97售01,0,0,0,0,0,0,0,0,0,-22000,0,0,0,88000,110000,-22000,-22000
060944,國泰金國票9A購01,0,0,0,0,0,0,0,0,0,-22000,0,0,0,38000,60000,-22000,-22000
060339,國巨統一01購01  ,0,0,0,0,0,0,0,0,0,-22000,0,0,0,10000,32000,-22000,-22000
061104,華新科元大9A購13,0,0,0,0,0,0,0,0,0,-22000,0,0,0,0,22000,-22000,-22000
061357,寶成元大9A購01  ,0,0,0,0,0,0,0,0,0,-22000,0,0,0,48000,70000,-22000,-22000
061448,旺宏中信9A購02  ,0,0,0,0,0,0,0,0,0,-22000,0,0,0,0,22000,-22000,-22000
06326P,鴻海中信01售01  ,0,0,0,0,0,0,0,0,0,-22000,0,0,0,0,22000,-22000,-22000
055381,茂林元大97購02  ,0,0,0,0,0,0,0,0,0,-22000,0,0,0,13000,35000,-22000,-22000
053428,中磊永豐96購02  ,0,0,0,0,0,0,0,0,0,-22000,0,0,0,0,22000,-22000,-22000
058487,晶技國票9A購01  ,0,0,0,0,0,0,0,0,0,-22000,0,0,0,1000,23000,-22000,-22000
054634,FB上証中信99購01,0,0,0,0,0,0,0,0,0,-22000,0,0,0,0,22000,-22000,-22000
053754,英業達元富96購02,0,0,0,0,0,0,0,0,0,-22000,0,0,0,104000,126000,-22000,-22000
055459,建準永豐97購03  ,0,0,0,0,0,0,0,0,0,-22000,0,0,0,12000,34000,-22000,-22000
056641,華通凱基98購03  ,0,0,0,0,0,0,0,0,0,-22000,0,0,0,20000,42000,-22000,-22000
056713,華擎永豐98購01  ,0,0,0,0,0,0,0,0,0,-22000,0,0,0,67000,89000,-22000,-22000
057736,鴻海富邦99購04  ,0,0,0,0,0,0,0,0,0,-22000,0,0,0,80000,102000,-22000,-22000
059085,鴻海元大99購25  ,0,0,0,0,0,0,0,0,0,-22000,0,0,0,26000,48000,-22000,-22000
057076,緯穎永豐98購01  ,0,0,0,0,0,0,0,0,0,-22000,0,0,0,0,22000,-22000,-22000
056259,T50反1統一9A購01,0,0,0,0,0,0,0,0,0,-22000,0,0,0,0,22000,-22000,-22000
057543,華通凱基99購02  ,0,0,0,0,0,0,0,0,0,-22000,0,0,0,28000,50000,-22000,-22000
07703P,玉晶光中信9B售03,0,0,0,0,0,0,0,0,0,-22000,0,0,0,0,22000,-22000,-22000
07382P,台積電群益9B售01,0,0,0,0,0,0,0,0,0,-22000,0,0,0,2000,24000,-22000,-22000
06667P,鴻海凱基98售11  ,0,0,0,0,0,0,0,0,0,-22000,0,0,0,20000,42000,-22000,-22000
06859P,元金2X中信9C售01,0,0,0,0,0,0,0,0,0,-22000,0,0,0,1000,23000,-22000,-22000
06879P,長榮航凱基98售02,0,0,0,0,0,0,0,0,0,-22000,0,0,0,0,22000,-22000,-22000
06421P,嘉澤統一97售02  ,0,0,0,0,0,0,0,0,0,-23000,0,0,0,77000,100000,-23000,-23000
062133,大成鋼群益9B購01,0,0,0,0,0,0,0,0,0,-23000,0,0,0,0,23000,-23000,-23000
060045,嘉晶群益99購02  ,0,0,0,0,0,0,0,0,0,-23000,0,0,0,249000,272000,-23000,-23000
059950,百和永豐99購02  ,0,0,0,0,0,0,0,0,0,-23000,0,0,0,10000,33000,-23000,-23000
059550,台灣50日盛99購02,0,0,0,0,0,0,0,0,0,-23000,0,0,0,0,23000,-23000,-23000
059732,超眾元大9A購01  ,0,0,0,0,0,0,0,0,0,-23000,0,0,0,19000,42000,-23000,-23000
054913,億光凱基97購01  ,0,0,0,0,0,0,0,0,0,-23000,0,0,0,0,23000,-23000,-23000
051078,力山富邦97購01  ,0,0,0,0,0,0,0,0,0,-23000,0,0,0,12000,35000,-23000,-23000
054371,台積電中信9C購01,0,0,0,0,0,0,0,0,0,-23000,0,0,0,0,23000,-23000,-23000
058157,華通台新99購01  ,0,0,0,0,0,0,0,0,0,-23000,0,0,0,10000,33000,-23000,-23000
055023,億光國泰98購01  ,0,0,0,0,0,0,0,0,0,-23000,0,0,0,0,23000,-23000,-23000
057480,技嘉元大98購03  ,0,0,0,0,0,0,0,0,0,-23000,0,0,0,35000,58000,-23000,-23000
058792,鴻海元大99購18  ,0,0,0,0,0,0,0,0,0,-23000,0,0,0,135000,158000,-23000,-23000
058814,南亞科台新99購01,0,0,0,0,0,0,0,0,0,-23000,0,0,0,0,23000,-23000,-23000
057136,立積凱基98購02  ,0,0,0,0,0,0,0,0,0,-23000,0,0,0,20000,43000,-23000,-23000
058984,全新凱基9A購03  ,0,0,0,0,0,0,0,0,0,-23000,0,0,0,92000,115000,-23000,-23000
055727,矽力元大97購02  ,0,0,0,0,0,0,0,0,0,-23000,0,0,0,8000,31000,-23000,-23000
07076P,鴻海凱基9A售08  ,0,0,0,0,0,0,0,0,0,-23000,0,0,0,0,23000,-23000,-23000
3698,隆達            ,1056000,1433000,-377000,0,0,0,0,0,0,354000,378000,46000,332000,22000,0,22000,-23000
2702,華園            ,9000,32000,-23000,0,0,0,0,0,0,0,0,0,0,0,0,0,-23000
060399,康友國票9A購02  ,0,0,0,0,0,0,0,0,0,-24000,0,0,0,1000,25000,-24000,-24000
053637,強茂永豐96購01  ,0,0,0,0,0,0,0,0,0,-24000,0,0,0,0,24000,-24000,-24000
058124,玉晶光國票9A購01,0,0,0,0,0,0,0,0,0,-24000,0,0,0,4000,28000,-24000,-24000
054584,貿聯元富97購01  ,0,0,0,0,0,0,0,0,0,-24000,0,0,0,0,24000,-24000,-24000
054525,奇鋐元富96購01  ,0,0,0,0,0,0,0,0,0,-24000,0,0,0,26000,50000,-24000,-24000
056540,聯詠凱基98購02  ,0,0,0,0,0,0,0,0,0,-24000,0,0,0,6000,30000,-24000,-24000
058550,南亞科永豐99購01,0,0,0,0,0,0,0,0,0,-24000,0,0,0,0,24000,-24000,-24000
056739,美律凱基98購04  ,0,0,0,0,0,0,0,0,0,-24000,0,0,0,30000,54000,-24000,-24000
055877,奇鋐元富97購01  ,0,0,0,0,0,0,0,0,0,-24000,0,0,0,194000,218000,-24000,-24000
058947,SGBR2X群益9B購02,0,0,0,0,0,0,0,0,0,-24000,0,0,0,241000,265000,-24000,-24000
059021,台積電統一9B購07,0,0,0,0,0,0,0,0,0,-24000,0,0,0,1000,25000,-24000,-24000
059203,勤誠永豐99購02  ,0,0,0,0,0,0,0,0,0,-24000,0,0,0,10000,34000,-24000,-24000
057846,神達永豐98購01  ,0,0,0,0,0,0,0,0,0,-24000,0,0,0,6000,30000,-24000,-24000
07134P,臺股指元大9A售28,0,0,0,0,0,0,0,0,0,-24000,0,0,0,12000,36000,-24000,-24000
07245P,台積電凱基99售16,0,0,0,0,0,0,0,0,0,-24000,0,0,0,38000,62000,-24000,-24000
06839P,玉晶光統一9A售05,0,0,0,0,0,0,0,0,0,-24000,0,0,0,30000,54000,-24000,-24000
060459,鴻海元大9A購07  ,0,0,0,0,0,0,0,0,0,-25000,0,0,0,52000,77000,-25000,-25000
060532,欣興中信9A購01  ,0,0,0,0,0,0,0,0,0,-25000,0,0,0,6000,31000,-25000,-25000
060746,玉晶光國票9B購02,0,0,0,0,0,0,0,0,0,-25000,0,0,0,627000,652000,-25000,-25000
059611,台積電永豐99購05,0,0,0,0,0,0,0,0,0,-25000,0,0,0,14000,39000,-25000,-25000
060263,臺指反國票9C購01,0,0,0,0,0,0,0,0,0,-25000,0,0,0,0,25000,-25000,-25000
061069,嘉聯益凱基9A購01,0,0,0,0,0,0,0,0,0,-25000,0,0,0,215000,240000,-25000,-25000
061200,道瓊反元大9A購06,0,0,0,0,0,0,0,0,0,-25000,0,0,0,0,25000,-25000,-25000
061176,聯發科凱基9A購14,0,0,0,0,0,0,0,0,0,-25000,0,0,0,0,25000,-25000,-25000
058328,世紀鋼統一9B購01,0,0,0,0,0,0,0,0,0,-25000,0,0,0,116000,141000,-25000,-25000
054420,緯穎元大96購08  ,0,0,0,0,0,0,0,0,0,-25000,0,0,0,13000,38000,-25000,-25000
055360,台表科凱基97購02,0,0,0,0,0,0,0,0,0,-25000,0,0,0,0,25000,-25000,-25000
054915,興勤凱基97購01  ,0,0,0,0,0,0,0,0,0,-25000,0,0,0,0,25000,-25000,-25000
054962,玉晶光元大99購02,0,0,0,0,0,0,0,0,0,-25000,0,0,0,20000,45000,-25000,-25000
048236,A50正2國票97購02,0,0,0,0,0,0,0,0,0,-25000,0,0,0,25000,50000,-25000,-25000
052633,國巨凱基96購05  ,0,0,0,0,0,0,0,0,0,-25000,0,0,0,10000,35000,-25000,-25000
03840P,台積電統一99售02,0,0,0,0,0,0,0,0,0,-25000,0,0,0,0,25000,-25000,-25000
050124,元金2X凱基95購01,0,0,0,0,0,0,0,0,0,-25000,0,0,0,0,25000,-25000,-25000
057449,華新科元富99購02,0,0,0,0,0,0,0,0,0,-25000,0,0,0,0,25000,-25000,-25000
057776,京元電群益98購02,0,0,0,0,0,0,0,0,0,-25000,0,0,0,0,25000,-25000,-25000
059061,晶技凱基9A購01  ,0,0,0,0,0,0,0,0,0,-25000,0,0,0,149000,174000,-25000,-25000
057162,上銀元大98購03  ,0,0,0,0,0,0,0,0,0,-25000,0,0,0,0,25000,-25000,-25000
057179,可成元大98購04  ,0,0,0,0,0,0,0,0,0,-25000,0,0,0,1000,26000,-25000,-25000
057630,茂林永豐98購01  ,0,0,0,0,0,0,0,0,0,-25000,0,0,0,0,25000,-25000,-25000
056524,欣興中信98購02  ,0,0,0,0,0,0,0,0,0,-25000,0,0,0,86000,111000,-25000,-25000
056569,T50正2元大9B購02,0,0,0,0,0,0,0,0,0,-25000,0,0,0,0,25000,-25000,-25000
056495,泰鼎國泰99購01  ,0,0,0,0,0,0,0,0,0,-25000,0,0,0,2000,27000,-25000,-25000
056946,國巨統一98購05  ,0,0,0,0,0,0,0,0,0,-25000,0,0,0,169000,194000,-25000,-25000
056092,亞德客元富97購02,0,0,0,0,0,0,0,0,0,-25000,0,0,0,5000,30000,-25000,-25000
055626,力山永豐97購01  ,0,0,0,0,0,0,0,0,0,-25000,0,0,0,25000,50000,-25000,-25000
06886P,旺宏元大99售07  ,0,0,0,0,0,0,0,0,0,-25000,0,0,0,12000,37000,-25000,-25000
06727P,台光電元大98售05,0,0,0,0,0,0,0,0,0,-25000,0,0,0,0,25000,-25000,-25000
07241P,台灣50國票9A售05,0,0,0,0,0,0,0,0,0,-25000,0,0,0,20000,45000,-25000,-25000
07504P,聯詠元大9A售02  ,0,0,0,0,0,0,0,0,0,-25000,0,0,0,0,25000,-25000,-25000
07470P,國巨元大9A售06  ,0,0,0,0,0,0,0,0,0,-25000,0,0,0,5000,30000,-25000,-25000
07923P,元金2X凱基02售02,0,0,0,0,0,0,0,0,0,-25000,0,0,0,0,25000,-25000,-25000
2908,特力            ,39000,64000,-25000,0,0,0,0,0,0,0,0,0,0,0,0,0,-25000
4414,如興            ,90000,148000,-58000,0,0,0,0,0,0,33000,33000,0,33000,0,0,0,-25000
6670,復盛應用        ,40000,27000,13000,0,0,0,0,0,0,-38000,0,38000,-38000,0,0,0,-25000
061149,華通群益9A購05  ,0,0,0,0,0,0,0,0,0,-26000,0,0,0,13000,39000,-26000,-26000
061108,臻鼎元大9A購02  ,0,0,0,0,0,0,0,0,0,-26000,0,0,0,85000,111000,-26000,-26000
061480,泰碩元大9B購01  ,0,0,0,0,0,0,0,0,0,-26000,0,0,0,31000,57000,-26000,-26000
061969,大立光統一01購02,0,0,0,0,0,0,0,0,0,-26000,0,0,0,12000,38000,-26000,-26000
061855,台郡國票9B購01  ,0,0,0,0,0,0,0,0,0,-26000,0,0,0,10000,36000,-26000,-26000
060083,和大元大99購02  ,0,0,0,0,0,0,0,0,0,-26000,0,0,0,0,26000,-26000,-26000
060687,GIS元大9A購01   ,0,0,0,0,0,0,0,0,0,-26000,0,0,0,141000,167000,-26000,-26000
060945,緯穎國票9A購02  ,0,0,0,0,0,0,0,0,0,-26000,0,0,0,8000,34000,-26000,-26000
052572,群創凱基99購01  ,0,0,0,0,0,0,0,0,0,-26000,0,0,0,0,26000,-26000,-26000
055114,新日興凱基98購01,0,0,0,0,0,0,0,0,0,-26000,0,0,0,0,26000,-26000,-26000
054785,建準群益98購01  ,0,0,0,0,0,0,0,0,0,-26000,0,0,0,1000,27000,-26000,-26000
054861,智邦群益97購01  ,0,0,0,0,0,0,0,0,0,-26000,0,0,0,1000,27000,-26000,-26000
055653,聯詠元富01購02  ,0,0,0,0,0,0,0,0,0,-26000,0,0,0,92000,118000,-26000,-26000
058760,嘉晶群益9A購01  ,0,0,0,0,0,0,0,0,0,-26000,0,0,0,178000,204000,-26000,-26000
056899,可成元大98購01  ,0,0,0,0,0,0,0,0,0,-26000,0,0,0,60000,86000,-26000,-26000
056603,嘉聯益國泰9A購01,0,0,0,0,0,0,0,0,0,-26000,0,0,0,2000,28000,-26000,-26000
057087,台郡統一99購01  ,0,0,0,0,0,0,0,0,0,-26000,0,0,0,0,26000,-26000,-26000
056174,億光元富97購01  ,0,0,0,0,0,0,0,0,0,-26000,0,0,0,5000,31000,-26000,-26000
4532,瑞智            ,268000,294000,-26000,0,0,0,0,0,0,0,0,0,0,0,0,0,-26000
07931P,國巨元大9B售03  ,0,0,0,0,0,0,0,0,0,-26000,0,0,0,0,26000,-26000,-26000
2331,精英            ,226000,260000,-34000,0,0,0,0,0,0,8000,12000,4000,8000,0,0,0,-26000
06936P,瑞儀元大98售01  ,0,0,0,0,0,0,0,0,0,-26000,0,0,0,25000,51000,-26000,-26000
060838,華通國票9A購05  ,0,0,0,0,0,0,0,0,0,-27000,0,0,0,43000,70000,-27000,-27000
060467,神基元大9A購01  ,0,0,0,0,0,0,0,0,0,-27000,0,0,0,0,27000,-27000,-27000
060337,FBVIX統一9A購01 ,0,0,0,0,0,0,0,0,0,-27000,0,0,0,83000,110000,-27000,-27000
060036,上証2X國票99購03,0,0,0,0,0,0,0,0,0,-27000,0,0,0,3000,30000,-27000,-27000
059782,A50正2元大9C購04,0,0,0,0,0,0,0,0,0,-27000,0,0,0,11000,38000,-27000,-27000
062274,台積電群益9B購04,0,0,0,0,0,0,0,0,0,-27000,0,0,0,0,27000,-27000,-27000
061531,奇鋐台新9A購01  ,0,0,0,0,0,0,0,0,0,-27000,0,0,0,0,27000,-27000,-27000
061192,奇鋐永豐9A購01  ,0,0,0,0,0,0,0,0,0,-27000,0,0,0,71000,98000,-27000,-27000
051561,玉晶光國泰97購04,0,0,0,0,0,0,0,0,0,-27000,0,0,0,342000,369000,-27000,-27000
050854,世紀鋼國票97購01,0,0,0,0,0,0,0,0,0,-27000,0,0,0,37000,64000,-27000,-27000
058831,茂林永豐99購01  ,0,0,0,0,0,0,0,0,0,-27000,0,0,0,8000,35000,-27000,-27000
057396,健鼎中信99購01  ,0,0,0,0,0,0,0,0,0,-27000,0,0,0,23000,50000,-27000,-27000
057525,光磊元大99購01  ,0,0,0,0,0,0,0,0,0,-27000,0,0,0,28000,55000,-27000,-27000
057578,可成中信99購01  ,0,0,0,0,0,0,0,0,0,-27000,0,0,0,0,27000,-27000,-27000
057996,臻鼎中信98購01  ,0,0,0,0,0,0,0,0,0,-27000,0,0,0,20000,47000,-27000,-27000
056611,國巨永豐98購03  ,0,0,0,0,0,0,0,0,0,-27000,0,0,0,31000,58000,-27000,-27000
055968,祥碩元大97購04  ,0,0,0,0,0,0,0,0,0,-27000,0,0,0,5000,32000,-27000,-27000
058238,奇鋐元大99購02  ,0,0,0,0,0,0,0,0,0,-27000,0,0,0,0,27000,-27000,-27000
057957,嘉晶元大98購01  ,0,0,0,0,0,0,0,0,0,-27000,0,0,0,63000,90000,-27000,-27000
07187P,臺股指台新99售10,0,0,0,0,0,0,0,0,0,-27000,0,0,0,0,27000,-27000,-27000
07938P,國巨統一9B售10  ,0,0,0,0,0,0,0,0,0,-27000,0,0,0,0,27000,-27000,-27000
1234,黑松            ,11000,38000,-27000,0,0,0,0,0,0,0,0,0,0,0,0,0,-27000
061020,超眾國票9A購02  ,15000,0,15000,0,0,0,0,0,0,-43000,0,0,0,3000,46000,-43000,-28000
061308,元金2X中信9A購01,0,0,0,0,0,0,0,0,0,-28000,0,0,0,10000,38000,-28000,-28000
061763,聯電元大9C購02  ,0,0,0,0,0,0,0,0,0,-28000,0,0,0,0,28000,-28000,-28000
059856,昇陽半永豐99購03,0,0,0,0,0,0,0,0,0,-28000,0,0,0,20000,48000,-28000,-28000
060406,瑞祺國泰9B購01  ,0,0,0,0,0,0,0,0,0,-28000,0,0,0,255000,283000,-28000,-28000
060585,玉晶光元富9A購02,0,0,0,0,0,0,0,0,0,-28000,0,0,0,50000,78000,-28000,-28000
052696,玉晶光麥證97購01,0,0,0,3000,49000,-46000,0,0,0,-28000,0,0,0,22000,50000,-28000,-28000
0053,元大電子        ,0,0,0,0,0,0,0,0,0,-28000,0,0,0,7000,35000,-28000,-28000
05464P,華通康和95售02  ,0,0,0,0,0,0,0,0,0,-28000,0,0,0,0,28000,-28000,-28000
052986,聯發科元大97購05,0,0,0,0,0,0,0,0,0,-28000,0,0,0,0,28000,-28000,-28000
055098,臺股指群益97購01,0,0,0,0,0,0,0,0,0,-28000,0,0,0,0,28000,-28000,-28000
057929,上銀群益98購02  ,0,0,0,0,0,0,0,0,0,-28000,0,0,0,2000,30000,-28000,-28000
058581,大立光群益99購05,0,0,0,0,0,0,0,0,0,-28000,0,0,0,84000,112000,-28000,-28000
058213,欣興群益99購01  ,0,0,0,0,0,0,0,0,0,-28000,0,0,0,111000,139000,-28000,-28000
058530,為升元富99購01  ,0,0,0,0,0,0,0,0,0,-28000,0,0,0,0,28000,-28000,-28000
056321,創意群益98購02  ,0,0,0,0,0,0,0,0,0,-28000,0,0,0,2000,30000,-28000,-28000
056081,T50反1統一99購02,0,0,0,0,0,0,0,0,0,-28000,0,0,0,0,28000,-28000,-28000
057568,友訊永豐99購01  ,0,0,0,0,0,0,0,0,0,-28000,0,0,0,31000,59000,-28000,-28000
057189,康控元大98購02  ,0,0,0,0,0,0,0,0,0,-28000,0,0,0,0,28000,-28000,-28000
059166,友達凱基99購05  ,0,0,0,0,0,0,0,0,0,-28000,0,0,0,73000,101000,-28000,-28000
07743P,智邦凱基9A售03  ,0,0,0,0,0,0,0,0,0,-28000,0,0,0,45000,73000,-28000,-28000
2206,三陽工業        ,131000,159000,-28000,0,0,0,0,0,0,0,0,0,0,0,0,0,-28000
07546P,玉晶光凱基9A售09,0,0,0,0,0,0,0,0,0,-28000,0,0,0,517000,545000,-28000,-28000
06701P,臺股指統一99售06,0,0,0,0,0,0,0,0,0,-28000,0,0,0,0,28000,-28000,-28000
2477,美隆電          ,12000,40000,-28000,0,0,0,0,0,0,0,0,0,0,0,0,0,-28000
060644,泰鼎永豐9A購02  ,0,0,0,0,0,0,0,0,0,-29000,0,0,0,0,29000,-29000,-29000
059787,奇力新元大9A購02,0,0,0,0,0,0,0,0,0,-29000,0,0,0,0,29000,-29000,-29000
05954P,旺宏國票97售03  ,0,0,0,0,0,0,0,0,0,-29000,0,0,0,10000,39000,-29000,-29000
059675,大立光元富99購08,0,0,0,0,0,0,0,0,0,-29000,0,0,0,0,29000,-29000,-29000
062116,元金2X第一9B購01,0,0,0,0,0,0,0,0,0,-29000,0,0,0,1000,30000,-29000,-29000
06155P,智邦統一97售02  ,0,0,0,0,0,0,0,0,0,-29000,0,0,0,0,29000,-29000,-29000
055008,隆達元富97購01  ,0,0,0,0,0,0,0,0,0,-29000,0,0,0,2000,31000,-29000,-29000
059237,鴻海凱基9A購10  ,0,0,0,0,0,0,0,0,0,-29000,0,0,0,10000,39000,-29000,-29000
056138,群創元大9B購01  ,0,0,0,0,0,0,0,0,0,-29000,0,0,0,0,29000,-29000,-29000
056142,超眾元大97購06  ,0,0,0,0,0,0,0,0,0,-29000,0,0,0,17000,46000,-29000,-29000
055699,康控國票97購04  ,0,0,0,0,0,0,0,0,0,-29000,0,0,0,0,29000,-29000,-29000
055916,奇鋐凱基99購01  ,0,0,0,0,0,0,0,0,0,-29000,0,0,0,114000,143000,-29000,-29000
057948,嘉聯益國票99購02,0,0,0,0,0,0,0,0,0,-29000,0,0,0,0,29000,-29000,-29000
5469,瀚宇博          ,2865000,2770000,95000,0,0,0,0,1300000,-1300000,1176000,66000,0,66000,1135000,25000,1110000,-29000
06494P,鴻海永昌98售03  ,0,0,0,0,0,0,0,0,0,-29000,0,0,0,0,29000,-29000,-29000
06926P,可成群益9A售04  ,0,0,0,0,0,0,0,0,0,-29000,0,0,0,0,29000,-29000,-29000
07064P,臺股指元大9A售25,0,0,0,0,0,0,0,0,0,-29000,0,0,0,0,29000,-29000,-29000
07767P,華新科群益9A售07,0,0,0,0,0,0,0,0,0,-29000,0,0,0,0,29000,-29000,-29000
061587,美律富邦9A購02  ,0,0,0,0,0,0,0,0,0,-30000,0,0,0,0,30000,-30000,-30000
061089,台積電統一9C購04,0,0,0,0,0,0,0,0,0,-30000,0,0,0,0,30000,-30000,-30000
061280,國巨統一9C購06  ,0,0,0,0,0,0,0,0,0,-30000,0,0,0,0,30000,-30000,-30000
062221,奇力新統一01購01,0,0,0,0,0,0,0,0,0,-30000,0,0,0,0,30000,-30000,-30000
06386P,欣興永豐97售03  ,0,0,0,0,0,0,0,0,0,-30000,0,0,0,0,30000,-30000,-30000
061797,聯發科永豐9B購01,0,0,0,0,0,0,0,0,0,-30000,0,0,0,0,30000,-30000,-30000
061669,崇越中信9A購01  ,0,0,0,0,0,0,0,0,0,-30000,0,0,0,55000,85000,-30000,-30000
061918,上銀凱基9B購02  ,0,0,0,0,0,0,0,0,0,-30000,0,0,0,0,30000,-30000,-30000
059665,嘉聯益元大99購06,0,0,0,0,0,0,0,0,0,-30000,0,0,0,0,30000,-30000,-30000
059597,大立光元大99購21,0,0,0,0,0,0,0,0,0,-30000,0,0,0,0,30000,-30000,-30000
060088,國巨元大99購30  ,0,0,0,0,0,0,0,0,0,-30000,0,0,0,60000,90000,-30000,-30000
060250,台表科元大9A購01,0,0,0,0,0,0,0,0,0,-30000,0,0,0,49000,79000,-30000,-30000
060289,京元電元大9A購01,0,0,0,0,0,0,0,0,0,-30000,0,0,0,0,30000,-30000,-30000
060185,聯發科元富04購01,0,0,0,0,0,0,0,0,0,-30000,0,0,0,34000,64000,-30000,-30000
060360,南亞科元富9A購02,0,0,0,0,0,0,0,0,0,-30000,0,0,0,50000,80000,-30000,-30000
060844,大立光國票9A購07,0,0,0,0,0,0,0,0,0,-30000,0,0,0,0,30000,-30000,-30000
060882,大立光中信9A購05,0,0,0,0,0,0,0,0,0,-30000,0,0,0,1000,31000,-30000,-30000
060744,鴻海國票9A購04  ,0,0,0,0,0,0,0,0,0,-30000,0,0,0,135000,165000,-30000,-30000
055022,精元國泰99購01  ,0,0,0,0,0,0,0,0,0,-30000,0,0,0,0,30000,-30000,-30000
054029,瀚宇博凱基96購02,0,0,0,0,0,0,0,0,0,-30000,0,0,0,0,30000,-30000,-30000
053025,燿華富邦98購02  ,0,0,0,0,0,0,0,0,0,-30000,0,0,0,20000,50000,-30000,-30000
053213,建準凱基96購02  ,0,0,0,0,0,0,0,0,0,-30000,0,0,0,0,30000,-30000,-30000
054686,順德永豐97購01  ,0,0,0,0,0,0,0,0,0,-30000,0,0,0,0,30000,-30000,-30000
054642,訊芯中信9A購01  ,0,0,0,0,0,0,0,0,0,-30000,0,0,0,0,30000,-30000,-30000
054694,聯鈞永豐97購01  ,0,0,0,0,0,0,0,0,0,-30000,0,0,0,0,30000,-30000,-30000
054717,亞德客永豐97購01,0,0,0,0,0,0,0,0,0,-30000,0,0,0,0,30000,-30000,-30000
054332,世芯永豐97購01  ,0,0,0,0,0,0,0,0,0,-30000,0,0,0,0,30000,-30000,-30000
058372,欣興凱基99購03  ,0,0,0,0,0,0,0,0,0,-30000,0,0,0,62000,92000,-30000,-30000
020016,統一MSCI美科技N ,0,0,0,0,0,0,0,0,0,-30000,0,0,0,43000,73000,-30000,-30000
050138,台表科國票95購02,0,0,0,0,0,0,0,0,0,-30000,0,0,0,0,30000,-30000,-30000
049947,S&P反1中信97購01,0,0,0,0,0,0,0,0,0,-30000,0,0,0,0,30000,-30000,-30000
044963,台積電中信96購01,0,4000,-4000,0,0,0,0,0,0,-26000,0,0,0,0,26000,-26000,-30000
049230,台達電富邦96購01,0,0,0,0,0,0,0,0,0,-30000,0,0,0,0,30000,-30000,-30000
052785,滬深2X中信99購03,0,0,0,0,0,0,0,0,0,-30000,0,0,0,0,30000,-30000,-30000
050808,台達電凱基96購02,0,0,0,0,0,0,0,0,0,-30000,0,0,0,0,30000,-30000,-30000
053745,康友國票97購01  ,0,0,0,0,0,0,0,0,0,-30000,0,0,0,0,30000,-30000,-30000
052941,康控兆豐97購01  ,0,0,0,0,0,0,0,0,0,-30000,0,0,0,0,30000,-30000,-30000
052939,富邦金兆豐96購01,0,0,0,0,0,0,0,0,0,-30000,0,0,0,0,30000,-30000,-30000
051911,大立光元大98購02,0,0,0,0,0,0,0,0,0,-30000,0,0,0,10000,40000,-30000,-30000
051756,台積電元大97購04,0,0,0,0,0,0,0,0,0,-30000,0,0,0,0,30000,-30000,-30000
058612,健策元大99購02  ,0,0,0,0,0,0,0,0,0,-30000,0,0,0,15000,45000,-30000,-30000
058601,台積電元大99購10,0,0,0,0,0,0,0,0,0,-30000,0,0,0,0,30000,-30000,-30000
057611,技嘉元富98購02  ,0,0,0,0,0,0,0,0,0,-30000,0,0,0,0,30000,-30000,-30000
05584P,臺股指凱基96售13,0,0,0,0,0,0,0,0,0,-30000,0,0,0,0,30000,-30000,-30000
056699,光罩國泰99購01  ,0,0,0,0,0,0,0,0,0,-30000,0,0,0,0,30000,-30000,-30000
055714,智邦元大97購03  ,0,0,0,0,0,0,0,0,0,-30000,0,0,0,0,30000,-30000,-30000
058764,康友群益99購01  ,0,0,0,0,0,0,0,0,0,-30000,0,0,0,0,30000,-30000,-30000
058919,SGBR2X元富99購05,0,0,0,0,0,0,0,0,0,-30000,0,0,0,0,30000,-30000,-30000
055648,可成元富97購01  ,0,0,0,0,0,0,0,0,0,-30000,0,0,0,40000,70000,-30000,-30000
055549,旺宏凱基97購03  ,0,0,0,0,0,0,0,0,0,-30000,0,0,0,0,30000,-30000,-30000
056556,南電凱基98購01  ,0,0,0,0,0,0,0,0,0,-30000,0,0,0,0,30000,-30000,-30000
056486,樺漢元大98購04  ,0,0,0,0,0,0,0,0,0,-30000,0,0,0,0,30000,-30000,-30000
05650P,台積電富邦96售01,0,0,0,0,0,0,0,0,0,-30000,0,0,0,10000,40000,-30000,-30000
059027,神達台新99購02  ,0,0,0,0,0,0,0,0,0,-30000,0,0,0,0,30000,-30000,-30000
059267,群創中信01購02  ,0,0,0,0,0,0,0,0,0,-30000,0,0,0,0,30000,-30000,-30000
059371,聯鈞元富99購02  ,0,0,0,0,0,0,0,0,0,-30000,0,0,0,0,30000,-30000,-30000
057231,美律凱基98購05  ,0,0,0,0,0,0,0,0,0,-30000,0,0,0,0,30000,-30000,-30000
057363,華通元大99購02  ,0,0,0,0,0,0,0,0,0,-30000,0,0,0,2000,32000,-30000,-30000
058852,貿聯群益99購04  ,0,0,0,0,0,0,0,0,0,-30000,0,0,0,70000,100000,-30000,-30000
058799,晶技元大99購04  ,0,0,0,0,0,0,0,0,0,-30000,0,0,0,0,30000,-30000,-30000
058790,楠梓電元大99購03,0,0,0,0,0,0,0,0,0,-30000,0,0,0,0,30000,-30000,-30000
057029,緯穎凱基98購04  ,0,0,0,0,0,0,0,0,0,-30000,0,0,0,39000,69000,-30000,-30000
056969,智易永豐98購01  ,0,0,0,0,0,0,0,0,0,-30000,0,0,0,80000,110000,-30000,-30000
07771P,義隆國票9A售01  ,0,0,0,0,0,0,0,0,0,-30000,0,0,0,19000,49000,-30000,-30000
2109,華豐            ,48000,78000,-30000,0,0,0,0,0,0,0,0,0,0,0,0,0,-30000
07082P,美律元大99售06  ,0,0,0,0,0,0,0,0,0,-30000,0,0,0,0,30000,-30000,-30000
07140P,台灣50日盛99售01,0,0,0,0,0,0,0,0,0,-30000,0,0,0,50000,80000,-30000,-30000
07206P,鴻海凱基9A售11  ,0,0,0,0,0,0,0,0,0,-30000,0,0,0,0,30000,-30000,-30000
07294P,滬深2X元富9C售08,0,0,0,0,0,0,0,0,0,-30000,0,0,0,0,30000,-30000,-30000
07263P,台積電元大99售37,0,0,0,0,0,0,0,0,0,-30000,0,0,0,0,30000,-30000,-30000
07410P,鴻海元大99售44  ,0,0,0,0,0,0,0,0,0,-30000,0,0,0,0,30000,-30000,-30000
07347P,上証2X凱基99售02,0,0,0,0,0,0,0,0,0,-30000,0,0,0,20000,50000,-30000,-30000
06993P,鴻海凱基99售05  ,0,0,0,0,0,0,0,0,0,-30000,0,0,0,0,30000,-30000,-30000
06752P,訊芯凱基98售05  ,0,0,0,0,0,0,0,0,0,-30000,0,0,0,0,30000,-30000,-30000
6558,興能高          ,649000,680000,-31000,0,0,0,0,0,0,1000,1000,0,1000,0,0,0,-30000
060338,鴻海統一9C購02  ,0,0,0,0,0,0,0,0,0,-31000,0,0,0,1000,32000,-31000,-31000
060346,華新科統一01購01,0,0,0,0,0,0,0,0,0,-31000,0,0,0,1000,32000,-31000,-31000
059997,華航元富99購01  ,0,0,0,0,0,0,0,0,0,-31000,0,0,0,0,31000,-31000,-31000
05970P,超眾永豐96售03  ,0,0,0,0,0,0,0,0,0,-31000,0,0,0,117000,148000,-31000,-31000
061579,京鼎元大9A購02  ,0,0,0,0,0,0,0,0,0,-31000,0,0,0,235000,266000,-31000,-31000
05163P,聯發科統一96售02,0,0,0,0,0,0,0,0,0,-31000,0,0,0,30000,61000,-31000,-31000
049439,牧德國泰96購01  ,0,0,0,0,0,0,0,0,0,-31000,0,0,0,0,31000,-31000,-31000
058333,鴻海元富99購04  ,0,0,0,0,0,0,0,0,0,-31000,0,0,0,52000,83000,-31000,-31000
054302,鴻海凱基96購18  ,0,0,0,0,0,0,0,0,0,-31000,0,0,0,70000,101000,-31000,-31000
057335,技嘉國票99購01  ,0,0,0,0,0,0,0,0,0,-31000,0,0,0,39000,70000,-31000,-31000
057991,健策統一9C購01  ,0,0,0,0,0,0,0,0,0,-31000,0,0,0,8000,39000,-31000,-31000
059298,大立光元富9C購02,0,0,0,0,0,0,0,0,0,-31000,0,0,0,140000,171000,-31000,-31000
6672,騰輝電子-KY     ,131000,162000,-31000,0,0,0,0,0,0,0,0,0,0,0,0,0,-31000
06496P,台灣50日盛98售01,0,0,0,0,0,0,0,0,0,-31000,0,0,0,0,31000,-31000,-31000
07349P,大立光凱基99售16,0,0,0,0,0,0,0,0,0,-31000,0,0,0,9000,40000,-31000,-31000
07717P,臺股指群益9A售06,0,0,0,0,0,0,0,0,0,-31000,0,0,0,4000,35000,-31000,-31000
061515,泰碩永豐9A購03  ,0,0,0,0,0,0,0,0,0,-32000,0,0,0,0,32000,-32000,-32000
061374,力山永豐9A購04  ,0,0,0,0,0,0,0,0,0,-32000,0,0,0,38000,70000,-32000,-32000
061785,奇力新群益9B購01,0,0,0,0,0,0,0,0,0,-32000,0,0,0,135000,167000,-32000,-32000
062138,力成群益9B購01  ,0,0,0,0,0,0,0,0,0,-32000,0,0,0,9000,41000,-32000,-32000
061998,緯穎元大9B購03  ,0,0,0,0,0,0,0,0,0,-32000,0,0,0,31000,63000,-32000,-32000
06204P,鴻海群益97售04  ,0,0,0,0,0,0,0,0,0,-32000,0,0,0,0,32000,-32000,-32000
059791,超眾元大99購06  ,0,0,0,0,0,0,0,0,0,-32000,0,0,0,22000,54000,-32000,-32000
060265,宏達電國票9A購02,0,0,0,0,0,0,0,0,0,-32000,0,0,0,13000,45000,-32000,-32000
060230,台積電元大9A購07,0,0,0,0,0,0,0,0,0,-32000,0,0,0,41000,73000,-32000,-32000
060227,和大元大9A購01  ,0,0,0,0,0,0,0,0,0,-32000,0,0,0,9000,41000,-32000,-32000
060333,金寶康和9A購01  ,0,0,0,0,0,0,0,0,0,-32000,0,0,0,20000,52000,-32000,-32000
060572,景碩永豐9A購01  ,0,0,0,0,0,0,0,0,0,-32000,0,0,0,34000,66000,-32000,-32000
060578,臺股指中信9C購03,0,0,0,0,0,0,0,0,0,-32000,0,0,0,15000,47000,-32000,-32000
06082P,華通統一98售01  ,0,0,0,0,0,0,0,0,0,-32000,0,0,0,0,32000,-32000,-32000
054478,可成中信97購01  ,0,0,0,0,0,0,0,0,0,-32000,0,0,0,12000,44000,-32000,-32000
056693,國產群益98購01  ,0,0,0,0,0,0,0,0,0,-32000,0,0,0,148000,180000,-32000,-32000
058378,南電凱基99購01  ,0,0,0,0,0,0,0,0,0,-32000,0,0,0,0,32000,-32000,-32000
058408,華通兆豐99購02  ,0,0,0,0,0,0,0,0,0,-32000,0,0,0,46000,78000,-32000,-32000
057501,超眾群益98購04  ,0,0,0,0,0,0,0,0,0,-32000,0,0,0,0,32000,-32000,-32000
057374,禾伸堂元大99購03,0,0,0,0,0,0,0,0,0,-32000,0,0,0,18000,50000,-32000,-32000
056922,全新兆豐99購01  ,0,0,0,0,0,0,0,0,0,-32000,0,0,0,148000,180000,-32000,-32000
055510,GIS元大97購03   ,0,0,0,0,0,0,0,0,0,-32000,0,0,0,117000,149000,-32000,-32000
058752,鈺齊凱基9A購01  ,0,0,0,0,0,0,0,0,0,-32000,0,0,0,7000,39000,-32000,-32000
057629,泰碩永豐98購02  ,0,0,0,0,0,0,0,0,0,-32000,0,0,0,0,32000,-32000,-32000
06833P,矽力群益99售01  ,0,0,0,0,0,0,0,0,0,-32000,0,0,0,0,32000,-32000,-32000
3543,州巧            ,1000,33000,-32000,0,0,0,0,0,0,0,0,0,0,0,0,0,-32000
060916,金像電國泰9C購01,0,0,0,0,0,0,0,0,0,-33000,0,0,0,150000,183000,-33000,-33000
060587,牧德元富9A購01  ,0,0,0,0,0,0,0,0,0,-33000,0,0,0,0,33000,-33000,-33000
060087,鴻海元大99購43  ,0,0,0,0,0,0,0,0,0,-33000,0,0,0,130000,163000,-33000,-33000
061453,台達電凱基9B購01,0,0,0,0,0,0,0,0,0,-33000,0,0,0,27000,60000,-33000,-33000
061622,臻鼎群益9A購01  ,0,0,0,0,0,0,0,0,0,-33000,0,0,0,18000,51000,-33000,-33000
03033X,元展30          ,0,0,0,0,0,0,0,0,0,-33000,0,0,0,8000,41000,-33000,-33000
050485,國巨統一96購01  ,0,0,0,0,0,0,0,0,0,-33000,0,0,0,0,33000,-33000,-33000
05571P,大立光統一96售03,0,0,0,0,0,0,0,0,0,-33000,0,0,0,1000,34000,-33000,-33000
055705,微星永豐97購01  ,0,0,0,0,0,0,0,0,0,-33000,0,0,0,3000,36000,-33000,-33000
057320,玉晶光凱基98購01,0,0,0,0,0,0,0,0,0,-33000,0,0,0,2000,35000,-33000,-33000
056979,微星群益98購01  ,0,0,0,0,0,0,0,0,0,-33000,0,0,0,313000,346000,-33000,-33000
05634P,玉晶光台新97售01,0,0,0,0,0,0,0,0,0,-33000,0,0,0,294000,327000,-33000,-33000
9946,三發地產        ,1000,34000,-33000,0,0,0,0,0,0,0,0,0,0,0,0,0,-33000
07420P,可成元大99售07  ,0,0,0,0,0,0,0,0,0,-33000,0,0,0,3000,36000,-33000,-33000
07170P,臺股指國票99售07,0,0,0,0,0,0,0,0,0,-33000,0,0,0,158000,191000,-33000,-33000
07595P,台灣50中信03售07,0,0,0,0,0,0,0,0,0,-33000,0,0,0,0,33000,-33000,-33000
07917P,可成永豐9B售01  ,0,0,0,0,0,0,0,0,0,-33000,0,0,0,0,33000,-33000,-33000
07890P,南電國票9B售01  ,0,0,0,0,0,0,0,0,0,-33000,0,0,0,21000,54000,-33000,-33000
1723,中碳            ,79000,112000,-33000,0,0,0,0,0,0,0,0,0,0,0,0,0,-33000
061499,嘉晶國票9A購03  ,0,0,0,0,0,0,0,0,0,-34000,0,0,0,8000,42000,-34000,-34000
059909,鴻海元大99購36  ,0,0,0,0,0,0,0,0,0,-34000,0,0,0,26000,60000,-34000,-34000
060506,京元電元大9A購02,0,0,0,0,0,0,0,0,0,-34000,0,0,0,0,34000,-34000,-34000
00681R,元大美債20反1   ,0,0,0,0,0,0,0,0,0,-34000,0,0,0,11000,45000,-34000,-34000
00690,兆豐藍籌30      ,0,0,0,0,0,0,0,0,0,-34000,0,0,0,305000,339000,-34000,-34000
058119,華新亞東99購01  ,0,0,0,0,0,0,0,0,0,-34000,0,0,0,48000,82000,-34000,-34000
054061,晶技國票97購03  ,0,0,0,0,0,0,0,0,0,-34000,0,0,0,15000,49000,-34000,-34000
05719P,可成元大96售03  ,0,0,0,0,0,0,0,0,0,-34000,0,0,0,0,34000,-34000,-34000
059458,鎧勝永豐99購01  ,0,0,0,0,0,0,0,0,0,-34000,0,0,0,0,34000,-34000,-34000
057188,佐登元大98購01  ,0,0,0,0,0,0,0,0,0,-34000,0,0,0,32000,66000,-34000,-34000
057176,全新元大99購02  ,0,0,0,0,0,0,0,0,0,-34000,0,0,0,252000,286000,-34000,-34000
058930,華新科統一9B購01,0,0,0,0,0,0,0,0,0,-34000,0,0,0,0,34000,-34000,-34000
07651P,道瓊指中信01售01,0,0,0,0,0,0,0,0,0,-34000,0,0,0,0,34000,-34000,-34000
060535,群創麥證9A購01  ,0,0,0,0,35000,-35000,0,0,0,-35000,0,0,0,0,35000,-35000,-35000
06035P,同欣電凱基96售03,0,0,0,0,0,0,0,0,0,-35000,0,0,0,5000,40000,-35000,-35000
060938,臺指反國票9B購03,0,0,0,0,0,0,0,0,0,-35000,0,0,0,0,35000,-35000,-35000
060894,奇力新凱基9A購03,0,0,0,0,0,0,0,0,0,-35000,0,0,0,0,35000,-35000,-35000
060714,晶技永豐9A購02  ,0,0,0,0,0,0,0,0,0,-35000,0,0,0,47000,82000,-35000,-35000
061211,玉晶光元大9A購12,10000,0,10000,0,0,0,0,0,0,-45000,0,0,0,77000,122000,-45000,-35000
061125,億光永豐9A購01  ,0,0,0,0,0,0,0,0,0,-35000,0,0,0,37000,72000,-35000,-35000
055343,國巨凱基97購03  ,0,0,0,0,0,0,0,0,0,-35000,0,0,0,0,35000,-35000,-35000
058503,鴻海元大99購14  ,0,0,0,0,0,0,0,0,0,-35000,0,0,0,168000,203000,-35000,-35000
052847,漢唐統一99購01  ,0,0,0,0,0,0,0,0,0,-35000,0,0,0,83000,118000,-35000,-35000
05212P,台積電國票96售04,0,0,0,0,0,0,0,0,0,-35000,0,0,0,316000,351000,-35000,-35000
053932,華新科統一96購03,0,0,0,0,0,0,0,0,0,-35000,0,0,0,0,35000,-35000,-35000
058206,祥碩凱基99購01  ,0,0,0,0,0,0,0,0,0,-35000,0,0,0,118000,153000,-35000,-35000
058267,奇鋐永豐99購01  ,0,0,0,0,0,0,0,0,0,-35000,0,0,0,25000,60000,-35000,-35000
059502,台灣50台新9B購04,0,0,0,0,0,0,0,0,0,-35000,0,0,0,0,35000,-35000,-35000
059213,國巨元大99購19  ,0,0,0,0,0,0,0,0,0,-35000,0,0,0,2000,37000,-35000,-35000
057532,智原元大98購03  ,0,0,0,0,0,0,0,0,0,-35000,0,0,0,5000,40000,-35000,-35000
056975,元油2X群益98購03,100000,135000,-35000,0,0,0,0,0,0,0,0,0,0,0,0,0,-35000
058800,健策元大99購03  ,0,0,0,0,0,0,0,0,0,-35000,0,0,0,14000,49000,-35000,-35000
07922P,大立光群益9B售05,0,0,0,0,0,0,0,0,0,-35000,0,0,0,2000,37000,-35000,-35000
07266P,大立光元大99售19,0,0,0,0,0,0,0,0,0,-35000,0,0,0,0,35000,-35000,-35000
2471,資通            ,198000,233000,-35000,0,0,0,0,0,0,0,0,0,0,0,0,0,-35000
062047,緯穎凱基9B購01  ,0,0,0,0,0,0,0,0,0,-36000,0,0,0,13000,49000,-36000,-36000
062271,華通群益9C購02  ,0,0,0,0,0,0,0,0,0,-36000,0,0,0,2000,38000,-36000,-36000
061881,緯穎元大9B購02  ,0,0,0,0,0,0,0,0,0,-36000,0,0,0,71000,107000,-36000,-36000
060939,鴻海國票9A購06  ,0,0,0,0,0,0,0,0,0,-36000,0,0,0,0,36000,-36000,-36000
060922,金像電永豐9A購01,0,0,0,0,0,0,0,0,0,-36000,0,0,0,95000,131000,-36000,-36000
051406,泰鼎永豐96購01  ,0,0,0,0,0,0,0,0,0,-36000,0,0,0,30000,66000,-36000,-36000
058196,台塑中信99購01  ,0,0,0,0,0,0,0,0,0,-36000,0,0,0,99000,135000,-36000,-36000
057789,上銀統一9A購01  ,0,0,0,0,0,0,0,0,0,-36000,0,0,0,48000,84000,-36000,-36000
058033,景碩永豐98購02  ,0,0,0,0,0,0,0,0,0,-36000,0,0,0,20000,56000,-36000,-36000
058025,聯茂國泰99購01  ,0,0,0,0,0,0,0,0,0,-36000,0,0,0,5000,41000,-36000,-36000
059340,鴻海凱基9A購12  ,0,0,0,0,0,0,0,0,0,-36000,0,0,0,200000,236000,-36000,-36000
056168,鴻海元富97購07  ,0,0,0,0,0,0,0,0,0,-36000,0,0,0,40000,76000,-36000,-36000
056049,奇力新國票98購01,0,0,0,0,0,0,0,0,0,-36000,0,0,0,0,36000,-36000,-36000
5258,虹堡            ,16000,53000,-37000,0,0,0,0,0,0,1000,1000,0,1000,0,0,0,-36000
059558,T50正2凱基9C購03,0,0,0,0,0,0,0,0,0,-37000,0,0,0,0,37000,-37000,-37000
060228,亞德客元大9A購01,0,0,0,0,0,0,0,0,0,-37000,0,0,0,1000,38000,-37000,-37000
061913,宏碁中信9B購01  ,0,0,0,0,0,0,0,0,0,-37000,0,0,0,0,37000,-37000,-37000
06240P,奇力新元富97售03,0,0,0,0,0,0,0,0,0,-37000,0,0,0,13000,50000,-37000,-37000
062056,國巨統一9C購08  ,0,0,0,0,0,0,0,0,0,-37000,0,0,0,0,37000,-37000,-37000
055261,帆宣統一98購01  ,0,0,0,0,0,0,0,0,0,-37000,0,0,0,0,37000,-37000,-37000
052938,華新科兆豐96購01,0,0,0,0,0,0,0,0,0,-37000,0,0,0,0,37000,-37000,-37000
053742,創意國票97購01  ,0,0,0,0,0,0,0,0,0,-37000,0,0,0,1000,38000,-37000,-37000
05579P,友達凱基98售03  ,0,0,0,0,0,0,0,0,0,-37000,0,0,0,100000,137000,-37000,-37000
057514,華新科元富99購03,0,0,0,0,0,0,0,0,0,-37000,0,0,0,0,37000,-37000,-37000
07190P,臺股指富邦9C售02,0,0,0,0,0,0,0,0,0,-37000,0,0,0,0,37000,-37000,-37000
062225,華擎統一01購01  ,0,0,0,0,0,0,0,0,0,-38000,0,0,0,0,38000,-38000,-38000
061917,亞德客凱基9B購02,0,0,0,0,0,0,0,0,0,-38000,0,0,0,0,38000,-38000,-38000
061611,南六統一01購01  ,0,0,0,0,0,0,0,0,0,-38000,0,0,0,42000,80000,-38000,-38000
059755,宏達電國泰9A購01,0,0,0,0,0,0,0,0,0,-38000,0,0,0,66000,104000,-38000,-38000
06038P,國泰金台新96售01,0,0,0,0,0,0,0,0,0,-38000,0,0,0,0,38000,-38000,-38000
060531,大立光中信9A購04,0,0,0,0,0,0,0,0,0,-38000,0,0,0,0,38000,-38000,-38000
054436,高鐵台新97購02  ,0,0,0,0,0,0,0,0,0,-38000,0,0,0,0,38000,-38000,-38000
055214,聯電凱基97購02  ,0,0,0,0,0,0,0,0,0,-38000,0,0,0,95000,133000,-38000,-38000
056343,高鐵凱基98購02  ,0,0,0,0,0,0,0,0,0,-38000,0,0,0,0,38000,-38000,-38000
059235,鴻海凱基99購08  ,0,0,0,0,0,0,0,0,0,-38000,0,0,0,0,38000,-38000,-38000
06534P,聯發科群益98售04,0,0,0,0,0,0,0,0,0,-38000,0,0,0,11000,49000,-38000,-38000
06542P,台光電國票98售05,0,0,0,0,0,0,0,0,0,-38000,0,0,0,0,38000,-38000,-38000
3454,晶睿            ,87000,125000,-38000,0,0,0,0,0,0,0,0,0,0,0,0,0,-38000
060382,儒鴻凱基9A購01  ,0,0,0,0,0,0,0,0,0,-39000,0,0,0,111000,150000,-39000,-39000
060959,金像電凱基9A購01,0,0,0,0,0,0,0,0,0,-39000,0,0,0,143000,182000,-39000,-39000
060865,創意永豐9A購01  ,0,0,0,0,0,0,0,0,0,-39000,0,0,0,1000,40000,-39000,-39000
059807,大立光元富99購09,0,0,0,0,0,0,0,0,0,-39000,0,0,0,20000,59000,-39000,-39000
059917,華新科元大99購19,0,0,0,0,0,0,0,0,0,-39000,0,0,0,0,39000,-39000,-39000
06023P,超眾國票96售03  ,0,0,0,0,0,0,0,0,0,-39000,0,0,0,58000,97000,-39000,-39000
060109,茂林元大99購05  ,0,0,0,0,0,0,0,0,0,-39000,0,0,0,11000,50000,-39000,-39000
060053,聯發科凱基9B購02,0,0,0,0,0,0,0,0,0,-39000,0,0,0,1000,40000,-39000,-39000
061974,光寶科元大9B購01,0,0,0,0,0,0,0,0,0,-39000,0,0,0,0,39000,-39000,-39000
058274,世紀鋼永豐99購01,0,0,0,0,0,0,0,0,0,-39000,0,0,0,0,39000,-39000,-39000
058297,茂林凱基9A購02  ,0,0,0,0,0,0,0,0,0,-39000,0,0,0,0,39000,-39000,-39000
048350,世紀鋼元大95購01,0,0,0,0,0,0,0,0,0,-39000,0,0,0,0,39000,-39000,-39000
059024,大立光統一9B購04,0,0,0,0,0,0,0,0,0,-39000,0,0,0,11000,50000,-39000,-39000
057794,T50反1兆豐99購02,0,0,0,0,0,0,0,0,0,-39000,0,0,0,0,39000,-39000,-39000
058850,華新科群益99購03,0,0,0,0,0,0,0,0,0,-39000,0,0,0,17000,56000,-39000,-39000
057422,欣興凱基98購04  ,0,0,0,0,0,0,0,0,0,-39000,0,0,0,9000,48000,-39000,-39000
056529,中環凱基98購01  ,0,0,0,0,0,0,0,0,0,-39000,0,0,0,0,39000,-39000,-39000
055830,上銀元大97購07  ,0,0,0,0,0,0,0,0,0,-39000,0,0,0,0,39000,-39000,-39000
05590P,臺股指中信96售05,0,0,0,0,0,0,0,0,0,-39000,0,0,0,44000,83000,-39000,-39000
2457,飛宏            ,397000,436000,-39000,0,0,0,0,0,0,0,0,0,0,0,0,0,-39000
06592P,欣興元大98售04  ,0,0,0,0,0,0,0,0,0,-39000,0,0,0,11000,50000,-39000,-39000
07032P,聯發科統一9C售02,0,0,0,0,0,0,0,0,0,-39000,0,0,0,73000,112000,-39000,-39000
061841,晶技凱基9C購01  ,0,0,0,0,0,0,0,0,0,-40000,0,0,0,0,40000,-40000,-40000
061513,華新科永豐9A購04,0,0,0,0,0,0,0,0,0,-40000,0,0,0,0,40000,-40000,-40000
061425,華新科元大9A購19,0,0,0,0,0,0,0,0,0,-40000,0,0,0,0,40000,-40000,-40000
061352,茂林元大9A購04  ,0,0,0,0,0,0,0,0,0,-40000,0,0,0,10000,50000,-40000,-40000
061029,力山永豐9A購01  ,0,0,0,0,0,0,0,0,0,-40000,0,0,0,10000,50000,-40000,-40000
061038,TPK永豐9A購01   ,0,0,0,0,0,0,0,0,0,-40000,0,0,0,24000,64000,-40000,-40000
061220,臺股指元大9A購57,0,0,0,0,0,0,0,0,0,-40000,0,0,0,0,40000,-40000,-40000
060090,台積電元大99購55,0,0,0,0,0,0,0,0,0,-40000,0,0,0,0,40000,-40000,-40000
060103,聯詠元大99購01  ,0,0,0,0,0,0,0,0,0,-40000,0,0,0,15000,55000,-40000,-40000
059581,日月光元富99購02,0,0,0,0,0,0,0,0,0,-40000,0,0,0,330000,370000,-40000,-40000
052451,旭富元大95購02  ,0,0,0,0,0,0,0,0,0,-40000,0,0,0,0,40000,-40000,-40000
052512,全新凱基96購03  ,0,0,0,0,0,0,0,0,0,-40000,0,0,0,50000,90000,-40000,-40000
052827,昇陽半永豐97購01,0,0,0,0,0,0,0,0,0,-40000,0,0,0,0,40000,-40000,-40000
00728,第一金工業30    ,0,0,0,0,0,0,0,0,0,-40000,0,0,0,222000,262000,-40000,-40000
04881P,高股息凱基96售01,0,0,0,0,0,0,0,0,0,-40000,0,0,0,0,40000,-40000,-40000
042792,T50反1台新9C購01,0,0,0,0,0,0,0,0,0,-40000,0,0,0,0,40000,-40000,-40000
058481,玉晶光凱基9A購04,0,0,0,0,0,0,0,0,0,-40000,0,0,0,36000,76000,-40000,-40000
054322,國巨台新96購02  ,0,0,0,0,0,0,0,0,0,-40000,0,0,0,0,40000,-40000,-40000
054834,帆宣中信97購01  ,0,0,0,0,0,0,0,0,0,-40000,0,0,0,0,40000,-40000,-40000
054154,智易國泰97購01  ,0,0,0,0,0,0,0,0,0,-40000,0,0,0,0,40000,-40000,-40000
055054,群光永豐97購01  ,0,0,0,0,0,0,0,0,0,-40000,0,0,0,0,40000,-40000,-40000
054079,鴻海中信98購02  ,0,0,0,0,0,0,0,0,0,-40000,0,0,0,0,40000,-40000,-40000
058517,景碩元大99購06  ,0,0,0,0,0,0,0,0,0,-40000,0,0,0,63000,103000,-40000,-40000
057943,可成國票99購03  ,0,0,0,0,0,0,0,0,0,-40000,0,0,0,24000,64000,-40000,-40000
056846,晶相光元富98購01,0,0,0,0,0,0,0,0,0,-40000,0,0,0,0,40000,-40000,-40000
056552,台表科凱基99購01,0,0,0,0,0,0,0,0,0,-40000,0,0,0,45000,85000,-40000,-40000
056393,精元永豐98購01  ,0,0,0,0,0,0,0,0,0,-40000,0,0,0,0,40000,-40000,-40000
056028,GIS群益97購02   ,0,0,0,0,0,0,0,0,0,-40000,0,0,0,0,40000,-40000,-40000
055689,台郡凱基99購01  ,0,0,0,0,0,0,0,0,0,-40000,0,0,0,0,40000,-40000,-40000
055610,光磊國票98購01  ,0,0,0,0,0,0,0,0,0,-40000,0,0,0,38000,78000,-40000,-40000
057394,台積電中信9C購02,0,0,0,0,0,0,0,0,0,-40000,0,0,0,0,40000,-40000,-40000
057471,昇陽半永豐98購02,0,0,0,0,0,0,0,0,0,-40000,0,0,0,60000,100000,-40000,-40000
05755P,臺股指中信99售04,0,0,0,0,0,0,0,0,0,-40000,0,0,0,53000,93000,-40000,-40000
059284,緯穎永豐99購03  ,0,0,0,0,0,0,0,0,0,-40000,0,0,0,6000,46000,-40000,-40000
059338,滬深2X凱基9C購02,0,0,0,0,0,0,0,0,0,-40000,0,0,0,0,40000,-40000,-40000
07131P,緯穎元大99售06  ,0,0,0,0,0,0,0,0,0,-40000,0,0,0,10000,50000,-40000,-40000
07389P,臺股指群益9C售08,0,0,0,0,0,0,0,0,0,-40000,0,0,0,0,40000,-40000,-40000
07529P,國巨凱基9A售11  ,0,0,0,0,0,0,0,0,0,-40000,0,0,0,0,40000,-40000,-40000
3040,遠見            ,0,0,0,0,0,0,0,0,0,-40000,5000,45000,-40000,0,0,0,-40000
9955,佳龍            ,53000,93000,-40000,0,0,0,0,0,0,0,0,0,0,0,0,0,-40000
059634,可成凱基99購07  ,0,0,0,0,0,0,0,0,0,-41000,0,0,0,53000,94000,-41000,-41000
059693,智原永豐99購01  ,0,0,0,0,0,0,0,0,0,-41000,0,0,0,39000,80000,-41000,-41000
060122,亞德客永豐99購02,0,0,0,0,0,0,0,0,0,-41000,0,0,0,1000,42000,-41000,-41000
060048,元金2X凱基99購03,0,0,0,0,0,0,0,0,0,-41000,0,0,0,0,41000,-41000,-41000
060803,台灣50群益9A購13,0,0,0,0,0,0,0,0,0,-41000,0,0,0,45000,86000,-41000,-41000
060425,凌華永豐9A購01  ,0,0,0,0,0,0,0,0,0,-41000,0,0,0,67000,108000,-41000,-41000
060476,瑞祺元大9A購02  ,0,0,0,0,0,0,0,0,0,-41000,0,0,0,10000,51000,-41000,-41000
06270P,致伸凱基97售03  ,0,0,0,0,0,0,0,0,0,-41000,0,0,0,0,41000,-41000,-41000
062143,大成鋼國票9B購01,0,0,0,0,0,0,0,0,0,-41000,0,0,0,0,41000,-41000,-41000
058099,鴻海國泰9A購02  ,0,0,0,0,0,0,0,0,0,-41000,0,0,0,4000,45000,-41000,-41000
051641,矽創國票96購01  ,0,0,0,0,0,0,0,0,0,-41000,0,0,0,44000,85000,-41000,-41000
059441,祥碩元大99購02  ,0,0,0,0,0,0,0,0,0,-41000,0,0,0,0,41000,-41000,-41000
059205,元石油元大99購01,0,0,0,0,0,0,0,0,0,-41000,0,0,0,12000,53000,-41000,-41000
058849,奇力新群益99購02,0,0,0,0,0,0,0,0,0,-41000,0,0,0,60000,101000,-41000,-41000
057815,信邦元大98購01  ,0,0,0,0,0,0,0,0,0,-41000,0,0,0,0,41000,-41000,-41000
058929,可成統一9C購01  ,0,0,0,0,0,0,0,0,0,-41000,0,0,0,281000,322000,-41000,-41000
056301,開發金元大9A購01,0,0,0,0,0,0,0,0,0,-41000,0,0,0,0,41000,-41000,-41000
07844P,可成國票9A售01  ,0,0,0,0,0,0,0,0,0,-41000,0,0,0,0,41000,-41000,-41000
07757P,國巨國票9B售04  ,0,0,0,0,0,0,0,0,0,-41000,0,0,0,0,41000,-41000,-41000
061996,矽格元大9B購01  ,0,0,0,0,0,0,0,0,0,-42000,0,0,0,88000,130000,-42000,-42000
06245P,健策元富97售03  ,0,0,0,0,0,0,0,0,0,-42000,0,0,0,0,42000,-42000,-42000
062227,南六統一01購02  ,0,0,0,0,0,0,0,0,0,-42000,0,0,0,0,42000,-42000,-42000
061355,康友元大9A購03  ,0,0,0,0,0,0,0,0,0,-42000,0,0,0,3000,45000,-42000,-42000
03669C,滬深2X元富09牛01,0,0,0,0,0,0,0,0,0,-42000,0,0,0,13000,55000,-42000,-42000
053621,臺股指群益96購07,0,0,0,0,0,0,0,0,0,-42000,0,0,0,0,42000,-42000,-42000
056643,奇力新凱基99購01,0,0,0,0,0,0,0,0,0,-42000,0,0,0,0,42000,-42000,-42000
056893,智邦元大98購02  ,0,0,0,0,0,0,0,0,0,-42000,0,0,0,27000,69000,-42000,-42000
058780,牧德國票9A購01  ,0,8000,-8000,0,0,0,0,0,0,-34000,0,0,0,142000,176000,-34000,-42000
056757,T50反1元大98購07,0,0,0,0,0,0,0,0,0,-42000,0,0,0,25000,67000,-42000,-42000
058795,可成元大99購03  ,0,0,0,0,0,0,0,0,0,-42000,0,0,0,34000,76000,-42000,-42000
057321,台泥群益98購01  ,0,0,0,0,0,0,0,0,0,-42000,0,0,0,12000,54000,-42000,-42000
056213,建準國票98購02  ,0,0,0,0,0,0,0,0,0,-42000,0,0,0,0,42000,-42000,-42000
1608,華榮            ,125000,167000,-42000,0,0,0,0,0,0,0,0,0,0,0,0,0,-42000
07130P,台郡元大9B售01  ,0,0,0,0,0,0,0,0,0,-42000,0,0,0,27000,69000,-42000,-42000
06867P,訊芯元大98售08  ,0,0,0,0,0,0,0,0,0,-42000,0,0,0,10000,52000,-42000,-42000
06582P,可成凱基98售06  ,0,0,0,0,0,0,0,0,0,-42000,0,0,0,0,42000,-42000,-42000
06654P,欣興元大98售08  ,0,0,0,0,0,0,0,0,0,-42000,0,0,0,58000,100000,-42000,-42000
6139,亞翔            ,111000,154000,-43000,0,0,0,0,0,0,1000,1000,0,1000,0,0,0,-42000
061024,南電國泰9B購01  ,0,0,0,0,0,0,0,0,0,-43000,0,0,0,105000,148000,-43000,-43000
06320P,上銀統一97售04  ,0,0,0,0,0,0,0,0,0,-43000,0,0,0,17000,60000,-43000,-43000
062073,國巨元大9B購06  ,0,0,0,0,0,0,0,0,0,-43000,0,0,0,98000,141000,-43000,-43000
061859,勤誠國票9B購01  ,0,0,0,0,0,0,0,0,0,-43000,0,0,0,0,43000,-43000,-43000
060450,南亞元大9A購02  ,0,0,0,0,0,0,0,0,0,-43000,0,0,0,25000,68000,-43000,-43000
060341,國巨統一9C購02  ,0,0,0,0,0,0,0,0,0,-43000,0,0,0,0,43000,-43000,-43000
060710,上銀永豐9A購01  ,0,0,0,0,0,0,0,0,0,-43000,0,0,0,25000,68000,-43000,-43000
060954,國泰金群益9A購02,0,0,0,0,0,0,0,0,0,-43000,0,0,0,0,43000,-43000,-43000
058085,景碩群益9A購01  ,0,0,0,0,0,0,0,0,0,-43000,0,0,0,97000,140000,-43000,-43000
00851,台新全球AI      ,0,0,0,0,0,0,0,0,0,-43000,0,0,0,41000,84000,-43000,-43000
052647,晶技永豐97購01  ,0,0,0,0,0,0,0,0,0,-43000,0,0,0,4000,47000,-43000,-43000
050183,奇鋐元大96購01  ,0,0,0,0,0,0,0,0,0,-43000,0,0,0,10000,53000,-43000,-43000
053871,臻鼎元大96購03  ,0,0,0,0,0,0,0,0,0,-43000,0,0,0,18000,61000,-43000,-43000
059211,鴻海元大99購27  ,0,0,0,0,0,0,0,0,0,-43000,0,0,0,107000,150000,-43000,-43000
057408,台郡群益98購01  ,0,0,0,0,0,0,0,0,0,-43000,0,0,0,89000,132000,-43000,-43000
058700,鴻海元大99購15  ,0,0,0,0,0,0,0,0,0,-43000,0,0,0,41000,84000,-43000,-43000
055688,力成凱基98購02  ,0,0,0,0,0,0,0,0,0,-43000,0,0,0,10000,53000,-43000,-43000
056084,漢唐統一97購03  ,0,0,0,0,0,0,0,0,0,-43000,0,0,0,78000,121000,-43000,-43000
056658,美食元大98購01  ,0,0,0,0,0,0,0,0,0,-43000,0,0,0,7000,50000,-43000,-43000
2701,萬企            ,14000,57000,-43000,0,0,0,0,0,0,0,0,0,0,0,0,0,-43000
06553P,訊芯元大98售05  ,0,0,0,0,0,0,0,0,0,-43000,0,0,0,11000,54000,-43000,-43000
07739P,緯穎永豐9A售01  ,0,0,0,0,0,0,0,0,0,-43000,0,0,0,0,43000,-43000,-43000
060790,日月光富邦9A購01,0,0,0,0,0,0,0,0,0,-44000,0,0,0,3000,47000,-44000,-44000
05963P,貿聯國票97售02  ,0,0,0,0,0,0,0,0,0,-44000,0,0,0,0,44000,-44000,-44000
061973,上銀元大9B購01  ,0,0,0,0,0,0,0,0,0,-44000,0,0,0,0,44000,-44000,-44000
060963,禾伸堂凱基9A購01,0,0,0,0,0,0,0,0,0,-44000,0,0,0,23000,67000,-44000,-44000
061249,億豐群益9A購01  ,0,0,0,0,0,0,0,0,0,-44000,0,0,0,0,44000,-44000,-44000
061577,泰碩元大9A購03  ,0,0,0,0,0,0,0,0,0,-44000,0,0,0,18000,62000,-44000,-44000
050725,光磊國票96購01  ,0,0,0,0,0,0,0,0,0,-44000,0,0,0,0,44000,-44000,-44000
054977,SP黃豆元富9B購01,0,0,0,0,0,0,0,0,0,-44000,0,0,0,16000,60000,-44000,-44000
052602,聯電元大97購01  ,0,0,0,0,0,0,0,0,0,-44000,0,0,0,211000,255000,-44000,-44000
00783,富邦中証500     ,0,94000,-94000,0,0,0,0,0,0,50000,0,0,0,810000,760000,50000,-44000
00763U,街口道瓊銅      ,0,0,0,0,0,0,0,0,0,-44000,0,0,0,6000,50000,-44000,-44000
006206,元大上證50      ,0,4000,-4000,0,0,0,0,0,0,-40000,0,0,0,97000,137000,-40000,-44000
049485,台積電元大96購03,0,0,0,0,0,0,0,0,0,-44000,0,0,0,14000,58000,-44000,-44000
058090,聯發科元大98購16,0,0,0,0,0,0,0,0,0,-44000,0,0,0,17000,61000,-44000,-44000
058672,可成群益9B購02  ,0,0,0,0,0,0,0,0,0,-44000,0,0,0,34000,78000,-44000,-44000
058901,美律元大99購07  ,0,0,0,0,0,0,0,0,0,-44000,0,0,0,42000,86000,-44000,-44000
05564P,玉晶光元大97售02,0,0,0,0,0,0,0,0,0,-44000,0,0,0,102000,146000,-44000,-44000
055949,亞德客元大97購04,0,0,0,0,0,0,0,0,0,-44000,0,0,0,20000,64000,-44000,-44000
057024,義隆凱基99購01  ,0,0,0,0,0,0,0,0,0,-44000,0,0,0,8000,52000,-44000,-44000
057068,國巨永豐98購06  ,0,0,0,0,0,0,0,0,0,-44000,0,0,0,0,44000,-44000,-44000
057165,國巨元大99購05  ,0,0,0,0,0,0,0,0,0,-44000,0,0,0,40000,84000,-44000,-44000
06600P,貿聯永豐98售01  ,0,0,0,0,0,0,0,0,0,-44000,0,0,0,0,44000,-44000,-44000
2450,神腦            ,65000,109000,-44000,0,0,0,0,0,0,0,0,0,0,0,0,0,-44000
3311,閎暉            ,10000,54000,-44000,0,0,0,0,0,0,0,0,0,0,0,0,0,-44000
060995,泰鼎元大9A購03  ,0,0,0,0,0,0,0,0,0,-45000,0,0,0,202000,247000,-45000,-45000
061831,智邦凱基9B購02  ,0,0,0,0,0,0,0,0,0,-45000,0,0,0,45000,90000,-45000,-45000
059511,宏達電永豐99購02,0,0,0,0,0,0,0,0,0,-45000,0,0,0,1000,46000,-45000,-45000
060278,道瓊反元大9A購03,0,0,0,0,0,0,0,0,0,-45000,0,0,0,0,45000,-45000,-45000
060851,國巨國泰9C購01  ,0,0,0,0,0,0,0,0,0,-45000,0,0,0,75000,120000,-45000,-45000
060842,新光金國票9B購01,0,0,0,0,0,0,0,0,0,-45000,0,0,0,0,45000,-45000,-45000
060489,世紀鋼群益9A購01,0,0,0,0,0,0,0,0,0,-45000,0,0,0,105000,150000,-45000,-45000
060596,元黃金凱基9A購02,0,0,0,0,0,0,0,0,0,-45000,0,0,0,3000,48000,-45000,-45000
054335,緯穎永豐96購02  ,0,0,0,0,0,0,0,0,0,-45000,0,0,0,25000,70000,-45000,-45000
055276,台積電元大97購20,0,0,0,0,0,0,0,0,0,-45000,0,0,0,0,45000,-45000,-45000
055019,福懋科元富97購01,0,0,0,0,0,0,0,0,0,-45000,0,0,0,35000,80000,-45000,-45000
055495,長榮航元大97購01,0,0,0,0,0,0,0,0,0,-45000,0,0,0,0,45000,-45000,-45000
055334,禾伸堂兆豐97購01,0,0,0,0,0,0,0,0,0,-45000,0,0,0,0,45000,-45000,-45000
052890,FB上証群益9B購01,0,0,0,0,0,0,0,0,0,-45000,0,0,0,60000,105000,-45000,-45000
046881,智原富邦99購01  ,0,0,0,0,0,0,0,0,0,-45000,0,0,0,10000,55000,-45000,-45000
050451,嘉晶元大95購01  ,0,0,0,0,0,0,0,0,0,-45000,0,0,0,10000,55000,-45000,-45000
051544,T50反1康和98購01,0,0,0,0,0,0,0,0,0,-45000,0,0,0,0,45000,-45000,-45000
059319,台光電元大99購04,0,0,0,0,0,0,0,0,0,-45000,0,0,0,25000,70000,-45000,-45000
057424,訊芯凱基98購04  ,0,0,0,0,0,0,0,0,0,-45000,0,0,0,10000,55000,-45000,-45000
058043,鴻海元大98購13  ,0,0,0,0,0,0,0,0,0,-45000,0,0,0,0,45000,-45000,-45000
057899,台積電永豐98購04,0,0,0,0,0,0,0,0,0,-45000,0,0,0,0,45000,-45000,-45000
056829,台積電富邦9A購01,0,0,0,0,0,0,0,0,0,-45000,0,0,0,0,45000,-45000,-45000
06509P,鴻海群益98售03  ,0,0,0,0,0,0,0,0,0,-45000,0,0,0,0,45000,-45000,-45000
06899P,嘉澤群益98售01  ,0,0,0,0,0,0,0,0,0,-45000,0,0,0,141000,186000,-45000,-45000
07568P,鴻海凱基9A售22  ,0,0,0,0,0,0,0,0,0,-45000,0,0,0,0,45000,-45000,-45000
07456P,華新科元大9A售06,0,0,0,0,0,0,0,0,0,-45000,0,0,0,15000,60000,-45000,-45000
060645,台表科永豐9A購02,0,0,0,0,0,0,0,0,0,-46000,0,0,0,41000,87000,-46000,-46000
060881,玉山金中信02購01,0,0,0,0,0,0,0,0,0,-46000,0,0,0,21000,67000,-46000,-46000
06090P,旺宏統一97售06  ,0,0,0,0,0,0,0,0,0,-46000,0,0,0,14000,60000,-46000,-46000
060189,宏達電元富9B購03,0,0,0,0,0,0,0,0,0,-46000,0,0,0,0,46000,-46000,-46000
061772,健策元大9B購06  ,0,0,0,0,0,0,0,0,0,-46000,0,0,0,43000,89000,-46000,-46000
061642,創意元大9A購04  ,0,0,0,0,0,0,0,0,0,-46000,0,0,0,24000,70000,-46000,-46000
061514,泰碩永豐9A購02  ,0,0,0,0,0,0,0,0,0,-46000,0,0,0,0,46000,-46000,-46000
061401,華擎兆豐9B購01  ,0,0,0,0,0,0,0,0,0,-46000,0,0,0,68000,114000,-46000,-46000
00662,富邦NASDAQ      ,0,11000,-11000,0,0,0,0,0,0,-35000,0,0,0,152000,187000,-35000,-46000
054103,T50反1凱基99購04,0,0,0,0,0,0,0,0,0,-46000,0,0,0,4000,50000,-46000,-46000
055872,亞泥元富97購01  ,0,0,0,0,0,0,0,0,0,-46000,0,0,0,0,46000,-46000,-46000
056709,華通永豐98購01  ,0,0,0,0,0,0,0,0,0,-46000,0,0,0,0,46000,-46000,-46000
056676,國產元富98購01  ,0,0,0,0,0,0,0,0,0,-46000,0,0,0,135000,181000,-46000,-46000
056298,億光元大97購02  ,0,0,0,0,0,0,0,0,0,-46000,0,0,0,51000,97000,-46000,-46000
056599,臻鼎元富98購01  ,0,0,0,0,0,0,0,0,0,-46000,0,0,0,179000,225000,-46000,-46000
056908,牧德元大99購03  ,0,0,0,0,0,0,0,0,0,-46000,0,0,0,0,46000,-46000,-46000
057841,茂林富邦9A購02  ,0,0,0,0,0,0,0,0,0,-46000,0,0,0,38000,84000,-46000,-46000
057833,聯發科元富02購06,0,0,0,0,0,0,0,0,0,-46000,0,0,0,4000,50000,-46000,-46000
057199,台達電元富02購01,0,0,0,0,0,0,0,0,0,-46000,0,0,0,234000,280000,-46000,-46000
059075,FBVIX元大99購01 ,0,0,0,0,0,0,0,0,0,-46000,0,0,0,9000,55000,-46000,-46000
06946P,T50正2元大9C售01,0,0,0,0,0,0,0,0,0,-46000,0,0,0,0,46000,-46000,-46000
1447,力鵬            ,31000,77000,-46000,0,0,0,0,0,0,0,0,0,0,0,0,0,-46000
2850,新產            ,78000,124000,-46000,0,0,0,0,0,0,0,0,0,0,0,0,0,-46000
5203,訊連            ,49000,80000,-31000,0,0,0,0,0,0,-15000,0,0,0,0,15000,-15000,-46000
061442,玉晶光永豐9A購07,0,0,0,0,0,0,0,0,0,-47000,0,0,0,224000,271000,-47000,-47000
061032,金像電永豐9A購03,0,0,0,0,0,0,0,0,0,-47000,0,0,0,130000,177000,-47000,-47000
062094,台積電富邦9C購12,0,0,0,0,0,0,0,0,0,-47000,0,0,0,113000,160000,-47000,-47000
060745,京元電國票9A購01,0,0,0,0,0,0,0,0,0,-47000,0,0,0,66000,113000,-47000,-47000
054111,緯穎凱基97購01  ,0,0,0,0,0,0,0,0,0,-47000,0,0,0,3000,50000,-47000,-47000
058494,可成群益9B購01  ,0,0,0,0,0,0,0,0,0,-47000,0,0,0,81000,128000,-47000,-47000
057221,華通國票98購03  ,0,0,0,0,0,0,0,0,0,-47000,0,0,0,50000,97000,-47000,-47000
057222,鴻海國票99購04  ,0,0,0,0,0,0,0,0,0,-47000,0,0,0,0,47000,-47000,-47000
057843,晶技永豐98購02  ,0,0,0,0,0,0,0,0,0,-47000,0,0,0,0,47000,-47000,-47000
057832,聯發科元富02購05,0,0,0,0,0,0,0,0,0,-47000,0,0,0,4000,51000,-47000,-47000
057856,聯鈞國票99購03  ,0,0,0,0,0,0,0,0,0,-47000,0,0,0,3000,50000,-47000,-47000
057872,旺宏元大99購06  ,0,0,0,0,0,0,0,0,0,-47000,0,0,0,10000,57000,-47000,-47000
057347,國巨統一9A購03  ,0,0,0,0,0,0,0,0,0,-47000,0,0,0,471000,518000,-47000,-47000
055536,嘉聯益群益99購02,0,0,0,0,0,0,0,0,0,-47000,0,0,0,1000,48000,-47000,-47000
057958,禾伸堂元大99購05,0,0,0,0,0,0,0,0,0,-47000,0,0,0,4000,51000,-47000,-47000
4915,致伸            ,537000,533000,4000,0,0,0,0,0,0,-51000,1000,0,1000,0,52000,-52000,-47000
07630P,臺股指凱基9A售11,0,0,0,0,0,0,0,0,0,-47000,0,0,0,25000,72000,-47000,-47000
07292P,臺股指凱基99售44,0,0,0,0,0,0,0,0,0,-47000,0,0,0,135000,182000,-47000,-47000
060758,台積電元大9A購19,0,0,0,0,0,0,0,0,0,-48000,0,0,0,62000,110000,-48000,-48000
060384,葡萄王凱基9B購01,0,0,0,0,0,0,0,0,0,-48000,0,0,0,3000,51000,-48000,-48000
059986,宏達電元大99購08,0,0,0,0,0,0,0,0,0,-48000,0,0,0,22000,70000,-48000,-48000
059876,智易凱基99購02  ,0,0,0,0,0,0,0,0,0,-48000,0,0,0,179000,227000,-48000,-48000
061173,T50反1凱基04購01,0,0,0,0,0,0,0,0,0,-48000,0,0,0,0,48000,-48000,-48000
061474,瑞昱元大9A購04  ,0,0,0,0,0,0,0,0,0,-48000,0,0,0,16000,64000,-48000,-48000
061368,南六國票9A購01  ,0,0,0,0,0,0,0,0,0,-48000,0,0,0,152000,200000,-48000,-48000
058148,百和元大99購01  ,0,0,0,0,0,0,0,0,0,-48000,0,0,0,20000,68000,-48000,-48000
054354,技嘉富邦97購01  ,0,0,0,0,0,0,0,0,0,-48000,0,0,0,427000,475000,-48000,-48000
051428,玉晶光統一96購01,0,0,0,0,0,0,0,0,0,-48000,0,0,0,667000,715000,-48000,-48000
051597,T50反1中信99購02,0,0,0,0,0,0,0,0,0,-48000,0,0,0,0,48000,-48000,-48000
055862,矽力元大97購04  ,0,0,0,0,0,0,0,0,0,-48000,0,0,0,73000,121000,-48000,-48000
058811,台積電統一9A購05,0,0,0,0,0,0,0,0,0,-48000,0,0,0,0,48000,-48000,-48000
057780,台郡群益98購02  ,0,0,0,0,0,0,0,0,0,-48000,0,0,0,33000,81000,-48000,-48000
059063,康控凱基99購04  ,0,0,0,0,0,0,0,0,0,-48000,0,0,0,20000,68000,-48000,-48000
059364,昇陽半永豐99購02,0,0,0,0,0,0,0,0,0,-48000,0,0,0,20000,68000,-48000,-48000
056170,鴻海元富97購09  ,0,0,0,0,0,0,0,0,0,-48000,0,0,0,20000,68000,-48000,-48000
07416P,台積電元大99售53,0,0,0,0,0,0,0,0,0,-48000,0,0,0,43000,91000,-48000,-48000
061419,國巨元大9A購21  ,0,0,0,0,0,0,0,0,0,-49000,0,0,0,41000,90000,-49000,-49000
061605,華新科凱基9A購14,0,0,0,0,0,0,0,0,0,-49000,0,0,0,0,49000,-49000,-49000
06339P,上銀統一97售06  ,0,0,0,0,0,0,0,0,0,-49000,0,0,0,10000,59000,-49000,-49000
061719,緯穎凱基9A購06  ,0,0,0,0,0,0,0,0,0,-49000,0,0,0,0,49000,-49000,-49000
061830,元金2X凱基01購01,0,0,0,0,0,0,0,0,0,-49000,0,0,0,0,49000,-49000,-49000
058398,中環元大99購02  ,0,0,0,0,0,0,0,0,0,-49000,0,0,0,111000,160000,-49000,-49000
054250,漢唐元大96購04  ,0,0,0,0,0,0,0,0,0,-49000,0,0,0,0,49000,-49000,-49000
059170,康控凱基9B購01  ,0,0,0,0,0,0,0,0,0,-49000,0,0,0,100000,149000,-49000,-49000
058050,台郡元大99購05  ,0,0,0,0,0,0,0,0,0,-49000,0,0,0,24000,73000,-49000,-49000
07806P,健策永豐9A售02  ,0,0,0,0,0,0,0,0,0,-49000,0,0,0,0,49000,-49000,-49000
061985,富邦金元大9B購01,0,0,0,0,0,0,0,0,0,-50000,0,0,0,35000,85000,-50000,-50000
06376P,上銀統一99售01  ,0,0,0,0,0,0,0,0,0,-50000,0,0,0,0,50000,-50000,-50000
06444P,大立光凱基98售08,0,0,0,0,0,0,0,0,0,-50000,0,0,0,0,50000,-50000,-50000
06434P,超眾群益98售02  ,0,0,0,0,0,0,0,0,0,-50000,0,0,0,50000,100000,-50000,-50000
06452P,大立光元大98售08,0,0,0,0,0,0,0,0,0,-50000,0,0,0,0,50000,-50000,-50000
062072,國巨元大9B購05  ,0,0,0,0,0,0,0,0,0,-50000,0,0,0,124000,174000,-50000,-50000
062164,禾伸堂國泰01購01,0,0,0,0,0,0,0,0,0,-50000,0,0,0,0,50000,-50000,-50000
061566,華通元大9A購10  ,0,0,0,0,0,0,0,0,0,-50000,0,0,0,65000,115000,-50000,-50000
061576,華新科元大9A購21,0,0,0,0,0,0,0,0,0,-50000,0,0,0,0,50000,-50000,-50000
061318,智邦凱基9B購01  ,0,0,0,0,0,0,0,0,0,-50000,0,0,0,41000,91000,-50000,-50000
061206,旺宏元大9A購12  ,0,0,0,0,0,0,0,0,0,-50000,0,0,0,0,50000,-50000,-50000
061037,嘉澤永豐9A購01  ,0,0,0,0,0,0,0,0,0,-50000,0,0,0,49000,99000,-50000,-50000
059959,訊芯康和99購01  ,0,0,0,0,0,0,0,0,0,-50000,0,0,0,0,50000,-50000,-50000
060089,台積電元大99購54,0,0,0,0,0,0,0,0,0,-50000,0,0,0,0,50000,-50000,-50000
060307,南港永豐9A購01  ,0,0,0,0,0,0,0,0,0,-50000,0,0,0,0,50000,-50000,-50000
060308,劍麟永豐9A購01  ,0,0,0,0,0,0,0,0,0,-50000,0,0,0,20000,70000,-50000,-50000
060332,聯發科麥證9A購01,0,0,0,0,50000,-50000,0,0,0,-50000,0,0,0,0,50000,-50000,-50000
060500,鴻海元大9A購12  ,0,0,0,0,0,0,0,0,0,-50000,0,0,0,1000,51000,-50000,-50000
054279,揚明光群益98購01,0,0,0,0,0,0,0,0,0,-50000,0,0,0,0,50000,-50000,-50000
055080,正崴中信99購01  ,0,0,0,0,0,0,0,0,0,-50000,0,0,0,100000,150000,-50000,-50000
055351,聯發科凱基97購03,0,0,0,0,0,0,0,0,0,-50000,0,0,0,0,50000,-50000,-50000
053078,昇陽半永豐97購02,0,0,0,0,0,0,0,0,0,-50000,0,0,0,0,50000,-50000,-50000
053041,可成凱基96購02  ,0,0,0,0,0,0,0,0,0,-50000,0,0,0,0,50000,-50000,-50000
053171,中磊群益96購01  ,0,0,0,0,0,0,0,0,0,-50000,0,0,0,0,50000,-50000,-50000
058377,茂林凱基9A購03  ,0,0,0,0,0,0,0,0,0,-50000,0,0,0,10000,60000,-50000,-50000
058433,台積電統一9B購04,0,0,0,0,0,0,0,0,0,-50000,0,0,0,55000,105000,-50000,-50000
058150,中502X統一9B購01,0,0,0,0,0,0,0,0,0,-50000,0,0,0,30000,80000,-50000,-50000
054523,GIS元大96購05   ,0,0,0,0,0,0,0,0,0,-50000,0,0,0,0,50000,-50000,-50000
054592,美律永昌9A購01  ,0,0,0,0,0,0,0,0,0,-50000,0,0,0,0,50000,-50000,-50000
054747,麗豐凱基98購01  ,0,0,0,0,0,0,0,0,0,-50000,0,0,0,0,50000,-50000,-50000
05207P,高股息中信97售03,0,0,0,0,0,0,0,0,0,-50000,0,0,0,0,50000,-50000,-50000
052075,旺宏元富95購03  ,0,0,0,0,0,0,0,0,0,-50000,0,0,0,0,50000,-50000,-50000
052173,廣達元大95購02  ,0,0,0,0,0,0,0,0,0,-50000,0,0,0,0,50000,-50000,-50000
052216,康友元大96購01  ,0,0,0,0,0,0,0,0,0,-50000,0,0,0,0,50000,-50000,-50000
053970,聯發科元大97購08,0,0,0,0,0,0,0,0,0,-50000,0,0,0,0,50000,-50000,-50000
053713,漢唐凱基96購04  ,0,0,0,0,0,0,0,0,0,-50000,0,0,0,0,50000,-50000,-50000
00715L,街口布蘭特油正2 ,80000,0,80000,0,0,0,0,0,0,-130000,0,0,0,70000,200000,-130000,-50000
048651,美利達元大96購05,0,0,0,0,0,0,0,0,0,-50000,0,0,0,0,50000,-50000,-50000
048189,臺指反元大96購06,0,0,0,0,0,0,0,0,0,-50000,0,0,0,85000,135000,-50000,-50000
052715,可成凱基96購01  ,0,0,0,0,0,0,0,0,0,-50000,0,0,0,0,50000,-50000,-50000
057228,友達凱基9B購01  ,0,0,0,0,0,0,0,0,0,-50000,0,0,0,0,50000,-50000,-50000
057243,樺漢凱基99購01  ,0,0,0,0,0,0,0,0,0,-50000,0,0,0,0,50000,-50000,-50000
057234,宏達電凱基98購05,0,0,0,0,0,0,0,0,0,-50000,0,0,0,102000,152000,-50000,-50000
057044,旺宏元大98購08  ,0,0,0,0,0,0,0,0,0,-50000,0,0,0,0,50000,-50000,-50000
056337,聯發科凱基98購06,0,0,0,0,0,0,0,0,0,-50000,0,0,0,0,50000,-50000,-50000
057313,聯發科麥證99購01,0,0,0,0,50000,-50000,0,0,0,-50000,0,0,0,0,50000,-50000,-50000
056181,百和元富97購02  ,0,0,0,0,0,0,0,0,0,-50000,0,0,0,0,50000,-50000,-50000
057154,易華電國泰99購01,0,0,0,0,0,0,0,0,0,-50000,0,0,0,10000,60000,-50000,-50000
057129,聯發科凱基99購03,0,0,0,0,0,0,0,0,0,-50000,0,0,0,0,50000,-50000,-50000
055846,大立光元大97購09,0,0,0,0,0,0,0,0,0,-50000,0,0,0,0,50000,-50000,-50000
057639,國巨元大99購07  ,0,0,0,0,0,0,0,0,0,-50000,0,0,0,50000,100000,-50000,-50000
058691,友訊國票9A購01  ,0,0,0,0,0,0,0,0,0,-50000,0,0,0,12000,62000,-50000,-50000
05555P,健策群益98售01  ,0,0,0,0,0,0,0,0,0,-50000,0,0,0,0,50000,-50000,-50000
055561,奇鋐凱基97購01  ,0,0,0,0,0,0,0,0,0,-50000,0,0,0,0,50000,-50000,-50000
055603,超眾元大97購04  ,0,0,0,0,0,0,0,0,0,-50000,0,0,0,0,50000,-50000,-50000
055607,華通康和97購01  ,0,0,0,0,0,0,0,0,0,-50000,0,0,0,0,50000,-50000,-50000
058892,元油2X元大9C購08,0,0,0,0,0,0,0,0,0,-50000,0,0,0,0,50000,-50000,-50000
058749,康控凱基99購03  ,0,0,0,0,0,0,0,0,0,-50000,0,0,0,20000,70000,-50000,-50000
056051,T50反1元大97購05,0,0,0,0,0,0,0,0,0,-50000,0,0,0,0,50000,-50000,-50000
056042,京鼎凱基97購02  ,0,0,0,0,0,0,0,0,0,-50000,0,0,0,0,50000,-50000,-50000
056927,T50反1台新02購01,0,0,0,0,0,0,0,0,0,-50000,0,0,0,0,50000,-50000,-50000
056573,華新科元大99購06,0,0,0,0,0,0,0,0,0,-50000,0,0,0,0,50000,-50000,-50000
07689P,旺宏元大9A售13  ,0,0,0,0,0,0,0,0,0,-50000,0,0,0,0,50000,-50000,-50000
07643P,禾伸堂凱基9A售02,0,0,0,0,0,0,0,0,0,-50000,0,0,0,0,50000,-50000,-50000
07418P,聯發科元大99售45,0,0,0,0,0,0,0,0,0,-50000,0,0,0,0,50000,-50000,-50000
07469P,台達電元大9A售01,0,0,0,0,0,0,0,0,0,-50000,0,0,0,0,50000,-50000,-50000
06545P,致茂元大98售01  ,0,0,0,0,0,0,0,0,0,-50000,0,0,0,0,50000,-50000,-50000
06657P,寶成元大98售01  ,0,0,0,0,0,0,0,0,0,-50000,0,0,0,31000,81000,-50000,-50000
060768,鴻海麥證9A購02  ,0,0,0,0,51000,-51000,0,0,0,-51000,0,0,0,0,51000,-51000,-51000
060248,日月光元大9A購01,0,0,0,0,0,0,0,0,0,-51000,0,0,0,8000,59000,-51000,-51000
060086,鴻海元大99購42  ,0,0,0,0,0,0,0,0,0,-51000,0,0,0,14000,65000,-51000,-51000
059913,台積電元大99購44,0,0,0,0,0,0,0,0,0,-51000,0,0,0,42000,93000,-51000,-51000
061479,泰碩元大9A購02  ,0,0,0,0,0,0,0,0,0,-51000,0,0,0,3000,54000,-51000,-51000
062162,世紀鋼凱基9B購03,0,0,0,0,0,0,0,0,0,-51000,0,0,0,0,51000,-51000,-51000
061776,晶技國票9B購01  ,0,0,0,0,0,0,0,0,0,-51000,0,0,0,15000,66000,-51000,-51000
058884,世紀鋼永豐99購02,0,0,0,0,0,0,0,0,0,-51000,0,0,0,30000,81000,-51000,-51000
055538,鴻海日盛97購04  ,0,0,0,0,0,0,0,0,0,-51000,0,0,0,20000,71000,-51000,-51000
055816,新日興國票98購01,0,0,0,0,0,0,0,0,0,-51000,0,0,0,27000,78000,-51000,-51000
056169,鴻海元富97購08  ,0,0,0,0,0,0,0,0,0,-51000,0,0,0,40000,91000,-51000,-51000
057798,貿聯兆豐99購01  ,0,0,0,0,0,0,0,0,0,-51000,0,0,0,150000,201000,-51000,-51000
057526,智邦元大98購10  ,0,0,0,0,0,0,0,0,0,-51000,0,0,0,5000,56000,-51000,-51000
07081P,南電群益9A售01  ,0,0,0,0,0,0,0,0,0,-51000,0,0,0,5000,56000,-51000,-51000
3653,健策            ,267000,65000,202000,0,0,0,12000,259000,-247000,-6000,11000,14000,-3000,16000,19000,-3000,-51000
061663,南六永豐9A購05  ,0,0,0,0,0,0,0,0,0,-52000,0,0,0,76000,128000,-52000,-52000
062145,億光國票9B購01  ,0,0,0,0,0,0,0,0,0,-52000,0,0,0,0,52000,-52000,-52000
061015,旺宏麥證9A購03  ,0,0,0,0,52000,-52000,0,0,0,-52000,0,0,0,0,52000,-52000,-52000
061141,臻鼎統一9A購01  ,0,0,0,0,0,0,0,0,0,-52000,0,0,0,28000,80000,-52000,-52000
061290,玉晶光統一01購04,0,0,0,0,0,0,0,0,0,-52000,0,0,0,30000,82000,-52000,-52000
060980,台積電元大9A購21,0,0,0,0,0,0,0,0,0,-52000,0,0,0,0,52000,-52000,-52000
060329,鎧勝群益9B購01  ,0,0,0,0,0,0,0,0,0,-52000,0,0,0,0,52000,-52000,-52000
00757,統一FANG+       ,0,0,0,0,0,0,0,0,0,-52000,0,0,0,200000,252000,-52000,-52000
053901,T50反1凱基99購03,0,0,0,0,0,0,0,0,0,-52000,0,0,0,0,52000,-52000,-52000
054935,華通元大98購03  ,0,0,0,0,0,0,0,0,0,-52000,0,0,0,0,52000,-52000,-52000
054672,華新科國泰99購01,0,0,0,0,0,0,0,0,0,-52000,0,0,0,0,52000,-52000,-52000
053074,嘉晶永豐96購02  ,0,0,0,0,0,0,0,0,0,-52000,0,0,0,24000,76000,-52000,-52000
053523,T50反1中信9A購01,0,0,0,0,0,0,0,0,0,-52000,0,0,0,0,52000,-52000,-52000
05783P,嘉澤元富96售01  ,0,0,0,0,0,0,0,0,0,-52000,0,0,0,140000,192000,-52000,-52000
057146,技嘉國票98購01  ,0,0,0,0,0,0,0,0,0,-52000,0,0,0,132000,184000,-52000,-52000
058965,祥碩兆豐99購02  ,0,0,0,0,0,0,0,0,0,-52000,0,0,0,61000,113000,-52000,-52000
058226,世芯元富99購01  ,0,0,0,0,0,0,0,0,0,-52000,0,0,0,52000,104000,-52000,-52000
058912,祥碩元大99購01  ,0,0,0,0,0,0,0,0,0,-52000,0,0,0,138000,190000,-52000,-52000
07877P,晶技永豐9B售01  ,0,0,0,0,0,0,0,0,0,-52000,0,0,0,37000,89000,-52000,-52000
060390,聯鈞群益9A購01  ,0,0,0,0,0,0,0,0,0,-53000,0,0,0,128000,181000,-53000,-53000
060825,聯詠元大9A購05  ,0,0,0,0,0,0,0,0,0,-53000,0,0,0,182000,235000,-53000,-53000
059908,元金2X元大99購01,0,0,0,0,0,0,0,0,0,-53000,0,0,0,10000,63000,-53000,-53000
059650,緯穎凱基99購04  ,0,0,0,0,0,0,0,0,0,-53000,0,0,0,10000,63000,-53000,-53000
059743,開發金元富99購01,0,0,0,0,0,0,0,0,0,-53000,0,0,0,40000,93000,-53000,-53000
062051,上銀統一9C購02  ,0,0,0,0,0,0,0,0,0,-53000,0,0,0,0,53000,-53000,-53000
053473,聯發科元大96購15,0,0,0,0,0,0,0,0,0,-53000,0,0,0,0,53000,-53000,-53000
053619,和碩群益96購01  ,0,0,0,0,0,0,0,0,0,-53000,0,0,0,0,53000,-53000,-53000
048870,義隆國票96購01  ,0,0,0,0,0,0,0,0,0,-53000,0,0,0,45000,98000,-53000,-53000
055620,樺漢國票98購01  ,0,0,0,0,0,0,0,0,0,-53000,0,0,0,0,53000,-53000,-53000
056052,T50反1元大97購06,0,0,0,0,0,0,0,0,0,-53000,0,0,0,0,53000,-53000,-53000
057603,樺漢群益98購02  ,0,0,0,0,0,0,0,0,0,-53000,0,0,0,0,53000,-53000,-53000
056783,國巨群益99購01  ,0,0,0,0,0,0,0,0,0,-53000,0,0,0,173000,226000,-53000,-53000
058586,鴻海中信01購02  ,0,0,0,0,0,0,0,0,0,-53000,0,0,0,0,53000,-53000,-53000
057322,旺宏群益98購04  ,0,0,0,0,0,0,0,0,0,-53000,0,0,0,45000,98000,-53000,-53000
07103P,南電元大99售04  ,0,0,0,0,0,0,0,0,0,-53000,0,0,0,30000,83000,-53000,-53000
062022,緯穎永豐9B購01  ,0,0,0,0,0,0,0,0,0,-54000,0,0,0,38000,92000,-54000,-54000
062098,億光永豐9B購01  ,0,0,0,0,0,0,0,0,0,-54000,0,0,0,0,54000,-54000,-54000
061849,國巨國票9B購08  ,0,0,0,0,0,0,0,0,0,-54000,0,0,0,189000,243000,-54000,-54000
061304,創意永豐9A購02  ,0,0,0,0,0,0,0,0,0,-54000,0,0,0,3000,57000,-54000,-54000
061556,台積電國票9A購08,0,0,0,0,0,0,0,0,0,-54000,0,0,0,21000,75000,-54000,-54000
059541,T50正2康和99購01,0,0,0,0,0,0,0,0,0,-54000,0,0,0,2000,56000,-54000,-54000
060392,華擎群益9C購02  ,0,0,0,0,0,0,0,0,0,-54000,0,0,0,350000,404000,-54000,-54000
00771,元大US高息特別股,0,0,0,0,0,0,0,0,0,-54000,0,0,0,26000,80000,-54000,-54000
052681,T50反1元大98購02,0,0,0,0,0,0,0,0,0,-54000,0,0,0,10000,64000,-54000,-54000
055085,大毅國票97購01  ,0,0,0,0,0,0,0,0,0,-54000,0,0,0,0,54000,-54000,-54000
054758,南亞國票9A購01  ,0,0,0,0,0,0,0,0,0,-54000,0,0,0,17000,71000,-54000,-54000
054529,T50反1國泰97購02,0,0,0,0,0,0,0,0,0,-54000,0,0,0,0,54000,-54000,-54000
057391,樺漢永豐98購01  ,0,0,0,0,0,0,0,0,0,-54000,0,0,0,0,54000,-54000,-54000
055661,亞德客中信98購01,0,0,0,0,0,0,0,0,0,-54000,0,0,0,6000,60000,-54000,-54000
060909,金像電元大9B購01,0,0,0,0,0,0,0,0,0,-55000,0,0,0,25000,80000,-55000,-55000
060024,T50反1國泰9B購02,0,0,0,0,0,0,0,0,0,-55000,0,0,0,0,55000,-55000,-55000
060154,堤維西永豐9A購01,0,0,0,0,0,0,0,0,0,-55000,0,0,0,0,55000,-55000,-55000
061854,祥碩國票9B購02  ,0,0,0,0,0,0,0,0,0,-55000,0,0,0,46000,101000,-55000,-55000
061802,勤誠永豐9B購01  ,0,0,0,0,0,0,0,0,0,-55000,0,0,0,0,55000,-55000,-55000
058194,勤誠永豐99購01  ,0,0,0,0,0,0,0,0,0,-55000,0,0,0,0,55000,-55000,-55000
058096,南電元大98購04  ,0,0,0,0,0,0,0,0,0,-55000,0,0,0,6000,61000,-55000,-55000
055071,群電永豐97購01  ,0,0,0,0,0,0,0,0,0,-55000,0,0,0,0,55000,-55000,-55000
053487,台泥兆豐97購01  ,0,0,0,0,0,0,0,0,0,-55000,0,0,0,22000,77000,-55000,-55000
055479,GIS凱基97購04   ,0,0,0,0,0,0,0,0,0,-55000,0,0,0,0,55000,-55000,-55000
052239,泰鼎國票97購01  ,0,0,0,0,0,0,0,0,0,-55000,0,0,0,8000,63000,-55000,-55000
055631,創意永豐98購01  ,0,0,0,0,0,0,0,0,0,-55000,0,0,0,0,55000,-55000,-55000
056067,智原元大97購01  ,0,0,0,0,0,0,0,0,0,-55000,0,0,0,0,55000,-55000,-55000
056507,創意永豐98購02  ,0,0,0,0,0,0,0,0,0,-55000,0,0,0,0,55000,-55000,-55000
056847,佐登元富98購01  ,0,0,0,0,0,0,0,0,0,-55000,0,0,0,187000,242000,-55000,-55000
057591,鴻海兆豐99購01  ,0,0,0,0,0,0,0,0,0,-55000,0,0,0,10000,65000,-55000,-55000
057163,上銀元大98購04  ,0,0,0,0,0,0,0,0,0,-55000,0,0,0,0,55000,-55000,-55000
059266,緯創中信01購01  ,0,0,0,0,0,0,0,0,0,-55000,0,0,0,5000,60000,-55000,-55000
06955P,臻鼎元富99售01  ,0,0,0,0,0,0,0,0,0,-55000,0,0,0,0,55000,-55000,-55000
2034,允強            ,201000,256000,-55000,0,0,0,0,0,0,0,0,0,0,0,0,0,-55000
062011,上銀富邦9C購01  ,0,0,0,0,0,0,0,0,0,-56000,0,0,0,0,56000,-56000,-56000
062028,晶技群益9B購01  ,0,0,0,0,0,0,0,0,0,-56000,0,0,0,36000,92000,-56000,-56000
06347P,祥碩元富97售02  ,0,0,0,0,0,0,0,0,0,-56000,0,0,0,0,56000,-56000,-56000
060188,華新科元富9A購03,0,0,0,0,0,0,0,0,0,-56000,0,0,0,0,56000,-56000,-56000
060298,鎧勝元大9C購01  ,0,0,0,0,0,0,0,0,0,-56000,0,0,0,7000,63000,-56000,-56000
060085,華通元大99購10  ,0,0,0,0,0,0,0,0,0,-56000,0,0,0,46000,102000,-56000,-56000
060807,新光金群益9A購01,0,0,0,0,0,0,0,0,0,-56000,0,0,0,74000,130000,-56000,-56000
050955,達方群益97購01  ,0,0,0,0,0,0,0,0,0,-56000,0,0,0,80000,136000,-56000,-56000
051570,和碩富邦97購01  ,0,0,0,0,0,0,0,0,0,-56000,0,0,0,0,56000,-56000,-56000
052885,高鐵兆豐98購01  ,0,0,0,0,0,0,0,0,0,-56000,0,0,0,3000,59000,-56000,-56000
059500,鴻海元富99購11  ,0,0,0,0,0,0,0,0,0,-56000,0,0,0,24000,80000,-56000,-56000
057481,技嘉元大98購04  ,0,0,0,0,0,0,0,0,0,-56000,0,0,0,34000,90000,-56000,-56000
057831,聯發科元富02購04,0,0,0,0,0,0,0,0,0,-56000,0,0,0,6000,62000,-56000,-56000
056124,華通國票98購02  ,0,0,0,0,0,0,0,0,0,-56000,0,0,0,0,56000,-56000,-56000
056972,祥碩永豐98購02  ,0,0,0,0,0,0,0,0,0,-56000,0,0,0,23000,79000,-56000,-56000
06505P,康控國票99售02  ,0,0,0,0,0,0,0,0,0,-56000,0,0,0,48000,104000,-56000,-56000
6108,競國            ,71000,128000,-57000,0,0,0,0,0,0,1000,1000,0,1000,0,0,0,-56000
3338,泰碩            ,222100,320000,-97900,0,0,0,0,0,0,41000,51000,56000,-5000,53000,7000,46000,-56900
060479,億豐元大9A購01  ,0,0,0,0,0,0,0,0,0,-57000,0,0,0,0,57000,-57000,-57000
060514,南電元大9A購02  ,0,0,0,0,0,0,0,0,0,-57000,0,0,0,1000,58000,-57000,-57000
060009,南亞科群益99購03,0,0,0,0,0,0,0,0,0,-57000,0,0,0,48000,105000,-57000,-57000
060291,高鐵元大9A購01  ,0,0,0,0,0,0,0,0,0,-57000,0,0,0,0,57000,-57000,-57000
062071,華通元大9B購02  ,0,0,0,0,0,0,0,0,0,-57000,0,0,0,65000,122000,-57000,-57000
061901,柏文永豐9B購01  ,0,0,0,0,0,0,0,0,0,-57000,0,0,0,0,57000,-57000,-57000
061822,和潤群益9B購01  ,0,0,0,0,0,0,0,0,0,-57000,0,0,0,10000,67000,-57000,-57000
048859,玉晶光群益96購02,0,0,0,0,0,0,0,0,0,-57000,0,0,0,7000,64000,-57000,-57000
058502,鴻海元大99購13  ,0,0,0,0,0,0,0,0,0,-57000,0,0,0,41000,98000,-57000,-57000
058454,嘉晶永豐99購01  ,0,0,0,0,0,0,0,0,0,-57000,0,0,0,111000,168000,-57000,-57000
058346,嘉晶群益99購01  ,0,0,0,0,0,0,0,0,0,-57000,0,0,0,190000,247000,-57000,-57000
054480,和碩中信98購01  ,0,0,0,0,0,0,0,0,0,-57000,0,0,0,60000,117000,-57000,-57000
057151,易華電國票99購01,0,0,0,0,0,0,0,0,0,-57000,0,0,0,0,57000,-57000,-57000
057964,緯穎元大99購03  ,0,0,0,0,0,0,0,0,0,-57000,0,0,0,69000,126000,-57000,-57000
3712,永崴投控        ,67000,122000,-55000,0,0,0,0,0,0,-2000,0,2000,-2000,0,0,0,-57000
06677P,牧德國票98售02  ,0,0,0,0,0,0,0,0,0,-57000,0,0,0,6000,63000,-57000,-57000
07387P,臺股指群益99售25,0,0,0,0,0,0,0,0,0,-57000,0,0,0,3000,60000,-57000,-57000
061829,T50反1凱基9C購02,0,0,0,0,0,0,0,0,0,-58000,0,0,0,0,58000,-58000,-58000
060509,宏達電元大9A購02,0,0,0,0,0,0,0,0,0,-58000,0,0,0,92000,150000,-58000,-58000
060912,華新科元大9A購10,0,0,0,0,0,0,0,0,0,-58000,0,0,0,0,58000,-58000,-58000
054550,旺宏凱基98購02  ,0,0,0,0,0,0,0,0,0,-58000,0,0,0,40000,98000,-58000,-58000
053570,京元電統一96購01,0,0,0,0,0,0,0,0,0,-58000,0,0,0,0,58000,-58000,-58000
054135,大立光元大97購04,0,0,0,0,0,0,0,0,0,-58000,0,0,0,10000,68000,-58000,-58000
052685,技嘉元大96購01  ,0,0,0,0,0,0,0,0,0,-58000,0,0,0,102000,160000,-58000,-58000
054891,聯鈞統一99購02  ,0,0,0,0,0,0,0,0,0,-58000,0,0,0,2000,60000,-58000,-58000
056890,國巨元大98購11  ,0,0,0,0,0,0,0,0,0,-58000,0,0,0,155000,213000,-58000,-58000
056525,T50反1凱基99購06,0,0,0,0,0,0,0,0,0,-58000,0,0,0,0,58000,-58000,-58000
056083,億光統一97購03  ,0,0,0,0,0,0,0,0,0,-58000,0,0,0,48000,106000,-58000,-58000
055584,國巨元大97購11  ,0,0,0,0,0,0,0,0,0,-58000,0,0,0,52000,110000,-58000,-58000
057350,全新統一98購03  ,0,0,0,0,0,0,0,0,0,-58000,0,0,0,0,58000,-58000,-58000
057473,T50反1元大98購08,0,0,0,0,0,0,0,0,0,-58000,0,0,0,0,58000,-58000,-58000
3023,信邦            ,182000,237000,-55000,0,0,0,0,0,0,-3000,0,7000,-7000,5000,1000,4000,-58000
060411,達新永豐9A購01  ,0,0,0,0,0,0,0,0,0,-59000,0,0,0,16000,75000,-59000,-59000
062053,華通統一9C購02  ,0,0,0,0,0,0,0,0,0,-59000,0,0,0,10000,69000,-59000,-59000
053865,欣興元大97購02  ,0,0,0,0,0,0,0,0,0,-59000,0,0,0,10000,69000,-59000,-59000
052235,聯發科國票96購02,0,0,0,0,0,0,0,0,0,-59000,0,0,0,10000,69000,-59000,-59000
052152,創意富邦98購01  ,0,0,0,0,0,0,0,0,0,-59000,0,0,0,0,59000,-59000,-59000
052094,瀚宇博元大96購02,0,0,0,0,0,0,0,0,0,-59000,0,0,0,22000,81000,-59000,-59000
052863,友達凱基98購02  ,0,0,0,0,0,0,0,0,0,-59000,0,0,0,1000,60000,-59000,-59000
054481,鎧勝中信96購01  ,0,0,0,0,0,0,0,0,0,-59000,0,0,0,10000,69000,-59000,-59000
057582,亞光中信9A購02  ,0,0,0,0,0,0,0,0,0,-59000,0,0,0,222000,281000,-59000,-59000
056135,緯創元大98購01  ,0,0,0,0,0,0,0,0,0,-59000,0,0,0,0,59000,-59000,-59000
057119,微星康和98購01  ,0,0,0,0,0,0,0,0,0,-59000,0,0,0,0,59000,-59000,-59000
059142,道瓊指國票9B購02,0,0,0,0,0,0,0,0,0,-59000,0,0,0,2000,61000,-59000,-59000
058763,和碩群益99購01  ,0,0,0,0,0,0,0,0,0,-59000,0,0,0,22000,81000,-59000,-59000
056537,冠德凱基98購01  ,0,0,0,0,0,0,0,0,0,-59000,0,0,0,46000,105000,-59000,-59000
057963,緯穎元大98購08  ,0,0,0,0,0,0,0,0,0,-59000,0,0,0,71000,130000,-59000,-59000
058707,泰鼎元大99購02  ,0,0,0,0,0,0,0,0,0,-59000,0,0,0,30000,89000,-59000,-59000
061356,南電元大9A購06  ,0,0,0,0,0,0,0,0,0,-60000,0,0,0,100000,160000,-60000,-60000
061387,鴻海群益9A購05  ,0,0,0,0,0,0,0,0,0,-60000,0,0,0,117000,177000,-60000,-60000
061081,宏碁兆豐9A購01  ,0,0,0,0,0,0,0,0,0,-60000,0,0,0,106000,166000,-60000,-60000
060487,盛群富邦9B購01  ,0,0,0,0,0,0,0,0,0,-60000,0,0,0,0,60000,-60000,-60000
060591,富邦金台新9A購01,0,0,0,0,0,0,0,0,0,-60000,0,0,0,0,60000,-60000,-60000
060977,亞德客元大9A購04,0,0,0,0,0,0,0,0,0,-60000,0,0,0,1000,61000,-60000,-60000
060300,佐登國泰9B購01  ,0,0,0,0,0,0,0,0,0,-60000,0,0,0,0,60000,-60000,-60000
059711,滬深2X元大9C購02,0,0,0,0,0,0,0,0,0,-60000,0,0,0,0,60000,-60000,-60000
054718,可成永豐97購01  ,0,0,0,0,0,0,0,0,0,-60000,0,0,0,0,60000,-60000,-60000
054783,國巨群益98購04  ,0,0,0,0,0,0,0,0,0,-60000,0,0,0,0,60000,-60000,-60000
054127,台積電元大96購21,0,0,0,0,0,0,0,0,0,-60000,0,0,0,0,60000,-60000,-60000
055056,億光永豐97購01  ,0,0,0,0,0,0,0,0,0,-60000,0,0,0,0,60000,-60000,-60000
053083,中環元大99購01  ,0,0,0,0,0,0,0,0,0,-60000,0,0,0,0,60000,-60000,-60000
053640,上緯控永豐96購01,0,0,0,0,0,0,0,0,0,-60000,0,0,0,5000,65000,-60000,-60000
053243,楠梓電國票97購02,0,0,0,0,0,0,0,0,0,-60000,0,0,0,0,60000,-60000,-60000
054189,貿聯永豐96購03  ,0,0,0,0,0,0,0,0,0,-60000,0,0,0,0,60000,-60000,-60000
052858,華通凱基97購02  ,0,0,0,0,0,0,0,0,0,-60000,0,0,0,204000,264000,-60000,-60000
052586,晶豪科永豐96購01,0,0,0,0,0,0,0,0,0,-60000,0,0,0,15000,75000,-60000,-60000
04950P,上証2X中信96售02,0,0,0,0,0,0,0,0,0,-60000,0,0,0,0,60000,-60000,-60000
055433,嘉聯益群益99購01,0,0,0,0,0,0,0,0,0,-60000,0,0,0,231000,291000,-60000,-60000
058642,旺宏麥證9A購01  ,0,0,0,0,60000,-60000,0,0,0,-60000,0,0,0,0,60000,-60000,-60000
058611,欣興元大99購06  ,0,0,0,0,0,0,0,0,0,-60000,0,0,0,46000,106000,-60000,-60000
057725,台達電國泰9A購01,0,0,0,0,0,0,0,0,0,-60000,0,0,0,40000,100000,-60000,-60000
056804,T50反1統一9A購03,0,0,0,0,0,0,0,0,0,-60000,0,0,0,0,60000,-60000,-60000
056711,亞光永豐98購01  ,0,0,0,0,0,0,0,0,0,-60000,0,0,0,0,60000,-60000,-60000
056295,國巨元大97購16  ,0,0,0,0,0,0,0,0,0,-60000,0,0,0,40000,100000,-60000,-60000
056458,日月光凱基98購02,0,0,0,0,0,0,0,0,0,-60000,0,0,0,10000,70000,-60000,-60000
059368,T50正2元富99購02,0,0,0,0,0,0,0,0,0,-60000,0,0,0,2000,62000,-60000,-60000
07344P,鴻海富邦9A售03  ,0,0,0,0,0,0,0,0,0,-60000,0,0,0,0,60000,-60000,-60000
07463P,台積電國票9A售05,0,0,0,0,0,0,0,0,0,-60000,0,0,0,0,60000,-60000,-60000
059696,立積永豐99購03  ,0,0,0,0,0,0,0,0,0,-61000,0,0,0,5000,66000,-61000,-61000
060570,南亞科永豐9A購01,0,0,0,0,0,0,0,0,0,-61000,0,0,0,0,61000,-61000,-61000
061375,華通永豐9A購02  ,0,0,0,0,0,0,0,0,0,-61000,0,0,0,0,61000,-61000,-61000
061341,華新科元大9A購16,0,0,0,0,0,0,0,0,0,-61000,0,0,0,0,61000,-61000,-61000
061568,國巨元大9A購25  ,0,0,0,0,0,0,0,0,0,-61000,0,0,0,40000,101000,-61000,-61000
055067,禾聯碩永豐97購01,0,0,0,0,0,0,0,0,0,-61000,0,0,0,0,61000,-61000,-61000
058334,鴻海元富99購05  ,0,0,0,0,0,0,0,0,0,-61000,0,0,0,33000,94000,-61000,-61000
057388,奇鋐永豐98購02  ,0,0,0,0,0,0,0,0,0,-61000,0,0,0,37000,98000,-61000,-61000
057304,為升兆豐99購02  ,0,0,0,0,0,0,0,0,0,-61000,0,0,0,0,61000,-61000,-61000
05875P,旺宏群益98售01  ,0,0,0,0,0,0,0,0,0,-61000,0,0,0,0,61000,-61000,-61000
2375,凱美            ,319000,542000,-223000,0,0,0,0,0,0,162000,1000,0,1000,184000,23000,161000,-61000
061655,微星國票9A購01  ,0,0,0,0,0,0,0,0,0,-62000,0,0,0,0,62000,-62000,-62000
059763,華擎永豐99購03  ,0,0,0,0,0,0,0,0,0,-62000,0,0,0,90000,152000,-62000,-62000
058439,玉晶光統一01購02,0,0,0,0,0,0,0,0,0,-62000,0,0,0,262000,324000,-62000,-62000
054656,深中小元大97購01,0,0,0,0,0,0,0,0,0,-62000,0,0,0,0,62000,-62000,-62000
054925,神達凱基97購01  ,0,0,0,0,0,0,0,0,0,-62000,0,0,0,38000,100000,-62000,-62000
052049,緯創凱基97購01  ,0,0,0,0,0,0,0,0,0,-62000,0,0,0,1000,63000,-62000,-62000
00672L,元大S&P原油正2  ,0,77000,-77000,0,0,0,0,0,0,15000,0,0,0,55000,40000,15000,-62000
055779,國泰金凱基97購02,0,0,0,0,0,0,0,0,0,-62000,0,0,0,0,62000,-62000,-62000
056526,力山凱基98購01  ,0,0,0,0,0,0,0,0,0,-62000,0,0,0,0,62000,-62000,-62000
058599,T50反1元大99購05,0,0,0,0,0,0,0,0,0,-62000,0,0,0,5000,67000,-62000,-62000
058561,T50反1凱基9A購05,0,0,0,0,0,0,0,0,0,-62000,0,0,0,0,62000,-62000,-62000
057493,聯詠元大98購02  ,0,0,0,0,0,0,0,0,0,-62000,0,0,0,20000,82000,-62000,-62000
060283,台肥元大9C購01  ,0,0,0,0,0,0,0,0,0,-63000,0,0,0,61000,124000,-63000,-63000
060007,鴻海群益99購04  ,0,0,0,0,0,0,0,0,0,-63000,0,0,0,20000,83000,-63000,-63000
060697,鴻海國泰9C購01  ,0,0,0,0,0,0,0,0,0,-63000,0,0,0,6000,69000,-63000,-63000
062184,奇鋐元大9B購02  ,0,0,0,0,0,0,0,0,0,-63000,0,0,0,0,63000,-63000,-63000
061354,瑞儀元大9A購01  ,10000,0,10000,0,0,0,0,0,0,-73000,0,0,0,117000,190000,-73000,-63000
061003,南亞科兆豐9A購01,0,0,0,0,0,0,0,0,0,-63000,0,0,0,19000,82000,-63000,-63000
053694,創意元大96購03  ,0,0,0,0,0,0,0,0,0,-63000,0,0,0,2000,65000,-63000,-63000
058335,鴻海元富99購06  ,0,0,0,0,0,0,0,0,0,-63000,0,0,0,0,63000,-63000,-63000
058132,義隆元大99購03  ,0,0,0,0,0,0,0,0,0,-63000,0,0,0,55000,118000,-63000,-63000
057810,技嘉元大98購06  ,0,0,0,0,0,0,0,0,0,-63000,0,0,0,84000,147000,-63000,-63000
059255,臺股指凱基99購33,0,0,0,0,0,0,0,0,0,-63000,0,0,0,0,63000,-63000,-63000
058727,嘉晶富邦9A購01  ,0,0,0,0,0,0,0,0,0,-63000,0,0,0,207000,270000,-63000,-63000
056588,聯發科統一9A購02,0,0,0,0,0,0,0,0,0,-63000,0,0,0,0,63000,-63000,-63000
056954,聯詠富邦9A購01  ,0,0,0,0,0,0,0,0,0,-63000,0,0,0,163000,226000,-63000,-63000
1598,岱宇            ,158000,221000,-63000,0,0,0,0,0,0,0,0,0,0,0,0,0,-63000
061138,晶技統一9C購01  ,0,0,0,0,0,0,0,0,0,-64000,0,0,0,0,64000,-64000,-64000
062153,智邦麥證9B購01  ,0,0,0,0,64000,-64000,0,0,0,-64000,0,0,0,0,64000,-64000,-64000
061787,華新科群益9C購01,0,0,0,0,0,0,0,0,0,-64000,0,0,0,0,64000,-64000,-64000
060962,義隆凱基9B購01  ,0,0,0,0,0,0,0,0,0,-64000,0,0,0,45000,109000,-64000,-64000
058514,潤泰全元大99購01,0,0,0,0,0,0,0,0,0,-64000,0,0,0,26000,90000,-64000,-64000
051979,群創凱基97購01  ,0,0,0,0,0,0,0,0,0,-64000,0,0,0,0,64000,-64000,-64000
052631,T50反1凱基98購02,0,0,0,0,0,0,0,0,0,-64000,0,0,0,0,64000,-64000,-64000
055740,智易元富97購01  ,0,0,0,0,0,0,0,0,0,-64000,0,0,0,20000,84000,-64000,-64000
059352,台灣50富邦01購01,0,0,0,0,0,0,0,0,0,-64000,0,0,0,1000,65000,-64000,-64000
057364,國巨元大98購18  ,0,0,0,0,0,0,0,0,0,-64000,0,0,0,60000,124000,-64000,-64000
057865,富邦金凱基98購01,0,0,0,0,0,0,0,0,0,-64000,0,0,0,68000,132000,-64000,-64000
9917,中保科          ,130000,194000,-64000,0,0,0,0,0,0,0,0,0,0,0,0,0,-64000
060978,國巨元大9A購13  ,0,0,0,0,0,0,0,0,0,-65000,0,0,0,202000,267000,-65000,-65000
060921,中橡永豐9A購02  ,0,0,0,0,0,0,0,0,0,-65000,0,0,0,77000,142000,-65000,-65000
059979,台積電元大99購49,0,0,0,0,0,0,0,0,0,-65000,0,0,0,3000,68000,-65000,-65000
060286,佳世達元大9C購01,0,0,0,0,0,0,0,0,0,-65000,0,0,0,35000,100000,-65000,-65000
060277,道瓊反元大9A購02,0,0,0,0,0,0,0,0,0,-65000,0,0,0,20000,85000,-65000,-65000
059919,宏達電元大99購06,0,0,0,0,0,0,0,0,0,-65000,0,0,0,7000,72000,-65000,-65000
059920,宏達電元大99購07,0,0,0,0,0,0,0,0,0,-65000,0,0,0,6000,71000,-65000,-65000
061407,鴻海國票9A購07  ,0,0,0,0,0,0,0,0,0,-65000,0,0,0,54000,119000,-65000,-65000
00736,國泰新興市場    ,60000,1000,59000,0,0,0,0,0,0,-124000,0,0,0,101000,225000,-124000,-65000
049871,T50反1台新9A購02,0,0,0,0,0,0,0,0,0,-65000,0,0,0,0,65000,-65000,-65000
050227,大立光中信96購01,0,0,0,0,0,0,0,0,0,-65000,0,0,0,34000,99000,-65000,-65000
054343,世紀鋼元富96購02,0,0,0,0,0,0,0,0,0,-65000,0,0,0,173000,238000,-65000,-65000
055404,超眾元富97購01  ,0,0,0,0,0,0,0,0,0,-65000,0,0,0,75000,140000,-65000,-65000
058791,鴻海元大99購17  ,0,0,0,0,0,0,0,0,0,-65000,0,0,0,11000,76000,-65000,-65000
059315,鴻海元大99購30  ,0,0,0,0,0,0,0,0,0,-65000,0,0,0,56000,121000,-65000,-65000
059202,禾聯碩永豐99購01,0,0,0,0,0,0,0,0,0,-65000,0,0,0,0,65000,-65000,-65000
057181,亞光元大98購02  ,0,0,0,0,0,0,0,0,0,-65000,0,0,0,29000,94000,-65000,-65000
056959,鴻海永豐98購03  ,0,0,0,0,0,0,0,0,0,-65000,0,0,0,40000,105000,-65000,-65000
056496,康控國泰99購01  ,0,0,0,0,0,0,0,0,0,-65000,0,0,0,0,65000,-65000,-65000
056563,華新科群益98購04,0,0,0,0,0,0,0,0,0,-65000,0,0,0,33000,98000,-65000,-65000
3588,通嘉            ,39000,104000,-65000,0,0,0,0,0,0,0,0,0,0,0,0,0,-65000
07816P,聯發科群益9A售02,0,0,0,0,0,0,0,0,0,-65000,0,0,0,0,65000,-65000,-65000
061338,台積電元大9A購28,0,0,0,0,0,0,0,0,0,-66000,0,0,0,0,66000,-66000,-66000
061075,亞德客兆豐9A購01,0,0,0,0,0,0,0,0,0,-66000,0,0,0,0,66000,-66000,-66000
061160,瑞祺群益9A購01  ,0,0,0,0,0,0,0,0,0,-66000,0,0,0,46000,112000,-66000,-66000
059918,華新科元大99購20,0,0,0,0,0,0,0,0,0,-66000,0,0,0,0,66000,-66000,-66000
060934,台汽電永豐9A購02,0,0,0,0,0,0,0,0,0,-66000,0,0,0,0,66000,-66000,-66000
060684,同欣電元大9A購01,0,0,0,0,0,0,0,0,0,-66000,0,0,0,512000,578000,-66000,-66000
060760,南亞科元大9A購04,0,0,0,0,0,0,0,0,0,-66000,0,0,0,0,66000,-66000,-66000
060593,華通麥證9A購01  ,0,0,0,0,66000,-66000,0,0,0,-66000,0,0,0,0,66000,-66000,-66000
053187,國巨統一96購05  ,0,0,0,0,0,0,0,0,0,-66000,0,0,0,5000,71000,-66000,-66000
056025,嘉晶群益97購01  ,0,0,0,0,0,0,0,0,0,-66000,0,0,0,131000,197000,-66000,-66000
058704,台積電元大99購17,0,0,0,0,0,0,0,0,0,-66000,0,0,0,0,66000,-66000,-66000
057795,鴻海兆豐99購02  ,0,0,0,0,0,0,0,0,0,-66000,0,0,0,4000,70000,-66000,-66000
058846,鴻海群益99購03  ,0,0,0,0,0,0,0,0,0,-66000,0,0,0,20000,86000,-66000,-66000
060415,葡萄王永豐9A購01,0,0,0,0,0,0,0,0,0,-67000,0,0,0,20000,87000,-67000,-67000
060394,欣興麥證9A購01  ,0,0,0,8000,75000,-67000,0,0,0,-67000,0,0,0,8000,75000,-67000,-67000
060734,華通統一9C購01  ,0,0,0,0,0,0,0,0,0,-67000,0,0,0,72000,139000,-67000,-67000
060164,合勤控永豐9A購01,0,0,0,0,0,0,0,0,0,-67000,0,0,0,85000,152000,-67000,-67000
061613,南六統一9C購01  ,0,0,0,0,0,0,0,0,0,-67000,0,0,0,314000,381000,-67000,-67000
06338P,亞德客統一97售02,0,0,0,0,0,0,0,0,0,-67000,0,0,0,10000,77000,-67000,-67000
06423P,亞光台新97售01  ,0,0,0,0,0,0,0,0,0,-67000,0,0,0,47000,114000,-67000,-67000
054859,鴻海群益97購02  ,0,0,0,0,0,0,0,0,0,-67000,0,0,0,0,67000,-67000,-67000
00770,國泰北美科技    ,0,0,0,0,0,0,0,0,0,-67000,0,0,0,2000,69000,-67000,-67000
057536,康控元大99購03  ,0,0,0,0,0,0,0,0,0,-67000,0,0,0,0,67000,-67000,-67000
059212,鴻海元大99購28  ,0,0,0,0,0,0,0,0,0,-67000,0,0,0,38000,105000,-67000,-67000
059346,新日興凱基99購03,0,0,0,0,0,0,0,0,0,-67000,0,0,0,5000,72000,-67000,-67000
056762,亞德客元大98購01,0,0,0,0,0,0,0,0,0,-67000,0,0,0,80000,147000,-67000,-67000
07719P,臺股指群益9A售08,0,0,0,0,0,0,0,0,0,-67000,0,0,0,1000,68000,-67000,-67000
07509P,牧德國票9A售03  ,0,0,0,0,0,0,0,0,0,-67000,0,0,0,0,67000,-67000,-67000
061977,國巨元大9B購02  ,0,0,0,0,0,0,0,0,0,-68000,0,0,0,155000,223000,-68000,-68000
061321,華新科凱基9A購09,0,0,0,0,0,0,0,0,0,-68000,0,0,0,0,68000,-68000,-68000
061295,台積電國泰9B購02,0,0,0,0,0,0,0,0,0,-68000,0,0,0,54000,122000,-68000,-68000
061235,台積電元大9A購23,0,0,0,0,0,0,0,0,0,-68000,0,0,0,0,68000,-68000,-68000
061105,宏達電元大9A購04,0,0,0,0,0,0,0,0,0,-68000,0,0,0,2000,70000,-68000,-68000
060600,台積電凱基9C購01,0,0,0,0,0,0,0,0,0,-68000,0,0,0,0,68000,-68000,-68000
054052,日月光元大96購06,0,0,0,0,0,0,0,0,0,-68000,0,0,0,0,68000,-68000,-68000
053297,鎧勝中信98購01  ,0,0,0,0,0,0,0,0,0,-68000,0,0,0,0,68000,-68000,-68000
057642,南亞科元大98購07,0,0,0,0,0,0,0,0,0,-68000,0,0,0,0,68000,-68000,-68000
058521,日月光元大99購01,0,0,0,0,0,0,0,0,0,-68000,0,0,0,0,68000,-68000,-68000
055847,大立光元大97購10,0,0,0,0,0,0,0,0,0,-68000,0,0,0,0,68000,-68000,-68000
055841,南亞科元大97購04,0,0,0,0,0,0,0,0,0,-68000,0,0,0,0,68000,-68000,-68000
058579,聯發科群益99購04,0,0,0,0,0,0,0,0,0,-68000,0,0,0,0,68000,-68000,-68000
056020,義隆群益97購01  ,0,0,0,0,0,0,0,0,0,-68000,0,0,0,47000,115000,-68000,-68000
056897,南亞科元大98購02,0,0,0,0,0,0,0,0,0,-68000,0,0,0,0,68000,-68000,-68000
055687,瀚宇博凱基97購01,0,0,0,0,0,0,0,0,0,-68000,0,0,0,0,68000,-68000,-68000
055592,奇力新元大97購07,0,0,0,0,0,0,0,0,0,-68000,0,0,0,0,68000,-68000,-68000
055635,緯穎永豐97購01  ,0,0,0,0,0,0,0,0,0,-68000,0,0,0,0,68000,-68000,-68000
056617,美律永豐98購01  ,0,0,0,0,0,0,0,0,0,-68000,0,0,0,0,68000,-68000,-68000
056296,旺宏元大97購07  ,0,0,0,0,0,0,0,0,0,-68000,0,0,0,0,68000,-68000,-68000
059242,南亞科凱基99購06,0,0,0,0,0,0,0,0,0,-68000,0,0,0,69000,137000,-68000,-68000
059009,世紀鋼元大99購04,0,0,0,0,0,0,0,0,0,-68000,0,0,0,95000,163000,-68000,-68000
059006,樺漢元大99購01  ,0,0,0,0,0,0,0,0,0,-68000,0,0,0,0,68000,-68000,-68000
057508,康控國票99購03  ,0,0,0,0,0,0,0,0,0,-68000,0,0,0,114000,182000,-68000,-68000
057859,神達康和98購01  ,0,0,0,0,0,0,0,0,0,-68000,0,0,0,0,68000,-68000,-68000
058047,可成元大98購11  ,0,0,0,0,0,0,0,0,0,-68000,0,0,0,50000,118000,-68000,-68000
058826,台積電永豐99購02,0,0,0,0,0,0,0,0,0,-68000,0,0,0,0,68000,-68000,-68000
060707,台郡富邦9A購01  ,0,0,0,0,0,0,0,0,0,-69000,0,0,0,145000,214000,-69000,-69000
061420,國巨元大9A購22  ,0,0,0,0,0,0,0,0,0,-69000,0,0,0,40000,109000,-69000,-69000
061736,國巨凱基9B購05  ,0,0,0,0,0,0,0,0,0,-69000,0,0,0,1000,70000,-69000,-69000
062248,國巨元大9B購08  ,0,0,0,0,0,0,0,0,0,-69000,0,0,0,60000,129000,-69000,-69000
062075,智邦元大9B購03  ,0,0,0,0,0,0,0,0,0,-69000,0,0,0,1000,70000,-69000,-69000
062002,鴻海國泰01購01  ,0,0,0,0,0,0,0,0,0,-69000,0,0,0,3000,72000,-69000,-69000
055397,超眾統一97購02  ,0,0,0,0,0,0,0,0,0,-69000,0,0,0,41000,110000,-69000,-69000
055344,國巨凱基97購04  ,0,0,0,0,0,0,0,0,0,-69000,0,0,0,161000,230000,-69000,-69000
053170,茂林群益96購04  ,0,0,0,0,0,0,0,0,0,-69000,0,0,0,0,69000,-69000,-69000
058337,日月光元富99購01,0,0,0,0,0,0,0,0,0,-69000,0,0,0,291000,360000,-69000,-69000
058021,牧德凱基98購02  ,0,0,0,0,0,0,0,0,0,-69000,0,0,0,182000,251000,-69000,-69000
057834,聯發科元富02購07,0,0,0,0,0,0,0,0,0,-69000,0,0,0,4000,73000,-69000,-69000
057462,光磊永豐98購02  ,0,0,0,0,0,0,0,0,0,-69000,0,0,0,8000,77000,-69000,-69000
059204,台灣50元大01購02,0,0,0,0,0,0,0,0,0,-69000,0,0,0,3000,72000,-69000,-69000
058784,臺股指國票99購03,0,0,0,0,0,0,0,0,0,-69000,0,0,0,30000,99000,-69000,-69000
057944,新日興國票99購02,0,0,0,0,0,0,0,0,0,-69000,0,0,0,14000,83000,-69000,-69000
07351P,鴻海國票99售08  ,0,0,0,0,0,0,0,0,0,-69000,0,0,0,71000,140000,-69000,-69000
07149P,健鼎元大99售03  ,0,0,0,0,0,0,0,0,0,-69000,0,0,0,0,69000,-69000,-69000
07151P,台灣50統一9B售04,0,0,0,0,0,0,0,0,0,-69000,0,0,0,0,69000,-69000,-69000
07842P,力成元大9A售01  ,0,0,0,0,0,0,0,0,0,-69000,0,0,0,0,69000,-69000,-69000
4306,炎洲            ,65000,138000,-73000,0,0,0,0,0,0,4000,4000,0,4000,0,0,0,-69000
062054,鴻海統一9C購06  ,0,0,0,0,0,0,0,0,0,-70000,0,0,0,130000,200000,-70000,-70000
062247,國巨元大9B購07  ,0,0,0,0,0,0,0,0,0,-70000,0,0,0,50000,120000,-70000,-70000
061335,國巨元大9A購19  ,0,0,0,0,0,0,0,0,0,-70000,0,0,0,40000,110000,-70000,-70000
061088,國巨統一9C購05  ,0,0,0,0,0,0,0,0,0,-70000,0,0,0,0,70000,-70000,-70000
061122,敬鵬永豐9A購01  ,0,0,0,0,0,0,0,0,0,-70000,0,0,0,0,70000,-70000,-70000
061045,儒鴻第一9A購01  ,0,0,0,0,0,0,0,0,0,-70000,0,0,0,90000,160000,-70000,-70000
061203,國巨元大9A購15  ,0,0,0,0,0,0,0,0,0,-70000,0,0,0,40000,110000,-70000,-70000
060698,旺宏國泰9C購01  ,0,0,0,0,0,0,0,0,0,-70000,0,0,0,70000,140000,-70000,-70000
060670,臺指反元大01購03,0,0,0,0,0,0,0,0,0,-70000,0,0,0,309000,379000,-70000,-70000
059898,T50反1元大99購15,0,0,0,0,0,0,0,0,0,-70000,0,0,0,0,70000,-70000,-70000
055241,T50反1統一99購01,0,0,0,0,0,0,0,0,0,-70000,0,0,0,0,70000,-70000,-70000
054514,道瓊銀元大98購01,0,0,0,0,0,0,0,0,0,-70000,0,0,0,0,70000,-70000,-70000
055091,微星群益97購01  ,0,0,0,0,0,0,0,0,0,-70000,0,0,0,0,70000,-70000,-70000
053486,T50反1兆豐96購01,0,0,0,0,0,0,0,0,0,-70000,0,0,0,0,70000,-70000,-70000
052878,台虹凱基96購01  ,0,0,0,0,0,0,0,0,0,-70000,0,0,0,0,70000,-70000,-70000
048499,達運元大96購01  ,0,0,0,0,0,0,0,0,0,-70000,0,0,0,0,70000,-70000,-70000
053860,台積電元大98購03,0,0,0,0,0,0,0,0,0,-70000,0,0,0,0,70000,-70000,-70000
058230,國巨元大99購11  ,0,0,0,0,0,0,0,0,0,-70000,0,0,0,60000,130000,-70000,-70000
056715,瀚宇博永豐98購01,0,0,0,0,0,0,0,0,0,-70000,0,0,0,100000,170000,-70000,-70000
056695,景碩群益99購01  ,0,0,0,0,0,0,0,0,0,-70000,0,0,0,0,70000,-70000,-70000
056596,光磊元富98購01  ,0,0,0,0,0,0,0,0,0,-70000,0,0,0,20000,90000,-70000,-70000
059234,台灣50凱基9C購03,0,0,0,0,0,0,0,0,0,-70000,0,0,0,0,70000,-70000,-70000
05919P,京鼎元大96售03  ,0,0,0,0,0,0,0,0,0,-70000,0,0,0,210000,280000,-70000,-70000
056232,瑞儀凱基98購01  ,0,0,0,0,0,0,0,0,0,-70000,0,0,0,0,70000,-70000,-70000
057366,智邦元大98購08  ,0,0,0,0,0,0,0,0,0,-70000,0,0,0,4000,74000,-70000,-70000
4942,嘉彰            ,27000,104000,-77000,0,0,0,0,0,0,7000,7000,0,7000,0,0,0,-70000
2474,可成            ,1048000,917000,131000,0,0,0,2000,70000,-68000,-133000,14000,74000,-60000,32000,105000,-73000,-70000
07593P,臺股指凱基9A售08,0,0,0,0,0,0,0,0,0,-70000,0,0,0,50000,120000,-70000,-70000
1439,中和            ,63000,133000,-70000,0,0,0,0,0,0,0,0,0,0,0,0,0,-70000
060549,聯發科凱基9B購03,0,0,0,0,0,0,0,0,0,-71000,0,0,0,0,71000,-71000,-71000
060453,儒鴻元大9A購02  ,0,0,0,0,0,0,0,0,0,-71000,0,0,0,17000,88000,-71000,-71000
061087,國巨統一01購04  ,0,0,0,0,0,0,0,0,0,-71000,0,0,0,5000,76000,-71000,-71000
061391,晶技群益9A購02  ,0,0,0,0,0,0,0,0,0,-71000,0,0,0,5000,76000,-71000,-71000
062005,旺宏國泰01購01  ,0,0,0,0,0,0,0,0,0,-71000,0,0,0,34000,105000,-71000,-71000
058424,滬深2X元富99購04,0,0,0,0,0,0,0,0,0,-71000,0,0,0,16000,87000,-71000,-71000
05649P,矽創國票97售03  ,0,0,0,0,0,0,0,0,0,-71000,0,0,0,32000,103000,-71000,-71000
058703,台積電元大99購16,0,0,0,0,0,0,0,0,0,-71000,0,0,0,15000,86000,-71000,-71000
06891P,緯穎富邦99售03  ,0,0,0,0,0,0,0,0,0,-71000,0,0,0,20000,91000,-71000,-71000
5288,豐祥-KY         ,59000,258000,-199000,0,0,0,128000,0,128000,0,0,0,0,0,0,0,-71000
2404,漢唐            ,287000,340800,-53800,0,0,0,0,0,0,-18000,0,14000,-14000,10000,14000,-4000,-71800
2204,中華            ,290115,355000,-64885,0,0,0,0,0,0,-7000,0,7000,-7000,0,0,0,-71885
061504,祥碩國票9A購02  ,0,0,0,0,0,0,0,0,0,-72000,0,0,0,3000,75000,-72000,-72000
058482,祥碩凱基99購02  ,0,0,0,0,0,0,0,0,0,-72000,0,0,0,180000,252000,-72000,-72000
052692,滬深2X中信99購02,0,0,0,0,0,0,0,0,0,-72000,0,0,0,0,72000,-72000,-72000
058747,友達凱基9A購03  ,0,0,0,0,0,0,0,0,0,-72000,0,0,0,0,72000,-72000,-72000
057683,技嘉日盛98購01  ,0,0,0,0,0,0,0,0,0,-72000,0,0,0,242000,314000,-72000,-72000
059253,康控凱基9B購02  ,0,0,0,0,0,0,0,0,0,-72000,0,0,0,38000,110000,-72000,-72000
8499,鼎炫-KY         ,4000,77000,-73000,0,0,0,0,0,0,1000,1000,0,1000,0,0,0,-72000
2913,農林            ,68000,141000,-73000,0,0,0,0,0,0,1000,1000,0,1000,0,0,0,-72000
060364,奇力新元富9A購01,0,0,0,0,0,0,0,0,0,-73000,0,0,0,25000,98000,-73000,-73000
059853,超眾永豐99購03  ,0,0,0,0,0,0,0,0,0,-73000,0,0,0,0,73000,-73000,-73000
03857P,聯發科元富99售02,0,0,0,0,0,0,0,0,0,-73000,0,0,0,0,73000,-73000,-73000
051319,光磊國票96購02  ,0,0,0,0,0,0,0,0,0,-73000,0,0,0,0,73000,-73000,-73000
053064,國巨群益96購04  ,0,0,0,0,0,0,0,0,0,-73000,0,0,0,37000,110000,-73000,-73000
054445,技嘉兆豐96購01  ,0,0,0,0,0,0,0,0,0,-73000,0,0,0,9000,82000,-73000,-73000
059125,台積電第一03購02,0,0,0,0,0,0,0,0,0,-73000,0,0,0,0,73000,-73000,-73000
057777,可成群益9A購03  ,0,0,0,0,0,0,0,0,0,-73000,0,0,0,0,73000,-73000,-73000
058577,南亞科群益99購02,0,0,0,0,0,0,0,0,0,-73000,0,0,0,118000,191000,-73000,-73000
056937,智原元富98購01  ,0,0,0,0,0,0,0,0,0,-73000,0,0,0,0,73000,-73000,-73000
056681,鴻海統一98購09  ,0,0,0,0,0,0,0,0,0,-73000,0,0,0,0,73000,-73000,-73000
055804,祥碩永豐97購02  ,0,0,0,0,0,0,0,0,0,-73000,0,0,0,235000,308000,-73000,-73000
07903P,台積電群益9B售03,0,0,0,0,0,0,0,0,0,-73000,0,0,0,15000,88000,-73000,-73000
07014P,華通元大99售04  ,0,0,0,0,0,0,0,0,0,-73000,0,0,0,78000,151000,-73000,-73000
07421P,國泰金元大99售01,0,0,0,0,0,0,0,0,0,-73000,0,0,0,27000,100000,-73000,-73000
060460,鴻海元大9A購08  ,0,0,0,0,0,0,0,0,0,-74000,0,0,0,0,74000,-74000,-74000
061070,超眾凱基9C購01  ,0,0,0,0,0,0,0,0,0,-74000,0,0,0,0,74000,-74000,-74000
051292,牧德統一97購01  ,0,0,0,0,0,0,0,0,0,-74000,0,0,0,147000,221000,-74000,-74000
053800,華通凱基97購03  ,0,0,0,0,0,0,0,0,0,-74000,0,0,0,0,74000,-74000,-74000
043442,大立光台新01購01,0,0,0,0,0,0,0,0,0,-74000,0,0,0,0,74000,-74000,-74000
055575,華新科統一98購01,0,0,0,0,0,0,0,0,0,-74000,0,0,0,0,74000,-74000,-74000
057225,華新凱基98購01  ,0,0,0,0,0,0,0,0,0,-74000,0,0,0,70000,144000,-74000,-74000
059289,瑞昱元富99購01  ,0,0,0,0,0,0,0,0,0,-74000,0,0,0,47000,121000,-74000,-74000
058975,台灣50凱基01購02,0,0,0,0,0,0,0,0,0,-74000,0,0,0,0,74000,-74000,-74000
07261P,台灣50元大9A售04,0,0,0,0,0,0,0,0,0,-74000,0,0,0,0,74000,-74000,-74000
06670P,鴻海群益98售06  ,0,0,0,0,0,0,0,0,0,-74000,0,0,0,66000,140000,-74000,-74000
06674P,祥碩群益98售02  ,0,0,0,0,0,0,0,0,0,-74000,0,0,0,8000,82000,-74000,-74000
2547,日勝生          ,259000,333100,-74100,0,0,0,0,0,0,0,0,0,0,0,0,0,-74100
061178,晶技凱基9B購01  ,0,0,0,0,0,0,0,0,0,-75000,0,0,0,10000,85000,-75000,-75000
060651,瑞儀中信9B購01  ,0,0,0,0,0,0,0,0,0,-75000,0,0,0,120000,195000,-75000,-75000
060827,健策元大9A購02  ,0,0,0,0,0,0,0,0,0,-75000,0,0,0,3000,78000,-75000,-75000
05999P,世芯元大96售01  ,0,0,0,0,0,0,0,0,0,-75000,0,0,0,0,75000,-75000,-75000
053315,漢唐群益96購02  ,0,0,0,0,0,0,0,0,0,-75000,0,0,0,0,75000,-75000,-75000
058129,國巨元大99購10  ,0,0,0,0,0,0,0,0,0,-75000,0,0,0,60000,135000,-75000,-75000
057072,日月光永豐98購01,0,0,0,0,0,0,0,0,0,-75000,0,0,0,3000,78000,-75000,-75000
057057,立積元大9A購01  ,0,0,0,0,0,0,0,0,0,-75000,0,0,0,0,75000,-75000,-75000
057494,玉晶光元大99購09,0,0,0,0,0,0,0,0,0,-75000,0,0,0,36000,111000,-75000,-75000
057876,隆達元大98購01  ,0,0,0,0,0,0,0,0,0,-75000,0,0,0,18000,93000,-75000,-75000
058877,T50反1國泰9B購01,0,0,0,0,0,0,0,0,0,-75000,0,0,0,0,75000,-75000,-75000
055809,T50反1國票98購02,0,0,0,0,0,0,0,0,0,-75000,0,0,0,0,75000,-75000,-75000
057601,中磊群益98購01  ,0,0,0,0,0,0,0,0,0,-75000,0,0,0,0,75000,-75000,-75000
07390P,華新科康和99售02,0,0,0,0,0,0,0,0,0,-75000,0,0,0,0,75000,-75000,-75000
07929P,旺宏統一9B售07  ,0,0,0,0,0,0,0,0,0,-75000,0,0,0,24000,99000,-75000,-75000
1337,再生-KY         ,20000,95000,-75000,0,0,0,0,0,0,0,0,0,0,0,0,0,-75000
060892,超眾統一9C購01  ,0,0,0,0,0,0,0,0,0,-76000,0,0,0,64000,140000,-76000,-76000
060463,台積電元大9A購10,0,0,0,0,0,0,0,0,0,-76000,0,0,0,0,76000,-76000,-76000
054788,華新科群益98購02,0,0,0,0,0,0,0,0,0,-76000,0,0,0,0,76000,-76000,-76000
053244,光磊國票97購01  ,0,0,0,0,0,0,0,0,0,-76000,0,0,0,0,76000,-76000,-76000
00686R,群益臺灣加權反1 ,0,0,0,0,0,0,0,0,0,-76000,0,0,0,282000,358000,-76000,-76000
052822,泰碩永豐97購01  ,0,0,0,0,0,0,0,0,0,-76000,0,0,0,12000,88000,-76000,-76000
051192,緯創兆豐96購01  ,0,0,0,0,0,0,0,0,0,-76000,0,0,0,0,76000,-76000,-76000
058589,群創中信01購01  ,0,0,0,0,0,0,0,0,0,-76000,0,0,0,0,76000,-76000,-76000
058645,康控富邦01購01  ,0,0,0,0,0,0,0,0,0,-76000,0,0,0,213000,289000,-76000,-76000
058926,勤誠元富99購01  ,0,0,0,0,0,0,0,0,0,-76000,0,0,0,42000,118000,-76000,-76000
056682,鴻海統一98購10  ,0,0,0,0,0,0,0,0,0,-76000,0,0,0,27000,103000,-76000,-76000
056548,瀚宇博凱基98購02,0,0,0,0,0,0,0,0,0,-76000,0,0,0,10000,86000,-76000,-76000
07114P,旺宏兆豐9A售01  ,0,0,0,0,0,0,0,0,0,-76000,0,0,0,0,76000,-76000,-76000
060477,和潤元大9A購01  ,0,0,0,0,0,0,0,0,0,-77000,0,0,0,37000,114000,-77000,-77000
062083,健策元大9C購03  ,0,0,0,0,0,0,0,0,0,-77000,0,0,0,5000,82000,-77000,-77000
061732,智邦中信9B購01  ,0,0,0,0,0,0,0,0,0,-77000,0,0,0,0,77000,-77000,-77000
057470,易華電永豐98購02,0,0,0,0,0,0,0,0,0,-77000,0,0,0,3000,80000,-77000,-77000
07262P,台灣50元大9B售05,0,0,0,0,0,0,0,0,0,-77000,0,0,0,0,77000,-77000,-77000
06938P,南電元大98售03  ,0,0,0,0,0,0,0,0,0,-77000,0,0,0,0,77000,-77000,-77000
07850P,健策群益9A售06  ,0,0,0,0,0,0,0,0,0,-77000,0,0,0,0,77000,-77000,-77000
07672P,南電元大9A售05  ,0,0,0,0,0,0,0,0,0,-77000,0,0,0,0,77000,-77000,-77000
061695,群創群益9A購01  ,0,0,0,0,0,0,0,0,0,-78000,0,0,0,98000,176000,-78000,-78000
061136,可成統一9A購01  ,0,0,0,0,0,0,0,0,0,-78000,0,0,0,1000,79000,-78000,-78000
060028,國揚永豐99購01  ,0,0,0,0,0,0,0,0,0,-78000,0,0,0,12000,90000,-78000,-78000
053955,華通永豐96購04  ,0,0,0,0,0,0,0,0,0,-78000,0,0,0,0,78000,-78000,-78000
053571,奇鋐統一96購02  ,0,0,0,0,0,0,0,0,0,-78000,0,0,0,0,78000,-78000,-78000
054036,T50反1元大96購08,0,0,0,0,0,0,0,0,0,-78000,0,0,0,0,78000,-78000,-78000
058347,玉晶光群益9B購01,0,0,0,0,0,0,0,0,0,-78000,0,0,0,40000,118000,-78000,-78000
055704,亞德客永豐97購04,0,0,0,0,0,0,0,0,0,-78000,0,0,0,0,78000,-78000,-78000
057674,台郡元大99購03  ,0,0,0,0,0,0,0,0,0,-78000,0,0,0,134000,212000,-78000,-78000
055982,T50反1元富97購01,0,0,0,0,0,0,0,0,0,-78000,0,0,0,0,78000,-78000,-78000
06896P,信邦中信98售01  ,0,0,0,0,0,0,0,0,0,-78000,0,0,0,23000,101000,-78000,-78000
07173P,臺股指國票99售10,0,0,0,0,0,0,0,0,0,-78000,0,0,0,276000,354000,-78000,-78000
059855,緯穎永豐99購04  ,0,0,0,0,0,0,0,0,0,-79000,0,0,0,60000,139000,-79000,-79000
060577,玉晶光中信9A購02,0,0,0,0,0,0,0,0,0,-79000,0,0,0,4000,83000,-79000,-79000
06214P,國巨國票98售04  ,0,0,0,0,0,0,0,0,0,-79000,0,0,0,1000,80000,-79000,-79000
054751,GIS凱基98購01   ,0,0,0,0,0,0,0,0,0,-79000,0,0,0,0,79000,-79000,-79000
048785,台積電元大96購01,0,0,0,0,0,0,0,0,0,-79000,0,0,0,417000,496000,-79000,-79000
058712,鴻海統一9B購03  ,0,0,0,0,0,0,0,0,0,-79000,0,0,0,21000,100000,-79000,-79000
05710P,禾伸堂國票97售02,0,0,0,0,0,0,0,0,0,-79000,0,0,0,21000,100000,-79000,-79000
8422,可寧衛          ,10000,89000,-79000,0,0,0,0,0,0,0,0,0,0,0,0,0,-79000
062015,喬山永豐9B購01  ,0,0,0,0,0,0,0,0,0,-80000,0,0,0,0,80000,-80000,-80000
061483,TPK元大9A購01   ,0,0,0,0,0,0,0,0,0,-80000,0,0,0,37000,117000,-80000,-80000
061412,儒鴻群益9A購01  ,0,0,0,0,0,0,0,0,0,-80000,0,0,0,95000,175000,-80000,-80000
059713,滬深2X元大9C購04,0,0,0,0,0,0,0,0,0,-80000,0,0,0,0,80000,-80000,-80000
060055,宏達電凱基99購06,0,0,0,0,0,0,0,0,0,-80000,0,0,0,21000,101000,-80000,-80000
052693,微星中信96購01  ,0,0,0,0,0,0,0,0,0,-80000,0,0,0,0,80000,-80000,-80000
051938,旭富群益95購01  ,0,0,0,0,0,0,0,0,0,-80000,0,0,0,0,80000,-80000,-80000
055233,康友國票98購01  ,0,0,0,0,0,0,0,0,0,-80000,0,0,0,0,80000,-80000,-80000
055306,燿華群益97購01  ,0,0,0,0,0,0,0,0,0,-80000,0,0,0,0,80000,-80000,-80000
058163,道瓊反凱基9B購01,0,0,0,0,0,0,0,0,0,-80000,0,0,0,0,80000,-80000,-80000
055015,帆宣元富97購01  ,0,0,0,0,0,0,0,0,0,-80000,0,0,0,0,80000,-80000,-80000
053092,台表科元大97購02,0,0,0,0,0,0,0,0,0,-80000,0,0,0,0,80000,-80000,-80000
053609,華新中信9A購01  ,0,0,0,0,0,0,0,0,0,-80000,0,0,0,150000,230000,-80000,-80000
054417,牧德元大96購01  ,0,0,0,0,0,0,0,0,0,-80000,0,0,0,0,80000,-80000,-80000
056195,群創富邦98購01  ,0,0,0,0,0,0,0,0,0,-80000,0,0,0,0,80000,-80000,-80000
056185,全新統一98購01  ,0,0,0,0,0,0,0,0,0,-80000,0,0,0,0,80000,-80000,-80000
057837,康控國泰99購02  ,0,0,0,0,0,0,0,0,0,-80000,0,0,0,49000,129000,-80000,-80000
056335,微星凱基98購01  ,0,0,0,0,0,0,0,0,0,-80000,0,0,0,50000,130000,-80000,-80000
057401,晶豪科群益99購01,0,0,0,0,0,0,0,0,0,-80000,0,0,0,20000,100000,-80000,-80000
057691,健策凱基99購01  ,0,0,0,0,0,0,0,0,0,-80000,0,0,0,0,80000,-80000,-80000
057604,鴻海統一9C購01  ,0,0,0,0,0,0,0,0,0,-80000,0,0,0,0,80000,-80000,-80000
056012,勤誠中信99購01  ,0,0,0,0,0,0,0,0,0,-80000,0,0,0,0,80000,-80000,-80000
056533,友達凱基9A購02  ,0,0,0,0,0,0,0,0,0,-80000,0,0,0,0,80000,-80000,-80000
056958,喬山永豐98購01  ,0,0,0,0,0,0,0,0,0,-80000,0,0,0,0,80000,-80000,-80000
056410,康控國票99購01  ,0,0,0,0,0,0,0,0,0,-80000,0,0,0,0,80000,-80000,-80000
07875P,祥碩群益9B售01  ,0,0,0,0,0,0,0,0,0,-80000,0,0,0,30000,110000,-80000,-80000
060091,技嘉元大99購03  ,0,0,0,0,0,0,0,0,0,-81000,0,0,0,99000,180000,-81000,-81000
060931,GIS永豐9A購01   ,0,0,0,0,0,0,0,0,0,-81000,0,0,0,60000,141000,-81000,-81000
062003,國巨國泰01購01  ,0,0,0,0,0,0,0,0,0,-81000,0,0,0,630000,711000,-81000,-81000
054104,T50反1凱基9A購02,0,0,0,0,0,0,0,0,0,-81000,0,0,0,0,81000,-81000,-81000
054351,華新科國泰97購03,0,0,0,0,0,0,0,0,0,-81000,0,0,0,0,81000,-81000,-81000
054674,台光電台新97購01,0,0,0,0,0,0,0,0,0,-81000,0,0,0,111000,192000,-81000,-81000
055413,全新富邦98購01  ,0,0,0,0,0,0,0,0,0,-81000,0,0,0,0,81000,-81000,-81000
0061,元大寶滬深      ,0,0,0,0,0,0,0,0,0,-81000,10000,0,10000,35000,126000,-91000,-81000
00735,國泰臺韓科技    ,0,0,0,0,0,0,0,0,0,-81000,0,0,0,259000,340000,-81000,-81000
055810,T50反1國票99購01,0,0,0,0,0,0,0,0,0,-81000,0,0,0,0,81000,-81000,-81000
056332,台郡國票99購01  ,0,0,0,0,0,0,0,0,0,-81000,0,0,0,8000,89000,-81000,-81000
058963,華新科兆豐99購05,0,0,0,0,0,0,0,0,0,-81000,0,0,0,0,81000,-81000,-81000
061773,和潤元大9B購01  ,0,0,0,0,0,0,0,0,0,-82000,0,0,0,32000,114000,-82000,-82000
061886,力山國泰01購01  ,0,0,0,0,0,0,0,0,0,-82000,0,0,0,90000,172000,-82000,-82000
061394,FBVIX統一9B購01 ,0,0,0,0,0,0,0,0,0,-82000,0,0,0,0,82000,-82000,-82000
060554,中租凱基9A購01  ,0,0,0,0,0,0,0,0,0,-82000,0,0,0,0,82000,-82000,-82000
059768,上証2X群益9C購02,0,0,0,0,0,0,0,0,0,-82000,0,0,0,0,82000,-82000,-82000
057444,台泥元富98購01  ,0,0,0,0,0,0,0,0,0,-82000,0,0,0,0,82000,-82000,-82000
056398,南茂永豐98購01  ,0,0,0,0,0,0,0,0,0,-82000,0,0,0,192000,274000,-82000,-82000
056605,台積電富邦9B購02,0,0,0,0,0,0,0,0,0,-82000,0,0,0,0,82000,-82000,-82000
00743,國泰中國A150    ,35000,0,35000,0,0,0,0,0,0,-117164,0,0,0,0,117164,-117164,-82164
059559,T50反1凱基99購07,0,0,0,0,0,0,0,0,0,-83000,0,0,0,52000,135000,-83000,-83000
061597,南六永豐9A購04  ,0,0,0,0,0,0,0,0,0,-83000,0,0,0,90000,173000,-83000,-83000
061296,台積電國泰9C購01,0,0,0,0,0,0,0,0,0,-83000,0,0,0,10000,93000,-83000,-83000
058409,鴻海兆豐99購05  ,15000,0,15000,0,0,0,0,0,0,-98000,0,0,0,111000,209000,-98000,-83000
056403,茂林群益98購01  ,0,0,0,0,0,0,0,0,0,-83000,0,0,0,15000,98000,-83000,-83000
057553,景碩凱基98購03  ,0,0,0,0,0,0,0,0,0,-83000,0,0,0,51000,134000,-83000,-83000
061891,力山永豐9B購01  ,0,0,0,0,0,0,0,0,0,-84000,0,0,0,0,84000,-84000,-84000
061978,旺宏元大9C購01  ,0,0,0,0,0,0,0,0,0,-84000,0,0,0,95000,179000,-84000,-84000
059989,嘉晶元大9A購01  ,0,0,0,0,0,0,0,0,0,-84000,0,0,0,78000,162000,-84000,-84000
060252,緯穎元大9A購02  ,0,0,0,0,0,0,0,0,0,-84000,0,0,0,181000,265000,-84000,-84000
060284,南港元大01購01  ,0,0,0,0,0,0,0,0,0,-84000,0,0,0,40000,124000,-84000,-84000
060452,儒鴻元大9A購01  ,0,0,0,0,0,0,0,0,0,-84000,0,0,0,15000,99000,-84000,-84000
3035,智原            ,324000,116000,208000,0,0,0,0,300000,-300000,8000,20000,18000,2000,26000,20000,6000,-84000
060523,鴻海中信9C購03  ,0,0,0,0,0,0,0,0,0,-85000,0,0,0,0,85000,-85000,-85000
060646,南電永豐9A購01  ,0,0,0,0,0,0,0,0,0,-85000,0,0,0,64000,149000,-85000,-85000
060814,健策凱基9B購01  ,0,0,0,0,0,0,0,0,0,-85000,0,0,0,0,85000,-85000,-85000
060847,康控國票9A購01  ,0,0,0,0,0,0,0,0,0,-85000,0,0,0,22000,107000,-85000,-85000
060120,聯電富邦9B購01  ,0,0,0,0,0,0,0,0,0,-85000,0,0,0,0,85000,-85000,-85000
061758,T50反1元大9B購02,0,0,0,0,0,0,0,0,0,-85000,0,0,0,0,85000,-85000,-85000
062066,元黃金元大9B購01,0,0,0,0,0,0,0,0,0,-85000,0,0,0,1000,86000,-85000,-85000
062169,禾伸堂永豐9B購01,0,0,0,0,0,0,0,0,0,-85000,0,0,0,0,85000,-85000,-85000
06142P,台虹康和97售02  ,0,0,0,0,0,0,0,0,0,-85000,0,0,0,93000,178000,-85000,-85000
053749,揚明光永豐97購01,0,0,0,0,0,0,0,0,0,-85000,0,0,0,5000,90000,-85000,-85000
051696,新日興中信96購01,0,0,0,0,0,0,0,0,0,-85000,0,0,0,65000,150000,-85000,-85000
052413,上証反中信97購01,0,0,0,0,0,0,0,0,0,-85000,0,0,0,0,85000,-85000,-85000
057445,華通元富02購01  ,0,0,0,0,0,0,0,0,0,-85000,0,0,0,8000,93000,-85000,-85000
057010,景碩中信98購01  ,0,0,0,0,0,0,0,0,0,-85000,0,0,0,62000,147000,-85000,-85000
057637,上銀元大98購07  ,0,0,0,0,0,0,0,0,0,-85000,0,0,0,17000,102000,-85000,-85000
9188,精熙-DR         ,0,85000,-85000,0,0,0,0,0,0,0,0,0,0,0,0,0,-85000
9905,大華            ,21000,106000,-85000,0,0,0,0,0,0,0,0,0,0,0,0,0,-85000
07805P,義隆永豐9A售02  ,0,0,0,0,0,0,0,0,0,-85000,0,0,0,60000,145000,-85000,-85000
061043,百和永豐9A購01  ,0,0,0,0,0,0,0,0,0,-86000,0,0,0,2000,88000,-86000,-86000
052818,智邦永豐96購01  ,0,0,0,0,0,0,0,0,0,-86000,0,0,0,14000,100000,-86000,-86000
055252,新光金統一98購02,0,0,0,0,0,0,0,0,0,-86000,0,0,0,97000,183000,-86000,-86000
052945,嘉晶國票97購01  ,0,0,0,0,0,0,0,0,0,-86000,0,0,0,38000,124000,-86000,-86000
057738,旺宏富邦9A購01  ,0,0,0,0,0,0,0,0,0,-86000,0,0,0,11000,97000,-86000,-86000
056395,玉晶光永豐9B購01,0,0,0,0,0,0,0,0,0,-86000,0,0,0,173000,259000,-86000,-86000
057385,光罩永豐99購01  ,0,0,0,0,0,0,0,0,0,-86000,0,0,0,193000,279000,-86000,-86000
057451,大立光元富9B購01,0,0,0,0,0,0,0,0,0,-86000,0,0,0,196000,282000,-86000,-86000
07053P,台灣50兆豐01售01,0,0,0,0,0,0,0,0,0,-86000,0,0,0,0,86000,-86000,-86000
8454,富邦媒          ,125000,183963,-58963,0,0,0,0,24000,-24000,-4000,8000,12000,-4000,0,0,0,-86963
061078,台積電兆豐9A購01,0,0,0,0,0,0,0,0,0,-87000,0,0,0,27000,114000,-87000,-87000
061447,鴻海中信04購02  ,0,0,0,0,0,0,0,0,0,-87000,0,0,0,35000,122000,-87000,-87000
060891,世芯統一9A購01  ,0,0,0,0,0,0,0,0,0,-87000,0,0,0,117000,204000,-87000,-87000
06073P,健策永豐97售01  ,0,0,0,0,0,0,0,0,0,-87000,0,0,0,103000,190000,-87000,-87000
060511,群創元大9B購08  ,0,0,0,0,0,0,0,0,0,-87000,0,0,0,10000,97000,-87000,-87000
054863,億光群益97購01  ,0,0,0,0,0,0,0,0,0,-87000,0,0,0,0,87000,-87000,-87000
054840,T50反1兆豐98購01,0,0,0,0,0,0,0,0,0,-87000,0,0,0,0,87000,-87000,-87000
03678C,臺股指凱基01牛02,0,0,0,0,0,0,0,0,0,-87000,0,0,0,164000,251000,-87000,-87000
053762,T50反1富邦97購01,0,0,0,0,0,0,0,0,0,-87000,0,0,0,0,87000,-87000,-87000
057325,可成群益9A購01  ,0,0,0,0,0,0,0,0,0,-87000,0,0,0,70000,157000,-87000,-87000
056274,彩晶統一98購02  ,0,0,0,0,0,0,0,0,0,-87000,0,0,0,0,87000,-87000,-87000
056522,T50反1中信9B購01,0,0,0,0,0,0,0,0,0,-87000,0,0,0,0,87000,-87000,-87000
056114,台達電群益97購02,0,0,0,0,0,0,0,0,0,-87000,0,0,0,11000,98000,-87000,-87000
058923,華新科元富99購06,0,0,0,0,0,0,0,0,0,-87000,0,0,0,0,87000,-87000,-87000
058881,全新永豐99購01  ,0,0,0,0,0,0,0,0,0,-87000,0,0,0,19000,106000,-87000,-87000
056786,亞光群益98購03  ,0,0,0,0,0,0,0,0,0,-87000,0,0,0,2000,89000,-87000,-87000
056710,漢唐永豐98購01  ,0,0,0,0,0,0,0,0,0,-87000,0,0,0,0,87000,-87000,-87000
060650,奇力新中信9A購01,0,0,0,0,0,0,0,0,0,-88000,0,0,0,85000,173000,-88000,-88000
059879,GIS凱基99購03   ,0,0,0,0,0,0,0,0,0,-88000,0,0,0,2000,90000,-88000,-88000
061215,健策元大9A購06  ,0,0,0,0,0,0,0,0,0,-88000,0,0,0,0,88000,-88000,-88000
055170,光磊統一97購01  ,0,0,0,0,0,0,0,0,0,-88000,0,0,0,0,88000,-88000,-88000
053584,友達元大9B購02  ,0,0,0,0,0,0,0,0,0,-88000,0,0,0,84000,172000,-88000,-88000
055627,亞德客永豐97購02,0,0,0,0,0,0,0,0,0,-88000,0,0,0,0,88000,-88000,-88000
05609P,國泰金凱基96售01,0,0,0,0,0,0,0,0,0,-88000,0,0,0,0,88000,-88000,-88000
056324,南亞科兆豐98購01,0,0,0,0,0,0,0,0,0,-88000,0,0,0,0,88000,-88000,-88000
056349,道瓊銀元大9B購01,0,0,0,0,0,0,0,0,0,-88000,0,0,0,0,88000,-88000,-88000
057803,上銀元大98購08  ,0,0,0,0,0,0,0,0,0,-88000,0,0,0,0,88000,-88000,-88000
058062,上銀中信98購01  ,0,0,0,0,0,0,0,0,0,-88000,0,0,0,35000,123000,-88000,-88000
2006,東和鋼鐵        ,137000,225000,-88000,0,0,0,0,0,0,0,0,0,0,0,0,0,-88000
060195,旭富元富9A購02  ,0,0,0,0,0,0,0,0,0,-89000,0,0,0,0,89000,-89000,-89000
060859,鴻海永豐9A購01  ,0,0,0,0,0,0,0,0,0,-89000,0,0,0,0,89000,-89000,-89000
060503,技嘉元大9A購01  ,0,0,0,0,0,0,0,0,0,-89000,0,0,0,43000,132000,-89000,-89000
055393,華新科統一97購03,0,0,0,0,0,0,0,0,0,-89000,0,0,0,0,89000,-89000,-89000
058496,文曄群益99購01  ,0,0,0,0,0,0,0,0,0,-89000,0,0,0,11000,100000,-89000,-89000
052068,瑞儀兆豐96購01  ,0,0,0,0,0,0,0,0,0,-89000,0,0,0,5000,94000,-89000,-89000
056852,矽格元富98購01  ,0,0,0,0,0,0,0,0,0,-89000,0,0,0,40000,129000,-89000,-89000
2101,南港            ,330000,426000,-96000,0,0,0,0,0,0,7000,0,0,0,20000,13000,7000,-89000
060534,友達麥證9A購01  ,0,0,0,0,90000,-90000,0,0,0,-90000,0,0,0,0,90000,-90000,-90000
060616,宏碁元大9A購02  ,0,0,0,0,0,0,0,0,0,-90000,0,0,0,10000,100000,-90000,-90000
060661,台積電凱基9A購18,0,0,0,0,0,0,0,0,0,-90000,0,0,0,3000,93000,-90000,-90000
061092,可成統一9C購02  ,0,0,0,0,0,0,0,0,0,-90000,0,0,0,320000,410000,-90000,-90000
060992,健策元大9A購05  ,0,0,0,0,0,0,0,0,0,-90000,0,0,0,16000,106000,-90000,-90000
061614,亞德客群益9A購01,0,0,0,0,0,0,0,0,0,-90000,0,0,0,0,90000,-90000,-90000
061524,華通凱基9A購07  ,0,0,0,0,0,0,0,0,0,-90000,0,0,0,0,90000,-90000,-90000
062261,嘉晶元大9B購02  ,0,0,0,0,0,0,0,0,0,-90000,0,0,0,25000,115000,-90000,-90000
062218,燿華統一01購01  ,0,0,0,0,0,0,0,0,0,-90000,0,0,0,0,90000,-90000,-90000
050282,T50反1凱基97購01,0,0,0,0,0,0,0,0,0,-90000,0,0,0,0,90000,-90000,-90000
058275,S&P500中信9B購01,0,0,0,0,0,0,0,0,0,-90000,0,0,0,0,90000,-90000,-90000
054640,健策中信9B購01  ,0,0,0,0,0,0,0,0,0,-90000,0,0,0,0,90000,-90000,-90000
054025,鴻海凱基96購17  ,0,0,0,0,0,0,0,0,0,-90000,0,0,0,0,90000,-90000,-90000
054201,聯詠富邦97購02  ,0,0,0,0,0,0,0,0,0,-90000,0,0,0,50000,140000,-90000,-90000
057672,茂林元大98購02  ,0,0,0,0,0,0,0,0,0,-90000,0,0,0,0,90000,-90000,-90000
057705,臺股指群益98購05,0,0,0,0,0,0,0,0,0,-90000,0,0,0,40000,130000,-90000,-90000
057967,聯發科國泰9A購02,0,0,0,0,0,0,0,0,0,-90000,0,0,0,36000,126000,-90000,-90000
058598,T50反1元大99購04,0,0,0,0,0,0,0,0,0,-90000,0,0,0,0,90000,-90000,-90000
058560,T50反1凱基9A購04,0,0,0,0,0,0,0,0,0,-90000,0,0,0,0,90000,-90000,-90000
058576,南亞科群益99購01,0,0,0,0,0,0,0,0,0,-90000,0,0,0,88000,178000,-90000,-90000
058249,緯穎元大99購04  ,0,0,0,0,0,0,0,0,0,-90000,0,0,0,0,90000,-90000,-90000
057609,友訊元富98購01  ,0,0,0,0,0,0,0,0,0,-90000,0,0,0,138000,228000,-90000,-90000
055935,創意群益97購02  ,0,0,0,0,0,0,0,0,0,-90000,0,0,0,0,90000,-90000,-90000
056882,華邦電康和98購01,0,0,0,0,0,0,0,0,0,-90000,0,0,0,0,90000,-90000,-90000
057474,T50反1元大98購09,0,0,0,0,0,0,0,0,0,-90000,0,0,0,0,90000,-90000,-90000
057379,寶成元大98購02  ,0,0,0,0,0,0,0,0,0,-90000,0,0,0,0,90000,-90000,-90000
059082,華通元大99購06  ,0,0,0,0,0,0,0,0,0,-90000,0,0,0,100000,190000,-90000,-90000
07794P,智邦國票9A售03  ,0,0,0,0,0,0,0,0,0,-90000,0,0,0,32000,122000,-90000,-90000
061903,宏全永豐9B購01  ,0,0,0,0,0,0,0,0,0,-91000,0,0,0,0,91000,-91000,-91000
061606,景碩凱基9A購02  ,0,0,0,0,0,0,0,0,0,-91000,0,0,0,203000,294000,-91000,-91000
060361,南亞科元富9A購03,0,0,0,0,0,0,0,0,0,-91000,0,0,0,16000,107000,-91000,-91000
059645,祥碩凱基99購05  ,0,0,0,0,0,0,0,0,0,-91000,0,0,0,38000,129000,-91000,-91000
053431,志超永豐96購01  ,0,0,0,0,0,0,0,0,0,-91000,0,0,0,2000,93000,-91000,-91000
052562,南亞科日盛96購01,0,0,0,0,0,0,0,0,0,-91000,0,0,0,0,91000,-91000,-91000
055693,南茂凱基97購01  ,0,0,0,0,0,0,0,0,0,-91000,0,0,0,120000,211000,-91000,-91000
055647,義隆元富97購01  ,0,0,0,0,0,0,0,0,0,-91000,0,0,0,9000,100000,-91000,-91000
060092,瑞昱元大99購03  ,0,0,0,0,0,0,0,0,0,-92000,0,0,0,18000,110000,-92000,-92000
062234,廣達凱基9B購01  ,0,0,0,0,0,0,0,0,0,-92000,0,0,0,0,92000,-92000,-92000
051924,聯茂日盛95購01  ,0,0,0,0,0,0,0,0,0,-92000,0,0,0,2000,94000,-92000,-92000
052182,鴻海群益96購01  ,0,0,0,0,0,0,0,0,0,-92000,0,0,0,0,92000,-92000,-92000
05538P,玉晶光國票97售02,0,0,0,0,0,0,0,0,0,-92000,0,0,0,150000,242000,-92000,-92000
054384,瀚宇博群益96購02,0,0,0,0,0,0,0,0,0,-92000,0,0,0,10000,102000,-92000,-92000
058397,大成鋼元大99購02,0,0,0,0,0,0,0,0,0,-92000,0,0,0,110000,202000,-92000,-92000
057158,義隆永豐99購01  ,0,0,0,0,0,0,0,0,0,-92000,0,0,0,19000,111000,-92000,-92000
058004,大立光群益98購03,0,0,0,0,0,0,0,0,0,-92000,0,0,0,6000,98000,-92000,-92000
061923,友達凱基9B購04  ,0,0,0,0,0,0,0,0,0,-93000,0,0,0,0,93000,-93000,-93000
061799,奇鋐永豐9B購01  ,0,0,0,0,0,0,0,0,0,-93000,0,0,0,3000,96000,-93000,-93000
060324,台積電群益9B購02,0,0,0,0,0,0,0,0,0,-93000,0,0,0,6000,99000,-93000,-93000
060926,宏達電永豐9A購01,0,0,0,0,0,0,0,0,0,-93000,0,0,0,69000,162000,-93000,-93000
053598,日月光元大96購04,0,0,0,0,0,0,0,0,0,-93000,0,0,0,0,93000,-93000,-93000
051404,牧德永豐96購01  ,0,0,0,0,0,0,0,0,0,-93000,0,0,0,103000,196000,-93000,-93000
060472,中租元大9A購02  ,0,0,0,0,0,0,0,0,0,-94000,0,0,0,14000,108000,-94000,-94000
061693,華新科群益9B購02,0,0,0,0,0,0,0,0,0,-94000,0,0,0,22000,116000,-94000,-94000
061928,群創凱基9B購06  ,0,0,0,0,0,0,0,0,0,-94000,0,0,0,9000,103000,-94000,-94000
052104,英業達兆豐96購01,0,0,0,0,0,0,0,0,0,-94000,0,0,0,0,94000,-94000,-94000
052619,茂林國泰99購01  ,0,0,0,0,0,0,0,0,0,-94000,0,0,0,15000,109000,-94000,-94000
056614,智邦永豐98購01  ,0,0,0,0,0,0,0,0,0,-94000,0,0,0,2000,96000,-94000,-94000
056578,智易元大99購02  ,0,0,0,0,0,0,0,0,0,-94000,0,0,0,498000,592000,-94000,-94000
056567,瀚宇博群益98購02,0,0,0,0,0,0,0,0,0,-94000,0,0,0,15000,109000,-94000,-94000
056909,嘉聯益元大99購03,0,0,0,0,0,0,0,0,0,-94000,0,0,0,22000,116000,-94000,-94000
07830P,牧德凱基9A售03  ,0,0,0,0,0,0,0,0,0,-94000,0,0,0,0,94000,-94000,-94000
061446,鴻海中信04購01  ,0,0,0,0,0,0,0,0,0,-95000,0,0,0,3000,98000,-95000,-95000
059957,中信金康和99購01,0,0,0,0,0,0,0,0,0,-95000,0,0,0,0,95000,-95000,-95000
059729,群創元大9C購05  ,0,0,0,0,0,0,0,0,0,-95000,0,0,0,99000,194000,-95000,-95000
052234,GIS凱基97購01   ,0,0,0,0,0,0,0,0,0,-95000,0,0,0,0,95000,-95000,-95000
051667,光磊元大96購02  ,0,0,0,0,0,0,0,0,0,-95000,0,0,0,5000,100000,-95000,-95000
054169,上緯控凱基98購01,0,0,0,0,0,0,0,0,0,-95000,0,0,0,74000,169000,-95000,-95000
056939,康控元富98購01  ,0,0,0,0,0,0,0,0,0,-95000,0,0,0,161000,256000,-95000,-95000
056515,燿華兆豐99購01  ,0,0,0,0,0,0,0,0,0,-95000,0,0,0,0,95000,-95000,-95000
055762,智伸科群益97購01,0,0,0,0,0,0,0,0,0,-95000,0,0,0,45000,140000,-95000,-95000
058722,台郡元富99購01  ,0,0,0,0,0,0,0,0,0,-95000,0,0,0,103000,198000,-95000,-95000
057529,嘉晶元大99購02  ,0,0,0,0,0,0,0,0,0,-95000,0,0,0,18000,113000,-95000,-95000
059144,嘉晶國票9A購02  ,0,0,0,0,0,0,0,0,0,-95000,0,0,0,91000,186000,-95000,-95000
059157,元石油凱基9C購01,0,0,0,0,0,0,0,0,0,-95000,0,0,0,14000,109000,-95000,-95000
060579,上証2X群益9C購04,0,0,0,0,0,0,0,0,0,-96000,0,0,0,0,96000,-96000,-96000
061328,T50反1元大9A購12,0,0,0,0,0,0,0,0,0,-96000,0,0,0,0,96000,-96000,-96000
061373,華通富邦9A購02  ,0,0,0,0,0,0,0,0,0,-96000,0,0,0,12000,108000,-96000,-96000
062102,T50反1國票9B購07,0,0,0,0,0,0,0,0,0,-96000,0,0,0,0,96000,-96000,-96000
055092,開發金群益9B購01,0,0,0,0,0,0,0,0,0,-96000,0,0,0,11000,107000,-96000,-96000
052969,建準群益97購01  ,0,0,0,0,0,0,0,0,0,-96000,0,0,0,61000,157000,-96000,-96000
055320,建準國票98購01  ,0,0,0,0,0,0,0,0,0,-96000,0,0,0,14000,110000,-96000,-96000
054471,T50反1中信9C購01,0,0,0,0,0,0,0,0,0,-96000,0,0,0,91000,187000,-96000,-96000
051317,亞德客國票96購01,0,0,0,0,0,0,0,0,0,-96000,0,0,0,0,96000,-96000,-96000
057059,易華電元大99購01,0,0,0,0,0,0,0,0,0,-96000,0,0,0,0,96000,-96000,-96000
057830,T50反1台新02購02,0,0,0,0,0,0,0,0,0,-96000,0,0,0,0,96000,-96000,-96000
058804,T50反1統一9B購01,0,0,0,0,0,0,0,0,0,-96000,0,0,0,0,96000,-96000,-96000
057717,友訊元富98購02  ,0,0,0,0,0,0,0,0,0,-96000,0,0,0,22000,118000,-96000,-96000
056512,易華電永豐98購01,0,0,0,0,0,0,0,0,0,-96000,0,0,0,0,96000,-96000,-96000
2453,凌群            ,37000,134000,-97000,0,0,0,0,0,0,1000,1000,0,1000,0,0,0,-96000
061071,復盛凱基9A購01  ,0,0,0,0,0,0,0,0,0,-97000,0,0,0,0,97000,-97000,-97000
061202,和大元大9A購02  ,0,0,0,0,0,0,0,0,0,-97000,0,0,0,20000,117000,-97000,-97000
052691,GIS元大96購01   ,0,0,0,0,0,0,0,0,0,-97000,0,0,0,1000,98000,-97000,-97000
057733,嘉聯益國泰99購01,0,0,0,0,0,0,0,0,0,-97000,0,0,0,0,97000,-97000,-97000
055987,台表科元富97購01,0,0,0,0,0,0,0,0,0,-97000,0,0,0,27000,124000,-97000,-97000
061542,旺宏群益9A購04  ,0,0,0,0,0,0,0,0,0,-98000,0,0,0,0,98000,-98000,-98000
059516,TPK永豐99購01   ,0,0,0,0,0,0,0,0,0,-98000,0,0,0,55000,153000,-98000,-98000
052318,友達元大98購01  ,0,0,0,0,0,0,0,0,0,-98000,0,0,0,0,98000,-98000,-98000
053935,華通元富96購02  ,0,0,0,0,0,0,0,0,0,-98000,0,0,0,23000,121000,-98000,-98000
055305,旺宏群益99購01  ,0,0,0,0,0,0,0,0,0,-98000,0,0,0,1000,99000,-98000,-98000
053503,臻鼎兆豐97購01  ,0,0,0,0,0,0,0,0,0,-98000,0,0,0,2000,100000,-98000,-98000
057934,華新科群益98購07,0,0,0,0,0,0,0,0,0,-98000,0,0,0,0,98000,-98000,-98000
058580,華新科群益99購02,0,0,0,0,0,0,0,0,0,-98000,0,0,0,0,98000,-98000,-98000
058674,宏達電群益99購01,0,0,0,0,0,0,0,0,0,-98000,0,0,0,2000,100000,-98000,-98000
056674,華邦電元富98購01,0,0,0,0,0,0,0,0,0,-98000,0,0,0,0,98000,-98000,-98000
055730,建準元富97購02  ,0,0,0,0,0,0,0,0,0,-98000,0,0,0,200000,298000,-98000,-98000
060996,臻鼎元大9A購01  ,0,0,0,0,0,0,0,0,0,-99000,0,0,0,23000,122000,-99000,-99000
054569,GIS群益98購01   ,0,0,0,0,0,0,0,0,0,-99000,0,0,0,0,99000,-99000,-99000
053875,GIS元大97購01   ,0,0,0,0,0,0,0,0,0,-99000,0,0,0,18000,117000,-99000,-99000
057202,TPK元富98購02   ,0,0,0,0,0,0,0,0,0,-99000,0,0,0,31000,130000,-99000,-99000
059463,台灣50元大9C購07,0,0,0,0,0,0,0,0,0,-99000,0,0,0,0,99000,-99000,-99000
6414,樺漢            ,75000,176312,-101312,0,0,0,0,0,0,2000,11000,14000,-3000,7000,2000,5000,-99312
061399,喬山兆豐9B購01  ,0,0,0,0,0,0,0,0,0,-100000,0,0,0,40000,140000,-100000,-100000
062106,華邦電國票9B購02,0,0,0,0,0,0,0,0,0,-100000,0,0,0,0,100000,-100000,-100000
062093,台積電富邦9C購11,0,0,0,0,0,0,0,0,0,-100000,0,0,0,0,100000,-100000,-100000
061960,國巨統一01購05  ,0,0,0,0,0,0,0,0,0,-100000,0,0,0,15000,115000,-100000,-100000
060431,復盛永豐9A購01  ,0,0,0,0,0,0,0,0,0,-100000,0,0,0,0,100000,-100000,-100000
060759,南亞科元大9A購03,0,0,0,0,0,0,0,0,0,-100000,0,0,0,0,100000,-100000,-100000
050846,緯創國票96購01  ,0,0,0,0,0,0,0,0,0,-100000,0,0,0,0,100000,-100000,-100000
054001,康友群益96購02  ,0,0,0,0,0,0,0,0,0,-100000,0,0,0,0,100000,-100000,-100000
054950,奇力新元大98購02,0,0,0,0,0,0,0,0,0,-100000,0,0,0,0,100000,-100000,-100000
052084,台泥元大95購01  ,0,0,0,0,0,0,0,0,0,-100000,0,0,0,0,100000,-100000,-100000
051842,大成鋼富邦97購01,0,0,0,0,0,0,0,0,0,-100000,0,0,0,0,100000,-100000,-100000
052629,訊芯中信99購01  ,0,0,0,0,0,0,0,0,0,-100000,0,0,0,0,100000,-100000,-100000
049973,T50反1日盛9A購01,0,0,0,0,0,0,0,0,0,-100000,0,0,0,1000,101000,-100000,-100000
058195,鈺齊永豐99購01  ,0,0,0,0,0,0,0,0,0,-100000,0,0,0,0,100000,-100000,-100000
053583,漢唐元大96購03  ,0,0,0,0,0,0,0,0,0,-100000,0,0,0,0,100000,-100000,-100000
055216,友達凱基98購05  ,0,0,0,0,0,0,0,0,0,-100000,0,0,0,0,100000,-100000,-100000
055043,中砂永豐97購01  ,0,0,0,0,0,0,0,0,0,-100000,0,0,0,0,100000,-100000,-100000
055332,奇力新兆豐98購01,0,0,0,0,0,0,0,0,0,-100000,0,0,0,0,100000,-100000,-100000
055385,昇陽半元大98購01,0,0,0,0,0,0,0,0,0,-100000,0,0,0,0,100000,-100000,-100000
059354,臺指反富邦9B購01,0,0,0,0,0,0,0,0,0,-100000,0,0,0,0,100000,-100000,-100000
05923P,旺宏元富96售05  ,0,0,0,0,0,0,0,0,0,-100000,0,0,0,0,100000,-100000,-100000
058531,華通元富99購01  ,0,0,0,0,0,0,0,0,0,-100000,0,0,0,40000,140000,-100000,-100000
058017,漢唐凱基99購01  ,0,0,0,0,0,0,0,0,0,-100000,0,0,0,0,100000,-100000,-100000
055665,亞德客群益97購01,0,0,0,0,0,0,0,0,0,-100000,0,0,0,0,100000,-100000,-100000
055528,華邦電群益97購01,0,0,0,0,0,0,0,0,0,-100000,0,0,0,0,100000,-100000,-100000
056650,彩晶凱基9A購01  ,0,0,0,0,0,0,0,0,0,-100000,0,0,0,0,100000,-100000,-100000
056308,TPK元大97購02   ,0,0,0,0,0,0,0,0,0,-100000,0,0,0,0,100000,-100000,-100000
057936,健策群益99購01  ,0,0,0,0,0,0,0,0,0,-100000,0,0,0,0,100000,-100000,-100000
057748,華通國票98購04  ,0,0,0,0,0,0,0,0,0,-100000,0,0,0,50000,150000,-100000,-100000
055963,欣興元大97購04  ,0,0,0,0,0,0,0,0,0,-100000,0,0,0,30000,130000,-100000,-100000
07729P,臺股指凱基9A售21,0,0,0,0,0,0,0,0,0,-100000,0,0,0,20000,120000,-100000,-100000
07355P,臺股指國票99售23,0,0,0,0,0,0,0,0,0,-100000,0,0,0,0,100000,-100000,-100000
060730,台積電群益9A購03,0,0,0,0,0,0,0,0,0,-101000,0,0,0,6000,107000,-101000,-101000
060430,和潤永豐9A購01  ,0,0,0,0,0,0,0,0,0,-101000,0,0,0,10000,111000,-101000,-101000
060196,泰鼎元富9A購01  ,0,0,0,0,0,0,0,0,0,-101000,0,0,0,68000,169000,-101000,-101000
060306,台肥永豐9A購01  ,0,0,0,0,0,0,0,0,0,-101000,0,0,0,127000,228000,-101000,-101000
061892,亞德客永豐9B購01,0,0,0,0,0,0,0,0,0,-101000,0,0,0,0,101000,-101000,-101000
061456,玉晶光凱基9B購05,0,0,0,0,0,0,0,0,0,-101000,0,0,0,22000,123000,-101000,-101000
054693,神基永豐97購01  ,0,0,0,0,0,0,0,0,0,-101000,0,0,0,0,101000,-101000,-101000
00647L,元大S&P500正2   ,0,37000,-37000,0,0,0,0,0,0,-64000,0,0,0,297000,361000,-64000,-101000
057383,玉晶光富邦9A購01,0,0,0,0,0,0,0,0,0,-101000,0,0,0,444000,545000,-101000,-101000
056984,嘉晶群益98購01  ,0,0,0,0,0,0,0,0,0,-101000,0,0,0,102000,203000,-101000,-101000
07218P,臺股指凱基99售31,0,0,0,0,0,0,0,0,0,-101000,0,0,0,9000,110000,-101000,-101000
06914P,南茂元大98售03  ,0,0,0,0,0,0,0,0,0,-101000,0,0,0,55000,156000,-101000,-101000
061820,康控群益9B購02  ,0,0,0,0,0,0,0,0,0,-102000,0,0,0,150000,252000,-102000,-102000
060957,SP黃豆凱基9A購04,0,0,0,0,0,0,0,0,0,-102000,0,0,0,95000,197000,-102000,-102000
060850,康友國票9A購03  ,0,0,0,0,0,0,0,0,0,-102000,0,0,0,0,102000,-102000,-102000
053958,京元電永豐96購01,0,0,0,0,0,0,0,0,0,-102000,0,0,0,54000,156000,-102000,-102000
053062,緯穎富邦97購01  ,0,0,0,0,0,0,0,0,0,-102000,0,0,0,0,102000,-102000,-102000
057662,上銀元大9A購01  ,0,0,0,0,0,0,0,0,0,-102000,0,0,0,3000,105000,-102000,-102000
061853,晶技國票9B購02  ,0,0,0,0,0,0,0,0,0,-103000,0,0,0,13000,116000,-103000,-103000
061133,玉晶光第一9A購01,0,0,0,0,0,0,0,0,0,-103000,0,0,0,263000,366000,-103000,-103000
055127,台虹兆豐97購01  ,0,0,0,0,0,0,0,0,0,-103000,0,0,0,156000,259000,-103000,-103000
051902,T50反1元大97購01,0,0,0,0,0,0,0,0,0,-103000,0,0,0,0,103000,-103000,-103000
055725,嘉聯益元大98購03,0,0,0,0,0,0,0,0,0,-103000,0,0,0,147000,250000,-103000,-103000
056065,奇鋐元大97購01  ,0,0,0,0,0,0,0,0,0,-103000,0,0,0,52000,155000,-103000,-103000
2430,燦坤            ,22000,126000,-104000,0,0,0,0,0,0,1000,1000,0,1000,0,0,0,-103000
2530,華建            ,7000,110000,-103000,0,0,0,0,0,0,0,0,0,0,0,0,0,-103000
061090,奇力新統一9C購01,0,0,0,0,0,0,0,0,0,-104000,0,0,0,0,104000,-104000,-104000
061378,南六永豐9A購03  ,0,0,0,0,0,0,0,0,0,-104000,0,0,0,99000,203000,-104000,-104000
058193,緯穎永豐99購01  ,0,0,0,0,0,0,0,0,0,-104000,0,0,0,0,104000,-104000,-104000
054367,鴻海中信98購03  ,0,0,0,0,0,0,0,0,0,-104000,0,0,0,0,104000,-104000,-104000
058878,旭富國泰9B購01  ,0,0,0,0,0,0,0,0,0,-104000,0,0,0,53000,157000,-104000,-104000
057701,嘉聯益群益98購02,0,0,0,0,0,0,0,0,0,-104000,0,0,0,99000,203000,-104000,-104000
057269,鈺齊兆豐98購01  ,0,0,0,0,0,0,0,0,0,-104000,0,0,0,0,104000,-104000,-104000
06730P,祥碩元大98售07  ,0,0,0,0,0,0,0,0,0,-104000,0,0,0,10000,114000,-104000,-104000
06467P,旺宏統一98售01  ,0,0,0,0,0,0,0,0,0,-104000,0,0,0,16000,120000,-104000,-104000
2454,聯發科          ,3421010,3564203,-143193,0,0,0,58000,21000,37000,2000,66000,68000,-2000,17000,13000,4000,-104193
060470,台勝科元大9A購03,0,0,0,0,0,0,0,0,0,-105000,0,0,0,2000,107000,-105000,-105000
053409,和碩兆豐96購02  ,0,0,0,0,0,0,0,0,0,-105000,0,0,0,57000,162000,-105000,-105000
057437,可成國票99購01  ,0,0,0,0,0,0,0,0,0,-105000,0,0,0,0,105000,-105000,-105000
059139,全新兆豐9A購01  ,0,0,0,0,0,0,0,0,0,-105000,0,0,0,178000,283000,-105000,-105000
056791,嘉聯益群益98購01,0,0,0,0,0,0,0,0,0,-105000,0,0,0,107000,212000,-105000,-105000
07260P,台灣50元大9A售01,0,0,0,0,0,0,0,0,0,-105000,0,0,0,0,105000,-105000,-105000
07407P,欣興凱基99售07  ,0,0,0,0,0,0,0,0,0,-105000,0,0,0,225000,330000,-105000,-105000
07768P,緯穎群益9A售02  ,0,0,0,0,0,0,0,0,0,-105000,0,0,0,0,105000,-105000,-105000
060124,奇力新永豐99購03,0,0,0,0,0,0,0,0,0,-106000,0,0,0,40000,146000,-106000,-106000
061023,茂林國泰9B購02  ,0,0,0,0,0,0,0,0,0,-106000,0,0,0,10000,116000,-106000,-106000
061701,友達國票9B購02  ,0,0,0,0,0,0,0,0,0,-106000,0,0,0,0,106000,-106000,-106000
061690,旺宏群益9A購05  ,0,0,0,0,0,0,0,0,0,-106000,0,0,0,0,106000,-106000,-106000
054527,國巨統一97購03  ,0,0,0,0,0,0,0,0,0,-106000,0,0,0,245000,351000,-106000,-106000
00739,元大MSCI A股    ,0,1000,-1000,0,0,0,0,0,0,-105000,0,0,0,222000,327000,-105000,-106000
058748,景碩凱基9A購01  ,0,0,0,0,0,0,0,0,0,-106000,0,0,0,117000,223000,-106000,-106000
056989,鴻海兆豐98購02  ,0,0,0,0,0,0,0,0,0,-106000,0,0,0,105000,211000,-106000,-106000
07731P,臺股指凱基9A售28,0,0,0,0,0,0,0,0,0,-106000,0,0,0,110000,216000,-106000,-106000
059934,華通永豐99購02  ,0,0,0,0,0,0,0,0,0,-107000,0,0,0,2000,109000,-107000,-107000
060896,晶技凱基9A購02  ,0,0,0,0,0,0,0,0,0,-107000,0,0,0,427000,534000,-107000,-107000
054897,信錦康和97購01  ,0,0,0,0,0,0,0,0,0,-107000,0,0,0,0,107000,-107000,-107000
050515,聯電元大96購01  ,0,0,0,0,0,0,0,0,0,-107000,0,0,0,0,107000,-107000,-107000
058201,華通凱基9A購01  ,0,0,0,0,0,0,0,0,0,-107000,0,0,0,43000,150000,-107000,-107000
058711,鴻海統一9A購02  ,0,0,0,0,0,0,0,0,0,-107000,0,0,0,2000,109000,-107000,-107000
056638,臺股指日盛98購01,0,0,0,0,0,0,0,0,0,-107000,0,0,0,561000,668000,-107000,-107000
1710,東聯            ,387000,494000,-107000,0,0,0,0,0,0,0,0,0,0,0,0,0,-107000
07145P,為升元大99售03  ,0,0,0,0,0,0,0,0,0,-107000,0,0,0,12000,119000,-107000,-107000
059678,鴻海國泰9A購03  ,0,0,0,0,0,0,0,0,0,-108000,0,0,0,74000,182000,-108000,-108000
055403,泰鼎元富97購01  ,0,0,0,0,0,0,0,0,0,-108000,0,0,0,13000,121000,-108000,-108000
057276,全新元大99購03  ,0,0,0,0,0,0,0,0,0,-108000,0,0,0,122000,230000,-108000,-108000
056287,亞光永豐97購02  ,0,0,0,0,0,0,0,0,0,-108000,0,0,0,0,108000,-108000,-108000
07281P,鴻海凱基99售13  ,0,0,0,0,0,0,0,0,0,-108000,0,0,0,1000,109000,-108000,-108000
060129,祥碩永豐99購03  ,0,0,0,0,0,0,0,0,0,-109000,0,0,0,10000,119000,-109000,-109000
061754,晶技麥證9B購01  ,0,0,0,0,109000,-109000,0,0,0,-109000,0,0,0,0,109000,-109000,-109000
062069,喬山元大9B購01  ,0,0,0,0,0,0,0,0,0,-109000,0,0,0,0,109000,-109000,-109000
061562,群創國票9B購01  ,0,0,0,0,0,0,0,0,0,-109000,0,0,0,18000,127000,-109000,-109000
054655,貿聯麥證98購01  ,0,0,0,0,109000,-109000,0,0,0,-109000,0,0,0,0,109000,-109000,-109000
057506,聯鈞國票99購02  ,0,0,0,0,0,0,0,0,0,-109000,0,0,0,1000,110000,-109000,-109000
056883,美食康和98購01  ,0,0,0,0,0,0,0,0,0,-109000,0,0,0,0,109000,-109000,-109000
061339,京元電元大9A購05,0,0,0,0,0,0,0,0,0,-110000,0,0,0,2000,112000,-110000,-110000
061147,上証2X群益9C購06,0,0,0,0,0,0,0,0,0,-110000,0,0,0,0,110000,-110000,-110000
060907,金像電元大9A購02,0,0,0,0,0,0,0,0,0,-110000,0,0,0,57000,167000,-110000,-110000
055120,南港兆豐97購01  ,0,0,0,0,0,0,0,0,0,-110000,0,0,0,0,110000,-110000,-110000
055763,鎧勝群益97購01  ,0,0,0,0,0,0,0,0,0,-110000,0,0,0,20000,130000,-110000,-110000
055856,新唐元大97購03  ,0,0,0,0,0,0,0,0,0,-110000,0,0,0,0,110000,-110000,-110000
07868P,健策元大9B售05  ,0,0,0,0,0,0,0,0,0,-110000,0,0,0,11000,121000,-110000,-110000
060395,儒鴻國票9A購01  ,0,0,0,0,0,0,0,0,0,-111000,0,0,0,17000,128000,-111000,-111000
061320,奇力新凱基9A購04,0,0,0,0,0,0,0,0,0,-111000,0,0,0,1000,112000,-111000,-111000
061306,瑞祺永豐9A購02  ,0,0,0,0,0,0,0,0,0,-111000,0,0,0,55000,166000,-111000,-111000
061464,瑞昱群益9A購01  ,0,0,0,0,0,0,0,0,0,-111000,0,0,0,30000,141000,-111000,-111000
062176,元金2X元大9B購01,0,0,0,0,0,0,0,0,0,-111000,0,0,0,0,111000,-111000,-111000
061926,晶技凱基9B購02  ,0,0,0,0,0,0,0,0,0,-111000,0,0,0,10000,121000,-111000,-111000
058455,玉晶光永豐99購03,0,0,0,0,0,0,0,0,0,-111000,0,0,0,30000,141000,-111000,-111000
051539,瀚宇博國票97購01,0,0,0,0,0,0,0,0,0,-111000,0,0,0,0,111000,-111000,-111000
057638,上銀元大99購01  ,0,0,0,0,0,0,0,0,0,-111000,0,0,0,22000,133000,-111000,-111000
056980,建準群益98購02  ,0,0,0,0,0,0,0,0,0,-111000,0,0,0,18000,129000,-111000,-111000
4746,台耀            ,1786000,1897000,-111000,0,0,0,0,0,0,0,6000,6000,0,0,0,0,-111000
061742,奇鋐凱基9B購01  ,0,0,0,0,0,0,0,0,0,-112000,0,0,0,0,112000,-112000,-112000
061571,奇力新元大9A購03,0,0,0,0,0,0,0,0,0,-112000,0,0,0,100000,212000,-112000,-112000
060761,南亞科元大9A購05,0,0,0,0,0,0,0,0,0,-112000,0,0,0,3000,115000,-112000,-112000
059722,南亞科元大99購02,0,0,0,0,0,0,0,0,0,-112000,0,0,0,1000,113000,-112000,-112000
059765,嘉聯益永豐99購02,0,0,0,0,0,0,0,0,0,-112000,0,0,0,26000,138000,-112000,-112000
055951,大成鋼元大97購02,0,0,0,0,0,0,0,0,0,-112000,0,0,0,0,112000,-112000,-112000
058648,聯陽永豐99購01  ,0,0,0,0,0,0,0,0,0,-112000,0,0,0,18000,130000,-112000,-112000
058584,百和群益9A購01  ,0,0,0,0,0,0,0,0,0,-112000,0,0,0,0,112000,-112000,-112000
060060,台積電兆豐99購05,0,0,0,0,0,0,0,0,0,-113000,0,0,0,6000,119000,-113000,-113000
060835,亞德客國票9A購01,0,0,0,0,0,0,0,0,0,-113000,0,0,0,0,113000,-113000,-113000
060352,滬深2X元富9A購02,0,0,0,0,0,0,0,0,0,-113000,0,0,0,315000,428000,-113000,-113000
061102,台積電元大9A購22,0,0,0,0,0,0,0,0,0,-113000,0,0,0,7000,120000,-113000,-113000
061893,鴻海永豐9B購01  ,0,0,0,0,0,0,0,0,0,-113000,0,0,0,0,113000,-113000,-113000
058816,祥碩台新99購02  ,80000,0,80000,0,0,0,0,0,0,-193000,0,0,0,0,193000,-193000,-113000
057172,南亞科元大98購03,0,0,0,0,0,0,0,0,0,-113000,0,0,0,0,113000,-113000,-113000
056190,昇陽半統一97購01,0,0,0,0,0,0,0,0,0,-113000,0,0,0,71000,184000,-113000,-113000
056267,文曄統一97購02  ,0,0,0,0,0,0,0,0,0,-113000,0,0,0,19000,132000,-113000,-113000
5534,長虹            ,95000,199000,-104000,0,0,0,0,0,0,-9000,2000,11000,-9000,0,0,0,-113000
061274,臺股指凱基9A購24,0,0,0,0,0,0,0,0,0,-114000,0,0,0,100000,214000,-114000,-114000
057698,奇力新群益98購02,0,0,0,0,0,0,0,0,0,-114000,0,0,0,0,114000,-114000,-114000
4137,麗豐-KY         ,68000,139000,-71000,0,0,0,0,0,0,-43000,5000,45000,-40000,1000,4000,-3000,-114000
061844,T50反1國票9C購02,0,0,0,0,0,0,0,0,0,-115000,0,0,0,0,115000,-115000,-115000
061713,華邦電凱基9A購01,0,0,0,0,0,0,0,0,0,-115000,0,0,0,0,115000,-115000,-115000
060505,友達元大9C購05  ,0,0,0,0,0,0,0,0,0,-115000,0,0,0,13000,128000,-115000,-115000
060099,宏達電元大99購09,0,0,0,0,0,0,0,0,0,-115000,0,0,0,12000,127000,-115000,-115000
051985,智邦元大95購05  ,0,0,0,0,0,0,0,0,0,-115000,0,0,0,5000,120000,-115000,-115000
056113,新日興兆豐98購01,0,0,0,0,0,0,0,0,0,-115000,0,0,0,0,115000,-115000,-115000
07698P,臺股指元大9A售51,0,0,0,0,0,0,0,0,0,-115000,0,0,0,0,115000,-115000,-115000
07612P,國巨國泰9B售06  ,0,0,0,0,0,0,0,0,0,-115000,0,0,0,6000,121000,-115000,-115000
060731,奇力新群益9A購01,0,0,0,0,0,0,0,0,0,-116000,0,0,0,3000,119000,-116000,-116000
061873,友達元大9C購07  ,0,0,0,0,0,0,0,0,0,-116000,0,0,0,0,116000,-116000,-116000
055458,燿華永豐98購01  ,0,0,0,0,0,0,0,0,0,-116000,0,0,0,0,116000,-116000,-116000
06994P,台光電凱基99售02,0,0,0,0,0,0,0,0,0,-116000,0,0,0,0,116000,-116000,-116000
061800,泰鼎永豐9B購01  ,0,0,0,0,0,0,0,0,0,-117000,0,0,0,21000,138000,-117000,-117000
06454P,緯穎元大98售04  ,0,0,0,0,0,0,0,0,0,-117000,0,0,0,107000,224000,-117000,-117000
060480,億豐元大9A購02  ,0,0,0,0,0,0,0,0,0,-117000,0,0,0,0,117000,-117000,-117000
055058,大毅永豐97購01  ,0,0,0,0,0,0,0,0,0,-117000,0,0,0,3000,120000,-117000,-117000
055203,建準中信97購01  ,0,0,0,0,0,0,0,0,0,-117000,0,0,0,125000,242000,-117000,-117000
055497,開發金元大97購01,0,0,0,0,0,0,0,0,0,-117000,0,0,0,40000,157000,-117000,-117000
2392,正崴            ,821000,791000,30000,0,0,0,0,322000,-322000,175000,45000,8000,37000,150000,12000,138000,-117000
060416,神隆永豐9A購01  ,0,0,0,0,0,0,0,0,0,-118000,0,0,0,52000,170000,-118000,-118000
059834,友達國泰9B購01  ,0,0,0,0,0,0,0,0,0,-118000,0,0,0,105000,223000,-118000,-118000
061946,鴻海群益9B購03  ,0,0,0,0,0,0,0,0,0,-118000,0,0,0,41000,159000,-118000,-118000
058143,瑞儀元大99購02  ,0,0,0,0,0,0,0,0,0,-118000,0,0,0,234000,352000,-118000,-118000
052203,T50反1中信99購03,0,0,0,0,0,0,0,0,0,-118000,0,0,0,329000,447000,-118000,-118000
00650L,FH香港正2       ,2000,20000,-18000,0,0,0,0,0,0,-100000,0,0,0,231000,331000,-100000,-118000
056234,GIS麥證97購01   ,0,0,0,0,118000,-118000,0,0,0,-118000,0,0,0,0,118000,-118000,-118000
057878,台郡元大99購04  ,0,0,0,0,0,0,0,0,0,-118000,0,0,0,6000,124000,-118000,-118000
4919,新唐            ,202000,304000,-102000,0,0,0,0,0,0,-16000,100000,100000,0,1000,17000,-16000,-118000
060499,鴻海元大9A購11  ,0,0,0,0,0,0,0,0,0,-119000,0,0,0,63000,182000,-119000,-119000
056860,正崴群益98購01  ,0,0,0,0,0,0,0,0,0,-119000,0,0,0,51000,170000,-119000,-119000
056821,日電貿永豐98購01,0,0,0,0,0,0,0,0,0,-119000,0,0,0,27000,146000,-119000,-119000
2642,宅配通          ,25000,144000,-119000,0,0,0,0,0,0,0,0,0,0,0,0,0,-119000
060809,康友群益9A購01  ,0,0,0,0,0,0,0,0,0,-120000,0,0,0,51000,171000,-120000,-120000
060785,國巨富邦9B購04  ,0,0,0,0,0,0,0,0,0,-120000,0,0,0,20000,140000,-120000,-120000
060675,南亞科元大9A購02,0,0,0,0,0,0,0,0,0,-120000,0,0,0,0,120000,-120000,-120000
062209,台積電台新9B購05,0,0,0,0,0,0,0,0,0,-120000,0,0,0,0,120000,-120000,-120000
061340,義隆元大9A購01  ,0,0,0,0,0,0,0,0,0,-120000,0,0,0,34000,154000,-120000,-120000
03412P,滬深2X群益98售01,0,0,0,0,0,0,0,0,0,-120000,0,0,0,0,120000,-120000,-120000
055396,瑞儀統一97購01  ,0,0,0,0,0,0,0,0,0,-120000,0,0,0,0,120000,-120000,-120000
056803,群創台新99購02  ,0,0,0,0,0,0,0,0,0,-120000,0,0,0,0,120000,-120000,-120000
058781,康友國票9A購01  ,0,0,0,0,0,0,0,0,0,-120000,0,0,0,36000,156000,-120000,-120000
056971,麗豐永豐98購01  ,0,0,0,0,0,0,0,0,0,-120000,0,0,0,68000,188000,-120000,-120000
059185,臺股指台新99購12,0,0,0,0,0,0,0,0,0,-120000,0,0,0,0,120000,-120000,-120000
07234P,台灣50元大9B售04,0,0,0,0,0,0,0,0,0,-120000,0,0,0,0,120000,-120000,-120000
060686,康友元大9A購02  ,0,0,0,0,0,0,0,0,0,-121000,0,0,0,0,121000,-121000,-121000
060084,聯電元大99購02  ,0,0,0,0,0,0,0,0,0,-121000,0,0,0,14000,135000,-121000,-121000
055171,凱美統一97購01  ,0,0,0,0,0,0,0,0,0,-121000,0,0,0,0,121000,-121000,-121000
057077,國巨統一98購06  ,0,0,0,0,0,0,0,0,0,-121000,0,0,0,10000,131000,-121000,-121000
057173,南亞科元大98購04,0,0,0,0,0,0,0,0,0,-121000,0,0,0,210000,331000,-121000,-121000
059685,T50正2永豐99購02,0,0,0,0,0,0,0,0,0,-122000,0,0,0,0,122000,-122000,-122000
061484,華通兆豐9B購01  ,0,0,0,0,0,0,0,0,0,-122000,0,0,0,0,122000,-122000,-122000
062040,玉晶光凱基01購01,0,0,0,0,0,0,0,0,0,-122000,0,0,0,98000,220000,-122000,-122000
056318,鴻海群益98購02  ,0,0,0,0,0,0,0,0,0,-122000,0,0,0,0,122000,-122000,-122000
057671,群創元大9B購06  ,0,0,0,0,0,0,0,0,0,-122000,0,0,0,0,122000,-122000,-122000
056769,國產元大98購01  ,0,0,0,0,0,0,0,0,0,-122000,0,0,0,0,122000,-122000,-122000
062037,華新凱基9B購01  ,0,0,0,0,0,0,0,0,0,-123000,0,0,0,0,123000,-123000,-123000
062038,鴻海凱基9B購05  ,0,0,0,0,0,0,0,0,0,-123000,0,0,0,173000,296000,-123000,-123000
061843,億豐凱基9C購01  ,0,0,0,0,0,0,0,0,0,-123000,0,0,0,0,123000,-123000,-123000
061266,國泰金凱基9B購01,0,0,0,0,0,0,0,0,0,-123000,0,0,0,0,123000,-123000,-123000
060742,臺指反國票9B購02,0,0,0,0,0,0,0,0,0,-123000,0,0,0,0,123000,-123000,-123000
054862,群光群益97購01  ,0,0,0,0,0,0,0,0,0,-123000,0,0,0,5000,128000,-123000,-123000
055421,玉晶光永豐98購04,0,0,0,0,0,0,0,0,0,-123000,0,0,0,30000,153000,-123000,-123000
057883,中環群益98購01  ,0,0,0,0,0,0,0,0,0,-123000,0,0,0,136000,259000,-123000,-123000
057993,中環中信98購01  ,0,0,0,0,0,0,0,0,0,-123000,0,0,0,0,123000,-123000,-123000
059793,滬深2X國票99購03,0,0,0,0,0,0,0,0,0,-124000,0,0,0,0,124000,-124000,-124000
061289,玉晶光統一01購03,0,0,0,0,0,0,0,0,0,-124000,0,0,0,221000,345000,-124000,-124000
061001,智邦兆豐9B購01  ,0,0,0,0,0,0,0,0,0,-124000,0,0,0,65000,189000,-124000,-124000
061609,華新科統一9C購01,0,0,0,0,0,0,0,0,0,-124000,0,0,0,92000,216000,-124000,-124000
00663L,國泰臺灣加權正2 ,0,0,0,0,0,0,0,0,0,-124000,0,0,0,61000,185000,-124000,-124000
055059,健和興永豐97購01,0,0,0,0,0,0,0,0,0,-124000,0,0,0,0,124000,-124000,-124000
056241,緯創群益97購01  ,0,0,0,0,0,0,0,0,0,-124000,0,0,0,66000,190000,-124000,-124000
052326,滬深反中信99購01,0,0,0,0,0,0,0,0,0,-125000,0,0,0,45000,170000,-125000,-125000
051752,緯穎富邦96購01  ,0,0,0,0,0,0,0,0,0,-125000,0,0,0,15000,140000,-125000,-125000
051903,T50反1元大97購02,0,0,0,0,0,0,0,0,0,-125000,0,0,0,0,125000,-125000,-125000
057174,南亞科元大98購05,0,0,0,0,0,0,0,0,0,-125000,0,0,0,0,125000,-125000,-125000
057574,中磊永豐98購01  ,0,0,0,0,0,0,0,0,0,-125000,0,0,0,0,125000,-125000,-125000
058622,國巨國票99購07  ,0,0,0,0,0,0,0,0,0,-125000,0,0,0,300000,425000,-125000,-125000
058771,神達兆豐99購01  ,0,0,0,0,0,0,0,0,0,-125000,0,0,0,38000,163000,-125000,-125000
1460,宏遠            ,359000,484000,-125000,0,0,0,0,0,0,0,0,0,0,0,0,0,-125000
060012,電子類群益99購02,0,0,0,0,0,0,0,0,0,-126000,0,0,0,0,126000,-126000,-126000
060958,儒鴻凱基9A購02  ,0,0,0,0,0,0,0,0,0,-126000,0,0,0,110000,236000,-126000,-126000
2231,為升            ,278000,460435,-182435,0,0,0,15000,0,15000,41000,8000,0,8000,53000,20000,33000,-126435
2385,群光            ,1527000,1059947,467053,0,0,0,0,581000,-581000,-13000,1000,0,1000,0,14000,-14000,-126947
061363,儒鴻國票9B購01  ,0,0,0,0,0,0,0,0,0,-127000,0,0,0,0,127000,-127000,-127000
061681,南電元大9A購08  ,0,0,0,0,0,0,0,0,0,-127000,0,0,0,118000,245000,-127000,-127000
046061,中石化凱基98購01,0,0,0,0,0,0,0,0,0,-127000,0,0,0,80000,207000,-127000,-127000
059176,臺股指凱基99購27,0,0,0,0,0,0,0,0,0,-127000,0,0,0,33000,160000,-127000,-127000
2548,華固            ,158000,282000,-124000,0,0,0,0,0,0,-3000,0,0,0,0,3000,-3000,-127000
061336,國巨元大9A購20  ,0,0,0,0,0,0,0,0,0,-128000,0,0,0,66000,194000,-128000,-128000
060861,漢唐永豐9A購01  ,0,0,0,0,0,0,0,0,0,-128000,0,0,0,33000,161000,-128000,-128000
059847,喬山永豐99購01  ,0,0,0,0,0,0,0,0,0,-128000,0,0,0,0,128000,-128000,-128000
057298,旭富永豐98購01  ,0,0,0,0,0,0,0,0,0,-128000,0,0,0,100000,228000,-128000,-128000
055748,GIS元富97購01   ,0,0,0,0,0,0,0,0,0,-128000,0,0,0,0,128000,-128000,-128000
06765P,欣興元大98售11  ,0,0,0,0,0,0,0,0,0,-128000,0,0,0,84000,212000,-128000,-128000
062191,台郡元大9B購05  ,0,0,0,0,0,0,0,0,0,-129000,0,0,0,13000,142000,-129000,-129000
061435,元金2X凱基9C購03,0,0,0,0,0,0,0,0,0,-130000,0,0,0,0,130000,-130000,-130000
059742,富邦金元富99購01,0,0,0,0,0,0,0,0,0,-130000,0,0,0,30000,160000,-130000,-130000
060108,泰鼎元大99購04  ,0,0,0,0,0,0,0,0,0,-130000,0,0,0,8000,138000,-130000,-130000
06015P,大立光富邦98售04,0,0,0,0,0,0,0,0,0,-130000,0,0,0,0,130000,-130000,-130000
060648,鴻海第一9A購01  ,0,0,0,0,0,0,0,0,0,-130000,0,0,0,118000,248000,-130000,-130000
03442B,臺股指元大9A熊48,0,0,0,0,0,0,0,0,0,-130000,0,0,0,134000,264000,-130000,-130000
056487,康友元大98購01  ,0,0,0,0,0,0,0,0,0,-130000,0,0,0,0,130000,-130000,-130000
057828,緯穎元大99購02  ,0,0,0,0,0,0,0,0,0,-130000,0,0,0,30000,160000,-130000,-130000
07059P,華通國票9A售02  ,0,0,0,0,0,0,0,0,0,-130000,0,0,0,10000,140000,-130000,-130000
060029,嘉晶永豐99購03  ,0,0,0,0,0,0,0,0,0,-131000,0,0,0,12000,143000,-131000,-131000
060984,南亞科元大9A購07,0,0,0,0,0,0,0,0,0,-131000,0,0,0,3000,134000,-131000,-131000
061992,祥碩元大9B購02  ,0,0,0,0,0,0,0,0,0,-131000,0,0,0,116000,247000,-131000,-131000
053158,茂林元大96購01  ,0,0,0,0,0,0,0,0,0,-131000,0,0,0,0,131000,-131000,-131000
057056,立積元大99購02  ,0,0,0,0,0,0,0,0,0,-131000,0,0,0,0,131000,-131000,-131000
07293P,臺股指凱基99售45,0,0,0,0,0,0,0,0,0,-131000,0,0,0,57000,188000,-131000,-131000
07798P,同欣電國票9A售01,0,0,0,0,0,0,0,0,0,-131000,0,0,0,23000,154000,-131000,-131000
2516,新建            ,16000,147000,-131000,0,0,0,0,0,0,0,0,0,0,0,0,0,-131000
057073,康控永豐98購01  ,0,0,0,0,0,0,0,0,0,-132000,0,0,0,42000,174000,-132000,-132000
06836P,玉晶光國票99售06,0,0,0,0,0,0,0,0,0,-132000,0,0,0,241000,373000,-132000,-132000
061668,信邦中信9B購01  ,0,0,0,0,0,0,0,0,0,-133000,0,0,0,0,133000,-133000,-133000
060396,友達國票9A購01  ,0,0,0,0,0,0,0,0,0,-133000,0,0,0,11000,144000,-133000,-133000
060813,高鐵凱基9A購01  ,0,0,0,0,0,0,0,0,0,-133000,0,0,0,101000,234000,-133000,-133000
058495,元大金群益9B購01,0,0,0,0,0,0,0,0,0,-133000,0,0,0,20000,153000,-133000,-133000
059489,上証2X國票9A購01,0,0,0,0,0,0,0,0,0,-133000,0,0,0,10000,143000,-133000,-133000
058010,帆宣國票98購01  ,0,0,0,0,0,0,0,0,0,-133000,0,0,0,17000,150000,-133000,-133000
056002,嘉晶永豐97購01  ,0,0,0,0,0,0,0,0,0,-133000,0,0,0,0,133000,-133000,-133000
060309,佳世達永豐9A購01,0,0,0,0,0,0,0,0,0,-134000,0,0,0,0,134000,-134000,-134000
058356,華邦電凱基99購01,0,0,0,0,0,0,0,0,0,-134000,0,0,0,12000,146000,-134000,-134000
054994,建準元富97購01  ,0,0,0,0,0,0,0,0,0,-134000,0,0,0,53000,187000,-134000,-134000
053642,瀚宇博永豐96購01,0,0,0,0,0,0,0,0,0,-134000,0,0,0,21000,155000,-134000,-134000
058237,嘉晶元大99購04  ,0,0,0,0,0,0,0,0,0,-134000,0,0,0,58000,192000,-134000,-134000
059460,GIS永豐99購02   ,0,0,0,0,0,0,0,0,0,-134000,0,0,0,0,134000,-134000,-134000
061333,華通元大9A購08  ,0,0,0,0,0,0,0,0,0,-135000,0,0,0,228000,363000,-135000,-135000
053331,玉晶光永豐97購02,0,0,0,0,0,0,0,0,0,-135000,0,0,0,12000,147000,-135000,-135000
056538,國泰金凱基98購01,0,0,0,0,0,0,0,0,0,-135000,0,0,0,43000,178000,-135000,-135000
061626,超眾群益9A購02  ,0,0,0,0,0,0,0,0,0,-136000,0,0,0,10000,146000,-136000,-136000
061816,長榮航群益9B購02,0,0,0,0,0,0,0,0,0,-136000,0,0,0,80000,216000,-136000,-136000
060566,聯詠富邦9C購01  ,0,0,0,0,0,0,0,0,0,-136000,0,0,0,336000,472000,-136000,-136000
055576,嘉晶統一98購01  ,0,0,0,0,0,0,0,0,0,-136000,0,0,0,79000,215000,-136000,-136000
2441,超豐            ,59000,226000,-167000,0,0,0,0,0,0,31000,31000,0,31000,0,0,0,-136000
2233,宇隆            ,10000,146000,-136000,0,0,0,0,0,0,0,0,0,0,0,0,0,-136000
059977,鴻海元大99購40  ,0,0,0,0,0,0,0,0,0,-137000,0,0,0,26000,163000,-137000,-137000
062084,台郡元大9B購04  ,0,0,0,0,0,0,0,0,0,-137000,0,0,0,68000,205000,-137000,-137000
053437,啟碁日盛96購01  ,0,0,0,0,0,0,0,0,0,-137000,0,0,0,0,137000,-137000,-137000
058385,創意中信99購01  ,0,0,0,0,0,0,0,0,0,-137000,0,0,0,1000,138000,-137000,-137000
054654,全新麥證99購01  ,0,0,0,0,137000,-137000,0,0,0,-137000,0,0,0,0,137000,-137000,-137000
056670,樺漢國票99購01  ,0,0,0,0,0,0,0,0,0,-137000,0,0,0,94000,231000,-137000,-137000
062096,神隆永豐9B購01  ,0,0,0,0,0,0,0,0,0,-138000,0,0,0,0,138000,-138000,-138000
058116,正崴中信99購02  ,0,0,0,0,0,0,0,0,0,-138000,0,0,0,21000,159000,-138000,-138000
053142,緯穎永豐96購01  ,0,0,0,0,0,0,0,0,0,-138000,0,0,0,0,138000,-138000,-138000
048122,台達電元大96購02,0,0,0,0,0,0,0,0,0,-138000,0,0,0,0,138000,-138000,-138000
058999,台積電元大99購24,0,0,0,0,0,0,0,0,0,-138000,0,0,0,81000,219000,-138000,-138000
059004,嘉晶元大99購05  ,0,0,0,0,0,0,0,0,0,-138000,0,0,0,64000,202000,-138000,-138000
061264,全新凱基9B購01  ,0,0,0,0,0,0,0,0,0,-139000,0,0,0,732000,871000,-139000,-139000
060027,元金2X永豐99購02,0,0,0,0,0,0,0,0,0,-139000,0,0,0,0,139000,-139000,-139000
060297,和碩元大9A購02  ,0,0,0,0,0,0,0,0,0,-139000,0,0,0,64000,203000,-139000,-139000
054239,台郡群益96購02  ,0,0,0,0,0,0,0,0,0,-139000,0,0,0,113000,252000,-139000,-139000
056189,樺漢統一97購02  ,0,0,0,0,0,0,0,0,0,-139000,0,0,0,0,139000,-139000,-139000
056163,嘉聯益凱基98購03,0,0,0,0,0,0,0,0,0,-139000,0,0,0,0,139000,-139000,-139000
058534,友達統一9B購01  ,0,0,0,0,0,0,0,0,0,-139000,0,0,0,0,139000,-139000,-139000
1592,英瑞-KY         ,39000,178000,-139000,0,0,0,0,0,0,0,0,0,0,0,0,0,-139000
060240,富邦金元大9A購01,0,0,0,0,0,0,0,0,0,-140000,0,0,0,30000,170000,-140000,-140000
059671,滬深2X元富99購05,0,0,0,0,0,0,0,0,0,-140000,0,0,0,0,140000,-140000,-140000
059802,上証2X元富99購02,0,0,0,0,0,0,0,0,0,-140000,0,0,0,0,140000,-140000,-140000
060728,上証2X群益9C購05,0,0,0,0,0,0,0,0,0,-140000,0,0,0,0,140000,-140000,-140000
061438,牧德凱基9B購02  ,0,0,0,0,0,0,0,0,0,-140000,0,0,0,110000,250000,-140000,-140000
061840,長榮航凱基9C購01,0,0,0,0,0,0,0,0,0,-140000,0,0,0,50000,190000,-140000,-140000
061949,大立光群益9B購03,0,0,0,0,0,0,0,0,0,-140000,0,0,0,60000,200000,-140000,-140000
061640,智原元大9A購01  ,0,0,0,0,0,0,0,0,0,-140000,0,0,0,17000,157000,-140000,-140000
053539,智易永豐96購01  ,0,0,0,0,0,0,0,0,0,-140000,0,0,0,68000,208000,-140000,-140000
052994,群創台新99購01  ,0,0,0,0,0,0,0,0,0,-140000,0,0,0,0,140000,-140000,-140000
057510,泰碩統一98購02  ,0,0,0,0,0,0,0,0,0,-140000,0,0,0,0,140000,-140000,-140000
057355,彩晶統一98購03  ,0,0,0,0,0,0,0,0,0,-140000,0,0,0,0,140000,-140000,-140000
055723,康控元大97購04  ,0,0,0,0,0,0,0,0,0,-140000,0,0,0,10000,150000,-140000,-140000
06598P,奇力新永豐98售02,0,0,0,0,0,0,0,0,0,-140000,0,0,0,11000,151000,-140000,-140000
062021,康控永豐9B購01  ,0,0,0,0,0,0,0,0,0,-141000,0,0,0,4000,145000,-141000,-141000
061111,台表科元大9A購02,0,0,0,0,0,0,0,0,0,-141000,0,0,0,190000,331000,-141000,-141000
056818,正崴永豐98購01  ,0,0,0,0,0,0,0,0,0,-141000,0,0,0,6000,147000,-141000,-141000
07527P,台灣50凱基9B售02,0,0,0,0,0,0,0,0,0,-141000,0,0,0,0,141000,-141000,-141000
060318,上証2X群益9C購03,0,0,0,0,0,0,0,0,0,-142000,0,0,0,0,142000,-142000,-142000
058178,國巨國泰9A購02  ,0,0,0,0,0,0,0,0,0,-142000,0,0,0,20000,162000,-142000,-142000
057931,正崴群益98購02  ,0,0,0,0,0,0,0,0,0,-142000,0,0,0,48000,190000,-142000,-142000
056610,鴻海永豐98購01  ,0,0,0,0,0,0,0,0,0,-142000,0,0,0,18000,160000,-142000,-142000
057523,大成鋼元大99購01,0,0,0,0,0,0,0,0,0,-142000,0,0,0,92000,234000,-142000,-142000
07646P,世芯元大9A售04  ,0,0,0,0,0,0,0,0,0,-142000,0,0,0,51000,193000,-142000,-142000
061129,文曄永豐9A購01  ,0,0,0,0,0,0,0,0,0,-143000,0,0,0,0,143000,-143000,-143000
055060,聯陽永豐97購01  ,0,0,0,0,0,0,0,0,0,-143000,0,0,0,74000,217000,-143000,-143000
057284,新日興元大98購03,0,0,0,0,0,0,0,0,0,-143000,0,0,0,22000,165000,-143000,-143000
059872,華新科凱基01購01,0,0,0,0,0,0,0,0,0,-144000,0,0,0,2000,146000,-144000,-144000
060241,國泰金元大9A購01,0,0,0,0,0,0,0,0,0,-144000,0,0,0,1000,145000,-144000,-144000
057805,華通元大98購06  ,0,0,0,0,0,0,0,0,0,-144000,0,0,0,55000,199000,-144000,-144000
056144,GIS元大98購01   ,0,0,0,0,0,0,0,0,0,-144000,0,0,0,7000,151000,-144000,-144000
055348,旺宏凱基97購01  ,0,0,0,0,0,0,0,0,0,-145000,0,0,0,40000,185000,-145000,-145000
054563,泰碩群益99購01  ,0,0,0,0,0,0,0,0,0,-145000,0,0,0,27000,172000,-145000,-145000
058990,GIS凱基99購02   ,0,0,0,0,0,0,0,0,0,-145000,0,0,0,18000,163000,-145000,-145000
058537,彩晶統一9B購01  ,0,0,0,0,0,0,0,0,0,-145000,0,0,0,106000,251000,-145000,-145000
06783P,亞光元大98售03  ,0,0,0,0,0,0,0,0,0,-145000,0,0,0,44000,189000,-145000,-145000
060155,友訊永豐9A購01  ,0,0,0,0,0,0,0,0,0,-146000,0,0,0,38000,184000,-146000,-146000
060526,台積電中信9A購02,0,0,0,0,0,0,0,0,0,-146000,0,0,0,0,146000,-146000,-146000
058137,玉晶光元大99購11,0,0,0,0,0,0,0,0,0,-146000,0,0,0,50000,196000,-146000,-146000
058352,鴻海凱基9A購05  ,0,0,0,0,0,0,0,0,0,-146000,0,0,0,82000,228000,-146000,-146000
056473,奇力新元大99購02,0,0,0,0,0,0,0,0,0,-146000,0,0,0,0,146000,-146000,-146000
059656,T50反1元大99購11,0,0,0,0,0,0,0,0,0,-147000,0,0,0,210000,357000,-147000,-147000
061035,亞光永豐9A購01  ,0,0,0,0,0,0,0,0,0,-147000,0,0,0,0,147000,-147000,-147000
062224,玉晶光統一9C購03,0,0,0,0,0,0,0,0,0,-147000,0,0,0,5000,152000,-147000,-147000
052004,泰碩國泰97購03  ,0,0,0,0,0,0,0,0,0,-147000,0,0,0,45000,192000,-147000,-147000
055700,緯穎國泰98購02  ,0,0,0,0,0,0,0,0,0,-147000,0,0,0,11000,158000,-147000,-147000
059119,華擎永豐99購02  ,0,0,0,0,0,0,0,0,0,-147000,0,0,0,20000,167000,-147000,-147000
6206,飛捷            ,101000,248000,-147000,0,0,0,0,0,0,0,0,0,0,0,0,0,-147000
061551,GIS群益9A購01   ,0,0,0,0,0,0,0,0,0,-148000,0,0,0,33000,181000,-148000,-148000
059812,上証2X凱基9A購04,0,0,0,0,0,0,0,0,0,-148000,0,0,0,0,148000,-148000,-148000
060239,國揚元大9C購01  ,0,0,0,0,0,0,0,0,0,-148000,0,0,0,4000,152000,-148000,-148000
060113,祥碩元大9B購01  ,0,0,0,0,0,0,0,0,0,-148000,0,0,0,83000,231000,-148000,-148000
060695,同欣電麥證9A購01,0,0,0,86000,247000,-161000,0,0,0,-148000,0,0,0,99000,247000,-148000,-148000
059326,康友元大99購01  ,0,0,0,0,0,0,0,0,0,-148000,0,0,0,16000,164000,-148000,-148000
07383P,聯發科群益99售06,0,0,0,0,0,0,0,0,0,-148000,0,0,0,20000,168000,-148000,-148000
07837P,華邦電元大9A售01,0,0,0,0,0,0,0,0,0,-148000,0,0,0,0,148000,-148000,-148000
057327,玉晶光群益9A購04,0,0,0,0,0,0,0,0,0,-149000,0,0,0,9000,158000,-149000,-149000
07841P,臻鼎元大9A售04  ,0,0,0,0,0,0,0,0,0,-149000,0,0,0,0,149000,-149000,-149000
06734P,智邦凱基98售05  ,0,0,0,0,0,0,0,0,0,-149000,0,0,0,8000,157000,-149000,-149000
060002,T50反1群益9A購01,0,0,0,0,0,0,0,0,0,-150000,0,0,0,0,150000,-150000,-150000
047420,全新富邦97購01  ,0,0,0,0,0,0,0,0,0,-150000,0,0,0,15000,165000,-150000,-150000
052695,台表科中信98購01,0,0,0,0,0,0,0,0,0,-150000,0,0,0,10000,160000,-150000,-150000
054301,楠梓電凱基98購01,0,0,0,0,0,0,0,0,0,-150000,0,0,0,0,150000,-150000,-150000
054403,同欣電永豐96購02,0,0,0,0,0,0,0,0,0,-150000,0,0,0,0,150000,-150000,-150000
056369,彩晶元大01購01  ,0,0,0,0,0,0,0,0,0,-150000,0,0,0,0,150000,-150000,-150000
057177,奇力新元大99購04,0,0,0,0,0,0,0,0,0,-150000,0,0,0,118000,268000,-150000,-150000
056059,美律元大98購02  ,0,0,0,0,0,0,0,0,0,-150000,0,0,0,0,150000,-150000,-150000
06624P,訊芯元大98售06  ,0,0,0,0,0,0,0,0,0,-150000,0,0,0,14000,164000,-150000,-150000
060676,京元電元大9A購03,0,0,0,0,0,0,0,0,0,-151000,0,0,0,4000,155000,-151000,-151000
052546,友達中信98購01  ,0,0,0,0,0,0,0,0,0,-151000,0,0,0,0,151000,-151000,-151000
058739,喬山中信99購01  ,0,0,0,0,0,0,0,0,0,-151000,0,0,0,2000,153000,-151000,-151000
2059,川湖            ,75000,226000,-151000,0,0,0,0,0,0,0,0,0,0,0,0,0,-151000
059956,玉山金康和99購01,0,0,0,0,0,0,0,0,0,-152000,0,0,0,63000,215000,-152000,-152000
062099,牧德永豐9B購01  ,0,0,0,0,0,0,0,0,0,-152000,0,0,0,54000,206000,-152000,-152000
058685,TPK凱基99購01   ,0,0,0,0,0,0,0,0,0,-152000,0,0,0,38000,190000,-152000,-152000
057112,立積群益99購01  ,0,0,0,0,0,0,0,0,0,-152000,0,0,0,105000,257000,-152000,-152000
057040,國巨元大98購12  ,0,0,0,0,0,0,0,0,0,-152000,0,0,0,34000,186000,-152000,-152000
00656R,國泰中國A50反1  ,0,0,0,0,0,0,0,0,0,-152002,0,0,0,63998,216000,-152002,-152002
061768,晶技元大9B購02  ,0,0,0,0,0,0,0,0,0,-153000,0,0,0,18000,171000,-153000,-153000
061560,友達國票9B購01  ,0,0,0,0,0,0,0,0,0,-153000,0,0,0,0,153000,-153000,-153000
05088P,大立光富邦99售01,0,0,0,0,0,0,0,0,0,-153000,0,0,0,0,153000,-153000,-153000
056770,國產元大98購02  ,0,0,0,0,0,0,0,0,0,-153000,0,0,0,18000,171000,-153000,-153000
8210,勤誠            ,69000,182000,-113000,0,0,0,0,0,0,-40000,0,0,0,2000,42000,-40000,-153000
060003,上証2X群益9B購02,0,0,0,0,0,0,0,0,0,-154000,0,0,0,0,154000,-154000,-154000
058144,聯茂元大99購02  ,0,0,0,0,0,0,0,0,0,-154000,0,0,0,24000,178000,-154000,-154000
06683P,訊芯元大98售07  ,0,0,0,0,0,0,0,0,0,-154000,0,0,0,1000,155000,-154000,-154000
059910,鴻海元大99購37  ,0,0,0,0,0,0,0,0,0,-155000,0,0,0,32000,187000,-155000,-155000
058613,茂林元大99購03  ,0,0,0,0,0,0,0,0,0,-155000,0,0,0,20000,175000,-155000,-155000
057719,欣興元富02購01  ,0,0,0,0,0,0,0,0,0,-155000,0,0,0,5000,160000,-155000,-155000
1736,喬山            ,312000,495000,-183000,0,0,0,0,0,0,28000,0,0,0,36000,8000,28000,-155000
059911,國巨元大99購27  ,0,0,0,0,0,0,0,0,0,-156000,0,0,0,212000,368000,-156000,-156000
060212,華航康和9A購01  ,0,0,0,0,0,0,0,0,0,-156000,0,0,0,100000,256000,-156000,-156000
058140,臻鼎元大99購02  ,0,0,0,0,0,0,0,0,0,-156000,0,0,0,428000,584000,-156000,-156000
052943,奇力新國票96購02,0,0,0,0,0,0,0,0,0,-156000,0,0,0,0,156000,-156000,-156000
058768,南港兆豐99購01  ,0,0,0,0,0,0,0,0,0,-156000,0,0,0,0,156000,-156000,-156000
057389,玉晶光永豐98購06,0,0,0,0,0,0,0,0,0,-156000,0,0,0,30000,186000,-156000,-156000
060735,鴻海統一9C購03  ,0,0,0,0,0,0,0,0,0,-157000,0,0,0,0,157000,-157000,-157000
060889,國泰金統一9C購01,0,0,0,0,0,0,0,0,0,-157000,0,0,0,194000,351000,-157000,-157000
056683,台積電統一98購05,0,0,0,0,0,0,0,0,0,-157000,0,0,0,48000,205000,-157000,-157000
07368P,國巨凱基99售19  ,0,0,0,0,0,0,0,0,0,-157000,0,0,0,30000,187000,-157000,-157000
060634,矽創富邦9B購01  ,0,0,0,0,0,0,0,0,0,-158000,0,0,0,262000,420000,-158000,-158000
059688,燿華永豐99購01  ,0,0,0,0,0,0,0,0,0,-158000,0,0,0,10000,168000,-158000,-158000
050392,群創統一96購01  ,0,0,0,0,0,0,0,0,0,-158000,0,0,0,0,158000,-158000,-158000
056478,晶技元大99購01  ,0,0,0,0,0,0,0,0,0,-158000,0,0,0,68000,226000,-158000,-158000
06893P,致新元富98售02  ,0,0,0,0,0,0,0,0,0,-158000,0,0,0,7000,165000,-158000,-158000
061813,鴻海群益9B購02  ,0,0,0,0,0,0,0,0,0,-159000,0,0,0,67000,226000,-159000,-159000
054180,亞泥康和96購01  ,0,0,0,0,0,0,0,0,0,-159000,0,0,0,12000,171000,-159000,-159000
059179,祥碩元富99購01  ,0,0,0,0,0,0,0,0,0,-159000,0,0,0,88000,247000,-159000,-159000
06705P,臻鼎元富98售03  ,0,0,0,0,0,0,0,0,0,-159000,0,0,0,0,159000,-159000,-159000
054491,瀚宇博台新96購02,0,0,0,0,0,0,0,0,0,-160000,0,0,0,0,160000,-160000,-160000
051503,玉晶光統一97購01,0,0,0,0,0,0,0,0,0,-160000,0,0,0,168000,328000,-160000,-160000
05729P,臺股指凱基97售02,0,0,0,0,0,0,0,0,0,-160000,0,0,0,2000,162000,-160000,-160000
056920,友達兆豐98購02  ,0,0,0,0,0,0,0,0,0,-160000,0,0,0,0,160000,-160000,-160000
056057,華邦電元大97購05,0,0,0,0,0,0,0,0,0,-160000,0,0,0,0,160000,-160000,-160000
07843P,緯穎元大9A售05  ,0,0,0,0,0,0,0,0,0,-160000,0,0,0,25000,185000,-160000,-160000
061291,玉晶光統一01購05,0,0,0,0,0,0,0,0,0,-161000,0,0,0,63000,224000,-161000,-161000
059820,南亞科凱基99購07,0,0,0,0,0,0,0,0,0,-161000,0,0,0,32000,193000,-161000,-161000
053710,華通凱基96購05  ,0,0,0,0,0,0,0,0,0,-161000,0,0,0,0,161000,-161000,-161000
054932,台肥元大97購01  ,0,0,0,0,0,0,0,0,0,-161000,0,0,0,75000,236000,-161000,-161000
054140,智易元大97購03  ,0,0,0,0,0,0,0,0,0,-161000,0,0,0,450000,611000,-161000,-161000
057299,立積永豐98購02  ,0,0,0,0,0,0,0,0,0,-161000,0,0,0,46000,207000,-161000,-161000
061600,聯電凱基9B購01  ,0,0,0,0,0,0,0,0,0,-162000,0,0,0,98000,260000,-162000,-162000
061476,大毅元大9A購02  ,0,0,0,0,0,0,0,0,0,-162000,0,0,0,0,162000,-162000,-162000
061976,國巨元大9B購01  ,0,0,0,0,0,0,0,0,0,-162000,0,0,0,82000,244000,-162000,-162000
057792,群創統一99購01  ,0,0,0,0,0,0,0,0,0,-162000,0,0,0,10000,172000,-162000,-162000
056289,合勤控永豐97購01,0,0,0,0,0,0,0,0,0,-162000,0,0,0,1000,163000,-162000,-162000
061872,友達元大9C購06  ,0,0,0,0,0,0,0,0,0,-163000,0,0,0,5000,168000,-163000,-163000
060413,東元永豐9A購01  ,0,0,0,0,0,0,0,0,0,-163000,0,0,0,0,163000,-163000,-163000
058266,宏達電永豐99購01,0,0,0,0,0,0,0,0,0,-163000,0,0,0,52000,215000,-163000,-163000
058007,南電群益98購02  ,0,0,0,0,0,0,0,0,0,-163000,0,0,0,39000,202000,-163000,-163000
057456,道瓊銀富邦9C購01,0,0,0,0,0,0,0,0,0,-163000,0,0,0,0,163000,-163000,-163000
061796,興勤永豐9B購01  ,0,0,0,0,0,0,0,0,0,-164000,0,0,0,62000,226000,-164000,-164000
053488,中石化兆豐97購01,0,0,0,0,0,0,0,0,0,-164000,0,0,0,4000,168000,-164000,-164000
058553,合勤控永豐99購01,0,0,0,0,0,0,0,0,0,-164000,0,0,0,16000,180000,-164000,-164000
07303P,臺股指元大9A售36,0,0,0,0,0,0,0,0,0,-164000,0,0,0,0,164000,-164000,-164000
061126,京元電永豐9A購02,0,0,0,0,0,0,0,0,0,-165000,0,0,0,77000,242000,-165000,-165000
054894,GIS統一97購01   ,0,0,0,0,0,0,0,0,0,-165000,0,0,0,0,165000,-165000,-165000
057824,日月光元大98購01,0,0,0,0,0,0,0,0,0,-165000,0,0,0,16000,181000,-165000,-165000
06669P,緯穎凱基98售05  ,0,0,0,0,0,0,0,0,0,-165000,0,0,0,15000,180000,-165000,-165000
3003,健和興          ,51000,217000,-166000,0,0,0,0,0,0,1000,6000,0,6000,0,5000,-5000,-165000
061508,南六國泰9C購02  ,0,0,0,0,0,0,0,0,0,-166000,0,0,0,25000,191000,-166000,-166000
062090,南電元大9B購02  ,0,0,0,0,0,0,0,0,0,-166000,0,0,0,149000,315000,-166000,-166000
059955,美食康和99購01  ,0,0,0,0,0,0,0,0,0,-166000,0,0,0,64000,230000,-166000,-166000
03648C,T50反1元大96牛07,0,0,0,0,0,0,0,0,0,-166000,0,0,0,100000,266000,-166000,-166000
052698,深中小國票99購01,0,0,0,0,0,0,0,0,0,-166000,0,0,0,0,166000,-166000,-166000
055271,鴻海元大98購03  ,0,0,0,0,0,0,0,0,0,-166000,0,0,0,0,166000,-166000,-166000
058342,鴻海群益9A購01  ,0,0,0,0,0,0,0,0,0,-166000,0,0,0,74000,240000,-166000,-166000
3149,正達            ,28000,194000,-166000,0,0,0,0,0,0,0,0,0,0,0,0,0,-166000
00830,國泰費城半導體  ,146000,0,146000,0,0,0,0,0,0,-312200,0,0,0,199000,511200,-312200,-166200
060336,南電康和9A購01  ,0,0,0,0,0,0,0,0,0,-167000,0,0,0,198000,365000,-167000,-167000
057089,奇力新元富98購01,0,0,0,0,0,0,0,0,0,-167000,0,0,0,118000,285000,-167000,-167000
056784,南亞科群益98購01,0,0,0,0,0,0,0,0,0,-167000,0,0,0,0,167000,-167000,-167000
06034P,世芯凱基96售03  ,0,0,0,0,0,0,0,0,0,-168000,0,0,0,12000,180000,-168000,-168000
060913,宏達電元大9A購03,0,0,0,0,0,0,0,0,0,-168000,0,0,0,2000,170000,-168000,-168000
054134,強茂元大96購01  ,0,0,0,0,0,0,0,0,0,-168000,0,0,0,84000,252000,-168000,-168000
056961,凱美永豐98購01  ,0,0,0,0,0,0,0,0,0,-168000,0,0,0,0,168000,-168000,-168000
057808,旺宏元大99購05  ,0,0,0,0,0,0,0,0,0,-168000,0,0,0,0,168000,-168000,-168000
060681,華擎元大9A購02  ,0,0,0,0,0,0,0,0,0,-169000,0,0,0,15000,184000,-169000,-169000
060114,緯穎元大99購10  ,0,0,0,0,0,0,0,0,0,-169000,0,0,0,39000,208000,-169000,-169000
061563,群創國票9B購02  ,0,0,0,0,0,0,0,0,0,-169000,0,0,0,0,169000,-169000,-169000
055358,臻鼎凱基97購01  ,0,0,0,0,0,0,0,0,0,-169000,0,0,0,48000,217000,-169000,-169000
057346,鴻海統一98購13  ,0,0,0,0,0,0,0,0,0,-169000,0,0,0,129000,298000,-169000,-169000
3029,零壹            ,325000,496000,-171000,0,0,0,0,0,0,2000,2000,0,2000,0,0,0,-169000
2444,兆勁            ,61000,230000,-169000,0,0,0,0,0,0,0,0,0,0,0,0,0,-169000
061096,上証2X元大9A購06,0,0,0,0,0,0,0,0,0,-170000,0,0,0,0,170000,-170000,-170000
061040,康友永豐9A購01  ,0,0,0,0,0,0,0,0,0,-170000,0,0,0,0,170000,-170000,-170000
054574,美律元大99購01  ,0,0,0,0,0,0,0,0,0,-170000,0,0,0,0,170000,-170000,-170000
058535,玉晶光統一9A購06,0,0,0,0,0,0,0,0,0,-170000,0,0,0,12000,182000,-170000,-170000
061485,鴻海兆豐9A購01  ,0,0,0,0,0,0,0,0,0,-171000,0,0,0,7000,178000,-171000,-171000
061489,高鐵兆豐9A購01  ,0,0,0,0,0,0,0,0,0,-171000,0,0,0,8000,179000,-171000,-171000
062117,燿華中信9B購01  ,0,0,0,0,0,0,0,0,0,-171000,0,0,0,0,171000,-171000,-171000
053073,技嘉康和96購01  ,0,0,0,0,0,0,0,0,0,-171000,0,0,0,0,171000,-171000,-171000
053253,友達國泰97購02  ,0,0,0,0,0,0,0,0,0,-171000,0,0,0,0,171000,-171000,-171000
055623,貿聯國泰99購01  ,0,0,0,0,0,0,0,0,0,-171000,0,0,0,30000,201000,-171000,-171000
061385,上証2X群益9C購07,0,0,0,0,0,0,0,0,0,-172000,0,0,0,0,172000,-172000,-172000
053294,聯發科中信9C購01,0,0,0,0,0,0,0,0,0,-172000,0,0,0,20000,192000,-172000,-172000
060112,祥碩元大99購04  ,0,0,0,0,0,0,0,0,0,-173000,0,0,0,479000,652000,-173000,-173000
054467,隆達凱基97購01  ,0,0,0,0,0,0,0,0,0,-173000,0,0,0,100000,273000,-173000,-173000
052781,瀚宇博國票97購03,0,0,0,0,0,0,0,0,0,-173000,0,0,0,0,173000,-173000,-173000
056898,全新元大98購02  ,0,0,0,0,0,0,0,0,0,-173000,0,0,0,15000,188000,-173000,-173000
059507,鴻海永豐99購03  ,0,0,0,0,0,0,0,0,0,-174000,0,0,0,0,174000,-174000,-174000
053350,台表科國票97購02,0,0,0,0,0,0,0,0,0,-174000,0,0,0,0,174000,-174000,-174000
056657,華邦電元大99購01,0,0,0,0,0,0,0,0,0,-174000,0,0,0,8000,182000,-174000,-174000
056166,微星台新97購01  ,0,0,0,0,0,0,0,0,0,-174000,0,0,0,0,174000,-174000,-174000
1477,聚陽            ,265000,445250,-180250,0,0,0,0,0,0,6000,14000,10000,4000,10000,8000,2000,-174250
2360,致茂            ,213000,376700,-163700,0,0,0,0,0,0,-11000,0,0,0,0,11000,-11000,-174700
053448,智易凱基96購03  ,0,0,0,0,0,0,0,0,0,-175000,0,0,0,0,175000,-175000,-175000
048383,元金2X國票99購01,0,0,0,0,0,0,0,0,0,-175000,0,0,0,5000,180000,-175000,-175000
052003,泰碩國泰97購02  ,0,0,0,0,0,0,0,0,0,-175000,0,0,0,52000,227000,-175000,-175000
2380,虹光            ,14000,189000,-175000,0,0,0,0,0,0,0,0,0,0,0,0,0,-175000
061567,華通元大9A購11  ,0,0,0,0,0,0,0,0,0,-176000,0,0,0,104000,280000,-176000,-176000
061241,晶技兆豐9A購01  ,0,0,0,0,0,0,0,0,0,-176000,0,0,0,258000,434000,-176000,-176000
061959,鴻海統一9B購04  ,0,0,0,0,0,0,0,0,0,-176000,0,0,0,0,176000,-176000,-176000
059030,奇力新兆豐99購03,0,0,0,0,0,0,0,0,0,-176000,0,0,0,0,176000,-176000,-176000
056718,GIS永豐98購01   ,0,0,0,0,0,0,0,0,0,-176000,0,0,0,0,176000,-176000,-176000
1537,廣隆            ,19101,146000,-126899,0,0,0,0,50000,-50000,0,0,0,0,0,0,0,-176899
060983,南亞科元大9A購06,0,0,0,0,0,0,0,0,0,-177000,0,0,0,0,177000,-177000,-177000
057723,臺股指元富98購02,0,0,0,0,0,0,0,0,0,-177000,0,0,0,0,177000,-177000,-177000
055579,健策統一9A購01  ,0,0,0,0,0,0,0,0,0,-177000,0,0,0,73000,250000,-177000,-177000
3008,大立光          ,195000,376430,-181430,0,0,0,5000,1000,4000,0,8000,2000,6000,1000,7000,-6000,-177430
3034,聯詠            ,1016000,1233823,-217823,0,0,0,32000,0,32000,8000,45000,22000,23000,6000,21000,-15000,-177823
2801,彰銀            ,2092000,2290878,-198878,0,0,0,18000,0,18000,3000,0,0,0,3000,0,3000,-177878
061155,華新科群益9A購06,0,0,0,0,0,0,0,0,0,-178000,0,0,0,5000,183000,-178000,-178000
061687,大成鋼群益9A購01,0,0,0,0,0,0,0,0,0,-178000,0,0,0,98000,276000,-178000,-178000
062165,聯茂國泰01購01  ,0,0,0,0,0,0,0,0,0,-178000,0,0,0,0,178000,-178000,-178000
05443P,宏達電元大95售05,0,0,0,0,0,0,0,0,0,-178000,0,0,0,2000,180000,-178000,-178000
060349,上証2X元富9A購04,0,0,0,0,0,0,0,0,0,-179000,0,0,0,0,179000,-179000,-179000
054533,泰碩國泰98購01  ,0,0,0,0,0,0,0,0,0,-179000,0,0,0,174000,353000,-179000,-179000
051850,臻鼎中信96購01  ,0,0,0,0,0,0,0,0,0,-179000,0,0,0,0,179000,-179000,-179000
057054,立積元大98購03  ,0,0,0,0,0,0,0,0,0,-179000,0,0,0,0,179000,-179000,-179000
060782,道瓊指富邦9C購01,0,0,0,0,0,0,0,0,0,-180000,0,0,0,0,180000,-180000,-180000
059522,上証2X凱基9B購02,0,0,0,0,0,0,0,0,0,-180000,0,0,0,0,180000,-180000,-180000
061119,國巨永豐9A購03  ,0,0,0,0,0,0,0,0,0,-180000,0,0,0,70000,250000,-180000,-180000
053339,友達國票97購02  ,0,0,0,0,0,0,0,0,0,-180000,0,0,0,10000,190000,-180000,-180000
055052,凱美永豐97購01  ,0,0,0,0,0,0,0,0,0,-180000,0,0,0,0,180000,-180000,-180000
058558,鴻海日盛9A購02  ,0,0,0,0,0,0,0,0,0,-180000,0,0,0,0,180000,-180000,-180000
056738,國巨凱基9A購02  ,0,0,0,0,0,0,0,0,0,-180000,0,0,0,100000,280000,-180000,-180000
059534,國泰金凱基99購01,0,0,0,0,0,0,0,0,0,-181000,0,0,0,117000,298000,-181000,-181000
053695,智易元大97購02  ,0,0,0,0,0,0,0,0,0,-181000,0,0,0,70000,251000,-181000,-181000
056726,友達日盛9A購01  ,0,0,0,0,0,0,0,0,0,-181000,0,0,0,0,181000,-181000,-181000
3535,晶彩科          ,61000,242000,-181000,0,0,0,0,0,0,0,0,0,0,0,0,0,-181000
061729,祥碩麥證9A購02  ,0,0,0,71000,253000,-182000,0,0,0,-182000,0,0,0,71000,253000,-182000,-182000
054411,光磊元大97購02  ,0,0,0,0,0,0,0,0,0,-182000,0,0,0,6000,188000,-182000,-182000
058554,瀚宇博永豐99購01,0,0,0,0,0,0,0,0,0,-182000,0,0,0,12000,194000,-182000,-182000
057926,帆宣凱基98購02  ,0,0,0,0,0,0,0,0,0,-182000,0,0,0,0,182000,-182000,-182000
2911,麗嬰房          ,15000,197000,-182000,0,0,0,0,0,0,0,0,0,0,0,0,0,-182000
048346,智易元大95購01  ,0,0,0,0,0,0,0,0,0,-183000,0,0,0,17000,200000,-183000,-183000
061745,南電凱基9B購02  ,0,0,0,0,0,0,0,0,0,-184000,0,0,0,219000,403000,-184000,-184000
062055,鴻海統一9C購07  ,0,0,0,0,0,0,0,0,0,-184000,0,0,0,0,184000,-184000,-184000
061072,南電凱基9B購01  ,0,0,0,0,0,0,0,0,0,-184000,0,0,0,175000,359000,-184000,-184000
058326,祥碩台新99購01  ,0,0,0,0,0,0,0,0,0,-184000,0,0,0,10000,194000,-184000,-184000
058701,鴻海元大99購16  ,0,0,0,0,0,0,0,0,0,-184000,0,0,0,108000,292000,-184000,-184000
058263,大成鋼永豐99購01,0,0,0,0,0,0,0,0,0,-184000,0,0,0,0,184000,-184000,-184000
056183,南亞科統一97購02,0,0,0,0,0,0,0,0,0,-184000,0,0,0,0,184000,-184000,-184000
3010,華立            ,54000,228000,-174000,0,0,0,0,0,0,-10000,0,10000,-10000,0,0,0,-184000
062171,中磊永豐9B購01  ,0,0,0,0,0,0,0,0,0,-185000,0,0,0,0,185000,-185000,-185000
059631,京元電凱基99購02,0,0,0,0,0,0,0,0,0,-185000,0,0,0,83000,268000,-185000,-185000
058181,華新科國泰9B購01,0,0,0,0,0,0,0,0,0,-185000,0,0,0,5000,190000,-185000,-185000
054265,GIS元大96購03   ,0,0,0,0,0,0,0,0,0,-185000,0,0,0,345000,530000,-185000,-185000
053998,泰鼎群益98購01  ,0,0,0,0,0,0,0,0,0,-185000,0,0,0,18000,203000,-185000,-185000
057113,祥碩群益98購01  ,0,0,0,0,0,0,0,0,0,-185000,0,0,0,221000,406000,-185000,-185000
056260,鴻海統一98購07  ,0,0,0,0,0,0,0,0,0,-185000,0,0,0,29000,214000,-185000,-185000
056795,鴻海麥證98購01  ,0,0,0,30000,215000,-185000,0,0,0,-185000,0,0,0,30000,215000,-185000,-185000
06702P,智邦元富98售01  ,0,0,0,0,0,0,0,0,0,-185000,0,0,0,76000,261000,-185000,-185000
06617P,智邦元大98售03  ,0,0,0,0,0,0,0,0,0,-185000,0,0,0,15000,200000,-185000,-185000
061989,晶技元大9B購04  ,0,0,0,0,0,0,0,0,0,-186000,0,0,0,20000,206000,-186000,-186000
062186,晶技元大9B購05  ,0,0,0,0,0,0,0,0,0,-186000,0,0,0,21000,207000,-186000,-186000
055029,帆宣國泰99購01  ,0,0,0,0,0,0,0,0,0,-186000,0,0,0,13000,199000,-186000,-186000
060165,上緯控永豐9A購01,0,0,0,0,0,0,0,0,0,-187000,0,0,0,84000,271000,-187000,-187000
060749,祥碩國票9A購01  ,0,0,0,0,0,0,0,0,0,-187000,0,0,0,28000,215000,-187000,-187000
006205,富邦上証        ,1000,1000,0,0,0,0,0,0,0,-187000,0,0,0,1092000,1279000,-187000,-187000
07105P,大毅元富99售02  ,0,0,0,0,0,0,0,0,0,-187000,0,0,0,0,187000,-187000,-187000
060719,瀚宇博永豐9A購01,0,0,0,0,0,0,0,0,0,-188000,0,0,0,29000,217000,-188000,-188000
061194,聯鈞永豐9A購02  ,0,0,0,0,0,0,0,0,0,-188000,0,0,0,1000,189000,-188000,-188000
054941,凱美元大97購01  ,0,0,0,0,0,0,0,0,0,-188000,0,0,0,1000,189000,-188000,-188000
054786,全新群益99購02  ,0,0,0,0,0,0,0,0,0,-188000,0,0,0,65000,253000,-188000,-188000
058218,緯穎群益99購01  ,0,0,0,0,0,0,0,0,0,-188000,0,0,0,10000,198000,-188000,-188000
057207,立積元富98購02  ,0,0,0,0,0,0,0,0,0,-188000,0,0,0,50000,238000,-188000,-188000
061953,台積電台新9B購04,0,0,0,0,0,0,0,0,0,-189000,0,0,0,565000,754000,-189000,-189000
055034,建準富邦99購01  ,0,0,0,0,0,0,0,0,0,-189000,0,0,0,0,189000,-189000,-189000
057498,台郡元大98購04  ,0,0,0,0,0,0,0,0,0,-189000,0,0,0,0,189000,-189000,-189000
057788,嘉聯益國票99購01,0,0,0,0,0,0,0,0,0,-189000,0,0,0,22000,211000,-189000,-189000
06594P,立積元大98售01  ,0,0,0,0,0,0,0,0,0,-189000,0,0,0,27000,216000,-189000,-189000
061472,台積電元大9A購32,0,0,0,0,0,0,0,0,0,-190000,0,0,0,7000,197000,-190000,-190000
060528,友達中信9C購01  ,0,0,0,0,0,0,0,0,0,-190000,0,0,0,10000,200000,-190000,-190000
060234,凱美元大9C購01  ,0,0,0,0,0,0,0,0,0,-190000,0,0,0,40000,230000,-190000,-190000
053375,鴻海元大96購18  ,0,0,0,0,0,0,0,0,0,-190000,0,0,0,0,190000,-190000,-190000
052796,和碩兆豐96購01  ,0,0,0,0,0,0,0,0,0,-190000,0,0,0,93000,283000,-190000,-190000
055572,鴻海統一98購04  ,0,0,0,0,0,0,0,0,0,-190000,0,0,0,12000,202000,-190000,-190000
08625P,台灣50凱基96售05,0,0,0,0,0,0,0,0,0,-190000,0,0,0,0,190000,-190000,-190000
07652P,臺股指中信9A售07,0,0,0,0,0,0,0,0,0,-190000,0,0,0,147000,337000,-190000,-190000
6278,台表科          ,436000,1430000,-994000,0,0,0,644000,0,644000,160000,351000,140000,211000,39000,90000,-51000,-190000
062027,國泰金群益9B購01,0,0,0,0,0,0,0,0,0,-191000,0,0,0,5000,196000,-191000,-191000
057055,立積元大99購01  ,0,0,0,0,0,0,0,0,0,-191000,0,0,0,0,191000,-191000,-191000
062050,亞德客統一9C購01,0,0,0,0,0,0,0,0,0,-192000,0,0,0,2000,194000,-192000,-192000
061389,華新科群益9B購01,0,0,0,0,0,0,0,0,0,-192000,0,0,0,92000,284000,-192000,-192000
07644P,南電凱基9A售03  ,0,0,0,0,0,0,0,0,0,-192000,0,0,0,95000,287000,-192000,-192000
055318,華通國票98購01  ,0,0,0,0,0,0,0,0,0,-193000,0,0,0,45000,238000,-193000,-193000
058411,技嘉兆豐99購01  ,0,0,0,0,0,0,0,0,0,-193000,0,0,0,332000,525000,-193000,-193000
055733,奇力新元富97購01,0,0,0,0,0,0,0,0,0,-193000,0,0,0,50000,243000,-193000,-193000
061152,微星群益9A購01  ,0,0,0,0,0,0,0,0,0,-194000,0,0,0,35000,229000,-194000,-194000
061653,上証2X國票9A購02,0,0,0,0,0,0,0,0,0,-194000,0,0,0,10000,204000,-194000,-194000
057053,立積元大98購02  ,0,0,0,0,0,0,0,0,0,-194000,0,0,0,18000,212000,-194000,-194000
057353,玉晶光統一99購01,0,0,0,0,0,0,0,0,0,-194000,0,0,0,8000,202000,-194000,-194000
00660,元大歐洲50      ,0,0,0,0,0,0,0,0,0,-195000,0,0,0,0,195000,-195000,-195000
06901P,亞德客凱基98售02,0,0,0,0,0,0,0,0,0,-195000,0,0,0,15000,210000,-195000,-195000
00701,國泰股利精選30  ,74000,1000,73000,0,0,0,0,0,0,-268740,0,0,0,650000,918740,-268740,-195740
062060,奇鋐統一9C購01  ,0,0,0,0,0,0,0,0,0,-196000,0,0,0,24000,220000,-196000,-196000
060754,華通元大9A購04  ,0,0,0,0,0,0,0,0,0,-196000,0,0,0,50000,246000,-196000,-196000
060833,道瓊反國票9A購01,0,0,0,0,0,0,0,0,0,-196000,0,0,0,3000,199000,-196000,-196000
5243,乙盛-KY         ,149000,346000,-197000,0,0,0,0,0,0,1000,1000,0,1000,0,0,0,-196000
060989,國泰金元大9A購02,0,0,0,0,0,0,0,0,0,-197000,0,0,0,10000,207000,-197000,-197000
061030,喬山永豐9A購01  ,0,0,0,0,0,0,0,0,0,-197000,0,0,0,10000,207000,-197000,-197000
046629,群創統一98購01  ,0,0,0,0,0,0,0,0,0,-197000,0,0,0,0,197000,-197000,-197000
057074,立積永豐98購01  ,0,0,0,0,0,0,0,0,0,-197000,0,0,0,169000,366000,-197000,-197000
057987,大立光元富98購02,0,0,0,0,0,0,0,0,0,-197000,0,0,0,570000,767000,-197000,-197000
061555,聯電國票9B購01  ,0,0,0,0,0,0,0,0,0,-198000,0,0,0,22000,220000,-198000,-198000
061979,友達元大9C購08  ,0,0,0,0,0,0,0,0,0,-198000,0,0,0,13000,211000,-198000,-198000
061817,高鐵群益9B購01  ,0,0,0,0,0,0,0,0,0,-198000,0,0,0,0,198000,-198000,-198000
046928,奇鋐富邦97購01  ,0,0,0,0,0,0,0,0,0,-198000,0,0,0,71000,269000,-198000,-198000
04731P,臺股指中信96售03,0,0,0,0,0,0,0,0,0,-198000,0,0,0,5000,203000,-198000,-198000
054457,強茂群益96購01  ,0,0,0,0,0,0,0,0,0,-198000,0,0,0,158000,356000,-198000,-198000
054062,TPK國票96購02   ,0,0,0,0,0,0,0,0,0,-198000,0,0,0,0,198000,-198000,-198000
07367P,鴻海凱基99售17  ,0,0,0,0,0,0,0,0,0,-198000,0,0,0,0,198000,-198000,-198000
059829,超眾凱基99購05  ,0,0,0,0,0,0,0,0,0,-199000,0,0,0,16000,215000,-199000,-199000
03662C,FBVIX凱基03牛01 ,0,0,0,0,0,0,0,0,0,-199000,0,0,0,6000,205000,-199000,-199000
056397,彩晶永豐99購01  ,0,0,0,0,0,0,0,0,0,-199000,0,0,0,58000,257000,-199000,-199000
059714,A50正2元大9C購01,0,0,0,0,0,0,0,0,0,-200000,0,0,0,0,200000,-200000,-200000
060279,SP黃豆元大9A購01,0,0,0,0,0,0,0,0,0,-200000,0,0,0,0,200000,-200000,-200000
060443,滬深2X元大9A購03,0,0,0,0,0,0,0,0,0,-200000,0,0,0,0,200000,-200000,-200000
062067,滬深2X元大9B購01,0,0,0,0,0,0,0,0,0,-200000,0,0,0,0,200000,-200000,-200000
062068,滬深2X元大9B購02,0,0,0,0,0,0,0,0,0,-200000,0,0,0,0,200000,-200000,-200000
050101,台積電永昌96購03,0,0,0,0,0,0,0,0,0,-200000,0,0,0,0,200000,-200000,-200000
052493,上証2X中信97購02,0,0,0,0,0,0,0,0,0,-200000,0,0,0,0,200000,-200000,-200000
05213P,台積電國票96售05,0,0,0,0,0,0,0,0,0,-200000,0,0,0,0,200000,-200000,-200000
054442,啟碁台新96購01  ,0,0,0,0,0,0,0,0,0,-200000,0,0,0,0,200000,-200000,-200000
054617,超眾永豐97購01  ,0,0,0,0,0,0,0,0,0,-200000,0,0,0,0,200000,-200000,-200000
056100,楠梓電永豐97購02,0,0,0,0,0,0,0,0,0,-200000,0,0,0,0,200000,-200000,-200000
3022,威強電          ,93813,294000,-200187,0,0,0,0,0,0,0,0,0,0,0,0,0,-200187
059840,鴻海富邦9A購02  ,0,0,0,0,0,0,0,0,0,-201000,0,0,0,137000,338000,-201000,-201000
054819,裕民元大9A購01  ,0,0,0,0,0,0,0,0,0,-201000,0,0,0,100000,301000,-201000,-201000
053203,智易日盛96購01  ,0,0,0,0,0,0,0,0,0,-201000,0,0,0,0,201000,-201000,-201000
055109,正崴凱基98購01  ,0,0,0,0,0,0,0,0,0,-202000,0,0,0,0,202000,-202000,-202000
056412,上証2X中信9A購02,0,0,0,0,0,0,0,0,0,-202000,0,0,0,1000,203000,-202000,-202000
058573,鴻海群益9A購02  ,0,0,0,0,0,0,0,0,0,-202000,0,0,0,65000,267000,-202000,-202000
054885,建準統一98購01  ,0,0,0,0,0,0,0,0,0,-203000,0,0,0,1000,204000,-203000,-203000
059019,元石油統一9B購03,0,0,0,0,0,0,0,0,0,-204000,0,0,0,57000,261000,-204000,-204000
060888,金像電統一9C購01,0,0,0,0,0,0,0,0,0,-205000,0,0,0,48000,253000,-205000,-205000
061617,微星群益9A購02  ,0,0,0,0,0,0,0,0,0,-205000,0,0,0,0,205000,-205000,-205000
053956,旺宏永豐96購04  ,0,0,0,0,0,0,0,0,0,-205000,0,0,0,0,205000,-205000,-205000
056986,超眾群益98購03  ,0,0,0,0,0,0,0,0,0,-205000,0,0,0,220000,425000,-205000,-205000
057842,緯穎富邦99購02  ,0,0,0,0,0,0,0,0,0,-205000,0,0,0,19000,224000,-205000,-205000
2634,漢翔            ,217000,429000,-212000,0,0,0,0,0,0,7000,0,0,0,7000,0,7000,-205000
061384,T50反1群益9A購04,0,0,0,0,0,0,0,0,0,-206000,0,0,0,120000,326000,-206000,-206000
060708,康友富邦9B購01  ,0,0,0,0,0,0,0,0,0,-206000,0,0,0,90000,296000,-206000,-206000
4943,康控-KY         ,206000,463000,-257000,0,0,0,0,0,0,51000,0,1000,-1000,71000,19000,52000,-206000
062104,上証2X國票9B購03,0,0,0,0,0,0,0,0,0,-207000,0,0,0,15000,222000,-207000,-207000
055124,建準兆豐97購01  ,0,0,0,0,0,0,0,0,0,-207000,0,0,0,62000,269000,-207000,-207000
054772,康控國票98購02  ,0,0,0,0,0,0,0,0,0,-207000,0,0,0,157000,364000,-207000,-207000
07821P,臺股指國票9A售12,0,0,0,0,0,0,0,0,0,-207000,0,0,0,186000,393000,-207000,-207000
053389,彩晶元大98購01  ,0,0,0,0,0,0,0,0,0,-208000,0,0,0,0,208000,-208000,-208000
056562,奇力新群益98購01,0,0,0,0,0,0,0,0,0,-208000,0,0,0,0,208000,-208000,-208000
059940,微星永豐99購01  ,0,0,0,0,0,0,0,0,0,-209000,0,0,0,0,209000,-209000,-209000
061743,祥碩凱基9B購02  ,0,0,0,0,0,0,0,0,0,-210000,0,0,0,119000,329000,-210000,-210000
054163,燿華凱基97購02  ,0,0,0,0,0,0,0,0,0,-210000,0,0,0,0,210000,-210000,-210000
056026,智易群益97購01  ,0,0,0,0,0,0,0,0,0,-210000,0,0,0,58000,268000,-210000,-210000
059137,電子類群益99購01,0,0,0,0,0,0,0,0,0,-210000,0,0,0,0,210000,-210000,-210000
061455,京元電凱基9B購01,0,0,0,0,0,0,0,0,0,-211000,0,0,0,40000,251000,-211000,-211000
060988,華新科元大9A購12,0,0,0,0,0,0,0,0,0,-211000,0,0,0,0,211000,-211000,-211000
060312,潤泰全永豐9A購01,0,0,0,0,0,0,0,0,0,-211000,0,0,0,8000,219000,-211000,-211000
060190,國泰金元富9A購01,0,0,0,0,0,0,0,0,0,-211000,0,0,0,188000,399000,-211000,-211000
057287,彩晶元大9C購03  ,0,0,0,0,0,0,0,0,0,-212000,0,0,0,10000,222000,-212000,-212000
056911,緯穎元大99購01  ,0,0,0,0,0,0,0,0,0,-212000,0,0,0,46000,258000,-212000,-212000
061307,和潤永豐9A購02  ,0,0,0,0,0,0,0,0,0,-213000,0,0,0,1000,214000,-213000,-213000
056186,智原統一97購01  ,0,0,0,0,0,0,0,0,0,-213000,0,0,0,0,213000,-213000,-213000
060293,緯創元大9A購01  ,0,0,0,0,0,0,0,0,0,-214000,0,0,0,6000,220000,-214000,-214000
055900,瀚宇博中信97購01,0,0,0,0,0,0,0,0,0,-214000,0,0,0,8000,222000,-214000,-214000
061004,友達兆豐9A購01  ,0,0,0,0,0,0,0,0,0,-215000,0,0,0,0,215000,-215000,-215000
052959,聯電凱基97購01  ,0,0,0,0,0,0,0,0,0,-215000,0,0,0,35000,250000,-215000,-215000
07919P,創意永豐9B售01  ,0,0,0,0,0,0,0,0,0,-215000,0,0,0,10000,225000,-215000,-215000
07227P,聯發科元富99售05,0,0,0,0,0,0,0,0,0,-215000,0,0,0,0,215000,-215000,-215000
061021,聯電國泰9B購01  ,0,0,0,0,0,0,0,0,0,-217000,0,0,0,103000,320000,-217000,-217000
058972,新日興永豐9A購01,0,0,0,0,0,0,0,0,0,-217000,0,0,0,19000,236000,-217000,-217000
058027,鴻海富邦98購04  ,0,0,0,0,0,0,0,0,0,-217000,0,0,0,0,217000,-217000,-217000
9910,豐泰            ,292000,476842,-184842,0,0,0,16000,0,16000,-49000,1000,50000,-49000,0,0,0,-217842
060405,中租國泰9C購01  ,0,0,0,0,0,0,0,0,0,-218000,0,0,0,20000,238000,-218000,-218000
058141,嘉聯益元大99購05,0,0,0,0,0,0,0,0,0,-218000,0,0,0,1000,219000,-218000,-218000
054976,上証2X元富9A購01,0,0,0,0,0,0,0,0,0,-218000,0,0,0,0,218000,-218000,-218000
059283,康友永豐99購02  ,0,0,0,0,0,0,0,0,0,-218000,0,0,0,0,218000,-218000,-218000
058293,光寶科凱基9A購01,0,0,0,0,0,0,0,0,0,-219000,0,0,0,2000,221000,-219000,-219000
059710,上証2X元大9C購02,0,0,0,0,0,0,0,0,0,-220000,0,0,0,0,220000,-220000,-220000
062110,華擎國票9B購01  ,0,0,0,0,0,0,0,0,0,-220000,0,0,0,77000,297000,-220000,-220000
053910,嘉聯益凱基98購01,0,0,0,0,0,0,0,0,0,-220000,0,0,0,0,220000,-220000,-220000
07318P,鴻海凱基01售02  ,0,0,0,0,0,0,0,0,0,-220000,0,0,0,0,220000,-220000,-220000
07524P,臺股指中信9B售06,0,0,0,0,0,0,0,0,0,-220000,0,0,0,0,220000,-220000,-220000
051594,和碩元大96購01  ,0,0,0,0,0,0,0,0,0,-221000,0,0,0,100000,321000,-221000,-221000
058422,百和麥證99購01  ,0,0,0,0,221000,-221000,0,0,0,-221000,0,0,0,0,221000,-221000,-221000
057356,彩晶統一98購04  ,0,0,0,0,0,0,0,0,0,-221000,0,0,0,0,221000,-221000,-221000
061113,南電元大9A購03  ,0,0,0,0,0,0,0,0,0,-222000,0,0,0,104000,326000,-222000,-222000
057376,新日興元大98購04,0,0,0,0,0,0,0,0,0,-222000,0,0,0,27000,249000,-222000,-222000
6155,鈞寶            ,238000,460000,-222000,0,0,0,0,0,0,0,0,0,0,0,0,0,-222000
057826,祥碩元大98購08  ,0,0,0,0,0,0,0,0,0,-223000,0,0,0,98000,321000,-223000,-223000
059424,SGBR2X元大9A購01,0,0,0,0,0,0,0,0,0,-223000,0,0,0,294000,517000,-223000,-223000
057658,玉晶光兆豐99購02,0,0,0,0,0,0,0,0,0,-223000,0,0,0,136000,359000,-223000,-223000
055172,凱美統一97購02  ,0,0,0,0,0,0,0,0,0,-224000,0,0,0,74000,298000,-224000,-224000
051381,玉晶光群益98購01,0,0,0,0,0,0,0,0,0,-224000,0,0,0,53000,277000,-224000,-224000
056441,燿華凱基98購01  ,0,0,0,0,0,0,0,0,0,-224000,0,0,0,195000,419000,-224000,-224000
061094,彩晶統一9B購02  ,0,0,0,0,0,0,0,0,0,-225000,0,0,0,73000,298000,-225000,-225000
061234,國巨元大9A購18  ,0,0,0,0,0,0,0,0,0,-225000,0,0,0,217000,442000,-225000,-225000
060180,上証2X元富9A購02,0,0,0,0,0,0,0,0,0,-225000,0,0,0,0,225000,-225000,-225000
054221,華新科統一96購05,0,0,0,0,0,0,0,0,0,-225000,0,0,0,0,225000,-225000,-225000
05830P,滬深2X元富99售03,0,0,0,0,0,0,0,0,0,-225000,0,0,0,45000,270000,-225000,-225000
056668,光磊國票99購01  ,0,0,0,0,0,0,0,0,0,-225000,0,0,0,6000,231000,-225000,-225000
060156,光磊永豐9A購01  ,0,0,0,0,0,0,0,0,0,-226000,0,0,0,3000,229000,-226000,-226000
06088P,建準永豐97售01  ,0,0,0,0,0,0,0,0,0,-226000,0,0,0,40000,266000,-226000,-226000
048754,瀚宇博元富97購01,0,0,0,0,0,0,0,0,0,-226000,0,0,0,0,226000,-226000,-226000
058732,矽格永豐99購01  ,0,0,0,0,0,0,0,0,0,-226000,0,0,0,85000,311000,-226000,-226000
07714P,世紀鋼元大9A售03,0,0,0,0,0,0,0,0,0,-226000,0,0,0,52000,278000,-226000,-226000
060203,緯穎元富9A購01  ,0,0,0,0,0,0,0,0,0,-227000,0,0,0,210000,437000,-227000,-227000
053827,漢唐麥證9A購01  ,0,0,0,0,228000,-228000,0,0,0,-228000,0,0,0,0,228000,-228000,-228000
059101,康控統一9A購01  ,0,0,0,0,0,0,0,0,0,-228000,0,0,0,427000,655000,-228000,-228000
053403,彩晶群益98購01  ,0,0,0,0,0,0,0,0,0,-229000,0,0,0,96000,325000,-229000,-229000
060125,強茂永豐99購01  ,0,0,0,0,0,0,0,0,0,-230000,0,0,0,88000,318000,-230000,-230000
061169,GIS兆豐9A購01   ,0,0,0,0,0,0,0,0,0,-230000,0,0,0,14000,244000,-230000,-230000
061649,緯穎元大9A購06  ,0,0,0,0,0,0,0,0,0,-230000,0,0,0,1000,231000,-230000,-230000
054147,GIS元大96購02   ,0,0,0,0,0,0,0,0,0,-230000,0,0,0,0,230000,-230000,-230000
057420,美食凱基98購01  ,0,0,0,0,0,0,0,0,0,-230000,0,0,0,10000,240000,-230000,-230000
056835,聯電元富99購01  ,0,0,0,0,0,0,0,0,0,-230000,0,0,0,85000,315000,-230000,-230000
061124,微星永豐9A購02  ,0,0,0,0,0,0,0,0,0,-231000,0,0,0,1000,232000,-231000,-231000
051486,玉晶光凱基97購03,0,0,0,0,0,0,0,0,0,-231000,0,0,0,139000,370000,-231000,-231000
057191,祥碩元大98購05  ,0,0,0,0,0,0,0,0,0,-231000,0,0,0,39000,270000,-231000,-231000
054780,中石化群益99購01,0,0,0,0,0,0,0,0,0,-232000,0,0,0,10000,242000,-232000,-232000
057452,新日興元富98購01,0,0,0,0,0,0,0,0,0,-232000,0,0,0,108000,340000,-232000,-232000
057009,信邦中信99購01  ,0,0,0,0,0,0,0,0,0,-232000,0,0,0,87000,319000,-232000,-232000
057739,新日興富邦9B購01,0,0,0,0,0,0,0,0,0,-232000,0,0,0,370000,602000,-232000,-232000
058721,立積元富9C購01  ,0,0,0,0,0,0,0,0,0,-232000,0,0,0,278000,510000,-232000,-232000
07883P,可成凱基9B售03  ,0,0,0,0,0,0,0,0,0,-232000,0,0,0,0,232000,-232000,-232000
4720,德淵            ,118000,350000,-232000,0,0,0,0,0,0,0,0,0,0,0,0,0,-232000
055297,啟碁元大97購01  ,0,0,0,0,0,0,0,0,0,-233000,0,0,0,250000,483000,-233000,-233000
053361,友達元富99購01  ,0,0,0,0,0,0,0,0,0,-233000,0,0,0,0,233000,-233000,-233000
054928,帆宣凱基98購01  ,0,0,0,0,0,0,0,0,0,-233000,0,0,0,0,233000,-233000,-233000
056268,新日興統一97購01,0,0,0,0,0,0,0,0,0,-233000,0,0,0,41000,274000,-233000,-233000
061993,祥碩元大9C購01  ,0,1000,-1000,0,0,0,0,0,0,-233000,0,0,0,167000,400000,-233000,-234000
058822,樺漢國泰9B購01  ,0,0,0,0,0,0,0,0,0,-234000,0,0,0,27000,261000,-234000,-234000
056130,新日興麥證97購01,0,0,0,50000,285000,-235000,0,0,0,-235000,0,0,0,50000,285000,-235000,-235000
056265,國泰金統一97購01,0,0,0,0,0,0,0,0,0,-235000,0,0,0,9000,244000,-235000,-235000
07462P,臺股指元大9B售05,0,0,0,0,0,0,0,0,0,-235000,0,0,0,0,235000,-235000,-235000
057895,全新元富9B購01  ,0,0,0,0,0,0,0,0,0,-236000,0,0,0,301000,537000,-236000,-236000
056850,彩晶元富99購01  ,0,0,0,0,0,0,0,0,0,-237000,0,0,0,98000,335000,-237000,-237000
3005,神基            ,221000,404000,-183000,0,0,0,0,0,0,-54000,6000,0,6000,2000,62000,-60000,-237000
061638,國泰金元大9A購03,0,0,0,0,0,0,0,0,0,-239000,0,0,0,65000,304000,-239000,-239000
057743,華擎永豐98購03  ,0,0,0,0,0,0,0,0,0,-239000,0,0,0,71000,310000,-239000,-239000
060093,友達元大03購01  ,0,0,0,0,0,0,0,0,0,-240000,0,0,0,211000,451000,-240000,-240000
056415,聯發科中信98購04,0,0,0,0,0,0,0,0,0,-240000,0,0,0,0,240000,-240000,-240000
051423,GIS國票97購01   ,0,0,0,0,0,0,0,0,0,-241000,0,0,0,0,241000,-241000,-241000
055025,華新科國泰98購02,0,0,0,0,0,0,0,0,0,-241000,0,0,0,0,241000,-241000,-241000
056426,上証2X凱基9A購01,0,0,0,0,0,0,0,0,0,-241000,0,0,0,8000,249000,-241000,-241000
057729,華新科國泰99購04,0,0,0,0,0,0,0,0,0,-241000,0,0,0,0,241000,-241000,-241000
056991,牧德兆豐98購01  ,0,0,0,0,0,0,0,0,0,-241000,0,0,0,109000,350000,-241000,-241000
053784,奇力新元大97購02,0,0,0,0,0,0,0,0,0,-243000,0,0,0,0,243000,-243000,-243000
060285,聯電元大9C購01  ,0,0,0,0,0,0,0,0,0,-245000,0,0,0,246000,491000,-245000,-245000
061114,南電元大9A購04  ,0,0,0,0,0,0,0,0,0,-245000,0,0,0,39000,284000,-245000,-245000
052837,友達國泰97購01  ,0,0,0,0,0,0,0,0,0,-245000,0,0,0,0,245000,-245000,-245000
054377,臺股指中信99購09,0,0,0,0,0,0,0,0,0,-245000,0,0,0,40000,285000,-245000,-245000
054590,嘉聯益國泰98購01,0,0,0,0,0,0,0,0,0,-245000,0,0,0,30000,275000,-245000,-245000
8163,達方            ,121000,320000,-199000,0,0,0,0,0,0,-46000,6000,18000,-12000,0,34000,-34000,-245000
061055,康控群益9A購01  ,0,0,0,0,0,0,0,0,0,-246000,0,0,0,283000,529000,-246000,-246000
060668,上証2X元大9A購02,0,0,0,0,0,0,0,0,0,-246000,0,0,0,20000,266000,-246000,-246000
060513,緯穎元大9B購01  ,0,0,0,0,0,0,0,0,0,-246000,0,0,0,30000,276000,-246000,-246000
057090,奇力新元富98購02,0,0,0,0,0,0,0,0,0,-246000,0,0,0,1000,247000,-246000,-246000
059885,台積電國票99購12,0,0,0,0,0,0,0,0,0,-247000,0,0,0,12000,259000,-247000,-247000
061027,儒鴻永豐9A購02  ,0,0,0,0,0,0,0,0,0,-247000,0,0,0,5000,252000,-247000,-247000
061491,嘉聯益兆豐9B購01,0,0,0,0,0,0,0,0,0,-247000,0,0,0,5000,252000,-247000,-247000
1904,正隆            ,300000,327000,-27000,0,0,0,0,220000,-220000,0,0,0,0,0,0,0,-247000
053149,京元電元大96購02,0,0,0,0,0,0,0,0,0,-248000,0,0,0,17000,265000,-248000,-248000
057527,億光元大98購01  ,0,0,0,0,0,0,0,0,0,-248000,0,0,0,7000,255000,-248000,-248000
061048,國巨中信9A購05  ,0,0,0,0,0,0,0,0,0,-249000,0,0,0,5000,254000,-249000,-249000
061789,群創群益9B購01  ,0,0,0,0,0,0,0,0,0,-250000,0,0,0,0,250000,-250000,-250000
059975,元金2X元大99購02,0,0,0,0,0,0,0,0,0,-250000,0,0,0,135000,385000,-250000,-250000
060960,金像電凱基9B購01,0,0,0,0,0,0,0,0,0,-250000,0,0,0,251000,501000,-250000,-250000
2464,盟立            ,118000,314000,-196000,0,0,0,0,0,0,-54000,0,50000,-50000,7000,11000,-4000,-250000
060821,SP黃豆元大9A購02,0,0,0,0,0,0,0,0,0,-252000,0,0,0,6000,258000,-252000,-252000
059738,上証2X元富99購01,0,0,0,0,0,0,0,0,0,-252000,0,0,0,0,252000,-252000,-252000
061084,京元電兆豐9A購02,0,0,0,0,0,0,0,0,0,-252000,0,0,0,55000,307000,-252000,-252000
061097,上証2X元大9A購07,0,0,0,0,0,0,0,0,0,-253000,0,0,0,99000,352000,-253000,-253000
053537,玉晶光永豐98購02,0,0,0,0,0,0,0,0,0,-253000,0,0,0,10000,263000,-253000,-253000
055983,全新元富9A購02  ,0,0,0,0,0,0,0,0,0,-254000,0,0,0,300000,554000,-254000,-254000
00712,FH富時不動產    ,186000,17000,169000,0,0,0,0,0,0,-424000,0,0,0,124000,548000,-424000,-255000
1216,統一            ,1403000,1722455,-319455,0,0,0,13000,0,13000,51000,52000,0,52000,0,1000,-1000,-255455
061237,晶技元大9A購01  ,0,0,0,0,0,0,0,0,0,-256000,0,0,0,63000,319000,-256000,-256000
057903,聯鈞永豐99購01  ,0,0,0,0,0,0,0,0,0,-256000,0,0,0,73000,329000,-256000,-256000
057712,南亞科統一9A購01,0,0,0,0,0,0,0,0,0,-257000,0,0,0,51000,308000,-257000,-257000
047675,群創元富96購03  ,0,0,0,0,0,0,0,0,0,-258000,0,0,0,10000,268000,-258000,-258000
053573,臺股指統一99購01,0,0,0,0,0,0,0,0,0,-258000,0,0,0,0,258000,-258000,-258000
053410,啟碁兆豐96購01  ,0,0,0,0,0,0,0,0,0,-258000,0,0,0,0,258000,-258000,-258000
061229,緯穎中信9B購01  ,0,0,0,0,0,0,0,0,0,-259000,0,0,0,100000,359000,-259000,-259000
060198,祥碩元富9A購02  ,0,0,0,0,0,0,0,0,0,-259000,0,0,0,24000,283000,-259000,-259000
054890,聯鈞統一99購01  ,0,0,0,0,0,0,0,0,0,-259000,0,0,0,0,259000,-259000,-259000
057257,台泥兆豐99購01  ,0,0,0,0,0,0,0,0,0,-259000,0,0,0,77000,336000,-259000,-259000
2316,楠梓電          ,122000,334000,-212000,0,0,0,0,0,0,-47000,0,0,0,0,47000,-47000,-259000
060258,T50反1凱基9A購06,0,0,0,0,0,0,0,0,0,-260000,0,0,0,0,260000,-260000,-260000
059730,晶相光元大9C購02,0,0,0,0,0,0,0,0,0,-260000,0,0,0,2000,262000,-260000,-260000
059869,友達凱基99購07  ,0,0,0,0,0,0,0,0,0,-261000,0,0,0,0,261000,-261000,-261000
059833,緯穎康和99購01  ,0,0,0,0,0,0,0,0,0,-261000,0,0,0,0,261000,-261000,-261000
058834,GIS永豐99購01   ,0,0,0,0,0,0,0,0,0,-261000,0,0,0,41000,302000,-261000,-261000
060933,南電永豐9A購02  ,0,0,0,0,0,0,0,0,0,-262000,0,0,0,192000,454000,-262000,-262000
061213,群創元大9A購05  ,0,0,0,0,0,0,0,0,0,-262000,0,0,0,10000,272000,-262000,-262000
054504,聯鈞永豐96購01  ,0,0,0,0,0,0,0,0,0,-262000,0,0,0,28000,290000,-262000,-262000
058139,臻鼎元大99購01  ,0,0,0,0,0,0,0,0,0,-262000,0,0,0,412000,674000,-262000,-262000
2451,創見            ,227000,472000,-245000,0,0,0,0,0,0,-17000,0,0,0,0,17000,-17000,-262000
060762,長榮航元大9A購02,0,0,0,0,0,0,0,0,0,-264000,0,0,0,4000,268000,-264000,-264000
052779,欣興國票97購01  ,0,0,0,0,0,0,0,0,0,-264000,0,0,0,76000,340000,-264000,-264000
057973,神達富邦9A購01  ,0,0,0,0,0,0,0,0,0,-264000,0,0,0,0,264000,-264000,-264000
07634P,金像電元大9A售01,0,0,0,0,0,0,0,0,0,-264000,0,0,0,236000,500000,-264000,-264000
059539,緯穎凱基99購03  ,0,0,0,0,0,0,0,0,0,-265000,0,0,0,5000,270000,-265000,-265000
054860,台積電群益98購01,0,0,0,0,0,0,0,0,0,-265000,0,0,0,100000,365000,-265000,-265000
060817,華邦電台新9A購01,0,0,0,0,0,0,0,0,0,-266000,0,0,0,151000,417000,-266000,-266000
060556,緯穎凱基9A購04  ,1000,0,1000,0,0,0,0,0,0,-267000,0,0,0,0,267000,-267000,-266000
061718,GIS凱基9B購01   ,0,0,0,0,0,0,0,0,0,-266000,0,0,0,16000,282000,-266000,-266000
055388,華通統一97購03  ,0,0,0,0,0,0,0,0,0,-266000,0,0,0,58000,324000,-266000,-266000
05348P,美律元富98售01  ,0,0,0,0,0,0,0,0,0,-267000,0,0,0,0,267000,-267000,-267000
058265,奇力新永豐9A購01,0,0,0,0,0,0,0,0,0,-267000,0,0,0,0,267000,-267000,-267000
061145,臻鼎中信9A購02  ,0,0,0,0,0,0,0,0,0,-268000,0,0,0,257000,525000,-268000,-268000
059697,上証2X凱基9A購03,0,0,0,0,0,0,0,0,0,-268000,0,0,0,0,268000,-268000,-268000
053593,晶技元大98購01  ,0,0,0,0,0,0,0,0,0,-268000,0,0,0,29000,297000,-268000,-268000
1707,葡萄王          ,87000,141900,-54900,0,0,0,0,209000,-209000,-5000,0,4000,-4000,1000,2000,-1000,-268900
059778,上証2X元大9C購03,0,0,0,0,0,0,0,0,0,-269000,0,0,0,0,269000,-269000,-269000
061699,燿華國票9A購01  ,0,0,0,0,0,0,0,0,0,-269000,0,0,0,227000,496000,-269000,-269000
057892,上証2X元富02購01,0,0,0,0,0,0,0,0,0,-270000,0,0,0,0,270000,-270000,-270000
4967,十銓            ,92000,362000,-270000,0,0,0,0,0,0,0,0,0,0,0,0,0,-270000
059999,緯穎元富99購01  ,0,0,0,0,0,0,0,0,0,-271000,0,0,0,0,271000,-271000,-271000
061511,緯穎富邦9B購02  ,0,0,0,0,0,0,0,0,0,-272000,0,0,0,538000,810000,-272000,-272000
057206,立積元富98購01  ,0,0,0,0,0,0,0,0,0,-272000,0,0,0,41000,313000,-272000,-272000
057442,玉晶光統一98購03,0,0,0,0,0,0,0,0,0,-272000,0,0,0,10000,282000,-272000,-272000
061594,玉晶光永豐9A購08,0,0,0,0,0,0,0,0,0,-273000,0,0,0,8000,281000,-273000,-273000
061958,鴻海統一01購01  ,0,0,0,0,0,0,0,0,0,-273000,0,0,0,94000,367000,-273000,-273000
051553,牧德永豐96購02  ,0,0,0,0,0,0,0,0,0,-273000,0,0,0,153000,426000,-273000,-273000
8011,台通            ,160000,434000,-274000,0,0,0,0,0,0,1000,1000,0,1000,0,0,0,-273000
061091,奇力新統一9C購02,0,0,0,0,0,0,0,0,0,-275000,0,0,0,219000,494000,-275000,-275000
055131,茂林康和97購01  ,0,0,0,0,0,0,0,0,0,-275000,0,0,0,350000,625000,-275000,-275000
053364,友達國泰98購01  ,0,0,0,0,0,0,0,0,0,-275000,0,0,0,0,275000,-275000,-275000
9938,百和            ,878000,363550,514450,0,0,0,0,745000,-745000,-45000,6000,14000,-8000,29000,66000,-37000,-275550
061189,可成富邦9B購02  ,0,0,0,0,0,0,0,0,0,-276000,0,0,0,22000,298000,-276000,-276000
057762,全新凱基99購03  ,0,0,0,0,0,0,0,0,0,-277000,0,0,0,0,277000,-277000,-277000
061475,漢唐元大9A購01  ,0,0,0,0,0,0,0,0,0,-278000,0,0,0,0,278000,-278000,-278000
057804,為升元大98購01  ,0,0,0,0,0,0,0,0,0,-278000,0,0,0,1498000,1776000,-278000,-278000
061676,新光金元大9A購03,0,0,0,0,0,0,0,0,0,-279000,0,0,0,0,279000,-279000,-279000
061815,奇力新群益9B購02,0,0,0,0,0,0,0,0,0,-281000,0,0,0,0,281000,-281000,-281000
061580,華擎元大9A購06  ,0,0,0,0,0,0,0,0,0,-281000,0,0,0,3000,284000,-281000,-281000
054974,台表科元大98購02,0,0,0,0,0,0,0,0,0,-281000,0,0,0,0,281000,-281000,-281000
057260,微星兆豐98購01  ,0,0,0,0,0,0,0,0,0,-281000,0,0,0,0,281000,-281000,-281000
057141,嘉聯益兆豐99購01,0,0,0,0,0,0,0,0,0,-281000,0,0,0,0,281000,-281000,-281000
2308,台達電          ,2149565,2443855,-294290,0,0,0,6000,0,6000,5000,6000,0,6000,29000,30000,-1000,-283290
059695,聯鈞永豐99購02  ,0,0,0,0,0,0,0,0,0,-284000,0,0,0,2000,286000,-284000,-284000
060348,上証2X元富9A購03,0,0,0,0,0,0,0,0,0,-284000,0,0,0,0,284000,-284000,-284000
07535P,上銀元富9A售03  ,0,0,0,0,0,0,0,0,0,-284000,0,0,0,14000,298000,-284000,-284000
061747,南亞科統一01購01,0,0,0,0,0,0,0,0,0,-285000,0,0,0,10000,295000,-285000,-285000
2606,裕民            ,346000,631000,-285000,0,0,0,0,0,0,0,0,0,0,0,0,0,-285000
060131,GIS永豐99購03   ,0,0,0,0,0,0,0,0,0,-286000,0,0,0,0,286000,-286000,-286000
060641,聯鈞永豐9A購01  ,0,0,0,0,0,0,0,0,0,-287000,0,0,0,0,287000,-287000,-287000
062013,奇鋐富邦9B購01  ,0,0,0,0,0,0,0,0,0,-287000,0,0,0,10000,297000,-287000,-287000
053844,GIS統一96購01   ,0,0,0,0,0,0,0,0,0,-287000,0,0,0,0,287000,-287000,-287000
051607,緯創群益96購02  ,0,0,0,0,0,0,0,0,0,-287000,0,0,0,0,287000,-287000,-287000
060610,玉晶光凱基9B購02,0,0,0,0,0,0,0,0,0,-288000,0,0,0,63000,351000,-288000,-288000
1907,永豐餘          ,720000,1008000,-288000,0,0,0,0,0,0,0,0,0,0,0,0,0,-288000
052095,彩晶元大97購01  ,0,0,0,0,0,0,0,0,0,-289000,0,0,0,106000,395000,-289000,-289000
053051,楠梓電國票97購01,0,0,0,0,0,0,0,0,0,-290000,0,0,0,10000,300000,-290000,-290000
057428,正崴兆豐98購01  ,0,0,0,0,0,0,0,0,0,-290000,0,0,0,176000,466000,-290000,-290000
061634,遠東新元大9A購01,0,0,0,0,0,0,0,0,0,-292000,0,0,0,266000,558000,-292000,-292000
057836,南亞科國泰9A購01,0,0,0,0,0,0,0,0,0,-292000,0,0,0,11000,303000,-292000,-292000
060397,群創國票9A購01  ,0,0,0,0,0,0,0,0,0,-293000,0,0,0,13000,306000,-293000,-293000
046942,友達元大99購01  ,0,0,0,0,0,0,0,0,0,-293000,0,0,0,70000,363000,-293000,-293000
060625,華擎元大9A購01  ,0,0,0,0,0,0,0,0,0,-294000,0,0,0,91000,385000,-294000,-294000
053921,嘉晶國票97購03  ,0,0,0,0,0,0,0,0,0,-294000,0,0,0,99000,393000,-294000,-294000
058431,國巨統一9B購01  ,0,0,0,0,0,0,0,0,0,-294000,0,0,0,256000,550000,-294000,-294000
07287P,全新群益9B售01  ,0,0,0,0,0,0,0,0,0,-294000,0,0,0,104000,398000,-294000,-294000
061123,燿華永豐9A購01  ,0,0,0,0,0,0,0,0,0,-295000,0,0,0,0,295000,-295000,-295000
057016,中石化凱基9B購01,0,0,0,0,0,0,0,0,0,-295000,0,0,0,69000,364000,-295000,-295000
6271,同欣電          ,391000,1295000,-904000,0,0,0,544000,0,544000,64000,127000,25000,102000,46000,84000,-38000,-296000
059080,亞泥元大99購01  ,0,0,0,0,0,0,0,0,0,-297000,0,0,0,6000,303000,-297000,-297000
061684,T50反1群益9A購06,0,0,0,0,0,0,0,0,0,-299000,0,0,0,0,299000,-299000,-299000
060287,燿華元大9A購01  ,0,0,0,0,0,0,0,0,0,-299000,0,0,0,49000,348000,-299000,-299000
052102,台泥兆豐96購01  ,0,0,0,0,0,0,0,0,0,-299000,0,0,0,97000,396000,-299000,-299000
054365,遠東新中信96購01,0,0,0,0,0,0,0,0,0,-300000,0,0,0,100000,400000,-300000,-300000
052968,燿華群益98購01  ,0,0,0,0,0,0,0,0,0,-300000,0,0,0,0,300000,-300000,-300000
056283,鴻海永豐97購03  ,0,0,0,0,0,0,0,0,0,-300000,0,0,0,0,300000,-300000,-300000
07820P,臺股指國票9A售11,0,0,0,0,0,0,0,0,0,-300000,0,0,0,0,300000,-300000,-300000
060793,微星永豐9A購01  ,0,0,0,0,0,0,0,0,0,-301000,0,0,0,78000,379000,-301000,-301000
061041,南電永豐9A購03  ,0,0,0,0,0,0,0,0,0,-301000,0,0,0,63000,364000,-301000,-301000
059201,祥碩永豐99購02  ,0,0,0,0,0,0,0,0,0,-302000,0,0,0,64000,366000,-302000,-302000
056396,祥碩永豐98購01  ,0,0,0,0,0,0,0,0,0,-302000,0,0,0,11000,313000,-302000,-302000
07086P,力成元富9C售01  ,0,0,0,0,0,0,0,0,0,-302000,0,0,0,209000,511000,-302000,-302000
060976,SP黃豆元大9A購03,0,0,0,0,0,0,0,0,0,-304000,0,0,0,0,304000,-304000,-304000
057982,帆宣永豐98購01  ,0,0,0,0,0,0,0,0,0,-304000,0,0,0,0,304000,-304000,-304000
057085,立積統一9B購02  ,0,0,0,0,0,0,0,0,0,-304000,0,0,0,156000,460000,-304000,-304000
058540,嘉聯益國泰9A購02,0,0,0,0,0,0,0,0,0,-304000,0,0,0,25000,329000,-304000,-304000
060701,玉晶光國泰9C購01,0,0,0,0,0,0,0,0,0,-305000,0,0,0,330000,635000,-305000,-305000
058808,大成鋼統一9B購01,0,0,0,0,0,0,0,0,0,-305000,0,0,0,93000,398000,-305000,-305000
060781,台郡國泰9B購01  ,0,0,0,0,0,0,0,0,0,-306000,0,0,0,26000,332000,-306000,-306000
056058,建準元大97購02  ,0,0,0,0,0,0,0,0,0,-306000,0,0,0,9000,315000,-306000,-306000
061598,南電永豐9A購04  ,0,0,0,0,0,0,0,0,0,-307000,0,0,0,167000,474000,-307000,-307000
056430,鴻海凱基98購06  ,0,0,0,0,0,0,0,0,0,-307000,0,0,0,20000,327000,-307000,-307000
056664,上証反中信9B購01,0,0,0,0,0,0,0,0,0,-307000,0,0,0,0,307000,-307000,-307000
060677,京元電元大9A購04,0,0,0,0,0,0,0,0,0,-308000,0,0,0,37000,345000,-308000,-308000
2489,瑞軒            ,114000,425000,-311000,0,0,0,0,0,0,3000,3000,0,3000,0,0,0,-308000
060717,康控永豐9A購01  ,0,0,0,0,0,0,0,0,0,-310000,0,0,0,0,310000,-310000,-310000
061439,寶成凱基9A購01  ,0,0,0,0,0,0,0,0,0,-310000,0,0,0,396000,706000,-310000,-310000
058184,鴻海永豐99購01  ,0,0,0,0,0,0,0,0,0,-310000,0,0,0,0,310000,-310000,-310000
07502P,美食元大9A售01  ,0,0,0,0,0,0,0,0,0,-310000,0,0,0,0,310000,-310000,-310000
055795,茂林國泰98購01  ,0,0,0,0,0,0,0,0,0,-311000,0,0,0,8000,319000,-311000,-311000
059188,京元電富邦9B購01,0,0,0,0,0,0,0,0,0,-311000,0,0,0,63000,374000,-311000,-311000
061066,嘉晶凱基9B購01  ,0,0,0,0,0,0,0,0,0,-312000,0,0,0,8000,320000,-312000,-312000
053107,旺宏兆豐97購01  ,0,0,0,0,0,0,0,0,0,-312000,0,0,0,10000,322000,-312000,-312000
060908,金像電元大9A購03,0,24000,-24000,0,0,0,0,0,0,-289000,0,0,0,96000,385000,-289000,-313000
062033,瀚宇博群益9B購01,0,0,0,0,0,0,0,0,0,-315000,0,0,0,44000,359000,-315000,-315000
059358,旺宏永豐99購02  ,0,0,0,0,0,0,0,0,0,-315000,0,0,0,0,315000,-315000,-315000
060441,上証2X元大9A購01,0,0,0,0,0,0,0,0,0,-316000,0,0,0,0,316000,-316000,-316000
056944,鴻海統一98購11  ,0,0,0,0,0,0,0,0,0,-316000,0,0,0,25000,341000,-316000,-316000
058518,玉晶光元大99購13,0,0,0,0,0,0,0,0,0,-318000,0,0,0,124000,442000,-318000,-318000
4904,遠傳            ,560000,866038,-306038,0,0,0,5000,0,5000,-18000,1000,8000,-7000,0,11000,-11000,-319038
06005P,晶豪科永豐96售04,0,0,0,0,0,0,0,0,0,-320000,0,0,0,0,320000,-320000,-320000
052604,建準元大97購01  ,2000,0,2000,0,0,0,0,0,0,-322000,0,0,0,39000,361000,-322000,-320000
056075,瀚宇博元大97購03,0,0,0,0,0,0,0,0,0,-320000,0,0,0,36000,356000,-320000,-320000
059168,奇力新凱基99購05,0,0,0,0,0,0,0,0,0,-320000,0,0,0,0,320000,-320000,-320000
057393,台積電中信02購01,0,0,0,0,0,0,0,0,0,-320000,0,0,0,0,320000,-320000,-320000
061537,SP黃豆群益9A購02,0,0,0,0,0,0,0,0,0,-321000,0,0,0,0,321000,-321000,-321000
054338,全新統一96購01  ,0,0,0,0,0,0,0,0,0,-321000,0,0,0,0,321000,-321000,-321000
055955,微星元大97購01  ,0,0,0,0,0,0,0,0,0,-321000,0,0,0,216000,537000,-321000,-321000
060313,淘帝永豐9A購01  ,0,0,0,0,0,0,0,0,0,-322000,0,0,0,8000,330000,-322000,-322000
060104,新日興元大99購03,0,0,0,0,0,0,0,0,0,-324000,0,0,0,158000,482000,-324000,-324000
053950,緯穎富邦97購02  ,0,0,0,0,0,0,0,0,0,-325000,0,0,0,0,325000,-325000,-325000
062212,臻鼎台新9B購01  ,0,0,0,0,0,0,0,0,0,-327000,0,0,0,0,327000,-327000,-327000
053780,南亞科元大96購03,0,0,0,0,0,0,0,0,0,-327000,0,0,0,0,327000,-327000,-327000
057626,技嘉富邦9A購01  ,0,0,0,0,0,0,0,0,0,-329000,0,0,0,3000,332000,-329000,-329000
055802,新日興永豐97購01,0,0,0,0,0,0,0,0,0,-330000,0,0,0,0,330000,-330000,-330000
3443,創意            ,208000,516000,-308000,0,0,0,0,32000,-32000,10000,8000,8000,0,14000,4000,10000,-330000
2892,第一金          ,4702000,5019275,-317275,0,0,0,28000,0,28000,-41000,1000,20000,-19000,0,22000,-22000,-330275
060604,宏達電凱基9B購01,0,0,0,0,0,0,0,0,0,-332000,0,0,0,69000,401000,-332000,-332000
060720,嘉聯益永豐9A購02,0,0,0,0,0,0,0,0,0,-332000,0,0,0,0,332000,-332000,-332000
060437,宏全永豐9A購01  ,0,0,0,0,0,0,0,0,0,-333000,0,0,0,0,333000,-333000,-333000
054874,帆宣群益99購02  ,0,0,0,0,0,0,0,0,0,-333000,0,0,0,0,333000,-333000,-333000
056680,華通統一98購04  ,0,0,0,0,0,0,0,0,0,-333000,0,0,0,214000,547000,-333000,-333000
061540,台積電群益9A購07,0,0,0,0,0,0,0,0,0,-334000,0,0,0,95000,429000,-334000,-334000
060398,立積國票9B購01  ,0,0,0,0,0,0,0,0,0,-335000,0,0,0,0,335000,-335000,-335000
006208,富邦台50        ,4000,3000,1000,0,0,0,0,0,0,-336000,0,0,0,919000,1255000,-336000,-335000
057482,微星元大98購03  ,0,0,0,0,0,0,0,0,0,-335000,0,0,0,31000,366000,-335000,-335000
057820,華擎元大98購02  ,0,0,0,0,0,0,0,0,0,-337000,0,0,0,71000,408000,-337000,-337000
055295,瀚宇博元大97購02,0,0,0,0,0,0,0,0,0,-338000,0,0,0,15000,353000,-338000,-338000
052167,亞泥元大96購01  ,0,0,0,0,0,0,0,0,0,-339000,0,0,0,6000,345000,-339000,-339000
061749,群創統一9C購02  ,0,0,0,0,0,0,0,0,0,-341000,0,0,0,0,341000,-341000,-341000
057491,美食元大98購03  ,0,0,0,0,0,0,0,0,0,-341000,0,0,0,5000,346000,-341000,-341000
057972,群創富邦9C購01  ,0,0,0,0,0,0,0,0,0,-342000,0,0,0,0,342000,-342000,-342000
061214,華擎元大9A購04  ,0,0,0,0,0,0,0,0,0,-343000,0,0,0,148000,491000,-343000,-343000
054872,瀚宇博群益98購01,0,0,0,0,0,0,0,0,0,-344000,0,0,0,30000,374000,-344000,-344000
058604,華邦電元大99購03,0,0,0,0,0,0,0,0,0,-344000,0,0,0,34000,378000,-344000,-344000
059005,嘉晶元大99購06  ,0,0,0,0,0,0,0,0,0,-344000,0,0,0,229000,573000,-344000,-344000
6443,元晶            ,206000,550000,-344000,0,0,0,0,0,0,0,0,0,0,0,0,0,-344000
061951,南電群益9B購01  ,0,0,0,0,0,0,0,0,0,-345000,0,0,0,215000,560000,-345000,-345000
057597,華通群益9A購02  ,0,0,0,0,0,0,0,0,0,-348000,0,0,0,2000,350000,-348000,-348000
07597P,臺股指中信01售02,0,0,0,0,0,0,0,0,0,-348000,0,0,0,592000,940000,-348000,-348000
00717,富邦美國特別股  ,0,0,0,0,0,0,0,0,0,-348632,0,0,0,354000,702632,-348632,-348632
053246,聯詠國票97購02  ,0,0,0,0,0,0,0,0,0,-350000,0,0,0,0,350000,-350000,-350000
062167,燿華永豐9B購01  ,0,0,0,0,0,0,0,0,0,-352000,0,0,0,20000,372000,-352000,-352000
061157,聯鈞群益9A購02  ,0,0,0,0,0,0,0,0,0,-352000,0,0,0,0,352000,-352000,-352000
054784,順德群益9A購01  ,0,0,0,0,0,0,0,0,0,-354000,0,0,0,0,354000,-354000,-354000
5388,中磊            ,43000,390000,-347000,0,0,0,0,0,0,-7000,0,0,0,15000,22000,-7000,-354000
2449,京元電子        ,2215000,2609000,-394000,0,0,0,0,0,0,39000,86000,237000,-151000,261000,71000,190000,-355000
056549,嘉聯益凱基98購04,0,0,0,0,0,0,0,0,0,-357000,0,0,0,0,357000,-357000,-357000
058896,中環元大99購03  ,0,0,0,0,0,0,0,0,0,-357000,0,0,0,40000,397000,-357000,-357000
3036,文曄            ,304000,501034,-197034,0,0,0,0,0,0,-160488,0,191488,-191488,31000,0,31000,-357522
061185,嘉晶國泰9B購01  ,0,0,0,0,0,0,0,0,0,-358000,0,0,0,129000,487000,-358000,-358000
058447,玉晶光富邦9A購02,0,0,0,0,0,0,0,0,0,-358000,0,0,0,0,358000,-358000,-358000
051055,友達群益98購01  ,0,0,0,0,0,0,0,0,0,-358000,0,0,0,0,358000,-358000,-358000
057267,康控兆豐99購01  ,0,0,0,0,0,0,0,0,0,-358000,0,0,0,87000,445000,-358000,-358000
055245,凱美統一99購01  ,0,0,0,0,0,0,0,0,0,-360000,0,0,0,60000,420000,-360000,-360000
057627,和大永豐98購01  ,0,0,0,0,0,0,0,0,0,-360000,0,0,0,0,360000,-360000,-360000
1712,興農            ,126000,486000,-360000,0,0,0,0,0,0,0,0,0,0,0,0,0,-360000
06885P,國巨國票99售06  ,0,0,0,0,0,0,0,0,0,-360000,0,0,0,50000,410000,-360000,-360000
061880,台郡元大9B購02  ,0,0,0,0,0,0,0,0,0,-362000,0,0,0,22000,384000,-362000,-362000
056774,和鑫元大98購01  ,0,0,0,0,0,0,0,0,0,-362000,0,0,0,139000,501000,-362000,-362000
056615,燿華永豐98購02  ,0,0,0,0,0,0,0,0,0,-362000,0,0,0,0,362000,-362000,-362000
062125,嘉晶統一9B購01  ,0,0,0,0,0,0,0,0,0,-363000,0,0,0,4000,367000,-363000,-363000
053340,建準國票97購01  ,0,0,0,0,0,0,0,0,0,-363000,0,0,0,15000,378000,-363000,-363000
054710,東元元富97購01  ,0,0,0,0,0,0,0,0,0,-364000,0,0,0,150000,514000,-364000,-364000
052777,燿華國票98購01  ,0,0,0,0,0,0,0,0,0,-366000,0,0,0,90000,456000,-366000,-366000
061284,友達統一9C購01  ,0,0,0,0,0,0,0,0,0,-367000,0,0,0,10000,377000,-367000,-367000
052395,上証2X凱基97購01,0,0,0,0,0,0,0,0,0,-370000,0,0,0,0,370000,-370000,-370000
060927,嘉晶永豐9A購01  ,0,0,0,0,0,0,0,0,0,-371000,0,0,0,74000,445000,-371000,-371000
9958,世紀鋼          ,472000,640590,-168590,0,0,0,0,40000,-40000,-163000,5000,0,5000,29000,197000,-168000,-371590
060706,群創富邦9A購01  ,0,0,0,0,0,0,0,0,0,-372000,0,0,0,0,372000,-372000,-372000
060423,智易永豐9A購01  ,0,0,0,0,0,0,0,0,0,-372000,0,0,0,268000,640000,-372000,-372000
056269,新日興統一98購01,0,0,0,0,0,0,0,0,0,-372000,0,0,0,0,372000,-372000,-372000
059189,國泰金富邦9B購01,0,0,0,0,0,0,0,0,0,-372000,0,0,0,0,372000,-372000,-372000
061944,聯電群益9B購01  ,0,0,0,0,0,0,0,0,0,-374000,0,0,0,0,374000,-374000,-374000
061616,鴻海群益9A購07  ,0,0,0,0,0,0,0,0,0,-375000,0,0,0,72000,447000,-375000,-375000
058656,燿華中信99購01  ,0,0,0,0,0,0,0,0,0,-376000,0,0,0,294000,670000,-376000,-376000
057969,緯穎國泰99購01  ,0,0,0,0,0,0,0,0,0,-376000,0,0,0,174000,550000,-376000,-376000
056755,聯茂兆豐98購01  ,0,0,0,0,0,0,0,0,0,-377000,0,0,0,88000,465000,-377000,-377000
058055,華擎統一9A購01  ,0,0,0,0,0,0,0,0,0,-378000,0,0,0,769000,1147000,-378000,-378000
061503,臻鼎國票9B購01  ,0,0,0,0,0,0,0,0,0,-381000,0,0,0,9000,390000,-381000,-381000
057649,嘉聯益元大99購04,0,0,0,0,0,0,0,0,0,-382000,0,0,0,4000,386000,-382000,-382000
2387,精元            ,532000,419000,113000,0,0,0,0,0,0,-495000,1000,160000,-159000,16000,352000,-336000,-382000
060412,儒鴻永豐9A購01  ,0,0,0,0,0,0,0,0,0,-383000,0,0,0,94000,477000,-383000,-383000
061473,台積電元大9A購33,0,0,0,0,0,0,0,0,0,-384000,0,0,0,28000,412000,-384000,-384000
062052,華通統一01購01  ,0,0,0,0,0,0,0,0,0,-384000,0,0,0,34000,418000,-384000,-384000
056577,玉晶光元大99購06,11000,0,11000,0,0,0,0,0,0,-395000,0,0,0,116000,511000,-395000,-384000
060408,和潤國泰9C購01  ,0,0,0,0,0,0,0,0,0,-385000,0,0,0,42000,427000,-385000,-385000
061848,國巨國票9B購07  ,0,0,0,0,0,0,0,0,0,-386000,0,0,0,199000,585000,-386000,-386000
06283P,祥碩永豐97售01  ,0,0,0,0,0,0,0,0,0,-387000,0,0,0,0,387000,-387000,-387000
061423,廣達元大9A購01  ,1000,0,1000,0,0,0,0,0,0,-388000,0,0,0,312000,700000,-388000,-387000
053113,瀚宇博兆豐97購01,0,0,0,0,0,0,0,0,0,-387000,0,0,0,0,387000,-387000,-387000
055859,啟碁元大97購03  ,0,0,0,0,0,0,0,0,0,-387000,0,0,0,68000,455000,-387000,-387000
061869,智邦元大9B購01  ,0,0,0,0,0,0,0,0,0,-388000,0,0,0,9000,397000,-388000,-388000
057516,和鑫元富98購01  ,0,0,0,0,0,0,0,0,0,-388000,0,0,0,115000,503000,-388000,-388000
059709,上証2X元大9C購01,0,0,0,0,0,0,0,0,0,-389000,0,0,0,0,389000,-389000,-389000
051193,新日興兆豐96購01,0,0,0,0,0,0,0,0,0,-389000,0,0,0,10000,399000,-389000,-389000
060764,華擎元大9A購03  ,0,0,0,0,0,0,0,0,0,-391000,0,0,0,44000,435000,-391000,-391000
061413,台勝科群益9A購01,0,0,0,0,0,0,0,0,0,-392000,0,0,0,78000,470000,-392000,-392000
053316,友達群益9A購01  ,0,0,0,0,0,0,0,0,0,-393000,0,0,0,0,393000,-393000,-393000
060130,瀚宇博永豐99購02,0,0,0,0,0,0,0,0,0,-396000,0,0,0,13000,409000,-396000,-396000
061533,友達統一9C購02  ,0,0,0,0,0,0,0,0,0,-397000,0,0,0,20000,417000,-397000,-397000
061900,志超永豐9B購01  ,0,0,0,0,0,0,0,0,0,-397000,0,0,0,82000,479000,-397000,-397000
056309,合勤控元大97購01,0,0,0,0,0,0,0,0,0,-397000,0,0,0,41000,438000,-397000,-397000
07478P,南電康和9A售02  ,0,0,0,0,0,0,0,0,0,-397000,0,0,0,372000,769000,-397000,-397000
062012,燿華富邦9C購01  ,0,0,0,0,0,0,0,0,0,-398000,0,0,0,0,398000,-398000,-398000
061527,牧德凱基9A購02  ,0,0,0,0,0,0,0,0,0,-398000,0,0,0,486000,884000,-398000,-398000
060374,儒鴻元富9A購01  ,0,0,0,0,0,0,0,0,0,-398000,0,0,0,64000,462000,-398000,-398000
056497,GIS國泰99購01   ,0,0,0,0,0,0,0,0,0,-399000,0,0,0,0,399000,-399000,-399000
3380,明泰            ,586000,984000,-398000,0,0,0,0,0,0,-1000,155000,0,155000,7000,163000,-156000,-399000
059899,上証2X元大9C購04,0,0,0,0,0,0,0,0,0,-402000,0,0,0,0,402000,-402000,-402000
058270,上緯控永豐99購01,0,0,0,0,0,0,0,0,0,-403000,0,0,0,2000,405000,-403000,-403000
060121,新光金富邦99購01,0,0,0,0,0,0,0,0,0,-404000,0,0,0,45000,449000,-404000,-404000
060152,上証2X永豐9A購02,0,0,0,0,0,0,0,0,0,-405000,0,0,0,0,405000,-405000,-405000
061896,景碩永豐9B購01  ,0,0,0,0,0,0,0,0,0,-405000,0,0,0,10000,415000,-405000,-405000
05052P,友達群益97售01  ,0,0,0,0,0,0,0,0,0,-405000,0,0,0,63000,468000,-405000,-405000
00631L,元大台灣50正2   ,227000,259000,-32000,0,0,0,0,0,0,-374000,0,0,0,2189000,2563000,-374000,-406000
061688,華通群益9A購07  ,0,0,0,0,0,0,0,0,0,-407000,0,0,0,8000,415000,-407000,-407000
056571,燿華元大98購02  ,0,0,0,0,0,0,0,0,0,-407000,0,0,0,2000,409000,-407000,-407000
057048,新日興元大98購01,0,0,0,0,0,0,0,0,0,-410000,0,0,0,51000,461000,-410000,-410000
057190,立積元大9A購02  ,0,0,0,0,0,0,0,0,0,-410000,0,0,0,8000,418000,-410000,-410000
058750,緯穎凱基9A購03  ,0,0,0,0,0,0,0,0,0,-412000,0,0,0,0,412000,-412000,-412000
00652,富邦印度        ,150000,75000,75000,0,0,0,0,0,0,-490000,0,0,0,25000,515000,-490000,-415000
054873,帆宣群益99購01  ,0,0,0,0,0,0,0,0,0,-415000,0,0,0,0,415000,-415000,-415000
07386P,臺股指群益99售24,0,0,0,0,0,0,0,0,0,-415000,0,0,0,30000,445000,-415000,-415000
061164,燿華兆豐9B購01  ,0,0,0,0,0,0,0,0,0,-416000,0,0,0,386000,802000,-416000,-416000
055030,帆宣國泰99購02  ,0,0,0,0,0,0,0,0,0,-416000,0,0,0,74000,490000,-416000,-416000
056266,開發金統一9A購01,0,0,0,0,0,0,0,0,0,-417000,0,0,0,131000,548000,-417000,-417000
060474,中租元大9B購01  ,0,0,0,0,0,0,0,0,0,-419000,0,0,0,0,419000,-419000,-419000
07649P,金像電永豐9A售02,0,0,0,0,0,0,0,0,0,-419000,0,0,0,11000,430000,-419000,-419000
059938,凱美永豐99購01  ,0,0,0,0,0,0,0,0,0,-420000,0,0,0,21000,441000,-420000,-420000
053534,微星永豐96購02  ,0,0,0,0,0,0,0,0,0,-420000,0,0,0,59000,479000,-420000,-420000
060700,華新科國泰9C購01,0,0,0,0,0,0,0,0,0,-421000,0,0,0,0,421000,-421000,-421000
053635,技嘉永豐96購01  ,0,0,0,0,0,0,0,0,0,-421000,0,0,0,22000,443000,-421000,-421000
00664R,國泰臺灣加權反1 ,1000,0,1000,0,0,0,0,0,0,-423000,0,0,0,1414000,1837000,-423000,-422000
058079,鴻海群益98購08  ,0,0,0,0,0,0,0,0,0,-423000,0,0,0,153000,576000,-423000,-423000
4906,正文            ,233000,524000,-291000,0,0,0,0,0,0,-133000,1000,0,1000,0,134000,-134000,-424000
060699,華新科國泰9B購03,0,0,0,0,0,0,0,0,0,-425000,0,0,0,40000,465000,-425000,-425000
00692,富邦公司治理    ,0,0,0,0,0,0,0,0,0,-425000,10000,0,10000,1256000,1691000,-435000,-425000
00680L,元大美債20正2   ,0,0,0,0,0,0,0,0,0,-425000,0,0,0,8000,433000,-425000,-425000
052542,友達元富98購01  ,0,0,0,0,0,0,0,0,0,-425000,0,0,0,10000,435000,-425000,-425000
4956,光鋐            ,33000,735000,-702000,0,0,0,0,0,0,276000,0,0,0,416000,140000,276000,-426000
060393,泰鼎群益9A購01  ,0,0,0,0,0,0,0,0,0,-427000,0,0,0,25000,452000,-427000,-427000
051600,新日興兆豐96購02,0,0,0,0,0,0,0,0,0,-429000,0,0,0,94000,523000,-429000,-429000
07491P,臺股指國票9A售09,0,0,0,0,0,0,0,0,0,-430000,0,0,0,50000,480000,-430000,-430000
061457,TPK凱基9A購01   ,0,0,0,0,0,0,0,0,0,-431000,0,0,0,81000,512000,-431000,-431000
055183,聯鈞統一97購01  ,0,0,0,0,0,0,0,0,0,-436000,0,0,0,156000,592000,-436000,-436000
060433,億豐永豐9A購01  ,0,0,0,0,0,0,0,0,0,-440000,0,0,0,63000,503000,-440000,-440000
059183,T50反1台新03購02,0,0,0,0,0,0,0,0,0,-440000,0,0,0,0,440000,-440000,-440000
057467,祥碩永豐98購04  ,0,0,0,0,0,0,0,0,0,-440000,0,0,0,341000,781000,-440000,-440000
058677,矽格群益99購01  ,0,0,0,0,0,0,0,0,0,-440000,0,0,0,110000,550000,-440000,-440000
061972,華新元大9B購01  ,0,0,0,0,0,0,0,0,0,-441000,0,0,0,0,441000,-441000,-441000
060669,上証2X元大9A購03,0,0,0,0,0,0,0,0,0,-442000,0,0,0,0,442000,-442000,-442000
057727,華邦電國泰9A購01,0,0,0,0,0,0,0,0,0,-442000,0,0,0,196000,638000,-442000,-442000
3045,台灣大          ,216000,698407,-482407,0,0,0,4000,0,4000,33000,33000,0,33000,0,0,0,-445407
057960,聯鈞元大98購02  ,0,0,0,0,0,0,0,0,0,-446000,0,0,0,34000,480000,-446000,-446000
061618,友達群益9A購04  ,0,0,0,0,0,0,0,0,0,-447000,0,0,0,98000,545000,-447000,-447000
061411,T50反1群益9A購05,0,0,0,0,0,0,0,0,0,-450000,0,0,0,137000,587000,-450000,-450000
06633P,國巨國票99售01  ,0,0,0,0,0,0,0,0,0,-451000,0,0,0,21000,472000,-451000,-451000
1515,力山            ,441000,942000,-501000,0,0,0,0,0,0,50000,92000,0,92000,15000,57000,-42000,-451000
2106,建大            ,95000,547000,-452000,0,0,0,0,0,0,0,0,0,0,0,0,0,-452000
055707,聯鈞永豐98購01  ,0,0,0,0,0,0,0,0,0,-453000,0,0,0,0,453000,-453000,-453000
061907,裕隆中信9B購01  ,0,0,0,0,0,0,0,0,0,-455000,0,0,0,0,455000,-455000,-455000
052893,聯電群益98購01  ,0,0,0,0,0,0,0,0,0,-455000,0,0,0,66000,521000,-455000,-455000
00643,群益深証中小    ,0,376000,-376000,0,0,0,0,0,0,-80000,0,0,0,77000,157000,-80000,-456000
6214,精誠            ,204000,661000,-457000,0,0,0,0,0,0,1000,1000,0,1000,0,0,0,-456000
057819,新日興元大99購01,0,0,0,0,0,0,0,0,0,-457000,0,0,0,18000,475000,-457000,-457000
6202,盛群            ,130961,602000,-471039,0,0,0,0,0,0,8000,4000,0,4000,4000,0,4000,-463039
058243,華擎元大99購01  ,0,0,0,0,0,0,0,0,0,-465000,0,0,0,371000,836000,-465000,-465000
061535,群創統一9C購01  ,0,0,0,0,0,0,0,0,0,-466000,0,0,0,56000,522000,-466000,-466000
060702,玉晶光國泰9C購02,0,0,0,0,0,0,0,0,0,-466000,0,0,0,443000,909000,-466000,-466000
061162,南電群益9A購02  ,0,0,0,0,0,0,0,0,0,-469000,0,0,0,69000,538000,-469000,-469000
06852P,臺股指元大98售11,0,0,0,0,0,0,0,0,0,-469000,0,0,0,1448000,1917000,-469000,-469000
060611,同欣電凱基9A購02,0,0,0,0,0,0,0,0,0,-470000,0,0,0,482000,952000,-470000,-470000
052738,聯電元大98購02  ,0,0,0,0,0,0,0,0,0,-470000,0,0,0,2000,472000,-470000,-470000
059064,緯穎凱基99購02  ,0,0,0,0,0,0,0,0,0,-470000,0,0,0,15000,485000,-470000,-470000
061939,中租國票9B購01  ,0,0,0,0,0,0,0,0,0,-471000,0,0,0,5000,476000,-471000,-471000
052313,聯電元大98購01  ,0,0,0,0,0,0,0,0,0,-472000,0,0,0,130000,602000,-472000,-472000
056240,嘉晶群益97購02  ,0,0,0,0,0,0,0,0,0,-472000,0,0,0,84000,556000,-472000,-472000
057740,茂林富邦9A購01  ,0,0,0,0,0,0,0,0,0,-473000,0,0,0,60000,533000,-473000,-473000
058546,玉晶光富邦9B購01,0,0,0,0,0,0,0,0,0,-477000,0,0,0,1000,478000,-477000,-477000
057767,緯穎凱基98購06  ,0,0,0,0,0,0,0,0,0,-478000,0,0,0,7000,485000,-478000,-478000
062085,同欣電元大9B購01,0,0,0,0,0,0,0,0,0,-479000,0,0,0,228000,707000,-479000,-479000
07334P,臺股指國票99售19,0,0,0,0,0,0,0,0,0,-479000,0,0,0,226000,705000,-479000,-479000
3042,晶技            ,3208000,4027000,-819000,0,0,0,34000,0,34000,306000,420000,227000,193000,203000,90000,113000,-479000
062190,瀚宇博元大9B購01,0,0,0,0,0,0,0,0,0,-482000,0,0,0,50000,532000,-482000,-482000
056849,瀚宇博元富98購01,0,0,0,0,0,0,0,0,0,-483000,0,0,0,0,483000,-483000,-483000
057368,微星元大98購02  ,0,0,0,0,0,0,0,0,0,-486000,0,0,0,137000,623000,-486000,-486000
054229,超眾元富96購05  ,0,0,0,0,0,0,0,0,0,-489000,0,0,0,137000,626000,-489000,-489000
058049,帆宣元大98購01  ,0,0,0,0,0,0,0,0,0,-489000,0,0,0,2000,491000,-489000,-489000
057061,華擎國泰9A購01  ,0,0,0,0,0,0,0,0,0,-489000,0,0,0,45000,534000,-489000,-489000
061550,聯鈞群益9A購03  ,0,0,0,0,0,0,0,0,0,-491000,0,0,0,45000,536000,-491000,-491000
061283,智邦統一9A購01  ,0,0,0,0,0,0,0,0,0,-493000,0,0,0,28000,521000,-493000,-493000
056673,中石化元富9B購01,0,0,0,0,0,0,0,0,0,-493000,0,0,0,41000,534000,-493000,-493000
054947,興勤元大97購01  ,0,0,0,0,0,0,0,0,0,-495000,0,0,0,37000,532000,-495000,-495000
059849,興勤永豐99購01  ,0,0,0,0,0,0,0,0,0,-496000,0,0,0,51000,547000,-496000,-496000
07366P,國巨康和99售02  ,0,0,0,0,0,0,0,0,0,-497000,0,0,0,77000,574000,-497000,-497000
058510,全新元大9B購02  ,0,0,0,0,0,0,0,0,0,-498000,0,0,0,30000,528000,-498000,-498000
3090,日電貿          ,282000,718000,-436000,0,0,0,0,0,0,-63000,0,0,0,23000,86000,-63000,-499000
057731,華擎國泰9A購02  ,0,0,0,0,0,0,0,0,0,-501000,0,0,0,44000,545000,-501000,-501000
054805,台苯元大9A購01  ,0,0,0,0,0,0,0,0,0,-502000,0,0,0,130000,632000,-502000,-502000
058705,長榮航元大99購01,0,0,0,0,0,0,0,0,0,-503000,0,0,0,5000,508000,-503000,-503000
061615,鴻海群益9A購06  ,0,0,0,0,0,0,0,0,0,-504000,0,0,0,157000,661000,-504000,-504000
062088,緯穎元大9B購04  ,0,0,0,0,0,0,0,0,0,-504000,0,0,0,18000,522000,-504000,-504000
061437,燿華凱基9A購01  ,0,0,0,0,0,0,0,0,0,-507000,0,0,0,80000,587000,-507000,-507000
059403,T50反1台新03購03,0,0,0,0,0,0,0,0,0,-507000,0,0,0,0,507000,-507000,-507000
057096,緯穎元富98購01  ,0,0,0,0,0,0,0,0,0,-508000,0,0,0,20000,528000,-508000,-508000
056351,鴻海元大98購06  ,0,0,0,0,0,0,0,0,0,-510000,0,0,0,0,510000,-510000,-510000
061348,聯鈞元大9A購05  ,0,0,0,0,0,0,0,0,0,-513000,0,0,0,0,513000,-513000,-513000
2820,華票            ,150000,663000,-513000,0,0,0,0,0,0,0,0,0,0,0,0,0,-513000
061127,美食永豐9A購01  ,0,0,0,0,0,0,0,0,0,-515000,0,0,0,5000,520000,-515000,-515000
061720,智邦國泰9C購01  ,0,0,0,0,0,0,0,0,0,-515000,0,0,0,30000,545000,-515000,-515000
4927,泰鼎-KY         ,558000,1096000,-538000,0,0,0,430000,400000,30000,-8000,19000,42000,-23000,135000,120000,15000,-516000
062008,南亞科國泰9C購01,0,0,0,0,0,0,0,0,0,-518000,0,0,0,57000,575000,-518000,-518000
058308,全新元大9B購01  ,0,0,0,0,0,0,0,0,0,-518000,0,0,0,18000,536000,-518000,-518000
057567,嘉聯益富邦9A購01,0,0,0,0,0,0,0,0,0,-518000,0,0,0,312000,830000,-518000,-518000
2461,光群雷          ,153000,679000,-526000,0,0,0,0,0,0,1000,1000,0,1000,0,0,0,-525000
061008,群創兆豐9A購02  ,0,0,0,0,0,0,0,0,0,-526000,0,0,0,31000,557000,-526000,-526000
055265,玉晶光永豐98購03,0,0,0,0,0,0,0,0,0,-526000,0,0,0,0,526000,-526000,-526000
054446,美食兆豐97購01  ,0,0,0,0,0,0,0,0,0,-526000,0,0,0,0,526000,-526000,-526000
052908,大成鋼統一96購01,0,0,0,0,0,0,0,0,0,-527000,0,0,0,50000,577000,-527000,-527000
047962,T50反1中信96購02,0,0,0,0,0,0,0,0,0,-529000,0,0,0,586000,1115000,-529000,-529000
2345,智邦            ,1373000,1980897,-607897,0,0,0,0,22000,-22000,96000,50000,29000,21000,121000,46000,75000,-533897
054088,華新群益98購02  ,0,0,0,0,0,0,0,0,0,-536000,0,0,0,78000,614000,-536000,-536000
057082,玉晶光統一9A購04,0,0,0,0,0,0,0,0,0,-537000,0,0,0,431000,968000,-537000,-537000
062057,華邦電統一01購01,0,0,0,0,0,0,0,0,0,-538000,0,0,0,23000,561000,-538000,-538000
06653P,美食元大98售02  ,0,0,0,0,0,0,0,0,0,-540000,0,0,0,0,540000,-540000,-540000
061074,儒鴻兆豐9B購01  ,0,0,0,0,0,0,0,0,0,-543000,0,0,0,19000,562000,-543000,-543000
3026,禾伸堂          ,265000,805000,-540000,0,0,0,0,0,0,-3000,15000,10000,5000,10000,18000,-8000,-543000
054828,正崴國泰99購01  ,0,0,0,0,0,0,0,0,0,-547000,0,0,0,1000,548000,-547000,-547000
4133,亞諾法          ,887000,1434000,-547000,0,0,0,0,0,0,0,0,0,0,0,0,0,-547000
057812,友達元大9A購05  ,0,0,0,0,0,0,0,0,0,-552000,0,0,0,60000,612000,-552000,-552000
054426,國泰金富邦97購02,0,0,0,0,0,0,0,0,0,-553000,0,0,0,0,553000,-553000,-553000
053939,台表科元富96購03,0,0,0,0,0,0,0,0,0,-560000,0,0,0,40000,600000,-560000,-560000
8039,台虹            ,603000,997000,-394000,0,0,0,0,0,0,-168000,8000,4000,4000,32000,204000,-172000,-562000
060743,鴻海國票9A購03  ,0,0,0,0,0,0,0,0,0,-563000,0,0,0,1000,564000,-563000,-563000
00648R,元大S&P500反1   ,0,0,0,0,0,0,0,0,0,-564000,0,0,0,7000,571000,-564000,-564000
8016,矽創            ,379000,876000,-497000,0,0,0,0,13000,-13000,-54000,0,2000,-2000,6000,58000,-52000,-564000
056665,上証2X國票99購02,0,0,0,0,0,0,0,0,0,-566000,0,0,0,0,566000,-566000,-566000
060373,元金2X元富9A購01,0,0,0,0,0,0,0,0,0,-569000,0,0,0,50000,619000,-569000,-569000
060512,祥碩元大9A購02  ,0,0,0,0,0,0,0,0,0,-575000,0,0,0,182000,757000,-575000,-575000
3376,新日興          ,626000,1798000,-1172000,0,0,0,242000,16000,226000,371000,181000,18000,163000,219000,11000,208000,-575000
1210,大成            ,398000,1111000,-713000,0,0,0,112000,0,112000,23000,60000,37000,23000,0,0,0,-578000
2812,台中銀          ,1867000,2446000,-579000,0,0,0,0,0,0,0,0,0,0,0,0,0,-579000
00737,國泰AI+Robo     ,0,0,0,0,0,0,0,0,0,-581924,0,0,0,84000,665924,-581924,-581924
3532,台勝科          ,274150,727000,-452850,0,0,0,0,0,0,-132000,9000,114000,-105000,0,27000,-27000,-584850
053103,瀚宇博元富96購01,0,0,0,0,0,0,0,0,0,-585000,0,0,0,0,585000,-585000,-585000
061790,中租群益9B購01  ,0,0,0,0,0,0,0,0,0,-590000,0,0,0,80000,670000,-590000,-590000
8081,致新            ,493000,658000,-165000,0,0,0,100000,360000,-260000,-166000,3000,123000,-120000,12000,58000,-46000,-591000
061302,晶技永豐9A購04  ,0,0,0,0,0,0,0,0,0,-592000,0,0,0,20000,612000,-592000,-592000
060391,華擎群益9C購01  ,0,0,0,0,0,0,0,0,0,-593000,0,0,0,22000,615000,-593000,-593000
5434,崇越            ,190000,792000,-602000,0,0,0,0,0,0,5000,10000,5000,5000,0,0,0,-597000
062128,祥碩統一01購01  ,0,0,0,0,0,0,0,0,0,-598000,0,0,0,0,598000,-598000,-598000
051066,台積電國票96購02,0,0,0,0,0,0,0,0,0,-600000,0,0,0,0,600000,-600000,-600000
060193,群創元富9A購01  ,0,0,0,0,0,0,0,0,0,-602000,0,0,0,20000,622000,-602000,-602000
060367,緯穎元富9A購02  ,0,0,0,0,0,0,0,0,0,-603000,0,0,0,5000,608000,-603000,-603000
060434,台汽電永豐9A購01,0,0,0,0,0,0,0,0,0,-606000,0,0,0,15000,621000,-606000,-606000
060792,信錦永豐9A購01  ,0,0,0,0,0,0,0,0,0,-606000,0,0,0,11000,617000,-606000,-606000
061212,聯鈞元大9A購04  ,0,0,0,0,0,0,0,0,0,-606000,0,0,0,25000,631000,-606000,-606000
060965,中租凱基9B購01  ,0,0,0,0,0,0,0,0,0,-608000,0,0,0,31000,639000,-608000,-608000
060468,聯鈞元大9A購02  ,0,0,0,0,0,0,0,0,0,-611000,0,0,0,7000,618000,-611000,-611000
062031,臻鼎群益9B購01  ,0,0,0,0,0,0,0,0,0,-611000,0,0,0,121000,732000,-611000,-611000
061134,大成鋼統一9C購01,0,0,0,0,0,0,0,0,0,-613000,0,0,0,49000,662000,-613000,-613000
060918,康友國泰9C購01  ,0,0,0,0,0,0,0,0,0,-614000,0,0,0,139000,753000,-614000,-614000
055745,臻鼎元富97購01  ,0,0,0,0,0,0,0,0,0,-614000,0,0,0,166000,780000,-614000,-614000
058910,泰鼎元大99購03  ,0,0,0,0,0,0,0,0,0,-619000,0,0,0,181000,800000,-619000,-619000
059400,滬深2X元富9C購04,0,0,0,0,0,0,0,0,0,-619000,0,0,0,208000,827000,-619000,-619000
059865,國巨凱基01購01  ,0,0,0,0,0,0,0,0,0,-622000,0,0,0,161000,783000,-622000,-622000
061026,南電富邦9B購01  ,0,0,0,0,0,0,0,0,0,-623000,0,0,0,121000,744000,-623000,-623000
057169,微星元大98購01  ,0,0,0,0,0,0,0,0,0,-625000,0,0,0,24000,649000,-625000,-625000
057700,新日興群益9A購01,0,0,0,0,0,0,0,0,0,-625000,0,0,0,390000,1015000,-625000,-625000
061774,T50反1國票9B購06,0,0,0,0,0,0,0,0,0,-628000,0,0,0,0,628000,-628000,-628000
061429,南六元大9A購02  ,0,0,0,0,0,0,0,0,0,-629000,0,0,0,50000,679000,-629000,-629000
052328,台表科中信99購01,0,0,0,0,0,0,0,0,0,-636000,0,0,0,474000,1110000,-636000,-636000
060424,中租永豐9A購01  ,0,0,0,0,0,0,0,0,0,-637000,0,0,0,72000,709000,-637000,-637000
061553,南電群益9A購03  ,0,0,0,0,0,0,0,0,0,-638000,0,0,0,118000,756000,-638000,-638000
038489,T50反1台新9A購01,0,0,0,0,0,0,0,0,0,-640000,0,0,0,0,640000,-640000,-640000
1513,中興電          ,573000,672000,-99000,0,0,0,150000,0,150000,-692000,270000,958000,-688000,11000,15000,-4000,-641000
1229,聯華            ,441000,1088365,-647365,0,0,0,0,0,0,3000,3000,0,3000,0,0,0,-644365
07459P,緯穎元大9A售01  ,0,0,0,0,0,0,0,0,0,-646000,0,0,0,60000,706000,-646000,-646000
2371,大同            ,1303000,1876000,-573000,0,0,0,0,0,0,-75000,1000,76000,-75000,0,0,0,-648000
061595,智易永豐9A購02  ,0,0,0,0,0,0,0,0,0,-650000,0,0,0,241000,891000,-650000,-650000
055889,鴻海統一97購05  ,0,0,0,0,0,0,0,0,0,-657000,0,0,0,0,657000,-657000,-657000
057483,微星元大98購04  ,0,0,0,0,0,0,0,0,0,-664000,0,0,0,195000,859000,-664000,-664000
061450,嘉晶中信9A購01  ,0,0,0,0,0,0,0,0,0,-667000,0,0,0,196000,863000,-667000,-667000
8104,錸寶            ,96000,670000,-574000,0,0,0,0,0,0,-94000,0,94000,-94000,0,0,0,-668000
057249,華邦電統一9A購01,0,0,0,0,0,0,0,0,0,-671000,0,0,0,24000,695000,-671000,-671000
061451,南電中信9A購03  ,0,0,0,0,0,0,0,0,0,-673000,0,0,0,168000,841000,-673000,-673000
057773,技嘉群益9A購02  ,0,0,0,0,0,0,0,0,0,-674000,0,0,0,113000,787000,-674000,-674000
058497,新日興群益9B購01,0,0,0,0,0,0,0,0,0,-675000,0,0,0,123000,798000,-675000,-675000
059884,鴻海國票99購09  ,0,0,0,0,0,0,0,0,0,-677000,0,0,0,0,677000,-677000,-677000
061263,微星凱基9A購01  ,0,0,0,0,0,0,0,0,0,-678000,0,0,0,23000,701000,-678000,-678000
062026,華邦電群益9B購01,0,0,0,0,0,0,0,0,0,-696000,0,0,0,10000,706000,-696000,-696000
2439,美律            ,184000,877876,-693876,0,0,0,0,0,0,-5000,10000,0,10000,2000,17000,-15000,-698876
061780,國巨群益9C購01  ,15000,0,15000,0,0,0,0,0,0,-725000,0,0,0,46000,771000,-725000,-710000
061118,GIS富邦9A購01   ,0,0,0,0,0,0,0,0,0,-716000,0,0,0,101000,817000,-716000,-716000
060763,聯鈞元大9A購03  ,0,0,0,0,0,0,0,0,0,-716000,0,0,0,131000,847000,-716000,-716000
2352,佳世達          ,1365000,2107000,-742000,0,0,0,0,0,0,13000,5000,2000,3000,10000,0,10000,-729000
061187,瀚宇博國泰9C購01,0,0,0,0,0,0,0,0,0,-731000,0,0,0,20000,751000,-731000,-731000
054971,帆宣元大97購02  ,0,0,0,0,0,0,0,0,0,-734000,0,0,0,0,734000,-734000,-734000
057380,技嘉國泰9A購01  ,0,0,0,0,0,0,0,0,0,-739000,0,0,0,72000,811000,-739000,-739000
061856,台郡國票9B購02  ,0,0,0,0,0,0,0,0,0,-749000,0,0,0,14000,763000,-749000,-749000
061783,友達群益9B購01  ,0,0,0,0,0,0,0,0,0,-753000,0,0,0,0,753000,-753000,-753000
056943,華通統一99購01  ,0,0,0,0,0,0,0,0,0,-757000,0,0,0,9000,766000,-757000,-757000
1102,亞泥            ,1648000,3665047,-2017047,0,0,0,1137000,0,1137000,119000,45000,9000,36000,120000,37000,83000,-761047
049700,瀚宇博元大97購01,0,0,0,0,0,0,0,0,0,-764000,0,0,0,74000,838000,-764000,-764000
061132,志超永豐9A購01  ,0,0,0,0,0,0,0,0,0,-774000,0,0,0,149000,923000,-774000,-774000
061188,大成鋼富邦9B購01,0,0,0,0,0,0,0,0,0,-790000,0,0,0,96000,886000,-790000,-790000
2915,潤泰全          ,720000,1497225,-777225,0,0,0,0,0,0,-15000,2000,0,2000,3000,20000,-17000,-792225
056589,康控統一98購01  ,0,0,0,0,0,0,0,0,0,-794000,0,0,0,110000,904000,-794000,-794000
062114,GIS國票9C購01   ,0,0,0,0,0,0,0,0,0,-795000,0,0,0,36000,831000,-795000,-795000
2542,興富發          ,805000,1600000,-795000,0,0,0,0,0,0,-5000,45000,62000,-17000,12000,0,12000,-800000
00669R,國泰美國道瓊反1 ,5000,210000,-205000,0,0,0,0,0,0,-601000,0,0,0,2256000,2857000,-601000,-806000
061734,全新中信9B購02  ,0,0,0,0,0,0,0,0,0,-816000,0,0,0,79000,895000,-816000,-816000
060483,友達富邦9A購01  ,0,0,0,0,0,0,0,0,0,-816000,0,0,0,0,816000,-816000,-816000
059949,啟碁永豐99購01  ,0,0,0,0,0,0,0,0,0,-816000,0,0,0,57000,873000,-816000,-816000
062016,美食永豐9B購01  ,0,0,0,0,0,0,0,0,0,-819000,0,0,0,0,819000,-819000,-819000
061025,創意富邦9B購01  ,0,0,0,0,0,0,0,0,0,-823000,0,0,0,57000,880000,-823000,-823000
2355,敬鵬            ,112000,911000,-799000,0,0,0,0,0,0,-24000,4000,28000,-24000,0,0,0,-823000
00670L,富邦NASDAQ正2   ,3000,5000,-2000,0,0,0,0,0,0,-822000,21000,0,21000,189000,1032000,-843000,-824000
053072,國巨台新97購01  ,0,0,0,0,0,0,0,0,0,-824000,0,0,0,198000,1022000,-824000,-824000
059350,樺漢凱基9A購01  ,0,0,0,0,0,0,0,0,0,-834000,0,0,0,34000,868000,-834000,-834000
050170,臺指反元大97購02,0,0,0,0,0,0,0,0,0,-841000,0,0,0,48000,889000,-841000,-841000
057675,同欣電元大98購02,0,0,0,0,0,0,0,0,0,-851000,0,0,0,347000,1198000,-851000,-851000
058629,嘉晶國票9A購01  ,0,0,0,0,0,0,0,0,0,-858000,0,0,0,52000,910000,-858000,-858000
061948,美食群益9B購01  ,0,0,0,0,0,0,0,0,0,-860000,0,0,0,33000,893000,-860000,-860000
056945,鴻海統一98購12  ,0,0,0,0,0,0,0,0,0,-861000,0,0,0,452000,1313000,-861000,-861000
9802,鈺齊-KY         ,282000,730000,-448000,0,0,0,0,423000,-423000,4000,0,0,0,5000,1000,4000,-867000
00671R,富邦NASDAQ反1   ,0,60000,-60000,0,0,0,0,0,0,-817000,0,0,0,798000,1615000,-817000,-877000
06662P,玉晶光中信9A售01,0,0,0,0,0,0,0,0,0,-890000,0,0,0,892000,1782000,-890000,-890000
060197,臻鼎元富9A購02  ,0,0,0,0,0,0,0,0,0,-894000,0,0,0,357000,1251000,-894000,-894000
060854,台積電富邦9C購08,0,0,0,0,0,0,0,0,0,-909000,0,0,0,10000,919000,-909000,-909000
00738U,元大道瓊白銀    ,5000,332000,-327000,0,0,0,0,0,0,-608000,0,0,0,324000,932000,-608000,-935000
061305,帆宣永豐9A購01  ,0,0,0,0,0,0,0,0,0,-954000,0,0,0,307000,1261000,-954000,-954000
060709,緯穎富邦9B購01  ,0,0,0,0,0,0,0,0,0,-957000,0,0,0,3000,960000,-957000,-957000
07603P,台積電統一9B售08,0,0,0,0,0,0,0,0,0,-960000,0,0,0,41000,1001000,-960000,-960000
060629,鴻海富邦9B購01  ,0,0,0,0,0,0,0,0,0,-971000,0,0,0,130000,1101000,-971000,-971000
054708,華通統一97購02  ,0,0,0,0,0,0,0,0,0,-974000,0,0,0,110000,1084000,-974000,-974000
2886,兆豐金          ,7557000,8530443,-973443,0,0,0,30000,0,30000,-31000,15000,6000,9000,0,40000,-40000,-974443
060451,中石化元大9C購02,0,0,0,0,0,0,0,0,0,-982000,0,0,0,67000,1049000,-982000,-982000
00639,富邦深100       ,12000,712000,-700000,0,0,0,0,0,0,-287000,0,0,0,1314000,1601000,-287000,-987000
052918,智易富邦97購02  ,0,0,0,0,0,0,0,0,0,-1018000,0,0,0,0,1018000,-1018000,-1018000
059931,緯穎富邦9A購01  ,0,0,0,0,0,0,0,0,0,-1022000,0,0,0,60000,1082000,-1022000,-1022000
00875,國泰網路資安    ,69000,373000,-304000,0,0,0,0,0,0,-719000,0,0,0,645000,1364000,-719000,-1023000
056559,華通群益98購02  ,0,0,0,0,0,0,0,0,0,-1027000,0,0,0,270000,1297000,-1027000,-1027000
058246,帆宣元大99購01  ,0,0,0,0,0,0,0,0,0,-1027000,0,0,0,116000,1143000,-1027000,-1027000
2301,光寶科          ,4496051,5699039,-1202988,0,0,0,6000,0,6000,164000,188000,0,188000,0,24000,-24000,-1032988
1101,台泥            ,3385000,4571737,-1186737,0,0,0,37000,0,37000,111000,74000,8000,66000,108000,63000,45000,-1038737
054567,拓凱群益98購01  ,0,0,0,0,0,0,0,0,0,-1063000,0,0,0,2302000,3365000,-1063000,-1063000
054970,帆宣元大97購01  ,0,0,0,0,0,0,0,0,0,-1069000,0,0,0,0,1069000,-1069000,-1069000
2329,華泰            ,203000,1066000,-863000,0,0,0,0,0,0,-206000,1000,0,1000,2000,209000,-207000,-1069000
3702,大聯大          ,935000,1977370,-1042370,0,0,0,0,0,0,-33000,10000,2000,8000,0,41000,-41000,-1075370
1409,新纖            ,797000,1893000,-1096000,0,0,0,0,0,0,0,0,0,0,0,0,0,-1096000
1201,味全            ,112000,1150039,-1038039,0,0,0,0,0,0,-81000,0,0,0,2000,83000,-81000,-1119039
061183,友達國泰9B購02  ,0,0,0,0,0,0,0,0,0,-1136000,0,0,0,2000,1138000,-1136000,-1136000
061142,南電統一9A購01  ,0,0,0,0,0,0,0,0,0,-1147000,0,0,0,469000,1616000,-1147000,-1147000
2458,義隆            ,949000,961000,-12000,0,0,0,0,1072000,-1072000,-72000,10000,58000,-48000,2000,26000,-24000,-1156000
00636,國泰中國A50     ,0,177000,-177000,0,0,0,0,0,0,-982631,195000,10000,185000,206000,1373631,-1167631,-1159631
3037,欣興            ,4947000,7041000,-2094000,0,0,0,115000,0,115000,796000,983000,125000,858000,253000,315000,-62000,-1183000
057258,中環兆豐98購01  ,0,0,0,0,0,0,0,0,0,-1247000,0,0,0,85000,1332000,-1247000,-1247000
9933,中鼎            ,519000,1749000,-1230000,0,0,0,0,0,0,-27000,0,27000,-27000,0,0,0,-1257000
6239,力成            ,2018000,3216000,-1198000,0,0,0,286000,170000,116000,-183000,9000,52000,-43000,8000,148000,-140000,-1265000
057730,聯鈞國泰9A購01  ,0,0,0,0,0,0,0,0,0,-1276000,0,0,0,142000,1418000,-1276000,-1276000
2880,華南金          ,3635000,4939152,-1304152,0,0,0,25000,0,25000,1000,1000,0,1000,0,0,0,-1278152
058819,華通國泰9B購01  ,0,0,0,0,0,0,0,0,0,-1299000,0,0,0,102000,1401000,-1299000,-1299000
056584,鴻海統一9B購01  ,0,0,0,0,0,0,0,0,0,-1341000,0,0,0,507000,1848000,-1341000,-1341000
2455,全新            ,882000,2874000,-1992000,0,0,0,772000,0,772000,-133000,73000,142000,-69000,236000,300000,-64000,-1353000
1402,遠東新          ,2018000,3494612,-1476612,0,0,0,11000,0,11000,88000,51000,32000,19000,69000,0,69000,-1377612
6213,聯茂            ,1052000,2096000,-1044000,0,0,0,220000,283000,-63000,-272000,243000,165000,78000,62000,412000,-350000,-1379000
6176,瑞儀            ,854000,2034500,-1180500,0,0,0,550000,802000,-252000,6000,70000,22000,48000,11000,53000,-42000,-1426500
060631,微星富邦9B購01  ,0,0,0,0,0,0,0,0,0,-1430000,0,0,0,110000,1540000,-1430000,-1430000
6116,彩晶            ,4272000,6430000,-2158000,0,0,0,0,0,0,717000,14000,132000,-118000,956000,121000,835000,-1441000
062230,緯穎統一01購01  ,0,0,0,0,0,0,0,0,0,-1466000,0,0,0,0,1466000,-1466000,-1466000
8150,南茂            ,1242000,2506000,-1264000,0,0,0,0,0,0,-227000,1000,25000,-24000,46000,249000,-203000,-1491000
2324,仁寶            ,4346000,5970376,-1624376,0,0,0,0,0,0,121000,206000,20000,186000,11000,76000,-65000,-1503376
1326,台化            ,1665000,3205686,-1540686,0,0,0,24000,0,24000,-17000,0,4000,-4000,0,13000,-13000,-1533686
00635U,元大S&P黃金     ,2000,0,2000,0,0,0,0,0,0,-1583000,0,0,0,0,1583000,-1583000,-1581000
6505,台塑化          ,972010,2520478,-1548468,0,0,0,4000,0,4000,-38000,2000,40000,-38000,0,0,0,-1582468
060784,鴻海富邦9C購01  ,0,0,0,0,0,0,0,0,0,-1591000,0,0,0,276000,1867000,-1591000,-1591000
054808,東元元大9A購01  ,0,0,0,0,0,0,0,0,0,-1620000,0,0,0,116000,1736000,-1620000,-1620000
00693U,街口S&P黃豆     ,46000,0,46000,0,0,0,0,0,0,-1708000,0,0,0,455000,2163000,-1708000,-1662000
055389,國巨統一98購02  ,0,0,0,0,0,0,0,0,0,-1689000,0,0,0,148000,1837000,-1689000,-1689000
061889,祥碩富邦9B購01  ,0,0,0,0,0,0,0,0,0,-1705000,0,0,0,122000,1827000,-1705000,-1705000
2412,中華電          ,742000,2224753,-1482753,0,0,0,11000,235000,-224000,-8000,3000,0,3000,0,11000,-11000,-1714753
057307,瀚宇博兆豐99購01,0,0,0,0,0,0,0,0,0,-1717000,0,0,0,98000,1815000,-1717000,-1717000
2103,台橡            ,231000,2393000,-2162000,0,0,0,0,0,0,70000,70000,0,70000,0,0,0,-2092000
00642U,元大S&P石油     ,34000,27000,7000,0,0,0,0,0,0,-2152000,0,0,0,1703000,3855000,-2152000,-2145000
3044,健鼎            ,623000,2964362,-2341362,0,0,0,0,0,0,86000,173000,80000,93000,20000,27000,-7000,-2255362
059825,嘉晶凱基99購02  ,0,0,0,0,0,0,0,0,0,-2397000,0,0,0,171000,2568000,-2397000,-2397000
057475,聯電元大9A購01  ,0,0,0,0,0,0,0,0,0,-2437000,0,0,0,313000,2750000,-2437000,-2437000
2368,金像電          ,5818000,9862000,-4044000,0,0,0,987000,0,987000,492000,1094000,705000,389000,122000,19000,103000,-2565000
3576,聯合再生        ,1279000,3939399,-2660399,0,0,0,0,0,0,0,0,0,0,0,0,0,-2660399
2363,矽統            ,1979000,5095000,-3116000,0,0,0,0,0,0,1000,1000,0,1000,0,0,0,-3115000
2885,元大金          ,17245000,20653020,-3408020,0,0,0,32000,0,32000,137000,143000,6000,137000,0,0,0,-3239020
3545,敦泰            ,975000,5001000,-4026000,0,0,0,0,0,0,0,0,0,0,0,0,0,-4026000
2884,玉山金          ,8410000,13125202,-4715202,0,0,0,31000,123000,-92000,150000,66000,2000,64000,90000,4000,86000,-4657202
2504,國產            ,1235000,6558000,-5323000,0,0,0,0,0,0,28000,0,0,0,54000,26000,28000,-5295000
6251,定穎            ,2418000,7872000,-5454000,0,0,0,0,253000,-253000,-440000,0,440000,-440000,0,0,0,-6147000
2337,旺宏            ,3756000,7361112,-3605112,0,0,0,0,2310000,-2310000,-348000,437000,662000,-225000,125000,248000,-123000,-6263112
00708L,元大S&P黃金正2  ,0,0,0,0,0,0,0,0,0,-6475000,0,0,0,594000,7069000,-6475000,-6475000
00637L,元大滬深300正2  ,260000,2975000,-2715000,0,0,0,20000,0,20000,-4906000,0,0,0,23389000,28295000,-4906000,-7601000
00653L,富邦印度正2     ,1024000,1665000,-641000,0,0,0,0,0,0,-7604000,0,0,0,1103000,8707000,-7604000,-8245000
2303,聯電            ,8609000,18755836,-10146836,0,0,0,31000,44000,-13000,463000,62000,0,62000,729000,328000,401000,-9696836
00632R,元大台灣50反1   ,62430000,934000,61496000,0,0,0,0,0,0,-71324000,900000,250000,650000,15010000,86984000,-71974000,-9828000
00677U,富邦VIX         ,2306000,17962000,-15656000,0,0,0,0,0,0,-27584000,4127000,870000,3257000,2522000,33363000,-30841000,-43240000
