證券代號,證券名稱,外陸資買進股數(不含外資自營商),外陸資賣出股數(不含外資自營商),外陸資買賣超股數(不含外資自營商),外資自營商買進股數,外資自營商賣出股數,外資自營商買賣超股數,投信買進股數,投信賣出股數,投信買賣超股數,自營商買賣超股數,自營商買進股數(自行買賣),自營商賣出股數(自行買賣),自營商買賣超股數(自行買賣),自營商買進股數(避險),自營商賣出股數(避險),自營商買賣超股數(避險),三大法人買賣超股數
00672L,元大S&P原油正2  ,14727000,5962000,8765000,0,0,0,0,0,0,34011000,100000,100000,0,49238000,15227000,34011000,42776000
2344,華邦電          ,24233000,10668000,13565000,0,0,0,1017000,0,1017000,10000,618000,1207000,-589000,2688000,2089000,599000,14592000
00677U,富邦VIX         ,10102000,6006000,4096000,0,0,0,0,0,0,4792000,200000,700000,-500000,8637000,3345000,5292000,8888000
2603,長榮            ,5272000,1844553,3427447,0,0,0,1500000,0,1500000,2707000,2748000,41000,2707000,0,0,0,7634447
2337,旺宏            ,16114000,7848000,8266000,0,0,0,1103000,0,1103000,-1869000,1501000,1725000,-224000,463000,2108000,-1645000,7500000
0056,元大高股息      ,4180,0,4180,0,0,0,50000,0,50000,7078000,0,20000,-20000,7995000,897000,7098000,7132180
00861,元大全球未來通訊,6000,0,6000,0,0,0,0,0,0,6812000,0,0,0,9963000,3151000,6812000,6818000
2317,鴻海            ,14922022,9744734,5177288,0,0,0,971000,45000,926000,654000,210000,260000,-50000,1507000,803000,704000,6757288
00708L,元大S&P黃金正2  ,1695000,0,1695000,0,0,0,0,0,0,4350000,0,0,0,6844000,2494000,4350000,6045000
00633L,富邦上証正2     ,3103000,1543000,1560000,0,0,0,0,0,0,3974000,340000,120000,220000,6839000,3085000,3754000,5534000
6116,彩晶            ,7886000,3681000,4205000,0,0,0,0,0,0,-6000,40000,46000,-6000,133000,133000,0,4199000
2889,國票金          ,4117000,58000,4059000,0,0,0,0,0,0,0,0,0,0,0,0,0,4059000
2881,富邦金          ,6132000,1962178,4169822,0,0,0,21000,176000,-155000,-50000,20000,5000,15000,210000,275000,-65000,3964822
2456,奇力新          ,5463000,2332000,3131000,0,0,0,421000,10000,411000,100000,657000,728000,-71000,254000,83000,171000,3642000
2492,華新科          ,4284772,2557000,1727772,0,0,0,1534000,0,1534000,224000,493000,367000,126000,362000,264000,98000,3485772
3019,亞光            ,6206000,1038000,5168000,0,0,0,47000,163000,-116000,-1630000,297000,1638000,-1341000,84000,373000,-289000,3422000
2308,台達電          ,5194827,1702460,3492367,0,0,0,6000,3000,3000,-88000,111000,82000,29000,25000,142000,-117000,3407367
00642U,元大S&P石油     ,2253000,28000,2225000,0,0,0,0,0,0,985000,55000,0,55000,1359000,429000,930000,3210000
2408,南亞科          ,8269904,4343363,3926541,0,0,0,324000,256000,68000,-1685000,160000,232000,-72000,47000,1660000,-1613000,2309541
00655L,國泰中國A50正2  ,528000,0,528000,0,0,0,0,0,0,1708000,0,0,0,5813000,4105000,1708000,2236000
044866,旺宏國票91購05  ,0,0,0,0,0,0,0,0,0,2103000,0,0,0,2103000,0,2103000,2103000
047282,啟碁永豐93購01  ,0,0,0,0,0,0,0,0,0,2000000,0,0,0,2000000,0,2000000,2000000
2882,國泰金          ,5357000,3333887,2023113,0,0,0,23000,0,23000,-95000,80000,95000,-15000,47000,127000,-80000,1951113
048947,凌華永豐94購01  ,0,0,0,0,0,0,0,0,0,1907000,0,0,0,2017000,110000,1907000,1907000
044817,可成兆豐93購01  ,0,0,0,0,0,0,0,0,0,1878000,0,0,0,1898000,20000,1878000,1878000
039828,鴻海統一91購01  ,0,0,0,0,0,0,0,0,0,1854000,0,0,0,2009000,155000,1854000,1854000
042255,群創國票92購01  ,0,0,0,0,0,0,0,0,0,1815000,0,0,0,2125000,310000,1815000,1815000
049869,訊芯兆豐94購01  ,0,0,0,0,0,0,0,0,0,1732000,0,0,0,1795000,63000,1732000,1732000
05780P,台積電統一96售07,0,0,0,0,0,0,0,0,0,1728000,0,0,0,1843000,115000,1728000,1728000
2330,台積電          ,18817154,16223795,2593359,0,0,0,239000,42000,197000,-1108000,713000,785000,-72000,66000,1102000,-1036000,1682359
3682,亞太電          ,2985000,1276000,1709000,0,0,0,0,0,0,-33000,0,33000,-33000,0,0,0,1676000
2474,可成            ,4224184,2559500,1664684,0,0,0,4000,0,4000,-40000,2000,66000,-64000,98000,74000,24000,1628684
05164P,南亞科元富95售04,0,0,0,0,0,0,0,0,0,1613000,0,0,0,1693000,80000,1613000,1613000
047248,奇鋐群益95購01  ,0,0,0,0,0,0,0,0,0,1585000,0,0,0,1764000,179000,1585000,1585000
2327,國巨            ,3588712,2346010,1242702,0,0,0,362000,10000,352000,-22000,391000,566000,-175000,287000,134000,153000,1572702
006205,富邦上証        ,154000,0,154000,0,0,0,0,0,0,1405792,130000,0,130000,2199792,924000,1275792,1559792
00636,國泰中國A50     ,451000,0,451000,0,0,0,0,0,0,1105000,0,0,0,1447000,342000,1105000,1556000
1536,和大            ,405000,331000,74000,0,0,0,700000,0,700000,777000,484000,38000,446000,376000,45000,331000,1551000
3450,聯鈞            ,1869000,397000,1472000,0,0,0,115000,0,115000,-53000,81000,17000,64000,20000,137000,-117000,1534000
1301,台塑            ,3238000,1505218,1732782,0,0,0,25000,388000,-363000,133000,262000,116000,146000,4000,17000,-13000,1502782
051107,鴻海統一95購05  ,0,0,0,0,0,0,0,0,0,1500000,0,0,0,4365000,2865000,1500000,1500000
049875,台積電永豐94購04,0,0,0,0,0,0,0,0,0,1483000,0,0,0,3042000,1559000,1483000,1483000
2478,大毅            ,1982000,587000,1395000,0,0,0,0,0,0,68000,0,0,0,221000,153000,68000,1463000
3481,群創            ,21807000,19176000,2631000,0,0,0,0,0,0,-1180000,396000,504000,-108000,655000,1727000,-1072000,1451000
1513,中興電          ,742000,339000,403000,0,0,0,0,0,0,994000,1000000,6000,994000,0,0,0,1397000
051960,美食永豐95購01  ,0,0,0,0,0,0,0,0,0,1280000,0,0,0,1280000,0,1280000,1280000
2439,美律            ,2274000,502000,1772000,0,0,0,0,73000,-73000,-420000,88000,359000,-271000,19000,168000,-149000,1279000
05181P,健策凱基95售01  ,0,0,0,0,0,0,0,0,0,1274000,0,0,0,1528000,254000,1274000,1274000
052467,嘉聯益統一96購01,0,0,0,0,0,0,0,0,0,1268000,0,0,0,1523000,255000,1268000,1268000
052225,台積電凱基96購03,0,0,0,0,0,0,0,0,0,1266000,0,0,0,2330000,1064000,1266000,1266000
2886,兆豐金          ,4546300,3035000,1511300,0,0,0,30000,125000,-95000,-195000,25000,5000,20000,20000,235000,-215000,1221300
5876,上海商銀        ,2492000,1234000,1258000,0,0,0,9000,0,9000,-46000,0,3000,-3000,32000,75000,-43000,1221000
046979,台泥兆豐93購01  ,0,0,0,0,0,0,0,0,0,1191000,0,0,0,1193000,2000,1191000,1191000
2368,金像電          ,2118000,2058000,60000,0,0,0,0,0,0,1127000,1432000,305000,1127000,0,0,0,1187000
051891,智邦元富95購04  ,0,0,0,0,0,0,0,0,0,1177000,0,0,0,1187000,10000,1177000,1177000
052319,可成元大95購12  ,0,0,0,0,0,0,0,0,0,1175000,0,0,0,1646000,471000,1175000,1175000
051900,臻鼎富邦95購01  ,0,0,0,0,0,0,0,0,0,1163000,0,0,0,1673000,510000,1163000,1163000
053013,台積電統一97購01,0,0,0,0,0,0,0,0,0,1162000,0,0,0,1236000,74000,1162000,1162000
05684P,臺股指元大96售09,0,0,0,0,0,0,0,0,0,1162000,0,0,0,1597000,435000,1162000,1162000
052316,台積電元大96購10,0,0,0,0,0,0,0,0,0,1160000,0,0,0,1973000,813000,1160000,1160000
052187,奇鋐群益95購03  ,0,0,0,0,0,0,0,0,0,1157000,0,0,0,1179000,22000,1157000,1157000
00643,群益深証中小    ,862000,0,862000,0,0,0,0,0,0,279000,0,0,0,528000,249000,279000,1141000
049125,禾伸堂元富94購01,0,0,0,0,0,0,0,0,0,1125000,0,0,0,1687000,562000,1125000,1125000
6505,台塑化          ,1730000,672100,1057900,0,0,0,18000,67000,-49000,92000,181000,89000,92000,0,0,0,1100900
045984,亞光麥證93購02  ,0,0,0,1173000,81000,1092000,0,0,0,1089000,0,0,0,1173000,84000,1089000,1089000
045070,全新元大93購02  ,0,0,0,0,0,0,0,0,0,1081000,0,0,0,1098000,17000,1081000,1081000
051785,臻鼎兆豐96購01  ,0,0,0,0,0,0,0,0,0,1065000,0,0,0,1436000,371000,1065000,1065000
049546,正崴群益94購01  ,0,0,0,0,0,0,0,0,0,1065000,0,0,0,1181000,116000,1065000,1065000
044751,鴻海凱基93購08  ,0,0,0,0,0,0,0,0,0,1056000,0,0,0,2099000,1043000,1056000,1056000
051113,聯電元富95購01  ,0,0,0,0,0,0,0,0,0,1049000,0,0,0,1525000,476000,1049000,1049000
052793,健鼎兆豐96購01  ,0,0,0,0,0,0,0,0,0,1046000,0,0,0,1304000,258000,1046000,1046000
1609,大亞            ,1151000,102000,1049000,0,0,0,0,0,0,-5000,0,5000,-5000,0,0,0,1044000
049027,智易群益94購02  ,0,0,0,0,0,0,0,0,0,1029000,0,0,0,1039000,10000,1029000,1029000
051918,聯茂元大95購01  ,0,0,0,0,0,0,0,0,0,1028000,0,0,0,1578000,550000,1028000,1028000
053564,台積電富邦99購01,0,0,0,0,0,0,0,0,0,1023000,0,0,0,2514000,1491000,1023000,1023000
044426,欣興國泰93購02  ,0,0,0,0,0,0,0,0,0,1015000,0,0,0,1021000,6000,1015000,1015000
051599,健鼎兆豐95購02  ,0,0,0,0,0,0,0,0,0,1010000,0,0,0,1226000,216000,1010000,1010000
047128,新日興日盛93購01,0,0,0,0,0,0,0,0,0,1009000,0,0,0,1260000,251000,1009000,1009000
051435,聯茂元富95購01  ,0,0,0,0,0,0,0,0,0,1007000,0,0,0,1654000,647000,1007000,1007000
05033P,T50反1元大98售01,0,0,0,0,0,0,0,0,0,1002000,0,0,0,1322000,320000,1002000,1002000
052765,新日興群益97購01,0,0,0,0,0,0,0,0,0,989000,0,0,0,1224000,235000,989000,989000
044826,華邦電永豐91購01,0,0,0,0,0,0,0,0,0,977000,0,0,0,977000,0,977000,977000
3563,牧德            ,347000,250000,97000,0,0,0,903000,12000,891000,-17000,45000,21000,24000,71000,112000,-41000,971000
03647C,T50反1元富99牛02,0,0,0,0,0,0,0,0,0,970000,0,0,0,980000,10000,970000,970000
2383,台光電          ,1784000,591000,1193000,0,0,0,150000,292000,-142000,-84000,341000,330000,11000,57000,152000,-95000,967000
051462,世芯國泰97購01  ,0,0,0,0,0,0,0,0,0,956000,0,0,0,1150000,194000,956000,956000
048031,全新凱基93購02  ,0,0,0,0,0,0,0,0,0,941000,0,0,0,1046000,105000,941000,941000
2332,友訊            ,1412000,485000,927000,0,0,0,0,0,0,13000,8000,42000,-34000,181000,134000,47000,940000
2498,宏達電          ,1949000,938000,1011000,0,0,0,0,0,0,-76000,1000,0,1000,10000,87000,-77000,935000
044645,元金2X群益93購01,0,0,0,0,0,0,0,0,0,935000,0,0,0,962000,27000,935000,935000
05672P,鴻海群益96售03  ,0,0,0,0,0,0,0,0,0,926000,0,0,0,936000,10000,926000,926000
052449,創意元大95購04  ,0,0,0,0,0,0,0,0,0,923000,0,0,0,1018000,95000,923000,923000
050379,易華電群益96購01,0,0,0,0,0,0,0,0,0,923000,0,0,0,949000,26000,923000,923000
1305,華夏            ,623000,361857,261143,0,0,0,0,0,0,659000,550000,4000,546000,113000,0,113000,920143
041973,台灣50中信94購01,0,0,0,0,0,0,0,0,0,914000,0,0,0,1677000,763000,914000,914000
048435,致新國票93購01  ,0,0,0,0,0,0,0,0,0,903000,0,0,0,1081000,178000,903000,903000
05294P,亞光凱基95售02  ,0,0,0,0,0,0,0,0,0,892000,0,0,0,1172000,280000,892000,892000
053099,正崴元富96購01  ,0,0,0,0,0,0,0,0,0,887000,0,0,0,966000,79000,887000,887000
049925,創意元大95購02  ,0,0,0,0,0,0,0,0,0,883000,0,0,0,898000,15000,883000,883000
2892,第一金          ,3458360,2609000,849360,0,0,0,28000,0,28000,2000,0,0,0,2000,0,2000,879360
2633,台灣高鐵        ,1841000,2093120,-252120,0,0,0,5000,0,5000,1122000,171000,39000,132000,1171000,181000,990000,874880
044098,GIS統一91購01   ,0,0,0,0,0,0,0,0,0,855000,0,0,0,855000,0,855000,855000
04617P,臺股指群益95售03,0,0,0,0,0,0,0,0,0,851000,0,0,0,1056000,205000,851000,851000
05285P,同欣電群益95售02,0,0,0,0,0,0,0,0,0,846000,0,0,0,944000,98000,846000,846000
4934,太極            ,1172000,330000,842000,0,0,0,0,0,0,-5000,0,5000,-5000,0,0,0,837000
053281,茂林元大96購02  ,0,0,0,0,0,0,0,0,0,832000,0,0,0,1261000,429000,832000,832000
046045,聯茂元大92購07  ,0,0,0,0,0,0,0,0,0,827000,0,0,0,847000,20000,827000,827000
053025,燿華富邦98購02  ,0,0,0,0,0,0,0,0,0,823000,0,0,0,988000,165000,823000,823000
045113,玉晶光永豐92購01,0,0,0,0,0,0,0,0,0,813000,0,0,0,1385000,572000,813000,813000
049609,全新兆豐95購01  ,0,0,0,0,0,0,0,0,0,812000,0,0,0,1964000,1152000,812000,812000
1303,南亞            ,2076000,1224000,852000,0,0,0,92000,28000,64000,-111000,12000,122000,-110000,0,1000,-1000,805000
2312,金寶            ,2054000,1113000,941000,0,0,0,0,0,0,-138000,0,14000,-14000,32000,156000,-124000,803000
047108,華邦電元大93購03,0,0,0,0,0,0,0,0,0,803000,0,0,0,826000,23000,803000,803000
051625,聯發科麥證95購01,0,0,0,835000,34000,801000,0,0,0,801000,0,0,0,835000,34000,801000,801000
04929P,同欣電凱基95售01,0,0,0,0,0,0,0,0,0,801000,0,0,0,801000,0,801000,801000
046321,群創元大92購07  ,0,0,0,0,0,0,0,0,0,800000,0,0,0,800000,0,800000,800000
039900,上証2X國泰92購01,0,0,0,0,0,0,0,0,0,799000,0,0,0,867000,68000,799000,799000
048378,貿聯元富93購01  ,0,0,0,0,0,0,0,0,0,798000,0,0,0,898000,100000,798000,798000
05076P,深中小群益99售02,0,0,0,0,0,0,0,0,0,793000,0,0,0,1398000,605000,793000,793000
051280,台積電兆豐95購04,0,0,0,0,0,0,0,0,0,790000,0,0,0,1283000,493000,790000,790000
050049,華通群益96購01  ,0,3000,-3000,0,0,0,0,0,0,786000,0,0,0,887000,101000,786000,783000
053587,京元電元大98購01,0,0,0,0,0,0,0,0,0,777000,0,0,0,1212000,435000,777000,777000
048857,晶豪科群益94購01,0,0,0,0,0,0,0,0,0,773000,0,0,0,830000,57000,773000,773000
6153,嘉聯益          ,2523000,697000,1826000,0,0,0,0,0,0,-1059000,56000,452000,-396000,269000,932000,-663000,767000
051696,新日興中信96購01,0,0,0,0,0,0,0,0,0,764000,0,0,0,987000,223000,764000,764000
053969,瑞昱元大97購01  ,0,0,0,0,0,0,0,0,0,763000,0,0,0,1029000,266000,763000,763000
047867,旺宏永豐93購02  ,0,0,0,0,0,0,0,0,0,762000,0,0,0,841000,79000,762000,762000
2812,台中銀          ,807000,54000,753000,0,0,0,0,0,0,-200,0,0,0,0,200,-200,752800
051894,嘉聯益元富95購03,0,0,0,0,0,0,0,0,0,752000,0,0,0,772000,20000,752000,752000
05031P,台光電元富95售01,0,0,0,0,0,0,0,0,0,751000,0,0,0,1040000,289000,751000,751000
05048P,同欣電永豐95售01,0,0,0,0,0,0,0,0,0,746000,0,0,0,746000,0,746000,746000
049401,可成群益94購04  ,0,0,0,0,0,0,0,0,0,745000,0,0,0,745000,0,745000,745000
2393,億光            ,663000,324000,339000,0,0,0,0,0,0,400000,404000,4000,400000,0,0,0,739000
051888,國巨元富95購05  ,0,0,0,0,0,0,0,0,0,738000,0,0,0,1666000,928000,738000,738000
053946,全新富邦97購02  ,0,0,0,0,0,0,0,0,0,735000,0,0,0,1079000,344000,735000,735000
052006,康友富邦98購01  ,0,0,0,0,0,0,0,0,0,732000,0,0,0,1256000,524000,732000,732000
3231,緯創            ,5751500,4831000,920500,0,0,0,0,0,0,-189000,0,2000,-2000,107000,294000,-187000,731500
4958,臻鼎-KY         ,2059000,1589000,470000,0,0,0,464000,0,464000,-203000,179000,141000,38000,56000,297000,-241000,731000
051368,國泰金富邦97購01,0,0,0,0,0,0,0,0,0,725000,0,0,0,925000,200000,725000,725000
05351P,臺股指元富95售05,0,0,0,0,0,0,0,0,0,723000,0,0,0,969000,246000,723000,723000
047967,南亞科國泰95購01,0,0,0,0,0,0,0,0,0,721000,0,0,0,768000,47000,721000,721000
053839,華通統一96購01  ,0,0,0,0,0,0,0,0,0,721000,0,0,0,731000,10000,721000,721000
053860,台積電元大98購03,0,0,0,0,0,0,0,0,0,720000,0,0,0,1274000,554000,720000,720000
2834,臺企銀          ,5053000,4386000,667000,0,0,0,0,0,0,52000,50000,2000,48000,4000,0,4000,719000
052747,京鼎元大97購01  ,0,0,0,0,0,0,0,0,0,719000,0,0,0,879000,160000,719000,719000
044581,樺漢凱基91購07  ,0,0,0,0,0,0,0,0,0,719000,0,0,0,719000,0,719000,719000
053655,全新凱基98購02  ,0,0,0,0,0,0,0,0,0,719000,0,0,0,768000,49000,719000,719000
05716P,T50反1元大98售03,0,0,0,0,0,0,0,0,0,715000,0,0,0,720000,5000,715000,715000
046672,聯茂元大93購01  ,0,0,0,0,0,0,0,0,0,714000,0,0,0,776000,62000,714000,714000
044408,聯茂凱基93購02  ,0,0,0,0,0,0,0,0,0,712000,0,0,0,1074000,362000,712000,712000
046204,致新凱基93購01  ,0,0,0,0,0,0,0,0,0,710000,0,0,0,711000,1000,710000,710000
047329,聯茂元大93購04  ,0,0,0,0,0,0,0,0,0,710000,0,0,0,755000,45000,710000,710000
042561,南電兆豐92購01  ,0,0,0,0,0,0,0,0,0,709000,0,0,0,709000,0,709000,709000
050549,慧洋凱基95購01  ,0,0,0,0,0,0,0,0,0,708000,0,0,0,708000,0,708000,708000
051139,康友永豐95購01  ,0,0,0,0,0,0,0,0,0,705000,0,0,0,1067000,362000,705000,705000
045019,臺股指元大92購13,0,0,0,0,0,0,0,0,0,702000,0,0,0,704000,2000,702000,702000
049039,富邦金兆豐94購01,0,0,0,0,0,0,0,0,0,702000,0,0,0,707000,5000,702000,702000
044201,群創國票95購01  ,0,0,0,0,0,0,0,0,0,701000,0,0,0,1209000,508000,701000,701000
00783,富邦中証500     ,355000,0,355000,0,0,0,0,0,0,341480,0,0,0,1229480,888000,341480,696480
054093,智原群益97購01  ,0,0,0,0,0,0,0,0,0,695000,0,0,0,811000,116000,695000,695000
048185,台郡群益93購04  ,0,0,0,0,0,0,0,0,0,692000,0,0,0,702000,10000,692000,692000
0061,元大寶滬深      ,289000,0,289000,0,0,0,0,0,0,401000,0,40000,-40000,441000,0,441000,690000
053887,聯茂兆豐97購02  ,0,0,0,0,0,0,0,0,0,689000,0,0,0,975000,286000,689000,689000
044303,群創兆豐92購01  ,0,0,0,0,0,0,0,0,0,688000,0,0,0,700000,12000,688000,688000
049114,玉晶光統一94購02,0,0,0,0,0,0,0,0,0,686000,0,0,0,1598000,912000,686000,686000
051370,聯詠富邦97購01  ,0,0,0,0,0,0,0,0,0,684000,0,0,0,1138000,454000,684000,684000
051047,深中小群益99購01,0,0,0,0,0,0,0,0,0,683000,0,0,0,701000,18000,683000,683000
051953,矽力元富95購03  ,0,0,0,0,0,0,0,0,0,680000,0,0,0,687000,7000,680000,680000
048665,欣興統一93購07  ,0,0,0,0,0,0,0,0,0,678000,0,0,0,678000,0,678000,678000
049594,揚明光元大95購01,0,0,0,0,0,0,0,0,0,678000,0,0,0,708000,30000,678000,678000
047783,聯茂國泰94購02  ,0,0,0,0,0,0,0,0,0,675000,0,0,0,790000,115000,675000,675000
050742,新日興永豐94購01,0,0,0,0,0,0,0,0,0,675000,0,0,0,735000,60000,675000,675000
048157,美律兆豐93購01  ,0,0,0,0,0,0,0,0,0,674000,0,0,0,707000,33000,674000,674000
050358,致新群益94購01  ,0,0,0,0,0,0,0,0,0,672000,0,0,0,682000,10000,672000,672000
052021,易華電永豐95購03,0,0,0,0,0,0,0,0,0,666000,0,0,0,674000,8000,666000,666000
053192,創意統一96購01  ,0,0,0,0,0,0,0,0,0,665000,0,0,0,783000,118000,665000,665000
1103,嘉泥            ,646000,187000,459000,0,0,0,0,0,0,202000,23000,0,23000,180000,1000,179000,661000
053549,南亞科凱基96購02,0,0,0,0,0,0,0,0,0,660000,0,0,0,660000,0,660000,660000
053021,國巨國泰97購04  ,0,0,0,0,0,0,0,0,0,659000,0,0,0,699000,40000,659000,659000
045949,貿聯日盛92購01  ,0,0,0,0,0,0,0,0,0,659000,0,0,0,662000,3000,659000,659000
052131,台積電凱基96購01,0,0,0,0,0,0,0,0,0,656000,0,0,0,1029000,373000,656000,656000
048394,正崴國票94購01  ,0,0,0,0,0,0,0,0,0,656000,0,0,0,658000,2000,656000,656000
054404,新日興康和96購01,0,0,0,0,0,0,0,0,0,656000,0,0,0,692000,36000,656000,656000
049522,華通兆豐94購02  ,0,0,0,0,0,0,0,0,0,654000,0,0,0,963000,309000,654000,654000
053827,漢唐麥證9A購01  ,0,0,0,697000,44000,653000,0,0,0,653000,0,0,0,697000,44000,653000,653000
051600,新日興兆豐96購02,0,0,0,0,0,0,0,0,0,647000,0,0,0,707000,60000,647000,647000
048407,貿聯群益93購04  ,0,0,0,0,0,0,0,0,0,642000,0,0,0,700000,58000,642000,642000
042119,宏達電國票91購01,0,0,0,0,0,0,0,0,0,640000,0,0,0,640000,0,640000,640000
053962,聯茂永豐96購01  ,0,0,0,0,0,0,0,0,0,640000,0,0,0,649000,9000,640000,640000
05128P,聯發科中信97售03,0,0,0,0,0,0,0,0,0,634000,0,0,0,855000,221000,634000,634000
047421,聯茂富邦97購01  ,0,0,0,0,0,0,0,0,0,632000,0,0,0,815000,183000,632000,632000
053852,南亞科國泰98購01,0,0,0,0,0,0,0,0,0,630000,0,0,0,883000,253000,630000,630000
053178,南亞科統一98購01,0,0,0,0,0,0,0,0,0,627000,0,0,0,752000,125000,627000,627000
050496,鴻海富邦96購01  ,0,0,0,0,0,0,0,0,0,626000,0,0,0,1140000,514000,626000,626000
8039,台虹            ,674000,1152000,-478000,0,0,0,1050000,0,1050000,51000,125000,104000,21000,378000,348000,30000,623000
052849,可成統一97購01  ,0,0,0,0,0,0,0,0,0,621000,0,0,0,763000,142000,621000,621000
044825,旺宏永豐91購05  ,0,0,0,0,0,0,0,0,0,619000,0,0,0,619000,0,619000,619000
1216,統一            ,2607000,1947327,659673,0,0,0,13000,0,13000,-54000,30000,73000,-43000,0,11000,-11000,618673
052846,智邦統一97購01  ,0,0,0,0,0,0,0,0,0,618000,0,0,0,663000,45000,618000,618000
050335,正崴國泰96購01  ,0,0,0,0,0,0,0,0,0,618000,0,0,0,754000,136000,618000,618000
044190,聯詠富邦93購01  ,0,0,0,0,0,0,0,0,0,612000,0,0,0,999000,387000,612000,612000
052891,台泥群益96購01  ,0,0,0,0,0,0,0,0,0,610000,0,0,0,708000,98000,610000,610000
053436,聯茂日盛96購01  ,0,0,0,0,0,0,0,0,0,606000,0,0,0,687000,81000,606000,606000
044879,上証2X群益93購01,0,0,0,0,0,0,0,0,0,604000,0,0,0,616000,12000,604000,604000
044706,智易元大93購02  ,0,0,0,0,0,0,0,0,0,600000,0,0,0,600000,0,600000,600000
03533P,臺股指凱基02售12,0,0,0,0,0,0,0,0,0,600000,0,0,0,600000,0,600000,600000
048273,南電富邦97購01  ,0,0,0,0,0,0,0,0,0,599000,0,0,0,614000,15000,599000,599000
08671P,友訊國票01售01  ,0,0,0,0,0,0,0,0,0,599000,0,0,0,599000,0,599000,599000
045181,華邦電統一92購01,0,0,0,0,0,0,0,0,0,598000,0,0,0,906000,308000,598000,598000
1313,聯成            ,923000,311500,611500,0,0,0,0,0,0,-15000,0,15000,-15000,0,0,0,596500
2838,聯邦銀          ,708000,115000,593000,0,0,0,0,0,0,0,0,0,0,0,0,0,593000
00752,中信中國50      ,0,0,0,0,0,0,0,0,0,591000,0,0,0,1491000,900000,591000,591000
052281,全新凱基97購01  ,0,0,0,0,0,0,0,0,0,590000,0,0,0,642000,52000,590000,590000
04855P,上証2X元富94售02,0,0,0,0,0,0,0,0,0,590000,0,0,0,600000,10000,590000,590000
03576P,台灣50元富06售01,0,0,0,0,0,0,0,0,0,585000,0,0,0,665000,80000,585000,585000
052959,聯電凱基97購01  ,0,0,0,0,0,0,0,0,0,585000,0,0,0,595000,10000,585000,585000
047372,創意國票94購01  ,0,0,0,0,0,0,0,0,0,585000,0,0,0,800000,215000,585000,585000
051269,康友富邦97購01  ,0,0,0,0,0,0,0,0,0,584000,0,0,0,1230000,646000,584000,584000
05934P,國巨凱基96售13  ,0,0,0,0,0,0,0,0,0,584000,0,0,0,599000,15000,584000,584000
6282,康舒            ,822000,245000,577000,0,0,0,0,0,0,7000,4000,0,4000,11000,8000,3000,584000
052968,燿華群益98購01  ,0,0,0,0,0,0,0,0,0,581000,0,0,0,692000,111000,581000,581000
05448P,臺股指元大95售25,0,0,0,0,0,0,0,0,0,581000,0,0,0,611000,30000,581000,581000
054188,欣興永豐96購03  ,0,0,0,0,0,0,0,0,0,578000,0,0,0,617000,39000,578000,578000
045763,南亞科統一93購01,0,0,0,0,0,0,0,0,0,576000,0,0,0,601000,25000,576000,576000
03148P,聯電群益03售04  ,0,0,0,0,0,0,0,0,0,575000,0,0,0,595000,20000,575000,575000
047213,新日興富邦97購01,0,0,0,0,0,0,0,0,0,573000,0,0,0,700000,127000,573000,573000
046645,技嘉國泰94購01  ,0,0,0,0,0,0,0,0,0,572000,0,0,0,617000,45000,572000,572000
051549,健鼎永豐95購01  ,0,0,0,0,0,0,0,0,0,570000,0,0,0,638000,68000,570000,570000
043983,華邦電元大92購01,0,0,0,0,0,0,0,0,0,570000,0,0,0,692000,122000,570000,570000
04616P,臺股指群益95售02,0,0,0,0,0,0,0,0,0,570000,0,0,0,750000,180000,570000,570000
053411,深中小國票9B購01,0,0,0,0,0,0,0,0,0,569000,0,0,0,599000,30000,569000,569000
050950,健鼎群益96購01  ,0,0,0,0,0,0,0,0,0,566000,0,0,0,568000,2000,566000,566000
053855,康友國泰98購01  ,0,0,0,0,0,0,0,0,0,566000,0,0,0,1052000,486000,566000,566000
044717,旺宏統一94購01  ,0,0,0,0,0,0,0,0,0,562000,0,0,0,654000,92000,562000,562000
054338,全新統一96購01  ,0,0,0,0,0,0,0,0,0,561000,0,0,0,646000,85000,561000,561000
4414,如興            ,829000,264000,565000,0,0,0,0,0,0,-5000,0,5000,-5000,0,0,0,560000
3711,日月光投控      ,5852658,5160000,692658,0,0,0,54000,282000,-228000,95000,176000,55000,121000,73000,99000,-26000,559658
051397,聯茂兆豐95購03  ,0,0,0,0,0,0,0,0,0,559000,0,0,0,564000,5000,559000,559000
0050,元大台灣50      ,168000,1061000,-893000,0,0,0,163000,0,163000,1287000,118000,153000,-35000,2550000,1228000,1322000,557000
045520,嘉聯益元富92購01,0,0,0,0,0,0,0,0,0,557000,0,0,0,627000,70000,557000,557000
047375,GIS國票93購02   ,0,0,0,0,0,0,0,0,0,557000,0,0,0,562000,5000,557000,557000
048590,貿聯兆豐94購02  ,0,0,0,0,0,0,0,0,0,555000,0,0,0,622000,67000,555000,555000
047001,大成鋼統一93購01,0,0,0,0,0,0,0,0,0,553000,0,0,0,920000,367000,553000,553000
045166,深100富邦92購01 ,0,0,0,0,0,0,0,0,0,549000,0,0,0,599000,50000,549000,549000
052975,嘉聯益群益96購01,0,0,0,0,0,0,0,0,0,547000,0,0,0,692000,145000,547000,547000
046844,旺宏永豐93購01  ,0,0,0,0,0,0,0,0,0,546000,0,0,0,556000,10000,546000,546000
051840,康友國泰97購02  ,0,0,0,0,0,0,0,0,0,545000,0,0,0,865000,320000,545000,545000
046822,亞光凱基93購04  ,0,0,0,0,0,0,0,0,0,545000,0,0,0,911000,366000,545000,545000
00631L,元大台灣50正2   ,0,37000,-37000,0,0,0,0,0,0,581000,0,0,0,1038000,457000,581000,544000
044616,柏文兆豐92購01  ,0,0,0,0,0,0,0,0,0,541000,0,0,0,541000,0,541000,541000
03955P,華通統一93售04  ,0,0,0,0,0,0,0,0,0,540000,0,0,0,600000,60000,540000,540000
045000,鴻海富邦93購01  ,0,0,0,0,0,0,0,0,0,539000,0,0,0,644000,105000,539000,539000
051097,嘉聯益元大96購02,0,0,0,0,0,0,0,0,0,538000,0,0,0,692000,154000,538000,538000
1907,永豐餘          ,759000,209000,550000,0,0,0,0,0,0,-14000,0,14000,-14000,0,0,0,536000
050729,聯鈞國票94購01  ,0,0,0,0,0,0,0,0,0,536000,0,0,0,536000,0,536000,536000
053172,瑞儀群益97購01  ,0,0,0,0,0,0,0,0,0,535000,0,0,0,545000,10000,535000,535000
052482,茂林群益95購01  ,0,0,0,0,0,0,0,0,0,535000,0,0,0,556000,21000,535000,535000
05229P,台積電群益95售05,0,0,0,0,0,0,0,0,0,534000,0,0,0,819000,285000,534000,534000
049949,燿華群益96購01  ,0,0,0,0,0,0,0,0,0,534000,0,0,0,576000,42000,534000,534000
05046P,台光電永豐95售02,0,0,0,0,0,0,0,0,0,532000,0,0,0,778000,246000,532000,532000
046843,上銀永豐93購01  ,0,0,0,0,0,0,0,0,0,531000,0,0,0,531000,0,531000,531000
05673P,台積電群益96售05,0,0,0,0,0,0,0,0,0,529000,0,0,0,1026000,497000,529000,529000
053570,京元電統一96購01,0,0,0,0,0,0,0,0,0,527000,0,0,0,765000,238000,527000,527000
052150,台積電富邦95購07,15000,0,15000,0,0,0,0,0,0,511000,0,0,0,3454000,2943000,511000,526000
054219,楠梓電統一97購01,0,0,0,0,0,0,0,0,0,525000,0,0,0,555000,30000,525000,525000
048499,達運元大96購01  ,0,0,0,0,0,0,0,0,0,524000,0,0,0,540000,16000,524000,524000
047885,元金2X富邦99購01,0,0,0,0,0,0,0,0,0,523000,0,0,0,538000,15000,523000,523000
049768,奇鋐元富94購01  ,0,0,0,0,0,0,0,0,0,523000,0,0,0,584000,61000,523000,523000
053614,台積電群益96購08,0,0,0,0,0,0,0,0,0,521000,0,0,0,868000,347000,521000,521000
2634,漢翔            ,967000,542000,425000,0,0,0,0,0,0,95000,100000,5000,95000,0,0,0,520000
047102,潤泰全富邦95購01,0,0,0,0,0,0,0,0,0,520000,0,0,0,530000,10000,520000,520000
051366,康友國泰97購01  ,0,0,0,0,0,0,0,0,0,517000,0,0,0,2117000,1600000,517000,517000
052450,嘉澤元大95購03  ,0,0,0,0,0,0,0,0,0,516000,0,0,0,931000,415000,516000,516000
00738U,元大道瓊白銀    ,0,119000,-119000,0,0,0,0,0,0,635000,0,0,0,828000,193000,635000,516000
8271,宇瞻            ,721000,250000,471000,0,0,0,0,0,0,44000,50000,6000,44000,0,0,0,515000
043671,GIS元大93購03   ,0,0,0,0,0,0,0,0,0,513000,0,0,0,583000,70000,513000,513000
2537,聯上發          ,600000,87000,513000,0,0,0,0,0,0,-1000,1000,2000,-1000,0,0,0,512000
052735,燿華富邦98購01  ,0,0,0,0,0,0,0,0,0,512000,0,0,0,512000,0,512000,512000
051380,禾伸堂群益95購01,0,0,0,0,0,0,0,0,0,512000,0,0,0,915000,403000,512000,512000
2376,技嘉            ,1226000,446000,780000,0,0,0,0,0,0,-272000,4000,4000,0,0,272000,-272000,508000
043944,欣興兆豐93購02  ,0,0,0,0,0,0,0,0,0,508000,0,0,0,523000,15000,508000,508000
048871,晶豪科國票94購01,0,0,0,0,0,0,0,0,0,504000,0,0,0,629000,125000,504000,504000
052497,楠梓電永豐96購01,0,0,0,0,0,0,0,0,0,501000,0,0,0,501000,0,501000,501000
045855,緯穎富邦93購01  ,0,0,0,0,0,0,0,0,0,501000,0,0,0,617000,116000,501000,501000
046011,欣興元富95購01  ,0,0,0,0,0,0,0,0,0,501000,0,0,0,547000,46000,501000,501000
04007P,國巨國票93售03  ,0,0,0,0,0,0,0,0,0,500000,0,0,0,500000,0,500000,500000
046216,滬深2X富邦93購02,0,0,0,0,0,0,0,0,0,500000,0,0,0,500000,0,500000,500000
039822,T50反1凱基91購04,0,0,0,0,0,0,0,0,0,499000,0,0,0,499000,0,499000,499000
047278,和鑫永豐93購02  ,0,0,0,0,0,0,0,0,0,499000,0,0,0,499000,0,499000,499000
047265,致伸國票93購02  ,0,0,0,0,0,0,0,0,0,499000,0,0,0,499000,0,499000,499000
08422P,玉晶光群益02售03,0,0,0,0,0,0,0,0,0,499000,0,0,0,499000,0,499000,499000
044631,聯茂元大92購02  ,0,0,0,0,0,0,0,0,0,498000,0,0,0,498000,0,498000,498000
044779,GIS元大93購05   ,0,0,0,0,0,0,0,0,0,498000,0,0,0,503000,5000,498000,498000
051790,貿聯國票95購03  ,0,0,0,0,0,0,0,0,0,497000,0,0,0,819000,322000,497000,497000
051799,台積電永豐96購01,0,0,0,0,0,0,0,0,0,497000,0,0,0,1031000,534000,497000,497000
047206,元金2X國泰94購01,0,0,0,0,0,0,0,0,0,496000,0,0,0,741000,245000,496000,496000
046934,智邦元富96購01  ,0,0,0,0,0,0,0,0,0,496000,0,0,0,508000,12000,496000,496000
049051,滬深2X永豐94購05,0,0,0,0,0,0,0,0,0,493000,0,0,0,498000,5000,493000,493000
2002,中鋼            ,4690000,4019377,670623,0,0,0,35000,0,35000,-214000,0,214000,-214000,0,0,0,491623
051465,鴻海富邦97購02  ,0,0,0,0,0,0,0,0,0,491000,0,0,0,511000,20000,491000,491000
053168,晶技群益98購01  ,0,0,0,0,0,0,0,0,0,489000,0,0,0,501000,12000,489000,489000
052711,滬深2X凱基97購01,0,0,0,0,0,0,0,0,0,488000,0,0,0,488000,0,488000,488000
042916,佐登元大94購01  ,0,0,0,0,0,0,0,0,0,488000,0,0,0,1004000,516000,488000,488000
05654P,台光電統一96售01,0,0,0,0,0,0,0,0,0,488000,0,0,0,596000,108000,488000,488000
044877,旺宏元富91購01  ,0,0,0,0,0,0,0,0,0,487000,0,0,0,575000,88000,487000,487000
051126,訊連群益95購01  ,0,0,0,0,0,0,0,0,0,487000,0,0,0,497000,10000,487000,487000
052405,聯茂凱基95購01  ,0,0,0,0,0,0,0,0,0,483000,0,0,0,513000,30000,483000,483000
052068,瑞儀兆豐96購01  ,0,0,0,0,0,0,0,0,0,483000,0,0,0,526000,43000,483000,483000
2845,遠東銀          ,530000,47000,483000,0,0,0,0,0,0,0,0,0,0,0,0,0,483000
052100,滬深2X永昌96購01,0,0,0,0,0,0,0,0,0,482000,0,0,0,482000,0,482000,482000
051946,健策統一98購01  ,0,0,0,0,0,0,0,0,0,480000,0,0,0,553000,73000,480000,480000
051603,深中小群益99購03,0,0,0,0,0,0,0,0,0,480000,0,0,0,1080000,600000,480000,480000
05026P,貿聯群益95售01  ,0,0,0,0,0,0,0,0,0,480000,0,0,0,695000,215000,480000,480000
048422,瑞昱元富96購02  ,0,0,0,0,0,0,0,0,0,479000,0,0,0,509000,30000,479000,479000
042909,順德元大94購01  ,0,0,0,0,0,0,0,0,0,479000,0,0,0,499000,20000,479000,479000
036805,國巨元富93購02  ,0,0,0,0,0,0,0,0,0,479000,0,0,0,552000,73000,479000,479000
047749,富邦金元富93購01,0,0,0,0,0,0,0,0,0,479000,0,0,0,519000,40000,479000,479000
047253,新唐群益93購01  ,0,0,0,0,0,0,0,0,0,479000,0,0,0,479000,0,479000,479000
2855,統一證          ,611000,133000,478000,0,0,0,0,0,0,0,0,0,0,0,0,0,478000
053670,台積電統一96購09,0,0,0,0,0,0,0,0,0,478000,0,0,0,514000,36000,478000,478000
045274,華邦電統一92購03,0,0,0,0,0,0,0,0,0,477000,0,0,0,683000,206000,477000,477000
049144,瑞昱元大94購03  ,0,0,0,0,0,0,0,0,0,477000,0,0,0,487000,10000,477000,477000
052314,鴻海元大96購11  ,0,0,0,0,0,0,0,0,0,476000,0,0,0,864000,388000,476000,476000
053824,樺漢群益96購02  ,0,0,0,0,0,0,0,0,0,475000,0,0,0,475000,0,475000,475000
046143,京元電元富92購01,0,0,0,0,0,0,0,0,0,474000,0,0,0,639000,165000,474000,474000
047726,友達群益94購02  ,0,0,0,0,0,0,0,0,0,472000,0,0,0,578000,106000,472000,472000
051836,華通國泰95購02  ,0,0,0,0,0,0,0,0,0,471000,0,0,0,744000,273000,471000,471000
050046,矽力兆豐94購01  ,0,0,0,0,0,0,0,0,0,470000,0,0,0,590000,120000,470000,470000
047886,京元電富邦95購01,0,0,0,0,0,0,0,0,0,469000,0,0,0,756000,287000,469000,469000
046089,南亞科兆豐92購01,0,0,0,0,0,0,0,0,0,467000,0,0,0,467000,0,467000,467000
050873,新唐永豐95購01  ,0,0,0,0,0,0,0,0,0,467000,0,0,0,467000,0,467000,467000
1904,正隆            ,379000,84000,295000,0,0,0,0,0,0,171000,178000,7000,171000,0,0,0,466000
053518,聯茂群益96購03  ,0,0,0,0,0,0,0,0,0,466000,0,0,0,594000,128000,466000,466000
051656,嘉聯益元富95購02,0,0,0,0,0,0,0,0,0,465000,0,0,0,598000,133000,465000,465000
044161,台郡永豐91購02  ,0,0,0,0,0,0,0,0,0,465000,0,0,0,570000,105000,465000,465000
050562,瑞昱元富94購02  ,0,0,0,0,0,0,0,0,0,461000,0,0,0,642000,181000,461000,461000
00680L,元大美債20正2   ,0,0,0,0,0,0,0,0,0,460000,0,0,0,582000,122000,460000,460000
053686,台積電元大97購08,0,0,0,0,0,0,0,0,0,460000,0,0,0,643000,183000,460000,460000
052576,聯茂凱基96購01  ,0,0,0,0,0,0,0,0,0,459000,0,0,0,479000,20000,459000,459000
048429,旺宏國票94購02  ,0,0,0,0,0,0,0,0,0,459000,0,0,0,469000,10000,459000,459000
054337,智邦統一96購01  ,0,0,0,0,0,0,0,0,0,459000,0,0,0,522000,63000,459000,459000
045092,聯茂元大92購03  ,0,0,0,0,0,0,0,0,0,458000,0,0,0,458000,0,458000,458000
052020,聯茂永豐95購02  ,0,0,0,0,0,0,0,0,0,457000,0,0,0,457000,0,457000,457000
054378,楠梓電群益98購01,0,0,0,0,0,0,0,0,0,456000,0,0,0,476000,20000,456000,456000
053776,台積電元大96購19,0,0,0,0,0,0,0,0,0,456000,0,0,0,885000,429000,456000,456000
054331,世芯永豐96購03  ,0,0,0,0,0,0,0,0,0,455000,0,0,0,480000,25000,455000,455000
052935,康友元大96購03  ,0,0,0,0,0,0,0,0,0,454000,0,0,0,1011000,557000,454000,454000
053269,同欣電群益96購01,0,0,0,0,0,0,0,0,0,451000,0,0,0,588000,137000,451000,451000
03400P,滬深2X凱基05售01,0,0,0,0,0,0,0,0,0,451000,0,0,0,501000,50000,451000,451000
053262,華邦電群益96購02,0,0,0,0,0,0,0,0,0,449000,0,0,0,857000,408000,449000,449000
047652,滬深2X兆豐94購03,0,0,0,0,0,0,0,0,0,449000,0,0,0,549000,100000,449000,449000
047153,聯發科國票93購02,0,0,0,0,0,0,0,0,0,449000,0,0,0,485000,36000,449000,449000
05921P,同欣電元大96售06,0,0,0,0,0,0,0,0,0,448000,0,0,0,481000,33000,448000,448000
051598,瑞昱兆豐95購01  ,0,0,0,0,0,0,0,0,0,447000,0,0,0,478000,31000,447000,447000
05769P,台積電凱基96售16,0,0,0,0,0,0,0,0,0,447000,0,0,0,1007000,560000,447000,447000
049241,智邦元富94購01  ,0,0,0,0,0,0,0,0,0,445000,0,0,0,480000,35000,445000,445000
048661,瑞昱統一93購05  ,0,0,0,0,0,0,0,0,0,444000,0,0,0,727000,283000,444000,444000
05523P,聯發科國票96售04,0,0,0,0,0,0,0,0,0,444000,0,0,0,503000,59000,444000,444000
051547,健鼎康和95購01  ,0,0,0,0,0,0,0,0,0,443000,0,0,0,443000,0,443000,443000
048594,泰鼎群益93購02  ,0,0,0,0,0,0,0,0,0,443000,0,0,0,443000,0,443000,443000
6451,訊芯-KY         ,568000,313000,255000,0,0,0,293000,0,293000,-107000,10000,20000,-10000,24000,121000,-97000,441000
054345,世芯國票96購02  ,0,0,0,0,0,0,0,0,0,440000,0,0,0,1798000,1358000,440000,440000
054004,鴻海統一96購14  ,0,0,0,0,0,0,0,0,0,439000,0,0,0,449000,10000,439000,439000
052763,晶技群益97購01  ,0,0,0,0,0,0,0,0,0,438000,0,0,0,445000,7000,438000,438000
049286,美律兆豐94購01  ,0,0,0,0,0,0,0,0,0,438000,0,0,0,438000,0,438000,438000
044977,華邦電國票92購01,0,0,0,0,0,0,0,0,0,437000,0,0,0,437000,0,437000,437000
053332,創意永豐96購03  ,0,0,0,0,0,0,0,0,0,436000,0,0,0,443000,7000,436000,436000
052733,台郡國泰97購01  ,0,0,0,0,0,0,0,0,0,435000,0,0,0,1097000,662000,435000,435000
051944,智邦統一95購02  ,0,0,0,0,0,0,0,0,0,433000,0,0,0,623000,190000,433000,433000
03543P,台泥中信02售01  ,0,0,0,0,0,0,0,0,0,430000,0,0,0,830000,400000,430000,430000
047673,瑞昱元富96購01  ,0,0,0,0,0,0,0,0,0,430000,0,0,0,604000,174000,430000,430000
053598,日月光元大96購04,0,0,0,0,0,0,0,0,0,430000,0,0,0,442000,12000,430000,430000
2448,晶電            ,4469000,2535000,1934000,0,0,0,0,1491000,-1491000,-15000,122000,137000,-15000,0,0,0,428000
046342,聯發科國票92購02,0,0,0,0,0,0,0,0,0,428000,0,0,0,463000,35000,428000,428000
045861,智邦統一93購02  ,0,0,0,0,0,0,0,0,0,428000,0,0,0,694000,266000,428000,428000
049940,臺股指元大94購21,0,0,0,0,0,0,0,0,0,427000,0,0,0,427000,0,427000,427000
046731,嘉聯益元大93購03,0,0,0,0,0,0,0,0,0,426000,0,0,0,784000,358000,426000,426000
2618,長榮航          ,1257000,823000,434000,0,0,0,0,0,0,-9000,0,12000,-12000,3000,0,3000,425000
045516,聯茂統一94購01  ,0,0,0,0,0,0,0,0,0,424000,0,0,0,483000,59000,424000,424000
054282,泰鼎群益98購02  ,0,0,0,0,0,0,0,0,0,424000,0,0,0,424000,0,424000,424000
044874,新日興統一91購02,0,0,0,0,0,0,0,0,0,423000,0,0,0,423000,0,423000,423000
00639,富邦深100       ,519000,0,519000,0,0,0,0,0,0,-98000,0,0,0,1015000,1113000,-98000,421000
052168,鴻海元大96購10  ,0,0,0,0,0,0,0,0,0,414000,0,0,0,516000,102000,414000,414000
04154P,南亞科永豐93售02,0,0,0,0,0,0,0,0,0,414000,0,0,0,414000,0,414000,414000
050255,GIS富邦95購01   ,0,0,0,0,0,0,0,0,0,413000,0,0,0,478000,65000,413000,413000
047956,麗豐永豐93購02  ,0,0,0,0,0,0,0,0,0,412000,0,0,0,412000,0,412000,412000
044254,深中小元大94購01,0,0,0,0,0,0,0,0,0,410000,0,0,0,410000,0,410000,410000
053716,京元電凱基97購01,0,0,0,0,0,0,0,0,0,410000,0,0,0,410000,0,410000,410000
04995P,台達電凱基96售03,0,0,0,0,0,0,0,0,0,409000,0,0,0,684000,275000,409000,409000
2023,燁輝            ,439000,22000,417000,0,0,0,0,0,0,-9000,0,9000,-9000,0,0,0,408000
3090,日電貿          ,1113000,1173000,-60000,0,0,0,0,0,0,467000,49000,1000,48000,460000,41000,419000,407000
052255,T50反1國泰96購01,0,0,0,0,0,0,0,0,0,407000,0,0,0,516000,109000,407000,407000
046568,臻鼎元富95購01  ,0,0,0,0,0,0,0,0,0,405000,0,0,0,696000,291000,405000,405000
053759,晶相光國泰98購01,0,0,0,0,0,0,0,0,0,405000,0,0,0,810000,405000,405000,405000
042993,葡萄王元大94購01,0,0,0,0,0,0,0,0,0,404000,0,0,0,444000,40000,404000,404000
049775,旺宏統一95購02  ,0,0,0,0,0,0,0,0,0,404000,0,0,0,404000,0,404000,404000
047727,拓凱群益94購01  ,0,0,0,0,0,0,0,0,0,402000,0,0,0,402000,0,402000,402000
051069,智邦國票96購01  ,0,0,0,0,0,0,0,0,0,402000,0,0,0,597000,195000,402000,402000
054280,牧德群益98購01  ,0,0,0,0,0,0,0,0,0,402000,0,0,0,494000,92000,402000,402000
2006,東和鋼鐵        ,463000,96000,367000,0,0,0,0,0,0,34000,35000,1000,34000,0,0,0,401000
047687,元金2X富邦96購01,0,0,0,0,0,0,0,0,0,401000,0,0,0,401000,0,401000,401000
046146,南亞科第一92購01,0,0,0,0,0,0,0,0,0,401000,0,0,0,401000,0,401000,401000
05023P,和碩凱基95售01  ,0,0,0,0,0,0,0,0,0,400000,0,0,0,400000,0,400000,400000
050717,京鼎群益96購01  ,0,0,0,0,0,0,0,0,0,400000,0,0,0,491000,91000,400000,400000
049892,國巨富邦96購01  ,0,0,0,0,0,0,0,0,0,400000,0,0,0,455000,55000,400000,400000
053559,台積電國泰98購01,0,0,0,0,0,0,0,0,0,400000,0,0,0,656000,256000,400000,400000
06221P,台灣50台新92售01,0,0,0,0,0,0,0,0,0,400000,0,0,0,400000,0,400000,400000
053191,奇鋐統一96購01  ,0,0,0,0,0,0,0,0,0,399000,0,0,0,404000,5000,399000,399000
053036,聯電凱基98購01  ,0,0,0,0,0,0,0,0,0,398000,0,0,0,478000,80000,398000,398000
03451P,創意元大02售01  ,0,0,0,0,0,0,0,0,0,398000,0,0,0,398000,0,398000,398000
049776,全新統一95購02  ,0,0,0,0,0,0,0,0,0,398000,0,0,0,762000,364000,398000,398000
052152,創意富邦98購01  ,0,0,0,0,0,0,0,0,0,397000,0,0,0,460000,63000,397000,397000
045874,東元元富92購01  ,0,0,0,0,0,0,0,0,0,397000,0,0,0,534000,137000,397000,397000
3702,大聯大          ,1237000,587000,650000,0,0,0,0,0,0,-253000,0,15000,-15000,0,238000,-238000,397000
054224,亞光統一98購01  ,0,0,0,0,0,0,0,0,0,397000,0,0,0,502000,105000,397000,397000
051473,台積電凱基95購10,0,0,0,0,0,0,0,0,0,396000,0,0,0,625000,229000,396000,396000
050686,欣興兆豐96購01  ,0,0,0,0,0,0,0,0,0,396000,0,0,0,1009000,613000,396000,396000
052216,康友元大96購01  ,0,0,0,0,0,0,0,0,0,395000,0,0,0,447000,52000,395000,395000
049565,楠梓電統一94購01,0,0,0,0,0,0,0,0,0,395000,0,0,0,405000,10000,395000,395000
053137,旺宏富邦98購01  ,0,0,0,0,0,0,0,0,0,394000,0,0,0,726000,332000,394000,394000
050743,京鼎永豐94購02  ,0,0,0,0,0,0,0,0,0,392000,0,0,0,558000,166000,392000,392000
053114,聯茂兆豐97購01  ,0,0,0,0,0,0,0,0,0,390000,0,0,0,460000,70000,390000,390000
04963P,鴻海元大94售25  ,0,0,0,0,0,0,0,0,0,390000,0,0,0,690000,300000,390000,390000
053358,晶技統一98購01  ,0,0,0,0,0,0,0,0,0,389000,0,0,0,400000,11000,389000,389000
00737,國泰AI+Robo     ,274000,0,274000,0,0,0,0,0,0,115000,0,0,0,333000,218000,115000,389000
048178,上銀富邦95購02  ,0,0,0,0,0,0,0,0,0,388000,0,0,0,538000,150000,388000,388000
047503,T50反1國票93購03,0,0,0,0,0,0,0,0,0,388000,0,0,0,509000,121000,388000,388000
050456,聯茂元大94購09  ,0,0,0,0,0,0,0,0,0,388000,0,0,0,600000,212000,388000,388000
3045,台灣大          ,1549986,976120,573866,0,0,0,7000,150000,-143000,-43000,0,43000,-43000,0,0,0,387866
00739,元大MSCI A股    ,0,0,0,0,0,0,0,0,0,387347,0,0,0,541347,154000,387347,387347
049453,新日興統一94購01,0,0,0,0,0,0,0,0,0,386000,0,0,0,412000,26000,386000,386000
050914,健鼎中信95購01  ,0,0,0,0,0,0,0,0,0,385000,0,0,0,425000,40000,385000,385000
049701,聯茂元大94購05  ,0,0,0,0,0,0,0,0,0,384000,0,0,0,449000,65000,384000,384000
053061,GIS富邦97購01   ,0,0,0,0,0,0,0,0,0,380000,0,0,0,387000,7000,380000,380000
04492P,元油2X永豐94售03,0,0,0,0,0,0,0,0,0,380000,0,0,0,385000,5000,380000,380000
044643,滬深2X群益96購01,0,0,0,0,0,0,0,0,0,380000,0,0,0,410000,30000,380000,380000
046022,國喬元大92購01  ,0,0,0,0,0,0,0,0,0,380000,0,0,0,502000,122000,380000,380000
048550,中鴻元大96購01  ,0,0,0,0,0,0,0,0,0,379000,0,0,0,379000,0,379000,379000
047893,嘉聯益兆豐94購01,0,0,0,0,0,0,0,0,0,378000,0,0,0,582000,204000,378000,378000
053318,全新群益99購01  ,0,0,0,0,0,0,0,0,0,377000,0,0,0,528000,151000,377000,377000
052898,樺漢群益96購01  ,0,0,0,0,0,0,0,0,0,377000,0,0,0,475000,98000,377000,377000
046867,瑞昱統一93購01  ,0,0,0,0,0,0,0,0,0,376000,0,0,0,451000,75000,376000,376000
053890,華新科群益98購01,0,0,0,0,0,0,0,0,0,376000,0,0,0,1125000,749000,376000,376000
050252,聯發科國泰95購01,0,0,0,0,0,0,0,0,0,374000,0,0,0,400000,26000,374000,374000
053618,新唐群益96購01  ,0,0,0,0,0,0,0,0,0,374000,0,0,0,472000,98000,374000,374000
052324,康友元大96購02  ,0,0,0,0,0,0,0,0,0,372000,0,0,0,952000,580000,372000,372000
049256,瑞昱元大94購04  ,0,0,0,0,0,0,0,0,0,372000,0,0,0,421000,49000,372000,372000
053322,京鼎群益97購01  ,0,0,0,0,0,0,0,0,0,370000,0,0,0,381000,11000,370000,370000
03762P,旺宏元富93售03  ,0,0,0,0,0,0,0,0,0,370000,0,0,0,420000,50000,370000,370000
051054,正崴群益95購01  ,0,0,0,0,0,0,0,0,0,369000,0,0,0,390000,21000,369000,369000
051193,新日興兆豐96購01,0,0,0,0,0,0,0,0,0,369000,0,0,0,439000,70000,369000,369000
052070,GIS兆豐95購03   ,0,0,0,0,0,0,0,0,0,368000,0,0,0,545000,177000,368000,368000
045266,群創凱基92購02  ,0,0,0,0,0,0,0,0,0,368000,0,0,0,368000,0,368000,368000
052215,樺漢元大96購02  ,0,0,0,0,0,0,0,0,0,367000,0,0,0,632000,265000,367000,367000
048259,新日興統一93購01,0,0,0,0,0,0,0,0,0,367000,0,0,0,443000,76000,367000,367000
052723,新唐統一97購01  ,0,0,0,0,0,0,0,0,0,366000,0,0,0,366000,0,366000,366000
047840,新日興元大93購03,0,0,0,0,0,0,0,0,0,365000,0,0,0,384000,19000,365000,365000
1717,長興            ,390000,21000,369000,0,0,0,0,0,0,-6000,0,6000,-6000,0,0,0,363000
043962,亞泥國泰92購01  ,0,0,0,0,0,0,0,0,0,363000,0,0,0,563000,200000,363000,363000
03686P,大立光統一98售02,0,0,0,0,0,0,0,0,0,363000,0,0,0,429000,66000,363000,363000
048066,樺漢統一93購01  ,0,0,0,0,0,0,0,0,0,363000,0,0,0,433000,70000,363000,363000
049681,旺宏統一94購04  ,0,0,0,0,0,0,0,0,0,362000,0,0,0,362000,0,362000,362000
054533,泰碩國泰98購01  ,0,0,0,0,0,0,0,0,0,362000,0,0,0,402000,40000,362000,362000
00635U,元大S&P黃金     ,443000,3000,440000,0,0,0,0,0,0,-79000,0,0,0,122000,201000,-79000,361000
051904,深100元大95購01 ,0,0,0,0,0,0,0,0,0,360000,0,0,0,360000,0,360000,360000
047946,南亞科統一93購04,0,0,0,0,0,0,0,0,0,360000,0,0,0,420000,60000,360000,360000
053935,華通元富96購02  ,0,0,0,0,0,0,0,0,0,360000,0,0,0,424000,64000,360000,360000
052797,樺漢兆豐96購01  ,0,0,0,0,0,0,0,0,0,359000,0,0,0,379000,20000,359000,359000
046577,東元元大92購02  ,0,0,0,0,0,0,0,0,0,359000,0,0,0,500000,141000,359000,359000
050199,南電元大94購09  ,0,0,0,0,0,0,0,0,0,359000,0,0,0,374000,15000,359000,359000
051954,矽力元富95購04  ,0,0,0,0,0,0,0,0,0,358000,0,0,0,456000,98000,358000,358000
00693U,街口S&P黃豆     ,0,0,0,0,0,0,0,0,0,358000,0,0,0,358000,0,358000,358000
8110,華東            ,473000,140000,333000,0,0,0,0,0,0,25000,45000,20000,25000,0,0,0,358000
8112,至上            ,629000,320000,309000,0,0,0,0,0,0,49000,55000,6000,49000,0,0,0,358000
053023,泰鼎國泰97購01  ,0,0,0,0,0,0,0,0,0,356000,0,0,0,376000,20000,356000,356000
03722P,華通元大93售04  ,0,0,0,0,0,0,0,0,0,356000,0,0,0,376000,20000,356000,356000
049143,智邦元大94購02  ,0,0,0,0,0,0,0,0,0,356000,0,0,0,482000,126000,356000,356000
051292,牧德統一97購01  ,0,0,0,0,0,0,0,0,0,356000,0,0,0,412000,56000,356000,356000
2014,中鴻            ,881000,493000,388000,0,0,0,0,0,0,-33000,0,12000,-12000,0,21000,-21000,355000
052431,茂林永豐95購03  ,0,0,0,0,0,0,0,0,0,354000,0,0,0,357000,3000,354000,354000
047844,台虹元大93購02  ,0,0,0,0,0,0,0,0,0,354000,0,0,0,524000,170000,354000,354000
05605P,嘉聯益元大97售02,0,0,0,0,0,0,0,0,0,354000,0,0,0,354000,0,354000,354000
047418,智邦富邦97購01  ,0,0,0,0,0,0,0,0,0,353000,0,0,0,858000,505000,353000,353000
050833,台郡凱基95購01  ,0,0,0,0,0,0,0,0,0,353000,0,0,0,353000,0,353000,353000
3645,達邁            ,548000,130000,418000,0,0,0,0,0,0,-66000,10000,46000,-36000,0,30000,-30000,352000
04271P,南亞科國票93售03,0,0,0,0,0,0,0,0,0,351000,0,0,0,351000,0,351000,351000
043282,美律元大92購02  ,0,0,0,0,0,0,0,0,0,350000,0,0,0,360000,10000,350000,350000
049851,致伸群益94購03  ,0,0,0,0,0,0,0,0,0,350000,0,0,0,373000,23000,350000,350000
053841,美律統一96購01  ,0,0,0,0,0,0,0,0,0,349000,0,0,0,433000,84000,349000,349000
052679,致伸富邦98購01  ,0,0,0,0,0,0,0,0,0,347000,0,0,0,440000,93000,347000,347000
047271,華通永豐93購01  ,0,0,0,0,0,0,0,0,0,347000,0,0,0,671000,324000,347000,347000
053417,上銀永豐96購02  ,0,0,0,0,0,0,0,0,0,345000,0,0,0,395000,50000,345000,345000
042900,卜蜂元大92購01  ,0,0,0,0,0,0,0,0,0,345000,0,0,0,355000,10000,345000,345000
044052,鴻海元大92購04  ,0,0,0,0,0,0,0,0,0,345000,0,0,0,375000,30000,345000,345000
053424,欣興永豐96購02  ,0,0,0,0,0,0,0,0,0,344000,0,0,0,353000,9000,344000,344000
044960,京元電兆豐93購01,0,0,0,0,0,0,0,0,0,344000,0,0,0,413000,69000,344000,344000
049737,美食群益94購03  ,0,0,0,0,0,0,0,0,0,344000,0,0,0,344000,0,344000,344000
049055,聯詠永豐94購01  ,0,0,0,0,0,0,0,0,0,344000,0,0,0,683000,339000,344000,344000
052202,矽力統一96購01  ,0,0,0,0,0,0,0,0,0,343000,0,0,0,354000,11000,343000,343000
050621,易華電元大95購01,0,0,0,0,0,0,0,0,0,342000,0,0,0,345000,3000,342000,342000
044269,群創中信95購01  ,0,0,0,0,0,0,0,0,0,341000,0,0,0,401000,60000,341000,341000
053767,臻鼎富邦97購02  ,0,0,0,0,0,0,0,0,0,341000,0,0,0,918000,577000,341000,341000
054017,茂林永豐96購02  ,0,0,0,0,0,0,0,0,0,341000,0,0,0,460000,119000,341000,341000
051801,牧德永豐95購04  ,0,0,0,0,0,0,0,0,0,340000,0,0,0,410000,70000,340000,340000
047582,滬深2X永豐95購02,0,0,0,0,0,0,0,0,0,340000,0,0,0,340000,0,340000,340000
046288,創意兆豐92購03  ,0,0,0,0,0,0,0,0,0,340000,0,0,0,360000,20000,340000,340000
04542P,致伸永豐94售01  ,0,0,0,0,0,0,0,0,0,338000,0,0,0,400000,62000,338000,338000
044971,元油2X國票92購02,0,0,0,0,0,0,0,0,0,335000,0,0,0,335000,0,335000,335000
047053,益航國票93購01  ,0,0,0,0,0,0,0,0,0,334000,0,0,0,334000,0,334000,334000
047058,聯茂國票94購01  ,0,0,0,0,0,0,0,0,0,334000,0,0,0,344000,10000,334000,334000
046602,新日興群益94購01,0,0,0,0,0,0,0,0,0,334000,0,0,0,469000,135000,334000,334000
051395,聯詠兆豐95購01  ,0,0,0,0,0,0,0,0,0,334000,0,0,0,471000,137000,334000,334000
043778,智原兆豐92購01  ,0,0,0,0,0,0,0,0,0,333000,0,0,0,358000,25000,333000,333000
045878,欣興元富92購02  ,0,0,0,0,0,0,0,0,0,333000,0,0,0,333000,0,333000,333000
052176,景碩元大96購01  ,0,0,0,0,0,0,0,0,0,332000,0,0,0,378000,46000,332000,332000
043947,致伸兆豐91購01  ,0,0,0,0,0,0,0,0,0,332000,0,0,0,332000,0,332000,332000
048875,晶相光國票94購01,0,0,0,0,0,0,0,0,0,332000,0,0,0,533000,201000,332000,332000
053392,致新元大96購01  ,0,0,0,0,0,0,0,0,0,331000,0,0,0,527000,196000,331000,331000
047004,台積電統一99購01,0,0,0,0,0,0,0,0,0,330000,0,0,0,634000,304000,330000,330000
051090,光磊元大96購01  ,0,0,0,0,0,0,0,0,0,330000,0,0,0,380000,50000,330000,330000
1795,美時            ,472000,364000,108000,0,0,0,5000,0,5000,216000,355000,139000,216000,0,0,0,329000
042787,新日興兆豐93購01,0,0,0,0,0,0,0,0,0,329000,0,0,0,351000,22000,329000,329000
051144,鴻海凱基95購12  ,0,0,0,0,0,0,0,0,0,329000,0,0,0,329000,0,329000,329000
049574,新日興統一94購03,0,0,0,0,0,0,0,0,0,329000,0,0,0,400000,71000,329000,329000
6670,復盛應用        ,293000,38000,255000,0,0,0,0,0,0,74000,35000,11000,24000,50000,0,50000,329000
051488,健策凱基96購04  ,0,0,0,0,0,0,0,0,0,328000,0,0,0,606000,278000,328000,328000
048156,正崴兆豐93購01  ,0,0,0,0,0,0,0,0,0,328000,0,0,0,328000,0,328000,328000
051372,樺漢富邦96購01  ,0,0,0,0,0,0,0,0,0,328000,0,0,0,330000,2000,328000,328000
053222,聯茂凱基96購03  ,0,0,0,0,0,0,0,0,0,326000,0,0,0,506000,180000,326000,326000
043050,欣興國泰93購01  ,0,0,0,0,0,0,0,0,0,326000,0,0,0,336000,10000,326000,326000
053632,新唐兆豐96購01  ,0,0,0,0,0,0,0,0,0,326000,0,0,0,326000,0,326000,326000
05746P,台積電群益96售07,0,0,0,0,0,0,0,0,0,326000,0,0,0,970000,644000,326000,326000
053265,南亞科群益96購02,0,0,0,0,0,0,0,0,0,325000,0,0,0,349000,24000,325000,325000
052398,瑞昱凱基95購06  ,0,0,0,0,0,0,0,0,0,325000,0,0,0,335000,10000,325000,325000
043916,群創凱基93購01  ,0,0,0,0,0,0,0,0,0,325000,0,0,0,803000,478000,325000,325000
05277P,深中小統一95售02,0,0,0,0,0,0,0,0,0,324000,0,0,0,324000,0,324000,324000
044049,元金2X元大94購03,0,0,0,0,0,0,0,0,0,324000,0,0,0,324000,0,324000,324000
049683,美食統一94購01  ,0,0,0,0,0,0,0,0,0,324000,0,0,0,324000,0,324000,324000
6230,超眾            ,793000,233000,560000,0,0,0,0,60000,-60000,-176000,35000,178000,-143000,34000,67000,-33000,324000
050452,智原元大95購04  ,0,0,0,0,0,0,0,0,0,322000,0,0,0,750000,428000,322000,322000
053744,台郡國票97購03  ,0,0,0,0,0,0,0,0,0,322000,0,0,0,461000,139000,322000,322000
052823,創意永豐96購02  ,0,0,0,0,0,0,0,0,0,321000,0,0,0,321000,0,321000,321000
051712,嘉聯益群益95購01,0,0,0,0,0,0,0,0,0,321000,0,0,0,425000,104000,321000,321000
050165,泰鼎國泰95購02  ,0,0,0,0,0,0,0,0,0,321000,0,0,0,335000,14000,321000,321000
044855,南電國泰93購01  ,0,0,0,0,0,0,0,0,0,320000,0,0,0,350000,30000,320000,320000
04849P,GIS中信94售01   ,0,0,0,0,0,0,0,0,0,320000,0,0,0,520000,200000,320000,320000
053996,晶相光群益97購01,0,0,0,0,0,0,0,0,0,320000,0,0,0,861000,541000,320000,320000
043474,創意元大92購01  ,0,0,0,0,0,0,0,0,0,319000,0,0,0,320000,1000,319000,319000
5519,隆大            ,431000,141000,290000,0,0,0,0,0,0,29000,30000,1000,29000,0,0,0,319000
051977,泰碩凱基95購01  ,0,0,0,0,0,0,0,0,0,318000,0,0,0,339000,21000,318000,318000
4935,茂林-KY         ,185000,253000,-68000,0,0,0,440000,90000,350000,35000,128000,90000,38000,79000,82000,-3000,317000
053880,智邦中信96購01  ,0,0,0,0,0,0,0,0,0,317000,0,0,0,317000,0,317000,317000
046372,東元凱基92購01  ,0,0,0,0,0,0,0,0,0,315000,0,0,0,315000,0,315000,315000
046480,群創元富96購01  ,0,0,0,0,0,0,0,0,0,315000,0,0,0,315000,0,315000,315000
052563,京元電日盛96購01,0,0,0,0,0,0,0,0,0,314000,0,0,0,371000,57000,314000,314000
2392,正崴            ,1579000,504000,1075000,0,0,0,0,0,0,-761000,95000,161000,-66000,13000,708000,-695000,314000
00650L,FH香港正2       ,18000,0,18000,0,0,0,0,0,0,296000,39000,0,39000,1033000,776000,257000,314000
049301,致新群益95購01  ,0,0,0,0,0,0,0,0,0,313000,0,0,0,454000,141000,313000,313000
052708,楠梓電永豐97購01,0,0,0,0,0,0,0,0,0,311000,0,0,0,341000,30000,311000,311000
044849,南亞科統一91購07,0,0,0,0,0,0,0,0,0,311000,0,0,0,311000,0,311000,311000
044764,聯茂凱基93購03  ,0,0,0,0,0,0,0,0,0,310000,0,0,0,320000,10000,310000,310000
050434,富邦金凱基94購02,0,0,0,0,0,0,0,0,0,310000,0,0,0,310000,0,310000,310000
054263,聯茂元大96購02  ,0,0,0,0,0,0,0,0,0,310000,0,0,0,337000,27000,310000,310000
050600,瑞儀國泰95購01  ,0,0,0,0,0,0,0,0,0,309000,0,0,0,310000,1000,309000,309000
049353,茂林永豐94購03  ,0,0,0,0,0,0,0,0,0,309000,0,0,0,681000,372000,309000,309000
049621,美食群益94購02  ,0,0,0,0,0,0,0,0,0,309000,0,0,0,309000,0,309000,309000
047298,聯茂元富96購01  ,0,0,0,0,0,0,0,0,0,308000,0,0,0,310000,2000,308000,308000
05494P,華邦電統一95售02,0,0,0,0,0,0,0,0,0,308000,0,0,0,416000,108000,308000,308000
051895,聯茂元富95購02  ,0,0,0,0,0,0,0,0,0,307000,0,0,0,470000,163000,307000,307000
052899,和大國票97購01  ,0,0,0,0,0,0,0,0,0,307000,0,0,0,532000,225000,307000,307000
046794,智伸科元富93購01,0,0,0,0,0,0,0,0,0,307000,0,0,0,311000,4000,307000,307000
050205,牧德群益94購02  ,0,0,0,0,0,0,0,0,0,307000,0,0,0,519000,212000,307000,307000
053825,南電群益96購02  ,0,0,0,0,0,0,0,0,0,307000,0,0,0,336000,29000,307000,307000
046855,嘉晶元大94購01  ,0,0,0,0,0,0,0,0,0,306000,0,0,0,406000,100000,306000,306000
048959,凌華康和94購01  ,0,0,0,0,0,0,0,0,0,306000,0,0,0,595000,289000,306000,306000
040987,上証2X凱基92購01,0,0,0,0,0,0,0,0,0,305000,0,0,0,315000,10000,305000,305000
045231,南電元大94購01  ,0,0,0,0,0,0,0,0,0,303000,0,0,0,333000,30000,303000,303000
00688L,國泰20年美債正2 ,0,0,0,0,0,0,0,0,0,303000,0,0,0,441000,138000,303000,303000
05566P,景碩永豐96售01  ,0,0,0,0,0,0,0,0,0,303000,0,0,0,360000,57000,303000,303000
048062,南亞科統一93購05,0,0,0,0,0,0,0,0,0,302000,0,0,0,343000,41000,302000,302000
050499,台達電凱基94購11,0,0,0,0,0,0,0,0,0,302000,0,0,0,330000,28000,302000,302000
053067,牧德群益96購01  ,0,0,0,0,0,0,0,0,0,301000,0,0,0,301000,0,301000,301000
048295,泰鼎群益93購01  ,0,0,0,0,0,0,0,0,0,301000,0,0,0,399000,98000,301000,301000
048260,鴻海元富93購06  ,0,0,0,0,0,0,0,0,0,300000,0,0,0,698000,398000,300000,300000
03701P,祥碩元大93售01  ,0,0,0,0,0,0,0,0,0,300000,0,0,0,300000,0,300000,300000
04799P,健策元大94售03  ,0,0,0,0,0,0,0,0,0,300000,0,0,0,300000,0,300000,300000
04746P,臺股指元大94售17,0,0,0,0,0,0,0,0,0,300000,0,0,0,400000,100000,300000,300000
045683,泰鼎元大93購03  ,0,0,0,0,0,0,0,0,0,300000,0,0,0,300000,0,300000,300000
049325,智邦元富94購02  ,0,0,0,0,0,0,0,0,0,300000,0,0,0,363000,63000,300000,300000
05440P,緯穎國票96售02  ,0,0,0,0,0,0,0,0,0,300000,0,0,0,300000,0,300000,300000
051991,泰碩元大95購02  ,0,0,0,0,0,0,0,0,0,299000,0,0,0,382000,83000,299000,299000
047158,致伸國票93購01  ,0,0,0,0,0,0,0,0,0,299000,0,0,0,299000,0,299000,299000
046474,創意永豐92購03  ,0,0,0,0,0,0,0,0,0,299000,0,0,0,299000,0,299000,299000
053188,旺宏統一97購03  ,0,0,0,0,0,0,0,0,0,298000,0,0,0,408000,110000,298000,298000
2903,遠百            ,392000,122000,270000,0,0,0,0,0,0,28000,35000,7000,28000,0,0,0,298000
03416P,聯電台新02售02  ,0,0,0,0,0,0,0,0,0,298000,0,0,0,298000,0,298000,298000
048841,聯茂凱基94購06  ,0,0,0,0,0,0,0,0,0,298000,0,0,0,622000,324000,298000,298000
054053,聯茂元大96購01  ,0,0,0,0,0,0,0,0,0,298000,0,0,0,431000,133000,298000,298000
2104,國際中橡        ,620000,367000,253000,0,0,0,48000,0,48000,-4000,0,4000,-4000,0,0,0,297000
051061,中磊群益95購01  ,0,0,0,0,0,0,0,0,0,296000,0,0,0,300000,4000,296000,296000
048891,傳奇元富97購02  ,0,0,0,0,0,0,0,0,0,295000,0,0,0,295000,0,295000,295000
049341,旺宏統一95購01  ,0,0,0,0,0,0,0,0,0,295000,0,0,0,295000,0,295000,295000
05686P,臺股指元大96售11,0,0,0,0,0,0,0,0,0,295000,0,0,0,300000,5000,295000,295000
052826,嘉聯益永豐96購01,0,0,0,0,0,0,0,0,0,294000,0,0,0,318000,24000,294000,294000
051889,智邦元富95購02  ,0,0,0,0,0,0,0,0,0,294000,0,0,0,488000,194000,294000,294000
046791,台郡統一96購01  ,0,0,0,0,0,0,0,0,0,294000,0,0,0,527000,233000,294000,294000
046970,聯詠群益93購01  ,0,0,0,0,0,0,0,0,0,294000,0,0,0,437000,143000,294000,294000
051363,矽創元大95購03  ,0,0,0,0,0,0,0,0,0,294000,0,0,0,309000,15000,294000,294000
041452,滬深2X元富93購01,0,0,0,0,0,0,0,0,0,293000,0,0,0,419000,126000,293000,293000
047765,瑞昱元大93購12  ,0,0,0,0,0,0,0,0,0,292000,0,0,0,349000,57000,292000,292000
048007,明基材元大96購01,0,0,0,0,0,0,0,0,0,292000,0,0,0,361000,69000,292000,292000
052838,新唐國泰98購01  ,0,0,0,0,0,0,0,0,0,291000,0,0,0,331000,40000,291000,291000
051106,華通統一95購02  ,0,0,0,0,0,0,0,0,0,291000,0,0,0,1085000,794000,291000,291000
050975,楠梓電統一95購01,0,0,0,0,0,0,0,0,0,291000,0,0,0,352000,61000,291000,291000
050670,牧德永豐94購03  ,0,0,0,0,0,0,0,0,0,291000,0,0,0,367000,76000,291000,291000
050139,華通亞東94購01  ,0,0,0,0,0,0,0,0,0,291000,0,0,0,311000,20000,291000,291000
053630,奇鋐兆豐97購01  ,0,0,0,0,0,0,0,0,0,291000,0,0,0,301000,10000,291000,291000
051540,力成國票95購01  ,0,0,0,0,0,0,0,0,0,290000,0,0,0,300000,10000,290000,290000
044771,南亞科元大91購13,0,0,0,0,0,0,0,0,0,290000,0,0,0,290000,0,290000,290000
054422,T50反1富邦9A購01,0,0,0,0,0,0,0,0,0,290000,0,0,0,310000,20000,290000,290000
049240,華通元富94購01  ,0,0,0,0,0,0,0,0,0,289000,0,0,0,382000,93000,289000,289000
054343,世紀鋼元富96購02,0,0,0,0,0,0,0,0,0,289000,0,0,0,289000,0,289000,289000
053451,致新凱基96購02  ,0,0,0,0,0,0,0,0,0,289000,0,0,0,350000,61000,289000,289000
051379,新光金群益95購01,0,0,0,0,0,0,0,0,0,288000,0,0,0,288000,0,288000,288000
053885,全新兆豐96購01  ,0,0,0,0,0,0,0,0,0,288000,0,0,0,840000,552000,288000,288000
054001,康友群益96購02  ,0,0,0,0,0,0,0,0,0,288000,0,0,0,436000,148000,288000,288000
053184,世紀鋼元富96購01,0,0,0,0,0,0,0,0,0,287000,0,0,0,359000,72000,287000,287000
053602,台虹元大96購01  ,0,0,0,0,0,0,0,0,0,287000,0,0,0,1035000,748000,287000,287000
048056,全新國泰94購02  ,0,0,0,0,0,0,0,0,0,286000,0,0,0,399000,113000,286000,286000
050581,美食國票94購02  ,0,0,0,0,0,0,0,0,0,286000,0,0,0,297000,11000,286000,286000
053631,欣興兆豐97購01  ,0,0,0,0,0,0,0,0,0,286000,0,0,0,287000,1000,286000,286000
052463,聯電統一96購01  ,0,0,0,0,0,0,0,0,0,285000,0,0,0,353000,68000,285000,285000
045036,TPK群益93購02   ,0,0,0,0,0,0,0,0,0,284000,0,0,0,380000,96000,284000,284000
044125,美律凱基93購01  ,0,0,0,0,0,0,0,0,0,284000,0,0,0,294000,10000,284000,284000
006207,FH滬深          ,105000,0,105000,0,0,0,0,0,0,179000,0,0,0,441000,262000,179000,284000
048476,同欣電永豐93購01,0,0,0,0,0,0,0,0,0,284000,0,0,0,319000,35000,284000,284000
050898,智原元大96購01  ,0,0,0,0,0,0,0,0,0,284000,0,0,0,668000,384000,284000,284000
053816,聯發科群益96購02,0,0,0,0,0,0,0,0,0,284000,0,0,0,348000,64000,284000,284000
045483,智邦第一92購01  ,0,0,0,0,0,0,0,0,0,283000,0,0,0,283000,0,283000,283000
048275,A50正2永豐93購01,0,0,0,0,0,0,0,0,0,283000,0,0,0,328000,45000,283000,283000
053576,智原元富96購01  ,0,0,0,0,0,0,0,0,0,283000,0,0,0,380000,97000,283000,283000
045900,臻鼎元大92購05  ,0,0,0,0,0,0,0,0,0,282000,0,0,0,301000,19000,282000,282000
050269,欣興元大94購09  ,0,0,0,0,0,0,0,0,0,282000,0,0,0,488000,206000,282000,282000
054068,華通國泰96購02  ,0,0,0,0,0,0,0,0,0,282000,0,0,0,292000,10000,282000,282000
054124,達方永豐96購02  ,0,0,0,0,0,0,0,0,0,282000,0,0,0,380000,98000,282000,282000
048167,旺宏永豐93購04  ,0,0,0,0,0,0,0,0,0,281000,0,0,0,314000,33000,281000,281000
048557,瑞昱元大94購01  ,0,0,0,0,0,0,0,0,0,281000,0,0,0,670000,389000,281000,281000
047286,美律統一93購02  ,0,0,0,0,0,0,0,0,0,281000,0,0,0,406000,125000,281000,281000
047811,聯發科凱基93購23,0,0,0,0,0,0,0,0,0,281000,0,0,0,436000,155000,281000,281000
051655,欣興元富95購04  ,0,0,0,0,0,0,0,0,0,280000,0,0,0,371000,91000,280000,280000
03616P,大立光元大92售24,0,0,0,0,0,0,0,0,0,280000,0,0,0,430000,150000,280000,280000
040498,滬深2X國票92購01,0,0,0,0,0,0,0,0,0,280000,0,0,0,361000,81000,280000,280000
046281,正崴永豐92購01  ,0,0,0,0,0,0,0,0,0,280000,0,0,0,321000,41000,280000,280000
045785,揚明光元大93購04,0,0,0,0,0,0,0,0,0,280000,0,0,0,290000,10000,280000,280000
051311,瑞昱麥證95購01  ,0,0,0,903000,616000,287000,0,0,0,280000,0,0,0,903000,623000,280000,280000
052079,康友元富98購01  ,0,0,0,0,0,0,0,0,0,279000,0,0,0,658000,379000,279000,279000
046486,樺漢國泰94購01  ,0,0,0,0,0,0,0,0,0,279000,0,0,0,430000,151000,279000,279000
047865,健鼎康和93購01  ,0,0,0,0,0,0,0,0,0,279000,0,0,0,318000,39000,279000,279000
054267,上銀第一96購01  ,0,0,0,0,0,0,0,0,0,279000,0,0,0,279000,0,279000,279000
2836,高雄銀          ,359000,80787,278213,0,0,0,0,0,0,0,0,0,0,0,0,0,278213
048640,南亞科元大93購06,0,0,0,0,0,0,0,0,0,278000,0,0,0,296000,18000,278000,278000
03892P,元油2X中信95售01,0,0,0,0,0,0,0,0,0,277000,0,0,0,708000,431000,277000,277000
052818,智邦永豐96購01  ,0,0,0,0,0,0,0,0,0,276000,0,0,0,409000,133000,276000,276000
052939,富邦金兆豐96購01,0,0,0,0,0,0,0,0,0,276000,0,0,0,594000,318000,276000,276000
047948,瑞儀統一93購01  ,0,0,0,0,0,0,0,0,0,276000,0,0,0,384000,108000,276000,276000
047231,大立光凱基95購03,0,0,0,0,0,0,0,0,0,275000,0,0,0,390000,115000,275000,275000
046895,智伸科群益93購02,0,0,0,0,0,0,0,0,0,275000,0,0,0,297000,22000,275000,275000
050121,南電元大95購02  ,0,0,0,0,0,0,0,0,0,275000,0,0,0,304000,29000,275000,275000
054112,台積電麥證96購02,0,0,0,320000,45000,275000,0,0,0,275000,0,0,0,320000,45000,275000,275000
042997,新光鋼元大94購01,0,0,0,0,0,0,0,0,0,274000,0,0,0,399000,125000,274000,274000
049977,瑞昱凱基94購03  ,0,0,0,0,0,0,0,0,0,274000,0,0,0,288000,14000,274000,274000
051157,華新科富邦98購01,0,0,0,0,0,0,0,0,0,274000,0,0,0,821000,547000,274000,274000
052981,鴻海元大97購05  ,0,0,0,0,0,0,0,0,0,273000,0,0,0,510000,237000,273000,273000
2609,陽明            ,321000,48000,273000,0,0,0,0,0,0,0,0,0,0,0,0,0,273000
043457,鴻海元大93購01  ,0,0,0,0,0,0,0,0,0,273000,0,0,0,790000,517000,273000,273000
045165,台虹國泰93購01  ,0,0,0,0,0,0,0,0,0,273000,0,0,0,958000,685000,273000,273000
044792,康友群益93購01  ,0,0,0,0,0,0,0,0,0,273000,0,0,0,497000,224000,273000,273000
054398,牧德永豐96購03  ,0,0,0,0,0,0,0,0,0,273000,0,0,0,376000,103000,273000,273000
051738,全新國票96購02  ,0,0,0,0,0,0,0,0,0,272000,0,0,0,319000,47000,272000,272000
043973,元金2X元大94購02,0,0,0,0,0,0,0,0,0,272000,0,0,0,340000,68000,272000,272000
049787,麗豐兆豐94購01  ,0,0,0,0,0,0,0,0,0,272000,0,0,0,322000,50000,272000,272000
05268P,玉晶光元大98售01,0,0,0,0,0,0,0,0,0,271000,0,0,0,657000,386000,271000,271000
045854,貿聯富邦93購01  ,0,0,0,0,0,0,0,0,0,271000,0,0,0,286000,15000,271000,271000
054201,聯詠富邦97購02  ,0,0,0,0,0,0,0,0,0,271000,0,0,0,369000,98000,271000,271000
051466,玉晶光富邦97購01,0,0,0,0,0,0,0,0,0,270000,0,0,0,417000,147000,270000,270000
052770,聯茂群益96購02  ,0,0,0,0,0,0,0,0,0,270000,0,0,0,281000,11000,270000,270000
044935,玉晶光元大93購03,0,0,0,0,0,0,0,0,0,270000,0,0,0,300000,30000,270000,270000
050325,台積電永豐94購05,0,0,0,0,0,0,0,0,0,270000,0,0,0,435000,165000,270000,270000
050394,大立光元富94購09,0,0,0,0,0,0,0,0,0,270000,0,0,0,319000,49000,270000,270000
050682,南亞科元富94購02,0,0,0,0,0,0,0,0,0,270000,0,0,0,307000,37000,270000,270000
051860,為升凱基95購01  ,0,0,0,0,0,0,0,0,0,269000,0,0,0,269000,0,269000,269000
044798,鴻海凱基93購09  ,0,0,0,0,0,0,0,0,0,269000,0,0,0,499000,230000,269000,269000
046455,瑞昱凱基92購03  ,0,0,0,0,0,0,0,0,0,269000,0,0,0,272000,3000,269000,269000
050491,旺宏國泰96購01  ,0,0,0,0,0,0,0,0,0,269000,0,0,0,332000,63000,269000,269000
051010,美律日盛95購01  ,0,0,0,0,0,0,0,0,0,269000,0,0,0,304000,35000,269000,269000
053894,創意群益96購01  ,0,0,0,0,0,0,0,0,0,269000,0,0,0,269000,0,269000,269000
06040P,亞光康和96售03  ,0,0,0,0,0,0,0,0,0,269000,0,0,0,526000,257000,269000,269000
048276,旺宏永豐94購01  ,0,0,0,0,0,0,0,0,0,268000,0,0,0,268000,0,268000,268000
047190,聯茂元大93購03  ,0,0,0,0,0,0,0,0,0,268000,0,0,0,268000,0,268000,268000
052564,美食日盛96購01  ,0,0,0,0,0,0,0,0,0,267000,0,0,0,442000,175000,267000,267000
044822,南電兆豐93購01  ,0,0,0,0,0,0,0,0,0,267000,0,0,0,267000,0,267000,267000
048884,川湖元富94購01  ,0,0,0,0,0,0,0,0,0,267000,0,0,0,267000,0,267000,267000
046737,鴻海群益93購04  ,0,0,0,0,0,0,0,0,0,266000,0,0,0,388000,122000,266000,266000
049904,矽力元富94購01  ,0,0,0,0,0,0,0,0,0,266000,0,0,0,277000,11000,266000,266000
052075,旺宏元富95購03  ,0,0,0,0,0,0,0,0,0,265000,0,0,0,272000,7000,265000,265000
051644,聯茂康和95購01  ,0,0,0,0,0,0,0,0,0,265000,0,0,0,333000,68000,265000,265000
046665,智原元大93購01  ,0,0,0,0,0,0,0,0,0,265000,0,0,0,994000,729000,265000,265000
048587,康控中信93購01  ,0,0,0,0,0,0,0,0,0,265000,0,0,0,310000,45000,265000,265000
04925P,和碩元大94售03  ,0,0,0,0,0,0,0,0,0,265000,0,0,0,415000,150000,265000,265000
043415,群創凱基91購02  ,0,0,0,0,0,0,0,0,0,264000,0,0,0,500000,236000,264000,264000
047912,台郡麥證94購01  ,0,0,0,264000,0,264000,0,0,0,264000,0,0,0,264000,0,264000,264000
053333,新唐永豐96購01  ,0,0,0,0,0,0,0,0,0,263000,0,0,0,283000,20000,263000,263000
044748,貿聯群益91購02  ,0,0,0,0,0,0,0,0,0,263000,0,0,0,263000,0,263000,263000
051051,鴻海群益95購04  ,0,0,0,0,0,0,0,0,0,263000,0,0,0,708000,445000,263000,263000
2605,新興            ,114000,79000,35000,0,0,0,0,0,0,227000,230000,3000,227000,0,0,0,262000
052103,台積電兆豐95購06,0,0,0,0,0,0,0,0,0,262000,0,0,0,392000,130000,262000,262000
047689,瑞昱富邦97購01  ,0,0,0,0,0,0,0,0,0,260000,0,0,0,294000,34000,260000,260000
052870,玉晶光凱基96購03,0,0,0,0,0,0,0,0,0,260000,0,0,0,260000,0,260000,260000
05137P,華新科凱基96售03,0,0,0,0,0,0,0,0,0,260000,0,0,0,260000,0,260000,260000
049003,智邦中信95購01  ,0,0,0,0,0,0,0,0,0,260000,0,0,0,308000,48000,260000,260000
049852,康控群益94購03  ,0,0,0,0,0,0,0,0,0,260000,0,0,0,294000,34000,260000,260000
054390,智邦元富96購03  ,0,0,0,0,0,0,0,0,0,260000,0,0,0,260000,0,260000,260000
053148,華邦電元大96購01,0,0,0,0,0,0,0,0,0,259000,0,0,0,617000,358000,259000,259000
046139,京元電統一92購04,0,0,0,0,0,0,0,0,0,259000,0,0,0,553000,294000,259000,259000
048935,玉晶光永豐94購04,0,0,0,0,0,0,0,0,0,259000,0,0,0,590000,331000,259000,259000
047054,聯詠國票93購01  ,0,0,0,0,0,0,0,0,0,258000,0,0,0,411000,153000,258000,258000
048115,樺漢群益93購01  ,0,0,0,0,0,0,0,0,0,258000,0,0,0,258000,0,258000,258000
049013,川湖群益94購01  ,0,0,0,0,0,0,0,0,0,258000,0,0,0,258000,0,258000,258000
053693,欣興元大96購05  ,0,0,0,0,0,0,0,0,0,258000,0,0,0,626000,368000,258000,258000
053238,麗豐永豐96購01  ,0,0,0,0,0,0,0,0,0,257000,0,0,0,337000,80000,257000,257000
041421,滬深2X凱基93購01,0,0,0,0,0,0,0,0,0,257000,0,0,0,257000,0,257000,257000
046370,全新麥證93購01  ,0,0,0,257000,0,257000,0,0,0,257000,0,0,0,257000,0,257000,257000
049924,欣興元大95購04  ,0,0,0,0,0,0,0,0,0,257000,0,0,0,327000,70000,257000,257000
053897,台郡群益96購01  ,0,0,0,0,0,0,0,0,0,257000,0,0,0,434000,177000,257000,257000
05616P,台光電永豐96售01,0,0,0,0,0,0,0,0,0,257000,0,0,0,365000,108000,257000,257000
052177,京鼎元大95購02  ,0,0,0,0,0,0,0,0,0,256000,0,0,0,527000,271000,256000,256000
041308,群創群益92購01  ,0,0,0,0,0,0,0,0,0,256000,0,0,0,327000,71000,256000,256000
048117,南電群益93購02  ,0,0,0,0,0,0,0,0,0,256000,0,0,0,275000,19000,256000,256000
048662,京元電統一93購04,0,0,0,0,0,0,0,0,0,256000,0,0,0,312000,56000,256000,256000
049402,奇鋐群益95購02  ,0,0,0,0,0,0,0,0,0,256000,0,0,0,268000,12000,256000,256000
3023,信邦            ,409000,165000,244000,0,0,0,90000,70000,20000,-9000,0,2000,-2000,1000,8000,-7000,255000
042724,群創群益93購01  ,0,0,0,0,0,0,0,0,0,255000,0,0,0,442000,187000,255000,255000
054042,華泰元大96購01  ,0,0,0,0,0,0,0,0,0,255000,0,0,0,255000,0,255000,255000
048960,矽格康和94購01  ,0,0,0,0,0,0,0,0,0,254000,0,0,0,270000,16000,254000,254000
051124,創意群益95購01  ,0,0,0,0,0,0,0,0,0,254000,0,0,0,319000,65000,254000,254000
052185,奇力新群益95購03,0,0,0,0,0,0,0,0,0,253000,0,0,0,295000,42000,253000,253000
047032,台虹元大93購01  ,0,0,0,0,0,0,0,0,0,253000,0,0,0,281000,28000,253000,253000
2614,東森            ,314000,61000,253000,0,0,0,0,0,0,-1000,0,1000,-1000,0,0,0,252000
053848,聯發科元富96購03,0,0,0,0,0,0,0,0,0,252000,0,0,0,397000,145000,252000,252000
1444,力麗            ,356000,103000,253000,0,0,0,0,0,0,-2000,0,2000,-2000,0,0,0,251000
048554,燿華元大93購06  ,0,0,0,0,0,0,0,0,0,251000,0,0,0,252000,1000,251000,251000
050342,華通元富94購02  ,0,0,0,0,0,0,0,0,0,251000,0,0,0,498000,247000,251000,251000
04051P,友達中信94售02  ,0,0,0,0,0,0,0,0,0,250000,0,0,0,250000,0,250000,250000
044405,材料凱基93購01  ,0,0,0,0,0,0,0,0,0,250000,0,0,0,250000,0,250000,250000
047354,訊芯凱基94購01  ,0,0,0,0,0,0,0,0,0,250000,0,0,0,300000,50000,250000,250000
046319,新日興元大92購03,0,0,0,0,0,0,0,0,0,250000,0,0,0,292000,42000,250000,250000
049380,欣興元大94購04  ,0,0,0,0,0,0,0,0,0,250000,0,0,0,334000,84000,250000,250000
05472P,國巨統一96售02  ,0,0,0,0,0,0,0,0,0,250000,0,0,0,255000,5000,250000,250000
08917P,臺股指凱基01售08,0,0,0,0,0,0,0,0,0,250000,0,0,0,250000,0,250000,250000
045094,樺漢元大92購01  ,0,0,0,0,0,0,0,0,0,249000,0,0,0,269000,20000,249000,249000
044964,旺宏中信94購01  ,0,0,0,0,0,0,0,0,0,249000,0,0,0,525000,276000,249000,249000
044620,上銀元大92購04  ,0,0,0,0,0,0,0,0,0,249000,0,0,0,259000,10000,249000,249000
045893,貿聯元大92購04  ,0,0,0,0,0,0,0,0,0,249000,0,0,0,429000,180000,249000,249000
054452,華通亞東96購01  ,0,0,0,0,0,0,0,0,0,249000,0,0,0,271000,22000,249000,249000
054243,國喬元大96購01  ,0,0,0,0,0,0,0,0,0,249000,0,0,0,701000,452000,249000,249000
048905,旺宏富邦96購01  ,0,0,0,0,0,0,0,0,0,248000,0,0,0,357000,109000,248000,248000
052971,京元電群益98購01,0,0,0,0,0,0,0,0,0,247000,0,0,0,520000,273000,247000,247000
041912,上緯控元大92購01,0,0,0,0,0,0,0,0,0,247000,0,0,0,250000,3000,247000,247000
050864,亞光永豐95購01  ,0,0,0,0,0,0,0,0,0,247000,0,0,0,397000,150000,247000,247000
051697,康友中信95購02  ,0,0,0,0,0,0,0,0,0,246000,0,0,0,436000,190000,246000,246000
048155,瑞昱兆豐93購01  ,0,0,0,0,0,0,0,0,0,246000,0,0,0,535000,289000,246000,246000
048154,旺宏兆豐94購01  ,0,0,0,0,0,0,0,0,0,246000,0,0,0,256000,10000,246000,246000
051222,世紀鋼元富95購01,0,0,0,0,0,0,0,0,0,246000,0,0,0,264000,18000,246000,246000
053854,聯茂國泰97購02  ,0,0,0,0,0,0,0,0,0,246000,0,0,0,266000,20000,246000,246000
051608,新日興群益96購01,0,0,0,0,0,0,0,0,0,245000,0,0,0,370000,125000,245000,245000
050488,美食元富94購02  ,0,0,0,0,0,0,0,0,0,245000,0,0,0,295000,50000,245000,245000
046669,新唐元大93購01  ,0,0,0,0,0,0,0,0,0,244000,0,0,0,244000,0,244000,244000
047155,智原國票93購01  ,0,0,0,0,0,0,0,0,0,243000,0,0,0,243000,0,243000,243000
046315,淘帝元大92購01  ,0,0,0,0,0,0,0,0,0,243000,0,0,0,243000,0,243000,243000
053931,楠梓電統一96購01,0,0,0,0,0,0,0,0,0,243000,0,0,0,243000,0,243000,243000
053955,華通永豐96購04  ,0,0,0,0,0,0,0,0,0,243000,0,0,0,270000,27000,243000,243000
052029,矽力群益95購02  ,0,0,0,0,0,0,0,0,0,242000,0,0,0,270000,28000,242000,242000
052759,京元電群益96購01,0,0,0,0,0,0,0,0,0,242000,0,0,0,360000,118000,242000,242000
043870,光磊元大92購01  ,0,0,0,0,0,0,0,0,0,242000,0,0,0,250000,8000,242000,242000
04615P,華新科群益94售03,0,0,0,0,0,0,0,0,0,242000,0,0,0,242000,0,242000,242000
046091,健鼎兆豐92購01  ,0,0,0,0,0,0,0,0,0,242000,0,0,0,522000,280000,242000,242000
045851,健策永豐92購01  ,0,0,0,0,0,0,0,0,0,242000,0,0,0,351000,109000,242000,242000
050812,台積電凱基95購01,0,0,0,0,0,0,0,0,0,242000,0,0,0,308000,66000,242000,242000
053052,旺宏國票97購02  ,0,0,0,0,0,0,0,0,0,241000,0,0,0,243000,2000,241000,241000
052666,瑞昱群益96購01  ,0,0,0,0,0,0,0,0,0,241000,0,0,0,326000,85000,241000,241000
040381,元金2X元富95購01,0,0,0,0,0,0,0,0,0,241000,0,0,0,241000,0,241000,241000
049620,美食群益94購01  ,0,0,0,0,0,0,0,0,0,241000,0,0,0,241000,0,241000,241000
050003,景碩永豐94購01  ,0,0,0,0,0,0,0,0,0,241000,0,0,0,270000,29000,241000,241000
051651,易華電永豐95購01,0,0,0,0,0,0,0,0,0,240000,0,0,0,240000,0,240000,240000
03940P,訊芯元大93售05  ,0,0,0,0,0,0,0,0,0,240000,0,0,0,290000,50000,240000,240000
051430,瑞昱元富95購02  ,0,0,0,0,0,0,0,0,0,240000,0,0,0,241000,1000,240000,240000
053790,嘉聯益元大99購02,0,0,0,0,0,0,0,0,0,240000,0,0,0,492000,252000,240000,240000
052815,滬深2X永豐97購01,0,0,0,0,0,0,0,0,0,239000,0,0,0,239000,0,239000,239000
044835,南亞科元大91購14,0,0,0,0,0,0,0,0,0,239000,0,0,0,250000,11000,239000,239000
043557,元金2X永豐92購01,0,0,0,0,0,0,0,0,0,239000,0,0,0,239000,0,239000,239000
050176,正崴元大94購03  ,0,0,0,0,0,0,0,0,0,239000,0,0,0,307000,68000,239000,239000
053809,上銀群益96購02  ,0,0,0,0,0,0,0,0,0,239000,0,0,0,239000,0,239000,239000
053563,台積電富邦97購01,0,0,0,0,0,0,0,0,0,239000,0,0,0,847000,608000,239000,239000
6271,同欣電          ,993000,1232000,-239000,0,0,0,912000,509000,403000,75000,161000,85000,76000,61000,62000,-1000,239000
054358,矽創兆豐96購01  ,0,0,0,0,0,0,0,0,0,239000,0,0,0,269000,30000,239000,239000
052980,上銀元大96購03  ,0,0,0,0,0,0,0,0,0,238000,0,0,0,327000,89000,238000,238000
049850,上緯控群益94購01,0,0,0,0,0,0,0,0,0,238000,0,0,0,238000,0,238000,238000
051562,玉晶光國泰97購05,0,0,0,0,0,0,0,0,0,237000,0,0,0,237000,0,237000,237000
052057,臺股指凱基95購15,0,0,0,0,0,0,0,0,0,237000,0,0,0,257000,20000,237000,237000
045131,瑞昱統一92購02  ,0,0,0,0,0,0,0,0,0,237000,0,0,0,295000,58000,237000,237000
046703,瑞昱元富95購01  ,0,0,0,0,0,0,0,0,0,237000,0,0,0,651000,414000,237000,237000
048972,晶豪科元大94購01,0,0,0,0,0,0,0,0,0,236000,0,0,0,241000,5000,236000,236000
053977,新日興元大96購03,0,0,0,0,0,0,0,0,0,236000,0,0,0,281000,45000,236000,236000
04551P,台表科元大94售02,0,0,0,0,0,0,0,0,0,235000,0,0,0,420000,185000,235000,235000
049982,嘉晶凱基94購01  ,0,0,0,0,0,0,0,0,0,235000,0,0,0,330000,95000,235000,235000
053229,南電台新97購01  ,0,0,0,0,0,0,0,0,0,234000,0,0,0,236000,2000,234000,234000
042820,上銀麥證92購01  ,0,0,0,249000,15000,234000,0,0,0,234000,0,0,0,249000,15000,234000,234000
050680,上銀元富94購01  ,0,0,0,0,0,0,0,0,0,234000,0,0,0,241000,7000,234000,234000
2823,中壽            ,909000,836000,73000,0,0,0,8000,0,8000,152000,126000,3000,123000,36000,7000,29000,233000
045008,南亞科元大92購02,0,0,0,0,0,0,0,0,0,233000,0,0,0,243000,10000,233000,233000
048391,友訊國票94購01  ,0,0,0,0,0,0,0,0,0,233000,0,0,0,269000,36000,233000,233000
050157,臻鼎群益94購02  ,0,0,0,0,0,0,0,0,0,233000,0,0,0,317000,84000,233000,233000
053557,聯茂凱基96購04  ,0,0,0,0,0,0,0,0,0,233000,0,0,0,273000,40000,233000,233000
052642,滬深2X永豐96購03,0,0,0,0,0,0,0,0,0,232000,0,0,0,269000,37000,232000,232000
046603,貿聯群益93購01  ,0,0,0,0,0,0,0,0,0,232000,0,0,0,253000,21000,232000,232000
051768,臻鼎元大95購04  ,0,0,0,0,0,0,0,0,0,231000,0,0,0,311000,80000,231000,231000
046832,嘉晶群益93購01  ,0,0,0,0,0,0,0,0,0,231000,0,0,0,286000,55000,231000,231000
048494,瑞昱元大93購13  ,0,0,0,0,0,0,0,0,0,231000,0,0,0,271000,40000,231000,231000
050943,楠梓電群益96購01,0,0,0,0,0,0,0,0,0,231000,0,0,0,251000,20000,231000,231000
054235,欣興群益96購06  ,0,0,0,0,0,0,0,0,0,231000,0,0,0,246000,15000,231000,231000
054578,世芯元大99購01  ,0,0,0,0,0,0,0,0,0,231000,0,0,0,295000,64000,231000,231000
03294P,欣興永豐02售01  ,0,0,0,0,0,0,0,0,0,230000,0,0,0,230000,0,230000,230000
047409,寶成統一93購01  ,0,0,0,0,0,0,0,0,0,230000,0,0,0,230000,0,230000,230000
050723,楠梓電國票94購01,0,0,0,0,0,0,0,0,0,230000,0,0,0,230000,0,230000,230000
054075,GIS富邦97購02   ,0,0,0,0,0,0,0,0,0,230000,0,0,0,230000,0,230000,230000
051945,智邦統一95購03  ,0,0,0,0,0,0,0,0,0,229000,0,0,0,287000,58000,229000,229000
00703,台新MSCI中國    ,0,0,0,0,0,0,0,0,0,229000,0,0,0,349000,120000,229000,229000
048184,達運群益93購01  ,0,0,0,0,0,0,0,0,0,229000,0,0,0,398000,169000,229000,229000
049442,滬深2X統一99購01,0,0,0,0,0,0,0,0,0,229000,0,0,0,229000,0,229000,229000
6452,康友-KY         ,684564,376000,308564,0,0,0,1000,0,1000,-81000,32000,1000,31000,139000,251000,-112000,228564
048981,牧德元大94購01  ,0,0,0,0,0,0,0,0,0,228000,0,0,0,493000,265000,228000,228000
05405P,大立光群益95售04,0,0,0,0,0,0,0,0,0,228000,0,0,0,450000,222000,228000,228000
053090,新唐元大96購01  ,0,0,0,0,0,0,0,0,0,227000,0,0,0,484000,257000,227000,227000
044175,亞光統一92購01  ,0,0,0,0,0,0,0,0,0,227000,0,0,0,309000,82000,227000,227000
050074,訊芯凱基94購05  ,0,0,0,0,0,0,0,0,0,227000,0,0,0,301000,74000,227000,227000
049966,旺宏國票95購02  ,0,0,0,0,0,0,0,0,0,227000,0,0,0,227000,0,227000,227000
050969,台郡永豐95購01  ,0,0,0,0,0,0,0,0,0,227000,0,0,0,329000,102000,227000,227000
046702,旺宏元富93購02  ,0,0,0,0,0,0,0,0,0,226000,0,0,0,226000,0,226000,226000
050355,瑞儀群益94購01  ,0,0,0,0,0,0,0,0,0,226000,0,0,0,319000,93000,226000,226000
6278,台表科          ,1563000,2160000,-597000,0,0,0,695000,130000,565000,258000,191000,144000,47000,248000,37000,211000,226000
052069,聯茂兆豐96購01  ,0,0,0,0,0,0,0,0,0,225000,0,0,0,250000,25000,225000,225000
044110,智原國票91購02  ,0,0,0,0,0,0,0,0,0,225000,0,0,0,245000,20000,225000,225000
045228,泰鼎元大93購01  ,0,0,0,0,0,0,0,0,0,225000,0,0,0,280000,55000,225000,225000
047212,宏達電富邦97購01,0,0,0,0,0,0,0,0,0,225000,0,0,0,238000,13000,225000,225000
050583,瑞儀國票94購01  ,0,0,0,0,0,0,0,0,0,225000,0,0,0,230000,5000,225000,225000
049470,楠梓電永豐94購03,0,0,0,0,0,0,0,0,0,225000,0,0,0,275000,50000,225000,225000
054299,南電元大96購03  ,0,0,0,0,0,0,0,0,0,225000,0,0,0,380000,155000,225000,225000
053071,南電群益96購01  ,0,0,0,0,0,0,0,0,0,224000,0,0,0,244000,20000,224000,224000
045433,康友永豐92購01  ,0,0,0,0,0,0,0,0,0,224000,0,0,0,474000,250000,224000,224000
047620,貿聯凱基93購01  ,0,0,0,0,0,0,0,0,0,224000,0,0,0,369000,145000,224000,224000
1227,佳格            ,356000,141000,215000,0,0,0,1000,0,1000,8000,16000,8000,8000,0,0,0,224000
00670L,富邦NASDAQ正2   ,0,1000,-1000,0,0,0,0,0,0,224000,0,0,0,351000,127000,224000,223000
047531,新唐元大93購02  ,0,0,0,0,0,0,0,0,0,223000,0,0,0,223000,0,223000,223000
047822,臺股指凱基93購16,0,0,0,0,0,0,0,0,0,223000,0,0,0,228000,5000,223000,223000
049092,聯茂凱基94購07  ,0,0,0,0,0,0,0,0,0,223000,0,0,0,253000,30000,223000,223000
050051,智原群益94購01  ,0,0,0,0,0,0,0,0,0,223000,0,0,0,874000,651000,223000,223000
053765,智邦富邦96購01  ,0,0,0,0,0,0,0,0,0,223000,0,0,0,344000,121000,223000,223000
051756,台積電元大97購04,0,0,0,0,0,0,0,0,0,222000,0,0,0,376000,154000,222000,222000
046240,中鋼中信94購01  ,0,0,0,0,0,0,0,0,0,222000,0,0,0,263000,41000,222000,222000
048578,滬深2X富邦93購04,0,0,0,0,0,0,0,0,0,222000,0,0,0,222000,0,222000,222000
051170,南電元大95購03  ,0,0,0,0,0,0,0,0,0,222000,0,0,0,241000,19000,222000,222000
052073,矽力統一95購03  ,0,0,0,0,0,0,0,0,0,221000,0,0,0,231000,10000,221000,221000
052531,台積電國泰96購06,0,0,0,0,0,0,0,0,0,221000,0,0,0,300000,79000,221000,221000
047997,南亞科元大93購03,0,0,0,0,0,0,0,0,0,221000,0,0,0,358000,137000,221000,221000
050372,全新元大96購03  ,0,0,0,0,0,0,0,0,0,221000,0,0,0,600000,379000,221000,221000
048928,華新科永豐94購02,0,0,0,0,0,0,0,0,0,221000,0,0,0,507000,286000,221000,221000
054296,世芯元大97購01  ,0,0,0,0,0,0,0,0,0,221000,0,0,0,221000,0,221000,221000
052645,美食永豐96購01  ,0,0,0,0,0,0,0,0,0,220000,0,0,0,220000,0,220000,220000
051824,華通元大95購07  ,0,0,0,0,0,0,0,0,0,220000,0,0,0,340000,120000,220000,220000
00717,富邦美國特別股  ,0,0,0,0,0,0,0,0,0,220000,0,0,0,656000,436000,220000,220000
048073,南電元富93購02  ,0,0,0,0,0,0,0,0,0,220000,0,0,0,242000,22000,220000,220000
049903,大立光元富94購06,0,0,0,0,0,0,0,0,0,220000,0,0,0,394000,174000,220000,220000
051393,新光金兆豐96購01,0,0,0,0,0,0,0,0,0,220000,0,0,0,220000,0,220000,220000
054400,健策永豐96購02  ,0,0,0,0,0,0,0,0,0,220000,0,0,0,220000,0,220000,220000
00659R,國泰日本反1     ,0,0,0,0,0,0,0,0,0,219000,0,0,0,219000,0,219000,219000
048131,全新國票94購02  ,0,0,0,0,0,0,0,0,0,219000,0,0,0,262000,43000,219000,219000
050660,欣興元大96購02  ,0,0,0,0,0,0,0,0,0,219000,0,0,0,394000,175000,219000,219000
05005P,台表科統一95售01,0,0,0,0,0,0,0,0,0,219000,0,0,0,449000,230000,219000,219000
051553,牧德永豐96購02  ,0,0,0,0,0,0,0,0,0,218000,0,0,0,285000,67000,218000,218000
048225,全新凱基93購03  ,0,0,0,0,0,0,0,0,0,218000,0,0,0,494000,276000,218000,218000
050534,臻鼎兆豐94購01  ,0,0,0,0,0,0,0,0,0,218000,0,0,0,471000,253000,218000,218000
051272,嘉晶群益95購01  ,0,0,0,0,0,0,0,0,0,218000,0,0,0,340000,122000,218000,218000
053571,奇鋐統一96購02  ,0,0,0,0,0,0,0,0,0,218000,0,0,0,226000,8000,218000,218000
051861,鴻海凱基98購01  ,0,0,0,0,0,0,0,0,0,217000,0,0,0,283000,66000,217000,217000
052817,楠梓電永豐96購02,0,0,0,0,0,0,0,0,0,217000,0,0,0,217000,0,217000,217000
053359,矽力統一96購02  ,0,0,0,0,0,0,0,0,0,217000,0,0,0,227000,10000,217000,217000
046088,台光電兆豐92購02,0,0,0,0,0,0,0,0,0,217000,0,0,0,217000,0,217000,217000
05653P,華邦電統一96售02,0,0,0,0,0,0,0,0,0,217000,0,0,0,469000,252000,217000,217000
044986,上銀統一92購01  ,0,0,0,0,0,0,0,0,0,216000,0,0,0,216000,0,216000,216000
047790,致伸群益93購04  ,0,0,0,0,0,0,0,0,0,216000,0,0,0,216000,0,216000,216000
047287,貿聯統一95購01  ,0,0,0,0,0,0,0,0,0,216000,0,0,0,239000,23000,216000,216000
047981,南亞科群益93購02,0,0,0,0,0,0,0,0,0,216000,0,0,0,250000,34000,216000,216000
049914,瑞昱元大94購06  ,0,0,0,0,0,0,0,0,0,216000,0,0,0,285000,69000,216000,216000
6591,動力-KY         ,303000,88000,215000,0,0,0,0,0,0,1000,6000,5000,1000,0,0,0,216000
052851,滬深2X元富96購02,0,0,0,0,0,0,0,0,0,215000,0,0,0,230000,15000,215000,215000
051885,易華電永豐95購02,0,0,0,0,0,0,0,0,0,215000,0,0,0,215000,0,215000,215000
047546,瑞昱凱基93購06  ,0,0,0,0,0,0,0,0,0,215000,0,0,0,228000,13000,215000,215000
047781,上銀國泰94購02  ,0,0,0,0,0,0,0,0,0,215000,0,0,0,268000,53000,215000,215000
050500,台積電凱基94購36,0,0,0,0,0,0,0,0,0,215000,0,0,0,225000,10000,215000,215000
054324,美律台新97購01  ,0,0,0,0,0,0,0,0,0,215000,0,0,0,316000,101000,215000,215000
053170,茂林群益96購04  ,0,0,0,0,0,0,0,0,0,214000,0,0,0,214000,0,214000,214000
044997,信邦國泰93購01  ,0,0,0,0,0,0,0,0,0,214000,0,0,0,234000,20000,214000,214000
045085,新日興元大92購01,0,0,0,0,0,0,0,0,0,214000,0,0,0,214000,0,214000,214000
045101,玉晶光中信94購01,20000,0,20000,0,0,0,0,0,0,194000,0,0,0,1848000,1654000,194000,214000
04367P,滬深2X凱基95售04,0,0,0,0,0,0,0,0,0,214000,0,0,0,264000,50000,214000,214000
049957,智邦統一94購01  ,0,0,0,0,0,0,0,0,0,214000,0,0,0,262000,48000,214000,214000
049575,美食康和94購02  ,0,0,0,0,0,0,0,0,0,214000,0,0,0,214000,0,214000,214000
05584P,臺股指凱基96售13,0,0,0,0,0,0,0,0,0,214000,0,0,0,401000,187000,214000,214000
053122,美律凱基98購01  ,0,0,0,0,0,0,0,0,0,213000,0,0,0,377000,164000,213000,213000
052013,台積電永豐95購04,0,0,0,0,0,0,0,0,0,213000,0,0,0,1452000,1239000,213000,213000
044868,全新國票91購01  ,0,0,0,0,0,0,0,0,0,213000,0,0,0,213000,0,213000,213000
00665L,富邦恒生國企正2 ,262000,9000,253000,0,0,0,0,0,0,-40000,0,0,0,391000,431000,-40000,213000
049490,京元電元大95購02,0,0,0,0,0,0,0,0,0,213000,0,0,0,683000,470000,213000,213000
050353,華擎群益95購01  ,0,0,0,0,0,0,0,0,0,213000,0,0,0,223000,10000,213000,213000
050409,華通永豐94購01  ,0,0,0,0,0,0,0,0,0,212000,0,0,0,250000,38000,212000,212000
051175,國巨凱基95購04  ,0,0,0,0,0,0,0,0,0,212000,0,0,0,278000,66000,212000,212000
054381,世芯群益98購01  ,0,0,0,0,0,0,0,0,0,212000,0,0,0,224000,12000,212000,212000
051948,滬深2X元富9B購01,0,0,0,0,0,0,0,0,0,211000,0,0,0,219000,8000,211000,211000
051585,美食元大95購01  ,0,0,0,0,0,0,0,0,0,211000,0,0,0,460000,249000,211000,211000
048725,京元電日盛94購01,0,0,0,0,0,0,0,0,0,211000,0,0,0,211000,0,211000,211000
04876P,台光電中信94售02,0,0,0,0,0,0,0,0,0,211000,0,0,0,211000,0,211000,211000
052157,東元永豐95購01  ,0,0,0,0,0,0,0,0,0,210000,0,0,0,211000,1000,210000,210000
045136,台肥兆豐92購01  ,0,0,0,0,0,0,0,0,0,210000,0,0,0,210000,0,210000,210000
048136,聯茂國票93購04  ,0,0,0,0,0,0,0,0,0,210000,0,0,0,210000,0,210000,210000
04784P,超眾元富94售01  ,0,0,0,0,0,0,0,0,0,210000,0,0,0,315000,105000,210000,210000
051265,鴻海富邦96購04  ,0,0,0,0,0,0,0,0,0,210000,0,0,0,294000,84000,210000,210000
050761,華通元大94購05  ,0,0,0,0,0,0,0,0,0,210000,0,0,0,481000,271000,210000,210000
049820,世紀鋼元大96購03,0,0,0,0,0,0,0,0,0,210000,0,0,0,210000,0,210000,210000
054044,京元電元大96購03,0,0,0,0,0,0,0,0,0,210000,0,0,0,643000,433000,210000,210000
04550P,超眾元大94售01  ,0,0,0,0,0,0,0,0,0,209000,0,0,0,337000,128000,209000,209000
049372,華新科元大95購04,0,0,0,0,0,0,0,0,0,209000,0,0,0,460000,251000,209000,209000
050659,宏達電元大96購01,0,0,0,0,0,0,0,0,0,209000,0,0,0,220000,11000,209000,209000
050958,日月光台新95購01,0,0,0,0,0,0,0,0,0,209000,0,0,0,209000,0,209000,209000
052726,鴻海元富96購03  ,0,0,0,0,0,0,0,0,0,208000,0,0,0,348000,140000,208000,208000
051935,味全群益95購01  ,0,0,0,0,0,0,0,0,0,208000,0,0,0,208000,0,208000,208000
1712,興農            ,214000,6000,208000,0,0,0,0,0,0,0,0,0,0,0,0,0,208000
045751,智邦國泰93購01  ,0,0,0,0,0,0,0,0,0,208000,0,0,0,228000,20000,208000,208000
048496,南亞科元大93購05,0,0,0,0,0,0,0,0,0,208000,0,0,0,260000,52000,208000,208000
048794,易華電元大97購01,0,0,0,0,0,0,0,0,0,208000,0,0,0,270000,62000,208000,208000
047638,瑞昱元大93購11  ,0,0,0,0,0,0,0,0,0,208000,0,0,0,231000,23000,208000,208000
047949,燿華台新93購01  ,0,0,0,0,0,0,0,0,0,208000,0,0,0,368000,160000,208000,208000
048983,牧德元大95購01  ,0,0,0,0,0,0,0,0,0,207000,0,0,0,306000,99000,207000,207000
9802,鈺齊-KY         ,192000,80000,112000,0,0,0,50000,0,50000,45000,0,1000,-1000,56000,10000,46000,207000
054437,欣興台新97購02  ,0,0,0,0,0,0,0,0,0,207000,0,0,0,209000,2000,207000,207000
2929,淘帝-KY         ,282000,50000,232000,0,0,0,0,0,0,-25297,0,1000,-1000,0,24297,-24297,206703
052719,致新凱基96購01  ,0,0,0,0,0,0,0,0,0,206000,0,0,0,272000,66000,206000,206000
052439,寶成富邦97購01  ,0,0,0,0,0,0,0,0,0,206000,0,0,0,206000,0,206000,206000
047628,新光金國票95購02,0,0,0,0,0,0,0,0,0,206000,0,0,0,206000,0,206000,206000
047493,旺宏元富96購01  ,0,0,0,0,0,0,0,0,0,206000,0,0,0,218000,12000,206000,206000
046003,欣興統一92購02  ,0,0,0,0,0,0,0,0,0,206000,0,0,0,209000,3000,206000,206000
045762,微星統一92購01  ,0,0,0,0,0,0,0,0,0,206000,0,0,0,399000,193000,206000,206000
050926,禾伸堂凱基95購01,0,0,0,0,0,0,0,0,0,206000,0,0,0,304000,98000,206000,206000
050912,正崴中信95購02  ,0,0,0,0,0,0,0,0,0,206000,0,0,0,216000,10000,206000,206000
052527,泰鼎元大96購02  ,0,0,0,0,0,0,0,0,0,205000,0,0,0,254000,49000,205000,205000
1718,中纖            ,438000,233000,205000,0,0,0,0,0,0,0,0,0,0,0,0,0,205000
053018,旺宏元富96購02  ,0,0,0,0,0,0,0,0,0,205000,0,0,0,240000,35000,205000,205000
046928,奇鋐富邦97購01  ,0,0,0,0,0,0,0,0,0,205000,0,0,0,518000,313000,205000,205000
054016,嘉晶永豐96購04  ,0,0,0,0,0,0,0,0,0,205000,0,0,0,205000,0,205000,205000
052205,台積電中信95購09,0,0,0,0,0,0,0,0,0,204000,0,0,0,238000,34000,204000,204000
052936,華通兆豐98購01  ,0,0,0,0,0,0,0,0,0,204000,0,0,0,383000,179000,204000,204000
048924,光罩永豐94購01  ,0,0,0,0,0,0,0,0,0,204000,0,0,0,210000,6000,204000,204000
052432,康友永豐95購04  ,0,0,0,0,0,0,0,0,0,203000,0,0,0,380000,177000,203000,203000
053371,滬深2X元大99購01,0,0,0,0,0,0,0,0,0,203000,0,0,0,547000,344000,203000,203000
00766L,台新MSCI中國正2 ,0,0,0,0,0,0,0,0,0,203000,0,0,0,477000,274000,203000,203000
042193,奇鋐富邦91購01  ,0,0,0,0,0,0,0,0,0,203000,0,0,0,252000,49000,203000,203000
047341,貿聯第一93購01  ,0,0,0,0,0,0,0,0,0,203000,0,0,0,305000,102000,203000,203000
048151,世紀鋼元富93購01,0,0,0,0,0,0,0,0,0,203000,0,0,0,203000,0,203000,203000
049518,宏達電國票95購02,0,0,0,0,0,0,0,0,0,203000,0,0,0,203000,0,203000,203000
051195,台郡中信95購01  ,0,0,0,0,0,0,0,0,0,203000,0,0,0,615000,412000,203000,203000
053893,京鼎群益97購02  ,0,0,0,0,0,0,0,0,0,203000,0,0,0,203000,0,203000,203000
046116,京元電元大92購05,0,0,0,0,0,0,0,0,0,202000,0,0,0,251000,49000,202000,202000
053466,華通元大98購01  ,0,0,0,0,0,0,0,0,0,202000,0,0,0,402000,200000,202000,202000
053243,楠梓電國票97購02,0,0,0,0,0,0,0,0,0,201000,0,0,0,201000,0,201000,201000
052772,台虹群益96購01  ,0,0,0,0,0,0,0,0,0,201000,0,0,0,536000,335000,201000,201000
039985,聯詠國泰91購01  ,0,0,0,0,0,0,0,0,0,201000,0,0,0,201000,0,201000,201000
048292,微星群益93購01  ,0,0,0,0,0,0,0,0,0,201000,0,0,0,299000,98000,201000,201000
052909,上銀統一96購01  ,0,0,0,0,0,0,0,0,0,201000,0,0,0,213000,12000,201000,201000
048723,世紀鋼永豐94購02,0,0,0,0,0,0,0,0,0,201000,0,0,0,201000,0,201000,201000
051027,楠梓電元富95購01,0,0,0,0,0,0,0,0,0,201000,0,0,0,201000,0,201000,201000
051453,智伸科元大95購02,0,0,0,0,0,0,0,0,0,201000,0,0,0,226000,25000,201000,201000
049596,智伸科元大95購01,0,0,0,0,0,0,0,0,0,201000,0,0,0,263000,62000,201000,201000
053053,京元電國票97購02,0,0,0,0,0,0,0,0,0,200000,0,0,0,550000,350000,200000,200000
053351,A50正2兆豐97購01,0,0,0,0,0,0,0,0,0,200000,0,0,0,390000,190000,200000,200000
052524,新光金元大9B購01,0,0,0,0,0,0,0,0,0,200000,0,0,0,200000,0,200000,200000
051985,智邦元大95購05  ,0,0,0,0,0,0,0,0,0,200000,0,0,0,305000,105000,200000,200000
051654,致新永豐95購01  ,0,0,0,0,0,0,0,0,0,200000,0,0,0,250000,50000,200000,200000
045048,和鑫凱基92購01  ,0,0,0,0,0,0,0,0,0,200000,0,0,0,200000,0,200000,200000
044117,創意兆豐92購01  ,0,0,0,0,0,0,0,0,0,200000,0,0,0,200000,0,200000,200000
03590P,臺股指元大03售13,0,0,0,0,0,0,0,0,0,200000,0,0,0,200000,0,200000,200000
03440P,台光電凱基02售02,0,0,0,0,0,0,0,0,0,200000,0,0,0,200000,0,200000,200000
047325,材料元大93購01  ,0,0,0,0,0,0,0,0,0,200000,0,0,0,200000,0,200000,200000
047561,啟碁凱基93購03  ,0,0,0,0,0,0,0,0,0,200000,0,0,0,200000,0,200000,200000
047598,深中小統一94購01,0,0,0,0,0,0,0,0,0,200000,0,0,0,367000,167000,200000,200000
046913,世紀鋼凱基93購07,0,0,0,0,0,0,0,0,0,200000,0,0,0,200000,0,200000,200000
045766,上証2X元富92購01,0,0,0,0,0,0,0,0,0,200000,0,0,0,215000,15000,200000,200000
049602,南電元大95購01  ,0,0,0,0,0,0,0,0,0,200000,0,0,0,219000,19000,200000,200000
049706,世紀鋼元大95購02,0,0,0,0,0,0,0,0,0,200000,0,0,0,200000,0,200000,200000
049268,聯茂元大94購03  ,0,0,0,0,0,0,0,0,0,200000,0,0,0,200000,0,200000,200000
051404,牧德永豐96購01  ,0,0,0,0,0,0,0,0,0,200000,0,0,0,224000,24000,200000,200000
051004,台新金中信95購02,0,0,0,0,0,0,0,0,0,200000,0,0,0,200000,0,200000,200000
053565,台光電富邦98購01,0,0,0,0,0,0,0,0,0,200000,0,0,0,320000,120000,200000,200000
05622P,台積電中信96售02,0,0,0,0,0,0,0,0,0,200000,0,0,0,200000,0,200000,200000
047171,聯發科永豐93購01,0,0,0,0,0,0,0,0,0,199000,0,0,0,250000,51000,199000,199000
047506,卜蜂國票93購01  ,0,0,0,0,0,0,0,0,0,199000,0,0,0,200000,1000,199000,199000
048622,南電凱基93購07  ,0,0,0,0,0,0,0,0,0,199000,0,0,0,210000,11000,199000,199000
051282,GIS兆豐95購02   ,0,0,0,0,0,0,0,0,0,199000,0,0,0,199000,0,199000,199000
08570P,台灣50凱基96售03,0,0,0,0,0,0,0,0,0,199000,0,0,0,200000,1000,199000,199000
053517,崇越群益97購01  ,0,0,0,0,0,0,0,0,0,199000,0,0,0,199000,0,199000,199000
052134,智邦凱基95購09  ,0,0,0,0,0,0,0,0,0,198000,0,0,0,221000,23000,198000,198000
044956,聯詠凱基92購01  ,0,0,0,0,0,0,0,0,0,198000,0,0,0,229000,31000,198000,198000
044933,華邦電元大91購03,0,0,0,0,0,0,0,0,0,198000,0,0,0,274000,76000,198000,198000
044850,南亞科統一94購01,0,0,0,0,0,0,0,0,0,198000,0,0,0,198000,0,198000,198000
052882,南電凱基96購02  ,0,0,0,0,0,0,0,0,0,198000,0,0,0,218000,20000,198000,198000
046205,明基材凱基93購01,0,0,0,0,0,0,0,0,0,198000,0,0,0,228000,30000,198000,198000
049324,臺股指凱基94購06,0,0,0,0,0,0,0,0,0,198000,0,0,0,198000,0,198000,198000
049868,傳奇兆豐94購01  ,0,0,0,0,0,0,0,0,0,198000,0,0,0,198000,0,198000,198000
052448,新光金元大96購03,0,0,0,0,0,0,0,0,0,197000,0,0,0,197000,0,197000,197000
3653,健策            ,584000,221000,363000,0,0,0,0,0,0,-166000,20000,157000,-137000,93000,122000,-29000,197000
045396,群創國泰94購01  ,0,0,0,0,0,0,0,0,0,197000,0,0,0,197000,0,197000,197000
052886,世紀鋼兆豐96購01,0,0,0,0,0,0,0,0,0,197000,0,0,0,197000,0,197000,197000
050225,亞泥中信94購01  ,0,0,0,0,0,0,0,0,0,197000,0,0,0,200000,3000,197000,197000
053215,禾伸堂凱基96購01,0,0,0,0,0,0,0,0,0,196000,0,0,0,328000,132000,196000,196000
049790,滬深2X元大97購04,0,0,0,0,0,0,0,0,0,196000,0,0,0,196000,0,196000,196000
049712,為升凱基94購03  ,0,0,0,0,0,0,0,0,0,196000,0,0,0,200000,4000,196000,196000
051240,台積電元大95購12,0,0,0,0,0,0,0,0,0,196000,0,0,0,501000,305000,196000,196000
8021,尖點            ,382000,184000,198000,0,0,0,0,0,0,-2000,0,2000,-2000,0,0,0,196000
054131,南亞科元大96購04,0,0,0,0,0,0,0,0,0,196000,0,0,0,309000,113000,196000,196000
00641R,富邦日本反1     ,197000,4000,193000,0,0,0,0,0,0,2000,0,0,0,102000,100000,2000,195000
046642,南電永豐93購01  ,0,0,0,0,0,0,0,0,0,195000,0,0,0,234000,39000,195000,195000
5469,瀚宇博          ,1266000,876000,390000,0,0,0,0,0,0,-195000,1000,150000,-149000,194000,240000,-46000,195000
051961,泰碩永豐95購01  ,0,0,0,0,0,0,0,0,0,194000,0,0,0,274000,80000,194000,194000
048786,瑞昱元大94購02  ,0,0,0,0,0,0,0,0,0,194000,0,0,0,323000,129000,194000,194000
047541,深中小凱基94購01,0,0,0,0,0,0,0,0,0,194000,0,0,0,260000,66000,194000,194000
051383,京鼎群益96購02  ,0,0,0,0,0,0,0,0,0,194000,0,0,0,215000,21000,194000,194000
054392,華通永豐96購05  ,0,0,0,0,0,0,0,0,0,194000,0,0,0,194000,0,194000,194000
054535,旺宏富邦97購02  ,0,0,0,0,0,0,0,0,0,194000,0,0,0,302000,108000,194000,194000
045168,欣興中信93購02  ,0,0,0,0,0,0,0,0,0,193000,0,0,0,193000,0,193000,193000
048753,智伸科元富94購01,0,0,0,0,0,0,0,0,0,193000,0,0,0,238000,45000,193000,193000
047028,新日興元大93購02,0,0,0,0,0,0,0,0,0,193000,0,0,0,210000,17000,193000,193000
050183,奇鋐元大96購01  ,0,0,0,0,0,0,0,0,0,193000,0,0,0,651000,458000,193000,193000
054239,台郡群益96購02  ,0,0,0,0,0,0,0,0,0,193000,0,0,0,380000,187000,193000,193000
051751,聯茂富邦95購01  ,0,0,0,0,0,0,0,0,0,192000,0,0,0,192000,0,192000,192000
051711,臻鼎群益95購03  ,0,0,0,0,0,0,0,0,0,192000,0,0,0,543000,351000,192000,192000
051500,聯茂群益95購01  ,0,0,0,0,0,0,0,0,0,192000,0,0,0,216000,24000,192000,192000
2101,南港            ,717000,527000,190000,0,0,0,0,0,0,2000,9000,7000,2000,0,0,0,192000
048194,華邦電元大94購04,0,0,0,0,0,0,0,0,0,192000,0,0,0,206000,14000,192000,192000
045311,GIS元大94購01   ,0,0,0,0,0,0,0,0,0,192000,0,0,0,303000,111000,192000,192000
048883,玉晶光統一94購01,0,0,0,0,0,0,0,0,0,192000,0,0,0,202000,10000,192000,192000
047285,鴻海統一95購02  ,0,0,0,0,0,0,0,0,0,192000,0,0,0,375000,183000,192000,192000
051266,國巨富邦99購01  ,0,0,0,0,0,0,0,0,0,192000,0,0,0,485000,293000,192000,192000
047583,深中小永豐94購01,0,0,0,0,0,0,0,0,0,191000,0,0,0,221000,30000,191000,191000
3518,柏騰            ,241000,59000,182000,0,0,0,0,0,0,8000,8000,0,8000,0,0,0,190000
053051,楠梓電國票97購01,0,0,0,0,0,0,0,0,0,190000,0,0,0,190000,0,190000,190000
051567,台積電富邦95購06,0,0,0,0,0,0,0,0,0,190000,0,0,0,199000,9000,190000,190000
048474,嘉聯益永豐93購03,0,0,0,0,0,0,0,0,0,190000,0,0,0,200000,10000,190000,190000
054292,欣興元大96購06  ,0,0,0,0,0,0,0,0,0,190000,0,0,0,568000,378000,190000,190000
051607,緯創群益96購02  ,0,0,0,0,0,0,0,0,0,189000,0,0,0,241000,52000,189000,189000
053181,滬深2X元富99購02,0,0,0,0,0,0,0,0,0,189000,0,0,0,232000,43000,189000,189000
043750,美律元大93購01  ,0,0,0,0,0,0,0,0,0,189000,0,0,0,200000,11000,189000,189000
048598,瑞昱國票93購03  ,0,0,0,0,0,0,0,0,0,189000,0,0,0,288000,99000,189000,189000
053032,國巨兆豐97購02  ,0,0,0,0,0,0,0,0,0,188000,0,0,0,450000,262000,188000,188000
052059,臺股指凱基95購17,0,0,0,0,0,0,0,0,0,188000,0,0,0,188000,0,188000,188000
03638C,T50反1元大94牛03,0,0,0,0,0,0,0,0,0,188000,0,0,0,200000,12000,188000,188000
045797,健策中信93購01  ,0,0,0,0,0,0,0,0,0,188000,0,0,0,259000,71000,188000,188000
046366,上緯控永豐92購02,0,0,0,0,0,0,0,0,0,188000,0,0,0,191000,3000,188000,188000
050137,臺指反國票96購01,0,0,0,0,0,0,0,0,0,188000,0,0,0,200000,12000,188000,188000
049994,聯茂台新94購02  ,0,0,0,0,0,0,0,0,0,188000,0,0,0,296000,108000,188000,188000
049557,南電元富94購02  ,0,0,0,0,0,0,0,0,0,188000,0,0,0,191000,3000,188000,188000
053439,台積電凱基96購11,0,0,0,0,0,0,0,0,0,188000,0,0,0,238000,50000,188000,188000
2301,光寶科          ,1290000,983610,306390,0,0,0,5000,0,5000,-124000,51000,23000,28000,0,152000,-152000,187390
053264,南亞科群益96購01,0,0,0,0,0,0,0,0,0,187000,0,0,0,228000,41000,187000,187000
051947,矽力統一95購01  ,0,0,0,0,0,0,0,0,0,187000,0,0,0,187000,0,187000,187000
046652,上銀元大93購02  ,0,0,0,0,0,0,0,0,0,187000,0,0,0,207000,20000,187000,187000
050992,台積電元大97購01,0,0,0,0,0,0,0,0,0,187000,0,0,0,200000,13000,187000,187000
053541,泰鼎永豐96購02  ,0,0,0,0,0,0,0,0,0,187000,0,0,0,192000,5000,187000,187000
053689,台光電元大96購01,0,0,0,0,0,0,0,0,0,187000,0,0,0,267000,80000,187000,187000
053794,燿華亞東96購01  ,0,0,0,0,0,0,0,0,0,187000,0,0,0,187000,0,187000,187000
052516,臺股指凱基95購20,0,0,0,0,0,0,0,0,0,186000,0,0,0,186000,0,186000,186000
047368,南電群益93購01  ,0,0,0,0,0,0,0,0,0,186000,0,0,0,228000,42000,186000,186000
050939,健鼎國票96購01  ,0,0,0,0,0,0,0,0,0,186000,0,0,0,355000,169000,186000,186000
6209,今國光          ,319000,137000,182000,0,0,0,0,0,0,4000,7000,3000,4000,0,0,0,186000
052072,健策統一95購02  ,0,0,0,0,0,0,0,0,0,185000,0,0,0,231000,46000,185000,185000
044364,超眾中信94購01  ,0,0,0,0,0,0,0,0,0,185000,0,0,0,311000,126000,185000,185000
049863,京元電兆豐94購01,0,0,0,0,0,0,0,0,0,185000,0,0,0,202000,17000,185000,185000
049887,嘉聯益永昌95購01,0,0,0,0,0,0,0,0,0,185000,0,0,0,264000,79000,185000,185000
053983,樺漢元大97購02  ,0,0,0,0,0,0,0,0,0,185000,0,0,0,314000,129000,185000,185000
052674,智邦國泰98購01  ,0,0,0,0,0,0,0,0,0,184000,0,0,0,689000,505000,184000,184000
050953,臻鼎群益95購01  ,0,0,0,0,0,0,0,0,0,184000,0,0,0,216000,32000,184000,184000
050980,欣興元富95購02  ,0,0,0,0,0,0,0,0,0,184000,0,0,0,184000,0,184000,184000
051179,臺股指凱基95購04,0,0,0,0,0,0,0,0,0,184000,0,0,0,187000,3000,184000,184000
050777,臻鼎元大94購05  ,0,0,0,0,0,0,0,0,0,184000,0,0,0,195000,11000,184000,184000
045534,深中小群益94購01,0,0,0,0,0,0,0,0,0,183000,0,0,0,200000,17000,183000,183000
047376,南電國票94購01  ,0,0,0,0,0,0,0,0,0,183000,0,0,0,183000,0,183000,183000
052571,新光金凱基98購02,0,0,0,0,0,0,0,0,0,182000,0,0,0,205000,23000,182000,182000
052058,臺股指凱基95購16,0,0,0,0,0,0,0,0,0,182000,0,0,0,182000,0,182000,182000
051933,嘉聯益國票97購03,0,0,0,0,0,0,0,0,0,182000,0,0,0,182000,0,182000,182000
051816,臺股指凱基95購07,0,0,0,0,0,0,0,0,0,182000,0,0,0,182000,0,182000,182000
053028,康控富邦98購01  ,0,0,0,0,0,0,0,0,0,182000,0,0,0,391000,209000,182000,182000
053108,南亞科兆豐96購01,0,0,0,0,0,0,0,0,0,182000,0,0,0,182000,0,182000,182000
052788,開發金中信98購02,0,0,0,0,0,0,0,0,0,182000,0,0,0,200000,18000,182000,182000
052768,泰鼎群益96購01  ,0,0,0,0,0,0,0,0,0,182000,0,0,0,290000,108000,182000,182000
048204,訊芯元大93購06  ,0,0,0,0,0,0,0,0,0,182000,0,0,0,200000,18000,182000,182000
043990,智易元大93購01  ,0,0,0,0,0,0,0,0,0,182000,0,0,0,208000,26000,182000,182000
047952,華通永豐93購03  ,0,0,0,0,0,0,0,0,0,182000,0,0,0,429000,247000,182000,182000
047488,臺股指凱基93購04,0,0,0,0,0,0,0,0,0,182000,0,0,0,210000,28000,182000,182000
046402,華泰元大92購03  ,0,0,0,0,0,0,0,0,0,182000,0,0,0,250000,68000,182000,182000
046335,矽創元大92購04  ,0,0,0,0,0,0,0,0,0,182000,0,0,0,182000,0,182000,182000
049763,美食國泰96購01  ,0,0,0,0,0,0,0,0,0,182000,0,0,0,279000,97000,182000,182000
049978,瑞昱凱基94購04  ,0,0,0,0,0,0,0,0,0,182000,0,0,0,187000,5000,182000,182000
049074,光罩凱基94購02  ,20000,0,20000,0,0,0,0,0,0,162000,0,0,0,196000,34000,162000,182000
054082,楠梓電元富96購01,0,0,0,0,0,0,0,0,0,182000,0,0,0,202000,20000,182000,182000
052601,大成鋼元大96購01,10000,0,10000,0,0,0,0,0,0,171000,0,0,0,290000,119000,171000,181000
048246,京元電兆豐93購02,0,0,0,0,0,0,0,0,0,181000,0,0,0,264000,83000,181000,181000
047591,訊芯永豐93購02  ,0,0,0,0,0,0,0,0,0,181000,0,0,0,257000,76000,181000,181000
051764,欣興元大95購07  ,0,0,0,0,0,0,0,0,0,180000,0,0,0,237000,57000,180000,180000
048341,全新元大94購03  ,0,0,0,0,0,0,0,0,0,180000,0,0,0,215000,35000,180000,180000
044713,南電元大91購04  ,0,0,0,0,0,0,0,0,0,180000,0,0,0,200000,20000,180000,180000
04264P,宏碁統一93售01  ,0,0,0,0,0,0,0,0,0,180000,0,0,0,318000,138000,180000,180000
046801,中橡元大93購01  ,0,0,0,0,0,0,0,0,0,180000,0,0,0,220000,40000,180000,180000
04773P,金融類元大94售01,0,0,0,0,0,0,0,0,0,180000,0,0,0,200000,20000,180000,180000
049178,宏達電凱基94購02,0,0,0,0,0,0,0,0,0,180000,0,0,0,230000,50000,180000,180000
05529P,臺股指群益96售02,0,0,0,0,0,0,0,0,0,180000,0,0,0,200000,20000,180000,180000
051771,上銀中信95購01  ,0,0,0,0,0,0,0,0,0,179000,0,0,0,263000,84000,179000,179000
053256,上銀富邦98購01  ,0,0,0,0,0,0,0,0,0,179000,0,0,0,317000,138000,179000,179000
042754,元黃金元大93購01,0,0,0,0,0,0,0,0,0,179000,0,0,0,179000,0,179000,179000
044534,南亞科麥證92購01,0,0,0,180000,1000,179000,0,0,0,179000,0,0,0,180000,1000,179000,179000
04626P,聯發科元大94售07,0,0,0,0,0,0,0,0,0,179000,0,0,0,180000,1000,179000,179000
051291,聯詠統一95購01  ,0,0,0,0,0,0,0,0,0,179000,0,0,0,432000,253000,179000,179000
05586P,臺股指凱基96售15,0,0,0,0,0,0,0,0,0,179000,0,0,0,194000,15000,179000,179000
054581,訊芯元大97購02  ,0,0,0,0,0,0,0,0,0,179000,0,0,0,186000,7000,179000,179000
054330,世芯永豐96購02  ,0,0,0,0,0,0,0,0,0,179000,0,0,0,209000,30000,179000,179000
054141,TPK元大96購02   ,0,0,0,0,0,0,0,0,0,179000,0,0,0,242000,63000,179000,179000
053529,國巨麥證96購01  ,0,0,0,384000,204000,180000,0,0,0,179000,0,0,0,384000,205000,179000,179000
048409,致伸群益93購05  ,0,0,0,0,0,0,0,0,0,178000,0,0,0,198000,20000,178000,178000
047947,欣興統一93購04  ,0,0,0,0,0,0,0,0,0,178000,0,0,0,178000,0,178000,178000
047524,瑞昱元大93購10  ,0,0,0,0,0,0,0,0,0,178000,0,0,0,241000,63000,178000,178000
6491,晶碩            ,208000,44000,164000,0,0,0,15000,0,15000,-1000,0,1000,-1000,0,0,0,178000
054204,元金2X國票9B購02,0,0,0,0,0,0,0,0,0,178000,0,0,0,200000,22000,178000,178000
053980,泰鼎元大97購02  ,0,0,0,0,0,0,0,0,0,178000,0,0,0,178000,0,178000,178000
053719,可成凱基96購08  ,0,0,0,0,0,0,0,0,0,178000,0,0,0,178000,0,178000,178000
052767,智伸科群益98購01,0,0,0,0,0,0,0,0,0,177000,0,0,0,212000,35000,177000,177000
3030,德律            ,260000,80000,180000,0,0,0,0,0,0,-3000,0,3000,-3000,0,0,0,177000
052441,亞泥元大95購01  ,0,0,0,0,0,0,0,0,0,177000,0,0,0,194000,17000,177000,177000
045275,台光電統一92購03,0,0,0,0,0,0,0,0,0,177000,0,0,0,182000,5000,177000,177000
04104P,臺股指國票93售11,0,0,0,0,0,0,0,0,0,177000,0,0,0,193000,16000,177000,177000
050238,瑞昱凱基94購05  ,0,0,0,0,0,0,0,0,0,177000,0,0,0,190000,13000,177000,177000
049423,臺股指凱基95購02,0,0,0,0,0,0,0,0,0,177000,0,0,0,267000,90000,177000,177000
053837,貿聯永豐96購02  ,0,0,0,0,0,0,0,0,0,177000,0,0,0,185000,8000,177000,177000
040197,晶電群益92購01  ,0,0,0,0,0,0,0,0,0,176000,0,0,0,176000,0,176000,176000
044093,南亞科統一91購06,0,0,0,0,0,0,0,0,0,176000,0,0,0,186000,10000,176000,176000
048068,南亞科元富95購01,0,0,0,0,0,0,0,0,0,176000,0,0,0,188000,12000,176000,176000
049747,嘉晶永豐94購02  ,0,0,0,0,0,0,0,0,0,176000,0,0,0,176000,0,176000,176000
049800,瑞昱元大94購05  ,0,0,0,0,0,0,0,0,0,176000,0,0,0,388000,212000,176000,176000
050751,聯電統一94購05  ,0,0,0,0,0,0,0,0,0,176000,0,0,0,186000,10000,176000,176000
051398,智原台新95購01  ,0,0,0,0,0,0,0,0,0,176000,0,0,0,176000,0,176000,176000
053425,京鼎永豐96購01  ,0,0,0,0,0,0,0,0,0,175000,0,0,0,175000,0,175000,175000
044824,元油2X永豐93購02,0,0,0,0,0,0,0,0,0,175000,0,0,0,200000,25000,175000,175000
051216,為升元富95購01  ,0,0,0,0,0,0,0,0,0,175000,0,0,0,185000,10000,175000,175000
049480,同欣電永豐94購01,0,0,0,0,0,0,0,0,0,175000,0,0,0,257000,82000,175000,175000
053500,新日興兆豐97購01,0,0,0,0,0,0,0,0,0,175000,0,0,0,225000,50000,175000,175000
045077,國泰金元大92購01,0,0,0,0,0,0,0,0,0,174000,0,0,0,215000,41000,174000,174000
048780,臺股指凱基94購03,0,0,0,0,0,0,0,0,0,174000,0,0,0,183000,9000,174000,174000
046796,南電元富93購01  ,0,0,0,0,0,0,0,0,0,174000,0,0,0,184000,10000,174000,174000
049400,可成群益94購03  ,0,0,0,0,0,0,0,0,0,174000,0,0,0,286000,112000,174000,174000
053936,旺宏元富96購04  ,0,0,0,0,0,0,0,0,0,174000,0,0,0,174000,0,174000,174000
2801,彰銀            ,1826000,1665940,160060,0,0,0,17000,0,17000,-4000,0,4000,-4000,0,0,0,173060
052110,可成元富95購02  ,0,0,0,0,0,0,0,0,0,173000,0,0,0,222000,49000,173000,173000
050852,矽創國票95購02  ,0,0,0,0,0,0,0,0,0,173000,0,0,0,178000,5000,173000,173000
2355,敬鵬            ,259000,83000,176000,0,0,0,0,0,0,-4000,0,4000,-4000,0,0,0,172000
047523,瑞昱元大93購09  ,0,0,0,0,0,0,0,0,0,172000,0,0,0,238000,66000,172000,172000
042093,台灣50群益94購02,0,0,0,0,0,0,0,0,0,171000,0,0,0,441000,270000,171000,171000
047462,和鑫群益93購02  ,0,0,0,0,0,0,0,0,0,171000,0,0,0,182000,11000,171000,171000
048139,南電國票94購02  ,0,0,0,0,0,0,0,0,0,171000,0,0,0,191000,20000,171000,171000
050393,樺漢統一94購01  ,0,0,0,0,0,0,0,0,0,171000,0,0,0,243000,72000,171000,171000
050882,華泰國泰96購01  ,0,0,0,0,0,0,0,0,0,171000,0,0,0,231000,60000,171000,171000
049188,可成台新94購01  ,0,0,0,0,0,0,0,0,0,171000,0,0,0,171000,0,171000,171000
049743,全新台新94購01  ,0,0,0,0,0,0,0,0,0,171000,0,0,0,231000,60000,171000,171000
050149,東元群益94購01  ,0,0,0,0,0,0,0,0,0,171000,0,0,0,348000,177000,171000,171000
050211,貿聯國票95購01  ,0,0,0,0,0,0,0,0,0,171000,0,0,0,171000,0,171000,171000
053100,美律元富96購01  ,0,0,0,0,0,0,0,0,0,170000,0,0,0,175000,5000,170000,170000
052374,瑞昱元大95購02  ,0,0,0,0,0,0,0,0,0,170000,0,0,0,451000,281000,170000,170000
051551,新日興永豐95購01,0,0,0,0,0,0,0,0,0,170000,0,0,0,246000,76000,170000,170000
051807,瑞昱凱基95購03  ,0,0,0,0,0,0,0,0,0,170000,0,0,0,170000,0,170000,170000
045283,上銀永豐92購01  ,0,0,0,0,0,0,0,0,0,170000,0,0,0,170000,0,170000,170000
048166,滬深2X永豐96購02,0,0,0,0,0,0,0,0,0,170000,0,0,0,170000,0,170000,170000
049289,樺漢兆豐94購01  ,0,0,0,0,0,0,0,0,0,170000,0,0,0,170000,0,170000,170000
051315,同欣電麥證95購01,0,0,0,170000,1000,169000,0,0,0,170000,0,0,0,171000,1000,170000,170000
050381,鴻海兆豐94購01  ,0,0,0,0,0,0,0,0,0,170000,0,0,0,390000,220000,170000,170000
053989,奇力新兆豐97購01,0,0,0,0,0,0,0,0,0,170000,0,0,0,208000,38000,170000,170000
6669,緯穎            ,655000,411000,244000,0,0,0,0,133000,-133000,59000,37000,39000,-2000,90000,29000,61000,170000
9105,泰金寶-DR       ,195000,25000,170000,0,0,0,0,0,0,0,0,0,0,0,0,0,170000
044291,群創凱基93購06  ,0,0,0,0,0,0,0,0,0,169000,0,0,0,1977000,1808000,169000,169000
043047,永冠國泰93購01  ,0,0,0,0,0,0,0,0,0,169000,0,0,0,169000,0,169000,169000
046294,台勝科統一92購01,0,0,0,0,0,0,0,0,0,169000,0,0,0,495000,326000,169000,169000
046571,瑞昱國泰93購01  ,0,0,0,0,0,0,0,0,0,169000,0,0,0,187000,18000,169000,169000
048026,瑞昱凱基94購01  ,0,0,0,0,0,0,0,0,0,169000,0,0,0,184000,15000,169000,169000
050902,南電元大96購01  ,0,0,0,0,0,0,0,0,0,169000,0,0,0,214000,45000,169000,169000
053079,世紀鋼永豐96購01,0,0,0,0,0,0,0,0,0,168000,0,0,0,168000,0,168000,168000
043236,台灣50兆豐93購02,0,0,0,0,0,0,0,0,0,168000,0,0,0,189000,21000,168000,168000
045986,南亞科永昌93購01,0,0,0,0,0,0,0,0,0,168000,0,0,0,276000,108000,168000,168000
047475,為升凱基93購04  ,0,0,0,0,0,0,0,0,0,168000,0,0,0,168000,0,168000,168000
053263,華邦電群益96購03,0,0,0,0,0,0,0,0,0,167000,0,0,0,263000,96000,167000,167000
052536,聯茂國泰97購01  ,0,0,0,0,0,0,0,0,0,167000,0,0,0,316000,149000,167000,167000
045579,全新元大93購03  ,0,0,0,0,0,0,0,0,0,167000,0,0,0,250000,83000,167000,167000
053432,世紀鋼永豐96購02,0,1000,-1000,0,0,0,0,0,0,168000,0,0,0,179000,11000,168000,167000
054120,奇力新永豐96購01,0,0,0,0,0,0,0,0,0,167000,0,0,0,1042000,875000,167000,167000
052532,台積電國泰96購07,0,0,0,0,0,0,0,0,0,166000,0,0,0,238000,72000,166000,166000
045001,旺宏富邦94購01  ,0,0,0,0,0,0,0,0,0,166000,0,0,0,499000,333000,166000,166000
047388,京元電元大95購01,0,0,0,0,0,0,0,0,0,166000,0,0,0,206000,40000,166000,166000
048515,貿聯凱基93購03  ,0,0,0,0,0,0,0,0,0,166000,0,0,0,168000,2000,166000,166000
051578,智邦元大96購01  ,0,0,0,0,0,0,0,0,0,165000,0,0,0,237000,72000,165000,165000
053251,世紀鋼國票97購02,0,0,0,0,0,0,0,0,0,165000,0,0,0,185000,20000,165000,165000
044846,旺宏統一93購01  ,0,0,0,0,0,0,0,0,0,165000,0,0,0,165000,0,165000,165000
044306,瑞儀兆豐93購02  ,0,0,0,0,0,0,0,0,0,165000,0,0,0,170000,5000,165000,165000
047469,華通中信93購01  ,0,0,0,0,0,0,0,0,0,165000,0,0,0,239000,74000,165000,165000
050681,南亞科元富94購01,0,0,0,0,0,0,0,0,0,165000,0,0,0,193000,28000,165000,165000
049043,新唐兆豐94購01  ,0,0,0,0,0,0,0,0,0,165000,0,0,0,380000,215000,165000,165000
049901,瑞昱元富94購01  ,0,0,0,0,0,0,0,0,0,165000,0,0,0,247000,82000,165000,165000
053628,微星兆豐96購01  ,0,0,0,0,0,0,0,0,0,165000,0,0,0,266000,101000,165000,165000
054446,美食兆豐97購01  ,0,0,0,0,0,0,0,0,0,165000,0,0,0,165000,0,165000,165000
006206,元大上證50      ,7000,4000,3000,0,0,0,0,0,0,161000,0,0,0,165000,4000,161000,164000
046646,冠德國泰94購01  ,0,0,0,0,0,0,0,0,0,164000,0,0,0,164000,0,164000,164000
054594,國巨麥證97購01  ,0,0,0,191000,27000,164000,0,0,0,164000,0,0,0,191000,27000,164000,164000
054015,晶豪科永豐96購03,0,0,0,0,0,0,0,0,0,164000,0,0,0,185000,21000,164000,164000
2501,國建            ,224000,51000,173000,0,0,0,0,0,0,-10000,0,10000,-10000,0,0,0,163000
052355,為升永豐95購02  ,0,0,0,0,0,0,0,0,0,163000,0,0,0,185000,22000,163000,163000
049789,世紀鋼兆豐94購01,0,0,0,0,0,0,0,0,0,163000,0,0,0,163000,0,163000,163000
049030,凌華群益94購01  ,0,0,0,0,0,0,0,0,0,163000,0,0,0,270000,107000,163000,163000
049376,奇鋐元大94購02  ,0,0,0,0,0,0,0,0,0,163000,0,0,0,245000,82000,163000,163000
053651,台光電凱基98購01,0,0,0,0,0,0,0,0,0,163000,0,0,0,198000,35000,163000,163000
052526,智伸科元大96購02,0,0,0,0,0,0,0,0,0,162000,0,0,0,183000,21000,162000,162000
052670,茂林群益96購02  ,0,0,0,0,0,0,0,0,0,162000,0,0,0,771000,609000,162000,162000
052017,奇鋐永豐95購01  ,0,0,0,0,0,0,0,0,0,162000,0,0,0,248000,86000,162000,162000
053106,鴻海兆豐98購01  ,0,0,0,0,0,0,0,0,0,162000,0,0,0,195000,33000,162000,162000
043652,微星國泰93購01  ,0,0,0,0,0,0,0,0,0,162000,0,0,0,373000,211000,162000,162000
047408,嘉晶統一95購01  ,0,0,0,0,0,0,0,0,0,162000,0,0,0,374000,212000,162000,162000
048047,全新永豐93購02  ,0,0,0,0,0,0,0,0,0,162000,0,0,0,215000,53000,162000,162000
050770,全新元大94購04  ,0,0,0,0,0,0,0,0,0,162000,0,0,0,190000,28000,162000,162000
051242,台積電元大96購06,0,0,0,0,0,0,0,0,0,162000,0,0,0,593000,431000,162000,162000
8404,百和興業-KY     ,169000,6000,163000,0,0,0,0,0,0,-1000,0,1000,-1000,0,0,0,162000
053891,欣興群益98購01  ,0,0,0,0,0,0,0,0,0,162000,0,0,0,183000,21000,162000,162000
051592,健策元大96購05  ,0,0,0,0,0,0,0,0,0,161000,0,0,0,235000,74000,161000,161000
052687,國泰金元大96購03,0,0,0,0,0,0,0,0,0,161000,0,0,0,291000,130000,161000,161000
042644,貿聯兆豐92購01  ,0,0,0,0,0,0,0,0,0,161000,0,0,0,304000,143000,161000,161000
051221,嘉聯益元富95購01,0,0,0,0,0,0,0,0,0,161000,0,0,0,255000,94000,161000,161000
051186,創意永豐95購01  ,0,0,0,0,0,0,0,0,0,161000,0,0,0,161000,0,161000,161000
049398,微星群益94購02  ,0,0,0,0,0,0,0,0,0,161000,0,0,0,292000,131000,161000,161000
053649,台積電凱基97購05,0,0,0,0,0,0,0,0,0,161000,0,0,0,177000,16000,161000,161000
053510,聯電群益97購01  ,0,0,0,0,0,0,0,0,0,161000,0,0,0,261000,100000,161000,161000
052602,聯電元大97購01  ,0,0,0,0,0,0,0,0,0,160000,0,0,0,160000,0,160000,160000
052484,矽創群益95購02  ,0,0,0,0,0,0,0,0,0,160000,0,0,0,160000,0,160000,160000
052996,聯電康和96購01  ,0,0,0,0,0,0,0,0,0,160000,0,0,0,160000,0,160000,160000
052982,鴻海元大97購06  ,0,0,0,0,0,0,0,0,0,160000,0,0,0,178000,18000,160000,160000
052978,貿聯麥證97購01  ,0,0,0,160000,0,160000,0,0,0,160000,0,0,0,160000,0,160000,160000
042288,元油2X元大93購03,0,0,0,0,0,0,0,0,0,160000,0,0,0,160000,0,160000,160000
041861,欣興中信91購01  ,0,0,0,0,0,0,0,0,0,160000,0,0,0,190000,30000,160000,160000
045471,鎧勝元大93購01  ,0,0,0,0,0,0,0,0,0,160000,0,0,0,200000,40000,160000,160000
047498,力成康和93購01  ,0,0,0,0,0,0,0,0,0,160000,0,0,0,190000,30000,160000,160000
047614,台郡群益93購02  ,0,0,0,0,0,0,0,0,0,160000,0,0,0,331000,171000,160000,160000
046380,神基凱基93購01  ,0,0,0,0,0,0,0,0,0,160000,0,0,0,200000,40000,160000,160000
046350,上銀群益92購02  ,0,0,0,0,0,0,0,0,0,160000,0,0,0,160000,0,160000,160000
047855,美律國票94購01  ,0,0,0,0,0,0,0,0,0,160000,0,0,0,189000,29000,160000,160000
045679,欣興元大94購01  ,0,0,0,0,0,0,0,0,0,160000,0,0,0,190000,30000,160000,160000
05111P,台積電統一95售04,0,0,0,0,0,0,0,0,0,160000,0,0,0,230000,70000,160000,160000
053461,台郡永昌99購01  ,0,0,0,0,0,0,0,0,0,160000,0,0,0,218000,58000,160000,160000
053463,可成富邦98購01  ,0,0,0,0,0,0,0,0,0,160000,0,0,0,207000,47000,160000,160000
053426,創意永豐96購04  ,0,0,0,0,0,0,0,0,0,159000,0,0,0,160000,1000,159000,159000
045185,致伸統一94購01  ,0,0,0,0,0,0,0,0,0,159000,0,0,0,159000,0,159000,159000
03026X,元展23          ,0,0,0,0,0,0,0,0,0,159000,0,0,0,159000,0,159000,159000
046368,嘉聯益永豐92購04,0,0,0,0,0,0,0,0,0,159000,0,0,0,357000,198000,159000,159000
046159,群創群益98購04  ,0,0,0,0,0,0,0,0,0,159000,0,0,0,253000,94000,159000,159000
051079,鴻海富邦96購02  ,0,0,0,0,0,0,0,0,0,159000,0,0,0,159000,0,159000,159000
050274,GIS元大94購05   ,0,0,0,0,0,0,0,0,0,159000,0,0,0,264000,105000,159000,159000
048933,晶豪科永豐94購01,0,0,0,0,0,0,0,0,0,159000,0,0,0,241000,82000,159000,159000
049078,瑞昱凱基94購02  ,0,0,0,0,0,0,0,0,0,159000,0,0,0,229000,70000,159000,159000
049742,日月光群益94購02,0,0,0,0,0,0,0,0,0,159000,0,0,0,317000,158000,159000,159000
053959,晶豪科永豐96購02,0,0,0,0,0,0,0,0,0,159000,0,0,0,159000,0,159000,159000
054183,亞光康和96購01  ,0,0,0,0,0,0,0,0,0,159000,0,0,0,420000,261000,159000,159000
051912,健鼎元大96購01  ,0,0,0,0,0,0,0,0,0,158000,0,0,0,308000,150000,158000,158000
044241,華新科統一92購01,0,0,0,0,0,0,0,0,0,158000,0,0,0,234000,76000,158000,158000
047910,全新麥證94購01  ,0,0,0,218000,60000,158000,0,0,0,158000,0,0,0,218000,60000,158000,158000
050516,華通元大95購05  ,0,0,0,0,0,0,0,0,0,158000,0,0,0,941000,783000,158000,158000
052027,智原群益95購01  ,0,0,0,0,0,0,0,0,0,157000,0,0,0,561000,404000,157000,157000
052688,新日興元大96購01,0,0,0,0,0,0,0,0,0,157000,0,0,0,309000,152000,157000,157000
044639,京元電元富94購01,0,0,0,0,0,0,0,0,0,157000,0,0,0,536000,379000,157000,157000
048810,玉晶光第一94購01,0,0,0,0,0,0,0,0,0,157000,0,0,0,208000,51000,157000,157000
050223,聯茂元富94購02  ,0,0,0,0,0,0,0,0,0,157000,0,0,0,161000,4000,157000,157000
049052,台積電永豐94購02,0,0,0,0,0,0,0,0,0,157000,0,0,0,510000,353000,157000,157000
053786,新日興元大96購02,0,0,0,0,0,0,0,0,0,157000,0,0,0,336000,179000,157000,157000
053688,燿華元大96購05  ,0,0,0,0,0,0,0,0,0,157000,0,0,0,283000,126000,157000,157000
054414,全新元大97購02  ,0,0,0,0,0,0,0,0,0,157000,0,0,0,207000,50000,157000,157000
053075,欣興永豐96購01  ,0,0,0,0,0,0,0,0,0,156000,0,0,0,171000,15000,156000,156000
044820,臻鼎兆豐93購02  ,0,0,0,0,0,0,0,0,0,156000,0,0,0,188000,32000,156000,156000
045108,康友群益93購02  ,0,0,0,0,0,0,0,0,0,156000,0,0,0,166000,10000,156000,156000
047554,聯詠凱基93購04  ,0,0,0,0,0,0,0,0,0,156000,0,0,0,156000,0,156000,156000
049382,牧德元大94購04  ,0,0,0,0,0,0,0,0,0,156000,0,0,0,181000,25000,156000,156000
049888,智邦國泰96購01  ,0,0,0,0,0,0,0,0,0,156000,0,0,0,205000,49000,156000,156000
049663,正崴永豐94購01  ,0,0,0,0,0,0,0,0,0,156000,0,0,0,169000,13000,156000,156000
051406,泰鼎永豐96購01  ,0,0,0,0,0,0,0,0,0,156000,0,0,0,176000,20000,156000,156000
2201,裕隆            ,531000,352000,179000,0,0,0,0,0,0,-24000,0,14000,-14000,2000,12000,-10000,155000
052648,茂林永豐96購01  ,0,0,0,0,0,0,0,0,0,155000,0,0,0,187000,32000,155000,155000
044600,上銀國泰93購01  ,0,0,0,0,0,0,0,0,0,155000,0,0,0,174000,19000,155000,155000
052940,玉晶光兆豐97購01,0,0,0,0,0,0,0,0,0,155000,0,0,0,165000,10000,155000,155000
050526,貿聯元大95購01  ,0,0,0,0,0,0,0,0,0,155000,0,0,0,409000,254000,155000,155000
049988,貿聯凱基94購02  ,0,0,0,0,0,0,0,0,0,155000,0,0,0,305000,150000,155000,155000
042558,瑞昱中信94購01  ,0,0,0,0,0,0,0,0,0,154000,0,0,0,187000,33000,154000,154000
047194,世紀鋼元大96購01,0,0,0,0,0,0,0,0,0,154000,0,0,0,155000,1000,154000,154000
046615,大成鋼凱基93購01,0,0,0,0,0,0,0,0,0,154000,0,0,0,194000,40000,154000,154000
049587,美律元大95購01  ,0,0,0,0,0,0,0,0,0,154000,0,0,0,468000,314000,154000,154000
049020,可成群益94購02  ,0,0,0,0,0,0,0,0,0,154000,0,0,0,174000,20000,154000,154000
050764,鴻海元大94購27  ,0,0,0,0,0,0,0,0,0,154000,0,0,0,926000,772000,154000,154000
052591,康友永豐97購01  ,0,0,0,0,0,0,0,0,0,153000,0,0,0,301000,148000,153000,153000
05169P,玉晶光元大95售03,0,0,0,0,0,0,0,0,0,153000,0,0,0,288000,135000,153000,153000
2809,京城銀          ,769000,624000,145000,0,0,0,0,0,0,8000,10000,2000,8000,0,0,0,153000
052973,冠德群益96購01  ,0,0,0,0,0,0,0,0,0,153000,0,0,0,153000,0,153000,153000
047643,新光金元大95購02,0,0,0,0,0,0,0,0,0,153000,0,0,0,153000,0,153000,153000
049933,GIS元大95購01   ,0,0,0,0,0,0,0,0,0,153000,0,0,0,171000,18000,153000,153000
05585P,臺股指凱基96售14,0,0,0,0,0,0,0,0,0,153000,0,0,0,1264000,1111000,153000,153000
1217,愛之味          ,184000,31000,153000,0,0,0,0,0,0,0,0,0,0,0,0,0,153000
052737,滬深2X元大96購06,0,0,0,0,0,0,0,0,0,152000,0,0,0,152000,0,152000,152000
052289,為升元富95購02  ,0,0,0,0,0,0,0,0,0,152000,0,0,0,162000,10000,152000,152000
045230,嘉聯益元大93購01,0,0,0,0,0,0,0,0,0,152000,0,0,0,248000,96000,152000,152000
045441,南亞科元富92購01,0,0,0,0,0,0,0,0,0,152000,0,0,0,295000,143000,152000,152000
050867,聯鈞永豐95購01  ,0,0,0,0,0,0,0,0,0,152000,0,0,0,253000,101000,152000,152000
051120,南亞科群益95購01,0,0,0,0,0,0,0,0,0,152000,0,0,0,184000,32000,152000,152000
053850,嘉澤元富96購03  ,0,0,0,0,0,0,0,0,0,152000,0,0,0,161000,9000,152000,152000
05425P,華邦電亞東96售02,0,0,0,0,0,0,0,0,0,152000,0,0,0,240000,88000,152000,152000
051506,台積電元富95購06,0,0,0,0,0,0,0,0,0,151000,0,0,0,310000,159000,151000,151000
053005,微星永豐96購01  ,0,0,0,0,0,0,0,0,0,151000,0,0,0,151000,0,151000,151000
046931,聯詠統一93購01  ,0,0,0,0,0,0,0,0,0,151000,0,0,0,166000,15000,151000,151000
049502,訊芯元大94購01  ,0,0,0,0,0,0,0,0,0,151000,0,0,0,202000,51000,151000,151000
053572,彩晶統一96購01  ,0,0,0,0,0,0,0,0,0,151000,0,0,0,252000,101000,151000,151000
052094,瀚宇博元大96購02,0,0,0,0,0,0,0,0,0,150000,0,0,0,150000,0,150000,150000
044401,亞光凱基93購01  ,0,0,0,0,0,0,0,0,0,150000,0,0,0,152000,2000,150000,150000
043270,康控國泰92購01  ,0,0,0,0,0,0,0,0,0,150000,0,0,0,150000,0,150000,150000
042796,永冠元大93購01  ,0,0,0,0,0,0,0,0,0,150000,0,0,0,160000,10000,150000,150000
043068,TPK兆豐93購01   ,0,0,0,0,0,0,0,0,0,150000,0,0,0,150000,0,150000,150000
03801P,智伸科元大93售02,0,0,0,0,0,0,0,0,0,150000,0,0,0,150000,0,150000,150000
04858P,健策元富94售01  ,0,0,0,0,0,0,0,0,0,150000,0,0,0,150000,0,150000,150000
049369,義隆元大95購01  ,0,0,0,0,0,0,0,0,0,150000,0,0,0,165000,15000,150000,150000
050701,上緯控凱基94購04,0,0,0,0,0,0,0,0,0,150000,0,0,0,150000,0,150000,150000
050301,矽創凱基94購03  ,0,0,0,0,0,0,0,0,0,150000,0,0,0,150000,0,150000,150000
053698,中磊元大96購02  ,0,0,0,0,0,0,0,0,0,150000,0,0,0,154000,4000,150000,150000
053954,貿聯康和96購01  ,0,0,0,0,0,0,0,0,0,150000,0,0,0,150000,0,150000,150000
045442,南亞科元富92購02,0,0,0,0,0,0,0,0,0,149000,0,0,0,159000,10000,149000,149000
050293,強茂凱基94購01  ,0,0,0,0,0,0,0,0,0,149000,0,0,0,203000,54000,149000,149000
049136,華通元大95購01  ,0,0,0,0,0,0,0,0,0,149000,0,0,0,443000,294000,149000,149000
053985,矽創元大96購02  ,0,0,0,0,0,0,0,0,0,149000,0,0,0,165000,16000,149000,149000
00830,國泰費城半導體  ,0,0,0,0,0,0,0,0,0,148300,0,0,0,234000,85700,148300,148300
052790,智邦兆豐97購01  ,0,0,0,0,0,0,0,0,0,148000,0,0,0,175000,27000,148000,148000
045930,康控永豐92購01  ,0,0,0,0,0,0,0,0,0,148000,0,0,0,243000,95000,148000,148000
047750,開發金元富93購01,0,0,0,0,0,0,0,0,0,148000,0,0,0,678000,530000,148000,148000
049294,南亞科群益94購01,0,0,0,0,0,0,0,0,0,148000,0,0,0,210000,62000,148000,148000
049910,智邦元大94購04  ,0,0,0,0,0,0,0,0,0,148000,0,0,0,170000,22000,148000,148000
050487,美食元富94購01  ,0,0,0,0,0,0,0,0,0,148000,0,0,0,148000,0,148000,148000
050648,全新凱基96購01  ,0,0,0,0,0,0,0,0,0,148000,0,0,0,212000,64000,148000,148000
051297,台積電凱基95購07,0,0,0,0,0,0,0,0,0,148000,0,0,0,249000,101000,148000,148000
053919,可成國票97購02  ,0,0,0,0,0,0,0,0,0,148000,0,0,0,165000,17000,148000,148000
054208,台積電國票97購07,0,0,0,0,0,0,0,0,0,148000,0,0,0,185000,37000,148000,148000
05444P,大立光元大95售10,0,0,0,0,0,0,0,0,0,148000,0,0,0,210000,62000,148000,148000
053235,智原永豐96購01  ,0,0,0,0,0,0,0,0,0,147000,0,0,0,480000,333000,147000,147000
2881A,富邦特          ,6000,0,6000,0,0,0,0,0,0,141000,141000,0,141000,0,0,0,147000
042735,TPK兆豐92購01   ,0,0,0,0,0,0,0,0,0,147000,0,0,0,150000,3000,147000,147000
050200,致新元大94購01  ,0,0,0,0,0,0,0,0,0,147000,0,0,0,212000,65000,147000,147000
049466,創意台新94購01  ,0,0,0,0,0,0,0,0,0,147000,0,0,0,164000,17000,147000,147000
053840,燿華統一96購02  ,0,0,0,0,0,0,0,0,0,147000,0,0,0,197000,50000,147000,147000
053672,嘉澤元富96購02  ,0,0,0,0,0,0,0,0,0,147000,0,0,0,485000,338000,147000,147000
051829,玉晶光元大98購02,0,0,0,0,0,0,0,0,0,146000,0,0,0,151000,5000,146000,146000
051533,健鼎國票96購02  ,0,0,0,0,0,0,0,0,0,146000,0,0,0,216000,70000,146000,146000
047386,南亞科元大93購01,0,0,0,0,0,0,0,0,0,146000,0,0,0,234000,88000,146000,146000
047495,新日興元富96購01,0,0,0,0,0,0,0,0,0,146000,0,0,0,204000,58000,146000,146000
049056,玉晶光永豐95購03,0,0,0,0,0,0,0,0,0,146000,0,0,0,424000,278000,146000,146000
050832,力成凱基95購01  ,0,0,0,0,0,0,0,0,0,146000,0,0,0,150000,4000,146000,146000
050265,美食元大94購05  ,0,0,0,0,0,0,0,0,0,146000,0,0,0,150000,4000,146000,146000
051929,GIS中信96購01   ,0,0,0,0,0,0,0,0,0,145000,0,0,0,160000,15000,145000,145000
053076,貿聯永豐96購01  ,0,0,0,0,0,0,0,0,0,145000,0,0,0,147000,2000,145000,145000
041753,大立光兆豐92購01,0,0,0,0,0,0,0,0,0,145000,0,0,0,145000,0,145000,145000
045324,嘉晶統一92購01  ,0,0,0,0,0,0,0,0,0,145000,0,0,0,160000,15000,145000,145000
04228P,貿聯永豐93售03  ,0,0,0,0,0,0,0,0,0,145000,0,0,0,265000,120000,145000,145000
046543,京元電台新92購01,0,0,0,0,0,0,0,0,0,145000,0,0,0,145000,0,145000,145000
046973,矽力群益93購01  ,0,0,0,0,0,0,0,0,0,145000,0,0,0,146000,1000,145000,145000
047772,泰鼎元大93購05  ,0,0,0,0,0,0,0,0,0,145000,0,0,0,154000,9000,145000,145000
046059,京元電日盛92購01,0,0,0,0,0,0,0,0,0,145000,0,0,0,145000,0,145000,145000
050469,聯電台新94購01  ,0,0,0,0,0,0,0,0,0,145000,0,0,0,145000,0,145000,145000
050414,泰鼎永豐94購04  ,0,0,0,0,0,0,0,0,0,145000,0,0,0,145000,0,145000,145000
050976,台光電統一95購01,0,0,0,0,0,0,0,0,0,145000,0,0,0,262000,117000,145000,145000
049969,泰鼎國票95購01  ,0,0,0,0,0,0,0,0,0,145000,0,0,0,165000,20000,145000,145000
049986,嘉澤凱基94購02  ,0,0,0,0,0,0,0,0,0,145000,0,0,0,188000,43000,145000,145000
054009,欣興元富96購03  ,0,0,0,0,0,0,0,0,0,145000,0,0,0,145000,0,145000,145000
046362,華通永豐92購02  ,0,0,0,0,0,0,0,0,0,144000,0,0,0,144000,0,144000,144000
04049P,大立光元大95售02,0,0,0,0,0,0,0,0,0,143000,0,0,0,1175000,1032000,143000,143000
044898,旺宏凱基93購01  ,0,0,0,0,0,0,0,0,0,143000,0,0,0,203000,60000,143000,143000
047782,燿華國泰95購01  ,0,0,0,0,0,0,0,0,0,143000,0,0,0,291000,148000,143000,143000
046030,南亞科元大92購04,0,0,0,0,0,0,0,0,0,143000,0,0,0,175000,32000,143000,143000
048708,智邦亞東94購01  ,0,0,0,0,0,0,0,0,0,143000,0,0,0,143000,0,143000,143000
049870,南電兆豐94購01  ,0,0,0,0,0,0,0,0,0,143000,0,0,0,143000,0,143000,143000
048584,欣興富邦95購01  ,0,0,0,0,0,0,0,0,0,143000,0,0,0,143000,0,143000,143000
050261,國巨元大95購04  ,0,0,0,0,0,0,0,0,0,143000,0,0,0,241000,98000,143000,143000
05080P,亞光永豐95售02  ,0,0,0,0,0,0,0,0,0,143000,0,0,0,1399000,1256000,143000,143000
053515,致伸群益96購02  ,0,0,0,0,0,0,0,0,0,143000,0,0,0,171000,28000,143000,143000
053380,南亞科元大97購01,0,0,0,0,0,0,0,0,0,142000,0,0,0,403000,261000,142000,142000
044363,聯茂中信91購01  ,0,0,0,0,0,0,0,0,0,142000,0,0,0,151000,9000,142000,142000
048559,京元電元大93購03,0,0,0,0,0,0,0,0,0,142000,0,0,0,212000,70000,142000,142000
045795,瀚宇博兆豐94購01,0,0,0,0,0,0,0,0,0,142000,0,0,0,142000,0,142000,142000
047038,亞光群益93購01  ,0,0,0,0,0,0,0,0,0,142000,0,0,0,292000,150000,142000,142000
047118,欣興元大93購06  ,0,0,0,0,0,0,0,0,0,142000,0,0,0,371000,229000,142000,142000
050778,瑞儀元大96購01  ,0,0,0,0,0,0,0,0,0,142000,0,0,0,335000,193000,142000,142000
049465,美律台新94購01  ,0,0,0,0,0,0,0,0,0,142000,0,0,0,142000,0,142000,142000
049676,美食國票94購01  ,0,0,0,0,0,0,0,0,0,142000,0,0,0,142000,0,142000,142000
053865,欣興元大97購02  ,0,0,0,0,0,0,0,0,0,142000,0,0,0,694000,552000,142000,142000
053217,群創凱基99購02  ,0,0,0,0,0,0,0,0,0,141000,0,0,0,220000,79000,141000,141000
052391,瑞儀群益95購01  ,0,0,0,0,0,0,0,0,0,141000,0,0,0,219000,78000,141000,141000
04404P,玉晶光國票94售01,0,0,0,0,0,0,0,0,0,141000,0,0,0,331000,190000,141000,141000
047899,貿聯群益93購03  ,0,0,0,0,0,0,0,0,0,141000,0,0,0,146000,5000,141000,141000
049877,南亞科永豐94購01,0,0,0,0,0,0,0,0,0,141000,0,0,0,186000,45000,141000,141000
049426,為升兆豐95購01  ,0,0,0,0,0,0,0,0,0,141000,0,0,0,141000,0,141000,141000
050891,喬山元大95購01  ,0,0,0,0,0,0,0,0,0,141000,0,0,0,161000,20000,141000,141000
050938,智原國票96購01  ,0,0,0,0,0,0,0,0,0,141000,0,0,0,168000,27000,141000,141000
051112,台郡統一95購01  ,0,0,0,0,0,0,0,0,0,141000,0,0,0,475000,334000,141000,141000
054094,創意群益96購02  ,0,0,0,0,0,0,0,0,0,141000,0,0,0,141000,0,141000,141000
8926,台汽電          ,189000,47000,142000,0,0,0,0,0,0,-1000,0,1000,-1000,0,0,0,141000
045182,瑞昱統一92購05  ,0,0,0,0,0,0,0,0,0,140000,0,0,0,187000,47000,140000,140000
042912,凌陽元大94購01  ,0,0,0,0,0,0,0,0,0,140000,0,0,0,160000,20000,140000,140000
043063,台郡中信92購01  ,0,0,0,0,0,0,0,0,0,140000,0,0,0,182000,42000,140000,140000
047446,TPK元大94購01   ,0,0,0,0,0,0,0,0,0,140000,0,0,0,140000,0,140000,140000
046355,欣興群益92購03  ,0,0,0,0,0,0,0,0,0,140000,0,0,0,140000,0,140000,140000
046880,瑞昱永昌93購01  ,0,0,0,0,0,0,0,0,0,140000,0,0,0,171000,31000,140000,140000
048543,統一永豐93購01  ,0,0,0,0,0,0,0,0,0,140000,0,0,0,140000,0,140000,140000
047484,聯詠凱基93購03  ,0,0,0,0,0,0,0,0,0,140000,0,0,0,151000,11000,140000,140000
049170,亞德客凱基94購01,0,0,0,0,0,0,0,0,0,140000,0,0,0,175000,35000,140000,140000
054237,茂林群益97購01  ,0,0,0,0,0,0,0,0,0,140000,0,0,0,160000,20000,140000,140000
05397P,大立光凱基96售08,0,0,0,0,0,0,0,0,0,140000,0,0,0,890000,750000,140000,140000
046179,超眾日盛92購01  ,0,0,0,0,0,0,0,0,0,139000,0,0,0,139000,0,139000,139000
046268,嘉晶凱基93購02  ,0,0,0,0,0,0,0,0,0,139000,0,0,0,140000,1000,139000,139000
049272,世紀鋼元大96購02,0,0,0,0,0,0,0,0,0,139000,0,0,0,209000,70000,139000,139000
052663,奇鋐國票97購01  ,0,0,0,0,0,0,0,0,0,138000,0,0,0,298000,160000,138000,138000
052703,貿聯國票97購01  ,0,0,0,0,0,0,0,0,0,138000,0,0,0,138000,0,138000,138000
2511,太子            ,197000,47000,150000,0,0,0,0,0,0,-12000,0,12000,-12000,0,0,0,138000
042919,GIS元大93購01   ,0,0,0,0,0,0,0,0,0,138000,0,0,0,180000,42000,138000,138000
046716,欣興國泰93購03  ,0,0,0,0,0,0,0,0,0,138000,0,0,0,138000,0,138000,138000
047837,嘉晶元大93購01  ,0,0,0,0,0,0,0,0,0,138000,0,0,0,161000,23000,138000,138000
049734,瑞昱群益94購02  ,0,0,0,0,0,0,0,0,0,138000,0,0,0,149000,11000,138000,138000
053275,燿華元大97購01  ,0,0,0,0,0,0,0,0,0,137000,0,0,0,253000,116000,137000,137000
00648R,元大S&P500反1   ,0,0,0,0,0,0,0,0,0,137000,0,0,0,423000,286000,137000,137000
046257,A50正2國票94購01,0,0,0,0,0,0,0,0,0,137000,0,0,0,561000,424000,137000,137000
04877P,聯發科麥證94售04,0,0,0,137000,0,137000,0,0,0,137000,0,0,0,137000,0,137000,137000
050354,瀚宇博群益94購02,0,0,0,0,0,0,0,0,0,137000,0,0,0,342000,205000,137000,137000
053017,世紀鋼統一96購02,0,0,0,0,0,0,0,0,0,136000,0,0,0,136000,0,136000,136000
044648,奇鋐群益93購01  ,0,0,0,0,0,0,0,0,0,136000,0,0,0,339000,203000,136000,136000
046029,微星元大92購02  ,0,0,0,0,0,0,0,0,0,136000,0,0,0,146000,10000,136000,136000
049984,揚明光凱基94購04,0,0,0,0,0,0,0,0,0,136000,0,0,0,136000,0,136000,136000
054230,上銀群益96購03  ,0,0,0,0,0,0,0,0,0,136000,0,0,0,136000,0,136000,136000
054069,亞光國泰98購01  ,0,0,0,0,0,0,0,0,0,136000,0,0,0,823000,687000,136000,136000
053200,華邦電日盛96購01,0,0,0,0,0,0,0,0,0,135000,0,0,0,135000,0,135000,135000
052428,嘉晶永豐95購01  ,0,0,0,0,0,0,0,0,0,135000,0,0,0,335000,200000,135000,135000
052913,鴻海元富96購05  ,0,0,0,0,0,0,0,0,0,135000,0,0,0,298000,163000,135000,135000
047522,微星元大93購02  ,0,0,0,0,0,0,0,0,0,135000,0,0,0,152000,17000,135000,135000
049915,瑞昱元大94購07  ,0,0,0,0,0,0,0,0,0,135000,0,0,0,175000,40000,135000,135000
049409,滬深2X凱基96購04,0,0,0,0,0,0,0,0,0,135000,0,0,0,135000,0,135000,135000
05144P,美律永豐95售02  ,0,0,0,0,0,0,0,0,0,135000,0,0,0,135000,0,135000,135000
051650,矽力永豐95購01  ,0,0,0,0,0,0,0,0,0,134000,0,0,0,134000,0,134000,134000
045780,奇鋐元大94購01  ,0,0,0,0,0,0,0,0,0,134000,0,0,0,174000,40000,134000,134000
045850,嘉澤永豐92購01  ,0,0,0,0,0,0,0,0,0,134000,0,0,0,158000,24000,134000,134000
049601,矽創元大95購02  ,0,0,0,0,0,0,0,0,0,134000,0,0,0,230000,96000,134000,134000
05625P,國巨國票97售01  ,0,0,0,0,0,0,0,0,0,134000,0,0,0,484000,350000,134000,134000
044834,旺宏元大93購02  ,0,0,0,0,0,0,0,0,0,133000,0,0,0,311000,178000,133000,133000
046968,台積電群益94購03,0,0,0,0,0,0,0,0,0,133000,0,0,0,202000,69000,133000,133000
046074,佐登凱基92購01  ,0,0,0,0,0,0,0,0,0,133000,0,0,0,178000,45000,133000,133000
049766,滬深2X元富94購02,0,0,0,0,0,0,0,0,0,133000,0,0,0,209000,76000,133000,133000
05553P,智原群益96售01  ,0,0,0,0,0,0,0,0,0,133000,0,0,0,153000,20000,133000,133000
053990,晶技兆豐96購01  ,0,0,0,0,0,0,0,0,0,133000,0,0,0,136000,3000,133000,133000
8150,南茂            ,1148000,944000,204000,0,0,0,0,0,0,-71000,0,61000,-61000,11000,21000,-10000,133000
053167,欣興群益96購03  ,0,0,0,0,0,0,0,0,0,132000,0,0,0,162000,30000,132000,132000
03777P,華通中信95售01  ,0,0,0,0,0,0,0,0,0,132000,0,0,0,152000,20000,132000,132000
045694,智邦兆豐93購05  ,0,0,0,0,0,0,0,0,0,132000,0,0,0,169000,37000,132000,132000
048942,上緯控永豐94購01,0,0,0,0,0,0,0,0,0,132000,0,0,0,132000,0,132000,132000
051183,建準永豐95購02  ,0,0,0,0,0,0,0,0,0,132000,0,0,0,142000,10000,132000,132000
053687,智邦元大96購02  ,0,0,0,0,0,0,0,0,0,132000,0,0,0,387000,255000,132000,132000
051765,健鼎元大95購03  ,0,0,0,0,0,0,0,0,0,131000,0,0,0,131000,0,131000,131000
052195,健策元富95購01  ,0,0,0,0,0,0,0,0,0,131000,0,0,0,141000,10000,131000,131000
00753L,中信中國50正2   ,0,0,0,0,0,0,0,0,0,131000,0,0,0,230000,99000,131000,131000
044327,大立光元富91購04,0,0,0,0,0,0,0,0,0,131000,0,0,0,181000,50000,131000,131000
048379,台郡元富96購01  ,0,0,0,0,0,0,0,0,0,131000,0,0,0,192000,61000,131000,131000
045584,奇鋐元大93購03  ,0,0,0,0,0,0,0,0,0,131000,0,0,0,193000,62000,131000,131000
054002,GIS群益96購03   ,0,0,0,0,0,0,0,0,0,131000,0,0,0,229000,98000,131000,131000
054128,台積電元大97購10,0,0,0,0,0,0,0,0,0,131000,0,0,0,431000,300000,131000,131000
052451,旭富元大95購02  ,0,0,0,0,0,0,0,0,0,130000,0,0,0,145000,15000,130000,130000
04457P,同欣電統一94售01,0,0,0,0,0,0,0,0,0,130000,0,0,0,170000,40000,130000,130000
042557,中石化中信92購01,0,0,0,0,0,0,0,0,0,130000,0,0,0,130000,0,130000,130000
051086,鴻海元大96購04  ,0,0,0,0,0,0,0,0,0,130000,0,0,0,559000,429000,130000,130000
051415,晶技國票96購01  ,0,0,0,0,0,0,0,0,0,130000,0,0,0,130000,0,130000,130000
051394,奇鋐兆豐95購01  ,0,0,0,0,0,0,0,0,0,130000,0,0,0,146000,16000,130000,130000
050286,為升凱基94購05  ,0,0,0,0,0,0,0,0,0,130000,0,0,0,130000,0,130000,130000
050532,矽創元大94購03  ,0,0,0,0,0,0,0,0,0,130000,0,0,0,150000,20000,130000,130000
054455,楠梓電群益98購02,0,0,0,0,0,0,0,0,0,130000,0,0,0,150000,20000,130000,130000
05171P,臺股指元大95售15,0,0,0,0,0,0,0,0,0,129000,0,0,0,129000,0,129000,129000
053342,全新國票99購01  ,0,0,0,0,0,0,0,0,0,129000,0,0,0,189000,60000,129000,129000
044221,群創凱基93購03  ,0,0,0,0,0,0,0,0,0,129000,0,0,0,147000,18000,129000,129000
050382,TPK兆豐95購02   ,0,0,0,0,0,0,0,0,0,129000,0,0,0,129000,0,129000,129000
050773,京鼎元大94購02  ,0,0,0,0,0,0,0,0,0,129000,0,0,0,134000,5000,129000,129000
050623,致新元大94購05  ,0,0,0,0,0,0,0,0,0,129000,0,0,0,130000,1000,129000,129000
051284,上銀統一95購02  ,0,0,0,0,0,0,0,0,0,129000,0,0,0,129000,0,129000,129000
05906P,國巨元富96售05  ,0,0,0,0,0,0,0,0,0,129000,0,0,0,134000,5000,129000,129000
054303,國巨凱基96購15  ,0,0,0,0,0,0,0,0,0,129000,0,0,0,135000,6000,129000,129000
053788,泰鼎元大97購01  ,0,0,0,0,0,0,0,0,0,129000,0,0,0,137000,8000,129000,129000
044531,欣興富邦93購01  ,0,0,0,0,0,0,0,0,0,128000,0,0,0,440000,312000,128000,128000
047141,宏達電兆豐94購01,0,0,0,0,0,0,0,0,0,128000,0,0,0,178000,50000,128000,128000
051000,台郡元大96購01  ,0,0,0,0,0,0,0,0,0,128000,0,0,0,1112000,984000,128000,128000
050291,聯發科凱基94購16,0,0,0,0,0,0,0,0,0,128000,0,0,0,230000,102000,128000,128000
050519,旺宏元大95購03  ,0,0,0,0,0,0,0,0,0,128000,0,0,0,399000,271000,128000,128000
053966,旺宏元大96購08  ,0,0,0,0,0,0,0,0,0,128000,0,0,0,569000,441000,128000,128000
054012,廣達永豐96購01  ,0,0,0,0,0,0,0,0,0,128000,0,0,0,138000,10000,128000,128000
053640,上緯控永豐96購01,0,0,0,0,0,0,0,0,0,128000,0,0,0,128000,0,128000,128000
052455,樺漢元大96購03  ,0,0,0,0,0,0,0,0,0,127000,0,0,0,189000,62000,127000,127000
042819,聯茂中信92購01  ,0,0,0,0,0,0,0,0,0,127000,0,0,0,127000,0,127000,127000
046225,南亞科元大92購05,0,0,0,0,0,0,0,0,0,127000,0,0,0,187000,60000,127000,127000
048495,南亞科元大93購04,0,0,0,0,0,0,0,0,0,127000,0,0,0,273000,146000,127000,127000
047264,貿聯國票93購02  ,0,0,0,0,0,0,0,0,0,127000,0,0,0,150000,23000,127000,127000
047208,智易國泰94購01  ,0,0,0,0,0,0,0,0,0,127000,0,0,0,127000,0,127000,127000
05129P,鴻海兆豐95售02  ,0,0,0,0,0,0,0,0,0,127000,0,0,0,127000,0,127000,127000
049893,日月光富邦98購01,0,0,0,0,0,0,0,0,0,127000,0,0,0,171000,44000,127000,127000
053553,聯詠凱基96購03  ,0,0,0,0,0,0,0,0,0,127000,0,0,0,137000,10000,127000,127000
053534,微星永豐96購02  ,0,0,0,0,0,0,0,0,0,127000,0,0,0,175000,48000,127000,127000
054151,瑞昱國泰97購01  ,0,0,0,0,0,0,0,0,0,127000,0,0,0,226000,99000,127000,127000
053892,景碩群益96購02  ,0,0,0,0,0,0,0,0,0,127000,0,0,0,235000,108000,127000,127000
052947,晶技國票97購01  ,0,0,0,0,0,0,0,0,0,126000,0,0,0,126000,0,126000,126000
049913,微星元大94購01  ,0,0,0,0,0,0,0,0,0,126000,0,0,0,187000,61000,126000,126000
048864,昇陽半群益94購01,0,0,0,0,0,0,0,0,0,126000,0,0,0,158000,32000,126000,126000
051246,美律元大96購01  ,0,0,0,0,0,0,0,0,0,126000,0,0,0,126000,0,126000,126000
054577,世芯元大98購01  ,0,0,0,0,0,0,0,0,0,126000,0,0,0,147000,21000,126000,126000
053301,華通凱基96購04  ,0,0,0,0,0,0,0,0,0,125000,0,0,0,250000,125000,125000,125000
053268,日月光群益96購01,0,0,0,0,0,0,0,0,0,125000,0,0,0,234000,109000,125000,125000
043735,元金2X元大94購01,0,0,0,0,0,0,0,0,0,125000,0,0,0,127000,2000,125000,125000
045869,滬深2X元富95購01,0,0,0,0,0,0,0,0,0,125000,0,0,0,125000,0,125000,125000
051122,美食群益95購01  ,0,0,0,0,0,0,0,0,0,125000,0,0,0,125000,0,125000,125000
054483,聯電台新96購01  ,0,0,0,0,0,0,0,0,0,125000,0,0,0,125000,0,125000,125000
053595,創意元大96購02  ,0,0,0,0,0,0,0,0,0,125000,0,0,0,328000,203000,125000,125000
053697,臻鼎元大96購02  ,0,0,0,0,0,0,0,0,0,125000,0,0,0,165000,40000,125000,125000
2458,義隆            ,312000,258000,54000,0,0,0,1000,0,1000,69000,86000,48000,38000,37000,6000,31000,124000
051490,世芯凱基96購01  ,0,0,0,0,0,0,0,0,0,124000,0,0,0,191000,67000,124000,124000
051949,鴻海元富95購08  ,0,0,0,0,0,0,0,0,0,124000,0,0,0,128000,4000,124000,124000
043066,上銀兆豐93購02  ,0,0,0,0,0,0,0,0,0,124000,0,0,0,171000,47000,124000,124000
047968,南電國泰94購01  ,0,0,0,0,0,0,0,0,0,124000,0,0,0,180000,56000,124000,124000
047048,華邦電國票93購02,0,0,0,0,0,0,0,0,0,124000,0,0,0,155000,31000,124000,124000
051390,京元電兆豐95購01,0,0,0,0,0,0,0,0,0,124000,0,0,0,241000,117000,124000,124000
049545,台積電群益94購09,0,0,0,0,0,0,0,0,0,124000,0,0,0,139000,15000,124000,124000
049318,樺漢凱基94購01  ,0,0,0,0,0,0,0,0,0,124000,0,0,0,141000,17000,124000,124000
054090,瑞昱群益97購01  ,0,0,0,0,0,0,0,0,0,124000,0,0,0,218000,94000,124000,124000
054059,欣興國票97購03  ,0,0,0,0,0,0,0,0,0,124000,0,0,0,124000,0,124000,124000
052317,台積電元大96購11,0,0,0,0,0,0,0,0,0,123000,0,0,0,124000,1000,123000,123000
2882A,國泰特          ,0,0,0,0,0,0,0,0,0,123000,123000,0,123000,0,0,0,123000
045393,寶齡國泰93購01  ,0,0,0,0,0,0,0,0,0,123000,0,0,0,123000,0,123000,123000
051021,啟碁凱基95購02  ,0,0,0,0,0,0,0,0,0,123000,0,0,0,134000,11000,123000,123000
050740,旺宏永豐94購03  ,0,0,0,0,0,0,0,0,0,123000,0,0,0,137000,14000,123000,123000
053862,南亞科元大97購02,0,0,0,0,0,0,0,0,0,123000,0,0,0,209000,86000,123000,123000
053031,華新科第一96購01,0,0,0,0,0,0,0,0,0,122000,0,0,0,152000,30000,122000,122000
052809,訊芯元大97購01  ,0,0,0,0,0,0,0,0,0,122000,0,0,0,123000,1000,122000,122000
043943,聯詠兆豐91購01  ,0,0,0,0,0,0,0,0,0,122000,0,0,0,152000,30000,122000,122000
048988,聯茂元大94購02  ,0,0,0,0,0,0,0,0,0,122000,0,0,0,130000,8000,122000,122000
054007,貿聯統一96購01  ,0,0,0,0,0,0,0,0,0,122000,0,0,0,231000,109000,122000,122000
051576,台積電元大97購02,0,0,0,0,0,0,0,0,0,121000,0,0,0,196000,75000,121000,121000
051714,健鼎台新95購01  ,0,0,0,0,0,0,0,0,0,121000,0,0,0,260000,139000,121000,121000
051636,嘉晶國票95購02  ,0,0,0,0,0,0,0,0,0,121000,0,0,0,121000,0,121000,121000
049976,台積電凱基94購28,0,0,0,0,0,0,0,0,0,121000,0,0,0,133000,12000,121000,121000
049886,華通永昌95購01  ,0,0,0,0,0,0,0,0,0,121000,0,0,0,238000,117000,121000,121000
051230,聯詠群益95購01  ,0,0,0,0,0,0,0,0,0,121000,0,0,0,166000,45000,121000,121000
053586,建準元大96購01  ,0,0,0,0,0,0,0,0,0,121000,0,0,0,126000,5000,121000,121000
053547,台積電凱基96購14,0,0,0,0,0,0,0,0,0,121000,0,0,0,232000,111000,121000,121000
6251,定穎            ,899000,786000,113000,0,0,0,0,0,0,8000,12000,4000,8000,0,0,0,121000
05161P,華新科國票96售01,0,0,0,0,0,0,0,0,0,120000,0,0,0,220000,100000,120000,120000
051589,健鼎元大95購02  ,0,0,0,0,0,0,0,0,0,120000,0,0,0,130000,10000,120000,120000
051930,國泰金兆豐97購01,0,0,0,0,0,0,0,0,0,120000,0,0,0,158000,38000,120000,120000
1440,南紡            ,478000,350000,128000,0,0,0,0,0,0,-8000,0,8000,-8000,0,0,0,120000
048428,滬深2X國票93購05,0,0,0,0,0,0,0,0,0,120000,0,0,0,190000,70000,120000,120000
048436,聯茂日盛93購01  ,0,0,0,0,0,0,0,0,0,120000,0,0,0,120000,0,120000,120000
03414B,臺股指凱基99熊01,0,0,0,0,0,0,0,0,0,120000,0,0,0,265000,145000,120000,120000
03687P,旺宏元富93售01  ,0,0,0,0,0,0,0,0,0,120000,0,0,0,120000,0,120000,120000
047415,欣興永昌93購01  ,0,0,0,0,0,0,0,0,0,120000,0,0,0,120000,0,120000,120000
048084,華通凱基93購05  ,0,0,0,0,0,0,0,0,0,120000,0,0,0,177000,57000,120000,120000
047272,技嘉永豐93購01  ,0,0,0,0,0,0,0,0,0,120000,0,0,0,120000,0,120000,120000
045879,致伸元富92購01  ,0,0,0,0,0,0,0,0,0,120000,0,0,0,120000,0,120000,120000
04588P,茂林永豐94售04  ,0,0,0,0,0,0,0,0,0,120000,0,0,0,120000,0,120000,120000
048692,致伸群益94購01  ,0,0,0,0,0,0,0,0,0,120000,0,0,0,120000,0,120000,120000
050528,瑞儀元大94購02  ,0,0,0,0,0,0,0,0,0,120000,0,0,0,250000,130000,120000,120000
050154,可成群益94購05  ,0,0,0,0,0,0,0,0,0,120000,0,0,0,140000,20000,120000,120000
053492,華邦電兆豐97購01,0,0,0,0,0,0,0,0,0,120000,0,0,0,155000,35000,120000,120000
2897,王道銀行        ,212000,93000,119000,0,0,0,0,0,0,0,0,0,0,0,0,0,119000
053284,樺漢元大97購01  ,0,0,0,0,0,0,0,0,0,119000,0,0,0,196000,77000,119000,119000
051990,泰碩元大95購01  ,0,0,0,0,0,0,0,0,0,119000,0,0,0,172000,53000,119000,119000
051643,瑞昱康和95購01  ,0,0,0,0,0,0,0,0,0,119000,0,0,0,123000,4000,119000,119000
046668,嘉澤元大93購01  ,0,0,0,0,0,0,0,0,0,119000,0,0,0,196000,77000,119000,119000
048534,貿聯國票94購01  ,0,0,0,0,0,0,0,0,0,119000,0,0,0,141000,22000,119000,119000
049434,茂林國票95購01  ,0,0,0,0,0,0,0,0,0,119000,0,0,0,529000,410000,119000,119000
050913,全新中信97購01  ,0,0,0,0,0,0,0,0,0,119000,0,0,0,300000,181000,119000,119000
054419,嘉聯益元大98購02,0,0,0,0,0,0,0,0,0,119000,0,0,0,363000,244000,119000,119000
051766,泰鼎元大95購02  ,0,0,0,0,0,0,0,0,0,118000,0,0,0,138000,20000,118000,118000
053020,貿聯元富96購01  ,0,0,0,0,0,0,0,0,0,118000,0,0,0,126000,8000,118000,118000
2457,飛宏            ,300000,177000,123000,0,0,0,0,0,0,-5000,0,5000,-5000,0,0,0,118000
046105,同欣電永豐92購02,0,0,0,0,0,0,0,0,0,118000,0,0,0,208000,90000,118000,118000
045718,瑞昱凱基92購01  ,0,0,0,0,0,0,0,0,0,118000,0,0,0,118000,0,118000,118000
046592,南電元大92購03  ,0,0,0,0,0,0,0,0,0,118000,0,0,0,137000,19000,118000,118000
047256,矽創群益93購01  ,0,0,0,0,0,0,0,0,0,118000,0,0,0,118000,0,118000,118000
051058,景碩群益96購01  ,0,0,0,0,0,0,0,0,0,118000,0,0,0,216000,98000,118000,118000
050201,光磊群益94購01  ,0,0,0,0,0,0,0,0,0,118000,0,0,0,118000,0,118000,118000
05579P,友達凱基98售03  ,0,0,0,0,0,0,0,0,0,118000,0,0,0,118000,0,118000,118000
9938,百和            ,535000,228000,307000,0,0,0,0,173000,-173000,-16000,12000,22000,-10000,33000,39000,-6000,118000
053963,百和永豐96購01  ,0,0,0,0,0,0,0,0,0,118000,0,0,0,176000,58000,118000,118000
053179,大立光統一96購04,0,0,0,0,0,0,0,0,0,117000,0,0,0,330000,213000,117000,117000
051988,台光電元大95購01,0,0,0,0,0,0,0,0,0,117000,0,0,0,230000,113000,117000,117000
051907,台積電元大97購05,0,0,0,0,0,0,0,0,0,117000,0,0,0,331000,214000,117000,117000
051884,樺漢永豐95購01  ,0,0,0,0,0,0,0,0,0,117000,0,0,0,127000,10000,117000,117000
045054,聯發科元富98購02,0,0,0,0,0,0,0,0,0,117000,0,0,0,194000,77000,117000,117000
045429,復盛凱基92購01  ,0,0,0,0,0,0,0,0,0,117000,0,0,0,137000,20000,117000,117000
04217P,漢唐國票93售01  ,0,0,0,0,0,0,0,0,0,117000,0,0,0,117000,0,117000,117000
050196,嘉聯益元大97購01,0,0,0,0,0,0,0,0,0,117000,0,0,0,258000,141000,117000,117000
049204,京元電群益94購02,0,0,0,0,0,0,0,0,0,117000,0,0,0,140000,23000,117000,117000
9955,佳龍            ,216000,99000,117000,0,0,0,0,0,0,0,0,0,0,0,0,0,117000
054490,臻鼎台新96購02  ,0,0,0,0,0,0,0,0,0,117000,0,0,0,186000,69000,117000,117000
054515,華通元大98購02  ,0,0,0,0,0,0,0,0,0,117000,0,0,0,325000,208000,117000,117000
051516,全新凱基96購02  ,0,0,0,0,0,0,0,0,0,116000,0,0,0,127000,11000,116000,116000
053022,欣興國泰98購01  ,0,0,0,0,0,0,0,0,0,116000,0,0,0,196000,80000,116000,116000
2547,日勝生          ,180000,57000,123000,0,0,0,0,0,0,-7000,0,7000,-7000,0,0,0,116000
042283,南電富邦92購01  ,0,0,0,0,0,0,0,0,0,116000,0,0,0,119000,3000,116000,116000
04190P,大立光兆豐94售03,0,0,0,0,0,0,0,0,0,116000,0,0,0,126000,10000,116000,116000
044101,聯茂國泰92購01  ,0,0,0,0,0,0,0,0,0,116000,0,0,0,208000,92000,116000,116000
047996,華邦電元大93購04,0,0,0,0,0,0,0,0,0,116000,0,0,0,129000,13000,116000,116000
04599P,南亞科凱基94售03,0,0,0,0,0,0,0,0,0,116000,0,0,0,181000,65000,116000,116000
046348,嘉澤兆豐93購01  ,0,0,0,0,0,0,0,0,0,116000,0,0,0,116000,0,116000,116000
048893,南電元富94購01  ,0,0,0,0,0,0,0,0,0,116000,0,0,0,116000,0,116000,116000
049535,臻鼎永豐94購01  ,0,0,0,0,0,0,0,0,0,116000,0,0,0,116000,0,116000,116000
051138,訊連永豐95購01  ,0,0,0,0,0,0,0,0,0,116000,0,0,0,116000,0,116000,116000
054341,燿華元富96購03  ,0,0,0,0,0,0,0,0,0,116000,0,0,0,116000,0,116000,116000
1802,台玻            ,337000,192000,145000,0,0,0,0,0,0,-30000,0,30000,-30000,0,0,0,115000
051968,勤誠永豐95購01  ,0,0,0,0,0,0,0,0,0,115000,0,0,0,440000,325000,115000,115000
052407,樺漢凱基95購01  ,0,0,0,0,0,0,0,0,0,115000,0,0,0,117000,2000,115000,115000
043910,聯發科凱基91購09,0,0,0,0,0,0,0,0,0,115000,0,0,0,125000,10000,115000,115000
044972,元金2X國票96購01,0,0,0,0,0,0,0,0,0,115000,0,0,0,115000,0,115000,115000
048430,瑞昱國票93購02  ,0,0,0,0,0,0,0,0,0,115000,0,0,0,116000,1000,115000,115000
037536,道瓊反元富93購01,0,0,0,0,0,0,0,0,0,115000,0,0,0,220000,105000,115000,115000
03025P,國巨元大01售12  ,0,0,0,0,0,0,0,0,0,115000,0,0,0,116000,1000,115000,115000
03950P,聯發科中信93售03,0,0,0,0,0,0,0,0,0,115000,0,0,0,178000,63000,115000,115000
048493,微星元大93購04  ,0,0,0,0,0,0,0,0,0,115000,0,0,0,125000,10000,115000,115000
047785,嘉聯益第一93購01,0,0,0,0,0,0,0,0,0,115000,0,0,0,120000,5000,115000,115000
050858,欣興台新95購01  ,0,0,0,0,0,0,0,0,0,115000,0,0,0,115000,0,115000,115000
050704,復盛凱基94購03  ,0,0,0,0,0,0,0,0,0,115000,0,0,0,131000,16000,115000,115000
054376,聯茂中信97購01  ,0,0,0,0,0,0,0,0,0,115000,0,0,0,245000,130000,115000,115000
051638,聯茂國票96購01  ,0,0,0,0,0,0,0,0,0,114000,0,0,0,128000,14000,114000,114000
052810,易華電元大96購02,0,0,0,0,0,0,0,0,0,114000,0,0,0,250000,136000,114000,114000
053405,台達電兆豐96購01,0,0,0,0,0,0,0,0,0,114000,0,0,0,114000,0,114000,114000
045184,京元電統一93購01,0,0,0,0,0,0,0,0,0,114000,0,0,0,189000,75000,114000,114000
044588,元金2X統一93購01,0,0,0,0,0,0,0,0,0,114000,0,0,0,369000,255000,114000,114000
044030,台積電群益91購06,0,0,0,0,0,0,0,0,0,114000,0,0,0,115000,1000,114000,114000
048475,台郡永豐93購02  ,0,0,0,0,0,0,0,0,0,114000,0,0,0,243000,129000,114000,114000
048688,瑞昱群益94購01  ,0,0,0,0,0,0,0,0,0,114000,0,0,0,122000,8000,114000,114000
050552,禾伸堂凱基94購05,0,0,0,0,0,0,0,0,0,114000,0,0,0,220000,106000,114000,114000
050533,致新元大94購03  ,0,0,0,0,0,0,0,0,0,114000,0,0,0,180000,66000,114000,114000
051305,訊連凱基96購01  ,0,0,0,0,0,0,0,0,0,114000,0,0,0,114000,0,114000,114000
051396,健鼎兆豐95購01  ,0,0,0,0,0,0,0,0,0,114000,0,0,0,241000,127000,114000,114000
049495,欣興元大94購06  ,0,0,0,0,0,0,0,0,0,114000,0,0,0,207000,93000,114000,114000
050173,旺宏元大96購02  ,0,0,0,0,0,0,0,0,0,114000,0,0,0,650000,536000,114000,114000
05004P,健策統一95售01  ,0,0,0,0,0,0,0,0,0,114000,0,0,0,644000,530000,114000,114000
053532,台積電永豐96購03,0,0,0,0,0,0,0,0,0,114000,0,0,0,248000,134000,114000,114000
053590,新光金元大9A購02,0,0,0,0,0,0,0,0,0,114000,0,0,0,147000,33000,114000,114000
053216,京鼎凱基96購02  ,0,0,0,0,0,0,0,0,0,113000,0,0,0,144000,31000,113000,113000
045031,上銀群益93購02  ,0,0,0,0,0,0,0,0,0,113000,0,0,0,136000,23000,113000,113000
044326,大立光元富91購03,0,0,0,0,0,0,0,0,0,113000,0,0,0,116000,3000,113000,113000
052952,矽創國票97購02  ,0,0,0,0,0,0,0,0,0,113000,0,0,0,133000,20000,113000,113000
049614,聯茂中信94購01  ,0,0,0,0,0,0,0,0,0,113000,0,0,0,113000,0,113000,113000
049343,華新科統一94購03,0,0,0,0,0,0,0,0,0,113000,0,0,0,231000,118000,113000,113000
052037,全新國泰96購02  ,0,0,0,0,0,0,0,0,0,112000,0,0,0,240000,128000,112000,112000
052342,茂林凱基96購01  ,0,0,0,0,0,0,0,0,0,112000,0,0,0,115000,3000,112000,112000
052270,力成日盛95購01  ,0,0,0,0,0,0,0,0,0,112000,0,0,0,172000,60000,112000,112000
052519,旺宏元大95購05  ,0,0,0,0,0,0,0,0,0,112000,0,0,0,310000,198000,112000,112000
00706L,元大S&P日圓正2  ,0,0,0,0,0,0,0,0,0,112000,0,0,0,125000,13000,112000,112000
048465,南電台新93購01  ,0,0,0,0,0,0,0,0,0,112000,0,0,0,112000,0,112000,112000
048237,致茂國票94購01  ,0,0,0,0,0,0,0,0,0,112000,0,0,0,112000,0,112000,112000
044819,新日興兆豐93購02,0,0,0,0,0,0,0,0,0,112000,0,0,0,216000,104000,112000,112000
048752,廣越元富95購01  ,0,0,0,0,0,0,0,0,0,112000,0,0,0,113000,1000,112000,112000
052924,旺宏永豐96購01  ,0,0,0,0,0,0,0,0,0,112000,0,0,0,112000,0,112000,112000
049211,昇陽半群益94購03,0,0,0,0,0,0,0,0,0,112000,0,0,0,171000,59000,112000,112000
050877,美律統一95購01  ,0,0,0,0,0,0,0,0,0,112000,0,0,0,383000,271000,112000,112000
053905,華新科凱基96購10,0,0,0,0,0,0,0,0,0,112000,0,0,0,125000,13000,112000,112000
054091,晶豪科群益96購01,0,0,0,0,0,0,0,0,0,112000,0,0,0,166000,54000,112000,112000
051529,東元國票96購01  ,0,0,0,0,0,0,0,0,0,111000,0,0,0,111000,0,111000,111000
044438,GIS元大92購03   ,0,0,0,0,0,0,0,0,0,111000,0,0,0,150000,39000,111000,111000
046482,超眾元富92購03  ,0,0,0,0,0,0,0,0,0,111000,0,0,0,325000,214000,111000,111000
05041P,大立光凱基95售09,0,0,0,0,0,0,0,0,0,111000,0,0,0,122000,11000,111000,111000
050373,奇鋐元大94購04  ,0,0,0,0,0,0,0,0,0,111000,0,0,0,201000,90000,111000,111000
049046,同欣電兆豐94購01,0,0,0,0,0,0,0,0,0,111000,0,0,0,182000,71000,111000,111000
049911,智邦元大94購05  ,0,0,0,0,0,0,0,0,0,111000,0,0,0,168000,57000,111000,111000
054101,茂林國票97購04  ,0,0,0,0,0,0,0,0,0,111000,0,0,0,127000,16000,111000,111000
053911,臺股指凱基96購31,0,5000,-5000,0,0,0,0,0,0,116000,0,0,0,139000,23000,116000,111000
054333,茂林永豐96購03  ,0,0,0,0,0,0,0,0,0,111000,0,0,0,243000,132000,111000,111000
05163P,聯發科統一96售02,0,0,0,0,0,0,0,0,0,110000,0,0,0,193000,83000,110000,110000
052199,鴻海統一95購11  ,0,0,0,0,0,0,0,0,0,110000,0,0,0,120000,10000,110000,110000
053177,華邦電統一96購01,0,0,0,0,0,0,0,0,0,110000,0,0,0,198000,88000,110000,110000
2428,興勤            ,275000,164000,111000,0,0,0,0,0,0,-1000,0,1000,-1000,0,0,0,110000
043954,京元電統一91購02,0,0,0,0,0,0,0,0,0,110000,0,0,0,120000,10000,110000,110000
045119,美律元大92購06  ,0,0,0,0,0,0,0,0,0,110000,0,0,0,110000,0,110000,110000
043819,元金2X群益91購01,0,0,0,0,0,0,0,0,0,110000,0,0,0,110000,0,110000,110000
045226,TPK元大93購02   ,0,0,0,0,0,0,0,0,0,110000,0,0,0,110000,0,110000,110000
041042,美律群益92購01  ,0,0,0,0,0,0,0,0,0,110000,0,0,0,110000,0,110000,110000
04041P,大立光統一94售03,0,0,0,0,0,0,0,0,0,110000,0,0,0,110000,0,110000,110000
045540,全新群益92購03  ,0,0,0,0,0,0,0,0,0,110000,0,0,0,128000,18000,110000,110000
045896,正文元大92購03  ,0,0,0,0,0,0,0,0,0,110000,0,0,0,134000,24000,110000,110000
048712,樺漢台新94購01  ,0,0,0,0,0,0,0,0,0,110000,0,0,0,133000,23000,110000,110000
046253,聯茂群益92購03  ,0,0,0,0,0,0,0,0,0,110000,0,0,0,110000,0,110000,110000
047870,嘉澤永豐93購02  ,0,0,0,0,0,0,0,0,0,110000,0,0,0,132000,22000,110000,110000
050203,美律群益94購04  ,0,0,0,0,0,0,0,0,0,110000,0,0,0,123000,13000,110000,110000
048939,華擎永豐94購01  ,0,0,0,0,0,0,0,0,0,110000,0,0,0,110000,0,110000,110000
049042,玉晶光兆豐95購01,0,0,0,0,0,0,0,0,0,110000,0,0,0,229000,119000,110000,110000
049115,創意統一94購03  ,0,0,0,0,0,0,0,0,0,110000,0,0,0,138000,28000,110000,110000
050273,GIS元大94購04   ,0,0,0,0,0,0,0,0,0,110000,0,0,0,112000,2000,110000,110000
050251,樺漢凱基94購02  ,0,0,0,0,0,0,0,0,0,110000,0,0,0,113000,3000,110000,110000
051087,國巨元大97購01  ,0,0,0,0,0,0,0,0,0,110000,0,0,0,110000,0,110000,110000
053994,微星群益96購01  ,0,0,0,0,0,0,0,0,0,110000,0,0,0,331000,221000,110000,110000
053778,旺宏元大97購03  ,0,0,0,0,0,0,0,0,0,110000,0,0,0,269000,159000,110000,110000
054035,聯詠麥證96購01  ,0,0,0,120000,10000,110000,0,0,0,110000,0,0,0,120000,10000,110000,110000
053608,彩晶第一96購01  ,0,0,0,0,0,0,0,0,0,110000,0,0,0,439000,329000,110000,110000
2406,國碩            ,165000,56000,109000,0,0,0,0,0,0,0,0,0,0,0,0,0,109000
052995,上銀康和96購01  ,0,0,0,0,0,0,0,0,0,109000,0,0,0,109000,0,109000,109000
052613,易華電元大96購01,0,0,0,0,0,0,0,0,0,109000,0,0,0,230000,121000,109000,109000
051758,瑞昱元大95購01  ,0,0,0,0,0,0,0,0,0,109000,0,0,0,418000,309000,109000,109000
051833,昇陽半元大96購01,0,0,0,0,0,0,0,0,0,109000,0,0,0,264000,155000,109000,109000
04315P,台光電國票93售04,0,0,0,0,0,0,0,0,0,109000,0,0,0,109000,0,109000,109000
03523P,南電元大02售09  ,0,0,0,0,0,0,0,0,0,109000,0,0,0,398000,289000,109000,109000
045752,全新國泰93購01  ,0,0,0,0,0,0,0,0,0,109000,0,0,0,126000,17000,109000,109000
045803,旺宏國票93購01  ,0,0,0,0,0,0,0,0,0,109000,0,0,0,227000,118000,109000,109000
049145,南亞科元大94購01,0,0,0,0,0,0,0,0,0,109000,0,0,0,243000,134000,109000,109000
053483,嘉澤第一96購01  ,0,0,0,0,0,0,0,0,0,109000,0,0,0,174000,65000,109000,109000
053847,美律元富96購02  ,0,0,0,0,0,0,0,0,0,109000,0,0,0,109000,0,109000,109000
052498,台積電永豐95購06,0,0,0,0,0,0,0,0,0,108000,0,0,0,1015000,907000,108000,108000
052444,友訊元大95購01  ,0,0,0,0,0,0,0,0,0,108000,0,0,0,161000,53000,108000,108000
053331,玉晶光永豐97購02,0,0,0,0,0,0,0,0,0,108000,0,0,0,173000,65000,108000,108000
00634R,富邦上証反1     ,51000,12000,39000,0,0,0,0,0,0,69000,0,0,0,159000,90000,69000,108000
044697,美律元大93購02  ,0,0,0,0,0,0,0,0,0,108000,0,0,0,148000,40000,108000,108000
045864,致伸統一93購01  ,0,0,0,0,0,0,0,0,0,108000,0,0,0,108000,0,108000,108000
048100,貿聯凱基93購02  ,0,0,0,0,0,0,0,0,0,108000,0,0,0,116000,8000,108000,108000
049181,正文凱基94購03  ,0,0,0,0,0,0,0,0,0,108000,0,0,0,108000,0,108000,108000
049779,創意統一95購01  ,0,0,0,0,0,0,0,0,0,108000,0,0,0,108000,0,108000,108000
049899,台積電元富94購05,0,0,0,0,0,0,0,0,0,108000,0,0,0,118000,10000,108000,108000
050915,健策中信98購01  ,0,0,0,0,0,0,0,0,0,108000,0,0,0,168000,60000,108000,108000
054062,TPK國票96購02   ,0,0,0,0,0,0,0,0,0,108000,0,0,0,128000,20000,108000,108000
054270,寶滬深中信98購01,0,0,0,0,0,0,0,0,0,108000,0,0,0,108000,0,108000,108000
05930P,景碩康和96售01  ,0,0,0,0,0,0,0,0,0,108000,0,0,0,108000,0,108000,108000
052822,泰碩永豐97購01  ,0,0,0,0,0,0,0,0,0,107000,0,0,0,107000,0,107000,107000
052783,台郡國票97購01  ,0,0,0,0,0,0,0,0,0,107000,0,0,0,217000,110000,107000,107000
044710,中磊元大93購01  ,0,0,0,0,0,0,0,0,0,107000,0,0,0,121000,14000,107000,107000
044863,矽創兆豐93購01  ,0,0,0,0,0,0,0,0,0,107000,0,0,0,117000,10000,107000,107000
044511,全新凱基92購01  ,0,0,0,0,0,0,0,0,0,107000,0,0,0,174000,67000,107000,107000
045899,臻鼎元大92購03  ,0,0,0,0,0,0,0,0,0,107000,0,0,0,117000,10000,107000,107000
054492,嘉聯益台新96購01,0,0,0,0,0,0,0,0,0,107000,0,0,0,133000,26000,107000,107000
054278,晶技群益97購02  ,0,0,0,0,0,0,0,0,0,107000,0,0,0,117000,10000,107000,107000
054295,世芯元大96購03  ,0,0,0,0,0,0,0,0,0,107000,0,0,0,149000,42000,107000,107000
054180,亞泥康和96購01  ,0,0,0,0,0,0,0,0,0,107000,0,0,0,107000,0,107000,107000
053761,健策國泰98購01  ,0,0,0,0,0,0,0,0,0,107000,0,0,0,586000,479000,107000,107000
9907,統一實          ,175000,64000,111000,0,0,0,0,0,0,-4000,0,4000,-4000,0,0,0,107000
1442,名軒            ,138000,32000,106000,0,0,0,0,0,0,0,0,0,0,0,0,0,106000
052693,微星中信96購01  ,0,0,0,0,0,0,0,0,0,106000,0,0,0,123000,17000,106000,106000
046243,麗豐中信92購01  ,0,0,0,0,0,0,0,0,0,106000,0,0,0,106000,0,106000,106000
046945,大毅元大93購01  ,0,0,0,0,0,0,0,0,0,106000,0,0,0,106000,0,106000,106000
051442,正崴元大95購02  ,0,0,0,0,0,0,0,0,0,106000,0,0,0,177000,71000,106000,106000
049810,欣興元大95購03  ,0,0,0,0,0,0,0,0,0,106000,0,0,0,110000,4000,106000,106000
054503,京鼎永豐96購04  ,0,0,0,0,0,0,0,0,0,106000,0,0,0,106000,0,106000,106000
052710,玉晶光日盛96購01,0,0,0,0,0,0,0,0,0,105000,0,0,0,105000,0,105000,105000
051723,嘉澤永豐95購01  ,0,0,0,0,0,0,0,0,0,105000,0,0,0,127000,22000,105000,105000
044543,揚明光群益92購01,0,0,0,0,0,0,0,0,0,105000,0,0,0,105000,0,105000,105000
044173,矽創元大92購02  ,0,0,0,0,0,0,0,0,0,105000,0,0,0,105000,0,105000,105000
04062P,可成兆豐93售04  ,0,0,0,0,0,0,0,0,0,105000,0,0,0,320000,215000,105000,105000
044347,上証2X元大94購01,0,0,0,0,0,0,0,0,0,105000,0,0,0,270000,165000,105000,105000
046180,裕隆凱基93購01  ,0,0,0,0,0,0,0,0,0,105000,0,0,0,180000,75000,105000,105000
046306,瑞昱元大92購02  ,0,0,0,0,0,0,0,0,0,105000,0,0,0,106000,1000,105000,105000
046575,GIS國泰93購01   ,0,0,0,0,0,0,0,0,0,105000,0,0,0,105000,0,105000,105000
045699,GIS兆豐92購02   ,0,0,0,0,0,0,0,0,0,105000,0,0,0,105000,0,105000,105000
052877,矽創凱基96購01  ,0,0,0,0,0,0,0,0,0,105000,0,0,0,105000,0,105000,105000
046032,全新元大92購04  ,0,0,0,0,0,0,0,0,0,105000,0,0,0,115000,10000,105000,105000
048547,訊芯永豐93購03  ,0,0,0,0,0,0,0,0,0,105000,0,0,0,216000,111000,105000,105000
047242,上銀群益93購04  ,0,0,0,0,0,0,0,0,0,105000,0,0,0,105000,0,105000,105000
049623,創意群益94購01  ,0,0,0,0,0,0,0,0,0,105000,0,0,0,110000,5000,105000,105000
050954,樺漢群益95購01  ,0,0,0,0,0,0,0,0,0,105000,0,0,0,147000,42000,105000,105000
050337,南電國泰95購01  ,0,0,0,0,0,0,0,0,0,105000,0,0,0,213000,108000,105000,105000
6456,GIS-KY          ,810000,479000,331000,0,0,0,0,0,0,-226000,0,57000,-57000,16000,185000,-169000,105000
053505,瑞儀兆豐97購01  ,0,0,0,0,0,0,0,0,0,105000,0,0,0,105000,0,105000,105000
053469,光磊元大97購01  ,0,0,0,0,0,0,0,0,0,105000,0,0,0,169000,64000,105000,105000
053581,台積電元大96購14,0,0,0,0,0,0,0,0,0,105000,0,0,0,249000,144000,105000,105000
052746,泰碩元大97購01  ,0,0,0,0,0,0,0,0,0,104000,0,0,0,134000,30000,104000,104000
048352,嘉澤台新93購01  ,0,0,0,0,0,0,0,0,0,104000,0,0,0,104000,0,104000,104000
047939,亞德客國票93購02,0,0,0,0,0,0,0,0,0,104000,0,0,0,116000,12000,104000,104000
051208,GIS麥證95購01   ,0,0,0,115000,11000,104000,0,0,0,104000,0,0,0,115000,11000,104000,104000
048994,南電元大94購03  ,0,0,0,0,0,0,0,0,0,104000,0,0,0,129000,25000,104000,104000
052829,上銀群益96購01  ,0,0,0,0,0,0,0,0,0,103000,0,0,0,117000,14000,103000,103000
2426,鼎元            ,383000,277000,106000,0,0,0,0,0,0,-3000,0,3000,-3000,0,0,0,103000
051668,智邦元大95購02  ,0,0,0,0,0,0,0,0,0,103000,0,0,0,342000,239000,103000,103000
052305,GIS永豐95購03   ,0,0,0,0,0,0,0,0,0,103000,0,0,0,201000,98000,103000,103000
044934,玉晶光元大93購01,0,0,0,0,0,0,0,0,0,103000,0,0,0,149000,46000,103000,103000
045383,大毅元大92購01  ,0,0,0,0,0,0,0,0,0,103000,0,0,0,123000,20000,103000,103000
044883,玉晶光群益93購01,0,0,0,0,0,0,0,0,0,103000,0,0,0,105000,2000,103000,103000
043346,TPK富邦93購01   ,0,0,0,0,0,0,0,0,0,103000,0,0,0,103000,0,103000,103000
047202,欣興元富96購01  ,0,0,0,0,0,0,0,0,0,103000,0,0,0,214000,111000,103000,103000
048782,亞泥元大94購01  ,0,0,0,0,0,0,0,0,0,103000,0,0,0,125000,22000,103000,103000
048967,凌陽元大95購01  ,0,0,0,0,0,0,0,0,0,103000,0,0,0,103000,0,103000,103000
051075,智邦國泰97購01  ,0,0,0,0,0,0,0,0,0,103000,0,0,0,460000,357000,103000,103000
6139,亞翔            ,159000,54000,105000,0,0,0,0,0,0,-2000,0,2000,-2000,0,0,0,103000
052008,創意第一95購01  ,0,0,0,0,0,0,0,0,0,102000,0,0,0,102000,0,102000,102000
2015,豐興            ,121000,14000,107000,0,0,0,0,0,0,-5000,0,5000,-5000,0,0,0,102000
1314,中石化          ,6943000,7026000,-83000,0,0,0,0,0,0,185000,2000,3000,-1000,192000,6000,186000,102000
03880P,華新科永豐93售01,0,0,0,0,0,0,0,0,0,102000,0,0,0,105000,3000,102000,102000
048328,滬深2X永昌94購01,0,0,0,0,0,0,0,0,0,102000,0,0,0,139000,37000,102000,102000
052928,美律元大98購01  ,0,0,0,0,0,0,0,0,0,102000,0,0,0,165000,63000,102000,102000
045817,滬深2X凱基95購02,0,0,0,0,0,0,0,0,0,102000,0,0,0,219000,117000,102000,102000
051052,台積電群益95購01,0,0,0,0,0,0,0,0,0,102000,0,0,0,384000,282000,102000,102000
050728,新日興國票94購01,0,0,0,0,0,0,0,0,0,102000,0,0,0,476000,374000,102000,102000
050678,美律統一94購04  ,0,0,0,0,0,0,0,0,0,102000,0,0,0,190000,88000,102000,102000
050194,臻鼎元大94購03  ,0,0,0,0,0,0,0,0,0,102000,0,0,0,102000,0,102000,102000
053780,南亞科元大96購03,0,0,0,0,0,0,0,0,0,102000,0,0,0,141000,39000,102000,102000
053867,創意元大96購04  ,0,0,0,0,0,0,0,0,0,102000,0,0,0,235000,133000,102000,102000
054261,智伸科元大96購03,0,0,0,0,0,0,0,0,0,102000,0,0,0,166000,64000,102000,102000
054084,旺宏統一97購05  ,0,0,0,0,0,0,0,0,0,102000,0,0,0,102000,0,102000,102000
051674,臻鼎元大95購02  ,0,0,0,0,0,0,0,0,0,101000,0,0,0,367000,266000,101000,101000
044711,台郡元大93購01  ,0,0,0,0,0,0,0,0,0,101000,0,0,0,117000,16000,101000,101000
043523,奇鋐元大93購01  ,0,0,0,0,0,0,0,0,0,101000,0,0,0,151000,50000,101000,101000
047818,台郡凱基93購04  ,0,0,0,0,0,0,0,0,0,101000,0,0,0,144000,43000,101000,101000
049704,羅麗芬元大95購01,0,0,0,0,0,0,0,0,0,101000,0,0,0,101000,0,101000,101000
049689,正崴元大94購02  ,0,0,0,0,0,0,0,0,0,101000,0,0,0,292000,191000,101000,101000
049622,聯詠群益94購02  ,0,0,0,0,0,0,0,0,0,101000,0,0,0,121000,20000,101000,101000
049843,康友中信95購01  ,0,0,0,0,0,0,0,0,0,101000,0,0,0,256000,155000,101000,101000
050754,元金2X元富9B購01,0,0,0,0,0,0,0,0,0,101000,0,0,0,570000,469000,101000,101000
050374,上緯控元大95購01,0,0,0,0,0,0,0,0,0,101000,0,0,0,105000,4000,101000,101000
050460,GIS元大95購03   ,0,0,0,0,0,0,0,0,0,101000,0,0,0,243000,142000,101000,101000
051089,旺宏元大96購04  ,0,0,0,0,0,0,0,0,0,101000,0,0,0,415000,314000,101000,101000
051675,瑞儀元大96購02  ,0,0,0,0,0,0,0,0,0,100000,0,0,0,116000,16000,100000,100000
051640,GIS國票96購03   ,0,0,0,0,0,0,0,0,0,100000,0,0,0,100000,0,100000,100000
051773,元大金中信95購02,0,0,0,0,0,0,0,0,0,100000,0,0,0,100000,0,100000,100000
052046,漢唐凱基96購01  ,0,0,0,0,0,0,0,0,0,100000,0,0,0,100000,0,100000,100000
052147,上緯控群益95購01,0,0,0,0,0,0,0,0,0,100000,0,0,0,100000,0,100000,100000
052425,華通台新95購02  ,0,0,0,0,0,0,0,0,0,100000,0,0,0,100000,0,100000,100000
044439,南電元大93購01  ,0,0,0,0,0,0,0,0,0,100000,0,0,0,135000,35000,100000,100000
045389,TPK元大93購03   ,0,0,0,0,0,0,0,0,0,100000,0,0,0,100000,0,100000,100000
043885,瑞儀元大91購02  ,0,0,0,0,0,0,0,0,0,100000,0,0,0,100000,0,100000,100000
043863,上銀元大91購05  ,0,0,0,0,0,0,0,0,0,100000,0,0,0,100000,0,100000,100000
044054,台積電元大92購08,0,0,0,0,0,0,0,0,0,100000,0,0,0,100000,0,100000,100000
048336,光磊元大93購02  ,0,0,0,0,0,0,0,0,0,100000,0,0,0,148000,48000,100000,100000
048345,緯創元大94購01  ,0,0,0,0,0,0,0,0,0,100000,0,0,0,100000,0,100000,100000
048202,瑞儀元大93購04  ,0,0,0,0,0,0,0,0,0,100000,0,0,0,100000,0,100000,100000
048447,美律凱基93購06  ,0,0,0,0,0,0,0,0,0,100000,0,0,0,100000,0,100000,100000
043759,貿聯元大91購03  ,0,0,0,0,0,0,0,0,0,100000,0,0,0,300000,200000,100000,100000
044767,世紀鋼凱基93購06,0,0,0,0,0,0,0,0,0,100000,0,0,0,100000,0,100000,100000
042767,世紀鋼元大92購01,0,0,0,0,0,0,0,0,0,100000,0,0,0,100000,0,100000,100000
03516P,臺股指國票02售05,0,0,0,0,0,0,0,0,0,100000,0,0,0,100000,0,100000,100000
03808P,旺宏國泰94售02  ,0,0,0,0,0,0,0,0,0,100000,0,0,0,200000,100000,100000,100000
040508,上証2X國泰93購01,0,0,0,0,0,0,0,0,0,100000,0,0,0,100000,0,100000,100000
044340,TPK統一93購01   ,0,0,0,0,0,0,0,0,0,100000,0,0,0,100000,0,100000,100000
044357,貿聯元大92購02  ,0,0,0,0,0,0,0,0,0,100000,0,0,0,100000,0,100000,100000
045315,矽創國票92購01  ,0,0,0,0,0,0,0,0,0,100000,0,0,0,300000,200000,100000,100000
042538,新光金國泰92購01,0,0,0,0,0,0,0,0,0,100000,0,0,0,104000,4000,100000,100000
04235P,鴻海群益93售08  ,0,0,0,0,0,0,0,0,0,100000,0,0,0,100000,0,100000,100000
042427,易華電元大91購01,0,0,0,0,0,0,0,0,0,100000,0,0,0,100000,0,100000,100000
047757,達運元富93購01  ,0,0,0,0,0,0,0,0,0,100000,0,0,0,118000,18000,100000,100000
046117,強茂元大92購03  ,0,0,0,0,0,0,0,0,0,100000,0,0,0,100000,0,100000,100000
046127,臻鼎元大92購07  ,0,0,0,0,0,0,0,0,0,100000,0,0,0,100000,0,100000,100000
046092,智伸科兆豐92購01,0,0,0,0,0,0,0,0,0,100000,0,0,0,100000,0,100000,100000
045822,TPK凱基93購03   ,0,0,0,0,0,0,0,0,0,100000,0,0,0,120000,20000,100000,100000
047397,啟碁元大93購05  ,0,0,0,0,0,0,0,0,0,100000,0,0,0,100000,0,100000,100000
045894,智伸科元大92購01,0,0,0,0,0,0,0,0,0,100000,0,0,0,100000,0,100000,100000
045877,友達元富95購01  ,0,0,0,0,0,0,0,0,0,100000,0,0,0,100000,0,100000,100000
045958,技嘉凱基93購04  ,0,0,0,0,0,0,0,0,0,100000,0,0,0,100000,0,100000,100000
049060,易華電永豐94購02,0,0,0,0,0,0,0,0,0,100000,0,0,0,100000,0,100000,100000
048643,強茂元大94購01  ,0,0,0,0,0,0,0,0,0,100000,0,0,0,110000,10000,100000,100000
048646,上緯控元大93購01,0,0,0,0,0,0,0,0,0,100000,0,0,0,100000,0,100000,100000
046451,中環凱基93購02  ,0,0,0,0,0,0,0,0,0,100000,0,0,0,100000,0,100000,100000
046446,技嘉麥證92購01  ,0,0,0,100000,0,100000,0,0,0,100000,0,0,0,100000,0,100000,100000
046430,奇鋐國票92購02  ,0,0,0,0,0,0,0,0,0,100000,0,0,0,100000,0,100000,100000
045542,鎧勝群益93購01  ,0,0,0,0,0,0,0,0,0,100000,0,0,0,100000,0,100000,100000
048006,瑞儀元大93購03  ,0,0,0,0,0,0,0,0,0,100000,0,0,0,105000,5000,100000,100000
045531,台郡永豐92購01  ,0,0,0,0,0,0,0,0,0,100000,0,0,0,221000,121000,100000,100000
047951,元油反永豐94購01,0,0,0,0,0,0,0,0,0,100000,0,0,0,200000,100000,100000,100000
047500,裕隆永豐93購01  ,0,0,0,0,0,0,0,0,0,100000,0,0,0,100000,0,100000,100000
048069,南亞科元富95購02,0,0,0,0,0,0,0,0,0,100000,0,0,0,100000,0,100000,100000
047327,中磊元大93購04  ,0,0,0,0,0,0,0,0,0,100000,0,0,0,104000,4000,100000,100000
051043,瀚宇博永豐95購01,0,0,0,0,0,0,0,0,0,100000,0,0,0,110000,10000,100000,100000
05127P,鴻海亞東96售01  ,0,0,0,0,0,0,0,0,0,100000,0,0,0,100000,0,100000,100000
050498,為升凱基94購07  ,0,0,0,0,0,0,0,0,0,100000,0,0,0,100000,0,100000,100000
050271,上緯控元大96購01,0,0,0,0,0,0,0,0,0,100000,0,0,0,100000,0,100000,100000
049838,友達亞東94購01  ,0,0,0,0,0,0,0,0,0,100000,0,0,0,100000,0,100000,100000
050113,欣興元大95購05  ,0,0,0,0,0,0,0,0,0,100000,0,0,0,100000,0,100000,100000
049932,GIS元大94購03   ,0,0,0,0,0,0,0,0,0,100000,0,0,0,100000,0,100000,100000
048984,上緯控元大94購01,0,0,0,0,0,0,0,0,0,100000,0,0,0,100000,0,100000,100000
049362,國巨元大94購04  ,0,0,0,0,0,0,0,0,0,100000,0,0,0,100000,0,100000,100000
049405,羅麗芬群益94購02,0,0,0,0,0,0,0,0,0,100000,0,0,0,100000,0,100000,100000
08612P,嘉晶凱基9C售03  ,0,0,0,0,0,0,0,0,0,100000,0,0,0,100000,0,100000,100000
051624,智邦麥證95購02  ,0,0,0,104000,5000,99000,0,0,0,99000,0,0,0,104000,5000,99000,99000
040762,滬深2X凱基92購01,0,0,0,0,0,0,0,0,0,99000,0,0,0,110000,11000,99000,99000
036053,道瓊反中信92購01,0,0,0,0,0,0,0,0,0,99000,0,0,0,99000,0,99000,99000
043764,康友元大92購03  ,0,0,0,0,0,0,0,0,0,99000,0,0,0,121000,22000,99000,99000
043765,GIS元大93購04   ,0,0,0,0,0,0,0,0,0,99000,0,0,0,226000,127000,99000,99000
048219,為升凱基93購06  ,0,0,0,0,0,0,0,0,0,99000,0,0,0,99000,0,99000,99000
044184,南亞科國泰93購01,0,0,0,0,0,0,0,0,0,99000,0,0,0,99000,0,99000,99000
045593,GIS元大92購04   ,0,0,0,0,0,0,0,0,0,99000,0,0,0,99000,0,99000,99000
046079,瑞儀凱基92購03  ,0,0,0,0,0,0,0,0,0,99000,0,0,0,99000,0,99000,99000
046838,勤誠群益93購01  ,0,0,0,0,0,0,0,0,0,99000,0,0,0,229000,130000,99000,99000
047787,正崴群益93購01  ,0,0,0,0,0,0,0,0,0,99000,0,0,0,146000,47000,99000,99000
049538,元油2X群益98購01,0,0,0,0,0,0,0,0,0,99000,0,0,0,100000,1000,99000,99000
048997,智原國票95購01  ,0,0,0,0,0,0,0,0,0,99000,0,0,0,99000,0,99000,99000
049316,茂林凱基94購02  ,0,0,0,0,0,0,0,0,0,99000,0,0,0,119000,20000,99000,99000
050110,京元電元大94購03,0,0,0,0,0,0,0,0,0,99000,0,0,0,124000,25000,99000,99000
050101,台積電永昌96購03,0,0,0,0,0,0,0,0,0,99000,0,0,0,101000,2000,99000,99000
05062P,大立光富邦98售03,0,0,0,0,0,0,0,0,0,99000,0,0,0,419000,320000,99000,99000
054238,聯茂群益96購04  ,0,0,0,0,0,0,0,0,0,99000,0,0,0,165000,66000,99000,99000
053965,聯電元大98購04  ,0,0,0,0,0,0,0,0,0,99000,0,0,0,169000,70000,99000,99000
053493,智邦兆豐97購02  ,0,0,0,0,0,0,0,0,0,99000,0,0,0,109000,10000,99000,99000
051819,燿華統一96購01  ,0,0,0,0,0,0,0,0,0,98000,0,0,0,98000,0,98000,98000
052517,滬深2X元大95購05,0,0,0,0,0,0,0,0,0,98000,0,0,0,98000,0,98000,98000
052329,台積電亞東96購01,0,0,0,0,0,0,0,0,0,98000,0,0,0,110000,12000,98000,98000
048335,和大元大93購03  ,0,0,0,0,0,0,0,0,0,98000,0,0,0,119000,21000,98000,98000
047809,瑞昱凱基93購08  ,0,0,0,0,0,0,0,0,0,98000,0,0,0,138000,40000,98000,98000
047752,健鼎元富93購01  ,0,0,0,0,0,0,0,0,0,98000,0,0,0,114000,16000,98000,98000
047841,致伸元大94購01  ,0,0,0,0,0,0,0,0,0,98000,0,0,0,101000,3000,98000,98000
049741,創意群益94購02  ,0,0,0,0,0,0,0,0,0,98000,0,0,0,103000,5000,98000,98000
049364,燿華元大94購02  ,0,0,0,0,0,0,0,0,0,98000,0,0,0,140000,42000,98000,98000
6415,矽力-KY         ,236000,170316,65684,0,0,0,104000,46000,58000,-26000,6000,13000,-7000,1000,20000,-19000,97684
1905,華紙            ,227000,127788,99212,0,0,0,0,0,0,-2000,0,2000,-2000,0,0,0,97212
052992,冠德台新96購01  ,0,0,0,0,0,0,0,0,0,97000,0,0,0,137000,40000,97000,97000
052468,超眾統一96購02  ,0,0,0,0,0,0,0,0,0,97000,0,0,0,204000,107000,97000,97000
051969,世紀鋼永豐95購01,0,0,0,0,0,0,0,0,0,97000,0,0,0,127000,30000,97000,97000
051774,聯茂中信96購01  ,0,0,0,0,0,0,0,0,0,97000,0,0,0,261000,164000,97000,97000
046103,麗豐永豐92購01  ,0,0,0,0,0,0,0,0,0,97000,0,0,0,172000,75000,97000,97000
048179,臻鼎富邦97購01  ,0,0,0,0,0,0,0,0,0,97000,0,0,0,103000,6000,97000,97000
044688,傳奇凱基93購01  ,0,0,0,0,0,0,0,0,0,97000,0,0,0,97000,0,97000,97000
044353,宏達電元大93購04,0,0,0,0,0,0,0,0,0,97000,0,0,0,101000,4000,97000,97000
046859,智伸科元大93購03,0,0,0,0,0,0,0,0,0,97000,0,0,0,100000,3000,97000,97000
046217,康友富邦94購01  ,0,0,0,0,0,0,0,0,0,97000,0,0,0,236000,139000,97000,97000
048595,儒鴻國票96購01  ,0,0,0,0,0,0,0,0,0,97000,0,0,0,132000,35000,97000,97000
052879,滬深2X凱基97購02,0,0,0,0,0,0,0,0,0,97000,0,0,0,100000,3000,97000,97000
050111,全新元大95購02  ,0,0,0,0,0,0,0,0,0,97000,0,0,0,436000,339000,97000,97000
049958,華新科統一94購08,0,0,0,0,0,0,0,0,0,97000,0,0,0,97000,0,97000,97000
051049,亞德客群益95購01,0,0,0,0,0,0,0,0,0,97000,0,0,0,237000,140000,97000,97000
053690,南亞科元大96購02,0,0,0,0,0,0,0,0,0,97000,0,0,0,123000,26000,97000,97000
051995,矽力元大95購03  ,0,0,0,0,0,0,0,0,0,96000,0,0,0,125000,29000,96000,96000
043775,友達兆豐92購01  ,0,0,0,0,0,0,0,0,0,96000,0,0,0,107000,11000,96000,96000
048881,美律統一94購02  ,0,0,0,0,0,0,0,0,0,96000,0,0,0,148000,52000,96000,96000
046248,技嘉群益93購02  ,0,0,0,0,0,0,0,0,0,96000,0,0,0,96000,0,96000,96000
050897,嘉晶元大95購03  ,0,0,0,0,0,0,0,0,0,96000,0,0,0,140000,44000,96000,96000
050883,嘉聯益國泰96購01,0,0,0,0,0,0,0,0,0,96000,0,0,0,173000,77000,96000,96000
049660,奇鋐台新94購01  ,0,0,0,0,0,0,0,0,0,96000,0,0,0,96000,0,96000,96000
048854,凌陽群益94購02  ,0,0,0,0,0,0,0,0,0,96000,0,0,0,96000,0,96000,96000
054190,矽創永豐96購01  ,0,0,0,0,0,0,0,0,0,96000,0,0,0,96000,0,96000,96000
054339,聯詠統一96購02  ,0,0,0,0,0,0,0,0,0,96000,0,0,0,431000,335000,96000,96000
051467,GIS富邦96購01   ,0,0,0,0,0,0,0,0,0,95000,0,0,0,106000,11000,95000,95000
052197,台郡元富95購03  ,0,0,0,0,0,0,0,0,0,95000,0,0,0,219000,124000,95000,95000
053082,聯電元大98購03  ,0,0,0,0,0,0,0,0,0,95000,0,0,0,110000,15000,95000,95000
2481,強茂            ,456000,693000,-237000,0,0,0,0,0,0,332000,306000,3000,303000,108000,79000,29000,95000
03281P,台積電凱基04售01,0,0,0,0,0,0,0,0,0,95000,0,0,0,95000,0,95000,95000
047685,嘉聯益國泰95購01,0,0,0,0,0,0,0,0,0,95000,0,0,0,169000,74000,95000,95000
04786P,鴻海永昌96售01  ,0,0,0,0,0,0,0,0,0,95000,0,0,0,100000,5000,95000,95000
047381,台化元大93購01  ,0,0,0,0,0,0,0,0,0,95000,0,0,0,95000,0,95000,95000
048090,正崴凱基93購03  ,0,0,0,0,0,0,0,0,0,95000,0,0,0,107000,12000,95000,95000
04752P,大立光群益94售07,0,0,0,0,0,0,0,0,0,95000,0,0,0,100000,5000,95000,95000
050923,南亞科凱基95購03,0,0,0,0,0,0,0,0,0,95000,0,0,0,248000,153000,95000,95000
05624P,同欣電中信98售01,0,0,0,0,0,0,0,0,0,95000,0,0,0,95000,0,95000,95000
053489,上銀兆豐97購01  ,0,0,0,0,0,0,0,0,0,95000,0,0,0,95000,0,95000,95000
5533,皇鼎            ,102000,5034,96966,0,0,0,0,0,0,-2000,0,2000,-2000,0,0,0,94966
2369,菱生            ,551000,451000,100000,0,0,0,0,0,0,-6000,0,6000,-6000,0,0,0,94000
053404,致新群益96購01  ,0,0,0,0,0,0,0,0,0,94000,0,0,0,143000,49000,94000,94000
051637,嘉聯益國票96購01,0,0,0,0,0,0,0,0,0,94000,0,0,0,114000,20000,94000,94000
043023,康普元大94購01  ,0,0,0,0,0,0,0,0,0,94000,0,0,0,94000,0,94000,94000
047624,台達電國票93購01,0,0,0,0,0,0,0,0,0,94000,0,0,0,327000,233000,94000,94000
048039,矽創凱基93購03  ,0,0,0,0,0,0,0,0,0,94000,0,0,0,94000,0,94000,94000
046237,南電元大92購02  ,0,0,0,0,0,0,0,0,0,94000,0,0,0,94000,0,94000,94000
05040P,聯發科凱基95售05,0,0,0,0,0,0,0,0,0,94000,0,0,0,104000,10000,94000,94000
049101,聯詠國泰95購01  ,0,0,0,0,0,0,0,0,0,94000,0,0,0,110000,16000,94000,94000
049725,台郡國票94購03  ,0,0,0,0,0,0,0,0,0,94000,0,0,0,116000,22000,94000,94000
05375P,健策國票96售02  ,0,0,0,0,0,0,0,0,0,94000,0,0,0,359000,265000,94000,94000
053793,致伸兆豐96購01  ,0,0,0,0,0,0,0,0,0,94000,0,0,0,94000,0,94000,94000
052066,華邦電兆豐96購01,0,0,0,0,0,0,0,0,0,93000,0,0,0,93000,0,93000,93000
053011,鴻海統一98購01  ,0,0,0,0,0,0,0,0,0,93000,0,0,0,180000,87000,93000,93000
052774,京元電亞東96購01,0,0,0,0,0,0,0,0,0,93000,0,0,0,93000,0,93000,93000
046336,致新元大92購02  ,0,0,0,0,0,0,0,0,0,93000,0,0,0,94000,1000,93000,93000
048941,牧德永豐94購02  ,0,0,0,0,0,0,0,0,0,93000,0,0,0,413000,320000,93000,93000
049459,全新元富95購02  ,0,0,0,0,0,0,0,0,0,93000,0,0,0,145000,52000,93000,93000
050785,全新國泰96購01  ,0,0,0,0,0,0,0,0,0,93000,0,0,0,234000,141000,93000,93000
050918,南亞科日盛95購01,0,0,0,0,0,0,0,0,0,93000,0,0,0,140000,47000,93000,93000
051017,聯發科凱基95購04,0,0,0,0,0,0,0,0,0,93000,0,0,0,247000,154000,93000,93000
053750,致伸永豐96購02  ,0,0,0,0,0,0,0,0,0,93000,0,0,0,137000,44000,93000,93000
053335,易華電永豐96購01,0,0,0,0,0,0,0,0,0,92000,0,0,0,112000,20000,92000,92000
1711,永光            ,107000,15000,92000,0,0,0,0,0,0,0,0,0,0,0,0,0,92000
051708,創意群益95購02  ,0,0,0,0,0,0,0,0,0,92000,0,0,0,98000,6000,92000,92000
052619,茂林國泰99購01  ,0,0,0,0,0,0,0,0,0,92000,0,0,0,167000,75000,92000,92000
052635,奇力新凱基98購01,0,0,0,0,0,0,0,0,0,92000,0,0,0,276000,184000,92000,92000
00852L,國泰美國道瓊正2 ,0,42000,-42000,0,0,0,0,0,0,134000,0,0,0,286000,152000,134000,92000
046856,健鼎元大93購01  ,0,0,0,0,0,0,0,0,0,92000,0,0,0,92000,0,92000,92000
046606,世紀鋼群益93購01,0,0,0,0,0,0,0,0,0,92000,0,0,0,92000,0,92000,92000
045558,冠德國票92購01  ,0,0,0,0,0,0,0,0,0,92000,0,0,0,200000,108000,92000,92000
048890,傳奇元富97購01  ,0,0,0,0,0,0,0,0,0,92000,0,0,0,92000,0,92000,92000
051033,台積電兆豐95購03,0,0,0,0,0,0,0,0,0,92000,0,0,0,499000,407000,92000,92000
050792,可成富邦96購01  ,0,0,0,0,0,0,0,0,0,92000,0,0,0,234000,142000,92000,92000
049005,可成中信95購01  ,0,0,0,0,0,0,0,0,0,92000,0,0,0,140000,48000,92000,92000
050052,致伸群益94購04  ,0,0,0,0,0,0,0,0,0,92000,0,0,0,102000,10000,92000,92000
053734,友達中信98購02  ,0,0,0,0,0,0,0,0,0,92000,0,0,0,92000,0,92000,92000
6196,帆宣            ,368000,351000,17000,0,0,0,0,4000,-4000,79000,121000,42000,79000,0,0,0,92000
051470,玉晶光日盛95購01,0,0,0,0,0,0,0,0,0,91000,0,0,0,144000,53000,91000,91000
2206,三陽工業        ,182000,86000,96000,0,0,0,0,0,0,-5000,0,5000,-5000,0,0,0,91000
044853,亞光國泰93購01  ,0,0,0,0,0,0,0,0,0,91000,0,0,0,206000,115000,91000,91000
046506,全新元大92購05  ,0,0,0,0,0,0,0,0,0,91000,0,0,0,102000,11000,91000,91000
047457,旺宏群益95購01  ,0,0,0,0,0,0,0,0,0,91000,0,0,0,91000,0,91000,91000
053526,正崴中信96購01  ,0,0,0,0,0,0,0,0,0,91000,0,0,0,116000,25000,91000,91000
053991,鴻海群益96購05  ,0,0,0,0,0,0,0,0,0,91000,0,0,0,105000,14000,91000,91000
054116,順德康和96購01  ,0,0,0,0,0,0,0,0,0,91000,0,0,0,101000,10000,91000,91000
05679P,台表科群益96售05,0,0,0,0,0,0,0,0,0,91000,0,0,0,101000,10000,91000,91000
1722,台肥            ,422000,284000,138000,0,0,0,0,0,0,-48000,0,90000,-90000,112000,70000,42000,90000
052659,上証2X國票99購01,0,0,0,0,0,0,0,0,0,90000,0,0,0,90000,0,90000,90000
044043,旺宏中信91購02  ,0,0,0,0,0,0,0,0,0,90000,0,0,0,95000,5000,90000,90000
044186,宏達電國泰92購01,0,0,0,0,0,0,0,0,0,90000,0,0,0,140000,50000,90000,90000
04824P,亞泥中信94售02  ,0,0,0,0,0,0,0,0,0,90000,0,0,0,100000,10000,90000,90000
048250,矽創兆豐93購02  ,0,0,0,0,0,0,0,0,0,90000,0,0,0,90000,0,90000,90000
045282,元油2X永豐92購01,0,0,0,0,0,0,0,0,0,90000,0,0,0,100000,10000,90000,90000
044328,智原元富91購01  ,0,0,0,0,0,0,0,0,0,90000,0,0,0,90000,0,90000,90000
046695,瑞昱凱基93購03  ,0,0,0,0,0,0,0,0,0,90000,0,0,0,119000,29000,90000,90000
046943,聯發科元大93購06,0,0,0,0,0,0,0,0,0,90000,0,0,0,96000,6000,90000,90000
047277,晶技永豐93購01  ,0,0,0,0,0,0,0,0,0,90000,0,0,0,160000,70000,90000,90000
045585,欣興元大93購03  ,0,0,0,0,0,0,0,0,0,90000,0,0,0,179000,89000,90000,90000
046424,正文元大92購04  ,0,0,0,0,0,0,0,0,0,90000,0,0,0,90000,0,90000,90000
047603,瑞昱國泰94購01  ,0,0,0,0,0,0,0,0,0,90000,0,0,0,90000,0,90000,90000
050053,訊芯群益94購03  ,0,0,0,0,0,0,0,0,0,90000,0,0,0,120000,30000,90000,90000
049584,台積電元大96購04,0,0,0,0,0,0,0,0,0,90000,0,0,0,149000,59000,90000,90000
049733,旺宏群益94購03  ,0,0,0,0,0,0,0,0,0,90000,0,0,0,201000,111000,90000,90000
049448,光磊統一94購01  ,0,0,0,0,0,0,0,0,0,90000,0,0,0,90000,0,90000,90000
051439,川湖元大95購01  ,0,0,0,0,0,0,0,0,0,90000,0,0,0,104000,14000,90000,90000
053904,漢唐凱基97購01  ,0,0,0,0,0,0,0,0,0,90000,0,0,0,90000,0,90000,90000
053731,矽創凱基96購03  ,0,0,0,0,0,0,0,0,0,90000,0,0,0,100000,10000,90000,90000
052393,康友群益95購05  ,0,0,0,0,0,0,0,0,0,89000,0,0,0,158000,69000,89000,89000
051704,智邦群益95購02  ,0,0,0,0,0,0,0,0,0,89000,0,0,0,89000,0,89000,89000
052051,京鼎凱基95購01  ,0,0,0,0,0,0,0,0,0,89000,0,0,0,102000,13000,89000,89000
2105,正新            ,740000,652000,88000,0,0,0,5000,0,5000,-4000,0,4000,-4000,0,0,0,89000
053421,南亞科永豐96購01,0,0,0,0,0,0,0,0,0,89000,0,0,0,89000,0,89000,89000
05312P,臺股指群益95售11,0,0,0,0,0,0,0,0,0,89000,0,0,0,115000,26000,89000,89000
041978,貿聯中信93購01  ,0,0,0,0,0,0,0,0,0,89000,0,0,0,129000,40000,89000,89000
047492,儒鴻元富93購01  ,0,0,0,0,0,0,0,0,0,89000,0,0,0,98000,9000,89000,89000
045690,啟碁元大92購01  ,0,0,0,0,0,0,0,0,0,89000,0,0,0,105000,16000,89000,89000
051153,鴻海國泰97購02  ,0,0,0,0,0,0,0,0,0,89000,0,0,0,268000,179000,89000,89000
050752,美律統一94購05  ,0,0,0,0,0,0,0,0,0,89000,0,0,0,181000,92000,89000,89000
050305,正崴中信95購01  ,0,0,0,0,0,0,0,0,0,89000,0,0,0,133000,44000,89000,89000
050368,國巨元大94購14  ,0,0,0,0,0,0,0,0,0,89000,0,0,0,138000,49000,89000,89000
053048,同欣電麥證96購01,0,0,0,88000,0,88000,0,0,0,88000,0,0,0,88000,0,88000,88000
053415,聯茂國票97購01  ,0,0,0,0,0,0,0,0,0,88000,0,0,0,257000,169000,88000,88000
051595,康控元大95購04  ,0,0,0,0,0,0,0,0,0,88000,0,0,0,100000,12000,88000,88000
052650,台郡永豐96購01  ,0,0,0,0,0,0,0,0,0,88000,0,0,0,380000,292000,88000,88000
045310,康友元大92購04  ,0,0,0,0,0,0,0,0,0,88000,0,0,0,92000,4000,88000,88000
045090,瀚宇博元大93購01,0,0,0,0,0,0,0,0,0,88000,0,0,0,105000,17000,88000,88000
046641,新唐永豐93購01  ,0,0,0,0,0,0,0,0,0,88000,0,0,0,88000,0,88000,88000
048521,華通統一93購05  ,0,0,0,0,0,0,0,0,0,88000,0,0,0,88000,0,88000,88000
050507,聯詠凱基94購06  ,0,0,0,0,0,0,0,0,0,88000,0,0,0,88000,0,88000,88000
050007,貿聯永豐94購01  ,0,0,0,0,0,0,0,0,0,88000,0,0,0,129000,41000,88000,88000
053899,矽創群益96購02  ,0,0,0,0,0,0,0,0,0,88000,0,0,0,98000,10000,88000,88000
054020,技嘉台新97購01  ,0,0,0,0,0,0,0,0,0,88000,0,0,0,108000,20000,88000,88000
053656,可成凱基96購06  ,0,0,0,0,0,0,0,0,0,88000,0,0,0,88000,0,88000,88000
054407,美律國票97購02  ,0,0,0,0,0,0,0,0,0,88000,0,0,0,88000,0,88000,88000
1476,儒鴻            ,361733,253000,108733,0,0,0,0,74000,-74000,53000,42000,6000,36000,29000,12000,17000,87733
053366,樺漢國泰98購01  ,0,0,0,0,0,0,0,0,0,87000,0,0,0,436000,349000,87000,87000
042903,金寶元大94購01  ,0,0,0,0,0,0,0,0,0,87000,0,0,0,141000,54000,87000,87000
046211,南電元富92購01  ,0,0,0,0,0,0,0,0,0,87000,0,0,0,87000,0,87000,87000
047295,欣興元富96購02  ,0,0,0,0,0,0,0,0,0,87000,0,0,0,87000,0,87000,87000
048860,玉晶光群益96購03,0,0,0,0,0,0,0,0,0,87000,0,0,0,89000,2000,87000,87000
049146,南亞科元大94購02,0,0,0,0,0,0,0,0,0,87000,0,0,0,174000,87000,87000,87000
050412,全新永豐94購04  ,0,0,0,0,0,0,0,0,0,87000,0,0,0,260000,173000,87000,87000
051365,瀚宇博國泰97購01,0,0,0,0,0,0,0,0,0,87000,0,0,0,139000,52000,87000,87000
054071,泰鼎國泰97購02  ,0,0,0,0,0,0,0,0,0,87000,0,0,0,87000,0,87000,87000
053391,嘉聯益元大99購01,0,0,0,0,0,0,0,0,0,86000,0,0,0,397000,311000,86000,86000
053296,貿聯中信98購01  ,0,0,0,0,0,0,0,0,0,86000,0,0,0,96000,10000,86000,86000
053107,旺宏兆豐97購01  ,0,0,0,0,0,0,0,0,0,86000,0,0,0,90000,4000,86000,86000
052629,訊芯中信99購01  ,0,0,0,0,0,0,0,0,0,86000,0,0,0,568000,482000,86000,86000
03502P,奇力新元富03售01,0,0,0,0,0,0,0,0,0,86000,0,0,0,86000,0,86000,86000
044095,大立光統一92購01,0,0,0,0,0,0,0,0,0,86000,0,0,0,96000,10000,86000,86000
047288,台郡統一93購01  ,0,0,0,0,0,0,0,0,0,86000,0,0,0,137000,51000,86000,86000
047646,貿聯元大94購01  ,0,0,0,0,0,0,0,0,0,86000,0,0,0,469000,383000,86000,86000
047672,欣興統一93購03  ,0,0,0,0,0,0,0,0,0,86000,0,0,0,96000,10000,86000,86000
047147,嘉晶群益93購02  ,0,0,0,0,0,0,0,0,0,86000,0,0,0,114000,28000,86000,86000
050759,貿聯元富94購02  ,0,0,0,0,0,0,0,0,0,86000,0,0,0,467000,381000,86000,86000
054248,燿華元大97購02  ,0,0,0,0,0,0,0,0,0,86000,0,0,0,255000,169000,86000,86000
053349,台郡國票97購02  ,0,0,0,0,0,0,0,0,0,85000,0,0,0,86000,1000,85000,85000
3033,威健            ,94000,9000,85000,0,0,0,0,0,0,0,0,0,0,0,0,0,85000
047165,東陽康和93購01  ,0,0,0,0,0,0,0,0,0,85000,0,0,0,100000,15000,85000,85000
046891,南亞科群益93購01,0,0,0,0,0,0,0,0,0,85000,0,0,0,103000,18000,85000,85000
047009,大立光統一93購07,0,0,0,0,0,0,0,0,0,85000,0,0,0,85000,0,85000,85000
051324,康友國票96購01  ,0,0,0,0,0,0,0,0,0,85000,0,0,0,120000,35000,85000,85000
051074,矽力國票96購01  ,0,0,0,0,0,0,0,0,0,85000,0,0,0,101000,16000,85000,85000
048869,光罩國票94購01  ,0,0,0,0,0,0,0,0,0,85000,0,0,0,85000,0,85000,85000
049607,台積電兆豐94購04,0,0,0,0,0,0,0,0,0,85000,0,0,0,118000,33000,85000,85000
049708,滬深2X凱基94購02,0,0,0,0,0,0,0,0,0,85000,0,0,0,105000,20000,85000,85000
054058,晶豪科國票98購01,0,0,0,0,0,0,0,0,0,85000,0,0,0,85000,0,85000,85000
054456,華泰群益99購01  ,0,0,0,0,0,0,0,0,0,85000,0,0,0,105000,20000,85000,85000
05628P,茂林國票97售02  ,0,0,0,0,0,0,0,0,0,85000,0,0,0,112000,27000,85000,85000
05890P,彩晶元大99售01  ,0,0,0,0,0,0,0,0,0,85000,0,0,0,85000,0,85000,85000
052725,為升元富96購01  ,0,0,0,0,0,0,0,0,0,84000,0,0,0,94000,10000,84000,84000
052370,滬深2X元大95購04,0,0,0,0,0,0,0,0,0,84000,0,0,0,84000,0,84000,84000
051524,貿聯凱基95購02  ,0,0,0,0,0,0,0,0,0,84000,0,0,0,192000,108000,84000,84000
044950,玉晶光群益94購01,0,0,0,0,0,0,0,0,0,84000,0,0,0,84000,0,84000,84000
043938,華邦電兆豐93購01,0,0,0,0,0,0,0,0,0,84000,0,0,0,232000,148000,84000,84000
047670,矽力永豐93購01  ,0,0,0,0,0,0,0,0,0,84000,0,0,0,114000,30000,84000,84000
047602,GIS中信93購02   ,0,0,0,0,0,0,0,0,0,84000,0,0,0,160000,76000,84000,84000
049473,光罩永豐94購03  ,0,0,0,0,0,0,0,0,0,84000,0,0,0,110000,26000,84000,84000
051377,鴻海群益95購07  ,0,0,0,0,0,0,0,0,0,84000,0,0,0,183000,99000,84000,84000
051450,世芯元大95購02  ,0,0,0,0,0,0,0,0,0,84000,0,0,0,111000,27000,84000,84000
050847,創意國票96購01  ,0,0,0,0,0,0,0,0,0,84000,0,0,0,84000,0,84000,84000
052390,聯詠群益95購03  ,0,0,0,0,0,0,0,0,0,83000,0,0,0,155000,72000,83000,83000
052731,宏達電國泰98購01,0,0,0,0,0,0,0,0,0,83000,0,0,0,83000,0,83000,83000
052477,美律群益98購01  ,0,0,0,0,0,0,0,0,0,83000,0,0,0,118000,35000,83000,83000
052480,麗豐群益95購01  ,0,0,0,0,0,0,0,0,0,83000,0,0,0,83000,0,83000,83000
045365,智邦兆豐93購04  ,0,0,0,0,0,0,0,0,0,83000,0,0,0,226000,143000,83000,83000
043144,台肥統一93購01  ,0,0,0,0,0,0,0,0,0,83000,0,0,0,101000,18000,83000,83000
052965,廣宇群益97購01  ,0,0,0,0,0,0,0,0,0,83000,0,0,0,83000,0,83000,83000
048149,泰鼎元富95購01  ,0,0,0,0,0,0,0,0,0,83000,0,0,0,83000,0,83000,83000
046863,康友元大93購01  ,0,0,0,0,0,0,0,0,0,83000,0,0,0,296000,213000,83000,83000
051433,中磊元富95購01  ,0,0,0,0,0,0,0,0,0,83000,0,0,0,97000,14000,83000,83000
051108,鴻海統一96購02  ,0,0,0,0,0,0,0,0,0,83000,0,0,0,162000,79000,83000,83000
049517,台光電國票94購02,0,0,0,0,0,0,0,0,0,83000,0,0,0,88000,5000,83000,83000
049352,泰鼎永豐95購01  ,0,0,0,0,0,0,0,0,0,83000,0,0,0,85000,2000,83000,83000
050168,緯創富邦95購01  ,0,0,0,0,0,0,0,0,0,83000,0,0,0,130000,47000,83000,83000
4737,華廣            ,94000,11000,83000,0,0,0,0,0,0,0,0,0,0,0,0,0,83000
052684,旺宏元大98購01  ,0,0,0,0,0,0,0,0,0,82000,0,0,0,803000,721000,82000,82000
052074,鴻海元富95購10  ,0,0,0,0,0,0,0,0,0,82000,0,0,0,98000,16000,82000,82000
053140,燿華永豐96購02  ,0,0,0,0,0,0,0,0,0,82000,0,0,0,86000,4000,82000,82000
053146,滬深2X元大96購08,0,0,0,0,0,0,0,0,0,82000,0,0,0,87000,5000,82000,82000
2007,燁興            ,83000,1000,82000,0,0,0,0,0,0,0,0,0,0,0,0,0,82000
047615,為升凱基93購05  ,0,0,0,0,0,0,0,0,0,82000,0,0,0,82000,0,82000,82000
046497,鴻海元大92購17  ,0,0,0,0,0,0,0,0,0,82000,0,0,0,585000,503000,82000,82000
048035,聯詠凱基93購06  ,0,0,0,0,0,0,0,0,0,82000,0,0,0,91000,9000,82000,82000
048032,可成凱基93購13  ,0,0,0,0,0,0,0,0,0,82000,0,0,0,93000,11000,82000,82000
048840,上海銀凱基94購02,0,0,0,0,0,0,0,0,0,82000,0,0,0,82000,0,82000,82000
048937,玉晶光永豐95購01,0,0,0,0,0,0,0,0,0,82000,0,0,0,232000,150000,82000,82000
051082,上証2X元大98購01,0,0,0,0,0,0,0,0,0,82000,0,0,0,82000,0,82000,82000
050961,美律永豐95購01  ,0,0,0,0,0,0,0,0,0,82000,0,0,0,85000,3000,82000,82000
050707,寶成凱基94購02  ,0,0,0,0,0,0,0,0,0,82000,0,0,0,82000,0,82000,82000
050243,華新科凱基94購10,0,0,0,0,0,0,0,0,0,82000,0,0,0,196000,114000,82000,82000
053982,臻鼎元大96購05  ,0,0,0,0,0,0,0,0,0,82000,0,0,0,276000,194000,82000,82000
1109,信大            ,259000,182000,77000,0,0,0,0,0,0,5000,5000,0,5000,0,0,0,82000
054443,樺漢台新96購02  ,0,0,0,0,0,0,0,0,0,82000,0,0,0,82000,0,82000,82000
051617,台積電凱基95購14,0,0,0,0,0,0,0,0,0,81000,0,0,0,111000,30000,81000,81000
051759,全新元大95購04  ,0,0,0,0,0,0,0,0,0,81000,0,0,0,201000,120000,81000,81000
046782,建準永豐93購01  ,0,0,0,0,0,0,0,0,0,81000,0,0,0,91000,10000,81000,81000
047068,南電凱基93購04  ,0,0,0,0,0,0,0,0,0,81000,0,0,0,111000,30000,81000,81000
047015,上銀元大93購03  ,0,0,0,0,0,0,0,0,0,81000,0,0,0,85000,4000,81000,81000
049384,致伸元大94購02  ,0,0,0,0,0,0,0,0,0,81000,0,0,0,111000,30000,81000,81000
049393,世紀鋼第一94購01,0,0,0,0,0,0,0,0,0,81000,0,0,0,121000,40000,81000,81000
049425,喬山兆豐95購01  ,0,0,0,0,0,0,0,0,0,81000,0,0,0,160000,79000,81000,81000
053428,中磊永豐96購02  ,0,0,0,0,0,0,0,0,0,81000,0,0,0,81000,0,81000,81000
051481,聯詠凱基95購02  ,0,0,0,0,0,0,0,0,0,80000,0,0,0,167000,87000,80000,80000
051489,世芯凱基95購01  ,0,0,0,0,0,0,0,0,0,80000,0,0,0,157000,77000,80000,80000
051998,昇陽半元大96購02,0,0,0,0,0,0,0,0,0,80000,0,0,0,100000,20000,80000,80000
2395,研華            ,233000,145000,88000,0,0,0,2000,8000,-6000,-2000,4000,6000,-2000,0,0,0,80000
052985,美律元大96購02  ,0,0,0,0,0,0,0,0,0,80000,0,0,0,134000,54000,80000,80000
03934P,大立光永昌93售06,0,0,0,0,0,0,0,0,0,80000,0,0,0,80000,0,80000,80000
043137,嘉聯益永豐92購01,0,0,0,0,0,0,0,0,0,80000,0,0,0,100000,20000,80000,80000
044367,力山永豐91購03  ,0,0,0,0,0,0,0,0,0,80000,0,0,0,80000,0,80000,80000
045264,嘉晶凱基92購01  ,0,0,0,0,0,0,0,0,0,80000,0,0,0,80000,0,80000,80000
04243P,大立光永昌93售08,0,0,0,0,0,0,0,0,0,80000,0,0,0,238000,158000,80000,80000
041981,可成兆豐91購01  ,0,0,0,0,0,0,0,0,0,80000,0,0,0,130000,50000,80000,80000
044823,華邦電台新93購01,0,0,0,0,0,0,0,0,0,80000,0,0,0,80000,0,80000,80000
046962,群創中信95購03  ,0,0,0,0,0,0,0,0,0,80000,0,0,0,80000,0,80000,80000
046160,啟碁群益92購01  ,0,0,0,0,0,0,0,0,0,80000,0,0,0,80000,0,80000,80000
046333,康友元大92購05  ,0,0,0,0,0,0,0,0,0,80000,0,0,0,323000,243000,80000,80000
045698,致伸兆豐93購01  ,0,0,0,0,0,0,0,0,0,80000,0,0,0,100000,20000,80000,80000
047412,鴻海永昌93購05  ,0,0,0,0,0,0,0,0,0,80000,0,0,0,558000,478000,80000,80000
046503,京元電元大92購08,0,0,0,0,0,0,0,0,0,80000,0,0,0,110000,30000,80000,80000
048690,美律群益94購01  ,0,0,0,0,0,0,0,0,0,80000,0,0,0,117000,37000,80000,80000
048809,創意亞東94購01  ,0,0,0,0,0,0,0,0,0,80000,0,0,0,80000,0,80000,80000
049599,樺漢元大95購01  ,0,0,0,0,0,0,0,0,0,80000,0,0,0,80000,0,80000,80000
050171,臺指反元大97購03,0,0,0,0,0,0,0,0,0,80000,0,0,0,80000,0,80000,80000
050311,上銀兆豐95購01  ,0,0,0,0,0,0,0,0,0,80000,0,0,0,80000,0,80000,80000
050443,復盛凱基94購02  ,0,0,0,0,0,0,0,0,0,80000,0,0,0,106000,26000,80000,80000
050543,聯發科凱基95購01,0,0,0,0,0,0,0,0,0,80000,0,0,0,218000,138000,80000,80000
050639,GIS國票96購01   ,0,0,0,0,0,0,0,0,0,80000,0,0,0,180000,100000,80000,80000
050736,台積電康和94購01,0,0,0,0,0,0,0,0,0,80000,0,0,0,100000,20000,80000,80000
051152,鴻海國泰97購01  ,0,0,0,0,0,0,0,0,0,80000,0,0,0,219000,139000,80000,80000
053753,啟碁永豐96購01  ,0,0,0,0,0,0,0,0,0,80000,0,0,0,156000,76000,80000,80000
053828,貿聯麥證96購01  ,0,0,0,80000,0,80000,0,0,0,80000,0,0,0,80000,0,80000,80000
054387,台積電統一98購02,0,0,0,0,0,0,0,0,0,80000,0,0,0,218000,138000,80000,80000
054590,嘉聯益國泰98購01,0,0,0,0,0,0,0,0,0,80000,0,0,0,238000,158000,80000,80000
05727P,新光金日盛96售02,0,0,0,0,0,0,0,0,0,80000,0,0,0,80000,0,80000,80000
051677,達方元大95購01  ,0,0,0,0,0,0,0,0,0,79000,0,0,0,126000,47000,79000,79000
052411,嘉聯益亞東95購02,0,0,0,0,0,0,0,0,0,79000,0,0,0,79000,0,79000,79000
04164P,滬深2X元富93售03,0,0,0,0,0,0,0,0,0,79000,0,0,0,79000,0,79000,79000
048887,牧德元富94購01  ,0,0,0,0,0,0,0,0,0,79000,0,0,0,263000,184000,79000,79000
046544,奇鋐台新92購01  ,0,0,0,0,0,0,0,0,0,79000,0,0,0,79000,0,79000,79000
051127,同欣電群益95購01,0,0,0,0,0,0,0,0,0,79000,0,0,0,194000,115000,79000,79000
050850,訊連國票96購01  ,0,0,0,0,0,0,0,0,0,79000,0,0,0,79000,0,79000,79000
052614,聯電國泰97購01  ,0,0,0,0,0,0,0,0,0,78000,0,0,0,98000,20000,78000,78000
052352,力成元富95購01  ,0,0,0,0,0,0,0,0,0,78000,0,0,0,98000,20000,78000,78000
053014,旺宏統一97購02  ,0,0,0,0,0,0,0,0,0,78000,0,0,0,78000,0,78000,78000
04207P,臺股指元大93售47,0,0,0,0,0,0,0,0,0,78000,0,0,0,91000,13000,78000,78000
04265P,滬深2X元富93售04,0,0,0,0,0,0,0,0,0,78000,0,0,0,82000,4000,78000,78000
04487P,南亞科凱基94售01,0,0,0,0,0,0,0,0,0,78000,0,0,0,78000,0,78000,78000
047637,旺宏元大94購03  ,0,0,0,0,0,0,0,0,0,78000,0,0,0,236000,158000,78000,78000
047417,台塑富邦97購01  ,0,0,0,0,0,0,0,0,0,78000,0,0,0,131000,53000,78000,78000
047144,華通群益94購01  ,0,0,0,0,0,0,0,0,0,78000,0,0,0,105000,27000,78000,78000
046788,貿聯永豐93購01  ,0,0,0,0,0,0,0,0,0,78000,0,0,0,102000,24000,78000,78000
047082,元上證永豐93購01,0,0,0,0,0,0,0,0,0,78000,0,0,0,80000,2000,78000,78000
051346,仁寶元大95購01  ,0,0,0,0,0,0,0,0,0,78000,0,0,0,78000,0,78000,78000
050099,台積電永昌96購01,0,0,0,0,0,0,0,0,0,78000,0,0,0,78000,0,78000,78000
049946,智邦兆豐95購01  ,0,0,0,0,0,0,0,0,0,78000,0,0,0,88000,10000,78000,78000
049861,正崴兆豐94購01  ,0,0,0,0,0,0,0,0,0,78000,0,0,0,87000,9000,78000,78000
049467,致伸台新94購01  ,0,0,0,0,0,0,0,0,0,78000,0,0,0,101000,23000,78000,78000
049045,上海銀兆豐94購01,0,0,0,0,0,0,0,0,0,78000,0,0,0,88000,10000,78000,78000
049257,南亞科元大94購03,0,0,0,0,0,0,0,0,0,78000,0,0,0,150000,72000,78000,78000
053524,聯電中信97購02  ,0,0,0,0,0,0,0,0,0,78000,0,0,0,78000,0,78000,78000
1702,南僑            ,100000,23000,77000,0,0,0,0,0,0,0,0,0,0,0,0,0,77000
2608,嘉里大榮        ,85000,6000,79000,0,0,0,0,0,0,-2000,0,2000,-2000,0,0,0,77000
2820,華票            ,204000,127000,77000,0,0,0,0,0,0,0,0,0,0,0,0,0,77000
045026,瑞昱國票92購02  ,0,0,0,0,0,0,0,0,0,77000,0,0,0,80000,3000,77000,77000
03177P,國巨群益01售12  ,0,0,0,0,0,0,0,0,0,77000,0,0,0,83000,6000,77000,77000
042930,大立光中信94購01,0,0,0,0,0,0,0,0,0,77000,0,0,0,100000,23000,77000,77000
047806,旺宏凱基93購05  ,0,0,0,0,0,0,0,0,0,77000,0,0,0,77000,0,77000,77000
046298,聯發科富邦94購01,0,0,0,0,0,0,0,0,0,77000,0,0,0,210000,133000,77000,77000
048142,聯電統一93購01  ,0,0,0,0,0,0,0,0,0,77000,0,0,0,77000,0,77000,77000
048564,智易元大94購01  ,0,0,0,0,0,0,0,0,0,77000,0,0,0,103000,26000,77000,77000
049018,光罩群益94購01  ,0,0,0,0,0,0,0,0,0,77000,0,0,0,77000,0,77000,77000
049462,康友元富94購01  ,0,0,0,0,0,0,0,0,0,77000,0,0,0,82000,5000,77000,77000
048837,牧德凱基94購04  ,0,0,0,0,0,0,0,0,0,77000,0,0,0,291000,214000,77000,77000
050098,嘉聯益國泰95購02,0,0,0,0,0,0,0,0,0,77000,0,0,0,427000,350000,77000,77000
051256,中磊元大95購01  ,0,0,0,0,0,0,0,0,0,77000,0,0,0,100000,23000,77000,77000
050708,臺股指凱基96購06,0,0,0,0,0,0,0,0,0,77000,0,0,0,122000,45000,77000,77000
050709,嘉聯益第一96購01,0,0,0,0,0,0,0,0,0,77000,0,0,0,284000,207000,77000,77000
050520,凌陽元大94購02  ,0,0,0,0,0,0,0,0,0,77000,0,0,0,77000,0,77000,77000
053815,聯發科群益96購01,0,0,0,0,0,0,0,0,0,77000,0,0,0,98000,21000,77000,77000
053967,華邦電元大96購03,0,0,0,0,0,0,0,0,0,77000,0,0,0,98000,21000,77000,77000
054070,創意國泰96購02  ,0,0,0,0,0,0,0,0,0,77000,0,0,0,231000,154000,77000,77000
054146,康友元大96購06  ,0,0,0,0,0,0,0,0,0,77000,0,0,0,435000,358000,77000,77000
06005P,晶豪科永豐96售04,0,0,0,0,0,0,0,0,0,77000,0,0,0,117000,40000,77000,77000
1810,和成            ,76000,0,76000,0,0,0,0,0,0,0,0,0,0,0,0,0,76000
052762,欣興群益96購01  ,0,0,0,0,0,0,0,0,0,76000,0,0,0,76000,0,76000,76000
053135,信邦國票96購01  ,0,0,0,0,0,0,0,0,0,76000,0,0,0,76000,0,76000,76000
052254,康友永豐95購03  ,0,0,0,0,0,0,0,0,0,76000,0,0,0,300000,224000,76000,76000
052598,滬深2X元大96購05,0,0,0,0,0,0,0,0,0,76000,0,0,0,76000,0,76000,76000
051942,寶成群益95購01  ,0,0,0,0,0,0,0,0,0,76000,0,0,0,76000,0,76000,76000
03418B,臺股指元大95熊20,0,0,0,0,0,0,0,0,0,76000,0,0,0,227000,151000,76000,76000
046419,聯鈞元大92購01  ,0,0,0,0,0,0,0,0,0,76000,0,0,0,221000,145000,76000,76000
046940,瑞昱元大93購07  ,0,0,0,0,0,0,0,0,0,76000,0,0,0,85000,9000,76000,76000
048956,美食康和94購01  ,0,0,0,0,0,0,0,0,0,76000,0,0,0,76000,0,76000,76000
054189,貿聯永豐96購03  ,0,0,0,0,0,0,0,0,0,76000,0,0,0,79000,3000,76000,76000
053482,矽力元大96購03  ,0,0,0,0,0,0,0,0,0,76000,0,0,0,193000,117000,76000,76000
051837,國巨國泰96購04  ,0,0,0,0,0,0,0,0,0,75000,0,0,0,75000,0,75000,75000
052313,聯電元大98購01  ,0,0,0,0,0,0,0,0,0,75000,0,0,0,90000,15000,75000,75000
04291P,鴻海富邦93售04  ,0,0,0,0,0,0,0,0,0,75000,0,0,0,75000,0,75000,75000
044354,奇鋐元大93購02  ,0,0,0,0,0,0,0,0,0,75000,0,0,0,168000,93000,75000,75000
045733,瑞昱國票93購01  ,0,0,0,0,0,0,0,0,0,75000,0,0,0,190000,115000,75000,75000
047653,上銀兆豐94購01  ,0,0,0,0,0,0,0,0,0,75000,0,0,0,85000,10000,75000,75000
047589,奇鋐永豐93購01  ,0,0,0,0,0,0,0,0,0,75000,0,0,0,85000,10000,75000,75000
050120,GIS元大95購02   ,0,0,0,0,0,0,0,0,0,75000,0,0,0,165000,90000,75000,75000
049076,佳世達凱基94購01,0,0,0,0,0,0,0,0,0,75000,0,0,0,75000,0,75000,75000
050637,欣興國票94購02  ,0,0,0,0,0,0,0,0,0,75000,0,0,0,75000,0,75000,75000
051340,健策永豐95購03  ,0,0,0,0,0,0,0,0,0,75000,0,0,0,172000,97000,75000,75000
051429,智邦元富95購01  ,0,0,0,0,0,0,0,0,0,75000,0,0,0,81000,6000,75000,75000
050957,T50反1台新05購01,0,0,0,0,0,0,0,0,0,75000,0,0,0,100000,25000,75000,75000
053512,台積電群益96購06,0,0,0,0,0,0,0,0,0,75000,0,0,0,167000,92000,75000,75000
054148,矽創元大96購03  ,0,0,0,0,0,0,0,0,0,75000,0,0,0,115000,40000,75000,75000
054123,易華電永豐96購03,0,0,0,0,0,0,0,0,0,75000,0,0,0,91000,16000,75000,75000
053952,南亞科台新96購01,0,0,0,0,0,0,0,0,0,75000,0,0,0,113000,38000,75000,75000
054412,智邦元大96購03  ,0,0,0,0,0,0,0,0,0,75000,0,0,0,207000,132000,75000,75000
052121,全新國票96購03  ,0,0,0,0,0,0,0,0,0,74000,0,0,0,95000,21000,74000,74000
051670,欣興元大95購06  ,0,0,0,0,0,0,0,0,0,74000,0,0,0,470000,396000,74000,74000
053133,華邦電國票97購01,0,0,0,0,0,0,0,0,0,74000,0,0,0,144000,70000,74000,74000
052816,上銀永豐96購01  ,0,0,0,0,0,0,0,0,0,74000,0,0,0,96000,22000,74000,74000
045105,大立光群益92購03,0,0,0,0,0,0,0,0,0,74000,0,0,0,80000,6000,74000,74000
046909,聯茂凱基93購06  ,0,0,0,0,0,0,0,0,0,74000,0,0,0,74000,0,74000,74000
045968,貿聯凱基92購03  ,0,0,0,0,0,0,0,0,0,74000,0,0,0,86000,12000,74000,74000
04571P,華新科國泰95售03,0,0,0,0,0,0,0,0,0,74000,0,0,0,515000,441000,74000,74000
048105,滬深2X群益99購02,0,0,0,0,0,0,0,0,0,74000,0,0,0,103000,29000,74000,74000
051252,健鼎元大95購01  ,0,0,0,0,0,0,0,0,0,74000,0,0,0,186000,112000,74000,74000
050656,瑞儀凱基96購01  ,0,0,0,0,0,0,0,0,0,74000,0,0,0,74000,0,74000,74000
049307,上銀凱基94購03  ,0,0,0,0,0,0,0,0,0,74000,0,0,0,74000,0,74000,74000
050035,聯茂元大94購07  ,0,0,0,0,0,0,0,0,0,74000,0,0,0,167000,93000,74000,74000
05800P,台積電兆豐96售04,0,0,0,0,0,0,0,0,0,74000,0,0,0,114000,40000,74000,74000
053782,京元電元大98購02,0,0,0,0,0,0,0,0,0,74000,0,0,0,137000,63000,74000,74000
053596,嘉澤元大96購01  ,0,0,0,0,0,0,0,0,0,74000,0,0,0,168000,94000,74000,74000
6197,佳必琪          ,117000,42000,75000,0,0,0,0,0,0,-1000,0,1000,-1000,0,0,0,74000
05307P,光寶科中信95售01,0,0,0,0,0,0,0,0,0,73000,0,0,0,73000,0,73000,73000
3015,全漢            ,90000,17000,73000,0,0,0,0,0,0,0,0,0,0,0,0,0,73000
051720,燿華永豐95購06  ,0,0,0,0,0,0,0,0,0,73000,0,0,0,73000,0,73000,73000
052146,泰碩群益95購01  ,0,0,0,0,0,0,0,0,0,73000,0,0,0,81000,8000,73000,73000
048490,寶成富邦93購01  ,0,0,0,0,0,0,0,0,0,73000,0,0,0,73000,0,73000,73000
046890,瑞昱群益93購02  ,0,0,0,0,0,0,0,0,0,73000,0,0,0,113000,40000,73000,73000
046038,欣興元大92購07  ,0,0,0,0,0,0,0,0,0,73000,0,0,0,103000,30000,73000,73000
048553,光磊元大93購03  ,0,0,0,0,0,0,0,0,0,73000,0,0,0,156000,83000,73000,73000
048693,GIS群益94購02   ,0,0,0,0,0,0,0,0,0,73000,0,0,0,96000,23000,73000,73000
049950,南亞科群益94購02,0,0,0,0,0,0,0,0,0,73000,0,0,0,197000,124000,73000,73000
049124,可成元富94購02  ,0,0,0,0,0,0,0,0,0,73000,0,0,0,503000,430000,73000,73000
049116,瑞儀統一94購01  ,0,0,0,0,0,0,0,0,0,73000,0,0,0,189000,116000,73000,73000
049354,致新永豐94購01  ,0,0,0,0,0,0,0,0,0,73000,0,0,0,73000,0,73000,73000
049477,泰鼎永豐94購01  ,0,0,0,0,0,0,0,0,0,73000,0,0,0,73000,0,73000,73000
05035P,聯發科元大95售06,0,0,0,0,0,0,0,0,0,73000,0,0,0,1300000,1227000,73000,73000
051400,國巨永豐95購01  ,0,0,0,0,0,0,0,0,0,73000,0,0,0,134000,61000,73000,73000
053615,光罩群益96購01  ,0,0,0,0,0,0,0,0,0,73000,0,0,0,123000,50000,73000,73000
053677,同欣電國泰97購01,0,0,0,0,0,0,0,0,0,73000,0,0,0,241000,168000,73000,73000
051924,聯茂日盛95購01  ,0,0,0,0,0,0,0,0,0,72000,0,0,0,120000,48000,72000,72000
052847,漢唐統一99購01  ,0,0,0,0,0,0,0,0,0,72000,0,0,0,138000,66000,72000,72000
045484,聯電亞東94購01  ,0,0,0,0,0,0,0,0,0,72000,0,0,0,72000,0,72000,72000
048814,上銀凱基94購01  ,0,0,0,0,0,0,0,0,0,72000,0,0,0,72000,0,72000,72000
047491,旺宏統一94購03  ,0,0,0,0,0,0,0,0,0,72000,0,0,0,126000,54000,72000,72000
046115,京元電元大92購04,0,0,0,0,0,0,0,0,0,72000,0,0,0,72000,0,72000,72000
051133,台積電永豐95購02,0,0,0,0,0,0,0,0,0,72000,0,0,0,2629000,2557000,72000,72000
048892,台郡元富97購01  ,0,0,0,0,0,0,0,0,0,72000,0,0,0,143000,71000,72000,72000
049597,泰鼎元大96購01  ,0,0,0,0,0,0,0,0,0,72000,0,0,0,148000,76000,72000,72000
053869,嘉澤元大96購02  ,0,0,0,0,0,0,0,0,0,72000,0,0,0,94000,22000,72000,72000
054216,聯茂國票97購03  ,0,0,0,0,0,0,0,0,0,72000,0,0,0,72000,0,72000,72000
05712P,友達統一97售03  ,0,0,0,0,0,0,0,0,0,72000,0,0,0,431000,359000,72000,72000
053292,美律中信98購01  ,0,0,0,0,0,0,0,0,0,71000,0,0,0,85000,14000,71000,71000
051899,欣興國泰97購01  ,0,0,0,0,0,0,0,0,0,71000,0,0,0,81000,10000,71000,71000
051828,微星元大95購03  ,0,0,0,0,0,0,0,0,0,71000,0,0,0,218000,147000,71000,71000
05178P,大立光凱基96售05,0,0,0,0,0,0,0,0,0,71000,0,0,0,151000,80000,71000,71000
051792,泰鼎國票96購02  ,0,0,0,0,0,0,0,0,0,71000,0,0,0,81000,10000,71000,71000
052496,華通台新96購02  ,0,0,0,0,0,0,0,0,0,71000,0,0,0,109000,38000,71000,71000
044133,樺漢凱基91購06  ,0,0,0,0,0,0,0,0,0,71000,0,0,0,73000,2000,71000,71000
044158,景碩永豐91購01  ,0,0,0,0,0,0,0,0,0,71000,0,0,0,81000,10000,71000,71000
048405,嘉晶群益93購03  ,0,0,0,0,0,0,0,0,0,71000,0,0,0,126000,55000,71000,71000
04475P,欣興元大94售03  ,0,0,0,0,0,0,0,0,0,71000,0,0,0,76000,5000,71000,71000
047365,隆達群益93購01  ,0,0,0,0,0,0,0,0,0,71000,0,0,0,116000,45000,71000,71000
049498,茂林元大95購01  ,0,0,0,0,0,0,0,0,0,71000,0,0,0,97000,26000,71000,71000
051167,京鼎元大95購01  ,0,0,0,0,0,0,0,0,0,71000,0,0,0,71000,0,71000,71000
050586,康友國票94購01  ,0,0,0,0,0,0,0,0,0,71000,0,0,0,71000,0,71000,71000
050869,健策永豐95購01  ,0,0,0,0,0,0,0,0,0,71000,0,0,0,94000,23000,71000,71000
054397,創意永豐96購05  ,0,0,0,0,0,0,0,0,0,71000,0,0,0,71000,0,71000,71000
054448,矽力兆豐96購01  ,0,0,0,0,0,0,0,0,0,71000,0,0,0,86000,15000,71000,71000
054294,世芯元大96購02  ,0,0,0,0,0,0,0,0,0,71000,0,0,0,72000,1000,71000,71000
053944,亞泥富邦97購01  ,0,0,0,0,0,0,0,0,0,71000,0,0,0,87000,16000,71000,71000
052559,茂林國票97購01  ,0,0,0,0,0,0,0,0,0,70000,0,0,0,70000,0,70000,70000
052712,旺宏凱基96購02  ,0,0,0,0,0,0,0,0,0,70000,0,0,0,97000,27000,70000,70000
05221P,玉晶光元大95售04,0,0,0,0,0,0,0,0,0,70000,0,0,0,230000,160000,70000,70000
052363,廣達國票96購01  ,0,0,0,0,0,0,0,0,0,70000,0,0,0,70000,0,70000,70000
051823,矽力元富95購02  ,0,0,0,0,0,0,0,0,0,70000,0,0,0,168000,98000,70000,70000
051856,亞德客凱基95購01,0,0,0,0,0,0,0,0,0,70000,0,0,0,100000,30000,70000,70000
051517,可成凱基95購08  ,0,0,0,0,0,0,0,0,0,70000,0,0,0,70000,0,70000,70000
051563,泰鼎國泰96購01  ,0,0,0,0,0,0,0,0,0,70000,0,0,0,70000,0,70000,70000
052781,瀚宇博國票97購03,0,0,0,0,0,0,0,0,0,70000,0,0,0,70000,0,70000,70000
052795,健策兆豐97購01  ,0,0,0,0,0,0,0,0,0,70000,0,0,0,70000,0,70000,70000
048387,台達電國票94購01,0,0,0,0,0,0,0,0,0,70000,0,0,0,75000,5000,70000,70000
044220,欣興凱基91購05  ,0,0,0,0,0,0,0,0,0,70000,0,0,0,70000,0,70000,70000
044613,智易兆豐94購01  ,0,0,0,0,0,0,0,0,0,70000,0,0,0,70000,0,70000,70000
04452P,超眾國泰95售01  ,0,0,0,0,0,0,0,0,0,70000,0,0,0,100000,30000,70000,70000
043511,上銀富邦93購01  ,0,0,0,0,0,0,0,0,0,70000,0,0,0,168000,98000,70000,70000
045367,新光金兆豐92購01,0,0,0,0,0,0,0,0,0,70000,0,0,0,70000,0,70000,70000
044487,元油2X元大94購01,0,0,0,0,0,0,0,0,0,70000,0,0,0,100000,30000,70000,70000
044008,南亞凱基91購01  ,0,0,0,0,0,0,0,0,0,70000,0,0,0,70000,0,70000,70000
042152,亞光群益91購01  ,0,0,0,0,0,0,0,0,0,70000,0,0,0,80000,10000,70000,70000
04302P,和碩中信93售01  ,0,0,0,0,0,0,0,0,0,70000,0,0,0,70000,0,70000,70000
03563P,台灣50群益02售14,0,0,0,0,0,0,0,0,0,70000,0,0,0,70000,0,70000,70000
046490,臻鼎永昌92購01  ,0,0,0,0,0,0,0,0,0,70000,0,0,0,70000,0,70000,70000
048016,啟碁國票94購01  ,0,0,0,0,0,0,0,0,0,70000,0,0,0,80000,10000,70000,70000
047263,揚明光國票94購01,0,0,0,0,0,0,0,0,0,70000,0,0,0,70000,0,70000,70000
045573,喬山元大92購01  ,0,0,0,0,0,0,0,0,0,70000,0,0,0,70000,0,70000,70000
047196,上銀統一97購01  ,1000,0,1000,0,0,0,0,0,0,69000,0,0,0,337000,268000,69000,70000
048679,大成鋼富邦93購01,0,0,0,0,0,0,0,0,0,70000,0,0,0,70000,0,70000,70000
052900,大成鋼國票97購01,0,0,0,0,0,0,0,0,0,70000,0,0,0,140000,70000,70000,70000
046232,智易元大93購05  ,0,0,0,0,0,0,0,0,0,70000,0,0,0,70000,0,70000,70000
047746,宏碁元富93購01  ,0,0,0,0,0,0,0,0,0,70000,0,0,0,174000,104000,70000,70000
04667P,臺股指國票94售06,0,0,0,0,0,0,0,0,0,70000,0,0,0,120000,50000,70000,70000
050731,昇陽半國票96購01,0,0,0,0,0,0,0,0,0,70000,0,0,0,70000,0,70000,70000
051155,聯發科國泰96購01,0,0,0,0,0,0,0,0,0,70000,0,0,0,687000,617000,70000,70000
051392,玉山金兆豐95購01,0,0,0,0,0,0,0,0,0,70000,0,0,0,70000,0,70000,70000
049534,華擎永豐94購02  ,0,0,0,0,0,0,0,0,0,70000,0,0,0,70000,0,70000,70000
054138,晶技元大98購02  ,0,0,0,0,0,0,0,0,0,70000,0,0,0,122000,52000,70000,70000
053530,聯發科康和96購01,0,0,0,0,0,0,0,0,0,70000,0,0,0,92000,22000,70000,70000
6206,飛捷            ,75000,5000,70000,0,0,0,0,0,0,0,0,0,0,0,0,0,70000
054357,可成兆豐97購02  ,0,0,0,0,0,0,0,0,0,70000,0,0,0,97000,27000,70000,70000
05660P,玉晶光第一96售01,0,0,0,0,0,0,0,0,0,70000,0,0,0,70000,0,70000,70000
06031P,新光金兆豐96售02,0,0,0,0,0,0,0,0,0,70000,0,0,0,70000,0,70000,70000
052798,滬深2X元大96購07,0,0,0,0,0,0,0,0,0,69000,0,0,0,70000,1000,69000,69000
053212,友達凱基99購04  ,0,0,0,0,0,0,0,0,0,69000,0,0,0,70000,1000,69000,69000
3583,辛耘            ,142000,103000,39000,0,0,0,30000,0,30000,0,0,0,0,0,0,0,69000
2362,藍天            ,266000,191000,75000,0,0,0,0,0,0,-6000,0,6000,-6000,0,0,0,69000
1773,勝一            ,82000,12000,70000,0,0,0,0,0,0,-1000,0,1000,-1000,0,0,0,69000
052323,矽力元大95購04  ,0,0,0,0,0,0,0,0,0,69000,0,0,0,199000,130000,69000,69000
052162,智伸科永豐95購01,0,0,0,0,0,0,0,0,0,69000,0,0,0,69000,0,69000,69000
052622,貿聯兆豐97購01  ,0,0,0,0,0,0,0,0,0,69000,0,0,0,106000,37000,69000,69000
052647,晶技永豐97購01  ,0,0,0,0,0,0,0,0,0,69000,0,0,0,69000,0,69000,69000
048979,晶相光元大94購03,0,0,0,0,0,0,0,0,0,69000,0,0,0,294000,225000,69000,69000
048946,崇越永豐94購01  ,0,0,0,0,0,0,0,0,0,69000,0,0,0,69000,0,69000,69000
050030,嘉晶元大94購03  ,0,0,0,0,0,0,0,0,0,69000,0,0,0,103000,34000,69000,69000
05071P,鴻海統一96售05  ,0,0,0,0,0,0,0,0,0,69000,0,0,0,69000,0,69000,69000
8210,勤誠            ,178000,191000,-13000,0,0,0,0,0,0,82000,32000,1000,31000,81000,30000,51000,69000
054318,台虹凱基98購01  ,0,0,0,0,0,0,0,0,0,69000,0,0,0,315000,246000,69000,69000
054275,華通群益97購03  ,0,0,0,0,0,0,0,0,0,69000,0,0,0,178000,109000,69000,69000
052232,貿聯凱基96購02  ,0,0,0,0,0,0,0,0,0,68000,0,0,0,68000,0,68000,68000
052245,緯創康和95購01  ,0,0,0,0,0,0,0,0,0,68000,0,0,0,68000,0,68000,68000
051555,聯茂永豐95購01  ,0,0,0,0,0,0,0,0,0,68000,0,0,0,136000,68000,68000,68000
051684,瑞昱凱基95購02  ,0,0,0,0,0,0,0,0,0,68000,0,0,0,81000,13000,68000,68000
051803,矽創永豐95購03  ,0,0,0,0,0,0,0,0,0,68000,0,0,0,68000,0,68000,68000
051982,深中小元大95購01,0,0,0,0,0,0,0,0,0,68000,0,0,0,68000,0,68000,68000
053305,聯詠凱基96購02  ,0,0,0,0,0,0,0,0,0,68000,0,0,0,68000,0,68000,68000
053330,燿華永豐96購03  ,0,0,0,0,0,0,0,0,0,68000,0,0,0,95000,27000,68000,68000
053126,健策凱基97購02  ,0,0,0,0,0,0,0,0,0,68000,0,0,0,107000,39000,68000,68000
052998,拓凱康和96購01  ,0,0,0,0,0,0,0,0,0,68000,0,0,0,110000,42000,68000,68000
04526P,美律凱基94售03  ,0,0,0,0,0,0,0,0,0,68000,0,0,0,68000,0,68000,68000
045357,麗豐凱基92購01  ,0,0,0,0,0,0,0,0,0,68000,0,0,0,68000,0,68000,68000
04324P,新光金元大94售01,0,0,0,0,0,0,0,0,0,68000,0,0,0,68000,0,68000,68000
046696,可成凱基93購02  ,0,0,0,0,0,0,0,0,0,68000,0,0,0,68000,0,68000,68000
047146,智邦群益93購01  ,0,0,0,0,0,0,0,0,0,68000,0,0,0,305000,237000,68000,68000
047895,台積電群益94購04,0,0,0,0,0,0,0,0,0,68000,0,0,0,307000,239000,68000,68000
047445,創意元大93購04  ,0,0,0,0,0,0,0,0,0,68000,0,0,0,76000,8000,68000,68000
046614,儒鴻凱基93購01  ,0,0,0,0,0,0,0,0,0,68000,0,0,0,68000,0,68000,68000
048150,矽力元富93購01  ,0,0,0,0,0,0,0,0,0,68000,0,0,0,93000,25000,68000,68000
046313,華新科元大92購11,0,0,0,0,0,0,0,0,0,68000,0,0,0,68000,0,68000,68000
046181,智邦凱基92購04  ,0,0,0,0,0,0,0,0,0,68000,0,0,0,78000,10000,68000,68000
045835,奇鋐群益92購01  ,0,0,0,0,0,0,0,0,0,68000,0,0,0,79000,11000,68000,68000
048880,昇陽半國票94購01,0,0,0,0,0,0,0,0,0,68000,0,0,0,81000,13000,68000,68000
048761,力山凱基94購01  ,0,0,0,0,0,0,0,0,0,68000,0,0,0,68000,0,68000,68000
045648,聯茂凱基93購04  ,0,0,0,0,0,0,0,0,0,68000,0,0,0,68000,0,68000,68000
050715,台積電群益96購01,0,0,0,0,0,0,0,0,0,68000,0,0,0,105000,37000,68000,68000
050328,臻鼎永豐94購03  ,0,0,0,0,0,0,0,0,0,68000,0,0,0,68000,0,68000,68000
050289,光磊凱基94購04  ,0,0,0,0,0,0,0,0,0,68000,0,0,0,68000,0,68000,68000
051351,台積電元大95購15,0,0,0,0,0,0,0,0,0,68000,0,0,0,698000,630000,68000,68000
051140,矽創永豐95購02  ,0,0,0,0,0,0,0,0,0,68000,0,0,0,68000,0,68000,68000
049931,矽力元大94購01  ,0,0,0,0,0,0,0,0,0,68000,0,0,0,87000,19000,68000,68000
049608,旺宏兆豐94購02  ,0,0,0,0,0,0,0,0,0,68000,0,0,0,128000,60000,68000,68000
049823,為升凱基94購04  ,0,0,0,0,0,0,0,0,0,68000,0,0,0,68000,0,68000,68000
049412,為升凱基94購01  ,0,0,0,0,0,0,0,0,0,68000,0,0,0,68000,0,68000,68000
049197,信邦永豐94購01  ,0,0,0,0,0,0,0,0,0,68000,0,0,0,68000,0,68000,68000
054258,牧德元大97購01  ,0,0,0,0,0,0,0,0,0,68000,0,0,0,257000,189000,68000,68000
053960,晶技永豐96購02  ,0,0,0,0,0,0,0,0,0,68000,0,0,0,68000,0,68000,68000
054011,旺宏永豐96購05  ,0,0,0,0,0,0,0,0,0,68000,0,0,0,68000,0,68000,68000
05393P,鴻海統一95售14  ,0,0,0,0,0,0,0,0,0,68000,0,0,0,88000,20000,68000,68000
053733,華邦電中信98購01,0,0,0,0,0,0,0,0,0,68000,0,0,0,78000,10000,68000,68000
053726,TPK凱基96購02   ,0,0,0,0,0,0,0,0,0,68000,0,0,0,68000,0,68000,68000
4532,瑞智            ,80000,8000,72000,0,0,0,0,0,0,-4000,0,4000,-4000,0,0,0,68000
053007,致伸永豐96購01  ,0,0,0,0,0,0,0,0,0,67000,0,0,0,67000,0,67000,67000
052593,台積電群益96購02,0,0,0,0,0,0,0,0,0,67000,0,0,0,381000,314000,67000,67000
052682,上銀元大97購01  ,0,0,0,0,0,0,0,0,0,67000,0,0,0,222000,155000,67000,67000
052672,世紀鋼群益96購02,0,0,0,0,0,0,0,0,0,67000,0,0,0,68000,1000,67000,67000
047240,樺漢凱基93購01  ,0,0,0,0,0,0,0,0,0,67000,0,0,0,77000,10000,67000,67000
052946,智原國票97購02  ,0,0,0,0,0,0,0,0,0,67000,0,0,0,109000,42000,67000,67000
047897,可成群益94購01  ,0,0,0,0,0,0,0,0,0,67000,0,0,0,325000,258000,67000,67000
046869,聯發科統一95購01,0,0,0,0,0,0,0,0,0,67000,0,0,0,70000,3000,67000,67000
049258,美律元大94購03  ,0,0,0,0,0,0,0,0,0,67000,0,0,0,212000,145000,67000,67000
049849,欣興群益94購04  ,0,0,0,0,0,0,0,0,0,67000,0,0,0,112000,45000,67000,67000
050209,華通國票95購01  ,0,0,0,0,0,0,0,0,0,67000,0,0,0,68000,1000,67000,67000
053502,智伸科兆豐97購01,0,0,0,0,0,0,0,0,0,67000,0,0,0,67000,0,67000,67000
053800,華通凱基97購03  ,0,0,0,0,0,0,0,0,0,67000,0,0,0,97000,30000,67000,67000
05387P,鴻海元大95售21  ,0,0,0,0,0,0,0,0,0,67000,0,0,0,103000,36000,67000,67000
05765P,臺股指永豐96售01,0,0,0,0,0,0,0,0,0,67000,0,0,0,67000,0,67000,67000
054433,南亞科台新96購02,0,0,0,0,0,0,0,0,0,67000,0,0,0,117000,50000,67000,67000
052565,上銀凱基96購01  ,0,0,0,0,0,0,0,0,0,66000,0,0,0,178000,112000,66000,66000
052462,上銀統一95購03  ,0,0,0,0,0,0,0,0,0,66000,0,0,0,77000,11000,66000,66000
052402,健策凱基97購01  ,0,0,0,0,0,0,0,0,0,66000,0,0,0,89000,23000,66000,66000
051784,國巨兆豐95購01  ,0,0,0,0,0,0,0,0,0,66000,0,0,0,66000,0,66000,66000
2331,精英            ,98000,68000,30000,0,0,0,0,0,0,36000,30000,6000,24000,12000,0,12000,66000
00865B,國泰US短期公債  ,0,0,0,0,0,0,0,0,0,66000,0,0,0,66000,0,66000,66000
048452,緯創凱基93購04  ,0,0,0,0,0,0,0,0,0,66000,0,0,0,71000,5000,66000,66000
046821,奇鋐凱基93購02  ,0,0,0,0,0,0,0,0,0,66000,0,0,0,86000,20000,66000,66000
047078,上海銀兆豐93購01,0,0,0,0,0,0,0,0,0,66000,0,0,0,81000,15000,66000,66000
050627,華通中信94購02  ,0,0,0,0,0,0,0,0,0,66000,0,0,0,101000,35000,66000,66000
050596,昇陽半永豐94購03,0,0,0,0,0,0,0,0,0,66000,0,0,0,206000,140000,66000,66000
050744,健策永豐94購04  ,0,0,0,0,0,0,0,0,0,66000,0,0,0,191000,125000,66000,66000
054380,世芯群益97購02  ,0,0,0,0,0,0,0,0,0,66000,0,0,0,68000,2000,66000,66000
2233,宇隆            ,97000,26000,71000,0,0,0,0,0,0,-6000,0,0,0,0,6000,-6000,65000
053050,華通國票97購02  ,0,0,0,0,0,0,0,0,0,65000,0,0,0,65000,0,65000,65000
053077,同欣電永豐96購01,0,0,0,0,0,0,0,0,0,65000,0,0,0,65000,0,65000,65000
052799,上銀元大96購01  ,0,0,0,0,0,0,0,0,0,65000,0,0,0,93000,28000,65000,65000
051482,玉晶光凱基96購01,0,0,0,0,0,0,0,0,0,65000,0,0,0,207000,142000,65000,65000
05226P,智邦統一95售01  ,0,0,0,0,0,0,0,0,0,65000,0,0,0,173000,108000,65000,65000
05220P,台積電元大95售16,0,0,0,0,0,0,0,0,0,65000,0,0,0,210000,145000,65000,65000
044968,旺宏麥證92購02  ,0,0,0,65000,0,65000,0,0,0,65000,0,0,0,65000,0,65000,65000
044418,臻鼎統一91購01  ,0,0,0,0,0,0,0,0,0,65000,0,0,0,75000,10000,65000,65000
044224,超眾凱基93購01  ,0,0,0,0,0,0,0,0,0,65000,0,0,0,75000,10000,65000,65000
047043,廣越群益93購01  ,0,0,0,0,0,0,0,0,0,65000,0,0,0,65000,0,65000,65000
046941,瑞昱元大93購08  ,0,0,0,0,0,0,0,0,0,65000,0,0,0,70000,5000,65000,65000
046755,瑞昱凱基93購05  ,0,0,0,0,0,0,0,0,0,65000,0,0,0,68000,3000,65000,65000
046675,GIS元大93購06   ,0,0,0,0,0,0,0,0,0,65000,0,0,0,111000,46000,65000,65000
046354,聯詠群益92購02  ,0,0,0,0,0,0,0,0,0,65000,0,0,0,65000,0,65000,65000
050930,矽格凱基95購01  ,0,0,0,0,0,0,0,0,0,65000,0,0,0,68000,3000,65000,65000
051356,全新元大96購04  ,0,0,0,0,0,0,0,0,0,65000,0,0,0,160000,95000,65000,65000
051463,世芯國泰97購02  ,0,0,0,0,0,0,0,0,0,65000,0,0,0,101000,36000,65000,65000
051201,台積電麥證95購02,0,0,0,125000,60000,65000,0,0,0,65000,0,0,0,125000,60000,65000,65000
048583,智原富邦98購01  ,0,0,0,0,0,0,0,0,0,65000,0,0,0,360000,295000,65000,65000
052204,台泥中信96購01  ,0,0,0,0,0,0,0,0,0,64000,0,0,0,67000,3000,64000,64000
052275,日月光群益95購01,0,0,0,0,0,0,0,0,0,64000,0,0,0,70000,6000,64000,64000
051814,鈺齊凱基95購01  ,0,0,0,0,0,0,0,0,0,64000,0,0,0,80000,16000,64000,64000
052067,中磊兆豐96購01  ,0,0,0,0,0,0,0,0,0,64000,0,0,0,123000,59000,64000,64000
053198,亞德客日盛96購01,0,0,0,0,0,0,0,0,0,64000,0,0,0,142000,78000,64000,64000
048193,旺宏元大94購05  ,0,0,0,0,0,0,0,0,0,64000,0,0,0,323000,259000,64000,64000
047833,全新元大94購02  ,0,0,0,0,0,0,0,0,0,64000,0,0,0,74000,10000,64000,64000
048823,漢唐凱基94購01  ,0,0,0,0,0,0,0,0,0,64000,0,0,0,64000,0,64000,64000
049250,華通元大95購04  ,0,0,0,0,0,0,0,0,0,64000,0,0,0,353000,289000,64000,64000
050150,國巨群益95購01  ,0,0,0,0,0,0,0,0,0,64000,0,0,0,149000,85000,64000,64000
051251,信邦元大95購01  ,0,0,0,0,0,0,0,0,0,64000,0,0,0,69000,5000,64000,64000
050901,樺漢元大95購02  ,0,0,0,0,0,0,0,0,0,64000,0,0,0,65000,1000,64000,64000
054356,可成兆豐97購01  ,0,0,0,0,0,0,0,0,0,64000,0,0,0,94000,30000,64000,64000
05587P,鴻海凱基96售12  ,0,0,0,0,0,0,0,0,0,64000,0,0,0,374000,310000,64000,64000
053964,上銀元大96購05  ,0,0,0,0,0,0,0,0,0,64000,0,0,0,77000,13000,64000,64000
053748,燿華永豐96購04  ,0,0,0,0,0,0,0,0,0,64000,0,0,0,149000,85000,64000,64000
054288,華邦電元大96購05,0,0,0,0,0,0,0,0,0,64000,0,0,0,100000,36000,64000,64000
054018,華新台新96購01  ,0,0,0,0,0,0,0,0,0,64000,0,0,0,132000,68000,64000,64000
053609,華新中信9A購01  ,0,0,0,0,0,0,0,0,0,64000,0,0,0,192000,128000,64000,64000
053399,創意中信96購01  ,0,0,0,0,0,0,0,0,0,63000,0,0,0,79000,16000,63000,63000
051570,和碩富邦97購01  ,0,0,0,0,0,0,0,0,0,63000,0,0,0,324000,261000,63000,63000
052396,台積電凱基97購01,0,0,0,0,0,0,0,0,0,63000,0,0,0,77000,14000,63000,63000
048293,聯詠群益93購04  ,0,0,0,0,0,0,0,0,0,63000,0,0,0,72000,9000,63000,63000
045384,強茂元大92購01  ,0,0,0,0,0,0,0,0,0,63000,0,0,0,65000,2000,63000,63000
044286,智邦凱基91購04  ,0,0,0,0,0,0,0,0,0,63000,0,0,0,63000,0,63000,63000
04076P,臺股指凱基93售12,0,0,0,0,0,0,0,0,0,63000,0,0,0,1262000,1199000,63000,63000
042943,金寶國票92購01  ,0,0,0,0,0,0,0,0,0,63000,0,0,0,63000,0,63000,63000
048059,欣興國泰95購01  ,0,0,0,0,0,0,0,0,0,63000,0,0,0,68000,5000,63000,63000
047830,智邦元大93購08  ,0,0,0,0,0,0,0,0,0,63000,0,0,0,63000,0,63000,63000
047676,臺股指元富99購01,0,0,0,0,0,0,0,0,0,63000,0,0,0,64000,1000,63000,63000
047898,嘉澤群益93購02  ,0,0,0,0,0,0,0,0,0,63000,0,0,0,83000,20000,63000,63000
051002,華邦電亞東96購01,0,0,0,0,0,0,0,0,0,63000,0,0,0,63000,0,63000,63000
050859,訊芯康和95購01  ,0,0,0,0,0,0,0,0,0,63000,0,0,0,68000,5000,63000,63000
049264,奇鋐元大95購01  ,0,0,0,0,0,0,0,0,0,63000,0,0,0,687000,624000,63000,63000
049365,美律元大94購04  ,0,0,0,0,0,0,0,0,0,63000,0,0,0,63000,0,63000,63000
054228,貿聯元富96購03  ,0,0,0,0,0,0,0,0,0,63000,0,0,0,63000,0,63000,63000
053730,樺漢凱基98購01  ,0,0,0,0,0,0,0,0,0,63000,0,0,0,63000,0,63000,63000
053995,奇力新群益97購02,0,0,0,0,0,0,0,0,0,63000,0,0,0,163000,100000,63000,63000
053896,麗豐群益97購01  ,0,0,0,0,0,0,0,0,0,63000,0,0,0,63000,0,63000,63000
00743,國泰中國A150    ,4000,0,4000,0,0,0,0,0,0,58860,0,0,0,98860,40000,58860,62860
05186P,鈺齊中信95售02  ,0,0,0,0,0,0,0,0,0,62000,0,0,0,67000,5000,62000,62000
053206,聯發科麥證96購02,0,0,0,120000,58000,62000,0,0,0,62000,0,0,0,120000,58000,62000,62000
053081,上銀元大97購02  ,0,0,0,0,0,0,0,0,0,62000,0,0,0,81000,19000,62000,62000
2034,允強            ,68000,6000,62000,0,0,0,0,0,0,0,0,0,0,0,0,0,62000
3028,增你強          ,67000,5000,62000,0,0,0,0,0,0,0,0,0,0,0,0,0,62000
046621,智伸科凱基93購02,0,0,0,0,0,0,0,0,0,62000,0,0,0,62000,0,62000,62000
049437,可成國泰96購01  ,0,0,0,0,0,0,0,0,0,62000,0,0,0,201000,139000,62000,62000
050072,京鼎凱基94購02  ,0,0,0,0,0,0,0,0,0,62000,0,0,0,112000,50000,62000,62000
050067,美食凱基94購02  ,0,0,0,0,0,0,0,0,0,62000,0,0,0,72000,10000,62000,62000
050267,奇鋐元大94購03  ,0,0,0,0,0,0,0,0,0,62000,0,0,0,177000,115000,62000,62000
050494,可成永昌96購01  ,0,0,0,0,0,0,0,0,0,62000,0,0,0,194000,132000,62000,62000
053610,矽力中信98購01  ,0,0,0,0,0,0,0,0,0,62000,0,0,0,120000,58000,62000,62000
053552,華新科凱基96購08,0,0,0,0,0,0,0,0,0,62000,0,0,0,74000,12000,62000,62000
05201P,玉晶光國泰97售02,0,0,0,0,0,0,0,0,0,61000,0,0,0,111000,50000,61000,61000
052567,台積電凱基96購05,0,0,0,0,0,0,0,0,0,61000,0,0,0,207000,146000,61000,61000
052669,群創群益98購06  ,0,0,0,0,0,0,0,0,0,61000,0,0,0,61000,0,61000,61000
044352,南亞科元大91購11,0,0,0,0,0,0,0,0,0,61000,0,0,0,61000,0,61000,61000
048431,瑞昱國票94購01  ,0,0,0,0,0,0,0,0,0,61000,0,0,0,61000,0,61000,61000
047932,麗豐凱基93購01  ,0,0,0,0,0,0,0,0,0,61000,0,0,0,91000,30000,61000,61000
047039,晶技群益93購02  ,0,0,0,0,0,0,0,0,0,61000,0,0,0,68000,7000,61000,61000
050321,GIS國票95購02   ,0,0,0,0,0,0,0,0,0,61000,0,0,0,61000,0,61000,61000
9911,櫻花            ,114000,53000,61000,0,0,0,0,0,0,0,0,0,0,0,0,0,61000
053984,康友元大96購05  ,0,0,0,0,0,0,0,0,0,61000,0,0,0,462000,401000,61000,61000
052574,茂林凱基96購02  ,0,0,0,0,0,0,0,0,0,60000,0,0,0,146000,86000,60000,60000
052365,聯詠國票95購02  ,0,0,0,0,0,0,0,0,0,60000,0,0,0,60000,0,60000,60000
052332,美律亞東96購01  ,0,0,0,0,0,0,0,0,0,60000,0,0,0,64000,4000,60000,60000
052105,南亞科兆豐95購01,0,0,0,0,0,0,0,0,0,60000,0,0,0,154000,94000,60000,60000
051827,智邦元大95購04  ,0,0,0,0,0,0,0,0,0,60000,0,0,0,212000,152000,60000,60000
1457,宜進            ,71000,11000,60000,0,0,0,0,0,0,0,0,0,0,0,0,0,60000
052779,欣興國票97購01  ,0,0,0,0,0,0,0,0,0,60000,0,0,0,60000,0,60000,60000
053246,聯詠國票97購02  ,0,0,0,0,0,0,0,0,0,60000,0,0,0,60000,0,60000,60000
04842P,群創元大96售02  ,0,0,0,0,0,0,0,0,0,60000,0,0,0,60000,0,60000,60000
043577,欣興統一91購01  ,0,0,0,0,0,0,0,0,0,60000,0,0,0,80000,20000,60000,60000
043594,南亞科元大91購06,0,0,0,0,0,0,0,0,0,60000,0,0,0,60000,0,60000,60000
044430,上銀元大92購03  ,0,0,0,0,0,0,0,0,0,60000,0,0,0,60000,0,60000,60000
04218P,正文國票93售03  ,0,0,0,0,0,0,0,0,0,60000,0,0,0,90000,30000,60000,60000
04177P,富邦金元大94售01,0,0,0,0,0,0,0,0,0,60000,0,0,0,60000,0,60000,60000
00664R,國泰臺灣加權反1 ,0,0,0,0,0,0,0,0,0,60000,0,0,0,554000,494000,60000,60000
03732P,大立光元大93售16,0,0,0,0,0,0,0,0,0,60000,0,0,0,85000,25000,60000,60000
03026P,國巨元大01售13  ,0,0,0,0,0,0,0,0,0,60000,0,0,0,60000,0,60000,60000
03149P,鴻海群益01售12  ,0,0,0,0,0,0,0,0,0,60000,0,0,0,230000,170000,60000,60000
042765,健鼎元大91購01  ,0,0,0,0,0,0,0,0,0,60000,0,0,0,60000,0,60000,60000
03311P,欣興凱基02售05  ,0,0,0,0,0,0,0,0,0,60000,0,0,0,260000,200000,60000,60000
047836,國泰金元大93購01,0,0,0,0,0,0,0,0,0,60000,0,0,0,100000,40000,60000,60000
048144,華固統一93購01  ,0,0,0,0,0,0,0,0,0,60000,0,0,0,60000,0,60000,60000
048477,易華電永豐93購04,0,0,0,0,0,0,0,0,0,60000,0,0,0,60000,0,60000,60000
046620,智伸科凱基93購01,0,0,0,0,0,0,0,0,0,60000,0,0,0,60000,0,60000,60000
046390,旺宏統一94購02  ,0,0,0,0,0,0,0,0,0,60000,0,0,0,60000,0,60000,60000
047838,亞光元大93購03  ,0,0,0,0,0,0,0,0,0,60000,0,0,0,91000,31000,60000,60000
048019,GIS麥證94購01   ,0,0,0,90000,30000,60000,0,0,0,60000,0,0,0,90000,30000,60000,60000
048079,燿華日盛93購01  ,0,0,0,0,0,0,0,0,0,60000,0,0,0,60000,0,60000,60000
046569,同欣電元富92購02,0,0,0,0,0,0,0,0,0,60000,0,0,0,90000,30000,60000,60000
047193,南電元大94購02  ,0,0,0,0,0,0,0,0,0,60000,0,0,0,60000,0,60000,60000
045559,奇鋐國票92購01  ,0,0,0,0,0,0,0,0,0,60000,0,0,0,60000,0,60000,60000
048641,美律元大94購01  ,0,0,0,0,0,0,0,0,0,60000,0,0,0,60000,0,60000,60000
047403,香港2X統一93購01,0,0,0,0,0,0,0,0,0,60000,0,0,0,60000,0,60000,60000
045863,健策統一92購01  ,0,0,0,0,0,0,0,0,0,60000,0,0,0,60000,0,60000,60000
050514,聯電元大94購01  ,0,0,0,0,0,0,0,0,0,60000,0,0,0,60000,0,60000,60000
050546,可成凱基94購13  ,0,0,0,0,0,0,0,0,0,60000,0,0,0,80000,20000,60000,60000
050470,智邦台新94購01  ,0,0,0,0,0,0,0,0,0,60000,0,0,0,98000,38000,60000,60000
050865,欣興永豐95購01  ,0,0,0,0,0,0,0,0,0,60000,0,0,0,60000,0,60000,60000
050796,燿華中信95購01  ,0,0,0,0,0,0,0,0,0,60000,0,0,0,210000,150000,60000,60000
050839,楠梓電國票96購01,0,0,0,0,0,0,0,0,0,60000,0,0,0,60000,0,60000,60000
050602,訊芯國泰96購01  ,0,0,0,0,0,0,0,0,0,60000,0,0,0,203000,143000,60000,60000
051109,美律統一95購02  ,0,0,0,0,0,0,0,0,0,60000,0,0,0,115000,55000,60000,60000
05107P,鴻海兆豐96售02  ,0,0,0,0,0,0,0,0,0,60000,0,0,0,60000,0,60000,60000
051341,訊連永豐95購02  ,0,0,0,0,0,0,0,0,0,60000,0,0,0,60000,0,60000,60000
049936,柏文元大94購02  ,0,0,0,0,0,0,0,0,0,60000,0,0,0,60000,0,60000,60000
050087,美食台新94購01  ,0,0,0,0,0,0,0,0,0,60000,0,0,0,60000,0,60000,60000
049727,台積電中信94購02,0,0,0,0,0,0,0,0,0,60000,0,0,0,80000,20000,60000,60000
048927,兆赫永豐94購01  ,0,0,0,0,0,0,0,0,0,60000,0,0,0,60000,0,60000,60000
048911,玉晶光富邦96購01,0,0,0,0,0,0,0,0,0,60000,0,0,0,79000,19000,60000,60000
049217,智邦國票95購01  ,0,0,0,0,0,0,0,0,0,60000,0,0,0,60000,0,60000,60000
054226,燿華元富96購02  ,0,0,0,0,0,0,0,0,0,60000,0,0,0,70000,10000,60000,60000
054121,奇鋐永豐96購02  ,0,0,0,0,0,0,0,0,0,60000,0,0,0,125000,65000,60000,60000
053561,玉晶光國泰98購01,0,0,0,0,0,0,0,0,0,60000,0,0,0,401000,341000,60000,60000
053568,智伸科富邦98購01,0,0,0,0,0,0,0,0,0,60000,0,0,0,183000,123000,60000,60000
9937,全國            ,60000,0,60000,0,0,0,0,0,0,0,0,0,0,0,0,0,60000
05478P,智伸科國票96售02,0,0,0,0,0,0,0,0,0,60000,0,0,0,60000,0,60000,60000
05802P,臺股指兆豐96售02,0,0,0,0,0,0,0,0,0,60000,0,0,0,60000,0,60000,60000
05741P,聯發科元大96售14,0,0,0,0,0,0,0,0,0,60000,0,0,0,238000,178000,60000,60000
054342,亞光元富99購01  ,0,0,0,0,0,0,0,0,0,60000,0,0,0,478000,418000,60000,60000
054453,上海銀亞東96購01,0,0,0,0,0,0,0,0,0,60000,0,0,0,60000,0,60000,60000
07383P,聯發科群益99售06,0,0,0,0,0,0,0,0,0,60000,0,0,0,60000,0,60000,60000
05955P,台光電國票97售02,0,0,0,0,0,0,0,0,0,60000,0,0,0,60000,0,60000,60000
053245,全新國票97購01  ,0,0,0,0,0,0,0,0,0,59000,0,0,0,62000,3000,59000,59000
052827,昇陽半永豐97購01,0,0,0,0,0,0,0,0,0,59000,0,0,0,60000,1000,59000,59000
052854,聯詠日盛96購01  ,0,0,0,0,0,0,0,0,0,59000,0,0,0,79000,20000,59000,59000
053074,嘉晶永豐96購02  ,0,0,0,0,0,0,0,0,0,59000,0,0,0,266000,207000,59000,59000
1709,和益            ,59000,0,59000,0,0,0,0,0,0,0,0,0,0,0,0,0,59000
051778,全新群益95購01  ,0,0,0,0,0,0,0,0,0,59000,0,0,0,60000,1000,59000,59000
051958,貿聯台新95購01  ,0,0,0,0,0,0,0,0,0,59000,0,0,0,59000,0,59000,59000
040692,可成統一92購01  ,0,0,0,0,0,0,0,0,0,59000,0,0,0,60000,1000,59000,59000
044296,嘉聯益凱基93購01,0,0,0,0,0,0,0,0,0,59000,0,0,0,115000,56000,59000,59000
044509,台光電凱基93購03,0,0,0,0,0,0,0,0,0,59000,0,0,0,144000,85000,59000,59000
052951,GIS國票97購02   ,0,0,0,0,0,0,0,0,0,59000,0,0,0,59000,0,59000,59000
047547,友達凱基99購02  ,0,0,0,0,0,0,0,0,0,59000,0,0,0,79000,20000,59000,59000
045704,微星日盛92購01  ,0,0,0,0,0,0,0,0,0,59000,0,0,0,97000,38000,59000,59000
049961,GIS統一94購01   ,0,0,0,0,0,0,0,0,0,59000,0,0,0,134000,75000,59000,59000
050699,京鼎凱基96購01  ,0,0,0,0,0,0,0,0,0,59000,0,0,0,165000,106000,59000,59000
053538,京鼎永豐96購03  ,0,0,0,0,0,0,0,0,0,59000,0,0,0,74000,15000,59000,59000
5525,順天            ,65000,6000,59000,0,0,0,0,0,0,0,0,0,0,0,0,0,59000
052845,旺宏統一97購01  ,0,0,0,0,0,0,0,0,0,58000,0,0,0,98000,40000,58000,58000
053158,茂林元大96購01  ,0,0,0,0,0,0,0,0,0,58000,0,0,0,58000,0,58000,58000
053410,啟碁兆豐96購01  ,0,0,0,0,0,0,0,0,0,58000,0,0,0,58000,0,58000,58000
053347,茂林國票98購01  ,0,0,0,0,0,0,0,0,0,58000,0,0,0,144000,86000,58000,58000
044457,滬深2X國票97購01,0,0,0,0,0,0,0,0,0,58000,0,0,0,93000,35000,58000,58000
043888,台郡元大91購03  ,0,0,0,0,0,0,0,0,0,58000,0,0,0,88000,30000,58000,58000
048162,矽力麥證93購01  ,0,0,0,80000,12000,68000,0,0,0,58000,0,0,0,80000,22000,58000,58000
048312,致茂凱基93購02  ,0,0,0,0,0,0,0,0,0,58000,0,0,0,68000,10000,58000,58000
044284,聯電凱基92購01  ,0,0,0,0,0,0,0,0,0,58000,0,0,0,208000,150000,58000,58000
043028,南電元大92購01  ,0,0,0,0,0,0,0,0,0,58000,0,0,0,58000,0,58000,58000
046982,瀚宇博兆豐94購02,0,0,0,0,0,0,0,0,0,58000,0,0,0,172000,114000,58000,58000
048667,旺宏永豐94購02  ,0,0,0,0,0,0,0,0,0,58000,0,0,0,178000,120000,58000,58000
048567,台郡元大93購03  ,0,0,0,0,0,0,0,0,0,58000,0,0,0,88000,30000,58000,58000
05123P,鴻海永昌96售07  ,0,0,0,0,0,0,0,0,0,58000,0,0,0,460000,402000,58000,58000
051204,正崴麥證95購01  ,0,0,0,58000,0,58000,0,0,0,58000,0,0,0,58000,0,58000,58000
051118,台塑群益95購01  ,0,0,0,0,0,0,0,0,0,58000,0,0,0,275000,217000,58000,58000
048918,上証2X永豐94購01,0,0,0,0,0,0,0,0,0,58000,0,0,0,150000,92000,58000,58000
8131,福懋科          ,113000,50000,63000,0,0,0,0,0,0,-5000,0,5000,-5000,0,0,0,58000
054254,晶豪科元大96購02,0,0,0,0,0,0,0,0,0,58000,0,0,0,191000,133000,58000,58000
053968,華邦電元大97購01,0,0,0,0,0,0,0,0,0,58000,0,0,0,157000,99000,58000,58000
053728,茂林凱基97購01  ,0,0,0,0,0,0,0,0,0,58000,0,0,0,58000,0,58000,58000
2851,中再保          ,64000,7000,57000,0,0,0,0,0,0,0,0,0,0,0,0,0,57000
2451,創見            ,218000,60000,158000,0,0,0,0,0,0,-101000,4000,3000,1000,0,102000,-102000,57000
052214,智伸科元大96購01,0,0,0,0,0,0,0,0,0,57000,0,0,0,145000,88000,57000,57000
052419,上証2X國票96購02,0,0,0,0,0,0,0,0,0,57000,0,0,0,77000,20000,57000,57000
04165P,南亞科元富95售03,0,0,0,0,0,0,0,0,0,57000,0,0,0,101000,44000,57000,57000
043970,為升富邦94購01  ,0,0,0,0,0,0,0,0,0,57000,0,0,0,57000,0,57000,57000
044090,台光電元富91購03,0,0,0,0,0,0,0,0,0,57000,0,0,0,57000,0,57000,57000
048747,華通元富97購01  ,0,0,0,0,0,0,0,0,0,57000,0,0,0,84000,27000,57000,57000
046521,台郡元大92購06  ,0,0,0,0,0,0,0,0,0,57000,0,0,0,90000,33000,57000,57000
045586,創意元大93購03  ,0,0,0,0,0,0,0,0,0,57000,0,0,0,60000,3000,57000,57000
046978,復盛永豐93購01  ,0,0,0,0,0,0,0,0,0,57000,0,0,0,116000,59000,57000,57000
047908,南亞科元大93購02,0,0,0,0,0,0,0,0,0,57000,0,0,0,155000,98000,57000,57000
047167,農林康和93購01  ,0,0,0,0,0,0,0,0,0,57000,0,0,0,110000,53000,57000,57000
046595,奇鋐第一93購01  ,0,0,0,0,0,0,0,0,0,57000,0,0,0,57000,0,57000,57000
046396,矽創國泰93購01  ,0,0,0,0,0,0,0,0,0,57000,0,0,0,105000,48000,57000,57000
050089,臻鼎台新94購01  ,0,0,0,0,0,0,0,0,0,57000,0,0,0,57000,0,57000,57000
051030,康友元富95購01  ,0,0,0,0,0,0,0,0,0,57000,0,0,0,89000,32000,57000,57000
054202,樺漢富邦97購01  ,0,0,0,0,0,0,0,0,0,57000,0,0,0,58000,1000,57000,57000
052298,易華電國票96購01,0,0,0,0,0,0,0,0,0,56000,0,0,0,56000,0,56000,56000
051793,臻鼎國票95購02  ,0,0,0,0,0,0,0,0,0,56000,0,0,0,56000,0,56000,56000
051737,瑞昱國票96購01  ,0,0,0,0,0,0,0,0,0,56000,0,0,0,61000,5000,56000,56000
045277,瑞儀統一92購01  ,0,0,0,0,0,0,0,0,0,56000,0,0,0,112000,56000,56000,56000
03857P,聯發科元富99售02,0,0,0,0,0,0,0,0,0,56000,0,0,0,70000,14000,56000,56000
046649,致伸國泰94購01  ,0,0,0,0,0,0,0,0,0,56000,0,0,0,94000,38000,56000,56000
047182,智邦元大93購07  ,0,0,0,0,0,0,0,0,0,56000,0,0,0,56000,0,56000,56000
047235,嘉澤凱基93購01  ,0,0,0,0,0,0,0,0,0,56000,0,0,0,87000,31000,56000,56000
051182,旺宏永豐95購01  ,0,0,0,0,0,0,0,0,0,56000,0,0,0,201000,145000,56000,56000
05118P,超眾元大96售04  ,0,0,0,0,0,0,0,0,0,56000,0,0,0,66000,10000,56000,56000
050820,美食凱基95購01  ,0,0,0,0,0,0,0,0,0,56000,0,0,0,56000,0,56000,56000
050310,卜蜂兆豐94購01  ,0,0,0,0,0,0,0,0,0,56000,0,0,0,58000,2000,56000,56000
049489,美律元大94購05  ,0,0,0,0,0,0,0,0,0,56000,0,0,0,65000,9000,56000,56000
6136,富爾特          ,56000,0,56000,0,0,0,0,0,0,0,0,0,0,0,0,0,56000
05360P,健策元大95售03  ,0,0,0,0,0,0,0,0,0,56000,0,0,0,81000,25000,56000,56000
051633,可成國票96購03  ,0,0,0,0,0,0,0,0,0,55000,0,0,0,64000,9000,55000,55000
051554,鎧勝永豐95購01  ,0,0,0,0,0,0,0,0,0,55000,0,0,0,55000,0,55000,55000
052172,致茂元大95購01  ,0,0,0,0,0,0,0,0,0,55000,0,0,0,320000,265000,55000,55000
052586,晶豪科永豐96購01,0,0,0,0,0,0,0,0,0,55000,0,0,0,60000,5000,55000,55000
2908,特力            ,63000,8000,55000,0,0,0,0,0,0,0,0,0,0,0,0,0,55000
1321,大洋            ,150000,94000,56000,0,0,0,0,0,0,-1000,0,1000,-1000,0,0,0,55000
053334,訊芯永豐96購01  ,0,0,0,0,0,0,0,0,0,55000,0,0,0,203000,148000,55000,55000
043475,聯茂元大92購01  ,0,0,0,0,0,0,0,0,0,55000,0,0,0,55000,0,55000,55000
04014P,聯發科元大93售18,0,0,0,0,0,0,0,0,0,55000,0,0,0,55000,0,55000,55000
043930,南亞科永豐91購01,0,0,0,0,0,0,0,0,0,55000,0,0,0,55000,0,55000,55000
044818,可成兆豐93購02  ,0,0,0,0,0,0,0,0,0,55000,0,0,0,58000,3000,55000,55000
045362,A50正2兆豐93購02,0,0,0,0,0,0,0,0,0,55000,0,0,0,55000,0,55000,55000
043533,台郡元大91購02  ,0,0,0,0,0,0,0,0,0,55000,0,0,0,55000,0,55000,55000
048281,矽力永豐93購02  ,0,0,0,0,0,0,0,0,0,55000,0,0,0,85000,30000,55000,55000
048046,正崴永豐93購01  ,0,0,0,0,0,0,0,0,0,55000,0,0,0,88000,33000,55000,55000
047617,瑞昱凱基93購07  ,0,0,0,0,0,0,0,0,0,55000,0,0,0,206000,151000,55000,55000
046698,致伸凱基93購01  ,0,0,0,0,0,0,0,0,0,55000,0,0,0,55000,0,55000,55000
046134,致新國泰93購02  ,0,0,0,0,0,0,0,0,0,55000,0,0,0,230000,175000,55000,55000
048485,泰鼎國泰94購02  ,0,0,0,0,0,0,0,0,0,55000,0,0,0,55000,0,55000,55000
047106,喬山元大93購01  ,0,0,0,0,0,0,0,0,0,55000,0,0,0,110000,55000,55000,55000
048848,滬深2X群益98購02,0,0,0,0,0,0,0,0,0,55000,0,0,0,55000,0,55000,55000
049053,可成永豐94購01  ,0,0,0,0,0,0,0,0,0,55000,0,0,0,80000,25000,55000,55000
049142,智邦元大94購01  ,0,0,0,0,0,0,0,0,0,55000,0,0,0,55000,0,55000,55000
049711,劍麟凱基94購01  ,0,0,0,0,0,0,0,0,0,55000,0,0,0,55000,0,55000,55000
050263,旺宏元大94購10  ,0,0,0,0,0,0,0,0,0,55000,0,0,0,266000,211000,55000,55000
050853,南電國票96購01  ,0,0,0,0,0,0,0,0,0,55000,0,0,0,65000,10000,55000,55000
051449,玉晶光元大96購01,0,0,0,0,0,0,0,0,0,55000,0,0,0,55000,0,55000,55000
053427,鎧勝永豐96購02  ,0,0,0,0,0,0,0,0,0,55000,0,0,0,55000,0,55000,55000
054247,華邦電元大96購04,0,0,0,0,0,0,0,0,0,55000,0,0,0,157000,102000,55000,55000
05371P,臺股指中信95售10,0,0,0,0,0,0,0,0,0,55000,0,0,0,97000,42000,55000,55000
05377P,鴻海凱基95售18  ,0,0,0,0,0,0,0,0,0,55000,0,0,0,55000,0,55000,55000
053958,京元電永豐96購01,0,0,0,0,0,0,0,0,0,55000,0,0,0,123000,68000,55000,55000
05535P,台積電元大97售06,0,0,0,0,0,0,0,0,0,55000,0,0,0,657000,602000,55000,55000
053043,嘉晶凱基96購01  ,0,0,0,0,0,0,0,0,0,54000,0,0,0,56000,2000,54000,54000
053027,玉晶光富邦98購01,0,0,0,0,0,0,0,0,0,54000,0,0,0,61000,7000,54000,54000
1701,中化            ,77000,23000,54000,0,0,0,0,0,0,0,0,0,0,0,0,0,54000
051618,智邦凱基95購06  ,0,0,0,0,0,0,0,0,0,54000,0,0,0,63000,9000,54000,54000
051919,台郡元大96購02  ,0,0,0,0,0,0,0,0,0,54000,0,0,0,273000,219000,54000,54000
048271,可成富邦95購02  ,0,0,0,0,0,0,0,0,0,54000,0,0,0,54000,0,54000,54000
04612P,上銀群益94售01  ,0,0,0,0,0,0,0,0,0,54000,0,0,0,55000,1000,54000,54000
046987,智邦凱基93購04  ,0,0,0,0,0,0,0,0,0,54000,0,0,0,54000,0,54000,54000
046067,富邦金凱基92購02,0,0,0,0,0,0,0,0,0,54000,0,0,0,86000,32000,54000,54000
046531,臻鼎兆豐92購02  ,0,0,0,0,0,0,0,0,0,54000,0,0,0,272000,218000,54000,54000
048691,智伸科群益94購01,0,0,0,0,0,0,0,0,0,54000,0,0,0,80000,26000,54000,54000
050260,鴻海元大94購15  ,0,0,0,0,0,0,0,0,0,54000,0,0,0,374000,320000,54000,54000
048861,牧德群益94購01  ,0,0,0,0,0,0,0,0,0,54000,0,0,0,448000,394000,54000,54000
05515P,台積電群益96售03,0,0,0,0,0,0,0,0,0,54000,0,0,0,1414000,1360000,54000,54000
054424,大成鋼富邦97購02,0,0,0,0,0,0,0,0,0,54000,0,0,0,54000,0,54000,54000
053823,茂林群益96購06  ,0,0,0,0,0,0,0,0,0,54000,0,0,0,136000,82000,54000,54000
053843,訊芯統一96購01  ,0,0,0,0,0,0,0,0,0,54000,0,0,0,107000,53000,54000,54000
053830,台積電台新96購02,0,0,0,0,0,0,0,0,0,54000,0,0,0,99000,45000,54000,54000
054155,美律第一96購01  ,0,0,0,0,0,0,0,0,0,54000,0,0,0,95000,41000,54000,54000
052483,超眾群益95購03  ,0,0,0,0,0,0,0,0,0,53000,0,0,0,175000,122000,53000,53000
048296,康控群益93購03  ,0,0,0,0,0,0,0,0,0,53000,0,0,0,63000,10000,53000,53000
043647,台積電國票92購01,0,0,0,0,0,0,0,0,0,53000,0,0,0,136000,83000,53000,53000
044722,滬深2X永豐93購01,0,0,0,0,0,0,0,0,0,53000,0,0,0,58000,5000,53000,53000
048800,瑞昱富邦94購01  ,0,0,0,0,0,0,0,0,0,53000,0,0,0,93000,40000,53000,53000
047319,晶技元大93購02  ,0,0,0,0,0,0,0,0,0,53000,0,0,0,76000,23000,53000,53000
046338,致伸中信92購01  ,0,0,0,0,0,0,0,0,0,53000,0,0,0,53000,0,53000,53000
047869,景碩永豐93購01  ,0,0,0,0,0,0,0,0,0,53000,0,0,0,103000,50000,53000,53000
047177,上銀元大93購05  ,0,0,0,0,0,0,0,0,0,53000,0,0,0,53000,0,53000,53000
049087,晶相光凱基94購02,0,0,0,0,0,0,0,0,0,53000,0,0,0,66000,13000,53000,53000
049284,瑞昱中信94購02  ,0,0,0,0,0,0,0,0,0,53000,0,0,0,136000,83000,53000,53000
049627,嘉聯益群益94購02,0,0,0,0,0,0,0,0,0,53000,0,0,0,53000,0,53000,53000
049592,欣興元大96購01  ,0,0,0,0,0,0,0,0,0,53000,0,0,0,53000,0,53000,53000
050091,喬山永豐94購02  ,0,0,0,0,0,0,0,0,0,53000,0,0,0,53000,0,53000,53000
050418,為升凱基94購06  ,0,0,0,0,0,0,0,0,0,53000,0,0,0,68000,15000,53000,53000
050719,世紀鋼群益96購01,0,0,0,0,0,0,0,0,0,53000,0,0,0,157000,104000,53000,53000
051281,健策兆豐96購01  ,0,0,0,0,0,0,0,0,0,53000,0,0,0,59000,6000,53000,53000
054260,貿聯元大96購03  ,0,0,0,0,0,0,0,0,0,53000,0,0,0,73000,20000,53000,53000
052539,華邦電統一95購01,0,0,0,0,0,0,0,0,0,52000,0,0,0,248000,196000,52000,52000
052240,臻鼎國票96購03  ,0,0,0,0,0,0,0,0,0,52000,0,0,0,52000,0,52000,52000
2506,太設            ,52000,0,52000,0,0,0,0,0,0,0,0,0,0,0,0,0,52000
045175,康控國票92購01  ,0,0,0,0,0,0,0,0,0,52000,0,0,0,105000,53000,52000,52000
044039,康控群益93購01  ,0,0,0,0,0,0,0,0,0,52000,0,0,0,76000,24000,52000,52000
039676,華新科國泰91購02,0,0,0,0,0,0,0,0,0,52000,0,0,0,52000,0,52000,52000
045346,潤泰全凱基92購02,0,0,0,0,0,0,0,0,0,52000,0,0,0,61000,9000,52000,52000
035274,華新台新97購01  ,0,0,0,0,0,0,0,0,0,52000,0,0,0,128000,76000,52000,52000
03635C,滬深2X元富99牛01,0,0,0,0,0,0,0,0,0,52000,0,0,0,334000,282000,52000,52000
047159,中磊國票94購01  ,0,0,0,0,0,0,0,0,0,52000,0,0,0,52000,0,52000,52000
046172,美律永豐92購01  ,0,0,0,0,0,0,0,0,0,52000,0,0,0,84000,32000,52000,52000
047047,旺宏國票95購01  ,0,0,0,0,0,0,0,0,0,52000,0,0,0,73000,21000,52000,52000
048815,川湖凱基94購01  ,0,0,0,0,0,0,0,0,0,52000,0,0,0,52000,0,52000,52000
048697,華新科國票94購06,0,0,0,0,0,0,0,0,0,52000,0,0,0,52000,0,52000,52000
045782,欣興元大93購04  ,0,0,0,0,0,0,0,0,0,52000,0,0,0,140000,88000,52000,52000
051098,矽格元大95購01  ,0,0,0,0,0,0,0,0,0,52000,0,0,0,52000,0,52000,52000
050611,鴻海元大95購02  ,0,0,0,0,0,0,0,0,0,52000,0,0,0,451000,399000,52000,52000
050634,華新科群益96購01,0,0,0,0,0,0,0,0,0,52000,0,0,0,55000,3000,52000,52000
050573,光寶科國票94購01,0,0,0,0,0,0,0,0,0,52000,0,0,0,52000,0,52000,52000
050034,智伸科元大94購01,0,0,0,0,0,0,0,0,0,52000,0,0,0,72000,20000,52000,52000
048577,GIS國泰94購01   ,0,0,0,0,0,0,0,0,0,52000,0,0,0,64000,12000,52000,52000
049516,光罩國票94購02  ,0,0,0,0,0,0,0,0,0,52000,0,0,0,172000,120000,52000,52000
054300,華通凱基96購07  ,0,0,0,0,0,0,0,0,0,52000,0,0,0,346000,294000,52000,52000
053756,亞光元富96購02  ,0,0,0,0,0,0,0,0,0,52000,0,0,0,60000,8000,52000,52000
053888,和大群益97購01  ,0,0,0,0,0,0,0,0,0,52000,0,0,0,333000,281000,52000,52000
053159,同欣電元大96購02,0,0,0,0,0,0,0,0,0,51000,0,0,0,71000,20000,51000,51000
053132,國巨國票97購02  ,0,0,0,0,0,0,0,0,0,51000,0,0,0,120000,69000,51000,51000
051584,可成元大95購08  ,0,0,0,0,0,0,0,0,0,51000,0,0,0,51000,0,51000,51000
03063P,臺股指凱基04售03,0,0,0,0,0,0,0,0,0,51000,0,0,0,51000,0,51000,51000
048655,A50正2元富96購01,0,0,0,0,0,0,0,0,0,51000,0,0,0,51000,0,51000,51000
048015,致伸國票93購03  ,0,0,0,0,0,0,0,0,0,51000,0,0,0,60000,9000,51000,51000
047663,亞德客永豐93購03,0,0,0,0,0,0,0,0,0,51000,0,0,0,69000,18000,51000,51000
048850,聯電群益96購01  ,0,0,0,0,0,0,0,0,0,51000,0,0,0,54000,3000,51000,51000
048581,南亞科富邦93購02,0,0,0,0,0,0,0,0,0,51000,0,0,0,76000,25000,51000,51000
049017,旺宏群益96購03  ,0,0,0,0,0,0,0,0,0,51000,0,0,0,51000,0,51000,51000
050014,國巨富邦98購01  ,0,0,0,0,0,0,0,0,0,51000,0,0,0,51000,0,51000,51000
050741,奇鋐永豐94購04  ,0,0,0,0,0,0,0,0,0,51000,0,0,0,51000,0,51000,51000
050783,旺宏國泰96購02  ,0,0,0,0,0,0,0,0,0,51000,0,0,0,51000,0,51000,51000
050424,鴻海凱基96購03  ,0,0,0,0,0,0,0,0,0,51000,0,0,0,83000,32000,51000,51000
051261,鴻海永昌96購05  ,0,0,0,0,0,0,0,0,0,51000,0,0,0,729000,678000,51000,51000
051572,上銀元大95購01  ,0,0,0,0,0,0,0,0,0,50000,0,0,0,121000,71000,50000,50000
051622,和碩凱基96購01  ,0,0,0,0,0,0,0,0,0,50000,0,0,0,50000,0,50000,50000
051917,瑞儀元大95購01  ,0,0,0,0,0,0,0,0,0,50000,0,0,0,50000,0,50000,50000
051786,A50正2國票95購02,0,0,0,0,0,0,0,0,0,50000,0,0,0,50000,0,50000,50000
052033,臺股指群益95購06,0,0,0,0,0,0,0,0,0,50000,0,0,0,54000,4000,50000,50000
052521,友達元大9B購01  ,0,0,0,0,0,0,0,0,0,50000,0,0,0,50000,0,50000,50000
052528,茂林元大95購05  ,0,0,0,0,0,0,0,0,0,50000,0,0,0,149000,99000,50000,50000
052608,欣興元大97購01  ,0,0,0,0,0,0,0,0,0,50000,0,0,0,50000,0,50000,50000
052612,康舒元大97購01  ,0,0,0,0,0,0,0,0,0,50000,0,0,0,67000,17000,50000,50000
05265P,正崴元大95售03  ,0,0,0,0,0,0,0,0,0,50000,0,0,0,50000,0,50000,50000
053157,日月光元大96購03,0,0,0,0,0,0,0,0,0,50000,0,0,0,52000,2000,50000,50000
052786,S&P500中信96購01,0,0,0,0,0,0,0,0,0,50000,0,0,0,60000,10000,50000,50000
1737,臺鹽            ,51000,1000,50000,0,0,0,0,0,0,0,0,0,0,0,0,0,50000
2028,威致            ,49000,0,49000,0,0,0,0,0,0,1000,1000,0,1000,0,0,0,50000
03016P,滬深2X群益01售09,0,0,0,0,0,0,0,0,0,50000,0,0,0,150000,100000,50000,50000
03655P,臺股指元大92售17,0,0,0,0,0,0,0,0,0,50000,0,0,0,50000,0,50000,50000
03483P,聯發科國泰04售01,0,0,0,0,0,0,0,0,0,50000,0,0,0,50000,0,50000,50000
03431P,聯詠元大02售06  ,0,0,0,0,0,0,0,0,0,50000,0,0,0,50000,0,50000,50000
042908,智邦元大92購01  ,0,0,0,0,0,0,0,0,0,50000,0,0,0,50000,0,50000,50000
04287P,A50正2中信96售01,0,0,0,0,0,0,0,0,0,50000,0,0,0,50000,0,50000,50000
044425,友達國泰92購01  ,0,0,0,0,0,0,0,0,0,50000,0,0,0,54000,4000,50000,50000
045214,上銀元大92購06  ,0,0,0,0,0,0,0,0,0,50000,0,0,0,50000,0,50000,50000
044276,麗豐群益91購01  ,0,0,0,0,0,0,0,0,0,50000,0,0,0,50000,0,50000,50000
044252,友達麥證91購01  ,0,0,0,50000,0,50000,0,0,0,50000,0,0,0,50000,0,50000,50000
045186,鴻海元富92購02  ,0,0,0,0,0,0,0,0,0,50000,0,0,0,80000,30000,50000,50000
040160,SP黃豆元富95購01,0,0,0,0,0,0,0,0,0,50000,0,0,0,50000,0,50000,50000
040269,上証2X中信92購01,0,0,0,0,0,0,0,0,0,50000,0,0,0,50000,0,50000,50000
043465,南亞科元大91購05,0,0,0,0,0,0,0,0,0,50000,0,0,0,50000,0,50000,50000
041960,聚陽元大91購01  ,0,0,0,0,0,0,0,0,0,50000,0,0,0,50000,0,50000,50000
040820,禾伸堂群益92購01,0,0,0,0,0,0,0,0,0,50000,0,0,0,50000,0,50000,50000
041528,國泰金中信93購01,0,0,0,0,0,0,0,0,0,50000,0,0,0,63000,13000,50000,50000
043964,台肥國泰92購01  ,0,0,0,0,0,0,0,0,0,50000,0,0,0,50000,0,50000,50000
044502,元油2X凱基91購02,0,0,0,0,0,0,0,0,0,50000,0,0,0,70000,20000,50000,50000
045381,南亞科元大92購03,0,0,0,0,0,0,0,0,0,50000,0,0,0,84000,34000,50000,50000
044662,力成永豐91購02  ,0,0,0,0,0,0,0,0,0,50000,0,0,0,50000,0,50000,50000
044975,台積電國票92購02,0,0,0,0,0,0,0,0,0,50000,0,0,0,66000,16000,50000,50000
044993,友達國泰93購01  ,0,0,0,0,0,0,0,0,0,50000,0,0,0,50000,0,50000,50000
044944,技嘉群益93購01  ,0,0,0,0,0,0,0,0,0,50000,0,0,0,50000,0,50000,50000
045499,技嘉凱基92購02  ,0,0,0,0,0,0,0,0,0,50000,0,0,0,50000,0,50000,50000
044213,瑞昱凱基91購11  ,0,0,0,0,0,0,0,0,0,50000,0,0,0,50000,0,50000,50000
044524,瑞儀凱基93購02  ,0,0,0,0,0,0,0,0,0,50000,0,0,0,51000,1000,50000,50000
044164,京元電元大92購01,0,0,0,0,0,0,0,0,0,50000,0,0,0,75000,25000,50000,50000
044766,復盛凱基91購03  ,0,0,0,0,0,0,0,0,0,50000,0,0,0,50000,0,50000,50000
043749,南亞科元大91購07,0,0,0,0,0,0,0,0,0,50000,0,0,0,50000,0,50000,50000
048308,儒鴻凱基93購05  ,0,0,0,0,0,0,0,0,0,50000,0,0,0,50000,0,50000,50000
048200,欣興元大93購07  ,0,0,0,0,0,0,0,0,0,50000,0,0,0,150000,100000,50000,50000
046233,臻鼎元大92購08  ,0,0,0,0,0,0,0,0,0,50000,0,0,0,87000,37000,50000,50000
046221,台化元大92購02  ,0,0,0,0,0,0,0,0,0,50000,0,0,0,50000,0,50000,50000
047181,智邦元大93購06  ,0,0,0,0,0,0,0,0,0,50000,0,0,0,50000,0,50000,50000
045710,儒鴻凱基92購02  ,0,0,0,0,0,0,0,0,0,50000,0,0,0,50000,0,50000,50000
045712,寶齡凱基92購01  ,0,0,0,0,0,0,0,0,0,50000,0,0,0,50000,0,50000,50000
046610,義隆國票93購01  ,0,0,0,0,0,0,0,0,0,50000,0,0,0,320000,270000,50000,50000
046042,台勝科元大92購03,0,0,0,0,0,0,0,0,0,50000,0,0,0,150000,100000,50000,50000
046090,冠德兆豐92購01  ,0,0,0,0,0,0,0,0,0,50000,0,0,0,50000,0,50000,50000
048022,儒鴻凱基93購04  ,0,0,0,0,0,0,0,0,0,50000,0,0,0,60000,10000,50000,50000
047293,全新元富93購03  ,0,0,0,0,0,0,0,0,0,50000,0,0,0,50000,0,50000,50000
046511,欣興元大92購08  ,0,0,0,0,0,0,0,0,0,50000,0,0,0,50000,0,50000,50000
047481,可成凱基93購08  ,0,0,0,0,0,0,0,0,0,50000,0,0,0,50000,0,50000,50000
046470,裕隆康和92購02  ,0,0,0,0,0,0,0,0,0,50000,0,0,0,50000,0,50000,50000
046415,嘉晶元大92購03  ,0,0,0,0,0,0,0,0,0,50000,0,0,0,162000,112000,50000,50000
052962,台積電凱基97購03,0,0,0,0,0,0,0,0,0,50000,0,0,0,72000,22000,50000,50000
048545,嘉澤永豐93購03  ,0,0,0,0,0,0,0,0,0,50000,0,0,0,136000,86000,50000,50000
048546,廣越永豐93購01  ,0,0,0,0,0,0,0,0,0,50000,0,0,0,50000,0,50000,50000
048821,光磊凱基95購01  ,0,0,0,0,0,0,0,0,0,50000,0,0,0,152000,102000,50000,50000
048792,瑞儀元大94購01  ,0,0,0,0,0,0,0,0,0,50000,0,0,0,62000,12000,50000,50000
045957,技嘉凱基93購03  ,0,0,0,0,0,0,0,0,0,50000,0,0,0,50000,0,50000,50000
045676,京元電元大92購03,0,0,0,0,0,0,0,0,0,50000,0,0,0,50000,0,50000,50000
051342,光寶科元大95購01,0,0,0,0,0,0,0,0,0,50000,0,0,0,50000,0,50000,50000
051095,貿聯元大95購03  ,0,0,0,0,0,0,0,0,0,50000,0,0,0,214000,164000,50000,50000
051110,可成統一95購01  ,0,0,0,0,0,0,0,0,0,50000,0,0,0,50000,0,50000,50000
050994,欣興元大96購03  ,0,0,0,0,0,0,0,0,0,50000,0,0,0,50000,0,50000,50000
050474,鴻海永豐94購05  ,0,0,0,0,0,0,0,0,0,50000,0,0,0,113000,63000,50000,50000
050375,矽創元大94購02  ,0,0,0,0,0,0,0,0,0,50000,0,0,0,50000,0,50000,50000
050772,美食元大94購06  ,0,0,0,0,0,0,0,0,0,50000,0,0,0,50000,0,50000,50000
050720,上証2X國票94購02,0,0,0,0,0,0,0,0,0,50000,0,0,0,50000,0,50000,50000
050013,淘帝國泰95購01  ,0,0,0,0,0,0,0,0,0,50000,0,0,0,50000,0,50000,50000
050029,美食元大94購04  ,0,0,0,0,0,0,0,0,0,50000,0,0,0,50000,0,50000,50000
050066,華固凱基94購01  ,0,0,0,0,0,0,0,0,0,50000,0,0,0,50000,0,50000,50000
050156,潤泰全群益94購01,0,0,0,0,0,0,0,0,0,50000,0,0,0,50000,0,50000,50000
048949,昇陽半永豐94購01,0,0,0,0,0,0,0,0,0,50000,0,0,0,50000,0,50000,50000
049696,欣興元大95購02  ,0,0,0,0,0,0,0,0,0,50000,0,0,0,50000,0,50000,50000
049778,宏達電統一94購02,0,0,0,0,0,0,0,0,0,50000,0,0,0,50000,0,50000,50000
049075,光磊凱基94購01  ,0,0,0,0,0,0,0,0,0,50000,0,0,0,118000,68000,50000,50000
049339,鴻海統一94購02  ,0,0,0,0,0,0,0,0,0,50000,0,0,0,50000,0,50000,50000
049214,台達電國票95購01,0,0,0,0,0,0,0,0,0,50000,0,0,0,50000,0,50000,50000
049201,劍麟群益94購01  ,0,0,0,0,0,0,0,0,0,50000,0,0,0,50000,0,50000,50000
048963,川湖元大94購01  ,0,0,0,0,0,0,0,0,0,50000,0,0,0,50000,0,50000,50000
048971,美食元大94購01  ,0,0,0,0,0,0,0,0,0,50000,0,0,0,50000,0,50000,50000
049556,智易元富94購01  ,0,0,0,0,0,0,0,0,0,50000,0,0,0,50000,0,50000,50000
04941P,台達電台新94售02,0,0,0,0,0,0,0,0,0,50000,0,0,0,81000,31000,50000,50000
053986,矽創第一96購01  ,0,0,0,0,0,0,0,0,0,50000,0,0,0,50000,0,50000,50000
054287,台積電元大97購11,0,0,0,0,0,0,0,0,0,50000,0,0,0,200000,150000,50000,50000
054097,淘帝國票97購01  ,0,0,0,0,0,0,0,0,0,50000,0,0,0,50000,0,50000,50000
054043,漢唐元大97購01  ,0,0,0,0,0,0,0,0,0,50000,0,0,0,61000,11000,50000,50000
053653,京元電凱基96購02,0,0,0,0,0,0,0,0,0,50000,0,0,0,50000,0,50000,50000
054352,世芯國泰98購01  ,0,0,0,0,0,0,0,0,0,50000,0,0,0,74000,24000,50000,50000
054334,超眾永豐96購04  ,0,0,0,0,0,0,0,0,0,50000,0,0,0,118000,68000,50000,50000
05957P,友達國票97售04  ,0,0,0,0,0,0,0,0,0,50000,0,0,0,50000,0,50000,50000
05969P,台積電台新96售04,0,0,0,0,0,0,0,0,0,50000,0,0,0,50000,0,50000,50000
08539P,元油2X國票99售01,0,0,0,0,0,0,0,0,0,50000,0,0,0,60000,10000,50000,50000
1612,宏泰            ,83000,32000,51000,0,0,0,0,0,0,-2000,0,2000,-2000,0,0,0,49000
052742,可成元大96購01  ,0,0,0,0,0,0,0,0,0,49000,0,0,0,559000,510000,49000,49000
052611,力成元大96購02  ,0,0,0,0,0,0,0,0,0,49000,0,0,0,49000,0,49000,49000
052579,亞泥元富96購01  ,0,0,0,0,0,0,0,0,0,49000,0,0,0,49000,0,49000,49000
052533,聯發科國泰96購03,0,0,0,0,0,0,0,0,0,49000,0,0,0,79000,30000,49000,49000
052424,泰碩國票97購01  ,0,0,0,0,0,0,0,0,0,49000,0,0,0,52000,3000,49000,49000
052356,聯詠永豐95購03  ,0,0,0,0,0,0,0,0,0,49000,0,0,0,127000,78000,49000,49000
052343,同欣電凱基95購03,0,0,0,0,0,0,0,0,0,49000,0,0,0,92000,43000,49000,49000
051780,矽力群益95購01  ,0,0,0,0,0,0,0,0,0,49000,0,0,0,196000,147000,49000,49000
044518,京鼎凱基92購01  ,0,0,0,0,0,0,0,0,0,49000,0,0,0,79000,30000,49000,49000
00656R,國泰中國A50反1  ,0,38000,-38000,0,0,0,0,0,0,87000,0,0,0,238000,151000,87000,49000
045832,建準群益92購01  ,0,0,0,0,0,0,0,0,0,49000,0,0,0,99000,50000,49000,49000
049598,超眾元大95購03  ,0,0,0,0,0,0,0,0,0,49000,0,0,0,126000,77000,49000,49000
050188,貿聯元大96購01  ,0,0,0,0,0,0,0,0,0,49000,0,0,0,554000,505000,49000,49000
050590,晶技永豐95購01  ,0,0,0,0,0,0,0,0,0,49000,0,0,0,49000,0,49000,49000
050384,嘉澤國票94購02  ,0,0,0,0,0,0,0,0,0,49000,0,0,0,49000,0,49000,49000
050350,全新群益94購04  ,0,0,0,0,0,0,0,0,0,49000,0,0,0,138000,89000,49000,49000
051147,南亞科凱基95購05,0,0,0,0,0,0,0,0,0,49000,0,0,0,50000,1000,49000,49000
051367,可成富邦97購01  ,0,0,0,0,0,0,0,0,0,49000,0,0,0,350000,301000,49000,49000
08463P,台灣50國泰02售02,0,0,0,0,0,0,0,0,0,49000,0,0,0,49000,0,49000,49000
054417,牧德元大96購01  ,0,0,0,0,0,0,0,0,0,49000,0,0,0,74000,25000,49000,49000
053487,台泥兆豐97購01  ,0,0,0,0,0,0,0,0,0,49000,0,0,0,53000,4000,49000,49000
1789,神隆            ,165200,111000,54200,0,0,0,0,0,0,-6000,0,6000,-6000,0,0,0,48200
2706,第一店          ,48000,0,48000,0,0,0,0,0,0,0,0,0,0,0,0,0,48000
051667,光磊元大96購02  ,0,0,0,0,0,0,0,0,0,48000,0,0,0,73000,25000,48000,48000
052271,力成日盛95購02  ,0,0,0,0,0,0,0,0,0,48000,0,0,0,48000,0,48000,48000
052226,旺宏凱基95購06  ,0,0,0,0,0,0,0,0,0,48000,0,0,0,48000,0,48000,48000
052720,鴻海統一96購07  ,0,0,0,0,0,0,0,0,0,48000,0,0,0,48000,0,48000,48000
043049,奇鋐國泰93購01  ,0,0,0,0,0,0,0,0,0,48000,0,0,0,108000,60000,48000,48000
043466,南亞科元大92購01,0,0,0,0,0,0,0,0,0,48000,0,0,0,48000,0,48000,48000
044238,燿華統一91購01  ,0,0,0,0,0,0,0,0,0,48000,0,0,0,48000,0,48000,48000
043965,宏盛國泰92購01  ,0,0,0,0,0,0,0,0,0,48000,0,0,0,78000,30000,48000,48000
044537,上銀群益92購01  ,0,0,0,0,0,0,0,0,0,48000,0,0,0,68000,20000,48000,48000
045154,欣興凱基92購03  ,0,0,0,0,0,0,0,0,0,48000,0,0,0,48000,0,48000,48000
045074,華新科元大93購03,0,0,0,0,0,0,0,0,0,48000,0,0,0,97000,49000,48000,48000
048771,嘉澤凱基94購01  ,0,0,0,0,0,0,0,0,0,48000,0,0,0,62000,14000,48000,48000
048714,巨大康和94購01  ,0,0,0,0,0,0,0,0,0,48000,0,0,0,50000,2000,48000,48000
048664,華新科統一94購01,0,0,0,0,0,0,0,0,0,48000,0,0,0,69000,21000,48000,48000
046096,建準國票92購01  ,0,0,0,0,0,0,0,0,0,48000,0,0,0,63000,15000,48000,48000
049782,世紀鋼統一94購01,0,0,0,0,0,0,0,0,0,48000,0,0,0,48000,0,48000,48000
1108,幸福            ,66000,18000,48000,0,0,0,0,0,0,0,0,0,0,0,0,0,48000
051597,T50反1中信99購02,0,0,0,0,0,0,0,0,0,47000,0,0,0,50000,3000,47000,47000
051879,健策台新96購01  ,0,0,0,0,0,0,0,0,0,47000,0,0,0,54000,7000,47000,47000
051980,樺漢凱基96購01  ,0,0,0,0,0,0,0,0,0,47000,0,0,0,59000,12000,47000,47000
1723,中碳            ,57000,8000,49000,0,0,0,0,0,0,-2000,0,2000,-2000,0,0,0,47000
1532,勤美            ,61000,11000,50000,0,0,0,0,0,0,-3000,0,3000,-3000,0,0,0,47000
053418,旺宏永豐96購02  ,0,0,0,0,0,0,0,0,0,47000,0,0,0,203000,156000,47000,47000
044038,群創群益93購02  ,0,0,0,0,0,0,0,0,0,47000,0,0,0,96000,49000,47000,47000
044414,燿華統一91購03  ,0,0,0,0,0,0,0,0,0,47000,0,0,0,54000,7000,47000,47000
042904,金寶元大94購02  ,0,0,0,0,0,0,0,0,0,47000,0,0,0,48000,1000,47000,47000
052943,奇力新國票96購02,0,0,0,0,0,0,0,0,0,47000,0,0,0,61000,14000,47000,47000
052907,嘉澤國票97購01  ,0,0,0,0,0,0,0,0,0,47000,0,0,0,47000,0,47000,47000
052895,台積電群益96購04,0,0,0,0,0,0,0,0,0,47000,0,0,0,50000,3000,47000,47000
050031,嘉澤元大95購01  ,0,0,0,0,0,0,0,0,0,47000,0,0,0,291000,244000,47000,47000
051115,華通麥證96購01  ,0,0,0,70000,23000,47000,0,0,0,47000,0,0,0,70000,23000,47000,47000
054405,樺漢康和96購01  ,0,0,0,0,0,0,0,0,0,47000,0,0,0,47000,0,47000,47000
054083,智伸科元富96購01,0,0,0,0,0,0,0,0,0,47000,0,0,0,161000,114000,47000,47000
053130,聯發科麥證96購01,0,0,0,70000,27000,43000,0,0,0,46000,0,0,0,73000,27000,46000,46000
1459,聯發            ,46000,0,46000,0,0,0,0,0,0,0,0,0,0,0,0,0,46000
2459,敦吉            ,48000,2000,46000,0,0,0,0,0,0,0,0,0,0,0,0,0,46000
051941,樺漢群益95購02  ,0,0,0,0,0,0,0,0,0,46000,0,0,0,46000,0,46000,46000
051791,智伸科國票96購01,0,0,0,0,0,0,0,0,0,46000,0,0,0,95000,49000,46000,46000
052706,台虹國票97購01  ,0,0,0,0,0,0,0,0,0,46000,0,0,0,56000,10000,46000,46000
052466,聯詠統一95購03  ,0,0,0,0,0,0,0,0,0,46000,0,0,0,97000,51000,46000,46000
052161,義隆永豐95購03  ,0,0,0,0,0,0,0,0,0,46000,0,0,0,64000,18000,46000,46000
03266P,寶成國票04售01  ,0,0,0,0,0,0,0,0,0,46000,0,0,0,67000,21000,46000,46000
00653L,富邦印度正2     ,0,2000,-2000,0,0,0,0,0,0,48000,0,0,0,110000,62000,48000,46000
042196,元油2X元大93購02,0,0,0,0,0,0,0,0,0,46000,0,0,0,80000,34000,46000,46000
043896,台積電群益92購06,0,0,0,0,0,0,0,0,0,46000,0,0,0,79000,33000,46000,46000
044461,滬深2X兆豐93購01,0,0,0,0,0,0,0,0,0,46000,0,0,0,106000,60000,46000,46000
043774,瑞昱兆豐92購01  ,0,0,0,0,0,0,0,0,0,46000,0,0,0,254000,208000,46000,46000
052894,國巨群益96購03  ,0,0,0,0,0,0,0,0,0,46000,0,0,0,106000,60000,46000,46000
045839,台郡群益92購01  ,0,0,0,0,0,0,0,0,0,46000,0,0,0,147000,101000,46000,46000
047399,華通康和93購01  ,0,0,0,0,0,0,0,0,0,46000,0,0,0,46000,0,46000,46000
048630,南亞元大93購01  ,0,0,0,0,0,0,0,0,0,46000,0,0,0,124000,78000,46000,46000
046432,宏達電中信94購01,0,0,0,0,0,0,0,0,0,46000,0,0,0,47000,1000,46000,46000
047207,晶技國泰94購01  ,0,0,0,0,0,0,0,0,0,46000,0,0,0,182000,136000,46000,46000
047973,華通兆豐94購01  ,0,0,0,0,0,0,0,0,0,46000,0,0,0,46000,0,46000,46000
047533,瑞儀元大93購02  ,0,0,0,0,0,0,0,0,0,46000,0,0,0,62000,16000,46000,46000
047648,智伸科元大93購05,0,0,0,0,0,0,0,0,0,46000,0,0,0,66000,20000,46000,46000
047576,技嘉群益94購01  ,0,0,0,0,0,0,0,0,0,46000,0,0,0,46000,0,46000,46000
047479,美律凱基94購01  ,0,0,0,0,0,0,0,0,0,46000,0,0,0,46000,0,46000,46000
047871,健策永豐93購02  ,0,0,0,0,0,0,0,0,0,46000,0,0,0,56000,10000,46000,46000
05140P,台表科國票96售01,0,0,0,0,0,0,0,0,0,46000,0,0,0,206000,160000,46000,46000
051229,亞光群益95購01  ,0,0,0,0,0,0,0,0,0,46000,0,0,0,65000,19000,46000,46000
050386,智伸科國票94購01,0,0,0,0,0,0,0,0,0,46000,0,0,0,55000,9000,46000,46000
050745,茂林永豐94購06  ,0,0,0,0,0,0,0,0,0,46000,0,0,0,66000,20000,46000,46000
048955,慧洋康和94購01  ,0,0,0,0,0,0,0,0,0,46000,0,0,0,60000,14000,46000,46000
052104,英業達兆豐96購01,0,0,0,0,0,0,0,0,0,45000,0,0,0,55000,10000,45000,45000
05237P,為升永豐95售01  ,0,0,0,0,0,0,0,0,0,45000,0,0,0,55000,10000,45000,45000
052015,漢唐永豐95購02  ,0,0,0,0,0,0,0,0,0,45000,0,0,0,52000,7000,45000,45000
051610,GIS群益95購02   ,0,0,0,0,0,0,0,0,0,45000,0,0,0,105000,60000,45000,45000
2460,建通            ,35000,3000,32000,0,0,0,0,0,0,13000,13000,0,13000,0,0,0,45000
053112,中磊兆豐97購01  ,0,0,0,0,0,0,0,0,0,45000,0,0,0,45000,0,45000,45000
053066,欣興群益96購02  ,0,0,0,0,0,0,0,0,0,45000,0,0,0,45000,0,45000,45000
045016,創意元大94購01  ,0,0,0,0,0,0,0,0,0,45000,0,0,0,45000,0,45000,45000
047654,鴻海兆豐93購01  ,0,0,0,0,0,0,0,0,0,45000,0,0,0,50000,5000,45000,45000
048346,智易元大95購01  ,0,0,0,0,0,0,0,0,0,45000,0,0,0,55000,10000,45000,45000
048401,南電國票93購03  ,0,0,0,0,0,0,0,0,0,45000,0,0,0,45000,0,45000,45000
044369,全新永豐91購03  ,0,0,0,0,0,0,0,0,0,45000,0,0,0,97000,52000,45000,45000
03335P,台積電兆豐03售07,0,0,0,0,0,0,0,0,0,45000,0,0,0,70000,25000,45000,45000
046329,臻鼎元大92購10  ,0,0,0,0,0,0,0,0,0,45000,0,0,0,83000,38000,45000,45000
047026,大毅元大93購02  ,1000,0,1000,0,0,0,0,0,0,44000,0,0,0,134000,90000,44000,45000
046930,亞光統一93購01  ,0,0,0,0,0,0,0,0,0,45000,0,0,0,45000,0,45000,45000
04808P,訊芯永豐94售02  ,0,0,0,0,0,0,0,0,0,45000,0,0,0,59000,14000,45000,45000
048797,美律國泰95購02  ,0,0,0,0,0,0,0,0,0,45000,0,0,0,48000,3000,45000,45000
049463,華新科富邦97購01,0,0,0,0,0,0,0,0,0,45000,0,0,0,149000,104000,45000,45000
049108,玉晶光富邦96購02,0,0,0,0,0,0,0,0,0,45000,0,0,0,361000,316000,45000,45000
051244,正崴元大95購01  ,0,0,0,0,0,0,0,0,0,45000,0,0,0,110000,65000,45000,45000
051431,群創元富99購02  ,0,0,0,0,0,0,0,0,0,45000,0,0,0,45000,0,45000,45000
054063,聯茂國票97購02  ,0,0,0,0,0,0,0,0,0,45000,0,0,0,78000,33000,45000,45000
053938,彩晶元富96購01  ,0,0,0,0,0,0,0,0,0,45000,0,0,0,180000,135000,45000,45000
053636,全新永豐96購02  ,0,0,0,0,0,0,0,0,0,45000,0,0,0,129000,84000,45000,45000
054525,奇鋐元富96購01  ,0,0,0,0,0,0,0,0,0,45000,0,0,0,45000,0,45000,45000
05503P,智邦日盛96售01  ,0,0,0,0,0,0,0,0,0,45000,0,0,0,227000,182000,45000,45000
05276P,GIS永豐95售02   ,0,0,0,0,0,0,0,0,0,44000,0,0,0,112000,68000,44000,44000
053231,奇力新康和96購01,0,0,0,0,0,0,0,0,0,44000,0,0,0,44000,0,44000,44000
2852,第一保          ,44000,0,44000,0,0,0,0,0,0,0,0,0,0,0,0,0,44000
1316,上曜            ,100000,55000,45000,0,0,0,0,0,0,-1000,0,1000,-1000,0,0,0,44000
051647,華新科永豐95購02,0,0,0,0,0,0,0,0,0,44000,0,0,0,185000,141000,44000,44000
051657,台郡元富98購01  ,0,0,0,0,0,0,0,0,0,44000,0,0,0,373000,329000,44000,44000
052523,奇力新元大97購01,0,0,0,0,0,0,0,0,0,44000,0,0,0,177000,133000,44000,44000
00700,富邦恒生國企    ,0,0,0,0,0,0,0,0,0,44000,0,0,0,50000,6000,44000,44000
03700P,貿聯元大93售01  ,0,0,0,0,0,0,0,0,0,44000,0,0,0,54000,10000,44000,44000
045379,智邦元大93購01  ,0,0,0,0,0,0,0,0,0,44000,0,0,0,117000,73000,44000,44000
04453P,聯發科富邦94售04,0,0,0,0,0,0,0,0,0,44000,0,0,0,138000,94000,44000,44000
044134,訊芯凱基93購01  ,0,0,0,0,0,0,0,0,0,44000,0,0,0,64000,20000,44000,44000
047355,世紀鋼凱基94購01,0,0,0,0,0,0,0,0,0,44000,0,0,0,44000,0,44000,44000
046877,燿華國泰94購01  ,0,0,0,0,0,0,0,0,0,44000,0,0,0,69000,25000,44000,44000
047429,聯茂亞東93購01  ,0,0,0,0,0,0,0,0,0,44000,0,0,0,44000,0,44000,44000
051348,國巨元大95購07  ,0,0,0,0,0,0,0,0,0,44000,0,0,0,45000,1000,44000,44000
049486,旺宏元大94購08  ,0,0,0,0,0,0,0,0,0,44000,0,0,0,188000,144000,44000,44000
049798,台積電元大94購18,0,0,0,0,0,0,0,0,0,44000,0,0,0,699000,655000,44000,44000
05361P,聯發科富邦97售01,0,0,0,0,0,0,0,0,0,44000,0,0,0,44000,0,44000,44000
052552,智邦國票97購01  ,0,0,0,0,0,0,0,0,0,43000,0,0,0,139000,96000,43000,43000
052377,景碩元大96購02  ,0,0,0,0,0,0,0,0,0,43000,0,0,0,94000,51000,43000,43000
2616,山隆            ,43000,0,43000,0,0,0,0,0,0,0,0,0,0,0,0,0,43000
043838,台郡國票91購02  ,0,0,0,0,0,0,0,0,0,43000,0,0,0,43000,0,43000,43000
046231,創意元大92購07  ,0,0,0,0,0,0,0,0,0,43000,0,0,0,47000,4000,43000,43000
047800,大立光兆豐93購04,0,0,0,0,0,0,0,0,0,43000,0,0,0,43000,0,43000,43000
048038,樺漢凱基93購03  ,0,0,0,0,0,0,0,0,0,43000,0,0,0,193000,150000,43000,43000
047529,嘉晶元大94購02  ,0,0,0,0,0,0,0,0,0,43000,0,0,0,289000,246000,43000,43000
048798,華新科國泰95購01,0,0,0,0,0,0,0,0,0,43000,0,0,0,43000,0,43000,43000
048872,玉晶光國票94購02,0,0,0,0,0,0,0,0,0,43000,0,0,0,55000,12000,43000,43000
049427,瑞昱兆豐94購01  ,0,0,0,0,0,0,0,0,0,43000,0,0,0,345000,302000,43000,43000
049255,旺宏元大97購02  ,0,0,0,0,0,0,0,0,0,43000,0,0,0,174000,131000,43000,43000
050946,瑞昱群益95購01  ,0,0,0,0,0,0,0,0,0,43000,0,0,0,97000,54000,43000,43000
053924,京鼎國票97購01  ,0,0,0,0,0,0,0,0,0,43000,0,0,0,48000,5000,43000,43000
053898,康友群益97購01  ,0,0,0,0,0,0,0,0,0,43000,0,0,0,192000,149000,43000,43000
05794P,華邦電群益96售04,0,0,0,0,0,0,0,0,0,43000,0,0,0,54000,11000,43000,43000
2606,裕民            ,227000,140000,87000,0,0,0,0,0,0,-45000,0,45000,-45000,0,0,0,42000
2913,農林            ,176000,86000,90000,0,0,0,0,0,0,-48000,0,6000,-6000,11000,53000,-42000,42000
3011,今皓            ,46000,2000,44000,0,0,0,0,0,0,-2000,0,2000,-2000,0,0,0,42000
053204,旺宏麥證96購01  ,0,0,0,60000,18000,42000,0,0,0,42000,0,0,0,60000,18000,42000,42000
052364,全新國票95購02  ,0,0,0,0,0,0,0,0,0,42000,0,0,0,84000,42000,42000,42000
051495,玉晶光第一95購02,0,0,0,0,0,0,0,0,0,42000,0,0,0,53000,11000,42000,42000
05199P,訊芯永豐95售02  ,0,0,0,0,0,0,0,0,0,42000,0,0,0,53000,11000,42000,42000
048359,奇鋐永豐93購02  ,0,0,0,0,0,0,0,0,0,42000,0,0,0,175000,133000,42000,42000
045415,聯茂群益92購02  ,0,0,0,0,0,0,0,0,0,42000,0,0,0,275000,233000,42000,42000
044884,嘉澤群益93購01  ,0,0,0,0,0,0,0,0,0,42000,0,0,0,62000,20000,42000,42000
044847,華邦電統一91購02,0,0,0,0,0,0,0,0,0,42000,0,0,0,100000,58000,42000,42000
044399,南亞科凱基91購10,0,0,0,0,0,0,0,0,0,42000,0,0,0,42000,0,42000,42000
047649,啟碁元大93購07  ,0,0,0,0,0,0,0,0,0,42000,0,0,0,157000,115000,42000,42000
045746,燿華永豐92購01  ,0,0,0,0,0,0,0,0,0,42000,0,0,0,74000,32000,42000,42000
046840,晶技台新93購01  ,0,0,0,0,0,0,0,0,0,42000,0,0,0,42000,0,42000,42000
051343,鴻海元大95購07  ,0,0,0,0,0,0,0,0,0,42000,0,0,0,261000,219000,42000,42000
050640,致新國票94購01  ,0,0,0,0,0,0,0,0,0,42000,0,0,0,42000,0,42000,42000
050314,晶技兆豐94購01  ,0,0,0,0,0,0,0,0,0,42000,0,0,0,42000,0,42000,42000
04954P,健策國票96售01  ,0,0,0,0,0,0,0,0,0,42000,0,0,0,439000,397000,42000,42000
049980,奇力新凱基94購04,0,0,0,0,0,0,0,0,0,42000,0,0,0,51000,9000,42000,42000
050155,華新科群益95購01,0,0,0,0,0,0,0,0,0,42000,0,0,0,62000,20000,42000,42000
05610P,國巨群益98售01  ,0,0,0,0,0,0,0,0,0,42000,0,0,0,74000,32000,42000,42000
053918,美律國票97購01  ,0,0,0,0,0,0,0,0,0,42000,0,0,0,42000,0,42000,42000
05429P,鴻海統一95售16  ,0,0,0,0,0,0,0,0,0,42000,0,0,0,90000,48000,42000,42000
054319,世紀鋼凱基96購02,0,0,0,0,0,0,0,0,0,42000,0,0,0,42000,0,42000,42000
054178,中磊台新97購01  ,0,0,0,0,0,0,0,0,0,42000,0,0,0,42000,0,42000,42000
053091,同欣電元大96購01,0,0,0,0,0,0,0,0,0,41000,0,0,0,55000,14000,41000,41000
1463,強盛            ,41000,0,41000,0,0,0,0,0,0,0,0,0,0,0,0,0,41000
1708,東鹼            ,45000,4000,41000,0,0,0,0,0,0,0,0,0,0,0,0,0,41000
2032,新鋼            ,41000,0,41000,0,0,0,0,0,0,0,0,0,0,0,0,0,41000
045458,智邦元大92購05  ,0,0,0,0,0,0,0,0,0,41000,0,0,0,41000,0,41000,41000
044215,可成凱基91購07  ,0,0,0,0,0,0,0,0,0,41000,0,0,0,41000,0,41000,41000
044799,華邦電凱基93購01,0,0,0,0,0,0,0,0,0,41000,0,0,0,42000,1000,41000,41000
045043,台達電凱基93購01,0,0,0,0,0,0,0,0,0,41000,0,0,0,110000,69000,41000,41000
045015,玉晶光元大94購01,0,0,0,0,0,0,0,0,0,41000,0,0,0,96000,55000,41000,41000
046630,京元電元富95購03,0,0,0,0,0,0,0,0,0,41000,0,0,0,44000,3000,41000,41000
047041,貿聯群益93購02  ,0,0,0,0,0,0,0,0,0,41000,0,0,0,41000,0,41000,41000
046944,奇力新元大96購01,0,0,0,0,0,0,0,0,0,41000,0,0,0,44000,3000,41000,41000
048615,貿聯凱基93購04  ,0,0,0,0,0,0,0,0,0,41000,0,0,0,102000,61000,41000,41000
049209,GIS群益94購03   ,0,0,0,0,0,0,0,0,0,41000,0,0,0,41000,0,41000,41000
054236,貿聯群益96購01  ,0,0,0,0,0,0,0,0,0,41000,0,0,0,49000,8000,41000,41000
054025,鴻海凱基96購17  ,0,0,0,0,0,0,0,0,0,41000,0,0,0,147000,106000,41000,41000
053997,健策群益97購02  ,0,0,0,0,0,0,0,0,0,41000,0,0,0,71000,30000,41000,41000
053791,同欣電元大96購05,0,0,0,0,0,0,0,0,0,41000,0,0,0,54000,13000,41000,41000
4560,強信-KY         ,112000,71000,41000,0,0,0,0,0,0,0,0,0,0,0,0,0,41000
05963P,貿聯國票97售02  ,0,0,0,0,0,0,0,0,0,41000,0,0,0,60000,19000,41000,41000
2404,漢唐            ,423000,335000,88000,0,0,0,0,0,0,-48000,18000,10000,8000,13000,69000,-56000,40000
1414,東和            ,48000,6000,42000,0,0,0,0,0,0,-2000,0,2000,-2000,0,0,0,40000
3024,憶聲            ,80000,36000,44000,0,0,0,0,0,0,-4000,0,4000,-4000,0,0,0,40000
2516,新建            ,41000,1000,40000,0,0,0,0,0,0,0,0,0,0,0,0,0,40000
053274,旺宏元大98購03  ,0,0,0,0,0,0,0,0,0,40000,0,0,0,224000,184000,40000,40000
052004,泰碩國泰97購03  ,0,0,0,0,0,0,0,0,0,40000,0,0,0,110000,70000,40000,40000
051804,新光金日盛95購01,0,0,0,0,0,0,0,0,0,40000,0,0,0,40000,0,40000,40000
051850,臻鼎中信96購01  ,0,0,0,0,0,0,0,0,0,40000,0,0,0,101000,61000,40000,40000
051914,健策元大96購06  ,0,0,0,0,0,0,0,0,0,40000,0,0,0,49000,9000,40000,40000
052231,景碩凱基96購01  ,0,0,0,0,0,0,0,0,0,40000,0,0,0,80000,40000,40000,40000
052493,上証2X中信97購02,0,0,0,0,0,0,0,0,0,40000,0,0,0,52000,12000,40000,40000
048165,嘉澤康和93購01  ,0,0,0,0,0,0,0,0,0,40000,0,0,0,100000,60000,40000,40000
044212,鴻海凱基93購04  ,0,0,0,0,0,0,0,0,0,40000,0,0,0,115000,75000,40000,40000
045493,台肥凱基92購01  ,0,0,0,0,0,0,0,0,0,40000,0,0,0,40000,0,40000,40000
044906,晶技凱基91購01  ,0,0,0,0,0,0,0,0,0,40000,0,0,0,50000,10000,40000,40000
043496,台郡統一91購01  ,0,0,0,0,0,0,0,0,0,40000,0,0,0,40000,0,40000,40000
043873,正崴元大91購01  ,0,0,0,0,0,0,0,0,0,40000,0,0,0,45000,5000,40000,40000
043956,聯茂統一91購02  ,0,0,0,0,0,0,0,0,0,40000,0,0,0,60000,20000,40000,40000
045378,智邦元大92購04  ,0,0,0,0,0,0,0,0,0,40000,0,0,0,40000,0,40000,40000
044383,樺漢群益91購02  ,0,0,0,0,0,0,0,0,0,40000,0,0,0,40000,0,40000,40000
045271,元油2X統一93購01,0,0,0,0,0,0,0,0,0,40000,0,0,0,40000,0,40000,40000
045258,漢唐凱基93購01  ,0,0,0,0,0,0,0,0,0,40000,0,0,0,90000,50000,40000,40000
042425,台郡元大91購01  ,0,0,0,0,0,0,0,0,0,40000,0,0,0,80000,40000,40000,40000
04428P,台光電元大94售02,0,0,0,0,0,0,0,0,0,40000,0,0,0,140000,100000,40000,40000
044309,臻鼎國票91購01  ,0,0,0,0,0,0,0,0,0,40000,0,0,0,40000,0,40000,40000
043436,和大元富91購01  ,0,0,0,0,0,0,0,0,0,40000,0,0,0,40000,0,40000,40000
03925P,大立光群益93售08,0,0,0,0,0,0,0,0,0,40000,0,0,0,60000,20000,40000,40000
048768,景碩凱基94購02  ,0,0,0,0,0,0,0,0,0,40000,0,0,0,40000,0,40000,40000
045799,微星亞東93購01  ,0,0,0,0,0,0,0,0,0,40000,0,0,0,40000,0,40000,40000
045890,欣興元大92購06  ,0,0,0,0,0,0,0,0,0,40000,0,0,0,99000,59000,40000,40000
052876,GIS凱基96購03   ,0,0,0,0,0,0,0,0,0,40000,0,0,0,86000,46000,40000,40000
045575,智邦元大92購06  ,0,0,0,0,0,0,0,0,0,40000,0,0,0,46000,6000,40000,40000
047281,超眾永豐93購02  ,0,0,0,0,0,0,0,0,0,40000,0,0,0,108000,68000,40000,40000
045643,臻鼎凱基93購01  ,0,0,0,0,0,0,0,0,0,40000,0,0,0,50000,10000,40000,40000
047667,新唐永豐93購02  ,0,0,0,0,0,0,0,0,0,40000,0,0,0,40000,0,40000,40000
046220,滬深2X元大95購03,0,0,0,0,0,0,0,0,0,40000,0,0,0,60000,20000,40000,40000
046190,宏盛凱基92購01  ,0,0,0,0,0,0,0,0,0,40000,0,0,0,70000,30000,40000,40000
047110,智邦元大93購05  ,0,0,0,0,0,0,0,0,0,40000,0,0,0,40000,0,40000,40000
046591,康舒元大92購01  ,0,0,0,0,0,0,0,0,0,40000,0,0,0,91000,51000,40000,40000
047463,中磊群益93購01  ,0,0,0,0,0,0,0,0,0,40000,0,0,0,40000,0,40000,40000
045726,矽創凱基92購01  ,0,0,0,0,0,0,0,0,0,40000,0,0,0,40000,0,40000,40000
047929,景碩凱基93購03  ,0,0,0,0,0,0,0,0,0,40000,0,0,0,40000,0,40000,40000
046798,元油2X元大96購01,0,0,0,0,0,0,0,0,0,40000,0,0,0,40000,0,40000,40000
046802,聯電元大93購01  ,0,0,0,0,0,0,0,0,0,40000,0,0,0,40000,0,40000,40000
049117,矽格統一96購01  ,0,0,0,0,0,0,0,0,0,40000,0,0,0,40000,0,40000,40000
048980,嘉澤元大94購02  ,0,0,0,0,0,0,0,0,0,40000,0,0,0,108000,68000,40000,40000
049381,欣興元大94購05  ,0,0,0,0,0,0,0,0,0,40000,0,0,0,143000,103000,40000,40000
049344,華固統一94購01  ,0,0,0,0,0,0,0,0,0,40000,0,0,0,50000,10000,40000,40000
050118,臻鼎元大94購01  ,0,0,0,0,0,0,0,0,0,40000,0,0,0,53000,13000,40000,40000
050009,昇陽半永豐94購02,0,0,0,0,0,0,0,0,0,40000,0,0,0,110000,70000,40000,40000
049805,美食元大94購02  ,0,0,0,0,0,0,0,0,0,40000,0,0,0,50000,10000,40000,40000
049827,正崴凱基94購01  ,0,0,0,0,0,0,0,0,0,40000,0,0,0,105000,65000,40000,40000
049604,創意亞東94購02  ,0,0,0,0,0,0,0,0,0,40000,0,0,0,40000,0,40000,40000
050750,上銀統一94購02  ,0,0,0,0,0,0,0,0,0,40000,0,0,0,44000,4000,40000,40000
051357,可成元大95購05  ,0,0,0,0,0,0,0,0,0,40000,0,0,0,75000,35000,40000,40000
051294,鴻海元富95購06  ,0,0,0,0,0,0,0,0,0,40000,0,0,0,108000,68000,40000,40000
050959,元金2X永豐95購02,0,0,0,0,0,0,0,0,0,40000,0,0,0,61000,21000,40000,40000
050985,易華電國泰96購02,0,0,0,0,0,0,0,0,0,40000,0,0,0,40000,0,40000,40000
05968P,鴻海台新96售02  ,0,0,0,0,0,0,0,0,0,40000,0,0,0,41000,1000,40000,40000
05537P,群創中信98售01  ,0,0,0,0,0,0,0,0,0,40000,0,0,0,40000,0,40000,40000
05732P,臺股指統一96售02,0,0,0,0,0,0,0,0,0,40000,0,0,0,40000,0,40000,40000
05772P,景碩凱基96售02  ,0,0,0,0,0,0,0,0,0,40000,0,0,0,40000,0,40000,40000
6177,達麗            ,71000,30000,41000,0,0,0,0,0,0,-1000,0,1000,-1000,0,0,0,40000
5608,四維航          ,41000,1000,40000,0,0,0,0,0,0,0,0,0,0,0,0,0,40000
6531,愛普            ,147000,112000,35000,0,0,0,0,0,0,5000,5000,0,5000,0,0,0,40000
6477,安集            ,67000,26000,41000,0,0,0,0,0,0,-1000,0,1000,-1000,0,0,0,40000
053558,訊芯凱基96購02  ,0,0,0,0,0,0,0,0,0,40000,0,0,0,132000,92000,40000,40000
053556,康控凱基97購02  ,0,0,0,0,0,0,0,0,0,40000,0,0,0,40000,0,40000,40000
053675,臺股指元富96購02,0,0,0,0,0,0,0,0,0,40000,0,0,0,80000,40000,40000,40000
053548,旺宏凱基96購04  ,0,0,0,0,0,0,0,0,0,40000,0,0,0,40000,0,40000,40000
053441,旺宏凱基98購01  ,0,0,0,0,0,0,0,0,0,40000,0,0,0,65000,25000,40000,40000
05379P,可成凱基95售11  ,0,0,0,0,0,0,0,0,0,40000,0,0,0,50000,10000,40000,40000
053775,鴻海元大96購21  ,0,0,0,0,0,0,0,0,0,40000,0,0,0,520000,480000,40000,40000
054005,旺宏統一97購04  ,0,0,0,0,0,0,0,0,0,40000,0,0,0,50000,10000,40000,40000
053970,聯發科元大97購08,0,0,0,0,0,0,0,0,0,40000,0,0,0,64000,24000,40000,40000
053870,正文元大96購01  ,0,0,0,0,0,0,0,0,0,40000,0,0,0,40000,0,40000,40000
054195,亞泥國泰98購01  ,0,0,0,0,0,0,0,0,0,40000,0,0,0,40000,0,40000,40000
052293,泰碩國票95購03  ,0,0,0,0,0,0,0,0,0,39000,0,0,0,230000,191000,39000,39000
053154,聯詠元大96購01  ,0,0,0,0,0,0,0,0,0,39000,0,0,0,300000,261000,39000,39000
1449,佳和            ,98000,58000,40000,0,0,0,0,0,0,-1000,0,1000,-1000,0,0,0,39000
042801,達邁元大93購01  ,0,0,0,0,0,0,0,0,0,39000,0,0,0,686000,647000,39000,39000
03583P,微星元大02售03  ,0,0,0,0,0,0,0,0,0,39000,0,0,0,45000,6000,39000,39000
043274,聯茂富邦92購01  ,0,0,0,0,0,0,0,0,0,39000,0,0,0,46000,7000,39000,39000
041913,百和元大91購01  ,0,0,0,0,0,0,0,0,0,39000,0,0,0,49000,10000,39000,39000
041920,可成群益92購01  ,0,0,0,0,0,0,0,0,0,39000,0,0,0,39000,0,39000,39000
044402,景碩凱基93購01  ,0,0,0,0,0,0,0,0,0,39000,0,0,0,53000,14000,39000,39000
044656,嘉晶永豐91購01  ,0,0,0,0,0,0,0,0,0,39000,0,0,0,39000,0,39000,39000
048168,致茂永豐93購02  ,0,0,0,0,0,0,0,0,0,39000,0,0,0,40000,1000,39000,39000
048338,正崴元大93購01  ,0,0,0,0,0,0,0,0,0,39000,0,0,0,42000,3000,39000,39000
046055,欣興群益92購02  ,0,0,0,0,0,0,0,0,0,39000,0,0,0,39000,0,39000,39000
047907,燿華元大93購05  ,0,0,0,0,0,0,0,0,0,39000,0,0,0,41000,2000,39000,39000
047925,可成凱基94購01  ,0,0,0,0,0,0,0,0,0,39000,0,0,0,40000,1000,39000,39000
048135,瀚宇博國票94購01,0,0,0,0,0,0,0,0,0,39000,0,0,0,39000,0,39000,39000
046916,欣興台新93購01  ,0,0,0,0,0,0,0,0,0,39000,0,0,0,39000,0,39000,39000
047302,為升富邦97購01  ,0,0,0,0,0,0,0,0,0,39000,0,0,0,39000,0,39000,39000
046453,台積電凱基92購21,0,0,0,0,0,0,0,0,0,39000,0,0,0,40000,1000,39000,39000
046028,微星元大92購01  ,0,0,0,0,0,0,0,0,0,39000,0,0,0,84000,45000,39000,39000
049811,聯鈞元大94購01  ,0,0,0,0,0,0,0,0,0,39000,0,0,0,117000,78000,39000,39000
049809,聯詠元大94購04  ,0,0,0,0,0,0,0,0,0,39000,0,0,0,45000,6000,39000,39000
049765,上証2X元富94購01,0,0,0,0,0,0,0,0,0,39000,0,0,0,70000,31000,39000,39000
049392,臺股指麥證94購01,0,0,0,39000,0,39000,0,0,0,39000,0,0,0,39000,0,39000,39000
049199,茂林永豐95購01  ,0,0,0,0,0,0,0,0,0,39000,0,0,0,39000,0,39000,39000
049327,台郡元富94購01  ,0,0,0,0,0,0,0,0,0,39000,0,0,0,226000,187000,39000,39000
053806,鎧勝凱基96購02  ,0,0,0,0,0,0,0,0,0,39000,0,0,0,39000,0,39000,39000
053820,大立光群益96購05,0,0,0,0,0,0,0,0,0,39000,0,0,0,210000,171000,39000,39000
05501P,健策國票97售01  ,0,0,0,0,0,0,0,0,0,39000,0,0,0,149000,110000,39000,39000
2305,全友            ,50000,12000,38000,0,0,0,0,0,0,0,0,0,0,0,0,0,38000
2906,高林            ,38000,0,38000,0,0,0,0,0,0,0,0,0,0,0,0,0,38000
3266,昇陽            ,42000,1000,41000,0,0,0,0,0,0,-3000,0,3000,-3000,0,0,0,38000
053409,和碩兆豐96購02  ,0,0,0,0,0,0,0,0,0,38000,0,0,0,38000,0,38000,38000
052445,南亞科元大95購05,0,0,0,0,0,0,0,0,0,38000,0,0,0,158000,120000,38000,38000
043513,台灣50元大96購05,0,0,0,0,0,0,0,0,0,38000,0,0,0,66000,28000,38000,38000
044966,台表科中信94購01,0,0,0,0,0,0,0,0,0,38000,0,0,0,110000,72000,38000,38000
044506,智邦凱基91購05  ,0,0,0,0,0,0,0,0,0,38000,0,0,0,38000,0,38000,38000
043986,奇鋐元大91購01  ,0,0,0,0,0,0,0,0,0,38000,0,0,0,38000,0,38000,38000
04330P,台達電亞東93售02,0,0,0,0,0,0,0,0,0,38000,0,0,0,50000,12000,38000,38000
00866,新光Shiller CAPE,0,0,0,0,0,0,0,0,0,38000,0,0,0,88000,50000,38000,38000
046026,友訊元大92購01  ,0,0,0,0,0,0,0,0,0,38000,0,0,0,48000,10000,38000,38000
048018,南亞科麥證93購01,0,0,0,50000,12000,38000,0,0,0,38000,0,0,0,50000,12000,38000,38000
047413,台積電永昌93購05,0,0,0,0,0,0,0,0,0,38000,0,0,0,41000,3000,38000,38000
046888,鴻海群益93購05  ,0,0,0,0,0,0,0,0,0,38000,0,0,0,173000,135000,38000,38000
046746,儒鴻凱基93購03  ,0,0,0,0,0,0,0,0,0,38000,0,0,0,38000,0,38000,38000
049085,揚明光凱基94購03,0,0,0,0,0,0,0,0,0,38000,0,0,0,68000,30000,38000,38000
049350,麗豐康和94購01  ,0,0,0,0,0,0,0,0,0,38000,0,0,0,83000,45000,38000,38000
049880,健策永豐94購02  ,0,0,0,0,0,0,0,0,0,38000,0,0,0,63000,25000,38000,38000
051317,亞德客國票96購01,0,0,0,0,0,0,0,0,0,38000,0,0,0,56000,18000,38000,38000
050849,智伸科國票95購01,0,0,0,0,0,0,0,0,0,38000,0,0,0,45000,7000,38000,38000
050268,智原元大95購03  ,0,0,0,0,0,0,0,0,0,38000,0,0,0,659000,621000,38000,38000
05659P,A50正2中信97售01,0,0,0,0,0,0,0,0,0,38000,0,0,0,41000,3000,38000,38000
053715,美律凱基96購04  ,0,0,0,0,0,0,0,0,0,38000,0,0,0,38000,0,38000,38000
053751,康控永豐96購02  ,0,0,0,0,0,0,0,0,0,38000,0,0,0,68000,30000,38000,38000
054061,晶技國票97購03  ,0,0,0,0,0,0,0,0,0,38000,0,0,0,38000,0,38000,38000
054067,百和國票97購03  ,0,0,0,0,0,0,0,0,0,38000,0,0,0,40000,2000,38000,38000
6409,旭隼            ,64000,26000,38000,0,0,0,0,0,0,0,0,0,0,0,0,0,38000
052561,矽創國票97購01  ,0,0,0,0,0,0,0,0,0,37000,0,0,0,37000,0,37000,37000
052257,燿華國泰96購01  ,0,0,0,0,0,0,0,0,0,37000,0,0,0,262000,225000,37000,37000
051504,TPK統一95購01   ,0,0,0,0,0,0,0,0,0,37000,0,0,0,85000,48000,37000,37000
053385,聯詠元大96購02  ,0,0,0,0,0,0,0,0,0,37000,0,0,0,187000,150000,37000,37000
053166,聯詠群益96購02  ,0,0,0,0,0,0,0,0,0,37000,0,0,0,37000,0,37000,37000
2539,櫻花建          ,38000,0,38000,0,0,0,0,0,0,-1000,0,1000,-1000,0,0,0,37000
2438,翔耀            ,26000,0,26000,0,0,0,0,0,0,11000,11000,0,11000,0,0,0,37000
1416,廣豐            ,38000,1000,37000,0,0,0,0,0,0,0,0,0,0,0,0,0,37000
043958,臻鼎元富94購01  ,0,0,0,0,0,0,0,0,0,37000,0,0,0,660000,623000,37000,37000
046722,智邦元大93購02  ,0,0,0,0,0,0,0,0,0,37000,0,0,0,55000,18000,37000,37000
046327,康控元大92購01  ,0,0,0,0,0,0,0,0,0,37000,0,0,0,91000,54000,37000,37000
047798,臺股指群益93購09,0,0,0,0,0,0,0,0,0,37000,0,0,0,115000,78000,37000,37000
052875,樺漢凱基96購02  ,0,0,0,0,0,0,0,0,0,37000,0,0,0,69000,32000,37000,37000
048657,大成鋼統一93購04,0,0,0,0,0,0,0,0,0,37000,0,0,0,98000,61000,37000,37000
050377,華通第一94購01  ,0,0,0,0,0,0,0,0,0,37000,0,0,0,40000,3000,37000,37000
9908,大台北          ,39000,2000,37000,0,0,0,0,0,0,0,0,0,0,0,0,0,37000
053981,康控元大96購05  ,0,0,0,0,0,0,0,0,0,37000,0,0,0,139000,102000,37000,37000
054589,聯鈞國泰99購01  ,0,0,0,0,0,0,0,0,0,37000,0,0,0,42000,5000,37000,37000
054439,健策台新96購03  ,0,0,0,0,0,0,0,0,0,37000,0,0,0,47000,10000,37000,37000
054362,亞光凱基96購03  ,0,0,0,0,0,0,0,0,0,37000,0,0,0,52000,15000,37000,37000
2530,華建            ,38000,2000,36000,0,0,0,0,0,0,0,0,0,0,0,0,0,36000
3057,喬鼎            ,37000,1000,36000,0,0,0,0,0,0,0,0,0,0,0,0,0,36000
053287,臺股指元大96購15,0,0,0,0,0,0,0,0,0,36000,0,0,0,36000,0,36000,36000
052807,貿聯元大98購01  ,0,0,0,0,0,0,0,0,0,36000,0,0,0,317000,281000,36000,36000
051652,昇陽半永豐96購02,0,0,0,0,0,0,0,0,0,36000,0,0,0,36000,0,36000,36000
051871,同欣電凱基95購02,0,0,0,0,0,0,0,0,0,36000,0,0,0,101000,65000,36000,36000
044941,鴻海群益93購01  ,0,0,0,0,0,0,0,0,0,36000,0,0,0,105000,69000,36000,36000
044752,台積電凱基91購23,0,0,0,0,0,0,0,0,0,36000,0,0,0,41000,5000,36000,36000
043776,奇力新兆豐92購01,0,0,0,0,0,0,0,0,0,36000,0,0,0,51000,15000,36000,36000
041851,台積電元大92購01,0,0,0,0,0,0,0,0,0,36000,0,0,0,36000,0,36000,36000
042134,群創富邦91購02  ,0,0,0,0,0,0,0,0,0,36000,0,0,0,36000,0,36000,36000
052934,中磊元大96購01  ,0,0,0,0,0,0,0,0,0,36000,0,0,0,82000,46000,36000,36000
046478,奇鋐統一92購01  ,0,0,0,0,0,0,0,0,0,36000,0,0,0,36000,0,36000,36000
05098P,鴻海凱基95售15  ,0,0,0,0,0,0,0,0,0,36000,0,0,0,41000,5000,36000,36000
051085,鴻海元大95購03  ,0,0,0,0,0,0,0,0,0,36000,0,0,0,323000,287000,36000,36000
049797,台積電元大94購17,0,0,0,0,0,0,0,0,0,36000,0,0,0,39000,3000,36000,36000
050001,奇鋐永豐94購03  ,0,0,0,0,0,0,0,0,0,36000,0,0,0,37000,1000,36000,36000
049346,新光金統一95購01,0,0,0,0,0,0,0,0,0,36000,0,0,0,50000,14000,36000,36000
04956P,臺股指日盛94售02,0,0,0,0,0,0,0,0,0,36000,0,0,0,56000,20000,36000,36000
049302,聯茂日盛94購01  ,0,0,0,0,0,0,0,0,0,36000,0,0,0,36000,0,36000,36000
054317,昇陽半凱基98購01,0,0,0,0,0,0,0,0,0,36000,0,0,0,46000,10000,36000,36000
05927P,正文永豐96售03  ,0,0,0,0,0,0,0,0,0,36000,0,0,0,239000,203000,36000,36000
054134,強茂元大96購01  ,0,0,0,0,0,0,0,0,0,36000,0,0,0,217000,181000,36000,36000
054168,貿聯凱基97購02  ,0,0,0,0,0,0,0,0,0,36000,0,0,0,66000,30000,36000,36000
054142,致伸元大97購01  ,0,0,0,0,0,0,0,0,0,36000,0,0,0,181000,145000,36000,36000
6192,巨路            ,57000,19000,38000,0,0,0,0,0,0,-2000,0,2000,-2000,0,0,0,36000
053657,元大金凱基96購01,0,0,0,0,0,0,0,0,0,36000,0,0,0,46000,10000,36000,36000
051811,致伸凱基95購03  ,0,0,0,0,0,0,0,0,0,35000,0,0,0,46000,11000,35000,35000
05176P,台積電凱基95售11,0,0,0,0,0,0,0,0,0,35000,0,0,0,46000,11000,35000,35000
051545,裕隆康和95購01  ,0,0,0,0,0,0,0,0,0,35000,0,0,0,50000,15000,35000,35000
052683,鴻海元大97購03  ,0,0,0,0,0,0,0,0,0,35000,0,0,0,77000,42000,35000,35000
052832,益航群益96購01  ,0,0,0,0,0,0,0,0,0,35000,0,0,0,60000,25000,35000,35000
053383,京元電元大97購01,0,0,0,0,0,0,0,0,0,35000,0,0,0,201000,166000,35000,35000
053169,貿聯群益97購01  ,0,0,0,0,0,0,0,0,0,35000,0,0,0,158000,123000,35000,35000
2524,京城            ,44000,6000,38000,0,0,0,0,0,0,-3000,0,3000,-3000,0,0,0,35000
1445,大宇            ,36000,1000,35000,0,0,0,0,0,0,0,0,0,0,0,0,0,35000
045276,臻鼎統一92購01  ,0,0,0,0,0,0,0,0,0,35000,0,0,0,35000,0,35000,35000
041817,鴻海凱基92購01  ,0,0,0,0,0,0,0,0,0,35000,0,0,0,55000,20000,35000,35000
041462,揚明光元大93購01,0,0,0,0,0,0,0,0,0,35000,0,0,0,35000,0,35000,35000
03984P,上銀群益93售05  ,0,0,0,0,0,0,0,0,0,35000,0,0,0,78000,43000,35000,35000
03621C,高股息元大91牛01,0,0,0,0,0,0,0,0,0,35000,0,0,0,35000,0,35000,35000
03247P,聯電元富03售02  ,0,0,0,0,0,0,0,0,0,35000,0,0,0,55000,20000,35000,35000
045130,瑞昱統一92購01  ,0,0,0,0,0,0,0,0,0,35000,0,0,0,48000,13000,35000,35000
045440,旺宏元富92購01  ,0,0,0,0,0,0,0,0,0,35000,0,0,0,37000,2000,35000,35000
044831,同欣電永豐91購01,0,0,0,0,0,0,0,0,0,35000,0,0,0,47000,12000,35000,35000
044437,台郡元大92購02  ,0,0,0,0,0,0,0,0,0,35000,0,0,0,97000,62000,35000,35000
047945,滬深2X統一94購01,0,0,0,0,0,0,0,0,0,35000,0,0,0,35000,0,35000,35000
047283,世紀鋼永豐93購02,0,0,0,0,0,0,0,0,0,35000,0,0,0,55000,20000,35000,35000
048645,創意元大94購02  ,0,0,0,0,0,0,0,0,0,35000,0,0,0,60000,25000,35000,35000
048680,智邦富邦93購02  ,0,0,0,0,0,0,0,0,0,35000,0,0,0,39000,4000,35000,35000
047849,中工統一93購01  ,0,0,0,0,0,0,0,0,0,35000,0,0,0,100000,65000,35000,35000
046728,明泰元大93購01  ,0,0,0,0,0,0,0,0,0,35000,0,0,0,35000,0,35000,35000
046717,世紀鋼國泰94購01,0,0,0,0,0,0,0,0,0,35000,0,0,0,47000,12000,35000,35000
047881,和鑫國泰95購01  ,0,0,0,0,0,0,0,0,0,35000,0,0,0,45000,10000,35000,35000
049230,台達電富邦96購01,0,0,0,0,0,0,0,0,0,35000,0,0,0,50000,15000,35000,35000
049021,慧洋群益94購01  ,0,0,0,0,0,0,0,0,0,35000,0,0,0,35000,0,35000,35000
049481,為升元大94購03  ,0,0,0,0,0,0,0,0,0,35000,0,0,0,50000,15000,35000,35000
049728,正崴中信94購01  ,0,0,0,0,0,0,0,0,0,35000,0,0,0,392000,357000,35000,35000
049720,欣興凱基94購05  ,0,0,0,0,0,0,0,0,0,35000,0,0,0,35000,0,35000,35000
051184,聯發科永豐95購03,0,0,0,0,0,0,0,0,0,35000,0,0,0,41000,6000,35000,35000
05030P,台積電元富95售04,0,0,0,0,0,0,0,0,0,35000,0,0,0,50000,15000,35000,35000
050666,道瓊銀永豐94購01,0,0,0,0,0,0,0,0,0,35000,0,0,0,35000,0,35000,35000
053659,智原凱基97購01  ,0,0,0,0,0,0,0,0,0,35000,0,0,0,61000,26000,35000,35000
053527,創意中信97購01  ,0,0,0,0,0,0,0,0,0,35000,0,0,0,35000,0,35000,35000
6431,光麗-KY         ,39000,4000,35000,0,0,0,0,0,0,0,0,0,0,0,0,0,35000
053787,健策元大97購02  ,0,0,0,0,0,0,0,0,0,35000,0,0,0,278000,243000,35000,35000
06003P,亞光康和96售02  ,0,0,0,0,0,0,0,0,0,35000,0,0,0,35000,0,35000,35000
1473,台南            ,41000,7000,34000,0,0,0,0,0,0,0,0,0,0,0,0,0,34000
3167,大量            ,49000,15000,34000,0,0,0,0,0,0,0,0,0,0,0,0,0,34000
053279,景碩元大97購01  ,0,0,0,0,0,0,0,0,0,34000,0,0,0,376000,342000,34000,34000
051614,元金2X凱基97購01,0,0,0,0,0,0,0,0,0,34000,0,0,0,415000,381000,34000,34000
051806,華通凱基96購02  ,0,0,0,0,0,0,0,0,0,34000,0,0,0,122000,88000,34000,34000
052030,GIS群益95購04   ,0,0,0,0,0,0,0,0,0,34000,0,0,0,44000,10000,34000,34000
052085,聯電元大95購01  ,0,0,0,0,0,0,0,0,0,34000,0,0,0,34000,0,34000,34000
048238,奇鋐國票94購01  ,0,0,0,0,0,0,0,0,0,34000,0,0,0,34000,0,34000,34000
03639P,祥碩凱基93售05  ,0,0,0,0,0,0,0,0,0,34000,0,0,0,79000,45000,34000,34000
03057P,亞德客凱基01售02,0,0,0,0,0,0,0,0,0,34000,0,0,0,34000,0,34000,34000
041871,元油2X凱基92購02,0,0,0,0,0,0,0,0,0,34000,0,0,0,44000,10000,34000,34000
046810,瑞昱第一93購01  ,0,0,0,0,0,0,0,0,0,34000,0,0,0,39000,5000,34000,34000
045662,華邦電統一94購02,0,0,0,0,0,0,0,0,0,34000,0,0,0,417000,383000,34000,34000
047351,聯詠凱基93購02  ,0,0,0,0,0,0,0,0,0,34000,0,0,0,44000,10000,34000,34000
047326,致伸元大93購03  ,0,0,0,0,0,0,0,0,0,34000,0,0,0,103000,69000,34000,34000
048089,智邦凱基93購10  ,0,0,0,0,0,0,0,0,0,34000,0,0,0,43000,9000,34000,34000
050813,旺宏凱基96購01  ,0,0,0,0,0,0,0,0,0,34000,0,0,0,58000,24000,34000,34000
050732,台虹國票94購01  ,0,0,0,0,0,0,0,0,0,34000,0,0,0,82000,48000,34000,34000
050966,日月光永豐95購01,0,0,0,0,0,0,0,0,0,34000,0,0,0,34000,0,34000,34000
048843,台郡凱基94購01  ,0,0,0,0,0,0,0,0,0,34000,0,0,0,89000,55000,34000,34000
1219,福壽            ,34000,0,34000,0,0,0,0,0,0,0,0,0,0,0,0,0,34000
05650P,台積電富邦96售01,0,0,0,0,0,0,0,0,0,34000,0,0,0,109000,75000,34000,34000
4540,全球傳動        ,111000,77000,34000,0,0,0,0,0,0,0,0,0,0,0,0,0,34000
051842,大成鋼富邦97購01,0,0,0,0,0,0,0,0,0,33000,0,0,0,149000,116000,33000,33000
051513,台積電凱基95購13,0,0,0,0,0,0,0,0,0,33000,0,0,0,40000,7000,33000,33000
052714,義隆凱基96購02  ,0,0,0,0,0,0,0,0,0,33000,0,0,0,190000,157000,33000,33000
052575,茂林凱基96購04  ,0,0,0,0,0,0,0,0,0,33000,0,0,0,243000,210000,33000,33000
052436,正崴富邦95購01  ,0,0,0,0,0,0,0,0,0,33000,0,0,0,33000,0,33000,33000
052211,台積電元大95購22,0,0,0,0,0,0,0,0,0,33000,0,0,0,686000,653000,33000,33000
053255,貿聯國泰97購01  ,0,0,0,0,0,0,0,0,0,33000,0,0,0,158000,125000,33000,33000
053345,欣興國票97購02  ,0,0,0,0,0,0,0,0,0,33000,0,0,0,33000,0,33000,33000
053070,訊芯群益96購01  ,0,0,0,0,0,0,0,0,0,33000,0,0,0,131000,98000,33000,33000
053030,南亞科第一96購01,0,0,0,0,0,0,0,0,0,33000,0,0,0,429000,396000,33000,33000
2495,普安            ,43000,10000,33000,0,0,0,0,0,0,0,0,0,0,0,0,0,33000
2841,台開            ,141000,102000,39000,0,0,0,0,0,0,-6000,0,6000,-6000,0,0,0,33000
1734,杏輝            ,39000,6000,33000,0,0,0,0,0,0,0,0,0,0,0,0,0,33000
2031,新光鋼          ,320000,286000,34000,0,0,0,0,0,0,-1000,21000,22000,-1000,0,0,0,33000
2009,第一銅          ,39000,5000,34000,0,0,0,0,0,0,-1000,0,1000,-1000,0,0,0,33000
048159,聯詠兆豐93購03  ,0,0,0,0,0,0,0,0,0,33000,0,0,0,73000,40000,33000,33000
045621,超眾永豐92購02  ,0,0,0,0,0,0,0,0,0,33000,0,0,0,35000,2000,33000,33000
046522,樺漢元大92購03  ,0,0,0,0,0,0,0,0,0,33000,0,0,0,151000,118000,33000,33000
052945,嘉晶國票97購01  ,0,0,0,0,0,0,0,0,0,33000,0,0,0,68000,35000,33000,33000
052903,致茂國票97購01  ,0,0,0,0,0,0,0,0,0,33000,0,0,0,105000,72000,33000,33000
046704,智原元富93購01  ,0,0,0,0,0,0,0,0,0,33000,0,0,0,298000,265000,33000,33000
047114,全新元大94購01  ,0,0,0,0,0,0,0,0,0,33000,0,0,0,45000,12000,33000,33000
046608,超眾兆豐93購02  ,0,0,0,0,0,0,0,0,0,33000,0,0,0,63000,30000,33000,33000
047062,鴻海凱基93購24  ,0,0,0,0,0,0,0,0,0,33000,0,0,0,832000,799000,33000,33000
049806,臺企銀元大94購01,0,0,0,0,0,0,0,0,0,33000,0,0,0,102000,69000,33000,33000
050016,緯穎富邦95購01  ,0,0,0,0,0,0,0,0,0,33000,0,0,0,56000,23000,33000,33000
050083,旺宏元富94購01  ,0,0,0,0,0,0,0,0,0,33000,0,0,0,33000,0,33000,33000
049524,可成兆豐95購02  ,0,0,0,0,0,0,0,0,0,33000,0,0,0,133000,100000,33000,33000
049371,可成元大94購04  ,0,0,0,0,0,0,0,0,0,33000,0,0,0,33000,0,33000,33000
049176,漢唐凱基94購02  ,0,0,0,0,0,0,0,0,0,33000,0,0,0,43000,10000,33000,33000
051416,創意國票96購02  ,0,0,0,0,0,0,0,0,0,33000,0,0,0,33000,0,33000,33000
051461,聯詠國泰96購01  ,0,0,0,0,0,0,0,0,0,33000,0,0,0,199000,166000,33000,33000
8249,菱光            ,34000,13000,21000,0,0,0,0,0,0,12000,12000,0,12000,0,0,0,33000
9925,新保            ,38000,5000,33000,0,0,0,0,0,0,0,0,0,0,0,0,0,33000
053724,聯詠凱基96購04  ,0,0,0,0,0,0,0,0,0,33000,0,0,0,126000,93000,33000,33000
054466,欣興凱基97購03  ,0,0,0,0,0,0,0,0,0,33000,0,0,0,44000,11000,33000,33000
053227,晶技台新96購01  ,0,0,0,0,0,0,0,0,0,32000,0,0,0,36000,4000,32000,32000
052221,東元凱基95購01  ,0,0,0,0,0,0,0,0,0,32000,0,0,0,100000,68000,32000,32000
052123,泰碩國票95購01  ,0,0,0,0,0,0,0,0,0,32000,0,0,0,63000,31000,32000,32000
051645,光寶科永豐95購01,0,0,0,0,0,0,0,0,0,32000,0,0,0,32000,0,32000,32000
051915,日月光元大96購01,0,0,0,0,0,0,0,0,0,32000,0,0,0,165000,133000,32000,32000
044998,玉晶光國泰94購01,0,0,0,0,0,0,0,0,0,32000,0,0,0,32000,0,32000,32000
045438,台郡統一94購01  ,0,0,0,0,0,0,0,0,0,32000,0,0,0,54000,22000,32000,32000
044633,台郡元大92購03  ,0,0,0,0,0,0,0,0,0,32000,0,0,0,68000,36000,32000,32000
00663L,國泰臺灣加權正2 ,0,0,0,0,0,0,0,0,0,32000,0,0,0,50000,18000,32000,32000
046135,南亞科富邦92購01,0,0,0,0,0,0,0,0,0,32000,0,0,0,33000,1000,32000,32000
046634,GIS元富93購01   ,0,0,0,0,0,0,0,0,0,32000,0,0,0,32000,0,32000,32000
047163,義隆台新93購01  ,0,0,0,0,0,0,0,0,0,32000,0,0,0,282000,250000,32000,32000
045932,亞泥群益92購01  ,0,0,0,0,0,0,0,0,0,32000,0,0,0,52000,20000,32000,32000
047385,華邦電元大94購02,0,0,0,0,0,0,0,0,0,32000,0,0,0,106000,74000,32000,32000
047953,台積電永豐93購04,0,0,0,0,0,0,0,0,0,32000,0,0,0,32000,0,32000,32000
046460,聯鈞凱基93購02  ,0,0,0,0,0,0,0,0,0,32000,0,0,0,60000,28000,32000,32000
050733,寶成國票94購01  ,0,0,0,0,0,0,0,0,0,32000,0,0,0,32000,0,32000,32000
050505,可成凱基94購12  ,0,0,0,0,0,0,0,0,0,32000,0,0,0,32000,0,32000,32000
049244,亞光元富94購01  ,0,0,0,0,0,0,0,0,0,32000,0,0,0,37000,5000,32000,32000
049036,燿華兆豐95購01  ,0,0,0,0,0,0,0,0,0,32000,0,0,0,48000,16000,32000,32000
049357,微星富邦94購01  ,0,0,0,0,0,0,0,0,0,32000,0,0,0,50000,18000,32000,32000
054402,康控永豐96購03  ,0,0,0,0,0,0,0,0,0,32000,0,0,0,33000,1000,32000,32000
054487,京元電台新97購01,0,0,0,0,0,0,0,0,0,32000,0,0,0,40000,8000,32000,32000
05633P,台表科群益96售04,0,0,0,0,0,0,0,0,0,32000,0,0,0,32000,0,32000,32000
053978,創意元大96購05  ,0,0,0,0,0,0,0,0,0,32000,0,0,0,62000,30000,32000,32000
054200,美律富邦97購02  ,0,0,0,0,0,0,0,0,0,32000,0,0,0,300000,268000,32000,32000
054277,亞光群益97購01  ,0,0,0,0,0,0,0,0,0,32000,0,0,0,41000,9000,32000,32000
6108,競國            ,52000,20000,32000,0,0,0,0,0,0,0,0,0,0,0,0,0,32000
051897,台光電國泰97購01,0,0,0,0,0,0,0,0,0,31000,0,0,0,87000,56000,31000,31000
052086,鴻海元大96購08  ,0,0,0,0,0,0,0,0,0,31000,0,0,0,54000,23000,31000,31000
052039,聯詠永昌96購01  ,0,0,0,0,0,0,0,0,0,31000,0,0,0,71000,40000,31000,31000
051767,臻鼎元大95購03  ,0,0,0,0,0,0,0,0,0,31000,0,0,0,74000,43000,31000,31000
051499,康控群益95購02  ,0,0,0,0,0,0,0,0,0,31000,0,0,0,43000,12000,31000,31000
052239,泰鼎國票97購01  ,0,0,0,0,0,0,0,0,0,31000,0,0,0,31000,0,31000,31000
053422,可成永豐96購01  ,0,0,0,0,0,0,0,0,0,31000,0,0,0,99000,68000,31000,31000
053009,大成鋼統一96購02,0,0,0,0,0,0,0,0,0,31000,0,0,0,71000,40000,31000,31000
1452,宏益            ,40000,9000,31000,0,0,0,0,0,0,0,0,0,0,0,0,0,31000
2617,台航            ,49000,17000,32000,0,0,0,0,0,0,-1000,0,1000,-1000,0,0,0,31000
03740P,奇鋐群益94售01  ,0,0,0,0,0,0,0,0,0,31000,0,0,0,31000,0,31000,31000
045203,同欣電凱基92購01,0,0,0,0,0,0,0,0,0,31000,0,0,0,61000,30000,31000,31000
044646,旺宏群益93購01  ,0,0,0,0,0,0,0,0,0,31000,0,0,0,31000,0,31000,31000
043569,超眾凱基91購03  ,0,0,0,0,0,0,0,0,0,31000,0,0,0,31000,0,31000,31000
047280,泰鼎永豐93購01  ,0,0,0,0,0,0,0,0,0,31000,0,0,0,31000,0,31000,31000
045592,台郡元大92購04  ,0,0,0,0,0,0,0,0,0,31000,0,0,0,65000,34000,31000,31000
048061,鴻海統一95購03  ,0,0,0,0,0,0,0,0,0,31000,0,0,0,66000,35000,31000,31000
045910,華通國票92購01  ,0,0,0,0,0,0,0,0,0,31000,0,0,0,31000,0,31000,31000
045922,臺股指國票92購12,0,0,0,0,0,0,0,0,0,31000,0,0,0,31000,0,31000,31000
048575,旺宏國泰94購04  ,0,0,0,0,0,0,0,0,0,31000,0,0,0,31000,0,31000,31000
046875,康友元富93購01  ,0,0,0,0,0,0,0,0,0,31000,0,0,0,96000,65000,31000,31000
046939,燿華元大96購01  ,0,0,0,0,0,0,0,0,0,31000,0,0,0,167000,136000,31000,31000
047703,台積電凱基93購19,0,0,0,0,0,0,0,0,0,31000,0,0,0,41000,10000,31000,31000
046957,台達電中信93購01,0,0,0,0,0,0,0,0,0,31000,0,0,0,31000,0,31000,31000
049511,奇力新凱基94購03,0,0,0,0,0,0,0,0,0,31000,0,0,0,31000,0,31000,31000
048964,劍麟元大94購01  ,0,0,0,0,0,0,0,0,0,31000,0,0,0,71000,40000,31000,31000
049132,大成鋼元大94購01,0,0,0,0,0,0,0,0,0,31000,0,0,0,82000,51000,31000,31000
049935,南電元大94購08  ,0,0,0,0,0,0,0,0,0,31000,0,0,0,96000,65000,31000,31000
049846,台泥群益94購01  ,0,0,0,0,0,0,0,0,0,31000,0,0,0,48000,17000,31000,31000
050272,訊芯元大94購03  ,0,0,0,0,0,0,0,0,0,31000,0,0,0,225000,194000,31000,31000
051268,創意富邦97購01  ,0,0,0,0,0,0,0,0,0,31000,0,0,0,66000,35000,31000,31000
050927,聯詠凱基95購01  ,0,0,0,0,0,0,0,0,0,31000,0,0,0,46000,15000,31000,31000
6142,友勁            ,13000,0,13000,0,0,0,0,0,0,18000,18000,0,18000,0,0,0,31000
053449,超眾凱基98購01  ,0,0,0,0,0,0,0,0,0,31000,0,0,0,31000,0,31000,31000
053678,南亞科富邦97購01,0,0,0,0,0,0,0,0,0,31000,0,0,0,52000,21000,31000,31000
053593,晶技元大98購01  ,0,0,0,0,0,0,0,0,0,31000,0,0,0,235000,204000,31000,31000
054165,亞光凱基96購02  ,0,0,0,0,0,0,0,0,0,31000,0,0,0,58000,27000,31000,31000
053773,上銀元大96購04  ,0,0,0,0,0,0,0,0,0,31000,0,0,0,63000,32000,31000,31000
2483,百容            ,32000,2000,30000,0,0,0,0,0,0,0,0,0,0,0,0,0,30000
3607,谷崧            ,30000,0,30000,0,0,0,0,0,0,0,0,0,0,0,0,0,30000
1454,台富            ,30000,0,30000,0,0,0,0,0,0,0,0,0,0,0,0,0,30000
1762,中化生          ,129000,99000,30000,0,0,0,0,0,0,0,0,0,0,0,0,0,30000
053042,大立光凱基97購03,0,0,0,0,0,0,0,0,0,30000,0,0,0,30000,0,30000,30000
053131,華通國票97購03  ,0,0,0,0,0,0,0,0,0,30000,0,0,0,89000,59000,30000,30000
053101,創意元富96購03  ,0,0,0,0,0,0,0,0,0,30000,0,0,0,30000,0,30000,30000
052864,奇力新凱基96購02,0,0,0,0,0,0,0,0,0,30000,0,0,0,86000,56000,30000,30000
053407,台積電兆豐96購02,0,0,0,0,0,0,0,0,0,30000,0,0,0,32000,2000,30000,30000
053337,聯電國票97購01  ,0,0,0,0,0,0,0,0,0,30000,0,0,0,44000,14000,30000,30000
053340,建準國票97購01  ,0,0,0,0,0,0,0,0,0,30000,0,0,0,30000,0,30000,30000
053234,奇鋐永豐96購01  ,0,0,0,0,0,0,0,0,0,30000,0,0,0,80000,50000,30000,30000
053248,智伸科國票97購01,0,0,0,0,0,0,0,0,0,30000,0,0,0,35000,5000,30000,30000
052106,明泰兆豐95購01  ,0,0,0,0,0,0,0,0,0,30000,0,0,0,30000,0,30000,30000
05209P,鴻海凱基96售09  ,0,0,0,0,0,0,0,0,0,30000,0,0,0,30000,0,30000,30000
052158,華泰永豐95購01  ,0,0,0,0,0,0,0,0,0,30000,0,0,0,30000,0,30000,30000
052295,揚明光國票96購03,0,0,0,0,0,0,0,0,0,30000,0,0,0,30000,0,30000,30000
051571,南茂富邦95購01  ,0,0,0,0,0,0,0,0,0,30000,0,0,0,30000,0,30000,30000
051658,深中小國泰97購01,0,0,0,0,0,0,0,0,0,30000,0,0,0,30000,0,30000,30000
051669,建準元大95購01  ,0,0,0,0,0,0,0,0,0,30000,0,0,0,41000,11000,30000,30000
052038,國巨永昌96購01  ,0,0,0,0,0,0,0,0,0,30000,0,0,0,30000,0,30000,30000
05198P,牧德永豐95售02  ,0,0,0,0,0,0,0,0,0,30000,0,0,0,30000,0,30000,30000
043591,智邦元大92購02  ,0,0,0,0,0,0,0,0,0,30000,0,0,0,30000,0,30000,30000
044787,上銀群益93購01  ,0,0,0,0,0,0,0,0,0,30000,0,0,0,30000,0,30000,30000
044791,TPK群益91購02   ,0,0,0,0,0,0,0,0,0,30000,0,0,0,30000,0,30000,30000
043694,華新科兆豐92購01,0,0,0,0,0,0,0,0,0,30000,0,0,0,30000,0,30000,30000
045022,聯電亞東93購01  ,0,0,0,0,0,0,0,0,0,30000,0,0,0,30000,0,30000,30000
045137,鴻海兆豐92購02  ,0,0,0,0,0,0,0,0,0,30000,0,0,0,219000,189000,30000,30000
048163,南亞科台新93購01,0,0,0,0,0,0,0,0,0,30000,0,0,0,30000,0,30000,30000
048201,智易元大93購06  ,0,0,0,0,0,0,0,0,0,30000,0,0,0,105000,75000,30000,30000
048320,聯詠凱基93購08  ,0,0,0,0,0,0,0,0,0,30000,0,0,0,58000,28000,30000,30000
048408,正文群益93購01  ,0,0,0,0,0,0,0,0,0,30000,0,0,0,30000,0,30000,30000
044679,南亞科凱基91購14,0,0,0,0,0,0,0,0,0,30000,0,0,0,30000,0,30000,30000
043486,技嘉兆豐91購01  ,0,0,0,0,0,0,0,0,0,30000,0,0,0,30000,0,30000,30000
044951,南電群益92購01  ,0,0,0,0,0,0,0,0,0,30000,0,0,0,30000,0,30000,30000
045514,南茂凱基93購01  ,0,0,0,0,0,0,0,0,0,30000,0,0,0,30000,0,30000,30000
045490,統一凱基93購01  ,0,0,0,0,0,0,0,0,0,30000,0,0,0,30000,0,30000,30000
043866,中環元大91購01  ,0,0,0,0,0,0,0,0,0,30000,0,0,0,30000,0,30000,30000
043932,嘉澤永豐91購01  ,0,0,0,0,0,0,0,0,0,30000,0,0,0,30000,0,30000,30000
043909,台光電凱基93購01,0,0,0,0,0,0,0,0,0,30000,0,0,0,30000,0,30000,30000
044015,全新凱基91購02  ,0,0,0,0,0,0,0,0,0,30000,0,0,0,60000,30000,30000,30000
044841,台光電元富91購04,0,0,0,0,0,0,0,0,0,30000,0,0,0,30000,0,30000,30000
045360,樺漢凱基92購01  ,0,0,0,0,0,0,0,0,0,30000,0,0,0,32000,2000,30000,30000
044510,台光電凱基93購04,0,0,0,0,0,0,0,0,0,30000,0,0,0,30000,0,30000,30000
045227,致伸元大93購01  ,0,0,0,0,0,0,0,0,0,30000,0,0,0,31000,1000,30000,30000
045219,瑞昱元大92購01  ,0,0,0,0,0,0,0,0,0,30000,0,0,0,30000,0,30000,30000
044403,新日興凱基92購01,0,0,0,0,0,0,0,0,0,30000,0,0,0,38000,8000,30000,30000
042086,新光金凱基91購01,0,0,0,0,0,0,0,0,0,30000,0,0,0,30000,0,30000,30000
042143,奇鋐元大92購01  ,0,0,0,0,0,0,0,0,0,30000,0,0,0,188000,158000,30000,30000
044318,群創永豐91購01  ,0,0,0,0,0,0,0,0,0,30000,0,0,0,30000,0,30000,30000
044277,彩晶群益92購01  ,0,0,0,0,0,0,0,0,0,30000,0,0,0,50000,20000,30000,30000
041976,可成中信92購01  ,0,0,0,0,0,0,0,0,0,30000,0,0,0,30000,0,30000,30000
039645,瑞儀群益91購01  ,0,0,0,0,0,0,0,0,0,30000,0,0,0,30000,0,30000,30000
043299,欣興中信91購02  ,0,0,0,0,0,0,0,0,0,30000,0,0,0,30000,0,30000,30000
043464,南亞科元大91購04,0,0,0,0,0,0,0,0,0,30000,0,0,0,30000,0,30000,30000
03218P,聯電康和02售02  ,0,0,0,0,0,0,0,0,0,30000,0,0,0,30000,0,30000,30000
03384P,聯電凱基03售07  ,0,0,0,0,0,0,0,0,0,30000,0,0,0,30000,0,30000,30000
046981,智伸科兆豐94購01,0,0,0,0,0,0,0,0,0,30000,0,0,0,60000,30000,30000,30000
046998,同欣電國泰94購01,0,0,0,0,0,0,0,0,0,30000,0,0,0,30000,0,30000,30000
046177,矽創永豐92購01  ,0,0,0,0,0,0,0,0,0,30000,0,0,0,30000,0,30000,30000
047081,晶技康和93購01  ,0,0,0,0,0,0,0,0,0,30000,0,0,0,30000,0,30000,30000
046303,台積電元大92購25,0,0,0,0,0,0,0,0,0,30000,0,0,0,30000,0,30000,30000
048516,麗豐凱基93購02  ,0,0,0,0,0,0,0,0,0,30000,0,0,0,115000,85000,30000,30000
048491,A50元大93購01   ,0,0,0,0,0,0,0,0,0,30000,0,0,0,170000,140000,30000,30000
046700,台郡凱基93購02  ,0,0,0,0,0,0,0,0,0,30000,0,0,0,30000,0,30000,30000
046691,儒鴻凱基93購02  ,0,0,0,0,0,0,0,0,0,30000,0,0,0,49000,19000,30000,30000
047843,超眾元大93購02  ,0,0,0,0,0,0,0,0,0,30000,0,0,0,50000,20000,30000,30000
046334,緯穎元大92購05  ,0,0,0,0,0,0,0,0,0,30000,0,0,0,40000,10000,30000,30000
046072,台勝科凱基92購03,0,0,0,0,0,0,0,0,0,30000,0,0,0,70000,40000,30000,30000
046666,欣興元大93購05  ,0,0,0,0,0,0,0,0,0,30000,0,0,0,50000,20000,30000,30000
046906,新光金凱基99購02,0,0,0,0,0,0,0,0,0,30000,0,0,0,30000,0,30000,30000
045692,南茂元大92購04  ,0,0,0,0,0,0,0,0,0,30000,0,0,0,30000,0,30000,30000
045686,臻鼎元大92購02  ,0,0,0,0,0,0,0,0,0,30000,0,0,0,30000,0,30000,30000
045753,大立光國泰94購02,0,0,0,0,0,0,0,0,0,30000,0,0,0,30000,0,30000,30000
047426,創意亞東93購02  ,0,0,0,0,0,0,0,0,0,30000,0,0,0,30000,0,30000,30000
048562,宏達電元大95購01,0,0,0,0,0,0,0,0,0,30000,0,0,0,36000,6000,30000,30000
048807,崇越中信94購01  ,0,0,0,0,0,0,0,0,0,30000,0,0,0,250000,220000,30000,30000
048731,創意麥證94購01  ,0,0,0,30000,0,30000,0,0,0,30000,0,0,0,30000,0,30000,30000
05295P,緯創凱基95售01  ,0,0,0,0,0,0,0,0,0,30000,0,0,0,30000,0,30000,30000
047239,瀚宇博凱基94購01,0,0,0,0,0,0,0,0,0,30000,0,0,0,50000,20000,30000,30000
046508,冠德元大92購04  ,0,0,0,0,0,0,0,0,0,30000,0,0,0,30000,0,30000,30000
046463,臻鼎凱基92購05  ,0,0,0,0,0,0,0,0,0,30000,0,0,0,30000,0,30000,30000
047986,明泰群益93購01  ,0,0,0,0,0,0,0,0,0,30000,0,0,0,40000,10000,30000,30000
047557,麗豐凱基94購02  ,0,0,0,0,0,0,0,0,0,30000,0,0,0,30000,0,30000,30000
051295,國巨元富95購04  ,0,0,0,0,0,0,0,0,0,30000,0,0,0,30000,0,30000,30000
051235,鴻海元大95購06  ,0,0,0,0,0,0,0,0,0,30000,0,0,0,506000,476000,30000,30000
051425,昇陽半國票97購01,0,0,0,0,0,0,0,0,0,30000,0,0,0,30000,0,30000,30000
051387,新光金麥證96購01,0,0,0,50000,20000,30000,0,0,0,30000,0,0,0,50000,20000,30000,30000
050290,南亞科凱基94購06,0,0,0,0,0,0,0,0,0,30000,0,0,0,30000,0,30000,30000
050390,聯發科統一94購09,0,0,0,0,0,0,0,0,0,30000,0,0,0,52000,22000,30000,30000
050385,貿聯國票95購02  ,0,0,0,0,0,0,0,0,0,30000,0,0,0,54000,24000,30000,30000
050725,光磊國票96購01  ,0,0,0,0,0,0,0,0,0,30000,0,0,0,30000,0,30000,30000
050565,矽格元富94購01  ,0,0,0,0,0,0,0,0,0,30000,0,0,0,50000,20000,30000,30000
049788,智伸科兆豐95購01,0,0,0,0,0,0,0,0,0,30000,0,0,0,30000,0,30000,30000
050024,旺宏元大94購09  ,0,0,0,0,0,0,0,0,0,30000,0,0,0,165000,135000,30000,30000
050186,京鼎元大94購01  ,0,0,0,0,0,0,0,0,0,30000,0,0,0,30000,0,30000,30000
049137,華通元大95購02  ,0,0,0,0,0,0,0,0,0,30000,0,0,0,30000,0,30000,30000
049334,上銀統一94購01  ,0,0,0,0,0,0,0,0,0,30000,0,0,0,40000,10000,30000,30000
048855,華新科群益94購02,0,0,0,0,0,0,0,0,0,30000,0,0,0,236000,206000,30000,30000
049488,智邦元大95購01  ,0,0,0,0,0,0,0,0,0,30000,0,0,0,30000,0,30000,30000
054010,致伸元富96購01  ,0,0,0,0,0,0,0,0,0,30000,0,0,0,40000,10000,30000,30000
054274,智易中信96購02  ,0,0,0,0,0,0,0,0,0,30000,0,0,0,30000,0,30000,30000
054187,亞光永豐96購03  ,0,0,0,0,0,0,0,0,0,30000,0,0,0,30000,0,30000,30000
053600,同欣電元大96購04,0,0,0,0,0,0,0,0,0,30000,0,0,0,136000,106000,30000,30000
4438,廣越            ,60000,31000,29000,0,0,0,0,0,0,1000,0,1000,-1000,2000,0,2000,30000
054575,聯鈞元大97購01  ,0,0,0,0,0,0,0,0,0,30000,0,0,0,34000,4000,30000,30000
054410,國巨元大96購14  ,0,0,0,0,0,0,0,0,0,30000,0,0,0,108000,78000,30000,30000
08798P,聯發科國票01售03,0,0,0,0,0,0,0,0,0,30000,0,0,0,30000,0,30000,30000
06060P,玉晶光元大97售03,0,0,0,0,0,0,0,0,0,30000,0,0,0,34000,4000,30000,30000
05993P,國巨元大96售13  ,0,0,0,0,0,0,0,0,0,30000,0,0,0,30000,0,30000,30000
051715,和碩台新95購01  ,0,0,0,0,0,0,0,0,0,29000,0,0,0,42000,13000,29000,29000
051552,牧德永豐95購03  ,0,0,0,0,0,0,0,0,0,29000,0,0,0,175000,146000,29000,29000
051619,智邦凱基95購07  ,0,0,0,0,0,0,0,0,0,29000,0,0,0,29000,0,29000,29000
052354,健策群益96購02  ,0,0,0,0,0,0,0,0,0,29000,0,0,0,99000,70000,29000,29000
052165,訊芯永豐95購03  ,0,0,0,0,0,0,0,0,0,29000,0,0,0,81000,52000,29000,29000
053312,緯穎凱基96購02  ,0,0,0,0,0,0,0,0,0,29000,0,0,0,46000,17000,29000,29000
053354,康控兆豐97購02  ,0,0,0,0,0,0,0,0,0,29000,0,0,0,141000,112000,29000,29000
053116,華新科中信96購01,0,0,0,0,0,0,0,0,0,29000,0,0,0,62000,33000,29000,29000
1460,宏遠            ,81000,52000,29000,0,0,0,0,0,0,0,0,0,0,0,0,0,29000
2030,彰源            ,56000,27000,29000,0,0,0,0,0,0,0,0,0,0,0,0,0,29000
03640C,元油2X元大9B牛02,0,0,0,0,0,0,0,0,0,29000,0,0,0,30000,1000,29000,29000
045363,台達電兆豐92購01,0,0,0,0,0,0,0,0,0,29000,0,0,0,30000,1000,29000,29000
045270,南電凱基92購03  ,0,0,0,0,0,0,0,0,0,29000,0,0,0,39000,10000,29000,29000
043492,大立光統一91購04,0,0,0,0,0,0,0,0,0,29000,0,0,0,50000,21000,29000,29000
048088,台積電凱基93購23,0,0,0,0,0,0,0,0,0,29000,0,0,0,31000,2000,29000,29000
048602,上緯控國票96購01,0,0,0,0,0,0,0,0,0,29000,0,0,0,29000,0,29000,29000
045833,京元電群益92購02,0,0,0,0,0,0,0,0,0,29000,0,0,0,59000,30000,29000,29000
046073,日月光凱基92購03,0,0,0,0,0,0,0,0,0,29000,0,0,0,30000,1000,29000,29000
047856,GIS國票94購01   ,0,0,0,0,0,0,0,0,0,29000,0,0,0,79000,50000,29000,29000
047109,華邦電元大94購01,0,0,0,0,0,0,0,0,0,29000,0,0,0,45000,16000,29000,29000
049313,晶技凱基94購01  ,0,0,0,0,0,0,0,0,0,29000,0,0,0,29000,0,29000,29000
051237,鴻海元大97購01  ,0,0,0,0,0,0,0,0,0,29000,0,0,0,389000,360000,29000,29000
06044P,同欣電永豐96售03,0,0,0,0,0,0,0,0,0,29000,0,0,0,75000,46000,29000,29000
054321,上銀台新96購01  ,0,0,0,0,0,0,0,0,0,29000,0,0,0,29000,0,29000,29000
054522,康友元大96購07  ,0,0,0,0,0,0,0,0,0,29000,0,0,0,279000,250000,29000,29000
9930,中聯資源        ,29000,0,29000,0,0,0,0,0,0,0,0,0,0,0,0,0,29000
053484,國巨國票97購03  ,0,0,0,0,0,0,0,0,0,29000,0,0,0,145000,116000,29000,29000
054179,上海銀台新97購01,0,0,0,0,0,0,0,0,0,29000,0,0,0,78000,49000,29000,29000
2017,官田鋼          ,31000,3000,28000,0,0,0,0,0,0,0,0,0,0,0,0,0,28000
2527,宏璟            ,39000,9000,30000,0,0,0,0,0,0,-2000,0,2000,-2000,0,0,0,28000
052814,上証2X永豐96購02,0,0,0,0,0,0,0,0,0,28000,0,0,0,44000,16000,28000,28000
052558,新唐國票97購01  ,0,0,0,0,0,0,0,0,0,28000,0,0,0,40000,12000,28000,28000
045390,新唐元大92購01  ,0,0,0,0,0,0,0,0,0,28000,0,0,0,58000,30000,28000,28000
045084,欣興元大93購02  ,0,0,0,0,0,0,0,0,0,28000,0,0,0,50000,22000,28000,28000
048528,華泰國票94購01  ,0,0,0,0,0,0,0,0,0,28000,0,0,0,38000,10000,28000,28000
047002,鴻海統一93購04  ,0,0,0,0,0,0,0,0,0,28000,0,0,0,28000,0,28000,28000
047741,鴻海統一93購06  ,0,0,0,0,0,0,0,0,0,28000,0,0,0,28000,0,28000,28000
046790,康友永豐93購01  ,0,0,0,0,0,0,0,0,0,28000,0,0,0,437000,409000,28000,28000
046827,漢唐群益93購02  ,0,0,0,0,0,0,0,0,0,28000,0,0,0,48000,20000,28000,28000
047414,智邦永昌93購01  ,0,0,0,0,0,0,0,0,0,28000,0,0,0,48000,20000,28000,28000
045891,健鼎元大92購01  ,0,0,0,0,0,0,0,0,0,28000,0,0,0,148000,120000,28000,28000
048774,麗豐凱基94購04  ,0,0,0,0,0,0,0,0,0,28000,0,0,0,78000,50000,28000,28000
051344,鴻海元大95購08  ,0,0,0,0,0,0,0,0,0,28000,0,0,0,468000,440000,28000,28000
050984,大立光國泰97購01,0,0,0,0,0,0,0,0,0,28000,0,0,0,31000,3000,28000,28000
051068,台積電國票97購01,0,0,0,0,0,0,0,0,0,28000,0,0,0,233000,205000,28000,28000
050619,TPK元大95購02   ,0,0,0,0,0,0,0,0,0,28000,0,0,0,28000,0,28000,28000
050297,欣興凱基94購08  ,0,0,0,0,0,0,0,0,0,28000,0,0,0,28000,0,28000,28000
049102,智伸科國泰96購01,0,0,0,0,0,0,0,0,0,28000,0,0,0,122000,94000,28000,28000
049025,華擎群益94購01  ,0,0,0,0,0,0,0,0,0,28000,0,0,0,155000,127000,28000,28000
04980P,臺股指凱基96售08,0,0,0,0,0,0,0,0,0,28000,0,0,0,32000,4000,28000,28000
049867,日月光兆豐94購01,0,0,0,0,0,0,0,0,0,28000,0,0,0,38000,10000,28000,28000
049573,長榮航統一95購01,0,0,0,0,0,0,0,0,0,28000,0,0,0,28000,0,28000,28000
054315,訊芯凱基98購01  ,0,0,0,0,0,0,0,0,0,28000,0,0,0,48000,20000,28000,28000
053718,全新凱基97購02  ,0,0,0,0,0,0,0,0,0,28000,0,0,0,38000,10000,28000,28000
9924,福興            ,48000,20000,28000,0,0,0,0,0,0,0,0,0,0,0,0,0,28000
4766,南寶            ,45000,17000,28000,0,0,0,0,0,0,0,0,1000,-1000,1000,0,1000,28000
1218,泰山            ,110000,80000,30000,0,0,0,0,0,0,-2000,0,2000,-2000,0,0,0,28000
051707,欣興群益95購02  ,0,0,0,0,0,0,0,0,0,27000,0,0,0,27000,0,27000,27000
051632,全新國票96購01  ,0,0,0,0,0,0,0,0,0,27000,0,0,0,101000,74000,27000,27000
053201,美律日盛96購01  ,0,0,0,0,0,0,0,0,0,27000,0,0,0,50000,23000,27000,27000
044761,嘉澤凱基91購07  ,0,0,0,0,0,0,0,0,0,27000,0,0,0,27000,0,27000,27000
048393,台光電國票93購02,0,0,0,0,0,0,0,0,0,27000,0,0,0,447000,420000,27000,27000
044873,聯詠統一91購02  ,0,0,0,0,0,0,0,0,0,27000,0,0,0,37000,10000,27000,27000
044302,智邦兆豐93購02  ,0,0,0,0,0,0,0,0,0,27000,0,0,0,65000,38000,27000,27000
04236P,華新科群益93售03,0,0,0,0,0,0,0,0,0,27000,0,0,0,32000,5000,27000,27000
048733,台勝科麥證95購02,0,0,0,27000,0,27000,0,0,0,27000,0,0,0,27000,0,27000,27000
048741,欣興統一94購02  ,0,0,0,0,0,0,0,0,0,27000,0,0,0,42000,15000,27000,27000
045826,樺漢凱基92購02  ,0,0,0,0,0,0,0,0,0,27000,0,0,0,28000,1000,27000,27000
046611,樺漢日盛93購01  ,0,0,0,0,0,0,0,0,0,27000,0,0,0,37000,10000,27000,27000
046729,智伸科元大93購01,0,0,0,0,0,0,0,0,0,27000,0,0,0,47000,20000,27000,27000
046367,康普永豐92購01  ,0,0,0,0,0,0,0,0,0,27000,0,0,0,27000,0,27000,27000
047773,超眾元大96購01  ,0,0,0,0,0,0,0,0,0,27000,0,0,0,60000,33000,27000,27000
049890,嘉澤國泰95購01  ,0,0,0,0,0,0,0,0,0,27000,0,0,0,196000,169000,27000,27000
049847,旺宏群益94購04  ,0,0,0,0,0,0,0,0,0,27000,0,0,0,27000,0,27000,27000
049079,聯發科凱基94購04,0,0,0,0,0,0,0,0,0,27000,0,0,0,97000,70000,27000,27000
04907P,超眾國票95售01  ,0,0,0,0,0,0,0,0,0,27000,0,0,0,93000,66000,27000,27000
049189,訊芯康和94購01  ,0,0,0,0,0,0,0,0,0,27000,0,0,0,37000,10000,27000,27000
048931,晶華永豐94購01  ,0,0,0,0,0,0,0,0,0,27000,0,0,0,27000,0,27000,27000
050477,矽力永豐94購01  ,0,0,0,0,0,0,0,0,0,27000,0,0,0,67000,40000,27000,27000
050454,嘉澤元大94購04  ,0,0,0,0,0,0,0,0,0,27000,0,0,0,146000,119000,27000,27000
050781,昇陽半元大94購06,0,0,0,0,0,0,0,0,0,27000,0,0,0,27000,0,27000,27000
050802,康控群益95購01  ,0,0,0,0,0,0,0,0,0,27000,0,0,0,27000,0,27000,27000
050854,世紀鋼國票97購01,0,0,0,0,0,0,0,0,0,27000,0,0,0,36000,9000,27000,27000
051401,華新科永豐95購01,0,0,0,0,0,0,0,0,0,27000,0,0,0,170000,143000,27000,27000
05858P,矽力中信96售01  ,0,0,0,0,0,0,0,0,0,27000,0,0,0,40000,13000,27000,27000
054519,禾伸堂元大97購02,0,0,0,0,0,0,0,0,0,27000,0,0,0,207000,180000,27000,27000
054498,燿華永豐96購06  ,0,0,0,0,0,0,0,0,0,27000,0,0,0,31000,4000,27000,27000
054406,旺宏國票98購01  ,0,0,0,0,0,0,0,0,0,27000,0,0,0,33000,6000,27000,27000
054430,上銀台新96購02  ,0,0,0,0,0,0,0,0,0,27000,0,0,0,27000,0,27000,27000
9940,信義            ,56000,39000,17000,0,0,0,0,0,0,10000,14000,4000,10000,0,0,0,27000
053437,啟碁日盛96購01  ,0,0,0,0,0,0,0,0,0,27000,0,0,0,37000,10000,27000,27000
054281,世芯群益97購01  ,0,0,0,0,0,0,0,0,0,27000,0,0,0,130000,103000,27000,27000
054217,台表科國票97購05,0,0,0,0,0,0,0,0,0,27000,0,0,0,76000,49000,27000,27000
2613,中櫃            ,26000,0,26000,0,0,0,0,0,0,0,0,0,0,0,0,0,26000
051569,緯創富邦95購02  ,0,0,0,0,0,0,0,0,0,26000,0,0,0,30000,4000,26000,26000
052005,矽力國泰97購02  ,0,0,0,0,0,0,0,0,0,26000,0,0,0,169000,143000,26000,26000
051802,同欣電永豐95購02,0,0,0,0,0,0,0,0,0,26000,0,0,0,140000,114000,26000,26000
052641,聯詠台新96購01  ,0,0,0,0,0,0,0,0,0,26000,0,0,0,31000,5000,26000,26000
042298,群創元大92購01  ,0,0,0,0,0,0,0,0,0,26000,0,0,0,253000,227000,26000,26000
045334,全新日盛92購01  ,0,0,0,0,0,0,0,0,0,26000,0,0,0,26000,0,26000,26000
03810P,大立光富邦98售01,0,0,0,0,0,0,0,0,0,26000,0,0,0,26000,0,26000,26000
00638R,元大滬深300反1  ,11000,30000,-19000,0,0,0,0,0,0,45000,0,0,0,397000,352000,45000,26000
044516,景碩凱基93購02  ,0,0,0,0,0,0,0,0,0,26000,0,0,0,60000,34000,26000,26000
043717,喬山統一91購02  ,0,0,0,0,0,0,0,0,0,26000,0,0,0,30000,4000,26000,26000
046131,矽創元大92購03  ,0,0,0,0,0,0,0,0,0,26000,0,0,0,26000,0,26000,26000
047722,南電凱基94購02  ,0,0,0,0,0,0,0,0,0,26000,0,0,0,36000,10000,26000,26000
046688,超眾國票93購03  ,0,0,0,0,0,0,0,0,0,26000,0,0,0,74000,48000,26000,26000
046871,美律元富93購01  ,0,0,0,0,0,0,0,0,0,26000,0,0,0,26000,0,26000,26000
046862,台郡元大94購01  ,0,0,0,0,0,0,0,0,0,26000,0,0,0,104000,78000,26000,26000
046617,台積電凱基93購01,0,0,0,0,0,0,0,0,0,26000,0,0,0,26000,0,26000,26000
045568,上証2X元大95購01,0,0,0,0,0,0,0,0,0,26000,0,0,0,64000,38000,26000,26000
050933,南亞國票95購01  ,0,0,0,0,0,0,0,0,0,26000,0,0,0,110000,84000,26000,26000
053506,南茂兆豐97購01  ,0,0,0,0,0,0,0,0,0,26000,0,0,0,26000,0,26000,26000
6024,群益期          ,29000,3000,26000,0,0,0,0,0,0,0,0,0,0,0,0,0,26000
054360,智邦凱基96購03  ,0,0,0,0,0,0,0,0,0,26000,0,0,0,26000,0,26000,26000
1203,味王            ,41000,15000,26000,0,0,0,0,0,0,0,0,0,0,0,0,0,26000
052551,台積電國票97購03,0,0,0,0,0,0,0,0,0,25000,0,0,0,41000,16000,25000,25000
052465,聯詠統一95購02  ,0,0,0,0,0,0,0,0,0,25000,0,0,0,65000,40000,25000,25000
052167,亞泥元大96購01  ,0,0,0,0,0,0,0,0,0,25000,0,0,0,25000,0,25000,25000
052366,聯詠國票96購01  ,0,0,0,0,0,0,0,0,0,25000,0,0,0,53000,28000,25000,25000
052088,漢唐元大95購02  ,0,0,0,0,0,0,0,0,0,25000,0,0,0,25000,0,25000,25000
05162P,玉晶光國票96售03,0,0,0,0,0,0,0,0,0,25000,0,0,0,333000,308000,25000,25000
2528,皇普            ,28000,3000,25000,0,0,0,0,0,0,0,0,0,0,0,0,0,25000
2509,全坤建          ,25000,0,25000,0,0,0,0,0,0,0,0,0,0,0,0,0,25000
1524,耿鼎            ,25000,0,25000,0,0,0,0,0,0,0,0,0,0,0,0,0,25000
1507,永大            ,36000,7000,29000,0,0,0,0,0,0,-4000,0,4000,-4000,0,0,0,25000
1432,大魯閣          ,25000,0,25000,0,0,0,0,0,0,0,0,0,0,0,0,0,25000
053173,矽格群益97購01  ,0,0,0,0,0,0,0,0,0,25000,0,0,0,30000,5000,25000,25000
053149,京元電元大96購02,0,0,0,0,0,0,0,0,0,25000,0,0,0,125000,100000,25000,25000
053353,玉晶光兆豐97購03,0,0,0,0,0,0,0,0,0,25000,0,0,0,35000,10000,25000,25000
052820,宏達電永豐96購01,0,0,0,0,0,0,0,0,0,25000,0,0,0,25000,0,25000,25000
052862,正崴凱基96購01  ,0,0,0,0,0,0,0,0,0,25000,0,0,0,26000,1000,25000,25000
052802,華新科元大97購02,0,0,0,0,0,0,0,0,0,25000,0,0,0,25000,0,25000,25000
043771,鴻海兆豐92購01  ,0,0,0,0,0,0,0,0,0,25000,0,0,0,135000,110000,25000,25000
048330,大立光永昌93購07,0,0,0,0,0,0,0,0,0,25000,0,0,0,33000,8000,25000,25000
048351,旺宏台新94購02  ,0,0,0,0,0,0,0,0,0,25000,0,0,0,25000,0,25000,25000
044876,同欣電統一91購01,0,0,0,0,0,0,0,0,0,25000,0,0,0,205000,180000,25000,25000
00715L,街口布蘭特油正2 ,0,0,0,0,0,0,0,0,0,25000,0,0,0,25000,0,25000,25000
043019,華晶科元大94購01,0,0,0,0,0,0,0,0,0,25000,0,0,0,25000,0,25000,25000
045331,旺宏群益94購01  ,0,0,0,0,0,0,0,0,0,25000,0,0,0,25000,0,25000,25000
045198,光磊凱基92購01  ,0,0,0,0,0,0,0,0,0,25000,0,0,0,30000,5000,25000,25000
042502,上銀凱基93購01  ,0,0,0,0,0,0,0,0,0,25000,0,0,0,70000,45000,25000,25000
047542,華通凱基94購02  ,0,0,0,0,0,0,0,0,0,25000,0,0,0,97000,72000,25000,25000
047584,元金2X永豐95購01,0,0,0,0,0,0,0,0,0,25000,0,0,0,25000,0,25000,25000
046519,鎧勝元大92購01  ,0,0,0,0,0,0,0,0,0,25000,0,0,0,25000,0,25000,25000
047343,台達電中信95購01,0,0,0,0,0,0,0,0,0,25000,0,0,0,83000,58000,25000,25000
045904,勤誠元大92購01  ,0,0,0,0,0,0,0,0,0,25000,0,0,0,30000,5000,25000,25000
052966,光磊群益96購01  ,0,0,0,0,0,0,0,0,0,25000,0,0,0,123000,98000,25000,25000
047437,旺宏元大94購02  ,0,0,0,0,0,0,0,0,0,25000,0,0,0,168000,143000,25000,25000
046667,晶技元大93購01  ,0,0,0,0,0,0,0,0,0,25000,0,0,0,30000,5000,25000,25000
047678,景碩台新93購01  ,0,0,0,0,0,0,0,0,0,25000,0,0,0,25000,0,25000,25000
048512,全新凱基93購04  ,0,0,0,0,0,0,0,0,0,25000,0,0,0,340000,315000,25000,25000
046271,日月光凱基92購05,0,0,0,0,0,0,0,0,0,25000,0,0,0,36000,11000,25000,25000
050894,旺宏元大96購03  ,0,0,0,0,0,0,0,0,0,25000,0,0,0,25000,0,25000,25000
051428,玉晶光統一96購01,0,0,0,0,0,0,0,0,0,25000,0,0,0,75000,50000,25000,25000
051232,貿聯群益95購02  ,0,0,0,0,0,0,0,0,0,25000,0,0,0,96000,71000,25000,25000
051296,鴻海凱基97購01  ,0,0,0,0,0,0,0,0,0,25000,0,0,0,34000,9000,25000,25000
050774,健策元大96購02  ,0,0,0,0,0,0,0,0,0,25000,0,0,0,25000,0,25000,25000
050484,世紀鋼國票95購02,0,0,0,0,0,0,0,0,0,25000,0,0,0,47000,22000,25000,25000
048987,崇越元大94購01  ,0,0,0,0,0,0,0,0,0,25000,0,0,0,25000,0,25000,25000
049157,矽創元大95購01  ,0,0,0,0,0,0,0,0,0,25000,0,0,0,35000,10000,25000,25000
049610,奇力新兆豐95購01,0,0,0,0,0,0,0,0,0,25000,0,0,0,25000,0,25000,25000
049690,義隆元大95購02  ,0,0,0,0,0,0,0,0,0,25000,0,0,0,25000,0,25000,25000
049669,訊芯國泰95購01  ,0,0,0,0,0,0,0,0,0,25000,0,0,0,27000,2000,25000,25000
054580,樺漢元大98購01  ,0,0,0,0,0,0,0,0,0,25000,0,0,0,44000,19000,25000,25000
05740P,宏達電元富96售01,0,0,0,0,0,0,0,0,0,25000,0,0,0,25000,0,25000,25000
6189,豐藝            ,38000,13000,25000,0,0,0,0,0,0,0,0,0,0,0,0,0,25000
5007,三星            ,40000,16000,24000,0,0,0,0,0,0,1000,1000,0,1000,0,0,0,25000
4148,全宇生技-KY     ,37000,12000,25000,0,0,0,0,0,0,0,0,0,0,0,0,0,25000
9914,美利達          ,86000,83000,3000,0,0,0,0,18000,-18000,40000,26000,2000,24000,21000,5000,16000,25000
054164,強茂凱基98購01  ,0,0,0,0,0,0,0,0,0,25000,0,0,0,29000,4000,25000,25000
052858,華通凱基97購02  ,0,0,0,0,0,0,0,0,0,24000,0,0,0,44000,20000,24000,24000
053379,南亞科元大96購01,0,0,0,0,0,0,0,0,0,24000,0,0,0,35000,11000,24000,24000
053419,光罩永豐96購01  ,0,0,0,0,0,0,0,0,0,24000,0,0,0,24000,0,24000,24000
1713,國化            ,24000,0,24000,0,0,0,0,0,0,0,0,0,0,0,0,0,24000
1614,三洋電          ,28000,4000,24000,0,0,0,0,0,0,0,0,0,0,0,0,0,24000
2062,橋椿            ,30000,6000,24000,0,0,0,0,0,0,0,0,0,0,0,0,0,24000
2701,萬企            ,24000,0,24000,0,0,0,0,0,0,0,0,0,0,0,0,0,24000
2705,六福            ,38000,14000,24000,0,0,0,0,0,0,0,0,0,0,0,0,0,24000
3622,洋華            ,76000,50000,26000,0,0,0,0,0,0,-2000,0,2000,-2000,0,0,0,24000
3694,海華            ,26000,2000,24000,0,0,0,0,0,0,0,0,0,0,0,0,0,24000
3002,歐格            ,25000,1000,24000,0,0,0,0,0,0,0,0,0,0,0,0,0,24000
051744,嘉聯益國票97購01,0,0,0,0,0,0,0,0,0,24000,0,0,0,53000,29000,24000,24000
044297,台郡凱基91購02  ,0,0,0,0,0,0,0,0,0,24000,0,0,0,93000,69000,24000,24000
043048,金寶國泰93購01  ,0,0,0,0,0,0,0,0,0,24000,0,0,0,45000,21000,24000,24000
03716P,大成鋼永豐93售01,0,0,0,0,0,0,0,0,0,24000,0,0,0,34000,10000,24000,24000
044899,智邦凱基91購08  ,0,0,0,0,0,0,0,0,0,24000,0,0,0,24000,0,24000,24000
044943,旺宏群益93購03  ,0,0,0,0,0,0,0,0,0,24000,0,0,0,24000,0,24000,24000
048169,瑞昱永豐93購02  ,0,0,0,0,0,0,0,0,0,24000,0,0,0,24000,0,24000,24000
046933,台泥元富93購01  ,0,0,0,0,0,0,0,0,0,24000,0,0,0,34000,10000,24000,24000
046836,聯茂群益93購01  ,0,0,0,0,0,0,0,0,0,24000,0,0,0,84000,60000,24000,24000
047434,台積電元大93購21,0,0,0,0,0,0,0,0,0,24000,0,0,0,59000,35000,24000,24000
052929,可成元大96購02  ,0,0,0,0,0,0,0,0,0,24000,0,0,0,165000,141000,24000,24000
047274,華新科永豐93購02,0,0,0,0,0,0,0,0,0,24000,0,0,0,203000,179000,24000,24000
04965P,日月光元大94售02,0,0,0,0,0,0,0,0,0,24000,0,0,0,29000,5000,24000,24000
049692,可成元大94購07  ,0,0,0,0,0,0,0,0,0,24000,0,0,0,24000,0,24000,24000
049583,台積電元大95購04,0,0,0,0,0,0,0,0,0,24000,0,0,0,95000,71000,24000,24000
050182,淘帝元大94購01  ,0,0,0,0,0,0,0,0,0,24000,0,0,0,24000,0,24000,24000
049989,臻鼎凱基94購02  ,0,0,0,0,0,0,0,0,0,24000,0,0,0,25000,1000,24000,24000
050422,鴻海凱基96購01  ,0,0,0,0,0,0,0,0,0,24000,0,0,0,51000,27000,24000,24000
050768,聯發科元大94購16,0,0,0,0,0,0,0,0,0,24000,0,0,0,51000,27000,24000,24000
051352,南亞科元大95購02,0,0,0,0,0,0,0,0,0,24000,0,0,0,111000,87000,24000,24000
050997,麗豐元大95購03  ,0,0,0,0,0,0,0,0,0,24000,0,0,0,24000,0,24000,24000
8101,華冠            ,37000,10000,27000,0,0,0,0,0,0,-3000,0,3000,-3000,0,0,0,24000
053685,台積電元大96購18,0,0,0,0,0,0,0,0,0,24000,0,0,0,221000,197000,24000,24000
05920P,力成元大96售04  ,0,0,0,0,0,0,0,0,0,24000,0,0,0,74000,50000,24000,24000
052045,瑞昱凱基96購01  ,0,0,0,0,0,0,0,0,0,23000,0,0,0,35000,12000,23000,23000
3550,聯穎            ,23000,0,23000,0,0,0,0,0,0,0,0,0,0,0,0,0,23000
1806,冠軍            ,25000,2000,23000,0,0,0,0,0,0,0,0,0,0,0,0,0,23000
1441,大東            ,35000,12000,23000,0,0,0,0,0,0,0,0,0,0,0,0,0,23000
053174,同欣電群益98購02,0,0,0,0,0,0,0,0,0,23000,0,0,0,23000,0,23000,23000
053054,禾伸堂國票97購01,0,0,0,0,0,0,0,0,0,23000,0,0,0,164000,141000,23000,23000
048377,燿華元富93購01  ,0,0,0,0,0,0,0,0,0,23000,0,0,0,23000,0,23000,23000
045167,玉晶光富邦92購01,0,0,0,0,0,0,0,0,0,23000,0,0,0,23000,0,23000,23000
045121,康控元大93購03  ,0,0,0,0,0,0,0,0,0,23000,0,0,0,151000,128000,23000,23000
044715,康友中信91購01  ,0,0,0,0,0,0,0,0,0,23000,0,0,0,179000,156000,23000,23000
03184P,台積電元大01售48,0,0,0,0,0,0,0,0,0,23000,0,0,0,23000,0,23000,23000
042387,台積電永昌93購02,0,0,0,0,0,0,0,0,0,23000,0,0,0,37000,14000,23000,23000
045572,元油2X元大98購01,0,0,0,0,0,0,0,0,0,23000,0,0,0,23000,0,23000,23000
052887,華通中信96購01  ,0,0,0,0,0,0,0,0,0,23000,0,0,0,23000,0,23000,23000
052869,新日興凱基96購01,0,0,0,0,0,0,0,0,0,23000,0,0,0,23000,0,23000,23000
04597P,為升凱基94售02  ,0,0,0,0,0,0,0,0,0,23000,0,0,0,33000,10000,23000,23000
046893,華新科群益94購01,0,0,0,0,0,0,0,0,0,23000,0,0,0,23000,0,23000,23000
047040,台勝科群益93購01,0,0,0,0,0,0,0,0,0,23000,0,0,0,150000,127000,23000,23000
051168,訊連元大95購02  ,0,0,0,0,0,0,0,0,0,23000,0,0,0,23000,0,23000,23000
050560,聯詠統一94購02  ,0,0,0,0,0,0,0,0,0,23000,0,0,0,150000,127000,23000,23000
050411,聯發科永豐94購05,0,0,0,0,0,0,0,0,0,23000,0,0,0,91000,68000,23000,23000
050389,鴻海統一95購04  ,0,0,0,0,0,0,0,0,0,23000,0,0,0,23000,0,23000,23000
049813,康控元大96購02  ,0,0,0,0,0,0,0,0,0,23000,0,0,0,131000,108000,23000,23000
049216,華邦電國票95購01,0,0,0,0,0,0,0,0,0,23000,0,0,0,137000,114000,23000,23000
049457,彩晶統一94購02  ,0,0,0,0,0,0,0,0,0,23000,0,0,0,23000,0,23000,23000
05567P,致伸群益96售01  ,0,0,0,0,0,0,0,0,0,23000,0,0,0,34000,11000,23000,23000
053503,臻鼎兆豐97購01  ,0,0,0,0,0,0,0,0,0,23000,0,0,0,60000,37000,23000,23000
053520,康友群益96購01  ,0,0,0,0,0,0,0,0,0,23000,0,0,0,138000,115000,23000,23000
053544,華新凱基96購01  ,0,0,0,0,0,0,0,0,0,23000,0,0,0,23000,0,23000,23000
4722,國精化          ,27000,4000,23000,0,0,0,0,0,0,0,0,0,0,0,0,0,23000
054057,晶豪科國票97購01,0,0,0,0,0,0,0,0,0,23000,0,0,0,23000,0,23000,23000
053871,臻鼎元大96購03  ,0,0,0,0,0,0,0,0,0,23000,0,0,0,102000,79000,23000,23000
053886,亞光兆豐96購01  ,0,0,0,0,0,0,0,0,0,23000,0,0,0,32000,9000,23000,23000
053319,可成群益96購04  ,0,0,0,0,0,0,0,0,0,22000,0,0,0,22000,0,22000,22000
1465,偉全            ,23000,1000,22000,0,0,0,0,0,0,0,0,0,0,0,0,0,22000
1805,寶徠            ,22000,0,22000,0,0,0,0,0,0,0,0,0,0,0,0,0,22000
2069,運錩            ,24000,2000,22000,0,0,0,0,0,0,0,0,0,0,0,0,0,22000
2109,華豐            ,22000,0,22000,0,0,0,0,0,0,0,0,0,0,0,0,0,22000
2427,三商電          ,22000,0,22000,0,0,0,0,0,0,0,0,0,0,0,0,0,22000
2365,昆盈            ,68000,46000,22000,0,0,0,0,0,0,0,0,0,0,0,0,0,22000
2850,新產            ,33000,11000,22000,0,0,0,0,0,0,0,0,0,0,0,0,0,22000
2630,亞航            ,24000,1000,23000,0,0,0,0,0,0,-1000,0,1000,-1000,0,0,0,22000
2607,榮運            ,111000,32000,79000,0,0,0,0,0,0,-57000,0,57000,-57000,0,0,0,22000
052282,宏達電凱基95購05,0,0,0,0,0,0,0,0,0,22000,0,0,0,28000,6000,22000,22000
052278,國巨凱基95購06  ,0,0,0,0,0,0,0,0,0,22000,0,0,0,47000,25000,22000,22000
052179,康友元大95購03  ,0,0,0,0,0,0,0,0,0,22000,0,0,0,967000,945000,22000,22000
042291,可成元大91購03  ,0,0,0,0,0,0,0,0,0,22000,0,0,0,101000,79000,22000,22000
03334P,宏達電元大02售04,0,0,0,0,0,0,0,0,0,22000,0,0,0,30000,8000,22000,22000
03888P,大立光元富93售03,0,0,0,0,0,0,0,0,0,22000,0,0,0,22000,0,22000,22000
00736,國泰新興市場    ,41000,0,41000,0,0,0,0,0,0,-19000,0,0,0,125000,144000,-19000,22000
044954,可成凱基92購01  ,0,0,0,0,0,0,0,0,0,22000,0,0,0,22000,0,22000,22000
044700,亞光元大91購01  ,0,0,0,0,0,0,0,0,0,22000,0,0,0,22000,0,22000,22000
044124,燿華凱基93購01  ,0,0,0,0,0,0,0,0,0,22000,0,0,0,87000,65000,22000,22000
043953,鴻海統一91購05  ,0,0,0,0,0,0,0,0,0,22000,0,0,0,22000,0,22000,22000
04382P,美律國泰95售01  ,0,0,0,0,0,0,0,0,0,22000,0,0,0,111000,89000,22000,22000
043801,臺股指凱基91購12,0,0,0,0,0,0,0,0,0,22000,0,0,0,22000,0,22000,22000
046976,國巨永豐93購02  ,0,0,0,0,0,0,0,0,0,22000,0,0,0,25000,3000,22000,22000
046196,欣興凱基92購04  ,0,0,0,0,0,0,0,0,0,22000,0,0,0,22000,0,22000,22000
046113,旺宏元大93購04  ,0,0,0,0,0,0,0,0,0,22000,0,0,0,22000,0,22000,22000
052911,友達統一97購02  ,0,0,0,0,0,0,0,0,0,22000,0,0,0,22000,0,22000,22000
045615,樺漢群益92購01  ,0,0,0,0,0,0,0,0,0,22000,0,0,0,22000,0,22000,22000
04563P,可成凱基94售05  ,0,0,0,0,0,0,0,0,0,22000,0,0,0,82000,60000,22000,22000
047364,欣興群益93購04  ,0,0,0,0,0,0,0,0,0,22000,0,0,0,42000,20000,22000,22000
047992,東陽元大96購01  ,0,0,0,0,0,0,0,0,0,22000,0,0,0,25000,3000,22000,22000
048966,佳世達元大95購01,0,0,0,0,0,0,0,0,0,22000,0,0,0,22000,0,22000,22000
048862,中磊群益94購01  ,0,0,0,0,0,0,0,0,0,22000,0,0,0,32000,10000,22000,22000
049721,晶技凱基94購02  ,0,0,0,0,0,0,0,0,0,22000,0,0,0,45000,23000,22000,22000
049624,嘉澤群益94購01  ,0,0,0,0,0,0,0,0,0,22000,0,0,0,142000,120000,22000,22000
050327,泰鼎永豐94購03  ,0,0,0,0,0,0,0,0,0,22000,0,0,0,63000,41000,22000,22000
050871,麗豐永豐95購01  ,0,0,0,0,0,0,0,0,0,22000,0,0,0,22000,0,22000,22000
050921,旺宏凱基95購02  ,0,0,0,0,0,0,0,0,0,22000,0,0,0,72000,50000,22000,22000
051378,奇力新群益95購01,0,0,0,0,0,0,0,0,0,22000,0,0,0,170000,148000,22000,22000
054244,華新元大96購01  ,0,0,0,0,0,0,0,0,0,22000,0,0,0,40000,18000,22000,22000
6152,百一            ,49000,26000,23000,0,0,0,0,0,0,-1000,0,1000,-1000,0,0,0,22000
053562,玉晶光國泰98購02,0,0,0,0,0,0,0,0,0,22000,0,0,0,252000,230000,22000,22000
05555P,健策群益98售01  ,0,0,0,0,0,0,0,0,0,22000,0,0,0,22000,0,22000,22000
05538P,玉晶光國票97售02,0,0,0,0,0,0,0,0,0,22000,0,0,0,83000,61000,22000,22000
05519P,上証2X凱基98售01,0,0,0,0,0,0,0,0,0,22000,0,0,0,22000,0,22000,22000
054353,世紀鋼國泰98購01,0,0,0,0,0,0,0,0,0,22000,0,0,0,27000,5000,22000,22000
054438,群創台新96購01  ,0,0,0,0,0,0,0,0,0,22000,0,0,0,22000,0,22000,22000
052577,台積電統一96購01,0,0,0,0,0,0,0,0,0,21000,0,0,0,87000,66000,21000,21000
052604,建準元大97購01  ,0,0,0,0,0,0,0,0,0,21000,0,0,0,267000,246000,21000,21000
051940,康舒群益95購01  ,0,0,0,0,0,0,0,0,0,21000,0,0,0,31000,10000,21000,21000
051492,臻鼎凱基95購01  ,0,0,0,0,0,0,0,0,0,21000,0,0,0,50000,29000,21000,21000
3501,維熹            ,22000,1000,21000,0,0,0,0,0,0,0,0,0,0,0,0,0,21000
2020,美亞            ,27000,6000,21000,0,0,0,0,0,0,0,0,0,0,0,0,0,21000
1608,華榮            ,53000,32000,21000,0,0,0,0,0,0,0,0,0,0,0,0,0,21000
1423,利華            ,21000,0,21000,0,0,0,0,0,0,0,0,0,0,0,0,0,21000
1516,川飛            ,20000,2000,18000,0,0,0,0,0,0,3000,3000,0,3000,0,0,0,21000
053338,台光電國票97購01,0,0,0,0,0,0,0,0,0,21000,0,0,0,24000,3000,21000,21000
053313,世紀鋼凱基96購01,0,0,0,0,0,0,0,0,0,21000,0,0,0,152000,131000,21000,21000
052841,群創富邦96購02  ,0,0,0,0,0,0,0,0,0,21000,0,0,0,21000,0,21000,21000
03049X,元展46          ,0,0,0,0,0,0,0,0,0,21000,0,0,0,21000,0,21000,21000
04230P,臺股指中信95售06,0,0,0,0,0,0,0,0,0,21000,0,0,0,34000,13000,21000,21000
04138P,智邦國票93售02  ,0,0,0,0,0,0,0,0,0,21000,0,0,0,106000,85000,21000,21000
048002,景碩元大93購04  ,0,0,0,0,0,0,0,0,0,21000,0,0,0,22000,1000,21000,21000
048624,美律台新93購01  ,0,0,0,0,0,0,0,0,0,21000,0,0,0,34000,13000,21000,21000
048094,大立光凱基93購31,0,0,0,0,0,0,0,0,0,21000,0,0,0,121000,100000,21000,21000
047119,臻鼎元大93購01  ,0,0,0,0,0,0,0,0,0,21000,0,0,0,21000,0,21000,21000
046848,和大元大93購01  ,0,0,0,0,0,0,0,0,0,21000,0,0,0,112000,91000,21000,21000
051440,鴻海元大95購12  ,0,0,0,0,0,0,0,0,0,21000,0,0,0,653000,632000,21000,21000
051041,大立光永豐95購01,0,0,0,0,0,0,0,0,0,21000,0,0,0,26000,5000,21000,21000
050799,嘉聯益中信98購01,0,0,0,0,0,0,0,0,0,21000,0,0,0,35000,14000,21000,21000
050806,華新科日盛95購01,0,0,0,0,0,0,0,0,0,21000,0,0,0,67000,46000,21000,21000
050326,正崴永豐94購03  ,0,0,0,0,0,0,0,0,0,21000,0,0,0,40000,19000,21000,21000
050417,喬山凱基94購01  ,0,0,0,0,0,0,0,0,0,21000,0,0,0,21000,0,21000,21000
049836,矽創凱基94購02  ,0,0,0,0,0,0,0,0,0,21000,0,0,0,21000,0,21000,21000
049862,南亞科兆豐94購01,0,0,0,0,0,0,0,0,0,21000,0,0,0,21000,0,21000,21000
049330,元上證統一94購03,0,0,0,0,0,0,0,0,0,21000,0,0,0,21000,0,21000,21000
048998,玉晶光國票95購03,0,0,0,0,0,0,0,0,0,21000,0,0,0,27000,6000,21000,21000
054359,南亞科日盛96購02,0,0,0,0,0,0,0,0,0,21000,0,0,0,41000,20000,21000,21000
054524,華通元富96購03  ,0,0,0,0,0,0,0,0,0,21000,0,0,0,21000,0,21000,21000
05696P,南亞科凱基96售01,0,0,0,0,0,0,0,0,0,21000,0,0,0,21000,0,21000,21000
05675P,美律群益97售01  ,0,0,0,0,0,0,0,0,0,21000,0,0,0,21000,0,21000,21000
1220,台榮            ,22000,0,22000,0,0,0,0,0,0,-1000,0,1000,-1000,0,0,0,21000
1234,黑松            ,36000,15000,21000,0,0,0,0,0,0,0,0,0,0,0,0,0,21000
053435,新光金日盛96購01,0,0,0,0,0,0,0,0,0,21000,0,0,0,21000,0,21000,21000
6215,和椿            ,24000,2000,22000,0,0,0,0,0,0,-1000,0,1000,-1000,0,0,0,21000
6216,居易            ,22000,1000,21000,0,0,0,0,0,0,0,0,0,0,0,0,0,21000
054232,台積電群益96購12,0,0,0,0,0,0,0,0,0,21000,0,0,0,30000,9000,21000,21000
054265,GIS元大96購03   ,0,0,0,0,0,0,0,0,0,21000,0,0,0,21000,0,21000,21000
053720,宏達電凱基97購01,0,0,0,0,0,0,0,0,0,21000,0,0,0,27000,6000,21000,21000
052812,致伸康和96購01  ,0,0,0,0,0,0,0,0,0,20000,0,0,0,20000,0,20000,20000
052773,大成鋼亞東97購01,0,0,0,0,0,0,0,0,0,20000,0,0,0,20000,0,20000,20000
053095,台光電統一98購01,0,0,0,0,0,0,0,0,0,20000,0,0,0,30000,10000,20000,20000
053086,宏達電元大97購01,0,0,0,0,0,0,0,0,0,20000,0,0,0,31000,11000,20000,20000
053343,宏達電國票97購02,0,0,0,0,0,0,0,0,0,20000,0,0,0,20000,0,20000,20000
053382,友達元大9C購02  ,0,0,0,0,0,0,0,0,0,20000,0,0,0,20000,0,20000,20000
1615,大山            ,20000,0,20000,0,0,0,0,0,0,0,0,0,0,0,0,0,20000
2012,春雨            ,20000,0,20000,0,0,0,0,0,0,0,0,0,0,0,0,0,20000
051510,新光金中信97購01,0,0,0,0,0,0,0,0,0,20000,0,0,0,20000,0,20000,20000
051564,和碩國泰96購01  ,0,0,0,0,0,0,0,0,0,20000,0,0,0,30000,10000,20000,20000
051559,宏達電國泰96購01,0,0,0,0,0,0,0,0,0,20000,0,0,0,20000,0,20000,20000
051593,和碩元大95購01  ,0,0,0,0,0,0,0,0,0,20000,0,0,0,20000,0,20000,20000
051775,旺宏亞東95購01  ,0,0,0,0,0,0,0,0,0,20000,0,0,0,20000,0,20000,20000
051693,華新科統一95購02,0,0,0,0,0,0,0,0,0,20000,0,0,0,20000,0,20000,20000
051922,鴻海亞東96購02  ,0,0,0,0,0,0,0,0,0,20000,0,0,0,20000,0,20000,20000
052052,嘉澤凱基95購02  ,0,0,0,0,0,0,0,0,0,20000,0,0,0,50000,30000,20000,20000
052036,臺股指群益95購09,0,0,0,0,0,0,0,0,0,20000,0,0,0,20000,0,20000,20000
05203P,華新科元大95售10,0,0,0,0,0,0,0,0,0,20000,0,0,0,20000,0,20000,20000
052729,國巨國泰97購03  ,0,0,0,0,0,0,0,0,0,20000,0,0,0,20000,0,20000,20000
052454,力成元大95購02  ,0,0,0,0,0,0,0,0,0,20000,0,0,0,36000,16000,20000,20000
052487,國巨國票96購07  ,0,0,0,0,0,0,0,0,0,20000,0,0,0,20000,0,20000,20000
052481,利勤群益95購01  ,0,0,0,0,0,0,0,0,0,20000,0,0,0,25000,5000,20000,20000
052440,上証2X元大95購02,0,0,0,0,0,0,0,0,0,20000,0,0,0,50000,30000,20000,20000
052491,泰碩國票99購01  ,0,0,0,0,0,0,0,0,0,20000,0,0,0,23000,3000,20000,20000
052529,力成元大95購03  ,0,0,0,0,0,0,0,0,0,20000,0,0,0,20000,0,20000,20000
052223,聯電凱基96購02  ,0,0,0,0,0,0,0,0,0,20000,0,0,0,150000,130000,20000,20000
052141,百和凱基95購02  ,0,0,0,0,0,0,0,0,0,20000,0,0,0,50000,30000,20000,20000
052101,滬深2X兆豐96購01,0,0,0,0,0,0,0,0,0,20000,0,0,0,20000,0,20000,20000
052276,力成群益96購01  ,0,0,0,0,0,0,0,0,0,20000,0,0,0,26000,6000,20000,20000
052309,健策國泰97購01  ,0,0,0,0,0,0,0,0,0,20000,0,0,0,30000,10000,20000,20000
052311,台積電富邦95購09,0,0,0,0,0,0,0,0,0,20000,0,0,0,46000,26000,20000,20000
052395,上証2X凱基97購01,0,0,0,0,0,0,0,0,0,20000,0,0,0,20000,0,20000,20000
041409,創意中信93購01  ,0,0,0,0,0,0,0,0,0,20000,0,0,0,20000,0,20000,20000
04054P,滬深2X富邦96售02,0,0,0,0,0,0,0,0,0,20000,0,0,0,50000,30000,20000,20000
042015,瑞昱元大91購01  ,0,0,0,0,0,0,0,0,0,20000,0,0,0,70000,50000,20000,20000
043470,冠德元大91購02  ,0,0,0,0,0,0,0,0,0,20000,0,0,0,20000,0,20000,20000
040145,國巨凱基92購01  ,0,0,0,0,0,0,0,0,0,20000,0,0,0,20000,0,20000,20000
043290,揚明光元大94購01,0,0,0,0,0,0,0,0,0,20000,0,0,0,20000,0,20000,20000
04332P,A50正2日盛93售01,0,0,0,0,0,0,0,0,0,20000,0,0,0,29000,9000,20000,20000
043358,和鑫國票91購02  ,0,0,0,0,0,0,0,0,0,20000,0,0,0,20000,0,20000,20000
043377,全新元大92購01  ,0,0,0,0,0,0,0,0,0,20000,0,0,0,30000,10000,20000,20000
039910,嘉聯益富邦91購01,0,0,0,0,0,0,0,0,0,20000,0,0,0,20000,0,20000,20000
04241P,欣興國泰95售02  ,0,0,0,0,0,0,0,0,0,20000,0,0,0,50000,30000,20000,20000
042282,亞德客富邦91購01,0,0,0,0,0,0,0,0,0,20000,0,0,0,20000,0,20000,20000
044301,台光電亞東92購01,0,0,0,0,0,0,0,0,0,20000,0,0,0,20000,0,20000,20000
044345,世紀鋼國泰92購01,0,0,0,0,0,0,0,0,0,20000,0,0,0,20000,0,20000,20000
044356,創意元大92購04  ,0,0,0,0,0,0,0,0,0,20000,0,0,0,20000,0,20000,20000
045335,致伸日盛92購01  ,0,0,0,0,0,0,0,0,0,20000,0,0,0,21000,1000,20000,20000
03846P,旺宏元大93售05  ,0,0,0,0,0,0,0,0,0,20000,0,0,0,20000,0,20000,20000
03644C,臺股指元大94牛28,0,115000,-115000,0,0,0,0,0,0,135000,0,0,0,170000,35000,135000,20000
03868P,統一凱基93售02  ,0,0,0,0,0,0,0,0,0,20000,0,0,0,20000,0,20000,20000
04297P,微星元大93售03  ,0,0,0,0,0,0,0,0,0,20000,0,0,0,54000,34000,20000,20000
04285P,超眾永豐93售04  ,0,0,0,0,0,0,0,0,0,20000,0,0,0,20000,0,20000,20000
043793,大立光凱基91購20,0,0,0,0,0,0,0,0,0,20000,0,0,0,20000,0,20000,20000
043565,瑞昱凱基91購09  ,0,0,0,0,0,0,0,0,0,20000,0,0,0,20000,0,20000,20000
043629,美律凱基91購05  ,0,0,0,0,0,0,0,0,0,20000,0,0,0,20000,0,20000,20000
044759,新日興凱基93購01,0,0,0,0,0,0,0,0,0,20000,0,0,0,20000,0,20000,20000
043666,日電貿元大91購01,0,0,0,0,0,0,0,0,0,20000,0,0,0,20000,0,20000,20000
045139,台光電兆豐92購01,0,0,0,0,0,0,0,0,0,20000,0,0,0,20000,0,20000,20000
045133,瑞儀元富92購01  ,0,0,0,0,0,0,0,0,0,20000,0,0,0,20000,0,20000,20000
048467,南電康和93購01  ,0,0,0,0,0,0,0,0,0,20000,0,0,0,20000,0,20000,20000
048448,京元電凱基93購05,0,0,0,0,0,0,0,0,0,20000,0,0,0,20000,0,20000,20000
04396P,玉晶光群益94售02,0,0,0,0,0,0,0,0,0,20000,0,0,0,20000,0,20000,20000
044012,旺宏凱基91購05  ,0,0,0,0,0,0,0,0,0,20000,0,0,0,20000,0,20000,20000
044001,南亞科兆豐91購02,0,0,0,0,0,0,0,0,0,20000,0,0,0,20000,0,20000,20000
044055,智邦元大92購03  ,0,0,0,0,0,0,0,0,0,20000,0,0,0,20000,0,20000,20000
043924,世紀鋼凱基93購01,0,0,0,0,0,0,0,0,0,20000,0,0,0,20000,0,20000,20000
043884,臻鼎元大92購01  ,0,0,0,0,0,0,0,0,0,20000,0,0,0,20000,0,20000,20000
044517,新日興凱基91購01,0,0,0,0,0,0,0,0,0,20000,0,0,0,20000,0,20000,20000
044471,京鼎群益91購01  ,0,0,0,0,0,0,0,0,0,20000,0,0,0,20000,0,20000,20000
044132,中磊凱基91購02  ,0,0,0,0,0,0,0,0,0,20000,0,0,0,20000,0,20000,20000
044573,元大金凱基91購02,0,0,0,0,0,0,0,0,0,20000,0,0,0,20000,0,20000,20000
043503,瑞昱凱基91購07  ,0,0,0,0,0,0,0,0,0,20000,0,0,0,20000,0,20000,20000
043519,旺宏元大91購02  ,0,0,0,0,0,0,0,0,0,20000,0,0,0,20000,0,20000,20000
043525,創意元大92購02  ,0,0,0,0,0,0,0,0,0,20000,0,0,0,20000,0,20000,20000
044987,宏達電統一94購01,0,0,0,0,0,0,0,0,0,20000,0,0,0,20000,0,20000,20000
044978,智邦國票92購01  ,0,0,0,0,0,0,0,0,0,20000,0,0,0,20000,0,20000,20000
044911,和碩凱基91購01  ,0,0,0,0,0,0,0,0,0,20000,0,0,0,20000,0,20000,20000
046775,聯發科台新93購01,0,0,0,0,0,0,0,0,0,20000,0,0,0,60000,40000,20000,20000
046673,樺漢元大93購01  ,0,0,0,0,0,0,0,0,0,20000,0,0,0,20000,0,20000,20000
047847,鴻海統一93購07  ,0,0,0,0,0,0,0,0,0,20000,0,0,0,20000,0,20000,20000
04606P,高股息中信96售01,0,0,0,0,0,0,0,0,0,20000,0,0,0,40000,20000,20000,20000
046324,健策元大92購05  ,0,0,0,0,0,0,0,0,0,20000,0,0,0,24000,4000,20000,20000
047903,滬深2X元大96購01,0,0,0,0,0,0,0,0,0,20000,0,0,0,50000,30000,20000,20000
046578,聯電元大92購01  ,0,0,0,0,0,0,0,0,0,20000,0,0,0,20000,0,20000,20000
048098,嘉澤凱基93購04  ,0,0,0,0,0,0,0,0,0,20000,0,0,0,74000,54000,20000,20000
048099,健策凱基93購06  ,0,0,0,0,0,0,0,0,0,20000,0,0,0,20000,0,20000,20000
048133,臻鼎國票94購01  ,0,0,0,0,0,0,0,0,0,20000,0,0,0,20000,0,20000,20000
048129,力成元大93購02  ,0,0,0,0,0,0,0,0,0,20000,0,0,0,20000,0,20000,20000
048498,嘉澤元大94購01  ,0,0,0,0,0,0,0,0,0,20000,0,0,0,113000,93000,20000,20000
047070,華通兆豐93購01  ,0,0,0,0,0,0,0,0,0,20000,0,0,0,20000,0,20000,20000
04707P,喬山元大94售01  ,0,0,0,0,0,0,0,0,0,20000,0,0,0,20000,0,20000,20000
046122,晶技元大92購01  ,0,0,0,0,0,0,0,0,0,20000,0,0,0,20000,0,20000,20000
046937,聯電元大99購01  ,0,0,0,0,0,0,0,0,0,20000,0,0,0,20000,0,20000,20000
047716,晶技凱基93購03  ,0,0,0,0,0,0,0,0,0,20000,0,0,0,25000,5000,20000,20000
047724,智邦群益93購03  ,0,0,0,0,0,0,0,0,0,20000,0,0,0,21000,1000,20000,20000
046209,全新元富92購01  ,0,0,0,0,0,0,0,0,0,20000,0,0,0,20000,0,20000,20000
046990,奇鋐凱基93購03  ,0,0,0,0,0,0,0,0,0,20000,0,0,0,45000,25000,20000,20000
047020,智邦元大93購04  ,0,0,0,0,0,0,0,0,0,20000,0,0,0,40000,20000,20000,20000
047021,台光電元大93購03,0,0,0,0,0,0,0,0,0,20000,0,0,0,21000,1000,20000,20000
048611,宏達電凱基93購04,0,0,0,0,0,0,0,0,0,20000,0,0,0,26000,6000,20000,20000
048676,和鑫國泰94購02  ,0,0,0,0,0,0,0,0,0,20000,0,0,0,20000,0,20000,20000
048614,欣興凱基93購05  ,0,0,0,0,0,0,0,0,0,20000,0,0,0,20000,0,20000,20000
048736,台達電統一94購01,0,0,0,0,0,0,0,0,0,20000,0,0,0,170000,150000,20000,20000
052889,致伸麥證97購01  ,0,0,0,30000,10000,20000,0,0,0,20000,0,0,0,30000,10000,20000,20000
045993,美律富邦93購01  ,0,0,0,0,0,0,0,0,0,20000,0,0,0,20000,0,20000,20000
045881,同欣電元富92購01,0,0,0,0,0,0,0,0,0,20000,0,0,0,20000,0,20000,20000
047391,潤泰全元大93購02,0,0,0,0,0,0,0,0,0,20000,0,0,0,20000,0,20000,20000
047983,宏達電群益93購04,0,0,0,0,0,0,0,0,0,20000,0,0,0,20000,0,20000,20000
046425,臻鼎元大92購12  ,0,0,0,0,0,0,0,0,0,20000,0,0,0,20000,0,20000,20000
046426,臻鼎元大92購13  ,0,0,0,0,0,0,0,0,0,20000,0,0,0,20000,0,20000,20000
047592,長華永豐93購01  ,0,0,0,0,0,0,0,0,0,20000,0,0,0,20000,0,20000,20000
047621,TPK凱基94購01   ,0,0,0,0,0,0,0,0,0,20000,0,0,0,20000,0,20000,20000
047558,臻鼎凱基93購06  ,0,0,0,0,0,0,0,0,0,20000,0,0,0,20000,0,20000,20000
047340,金融類元大93購02,0,0,0,0,0,0,0,0,0,20000,0,0,0,20000,0,20000,20000
047328,瀚宇博元大93購04,0,0,0,0,0,0,0,0,0,20000,0,0,0,72000,52000,20000,20000
045633,南亞科凱基92購02,0,0,0,0,0,0,0,0,0,20000,0,0,0,20000,0,20000,20000
046541,超眾群益93購01  ,0,0,0,0,0,0,0,0,0,20000,0,0,0,20000,0,20000,20000
045627,聯電凱基93購03  ,0,0,0,0,0,0,0,0,0,20000,0,0,0,20000,0,20000,20000
045628,台積電凱基92購11,0,0,0,0,0,0,0,0,0,20000,0,0,0,20000,0,20000,20000
048065,群創統一93購04  ,0,0,0,0,0,0,0,0,0,20000,0,0,0,20000,0,20000,20000
047251,麗豐群益93購01  ,0,0,0,0,0,0,0,0,0,20000,0,0,0,20000,0,20000,20000
049191,元油2X永豐95購01,0,0,0,0,0,0,0,0,0,20000,0,0,0,20000,0,20000,20000
049311,漢唐凱基94購03  ,0,0,0,0,0,0,0,0,0,20000,0,0,0,20000,0,20000,20000
049300,南電群益94購01  ,0,0,0,0,0,0,0,0,0,20000,0,0,0,137000,117000,20000,20000
049254,台積電元大96購02,0,0,0,0,0,0,0,0,0,20000,0,0,0,20000,0,20000,20000
048989,矽格元大94購02  ,0,0,0,0,0,0,0,0,0,20000,0,0,0,20000,0,20000,20000
049845,台積電麥證94購01,0,0,0,40000,20000,20000,0,0,0,20000,0,0,0,40000,20000,20000,20000
049659,旺宏台新95購01  ,0,0,0,0,0,0,0,0,0,20000,0,0,0,20000,0,20000,20000
049665,TPK永昌95購01   ,0,0,0,0,0,0,0,0,0,20000,0,0,0,20000,0,20000,20000
049717,微星凱基94購01  ,0,0,0,0,0,0,0,0,0,20000,0,0,0,30000,10000,20000,20000
049710,大成鋼凱基94購03,0,0,0,0,0,0,0,0,0,20000,0,0,0,20000,0,20000,20000
048842,矽格凱基94購01  ,0,0,0,0,0,0,0,0,0,20000,0,0,0,20000,0,20000,20000
049606,可成第一94購01  ,0,0,0,0,0,0,0,0,0,20000,0,0,0,20000,0,20000,20000
049615,香港2X群益98購01,0,0,0,0,0,0,0,0,0,20000,0,0,0,30000,10000,20000,20000
050140,台郡第一94購01  ,0,0,0,0,0,0,0,0,0,20000,0,0,0,36000,16000,20000,20000
050421,鴻海凱基95購04  ,0,0,0,0,0,0,0,0,0,20000,0,0,0,42000,22000,20000,20000
050408,臻鼎台新94購02  ,0,0,0,0,0,0,0,0,0,20000,0,0,0,20000,0,20000,20000
050486,可成元富94購05  ,0,0,0,0,0,0,0,0,0,20000,0,0,0,20000,0,20000,20000
050805,光寶科日盛95購01,0,0,0,0,0,0,0,0,0,20000,0,0,0,20000,0,20000,20000
050726,可成國票96購01  ,0,0,0,0,0,0,0,0,0,20000,0,0,0,20000,0,20000,20000
05061P,鴻海富邦96售03  ,0,0,0,0,0,0,0,0,0,20000,0,0,0,40000,20000,20000,20000
050599,美食麥證94購01  ,0,0,0,20000,0,20000,0,0,0,20000,0,0,0,20000,0,20000,20000
050650,大立光凱基96購01,0,0,0,0,0,0,0,0,0,20000,0,0,0,20000,0,20000,20000
051034,正崴兆豐95購01  ,0,0,0,0,0,0,0,0,0,20000,0,0,0,20000,0,20000,20000
050964,晶技永豐95購02  ,0,0,0,0,0,0,0,0,0,20000,0,0,0,20000,0,20000,20000
050944,智邦群益95購01  ,0,0,0,0,0,0,0,0,0,20000,0,0,0,31000,11000,20000,20000
050948,華固群益95購01  ,0,0,0,0,0,0,0,0,0,20000,0,0,0,20000,0,20000,20000
051169,瀚宇博元大95購05,0,0,0,0,0,0,0,0,0,20000,0,0,0,20000,0,20000,20000
051441,鴻海元大95購13  ,0,0,0,0,0,0,0,0,0,20000,0,0,0,551000,531000,20000,20000
051321,建準國票96購01  ,0,0,0,0,0,0,0,0,0,20000,0,0,0,20000,0,20000,20000
05130P,聯發科統一95售03,0,0,0,0,0,0,0,0,0,20000,0,0,0,73000,53000,20000,20000
053736,友達麥證96購01  ,0,0,0,20000,0,20000,0,0,0,20000,0,0,0,20000,0,20000,20000
053826,光磊麥證97購01  ,0,0,0,20000,0,20000,0,0,0,20000,0,0,0,20000,0,20000,20000
053798,台積電中信98購02,0,0,0,0,0,0,0,0,0,20000,0,0,0,20000,0,20000,20000
05395P,旺宏元大96售06  ,0,0,0,0,0,0,0,0,0,20000,0,0,0,20000,0,20000,20000
053948,大立光富邦99購04,0,0,0,0,0,0,0,0,0,20000,0,0,0,151000,131000,20000,20000
054316,矽創凱基97購01  ,0,0,0,0,0,0,0,0,0,20000,0,0,0,53000,33000,20000,20000
054140,智易元大97購03  ,0,0,0,0,0,0,0,0,0,20000,0,0,0,226000,206000,20000,20000
6281,全國電          ,20000,0,20000,0,0,0,0,0,0,0,0,0,0,0,0,0,20000
5283,禾聯碩          ,41000,17000,24000,0,0,0,0,0,0,-4000,0,4000,-4000,0,0,0,20000
053533,光罩永豐96購03  ,0,0,0,0,0,0,0,0,0,20000,0,0,0,20000,0,20000,20000
08934P,鴻海元大01售18  ,0,0,0,0,0,0,0,0,0,20000,0,0,0,20000,0,20000,20000
08966P,臺指反元大04售07,0,0,0,0,0,0,0,0,0,20000,0,0,0,20000,0,20000,20000
08863P,台積電元大01售25,0,0,0,0,0,0,0,0,0,20000,0,0,0,20000,0,20000,20000
05480P,滬深2X凱基96售05,0,0,0,0,0,0,0,0,0,20000,0,0,0,30000,10000,20000,20000
05600P,玉晶光台新96售04,0,0,0,0,0,0,0,0,0,20000,0,0,0,20000,0,20000,20000
054494,訊芯台新96購01  ,0,0,0,0,0,0,0,0,0,20000,0,0,0,60000,40000,20000,20000
054597,南亞台新97購01  ,0,0,0,0,0,0,0,0,0,20000,0,0,0,20000,0,20000,20000
054609,正崴永豐97購01  ,0,0,0,0,0,0,0,0,0,20000,0,0,0,23000,3000,20000,20000
054394,奇力新永豐96購03,0,0,0,0,0,0,0,0,0,20000,0,0,0,80000,60000,20000,20000
052540,華新科統一95購03,0,0,0,0,0,0,0,0,0,19000,0,0,0,175000,156000,19000,19000
052691,GIS元大96購01   ,0,0,0,0,0,0,0,0,0,19000,0,0,0,22000,3000,19000,19000
05180P,玉晶光凱基95售04,0,0,0,0,0,0,0,0,0,19000,0,0,0,70000,51000,19000,19000
051794,臻鼎國票96購02  ,0,0,0,0,0,0,0,0,0,19000,0,0,0,67000,48000,19000,19000
051661,華新科永昌96購01,0,0,0,0,0,0,0,0,0,19000,0,0,0,32000,13000,19000,19000
2359,所羅門          ,140000,119000,21000,0,0,0,0,0,0,-2000,0,2000,-2000,0,0,0,19000
3432,台端            ,20000,1000,19000,0,0,0,0,0,0,0,0,0,0,0,0,0,19000
053309,泰鼎凱基96購03  ,0,0,0,0,0,0,0,0,0,19000,0,0,0,49000,30000,19000,19000
053247,麗豐國票97購01  ,0,0,0,0,0,0,0,0,0,19000,0,0,0,22000,3000,19000,19000
052776,力山國票97購01  ,0,0,0,0,0,0,0,0,0,19000,0,0,0,27000,8000,19000,19000
044021,嘉澤凱基91購02  ,0,0,0,0,0,0,0,0,0,19000,0,0,0,19000,0,19000,19000
048388,華通國票94購01  ,0,0,0,0,0,0,0,0,0,19000,0,0,0,19000,0,19000,19000
03893P,為升凱基93售03  ,0,0,0,0,0,0,0,0,0,19000,0,0,0,42000,23000,19000,19000
00733,富邦臺灣中小    ,0,0,0,0,0,0,0,0,0,19000,0,0,0,245000,226000,19000,19000
046567,正崴元富92購01  ,0,0,0,0,0,0,0,0,0,19000,0,0,0,21000,2000,19000,19000
047291,台積電元富93購05,0,0,0,0,0,0,0,0,0,19000,0,0,0,20000,1000,19000,19000
046428,矽力元大92購02  ,0,0,0,0,0,0,0,0,0,19000,0,0,0,19000,0,19000,19000
048829,欣興凱基94購02  ,0,0,0,0,0,0,0,0,0,19000,0,0,0,129000,110000,19000,19000
048634,華通元大94購01  ,0,0,0,0,0,0,0,0,0,19000,0,0,0,243000,224000,19000,19000
051300,台光電凱基96購02,0,0,0,0,0,0,0,0,0,19000,0,0,0,38000,19000,19000,19000
051243,微星元大95購01  ,0,0,0,0,0,0,0,0,0,19000,0,0,0,322000,303000,19000,19000
05125P,鴻海群益95售06  ,0,0,0,0,0,0,0,0,0,19000,0,0,0,34000,15000,19000,19000
05143P,臻鼎台新95售01  ,0,0,0,0,0,0,0,0,0,19000,0,0,0,20000,1000,19000,19000
050937,可成國票96購02  ,0,0,0,0,0,0,0,0,0,19000,0,0,0,29000,10000,19000,19000
051012,台積電凱基95購04,0,0,0,0,0,0,0,0,0,19000,0,0,0,23000,4000,19000,19000
050481,泰鼎國票96購01  ,0,0,0,0,0,0,0,0,0,19000,0,0,0,34000,15000,19000,19000
050438,欣興凱基94購09  ,0,0,0,0,0,0,0,0,0,19000,0,0,0,19000,0,19000,19000
049799,旺宏元大96購01  ,0,0,0,0,0,0,0,0,0,19000,0,0,0,178000,159000,19000,19000
049471,楠梓電永豐94購04,0,0,0,0,0,0,0,0,0,19000,0,0,0,19000,0,19000,19000
05530P,臺股指群益96售03,0,0,0,0,0,0,0,0,0,19000,0,0,0,249000,230000,19000,19000
05907P,聯發科元富96售05,0,0,0,0,0,0,0,0,0,19000,0,0,0,30000,11000,19000,19000
6133,金橋            ,20000,1000,19000,0,0,0,0,0,0,0,0,0,0,0,0,0,19000
4916,事欣科          ,55000,36000,19000,0,0,0,0,0,0,0,0,0,0,0,0,0,19000
4108,懷特            ,26000,7000,19000,0,0,0,0,0,0,0,0,0,0,0,0,0,19000
8201,無敵            ,20000,1000,19000,0,0,0,0,0,0,0,0,0,0,0,0,0,19000
9905,大華            ,38000,19000,19000,0,0,0,0,0,0,0,0,0,0,0,0,0,19000
9906,欣巴巴          ,28335,8335,20000,0,0,0,0,0,0,-1000,0,1000,-1000,0,0,0,19000
053973,晶豪科元大96購01,0,0,0,0,0,0,0,0,0,19000,0,0,0,172000,153000,19000,19000
4526,東台            ,34000,15457,18543,0,0,0,0,0,0,0,0,0,0,0,0,0,18543
05306P,泰碩國泰97售01  ,0,0,0,0,0,0,0,0,0,18000,0,0,0,100000,82000,18000,18000
053242,聯電國票96購04  ,0,0,0,0,0,0,0,0,0,18000,0,0,0,18000,0,18000,18000
2414,精技            ,28000,10000,18000,0,0,0,0,0,0,0,0,0,0,0,0,0,18000
2049,上銀            ,428000,529000,-101000,0,0,0,170000,0,170000,-51000,66000,44000,22000,7000,80000,-73000,18000
1587,吉茂            ,18000,0,18000,0,0,0,0,0,0,0,0,0,0,0,0,0,18000
1727,中華化          ,18000,0,18000,0,0,0,0,0,0,0,0,0,0,0,0,0,18000
1446,宏和            ,63000,44000,19000,0,0,0,0,0,0,-1000,0,1000,-1000,0,0,0,18000
051898,富邦金國泰97購01,0,0,0,0,0,0,0,0,0,18000,0,0,0,38000,20000,18000,18000
052698,深中小國票99購01,0,0,0,0,0,0,0,0,0,18000,0,0,0,23000,5000,18000,18000
052422,聯電國票96購03  ,0,0,0,0,0,0,0,0,0,18000,0,0,0,18000,0,18000,18000
00757,統一FANG+       ,0,0,0,0,0,0,0,0,0,18000,0,0,0,231000,213000,18000,18000
042411,台積電元大91購06,0,0,0,0,0,0,0,0,0,18000,0,0,0,18000,0,18000,18000
048386,華新國票94購01  ,0,0,0,0,0,0,0,0,0,18000,0,0,0,140000,122000,18000,18000
048348,矽力元大93購03  ,0,0,0,0,0,0,0,0,0,18000,0,0,0,26000,8000,18000,18000
043705,力成永豐91購01  ,0,0,0,0,0,0,0,0,0,18000,0,0,0,30000,12000,18000,18000
044071,聯發科永豐91購01,0,0,0,0,0,0,0,0,0,18000,0,0,0,48000,30000,18000,18000
045426,TPK凱基93購02   ,0,0,0,0,0,0,0,0,0,18000,0,0,0,18000,0,18000,18000
045629,智邦凱基92購01  ,0,0,0,0,0,0,0,0,0,18000,0,0,0,28000,10000,18000,18000
047808,智邦凱基93購07  ,0,0,0,0,0,0,0,0,0,18000,0,0,0,18000,0,18000,18000
046264,美律凱基93購05  ,0,0,0,0,0,0,0,0,0,18000,0,0,0,58000,40000,18000,18000
048107,華通群益93購02  ,0,0,0,0,0,0,0,0,0,18000,0,0,0,23000,5000,18000,18000
048524,GIS元富94購01   ,0,0,0,0,0,0,0,0,0,18000,0,0,0,18000,0,18000,18000
048919,堤維西永豐94購01,0,0,0,0,0,0,0,0,0,18000,0,0,0,20000,2000,18000,18000
049530,上銀台新94購01  ,0,0,0,0,0,0,0,0,0,18000,0,0,0,24000,6000,18000,18000
048992,昇陽半元大94購02,0,0,0,0,0,0,0,0,0,18000,0,0,0,59000,41000,18000,18000
049979,美律凱基94購07  ,0,0,0,0,0,0,0,0,0,18000,0,0,0,33000,15000,18000,18000
050925,可成凱基95購02  ,0,0,0,0,0,0,0,0,0,18000,0,0,0,18000,0,18000,18000
051202,智邦麥證95購01  ,0,0,0,99000,80000,19000,0,0,0,18000,0,0,0,99000,81000,18000,18000
051328,力山永豐95購01  ,0,0,0,0,0,0,0,0,0,18000,0,0,0,18000,0,18000,18000
6412,群電            ,284000,263000,21000,0,0,0,0,0,0,-3000,0,3000,-3000,0,0,0,18000
6184,大豐電          ,20000,2000,18000,0,0,0,0,0,0,0,0,0,0,0,0,0,18000
053472,漢唐元大96購02  ,0,0,0,0,0,0,0,0,0,18000,0,0,0,91000,73000,18000,18000
053627,宏碁兆豐97購01  ,0,0,0,0,0,0,0,0,0,18000,0,0,0,98000,80000,18000,18000
053881,南亞科中信97購01,0,0,0,0,0,0,0,0,0,18000,0,0,0,19000,1000,18000,18000
054029,瀚宇博凱基96購02,0,0,0,0,0,0,0,0,0,18000,0,0,0,68000,50000,18000,18000
05847P,大立光元大96售08,0,0,0,0,0,0,0,0,0,18000,0,0,0,45000,27000,18000,18000
05662P,景碩元富96售01  ,0,0,0,0,0,0,0,0,0,18000,0,0,0,48000,30000,18000,18000
052423,宏達電國票96購02,0,0,0,0,0,0,0,0,0,17000,0,0,0,17000,0,17000,17000
052321,華擎元大95購01  ,0,0,0,0,0,0,0,0,0,17000,0,0,0,39000,22000,17000,17000
051858,上銀凱基95購01  ,0,0,0,0,0,0,0,0,0,17000,0,0,0,17000,0,17000,17000
05205P,緯穎元大95售03  ,0,0,0,0,0,0,0,0,0,17000,0,0,0,33000,16000,17000,17000
051498,智易群益96購01  ,0,0,0,0,0,0,0,0,0,17000,0,0,0,115000,98000,17000,17000
1710,東聯            ,323000,302000,21000,0,0,0,0,0,0,-4000,0,4000,-4000,0,0,0,17000
1540,喬福            ,18000,1000,17000,0,0,0,0,0,0,0,0,0,0,0,0,0,17000
2029,盛餘            ,19000,0,19000,0,0,0,0,0,0,-2000,0,2000,-2000,0,0,0,17000
053401,臺股指中信99購01,0,0,0,0,0,0,0,0,0,17000,0,0,0,25000,8000,17000,17000
045400,康友富邦93購01  ,0,0,0,0,0,0,0,0,0,17000,0,0,0,18000,1000,17000,17000
044875,玉晶光統一93購01,0,0,0,0,0,0,0,0,0,17000,0,0,0,56000,39000,17000,17000
044996,嘉晶國泰95購01  ,0,0,0,0,0,0,0,0,0,17000,0,0,0,43000,26000,17000,17000
044199,亞光國票91購01  ,0,0,0,0,0,0,0,0,0,17000,0,0,0,75000,58000,17000,17000
043696,瑞儀兆豐93購01  ,0,0,0,0,0,0,0,0,0,17000,0,0,0,27000,10000,17000,17000
04480P,微星兆豐94售01  ,0,0,0,0,0,0,0,0,0,17000,0,0,0,38000,21000,17000,17000
048343,大立光元大93購29,0,0,0,0,0,0,0,0,0,17000,0,0,0,19000,2000,17000,17000
048392,宏碁國票94購01  ,0,0,0,0,0,0,0,0,0,17000,0,0,0,80000,63000,17000,17000
048160,GIS兆豐95購01   ,0,0,0,0,0,0,0,0,0,17000,0,0,0,28000,11000,17000,17000
048192,華通元大96購01  ,0,0,0,0,0,0,0,0,0,17000,0,0,0,193000,176000,17000,17000
044247,道瓊反元富97購01,0,0,0,0,0,0,0,0,0,17000,0,0,0,20000,3000,17000,17000
043269,GIS麥證92購01   ,0,0,0,83000,66000,17000,0,0,0,17000,0,0,0,83000,66000,17000,17000
04027P,亞德客凱基93售05,0,0,0,0,0,0,0,0,0,17000,0,0,0,17000,0,17000,17000
00851,台新全球AI      ,0,0,0,0,0,0,0,0,0,17000,0,0,0,134000,117000,17000,17000
020002,元富新中國N     ,0,0,0,0,0,0,0,0,0,17000,0,0,0,17000,0,17000,17000
046745,國喬凱基93購01  ,0,0,0,0,0,0,0,0,0,17000,0,0,0,90000,73000,17000,17000
047279,日月光永豐93購01,0,0,0,0,0,0,0,0,0,17000,0,0,0,53000,36000,17000,17000
046549,康友永豐92購02  ,0,0,0,0,0,0,0,0,0,17000,0,0,0,146000,129000,17000,17000
045536,元油2X群益92購01,0,0,0,0,0,0,0,0,0,17000,0,0,0,17000,0,17000,17000
047560,超眾凱基94購01  ,0,2000,-2000,0,0,0,0,0,0,19000,0,0,0,19000,0,19000,17000
048767,欣興凱基94購01  ,0,0,0,0,0,0,0,0,0,17000,0,0,0,17000,0,17000,17000
048781,臺股指凱基96購01,0,0,0,0,0,0,0,0,0,17000,0,0,0,25000,8000,17000,17000
045962,高鐵凱基92購02  ,0,0,0,0,0,0,0,0,0,17000,0,0,0,17000,0,17000,17000
052873,新唐凱基96購02  ,0,0,0,0,0,0,0,0,0,17000,0,0,0,25000,8000,17000,17000
050536,亞泥凱基95購01  ,0,0,0,0,0,0,0,0,0,17000,0,0,0,17000,0,17000,17000
050334,鴻海國泰96購07  ,0,0,0,0,0,0,0,0,0,17000,0,0,0,85000,68000,17000,17000
049058,茂林永豐94購02  ,0,0,0,0,0,0,0,0,0,17000,0,0,0,17000,0,17000,17000
049326,聯發科元富94購01,0,0,0,0,0,0,0,0,0,17000,0,0,0,60000,43000,17000,17000
049497,茂林元大94購04  ,0,0,0,0,0,0,0,0,0,17000,0,0,0,22000,5000,17000,17000
1236,宏亞            ,19000,2000,17000,0,0,0,0,0,0,0,0,0,0,0,0,0,17000
053777,台積電元大96購20,0,0,0,0,0,0,0,0,0,17000,0,0,0,267000,250000,17000,17000
6235,華孚            ,35000,18000,17000,0,0,0,0,0,0,0,0,0,0,0,0,0,17000
4545,銘鈺            ,18000,1000,17000,0,0,0,0,0,0,0,0,0,0,0,0,0,17000
4144,康聯-KY         ,19000,2000,17000,0,0,0,0,0,0,0,0,0,0,0,0,0,17000
053384,聯發科元大96購13,0,0,0,0,0,0,0,0,0,16000,0,0,0,338000,322000,16000,16000
053310,彩晶凱基98購02  ,0,0,0,0,0,0,0,0,0,16000,0,0,0,131000,115000,16000,16000
05332P,臺股指國票95售01,0,0,0,0,0,0,0,0,0,16000,0,0,0,62000,46000,16000,16000
053228,康友台新97購01  ,0,0,0,0,0,0,0,0,0,16000,0,0,0,216000,200000,16000,16000
052997,國巨康和96購01  ,0,0,0,0,0,0,0,0,0,16000,0,0,0,50000,34000,16000,16000
052791,友達兆豐97購01  ,0,0,0,0,0,0,0,0,0,16000,0,0,0,36000,20000,16000,16000
1817,凱撒衛          ,18000,2000,16000,0,0,0,0,0,0,0,0,0,0,0,0,0,16000
2480,敦陽科          ,42000,25000,17000,0,0,0,0,0,0,-1000,0,1000,-1000,0,0,0,16000
051713,大立光台新95購03,0,0,0,0,0,0,0,0,0,16000,0,0,0,21000,5000,16000,16000
051939,同欣電群益97購01,0,0,0,0,0,0,0,0,0,16000,0,0,0,103000,87000,16000,16000
052700,奇鋐國票97購02  ,0,0,0,0,0,0,0,0,0,16000,0,0,0,16000,0,16000,16000
052625,南電亞東97購01  ,0,0,0,0,0,0,0,0,0,16000,0,0,0,16000,0,16000,16000
00712,FH富時不動產    ,0,0,0,0,0,0,0,0,0,16000,0,0,0,73000,57000,16000,16000
00671R,富邦NASDAQ反1   ,6000,0,6000,0,0,0,0,0,0,10000,0,0,0,311000,301000,10000,16000
045140,玉晶光兆豐93購02,0,0,0,0,0,0,0,0,0,16000,0,0,0,16000,0,16000,16000
044918,嘉晶永豐91購02  ,0,0,0,0,0,0,0,0,0,16000,0,0,0,16000,0,16000,16000
048705,GIS國票95購01   ,0,0,0,0,0,0,0,0,0,16000,0,0,0,81000,65000,16000,16000
047215,華新科第一93購01,0,0,0,0,0,0,0,0,0,16000,0,0,0,16000,0,16000,16000
046351,智邦群益92購01  ,0,0,0,0,0,0,0,0,0,16000,0,0,0,27000,11000,16000,16000
048111,奇力新群益93購06,0,0,0,0,0,0,0,0,0,16000,0,0,0,16000,0,16000,16000
047019,台積電元大93購14,0,0,0,0,0,0,0,0,0,16000,0,0,0,16000,0,16000,16000
047031,麗豐元大93購01  ,0,0,0,0,0,0,0,0,0,16000,0,0,0,16000,0,16000,16000
048985,茂林元大94購01  ,0,0,0,0,0,0,0,0,0,16000,0,0,0,17000,1000,16000,16000
049155,同欣電元大94購01,0,0,0,0,0,0,0,0,0,16000,0,0,0,41000,25000,16000,16000
049918,宏達電元大94購01,0,0,0,0,0,0,0,0,0,16000,0,0,0,40000,24000,16000,16000
050232,奇鋐麥證95購01  ,0,0,0,26000,10000,16000,0,0,0,16000,0,0,0,26000,10000,16000,16000
050613,台光電元大94購09,0,0,0,0,0,0,0,0,0,16000,0,0,0,247000,231000,16000,16000
051279,喬山兆豐96購01  ,0,0,0,0,0,0,0,0,0,16000,0,0,0,16000,0,16000,16000
051225,台積電群益95購02,0,0,0,0,0,0,0,0,0,16000,0,0,0,18000,2000,16000,16000
051006,中磊中信95購01  ,0,0,0,0,0,0,0,0,0,16000,0,0,0,16000,0,16000,16000
051042,中磊永豐95購01  ,0,0,0,0,0,0,0,0,0,16000,0,0,0,16000,0,16000,16000
050977,聯發科統一95購02,0,0,0,0,0,0,0,0,0,16000,0,0,0,16000,0,16000,16000
4720,德淵            ,16000,0,16000,0,0,0,0,0,0,0,0,0,0,0,0,0,16000
6582,申豐            ,18000,2000,16000,0,0,0,0,0,0,0,0,0,0,0,0,0,16000
8213,志超            ,84000,64000,20000,0,0,0,0,0,0,-4000,0,4000,-4000,0,0,0,16000
054060,晶技國票97購02  ,0,0,0,0,0,0,0,0,0,16000,0,0,0,16000,0,16000,16000
054177,牧德台新97購01  ,0,0,0,0,0,0,0,0,0,16000,0,0,0,25000,9000,16000,16000
1231,聯華食          ,20000,4000,16000,0,0,0,0,0,0,0,0,0,0,0,0,0,16000
054383,傳奇群益97購01  ,0,0,0,0,0,0,0,0,0,16000,0,0,0,16000,0,16000,16000
054372,南亞科中信96購01,0,0,0,0,0,0,0,0,0,16000,0,0,0,52000,36000,16000,16000
05454P,奇鋐群益95售04  ,0,0,0,0,0,0,0,0,0,16000,0,0,0,27000,11000,16000,16000
051883,智原永豐95購03  ,0,0,0,0,0,0,0,0,0,15000,0,0,0,370000,355000,15000,15000
051620,可成凱基95購10  ,0,0,0,0,0,0,0,0,0,15000,0,0,0,55000,40000,15000,15000
051649,中磊永豐95購02  ,0,0,0,0,0,0,0,0,0,15000,0,0,0,15000,0,15000,15000
2597,潤弘            ,19000,6000,13000,0,0,0,0,0,0,2000,2000,0,2000,0,0,0,15000
2227,裕日車          ,26000,9000,17000,0,0,0,0,0,0,-2000,0,2000,-2000,0,0,0,15000
2373,震旦行          ,15000,0,15000,0,0,0,0,0,0,0,0,0,0,0,0,0,15000
2375,凱美            ,1402000,1385000,17000,0,0,0,0,0,0,-2000,0,2000,-2000,0,0,0,15000
1531,高林股          ,27000,12000,15000,0,0,0,0,0,0,0,0,0,0,0,0,0,15000
053040,全新凱基98購01  ,0,0,0,0,0,0,0,0,0,15000,0,0,0,50000,35000,15000,15000
053111,緯創兆豐97購01  ,0,0,0,0,0,0,0,0,0,15000,0,0,0,15000,0,15000,15000
053125,宏達電凱基96購01,0,0,0,0,0,0,0,0,0,15000,0,0,0,45000,30000,15000,15000
053121,上証2X凱基9C購01,0,0,0,0,0,0,0,0,0,15000,0,0,0,15000,0,15000,15000
053176,矽力群益96購02  ,0,0,0,0,0,0,0,0,0,15000,0,0,0,113000,98000,15000,15000
053171,中磊群益96購01  ,0,0,0,0,0,0,0,0,0,15000,0,0,0,32000,17000,15000,15000
053373,台泥元大96購01  ,0,0,0,0,0,0,0,0,0,15000,0,0,0,41000,26000,15000,15000
044900,建準凱基93購01  ,0,0,0,0,0,0,0,0,0,15000,0,0,0,25000,10000,15000,15000
044526,訊芯凱基93購02  ,0,0,0,0,0,0,0,0,0,15000,0,0,0,15000,0,15000,15000
045366,富邦金兆豐92購01,0,0,0,0,0,0,0,0,0,15000,0,0,0,30000,15000,15000,15000
044743,瑞昱群益91購05  ,0,0,0,0,0,0,0,0,0,15000,0,0,0,15000,0,15000,15000
043570,樺漢凱基91購03  ,0,0,0,0,0,0,0,0,0,15000,0,0,0,15000,0,15000,15000
043583,康友元富91購01  ,0,0,0,0,0,0,0,0,0,15000,0,0,0,15000,0,15000,15000
048326,滬深2X國泰94購03,0,0,0,0,0,0,0,0,0,15000,0,0,0,80000,65000,15000,15000
00662,富邦NASDAQ      ,0,11000,-11000,0,0,0,0,0,0,26000,0,0,0,119000,93000,26000,15000
03707P,祥碩群益93售01  ,0,0,0,0,0,0,0,0,0,15000,0,0,0,15000,0,15000,15000
03763P,聯發科元富96售01,0,0,0,0,0,0,0,0,0,15000,0,0,0,20000,5000,15000,15000
03349P,台灣50麥證02售04,0,0,0,0,0,0,0,0,0,15000,0,0,0,15000,0,15000,15000
042020,佐登元大91購01  ,0,0,0,0,0,0,0,0,0,15000,0,0,0,15000,0,15000,15000
04182P,祥碩國票93售01  ,0,0,0,0,0,0,0,0,0,15000,0,0,0,107000,92000,15000,15000
042407,儒鴻元大91購03  ,0,0,0,0,0,0,0,0,0,15000,0,0,0,15000,0,15000,15000
042470,元油2X元大93購04,0,0,0,0,0,0,0,0,0,15000,0,0,0,15000,0,15000,15000
045325,元油2X永豐94購01,0,0,0,0,0,0,0,0,0,15000,0,0,0,15000,0,15000,15000
045210,鴻海富邦93購02  ,0,0,0,0,0,0,0,0,0,15000,0,0,0,15000,0,15000,15000
046952,南茂元大93購02  ,0,0,0,0,0,0,0,0,0,15000,0,0,0,15000,0,15000,15000
048539,巨大國票94購01  ,0,0,0,0,0,0,0,0,0,15000,0,0,0,15000,0,15000,15000
048504,A50正2中信95購01,0,0,0,0,0,0,0,0,0,15000,0,0,0,15000,0,15000,15000
046308,廣達元大92購02  ,0,0,0,0,0,0,0,0,0,15000,0,0,0,15000,0,15000,15000
047051,可成國票94購01  ,0,0,0,0,0,0,0,0,0,15000,0,0,0,15000,0,15000,15000
046656,華邦電元大93購02,0,0,0,0,0,0,0,0,0,15000,0,0,0,15000,0,15000,15000
047879,台積電中信93購04,0,0,0,0,0,0,0,0,0,15000,0,0,0,20000,5000,15000,15000
047593,百和永豐93購02  ,0,0,0,0,0,0,0,0,0,15000,0,0,0,15000,0,15000,15000
045600,道瓊指國票95購01,0,0,0,0,0,0,0,0,0,15000,0,0,0,15000,0,15000,15000
048067,台光電元富93購01,0,0,0,0,0,0,0,0,0,15000,0,0,0,50000,35000,15000,15000
047254,瀚宇博群益93購02,0,0,0,0,0,0,0,0,0,15000,0,0,0,113000,98000,15000,15000
051014,智邦凱基95購01  ,0,0,0,0,0,0,0,0,0,15000,0,0,0,15000,0,15000,15000
050892,聯電元大96購02  ,0,0,0,0,0,0,0,0,0,15000,0,0,0,20000,5000,15000,15000
051267,美律富邦96購01  ,0,0,0,0,0,0,0,0,0,15000,0,0,0,30000,15000,15000,15000
050610,鴻海元大94購24  ,0,0,0,0,0,0,0,0,0,15000,0,0,0,179000,164000,15000,15000
050618,緯創元大95購01  ,0,0,0,0,0,0,0,0,0,15000,0,0,0,25000,10000,15000,15000
050787,致伸國泰96購01  ,0,0,0,0,0,0,0,0,0,15000,0,0,0,34000,19000,15000,15000
050318,景碩國票94購02  ,0,0,0,0,0,0,0,0,0,15000,0,0,0,15000,0,15000,15000
050495,大立光永昌96購01,0,0,0,0,0,0,0,0,0,15000,0,0,0,19000,4000,15000,15000
049926,智易元大95購02  ,0,0,0,0,0,0,0,0,0,15000,0,0,0,15000,0,15000,15000
049895,國巨統一94購04  ,0,0,0,0,0,0,0,0,0,15000,0,0,0,15000,0,15000,15000
050005,京鼎永豐94購01  ,0,0,0,0,0,0,0,0,0,15000,0,0,0,174000,159000,15000,15000
049780,智易統一94購02  ,0,0,0,0,0,0,0,0,0,15000,0,0,0,90000,75000,15000,15000
049754,豐祥永豐94購01  ,0,0,0,0,0,0,0,0,0,15000,0,0,0,15000,0,15000,15000
049637,元石油凱基94購01,0,0,0,0,0,0,0,0,0,15000,0,0,0,15000,0,15000,15000
049014,台達電群益94購02,0,0,0,0,0,0,0,0,0,15000,0,0,0,36000,21000,15000,15000
049023,玉晶光群益96購04,0,0,0,0,0,0,0,0,0,15000,0,0,0,485000,470000,15000,15000
049419,欣興凱基94購04  ,0,0,0,0,0,0,0,0,0,15000,0,0,0,28000,13000,15000,15000
048901,矽格國泰95購01  ,0,0,0,0,0,0,0,0,0,15000,0,0,0,15000,0,15000,15000
054599,正崴台新97購01  ,0,0,0,0,0,0,0,0,0,15000,0,0,0,20000,5000,15000,15000
054322,國巨台新96購02  ,0,0,0,0,0,0,0,0,0,15000,0,0,0,138000,123000,15000,15000
054401,康普永豐96購01  ,0,0,0,0,0,0,0,0,0,15000,0,0,0,15000,0,15000,15000
05699P,茂林凱基96售05  ,0,0,0,0,0,0,0,0,0,15000,0,0,0,30000,15000,15000,15000
05808P,臺股指國票96售01,0,0,0,0,0,0,0,0,0,15000,0,0,0,23000,8000,15000,15000
1110,東泥            ,16000,1000,15000,0,0,0,0,0,0,0,0,0,0,0,0,0,15000
054209,台積電國票97購08,0,0,0,0,0,0,0,0,0,15000,0,0,0,22000,7000,15000,15000
054213,欣興國票97購04  ,0,0,0,0,0,0,0,0,0,15000,0,0,0,169000,154000,15000,15000
054250,漢唐元大96購04  ,0,0,0,0,0,0,0,0,0,15000,0,0,0,15000,0,15000,15000
054052,日月光元大96購06,0,0,0,0,0,0,0,0,0,15000,0,0,0,16000,1000,15000,15000
053779,台光電元大96購02,0,0,0,0,0,0,0,0,0,15000,0,0,0,80000,65000,15000,15000
053814,美律群益97購02  ,0,0,0,0,0,0,0,0,0,15000,0,0,0,97000,82000,15000,15000
053835,南亞科永豐96購02,0,0,0,0,0,0,0,0,0,15000,0,0,0,15000,0,15000,15000
6128,上福            ,16000,1000,15000,0,0,0,0,0,0,0,0,0,0,0,0,0,15000
9927,泰銘            ,19000,4000,15000,0,0,0,0,0,0,0,0,0,0,0,0,0,15000
053378,台積電元大98購02,0,0,0,0,0,0,0,0,0,14000,0,0,0,93000,79000,14000,14000
052989,麗豐元大98購01  ,0,0,0,0,0,0,0,0,0,14000,0,0,0,14000,0,14000,14000
052863,友達凱基98購02  ,0,0,0,0,0,0,0,0,0,14000,0,0,0,24000,10000,14000,14000
2243,宏旭-KY         ,16000,2000,14000,0,0,0,0,0,0,0,0,0,0,0,0,0,14000
2022,聚亨            ,111000,97000,14000,0,0,0,0,0,0,0,0,0,0,0,0,0,14000
2739,寒舍            ,14000,0,14000,0,0,0,0,0,0,0,0,0,0,0,0,0,14000
2471,資通            ,25000,11000,14000,0,0,0,0,0,0,0,0,0,0,0,0,0,14000
2462,良得電          ,18000,4000,14000,0,0,0,0,0,0,0,0,0,0,0,0,0,14000
3164,景岳            ,15000,1000,14000,0,0,0,0,0,0,0,0,0,0,0,0,0,14000
3296,勝德            ,14000,0,14000,0,0,0,0,0,0,0,0,0,0,0,0,0,14000
3021,鴻名            ,14000,0,14000,0,0,0,0,0,0,0,0,0,0,0,0,0,14000
051662,大立光永昌96購03,0,0,0,0,0,0,0,0,0,14000,0,0,0,262000,248000,14000,14000
05257P,欣興凱基95售04  ,0,0,0,0,0,0,0,0,0,14000,0,0,0,14000,0,14000,14000
052592,華通群益98購01  ,0,0,0,0,0,0,0,0,0,14000,0,0,0,502000,488000,14000,14000
052692,滬深2X中信99購02,0,0,0,0,0,0,0,0,0,14000,0,0,0,14000,0,14000,14000
052320,緯創元大95購05  ,0,0,0,0,0,0,0,0,0,14000,0,0,0,96000,82000,14000,14000
00690,兆豐藍籌30      ,0,0,0,0,0,0,0,0,0,14000,0,0,0,180000,166000,14000,14000
045106,玉晶光群益95購01,0,0,0,0,0,0,0,0,0,14000,0,0,0,24000,10000,14000,14000
045452,儒鴻元大92購03  ,0,0,0,0,0,0,0,0,0,14000,0,0,0,14000,0,14000,14000
043483,和鑫群益92購01  ,0,0,0,0,0,0,0,0,0,14000,0,0,0,24000,10000,14000,14000
047266,嘉聯益國票94購02,0,0,0,0,0,0,0,0,0,14000,0,0,0,48000,34000,14000,14000
046566,臻鼎凱基92購06  ,0,0,0,0,0,0,0,0,0,14000,0,0,0,14000,0,14000,14000
045640,嘉晶凱基93購01  ,0,0,0,0,0,0,0,0,0,14000,0,0,0,35000,21000,14000,14000
047311,台積電元大93購19,0,0,0,0,0,0,0,0,0,14000,0,0,0,53000,39000,14000,14000
047545,智邦凱基93購05  ,0,0,0,0,0,0,0,0,0,14000,0,0,0,14000,0,14000,14000
045665,聯電元富92購01  ,0,0,0,0,0,0,0,0,0,14000,0,0,0,20000,6000,14000,14000
046579,台積電元大92購32,0,0,0,0,0,0,0,0,0,14000,0,0,0,14000,0,14000,14000
049464,燿華台新95購01  ,0,0,0,0,0,0,0,0,0,14000,0,0,0,14000,0,14000,14000
049492,聯發科元大95購02,0,0,0,0,0,0,0,0,0,14000,0,0,0,102000,88000,14000,14000
049082,晶豪科凱基94購01,0,0,0,0,0,0,0,0,0,14000,0,0,0,16000,2000,14000,14000
049920,大立光元大94購15,0,0,0,0,0,0,0,0,0,14000,0,0,0,18000,4000,14000,14000
050224,台泥中信94購01  ,0,0,0,0,0,0,0,0,0,14000,0,0,0,14000,0,14000,14000
050180,華新科元大95購08,0,0,0,0,0,0,0,0,0,14000,0,0,0,81000,67000,14000,14000
050141,國巨統一94購07  ,0,0,0,0,0,0,0,0,0,14000,0,0,0,17000,3000,14000,14000
050127,台積電凱基94購31,0,0,0,0,0,0,0,0,0,14000,0,0,0,17000,3000,14000,14000
050351,華新科群益95購02,0,0,0,0,0,0,0,0,0,14000,0,0,0,31000,17000,14000,14000
051160,亞德客元大95購02,0,0,0,0,0,0,0,0,0,14000,0,0,0,169000,155000,14000,14000
6115,鎰勝            ,24000,10000,14000,0,0,0,0,0,0,0,0,0,0,0,0,0,14000
6442,光聖            ,13000,0,13000,0,0,0,0,0,0,1000,1000,0,1000,0,0,0,14000
6201,亞弘電          ,14000,0,14000,0,0,0,0,0,0,0,0,0,0,0,0,0,14000
053774,台達電元大96購04,0,0,0,0,0,0,0,0,0,14000,0,0,0,15000,1000,14000,14000
053735,矽力中信97購01  ,0,0,0,0,0,0,0,0,0,14000,0,0,0,67000,53000,14000,14000
1104,環泥            ,127000,163000,-36000,0,0,0,0,0,0,50000,50000,0,50000,0,0,0,14000
052327,聯詠中信95購03  ,0,0,0,0,0,0,0,0,0,13000,0,0,0,13000,0,13000,13000
052372,台泥元大95購02  ,0,0,0,0,0,0,0,0,0,13000,0,0,0,18000,5000,13000,13000
2107,厚生            ,44000,31000,13000,0,0,0,0,0,0,0,0,0,0,0,0,0,13000
2358,廷鑫            ,16000,3000,13000,0,0,0,0,0,0,0,0,0,0,0,0,0,13000
2425,承啟            ,106000,92000,14000,0,0,0,0,0,0,-1000,0,1000,-1000,0,0,0,13000
1436,華友聯          ,16000,3000,13000,0,0,0,0,0,0,0,0,0,0,0,0,0,13000
1472,三洋紡          ,19000,6000,13000,0,0,0,0,0,0,0,0,0,0,0,0,0,13000
1521,大億            ,14000,1000,13000,0,0,0,0,0,0,0,0,0,0,0,0,0,13000
1474,弘裕            ,17000,4000,13000,0,0,0,0,0,0,0,0,0,0,0,0,0,13000
053355,超眾兆豐97購01  ,0,0,0,0,0,0,0,0,0,13000,0,0,0,64000,51000,13000,13000
044988,玉晶光統一95購01,0,0,0,0,0,0,0,0,0,13000,0,0,0,45000,32000,13000,13000
044654,建準永豐91購01  ,0,0,0,0,0,0,0,0,0,13000,0,0,0,25000,12000,13000,13000
044861,玉晶光兆豐93購01,0,0,0,0,0,0,0,0,0,13000,0,0,0,45000,32000,13000,13000
044889,台泥凱基91購01  ,0,0,0,0,0,0,0,0,0,13000,0,0,0,33000,20000,13000,13000
043650,喬山國泰93購02  ,0,0,0,0,0,0,0,0,0,13000,0,0,0,13000,0,13000,13000
048418,瑞昱統一93購04  ,0,0,0,0,0,0,0,0,0,13000,0,0,0,62000,49000,13000,13000
045221,美律元大92購07  ,0,0,0,0,0,0,0,0,0,13000,0,0,0,13000,0,13000,13000
044407,聯茂凱基93購01  ,0,0,0,0,0,0,0,0,0,13000,0,0,0,24000,11000,13000,13000
04018P,亞光永豐93售01  ,0,0,0,0,0,0,0,0,0,13000,0,0,0,13000,0,13000,13000
046758,聯發科凱基93購05,0,0,0,0,0,0,0,0,0,13000,0,0,0,28000,15000,13000,13000
04668P,臺股指國票94售07,0,0,0,0,0,0,0,0,0,13000,0,0,0,13000,0,13000,13000
047046,台積電國票94購01,0,0,0,0,0,0,0,0,0,13000,0,0,0,13000,0,13000,13000
046152,廣宇亞東92購01  ,0,0,0,0,0,0,0,0,0,13000,0,0,0,13000,0,13000,13000
046201,台郡凱基92購01  ,0,0,0,0,0,0,0,0,0,13000,0,0,0,120000,107000,13000,13000
047380,統一元大93購01  ,0,0,0,0,0,0,0,0,0,13000,0,0,0,13000,0,13000,13000
047534,聯茂元大93購05  ,0,0,0,0,0,0,0,0,0,13000,0,0,0,13000,0,13000,13000
047299,樺漢元富93購01  ,0,0,0,0,0,0,0,0,0,13000,0,0,0,13000,0,13000,13000
048055,燿華國泰95購02  ,0,0,0,0,0,0,0,0,0,13000,0,0,0,53000,40000,13000,13000
051020,健策凱基96購02  ,0,0,0,0,0,0,0,0,0,13000,0,0,0,76000,63000,13000,13000
051309,卜蜂麥證95購01  ,0,0,0,20000,7000,13000,0,0,0,13000,0,0,0,20000,7000,13000,13000
051408,台積電國票95購03,0,0,0,0,0,0,0,0,0,13000,0,0,0,64000,51000,13000,13000
050457,力成元大94購01  ,0,0,0,0,0,0,0,0,0,13000,0,0,0,13000,0,13000,13000
050233,香港2X凱基96購01,0,0,0,0,0,0,0,0,0,13000,0,0,0,13000,0,13000,13000
049050,崇越康和94購01  ,0,0,0,0,0,0,0,0,0,13000,0,0,0,48000,35000,13000,13000
049315,上緯控凱基94購03,0,0,0,0,0,0,0,0,0,13000,0,0,0,65000,52000,13000,13000
05549P,臺股指元大96售03,0,0,0,0,0,0,0,0,0,13000,0,0,0,13000,0,13000,13000
054491,瀚宇博台新96購02,0,0,0,0,0,0,0,0,0,13000,0,0,0,13000,0,13000,13000
8072,陞泰            ,13000,0,13000,0,0,0,0,0,0,0,0,0,0,0,0,0,13000
4104,佳醫            ,26000,13000,13000,0,0,0,0,0,0,0,0,0,0,0,0,0,13000
9939,宏全            ,142000,121000,21000,0,0,0,0,0,0,-8000,6000,37000,-31000,24000,1000,23000,13000
053481,同欣電元大97購01,0,0,0,0,0,0,0,0,0,13000,0,0,0,73000,60000,13000,13000
053671,可成統一96購03  ,0,0,0,0,0,0,0,0,0,13000,0,0,0,310000,297000,13000,13000
053643,漢唐國票97購02  ,0,0,0,0,0,0,0,0,0,13000,0,0,0,13000,0,13000,13000
053368,京元電富邦98購01,0,0,0,0,0,0,0,0,0,12000,0,0,0,214000,202000,12000,12000
053420,華邦電永豐96購01,0,0,0,0,0,0,0,0,0,12000,0,0,0,104000,92000,12000,12000
1308,亞聚            ,61000,45000,16000,0,0,0,0,0,0,-4000,0,4000,-4000,0,0,0,12000
053144,上証2X元大96購01,0,0,0,0,0,0,0,0,0,12000,0,0,0,12000,0,12000,12000
053208,鴻海凱基96購13  ,0,0,0,0,0,0,0,0,0,12000,0,0,0,204000,192000,12000,12000
052744,聯詠元大97購01  ,0,0,0,0,0,0,0,0,0,12000,0,0,0,458000,446000,12000,12000
052761,可成群益96購02  ,0,0,0,0,0,0,0,0,0,12000,0,0,0,33000,21000,12000,12000
053008,達方永豐96購01  ,0,0,0,0,0,0,0,0,0,12000,0,0,0,146000,134000,12000,12000
053088,奇鋐元大98購01  ,0,0,0,0,0,0,0,0,0,12000,0,0,0,139000,127000,12000,12000
1541,錩泰            ,17000,5000,12000,0,0,0,0,0,0,0,0,0,0,0,0,0,12000
1603,華電            ,15000,3000,12000,0,0,0,0,0,0,0,0,0,0,0,0,0,12000
1604,聲寶            ,118000,105000,13000,0,0,0,0,0,0,-1000,0,1000,-1000,0,0,0,12000
2103,台橡            ,184000,168000,16000,0,0,0,0,0,0,-4000,0,4000,-4000,0,0,0,12000
3032,偉訓            ,19000,7000,12000,0,0,0,0,0,0,0,0,0,0,0,0,0,12000
2433,互盛電          ,24000,11000,13000,0,0,0,0,0,0,-1000,0,1000,-1000,0,0,0,12000
2601,益航            ,280000,266000,14000,0,0,0,0,0,0,-2000,0,2000,-2000,0,0,0,12000
2636,台驊投控        ,19000,7000,12000,0,0,0,0,0,0,0,0,0,0,0,0,0,12000
052401,智原凱基95購01  ,0,0,0,0,0,0,0,0,0,12000,0,0,0,13000,1000,12000,12000
052378,矽力元大96購01  ,0,0,0,0,0,0,0,0,0,12000,0,0,0,28000,16000,12000,12000
052430,泰碩永豐95購02  ,0,0,0,0,0,0,0,0,0,12000,0,0,0,29000,17000,12000,12000
051972,廣達凱基95購02  ,0,0,0,0,0,0,0,0,0,12000,0,0,0,12000,0,12000,12000
04168P,元金2X凱基99售01,0,0,0,0,0,0,0,0,0,12000,0,0,0,12000,0,12000,12000
044395,台積電凱基91購16,0,0,0,0,0,0,0,0,0,12000,0,0,0,22000,10000,12000,12000
044358,TPK元大92購02   ,0,0,0,0,0,0,0,0,0,12000,0,0,0,12000,0,12000,12000
00762,元大全球AI      ,0,0,0,0,0,0,0,0,0,12000,0,20000,-20000,309000,277000,32000,12000
043054,智邦富邦92購01  ,0,0,0,0,0,0,0,0,0,12000,0,0,0,119000,107000,12000,12000
048161,旺宏麥證94購01  ,0,0,0,30000,18000,12000,0,0,0,12000,0,0,0,30000,18000,12000,12000
048297,GIS群益93購02   ,0,0,0,0,0,0,0,0,0,12000,0,0,0,12000,0,12000,12000
043843,台積電元富91購01,0,0,0,0,0,0,0,0,0,12000,0,0,0,12000,0,12000,12000
043484,TPK群益93購01   ,0,0,0,0,0,0,0,0,0,12000,0,0,0,12000,0,12000,12000
044528,元油2X國泰92購02,0,0,0,0,0,0,0,0,0,12000,0,0,0,22000,10000,12000,12000
045646,瑞儀凱基93購05  ,0,0,0,0,0,0,0,0,0,12000,0,0,0,20000,8000,12000,12000
048609,京元電凱基93購07,0,0,0,0,0,0,0,0,0,12000,0,0,0,13000,1000,12000,12000
048778,聯茂凱基94購04  ,0,0,0,0,0,0,0,0,0,12000,0,0,0,13000,1000,12000,12000
046983,南茂兆豐94購01  ,0,0,0,0,0,0,0,0,0,12000,0,0,0,12000,0,12000,12000
046927,上銀富邦95購01  ,0,0,0,0,0,0,0,0,0,12000,0,0,0,22000,10000,12000,12000
047819,南茂凱基93購04  ,0,0,0,0,0,0,0,0,0,12000,0,0,0,16000,4000,12000,12000
048506,華通群益94購03  ,0,0,0,0,0,0,0,0,0,12000,0,0,0,68000,56000,12000,12000
048134,祥碩國票93購02  ,0,0,0,0,0,0,0,0,0,12000,0,0,0,12000,0,12000,12000
046792,京元電元富96購01,0,0,0,0,0,0,0,0,0,12000,0,0,0,258000,246000,12000,12000
047420,全新富邦97購01  ,0,0,0,0,0,0,0,0,0,12000,0,0,0,12000,0,12000,12000
045716,智邦凱基92購02  ,0,0,0,0,0,0,0,0,0,12000,0,0,0,16000,4000,12000,12000
046907,華晶科凱基93購01,0,0,0,0,0,0,0,0,0,12000,0,0,0,12000,0,12000,12000
049526,緯穎兆豐95購01  ,0,0,0,0,0,0,0,0,0,12000,0,0,0,18000,6000,12000,12000
050161,鴻海國泰96購03  ,0,0,0,0,0,0,0,0,0,12000,0,0,0,112000,100000,12000,12000
050146,訊芯康和94購02  ,0,0,0,0,0,0,0,0,0,12000,0,0,0,110000,98000,12000,12000
049983,智原凱基94購02  ,0,0,0,0,0,0,0,0,0,12000,0,0,0,117000,105000,12000,12000
049628,臺股指群益94購01,0,0,0,0,0,0,0,0,0,12000,0,0,0,12000,0,12000,12000
04971P,矽力元富94售02  ,0,0,0,0,0,0,0,0,0,12000,0,0,0,215000,203000,12000,12000
049757,聯茂永豐94購01  ,0,0,0,0,0,0,0,0,0,12000,0,0,0,17000,5000,12000,12000
04972P,緯穎元富94售03  ,0,0,0,0,0,0,0,0,0,12000,0,0,0,12000,0,12000,12000
050523,義隆元大94購05  ,0,0,0,0,0,0,0,0,0,12000,0,0,0,25000,13000,12000,12000
050363,臺指反元大98購04,0,0,0,0,0,0,0,0,0,12000,0,0,0,76000,64000,12000,12000
050836,緯穎凱基95購01  ,0,0,0,0,0,0,0,0,0,12000,0,0,0,17000,5000,12000,12000
050940,嘉澤國票95購01  ,0,0,0,0,0,0,0,0,0,12000,0,0,0,12000,0,12000,12000
051072,強茂國票95購02  ,0,0,0,0,0,0,0,0,0,12000,0,0,0,26000,14000,12000,12000
051102,訊芯元大96購01  ,0,0,0,0,0,0,0,0,0,12000,0,0,0,13000,1000,12000,12000
053494,南亞科兆豐96購02,0,0,0,0,0,0,0,0,0,12000,0,0,0,12000,0,12000,12000
053539,智易永豐96購01  ,0,0,0,0,0,0,0,0,0,12000,0,0,0,27000,15000,12000,12000
3705,永信            ,30000,18000,12000,0,0,0,0,0,0,0,0,0,0,0,0,0,12000
4562,穎漢            ,15000,1000,14000,0,0,0,0,0,0,-2000,0,2000,-2000,0,0,0,12000
8222,寶一            ,12000,0,12000,0,0,0,0,0,0,0,0,0,0,0,0,0,12000
8473,山林水          ,15000,3000,12000,0,0,0,0,0,0,0,0,0,0,0,0,0,12000
054006,智易統一97購01  ,0,0,0,0,0,0,0,0,0,12000,0,0,0,154000,142000,12000,12000
054482,大成鋼台新96購01,0,0,0,0,0,0,0,0,0,12000,0,0,0,12000,0,12000,12000
054548,鴻海凱基98購03  ,0,0,0,0,0,0,0,0,0,12000,0,0,0,58000,46000,12000,12000
1233,天仁            ,12000,0,12000,0,0,0,0,0,0,0,0,0,0,0,0,0,12000
1235,興泰            ,13000,0,13000,0,0,0,0,0,0,-1000,0,1000,-1000,0,0,0,12000
051557,昇陽半永豐96購01,0,0,0,0,0,0,0,0,0,11000,0,0,0,15000,4000,11000,11000
052570,華新科凱基96購06,0,0,0,0,0,0,0,0,0,11000,0,0,0,35000,24000,11000,11000
052208,力成麥證95購01  ,0,0,0,11000,0,11000,0,0,0,11000,0,0,0,11000,0,11000,11000
2488,漢平            ,25000,13000,12000,0,0,0,0,0,0,-1000,0,1000,-1000,0,0,0,11000
2497,怡利電          ,34000,23000,11000,0,0,0,0,0,0,0,0,0,0,0,0,0,11000
3040,遠見            ,11000,0,11000,0,0,0,0,0,0,0,0,0,0,0,0,0,11000
3046,建碁            ,12000,0,12000,0,0,0,0,0,0,-1000,0,1000,-1000,0,0,0,11000
2923,鼎固-KY         ,12000,0,12000,0,0,0,0,0,0,-1000,0,1000,-1000,0,0,0,11000
2423,固緯            ,29000,19000,10000,0,0,0,0,0,0,1000,1000,0,1000,0,0,0,11000
1533,車王電          ,15000,4000,11000,0,0,0,0,0,0,0,0,0,0,0,0,0,11000
1776,展宇            ,11000,0,11000,0,0,0,0,0,0,0,0,0,0,0,0,0,11000
1438,裕豐            ,13000,2000,11000,0,0,0,0,0,0,0,0,0,0,0,0,0,11000
053033,智易兆豐97購01  ,0,0,0,0,0,0,0,0,0,11000,0,0,0,18000,7000,11000,11000
052748,群創元大9A購02  ,0,0,0,0,0,0,0,0,0,11000,0,0,0,171000,160000,11000,11000
052785,滬深2X中信99購03,0,0,0,0,0,0,0,0,0,11000,0,0,0,11000,0,11000,11000
043854,華新科富邦93購01,0,0,0,0,0,0,0,0,0,11000,0,0,0,56000,45000,11000,11000
044716,上銀麥證93購01  ,0,0,0,21000,10000,11000,0,0,0,11000,0,0,0,21000,10000,11000,11000
043642,元金2X國票97購01,0,0,0,0,0,0,0,0,0,11000,0,0,0,97000,86000,11000,11000
045160,致新凱基92購01  ,0,1000,-1000,0,0,0,0,0,0,12000,0,0,0,63000,51000,12000,11000
045042,亞泥凱基92購01  ,0,0,0,0,0,0,0,0,0,11000,0,0,0,21000,10000,11000,11000
045011,華新科元大92購08,0,0,0,0,0,0,0,0,0,11000,0,0,0,11000,0,11000,11000
048406,欣興群益93購09  ,0,0,0,0,0,0,0,0,0,11000,0,0,0,22000,11000,11000,11000
048403,聯發科群益93購10,0,0,0,0,0,0,0,0,0,11000,0,0,0,11000,0,11000,11000
0054,元大台商50      ,0,0,0,0,0,0,0,0,0,11000,0,0,0,11000,0,11000,11000
045199,可成凱基92購02  ,0,0,0,0,0,0,0,0,0,11000,0,0,0,11000,0,11000,11000
04237P,超眾群益93售02  ,0,0,0,0,0,0,0,0,0,11000,0,0,0,11000,0,11000,11000
047145,鴻海群益95購01  ,0,0,0,0,0,0,0,0,0,11000,0,0,0,39000,28000,11000,11000
047930,嘉澤凱基93購03  ,0,0,0,0,0,0,0,0,0,11000,0,0,0,11000,0,11000,11000
047451,世紀鋼元大93購04,0,0,0,0,0,0,0,0,0,11000,0,0,0,11000,0,11000,11000
047728,嘉聯益群益93購01,0,0,0,0,0,0,0,0,0,11000,0,0,0,120000,109000,11000,11000
046194,禾伸堂凱基92購02,0,0,0,0,0,0,0,0,0,11000,0,0,0,11000,0,11000,11000
048793,超眾元大95購02  ,0,0,0,0,0,0,0,0,0,11000,0,0,0,54000,43000,11000,11000
048613,智原凱基93購03  ,0,0,0,0,0,0,0,0,0,11000,0,0,0,12000,1000,11000,11000
052963,智邦凱基96購02  ,0,0,0,0,0,0,0,0,0,11000,0,0,0,39000,28000,11000,11000
04867P,美律統一94售03  ,0,0,0,0,0,0,0,0,0,11000,0,0,0,61000,50000,11000,11000
047257,南茂群益93購01  ,0,0,0,0,0,0,0,0,0,11000,0,0,0,11000,0,11000,11000
046467,台虹凱基92購02  ,0,0,0,0,0,0,0,0,0,11000,0,0,0,212000,201000,11000,11000
051278,臻鼎中信97購02  ,0,0,0,0,0,0,0,0,0,11000,0,0,0,878000,867000,11000,11000
051270,百和富邦95購01  ,0,0,0,0,0,0,0,0,0,11000,0,0,0,11000,0,11000,11000
051234,南電群益95購02  ,0,0,0,0,0,0,0,0,0,11000,0,0,0,30000,19000,11000,11000
050636,上証2X國票94購01,0,0,0,0,0,0,0,0,0,11000,0,0,0,128000,117000,11000,11000
050577,美律國票94購03  ,0,0,0,0,0,0,0,0,0,11000,0,0,0,11000,0,11000,11000
049824,鴻海凱基94購18  ,0,0,0,0,0,0,0,0,0,11000,0,0,0,233000,222000,11000,11000
049879,奇鋐永豐94購02  ,0,0,0,0,0,0,0,0,0,11000,0,0,0,11000,0,11000,11000
049642,鴻海凱基94購16  ,0,0,0,0,0,0,0,0,0,11000,0,0,0,54000,43000,11000,11000
049403,欣興群益94購03  ,0,0,0,0,0,0,0,0,0,11000,0,0,0,11000,0,11000,11000
04911P,美律元富94售02  ,0,0,0,0,0,0,0,0,0,11000,0,0,0,21000,10000,11000,11000
1232,大統益          ,16000,4000,12000,0,0,0,0,0,0,-1000,0,1000,-1000,0,0,0,11000
054465,亞光凱基97購01  ,0,0,0,0,0,0,0,0,0,11000,0,0,0,316000,305000,11000,11000
054326,宏達電台新97購02,0,0,0,0,0,0,0,0,0,11000,0,0,0,11000,0,11000,11000
054379,光磊群益98購01  ,0,0,0,0,0,0,0,0,0,11000,0,0,0,11000,0,11000,11000
053817,華新科群益97購02,0,0,0,0,0,0,0,0,0,11000,0,0,0,16000,5000,11000,11000
054085,華新科統一96購04,0,0,0,0,0,0,0,0,0,11000,0,0,0,156000,145000,11000,11000
054081,聯電元富96購01  ,0,0,0,0,0,0,0,0,0,11000,0,0,0,19000,8000,11000,11000
054172,易華電凱基98購01,0,0,0,0,0,0,0,0,0,11000,0,0,0,11000,0,11000,11000
8478,東哥遊艇        ,14000,3000,11000,0,0,0,0,0,0,0,0,0,0,0,0,0,11000
6671,三能-KY         ,12000,1000,11000,0,0,0,0,0,0,0,0,0,0,0,0,0,11000
5531,鄉林            ,114000,95000,19000,0,0,0,0,0,0,-8000,0,8000,-8000,0,0,0,11000
5515,建國            ,11000,0,11000,0,0,0,0,0,0,0,0,0,0,0,0,0,11000
052753,電子類元大96購02,0,0,0,0,0,0,0,0,0,10000,0,0,0,25000,15000,10000,10000
053057,聯電國泰97購02  ,0,0,0,0,0,0,0,0,0,10000,0,0,0,207000,197000,10000,10000
053087,冠德元大96購02  ,0,0,0,0,0,0,0,0,0,10000,0,0,0,90000,80000,10000,10000
053094,聯電統一97購02  ,0,0,0,0,0,0,0,0,0,10000,0,0,0,30000,20000,10000,10000
053155,晶技元大97購02  ,0,0,0,0,0,0,0,0,0,10000,0,0,0,75000,65000,10000,10000
05315P,鴻海永昌96售08  ,0,0,0,0,0,0,0,0,0,10000,0,0,0,20000,10000,10000,10000
05340P,臺股指國票95售08,0,0,0,0,0,0,0,0,0,10000,0,0,0,25000,15000,10000,10000
053369,T50反1元大96購06,0,0,0,0,0,0,0,0,0,10000,0,0,0,10000,0,10000,10000
053376,鴻海元大96購19  ,0,0,0,0,0,0,0,0,0,10000,0,0,0,367000,357000,10000,10000
053326,瀚宇博台新96購01,0,0,0,0,0,0,0,0,0,10000,0,0,0,10000,0,10000,10000
053307,泰碩凱基97購01  ,0,0,0,0,0,0,0,0,0,10000,0,0,0,30000,20000,10000,10000
1410,南染            ,12000,2000,10000,0,0,0,0,0,0,0,0,0,0,0,0,0,10000
1530,亞崴            ,10000,0,10000,0,0,0,0,0,0,0,0,0,0,0,0,0,10000
1539,巨庭            ,11000,1000,10000,0,0,0,0,0,0,0,0,0,0,0,0,0,10000
1618,合機            ,10000,0,10000,0,0,0,0,0,0,0,0,0,0,0,0,0,10000
2348,海悅            ,49000,33000,16000,0,0,0,0,0,0,-6000,0,6000,-6000,0,0,0,10000
2236,百達-KY         ,10000,0,10000,0,0,0,0,0,0,0,0,0,0,0,0,0,10000
2901,欣欣            ,12000,2000,10000,0,0,0,0,0,0,0,0,0,0,0,0,0,10000
052139,矽創凱基95購01  ,0,0,0,0,0,0,0,0,0,10000,0,0,0,10000,0,10000,10000
052159,瑞昱永豐95購01  ,0,0,0,0,0,0,0,0,0,10000,0,0,0,521000,511000,10000,10000
052339,光寶科凱基95購01,0,0,0,0,0,0,0,0,0,10000,0,0,0,10000,0,10000,10000
052307,潤泰全國泰96購01,0,0,0,0,0,0,0,0,0,10000,0,0,0,10000,0,10000,10000
052261,台泥第一95購01  ,0,0,0,0,0,0,0,0,0,10000,0,0,0,10000,0,10000,10000
052585,友達永豐97購01  ,0,0,0,0,0,0,0,0,0,10000,0,0,0,10000,0,10000,10000
052633,國巨凱基96購05  ,0,0,0,0,0,0,0,0,0,10000,0,0,0,45000,35000,10000,10000
052617,景碩國泰98購01  ,0,0,0,0,0,0,0,0,0,10000,0,0,0,10000,0,10000,10000
052694,開發金中信98購01,0,0,0,0,0,0,0,0,0,10000,0,0,0,10000,0,10000,10000
052410,智邦亞東96購01  ,0,0,0,0,0,0,0,0,0,10000,0,0,0,10000,0,10000,10000
052569,聯發科凱基96購08,0,0,0,0,0,0,0,0,0,10000,0,0,0,97000,87000,10000,10000
05155P,聯發科兆豐95售03,0,0,0,0,0,0,0,0,0,10000,0,0,0,10000,0,10000,10000
051512,超眾麥證95購01  ,0,0,0,10000,0,10000,0,0,0,10000,0,0,0,10000,0,10000,10000
051514,智邦凱基95購05  ,0,0,0,0,0,0,0,0,0,10000,0,0,0,10000,0,10000,10000
051519,國泰金凱基95購02,0,0,0,0,0,0,0,0,0,10000,0,0,0,42000,32000,10000,10000
051474,智邦凱基95購04  ,0,0,0,0,0,0,0,0,0,10000,0,0,0,10000,0,10000,10000
051722,玉晶光永豐97購01,0,0,0,0,0,0,0,0,0,10000,0,0,0,10000,0,10000,10000
051763,新光金元大98購01,0,0,0,0,0,0,0,0,0,10000,0,0,0,10000,0,10000,10000
051749,矽力國泰97購01  ,0,0,0,0,0,0,0,0,0,10000,0,0,0,155000,145000,10000,10000
051975,美食凱基95購02  ,0,0,0,0,0,0,0,0,0,10000,0,0,0,87000,77000,10000,10000
052028,健策群益95購02  ,0,0,0,0,0,0,0,0,0,10000,0,0,0,25000,15000,10000,10000
052077,可成元富98購02  ,0,0,0,0,0,0,0,0,0,10000,0,0,0,50000,40000,10000,10000
051892,台光電元富95購03,0,0,0,0,0,0,0,0,0,10000,0,0,0,60000,50000,10000,10000
051875,聯發科兆豐95購04,0,0,0,0,0,0,0,0,0,10000,0,0,0,33000,23000,10000,10000
051936,力山群益95購02  ,0,0,0,0,0,0,0,0,0,10000,0,0,0,10000,0,10000,10000
042441,大立光中信91購02,0,0,0,0,0,0,0,0,0,10000,0,0,0,10000,0,10000,10000
042214,宏達電麥證91購01,0,0,0,10000,0,10000,0,0,0,10000,0,0,0,10000,0,10000,10000
044239,燿華統一91購02  ,0,0,0,0,0,0,0,0,0,10000,0,0,0,10000,0,10000,10000
044232,智原台新91購01  ,0,0,0,0,0,0,0,0,0,10000,0,0,0,10000,0,10000,10000
044321,超眾永豐91購01  ,0,0,0,0,0,0,0,0,0,10000,0,0,0,10000,0,10000,10000
045260,可成凱基92購04  ,0,0,0,0,0,0,0,0,0,10000,0,0,0,20000,10000,10000,10000
044331,深中小統一91購01,0,0,0,0,0,0,0,0,0,10000,0,0,0,10000,0,10000,10000
044337,大立光統一91購10,0,0,0,0,0,0,0,0,0,10000,0,0,0,38000,28000,10000,10000
044404,智伸科凱基91購02,0,0,0,0,0,0,0,0,0,10000,0,0,0,10000,0,10000,10000
044400,大立光凱基92購01,0,0,0,0,0,0,0,0,0,10000,0,0,0,10000,0,10000,10000
044406,臻鼎凱基92購01  ,0,0,0,0,0,0,0,0,0,10000,0,0,0,20000,10000,10000,10000
045296,台積電元大93購03,0,0,0,0,0,0,0,0,0,10000,0,0,0,10000,0,10000,10000
045297,台積電元大93購04,0,0,0,0,0,0,0,0,0,10000,0,0,0,10000,0,10000,10000
045348,大立光凱基93購06,0,0,0,0,0,0,0,0,0,10000,0,0,0,10000,0,10000,10000
041612,可成國泰92購01  ,0,0,0,0,0,0,0,0,0,10000,0,0,0,10000,0,10000,10000
041822,矽創凱基91購01  ,0,0,0,0,0,0,0,0,0,10000,0,0,0,10000,0,10000,10000
041860,A50正2中信91購01,0,0,0,0,0,0,0,0,0,10000,0,0,0,10000,0,10000,10000
042018,可成元大91購02  ,0,0,0,0,0,0,0,0,0,10000,0,0,0,10000,0,10000,10000
041971,GIS元大92購01   ,0,0,0,0,0,0,0,0,0,10000,0,0,0,10000,0,10000,10000
041922,全新凱基91購01  ,0,0,0,0,0,0,0,0,0,10000,0,0,0,10000,0,10000,10000
041916,大立光中信93購01,0,0,0,0,0,0,0,0,0,10000,0,0,0,20000,10000,10000,10000
040888,國泰金國票91購01,0,0,0,0,0,0,0,0,0,10000,0,0,0,10000,0,10000,10000
043388,TPK元大91購03   ,0,0,0,0,0,0,0,0,0,10000,0,0,0,10000,0,10000,10000
043417,TPK凱基91購02   ,0,0,0,0,0,0,0,0,0,10000,0,0,0,10000,0,10000,10000
043396,世紀鋼元大93購01,0,0,0,0,0,0,0,0,0,10000,0,0,0,10000,0,10000,10000
043197,揚明光元大93購03,0,0,0,0,0,0,0,0,0,10000,0,0,0,10000,0,10000,10000
039901,國巨國泰92購01  ,0,0,0,0,0,0,0,0,0,10000,0,0,0,10000,0,10000,10000
03990P,嘉澤永豐93售01  ,0,0,0,0,0,0,0,0,0,10000,0,0,0,10000,0,10000,10000
043384,京鼎元大91購01  ,0,0,0,0,0,0,0,0,0,10000,0,0,0,10000,0,10000,10000
00763U,街口道瓊銅      ,0,0,0,0,0,0,0,0,0,10000,0,0,0,10000,0,10000,10000
03006P,華通永豐01售01  ,0,0,0,0,0,0,0,0,0,10000,0,0,0,10000,0,10000,10000
03055P,台積電康和01售02,0,0,0,0,0,0,0,0,0,10000,0,0,0,10000,0,10000,10000
03106P,T50反1元大01售06,0,0,0,0,0,0,0,0,0,10000,0,0,0,10000,0,10000,10000
03575P,台灣50元富05售01,0,0,0,0,0,0,0,0,0,10000,0,0,0,10000,0,10000,10000
043177,致新國泰93購01  ,0,0,0,0,0,0,0,0,0,10000,0,0,0,10000,0,10000,10000
042990,南電凱基92購01  ,0,0,0,0,0,0,0,0,0,10000,0,0,0,10000,0,10000,10000
042991,南電凱基92購02  ,0,0,0,0,0,0,0,0,0,10000,0,0,0,20000,10000,10000,10000
03365P,元油2X富邦98售01,0,0,0,0,0,0,0,0,0,10000,0,0,0,10000,0,10000,10000
03397P,台積電中信06售08,0,0,0,0,0,0,0,0,0,10000,0,0,0,10000,0,10000,10000
03404B,臺股指元富91熊09,0,0,0,0,0,0,0,0,0,10000,0,0,0,10000,0,10000,10000
03191P,國巨國泰03售02  ,0,0,0,0,0,0,0,0,0,10000,0,0,0,10000,0,10000,10000
03277P,聯發科中信04售03,0,0,0,0,0,0,0,0,0,10000,0,0,0,10000,0,10000,10000
042647,台積電統一91購04,0,0,0,0,0,0,0,0,0,10000,0,0,0,10000,0,10000,10000
04267P,康控元富93售04  ,0,0,0,0,0,0,0,0,0,10000,0,0,0,10000,0,10000,10000
042685,矽創元大91購02  ,0,0,0,0,0,0,0,0,0,10000,0,0,0,10000,0,10000,10000
048350,世紀鋼元大95購01,0,0,0,0,0,0,0,0,0,10000,0,0,0,10000,0,10000,10000
048383,元金2X國票99購01,0,0,0,0,0,0,0,0,0,10000,0,0,0,10000,0,10000,10000
048371,華固統一93購02  ,0,0,0,0,0,0,0,0,0,10000,0,0,0,10000,0,10000,10000
048458,中磊凱基93購03  ,0,0,0,0,0,0,0,0,0,10000,0,0,0,10000,0,10000,10000
048424,揚明光元富95購01,0,0,0,0,0,0,0,0,0,10000,0,0,0,20000,10000,10000,10000
048455,上緯控凱基94購01,0,0,0,0,0,0,0,0,0,10000,0,0,0,10000,0,10000,10000
048456,利勤凱基95購01  ,0,0,0,0,0,0,0,0,0,10000,0,0,0,10000,0,10000,10000
048197,義隆元大93購04  ,0,0,0,0,0,0,0,0,0,10000,0,0,0,10000,0,10000,10000
048222,台積電凱基93購26,0,0,0,0,0,0,0,0,0,10000,0,0,0,10000,0,10000,10000
048215,A50正2凱基95購01,0,0,0,0,0,0,0,0,0,10000,0,0,0,10000,0,10000,10000
048261,鴻海元富95購01  ,0,0,0,0,0,0,0,0,0,10000,0,0,0,35000,25000,10000,10000
045035,潤泰全群益93購01,0,0,0,0,0,0,0,0,0,10000,0,0,0,10000,0,10000,10000
045032,正崴群益92購01  ,0,0,0,0,0,0,0,0,0,10000,0,0,0,10000,0,10000,10000
045057,麗豐元富92購01  ,0,0,0,0,0,0,0,0,0,10000,0,0,0,10000,0,10000,10000
045091,嘉聯益元大92購02,0,0,0,0,0,0,0,0,0,10000,0,0,0,10000,0,10000,10000
045157,台勝科凱基92購01,0,0,0,0,0,0,0,0,0,10000,0,0,0,30000,20000,10000,10000
045171,可成兆豐92購02  ,0,0,0,0,0,0,0,0,0,10000,0,0,0,10000,0,10000,10000
043748,漢唐元大93購01  ,0,3000,-3000,0,0,0,0,0,0,13000,0,0,0,13000,0,13000,10000
045107,超眾群益92購02  ,0,0,0,0,0,0,0,0,0,10000,0,0,0,70000,60000,10000,10000
045098,世紀鋼元大92購03,0,0,0,0,0,0,0,0,0,10000,0,0,0,10000,0,10000,10000
045109,GIS群益92購01   ,0,0,0,0,0,0,0,0,0,10000,0,0,0,10000,0,10000,10000
045114,玉晶光永豐93購02,0,0,0,0,0,0,0,0,0,10000,0,0,0,10000,0,10000,10000
045129,智邦統一92購01  ,0,0,0,0,0,0,0,0,0,10000,0,0,0,10000,0,10000,10000
043635,南電凱基91購03  ,0,0,0,0,0,0,0,0,0,10000,0,0,0,10000,0,10000,10000
043596,可成元大91購04  ,0,0,0,0,0,0,0,0,0,10000,0,0,0,10000,0,10000,10000
043604,京鼎元大91購02  ,0,0,0,0,0,0,0,0,0,10000,0,0,0,10000,0,10000,10000
043605,創意元大93購01  ,0,0,0,0,0,0,0,0,0,10000,0,0,0,20000,10000,10000,10000
043625,上銀凱基91購03  ,0,0,0,0,0,0,0,0,0,10000,0,0,0,10000,0,10000,10000
043766,矽創元大91購03  ,0,0,0,0,0,0,0,0,0,10000,0,0,0,10000,0,10000,10000
043661,華新科元大93購02,0,0,0,0,0,0,0,0,0,10000,0,0,0,10000,0,10000,10000
043667,智易元大92購01  ,0,0,0,0,0,0,0,0,0,10000,0,0,0,10000,0,10000,10000
043695,臻鼎兆豐92購01  ,0,0,0,0,0,0,0,0,0,10000,0,0,0,10000,0,10000,10000
04474P,聯發科元大94售03,0,0,0,0,0,0,0,0,0,10000,0,0,0,20000,10000,10000,10000
043678,台達電凱基91購02,0,0,0,0,0,0,0,0,0,10000,0,0,0,10000,0,10000,10000
044804,嘉晶凱基91購02  ,0,0,0,0,0,0,0,0,0,10000,0,0,0,20000,10000,10000,10000
044753,智邦凱基91購07  ,0,0,0,0,0,0,0,0,0,10000,0,0,0,10000,0,10000,10000
044769,智邦元大91購03  ,0,0,0,0,0,0,0,0,0,10000,0,0,0,10000,0,10000,10000
043856,GIS富邦92購01   ,0,0,0,0,0,0,0,0,0,10000,0,0,0,10000,0,10000,10000
043872,燿華元大91購01  ,0,0,0,0,0,0,0,0,0,10000,0,0,0,10000,0,10000,10000
043851,國泰金永昌93購01,0,0,0,0,0,0,0,0,0,10000,0,0,0,20000,10000,10000,10000
043883,臻鼎元大91購02  ,0,0,0,0,0,0,0,0,0,10000,0,0,0,20000,10000,10000,10000
045454,上銀元大93購01  ,0,0,0,0,0,0,0,0,0,10000,0,0,0,10000,0,10000,10000
045457,光磊元大93購01  ,0,0,0,0,0,0,0,0,0,10000,0,0,0,10000,0,10000,10000
043911,可成凱基91購05  ,0,0,0,0,0,0,0,0,0,10000,0,0,0,10000,0,10000,10000
043934,致新永豐91購02  ,0,0,0,0,0,0,0,0,0,10000,0,0,0,10000,0,10000,10000
043941,華新科兆豐92購02,0,0,0,0,0,0,0,0,0,10000,0,0,0,10000,0,10000,10000
04408P,台積電統一94售06,0,0,0,0,0,0,0,0,0,10000,0,0,0,170000,160000,10000,10000
044059,南亞科元大91購09,0,0,0,0,0,0,0,0,0,10000,0,0,0,15000,5000,10000,10000
044022,健策凱基93購02  ,0,0,0,0,0,0,0,0,0,10000,0,0,0,10000,0,10000,10000
043997,致新元大91購02  ,0,0,0,0,0,0,0,0,0,10000,0,0,0,10000,0,10000,10000
043980,旺宏元大92購05  ,0,0,0,0,0,0,0,0,0,10000,0,0,0,15000,5000,10000,10000
043951,喬山統一91購03  ,0,0,0,0,0,0,0,0,0,10000,0,0,0,10000,0,10000,10000
043952,喬山統一91購04  ,0,0,0,0,0,0,0,0,0,10000,0,0,0,10000,0,10000,10000
045343,可成凱基92購05  ,0,0,0,0,0,0,0,0,0,10000,0,0,0,10000,0,10000,10000
044816,漢唐兆豐93購02  ,0,0,0,0,0,0,0,0,0,10000,0,0,0,10000,0,10000,10000
044833,亞德客元大91購06,0,0,0,0,0,0,0,0,0,10000,0,0,0,10000,0,10000,10000
044836,宏達電元大93購05,0,0,0,0,0,0,0,0,0,10000,0,0,0,10000,0,10000,10000
04451P,可成凱基94售04  ,0,0,0,0,0,0,0,0,0,10000,0,0,0,30000,20000,10000,10000
04536P,長榮航統一94售01,0,0,0,0,0,0,0,0,0,10000,0,0,0,10000,0,10000,10000
045425,可成凱基92購07  ,0,0,0,0,0,0,0,0,0,10000,0,0,0,10000,0,10000,10000
044492,南亞科元大91購12,0,0,0,0,0,0,0,0,0,10000,0,0,0,10000,0,10000,10000
044484,超眾康和91購01  ,0,0,0,0,0,0,0,0,0,10000,0,0,0,10000,0,10000,10000
044497,嘉澤元大91購04  ,0,0,0,0,0,0,0,0,0,10000,0,0,0,10000,0,10000,10000
044128,欣興凱基92購01  ,0,0,0,0,0,0,0,0,0,10000,0,0,0,10000,0,10000,10000
044131,致伸凱基91購01  ,0,0,0,0,0,0,0,0,0,10000,0,0,0,10000,0,10000,10000
044163,台光電元大92購01,0,0,0,0,0,0,0,0,0,10000,0,0,0,110000,100000,10000,10000
044169,貿聯元大91購04  ,0,0,0,0,0,0,0,0,0,10000,0,0,0,10000,0,10000,10000
04413P,玉晶光元富94售01,0,0,0,0,0,0,0,0,0,10000,0,0,0,10000,0,10000,10000
045506,麗豐凱基92購02  ,0,0,0,0,0,0,0,0,0,10000,0,0,0,10000,0,10000,10000
044580,中磊凱基91購04  ,0,0,0,0,0,0,0,0,0,10000,0,0,0,10000,0,10000,10000
044571,南亞科凱基91購11,0,0,0,0,0,0,0,0,0,10000,0,0,0,10000,0,10000,10000
044669,A50正2富邦91購01,0,0,0,0,0,0,0,0,0,10000,0,0,0,10000,0,10000,10000
044703,緯創元大91購03  ,0,0,0,0,0,0,0,0,0,10000,0,0,0,10000,0,10000,10000
043521,京元電元大91購02,0,0,0,0,0,0,0,0,0,10000,0,0,0,10000,0,10000,10000
043512,台積電富邦91購01,0,0,0,0,0,0,0,0,0,10000,0,0,0,10000,0,10000,10000
044634,致新元大91購03  ,0,0,0,0,0,0,0,0,0,10000,0,0,0,10000,0,10000,10000
043532,中磊元大91購01  ,0,0,0,0,0,0,0,0,0,10000,0,0,0,10000,0,10000,10000
044983,玉晶光國票93購01,0,0,0,0,0,0,0,0,0,10000,0,0,0,10000,0,10000,10000
044952,旺宏日盛92購01  ,0,0,0,0,0,0,0,0,0,10000,0,0,0,10000,0,10000,10000
044916,美律永豐91購03  ,0,0,0,0,0,0,0,0,0,10000,0,0,0,10000,0,10000,10000
044922,玉晶光永豐93購01,0,0,0,0,0,0,0,0,0,10000,0,0,0,10000,0,10000,10000
047203,TPK元富93購02   ,0,0,0,0,0,0,0,0,0,10000,0,0,0,20000,10000,10000,10000
046459,大立光凱基92購12,0,0,0,0,0,0,0,0,0,10000,0,0,0,10000,0,10000,10000
045553,華邦電國票92購02,0,0,0,0,0,0,0,0,0,10000,0,0,0,10000,0,10000,10000
045518,可成元富92購01  ,0,0,0,0,0,0,0,0,0,10000,0,0,0,10000,0,10000,10000
047965,景碩中信93購01  ,0,0,0,0,0,0,0,0,0,10000,0,0,0,34000,24000,10000,10000
04754P,宏達電元富94售02,0,0,0,0,0,0,0,0,0,10000,0,0,0,10000,0,10000,10000
047599,大立光統一93購08,0,0,0,0,0,0,0,0,0,10000,0,0,0,10000,0,10000,10000
047570,元上證群益93購02,0,0,0,0,0,0,0,0,0,10000,0,0,0,20000,10000,10000,10000
047622,中磊凱基93購02  ,0,0,0,0,0,0,0,0,0,10000,0,0,0,20000,10000,10000,10000
048014,貿聯國票93購03  ,0,0,0,0,0,0,0,0,0,10000,0,0,0,10000,0,10000,10000
047223,台積電凱基93購13,0,0,0,0,0,0,0,0,0,10000,0,0,0,10000,0,10000,10000
048052,力成中信93購01  ,0,0,0,0,0,0,0,0,0,10000,0,0,0,10000,0,10000,10000
045619,強茂永豐92購01  ,0,0,0,0,0,0,0,0,0,10000,0,0,0,10000,0,10000,10000
045637,可成凱基92購08  ,0,0,0,0,0,0,0,0,0,10000,0,0,0,10000,0,10000,10000
046515,嘉澤元大92購04  ,0,0,0,0,0,0,0,0,0,10000,0,0,0,10000,0,10000,10000
046559,台積電凱基92購23,0,0,0,0,0,0,0,0,0,10000,0,0,0,12000,2000,10000,10000
046564,聯詠凱基92購09  ,0,0,0,0,0,0,0,0,0,10000,0,0,0,45000,35000,10000,10000
048695,滬深2X國票95購03,0,0,0,0,0,0,0,0,0,10000,0,0,0,30000,20000,10000,10000
052954,大成鋼日盛96購01,0,0,0,0,0,0,0,0,0,10000,0,0,0,10000,0,10000,10000
048589,國巨兆豐96購01  ,0,0,0,0,0,0,0,0,0,10000,0,0,0,12000,2000,10000,10000
048625,GIS台新93購01   ,0,0,0,0,0,0,0,0,0,10000,0,0,0,10000,0,10000,10000
048632,大成鋼元大93購02,0,0,0,0,0,0,0,0,0,10000,0,0,0,10000,0,10000,10000
048742,瀚宇博統一94購01,0,0,0,0,0,0,0,0,0,10000,0,0,0,20000,10000,10000,10000
048732,台勝科麥證95購01,0,0,0,10000,0,10000,0,0,0,10000,0,0,0,10000,0,10000,10000
048573,世紀鋼元大93購05,0,0,0,0,0,0,0,0,0,10000,0,0,0,11000,1000,10000,10000
045847,智伸科康和92購01,0,0,0,0,0,0,0,0,0,10000,0,0,0,10000,0,10000,10000
045886,華邦電元大92購04,0,0,0,0,0,0,0,0,0,10000,0,0,0,20000,10000,10000,10000
045875,仁寶元富92購01  ,0,0,0,0,0,0,0,0,0,10000,0,0,0,10000,0,10000,10000
045889,宏盛元大92購01  ,0,0,0,0,0,0,0,0,0,10000,0,0,0,10000,0,10000,10000
046039,新日興元大92購02,0,0,0,0,0,0,0,0,0,10000,0,0,0,130000,120000,10000,10000
045672,台積電元大92購15,0,0,0,0,0,0,0,0,0,10000,0,0,0,10000,0,10000,10000
046002,美律統一93購01  ,0,0,0,0,0,0,0,0,0,10000,0,0,0,50000,40000,10000,10000
052880,台積電凱基96購06,0,0,0,0,0,0,0,0,0,10000,0,0,0,30000,20000,10000,10000
052941,康控兆豐97購01  ,0,0,0,0,0,0,0,0,0,10000,0,0,0,10000,0,10000,10000
046199,致伸凱基92購05  ,0,0,0,0,0,0,0,0,0,10000,0,0,0,10000,0,10000,10000
046200,上海銀凱基93購01,0,0,0,0,0,0,0,0,0,10000,0,0,0,33000,23000,10000,10000
04696P,亞德客國泰95售02,0,0,0,0,0,0,0,0,0,10000,0,0,0,50000,40000,10000,10000
046966,南茂中信93購01  ,0,0,0,0,0,0,0,0,0,10000,0,0,0,10000,0,10000,10000
047725,廣達群益93購01  ,0,0,0,0,0,0,0,0,0,10000,0,0,0,50000,40000,10000,10000
046148,友達中信94購01  ,0,0,0,0,0,0,0,0,0,10000,0,0,0,20000,10000,10000,10000
046132,致新元大92購01  ,0,1000,-1000,0,0,0,0,0,0,11000,0,0,0,12000,1000,11000,10000
046114,燿華元大92購04  ,0,0,0,0,0,0,0,0,0,10000,0,0,0,13000,3000,10000,10000
046161,易華電群益93購02,0,0,0,0,0,0,0,0,0,10000,0,0,0,10000,0,10000,10000
04814P,健策元大96售01  ,0,0,0,0,0,0,0,0,0,10000,0,0,0,10000,0,10000,10000
048500,樺漢元大93購03  ,0,0,0,0,0,0,0,0,0,10000,0,0,0,10000,0,10000,10000
048486,傳奇國泰95購01  ,0,0,0,0,0,0,0,0,0,10000,0,0,0,15000,5000,10000,10000
047826,台泥元大93購01  ,0,0,0,0,0,0,0,0,0,10000,0,0,0,10000,0,10000,10000
047829,旺宏元大93購06  ,0,0,0,0,0,0,0,0,0,10000,0,0,0,39000,29000,10000,10000
047107,上銀元大93購04  ,0,0,0,0,0,0,0,0,0,10000,0,0,0,70000,60000,10000,10000
047093,寶成元富93購01  ,0,0,0,0,0,0,0,0,0,10000,0,0,0,10000,0,10000,10000
046307,瑞昱元大92購03  ,0,0,0,0,0,0,0,0,0,10000,0,0,0,10000,0,10000,10000
046287,禾伸堂兆豐92購01,0,0,0,0,0,0,0,0,0,10000,0,0,0,10000,0,10000,10000
046301,亞泥元大92購02  ,0,0,0,0,0,0,0,0,0,10000,0,0,0,10000,0,10000,10000
046263,智邦凱基92購05  ,0,0,0,0,0,0,0,0,0,10000,0,0,0,10000,0,10000,10000
046285,國巨兆豐93購01  ,0,0,0,0,0,0,0,0,0,10000,0,0,0,10000,0,10000,10000
047453,電子類元大93購04,0,0,0,0,0,0,0,0,0,10000,0,0,0,10000,0,10000,10000
047433,鴻海元大93購16  ,0,0,0,0,0,0,0,0,0,10000,0,0,0,156000,146000,10000,10000
045723,利勤凱基92購01  ,0,0,0,0,0,0,0,0,0,10000,0,0,0,10000,0,10000,10000
047468,為升中信95購01  ,0,0,0,0,0,0,0,0,0,10000,0,0,0,10000,0,10000,10000
047478,旺宏凱基93購04  ,0,0,0,0,0,0,0,0,0,10000,0,0,0,10000,0,10000,10000
047480,全新凱基93購01  ,0,0,0,0,0,0,0,0,0,10000,0,0,0,10000,0,10000,10000
047933,瑞儀凱基93購06  ,0,0,0,0,0,0,0,0,0,10000,0,0,0,10000,0,10000,10000
047924,可成凱基93購10  ,0,0,0,0,0,0,0,0,0,10000,0,0,0,10000,0,10000,10000
047175,台塑元大93購01  ,0,0,0,0,0,0,0,0,0,10000,0,0,0,10000,0,10000,10000
046894,日月光群益93購01,0,0,0,0,0,0,0,0,0,10000,0,0,0,30000,20000,10000,10000
047122,康友元大93購02  ,0,0,0,0,0,0,0,0,0,10000,0,0,0,34000,24000,10000,10000
047133,旺宏凱基93購03  ,0,0,0,0,0,0,0,0,0,10000,0,0,0,10000,0,10000,10000
046748,喬山凱基93購01  ,0,0,0,0,0,0,0,0,0,10000,0,0,0,10000,0,10000,10000
046708,寶齡永豐93購01  ,0,0,0,0,0,0,0,0,0,10000,0,0,0,10000,0,10000,10000
046873,可成元富93購01  ,0,0,0,0,0,0,0,0,0,10000,0,0,0,10000,0,10000,10000
04683P,南亞科元大94售04,0,0,0,0,0,0,0,0,0,10000,0,0,0,10000,0,10000,10000
046831,大立光群益94購01,0,0,0,0,0,0,0,0,0,10000,0,0,0,16000,6000,10000,10000
046820,大立光凱基93購15,0,0,0,0,0,0,0,0,0,10000,0,0,0,10000,0,10000,10000
046659,瑞昱元大93購02  ,0,0,0,0,0,0,0,0,0,10000,0,0,0,10000,0,10000,10000
046401,華泰元大92購02  ,0,0,0,0,0,0,0,0,0,10000,0,0,0,10000,0,10000,10000
046326,智伸科元大92購03,0,0,0,0,0,0,0,0,0,10000,0,0,0,10000,0,10000,10000
046065,益航凱基93購02  ,0,0,0,0,0,0,0,0,0,10000,0,0,0,10000,0,10000,10000
047864,信邦康和93購01  ,0,0,0,0,0,0,0,0,0,10000,0,0,0,10000,0,10000,10000
047852,矽創元富93購01  ,0,0,0,0,0,0,0,0,0,10000,0,0,0,10000,0,10000,10000
046046,世紀鋼元大93購03,0,0,0,0,0,0,0,0,0,10000,0,0,0,10000,0,10000,10000
049110,臻鼎富邦94購01  ,0,0,0,0,0,0,0,0,0,10000,0,0,0,10000,0,10000,10000
049103,易華電國泰96購01,0,0,0,0,0,0,0,0,0,10000,0,0,0,10000,0,10000,10000
049031,矽格群益94購01  ,0,0,0,0,0,0,0,0,0,10000,0,0,0,15000,5000,10000,10000
049328,元上證統一94購01,0,0,0,0,0,0,0,0,0,10000,0,0,0,10000,0,10000,10000
049337,台達電統一94購03,0,0,0,0,0,0,0,0,0,10000,0,0,0,20000,10000,10000,10000
049338,台達電統一94購04,0,0,0,0,0,0,0,0,0,10000,0,0,0,10000,0,10000,10000
049265,揚明光元大94購03,0,0,0,0,0,0,0,0,0,10000,0,0,0,90000,80000,10000,10000
049182,新唐凱基94購01  ,0,0,0,0,0,0,0,0,0,10000,0,0,0,10000,0,10000,10000
049206,大立光群益94購04,0,0,0,0,0,0,0,0,0,10000,0,0,0,251000,241000,10000,10000
049215,國巨國票94購03  ,0,0,0,0,0,0,0,0,0,10000,0,0,0,10000,0,10000,10000
049456,上海銀統一94購03,0,0,0,0,0,0,0,0,0,10000,0,0,0,24000,14000,10000,10000
049445,遠東新統一94購01,0,0,0,0,0,0,0,0,0,10000,0,0,0,10000,0,10000,10000
049483,台積電元大94購12,0,0,0,0,0,0,0,0,0,10000,0,0,0,10000,0,10000,10000
049485,台積電元大96購03,0,0,0,0,0,0,0,0,0,10000,0,0,0,10000,0,10000,10000
048986,訊連元大94購01  ,0,0,0,0,0,0,0,0,0,10000,0,0,0,10000,0,10000,10000
04886P,臺股指凱基94售20,0,0,0,0,0,0,0,0,0,10000,0,0,0,105000,95000,10000,10000
049564,聯電統一94購03  ,0,0,0,0,0,0,0,0,0,10000,0,0,0,10000,0,10000,10000
049569,光磊統一94購02  ,0,0,0,0,0,0,0,0,0,10000,0,0,0,30000,20000,10000,10000
049647,美食凱基94購01  ,0,0,0,0,0,0,0,0,0,10000,0,0,0,10000,0,10000,10000
049707,華通麥證94購02  ,0,0,0,10000,0,10000,0,0,0,10000,0,0,0,10000,0,10000,10000
049801,可成元大94購09  ,0,0,0,0,0,0,0,0,0,10000,0,0,0,10000,0,10000,10000
049802,可成元大94購10  ,0,0,0,0,0,0,0,0,0,10000,0,0,0,30000,20000,10000,10000
049786,奇鋐兆豐94購01  ,0,0,0,0,0,0,0,0,0,10000,0,0,0,10000,0,10000,10000
050039,鴻海中信94購03  ,0,0,0,0,0,0,0,0,0,10000,0,0,0,20000,10000,10000,10000
050068,美食凱基94購03  ,0,0,0,0,0,0,0,0,0,10000,0,0,0,10000,0,10000,10000
050126,國巨凱基94購08  ,0,0,0,0,0,0,0,0,0,10000,0,0,0,10000,0,10000,10000
050116,嘉澤元大94購03  ,0,0,0,0,0,0,0,0,0,10000,0,0,0,10000,0,10000,10000
050090,鈺齊康和94購01  ,0,0,0,0,0,0,0,0,0,10000,0,0,0,10000,0,10000,10000
050195,上海銀元大94購03,0,0,0,0,0,0,0,0,0,10000,0,0,0,10000,0,10000,10000
050568,為升中信97購01  ,0,0,0,0,0,0,0,0,0,10000,0,0,0,10000,0,10000,10000
050628,美律中信94購02  ,0,0,0,0,0,0,0,0,0,10000,0,0,0,30000,20000,10000,10000
050617,神基元大94購01  ,0,0,0,0,0,0,0,0,0,10000,0,0,0,110000,100000,10000,10000
050622,昇陽半元大94購05,0,0,0,0,0,0,0,0,0,10000,0,0,0,35000,25000,10000,10000
050612,台積電元大95購06,0,0,0,0,0,0,0,0,0,10000,0,0,0,10000,0,10000,10000
050655,中磊凱基96購01  ,0,0,0,0,0,0,0,0,0,10000,0,0,0,10000,0,10000,10000
050702,崇越凱基94購01  ,0,0,0,0,0,0,0,0,0,10000,0,0,0,10000,0,10000,10000
050690,台達電凱基96購01,0,0,0,0,0,0,0,0,0,10000,0,0,0,10000,0,10000,10000
050838,為升國票96購01  ,0,0,0,0,0,0,0,0,0,10000,0,0,0,10000,0,10000,10000
050821,國泰金凱基95購01,0,0,0,0,0,0,0,0,0,10000,0,0,0,45000,35000,10000,10000
050825,嘉澤凱基95購01  ,0,0,0,0,0,0,0,0,0,10000,0,0,0,64000,54000,10000,10000
050829,臻鼎凱基96購01  ,0,0,0,0,0,0,0,0,0,10000,0,0,0,10000,0,10000,10000
050810,鴻海凱基95購09  ,0,0,0,0,0,0,0,0,0,10000,0,0,0,111000,101000,10000,10000
050815,南亞科凱基95購01,0,0,0,0,0,0,0,0,0,10000,0,0,0,14000,4000,10000,10000
050369,台積電元大94購23,0,0,0,0,0,0,0,0,0,10000,0,0,0,10000,0,10000,10000
050343,鴻海元富94購01  ,0,0,0,0,0,0,0,0,0,10000,0,0,0,20000,10000,10000,10000
050344,鴻海元富96購01  ,0,0,0,0,0,0,0,0,0,10000,0,0,0,34000,24000,10000,10000
050284,台泥凱基94購01  ,0,0,0,0,0,0,0,0,0,10000,0,0,0,10000,0,10000,10000
050249,瑞儀凱基94購01  ,0,0,0,0,0,0,0,0,0,10000,0,0,0,10000,0,10000,10000
050250,台郡凱基94購03  ,0,0,0,0,0,0,0,0,0,10000,0,0,0,10000,0,10000,10000
050239,廣達凱基94購01  ,0,0,0,0,0,0,0,0,0,10000,0,0,0,10000,0,10000,10000
050538,鴻海凱基95購06  ,0,0,0,0,0,0,0,0,0,10000,0,0,0,32000,22000,10000,10000
050547,華新科凱基95購01,0,0,0,0,0,0,0,0,0,10000,0,0,0,106000,96000,10000,10000
050515,聯電元大96購01  ,0,0,0,0,0,0,0,0,0,10000,0,0,0,10000,0,10000,10000
050441,和碩凱基94購01  ,0,0,0,0,0,0,0,0,0,10000,0,0,0,30000,20000,10000,10000
050437,聯詠凱基94購04  ,0,0,0,0,0,0,0,0,0,10000,0,0,0,45000,35000,10000,10000
050430,京元電凱基94購03,0,0,0,0,0,0,0,0,0,10000,0,0,0,10000,0,10000,10000
051254,健策元大96購04  ,0,0,0,0,0,0,0,0,0,10000,0,0,0,10000,0,10000,10000
051205,華新科麥證95購02,0,0,0,10000,0,10000,0,0,0,10000,0,0,0,10000,0,10000,10000
051271,華新科群益95購04,0,0,0,0,0,0,0,0,0,10000,0,0,0,11000,1000,10000,10000
051318,上銀國票96購01  ,0,0,0,0,0,0,0,0,0,10000,0,0,0,50000,40000,10000,10000
051335,華固永豐95購01  ,0,0,0,0,0,0,0,0,0,10000,0,0,0,10000,0,10000,10000
051409,美律國票96購01  ,0,0,0,0,0,0,0,0,0,10000,0,0,0,10000,0,10000,10000
051360,緯創元大95購03  ,0,0,0,0,0,0,0,0,0,10000,0,0,0,10000,0,10000,10000
051445,可成元大95購06  ,0,0,0,0,0,0,0,0,0,10000,0,0,0,40000,30000,10000,10000
051436,訊芯元富95購01  ,0,0,0,0,0,0,0,0,0,10000,0,0,0,10000,0,10000,10000
051197,光寶科麥證95購01,0,0,0,10000,0,10000,0,0,0,10000,0,0,0,10000,0,10000,10000
050949,亞光群益96購01  ,0,0,0,0,0,0,0,0,0,10000,0,0,0,10000,0,10000,10000
05094P,大立光元大95售07,0,0,0,0,0,0,0,0,0,10000,0,0,0,21000,11000,10000,10000
05087P,GIS國泰96售01   ,0,0,0,0,0,0,0,0,0,10000,0,0,0,31000,21000,10000,10000
051025,晶華統一95購01  ,0,0,0,0,0,0,0,0,0,10000,0,0,0,10000,0,10000,10000
050974,大成鋼統一95購01,0,0,0,0,0,0,0,0,0,10000,0,0,0,25000,15000,10000,10000
5706,鳳凰            ,11000,1000,10000,0,0,0,0,0,0,0,0,0,0,0,0,0,10000
6581,鋼聯            ,12000,2000,10000,0,0,0,0,0,0,0,0,0,0,0,0,0,10000
6205,詮欣            ,10000,0,10000,0,0,0,0,0,0,0,0,0,0,0,0,0,10000
9912,偉聯            ,10000,0,10000,0,0,0,0,0,0,0,0,0,0,0,0,0,10000
8103,瀚荃            ,13000,3000,10000,0,0,0,0,0,0,0,0,0,0,0,0,0,10000
053536,明泰永豐96購01  ,0,0,0,0,0,0,0,0,0,10000,0,0,0,10000,0,10000,10000
053514,麗豐群益96購01  ,0,0,0,0,0,0,0,0,0,10000,0,0,0,10000,0,10000,10000
053497,新光金兆豐97購01,0,0,0,0,0,0,0,0,0,10000,0,0,0,10000,0,10000,10000
053498,大立光兆豐96購03,0,0,0,0,0,0,0,0,0,10000,0,0,0,10000,0,10000,10000
05349P,可成元富98售03  ,0,0,0,0,0,0,0,0,0,10000,0,0,0,10000,0,10000,10000
053454,創意統一96購02  ,0,0,0,0,0,0,0,0,0,10000,0,0,0,10000,0,10000,10000
053638,信邦永豐96購01  ,0,0,0,0,0,0,0,0,0,10000,0,0,0,166000,156000,10000,10000
05368P,可成元富95售03  ,0,0,0,0,0,0,0,0,0,10000,0,0,0,10000,0,10000,10000
053555,日月光凱基97購01,0,0,0,0,0,0,0,0,0,10000,0,0,0,10000,0,10000,10000
054211,奇鋐國票97購03  ,0,0,0,0,0,0,0,0,0,10000,0,0,0,20000,10000,10000,10000
054259,健策元大97購03  ,0,0,0,0,0,0,0,0,0,10000,0,0,0,132000,122000,10000,10000
054307,高鐵凱基98購01  ,0,0,0,0,0,0,0,0,0,10000,0,0,0,10000,0,10000,10000
054098,嘉晶國票97購04  ,0,0,0,0,0,0,0,0,0,10000,0,0,0,44000,34000,10000,10000
054092,大立光群益97購01,0,0,0,0,0,0,0,0,0,10000,0,0,0,12000,2000,10000,10000
054144,康控元大97購02  ,0,0,0,0,0,0,0,0,0,10000,0,0,0,15000,5000,10000,10000
053721,國泰金凱基97購01,0,0,0,0,0,0,0,0,0,10000,0,0,0,10000,0,10000,10000
053877,奇力新亞東96購01,0,0,0,0,0,0,0,0,0,10000,0,0,0,10000,0,10000,10000
053878,台表科亞東96購01,0,0,0,0,0,0,0,0,0,10000,0,0,0,20000,10000,10000,10000
053917,友達國票97購03  ,0,0,0,0,0,0,0,0,0,10000,0,0,0,10000,0,10000,10000
053926,晶相光國票97購01,0,0,0,0,0,0,0,0,0,10000,0,0,0,269000,259000,10000,10000
053942,超眾國泰96購02  ,0,0,0,0,0,0,0,0,0,10000,0,0,0,20000,10000,10000,10000
054418,茂林元大97購01  ,0,0,0,0,0,0,0,0,0,10000,0,0,0,10000,0,10000,10000
054501,強茂永豐96購02  ,0,0,0,0,0,0,0,0,0,10000,0,0,0,10000,0,10000,10000
05559P,臺股指麥證96售01,0,0,0,62000,52000,10000,0,0,0,10000,0,0,0,62000,52000,10000,10000
05484P,台積電凱基95售18,0,0,0,0,0,0,0,0,0,10000,0,0,0,10000,0,10000,10000
05863P,滬深2X元大96售09,0,0,0,0,0,0,0,0,0,10000,0,0,0,10000,0,10000,10000
3515,華擎            ,50000,102000,-52000,0,0,0,68000,0,68000,-7000,2000,1000,1000,0,8000,-8000,9000
3528,安馳            ,9000,0,9000,0,0,0,0,0,0,0,0,0,0,0,0,0,9000
2540,愛山林          ,10000,1000,9000,0,0,0,0,0,0,0,0,0,0,0,0,0,9000
2546,根基            ,17000,7000,10000,0,0,0,0,0,0,-1000,0,1000,-1000,0,0,0,9000
2816,旺旺保          ,25000,16000,9000,0,0,0,0,0,0,0,0,0,0,0,0,0,9000
2881B,富邦金乙特      ,0,0,0,0,0,0,0,0,0,9000,9000,0,9000,0,0,0,9000
2114,鑫永銓          ,10000,1000,9000,0,0,0,0,0,0,0,0,0,0,0,0,0,9000
1529,樂士            ,10000,1000,9000,0,0,0,0,0,0,0,0,0,0,0,0,0,9000
1443,立益            ,9000,0,9000,0,0,0,0,0,0,0,0,0,0,0,0,0,9000
1503,士電            ,24000,12000,12000,0,0,0,0,0,0,-3000,0,3000,-3000,0,0,0,9000
1307,三芳            ,28000,19000,9000,0,0,0,0,0,0,0,0,0,0,0,0,0,9000
053098,國巨元富96購04  ,0,0,0,0,0,0,0,0,0,9000,0,0,0,469000,460000,9000,9000
044905,欣興凱基91購07  ,0,0,0,0,0,0,0,0,0,9000,0,0,0,10000,1000,9000,9000
044486,臺股指康和91購02,0,0,0,0,0,0,0,0,0,9000,0,0,0,9000,0,9000,9000
045417,華新凱基93購01  ,0,0,0,0,0,0,0,0,0,9000,0,0,0,9000,0,9000,9000
043730,旭富國泰93購01  ,0,0,0,0,0,0,0,0,0,9000,0,0,0,14000,5000,9000,9000
045082,聯詠元大92購01  ,0,0,0,0,0,0,0,0,0,9000,0,0,0,10000,1000,9000,9000
048249,嘉澤兆豐94購01  ,0,0,0,0,0,0,0,0,0,9000,0,0,0,9000,0,9000,9000
048374,味全元富94購01  ,0,0,0,0,0,0,0,0,0,9000,0,0,0,15000,6000,9000,9000
048321,欣興凱基93購03  ,0,0,0,0,0,0,0,0,0,9000,0,0,0,10000,1000,9000,9000
03826P,瀚宇博元大95售01,0,0,0,0,0,0,0,0,0,9000,0,0,0,9000,0,9000,9000
00685L,群益臺灣加權正2 ,12000,5000,7000,0,0,0,0,0,0,2000,0,0,0,14000,12000,2000,9000
044380,燿華群益91購01  ,0,0,0,0,0,0,0,0,0,9000,0,0,0,9000,0,9000,9000
042126,欣興統一92購01  ,0,0,0,0,0,0,0,0,0,9000,0,0,0,30000,21000,9000,9000
046677,矽創元大93購03  ,0,0,0,0,0,0,0,0,0,9000,0,0,0,9000,0,9000,9000
04633P,旺宏群益96售04  ,0,0,0,0,0,0,0,0,0,9000,0,0,0,29000,20000,9000,9000
046816,智邦凱基93購02  ,0,0,0,0,0,0,0,0,0,9000,0,0,0,83000,74000,9000,9000
046828,聯發科群益94購01,0,0,0,0,0,0,0,0,0,9000,0,0,0,15000,6000,9000,9000
04687P,全新凱基94售02  ,0,0,0,0,0,0,0,0,0,9000,0,0,0,10000,1000,9000,9000
046625,勤誠凱基93購01  ,0,0,0,0,0,0,0,0,0,9000,0,0,0,10000,1000,9000,9000
046295,超眾統一92購01  ,0,0,0,0,0,0,0,0,0,9000,0,0,0,79000,70000,9000,9000
048489,明泰富邦93購01  ,0,0,0,0,0,0,0,0,0,9000,0,0,0,10000,1000,9000,9000
04809P,台光電群益94售04,0,0,0,0,0,0,0,0,0,9000,0,0,0,341000,332000,9000,9000
046126,致伸元大92購05  ,0,0,0,0,0,0,0,0,0,9000,0,0,0,9000,0,9000,9000
046183,瑞昱凱基92購02  ,0,0,0,0,0,0,0,0,0,9000,0,0,0,10000,1000,9000,9000
045830,亞德客群益92購02,0,0,0,0,0,0,0,0,0,9000,0,0,0,32000,23000,9000,9000
048072,GIS元富93購05   ,0,0,0,0,0,0,0,0,0,9000,0,0,0,9000,0,9000,9000
047485,景碩凱基94購01  ,0,0,0,0,0,0,0,0,0,9000,0,0,0,10000,1000,9000,9000
046477,台積電統一94購02,0,0,0,0,0,0,0,0,0,9000,0,0,0,10000,1000,9000,9000
050978,鴻海元富95購03  ,0,0,0,0,0,0,0,0,0,9000,0,0,0,269000,260000,9000,9000
050987,台泥富邦95購01  ,0,0,0,0,0,0,0,0,0,9000,0,0,0,40000,31000,9000,9000
051162,楠梓電元大95購01,0,0,0,0,0,0,0,0,0,9000,0,0,0,11000,2000,9000,9000
050439,新日興凱基94購01,0,0,0,0,0,0,0,0,0,9000,0,0,0,92000,83000,9000,9000
050525,嘉晶元大95購02  ,0,0,0,0,0,0,0,0,0,9000,0,0,0,164000,155000,9000,9000
050845,奇鋐國票95購02  ,0,0,0,0,0,0,0,0,0,9000,0,0,0,10000,1000,9000,9000
050107,鴻海元大94購12  ,0,0,0,0,0,0,0,0,0,9000,0,0,0,26000,17000,9000,9000
049952,強茂群益94購01  ,0,0,0,0,0,0,0,0,0,9000,0,0,0,10000,1000,9000,9000
049019,美律群益94購02  ,0,0,0,0,0,0,0,0,0,9000,0,0,0,79000,70000,9000,9000
08943P,嘉晶國票03售01  ,0,0,0,0,0,0,0,0,0,9000,0,0,0,9000,0,9000,9000
05505P,聯發科凱基96售09,0,0,0,0,0,0,0,0,0,9000,0,0,0,10000,1000,9000,9000
05820P,臺股指凱基96售17,0,0,0,0,0,0,0,0,0,9000,0,0,0,93000,84000,9000,9000
053745,康友國票97購01  ,0,0,0,0,0,0,0,0,0,9000,0,0,0,33000,24000,9000,9000
053758,華新科國泰97購02,0,0,0,0,0,0,0,0,0,9000,0,0,0,9000,0,9000,9000
054064,台郡國票97購04  ,0,0,0,0,0,0,0,0,0,9000,0,0,0,66000,57000,9000,9000
054032,上銀中信96購01  ,0,0,0,0,0,0,0,0,0,9000,0,0,0,9000,0,9000,9000
054273,宏達電中信98購01,0,0,0,0,0,0,0,0,0,9000,0,0,0,9000,0,9000,9000
8374,羅昇            ,23000,14000,9000,0,0,0,0,0,0,0,0,0,0,0,0,0,9000
6573,虹揚-KY         ,17000,8000,9000,0,0,0,0,0,0,0,0,0,0,0,0,0,9000
6655,科定            ,9000,0,9000,0,0,0,0,0,0,0,0,0,0,0,0,0,9000
4571,鈞興-KY         ,9000,0,9000,0,0,0,0,0,0,0,0,0,0,0,0,0,9000
4106,雃博            ,13000,4000,9000,0,0,0,0,0,0,0,0,0,0,0,0,0,9000
05274P,嘉聯益亞東95售01,0,0,0,0,0,0,0,0,0,8000,0,0,0,8000,0,8000,8000
053375,鴻海元大96購18  ,0,0,0,0,0,0,0,0,0,8000,0,0,0,388000,380000,8000,8000
1525,江申            ,8000,0,8000,0,0,0,0,0,0,0,0,0,0,0,0,0,8000
2013,中鋼構          ,33000,23000,10000,0,0,0,0,0,0,-2000,0,2000,-2000,0,0,0,8000
2731,雄獅            ,48000,40000,8000,0,0,0,0,0,0,0,0,0,0,0,0,0,8000
2832,台產            ,37000,29000,8000,0,0,0,0,0,0,0,0,0,0,0,0,0,8000
2910,統領            ,9000,1000,8000,0,0,0,0,0,0,0,0,0,0,0,0,0,8000
052076,可成元富98購01  ,0,0,0,0,0,0,0,0,0,8000,0,0,0,10000,2000,8000,8000
051981,南茂凱基96購01  ,0,0,0,0,0,0,0,0,0,8000,0,0,0,8000,0,8000,8000
052537,力成富邦95購01  ,0,0,0,0,0,0,0,0,0,8000,0,0,0,8000,0,8000,8000
052520,南亞科元大95購06,0,0,0,0,0,0,0,0,0,8000,0,0,0,8000,0,8000,8000
052336,矽力日盛95購01  ,0,0,0,0,0,0,0,0,0,8000,0,0,0,28000,20000,8000,8000
052388,旺宏群益96購05  ,0,0,0,0,0,0,0,0,0,8000,0,0,0,8000,0,8000,8000
044298,南電凱基93購01  ,0,0,0,0,0,0,0,0,0,8000,0,0,0,18000,10000,8000,8000
045314,國巨國票92購01  ,0,0,0,0,0,0,0,0,0,8000,0,0,0,8000,0,8000,8000
039726,台積電群益91購01,0,0,0,0,0,0,0,0,0,8000,0,0,0,8000,0,8000,8000
04094P,臺股指國票93售01,0,0,0,0,0,0,0,0,0,8000,0,0,0,8000,0,8000,8000
00668,國泰美國道瓊    ,0,2000,-2000,0,0,0,0,0,0,10000,0,0,0,12000,2000,10000,8000
00689R,國泰20年美債反1 ,0,0,0,0,0,0,0,0,0,8000,0,0,0,108000,100000,8000,8000
03033X,元展30          ,0,0,0,0,0,0,0,0,0,8000,0,0,0,10000,2000,8000,8000
042977,京元電凱基92購01,0,0,0,0,0,0,0,0,0,8000,0,0,0,10000,2000,8000,8000
042929,台積電中信95購02,0,0,0,0,0,0,0,0,0,8000,0,0,0,8000,0,8000,8000
04276P,聯發科凱基93售33,0,0,0,0,0,0,0,0,0,8000,0,0,0,20000,12000,8000,8000
048384,遠東新國票94購01,0,0,0,0,0,0,0,0,0,8000,0,0,0,8000,0,8000,8000
045086,玉晶光元大94購02,0,0,0,0,0,0,0,0,0,8000,0,0,0,49000,41000,8000,8000
043728,美律國泰93購01  ,0,0,0,0,0,0,0,0,0,8000,0,0,0,53000,45000,8000,8000
044094,南亞科統一92購01,0,0,0,0,0,0,0,0,0,8000,0,0,0,43000,35000,8000,8000
044930,元黃金富邦93購01,0,0,0,0,0,0,0,0,0,8000,0,0,0,10000,2000,8000,8000
044963,台積電中信96購01,0,0,0,0,0,0,0,0,0,8000,0,0,0,38000,30000,8000,8000
046443,超眾兆豐93購01  ,0,0,0,0,0,0,0,0,0,8000,0,0,0,10000,2000,8000,8000
047532,上海銀元大93購02,0,0,0,0,0,0,0,0,0,8000,0,0,0,10000,2000,8000,8000
048085,鴻海凱基93購32  ,0,0,0,0,0,0,0,0,0,8000,0,0,0,70000,62000,8000,8000
04655P,臺股指凱基94售14,0,0,0,0,0,0,0,0,0,8000,0,0,0,791000,783000,8000,8000
04594P,緯穎元大94售04  ,0,0,0,0,0,0,0,0,0,8000,0,0,0,27000,19000,8000,8000
048639,漢唐元大93購07  ,0,0,0,0,0,0,0,0,0,8000,0,0,0,10000,2000,8000,8000
046195,聯詠凱基92購08  ,0,0,0,0,0,0,0,0,0,8000,0,0,0,8000,0,8000,8000
047719,聯茂凱基94購01  ,0,0,0,0,0,0,0,0,0,8000,0,0,0,8000,0,8000,8000
046305,台積電元大92購27,0,0,0,0,0,0,0,0,0,8000,0,0,0,8000,0,8000,8000
046317,亞光元大92購04  ,0,0,0,0,0,0,0,0,0,8000,0,0,0,8000,0,8000,8000
046628,大立光統一98購01,0,0,0,0,0,0,0,0,0,8000,0,0,0,15000,7000,8000,8000
047456,力山群益93購02  ,0,0,0,0,0,0,0,0,0,8000,0,0,0,8000,0,8000,8000
047180,台積電元大93購18,0,0,0,0,0,0,0,0,0,8000,0,0,0,8000,0,8000,8000
046738,台積電群益93購05,0,0,0,0,0,0,0,0,0,8000,0,0,0,9000,1000,8000,8000
046352,智邦群益92購02  ,0,0,0,0,0,0,0,0,0,8000,0,0,0,19000,11000,8000,8000
049554,禾伸堂富邦96購01,0,0,0,0,0,0,0,0,0,8000,0,0,0,219000,211000,8000,8000
049385,茂林元大94購03  ,0,0,0,0,0,0,0,0,0,8000,0,0,0,8000,0,8000,8000
049943,聯詠第一94購01  ,0,0,0,0,0,0,0,0,0,8000,0,0,0,8000,0,8000,8000
049771,GIS元富94購02   ,0,0,0,0,0,0,0,0,0,8000,0,0,0,8000,0,8000,8000
050872,致伸永豐95購01  ,0,0,0,0,0,0,0,0,0,8000,0,0,0,10000,2000,8000,8000
050809,鴻海凱基95購08  ,0,0,0,0,0,0,0,0,0,8000,0,0,0,45000,37000,8000,8000
050673,旺宏富邦96購02  ,0,0,0,0,0,0,0,0,0,8000,0,0,0,112000,104000,8000,8000
050566,高股息中信97購02,0,0,0,0,0,0,0,0,0,8000,0,0,0,10000,2000,8000,8000
050550,大立光凱基95購04,0,0,0,0,0,0,0,0,0,8000,0,0,0,10000,2000,8000,8000
050483,樺漢國票94購01  ,0,0,0,0,0,0,0,0,0,8000,0,0,0,11000,3000,8000,8000
050423,鴻海凱基96購02  ,0,0,0,0,0,0,0,0,0,8000,0,0,0,38000,30000,8000,8000
051163,鴻海元大95購04  ,0,0,0,0,0,0,0,0,0,8000,0,0,0,808000,800000,8000,8000
050981,GIS元富95購01   ,0,0,0,0,0,0,0,0,0,8000,0,0,0,8000,0,8000,8000
051026,健策統一96購01  ,0,0,0,0,0,0,0,0,0,8000,0,0,0,10000,2000,8000,8000
051326,聯發科台新95購01,0,0,0,0,0,0,0,0,0,8000,0,0,0,8000,0,8000,8000
051274,華新科亞東96購01,0,0,0,0,0,0,0,0,0,8000,0,0,0,8000,0,8000,8000
051231,健策群益97購01  ,0,0,0,0,0,0,0,0,0,8000,0,0,0,97000,89000,8000,8000
051253,緯創元大95購02  ,0,0,0,0,0,0,0,0,0,8000,0,0,0,8000,0,8000,8000
4133,亞諾法          ,8000,0,8000,0,0,0,0,0,0,0,0,0,0,0,0,0,8000
4807,日成-KY         ,8000,0,8000,0,0,0,0,0,0,0,0,0,0,0,0,0,8000
6277,宏正            ,18000,8000,10000,0,0,0,0,0,0,-2000,0,2000,-2000,0,0,0,8000
8411,福貞-KY         ,8000,0,8000,0,0,0,0,0,0,0,0,0,0,0,0,0,8000
8427,基勝-KY         ,8000,0,8000,0,0,0,0,0,0,0,0,0,0,0,0,0,8000
053712,台光電凱基96購04,0,0,0,0,0,0,0,0,0,8000,0,0,0,8000,0,8000,8000
053440,台積電凱基96購12,0,0,0,0,0,0,0,0,0,8000,0,0,0,10000,2000,8000,8000
053545,上銀凱基96購03  ,0,0,0,0,0,0,0,0,0,8000,0,0,0,78000,70000,8000,8000
054139,揚明光元大96購01,0,0,0,0,0,0,0,0,0,8000,0,0,0,8000,0,8000,8000
053729,聯茂凱基96購05  ,0,0,0,0,0,0,0,0,0,8000,0,0,0,62000,54000,8000,8000
05752P,台積電中信96售06,0,0,0,0,0,0,0,0,0,8000,0,0,0,8000,0,8000,8000
05572P,群創統一96售02  ,0,0,0,0,0,0,0,0,0,8000,0,0,0,8000,0,8000,8000
05451P,臺股指元大95售28,0,0,0,0,0,0,0,0,0,8000,0,0,0,8000,0,8000,8000
051699,世紀鋼麥證95購01,0,0,0,10000,3000,7000,0,0,0,7000,0,0,0,10000,3000,7000,7000
051526,超眾凱基95購02  ,0,0,0,0,0,0,0,0,0,7000,0,0,0,46000,39000,7000,7000
2939,凱羿-KY         ,7000,0,7000,0,0,0,0,0,0,0,0,0,0,0,0,0,7000
3054,立萬利          ,12000,5000,7000,0,0,0,0,0,0,0,0,0,0,0,0,0,7000
2443,億麗            ,50000,43000,7000,0,0,0,0,0,0,0,0,0,0,0,0,0,7000
2476,鉅祥            ,26000,19000,7000,0,0,0,0,0,0,0,0,0,0,0,0,0,7000
1903,士紙            ,14000,7000,7000,0,0,0,0,0,0,0,0,0,0,0,0,0,7000
2115,六暉-KY         ,8000,1000,7000,0,0,0,0,0,0,0,0,0,0,0,0,0,7000
2239,英利-KY         ,13000,6000,7000,0,0,0,0,0,0,0,0,0,0,0,0,0,7000
1535,中宇            ,12000,5000,7000,0,0,0,0,0,0,0,0,0,0,0,0,0,7000
1726,永記            ,11000,4000,7000,0,0,0,0,0,0,0,0,0,0,0,0,0,7000
052800,國巨元大96購05  ,0,0,0,0,0,0,0,0,0,7000,0,0,0,7000,0,7000,7000
053068,智伸科群益96購01,0,0,0,0,0,0,0,0,0,7000,0,0,0,147000,140000,7000,7000
053065,大立光群益96購01,0,0,0,0,0,0,0,0,0,7000,0,0,0,14000,7000,7000,7000
052993,欣興台新97購01  ,0,0,0,0,0,0,0,0,0,7000,0,0,0,7000,0,7000,7000
044923,TPK永豐91購04   ,0,0,0,0,0,0,0,0,0,7000,0,0,0,100000,93000,7000,7000
04456P,日月光統一94售01,0,0,0,0,0,0,0,0,0,7000,0,0,0,8000,1000,7000,7000
045102,京元電亞東93購01,0,0,0,0,0,0,0,0,0,7000,0,0,0,86000,79000,7000,7000
048410,和碩群益93購01  ,0,0,0,0,0,0,0,0,0,7000,0,0,0,52000,45000,7000,7000
048274,矽力台新93購01  ,0,0,0,0,0,0,0,0,0,7000,0,0,0,7000,0,7000,7000
043027,康友元大92購02  ,0,0,0,0,0,0,0,0,0,7000,0,0,0,7000,0,7000,7000
03641C,臺股指凱基95牛18,0,0,0,0,0,0,0,0,0,7000,0,0,0,16000,9000,7000,7000
039727,台積電群益91購02,0,0,0,0,0,0,0,0,0,7000,0,0,0,10000,3000,7000,7000
045352,亞光凱基92購03  ,0,0,0,0,0,0,0,0,0,7000,0,0,0,10000,3000,7000,7000
046679,卜蜂中信93購01  ,0,0,0,0,0,0,0,0,0,7000,0,0,0,7000,0,7000,7000
046741,GIS群益94購01   ,0,0,0,0,0,0,0,0,0,7000,0,0,0,49000,42000,7000,7000
046773,GIS富邦94購01   ,0,0,0,0,0,0,0,0,0,7000,0,0,0,110000,103000,7000,7000
047127,臻鼎中信95購01  ,0,0,0,0,0,0,0,0,0,7000,0,0,0,31000,24000,7000,7000
047914,華新凱基93購03  ,0,0,0,0,0,0,0,0,0,7000,0,0,0,7000,0,7000,7000
046300,嘉聯益富邦94購01,0,0,0,0,0,0,0,0,0,7000,0,0,0,87000,80000,7000,7000
047064,致伸凱基93購03  ,0,0,0,0,0,0,0,0,0,7000,0,0,0,10000,3000,7000,7000
04775P,台積電凱基94售29,0,0,0,0,0,0,0,0,0,7000,0,0,0,7000,0,7000,7000
046911,達方凱基93購01  ,0,0,0,0,0,0,0,0,0,7000,0,0,0,11000,4000,7000,7000
046197,日月光凱基92購04,0,0,0,0,0,0,0,0,0,7000,0,0,0,10000,3000,7000,7000
047755,麗豐元富93購01  ,0,0,0,0,0,0,0,0,0,7000,0,0,0,15000,8000,7000,7000
048608,燿華凱基93購06  ,0,0,0,0,0,0,0,0,0,7000,0,0,0,20000,13000,7000,7000
048647,正文元大93購01  ,0,0,0,0,0,0,0,0,0,7000,0,0,0,7000,0,7000,7000
047401,南茂永豐93購01  ,0,0,0,0,0,0,0,0,0,7000,0,0,0,87000,80000,7000,7000
052931,麗豐元大97購01  ,0,0,0,0,0,0,0,0,0,7000,0,0,0,61000,54000,7000,7000
045970,日月光凱基92購02,0,0,0,0,0,0,0,0,0,7000,0,0,0,10000,3000,7000,7000
046509,中壽元大92購01  ,0,0,0,0,0,0,0,0,0,7000,0,0,0,55000,48000,7000,7000
047318,聯詠元大93購07  ,0,0,0,0,0,0,0,0,0,7000,0,0,0,8000,1000,7000,7000
047334,南茂元大93購03  ,0,0,0,0,0,0,0,0,0,7000,0,0,0,7000,0,7000,7000
047191,同欣電元大93購02,0,0,0,0,0,0,0,0,0,7000,0,0,0,34000,27000,7000,7000
050962,聯發科永豐95購02,0,0,0,0,0,0,0,0,0,7000,0,0,0,40000,33000,7000,7000
051088,台積電元大95購09,0,0,0,0,0,0,0,0,0,7000,0,0,0,263000,256000,7000,7000
051066,台積電國票96購02,0,0,0,0,0,0,0,0,0,7000,0,0,0,10000,3000,7000,7000
050482,台郡國票94購04  ,0,0,0,0,0,0,0,0,0,7000,0,0,0,7000,0,7000,7000
050248,臻鼎凱基94購03  ,0,0,0,0,0,0,0,0,0,7000,0,0,0,7000,0,7000,7000
050594,康友永豐94購01  ,0,0,0,0,0,0,0,0,0,7000,0,0,0,245000,238000,7000,7000
049796,國巨元大94購10  ,0,0,0,0,0,0,0,0,0,7000,0,0,0,7000,0,7000,7000
04974P,聯發科凱基96售02,0,0,0,0,0,0,0,0,0,7000,0,0,0,7000,0,7000,7000
050235,國巨凱基94購11  ,0,0,0,0,0,0,0,0,0,7000,0,0,0,7000,0,7000,7000
049414,台積電凱基94購18,0,0,0,0,0,0,0,0,0,7000,0,0,0,13000,6000,7000,7000
054582,致新元大97購01  ,0,0,0,0,0,0,0,0,0,7000,0,0,0,10000,3000,7000,7000
054566,貿聯群益97購02  ,0,0,0,0,0,0,0,0,0,7000,0,0,0,19000,12000,7000,7000
05613P,臻鼎台新96售01  ,0,0,0,0,0,0,0,0,0,7000,0,0,0,38000,31000,7000,7000
05941P,聯發科凱基96售22,0,0,0,0,0,0,0,0,0,7000,0,0,0,7000,0,7000,7000
053812,台積電群益96購09,0,0,0,0,0,0,0,0,0,7000,0,0,0,17000,10000,7000,7000
053801,台積電凱基96購18,0,0,0,0,0,0,0,0,0,7000,0,0,0,11000,4000,7000,7000
053920,新光金國票98購01,0,0,0,0,0,0,0,0,0,7000,0,0,0,207000,200000,7000,7000
053921,嘉晶國票97購03  ,0,0,0,0,0,0,0,0,0,7000,0,0,0,37000,30000,7000,7000
054019,燿華台新96購01  ,0,0,0,0,0,0,0,0,0,7000,0,0,0,7000,0,7000,7000
9943,好樂迪          ,21000,14000,7000,0,0,0,0,0,0,0,0,0,0,0,0,0,7000
053471,正崴元大96購01  ,0,0,0,0,0,0,0,0,0,7000,0,0,0,136000,129000,7000,7000
053682,臺股指富邦96購03,0,0,0,0,0,0,0,0,0,7000,0,0,0,9000,2000,7000,7000
053648,台積電凱基97購04,0,0,0,0,0,0,0,0,0,7000,0,0,0,10000,3000,7000,7000
4555,氣立            ,7000,0,7000,0,0,0,0,0,0,0,0,0,0,0,0,0,7000
4755,三福化          ,13000,6000,7000,0,0,0,0,0,0,0,0,0,0,0,0,0,7000
052777,燿華國票98購01  ,0,0,0,0,0,0,0,0,0,6000,0,0,0,35000,29000,6000,6000
053209,台積電凱基96購07,0,0,0,0,0,0,0,0,0,6000,0,0,0,50000,44000,6000,6000
2002A,中鋼特          ,0,0,0,0,0,0,0,0,0,6000,8000,2000,6000,0,0,0,6000
2450,神腦            ,26000,18000,8000,0,0,0,0,0,0,-2000,0,2000,-2000,0,0,0,6000
2712,遠雄來          ,5000,0,5000,0,0,0,0,0,0,1000,1000,0,1000,0,0,0,6000
2849,安泰銀          ,40000,1000,39000,0,0,0,0,0,0,-33000,0,33000,-33000,0,0,0,6000
2887E,台新戊特        ,0,0,0,0,0,0,0,0,0,6000,6000,0,6000,0,0,0,6000
051666,旺宏元大96購05  ,0,0,0,0,0,0,0,0,0,6000,0,0,0,12000,6000,6000,6000
051769,矽力元大95購01  ,0,0,0,0,0,0,0,0,0,6000,0,0,0,52000,46000,6000,6000
051830,健策元大97購01  ,0,0,0,0,0,0,0,0,0,6000,0,0,0,152000,146000,6000,6000
052153,GIS富邦96購02   ,0,0,0,0,0,0,0,0,0,6000,0,0,0,28000,22000,6000,6000
052186,宏達電群益95購04,0,0,0,0,0,0,0,0,0,6000,0,0,0,67000,61000,6000,6000
00652,富邦印度        ,0,0,0,0,0,0,0,0,0,6000,0,0,0,13000,7000,6000,6000
00647L,元大S&P500正2   ,0,1000,-1000,0,0,0,0,0,0,7000,0,0,0,9000,2000,7000,6000
03254P,台積電國泰03售09,0,0,0,0,0,0,0,0,0,6000,0,0,0,6000,0,6000,6000
03252P,台積電台新02售01,0,0,0,0,0,0,0,0,0,6000,0,0,0,76000,70000,6000,6000
044733,潤泰全國票91購01,0,0,0,0,0,0,0,0,0,6000,0,0,0,6000,0,6000,6000
044155,台積電永豐91購03,0,0,0,0,0,0,0,0,0,6000,0,0,0,6000,0,6000,6000
043920,瑞儀凱基93購01  ,0,0,0,0,0,0,0,0,0,6000,0,0,0,6000,0,6000,6000
046502,建準元大92購04  ,0,0,0,0,0,0,0,0,0,6000,0,0,0,6000,0,6000,6000
045996,南電富邦94購01  ,0,0,0,0,0,0,0,0,0,6000,0,0,0,37000,31000,6000,6000
045905,志超元大92購01  ,0,0,0,0,0,0,0,0,0,6000,0,0,0,6000,0,6000,6000
04864P,欣興元大94售10  ,0,0,0,0,0,0,0,0,0,6000,0,0,0,6000,0,6000,6000
048686,滬深2X中信95購09,0,0,0,0,0,0,0,0,0,6000,0,0,0,6000,0,6000,6000
048831,玉晶光凱基95購01,0,0,0,0,0,0,0,0,0,6000,0,0,0,6000,0,6000,6000
048721,正文永豐94購01  ,0,0,0,0,0,0,0,0,0,6000,0,0,0,6000,0,6000,6000
048784,台積電元大94購04,0,0,0,0,0,0,0,0,0,6000,0,0,0,6000,0,6000,6000
048763,台積電凱基94購03,0,0,0,0,0,0,0,0,0,6000,0,0,0,6000,0,6000,6000
046972,同欣電群益93購01,0,0,0,0,0,0,0,0,0,6000,0,0,0,6000,0,6000,6000
047704,智邦凱基93購06  ,0,0,0,0,0,0,0,0,0,6000,0,0,0,17000,11000,6000,6000
048525,華通國票94購02  ,0,0,0,0,0,0,0,0,0,6000,0,0,0,6000,0,6000,6000
046896,臻鼎群益94購01  ,0,0,0,0,0,0,0,0,0,6000,0,0,0,256000,250000,6000,6000
046781,A50永豐93購01   ,0,0,0,0,0,0,0,0,0,6000,0,0,0,6000,0,6000,6000
046750,鴻海凱基93購17  ,0,0,0,0,0,0,0,0,0,6000,0,0,0,48000,42000,6000,6000
04857P,美律元富94售01  ,0,0,0,0,0,0,0,0,0,6000,0,0,0,16000,10000,6000,6000
049084,欣興凱基94購03  ,0,0,0,0,0,0,0,0,0,6000,0,0,0,11000,5000,6000,6000
049141,旺宏元大95購01  ,0,0,0,0,0,0,0,0,0,6000,0,0,0,103000,97000,6000,6000
049200,元黃金群益98購01,0,0,0,0,0,0,0,0,0,6000,0,0,0,10000,4000,6000,6000
049252,國巨元大96購01  ,0,0,0,0,0,0,0,0,0,6000,0,0,0,6000,0,6000,6000
049308,台達電凱基94購04,0,0,0,0,0,0,0,0,0,6000,0,0,0,6000,0,6000,6000
050193,臻鼎元大94購02  ,0,0,0,0,0,0,0,0,0,6000,0,0,0,83000,77000,6000,6000
049962,台光電元富94購01,0,0,0,0,0,0,0,0,0,6000,0,0,0,82000,76000,6000,6000
049971,台郡國票95購01  ,0,0,0,0,0,0,0,0,0,6000,0,0,0,60000,54000,6000,6000
049909,國巨元大95購01  ,0,0,0,0,0,0,0,0,0,6000,0,0,0,48000,42000,6000,6000
050058,國巨凱基94購06  ,0,0,0,0,0,0,0,0,0,6000,0,0,0,41000,35000,6000,6000
049718,南亞科凱基94購04,0,0,0,0,0,0,0,0,0,6000,0,0,0,6000,0,6000,6000
049652,GIS凱基94購05   ,0,0,0,0,0,0,0,0,0,6000,0,0,0,6000,0,6000,6000
048839,牧德凱基95購01  ,0,0,0,0,0,0,0,0,0,6000,0,0,0,327000,321000,6000,6000
050684,台郡元富94購02  ,0,0,0,0,0,0,0,0,0,6000,0,0,0,78000,72000,6000,6000
05074P,鴻海麥證95售01  ,0,0,0,6000,0,6000,0,0,0,6000,0,0,0,6000,0,6000,6000
05025P,聯發科群益95售02,0,0,0,0,0,0,0,0,0,6000,0,0,0,11000,5000,6000,6000
050276,百和元大94購03  ,0,0,0,0,0,0,0,0,0,6000,0,0,0,10000,4000,6000,6000
050524,宏達電元大95購04,0,0,0,0,0,0,0,0,0,6000,0,0,0,12000,6000,6000,6000
051083,A50正2元大98購01,0,0,0,0,0,0,0,0,0,6000,0,0,0,25000,19000,6000,6000
050988,廣達富邦95購01  ,0,0,0,0,0,0,0,0,0,6000,0,0,0,6000,0,6000,6000
5906,台南-KY         ,6000,0,6000,0,0,0,0,0,0,0,0,0,0,0,0,0,6000
053624,A50正2兆豐97購02,0,0,0,0,0,0,0,0,0,6000,0,0,0,11000,5000,6000,6000
053490,為升兆豐97購01  ,0,0,0,0,0,0,0,0,0,6000,0,0,0,66000,60000,6000,6000
054113,奇力新台新97購01,0,0,0,0,0,0,0,0,0,6000,0,0,0,32000,26000,6000,6000
054108,台積電凱基96購22,0,0,0,0,0,0,0,0,0,6000,0,0,0,10000,4000,6000,6000
054127,台積電元大96購21,0,0,0,0,0,0,0,0,0,6000,0,0,0,105000,99000,6000,6000
054284,和大元大96購03  ,0,0,0,0,0,0,0,0,0,6000,0,0,0,50000,44000,6000,6000
054253,宏達電元大97購03,0,0,0,0,0,0,0,0,0,6000,0,0,0,26000,20000,6000,6000
054214,京鼎國票97購02  ,0,0,0,0,0,0,0,0,0,6000,0,0,0,18000,12000,6000,6000
053998,泰鼎群益98購01  ,0,0,0,0,0,0,0,0,0,6000,0,0,0,104000,98000,6000,6000
06006P,欣興永豐96售04  ,0,0,0,0,0,0,0,0,0,6000,0,0,0,20000,14000,6000,6000
054395,華新科永豐96購03,0,0,0,0,0,0,0,0,0,6000,0,0,0,250000,244000,6000,6000
054346,世芯國票97購01  ,0,0,0,0,0,0,0,0,0,6000,0,0,0,6000,0,6000,6000
052386,鴻海群益96購02  ,0,0,0,0,0,0,0,0,0,5000,0,0,0,144000,139000,5000,5000
052384,臺股指元大95購30,0,0,0,0,0,0,0,0,0,5000,0,0,0,11000,6000,5000,5000
052341,泰鼎凱基96購02  ,0,0,0,0,0,0,0,0,0,5000,0,0,0,5000,0,5000,5000
052286,力成凱基95購02  ,0,0,0,0,0,0,0,0,0,5000,0,0,0,5000,0,5000,5000
052544,牧德元富95購01  ,0,0,0,0,0,0,0,0,0,5000,0,0,0,5000,0,5000,5000
052588,玉晶光永豐98購01,0,0,0,0,0,0,0,0,0,5000,0,0,0,5000,0,5000,5000
052605,聯發科元大96購06,0,0,0,0,0,0,0,0,0,5000,0,0,0,79000,74000,5000,5000
052600,力山元大97購01  ,0,0,0,0,0,0,0,0,0,5000,0,0,0,5000,0,5000,5000
051779,大立光群益95購02,0,0,0,0,0,0,0,0,0,5000,0,0,0,9000,4000,5000,5000
052012,聯發科台新95購02,0,0,0,0,0,0,0,0,0,5000,0,0,0,5000,0,5000,5000
051754,廣宇元大95購01  ,0,0,0,0,0,0,0,0,0,5000,0,0,0,10000,5000,5000,5000
051574,鴻海元大96購06  ,0,0,0,0,0,0,0,0,0,5000,0,0,0,529000,524000,5000,5000
2891C,中信金丙特      ,0,0,0,0,0,0,0,0,0,5000,5000,0,5000,0,0,0,5000
2466,冠西電          ,14000,6000,8000,0,0,0,0,0,0,-3000,0,3000,-3000,0,0,0,5000
2486,一詮            ,41000,36000,5000,0,0,0,0,0,0,0,0,0,0,0,0,0,5000
2207,和泰車          ,162000,160000,2000,0,0,0,1000,0,1000,2000,8000,6000,2000,0,0,0,5000
052745,欣興元大96購04  ,0,0,0,0,0,0,0,0,0,5000,0,0,0,333000,328000,5000,5000
052984,漢唐元大96購01  ,0,0,0,0,0,0,0,0,0,5000,0,0,0,5000,0,5000,5000
053034,上海銀兆豐96購01,0,0,0,0,0,0,0,0,0,5000,0,0,0,22000,17000,5000,5000
045462,美律元大93購04  ,0,0,0,0,0,0,0,0,0,5000,0,0,0,5000,0,5000,5000
044027,力山群益91購01  ,0,0,0,0,0,0,0,0,0,5000,0,0,0,5000,0,5000,5000
043999,世紀鋼元大91購01,0,0,0,0,0,0,0,0,0,5000,0,0,0,5000,0,5000,5000
044513,義隆凱基93購02  ,0,0,0,0,0,0,0,0,0,5000,0,0,0,5000,0,5000,5000
04482P,臺股指日盛94售01,0,0,0,0,0,0,0,0,0,5000,0,0,0,5000,0,5000,5000
044540,智原群益91購02  ,0,0,0,0,0,0,0,0,0,5000,0,0,0,5000,0,5000,5000
044552,元油2X永豐91購02,0,0,0,0,0,0,0,0,0,5000,0,0,0,405000,400000,5000,5000
045491,東陽凱基92購01  ,0,0,0,0,0,0,0,0,0,5000,0,0,0,25000,20000,5000,5000
04548P,大立光元大94售14,0,0,0,0,0,0,0,0,0,5000,0,0,0,5000,0,5000,5000
044622,旺宏元大92購06  ,0,0,0,0,0,0,0,0,0,5000,0,0,0,15000,10000,5000,5000
044666,創意國泰93購01  ,0,0,0,0,0,0,0,0,0,5000,0,0,0,5000,0,5000,5000
044784,華邦電中信96購01,0,0,0,0,0,0,0,0,0,5000,0,0,0,176000,171000,5000,5000
043842,寶滬深元富91購01,0,0,0,0,0,0,0,0,0,5000,0,0,0,5000,0,5000,5000
043707,臺股指永豐91購01,0,0,0,0,0,0,0,0,0,5000,0,0,0,6000,1000,5000,5000
045038,臻鼎群益93購01  ,0,0,0,0,0,0,0,0,0,5000,0,0,0,5000,0,5000,5000
045006,華邦電元大92購02,0,0,0,0,0,0,0,0,0,5000,0,0,0,5000,0,5000,5000
048460,盛群凱基94購01  ,0,0,0,0,0,0,0,0,0,5000,0,0,0,5000,0,5000,5000
048373,A50正2元富95購01,0,0,0,0,0,0,0,0,0,5000,0,0,0,40000,35000,5000,5000
03250P,日月光元富07售02,0,0,0,0,0,0,0,0,0,5000,0,0,0,15000,10000,5000,5000
03208P,國巨中信02售02  ,0,0,0,0,0,0,0,0,0,5000,0,0,0,5000,0,5000,5000
03422B,臺股指凱基96熊28,0,0,0,0,0,0,0,0,0,5000,0,0,0,5000,0,5000,5000
035277,景碩台新97購01  ,0,0,0,0,0,0,0,0,0,5000,0,0,0,7000,2000,5000,5000
03848P,聯發科群益93售06,0,0,0,0,0,0,0,0,0,5000,0,0,0,5000,0,5000,5000
0053,元大電子        ,0,0,0,0,0,0,0,0,0,5000,0,0,0,14000,9000,5000,5000
00707R,元大S&P日圓反1  ,0,0,0,0,0,0,0,0,0,5000,0,0,0,46000,41000,5000,5000
03751P,旺宏富邦95售01  ,0,0,0,0,0,0,0,0,0,5000,0,0,0,5000,0,5000,5000
03118P,台積電國票01售07,0,0,0,0,0,0,0,0,0,5000,0,0,0,5000,0,5000,5000
044411,A50正2統一93購01,0,0,0,0,0,0,0,0,0,5000,0,0,0,10000,5000,5000,5000
045278,A50正2國泰92購01,0,0,0,0,0,0,0,0,0,5000,0,0,0,5000,0,5000,5000
045179,義隆永豐92購02  ,0,0,0,0,0,0,0,0,0,5000,0,0,0,5000,0,5000,5000
044275,欣興群益92購01  ,0,0,0,0,0,0,0,0,0,5000,0,0,0,5000,0,5000,5000
044280,T50反1凱基94購02,0,0,0,0,0,0,0,0,0,5000,0,0,0,5000,0,5000,5000
04208P,臺股指元大93售48,0,0,0,0,0,0,0,0,0,5000,0,0,0,5000,0,5000,5000
04227P,滬深2X永豐94售04,0,0,0,0,0,0,0,0,0,5000,0,0,0,5000,0,5000,5000
043365,上緯控國票92購01,0,0,0,0,0,0,0,0,0,5000,0,0,0,5000,0,5000,5000
040568,臻鼎群益91購01  ,0,0,0,0,0,0,0,0,0,5000,0,0,0,5000,0,5000,5000
04067P,聯發科凱基93售24,0,0,0,0,0,0,0,0,0,5000,0,0,0,15000,10000,5000,5000
04110P,臺股指富邦93售03,0,0,0,0,0,0,0,0,0,5000,0,0,0,5000,0,5000,5000
046690,元油2X凱基93購03,0,0,0,0,0,0,0,0,0,5000,0,0,0,5000,0,5000,5000
046683,宏達電群益93購02,0,0,0,0,0,0,0,0,0,5000,0,0,0,25000,20000,5000,5000
046868,瑞昱統一93購02  ,0,0,0,0,0,0,0,0,0,5000,0,0,0,5000,0,5000,5000
046053,滬深2X群益94購01,0,0,0,0,0,0,0,0,0,5000,0,0,0,10000,5000,5000,5000
047166,台達電康和93購01,0,0,0,0,0,0,0,0,0,5000,0,0,0,65000,60000,5000,5000
047138,智伸科凱基93購04,0,0,0,0,0,0,0,0,0,5000,0,0,0,5000,0,5000,5000
045693,台達電兆豐92購02,0,0,0,0,0,0,0,0,0,5000,0,0,0,5000,0,5000,5000
046601,奇力新群益93購01,0,0,0,0,0,0,0,0,0,5000,0,0,0,5000,0,5000,5000
046632,智易元富93購01  ,0,0,0,0,0,0,0,0,0,5000,0,0,0,5000,0,5000,5000
046623,臻鼎凱基93購02  ,0,0,0,0,0,0,0,0,0,5000,0,0,0,10000,5000,5000,5000
045730,鴻海第一92購01  ,0,0,0,0,0,0,0,0,0,5000,0,0,0,5000,0,5000,5000
047827,東陽元大93購01  ,0,0,0,0,0,0,0,0,0,5000,0,0,0,15000,10000,5000,5000
046302,亞德客元大92購02,0,0,0,0,0,0,0,0,0,5000,0,0,0,41000,36000,5000,5000
046311,聯發科元大92購16,0,0,0,0,0,0,0,0,0,5000,0,0,0,5000,0,5000,5000
047049,聯發科國票94購01,0,0,0,0,0,0,0,0,0,5000,0,0,0,10000,5000,5000,5000
046137,遠東新統一92購01,0,0,0,0,0,0,0,0,0,5000,0,0,0,25000,20000,5000,5000
046988,南亞科凱基93購02,0,0,0,0,0,0,0,0,0,5000,0,0,0,5000,0,5000,5000
048707,南電國票95購01  ,0,0,0,0,0,0,0,0,0,5000,0,0,0,5000,0,5000,5000
045938,緯穎群益92購02  ,0,0,0,0,0,0,0,0,0,5000,0,0,0,5000,0,5000,5000
045895,智伸科元大92購02,0,0,0,0,0,0,0,0,0,5000,0,0,0,5000,0,5000,5000
04589P,祥碩永豐94售01  ,0,0,0,0,0,0,0,0,0,5000,0,0,0,200000,195000,5000,5000
045898,康控元大93購04  ,0,0,0,0,0,0,0,0,0,5000,0,0,0,95000,90000,5000,5000
045834,兆豐金群益92購01,0,0,0,0,0,0,0,0,0,5000,0,0,0,10000,5000,5000,5000
052906,緯創國票97購01  ,0,0,0,0,0,0,0,0,0,5000,0,0,0,5000,0,5000,5000
05288P,寶成元富95售02  ,0,0,0,0,0,0,0,0,0,5000,0,0,0,5000,0,5000,5000
046516,TPK元大92購03   ,0,0,0,0,0,0,0,0,0,5000,0,0,0,5000,0,5000,5000
046491,滬深2X富邦95購02,0,0,0,0,0,0,0,0,0,5000,0,0,0,20000,15000,5000,5000
047313,華新科元大93購08,0,0,0,0,0,0,0,0,0,5000,0,0,0,12000,7000,5000,5000
048091,漢唐凱基93購03  ,0,0,0,0,0,0,0,0,0,5000,0,0,0,15000,10000,5000,5000
045594,緯穎元大93購04  ,0,0,0,0,0,0,0,0,0,5000,0,0,0,25000,20000,5000,5000
045597,聯發科第一92購01,0,0,0,0,0,0,0,0,0,5000,0,0,0,5000,0,5000,5000
045598,上証2X中信94購02,0,0,0,0,0,0,0,0,0,5000,0,0,0,5000,0,5000,5000
047227,華新科凱基94購01,0,0,0,0,0,0,0,0,0,5000,0,0,0,13000,8000,5000,5000
048000,義隆元大93購03  ,0,0,0,0,0,0,0,0,0,5000,0,0,0,5000,0,5000,5000
047975,緯創兆豐93購01  ,0,0,0,0,0,0,0,0,0,5000,0,0,0,26000,21000,5000,5000
047511,義隆國票93購02  ,0,0,0,0,0,0,0,0,0,5000,0,0,0,10000,5000,5000,5000
04760P,旺宏凱基94售02  ,0,0,0,0,0,0,0,0,0,5000,0,0,0,29000,24000,5000,5000
05093P,可成元大95售03  ,0,0,0,0,0,0,0,0,0,5000,0,0,0,10000,5000,5000,5000
051078,力山富邦97購01  ,0,0,0,0,0,0,0,0,0,5000,0,0,0,5000,0,5000,5000
051059,康普群益95購01  ,0,0,0,0,0,0,0,0,0,5000,0,0,0,5000,0,5000,5000
051180,喬山永豐95購03  ,0,0,0,0,0,0,0,0,0,5000,0,0,0,10000,5000,5000,5000
051314,嘉聯益麥證96購01,0,0,0,25000,20000,5000,0,0,0,5000,0,0,0,25000,20000,5000,5000
050237,智邦凱基94購03  ,0,0,0,0,0,0,0,0,0,5000,0,0,0,5000,0,5000,5000
050347,上証2X群益98購01,0,0,0,0,0,0,0,0,0,5000,0,0,0,5000,0,5000,5000
050332,鴻海國泰96購05  ,0,0,0,0,0,0,0,0,0,5000,0,0,0,29000,24000,5000,5000
050380,台積電亞東94購02,0,0,0,0,0,0,0,0,0,5000,0,0,0,5000,0,5000,5000
050782,台積電國泰96購03,0,0,0,0,0,0,0,0,0,5000,0,0,0,16000,11000,5000,5000
050649,華新科凱基96購01,0,0,0,0,0,0,0,0,0,5000,0,0,0,78000,73000,5000,5000
050584,瑞儀國票95購01  ,0,0,0,0,0,0,0,0,0,5000,0,0,0,10000,5000,5000,5000
04973P,台積電凱基94售41,0,0,0,0,0,0,0,0,0,5000,0,0,0,15000,10000,5000,5000
04979P,臺股指凱基96售07,0,0,0,0,0,0,0,0,0,5000,0,0,0,9000,4000,5000,5000
049912,燿華元大94購04  ,0,0,0,0,0,0,0,0,0,5000,0,0,0,7000,2000,5000,5000
049906,光寶科元大94購03,0,0,0,0,0,0,0,0,0,5000,0,0,0,5000,0,5000,5000
049963,聯發科元富94購02,0,0,0,0,0,0,0,0,0,5000,0,0,0,5000,0,5000,5000
049281,嘉聯益國票95購01,0,0,0,0,0,0,0,0,0,5000,0,0,0,79000,74000,5000,5000
049109,嘉澤富邦95購01  ,0,0,0,0,0,0,0,0,0,5000,0,0,0,5000,0,5000,5000
049093,昇陽半凱基94購01,0,0,0,0,0,0,0,0,0,5000,0,0,0,5000,0,5000,5000
049446,為升統一94購01  ,0,0,0,0,0,0,0,0,0,5000,0,0,0,15000,10000,5000,5000
048914,川湖台新94購01  ,0,0,0,0,0,0,0,0,0,5000,0,0,0,5000,0,5000,5000
048915,國巨台新94購01  ,0,0,0,0,0,0,0,0,0,5000,0,0,0,5000,0,5000,5000
049521,致伸國票95購01  ,0,0,0,0,0,0,0,0,0,5000,0,0,0,7000,2000,5000,5000
048847,A50群益98購01   ,0,0,0,0,0,0,0,0,0,5000,0,0,0,10000,5000,5000,5000
048976,華擎元大94購01  ,0,0,0,0,0,0,0,0,0,5000,0,0,0,10000,5000,5000,5000
054347,上緯控國票96購02,0,0,0,0,0,0,0,0,0,5000,0,0,0,55000,50000,5000,5000
054531,聯發科國泰97購02,0,0,0,0,0,0,0,0,0,5000,0,0,0,10000,5000,5000,5000
05489P,臺股指凱基95售22,0,0,0,0,0,0,0,0,0,5000,0,0,0,10000,5000,5000,5000
05804P,美律永豐96售01  ,0,0,0,0,0,0,0,0,0,5000,0,0,0,88000,83000,5000,5000
05698P,群創凱基96售01  ,0,0,0,0,0,0,0,0,0,5000,0,0,0,5000,0,5000,5000
05663P,創意元富96售04  ,0,0,0,0,0,0,0,0,0,5000,0,0,0,5000,0,5000,5000
05665P,台積電凱基96售08,0,0,0,0,0,0,0,0,0,5000,0,0,0,5000,0,5000,5000
05891P,聯發科中信98售03,0,0,0,0,0,0,0,0,0,5000,0,0,0,11000,6000,5000,5000
053922,亞光國票96購01  ,0,0,0,0,0,0,0,0,0,5000,0,0,0,5000,0,5000,5000
054198,台積電永昌96購08,0,0,0,0,0,0,0,0,0,5000,0,0,0,115000,110000,5000,5000
054049,亞光元大96購03  ,0,0,0,0,0,0,0,0,0,5000,0,0,0,28000,23000,5000,5000
053496,義隆兆豐96購02  ,0,0,0,0,0,0,0,0,0,5000,0,0,0,15000,10000,5000,5000
8467,波力-KY         ,6000,1000,5000,0,0,0,0,0,0,0,0,0,0,0,0,0,5000
053694,創意元大96購03  ,0,0,0,0,0,0,0,0,0,5000,0,0,0,133000,128000,5000,5000
4566,時碩工業        ,39000,40000,-1000,0,0,0,0,0,0,6000,7000,1000,6000,0,0,0,5000
8442,威宏-KY         ,7000,2000,5000,0,0,0,0,0,0,0,0,0,0,0,0,0,5000
9103,美德醫療-DR     ,44000,39000,5000,0,0,0,0,0,0,0,0,0,0,0,0,0,5000
8341,日友            ,49000,44000,5000,0,0,0,0,0,0,0,0,0,0,0,0,0,5000
6674,鋐寶科技        ,8000,0,8000,0,0,0,0,0,0,-3000,0,3000,-3000,0,0,0,5000
6625,必應            ,5000,0,5000,0,0,0,0,0,0,0,0,0,0,0,0,0,5000
6504,南六            ,7000,2000,5000,0,0,0,0,0,0,0,0,0,0,0,0,0,5000
05323P,瑞昱凱基96售02  ,0,0,0,0,0,0,0,0,0,4000,0,0,0,4000,0,4000,4000
053250,百和國票97購02  ,0,0,0,0,0,0,0,0,0,4000,0,0,0,4000,0,4000,4000
053165,大立光群益96購03,0,0,0,0,0,0,0,0,0,4000,0,0,0,88000,84000,4000,4000
053300,大成鋼凱基96購02,0,0,0,0,0,0,0,0,0,4000,0,0,0,9000,5000,4000,4000
1568,倉佑            ,5000,1000,4000,0,0,0,0,0,0,0,0,0,0,0,0,0,4000
1583,程泰            ,4000,0,4000,0,0,0,0,0,0,0,0,0,0,0,0,0,4000
1338,廣華-KY         ,35000,27000,8000,0,0,0,0,0,0,-4000,0,4000,-4000,0,0,0,4000
2882B,國泰金乙特      ,0,0,0,0,0,0,0,0,0,4000,4000,0,4000,0,0,0,4000
2904,匯僑            ,10000,0,10000,0,0,0,0,0,0,-6000,0,6000,-6000,0,0,0,4000
3022,威強電          ,27000,22000,5000,0,0,0,0,0,0,-1000,0,1000,-1000,0,0,0,4000
3416,融程電          ,5000,1000,4000,0,0,0,0,0,0,0,0,0,0,0,0,0,4000
051469,友達日盛9B購01  ,0,0,0,0,0,0,0,0,0,4000,0,0,0,4000,0,4000,4000
051621,欣興凱基95購02  ,0,0,0,0,0,0,0,0,0,4000,0,0,0,4000,0,4000,4000
051849,旺宏中信98購01  ,0,0,0,0,0,0,0,0,0,4000,0,0,0,5000,1000,4000,4000
051877,嘉聯益國票97購02,0,0,0,0,0,0,0,0,0,4000,0,0,0,5000,1000,4000,4000
052554,正崴國票97購01  ,0,0,0,0,0,0,0,0,0,4000,0,0,0,4000,0,4000,4000
052416,滬深2X兆豐96購02,0,0,0,0,0,0,0,0,0,4000,0,0,0,4000,0,4000,4000
052269,T50反1日盛9B購01,0,0,0,0,0,0,0,0,0,4000,0,0,0,4000,0,4000,4000
052312,美律富邦96購02  ,0,0,0,0,0,0,0,0,0,4000,0,0,0,4000,0,4000,4000
052127,日月光國票96購01,0,0,0,0,0,0,0,0,0,4000,0,0,0,5000,1000,4000,4000
041844,台積電富邦93購01,0,0,0,0,0,0,0,0,0,4000,0,0,0,4000,0,4000,4000
045336,GIS日盛92購01   ,0,0,0,0,0,0,0,0,0,4000,0,0,0,4000,0,4000,4000
044382,嘉聯益群益94購01,0,0,0,0,0,0,0,0,0,4000,0,0,0,34000,30000,4000,4000
044341,啟碁統一91購01  ,0,0,0,0,0,0,0,0,0,4000,0,0,0,4000,0,4000,4000
03094X,大立光元大68展08,0,0,0,0,0,0,0,0,0,4000,0,0,0,4000,0,4000,4000
03010X,元展10          ,0,0,0,0,0,0,0,0,0,4000,0,0,0,4000,0,4000,4000
00735,國泰臺韓科技    ,0,0,0,0,0,0,0,0,0,4000,0,0,0,120000,116000,4000,4000
039212,台達電台新9A購01,0,0,0,0,0,0,0,0,0,4000,0,0,0,7000,3000,4000,4000
043051,天鈺國泰93購01  ,0,0,0,0,0,0,0,0,0,4000,0,0,0,248000,244000,4000,4000
035275,台積電台新97購01,0,0,0,0,0,0,0,0,0,4000,0,0,0,4000,0,4000,4000
046098,南茂國票92購01  ,0,0,0,0,0,0,0,0,0,4000,0,0,0,4000,0,4000,4000
048433,聯詠國票94購01  ,0,0,0,0,0,0,0,0,0,4000,0,0,0,4000,0,4000,4000
045002,高股息元大92購02,0,0,0,0,0,0,0,0,0,4000,0,0,0,35000,31000,4000,4000
045025,瑞昱國票92購01  ,0,0,0,0,0,0,0,0,0,4000,0,0,0,8000,4000,4000,4000
045151,大立光凱基93購02,0,0,0,0,0,0,0,0,0,4000,0,0,0,4000,0,4000,4000
045112,台積電永豐92購01,0,0,0,0,0,0,0,0,0,4000,0,0,0,4000,0,4000,4000
044141,旺宏群益91購02  ,0,0,0,0,0,0,0,0,0,4000,0,0,0,4000,0,4000,4000
044111,創意國票91購01  ,0,0,0,0,0,0,0,0,0,4000,0,0,0,4000,0,4000,4000
044429,元金2X元大94購04,0,0,0,0,0,0,0,0,0,4000,0,0,0,4000,0,4000,4000
043923,矽力凱基91購01  ,0,0,0,0,0,0,0,0,0,4000,0,0,0,4000,0,4000,4000
047321,日月光元大93購03,0,0,0,0,0,0,0,0,0,4000,0,0,0,8000,4000,4000,4000
047349,可成凱基93購06  ,0,0,0,0,0,0,0,0,0,4000,0,0,0,4000,0,4000,4000
046546,義隆永豐92購03  ,0,0,0,0,0,0,0,0,0,4000,0,0,0,4000,0,4000,4000
052890,FB上証群益9B購01,0,0,0,0,0,0,0,0,0,4000,0,0,0,9000,5000,4000,4000
048773,貿聯凱基94購01  ,0,0,0,0,0,0,0,0,0,4000,0,0,0,50000,46000,4000,4000
048710,奇力新台新94購01,0,0,0,0,0,0,0,0,0,4000,0,0,0,4000,0,4000,4000
048650,台表科元大93購05,0,0,0,0,0,0,0,0,0,4000,0,0,0,5000,1000,4000,4000
048649,瀚宇博元大93購05,0,0,0,0,0,0,0,0,0,4000,0,0,0,29000,25000,4000,4000
048588,世紀鋼中信94購01,0,0,0,0,0,0,0,0,0,4000,0,0,0,9000,5000,4000,4000
047006,大立光統一93購04,0,0,0,0,0,0,0,0,0,4000,0,0,0,24000,20000,4000,4000
046961,大立光中信95購02,0,0,0,0,0,0,0,0,0,4000,0,0,0,32000,28000,4000,4000
047683,亞德客國泰95購01,0,0,0,0,0,0,0,0,0,4000,0,0,0,4000,0,4000,4000
046920,華晶科永豐93購01,0,0,0,0,0,0,0,0,0,4000,0,0,0,4000,0,4000,4000
047814,宏達電凱基93購02,0,0,0,0,0,0,0,0,0,4000,0,0,0,56000,52000,4000,4000
047101,南亞科富邦93購01,0,0,0,0,0,0,0,0,0,4000,0,0,0,27000,23000,4000,4000
048520,柏文凱基93購03  ,0,0,0,0,0,0,0,0,0,4000,0,0,0,4000,0,4000,4000
047776,志超元大93購01  ,0,0,0,0,0,0,0,0,0,4000,0,0,0,4000,0,4000,4000
048497,京元電元大93購02,0,0,0,0,0,0,0,0,0,4000,0,0,0,10000,6000,4000,4000
045743,台郡群益93購01  ,0,0,0,0,0,0,0,0,0,4000,0,0,0,47000,43000,4000,4000
045700,道瓊指中信94購01,0,0,0,0,0,0,0,0,0,4000,0,0,0,4000,0,4000,4000
047151,台積電國票94購02,0,0,0,0,0,0,0,0,0,4000,0,0,0,4000,0,4000,4000
047872,貿聯永豐93購02  ,0,0,0,0,0,0,0,0,0,4000,0,0,0,80000,76000,4000,4000
046353,聯發科群益92購04,0,0,0,0,0,0,0,0,0,4000,0,0,0,10000,6000,4000,4000
046874,聯詠元富93購01  ,0,0,0,0,0,0,0,0,0,4000,0,0,0,4000,0,4000,4000
046685,世紀鋼群益93購02,0,0,0,0,0,0,0,0,0,4000,0,0,0,6000,2000,4000,4000
049561,道瓊銀統一96購01,0,0,0,0,0,0,0,0,0,4000,0,0,0,150000,146000,4000,4000
049506,可成日盛94購02  ,0,0,0,0,0,0,0,0,0,4000,0,0,0,4000,0,4000,4000
048921,劍麟永豐94購01  ,0,0,0,0,0,0,0,0,0,4000,0,0,0,4000,0,4000,4000
048894,光罩國泰94購01  ,0,0,0,0,0,0,0,0,0,4000,0,0,0,4000,0,4000,4000
049431,光罩國票96購01  ,0,0,0,0,0,0,0,0,0,4000,0,0,0,4000,0,4000,4000
049138,台積電元大94購05,0,0,0,0,0,0,0,0,0,4000,0,0,0,77000,73000,4000,4000
049148,全新元大95購01  ,0,0,0,0,0,0,0,0,0,4000,0,0,0,270000,266000,4000,4000
050065,冠德凱基94購01  ,0,0,0,0,0,0,0,0,0,4000,0,0,0,30000,26000,4000,4000
049716,台積電凱基94購24,0,0,0,0,0,0,0,0,0,4000,0,0,0,7000,3000,4000,4000
049672,臺股指富邦94購01,0,0,0,0,0,0,0,0,0,4000,0,0,0,6000,2000,4000,4000
050576,南亞科國票95購01,30000,0,30000,0,0,0,0,0,0,-26000,0,0,0,4000,30000,-26000,4000
050669,嘉晶永豐96購01  ,0,0,0,0,0,0,0,0,0,4000,0,0,0,4000,0,4000,4000
050406,台積電台新95購02,0,0,0,0,0,0,0,0,0,4000,0,0,0,14000,10000,4000,4000
051207,聯茂麥證95購01  ,0,0,0,34000,30000,4000,0,0,0,4000,0,0,0,34000,30000,4000,4000
6449,鈺邦            ,182000,177000,5000,0,0,0,0,0,0,-1000,3000,4000,-1000,0,0,0,4000
6666,羅麗芬-KY       ,9000,4000,5000,0,0,0,0,0,0,-1000,0,0,0,0,1000,-1000,4000
8454,富邦媒          ,12000,4000,8000,0,0,0,0,3000,-3000,-1000,0,1000,-1000,0,0,0,4000
8466,美吉吉-KY       ,6000,2000,4000,0,0,0,0,0,0,0,0,0,0,0,0,0,4000
8497,格威傳媒        ,7000,3000,4000,0,0,0,0,0,0,0,0,0,0,0,0,0,4000
4764,雙鍵            ,5000,1000,4000,0,0,0,0,0,0,0,0,0,0,0,0,0,4000
4912,聯德控股-KY     ,7000,2000,5000,0,0,0,0,0,0,-1000,0,1000,-1000,0,0,0,4000
5284,jpp-KY          ,5000,1000,4000,0,0,0,0,0,0,0,0,0,0,0,0,0,4000
053709,台達電凱基96購04,0,0,0,0,0,0,0,0,0,4000,0,0,0,5000,1000,4000,4000
9918,欣天然          ,4000,0,4000,0,0,0,0,0,0,0,0,0,0,0,0,0,4000
053442,光罩凱基96購01  ,0,0,0,0,0,0,0,0,0,4000,0,0,0,50000,46000,4000,4000
053485,矽創國票97購04  ,0,0,0,0,0,0,0,0,0,4000,0,0,0,4000,0,4000,4000
054026,台積電凱基97購08,0,0,0,0,0,0,0,0,0,4000,0,0,0,10000,6000,4000,4000
05421P,鴻海元大96售12  ,0,0,0,0,0,0,0,0,0,4000,0,0,0,340000,336000,4000,4000
05399P,GIS國票95售03   ,0,0,0,0,0,0,0,0,0,4000,0,0,0,4000,0,4000,4000
053861,台光電元大98購01,0,0,0,0,0,0,0,0,0,4000,0,0,0,7000,3000,4000,4000
053742,創意國票97購01  ,0,0,0,0,0,0,0,0,0,4000,0,0,0,6000,2000,4000,4000
053755,亞光元富96購01  ,0,0,0,0,0,0,0,0,0,4000,0,0,0,5000,1000,4000,4000
05996P,華新科群益96售03,0,0,0,0,0,0,0,0,0,4000,0,0,0,139000,135000,4000,4000
05602P,國巨元大96售06  ,0,0,0,0,0,0,0,0,0,4000,0,0,0,66000,62000,4000,4000
05525P,奇力新群益96售02,0,0,0,0,0,0,0,0,0,4000,0,0,0,398000,394000,4000,4000
054521,TPK元大96購03   ,0,0,0,0,0,0,0,0,0,4000,0,0,0,41000,37000,4000,4000
054468,台郡凱基98購01  ,0,0,0,0,0,0,0,0,0,4000,0,0,0,5000,1000,4000,4000
052130,國巨凱基9B購01  ,0,0,0,0,0,0,0,0,0,3000,0,0,0,321000,318000,3000,3000
052142,滬深2X群益99購04,0,0,0,0,0,0,0,0,0,3000,0,0,0,3000,0,3000,3000
052404,臻鼎凱基95購05  ,0,0,0,0,0,0,0,0,0,3000,0,0,0,20000,17000,3000,3000
052433,滬深2X國泰96購02,0,0,0,0,0,0,0,0,0,3000,0,0,0,3000,0,3000,3000
052518,道瓊反元大95購02,0,0,0,0,0,0,0,0,0,3000,0,0,0,3000,0,3000,3000
051913,緯創元大96購01  ,0,0,0,0,0,0,0,0,0,3000,0,0,0,3000,0,3000,3000
052062,臺股指國票95購09,0,0,0,0,0,0,0,0,0,3000,0,0,0,3000,0,3000,3000
052084,台泥元大95購01  ,0,0,0,0,0,0,0,0,0,3000,0,0,0,11000,8000,3000,3000
2891B,中信金乙特      ,0,0,0,0,0,0,0,0,0,3000,3000,0,3000,0,0,0,3000
2748,雲品            ,14000,6000,8000,0,0,0,0,5000,-5000,0,0,0,0,0,0,0,3000
2477,美隆電          ,23000,19000,4000,0,0,0,0,0,0,-1000,0,1000,-1000,0,0,0,3000
1413,宏洲            ,23000,20000,3000,0,0,0,0,0,0,0,0,0,0,0,0,0,3000
1323,永裕            ,7000,4000,3000,0,0,0,0,0,0,0,0,0,0,0,0,0,3000
1707,葡萄王          ,24000,24000,0,0,0,0,0,0,0,3000,4000,1000,3000,0,0,0,3000
045418,上銀凱基92購01  ,0,0,0,0,0,0,0,0,0,3000,0,0,0,14000,11000,3000,3000
045372,台塑元大92購01  ,0,0,0,0,0,0,0,0,0,3000,0,0,0,3000,0,3000,3000
044182,鴻海元富92購01  ,0,0,0,0,0,0,0,0,0,3000,0,0,0,23000,20000,3000,3000
045472,嘉聯益元大93購02,0,0,0,0,0,0,0,0,0,3000,0,0,0,5000,2000,3000,3000
044999,滬深2X永昌93購02,0,0,0,0,0,0,0,0,0,3000,0,0,0,3000,0,3000,3000
043786,台積電凱基91購13,0,0,0,0,0,0,0,0,0,3000,0,0,0,3000,0,3000,3000
044809,道瓊反國票93購01,0,0,0,0,0,0,0,0,0,3000,0,0,0,3000,0,3000,3000
048263,台積電元富95購01,0,0,0,0,0,0,0,0,0,3000,0,0,0,3000,0,3000,3000
04833P,鴻海元大94售16  ,0,0,0,0,0,0,0,0,0,3000,0,0,0,114000,111000,3000,3000
03542P,可成永豐02售02  ,0,0,0,0,0,0,0,0,0,3000,0,0,0,3000,0,3000,3000
03860P,群創元富97售01  ,0,0,0,0,0,0,0,0,0,3000,0,0,0,3000,0,3000,3000
04311P,奇力新統一95售01,0,0,0,0,0,0,0,0,0,3000,0,0,0,13000,10000,3000,3000
03873P,智伸科群益93售03,0,0,0,0,0,0,0,0,0,3000,0,0,0,83000,80000,3000,3000
020007,凱基臺灣500N    ,0,0,0,0,0,0,0,0,0,3000,0,0,0,3000,0,3000,3000
020011,統一微波高息20N ,0,0,0,0,0,0,0,0,0,3000,0,0,0,12000,9000,3000,3000
00682U,元大美元指數    ,0,0,0,0,0,0,0,0,0,3000,0,0,0,43000,40000,3000,3000
03636P,可成凱基92售10  ,0,0,0,0,0,0,0,0,0,3000,0,0,0,8000,5000,3000,3000
044373,台積電兆豐92購01,0,0,0,0,0,0,0,0,0,3000,0,0,0,3000,0,3000,3000
045249,亞德客凱基93購01,0,0,0,0,0,0,0,0,0,3000,0,0,0,3000,0,3000,3000
042236,強茂國泰91購01  ,0,0,0,0,0,0,0,0,0,3000,0,0,0,3000,0,3000,3000
042116,元油2X國票97購01,0,0,0,0,0,0,0,0,0,3000,0,0,0,4000,1000,3000,3000
042346,創意富邦92購01  ,0,0,0,0,0,0,0,0,0,3000,0,0,0,8000,5000,3000,3000
042070,可成富邦91購01  ,0,0,0,0,0,0,0,0,0,3000,0,0,0,3000,0,3000,3000
042069,T50正2富邦93購01,0,0,0,0,0,0,0,0,0,3000,0,0,0,3000,0,3000,3000
04202P,華新科元大93售10,0,0,0,0,0,0,0,0,0,3000,0,0,0,4000,1000,3000,3000
043442,大立光台新01購01,0,0,0,0,0,0,0,0,0,3000,0,0,0,5000,2000,3000,3000
046743,啟碁日盛93購01  ,0,0,0,0,0,0,0,0,0,3000,0,0,0,10000,7000,3000,3000
047866,得力永豐93購01  ,0,0,0,0,0,0,0,0,0,3000,0,0,0,23000,20000,3000,3000
047926,可成凱基94購02  ,0,0,0,0,0,0,0,0,0,3000,0,0,0,6000,3000,3000,3000
047449,南茂元大93購04  ,0,0,0,0,0,0,0,0,0,3000,0,0,0,3000,0,3000,3000
046582,聯發科元大92購23,0,0,0,0,0,0,0,0,0,3000,0,0,0,3000,0,3000,3000
048511,美律凱基93購07  ,0,0,0,0,0,0,0,0,0,3000,0,0,0,24000,21000,3000,3000
048120,台泥元大93購02  ,0,0,0,0,0,0,0,0,0,3000,0,0,0,3000,0,3000,3000
047699,亞德客凱基93購04,0,0,0,0,0,0,0,0,0,3000,0,0,0,3000,0,3000,3000
047723,廣宇群益94購01  ,0,0,0,0,0,0,0,0,0,3000,0,0,0,16000,13000,3000,3000
047664,智邦永豐93購02  ,0,0,0,0,0,0,0,0,0,3000,0,0,0,3000,0,3000,3000
048788,華新科元大95購02,0,0,0,0,0,0,0,0,0,3000,0,0,0,5000,2000,3000,3000
048549,滬深2X元大96購03,0,0,0,0,0,0,0,0,0,3000,0,0,0,3000,0,3000,3000
048558,漢唐元大93購06  ,0,0,0,0,0,0,0,0,0,3000,0,0,0,3000,0,3000,3000
052930,華新科元大97購03,0,0,0,0,0,0,0,0,0,3000,0,0,0,3000,0,3000,3000
046021,台泥元大92購01  ,0,0,0,0,0,0,0,0,0,3000,0,0,0,3000,0,3000,3000
046562,大立光凱基95購01,0,0,0,0,0,0,0,0,0,3000,0,0,0,3000,0,3000,3000
047289,啟碁統一97購01  ,0,0,0,0,0,0,0,0,0,3000,0,0,0,3000,0,3000,3000
045576,智邦元大92購07  ,0,0,0,0,0,0,0,0,0,3000,0,0,0,3000,0,3000,3000
047189,聯詠元大93購05  ,0,0,0,0,0,0,0,0,0,3000,0,0,0,10000,7000,3000,3000
051255,康控元大96購04  ,0,0,0,0,0,0,0,0,0,3000,0,0,0,50000,47000,3000,3000
051276,SGBR2X中信97購01,0,0,0,0,0,0,0,0,0,3000,0,0,0,3000,0,3000,3000
051339,智易永豐95購02  ,0,0,0,0,0,0,0,0,0,3000,0,0,0,13000,10000,3000,3000
051382,玉晶光群益98購02,0,0,0,0,0,0,0,0,0,3000,0,0,0,7000,4000,3000,3000
050521,聯發科元大94購15,0,0,0,0,0,0,0,0,0,3000,0,0,0,31000,28000,3000,3000
050551,大立光凱基95購05,0,0,0,0,0,0,0,0,0,3000,0,0,0,3000,0,3000,3000
050512,台泥元大94購01  ,0,0,0,0,0,0,0,0,0,3000,0,0,0,3000,0,3000,3000
050513,亞泥元大94購02  ,0,0,0,0,0,0,0,0,0,3000,0,0,0,23000,20000,3000,3000
050288,台積電凱基94購32,0,0,0,0,0,0,0,0,0,3000,0,0,0,6000,3000,3000,3000
050309,亞泥兆豐94購01  ,0,0,0,0,0,0,0,0,0,3000,0,0,0,236000,233000,3000,3000
05066P,康控元大95售03  ,0,0,0,0,0,0,0,0,0,3000,0,0,0,23000,20000,3000,3000
050695,台積電凱基94購40,0,0,0,0,0,0,0,0,0,3000,0,0,0,6000,3000,3000,3000
050826,康普凱基95購01  ,0,0,0,0,0,0,0,0,0,3000,0,0,0,3000,0,3000,3000
050828,康控凱基95購01  ,0,0,0,0,0,0,0,0,0,3000,0,0,0,13000,10000,3000,3000
050133,鈺齊凱基94購01  ,0,0,0,0,0,0,0,0,0,3000,0,0,0,60000,57000,3000,3000
049905,為升元大94購05  ,0,0,0,0,0,0,0,0,0,3000,0,0,0,17000,14000,3000,3000
049172,鴻海凱基94購14  ,0,0,0,0,0,0,0,0,0,3000,0,0,0,10000,7000,3000,3000
049179,高鐵凱基94購01  ,0,0,0,0,0,0,0,0,0,3000,0,0,0,67000,64000,3000,3000
049310,台積電凱基94購15,0,0,0,0,0,0,0,0,0,3000,0,0,0,20000,17000,3000,3000
049098,國巨國泰96購01  ,0,0,0,0,0,0,0,0,0,3000,0,0,0,3000,0,3000,3000
049062,華新科日盛94購01,0,0,0,0,0,0,0,0,0,3000,0,0,0,3000,0,3000,3000
049417,奇力新凱基94購02,0,0,0,0,0,0,0,0,0,3000,0,0,0,23000,20000,3000,3000
048870,義隆國票96購01  ,0,0,0,0,0,0,0,0,0,3000,0,0,0,16000,13000,3000,3000
048975,玉晶光元大94購03,0,0,0,0,0,0,0,0,0,3000,0,0,0,15000,12000,3000,3000
054461,台積電凱基97購09,0,0,0,0,0,0,0,0,0,3000,0,0,0,39000,36000,3000,3000
054099,TPK國票98購01   ,0,0,0,0,0,0,0,0,0,3000,0,0,0,3000,0,3000,3000
4557,永新-KY         ,5000,2000,3000,0,0,0,0,0,0,0,0,0,0,0,0,0,3000
6464,台數科          ,3000,0,3000,0,0,0,0,0,0,0,0,0,0,0,0,0,3000
008201,BP上證50        ,0,0,0,0,0,0,0,0,0,2300,0,0,0,2500,200,2300,2300
2397,友通            ,11000,8000,3000,0,0,0,0,0,0,-1000,0,1000,-1000,0,0,0,2000
2493,揚博            ,4000,2000,2000,0,0,0,0,0,0,0,0,0,0,0,0,0,2000
2611,志信            ,2000,0,2000,0,0,0,0,0,0,0,0,0,0,0,0,0,2000
3025,星通            ,30000,28000,2000,0,0,0,0,0,0,0,0,0,0,0,0,0,2000
3229,晟鈦            ,14000,12000,2000,0,0,0,0,0,0,0,0,0,0,0,0,0,2000
3669,圓展            ,2000,0,2000,0,0,0,0,0,0,0,0,0,0,0,0,0,2000
053306,晶技凱基97購01  ,0,0,0,0,0,0,0,0,0,2000,0,0,0,12000,10000,2000,2000
053365,彩晶國泰98購01  ,0,0,0,0,0,0,0,0,0,2000,0,0,0,2000,0,2000,2000
053055,聯詠國票97購01  ,0,0,0,0,0,0,0,0,0,2000,0,0,0,2000,0,2000,2000
05282P,可成元大95售09  ,0,0,0,0,0,0,0,0,0,2000,0,0,0,9000,7000,2000,2000
052031,臺股指群益95購04,0,0,0,0,0,0,0,0,0,2000,0,0,0,2000,0,2000,2000
052049,緯創凱基97購01  ,0,0,0,0,0,0,0,0,0,2000,0,0,0,15000,13000,2000,2000
051776,上証2X群益99購01,0,0,0,0,0,0,0,0,0,2000,0,0,0,2000,0,2000,2000
051532,潤泰全國票96購01,0,0,0,0,0,0,0,0,0,2000,0,0,0,2000,0,2000,2000
051507,彩晶元富95購01  ,0,0,0,0,0,0,0,0,0,2000,0,0,0,92000,90000,2000,2000
052704,TPK國票97購01   ,0,0,0,0,0,0,0,0,0,2000,0,0,0,42000,40000,2000,2000
052346,訊芯凱基95購01  ,0,0,0,0,0,0,0,0,0,2000,0,0,0,4000,2000,2000,2000
052368,力成國票96購01  ,0,0,0,0,0,0,0,0,0,2000,0,0,0,2000,0,2000,2000
052234,GIS凱基97購01   ,0,0,0,0,0,0,0,0,0,2000,0,0,0,4000,2000,2000,2000
020004,兆豐電菁英30N   ,0,0,0,0,0,0,0,0,0,2000,0,0,0,2000,0,2000,2000
020006,永昌中小300N    ,0,0,0,0,0,0,0,0,0,2000,0,0,0,2000,0,2000,2000
03558P,矽創元大02售01  ,0,0,0,0,0,0,0,0,0,2000,0,0,0,2000,0,2000,2000
00661,元大日經225     ,0,0,0,0,0,0,0,0,0,2000,0,0,0,2000,0,2000,2000
042792,T50反1台新9C購01,0,0,0,0,0,0,0,0,0,2000,0,0,0,2000,0,2000,2000
043473,信邦元大91購01  ,0,0,0,0,0,0,0,0,0,2000,0,0,0,2000,0,2000,2000
040408,祥碩中信91購01  ,0,0,0,0,0,0,0,0,0,2000,0,0,0,2000,0,2000,2000
040475,台表科群益92購01,0,0,0,0,0,0,0,0,0,2000,0,0,0,2000,0,2000,2000
043298,旺宏中信91購01  ,0,0,0,0,0,0,0,0,0,2000,0,0,0,2000,0,2000,2000
043318,華新科永豐91購01,0,0,0,0,0,0,0,0,0,2000,0,0,0,12000,10000,2000,2000
041079,台積電統一91購02,0,0,0,0,0,0,0,0,0,2000,0,0,0,2000,0,2000,2000
042139,國巨元大92購02  ,0,0,0,0,0,0,0,0,0,2000,0,0,0,2000,0,2000,2000
045220,漢唐元大94購01  ,0,0,0,0,0,0,0,0,0,2000,0,0,0,2000,0,2000,2000
045349,大立光凱基93購07,0,0,0,0,0,0,0,0,0,2000,0,0,0,3000,1000,2000,2000
045293,鴻海元大94購01  ,0,0,0,0,0,0,0,0,0,2000,0,0,0,2000,0,2000,2000
048327,緯穎國泰94購01  ,0,0,0,0,0,0,0,0,0,2000,0,0,0,2000,0,2000,2000
048316,可成凱基93購15  ,0,0,0,0,0,0,0,0,0,2000,0,0,0,2000,0,2000,2000
048389,國巨國票94購01  ,0,0,0,0,0,0,0,0,0,2000,0,0,0,2000,0,2000,2000
043841,臺股指國票91購15,0,0,0,0,0,0,0,0,0,2000,0,0,0,2000,0,2000,2000
043743,台積電元大91購19,0,0,0,0,0,0,0,0,0,2000,0,0,0,2000,0,2000,2000
044200,群創國票93購01  ,0,0,0,0,0,0,0,0,0,2000,0,0,0,4000,2000,2000,2000
044126,奇力新凱基93購01,0,0,0,0,0,0,0,0,0,2000,0,0,0,32000,30000,2000,2000
043539,鴻海國票91購01  ,0,0,0,0,0,0,0,0,0,2000,0,0,0,2000,0,2000,2000
044928,玉晶光國泰93購01,0,0,0,0,0,0,0,0,0,2000,0,0,0,2000,0,2000,2000
045411,奇力新群益92購02,0,0,0,0,0,0,0,0,0,2000,0,0,0,2000,0,2000,2000
043898,可成群益92購02  ,0,0,0,0,0,0,0,0,0,2000,0,0,0,22000,20000,2000,2000
043895,鴻海群益92購01  ,0,0,0,0,0,0,0,0,0,2000,0,0,0,48000,46000,2000,2000
04407P,滬深2X統一94售02,0,0,0,0,0,0,0,0,0,2000,0,0,0,2000,0,2000,2000
046418,智原元大92購02  ,0,0,0,0,0,0,0,0,0,2000,0,0,0,7000,5000,2000,2000
047988,志超群益93購02  ,0,0,0,0,0,0,0,0,0,2000,0,0,0,2000,0,2000,2000
04764P,台光電台新94售01,0,0,0,0,0,0,0,0,0,2000,0,0,0,85000,83000,2000,2000
048042,廣越康和93購02  ,0,0,0,0,0,0,0,0,0,2000,0,0,0,2000,0,2000,2000
047309,鴻海元大93購13  ,0,0,0,0,0,0,0,0,0,2000,0,0,0,2000,0,2000,2000
047316,大立光元大94購01,0,0,0,0,0,0,0,0,0,2000,0,0,0,6000,4000,2000,2000
046560,南亞科凱基92購04,0,0,0,0,0,0,0,0,0,2000,0,0,0,2000,0,2000,2000
045654,志超凱基93購01  ,0,0,0,0,0,0,0,0,0,2000,0,0,0,2000,0,2000,2000
045668,奇力新元富92購01,0,0,0,0,0,0,0,0,0,2000,0,0,0,2000,0,2000,2000
052908,大成鋼統一96購01,0,0,0,0,0,0,0,0,0,2000,0,0,0,2000,0,2000,2000
048826,宏達電凱基94購01,0,0,0,0,0,0,0,0,0,2000,0,0,0,2000,0,2000,2000
048805,瀚宇博富邦95購01,0,0,0,0,0,0,0,0,0,2000,0,0,0,37000,35000,2000,2000
048755,志超元富96購01  ,0,0,0,0,0,0,0,0,0,2000,0,0,0,2000,0,2000,2000
052956,聯發科日盛96購01,0,0,0,0,0,0,0,0,0,2000,0,0,0,29000,27000,2000,2000
048601,智易國票94購03  ,0,0,0,0,0,0,0,0,0,2000,0,0,0,2000,0,2000,2000
048633,台達電元大94購02,0,0,0,0,0,0,0,0,0,2000,0,0,0,3000,1000,2000,2000
048636,鴻海元大94購05  ,0,0,0,0,0,0,0,0,0,2000,0,0,0,4000,2000,2000,2000
048706,緯穎國票94購01  ,0,0,0,0,0,0,0,0,0,2000,0,0,0,3000,1000,2000,2000
047711,華新科凱基94購03,0,0,0,0,0,0,0,0,0,2000,0,0,0,2000,0,2000,2000
047714,禾伸堂凱基93購03,0,0,0,0,0,0,0,0,0,2000,0,0,0,49000,47000,2000,2000
046910,超眾凱基93購06  ,0,0,0,0,0,0,0,0,0,2000,0,0,0,2000,0,2000,2000
047706,燿華凱基95購01  ,0,0,0,0,0,0,0,0,0,2000,0,0,0,12000,10000,2000,2000
047731,志超群益93購01  ,0,0,0,0,0,0,0,0,0,2000,0,0,0,2000,0,2000,2000
048093,聯發科凱基93購30,0,0,0,0,0,0,0,0,0,2000,0,0,0,52000,50000,2000,2000
047055,旭富國票93購01  ,0,0,0,0,0,0,0,0,0,2000,0,0,0,5000,3000,2000,2000
046280,國巨永豐92購03  ,0,0,0,0,0,0,0,0,0,2000,0,0,0,2000,0,2000,2000
048153,台積電兆豐94購01,0,0,0,0,0,0,0,0,0,2000,0,0,0,3000,1000,2000,2000
047444,晶技元大93購03  ,0,0,0,0,0,0,0,0,0,2000,0,0,0,27000,25000,2000,2000
045715,華邦電凱基92購04,0,0,0,0,0,0,0,0,0,2000,0,0,0,62000,60000,2000,2000
046081,康舒凱基92購01  ,0,0,0,0,0,0,0,0,0,2000,0,0,0,20000,18000,2000,2000
04676P,彩晶統一94售03  ,0,0,0,0,0,0,0,0,0,2000,0,0,0,2000,0,2000,2000
046687,TPK國票93購01   ,0,0,0,0,0,0,0,0,0,2000,0,0,0,22000,20000,2000,2000
046726,台新金元大93購01,0,0,0,0,0,0,0,0,0,2000,0,0,0,2000,0,2000,2000
046847,志超永豐93購01  ,0,0,0,0,0,0,0,0,0,2000,0,0,0,2000,0,2000,2000
046829,義隆群益93購01  ,0,0,0,0,0,0,0,0,0,2000,0,0,0,7000,5000,2000,2000
049408,旺宏日盛94購01  ,0,0,0,0,0,0,0,0,0,2000,0,0,0,12000,10000,2000,2000
049432,聯詠國票95購01  ,0,0,0,0,0,0,0,0,0,2000,0,0,0,22000,20000,2000,2000
049322,志超凱基94購02  ,0,0,0,0,0,0,0,0,0,2000,0,0,0,2000,0,2000,2000
049280,創意國票95購01  ,0,0,0,0,0,0,0,0,0,2000,0,0,0,2000,0,2000,2000
050038,金融類元大94購04,0,0,0,0,0,0,0,0,0,2000,0,0,0,2000,0,2000,2000
049990,志超凱基94購03  ,0,0,0,0,0,0,0,0,0,2000,0,0,0,2000,0,2000,2000
049693,可成元大94購08  ,0,0,0,0,0,0,0,0,0,2000,0,0,0,2000,0,2000,2000
049671,上証2X富邦95購01,0,0,0,0,0,0,0,0,0,2000,0,0,0,2000,0,2000,2000
049855,台表科群益94購01,0,0,0,0,0,0,0,0,0,2000,0,0,0,2000,0,2000,2000
050738,臺股指康和94購01,0,0,0,0,0,0,0,0,0,2000,0,0,0,3000,1000,2000,2000
050564,臻鼎元富94購08  ,0,0,0,0,0,0,0,0,0,2000,0,0,0,370000,368000,2000,2000
050589,昇陽半國票94購02,0,0,0,0,0,0,0,0,0,2000,0,0,0,2000,0,2000,2000
050240,聯發科凱基94購13,0,0,0,0,0,0,0,0,0,2000,0,0,0,146000,144000,2000,2000
05133P,臺股指日盛95售01,0,0,0,0,0,0,0,0,0,2000,0,0,0,4000,2000,2000,2000
051308,GIS凱基95購04   ,0,0,0,0,0,0,0,0,0,2000,0,0,0,12000,10000,2000,2000
051189,鴻海兆豐96購01  ,0,0,0,0,0,0,0,0,0,2000,0,0,0,40000,38000,2000,2000
051220,大立光元富95購08,0,0,0,0,0,0,0,0,0,2000,0,0,0,2000,0,2000,2000
051062,超眾群益95購02  ,0,0,0,0,0,0,0,0,0,2000,0,0,0,2000,0,2000,2000
05110P,上銀統一95售01  ,0,0,0,0,0,0,0,0,0,2000,0,0,0,81000,79000,2000,2000
6183,關貿            ,17000,15000,2000,0,0,0,0,0,0,0,0,0,0,0,0,0,2000
9941A,裕融甲特        ,0,0,0,0,0,0,0,0,0,2000,2000,0,2000,0,0,0,2000
054034,景碩中信96購01  ,0,0,0,0,0,0,0,0,0,2000,0,0,0,50000,48000,2000,2000
054293,健策元大98購02  ,0,0,0,0,0,0,0,0,0,2000,0,0,0,162000,160000,2000,2000
053811,國巨群益98購02  ,0,0,0,0,0,0,0,0,0,2000,0,0,0,50000,48000,2000,2000
053895,智易群益96購02  ,0,0,0,0,0,0,0,0,0,2000,0,0,0,2000,0,2000,2000
054349,同欣電國票97購02,0,0,0,0,0,0,0,0,0,2000,0,0,0,12000,10000,2000,2000
054529,T50反1國泰97購02,0,0,0,0,0,0,0,0,0,2000,0,0,0,2000,0,2000,2000
054593,滬深2X永昌9A購01,0,0,0,0,0,0,0,0,0,2000,0,0,0,4000,2000,2000,2000
05639P,欣興統一97售01  ,0,0,0,0,0,0,0,0,0,2000,0,0,0,10000,8000,2000,2000
05828P,台積電統一97售02,0,0,0,0,0,0,0,0,0,2000,0,0,0,2000,0,2000,2000
1225,福懋油          ,20000,16000,4000,0,0,0,0,0,0,-2000,0,2000,-2000,0,0,0,2000
07480P,FBVIX凱基94售01 ,0,0,0,0,0,0,0,0,0,2000,0,0,0,3000,1000,2000,2000
052227,瑞昱凱基95購05  ,0,0,0,0,0,0,0,0,0,1000,0,0,0,137000,136000,1000,1000
052686,華新科元大96購03,0,0,0,0,0,0,0,0,0,1000,0,0,0,1000,0,1000,1000
052661,奇力新國票97購03,0,0,0,0,0,0,0,0,0,1000,0,0,0,1000,0,1000,1000
052662,華新科國票97購01,0,0,0,0,0,0,0,0,0,1000,0,0,0,1000,0,1000,1000
052418,玉晶光兆豐96購01,0,0,0,0,0,0,0,0,0,1000,0,0,0,1000,0,1000,1000
051518,富邦金凱基95購01,0,0,0,0,0,0,0,0,0,1000,0,0,0,82000,81000,1000,1000
051710,和碩群益95購01  ,0,0,0,0,0,0,0,0,0,1000,0,0,0,99000,98000,1000,1000
052081,臺股指元富95購03,0,0,0,0,0,0,0,0,0,1000,0,0,0,1000,0,1000,1000
051870,台郡凱基95購04  ,0,0,0,0,0,0,0,0,0,1000,0,0,0,1000,0,1000,1000
051826,智邦元大95購03  ,0,0,0,0,0,0,0,0,0,1000,0,0,0,240000,239000,1000,1000
052831,華固群益96購01  ,0,0,0,0,0,0,0,0,0,1000,0,0,0,1000,0,1000,1000
052749,日月光元大96購02,0,0,0,0,0,0,0,0,0,1000,0,0,0,5000,4000,1000,1000
052760,盟立群益96購01  ,0,0,0,0,0,0,0,0,0,1000,0,0,0,1000,0,1000,1000
053389,彩晶元大98購01  ,0,0,0,0,0,0,0,0,0,1000,0,0,0,1000,0,1000,1000
053283,同欣電元大96購03,0,0,0,0,0,0,0,0,0,1000,0,0,0,86000,85000,1000,1000
053320,華新科群益97購01,0,0,0,0,0,0,0,0,0,1000,0,0,0,8000,7000,1000,1000
053151,華新科元大96購04,0,0,0,0,0,0,0,0,0,1000,0,0,0,1000,0,1000,1000
053193,超眾統一97購01  ,0,0,0,0,0,0,0,0,0,1000,0,0,0,1000,0,1000,1000
2936,客思達-KY       ,1000,0,1000,0,0,0,0,0,0,0,0,0,0,0,0,0,1000
2489,瑞軒            ,136000,148000,-12000,0,0,0,0,0,0,13000,22000,9000,13000,0,0,0,1000
2204,中華            ,133000,130000,3000,0,0,0,0,0,0,-2000,0,2000,-2000,0,0,0,1000
044051,儒鴻元大92購02  ,0,0,0,0,0,0,0,0,0,1000,0,0,0,1000,0,1000,1000
044053,國巨元大92購11  ,0,0,0,0,0,0,0,0,0,1000,0,0,0,1000,0,1000,1000
043968,易華電國泰92購02,0,0,0,0,0,0,0,0,0,1000,0,0,0,1000,0,1000,1000
043982,華邦電元大91購01,0,0,0,0,0,0,0,0,0,1000,0,0,0,1000,0,1000,1000
043904,A50正2日盛91購01,0,0,0,0,0,0,0,0,0,1000,0,0,0,1000,0,1000,1000
045392,滬深2X國泰93購01,0,0,0,0,0,0,0,0,0,1000,0,0,0,1000,0,1000,1000
044512,奇力新凱基93購02,0,0,0,0,0,0,0,0,0,1000,0,0,0,3000,2000,1000,1000
044505,台積電凱基91購17,0,0,0,0,0,0,0,0,0,1000,0,0,0,1000,0,1000,1000
044428,卜蜂富邦92購01  ,0,0,0,0,0,0,0,0,0,1000,0,0,0,1000,0,1000,1000
044908,玉晶光凱基93購01,0,0,0,0,0,0,0,0,0,1000,0,0,0,1000,0,1000,1000
043495,祥碩統一91購01  ,0,0,0,0,0,0,0,0,0,1000,0,0,0,1000,0,1000,1000
043487,新光金兆豐91購01,0,0,0,0,0,0,0,0,0,1000,0,0,0,62000,61000,1000,1000
044698,奇力新元大93購01,0,0,0,0,0,0,0,0,0,1000,0,0,0,41000,40000,1000,1000
044139,鴻海群益91購06  ,0,0,0,0,0,0,0,0,0,1000,0,0,0,1000,0,1000,1000
044143,台光電群益91購01,0,0,0,0,0,0,0,0,0,1000,0,0,0,1000,0,1000,1000
044176,京鼎統一91購01  ,0,0,0,0,0,0,0,0,0,1000,0,0,0,1000,0,1000,1000
044523,致伸凱基91購02  ,0,0,0,0,0,0,0,0,0,1000,0,0,0,1000,0,1000,1000
044541,景碩群益91購01  ,0,0,0,0,0,0,0,0,0,1000,0,0,0,3000,2000,1000,1000
044538,南亞科群益91購05,0,0,0,0,0,0,0,0,0,1000,0,0,0,1000,0,1000,1000
044586,康友元富91購03  ,0,0,0,0,0,0,0,0,0,1000,0,0,0,9000,8000,1000,1000
043741,廣宇元大91購01  ,0,0,0,0,0,0,0,0,0,1000,0,0,0,3000,2000,1000,1000
045069,美律元大93購03  ,0,0,0,0,0,0,0,0,0,1000,0,0,0,1000,0,1000,1000
043643,上銀國票91購02  ,0,0,0,0,0,0,0,0,0,1000,0,0,0,1000,0,1000,1000
043640,深中小國票91購01,0,0,0,0,0,0,0,0,0,1000,0,0,0,1000,0,1000,1000
043799,臺股指凱基91購10,0,0,0,0,0,0,0,0,0,1000,0,0,0,1000,0,1000,1000
04476P,玉晶光元大94售05,0,0,0,0,0,0,0,0,0,1000,0,0,0,300000,299000,1000,1000
044755,可成凱基91購10  ,0,0,0,0,0,0,0,0,0,1000,0,0,0,1000,0,1000,1000
043699,喬山康和91購02  ,0,0,0,0,0,0,0,0,0,1000,0,0,0,1000,0,1000,1000
048390,國巨國票94購02  ,0,0,0,0,0,0,0,0,0,1000,0,0,0,1000,0,1000,1000
048208,臺股指元大93購42,0,0,0,0,0,0,0,0,0,1000,0,0,0,1000,0,1000,1000
048191,亞德客元大93購06,0,0,0,0,0,0,0,0,0,1000,0,0,0,2000,1000,1000,1000
045281,鴻海富邦92購01  ,0,0,0,0,0,0,0,0,0,1000,0,0,0,1000,0,1000,1000
044413,上銀統一91購01  ,0,0,0,0,0,0,0,0,0,1000,0,0,0,1000,0,1000,1000
045309,訊芯元大92購01  ,0,0,0,0,0,0,0,0,0,1000,0,0,0,1000,0,1000,1000
045300,建準元大92購01  ,0,0,0,0,0,0,0,0,0,1000,0,0,0,1000,0,1000,1000
044334,華新科統一91購02,0,0,0,0,0,0,0,0,0,1000,0,0,0,2000,1000,1000,1000
045268,康普凱基92購01  ,0,0,0,0,0,0,0,0,0,1000,0,0,0,1000,0,1000,1000
04427P,滬深2X元大97售02,0,0,0,0,0,0,0,0,0,1000,0,0,0,1000,0,1000,1000
04142P,元油反凱基99售01,0,0,0,0,0,0,0,0,0,1000,0,0,0,1000,0,1000,1000
041990,A50正2國票97購01,0,0,0,0,0,0,0,0,0,1000,0,0,0,8000,7000,1000,1000
041824,元油2X國票96購01,0,0,0,0,0,0,0,0,0,1000,0,0,0,1000,0,1000,1000
041836,宏達電統一92購01,0,0,0,0,0,0,0,0,0,1000,0,0,0,1000,0,1000,1000
041875,國巨兆豐91購02  ,0,0,0,0,0,0,0,0,0,1000,0,0,0,1000,0,1000,1000
041870,A50正2凱基96購01,0,0,0,0,0,0,0,0,0,1000,0,0,0,1000,0,1000,1000
043272,羅麗芬國泰94購01,0,0,0,0,0,0,0,0,0,1000,0,0,0,1000,0,1000,1000
043029,S&P反1統一93購01,0,0,0,0,0,0,0,0,0,1000,0,0,0,1000,0,1000,1000
03872P,聯詠群益93售02  ,0,0,0,0,0,0,0,0,0,1000,0,0,0,1000,0,1000,1000
042705,台積電亞東93購01,0,0,0,0,0,0,0,0,0,1000,0,0,0,1000,0,1000,1000
035276,南亞科台新97購01,0,0,0,0,0,0,0,0,0,1000,0,0,0,1000,0,1000,1000
03420B,臺股指元大95熊31,0,0,0,0,0,0,0,0,0,1000,0,0,0,7000,6000,1000,1000
00654R,富邦印度反1     ,0,0,0,0,0,0,0,0,0,1000,0,0,0,1000,0,1000,1000
00770,國泰北美科技    ,0,0,0,0,0,0,0,0,0,1000,0,0,0,4000,3000,1000,1000
00709,富邦歐洲        ,0,0,0,0,0,0,0,0,0,1000,0,0,0,101000,100000,1000,1000
03792P,台光電永豐93售01,0,0,0,0,0,0,0,0,0,1000,0,0,0,1000,0,1000,1000
03145P,聯發科國票03售01,0,0,0,0,0,0,0,0,0,1000,0,0,0,1000,0,1000,1000
046048,臺股指元大93購18,0,0,0,0,0,0,0,0,0,1000,0,0,0,1000,0,1000,1000
046387,臻鼎凱基92購04  ,0,0,0,0,0,0,0,0,0,1000,0,0,0,1000,0,1000,1000
046663,亞光元大93購02  ,0,0,0,0,0,0,0,0,0,1000,0,0,0,1000,0,1000,1000
046670,彩晶元大93購02  ,0,0,0,0,0,0,0,0,0,1000,0,0,0,1000,0,1000,1000
045682,致伸元大92購01  ,0,0,0,0,0,0,0,0,0,1000,0,0,0,1000,0,1000,1000
047917,台積電凱基94購01,0,0,0,0,0,0,0,0,0,1000,0,0,0,3000,2000,1000,1000
04713P,創意元大95售01  ,0,0,0,0,0,0,0,0,0,1000,0,0,0,1000,0,1000,1000
047121,訊芯元大93購03  ,0,0,0,0,0,0,0,0,0,1000,0,0,0,1000,0,1000,1000
047461,大立光群益93購09,0,0,0,0,0,0,0,0,0,1000,0,0,0,18000,17000,1000,1000
046624,彩晶凱基94購02  ,0,0,0,0,0,0,0,0,0,1000,0,0,0,11000,10000,1000,1000
046299,大立光富邦93購04,0,0,0,0,0,0,0,0,0,1000,0,0,0,1000,0,1000,1000
047813,華新科凱基93購07,0,0,0,0,0,0,0,0,0,1000,0,0,0,1000,0,1000,1000
047113,聯發科元大93購12,0,0,0,0,0,0,0,0,0,1000,0,0,0,2000,1000,1000,1000
048113,欣興群益93購08  ,0,0,0,0,0,0,0,0,0,1000,0,0,0,5000,4000,1000,1000
048536,南電國票93購04  ,0,0,0,0,0,0,0,0,0,1000,0,0,0,31000,30000,1000,1000
047740,樺漢永豐93購01  ,0,0,0,0,0,0,0,0,0,1000,0,0,0,71000,70000,1000,1000
047707,南亞科凱基93購03,0,0,0,0,0,0,0,0,0,1000,0,0,0,1000,0,1000,1000
047702,鴻海凱基94購13  ,0,0,0,0,0,0,0,0,0,1000,0,0,0,25000,24000,1000,1000
046925,華新科國泰94購03,0,0,0,0,0,0,0,0,0,1000,0,0,0,1000,0,1000,1000
046125,致伸元大92購04  ,0,0,0,0,0,0,0,0,0,1000,0,0,0,1000,0,1000,1000
048704,台表科國票95購01,0,0,0,0,0,0,0,0,0,1000,0,0,0,1000,0,1000,1000
048698,宏達電國票95購01,0,0,0,0,0,0,0,0,0,1000,0,0,0,1000,0,1000,1000
048748,國巨元富96購01  ,0,0,0,0,0,0,0,0,0,1000,0,0,0,1000,0,1000,1000
048832,玉晶光凱基95購02,0,0,0,0,0,0,0,0,0,1000,0,0,0,1000,0,1000,1000
045659,華新科國泰94購01,0,0,0,0,0,0,0,0,0,1000,0,0,0,1000,0,1000,1000
045789,致伸元大92購02  ,0,0,0,0,0,0,0,0,0,1000,0,0,0,1000,0,1000,1000
045792,鴻海兆豐92購04  ,0,0,0,0,0,0,0,0,0,1000,0,0,0,1000,0,1000,1000
045921,臺股指國票92購11,0,0,0,0,0,0,0,0,0,1000,0,0,0,1000,0,1000,1000
045916,臺股指國票92購06,0,0,0,0,0,0,0,0,0,1000,0,0,0,1000,0,1000,1000
047273,奇力新永豐93購03,0,0,0,0,0,0,0,0,0,1000,0,0,0,1000,0,1000,1000
046518,致伸元大92購06  ,0,0,0,0,0,0,0,0,0,1000,0,0,0,1000,0,1000,1000
046496,鴻海元大92購16  ,0,0,0,0,0,0,0,0,0,1000,0,0,0,152000,151000,1000,1000
047344,亞德客凱基93購02,0,0,0,0,0,0,0,0,0,1000,0,0,0,1000,0,1000,1000
045578,建準元大92購02  ,0,0,0,0,0,0,0,0,0,1000,0,0,0,1000,0,1000,1000
048082,台苯凱基93購01  ,0,0,0,0,0,0,0,0,0,1000,0,0,0,10000,9000,1000,1000
045591,彩晶元大93購01  ,0,0,0,0,0,0,0,0,0,1000,0,0,0,1000,0,1000,1000
047943,欣興國票93購06  ,0,0,0,0,0,0,0,0,0,1000,0,0,0,3000,2000,1000,1000
047551,聯發科凱基93購14,0,0,0,0,0,0,0,0,0,1000,0,0,0,1000,0,1000,1000
047974,新光金兆豐93購01,0,0,0,0,0,0,0,0,0,1000,0,0,0,21000,20000,1000,1000
045528,宏達電永豐92購01,0,0,0,0,0,0,0,0,0,1000,0,0,0,21000,20000,1000,1000
045556,可成國票93購01  ,0,0,0,0,0,0,0,0,0,1000,0,0,0,1000,0,1000,1000
05109P,臺股指麥證95售01,0,0,0,1000,0,1000,0,0,0,1000,0,0,0,1000,0,1000,1000
051076,緯創國泰96購01  ,0,0,0,0,0,0,0,0,0,1000,0,0,0,100000,99000,1000,1000
051028,台光電元富95購02,0,0,0,0,0,0,0,0,0,1000,0,0,0,6000,5000,1000,1000
051015,南亞科凱基95購04,0,0,0,0,0,0,0,0,0,1000,0,0,0,31000,30000,1000,1000
051287,台積電統一95購05,0,0,0,0,0,0,0,0,0,1000,0,0,0,169000,168000,1000,1000
051412,奇力新國票96購01,0,0,0,0,0,0,0,0,0,1000,0,0,0,1000,0,1000,1000
051422,超眾國票96購01  ,0,0,0,0,0,0,0,0,0,1000,0,0,0,8000,7000,1000,1000
051418,智易國票97購01  ,0,0,0,0,0,0,0,0,0,1000,0,0,0,1000,0,1000,1000
050282,T50反1凱基97購01,0,0,0,0,0,0,0,0,0,1000,0,0,0,6000,5000,1000,1000
050537,鴻海凱基95購05  ,0,0,0,0,0,0,0,0,0,1000,0,0,0,30000,29000,1000,1000
050517,台積電元大94購27,0,0,0,0,0,0,0,0,0,1000,0,0,0,124000,123000,1000,1000
050429,漢唐凱基94購04  ,0,0,0,0,0,0,0,0,0,1000,0,0,0,1000,0,1000,1000
050432,聯發科凱基94購19,0,0,0,0,0,0,0,0,0,1000,0,0,0,60000,59000,1000,1000
050604,上証2X永昌94購01,0,0,0,0,0,0,0,0,0,1000,0,0,0,2000,1000,1000,1000
050635,昇陽半群益94購04,0,0,0,0,0,0,0,0,0,1000,0,0,0,1000,0,1000,1000
050555,道瓊銀統一94購01,0,0,0,0,0,0,0,0,0,1000,0,0,0,1000,0,1000,1000
050653,聯鈞凱基96購01  ,0,0,0,0,0,0,0,0,0,1000,0,0,0,43000,42000,1000,1000
050793,大立光富邦96購03,0,0,0,0,0,0,0,0,0,1000,0,0,0,7000,6000,1000,1000
050794,大立光富邦96購04,2000,0,2000,0,0,0,0,0,0,-1000,0,0,0,12000,13000,-1000,1000
050842,旺宏國票97購01  ,0,0,0,0,0,0,0,0,0,1000,0,0,0,12000,11000,1000,1000
049842,道瓊反中信98購01,0,0,0,0,0,0,0,0,0,1000,0,0,0,13000,12000,1000,1000
049732,國巨群益94購05  ,0,0,0,0,0,0,0,0,0,1000,0,0,0,1000,0,1000,1000
049687,國巨元大94購09  ,0,0,0,0,0,0,0,0,0,1000,0,0,0,1000,0,1000,1000
049703,訊芯元大95購01  ,0,0,0,0,0,0,0,0,0,1000,0,0,0,1000,0,1000,1000
049589,奇力新元大95購02,0,0,0,0,0,0,0,0,0,1000,0,0,0,1000,0,1000,1000
050063,聯發科凱基94購09,0,0,0,0,0,0,0,0,0,1000,0,0,0,34000,33000,1000,1000
050079,元油2X統一94購06,0,0,0,0,0,0,0,0,0,1000,0,0,0,3000,2000,1000,1000
050082,聯發科統一94購08,0,0,0,0,0,0,0,0,0,1000,0,0,0,1000,0,1000,1000
049251,國巨元大95購02  ,0,0,0,0,0,0,0,0,0,1000,0,0,0,1000,0,1000,1000
049140,台積電元大94購07,0,0,0,0,0,0,0,0,0,1000,0,0,0,2000,1000,1000,1000
049072,台積電凱基94購08,0,0,0,0,0,0,0,0,0,1000,0,0,0,11000,10000,1000,1000
049447,聯電統一94購01  ,0,0,0,0,0,0,0,0,0,1000,0,0,0,20000,19000,1000,1000
048917,和鑫台新94購01  ,0,0,0,0,0,0,0,0,0,1000,0,0,0,60000,59000,1000,1000
048938,玉晶光永豐95購02,0,0,0,0,0,0,0,0,0,1000,0,0,0,1000,0,1000,1000
049503,矽創元大94購01  ,0,0,0,0,0,0,0,0,0,1000,0,0,0,1000,0,1000,1000
049515,同欣電凱基94購01,0,0,0,0,0,0,0,0,0,1000,0,0,0,21000,20000,1000,1000
049553,鴻海國泰96購02  ,0,0,0,0,0,0,0,0,0,1000,0,0,0,1000,0,1000,1000
05701P,彩晶凱基96售01  ,0,0,0,0,0,0,0,0,0,1000,0,0,0,1000,0,1000,1000
054530,台光電國泰97購03,0,0,0,0,0,0,0,0,0,1000,0,0,0,6000,5000,1000,1000
054436,高鐵台新97購02  ,0,0,0,0,0,0,0,0,0,1000,0,0,0,10000,9000,1000,1000
053928,智易國票97購03  ,0,0,0,0,0,0,0,0,0,1000,0,0,0,1000,0,1000,1000
053979,健策元大98購01  ,0,0,0,0,0,0,0,0,0,1000,0,0,0,112000,111000,1000,1000
054311,世芯凱基96購02  ,0,0,0,0,0,0,0,0,0,1000,0,0,0,11000,10000,1000,1000
054257,揚明光元大96購02,0,0,0,0,0,0,0,0,0,1000,0,0,0,5000,4000,1000,1000
054056,華新科國票96購02,0,0,0,0,0,0,0,0,0,1000,0,0,0,1000,0,1000,1000
054136,亞光元大96購04  ,0,0,0,0,0,0,0,0,0,1000,0,0,0,1000,0,1000,1000
9919,康那香          ,31000,30000,1000,0,0,0,0,0,0,0,0,0,0,0,0,0,1000
053546,台積電凱基96購13,0,0,0,0,0,0,0,0,0,1000,0,0,0,4000,3000,1000,1000
053683,上証2X元大96購03,0,0,0,0,0,0,0,0,0,1000,0,0,0,2000,1000,1000,1000
6117,迎廣            ,1000,0,1000,0,0,0,0,0,0,0,0,0,0,0,0,0,1000
910322,康師傅-DR       ,1000,0,1000,0,0,0,0,0,0,0,0,0,0,0,0,0,1000
9136,巨騰-DR         ,1000,0,1000,0,0,0,0,0,0,0,0,0,0,0,0,0,1000
8422,可寧衛          ,15000,13000,2000,0,0,0,0,0,0,-1000,0,1000,-1000,0,0,0,1000
1617,榮星            ,2000,2000,0,0,0,0,0,0,0,0,0,0,0,0,0,0,0
1337,再生-KY         ,3000,3000,0,0,0,0,0,0,0,0,0,0,0,0,0,0,0
1528,恩德            ,3000,3000,0,0,0,0,0,0,0,0,0,0,0,0,0,0,0
2545,皇翔            ,137000,137000,0,0,0,0,0,0,0,0,0,0,0,0,0,0,0
2642,宅配通          ,80000,80000,0,0,0,0,0,0,0,0,0,0,0,0,0,0,0
3058,立德            ,1000,1000,0,0,0,0,0,0,0,0,0,0,0,0,0,0,0
053254,群創國泰98購02  ,0,0,0,0,0,0,0,0,0,0,0,0,0,10000,10000,0,0
053272,鴻海元大96購17  ,0,0,0,0,0,0,0,0,0,0,0,0,0,503000,503000,0,0
053236,群創永豐97購02  ,0,0,0,0,0,0,0,0,0,0,0,0,0,11000,11000,0,0
05329P,臺股指凱基95售13,0,0,0,0,0,0,0,0,0,0,0,0,0,20000,20000,0,0
053314,A50正2群益9A購01,0,0,0,0,0,0,0,0,0,0,0,0,0,5000,5000,0,0
053316,友達群益9A購01  ,0,0,0,0,0,0,0,0,0,0,0,0,0,10000,10000,0,0
053397,國泰金中信96購01,0,0,0,0,0,0,0,0,0,0,0,0,0,15000,15000,0,0
052860,旺宏凱基96購03  ,0,0,0,0,0,0,0,0,0,0,0,0,0,80000,80000,0,0
052991,台積電台新96購01,0,0,0,0,0,0,0,0,0,0,0,0,0,22000,22000,0,0
053060,大立光永昌96購05,0,0,0,0,0,0,0,0,0,0,0,0,0,4000,4000,0,0
053059,聯發科永昌99購01,0,0,0,0,0,0,0,0,0,0,0,0,0,20000,20000,0,0
051787,燿華國票96購02  ,0,0,0,0,0,0,0,0,0,0,0,0,0,5000,5000,0,0
051890,智邦元富95購03  ,0,0,0,0,0,0,0,0,0,0,0,0,0,98000,98000,0,0
051905,道瓊銀元大95購01,0,0,0,0,0,0,0,0,0,0,0,0,0,130000,130000,0,0
052087,鴻海元大96購09  ,0,0,0,0,0,0,0,0,0,0,0,0,0,23000,23000,0,0
052048,景碩凱基95購01  ,0,0,0,0,0,0,0,0,0,0,0,0,0,10000,10000,0,0
051979,群創凱基97購01  ,0,0,0,0,0,0,0,0,0,0,0,0,0,5000,5000,0,0
051973,華新科凱基96購04,0,0,0,0,0,0,0,0,0,0,0,0,0,40000,40000,0,0
051730,為升國票96購02  ,0,0,0,0,0,0,0,0,0,0,0,0,0,10000,10000,0,0
051663,鴻海元大95購18  ,0,0,0,0,0,0,0,0,0,0,0,0,0,522000,522000,0,0
051673,玉晶光元大96購04,0,0,0,0,0,0,0,0,0,0,0,0,0,375000,375000,0,0
05168P,鴻海元大95售14  ,0,0,0,0,0,0,0,0,0,0,0,0,0,114000,114000,0,0
051685,台光電凱基95購01,0,0,0,0,0,0,0,0,0,0,0,0,0,30000,30000,0,0
051686,宏達電凱基95購04,0,0,0,0,0,0,0,0,0,0,0,0,0,6000,6000,0,0
051515,聯發科凱基95購10,0,0,0,0,0,0,0,0,0,0,0,0,0,12000,12000,0,0
051509,鴻海中信97購01  ,0,0,0,0,0,0,0,0,0,0,0,0,0,48000,48000,0,0
05146P,鴻海元大95售10  ,0,0,0,0,0,0,0,0,0,0,0,0,0,123000,123000,0,0
051472,台積電凱基95購09,0,0,0,0,0,0,0,0,0,0,0,0,0,92000,92000,0,0
051587,大立光元大95購08,0,0,0,0,0,0,0,0,0,0,0,0,0,13000,13000,0,0
051588,聯詠元大95購03  ,0,0,0,0,0,0,0,0,0,0,0,0,0,6000,6000,0,0
05243P,鴻海元大95售19  ,0,0,0,0,0,0,0,0,0,0,0,0,0,250000,250000,0,0
052478,大立光群益95購05,0,0,0,0,0,0,0,0,0,0,0,0,0,4000,4000,0,0
052492,易華電國票96購02,0,0,0,0,0,0,0,0,0,0,0,0,0,20000,20000,0,0
052511,聯發科凱基95購14,0,0,0,0,0,0,0,0,0,0,0,0,0,50000,50000,0,0
052566,國巨凱基96購04  ,0,0,0,0,0,0,0,0,0,0,0,0,0,31000,31000,0,0
052546,友達中信98購01  ,0,0,0,0,0,0,0,0,0,0,0,0,0,2000,2000,0,0
052685,技嘉元大96購01  ,0,0,0,0,0,0,0,0,0,0,0,0,0,11000,11000,0,0
052689,玉晶光元大98購03,0,0,0,0,0,0,0,0,0,0,0,0,0,1000,1000,0,0
052675,新光金國泰98購01,0,0,0,0,0,0,0,0,0,0,0,0,0,2000,2000,0,0
052696,玉晶光麥證97購01,0,0,0,3000,3000,0,0,0,0,0,0,0,0,3000,3000,0,0
052596,群創群益98購05  ,0,0,0,0,0,0,0,0,0,0,0,0,0,3000,3000,0,0
052603,鴻海元大96購15  ,0,0,0,0,0,0,0,0,0,0,0,0,0,251000,251000,0,0
05261P,鴻海元大95售20  ,0,0,0,0,0,0,0,0,0,0,0,0,0,61000,61000,0,0
052627,中壽中信98購01  ,0,0,0,0,0,0,0,0,0,0,0,0,0,50000,50000,0,0
052235,聯發科國票96購02,0,0,0,0,0,0,0,0,0,0,0,0,0,2000,2000,0,0
052171,台積電元大95購21,0,0,0,0,0,0,0,0,0,0,0,0,0,60000,60000,0,0
052193,國巨元富95購06  ,0,0,0,0,0,0,0,0,0,0,0,0,0,77000,77000,0,0
052194,旺宏元富95購04  ,0,0,0,0,0,0,0,0,0,0,0,0,0,15000,15000,0,0
052217,台光電日盛95購01,0,0,0,0,0,0,0,0,0,0,0,0,0,20000,20000,0,0
05219P,鴻海元大95售17  ,0,0,0,0,0,0,0,0,0,0,0,0,0,365000,365000,0,0
052174,聯發科元大95購13,0,0,0,0,0,0,0,0,0,0,0,0,0,1000,1000,0,0
052373,鴻海元大95購22  ,0,0,0,0,0,0,0,0,0,0,0,0,0,22000,22000,0,0
052406,力成凱基95購03  ,0,0,0,0,0,0,0,0,0,0,0,0,0,20000,20000,0,0
052338,道瓊反凱基97購02,0,0,0,0,0,0,0,0,0,0,0,0,0,125000,125000,0,0
052285,康控凱基95購02  ,0,0,0,0,0,0,0,0,0,0,0,0,0,70000,70000,0,0
05228P,大立光元富95售09,0,0,0,0,0,0,0,0,0,0,0,0,0,10000,10000,0,0
03103P,聯發科元富01售02,0,0,0,0,0,0,0,0,0,0,0,0,0,10000,10000,0,0
03779P,力山凱基93售01  ,0,0,0,0,0,0,0,0,0,0,0,0,0,3000,3000,0,0
03824P,燿華元大94售01  ,0,0,0,0,0,0,0,0,0,0,0,0,0,260000,260000,0,0
03602C,臺股指元大93牛01,0,0,0,0,0,0,0,0,0,0,0,0,0,25000,25000,0,0
03603P,群創凱基98售04  ,0,0,0,0,0,0,0,0,0,0,0,0,0,30000,30000,0,0
03767P,瑞昱元大93售05  ,0,0,0,0,0,0,0,0,0,0,0,0,0,14000,14000,0,0
00691R,兆豐藍籌30反1   ,0,0,0,0,0,0,0,0,0,0,0,0,0,1000,1000,0,0
00732,國泰RMB短期報酬 ,0,0,0,0,0,0,0,0,0,0,0,0,0,100000,100000,0,0
00767,FH美國金融股    ,0,0,0,0,0,0,0,0,0,0,0,0,0,118000,118000,0,0
00774B,新光中國政金綠債,0,0,0,0,0,0,0,0,0,0,0,0,0,2000,2000,0,0
00775B,新光投等債15+   ,0,0,0,0,0,0,0,0,0,0,0,0,0,2000,2000,0,0
00657K,國泰日經225+U   ,0,0,0,0,0,0,0,0,0,0,0,0,0,100,100,0,0
00678,群益NBI生技     ,0,0,0,0,0,0,0,0,0,0,0,0,0,300000,300000,0,0
00668K,國泰美國道瓊+U  ,0,0,0,0,0,0,0,0,0,0,0,0,0,100,100,0,0
0057,富邦摩台        ,0,0,0,0,0,0,0,0,0,0,0,0,0,21000,21000,0,0
00625K,富邦上証+R      ,0,0,0,0,0,0,0,0,0,0,0,0,0,50000,50000,0,0
00636K,國泰中國A50+U   ,0,0,0,0,0,0,0,0,0,0,0,0,0,100,100,0,0
03414P,臺股指元大03售06,0,0,0,0,0,0,0,0,0,0,0,0,0,10000,10000,0,0
03402P,大立光凱基02售07,0,0,0,0,0,0,0,0,0,0,0,0,0,300000,300000,0,0
03378P,台積電群益02售10,0,0,0,0,0,0,0,0,0,0,0,0,0,11000,11000,0,0
03532P,臺股指凱基02售11,0,0,0,0,0,0,0,0,0,0,0,0,0,16000,16000,0,0
03511P,臺股指群益02售16,0,0,0,0,0,0,0,0,0,0,0,0,0,499000,499000,0,0
03478P,義隆台新02售01  ,0,0,0,0,0,0,0,0,0,0,0,0,0,560000,560000,0,0
042679,群創元大92購02  ,0,0,0,0,0,0,0,0,0,0,0,0,0,18000,18000,0,0
038944,上海銀國泰92購01,0,0,0,0,0,0,0,0,0,0,0,0,0,15000,15000,0,0
03896P,長榮航凱基95售01,0,0,0,0,0,0,0,0,0,0,0,0,0,50000,50000,0,0
03858P,可成元富93售04  ,0,0,0,0,0,0,0,0,0,0,0,0,0,10000,10000,0,0
042942,永冠國票94購01  ,0,0,0,0,0,0,0,0,0,0,0,0,0,65000,65000,0,0
042803,天鈺元大93購01  ,0,0,0,0,0,0,0,0,0,0,0,0,0,100000,100000,0,0
042805,智邦統一93購01  ,0,0,0,0,0,0,0,0,0,0,0,0,0,2000,2000,0,0
043234,緯穎中信93購01  ,0,0,0,0,0,0,0,0,0,0,0,0,0,16000,16000,0,0
043329,聯茂元富91購01  ,0,0,0,0,0,0,0,0,0,0,0,0,0,3000,3000,0,0
043333,元大金群益91購01,0,120000,-120000,0,0,0,0,0,0,120000,0,0,0,120000,0,120000,0
043357,聯詠國票92購02  ,0,0,0,0,0,0,0,0,0,0,0,0,0,82000,82000,0,0
04336P,台達電元大93售04,0,0,0,0,0,0,0,0,0,0,0,0,0,100000,100000,0,0
04042P,臺股指統一93售07,0,0,0,0,0,0,0,0,0,0,0,0,0,188000,188000,0,0
04064P,臺股指兆豐93售03,0,0,0,0,0,0,0,0,0,0,0,0,0,20000,20000,0,0
042513,大立光凱基91購02,0,0,0,0,0,0,0,0,0,0,0,0,0,70000,70000,0,0
04518P,高鐵群益95售01  ,0,0,0,0,0,0,0,0,0,0,0,0,0,16000,16000,0,0
044299,南電凱基93購02  ,0,0,0,0,0,0,0,0,0,0,0,0,0,10000,10000,0,0
044289,群創凱基93購04  ,0,0,0,0,0,0,0,0,0,0,0,0,0,10000,10000,0,0
042237,鴻海永昌93購01  ,0,0,0,0,0,0,0,0,0,0,0,0,0,1000,1000,0,0
042449,華新科凱基91購02,0,0,0,0,0,0,0,0,0,0,0,0,0,12000,12000,0,0
045218,華邦電元大92購03,0,0,0,0,0,0,0,0,0,0,0,0,0,10000,10000,0,0
045326,智原永豐92購02  ,0,0,0,0,0,0,0,0,0,0,0,0,0,36000,36000,0,0
045327,智伸科永豐92購01,0,0,0,0,0,0,0,0,0,0,0,0,0,50000,50000,0,0
045339,鴻海凱基92購06  ,0,0,0,0,0,0,0,0,0,0,0,0,0,9000,9000,0,0
048198,大立光元大93購28,0,0,0,0,0,0,0,0,0,0,0,0,0,4000,4000,0,0
048199,大立光元大94購03,0,0,0,0,0,0,0,0,0,0,0,0,0,4000,4000,0,0
048195,聯發科元大93購23,0,0,0,0,0,0,0,0,0,0,0,0,0,11000,11000,0,0
048205,臺股指元大93購39,0,0,0,0,0,0,0,0,0,0,0,0,0,20000,20000,0,0
048217,亞德客凱基93購06,0,0,0,0,0,0,0,0,0,0,0,0,0,3000,3000,0,0
048244,廣宇兆豐93購01  ,0,0,0,0,0,0,0,0,0,0,0,0,0,7000,7000,0,0
048233,南電凱基93購05  ,0,0,0,0,0,0,0,0,0,0,0,0,0,10000,10000,0,0
048453,嘉澤凱基93購05  ,0,0,0,0,0,0,0,0,0,0,0,0,0,58000,58000,0,0
048450,聯詠凱基93購09  ,0,0,0,0,0,0,0,0,0,0,0,0,0,42000,42000,0,0
048451,智原凱基93購02  ,0,0,0,0,0,0,0,0,0,0,0,0,0,24000,24000,0,0
048440,國巨凱基93購08  ,0,0,0,0,0,0,0,0,0,0,0,0,0,2000,2000,0,0
048462,南電凱基93購06  ,0,0,0,0,0,0,0,0,0,0,0,0,0,10000,10000,0,0
048385,亞德客國票94購01,0,0,0,0,0,0,0,0,0,0,0,0,0,12000,12000,0,0
04834P,鴻海元大94售17  ,0,0,0,0,0,0,0,0,0,0,0,0,0,120000,120000,0,0
048339,友達元大95購01  ,0,0,0,0,0,0,0,0,0,0,0,0,0,2000,2000,0,0
044750,鴻海凱基93購07  ,0,0,0,0,0,0,0,0,0,0,0,0,0,32000,32000,0,0
043682,台積電凱基91購12,0,0,0,0,0,0,0,0,0,0,0,0,0,10000,10000,0,0
043790,南亞科凱基91購07,0,0,0,0,0,0,0,0,0,0,0,0,0,18000,18000,0,0
043781,鴻海麥證91購01  ,0,0,0,0,1000,-1000,0,0,0,0,0,0,0,1000,1000,0,0
043758,創意元大92購03  ,0,0,0,0,0,0,0,0,0,0,0,0,0,10000,10000,0,0
04507P,台光電元大94售03,0,0,0,0,0,0,0,0,0,0,0,0,0,100000,100000,0,0
043734,大立光富邦92購07,0,0,0,0,0,0,0,0,0,0,0,0,0,10000,10000,0,0
045145,百和兆豐92購01  ,0,0,0,0,0,0,0,0,0,0,0,0,0,60000,60000,0,0
045118,臻鼎日盛92購01  ,0,0,0,0,0,0,0,0,0,0,0,0,0,11000,11000,0,0
045115,玉晶光永豐94購01,0,0,0,0,0,0,0,0,0,0,0,0,0,10000,10000,0,0
044587,元油2X統一91購02,0,0,0,0,0,0,0,0,0,0,0,0,0,519000,519000,0,0
044579,臻鼎凱基92購02  ,0,0,0,0,0,0,0,0,0,0,0,0,0,1000,1000,0,0
044577,欣興凱基91購06  ,0,0,0,0,0,0,0,0,0,0,0,0,0,10000,10000,0,0
044563,亞德客凱基92購01,0,0,0,0,0,0,0,0,0,0,0,0,0,3000,3000,0,0
045496,鴻海凱基92購07  ,0,0,0,0,0,0,0,0,0,0,0,0,0,12000,12000,0,0
044129,群創凱基93購02  ,0,0,0,0,0,0,0,0,0,0,0,0,0,10000,10000,0,0
044701,欣興元大91購06  ,0,0,0,0,0,0,0,0,0,0,0,0,0,17000,17000,0,0
044705,群創元大93購03  ,0,0,0,0,0,0,0,0,0,0,0,0,0,45000,45000,0,0
043505,大立光凱基91購17,0,0,0,0,0,0,0,0,0,0,0,0,0,10000,10000,0,0
044636,創意統一94購01  ,0,0,0,0,0,0,0,0,0,0,0,0,0,20000,20000,0,0
044937,瀚宇博元大91購02,0,0,0,0,0,0,0,0,0,0,0,0,0,6000,6000,0,0
04470P,為升元大94售01  ,0,0,0,0,0,0,0,0,0,0,0,0,0,39000,39000,0,0
044904,聯詠凱基91購04  ,0,0,0,0,0,0,0,0,0,0,0,0,0,40000,40000,0,0
044481,聯茂統一91購04  ,0,0,0,0,0,0,0,0,0,0,0,0,0,3000,3000,0,0
044456,鈺齊永豐91購02  ,0,0,0,0,0,0,0,0,0,0,0,0,0,21000,21000,0,0
044468,台積電群益93購01,0,0,0,0,0,0,0,0,0,0,0,0,0,1000,1000,0,0
043908,鴻海凱基93購02  ,0,0,0,0,0,0,0,0,0,0,0,0,0,24000,24000,0,0
04392P,牧德凱基94售05  ,0,0,0,0,0,0,0,0,0,0,0,0,0,53000,53000,0,0
043933,訊芯永豐91購01  ,0,0,0,0,0,0,0,0,0,0,0,0,0,49000,49000,0,0
043931,京元電永豐91購01,0,0,0,0,0,0,0,0,0,0,0,0,0,50000,50000,0,0
044018,欣興凱基91購04  ,0,0,0,0,0,0,0,0,0,0,0,0,0,10000,10000,0,0
044011,鴻海凱基93購03  ,0,0,0,0,0,0,0,0,0,0,0,0,0,10000,10000,0,0
043995,瑞儀元大91購05  ,0,0,0,0,0,0,0,0,0,0,0,0,0,18000,18000,0,0
045529,大立光永豐92購03,0,0,0,0,0,0,0,0,0,0,0,0,0,10000,10000,0,0
045517,元油2X元富98購01,0,0,0,0,0,0,0,0,0,0,0,0,0,20000,20000,0,0
047970,鴻海富邦95購01  ,0,0,0,0,0,0,0,0,0,0,0,0,0,3000,3000,0,0
048004,康控元大93購05  ,0,0,0,0,0,0,0,0,0,0,0,0,0,44000,44000,0,0
046420,群創元大92購10  ,0,0,0,0,0,0,0,0,0,0,0,0,0,43000,43000,0,0
046421,群創元大92購11  ,0,0,0,0,0,0,0,0,0,0,0,0,0,33000,33000,0,0
046408,宏達電元大92購06,0,0,0,0,0,0,0,0,0,0,0,0,0,15000,15000,0,0
046450,鴻海凱基93購12  ,0,0,0,0,0,0,0,0,0,0,0,0,0,4000,4000,0,0
04719P,台達電凱基94售09,0,0,0,0,0,0,0,0,0,0,0,0,0,300000,300000,0,0
047186,大立光元大93購20,0,0,0,0,0,0,0,0,0,0,0,0,0,4000,4000,0,0
046479,群創元富94購01  ,0,0,0,0,0,0,0,0,0,0,0,0,0,4000,4000,0,0
047556,群創凱基95購01  ,0,0,0,0,0,0,0,0,0,0,0,0,0,1000,1000,0,0
047550,聯發科凱基93購13,0,0,0,0,0,0,0,0,0,0,0,0,0,1000,1000,0,0
047568,創意國票93購03  ,0,0,0,0,0,0,0,0,0,0,0,0,0,10000,10000,0,0
047569,世紀鋼國票94購02,0,0,0,0,0,0,0,0,0,0,0,0,0,8000,8000,0,0
047543,鴻海凱基94購09  ,0,0,0,0,0,0,0,0,0,0,0,0,0,2000,2000,0,0
047520,鴻海元大93購17  ,0,0,0,0,0,0,0,0,0,0,0,0,0,12000,12000,0,0
047487,南電凱基94購01  ,0,0,0,0,0,0,0,0,0,0,0,0,0,10000,10000,0,0
047642,宏達電元大93購08,0,0,0,0,0,0,0,0,0,0,0,0,0,2000,2000,0,0
047588,大立光永豐94購01,0,0,0,0,0,0,0,0,0,0,0,0,0,14000,14000,0,0
045626,上銀凱基93購05  ,0,0,0,0,0,0,0,0,0,0,0,0,0,10000,10000,0,0
045632,正崴凱基93購01  ,0,0,0,0,0,0,0,0,0,0,0,0,0,2000,2000,0,0
048024,鴻海凱基93購29  ,0,0,0,0,0,0,0,0,0,0,0,0,0,20000,20000,0,0
048028,聯發科凱基93購25,0,0,0,0,0,0,0,0,0,0,0,0,0,10000,10000,0,0
047222,鴻海凱基94購04  ,0,0,0,0,0,0,0,0,0,0,0,0,0,8000,8000,0,0
047236,智伸科凱基93購05,0,0,0,0,0,0,0,0,0,0,0,0,0,8000,8000,0,0
04724P,可成凱基94售08  ,0,0,0,0,0,0,0,0,0,0,0,0,0,7000,7000,0,0
047345,鴻海凱基94購06  ,0,0,0,0,0,0,0,0,0,0,0,0,0,16000,16000,0,0
047350,華新科凱基94購02,0,0,0,0,0,0,0,0,0,0,0,0,0,1000,1000,0,0
047308,鴻海元大93購12  ,0,0,0,0,0,0,0,0,0,0,0,0,0,1000,1000,0,0
047301,啟碁國泰94購01  ,0,0,0,0,0,0,0,0,0,0,0,0,0,79000,79000,0,0
045636,京元電凱基92購03,0,0,0,0,0,0,0,0,0,0,0,0,0,10000,10000,0,0
046563,奇鋐凱基92購01  ,0,0,0,0,0,0,0,0,0,0,0,0,0,40000,40000,0,0
04654P,臺股指凱基94售13,0,0,0,0,0,0,0,0,0,0,0,0,0,40000,40000,0,0
046539,奇鋐群益92購02  ,0,0,0,0,0,0,0,0,0,0,0,0,0,200000,200000,0,0
046536,聯發科群益92購08,0,0,0,0,0,0,0,0,0,0,0,0,0,1000,1000,0,0
045954,台積電凱基92購16,0,0,0,0,0,0,0,0,0,0,0,0,0,10000,10000,0,0
045856,南亞科國泰94購01,0,0,0,0,0,0,0,0,0,0,0,0,0,20000,20000,0,0
045808,台表科國票92購02,0,0,0,0,0,0,0,0,0,0,0,0,0,1000,1000,0,0
045776,可成元大92購07  ,0,0,0,0,0,0,0,0,0,0,0,0,0,50000,50000,0,0
047382,鴻海元大93購15  ,0,0,0,0,0,0,0,0,0,0,0,0,0,1000,1000,0,0
047392,大立光元大93購24,0,0,0,0,0,0,0,0,0,0,0,0,0,4000,4000,0,0
052871,群創凱基98購07  ,0,0,0,0,0,0,0,0,0,0,0,0,0,157000,157000,0,0
04600P,可成凱基94售07  ,0,0,0,0,0,0,0,0,0,0,0,0,0,7000,7000,0,0
052920,景碩台新96購02  ,0,0,0,0,0,0,0,0,0,0,0,0,0,38000,38000,0,0
052915,創意元富96購01  ,0,0,0,0,0,0,0,0,0,0,0,0,0,30000,30000,0,0
052948,景碩國票97購02  ,0,0,0,0,0,0,0,0,0,0,0,0,0,10000,10000,0,0
048824,聯發科凱基94購03,0,0,0,0,0,0,0,0,0,0,0,0,0,94000,94000,0,0
048820,台積電凱基94購06,0,0,0,0,0,0,0,0,0,0,0,0,0,12000,12000,0,0
048561,可成元大93購13  ,0,0,0,0,0,0,0,0,0,0,0,0,0,94000,94000,0,0
048551,鴻海元大94購02  ,0,0,0,0,0,0,0,0,0,0,0,0,0,5000,5000,0,0
048568,緯穎元大93購06  ,0,0,0,0,0,0,0,0,0,0,0,0,0,10000,10000,0,0
048719,亞光永豐94購01  ,0,0,0,0,0,0,0,0,0,0,0,0,0,1000,1000,0,0
048787,義隆元大94購02  ,0,0,0,0,0,0,0,0,0,0,0,0,0,10000,10000,0,0
048711,台郡台新94購01  ,0,0,0,0,0,0,0,0,0,0,0,0,0,20000,20000,0,0
048683,日月光富邦93購01,0,0,0,0,0,0,0,0,0,0,0,0,0,1000,1000,0,0
048606,聯發科日盛93購02,0,0,0,0,0,0,0,0,0,0,0,0,0,2000,2000,0,0
046141,康控統一92購02  ,0,0,0,0,0,0,0,0,0,0,0,0,0,5000,5000,0,0
047660,南茂麥證93購02  ,0,0,0,50000,50000,0,0,0,0,0,0,0,0,50000,50000,0,0
046942,友達元大99購01  ,0,0,0,0,0,0,0,0,0,0,0,0,0,16000,16000,0,0
047708,聯發科凱基93購17,0,0,0,0,0,0,0,0,0,0,0,0,0,10000,10000,0,0
047695,聯發科國票93購06,0,0,0,0,0,0,0,0,0,0,0,0,0,4000,4000,0,0
047733,友達兆豐95購01  ,0,0,0,0,0,0,0,0,0,0,0,0,0,40000,40000,0,0
047018,鴻海元大93購09  ,0,0,0,0,0,0,0,0,0,0,0,0,0,13000,13000,0,0
046984,友達日盛93購01  ,0,0,0,0,0,0,0,0,0,0,0,0,0,6000,6000,0,0
04697P,臺股指元富94售03,0,0,0,0,0,0,0,0,0,0,0,0,0,3000,3000,0,0
046230,亞光元大92購03  ,0,0,0,0,0,0,0,0,0,0,0,0,0,4000,4000,0,0
046206,為升國泰93購01  ,0,0,0,0,0,0,0,0,0,0,0,0,0,50000,50000,0,0
048109,旺宏群益94購02  ,0,0,0,0,0,0,0,0,0,0,0,0,0,30000,30000,0,0
048123,大立光元大93購27,0,0,0,0,0,0,0,0,0,0,0,0,0,4000,4000,0,0
048124,大立光元大95購03,0,0,0,0,0,0,0,0,0,0,0,0,0,2000,2000,0,0
048143,聯發科統一94購03,0,0,0,0,0,0,0,0,0,0,0,0,0,1000,1000,0,0
048501,GIS元大94購02   ,0,0,0,0,0,0,0,0,0,0,0,0,0,2000,2000,0,0
048488,大立光富邦93購05,0,0,0,0,0,0,0,0,0,0,0,0,0,2000,2000,0,0
047780,友達中信96購01  ,0,0,0,0,0,0,0,0,0,0,0,0,0,5000,5000,0,0
04709P,台積電元大94售15,0,0,0,0,0,0,0,0,0,0,0,0,0,608000,608000,0,0
04706P,力山元大95售01  ,0,0,0,0,0,0,0,0,0,0,0,0,0,100000,100000,0,0
04625P,燿華元大94售03  ,0,0,0,0,0,0,0,0,0,0,0,0,0,61000,61000,0,0
046272,致伸凱基92購06  ,0,0,0,0,0,0,0,0,0,0,0,0,0,6000,6000,0,0
04630P,嘉聯益元大95售02,0,0,0,0,0,0,0,0,0,0,0,0,0,231000,231000,0,0
046310,聯發科元大92購15,0,0,0,0,0,0,0,0,0,0,0,0,0,4000,4000,0,0
047477,台積電凱基93購15,0,0,0,0,0,0,0,0,0,0,0,0,0,1000,1000,0,0
046573,上緯控國泰94購01,0,0,0,0,0,0,0,0,0,0,0,0,0,90000,90000,0,0
046586,大立光元大92購26,0,0,0,0,0,0,0,0,0,0,0,0,0,4000,4000,0,0
04743P,台積電元富94售07,0,0,0,0,0,0,0,0,0,0,0,0,0,4000,4000,0,0
047432,台達電元大93購01,0,0,0,0,0,0,0,0,0,0,0,0,0,1000,1000,0,0
04574P,台達電統一94售05,0,0,0,0,0,0,0,0,0,0,0,0,0,20000,20000,0,0
047134,聯發科凱基93購10,0,0,0,0,0,0,0,0,0,0,0,0,0,14000,14000,0,0
047136,潤泰全凱基94購01,0,0,0,0,0,0,0,0,0,0,0,0,0,68000,68000,0,0
047130,台達電凱基93購03,0,0,0,0,0,0,0,0,0,0,0,0,0,10000,10000,0,0
047131,鴻海凱基94購03  ,0,0,0,0,0,0,0,0,0,0,0,0,0,32000,32000,0,0
047179,台積電元大93購17,0,0,0,0,0,0,0,0,0,0,0,0,0,16000,16000,0,0
047911,晶技麥證94購01  ,0,0,0,50000,50000,0,0,0,0,0,0,0,0,50000,50000,0,0
045680,創意元大92購06  ,0,0,0,0,0,0,0,0,0,0,0,0,0,2000,2000,0,0
046654,鴻海元大93購06  ,0,0,0,0,0,0,0,0,0,0,0,0,0,10000,10000,0,0
046346,旺宏兆豐92購02  ,0,0,0,0,0,0,0,0,0,0,0,0,0,1000,1000,0,0
046356,智伸科群益93購01,0,0,0,0,0,0,0,0,0,0,0,0,0,36000,36000,0,0
046339,訊芯中信92購01  ,0,0,0,0,0,0,0,0,0,0,0,0,0,10000,10000,0,0
046804,群創元大94購01  ,0,0,0,0,0,0,0,0,0,0,0,0,0,27000,27000,0,0
046857,群創元大93購06  ,0,0,0,0,0,0,0,0,0,0,0,0,0,4000,4000,0,0
04671P,華通統一94售01  ,0,0,0,0,0,0,0,0,0,0,0,0,0,10000,10000,0,0
046693,台積電凱基93購03,0,0,0,0,0,0,0,0,0,0,0,0,0,7000,7000,0,0
046789,祥碩永豐93購01  ,0,0,0,0,0,0,0,0,0,0,0,0,0,4000,4000,0,0
049528,台積電中信94購01,0,0,0,0,0,0,0,0,0,0,0,0,0,20000,20000,0,0
049474,台光電永豐94購02,0,0,0,0,0,0,0,0,0,0,0,0,0,35000,35000,0,0
049454,群創統一94購01  ,0,0,0,0,0,0,0,0,0,0,0,0,0,1000,1000,0,0
049455,上海銀統一94購02,0,0,0,0,0,0,0,0,0,0,0,0,0,4000,4000,0,0
049375,大立光元大94購13,0,0,0,0,0,0,0,0,0,0,0,0,0,4000,4000,0,0
049345,富邦金統一94購02,0,0,0,0,0,0,0,0,0,0,0,0,0,40000,40000,0,0
049083,大立光凱基94購02,0,0,0,0,0,0,0,0,0,0,0,0,0,10000,10000,0,0
049139,台積電元大94購06,0,0,0,0,0,0,0,0,0,0,0,0,0,1000,1000,0,0
049133,為升元大94購02  ,0,0,0,0,0,0,0,0,0,0,0,0,0,15000,15000,0,0
049106,大立光富邦94購01,0,0,0,0,0,0,0,0,0,0,0,0,0,4000,4000,0,0
049174,台積電凱基94購11,0,0,0,0,0,0,0,0,0,0,0,0,0,1000,1000,0,0
049298,矽格群益95購01  ,0,0,0,0,0,0,0,0,0,0,0,0,0,6000,6000,0,0
049165,元油2X凱基97購01,0,0,0,0,0,0,0,0,0,0,0,0,0,1000,1000,0,0
049208,台郡群益94購01  ,0,0,0,0,0,0,0,0,0,0,0,0,0,30000,30000,0,0
04920P,智易凱基94售05  ,0,0,0,0,0,0,0,0,0,0,0,0,0,49000,49000,0,0
050102,鴻海富邦95購04  ,0,0,0,0,0,0,0,0,0,0,0,0,0,1000,1000,0,0
050103,群創富邦94購01  ,0,0,0,0,0,0,0,0,0,0,0,0,0,10000,10000,0,0
050085,國泰金元富94購01,0,0,0,0,0,0,0,0,0,0,0,0,0,18000,18000,0,0
050075,南電凱基94購04  ,0,0,0,0,0,0,0,0,0,0,0,0,0,10000,10000,0,0
05012P,台積電元大95售07,0,0,0,0,0,0,0,0,0,0,0,0,0,70000,70000,0,0
050197,矽格元大94購04  ,0,0,0,0,0,0,0,0,0,0,0,0,0,19000,19000,0,0
050221,TPK元富94購02   ,0,0,0,0,0,0,0,0,0,0,0,0,0,10000,10000,0,0
050222,瑞儀元富94購01  ,0,0,0,0,0,0,0,0,0,0,0,0,0,41000,41000,0,0
050187,群創元大94購03  ,0,0,0,0,0,0,0,0,0,0,0,0,0,9000,9000,0,0
050158,上海銀群益96購01,0,0,0,0,0,0,0,0,0,0,0,0,0,98000,98000,0,0
050059,旺宏凱基94購03  ,0,0,0,0,0,0,0,0,0,0,0,0,0,3000,3000,0,0
050026,友達元大96購01  ,0,0,0,0,0,0,0,0,0,0,0,0,0,1000,1000,0,0
049930,上海銀元大94購02,0,0,0,0,0,0,0,0,0,0,0,0,0,20000,20000,0,0
049591,開發金元大98購01,0,0,0,0,0,0,0,0,0,0,0,0,0,200000,200000,0,0
049714,國巨凱基94購02  ,0,0,0,0,0,0,0,0,0,0,0,0,0,12000,12000,0,0
04966P,台表科元大94售04,0,0,0,0,0,0,0,0,0,0,0,0,0,20000,20000,0,0
04964P,鴻海元大94售26  ,0,0,0,0,0,0,0,0,0,0,0,0,0,10000,10000,0,0
049817,南電元大94購07  ,0,0,0,0,0,0,0,0,0,0,0,0,0,15000,15000,0,0
050855,華通台新95購01  ,0,0,0,0,0,0,0,0,0,0,0,0,0,10000,10000,0,0
05082P,健策永豐95售02  ,0,0,0,0,0,0,0,0,0,0,0,0,0,10000,10000,0,0
050811,國巨凱基95購02  ,0,0,0,0,0,0,0,0,0,0,0,0,0,1000,1000,0,0
050767,京元電元大96購01,0,0,0,0,0,0,0,0,0,0,0,0,0,145000,145000,0,0
050674,瑞昱富邦94購02  ,0,0,0,0,0,0,0,0,0,0,0,0,0,245000,245000,0,0
050662,智易元大96購01  ,0,0,0,0,0,0,0,0,0,0,0,0,0,5000,5000,0,0
050692,鴻海凱基96購04  ,0,0,0,0,0,0,0,0,0,0,0,0,0,27000,27000,0,0
050693,鴻海凱基96購05  ,0,0,0,0,0,0,0,0,0,0,0,0,0,23000,23000,0,0
050694,國巨凱基96購03  ,0,0,0,0,0,0,0,0,0,0,0,0,0,1000,1000,0,0
050700,健策凱基96購01  ,0,0,0,0,0,0,0,0,0,0,0,0,0,10000,10000,0,0
050558,台積電統一94購14,0,0,0,0,0,0,0,0,0,0,0,0,0,5000,5000,0,0
050616,潤泰全元大94購01,0,0,0,0,0,0,0,0,0,0,0,0,0,25000,25000,0,0
050607,為升元大94購10  ,0,0,0,0,0,0,0,0,0,0,0,0,0,15000,15000,0,0
050426,國巨凱基94購14  ,0,0,0,0,0,0,0,0,0,0,0,0,0,2000,2000,0,0
050420,鴻海凱基95購03  ,0,0,0,0,0,0,0,0,0,0,0,0,0,23000,23000,0,0
050442,復盛凱基94購01  ,0,0,0,0,0,0,0,0,0,0,0,0,0,10000,10000,0,0
050471,國泰金台新94購01,0,0,0,0,0,0,0,0,0,0,0,0,0,10000,10000,0,0
050518,台積電元大94購28,0,0,0,0,0,0,0,0,0,0,0,0,0,89000,89000,0,0
05051P,鴻海群益95售05  ,0,0,0,0,0,0,0,0,0,0,0,0,0,10000,10000,0,0
050544,聯發科凱基95購02,0,0,0,0,0,0,0,0,0,0,0,0,0,102000,102000,0,0
050506,奇鋐凱基94購02  ,0,0,0,0,0,0,0,0,0,0,0,0,0,2000,2000,0,0
050492,漢唐國泰96購01  ,0,0,0,0,0,0,0,0,0,0,0,0,0,10000,10000,0,0
050493,聯發科永昌96購01,0,0,0,0,0,0,0,0,0,0,0,0,0,11000,11000,0,0
050257,為升元大94購07  ,0,0,0,0,0,0,0,0,0,0,0,0,0,25000,25000,0,0
050258,為升元大94購08  ,0,0,0,0,0,0,0,0,0,0,0,0,0,81000,81000,0,0
050367,鴻海元大94購20  ,0,0,0,0,0,0,0,0,0,0,0,0,0,324000,324000,0,0
050348,鴻海群益94購06  ,0,0,0,0,0,0,0,0,0,0,0,0,0,16000,16000,0,0
051424,緯穎國票97購01  ,0,0,0,0,0,0,0,0,0,0,0,0,0,3000,3000,0,0
051432,群創元富99購03  ,0,0,0,0,0,0,0,0,0,0,0,0,0,10000,10000,0,0
051443,聯發科元大95購10,0,0,0,0,0,0,0,0,0,0,0,0,0,2000,2000,0,0
051444,聯發科元大95購11,0,0,0,0,0,0,0,0,0,0,0,0,0,3000,3000,0,0
051447,新光金元大97購01,0,0,0,0,0,0,0,0,0,0,0,0,0,41000,41000,0,0
05145P,道瓊反元大98售01,0,0,0,0,0,0,0,0,0,0,0,0,0,90000,90000,0,0
051402,玉晶光永豐95購04,0,0,0,0,0,0,0,0,0,0,0,0,0,60000,60000,0,0
051407,南茂永豐95購02  ,0,0,0,0,0,0,0,0,0,0,0,0,0,5000,5000,0,0
051307,康舒凱基95購01  ,0,0,0,0,0,0,0,0,0,0,0,0,0,18000,18000,0,0
051303,奇鋐凱基95購01  ,0,0,0,0,0,0,0,0,0,0,0,0,0,31000,31000,0,0
051304,緯創凱基96購01  ,0,0,0,0,0,0,0,0,0,0,0,0,0,40000,40000,0,0
051329,智邦永豐95購01  ,0,0,0,0,0,0,0,0,0,0,0,0,0,68000,68000,0,0
051264,道瓊反富邦97購01,0,0,0,0,0,0,0,0,0,0,0,0,0,100000,100000,0,0
051236,鴻海元大96購05  ,0,0,0,0,0,0,0,0,0,0,0,0,0,384000,384000,0,0
051016,京元電凱基95購03,0,0,0,0,0,0,0,0,0,0,0,0,0,9000,9000,0,0
051003,中環中信97購01  ,0,0,0,0,0,0,0,0,0,0,0,0,0,20000,20000,0,0
051005,緯創中信95購02  ,0,0,0,0,0,0,0,0,0,0,0,0,0,14000,14000,0,0
050999,瀚宇博元大95購04,0,0,0,0,0,0,0,0,0,0,0,0,0,4000,4000,0,0
050896,華新科元大96購02,0,0,0,0,0,0,0,0,0,0,0,0,0,10000,10000,0,0
050911,光磊中信98購01  ,0,0,0,0,0,0,0,0,0,0,0,0,0,10000,10000,0,0
05106P,鴻海永豐95售02  ,0,0,0,0,0,0,0,0,0,0,0,0,0,10000,10000,0,0
051070,正崴國票96購01  ,0,0,0,0,0,0,0,0,0,0,0,0,0,24000,24000,0,0
051181,鴻海永豐95購03  ,0,0,0,0,0,0,0,0,0,0,0,0,0,22000,22000,0,0
051176,聯發科凱基95購07,0,0,0,0,0,0,0,0,0,0,0,0,0,4000,4000,0,0
051159,力山元大96購01  ,0,0,0,0,0,0,0,0,0,0,0,0,0,25000,25000,0,0
051161,喬山元大95購02  ,0,0,0,0,0,0,0,0,0,0,0,0,0,8000,8000,0,0
051146,旺宏凱基95購04  ,0,0,0,0,0,0,0,0,0,0,0,0,0,10000,10000,0,0
05113P,臺股指元富95售01,0,0,0,0,0,0,0,0,0,0,0,0,0,10000,10000,0,0
6416,瑞祺電通        ,21000,24000,-3000,0,0,0,0,0,0,3000,3000,0,3000,0,0,0,0
053711,鴻海凱基96購14  ,0,0,0,0,0,0,0,0,0,0,0,0,0,7000,7000,0,0
053676,新光金國泰98購02,0,0,0,0,0,0,0,0,0,0,0,0,0,4000,4000,0,0
053495,聯發科兆豐96購02,0,0,0,0,0,0,0,0,0,0,0,0,0,6000,6000,0,0
053467,鴻海元大96購20  ,0,0,0,0,0,0,0,0,0,0,0,0,0,339000,339000,0,0
054143,茂林元大96購04  ,0,0,0,0,0,0,0,0,0,0,0,0,0,20000,20000,0,0
054171,台郡凱基97購01  ,0,0,0,0,0,0,0,0,0,0,0,0,0,4000,4000,0,0
054054,光磊國票97購02  ,0,0,0,0,0,0,0,0,0,0,0,0,0,998000,998000,0,0
054041,鴻海元大96購22  ,0,0,0,0,0,0,0,0,0,0,0,0,0,327000,327000,0,0
054262,瀚宇博元大96購03,0,0,0,0,0,0,0,0,0,0,0,0,0,122000,122000,0,0
054301,楠梓電凱基98購01,0,0,0,0,0,0,0,0,0,0,0,0,0,40000,40000,0,0
054302,鴻海凱基96購18  ,0,0,0,0,0,0,0,0,0,0,0,0,0,5000,5000,0,0
054245,鴻海元大96購23  ,0,0,0,0,0,0,0,0,0,0,0,0,0,542000,542000,0,0
054203,滬深2X國票96購03,0,0,0,0,0,0,0,0,0,0,0,0,0,2000,2000,0,0
054206,鴻海國票99購01  ,0,0,0,0,0,0,0,0,0,0,0,0,0,20000,20000,0,0
053975,大立光元大98購04,0,0,0,0,0,0,0,0,0,0,0,0,0,4000,4000,0,0
053902,S&P反1凱基97購01,0,0,0,0,0,0,0,0,0,0,0,0,0,250000,250000,0,0
05380P,鴻海群益95售11  ,0,0,0,0,0,0,0,0,0,0,0,0,0,35000,35000,0,0
053838,正文永豐96購02  ,0,0,0,0,0,0,0,0,0,0,0,0,0,68000,68000,0,0
053781,友達元大9B購03  ,0,0,0,0,0,0,0,0,0,0,0,0,0,2000,2000,0,0
053722,新光金凱基9C購01,0,0,0,0,0,0,0,0,0,0,0,0,0,4000,4000,0,0
053723,奇鋐凱基98購01  ,0,0,0,0,0,0,0,0,0,0,0,0,0,30000,30000,0,0
05442P,鴻海元大96售13  ,0,0,0,0,0,0,0,0,0,0,0,0,0,169000,169000,0,0
054445,技嘉兆豐96購01  ,0,0,0,0,0,0,0,0,0,0,0,0,0,13000,13000,0,0
054451,上銀亞東98購01  ,0,0,0,0,0,0,0,0,0,0,0,0,0,20000,20000,0,0
054463,瑞昱凱基97購01  ,0,0,0,0,0,0,0,0,0,0,0,0,0,22000,22000,0,0
054423,華新富邦96購01  ,0,0,0,0,0,0,0,0,0,0,0,0,0,168000,168000,0,0
054332,世芯永豐97購01  ,0,0,0,0,0,0,0,0,0,0,0,0,0,34000,34000,0,0
054528,台光電統一96購02,0,0,0,0,0,0,0,0,0,0,0,0,0,90000,90000,0,0
054551,聯發科凱基98購02,0,0,0,0,0,0,0,0,0,0,0,0,0,11000,11000,0,0
054475,鴻海中信96購04  ,0,0,0,0,0,0,0,0,0,0,0,0,0,10000,10000,0,0
054479,緯創中信98購01  ,0,0,0,0,0,0,0,0,0,0,0,0,0,9000,9000,0,0
054613,大立光永豐97購02,0,0,0,0,0,0,0,0,0,0,0,0,0,2000,2000,0,0
054616,智伸科永豐97購01,0,0,0,0,0,0,0,0,0,0,0,0,0,20000,20000,0,0
054571,楠梓電元大99購01,0,0,0,0,0,0,0,0,0,0,0,0,0,22000,22000,0,0
05702P,矽創凱基96售02  ,0,0,0,0,0,0,0,0,0,0,0,0,0,200000,200000,0,0
05832P,臺股指元富96售04,0,0,0,0,0,0,0,0,0,0,0,0,0,10000,10000,0,0
05833P,臺股指元富96售05,0,0,0,0,0,0,0,0,0,0,0,0,0,3000,3000,0,0
05788P,臺股指永昌96售05,0,0,0,0,0,0,0,0,0,0,0,0,0,662000,662000,0,0
05745P,富邦金兆豐96售02,0,0,0,0,0,0,0,0,0,0,0,0,0,38000,38000,0,0
05568P,台積電統一96售03,0,0,0,0,0,0,0,0,0,0,0,0,0,5000,5000,0,0
05562P,鴻海元大96售16  ,0,0,0,0,0,0,0,0,0,0,0,0,0,50000,50000,0,0
05468P,鴻海元大96售14  ,0,0,0,0,0,0,0,0,0,0,0,0,0,61000,61000,0,0
06076P,大立光凱基98售03,0,0,0,0,0,0,0,0,0,0,0,0,0,100000,100000,0,0
06057P,大立光凱基98售01,0,0,0,0,0,0,0,0,0,0,0,0,0,100000,100000,0,0
05932P,鴻海凱基96售16  ,0,0,0,0,0,0,0,0,0,0,0,0,0,10000,10000,0,0
05933P,鴻海凱基97售03  ,0,0,0,0,0,0,0,0,0,0,0,0,0,10000,10000,0,0
05892P,大立光中信98售03,0,0,0,0,0,0,0,0,0,0,0,0,0,10000,10000,0,0
05842P,台積電元大96售15,0,0,0,0,0,0,0,0,0,0,0,0,0,372000,372000,0,0
052371,元金2X元大95購01,0,0,0,0,0,0,0,0,0,-1000,0,0,0,10000,11000,-1000,-1000
052140,鈺齊凱基95購02  ,0,0,0,0,0,0,0,0,0,-1000,0,0,0,105000,106000,-1000,-1000
052230,大立光凱基96購09,0,0,0,0,0,0,0,0,0,-1000,0,0,0,3000,4000,-1000,-1000
052713,智邦凱基96購01  ,0,0,0,0,0,0,0,0,0,-1000,0,0,0,14000,15000,-1000,-1000
052667,漢唐群益96購01  ,0,0,0,0,0,0,0,0,0,-1000,0,0,0,128000,129000,-1000,-1000
052510,聯發科凱基95購13,0,0,0,0,0,0,0,0,0,-1000,0,0,0,94000,95000,-1000,-1000
052447,聯發科元大96購04,0,0,0,0,0,0,0,0,0,-1000,0,0,0,87000,88000,-1000,-1000
052426,國巨台新96購01  ,0,0,0,0,0,0,0,0,0,-1000,0,0,0,20000,21000,-1000,-1000
051635,大立光國票96購04,0,0,0,0,0,0,0,0,0,-1000,0,0,0,0,1000,-1000,-1000
051788,奇力新國票97購02,0,0,0,0,0,0,0,0,0,-1000,0,0,0,13000,14000,-1000,-1000
051781,緯穎群益96購01  ,0,0,0,0,0,0,0,0,0,-1000,0,0,0,43000,44000,-1000,-1000
053064,國巨群益96購04  ,0,0,0,0,0,0,0,0,0,-1000,0,0,0,49000,50000,-1000,-1000
052994,群創台新99購01  ,0,0,0,0,0,0,0,0,0,-1000,0,0,0,0,1000,-1000,-1000
052865,大立光凱基96購11,0,0,0,0,0,0,0,0,0,-1000,0,0,0,21000,22000,-1000,-1000
052853,友達日盛99購01  ,0,0,0,0,0,0,0,0,0,-1000,0,0,0,1000,2000,-1000,-1000
052848,聯發科統一96購03,0,0,0,0,0,0,0,0,0,-1000,0,0,0,125000,126000,-1000,-1000
052764,景碩群益98購01  ,0,0,0,0,0,0,0,0,0,-1000,0,0,0,132000,133000,-1000,-1000
052769,達興群益96購01  ,0,0,0,0,0,0,0,0,0,-1000,0,0,0,10000,11000,-1000,-1000
053239,崇越永豐96購01  ,0,0,0,0,0,0,0,0,0,-1000,0,0,0,0,1000,-1000,-1000
053258,上証2X群益9A購03,0,0,0,0,0,0,0,0,0,-1000,0,0,0,0,1000,-1000,-1000
053259,卜蜂群益97購01  ,0,0,0,0,0,0,0,0,0,-1000,0,0,0,0,1000,-1000,-1000
053163,上証2X群益9A購02,0,0,0,0,0,0,0,0,0,-1000,0,0,0,0,1000,-1000,-1000
3494,誠研            ,0,1000,-1000,0,0,0,0,0,0,0,0,0,0,0,0,0,-1000
3557,嘉威            ,26000,27000,-1000,0,0,0,0,0,0,0,0,0,0,0,0,0,-1000
3027,盛達            ,8000,9000,-1000,0,0,0,0,0,0,0,0,0,0,0,0,0,-1000
2702,華園            ,18000,19000,-1000,0,0,0,0,0,0,0,0,0,0,0,0,0,-1000
1466,聚隆            ,0,1000,-1000,0,0,0,0,0,0,0,0,0,0,0,0,0,-1000
1456,怡華            ,0,1000,-1000,0,0,0,0,0,0,0,0,0,0,0,0,0,-1000
2008,高興昌          ,0,1000,-1000,0,0,0,0,0,0,0,0,0,0,0,0,0,-1000
04393P,牧德凱基94售06  ,0,0,0,0,0,0,0,0,0,-1000,0,0,0,10000,11000,-1000,-1000
044434,景碩元大91購03  ,0,0,0,0,0,0,0,0,0,-1000,0,0,0,0,1000,-1000,-1000
044449,元油2X永豐91購01,0,0,0,0,0,0,0,0,0,-1000,0,0,0,0,1000,-1000,-1000
044707,合勤控元大93購01,0,0,0,0,0,0,0,0,0,-1000,0,0,0,5000,6000,-1000,-1000
04421P,玉晶光永豐94售02,0,0,0,0,0,0,0,0,0,-1000,0,0,0,9000,10000,-1000,-1000
04511P,臺股指元大94售06,0,0,0,0,0,0,0,0,0,-1000,0,0,0,2000,3000,-1000,-1000
045132,聯詠統一92購01  ,0,0,0,0,0,0,0,0,0,-1000,0,0,0,0,1000,-1000,-1000
045068,台光電元大92購05,0,0,0,0,0,0,0,0,0,-1000,0,0,0,0,1000,-1000,-1000
045045,南亞科凱基92購01,0,0,0,0,0,0,0,0,0,-1000,0,0,0,14000,15000,-1000,-1000
045049,景碩凱基92購02  ,0,0,0,0,0,0,0,0,0,-1000,0,0,0,0,1000,-1000,-1000
045052,聯發科元富92購01,0,0,0,0,0,0,0,0,0,-1000,0,0,0,5000,6000,-1000,-1000
043757,欣興元大93購01  ,0,0,0,0,0,0,0,0,0,-1000,0,0,0,59000,60000,-1000,-1000
043593,台光電元大91購02,0,0,0,0,0,0,0,0,0,-1000,0,0,0,0,1000,-1000,-1000
044718,宏達電統一93購02,0,0,0,0,0,0,0,0,0,-1000,0,0,0,0,1000,-1000,-1000
048329,台積電永昌93購07,0,0,0,0,0,0,0,0,0,-1000,0,0,0,100000,101000,-1000,-1000
048310,台達電凱基93購05,0,0,0,0,0,0,0,0,0,-1000,0,0,0,0,1000,-1000,-1000
048469,微星永豐93購03  ,0,0,0,0,0,0,0,0,0,-1000,0,0,0,0,1000,-1000,-1000
04846P,旺宏凱基94售07  ,0,0,0,0,0,0,0,0,0,-1000,0,0,0,0,1000,-1000,-1000
048158,大立光兆豐95購01,0,0,0,0,0,0,0,0,0,-1000,0,0,0,0,1000,-1000,-1000
048173,上海銀永豐93購02,0,0,0,0,0,0,0,0,0,-1000,0,0,0,0,1000,-1000,-1000
048441,台積電凱基93購29,0,0,0,0,0,0,0,0,0,-1000,0,0,0,0,1000,-1000,-1000
045254,台積電凱基92購05,0,0,0,0,0,0,0,0,0,-1000,0,0,0,1000,2000,-1000,-1000
042501,台灣50凱基96購06,0,0,0,0,0,0,0,0,0,-1000,0,0,0,1000,2000,-1000,-1000
04077P,臺股指凱基93售13,0,0,0,0,0,0,0,0,0,-1000,0,0,0,0,1000,-1000,-1000
041906,鴻海元大91購02  ,0,0,0,0,0,0,0,0,0,-1000,0,0,0,120000,121000,-1000,-1000
043448,矽力永豐91購01  ,0,0,0,0,0,0,0,0,0,-1000,0,0,0,0,1000,-1000,-1000
03521P,欣興元大02售16  ,0,0,0,0,0,0,0,0,0,-1000,0,0,0,0,1000,-1000,-1000
006204,永豐臺灣加權    ,0,0,0,0,0,0,0,0,0,-1000,0,0,0,40000,41000,-1000,-1000
03678P,欣興元大92售09  ,0,0,0,0,0,0,0,0,0,-1000,0,0,0,32000,33000,-1000,-1000
03022X,富展01          ,0,0,0,0,0,0,0,0,0,-1000,0,0,0,0,1000,-1000,-1000
046682,聯發科群益93購03,0,0,0,0,0,0,0,0,0,-1000,0,0,0,0,1000,-1000,-1000
046721,中鋼元大93購01  ,0,0,0,0,0,0,0,0,0,-1000,0,0,0,0,1000,-1000,-1000
046068,國泰金凱基92購02,0,0,0,0,0,0,0,0,0,-1000,0,0,0,44000,45000,-1000,-1000
047839,景碩元大93購03  ,0,0,0,0,0,0,0,0,0,-1000,0,0,0,0,1000,-1000,-1000
046374,台積電凱基92購20,0,0,0,0,0,0,0,0,0,-1000,0,0,0,8000,9000,-1000,-1000
046664,聯詠元大93購01  ,0,0,0,0,0,0,0,0,0,-1000,0,0,0,0,1000,-1000,-1000
046650,台表科國泰94購01,0,0,0,0,0,0,0,0,0,-1000,0,0,0,10000,11000,-1000,-1000
046391,上海銀統一94購01,0,0,0,0,0,0,0,0,0,-1000,0,0,0,0,1000,-1000,-1000
047916,台積電凱基93購22,0,0,0,0,0,0,0,0,0,-1000,0,0,0,6000,7000,-1000,-1000
047904,臺指反元大96購01,0,0,0,0,0,0,0,0,0,-1000,0,0,0,0,1000,-1000,-1000
047892,康控兆豐94購01  ,0,0,0,0,0,0,0,0,0,-1000,0,0,0,0,1000,-1000,-1000
047183,台光電元大93購05,0,0,0,0,0,0,0,0,0,-1000,0,0,0,3000,4000,-1000,-1000
045772,台光電元大93購01,0,0,0,0,0,0,0,0,0,-1000,0,0,0,0,1000,-1000,-1000
045767,大立光元富95購01,0,0,0,0,0,0,0,0,0,-1000,0,0,0,1000,2000,-1000,-1000
047438,台光電元大93購06,0,0,0,0,0,0,0,0,0,-1000,0,0,0,0,1000,-1000,-1000
047442,聯詠元大93購09  ,0,0,0,0,0,0,0,0,0,-1000,0,0,0,0,1000,-1000,-1000
046318,聯詠元大92購04  ,0,0,0,0,0,0,0,0,0,-1000,0,0,0,0,1000,-1000,-1000
047111,台光電元大93購04,0,0,0,0,0,0,0,0,0,-1000,0,0,0,0,1000,-1000,-1000
047831,台光電元大93購07,0,0,0,0,0,0,0,0,0,-1000,0,0,0,0,1000,-1000,-1000
04781P,欣興凱基94售06  ,0,0,0,0,0,0,0,0,0,-1000,0,0,0,102000,103000,-1000,-1000
047761,亞德客元大93購02,0,0,0,0,0,0,0,0,0,-1000,0,0,0,5000,6000,-1000,-1000
047770,聯詠元大93購10  ,0,0,0,0,0,0,0,0,0,-1000,0,0,0,20000,21000,-1000,-1000
048122,台達電元大96購02,0,0,0,0,0,0,0,0,0,-1000,0,0,0,0,1000,-1000,-1000
048530,大立光國票93購04,0,0,0,0,0,0,0,0,0,-1000,0,0,0,0,1000,-1000,-1000
048531,大立光國票93購05,0,0,0,0,0,0,0,0,0,-1000,0,0,0,0,1000,-1000,-1000
046244,大成鋼亞東93購01,0,0,0,0,0,0,0,0,0,-1000,0,0,0,0,1000,-1000,-1000
046960,台新金中信95購01,0,0,0,0,0,0,0,0,0,-1000,0,0,0,200000,201000,-1000,-1000
046178,聯發科日盛92購01,0,0,0,0,0,0,0,0,0,-1000,0,0,0,0,1000,-1000,-1000
047005,南亞科統一93購03,0,0,0,0,0,0,0,0,0,-1000,0,0,0,33000,34000,-1000,-1000
047013,超眾元富96購01  ,0,0,0,0,0,0,0,0,0,-1000,0,0,0,179000,180000,-1000,-1000
046948,聯詠元大93購03  ,0,0,0,0,0,0,0,0,0,-1000,0,0,0,0,1000,-1000,-1000
048874,玉晶光國票96購01,0,0,0,0,0,0,0,0,0,-1000,0,0,0,0,1000,-1000,-1000
048738,台積電統一94購04,0,0,0,0,0,0,0,0,0,-1000,0,0,0,0,1000,-1000,-1000
048570,鈺齊元大93購01  ,0,0,0,0,0,0,0,0,0,-1000,0,0,0,0,1000,-1000,-1000
048572,美利達元大96購04,0,0,0,0,0,0,0,0,0,-1000,0,0,0,27000,28000,-1000,-1000
052938,華新科兆豐96購01,0,0,0,0,0,0,0,0,0,-1000,0,0,0,22000,23000,-1000,-1000
052926,旺宏元大98購02  ,0,0,0,0,0,0,0,0,0,-1000,0,0,0,778000,779000,-1000,-1000
046008,臺股指統一92購03,0,0,0,0,0,0,0,0,0,-1000,0,0,0,0,1000,-1000,-1000
045677,聯發科元大92購10,0,0,0,0,0,0,0,0,0,-1000,0,0,0,0,1000,-1000,-1000
047393,景碩元大93購02  ,0,0,0,0,0,0,0,0,0,-1000,0,0,0,0,1000,-1000,-1000
045781,聯詠元大92購03  ,0,0,0,0,0,0,0,0,0,-1000,0,0,0,0,1000,-1000,-1000
04591P,上銀元大94售01  ,0,0,0,0,0,0,0,0,0,-1000,0,0,0,100000,101000,-1000,-1000
046513,景碩元大92購02  ,0,0,0,0,0,0,0,0,0,-1000,0,0,0,0,1000,-1000,-1000
047317,聯詠元大93購06  ,0,0,0,0,0,0,0,0,0,-1000,0,0,0,0,1000,-1000,-1000
047292,台光電元富96購01,0,0,0,0,0,0,0,0,0,-1000,0,0,0,10000,11000,-1000,-1000
048010,嘉聯益富邦97購01,0,0,0,0,0,0,0,0,0,-1000,0,0,0,451000,452000,-1000,-1000
045631,台光電凱基93購06,0,0,0,0,0,0,0,0,0,-1000,0,0,0,0,1000,-1000,-1000
04558P,瑞昱日盛94售01  ,0,0,0,0,0,0,0,0,0,-1000,0,0,0,0,1000,-1000,-1000
048083,台達電凱基93購04,0,0,0,0,0,0,0,0,0,-1000,0,0,0,0,1000,-1000,-1000
047205,GIS元富93購03   ,0,0,0,0,0,0,0,0,0,-1000,0,0,0,9000,10000,-1000,-1000
046416,聯詠元大92購05  ,0,0,0,0,0,0,0,0,0,-1000,0,0,0,0,1000,-1000,-1000
047994,亞德客元大93購03,0,0,0,0,0,0,0,0,0,-1000,0,0,0,64000,65000,-1000,-1000
04798P,牧德元大95售02  ,0,0,0,0,0,0,0,0,0,-1000,0,0,0,0,1000,-1000,-1000
051093,聯詠元大95購01  ,0,0,0,0,0,0,0,0,0,-1000,0,0,0,0,1000,-1000,-1000
050934,喬山國票96購01  ,0,0,0,0,0,0,0,0,0,-1000,0,0,0,3000,4000,-1000,-1000
050983,新光金國泰97購01,0,0,0,0,0,0,0,0,0,-1000,0,0,0,9000,10000,-1000,-1000
051018,可成凱基95購03  ,0,0,0,0,0,0,0,0,0,-1000,0,0,0,0,1000,-1000,-1000
051218,聯發科元富9B購02,0,0,0,0,0,0,0,0,0,-1000,0,0,0,0,1000,-1000,-1000
051211,道瓊反統一95購01,0,0,0,0,0,0,0,0,0,-1000,0,0,0,0,1000,-1000,-1000
051349,國巨元大95購08  ,0,0,0,0,0,0,0,0,0,-1000,0,0,0,0,1000,-1000,-1000
050346,康友元富94購03  ,0,0,0,0,0,0,0,0,0,-1000,0,0,0,63000,64000,-1000,-1000
050270,景碩元大94購01  ,0,0,0,0,0,0,0,0,0,-1000,0,0,0,0,1000,-1000,-1000
050545,奇力新凱基95購01,0,0,0,0,0,0,0,0,0,-1000,0,0,0,0,1000,-1000,-1000
050464,華通國泰95購01  ,0,0,0,0,0,0,0,0,0,-1000,0,0,0,195000,196000,-1000,-1000
050427,台積電凱基94購34,0,0,0,0,0,0,0,0,0,-1000,0,0,0,0,1000,-1000,-1000
050748,道瓊銀統一94購04,0,0,0,0,0,0,0,0,0,-1000,0,0,0,0,1000,-1000,-1000
050727,華新科國票94購09,0,0,0,0,0,0,0,0,0,-1000,0,0,0,0,1000,-1000,-1000
050876,復盛永豐95購01  ,0,0,0,0,0,0,0,0,0,-1000,0,0,0,0,1000,-1000,-1000
049635,臺股指群益94購08,0,0,0,0,0,0,0,0,0,-1000,0,0,0,0,1000,-1000,-1000
049578,台達電元大94購09,0,0,0,0,0,0,0,0,0,-1000,0,0,0,0,1000,-1000,-1000
049916,台光電元大94購06,0,0,0,0,0,0,0,0,0,-1000,0,0,0,0,1000,-1000,-1000
049956,國巨統一94購05  ,0,0,0,0,0,0,0,0,0,-1000,0,0,0,6000,7000,-1000,-1000
050179,全新元大96購02  ,0,0,0,0,0,0,0,0,0,-1000,0,0,0,320000,321000,-1000,-1000
050204,華新科群益94購05,0,0,0,0,0,0,0,0,0,-1000,0,0,0,64000,65000,-1000,-1000
049205,聯發科群益94購05,0,0,0,0,0,0,0,0,0,-1000,0,0,0,60000,61000,-1000,-1000
049175,台積電凱基94購12,0,0,0,0,0,0,0,0,0,-1000,0,0,0,1000,2000,-1000,-1000
04919P,聯詠凱基94售05  ,0,0,0,0,0,0,0,0,0,-1000,0,0,0,0,1000,-1000,-1000
049071,台達電凱基94購02,0,0,0,0,0,0,0,0,0,-1000,0,0,0,0,1000,-1000,-1000
049360,台達電元大94購07,0,0,0,0,0,0,0,0,0,-1000,0,0,0,0,1000,-1000,-1000
049370,可成元大94購03  ,0,0,0,0,0,0,0,0,0,-1000,0,0,0,12000,13000,-1000,-1000
049415,智邦凱基94購02  ,0,0,0,0,0,0,0,0,0,-1000,0,0,0,9000,10000,-1000,-1000
049430,國巨國票95購02  ,0,0,0,0,0,0,0,0,0,-1000,0,0,0,0,1000,-1000,-1000
049551,電子類群益94購01,0,0,0,0,0,0,0,0,0,-1000,0,0,0,0,1000,-1000,-1000
048968,可成元大94購02  ,0,0,0,0,0,0,0,0,0,-1000,0,0,0,11000,12000,-1000,-1000
05929P,宏達電康和96售01,0,0,0,0,0,0,0,0,0,-1000,0,0,0,0,1000,-1000,-1000
05937P,台積電凱基96售21,0,0,0,0,0,0,0,0,0,-1000,0,0,0,0,1000,-1000,-1000
05950P,台積電國票97售04,0,0,0,0,0,0,0,0,0,-1000,0,0,0,1000,2000,-1000,-1000
07240P,台灣50台新94售01,0,0,0,0,0,0,0,0,0,-1000,0,0,0,0,1000,-1000,-1000
054691,裕民永豐97購01  ,0,0,0,0,0,0,0,0,0,-1000,0,0,0,0,1000,-1000,-1000
054694,聯鈞永豐97購01  ,0,0,0,0,0,0,0,0,0,-1000,0,0,0,0,1000,-1000,-1000
054684,裕隆永豐97購01  ,0,0,0,0,0,0,0,0,0,-1000,0,0,0,0,1000,-1000,-1000
05776P,鴻海統一98售02  ,0,0,0,0,0,0,0,0,0,-1000,0,0,0,10000,11000,-1000,-1000
054629,華新科凱基98購01,0,0,0,0,0,0,0,0,0,-1000,0,0,0,0,1000,-1000,-1000
054639,台新金中信99購01,0,0,0,0,0,0,0,0,0,-1000,0,0,0,0,1000,-1000,-1000
05460P,台郡凱基95售05  ,0,0,0,0,0,0,0,0,0,-1000,0,0,0,0,1000,-1000,-1000
054554,大立光凱基98購02,0,0,0,0,0,0,0,0,0,-1000,0,0,0,9000,10000,-1000,-1000
05383P,鴻海富邦95售06  ,0,0,0,0,0,0,0,0,0,-1000,0,0,0,289000,290000,-1000,-1000
053972,華新科元大96購06,0,0,0,0,0,0,0,0,0,-1000,0,0,0,34000,35000,-1000,-1000
054218,S&P反1統一98購02,0,0,0,0,0,0,0,0,0,-1000,0,0,0,0,1000,-1000,-1000
054312,TPK凱基98購01   ,0,0,0,0,0,0,0,0,0,-1000,0,0,0,0,1000,-1000,-1000
9944,新麗            ,1000,2000,-1000,0,0,0,0,0,0,0,0,0,0,0,0,0,-1000
8940,新天地          ,0,0,0,0,0,0,0,0,0,-1000,0,1000,-1000,0,0,0,-1000
4439,冠星-KY         ,1000,2000,-1000,0,0,0,0,0,0,0,0,0,0,0,0,0,-1000
2033,佳大            ,0,2000,-2000,0,0,0,0,0,0,0,0,0,0,0,0,0,-2000
2302,麗正            ,0,2000,-2000,0,0,0,0,0,0,0,0,0,0,0,0,0,-2000
2415,錩新            ,25000,38000,-13000,0,0,0,0,0,0,11000,12000,1000,11000,0,0,0,-2000
1467,南緯            ,0,2000,-2000,0,0,0,0,0,0,0,0,0,0,0,0,0,-2000
1506,正道            ,0,1000,-1000,0,0,0,0,0,0,-1000,0,1000,-1000,0,0,0,-2000
2467,志聖            ,42000,43000,-1000,0,0,0,0,0,0,-1000,0,1000,-1000,0,0,0,-2000
3189,景碩            ,1283000,764000,519000,0,0,0,25000,569000,-544000,23000,104000,20000,84000,28000,89000,-61000,-2000
052836,旺宏國泰98購01  ,0,0,0,0,0,0,0,0,0,-2000,0,0,0,20000,22000,-2000,-2000
05311P,臺股指群益95售10,0,0,0,0,0,0,0,0,0,-2000,0,0,0,0,2000,-2000,-2000
051838,國巨國泰97購01  ,0,0,0,0,0,0,0,0,0,-2000,0,0,0,63000,65000,-2000,-2000
05183P,台積電元富95售07,0,0,0,0,0,0,0,0,0,-2000,0,0,0,10000,12000,-2000,-2000
051974,華新科凱基96購05,0,0,0,0,0,0,0,0,0,-2000,0,0,0,56000,58000,-2000,-2000
051986,燿華元大96購04  ,0,0,0,0,0,0,0,0,0,-2000,0,0,0,3000,5000,-2000,-2000
052091,緯創元大95購04  ,0,0,0,0,0,0,0,0,0,-2000,0,0,0,50000,52000,-2000,-2000
052065,臺股指國票95購12,0,0,0,0,0,0,0,0,0,-2000,0,0,0,0,2000,-2000,-2000
052508,矽力日盛95購02  ,0,0,0,0,0,0,0,0,0,-2000,0,0,0,48000,50000,-2000,-2000
052535,日月光國泰96購01,0,0,0,0,0,0,0,0,0,-2000,0,0,0,0,2000,-2000,-2000
052266,義隆亞東95購02  ,0,0,0,0,0,0,0,0,0,-2000,0,0,0,0,2000,-2000,-2000
05232P,緯穎群益95售01  ,0,0,0,0,0,0,0,0,0,-2000,0,0,0,20000,22000,-2000,-2000
03040P,玉晶光國票03售02,0,0,0,0,0,0,0,0,0,-2000,0,0,0,0,2000,-2000,-2000
03708P,鴻海亞東93售01  ,0,0,0,0,0,0,0,0,0,-2000,0,0,0,0,2000,-2000,-2000
03614P,聯發科元大92售18,0,0,0,0,0,0,0,0,0,-2000,0,0,0,0,2000,-2000,-2000
03659P,臺股指元大92售21,0,0,0,0,0,0,0,0,0,-2000,0,0,0,0,2000,-2000,-2000
00683L,元大美元指數正2 ,0,0,0,0,0,0,0,0,0,-2000,0,0,0,40000,42000,-2000,-2000
00731,FH富時高息低波  ,0,0,0,0,0,0,0,0,0,-2000,0,0,0,390000,392000,-2000,-2000
00711B,FH彭博新興債    ,0,0,0,0,0,0,0,0,0,-2000,0,0,0,100000,102000,-2000,-2000
03369P,景碩中信02售01  ,0,0,0,0,0,0,0,0,0,-2000,0,0,0,0,2000,-2000,-2000
04275P,南亞科凱基93售08,0,0,0,0,0,0,0,0,0,-2000,0,0,0,2000,4000,-2000,-2000
042902,光寶科元大94購01,0,0,0,0,0,0,0,0,0,-2000,0,0,0,0,2000,-2000,-2000
03875P,滬深2X國票05售01,0,0,0,0,0,0,0,0,0,-2000,0,0,0,0,2000,-2000,-2000
04025P,宏達電國泰94售01,0,0,0,0,0,0,0,0,0,-2000,0,0,0,0,2000,-2000,-2000
040772,滬深2X元富92購02,0,0,0,0,0,0,0,0,0,-2000,0,0,0,463000,465000,-2000,-2000
045176,台表科國票92購01,0,0,0,0,0,0,0,0,0,-2000,0,0,0,0,2000,-2000,-2000
045215,鴻海元大92購05  ,0,0,0,0,0,0,0,0,0,-2000,0,0,0,35000,37000,-2000,-2000
044333,可成統一91購01  ,0,0,0,0,0,0,0,0,0,-2000,0,0,0,3000,5000,-2000,-2000
044396,燿華凱基93購02  ,0,0,0,0,0,0,0,0,0,-2000,0,0,0,0,2000,-2000,-2000
045295,台積電元大93購02,0,0,0,0,0,0,0,0,0,-2000,0,0,0,10000,12000,-2000,-2000
048247,聯發科兆豐93購03,0,0,0,0,0,0,0,0,0,-2000,0,0,0,2000,4000,-2000,-2000
048227,亞光凱基93購05  ,0,0,0,0,0,0,0,0,0,-2000,0,0,0,1000,3000,-2000,-2000
044736,聯發科國泰93購01,0,0,0,0,0,0,0,0,0,-2000,0,0,0,0,2000,-2000,-2000
04506P,旺宏元大94售06  ,0,0,0,0,0,0,0,0,0,-2000,0,0,0,69000,71000,-2000,-2000
045111,亞德客永豐92購01,0,0,0,0,0,0,0,0,0,-2000,0,0,0,80000,82000,-2000,-2000
045100,亞光中信93購01  ,0,0,0,0,0,0,0,0,0,-2000,0,0,0,13000,15000,-2000,-2000
045161,玉晶光國泰94購03,0,0,0,0,0,0,0,0,0,-2000,0,0,0,3000,5000,-2000,-2000
044171,訊芯元大91購02  ,0,0,0,0,0,0,0,0,0,-2000,0,0,0,1000,3000,-2000,-2000
04489P,大立光凱基94售03,0,0,0,0,0,0,0,0,0,-2000,0,0,0,0,2000,-2000,-2000
044433,華新科元大92購06,0,0,0,0,0,0,0,0,0,-2000,0,0,0,12000,14000,-2000,-2000
044887,亞光麥證93購01  ,0,0,0,0,2000,-2000,0,0,0,-2000,0,0,0,0,2000,-2000,-2000
044474,鈺齊群益91購01  ,0,0,0,0,0,0,0,0,0,-2000,0,0,0,0,2000,-2000,-2000
043869,台積電元大91購21,0,0,0,0,0,0,0,0,0,-2000,0,0,0,0,2000,-2000,-2000
047960,鈺齊永豐93購01  ,0,0,0,0,0,0,0,0,0,-2000,0,0,0,0,2000,-2000,-2000
047519,台達電元大93購02,0,0,0,0,0,0,0,0,0,-2000,0,0,0,0,2000,-2000,-2000
047530,智伸科元大93購04,0,0,0,0,0,0,0,0,0,-2000,0,0,0,0,2000,-2000,-2000
048086,鴻海凱基93購33  ,0,0,0,0,0,0,0,0,0,-2000,0,0,0,18000,20000,-2000,-2000
048034,大立光凱基93購29,0,0,0,0,0,0,0,0,0,-2000,0,0,0,0,2000,-2000,-2000
047304,元油2X元大96購02,0,0,0,0,0,0,0,0,0,-2000,0,0,0,0,2000,-2000,-2000
04595P,臺股指元大94售13,0,0,0,0,0,0,0,0,0,-2000,0,0,0,6000,8000,-2000,-2000
045669,華通元大93購02  ,0,0,0,0,0,0,0,0,0,-2000,0,0,0,105000,107000,-2000,-2000
052918,智易富邦97購02  ,0,0,0,0,0,0,0,0,0,-2000,0,0,0,0,2000,-2000,-2000
048825,華新科凱基94購05,0,0,0,0,0,0,0,0,0,-2000,0,0,0,0,2000,-2000,-2000
04882P,鴻海凱基94售19  ,0,0,0,0,0,0,0,0,0,-2000,0,0,0,0,2000,-2000,-2000
048754,瀚宇博元富97購01,0,0,0,0,0,0,0,0,0,-2000,0,0,0,10000,12000,-2000,-2000
04766P,緯穎永豐94售02  ,0,0,0,0,0,0,0,0,0,-2000,0,0,0,0,2000,-2000,-2000
046986,台積電凱基93購09,0,0,0,0,0,0,0,0,0,-2000,0,0,0,4000,6000,-2000,-2000
046964,祥碩中信93購01  ,0,0,0,0,0,0,0,0,0,-2000,0,0,0,0,2000,-2000,-2000
047767,聯發科元大93購20,0,0,0,0,0,0,0,0,0,-2000,0,0,0,0,2000,-2000,-2000
047086,群創統一93購03  ,0,0,0,0,0,0,0,0,0,-2000,0,0,0,32000,34000,-2000,-2000
045756,智伸科國泰93購01,0,0,0,0,0,0,0,0,0,-2000,0,0,0,0,2000,-2000,-2000
046636,亞德客永豐93購02,0,0,0,0,0,0,0,0,0,-2000,0,0,0,0,2000,-2000,-2000
046609,深中小國票93購01,0,0,0,0,0,0,0,0,0,-2000,0,0,0,7000,9000,-2000,-2000
046082,矽力凱基92購01  ,0,0,0,0,0,0,0,0,0,-2000,0,0,0,8000,10000,-2000,-2000
046684,致伸群益93購01  ,0,0,0,0,0,0,0,0,0,-2000,0,0,0,0,2000,-2000,-2000
046866,台積電統一94購03,0,0,0,0,0,0,0,0,0,-2000,0,0,0,11000,13000,-2000,-2000
046813,聯電凱基96購01  ,0,0,0,0,0,0,0,0,0,-2000,0,0,0,20000,22000,-2000,-2000
049568,台積電統一94購08,0,0,0,0,0,0,0,0,0,-2000,0,0,0,4000,6000,-2000,-2000
04951P,緯創中信94售01  ,0,0,0,0,0,0,0,0,0,-2000,0,0,0,8000,10000,-2000,-2000
049359,台達電元大94購06,0,0,0,0,0,0,0,0,0,-2000,0,0,0,0,2000,-2000,-2000
04906P,欣興國票95售01  ,0,0,0,0,0,0,0,0,0,-2000,0,0,0,3000,5000,-2000,-2000
049126,玉晶光元富94購02,0,0,0,0,0,0,0,0,0,-2000,0,0,0,3000,5000,-2000,-2000
048990,台表科元大94購01,0,0,0,0,0,0,0,0,0,-2000,0,0,0,0,2000,-2000,-2000
049203,智邦群益94購01  ,0,0,0,0,0,0,0,0,0,-2000,0,0,0,20000,22000,-2000,-2000
049222,和碩國票94購01  ,0,0,0,0,0,0,0,0,0,-2000,0,0,0,0,2000,-2000,-2000
049248,台達電元大94購04,0,0,0,0,0,0,0,0,0,-2000,0,0,0,0,2000,-2000,-2000
049273,臺股指元大94購08,0,0,0,0,0,0,0,0,0,-2000,0,0,0,3000,5000,-2000,-2000
050106,台達電元大94購11,0,0,0,0,0,0,0,0,0,-2000,0,0,0,0,2000,-2000,-2000
04991P,台表科元大94售05,0,0,0,0,0,0,0,0,0,-2000,0,0,0,0,2000,-2000,-2000
050010,鈺齊永豐94購01  ,0,0,0,0,0,0,0,0,0,-2000,0,0,0,27000,29000,-2000,-2000
049577,台達電元大94購08,0,0,0,0,0,0,0,0,0,-2000,0,0,0,0,2000,-2000,-2000
049826,光磊凱基94購02  ,0,0,0,0,0,0,0,0,0,-2000,0,0,0,50000,52000,-2000,-2000
050608,台達電元大94購12,0,0,0,0,0,0,0,0,0,-2000,0,0,0,0,2000,-2000,-2000
050553,緯穎凱基94購06  ,0,0,0,0,0,0,0,0,0,-2000,0,0,0,32000,34000,-2000,-2000
050688,大立光日盛94購03,0,0,0,0,0,0,0,0,0,-2000,0,0,0,0,2000,-2000,-2000
050436,大立光凱基94購18,0,0,0,0,0,0,0,0,0,-2000,0,0,0,0,2000,-2000,-2000
050419,鴻海凱基95購02  ,0,0,0,0,0,0,0,0,0,-2000,0,0,0,42000,44000,-2000,-2000
050461,GIS元大95購04   ,0,0,0,0,0,0,0,0,0,-2000,0,0,0,0,2000,-2000,-2000
050462,寶成元大94購01  ,0,0,0,0,0,0,0,0,0,-2000,0,0,0,0,2000,-2000,-2000
050459,台表科元大94購03,0,0,0,0,0,0,0,0,0,-2000,0,0,0,0,2000,-2000,-2000
050508,上証2X元大97購01,0,0,0,0,0,0,0,0,0,-2000,0,0,0,0,2000,-2000,-2000
051299,致茂凱基95購01  ,0,0,0,0,0,0,0,0,0,-2000,0,0,0,119000,121000,-2000,-2000
05099P,台積電凱基95售06,0,0,0,0,0,0,0,0,0,-2000,0,0,0,20000,22000,-2000,-2000
051081,聯茂富邦96購01  ,0,0,0,0,0,0,0,0,0,-2000,0,0,0,0,2000,-2000,-2000
051145,台積電凱基95購05,0,0,0,0,0,0,0,0,0,-2000,0,0,0,0,2000,-2000,-2000
6164,華興            ,0,2000,-2000,0,0,0,0,0,0,0,0,0,0,0,0,0,-2000
8480,泰昇-KY         ,5000,7000,-2000,0,0,0,0,0,0,0,0,0,0,0,0,0,-2000
8114,振樺電          ,6000,4000,2000,0,0,0,0,0,0,-4000,2000,6000,-4000,0,0,0,-2000
6579,研揚            ,6000,6000,0,0,0,0,0,0,0,-2000,0,2000,-2000,0,0,0,-2000
053477,大立光元大97購03,0,0,0,0,0,0,0,0,0,-2000,0,0,0,2000,4000,-2000,-2000
05369P,可成元富95售04  ,0,0,0,0,0,0,0,0,0,-2000,0,0,0,10000,12000,-2000,-2000
05367P,鴻海元富95售13  ,0,0,0,0,0,0,0,0,0,-2000,0,0,0,10000,12000,-2000,-2000
053573,臺股指統一99購01,0,0,0,0,0,0,0,0,0,-2000,0,0,0,0,2000,-2000,-2000
054255,亞光元大96購05  ,0,0,0,0,0,0,0,0,0,-2000,0,0,0,0,2000,-2000,-2000
054176,亞光台新96購01  ,0,0,0,0,0,0,0,0,0,-2000,0,0,0,0,2000,-2000,-2000
054185,喬山永豐96購02  ,0,0,0,0,0,0,0,0,0,-2000,0,0,0,0,2000,-2000,-2000
054066,緯穎國票97購03  ,0,0,0,0,0,0,0,0,0,-2000,0,0,0,0,2000,-2000,-2000
054096,佳世達國票97購01,0,0,0,0,0,0,0,0,0,-2000,0,0,0,3000,5000,-2000,-2000
05411P,台積電國票96售08,0,0,0,0,0,0,0,0,0,-2000,0,0,0,0,2000,-2000,-2000
054539,欣興國票98購01  ,0,0,0,0,0,0,0,0,0,-2000,0,0,0,0,2000,-2000,-2000
054506,矽格永豐96購01  ,0,0,0,0,0,0,0,0,0,-2000,0,0,0,0,2000,-2000,-2000
054602,聯詠台新97購01  ,0,0,0,0,0,0,0,0,0,-2000,0,0,0,0,2000,-2000,-2000
05786P,臺股指永昌96售03,0,0,0,0,0,0,0,0,0,-2000,0,0,0,3256000,3258000,-2000,-2000
05596P,可成統一96售01  ,0,0,0,0,0,0,0,0,0,-2000,0,0,0,0,2000,-2000,-2000
06086P,台積電康和97售01,0,0,0,0,0,0,0,0,0,-2000,0,0,0,0,2000,-2000,-2000
1101B,台泥乙特        ,0,0,0,0,0,0,0,0,0,-2000,1000,3000,-2000,0,0,0,-2000
06012P,世芯國票96售01  ,0,0,0,0,0,0,0,0,0,-2000,0,0,0,22000,24000,-2000,-2000
052668,聯發科群益97購01,0,0,0,0,0,0,0,0,0,-3000,0,0,0,55000,58000,-3000,-3000
052041,鴻海日盛95購02  ,0,0,0,0,0,0,0,0,0,-3000,0,0,0,60000,63000,-3000,-3000
051989,華固元大95購02  ,0,0,0,0,0,0,0,0,0,-3000,0,0,0,0,3000,-3000,-3000
051812,臻鼎凱基95購03  ,0,0,0,0,0,0,0,0,0,-3000,0,0,0,0,3000,-3000,-3000
051694,A50正2中信96購03,0,0,0,0,0,0,0,0,0,-3000,0,0,0,0,3000,-3000,-3000
053010,鴻海統一96購11  ,0,0,0,0,0,0,0,0,0,-3000,0,0,0,0,3000,-3000,-3000
052839,上海銀國泰97購01,0,0,0,0,0,0,0,0,0,-3000,0,0,0,7000,10000,-3000,-3000
052828,滬深2X群益9A購02,0,0,0,0,0,0,0,0,0,-3000,0,0,0,0,3000,-3000,-3000
052861,台光電凱基96購03,0,0,0,0,0,0,0,0,0,-3000,0,0,0,33000,36000,-3000,-3000
05314P,臺股指群益95售13,0,0,0,0,0,0,0,0,0,-3000,0,0,0,1000,4000,-3000,-3000
053224,矽力凱基96購02  ,0,0,0,0,0,0,0,0,0,-3000,0,0,0,0,3000,-3000,-3000
053370,上証2X元大97購03,0,0,0,0,0,0,0,0,0,-3000,0,0,0,2000,5000,-3000,-3000
1312A,國喬特          ,0,0,0,0,0,0,0,0,0,-3000,2000,5000,-3000,0,0,0,-3000
1451,年興            ,18000,21000,-3000,0,0,0,0,0,0,0,0,0,0,0,0,0,-3000
1324,地球            ,0,3000,-3000,0,0,0,0,0,0,0,0,0,0,0,0,0,-3000
1558,伸興            ,25000,2000,23000,0,0,0,0,0,0,-26000,0,26000,-26000,0,0,0,-3000
2038,海光            ,1000,4000,-3000,0,0,0,0,0,0,0,0,0,0,0,0,0,-3000
045437,大立光統一94購02,0,0,0,0,0,0,0,0,0,-3000,0,0,0,0,3000,-3000,-3000
044061,聯發科元大92購03,0,0,0,0,0,0,0,0,0,-3000,0,0,0,31000,34000,-3000,-3000
043963,台化國泰92購01  ,0,0,0,0,0,0,0,0,0,-3000,0,0,0,0,3000,-3000,-3000
044687,南寶凱基93購01  ,0,0,0,0,0,0,0,0,0,-3000,0,0,0,0,3000,-3000,-3000
045470,康控元大94購03  ,0,0,0,0,0,0,0,0,0,-3000,0,0,0,24000,27000,-3000,-3000
044174,農林統一91購01  ,0,0,0,0,0,0,0,0,0,-3000,0,0,0,0,3000,-3000,-3000
048234,美利達凱基93購03,0,0,0,0,0,0,0,0,0,-3000,0,0,0,0,3000,-3000,-3000
048533,景碩國票94購01  ,0,0,0,0,0,0,0,0,0,-3000,0,0,0,30000,33000,-3000,-3000
048360,華晶科永豐93購02,0,0,0,0,0,0,0,0,0,-3000,0,0,0,0,3000,-3000,-3000
044375,亞光兆豐92購01  ,0,0,0,0,0,0,0,0,0,-3000,0,0,0,51000,54000,-3000,-3000
042080,揚明光元大93購02,0,0,0,0,0,0,0,0,0,-3000,0,0,0,0,3000,-3000,-3000
041172,台積電群益91購03,0,0,0,0,0,0,0,0,0,-3000,0,0,0,0,3000,-3000,-3000
043285,聯發科元大92購01,0,0,0,0,0,0,0,0,0,-3000,0,0,0,0,3000,-3000,-3000
039319,華新科國泰92購01,0,0,0,0,0,0,0,0,0,-3000,0,0,0,11000,14000,-3000,-3000
042895,鴻海永昌93購03  ,0,0,0,0,0,0,0,0,0,-3000,0,0,0,1000,4000,-3000,-3000
03560P,台積電兆豐03售10,0,0,0,0,0,0,0,0,0,-3000,0,0,0,0,3000,-3000,-3000
006203,元大MSCI台灣    ,1000,1000,0,0,0,0,0,0,0,-3000,0,0,0,3000,6000,-3000,-3000
03027X,元展24          ,0,0,0,0,0,0,0,0,0,-3000,0,0,0,0,3000,-3000,-3000
03816P,GIS凱基93售03   ,0,0,0,0,0,0,0,0,0,-3000,0,0,0,0,3000,-3000,-3000
046835,傳奇群益93購01  ,0,0,0,0,0,0,0,0,0,-3000,0,0,0,0,3000,-3000,-3000
047845,美利達元大93購02,0,0,0,0,0,0,0,0,0,-3000,0,0,0,0,3000,-3000,-3000
046345,世紀鋼國票93購01,0,0,0,0,0,0,0,0,0,-3000,0,0,0,0,3000,-3000,-3000
047936,美利達凱基93購02,0,0,0,0,0,0,0,0,0,-3000,0,0,0,0,3000,-3000,-3000
047061,鴻海凱基93購23  ,0,0,0,0,0,0,0,0,0,-3000,0,0,0,16000,19000,-3000,-3000
047764,燿華元大93購03  ,0,0,0,0,0,0,0,0,0,-3000,0,0,0,45000,48000,-3000,-3000
047778,美利達元大93購01,0,0,0,0,0,0,0,0,0,-3000,0,0,0,0,3000,-3000,-3000
048096,大立光凱基93購33,0,0,0,0,0,0,0,0,0,-3000,0,0,0,0,3000,-3000,-3000
048130,美利達元大96購01,0,0,0,0,0,0,0,0,0,-3000,0,0,0,0,3000,-3000,-3000
04618P,電子類群益94售02,0,0,0,0,0,0,0,0,0,-3000,0,0,0,2000,5000,-3000,-3000
048762,寶齡凱基94購01  ,0,0,0,0,0,0,0,0,0,-3000,0,0,0,0,3000,-3000,-3000
048571,美利達元大96購03,0,0,0,0,0,0,0,0,0,-3000,0,0,0,0,3000,-3000,-3000
048696,台達電國票96購01,0,0,0,0,0,0,0,0,0,-3000,0,0,0,0,3000,-3000,-3000
048651,美利達元大96購05,0,0,0,0,0,0,0,0,0,-3000,0,0,0,0,3000,-3000,-3000
046537,聯發科群益93購02,0,0,0,0,0,0,0,0,0,-3000,0,0,0,0,3000,-3000,-3000
047268,嘉聯益台新93購01,0,0,0,0,0,0,0,0,0,-3000,0,0,0,0,3000,-3000,-3000
047616,鴻海凱基94購10  ,0,0,0,0,0,0,0,0,0,-3000,0,0,0,26000,29000,-3000,-3000
04552P,南電元大94售06  ,0,0,0,0,0,0,0,0,0,-3000,0,0,0,2000,5000,-3000,-3000
045519,宏達電元富92購01,0,0,0,0,0,0,0,0,0,-3000,0,0,0,3000,6000,-3000,-3000
046427,樺漢元大92購02  ,0,0,0,0,0,0,0,0,0,-3000,0,0,0,111000,114000,-3000,-3000
046456,聯發科凱基92購08,0,0,0,0,0,0,0,0,0,-3000,0,0,0,0,3000,-3000,-3000
046457,可成凱基92購09  ,0,0,0,0,0,0,0,0,0,-3000,0,0,0,17000,20000,-3000,-3000
050899,旭富元大95購01  ,0,0,0,0,0,0,0,0,0,-3000,0,0,0,11000,14000,-3000,-3000
050312,大立光兆豐94購04,0,0,0,0,0,0,0,0,0,-3000,0,0,0,0,3000,-3000,-3000
050333,鴻海國泰96購06  ,0,0,0,0,0,0,0,0,0,-3000,0,0,0,31000,34000,-3000,-3000
050643,為升凱基94購08  ,0,0,0,0,0,0,0,0,0,-3000,0,0,0,0,3000,-3000,-3000
050557,台積電統一94購13,0,0,0,0,0,0,0,0,0,-3000,0,0,0,0,3000,-3000,-3000
050822,亞光凱基95購01  ,0,0,0,0,0,0,0,0,0,-3000,0,0,0,22000,25000,-3000,-3000
049840,亞光亞東94購01  ,0,0,0,0,0,0,0,0,0,-3000,0,0,0,0,3000,-3000,-3000
049828,華新科凱基94購06,0,0,0,0,0,0,0,0,0,-3000,0,0,0,83000,86000,-3000,-3000
049760,滬深2X國泰95購02,0,0,0,0,0,0,0,0,0,-3000,0,0,0,0,3000,-3000,-3000
049770,康控元富95購01  ,0,0,0,0,0,0,0,0,0,-3000,0,0,0,36000,39000,-3000,-3000
048951,宏全永豐94購01  ,0,0,0,0,0,0,0,0,0,-3000,0,0,0,59000,62000,-3000,-3000
04958P,和大凱基94售04  ,0,0,0,0,0,0,0,0,0,-3000,0,0,0,7000,10000,-3000,-3000
050020,為升元大94購06  ,0,0,0,0,0,0,0,0,0,-3000,0,0,0,25000,28000,-3000,-3000
050028,華新科元大94購03,0,0,0,0,0,0,0,0,0,-3000,0,0,0,3000,6000,-3000,-3000
05007P,旺宏元富95售01  ,0,0,0,0,0,0,0,0,0,-3000,0,0,0,17000,20000,-3000,-3000
049288,聯茂兆豐95購02  ,0,0,0,0,0,0,0,0,0,-3000,0,0,0,0,3000,-3000,-3000
049233,聯發科統一94購04,0,0,0,0,0,0,0,0,0,-3000,0,0,0,0,3000,-3000,-3000
04915P,鴻海永昌96售02  ,0,0,0,0,0,0,0,0,0,-3000,0,0,0,17000,20000,-3000,-3000
049129,S&P反1元大97購01,0,0,0,0,0,0,0,0,0,-3000,0,0,0,0,3000,-3000,-3000
04935P,鴻海中信96售01  ,0,0,0,0,0,0,0,0,0,-3000,0,0,0,10000,13000,-3000,-3000
04936P,大立光中信95售03,0,0,0,0,0,0,0,0,0,-3000,0,0,0,0,3000,-3000,-3000
049407,台積電日盛94購02,0,0,0,0,0,0,0,0,0,-3000,0,0,0,32000,35000,-3000,-3000
05859P,台表科國票97售04,0,0,0,0,0,0,0,0,0,-3000,0,0,0,11000,14000,-3000,-3000
06078P,臺股指凱基9A售01,0,0,0,0,0,0,0,0,0,-3000,0,0,0,0,3000,-3000,-3000
06054P,臺股指中信9A售01,0,0,0,0,0,0,0,0,0,-3000,0,0,0,0,3000,-3000,-3000
06075P,智邦凱基97售02  ,0,0,0,0,0,0,0,0,0,-3000,0,0,0,0,3000,-3000,-3000
05756P,臺股指中信99售05,0,0,0,0,0,0,0,0,0,-3000,0,0,0,0,3000,-3000,-3000
05459P,聯詠凱基95售03  ,0,0,0,0,0,0,0,0,0,-3000,0,0,0,68000,71000,-3000,-3000
054565,玉晶光群益99購02,0,0,0,0,0,0,0,0,0,-3000,0,0,0,0,3000,-3000,-3000
054538,台光電國票98購01,0,0,0,0,0,0,0,0,0,-3000,0,0,0,0,3000,-3000,-3000
054413,台光電元大96購03,0,0,0,0,0,0,0,0,0,-3000,0,0,0,4000,7000,-3000,-3000
054184,A50正2永豐96購01,0,0,0,0,0,0,0,0,0,-3000,0,0,0,0,3000,-3000,-3000
053783,聯發科元大96購17,0,0,0,0,0,0,0,0,0,-3000,0,0,0,176000,179000,-3000,-3000
053707,A50正2凱基99購02,0,0,0,0,0,0,0,0,0,-3000,0,0,0,0,3000,-3000,-3000
053667,鴻海統一96購12  ,0,0,0,0,0,0,0,0,0,-3000,0,0,0,0,3000,-3000,-3000
053473,聯發科元大96購15,0,0,0,0,0,0,0,0,0,-3000,0,0,0,2000,5000,-3000,-3000
6641,基士德-KY       ,4000,7000,-3000,0,0,0,0,0,0,0,0,0,0,0,0,0,-3000
8481,政伸            ,3000,0,3000,0,0,0,0,0,0,-6000,0,6000,-6000,0,0,0,-3000
5484,慧友            ,0,3000,-3000,0,0,0,0,0,0,0,0,0,0,0,0,0,-3000
4572,駐龍            ,7000,10000,-3000,0,0,0,0,0,0,0,0,0,0,0,0,0,-3000
2912,統一超          ,524000,504537,19463,0,0,0,1000,0,1000,-24000,3000,27000,-24000,0,0,0,-3537
1517,利奇            ,15000,19000,-4000,0,0,0,0,0,0,0,0,0,0,0,0,0,-4000
053386,聯詠元大96購03  ,0,0,0,0,0,0,0,0,0,-4000,0,0,0,163000,167000,-4000,-4000
051502,南茂群益95購01  ,0,0,0,0,0,0,0,0,0,-4000,0,0,0,0,4000,-4000,-4000
051862,旺宏凱基95購05  ,0,0,0,0,0,0,0,0,0,-4000,0,0,0,51000,55000,-4000,-4000
051996,康友元大95購01  ,0,0,0,0,0,0,0,0,0,-4000,0,0,0,580000,584000,-4000,-4000
052055,緯穎凱基95購03  ,0,0,0,0,0,0,0,0,0,-4000,0,0,0,14000,18000,-4000,-4000
052095,彩晶元大97購01  ,0,0,0,0,0,0,0,0,0,-4000,0,0,0,1000,5000,-4000,-4000
052636,大立光凱基96購10,0,0,0,0,0,0,0,0,0,-4000,0,0,0,10000,14000,-4000,-4000
052389,聯發科群益95購05,0,0,0,0,0,0,0,0,0,-4000,0,0,0,0,4000,-4000,-4000
052220,T50反1凱基98購01,0,0,0,0,0,0,0,0,0,-4000,0,0,0,3000,7000,-4000,-4000
03014P,玉晶光永豐01售05,0,0,0,0,0,0,0,0,0,-4000,0,0,0,20000,24000,-4000,-4000
00660,元大歐洲50      ,0,0,0,0,0,0,0,0,0,-4000,0,0,0,1000,5000,-4000,-4000
042927,道瓊反中信94購01,0,0,0,0,0,0,0,0,0,-4000,0,0,0,1000,5000,-4000,-4000
043175,傳奇國泰93購01  ,0,0,0,0,0,0,0,0,0,-4000,0,0,0,10000,14000,-4000,-4000
042227,元油2X永豐93購01,0,0,0,0,0,0,0,0,0,-4000,0,0,0,0,4000,-4000,-4000
042326,元油2X國票94購01,0,0,0,0,0,0,0,0,0,-4000,0,0,0,0,4000,-4000,-4000
04838P,宏達電元大95售02,0,0,0,0,0,0,0,0,0,-4000,0,0,0,0,4000,-4000,-4000
048442,友訊凱基94購01  ,0,0,0,0,0,0,0,0,0,-4000,0,0,0,0,4000,-4000,-4000
048242,統一兆豐93購01  ,0,0,0,0,0,0,0,0,0,-4000,0,0,0,16000,20000,-4000,-4000
045073,可成元大93購01  ,0,0,0,0,0,0,0,0,0,-4000,0,0,0,129000,133000,-4000,-4000
045095,緯穎元大94購02  ,0,0,0,0,0,0,0,0,0,-4000,0,0,0,1000,5000,-4000,-4000
043770,亞德客兆豐92購01,0,0,0,0,0,0,0,0,0,-4000,0,0,0,0,4000,-4000,-4000
044578,緯創凱基93購02  ,0,0,0,0,0,0,0,0,0,-4000,0,0,0,0,4000,-4000,-4000
043522,華新科元大92購04,0,0,0,0,0,0,0,0,0,-4000,0,0,0,6000,10000,-4000,-4000
044013,友達凱基93購01  ,0,0,0,0,0,0,0,0,0,-4000,0,0,0,15000,19000,-4000,-4000
045436,友達統一93購02  ,0,0,0,0,0,0,0,0,0,-4000,0,0,0,0,4000,-4000,-4000
045374,鴻海元大92購07  ,0,0,0,0,0,0,0,0,0,-4000,0,0,0,29000,33000,-4000,-4000
046484,華泰國泰93購01  ,0,0,0,0,0,0,0,0,0,-4000,0,0,0,0,4000,-4000,-4000
047941,義隆國票94購02  ,0,0,0,0,0,0,0,0,0,-4000,0,0,0,1000,5000,-4000,-4000
047332,訊芯元大93購04  ,0,0,0,0,0,0,0,0,0,-4000,0,0,0,1000,5000,-4000,-4000
048687,旺宏群益96購01  ,0,0,0,0,0,0,0,0,0,-4000,0,0,0,9000,13000,-4000,-4000
05289P,鴻海永豐95售05  ,0,0,0,0,0,0,0,0,0,-4000,0,0,0,11000,15000,-4000,-4000
04565P,聯詠凱基94售01  ,0,0,0,0,0,0,0,0,0,-4000,0,0,0,0,4000,-4000,-4000
046974,上銀台新93購01  ,0,0,0,0,0,0,0,0,0,-4000,0,0,0,0,4000,-4000,-4000
047766,聯發科元大93購19,0,0,0,0,0,0,0,0,0,-4000,0,0,0,0,4000,-4000,-4000
046278,緯創台新92購01  ,0,0,0,0,0,0,0,0,0,-4000,0,0,0,0,4000,-4000,-4000
047094,聯發科麥證93購02,0,0,0,6000,11000,-5000,0,0,0,-4000,0,0,0,7000,11000,-4000,-4000
047450,南茂元大93購05  ,0,0,0,0,0,0,0,0,0,-4000,0,0,0,16000,20000,-4000,-4000
046381,緯創凱基93購03  ,0,0,0,0,0,0,0,0,0,-4000,0,0,0,14000,18000,-4000,-4000
046060,台塑凱基92購01  ,0,0,0,0,0,0,0,0,0,-4000,0,0,0,2000,6000,-4000,-4000
046078,致伸凱基92購04  ,0,0,0,0,0,0,0,0,0,-4000,0,0,0,16000,20000,-4000,-4000
046337,智原第一92購01  ,0,0,0,0,0,0,0,0,0,-4000,0,0,0,0,4000,-4000,-4000
046723,聯發科元大93購01,0,0,0,0,0,0,0,0,0,-4000,0,0,0,0,4000,-4000,-4000
048867,台積電兆豐95購01,0,0,0,0,0,0,0,0,0,-4000,0,0,0,1000,5000,-4000,-4000
048858,大立光群益94購03,0,0,0,0,0,0,0,0,0,-4000,0,0,0,5000,9000,-4000,-4000
049319,GIS凱基94購03   ,0,0,0,0,0,0,0,0,0,-4000,0,0,0,12000,16000,-4000,-4000
049767,奇力新元富94購01,0,0,0,0,0,0,0,0,0,-4000,0,0,0,7000,11000,-4000,-4000
050722,聯電國票96購01  ,0,0,0,0,0,0,0,0,0,-4000,0,0,0,0,4000,-4000,-4000
050675,奇鋐富邦96購01  ,0,0,0,0,0,0,0,0,0,-4000,0,0,0,6000,10000,-4000,-4000
050527,嘉聯益元大96購01,0,0,0,0,0,0,0,0,0,-4000,0,0,0,16000,20000,-4000,-4000
4930,燦星網          ,0,4000,-4000,0,0,0,0,0,0,0,0,0,0,0,0,0,-4000
3701,大眾控          ,0,4000,-4000,0,0,0,0,0,0,0,0,0,0,0,0,0,-4000
6605,帝寶            ,18000,22000,-4000,0,0,0,0,0,0,0,0,0,0,0,0,0,-4000
053819,大立光群益96購04,0,0,0,0,0,0,0,0,0,-4000,0,0,0,4000,8000,-4000,-4000
053934,A50正2元富96購02,0,0,0,0,0,0,0,0,0,-4000,0,0,0,0,4000,-4000,-4000
05667P,旺宏台新96售01  ,0,0,0,0,0,0,0,0,0,-4000,0,0,0,39000,43000,-4000,-4000
054648,智原群益98購01  ,0,0,0,0,0,0,0,0,0,-4000,0,0,0,0,4000,-4000,-4000
06023P,超眾國票96售03  ,0,0,0,0,0,0,0,0,0,-4000,0,0,0,0,4000,-4000,-4000
05212P,台積電國票96售04,0,0,0,0,0,0,0,0,0,-5000,0,0,0,2000,7000,-5000,-5000
05252P,華通凱基95售01  ,0,0,0,0,0,0,0,0,0,-5000,0,0,0,0,5000,-5000,-5000
052060,旺宏國票96購02  ,0,0,0,0,0,0,0,0,0,-5000,0,0,0,2000,7000,-5000,-5000
052061,樺漢國票96購01  ,0,0,0,0,0,0,0,0,0,-5000,0,0,0,65000,70000,-5000,-5000
052047,建準凱基96購01  ,0,0,0,0,0,0,0,0,0,-5000,0,0,0,0,5000,-5000,-5000
051984,台塑元大95購01  ,0,0,0,0,0,0,0,0,0,-5000,0,0,0,0,5000,-5000,-5000
051938,旭富群益95購01  ,0,0,0,0,0,0,0,0,0,-5000,0,0,0,15000,20000,-5000,-5000
051660,緯穎國泰96購02  ,0,0,0,0,0,0,0,0,0,-5000,0,0,0,0,5000,-5000,-5000
053303,建準凱基96購03  ,0,0,0,0,0,0,0,0,0,-5000,0,0,0,0,5000,-5000,-5000
053289,臺股指元大96購17,0,0,0,0,0,0,0,0,0,-5000,0,0,0,0,5000,-5000,-5000
053225,昇陽半凱基96購01,0,0,0,0,0,0,0,0,0,-5000,0,0,0,5000,10000,-5000,-5000
052970,美律群益96購01  ,0,0,0,0,0,0,0,0,0,-5000,0,0,0,123000,128000,-5000,-5000
052755,滬深2X群益9A購01,0,0,0,0,0,0,0,0,0,-5000,0,0,0,2000,7000,-5000,-5000
052750,臺股指元大96購04,0,0,0,0,0,0,0,0,0,-5000,0,0,0,0,5000,-5000,-5000
052792,大立光兆豐96購01,0,0,0,0,0,0,0,0,0,-5000,0,0,0,0,5000,-5000,-5000
1437,勤益控          ,30000,33000,-3000,0,0,0,0,0,0,-2000,0,2000,-2000,0,0,0,-5000
2231,為升            ,63000,60000,3000,0,0,0,0,0,0,-8000,7000,6000,1000,2000,11000,-9000,-5000
2417,圓剛            ,21000,24000,-3000,0,0,0,0,0,0,-2000,0,2000,-2000,0,0,0,-5000
2413,環科            ,12000,15000,-3000,0,0,0,0,0,0,-2000,0,2000,-2000,0,0,0,-5000
044857,玉晶光第一91購01,0,0,0,0,0,0,0,0,0,-5000,0,0,0,49000,54000,-5000,-5000
043991,TPK元大92購01   ,0,0,0,0,0,0,0,0,0,-5000,0,0,0,0,5000,-5000,-5000
044675,廣宇凱基93購02  ,0,0,0,0,0,0,0,0,0,-5000,0,0,0,9000,14000,-5000,-5000
044569,華邦電凱基92購01,0,0,0,0,0,0,0,0,0,-5000,0,0,0,0,5000,-5000,-5000
044614,聯茂兆豐92購02  ,0,0,0,0,0,0,0,0,0,-5000,0,0,0,25000,30000,-5000,-5000
045027,漢唐國票92購02  ,0,0,0,0,0,0,0,0,0,-5000,0,0,0,5000,10000,-5000,-5000
048181,A50正2群益95購01,0,0,0,0,0,0,0,0,0,-5000,0,0,0,0,5000,-5000,-5000
048164,台光電康和93購01,0,0,0,0,0,0,0,0,0,-5000,0,0,0,0,5000,-5000,-5000
048342,強茂元大93購01  ,0,0,0,0,0,0,0,0,0,-5000,0,0,0,0,5000,-5000,-5000
043289,欣興元大92購01  ,0,0,0,0,0,0,0,0,0,-5000,0,0,0,5000,10000,-5000,-5000
043281,漢唐元大92購02  ,0,0,0,0,0,0,0,0,0,-5000,0,0,0,5000,10000,-5000,-5000
043267,旺宏麥證92購01  ,0,0,0,10000,15000,-5000,0,0,0,-5000,0,0,0,10000,15000,-5000,-5000
04050P,創意元大93售05  ,0,0,0,0,0,0,0,0,0,-5000,0,0,0,0,5000,-5000,-5000
041527,T50反1中信96購01,0,0,0,0,0,0,0,0,0,-5000,0,0,0,39000,44000,-5000,-5000
041991,元油2X國票98購01,0,0,0,0,0,0,0,0,0,-5000,0,0,0,1000,6000,-5000,-5000
042023,大立光富邦92購04,0,0,0,0,0,0,0,0,0,-5000,0,0,0,0,5000,-5000,-5000
04280P,宏達電台新93售01,0,0,0,0,0,0,0,0,0,-5000,0,0,0,10000,15000,-5000,-5000
03395P,大立光國泰04售02,0,0,0,0,0,0,0,0,0,-5000,0,0,0,0,5000,-5000,-5000
03398P,瑞昱中信06售03  ,0,0,0,0,0,0,0,0,0,-5000,0,0,0,0,5000,-5000,-5000
03432P,欣興元大02售10  ,0,0,0,0,0,0,0,0,0,-5000,0,0,0,0,5000,-5000,-5000
042734,大立光兆豐92購02,0,0,0,0,0,0,0,0,0,-5000,0,0,0,15000,20000,-5000,-5000
00666R,富邦恒生國企反1 ,0,0,0,0,0,0,0,0,0,-5000,0,0,0,47000,52000,-5000,-5000
00645,富邦日本        ,0,0,0,0,0,0,0,0,0,-5000,0,0,0,60000,65000,-5000,-5000
03832P,臺股指中信95售03,0,0,0,0,0,0,0,0,0,-5000,0,0,0,0,5000,-5000,-5000
03761P,旺宏統一93售03  ,0,0,0,0,0,0,0,0,0,-5000,0,0,0,0,5000,-5000,-5000
03039X,元展36          ,0,0,0,0,0,0,0,0,0,-5000,0,0,0,0,5000,-5000,-5000
03638P,嘉晶凱基93售03  ,0,0,0,0,0,0,0,0,0,-5000,0,0,0,0,5000,-5000,-5000
03615C,臺股指元大94牛01,0,0,0,0,0,0,0,0,0,-5000,0,0,0,0,5000,-5000,-5000
03612C,臺股指元大95牛01,0,0,0,0,0,0,0,0,0,-5000,0,0,0,0,5000,-5000,-5000
046694,智邦凱基93購01  ,0,0,0,0,0,0,0,0,0,-5000,0,0,0,5000,10000,-5000,-5000
046770,聯發科國泰94購01,0,0,0,0,0,0,0,0,0,-5000,0,0,0,0,5000,-5000,-5000
046757,漢唐凱基93購02  ,0,0,0,0,0,0,0,0,0,-5000,0,0,0,10000,15000,-5000,-5000
046860,致伸元大93購02  ,0,0,0,0,0,0,0,0,0,-5000,0,0,0,51000,56000,-5000,-5000
046671,彩晶元大93購03  ,0,0,0,0,0,0,0,0,0,-5000,0,0,0,0,5000,-5000,-5000
046681,漢唐群益93購01  ,0,0,0,0,0,0,0,0,0,-5000,0,0,0,5000,10000,-5000,-5000
045774,義隆元大92購02  ,0,0,0,0,0,0,0,0,0,-5000,0,0,0,0,5000,-5000,-5000
046640,揚明光永豐93購01,0,0,0,0,0,0,0,0,0,-5000,0,0,0,0,5000,-5000,-5000
046593,臺股指元大92購27,0,0,0,0,0,0,0,0,0,-5000,0,0,0,0,5000,-5000,-5000
047164,亞光台新93購01  ,0,0,0,0,0,0,0,0,0,-5000,0,0,0,0,5000,-5000,-5000
046903,友達凱基99購01  ,0,0,0,0,0,0,0,0,0,-5000,0,0,0,15000,20000,-5000,-5000
047805,台積電凱基93購21,0,0,0,0,0,0,0,0,0,-5000,0,0,0,1000,6000,-5000,-5000
047768,大立光元大95購01,0,0,0,0,0,0,0,0,0,-5000,0,0,0,0,5000,-5000,-5000
04777P,聯發科凱基94售10,0,0,0,0,0,0,0,0,0,-5000,0,0,0,0,5000,-5000,-5000
046191,新光金凱基98購01,0,0,0,0,0,0,0,0,0,-5000,0,0,0,5000,10000,-5000,-5000
046951,GIS元大93購08   ,0,0,0,0,0,0,0,0,0,-5000,0,0,0,10000,15000,-5000,-5000
046971,致伸群益93購03  ,0,0,0,0,0,0,0,0,0,-5000,0,0,0,0,5000,-5000,-5000
052866,大立光凱基96購12,0,0,0,0,0,0,0,0,0,-5000,0,0,0,13000,18000,-5000,-5000
052905,潤泰全國票97購01,0,0,0,0,0,0,0,0,0,-5000,0,0,0,0,5000,-5000,-5000
05291P,鴻海凱基95售16  ,0,0,0,0,0,0,0,0,0,-5000,0,0,0,16000,21000,-5000,-5000
05292P,台積電凱基95售16,0,0,0,0,0,0,0,0,0,-5000,0,0,0,0,5000,-5000,-5000
045920,臺股指國票92購10,0,0,0,0,0,0,0,0,0,-5000,0,0,0,0,5000,-5000,-5000
048658,鴻海統一93購09  ,0,0,0,0,0,0,0,0,0,-5000,0,0,0,80000,85000,-5000,-5000
052958,T50反1凱基99購02,0,0,0,0,0,0,0,0,0,-5000,0,0,0,0,5000,-5000,-5000
048592,漢唐群益93購04  ,0,0,0,0,0,0,0,0,0,-5000,0,0,0,35000,40000,-5000,-5000
048801,漢唐富邦96購02  ,0,0,0,0,0,0,0,0,0,-5000,0,0,0,0,5000,-5000,-5000
048802,聯發科富邦94購03,0,0,0,0,0,0,0,0,0,-5000,0,0,0,0,5000,-5000,-5000
047305,卜蜂元大93購02  ,0,0,0,0,0,0,0,0,0,-5000,0,0,0,5000,10000,-5000,-5000
047284,華通統一93購03  ,0,0,0,0,0,0,0,0,0,-5000,0,0,0,24000,29000,-5000,-5000
046499,技嘉元大92購02  ,0,0,0,0,0,0,0,0,0,-5000,0,0,0,0,5000,-5000,-5000
048033,大立光凱基93購28,0,0,0,0,0,0,0,0,0,-5000,0,0,0,10000,15000,-5000,-5000
047650,矽力元大93購01  ,0,0,0,0,0,0,0,0,0,-5000,0,0,0,2000,7000,-5000,-5000
047544,台積電凱基93購17,0,0,0,0,0,0,0,0,0,-5000,0,0,0,1000,6000,-5000,-5000
047504,滬深2X國票9A購01,0,0,0,0,0,0,0,0,0,-5000,0,0,0,45000,50000,-5000,-5000
047214,啟碁富邦97購01  ,0,0,0,0,0,0,0,0,0,-5000,0,0,0,0,5000,-5000,-5000
046454,微星凱基92購04  ,0,0,0,0,0,0,0,0,0,-5000,0,0,0,0,5000,-5000,-5000
045535,A50正2群益94購01,0,0,0,0,0,0,0,0,0,-5000,0,0,0,15000,20000,-5000,-5000
047995,台達電元大96購01,0,0,0,0,0,0,0,0,0,-5000,0,0,0,0,5000,-5000,-5000
050445,鴻海元大94購21  ,0,0,0,0,0,0,0,0,0,-5000,0,0,0,276000,281000,-5000,-5000
050295,大立光凱基94購16,0,0,0,0,0,0,0,0,0,-5000,0,0,0,1000,6000,-5000,-5000
050585,矽格國票94購01  ,0,0,0,0,0,0,0,0,0,-5000,0,0,0,0,5000,-5000,-5000
050592,矽格永豐94購02  ,0,0,0,0,0,0,0,0,0,-5000,0,0,0,0,5000,-5000,-5000
050769,聯發科元大94購17,0,0,0,0,0,0,0,0,0,-5000,0,0,0,8000,13000,-5000,-5000
05079P,可成永豐95售01  ,0,0,0,0,0,0,0,0,0,-5000,0,0,0,72000,77000,-5000,-5000
050801,元金2X群益98購01,0,0,0,0,0,0,0,0,0,-5000,0,0,0,10000,15000,-5000,-5000
050935,劍麟國票96購01  ,0,0,0,0,0,0,0,0,0,-5000,0,0,0,0,5000,-5000,-5000
051150,宏達電凱基95購02,0,0,0,0,0,0,0,0,0,-5000,0,0,0,87000,92000,-5000,-5000
051345,鴻海元大95購09  ,0,0,0,0,0,0,0,0,0,-5000,0,0,0,550000,555000,-5000,-5000
051385,矽創群益95購01  ,0,0,0,0,0,0,0,0,0,-5000,0,0,0,0,5000,-5000,-5000
049603,富邦金亞東94購01,0,0,0,0,0,0,0,0,0,-5000,0,0,0,0,5000,-5000,-5000
049625,智易群益95購01  ,0,0,0,0,0,0,0,0,0,-5000,0,0,0,0,5000,-5000,-5000
049670,鈺齊國泰96購01  ,0,0,0,0,0,0,0,0,0,-5000,0,0,0,0,5000,-5000,-5000
049709,力山凱基94購04  ,0,0,0,0,0,0,0,0,0,-5000,0,0,0,0,5000,-5000,-5000
050077,臺股指凱基99購02,0,0,0,0,0,0,0,0,0,-5000,0,0,0,0,5000,-5000,-5000
050043,GIS亞東94購01   ,0,0,0,0,0,0,0,0,0,-5000,0,0,0,0,5000,-5000,-5000
050012,台積電國泰95購03,0,0,0,0,0,0,0,0,0,-5000,0,0,0,6000,11000,-5000,-5000
049229,台化富邦94購01  ,0,0,0,0,0,0,0,0,0,-5000,0,0,0,0,5000,-5000,-5000
049044,和碩兆豐94購01  ,0,0,0,0,0,0,0,0,0,-5000,0,0,0,2000,7000,-5000,-5000
048970,裕民元大94購01  ,0,0,0,0,0,0,0,0,0,-5000,0,0,0,0,5000,-5000,-5000
049537,元石油群益97購01,0,0,0,0,0,0,0,0,0,-5000,0,0,0,0,5000,-5000,-5000
049458,SP黃豆元富96購01,0,0,0,0,0,0,0,0,0,-5000,0,0,0,0,5000,-5000,-5000
049472,楠梓電永豐95購01,0,0,0,0,0,0,0,0,0,-5000,0,0,0,0,5000,-5000,-5000
049444,元石油統一94購03,0,0,0,0,0,0,0,0,0,-5000,0,0,0,0,5000,-5000,-5000
05856P,A50正2中信99售01,0,0,0,0,0,0,0,0,0,-5000,0,0,0,0,5000,-5000,-5000
05490P,鴻海元大95售23  ,0,0,0,0,0,0,0,0,0,-5000,0,0,0,10000,15000,-5000,-5000
05777P,台積電統一96售04,0,0,0,0,0,0,0,0,0,-5000,0,0,0,0,5000,-5000,-5000
05787P,臺股指永昌96售04,0,0,0,0,0,0,0,0,0,-5000,0,0,0,91000,96000,-5000,-5000
05791P,臺股指中信99售06,0,0,0,0,0,0,0,0,0,-5000,0,0,0,0,5000,-5000,-5000
054344,景碩國票97購04  ,0,0,0,0,0,0,0,0,0,-5000,0,0,0,0,5000,-5000,-5000
05436P,台積電群益95售07,0,0,0,0,0,0,0,0,0,-5000,0,0,0,0,5000,-5000,-5000
05458P,台積電凱基97售02,0,0,0,0,0,0,0,0,0,-5000,0,0,0,10000,15000,-5000,-5000
054625,旺宏凱基98購03  ,0,0,0,0,0,0,0,0,0,-5000,0,0,0,0,5000,-5000,-5000
053844,GIS統一96購01   ,0,0,0,0,0,0,0,0,0,-5000,0,0,0,51000,56000,-5000,-5000
054264,超眾元大97購02  ,0,0,0,0,0,0,0,0,0,-5000,0,0,0,51000,56000,-5000,-5000
054304,台積電凱基96購23,0,0,0,0,0,0,0,0,0,-5000,0,0,0,10000,15000,-5000,-5000
054286,台積電元大96購22,0,0,0,0,0,0,0,0,0,-5000,0,0,0,199000,204000,-5000,-5000
054160,華泰凱基98購01  ,0,0,0,0,0,0,0,0,0,-5000,0,0,0,0,5000,-5000,-5000
054130,漢唐元大97購02  ,0,0,0,0,0,0,0,0,0,-5000,0,0,0,15000,20000,-5000,-5000
4576,大銀微系統      ,10000,15000,-5000,0,0,0,0,0,0,0,0,0,0,0,0,0,-5000
9942,茂順            ,9000,14000,-5000,0,0,0,0,0,0,0,0,0,0,0,0,0,-5000
1732,毛寶            ,17000,23000,-6000,0,0,0,0,0,0,0,0,0,0,0,0,0,-6000
3305,昇貿            ,12000,18000,-6000,0,0,0,0,0,0,0,0,0,0,0,0,0,-6000
3593,力銘            ,0,6000,-6000,0,0,0,0,0,0,0,0,0,0,0,0,0,-6000
053117,大立光中信9A購02,0,0,0,0,0,0,0,0,0,-6000,0,0,0,0,6000,-6000,-6000
053190,聯發科統一99購01,0,0,0,0,0,0,0,0,0,-6000,0,0,0,4000,10000,-6000,-6000
051742,欣興國票96購01  ,0,0,0,0,0,0,0,0,0,-6000,0,0,0,0,6000,-6000,-6000
052096,力成元大95購01  ,0,0,0,0,0,0,0,0,0,-6000,0,0,0,14000,20000,-6000,-6000
052525,聯詠元大95購06  ,0,0,0,0,0,0,0,0,0,-6000,0,0,0,31000,37000,-6000,-6000
052660,京元電國票97購01,0,0,0,0,0,0,0,0,0,-6000,0,0,0,3000,9000,-6000,-6000
052248,元油反永豐95購01,0,0,0,0,0,0,0,0,0,-6000,0,0,0,0,6000,-6000,-6000
052219,大立光日盛95購02,0,0,0,0,0,0,0,0,0,-6000,0,0,0,10000,16000,-6000,-6000
052385,滬深2X群益99購05,0,0,0,0,0,0,0,0,0,-6000,0,0,0,2000,8000,-6000,-6000
052334,大成鋼日盛95購01,0,0,0,0,0,0,0,0,0,-6000,0,0,0,0,6000,-6000,-6000
052294,創意國票96購03  ,0,0,0,0,0,0,0,0,0,-6000,0,0,0,0,6000,-6000,-6000
00702,國泰標普低波高息,0,0,0,0,0,0,0,0,0,-6000,0,0,0,0,6000,-6000,-6000
00742,新光內需收益    ,0,0,0,0,0,0,0,0,0,-6000,0,0,0,0,6000,-6000,-6000
04146P,可成凱基93售14  ,0,0,0,0,0,0,0,0,0,-6000,0,0,0,7000,13000,-6000,-6000
048414,滬深2X統一98購01,0,0,0,0,0,0,0,0,0,-6000,0,0,0,4000,10000,-6000,-6000
048445,瑞昱凱基93購11  ,0,0,0,0,0,0,0,0,0,-6000,0,0,0,8000,14000,-6000,-6000
048454,合勤控凱基94購01,0,0,0,0,0,0,0,0,0,-6000,0,0,0,4000,10000,-6000,-6000
043561,和大凱基91購02  ,0,0,0,0,0,0,0,0,0,-6000,0,0,0,0,6000,-6000,-6000
044907,明泰凱基91購02  ,0,0,0,0,0,0,0,0,0,-6000,0,0,0,0,6000,-6000,-6000
044056,致茂元大91購01  ,0,0,0,0,0,0,0,0,0,-6000,0,0,0,249000,255000,-6000,-6000
044476,元油2X統一91購01,0,0,0,0,0,0,0,0,0,-6000,0,0,0,30000,36000,-6000,-6000
052867,晶技凱基96購01  ,0,0,0,0,0,0,0,0,0,-6000,0,0,0,15000,21000,-6000,-6000
046969,聯發科群益93購05,0,0,0,0,0,0,0,0,0,-6000,0,0,0,0,6000,-6000,-6000
048121,亞德客元大93購05,0,0,0,0,0,0,0,0,0,-6000,0,0,0,59000,65000,-6000,-6000
047810,聯發科凱基93購22,0,0,0,0,0,0,0,0,0,-6000,0,0,0,158000,164000,-6000,-6000
045701,聯發科中信92購02,0,0,0,0,0,0,0,0,0,-6000,0,0,0,0,6000,-6000,-6000
045695,英業達兆豐93購01,0,0,0,0,0,0,0,0,0,-6000,0,0,0,14000,20000,-6000,-6000
045685,康控元大95購01  ,0,0,0,0,0,0,0,0,0,-6000,0,0,0,10000,16000,-6000,-6000
047416,台泥富邦94購01  ,0,0,0,0,0,0,0,0,0,-6000,0,0,0,4000,10000,-6000,-6000
046095,鴻海國票92購02  ,0,0,0,0,0,0,0,0,0,-6000,0,0,0,10000,16000,-6000,-6000
047853,臺股指元富93購03,0,0,0,0,0,0,0,0,0,-6000,0,0,0,4000,10000,-6000,-6000
048851,台達電群益94購01,0,0,0,0,0,0,0,0,0,-6000,0,0,0,10000,16000,-6000,-6000
050040,鴻海中信94購04  ,0,0,0,0,0,0,0,0,0,-6000,0,0,0,28000,34000,-6000,-6000
050056,國巨凱基94購04  ,0,0,0,0,0,0,0,0,0,-6000,0,0,0,0,6000,-6000,-6000
050202,建準群益95購01  ,0,0,0,0,0,0,0,0,0,-6000,0,0,0,38000,44000,-6000,-6000
049699,祥碩元大94購01  ,0,0,0,0,0,0,0,0,0,-6000,0,0,0,0,6000,-6000,-6000
049646,旺宏凱基94購01  ,0,0,0,0,0,0,0,0,0,-6000,0,0,0,4000,10000,-6000,-6000
049874,全新康和94購01  ,0,0,0,0,0,0,0,0,0,-6000,0,0,0,269000,275000,-6000,-6000
050931,上証2X國票95購03,0,0,0,0,0,0,0,0,0,-6000,0,0,0,0,6000,-6000,-6000
050862,燿華永豐95購04  ,0,0,0,0,0,0,0,0,0,-6000,0,0,0,62000,68000,-6000,-6000
050765,鴻海元大96購02  ,0,0,0,0,0,0,0,0,0,-6000,0,0,0,1225000,1231000,-6000,-6000
050646,美律凱基96購01  ,0,0,0,0,0,0,0,0,0,-6000,0,0,0,0,6000,-6000,-6000
050696,台光電凱基96購01,0,0,0,0,0,0,0,0,0,-6000,0,0,0,19000,25000,-6000,-6000
050416,高股息凱基96購02,0,0,0,0,0,0,0,0,0,-6000,0,0,0,1000,7000,-6000,-6000
8367,建新國際        ,12000,18000,-6000,0,0,0,0,0,0,0,0,0,0,0,0,0,-6000
05378P,台積電凱基96售02,0,0,0,0,0,0,0,0,0,-6000,0,0,0,1000,7000,-6000,-6000
054537,南亞科亞東97購01,0,0,0,0,0,0,0,0,0,-6000,0,0,0,0,6000,-6000,-6000
054435,華新科台新97購02,0,0,0,0,0,0,0,0,0,-6000,0,0,0,46000,52000,-6000,-6000
05964P,華通凱基96售06  ,0,0,0,0,0,0,0,0,0,-6000,0,0,0,16000,22000,-6000,-6000
06052P,台郡國票97售06  ,0,0,0,0,0,0,0,0,0,-6000,0,0,0,0,6000,-6000,-6000
08974P,可成群益02售02  ,0,0,0,0,0,0,0,0,0,-6000,0,0,0,12000,18000,-6000,-6000
052249,大成鋼永豐95購01,0,0,0,0,0,0,0,0,0,-7000,0,0,0,10000,17000,-7000,-7000
052136,瑞儀凱基95購01  ,0,0,0,0,0,0,0,0,0,-7000,0,0,0,8000,15000,-7000,-7000
052155,百和台新95購01  ,0,0,0,0,0,0,0,0,0,-7000,0,0,0,0,7000,-7000,-7000
052453,崇越元大95購01  ,0,0,0,0,0,0,0,0,0,-7000,0,0,0,5000,12000,-7000,-7000
051951,聯發科元富95購02,0,0,0,0,0,0,0,0,0,-7000,0,0,0,5000,12000,-7000,-7000
051729,華新國票96購01  ,0,0,0,0,0,0,0,0,0,-7000,0,0,0,0,7000,-7000,-7000
051468,智邦日盛95購01  ,0,0,0,0,0,0,0,0,0,-7000,0,0,0,26000,33000,-7000,-7000
053325,GIS群益96購02   ,0,0,0,0,0,0,0,0,0,-7000,0,0,0,73000,80000,-7000,-7000
052752,臺股指元大96購06,0,0,0,0,0,0,0,0,0,-7000,0,0,0,0,7000,-7000,-7000
3094,聯傑            ,4000,11000,-7000,0,0,0,0,0,0,0,0,0,0,0,0,0,-7000
2431,聯昌            ,26000,31000,-5000,0,0,0,0,0,0,-2000,0,2000,-2000,0,0,0,-7000
045474,力成元大92購01  ,0,0,0,0,0,0,0,0,0,-7000,0,0,0,0,7000,-7000,-7000
044136,百和凱基93購01  ,0,0,0,0,0,0,0,0,0,-7000,0,0,0,3000,10000,-7000,-7000
04174P,上銀群益93售06  ,0,0,0,0,0,0,0,0,0,-7000,0,0,0,27000,34000,-7000,-7000
04259P,滬深2X群益93售03,0,0,0,0,0,0,0,0,0,-7000,0,0,0,0,7000,-7000,-7000
03419P,玉晶光群益03售04,0,0,0,0,0,0,0,0,0,-7000,0,0,0,3000,10000,-7000,-7000
042953,鴻海台新01購01  ,0,0,0,0,0,0,0,0,0,-7000,0,0,0,5000,12000,-7000,-7000
046784,嘉晶永豐93購02  ,0,0,0,0,0,0,0,0,0,-7000,0,0,0,143000,150000,-7000,-7000
047072,義隆兆豐94購01  ,0,0,0,0,0,0,0,0,0,-7000,0,0,0,8000,15000,-7000,-7000
047057,瀚宇博國票93購01,0,0,0,0,0,0,0,0,0,-7000,0,0,0,19000,26000,-7000,-7000
047777,寶成元大93購01  ,0,0,0,0,0,0,0,0,0,-7000,0,0,0,10000,17000,-7000,-7000
047677,亞德客台新93購01,0,0,0,0,0,0,0,0,0,-7000,0,0,0,0,7000,-7000,-7000
046034,可成元大92購09  ,0,0,0,0,0,0,0,0,0,-7000,0,0,0,23000,30000,-7000,-7000
045796,廣達中信93購01  ,0,0,0,0,0,0,0,0,0,-7000,0,0,0,0,7000,-7000,-7000
048063,聯發科統一93購03,0,0,0,0,0,0,0,0,0,-7000,0,0,0,1000,8000,-7000,-7000
045613,祥碩群益92購01  ,0,0,0,0,0,0,0,0,0,-7000,0,0,0,5000,12000,-7000,-7000
050697,冠德凱基96購01  ,0,0,0,0,0,0,0,0,0,-7000,0,0,0,3000,10000,-7000,-7000
050591,智易永豐94購04  ,0,0,0,0,0,0,0,0,0,-7000,0,0,0,0,7000,-7000,-7000
050724,國巨國票96購01  ,0,0,0,0,0,0,0,0,0,-7000,0,0,0,31000,38000,-7000,-7000
050841,國巨國票96購02  ,0,0,0,0,0,0,0,0,0,-7000,0,0,0,39000,46000,-7000,-7000
050791,聯發科富邦96購01,0,0,0,0,0,0,0,0,0,-7000,0,0,0,64000,71000,-7000,-7000
050879,樺漢統一95購02  ,0,0,0,0,0,0,0,0,0,-7000,0,0,0,158000,165000,-7000,-7000
049691,可成元大94購06  ,0,0,0,0,0,0,0,0,0,-7000,0,0,0,95000,102000,-7000,-7000
050064,華新科凱基94購08,0,0,0,0,0,0,0,0,0,-7000,0,0,0,5000,12000,-7000,-7000
050037,金融類元大94購03,0,0,0,0,0,0,0,0,0,-7000,0,0,0,0,7000,-7000,-7000
048852,旺宏群益96購02  ,0,0,0,0,0,0,0,0,0,-7000,0,0,0,0,7000,-7000,-7000
049024,玉晶光群益97購01,0,0,0,0,0,0,0,0,0,-7000,0,0,0,22000,29000,-7000,-7000
049261,大立光元大94購08,0,0,0,0,0,0,0,0,0,-7000,0,0,0,16000,23000,-7000,-7000
05893P,國巨兆豐96售04  ,0,0,0,0,0,0,0,0,0,-7000,0,0,0,20000,27000,-7000,-7000
054336,台積電統一96購11,0,0,0,0,0,0,0,0,0,-7000,0,0,0,103000,110000,-7000,-7000
054540,泰鼎國票99購01  ,0,0,0,0,0,0,0,0,0,-7000,0,0,0,0,7000,-7000,-7000
05626P,景碩國票97售03  ,0,0,0,0,0,0,0,0,0,-7000,0,0,0,0,7000,-7000,-7000
053448,智易凱基96購03  ,0,0,0,0,0,0,0,0,0,-7000,0,0,0,3000,10000,-7000,-7000
053710,華通凱基96購05  ,0,0,0,0,0,0,0,0,0,-7000,0,0,0,93000,100000,-7000,-7000
053582,英業達元大97購01,0,0,0,0,0,0,0,0,0,-7000,0,0,0,50000,57000,-7000,-7000
3130,一零四          ,7000,15000,-8000,0,0,0,0,0,0,0,0,0,0,0,0,0,-8000
1721,三晃            ,40000,48000,-8000,0,0,0,0,0,0,0,0,0,0,0,0,0,-8000
053089,貿聯元大97購02  ,0,0,0,0,0,0,0,0,0,-8000,0,0,0,49000,57000,-8000,-8000
053348,彩晶國票97購02  ,0,0,0,0,0,0,0,0,0,-8000,0,0,0,13000,21000,-8000,-8000
053282,彩晶元大9C購01  ,0,0,0,0,0,0,0,0,0,-8000,0,0,0,1000,9000,-8000,-8000
05325P,臺股指凱基95售09,0,0,0,0,0,0,0,0,0,-8000,0,0,0,3000,11000,-8000,-8000
051536,玉晶光國票97購01,0,0,0,0,0,0,0,0,0,-8000,0,0,0,0,8000,-8000,-8000
051634,大立光國票96購03,0,0,0,0,0,0,0,0,0,-8000,0,0,0,1000,9000,-8000,-8000
051857,喬山凱基95購01  ,0,0,0,0,0,0,0,0,0,-8000,0,0,0,2000,10000,-8000,-8000
051876,宏達電國票96購01,0,0,0,0,0,0,0,0,0,-8000,0,0,0,1000,9000,-8000,-8000
052549,喬山國票97購01  ,0,0,0,0,0,0,0,0,0,-8000,0,0,0,0,8000,-8000,-8000
052242,台達電台新96購01,0,0,0,0,0,0,0,0,0,-8000,0,0,0,0,8000,-8000,-8000
052397,燿華凱基96購02  ,0,0,0,0,0,0,0,0,0,-8000,0,0,0,0,8000,-8000,-8000
03178P,台積電群益01售23,0,0,0,0,0,0,0,0,0,-8000,0,0,0,10000,18000,-8000,-8000
042618,台灣50群益92購04,0,0,0,0,0,0,0,0,0,-8000,0,0,0,0,8000,-8000,-8000
03421B,臺股指元大99熊01,0,0,0,0,0,0,0,0,0,-8000,0,0,0,50000,58000,-8000,-8000
020008,元大特股高息N   ,0,0,0,0,0,0,0,0,0,-8000,0,0,0,55000,63000,-8000,-8000
03005P,旭富群益01售05  ,0,0,0,0,0,0,0,0,0,-8000,0,0,0,0,8000,-8000,-8000
045355,聯鈞凱基92購01  ,0,0,0,0,0,0,0,0,0,-8000,0,0,0,0,8000,-8000,-8000
044870,上銀統一91購02  ,0,0,0,0,0,0,0,0,0,-8000,0,0,0,32000,40000,-8000,-8000
043864,鴻海元大91購07  ,0,0,0,0,0,0,0,0,0,-8000,0,0,0,2000,10000,-8000,-8000
047247,淘帝群益93購01  ,0,0,0,0,0,0,0,0,0,-8000,0,0,0,2000,10000,-8000,-8000
047482,新光金凱基99購03,0,0,0,0,0,0,0,0,0,-8000,0,0,0,62000,70000,-8000,-8000
047571,滬深2X群益99購01,0,0,0,0,0,0,0,0,0,-8000,0,0,0,581000,589000,-8000,-8000
052868,緯創凱基96購03  ,0,0,0,0,0,0,0,0,0,-8000,0,0,0,0,8000,-8000,-8000
048756,志超元富96購02  ,0,0,0,0,0,0,0,0,0,-8000,0,0,0,2000,10000,-8000,-8000
046182,燿華凱基93購04  ,0,0,0,0,0,0,0,0,0,-8000,0,0,0,18000,26000,-8000,-8000
046193,大立光凱基92購06,0,0,0,0,0,0,0,0,0,-8000,0,0,0,0,8000,-8000,-8000
046189,聯發科凱基92購02,0,0,0,0,0,0,0,0,0,-8000,0,0,0,2000,10000,-8000,-8000
046226,聯發科元大92購11,0,0,0,0,0,0,0,0,0,-8000,0,0,0,0,8000,-8000,-8000
048484,大立光國泰95購02,0,0,0,0,0,0,0,0,0,-8000,0,0,0,2000,10000,-8000,-8000
046744,元油2X凱基94購01,0,0,0,0,0,0,0,0,0,-8000,0,0,0,23000,31000,-8000,-8000
045720,台光電凱基93購07,0,0,0,0,0,0,0,0,0,-8000,0,0,0,2000,10000,-8000,-8000
047423,華新亞東93購01  ,0,0,0,0,0,0,0,0,0,-8000,0,0,0,2000,10000,-8000,-8000
045713,台達電凱基93購02,0,0,0,0,0,0,0,0,0,-8000,0,0,0,60000,68000,-8000,-8000
047909,超眾元大93購03  ,0,0,0,0,0,0,0,0,0,-8000,0,0,0,51000,59000,-8000,-8000
048996,中環第一94購01  ,0,0,0,0,0,0,0,0,0,-8000,0,0,0,0,8000,-8000,-8000
049544,台積電群益94購08,0,0,0,0,0,0,0,0,0,-8000,0,0,0,5000,13000,-8000,-8000
049921,大立光元大94購16,0,0,0,0,0,0,0,0,0,-8000,0,0,0,4000,12000,-8000,-8000
05013P,台積電元大96售05,0,0,0,0,0,0,0,0,0,-8000,0,0,0,92000,100000,-8000,-8000
049833,正文凱基94購05  ,0,0,0,0,0,0,0,0,0,-8000,0,0,0,200000,208000,-8000,-8000
050919,台積電凱基95購03,0,0,0,0,0,0,0,0,0,-8000,0,0,0,0,8000,-8000,-8000
05121P,創意國泰96售01  ,0,0,0,0,0,0,0,0,0,-8000,0,0,0,14000,22000,-8000,-8000
051239,國巨元大96購02  ,0,0,0,0,0,0,0,0,0,-8000,0,0,0,20000,28000,-8000,-8000
051250,大立光元大98購01,0,0,0,0,0,0,0,0,0,-8000,0,0,0,32000,40000,-8000,-8000
050587,緯穎國票94購02  ,0,0,0,0,0,0,0,0,0,-8000,0,0,0,4000,12000,-8000,-8000
050712,和碩中信94購01  ,0,0,0,0,0,0,0,0,0,-8000,0,0,0,0,8000,-8000,-8000
050651,大立光凱基96購02,0,0,0,0,0,0,0,0,0,-8000,0,0,0,0,8000,-8000,-8000
053619,和碩群益96購01  ,0,0,0,0,0,0,0,0,0,-8000,0,0,0,98000,106000,-8000,-8000
6202,盛群            ,59000,65000,-6000,0,0,0,0,0,0,-2000,0,2000,-2000,0,0,0,-8000
4999,鑫禾            ,6000,14000,-8000,0,0,0,0,0,0,0,0,0,0,0,0,0,-8000
6112,聚碩            ,11000,19000,-8000,0,0,0,0,0,0,0,0,0,0,0,0,0,-8000
053808,大成鋼群益97購01,0,0,0,0,0,0,0,0,0,-8000,0,0,0,13000,21000,-8000,-8000
053858,台達電元大96購05,0,0,0,0,0,0,0,0,0,-8000,0,0,0,0,8000,-8000,-8000
053903,燿華凱基97購01  ,0,0,0,0,0,0,0,0,0,-8000,0,0,0,2000,10000,-8000,-8000
053872,臻鼎元大96購04  ,0,0,0,0,0,0,0,0,0,-8000,0,0,0,65000,73000,-8000,-8000
05790P,臺股指永昌96售07,0,0,0,0,0,0,0,0,0,-8000,0,0,0,0,8000,-8000,-8000
054570,易華電群益98購01,0,0,0,0,0,0,0,0,0,-8000,0,0,0,2000,10000,-8000,-8000
054473,鴻海中信96購02  ,0,0,0,0,0,0,0,0,0,-8000,0,0,0,70000,78000,-8000,-8000
08890P,為升元大01售04  ,0,0,0,0,0,0,0,0,0,-8000,0,0,0,0,8000,-8000,-8000
052184,台光電群益95購03,0,0,0,0,0,0,0,0,0,-9000,0,0,0,12000,21000,-9000,-9000
052676,聯發科永昌98購01,0,0,0,0,0,0,0,0,0,-9000,0,0,0,109000,118000,-9000,-9000
052638,緯創凱基96購02  ,0,0,0,0,0,0,0,0,0,-9000,0,0,0,50000,59000,-9000,-9000
051910,大立光元大97購01,0,0,0,0,0,0,0,0,0,-9000,0,0,0,29000,38000,-9000,-9000
053136,彩晶國票97購01  ,0,0,0,0,0,0,0,0,0,-9000,0,0,0,0,9000,-9000,-9000
053311,同欣電凱基96購01,0,0,0,0,0,0,0,0,0,-9000,0,0,0,11000,20000,-9000,-9000
1598,岱宇            ,37000,46000,-9000,0,0,0,0,0,0,0,0,0,0,0,0,0,-9000
2911,麗嬰房          ,1000,10000,-9000,0,0,0,0,0,0,0,0,0,0,0,0,0,-9000
043907,鴻海凱基93購01  ,0,0,0,0,0,0,0,0,0,-9000,0,0,0,54000,63000,-9000,-9000
044848,華邦電統一94購01,0,0,0,0,0,0,0,0,0,-9000,0,0,0,92000,101000,-9000,-9000
045401,大立光兆豐93購01,0,0,0,0,0,0,0,0,0,-9000,0,0,0,1000,10000,-9000,-9000
045500,聯發科凱基93購04,0,0,0,0,0,0,0,0,0,-9000,0,0,0,0,9000,-9000,-9000
04505P,佳世達元富96售03,0,0,0,0,0,0,0,0,0,-9000,0,0,0,1000,10000,-9000,-9000
045318,鴻海統一92購03  ,0,0,0,0,0,0,0,0,0,-9000,0,0,0,1000,10000,-9000,-9000
044415,瑞昱統一91購02  ,0,0,0,0,0,0,0,0,0,-9000,0,0,0,9000,18000,-9000,-9000
045255,華邦電凱基93購03,0,0,0,0,0,0,0,0,0,-9000,0,0,0,66000,75000,-9000,-9000
04152P,喬山永豐93售02  ,0,0,0,0,0,0,0,0,0,-9000,0,0,0,69000,78000,-9000,-9000
043190,宏達電元大93購01,0,0,0,0,0,0,0,0,0,-9000,0,0,0,0,9000,-9000,-9000
00658L,國泰日本正2     ,0,0,0,0,0,0,0,0,0,-9000,0,0,0,5000,14000,-9000,-9000
03399P,欣興中信02售03  ,0,0,0,0,0,0,0,0,0,-9000,0,0,0,26000,35000,-9000,-9000
042983,亞光凱基92購01  ,0,0,0,0,0,0,0,0,0,-9000,0,0,0,107000,116000,-9000,-9000
042793,台積電台新9C購01,0,0,0,0,0,0,0,0,0,-9000,0,0,0,0,9000,-9000,-9000
046759,聯發科凱基93購06,0,0,0,0,0,0,0,0,0,-9000,0,0,0,1000,10000,-9000,-9000
047786,燿華群益93購03  ,0,0,0,0,0,0,0,0,0,-9000,0,0,0,27000,36000,-9000,-9000
045563,聯茂國票92購02  ,0,0,0,0,0,0,0,0,0,-9000,0,0,0,0,9000,-9000,-9000
046435,聯發科群益92購06,0,0,0,0,0,0,0,0,0,-9000,0,0,0,14000,23000,-9000,-9000
048025,鴻海凱基93購30  ,0,0,0,0,0,0,0,0,0,-9000,0,0,0,42000,51000,-9000,-9000
048076,亞光第一94購01  ,0,0,0,0,0,0,0,0,0,-9000,0,0,0,0,9000,-9000,-9000
047314,大立光元大93購22,0,0,0,0,0,0,0,0,0,-9000,0,0,0,0,9000,-9000,-9000
047347,台積電凱基93購14,0,0,0,0,0,0,0,0,0,-9000,0,0,0,11000,20000,-9000,-9000
050624,鈺齊元大94購01  ,0,0,0,0,0,0,0,0,0,-9000,0,0,0,12000,21000,-9000,-9000
051313,緯創麥證95購02  ,0,0,0,10000,19000,-9000,0,0,0,-9000,0,0,0,10000,19000,-9000,-9000
051434,中磊元富95購02  ,0,0,0,0,0,0,0,0,0,-9000,0,0,0,34000,43000,-9000,-9000
050965,揚明光永豐96購01,0,0,0,0,0,0,0,0,0,-9000,0,0,0,30000,39000,-9000,-9000
051166,可成元大95購02  ,0,0,0,0,0,0,0,0,0,-9000,0,0,0,11000,20000,-9000,-9000
051065,台積電國票96購01,0,0,0,0,0,0,0,0,0,-9000,0,0,0,54000,63000,-9000,-9000
049882,康控永豐94購01  ,0,0,0,0,0,0,0,0,0,-9000,0,0,0,28000,37000,-9000,-9000
048944,茂林永豐94購01  ,0,0,0,0,0,0,0,0,0,-9000,0,0,0,9000,18000,-9000,-9000
049527,國巨中信95購01  ,0,0,0,0,0,0,0,0,0,-9000,0,0,0,20000,29000,-9000,-9000
048896,凌陽國泰95購01  ,0,0,0,0,0,0,0,0,0,-9000,0,0,0,33000,42000,-9000,-9000
049410,統一凱基94購02  ,0,0,0,0,0,0,0,0,0,-9000,0,0,0,32000,41000,-9000,-9000
04938P,亞德客國票95售01,0,0,0,0,0,0,0,0,0,-9000,0,0,0,15000,24000,-9000,-9000
048995,宏全元大94購01  ,0,0,0,0,0,0,0,0,0,-9000,0,0,0,21000,30000,-9000,-9000
054350,美律國泰98購01  ,0,0,0,0,0,0,0,0,0,-9000,0,0,0,66000,75000,-9000,-9000
054399,智易永豐96購03  ,0,0,0,0,0,0,0,0,0,-9000,0,0,0,5000,14000,-9000,-9000
054385,矽創群益98購01  ,0,0,0,0,0,0,0,0,0,-9000,0,0,0,161000,170000,-9000,-9000
054480,和碩中信98購01  ,0,0,0,0,0,0,0,0,0,-9000,0,0,0,16000,25000,-9000,-9000
05798P,臺股指群益96售12,0,0,0,0,0,0,0,0,0,-9000,0,0,0,10000,19000,-9000,-9000
053941,國巨國泰96購05  ,0,0,0,0,0,0,0,0,0,-9000,0,0,0,40000,49000,-9000,-9000
053914,國巨國票96購08  ,0,0,0,0,0,0,0,0,0,-9000,0,0,0,0,9000,-9000,-9000
053859,台積電元大97購09,0,0,0,0,0,0,0,0,0,-9000,0,0,0,202000,211000,-9000,-9000
054256,創意元大96購07  ,0,0,0,0,0,0,0,0,0,-9000,0,0,0,188000,197000,-9000,-9000
054225,華新元富96購01  ,0,0,0,0,0,0,0,0,0,-9000,0,0,0,1000,10000,-9000,-9000
053669,台積電統一96購08,0,0,0,0,0,0,0,0,0,-9000,0,0,0,102000,111000,-9000,-9000
053450,同欣電凱基96購02,0,0,0,0,0,0,0,0,0,-9000,0,0,0,11000,20000,-9000,-9000
053464,喬山元大96購01  ,0,0,0,0,0,0,0,0,0,-9000,0,0,0,18000,27000,-9000,-9000
3051,力特            ,0,10000,-10000,0,0,0,0,0,0,0,0,0,0,0,0,0,-10000
3356,奇偶            ,69000,79000,-10000,0,0,0,0,0,0,0,0,0,0,0,0,0,-10000
053308,智易凱基96購02  ,0,0,0,0,0,0,0,0,0,-10000,0,0,0,0,10000,-10000,-10000
053398,和鑫中信99購01  ,0,0,0,0,0,0,0,0,0,-10000,0,0,0,0,10000,-10000,-10000
053402,A50正2群益9A購02,0,0,0,0,0,0,0,0,0,-10000,0,0,0,0,10000,-10000,-10000
05313P,臺股指群益95售12,0,0,0,0,0,0,0,0,0,-10000,0,0,0,0,10000,-10000,-10000
053185,友達中信99購01  ,0,0,0,0,0,0,0,0,0,-10000,0,0,0,0,10000,-10000,-10000
053189,聯發科統一96購05,0,0,0,0,0,0,0,0,0,-10000,0,0,0,0,10000,-10000,-10000
053271,喬山元大97購01  ,0,0,0,0,0,0,0,0,0,-10000,0,0,0,0,10000,-10000,-10000
053223,台郡凱基96購02  ,0,0,0,0,0,0,0,0,0,-10000,0,0,0,0,10000,-10000,-10000
053233,大立光永豐96購01,0,0,0,0,0,0,0,0,0,-10000,0,0,0,2000,12000,-10000,-10000
052789,台積電麥證96購01,0,0,0,0,10000,-10000,0,0,0,-10000,0,0,0,0,10000,-10000,-10000
05296P,牧德凱基96售01  ,0,0,0,0,0,0,0,0,0,-10000,0,0,0,0,10000,-10000,-10000
052972,義隆群益96購04  ,0,0,0,0,0,0,0,0,0,-10000,0,0,0,20000,30000,-10000,-10000
052840,友達富邦96購01  ,0,0,0,0,0,0,0,0,0,-10000,0,0,0,0,10000,-10000,-10000
052844,台積電統一96購02,0,0,0,0,0,0,0,0,0,-10000,0,0,0,0,10000,-10000,-10000
05284P,鴻海兆豐95售04  ,0,0,0,0,0,0,0,0,0,-10000,0,0,0,4000,14000,-10000,-10000
051873,緯穎凱基95購02  ,0,0,0,0,0,0,0,0,0,-10000,0,0,0,0,10000,-10000,-10000
051867,潤泰全凱基95購01,0,0,0,0,0,0,0,0,0,-10000,0,0,0,40000,50000,-10000,-10000
051868,貿聯凱基96購01  ,0,0,0,0,0,0,0,0,0,-10000,0,0,0,10000,20000,-10000,-10000
05188P,可成凱基95售09  ,0,0,0,0,0,0,0,0,0,-10000,0,0,0,0,10000,-10000,-10000
052007,滬深2X第一95購01,0,0,0,0,0,0,0,0,0,-10000,0,0,0,0,10000,-10000,-10000
052056,緯穎凱基95購04  ,0,0,0,0,0,0,0,0,0,-10000,0,0,0,10000,20000,-10000,-10000
052042,台積電日盛95購02,0,0,0,0,0,0,0,0,0,-10000,0,0,0,21000,31000,-10000,-10000
052026,漢唐群益95購01  ,0,0,0,0,0,0,0,0,0,-10000,0,0,0,0,10000,-10000,-10000
051623,和碩凱基96購02  ,0,0,0,0,0,0,0,0,0,-10000,0,0,0,0,10000,-10000,-10000
051717,祥碩康和95購01  ,0,0,0,0,0,0,0,0,0,-10000,0,0,0,4000,14000,-10000,-10000
051527,台郡凱基95購03  ,0,0,0,0,0,0,0,0,0,-10000,0,0,0,0,10000,-10000,-10000
051591,玉晶光元大97購01,0,0,0,0,0,0,0,0,0,-10000,0,0,0,157000,167000,-10000,-10000
051586,國泰金元大96購01,0,0,0,0,0,0,0,0,0,-10000,0,0,0,0,10000,-10000,-10000
051560,玉晶光國泰97購03,0,0,0,0,0,0,0,0,0,-10000,0,0,0,10000,20000,-10000,-10000
051541,GIS國票96購02   ,0,0,0,0,0,0,0,0,0,-10000,0,0,0,0,10000,-10000,-10000
052582,喬山台新96購01  ,0,0,0,0,0,0,0,0,0,-10000,0,0,0,0,10000,-10000,-10000
052673,T50反1國泰97購01,0,0,0,0,0,0,0,0,0,-10000,0,0,0,6000,16000,-10000,-10000
052543,聯詠元富95購01  ,0,0,0,0,0,0,0,0,0,-10000,0,0,0,0,10000,-10000,-10000
05255P,義隆凱基95售01  ,0,0,0,0,0,0,0,0,0,-10000,0,0,0,0,10000,-10000,-10000
052486,元油反國票96購01,0,0,0,0,0,0,0,0,0,-10000,0,0,0,0,10000,-10000,-10000
052438,瑞儀富邦95購01  ,0,0,0,0,0,0,0,0,0,-10000,0,0,0,0,10000,-10000,-10000
052196,TPK元富95購01   ,0,0,0,0,0,0,0,0,0,-10000,0,0,0,0,10000,-10000,-10000
052228,聯發科凱基96購06,0,0,0,0,0,0,0,0,0,-10000,0,0,0,11000,21000,-10000,-10000
052169,鴻海元大97購02  ,0,0,0,0,0,0,0,0,0,-10000,0,0,0,649000,659000,-10000,-10000
052119,漢唐國票96購01  ,0,0,0,0,0,0,0,0,0,-10000,0,0,0,20000,30000,-10000,-10000
052403,麗豐凱基96購01  ,0,0,0,0,0,0,0,0,0,-10000,0,0,0,0,10000,-10000,-10000
052345,矽力凱基95購01  ,0,0,0,0,0,0,0,0,0,-10000,0,0,0,0,10000,-10000,-10000
042784,上銀兆豐93購01  ,0,0,0,0,0,0,0,0,0,-10000,0,0,0,10000,20000,-10000,-10000
043002,鴻海元大92購02  ,0,0,0,0,0,0,0,0,0,-10000,0,0,0,0,10000,-10000,-10000
043148,裕隆統一93購01  ,0,0,0,0,0,0,0,0,0,-10000,0,0,0,0,10000,-10000,-10000
03907P,易華電國泰94售03,0,0,0,0,0,0,0,0,0,-10000,0,0,0,0,10000,-10000,-10000
03863P,臺股指麥證93售01,0,0,0,0,10000,-10000,0,0,0,-10000,0,0,0,0,10000,-10000,-10000
03852P,華邦電凱基93售05,0,0,0,0,0,0,0,0,0,-10000,0,0,0,0,10000,-10000,-10000
03388P,元油2X元富98售02,0,0,0,0,0,0,0,0,0,-10000,0,0,0,0,10000,-10000,-10000
03408P,南電國泰02售02  ,0,0,0,0,0,0,0,0,0,-10000,0,0,0,0,10000,-10000,-10000
03412P,滬深2X群益98售01,0,0,0,0,0,0,0,0,0,-10000,0,0,0,60000,70000,-10000,-10000
03183P,鴻海元大01售28  ,0,0,0,0,0,0,0,0,0,-10000,0,0,0,230000,240000,-10000,-10000
03237P,大立光元大02售04,0,0,0,0,0,0,0,0,0,-10000,0,0,0,0,10000,-10000,-10000
03423P,聯電統一02售07  ,0,0,0,0,0,0,0,0,0,-10000,0,0,0,0,10000,-10000,-10000
03549P,聯發科凱基02售10,0,0,0,0,0,0,0,0,0,-10000,0,0,0,0,10000,-10000,-10000
01010T,京城樂富R1      ,0,0,0,0,0,0,0,0,0,-10000,0,10000,-10000,0,0,0,-10000
03003P,京鼎群益01售02  ,0,0,0,0,0,0,0,0,0,-10000,0,0,0,0,10000,-10000,-10000
03569P,台積電元大02售41,0,0,0,0,0,0,0,0,0,-10000,0,0,0,0,10000,-10000,-10000
03038X,元展35          ,0,0,0,0,0,0,0,0,0,-10000,0,0,0,0,10000,-10000,-10000
03039P,玉晶光國票02售04,0,0,0,0,0,0,0,0,0,-10000,0,0,0,0,10000,-10000,-10000
03052X,元展49          ,0,0,0,0,0,0,0,0,0,-10000,0,0,0,0,10000,-10000,-10000
03125P,台積電凱基01售24,0,0,0,0,0,0,0,0,0,-10000,0,0,0,0,10000,-10000,-10000
03126P,旭富凱基01售04  ,0,0,0,0,0,0,0,0,0,-10000,0,0,0,60000,70000,-10000,-10000
03154P,華新科群益01售07,0,0,0,0,0,0,0,0,0,-10000,0,0,0,0,10000,-10000,-10000
03805P,可成元富93售02  ,0,0,0,0,0,0,0,0,0,-10000,0,0,0,10000,20000,-10000,-10000
03665P,華邦電永豐92售01,0,0,0,0,0,0,0,0,0,-10000,0,0,0,0,10000,-10000,-10000
03734P,新日興元大93售01,0,0,0,0,0,0,0,0,0,-10000,0,0,0,0,10000,-10000,-10000
043306,台積電凱基91購06,0,0,0,0,0,0,0,0,0,-10000,0,0,0,0,10000,-10000,-10000
03995P,滬深2X國泰95售01,0,0,0,0,0,0,0,0,0,-10000,0,0,0,0,10000,-10000,-10000
04344P,台達電國泰94售01,0,0,0,0,0,0,0,0,0,-10000,0,0,0,168000,178000,-10000,-10000
04003P,麗豐凱基94售03  ,0,0,0,0,0,0,0,0,0,-10000,0,0,0,0,10000,-10000,-10000
040040,上証2X元大91購02,0,0,0,0,0,0,0,0,0,-10000,0,0,0,0,10000,-10000,-10000
04155P,全新永豐93售01  ,0,0,0,0,0,0,0,0,0,-10000,0,0,0,0,10000,-10000,-10000
04144P,瑞昱凱基93售10  ,0,0,0,0,0,0,0,0,0,-10000,0,0,0,10000,20000,-10000,-10000
041857,宏達電元大92購01,0,0,0,0,0,0,0,0,0,-10000,0,0,0,10000,20000,-10000,-10000
045262,華固凱基92購01  ,0,0,0,0,0,0,0,0,0,-10000,0,0,0,0,10000,-10000,-10000
045251,鴻海凱基92購04  ,0,0,0,0,0,0,0,0,0,-10000,0,0,0,3000,13000,-10000,-10000
045246,同欣電群益92購01,0,0,0,0,0,0,0,0,0,-10000,0,0,0,10000,20000,-10000,-10000
044360,瀚宇博元大91購01,0,0,0,0,0,0,0,0,0,-10000,0,0,0,0,10000,-10000,-10000
044421,華邦電元富91購01,0,0,0,0,0,0,0,0,0,-10000,0,0,0,0,10000,-10000,-10000
045308,泰鼎元大93購02  ,0,0,0,0,0,0,0,0,0,-10000,0,0,0,8000,18000,-10000,-10000
045342,台光電凱基92購03,0,0,0,0,0,0,0,0,0,-10000,0,0,0,0,10000,-10000,-10000
04232P,可成亞東93售02  ,0,0,0,0,0,0,0,0,0,-10000,0,0,0,0,10000,-10000,-10000
042294,大立光元大91購05,0,0,0,0,0,0,0,0,0,-10000,0,0,0,0,10000,-10000,-10000
04244P,可成元大93售12  ,0,0,0,0,0,0,0,0,0,-10000,0,0,0,7000,17000,-10000,-10000
042352,鴻海元大91購03  ,0,0,0,0,0,0,0,0,0,-10000,0,0,0,0,10000,-10000,-10000
04253P,聯發科元富93售01,0,0,0,0,0,0,0,0,0,-10000,0,0,0,40000,50000,-10000,-10000
044253,美律麥證92購01  ,0,0,0,0,10000,-10000,0,0,0,-10000,0,0,0,0,10000,-10000,-10000
044258,超眾元大92購02  ,0,0,0,0,0,0,0,0,0,-10000,0,0,0,10000,20000,-10000,-10000
044266,亞德客中信91購01,0,0,0,0,0,0,0,0,0,-10000,0,0,0,0,10000,-10000,-10000
044282,上銀凱基93購03  ,0,0,0,0,0,0,0,0,0,-10000,0,0,0,0,10000,-10000,-10000
045195,TPK群益92購03   ,0,0,0,0,0,0,0,0,0,-10000,0,0,0,0,10000,-10000,-10000
044427,群創國泰93購01  ,0,0,0,0,0,0,0,0,0,-10000,0,0,0,0,10000,-10000,-10000
045056,欣興元富92購01  ,0,0,0,0,0,0,0,0,0,-10000,0,0,0,20000,30000,-10000,-10000
045088,康控元大94購02  ,0,0,0,0,0,0,0,0,0,-10000,0,0,0,15000,25000,-10000,-10000
045150,聯發科凱基93購03,0,0,0,0,0,0,0,0,0,-10000,0,0,0,0,10000,-10000,-10000
043736,力山元大92購02  ,0,0,0,0,0,0,0,0,0,-10000,0,0,0,0,10000,-10000,-10000
04356P,嘉晶永豐94售01  ,0,0,0,0,0,0,0,0,0,-10000,0,0,0,0,10000,-10000,-10000
043585,道瓊反元大94購01,0,0,0,0,0,0,0,0,0,-10000,0,0,0,0,10000,-10000,-10000
043628,南亞科凱基91購03,0,0,0,0,0,0,0,0,0,-10000,0,0,0,0,10000,-10000,-10000
04359P,中磊永豐94售01  ,0,0,0,0,0,0,0,0,0,-10000,0,0,0,0,10000,-10000,-10000
044734,台積電國泰93購01,0,0,0,0,0,0,0,0,0,-10000,0,0,0,0,10000,-10000,-10000
04473P,國巨元大94售03  ,0,0,0,0,0,0,0,0,0,-10000,0,0,0,0,10000,-10000,-10000
044801,微星凱基93購01  ,0,0,0,0,0,0,0,0,0,-10000,0,0,0,10000,20000,-10000,-10000
048417,國巨統一94購01  ,0,0,0,0,0,0,0,0,0,-10000,0,0,0,0,10000,-10000,-10000
048248,聯發科兆豐95購01,0,0,0,0,0,0,0,0,0,-10000,0,0,0,10000,20000,-10000,-10000
048267,元金反中信93購01,0,0,0,0,0,0,0,0,0,-10000,0,0,0,0,10000,-10000,-10000
048305,深100凱基96購01 ,0,0,0,0,0,0,0,0,0,-10000,0,0,0,0,10000,-10000,-10000
048362,康控永豐93購01  ,0,0,0,0,0,0,0,0,0,-10000,0,0,0,0,10000,-10000,-10000
048364,臺股指永豐93購04,0,0,0,0,0,0,0,0,0,-10000,0,0,0,0,10000,-10000,-10000
04461P,燿華元富94售01  ,0,0,0,0,0,0,0,0,0,-10000,0,0,0,0,10000,-10000,-10000
04460P,元油2X元富96售04,0,0,0,0,0,0,0,0,0,-10000,0,0,0,0,10000,-10000,-10000
044568,台積電凱基91購19,0,0,0,0,0,0,0,0,0,-10000,0,0,0,10000,20000,-10000,-10000
044130,嘉澤凱基91購03  ,0,0,0,0,0,0,0,0,0,-10000,0,0,0,0,10000,-10000,-10000
044115,旺宏日盛91購01  ,0,0,0,0,0,0,0,0,0,-10000,0,0,0,0,10000,-10000,-10000
044148,智易群益91購01  ,0,0,0,0,0,0,0,0,0,-10000,0,0,0,0,10000,-10000,-10000
044211,亞德客凱基91購02,0,0,0,0,0,0,0,0,0,-10000,0,0,0,0,10000,-10000,-10000
044912,瀚宇博凱基91購02,0,0,0,0,0,0,0,0,0,-10000,0,0,0,0,10000,-10000,-10000
044921,玉晶光永豐91購03,0,0,0,0,0,0,0,0,0,-10000,0,0,0,0,10000,-10000,-10000
044994,宏達電國泰93購01,0,0,0,0,0,0,0,0,0,-10000,0,0,0,0,10000,-10000,-10000
044980,台光電國票92購01,0,0,0,0,0,0,0,0,0,-10000,0,0,0,0,10000,-10000,-10000
04464P,可成元富94售04  ,0,0,0,0,0,0,0,0,0,-10000,0,0,0,0,10000,-10000,-10000
044691,緯穎凱基91購05  ,0,0,0,0,0,0,0,0,0,-10000,0,0,0,20000,30000,-10000,-10000
043489,大立光兆豐92購03,0,0,0,0,0,0,0,0,0,-10000,0,0,0,0,10000,-10000,-10000
045377,華邦電元大93購01,0,0,0,0,0,0,0,0,0,-10000,0,0,0,0,10000,-10000,-10000
04537P,新光金統一94售01,0,0,0,0,0,0,0,0,0,-10000,0,0,0,0,10000,-10000,-10000
044478,友達統一93購01  ,0,0,0,0,0,0,0,0,0,-10000,0,0,0,0,10000,-10000,-10000
044480,瀚宇博統一91購01,0,0,0,0,0,0,0,0,0,-10000,0,0,0,10000,20000,-10000,-10000
044469,華固群益91購01  ,0,0,0,0,0,0,0,0,0,-10000,0,0,0,0,10000,-10000,-10000
044489,鴻海元大91購09  ,0,0,0,0,0,0,0,0,0,-10000,0,0,0,0,10000,-10000,-10000
044500,超眾元大92購03  ,0,0,0,0,0,0,0,0,0,-10000,0,0,0,10000,20000,-10000,-10000
044832,台表科永豐91購03,0,0,0,0,0,0,0,0,0,-10000,0,0,0,0,10000,-10000,-10000
044839,同欣電元大91購02,0,0,0,0,0,0,0,0,0,-10000,0,0,0,0,10000,-10000,-10000
044815,宏碁兆豐93購01  ,0,0,0,0,0,0,0,0,0,-10000,0,0,0,27000,37000,-10000,-10000
043865,鴻海元大91購08  ,0,0,0,0,0,0,0,0,0,-10000,0,0,0,0,10000,-10000,-10000
045444,群創元富98購02  ,0,0,0,0,0,0,0,0,0,-10000,0,0,0,0,10000,-10000,-10000
045456,鴻海元大93購04  ,0,0,0,0,0,0,0,0,0,-10000,0,0,0,107000,117000,-10000,-10000
047359,台達電群益93購01,0,0,0,0,0,0,0,0,0,-10000,0,0,0,0,10000,-10000,-10000
046500,技嘉元大92購03  ,0,0,0,0,0,0,0,0,0,-10000,0,0,0,0,10000,-10000,-10000
046495,鴻海元大92購15  ,0,0,0,0,0,0,0,0,0,-10000,0,0,0,0,10000,-10000,-10000
045644,祥碩凱基92購01  ,0,0,0,0,0,0,0,0,0,-10000,0,0,0,4000,14000,-10000,-10000
045645,祥碩凱基93購03  ,0,0,0,0,0,0,0,0,0,-10000,0,0,0,4000,14000,-10000,-10000
046547,大立光永豐92購05,0,0,0,0,0,0,0,0,0,-10000,0,0,0,22000,32000,-10000,-10000
048075,美利達元富93購02,0,0,0,0,0,0,0,0,0,-10000,0,0,0,0,10000,-10000,-10000
045582,大立光元大93購08,0,0,0,0,0,0,0,0,0,-10000,0,0,0,0,10000,-10000,-10000
048027,京元電凱基93購03,0,0,0,0,0,0,0,0,0,-10000,0,0,0,20000,30000,-10000,-10000
04805P,創意元富94售01  ,0,0,0,0,0,0,0,0,0,-10000,0,0,0,0,10000,-10000,-10000
048060,台達電統一93購01,0,0,0,0,0,0,0,0,0,-10000,0,0,0,0,10000,-10000,-10000
048057,宏達電國泰94購02,0,0,0,0,0,0,0,0,0,-10000,0,0,0,10000,20000,-10000,-10000
047250,日月光群益94購01,0,0,0,0,0,0,0,0,0,-10000,0,0,0,40000,50000,-10000,-10000
047187,亞光元大94購01  ,0,0,0,0,0,0,0,0,0,-10000,0,0,0,34000,44000,-10000,-10000
04554P,可成中信94售01  ,0,0,0,0,0,0,0,0,0,-10000,0,0,0,0,10000,-10000,-10000
047641,可成元大93購09  ,0,0,0,0,0,0,0,0,0,-10000,0,0,0,219000,229000,-10000,-10000
047634,亞德客元大93購01,0,0,0,0,0,0,0,0,0,-10000,0,0,0,25000,35000,-10000,-10000
047490,元油反統一93購01,0,0,0,0,0,0,0,0,0,-10000,0,0,0,0,10000,-10000,-10000
048724,台達電日盛94購01,0,0,0,0,0,0,0,0,0,-10000,0,0,0,0,10000,-10000,-10000
048727,大成鋼麥證94購01,0,0,0,0,10000,-10000,0,0,0,-10000,0,0,0,0,10000,-10000,-10000
048758,美利達元富96購02,0,0,0,0,0,0,0,0,0,-10000,0,0,0,0,10000,-10000,-10000
048770,揚明光凱基94購01,0,0,0,0,0,0,0,0,0,-10000,0,0,0,0,10000,-10000,-10000
048806,光磊中信94購01  ,0,0,0,0,0,0,0,0,0,-10000,0,0,0,0,10000,-10000,-10000
048827,大立光凱基94購01,0,0,0,0,0,0,0,0,0,-10000,0,0,0,0,10000,-10000,-10000
04856P,光磊元富94售01  ,0,0,0,0,0,0,0,0,0,-10000,0,0,0,0,10000,-10000,-10000
048593,華新科群益93購04,0,0,0,0,0,0,0,0,0,-10000,0,0,0,20000,30000,-10000,-10000
048637,鴻海元大96購01  ,0,0,0,0,0,0,0,0,0,-10000,0,0,0,3000,13000,-10000,-10000
045671,鴻海元大92購10  ,0,0,0,0,0,0,0,0,0,-10000,0,0,0,80000,90000,-10000,-10000
046036,大立光元大92購15,0,0,0,0,0,0,0,0,0,-10000,0,0,0,0,10000,-10000,-10000
046037,大立光元大92購16,0,0,0,0,0,0,0,0,0,-10000,0,0,0,0,10000,-10000,-10000
046024,鴻海元大92購11  ,0,0,0,0,0,0,0,0,0,-10000,0,0,0,0,10000,-10000,-10000
045975,祥碩凱基93購04  ,0,0,0,0,0,0,0,0,0,-10000,0,0,0,6000,16000,-10000,-10000
04596P,臺股指元大94售14,0,0,0,0,0,0,0,0,0,-10000,0,0,0,0,10000,-10000,-10000
052904,冠德國票97購01  ,0,0,0,0,0,0,0,0,0,-10000,0,0,0,0,10000,-10000,-10000
052901,台達電國票97購01,0,0,0,0,0,0,0,0,0,-10000,0,0,0,0,10000,-10000,-10000
045784,晶睿元大92購02  ,0,0,0,0,0,0,0,0,0,-10000,0,0,0,0,10000,-10000,-10000
045828,緯穎凱基92購03  ,0,0,0,0,0,0,0,0,0,-10000,0,0,0,0,10000,-10000,-10000
045821,聯詠凱基92購06  ,0,0,0,0,0,0,0,0,0,-10000,0,0,0,0,10000,-10000,-10000
045779,大立光元大93購11,0,0,0,0,0,0,0,0,0,-10000,0,0,0,0,10000,-10000,-10000
045919,臺股指國票92購09,0,0,0,0,0,0,0,0,0,-10000,0,0,0,0,10000,-10000,-10000
045907,鴻海中信94購02  ,0,0,0,0,0,0,0,0,0,-10000,0,0,0,0,10000,-10000,-10000
045903,緯穎元大92購02  ,0,0,0,0,0,0,0,0,0,-10000,0,0,0,0,10000,-10000,-10000
048481,瑞儀中信93購01  ,0,0,0,0,0,0,0,0,0,-10000,0,0,0,0,10000,-10000,-10000
048514,嘉澤凱基93購06  ,0,0,0,0,0,0,0,0,0,-10000,0,0,0,65000,75000,-10000,-10000
048128,超眾元大95購01  ,0,0,0,0,0,0,0,0,0,-10000,0,0,0,10000,20000,-10000,-10000
048097,聯詠凱基93購07  ,0,0,0,0,0,0,0,0,0,-10000,0,0,0,0,10000,-10000,-10000
048523,TPK元富94購01   ,0,0,0,0,0,0,0,0,0,-10000,0,0,0,0,10000,-10000,-10000
048519,緯穎凱基93購02  ,0,0,0,0,0,0,0,0,0,-10000,0,0,0,0,10000,-10000,-10000
046316,大立光元大92購20,0,0,0,0,0,0,0,0,0,-10000,0,0,0,0,10000,-10000,-10000
046312,可成元大92購10  ,0,0,0,0,0,0,0,0,0,-10000,0,0,0,40000,50000,-10000,-10000
046267,大立光凱基92購09,0,0,0,0,0,0,0,0,0,-10000,0,0,0,0,10000,-10000,-10000
046291,友達統一94購01  ,0,0,0,0,0,0,0,0,0,-10000,0,0,0,25000,35000,-10000,-10000
046273,和碩凱基92購02  ,0,0,0,0,0,0,0,0,0,-10000,0,0,0,14000,24000,-10000,-10000
046277,可成台新92購01  ,0,0,0,0,0,0,0,0,0,-10000,0,0,0,0,10000,-10000,-10000
047077,日月光兆豐93購01,0,0,0,0,0,0,0,0,0,-10000,0,0,0,0,10000,-10000,-10000
047066,力成凱基93購04  ,0,0,0,0,0,0,0,0,0,-10000,0,0,0,0,10000,-10000,-10000
047091,南茂元富93購01  ,0,0,0,0,0,0,0,0,0,-10000,0,0,0,0,10000,-10000,-10000
047804,鴻海凱基93購26  ,0,0,0,0,0,0,0,0,0,-10000,0,0,0,20000,30000,-10000,-10000
046227,聯發科元大92購12,0,0,0,0,0,0,0,0,0,-10000,0,0,0,1000,11000,-10000,-10000
046213,可成統一92購06  ,0,0,0,0,0,0,0,0,0,-10000,0,0,0,30000,40000,-10000,-10000
047742,友達統一93購04  ,0,0,0,0,0,0,0,0,0,-10000,0,0,0,0,10000,-10000,-10000
047029,日月光元大93購01,0,0,0,0,0,0,0,0,0,-10000,0,0,0,7000,17000,-10000,-10000
047033,日月光中信95購01,0,0,0,0,0,0,0,0,0,-10000,0,0,0,10000,20000,-10000,-10000
047674,群創元富96購02  ,0,0,0,0,0,0,0,0,0,-10000,0,0,0,3000,13000,-10000,-10000
047681,滬深反中信95購01,0,0,0,0,0,0,0,0,0,-10000,0,0,0,0,10000,-10000,-10000
047682,滬深2X國泰94購02,0,0,0,0,0,0,0,0,0,-10000,0,0,0,30000,40000,-10000,-10000
046121,大立光元大92購18,0,0,0,0,0,0,0,0,0,-10000,0,0,0,0,10000,-10000,-10000
046953,嘉聯益國票94購01,0,0,0,0,0,0,0,0,0,-10000,0,0,0,18000,28000,-10000,-10000
047718,達興凱基94購01  ,0,0,0,0,0,0,0,0,0,-10000,0,0,0,0,10000,-10000,-10000
046730,瀚宇博元大93購02,0,0,0,0,0,0,0,0,0,-10000,0,0,0,0,10000,-10000,-10000
046715,美律國泰94購01  ,0,0,0,0,0,0,0,0,0,-10000,0,0,0,0,10000,-10000,-10000
046865,鴻海統一95購01  ,0,0,0,0,0,0,0,0,0,-10000,0,0,0,0,10000,-10000,-10000
046852,燿華元大93購02  ,0,0,0,0,0,0,0,0,0,-10000,0,0,0,106000,116000,-10000,-10000
046846,智伸科永豐93購01,0,0,0,0,0,0,0,0,0,-10000,0,0,0,0,10000,-10000,-10000
046882,智易富邦97購01  ,0,0,0,0,0,0,0,0,0,-10000,0,0,0,0,10000,-10000,-10000
046830,大立光群益93購07,0,0,0,0,0,0,0,0,0,-10000,0,0,0,0,10000,-10000,-10000
04605P,台積電兆豐94售03,0,0,0,0,0,0,0,0,0,-10000,0,0,0,0,10000,-10000,-10000
046080,同欣電凱基92購03,0,0,0,0,0,0,0,0,0,-10000,0,0,0,10000,20000,-10000,-10000
046066,長榮航凱基94購01,0,0,0,0,0,0,0,0,0,-10000,0,0,0,0,10000,-10000,-10000
046064,中工凱基94購01  ,0,0,0,0,0,0,0,0,0,-10000,0,0,0,10000,20000,-10000,-10000
046393,瀚宇博元富92購01,0,0,0,0,0,0,0,0,0,-10000,0,0,0,0,10000,-10000,-10000
046648,和鑫國泰94購01  ,0,0,0,0,0,0,0,0,0,-10000,0,0,0,0,10000,-10000,-10000
046385,群創凱基98購03  ,0,0,0,0,0,0,0,0,0,-10000,0,0,0,0,10000,-10000,-10000
04638P,臺股指群益94售13,0,0,0,0,0,0,0,0,0,-10000,0,0,0,0,10000,-10000,-10000
046898,南茂麥證93購01  ,0,0,0,10000,20000,-10000,0,0,0,-10000,0,0,0,10000,20000,-10000,-10000
047124,華新中信93購01  ,0,0,0,0,0,0,0,0,0,-10000,0,0,0,10000,20000,-10000,-10000
046905,新光金凱基99購01,0,0,0,0,0,0,0,0,0,-10000,0,0,0,0,10000,-10000,-10000
047156,群創國票94購01  ,0,0,0,0,0,0,0,0,0,-10000,0,0,0,0,10000,-10000,-10000
047142,中磊兆豐93購02  ,0,0,0,0,0,0,0,0,0,-10000,0,0,0,0,10000,-10000,-10000
047427,貿聯亞東93購01  ,0,0,0,0,0,0,0,0,0,-10000,0,0,0,0,10000,-10000,-10000
046588,大立光元大93購13,0,0,0,0,0,0,0,0,0,-10000,0,0,0,0,10000,-10000,-10000
046590,同欣電元大92購02,0,0,0,0,0,0,0,0,0,-10000,0,0,0,0,10000,-10000,-10000
048579,華新富邦93購01  ,0,0,0,0,0,0,0,0,0,-10000,0,0,0,0,10000,-10000,-10000
049134,為升元大95購01  ,0,0,0,0,0,0,0,0,0,-10000,0,0,0,14000,24000,-10000,-10000
049066,元石油凱基97購01,0,0,0,0,0,0,0,0,0,-10000,0,0,0,0,10000,-10000,-10000
049262,大立光元大94購09,0,0,0,0,0,0,0,0,0,-10000,0,0,0,4000,14000,-10000,-10000
049213,滬深2X國票94購02,0,0,0,0,0,0,0,0,0,-10000,0,0,0,5000,15000,-10000,-10000
049180,TPK凱基94購02   ,0,0,0,0,0,0,0,0,0,-10000,0,0,0,0,10000,-10000,-10000
04918P,華新科凱基94售12,0,0,0,0,0,0,0,0,0,-10000,0,0,0,0,10000,-10000,-10000
049374,大立光元大94購12,0,0,0,0,0,0,0,0,0,-10000,0,0,0,4000,14000,-10000,-10000
049461,嘉聯益元富94購01,0,0,0,0,0,0,0,0,0,-10000,0,0,0,30000,40000,-10000,-10000
049532,同欣電台新94購01,0,0,0,0,0,0,0,0,0,-10000,0,0,0,5000,15000,-10000,-10000
049520,TPK國票95購01   ,0,0,0,0,0,0,0,0,0,-10000,0,0,0,0,10000,-10000,-10000
049715,華泰凱基94購02  ,0,0,0,0,0,0,0,0,0,-10000,0,0,0,0,10000,-10000,-10000
049719,義隆凱基94購03  ,0,0,0,0,0,0,0,0,0,-10000,0,0,0,0,10000,-10000,-10000
049644,台積電凱基94購21,0,0,0,0,0,0,0,0,0,-10000,0,0,0,21000,31000,-10000,-10000
049873,華新科台新94購02,0,0,0,0,0,0,0,0,0,-10000,0,0,0,0,10000,-10000,-10000
049830,智易凱基94購02  ,0,0,0,0,0,0,0,0,0,-10000,0,0,0,0,10000,-10000,-10000
050136,柏文兆豐94購01  ,0,0,0,0,0,0,0,0,0,-10000,0,0,0,0,10000,-10000,-10000
050109,國巨元大94購13  ,0,0,0,0,0,0,0,0,0,-10000,0,0,0,0,10000,-10000,-10000
050208,燿華兆豐95購02  ,0,0,0,0,0,0,0,0,0,-10000,0,0,0,27000,37000,-10000,-10000
050213,華新科台新94購03,0,0,0,0,0,0,0,0,0,-10000,0,0,0,0,10000,-10000,-10000
050189,旭富元大94購01  ,0,0,0,0,0,0,0,0,0,-10000,0,0,0,0,10000,-10000,-10000
049928,祥碩元大94購02  ,0,0,0,0,0,0,0,0,0,-10000,0,0,0,0,10000,-10000,-10000
049972,南電國票95購02  ,0,0,0,0,0,0,0,0,0,-10000,0,0,0,0,10000,-10000,-10000
051073,同欣電國票96購01,0,0,0,0,0,0,0,0,0,-10000,0,0,0,0,10000,-10000,-10000
051100,同欣電元大95購01,0,0,0,0,0,0,0,0,0,-10000,0,0,0,10000,20000,-10000,-10000
051165,可成元大95購01  ,0,0,0,0,0,0,0,0,0,-10000,0,0,0,0,10000,-10000,-10000
050982,台積電國泰96購04,0,0,0,0,0,0,0,0,0,-10000,0,0,0,3000,13000,-10000,-10000
051019,大立光凱基95購08,0,0,0,0,0,0,0,0,0,-10000,0,0,0,0,10000,-10000,-10000
05134P,鴻海凱基96售06  ,0,0,0,0,0,0,0,0,0,-10000,0,0,0,0,10000,-10000,-10000
051285,鴻海統一95購07  ,0,0,0,0,0,0,0,0,0,-10000,0,0,0,31000,41000,-10000,-10000
050620,和碩元大94購04  ,0,0,0,0,0,0,0,0,0,-10000,0,0,0,0,10000,-10000,-10000
050645,台積電凱基94購39,0,0,0,0,0,0,0,0,0,-10000,0,0,0,10000,20000,-10000,-10000
050657,宏達電麥證94購01,0,0,0,7000,10000,-3000,0,0,0,-10000,0,0,0,7000,17000,-10000,-10000
050818,華新科凱基95購02,0,0,0,0,0,0,0,0,0,-10000,0,0,0,110000,120000,-10000,-10000
050734,台積電台新94購02,0,0,0,0,0,0,0,0,0,-10000,0,0,0,0,10000,-10000,-10000
050283,T50反1凱基9A購01,0,0,0,0,0,0,0,0,0,-10000,0,0,0,0,10000,-10000,-10000
05027P,南電群益95售01  ,0,0,0,0,0,0,0,0,0,-10000,0,0,0,0,10000,-10000,-10000
050338,TPK富邦96購01   ,0,0,0,0,0,0,0,0,0,-10000,0,0,0,0,10000,-10000,-10000
05344P,臺股指統一95售04,0,0,0,0,0,0,0,0,0,-10000,0,0,0,0,10000,-10000,-10000
053445,可成凱基96購04  ,0,0,0,0,0,0,0,0,0,-10000,0,0,0,0,10000,-10000,-10000
053508,元油反群益9A購01,0,0,0,0,0,0,0,0,0,-10000,0,0,0,0,10000,-10000,-10000
053519,力成群益96購02  ,0,0,0,0,0,0,0,0,0,-10000,0,0,0,0,10000,-10000,-10000
053522,臺股指群益99購01,0,0,0,0,0,0,0,0,0,-10000,0,0,0,0,10000,-10000,-10000
053662,矽力凱基97購01  ,0,0,0,0,0,0,0,0,0,-10000,0,0,0,0,10000,-10000,-10000
053713,漢唐凱基96購04  ,0,0,0,0,0,0,0,0,0,-10000,0,0,0,10000,20000,-10000,-10000
053589,宏達電元大97購02,0,0,0,0,0,0,0,0,0,-10000,0,0,0,6000,16000,-10000,-10000
8499,鼎炫-KY         ,10000,15000,-5000,0,0,0,0,5000,-5000,0,0,0,0,0,0,0,-10000
910861,神州-DR         ,0,10000,-10000,0,0,0,0,0,0,0,0,0,0,0,0,0,-10000
054271,中石化中信99購01,0,0,0,0,0,0,0,0,0,-10000,0,0,0,0,10000,-10000,-10000
054314,嘉聯益凱基97購01,0,0,0,0,0,0,0,0,0,-10000,0,0,0,5000,15000,-10000,-10000
054157,國巨亞東96購01  ,0,0,0,0,0,0,0,0,0,-10000,0,0,0,20000,30000,-10000,-10000
054163,燿華凱基97購02  ,0,0,0,0,0,0,0,0,0,-10000,0,0,0,0,10000,-10000,-10000
053741,漢唐國票97購03  ,0,0,0,0,0,0,0,0,0,-10000,0,0,0,10000,20000,-10000,-10000
053915,光罩國票96購02  ,0,0,0,0,0,0,0,0,0,-10000,0,0,0,0,10000,-10000,-10000
053937,光磊元富96購01  ,0,0,0,0,0,0,0,0,0,-10000,0,0,0,0,10000,-10000,-10000
053930,S&P反1統一98購01,0,0,0,0,0,0,0,0,0,-10000,0,0,0,0,10000,-10000,-10000
053925,群創國票98購01  ,0,0,0,0,0,0,0,0,0,-10000,0,0,0,0,10000,-10000,-10000
053947,義隆富邦97購01  ,0,0,0,0,0,0,0,0,0,-10000,0,0,0,91000,101000,-10000,-10000
05789P,臺股指永昌96售06,0,0,0,0,0,0,0,0,0,-10000,0,0,0,0,10000,-10000,-10000
05826P,臺股指凱基96售23,0,0,0,0,0,0,0,0,0,-10000,0,0,0,22000,32000,-10000,-10000
05707P,中磊永豐96售01  ,0,0,0,0,0,0,0,0,0,-10000,0,0,0,0,10000,-10000,-10000
054652,裕隆麥證97購01  ,0,0,0,0,10000,-10000,0,0,0,-10000,0,0,0,0,10000,-10000,-10000
054679,台積電康和99購01,0,0,0,0,0,0,0,0,0,-10000,0,0,0,0,10000,-10000,-10000
054699,復盛永豐97購01  ,0,0,0,0,0,0,0,0,0,-10000,0,0,0,108000,118000,-10000,-10000
054481,鎧勝中信96購01  ,0,0,0,0,0,0,0,0,0,-10000,0,0,0,0,10000,-10000,-10000
054542,台表科國票98購01,0,0,0,0,0,0,0,0,0,-10000,0,0,0,0,10000,-10000,-10000
054569,GIS群益98購01   ,0,0,0,0,0,0,0,0,0,-10000,0,0,0,0,10000,-10000,-10000
054592,美律永昌9A購01  ,0,0,0,0,0,0,0,0,0,-10000,0,0,0,20000,30000,-10000,-10000
08897P,國巨群益01售10  ,0,0,0,0,0,0,0,0,0,-10000,0,0,0,20000,30000,-10000,-10000
08475P,臺股指凱基9C售13,0,0,0,0,0,0,0,0,0,-10000,0,0,0,0,10000,-10000,-10000
08163P,T50正2中信95售01,0,0,0,0,0,0,0,0,0,-10000,0,0,0,0,10000,-10000,-10000
05876P,聯發科群益96售03,0,0,0,0,0,0,0,0,0,-10000,0,0,0,0,10000,-10000,-10000
05939P,聯發科凱基96售20,0,0,0,0,0,0,0,0,0,-10000,0,0,0,0,10000,-10000,-10000
05916P,聯發科元大96售20,0,0,0,0,0,0,0,0,0,-10000,0,0,0,0,10000,-10000,-10000
05942P,奇力新凱基96售04,0,0,0,0,0,0,0,0,0,-10000,0,0,0,0,10000,-10000,-10000
05997P,嘉聯益群益96售02,0,0,0,0,0,0,0,0,0,-10000,0,0,0,0,10000,-10000,-10000
05988P,光磊元富96售02  ,0,0,0,0,0,0,0,0,0,-10000,0,0,0,0,10000,-10000,-10000
052387,台積電群益95購08,0,0,0,0,0,0,0,0,0,-11000,0,0,0,5000,16000,-11000,-11000
051528,亞泥國票96購01  ,0,0,0,0,0,0,0,0,0,-11000,0,0,0,54000,65000,-11000,-11000
051659,力山國泰97購01  ,0,0,0,0,0,0,0,0,0,-11000,0,0,0,0,11000,-11000,-11000
051965,傳奇永豐95購01  ,0,0,0,0,0,0,0,0,0,-11000,0,0,0,93000,104000,-11000,-11000
052990,超眾元大97購01  ,0,0,0,0,0,0,0,0,0,-11000,0,0,0,19000,30000,-11000,-11000
053152,大立光元大99購01,0,0,0,0,0,0,0,0,0,-11000,0,0,0,75000,86000,-11000,-11000
1309,台達化          ,135000,143000,-8000,0,0,0,0,0,0,-3000,0,3000,-3000,0,0,0,-11000
2429,銘旺科          ,24000,35000,-11000,0,0,0,0,0,0,0,0,0,0,0,0,0,-11000
04394P,臻鼎凱基94售01  ,0,0,0,0,0,0,0,0,0,-11000,0,0,0,0,11000,-11000,-11000
048446,南亞科凱基93購07,0,0,0,0,0,0,0,0,0,-11000,0,0,0,0,11000,-11000,-11000
04219P,鴻海兆豐93售02  ,0,0,0,0,0,0,0,0,0,-11000,0,0,0,0,11000,-11000,-11000
04438P,微星群益94售01  ,0,0,0,0,0,0,0,0,0,-11000,0,0,0,0,11000,-11000,-11000
04141P,啟碁國票93售01  ,0,0,0,0,0,0,0,0,0,-11000,0,0,0,0,11000,-11000,-11000
041473,滬深2X群益93購01,0,0,0,0,0,0,0,0,0,-11000,0,0,0,14000,25000,-11000,-11000
03411P,欣興元大02售08  ,0,0,0,0,0,0,0,0,0,-11000,0,0,0,50000,61000,-11000,-11000
03869P,和大群益93售02  ,0,0,0,0,0,0,0,0,0,-11000,0,0,0,0,11000,-11000,-11000
046580,正崴元大92購01  ,0,0,0,0,0,0,0,0,0,-11000,0,0,0,0,11000,-11000,-11000
046613,元石油凱基93購01,0,0,0,0,0,0,0,0,0,-11000,0,0,0,0,11000,-11000,-11000
047448,啟碁元大93購06  ,0,0,0,0,0,0,0,0,0,-11000,0,0,0,66000,77000,-11000,-11000
045741,嘉晶群益92購01  ,0,0,0,0,0,0,0,0,0,-11000,0,0,0,59000,70000,-11000,-11000
04639P,臺股指群益94售14,0,0,0,0,0,0,0,0,0,-11000,0,0,0,134000,145000,-11000,-11000
046165,中磊兆豐93購01  ,0,0,0,0,0,0,0,0,0,-11000,0,0,0,5000,16000,-11000,-11000
048532,大立光國票93購06,0,0,0,0,0,0,0,0,0,-11000,0,0,0,0,11000,-11000,-11000
048092,聯發科凱基93購29,0,0,0,0,0,0,0,0,0,-11000,0,0,0,16000,27000,-11000,-11000
04860P,鴻海群益94售07  ,0,0,0,0,0,0,0,0,0,-11000,0,0,0,10000,21000,-11000,-11000
048600,嘉澤國票94購01  ,0,0,0,0,0,0,0,0,0,-11000,0,0,0,49000,60000,-11000,-11000
052961,國巨凱基97購02  ,0,0,0,0,0,0,0,0,0,-11000,0,0,0,106000,117000,-11000,-11000
048671,大立光永豐93購04,0,0,0,0,0,0,0,0,0,-11000,0,0,0,69000,80000,-11000,-11000
04645P,禾伸堂凱基94售03,0,0,0,0,0,0,0,0,0,-11000,0,0,0,0,11000,-11000,-11000
047358,儒鴻群益93購02  ,0,0,0,0,0,0,0,0,0,-11000,0,0,0,0,11000,-11000,-11000
050331,鈺齊永豐94購02  ,0,0,0,0,0,0,0,0,0,-11000,0,0,0,1000,12000,-11000,-11000
050490,上証2X國泰95購01,0,0,0,0,0,0,0,0,0,-11000,0,0,0,5000,16000,-11000,-11000
050578,聯發科國票95購03,0,0,0,0,0,0,0,0,0,-11000,0,0,0,20000,31000,-11000,-11000
051286,國巨統一97購01  ,0,0,0,0,0,0,0,0,0,-11000,0,0,0,163000,174000,-11000,-11000
05103P,臺股指凱基96售10,0,0,0,0,0,0,0,0,0,-11000,0,0,0,91000,102000,-11000,-11000
050928,日月光凱基95購01,0,0,0,0,0,0,0,0,0,-11000,0,0,0,14000,25000,-11000,-11000
050887,台積電富邦95購05,0,0,0,0,0,0,0,0,0,-11000,0,0,0,3000,14000,-11000,-11000
050023,國巨元大94購12  ,0,0,0,0,0,0,0,0,0,-11000,0,0,0,14000,25000,-11000,-11000
049267,瀚宇博元大95購02,0,0,0,0,0,0,0,0,0,-11000,0,0,0,0,11000,-11000,-11000
05958P,聯發科國票97售04,0,0,0,0,0,0,0,0,0,-11000,0,0,0,0,11000,-11000,-11000
1256,鮮活果汁-KY     ,4000,15000,-11000,0,0,0,0,0,0,0,0,0,0,0,0,0,-11000
05435P,鴻海群益95售12  ,0,0,0,0,0,0,0,0,0,-11000,0,0,0,10000,21000,-11000,-11000
054672,華新科國泰99購01,0,0,0,0,0,0,0,0,0,-11000,0,0,0,0,11000,-11000,-11000
05611P,康控群益96售02  ,0,0,0,0,0,0,0,0,0,-11000,0,0,0,0,11000,-11000,-11000
05601P,鴻海元大97售04  ,0,0,0,0,0,0,0,0,0,-11000,0,0,0,89000,100000,-11000,-11000
05592P,可成群益96售03  ,0,0,0,0,0,0,0,0,0,-11000,0,0,0,11000,22000,-11000,-11000
05651P,大立光元大97售02,0,0,0,0,0,0,0,0,0,-11000,0,0,0,5000,16000,-11000,-11000
053866,景碩元大97購02  ,0,0,0,0,0,0,0,0,0,-11000,0,0,0,0,11000,-11000,-11000
053772,大成鋼元大96購02,0,0,0,0,0,0,0,0,0,-11000,0,0,0,0,11000,-11000,-11000
054027,欣興凱基96購04  ,0,0,0,0,0,0,0,0,0,-11000,0,0,0,12000,23000,-11000,-11000
054173,奇力新台新97購02,0,0,0,0,0,0,0,0,0,-11000,0,0,0,111000,122000,-11000,-11000
4739,康普            ,60000,71000,-11000,0,0,0,0,0,0,0,0,0,0,0,0,0,-11000
053705,滬深2X凱基99購01,0,0,0,0,0,0,0,0,0,-11000,0,0,0,4000,15000,-11000,-11000
053479,達興元大96購01  ,0,0,0,0,0,0,0,0,0,-11000,0,0,0,87000,98000,-11000,-11000
3311,閎暉            ,24000,35245,-11245,0,0,0,0,0,0,0,0,0,0,0,0,0,-11245
1783,和康生          ,14000,25000,-11000,0,0,0,0,0,0,-1000,0,1000,-1000,0,0,0,-12000
1455,集盛            ,3000,15000,-12000,0,0,0,0,0,0,0,0,0,0,0,0,0,-12000
053072,國巨台新97購01  ,0,0,0,0,0,0,0,0,0,-12000,0,0,0,3000,15000,-12000,-12000
053123,京元電凱基96購01,0,0,0,0,0,0,0,0,0,-12000,0,0,0,0,12000,-12000,-12000
051813,GIS凱基96購02   ,0,0,0,0,0,0,0,0,0,-12000,0,0,0,0,12000,-12000,-12000
051664,鴻海元大96購07  ,0,0,0,0,0,0,0,0,0,-12000,0,0,0,282000,294000,-12000,-12000
05154P,台積電兆豐95售05,0,0,0,0,0,0,0,0,0,-12000,0,0,0,15000,27000,-12000,-12000
052164,啟碁永豐95購01  ,0,0,0,0,0,0,0,0,0,-12000,0,0,0,13000,25000,-12000,-12000
052170,台積電元大95購20,2000,0,2000,0,0,0,0,0,0,-14000,0,0,0,126000,140000,-14000,-12000
04256P,美律國票93售03  ,0,0,0,0,0,0,0,0,0,-12000,0,0,0,0,12000,-12000,-12000
00771,元大US高息特別股,0,0,0,0,0,0,0,0,0,-12000,0,0,0,10000,22000,-12000,-12000
041546,群創統一93購01  ,0,0,0,0,0,0,0,0,0,-12000,0,0,0,0,12000,-12000,-12000
04176P,台達電元大94售01,0,0,0,0,0,0,0,0,0,-12000,0,0,0,128000,140000,-12000,-12000
041956,聯發科富邦91購01,0,0,0,0,0,0,0,0,0,-12000,0,0,0,0,12000,-12000,-12000
045072,可成元大92購05  ,0,0,0,0,0,0,0,0,0,-12000,0,0,0,98000,110000,-12000,-12000
045055,聯發科元富98購03,0,0,0,0,0,0,0,0,0,-12000,0,0,0,48000,60000,-12000,-12000
044065,亞光元大92購02  ,0,0,0,0,0,0,0,0,0,-12000,0,0,0,0,12000,-12000,-12000
047234,晶技凱基93購01  ,0,0,0,0,0,0,0,0,0,-12000,0,0,0,69000,81000,-12000,-12000
048001,中工元大96購01  ,0,0,0,0,0,0,0,0,0,-12000,0,0,0,52000,64000,-12000,-12000
048739,華新科統一94購02,0,0,0,0,0,0,0,0,0,-12000,0,0,0,41000,53000,-12000,-12000
052919,鈺齊富邦98購01  ,0,0,0,0,0,0,0,0,0,-12000,0,0,0,10000,22000,-12000,-12000
046806,瀚宇博元大93購03,0,0,0,0,0,0,0,0,0,-12000,0,0,0,5000,17000,-12000,-12000
046753,台積電凱基93購04,0,0,0,0,0,0,0,0,0,-12000,0,0,0,8000,20000,-12000,-12000
050092,鴻海永豐94購04  ,0,0,0,0,0,0,0,0,0,-12000,0,0,0,48000,60000,-12000,-12000
050152,聯發科群益94購07,0,0,0,0,0,0,0,0,0,-12000,0,0,0,51000,63000,-12000,-12000
049618,美律群益94購03  ,0,0,0,0,0,0,0,0,0,-12000,0,0,0,31000,43000,-12000,-12000
050540,台積電凱基94購38,0,0,0,0,0,0,0,0,0,-12000,0,0,0,0,12000,-12000,-12000
05037P,華新科元大95售09,0,0,0,0,0,0,0,0,0,-12000,0,0,0,0,12000,-12000,-12000
053429,彩晶永豐96購01  ,0,0,0,0,0,0,0,0,0,-12000,0,0,0,2000,14000,-12000,-12000
4763,材料-KY         ,17000,29000,-12000,0,0,0,0,0,0,0,0,0,0,0,0,0,-12000
5288,豐祥-KY         ,7000,19000,-12000,0,0,0,0,0,0,0,0,0,0,0,0,0,-12000
054199,大立光永昌96購07,0,0,0,0,0,0,0,0,0,-12000,0,0,0,4000,16000,-12000,-12000
054229,超眾元富96購05  ,0,0,0,0,0,0,0,0,0,-12000,0,0,0,20000,32000,-12000,-12000
054050,創意元大96購06  ,0,0,0,0,0,0,0,0,0,-12000,0,0,0,130000,142000,-12000,-12000
05687P,臺股指元大96售12,0,0,0,0,0,0,0,0,0,-12000,0,0,0,14000,26000,-12000,-12000
05796P,臺股指群益96售10,0,0,0,0,0,0,0,0,0,-12000,0,0,0,0,12000,-12000,-12000
054328,台化康和96購01  ,0,0,0,0,0,0,0,0,0,-12000,0,0,0,0,12000,-12000,-12000
054462,旺宏凱基96購08  ,0,0,0,0,0,0,0,0,0,-12000,0,0,0,2000,14000,-12000,-12000
054574,美律元大99購01  ,0,0,0,0,0,0,0,0,0,-12000,0,0,0,117000,129000,-12000,-12000
06055P,華通凱基97售04  ,0,0,0,0,0,0,0,0,0,-12000,0,0,0,0,12000,-12000,-12000
05977P,旺宏永豐96售06  ,0,0,0,0,0,0,0,0,0,-12000,0,0,0,0,12000,-12000,-12000
05241P,鴻海國泰97售04  ,0,0,0,0,0,0,0,0,0,-13000,0,0,0,32000,45000,-13000,-13000
05157P,全新台新96售01  ,0,0,0,0,0,0,0,0,0,-13000,0,0,0,0,13000,-13000,-13000
051609,貿聯群益95購03  ,0,0,0,0,0,0,0,0,0,-13000,0,0,0,99000,112000,-13000,-13000
051485,玉晶光凱基97購02,0,0,0,0,0,0,0,0,0,-13000,0,0,0,171000,184000,-13000,-13000
051646,華通永豐96購01  ,0,0,0,0,0,0,0,0,0,-13000,0,0,0,0,13000,-13000,-13000
051701,華通群益97購01  ,0,0,0,0,0,0,0,0,0,-13000,0,0,0,73000,86000,-13000,-13000
052032,臺股指群益95購05,0,0,0,0,0,0,0,0,0,-13000,0,0,0,1000,14000,-13000,-13000
052090,聯發科元大97購03,0,0,0,0,0,0,0,0,0,-13000,0,0,0,13000,26000,-13000,-13000
053078,昇陽半永豐97購02,0,0,0,0,0,0,0,0,0,-13000,0,0,0,0,13000,-13000,-13000
053205,台光電麥證96購01,0,0,0,63000,76000,-13000,0,0,0,-13000,0,0,0,63000,76000,-13000,-13000
05320P,華通凱基96售03  ,0,0,0,0,0,0,0,0,0,-13000,0,0,0,2000,15000,-13000,-13000
2420,新巨            ,18000,31000,-13000,0,0,0,0,0,0,0,0,0,0,0,0,0,-13000
044105,聯詠中信95購01  ,0,0,0,0,0,0,0,0,0,-13000,0,0,0,59000,72000,-13000,-13000
045376,友訊元大93購01  ,0,0,0,0,0,0,0,0,0,-13000,0,0,0,13000,26000,-13000,-13000
044632,超眾元大91購03  ,0,0,0,0,0,0,0,0,0,-13000,0,0,0,0,13000,-13000,-13000
044676,台積電凱基91購20,0,0,0,0,0,0,0,0,0,-13000,0,0,0,1000,14000,-13000,-13000
042037,台灣50群益93購03,0,0,0,0,0,0,0,0,0,-13000,0,0,0,9000,22000,-13000,-13000
04716P,中石化凱基94售01,0,0,0,0,0,0,0,0,0,-13000,0,0,0,1000,14000,-13000,-13000
047170,廣宇永豐93購01  ,0,0,0,0,0,0,0,0,0,-13000,0,0,0,0,13000,-13000,-13000
046184,台光電凱基93購08,0,0,0,0,0,0,0,0,0,-13000,0,0,0,3000,16000,-13000,-13000
04579P,聯茂台新94售01  ,0,0,0,0,0,0,0,0,0,-13000,0,0,0,0,13000,-13000,-13000
048743,美利達統一94購01,0,0,0,0,0,0,0,0,0,-13000,0,0,0,0,13000,-13000,-13000
047502,超眾永豐93購03  ,0,0,0,0,0,0,0,0,0,-13000,0,0,0,55000,68000,-13000,-13000
048013,智易國票93購01  ,0,0,0,0,0,0,0,0,0,-13000,0,0,0,0,13000,-13000,-13000
047296,日月光元富96購01,0,0,0,0,0,0,0,0,0,-13000,0,0,0,101000,114000,-13000,-13000
050721,台泥國票94購01  ,0,0,0,0,0,0,0,0,0,-13000,0,0,0,17000,30000,-13000,-13000
05141P,華通台新96售01  ,0,0,0,0,0,0,0,0,0,-13000,0,0,0,33000,46000,-13000,-13000
050190,麗豐元大95購02  ,0,0,0,0,0,0,0,0,0,-13000,0,0,0,99000,112000,-13000,-13000
049149,華新科元大95購03,0,0,0,0,0,0,0,0,0,-13000,0,0,0,93000,106000,-13000,-13000
05954P,旺宏國票97售03  ,0,0,0,0,0,0,0,0,0,-13000,0,0,0,4000,17000,-13000,-13000
054576,健策元大98購03  ,0,0,0,0,0,0,0,0,0,-13000,0,0,0,66000,79000,-13000,-13000
054500,美律永豐96購02  ,0,0,0,0,0,0,0,0,0,-13000,0,0,0,7000,20000,-13000,-13000
05692P,聯發科中信9A售02,0,0,0,0,0,0,0,0,0,-13000,0,0,0,0,13000,-13000,-13000
054644,A50正2群益9B購01,0,0,0,0,0,0,0,0,0,-13000,0,0,0,0,13000,-13000,-13000
6715,嘉基            ,0,13000,-13000,0,0,0,0,0,0,0,0,0,0,0,0,0,-13000
053647,臺股指國票96購10,0,0,0,0,0,0,0,0,0,-13000,0,0,0,50000,63000,-13000,-13000
1537,廣隆            ,33000,32000,1000,0,0,0,0,15000,-15000,0,0,0,0,0,0,0,-14000
3346,麗清            ,17000,31000,-14000,0,0,0,0,0,0,0,0,0,0,0,0,0,-14000
3617,碩天            ,19000,30000,-11000,0,0,0,0,0,0,-3000,0,3000,-3000,0,0,0,-14000
2465,麗臺            ,0,14000,-14000,0,0,0,0,0,0,0,0,0,0,0,0,0,-14000
2838A,聯邦銀甲特      ,0,0,0,0,0,0,0,0,0,-14000,6000,20000,-14000,0,0,0,-14000
053002,鴻海永豐96購01  ,0,0,0,0,0,0,0,0,0,-14000,0,0,0,26000,40000,-14000,-14000
053058,台光電永昌99購01,0,0,0,0,0,0,0,0,0,-14000,0,0,0,29000,43000,-14000,-14000
051841,南茂國泰96購01  ,0,0,0,0,0,0,0,0,0,-14000,0,0,0,0,14000,-14000,-14000
051740,可成國票96購04  ,0,0,0,0,0,0,0,0,0,-14000,0,0,0,0,14000,-14000,-14000
05151P,台光電群益95售02,0,0,0,0,0,0,0,0,0,-14000,0,0,0,450000,464000,-14000,-14000
051612,緯創日盛95購01  ,0,0,0,0,0,0,0,0,0,-14000,0,0,0,0,14000,-14000,-14000
051575,國巨元大96購03  ,0,0,0,0,0,0,0,0,0,-14000,0,0,0,102000,116000,-14000,-14000
00684R,元大美元指數反1 ,0,0,0,0,0,0,0,0,0,-14000,0,0,0,40000,54000,-14000,-14000
04353P,全新永豐94售01  ,0,0,0,0,0,0,0,0,0,-14000,0,0,0,0,14000,-14000,-14000
046528,聯詠中信94購01  ,0,0,0,0,0,0,0,0,0,-14000,0,0,0,10000,24000,-14000,-14000
048728,台達電麥證94購01,0,0,0,16000,30000,-14000,0,0,0,-14000,0,0,0,16000,30000,-14000,-14000
046740,大立光群益95購01,0,0,0,0,0,0,0,0,0,-14000,0,0,0,4000,18000,-14000,-14000
049249,台達電元大94購05,0,0,0,0,0,0,0,0,0,-14000,0,0,0,0,14000,-14000,-14000
049088,上緯控凱基94購02,0,0,0,0,0,0,0,0,0,-14000,0,0,0,140000,154000,-14000,-14000
049049,玉晶光康和94購02,0,0,0,0,0,0,0,0,0,-14000,0,0,0,1000,15000,-14000,-14000
050234,國巨凱基94購10  ,0,0,0,0,0,0,0,0,0,-14000,0,0,0,88000,102000,-14000,-14000
049653,緯穎凱基94購03  ,0,0,0,0,0,0,0,0,0,-14000,0,0,0,57000,71000,-14000,-14000
049812,致伸元大94購03  ,0,0,0,0,0,0,0,0,0,-14000,0,0,0,6000,20000,-14000,-14000
051458,臺股指元大95購18,0,0,0,0,0,0,0,0,0,-14000,0,0,0,2000,16000,-14000,-14000
051212,國巨統一95購01  ,0,0,0,0,0,0,0,0,0,-14000,0,0,0,20000,34000,-14000,-14000
051135,建準永豐95購01  ,0,0,0,0,0,0,0,0,0,-14000,0,0,0,1000,15000,-14000,-14000
050760,矽力元富94購03  ,0,0,0,0,0,0,0,0,0,-14000,0,0,0,76000,90000,-14000,-14000
050296,亞光凱基94購03  ,0,0,0,0,0,0,0,0,0,-14000,0,0,0,58000,72000,-14000,-14000
050253,百和國泰96購01  ,0,0,0,0,0,0,0,0,0,-14000,0,0,0,0,14000,-14000,-14000
050244,富邦金凱基94購01,0,0,0,0,0,0,0,0,0,-14000,0,0,0,6000,20000,-14000,-14000
053658,亞光凱基96購01  ,0,0,0,0,0,0,0,0,0,-14000,0,0,0,7000,21000,-14000,-14000
4989,榮科            ,30000,44000,-14000,0,0,0,0,0,0,0,2000,2000,0,0,0,0,-14000
05403P,台積電富邦95售08,0,0,0,0,0,0,0,0,0,-14000,0,0,0,66000,80000,-14000,-14000
05382P,電子類群益95售02,0,0,0,0,0,0,0,0,0,-14000,0,0,0,6000,20000,-14000,-14000
05774P,臺股指凱基99售04,0,0,0,0,0,0,0,0,0,-14000,0,0,0,4000,18000,-14000,-14000
05438P,康控永豐95售05  ,0,0,0,0,0,0,0,0,0,-14000,0,0,0,0,14000,-14000,-14000
05981P,可成永昌98售02  ,0,0,0,0,0,0,0,0,0,-14000,0,0,0,0,14000,-14000,-14000
05150P,玉晶光第一95售01,0,0,0,0,0,0,0,0,0,-15000,0,0,0,0,15000,-15000,-15000
051497,中磊亞東96購01  ,0,0,0,0,0,0,0,0,0,-15000,0,0,0,0,15000,-15000,-15000
051818,國巨統一95購02  ,0,0,0,0,0,0,0,0,0,-15000,0,0,0,0,15000,-15000,-15000
051881,上証2X永豐95購02,0,0,0,0,0,0,0,0,0,-15000,0,0,0,5000,20000,-15000,-15000
051925,瀚宇博第一95購01,0,0,0,0,0,0,0,0,0,-15000,0,0,0,0,15000,-15000,-15000
051978,泰碩凱基96購01  ,0,0,0,0,0,0,0,0,0,-15000,0,0,0,10000,25000,-15000,-15000
05247P,上銀群益95售01  ,0,0,0,0,0,0,0,0,0,-15000,0,0,0,31000,46000,-15000,-15000
052637,欣興凱基97購01  ,0,0,0,0,0,0,0,0,0,-15000,0,0,0,0,15000,-15000,-15000
052297,旭富國票96購01  ,0,0,0,0,0,0,0,0,0,-15000,0,0,0,0,15000,-15000,-15000
052265,聯發科亞東95購01,0,0,0,0,0,0,0,0,0,-15000,0,0,0,10000,25000,-15000,-15000
053143,昇陽半永豐96購03,0,0,0,0,0,0,0,0,0,-15000,0,0,0,32000,47000,-15000,-15000
05330P,臺股指凱基95售14,0,0,0,0,0,0,0,0,0,-15000,0,0,0,0,15000,-15000,-15000
053293,聯發科中信9B購01,0,0,0,0,0,0,0,0,0,-15000,0,0,0,38000,53000,-15000,-15000
2468,華經            ,0,15000,-15000,0,0,0,0,0,0,0,0,0,0,0,0,0,-15000
2496,卓越            ,5000,20000,-15000,0,0,0,0,0,0,0,0,0,0,0,0,0,-15000
3591,艾笛森          ,0,12000,-12000,0,0,0,0,0,0,-3000,0,3000,-3000,0,0,0,-15000
3055,蔚華科          ,8000,23000,-15000,0,0,0,0,0,0,0,0,0,0,0,0,0,-15000
3006,晶豪科          ,918000,581000,337000,0,0,0,0,0,0,-352000,50000,91000,-41000,13000,324000,-311000,-15000
044605,超眾國泰93購02  ,0,0,0,0,0,0,0,0,0,-15000,0,0,0,5000,20000,-15000,-15000
044860,元油2X中信93購01,0,0,0,0,0,0,0,0,0,-15000,0,0,0,10000,25000,-15000,-15000
04379P,大立光元大94售06,0,0,0,0,0,0,0,0,0,-15000,0,0,0,15000,30000,-15000,-15000
048419,智易統一93購01  ,0,0,0,0,0,0,0,0,0,-15000,0,0,0,0,15000,-15000,-15000
048370,可成統一93購04  ,0,0,0,0,0,0,0,0,0,-15000,0,0,0,53000,68000,-15000,-15000
048344,大立光元大93購30,0,0,0,0,0,0,0,0,0,-15000,0,0,0,4000,19000,-15000,-15000
03828P,致茂中信95售01  ,0,0,0,0,0,0,0,0,0,-15000,0,0,0,15000,30000,-15000,-15000
042681,嘉聯益元大92購01,0,0,0,0,0,0,0,0,0,-15000,0,0,0,22000,37000,-15000,-15000
03307P,臺股指中信05售02,0,0,0,0,0,0,0,0,0,-15000,0,0,0,0,15000,-15000,-15000
043391,康控元大94購01  ,0,0,0,0,0,0,0,0,0,-15000,0,0,0,59000,74000,-15000,-15000
044379,A50正2群益92購01,0,0,0,0,0,0,0,0,0,-15000,0,0,0,0,15000,-15000,-15000
04247P,宏達電永豐93售02,0,0,0,0,0,0,0,0,0,-15000,0,0,0,5000,20000,-15000,-15000
046349,康控兆豐93購02  ,0,0,0,0,0,0,0,0,0,-15000,0,0,0,10000,25000,-15000,-15000
04741P,台積電統一94售10,0,0,0,0,0,0,0,0,0,-15000,0,0,0,0,15000,-15000,-15000
046958,鴻海中信93購01  ,0,0,0,0,0,0,0,0,0,-15000,0,0,0,4000,19000,-15000,-15000
046236,緯穎元大93購05  ,0,0,0,0,0,0,0,0,0,-15000,0,0,0,5000,20000,-15000,-15000
047034,東陽群益93購01  ,0,0,0,0,0,0,0,0,0,-15000,0,0,0,0,15000,-15000,-15000
047696,聯發科國票94購02,0,0,0,0,0,0,0,0,0,-15000,0,0,0,0,15000,-15000,-15000
047079,GIS兆豐94購01   ,0,0,0,0,0,0,0,0,0,-15000,0,0,0,125000,140000,-15000,-15000
046251,宏達電群益92購03,0,0,0,0,0,0,0,0,0,-15000,0,0,0,1000,16000,-15000,-15000
048790,大立光元大95購05,0,0,0,0,0,0,0,0,0,-15000,0,0,0,4000,19000,-15000,-15000
048656,大立光元富93購05,0,0,0,0,0,0,0,0,0,-15000,0,0,0,3000,18000,-15000,-15000
046538,大立光群益93購06,0,0,0,0,0,0,0,0,0,-15000,0,0,0,0,15000,-15000,-15000
046510,大立光元大92購25,0,0,0,0,0,0,0,0,0,-15000,0,0,0,4000,19000,-15000,-15000
048071,創意元富93購03  ,0,0,0,0,0,0,0,0,0,-15000,0,0,0,0,15000,-15000,-15000
047980,東陽群益93購02  ,0,0,0,0,0,0,0,0,0,-15000,0,0,0,0,15000,-15000,-15000
050281,台積電日盛94購03,0,0,0,0,0,0,0,0,0,-15000,0,0,0,10000,25000,-15000,-15000
050397,力成元富94購01  ,0,0,0,0,0,0,0,0,0,-15000,0,0,0,0,15000,-15000,-15000
050511,元油2X元大94購11,0,0,0,0,0,0,0,0,0,-15000,0,0,0,15000,30000,-15000,-15000
050737,聯詠康和94購01  ,0,0,0,0,0,0,0,0,0,-15000,0,0,0,106000,121000,-15000,-15000
050866,景碩永豐95購01  ,0,0,0,0,0,0,0,0,0,-15000,0,0,0,53000,68000,-15000,-15000
051094,健策元大96購03  ,0,0,0,0,0,0,0,0,0,-15000,0,0,0,17000,32000,-15000,-15000
050993,聯發科元大95購05,0,0,0,0,0,0,0,0,0,-15000,0,0,0,13000,28000,-15000,-15000
051334,宏達電永豐95購01,0,0,0,0,0,0,0,0,0,-15000,0,0,0,0,15000,-15000,-15000
049695,新光金元大9A購01,0,0,0,0,0,0,0,0,0,-15000,0,0,0,5000,20000,-15000,-15000
050167,T50反1富邦96購01,0,0,0,0,0,0,0,0,0,-15000,0,0,0,0,15000,-15000,-15000
050164,揚明光國泰95購01,0,0,0,0,0,0,0,0,0,-15000,0,0,0,5000,20000,-15000,-15000
050128,旺宏凱基94購04  ,0,0,0,0,0,0,0,0,0,-15000,0,0,0,0,15000,-15000,-15000
049009,南亞科麥證94購01,0,0,0,80000,95000,-15000,0,0,0,-15000,0,0,0,80000,95000,-15000,-15000
05857P,旺宏中信98售02  ,0,0,0,0,0,0,0,0,0,-15000,0,0,0,0,15000,-15000,-15000
05848P,臺股指元大96售24,0,0,0,0,0,0,0,0,0,-15000,0,0,0,2000,17000,-15000,-15000
08749P,鴻海台新01售02  ,0,0,0,0,0,0,0,0,0,-15000,0,0,0,0,15000,-15000,-15000
054624,台積電凱基98購03,0,0,0,0,0,0,0,0,0,-15000,0,0,0,0,15000,-15000,-15000
05785P,臺股指元大96售19,0,0,0,0,0,0,0,0,0,-15000,0,0,0,30000,45000,-15000,-15000
054647,禾伸堂群益99購01,0,0,0,0,0,0,0,0,0,-15000,0,0,0,0,15000,-15000,-15000
053933,大立光統一96購06,0,0,0,0,0,0,0,0,0,-15000,0,0,0,5000,20000,-15000,-15000
054028,臻鼎凱基96購03  ,0,0,0,0,0,0,0,0,0,-15000,0,0,0,0,15000,-15000,-15000
5907,大洋-KY         ,26000,41000,-15000,0,0,0,0,0,0,0,0,0,0,0,0,0,-15000
6172,互億            ,0,15000,-15000,0,0,0,0,0,0,0,0,0,0,0,0,0,-15000
4552,力達-KY         ,54000,68000,-14000,0,0,0,0,0,0,-1000,0,1000,-1000,0,0,0,-15000
6224,聚鼎            ,91000,109000,-18000,0,0,0,0,0,0,3000,3000,0,3000,0,0,0,-15000
6214,精誠            ,44000,57000,-13000,0,0,0,0,0,0,-2000,0,2000,-2000,0,0,0,-15000
053660,群創凱基98購08  ,0,0,0,0,0,0,0,0,0,-15000,0,0,0,5000,20000,-15000,-15000
053634,劍麟永豐96購01  ,0,0,0,0,0,0,0,0,0,-15000,0,0,0,0,15000,-15000,-15000
053566,大立光富邦99購03,0,0,0,0,0,0,0,0,0,-15000,0,0,0,10000,25000,-15000,-15000
3454,晶睿            ,37000,51000,-14000,0,0,0,0,0,0,-2000,0,2000,-2000,0,0,0,-16000
2208,台船            ,59000,71000,-12000,0,0,0,0,0,0,-4000,0,4000,-4000,0,0,0,-16000
052530,台郡元大96購04  ,0,0,0,0,0,0,0,0,0,-16000,0,0,0,283000,299000,-16000,-16000
051505,台積電元富95購05,0,0,0,0,0,0,0,0,0,-16000,0,0,0,354000,370000,-16000,-16000
051706,國泰金群益95購01,0,0,0,0,0,0,0,0,0,-16000,0,0,0,0,16000,-16000,-16000
044332,華邦電統一91購01,0,0,0,0,0,0,0,0,0,-16000,0,0,0,104000,120000,-16000,-16000
03642C,臺股指元大94牛27,0,0,0,0,0,0,0,0,0,-16000,0,0,0,15000,31000,-16000,-16000
048313,南亞科凱基93購06,0,0,0,0,0,0,0,0,0,-16000,0,0,0,8000,24000,-16000,-16000
048203,矽力元大93購02  ,0,0,0,0,0,0,0,0,0,-16000,0,0,0,43000,59000,-16000,-16000
044025,台表科凱基93購02,0,0,0,0,0,0,0,0,0,-16000,0,0,0,5000,21000,-16000,-16000
047636,台達電元大93購03,0,0,0,0,0,0,0,0,0,-16000,0,0,0,5000,21000,-16000,-16000
04868P,可成統一94售03  ,0,0,0,0,0,0,0,0,0,-16000,0,0,0,0,16000,-16000,-16000
048638,台光電元大94購01,0,0,0,0,0,0,0,0,0,-16000,0,0,0,0,16000,-16000,-16000
04879P,康控永豐94售02  ,0,0,0,0,0,0,0,0,0,-16000,0,0,0,0,16000,-16000,-16000
04848P,康控凱基94售02  ,0,0,0,0,0,0,0,0,0,-16000,0,0,0,0,16000,-16000,-16000
04699P,臺股指元富94售05,0,0,0,0,0,0,0,0,0,-16000,0,0,0,0,16000,-16000,-16000
049047,台達電台新94購01,0,0,0,0,0,0,0,0,0,-16000,0,0,0,94000,110000,-16000,-16000
049034,台達電兆豐94購01,0,0,0,0,0,0,0,0,0,-16000,0,0,0,0,16000,-16000,-16000
049559,香港反統一94購02,0,0,0,0,0,0,0,0,0,-16000,0,0,0,10000,26000,-16000,-16000
049629,臺股指群益94購02,0,0,0,0,0,0,0,0,0,-16000,0,0,0,0,16000,-16000,-16000
049730,滬深2X群益94購02,0,0,0,0,0,0,0,0,0,-16000,0,0,0,15000,31000,-16000,-16000
051448,聯詠元大95購02  ,0,0,0,0,0,0,0,0,0,-16000,0,0,0,12000,28000,-16000,-16000
051009,緯創麥證95購01  ,0,0,0,10000,26000,-16000,0,0,0,-16000,0,0,0,10000,26000,-16000,-16000
050531,訊芯元大95購02  ,0,0,0,0,0,0,0,0,0,-16000,0,0,0,50000,66000,-16000,-16000
053431,志超永豐96購01  ,0,0,0,0,0,0,0,0,0,-16000,0,0,0,2000,18000,-16000,-16000
4952,凌通            ,9000,23000,-14000,0,0,0,0,0,0,-2000,0,2000,-2000,0,0,0,-16000
05392P,鴻海統一95售13  ,0,0,0,0,0,0,0,0,0,-16000,0,0,0,6000,22000,-16000,-16000
053805,奇鋐凱基98購02  ,0,0,0,0,0,0,0,0,0,-16000,0,0,0,20000,36000,-16000,-16000
05617P,大立光統一97售02,0,0,0,0,0,0,0,0,0,-16000,0,0,0,51000,67000,-16000,-16000
054559,台光電群益99購01,0,0,0,0,0,0,0,0,0,-16000,0,0,0,0,16000,-16000,-16000
054384,瀚宇博群益96購02,0,0,0,0,0,0,0,0,0,-16000,0,0,0,4000,20000,-16000,-16000
05153P,台表科群益96售01,0,0,0,0,0,0,0,0,0,-17000,0,0,0,0,17000,-17000,-17000
052678,群創富邦96購01  ,0,0,0,0,0,0,0,0,0,-17000,0,0,0,52000,69000,-17000,-17000
052290,鴻海元富97購01  ,0,0,0,0,0,0,0,0,0,-17000,0,0,0,100000,117000,-17000,-17000
1325,恆大            ,0,17000,-17000,0,0,0,0,0,0,0,0,0,0,0,0,0,-17000
3257,虹冠電          ,12000,28000,-16000,0,0,0,0,0,0,-1000,0,1000,-1000,0,0,0,-17000
053267,華新科群益96購02,0,0,0,0,0,0,0,0,0,-17000,0,0,0,34000,51000,-17000,-17000
053037,國巨凱基96購08  ,0,0,0,0,0,0,0,0,0,-17000,0,0,0,71000,88000,-17000,-17000
044689,超眾凱基93購03  ,0,0,0,0,0,0,0,0,0,-17000,0,0,0,3000,20000,-17000,-17000
044959,彩晶凱基92購01  ,0,0,0,0,0,0,0,0,0,-17000,0,0,0,3000,20000,-17000,-17000
043653,可成國泰92購02  ,0,0,0,0,0,0,0,0,0,-17000,0,0,0,13000,30000,-17000,-17000
047710,聯發科凱基93購21,0,0,0,0,0,0,0,0,0,-17000,0,0,0,0,17000,-17000,-17000
046889,燿華群益93購02  ,0,0,0,0,0,0,0,0,0,-17000,0,0,0,33000,50000,-17000,-17000
048565,康控元大94購04  ,0,0,0,0,0,0,0,0,0,-17000,0,0,0,17000,34000,-17000,-17000
045522,滬深2X永豐94購01,0,0,0,0,0,0,0,0,0,-17000,0,0,0,45000,62000,-17000,-17000
050569,英業達中信94購01,0,0,0,0,0,0,0,0,0,-17000,0,0,0,0,17000,-17000,-17000
050210,華新科國票94購08,0,0,0,0,0,0,0,0,0,-17000,0,0,0,2000,19000,-17000,-17000
049858,百和群益94購05  ,0,0,0,0,0,0,0,0,0,-17000,0,0,0,10000,27000,-17000,-17000
050097,可成國泰96購02  ,0,0,0,0,0,0,0,0,0,-17000,0,0,0,299000,316000,-17000,-17000
049366,聯發科元大94購05,0,0,0,0,0,0,0,0,0,-17000,0,0,0,13000,30000,-17000,-17000
049086,晶相光凱基94購01,0,0,0,0,0,0,0,0,0,-17000,0,0,0,51000,68000,-17000,-17000
054373,富邦金中信97購01,0,0,0,0,0,0,0,0,0,-17000,0,0,0,0,17000,-17000,-17000
054470,緯穎國票97購04  ,0,0,0,0,0,0,0,0,0,-17000,0,0,0,0,17000,-17000,-17000
05443P,宏達電元大95售05,0,0,0,0,0,0,0,0,0,-17000,0,0,0,0,17000,-17000,-17000
054485,華邦電台新96購01,0,0,0,0,0,0,0,0,0,-17000,0,0,0,152000,169000,-17000,-17000
054671,國巨國泰98購01  ,0,0,0,0,0,0,0,0,0,-17000,0,0,0,0,17000,-17000,-17000
05642P,玉晶光兆豐97售02,0,0,0,0,0,0,0,0,0,-17000,0,0,0,13000,30000,-17000,-17000
053842,聯發科統一96購08,0,0,0,0,0,0,0,0,0,-17000,0,0,0,3000,20000,-17000,-17000
053743,康控國票97購02  ,0,0,0,0,0,0,0,0,0,-17000,0,0,0,0,17000,-17000,-17000
4141,龍燈-KY         ,9000,26000,-17000,0,0,0,0,0,0,0,0,0,0,0,0,0,-17000
9941,裕融            ,29000,44000,-15000,0,0,0,0,0,0,-2000,0,2000,-2000,0,0,0,-17000
053591,大立光元大99購03,0,0,0,0,0,0,0,0,0,-17000,0,0,0,18000,35000,-17000,-17000
052855,群創日盛99購01  ,0,0,0,0,0,0,0,0,0,-18000,0,0,0,0,18000,-18000,-18000
052545,康控元富95購02  ,0,0,0,0,0,0,0,0,0,-18000,0,0,0,30000,48000,-18000,-18000
05152P,玉晶光群益96售05,0,0,0,0,0,0,0,0,0,-18000,0,0,0,0,18000,-18000,-18000
051665,台積電元大96購07,0,0,0,0,0,0,0,0,0,-18000,0,0,0,237000,255000,-18000,-18000
051983,道瓊反元大95購01,0,0,0,0,0,0,0,0,0,-18000,0,0,0,2000,20000,-18000,-18000
043753,聯發科元大92購02,0,0,0,0,0,0,0,0,0,-18000,0,0,0,0,18000,-18000,-18000
048358,嘉晶永豐93購03  ,0,0,0,0,0,0,0,0,0,-18000,0,0,0,92000,110000,-18000,-18000
044592,元油2X國票93購02,0,0,0,0,0,0,0,0,0,-18000,0,0,0,0,18000,-18000,-18000
044003,聯發科兆豐93購01,0,0,0,0,0,0,0,0,0,-18000,0,0,0,14000,32000,-18000,-18000
044108,華新科國票91購03,0,0,0,0,0,0,0,0,0,-18000,0,0,0,224000,242000,-18000,-18000
03622P,台光電中信92售01,0,0,0,0,0,0,0,0,0,-18000,0,0,0,2000,20000,-18000,-18000
045322,京元電統一92購02,0,0,0,0,0,0,0,0,0,-18000,0,0,0,2000,20000,-18000,-18000
042388,大立光永昌93購02,0,0,0,0,0,0,0,0,0,-18000,0,0,0,4000,22000,-18000,-18000
044320,瀚宇博永豐91購01,0,0,0,0,0,0,0,0,0,-18000,0,0,0,120000,138000,-18000,-18000
044285,鴻海凱基93購06  ,0,0,0,0,0,0,0,0,0,-18000,0,0,0,48000,66000,-18000,-18000
043394,易華電元大94購01,0,0,0,0,0,0,0,0,0,-18000,0,0,0,2000,20000,-18000,-18000
04085P,欣興元富93售01  ,0,0,0,0,0,0,0,0,0,-18000,0,0,0,0,18000,-18000,-18000
046445,台化麥證92購01  ,0,0,0,0,18000,-18000,0,0,0,-18000,0,0,0,0,18000,-18000,-18000
045635,建準凱基93購02  ,0,0,0,0,0,0,0,0,0,-18000,0,0,0,15000,33000,-18000,-18000
047297,康控元富93購01  ,0,0,0,0,0,0,0,0,0,-18000,0,0,0,10000,28000,-18000,-18000
046604,康控群益93購02  ,0,0,0,0,0,0,0,0,0,-18000,0,0,0,14000,32000,-18000,-18000
047690,美律富邦97購01  ,0,0,0,0,0,0,0,0,0,-18000,0,0,0,40000,58000,-18000,-18000
046144,康控元富92購01  ,0,0,0,0,0,0,0,0,0,-18000,0,0,0,0,18000,-18000,-18000
049091,訊連凱基94購01  ,0,0,0,0,0,0,0,0,0,-18000,0,0,0,0,18000,-18000,-18000
050563,臻鼎元富94購07  ,0,0,0,0,0,0,0,0,0,-18000,0,0,0,100000,118000,-18000,-18000
050554,百和凱基95購01  ,0,0,0,0,0,0,0,0,0,-18000,0,0,0,18000,36000,-18000,-18000
050661,景碩元大94購02  ,0,0,0,0,0,0,0,0,0,-18000,0,0,0,0,18000,-18000,-18000
050716,可成群益96購01  ,0,0,0,0,0,0,0,0,0,-18000,0,0,0,23000,41000,-18000,-18000
050788,台郡國泰96購01  ,0,0,0,0,0,0,0,0,0,-18000,0,0,0,20000,38000,-18000,-18000
05092P,全新元大95售03  ,0,0,0,0,0,0,0,0,0,-18000,0,0,0,35000,53000,-18000,-18000
051437,百和元富95購02  ,0,0,0,0,0,0,0,0,0,-18000,0,0,0,0,18000,-18000,-18000
051203,微星麥證95購01  ,0,0,0,24000,42000,-18000,0,0,0,-18000,0,0,0,24000,42000,-18000,-18000
053540,健策永豐96購01  ,0,0,0,0,0,0,0,0,0,-18000,0,0,0,51000,69000,-18000,-18000
053447,京鼎凱基96購03  ,0,0,0,0,0,0,0,0,0,-18000,0,0,0,0,18000,-18000,-18000
5607,遠雄港          ,94000,111000,-17000,0,0,0,0,0,0,-1000,0,1000,-1000,0,0,0,-18000
053976,亞光元大96購02  ,0,0,0,0,0,0,0,0,0,-18000,0,0,0,96000,114000,-18000,-18000
05717P,鴻海元大97售07  ,0,0,0,0,0,0,0,0,0,-18000,0,0,0,161000,179000,-18000,-18000
054499,台光電永豐96購02,0,0,0,0,0,0,0,0,0,-18000,0,0,0,0,18000,-18000,-18000
054547,鴻海凱基98購02  ,0,0,0,0,0,0,0,0,0,-18000,0,0,0,22000,40000,-18000,-18000
05931P,鴻海凱基96售15  ,0,0,0,0,0,0,0,0,0,-18000,0,0,0,10000,28000,-18000,-18000
05982P,漢唐國票96售03  ,0,0,0,0,0,0,0,0,0,-18000,0,0,0,0,18000,-18000,-18000
051966,台表科永豐95購01,0,0,0,0,0,0,0,0,0,-19000,0,0,0,0,19000,-19000,-19000
052456,滬深2X元富9B購03,0,0,0,0,0,0,0,0,0,-19000,0,0,0,175000,194000,-19000,-19000
052732,新唐國泰97購01  ,0,0,0,0,0,0,0,0,0,-19000,0,0,0,90000,109000,-19000,-19000
052349,鴻海統一95購15  ,0,0,0,0,0,0,0,0,0,-19000,0,0,0,116000,135000,-19000,-19000
052808,矽力元大96購02  ,0,0,0,0,0,0,0,0,0,-19000,0,0,0,85000,104000,-19000,-19000
053180,同欣電統一96購01,0,0,0,0,0,0,0,0,0,-19000,0,0,0,161000,180000,-19000,-19000
053304,可成凱基96購03  ,0,0,0,0,0,0,0,0,0,-19000,0,0,0,1000,20000,-19000,-19000
3013,晟銘電          ,32000,51000,-19000,0,0,0,0,0,0,0,0,0,0,0,0,0,-19000
04196P,東陽中信93售02  ,0,0,0,0,0,0,0,0,0,-19000,0,0,0,0,19000,-19000,-19000
03629C,元油2X元富98牛06,0,0,0,0,0,0,0,0,0,-19000,0,0,0,34000,53000,-19000,-19000
0051,元大中型100     ,1000,0,1000,0,0,0,0,0,0,-20000,0,0,0,2000,22000,-20000,-19000
04354P,華新科永豐94售01,0,0,0,0,0,0,0,0,0,-19000,0,0,0,0,19000,-19000,-19000
043780,瑞儀中信92購01  ,0,0,0,0,0,0,0,0,0,-19000,0,0,0,11000,30000,-19000,-19000
046162,致新群益92購01  ,0,0,0,0,0,0,0,0,0,-19000,0,0,0,40000,59000,-19000,-19000
046174,高鐵永豐92購01  ,0,0,0,0,0,0,0,0,0,-19000,0,0,0,12000,31000,-19000,-19000
046980,智邦兆豐94購01  ,0,0,0,0,0,0,0,0,0,-19000,0,0,0,53000,72000,-19000,-19000
046234,彩晶元大92購01  ,0,0,0,0,0,0,0,0,0,-19000,0,0,0,1000,20000,-19000,-19000
047455,儒鴻群益93購03  ,0,0,0,0,0,0,0,0,0,-19000,0,0,0,20000,39000,-19000,-19000
045765,康控統一92購01  ,0,0,0,0,0,0,0,0,0,-19000,0,0,0,20000,39000,-19000,-19000
046557,亞泥凱基93購02  ,0,0,0,0,0,0,0,0,0,-19000,0,0,0,1000,20000,-19000,-19000
046462,康控凱基92購01  ,0,0,0,0,0,0,0,0,0,-19000,0,0,0,1000,20000,-19000,-19000
047549,聯發科凱基93購12,0,0,0,0,0,0,0,0,0,-19000,0,0,0,1000,20000,-19000,-19000
045819,台積電凱基92購14,0,0,0,0,0,0,0,0,0,-19000,0,0,0,10000,29000,-19000,-19000
046031,建準元大92購03  ,0,0,0,0,0,0,0,0,0,-19000,0,0,0,31000,50000,-19000,-19000
051310,台達電麥證95購01,0,0,0,17000,36000,-19000,0,0,0,-19000,0,0,0,17000,36000,-19000,-19000
051029,緯創元富95購01  ,0,0,0,0,0,0,0,0,0,-19000,0,0,0,10000,29000,-19000,-19000
050998,訊連元大95購01  ,0,0,0,0,0,0,0,0,0,-19000,0,0,0,36000,55000,-19000,-19000
050451,嘉晶元大95購01  ,0,0,0,0,0,0,0,0,0,-19000,0,0,0,471000,490000,-19000,-19000
04953P,台積電群益94售13,0,0,0,0,0,0,0,0,0,-19000,0,0,0,253000,272000,-19000,-19000
06017P,亞光凱基96售04  ,0,0,0,0,0,0,0,0,0,-19000,0,0,0,101000,120000,-19000,-19000
054591,GIS國泰98購01   ,0,0,0,0,0,0,0,0,0,-19000,0,0,0,20000,39000,-19000,-19000
054429,中石化台新97購01,0,0,0,0,0,0,0,0,0,-19000,0,0,0,0,19000,-19000,-19000
05725P,嘉聯益永豐96售02,0,0,0,0,0,0,0,0,0,-19000,0,0,0,12000,31000,-19000,-19000
053740,元油反國票99購01,0,0,0,0,0,0,0,0,0,-19000,0,0,0,0,19000,-19000,-19000
053836,亞光永豐96購02  ,0,0,0,0,0,0,0,0,0,-19000,0,0,0,10000,29000,-19000,-19000
8070,長華*           ,14000,33000,-19000,0,0,0,0,0,0,0,0,0,0,0,0,0,-19000
9917,中保科          ,77000,95000,-18000,0,0,0,0,0,0,-1000,1000,2000,-1000,0,0,0,-19000
053542,超眾永豐96購01  ,0,0,0,0,0,0,0,0,0,-19000,0,0,0,33000,52000,-19000,-19000
053626,台積電兆豐96購03,0,0,0,0,0,0,0,0,0,-19000,0,0,0,103000,122000,-19000,-19000
053704,國巨群益96購06  ,0,0,0,0,0,0,0,0,0,-19000,0,0,0,44000,63000,-19000,-19000
2905,三商            ,73000,88000,-15000,0,0,0,0,0,0,-5000,0,5000,-5000,0,0,0,-20000
2612,中航            ,31000,50000,-19000,0,0,0,0,0,0,-1000,0,1000,-1000,0,0,0,-20000
053403,彩晶群益98購01  ,0,0,0,0,0,0,0,0,0,-20000,0,0,0,0,20000,-20000,-20000
05336P,臺股指國票95售05,0,0,0,0,0,0,0,0,0,-20000,0,0,0,0,20000,-20000,-20000
05297P,臻鼎凱基95售04  ,0,0,0,0,0,0,0,0,0,-20000,0,0,0,0,20000,-20000,-20000
052850,華新科統一96購02,0,0,0,0,0,0,0,0,0,-20000,0,0,0,10000,30000,-20000,-20000
052359,百和永豐95購01  ,0,0,0,0,0,0,0,0,0,-20000,0,0,0,11000,31000,-20000,-20000
05240P,玉晶光永豐96售01,0,0,0,0,0,0,0,0,0,-20000,0,0,0,0,20000,-20000,-20000
052175,可成元大95購10  ,0,0,0,0,0,0,0,0,0,-20000,0,0,0,135000,155000,-20000,-20000
052109,可成元富95購01  ,0,0,0,0,0,0,0,0,0,-20000,0,0,0,10000,30000,-20000,-20000
052252,大立光永豐95購03,0,0,0,0,0,0,0,0,0,-20000,0,0,0,18000,38000,-20000,-20000
052206,燿華中信95購02  ,0,0,0,0,0,0,0,0,0,-20000,0,0,0,0,20000,-20000,-20000
052718,新唐凱基96購01  ,0,0,0,0,0,0,0,0,0,-20000,0,0,0,0,20000,-20000,-20000
052654,友達統一97購01  ,0,0,0,0,0,0,0,0,0,-20000,0,0,0,0,20000,-20000,-20000
051955,寶成元富95購01  ,0,0,0,0,0,0,0,0,0,-20000,0,0,0,0,20000,-20000,-20000
052001,寶成元大95購02  ,0,0,0,0,0,0,0,0,0,-20000,0,0,0,0,20000,-20000,-20000
051926,聯電中信97購01  ,0,0,0,0,0,0,0,0,0,-20000,0,0,0,30000,50000,-20000,-20000
051822,和碩元富95購01  ,0,0,0,0,0,0,0,0,0,-20000,0,0,0,0,20000,-20000,-20000
051854,鴻海麥證95購04  ,0,0,0,0,20000,-20000,0,0,0,-20000,0,0,0,0,20000,-20000,-20000
051839,和鑫國泰96購01  ,0,0,0,0,0,0,0,0,0,-20000,0,0,0,20000,40000,-20000,-20000
051626,可成麥證95購02  ,0,0,0,0,20000,-20000,0,0,0,-20000,0,0,0,0,20000,-20000,-20000
051511,鈺齊中信97購01  ,0,0,0,0,0,0,0,0,0,-20000,0,0,0,80000,100000,-20000,-20000
043599,宏達電元大93購03,0,0,0,0,0,0,0,0,0,-20000,0,0,0,20000,40000,-20000,-20000
043663,大立光元大92購07,0,0,0,0,0,0,0,0,0,-20000,0,0,0,5000,25000,-20000,-20000
04366P,全新元富95售01  ,0,0,0,0,0,0,0,0,0,-20000,0,0,0,20000,40000,-20000,-20000
043672,易華電元大93購02,0,0,0,0,0,0,0,0,0,-20000,0,0,0,0,20000,-20000,-20000
044807,瀚宇博凱基91購01,0,0,0,0,0,0,0,0,0,-20000,0,0,0,0,20000,-20000,-20000
044810,為升國票93購01  ,0,0,0,0,0,0,0,0,0,-20000,0,0,0,0,20000,-20000,-20000
044763,瀚宇博凱基93購01,0,0,0,0,0,0,0,0,0,-20000,0,0,0,0,20000,-20000,-20000
044754,漢唐凱基91購05  ,0,0,0,0,0,0,0,0,0,-20000,0,0,0,0,20000,-20000,-20000
045093,台表科元大93購02,0,0,0,0,0,0,0,0,0,-20000,0,0,0,0,20000,-20000,-20000
048315,聯發科凱基93購32,0,0,0,0,0,0,0,0,0,-20000,0,0,0,0,20000,-20000,-20000
048298,華通麥證94購01  ,0,0,0,0,20000,-20000,0,0,0,-20000,0,0,0,0,20000,-20000,-20000
048412,台勝科亞東93購01,0,0,0,0,0,0,0,0,0,-20000,0,0,0,0,20000,-20000,-20000
046104,智伸科永豐92購02,0,0,0,0,0,0,0,0,0,-20000,0,0,0,11000,31000,-20000,-20000
04823P,台積電元富94售09,0,0,0,0,0,0,0,0,0,-20000,0,0,0,0,20000,-20000,-20000
048291,台積電群益93購09,0,0,0,0,0,0,0,0,0,-20000,0,0,0,11000,31000,-20000,-20000
048444,燿華凱基93購05  ,0,0,0,0,0,0,0,0,0,-20000,0,0,0,0,20000,-20000,-20000
048172,祥碩永豐93購02  ,0,0,0,0,0,0,0,0,0,-20000,0,0,0,6000,26000,-20000,-20000
044641,上証2X國票93購02,0,0,0,0,0,0,0,0,0,-20000,0,0,0,30000,50000,-20000,-20000
04352P,國巨永豐94售01  ,0,0,0,0,0,0,0,0,0,-20000,0,0,0,0,20000,-20000,-20000
044692,鈺齊凱基91購01  ,0,0,0,0,0,0,0,0,0,-20000,0,0,0,0,20000,-20000,-20000
044961,聯電中信94購01  ,0,0,0,0,0,0,0,0,0,-20000,0,0,0,20000,40000,-20000,-20000
04417P,光罩國泰95售02  ,0,0,0,0,0,0,0,0,0,-20000,0,0,0,0,20000,-20000,-20000
044180,鴻海元富91購01  ,0,0,0,0,0,0,0,0,0,-20000,0,0,0,0,20000,-20000,-20000
044525,台郡凱基91購03  ,0,0,0,0,0,0,0,0,0,-20000,0,0,0,20000,40000,-20000,-20000
044106,瀚宇博中信91購01,0,0,0,0,0,0,0,0,0,-20000,0,0,0,0,20000,-20000,-20000
043915,聯詠凱基91購03  ,0,0,0,0,0,0,0,0,0,-20000,0,0,0,0,20000,-20000,-20000
044470,大立光群益91購14,0,0,0,0,0,0,0,0,0,-20000,0,0,0,0,20000,-20000,-20000
03831P,臺股指中信95售02,0,0,0,0,0,0,0,0,0,-20000,0,0,0,20000,40000,-20000,-20000
03800P,景碩元大93售01  ,0,0,0,0,0,0,0,0,0,-20000,0,0,0,0,20000,-20000,-20000
03173P,台灣50國票03售02,0,0,0,0,0,0,0,0,0,-20000,0,0,0,0,20000,-20000,-20000
03085P,台積電元大01售34,0,0,0,0,0,0,0,0,0,-20000,0,0,0,0,20000,-20000,-20000
03240P,臺股指元大02售05,0,0,0,0,0,0,0,0,0,-20000,0,0,0,0,20000,-20000,-20000
03189P,玉晶光元大03售05,0,0,0,0,0,0,0,0,0,-20000,0,0,0,0,20000,-20000,-20000
042712,元石油國票95購01,0,0,0,0,0,0,0,0,0,-20000,0,0,0,0,20000,-20000,-20000
04272P,元上證凱基94售01,0,0,0,0,0,0,0,0,0,-20000,0,0,0,0,20000,-20000,-20000
03435P,聯電永豐02售05  ,0,0,0,0,0,0,0,0,0,-20000,0,0,0,0,20000,-20000,-20000
04052P,上銀國泰94售01  ,0,0,0,0,0,0,0,0,0,-20000,0,0,0,20000,40000,-20000,-20000
04021P,寶滬深元富93售01,0,0,0,0,0,0,0,0,0,-20000,0,0,0,0,20000,-20000,-20000
03996P,旺宏國泰95售01  ,0,0,0,0,0,0,0,0,0,-20000,0,0,0,30000,50000,-20000,-20000
044267,潤泰全中信91購01,0,0,0,0,0,0,0,0,0,-20000,0,0,0,0,20000,-20000,-20000
04251P,欣興統一93售06  ,0,0,0,0,0,0,0,0,0,-20000,0,0,0,0,20000,-20000,-20000
044329,日月光元富91購01,0,0,0,0,0,0,0,0,0,-20000,0,0,0,0,20000,-20000,-20000
044335,冠德統一91購05  ,0,0,0,0,0,0,0,0,0,-20000,0,0,0,10000,30000,-20000,-20000
045247,遠東新凱基92購01,0,0,0,0,0,0,0,0,0,-20000,0,0,0,0,20000,-20000,-20000
045256,致茂凱基92購01  ,0,0,0,0,0,0,0,0,0,-20000,0,0,0,21000,41000,-20000,-20000
04602P,聯詠凱基94售02  ,0,0,0,0,0,0,0,0,0,-20000,0,0,0,0,20000,-20000,-20000
046014,緯穎元富92購02  ,0,0,0,0,0,0,0,0,0,-20000,0,0,0,20000,40000,-20000,-20000
046004,群創統一93購02  ,0,0,0,0,0,0,0,0,0,-20000,0,0,0,0,20000,-20000,-20000
046033,義隆元大92購03  ,0,0,0,0,0,0,0,0,0,-20000,0,0,0,0,20000,-20000,-20000
045838,揚明光群益93購01,0,0,0,0,0,0,0,0,0,-20000,0,0,0,0,20000,-20000,-20000
048785,台積電元大96購01,0,0,0,0,0,0,0,0,0,-20000,0,0,0,0,20000,-20000,-20000
048757,美利達元富96購01,0,0,0,0,0,0,0,0,0,-20000,0,0,0,0,20000,-20000,-20000
047509,技嘉國票93購01  ,0,0,0,0,0,0,0,0,0,-20000,0,0,0,0,20000,-20000,-20000
047608,聯發科第一95購01,0,0,0,0,0,0,0,0,0,-20000,0,0,0,0,20000,-20000,-20000
046448,亞德客凱基92購03,0,0,0,0,0,0,0,0,0,-20000,0,0,0,40000,60000,-20000,-20000
046472,亞光永豐92購01  ,0,0,0,0,0,0,0,0,0,-20000,0,0,0,0,20000,-20000,-20000
046565,康控凱基92購02  ,0,0,0,0,0,0,0,0,0,-20000,0,0,0,0,20000,-20000,-20000
048029,聯發科凱基93購26,0,0,0,0,0,0,0,0,0,-20000,0,0,0,2000,22000,-20000,-20000
04576P,上海銀統一94售04,0,0,0,0,0,0,0,0,0,-20000,0,0,0,10000,30000,-20000,-20000
045717,微星凱基92購03  ,0,0,0,0,0,0,0,0,0,-20000,0,0,0,0,20000,-20000,-20000
046612,群創麥證93購01  ,0,0,0,0,20000,-20000,0,0,0,-20000,0,0,0,0,20000,-20000,-20000
047140,滬深2X兆豐94購01,0,0,0,0,0,0,0,0,0,-20000,0,0,0,0,20000,-20000,-20000
046901,英業達凱基93購02,0,0,0,0,0,0,0,0,0,-20000,0,0,0,0,20000,-20000,-20000
047906,中石化元大94購01,0,0,0,0,0,0,0,0,0,-20000,0,0,0,0,20000,-20000,-20000
045688,祥碩元大92購01  ,0,0,0,0,0,0,0,0,0,-20000,0,0,0,0,20000,-20000,-20000
047931,日月光凱基93購01,0,0,0,0,0,0,0,0,0,-20000,0,0,0,0,20000,-20000,-20000
046881,智原富邦99購01  ,0,0,0,0,0,0,0,0,0,-20000,0,0,0,153000,173000,-20000,-20000
046797,T50反1元大96購01,0,0,0,0,0,0,0,0,0,-20000,0,0,0,0,20000,-20000,-20000
046751,鴻海凱基93購18  ,0,0,0,0,0,0,0,0,0,-20000,0,0,0,66000,86000,-20000,-20000
046084,美利達凱基92購02,0,0,0,0,0,0,0,0,0,-20000,0,0,0,0,20000,-20000,-20000
046330,祥碩元大92購02  ,0,0,0,0,0,0,0,0,0,-20000,0,0,0,0,20000,-20000,-20000
047737,義隆麥證94購01  ,0,0,0,0,20000,-20000,0,0,0,-20000,0,0,0,0,20000,-20000,-20000
047675,群創元富96購03  ,0,0,0,0,0,0,0,0,0,-20000,0,0,0,0,20000,-20000,-20000
046935,義隆元富93購01  ,0,0,0,0,0,0,0,0,0,-20000,0,0,0,0,20000,-20000,-20000
048141,大成鋼統一93購02,0,0,0,0,0,0,0,0,0,-20000,0,0,0,0,20000,-20000,-20000
046282,全新永豐92購01  ,0,0,0,0,0,0,0,0,0,-20000,0,0,0,104000,124000,-20000,-20000
047083,大立光永豐93購01,0,0,0,0,0,0,0,0,0,-20000,0,0,0,44000,64000,-20000,-20000
047821,臺股指凱基93購15,0,0,0,0,0,0,0,0,0,-20000,0,0,0,70000,90000,-20000,-20000
049547,新光金群益94購01,0,0,0,0,0,0,0,0,0,-20000,0,0,0,0,20000,-20000,-20000
049499,康控元大96購01  ,0,0,0,0,0,0,0,0,0,-20000,0,0,0,538000,558000,-20000,-20000
048865,世紀鋼群益94購01,0,0,0,0,0,0,0,0,0,-20000,0,0,0,0,20000,-20000,-20000
049413,台達電凱基94購06,0,0,0,0,0,0,0,0,0,-20000,0,0,0,10000,30000,-20000,-20000
048907,高鐵富邦94購01  ,0,0,0,0,0,0,0,0,0,-20000,0,0,0,0,20000,-20000,-20000
049439,牧德國泰96購01  ,0,0,0,0,0,0,0,0,0,-20000,0,0,0,10000,30000,-20000,-20000
049035,中環兆豐94購01  ,0,0,0,0,0,0,0,0,0,-20000,0,0,0,0,20000,-20000,-20000
049008,傳奇中信95購01  ,0,0,0,0,0,0,0,0,0,-20000,0,0,0,0,20000,-20000,-20000
049002,光寶科中信94購01,0,0,0,0,0,0,0,0,0,-20000,0,0,0,0,20000,-20000,-20000
048580,台達電富邦93購01,0,0,0,0,0,0,0,0,0,-20000,0,0,0,0,20000,-20000,-20000
049243,佳世達元富96購02,0,0,0,0,0,0,0,0,0,-20000,0,0,0,0,20000,-20000,-20000
049285,宏碁兆豐94購01  ,0,0,0,0,0,0,0,0,0,-20000,0,0,0,10000,30000,-20000,-20000
049299,矽創群益94購01  ,0,0,0,0,0,0,0,0,0,-20000,0,0,0,93000,113000,-20000,-20000
049173,鴻海凱基94購15  ,0,0,0,0,0,0,0,0,0,-20000,0,0,0,35000,55000,-20000,-20000
049183,鎧勝凱基94購01  ,0,0,0,0,0,0,0,0,0,-20000,0,0,0,0,20000,-20000,-20000
049177,美律凱基94購02  ,0,0,0,0,0,0,0,0,0,-20000,0,0,0,49000,69000,-20000,-20000
049245,和鑫元富95購01  ,0,0,0,0,0,0,0,0,0,-20000,0,0,0,0,20000,-20000,-20000
050153,義隆群益94購01  ,0,0,0,0,0,0,0,0,0,-20000,0,0,0,0,20000,-20000,-20000
050177,聯發科元大94購11,0,0,0,0,0,0,0,0,0,-20000,0,0,0,1000,21000,-20000,-20000
050018,高股息元大94購02,0,0,0,0,0,0,0,0,0,-20000,0,0,0,0,20000,-20000,-20000
04988P,楠梓電元大94售01,0,0,0,0,0,0,0,0,0,-20000,0,0,0,30000,50000,-20000,-20000
049816,緯穎元大94購07  ,0,0,0,0,0,0,0,0,0,-20000,0,0,0,10000,30000,-20000,-20000
049650,啟碁凱基94購03  ,0,0,0,0,0,0,0,0,0,-20000,0,0,0,0,20000,-20000,-20000
049723,緯穎凱基94購04  ,0,0,0,0,0,0,0,0,0,-20000,0,0,0,0,20000,-20000,-20000
048835,牧德凱基94購02  ,0,0,0,0,0,0,0,0,0,-20000,0,0,0,97000,117000,-20000,-20000
050254,大立光富邦96購02,0,0,0,0,0,0,0,0,0,-20000,0,0,0,0,20000,-20000,-20000
050359,T50反1元大94購05,0,0,0,0,0,0,0,0,0,-20000,0,0,0,0,20000,-20000,-20000
05075P,台積電麥證95售01,0,0,0,50000,70000,-20000,0,0,0,-20000,0,0,0,50000,70000,-20000,-20000
050756,京元電元富94購03,0,0,0,0,0,0,0,0,0,-20000,0,0,0,112000,132000,-20000,-20000
050687,上銀日盛94購01  ,0,0,0,0,0,0,0,0,0,-20000,0,0,0,12000,32000,-20000,-20000
05064P,台積電元大95售10,0,0,0,0,0,0,0,0,0,-20000,0,0,0,0,20000,-20000,-20000
050960,台光電永豐95購01,0,0,0,0,0,0,0,0,0,-20000,0,0,0,0,20000,-20000,-20000
051117,臺指反群益95購02,0,0,0,0,0,0,0,0,0,-20000,0,0,0,20000,40000,-20000,-20000
051312,國泰金麥證95購01,0,0,0,10000,30000,-20000,0,0,0,-20000,0,0,0,10000,30000,-20000,-20000
051206,大立光麥證95購02,0,0,0,0,25000,-25000,0,0,0,-20000,0,0,0,5000,25000,-20000,-20000
051388,大立光麥證95購03,0,0,0,0,20000,-20000,0,0,0,-20000,0,0,0,0,20000,-20000,-20000
053695,智易元大97購02  ,0,0,0,0,0,0,0,0,0,-20000,0,0,0,25000,45000,-20000,-20000
053665,臺股指凱基96購26,0,0,0,0,0,0,0,0,0,-20000,0,0,0,3000,23000,-20000,-20000
053635,技嘉永豐96購01  ,0,0,0,0,0,0,0,0,0,-20000,0,0,0,0,20000,-20000,-20000
053504,祥碩兆豐96購01  ,0,0,0,0,0,0,0,0,0,-20000,0,0,0,10000,30000,-20000,-20000
053804,富邦金凱基96購01,0,0,0,0,0,0,0,0,0,-20000,0,0,0,0,20000,-20000,-20000
053951,T50反1台新06購02,0,0,0,0,0,0,0,0,0,-20000,0,0,0,0,20000,-20000,-20000
053875,GIS元大97購01   ,0,0,0,0,0,0,0,0,0,-20000,0,0,0,0,20000,-20000,-20000
054030,台苯中信98購01  ,0,0,0,0,0,0,0,0,0,-20000,0,0,0,0,20000,-20000,-20000
054162,光罩凱基98購01  ,0,0,0,0,0,0,0,0,0,-20000,0,0,0,0,20000,-20000,-20000
054135,大立光元大97購04,0,0,0,0,0,0,0,0,0,-20000,0,0,0,16000,36000,-20000,-20000
054193,鴻海麥證96購02  ,0,0,0,0,20000,-20000,0,0,0,-20000,0,0,0,0,20000,-20000,-20000
05700P,臻鼎凱基96售02  ,0,0,0,0,0,0,0,0,0,-20000,0,0,0,0,20000,-20000,-20000
05475P,聯茂亞東95售01  ,0,0,0,0,0,0,0,0,0,-20000,0,0,0,0,20000,-20000,-20000
05627P,致伸國票97售01  ,0,0,0,0,0,0,0,0,0,-20000,0,0,0,0,20000,-20000,-20000
05581P,華新科凱基96售07,0,0,0,0,0,0,0,0,0,-20000,0,0,0,0,20000,-20000,-20000
05558P,鴻海麥證96售01  ,0,0,0,0,20000,-20000,0,0,0,-20000,0,0,0,0,20000,-20000,-20000
05544P,台表科元富96售01,0,0,0,0,0,0,0,0,0,-20000,0,0,0,0,20000,-20000,-20000
054558,劍麟群益99購01  ,0,0,0,0,0,0,0,0,0,-20000,0,0,0,0,20000,-20000,-20000
054617,超眾永豐97購01  ,0,0,0,0,0,0,0,0,0,-20000,0,0,0,6000,26000,-20000,-20000
054610,聯發科永豐97購01,0,0,0,0,0,0,0,0,0,-20000,0,0,0,0,20000,-20000,-20000
06018P,康控凱基96售03  ,0,0,0,0,0,0,0,0,0,-20000,0,0,0,0,20000,-20000,-20000
06082P,華通統一98售01  ,0,0,0,0,0,0,0,0,0,-20000,0,0,0,0,20000,-20000,-20000
08100P,台灣50元富95售01,0,0,0,0,0,0,0,0,0,-20000,0,0,0,0,20000,-20000,-20000
06021P,世紀鋼元富96售03,0,0,0,0,0,0,0,0,0,-20000,0,0,0,0,20000,-20000,-20000
8464,億豐            ,113000,113040,-40,0,0,0,0,18000,-18000,-2000,0,2000,-2000,0,0,0,-20040
051967,康友永豐95購02  ,0,0,0,0,0,0,0,0,0,-21000,0,0,0,169000,190000,-21000,-21000
052490,禾伸堂國票95購01,0,0,0,0,0,0,0,0,0,-21000,0,0,0,5000,26000,-21000,-21000
052229,奇力新凱基96購01,0,0,0,0,0,0,0,0,0,-21000,0,0,0,29000,50000,-21000,-21000
053003,國巨永豐96購02  ,0,0,0,0,0,0,0,0,0,-21000,0,0,0,379000,400000,-21000,-21000
053134,南亞科國票97購01,0,0,0,0,0,0,0,0,0,-21000,0,0,0,10000,31000,-21000,-21000
1611,中電            ,36000,57000,-21000,0,0,0,0,0,0,0,0,0,0,0,0,0,-21000
2108,南帝            ,75000,80000,-5000,0,0,0,0,0,0,-16000,0,16000,-16000,0,0,0,-21000
2314,台揚            ,141000,194000,-53000,0,0,0,0,0,0,32000,1000,2000,-1000,33000,0,33000,-21000
043344,可成富邦93購01  ,0,0,0,0,0,0,0,0,0,-21000,0,0,0,219000,240000,-21000,-21000
04203P,超眾元大93售04  ,0,0,0,0,0,0,0,0,0,-21000,0,0,0,142000,163000,-21000,-21000
043913,富邦金凱基92購01,0,0,0,0,0,0,0,0,0,-21000,0,0,0,68000,89000,-21000,-21000
048425,聯茂元富96購02  ,0,0,0,0,0,0,0,0,0,-21000,0,0,0,20000,41000,-21000,-21000
047105,和大元大94購01  ,0,0,0,0,0,0,0,0,0,-21000,0,0,0,82000,103000,-21000,-21000
046965,復盛中信93購01  ,0,0,0,0,0,0,0,0,0,-21000,0,0,0,10000,31000,-21000,-21000
046389,百和凱基93購04  ,0,0,0,0,0,0,0,0,0,-21000,0,0,0,0,21000,-21000,-21000
046769,百和凱基93購06  ,0,0,0,0,0,0,0,0,0,-21000,0,0,0,2000,23000,-21000,-21000
046878,康友國泰94購01  ,0,0,0,0,0,0,0,0,0,-21000,0,0,0,210000,231000,-21000,-21000
04557P,茂林群益94售03  ,0,0,0,0,0,0,0,0,0,-21000,0,0,0,78000,99000,-21000,-21000
047600,富邦金中信93購01,0,0,0,0,0,0,0,0,0,-21000,0,0,0,0,21000,-21000,-21000
048769,聯鈞凱基94購01  ,0,0,0,0,0,0,0,0,0,-21000,0,0,0,22000,43000,-21000,-21000
049645,台積電凱基94購22,0,0,0,0,0,0,0,0,0,-21000,0,0,0,3000,24000,-21000,-21000
050226,華新科中信94購01,0,0,0,0,0,0,0,0,0,-21000,0,0,0,43000,64000,-21000,-21000
050114,群創元大95購01  ,0,0,0,0,0,0,0,0,0,-21000,0,0,0,77000,98000,-21000,-21000
048926,燿華永豐95購01  ,0,0,0,0,0,0,0,0,0,-21000,0,0,0,50000,71000,-21000,-21000
8033,雷虎            ,5000,26000,-21000,0,0,0,0,0,0,0,0,0,0,0,0,0,-21000
5258,虹堡            ,61000,82000,-21000,0,0,0,0,0,0,0,0,0,0,0,0,0,-21000
5285,界霖            ,100000,120000,-20000,0,0,0,0,0,0,-1000,0,1000,-1000,0,0,0,-21000
053913,華新國票97購01  ,0,0,0,0,0,0,0,0,0,-21000,0,0,0,4000,25000,-21000,-21000
05391P,鴻海統一95售12  ,0,0,0,0,0,0,0,0,0,-21000,0,0,0,32000,53000,-21000,-21000
05940P,聯發科凱基96售21,0,0,0,0,0,0,0,0,0,-21000,0,0,0,0,21000,-21000,-21000
054518,亞光元大97購01  ,0,0,0,0,0,0,0,0,0,-21000,0,0,0,69000,90000,-21000,-21000
05681P,大立光元大96售05,0,0,0,0,0,0,0,0,0,-21000,0,0,0,5000,26000,-21000,-21000
05721P,全新群益98售02  ,0,0,0,0,0,0,0,0,0,-21000,0,0,0,10000,31000,-21000,-21000
05806P,宏達電永豐96售03,0,0,0,0,0,0,0,0,0,-21000,0,0,0,0,21000,-21000,-21000
1720,生達            ,14000,36000,-22000,0,0,0,0,0,0,0,0,0,0,0,0,0,-22000
1315,達新            ,45000,66000,-21000,0,0,0,0,0,0,-1000,0,1000,-1000,0,0,0,-22000
1514,亞力            ,102000,124000,-22000,0,0,0,0,0,0,0,0,0,0,0,0,0,-22000
2482,連宇            ,1000,23000,-22000,0,0,0,0,0,0,0,0,0,0,0,0,0,-22000
052830,台光電群益96購01,0,0,0,0,0,0,0,0,0,-22000,0,0,0,95000,117000,-22000,-22000
052296,TPK國票96購01   ,0,0,0,0,0,0,0,0,0,-22000,0,0,0,392000,414000,-22000,-22000
052581,訊芯元富98購01  ,0,0,0,0,0,0,0,0,0,-22000,0,0,0,3000,25000,-22000,-22000
048357,漢唐永豐93購04  ,0,0,0,0,0,0,0,0,0,-22000,0,0,0,71000,93000,-22000,-22000
04252P,台達電元富93售02,0,0,0,0,0,0,0,0,0,-22000,0,0,0,20000,42000,-22000,-22000
042313,聯鈞凱基91購01  ,0,0,0,0,0,0,0,0,0,-22000,0,0,0,31000,53000,-22000,-22000
042382,康控兆豐91購01  ,0,0,0,0,0,0,0,0,0,-22000,0,0,0,0,22000,-22000,-22000
042383,嘉聯益兆豐91購01,0,0,0,0,0,0,0,0,0,-22000,0,0,0,0,22000,-22000,-22000
042560,康控兆豐92購01  ,0,0,0,0,0,0,0,0,0,-22000,0,0,0,10000,32000,-22000,-22000
03387P,台積電凱基03售11,0,0,0,0,0,0,0,0,0,-22000,0,0,0,0,22000,-22000,-22000
03050X,元展47          ,0,0,0,0,0,0,0,0,0,-22000,0,0,0,0,22000,-22000,-22000
03110P,聯發科元大01售26,0,0,0,0,0,0,0,0,0,-22000,0,0,0,20000,42000,-22000,-22000
00686R,群益臺灣加權反1 ,0,0,0,0,0,0,0,0,0,-22000,0,0,0,35000,57000,-22000,-22000
00714,群益道瓊美國地產,0,0,0,0,0,0,0,0,0,-22000,0,0,0,220000,242000,-22000,-22000
048699,嘉晶國票95購01  ,0,0,0,0,0,0,0,0,0,-22000,0,0,0,1000,23000,-22000,-22000
048888,牧德元富94購02  ,0,0,0,0,0,0,0,0,0,-22000,0,0,0,132000,154000,-22000,-22000
047631,味全元大93購01  ,0,0,0,0,0,0,0,0,0,-22000,0,0,0,18000,40000,-22000,-22000
046433,康友中信92購01  ,0,0,0,0,0,0,0,0,0,-22000,0,0,0,20000,42000,-22000,-22000
047440,聯發科元大93購14,0,0,0,0,0,0,0,0,0,-22000,0,0,0,0,22000,-22000,-22000
049089,正文凱基94購02  ,0,0,0,0,0,0,0,0,0,-22000,0,0,0,0,22000,-22000,-22000
050076,百和凱基94購02  ,0,0,0,0,0,0,0,0,0,-22000,0,0,0,0,22000,-22000,-22000
048838,牧德凱基94購07  ,0,0,0,0,0,0,0,0,0,-22000,0,0,0,93000,115000,-22000,-22000
049889,欣興國泰96購01  ,0,0,0,0,0,0,0,0,0,-22000,0,0,0,28000,50000,-22000,-22000
050425,國巨凱基94購12  ,0,0,0,0,0,0,0,0,0,-22000,0,0,0,21000,43000,-22000,-22000
05455P,聯詠日盛95售01  ,0,0,0,0,0,0,0,0,0,-22000,0,0,0,0,22000,-22000,-22000
08218P,滬深2X凱基96售01,0,0,0,0,0,0,0,0,0,-22000,0,0,0,0,22000,-22000,-22000
05422P,大立光中信97售02,0,0,0,0,0,0,0,0,0,-22000,0,0,0,0,22000,-22000,-22000
051539,瀚宇博國票97購01,0,0,0,0,0,0,0,0,0,-23000,0,0,0,1000,24000,-23000,-23000
05170P,世芯元大95售01  ,0,0,0,0,0,0,0,0,0,-23000,0,0,0,551000,574000,-23000,-23000
3530,晶相光          ,378000,445000,-67000,0,0,0,0,0,0,44000,2000,1000,1000,104000,61000,43000,-23000
04223P,友達統一93售05  ,0,0,0,0,0,0,0,0,0,-23000,0,0,0,105000,128000,-23000,-23000
045332,康友群益92購01  ,0,0,0,0,0,0,0,0,0,-23000,0,0,0,0,23000,-23000,-23000
04194P,欣興永豐93售05  ,0,0,0,0,0,0,0,0,0,-23000,0,0,0,0,23000,-23000,-23000
04158P,南電永豐93售04  ,0,0,0,0,0,0,0,0,0,-23000,0,0,0,0,23000,-23000,-23000
044927,聯詠國泰94購01  ,0,0,0,0,0,0,0,0,0,-23000,0,0,0,10000,33000,-23000,-23000
046764,亞光凱基93購03  ,0,0,0,0,0,0,0,0,0,-23000,0,0,0,2000,25000,-23000,-23000
046653,鴻海元大93購05  ,0,0,0,0,0,0,0,0,0,-23000,0,0,0,24000,47000,-23000,-23000
048629,滬深2X元大96購04,0,0,0,0,0,0,0,0,0,-23000,0,0,0,30000,53000,-23000,-23000
048789,大立光元大95購04,0,0,0,0,0,0,0,0,0,-23000,0,0,0,8000,31000,-23000,-23000
051057,信邦群益95購01  ,0,0,0,0,0,0,0,0,0,-23000,0,0,0,20000,43000,-23000,-23000
051031,康友元富95購02  ,0,0,0,0,0,0,0,0,0,-23000,0,0,0,908000,931000,-23000,-23000
049219,聯發科國票95購01,0,0,0,0,0,0,0,0,0,-23000,0,0,0,32000,55000,-23000,-23000
054279,揚明光群益98購01,0,0,0,0,0,0,0,0,0,-23000,0,0,0,0,23000,-23000,-23000
053857,宏達電富邦97購02,0,0,0,0,0,0,0,0,0,-23000,0,0,0,0,23000,-23000,-23000
053535,宏達電永豐96購02,0,0,0,0,0,0,0,0,0,-23000,0,0,0,24000,47000,-23000,-23000
05861P,瀚宇博永豐96售02,0,0,0,0,0,0,0,0,0,-23000,0,0,0,0,23000,-23000,-23000
054370,台積電中信9A購01,0,0,0,0,0,0,0,0,0,-23000,0,0,0,50000,73000,-23000,-23000
05676P,欣興群益96售04  ,0,0,0,0,0,0,0,0,0,-23000,0,0,0,2000,25000,-23000,-23000
05589P,大立光中信9A售01,0,0,0,0,0,0,0,0,0,-23000,0,0,0,20000,43000,-23000,-23000
05620P,大立光富邦9B售01,0,0,0,0,0,0,0,0,0,-23000,0,0,0,131000,154000,-23000,-23000
3018,同開            ,20000,43000,-23000,0,0,0,0,0,0,-1000,0,1000,-1000,0,0,0,-24000
052766,玉晶光群益9A購01,0,0,0,0,0,0,0,0,0,-24000,0,0,0,190000,214000,-24000,-24000
051639,康友國票96購02  ,0,0,0,0,0,0,0,0,0,-24000,0,0,0,6000,30000,-24000,-24000
052019,創意永豐95購02  ,0,0,0,0,0,0,0,0,0,-24000,0,0,0,0,24000,-24000,-24000
044585,聯茂元富91購04  ,0,0,0,0,0,0,0,0,0,-24000,0,0,0,0,24000,-24000,-24000
048427,百和元富95購01  ,0,0,0,0,0,0,0,0,0,-24000,0,0,0,0,24000,-24000,-24000
04503P,元油2X元富98售09,0,0,0,0,0,0,0,0,0,-24000,0,0,0,0,24000,-24000,-24000
04381P,世紀鋼元大94售01,0,0,0,0,0,0,0,0,0,-24000,0,0,0,0,24000,-24000,-24000
03181P,台灣50元大01售40,0,0,0,0,0,0,0,0,0,-24000,0,0,0,0,24000,-24000,-24000
045537,華新群益94購01  ,0,0,0,0,0,0,0,0,0,-24000,0,0,0,2000,26000,-24000,-24000
046706,智邦台新93購01  ,0,0,0,0,0,0,0,0,0,-24000,0,0,0,1000,25000,-24000,-24000
047882,超眾國泰94購01  ,0,0,0,0,0,0,0,0,0,-24000,0,0,0,11000,35000,-24000,-24000
047655,聯發科兆豐93購02,0,0,0,0,0,0,0,0,0,-24000,0,0,0,1000,25000,-24000,-24000
04943P,臻鼎康和94售01  ,0,0,0,0,0,0,0,0,0,-24000,0,0,0,0,24000,-24000,-24000
050130,華新科凱基94購09,0,0,0,0,0,0,0,0,0,-24000,0,0,0,97000,121000,-24000,-24000
05019P,喬山中信95售01  ,0,0,0,0,0,0,0,0,0,-24000,0,0,0,0,24000,-24000,-24000
050447,廣達元大94購01  ,0,0,0,0,0,0,0,0,0,-24000,0,0,0,0,24000,-24000,-24000
050671,超眾永豐94購04  ,0,0,0,0,0,0,0,0,0,-24000,0,0,0,29000,53000,-24000,-24000
054651,台化麥證97購01  ,0,0,0,0,24000,-24000,0,0,0,-24000,0,0,0,0,24000,-24000,-24000
05677P,玉晶光群益98售03,0,0,0,0,0,0,0,0,0,-24000,0,0,0,150000,174000,-24000,-24000
05831P,臺股指元富96售03,0,0,0,0,0,0,0,0,0,-24000,0,0,0,6000,30000,-24000,-24000
054325,奇力新台新97購03,0,0,0,0,0,0,0,0,0,-24000,0,0,0,32000,56000,-24000,-24000
053458,聯詠國泰97購01  ,0,0,0,0,0,0,0,0,0,-24000,0,0,0,168000,192000,-24000,-24000
8482,商億-KY         ,32000,55000,-23000,0,0,0,0,0,0,-1000,0,1000,-1000,0,0,0,-24000
054231,國巨群益98購03  ,0,0,0,0,0,0,0,0,0,-24000,0,0,0,32000,56000,-24000,-24000
051844,宏達電富邦96購01,0,0,0,0,0,0,0,0,0,-25000,0,0,0,121000,146000,-25000,-25000
051928,大立光中信96購03,0,0,0,0,0,0,0,0,0,-25000,0,0,0,3000,28000,-25000,-25000
051760,奇力新元大95購04,0,0,0,0,0,0,0,0,0,-25000,0,0,0,33000,58000,-25000,-25000
051583,可成元大95購07  ,0,0,0,0,0,0,0,0,0,-25000,0,0,0,75000,100000,-25000,-25000
052479,TPK群益95購04   ,0,0,0,0,0,0,0,0,0,-25000,0,0,0,73000,98000,-25000,-25000
052192,SP黃豆元富95購04,0,0,0,0,0,0,0,0,0,-25000,0,0,0,0,25000,-25000,-25000
052754,上証2X群益9A購01,0,0,0,0,0,0,0,0,0,-25000,0,0,0,0,25000,-25000,-25000
053029,國巨第一96購01  ,70000,8000,62000,0,0,0,0,0,0,-87000,0,0,0,1917000,2004000,-87000,-25000
053413,台積電國票99購01,0,0,0,0,0,0,0,0,0,-25000,0,0,0,2000,27000,-25000,-25000
2484,希華            ,55000,80000,-25000,0,0,0,0,0,0,0,0,0,0,0,0,0,-25000
2535,達欣工          ,44000,69000,-25000,0,0,0,0,0,0,0,0,0,0,0,0,0,-25000
2106,建大            ,135000,154000,-19000,0,0,0,0,0,0,-6000,0,6000,-6000,0,0,0,-25000
03391P,國巨兆豐03售03  ,0,0,0,0,0,0,0,0,0,-25000,0,0,0,0,25000,-25000,-25000
03415B,臺股指元大93熊49,0,0,0,0,0,0,0,0,0,-25000,0,0,0,98000,123000,-25000,-25000
042914,大立光元大92購06,0,0,0,0,0,0,0,0,0,-25000,0,0,0,0,25000,-25000,-25000
03637C,臺股指凱基94牛18,0,0,0,0,0,0,0,0,0,-25000,0,0,0,8000,33000,-25000,-25000
04117P,聯發科元大93售21,0,0,0,0,0,0,0,0,0,-25000,0,0,0,20000,45000,-25000,-25000
045287,元油2X元大95購01,0,0,0,0,0,0,0,0,0,-25000,0,0,0,71000,96000,-25000,-25000
048457,康普凱基93購01  ,0,0,0,0,0,0,0,0,0,-25000,0,0,0,0,25000,-25000,-25000
044167,大立光元大93購03,0,0,0,0,0,0,0,0,0,-25000,0,0,0,0,25000,-25000,-25000
044919,晶技永豐91購02  ,0,0,0,0,0,0,0,0,0,-25000,0,0,0,0,25000,-25000,-25000
044104,鴻海中信95購03  ,0,0,0,0,0,0,0,0,0,-25000,0,0,0,15000,40000,-25000,-25000
046249,聯發科群益92購03,0,0,0,0,0,0,0,0,0,-25000,0,0,0,33000,58000,-25000,-25000
048116,矽創群益93購02  ,0,0,0,0,0,0,0,0,0,-25000,0,0,0,25000,50000,-25000,-25000
047115,可成元大93購06  ,0,0,0,0,0,0,0,0,0,-25000,0,0,0,84000,109000,-25000,-25000
04742P,瑞昱統一94售01  ,0,0,0,0,0,0,0,0,0,-25000,0,0,0,10000,35000,-25000,-25000
047276,中工永豐93購01  ,0,0,0,0,0,0,0,0,0,-25000,0,0,0,25000,50000,-25000,-25000
052969,建準群益97購01  ,0,0,0,0,0,0,0,0,0,-25000,0,0,0,53000,78000,-25000,-25000
04592P,台積電元大94售10,0,0,0,0,0,0,0,0,0,-25000,0,0,0,15000,40000,-25000,-25000
045872,元油2X元富98購03,0,0,0,0,0,0,0,0,0,-25000,0,0,0,160000,185000,-25000,-25000
050874,康控永豐95購01  ,0,0,0,0,0,0,0,0,0,-25000,0,0,0,0,25000,-25000,-25000
05029P,鴻海元富95售04  ,0,0,0,0,0,0,0,0,0,-25000,0,0,0,20000,45000,-25000,-25000
051158,嘉晶富邦96購01  ,0,0,0,0,0,0,0,0,0,-25000,0,0,0,0,25000,-25000,-25000
051452,貿聯元大95購04  ,0,0,0,0,0,0,0,0,0,-25000,0,0,0,61000,86000,-25000,-25000
051219,大立光元富95購07,0,0,0,0,0,0,0,0,0,-25000,0,0,0,14000,39000,-25000,-25000
050160,中石化國泰95購01,0,0,0,0,0,0,0,0,0,-25000,0,0,0,20000,45000,-25000,-25000
05014P,臺股指元大95售05,0,0,0,0,0,0,0,0,0,-25000,0,0,0,0,25000,-25000,-25000
048945,訊連永豐94購01  ,0,0,0,0,0,0,0,0,0,-25000,0,0,0,121000,146000,-25000,-25000
049700,瀚宇博元大97購01,0,0,0,0,0,0,0,0,0,-25000,0,0,0,19000,44000,-25000,-25000
054251,聯發科元大96購21,0,0,0,0,0,0,0,0,0,-25000,0,0,0,142000,167000,-25000,-25000
054080,微星中信98購01  ,0,0,0,0,0,0,0,0,0,-25000,0,0,0,54000,79000,-25000,-25000
053971,聯發科元大97購09,0,0,0,0,0,0,0,0,0,-25000,0,0,0,57000,82000,-25000,-25000
05352P,臺股指元富95售06,0,0,0,0,0,0,0,0,0,-25000,0,0,0,0,25000,-25000,-25000
053661,嘉澤凱基97購01  ,0,0,0,0,0,0,0,0,0,-25000,0,0,0,39000,64000,-25000,-25000
054606,台積電永豐97購02,0,0,0,0,0,0,0,0,0,-25000,0,0,0,5000,30000,-25000,-25000
05748P,臺股指群益99售02,0,0,0,0,0,0,0,0,0,-25000,0,0,0,20000,45000,-25000,-25000
05666P,聯發科凱基96售14,0,0,0,0,0,0,0,0,0,-25000,0,0,0,10000,35000,-25000,-25000
05547P,群創元大96售03  ,0,0,0,0,0,0,0,0,0,-25000,0,0,0,64000,89000,-25000,-25000
05889P,群創元大98售02  ,0,0,0,0,0,0,0,0,0,-25000,0,0,0,100000,125000,-25000,-25000
05952P,台積電國票97售06,0,0,0,0,0,0,0,0,0,-25000,0,0,0,41000,66000,-25000,-25000
045361,鈺齊凱基93購01  ,0,0,0,0,0,0,0,0,0,-26000,0,0,0,0,26000,-26000,-26000
044218,禾伸堂凱基91購01,0,0,0,0,0,0,0,0,0,-26000,0,0,0,2000,28000,-26000,-26000
04115P,欣興群益93售06  ,0,0,0,0,0,0,0,0,0,-26000,0,0,0,5000,31000,-26000,-26000
04132P,瑞昱群益93售04  ,0,0,0,0,0,0,0,0,0,-26000,0,0,0,10000,36000,-26000,-26000
040553,滬深2X凱基91購01,0,0,0,0,0,0,0,0,0,-26000,0,0,0,4000,30000,-26000,-26000
03146P,台灣50群益03售01,0,0,0,0,0,0,0,0,0,-26000,0,0,0,10000,36000,-26000,-26000
03946P,麗豐群益93售02  ,0,0,0,0,0,0,0,0,0,-26000,0,0,0,9000,35000,-26000,-26000
03557P,欣興元大02售17  ,0,0,0,0,0,0,0,0,0,-26000,0,0,0,30000,56000,-26000,-26000
048619,台表科凱基93購07,0,0,0,0,0,0,0,0,0,-26000,0,0,0,10000,36000,-26000,-26000
04692P,大立光群益94售06,0,0,0,0,0,0,0,0,0,-26000,0,0,0,183000,209000,-26000,-26000
047022,聯發科元大93購07,0,0,0,0,0,0,0,0,0,-26000,0,0,0,15000,41000,-26000,-26000
049756,瀚宇博永豐94購01,0,0,0,0,0,0,0,0,0,-26000,0,0,0,99000,125000,-26000,-26000
050151,台積電群益94購12,0,0,0,0,0,0,0,0,0,-26000,0,0,0,10000,36000,-26000,-26000
04990P,臻鼎元大94售04  ,0,0,0,0,0,0,0,0,0,-26000,0,0,0,0,26000,-26000,-26000
049438,嘉晶國泰96購01  ,0,0,0,0,0,0,0,0,0,-26000,0,0,0,279000,305000,-26000,-26000
050863,聯發科永豐95購01,0,0,0,0,0,0,0,0,0,-26000,0,0,0,1000,27000,-26000,-26000
054670,康友元富97購01  ,0,0,0,0,0,0,0,0,0,-26000,0,0,0,0,26000,-26000,-26000
053757,聯發科國泰96購04,0,0,0,0,0,0,0,0,0,-26000,0,0,0,6000,32000,-26000,-26000
2727,王品            ,13000,40000,-27000,0,0,0,0,0,0,0,0,0,0,0,0,0,-27000
053045,國巨中信97購01  ,0,0,0,0,0,0,0,0,0,-27000,0,0,0,230000,257000,-27000,-27000
052280,聯發科凱基95購11,0,0,0,0,0,0,0,0,0,-27000,0,0,0,2000,29000,-27000,-27000
051503,玉晶光統一97購01,0,0,0,0,0,0,0,0,0,-27000,0,0,0,0,27000,-27000,-27000
051486,玉晶光凱基97購03,0,0,0,0,0,0,0,0,0,-27000,0,0,0,118000,145000,-27000,-27000
044181,鴻海元富91購02  ,0,0,0,0,0,0,0,0,0,-27000,0,0,0,0,27000,-27000,-27000
044195,台積電國票91購03,0,0,0,0,0,0,0,0,0,-27000,0,0,0,19000,46000,-27000,-27000
043701,大立光永豐91購02,0,0,0,0,0,0,0,0,0,-27000,0,0,0,0,27000,-27000,-27000
046929,大立光統一93購03,0,0,0,0,0,0,0,0,0,-27000,0,0,0,6000,33000,-27000,-27000
047938,台化國票93購01  ,0,0,0,0,0,0,0,0,0,-27000,0,0,0,5000,32000,-27000,-27000
046365,禾伸堂永豐92購02,0,0,0,0,0,0,0,0,0,-27000,0,0,0,30000,57000,-27000,-27000
048669,強茂永豐93購01  ,0,0,0,0,0,0,0,0,0,-27000,0,0,0,0,27000,-27000,-27000
045926,康控康和92購01  ,0,0,0,0,0,0,0,0,0,-27000,0,0,0,0,27000,-27000,-27000
050446,鴻海元大94購22  ,0,0,0,0,0,0,0,0,0,-27000,0,0,0,7000,34000,-27000,-27000
05043P,佳世達元富95售01,0,0,0,0,0,0,0,0,0,-27000,0,0,0,3000,30000,-27000,-27000
049501,台郡元大95購01  ,0,0,0,0,0,0,0,0,0,-27000,0,0,0,50000,77000,-27000,-27000
049991,臺股指凱基96購04,0,0,0,0,0,0,0,0,0,-27000,0,0,0,0,27000,-27000,-27000
050236,旺宏凱基94購06  ,0,0,0,0,0,0,0,0,0,-27000,0,0,0,25000,52000,-27000,-27000
049769,和鑫元富96購01  ,0,0,0,0,0,0,0,0,0,-27000,0,0,0,0,27000,-27000,-27000
049667,大立光國泰96購01,0,0,0,0,0,0,0,0,0,-27000,0,0,0,5000,32000,-27000,-27000
049590,華新科元大94購01,0,0,0,0,0,0,0,0,0,-27000,0,0,0,57000,84000,-27000,-27000
053818,富邦金群益98購01,0,0,0,0,0,0,0,0,0,-27000,0,0,0,4000,31000,-27000,-27000
8011,台通            ,72000,97000,-25000,0,0,0,0,0,0,-2000,0,2000,-2000,0,0,0,-27000
6283,淳安            ,52000,80000,-28000,0,0,0,0,0,0,1000,1000,0,1000,0,0,0,-27000
4942,嘉彰            ,204000,229000,-25000,0,0,0,0,0,0,-2000,0,2000,-2000,0,0,0,-27000
05697P,友達凱基96售01  ,0,0,0,0,0,0,0,0,0,-27000,0,0,0,76000,103000,-27000,-27000
054403,同欣電永豐96購02,0,0,0,0,0,0,0,0,0,-27000,0,0,0,109000,136000,-27000,-27000
052003,泰碩國泰97購02  ,0,0,0,0,0,0,0,0,0,-28000,0,0,0,27000,55000,-28000,-28000
052369,矽力國票96購02  ,0,0,0,0,0,0,0,0,0,-28000,0,0,0,14000,42000,-28000,-28000
053213,建準凱基96購02  ,0,0,0,0,0,0,0,0,0,-28000,0,0,0,79000,107000,-28000,-28000
2707,晶華            ,14000,47000,-33000,0,0,0,0,0,0,5000,6000,1000,5000,0,0,0,-28000
2059,川湖            ,15000,42000,-27000,0,0,0,0,0,0,-1000,2000,1000,1000,0,2000,-2000,-28000
045087,玉晶光元大95購01,0,0,0,0,0,0,0,0,0,-28000,0,0,0,48000,76000,-28000,-28000
045216,鴻海元大93購02  ,0,0,0,0,0,0,0,0,0,-28000,0,0,0,104000,132000,-28000,-28000
052912,日月光統一96購01,0,0,0,0,0,0,0,0,0,-28000,0,0,0,30000,58000,-28000,-28000
052884,台積電兆豐96購01,0,0,0,0,0,0,0,0,0,-28000,0,0,0,261000,289000,-28000,-28000
048540,百和國票93購01  ,0,0,0,0,0,0,0,0,0,-28000,0,0,0,0,28000,-28000,-28000
046062,遠東新凱基92購02,0,0,0,0,0,0,0,0,0,-28000,0,0,0,12000,40000,-28000,-28000
046897,康舒群益93購01  ,0,0,0,0,0,0,0,0,0,-28000,0,0,0,90000,118000,-28000,-28000
046638,台積電永豐93購01,0,0,0,0,0,0,0,0,0,-28000,0,0,0,2000,30000,-28000,-28000
049449,宏碁統一94購01  ,0,0,0,0,0,0,0,0,0,-28000,0,0,0,0,28000,-28000,-28000
049377,聯詠元大94購01  ,0,0,0,0,0,0,0,0,0,-28000,0,0,0,2000,30000,-28000,-28000
050329,超眾永豐94購03  ,0,0,0,0,0,0,0,0,0,-28000,0,0,0,71000,99000,-28000,-28000
050632,國巨群益94購07  ,0,0,0,0,0,0,0,0,0,-28000,0,0,0,73000,101000,-28000,-28000
051350,台積電元大95購14,0,0,0,0,0,0,0,0,0,-28000,0,0,0,203000,231000,-28000,-28000
051129,GIS群益95購01   ,0,0,0,0,0,0,0,0,0,-28000,0,0,0,126000,154000,-28000,-28000
051142,臺股指永豐95購02,0,0,0,0,0,0,0,0,0,-28000,0,0,0,6000,34000,-28000,-28000
05104P,智邦台新95售02  ,0,0,0,0,0,0,0,0,0,-28000,0,0,0,40000,68000,-28000,-28000
050886,台積電富邦95購04,0,0,0,0,0,0,0,0,0,-28000,0,0,0,0,28000,-28000,-28000
05433P,智原元富95售02  ,0,0,0,0,0,0,0,0,0,-28000,0,0,0,2000,30000,-28000,-28000
05664P,國巨凱基96售09  ,0,0,0,0,0,0,0,0,0,-28000,0,0,0,8000,36000,-28000,-28000
05636P,國巨永豐96售03  ,0,0,0,0,0,0,0,0,0,-28000,0,0,0,22000,50000,-28000,-28000
05595P,友達統一96售02  ,0,0,0,0,0,0,0,0,0,-28000,0,0,0,80000,108000,-28000,-28000
05949P,台積電國票96售09,0,0,0,0,0,0,0,0,0,-28000,0,0,0,142000,170000,-28000,-28000
5471,松翰            ,1000,28000,-27000,0,0,0,0,0,0,-1000,0,1000,-1000,0,0,0,-28000
053642,瀚宇博永豐96購01,0,0,0,0,0,0,0,0,0,-28000,0,0,0,9000,37000,-28000,-28000
053460,緯穎國泰97購01  ,0,0,0,0,0,0,0,0,0,-28000,0,0,0,16000,44000,-28000,-28000
054048,國泰金元大96購04,0,0,0,0,0,0,0,0,0,-28000,0,0,0,0,28000,-28000,-28000
051908,國泰金元大96購02,0,0,0,0,0,0,0,0,0,-29000,0,0,0,100000,129000,-29000,-29000
051491,貿聯凱基95購01  ,0,0,0,0,0,0,0,0,0,-29000,0,0,0,1000,30000,-29000,-29000
051577,台積電元大97購03,0,0,0,0,0,0,0,0,0,-29000,0,0,0,106000,135000,-29000,-29000
04819P,嘉澤永豐94售01  ,0,0,0,0,0,0,0,0,0,-29000,0,0,0,0,29000,-29000,-29000
047160,台郡國票94購01  ,0,0,0,0,0,0,0,0,0,-29000,0,0,0,306000,335000,-29000,-29000
047104,和大元大93購02  ,0,0,0,0,0,0,0,0,0,-29000,0,0,0,100000,129000,-29000,-29000
048791,智原元大94購02  ,0,0,0,0,0,0,0,0,0,-29000,0,0,0,348000,377000,-29000,-29000
048886,慧洋元富94購01  ,0,0,0,0,0,0,0,0,0,-29000,0,0,0,1000,30000,-29000,-29000
047353,台郡凱基93購03  ,0,0,0,0,0,0,0,0,0,-29000,0,0,0,10000,39000,-29000,-29000
051198,鴻海麥證95購02  ,0,0,0,1000,30000,-29000,0,0,0,-29000,0,0,0,1000,30000,-29000,-29000
051369,新光金富邦9A購01,0,0,0,0,0,0,0,0,0,-29000,0,0,0,1000,30000,-29000,-29000
050843,富邦金國票96購01,0,0,0,0,0,0,0,0,0,-29000,0,0,0,0,29000,-29000,-29000
050458,台郡元大94購03  ,0,0,0,0,0,0,0,0,0,-29000,0,0,0,40000,69000,-29000,-29000
054051,貿聯元大97購03  ,20000,0,20000,0,0,0,0,0,0,-49000,0,0,0,70000,119000,-49000,-29000
054215,創意國票97購02  ,0,0,0,0,0,0,0,0,0,-29000,0,0,0,14000,43000,-29000,-29000
054194,國巨麥證96購02  ,0,0,0,21000,43000,-22000,0,0,0,-29000,0,0,0,21000,50000,-29000,-29000
053789,彩晶元大9C購02  ,0,0,0,0,0,0,0,0,0,-29000,0,0,0,1000,30000,-29000,-29000
053550,聯發科凱基96購15,0,0,0,0,0,0,0,0,0,-29000,0,0,0,129000,158000,-29000,-29000
5269,祥碩            ,125000,144000,-19000,0,0,0,52000,73000,-21000,11000,13000,11000,2000,11000,2000,9000,-29000
6226,光鼎            ,54000,81000,-27000,0,0,0,0,0,0,-2000,0,2000,-2000,0,0,0,-29000
8104,錸寶            ,14000,43000,-29000,0,0,0,0,0,0,0,0,0,0,0,0,0,-29000
05878P,創意群益98售01  ,0,0,0,0,0,0,0,0,0,-29000,0,0,0,0,29000,-29000,-29000
054444,緯穎台新97購01  ,0,0,0,0,0,0,0,0,0,-29000,0,0,0,7000,36000,-29000,-29000
054534,台積電富邦98購03,0,0,0,0,0,0,0,0,0,-29000,0,0,0,85000,114000,-29000,-29000
051566,鴻海富邦95購05  ,0,0,0,0,0,0,0,0,0,-30000,0,0,0,0,30000,-30000,-30000
051886,道瓊反統一95購03,0,0,0,0,0,0,0,0,0,-30000,0,0,0,0,30000,-30000,-30000
051810,欣興凱基95購03  ,0,0,0,0,0,0,0,0,0,-30000,0,0,0,0,30000,-30000,-30000
052002,滬深2X國泰96購01,0,0,0,0,0,0,0,0,0,-30000,0,0,0,30000,60000,-30000,-30000
052383,臺股指元大95購29,0,0,0,0,0,0,0,0,0,-30000,0,0,0,0,30000,-30000,-30000
052362,瑞昱國票96購02  ,0,0,0,0,0,0,0,0,0,-30000,0,0,0,60000,90000,-30000,-30000
052300,力成台新95購01  ,0,0,0,0,0,0,0,0,0,-30000,0,0,0,0,30000,-30000,-30000
052413,上証反中信97購01,0,0,0,0,0,0,0,0,0,-30000,0,0,0,0,30000,-30000,-30000
052550,鴻海國票97購02  ,0,0,0,0,0,0,0,0,0,-30000,0,0,0,0,30000,-30000,-30000
05262P,台積電元大95售19,0,0,0,0,0,0,0,0,0,-30000,0,0,0,632000,662000,-30000,-30000
1340,勝悅-KY         ,7000,37000,-30000,0,0,0,0,0,0,0,0,0,0,0,0,0,-30000
053199,旺宏日盛96購01  ,0,0,0,0,0,0,0,0,0,-30000,0,0,0,0,30000,-30000,-30000
05318P,臺股指永昌95售03,0,0,0,0,0,0,0,0,0,-30000,0,0,0,14000,44000,-30000,-30000
053406,國巨兆豐96購02  ,0,0,0,0,0,0,0,0,0,-30000,0,0,0,40000,70000,-30000,-30000
052739,國巨元大96購04  ,0,0,0,0,0,0,0,0,0,-30000,0,0,0,0,30000,-30000,-30000
048236,A50正2國票97購02,0,0,0,0,0,0,0,0,0,-30000,0,0,0,0,30000,-30000,-30000
048176,美利達國泰94購01,0,0,0,0,0,0,0,0,0,-30000,0,0,0,180000,210000,-30000,-30000
048464,康控台新94購01  ,0,0,0,0,0,0,0,0,0,-30000,0,0,0,0,30000,-30000,-30000
048366,深中小統一93購02,0,0,0,0,0,0,0,0,0,-30000,0,0,0,10000,40000,-30000,-30000
045033,全新群益92購02  ,0,0,0,0,0,0,0,0,0,-30000,0,0,0,0,30000,-30000,-30000
045021,臺股指中信94購02,0,0,0,0,0,0,0,0,0,-30000,0,0,0,2000,32000,-30000,-30000
043729,和鑫國泰92購01  ,0,0,0,0,0,0,0,0,0,-30000,0,0,0,0,30000,-30000,-30000
04508P,臺股指元大94售03,0,0,0,0,0,0,0,0,0,-30000,0,0,0,50000,80000,-30000,-30000
044813,為升兆豐93購02  ,0,0,0,0,0,0,0,0,0,-30000,0,0,0,0,30000,-30000,-30000
044608,奇力新富邦93購01,0,0,0,0,0,0,0,0,0,-30000,0,0,0,10000,40000,-30000,-30000
044886,台表科群益91購06,0,0,0,0,0,0,0,0,0,-30000,0,0,0,10000,40000,-30000,-30000
04450P,京元電凱基94售01,0,0,0,0,0,0,0,0,0,-30000,0,0,0,0,30000,-30000,-30000
043992,康控元大93購02  ,0,0,0,0,0,0,0,0,0,-30000,0,0,0,57000,87000,-30000,-30000
043918,日月光凱基91購02,0,0,0,0,0,0,0,0,0,-30000,0,0,0,20000,50000,-30000,-30000
04161P,全新國泰94售01  ,0,0,0,0,0,0,0,0,0,-30000,0,0,0,0,30000,-30000,-30000
04183P,大成鋼統一93售03,0,0,0,0,0,0,0,0,0,-30000,0,0,0,0,30000,-30000,-30000
04188P,康控元富93售03  ,0,0,0,0,0,0,0,0,0,-30000,0,0,0,10000,40000,-30000,-30000
043425,禾伸堂國票91購01,0,0,0,0,0,0,0,0,0,-30000,0,0,0,0,30000,-30000,-30000
04046P,台積電元大93售24,0,0,0,0,0,0,0,0,0,-30000,0,0,0,200000,230000,-30000,-30000
04043P,復盛元富93售02  ,0,0,0,0,0,0,0,0,0,-30000,0,0,0,0,30000,-30000,-30000
03520P,臺股指國票02售09,0,0,0,0,0,0,0,0,0,-30000,0,0,0,0,30000,-30000,-30000
03257P,聯電永豐02售01  ,0,0,0,0,0,0,0,0,0,-30000,0,0,0,20000,50000,-30000,-30000
03271P,台積電群益02售06,0,0,0,0,0,0,0,0,0,-30000,0,0,0,10000,40000,-30000,-30000
03760P,華通統一93售01  ,0,0,0,0,0,0,0,0,0,-30000,0,0,0,0,30000,-30000,-30000
045642,致伸凱基92購02  ,0,0,0,0,0,0,0,0,0,-30000,0,0,0,30000,60000,-30000,-30000
045543,百和群益94購01  ,0,0,0,0,0,0,0,0,0,-30000,0,0,0,10000,40000,-30000,-30000
047221,日月光麥證93購01,0,0,0,20000,51000,-31000,0,0,0,-30000,0,0,0,21000,51000,-30000,-30000
047611,滬深2X群益93購02,0,0,0,0,0,0,0,0,0,-30000,0,0,0,0,30000,-30000,-30000
048610,華新科凱基94購04,0,0,0,0,0,0,0,0,0,-30000,0,0,0,0,30000,-30000,-30000
048603,中磊國票94購02  ,0,0,0,0,0,0,0,0,0,-30000,0,0,0,20000,50000,-30000,-30000
048776,正文凱基94購01  ,0,0,0,0,0,0,0,0,0,-30000,0,0,0,0,30000,-30000,-30000
052932,正文元大97購01  ,0,0,0,0,0,0,0,0,0,-30000,0,0,0,4000,34000,-30000,-30000
052950,超眾國票98購01  ,0,0,0,0,0,0,0,0,0,-30000,0,0,0,46000,76000,-30000,-30000
045966,聯詠凱基92購07  ,0,0,0,0,0,0,0,0,0,-30000,0,0,0,10000,40000,-30000,-30000
045820,京元電凱基92購04,0,0,0,0,0,0,0,0,0,-30000,0,0,0,120000,150000,-30000,-30000
047037,奇力新群益93購02,0,0,0,0,0,0,0,0,0,-30000,0,0,0,0,30000,-30000,-30000
046388,GIS凱基92購02   ,0,0,0,0,0,0,0,0,0,-30000,0,0,0,10000,40000,-30000,-30000
050352,欣興群益95購01  ,0,0,0,0,0,0,0,0,0,-30000,0,0,0,0,30000,-30000,-30000
050401,鎧勝中信94購01  ,0,0,0,0,0,0,0,0,0,-30000,0,0,0,0,30000,-30000,-30000
050306,聯發科中信97購01,0,0,0,0,0,0,0,0,0,-30000,0,0,0,0,30000,-30000,-30000
050275,緯穎元大94購10  ,0,0,0,0,0,0,0,0,0,-30000,0,0,0,4000,34000,-30000,-30000
050784,美律國泰96購01  ,0,0,0,0,0,0,0,0,0,-30000,0,0,0,101000,131000,-30000,-30000
051194,大立光中信96購02,0,0,0,0,0,0,0,0,0,-30000,0,0,0,0,30000,-30000,-30000
051302,可成凱基95購06  ,0,0,0,0,0,0,0,0,0,-30000,0,0,0,0,30000,-30000,-30000
05132P,鴻海元富95售07  ,0,0,0,0,0,0,0,0,0,-30000,0,0,0,0,30000,-30000,-30000
051199,鴻海麥證95購03  ,0,0,0,0,30000,-30000,0,0,0,-30000,0,0,0,0,30000,-30000,-30000
051080,全新富邦96購01  ,0,0,0,0,0,0,0,0,0,-30000,0,0,0,8000,38000,-30000,-30000
051023,S&P反1統一95購02,0,0,0,0,0,0,0,0,0,-30000,0,0,0,0,30000,-30000,-30000
049373,大立光元大94購11,0,0,0,0,0,0,0,0,0,-30000,0,0,0,11000,41000,-30000,-30000
04940P,台積電國票95售02,0,0,0,0,0,0,0,0,0,-30000,0,0,0,0,30000,-30000,-30000
049406,T50反1日盛97購01,0,0,0,0,0,0,0,0,0,-30000,0,0,0,0,30000,-30000,-30000
049500,聯茂元大94購04  ,0,0,0,0,0,0,0,0,0,-30000,0,0,0,0,30000,-30000,-30000
049493,可成元大94購05  ,0,0,0,0,0,0,0,0,0,-30000,0,0,0,20000,50000,-30000,-30000
049094,昇陽半凱基94購02,0,0,0,0,0,0,0,0,0,-30000,0,0,0,0,30000,-30000,-30000
049123,可成元富94購01  ,0,0,0,0,0,0,0,0,0,-30000,0,0,0,20000,50000,-30000,-30000
04959P,可成凱基94售14  ,0,0,0,0,0,0,0,0,0,-30000,0,0,0,7000,37000,-30000,-30000
049662,燿華永豐95購02  ,0,0,0,0,0,0,0,0,0,-30000,0,0,0,20000,50000,-30000,-30000
049680,臺股指國票94購13,0,0,0,0,0,0,0,0,0,-30000,0,0,0,0,30000,-30000,-30000
049759,元黃金富邦9A購01,0,0,0,0,0,0,0,0,0,-30000,0,0,0,10000,40000,-30000,-30000
049856,緯穎群益94購02  ,0,0,0,0,0,0,0,0,0,-30000,0,0,0,44000,74000,-30000,-30000
049815,緯穎元大94購06  ,0,0,0,0,0,0,0,0,0,-30000,0,0,0,42000,72000,-30000,-30000
050227,大立光中信96購01,0,0,0,0,0,0,0,0,0,-30000,0,0,0,0,30000,-30000,-30000
050198,緯穎元大94購09  ,0,0,0,0,0,0,0,0,0,-30000,0,0,0,8000,38000,-30000,-30000
050192,康控元大97購01  ,0,0,0,0,0,0,0,0,0,-30000,0,0,0,260000,290000,-30000,-30000
050115,群創元大96購01  ,0,0,0,0,0,0,0,0,0,-30000,0,0,0,33000,63000,-30000,-30000
054442,啟碁台新96購01  ,0,0,0,0,0,0,0,0,0,-30000,0,0,0,40000,70000,-30000,-30000
054323,旺宏台新96購02  ,0,0,0,0,0,0,0,0,0,-30000,0,0,0,40000,70000,-30000,-30000
05439P,聯發科國票95售06,0,0,0,0,0,0,0,0,0,-30000,0,0,0,0,30000,-30000,-30000
05838P,臺股指富邦96售05,0,0,0,0,0,0,0,0,0,-30000,0,0,0,10000,40000,-30000,-30000
06029P,聯發科台新96售02,0,0,0,0,0,0,0,0,0,-30000,0,0,0,4000,34000,-30000,-30000
08962P,大立光凱基03售05,0,0,0,0,0,0,0,0,0,-30000,0,0,0,20000,50000,-30000,-30000
8429,金麗-KY         ,42000,72000,-30000,0,0,0,0,0,0,0,0,0,0,0,0,0,-30000
4164,承業醫          ,15000,46000,-31000,0,0,0,0,0,0,1000,1000,0,1000,0,0,0,-30000
053443,智邦凱基97購01  ,0,0,0,0,0,0,0,0,0,-30000,0,0,0,26000,56000,-30000,-30000
053513,義隆群益96購05  ,0,0,0,0,0,0,0,0,0,-30000,0,0,0,0,30000,-30000,-30000
053912,T50反1國票97購02,0,0,0,0,0,0,0,0,0,-30000,0,0,0,0,30000,-30000,-30000
054269,台光電亞東98購01,0,0,0,0,0,0,0,0,0,-30000,0,0,0,0,30000,-30000,-30000
054111,緯穎凱基97購01  ,0,0,0,0,0,0,0,0,0,-30000,0,0,0,0,30000,-30000,-30000
054145,嘉聯益元大98購01,0,0,0,0,0,0,0,0,0,-30000,0,0,0,205000,235000,-30000,-30000
3060,銘異            ,31000,60000,-29000,0,0,0,0,0,0,-2000,0,2000,-2000,0,0,0,-31000
051987,廣達元大95購01  ,0,0,0,0,0,0,0,0,0,-31000,0,0,0,0,31000,-31000,-31000
051797,卜蜂永豐95購01  ,0,0,0,0,0,0,0,0,0,-31000,0,0,0,0,31000,-31000,-31000
051615,華通凱基96購01  ,0,0,0,0,0,0,0,0,0,-31000,0,0,0,0,31000,-31000,-31000
051718,上証2X永豐95購01,0,0,0,0,0,0,0,0,0,-31000,0,0,0,30000,61000,-31000,-31000
051642,鈺齊台新95購01  ,0,0,0,0,0,0,0,0,0,-31000,0,0,0,0,31000,-31000,-31000
04109P,臺股指永昌93售04,0,0,0,0,0,0,0,0,0,-31000,0,0,0,0,31000,-31000,-31000
044683,聯鈞凱基93購01  ,0,0,0,0,0,0,0,0,0,-31000,0,0,0,47000,78000,-31000,-31000
044808,聯茂凱基91購02  ,0,0,0,0,0,0,0,0,0,-31000,0,0,0,19000,50000,-31000,-31000
048395,南亞科國票93購02,0,0,0,0,0,0,0,0,0,-31000,0,0,0,391000,422000,-31000,-31000
047080,仁寶康和93購01  ,0,0,0,0,0,0,0,0,0,-31000,0,0,0,29000,60000,-31000,-31000
045937,臻鼎群益93購02  ,0,0,0,0,0,0,0,0,0,-31000,0,0,0,520000,551000,-31000,-31000
045935,台光電群益92購01,0,0,0,0,0,0,0,0,0,-31000,0,0,0,66000,97000,-31000,-31000
048882,智原統一96購01  ,0,0,0,0,0,0,0,0,0,-31000,0,0,0,868000,899000,-31000,-31000
047261,聯詠國票93購02  ,0,0,0,0,0,0,0,0,0,-31000,0,0,0,34000,65000,-31000,-31000
04908P,南電國票95售03  ,0,0,0,0,0,0,0,0,0,-31000,0,0,0,0,31000,-31000,-31000
049159,同欣電中信96購01,0,0,0,0,0,0,0,0,0,-31000,0,0,0,108000,139000,-31000,-31000
049312,亞光凱基94購02  ,0,0,0,0,0,0,0,0,0,-31000,0,0,0,3000,34000,-31000,-31000
051456,鈺齊元大95購01  ,0,0,0,0,0,0,0,0,0,-31000,0,0,0,0,31000,-31000,-31000
05078P,義隆永豐95售01  ,0,0,0,0,0,0,0,0,0,-31000,0,0,0,0,31000,-31000,-31000
050485,國巨統一96購01  ,0,0,0,0,0,0,0,0,0,-31000,0,0,0,22000,53000,-31000,-31000
054181,華新康和96購01  ,0,0,0,0,0,0,0,0,0,-31000,0,0,0,137000,168000,-31000,-31000
053474,聯發科元大97購06,0,0,0,0,0,0,0,0,0,-31000,0,0,0,931000,962000,-31000,-31000
053620,臺股指群益96購06,0,0,0,0,0,0,0,0,0,-31000,0,0,0,0,31000,-31000,-31000
05742P,可成元大96售04  ,0,0,0,0,0,0,0,0,0,-31000,0,0,0,0,31000,-31000,-31000
05648P,康控國票97售01  ,0,0,0,0,0,0,0,0,0,-31000,0,0,0,0,31000,-31000,-31000
051869,康控凱基96購01  ,0,0,0,0,0,0,0,0,0,-32000,0,0,0,0,32000,-32000,-32000
052644,聯發科永豐96購01,0,0,0,0,0,0,0,0,0,-32000,0,0,0,1000,33000,-32000,-32000
052350,鴻海統一96購06  ,0,0,0,0,0,0,0,0,0,-32000,0,0,0,0,32000,-32000,-32000
052099,臺股指富邦95購02,0,0,0,0,0,0,0,0,0,-32000,0,0,0,44000,76000,-32000,-32000
3533,嘉澤            ,200000,225000,-25000,0,0,0,1000,24000,-23000,16000,40000,29000,11000,22000,17000,5000,-32000
1447,力鵬            ,82000,114000,-32000,0,0,0,0,0,0,0,0,0,0,0,0,0,-32000
053280,群創元大9C購01  ,0,0,0,0,0,0,0,0,0,-32000,0,0,0,51000,83000,-32000,-32000
053277,大立光元大96購04,0,0,0,0,0,0,0,0,0,-32000,0,0,0,30000,62000,-32000,-32000
048196,聯發科元大93購24,0,0,0,0,0,0,0,0,0,-32000,0,0,0,0,32000,-32000,-32000
01002T,土銀國泰R1      ,24000,56000,-32000,0,0,0,0,0,0,0,0,0,0,0,0,0,-32000
0052,富邦科技        ,7000,6000,1000,0,0,0,0,0,0,-33000,0,0,0,74000,107000,-33000,-32000
048663,聯發科統一96購01,0,0,0,0,0,0,0,0,0,-32000,0,0,0,3000,35000,-32000,-32000
048818,台達電凱基94購01,0,0,0,0,0,0,0,0,0,-32000,0,0,0,0,32000,-32000,-32000
04581P,楠梓電康和94售03,0,0,0,0,0,0,0,0,0,-32000,0,0,0,0,32000,-32000,-32000
052949,智易國票97購02  ,0,0,0,0,0,0,0,0,0,-32000,0,0,0,0,32000,-32000,-32000
047794,臺股指群益93購05,0,0,0,0,0,0,0,0,0,-32000,0,0,0,3000,35000,-32000,-32000
047738,美律永豐93購02  ,0,0,0,0,0,0,0,0,0,-32000,0,0,0,68000,100000,-32000,-32000
047447,台郡元大94購02  ,0,0,0,0,0,0,0,0,0,-32000,0,0,0,64000,96000,-32000,-32000
05073P,臺股指中信95售09,0,0,0,0,0,0,0,0,0,-32000,0,0,0,10000,42000,-32000,-32000
05056P,訊芯群益95售01  ,0,0,0,0,0,0,0,0,0,-32000,0,0,0,28000,60000,-32000,-32000
051411,聯發科國票95購05,0,0,0,0,0,0,0,0,0,-32000,0,0,0,65000,97000,-32000,-32000
051148,聯發科凱基95購06,0,0,0,0,0,0,0,0,0,-32000,0,0,0,2000,34000,-32000,-32000
049260,華新科元大96購01,0,0,0,0,0,0,0,0,0,-32000,0,0,0,53000,85000,-32000,-32000
049040,亞光兆豐95購01  ,0,0,0,0,0,0,0,0,0,-32000,0,0,0,8000,40000,-32000,-32000
049420,日電貿凱基94購01,0,0,0,0,0,0,0,0,0,-32000,0,0,0,0,32000,-32000,-32000
05703P,矽力群益96售03  ,0,0,0,0,0,0,0,0,0,-32000,0,0,0,310000,342000,-32000,-32000
05784P,臺股指元大96售18,0,0,0,0,0,0,0,0,0,-32000,0,0,0,0,32000,-32000,-32000
054371,台積電中信9C購01,0,0,0,0,0,0,0,0,0,-32000,0,0,0,25000,57000,-32000,-32000
054197,台積電永昌96購07,0,0,0,0,0,0,0,0,0,-32000,0,0,0,1545000,1577000,-32000,-32000
054212,聯詠國票97購03  ,0,0,0,0,0,0,0,0,0,-32000,0,0,0,81000,113000,-32000,-32000
05431P,台光電統一97售01,0,0,0,0,0,0,0,0,0,-32000,0,0,0,21000,53000,-32000,-32000
054147,GIS元大96購02   ,0,0,0,0,0,0,0,0,0,-32000,0,0,0,106000,138000,-32000,-32000
054156,聯電亞東98購01  ,0,0,0,0,0,0,0,0,0,-32000,0,0,0,1000,33000,-32000,-32000
2399,映泰            ,311000,346000,-35000,0,0,0,0,0,0,2000,4000,2000,2000,0,0,0,-33000
2453,凌群            ,29000,62000,-33000,0,0,0,0,0,0,0,0,0,0,0,0,0,-33000
052607,大立光元大96購03,0,0,0,0,0,0,0,0,0,-33000,0,0,0,46000,79000,-33000,-33000
052677,景碩富邦97購01  ,0,0,0,0,0,0,0,0,0,-33000,0,0,0,83000,116000,-33000,-33000
051911,大立光元大98購02,0,0,0,0,0,0,0,0,0,-33000,0,0,0,40000,73000,-33000,-33000
052092,貿聯元大96購02  ,0,0,0,0,0,0,0,0,0,-33000,0,0,0,513000,546000,-33000,-33000
051678,鈺齊元大95購02  ,0,0,0,0,0,0,0,0,0,-33000,0,0,0,0,33000,-33000,-33000
043611,台積電群益92購03,0,0,0,0,0,0,0,0,0,-33000,0,0,0,153000,186000,-33000,-33000
047878,日股2X中信95購01,0,0,0,0,0,0,0,0,0,-33000,0,0,0,0,33000,-33000,-33000
04568P,瑞昱兆豐94售02  ,0,0,0,0,0,0,0,0,0,-33000,0,0,0,0,33000,-33000,-33000
048677,智伸科國泰94購01,0,0,0,0,0,0,0,0,0,-33000,0,0,0,93000,126000,-33000,-33000
045566,南寶國泰93購01  ,0,0,0,0,0,0,0,0,0,-33000,0,0,0,0,33000,-33000,-33000
04997P,燿華台新95售02  ,0,0,0,0,0,0,0,0,0,-33000,0,0,0,0,33000,-33000,-33000
048940,晶相光永豐94購01,0,0,0,0,0,0,0,0,0,-33000,0,0,0,476000,509000,-33000,-33000
050356,緯穎群益94購05  ,0,0,0,0,0,0,0,0,0,-33000,0,0,0,43000,76000,-33000,-33000
053592,亞光元大96購01  ,0,0,0,0,0,0,0,0,0,-33000,0,0,0,21000,54000,-33000,-33000
9188,精熙-DR         ,0,33000,-33000,0,0,0,0,0,0,0,0,0,0,0,0,0,-33000
054389,為升元富96購02  ,0,0,0,0,0,0,0,0,0,-33000,0,0,0,77000,110000,-33000,-33000
054327,亞光台新96購02  ,0,0,0,0,0,0,0,0,0,-33000,0,0,0,19000,52000,-33000,-33000
06032P,健策群益97售03  ,0,0,0,0,0,0,0,0,0,-33000,0,0,0,0,33000,-33000,-33000
06013P,世芯國泰97售03  ,0,0,0,0,0,0,0,0,0,-33000,0,0,0,0,33000,-33000,-33000
051762,國泰金元大95購01,0,0,0,0,0,0,0,0,0,-34000,0,0,0,137000,171000,-34000,-34000
051994,瀚宇博元大96購01,0,0,0,0,0,0,0,0,0,-34000,0,0,0,8000,42000,-34000,-34000
051937,廣達群益95購01  ,0,0,0,0,0,0,0,0,0,-34000,0,0,0,13000,47000,-34000,-34000
051927,國巨中信96購01  ,0,0,0,0,0,0,0,0,0,-34000,0,0,0,0,34000,-34000,-34000
051866,聯發科凱基96購05,0,0,0,0,0,0,0,0,0,-34000,0,0,0,12000,46000,-34000,-34000
052107,台積電統一95購06,0,0,0,0,0,0,0,0,0,-34000,0,0,0,135000,169000,-34000,-34000
052173,廣達元大95購02  ,0,0,0,0,0,0,0,0,0,-34000,0,0,0,7000,41000,-34000,-34000
045420,台積電凱基92購07,0,0,0,0,0,0,0,0,0,-34000,0,0,0,0,34000,-34000,-34000
040744,滬深2X國票94購01,0,0,0,0,0,0,0,0,0,-34000,0,0,0,0,34000,-34000,-34000
043424,奇力新國票91購01,0,0,0,0,0,0,0,0,0,-34000,0,0,0,62000,96000,-34000,-34000
045202,力成凱基92購01  ,0,0,0,0,0,0,0,0,0,-34000,0,0,0,34000,68000,-34000,-34000
047954,漢唐永豐93購02  ,0,0,0,0,0,0,0,0,0,-34000,0,0,0,25000,59000,-34000,-34000
048503,百和元大93購02  ,0,0,0,0,0,0,0,0,0,-34000,0,0,0,31000,65000,-34000,-34000
050467,力成中信94購01  ,0,0,0,0,0,0,0,0,0,-34000,0,0,0,20000,54000,-34000,-34000
051104,鈺齊元大96購01  ,0,0,0,0,0,0,0,0,0,-34000,0,0,0,6000,40000,-34000,-34000
050045,祥碩兆豐94購01  ,0,0,0,0,0,0,0,0,0,-34000,0,0,0,66000,100000,-34000,-34000
049955,崇越群益95購01  ,0,0,0,0,0,0,0,0,0,-34000,0,0,0,6000,40000,-34000,-34000
049404,訊芯群益94購02  ,0,0,0,0,0,0,0,0,0,-34000,0,0,0,90000,124000,-34000,-34000
049508,上銀凱基94購04  ,0,0,0,0,0,0,0,0,0,-34000,0,0,0,40000,74000,-34000,-34000
048868,劍麟國票94購01  ,0,0,0,0,0,0,0,0,0,-34000,0,0,0,5000,39000,-34000,-34000
05995P,T50正2中信9C售01,0,0,0,0,0,0,0,0,0,-34000,0,0,0,1000,35000,-34000,-34000
05953P,台積電國票98售02,0,0,0,0,0,0,0,0,0,-34000,0,0,0,1000,35000,-34000,-34000
054369,鴻海中信9C購01  ,0,0,0,0,0,0,0,0,0,-34000,0,0,0,6000,40000,-34000,-34000
054567,拓凱群益98購01  ,0,0,0,0,0,0,0,0,0,-34000,0,0,0,0,34000,-34000,-34000
05591P,義隆群益96售03  ,0,0,0,0,0,0,0,0,0,-34000,0,0,0,0,34000,-34000,-34000
052502,瀚宇博永豐95購02,0,0,0,0,0,0,0,0,0,-35000,0,0,0,0,35000,-35000,-35000
051556,台表科永豐96購01,0,0,0,0,0,0,0,0,0,-35000,0,0,0,10000,45000,-35000,-35000
05147P,鴻海元大95售11  ,0,0,0,0,0,0,0,0,0,-35000,0,0,0,86000,121000,-35000,-35000
051493,台郡凱基95購02  ,0,0,0,0,0,0,0,0,0,-35000,0,0,0,14000,49000,-35000,-35000
3532,台勝科          ,187000,124000,63000,0,0,0,0,0,0,-98000,6000,3000,3000,9000,110000,-101000,-35000
1760,寶齡富錦        ,22000,51000,-29000,0,0,0,0,0,0,-6000,0,0,0,0,6000,-6000,-35000
052741,聯發科元大96購08,0,0,0,0,0,0,0,0,0,-35000,0,0,0,72000,107000,-35000,-35000
053119,日月光中信97購01,0,0,0,0,0,0,0,0,0,-35000,0,0,0,50000,85000,-35000,-35000
044424,儒鴻國泰92購01  ,0,0,0,0,0,0,0,0,0,-35000,0,0,0,185000,220000,-35000,-35000
03417P,瑞昱群益04售01  ,0,0,0,0,0,0,0,0,0,-35000,0,0,0,10000,45000,-35000,-35000
048186,元黃金元大96購01,0,0,0,0,0,0,0,0,0,-35000,0,0,0,0,35000,-35000,-35000
048280,康普永豐93購01  ,0,0,0,0,0,0,0,0,0,-35000,0,0,0,0,35000,-35000,-35000
048423,聯發科元富93購02,0,0,0,0,0,0,0,0,0,-35000,0,0,0,5000,40000,-35000,-35000
04832P,為升元大94售09  ,0,0,0,0,0,0,0,0,0,-35000,0,0,0,0,35000,-35000,-35000
048480,FB上証中信94購01,0,0,0,0,0,0,0,0,0,-35000,0,0,0,10000,45000,-35000,-35000
04772P,欣興元大94售08  ,0,0,0,0,0,0,0,0,0,-35000,0,0,0,15000,50000,-35000,-35000
047010,聯詠統一93購05  ,0,0,0,0,0,0,0,0,0,-35000,0,0,0,0,35000,-35000,-35000
045738,強茂群益92購01  ,0,0,0,0,0,0,0,0,0,-35000,0,0,0,0,35000,-35000,-35000
046618,南亞科凱基93購01,0,0,0,0,0,0,0,0,0,-35000,0,0,0,14000,49000,-35000,-35000
048808,美律亞東94購01  ,0,0,0,0,0,0,0,0,0,-35000,0,0,0,5000,40000,-35000,-35000
049271,百和元大94購01  ,0,0,0,0,0,0,0,0,0,-35000,0,0,0,19000,54000,-35000,-35000
049965,矽創元富94購01  ,0,0,0,0,0,0,0,0,0,-35000,0,0,0,20000,55000,-35000,-35000
04975P,華新科凱基96售02,0,0,0,0,0,0,0,0,0,-35000,0,0,0,0,35000,-35000,-35000
050963,強茂永豐95購01  ,0,0,0,0,0,0,0,0,0,-35000,0,0,0,0,35000,-35000,-35000
051322,國泰金國票96購01,0,0,0,0,0,0,0,0,0,-35000,0,0,0,0,35000,-35000,-35000
050502,聯發科凱基94購21,0,0,0,0,0,0,0,0,0,-35000,0,0,0,33000,68000,-35000,-35000
05068P,鴻海統一95售06  ,0,0,0,0,0,0,0,0,0,-35000,0,0,0,217000,252000,-35000,-35000
050758,聯發科元富9B購01,0,0,0,0,0,0,0,0,0,-35000,0,0,0,3000,38000,-35000,-35000
054660,禾伸堂元大97購03,0,0,0,0,0,0,0,0,0,-35000,0,0,0,6000,41000,-35000,-35000
054367,鴻海中信98購03  ,0,0,0,0,0,0,0,0,0,-35000,0,0,0,0,35000,-35000,-35000
06036P,台表科凱基96售04,0,0,0,0,0,0,0,0,0,-35000,0,0,0,0,35000,-35000,-35000
054013,聯發科永豐96購02,0,0,0,0,0,0,0,0,0,-35000,0,0,0,0,35000,-35000,-35000
052250,光磊永豐95購01  ,0,0,0,0,0,0,0,0,0,-36000,0,0,0,42000,78000,-36000,-36000
052347,GIS凱基95購05   ,0,0,0,0,0,0,0,0,0,-36000,0,0,0,30000,66000,-36000,-36000
044693,滬深2X元大94購01,0,0,0,0,0,0,0,0,0,-36000,0,0,0,725000,761000,-36000,-36000
044610,A50正2兆豐93購01,0,0,0,0,0,0,0,0,0,-36000,0,0,0,27000,63000,-36000,-36000
03423B,臺股指元大94熊29,0,0,0,0,0,0,0,0,0,-36000,0,0,0,10000,46000,-36000,-36000
03712P,京元電統一93售02,0,0,0,0,0,0,0,0,0,-36000,0,0,0,59000,95000,-36000,-36000
042191,元油2X富邦93購01,0,0,0,0,0,0,0,0,0,-36000,0,0,0,60000,96000,-36000,-36000
045798,華邦電亞東93購02,0,0,0,0,0,0,0,0,0,-36000,0,0,0,108000,144000,-36000,-36000
047270,元油2X永豐94購02,0,0,0,0,0,0,0,0,0,-36000,0,0,0,0,36000,-36000,-36000
047760,元油反元大96購03,0,0,0,0,0,0,0,0,0,-36000,0,0,0,0,36000,-36000,-36000
047788,欣興群益93購05  ,0,0,0,0,0,0,0,0,0,-36000,0,0,0,944000,980000,-36000,-36000
047095,聯詠麥證93購01  ,0,0,0,50000,86000,-36000,0,0,0,-36000,0,0,0,50000,86000,-36000,-36000
05122P,鴻海永昌96售06  ,0,0,0,0,0,0,0,0,0,-36000,0,0,0,615000,651000,-36000,-36000
049857,緯穎群益94購03  ,0,0,0,0,0,0,0,0,0,-36000,0,0,0,46000,82000,-36000,-36000
049507,和大凱基94購01  ,0,0,0,0,0,0,0,0,0,-36000,0,0,0,119000,155000,-36000,-36000
053868,群創元大99購02  ,0,0,0,0,0,0,0,0,0,-36000,0,0,0,0,36000,-36000,-36000
053641,正文永豐96購01  ,0,0,0,0,0,0,0,0,0,-36000,0,0,0,0,36000,-36000,-36000
06030P,友達兆豐96售02  ,0,0,0,0,0,0,0,0,0,-36000,0,0,0,60000,96000,-36000,-36000
06047P,聯發科富邦99售04,0,0,0,0,0,0,0,0,0,-36000,0,0,0,0,36000,-36000,-36000
054605,鴻海永豐97購01  ,0,0,0,0,0,0,0,0,0,-36000,0,0,0,22000,58000,-36000,-36000
05603P,聯發科元大96售09,0,0,0,0,0,0,0,0,0,-36000,0,0,0,0,36000,-36000,-36000
046102,健鼎永豐92購01  ,0,0,0,0,0,0,0,0,0,-37000,0,0,0,0,37000,-37000,-37000
046771,聯發科國泰94購02,0,0,0,0,0,0,0,0,0,-37000,0,0,0,3000,40000,-37000,-37000
047389,義隆元大94購01  ,0,0,0,0,0,0,0,0,0,-37000,0,0,0,0,37000,-37000,-37000
045960,聯發科凱基92購01,0,0,0,0,0,0,0,0,0,-37000,0,0,0,57000,94000,-37000,-37000
049246,大成鋼元大94購02,0,0,0,0,0,0,0,0,0,-37000,0,0,0,0,37000,-37000,-37000
05084P,嘉聯益永豐95售02,0,0,0,0,0,0,0,0,0,-37000,0,0,0,0,37000,-37000,-37000
050718,茂林群益94購04  ,0,0,0,0,0,0,0,0,0,-37000,0,0,0,10000,47000,-37000,-37000
05928P,華邦電康和96售01,0,0,0,0,0,0,0,0,0,-37000,0,0,0,41000,78000,-37000,-37000
6525,捷敏-KY         ,39000,71000,-32000,0,0,0,0,0,0,-5000,0,1000,-1000,0,4000,-4000,-37000
05412P,泰碩國票95售02  ,0,0,0,0,0,0,0,0,0,-37000,0,0,0,3000,40000,-37000,-37000
052547,光磊兆豐96購01  ,0,0,0,0,0,0,0,0,0,-38000,0,0,0,0,38000,-38000,-38000
051681,日月光兆豐95購01,0,0,0,0,0,0,0,0,0,-38000,0,0,0,32000,70000,-38000,-38000
052011,欣興中信96購01  ,0,0,0,0,0,0,0,0,0,-38000,0,0,0,0,38000,-38000,-38000
3149,正達            ,27000,64000,-37000,0,0,0,0,0,0,-1000,0,1000,-1000,0,0,0,-38000
044821,瑞儀兆豐93購03  ,0,0,0,0,0,0,0,0,0,-38000,0,0,0,0,38000,-38000,-38000
03963P,啟碁康和93售01  ,0,0,0,0,0,0,0,0,0,-38000,0,0,0,0,38000,-38000,-38000
03444P,道瓊銀群益02售04,0,0,0,0,0,0,0,0,0,-38000,0,0,0,0,38000,-38000,-38000
047123,中石化中信95購01,0,0,0,0,0,0,0,0,0,-38000,0,0,0,201000,239000,-38000,-38000
046322,群創元大92購08  ,0,0,0,0,0,0,0,0,0,-38000,0,0,0,3000,41000,-38000,-38000
050453,創意元大95購03  ,0,0,0,0,0,0,0,0,0,-38000,0,0,0,22000,60000,-38000,-38000
051283,亞德客統一95購01,0,0,0,0,0,0,0,0,0,-38000,0,0,0,146000,184000,-38000,-38000
049210,昇陽半群益94購02,0,0,0,0,0,0,0,0,0,-38000,0,0,0,19000,57000,-38000,-38000
04914P,國巨國泰95售06  ,0,0,0,0,0,0,0,0,0,-38000,0,0,0,185000,223000,-38000,-38000
049156,緯穎元大96購01  ,0,0,0,0,0,0,0,0,0,-38000,0,0,0,218000,256000,-38000,-38000
049835,緯穎凱基94購05  ,0,0,0,0,0,0,0,0,0,-38000,0,0,0,50000,88000,-38000,-38000
049586,正崴元大94購01  ,0,0,0,0,0,0,0,0,0,-38000,0,0,0,108000,146000,-38000,-38000
049600,緯穎元大95購02  ,0,0,0,0,0,0,0,0,0,-38000,0,0,0,153000,191000,-38000,-38000
049705,緯穎元大94購05  ,0,0,0,0,0,0,0,0,0,-38000,0,0,0,124000,162000,-38000,-38000
05010P,台郡元富95售01  ,0,0,0,0,0,0,0,0,0,-38000,0,0,0,0,38000,-38000,-38000
053727,麗豐凱基97購01  ,0,0,0,0,0,0,0,0,0,-38000,0,0,0,92000,130000,-38000,-38000
053453,新光金統一98購01,0,0,0,0,0,0,0,0,0,-38000,0,0,0,64000,102000,-38000,-38000
053507,百和兆豐96購01  ,0,0,0,0,0,0,0,0,0,-38000,0,0,0,3000,41000,-38000,-38000
05899P,臺股指凱基96售30,0,0,0,0,0,0,0,0,0,-38000,0,0,0,1000,39000,-38000,-38000
05807P,泰鼎永豐96售03  ,0,0,0,0,0,0,0,0,0,-38000,0,0,0,0,38000,-38000,-38000
05757P,旺宏永豐96售03  ,0,0,0,0,0,0,0,0,0,-38000,0,0,0,0,38000,-38000,-38000
3050,鈺德            ,44000,83000,-39000,0,0,0,0,0,0,0,0,0,0,0,0,0,-39000
1592,英瑞-KY         ,20000,59000,-39000,0,0,0,0,0,0,0,0,0,0,0,0,0,-39000
05206P,南茂元大95售01  ,0,0,0,0,0,0,0,0,0,-39000,0,0,0,0,39000,-39000,-39000
05202P,鴻海元大95售16  ,0,0,0,0,0,0,0,0,0,-39000,0,0,0,10000,49000,-39000,-39000
051594,和碩元大96購01  ,0,0,0,0,0,0,0,0,0,-39000,0,0,0,1000,40000,-39000,-39000
052594,友訊群益98購01  ,0,0,0,0,0,0,0,0,0,-39000,0,0,0,37000,76000,-39000,-39000
03580P,玉晶光永豐02售06,0,0,0,0,0,0,0,0,0,-39000,0,0,0,1000,40000,-39000,-39000
045205,鈺齊凱基92購01  ,0,0,0,0,0,0,0,0,0,-39000,0,0,0,0,39000,-39000,-39000
048324,訊芯凱基93購03  ,0,0,0,0,0,0,0,0,0,-39000,0,0,0,1000,40000,-39000,-39000
048223,微星凱基93購02  ,0,0,0,0,0,0,0,0,0,-39000,0,0,0,4000,43000,-39000,-39000
046803,可成元大93購03  ,0,0,0,0,0,0,0,0,0,-39000,0,0,0,11000,50000,-39000,-39000
050132,日電貿凱基94購02,0,0,0,0,0,0,0,0,0,-39000,0,0,0,9000,48000,-39000,-39000
049934,緯穎元大94購08  ,0,0,0,0,0,0,0,0,0,-39000,0,0,0,61000,100000,-39000,-39000
049154,玉晶光元大95購02,0,0,0,0,0,0,0,0,0,-39000,0,0,0,469000,508000,-39000,-39000
048863,超眾群益94購01  ,0,0,0,0,0,0,0,0,0,-39000,0,0,0,123000,162000,-39000,-39000
049387,緯穎元大94購03  ,0,0,0,0,0,0,0,0,0,-39000,0,0,0,118000,157000,-39000,-39000
05801P,正崴兆豐96售01  ,0,0,0,0,0,0,0,0,0,-39000,0,0,0,48000,87000,-39000,-39000
054416,禾伸堂元大97購01,0,0,0,0,0,0,0,0,0,-39000,0,0,0,65000,104000,-39000,-39000
05911P,南亞科永豐96售03,0,0,0,0,0,0,0,0,0,-39000,0,0,0,1000,40000,-39000,-39000
06019P,緯穎凱基96售03  ,0,0,0,0,0,0,0,0,0,-39000,0,0,0,13000,52000,-39000,-39000
053580,國巨元大96購10  ,0,0,0,0,0,0,0,0,0,-39000,0,0,0,112000,151000,-39000,-39000
4725,信昌化          ,34000,71000,-37000,0,0,0,0,0,0,-2000,0,2000,-2000,0,0,0,-39000
054308,嘉晶凱基98購01  ,0,0,0,0,0,0,0,0,0,-39000,0,0,0,31000,70000,-39000,-39000
054276,國巨群益96購07  ,0,0,0,0,0,0,0,0,0,-39000,0,0,0,70000,109000,-39000,-39000
05259P,臺股指凱基96售12,0,0,0,0,0,0,0,0,0,-40000,0,0,0,0,40000,-40000,-40000
052664,麗豐國票96購02  ,0,0,0,0,0,0,0,0,0,-40000,0,0,0,10000,50000,-40000,-40000
052697,滬深2X國票98購01,0,0,0,0,0,0,0,0,0,-40000,0,0,0,0,40000,-40000,-40000
052560,康舒國票97購01  ,0,0,0,0,0,0,0,0,0,-40000,0,0,0,0,40000,-40000,-40000
051709,TPK群益95購02   ,0,0,0,0,0,0,0,0,0,-40000,0,0,0,78000,118000,-40000,-40000
052018,京鼎永豐95購02  ,0,0,0,0,0,0,0,0,0,-40000,0,0,0,51000,91000,-40000,-40000
051959,台郡台新95購03  ,0,0,0,0,0,0,0,0,0,-40000,0,0,0,0,40000,-40000,-40000
3545,敦泰            ,244000,281000,-37000,0,0,0,0,0,0,-3000,0,3000,-3000,0,0,0,-40000
2436,偉詮電          ,34000,71000,-37000,0,0,0,0,0,0,-3000,0,3000,-3000,0,0,0,-40000
053341,聯發科國票97購03,0,0,0,0,0,0,0,0,0,-40000,0,0,0,0,40000,-40000,-40000
04821P,臺股指永豐94售01,0,0,0,0,0,0,0,0,0,-40000,0,0,0,0,40000,-40000,-40000
048415,深中小統一93購03,0,0,0,0,0,0,0,0,0,-40000,0,0,0,0,40000,-40000,-40000
04383P,泰鼎國泰95售01  ,0,0,0,0,0,0,0,0,0,-40000,0,0,0,0,40000,-40000,-40000
044805,旭富凱基93購01  ,0,0,0,0,0,0,0,0,0,-40000,0,0,0,0,40000,-40000,-40000
045479,T50反1中信95購01,0,0,0,0,0,0,0,0,0,-40000,0,0,0,0,40000,-40000,-40000
044570,智邦凱基91購06  ,0,0,0,0,0,0,0,0,0,-40000,0,0,0,40000,80000,-40000,-40000
044217,華新科凱基93購03,0,0,0,0,0,0,0,0,0,-40000,0,0,0,20000,60000,-40000,-40000
044127,義隆凱基91購04  ,0,0,0,0,0,0,0,0,0,-40000,0,0,0,0,40000,-40000,-40000
044699,華新科元大91購10,0,0,0,0,0,0,0,0,0,-40000,0,0,0,0,40000,-40000,-40000
043538,元石油國票97購01,0,0,0,0,0,0,0,0,0,-40000,0,0,0,0,40000,-40000,-40000
045206,創意國泰93購02  ,0,0,0,0,0,0,0,0,0,-40000,0,0,0,100000,140000,-40000,-40000
04529P,正文凱基94售04  ,0,0,0,0,0,0,0,0,0,-40000,0,0,0,120000,160000,-40000,-40000
042445,上証2X凱基92購04,0,0,0,0,0,0,0,0,0,-40000,0,0,0,160000,200000,-40000,-40000
04321P,國巨元大93售12  ,0,0,0,0,0,0,0,0,0,-40000,0,0,0,0,40000,-40000,-40000
04107P,元黃金中信94售01,0,0,0,0,0,0,0,0,0,-40000,0,0,0,0,40000,-40000,-40000
041908,可成元大92購01  ,0,0,0,0,0,0,0,0,0,-40000,0,0,0,0,40000,-40000,-40000
03175P,台積電國票03售04,0,0,0,0,0,0,0,0,0,-40000,0,0,0,0,40000,-40000,-40000
046854,可成元大93購04  ,0,0,0,0,0,0,0,0,0,-40000,0,0,0,10000,50000,-40000,-40000
046725,可成元大93購02  ,0,0,0,0,0,0,0,0,0,-40000,0,0,0,10000,50000,-40000,-40000
046899,鴻海凱基93購21  ,0,0,0,0,0,0,0,0,0,-40000,0,0,0,17000,57000,-40000,-40000
046584,可成元大92購11  ,0,0,0,0,0,0,0,0,0,-40000,0,0,0,10000,50000,-40000,-40000
047411,康控元富93購02  ,0,0,0,0,0,0,0,0,0,-40000,0,0,0,10000,50000,-40000,-40000
04850P,全新永豐94售03  ,0,0,0,0,0,0,0,0,0,-40000,0,0,0,0,40000,-40000,-40000
047025,可成元大93購05  ,0,0,0,0,0,0,0,0,0,-40000,0,0,0,10000,50000,-40000,-40000
047739,致伸永豐93購01  ,0,0,0,0,0,0,0,0,0,-40000,0,0,0,0,40000,-40000,-40000
047729,聯茂群益93購02  ,0,0,0,0,0,0,0,0,0,-40000,0,0,0,10000,50000,-40000,-40000
046202,台表科凱基93購04,0,0,0,0,0,0,0,0,0,-40000,0,0,0,10000,50000,-40000,-40000
046110,中環元大92購01  ,0,0,0,0,0,0,0,0,0,-40000,0,0,0,0,40000,-40000,-40000
04738P,揚明光永豐94售03,0,0,0,0,0,0,0,0,0,-40000,0,0,0,20000,60000,-40000,-40000
048040,百和凱基93購07  ,0,0,0,0,0,0,0,0,0,-40000,0,0,0,0,40000,-40000,-40000
047362,奇力新群益93購03,0,0,0,0,0,0,0,0,0,-40000,0,0,0,0,40000,-40000,-40000
047969,台達電富邦97購01,0,0,0,0,0,0,0,0,0,-40000,0,0,0,73000,113000,-40000,-40000
04757P,元油2X凱基94售04,0,0,0,0,0,0,0,0,0,-40000,0,0,0,10000,50000,-40000,-40000
047580,TPK群益94購01   ,0,0,0,0,0,0,0,0,0,-40000,0,0,0,0,40000,-40000,-40000
047526,可成元大93購08  ,0,0,0,0,0,0,0,0,0,-40000,0,0,0,10000,50000,-40000,-40000
049563,華新統一95購01  ,0,0,0,0,0,0,0,0,0,-40000,0,0,0,30000,70000,-40000,-40000
048978,晶相光元大94購02,0,0,0,0,0,0,0,0,0,-40000,0,0,0,245000,285000,-40000,-40000
048930,慧洋永豐94購01  ,0,0,0,0,0,0,0,0,0,-40000,0,0,0,0,40000,-40000,-40000
049478,祥碩永豐94購02  ,0,0,0,0,0,0,0,0,0,-40000,0,0,0,5000,45000,-40000,-40000
049558,深中小統一94購04,0,0,0,0,0,0,0,0,0,-40000,0,0,0,0,40000,-40000,-40000
049295,全新群益94購02  ,0,0,0,0,0,0,0,0,0,-40000,0,0,0,67000,107000,-40000,-40000
05009P,大立光元富95售06,0,0,0,0,0,0,0,0,0,-40000,0,0,0,15000,55000,-40000,-40000
049585,旺宏元大95購02  ,0,0,0,0,0,0,0,0,0,-40000,0,0,0,108000,148000,-40000,-40000
04977P,力成凱基96售01  ,0,0,0,0,0,0,0,0,0,-40000,0,0,0,0,40000,-40000,-40000
051333,義隆永豐95購02  ,0,0,0,0,0,0,0,0,0,-40000,0,0,0,0,40000,-40000,-40000
051386,富邦金麥證96購01,0,0,0,0,40000,-40000,0,0,0,-40000,0,0,0,0,40000,-40000,-40000
051347,國巨元大95購06  ,0,0,0,0,0,0,0,0,0,-40000,0,0,0,0,40000,-40000,-40000
051105,台光電國票96購01,0,0,0,0,0,0,0,0,0,-40000,0,0,0,0,40000,-40000,-40000
051071,聯發科國票96購01,0,0,0,0,0,0,0,0,0,-40000,0,0,0,10000,50000,-40000,-40000
050444,卜蜂元大94購03  ,0,0,0,0,0,0,0,0,0,-40000,0,0,0,6000,46000,-40000,-40000
050642,和大凱基94購03  ,0,0,0,0,0,0,0,0,0,-40000,0,0,0,63000,103000,-40000,-40000
054242,元油反元大98購02,0,0,0,0,0,0,0,0,0,-40000,0,0,0,0,40000,-40000,-40000
054153,宏達電國泰97購01,0,0,0,0,0,0,0,0,0,-40000,0,0,0,26000,66000,-40000,-40000
054031,中鋼中信98購01  ,0,0,0,0,0,0,0,0,0,-40000,0,0,0,0,40000,-40000,-40000
054079,鴻海中信98購02  ,0,0,0,0,0,0,0,0,0,-40000,0,0,0,0,40000,-40000,-40000
053987,宏碁亞東96購01  ,0,0,0,0,0,0,0,0,0,-40000,0,0,0,60000,100000,-40000,-40000
6239,力成            ,1396000,911000,485000,0,0,0,0,480000,-480000,-45000,0,26000,-26000,24000,43000,-19000,-40000
05917P,宏達電元大96售02,0,0,0,0,0,0,0,0,0,-40000,0,0,0,0,40000,-40000,-40000
08751P,友達群益01售01  ,0,0,0,0,0,0,0,0,0,-40000,0,0,0,0,40000,-40000,-40000
054510,S&P反1元大98購01,0,0,0,0,0,0,0,0,0,-40000,0,0,0,0,40000,-40000,-40000
05670P,台積電國票98售01,0,0,0,0,0,0,0,0,0,-40000,0,0,0,60000,100000,-40000,-40000
052787,國巨中信96購02  ,0,0,0,0,0,0,0,0,0,-41000,0,0,0,2000,43000,-41000,-41000
052833,康控群益96購01  ,0,0,0,0,0,0,0,0,0,-41000,0,0,0,5000,46000,-41000,-41000
1786,科妍            ,45000,86000,-41000,0,0,0,0,0,0,0,10000,10000,0,0,0,0,-41000
04268P,南電元富93售03  ,0,0,0,0,0,0,0,0,0,-41000,0,0,0,0,41000,-41000,-41000
03958P,嘉聯益統一93售01,0,0,0,0,0,0,0,0,0,-41000,0,0,0,0,41000,-41000,-41000
03982P,智易國票94售02  ,0,0,0,0,0,0,0,0,0,-41000,0,0,0,0,41000,-41000,-41000
044867,漢唐國票91購03  ,0,0,0,0,0,0,0,0,0,-41000,0,0,0,10000,51000,-41000,-41000
046438,群創群益95購01  ,0,0,0,0,0,0,0,0,0,-41000,0,0,0,18000,59000,-41000,-41000
04745P,祥碩元大94售04  ,0,0,0,0,0,0,0,0,0,-41000,0,0,0,200000,241000,-41000,-41000
051353,聯發科元大95購08,0,0,0,0,0,0,0,0,0,-41000,0,0,0,41000,82000,-41000,-41000
04961P,貿聯凱基94售03  ,0,0,0,0,0,0,0,0,0,-41000,0,0,0,10000,51000,-41000,-41000
048898,晶相光國泰96購01,0,0,0,0,0,0,0,0,0,-41000,0,0,0,1140000,1181000,-41000,-41000
04944P,元油2X永豐94售06,0,0,0,0,0,0,0,0,0,-41000,0,0,0,10000,51000,-41000,-41000
05556P,全新國票96售04  ,0,0,0,0,0,0,0,0,0,-41000,0,0,0,0,41000,-41000,-41000
054420,緯穎元大96購08  ,0,0,0,0,0,0,0,0,0,-41000,0,0,0,25000,66000,-41000,-41000
053703,緯穎兆豐96購01  ,0,0,0,0,0,0,0,0,0,-41000,0,0,0,32000,73000,-41000,-41000
053511,鴻海群益96購04  ,0,0,0,0,0,0,0,0,0,-41000,0,0,0,114000,155000,-41000,-41000
051798,國巨永豐95購03  ,0,0,0,0,0,0,0,0,0,-42000,0,0,0,0,42000,-42000,-42000
052616,鴻海國泰98購02  ,0,0,0,0,0,0,0,0,0,-42000,0,0,0,15000,57000,-42000,-42000
044965,大立光中信95購01,0,0,0,0,0,0,0,0,0,-42000,0,0,0,76000,118000,-42000,-42000
04412P,欣興元富94售01  ,0,0,0,0,0,0,0,0,0,-42000,0,0,0,3000,45000,-42000,-42000
03926P,麗豐元大93售02  ,0,0,0,0,0,0,0,0,0,-42000,0,0,0,8000,50000,-42000,-42000
047573,儒鴻群益93購04  ,0,0,0,0,0,0,0,0,0,-42000,0,0,0,129000,171000,-42000,-42000
052957,T50反1凱基99購01,0,0,0,0,0,0,0,0,0,-42000,0,0,0,0,42000,-42000,-42000
049306,元油2X凱基96購01,0,0,0,0,0,0,0,0,0,-42000,0,0,0,90000,132000,-42000,-42000
049004,聯發科中信96購01,0,0,0,0,0,0,0,0,0,-42000,0,0,0,6000,48000,-42000,-42000
049814,超眾元大95購04  ,0,0,0,0,0,0,0,0,0,-42000,0,0,0,29000,71000,-42000,-42000
051262,A50富邦96購01   ,0,0,0,0,0,0,0,0,0,-42000,0,0,0,0,42000,-42000,-42000
051011,國巨凱基95購03  ,0,0,0,0,0,0,0,0,0,-42000,0,0,0,0,42000,-42000,-42000
6165,捷泰            ,18000,60000,-42000,0,0,0,0,0,0,0,0,0,0,0,0,0,-42000
05710P,禾伸堂國票97售02,0,0,0,0,0,0,0,0,0,-42000,0,0,0,0,42000,-42000,-42000
05263P,台積電元大96售09,0,0,0,0,0,0,0,0,0,-43000,0,0,0,179000,222000,-43000,-43000
052392,台表科群益96購02,0,0,0,0,0,0,0,0,0,-43000,0,0,0,123000,166000,-43000,-43000
2442,新美齊          ,51000,90000,-39000,0,0,0,0,0,0,-4000,0,4000,-4000,0,0,0,-43000
053175,矽力群益96購01  ,0,20000,-20000,0,0,0,0,0,0,-23000,0,0,0,103000,126000,-23000,-43000
03871P,智邦群益93售02  ,0,0,0,0,0,0,0,0,0,-43000,0,0,0,0,43000,-43000,-43000
043026,康友元大92購01  ,0,0,0,0,0,0,0,0,0,-43000,0,0,0,203000,246000,-43000,-43000
03553P,可成元富08售03  ,0,0,0,0,0,0,0,0,0,-43000,0,0,0,0,43000,-43000,-43000
040430,和大群益92購01  ,0,0,0,0,0,0,0,0,0,-43000,0,0,0,63000,106000,-43000,-43000
047188,聯詠元大93購04  ,0,0,0,0,0,0,0,0,0,-43000,0,0,0,0,43000,-43000,-43000
051040,漢唐永豐95購01  ,0,0,0,0,0,0,0,0,0,-43000,0,0,0,25000,68000,-43000,-43000
051384,康友群益95購01  ,0,0,0,0,0,0,0,0,0,-43000,0,0,0,379000,422000,-43000,-43000
050860,喬山永豐95購01  ,0,0,0,0,0,0,0,0,0,-43000,0,0,0,0,43000,-43000,-43000
050463,百和元大94購04  ,1000,0,1000,0,0,0,0,0,0,-44000,0,0,0,7000,51000,-44000,-43000
049960,嘉聯益統一94購01,0,0,0,0,0,0,0,0,0,-43000,0,0,0,22000,65000,-43000,-43000
05827P,台積電統一96售10,0,0,0,0,0,0,0,0,0,-43000,0,0,0,0,43000,-43000,-43000
054587,玉晶光國泰99購01,0,0,0,0,0,0,0,0,0,-43000,0,0,0,8000,51000,-43000,-43000
5234,達興材料        ,72000,115000,-43000,0,0,0,0,0,0,0,1000,1000,0,0,0,0,-43000
05388P,南亞科元大95售04,0,0,0,0,0,0,0,0,0,-43000,0,0,0,113000,156000,-43000,-43000
053196,康控元富96購01  ,0,0,0,0,0,0,0,0,0,-44000,0,0,0,0,44000,-44000,-44000
2548,華固            ,84000,220000,-136000,0,0,0,0,0,0,92000,107000,0,107000,0,15000,-15000,-44000
1730,花仙子          ,18000,70000,-52000,0,0,0,0,0,0,8000,8000,0,8000,0,0,0,-44000
2102,泰豐            ,123000,164000,-41000,0,0,0,0,0,0,-3000,1000,4000,-3000,0,0,0,-44000
04318P,大成鋼永豐93售02,0,0,0,0,0,0,0,0,0,-44000,0,0,0,5000,49000,-44000,-44000
044680,華新科凱基93購06,0,0,0,0,0,0,0,0,0,-44000,0,0,0,1000,45000,-44000,-44000
047559,彩晶凱基94購03  ,0,0,0,0,0,0,0,0,0,-44000,0,0,0,6000,50000,-44000,-44000
046574,泰鼎國泰94購01  ,0,0,0,0,0,0,0,0,0,-44000,0,0,0,0,44000,-44000,-44000
047173,群創永豐93購01  ,0,0,0,0,0,0,0,0,0,-44000,0,0,0,0,44000,-44000,-44000
046085,儒鴻麥證92購01  ,0,0,0,10000,54000,-44000,0,0,0,-44000,0,0,0,10000,54000,-44000,-44000
04811P,上銀元大94售02  ,0,0,0,0,0,0,0,0,0,-44000,0,0,0,7000,51000,-44000,-44000
050159,超眾群益94購03  ,0,0,0,0,0,0,0,0,0,-44000,0,0,0,170000,214000,-44000,-44000
048923,國巨永豐94購02  ,0,0,0,0,0,0,0,0,0,-44000,0,0,0,36000,80000,-44000,-44000
05036P,義隆元大95售03  ,0,0,0,0,0,0,0,0,0,-44000,0,0,0,6000,50000,-44000,-44000
053785,聯詠元大96購05  ,0,0,0,0,0,0,0,0,0,-44000,0,0,0,118000,162000,-44000,-44000
053831,台積電台新97購02,0,0,0,0,0,0,0,0,0,-44000,0,0,0,53000,97000,-44000,-44000
3419,譁裕            ,44000,87000,-43000,0,0,0,0,0,0,-2000,0,2000,-2000,0,0,0,-45000
053161,康友元大96購04  ,0,0,0,0,0,0,0,0,0,-45000,0,0,0,468000,513000,-45000,-45000
05239P,欣興永豐95售03  ,0,0,0,0,0,0,0,0,0,-45000,0,0,0,0,45000,-45000,-45000
05192P,玉晶光台新96售02,0,0,0,0,0,0,0,0,0,-45000,0,0,0,0,45000,-45000,-45000
051480,大立光凱基97購01,0,0,0,0,0,0,0,0,0,-45000,0,0,0,110000,155000,-45000,-45000
04516P,台積電群益94售07,0,0,0,0,0,0,0,0,0,-45000,0,0,0,0,45000,-45000,-45000
041816,元油2X凱基92購01,0,0,0,0,0,0,0,0,0,-45000,0,0,0,0,45000,-45000,-45000
04308P,京元電凱基93售06,0,0,0,0,0,0,0,0,0,-45000,0,0,0,0,45000,-45000,-45000
03943P,可成群益93售01  ,0,0,0,0,0,0,0,0,0,-45000,0,0,0,0,45000,-45000,-45000
047763,旺宏元大94購04  ,0,0,0,0,0,0,0,0,0,-45000,0,0,0,155000,200000,-45000,-45000
046734,華通國票93購02  ,0,0,0,0,0,0,0,0,0,-45000,0,0,0,19000,64000,-45000,-45000
048715,A50正2永豐94購01,0,0,0,0,0,0,0,0,0,-45000,0,0,0,173000,218000,-45000,-45000
050479,上証2X國票95購02,0,0,0,0,0,0,0,0,0,-45000,0,0,0,0,45000,-45000,-45000
050814,微星凱基95購01  ,0,0,0,0,0,0,0,0,0,-45000,0,0,0,0,45000,-45000,-45000
050753,百和統一94購01  ,0,0,0,0,0,0,0,0,0,-45000,0,0,0,17000,62000,-45000,-45000
05060P,台達電富邦97售02,0,0,0,0,0,0,0,0,0,-45000,0,0,0,150000,195000,-45000,-45000
051063,台郡群益95購01  ,0,0,0,0,0,0,0,0,0,-45000,0,0,0,795000,840000,-45000,-45000
049379,智原元大95購01  ,0,0,0,0,0,0,0,0,0,-45000,0,0,0,428000,473000,-45000,-45000
05384P,大立光永豐95售02,0,0,0,0,0,0,0,0,0,-45000,0,0,0,0,45000,-45000,-45000
053792,百和元大96購01  ,0,0,0,0,0,0,0,0,0,-45000,0,0,0,6000,51000,-45000,-45000
053883,大立光中信98購02,0,0,0,0,0,0,0,0,0,-45000,0,0,0,0,45000,-45000,-45000
054117,宏全康和96購01  ,0,0,0,0,0,0,0,0,0,-45000,0,0,0,0,45000,-45000,-45000
053560,漢唐國泰98購01  ,0,0,0,0,0,0,0,0,0,-45000,0,0,0,39000,84000,-45000,-45000
05972P,瑞昱元大96售01  ,0,0,0,0,0,0,0,0,0,-45000,0,0,0,0,45000,-45000,-45000
051522,玉晶光凱基95購05,0,0,0,0,0,0,0,0,0,-46000,0,0,0,453000,499000,-46000,-46000
052191,超眾群益96購01  ,0,0,0,0,0,0,0,0,0,-46000,0,0,0,5000,51000,-46000,-46000
053232,友達永豐97購02  ,0,0,0,0,0,0,0,0,0,-46000,0,0,0,25000,71000,-46000,-46000
03331P,臺股指群益02售05,0,0,0,0,0,0,0,0,0,-46000,0,0,0,0,46000,-46000,-46000
03703P,台郡元大93售02  ,0,0,0,0,0,0,0,0,0,-46000,0,0,0,10000,56000,-46000,-46000
04778P,可成凱基94售10  ,0,0,0,0,0,0,0,0,0,-46000,0,0,0,4000,50000,-46000,-46000
049016,國巨群益94購02  ,0,0,0,0,0,0,0,0,0,-46000,0,0,0,25000,71000,-46000,-46000
048993,昇陽半元大94購03,0,0,0,0,0,0,0,0,0,-46000,0,0,0,39000,85000,-46000,-46000
050228,中磊中信96購01  ,0,0,0,0,0,0,0,0,0,-46000,0,0,0,34000,80000,-46000,-46000
049819,百和元大94購02  ,0,0,0,0,0,0,0,0,0,-46000,0,0,0,9000,55000,-46000,-46000
049640,大成鋼凱基94購02,0,0,0,0,0,0,0,0,0,-46000,0,0,0,5000,51000,-46000,-46000
05070P,鴻海統一96售04  ,0,0,0,0,0,0,0,0,0,-46000,0,0,0,141000,187000,-46000,-46000
050433,華新科凱基94購11,0,0,0,0,0,0,0,0,0,-46000,0,0,0,41000,87000,-46000,-46000
050391,大立光統一94購07,0,0,0,0,0,0,0,0,0,-46000,0,0,0,41000,87000,-46000,-46000
054504,聯鈞永豐96購01  ,0,0,0,0,0,0,0,0,0,-46000,0,0,0,3000,49000,-46000,-46000
054409,亞光國票97購02  ,0,0,0,0,0,0,0,0,0,-46000,0,0,0,53000,99000,-46000,-46000
05744P,台表科元大96售04,0,0,0,0,0,0,0,0,0,-46000,0,0,0,0,46000,-46000,-46000
05713P,大立光統一96售05,0,0,0,0,0,0,0,0,0,-46000,0,0,0,20000,66000,-46000,-46000
3708,上緯投控        ,75000,81000,-6000,0,0,0,0,23000,-23000,-17000,0,0,0,3000,20000,-17000,-46000
053377,台積電元大98購01,0,0,0,0,0,0,0,0,0,-47000,0,0,0,930000,977000,-47000,-47000
05281P,南亞科元大95售03,0,0,0,0,0,0,0,0,0,-47000,0,0,0,1000,48000,-47000,-47000
2538,基泰            ,64000,109000,-45000,0,0,0,0,0,0,-2000,0,2000,-2000,0,0,0,-47000
052241,台郡國票96購01  ,0,0,0,0,0,0,0,0,0,-47000,0,0,0,42000,89000,-47000,-47000
052128,聯發科日盛95購03,0,0,0,0,0,0,0,0,0,-47000,0,0,0,3000,50000,-47000,-47000
052414,聯電麥證95購01  ,0,0,0,43000,90000,-47000,0,0,0,-47000,0,0,0,43000,90000,-47000,-47000
051962,晶相光永豐95購02,0,0,0,0,0,0,0,0,0,-47000,0,0,0,200000,247000,-47000,-47000
00651R,FH香港反1       ,0,380000,-380000,0,0,0,0,0,0,333000,0,0,0,762000,429000,333000,-47000
03425B,臺股指元大9A熊01,0,0,0,0,0,0,0,0,0,-47000,0,0,0,0,47000,-47000,-47000
047758,康舒元富93購01  ,0,0,0,0,0,0,0,0,0,-47000,0,0,0,5000,52000,-47000,-47000
048726,儒鴻麥證95購01  ,0,0,0,23000,70000,-47000,0,0,0,-47000,0,0,0,23000,70000,-47000,-47000
048048,大立光永豐93購03,0,0,0,0,0,0,0,0,0,-47000,0,0,0,22000,69000,-47000,-47000
051164,鴻海元大95購05  ,0,0,0,0,0,0,0,0,0,-47000,0,0,0,808000,855000,-47000,-47000
05020P,廣達中信95售01  ,0,0,0,0,0,0,0,0,0,-47000,0,0,0,58000,105000,-47000,-47000
05366P,鴻海元富95售12  ,0,0,0,0,0,0,0,0,0,-47000,0,0,0,51000,98000,-47000,-47000
05486P,大立光凱基95售14,0,0,0,0,0,0,0,0,0,-47000,0,0,0,0,47000,-47000,-47000
054348,康控國票97購03  ,0,0,0,0,0,0,0,0,0,-47000,0,0,0,0,47000,-47000,-47000
05853P,欣興群益96售05  ,0,0,0,0,0,0,0,0,0,-47000,0,0,0,0,47000,-47000,-47000
08714P,華碩元富01售03  ,0,0,0,0,0,0,0,0,0,-47000,0,0,0,0,47000,-47000,-47000
051648,TPK永豐95購01   ,0,0,0,0,0,0,0,0,0,-48000,0,0,0,0,48000,-48000,-48000
052198,鴻海統一95購10  ,0,0,0,0,0,0,0,0,0,-48000,0,0,0,0,48000,-48000,-48000
052268,新光金亞東96購01,0,0,0,0,0,0,0,0,0,-48000,0,0,0,0,48000,-48000,-48000
053183,大立光元富96購03,0,0,0,0,0,0,0,0,0,-48000,0,0,0,60000,108000,-48000,-48000
04317P,樺漢國票93售03  ,0,0,0,0,0,0,0,0,0,-48000,0,0,0,0,48000,-48000,-48000
043231,鴻海中信95購01  ,0,0,0,0,0,0,0,0,0,-48000,0,0,0,0,48000,-48000,-48000
045103,上海銀亞東94購01,0,0,0,0,0,0,0,0,0,-48000,0,0,0,0,48000,-48000,-48000
045040,嘉晶日盛92購01  ,0,0,0,0,0,0,0,0,0,-48000,0,0,0,0,48000,-48000,-48000
048591,台郡兆豐94購01  ,0,0,0,0,0,0,0,0,0,-48000,0,0,0,553000,601000,-48000,-48000
048670,華新科永豐93購03,0,0,0,0,0,0,0,0,0,-48000,0,0,0,94000,142000,-48000,-48000
045777,強茂元大92購02  ,0,0,0,0,0,0,0,0,0,-48000,0,0,0,12000,60000,-48000,-48000
052910,鴻海統一96購10  ,0,0,0,0,0,0,0,0,0,-48000,0,0,0,8000,56000,-48000,-48000
046150,欣興國票92購02  ,0,0,0,0,0,0,0,0,0,-48000,0,0,0,228000,276000,-48000,-48000
046208,滬深2X元富95購03,0,0,0,0,0,0,0,0,0,-48000,0,0,0,2000,50000,-48000,-48000
049902,大立光元富94購05,0,0,0,0,0,0,0,0,0,-48000,0,0,0,44000,92000,-48000,-48000
049793,為升元大94購04  ,0,0,0,0,0,0,0,0,0,-48000,0,0,0,27000,75000,-48000,-48000
049746,全新永豐95購01  ,0,0,0,0,0,0,0,0,0,-48000,0,0,0,20000,68000,-48000,-48000
049542,鴻海群益94購05  ,0,0,0,0,0,0,0,0,0,-48000,0,0,0,263000,311000,-48000,-48000
051331,全新永豐96購01  ,0,0,0,0,0,0,0,0,0,-48000,0,0,0,30000,78000,-48000,-48000
050392,群創統一96購01  ,0,0,0,0,0,0,0,0,0,-48000,0,0,0,0,48000,-48000,-48000
05028P,康控永豐95售02  ,0,0,0,0,0,0,0,0,0,-48000,0,0,0,0,48000,-48000,-48000
050629,廣宇亞東96購01  ,0,0,0,0,0,0,0,0,0,-48000,0,0,0,0,48000,-48000,-48000
06039P,亞光台新96售03  ,0,0,0,0,0,0,0,0,0,-48000,0,0,0,17000,65000,-48000,-48000
05875P,旺宏群益98售01  ,0,0,0,0,0,0,0,0,0,-48000,0,0,0,5000,53000,-48000,-48000
05545P,台表科國泰98售01,0,0,0,0,0,0,0,0,0,-48000,0,0,0,17000,65000,-48000,-48000
4426,利勤            ,40000,88000,-48000,0,0,0,0,0,0,0,0,0,0,0,0,0,-48000
4977,眾達-KY         ,187000,246000,-59000,0,0,0,0,0,0,11000,1000,0,1000,10000,0,10000,-48000
054310,牧德凱基98購01  ,0,0,0,0,0,0,0,0,0,-48000,0,0,0,133000,181000,-48000,-48000
053257,華通富邦97購01  ,0,0,0,0,0,0,0,0,0,-49000,0,0,0,117000,166000,-49000,-49000
052400,聯詠凱基97購01  ,0,0,0,0,0,0,0,0,0,-49000,0,0,0,71000,120000,-49000,-49000
052154,緯創台新95購01  ,0,0,0,0,0,0,0,0,0,-49000,0,0,0,11000,60000,-49000,-49000
052494,百和中信95購02  ,0,0,0,0,0,0,0,0,0,-49000,0,0,0,0,49000,-49000,-49000
052501,茂林永豐95購04  ,0,0,0,0,0,0,0,0,0,-49000,0,0,0,160000,209000,-49000,-49000
04323P,強茂元大93售02  ,0,0,0,0,0,0,0,0,0,-49000,0,0,0,1000,50000,-49000,-49000
04047P,華邦電元大94售03,0,0,0,0,0,0,0,0,0,-49000,0,0,0,106000,155000,-49000,-49000
04033P,啟碁凱基93售04  ,0,0,0,0,0,0,0,0,0,-49000,0,0,0,0,49000,-49000,-49000
046166,嘉聯益兆豐93購01,0,0,0,0,0,0,0,0,0,-49000,0,0,0,47000,96000,-49000,-49000
047709,聯發科凱基93購18,0,0,0,0,0,0,0,0,0,-49000,0,0,0,28000,77000,-49000,-49000
04782P,智伸科統一96售01,0,0,0,0,0,0,0,0,0,-49000,0,0,0,127000,176000,-49000,-49000
045955,宏碁凱基93購01  ,0,0,0,0,0,0,0,0,0,-49000,0,0,0,136000,185000,-49000,-49000
051241,台積電元大95購13,0,0,0,0,0,0,0,0,0,-49000,0,0,0,195000,244000,-49000,-49000
051454,致伸元大95購01  ,0,0,0,0,0,0,0,0,0,-49000,0,0,0,4000,53000,-49000,-49000
049296,義隆群益96購01  ,0,0,0,0,0,0,0,0,0,-49000,0,0,0,1000,50000,-49000,-49000
05427P,聯發科凱基96售07,0,0,0,0,0,0,0,0,0,-49000,0,0,0,16000,65000,-49000,-49000
05413P,台郡國票96售02  ,0,0,0,0,0,0,0,0,0,-49000,0,0,0,86000,135000,-49000,-49000
053803,聯發科凱基96購18,0,0,0,0,0,0,0,0,0,-49000,0,0,0,73000,122000,-49000,-49000
05473P,聯詠統一97售02  ,0,0,0,0,0,0,0,0,0,-49000,0,0,0,10000,59000,-49000,-49000
05643P,大立光中信98售01,0,0,0,0,0,0,0,0,0,-49000,0,0,0,16000,65000,-49000,-49000
054382,康控群益96購03  ,0,0,0,0,0,0,0,0,0,-49000,0,0,0,70000,119000,-49000,-49000
05989P,健策元富96售01  ,0,0,0,0,0,0,0,0,0,-49000,0,0,0,1000,50000,-49000,-49000
052507,日月光日盛95購02,0,0,0,0,0,0,0,0,0,-50000,0,0,0,0,50000,-50000,-50000
052509,鴻海凱基96購10  ,0,0,0,0,0,0,0,0,0,-50000,0,0,0,5000,55000,-50000,-50000
052628,樺漢中信96購01  ,0,0,0,0,0,0,0,0,0,-50000,0,0,0,50000,100000,-50000,-50000
052138,易華電凱基97購01,0,0,0,0,0,0,0,0,0,-50000,0,0,0,0,50000,-50000,-50000
05213P,台積電國票96售05,0,0,0,0,0,0,0,0,0,-50000,0,0,0,0,50000,-50000,-50000
05172P,臺股指元大95售16,0,0,0,0,0,0,0,0,0,-50000,0,0,0,0,50000,-50000,-50000
051580,宏碁元大95購02  ,0,0,0,0,0,0,0,0,0,-50000,0,0,0,60000,110000,-50000,-50000
053138,華邦電富邦96購01,0,0,0,0,0,0,0,0,0,-50000,0,0,0,226000,276000,-50000,-50000
053302,國巨凱基96購10  ,0,0,0,0,0,0,0,0,0,-50000,0,0,0,173000,223000,-50000,-50000
052821,晶技永豐96購01  ,0,0,0,0,0,0,0,0,0,-50000,0,0,0,0,50000,-50000,-50000
052757,華邦電群益96購01,0,0,0,0,0,0,0,0,0,-50000,0,0,0,458000,508000,-50000,-50000
053016,鈺齊統一96購01  ,0,0,0,0,0,0,0,0,0,-50000,0,0,0,0,50000,-50000,-50000
04044P,鴻海元大93售18  ,0,0,0,0,0,0,0,0,0,-50000,0,0,0,0,50000,-50000,-50000
04339P,欣興元大93售08  ,0,0,0,0,0,0,0,0,0,-50000,0,0,0,16000,66000,-50000,-50000
040215,上証反凱基95購01,0,0,0,0,0,0,0,0,0,-50000,0,0,0,0,50000,-50000,-50000
04010P,上銀元大93售07  ,0,0,0,0,0,0,0,0,0,-50000,0,0,0,100000,150000,-50000,-50000
04333P,儒鴻凱基93售06  ,0,0,0,0,0,0,0,0,0,-50000,0,0,0,0,50000,-50000,-50000
03957P,創意統一94售02  ,0,0,0,0,0,0,0,0,0,-50000,0,0,0,0,50000,-50000,-50000
042137,元油2X元大93購01,0,0,0,0,0,0,0,0,0,-50000,0,0,0,0,50000,-50000,-50000
04431P,牧德元大94售03  ,0,0,0,0,0,0,0,0,0,-50000,0,0,0,0,50000,-50000,-50000
045261,華新科凱基92購01,0,0,0,0,0,0,0,0,0,-50000,0,0,0,0,50000,-50000,-50000
045240,世紀鋼國票92購02,0,0,0,0,0,0,0,0,0,-50000,0,0,0,100000,150000,-50000,-50000
045242,台肥群益92購01  ,0,0,0,0,0,0,0,0,0,-50000,0,0,0,10000,60000,-50000,-50000
03953P,易華電凱基94售01,0,0,0,0,0,0,0,0,0,-50000,0,0,0,0,50000,-50000,-50000
043060,欣興中信93購01  ,0,0,0,0,0,0,0,0,0,-50000,0,0,0,0,50000,-50000,-50000
043018,新光金元大93購01,0,0,0,0,0,0,0,0,0,-50000,0,0,0,0,50000,-50000,-50000
04296P,技嘉元大93售01  ,0,0,0,0,0,0,0,0,0,-50000,0,0,0,0,50000,-50000,-50000
03538P,景碩元富08售02  ,0,0,0,0,0,0,0,0,0,-50000,0,0,0,15000,65000,-50000,-50000
03287P,台灣50元大02售08,0,0,0,0,0,0,0,0,0,-50000,0,0,0,0,50000,-50000,-50000
03180P,台灣50元大01售39,0,0,0,0,0,0,0,0,0,-50000,0,0,0,20000,70000,-50000,-50000
03807P,康友元富93售02  ,0,0,0,0,0,0,0,0,0,-50000,0,0,0,0,50000,-50000,-50000
045080,大立光元大93購06,0,0,0,0,0,0,0,0,0,-50000,0,0,0,0,50000,-50000,-50000
045079,大立光元大93購05,0,0,0,0,0,0,0,0,0,-50000,0,0,0,2000,52000,-50000,-50000
04509P,臺股指元大94售04,0,0,0,0,0,0,0,0,0,-50000,0,0,0,0,50000,-50000,-50000
04513P,元石油中信94售01,0,0,0,0,0,0,0,0,0,-50000,0,0,0,0,50000,-50000,-50000
043631,華新科凱基91購06,0,0,0,0,0,0,0,0,0,-50000,0,0,0,34000,84000,-50000,-50000
04377P,大立光元大94售04,0,0,0,0,0,0,0,0,0,-50000,0,0,0,0,50000,-50000,-50000
048300,FB上証凱基93購01,0,0,0,0,0,0,0,0,0,-50000,0,0,0,0,50000,-50000,-50000
048349,美利達元大96購02,0,0,0,0,0,0,0,0,0,-50000,0,0,0,6000,56000,-50000,-50000
048288,T50反1群益93購05,0,0,0,0,0,0,0,0,0,-50000,0,0,0,0,50000,-50000,-50000
04843P,致新元大94售02  ,0,0,0,0,0,0,0,0,0,-50000,0,0,0,0,50000,-50000,-50000
044953,中環凱基92購01  ,0,0,0,0,0,0,0,0,0,-50000,0,0,0,0,50000,-50000,-50000
045478,世紀鋼元大93購02,0,0,0,0,0,0,0,0,0,-50000,0,0,0,0,50000,-50000,-50000
044495,可成元大91購09  ,0,0,0,0,0,0,0,0,0,-50000,0,0,0,0,50000,-50000,-50000
045447,鴻海國泰94購02  ,0,0,0,0,0,0,0,0,0,-50000,0,0,0,29000,79000,-50000,-50000
04545P,國巨元大94售05  ,0,0,0,0,0,0,0,0,0,-50000,0,0,0,0,50000,-50000,-50000
044062,可成元大92購02  ,0,0,0,0,0,0,0,0,0,-50000,0,0,0,40000,90000,-50000,-50000
045931,緯穎永豐93購01  ,0,0,0,0,0,0,0,0,0,-50000,0,0,0,0,50000,-50000,-50000
048652,巨大元大96購01  ,0,0,0,0,0,0,0,0,0,-50000,0,0,0,0,50000,-50000,-50000
048653,巨大元大96購02  ,0,0,0,0,0,0,0,0,0,-50000,0,0,0,0,50000,-50000,-50000
048618,超眾凱基93購08  ,0,0,0,0,0,0,0,0,0,-50000,0,0,0,0,50000,-50000,-50000
04863P,技嘉元大94售02  ,0,0,0,0,0,0,0,0,0,-50000,0,0,0,0,50000,-50000,-50000
045652,緯穎凱基92購01  ,0,0,0,0,0,0,0,0,0,-50000,0,0,0,0,50000,-50000,-50000
046512,和鑫元大92購01  ,0,0,0,0,0,0,0,0,0,-50000,0,0,0,0,50000,-50000,-50000
046444,矽力日盛92購01  ,0,0,0,0,0,0,0,0,0,-50000,0,0,0,0,50000,-50000,-50000
046412,潤泰全元大92購02,0,0,0,0,0,0,0,0,0,-50000,0,0,0,20000,70000,-50000,-50000
045545,T50反1國票92購03,0,0,0,0,0,0,0,0,0,-50000,0,0,0,0,50000,-50000,-50000
047662,東陽永豐93購01  ,0,0,0,0,0,0,0,0,0,-50000,0,0,0,0,50000,-50000,-50000
047036,台光電群益93購02,0,0,0,0,0,0,0,0,0,-50000,0,0,0,0,50000,-50000,-50000
04711P,台光電元大94售05,0,0,0,0,0,0,0,0,0,-50000,0,0,0,100000,150000,-50000,-50000
045721,中信金凱基92購01,0,0,0,0,0,0,0,0,0,-50000,0,0,0,0,50000,-50000,-50000
049033,大成鋼兆豐94購01,0,0,0,0,0,0,0,0,0,-50000,0,0,0,50000,100000,-50000,-50000
04948P,瑞儀元大94售03  ,0,0,0,0,0,0,0,0,0,-50000,0,0,0,0,50000,-50000,-50000
049964,強茂元富94購01  ,0,0,0,0,0,0,0,0,0,-50000,0,0,0,0,50000,-50000,-50000
050071,明泰凱基94購01  ,0,0,0,0,0,0,0,0,0,-50000,0,0,0,20000,70000,-50000,-50000
051249,潤泰全元大95購01,0,0,0,0,0,0,0,0,0,-50000,0,0,0,94000,144000,-50000,-50000
050895,聯發科元大97購01,0,0,0,0,0,0,0,0,0,-50000,0,0,0,39000,89000,-50000,-50000
050698,明泰凱基96購01  ,0,0,0,0,0,0,0,0,0,-50000,0,0,0,0,50000,-50000,-50000
050848,日月光國票95購01,0,0,0,0,0,0,0,0,0,-50000,0,0,0,250000,300000,-50000,-50000
050278,上証2X第一94購01,0,0,0,0,0,0,0,0,0,-50000,0,0,0,0,50000,-50000,-50000
050405,新光金麥證94購01,0,0,0,40000,90000,-50000,0,0,0,-50000,0,0,0,40000,90000,-50000,-50000
06000P,GIS元大96售04   ,0,0,0,0,0,0,0,0,0,-50000,0,0,0,1000,51000,-50000,-50000
06001P,樺漢台新96售01  ,0,0,0,0,0,0,0,0,0,-50000,0,0,0,0,50000,-50000,-50000
05967P,臺股指麥證96售02,0,0,0,80000,130000,-50000,0,0,0,-50000,0,0,0,80000,130000,-50000,-50000
054368,鴻海中信9A購02  ,0,0,0,0,0,0,0,0,0,-50000,0,0,0,0,50000,-50000,-50000
054507,鈺齊永豐96購01  ,0,0,0,0,0,0,0,0,0,-50000,0,0,0,50000,100000,-50000,-50000
054680,華新科康和97購02,0,0,0,0,0,0,0,0,0,-50000,0,0,0,0,50000,-50000,-50000
053762,T50反1富邦97購01,0,0,0,0,0,0,0,0,0,-50000,0,0,0,0,50000,-50000,-50000
05398P,康控國票96售03  ,0,0,0,0,0,0,0,0,0,-50000,0,0,0,0,50000,-50000,-50000
054077,中石化中信98購01,0,0,0,0,0,0,0,0,0,-50000,0,0,0,0,50000,-50000,-50000
054313,麗豐凱基96購02  ,0,0,0,0,0,0,0,0,0,-50000,0,0,0,0,50000,-50000,-50000
053221,彩晶凱基98購01  ,0,0,0,0,0,0,0,0,0,-51000,0,0,0,1000,52000,-51000,-51000
051691,台表科凱基95購01,0,0,0,0,0,0,0,0,0,-51000,0,0,0,49000,100000,-51000,-51000
052098,臺股指富邦95購01,0,0,0,0,0,0,0,0,0,-51000,0,0,0,18000,69000,-51000,-51000
052089,聯發科元大96購02,0,0,0,0,0,0,0,0,0,-51000,0,0,0,65000,116000,-51000,-51000
052724,力成統一97購01  ,0,0,0,0,0,0,0,0,0,-51000,0,0,0,28000,79000,-51000,-51000
043171,冠德國泰93購01  ,0,0,0,0,0,0,0,0,0,-51000,0,0,0,0,51000,-51000,-51000
042173,台灣50永豐93購01,0,0,0,0,0,0,0,0,0,-51000,0,0,0,20000,71000,-51000,-51000
046736,儒鴻群益93購01  ,0,0,0,0,0,0,0,0,0,-51000,0,0,0,0,51000,-51000,-51000
046341,A50正2國票93購01,0,0,0,0,0,0,0,0,0,-51000,0,0,0,1000,52000,-51000,-51000
046108,A50正2元大95購02,0,0,0,0,0,0,0,0,0,-51000,0,0,0,44000,95000,-51000,-51000
048535,超眾國票94購02  ,0,0,0,0,0,0,0,0,0,-51000,0,0,0,64000,115000,-51000,-51000
045618,元油2X永豐98購01,0,0,0,0,0,0,0,0,0,-51000,0,0,0,0,51000,-51000,-51000
052953,百和國票97購01  ,0,0,0,0,0,0,0,0,0,-51000,0,0,0,0,51000,-51000,-51000
048834,牧德凱基94購01  ,0,0,0,0,0,0,0,0,0,-51000,0,0,0,62000,113000,-51000,-51000
05008P,大立光元富95售05,0,0,0,0,0,0,0,0,0,-51000,0,0,0,0,51000,-51000,-51000
050207,百和群益95購01  ,0,0,0,0,0,0,0,0,0,-51000,0,0,0,0,51000,-51000,-51000
05001P,華通統一95售01  ,0,0,0,0,0,0,0,0,0,-51000,0,0,0,16000,67000,-51000,-51000
049007,玉晶光中信96購01,0,0,0,0,0,0,0,0,0,-51000,0,0,0,98000,149000,-51000,-51000
054252,奇力新元大96購04,0,0,0,0,0,0,0,0,0,-51000,0,0,0,219000,270000,-51000,-51000
053974,大立光元大96購10,0,0,0,0,0,0,0,0,0,-51000,0,0,0,0,51000,-51000,-51000
4956,光鋐            ,2000,53000,-51000,0,0,0,0,0,0,0,0,0,0,0,0,0,-51000
051832,復盛元大95購01  ,0,0,0,0,0,0,0,0,0,-52000,0,0,0,60000,112000,-52000,-52000
05182P,嘉晶統一95售03  ,0,0,0,0,0,0,0,0,0,-52000,0,0,0,0,52000,-52000,-52000
051573,鴻海元大95購15  ,0,0,0,0,0,0,0,0,0,-52000,0,0,0,132000,184000,-52000,-52000
042040,大立光群益93購01,0,0,0,0,0,0,0,0,0,-52000,0,0,0,14000,66000,-52000,-52000
043862,和大元大92購01  ,0,0,0,0,0,0,0,0,0,-52000,0,0,0,82000,134000,-52000,-52000
044576,禾伸堂凱基91購03,0,0,0,0,0,0,0,0,0,-52000,0,0,0,20000,72000,-52000,-52000
048211,大立光日盛93購01,0,0,0,0,0,0,0,0,0,-52000,0,0,0,230000,282000,-52000,-52000
047991,元油反元大96購05,0,0,0,0,0,0,0,0,0,-52000,0,0,0,50000,102000,-52000,-52000
051053,台光電群益95購01,0,0,0,0,0,0,0,0,0,-52000,0,0,0,104000,156000,-52000,-52000
05120P,聯發科國泰97售01,0,0,0,0,0,0,0,0,0,-52000,0,0,0,164000,216000,-52000,-52000
05131P,聯詠統一97售01  ,0,0,0,0,0,0,0,0,0,-52000,0,0,0,0,52000,-52000,-52000
05761P,嘉澤永豐96售01  ,0,0,0,0,0,0,0,0,0,-52000,0,0,0,26000,78000,-52000,-52000
054586,健鼎國泰99購01  ,0,0,0,0,0,0,0,0,0,-52000,0,0,0,558000,610000,-52000,-52000
054631,台郡凱基98購02  ,0,0,0,0,0,0,0,0,0,-52000,0,0,0,0,52000,-52000,-52000
06041P,全新永豐96售03  ,0,0,0,0,0,0,0,0,0,-52000,0,0,0,0,52000,-52000,-52000
8462,柏文            ,10000,35966,-25966,0,0,0,0,21000,-21000,-6000,0,0,0,0,6000,-6000,-52966
052244,廣達康和95購01  ,0,0,0,0,0,0,0,0,0,-53000,0,0,0,20000,73000,-53000,-53000
1906,寶隆            ,31000,83000,-52000,0,0,0,0,0,0,-1000,0,1000,-1000,0,0,0,-53000
04419P,奇力新永豐94售01,0,0,0,0,0,0,0,0,0,-53000,0,0,0,27000,80000,-53000,-53000
043156,大立光統一94購01,0,0,0,0,0,0,0,0,0,-53000,0,0,0,119000,172000,-53000,-53000
045532,台表科永豐92購01,0,0,0,0,0,0,0,0,0,-53000,0,0,0,11000,64000,-53000,-53000
045848,光磊永豐92購01  ,0,0,0,0,0,0,0,0,0,-53000,0,0,0,172000,225000,-53000,-53000
051096,日月光元大95購01,0,0,0,0,0,0,0,0,0,-53000,0,0,0,7000,60000,-53000,-53000
04913P,聯詠元富94售02  ,0,0,0,0,0,0,0,0,0,-53000,0,0,0,0,53000,-53000,-53000
053470,華邦電元大96購02,0,0,0,0,0,0,0,0,0,-53000,0,0,0,565000,618000,-53000,-53000
054207,國巨國票98購01  ,0,0,0,0,0,0,0,0,0,-53000,0,0,0,131000,184000,-53000,-53000
054152,漢唐國泰98購02  ,0,0,0,0,0,0,0,0,0,-53000,0,0,0,23000,76000,-53000,-53000
054549,台積電凱基98購01,0,0,0,0,0,0,0,0,0,-53000,0,0,0,1000,54000,-53000,-53000
053396,漢唐中信9A購01  ,0,0,0,0,0,0,0,0,0,-54000,0,0,0,1000,55000,-54000,-54000
05305P,華新科國泰97售01,0,0,0,0,0,0,0,0,0,-54000,0,0,0,35000,89000,-54000,-54000
052122,新光金國票96購01,0,0,0,0,0,0,0,0,0,-54000,0,0,0,6000,60000,-54000,-54000
051703,台積電群益95購04,0,0,0,0,0,0,0,0,0,-54000,0,0,0,404000,458000,-54000,-54000
03970P,奇鋐國票93售01  ,0,0,0,0,0,0,0,0,0,-54000,0,0,0,0,54000,-54000,-54000
04584P,楠梓電永豐94售01,0,0,0,0,0,0,0,0,0,-54000,0,0,0,5000,59000,-54000,-54000
052883,百和亞東97購01  ,0,0,0,0,0,0,0,0,0,-54000,0,0,0,0,54000,-54000,-54000
045967,日電貿凱基92購01,0,0,0,0,0,0,0,0,0,-54000,0,0,0,25000,79000,-54000,-54000
046020,滬深2X元大95購02,0,0,0,0,0,0,0,0,0,-54000,0,0,0,111000,165000,-54000,-54000
04880P,GIS永豐94售02   ,0,0,0,0,0,0,0,0,0,-54000,0,0,0,21000,75000,-54000,-54000
048569,台虹元大93購03  ,0,0,0,0,0,0,0,0,0,-54000,0,0,0,72000,126000,-54000,-54000
046800,儒鴻元大93購02  ,0,0,0,0,0,0,0,0,0,-54000,0,0,0,3000,57000,-54000,-54000
046904,大毅凱基93購01  ,0,0,0,0,0,0,0,0,0,-54000,0,0,0,17000,71000,-54000,-54000
049494,華新科元大95購05,0,0,0,0,0,0,0,0,0,-54000,0,0,0,11000,65000,-54000,-54000
048916,華新科台新94購01,0,0,0,0,0,0,0,0,0,-54000,0,0,0,0,54000,-54000,-54000
04889P,華通元大94售03  ,0,0,0,0,0,0,0,0,0,-54000,0,0,0,210000,264000,-54000,-54000
049917,華新科元大94購02,0,0,0,0,0,0,0,0,0,-54000,0,0,0,56000,110000,-54000,-54000
05973P,聯詠元大96售06  ,0,0,0,0,0,0,0,0,0,-54000,0,0,0,0,54000,-54000,-54000
054150,國巨國泰97購05  ,0,0,0,0,0,0,0,0,0,-54000,0,0,0,83000,137000,-54000,-54000
054118,國巨永豐96購04  ,0,0,0,0,0,0,0,0,0,-54000,0,0,0,169000,223000,-54000,-54000
054014,宏達電永豐96購04,0,0,0,0,0,0,0,0,0,-54000,0,0,0,14000,68000,-54000,-54000
054008,大立光元富96購06,0,0,0,0,0,0,0,0,0,-54000,0,0,0,60000,114000,-54000,-54000
051716,康控康和95購01  ,0,0,0,0,0,0,0,0,0,-55000,0,0,0,23000,78000,-55000,-55000
052651,台表科永豐96購02,0,0,0,0,0,0,0,0,0,-55000,0,0,0,43000,98000,-55000,-55000
053150,聯發科元大96購11,0,0,0,0,0,0,0,0,0,-55000,0,0,0,24000,79000,-55000,-55000
044270,群創中信95購02  ,0,0,0,0,0,0,0,0,0,-55000,0,0,0,0,55000,-55000,-55000
03885P,華新科統一96售01,0,0,0,0,0,0,0,0,0,-55000,0,0,0,23000,78000,-55000,-55000
04266P,華新科元富93售02,0,0,0,0,0,0,0,0,0,-55000,0,0,0,0,55000,-55000,-55000
044917,奇力新永豐91購02,0,0,0,0,0,0,0,0,0,-55000,0,0,0,12000,67000,-55000,-55000
044638,京元電元富91購02,0,0,0,0,0,0,0,0,0,-55000,0,0,0,0,55000,-55000,-55000
044081,鴻海國票92購01  ,0,0,0,0,0,0,0,0,0,-55000,0,0,0,198000,253000,-55000,-55000
045412,宏達電群益93購01,0,0,0,0,0,0,0,0,0,-55000,0,0,0,11000,66000,-55000,-55000
044735,光磊國泰93購01  ,0,0,0,0,0,0,0,0,0,-55000,0,0,0,0,55000,-55000,-55000
045076,富邦金元大92購01,0,0,0,0,0,0,0,0,0,-55000,0,0,0,0,55000,-55000,-55000
04682P,臺股指統一96售01,0,0,0,0,0,0,0,0,0,-55000,0,0,0,5000,60000,-55000,-55000
046343,和鑫國票93購02  ,0,0,0,0,0,0,0,0,0,-55000,0,0,0,0,55000,-55000,-55000
046061,中石化凱基98購01,0,0,0,0,0,0,0,0,0,-55000,0,0,0,25000,80000,-55000,-55000
046142,康舒統一93購01  ,0,0,0,0,0,0,0,0,0,-55000,0,0,0,0,55000,-55000,-55000
048750,智原元富94購01  ,0,0,0,0,0,0,0,0,0,-55000,0,0,0,228000,283000,-55000,-55000
052897,緯創群益96購03  ,0,0,0,0,0,0,0,0,0,-55000,0,0,0,25000,80000,-55000,-55000
045775,可成元大92購06  ,0,0,0,0,0,0,0,0,0,-55000,0,0,0,156000,211000,-55000,-55000
047944,中石化元富96購01,0,0,0,0,0,0,0,0,0,-55000,0,0,0,0,55000,-55000,-55000
050135,禾伸堂兆豐95購01,0,0,0,0,0,0,0,0,0,-55000,0,0,0,496000,551000,-55000,-55000
049436,義隆國泰96購02  ,0,0,0,0,0,0,0,0,0,-55000,0,0,0,0,55000,-55000,-55000
04899P,力成中信94售02  ,0,0,0,0,0,0,0,0,0,-55000,0,0,0,55000,110000,-55000,-55000
049242,佳世達元富96購01,0,0,0,0,0,0,0,0,0,-55000,0,0,0,17000,72000,-55000,-55000
050548,華固凱基95購01  ,0,0,0,0,0,0,0,0,0,-55000,0,0,0,0,55000,-55000,-55000
05640P,旺宏元富96售03  ,0,0,0,0,0,0,0,0,0,-55000,0,0,0,0,55000,-55000,-55000
2887,台新金          ,3743000,3826512,-83512,0,0,0,29000,0,29000,-1000,0,1000,-1000,0,0,0,-55512
043580,大立光元富94購01,0,0,0,0,0,0,0,0,0,-56000,0,0,0,71000,127000,-56000,-56000
04446P,元油2X凱基94售03,0,0,0,0,0,0,0,0,0,-56000,0,0,0,700000,756000,-56000,-56000
03416B,臺股指凱基95熊05,0,0,0,0,0,0,0,0,0,-56000,0,0,0,9000,65000,-56000,-56000
04528P,智原凱基94售01  ,0,0,0,0,0,0,0,0,0,-56000,0,0,0,4000,60000,-56000,-56000
047483,新光金凱基99購04,0,0,0,0,0,0,0,0,0,-56000,0,0,0,519000,575000,-56000,-56000
048118,百和群益94購03  ,0,0,0,0,0,0,0,0,0,-56000,0,0,0,98000,154000,-56000,-56000
050776,康控元大96購03  ,0,0,0,0,0,0,0,0,0,-56000,0,0,0,4000,60000,-56000,-56000
050790,昇陽半國泰96購02,0,0,0,0,0,0,0,0,0,-56000,0,0,0,134000,190000,-56000,-56000
050710,元黃金中信96購01,0,0,0,0,0,0,0,0,0,-56000,0,0,0,0,56000,-56000,-56000
051446,中壽元大96購01  ,0,0,0,0,0,0,0,0,0,-56000,0,0,0,4000,60000,-56000,-56000
049496,和鑫元大95購01  ,0,0,0,0,0,0,0,0,0,-56000,0,0,0,80000,136000,-56000,-56000
054678,麗豐台新98購02  ,0,0,0,0,0,0,0,0,0,-56000,0,0,0,0,56000,-56000,-56000
05521P,創意永豐96售01  ,0,0,0,0,0,0,0,0,0,-56000,0,0,0,0,56000,-56000,-56000
06071P,大立光永豐97售01,0,0,0,0,0,0,0,0,0,-56000,0,0,0,0,56000,-56000,-56000
053923,亞光國票97購01  ,0,0,0,0,0,0,0,0,0,-56000,0,0,0,1000,57000,-56000,-56000
6668,中揚光          ,118000,176000,-58000,0,0,0,0,0,0,2000,0,0,0,2000,0,2000,-56000
052082,臺股指元富95購04,0,0,0,0,0,0,0,0,0,-57000,0,0,0,0,57000,-57000,-57000
052043,瑞昱日盛95購01  ,0,0,0,0,0,0,0,0,0,-57000,0,0,0,21000,78000,-57000,-57000
04310P,京元電統一93售03,0,0,0,0,0,0,0,0,0,-57000,0,0,0,31000,88000,-57000,-57000
036804,國巨元富93購01  ,0,0,0,0,0,0,0,0,0,-57000,0,0,0,697000,754000,-57000,-57000
04549P,茂林元大94售02  ,0,0,0,0,0,0,0,0,0,-57000,0,0,0,3000,60000,-57000,-57000
048126,TPK元大94購02   ,0,0,0,0,0,0,0,0,0,-57000,0,0,0,3000,60000,-57000,-57000
048529,京元電國票94購01,0,0,0,0,0,0,0,0,0,-57000,0,0,0,0,57000,-57000,-57000
046629,群創統一98購01  ,0,0,0,0,0,0,0,0,0,-57000,0,0,0,3000,60000,-57000,-57000
047405,香港2X統一96購01,0,0,0,0,0,0,0,0,0,-57000,0,0,0,46000,103000,-57000,-57000
049279,元油2X國票94購02,0,0,0,0,0,0,0,0,0,-57000,0,0,0,6000,63000,-57000,-57000
050219,台積電元富95購03,0,0,0,0,0,0,0,0,0,-57000,0,0,0,11000,68000,-57000,-57000
4536,拓凱            ,76000,102000,-26000,0,0,0,0,0,0,-31000,12000,41000,-29000,0,2000,-2000,-57000
4967,十銓            ,35000,91000,-56000,0,0,0,0,0,0,-1000,0,1000,-1000,0,0,0,-57000
053873,力成元大96購03  ,0,0,0,0,0,0,0,0,0,-57000,0,0,0,20000,77000,-57000,-57000
2357,華碩            ,457000,429170,27830,0,0,0,2000,48000,-46000,-39000,5000,23000,-18000,9000,30000,-21000,-57170
052367,聯茂國票96購02  ,0,0,0,0,0,0,0,0,0,-58000,0,0,0,43000,101000,-58000,-58000
044671,台積電兆豐93購01,0,0,0,0,0,0,0,0,0,-58000,0,0,0,47000,105000,-58000,-58000
045385,華新科元大93購04,0,0,0,0,0,0,0,0,0,-58000,0,0,0,3000,61000,-58000,-58000
045606,喬山群益92購01  ,0,0,0,0,0,0,0,0,0,-58000,0,0,0,0,58000,-58000,-58000
047225,京元電凱基93購01,0,0,0,0,0,0,0,0,0,-58000,0,0,0,10000,68000,-58000,-58000
049195,全新永豐94購02  ,0,0,0,0,0,0,0,0,0,-58000,0,0,0,10000,68000,-58000,-58000
051361,泰鼎元大95購01  ,0,0,0,0,0,0,0,0,0,-58000,0,0,0,84000,142000,-58000,-58000
051209,百和麥證95購01  ,0,0,0,2000,60000,-58000,0,0,0,-58000,0,0,0,2000,60000,-58000,-58000
053940,康友元富96購01  ,0,0,0,0,0,0,0,0,0,-58000,0,0,0,195000,253000,-58000,-58000
054107,上銀凱基97購01  ,0,0,0,0,0,0,0,0,0,-58000,0,0,0,41000,99000,-58000,-58000
08388P,台灣50中信03售09,0,0,0,0,0,0,0,0,0,-58000,0,0,0,0,58000,-58000,-58000
05903P,聯發科統一96售09,0,0,0,0,0,0,0,0,0,-58000,0,0,0,0,58000,-58000,-58000
05923P,旺宏元富96售05  ,0,0,0,0,0,0,0,0,0,-58000,0,0,0,0,58000,-58000,-58000
9921,巨大            ,1201000,1170900,30100,0,0,0,0,85000,-85000,-4000,0,3000,-3000,0,1000,-1000,-58900
052640,台表科凱基97購01,0,0,0,0,0,0,0,0,0,-59000,0,0,0,483000,542000,-59000,-59000
051782,昇陽半群益95購01,0,0,0,0,0,0,0,0,0,-59000,0,0,0,40000,99000,-59000,-59000
051906,國巨元大95購09  ,0,0,0,0,0,0,0,0,0,-59000,0,0,0,0,59000,-59000,-59000
051865,聯發科凱基96購04,0,0,0,0,0,0,0,0,0,-59000,0,0,0,3000,62000,-59000,-59000
051568,智邦富邦95購01  ,0,0,0,0,0,0,0,0,0,-59000,0,0,0,41000,100000,-59000,-59000
051582,聯發科元大97購02,0,0,0,0,0,0,0,0,0,-59000,0,0,0,24000,83000,-59000,-59000
051530,鴻海國票97購01  ,0,0,0,0,0,0,0,0,0,-59000,0,0,0,453000,512000,-59000,-59000
053085,華新科元大97購04,0,0,0,0,0,0,0,0,0,-59000,0,0,0,32000,91000,-59000,-59000
045305,嘉晶元大92購01  ,0,0,0,0,0,0,0,0,0,-59000,0,0,0,230000,289000,-59000,-59000
04728P,美律亞東94售02  ,0,0,0,0,0,0,0,0,0,-59000,0,0,0,1000,60000,-59000,-59000
051064,鴻海國票95購01  ,0,0,0,0,0,0,0,0,0,-59000,0,0,0,0,59000,-59000,-59000
050407,聯詠台新94購02  ,0,0,0,0,0,0,0,0,0,-59000,0,0,0,75000,134000,-59000,-59000
053521,緯穎群益96購02  ,0,0,0,0,0,0,0,0,0,-59000,0,0,0,56000,115000,-59000,-59000
6592,和潤企業        ,5000,30000,-25000,0,0,0,0,0,0,-34000,30000,64000,-34000,0,0,0,-59000
8463,潤泰材          ,77000,104000,-27000,0,0,0,0,32000,-32000,0,0,0,0,0,0,0,-59000
05971P,世紀鋼永豐96售04,0,0,0,0,0,0,0,0,0,-59000,0,0,0,0,59000,-59000,-59000
052857,大成鋼凱基96購01,0,0,0,0,0,0,0,0,0,-60000,0,0,0,8000,68000,-60000,-60000
042168,台灣50凱基96購01,0,0,0,0,0,0,0,0,0,-60000,0,0,0,0,60000,-60000,-60000
042028,滬深反凱基93購01,0,0,0,0,0,0,0,0,0,-60000,0,0,0,0,60000,-60000,-60000
04200P,奇力新群益93售07,0,0,0,0,0,0,0,0,0,-60000,0,0,0,40000,100000,-60000,-60000
04192P,漢唐永豐93售03  ,0,0,0,0,0,0,0,0,0,-60000,0,0,0,0,60000,-60000,-60000
04103P,臺股指國票93售10,0,0,0,0,0,0,0,0,0,-60000,0,0,0,30000,90000,-60000,-60000
042901,中纖元大94購01  ,0,0,0,0,0,0,0,0,0,-60000,0,0,0,0,60000,-60000,-60000
044494,可成元大91購08  ,0,0,0,0,0,0,0,0,0,-60000,0,0,0,0,60000,-60000,-60000
044037,大立光群益92購01,0,0,0,0,0,0,0,0,0,-60000,0,0,0,20000,80000,-60000,-60000
044216,華新科凱基93購02,0,0,0,0,0,0,0,0,0,-60000,0,0,0,0,60000,-60000,-60000
045083,智原元大92購01  ,0,0,0,0,0,0,0,0,0,-60000,0,0,0,47000,107000,-60000,-60000
04504P,台積電元富94售04,0,0,0,0,0,0,0,0,0,-60000,0,0,0,0,60000,-60000,-60000
045163,瀚宇博國泰93購01,0,0,0,0,0,0,0,0,0,-60000,0,0,0,30000,90000,-60000,-60000
048284,臺股指中信95購04,0,0,0,0,0,0,0,0,0,-60000,0,0,0,10000,70000,-60000,-60000
048258,國泰金統一93購01,0,0,0,0,0,0,0,0,0,-60000,0,0,0,0,60000,-60000,-60000
048437,義隆麥證93購01  ,0,0,0,0,60000,-60000,0,0,0,-60000,0,0,0,0,60000,-60000,-60000
047197,美律統一94購01  ,0,0,0,0,0,0,0,0,0,-60000,0,0,0,0,60000,-60000,-60000
048735,美利達麥證95購01,0,0,0,0,60000,-60000,0,0,0,-60000,0,0,0,0,60000,-60000,-60000
048627,T50反1元大96購02,0,0,0,0,0,0,0,0,0,-60000,0,0,0,50000,110000,-60000,-60000
048668,奇力新永豐93購04,0,0,0,0,0,0,0,0,0,-60000,0,0,0,58000,118000,-60000,-60000
045705,冠德日盛92購01  ,0,0,0,0,0,0,0,0,0,-60000,0,0,0,0,60000,-60000,-60000
047834,義隆元大93購02  ,0,0,0,0,0,0,0,0,0,-60000,0,0,0,0,60000,-60000,-60000
046947,禾伸堂元大93購01,0,0,0,0,0,0,0,0,0,-60000,0,0,0,0,60000,-60000,-60000
050580,強茂國票95購01  ,0,0,0,0,0,0,0,0,0,-60000,0,0,0,0,60000,-60000,-60000
050840,中環國票96購01  ,0,0,0,0,0,0,0,0,0,-60000,0,0,0,0,60000,-60000,-60000
050823,信邦凱基95購01  ,0,0,0,0,0,0,0,0,0,-60000,0,0,0,20000,80000,-60000,-60000
050995,貿聯元大95購02  ,0,0,0,0,0,0,0,0,0,-60000,0,0,0,49000,109000,-60000,-60000
048910,和鑫富邦98購01  ,0,0,0,0,0,0,0,0,0,-60000,0,0,0,0,60000,-60000,-60000
049685,T50反1元大94購01,0,0,0,0,0,0,0,0,0,-60000,0,0,0,0,60000,-60000,-60000
049694,華新科元大95購06,0,0,0,0,0,0,0,0,0,-60000,0,0,0,5000,65000,-60000,-60000
054541,康控國票98購01  ,0,0,0,0,0,0,0,0,0,-60000,0,0,0,0,60000,-60000,-60000
054627,義隆凱基98購01  ,0,0,0,0,0,0,0,0,0,-60000,0,0,0,0,60000,-60000,-60000
8996,高力            ,165000,215000,-50000,0,0,0,0,0,0,-10000,0,10000,-10000,0,0,0,-60000
054170,泰鼎凱基98購01  ,0,0,0,0,0,0,0,0,0,-60000,0,0,0,0,60000,-60000,-60000
054024,中鋼康和96購01  ,0,0,0,0,0,0,0,0,0,-60000,0,0,0,10000,70000,-60000,-60000
053864,義隆元大96購01  ,0,0,0,0,0,0,0,0,0,-60000,0,0,0,80000,140000,-60000,-60000
05300P,健策元大95售02  ,0,0,0,0,0,0,0,0,0,-61000,0,0,0,100000,161000,-61000,-61000
2374,佳能            ,36000,98000,-62000,0,0,0,0,0,0,1000,1000,0,1000,0,0,0,-61000
1526,日馳            ,7000,68000,-61000,0,0,0,0,0,0,0,0,0,0,0,0,0,-61000
052499,合勤控永豐95購01,0,0,0,0,0,0,0,0,0,-61000,0,0,0,60000,121000,-61000,-61000
04815P,致伸元大94售04  ,0,0,0,0,0,0,0,0,0,-61000,0,0,0,9000,70000,-61000,-61000
00701,國泰股利精選30  ,0,45000,-45000,0,0,0,0,0,0,-16000,0,0,0,850000,866000,-16000,-61000
046787,和鑫永豐93購01  ,0,0,0,0,0,0,0,0,0,-61000,0,0,0,0,61000,-61000,-61000
04756P,大立光元富94售08,0,0,0,0,0,0,0,0,0,-61000,0,0,0,1000,62000,-61000,-61000
050900,台郡元大95購02  ,0,0,0,0,0,0,0,0,0,-61000,0,0,0,362000,423000,-61000,-61000
051451,世芯元大95購03  ,0,0,0,0,0,0,0,0,0,-61000,0,0,0,119000,180000,-61000,-61000
053725,晶相光凱基96購01,0,0,0,0,0,0,0,0,0,-61000,0,0,0,6000,67000,-61000,-61000
053908,貿聯凱基98購01  ,0,0,0,0,0,0,0,0,0,-61000,0,0,0,136000,197000,-61000,-61000
053456,大立光元富96購04,0,0,0,0,0,0,0,0,0,-61000,0,0,0,76000,137000,-61000,-61000
05883P,致伸永豐96售03  ,0,0,0,0,0,0,0,0,0,-61000,0,0,0,0,61000,-61000,-61000
052512,全新凱基96購03  ,0,0,0,0,0,0,0,0,0,-62000,0,0,0,151000,213000,-62000,-62000
052344,台表科凱基98購01,0,0,0,0,0,0,0,0,0,-62000,0,0,0,1000,63000,-62000,-62000
052145,京元電群益95購02,0,0,0,0,0,0,0,0,0,-62000,0,0,0,81000,143000,-62000,-62000
05223P,臻鼎凱基95售02  ,0,0,0,0,0,0,0,0,0,-62000,0,0,0,1000,63000,-62000,-62000
053387,緯創元大97購01  ,0,0,0,0,0,0,0,0,0,-62000,0,0,0,13000,75000,-62000,-62000
03928P,鎧勝康和93售01  ,0,0,0,0,0,0,0,0,0,-62000,0,0,0,5000,67000,-62000,-62000
044558,台虹永豐91購01  ,0,0,0,0,0,0,0,0,0,-62000,0,0,0,1000,63000,-62000,-62000
047496,旺宏台新93購02  ,0,0,0,0,0,0,0,0,0,-62000,0,0,0,32000,94000,-62000,-62000
047443,智原元大94購01  ,0,0,0,0,0,0,0,0,0,-62000,0,0,0,471000,533000,-62000,-62000
050803,康控兆豐96購01  ,0,0,0,0,0,0,0,0,0,-62000,0,0,0,38000,100000,-62000,-62000
050387,鴻海統一94購08  ,0,0,0,0,0,0,0,0,0,-62000,0,0,0,52000,114000,-62000,-62000
05983P,聯詠國票96售02  ,0,0,0,0,0,0,0,0,0,-62000,0,0,0,0,62000,-62000,-62000
06087P,國巨永豐97售01  ,0,0,0,0,0,0,0,0,0,-62000,0,0,0,27000,89000,-62000,-62000
053145,元黃金元大96購02,0,0,0,0,0,0,0,0,0,-63000,0,0,0,0,63000,-63000,-63000
3059,華晶科          ,82000,132000,-50000,0,0,0,0,0,0,-13000,0,3000,-3000,0,10000,-10000,-63000
052303,聯發科永豐95購05,0,0,0,0,0,0,0,0,0,-63000,0,0,0,15000,78000,-63000,-63000
048340,聯發科元大93購25,0,0,0,0,0,0,0,0,0,-63000,0,0,0,54000,117000,-63000,-63000
047404,香港2X統一94購01,0,0,0,0,0,0,0,0,0,-63000,0,0,0,60000,123000,-63000,-63000
051092,禾伸堂元大95購02,0,0,0,0,0,0,0,0,0,-63000,0,0,0,51000,114000,-63000,-63000
049151,大立光元大94購07,0,0,0,0,0,0,0,0,0,-63000,0,0,0,34000,97000,-63000,-63000
05487P,台表科凱基95售02,0,0,0,0,0,0,0,0,0,-63000,0,0,0,1000,64000,-63000,-63000
05680P,聯發科元大96售12,0,0,0,0,0,0,0,0,0,-63000,0,0,0,357000,420000,-63000,-63000
05251P,喬山台新95售02  ,0,0,0,0,0,0,0,0,0,-64000,0,0,0,0,64000,-64000,-64000
051483,玉晶光凱基96購02,0,0,0,0,0,0,0,0,0,-64000,0,0,0,41000,105000,-64000,-64000
051777,聯發科群益95購04,0,0,0,0,0,0,0,0,0,-64000,0,0,0,10000,74000,-64000,-64000
3605,宏致            ,237000,300000,-63000,0,0,0,0,0,0,-1000,0,1000,-1000,0,0,0,-64000
2485,兆赫            ,57000,139000,-82000,0,0,0,0,0,0,18000,0,21000,-21000,41000,2000,39000,-64000
053142,緯穎永豐96購01  ,0,0,0,0,0,0,0,0,0,-64000,0,0,0,10000,74000,-64000,-64000
053226,國巨台新97購02  ,0,0,0,0,0,0,0,0,0,-64000,0,0,0,31000,95000,-64000,-64000
053266,全新群益98購01  ,0,0,0,0,0,0,0,0,0,-64000,0,0,0,76000,140000,-64000,-64000
052979,上銀元大96購02  ,0,0,0,0,0,0,0,0,0,-64000,0,0,0,131000,195000,-64000,-64000
04399P,樺漢群益94售01  ,0,0,0,0,0,0,0,0,0,-64000,0,0,0,0,64000,-64000,-64000
046552,晶技麥證92購01  ,0,0,0,75000,119000,-44000,0,0,0,-64000,0,0,0,75000,139000,-64000,-64000
047120,啟碁元大93購02  ,0,0,0,0,0,0,0,0,0,-64000,0,0,0,21000,85000,-64000,-64000
046946,益航元大94購01  ,0,0,0,0,0,0,0,0,0,-64000,0,0,0,20000,84000,-64000,-64000
047087,亞泥元富93購01  ,0,0,0,0,0,0,0,0,0,-64000,0,0,0,36000,100000,-64000,-64000
047090,緯創元富93購01  ,0,0,0,0,0,0,0,0,0,-64000,0,0,0,3000,67000,-64000,-64000
047052,大毅國票93購01  ,0,0,0,0,0,0,0,0,0,-64000,0,0,0,109000,173000,-64000,-64000
05112P,燿華統一95售01  ,0,0,0,0,0,0,0,0,0,-64000,0,0,0,0,64000,-64000,-64000
050979,鴻海元富96購02  ,0,0,0,0,0,0,0,0,0,-64000,0,0,0,171000,235000,-64000,-64000
05506P,茂林凱基96售03  ,0,0,0,0,0,0,0,0,0,-64000,0,0,0,0,64000,-64000,-64000
054478,可成中信97購01  ,0,0,0,0,0,0,0,0,0,-64000,0,0,0,16000,80000,-64000,-64000
06014P,聯發科富邦97售02,0,0,0,0,0,0,0,0,0,-64000,0,0,0,0,64000,-64000,-64000
054132,聯發科元大97購10,0,0,0,0,0,0,0,0,0,-64000,0,0,0,88000,152000,-64000,-64000
054221,華新科統一96購05,0,0,0,0,0,0,0,0,0,-64000,0,0,0,8000,72000,-64000,-64000
044031,致茂群益92購01  ,0,0,0,0,0,0,0,0,0,-65000,0,0,0,1000,66000,-65000,-65000
043874,可成元大91購06  ,0,0,0,0,0,0,0,0,0,-65000,0,0,0,161000,226000,-65000,-65000
03522P,牧德元大02售05  ,0,0,0,0,0,0,0,0,0,-65000,0,0,0,10000,75000,-65000,-65000
03567P,可成凱基02售06  ,0,0,0,0,0,0,0,0,0,-65000,0,0,0,0,65000,-65000,-65000
03695P,台表科永豐93售01,0,0,0,0,0,0,0,0,0,-65000,0,0,0,0,65000,-65000,-65000
03047X,元展44          ,0,0,0,0,0,0,0,0,0,-65000,0,0,0,0,65000,-65000,-65000
04005P,樺漢凱基93售02  ,0,0,0,0,0,0,0,0,0,-65000,0,0,0,0,65000,-65000,-65000
047934,GIS凱基94購01   ,0,0,0,0,0,0,0,0,0,-65000,0,0,0,0,65000,-65000,-65000
052878,台虹凱基96購01  ,0,0,0,0,0,0,0,0,0,-65000,0,0,0,310000,375000,-65000,-65000
05024P,華通國票96售01  ,0,0,0,0,0,0,0,0,0,-65000,0,0,0,0,65000,-65000,-65000
054046,義隆元大96購02  ,0,0,0,0,0,0,0,0,0,-65000,0,0,0,280000,345000,-65000,-65000
053784,奇力新元大97購02,0,0,0,0,0,0,0,0,0,-65000,0,0,0,5000,70000,-65000,-65000
053452,臺股指凱基97購01,0,0,0,0,0,0,0,0,0,-65000,0,0,0,10000,75000,-65000,-65000
06020P,燿華元富96售04  ,0,0,0,0,0,0,0,0,0,-65000,0,0,0,0,65000,-65000,-65000
05612P,台積電元大96售13,0,0,0,0,0,0,0,0,0,-65000,0,0,0,502000,567000,-65000,-65000
05714P,群創統一97售03  ,0,0,0,0,0,0,0,0,0,-65000,0,0,0,0,65000,-65000,-65000
05782P,聯詠元富96售02  ,0,0,0,0,0,0,0,0,0,-65000,0,0,0,0,65000,-65000,-65000
00657,國泰日經225     ,0,0,0,0,0,0,0,0,0,-65103,0,0,0,100000,165103,-65103,-65103
3679,新至陞          ,42000,108000,-66000,0,0,0,0,0,0,0,0,0,0,0,0,0,-66000
2351,順德            ,38000,160000,-122000,0,0,0,90000,0,90000,-34000,0,32000,-32000,0,2000,-2000,-66000
2228,劍麟            ,41000,108000,-67000,0,0,0,0,0,0,1000,0,1000,-1000,2000,0,2000,-66000
05167P,百和元富95售03  ,0,0,0,0,0,0,0,0,0,-66000,0,0,0,0,66000,-66000,-66000
03364P,金像電元大02售05,0,0,0,0,0,0,0,0,0,-66000,0,0,0,69000,135000,-66000,-66000
048240,嘉聯益國票94購03,0,0,0,0,0,0,0,0,0,-66000,0,0,0,19000,85000,-66000,-66000
050241,聯發科凱基94購14,0,0,0,0,0,0,0,0,0,-66000,0,0,0,10000,76000,-66000,-66000
04933P,中石化中信96售01,0,0,0,0,0,0,0,0,0,-66000,0,0,0,0,66000,-66000,-66000
04952P,台光電亞東94售01,0,0,0,0,0,0,0,0,0,-66000,0,0,0,0,66000,-66000,-66000
053459,康控國泰97購01  ,0,0,0,0,0,0,0,0,0,-66000,0,0,0,60000,126000,-66000,-66000
052399,台光電凱基95購03,0,0,0,0,0,0,0,0,0,-67000,0,0,0,0,67000,-67000,-67000
04749P,臺股指元大94售25,0,0,0,0,0,0,0,0,0,-67000,0,0,0,0,67000,-67000,-67000
04703P,樺漢統一95售01  ,0,0,0,0,0,0,0,0,0,-67000,0,0,0,0,67000,-67000,-67000
049651,訊芯凱基94購04  ,0,0,0,0,0,0,0,0,0,-67000,0,0,0,1000,68000,-67000,-67000
050175,台光電元大94購08,0,1000,-1000,0,0,0,0,0,0,-66000,0,0,0,56000,122000,-66000,-67000
050376,百和元大95購01  ,0,0,0,0,0,0,0,0,0,-67000,0,0,0,12000,79000,-67000,-67000
3712,永崴投控        ,61000,124000,-63000,0,0,0,0,0,0,-4000,0,4000,-4000,0,0,0,-67000
05999P,世芯元大96售01  ,0,0,0,0,0,0,0,0,0,-67000,0,0,0,0,67000,-67000,-67000
06069P,台積電永豐97售01,0,0,0,0,0,0,0,0,0,-67000,0,0,0,0,67000,-67000,-67000
052302,鴻海永豐95購06  ,0,0,0,0,0,0,0,0,0,-68000,0,0,0,22000,90000,-68000,-68000
052180,緯穎元大96購05  ,0,0,0,0,0,0,0,0,0,-68000,0,0,0,176000,244000,-68000,-68000
052649,康控永豐96購01  ,0,0,0,0,0,0,0,0,0,-68000,0,0,0,0,68000,-68000,-68000
051724,康控永豐95購03  ,0,0,0,0,0,0,0,0,0,-68000,0,0,0,0,68000,-68000,-68000
051702,鴻海群益95購08  ,0,0,0,0,0,0,0,0,0,-68000,0,0,0,42000,110000,-68000,-68000
051525,日月光凱基95購02,0,0,0,0,0,0,0,0,0,-68000,0,0,0,0,68000,-68000,-68000
051616,鴻海凱基96購08  ,0,0,0,0,0,0,0,0,0,-68000,0,0,0,5000,73000,-68000,-68000
2387,精元            ,211000,277000,-66000,0,0,0,0,0,0,-2000,0,2000,-2000,0,0,0,-68000
1809,中釉            ,254000,322000,-68000,0,0,0,0,0,0,0,0,0,0,0,0,0,-68000
052819,義隆永豐96購01  ,0,0,0,0,0,0,0,0,0,-68000,0,0,0,0,68000,-68000,-68000
048269,瀚宇博國泰95購01,0,0,0,0,0,0,0,0,0,-68000,0,0,0,1059000,1127000,-68000,-68000
048277,建準永豐93購02  ,0,0,0,0,0,0,0,0,0,-68000,0,0,0,61000,129000,-68000,-68000
044673,上銀凱基93購04  ,0,0,0,0,0,0,0,0,0,-68000,0,0,0,34000,102000,-68000,-68000
04466P,大立光元富94售04,0,0,0,0,0,0,0,0,0,-68000,0,0,0,0,68000,-68000,-68000
04284P,瀚宇博永豐93售01,0,0,0,0,0,0,0,0,0,-68000,0,0,0,0,68000,-68000,-68000
046109,遠東新元大92購01,0,0,0,0,0,0,0,0,0,-68000,0,0,0,0,68000,-68000,-68000
047935,美利達凱基93購01,0,0,0,0,0,0,0,0,0,-68000,0,0,0,0,68000,-68000,-68000
046371,儒鴻凱基92購03  ,0,0,0,0,0,0,0,0,0,-68000,0,0,0,0,68000,-68000,-68000
048700,和鑫國票95購01  ,0,0,0,0,0,0,0,0,0,-68000,0,0,0,48000,116000,-68000,-68000
048718,台光電永豐94購01,0,0,0,0,0,0,0,0,0,-68000,0,0,0,0,68000,-68000,-68000
050861,鴻海永豐95購01  ,0,0,0,0,0,0,0,0,0,-68000,0,0,0,23000,91000,-68000,-68000
051045,南茂永豐95購01  ,0,0,0,0,0,0,0,0,0,-68000,0,0,0,10000,78000,-68000,-68000
050008,超眾永豐94購02  ,0,0,0,0,0,0,0,0,0,-68000,0,0,0,1000,69000,-68000,-68000
050060,光磊凱基94購03  ,0,0,0,0,0,0,0,0,0,-68000,0,0,0,0,68000,-68000,-68000
048982,牧德元大94購02  ,0,0,0,0,0,0,0,0,0,-68000,0,0,0,20000,88000,-68000,-68000
05649P,矽創國票97售03  ,0,0,0,0,0,0,0,0,0,-68000,0,0,0,10000,78000,-68000,-68000
054088,華新群益98購02  ,0,0,0,0,0,0,0,0,0,-68000,0,0,0,45000,113000,-68000,-68000
054246,國巨元大96購12  ,0,0,0,0,0,0,0,0,0,-68000,0,0,0,17000,85000,-68000,-68000
053083,中環元大99購01  ,0,0,0,0,0,0,0,0,0,-69000,0,0,0,193000,262000,-69000,-69000
2441,超豐            ,216000,281000,-65000,0,0,0,1000,0,1000,-5000,0,5000,-5000,0,0,0,-69000
05260P,和碩元富95售02  ,0,0,0,0,0,0,0,0,0,-69000,0,0,0,0,69000,-69000,-69000
052717,正文凱基96購01  ,0,0,0,0,0,0,0,0,0,-69000,0,0,0,68000,137000,-69000,-69000
052464,大立光統一95購05,0,0,0,0,0,0,0,0,0,-69000,0,0,0,128000,197000,-69000,-69000
052375,奇力新元大96購02,0,0,0,0,0,0,0,0,0,-69000,0,0,0,141000,210000,-69000,-69000
00730,富邦臺灣優質高息,0,0,0,0,0,0,0,0,0,-69000,0,0,0,183000,252000,-69000,-69000
04151P,日電貿康和93售01,0,0,0,0,0,0,0,0,0,-69000,0,0,0,0,69000,-69000,-69000
04429P,和鑫元大94售01  ,0,0,0,0,0,0,0,0,0,-69000,0,0,0,0,69000,-69000,-69000
047370,聯發科國票93購03,0,0,0,0,0,0,0,0,0,-69000,0,0,0,133000,202000,-69000,-69000
048064,可成統一93購02  ,0,0,0,0,0,0,0,0,0,-69000,0,0,0,321000,390000,-69000,-69000
04939P,國巨國票95售03  ,0,0,0,0,0,0,0,0,0,-69000,0,0,0,50000,119000,-69000,-69000
049740,禾伸堂群益94購01,0,0,0,0,0,0,0,0,0,-69000,0,0,0,332000,401000,-69000,-69000
050559,聯發科統一94購10,0,0,0,0,0,0,0,0,0,-69000,0,0,0,66000,135000,-69000,-69000
05225P,鴻海統一95售09  ,0,0,0,0,0,0,0,0,0,-70000,0,0,0,30000,100000,-70000,-70000
052163,康舒永豐95購02  ,0,0,0,0,0,0,0,0,0,-70000,0,0,0,27000,97000,-70000,-70000
051864,聯發科凱基96購03,0,0,0,0,0,0,0,0,0,-70000,0,0,0,132000,202000,-70000,-70000
052974,瀚宇博群益96購01,0,0,0,0,0,0,0,0,0,-70000,0,0,0,108000,178000,-70000,-70000
04012P,台積電元大93售23,0,0,0,0,0,0,0,0,0,-70000,0,0,0,0,70000,-70000,-70000
043390,康控元大93購01  ,0,0,0,0,0,0,0,0,0,-70000,0,0,0,65000,135000,-70000,-70000
03972P,可成元大93售07  ,0,0,0,0,0,0,0,0,0,-70000,0,0,0,15000,85000,-70000,-70000
044704,新日興元大91購01,0,0,0,0,0,0,0,0,0,-70000,0,0,0,54000,124000,-70000,-70000
045501,國泰金凱基92購01,0,0,0,0,0,0,0,0,0,-70000,0,0,0,7000,77000,-70000,-70000
044536,深中小群益92購01,0,0,0,0,0,0,0,0,0,-70000,0,0,0,10000,80000,-70000,-70000
044187,泰鼎國泰93購01  ,0,0,0,0,0,0,0,0,0,-70000,0,0,0,0,70000,-70000,-70000
043601,亞光元大93購01  ,0,0,0,0,0,0,0,0,0,-70000,0,0,0,113000,183000,-70000,-70000
047971,南亞科富邦95購01,0,0,0,0,0,0,0,0,0,-70000,0,0,0,63000,133000,-70000,-70000
047406,香港反統一94購01,0,0,0,0,0,0,0,0,0,-70000,0,0,0,25000,95000,-70000,-70000
046697,麗豐凱基94購01  ,0,0,0,0,0,0,0,0,0,-70000,0,0,0,0,70000,-70000,-70000
047894,大成鋼群益93購01,0,0,0,0,0,0,0,0,0,-70000,0,0,0,0,70000,-70000,-70000
047126,拓凱中信93購01  ,0,0,0,0,0,0,0,0,0,-70000,0,0,0,0,70000,-70000,-70000
047441,聯發科元大93購15,0,0,0,0,0,0,0,0,0,-70000,0,0,0,3000,73000,-70000,-70000
046626,台光電統一94購01,0,0,0,0,0,0,0,0,0,-70000,0,0,0,40000,110000,-70000,-70000
050789,矽創國泰96購01  ,0,0,0,0,0,0,0,0,0,-70000,0,0,0,30000,100000,-70000,-70000
05095P,景碩元大95售01  ,0,0,0,0,0,0,0,0,0,-70000,0,0,0,30000,100000,-70000,-70000
049749,創意永豐94購01  ,0,0,0,0,0,0,0,0,0,-70000,0,0,0,0,70000,-70000,-70000
049777,華新科統一94購06,0,0,0,0,0,0,0,0,0,-70000,0,0,0,115000,185000,-70000,-70000
049616,卜蜂群益94購01  ,0,0,0,0,0,0,0,0,0,-70000,0,0,0,20000,90000,-70000,-70000
048950,達方永豐94購01  ,0,0,0,0,0,0,0,0,0,-70000,0,0,0,200000,270000,-70000,-70000
049351,揚明光永豐94購01,0,0,0,0,0,0,0,0,0,-70000,0,0,0,0,70000,-70000,-70000
04949P,致新元大94售04  ,0,0,0,0,0,0,0,0,0,-70000,0,0,0,30000,100000,-70000,-70000
049028,麗豐群益94購01  ,0,0,0,0,0,0,0,0,0,-70000,0,0,0,16000,86000,-70000,-70000
053949,康控富邦9A購01  ,0,0,0,0,0,0,0,0,0,-70000,0,0,0,0,70000,-70000,-70000
5305,敦南            ,38000,103000,-65000,0,0,0,0,0,0,-5000,0,0,0,0,5000,-5000,-70000
053594,京鼎元大96購02  ,0,0,0,0,0,0,0,0,0,-70000,0,0,0,10000,80000,-70000,-70000
05604P,聯發科元大96售10,0,0,0,0,0,0,0,0,0,-70000,0,0,0,232000,302000,-70000,-70000
054471,T50反1中信9C購01,0,0,0,0,0,0,0,0,0,-70000,0,0,0,0,70000,-70000,-70000
05844P,旺宏元大96售07  ,0,0,0,0,0,0,0,0,0,-70000,0,0,0,352000,422000,-70000,-70000
05918P,大立光元大96售11,0,0,0,0,0,0,0,0,0,-70000,0,0,0,0,70000,-70000,-70000
05275P,國巨凱基95售05  ,0,0,0,0,0,0,0,0,0,-71000,0,0,0,85000,156000,-71000,-71000
3312,弘憶股          ,51000,121000,-70000,0,0,0,0,0,0,-1000,0,1000,-1000,0,0,0,-71000
1714,和桐            ,162000,227000,-65000,0,0,0,0,0,0,-6000,0,6000,-6000,0,0,0,-71000
051805,元黃金凱基97購02,0,0,0,0,0,0,0,0,0,-71000,0,0,0,0,71000,-71000,-71000
052014,光罩永豐95購01  ,0,0,0,0,0,0,0,0,0,-71000,0,0,0,77000,148000,-71000,-71000
04362P,聯詠統一94售01  ,0,0,0,0,0,0,0,0,0,-71000,0,0,0,0,71000,-71000,-71000
04216P,燿華國票93售02  ,0,0,0,0,0,0,0,0,0,-71000,0,0,0,0,71000,-71000,-71000
04851P,創意永豐94售02  ,0,0,0,0,0,0,0,0,0,-71000,0,0,0,0,71000,-71000,-71000
046016,緯穎元富92購04  ,0,0,0,0,0,0,0,0,0,-71000,0,0,0,50000,121000,-71000,-71000
049731,A50正2群益94購02,0,0,0,0,0,0,0,0,0,-71000,0,0,0,15000,86000,-71000,-71000
049951,全新群益94購03  ,0,0,0,0,0,0,0,0,0,-71000,0,0,0,267000,338000,-71000,-71000
054285,國巨元大98購02  ,0,0,0,0,0,0,0,0,0,-71000,0,0,0,83000,154000,-71000,-71000
1626,艾美特-KY       ,22000,43000,-21000,0,0,0,0,0,0,-51000,0,51000,-51000,0,0,0,-72000
045263,高鐵凱基92購01  ,0,0,0,0,0,0,0,0,0,-72000,0,0,0,4000,76000,-72000,-72000
04289P,臺股指中信95售07,0,0,0,0,0,0,0,0,0,-72000,0,0,0,15000,87000,-72000,-72000
045059,同欣電國泰93購01,0,0,0,0,0,0,0,0,0,-72000,0,0,0,110000,182000,-72000,-72000
048527,鴻海國票94購02  ,0,0,0,0,0,0,0,0,0,-72000,0,0,0,1000,73000,-72000,-72000
046107,勤誠永豐92購01  ,0,0,0,0,0,0,0,0,0,-72000,0,0,0,68000,140000,-72000,-72000
054137,聯詠元大97購02  ,0,0,0,0,0,0,0,0,0,-72000,0,0,0,102000,174000,-72000,-72000
3703,欣陸            ,109000,177000,-68000,0,0,0,0,0,0,-4000,0,4000,-4000,0,0,0,-72000
4155,訊映            ,23000,84000,-61000,0,0,0,0,0,0,-11000,0,11000,-11000,0,0,0,-72000
05629P,聯發科永昌99售02,0,0,0,0,0,0,0,0,0,-72000,0,0,0,72000,144000,-72000,-72000
051688,大立光凱基97購02,0,0,0,0,0,0,0,0,0,-73000,0,0,0,40000,113000,-73000,-73000
047887,智原富邦97購01  ,0,0,0,0,0,0,0,0,0,-73000,0,0,0,706000,779000,-73000,-73000
045880,超眾元富92購01  ,0,0,0,0,0,0,0,0,0,-73000,0,0,0,103000,176000,-73000,-73000
048631,遠東新元大93購01,0,0,0,0,0,0,0,0,0,-73000,0,0,0,0,73000,-73000,-73000
052955,國巨日盛96購01  ,0,0,0,0,0,0,0,0,0,-73000,0,0,0,21000,94000,-73000,-73000
051114,鈺齊中信95購01  ,0,0,0,0,0,0,0,0,0,-73000,0,0,0,27000,100000,-73000,-73000
05119P,聯發科國泰96售02,0,0,0,0,0,0,0,0,0,-73000,0,0,0,49000,122000,-73000,-73000
050266,兆豐金元大94購01,0,0,0,0,0,0,0,0,0,-73000,0,0,0,0,73000,-73000,-73000
4306,炎洲            ,76000,145000,-69000,0,0,0,0,0,0,-4000,0,4000,-4000,0,0,0,-73000
05417P,燿華永豐95售07  ,0,0,0,0,0,0,0,0,0,-73000,0,0,0,0,73000,-73000,-73000
2430,燦坤            ,16000,90000,-74000,0,0,0,0,0,0,0,0,0,0,0,0,0,-74000
2514,龍邦            ,8000,82000,-74000,0,0,0,0,0,0,0,0,0,0,0,0,0,-74000
044451,智邦永豐91購01  ,0,0,0,0,0,0,0,0,0,-74000,0,0,0,0,74000,-74000,-74000
03276P,聯發科台新02售01,0,0,0,0,0,0,0,0,0,-74000,0,0,0,5000,79000,-74000,-74000
04270P,台光電國票93售03,0,0,0,0,0,0,0,0,0,-74000,0,0,0,108000,182000,-74000,-74000
044255,群創元大93購01  ,0,0,0,0,0,0,0,0,0,-74000,0,0,0,106000,180000,-74000,-74000
048885,中環元富94購01  ,0,0,0,0,0,0,0,0,0,-74000,0,0,0,0,74000,-74000,-74000
04792P,智邦元大94售06  ,0,0,0,0,0,0,0,0,0,-74000,0,0,0,121000,195000,-74000,-74000
050503,聯發科凱基94購22,0,0,0,0,0,0,0,0,0,-74000,0,0,0,24000,98000,-74000,-74000
05050P,華通群益96售02  ,0,0,0,0,0,0,0,0,0,-74000,0,0,0,10000,84000,-74000,-74000
050968,超眾永豐95購01  ,0,0,0,0,0,0,0,0,0,-74000,0,0,0,76000,150000,-74000,-74000
049113,大立光統一94購06,0,0,0,0,0,0,0,0,0,-74000,0,0,0,3000,77000,-74000,-74000
054297,台郡元大98購01  ,0,0,0,0,0,0,0,0,0,-74000,0,0,0,30000,104000,-74000,-74000
053993,旺宏群益98購02  ,0,0,0,0,0,0,0,0,0,-74000,0,0,0,16000,90000,-74000,-74000
053613,元油反群益9A購02,0,0,0,0,0,0,0,0,0,-74000,0,0,0,0,74000,-74000,-74000
1319,東陽            ,292307,345000,-52693,0,0,0,0,0,0,-22000,10000,24000,-14000,0,8000,-8000,-74693
2883,開發金          ,5076000,5542000,-466000,0,0,0,39000,0,39000,352000,0,6000,-6000,458000,100000,358000,-75000
053001,力山永豐96購01  ,0,0,0,0,0,0,0,0,0,-75000,0,0,0,20000,95000,-75000,-75000
05148P,臻鼎元大95售01  ,0,0,0,0,0,0,0,0,0,-75000,0,0,0,0,75000,-75000,-75000
052283,TPK凱基97購01   ,0,0,0,0,0,0,0,0,0,-75000,0,0,0,0,75000,-75000,-75000
052446,聯發科元大96購03,0,0,0,0,0,0,0,0,0,-75000,0,0,0,669000,744000,-75000,-75000
04136P,智邦元大93售09  ,0,0,0,0,0,0,0,0,0,-75000,0,0,0,0,75000,-75000,-75000
04193P,智原永豐93售01  ,0,0,0,0,0,0,0,0,0,-75000,0,0,0,50000,125000,-75000,-75000
03417B,臺股指凱基95熊19,0,0,0,0,0,0,0,0,0,-75000,0,0,0,40000,115000,-75000,-75000
00675L,富邦臺灣加權正2 ,0,0,0,0,0,0,0,0,0,-75000,0,0,0,121000,196000,-75000,-75000
043967,廣越國泰92購01  ,0,0,0,0,0,0,0,0,0,-75000,0,0,0,10000,85000,-75000,-75000
044562,元油2X凱基92購05,0,0,0,0,0,0,0,0,0,-75000,0,0,0,0,75000,-75000,-75000
046719,元石油元大95購02,0,0,0,0,0,0,0,0,0,-75000,0,0,0,0,75000,-75000,-75000
04869P,鴻海元富95售02  ,0,0,0,0,0,0,0,0,0,-75000,0,0,0,65000,140000,-75000,-75000
046465,GIS凱基95購01   ,0,0,0,0,0,0,0,0,0,-75000,0,0,0,15000,90000,-75000,-75000
050539,鴻海凱基95購07  ,0,0,0,0,0,0,0,0,0,-75000,0,0,0,162000,237000,-75000,-75000
05674P,瑞昱群益96售02  ,0,0,0,0,0,0,0,0,0,-75000,0,0,0,0,75000,-75000,-75000
054621,華新科兆豐98購01,0,0,0,0,0,0,0,0,0,-75000,0,0,0,0,75000,-75000,-75000
05854P,華新科凱基96售09,0,0,0,0,0,0,0,0,0,-75000,0,0,0,25000,100000,-75000,-75000
05947P,大成鋼元大96售03,0,0,0,0,0,0,0,0,0,-75000,0,0,0,0,75000,-75000,-75000
06022P,緯穎永豐96售03  ,0,0,0,0,0,0,0,0,0,-75000,0,0,0,12000,87000,-75000,-75000
052514,嘉澤凱基96購01  ,0,0,0,0,0,0,0,0,0,-76000,0,0,0,36000,112000,-76000,-76000
052183,華邦電群益95購01,0,0,0,0,0,0,0,0,0,-76000,0,0,0,41000,117000,-76000,-76000
1733,五鼎            ,9000,86000,-77000,0,0,0,0,0,0,1000,4000,3000,1000,0,0,0,-76000
048279,聯鈞永豐93購01  ,0,0,0,0,0,0,0,0,0,-76000,0,0,0,44000,120000,-76000,-76000
042994,葡萄王元大94購02,0,0,0,0,0,0,0,0,0,-76000,0,0,0,144000,220000,-76000,-76000
047586,聯發科永豐94購01,0,0,0,0,0,0,0,0,0,-76000,0,0,0,716000,792000,-76000,-76000
04732P,聯茂群益94售01  ,0,0,0,0,0,0,0,0,0,-76000,0,0,0,20000,96000,-76000,-76000
046799,儒鴻元大93購01  ,0,0,0,0,0,0,0,0,0,-76000,0,0,0,3000,79000,-76000,-76000
054335,緯穎永豐96購02  ,0,0,0,0,0,0,0,0,0,-76000,0,0,0,0,76000,-76000,-76000
05520P,聯詠凱基96售01  ,0,0,0,0,0,0,0,0,0,-76000,0,0,0,54000,130000,-76000,-76000
053434,國泰金日盛96購01,0,0,0,0,0,0,0,0,0,-76000,0,0,0,2000,78000,-76000,-76000
3010,華立            ,55000,129000,-74000,0,0,0,0,0,0,-3000,0,3000,-3000,0,0,0,-77000
3004,豐達科          ,18000,96000,-78000,0,0,0,0,0,0,1000,1000,0,1000,0,0,0,-77000
052113,漢唐中信98購01  ,0,0,0,0,0,0,0,0,0,-77000,0,0,0,10000,87000,-77000,-77000
051843,聯發科富邦99購01,0,0,0,0,0,0,0,0,0,-77000,0,0,0,121000,198000,-77000,-77000
04500P,燿華統一94售01  ,0,0,0,0,0,0,0,0,0,-77000,0,0,0,107000,184000,-77000,-77000
046332,同欣電元大92購01,0,0,0,0,0,0,0,0,0,-77000,0,0,0,54000,131000,-77000,-77000
048012,嘉晶國票94購01  ,0,0,0,0,0,0,0,0,0,-77000,0,0,0,46000,123000,-77000,-77000
049259,聯發科元大94購04,0,0,0,0,0,0,0,0,0,-77000,0,0,0,4000,81000,-77000,-77000
049386,嘉聯益元大95購01,0,0,0,0,0,0,0,0,0,-77000,0,0,0,53000,130000,-77000,-77000
05359P,嘉澤元大95售02  ,0,0,0,0,0,0,0,0,0,-77000,0,0,0,0,77000,-77000,-77000
6243,迅杰            ,0,76000,-76000,0,0,0,0,0,0,-1000,0,1000,-1000,0,0,0,-77000
05984P,台積電統一98售01,0,0,0,0,0,0,0,0,0,-77000,0,0,0,0,77000,-77000,-77000
051484,玉晶光凱基97購01,0,0,0,0,0,0,0,0,0,-78000,0,0,0,143000,221000,-78000,-78000
053103,瀚宇博元富96購01,0,0,0,0,0,0,0,0,0,-78000,0,0,0,15000,93000,-78000,-78000
052825,TPK永豐96購01   ,0,0,0,0,0,0,0,0,0,-78000,0,0,0,0,78000,-78000,-78000
048314,京元電凱基93購04,0,0,0,0,0,0,0,0,0,-78000,0,0,0,18000,96000,-78000,-78000
044604,嘉聯益國泰93購01,0,0,0,0,0,0,0,0,0,-78000,0,0,0,441000,519000,-78000,-78000
03908P,致茂元大93售03  ,0,0,0,0,0,0,0,0,0,-78000,0,0,0,0,78000,-78000,-78000
006208,富邦台50        ,0,0,0,0,0,0,0,0,0,-78000,0,0,0,454000,532000,-78000,-78000
046529,臻鼎中信92購01  ,0,0,0,0,0,0,0,0,0,-78000,0,0,0,143000,221000,-78000,-78000
04566P,GIS凱基94售04   ,0,0,0,0,0,0,0,0,0,-78000,0,0,0,0,78000,-78000,-78000
045749,智邦富邦93購01  ,0,0,0,0,0,0,0,0,0,-78000,0,0,0,82000,160000,-78000,-78000
051362,台郡元大95購04  ,0,0,0,0,0,0,0,0,0,-78000,0,0,0,162000,240000,-78000,-78000
05795P,華邦電群益96售05,0,0,0,0,0,0,0,0,0,-78000,0,0,0,22000,100000,-78000,-78000
054615,牧德永豐98購01  ,0,0,0,0,0,0,0,0,0,-78000,0,0,0,71000,149000,-78000,-78000
051523,牧德凱基95購02  ,0,0,0,0,0,0,0,0,0,-79000,0,0,0,32000,111000,-79000,-79000
052277,台達電凱基97購01,0,0,0,0,0,0,0,0,0,-79000,0,0,0,0,79000,-79000,-79000
00713,元大台灣高息低波,0,23000,-23000,0,0,0,0,0,0,-56000,0,0,0,0,56000,-56000,-79000
048333,大立光富邦95購01,0,0,0,0,0,0,0,0,0,-79000,0,0,0,20000,99000,-79000,-79000
04358P,TPK永豐94售01   ,0,0,0,0,0,0,0,0,0,-79000,0,0,0,0,79000,-79000,-79000
043660,華新科元大93購01,0,0,0,0,0,0,0,0,0,-79000,0,0,0,1000,80000,-79000,-79000
048828,禾伸堂凱基94購02,0,0,0,0,0,0,0,0,0,-79000,0,0,0,40000,119000,-79000,-79000
050947,聯發科群益95購01,0,0,0,0,0,0,0,0,0,-79000,0,0,0,43000,122000,-79000,-79000
050317,和鑫國票95購02  ,0,0,0,0,0,0,0,0,0,-79000,0,0,0,93000,172000,-79000,-79000
050044,聯詠兆豐94購02  ,0,0,0,0,0,0,0,0,0,-79000,0,0,0,25000,104000,-79000,-79000
050214,嘉晶台新94購01  ,0,0,0,0,0,0,0,0,0,-79000,0,0,0,122000,201000,-79000,-79000
049595,麗豐元大95購01  ,0,0,0,0,0,0,0,0,0,-79000,0,0,0,170000,249000,-79000,-79000
06002P,華通康和96售01  ,0,0,0,0,0,0,0,0,0,-79000,0,0,0,0,79000,-79000,-79000
06043P,創意永豐96售06  ,0,0,0,0,0,0,0,0,0,-79000,0,0,0,0,79000,-79000,-79000
05370P,矽創元富95售01  ,0,0,0,0,0,0,0,0,0,-79000,0,0,0,15000,94000,-79000,-79000
052580,高鐵元富96購01  ,0,0,0,0,0,0,0,0,0,-80000,0,0,0,0,80000,-80000,-80000
053039,聯發科凱基96購11,0,0,0,0,0,0,0,0,0,-80000,0,0,0,26000,106000,-80000,-80000
2342,茂矽            ,53000,130000,-77000,0,0,0,0,0,0,-3000,0,3000,-3000,0,0,0,-80000
044281,滬深2X凱基91購02,0,0,0,0,0,0,0,0,0,-80000,0,0,0,0,80000,-80000,-80000
047961,百和永豐93購03  ,0,0,0,0,0,0,0,0,0,-80000,0,0,0,20000,100000,-80000,-80000
047978,元油反群益97購01,0,0,0,0,0,0,0,0,0,-80000,0,0,0,220000,300000,-80000,-80000
047979,中石化群益95購01,0,0,0,0,0,0,0,0,0,-80000,0,0,0,0,80000,-80000,-80000
046404,友達元大93購02  ,0,0,0,0,0,0,0,0,0,-80000,0,0,0,0,80000,-80000,-80000
046954,同欣電國票93購01,0,0,0,0,0,0,0,0,0,-80000,0,0,0,0,80000,-80000,-80000
049655,臺股指凱基94購16,0,0,0,0,0,0,0,0,0,-80000,0,0,0,0,80000,-80000,-80000
050119,瀚宇博元大95購03,0,0,0,0,0,0,0,0,0,-80000,0,0,0,0,80000,-80000,-80000
049147,美律元大94購02  ,0,0,0,0,0,0,0,0,0,-80000,0,0,0,180000,260000,-80000,-80000
051172,鴻海第一96購01  ,0,0,0,0,0,0,0,0,0,-80000,0,0,0,0,80000,-80000,-80000
05353P,臺股指元富95售07,0,0,0,0,0,0,0,0,0,-80000,0,0,0,0,80000,-80000,-80000
054191,香港2X中信98購01,0,0,0,0,0,0,0,0,0,-80000,0,0,0,0,80000,-80000,-80000
1229,聯華            ,325000,400000,-75000,0,0,0,2000,0,2000,-7000,0,7000,-7000,0,0,0,-80000
2867,三商壽          ,268000,348000,-80000,0,0,0,0,0,0,-1000,0,1000,-1000,0,0,0,-81000
052578,大立光統一97購01,0,0,0,0,0,0,0,0,0,-81000,0,0,0,52000,133000,-81000,-81000
051679,百和元大95購02  ,0,0,0,0,0,0,0,0,0,-81000,0,0,0,52000,133000,-81000,-81000
047789,景碩群益93購01  ,0,0,0,0,0,0,0,0,0,-81000,0,0,0,27000,108000,-81000,-81000
045650,超眾凱基93購05  ,0,0,0,0,0,0,0,0,0,-81000,0,0,0,0,81000,-81000,-81000
050315,和碩兆豐95購01  ,0,0,0,0,0,0,0,0,0,-81000,0,0,0,11000,92000,-81000,-81000
051932,康控國票96購02  ,0,0,0,0,0,0,0,0,0,-82000,0,0,0,30000,112000,-82000,-82000
2534,宏盛            ,187000,198000,-11000,0,0,0,0,0,0,-71000,0,36000,-36000,2000,37000,-35000,-82000
2444,兆勁            ,32000,114000,-82000,0,0,0,0,0,0,0,0,0,0,0,0,0,-82000
044041,台郡群益91購01  ,0,0,0,0,0,0,0,0,0,-82000,0,0,0,181000,263000,-82000,-82000
050181,富邦金元大94購02,0,0,0,0,0,0,0,0,0,-82000,0,0,0,0,82000,-82000,-82000
05974P,國巨富邦97售03  ,0,0,0,0,0,0,0,0,0,-82000,0,0,0,310000,392000,-82000,-82000
05764P,世紀鋼永豐96售03,0,0,0,0,0,0,0,0,0,-82000,0,0,0,0,82000,-82000,-82000
054095,同欣電群益98購03,0,0,0,0,0,0,0,0,0,-82000,0,0,0,69000,151000,-82000,-82000
2515,中工            ,639000,804000,-165000,0,0,0,0,0,0,82000,104000,2000,102000,39000,59000,-20000,-83000
053270,台塑元大96購01  ,0,0,0,0,0,0,0,0,0,-83000,0,0,0,0,83000,-83000,-83000
04254P,亞德客國票93售03,0,0,0,0,0,0,0,0,0,-83000,0,0,0,0,83000,-83000,-83000
042317,台灣50永豐96購01,0,0,0,0,0,0,0,0,0,-83000,0,0,0,31000,114000,-83000,-83000
047307,儒鴻元大93購04  ,0,0,0,0,0,0,0,0,0,-83000,0,0,0,3000,86000,-83000,-83000
048502,百和元大93購01  ,0,0,0,0,0,0,0,0,0,-83000,0,0,0,88000,171000,-83000,-83000
054000,訊芯群益96購02  ,0,0,0,0,0,0,0,0,0,-83000,0,0,0,18000,101000,-83000,-83000
053468,鴻海元大98購01  ,0,0,0,0,0,0,0,0,0,-83000,0,0,0,31000,114000,-83000,-83000
9902,台火            ,21000,104000,-83000,0,0,0,0,0,0,0,0,0,0,0,0,0,-83000
4746,台耀            ,11000,97000,-86000,0,0,0,0,0,0,3000,4000,1000,3000,0,0,0,-83000
05708P,奇力新國票97售04,0,0,0,0,0,0,0,0,0,-83000,0,0,0,22000,105000,-83000,-83000
05873P,華通群益97售02  ,0,0,0,0,0,0,0,0,0,-83000,0,0,0,10000,93000,-83000,-83000
3588,通嘉            ,58000,141000,-83000,0,0,0,0,0,0,-1000,0,1000,-1000,0,0,0,-84000
052124,京鼎國票95購01  ,0,0,0,0,0,0,0,0,0,-84000,0,0,0,18000,102000,-84000,-84000
03945P,欣興群益94售01  ,0,0,0,0,0,0,0,0,0,-84000,0,0,0,26000,110000,-84000,-84000
043987,禾伸堂元大91購01,0,0,0,0,0,0,0,0,0,-84000,0,0,0,0,84000,-84000,-84000
044602,大立光國泰93購01,0,0,0,0,0,0,0,0,0,-84000,0,0,0,20000,104000,-84000,-84000
047075,群創兆豐93購01  ,0,0,0,0,0,0,0,0,0,-84000,0,0,0,0,84000,-84000,-84000
046921,日電貿永豐93購01,0,0,0,0,0,0,0,0,0,-84000,0,0,0,114000,198000,-84000,-84000
047984,禾伸堂群益93購01,0,0,0,0,0,0,0,0,0,-84000,0,0,0,86000,170000,-84000,-84000
048703,康控國票95購01  ,0,0,0,0,0,0,0,0,0,-84000,0,0,0,0,84000,-84000,-84000
052967,智邦群益96購01  ,0,0,0,0,0,0,0,0,0,-84000,0,0,0,42000,126000,-84000,-84000
045814,可成麥證93購01  ,0,0,0,31000,115000,-84000,0,0,0,-84000,0,0,0,31000,115000,-84000,-84000
050143,臻鼎元富94購05  ,0,0,0,0,0,0,0,0,0,-84000,0,0,0,217000,301000,-84000,-84000
050878,嘉聯益統一95購01,0,0,0,0,0,0,0,0,0,-84000,0,0,0,74000,158000,-84000,-84000
05913P,國巨元大96售11  ,0,0,0,0,0,0,0,0,0,-84000,0,0,0,50000,134000,-84000,-84000
05634P,玉晶光台新97售01,0,0,0,0,0,0,0,0,0,-84000,0,0,0,0,84000,-84000,-84000
05571P,大立光統一96售03,0,0,0,0,0,0,0,0,0,-84000,0,0,0,51000,135000,-84000,-84000
054266,緯穎元大96購07  ,0,0,0,0,0,0,0,0,0,-84000,0,0,0,114000,198000,-84000,-84000
052987,華新科元大99購01,0,0,0,0,0,0,0,0,0,-85000,0,0,0,3000,88000,-85000,-85000
048231,台表科凱基93購06,0,0,0,0,0,0,0,0,0,-85000,0,0,0,31000,116000,-85000,-85000
03769P,聯發科元大93售04,0,0,0,0,0,0,0,0,0,-85000,0,0,0,706000,791000,-85000,-85000
04239P,上銀凱基93售08  ,0,0,0,0,0,0,0,0,0,-85000,0,0,0,0,85000,-85000,-85000
047306,儒鴻元大93購03  ,0,0,0,0,0,0,0,0,0,-85000,0,0,0,2000,87000,-85000,-85000
047430,儒鴻元大93購05  ,0,0,0,0,0,0,0,0,0,-85000,0,0,0,3000,88000,-85000,-85000
049883,台表科永豐94購02,0,0,0,0,0,0,0,0,0,-85000,0,0,0,6000,91000,-85000,-85000
05495P,大立光統一95售07,0,0,0,0,0,0,0,0,0,-85000,0,0,0,38000,123000,-85000,-85000
06007P,世芯永豐96售01  ,0,0,0,0,0,0,0,0,0,-85000,0,0,0,0,85000,-85000,-85000
06072P,牧德永豐97售01  ,0,0,0,0,0,0,0,0,0,-85000,0,0,0,0,85000,-85000,-85000
2390,云辰            ,58000,142000,-84000,0,0,0,0,0,0,-2000,0,2000,-2000,0,0,0,-86000
03283P,台灣50群益03售03,0,0,0,0,0,0,0,0,0,-86000,0,0,0,0,86000,-86000,-86000
048037,台表科凱基93購05,0,0,0,0,0,0,0,0,0,-86000,0,0,0,10000,96000,-86000,-86000
048744,儒鴻元富97購01  ,0,0,0,0,0,0,0,0,0,-86000,0,0,0,0,86000,-86000,-86000
049894,嘉聯益富邦98購01,0,0,0,0,0,0,0,0,0,-86000,0,0,0,414000,500000,-86000,-86000
049736,宏達電群益95購03,0,0,0,0,0,0,0,0,0,-86000,0,0,0,100000,186000,-86000,-86000
050601,台表科國泰96購01,0,0,0,0,0,0,0,0,0,-86000,0,0,0,53000,139000,-86000,-86000
05493P,華新科富邦99售02,0,0,0,0,0,0,0,0,0,-86000,0,0,0,0,86000,-86000,-86000
054646,華新科群益97購03,0,0,0,0,0,0,0,0,0,-86000,0,0,0,0,86000,-86000,-86000
053749,揚明光永豐97購01,0,0,0,0,0,0,0,0,0,-86000,0,0,0,35000,121000,-86000,-86000
053681,臺股指富邦96購02,0,0,0,0,0,0,0,0,0,-86000,0,0,0,50000,136000,-86000,-86000
045235,致茂中信93購01  ,0,0,0,0,0,0,0,0,0,-87000,0,0,0,402000,489000,-87000,-87000
04105P,東陽康和93售03  ,0,0,0,0,0,0,0,0,0,-87000,0,0,0,0,87000,-87000,-87000
048404,大立光群益93購11,0,0,0,0,0,0,0,0,0,-87000,0,0,0,24000,111000,-87000,-87000
050771,華新科元大94購06,0,0,0,0,0,0,0,0,0,-87000,0,0,0,61000,148000,-87000,-87000
05044P,亞德客永豐95售01,0,0,0,0,0,0,0,0,0,-87000,0,0,0,54000,141000,-87000,-87000
051323,康控國票96購01  ,0,0,0,0,0,0,0,0,0,-87000,0,0,0,26000,113000,-87000,-87000
051290,大立光統一96購02,0,0,0,0,0,0,0,0,0,-87000,0,0,0,8000,95000,-87000,-87000
049967,華新科國票94購07,0,0,0,0,0,0,0,0,0,-87000,0,0,0,66000,153000,-87000,-87000
053597,牧德元大99購01  ,0,0,0,0,0,0,0,0,0,-87000,0,0,0,191000,278000,-87000,-87000
05775P,台積電國泰98售02,0,0,0,0,0,0,0,0,0,-87000,0,0,0,11000,98000,-87000,-87000
052333,嘉聯益兆豐96購01,0,0,0,0,0,0,0,0,0,-88000,0,0,0,172000,260000,-88000,-88000
05270P,台表科元大95售05,0,0,0,0,0,0,0,0,0,-88000,0,0,0,30000,118000,-88000,-88000
052053,泰鼎凱基96購01  ,0,0,0,0,0,0,0,0,0,-88000,0,0,0,10000,98000,-88000,-88000
051690,超眾凱基95購03  ,0,0,0,0,0,0,0,0,0,-88000,0,0,0,44000,132000,-88000,-88000
05165P,欣興元富95售03  ,0,0,0,0,0,0,0,0,0,-88000,0,0,0,55000,143000,-88000,-88000
051733,中環國票96購02  ,0,0,0,0,0,0,0,0,0,-88000,0,0,0,152000,240000,-88000,-88000
051579,宏碁元大95購01  ,0,0,0,0,0,0,0,0,0,-88000,0,0,0,167000,255000,-88000,-88000
03098P,大立光凱基01售10,0,0,0,0,0,0,0,0,0,-88000,0,0,0,0,88000,-88000,-88000
052888,台表科中信9A購01,0,0,0,0,0,0,0,0,0,-88000,0,0,0,110000,198000,-88000,-88000
046436,新光金群益92購02,0,0,0,0,0,0,0,0,0,-88000,0,0,0,0,88000,-88000,-88000
04755P,大立光元富94售07,0,0,0,0,0,0,0,0,0,-88000,0,0,0,0,88000,-88000,-88000
047901,復盛群益93購01  ,0,0,0,0,0,0,0,0,0,-88000,0,0,0,299000,387000,-88000,-88000
048505,滬深2X群益99購03,0,0,0,0,0,0,0,0,0,-88000,0,0,0,0,88000,-88000,-88000
050069,禾伸堂凱基94購04,0,0,0,0,0,0,0,0,0,-88000,0,0,0,72000,160000,-88000,-88000
049416,美律凱基94購04  ,0,0,0,0,0,0,0,0,0,-88000,0,0,0,4000,92000,-88000,-88000
049562,和大統一94購01  ,0,0,0,0,0,0,0,0,0,-88000,0,0,0,0,88000,-88000,-88000
050287,台達電凱基94購10,0,0,0,0,0,0,0,0,0,-88000,0,0,0,0,88000,-88000,-88000
054520,健鼎元大96購02  ,0,0,0,0,0,0,0,0,0,-88000,0,0,0,90000,178000,-88000,-88000
5215,科嘉-KY         ,25000,126000,-101000,0,0,0,0,0,0,13000,14000,1000,13000,0,0,0,-88000
051753,華通元大96購03  ,0,0,0,0,0,0,0,0,0,-89000,0,0,0,221000,310000,-89000,-89000
052429,禾伸堂永豐95購02,0,0,0,0,0,0,0,0,0,-89000,0,0,0,90000,179000,-89000,-89000
053084,國巨元大98購01  ,0,0,0,0,0,0,0,0,0,-89000,0,0,0,13000,102000,-89000,-89000
053230,達方台新97購01  ,0,0,0,0,0,0,0,0,0,-89000,0,0,0,54000,143000,-89000,-89000
046203,GIS凱基93購02   ,0,0,0,0,0,0,0,0,0,-89000,0,0,0,11000,100000,-89000,-89000
048795,復盛元大94購01  ,0,0,0,0,0,0,0,0,0,-89000,0,0,0,105000,194000,-89000,-89000
054234,可成群益96購05  ,0,0,0,0,0,0,0,0,0,-89000,0,0,0,14000,103000,-89000,-89000
05884P,旺宏統一96售01  ,0,0,0,0,0,0,0,0,0,-89000,0,0,0,4000,93000,-89000,-89000
052813,T50正2永豐96購01,0,0,0,0,0,0,0,0,0,-90000,0,0,0,40000,130000,-90000,-90000
3052,夆典            ,33000,123000,-90000,0,0,0,0,0,0,0,0,0,0,0,0,0,-90000
052284,日月光凱基96購01,0,0,0,0,0,0,0,0,0,-90000,0,0,0,16000,106000,-90000,-90000
052291,鴻海元富97購02  ,0,0,0,0,0,0,0,0,0,-90000,0,0,0,8000,98000,-90000,-90000
05234P,美食康和95售01  ,0,0,0,0,0,0,0,0,0,-90000,0,0,0,0,90000,-90000,-90000
03501P,奇鋐國票03售02  ,0,0,0,0,0,0,0,0,0,-90000,0,0,0,10000,100000,-90000,-90000
03874P,臺股指群益95售01,0,0,0,0,0,0,0,0,0,-90000,0,0,0,450000,540000,-90000,-90000
042194,揚明光富邦93購01,0,0,0,0,0,0,0,0,0,-90000,0,0,0,0,90000,-90000,-90000
048319,嘉晶凱基93購04  ,0,0,0,0,0,0,0,0,0,-90000,0,0,0,0,90000,-90000,-90000
044957,貿聯凱基92購01  ,0,0,0,0,0,0,0,0,0,-90000,0,0,0,5000,95000,-90000,-90000
04590P,元石油元大97售01,0,0,0,0,0,0,0,0,0,-90000,0,0,0,0,90000,-90000,-90000
047950,滬深2X永豐94購02,0,0,0,0,0,0,0,0,0,-90000,0,0,0,100000,190000,-90000,-90000
046228,神基元大92購01  ,0,0,0,0,0,0,0,0,0,-90000,0,0,0,10000,100000,-90000,-90000
04619P,華新統一94售02  ,0,0,0,0,0,0,0,0,0,-90000,0,0,0,156000,246000,-90000,-90000
047466,新光金國泰95購01,0,0,0,0,0,0,0,0,0,-90000,0,0,0,608000,698000,-90000,-90000
046845,燿華永豐93購01  ,0,0,0,0,0,0,0,0,0,-90000,0,0,0,280000,370000,-90000,-90000
050431,聯發科凱基94購18,0,0,0,0,0,0,0,0,0,-90000,0,0,0,10000,100000,-90000,-90000
05069P,鴻海統一96售03  ,0,0,0,0,0,0,0,0,0,-90000,0,0,0,55000,145000,-90000,-90000
048853,凌陽群益94購01  ,0,0,0,0,0,0,0,0,0,-90000,0,0,0,13000,103000,-90000,-90000
050112,高鐵元大94購02  ,0,0,0,0,0,0,0,0,0,-90000,0,0,0,38000,128000,-90000,-90000
054476,聯發科中信96購03,0,0,0,0,0,0,0,0,0,-90000,0,0,0,0,90000,-90000,-90000
05446P,緯穎元大95售04  ,0,0,0,0,0,0,0,0,0,-90000,0,0,0,100000,190000,-90000,-90000
05597P,鴻海元富96售06  ,0,0,0,0,0,0,0,0,0,-90000,0,0,0,0,90000,-90000,-90000
053531,國泰金康和96購01,0,0,0,0,0,0,0,0,0,-90000,0,0,0,0,90000,-90000,-90000
2704,國賓            ,59000,149000,-90000,0,0,0,0,0,0,-1000,0,1000,-1000,0,0,0,-91000
05328P,臺股指凱基95售12,0,0,0,0,0,0,0,0,0,-91000,0,0,0,0,91000,-91000,-91000
053327,彩晶台新97購01  ,0,0,0,0,0,0,0,0,0,-91000,0,0,0,83000,174000,-91000,-91000
04454P,大立光富邦98售02,0,0,0,0,0,0,0,0,0,-91000,0,0,0,2000,93000,-91000,-91000
047651,復盛元大93購01  ,0,0,0,0,0,0,0,0,0,-91000,0,0,0,100000,191000,-91000,-91000
047632,儒鴻元大93購08  ,0,0,0,0,0,0,0,0,0,-91000,0,0,0,25000,116000,-91000,-91000
048548,緯穎永豐93購02  ,0,0,0,0,0,0,0,0,0,-91000,0,0,0,0,91000,-91000,-91000
050004,明泰永豐94購01  ,0,0,0,0,0,0,0,0,0,-91000,0,0,0,10000,101000,-91000,-91000
049293,友訊群益95購01  ,0,0,0,0,0,0,0,0,0,-91000,0,0,0,367000,458000,-91000,-91000
050304,台光電中信94購01,0,0,0,0,0,0,0,0,0,-91000,0,0,0,68000,159000,-91000,-91000
06024P,台郡國票97售05  ,0,0,0,0,0,0,0,0,0,-91000,0,0,0,12000,103000,-91000,-91000
05322P,台積電凱基95售17,0,0,0,0,0,0,0,0,0,-92000,0,0,0,870000,962000,-92000,-92000
052874,超眾凱基96購01  ,0,0,0,0,0,0,0,0,0,-92000,0,0,0,59000,151000,-92000,-92000
047922,聯發科凱基94購01,0,0,0,0,0,0,0,0,0,-92000,0,0,0,82000,174000,-92000,-92000
047149,聯鈞群益93購01  ,0,0,0,0,0,0,0,0,0,-92000,0,0,0,128000,220000,-92000,-92000
048114,景碩群益93購02  ,0,0,0,0,0,0,0,0,0,-92000,0,0,0,32000,124000,-92000,-92000
050062,聯發科凱基94購08,0,0,0,0,0,0,0,0,0,-92000,0,0,0,137000,229000,-92000,-92000
04987P,昇陽半永豐94售04,0,0,0,0,0,0,0,0,0,-92000,0,0,0,8000,100000,-92000,-92000
05706P,TPK永豐96售02   ,0,0,0,0,0,0,0,0,0,-92000,0,0,0,0,92000,-92000,-92000
4976,佳凌            ,59000,150000,-91000,0,0,0,0,0,0,-1000,0,1000,-1000,0,0,0,-92000
2536,宏普            ,90000,180000,-90000,0,0,0,0,0,0,-3000,0,3000,-3000,0,0,0,-93000
048402,聯茂兆豐95購01  ,0,0,0,0,0,0,0,0,0,-93000,0,0,0,0,93000,-93000,-93000
049929,祥碩元大94購03  ,0,0,0,0,0,0,0,0,0,-93000,0,0,0,6000,99000,-93000,-93000
049475,高鐵永豐94購01  ,0,0,0,0,0,0,0,0,0,-93000,0,0,0,60000,153000,-93000,-93000
051050,鴻海群益95購03  ,0,0,0,0,0,0,0,0,0,-93000,0,0,0,94000,187000,-93000,-93000
053438,玉晶光麥證97購02,0,0,0,74000,167000,-93000,0,0,0,-93000,0,0,0,74000,167000,-93000,-93000
05514P,康舒永豐96售01  ,0,0,0,0,0,0,0,0,0,-93000,0,0,0,0,93000,-93000,-93000
052078,大立光元富95購10,0,0,0,0,0,0,0,0,0,-94000,0,0,0,62000,156000,-94000,-94000
048303,A50凱基96購01   ,0,0,0,0,0,0,0,0,0,-94000,0,0,0,10000,104000,-94000,-94000
048538,美利達國票94購01,0,0,0,0,0,0,0,0,0,-94000,0,0,0,0,94000,-94000,-94000
046639,嘉晶永豐93購01  ,0,0,0,0,0,0,0,0,0,-94000,0,0,0,114000,208000,-94000,-94000
048008,聯發科富邦95購02,0,0,0,0,0,0,0,0,0,-94000,0,0,0,48000,142000,-94000,-94000
049529,華新科中信95購01,0,0,0,0,0,0,0,0,0,-94000,0,0,0,138000,232000,-94000,-94000
05631P,國巨富邦9A售01  ,0,0,0,0,0,0,0,0,0,-94000,0,0,0,25000,119000,-94000,-94000
054375,貿聯中信99購01  ,0,0,0,0,0,0,0,0,0,-94000,0,0,0,10000,104000,-94000,-94000
5203,訊連            ,59000,143000,-84000,0,0,0,0,0,0,-10000,3000,1000,2000,0,12000,-12000,-94000
054298,台表科元大97購03,0,0,0,0,0,0,0,0,0,-94000,0,0,0,13000,107000,-94000,-94000
051993,和碩元大95購03  ,0,0,0,0,0,0,0,0,0,-95000,0,0,0,0,95000,-95000,-95000
052417,聯發科兆豐9B購01,0,0,0,0,0,0,0,0,0,-95000,0,0,0,0,95000,-95000,-95000
1736,喬山            ,263000,287000,-24000,0,0,0,0,0,0,-71000,0,32000,-32000,6000,45000,-39000,-95000
052806,玉晶光元大98購04,0,0,0,0,0,0,0,0,0,-95000,0,0,0,318000,413000,-95000,-95000
04534P,臻鼎元富94售03  ,0,0,0,0,0,0,0,0,0,-95000,0,0,0,5000,100000,-95000,-95000
00646,元大S&P500      ,0,5000,-5000,0,0,0,0,0,0,-90000,5000,0,5000,52000,147000,-95000,-95000
046405,京元電元大92購07,0,0,0,0,0,0,0,0,0,-95000,0,0,0,120000,215000,-95000,-95000
051455,樺漢元大96購01  ,0,0,0,0,0,0,0,0,0,-95000,0,0,0,146000,241000,-95000,-95000
050766,燿華元大96購02  ,0,0,0,0,0,0,0,0,0,-95000,0,0,0,74000,169000,-95000,-95000
053876,可成永昌98購01  ,0,0,0,0,0,0,0,0,0,-95000,0,0,0,156000,251000,-95000,-95000
8261,富鼎            ,68000,162000,-94000,0,0,0,0,0,0,-1000,0,1000,-1000,0,0,0,-95000
05452P,亞德客群益95售02,0,0,0,0,0,0,0,0,0,-95000,0,0,0,0,95000,-95000,-95000
052093,麗豐元大96購04  ,0,0,0,0,0,0,0,0,0,-96000,0,0,0,4000,100000,-96000,-96000
04140P,聯茂國票93售03  ,0,0,0,0,0,0,0,0,0,-96000,0,0,0,0,96000,-96000,-96000
04320P,亞德客元大93售07,0,0,0,0,0,0,0,0,0,-96000,0,0,0,0,96000,-96000,-96000
052896,宏達電群益96購01,0,0,0,0,0,0,0,0,0,-96000,0,0,0,25000,121000,-96000,-96000
048812,上証2X凱基96購01,0,0,0,0,0,0,0,0,0,-96000,0,0,0,419000,515000,-96000,-96000
047747,致茂元富93購01  ,0,0,0,0,0,0,0,0,0,-96000,0,0,0,0,96000,-96000,-96000
051103,緯穎元大96購03  ,0,0,0,0,0,0,0,0,0,-96000,0,0,0,136000,232000,-96000,-96000
048965,佳世達元大94購01,0,0,0,0,0,0,0,0,0,-96000,0,0,0,0,96000,-96000,-96000
049744,亞德客永豐94購01,0,0,0,0,0,0,0,0,0,-96000,0,0,0,0,96000,-96000,-96000
049795,華通元大96購02  ,0,0,0,0,0,0,0,0,0,-96000,0,0,0,369000,465000,-96000,-96000
049617,光罩群益94購03  ,0,0,0,0,0,0,0,0,0,-96000,0,0,0,131000,227000,-96000,-96000
05914P,友達元大96售04  ,0,0,0,0,0,0,0,0,0,-96000,0,0,0,4000,100000,-96000,-96000
06037P,超眾國票98售02  ,0,0,0,0,0,0,0,0,0,-96000,0,0,0,42000,138000,-96000,-96000
053616,奇力新群益97購01,0,0,0,0,0,0,0,0,0,-96000,0,0,0,115000,211000,-96000,-96000
054309,禾伸堂凱基98購01,0,0,0,0,0,0,0,0,0,-96000,0,0,0,34000,130000,-96000,-96000
04335P,大成鋼元大93售01,0,0,0,0,0,0,0,0,0,-97000,0,0,0,8000,105000,-97000,-97000
04894P,世紀鋼元大94售02,0,0,0,0,0,0,0,0,0,-97000,0,0,0,122000,219000,-97000,-97000
050970,康舒永豐95購01  ,0,0,0,0,0,0,0,0,0,-97000,0,0,0,30000,127000,-97000,-97000
06073P,健策永豐97售01  ,0,0,0,0,0,0,0,0,0,-97000,0,0,0,0,97000,-97000,-97000
054351,華新科國泰97購03,0,0,0,0,0,0,0,0,0,-97000,0,0,0,26000,123000,-97000,-97000
05731P,創意統一96售03  ,0,0,0,0,0,0,0,0,0,-97000,0,0,0,0,97000,-97000,-97000
052143,鴻海群益95購09  ,0,0,0,0,0,0,0,0,0,-98000,0,0,0,9000,107000,-98000,-98000
047771,緯創元大93購01  ,0,0,0,0,0,0,0,0,0,-98000,0,0,0,2000,100000,-98000,-98000
047792,美利達群益93購02,0,0,0,0,0,0,0,0,0,-98000,0,0,0,0,98000,-98000,-98000
04813P,智邦元大94售07  ,0,0,0,0,0,0,0,0,0,-98000,0,0,0,0,98000,-98000,-98000
047732,美利達群益93購01,0,0,0,0,0,0,0,0,0,-98000,0,0,0,0,98000,-98000,-98000
046473,晶技永豐92購01  ,0,0,0,0,0,0,0,0,0,-98000,0,0,0,222000,320000,-98000,-98000
050951,緯創群益96購01  ,0,0,0,0,0,0,0,0,0,-98000,0,0,0,26000,124000,-98000,-98000
050313,大立光兆豐94購05,0,0,0,0,0,0,0,0,0,-98000,0,0,0,25000,123000,-98000,-98000
050357,南電群益94購02  ,0,0,0,0,0,0,0,0,0,-98000,0,0,0,0,98000,-98000,-98000
049073,光罩凱基94購01  ,0,0,0,0,0,0,0,0,0,-98000,0,0,0,2000,100000,-98000,-98000
049026,晶相光群益94購01,0,0,0,0,0,0,0,0,0,-98000,0,0,0,189000,287000,-98000,-98000
05961P,鴻海群益97售01  ,0,0,0,0,0,0,0,0,0,-98000,0,0,0,10000,108000,-98000,-98000
05410P,聯發科元富95售04,0,0,0,0,0,0,0,0,0,-98000,0,0,0,0,98000,-98000,-98000
053617,宏達電群益96購02,0,0,0,0,0,0,0,0,0,-98000,0,0,0,0,98000,-98000,-98000
052358,台表科永豐95購02,0,180000,-180000,0,0,0,0,0,0,81000,0,0,0,234000,153000,81000,-99000
051548,鈺齊康和95購01  ,0,0,0,0,0,0,0,0,0,-99000,0,0,0,0,99000,-99000,-99000
05280P,華通元大95售08  ,0,0,0,0,0,0,0,0,0,-99000,0,0,0,36000,135000,-99000,-99000
053390,彩晶元大9A購01  ,0,0,0,0,0,0,0,0,0,-99000,0,0,0,1000,100000,-99000,-99000
03891P,晶技國泰94售02  ,0,0,0,0,0,0,0,0,0,-99000,0,0,0,6000,105000,-99000,-99000
04585P,楠梓電永豐94售02,0,0,0,0,0,0,0,0,0,-99000,0,0,0,10000,109000,-99000,-99000
046246,嘉聯益亞東93購01,0,0,0,0,0,0,0,0,0,-99000,0,0,0,0,99000,-99000,-99000
046886,喬山群益93購01  ,0,0,0,0,0,0,0,0,0,-99000,0,0,0,5000,104000,-99000,-99000
047937,元金2X國票97購02,0,0,0,0,0,0,0,0,0,-99000,0,0,0,1000,100000,-99000,-99000
4994,傳奇            ,42000,126000,-84000,0,0,0,0,0,0,-15000,1000,1000,0,1000,16000,-15000,-99000
054601,奇鋐台新98購01  ,0,0,0,0,0,0,0,0,0,-99000,0,0,0,1000,100000,-99000,-99000
053214,冠德凱基96購02  ,0,0,0,0,0,0,0,0,0,-100000,0,0,0,0,100000,-100000,-100000
053276,友達元大9C購01  ,0,0,0,0,0,0,0,0,0,-100000,0,0,0,0,100000,-100000,-100000
052794,群創兆豐97購01  ,0,0,0,0,0,0,0,0,0,-100000,0,0,0,0,100000,-100000,-100000
05279P,上銀元大95售02  ,0,0,0,0,0,0,0,0,0,-100000,0,0,0,0,100000,-100000,-100000
05299P,旺宏元大95售04  ,0,0,0,0,0,0,0,0,0,-100000,0,0,0,0,100000,-100000,-100000
05173P,臺股指元大95售17,0,0,0,0,0,0,0,0,0,-100000,0,0,0,0,100000,-100000,-100000
051676,康舒元大95購01  ,0,0,0,0,0,0,0,0,0,-100000,0,0,0,0,100000,-100000,-100000
05204P,TPK元大95售03   ,0,0,0,0,0,0,0,0,0,-100000,0,0,0,0,100000,-100000,-100000
051903,T50反1元大97購02,0,0,0,0,0,0,0,0,0,-100000,0,0,0,0,100000,-100000,-100000
052253,康控永豐95購04  ,0,0,0,0,0,0,0,0,0,-100000,0,0,0,0,100000,-100000,-100000
05244P,台積電元大95售17,0,0,0,0,0,0,0,0,0,-100000,0,0,0,766000,866000,-100000,-100000
052469,宏碁亞東95購01  ,0,0,0,0,0,0,0,0,0,-100000,0,0,0,0,100000,-100000,-100000
03849P,大成鋼凱基93售03,0,0,0,0,0,0,0,0,0,-100000,0,0,0,0,100000,-100000,-100000
03909P,奇鋐元大93售04  ,0,0,0,0,0,0,0,0,0,-100000,0,0,0,85000,185000,-100000,-100000
03910P,GIS元大93售09   ,0,0,0,0,0,0,0,0,0,-100000,0,0,0,0,100000,-100000,-100000
03203P,台積電凱基01售26,0,0,0,0,0,0,0,0,0,-100000,0,0,0,0,100000,-100000,-100000
03373P,聯發科元大02售11,0,0,0,0,0,0,0,0,0,-100000,0,0,0,0,100000,-100000,-100000
03562P,台灣50群益02售13,0,0,0,0,0,0,0,0,0,-100000,0,0,0,0,100000,-100000,-100000
03802P,GIS元大93售07   ,0,0,0,0,0,0,0,0,0,-100000,0,0,0,0,100000,-100000,-100000
03796P,宏碁元大93售01  ,0,0,0,0,0,0,0,0,0,-100000,0,0,0,0,100000,-100000,-100000
03798P,台光電元大93售02,0,0,0,0,0,0,0,0,0,-100000,0,0,0,100000,200000,-100000,-100000
03771P,中磊元大93售03  ,0,0,0,0,0,0,0,0,0,-100000,0,0,0,0,100000,-100000,-100000
03721P,卜蜂元大93售01  ,0,0,0,0,0,0,0,0,0,-100000,0,0,0,0,100000,-100000,-100000
03620P,GIS元大92售06   ,0,0,0,0,0,0,0,0,0,-100000,0,0,0,0,100000,-100000,-100000
03654P,GIS元大92售07   ,0,0,0,0,0,0,0,0,0,-100000,0,0,0,26000,126000,-100000,-100000
03973P,高鐵元大93售01  ,0,0,0,0,0,0,0,0,0,-100000,0,0,0,0,100000,-100000,-100000
03978P,瑞儀元大93售01  ,0,0,0,0,0,0,0,0,0,-100000,0,0,0,0,100000,-100000,-100000
04011P,台積電元大93售22,0,0,0,0,0,0,0,0,0,-100000,0,0,0,0,100000,-100000,-100000
04036P,臻鼎群益93售03  ,0,0,0,0,0,0,0,0,0,-100000,0,0,0,0,100000,-100000,-100000
04121P,宏碁凱基93售02  ,0,0,0,0,0,0,0,0,0,-100000,0,0,0,0,100000,-100000,-100000
04133P,友達群益93售01  ,0,0,0,0,0,0,0,0,0,-100000,0,0,0,0,100000,-100000,-100000
04135P,亞德客元大93售04,0,0,0,0,0,0,0,0,0,-100000,0,0,0,0,100000,-100000,-100000
04116P,京元電元大94售02,0,0,0,0,0,0,0,0,0,-100000,0,0,0,0,100000,-100000,-100000
04175P,台積電群益94售05,0,0,0,0,0,0,0,0,0,-100000,0,0,0,0,100000,-100000,-100000
04840P,大立光元大94售18,0,0,0,0,0,0,0,0,0,-100000,0,0,0,0,100000,-100000,-100000
048286,滬深2X兆豐94購04,0,0,0,0,0,0,0,0,0,-100000,0,0,0,0,100000,-100000,-100000
04375P,卜蜂元大94售01  ,0,0,0,0,0,0,0,0,0,-100000,0,0,0,0,100000,-100000,-100000
045007,台光電元大92購04,0,0,0,0,0,0,0,0,0,-100000,0,0,0,0,100000,-100000,-100000
04502P,元油2X元富98售08,0,0,0,0,0,0,0,0,0,-100000,0,0,0,0,100000,-100000,-100000
043726,T50反1國泰93購01,0,0,0,0,0,0,0,0,0,-100000,0,0,0,0,100000,-100000,-100000
04415P,牧德元富94售05  ,0,0,0,0,0,0,0,0,0,-100000,0,0,0,0,100000,-100000,-100000
04402P,TPK兆豐95售01   ,0,0,0,0,0,0,0,0,0,-100000,0,0,0,0,100000,-100000,-100000
044501,滬深2X凱基92購02,0,0,0,0,0,0,0,0,0,-100000,0,0,0,0,100000,-100000,-100000
046661,冠德元大93購01  ,0,0,0,0,0,0,0,0,0,-100000,0,0,0,0,100000,-100000,-100000
047842,聯茂元大93購06  ,0,0,0,0,0,0,0,0,0,-100000,0,0,0,0,100000,-100000,-100000
046239,中石化中信92購02,0,0,0,0,0,0,0,0,0,-100000,0,0,0,0,100000,-100000,-100000
046950,隆達元大93購01  ,0,0,0,0,0,0,0,0,0,-100000,0,0,0,0,100000,-100000,-100000
047698,瑞儀日盛93購01  ,0,0,0,0,0,0,0,0,0,-100000,0,0,0,0,100000,-100000,-100000
047693,T50反1國票95購01,0,0,0,0,0,0,0,0,0,-100000,0,0,0,0,100000,-100000,-100000
046151,矽創國票92購02  ,0,0,0,0,0,0,0,0,0,-100000,0,0,0,0,100000,-100000,-100000
046252,冠德群益92購01  ,0,0,0,0,0,0,0,0,0,-100000,0,0,0,10000,110000,-100000,-100000
04598P,光罩凱基94售03  ,0,0,0,0,0,0,0,0,0,-100000,0,0,0,0,100000,-100000,-100000
04874P,高股息中信97售01,0,0,0,0,0,0,0,0,0,-100000,0,0,0,0,100000,-100000,-100000
047516,深中小第一93購01,0,0,0,0,0,0,0,0,0,-100000,0,0,0,0,100000,-100000,-100000
049336,台達電統一94購02,0,0,0,0,0,0,0,0,0,-100000,0,0,0,0,100000,-100000,-100000
049218,燿華國票94購02  ,0,0,0,0,0,0,0,0,0,-100000,0,0,0,0,100000,-100000,-100000
049533,美食永豐94購03  ,0,0,0,0,0,0,0,0,0,-100000,0,0,0,0,100000,-100000,-100000
049549,瀚宇博群益94購01,0,0,0,0,0,0,0,0,0,-100000,0,0,0,0,100000,-100000,-100000
049697,群創元大98購01  ,0,0,0,0,0,0,0,0,0,-100000,0,0,0,0,100000,-100000,-100000
049748,智原永豐94購01  ,0,0,0,0,0,0,0,0,0,-100000,0,0,0,258000,358000,-100000,-100000
049832,麗豐凱基94購05  ,0,0,0,0,0,0,0,0,0,-100000,0,0,0,0,100000,-100000,-100000
049974,聯發科日盛94購02,0,0,0,0,0,0,0,0,0,-100000,0,0,0,10000,110000,-100000,-100000
050303,S&P反1中信96購01,0,0,0,0,0,0,0,0,0,-100000,0,0,0,0,100000,-100000,-100000
050242,義隆凱基94購04  ,0,0,0,0,0,0,0,0,0,-100000,0,0,0,0,100000,-100000,-100000
050404,元大金麥證94購01,0,0,0,10000,110000,-100000,0,0,0,-100000,0,0,0,10000,110000,-100000,-100000
050846,緯創國票96購01  ,0,0,0,0,0,0,0,0,0,-100000,0,0,0,0,100000,-100000,-100000
050890,南電富邦99購01  ,0,0,0,0,0,0,0,0,0,-100000,0,0,0,0,100000,-100000,-100000
051134,燿華永豐95購05  ,0,0,0,0,0,0,0,0,0,-100000,0,0,0,0,100000,-100000,-100000
051141,鈺齊永豐95購01  ,0,0,0,0,0,0,0,0,0,-100000,0,0,0,0,100000,-100000,-100000
054588,玉晶光國泰99購02,0,0,0,0,0,0,0,0,0,-100000,0,0,0,180000,280000,-100000,-100000
054486,漢唐台新96購01  ,0,0,0,0,0,0,0,0,0,-100000,0,0,0,5000,105000,-100000,-100000
054495,滬深2X永豐97購02,0,0,0,0,0,0,0,0,0,-100000,0,0,0,0,100000,-100000,-100000
06025P,臺股指元大99售02,0,0,0,0,0,0,0,0,0,-100000,0,0,0,0,100000,-100000,-100000
05888P,友達元大97售01  ,0,0,0,0,0,0,0,0,0,-100000,0,0,0,0,100000,-100000,-100000
08525P,台灣50凱基96售02,0,0,0,0,0,0,0,0,0,-100000,0,0,0,0,100000,-100000,-100000
054040,中石化元大9C購01,0,0,0,0,0,0,0,0,0,-100000,0,0,0,42000,142000,-100000,-100000
053294,聯發科中信9C購01,0,0,0,0,0,0,0,0,0,-101000,0,0,0,20000,121000,-101000,-101000
1515,力山            ,59000,145000,-86000,0,0,0,0,0,0,-15000,0,1000,-1000,1000,15000,-14000,-101000
045439,A50正2元富92購01,0,0,0,0,0,0,0,0,0,-101000,0,0,0,21000,122000,-101000,-101000
045053,聯發科元富98購01,0,0,0,0,0,0,0,0,0,-101000,0,0,0,87000,188000,-101000,-101000
044814,華邦電兆豐93購02,0,0,0,0,0,0,0,0,0,-101000,0,0,0,394000,495000,-101000,-101000
03937P,聯詠元大93售08  ,0,0,0,0,0,0,0,0,0,-101000,0,0,0,0,101000,-101000,-101000
05067P,欣興兆豐96售02  ,0,0,0,0,0,0,0,0,0,-101000,0,0,0,5000,106000,-101000,-101000
050050,國泰金群益94購02,0,0,0,0,0,0,0,0,0,-101000,0,0,0,1000,102000,-101000,-101000
049738,神基群益94購01  ,0,0,0,0,0,0,0,0,0,-101000,0,0,0,9000,110000,-101000,-101000
049688,台光電元大94購04,0,0,0,0,0,0,0,0,0,-101000,0,0,0,39000,140000,-101000,-101000
5534,長虹            ,88000,41000,47000,0,0,0,0,0,0,-148000,2000,150000,-148000,0,0,0,-101000
6533,晶心科          ,121000,231000,-110000,0,0,0,0,0,0,9000,10000,1000,9000,0,0,0,-101000
05445P,聯詠元大95售05  ,0,0,0,0,0,0,0,0,0,-101000,0,0,0,0,101000,-101000,-101000
054697,凌華永豐97購01  ,0,0,0,0,0,0,0,0,0,-101000,0,0,0,0,101000,-101000,-101000
3003,健和興          ,104000,205000,-101000,0,0,0,0,0,0,-1000,0,1000,-1000,0,0,0,-102000
053261,國巨群益96購05  ,0,0,0,0,0,0,0,0,0,-102000,0,0,0,10000,112000,-102000,-102000
047419,聯發科富邦95購01,0,0,0,0,0,0,0,0,0,-102000,0,0,0,18000,120000,-102000,-102000
051101,台表科元大96購02,0,0,0,0,0,0,0,0,0,-102000,0,0,0,206000,308000,-102000,-102000
051227,技嘉群益97購01  ,0,0,0,0,0,0,0,0,0,-102000,0,0,0,98000,200000,-102000,-102000
052437,聯發科富邦99購02,0,0,0,0,0,0,0,0,0,-103000,0,0,0,58000,161000,-103000,-103000
00674R,元大S&P黃金反1  ,0,0,0,0,0,0,0,0,0,-103000,0,0,0,8000,111000,-103000,-103000
04788P,台積電永昌96售05,0,0,0,0,0,0,0,0,0,-103000,0,0,0,0,103000,-103000,-103000
047639,聯發科元大93購16,0,0,0,0,0,0,0,0,0,-103000,0,0,0,25000,128000,-103000,-103000
047395,聯茂元大94購01  ,0,0,0,0,0,0,0,0,0,-103000,0,0,0,328000,431000,-103000,-103000
049287,可成兆豐95購01  ,0,0,0,0,0,0,0,0,0,-103000,0,0,0,0,103000,-103000,-103000
052132,旺宏凱基9B購01  ,0,0,0,0,0,0,0,0,0,-104000,0,0,0,7000,111000,-104000,-104000
053291,旺宏中信9A購01  ,0,0,0,0,0,0,0,0,0,-104000,0,0,0,115000,219000,-104000,-104000
1522,堤維西          ,57000,160000,-103000,0,0,0,0,0,0,-1000,0,1000,-1000,0,0,0,-104000
042604,國泰金富邦92購01,0,0,0,0,0,0,0,0,0,-104000,0,0,0,38000,142000,-104000,-104000
04601P,大立光凱基94售07,0,0,0,0,0,0,0,0,0,-104000,0,0,0,0,104000,-104000,-104000
047431,儒鴻元大93購06  ,0,0,0,0,0,0,0,0,0,-104000,0,0,0,3000,107000,-104000,-104000
04916P,大立光永昌96售02,0,0,0,0,0,0,0,0,0,-104000,0,0,0,47000,151000,-104000,-104000
05915P,聯發科元大96售19,0,0,0,0,0,0,0,0,0,-104000,0,0,0,5000,109000,-104000,-104000
5434,崇越            ,84000,226000,-142000,0,0,0,0,0,0,38000,45000,1000,44000,1000,7000,-6000,-104000
053362,元油反國泰98購01,0,0,0,0,0,0,0,0,0,-105000,0,0,0,0,105000,-105000,-105000
052111,智原元富95購01  ,0,0,0,0,0,0,0,0,0,-105000,0,0,0,234000,339000,-105000,-105000
05216P,國巨永豐95售02  ,0,0,0,0,0,0,0,0,0,-105000,0,0,0,0,105000,-105000,-105000
046259,和大凱基92購02  ,0,0,0,0,0,0,0,0,0,-105000,0,0,0,19000,124000,-105000,-105000
046915,禾伸堂台新93購01,0,0,0,0,0,0,0,0,0,-105000,0,0,0,0,105000,-105000,-105000
04593P,台積電元大94售11,0,0,0,0,0,0,0,0,0,-105000,0,0,0,0,105000,-105000,-105000
048675,台達電國泰94購02,0,0,0,0,0,0,0,0,0,-105000,0,0,0,0,105000,-105000,-105000
046449,台達電凱基92購02,0,0,0,0,0,0,0,0,0,-105000,0,0,0,0,105000,-105000,-105000
04904P,奇力新永豐94售05,0,0,0,0,0,0,0,0,0,-105000,0,0,0,0,105000,-105000,-105000
049068,元油2X凱基95購03,0,0,0,0,0,0,0,0,0,-105000,0,0,0,0,105000,-105000,-105000
049388,南電元大94購05  ,0,0,0,0,0,0,0,0,0,-105000,0,0,0,5000,110000,-105000,-105000
04981P,華新科亞東94售01,0,0,0,0,0,0,0,0,0,-105000,0,0,0,0,105000,-105000,-105000
049821,中石化凱基94購02,0,0,0,0,0,0,0,0,0,-105000,0,0,0,0,105000,-105000,-105000
4564,元翎            ,38000,138000,-100000,0,0,0,0,0,0,-5000,0,1000,-1000,0,4000,-4000,-105000
053475,華新科元大96購05,0,0,0,0,0,0,0,0,0,-105000,0,0,0,463000,568000,-105000,-105000
053509,華新群益98購01  ,0,0,0,0,0,0,0,0,0,-105000,0,0,0,11000,116000,-105000,-105000
053988,友達亞東96購01  ,0,0,0,0,0,0,0,0,0,-105000,0,0,0,0,105000,-105000,-105000
05466P,旺宏富邦97售01  ,0,0,0,0,0,0,0,0,0,-105000,0,0,0,0,105000,-105000,-105000
052702,群創國票97購03  ,0,0,0,0,0,0,0,0,0,-106000,0,0,0,0,106000,-106000,-106000
053049,T50反1國票98購01,0,0,0,0,0,0,0,0,0,-106000,0,0,0,0,106000,-106000,-106000
3504,揚明光          ,49000,175000,-126000,0,0,0,0,0,0,20000,0,1000,-1000,23000,2000,21000,-106000
044925,漢唐國泰93購01  ,0,0,0,0,0,0,0,0,0,-106000,0,0,0,20000,126000,-106000,-106000
049152,大立光元大95購06,0,0,0,0,0,0,0,0,0,-106000,0,0,0,109000,215000,-106000,-106000
05526P,茂林群益96售03  ,0,0,0,0,0,0,0,0,0,-106000,0,0,0,0,106000,-106000,-106000
08420P,國巨群益9C售12  ,0,0,0,0,0,0,0,0,0,-106000,0,0,0,0,106000,-106000,-106000
053771,華新元大97購01  ,0,0,0,0,0,0,0,0,0,-106000,0,0,0,26000,132000,-106000,-106000
053637,強茂永豐96購01  ,0,0,0,0,0,0,0,0,0,-106000,0,0,0,10000,116000,-106000,-106000
3209,全科            ,17000,124000,-107000,0,0,0,0,0,0,0,0,0,0,0,0,0,-107000
1808,潤隆            ,30000,135000,-105000,0,0,0,0,0,0,-2000,0,2000,-2000,0,0,0,-107000
048426,超眾元富93購01  ,0,0,0,0,0,0,0,0,0,-107000,0,0,0,7000,114000,-107000,-107000
04282P,微星永豐93售02  ,0,0,0,0,0,0,0,0,0,-107000,0,0,0,0,107000,-107000,-107000
047612,瑞昱群益93購03  ,0,0,0,0,0,0,0,0,0,-107000,0,0,0,29000,136000,-107000,-107000
049032,百和群益94購04  ,0,0,0,0,0,0,0,0,0,-107000,0,0,0,0,107000,-107000,-107000
048582,國泰金富邦93購01,0,0,0,0,0,0,0,0,0,-107000,0,0,0,2000,109000,-107000,-107000
050956,鈺齊群益95購01  ,0,0,0,0,0,0,0,0,0,-107000,0,0,0,95000,202000,-107000,-107000
4915,致伸            ,1000000,974000,26000,0,0,0,0,5000,-5000,-128000,0,4000,-4000,19000,143000,-124000,-107000
053760,牧德國泰98購01  ,0,0,0,0,0,0,0,0,0,-107000,0,0,0,135000,242000,-107000,-107000
051902,T50反1元大97購01,0,0,0,0,0,0,0,0,0,-108000,0,0,0,22000,130000,-108000,-108000
03833P,台光電群益93售01,0,0,0,0,0,0,0,0,0,-108000,0,0,0,349000,457000,-108000,-108000
044724,亞光永豐91購01  ,0,0,0,0,0,0,0,0,0,-108000,0,0,0,37000,145000,-108000,-108000
045010,可成元大92購04  ,0,0,0,0,0,0,0,0,0,-108000,0,0,0,20000,128000,-108000,-108000
04414P,牧德元富94售04  ,0,0,0,0,0,0,0,0,0,-108000,0,0,0,320000,428000,-108000,-108000
045459,致茂元大92購01  ,0,0,0,0,0,0,0,0,0,-108000,0,0,0,162000,270000,-108000,-108000
047518,儒鴻元大93購07  ,0,0,0,0,0,0,0,0,0,-108000,0,0,0,0,108000,-108000,-108000
046441,儒鴻兆豐92購01  ,0,0,0,0,0,0,0,0,0,-108000,0,0,0,50000,158000,-108000,-108000
051260,鴻海永昌96購04  ,0,0,0,0,0,0,0,0,0,-108000,0,0,0,3455000,3563000,-108000,-108000
049059,超眾永豐94購01  ,0,0,0,0,0,0,0,0,0,-108000,0,0,0,101000,209000,-108000,-108000
049525,華新科兆豐94購01,0,0,0,0,0,0,0,0,0,-108000,0,0,0,55000,163000,-108000,-108000
049491,聯發科元大95購01,0,0,0,0,0,0,0,0,0,-108000,0,0,0,100000,208000,-108000,-108000
049825,台積電凱基94購26,0,0,0,0,0,0,0,0,0,-108000,0,0,0,149000,257000,-108000,-108000
053578,華新元大98購01  ,0,0,0,0,0,0,0,0,0,-108000,0,0,0,19000,127000,-108000,-108000
04288P,台積電中信95售06,0,0,0,0,0,0,0,0,0,-109000,0,0,0,1000,110000,-109000,-109000
051755,台積電元大96購08,0,0,0,0,0,0,0,0,0,-110000,0,0,0,110000,220000,-110000,-110000
1417,嘉裕            ,51000,161000,-110000,0,0,0,0,0,0,0,0,0,0,0,0,0,-110000
052988,智易元大96購02  ,0,0,0,0,0,0,0,0,0,-110000,0,0,0,93000,203000,-110000,-110000
05333P,臺股指國票95售02,0,0,0,0,0,0,0,0,0,-110000,0,0,0,0,110000,-110000,-110000
04148P,GIS凱基93售05   ,0,0,0,0,0,0,0,0,0,-110000,0,0,0,10000,120000,-110000,-110000
04547P,高鐵元大94售01  ,0,0,0,0,0,0,0,0,0,-110000,0,0,0,4000,114000,-110000,-110000
044970,大毅永豐92購01  ,0,0,0,0,0,0,0,0,0,-110000,0,0,0,1000,111000,-110000,-110000
044667,滬深2X永昌93購01,0,0,0,0,0,0,0,0,0,-110000,0,0,0,0,110000,-110000,-110000
045172,欣興兆豐94購01  ,0,0,0,0,0,0,0,0,0,-110000,0,0,0,150000,260000,-110000,-110000
045117,玉晶光日盛92購01,0,0,0,0,0,0,0,0,0,-110000,0,0,0,0,110000,-110000,-110000
048036,隆達凱基93購01  ,0,0,0,0,0,0,0,0,0,-110000,0,0,0,30000,140000,-110000,-110000
048740,富邦金統一94購01,0,0,0,0,0,0,0,0,0,-110000,0,0,0,0,110000,-110000,-110000
04613P,台積電群益94售10,0,0,0,0,0,0,0,0,0,-110000,0,0,0,0,110000,-110000,-110000
046884,元油反群益95購01,0,0,0,0,0,0,0,0,0,-110000,0,0,0,250000,360000,-110000,-110000
049131,元油2X元大94購02,0,0,0,0,0,0,0,0,0,-110000,0,0,0,0,110000,-110000,-110000
04923P,GIS凱基94售06   ,0,0,0,0,0,0,0,0,0,-110000,0,0,0,0,110000,-110000,-110000
051332,奇力新永豐95購01,0,0,0,0,0,0,0,0,0,-110000,0,0,0,55000,165000,-110000,-110000
053585,友達元大9C購03  ,0,0,0,0,0,0,0,0,0,-110000,0,0,0,0,110000,-110000,-110000
053799,矽創中信9A購01  ,0,0,0,0,0,0,0,0,0,-110000,0,0,0,140000,250000,-110000,-110000
054125,元油反元大96購09,0,0,0,0,0,0,0,0,0,-110000,0,0,0,7000,117000,-110000,-110000
05877P,大立光群益96售06,0,0,0,0,0,0,0,0,0,-110000,0,0,0,115000,225000,-110000,-110000
05630P,大立光永昌96售06,0,0,0,0,0,0,0,0,0,-110000,0,0,0,45000,155000,-110000,-110000
054450,聯茂第一96購01  ,0,0,0,0,0,0,0,0,0,-110000,0,0,0,0,110000,-110000,-110000
054579,聯茂元大97購01  ,0,0,0,0,0,0,0,0,0,-110000,0,0,0,30000,140000,-110000,-110000
04163P,可成統一93售03  ,0,0,0,0,0,0,0,0,0,-111000,0,0,0,28000,139000,-111000,-111000
04301P,微星中信93售01  ,0,0,0,0,0,0,0,0,0,-111000,0,0,0,0,111000,-111000,-111000
04802P,國巨凱基94售07  ,0,0,0,0,0,0,0,0,0,-111000,0,0,0,0,111000,-111000,-111000
045624,緯穎永豐92購01  ,0,0,0,0,0,0,0,0,0,-111000,0,0,0,0,111000,-111000,-111000
050808,台達電凱基96購02,0,0,0,0,0,0,0,0,0,-111000,0,0,0,10000,121000,-111000,-111000
049860,亞德客兆豐94購01,0,0,0,0,0,0,0,0,0,-111000,0,0,0,100000,211000,-111000,-111000
054474,鴻海中信96購03  ,0,0,0,0,0,0,0,0,0,-111000,0,0,0,0,111000,-111000,-111000
4551,智伸科          ,81000,73000,8000,0,0,0,0,80000,-80000,-39000,4000,4000,0,7000,46000,-39000,-111000
05283P,健鼎元大95售04  ,0,0,0,0,0,0,0,0,0,-112000,0,0,0,0,112000,-112000,-112000
2464,盟立            ,52000,162000,-110000,0,0,0,0,0,0,-2000,0,2000,-2000,0,0,0,-112000
04416P,牧德元富94售06  ,0,0,0,0,0,0,0,0,0,-112000,0,0,0,100000,212000,-112000,-112000
046155,道瓊反群益94購01,0,0,0,0,0,0,0,0,0,-112000,0,0,0,0,112000,-112000,-112000
04852P,臻鼎永豐94售02  ,0,0,0,0,0,0,0,0,0,-112000,0,0,0,0,112000,-112000,-112000
050365,中石化元大94購02,0,0,0,0,0,0,0,0,0,-112000,0,0,0,8000,120000,-112000,-112000
050991,元油2X元大96購04,0,0,0,0,0,0,0,0,0,-112000,0,0,0,155000,267000,-112000,-112000
051121,裕民群益97購01  ,0,0,0,0,0,0,0,0,0,-112000,0,0,0,0,112000,-112000,-112000
051187,晶相光永豐95購01,0,0,0,0,0,0,0,0,0,-112000,0,0,0,208000,320000,-112000,-112000
9946,三發地產        ,151000,263000,-112000,0,0,0,0,0,0,0,0,0,0,0,0,0,-112000
054133,奇力新元大97購04,0,0,0,0,0,0,0,0,0,-112000,0,0,0,206000,318000,-112000,-112000
05987P,健策統一96售02  ,0,0,0,0,0,0,0,0,0,-112000,0,0,0,52000,164000,-112000,-112000
053164,台光電群益96購02,0,0,0,0,0,0,0,0,0,-113000,0,0,0,80000,193000,-113000,-113000
052618,群創國泰98購01  ,0,0,0,0,0,0,0,0,0,-113000,0,0,0,10000,123000,-113000,-113000
04262P,景碩群益93售03  ,0,0,0,0,0,0,0,0,0,-113000,0,0,0,81000,194000,-113000,-113000
051355,聯發科元大96購01,0,0,0,0,0,0,0,0,0,-113000,0,0,0,62000,175000,-113000,-113000
049998,奇力新永豐94購03,0,0,0,0,0,0,0,0,0,-113000,0,0,0,60000,173000,-113000,-113000
6168,宏齊            ,49000,162000,-113000,0,0,0,0,0,0,0,0,0,0,0,0,0,-113000
05218P,大立光永昌96售04,0,0,0,0,0,0,0,0,0,-114000,0,0,0,1211000,1325000,-114000,-114000
051476,聯發科凱基95購09,0,0,0,0,0,0,0,0,0,-114000,0,0,0,51000,165000,-114000,-114000
04322P,可成元大94售01  ,0,0,0,0,0,0,0,0,0,-114000,0,0,0,1000,115000,-114000,-114000
047999,聯發科元大93購22,0,0,0,0,0,0,0,0,0,-114000,0,0,0,8000,122000,-114000,-114000
047527,高鐵元大93購02  ,0,0,0,0,0,0,0,0,0,-114000,0,0,0,6000,120000,-114000,-114000
046007,緯穎統一92購02  ,0,0,0,0,0,0,0,0,0,-114000,0,0,0,41000,155000,-114000,-114000
050593,台表科永豐94購03,0,0,0,0,0,0,0,0,0,-114000,0,0,0,0,114000,-114000,-114000
4961,天鈺            ,39000,143000,-104000,0,0,0,0,0,0,-10000,0,3000,-3000,18000,25000,-7000,-114000
054045,奇力新元大97購03,0,0,0,0,0,0,0,0,0,-114000,0,0,0,308000,422000,-114000,-114000
054233,聯發科群益96購04,0,0,0,0,0,0,0,0,0,-114000,0,0,0,4000,118000,-114000,-114000
05866P,致伸元大96售01  ,0,0,0,0,0,0,0,0,0,-114000,0,0,0,138000,252000,-114000,-114000
06064P,台積電台新98售01,0,0,0,0,0,0,0,0,0,-114000,0,0,0,0,114000,-114000,-114000
053324,康舒群益96購01  ,0,0,0,0,0,0,0,0,0,-115000,0,0,0,8000,123000,-115000,-115000
04313P,國巨元富95售03  ,0,0,0,0,0,0,0,0,0,-115000,0,0,0,70000,185000,-115000,-115000
052922,國巨永豐96購01  ,0,5000,-5000,0,0,0,0,0,0,-110000,0,0,0,155000,265000,-110000,-115000
046572,貿聯國泰94購01  ,0,0,0,0,0,0,0,0,0,-115000,0,0,0,234000,349000,-115000,-115000
050834,啟碁凱基95購01  ,0,0,0,0,0,0,0,0,0,-115000,0,0,0,20000,135000,-115000,-115000
06028P,智邦台新97售01  ,0,0,0,0,0,0,0,0,0,-115000,0,0,0,18000,133000,-115000,-115000
054596,聯發科麥證97購01,0,0,0,0,115000,-115000,0,0,0,-115000,0,0,0,0,115000,-115000,-115000
054536,宏達電富邦97購03,0,0,0,0,0,0,0,0,0,-115000,0,0,0,0,115000,-115000,-115000
05637P,聯電元大96售04  ,0,0,0,0,0,0,0,0,0,-115000,0,0,0,50000,165000,-115000,-115000
054078,鴻海中信98購01  ,0,0,0,0,0,0,0,0,0,-115000,0,0,0,10000,125000,-115000,-115000
3008,大立光          ,227456,308300,-80844,0,0,0,213,14000,-13787,-21000,18000,33000,-15000,3000,9000,-6000,-115631
05149P,緯穎國泰96售01  ,0,0,0,0,0,0,0,0,0,-116000,0,0,0,40000,156000,-116000,-116000
045285,禾伸堂永豐92購01,0,0,0,0,0,0,0,0,0,-116000,0,0,0,0,116000,-116000,-116000
048283,亞德客中信94購01,0,0,0,0,0,0,0,0,0,-116000,0,0,0,34000,150000,-116000,-116000
048642,聯發科元大94購02,0,0,0,0,0,0,0,0,0,-116000,0,0,0,22000,138000,-116000,-116000
05054P,臻鼎群益95售02  ,0,0,0,0,0,0,0,0,0,-116000,0,0,0,27000,143000,-116000,-116000
049198,聯鈞永豐94購01  ,0,0,0,0,0,0,0,0,0,-116000,0,0,0,21000,137000,-116000,-116000
052247,深中小永豐95購01,0,0,0,0,0,0,0,0,0,-117000,0,0,0,60000,177000,-117000,-117000
052148,康友群益95購03  ,0,0,0,0,0,0,0,0,0,-117000,0,0,0,143000,260000,-117000,-117000
052595,奇力新群益96購01,0,0,0,0,0,0,0,0,0,-117000,0,0,0,1891000,2008000,-117000,-117000
03932P,欣興統一93售01  ,0,0,0,0,0,0,0,0,0,-117000,0,0,0,4000,121000,-117000,-117000
049225,達方國票94購01  ,0,0,0,0,0,0,0,0,0,-117000,0,0,0,212000,329000,-117000,-117000
050002,智原永豐94購02  ,0,0,0,0,0,0,0,0,0,-117000,0,0,0,431000,548000,-117000,-117000
048836,牧德凱基94購03  ,0,0,0,0,0,0,0,0,0,-117000,0,0,0,70000,187000,-117000,-117000
06026P,華通台新97售01  ,0,0,0,0,0,0,0,0,0,-117000,0,0,0,0,117000,-117000,-117000
053350,台表科國票97購02,0,0,0,0,0,0,0,0,0,-118000,0,0,0,5000,123000,-118000,-118000
044777,超眾元大93購01  ,0,0,0,0,0,0,0,0,0,-118000,0,0,0,2000,120000,-118000,-118000
045515,滬深2X統一92購01,0,0,0,0,0,0,0,0,0,-118000,0,0,0,140000,258000,-118000,-118000
047601,上海銀中信93購01,0,0,0,0,0,0,0,0,0,-118000,0,0,0,0,118000,-118000,-118000
05897P,國巨凱基96售12  ,0,0,0,0,0,0,0,0,0,-118000,0,0,0,214000,332000,-118000,-118000
08602P,台灣50凱基96售04,0,0,0,0,0,0,0,0,0,-118000,0,0,0,0,118000,-118000,-118000
05374P,台積電國票96售07,0,0,0,0,0,0,0,0,0,-118000,0,0,0,266000,384000,-118000,-118000
053874,台表科元大96購05,0,0,0,0,0,0,0,0,0,-118000,0,0,0,99000,217000,-118000,-118000
053523,T50反1中信9A購01,0,0,0,0,0,0,0,0,0,-118000,0,0,0,10000,128000,-118000,-118000
047505,元金2X國票9B購01,0,0,0,0,0,0,0,0,0,-119000,0,0,0,12000,131000,-119000,-119000
053696,日月光元大96購05,0,0,0,0,0,0,0,0,0,-119000,0,0,0,167000,286000,-119000,-119000
06063P,玉晶光元富97售01,0,0,0,0,0,0,0,0,0,-119000,0,0,0,13000,132000,-119000,-119000
054386,鴻海統一98購03  ,0,0,0,0,0,0,0,0,0,-119000,0,0,0,28000,147000,-119000,-119000
2461,光群雷          ,62000,180000,-118000,0,0,0,0,0,0,-2000,0,2000,-2000,0,0,0,-120000
052442,中環元大95購02  ,0,0,0,0,0,0,0,0,0,-120000,0,0,0,100000,220000,-120000,-120000
044914,元油2X永豐91購04,0,0,0,0,0,0,0,0,0,-120000,0,0,0,600000,720000,-120000,-120000
048216,元油反凱基93購01,0,0,0,0,0,0,0,0,0,-120000,0,0,0,0,120000,-120000,-120000
03428P,台積電元大02售28,0,0,0,0,0,0,0,0,0,-120000,0,0,0,0,120000,-120000,-120000
03564P,為升群益02售02  ,0,0,0,0,0,0,0,0,0,-120000,0,0,0,0,120000,-120000,-120000
04120P,智邦凱基93售09  ,0,0,0,0,0,0,0,0,0,-120000,0,0,0,7000,127000,-120000,-120000
045638,強茂凱基93購02  ,0,0,0,0,0,0,0,0,0,-120000,0,0,0,10000,130000,-120000,-120000
052892,大成鋼群益96購01,0,0,0,0,0,0,0,0,0,-120000,0,0,0,13000,133000,-120000,-120000
046975,元金2X永豐93購01,0,0,0,0,0,0,0,0,0,-120000,0,0,0,0,120000,-120000,-120000
05565P,鎧勝元大96售01  ,0,0,0,0,0,0,0,0,0,-120000,0,0,0,50000,170000,-120000,-120000
05517P,臻鼎元大96售01  ,0,0,0,0,0,0,0,0,0,-120000,0,0,0,0,120000,-120000,-120000
05902P,華通國票96售02  ,0,0,0,0,0,0,0,0,0,-120000,0,0,0,0,120000,-120000,-120000
053957,瑞昱永豐96購01  ,0,0,0,0,0,0,0,0,0,-120000,0,0,0,0,120000,-120000,-120000
054072,台積電富邦98購02,0,0,0,0,0,0,0,0,0,-120000,0,0,0,359000,479000,-120000,-120000
05230P,京元電群益95售01,0,0,0,0,0,0,0,0,0,-121000,0,0,0,0,121000,-121000,-121000
053210,華邦電凱基97購02,0,0,0,0,0,0,0,0,0,-121000,0,0,0,201000,322000,-121000,-121000
052859,國巨凱基96購07  ,0,0,0,0,0,0,0,0,0,-121000,0,0,0,122000,243000,-121000,-121000
04172P,大立光凱基93售34,0,0,0,0,0,0,0,0,0,-121000,0,0,0,196000,317000,-121000,-121000
03727P,致茂元大93售01  ,0,0,0,0,0,0,0,0,0,-121000,0,0,0,0,121000,-121000,-121000
044852,華邦電國泰93購02,0,0,0,0,0,0,0,0,0,-121000,0,0,0,151000,272000,-121000,-121000
04614P,光罩群益94售02  ,0,0,0,0,0,0,0,0,0,-121000,0,0,0,1000,122000,-121000,-121000
04900P,矽格中信94售02  ,0,0,0,0,0,0,0,0,0,-121000,0,0,0,0,121000,-121000,-121000
051245,南亞科元大95購01,0,0,0,0,0,0,0,0,0,-121000,0,0,0,110000,231000,-121000,-121000
054568,訊芯群益97購01  ,0,0,0,0,0,0,0,0,0,-121000,0,0,0,100000,221000,-121000,-121000
053273,國巨元大96購08  ,0,0,0,0,0,0,0,0,0,-122000,0,0,0,12000,134000,-122000,-122000
053153,大立光元大99購02,0,0,0,0,0,0,0,0,0,-122000,0,0,0,27000,149000,-122000,-122000
3535,晶彩科          ,45000,166000,-121000,0,0,0,0,0,0,-1000,0,1000,-1000,0,0,0,-122000
020000,富邦特選蘋果N   ,0,0,0,0,0,0,0,0,0,-122000,0,0,0,127000,249000,-122000,-122000
00710B,FH彭博高收益債  ,0,0,0,0,0,0,0,0,0,-122000,0,0,0,190000,312000,-122000,-122000
04201P,智原群益93售01  ,0,0,0,0,0,0,0,0,0,-122000,0,0,0,0,122000,-122000,-122000
046999,康控富邦99購01  ,0,0,0,0,0,0,0,0,0,-122000,0,0,0,136000,258000,-122000,-122000
045605,儒鴻群益92購01  ,0,0,0,0,0,0,0,0,0,-122000,0,0,0,0,122000,-122000,-122000
051289,大立光統一96購01,0,0,0,0,0,0,0,0,0,-122000,0,0,0,17000,139000,-122000,-122000
050530,台表科元大95購04,0,0,0,0,0,0,0,0,0,-122000,0,0,0,16000,138000,-122000,-122000
053588,聯發科元大97購07,0,0,0,0,0,0,0,0,0,-122000,0,0,0,31000,153000,-122000,-122000
1409,新纖            ,230000,342000,-112000,0,0,0,0,0,0,-10186,0,10186,-10186,0,0,0,-122186
3035,智原            ,894000,1698000,-804000,0,0,0,268000,0,268000,413000,338000,184000,154000,851000,592000,259000,-123000
04329P,TPK群益93售04   ,0,0,0,0,0,0,0,0,0,-123000,0,0,0,0,123000,-123000,-123000
04038P,聯茂群益93售03  ,0,0,0,0,0,0,0,0,0,-123000,0,0,0,0,123000,-123000,-123000
044466,和大群益93購01  ,0,0,0,0,0,0,0,0,0,-123000,0,0,0,184000,307000,-123000,-123000
047848,可成統一93購01  ,0,0,0,0,0,0,0,0,0,-123000,0,0,0,264000,387000,-123000,-123000
049774,元油2X統一94購05,0,0,0,0,0,0,0,0,0,-123000,0,0,0,0,123000,-123000,-123000
054240,訊芯群益96購03  ,0,0,0,0,0,0,0,0,0,-123000,0,0,0,12000,135000,-123000,-123000
05583P,訊芯凱基96售01  ,0,0,0,0,0,0,0,0,0,-123000,0,0,0,177000,300000,-123000,-123000
05874P,台積電群益96售10,0,0,0,0,0,0,0,0,0,-123000,0,0,0,450000,573000,-123000,-123000
03744P,致茂凱基93售01  ,0,0,0,0,0,0,0,0,0,-124000,0,0,0,0,124000,-124000,-124000
03882P,鴻海元大93售10  ,0,0,0,0,0,0,0,0,0,-124000,0,0,0,161000,285000,-124000,-124000
047390,富邦金元大93購01,0,0,0,0,0,0,0,0,0,-124000,0,0,0,6000,130000,-124000,-124000
049015,鴻海群益94購03  ,0,0,0,0,0,0,0,0,0,-124000,0,0,0,437000,561000,-124000,-124000
05114P,臺股指元富95售02,0,0,0,0,0,0,0,0,0,-124000,0,0,0,44000,168000,-124000,-124000
05532P,臺股指群益96售05,0,0,0,0,0,0,0,0,0,-124000,0,0,0,0,124000,-124000,-124000
051741,可成國票97購01  ,0,0,0,0,0,0,0,0,0,-125000,0,0,0,105000,230000,-125000,-125000
048612,嘉晶凱基93購05  ,0,0,0,0,0,0,0,0,0,-125000,0,0,0,55000,180000,-125000,-125000
047517,元油反元大96購01,0,0,0,0,0,0,0,0,0,-125000,0,0,0,0,125000,-125000,-125000
04758P,國巨凱基94售03  ,0,0,0,0,0,0,0,0,0,-125000,0,0,0,5000,130000,-125000,-125000
047581,康控台新93購01  ,0,0,0,0,0,0,0,0,0,-125000,0,0,0,0,125000,-125000,-125000
047578,新光金群益93購01,0,0,0,0,0,0,0,0,0,-125000,0,0,0,55000,180000,-125000,-125000
047454,滬深2X群益96購03,0,0,0,0,0,0,0,0,0,-125000,0,0,0,65000,190000,-125000,-125000
048906,強茂富邦95購01  ,0,0,0,0,0,0,0,0,0,-125000,0,0,0,0,125000,-125000,-125000
049884,訊芯永豐94購01  ,0,0,0,0,0,0,0,0,0,-125000,0,0,0,123000,248000,-125000,-125000
04968P,台積電富邦94售06,0,0,0,0,0,0,0,0,0,-125000,0,0,0,0,125000,-125000,-125000
05424P,台達電亞東96售02,0,0,0,0,0,0,0,0,0,-125000,0,0,0,0,125000,-125000,-125000
052135,聯發科凱基9B購01,0,0,0,0,0,0,0,0,0,-126000,0,0,0,65000,191000,-126000,-126000
2419,仲琦            ,81000,229000,-148000,0,0,0,0,0,0,22000,25000,3000,22000,0,0,0,-126000
049897,華新科統一94購07,0,0,0,0,0,0,0,0,0,-126000,0,0,0,41000,167000,-126000,-126000
050218,世紀鋼統一94購02,0,0,0,0,0,0,0,0,0,-126000,0,0,0,204000,330000,-126000,-126000
05089P,亞德客元大95售01,0,0,0,0,0,0,0,0,0,-126000,0,0,0,120000,246000,-126000,-126000
053611,聯茂麥證96購01  ,0,0,0,114000,240000,-126000,0,0,0,-126000,0,0,0,114000,240000,-126000,-126000
9945,潤泰新          ,346000,478000,-132000,0,0,0,0,0,0,6000,9000,3000,6000,0,0,0,-126000
053395,致茂中信96購01  ,0,0,0,0,0,0,0,0,0,-127000,0,0,0,189000,316000,-127000,-127000
048287,嘉晶兆豐94購01  ,0,0,0,0,0,0,0,0,0,-127000,0,0,0,279000,406000,-127000,-127000
046250,全新群益92購04  ,0,0,0,0,0,0,0,0,0,-127000,0,0,0,79000,206000,-127000,-127000
051001,緯穎元大96購02  ,0,0,0,0,0,0,0,0,0,-127000,0,0,0,163000,290000,-127000,-127000
049885,緯穎永豐94購01  ,0,0,0,0,0,0,0,0,0,-127000,0,0,0,0,127000,-127000,-127000
05678P,群創群益97售01  ,0,0,0,0,0,0,0,0,0,-127000,0,0,0,0,127000,-127000,-127000
2615,萬海            ,546000,137959,408041,0,0,0,0,520000,-520000,-16000,0,16000,-16000,0,0,0,-127959
049854,超眾群益94購02  ,0,0,0,0,0,0,0,0,0,-128000,0,0,0,73000,201000,-128000,-128000
1582,信錦            ,56000,184000,-128000,0,0,0,0,0,0,-1000,0,1000,-1000,0,0,0,-129000
052379,鈺齊元大95購04  ,0,0,0,0,0,0,0,0,0,-129000,0,0,0,0,129000,-129000,-129000
051501,康友群益95購02  ,0,0,0,0,0,0,0,0,0,-129000,0,0,0,116000,245000,-129000,-129000
04376P,漢唐元大94售04  ,0,0,0,0,0,0,0,0,0,-129000,0,0,0,121000,250000,-129000,-129000
03420P,牧德群益02售04  ,0,0,0,0,0,0,0,0,0,-129000,0,0,0,0,129000,-129000,-129000
047880,聯發科國泰94購03,0,0,0,0,0,0,0,0,0,-129000,0,0,0,37000,166000,-129000,-129000
045663,元油2X元富94購01,0,0,0,0,0,0,0,0,0,-129000,0,0,0,0,129000,-129000,-129000
050541,智邦凱基94購04  ,0,0,0,0,0,0,0,0,0,-129000,0,0,0,121000,250000,-129000,-129000
05034P,台積電元大95售08,0,0,0,0,0,0,0,0,0,-129000,0,0,0,704000,833000,-129000,-129000
05682P,大立光元大98售03,0,0,0,0,0,0,0,0,0,-129000,0,0,0,5000,134000,-129000,-129000
5225,東科-KY         ,159000,284000,-125000,0,0,0,0,0,0,-4000,1000,5000,-4000,0,0,0,-129000
6141,柏承            ,129000,257000,-128000,0,0,0,0,0,0,-1000,1000,2000,-1000,0,0,0,-129000
053882,聯發科中信98購02,0,0,0,0,0,0,0,0,0,-129000,0,0,0,2000,131000,-129000,-129000
05227P,大立光統一95售04,0,0,0,0,0,0,0,0,0,-130000,0,0,0,0,130000,-130000,-130000
052129,鴻海凱基97購02  ,0,0,0,0,0,0,0,0,0,-130000,0,0,0,92000,222000,-130000,-130000
05246P,南電元大95售04  ,0,0,0,0,0,0,0,0,0,-130000,0,0,0,0,130000,-130000,-130000
03799P,京元電元大94售01,0,0,0,0,0,0,0,0,0,-130000,0,0,0,0,130000,-130000,-130000
04102P,臺股指國票93售09,0,0,0,0,0,0,0,0,0,-130000,0,0,0,20000,150000,-130000,-130000
045630,技嘉凱基93購02  ,0,0,0,0,0,0,0,0,0,-130000,0,0,0,0,130000,-130000,-130000
047073,大立光兆豐94購01,0,0,0,0,0,0,0,0,0,-130000,0,0,0,5000,135000,-130000,-130000
050556,道瓊銀統一95購01,0,0,0,0,0,0,0,0,0,-130000,0,0,0,70000,200000,-130000,-130000
05599P,欣興台新96售01  ,0,0,0,0,0,0,0,0,0,-130000,0,0,0,0,130000,-130000,-130000
054489,牧德台新97購02  ,0,0,0,0,0,0,0,0,0,-130000,0,0,0,58000,188000,-130000,-130000
052606,聯發科元大97購04,0,0,0,0,0,0,0,0,0,-131000,0,0,0,155000,286000,-131000,-131000
04439P,聯發科群益94售04,0,0,0,0,0,0,0,0,0,-131000,0,0,0,45000,176000,-131000,-131000
050535,台表科群益94購02,0,0,0,0,0,0,0,0,0,-131000,0,0,0,185000,316000,-131000,-131000
051306,嘉聯益凱基96購01,0,0,0,0,0,0,0,0,0,-131000,0,0,0,13000,144000,-131000,-131000
048974,日電貿元大94購01,0,0,0,0,0,0,0,0,0,-131000,0,0,0,210000,341000,-131000,-131000
053124,聯發科凱基96購12,0,0,0,0,0,0,0,0,0,-132000,0,0,0,126000,258000,-132000,-132000
047084,嘉聯益永豐93購02,0,0,0,0,0,0,0,0,0,-132000,0,0,0,50000,182000,-132000,-132000
045939,緯穎群益92購03  ,0,0,0,0,0,0,0,0,0,-132000,0,0,0,3000,135000,-132000,-132000
05948P,茂林元大96售03  ,0,0,0,0,0,0,0,0,0,-132000,0,0,0,0,132000,-132000,-132000
054220,國巨統一97購02  ,0,0,0,0,0,0,0,0,0,-132000,0,0,0,71000,203000,-132000,-132000
05269P,臻鼎元大95售05  ,0,0,0,0,0,0,0,0,0,-133000,0,0,0,60000,193000,-133000,-133000
040039,上証2X元大91購01,0,0,0,0,0,0,0,0,0,-133000,0,0,0,66000,199000,-133000,-133000
046833,晶技群益93購01  ,0,0,0,0,0,0,0,0,0,-133000,0,0,0,30000,163000,-133000,-133000
050971,緯穎永豐95購01  ,0,0,0,0,0,0,0,0,0,-133000,0,0,0,30000,163000,-133000,-133000
1201,味全            ,236000,347000,-111000,0,0,0,0,0,0,-22000,0,0,0,0,22000,-22000,-133000
05711P,茂林國票97售03  ,0,0,0,0,0,0,0,0,0,-133000,0,0,0,26000,159000,-133000,-133000
053012,國巨統一96購03  ,0,0,0,0,0,0,0,0,0,-134000,0,0,0,104000,238000,-134000,-134000
052933,祥碩元大96購01  ,0,0,0,0,0,0,0,0,0,-134000,0,0,0,19000,153000,-134000,-134000
051410,京元電國票96購01,0,0,0,0,0,0,0,0,0,-134000,0,0,0,299000,433000,-134000,-134000
050307,欣興中信95購01  ,0,0,0,0,0,0,0,0,0,-134000,0,0,0,1000,135000,-134000,-134000
05638P,國巨統一96售04  ,0,0,0,0,0,0,0,0,0,-134000,0,0,0,439000,573000,-134000,-134000
05658P,日月光元富96售02,0,0,0,0,0,0,0,0,0,-134000,0,0,0,0,134000,-134000,-134000
05418P,瑞昱永豐95售02  ,0,0,0,0,0,0,0,0,0,-134000,0,0,0,0,134000,-134000,-134000
053476,冠德元大96購03  ,0,0,0,0,0,0,0,0,0,-134000,0,0,0,94000,228000,-134000,-134000
051611,鈺齊群益95購02  ,0,0,0,0,0,0,0,0,0,-135000,0,0,0,10000,145000,-135000,-135000
045337,滬深2X凱基95購01,0,0,0,0,0,0,0,0,0,-135000,0,0,0,344000,479000,-135000,-135000
04684P,欣興元大94售07  ,0,0,0,0,0,0,0,0,0,-135000,0,0,0,0,135000,-135000,-135000
048977,晶相光元大94購01,0,0,0,0,0,0,0,0,0,-135000,0,0,0,129000,264000,-135000,-135000
053574,奇力新元富99購01,0,0,0,0,0,0,0,0,0,-135000,0,0,0,270000,405000,-135000,-135000
05416P,喬山永豐95售04  ,0,0,0,0,0,0,0,0,0,-135000,0,0,0,27000,162000,-135000,-135000
054607,台積電永豐97購03,0,0,0,0,0,0,0,0,0,-135000,0,0,0,0,135000,-135000,-135000
05970P,超眾永豐96售03  ,0,0,0,0,0,0,0,0,0,-135000,0,0,0,14000,149000,-135000,-135000
04993P,上銀兆豐96售01  ,0,0,0,0,0,0,0,0,0,-136000,0,0,0,90000,226000,-136000,-136000
054122,康友永豐96購01  ,0,0,0,0,0,0,0,0,0,-136000,0,0,0,273000,409000,-136000,-136000
053699,臺股指元大96購22,0,0,0,0,0,0,0,0,0,-136000,0,0,0,10000,146000,-136000,-136000
052115,T50反1國票95購03,0,0,0,0,0,0,0,0,0,-137000,0,0,0,422000,559000,-137000,-137000
052977,奇力新麥證97購01,0,0,0,113000,250000,-137000,0,0,0,-137000,0,0,0,113000,250000,-137000,-137000
048337,致茂元大93購04  ,0,0,0,0,0,0,0,0,0,-137000,0,0,0,83000,220000,-137000,-137000
047098,大毅國泰94購01  ,0,0,0,0,0,0,0,0,0,-137000,0,0,0,1024000,1161000,-137000,-137000
047494,華邦電元富96購01,0,0,0,0,0,0,0,0,0,-137000,0,0,0,112000,249000,-137000,-137000
05762P,昇陽半永豐96售04,0,0,0,0,0,0,0,0,0,-137000,0,0,0,0,137000,-137000,-137000
052690,台表科元大97購01,0,0,0,0,0,0,0,0,0,-138000,0,0,0,178000,316000,-138000,-138000
048878,康控國票95購02  ,0,0,0,0,0,0,0,0,0,-138000,0,0,0,40000,178000,-138000,-138000
053465,聯電元大96購05  ,0,0,0,0,0,0,0,0,0,-138000,0,0,0,122000,260000,-138000,-138000
6191,精成科          ,163000,352000,-189000,0,0,0,0,0,0,51000,0,7000,-7000,81000,23000,58000,-138000
052983,國巨元大96購07  ,0,0,0,0,0,0,0,0,0,-139000,0,0,0,212000,351000,-139000,-139000
052740,聯發科元大96購07,0,0,0,0,0,0,0,0,0,-139000,0,0,0,62000,201000,-139000,-139000
053113,瀚宇博兆豐97購01,0,0,0,0,0,0,0,0,0,-139000,0,0,0,0,139000,-139000,-139000
049735,台光電群益94購03,0,0,0,0,0,0,0,0,0,-139000,0,0,0,19000,158000,-139000,-139000
048900,精成科國泰95購01,0,0,0,0,0,0,0,0,0,-139000,0,0,0,86000,225000,-139000,-139000
049127,上海銀元富94購01,0,0,0,0,0,0,0,0,0,-139000,0,0,0,4000,143000,-139000,-139000
05722P,玉晶光國票97售03,0,0,0,0,0,0,0,0,0,-139000,0,0,0,545000,684000,-139000,-139000
054532,強茂國泰98購01  ,0,0,0,0,0,0,0,0,0,-139000,0,0,0,10000,149000,-139000,-139000
053118,大立光中信9C購01,0,0,0,0,0,0,0,0,0,-140000,0,0,0,66000,206000,-140000,-140000
04455P,台積電統一94售07,0,0,0,0,0,0,0,0,0,-140000,0,0,0,0,140000,-140000,-140000
04535P,華新統一94售01  ,0,0,0,0,0,0,0,0,0,-140000,0,0,0,28000,168000,-140000,-140000
03898P,新日興凱基93售02,0,0,0,0,0,0,0,0,0,-140000,0,0,0,20000,160000,-140000,-140000
049022,聯詠群益94購01  ,0,0,0,0,0,0,0,0,0,-140000,0,0,0,71000,211000,-140000,-140000
051426,道瓊反統一95購02,0,0,0,0,0,0,0,0,0,-140000,0,0,0,0,140000,-140000,-140000
06058P,玉晶光凱基97售04,0,0,0,0,0,0,0,0,0,-140000,0,0,0,10000,150000,-140000,-140000
05347P,滬深2X元富9B售02,0,0,0,0,0,0,0,0,0,-140000,0,0,0,10000,150000,-140000,-140000
054114,新光金台新97購01,0,0,0,0,0,0,0,0,0,-140000,0,0,0,0,140000,-140000,-140000
04380P,欣興元大94售02  ,0,0,0,0,0,0,0,0,0,-141000,0,0,0,50000,191000,-141000,-141000
051405,世芯永豐95購01  ,0,5000,-5000,0,0,0,0,0,0,-136000,0,0,0,1108000,1244000,-136000,-141000
054166,日電貿凱基98購01,0,0,0,0,0,0,0,0,0,-141000,0,0,0,0,141000,-141000,-141000
054564,玉晶光群益99購01,0,0,0,0,0,0,0,0,0,-141000,0,0,0,105000,246000,-141000,-141000
044198,友達國票92購01  ,0,0,0,0,0,0,0,0,0,-142000,0,0,0,0,142000,-142000,-142000
04610P,世紀鋼永豐94售03,0,0,0,0,0,0,0,0,0,-142000,0,0,0,0,142000,-142000,-142000
049848,聯發科群益94購06,0,0,0,0,0,0,0,0,0,-142000,0,0,0,0,142000,-142000,-142000
05512P,華新科台新97售01,0,0,0,0,0,0,0,0,0,-142000,0,0,0,147000,289000,-142000,-142000
05919P,京鼎元大96售03  ,0,0,0,0,0,0,0,0,0,-142000,0,0,0,8000,150000,-142000,-142000
053754,英業達元富96購02,0,0,0,0,0,0,0,0,0,-142000,0,0,0,32000,174000,-142000,-142000
053323,群創群益98購07  ,0,0,0,0,0,0,0,0,0,-143000,0,0,0,0,143000,-143000,-143000
053278,禾伸堂元大96購01,0,0,0,0,0,0,0,0,0,-143000,0,0,0,311000,454000,-143000,-143000
044156,華新科永豐91購02,0,0,0,0,0,0,0,0,0,-143000,0,0,0,10000,153000,-143000,-143000
04888P,臺股指凱基95售03,0,0,0,0,0,0,0,0,0,-143000,0,0,0,330000,473000,-143000,-143000
049224,致新國票95購01  ,0,0,0,0,0,0,0,0,0,-143000,0,0,0,420000,563000,-143000,-143000
054460,和大凱基97購01  ,0,0,0,0,0,0,0,0,0,-143000,0,0,0,141000,284000,-143000,-143000
053344,嘉晶國票97購02  ,0,0,0,0,0,0,0,0,0,-144000,0,0,0,16000,160000,-144000,-144000
04458P,世紀鋼統一96售01,0,0,0,0,0,0,0,0,0,-144000,0,0,0,0,144000,-144000,-144000
045853,緯穎永豐92購02  ,0,0,0,0,0,0,0,0,0,-144000,0,0,0,0,144000,-144000,-144000
048483,可成國泰95購01  ,0,0,0,0,0,0,0,0,0,-144000,0,0,0,120000,264000,-144000,-144000
049761,亞德客國泰95購03,0,0,0,0,0,0,0,0,0,-144000,0,0,0,48000,192000,-144000,-144000
050400,臻鼎中信97購01  ,0,0,0,0,0,0,0,0,0,-144000,0,0,0,481000,625000,-144000,-144000
054560,全新群益98購03  ,0,0,0,0,0,0,0,0,0,-144000,0,0,0,0,144000,-144000,-144000
6558,興能高          ,92000,136000,-44000,0,0,0,0,100000,-100000,0,0,0,0,0,0,0,-144000
053069,同欣電群益98購01,0,0,0,0,0,0,0,0,0,-145000,0,0,0,84000,229000,-145000,-145000
04430P,晶相光元大94售04,0,0,0,0,0,0,0,0,0,-145000,0,0,0,0,145000,-145000,-145000
04517P,宏達電群益95售01,0,0,0,0,0,0,0,0,0,-145000,0,0,0,2000,147000,-145000,-145000
04853P,易華電永豐94售03,0,0,0,0,0,0,0,0,0,-145000,0,0,0,0,145000,-145000,-145000
050780,台表科元大96購01,0,0,0,0,0,0,0,0,0,-145000,0,0,0,53000,198000,-145000,-145000
050172,臺指反元大98購02,0,0,0,0,0,0,0,0,0,-145000,0,0,0,25000,170000,-145000,-145000
4137,麗豐-KY         ,19000,125000,-106000,0,0,0,0,14000,-14000,-25000,2000,12000,-10000,2000,17000,-15000,-145000
2891,中信金          ,6181000,6212805,-31805,0,0,0,51000,363000,-312000,198000,150000,12000,138000,60000,0,60000,-145805
2405,浩鑫            ,63000,205000,-142000,0,0,0,0,0,0,-4000,0,4000,-4000,0,0,0,-146000
053096,康控統一96購01  ,0,0,0,0,0,0,0,0,0,-146000,0,0,0,55000,201000,-146000,-146000
05273P,國巨群益95售02  ,0,0,0,0,0,0,0,0,0,-146000,0,0,0,0,146000,-146000,-146000
04672P,台積電統一94售09,0,0,0,0,0,0,0,0,0,-146000,0,0,0,4000,150000,-146000,-146000
048902,昇陽半國泰96購01,0,0,0,0,0,0,0,0,0,-146000,0,0,0,104000,250000,-146000,-146000
2880,華南金          ,2586936,2725000,-138064,0,0,0,25000,0,25000,-33000,0,9000,-9000,0,24000,-24000,-146064
052182,鴻海群益96購01  ,0,0,0,0,0,0,0,0,0,-147000,0,0,0,48000,195000,-147000,-147000
04260P,亞德客群益93售01,0,0,0,0,0,0,0,0,0,-147000,0,0,0,0,147000,-147000,-147000
047928,禾伸堂凱基93購04,0,0,0,0,0,0,0,0,0,-147000,0,0,0,1000,148000,-147000,-147000
045871,元油2X元富96購03,0,0,0,0,0,0,0,0,0,-147000,0,0,0,0,147000,-147000,-147000
047514,亞光國票94購01  ,0,0,0,0,0,0,0,0,0,-147000,0,0,0,43000,190000,-147000,-147000
049236,元油2X元富96購06,0,0,0,0,0,0,0,0,0,-147000,0,0,0,0,147000,-147000,-147000
05986P,大立光統一97售03,0,0,0,0,0,0,0,0,0,-147000,0,0,0,1000,148000,-147000,-147000
03088P,大立光元大01售17,0,0,0,0,0,0,0,0,0,-148000,0,0,0,0,148000,-148000,-148000
04411P,智易統一96售01  ,0,0,0,0,0,0,0,0,0,-148000,0,0,0,0,148000,-148000,-148000
05962P,大立光群益96售07,0,0,0,0,0,0,0,0,0,-148000,0,0,0,0,148000,-148000,-148000
05946P,和碩中信96售01  ,0,0,0,0,0,0,0,0,0,-148000,0,0,0,12000,160000,-148000,-148000
03267P,台灣50元大02售06,0,0,0,0,0,0,0,0,0,-149000,0,0,0,1061000,1210000,-149000,-149000
03987P,亞光群益93售02  ,0,0,0,0,0,0,0,0,0,-149000,0,0,0,140000,289000,-149000,-149000
047635,華新元大93購01  ,0,0,0,0,0,0,0,0,0,-149000,0,0,0,2000,151000,-149000,-149000
049121,元油2X元富94購06,0,0,0,0,0,0,0,0,0,-149000,0,0,0,0,149000,-149000,-149000
051671,和鑫元大96購02  ,0,0,0,0,0,0,0,0,0,-150000,0,0,0,0,150000,-150000,-150000
053290,元油反中信97購01,0,0,0,0,0,0,0,0,0,-150000,0,0,0,20000,170000,-150000,-150000
04337P,台積電元大93售25,0,0,0,0,0,0,0,0,0,-150000,0,0,0,90000,240000,-150000,-150000
03528P,日月光凱基02售02,0,0,0,0,0,0,0,0,0,-150000,0,0,0,0,150000,-150000,-150000
03919P,可成凱基93售07  ,0,0,0,0,0,0,0,0,0,-150000,0,0,0,0,150000,-150000,-150000
044708,臻鼎元大91購03  ,0,0,0,0,0,0,0,0,0,-150000,0,0,0,100000,250000,-150000,-150000
044864,道瓊反國票96購01,0,0,0,0,0,0,0,0,0,-150000,0,0,0,0,150000,-150000,-150000
051374,國泰金亞東95購01,0,0,0,0,0,0,0,0,0,-150000,0,0,0,20000,170000,-150000,-150000
051210,S&P反1統一97購01,10000,0,10000,0,0,0,0,0,0,-160000,0,0,0,0,160000,-160000,-150000
054320,國喬台新96購01  ,0,0,0,0,0,0,0,0,0,-150000,0,0,0,356000,506000,-150000,-150000
052137,台表科凱基96購02,0,0,0,0,0,0,0,0,0,-151000,0,0,0,73000,224000,-151000,-151000
052452,茂林元大95購03  ,0,0,0,0,0,0,0,0,0,-151000,0,0,0,174000,325000,-151000,-151000
044514,亞光凱基93購02  ,0,0,0,0,0,0,0,0,0,-151000,0,0,0,291000,442000,-151000,-151000
04387P,玉晶光日盛94售01,0,0,0,0,0,0,0,0,0,-151000,0,0,0,0,151000,-151000,-151000
03111P,元油2X富邦97售01,0,0,0,0,0,0,0,0,0,-151000,0,0,0,110000,261000,-151000,-151000
03647P,京元電元富95售02,0,0,0,0,0,0,0,0,0,-151000,0,0,0,0,151000,-151000,-151000
051228,聯發科群益95購03,0,0,0,0,0,0,0,0,0,-151000,0,0,0,16000,167000,-151000,-151000
05778P,台積電統一96售05,0,0,0,0,0,0,0,0,0,-151000,0,0,0,50000,201000,-151000,-151000
053092,台表科元大97購02,0,0,0,0,0,0,0,0,0,-152000,0,0,0,29000,181000,-152000,-152000
048689,台光電群益94購01,0,0,0,0,0,0,0,0,0,-152000,0,0,0,54000,206000,-152000,-152000
04691P,智邦群益94售02  ,0,0,0,0,0,0,0,0,0,-152000,0,0,0,0,152000,-152000,-152000
054659,亞光元大97購02  ,0,0,0,0,0,0,0,0,0,-152000,0,0,0,0,152000,-152000,-152000
05477P,華新科群益95售06,0,0,0,0,0,0,0,0,0,-152000,0,0,0,5000,157000,-152000,-152000
3443,創意            ,175000,129000,46000,0,0,0,7000,17000,-10000,-189000,0,122000,-122000,1000,68000,-67000,-153000
052652,台虹永豐96購01  ,0,0,0,0,0,0,0,0,0,-153000,0,0,0,603000,756000,-153000,-153000
051747,貿聯國泰96購01  ,0,0,0,0,0,0,0,0,0,-153000,0,0,0,200000,353000,-153000,-153000
04685P,訊芯元大94售02  ,0,0,0,0,0,0,0,0,0,-153000,0,0,0,47000,200000,-153000,-153000
052923,台積電永豐96購02,0,0,0,0,0,0,0,0,0,-153000,0,0,0,430000,583000,-153000,-153000
049443,元石油統一94購02,0,0,0,0,0,0,0,0,0,-153000,0,0,0,0,153000,-153000,-153000
04994P,大成鋼凱基95售01,0,0,0,0,0,0,0,0,0,-153000,0,0,0,9000,162000,-153000,-153000
05926P,智易永豐96售02  ,0,0,0,0,0,0,0,0,0,-153000,0,0,0,0,153000,-153000,-153000
051471,國巨凱基97購01  ,0,0,0,0,0,0,0,0,0,-154000,0,0,0,48000,202000,-154000,-154000
051188,鴻海兆豐95購01  ,0,0,0,0,0,0,0,0,0,-154000,0,0,0,87000,241000,-154000,-154000
06011P,貿聯元富96售04  ,0,0,0,0,0,0,0,0,0,-154000,0,0,0,573000,727000,-154000,-154000
053093,緯穎元大96購06  ,0,0,0,0,0,0,0,0,0,-155000,0,0,0,118000,273000,-155000,-155000
045189,大立光元富98購01,0,0,0,0,0,0,0,0,0,-155000,0,0,0,31000,186000,-155000,-155000
046013,緯穎元富92購01  ,0,0,0,0,0,0,0,0,0,-155000,0,0,0,39000,194000,-155000,-155000
051137,聯詠永豐95購01  ,0,0,0,0,0,0,0,0,0,-155000,0,0,0,1000,156000,-155000,-155000
051558,元金2X國泰97購01,0,0,0,0,0,0,0,0,0,-156000,0,0,0,125000,281000,-156000,-156000
05184P,緯穎元富95售01  ,0,0,0,0,0,0,0,0,0,-156000,0,0,0,0,156000,-156000,-156000
046476,鴻海統一96購01  ,0,0,0,0,0,0,0,0,0,-156000,0,0,0,165000,321000,-156000,-156000
049237,元油2X元富96購07,0,0,0,0,0,0,0,0,0,-156000,0,0,0,3000,159000,-156000,-156000
053999,台表科群益96購06,0,0,0,0,0,0,0,0,0,-156000,0,0,0,10000,166000,-156000,-156000
050395,大立光元富94購10,0,0,0,0,0,0,0,0,0,-157000,0,0,0,20000,177000,-157000,-157000
05546P,全新元大97售01  ,0,0,0,0,0,0,0,0,0,-157000,0,0,0,0,157000,-157000,-157000
05718P,國巨元大96售09  ,0,0,0,0,0,0,0,0,0,-157000,0,0,0,680000,837000,-157000,-157000
054457,強茂群益96購01  ,0,0,0,0,0,0,0,0,0,-157000,0,0,0,101000,258000,-157000,-157000
054396,日電貿永豐96購02,0,0,0,0,0,0,0,0,0,-157000,0,0,0,0,157000,-157000,-157000
04391P,玉晶光凱基95售03,0,0,0,0,0,0,0,0,0,-158000,0,0,0,172000,330000,-158000,-158000
044515,禾伸堂凱基91購02,0,0,0,0,0,0,0,0,0,-158000,0,0,0,0,158000,-158000,-158000
046785,禾伸堂永豐93購01,0,0,0,0,0,0,0,0,0,-158000,0,0,0,25000,183000,-158000,-158000
050264,聯發科元大94購13,0,0,0,0,0,0,0,0,0,-158000,0,0,0,4000,162000,-158000,-158000
051535,新日興國票96購01,0,0,0,0,0,0,0,0,0,-159000,0,0,0,136000,295000,-159000,-159000
05211P,國巨國票96售05  ,0,0,0,0,0,0,0,0,0,-159000,0,0,0,0,159000,-159000,-159000
043969,美利達國泰92購01,0,0,0,0,0,0,0,0,0,-159000,0,0,0,8000,167000,-159000,-159000
050455,貿聯元大94購02  ,0,0,0,0,0,0,0,0,0,-159000,0,0,0,143000,302000,-159000,-159000
05661P,聯發科統一96售06,0,0,0,0,0,0,0,0,0,-159000,0,0,0,10000,169000,-159000,-159000
054290,奇力新元大96購05,0,0,0,0,0,0,0,0,0,-159000,0,0,0,64000,223000,-159000,-159000
053537,玉晶光永豐98購02,0,0,0,0,0,0,0,0,0,-159000,0,0,0,676000,835000,-159000,-159000
03968P,聯發科國票93售05,0,0,0,0,0,0,0,0,0,-160000,0,0,0,0,160000,-160000,-160000
03713P,GIS元富93售02   ,0,0,0,0,0,0,0,0,0,-160000,0,0,0,10000,170000,-160000,-160000
03795P,智邦元大93售03  ,0,0,0,0,0,0,0,0,0,-160000,0,0,0,17000,177000,-160000,-160000
04800P,聯茂元大94售08  ,0,0,0,0,0,0,0,0,0,-160000,0,0,0,0,160000,-160000,-160000
05047P,強茂永豐95售02  ,0,0,0,0,0,0,0,0,0,-160000,0,0,0,0,160000,-160000,-160000
04932P,香港2X中信96售01,0,0,0,0,0,0,0,0,0,-160000,0,0,0,0,160000,-160000,-160000
049451,富邦金統一94購03,0,0,0,0,0,0,0,0,0,-160000,0,0,0,108000,268000,-160000,-160000
048845,GIS凱基94購02   ,0,0,0,0,0,0,0,0,0,-160000,0,0,0,12000,172000,-160000,-160000
053433,友達日盛99購06  ,0,0,0,0,0,0,0,0,0,-160000,0,0,0,1000,161000,-160000,-160000
05528P,臺股指群益96售01,0,0,0,0,0,0,0,0,0,-160000,0,0,0,20000,180000,-160000,-160000
054604,麗豐台新98購01  ,0,0,0,0,0,0,0,0,0,-160000,0,0,0,0,160000,-160000,-160000
053120,復盛中信9A購01  ,0,0,0,0,0,0,0,0,0,-161000,0,0,0,0,161000,-161000,-161000
2360,致茂            ,529000,1497000,-968000,0,0,0,447000,36000,411000,396000,319000,19000,300000,108000,12000,96000,-161000
046466,台虹凱基92購01  ,0,0,0,0,0,0,0,0,0,-161000,0,0,0,72000,233000,-161000,-161000
047232,禾伸堂凱基93購02,0,0,0,0,0,0,0,0,0,-161000,0,0,0,12000,173000,-161000,-161000
05539P,鎧勝永豐96售01  ,0,0,0,0,0,0,0,0,0,-161000,0,0,0,0,161000,-161000,-161000
05763P,致新永豐96售01  ,0,0,0,0,0,0,0,0,0,-161000,0,0,0,0,161000,-161000,-161000
052200,台光電統一95購02,0,0,0,0,0,0,0,0,0,-162000,0,0,0,20000,182000,-162000,-162000
04157P,鎧勝永豐93售02  ,0,0,0,0,0,0,0,0,0,-162000,0,0,0,5000,167000,-162000,-162000
049396,元油2X群益97購03,0,0,0,0,0,0,0,0,0,-162000,0,0,0,8000,170000,-162000,-162000
05116P,台積電群益95售03,0,0,0,0,0,0,0,0,0,-162000,0,0,0,0,162000,-162000,-162000
045580,冠德元大92購02  ,0,0,0,0,0,0,0,0,0,-163000,0,0,0,542000,705000,-163000,-163000
048576,義隆國泰95購01  ,0,0,0,0,0,0,0,0,0,-163000,0,0,0,47000,210000,-163000,-163000
050647,聯發科凱基96購01,0,0,0,0,0,0,0,0,0,-163000,0,0,0,62000,225000,-163000,-163000
052597,茂林群益96購01  ,0,0,0,0,0,0,0,0,0,-164000,0,0,0,23000,187000,-164000,-164000
2402,毅嘉            ,92000,252000,-160000,0,0,0,0,0,0,-4000,0,4000,-4000,0,0,0,-164000
04127P,聯茂國票93售02  ,0,0,0,0,0,0,0,0,0,-164000,0,0,0,0,164000,-164000,-164000
03530P,臺股指凱基02售09,0,0,0,0,0,0,0,0,0,-164000,0,0,0,2000,166000,-164000,-164000
044034,美律群益92購04  ,0,0,0,0,0,0,0,0,0,-164000,0,0,0,20000,184000,-164000,-164000
044737,奇鋐國泰93購02  ,0,0,0,0,0,0,0,0,0,-164000,0,0,0,0,164000,-164000,-164000
046712,勤誠永豐93購01  ,0,0,0,0,0,0,0,0,0,-164000,0,0,0,55000,219000,-164000,-164000
049612,香港反中信96購01,0,0,0,0,0,0,0,0,0,-164000,0,0,0,0,164000,-164000,-164000
05924P,超眾元富96售04  ,0,0,0,0,0,0,0,0,0,-164000,0,0,0,146000,310000,-164000,-164000
052589,群創永豐97購01  ,0,0,0,0,0,0,0,0,0,-165000,0,0,0,0,165000,-165000,-165000
051831,緯穎元大96購04  ,0,0,0,0,0,0,0,0,0,-165000,0,0,0,148000,313000,-165000,-165000
044929,康控國泰93購01  ,0,0,0,0,0,0,0,0,0,-165000,0,0,0,10000,175000,-165000,-165000
044532,康控富邦93購01  ,0,0,0,0,0,0,0,0,0,-165000,0,0,0,0,165000,-165000,-165000
042068,台灣50富邦93購02,0,0,0,0,0,0,0,0,0,-165000,0,0,0,0,165000,-165000,-165000
049570,華新科統一94購04,0,0,0,0,0,0,0,0,0,-165000,0,0,0,236000,401000,-165000,-165000
050804,和大日盛95購01  ,0,0,0,0,0,0,0,0,0,-165000,0,0,0,44000,209000,-165000,-165000
05441P,華通元大95售09  ,0,0,0,0,0,0,0,0,0,-165000,0,0,0,75000,240000,-165000,-165000
053654,聯發科凱基98購01,0,0,0,0,0,0,0,0,0,-165000,0,0,0,14000,179000,-165000,-165000
053766,友達富邦97購01  ,0,0,0,0,0,0,0,0,0,-165000,0,0,0,0,165000,-165000,-165000
044995,大立光國泰94購01,0,0,0,0,0,0,0,0,0,-166000,0,0,0,307000,473000,-166000,-166000
050955,達方群益97購01  ,0,0,0,0,0,0,0,0,0,-166000,0,0,0,148000,314000,-166000,-166000
049803,華新科元大95購07,0,0,0,0,0,0,0,0,0,-166000,0,0,0,13000,179000,-166000,-166000
053639,禾伸堂永豐96購01,0,0,0,0,0,0,0,0,0,-166000,0,0,0,10000,176000,-166000,-166000
054426,國泰金富邦97購02,0,0,0,0,0,0,0,0,0,-166000,0,0,0,100000,266000,-166000,-166000
050415,力成永豐94購01  ,0,0,0,0,0,0,0,0,0,-167000,0,0,0,2000,169000,-167000,-167000
05726P,易華電永豐96售02,0,0,0,0,0,0,0,0,0,-167000,0,0,0,0,167000,-167000,-167000
054689,華新科永豐97購01,0,0,0,0,0,0,0,0,0,-167000,0,0,0,0,167000,-167000,-167000
3596,智易            ,580000,393000,187000,0,0,0,0,332258,-332258,-22000,69000,2000,67000,44000,133000,-89000,-167258
052306,鴻海國泰97購05  ,0,0,0,0,0,0,0,0,0,-168000,0,0,0,23000,191000,-168000,-168000
047185,益航元大94購02  ,0,0,0,0,0,0,0,0,0,-168000,0,0,0,0,168000,-168000,-168000
047528,高鐵元大93購03  ,0,0,0,0,0,0,0,0,0,-168000,0,0,0,24000,192000,-168000,-168000
03756P,創意永豐93售01  ,0,0,0,0,0,0,0,0,0,-169000,0,0,0,0,169000,-169000,-169000
051185,強茂永豐95購03  ,0,0,0,0,0,0,0,0,0,-169000,0,0,0,125000,294000,-169000,-169000
05992P,華通元大96售05  ,0,0,0,0,0,0,0,0,0,-169000,0,0,0,0,169000,-169000,-169000
054158,國巨日盛99購01  ,0,0,0,0,0,0,0,0,0,-169000,0,0,0,32000,201000,-169000,-169000
051725,緯穎永豐95購02  ,0,0,0,0,0,0,0,0,0,-170000,0,0,0,18000,188000,-170000,-170000
03544P,鴻海群益02售07  ,0,0,0,0,0,0,0,0,0,-170000,0,0,0,0,170000,-170000,-170000
04178P,聯茂元大93售07  ,0,0,0,0,0,0,0,0,0,-170000,0,0,0,0,170000,-170000,-170000
04715P,聯茂元大94售06  ,0,0,0,0,0,0,0,0,0,-170000,0,0,0,0,170000,-170000,-170000
048127,麗豐元大94購01  ,0,0,0,0,0,0,0,0,0,-170000,0,0,0,0,170000,-170000,-170000
046265,高鐵凱基92購03  ,0,0,0,0,0,0,0,0,0,-170000,0,0,0,0,170000,-170000,-170000
4119,旭富            ,51000,226000,-175000,0,0,0,0,17000,-17000,22000,30000,1000,29000,0,7000,-7000,-170000
05569P,漢唐統一97售01  ,0,0,0,0,0,0,0,0,0,-170000,0,0,0,223000,393000,-170000,-170000
05758P,光罩永豐96售02  ,0,0,0,0,0,0,0,0,0,-170000,0,0,0,0,170000,-170000,-170000
054377,臺股指中信99購09,0,0,0,0,0,0,0,0,0,-170000,0,0,0,62000,232000,-170000,-170000
054488,禾伸堂台新96購01,0,0,0,0,0,0,0,0,0,-170000,0,0,0,116000,286000,-170000,-170000
04061P,臺股指群益93售15,0,0,0,0,0,0,0,0,0,-171000,0,0,0,50000,221000,-171000,-171000
04862P,台積電元大94售26,0,0,0,0,0,0,0,0,0,-171000,0,0,0,672000,843000,-171000,-171000
045870,元油2X元富96購02,0,0,0,0,0,0,0,0,0,-171000,0,0,0,0,171000,-171000,-171000
051136,可成永豐95購02  ,0,0,0,0,0,0,0,0,0,-171000,0,0,0,270000,441000,-171000,-171000
054289,聯發科元大97購11,0,0,0,0,0,0,0,0,0,-171000,0,0,0,31000,202000,-171000,-171000
052852,國巨元富96購02  ,0,0,0,0,0,0,0,0,0,-172000,0,0,0,555000,727000,-172000,-172000
048243,儒鴻兆豐94購01  ,0,0,0,0,0,0,0,0,0,-172000,0,0,0,17000,189000,-172000,-172000
051191,可成兆豐96購01  ,0,0,0,0,0,0,0,0,0,-172000,0,0,0,0,172000,-172000,-172000
054272,華通中信98購01  ,0,0,0,0,0,0,0,0,0,-172000,0,0,0,0,172000,-172000,-172000
6698,旭暉應材        ,39000,206000,-167000,0,0,0,11000,0,11000,-16000,14000,30000,-16000,0,0,0,-172000
054366,和大中信98購01  ,0,0,0,0,0,0,0,0,0,-172000,0,0,0,139000,311000,-172000,-172000
05904P,大立光統一96售07,0,0,0,0,0,0,0,0,0,-172000,0,0,0,149000,321000,-172000,-172000
05879P,台積電台新96售03,0,0,0,0,0,0,0,0,0,-172000,0,0,0,5000,177000,-172000,-172000
05233P,台郡台新95售02  ,0,0,0,0,0,0,0,0,0,-173000,0,0,0,10000,183000,-173000,-173000
05267P,欣興元大95售08  ,0,0,0,0,0,0,0,0,0,-173000,0,0,0,0,173000,-173000,-173000
048081,元油反凱基96購01,0,0,0,0,0,0,0,0,0,-173000,0,0,0,27000,200000,-173000,-173000
051128,台表科群益95購02,0,0,0,0,0,0,0,0,0,-173000,0,0,0,304000,477000,-173000,-173000
04998P,京元電永豐95售01,0,0,0,0,0,0,0,0,0,-173000,0,0,0,0,173000,-173000,-173000
052213,富邦金元大95購01,0,0,0,0,0,0,0,0,0,-174000,0,0,0,1000,175000,-174000,-174000
05193P,台郡台新95售01  ,0,0,0,0,0,0,0,0,0,-174000,0,0,0,38000,212000,-174000,-174000
048730,智原麥證94購01  ,0,0,0,10000,184000,-174000,0,0,0,-174000,0,0,0,10000,184000,-174000,-174000
05905P,晶技統一97售01  ,0,0,0,0,0,0,0,0,0,-174000,0,0,0,48000,222000,-174000,-174000
6541,泰福-KY         ,34000,206000,-172000,0,0,0,0,0,0,-2000,0,2000,-2000,0,0,0,-174000
048889,牧德元富94購03  ,0,0,0,0,0,0,0,0,0,-175000,0,0,0,232000,407000,-175000,-175000
051761,富邦金元大96購01,0,0,0,0,0,0,0,0,0,-176000,0,0,0,30000,206000,-176000,-176000
052653,臺股指永豐97購01,0,0,0,0,0,0,0,0,0,-176000,0,0,0,21000,197000,-176000,-176000
3047,訊舟            ,102000,275000,-173000,0,0,0,0,0,0,-3000,0,3000,-3000,0,0,0,-176000
045480,滬深2X中信94購01,0,0,0,0,0,0,0,0,0,-176000,0,0,0,384000,560000,-176000,-176000
043010,友達元大92購01  ,0,0,0,0,0,0,0,0,0,-176000,0,0,0,36000,212000,-176000,-176000
045873,元油2X元富98購04,0,0,0,0,0,0,0,0,0,-176000,0,0,0,16000,192000,-176000,-176000
047824,臺股指凱基93購18,0,0,0,0,0,0,0,0,0,-176000,0,0,0,996000,1172000,-176000,-176000
05960P,欣興統一96售01  ,0,0,0,0,0,0,0,0,0,-176000,0,0,0,5000,181000,-176000,-176000
049487,智邦元大94購03  ,0,0,0,0,0,0,0,0,0,-177000,0,0,0,54000,231000,-177000,-177000
04947P,聯詠元大94售05  ,0,0,0,0,0,0,0,0,0,-177000,0,0,0,0,177000,-177000,-177000
053752,超眾永豐96購02  ,0,0,0,0,0,0,0,0,0,-177000,0,0,0,80000,257000,-177000,-177000
03481P,欣興群益02售08  ,0,0,0,0,0,0,0,0,0,-178000,0,0,0,12000,190000,-178000,-178000
044344,傳奇國泰92購01  ,0,0,0,0,0,0,0,0,0,-178000,0,0,0,2000,180000,-178000,-178000
052925,日電貿永豐96購01,0,0,0,0,0,0,0,0,0,-178000,0,0,0,115000,293000,-178000,-178000
048745,儒鴻元富97購02  ,0,0,0,0,0,0,0,0,0,-178000,0,0,0,0,178000,-178000,-178000
049523,微星兆豐94購02  ,0,0,0,0,0,0,0,0,0,-178000,0,0,0,82000,260000,-178000,-178000
04898P,瑞儀中信95售01  ,0,0,0,0,0,0,0,0,0,-178000,0,0,0,0,178000,-178000,-178000
051130,百和群益96購01  ,0,0,0,0,0,0,0,0,0,-178000,0,0,0,0,178000,-178000,-178000
3042,晶技            ,1506000,1169000,337000,0,0,0,7000,153000,-146000,-370000,6000,186000,-180000,18000,208000,-190000,-179000
045956,英業達凱基93購01,0,0,0,0,0,0,0,0,0,-179000,0,0,0,21000,200000,-179000,-179000
048936,玉晶光永豐94購05,0,0,0,0,0,0,0,0,0,-179000,0,0,0,217000,396000,-179000,-179000
054175,高鐵台新97購01  ,0,0,0,0,0,0,0,0,0,-179000,0,0,0,0,179000,-179000,-179000
05951P,台積電國票97售05,0,0,0,0,0,0,0,0,0,-179000,0,0,0,1000,180000,-179000,-179000
06067P,華新科康和97售01,0,0,0,0,0,0,0,0,0,-179000,0,0,0,0,179000,-179000,-179000
05502P,台表科國票97售01,0,0,0,0,0,0,0,0,0,-179000,0,0,0,29000,208000,-179000,-179000
051475,宏碁凱基95購02  ,0,0,0,0,0,0,0,0,0,-180000,0,0,0,20000,200000,-180000,-180000
049536,T50反1群益94購02,0,0,0,0,0,0,0,0,0,-180000,0,0,0,50000,230000,-180000,-180000
05018P,臺股指元大95售09,0,0,0,0,0,0,0,0,0,-180000,0,0,0,0,180000,-180000,-180000
051007,台光電麥證95購01,0,0,0,55000,235000,-180000,0,0,0,-180000,0,0,0,55000,235000,-180000,-180000
050410,燿華永豐95購03  ,0,0,0,0,0,0,0,0,0,-180000,0,0,0,0,180000,-180000,-180000
05850P,台積電兆豐96售06,0,0,0,0,0,0,0,0,0,-180000,0,0,0,568000,748000,-180000,-180000
1519,華城            ,63000,248000,-185000,0,0,0,0,0,0,4000,5000,1000,4000,0,0,0,-181000
1464,得力            ,43000,219000,-176000,0,0,0,0,0,0,-5000,0,2000,-2000,0,3000,-3000,-181000
044463,全新兆豐93購01  ,0,0,0,0,0,0,0,0,0,-181000,0,0,0,317000,498000,-181000,-181000
044726,新日興永豐91購01,0,0,0,0,0,0,0,0,0,-181000,0,0,0,9000,190000,-181000,-181000
048017,美利達國票93購01,0,0,0,0,0,0,0,0,0,-181000,0,0,0,0,181000,-181000,-181000
051226,英業達群益95購01,0,0,0,0,0,0,0,0,0,-181000,0,0,0,11000,192000,-181000,-181000
05496P,聯詠統一95售04  ,0,0,0,0,0,0,0,0,0,-181000,0,0,0,48000,229000,-181000,-181000
03856P,易華電永豐93售01,0,0,0,0,0,0,0,0,0,-182000,0,0,0,0,182000,-182000,-182000
052917,大立光富邦99購02,0,0,0,0,0,0,0,0,0,-182000,0,0,0,129000,311000,-182000,-182000
051214,大立光統一95購02,0,0,0,0,0,0,0,0,0,-182000,0,0,0,94000,276000,-182000,-182000
053488,中石化兆豐97購01,0,0,0,0,0,0,0,0,0,-182000,0,0,0,0,182000,-182000,-182000
051923,聯發科日盛95購02,0,0,0,0,0,0,0,0,0,-183000,0,0,0,10000,193000,-183000,-183000
048367,華邦電統一93購01,0,0,0,0,0,0,0,0,0,-183000,0,0,0,39000,222000,-183000,-183000
04444P,玉晶光永豐94售06,0,0,0,0,0,0,0,0,0,-183000,0,0,0,99000,282000,-183000,-183000
045845,台塑康和92購01  ,0,0,0,0,0,0,0,0,0,-183000,0,0,0,0,183000,-183000,-183000
04767P,台積電國泰95售04,0,0,0,0,0,0,0,0,0,-183000,0,0,0,20000,203000,-183000,-183000
04608P,晶相光永豐94售02,0,0,0,0,0,0,0,0,0,-183000,0,0,0,0,183000,-183000,-183000
053218,TPK凱基96購01   ,0,0,0,0,0,0,0,0,0,-184000,0,0,0,17000,201000,-184000,-184000
050625,康控第一94購01  ,0,0,0,0,0,0,0,0,0,-184000,0,0,0,0,184000,-184000,-184000
049153,大立光元大96購02,0,0,0,0,0,0,0,0,0,-184000,0,0,0,531000,715000,-184000,-184000
6414,樺漢            ,39000,152000,-113000,0,0,0,0,0,0,-71000,9000,13000,-4000,11000,78000,-67000,-184000
05843P,台積電元大96售16,0,0,0,0,0,0,0,0,0,-184000,0,0,0,628000,812000,-184000,-184000
052476,台光電群益98購01,0,0,0,0,0,0,0,0,0,-185000,0,0,0,44000,229000,-185000,-185000
045213,A50正2元大95購01,0,0,0,0,0,0,0,0,0,-185000,0,0,0,40000,225000,-185000,-185000
053491,鴻海兆豐97購02  ,0,0,0,0,0,0,0,0,0,-185000,0,0,0,9000,194000,-185000,-185000
1527,鑽全            ,89000,275000,-186000,0,0,0,0,0,0,0,0,0,0,0,0,0,-186000
05124P,華新科富邦97售02,0,0,0,0,0,0,0,0,0,-186000,0,0,0,13000,199000,-186000,-186000
1560,中砂            ,90000,242000,-152000,0,0,0,0,0,0,-35000,10000,45000,-35000,0,0,0,-187000
3031,佰鴻            ,26000,213000,-187000,0,0,0,0,0,0,0,0,0,0,0,0,0,-187000
045914,超眾國票93購01  ,0,0,0,0,0,0,0,0,0,-187000,0,0,0,20000,207000,-187000,-187000
053480,祥碩元大96購02  ,0,0,0,0,0,0,0,0,0,-187000,0,0,0,18000,205000,-187000,-187000
03351P,台積電麥證02售07,0,0,0,0,0,0,0,0,0,-188000,0,0,0,0,188000,-188000,-188000
045142,聯茂兆豐93購02  ,0,0,0,0,0,0,0,0,0,-188000,0,0,0,0,188000,-188000,-188000
046000,台光電統一92購06,0,0,0,0,0,0,0,0,0,-188000,0,0,0,0,188000,-188000,-188000
048070,聯發科元富99購03,0,0,0,0,0,0,0,0,0,-188000,0,0,0,0,188000,-188000,-188000
047501,合勤控永豐93購01,0,0,0,0,0,0,0,0,0,-188000,0,0,0,0,188000,-188000,-188000
050989,台表科富邦95購01,0,0,0,0,0,0,0,0,0,-188000,0,0,0,13000,201000,-188000,-188000
050088,禾伸堂台新94購01,0,0,0,0,0,0,0,0,0,-188000,0,0,0,6000,194000,-188000,-188000
05882P,華新科永豐96售01,0,0,0,0,0,0,0,0,0,-188000,0,0,0,140000,328000,-188000,-188000
050663,麗豐元大96購03  ,0,0,0,0,0,0,0,0,0,-189000,0,0,0,63000,252000,-189000,-189000
054497,國巨永豐96購05  ,0,0,0,0,0,0,0,0,0,-189000,0,0,0,131000,320000,-189000,-189000
05419P,矽力永豐95售02  ,0,0,0,0,0,0,0,0,0,-189000,0,0,0,2000,191000,-189000,-189000
052505,友達日盛9B購02  ,0,0,0,0,0,0,0,0,0,-190000,0,0,0,10000,200000,-190000,-190000
052308,大立光國泰97購02,0,0,0,0,0,0,0,0,0,-190000,0,0,0,55000,245000,-190000,-190000
047596,元油反元富97購01,0,0,0,0,0,0,0,0,0,-190000,0,0,0,0,190000,-190000,-190000
05467P,聯電元大95售02  ,0,0,0,0,0,0,0,0,0,-190000,0,0,0,0,190000,-190000,-190000
052181,南茂元大95購05  ,0,0,0,0,0,0,0,0,0,-191000,0,0,0,330000,521000,-191000,-191000
053851,鴻海國泰98購03  ,0,0,0,0,0,0,0,0,0,-191000,0,0,0,22000,213000,-191000,-191000
053295,奇力新中信96購01,0,0,0,0,0,0,0,0,0,-192000,0,0,0,56000,248000,-192000,-192000
5522,遠雄            ,156000,346000,-190000,0,0,0,0,0,0,-2000,0,2000,-2000,0,0,0,-192000
046289,群創兆豐92購03  ,0,0,0,0,0,0,0,0,0,-193000,0,0,0,0,193000,-193000,-193000
05302P,華通國泰96售01  ,0,0,0,0,0,0,0,0,0,-194000,0,0,0,0,194000,-194000,-194000
046487,鴻海永昌92購01  ,0,0,0,0,0,0,0,0,0,-194000,0,0,0,185000,379000,-194000,-194000
049837,臺股指凱基96購02,0,0,0,0,0,0,0,0,0,-194000,0,0,0,0,194000,-194000,-194000
4960,誠美材          ,0,194000,-194000,0,0,0,0,0,0,0,0,0,0,0,0,0,-194000
038111,新光金中信91購01,0,0,0,0,0,0,0,0,0,-195000,0,0,0,15000,210000,-195000,-195000
046627,高鐵統一95購01  ,0,0,0,0,0,0,0,0,0,-195000,0,0,0,44000,239000,-195000,-195000
05083P,麗豐永豐95售02  ,0,0,0,0,0,0,0,0,0,-195000,0,0,0,5000,200000,-195000,-195000
054089,台積電群益96購11,0,0,0,0,0,0,0,0,0,-195000,0,0,0,18000,213000,-195000,-195000
045280,儒鴻富邦94購01  ,0,0,0,0,0,0,0,0,0,-196000,0,0,0,75000,271000,-196000,-196000
052964,台表科凱基96購03,0,0,0,0,0,0,0,0,0,-196000,0,0,0,25000,221000,-196000,-196000
052292,緯穎元富95購02  ,0,0,0,0,0,0,0,0,0,-197000,0,0,0,28000,225000,-197000,-197000
03819P,聯詠統一93售03  ,0,0,0,0,0,0,0,0,0,-197000,0,0,0,0,197000,-197000,-197000
04731P,臺股指中信96售03,0,1000,-1000,0,0,0,0,0,0,-196000,0,0,0,30000,226000,-196000,-197000
048973,禾伸堂元大94購01,0,0,0,0,0,0,0,0,0,-197000,0,0,0,28000,225000,-197000,-197000
6005,群益證          ,1094000,1291000,-197000,0,0,0,0,0,0,0,0,0,0,0,0,0,-197000
051705,富邦金群益97購01,0,0,0,0,0,0,0,0,0,-198000,0,0,0,4000,202000,-198000,-198000
05303P,華通國泰97售01  ,0,0,0,0,0,0,0,0,0,-198000,0,0,0,132000,330000,-198000,-198000
044273,微星群益92購01  ,0,0,0,0,0,0,0,0,0,-198000,0,0,0,162000,360000,-198000,-198000
04162P,南亞科統一94售02,0,0,0,0,0,0,0,0,0,-198000,0,0,0,44000,242000,-198000,-198000
5880,合庫金          ,2120000,2228465,-108465,0,0,0,26000,0,26000,-116000,0,100000,-100000,0,16000,-16000,-198465
051590,玉晶光元大96購02,0,0,0,0,0,0,0,0,0,-199000,0,0,0,100000,299000,-199000,-199000
03976P,智原元大93售02  ,0,0,0,0,0,0,0,0,0,-199000,0,0,0,416000,615000,-199000,-199000
03784P,致伸凱基93售02  ,0,0,0,0,0,0,0,0,0,-199000,0,0,0,0,199000,-199000,-199000
03453P,儒鴻康和02售01  ,0,0,0,0,0,0,0,0,0,-199000,0,0,0,0,199000,-199000,-199000
047595,元石油元富97購01,0,0,0,0,0,0,0,0,0,-199000,0,0,0,0,199000,-199000,-199000
04783P,貿聯元富94售01  ,0,0,0,0,0,0,0,0,0,-199000,0,0,0,398000,597000,-199000,-199000
046676,羅麗芬元大93購01,0,0,0,0,0,0,0,0,0,-199000,0,0,0,100000,299000,-199000,-199000
051288,可成統一95購03  ,0,0,0,0,0,0,0,0,0,-199000,0,0,0,109000,308000,-199000,-199000
05573P,仁寶元富96售02  ,0,0,0,0,0,0,0,0,0,-199000,0,0,0,0,199000,-199000,-199000
08977P,臺股指群益01售11,0,0,0,0,0,0,0,0,0,-199000,0,0,0,0,199000,-199000,-199000
08996P,華通群益02售05  ,0,0,0,0,0,0,0,0,0,-199000,0,0,0,0,199000,-199000,-199000
052156,滬深2X永豐95購03,0,0,0,0,0,0,0,0,0,-200000,0,0,0,0,200000,-200000,-200000
052771,GIS群益96購01   ,0,0,0,0,0,0,0,0,0,-200000,0,0,0,0,200000,-200000,-200000
03269P,健策元大02售04  ,0,0,0,0,0,0,0,0,0,-200000,0,0,0,0,200000,-200000,-200000
04298P,祥碩元大93售02  ,0,0,0,0,0,0,0,0,0,-200000,0,0,0,0,200000,-200000,-200000
04295P,智邦元大93售10  ,0,0,0,0,0,0,0,0,0,-200000,0,0,0,0,200000,-200000,-200000
03781P,智邦凱基93售03  ,0,0,0,0,0,0,0,0,0,-200000,0,0,0,0,200000,-200000,-200000
03102P,臺股指凱基03售08,0,0,0,0,0,0,0,0,0,-200000,0,0,0,0,200000,-200000,-200000
03961P,GIS元富93售04   ,0,0,0,0,0,0,0,0,0,-200000,0,0,0,0,200000,-200000,-200000
04233P,儒鴻兆豐93售01  ,0,0,0,0,0,0,0,0,0,-200000,0,0,0,0,200000,-200000,-200000
04522P,卜蜂凱基94售02  ,0,0,0,0,0,0,0,0,0,-200000,0,0,0,0,200000,-200000,-200000
046754,技嘉凱基93購05  ,0,0,0,0,0,0,0,0,0,-200000,0,0,0,0,200000,-200000,-200000
047117,禾伸堂元大93購02,0,0,0,0,0,0,0,0,0,-200000,0,0,0,36000,236000,-200000,-200000
048112,宏達電群益93購05,0,0,0,0,0,0,0,0,0,-200000,0,0,0,0,200000,-200000,-200000
047630,元油反元大96購02,0,0,0,0,0,0,0,0,0,-200000,0,0,0,0,200000,-200000,-200000
04793P,台光電元大94售07,0,0,0,0,0,0,0,0,0,-200000,0,0,0,100000,300000,-200000,-200000
046520,瀚宇博元大92購02,0,0,0,0,0,0,0,0,0,-200000,0,0,0,106000,306000,-200000,-200000
05100P,智邦凱基95售02  ,0,0,0,0,0,0,0,0,0,-200000,0,0,0,0,200000,-200000,-200000
051123,和鑫群益95購01  ,0,0,0,0,0,0,0,0,0,-200000,0,0,0,18000,218000,-200000,-200000
05063P,聯電元大96售03  ,0,0,0,0,0,0,0,0,0,-200000,0,0,0,50000,250000,-200000,-200000
050129,聯發科凱基94購11,0,0,0,0,0,0,0,0,0,-200000,0,0,0,17000,217000,-200000,-200000
06081P,深中小元大97售02,0,0,0,0,0,0,0,0,0,-200000,0,0,0,0,200000,-200000,-200000
08419P,元金2X群益9C售01,0,0,0,0,0,0,0,0,0,-200000,0,0,0,0,200000,-200000,-200000
06004P,奇力新永豐96售02,0,0,0,0,0,0,0,0,0,-200000,0,0,0,0,200000,-200000,-200000
05632P,大立光群益96售02,0,0,0,0,0,0,0,0,0,-200000,0,0,0,10000,210000,-200000,-200000
054427,潤泰全富邦97購01,0,0,0,0,0,0,0,0,0,-200000,0,0,0,0,200000,-200000,-200000
05354P,臺股指元富95售08,0,0,0,0,0,0,0,0,0,-200000,0,0,0,0,200000,-200000,-200000
3321,同泰            ,102000,36000,66000,0,0,0,0,242000,-242000,-25000,0,25000,-25000,0,0,0,-201000
052133,華邦電凱基9B購01,0,0,0,0,0,0,0,0,0,-201000,0,0,0,40000,241000,-201000,-201000
04479P,同欣電中信96售02,0,0,0,0,0,0,0,0,0,-201000,0,0,0,0,201000,-201000,-201000
049424,中石化兆豐94購01,0,0,0,0,0,0,0,0,0,-201000,0,0,0,3000,204000,-201000,-201000
05430P,台積電統一95售07,0,0,0,0,0,0,0,0,0,-201000,0,0,0,0,201000,-201000,-201000
2388,威盛            ,134000,333000,-199000,0,0,0,0,0,0,-3000,0,3000,-3000,0,0,0,-202000
1304,台聚            ,218000,410000,-192000,0,0,0,0,0,0,-10000,0,10000,-10000,0,0,0,-202000
046735,聯發科國票93購01,0,0,0,0,0,0,0,0,0,-202000,0,0,0,17000,219000,-202000,-202000
050763,楠梓電元大94購03,0,0,0,0,0,0,0,0,0,-202000,0,0,0,0,202000,-202000,-202000
05747P,漢唐群益96售03  ,0,0,0,0,0,0,0,0,0,-202000,0,0,0,38000,240000,-202000,-202000
051916,和碩元大95購02  ,0,0,0,0,0,0,0,0,0,-203000,0,0,0,5000,208000,-203000,-203000
045614,瀚宇博群益92購01,0,0,0,0,0,0,0,0,0,-203000,0,0,0,0,203000,-203000,-203000
050319,康控國票95購04  ,0,0,0,0,0,0,0,0,0,-203000,0,0,0,10000,213000,-203000,-203000
049739,大立光群益94購05,0,0,0,0,0,0,0,0,0,-203000,0,0,0,28000,231000,-203000,-203000
054611,全新永豐97購01  ,0,0,0,0,0,0,0,0,0,-203000,0,0,0,0,203000,-203000,-203000
04187P,麗豐元富93售02  ,0,0,0,0,0,0,0,0,0,-204000,0,0,0,20000,224000,-204000,-204000
043040,永冠元富94購01  ,0,0,0,0,0,0,0,0,0,-204000,0,0,0,1078000,1282000,-204000,-204000
048432,全新國票95購01  ,0,0,0,0,0,0,0,0,0,-205000,0,0,0,101000,306000,-205000,-205000
05570P,聯發科統一96售04,0,0,0,0,0,0,0,0,0,-206000,0,0,0,0,206000,-206000,-206000
047246,華新科群益93購01,0,0,0,0,0,0,0,0,0,-207000,0,0,0,69000,276000,-207000,-207000
2338,光罩            ,650000,763000,-113000,0,0,0,0,164000,-164000,69000,0,2000,-2000,262000,191000,71000,-208000
04343P,啟碁永豐93售02  ,0,0,0,0,0,0,0,0,0,-208000,0,0,0,0,208000,-208000,-208000
049411,大成鋼凱基94購01,0,0,0,0,0,0,0,0,0,-208000,0,0,0,69000,277000,-208000,-208000
051039,台表科康和95購01,0,0,0,0,0,0,0,0,0,-208000,0,0,0,190000,398000,-208000,-208000
054517,高鐵元大96購01  ,0,0,0,0,0,0,0,0,0,-208000,0,0,0,32000,240000,-208000,-208000
4190,佐登-KY         ,27000,275000,-248000,0,0,0,0,0,0,40000,27000,10000,17000,31000,8000,23000,-208000
053104,台表科元富96購02,0,0,0,0,0,0,0,0,0,-209000,0,0,0,7000,216000,-209000,-209000
03969P,華新科國票94售01,0,0,0,0,0,0,0,0,0,-210000,0,0,0,310000,520000,-210000,-210000
041427,滬深2X國票93購01,0,0,0,0,0,0,0,0,0,-210000,0,0,0,10000,220000,-210000,-210000
03155P,玉晶光群益01售08,0,0,0,0,0,0,0,0,0,-210000,0,0,0,20000,230000,-210000,-210000
043655,微星富邦93購01  ,0,0,0,0,0,0,0,0,0,-210000,0,0,0,0,210000,-210000,-210000
045887,台光電元大92購07,0,0,0,0,0,0,0,0,0,-210000,0,0,0,70000,280000,-210000,-210000
047705,燿華凱基94購01  ,0,0,0,0,0,0,0,0,0,-210000,0,0,0,10000,220000,-210000,-210000
050542,宏碁凱基95購01  ,0,0,0,0,0,0,0,0,0,-210000,0,0,0,1000,211000,-210000,-210000
05492P,聯茂元大95售02  ,0,0,0,0,0,0,0,0,0,-210000,0,0,0,10000,220000,-210000,-210000
06008P,燿華統一96售04  ,0,0,0,0,0,0,0,0,0,-210000,0,0,0,0,210000,-210000,-210000
00692,富邦公司治理    ,1214,0,1214,0,0,0,0,0,0,-212000,0,0,0,2266000,2478000,-212000,-210786
04903P,全新永豐94售05  ,0,0,0,0,0,0,0,0,0,-211000,0,0,0,10000,221000,-211000,-211000
04363P,儒鴻元富94售01  ,0,0,0,0,0,0,0,0,0,-212000,0,0,0,0,212000,-212000,-212000
04737P,正崴永豐94售02  ,0,0,0,0,0,0,0,0,0,-212000,0,0,0,0,212000,-212000,-212000
049785,華新科兆豐95購01,0,0,0,0,0,0,0,0,0,-212000,0,0,0,195000,407000,-212000,-212000
05483P,國巨凱基95售07  ,0,0,0,0,0,0,0,0,0,-212000,0,0,0,0,212000,-212000,-212000
053579,華通元大97購01  ,0,0,0,0,0,0,0,0,0,-212000,0,0,0,231000,443000,-212000,-212000
053321,智原群益96購02  ,0,0,0,0,0,0,0,0,0,-213000,0,0,0,546000,759000,-213000,-213000
1605,華新            ,2482000,1682000,800000,0,0,0,0,0,0,-1013000,0,66000,-66000,117000,1064000,-947000,-213000
052534,貿聯國泰96購02  ,0,0,0,0,0,0,0,0,0,-213000,0,0,0,95000,308000,-213000,-213000
052233,台郡凱基96購01  ,0,0,0,0,0,0,0,0,0,-214000,0,0,0,72000,286000,-214000,-214000
051815,百和凱基96購01  ,0,0,0,0,0,0,0,0,0,-215000,0,0,0,0,215000,-215000,-215000
053408,友達兆豐98購01  ,0,0,0,0,0,0,0,0,0,-215000,0,0,0,10000,225000,-215000,-215000
05683P,矽創元大96售01  ,0,0,0,0,0,0,0,0,0,-215000,0,0,0,50000,265000,-215000,-215000
03754P,致茂永豐93售01  ,0,0,0,0,0,0,0,0,0,-216000,0,0,0,1000,217000,-216000,-216000
04768P,大立光國泰96售03,0,0,0,0,0,0,0,0,0,-216000,0,0,0,1000,217000,-216000,-216000
051330,宏碁永豐95購01  ,0,0,0,0,0,0,0,0,0,-216000,0,0,0,0,216000,-216000,-216000
05724P,致茂永豐96售01  ,0,0,0,0,0,0,0,0,0,-216000,0,0,0,0,216000,-216000,-216000
05862P,大立光國泰98售01,0,0,0,0,0,0,0,0,0,-216000,0,0,0,0,216000,-216000,-216000
054186,高鐵永豐96購01  ,0,0,0,0,0,0,0,0,0,-216000,0,0,0,0,216000,-216000,-216000
051414,新光金國票95購04,0,0,0,0,0,0,0,0,0,-217000,0,0,0,119000,336000,-217000,-217000
049751,牧德永豐95購01  ,0,0,0,0,0,0,0,0,0,-217000,0,0,0,301000,518000,-217000,-217000
054561,奇力新群益97購03,0,0,0,0,0,0,0,0,0,-217000,0,0,0,48000,265000,-217000,-217000
054428,禾伸堂富邦98購01,0,0,0,0,0,0,0,0,0,-217000,0,0,0,437000,654000,-217000,-217000
045527,建準永豐92購01  ,0,0,0,0,0,0,0,0,0,-219000,0,0,0,141000,360000,-219000,-219000
053525,台積電中信96購04,0,0,0,0,0,0,0,0,0,-219000,0,0,0,195000,414000,-219000,-219000
2915,潤泰全          ,156000,248000,-92000,0,0,0,0,0,0,-128000,2000,4000,-2000,0,126000,-126000,-220000
051943,台積電麥證95購03,0,0,0,110000,330000,-220000,0,0,0,-220000,0,0,0,110000,330000,-220000,-220000
052620,上証2X富邦97購02,0,0,0,0,0,0,0,0,0,-220000,0,0,0,0,220000,-220000,-220000
03820P,聯詠統一93售04  ,0,0,0,0,0,0,0,0,0,-220000,0,0,0,0,220000,-220000,-220000
03881P,易華電永豐93售02,0,0,0,0,0,0,0,0,0,-220000,0,0,0,0,220000,-220000,-220000
05086P,鴻海凱基95售13  ,0,0,0,0,0,0,0,0,0,-220000,0,0,0,10000,230000,-220000,-220000
053797,台積電中信98購01,0,0,0,0,0,0,0,0,0,-220000,0,0,0,320000,540000,-220000,-220000
05621P,聯電中信96售01  ,0,0,0,0,0,0,0,0,0,-220000,0,0,0,0,220000,-220000,-220000
047042,佐登群益93購01  ,0,0,0,0,0,0,0,0,0,-221000,0,0,0,286000,507000,-221000,-221000
05652P,臻鼎群益96售01  ,0,0,0,0,0,0,0,0,0,-221000,0,0,0,21000,242000,-221000,-221000
1339,昭輝            ,87000,328000,-241000,0,0,0,0,0,0,19000,20000,1000,19000,0,0,0,-222000
048224,聯發科凱基93購31,0,0,0,0,0,0,0,0,0,-222000,0,0,0,54000,276000,-222000,-222000
051259,鴻海永昌96購03  ,0,0,0,0,0,0,0,0,0,-222000,0,0,0,5931000,6153000,-222000,-222000
048991,昇陽半元大94購01,0,0,0,0,0,0,0,0,0,-222000,0,0,0,71000,293000,-222000,-222000
052610,貿聯元大97購01  ,0,0,0,0,0,0,0,0,0,-223000,0,0,0,213000,436000,-223000,-223000
040166,FBVIX元大92購01 ,20000,0,20000,0,0,0,0,0,0,-243000,0,0,0,557000,800000,-243000,-223000
04765P,宏達電永豐94售02,0,0,0,0,0,0,0,0,0,-223000,0,0,0,0,223000,-223000,-223000
048962,宏全康和94購01  ,0,0,0,0,0,0,0,0,0,-224000,0,0,0,148000,372000,-224000,-224000
6552,易華電          ,43000,181000,-138000,0,0,0,0,0,0,-86000,0,1000,-1000,0,85000,-85000,-224000
05197P,智原永豐95售02  ,0,0,0,0,0,0,0,0,0,-225000,0,0,0,1000,226000,-225000,-225000
045138,技嘉兆豐92購01  ,0,0,0,0,0,0,0,0,0,-225000,0,0,0,75000,300000,-225000,-225000
045058,華邦電國泰94購01,0,0,0,0,0,0,0,0,0,-225000,0,0,0,445000,670000,-225000,-225000
054583,玉晶光統一97購02,0,0,0,0,0,0,0,0,0,-225000,0,0,0,33000,258000,-225000,-225000
044315,大立光永豐92購01,0,0,0,0,0,0,0,0,0,-226000,0,0,0,15000,241000,-226000,-226000
03253P,台灣50國泰03售02,0,0,0,0,0,0,0,0,0,-227000,0,0,0,15000,242000,-227000,-227000
046605,瀚宇博群益93購01,0,0,0,0,0,0,0,0,0,-227000,0,0,0,0,227000,-227000,-227000
050757,聯發科元富94購03,0,0,0,0,0,0,0,0,0,-227000,0,0,0,25000,252000,-227000,-227000
051997,康友元大95購02  ,0,0,0,0,0,0,0,0,0,-228000,0,0,0,1183000,1411000,-228000,-228000
051752,緯穎富邦96購01  ,0,0,0,0,0,0,0,0,0,-228000,0,0,0,217000,445000,-228000,-228000
05552P,聯詠群益96售01  ,0,0,0,0,0,0,0,0,0,-228000,0,0,0,98000,326000,-228000,-228000
048672,日電貿永豐93購02,0,0,0,0,0,0,0,0,0,-229000,0,0,0,77000,306000,-229000,-229000
03555P,聯電元大02售24  ,0,0,0,0,0,0,0,0,0,-230000,0,0,0,0,230000,-230000,-230000
04449P,智邦凱基94售01  ,0,0,0,0,0,0,0,0,0,-230000,0,0,0,0,230000,-230000,-230000
054425,聯發科富邦99購03,0,0,0,0,0,0,0,0,0,-230000,0,0,0,0,230000,-230000,-230000
05896P,宏達電群益96售03,0,0,0,0,0,0,0,0,0,-230000,0,0,0,3000,233000,-230000,-230000
06042P,華新科永豐96售04,0,0,0,0,0,0,0,0,0,-230000,0,0,0,0,230000,-230000,-230000
053939,台表科元富96購03,0,0,0,0,0,0,0,0,0,-230000,0,0,0,39000,269000,-230000,-230000
046290,儒鴻統一93購01  ,0,0,0,0,0,0,0,0,0,-231000,0,0,0,124000,355000,-231000,-231000
050185,和鑫元大95購02  ,0,0,0,0,0,0,0,0,0,-231000,0,0,0,0,231000,-231000,-231000
04859P,台達電群益94售04,0,0,0,0,0,0,0,0,0,-232000,0,0,0,92000,324000,-232000,-232000
04670P,臺股指國票94售09,0,0,0,0,0,0,0,0,0,-233000,0,0,0,700000,933000,-233000,-233000
050633,義隆群益96購02  ,0,0,0,0,0,0,0,0,0,-233000,0,0,0,40000,273000,-233000,-233000
047972,康控富邦95購01  ,0,0,0,0,0,0,0,0,0,-234000,0,0,0,104000,338000,-234000,-234000
054464,奇力新凱基98購02,0,0,0,0,0,0,0,0,0,-234000,0,0,0,30000,264000,-234000,-234000
051692,深中小統一95購01,0,0,0,0,0,0,0,0,0,-235000,0,0,0,60000,295000,-235000,-235000
2455,全新            ,424000,697000,-273000,0,0,0,259000,0,259000,-221000,153000,116000,37000,154000,412000,-258000,-235000
047014,元油反元大99購01,0,0,0,0,0,0,0,0,0,-235000,0,0,0,200000,435000,-235000,-235000
05453P,智邦群益95售03  ,0,0,0,0,0,0,0,0,0,-235000,0,0,0,0,235000,-235000,-235000
052054,台表科凱基96購01,0,0,0,0,0,0,0,0,0,-236000,0,0,0,36000,272000,-236000,-236000
05471P,聯電統一95售01  ,0,0,0,0,0,0,0,0,0,-236000,0,0,0,50000,286000,-236000,-236000
053770,元金2X元大98購01,0,0,0,0,0,0,0,0,0,-236000,0,0,0,34000,270000,-236000,-236000
054074,健策富邦98購01  ,0,0,0,0,0,0,0,0,0,-237000,0,0,0,1000,238000,-237000,-237000
05925P,晶技永豐96售03  ,0,0,0,0,0,0,0,0,0,-237000,0,0,0,0,237000,-237000,-237000
3338,泰碩            ,141000,259000,-118000,0,0,0,80000,55000,25000,-145000,6000,94000,-88000,2000,59000,-57000,-238000
046938,致茂元大93購02  ,0,0,0,0,0,0,0,0,0,-239000,0,0,0,48000,287000,-239000,-239000
054196,台光電國泰97購02,0,0,0,0,0,0,0,0,0,-239000,0,0,0,48000,287000,-239000,-239000
3014,聯陽            ,19000,260000,-241000,0,0,0,0,0,0,1000,3000,2000,1000,0,0,0,-240000
05310P,智原永豐95售04  ,0,0,0,0,0,0,0,0,0,-240000,0,0,0,0,240000,-240000,-240000
050450,富邦金元大94購03,0,0,0,0,0,0,0,0,0,-240000,0,0,0,0,240000,-240000,-240000
050094,T50反1國泰95購01,0,0,0,0,0,0,0,0,0,-240000,0,0,0,125000,365000,-240000,-240000
05396P,台郡元大95售05  ,0,0,0,0,0,0,0,0,0,-240000,0,0,0,29000,269000,-240000,-240000
05474P,智邦亞東95售01  ,0,0,0,0,0,0,0,0,0,-240000,0,0,0,0,240000,-240000,-240000
053400,緯穎中信9A購01  ,0,0,0,0,0,0,0,0,0,-241000,0,0,0,10000,251000,-241000,-241000
051316,T50反1國票95購02,0,0,0,0,0,0,0,0,0,-241000,0,0,0,6000,247000,-241000,-241000
2723,美食-KY         ,50000,234000,-184000,0,0,0,0,0,0,-58000,0,1000,-1000,2000,59000,-57000,-242000
04463P,可成元富94售03  ,0,0,0,0,0,0,0,0,0,-242000,0,0,0,10000,252000,-242000,-242000
05402P,台郡永豐95售02  ,0,0,0,0,0,0,0,0,0,-242000,0,0,0,124000,366000,-242000,-242000
9910,豐泰            ,166000,423030,-257030,0,0,0,1000,0,1000,14000,20000,6000,14000,0,0,0,-242030
048147,元油反元富95購01,0,0,0,0,0,0,0,0,0,-243000,0,0,0,30000,273000,-243000,-243000
049342,聯發科統一94購05,0,0,0,0,0,0,0,0,0,-243000,0,0,0,10000,253000,-243000,-243000
047360,鴻海群益95購02  ,0,0,0,0,0,0,0,0,0,-244000,0,0,0,268000,512000,-244000,-244000
045658,儒鴻國泰93購01  ,0,0,0,0,0,0,0,0,0,-244000,0,0,0,100000,344000,-244000,-244000
048856,高鐵群益94購01  ,0,0,0,0,0,0,0,0,0,-244000,0,0,0,226000,470000,-244000,-244000
05760P,京鼎永豐96售02  ,0,0,0,0,0,0,0,0,0,-244000,0,0,0,0,244000,-244000,-244000
05945P,聯詠中信96售01  ,0,0,0,0,0,0,0,0,0,-244000,0,0,0,0,244000,-244000,-244000
00728,第一金工業30    ,0,0,0,0,0,0,0,0,0,-245000,0,0,0,495000,740000,-245000,-245000
054527,國巨統一97購03  ,0,0,0,0,0,0,0,0,0,-245000,0,0,0,4000,249000,-245000,-245000
051215,大立光統一95購03,0,0,0,0,0,0,0,0,0,-246000,0,0,0,110000,356000,-246000,-246000
05641P,貿聯元富96售02  ,0,0,0,0,0,0,0,0,0,-246000,0,0,0,510000,756000,-246000,-246000
05655P,南亞科統一96售01,0,0,0,0,0,0,0,0,0,-246000,0,0,0,26000,272000,-246000,-246000
04083P,欣興統一94售01  ,0,0,0,0,0,0,0,0,0,-247000,0,0,0,6000,253000,-247000,-247000
050797,聯發科中信99購01,0,0,0,0,0,0,0,0,0,-247000,0,0,0,37000,284000,-247000,-247000
4906,正文            ,71000,273000,-202000,0,0,0,0,0,0,-45000,24000,4000,20000,43000,108000,-65000,-247000
051550,日電貿永豐95購01,0,0,0,0,0,0,0,0,0,-248000,0,0,0,25000,273000,-248000,-248000
046892,聯發科群益93購04,0,0,0,0,0,0,0,0,0,-248000,0,0,0,422000,670000,-248000,-248000
048912,牧德富邦94購01  ,0,0,0,0,0,0,0,0,0,-248000,0,0,0,429000,677000,-248000,-248000
050093,國巨永豐94購05  ,0,0,0,0,0,0,0,0,0,-248000,0,0,0,148000,396000,-248000,-248000
06068P,玉晶光康和97售01,0,0,0,0,0,0,0,0,0,-248000,0,0,0,3000,251000,-248000,-248000
041904,儒鴻元大92購01  ,0,0,0,0,0,0,0,0,0,-249000,0,0,0,0,249000,-249000,-249000
048148,欣興元富93購02  ,0,0,0,0,0,0,0,0,0,-249000,0,0,0,0,249000,-249000,-249000
04986P,茂林永豐94售05  ,0,0,0,0,0,0,0,0,0,-249000,0,0,0,0,249000,-249000,-249000
051213,華新科統一95購01,0,0,0,0,0,0,0,0,0,-249000,0,0,0,5000,254000,-249000,-249000
050936,國巨國票95購04  ,0,0,0,0,0,0,0,0,0,-249000,0,0,0,12000,261000,-249000,-249000
05301P,矽力元大95售02  ,0,0,0,0,0,0,0,0,0,-250000,0,0,0,0,250000,-250000,-250000
051238,中環元大96購01  ,0,0,0,0,0,0,0,0,0,-250000,0,0,0,100000,350000,-250000,-250000
049898,緯穎統一95購01  ,0,0,0,0,0,0,0,0,0,-250000,0,0,0,58000,308000,-250000,-250000
04890P,台積電元大95售05,0,0,0,0,0,0,0,0,0,-250000,0,0,0,0,250000,-250000,-250000
6672,騰輝電子-KY     ,49000,274000,-225000,0,0,0,0,0,0,-25000,0,25000,-25000,0,0,0,-250000
051835,百和元大95購03  ,0,0,0,0,0,0,0,0,0,-251000,0,0,0,46000,297000,-251000,-251000
054449,中環第一96購01  ,0,0,0,0,0,0,0,0,0,-251000,0,0,0,0,251000,-251000,-251000
053015,緯創統一96購01  ,0,0,0,0,0,0,0,0,0,-253000,0,0,0,48000,301000,-253000,-253000
051336,智原永豐95購01  ,0,0,0,0,0,0,0,0,0,-253000,0,0,0,428000,681000,-253000,-253000
04294P,台積電元大95售01,0,0,0,0,0,0,0,0,0,-254000,0,0,0,20000,274000,-254000,-254000
051420,康控國票95購05  ,0,0,0,0,0,0,0,0,0,-254000,0,0,0,61000,315000,-254000,-254000
051825,中環元大95購01  ,0,0,0,0,0,0,0,0,0,-255000,0,0,0,456000,711000,-255000,-255000
052434,茂林國泰97購01  ,0,0,0,0,0,0,0,0,0,-255000,0,0,0,259000,514000,-255000,-255000
041900,元油2X富邦96購01,0,0,0,0,0,0,0,0,0,-255000,0,0,0,52000,307000,-255000,-255000
044290,群創凱基93購05  ,0,0,0,0,0,0,0,0,0,-255000,0,0,0,0,255000,-255000,-255000
04905P,國巨國票94售04  ,0,0,0,0,0,0,0,0,0,-255000,0,0,0,100000,355000,-255000,-255000
053162,緯穎元大97購01  ,0,0,0,0,0,0,0,0,0,-256000,0,0,0,111000,367000,-256000,-256000
04019P,聯茂永豐93售01  ,0,0,0,0,0,0,0,0,0,-256000,0,0,0,68000,324000,-256000,-256000
049745,國巨永豐94購04  ,0,0,0,0,0,0,0,0,0,-256000,0,0,0,199000,455000,-256000,-256000
054047,富邦金元大97購01,0,0,0,0,0,0,0,0,0,-257000,0,0,0,20000,277000,-257000,-257000
052144,鴻海群益95購10  ,0,0,0,0,0,0,0,0,0,-258000,0,0,0,40000,298000,-258000,-258000
046811,和大凱基93購01  ,0,0,0,0,0,0,0,0,0,-258000,0,0,0,0,258000,-258000,-258000
05990P,台積電群益96售13,0,0,0,0,0,0,0,0,0,-258000,0,0,0,270000,528000,-258000,-258000
047828,華新元大93購03  ,0,0,0,0,0,0,0,0,0,-259000,0,0,0,2000,261000,-259000,-259000
05978P,麗豐永豐96售02  ,0,0,0,0,0,0,0,0,0,-259000,0,0,0,0,259000,-259000,-259000
054432,台積電台新96購05,0,0,0,0,0,0,0,0,0,-259000,0,0,0,98000,357000,-259000,-259000
8081,致新            ,81000,299000,-218000,0,0,0,0,0,0,-41000,0,0,0,10000,51000,-41000,-259000
052000,鈺齊元大95購03  ,0,0,0,0,0,0,0,0,0,-260000,0,0,0,95000,355000,-260000,-260000
3056,總太            ,291000,550000,-259000,0,0,0,0,0,0,-1000,0,1000,-1000,0,0,0,-260000
043173,合勤控國泰93購01,0,0,0,0,0,0,0,0,0,-260000,0,0,0,105000,365000,-260000,-260000
053950,緯穎富邦97購02  ,0,0,0,0,0,0,0,0,0,-260000,0,0,0,11000,271000,-260000,-260000
05867P,友達兆豐97售02  ,0,0,0,0,0,0,0,0,0,-260000,0,0,0,61000,321000,-260000,-260000
04420P,奇鋐永豐94售01  ,0,0,0,0,0,0,0,0,0,-261000,0,0,0,13000,274000,-261000,-261000
047512,宏達電國票94購01,0,0,0,0,0,0,0,0,0,-261000,0,0,0,15000,276000,-261000,-261000
051487,健策凱基96購03  ,0,0,0,0,0,0,0,0,0,-262000,0,0,0,50000,312000,-262000,-262000
05175P,TPK富邦99售01   ,0,0,0,0,0,0,0,0,0,-262000,0,0,0,10000,272000,-262000,-262000
05166P,中磊元富95售03  ,0,0,0,0,0,0,0,0,0,-263000,0,0,0,0,263000,-263000,-263000
04327P,台積電國泰95售01,0,0,0,0,0,0,0,0,0,-263000,0,0,0,330000,593000,-263000,-263000
051224,華通群益96購03  ,0,0,0,0,0,0,0,0,0,-263000,0,0,0,101000,364000,-263000,-263000
05723P,華通永豐96售03  ,0,0,0,0,0,0,0,0,0,-263000,0,0,0,0,263000,-263000,-263000
6706,惠特            ,44000,256000,-212000,0,0,0,0,13000,-13000,-38000,16000,54000,-38000,0,0,0,-263000
053644,台表科國票97購03,0,0,0,0,0,0,0,0,0,-263000,0,0,0,4000,267000,-263000,-263000
04820P,聯茂永豐94售02  ,0,0,0,0,0,0,0,0,0,-265000,0,0,0,98000,363000,-265000,-265000
047400,欣興永豐93購03  ,0,0,0,0,0,0,0,0,0,-265000,0,0,0,15000,280000,-265000,-265000
3706,神達            ,339000,644000,-305000,0,0,0,0,0,0,39000,48000,9000,39000,0,0,0,-266000
053737,華新科麥證96購01,0,0,0,22000,288000,-266000,0,0,0,-266000,0,0,0,22000,288000,-266000,-266000
052504,鴻海日盛95購03  ,0,0,0,0,0,0,0,0,0,-267000,0,0,0,34000,301000,-267000,-267000
045807,上緯控國票93購01,0,0,0,0,0,0,0,0,0,-268000,0,0,0,183000,451000,-268000,-268000
051035,百和兆豐95購01  ,0,0,0,0,0,0,0,0,0,-268000,0,0,0,0,268000,-268000,-268000
05985P,燿華統一96售03  ,0,0,0,0,0,0,0,0,0,-269000,0,0,0,0,269000,-269000,-269000
049922,禾伸堂元大95購01,0,0,0,0,0,0,0,0,0,-270000,0,0,0,495000,765000,-270000,-270000
054584,貿聯元富97購01  ,0,0,0,0,0,0,0,0,0,-270000,0,0,0,0,270000,-270000,-270000
05363P,臺股指富邦95售03,0,0,0,0,0,0,0,0,0,-270000,0,0,0,0,270000,-270000,-270000
053478,京鼎元大96購01  ,0,0,0,0,0,0,0,0,0,-271000,0,0,0,154000,425000,-271000,-271000
052080,康友元富98購02  ,0,0,0,0,0,0,0,0,0,-272000,0,0,0,129000,401000,-272000,-272000
049269,超眾元大96購02  ,0,0,0,0,0,0,0,0,0,-272000,0,0,0,402000,674000,-272000,-272000
04316P,華新科國票94售05,0,0,0,0,0,0,0,0,0,-274000,0,0,0,297000,571000,-274000,-274000
05287P,鴻海元富95售09  ,0,0,0,0,0,0,0,0,0,-275000,0,0,0,15000,290000,-275000,-275000
050595,緯穎永豐94購03  ,0,0,0,0,0,0,0,0,0,-275000,0,0,0,15000,290000,-275000,-275000
05994P,奇鋐元大96售02  ,0,0,0,0,0,0,0,0,0,-275000,0,0,0,50000,325000,-275000,-275000
2542,興富發          ,506000,746237,-240237,0,0,0,0,0,0,-36000,4000,40000,-36000,0,0,0,-276237
06048P,大立光富邦96售05,0,0,0,0,0,0,0,0,0,-277000,0,0,0,0,277000,-277000,-277000
046949,群創元大99購01  ,0,0,0,0,0,0,0,0,0,-278000,0,0,0,19000,297000,-278000,-278000
049923,智原元大95購02  ,0,0,0,0,0,0,0,0,0,-278000,0,0,0,659000,937000,-278000,-278000
2379,瑞昱            ,2045364,1861020,184344,0,0,0,0,9000,-9000,-454000,124000,18000,106000,70000,630000,-560000,-278656
053024,國巨富邦97購02  ,2000,0,2000,0,0,0,0,0,0,-281000,0,0,0,269000,550000,-281000,-279000
045341,華邦電凱基93購04,0,0,0,0,0,0,0,0,0,-279000,0,0,0,81000,360000,-279000,-279000
045892,和鑫元大93購03  ,0,0,0,0,0,0,0,0,0,-279000,0,0,0,0,279000,-279000,-279000
050603,致新國泰96購01  ,0,0,0,0,0,0,0,0,0,-279000,0,0,0,376000,655000,-279000,-279000
1590,亞德客-KY       ,398836,678618,-279782,0,0,0,20000,0,20000,-20000,37000,49000,-12000,10000,18000,-8000,-279782
048513,欣興凱基93購04  ,0,0,0,0,0,0,0,0,0,-280000,0,0,0,20000,300000,-280000,-280000
052590,祥碩永豐96購01  ,0,0,0,0,0,0,0,0,0,-281000,0,0,0,4000,285000,-281000,-281000
03867P,樺漢元大93售02  ,0,0,0,0,0,0,0,0,0,-281000,0,0,0,0,281000,-281000,-281000
04801P,矽力元大94售02  ,0,0,0,0,0,0,0,0,0,-281000,0,0,0,7000,288000,-281000,-281000
06061P,訊芯統一97售01  ,0,0,0,0,0,0,0,0,0,-281000,0,0,0,0,281000,-281000,-281000
054556,世芯凱基99購01  ,0,0,0,0,0,0,0,0,0,-281000,0,0,0,0,281000,-281000,-281000
053884,緯穎第一96購01  ,0,0,0,0,0,0,0,0,0,-281000,0,0,0,0,281000,-281000,-281000
04345P,景碩國泰94售02  ,0,0,0,0,0,0,0,0,0,-282000,0,0,0,1000,283000,-282000,-282000
048125,和鑫元大96購01  ,0,0,0,0,0,0,0,0,0,-282000,0,0,0,0,282000,-282000,-282000
04395P,台積電群益94售06,0,0,0,0,0,0,0,0,0,-283000,0,0,0,0,283000,-283000,-283000
054477,聯發科中信9C購02,0,0,0,0,0,0,0,0,0,-283000,0,0,0,0,283000,-283000,-283000
053945,國巨富邦98購02  ,0,0,0,0,0,0,0,0,0,-284000,0,0,0,1079000,1363000,-284000,-284000
052361,大成鋼國票96購01,0,0,0,0,0,0,0,0,0,-285000,0,0,0,38000,323000,-285000,-285000
045183,台光電統一92購02,0,0,0,0,0,0,0,0,0,-285000,0,0,0,15000,300000,-285000,-285000
051359,中信金元大95購01,0,0,0,0,0,0,0,0,0,-286000,0,0,0,45000,331000,-286000,-286000
053679,緯創富邦96購01  ,0,0,0,0,0,0,0,0,0,-286000,0,0,0,0,286000,-286000,-286000
6443,元晶            ,15000,300000,-285000,0,0,0,0,0,0,-3000,0,3000,-3000,0,0,0,-288000
03859P,聯詠元富93售04  ,0,0,0,0,0,0,0,0,0,-289000,0,0,0,100000,389000,-289000,-289000
053853,康控國泰97購02  ,0,0,0,0,0,0,0,0,0,-289000,0,0,0,72000,361000,-289000,-289000
047394,合勤控元大93購02,0,0,0,0,0,0,0,0,0,-290000,0,0,0,105000,395000,-290000,-290000
05551P,電子類元大96售01,0,0,0,0,0,0,0,0,0,-291000,0,0,0,40000,331000,-291000,-291000
05409P,京元電元富95售05,0,0,0,0,0,0,0,0,0,-292000,0,0,0,0,292000,-292000,-292000
045649,超眾凱基93購04  ,0,0,0,0,0,0,0,0,0,-294000,0,0,0,0,294000,-294000,-294000
049234,可成統一94購02  ,0,0,0,0,0,0,0,0,0,-294000,0,0,0,0,294000,-294000,-294000
6269,台郡            ,2443000,3111000,-668000,0,0,0,271000,0,271000,103000,480000,240000,240000,309000,446000,-137000,-294000
053691,聯發科元大96購16,0,0,0,0,0,0,0,0,0,-294000,0,0,0,110000,404000,-294000,-294000
05090P,國巨元大95售05  ,0,0,0,0,0,0,0,0,0,-295000,0,0,0,90000,385000,-295000,-295000
3029,零壹            ,199000,483000,-284000,0,0,0,0,0,0,-12000,0,12000,-12000,0,0,0,-296000
050100,台積電永昌96購02,0,0,0,0,0,0,0,0,0,-296000,0,0,0,196000,492000,-296000,-296000
04837P,華新科元大94售05,0,0,0,0,0,0,0,0,0,-297000,0,0,0,650000,947000,-297000,-297000
054055,全新國票99購02  ,0,0,0,0,0,0,0,0,0,-297000,0,0,0,66000,363000,-297000,-297000
053006,玉晶光永豐96購03,0,0,0,0,0,0,0,0,0,-298000,0,0,0,41000,339000,-298000,-298000
053363,旺宏國泰98購02  ,0,0,0,0,0,0,0,0,0,-298000,0,0,0,783000,1081000,-298000,-298000
052207,台郡中信95購02  ,0,0,0,0,0,0,0,0,0,-298000,0,0,0,377000,675000,-298000,-298000
053813,友達群益9A購03  ,0,0,0,0,0,0,0,0,0,-298000,0,0,0,0,298000,-298000,-298000
053889,致茂群益97購01  ,0,0,0,0,0,0,0,0,0,-298000,0,0,0,253000,551000,-298000,-298000
052272,T50反1群益95購03,0,0,0,0,0,0,0,0,0,-299000,0,0,0,0,299000,-299000,-299000
043524,亞光元大92購01  ,0,0,0,0,0,0,0,0,0,-299000,0,0,0,1000,300000,-299000,-299000
04037P,中磊群益93售02  ,0,0,0,0,0,0,0,0,0,-299000,0,0,0,0,299000,-299000,-299000
050123,群臺反凱基96購01,0,0,0,0,0,0,0,0,0,-299000,0,0,0,0,299000,-299000,-299000
049891,T50反1富邦94購02,0,0,0,0,0,0,0,0,0,-299000,0,0,0,0,299000,-299000,-299000
051173,元油2X凱基98購01,0,0,0,0,0,0,0,0,0,-299000,0,0,0,0,299000,-299000,-299000
051171,T50反1第一95購01,0,0,0,0,0,0,0,0,0,-299000,0,0,0,0,299000,-299000,-299000
050360,T50反1元大94購06,0,0,0,0,0,0,0,0,0,-299000,0,0,0,0,299000,-299000,-299000
050361,T50反1元大94購07,0,0,0,0,0,0,0,0,0,-299000,0,0,0,0,299000,-299000,-299000
05214P,台積電國票97售02,0,0,0,0,0,0,0,0,0,-300000,0,0,0,0,300000,-300000,-300000
052680,T50反1元大96購04,0,0,0,0,0,0,0,0,0,-300000,0,0,0,0,300000,-300000,-300000
04081P,聯詠元大93售11  ,0,0,0,0,0,0,0,0,0,-300000,0,0,0,0,300000,-300000,-300000
03670P,可成凱基92售12  ,0,0,0,0,0,0,0,0,0,-300000,0,0,0,0,300000,-300000,-300000
047371,明泰國票93購01  ,0,0,0,0,0,0,0,0,0,-300000,0,0,0,0,300000,-300000,-300000
04603P,訊芯凱基94售03  ,0,0,0,0,0,0,0,0,0,-300000,0,0,0,0,300000,-300000,-300000
046383,群創凱基98購01  ,0,0,0,0,0,0,0,0,0,-300000,0,0,0,0,300000,-300000,-300000
049762,華邦電國泰95購01,0,0,0,0,0,0,0,0,0,-300000,0,0,0,202000,502000,-300000,-300000
049973,T50反1日盛9A購01,0,0,0,0,0,0,0,0,0,-300000,0,0,0,0,300000,-300000,-300000
05560P,友達兆豐96售01  ,0,0,0,0,0,0,0,0,0,-300000,0,0,0,0,300000,-300000,-300000
054641,祥碩中信98購01  ,0,0,0,0,0,0,0,0,0,-300000,0,0,0,0,300000,-300000,-300000
045511,同欣電凱基92購02,0,0,0,0,0,0,0,0,0,-301000,0,0,0,91000,392000,-301000,-301000
051258,鈺齊國泰97購01  ,0,0,0,0,0,0,0,0,0,-301000,0,0,0,12000,313000,-301000,-301000
03904P,啟碁統一93售01  ,0,0,0,0,0,0,0,0,0,-302000,0,0,0,0,302000,-302000,-302000
053187,國巨統一96購05  ,0,0,0,0,0,0,0,0,0,-303000,0,0,0,45000,348000,-303000,-303000
053625,國巨兆豐96購03  ,0,0,0,0,0,0,0,0,0,-303000,0,0,0,154000,457000,-303000,-303000
2499,東貝            ,67000,369000,-302000,0,0,0,0,0,0,-2000,0,2000,-2000,0,0,0,-304000
051156,鴻海富邦97購01  ,0,0,0,0,0,0,0,0,0,-307000,0,0,0,1059000,1366000,-307000,-307000
054545,奇力新中信98購01,0,0,0,0,0,0,0,0,0,-307000,0,0,0,20000,327000,-307000,-307000
052655,群創統一97購01  ,0,0,0,0,0,0,0,0,0,-308000,0,0,0,0,308000,-308000,-308000
03413P,華擎元大02售02  ,0,0,0,0,0,0,0,0,0,-310000,0,0,0,0,310000,-310000,-310000
04604P,華新科國票95售01,0,0,0,0,0,0,0,0,0,-310000,0,0,0,0,310000,-310000,-310000
044464,滬深2X群益95購01,0,0,0,0,0,0,0,0,0,-311000,0,0,0,1309000,1620000,-311000,-311000
00640L,富邦日本正2     ,10000,25000,-15000,0,0,0,0,0,0,-297000,0,0,0,300000,597000,-297000,-312000
04410P,大立光統一94售05,0,0,0,0,0,0,0,0,0,-313000,0,0,0,126000,439000,-313000,-313000
05096P,台積電日盛95售01,0,0,0,0,0,0,0,0,0,-313000,0,0,0,0,313000,-313000,-313000
049054,禾伸堂永豐94購01,0,0,0,0,0,0,0,0,0,-313000,0,0,0,54000,367000,-313000,-313000
5243,乙盛-KY         ,52000,364000,-312000,0,0,0,0,0,0,-2000,0,2000,-2000,0,0,0,-314000
054192,國巨中信98購01  ,0,0,0,0,0,0,0,0,0,-314000,0,0,0,469000,783000,-314000,-314000
04032P,聯茂凱基94售02  ,0,0,0,0,0,0,0,0,0,-315000,0,0,0,3000,318000,-315000,-315000
044307,GIS兆豐93購01   ,0,0,0,0,0,0,0,0,0,-316000,0,0,0,125000,441000,-316000,-316000
03199P,台積電統一01售16,0,0,0,0,0,0,0,0,0,-316000,0,0,0,105000,421000,-316000,-316000
053708,道瓊反凱基98購01,0,0,0,0,0,0,0,0,0,-316000,0,0,0,0,316000,-316000,-316000
052615,鴻海國泰98購01  ,0,0,0,0,0,0,0,0,0,-317000,0,0,0,47000,364000,-317000,-317000
047604,智原國泰95購01  ,0,0,0,0,0,0,0,0,0,-317000,0,0,0,619000,936000,-317000,-317000
048934,日電貿永豐94購01,0,0,0,0,0,0,0,0,0,-317000,0,0,0,40000,357000,-317000,-317000
050117,麗豐元大96購02  ,0,0,0,0,0,0,0,0,0,-317000,0,0,0,307000,624000,-317000,-317000
054023,和大康和96購01  ,0,0,0,0,0,0,0,0,0,-317000,0,0,0,185000,502000,-317000,-317000
04729P,臺股指中信96售01,0,0,0,0,0,0,0,0,0,-318000,0,0,0,0,318000,-318000,-318000
05815P,台積電凱基97售06,0,0,0,0,0,0,0,0,0,-318000,0,0,0,270000,588000,-318000,-318000
3665,貿聯-KY         ,604000,597000,7000,0,0,0,0,32000,-32000,-295000,86000,132000,-46000,37000,286000,-249000,-320000
05304P,國巨國泰97售02  ,0,0,0,0,0,0,0,0,0,-320000,0,0,0,163000,483000,-320000,-320000
04669P,臺股指國票94售08,0,0,0,0,0,0,0,0,0,-320000,0,0,0,0,320000,-320000,-320000
049593,群創元大9A購01  ,0,0,0,0,0,0,0,0,0,-320000,0,0,0,90000,410000,-320000,-320000
050945,致茂群益95購01  ,0,0,0,0,0,0,0,0,0,-320000,0,0,0,148000,468000,-320000,-320000
03101P,GIS凱基01售04   ,0,0,0,0,0,0,0,0,0,-322000,0,0,0,0,322000,-322000,-322000
03903P,美律永豐93售01  ,0,0,0,0,0,0,0,0,0,-323000,0,0,0,1000,324000,-323000,-323000
050104,元石油元大97購02,0,0,0,0,0,0,0,0,0,-326000,0,0,0,20000,346000,-326000,-326000
5871,中租-KY         ,1091000,995957,95043,0,0,0,4000,344000,-340000,-83000,18000,101000,-83000,0,0,0,-327957
052758,友達群益99購01  ,0,0,0,0,0,0,0,0,0,-328000,0,0,0,5000,333000,-328000,-328000
052273,新光金群益95購02,0,0,0,0,0,0,0,0,0,-328000,0,0,0,828000,1156000,-328000,-328000
050402,緯穎中信96購01  ,0,0,0,0,0,0,0,0,0,-328000,0,0,0,12000,340000,-328000,-328000
05401P,聯茂永豐95售03  ,0,0,0,0,0,0,0,0,0,-328000,0,0,0,0,328000,-328000,-328000
046535,宏碁群益92購01  ,0,0,0,0,0,0,0,0,0,-329000,0,0,0,10000,339000,-329000,-329000
049363,旺宏元大94購07  ,0,0,0,0,0,0,0,0,0,-329000,0,0,0,190000,519000,-329000,-329000
05564P,玉晶光元大97售02,0,0,0,0,0,0,0,0,0,-329000,0,0,0,333000,662000,-329000,-329000
053038,華邦電凱基97購01,0,0,0,0,0,0,0,0,0,-330000,0,0,0,25000,355000,-330000,-330000
044312,A50正2永豐92購01,0,0,0,0,0,0,0,0,0,-330000,0,0,0,152000,482000,-330000,-330000
04493P,漢唐永豐94售01  ,0,0,0,0,0,0,0,0,0,-330000,0,0,0,2000,332000,-330000,-330000
05248P,矽創群益96售01  ,0,0,0,0,0,0,0,0,0,-331000,0,0,0,31000,362000,-331000,-331000
054572,國巨元大98購03  ,0,0,0,0,0,0,0,0,0,-332000,0,0,0,232000,564000,-332000,-332000
054291,高鐵元大97購01  ,0,0,0,0,0,0,0,0,0,-332000,0,0,0,7000,339000,-332000,-332000
2472,立隆電          ,303000,668000,-365000,0,0,0,0,0,0,32000,55000,23000,32000,0,0,0,-333000
052256,台泥國泰96購01  ,0,0,0,0,0,0,0,0,0,-335000,0,0,0,23000,358000,-335000,-335000
04541P,智易永豐94售03  ,0,0,0,0,0,0,0,0,0,-335000,0,0,0,32000,367000,-335000,-335000
3005,神基            ,234000,195000,39000,0,0,0,0,203000,-203000,-172000,0,5000,-5000,18000,185000,-167000,-336000
2010,春源            ,65000,401000,-336000,0,0,0,0,0,0,0,0,0,0,0,0,0,-336000
04213P,台光電凱基93售11,0,0,0,0,0,0,0,0,0,-336000,0,0,0,167000,503000,-336000,-336000
05491P,茂林元大95售04  ,0,0,0,0,0,0,0,0,0,-336000,0,0,0,487000,823000,-336000,-336000
052328,台表科中信99購01,0,0,0,0,0,0,0,0,0,-337000,0,0,0,427000,764000,-337000,-337000
049611,緯穎兆豐95購02  ,0,0,0,0,0,0,0,0,0,-337000,0,0,0,0,337000,-337000,-337000
05231P,GIS群益95售03   ,0,0,0,0,0,0,0,0,0,-338000,0,0,0,94000,432000,-338000,-338000
051970,元黃金凱基98購01,0,0,0,0,0,0,0,0,0,-339000,0,0,0,0,339000,-339000,-339000
053102,祥碩元富96購01  ,0,0,0,0,0,0,0,0,0,-340000,0,0,0,30000,370000,-340000,-340000
04370P,聯茂凱基94售05  ,0,0,0,0,0,0,0,0,0,-340000,0,0,0,0,340000,-340000,-340000
04930P,國巨統一94售08  ,0,0,0,0,0,0,0,0,0,-340000,0,0,0,5000,345000,-340000,-340000
050472,和大永豐94購01  ,0,0,0,0,0,0,0,0,0,-340000,0,0,0,25000,365000,-340000,-340000
044725,禾伸堂永豐91購01,0,0,0,0,0,0,0,0,0,-341000,0,0,0,31000,372000,-341000,-341000
03960P,新日興元富96售02,0,0,0,0,0,0,0,0,0,-341000,0,0,0,10000,351000,-341000,-341000
03413B,臺股指凱基94熊19,0,0,0,0,0,0,0,0,0,-341000,0,0,0,440000,781000,-341000,-341000
051423,GIS國票97購01   ,0,0,0,0,0,0,0,0,0,-341000,0,0,0,102000,443000,-341000,-341000
049112,可成統一94購01  ,0,0,0,0,0,0,0,0,0,-342000,0,0,0,40000,382000,-342000,-342000
048897,日電貿國泰95購01,0,0,0,0,0,0,0,0,0,-342000,0,0,0,124000,466000,-342000,-342000
05420P,大立光國泰97售03,0,0,0,0,0,0,0,0,0,-343000,0,0,0,7000,350000,-343000,-343000
051364,鴻海國泰97購03  ,0,0,0,0,0,0,0,0,0,-344000,0,0,0,42000,386000,-344000,-344000
044991,T50反1國泰93購02,0,0,0,0,0,0,0,0,0,-345000,0,0,0,0,345000,-345000,-345000
05032P,台積電國泰96售05,0,0,0,0,0,0,0,0,0,-345000,0,0,0,50000,395000,-345000,-345000
05381P,聯詠群益95售02  ,0,0,0,0,0,0,0,0,0,-345000,0,0,0,0,345000,-345000,-345000
6155,鈞寶            ,146000,490000,-344000,0,0,0,0,0,0,-1000,0,1000,-1000,0,0,0,-345000
05886P,華通元富96售01  ,0,0,0,0,0,0,0,0,0,-345000,0,0,0,10000,355000,-345000,-345000
04084P,台表科統一93售01,0,0,0,0,0,0,0,0,0,-346000,0,0,0,20000,366000,-346000,-346000
054126,和大元大96購02  ,0,0,0,0,0,0,0,0,0,-346000,0,0,0,136000,482000,-346000,-346000
052522,聯發科元大96購05,0,0,0,0,0,0,0,0,0,-347000,0,0,0,62000,409000,-347000,-347000
3048,益登            ,144000,491000,-347000,0,0,0,0,0,0,-2000,0,2000,-2000,0,0,0,-349000
04854P,鴻海國泰96售04  ,0,0,0,0,0,0,0,0,0,-349000,0,0,0,31000,380000,-349000,-349000
049226,元石油富邦95購01,0,0,0,0,0,0,0,0,0,-349000,0,0,0,1000,350000,-349000,-349000
047513,嘉晶國票93購03  ,0,0,0,0,0,0,0,0,0,-351000,0,0,0,30000,381000,-351000,-351000
048146,大立光統一93購11,0,0,0,0,0,0,0,0,0,-351000,0,0,0,240000,591000,-351000,-351000
047923,聯發科凱基94購02,0,0,0,0,0,0,0,0,0,-352000,0,0,0,160000,512000,-352000,-352000
053833,彩晶台新97購02  ,0,0,0,0,0,0,0,0,0,-354000,0,0,0,41000,395000,-354000,-354000
05469P,台積電元大95售24,0,0,0,0,0,0,0,0,0,-354000,0,0,0,910000,1264000,-354000,-354000
052351,中環元富95購01  ,0,0,0,0,0,0,0,0,0,-355000,0,0,0,188000,543000,-355000,-355000
052976,台表科群益96購03,0,0,0,0,0,0,0,0,0,-356000,0,0,0,29000,385000,-356000,-356000
045061,聯茂台新93購01  ,0,0,0,0,0,0,0,0,0,-356000,0,0,0,64000,420000,-356000,-356000
03912P,臺股指元大93售36,0,0,0,0,0,0,0,0,0,-357000,0,0,0,98000,455000,-357000,-357000
051084,華通元大95購06  ,0,0,0,0,0,0,0,0,0,-359000,0,0,0,661000,1020000,-359000,-359000
051494,中環兆豐95購01  ,0,0,0,0,0,0,0,0,0,-360000,0,0,0,17000,377000,-360000,-360000
051391,聯發科兆豐95購02,0,0,0,0,0,0,0,0,0,-360000,0,0,0,156000,516000,-360000,-360000
050749,道瓊銀統一96購03,0,0,0,0,0,0,0,0,0,-360000,0,0,0,0,360000,-360000,-360000
049792,元油2X元大94購08,0,0,0,0,0,0,0,0,0,-360000,0,0,0,0,360000,-360000,-360000
1434,福懋            ,240000,591000,-351000,0,0,0,3000,0,3000,-13000,0,13000,-13000,0,0,0,-361000
04710P,台積電元大94售16,0,0,0,0,0,0,0,0,0,-361000,0,0,0,88000,449000,-361000,-361000
053062,緯穎富邦97購01  ,0,0,0,0,0,0,0,0,0,-362000,0,0,0,111000,473000,-362000,-362000
00676R,富邦臺灣加權反1 ,0,0,0,0,0,0,0,0,0,-363000,0,0,0,98000,461000,-363000,-363000
050162,中環國泰95購01  ,0,0,0,0,0,0,0,0,0,-363000,0,0,0,20000,383000,-363000,-363000
9934,成霖            ,45000,409000,-364000,0,0,0,0,0,0,0,0,0,0,0,0,0,-364000
04434P,玉晶光國票96售02,0,0,0,0,0,0,0,0,0,-365000,0,0,0,1016000,1381000,-365000,-365000
3437,榮創            ,102000,467000,-365000,0,0,0,0,0,0,-1000,0,1000,-1000,0,0,0,-366000
052671,祥碩群益96購01  ,0,0,0,0,0,0,0,0,0,-366000,0,0,0,9000,375000,-366000,-366000
03298P,台積電統一03售15,0,0,0,0,0,0,0,0,0,-366000,0,0,0,1000,367000,-366000,-366000
052707,景碩台新96購01  ,0,0,0,0,0,0,0,0,0,-367000,0,0,0,33000,400000,-367000,-367000
03087P,聯發科元大01售24,0,0,0,0,0,0,0,0,0,-368000,0,0,0,100000,468000,-368000,-368000
054685,國巨永豐97購02  ,0,0,0,0,0,0,0,0,0,-368000,0,0,0,0,368000,-368000,-368000
05081P,京鼎永豐95售01  ,0,0,0,0,0,0,0,0,0,-369000,0,0,0,0,369000,-369000,-369000
5264,鎧勝-KY         ,259000,598000,-339000,0,0,0,0,0,0,-30000,1000,3000,-2000,0,28000,-28000,-369000
03772P,聯茂元大93售02  ,0,0,0,0,0,0,0,0,0,-370000,0,0,0,0,370000,-370000,-370000
03535P,臺股指凱基02售14,0,0,0,0,0,0,0,0,0,-370000,0,0,0,0,370000,-370000,-370000
04875P,台積電中信94售04,0,0,0,0,0,0,0,0,0,-370000,0,0,0,39000,409000,-370000,-370000
051354,聯發科元大95購09,0,0,0,0,0,0,0,0,0,-370000,0,0,0,52000,422000,-370000,-370000
049361,華通元大94購02  ,0,0,0,0,0,0,0,0,0,-370000,0,0,0,12000,382000,-370000,-370000
049399,台光電群益94購02,0,0,0,0,0,0,0,0,0,-370000,0,0,0,60000,430000,-370000,-370000
03109P,台積電元大01售41,0,0,0,0,0,0,0,0,0,-372000,0,0,0,248000,620000,-372000,-372000
05316P,台積電永昌96售06,0,0,0,0,0,0,0,0,0,-373000,0,0,0,758000,1131000,-373000,-373000
05449P,臺股指元大95售26,0,0,0,0,0,0,0,0,0,-374000,0,0,0,700000,1074000,-374000,-374000
048030,聯發科凱基93購27,0,0,0,0,0,0,0,0,0,-375000,0,0,0,58000,433000,-375000,-375000
052856,滬深2X凱基98購01,0,0,0,0,0,0,0,0,0,-380000,0,0,0,83000,463000,-380000,-380000
05042P,GIS凱基95售03   ,0,0,0,0,0,0,0,0,0,-380000,0,0,0,230000,610000,-380000,-380000
046241,聯發科中信94購02,0,0,0,0,0,0,0,0,0,-382000,0,0,0,154000,536000,-382000,-382000
05669P,嘉晶永豐96售03  ,0,0,0,0,0,0,0,0,0,-383000,0,0,0,0,383000,-383000,-383000
4943,康控-KY         ,88000,264000,-176000,0,0,0,0,243000,-243000,34000,6000,1000,5000,48000,19000,29000,-385000
6257,矽格            ,258000,580000,-322000,0,0,0,90000,200000,-110000,47000,105000,8000,97000,2000,52000,-50000,-385000
05235P,健鼎康和95售02  ,0,0,0,0,0,0,0,0,0,-386000,0,0,0,10000,396000,-386000,-386000
053680,臺股指富邦96購01,0,0,0,0,0,0,0,0,0,-388000,0,0,0,377000,765000,-388000,-388000
1326,台化            ,1335000,1422000,-87000,0,0,0,17000,274900,-257900,-44000,60000,24000,36000,0,80000,-80000,-388900
05522P,友達元富96售02  ,0,0,0,0,0,0,0,0,0,-389000,0,0,0,111000,500000,-389000,-389000
06046P,健策統一96售03  ,0,0,0,0,0,0,0,0,0,-390000,0,0,0,60000,450000,-390000,-390000
3380,明泰            ,82000,447000,-365000,0,0,0,0,0,0,-28000,11000,19000,-8000,0,20000,-20000,-393000
047198,奇鋐統一93購01  ,0,0,0,0,0,0,0,0,0,-394000,0,0,0,598000,992000,-394000,-394000
05088P,大立光富邦99售01,0,0,0,0,0,0,0,0,0,-394000,0,0,0,0,394000,-394000,-394000
03993P,滬深2X中信94售03,0,0,0,0,0,0,0,0,0,-395000,0,0,0,5000,400000,-395000,-395000
9958,世紀鋼          ,91000,318000,-227000,0,0,0,0,0,0,-168000,34000,2000,32000,31000,231000,-200000,-395000
2637,慧洋-KY         ,291000,663000,-372000,0,0,0,0,0,0,-24000,0,10000,-10000,0,14000,-14000,-396000
2520,冠德            ,120000,463000,-343000,0,0,0,0,0,0,-55000,8000,5000,3000,25000,83000,-58000,-398000
05077P,智易群益95售02  ,0,0,0,0,0,0,0,0,0,-398000,0,0,0,0,398000,-398000,-398000
04347P,全新群益94售01  ,0,0,0,0,0,0,0,0,0,-399000,0,0,0,0,399000,-399000,-399000
05072P,聯電元富95售02  ,0,0,0,0,0,0,0,0,0,-399000,0,0,0,100000,499000,-399000,-399000
052301,華通康和95購01  ,0,0,0,0,0,0,0,0,0,-400000,0,0,0,0,400000,-400000,-400000
051700,深中小群益99購04,0,0,0,0,0,0,0,0,0,-400000,0,0,0,0,400000,-400000,-400000
044974,鴻海國票94購01  ,0,0,0,0,0,0,0,0,0,-400000,0,0,0,247000,647000,-400000,-400000
050730,復盛國票94購01  ,0,0,0,0,0,0,0,0,0,-400000,0,0,0,59000,459000,-400000,-400000
050835,GIS凱基96購01   ,0,0,0,0,0,0,0,0,0,-400000,0,0,0,0,400000,-400000,-400000
05065P,燿華元大96售03  ,0,0,0,0,0,0,0,0,0,-400000,0,0,0,5000,405000,-400000,-400000
05488P,臺股指凱基95售21,0,0,0,0,0,0,0,0,0,-400000,0,0,0,0,400000,-400000,-400000
05510P,燿華元富96售01  ,0,0,0,0,0,0,0,0,0,-400000,0,0,0,0,400000,-400000,-400000
052942,聯發科中信97購04,0,0,0,0,0,0,0,0,0,-401000,0,0,0,155000,556000,-401000,-401000
047807,華邦電凱基93購06,0,0,0,0,0,0,0,0,0,-402000,0,0,0,42000,444000,-402000,-402000
043835,宏達電國票92購01,0,0,0,0,0,0,0,0,0,-405000,0,0,0,20000,425000,-405000,-405000
05887P,友達元富99售03  ,0,0,0,0,0,0,0,0,0,-405000,0,0,0,98000,503000,-405000,-405000
5388,中磊            ,126000,431000,-305000,0,0,0,0,0,0,-101000,0,58000,-58000,31000,74000,-43000,-406000
047103,台苯元大93購01  ,0,0,0,0,0,0,0,0,0,-407000,0,0,0,0,407000,-407000,-407000
05049P,矽創永豐95售01  ,0,0,0,0,0,0,0,0,0,-407000,0,0,0,10000,417000,-407000,-407000
05739P,臺股指統一97售02,0,0,0,0,0,0,0,0,0,-407000,0,0,0,37000,444000,-407000,-407000
03765P,大立光元富96售01,0,0,0,0,0,0,0,0,0,-408000,0,0,0,0,408000,-408000,-408000
054182,台積電康和96購01,0,0,0,0,0,0,0,0,0,-409000,0,0,0,100000,509000,-409000,-409000
3038,全台            ,85000,476623,-391623,0,0,0,0,0,0,-18000,0,18000,-18000,0,0,0,-409623
047035,華邦電群益94購02,0,0,0,0,0,0,0,0,0,-410000,0,0,0,328000,738000,-410000,-410000
05224P,華通統一95售03  ,0,0,0,0,0,0,0,0,0,-411000,0,0,0,421000,832000,-411000,-411000
04831P,聯詠富邦96售01  ,0,0,0,0,0,0,0,0,0,-412000,0,0,0,0,412000,-412000,-412000
047000,和大統一93購01  ,0,0,0,0,0,0,0,0,0,-413000,0,0,0,101000,514000,-413000,-413000
04556P,大成鋼群益94售02,0,0,0,0,0,0,0,0,0,-413000,0,0,0,0,413000,-413000,-413000
050614,聯發科元大95購04,0,0,0,0,0,0,0,0,0,-413000,0,0,0,37000,450000,-413000,-413000
051099,台郡元大95購03  ,0,0,0,0,0,0,0,0,0,-414000,0,0,0,497000,911000,-414000,-414000
01003T,兆豐新光R1      ,2000,417000,-415000,0,0,0,0,0,0,0,0,0,0,0,0,0,-415000
045883,元油2X元大95購07,0,0,0,0,0,0,0,0,0,-415000,0,0,0,20000,435000,-415000,-415000
049220,聯發科國票95購02,0,0,0,0,0,0,0,0,0,-416000,0,0,0,0,416000,-416000,-416000
4904,遠傳            ,569000,982953,-413953,0,0,0,4000,0,4000,-8000,0,8000,-8000,0,0,0,-417953
03956P,欣興統一93售02  ,0,0,0,0,0,0,0,0,0,-418000,0,0,0,3000,421000,-418000,-418000
047574,和大群益93購03  ,0,0,0,0,0,0,0,0,0,-418000,0,0,0,33000,451000,-418000,-418000
046919,大毅永豐93購01  ,0,0,0,0,0,0,0,0,0,-419000,0,0,0,247000,666000,-419000,-419000
05053P,新日興群益95售01,0,0,0,0,0,0,0,0,0,-419000,0,0,0,37000,456000,-419000,-419000
045128,旺宏統一92購01  ,0,0,0,0,0,0,0,0,0,-422000,0,0,0,303000,725000,-422000,-422000
043665,和鑫元大93購01  ,0,0,0,0,0,0,0,0,0,-423000,0,0,0,0,423000,-423000,-423000
050504,全新凱基94購03  ,0,0,0,0,0,0,0,0,0,-423000,0,0,0,76000,499000,-423000,-423000
051732,華通國票97購01  ,0,0,0,0,0,0,0,0,0,-424000,0,0,0,110000,534000,-424000,-424000
042280,元石油富邦96購01,0,0,0,0,0,0,0,0,0,-426000,0,0,0,85000,511000,-426000,-426000
052914,奇力新元富96購01,0,0,0,0,0,0,0,0,0,-426000,0,0,0,19000,445000,-426000,-426000
04946P,華通元大94售04  ,0,0,0,0,0,0,0,0,0,-427000,0,0,0,143000,570000,-427000,-427000
2385,群光            ,599000,944000,-345000,0,0,0,0,0,0,-83000,7000,6000,1000,0,84000,-84000,-428000
053194,緯穎統一99購01  ,0,0,0,0,0,0,0,0,0,-428000,0,0,0,22000,450000,-428000,-428000
05909P,康友元富96售02  ,0,0,0,0,0,0,0,0,0,-428000,0,0,0,39000,467000,-428000,-428000
04053P,聯茂國泰94售01  ,0,0,0,0,0,0,0,0,0,-429000,0,0,0,60000,489000,-429000,-429000
047759,復盛元富93購01  ,0,0,0,0,0,0,0,0,0,-429000,0,0,0,20000,449000,-429000,-429000
044050,中石化元大91購01,0,0,0,0,0,0,0,0,0,-430000,0,0,0,0,430000,-430000,-430000
04771P,友達元大96售02  ,0,0,0,0,0,0,0,0,0,-430000,0,0,0,69000,499000,-430000,-430000
052885,高鐵兆豐98購01  ,0,0,0,0,0,0,0,0,0,-431000,0,0,0,58000,489000,-431000,-431000
04035P,全新群益93售03  ,0,0,0,0,0,0,0,0,0,-432000,0,0,0,0,432000,-432000,-432000
047460,富邦金群益95購01,0,0,0,0,0,0,0,0,0,-432000,0,0,0,3000,435000,-432000,-432000
05894P,友達群益98售02  ,0,0,0,0,0,0,0,0,0,-432000,0,0,0,0,432000,-432000,-432000
6288,聯嘉            ,183000,619000,-436000,0,0,0,0,0,0,4000,6000,2000,4000,0,0,0,-432000
049367,全新元大96購01  ,0,0,0,0,0,0,0,0,0,-434000,0,0,0,526000,960000,-434000,-434000
053444,奇力新凱基96購03,0,0,0,0,0,0,0,0,0,-438000,0,0,0,353000,791000,-438000,-438000
05779P,台積電統一96售06,0,0,0,0,0,0,0,0,0,-439000,0,0,0,55000,494000,-439000,-439000
052937,國巨兆豐97購01  ,0,0,0,0,0,0,0,0,0,-440000,0,0,0,552000,992000,-440000,-440000
053601,台表科元大98購01,0,0,0,0,0,0,0,0,0,-441000,0,0,0,105000,546000,-441000,-441000
048372,美利達統一93購01,0,0,0,0,0,0,0,0,0,-442000,0,0,0,0,442000,-442000,-442000
6285,啟碁            ,158000,559000,-401000,0,0,0,0,0,0,-41000,4000,17000,-13000,43000,71000,-28000,-442000
052353,高鐵群益97購01  ,0,0,0,0,0,0,0,0,0,-443000,0,0,0,53000,496000,-443000,-443000
05038P,牧德元大95售03  ,0,0,0,0,0,0,0,0,0,-443000,0,0,0,0,443000,-443000,-443000
053863,聯發科元大96購18,0,0,0,0,0,0,0,0,0,-443000,0,0,0,505000,948000,-443000,-443000
052243,致茂康和95購01  ,0,0,0,0,0,0,0,0,0,-445000,0,0,0,29000,474000,-445000,-445000
052621,台郡富邦97購01  ,0,0,0,0,0,0,0,0,0,-445000,0,0,0,547000,992000,-445000,-445000
052634,華邦電凱基96購01,0,0,0,0,0,0,0,0,0,-446000,0,0,0,29000,475000,-446000,-446000
050884,聯茂國泰96購01  ,0,0,0,0,0,0,0,0,0,-446000,0,0,0,252000,698000,-446000,-446000
041917,上証2X群益92購01,0,0,0,0,0,0,0,0,0,-449000,0,0,0,1000,450000,-449000,-449000
04191P,儒鴻永豐93售02  ,0,0,0,0,0,0,0,0,0,-450000,0,0,0,0,450000,-450000,-450000
048177,臺指反富邦99購01,0,0,0,0,0,0,0,0,0,-450000,0,0,0,0,450000,-450000,-450000
048876,牧德國票95購02  ,0,0,0,0,0,0,0,0,0,-454000,0,0,0,47000,501000,-454000,-454000
05841P,華通元大96售04  ,0,0,0,0,0,0,0,0,0,-454000,0,0,0,101000,555000,-454000,-454000
053219,祥碩凱基96購01  ,0,0,0,0,0,0,0,0,0,-455000,0,0,0,0,455000,-455000,-455000
045089,中磊元大94購01  ,0,0,0,0,0,0,0,0,0,-456000,0,0,0,45000,501000,-456000,-456000
05238P,禾伸堂永豐95售01,0,0,0,0,0,0,0,0,0,-458000,0,0,0,115000,573000,-458000,-458000
05253P,智邦凱基95售08  ,0,0,0,0,0,0,0,0,0,-459000,0,0,0,73000,532000,-459000,-459000
2505,國揚            ,143000,595000,-452000,0,0,0,0,0,0,-8000,0,8000,-8000,0,0,0,-460000
04250P,嘉晶統一95售02  ,0,0,0,0,0,0,0,0,0,-460000,0,0,0,15000,475000,-460000,-460000
04735P,聯茂兆豐94售01  ,0,0,0,0,0,0,0,0,0,-460000,0,0,0,0,460000,-460000,-460000
046118,高鐵元大92購01  ,0,0,0,0,0,0,0,0,0,-460000,0,0,0,44000,504000,-460000,-460000
05126P,牧德群益95售01  ,0,0,0,0,0,0,0,0,0,-461000,0,0,0,0,461000,-461000,-461000
03304P,欣興元富02售02  ,0,0,0,0,0,0,0,0,0,-463000,0,0,0,252000,715000,-463000,-463000
04861P,中磊群益94售02  ,0,0,0,0,0,0,0,0,0,-465000,0,0,0,0,465000,-465000,-465000
1215,卜蜂            ,96000,405000,-309000,0,0,0,0,132000,-132000,-24000,0,2000,-2000,0,22000,-22000,-465000
052322,力成元大96購01  ,0,0,0,0,0,0,0,0,0,-466000,0,0,0,1137000,1603000,-466000,-466000
051999,勤誠元大95購01  ,0,0,0,0,0,0,0,0,0,-466000,0,0,0,529000,995000,-466000,-466000
052734,台表科國泰98購02,0,0,0,0,0,0,0,0,0,-471000,0,0,0,95000,566000,-471000,-471000
2345,智邦            ,2183230,2173000,10230,0,0,0,0,0,0,-485000,163000,128000,35000,62000,582000,-520000,-474770
047458,聯發科群益93購08,0,0,0,0,0,0,0,0,0,-475000,0,0,0,24000,499000,-475000,-475000
04234P,華通群益94售02  ,0,0,0,0,0,0,0,0,0,-477000,0,0,0,33000,510000,-477000,-477000
052178,台郡元大96購03  ,0,0,0,0,0,0,0,0,0,-478000,0,0,0,371000,849000,-478000,-478000
8105,凌巨            ,189000,664000,-475000,0,0,0,0,0,0,-4000,0,4000,-4000,0,0,0,-479000
05527P,聯茂群益96售01  ,0,0,0,0,0,0,0,0,0,-481000,0,0,0,60000,541000,-481000,-481000
046793,聯發科元富99購01,0,0,0,0,0,0,0,0,0,-482000,0,0,0,108000,590000,-482000,-482000
3698,隆達            ,51000,506000,-455000,0,0,0,0,0,0,-28000,6000,26000,-20000,0,8000,-8000,-483000
049504,臺股指元大94購15,0,0,0,0,0,0,0,0,0,-484000,0,0,0,1000,485000,-484000,-484000
054458,復盛群益96購01  ,0,0,0,0,0,0,0,0,0,-486000,0,0,0,18000,504000,-486000,-486000
052382,臺股指元大95購23,0,0,0,0,0,0,0,0,0,-487000,0,0,0,0,487000,-487000,-487000
051293,鴻海元富95購05  ,0,0,0,0,0,0,0,0,0,-487000,0,0,0,80000,567000,-487000,-487000
053160,台表科元大96購03,0,0,0,0,0,0,0,0,0,-489000,0,0,0,76000,565000,-489000,-489000
05406P,台光電凱基95售02,0,0,0,0,0,0,0,0,0,-489000,0,0,0,10000,499000,-489000,-489000
047692,T50反1國票94購01,0,0,0,0,0,0,0,0,0,-490000,0,0,0,10000,500000,-490000,-490000
051459,臺股指元大95購19,0,0,0,0,0,0,0,0,0,-490000,0,0,0,0,490000,-490000,-490000
049668,大立光國泰96購02,0,0,0,0,0,0,0,0,0,-490000,0,0,0,18000,508000,-490000,-490000
045410,華邦電群益94購01,0,0,0,0,0,0,0,0,0,-491000,0,0,0,297000,788000,-491000,-491000
049104,元油2X富邦97購02,0,0,0,0,0,0,0,0,0,-494000,0,0,0,0,494000,-494000,-494000
053603,臺股指元大96購20,0,0,0,0,0,0,0,0,0,-495000,0,0,0,0,495000,-495000,-495000
053288,臺股指元大96購16,0,0,0,0,0,0,0,0,0,-498000,0,0,0,0,498000,-498000,-498000
05348P,美律元富98售01  ,0,0,0,0,0,0,0,0,0,-498000,0,0,0,1000,499000,-498000,-498000
043641,深中小國票94購01,0,0,0,0,0,0,0,0,0,-499000,0,0,0,0,499000,-499000,-499000
042157,上証2X中信91購04,0,0,0,0,0,0,0,0,0,-499000,0,0,0,0,499000,-499000,-499000
03702P,中磊元大93售02  ,0,0,0,0,0,0,0,0,0,-499000,0,0,0,0,499000,-499000,-499000
03669P,智邦凱基92售07  ,0,0,0,0,0,0,0,0,0,-499000,0,0,0,0,499000,-499000,-499000
04847P,聯發科凱基94售17,0,0,0,0,0,0,0,0,0,-499000,0,0,0,0,499000,-499000,-499000
04744P,臻鼎元富94售04  ,0,0,0,0,0,0,0,0,0,-499000,0,0,0,0,499000,-499000,-499000
04577P,康友元富94售02  ,0,0,0,0,0,0,0,0,0,-499000,0,0,0,0,499000,-499000,-499000
04891P,友達元大94售01  ,0,0,0,0,0,0,0,0,0,-499000,0,0,0,0,499000,-499000,-499000
051301,聯發科凱基95購08,0,0,0,0,0,0,0,0,0,-499000,0,0,0,708000,1207000,-499000,-499000
05498P,友達元富95售02  ,0,0,0,0,0,0,0,0,0,-499000,0,0,0,0,499000,-499000,-499000
053035,台表科兆豐97購01,0,0,0,0,0,0,0,0,0,-500000,0,0,0,32000,532000,-500000,-500000
044609,T50反1兆豐92購01,0,0,0,0,0,0,0,0,0,-500000,0,0,0,0,500000,-500000,-500000
050685,緯穎元富94購02  ,0,0,0,0,0,0,0,0,0,-500000,0,0,0,35000,535000,-500000,-500000
049041,和鑫兆豐94購01  ,0,0,0,0,0,0,0,0,0,-500000,0,0,0,0,500000,-500000,-500000
05437P,聯詠永豐95售02  ,0,0,0,0,0,0,0,0,0,-500000,0,0,0,0,500000,-500000,-500000
045371,元石油元大95購01,0,0,0,0,0,0,0,0,0,-502000,0,0,0,0,502000,-502000,-502000
04747P,臺股指元大94售22,1000,0,1000,0,0,0,0,0,0,-503000,0,0,0,198000,701000,-503000,-502000
046158,聯發科群益92購02,0,0,0,0,0,0,0,0,0,-502000,0,0,0,61000,563000,-502000,-502000
05607P,華通日盛96售01  ,0,0,0,0,0,0,0,0,0,-503000,0,0,0,0,503000,-503000,-503000
04693P,超眾群益95售01  ,0,0,0,0,0,0,0,0,0,-504000,0,0,0,28000,532000,-504000,-504000
042363,復盛元大91購01  ,0,0,0,0,0,0,0,0,0,-507000,0,0,0,0,507000,-507000,-507000
054459,鈺齊群益96購01  ,0,0,0,0,0,0,0,0,0,-507000,0,0,0,80000,587000,-507000,-507000
054149,達方元大96購01  ,0,0,0,0,0,0,0,0,0,-507000,0,0,0,259000,766000,-507000,-507000
048268,長榮航中信95購01,0,0,0,0,0,0,0,0,0,-508000,0,0,0,2000,510000,-508000,-508000
040168,FBVIX元大92購03 ,0,0,0,0,0,0,0,0,0,-509000,0,0,0,0,509000,-509000,-509000
050641,上証反凱基96購01,0,0,0,0,0,0,0,0,0,-509000,0,0,0,0,509000,-509000,-509000
050875,訊芯永豐95購01  ,0,0,0,0,0,0,0,0,0,-509000,0,0,0,42000,551000,-509000,-509000
053846,友達元富99購02  ,0,0,0,0,0,0,0,0,0,-509000,0,0,0,0,509000,-509000,-509000
049948,聯發科麥證94購01,0,0,0,30000,542000,-512000,0,0,0,-512000,0,0,0,30000,542000,-512000,-512000
05039P,鴻海凱基95售10  ,0,0,0,0,0,0,0,0,0,-515000,0,0,0,0,515000,-515000,-515000
8016,矽創            ,153000,481522,-328522,0,0,0,0,118000,-118000,-69000,1000,31000,-30000,1000,40000,-39000,-515522
3041,揚智            ,18000,534000,-516000,0,0,0,0,0,0,0,0,0,0,0,0,0,-516000
052623,台郡兆豐96購01  ,0,0,0,0,0,0,0,0,0,-516000,0,0,0,236000,752000,-516000,-516000
04080P,可成元大93售11  ,0,0,0,0,0,0,0,0,0,-516000,0,0,0,30000,546000,-516000,-516000
04060P,臺股指群益93售14,0,0,0,0,0,0,0,0,0,-518000,0,0,0,0,518000,-518000,-518000
051056,華新科群益95購03,0,0,0,0,0,0,0,0,0,-520000,0,0,0,2116000,2636000,-520000,-520000
045936,富邦金群益94購01,0,0,0,0,0,0,0,0,0,-521000,0,0,0,73000,594000,-521000,-521000
051223,台化群益95購01  ,0,0,0,0,0,0,0,0,0,-522000,0,0,0,2000,524000,-522000,-522000
03579P,玉晶光台新02售02,0,0,0,0,0,0,0,0,0,-523000,0,0,0,0,523000,-523000,-523000
03152P,聯發科群益01售15,0,0,0,0,0,0,0,0,0,-524000,0,0,0,0,524000,-524000,-524000
044800,華邦電凱基93購02,0,0,0,0,0,0,0,0,0,-528000,0,0,0,0,528000,-528000,-528000
2363,矽統            ,395000,920000,-525000,0,0,0,0,0,0,-5000,0,5000,-5000,0,0,0,-530000
05922P,京元電兆豐96售01,0,0,0,0,0,0,0,0,0,-531000,0,0,0,0,531000,-531000,-531000
05278P,台郡元富95售02  ,0,0,0,0,0,0,0,0,0,-533000,0,0,0,43000,576000,-533000,-533000
03938P,聯鈞元大93售01  ,0,0,0,0,0,0,0,0,0,-533000,0,0,0,90000,623000,-533000,-533000
2377,微星            ,478000,1019455,-541455,0,0,0,150000,0,150000,-143000,62000,38000,24000,96000,263000,-167000,-534455
2354,鴻準            ,723000,1269518,-546518,0,0,0,3000,0,3000,9000,19000,10000,9000,0,0,0,-534518
047762,華新元大93購02  ,0,0,0,0,0,0,0,0,0,-535000,0,0,0,32000,567000,-535000,-535000
04082P,智邦統一93售03  ,0,0,0,0,0,0,0,0,0,-537000,0,0,0,21000,558000,-537000,-537000
2421,建準            ,1085000,1323000,-238000,0,0,0,0,159000,-159000,-141000,0,2000,-2000,3000,142000,-139000,-538000
043972,大立光富邦93購02,0,0,0,0,0,0,0,0,0,-539000,0,0,0,24000,563000,-539000,-539000
05671P,友達國泰97售03  ,0,0,0,0,0,0,0,0,0,-539000,0,0,0,98000,637000,-539000,-539000
053317,友達群益9A購02  ,0,0,0,0,0,0,0,0,0,-540000,0,0,0,14000,554000,-540000,-540000
047572,深中小群益95購01,0,0,0,0,0,0,0,0,0,-540000,0,0,0,60000,600000,-540000,-540000
3576,聯合再生        ,354000,871000,-517000,0,0,0,0,0,0,-27024,0,27024,-27024,0,0,0,-544024
04013P,漢唐元大93售05  ,0,0,0,0,0,0,0,0,0,-547000,0,0,0,2000,549000,-547000,-547000
05516P,台積電元大96售12,0,0,0,0,0,0,0,0,0,-548000,0,0,0,602000,1150000,-548000,-548000
049128,滬深2X元大97購03,0,0,0,0,0,0,0,0,0,-549000,0,0,0,183000,732000,-549000,-549000
8028,昇陽半導體      ,235000,694000,-459000,0,0,0,0,0,0,-92000,4000,2000,2000,20000,114000,-94000,-551000
054516,國巨元大97購02  ,0,0,0,0,0,0,0,0,0,-554000,0,0,0,31000,585000,-554000,-554000
048334,A50正2元大96購01,0,0,0,0,0,0,0,0,0,-556000,0,0,0,70000,626000,-556000,-556000
045134,嘉晶國票92購01  ,0,0,0,0,0,0,0,0,0,-560000,0,0,0,110000,670000,-560000,-560000
041210,群創元富93購01  ,0,0,0,0,0,0,0,0,0,-560000,0,0,0,70000,630000,-560000,-560000
05450P,臺股指元大95售27,0,0,0,0,0,0,0,0,0,-560000,0,0,0,499000,1059000,-560000,-560000
3673,TPK-KY          ,189000,684000,-495000,0,0,0,0,0,0,-66000,1000,6000,-5000,0,61000,-61000,-561000
2401,凌陽            ,146000,673000,-527000,0,0,0,0,0,0,-34000,19000,39000,-20000,3000,17000,-14000,-561000
05006P,華通元富95售01  ,0,0,0,0,0,0,0,0,0,-561000,0,0,0,0,561000,-561000,-561000
052210,華夏元大95購01  ,0,0,0,0,0,0,0,0,0,-563000,0,0,0,0,563000,-563000,-563000
05509P,智邦元富96售02  ,0,0,0,0,0,0,0,0,0,-564000,0,0,0,0,564000,-564000,-564000
03840P,台積電統一99售02,0,0,0,0,0,0,0,0,0,-565000,0,0,0,16000,581000,-565000,-565000
052538,和大統一95購02  ,0,0,0,0,0,0,0,0,0,-569000,0,0,0,18000,587000,-569000,-569000
043998,達方元大91購01  ,0,0,0,0,0,0,0,0,0,-570000,0,0,0,10000,580000,-570000,-570000
050909,華夏中信95購01  ,0,0,0,0,0,0,0,0,0,-570000,0,0,0,50000,620000,-570000,-570000
05407P,超眾凱基95售04  ,0,0,0,0,0,0,0,0,0,-570000,0,0,0,30000,600000,-570000,-570000
046293,聯發科統一94購01,0,0,0,0,0,0,0,0,0,-572000,0,0,0,227000,799000,-572000,-572000
00632R,元大台灣50反1   ,4214000,2000,4212000,0,0,0,0,0,0,-4787204,300000,1526000,-1226000,8888000,12449204,-3561204,-575204
051143,鴻海凱基95購11  ,0,0,0,0,0,0,0,0,0,-576000,0,0,0,230000,806000,-576000,-576000
051543,鈺齊國票96購01  ,0,0,0,0,0,0,0,0,0,-578000,0,0,0,30000,608000,-578000,-578000
048381,T50反1國票94購03,0,0,0,0,0,0,0,0,0,-579000,0,0,0,430000,1009000,-579000,-579000
052738,聯電元大98購02  ,0,0,0,0,0,0,0,0,0,-580000,0,0,0,30000,610000,-580000,-580000
04748P,臺股指元大94售23,0,0,0,0,0,0,0,0,0,-580000,0,0,0,90000,670000,-580000,-580000
051851,TPK群益95購03   ,0,0,0,0,0,0,0,0,0,-582000,0,0,0,68000,650000,-582000,-582000
052695,台表科中信98購01,0,0,0,0,0,0,0,0,0,-582000,0,0,0,228000,810000,-582000,-582000
04369P,台光電凱基94售04,0,0,0,0,0,0,0,0,0,-582000,0,0,0,6000,588000,-582000,-582000
2610,華航            ,1627000,2177000,-550000,0,0,0,0,0,0,-35000,0,35000,-35000,0,0,0,-585000
050388,鴻海統一94購09  ,0,0,0,0,0,0,0,0,0,-586000,0,0,0,1186000,1772000,-586000,-586000
050142,聯發科元富9A購01,0,0,0,0,0,0,0,0,0,-588000,0,0,0,182000,770000,-588000,-588000
046647,高鐵國泰93購01  ,0,0,0,0,0,0,0,0,0,-592000,0,0,0,122000,714000,-592000,-592000
047802,滬深2X凱基95購03,0,0,0,0,0,0,0,0,0,-593000,0,0,0,945000,1538000,-593000,-593000
03720P,元油2X富邦95售01,0,0,0,0,0,0,0,0,0,-594000,0,0,0,181000,775000,-594000,-594000
047688,亞德客富邦95購01,0,0,0,0,0,0,0,0,0,-594000,0,0,0,286000,880000,-594000,-594000
048666,康控統一93購01  ,0,0,0,0,0,0,0,0,0,-599000,0,0,0,335000,934000,-599000,-599000
050148,啟碁永豐94購01  ,0,0,0,0,0,0,0,0,0,-600000,0,0,0,0,600000,-600000,-600000
053650,華邦電凱基98購01,0,0,0,0,0,0,0,0,0,-605000,0,0,0,30000,635000,-605000,-605000
051077,台郡國泰96購02  ,0,0,0,0,0,0,0,0,0,-607000,0,0,0,791000,1398000,-607000,-607000
6166,凌華            ,91000,588000,-497000,0,0,0,0,0,0,-111000,0,3000,-3000,9000,117000,-108000,-608000
04690P,國巨群益94售06  ,0,0,0,0,0,0,0,0,0,-610000,0,0,0,40000,650000,-610000,-610000
053856,台積電富邦98購01,0,0,0,0,0,0,0,0,0,-611000,0,0,0,263000,874000,-611000,-611000
08625P,台灣50凱基96售05,0,0,0,0,0,0,0,0,0,-611000,0,0,0,0,611000,-611000,-611000
08599P,台表科元大9C售11,0,0,0,0,0,0,0,0,0,-612000,0,0,0,0,612000,-612000,-612000
6120,達運            ,153000,757000,-604000,0,0,0,0,0,0,-8000,0,8000,-8000,0,0,0,-612000
3026,禾伸堂          ,1040000,1980000,-940000,0,0,0,62000,0,62000,264000,45000,57000,-12000,430000,154000,276000,-614000
1589,永冠-KY         ,108000,667000,-559000,0,0,0,0,0,0,-58000,38000,33000,5000,6000,69000,-63000,-617000
053252,華邦電國泰98購01,0,0,0,0,0,0,0,0,0,-617000,0,0,0,392000,1009000,-617000,-617000
05002P,台積電統一95售03,0,0,0,0,0,0,0,0,0,-617000,0,0,0,300000,917000,-617000,-617000
04931P,臻鼎元富94售09  ,0,0,0,0,0,0,0,0,0,-618000,0,0,0,108000,726000,-618000,-618000
05704P,矽力群益96售04  ,0,0,0,0,0,0,0,0,0,-620000,0,0,0,10000,630000,-620000,-620000
052461,和大統一95購01  ,0,0,0,0,0,0,0,0,0,-623000,0,0,0,143000,766000,-623000,-623000
04496P,國巨國泰96售02  ,0,0,0,0,0,0,0,0,0,-624000,0,0,0,87000,711000,-624000,-624000
05499P,聯詠元富95售02  ,0,0,0,0,0,0,0,0,0,-627000,0,0,0,10000,637000,-627000,-627000
05849P,臺股指元大96售25,0,0,0,0,0,0,0,0,0,-627000,0,0,0,11000,638000,-627000,-627000
05507P,聯茂凱基96售02  ,0,0,0,0,0,0,0,0,0,-630000,0,0,0,0,630000,-630000,-630000
054626,建準凱基98購01  ,0,0,0,0,0,0,0,0,0,-630000,0,0,0,0,630000,-630000,-630000
052415,台表科麥證95購02,0,0,0,108000,745000,-637000,0,0,0,-632000,0,0,0,113000,745000,-632000,-632000
3406,玉晶光          ,1346000,2044487,-698487,0,0,0,143000,27000,116000,-52000,356000,337000,19000,54000,125000,-71000,-634487
04796P,聯發科元大94售10,0,0,0,0,0,0,0,0,0,-635000,0,0,0,0,635000,-635000,-635000
3062,建漢            ,143000,719000,-576000,0,0,0,0,0,0,-60000,0,60000,-60000,0,0,0,-636000
047940,台光電國票93購01,0,0,0,0,0,0,0,0,0,-637000,0,0,0,55000,692000,-637000,-637000
049212,T50反1國票94購04,0,0,0,0,0,0,0,0,0,-637000,0,0,0,316000,953000,-637000,-637000
9933,中鼎            ,419000,1052000,-633000,0,0,0,0,0,0,-4000,0,4000,-4000,0,0,0,-637000
3016,嘉晶            ,184000,776000,-592000,0,0,0,0,0,0,-46000,10000,3000,7000,137000,190000,-53000,-638000
05575P,玉晶光元富96售01,0,0,0,0,0,0,0,0,0,-638000,0,0,0,162000,800000,-638000,-638000
05980P,台積電永昌96售09,0,0,0,0,0,0,0,0,0,-638000,0,0,0,5330000,5968000,-638000,-638000
046742,智原日盛93購01  ,0,0,0,0,0,0,0,0,0,-639000,0,0,0,307000,946000,-639000,-639000
049297,日電貿群益95購01,0,0,0,0,0,0,0,0,0,-639000,0,0,0,35000,674000,-639000,-639000
050941,T50反1群益95購01,0,0,0,0,0,0,0,0,0,-639000,0,0,0,220000,859000,-639000,-639000
04621P,楠梓電統一94售02,0,0,0,0,0,0,0,0,0,-644000,0,0,0,0,644000,-644000,-644000
1439,中和            ,50000,697000,-647000,0,0,0,0,0,0,0,0,0,0,0,0,0,-647000
1477,聚陽            ,57000,566000,-509000,0,0,0,1000,100000,-99000,-39000,0,38000,-38000,0,1000,-1000,-647000
1310,台苯            ,426000,1075000,-649000,0,0,0,0,0,0,0,0,0,0,0,0,0,-649000
05245P,台積電元大95售18,0,0,0,0,0,0,0,0,0,-654000,0,0,0,309000,963000,-654000,-654000
05091P,台積電元大95售11,0,0,0,0,0,0,0,0,0,-654000,0,0,0,302000,956000,-654000,-654000
03921P,亞光凱基94售01  ,0,0,0,0,0,0,0,0,0,-655000,0,0,0,651000,1306000,-655000,-655000
05479P,華新科台新96售01,0,0,0,0,0,0,0,0,0,-655000,0,0,0,98000,753000,-655000,-655000
03290P,亞德客元大02售01,0,0,0,0,0,0,0,0,0,-663000,0,0,0,30000,693000,-663000,-663000
053357,可成統一96購02  ,0,0,0,0,0,0,0,0,0,-667000,0,0,0,20000,687000,-667000,-667000
05286P,矽力統一95售02  ,0,0,0,0,0,0,0,0,0,-671000,0,0,0,28000,699000,-671000,-671000
054585,禾伸堂國泰99購01,0,0,0,0,0,0,0,0,0,-674000,0,0,0,89000,763000,-674000,-674000
4142,國光生          ,106000,783000,-677000,0,0,0,0,0,0,-1000,0,1000,-1000,0,0,0,-678000
05536P,奇力新元大96售03,0,0,0,0,0,0,0,0,0,-679000,0,0,0,230000,909000,-679000,-679000
2412,中華電          ,2292494,1126865,1165629,0,0,0,11000,43000,-32000,-1814000,0,1832000,-1832000,18000,0,18000,-680371
048294,智原群益93購02  ,0,0,0,0,0,0,0,0,0,-689000,0,0,0,54000,743000,-689000,-689000
05895P,奇力新群益96售03,0,0,0,0,0,0,0,0,0,-689000,0,0,0,364000,1053000,-689000,-689000
053457,旺宏國泰98購03  ,0,0,0,0,0,0,0,0,0,-689000,0,0,0,274000,963000,-689000,-689000
050220,台積電元富96購01,0,0,0,0,0,0,0,0,0,-702000,0,0,0,401000,1103000,-702000,-702000
4919,新唐            ,73000,489000,-416000,0,0,0,0,0,0,-289000,0,2000,-2000,34000,321000,-287000,-705000
04807P,聯茂元富94售01  ,0,0,0,0,0,0,0,0,0,-714000,0,0,0,99000,813000,-714000,-714000
05759P,智邦永豐96售02  ,0,0,0,0,0,0,0,0,0,-721000,0,0,0,6000,727000,-721000,-721000
044931,華新元大91購01  ,0,0,0,0,0,0,0,0,0,-725000,0,0,0,172000,897000,-725000,-725000
045096,達方元大92購01  ,0,0,0,0,0,0,0,0,0,-730000,0,0,0,0,730000,-730000,-730000
054623,華新科第一97購01,0,0,0,0,0,0,0,0,0,-734000,0,0,0,0,734000,-734000,-734000
04826P,華新科麥證95售01,0,0,0,405000,1140000,-735000,0,0,0,-735000,0,0,0,405000,1140000,-735000,-735000
03450P,元油2X元富98售05,0,0,0,0,0,0,0,0,0,-737000,0,0,0,0,737000,-737000,-737000
9935,慶豐富          ,157000,976000,-819000,0,0,0,0,0,0,82000,83000,1000,82000,0,0,0,-737000
052805,晶技元大97購01  ,0,0,0,0,0,0,0,0,0,-740000,0,0,0,381000,1121000,-740000,-740000
5521,工信            ,198000,935000,-737000,0,0,0,0,0,0,-5000,0,5000,-5000,0,0,0,-742000
04471P,華通元大95售03  ,0,0,0,0,0,0,0,0,0,-755000,0,0,0,50000,805000,-755000,-755000
6176,瑞儀            ,172000,722000,-550000,0,0,0,0,0,0,-206000,11000,82000,-71000,4000,139000,-135000,-756000
1402,遠東新          ,1436000,2144160,-708160,0,0,0,11000,0,11000,-59000,150000,29000,121000,0,180000,-180000,-756160
05266P,華新科元大95售11,0,0,0,0,0,0,0,0,0,-760000,0,0,0,145000,905000,-760000,-760000
047357,欣興麥證93購01  ,0,0,0,5000,765000,-760000,0,0,0,-760000,0,0,0,5000,765000,-760000,-760000
05518P,T50反1凱基98售03,0,0,0,0,0,0,0,0,0,-760000,0,0,0,500000,1260000,-760000,-760000
052893,聯電群益98購01  ,0,0,0,0,0,0,0,0,0,-761000,0,0,0,120000,881000,-761000,-761000
054415,奇力新元大96購06,0,0,0,0,0,0,0,0,0,-772000,0,0,0,136000,908000,-772000,-772000
04512P,臺股指元大94售07,0,0,0,0,0,0,0,0,0,-780000,0,0,0,40000,820000,-780000,-780000
3413,京鼎            ,86000,856000,-770000,0,0,0,224000,310000,-86000,69000,165000,57000,108000,2000,41000,-39000,-787000
05497P,聯詠統一96售01  ,0,0,0,0,0,0,0,0,0,-790000,0,0,0,48000,838000,-790000,-790000
04314P,聯茂元富93售01  ,0,0,0,0,0,0,0,0,0,-793000,0,0,0,8000,801000,-793000,-793000
040167,FBVIX元大92購02 ,0,0,0,0,0,0,0,0,0,-800000,0,0,0,0,800000,-800000,-800000
054329,華新科永豐96購02,0,0,0,0,0,0,0,0,0,-800000,0,0,0,51000,851000,-800000,-800000
3044,健鼎            ,814000,1156494,-342494,0,0,0,51000,409000,-358000,-106000,57000,12000,45000,19000,170000,-151000,-806494
054546,玉晶光中信9B購01,0,0,0,0,0,0,0,0,0,-811000,0,0,0,43000,854000,-811000,-811000
049038,高鐵兆豐94購01  ,0,0,0,0,0,0,0,0,0,-822000,0,0,0,10000,832000,-822000,-822000
05991P,聯茂群益96售05  ,0,0,0,0,0,0,0,0,0,-824000,0,0,0,12000,836000,-824000,-824000
04806P,臻鼎元富94售06  ,0,0,0,0,0,0,0,0,0,-832000,0,0,0,13000,845000,-832000,-832000
053992,中環群益96購01  ,0,0,0,0,0,0,0,0,0,-838000,0,0,0,299000,1137000,-838000,-838000
04751P,智邦兆豐95售02  ,0,0,0,0,0,0,0,0,0,-847000,0,0,0,47000,894000,-847000,-847000
1210,大成            ,1121000,516000,605000,0,0,0,0,1121000,-1121000,-345000,32000,377000,-345000,0,0,0,-861000
05158P,華通永豐95售01  ,0,0,0,0,0,0,0,0,0,-863000,0,0,0,1000,864000,-863000,-863000
1312,國喬            ,1303000,1825000,-522000,0,0,0,0,0,0,-343000,226000,449000,-223000,143000,263000,-120000,-865000
052572,群創凱基99購01  ,0,0,0,0,0,0,0,0,0,-874000,0,0,0,50000,924000,-874000,-874000
4927,泰鼎-KY         ,220000,853000,-633000,0,0,0,45000,0,45000,-289000,170000,101000,69000,34000,392000,-358000,-877000
045127,鴻海統一92購01  ,0,0,0,0,0,0,0,0,0,-886000,0,0,0,329000,1215000,-886000,-886000
040721,大立光富邦92購01,0,0,0,0,0,0,0,0,0,-892000,0,0,0,539000,1431000,-892000,-892000
050972,台虹永豐95購01  ,0,0,0,0,0,0,0,0,0,-896000,0,0,0,474000,1370000,-896000,-896000
05885P,牧德統一96售01  ,0,0,0,0,0,0,0,0,0,-897000,0,0,0,141000,1038000,-897000,-897000
048628,T50反1元大96購03,0,0,0,0,0,0,0,0,0,-900000,0,0,0,0,900000,-900000,-900000
2371,大同            ,1479000,2450000,-971000,0,0,0,0,0,0,69000,69000,0,69000,0,0,0,-902000
046864,和大統一97購01  ,0,0,0,0,0,0,0,0,0,-919000,0,0,0,769000,1688000,-919000,-919000
052986,聯發科元大97購05,0,0,0,0,0,0,0,0,0,-921000,0,0,0,1277000,2198000,-921000,-921000
1504,東元            ,630000,1385000,-755000,0,0,0,0,0,0,-173000,10000,126000,-116000,0,57000,-57000,-928000
05563P,台積電元大97售07,0,0,0,0,0,0,0,0,0,-928000,0,0,0,898000,1826000,-928000,-928000
4968,立積            ,675000,1469000,-794000,0,0,0,0,74000,-74000,-65000,58000,123000,-65000,0,0,0,-933000
050683,智原元富94購02  ,0,0,0,0,0,0,0,0,0,-943000,0,0,0,388000,1331000,-943000,-943000
2329,華泰            ,52000,817000,-765000,0,0,0,0,0,0,-190000,0,5000,-5000,2000,187000,-185000,-955000
053717,聯發科凱基96購17,0,0,0,0,0,0,0,0,0,-958000,0,0,0,3000,961000,-958000,-958000
05998P,台積電元大97售12,0,0,0,0,0,0,0,0,0,-958000,0,0,0,394000,1352000,-958000,-958000
049355,元油2X富邦96購04,0,0,0,0,0,0,0,0,0,-963000,0,0,0,0,963000,-963000,-963000
04575P,新日興統一94售02,0,0,0,0,0,0,0,0,0,-969000,0,0,0,64000,1033000,-969000,-969000
049996,元油2X永豐94購05,0,0,0,0,0,0,0,0,0,-975000,0,0,0,0,975000,-975000,-975000
052381,臺股指元大95購22,0,0,0,0,0,0,0,0,0,-981000,0,0,0,0,981000,-981000,-981000
046286,高鐵兆豐93購01  ,0,0,0,0,0,0,0,0,0,-989000,0,0,0,158000,1147000,-989000,-989000
054608,致茂永豐97購01  ,0,0,0,0,0,0,0,0,0,-989000,0,0,0,0,989000,-989000,-989000
3661,世芯-KY         ,219000,1096000,-877000,0,0,0,17000,96000,-79000,-34000,109000,74000,35000,47000,116000,-69000,-990000
047361,致茂群益93購01  ,0,0,0,0,0,0,0,0,0,-990000,0,0,0,5000,995000,-990000,-990000
051327,元油2X永豐95購02,0,0,0,0,0,0,0,0,0,-990000,0,0,0,0,990000,-990000,-990000
053285,臺股指元大96購08,0,0,0,0,0,0,0,0,0,-991000,0,0,0,0,991000,-991000,-991000
03527P,健策凱基02售04  ,0,0,0,0,0,0,0,0,0,-998000,0,0,0,0,998000,-998000,-998000
2328,廣宇            ,303000,1250000,-947000,0,0,0,0,0,0,-65000,0,14000,-14000,1000,52000,-51000,-1012000
048895,光罩國泰95購01  ,0,0,0,0,0,0,0,0,0,-1016000,0,0,0,0,1016000,-1016000,-1016000
8163,達方            ,273000,1384000,-1111000,0,0,0,0,0,0,53000,76000,61000,15000,79000,41000,38000,-1058000
2353,宏碁            ,2287000,3367000,-1080000,0,0,0,0,0,0,7000,10000,40000,-30000,188000,151000,37000,-1073000
3036,文曄            ,216000,1755000,-1539000,0,0,0,0,0,0,466000,480000,4000,476000,0,10000,-10000,-1073000
051687,大立光凱基95購12,0,0,0,0,0,0,0,0,0,-1076000,0,0,0,16000,1092000,-1076000,-1076000
2027,大成鋼          ,781000,1070000,-289000,0,0,0,0,0,0,-806000,38000,66000,-28000,16000,794000,-778000,-1095000
8215,明基材          ,269000,1369102,-1100102,0,0,0,0,0,0,-2000,0,2000,-2000,0,0,0,-1102102
053414,臻鼎國票97購01  ,0,0,0,0,0,0,0,0,0,-1104000,0,0,0,194000,1298000,-1104000,-1104000
05414P,台表科國票96售02,0,0,0,0,0,0,0,0,0,-1106000,0,0,0,246000,1352000,-1106000,-1106000
043936,和大兆豐92購01  ,0,0,0,0,0,0,0,0,0,-1114000,0,0,0,294000,1408000,-1114000,-1114000
3376,新日興          ,290000,1004000,-714000,0,0,0,56000,308000,-252000,-150000,360000,126000,234000,25000,409000,-384000,-1116000
053026,奇力新富邦98購01,0,0,0,0,0,0,0,0,0,-1117000,0,0,0,461000,1578000,-1117000,-1117000
2340,光磊            ,71000,1166000,-1095000,0,0,0,0,0,0,-29000,6000,0,6000,0,35000,-35000,-1124000
050755,和大元富94購01  ,0,0,0,0,0,0,0,0,0,-1148000,0,0,0,485000,1633000,-1148000,-1148000
053019,禾伸堂元富96購01,0,0,0,0,0,0,0,0,0,-1207000,0,0,0,122000,1329000,-1207000,-1207000
05688P,臺股指元大96售13,0,0,0,0,0,0,0,0,0,-1232000,0,0,0,43000,1275000,-1232000,-1232000
047470,聯發科中信94購03,0,0,0,0,0,0,0,0,0,-1244000,0,0,0,139000,1383000,-1244000,-1244000
2316,楠梓電          ,187000,932000,-745000,0,0,0,0,0,0,-529000,1000,2000,-1000,9000,537000,-528000,-1274000
05767P,國巨凱基96售11  ,0,0,0,0,0,0,0,0,0,-1275000,0,0,0,0,1275000,-1275000,-1275000
05508P,華通統一97售01  ,0,0,0,0,0,0,0,0,0,-1279000,0,0,0,46000,1325000,-1279000,-1279000
053845,和大元富96購01  ,0,0,0,0,0,0,0,0,0,-1287000,0,0,0,134000,1421000,-1287000,-1287000
04338P,亞光元大93售04  ,0,0,0,0,0,0,0,0,0,-1294000,0,0,0,588000,1882000,-1294000,-1294000
08484P,台灣50中信96售01,0,0,0,0,0,0,0,0,0,-1302000,0,0,0,0,1302000,-1302000,-1302000
04674P,全新統一95售01  ,0,0,0,0,0,0,0,0,0,-1342000,0,0,0,70000,1412000,-1342000,-1342000
2352,佳世達          ,343000,1712000,-1369000,0,0,0,0,0,0,-11000,0,11000,-11000,0,0,0,-1380000
052044,華通凱基97購01  ,0,0,0,0,0,0,0,0,0,-1384000,0,0,0,45000,1429000,-1384000,-1384000
051178,大立光凱基95購10,0,0,0,0,0,0,0,0,0,-1396000,0,0,0,100000,1496000,-1396000,-1396000
2347,聯強            ,1387000,1905000,-518000,0,0,0,0,0,0,-882000,0,672000,-672000,0,210000,-210000,-1400000
2884,玉山金          ,4905320,5933180,-1027860,0,0,0,30000,436000,-406000,33000,64000,3000,61000,0,28000,-28000,-1400860
05657P,樺漢統一97售01  ,0,0,0,0,0,0,0,0,0,-1403000,0,0,0,30000,1433000,-1403000,-1403000
2885,元大金          ,4169000,4475000,-306000,0,0,0,32000,335000,-303000,-801000,0,801000,-801000,0,0,0,-1410000
9904,寶成            ,816420,2188150,-1371730,0,0,0,8000,0,8000,-78000,0,13000,-13000,0,65000,-65000,-1441730
044981,南亞科國票92購01,0,0,0,0,0,0,0,0,0,-1456000,0,0,0,0,1456000,-1456000,-1456000
052778,智原國票97購01  ,0,0,0,0,0,0,0,0,0,-1469000,0,0,0,0,1469000,-1469000,-1469000
4938,和碩            ,1910000,3389000,-1479000,0,0,0,55000,0,55000,-49000,104000,33000,71000,13000,133000,-120000,-1473000
04422P,玉晶光永豐94售03,10000,0,10000,0,0,0,0,0,0,-1501000,0,0,0,557000,2058000,-1501000,-1491000
05400P,台積電永豐95售05,0,0,0,0,0,0,0,0,0,-1491000,0,0,0,1883000,3374000,-1491000,-1491000
044615,聯茂兆豐93購01  ,0,0,0,0,0,0,0,0,0,-1506000,0,0,0,1046000,2552000,-1506000,-1506000
04787P,台積電永昌96售04,0,0,0,0,0,0,0,0,0,-1577000,0,0,0,1580000,3157000,-1577000,-1577000
04185P,欣興統一93售05  ,0,0,0,0,0,0,0,0,0,-1599000,0,0,0,25000,1624000,-1599000,-1599000
2349,錸德            ,472000,1761000,-1289000,0,0,0,0,300000,-300000,-18000,0,18000,-18000,0,0,0,-1607000
1909,榮成            ,1648000,3920617,-2272617,0,0,0,533000,0,533000,112000,157000,45000,112000,0,0,0,-1627617
00850,元大臺灣ESG永續 ,2000,1000,1000,0,0,0,0,0,0,-1632000,50000,0,50000,1227000,2909000,-1682000,-1631000
053186,健策中信9C購01  ,0,0,0,0,0,0,0,0,0,-1642000,0,0,0,148000,1790000,-1642000,-1642000
05447P,臺股指元大95售24,0,0,0,0,0,0,0,0,0,-1648000,0,0,0,26000,1674000,-1648000,-1648000
1902,台紙            ,265000,2122000,-1857000,0,0,0,0,0,0,198000,200000,2000,198000,0,0,0,-1659000
08637P,台灣50中信96售03,0,0,0,0,0,0,0,0,0,-1659000,0,0,0,56000,1715000,-1659000,-1659000
048278,聯發科永豐93購03,0,0,0,0,0,0,0,0,0,-1674000,0,0,0,420000,2094000,-1674000,-1674000
04206P,臺股指元大93售46,0,0,0,0,0,0,0,0,0,-1750000,0,0,0,50000,1800000,-1750000,-1750000
00669R,國泰美國道瓊反1 ,0,50000,-50000,0,0,0,0,0,0,-1711000,45000,0,45000,1119000,2875000,-1756000,-1761000
2504,國產            ,1882000,3335000,-1453000,0,0,0,0,0,0,-312000,0,312000,-312000,0,0,0,-1765000
3704,合勤控          ,127000,1926000,-1799000,0,0,0,0,0,0,26000,0,5000,-5000,55000,24000,31000,-1773000
2303,聯電            ,15309500,17276000,-1966500,0,0,0,2106000,0,2106000,-1984000,462000,715000,-253000,18000,1749000,-1731000,-1844500
2382,廣達            ,1099000,2368390,-1269390,0,0,0,7000,424000,-417000,-207000,17000,57000,-40000,2000,169000,-167000,-1893390
00637L,元大滬深300正2  ,10523000,20678000,-10155000,0,0,0,0,0,0,8083000,1283000,0,1283000,28687000,21887000,6800000,-2072000
8046,南電            ,441000,2085000,-1644000,0,0,0,0,0,0,-467000,0,5000,-5000,4000,466000,-462000,-2111000
2888,新光金          ,12545000,14123000,-1578000,0,0,0,32000,0,32000,-574000,0,6000,-6000,252000,820000,-568000,-2120000
3049,和鑫            ,414000,2764000,-2350000,0,0,0,0,0,0,64000,0,9000,-9000,113000,40000,73000,-2286000
2324,仁寶            ,1758000,3588000,-1830000,0,0,0,0,0,0,-459000,0,11000,-11000,0,448000,-448000,-2289000
040760,T50反1凱基95購01,0,0,0,0,0,0,0,0,0,-2327000,0,0,0,926000,3253000,-2327000,-2327000
051277,聯發科中信9A購01,0,0,0,0,0,0,0,0,0,-2461000,0,0,0,428000,2889000,-2461000,-2461000
2367,燿華            ,1247000,3207000,-1960000,0,0,0,40000,0,40000,-629000,0,5000,-5000,34000,658000,-624000,-2549000
3017,奇鋐            ,549000,2385000,-1836000,0,0,0,100000,0,100000,-849000,401000,633000,-232000,68000,685000,-617000,-2585000
051750,華通富邦96購01  ,0,0,0,0,0,0,0,0,0,-2595000,0,0,0,0,2595000,-2595000,-2595000
2454,聯發科          ,3031564,4537161,-1505597,0,0,0,8000,961000,-953000,-190000,150000,405000,-255000,238000,173000,65000,-2648597
1102,亞泥            ,2021224,4306865,-2285641,0,0,0,7000,0,7000,-437000,99000,259000,-160000,102000,379000,-277000,-2715641
2890,永豐金          ,4095000,6937330,-2842330,0,0,0,29000,0,29000,31000,0,1000,-1000,42000,10000,32000,-2782330
1101,台泥            ,3571434,5601000,-2029566,0,0,0,14000,0,14000,-981000,54000,335000,-281000,62000,762000,-700000,-2996566
2356,英業達          ,832000,3760000,-2928000,0,0,0,0,0,0,-434000,0,44000,-44000,0,390000,-390000,-3362000
020012,富邦行動通訊N   ,0,0,0,0,0,0,0,0,0,-3671000,0,0,0,90000,3761000,-3671000,-3671000
2323,中環            ,2309000,6625000,-4316000,0,0,0,0,0,0,527000,38000,136000,-98000,684000,59000,625000,-3789000
046173,聯發科永豐92購01,0,0,0,0,0,0,0,0,0,-3930000,0,0,0,1571000,5501000,-3930000,-3930000
03033P,微星國票03售01  ,0,0,0,0,0,0,0,0,0,-3997000,0,0,0,0,3997000,-3997000,-3997000
054268,健策第一96購01  ,0,0,0,0,0,0,0,0,0,-4018000,0,0,0,452000,4470000,-4018000,-4018000
054614,玉晶光永豐97購03,0,0,0,0,0,0,0,0,0,-4906000,0,0,0,0,4906000,-4906000,-4906000
3034,聯詠            ,1692000,5761000,-4069000,0,0,0,1000,1154000,-1153000,-174000,182000,257000,-75000,60000,159000,-99000,-5396000
2409,友達            ,16879111,22734000,-5854889,0,0,0,0,600000,-600000,842000,2705000,1204000,1501000,231000,890000,-659000,-5612889
6213,聯茂            ,591000,6063000,-5472000,0,0,0,142000,286000,-144000,-252000,391000,83000,308000,78000,638000,-560000,-5868000
3037,欣興            ,2068000,9096000,-7028000,0,0,0,1034000,620000,414000,-1914000,109000,620000,-511000,207000,1610000,-1403000,-8528000
2449,京元電子        ,2107000,9815000,-7708000,0,0,0,150000,619000,-469000,-1594000,110000,297000,-187000,107000,1514000,-1407000,-9771000
2313,華通            ,2068000,30095000,-28027000,0,0,0,264000,4777000,-4513000,-4482000,1314000,3989000,-2675000,263000,2070000,-1807000,-37022000
00673R,元大S&P原油反1  ,58000,0,58000,0,0,0,0,0,0,-42378000,0,250000,-250000,2259000,44387000,-42128000,-42320000
