證券代號,證券名稱,外陸資買進股數(不含外資自營商),外陸資賣出股數(不含外資自營商),外陸資買賣超股數(不含外資自營商),外資自營商買進股數,外資自營商賣出股數,外資自營商買賣超股數,投信買進股數,投信賣出股數,投信買賣超股數,自營商買賣超股數,自營商買進股數(自行買賣),自營商賣出股數(自行買賣),自營商買賣超股數(自行買賣),自營商買進股數(避險),自營商賣出股數(避險),自營商買賣超股數(避險),三大法人買賣超股數
00677U,富邦VIX         ,32370000,951000,31419000,0,0,0,0,0,0,12482000,500000,0,500000,11982000,0,11982000,43901000
00672L,元大S&P原油正2  ,15524000,3041000,12483000,0,0,0,0,0,0,19782000,0,1400000,-1400000,38991000,17809000,21182000,32265000
00637L,元大滬深300正2  ,14047000,7052000,6995000,0,0,0,0,0,0,23750000,0,0,0,39651000,15901000,23750000,30745000
2891,中信金          ,23808476,4808000,19000476,0,0,0,139000,0,139000,634000,411000,1000,410000,286000,62000,224000,19773476
3481,群創            ,40943000,23935000,17008000,0,0,0,0,0,0,-1218000,78000,480000,-402000,1187000,2003000,-816000,15790000
2884,玉山金          ,20489120,10094986,10394134,0,0,0,82000,0,82000,1997000,1088000,10000,1078000,1162000,243000,919000,12473134
3706,神達            ,6639000,1518000,5121000,0,0,0,4315000,0,4315000,2166000,2780000,400000,2380000,1145000,1359000,-214000,11602000
2409,友達            ,22680000,13823000,8857000,0,0,0,855000,0,855000,-744000,479000,1659000,-1180000,904000,468000,436000,8968000
1909,榮成            ,8854000,3102000,5752000,0,0,0,1500000,0,1500000,842000,1020000,178000,842000,0,0,0,8094000
2888,新光金          ,12110000,4426000,7684000,0,0,0,158000,0,158000,-34000,7000,78000,-71000,702000,665000,37000,7808000
2887,台新金          ,11714000,5040000,6674000,0,0,0,74000,0,74000,548000,462000,0,462000,123000,37000,86000,7296000
054400,健策永豐96購02  ,20000,0,20000,0,0,0,0,0,0,6587000,0,0,0,8590000,2003000,6587000,6607000
2353,宏碁            ,7434000,1876000,5558000,0,0,0,5000,0,5000,521000,152000,27000,125000,510000,114000,396000,6084000
0056,元大高股息      ,0,0,0,0,0,0,30000,0,30000,5703000,7000,80000,-73000,6309000,533000,5776000,5733000
00633L,富邦上証正2     ,1130000,1059000,71000,0,0,0,0,0,0,5639000,0,0,0,7374000,1735000,5639000,5710000
2890,永豐金          ,8013000,2877000,5136000,0,0,0,77000,0,77000,445000,326000,2000,324000,125000,4000,121000,5658000
2885,元大金          ,8488000,4209000,4279000,0,0,0,81000,0,81000,1099000,1113000,100000,1013000,178000,92000,86000,5459000
2892,第一金          ,7603197,2808000,4795197,0,0,0,75000,0,75000,152000,10000,0,10000,142000,0,142000,5022197
03033P,微星國票03售01  ,0,0,0,0,0,0,0,0,0,4700000,0,0,0,4760000,60000,4700000,4700000
00708L,元大S&P黃金正2  ,0,0,0,0,0,0,0,0,0,4526000,0,0,0,5632000,1106000,4526000,4526000
051505,台積電元富95購05,0,0,0,0,0,0,0,0,0,4434000,0,0,0,4447000,13000,4434000,4434000
2002,中鋼            ,6072424,2133015,3939409,0,0,0,91000,0,91000,273000,86000,0,86000,195000,8000,187000,4303409
055417,健策富邦98購02  ,0,0,0,0,0,0,0,0,0,4206000,0,0,0,4591000,385000,4206000,4206000
2603,長榮            ,6315000,2477000,3838000,0,0,0,455000,0,455000,-93000,40000,133000,-93000,0,0,0,4200000
3037,欣興            ,6242000,2137000,4105000,0,0,0,215000,280000,-65000,-68000,309000,263000,46000,295000,409000,-114000,3972000
2610,華航            ,6072981,2321000,3751981,0,0,0,5000,0,5000,186000,58000,0,58000,128000,0,128000,3942981
3450,聯鈞            ,2343000,950000,1393000,0,0,0,701000,0,701000,1752000,196000,45000,151000,1806000,205000,1601000,3846000
2371,大同            ,4295000,507000,3788000,0,0,0,0,0,0,-60000,193000,253000,-60000,0,0,0,3728000
054268,健策第一96購01  ,0,0,0,0,0,0,0,0,0,3609000,0,0,0,4026000,417000,3609000,3609000
053675,臺股指元富96購02,0,0,0,0,0,0,0,0,0,3422000,0,0,0,3584000,162000,3422000,3422000
2201,裕隆            ,3222000,656000,2566000,0,0,0,150000,0,150000,507000,1000,0,1000,672000,166000,506000,3223000
2618,長榮航          ,4611000,1202947,3408053,0,0,0,26000,0,26000,-212000,898000,1093000,-195000,13000,30000,-17000,3222053
2880,華南金          ,5806809,2835000,2971809,0,0,0,67000,0,67000,132000,6000,0,6000,126000,0,126000,3170809
2881,富邦金          ,4521000,1771000,2750000,0,0,0,56000,0,56000,263000,5000,20000,-15000,278000,0,278000,3069000
2886,兆豐金          ,5284265,4704000,580265,0,0,0,685000,24000,661000,1599000,1666000,117000,1549000,136000,86000,50000,2840265
055039,神達富邦99購01  ,0,0,0,0,0,0,0,0,0,2732000,0,0,0,3631000,899000,2732000,2732000
039908,元油反富邦92購01,0,0,0,0,0,0,0,0,0,2607000,0,0,0,2607000,0,2607000,2607000
00655L,國泰中國A50正2  ,46000,0,46000,0,0,0,0,0,0,2467000,0,0,0,3690000,1223000,2467000,2513000
8046,南電            ,1015000,650000,365000,0,0,0,1771000,0,1771000,369000,90000,49000,41000,358000,30000,328000,2505000
047788,欣興群益93購05  ,0,0,0,0,0,0,0,0,0,2500000,0,0,0,2500000,0,2500000,2500000
3231,緯創            ,5710000,3200000,2510000,0,0,0,5000,10000,-5000,-26000,46000,3000,43000,85000,154000,-69000,2479000
3189,景碩            ,2196000,314000,1882000,0,0,0,384000,0,384000,81000,11000,120000,-109000,325000,135000,190000,2347000
5880,合庫金          ,5340829,3229000,2111829,0,0,0,69000,0,69000,121000,10000,0,10000,111000,0,111000,2301829
03648C,T50反1元大96牛07,0,0,0,0,0,0,0,0,0,2300000,0,0,0,2300000,0,2300000,2300000
045872,元油2X元富98購03,0,0,0,0,0,0,0,0,0,2278000,0,0,0,2624000,346000,2278000,2278000
2327,國巨            ,3403230,1690537,1712693,0,0,0,292000,121000,171000,249000,219000,225000,-6000,406000,151000,255000,2132693
6239,力成            ,3806000,1561800,2244200,0,0,0,40000,80000,-40000,-102000,16000,126000,-110000,29000,21000,8000,2102200
055655,群創元富99購07  ,0,0,0,0,0,0,0,0,0,2072000,0,0,0,2354000,282000,2072000,2072000
5876,上海商銀        ,2812000,772000,2040000,0,0,0,0,0,0,2000,1000,60000,-59000,106000,45000,61000,2042000
00639,富邦深100       ,2138000,0,2138000,0,0,0,0,0,0,-107000,0,0,0,1000000,1107000,-107000,2031000
2883,開發金          ,5911962,4715000,1196962,0,0,0,103000,0,103000,707000,2000,0,2000,711000,6000,705000,2006962
3711,日月光投控      ,6849888,5001000,1848888,0,0,0,58000,0,58000,78000,104000,44000,60000,117000,99000,18000,1984888
043040,永冠元富94購01  ,0,0,0,0,0,0,0,0,0,1983000,0,0,0,1988000,5000,1983000,1983000
2801,彰銀            ,4834000,2524000,2310000,0,0,0,46000,0,46000,-405000,1000,0,1000,121000,527000,-406000,1951000
052736,T50反1元大96購05,0,0,0,0,0,0,0,0,0,1804000,0,0,0,1814000,10000,1804000,1804000
1303,南亞            ,3118000,1449000,1669000,0,0,0,41000,0,41000,66000,5000,15000,-10000,76000,0,76000,1776000
2345,智邦            ,1869974,516000,1353974,0,0,0,175000,0,175000,174000,161000,65000,96000,97000,19000,78000,1702974
1536,和大            ,1392000,264000,1128000,0,0,0,24000,0,24000,540000,104000,4000,100000,464000,24000,440000,1692000
0061,元大寶滬深      ,2630000,0,2630000,0,0,0,0,0,0,-970000,250000,360000,-110000,176000,1036000,-860000,1660000
051391,聯發科兆豐95購02,0,0,0,0,0,0,0,0,0,1596000,0,0,0,1596000,0,1596000,1596000
052681,T50反1元大98購02,0,0,0,0,0,0,0,0,0,1570000,0,0,0,1575000,5000,1570000,1570000
055144,T50反1元大97購03,0,0,0,0,0,0,0,0,0,1554000,0,0,0,2668000,1114000,1554000,1554000
056052,T50反1元大97購06,0,0,0,0,0,0,0,0,0,1554000,0,0,0,2004000,450000,1554000,1554000
05400P,台積電永豐95售05,0,0,0,0,0,0,0,0,0,1513000,0,0,0,1550000,37000,1513000,1513000
006205,富邦上証        ,1118000,20000,1098000,0,0,0,0,0,0,380000,160000,0,160000,2265000,2045000,220000,1478000
057138,亞德客兆豐98購01,0,0,0,0,0,0,0,0,0,1466000,0,0,0,1592000,126000,1466000,1466000
049730,滬深2X群益94購02,0,0,0,0,0,0,0,0,0,1447000,0,0,0,1497000,50000,1447000,1447000
1301,台塑            ,2905412,1514000,1391412,0,0,0,4000,0,4000,32000,6000,0,6000,62000,36000,26000,1427412
052314,鴻海元大96購11  ,0,0,0,0,0,0,0,0,0,1376000,0,0,0,1669000,293000,1376000,1376000
2316,楠梓電          ,1381000,126000,1255000,0,0,0,0,0,0,107000,3000,4000,-1000,122000,14000,108000,1362000
3532,台勝科          ,1567000,505000,1062000,0,0,0,300000,5000,295000,-4000,91000,66000,25000,28000,57000,-29000,1353000
3545,敦泰            ,2284000,969000,1315000,0,0,0,0,0,0,6000,6000,0,6000,0,0,0,1321000
3090,日電貿          ,1334000,60000,1274000,0,0,0,0,0,0,36000,1000,0,1000,172000,137000,35000,1310000
04511P,臺股指元大94售06,0,0,0,0,0,0,0,0,0,1280000,0,0,0,2000000,720000,1280000,1280000
047379,元油2X元大96購03,0,0,0,0,0,0,0,0,0,1269000,0,0,0,1269000,0,1269000,1269000
055693,南茂凱基97購01  ,0,0,0,0,0,0,0,0,0,1253000,0,0,0,1311000,58000,1253000,1253000
056069,新日興元大97購03,0,0,0,0,0,0,0,0,0,1244000,0,0,0,1414000,170000,1244000,1244000
2633,台灣高鐵        ,1682000,552000,1130000,0,0,0,5000,0,5000,70000,4000,0,4000,123000,57000,66000,1205000
1101,台泥            ,5731492,4911615,819877,0,0,0,324000,13000,311000,52000,499000,0,499000,183000,630000,-447000,1182877
055045,台肥永豐97購01  ,0,0,0,0,0,0,0,0,0,1179000,0,0,0,1179000,0,1179000,1179000
053186,健策中信9C購01  ,0,0,0,0,0,0,0,0,0,1166000,0,0,0,1262000,96000,1166000,1166000
2535,達欣工          ,1345000,5000,1340000,0,0,0,0,0,0,-191000,0,191000,-191000,0,0,0,1149000
054037,T50反1元大96購09,0,0,0,0,0,0,0,0,0,1140000,0,0,0,1760000,620000,1140000,1140000
2812,台中銀          ,1375000,261000,1114000,0,0,0,19000,0,19000,0,0,0,0,0,0,0,1133000
054640,健策中信9B購01  ,0,0,0,0,0,0,0,0,0,1123000,0,0,0,1463000,340000,1123000,1123000
054810,中橡元大9A購01  ,0,0,0,0,0,0,0,0,0,1116000,0,0,0,1377000,261000,1116000,1116000
055863,緯穎元大97購05  ,0,0,0,0,0,0,0,0,0,1103000,0,0,0,1311000,208000,1103000,1103000
2614,東森            ,1354000,256000,1098000,0,0,0,0,0,0,2000,4000,2000,2000,0,0,0,1100000
044487,元油2X元大94購01,0,0,0,0,0,0,0,0,0,1090000,0,0,0,1110000,20000,1090000,1090000
06069P,台積電永豐97售01,0,0,0,0,0,0,0,0,0,1072000,0,0,0,1072000,0,1072000,1072000
056270,群創統一98購04  ,0,0,0,0,0,0,0,0,0,1071000,0,0,0,1071000,0,1071000,1071000
06151P,華新科元大97售07,0,0,0,0,0,0,0,0,0,1070000,0,0,0,1219000,149000,1070000,1070000
050725,光磊國票96購01  ,0,0,0,0,0,0,0,0,0,1059000,0,0,0,1059000,0,1059000,1059000
2392,正崴            ,1104000,380000,724000,0,0,0,0,0,0,320000,14000,3000,11000,340000,31000,309000,1044000
6669,緯穎            ,1291000,368000,923000,0,0,0,26000,20000,6000,110000,48000,2000,46000,73000,9000,64000,1039000
2882,國泰金          ,4687950,3797000,890950,0,0,0,63000,200000,-137000,268000,0,0,0,359000,91000,268000,1021950
2382,廣達            ,2369293,1455000,914293,0,0,0,40000,12000,28000,72000,135000,29000,106000,33000,67000,-34000,1014293
056881,台灣50康和9A購01,0,0,0,0,0,0,0,0,0,1004000,0,0,0,1216000,212000,1004000,1004000
04618P,電子類群益94售02,0,0,0,0,0,0,0,0,0,1000000,0,0,0,1000000,0,1000000,1000000
047920,南亞科凱基93購04,0,0,0,0,0,0,0,0,0,999000,0,0,0,999000,0,999000,999000
053244,光磊國票97購01  ,0,0,0,0,0,0,0,0,0,998000,0,0,0,998000,0,998000,998000
2408,南亞科          ,3274000,2478000,796000,0,0,0,298000,76000,222000,-20000,92000,199000,-107000,345000,258000,87000,998000
053763,T50反1富邦98購01,0,0,0,0,0,0,0,0,0,994000,0,0,0,994000,0,994000,994000
054036,T50反1元大96購08,0,0,0,0,0,0,0,0,0,987000,0,0,0,1476000,489000,987000,987000
00738U,元大道瓊白銀    ,0,0,0,0,0,0,0,0,0,985000,0,0,0,1241000,256000,985000,985000
056051,T50反1元大97購05,0,0,0,0,0,0,0,0,0,979000,0,0,0,2435000,1456000,979000,979000
1216,統一            ,3829689,3008000,821689,0,0,0,35000,0,35000,122000,65000,0,65000,64000,7000,57000,978689
056092,亞德客元富97購02,0,0,0,0,0,0,0,0,0,978000,0,0,0,1100000,122000,978000,978000
2841,台開            ,1178000,204000,974000,0,0,0,0,0,0,-1000,0,1000,-1000,0,0,0,973000
056829,台積電富邦9A購01,0,0,0,0,0,0,0,0,0,970000,0,0,0,2633000,1663000,970000,970000
00635U,元大S&P黃金     ,526000,1000,525000,0,0,0,0,0,0,441000,50000,0,50000,452000,61000,391000,966000
00631L,元大台灣50正2   ,0,40000,-40000,0,0,0,0,0,0,992000,373000,0,373000,1522000,903000,619000,952000
047286,美律統一93購02  ,0,0,0,0,0,0,0,0,0,950000,0,0,0,950000,0,950000,950000
053172,瑞儀群益97購01  ,0,0,0,0,0,0,0,0,0,930000,0,0,0,1201000,271000,930000,930000
03576P,台灣50元富06售01,0,0,0,0,0,0,0,0,0,924000,0,0,0,924000,0,924000,924000
055778,美食凱基97購01  ,0,0,0,0,0,0,0,0,0,920000,0,0,0,920000,0,920000,920000
053411,深中小國票9B購01,0,0,0,0,0,0,0,0,0,914000,0,0,0,914000,0,914000,914000
050524,宏達電元大95購04,0,0,0,0,0,0,0,0,0,909000,0,0,0,909000,0,909000,909000
055202,神達群益97購01  ,0,0,0,0,0,0,0,0,0,907000,0,0,0,1264000,357000,907000,907000
03650C,T50反1元大98牛05,0,0,0,0,0,0,0,0,0,903000,0,0,0,1843000,940000,903000,903000
054038,T50反1元大98購04,0,0,0,0,0,0,0,0,0,900000,0,0,0,900000,0,900000,900000
055223,和大國票98購01  ,0,0,0,0,0,0,0,0,0,871000,0,0,0,1042000,171000,871000,871000
042196,元油2X元大93購02,0,0,0,0,0,0,0,0,0,870000,0,0,0,870000,0,870000,870000
050055,道瓊反凱基95購01,0,0,0,0,0,0,0,0,0,868000,0,0,0,868000,0,868000,868000
00861,元大全球未來通訊,200100,50000,150100,0,0,0,0,0,0,700000,0,0,0,2424000,1724000,700000,850100
052291,鴻海元富97購02  ,0,0,0,0,0,0,0,0,0,849000,0,0,0,849000,0,849000,849000
054465,亞光凱基97購01  ,0,0,0,0,0,0,0,0,0,849000,0,0,0,911000,62000,849000,849000
3026,禾伸堂          ,1014000,242000,772000,0,0,0,20000,0,20000,50000,3000,15000,-12000,83000,21000,62000,842000
053083,中環元大99購01  ,0,0,0,0,0,0,0,0,0,836000,0,0,0,858000,22000,836000,836000
055166,台積電統一97購05,0,0,0,0,0,0,0,0,0,825000,0,0,0,1750000,925000,825000,825000
06098P,T50反1日盛97售02,0,0,0,0,0,0,0,0,0,820000,0,0,0,820000,0,820000,820000
05450P,臺股指元大95售27,0,0,0,0,0,0,0,0,0,819000,0,0,0,1214000,395000,819000,819000
03643C,臺股指元富99牛04,0,0,0,0,0,0,0,0,0,815000,0,0,0,870000,55000,815000,815000
04015P,可成元大93售10  ,0,0,0,0,0,0,0,0,0,812000,0,0,0,860000,48000,812000,812000
05076P,深中小群益99售02,0,0,0,0,0,0,0,0,0,804000,0,0,0,864000,60000,804000,804000
046798,元油2X元大96購01,0,0,0,0,0,0,0,0,0,800000,0,0,0,800000,0,800000,800000
04890P,台積電元大95售05,0,0,0,0,0,0,0,0,0,800000,0,0,0,800000,0,800000,800000
054032,上銀中信96購01  ,0,0,0,0,0,0,0,0,0,798000,0,0,0,873000,75000,798000,798000
057258,中環兆豐98購01  ,0,0,0,0,0,0,0,0,0,796000,0,0,0,796000,0,796000,796000
056420,台表科元富98購01,0,0,0,0,0,0,0,0,0,795000,0,0,0,873000,78000,795000,795000
053593,晶技元大98購01  ,0,0,0,0,0,0,0,0,0,790000,0,0,0,800000,10000,790000,790000
1707,葡萄王          ,744450,496000,248450,0,0,0,412000,0,412000,129000,220000,103000,117000,12000,0,12000,789450
00643,群益深証中小    ,592000,0,592000,0,0,0,0,0,0,189000,240000,240000,0,655000,466000,189000,781000
052392,台表科群益96購02,0,0,0,0,0,0,0,0,0,767000,0,0,0,990000,223000,767000,767000
052036,臺股指群益95購09,0,0,0,0,0,0,0,0,0,764000,0,0,0,774000,10000,764000,764000
2478,大毅            ,1241000,543500,697500,0,0,0,0,0,0,65000,0,0,0,117000,52000,65000,762500
055007,晶相光元富9A購02,0,0,0,0,0,0,0,0,0,762000,0,0,0,802000,40000,762000,762000
06118P,上証2X凱基98售03,0,0,0,0,0,0,0,0,0,751000,0,0,0,815000,64000,751000,751000
049496,和鑫元大95購01  ,0,0,0,0,0,0,0,0,0,748000,0,0,0,748000,0,748000,748000
2308,台達電          ,2275000,1143000,1132000,0,0,0,5000,522000,-517000,130000,37000,6000,31000,116000,17000,99000,745000
055140,晶相光永豐97購01,0,0,0,0,0,0,0,0,0,729000,0,0,0,782000,53000,729000,729000
052690,台表科元大97購01,0,0,0,0,0,0,0,0,0,725000,0,0,0,817000,92000,725000,725000
3016,嘉晶            ,472000,187000,285000,0,0,0,0,0,0,437000,0,0,0,535000,98000,437000,722000
2501,國建            ,1030000,359000,671000,0,0,0,0,0,0,50000,50000,0,50000,0,0,0,721000
050530,台表科元大95購04,0,0,0,0,0,0,0,0,0,717000,0,0,0,815000,98000,717000,717000
05449P,臺股指元大95售26,0,0,0,0,0,0,0,0,0,717000,0,0,0,1143000,426000,717000,717000
056101,光磊永豐98購01  ,0,0,0,0,0,0,0,0,0,715000,0,0,0,1031000,316000,715000,715000
055703,緯穎富邦98購01  ,0,0,0,0,0,0,0,0,0,714000,0,0,0,1181000,467000,714000,714000
1312,國喬            ,1062000,356000,706000,0,0,0,0,0,0,0,4000,4000,0,0,0,0,706000
056113,新日興兆豐98購01,0,0,0,0,0,0,0,0,0,704000,0,0,0,907000,203000,704000,704000
05879P,台積電台新96售03,0,0,0,0,0,0,0,0,0,700000,0,0,0,800000,100000,700000,700000
047981,南亞科群益93購02,0,0,0,0,0,0,0,0,0,699000,0,0,0,699000,0,699000,699000
055802,新日興永豐97購01,0,0,0,0,0,0,0,0,0,697000,0,0,0,814000,117000,697000,697000
3406,玉晶光          ,914000,338000,576000,0,0,0,113000,46000,67000,54000,118000,106000,12000,60000,18000,42000,697000
056005,臺股指永豐97購04,0,0,0,0,0,0,0,0,0,696000,0,0,0,1055000,359000,696000,696000
00642U,元大S&P石油     ,1324000,0,1324000,0,0,0,0,0,0,-635000,0,300000,-300000,1888000,2223000,-335000,689000
2377,微星            ,914227,256000,658227,0,0,0,112000,4000,108000,-81000,42000,54000,-12000,25000,94000,-69000,685227
052066,華邦電兆豐96購01,0,0,0,0,0,0,0,0,0,683000,0,0,0,713000,30000,683000,683000
053699,臺股指元大96購22,0,0,0,0,0,0,0,0,0,679000,0,0,0,714000,35000,679000,679000
1513,中興電          ,721000,46000,675000,0,0,0,0,0,0,1000,3000,2000,1000,0,0,0,676000
050780,台表科元大96購01,0,0,0,0,0,0,0,0,0,673000,0,0,0,796000,123000,673000,673000
054072,台積電富邦98購02,0,0,0,0,0,0,0,0,0,673000,0,0,0,1707000,1034000,673000,673000
05549P,臺股指元大96售03,0,0,0,0,0,0,0,0,0,671000,0,0,0,900000,229000,671000,671000
051858,上銀凱基95購01  ,0,0,0,0,0,0,0,0,0,669000,0,0,0,1215000,546000,669000,669000
2458,義隆            ,1440000,745000,695000,0,0,0,1000,0,1000,-33000,53000,6000,47000,18000,98000,-80000,663000
04768P,大立光國泰96售03,0,0,0,0,0,0,0,0,0,660000,0,0,0,687000,27000,660000,660000
049226,元石油富邦95購01,0,0,0,0,0,0,0,0,0,659000,0,0,0,680000,21000,659000,659000
2338,光罩            ,674000,152000,522000,0,0,0,0,0,0,136000,0,0,0,164000,28000,136000,658000
3576,聯合再生        ,766000,113000,653000,0,0,0,0,0,0,2000,2000,0,2000,0,0,0,655000
051971,元金2X凱基97購02,0,0,0,0,0,0,0,0,0,651000,0,0,0,677000,26000,651000,651000
054967,神達元大97購01  ,0,0,0,0,0,0,0,0,0,651000,0,0,0,979000,328000,651000,651000
051446,中壽元大96購01  ,0,0,0,0,0,0,0,0,0,648000,0,0,0,648000,0,648000,648000
2385,群光            ,998000,341315,656685,0,0,0,1000,4000,-3000,-15000,7000,0,7000,9000,31000,-22000,638685
053198,亞德客日盛96購01,0,0,0,0,0,0,0,0,0,632000,0,0,0,693000,61000,632000,632000
054752,易華電凱基97購02,0,0,0,0,0,0,0,0,0,631000,0,0,0,661000,30000,631000,631000
046205,明基材凱基93購01,0,0,0,0,0,0,0,0,0,630000,0,0,0,1110000,480000,630000,630000
06208P,台郡凱基97售03  ,0,0,0,0,0,0,0,0,0,630000,0,0,0,700000,70000,630000,630000
05079P,可成永豐95售01  ,0,0,0,0,0,0,0,0,0,624000,0,0,0,1024000,400000,624000,624000
041973,台灣50中信94購01,0,0,0,0,0,0,0,0,0,623000,0,0,0,1212000,589000,623000,623000
05807P,泰鼎永豐96售03  ,0,0,0,0,0,0,0,0,0,617000,0,0,0,717000,100000,617000,617000
2367,燿華            ,1234000,630000,604000,0,0,0,0,0,0,12000,0,0,0,46000,34000,12000,616000
054198,台積電永昌96購08,0,0,0,0,0,0,0,0,0,614000,0,0,0,1345000,731000,614000,614000
053073,技嘉康和96購01  ,0,0,0,0,0,0,0,0,0,613000,0,0,0,660000,47000,613000,613000
052032,臺股指群益95購05,0,0,0,0,0,0,0,0,0,612000,0,0,0,645000,33000,612000,612000
3661,世芯-KY         ,994000,405000,589000,0,0,0,0,23000,-23000,37000,1000,4000,-3000,43000,3000,40000,603000
05004P,健策統一95售01  ,0,0,0,0,0,0,0,0,0,600000,0,0,0,600000,0,600000,600000
051786,A50正2國票95購02,0,0,0,0,0,0,0,0,0,600000,0,0,0,600000,0,600000,600000
053813,友達群益9A購03  ,0,0,0,0,0,0,0,0,0,600000,0,0,0,651000,51000,600000,600000
054454,滬深2X群益96購04,0,0,0,0,0,0,0,0,0,600000,0,0,0,600000,0,600000,600000
053936,旺宏元富96購04  ,0,0,0,0,0,0,0,0,0,598000,0,0,0,623000,25000,598000,598000
2027,大成鋼          ,972000,194000,778000,0,0,0,0,22000,-22000,-159000,19000,0,19000,27000,205000,-178000,597000
00739,元大MSCI A股    ,518000,0,518000,0,0,0,0,0,0,78000,0,0,0,183000,105000,78000,596000
6269,台郡            ,2714371,1717371,997000,0,0,0,347000,264000,83000,-486000,224000,724000,-500000,46000,32000,14000,594000
2504,國產            ,764000,271000,493000,0,0,0,0,0,0,100000,91000,0,91000,15000,6000,9000,593000
03427P,聯電元大02售11  ,0,0,0,0,0,0,0,0,0,591000,0,0,0,991000,400000,591000,591000
0050,元大台灣50      ,2253000,2212000,41000,0,0,0,56000,25000,31000,507000,445000,202000,243000,2261000,1997000,264000,579000
053735,矽力中信97購01  ,0,0,0,0,0,0,0,0,0,568000,0,0,0,629000,61000,568000,568000
1718,中纖            ,719000,157000,562000,0,0,0,0,0,0,0,0,0,0,0,0,0,562000
050129,聯發科凱基94購11,0,0,0,0,0,0,0,0,0,558000,0,0,0,558000,0,558000,558000
2360,致茂            ,686159,204000,482159,0,0,0,80000,45000,35000,37000,45000,7000,38000,6000,7000,-1000,554159
054713,國巨中信9B購01  ,0,0,0,0,0,0,0,0,0,550000,0,0,0,1625000,1075000,550000,550000
04336P,台達電元大93售04,0,0,0,0,0,0,0,0,0,549000,0,0,0,599000,50000,549000,549000
06653P,美食元大98售02  ,0,0,0,0,0,0,0,0,0,546000,0,0,0,546000,0,546000,546000
05920P,力成元大96售04  ,0,0,0,0,0,0,0,0,0,545000,0,0,0,545000,0,545000,545000
03438P,群創群益98售03  ,0,0,0,0,0,0,0,0,0,537000,0,0,0,597000,60000,537000,537000
04548P,大立光元大94售14,0,0,0,0,0,0,0,0,0,536000,0,0,0,536000,0,536000,536000
06219P,國巨元富97售05  ,0,0,0,0,0,0,0,0,0,536000,0,0,0,636000,100000,536000,536000
044465,元油2X群益97購01,0,0,0,0,0,0,0,0,0,529000,0,0,0,537000,8000,529000,529000
055996,矽力國泰99購01  ,0,0,0,0,0,0,0,0,0,527000,0,0,0,616000,89000,527000,527000
047128,新日興日盛93購01,0,0,0,0,0,0,0,0,0,524000,0,0,0,524000,0,524000,524000
05638P,國巨統一96售04  ,0,0,0,0,0,0,0,0,0,519000,0,0,0,1078000,559000,519000,519000
056874,友達凱基98購08  ,0,0,0,0,0,0,0,0,0,515000,0,0,0,719000,204000,515000,515000
051993,和碩元大95購03  ,0,0,0,0,0,0,0,0,0,514000,0,0,0,518000,4000,514000,514000
046264,美律凱基93購05  ,0,0,0,0,0,0,0,0,0,513000,0,0,0,513000,0,513000,513000
049167,元油2X凱基97購03,0,0,0,0,0,0,0,0,0,513000,0,0,0,513000,0,513000,513000
06572P,台積電永昌99售01,0,0,0,0,0,0,0,0,0,510000,0,0,0,2634000,2124000,510000,510000
055760,新日興群益98購02,0,0,0,0,0,0,0,0,0,503000,0,0,0,538000,35000,503000,503000
052449,創意元大95購04  ,0,0,0,0,0,0,0,0,0,502000,0,0,0,502000,0,502000,502000
2412,中華電          ,1812019,1433000,379019,0,0,0,36000,0,36000,86000,49000,9000,40000,46000,0,46000,501019
048392,宏碁國票94購01  ,0,0,0,0,0,0,0,0,0,500000,0,0,0,500000,0,500000,500000
043641,深中小國票94購01,0,0,0,0,0,0,0,0,0,500000,0,0,0,500000,0,500000,500000
045571,元油2X元大95購04,0,0,0,0,0,0,0,0,0,500000,0,0,0,500000,0,500000,500000
052420,道瓊反國票9B購01,0,0,0,0,0,0,0,0,0,500000,0,0,0,500000,0,500000,500000
055260,晶相光統一98購01,0,0,0,0,0,0,0,0,0,499000,0,0,0,519000,20000,499000,499000
057064,華新科富邦9B購01,0,0,0,0,0,0,0,0,0,499000,0,0,0,557000,58000,499000,499000
047294,大立光元富93購04,0,0,0,0,0,0,0,0,0,499000,0,0,0,549000,50000,499000,499000
053770,元金2X元大98購01,0,5000,-5000,0,0,0,0,0,0,504000,0,0,0,507000,3000,504000,499000
05777P,台積電統一96售04,0,0,0,0,0,0,0,0,0,499000,0,0,0,499000,0,499000,499000
050776,康控元大96購03  ,0,0,0,0,0,0,0,0,0,498000,0,0,0,509000,11000,498000,498000
2515,中工            ,597000,146000,451000,0,0,0,0,0,0,46000,30000,1000,29000,17000,0,17000,497000
057474,T50反1元大98購09,0,0,0,0,0,0,0,0,0,495000,0,0,0,495000,0,495000,495000
050519,旺宏元大95購03  ,0,0,0,0,0,0,0,0,0,493000,0,0,0,1169000,676000,493000,493000
055148,鴻海元大98購02  ,0,0,0,0,0,0,0,0,0,492000,0,0,0,528000,36000,492000,492000
054932,台肥元大97購01  ,0,0,0,0,0,0,0,0,0,492000,0,0,0,645000,153000,492000,492000
2355,敬鵬            ,437000,50000,387000,0,0,0,0,0,0,100000,102000,2000,100000,0,0,0,487000
05713P,大立光統一96售05,0,0,0,0,0,0,0,0,0,485000,0,0,0,536000,51000,485000,485000
048511,美律凱基93購07  ,0,0,0,0,0,0,0,0,0,485000,0,0,0,485000,0,485000,485000
06212P,華新科元大97售11,0,0,0,0,0,0,0,0,0,475000,0,0,0,622000,147000,475000,475000
050511,元油2X元大94購11,0,0,0,0,0,0,0,0,0,472000,0,0,0,500000,28000,472000,472000
057297,新日興永豐98購01,0,0,0,0,0,0,0,0,0,471000,0,0,0,596000,125000,471000,471000
055348,旺宏凱基97購01  ,0,0,0,0,0,0,0,0,0,470000,0,0,0,570000,100000,470000,470000
051551,新日興永豐95購01,0,0,0,0,0,0,0,0,0,469000,0,0,0,585000,116000,469000,469000
05139P,臺股指凱基95售06,0,0,0,0,0,0,0,0,0,468000,0,0,0,479000,11000,468000,468000
049721,晶技凱基94購02  ,0,0,0,0,0,0,0,0,0,468000,0,0,0,497000,29000,468000,468000
049902,大立光元富94購05,0,0,0,0,0,0,0,0,0,465000,0,0,0,624000,159000,465000,465000
049049,玉晶光康和94購02,0,0,0,0,0,0,0,0,0,464000,0,0,0,499000,35000,464000,464000
05655P,南亞科統一96售01,0,0,0,0,0,0,0,0,0,463000,0,0,0,538000,75000,463000,463000
057049,新日興元大98購02,0,0,0,0,0,0,0,0,0,462000,0,0,0,719000,257000,462000,462000
055145,T50反1元大97購04,0,0,0,0,0,0,0,0,0,460000,0,0,0,952000,492000,460000,460000
057531,禾伸堂元大99購04,0,0,0,0,0,0,0,0,0,460000,0,0,0,649000,189000,460000,460000
9910,豐泰            ,896000,446157,449843,0,0,0,0,0,0,6000,1000,0,1000,5000,0,5000,455843
056263,友訊統一99購01  ,0,0,0,0,0,0,0,0,0,450000,0,0,0,488000,38000,450000,450000
056985,智原群益98購03  ,0,0,0,0,0,0,0,0,0,450000,0,0,0,450000,0,450000,450000
057421,智原凱基98購04  ,0,0,0,0,0,0,0,0,0,445000,0,0,0,485000,40000,445000,445000
051923,聯發科日盛95購02,0,0,0,0,0,0,0,0,0,445000,0,0,0,1000000,555000,445000,445000
051226,英業達群益95購01,0,0,0,0,0,0,0,0,0,442000,0,0,0,486000,44000,442000,442000
056871,新日興日盛99購01,0,0,0,0,0,0,0,0,0,440000,0,0,0,491000,51000,440000,440000
050310,卜蜂兆豐94購01  ,0,0,0,0,0,0,0,0,0,436000,0,0,0,436000,0,436000,436000
06652P,長榮航元大98售01,0,0,0,0,0,0,0,0,0,436000,0,0,0,1026000,590000,436000,436000
056311,泰鼎元大98購01  ,0,0,0,0,0,0,0,0,0,435000,0,0,0,703000,268000,435000,435000
06501P,臺股指元大9A售06,0,0,0,0,0,0,0,0,0,434000,0,0,0,499000,65000,434000,434000
054364,智伸科凱基96購01,0,0,0,0,0,0,0,0,0,433000,0,0,0,469000,36000,433000,433000
055987,台表科元富97購01,0,0,0,0,0,0,0,0,0,432000,0,0,0,491000,59000,432000,432000
05255P,義隆凱基95售01  ,0,0,0,0,0,0,0,0,0,432000,0,0,0,432000,0,432000,432000
053052,旺宏國票97購02  ,0,0,0,0,0,0,0,0,0,432000,0,0,0,570000,138000,432000,432000
3042,晶技            ,1604000,1742000,-138000,0,0,0,729000,0,729000,-161000,277000,81000,196000,52000,409000,-357000,430000
04977P,力成凱基96售01  ,0,0,0,0,0,0,0,0,0,425000,0,0,0,440000,15000,425000,425000
055665,亞德客群益97購01,0,0,0,0,0,0,0,0,0,423000,0,0,0,551000,128000,423000,423000
051513,台積電凱基95購13,0,0,0,0,0,0,0,0,0,422000,0,0,0,435000,13000,422000,422000
056130,新日興麥證97購01,0,0,0,623000,202000,421000,0,0,0,421000,0,0,0,623000,202000,421000,421000
055774,台光電凱基97購02,0,0,0,0,0,0,0,0,0,420000,0,0,0,461000,41000,420000,420000
2301,光寶科          ,2256420,1755000,501420,0,0,0,3000,8000,-5000,-77000,17000,83000,-66000,38000,49000,-11000,419420
06160P,台達電群益97售01,0,0,0,0,0,0,0,0,0,419000,0,0,0,429000,10000,419000,419000
052924,旺宏永豐96購01  ,0,0,0,0,0,0,0,0,0,418000,0,0,0,740000,322000,418000,418000
04859P,台達電群益94售04,0,0,0,0,0,0,0,0,0,416000,0,0,0,420000,4000,416000,416000
3653,健策            ,336000,185000,151000,0,0,0,257000,46000,211000,54000,121000,18000,103000,255000,304000,-49000,416000
052351,中環元富95購01  ,0,0,0,0,0,0,0,0,0,415000,0,0,0,515000,100000,415000,415000
05862P,大立光國泰98售01,0,0,0,0,0,0,0,0,0,415000,0,0,0,1957000,1542000,415000,415000
054715,中橡康和97購01  ,0,0,0,0,0,0,0,0,0,414000,0,0,0,454000,40000,414000,414000
1907,永豐餘          ,656000,243869,412131,0,0,0,0,0,0,1000,1000,0,1000,0,0,0,413131
054632,緯穎凱基9A購01  ,0,0,0,0,0,0,0,0,0,410000,0,0,0,498000,88000,410000,410000
052194,旺宏元富95購04  ,0,0,0,0,0,0,0,0,0,409000,0,0,0,460000,51000,409000,409000
06348P,鈺齊元富97售02  ,0,0,0,0,0,0,0,0,0,409000,0,0,0,424000,15000,409000,409000
06016P,京元電凱基96售03,0,0,0,0,0,0,0,0,0,409000,0,0,0,430000,21000,409000,409000
053525,台積電中信96購04,0,0,0,0,0,0,0,0,0,407000,0,0,0,798000,391000,407000,407000
056074,茂林元大97購04  ,0,0,0,0,0,0,0,0,0,406000,0,0,0,479000,73000,406000,406000
049900,台積電元富94購06,0,0,0,0,0,0,0,0,0,406000,0,0,0,791000,385000,406000,406000
1326,台化            ,1989000,1636000,353000,0,0,0,32000,7000,25000,26000,18000,8000,10000,42000,26000,16000,404000
054406,旺宏國票98購01  ,0,0,0,0,0,0,0,0,0,402000,0,0,0,455000,53000,402000,402000
047505,元金2X國票9B購01,0,0,0,0,0,0,0,0,0,400000,0,0,0,457000,57000,400000,400000
06313P,訊芯元富97售01  ,0,0,0,0,0,0,0,0,0,400000,0,0,0,467000,67000,400000,400000
055296,康舒元大97購02  ,0,0,0,0,0,0,0,0,0,399000,0,0,0,719000,320000,399000,399000
055701,亞德客富邦99購01,0,0,0,0,0,0,0,0,0,398000,0,0,0,558000,160000,398000,398000
048509,上証反凱基99購02,0,0,0,0,0,0,0,0,0,398000,0,0,0,399000,1000,398000,398000
05456P,鴻海凱基95售19  ,0,0,0,0,0,0,0,0,0,397000,0,0,0,405000,8000,397000,397000
6288,聯嘉            ,653000,239000,414000,0,0,0,0,0,0,-18000,2000,20000,-18000,0,0,0,396000
055705,微星永豐97購01  ,0,0,0,0,0,0,0,0,0,394000,0,0,0,420000,26000,394000,394000
05566P,景碩永豐96售01  ,0,0,0,0,0,0,0,0,0,394000,0,0,0,404000,10000,394000,394000
2489,瑞軒            ,443000,52000,391000,0,0,0,0,0,0,2000,7000,5000,2000,0,0,0,393000
4958,臻鼎-KY         ,2051000,1617000,434000,0,0,0,1000,0,1000,-46000,150000,200000,-50000,37000,33000,4000,389000
051101,台表科元大96購02,0,0,0,0,0,0,0,0,0,388000,0,0,0,619000,231000,388000,388000
05495P,大立光統一95售07,0,0,0,0,0,0,0,0,0,388000,0,0,0,396000,8000,388000,388000
3504,揚明光          ,294000,47000,247000,0,0,0,0,0,0,141000,0,0,0,142000,1000,141000,388000
2379,瑞昱            ,777065,419000,358065,0,0,0,0,18000,-18000,47000,6000,8000,-2000,85000,36000,49000,387065
1802,台玻            ,459000,73000,386000,0,0,0,0,0,0,1000,1000,0,1000,0,0,0,387000
048704,台表科國票95購01,0,0,0,0,0,0,0,0,0,386000,0,0,0,418000,32000,386000,386000
054671,國巨國泰98購01  ,0,0,0,0,0,0,0,0,0,386000,0,0,0,460000,74000,386000,386000
4967,十銓            ,450000,200000,250000,0,0,0,50000,0,50000,86000,86000,0,86000,0,0,0,386000
6452,康友-KY         ,290000,82000,208000,0,0,0,0,0,0,175000,0,0,0,196000,21000,175000,383000
056070,新日興元大97購04,0,0,0,0,0,0,0,0,0,382000,0,0,0,559000,177000,382000,382000
04595P,臺股指元大94售13,0,0,0,0,0,0,0,0,0,382000,0,0,0,400000,18000,382000,382000
052613,易華電元大96購01,0,0,0,0,0,0,0,0,0,381000,0,0,0,381000,0,381000,381000
054204,元金2X國票9B購02,0,0,0,0,0,0,0,0,0,380000,0,0,0,483000,103000,380000,380000
055763,鎧勝群益97購01  ,0,0,0,0,0,0,0,0,0,379000,0,0,0,506000,127000,379000,379000
055301,台虹元大97購01  ,0,0,0,0,0,0,0,0,0,379000,0,0,0,394000,15000,379000,379000
051913,緯創元大96購01  ,0,0,0,0,0,0,0,0,0,378000,0,0,0,390000,12000,378000,378000
8163,達方            ,496000,110000,386000,0,0,0,0,0,0,-8000,16000,6000,10000,0,18000,-18000,378000
051045,南茂永豐95購01  ,0,0,0,0,0,0,0,0,0,377000,0,0,0,377000,0,377000,377000
051600,新日興兆豐96購02,0,0,0,0,0,0,0,0,0,377000,0,0,0,471000,94000,377000,377000
055451,台積電元富97購02,0,0,0,0,0,0,0,0,0,376000,0,0,0,408000,32000,376000,376000
053761,健策國泰98購01  ,0,0,0,0,0,0,0,0,0,376000,0,0,0,1143000,767000,376000,376000
056398,南茂永豐98購01  ,0,0,0,0,0,0,0,0,0,375000,0,0,0,475000,100000,375000,375000
045414,康控群益94購02  ,0,0,0,0,0,0,0,0,0,374000,0,0,0,545000,171000,374000,374000
056854,友達中信9A購01  ,0,0,0,0,0,0,0,0,0,371000,0,0,0,568000,197000,371000,371000
051667,光磊元大96購02  ,0,0,0,0,0,0,0,0,0,371000,0,0,0,426000,55000,371000,371000
5531,鄉林            ,403000,30000,373000,0,0,0,0,0,0,-2000,0,2000,-2000,0,0,0,371000
046610,義隆國票93購01  ,0,0,0,0,0,0,0,0,0,370000,0,0,0,370000,0,370000,370000
06353P,電子類富邦99售02,0,0,0,0,0,0,0,0,0,369000,0,0,0,390000,21000,369000,369000
053874,台表科元大96購05,0,0,0,0,0,0,0,0,0,368000,0,0,0,606000,238000,368000,368000
046843,上銀永豐93購01  ,0,0,0,0,0,0,0,0,0,366000,0,0,0,371000,5000,366000,366000
046787,和鑫永豐93購01  ,0,0,0,0,0,0,0,0,0,365000,0,0,0,365000,0,365000,365000
2354,鴻準            ,1268000,918000,350000,0,0,0,0,0,0,15000,19000,4000,15000,0,0,0,365000
05942P,奇力新凱基96售04,0,0,0,0,0,0,0,0,0,365000,0,0,0,365000,0,365000,365000
2547,日勝生          ,509000,144000,365000,0,0,0,0,0,0,0,0,0,0,0,0,0,365000
05211P,國巨國票96售05  ,0,0,0,0,0,0,0,0,0,364000,0,0,0,364000,0,364000,364000
05852P,嘉晶群益96售01  ,0,0,0,0,0,0,0,0,0,364000,0,0,0,374000,10000,364000,364000
057107,華新科群益98購06,0,0,0,0,0,0,0,0,0,363000,0,0,0,576000,213000,363000,363000
2369,菱生            ,495000,132000,363000,0,0,0,0,0,0,-1000,5000,6000,-1000,0,0,0,362000
055263,華新科富邦9A購01,0,0,0,0,0,0,0,0,0,361000,0,0,0,730000,369000,361000,361000
055574,美律統一97購01  ,0,0,0,0,0,0,0,0,0,360000,0,0,0,390000,30000,360000,360000
03109P,台積電元大01售41,0,0,0,0,0,0,0,0,0,360000,0,0,0,360000,0,360000,360000
051841,南茂國泰96購01  ,0,0,0,0,0,0,0,0,0,359000,0,0,0,561000,202000,359000,359000
06479P,聯發科中信99售02,0,0,0,0,0,0,0,0,0,359000,0,0,0,360000,1000,359000,359000
1434,福懋            ,854574,532000,322574,0,0,0,1000,0,1000,35000,36000,1000,35000,0,0,0,358574
8131,福懋科          ,457000,44000,413000,0,0,0,0,0,0,-56000,1000,0,1000,19000,76000,-57000,357000
00636,國泰中國A50     ,13000,2000,11000,0,0,0,0,0,0,345000,0,120000,-120000,640000,175000,465000,356000
055008,隆達元富97購01  ,0,0,0,0,0,0,0,0,0,353000,0,0,0,430000,77000,353000,353000
8112,至上            ,895000,537000,358000,0,0,0,0,0,0,-5000,0,5000,-5000,0,0,0,353000
051676,康舒元大95購01  ,0,0,0,0,0,0,0,0,0,352000,0,0,0,422000,70000,352000,352000
052653,臺股指永豐97購01,0,0,0,0,0,0,0,0,0,352000,0,0,0,380000,28000,352000,352000
047410,上銀元富96購01  ,0,0,0,0,0,0,0,0,0,351000,0,0,0,495000,144000,351000,351000
051039,台表科康和95購01,0,0,0,0,0,0,0,0,0,351000,0,0,0,746000,395000,351000,351000
053104,台表科元富96購02,0,0,0,0,0,0,0,0,0,351000,0,0,0,381000,30000,351000,351000
053695,智易元大97購02  ,0,0,0,0,0,0,0,0,0,350000,0,0,0,350000,0,350000,350000
04604P,華新科國票95售01,0,0,0,0,0,0,0,0,0,349000,0,0,0,349000,0,349000,349000
041824,元油2X國票96購01,0,0,0,0,0,0,0,0,0,349000,0,0,0,366000,17000,349000,349000
00783,富邦中証500     ,517000,0,517000,0,0,0,0,0,0,-169104,0,0,0,1072000,1241104,-169104,347896
044588,元金2X統一93購01,0,0,0,0,0,0,0,0,0,347000,0,0,0,367000,20000,347000,347000
3702,大聯大          ,842482,387000,455482,0,0,0,0,15000,-15000,-95000,25000,41000,-16000,0,79000,-79000,345482
051614,元金2X凱基97購01,0,0,0,0,0,0,0,0,0,345000,0,0,0,550000,205000,345000,345000
054313,麗豐凱基96購02  ,0,0,0,0,0,0,0,0,0,345000,0,0,0,347000,2000,345000,345000
03636C,元油2X元富04牛01,0,4000,-4000,0,0,0,0,0,0,348000,0,0,0,463000,115000,348000,344000
047689,瑞昱富邦97購01  ,0,0,0,0,0,0,0,0,0,344000,0,0,0,416000,72000,344000,344000
047466,新光金國泰95購01,0,0,0,0,0,0,0,0,0,342000,0,0,0,432000,90000,342000,342000
053468,鴻海元大98購01  ,0,0,0,0,0,0,0,0,0,342000,0,0,0,502000,160000,342000,342000
1313,聯成            ,428000,86000,342000,0,0,0,0,0,0,0,0,0,0,0,0,0,342000
051168,訊連元大95購02  ,0,0,0,0,0,0,0,0,0,341000,0,0,0,410000,69000,341000,341000
05359P,嘉澤元大95售02  ,0,0,0,0,0,0,0,0,0,340000,0,0,0,442000,102000,340000,340000
052734,台表科國泰98購02,0,0,0,0,0,0,0,0,0,340000,0,0,0,413000,73000,340000,340000
06481P,台積電凱基98售12,0,0,0,0,0,0,0,0,0,340000,0,0,0,340000,0,340000,340000
2867,三商壽          ,708000,84000,624000,0,0,0,0,0,0,-286000,0,286000,-286000,0,0,0,338000
044645,元金2X群益93購01,0,0,0,0,0,0,0,0,0,337000,0,0,0,338000,1000,337000,337000
3704,合勤控          ,609000,274000,335000,0,0,0,0,0,0,2000,0,0,0,2000,0,2000,337000
06203P,奇力新中信98售02,0,0,0,0,0,0,0,0,0,337000,0,0,0,337000,0,337000,337000
055661,亞德客中信98購01,0,0,0,0,0,0,0,0,0,336000,0,0,0,352000,16000,336000,336000
057376,新日興元大98購04,0,0,0,0,0,0,0,0,0,336000,0,0,0,346000,10000,336000,336000
048031,全新凱基93購02  ,0,0,0,0,0,0,0,0,0,334000,0,0,0,334000,0,334000,334000
051426,道瓊反統一95購02,0,0,0,0,0,0,0,0,0,333000,0,0,0,333000,0,333000,333000
2399,映泰            ,343000,14000,329000,0,0,0,0,0,0,4000,5000,1000,4000,0,0,0,333000
050100,台積電永昌96購02,0,0,0,0,0,0,0,0,0,332000,0,0,0,1699000,1367000,332000,332000
055580,南茂統一97購01  ,0,0,0,0,0,0,0,0,0,329000,0,0,0,374000,45000,329000,329000
051825,中環元大95購01  ,0,0,0,0,0,0,0,0,0,329000,0,0,0,345000,16000,329000,329000
2606,裕民            ,357000,331000,26000,0,0,0,2000,0,2000,300000,300000,0,300000,0,0,0,328000
05571P,大立光統一96售03,0,0,0,0,0,0,0,0,0,327000,0,0,0,327000,0,327000,327000
052888,台表科中信9A購01,0,0,0,0,0,0,0,0,0,322000,0,0,0,415000,93000,322000,322000
9958,世紀鋼          ,250000,168000,82000,0,0,0,0,0,0,240000,27000,0,27000,270000,57000,213000,322000
048001,中工元大96購01  ,0,0,0,0,0,0,0,0,0,321000,0,0,0,409000,88000,321000,321000
046561,可成凱基92購11  ,0,0,0,0,0,0,0,0,0,320000,0,0,0,320000,0,320000,320000
052965,廣宇群益97購01  ,0,0,0,0,0,0,0,0,0,320000,0,0,0,333000,13000,320000,320000
04219P,鴻海兆豐93售02  ,0,0,0,0,0,0,0,0,0,319000,0,0,0,319000,0,319000,319000
052344,台表科凱基98購01,0,0,0,0,0,0,0,0,0,318000,0,0,0,458000,140000,318000,318000
8105,凌巨            ,348000,30000,318000,0,0,0,0,0,0,0,0,0,0,0,0,0,318000
006207,FH滬深          ,149000,0,149000,0,0,0,0,0,0,168000,0,0,0,233000,65000,168000,317000
051128,台表科群益95購02,0,0,0,0,0,0,0,0,0,317000,0,0,0,377000,60000,317000,317000
051696,新日興中信96購01,0,0,0,0,0,0,0,0,0,317000,0,0,0,449000,132000,317000,317000
06110P,國巨國泰98售02  ,0,0,0,0,0,0,0,0,0,317000,0,0,0,1031000,714000,317000,317000
050742,新日興永豐94購01,0,0,0,0,0,0,0,0,0,316000,0,0,0,510000,194000,316000,316000
6251,定穎            ,704000,505000,199000,0,0,0,0,0,0,117000,117000,0,117000,0,0,0,316000
056458,日月光凱基98購02,0,0,0,0,0,0,0,0,0,315000,0,0,0,398000,83000,315000,315000
049444,元石油統一94購03,0,0,0,0,0,0,0,0,0,314000,0,0,0,324000,10000,314000,314000
04226P,宏達電元富93售01,0,0,0,0,0,0,0,0,0,313000,0,0,0,313000,0,313000,313000
055006,晶相光元富9A購01,0,0,0,0,0,0,0,0,0,313000,0,0,0,381000,68000,313000,313000
1305,華夏            ,411000,98000,313000,0,0,0,0,0,0,0,0,0,0,0,0,0,313000
047207,晶技國泰94購01  ,0,0,0,0,0,0,0,0,0,312000,0,0,0,324000,12000,312000,312000
053308,智易凱基96購02  ,0,0,0,0,0,0,0,0,0,312000,0,0,0,380000,68000,312000,312000
047861,臺股指國票93購16,0,0,0,0,0,0,0,0,0,311000,0,0,0,311000,0,311000,311000
047028,新日興元大93購02,0,0,0,0,0,0,0,0,0,311000,0,0,0,483000,172000,311000,311000
057390,台表科永豐98購01,0,0,0,0,0,0,0,0,0,310000,0,0,0,360000,50000,310000,310000
054108,台積電凱基96購22,0,0,0,0,0,0,0,0,0,310000,0,0,0,417000,107000,310000,310000
2312,金寶            ,473000,242000,231000,0,0,0,0,0,0,78000,112000,1000,111000,77000,110000,-33000,309000
056146,台虹元大98購01  ,0,0,0,0,0,0,0,0,0,307000,0,0,0,307000,0,307000,307000
044200,群創國票93購01  ,0,0,0,0,0,0,0,0,0,307000,0,0,0,307000,0,307000,307000
051420,康控國票95購05  ,0,0,0,0,0,0,0,0,0,307000,0,0,0,328000,21000,307000,307000
055638,上銀元富97購01  ,0,0,0,0,0,0,0,0,0,306000,0,0,0,411000,105000,306000,306000
055639,上銀元富97購02  ,0,0,0,0,0,0,0,0,0,306000,0,0,0,560000,254000,306000,306000
1514,亞力            ,482000,178000,304000,0,0,0,0,0,0,2000,2000,0,2000,0,0,0,306000
048978,晶相光元大94購02,25000,0,25000,0,0,0,0,0,0,279000,0,0,0,305000,26000,279000,304000
053096,康控統一96購01  ,0,0,0,0,0,0,0,0,0,304000,0,0,0,352000,48000,304000,304000
053035,台表科兆豐97購01,0,0,0,0,0,0,0,0,0,304000,0,0,0,409000,105000,304000,304000
057114,台虹群益98購01  ,0,0,0,0,0,0,0,0,0,303000,0,0,0,303000,0,303000,303000
039900,上証2X國泰92購01,0,0,0,0,0,0,0,0,0,302000,0,0,0,302000,0,302000,302000
2231,為升            ,247000,11000,236000,0,0,0,6000,0,6000,60000,20000,1000,19000,43000,2000,41000,302000
049111,元油2X統一94購03,0,0,0,0,0,0,0,0,0,301000,0,0,0,301000,0,301000,301000
06414P,矽力凱基97售03  ,0,0,0,0,0,0,0,0,0,301000,0,0,0,350000,49000,301000,301000
03751P,旺宏富邦95售01  ,0,0,0,0,0,0,0,0,0,300000,0,0,0,350000,50000,300000,300000
04250P,嘉晶統一95售02  ,0,0,0,0,0,0,0,0,0,300000,0,0,0,350000,50000,300000,300000
04773P,金融類元大94售01,0,0,0,0,0,0,0,0,0,300000,0,0,0,300000,0,300000,300000
04774P,金融類元大94售02,0,0,0,0,0,0,0,0,0,300000,0,0,0,300000,0,300000,300000
047759,復盛元富93購01  ,0,0,0,0,0,0,0,0,0,300000,0,0,0,300000,0,300000,300000
047586,聯發科永豐94購01,0,0,0,0,0,0,0,0,0,300000,0,0,0,300000,0,300000,300000
050957,T50反1台新05購01,0,0,0,0,0,0,0,0,0,300000,0,0,0,300000,0,300000,300000
049636,上証反凱基9A購01,0,0,0,0,0,0,0,0,0,300000,0,0,0,300000,0,300000,300000
05305P,華新科國泰97售01,0,0,0,0,0,0,0,0,0,300000,0,0,0,300000,0,300000,300000
054747,麗豐凱基98購01  ,0,0,0,0,0,0,0,0,0,300000,0,0,0,300000,0,300000,300000
1440,南紡            ,472000,169000,303000,0,0,0,0,0,0,-3000,0,3000,-3000,0,0,0,300000
6196,帆宣            ,403000,122000,281000,0,0,0,0,0,0,19000,17000,0,17000,19000,17000,2000,300000
04394P,臻鼎凱基94售01  ,0,0,0,0,0,0,0,0,0,299000,0,0,0,300000,1000,299000,299000
050528,瑞儀元大94購02  ,0,0,0,0,0,0,0,0,0,299000,0,0,0,299000,0,299000,299000
050600,瑞儀國泰95購01  ,0,0,0,0,0,0,0,0,0,299000,0,0,0,299000,0,299000,299000
05162P,玉晶光國票96售03,0,0,0,0,0,0,0,0,0,299000,0,0,0,309000,10000,299000,299000
053992,中環群益96購01  ,0,0,0,0,0,0,0,0,0,299000,0,0,0,411000,112000,299000,299000
2838,聯邦銀          ,676000,377000,299000,0,0,0,0,0,0,0,0,0,0,0,0,0,299000
049067,元油2X凱基94購02,0,0,0,0,0,0,0,0,0,298000,0,0,0,348000,50000,298000,298000
04885P,大立光凱基94售19,0,0,0,0,0,0,0,0,0,298000,0,0,0,300000,2000,298000,298000
054545,奇力新中信98購01,0,0,0,0,0,0,0,0,0,298000,0,0,0,351000,53000,298000,298000
06272P,台郡凱基97售04  ,0,0,0,0,0,0,0,0,0,298000,0,0,0,300000,2000,298000,298000
00678,群益NBI生技     ,0,0,0,0,0,0,0,0,0,297000,0,0,0,306000,9000,297000,297000
05266P,華新科元大95售11,0,0,0,0,0,0,0,0,0,297000,0,0,0,407000,110000,297000,297000
053666,臺股指凱基96購29,0,0,0,0,0,0,0,0,0,297000,0,0,0,327000,30000,297000,297000
03398P,瑞昱中信06售03  ,0,0,0,0,0,0,0,0,0,295000,0,0,0,295000,0,295000,295000
053227,晶技台新96購01  ,0,0,0,0,0,0,0,0,0,295000,0,0,0,299000,4000,295000,295000
2809,京城銀          ,841000,893000,-52000,0,0,0,0,0,0,346000,346000,0,346000,0,0,0,294000
04288P,台積電中信95售06,0,0,0,0,0,0,0,0,0,293000,0,0,0,293000,0,293000,293000
03960P,新日興元富96售02,0,0,0,0,0,0,0,0,0,293000,0,0,0,308000,15000,293000,293000
04737P,正崴永豐94售02  ,0,0,0,0,0,0,0,0,0,293000,0,0,0,293000,0,293000,293000
053964,上銀元大96購05  ,0,0,0,0,0,0,0,0,0,293000,0,0,0,421000,128000,293000,293000
042168,台灣50凱基96購01,0,0,0,0,0,0,0,0,0,292000,0,0,0,301000,9000,292000,292000
050416,高股息凱基96購02,0,0,0,0,0,0,0,0,0,290000,0,0,0,290000,0,290000,290000
2102,泰豐            ,499000,210000,289000,0,0,0,0,0,0,0,0,0,0,0,0,0,289000
055712,金寶元大97購02  ,0,0,0,0,0,0,0,0,0,287000,0,0,0,343000,56000,287000,287000
049680,臺股指國票94購13,0,0,0,0,0,0,0,0,0,287000,0,0,0,328000,41000,287000,287000
052212,可成元大95購11  ,0,0,0,0,0,0,0,0,0,287000,0,0,0,340000,53000,287000,287000
4564,元翎            ,312000,25000,287000,0,0,0,0,0,0,0,0,0,0,0,0,0,287000
050535,台表科群益94購02,0,0,0,0,0,0,0,0,0,286000,0,0,0,356000,70000,286000,286000
05029P,鴻海元富95售04  ,0,0,0,0,0,0,0,0,0,286000,0,0,0,301000,15000,286000,286000
06012P,世芯國票96售01  ,0,0,0,0,0,0,0,0,0,285000,0,0,0,570000,285000,285000,285000
05844P,旺宏元大96售07  ,0,15000,-15000,0,0,0,0,0,0,300000,0,0,0,825000,525000,300000,285000
057266,TPK兆豐98購02   ,0,0,0,0,0,0,0,0,0,284000,0,0,0,341000,57000,284000,284000
055098,臺股指群益97購01,0,0,0,0,0,0,0,0,0,283000,0,0,0,283000,0,283000,283000
053911,臺股指凱基96購31,0,0,0,0,0,0,0,0,0,282000,0,0,0,312000,30000,282000,282000
052415,台表科麥證95購02,0,0,0,286000,0,286000,0,0,0,282000,0,0,0,286000,4000,282000,282000
052981,鴻海元大97購05  ,0,0,0,0,0,0,0,0,0,282000,0,0,0,540000,258000,282000,282000
04121P,宏碁凱基93售02  ,0,0,0,0,0,0,0,0,0,280000,0,0,0,280000,0,280000,280000
04296P,技嘉元大93售01  ,0,0,0,0,0,0,0,0,0,280000,0,0,0,300000,20000,280000,280000
049132,大成鋼元大94購01,0,0,0,0,0,0,0,0,0,280000,0,0,0,280000,0,280000,280000
051549,健鼎永豐95購01  ,0,0,0,0,0,0,0,0,0,280000,0,0,0,280000,0,280000,280000
053260,喬山群益96購01  ,0,0,0,0,0,0,0,0,0,280000,0,0,0,387000,107000,280000,280000
053999,台表科群益96購06,0,0,0,0,0,0,0,0,0,280000,0,0,0,383000,103000,280000,280000
2375,凱美            ,361000,126000,235000,0,0,0,0,0,0,44000,0,0,0,83000,39000,44000,279000
03647P,京元電元富95售02,0,0,0,0,0,0,0,0,0,278000,0,0,0,294000,16000,278000,278000
051187,晶相光永豐95購01,0,0,0,0,0,0,0,0,0,278000,0,0,0,398000,120000,278000,278000
6670,復盛應用        ,488400,187000,301400,0,0,0,3000,5000,-2000,-23000,5000,0,5000,10000,38000,-28000,276400
050601,台表科國泰96購01,0,0,0,0,0,0,0,0,0,276000,0,0,0,398000,122000,276000,276000
051749,矽力國泰97購01  ,0,0,0,0,0,0,0,0,0,276000,0,0,0,366000,90000,276000,276000
053394,鴻海中信9A購01  ,0,0,0,0,0,0,0,0,0,276000,0,0,0,279000,3000,276000,276000
055300,緯穎元大98購01  ,0,0,0,0,0,0,0,0,0,275000,0,0,0,656000,381000,275000,275000
01003T,兆豐新光R1      ,294000,19000,275000,0,0,0,0,0,0,0,0,0,0,0,0,0,275000
054336,台積電統一96購11,0,0,0,0,0,0,0,0,0,275000,0,0,0,340000,65000,275000,275000
047904,臺指反元大96購01,0,0,0,0,0,0,0,0,0,274000,0,0,0,309000,35000,274000,274000
056754,智易兆豐99購01  ,0,0,0,0,0,0,0,0,0,273000,0,0,0,273000,0,273000,273000
047234,晶技凱基93購01  ,0,0,0,0,0,0,0,0,0,273000,0,0,0,273000,0,273000,273000
04410P,大立光統一94售05,0,0,0,0,0,0,0,0,0,272000,0,0,0,272000,0,272000,272000
056485,同欣電元大98購01,0,0,0,0,0,0,0,0,0,271000,0,0,0,397000,126000,271000,271000
05761P,嘉澤永豐96售01  ,0,0,0,0,0,0,0,0,0,271000,0,0,0,320000,49000,271000,271000
055680,美律凱基99購01  ,0,0,0,0,0,0,0,0,0,270000,0,0,0,357000,87000,270000,270000
048442,友訊凱基94購01  ,0,0,0,0,0,0,0,0,0,270000,0,0,0,854000,584000,270000,270000
051842,大成鋼富邦97購01,0,0,0,0,0,0,0,0,0,270000,0,0,0,270000,0,270000,270000
2889,國票金          ,417000,149000,268000,0,0,0,0,0,0,2000,2000,0,2000,0,0,0,270000
055422,康控永豐97購01  ,0,0,0,0,0,0,0,0,0,269000,0,0,0,412000,143000,269000,269000
057195,南茂元大98購01  ,0,0,0,0,0,0,0,0,0,269000,0,0,0,356000,87000,269000,269000
057315,台灣50康和9A購03,0,0,0,0,0,0,0,0,0,269000,0,0,0,269000,0,269000,269000
042501,台灣50凱基96購06,0,0,0,0,0,0,0,0,0,269000,0,0,0,272000,3000,269000,269000
048979,晶相光元大94購03,0,0,0,0,0,0,0,0,0,269000,0,0,0,313000,44000,269000,269000
054591,GIS國泰98購01   ,0,0,0,0,0,0,0,0,0,269000,0,0,0,269000,0,269000,269000
046196,欣興凱基92購04  ,0,0,0,0,0,0,0,0,0,268000,0,0,0,268000,0,268000,268000
051050,鴻海群益95購03  ,0,0,0,0,0,0,0,0,0,268000,0,0,0,304000,36000,268000,268000
050065,冠德凱基94購01  ,0,0,0,0,0,0,0,0,0,268000,0,0,0,268000,0,268000,268000
052923,台積電永豐96購02,0,0,0,0,0,0,0,0,0,268000,0,0,0,525000,257000,268000,268000
2105,正新            ,986230,799000,187230,0,0,0,3000,0,3000,75000,55000,2000,53000,22000,0,22000,265230
048891,傳奇元富97購02  ,0,0,0,0,0,0,0,0,0,265000,0,0,0,275000,10000,265000,265000
05178P,大立光凱基96售05,0,0,0,0,0,0,0,0,0,265000,0,0,0,310000,45000,265000,265000
054122,康友永豐96購01  ,0,0,0,0,0,0,0,0,0,265000,0,0,0,347000,82000,265000,265000
06323P,台郡統一97售01  ,0,0,0,0,0,0,0,0,0,265000,0,0,0,289000,24000,265000,265000
054745,智易凱基97購01  ,0,0,0,0,0,0,0,0,0,264000,0,0,0,354000,90000,264000,264000
049069,元油2X凱基95購04,0,0,0,0,0,0,0,0,0,263000,0,0,0,263000,0,263000,263000
05501P,健策國票97售01  ,0,0,0,0,0,0,0,0,0,263000,0,0,0,772000,509000,263000,263000
048079,燿華日盛93購01  ,0,0,0,0,0,0,0,0,0,262000,0,0,0,262000,0,262000,262000
04914P,國巨國泰95售06  ,0,0,0,0,0,0,0,0,0,262000,0,0,0,1382000,1120000,262000,262000
06233P,訊芯永豐97售03  ,0,0,0,0,0,0,0,0,0,262000,0,0,0,353000,91000,262000,262000
055151,台積電元大98購05,0,0,0,0,0,0,0,0,0,261000,0,0,0,564000,303000,261000,261000
053454,創意統一96購02  ,0,0,0,0,0,0,0,0,0,261000,0,0,0,261000,0,261000,261000
056516,晶豪科兆豐98購01,0,0,0,0,0,0,0,0,0,260000,0,0,0,503000,243000,260000,260000
050453,創意元大95購03  ,0,0,0,0,0,0,0,0,0,260000,0,0,0,260000,0,260000,260000
053619,和碩群益96購01  ,0,0,0,0,0,0,0,0,0,259000,0,0,0,315000,56000,259000,259000
053354,康控兆豐97購02  ,0,0,0,0,0,0,0,0,0,259000,0,0,0,283000,24000,259000,259000
056042,京鼎凱基97購02  ,0,0,0,0,0,0,0,0,0,256000,0,0,0,256000,0,256000,256000
056048,同欣電兆豐97購01,0,0,0,0,0,0,0,0,0,255000,0,0,0,375000,120000,255000,255000
045994,康控富邦94購01  ,0,0,0,0,0,0,0,0,0,255000,0,0,0,255000,0,255000,255000
052647,晶技永豐97購01  ,0,0,0,0,0,0,0,0,0,254000,0,0,0,256000,2000,254000,254000
054158,國巨日盛99購01  ,0,0,0,0,0,0,0,0,0,254000,0,0,0,724000,470000,254000,254000
053939,台表科元富96購03,0,0,0,0,0,0,0,0,0,254000,0,0,0,310000,56000,254000,254000
5469,瀚宇博          ,548000,332000,216000,0,0,0,0,0,0,38000,7000,20000,-13000,52000,1000,51000,254000
056381,台虹元富98購01  ,0,0,0,0,0,0,0,0,0,253000,0,0,0,253000,0,253000,253000
057452,新日興元富98購01,0,0,0,0,0,0,0,0,0,252000,0,0,0,268000,16000,252000,252000
056180,南茂元富97購01  ,0,0,0,0,0,0,0,0,0,252000,0,0,0,252000,0,252000,252000
054633,臺股指凱基9A購02,0,0,0,0,0,0,0,0,0,252000,0,0,0,437000,185000,252000,252000
048059,欣興國泰95購01  ,0,0,0,0,0,0,0,0,0,251000,0,0,0,263000,12000,251000,251000
045480,滬深2X中信94購01,0,0,0,0,0,0,0,0,0,250000,0,0,0,250000,0,250000,250000
049797,台積電元大94購17,0,0,0,0,0,0,0,0,0,250000,0,0,0,446000,196000,250000,250000
051048,臺指反群益96購01,0,0,0,0,0,0,0,0,0,250000,0,0,0,250000,0,250000,250000
055097,福懋科群益97購01,0,0,0,0,0,0,0,0,0,249000,0,0,0,290000,41000,249000,249000
048564,智易元大94購01  ,0,0,0,0,0,0,0,0,0,249000,0,0,0,249000,0,249000,249000
04991P,台表科元大94售05,0,0,0,0,0,0,0,0,0,249000,0,0,0,249000,0,249000,249000
04966P,台表科元大94售04,0,0,0,0,0,0,0,0,0,249000,0,0,0,249000,0,249000,249000
052614,聯電國泰97購01  ,0,0,0,0,0,0,0,0,0,249000,0,0,0,249000,0,249000,249000
1722,台肥            ,474000,141000,333000,0,0,0,1000,0,1000,-85000,0,0,0,6000,91000,-85000,249000
053626,台積電兆豐96購03,0,0,0,0,0,0,0,0,0,248000,0,0,0,687000,439000,248000,248000
6139,亞翔            ,271000,24000,247000,0,0,0,0,0,0,1000,0,0,0,5000,4000,1000,248000
056086,奇力新統一98購01,0,0,0,0,0,0,0,0,0,247000,0,0,0,329000,82000,247000,247000
053259,卜蜂群益97購01  ,0,0,0,0,0,0,0,0,0,247000,0,0,0,288000,41000,247000,247000
052810,易華電元大96購02,0,0,0,0,0,0,0,0,0,247000,0,0,0,258000,11000,247000,247000
055840,南亞科元大97購03,0,0,0,0,0,0,0,0,0,246000,0,0,0,364000,118000,246000,246000
047495,新日興元富96購01,0,0,0,0,0,0,0,0,0,246000,0,0,0,300000,54000,246000,246000
9904,寶成            ,2373000,2099000,274000,0,0,0,20000,5000,15000,-43000,5000,74000,-69000,46000,20000,26000,246000
049996,元油2X永豐94購05,0,0,0,0,0,0,0,0,0,245000,0,0,0,255000,10000,245000,245000
056324,南亞科兆豐98購01,0,0,0,0,0,0,0,0,0,244000,0,0,0,290000,46000,244000,244000
04993P,上銀兆豐96售01  ,0,0,0,0,0,0,0,0,0,244000,0,0,0,425000,181000,244000,244000
053092,台表科元大97購02,0,0,0,0,0,0,0,0,0,244000,0,0,0,254000,10000,244000,244000
054215,創意國票97購02  ,0,0,0,0,0,0,0,0,0,244000,0,0,0,249000,5000,244000,244000
00651R,FH香港反1       ,10000,0,10000,0,0,0,0,0,0,232000,0,0,0,429000,197000,232000,242000
049987,智易凱基94購03  ,0,0,0,0,0,0,0,0,0,242000,0,0,0,310000,68000,242000,242000
050325,台積電永豐94購05,0,0,0,0,0,0,0,0,0,242000,0,0,0,275000,33000,242000,242000
054318,台虹凱基98購01  ,0,0,0,0,0,0,0,0,0,242000,0,0,0,244000,2000,242000,242000
06624P,訊芯元大98售06  ,0,0,0,0,0,0,0,0,0,242000,0,0,0,270000,28000,242000,242000
056982,華新科群益98購05,0,0,0,0,0,0,0,0,0,241000,0,0,0,1098000,857000,241000,241000
047872,貿聯永豐93購02  ,0,0,0,0,0,0,0,0,0,241000,0,0,0,241000,0,241000,241000
2929,淘帝-KY         ,288000,50000,238000,0,0,0,0,0,0,3000,0,0,0,4000,1000,3000,241000
2481,強茂            ,424000,191000,233000,0,0,0,0,0,0,8000,1000,0,1000,26000,19000,7000,241000
056362,聯發科元大99購01,0,0,0,0,0,0,0,0,0,240000,0,0,0,790000,550000,240000,240000
051025,晶華統一95購01  ,0,0,0,0,0,0,0,0,0,240000,0,0,0,245000,5000,240000,240000
049389,元石油中信97購02,10000,0,10000,0,0,0,0,0,0,230000,0,0,0,255000,25000,230000,240000
054675,美律台新98購01  ,0,0,0,0,0,0,0,0,0,240000,0,0,0,250000,10000,240000,240000
051405,世芯永豐95購01  ,0,0,0,0,0,0,0,0,0,239000,0,0,0,622000,383000,239000,239000
05331P,上証2X國票96售01,0,0,0,0,0,0,0,0,0,239000,0,0,0,452000,213000,239000,239000
4119,旭富            ,843000,746000,97000,0,0,0,75000,0,75000,67000,0,1000,-1000,72000,4000,68000,239000
045757,台表科國泰93購03,0,0,0,0,0,0,0,0,0,238000,0,0,0,238000,0,238000,238000
049570,華新科統一94購04,0,0,0,0,0,0,0,0,0,238000,0,0,0,502000,264000,238000,238000
050558,台積電統一94購14,0,0,0,0,0,0,0,0,0,238000,0,0,0,238000,0,238000,238000
050750,上銀統一94購02  ,0,0,0,0,0,0,0,0,0,238000,0,0,0,238000,0,238000,238000
056922,全新兆豐99購01  ,0,0,0,0,0,0,0,0,0,237000,0,0,0,360000,123000,237000,237000
048418,瑞昱統一93購04  ,0,0,0,0,0,0,0,0,0,237000,0,0,0,237000,0,237000,237000
050988,廣達富邦95購01  ,0,0,0,0,0,0,0,0,0,237000,0,0,0,237000,0,237000,237000
049026,晶相光群益94購01,0,0,0,0,0,0,0,0,0,237000,0,0,0,396000,159000,237000,237000
054900,金寶康和97購01  ,0,0,0,0,0,0,0,0,0,237000,0,0,0,397000,160000,237000,237000
055005,晶相光元富97購01,0,0,0,0,0,0,0,0,0,236000,0,0,0,265000,29000,236000,236000
05370P,矽創元富95售01  ,0,0,0,0,0,0,0,0,0,236000,0,0,0,236000,0,236000,236000
056268,新日興統一97購01,0,0,0,0,0,0,0,0,0,235000,0,0,0,235000,0,235000,235000
055185,晶相光統一97購01,0,0,0,0,0,0,0,0,0,235000,0,0,0,235000,0,235000,235000
048407,貿聯群益93購04  ,0,0,0,0,0,0,0,0,0,235000,0,0,0,235000,0,235000,235000
6414,樺漢            ,191000,51000,140000,0,0,0,31000,0,31000,64000,47000,69000,-22000,118000,32000,86000,235000
055289,泰碩元大98購01  ,0,0,0,0,0,0,0,0,0,234000,0,0,0,244000,10000,234000,234000
3049,和鑫            ,521000,372000,149000,0,0,0,0,0,0,85000,1000,1000,0,119000,34000,85000,234000
055648,可成元富97購01  ,0,0,0,0,0,0,0,0,0,233000,0,0,0,365000,132000,233000,233000
055844,大毅元大98購01  ,0,1000,-1000,0,0,0,0,0,0,234000,0,0,0,531000,297000,234000,233000
057237,群創凱基9B購02  ,0,0,0,0,0,0,0,0,0,233000,0,0,0,400000,167000,233000,233000
04162P,南亞科統一94售02,0,0,0,0,0,0,0,0,0,233000,0,0,0,307000,74000,233000,233000
047883,臺股指永昌93購01,0,0,0,0,0,0,0,0,0,233000,0,0,0,233000,0,233000,233000
2419,仲琦            ,346000,113000,233000,0,0,0,0,0,0,0,0,0,0,0,0,0,233000
057546,台積電凱基02購01,0,0,0,0,0,0,0,0,0,233000,0,0,0,538000,305000,233000,233000
050327,泰鼎永豐94購03  ,0,0,0,0,0,0,0,0,0,232000,0,0,0,232000,0,232000,232000
053727,麗豐凱基97購01  ,0,0,0,0,0,0,0,0,0,232000,0,0,0,300000,68000,232000,232000
06245P,健策元富97售03  ,0,0,0,0,0,0,0,0,0,231000,0,0,0,268000,37000,231000,231000
1809,中釉            ,257000,26000,231000,0,0,0,0,0,0,0,0,0,0,0,0,0,231000
056529,中環凱基98購01  ,0,0,0,0,0,0,0,0,0,230000,0,0,0,230000,0,230000,230000
05037P,華新科元大95售09,0,0,0,0,0,0,0,0,0,230000,0,0,0,290000,60000,230000,230000
1905,華紙            ,268000,35000,233000,0,0,0,0,0,0,-3000,6000,9000,-3000,0,0,0,230000
06553P,訊芯元大98售05  ,0,0,0,0,0,0,0,0,0,230000,0,0,0,230000,0,230000,230000
056206,泰鼎永豐97購01  ,0,0,0,0,0,0,0,0,0,229000,0,0,0,240000,11000,229000,229000
049785,華新科兆豐95購01,0,0,0,0,0,0,0,0,0,228000,0,0,0,541000,313000,228000,228000
054507,鈺齊永豐96購01  ,0,0,0,0,0,0,0,0,0,228000,0,0,0,310000,82000,228000,228000
05801P,正崴兆豐96售01  ,0,0,0,0,0,0,0,0,0,228000,0,0,0,242000,14000,228000,228000
03769P,聯發科元大93售04,0,0,0,0,0,0,0,0,0,227000,0,0,0,337000,110000,227000,227000
049903,大立光元富94購06,0,0,0,0,0,0,0,0,0,226000,0,0,0,500000,274000,226000,226000
051583,可成元大95購07  ,0,0,0,0,0,0,0,0,0,226000,0,0,0,228000,2000,226000,226000
05263P,台積電元大96售09,0,0,0,0,0,0,0,0,0,226000,0,0,0,241000,15000,226000,226000
055378,晶相光元大97購02,0,0,0,0,0,0,0,0,0,225000,0,0,0,539000,314000,225000,225000
051826,智邦元大95購03  ,0,0,0,0,0,0,0,0,0,225000,0,0,0,478000,253000,225000,225000
051827,智邦元大95購04  ,0,0,0,0,0,0,0,0,0,225000,0,0,0,430000,205000,225000,225000
053261,國巨群益96購05  ,0,0,0,0,0,0,0,0,0,225000,0,0,0,225000,0,225000,225000
06225P,華新科元富97售04,0,0,0,0,0,0,0,0,0,225000,0,0,0,409000,184000,225000,225000
054345,世芯國票96購02  ,0,0,0,0,0,0,0,0,0,224000,0,0,0,320000,96000,224000,224000
054074,健策富邦98購01  ,0,0,0,0,0,0,0,0,0,224000,0,0,0,1197000,973000,224000,224000
055821,勤誠國票98購01  ,0,0,0,0,0,0,0,0,0,223000,0,0,0,328000,105000,223000,223000
05650P,台積電富邦96售01,0,0,0,0,0,0,0,0,0,223000,0,0,0,450000,227000,223000,223000
06378P,國巨統一97售08  ,0,0,0,0,0,0,0,0,0,223000,0,0,0,297000,74000,223000,223000
054843,中環兆豐97購01  ,0,0,0,0,0,0,0,0,0,222000,0,0,0,240000,18000,222000,222000
056269,新日興統一98購01,0,0,0,0,0,0,0,0,0,221000,0,0,0,291000,70000,221000,221000
053734,友達中信98購02  ,0,0,0,0,0,0,0,0,0,221000,0,0,0,564000,343000,221000,221000
2441,超豐            ,204000,30000,174000,0,0,0,0,0,0,46000,57000,11000,46000,0,0,0,220000
055891,鴻海統一9A購01  ,0,0,0,0,0,0,0,0,0,219000,0,0,0,812000,593000,219000,219000
1711,永光            ,265000,46000,219000,0,0,0,0,0,0,0,0,0,0,0,0,0,219000
050593,台表科永豐94購03,0,0,0,0,0,0,0,0,0,218000,0,0,0,228000,10000,218000,218000
056955,台灣50永豐98購01,0,0,0,0,0,0,0,0,0,217000,0,0,0,560000,343000,217000,217000
052931,麗豐元大97購01  ,0,0,0,0,0,0,0,0,0,217000,0,0,0,220000,3000,217000,217000
053009,大成鋼統一96購02,0,0,0,0,0,0,0,0,0,217000,0,0,0,217000,0,217000,217000
050560,聯詠統一94購02  ,0,0,0,0,0,0,0,0,0,216000,0,0,0,216000,0,216000,216000
052104,英業達兆豐96購01,0,0,0,0,0,0,0,0,0,216000,0,0,0,236000,20000,216000,216000
054550,旺宏凱基98購02  ,0,0,0,0,0,0,0,0,0,216000,0,0,0,230000,14000,216000,216000
05536P,奇力新元大96售03,0,0,0,0,0,0,0,0,0,215000,0,0,0,240000,25000,215000,215000
046645,技嘉國泰94購01  ,0,0,0,0,0,0,0,0,0,215000,0,0,0,1148000,933000,215000,215000
050309,亞泥兆豐94購01  ,0,0,0,0,0,0,0,0,0,215000,0,0,0,245000,30000,215000,215000
056158,新日興凱基98購02,0,0,0,0,0,0,0,0,0,214000,0,0,0,337000,123000,214000,214000
047196,上銀統一97購01  ,0,0,0,0,0,0,0,0,0,214000,0,0,0,280000,66000,214000,214000
043921,台表科凱基93購01,0,0,0,0,0,0,0,0,0,214000,0,0,0,214000,0,214000,214000
9933,中鼎            ,462000,31000,431000,0,0,0,0,218000,-218000,1000,1000,0,1000,0,0,0,214000
054103,T50反1凱基99購04,0,0,0,0,0,0,0,0,0,213000,0,0,0,289000,76000,213000,213000
047969,台達電富邦97購01,0,0,0,0,0,0,0,0,0,212000,0,0,0,247000,35000,212000,212000
1532,勤美            ,263000,51000,212000,0,0,0,0,0,0,0,0,0,0,0,0,0,212000
049136,華通元大95購01  ,0,0,0,0,0,0,0,0,0,211000,0,0,0,254000,43000,211000,211000
056060,宏達電元大99購01,0,0,0,0,0,0,0,0,0,210000,0,0,0,212000,2000,210000,210000
03763P,聯發科元富96售01,0,0,0,0,0,0,0,0,0,210000,0,0,0,230000,20000,210000,210000
051911,大立光元大98購02,0,0,0,0,0,0,0,0,0,210000,0,0,0,345000,135000,210000,210000
054179,上海銀台新97購01,0,0,0,0,0,0,0,0,0,210000,0,0,0,250000,40000,210000,210000
052807,貿聯元大98購01  ,0,0,0,0,0,0,0,0,0,210000,0,0,0,236000,26000,210000,210000
053751,康控永豐96購02  ,0,0,0,0,0,0,0,0,0,210000,0,0,0,273000,63000,210000,210000
05363P,臺股指富邦95售03,0,0,0,0,0,0,0,0,0,210000,0,0,0,300000,90000,210000,210000
053286,臺股指元大96購14,0,0,0,0,0,0,0,0,0,210000,0,0,0,210000,0,210000,210000
2363,矽統            ,323000,117000,206000,0,0,0,0,0,0,4000,4000,0,4000,0,0,0,210000
055325,佐登國票98購01  ,0,0,0,0,0,0,0,0,0,209000,0,0,0,353000,144000,209000,209000
056509,晶相光永豐98購01,0,0,0,0,0,0,0,0,0,209000,0,0,0,322000,113000,209000,209000
056976,喬山群益98購01  ,0,111000,-111000,0,0,0,0,0,0,319000,0,0,0,319000,0,319000,208000
046336,致新元大92購02  ,0,0,0,0,0,0,0,0,0,208000,0,0,0,208000,0,208000,208000
049783,元油2X兆豐95購01,0,0,0,0,0,0,0,0,0,208000,0,0,0,208000,0,208000,208000
052577,台積電統一96購01,0,0,0,0,0,0,0,0,0,208000,0,0,0,226000,18000,208000,208000
047911,晶技麥證94購01  ,0,0,0,207000,0,207000,0,0,0,207000,0,0,0,207000,0,207000,207000
055089,金寶群益98購01  ,0,0,0,0,0,0,0,0,0,206000,0,0,0,278000,72000,206000,206000
047212,宏達電富邦97購01,0,0,0,0,0,0,0,0,0,206000,0,0,0,209000,3000,206000,206000
055189,台虹統一97購01  ,0,0,0,0,0,0,0,0,0,205000,0,0,0,205000,0,205000,205000
044291,群創凱基93購06  ,0,0,0,0,0,0,0,0,0,205000,0,0,0,565000,360000,205000,205000
053820,大立光群益96購05,0,0,0,0,0,0,0,0,0,205000,0,0,0,240000,35000,205000,205000
06622P,牧德元大98售01  ,0,0,0,0,0,0,0,0,0,205000,0,0,0,350000,145000,205000,205000
057284,新日興元大98購03,0,0,0,0,0,0,0,0,0,204000,0,0,0,284000,80000,204000,204000
9907,統一實          ,280000,76000,204000,0,0,0,0,0,0,0,0,0,0,0,0,0,204000
056275,國巨國泰98購04  ,0,0,0,0,0,0,0,0,0,203000,0,0,0,637000,434000,203000,203000
051284,上銀統一95購02  ,0,0,0,0,0,0,0,0,0,203000,0,0,0,203000,0,203000,203000
057080,華新科統一99購02,0,0,0,0,0,0,0,0,0,202000,0,0,0,348000,146000,202000,202000
03635C,滬深2X元富99牛01,0,0,0,0,0,0,0,0,0,202000,0,0,0,239000,37000,202000,202000
051611,鈺齊群益95購02  ,0,0,0,0,0,0,0,0,0,202000,0,0,0,202000,0,202000,202000
053828,貿聯麥證96購01  ,0,0,0,229000,27000,202000,0,0,0,202000,0,0,0,229000,27000,202000,202000
053834,卜蜂永豐96購01  ,0,0,0,0,0,0,0,0,0,202000,0,0,0,222000,20000,202000,202000
054046,義隆元大96購02  ,0,0,0,0,0,0,0,0,0,202000,0,0,0,558000,356000,202000,202000
05315P,鴻海永昌96售08  ,0,0,0,0,0,0,0,0,0,202000,0,0,0,756000,554000,202000,202000
1103,嘉泥            ,390000,188000,202000,0,0,0,0,0,0,0,1000,1000,0,0,0,0,202000
043909,台光電凱基93購01,0,0,0,0,0,0,0,0,0,201000,0,0,0,201000,0,201000,201000
05009P,大立光元富95售06,0,0,0,0,0,0,0,0,0,201000,0,0,0,227000,26000,201000,201000
056998,麗豐康和98購01  ,0,0,0,0,0,0,0,0,0,200000,0,0,0,268000,68000,200000,200000
055854,群創元大98購04  ,0,0,0,0,0,0,0,0,0,200000,0,0,0,207000,7000,200000,200000
055511,大立光兆豐97購02,0,0,0,0,0,0,0,0,0,200000,0,0,0,202000,2000,200000,200000
055521,S&P反1群益01購01,0,0,0,0,0,0,0,0,0,200000,0,0,0,200000,0,200000,200000
04392P,牧德凱基94售05  ,0,0,0,0,0,0,0,0,0,200000,0,0,0,200000,0,200000,200000
044493,京元電元大92購02,0,0,0,0,0,0,0,0,0,200000,0,0,0,200000,0,200000,200000
047370,聯發科國票93購03,0,0,0,0,0,0,0,0,0,200000,0,0,0,200000,0,200000,200000
03882P,鴻海元大93售10  ,0,0,0,0,0,0,0,0,0,200000,0,0,0,200000,0,200000,200000
04066P,京元電凱基93售02,0,0,0,0,0,0,0,0,0,200000,0,0,0,200000,0,200000,200000
04589P,祥碩永豐94售01  ,0,0,0,0,0,0,0,0,0,200000,0,0,0,200000,0,200000,200000
043171,冠德國泰93購01  ,0,0,0,0,0,0,0,0,0,200000,0,0,0,200000,0,200000,200000
046310,聯發科元大92購15,0,0,0,0,0,0,0,0,0,200000,0,0,0,200000,0,200000,200000
048125,和鑫元大96購01  ,0,0,0,0,0,0,0,0,0,200000,0,0,0,200000,0,200000,200000
046775,聯發科台新93購01,0,0,0,0,0,0,0,0,0,200000,0,0,0,200000,0,200000,200000
047580,TPK群益94購01   ,0,0,0,0,0,0,0,0,0,200000,0,0,0,200000,0,200000,200000
050507,聯詠凱基94購06  ,0,0,0,0,0,0,0,0,0,200000,0,0,0,200000,0,200000,200000
051981,南茂凱基96購01  ,0,0,0,0,0,0,0,0,0,200000,0,0,0,200000,0,200000,200000
049472,楠梓電永豐95購01,0,0,0,0,0,0,0,0,0,200000,0,0,0,300000,100000,200000,200000
052612,康舒元大97購01  ,0,0,0,0,0,0,0,0,0,200000,0,0,0,272000,72000,200000,200000
053909,致伸凱基97購01  ,0,0,0,0,0,0,0,0,0,200000,0,0,0,200000,0,200000,200000
054305,光磊凱基98購01  ,0,0,0,0,0,0,0,0,0,200000,0,0,0,200000,0,200000,200000
2023,燁輝            ,247000,42000,205000,0,0,0,0,0,0,-5000,0,5000,-5000,0,0,0,200000
06536P,臺股指群益98售04,0,0,0,0,0,0,0,0,0,200000,0,0,0,200000,0,200000,200000
056937,智原元富98購01  ,0,0,0,0,0,0,0,0,0,199000,0,0,0,199000,0,199000,199000
042942,永冠國票94購01  ,0,0,0,0,0,0,0,0,0,199000,0,0,0,199000,0,199000,199000
054081,聯電元富96購01  ,0,0,0,0,0,0,0,0,0,199000,0,0,0,303000,104000,199000,199000
2206,三陽工業        ,175000,6000,169000,0,0,0,0,0,0,30000,30000,0,30000,0,0,0,199000
057515,智原元富98購02  ,0,0,0,0,0,0,0,0,0,199000,0,0,0,199000,0,199000,199000
047206,元金2X國泰94購01,0,0,0,0,0,0,0,0,0,198000,0,0,0,339000,141000,198000,198000
052244,廣達康和95購01  ,0,0,0,0,0,0,0,0,0,198000,0,0,0,198000,0,198000,198000
05669P,嘉晶永豐96售03  ,0,0,0,0,0,0,0,0,0,197000,0,0,0,197000,0,197000,197000
055368,台積電元大97購24,0,0,0,0,0,0,0,0,0,197000,0,0,0,1617000,1420000,197000,197000
048618,超眾凱基93購08  ,0,0,0,0,0,0,0,0,0,197000,0,0,0,197000,0,197000,197000
050559,聯發科統一94購10,0,0,0,0,0,0,0,0,0,196000,0,0,0,561000,365000,196000,196000
052988,智易元大96購02  ,0,0,0,0,0,0,0,0,0,196000,0,0,0,200000,4000,196000,196000
055160,玉晶光元大99購03,0,0,0,0,0,0,0,0,0,195000,0,0,0,236000,41000,195000,195000
055123,億光兆豐97購01  ,0,0,0,0,0,0,0,0,0,195000,0,0,0,200000,5000,195000,195000
055649,華新科元富97購03,0,0,0,0,0,0,0,0,0,195000,0,0,0,212000,17000,195000,195000
03799P,京元電元大94售01,0,0,0,0,0,0,0,0,0,195000,0,0,0,250000,55000,195000,195000
03388P,元油2X元富98售02,0,0,0,0,0,0,0,0,0,195000,0,0,0,200000,5000,195000,195000
052746,泰碩元大97購01  ,0,0,0,0,0,0,0,0,0,195000,0,0,0,195000,0,195000,195000
2104,國際中橡        ,750000,543000,207000,0,0,0,0,0,0,-12000,4000,0,4000,0,16000,-16000,195000
6416,瑞祺電通        ,265000,82000,183000,0,0,0,20000,0,20000,-8000,24000,32000,-8000,0,0,0,195000
056932,T50反1元富98購01,0,0,0,0,0,0,0,0,0,194000,0,0,0,194000,0,194000,194000
05095P,景碩元大95售01  ,0,0,0,0,0,0,0,0,0,194000,0,0,0,200000,6000,194000,194000
050964,晶技永豐95購02  ,0,0,0,0,0,0,0,0,0,194000,0,0,0,238000,44000,194000,194000
054683,川湖永豐97購01  ,0,0,0,0,0,0,0,0,0,194000,0,0,0,216000,22000,194000,194000
054923,晶技凱基98購01  ,0,0,0,0,0,0,0,0,0,193000,0,0,0,199000,6000,193000,193000
05952P,台積電國票97售06,0,0,0,0,0,0,0,0,0,193000,0,0,0,268000,75000,193000,193000
055474,欣興凱基97購05  ,0,0,0,0,0,0,0,0,0,192000,0,0,0,275000,83000,192000,192000
056026,智易群益97購01  ,0,0,0,0,0,0,0,0,0,192000,0,0,0,231000,39000,192000,192000
05904P,大立光統一96售07,0,0,0,0,0,0,0,0,0,192000,0,0,0,193000,1000,192000,192000
048812,上証2X凱基96購01,0,0,0,0,0,0,0,0,0,191000,0,0,0,191000,0,191000,191000
1904,正隆            ,654000,436000,218000,0,0,0,0,0,0,-27000,1000,28000,-27000,0,0,0,191000
044824,元油2X永豐93購02,0,0,0,0,0,0,0,0,0,190000,0,0,0,190000,0,190000,190000
046066,長榮航凱基94購01,0,0,0,0,0,0,0,0,0,190000,0,0,0,200000,10000,190000,190000
051559,宏達電國泰96購01,0,0,0,0,0,0,0,0,0,190000,0,0,0,199000,9000,190000,190000
050749,道瓊銀統一96購03,0,0,0,0,0,0,0,0,0,190000,0,0,0,250000,60000,190000,190000
052718,新唐凱基96購01  ,0,0,0,0,0,0,0,0,0,190000,0,0,0,240000,50000,190000,190000
04542P,致伸永豐94售01  ,0,0,0,0,0,0,0,0,0,189000,0,0,0,190000,1000,189000,189000
045866,南茂統一94購01  ,0,0,0,0,0,0,0,0,0,189000,0,0,0,199000,10000,189000,189000
053043,嘉晶凱基96購01  ,0,0,0,0,0,0,0,0,0,189000,0,0,0,449000,260000,189000,189000
055729,金寶元富99購01  ,0,0,0,0,0,0,0,0,0,188000,0,0,0,268000,80000,188000,188000
05006P,華通元富95售01  ,0,0,0,0,0,0,0,0,0,188000,0,0,0,208000,20000,188000,188000
057018,亞德客凱基98購01,0,0,0,0,0,0,0,0,0,187000,0,0,0,226000,39000,187000,187000
050708,臺股指凱基96購06,0,0,0,0,0,0,0,0,0,187000,0,0,0,345000,158000,187000,187000
049331,元石油統一94購01,0,0,0,0,0,0,0,0,0,187000,0,0,0,227000,40000,187000,187000
054848,群創兆豐98購01  ,0,0,0,0,0,0,0,0,0,187000,0,0,0,187000,0,187000,187000
053799,矽創中信9A購01  ,0,0,0,0,0,0,0,0,0,187000,0,0,0,188000,1000,187000,187000
04383P,泰鼎國泰95售01  ,0,0,0,0,0,0,0,0,0,186000,0,0,0,446000,260000,186000,186000
051558,元金2X國泰97購01,0,0,0,0,0,0,0,0,0,186000,0,0,0,331000,145000,186000,186000
055271,鴻海元大98購03  ,0,0,0,0,0,0,0,0,0,185000,0,0,0,528000,343000,185000,185000
043958,臻鼎元富94購01  ,0,0,0,0,0,0,0,0,0,185000,0,0,0,225000,40000,185000,185000
05377P,鴻海凱基95售18  ,0,0,0,0,0,0,0,0,0,185000,0,0,0,300000,115000,185000,185000
052438,瑞儀富邦95購01  ,0,0,0,0,0,0,0,0,0,185000,0,0,0,185000,0,185000,185000
055495,長榮航元大97購01,0,0,0,0,0,0,0,0,0,184000,0,0,0,382000,198000,184000,184000
05694P,台積電凱基96售09,0,0,0,0,0,0,0,0,0,184000,0,0,0,251000,67000,184000,184000
048794,易華電元大97購01,0,0,0,0,0,0,0,0,0,184000,0,0,0,184000,0,184000,184000
053459,康控國泰97購01  ,0,0,0,0,0,0,0,0,0,184000,0,0,0,217000,33000,184000,184000
6505,台塑化          ,1259000,814000,445000,0,0,0,6000,129000,-123000,-138000,15000,1000,14000,16000,168000,-152000,184000
05613P,臻鼎台新96售01  ,0,0,0,0,0,0,0,0,0,183000,0,0,0,203000,20000,183000,183000
04603P,訊芯凱基94售03  ,0,0,0,0,0,0,0,0,0,183000,0,0,0,291000,108000,183000,183000
051679,百和元大95購02  ,0,0,0,0,0,0,0,0,0,183000,0,0,0,183000,0,183000,183000
053581,台積電元大96購14,0,0,0,0,0,0,0,0,0,183000,0,0,0,618000,435000,183000,183000
054251,聯發科元大96購21,0,0,0,0,0,0,0,0,0,183000,0,0,0,200000,17000,183000,183000
00730,富邦臺灣優質高息,0,0,0,0,0,0,0,0,0,182000,0,0,0,504000,322000,182000,182000
05121P,創意國泰96售01  ,0,0,0,0,0,0,0,0,0,182000,0,0,0,255000,73000,182000,182000
6451,訊芯-KY         ,264000,128000,136000,0,0,0,0,0,0,46000,2000,4000,-2000,62000,14000,48000,182000
1455,集盛            ,197000,15000,182000,0,0,0,0,0,0,0,0,0,0,0,0,0,182000
08703P,華碩凱基01售02  ,0,0,0,0,0,0,0,0,0,181000,0,0,0,579000,398000,181000,181000
055355,大立光凱基97購05,0,0,0,0,0,0,0,0,0,180000,0,0,0,250000,70000,180000,180000
042826,欣興兆豐93購01  ,0,0,0,0,0,0,0,0,0,180000,0,0,0,180000,0,180000,180000
047357,欣興麥證93購01  ,0,0,0,180000,0,180000,0,0,0,180000,0,0,0,180000,0,180000,180000
048583,智原富邦98購01  ,0,0,0,0,0,0,0,0,0,180000,0,0,0,180000,0,180000,180000
04755P,大立光元富94售07,0,0,0,0,0,0,0,0,0,180000,0,0,0,200000,20000,180000,180000
050989,台表科富邦95購01,0,0,0,0,0,0,0,0,0,180000,0,0,0,180000,0,180000,180000
049217,智邦國票95購01  ,0,0,0,0,0,0,0,0,0,180000,0,0,0,180000,0,180000,180000
05091P,台積電元大95售11,0,0,0,0,0,0,0,0,0,180000,0,0,0,749000,569000,180000,180000
051494,中環兆豐95購01  ,0,0,0,0,0,0,0,0,0,180000,0,0,0,210000,30000,180000,180000
06030P,友達兆豐96售02  ,0,0,0,0,0,0,0,0,0,180000,0,0,0,310000,130000,180000,180000
055397,超眾統一97購02  ,0,0,0,0,0,0,0,0,0,179000,0,0,0,179000,0,179000,179000
056424,泰碩統一98購01  ,0,0,0,0,0,0,0,0,0,179000,0,0,0,179000,0,179000,179000
048272,新光金富邦98購01,0,0,0,0,0,0,0,0,0,179000,0,0,0,400000,221000,179000,179000
05716P,T50反1元大98售03,0,0,0,0,0,0,0,0,0,178000,0,0,0,378000,200000,178000,178000
056059,美律元大98購02  ,0,0,0,0,0,0,0,0,0,178000,0,0,0,343000,165000,178000,178000
056106,晶相光永豐97購02,0,0,0,0,0,0,0,0,0,178000,0,0,0,350000,172000,178000,178000
043735,元金2X元大94購01,0,0,0,0,0,0,0,0,0,178000,0,0,0,178000,0,178000,178000
053878,台表科亞東96購01,0,0,0,0,0,0,0,0,0,178000,0,0,0,178000,0,178000,178000
055993,致茂國泰99購01  ,0,0,0,0,0,0,0,0,0,177000,0,0,0,269000,92000,177000,177000
05699P,茂林凱基96售05  ,0,0,0,0,0,0,0,0,0,177000,0,0,0,178000,1000,177000,177000
057351,奇力新統一98購02,0,0,0,0,0,0,0,0,0,177000,0,0,0,177000,0,177000,177000
051155,聯發科國泰96購01,0,0,0,0,0,0,0,0,0,177000,0,0,0,258000,81000,177000,177000
2461,光群雷          ,225000,48000,177000,0,0,0,0,0,0,0,1000,1000,0,0,0,0,177000
054230,上銀群益96購03  ,0,0,0,0,0,0,0,0,0,176000,0,0,0,314000,138000,176000,176000
056013,T50反1群益97購01,0,0,0,0,0,0,0,0,0,175000,0,0,0,175000,0,175000,175000
055782,新日興凱基99購01,0,0,0,0,0,0,0,0,0,175000,0,0,0,212000,37000,175000,175000
055541,聚陽凱基98購01  ,0,0,0,0,0,0,0,0,0,175000,0,0,0,288000,113000,175000,175000
050662,智易元大96購01  ,0,0,0,0,0,0,0,0,0,175000,0,0,0,175000,0,175000,175000
054709,宏達電統一97購01,0,0,0,0,0,0,0,0,0,175000,0,0,0,175000,0,175000,175000
052442,中環元大95購02  ,0,0,0,0,0,0,0,0,0,175000,0,0,0,277000,102000,175000,175000
03639C,元油2X元大9B牛01,0,0,0,0,0,0,0,0,0,174000,0,0,0,368000,194000,174000,174000
051916,和碩元大95購02  ,0,0,0,0,0,0,0,0,0,174000,0,0,0,209000,35000,174000,174000
053584,友達元大9B購02  ,0,0,0,0,0,0,0,0,0,174000,0,0,0,382000,208000,174000,174000
044025,台表科凱基93購02,0,0,0,0,0,0,0,0,0,173000,0,0,0,183000,10000,173000,173000
05409P,京元電元富95售05,1000,0,1000,0,0,0,0,0,0,172000,0,0,0,173000,1000,172000,173000
2608,嘉里大榮        ,206000,33000,173000,0,0,0,0,0,0,0,0,0,0,0,0,0,173000
2605,新興            ,509000,195000,314000,0,0,0,0,0,0,-141000,20000,161000,-141000,0,0,0,173000
05722P,玉晶光國票97售03,0,0,0,0,0,0,0,0,0,172000,0,0,0,295000,123000,172000,172000
051735,台積電國票96購06,0,0,0,0,0,0,0,0,0,172000,0,0,0,291000,119000,172000,172000
050985,易華電國泰96購02,0,0,0,0,0,0,0,0,0,171000,0,0,0,171000,0,171000,171000
054282,泰鼎群益98購02  ,0,0,0,0,0,0,0,0,0,171000,0,0,0,243000,72000,171000,171000
1710,東聯            ,371000,201000,170000,0,0,0,1000,0,1000,0,0,0,0,0,0,0,171000
2542,興富發          ,990260,851000,139260,0,0,0,0,0,0,31000,44000,13000,31000,0,0,0,170260
057025,華新科凱基98購04,0,0,0,0,0,0,0,0,0,170000,0,0,0,200000,30000,170000,170000
044562,元油2X凱基92購05,0,0,0,0,0,0,0,0,0,170000,0,0,0,170000,0,170000,170000
050526,貿聯元大95購01  ,0,0,0,0,0,0,0,0,0,170000,0,0,0,170000,0,170000,170000
053674,臺股指元富96購01,0,0,0,0,0,0,0,0,0,170000,0,0,0,170000,0,170000,170000
3535,晶彩科          ,188000,18000,170000,0,0,0,0,0,0,0,0,0,0,0,0,0,170000
8110,華東            ,179000,10000,169000,0,0,0,0,0,0,1000,18000,17000,1000,0,0,0,170000
056305,群創元大9A購03  ,0,0,0,0,0,0,0,0,0,169000,0,0,0,356000,187000,169000,169000
045308,泰鼎元大93購02  ,0,0,0,0,0,0,0,0,0,169000,0,0,0,171000,2000,169000,169000
051703,台積電群益95購04,0,0,0,0,0,0,0,0,0,169000,0,0,0,170000,1000,169000,169000
054304,台積電凱基96購23,0,0,0,0,0,0,0,0,0,168000,0,0,0,168000,0,168000,168000
054350,美律國泰98購01  ,0,0,0,0,0,0,0,0,0,168000,0,0,0,298000,130000,168000,168000
2485,兆赫            ,231000,77000,154000,0,0,0,0,0,0,14000,14000,0,14000,0,0,0,168000
056568,台表科群益98購01,0,0,0,0,0,0,0,0,0,167000,0,0,0,258000,91000,167000,167000
052253,康控永豐95購04  ,0,0,0,0,0,0,0,0,0,167000,0,0,0,235000,68000,167000,167000
5269,祥碩            ,353000,134000,219000,0,0,0,15000,116000,-101000,49000,43000,3000,40000,19000,10000,9000,167000
05583P,訊芯凱基96售01  ,0,0,0,0,0,0,0,0,0,166000,0,0,0,178000,12000,166000,166000
06468P,華新科統一98售02,0,0,0,0,0,0,0,0,0,166000,0,0,0,166000,0,166000,166000
05590P,臺股指中信96售05,0,0,0,0,0,0,0,0,0,165000,0,0,0,165000,0,165000,165000
047004,台積電統一99購01,0,1000,-1000,0,0,0,0,0,0,166000,0,0,0,196000,30000,166000,165000
049778,宏達電統一94購02,0,0,0,0,0,0,0,0,0,165000,0,0,0,165000,0,165000,165000
049770,康控元富95購01  ,0,0,0,0,0,0,0,0,0,165000,0,0,0,165000,0,165000,165000
051610,GIS群益95購02   ,0,0,0,0,0,0,0,0,0,165000,0,0,0,237000,72000,165000,165000
054884,友達統一99購01  ,0,0,0,0,0,0,0,0,0,165000,0,0,0,486000,321000,165000,165000
053413,台積電國票99購01,0,0,0,0,0,0,0,0,0,165000,0,0,0,217000,52000,165000,165000
055989,矽力元富9A購01  ,0,0,0,0,0,0,0,0,0,164000,0,0,0,263000,99000,164000,164000
057106,美律群益98購03  ,0,0,0,0,0,0,0,0,0,164000,0,0,0,164000,0,164000,164000
053306,晶技凱基97購01  ,0,0,0,0,0,0,0,0,0,164000,0,0,0,164000,0,164000,164000
054546,玉晶光中信9B購01,0,0,0,0,0,0,0,0,0,164000,0,0,0,216000,52000,164000,164000
055746,同欣電元富97購01,0,0,0,0,0,0,0,0,0,163000,0,0,0,163000,0,163000,163000
047771,緯創元大93購01  ,0,0,0,0,0,0,0,0,0,163000,0,0,0,173000,10000,163000,163000
04547P,高鐵元大94售01  ,0,0,0,0,0,0,0,0,0,163000,0,0,0,165000,2000,163000,163000
043236,台灣50兆豐93購02,0,0,0,0,0,0,0,0,0,163000,0,0,0,170000,7000,163000,163000
03177P,國巨群益01售12  ,0,0,0,0,0,0,0,0,0,163000,0,0,0,205000,42000,163000,163000
054277,亞光群益97購01  ,0,0,0,0,0,0,0,0,0,163000,0,0,0,258000,95000,163000,163000
053044,南茂凱基96購02  ,0,0,0,0,0,0,0,0,0,163000,0,0,0,283000,120000,163000,163000
2357,華碩            ,2318039,2252690,65349,0,0,0,1000,1000,0,97000,104000,7000,97000,9000,9000,0,162349
055704,亞德客永豐97購04,0,0,0,0,0,0,0,0,0,162000,0,0,0,203000,41000,162000,162000
055998,臺股指富邦99購01,0,0,0,0,0,0,0,0,0,162000,0,0,0,179000,17000,162000,162000
054927,帆宣凱基97購01  ,0,0,0,0,0,0,0,0,0,162000,0,0,0,220000,58000,162000,162000
053998,泰鼎群益98購01  ,0,0,0,0,0,0,0,0,0,161000,0,0,0,258000,97000,161000,161000
053585,友達元大9C購03  ,0,0,0,0,0,0,0,0,0,161000,0,0,0,207000,46000,161000,161000
055566,台表科凱基97購03,0,0,0,0,0,0,0,0,0,160000,0,0,0,172000,12000,160000,160000
055503,健策元大98購05  ,0,0,0,0,0,0,0,0,0,160000,0,0,0,896000,736000,160000,160000
056656,華邦電元大98購02,0,0,0,0,0,0,0,0,0,160000,0,0,0,260000,100000,160000,160000
00692,富邦公司治理    ,0,0,0,0,0,0,0,0,0,160000,0,0,0,1898000,1738000,160000,160000
048027,京元電凱基93購03,0,0,0,0,0,0,0,0,0,160000,0,0,0,160000,0,160000,160000
048619,台表科凱基93購07,0,0,0,0,0,0,0,0,0,160000,0,0,0,180000,20000,160000,160000
046541,超眾群益93購01  ,0,0,0,0,0,0,0,0,0,160000,0,0,0,160000,0,160000,160000
04898P,瑞儀中信95售01  ,0,0,0,0,0,0,0,0,0,160000,0,0,0,171000,11000,160000,160000
050260,鴻海元大94購15  ,0,0,0,0,0,0,0,0,0,160000,0,0,0,385000,225000,160000,160000
049616,卜蜂群益94購01  ,0,0,0,0,0,0,0,0,0,160000,0,0,0,160000,0,160000,160000
053602,台虹元大96購01  ,0,0,0,0,0,0,0,0,0,160000,0,0,0,247000,87000,160000,160000
053275,燿華元大97購01  ,0,0,0,0,0,0,0,0,0,160000,0,0,0,200000,40000,160000,160000
052477,美律群益98購01  ,0,0,0,0,0,0,0,0,0,160000,0,0,0,240000,80000,160000,160000
05402P,台郡永豐95售02  ,0,0,0,0,0,0,0,0,0,160000,0,0,0,165000,5000,160000,160000
05497P,聯詠統一96售01  ,0,0,0,0,0,0,0,0,0,160000,0,0,0,160000,0,160000,160000
05465P,台表科永豐95售03,0,0,0,0,0,0,0,0,0,160000,0,0,0,160000,0,160000,160000
06094P,台達電中信97售01,0,0,0,0,0,0,0,0,0,160000,0,0,0,160000,0,160000,160000
056635,亞德客日盛99購01,0,0,0,0,0,0,0,0,0,159000,0,0,0,228000,69000,159000,159000
057407,超眾群益99購01  ,0,0,0,0,0,0,0,0,0,159000,0,0,0,179000,20000,159000,159000
048276,旺宏永豐94購01  ,0,0,0,0,0,0,0,0,0,159000,0,0,0,359000,200000,159000,159000
049306,元油2X凱基96購01,0,0,0,0,0,0,0,0,0,159000,0,0,0,160000,1000,159000,159000
051733,中環國票96購02  ,0,0,0,0,0,0,0,0,0,157000,0,0,0,162000,5000,157000,157000
055942,臺股指群益9C購01,0,0,0,0,0,0,0,0,0,156000,0,0,0,331000,175000,156000,156000
046650,台表科國泰94購01,0,0,0,0,0,0,0,0,0,156000,0,0,0,162000,6000,156000,156000
04422P,玉晶光永豐94售03,0,0,0,0,0,0,0,0,0,156000,0,0,0,173000,17000,156000,156000
052379,鈺齊元大95購04  ,0,0,0,0,0,0,0,0,0,156000,0,0,0,160000,4000,156000,156000
053012,國巨統一96購03  ,0,0,0,0,0,0,0,0,0,156000,0,0,0,183000,27000,156000,156000
052922,國巨永豐96購01  ,0,0,0,0,0,0,0,0,0,156000,0,0,0,280000,124000,156000,156000
2103,台橡            ,192000,36000,156000,0,0,0,0,0,0,0,0,0,0,0,0,0,156000
04674P,全新統一95售01  ,0,0,0,0,0,0,0,0,0,155000,0,0,0,304000,149000,155000,155000
050314,晶技兆豐94購01  ,0,0,0,0,0,0,0,0,0,155000,0,0,0,155000,0,155000,155000
04953P,台積電群益94售13,0,0,0,0,0,0,0,0,0,155000,0,0,0,280000,125000,155000,155000
050641,上証反凱基96購01,0,0,0,0,0,0,0,0,0,155000,0,0,0,155000,0,155000,155000
052390,聯詠群益95購03  ,0,0,0,0,0,0,0,0,0,155000,0,0,0,262000,107000,155000,155000
3041,揚智            ,475000,321904,153096,0,0,0,0,0,0,1000,1000,0,1000,0,0,0,154096
049355,元油2X富邦96購04,0,0,0,0,0,0,0,0,0,154000,0,0,0,234000,80000,154000,154000
06330P,南亞科群益97售03,0,0,0,0,0,0,0,0,0,154000,0,0,0,175000,21000,154000,154000
1447,力鵬            ,165000,12000,153000,0,0,0,0,0,0,0,0,0,0,0,0,0,153000
3008,大立光          ,262069,129000,133069,0,0,0,8000,18000,-10000,29000,11000,6000,5000,26000,2000,24000,152069
051876,宏達電國票96購01,0,0,0,0,0,0,0,0,0,152000,0,0,0,154000,2000,152000,152000
05620P,大立光富邦9B售01,0,0,0,0,0,0,0,0,0,151000,0,0,0,157000,6000,151000,151000
055152,旺宏元大98購04  ,0,0,0,0,0,0,0,0,0,151000,0,0,0,350000,199000,151000,151000
056840,友達元富98購02  ,0,0,0,0,0,0,0,0,0,151000,0,0,0,202000,51000,151000,151000
050792,可成富邦96購01  ,0,0,0,0,0,0,0,0,0,151000,0,0,0,295000,144000,151000,151000
052328,台表科中信99購01,0,0,0,0,0,0,0,0,0,151000,0,0,0,286000,135000,151000,151000
054620,南茂永豐97購01  ,0,0,0,0,0,0,0,0,0,151000,0,0,0,151000,0,151000,151000
055181,日電貿統一97購01,0,0,0,0,0,0,0,0,0,150000,0,0,0,150000,0,150000,150000
047095,聯詠麥證93購01  ,0,0,0,150000,0,150000,0,0,0,150000,0,0,0,150000,0,150000,150000
05070P,鴻海統一96售04  ,0,0,0,0,0,0,0,0,0,150000,0,0,0,150000,0,150000,150000
049453,新日興統一94購01,0,0,0,0,0,0,0,0,0,150000,0,0,0,150000,0,150000,150000
054726,台積電日盛97購01,0,0,0,0,0,0,0,0,0,150000,0,0,0,890000,740000,150000,150000
053930,S&P反1統一98購01,0,0,0,0,0,0,0,0,0,150000,0,0,0,150000,0,150000,150000
052921,大成鋼永豐96購01,0,0,0,0,0,0,0,0,0,150000,0,0,0,150000,0,150000,150000
053008,達方永豐96購01  ,0,0,0,0,0,0,0,0,0,150000,0,0,0,150000,0,150000,150000
053155,晶技元大97購02  ,0,0,0,0,0,0,0,0,0,150000,0,0,0,215000,65000,150000,150000
06358P,力成中信97售02  ,0,0,0,0,0,0,0,0,0,150000,0,0,0,180000,30000,150000,150000
047356,貿聯兆豐94購01  ,0,0,0,0,0,0,0,0,0,149000,0,0,0,149000,0,149000,149000
042317,台灣50永豐96購01,0,0,0,0,0,0,0,0,0,149000,0,0,0,203000,54000,149000,149000
050035,聯茂元大94購07  ,0,0,0,0,0,0,0,0,0,149000,0,0,0,201000,52000,149000,149000
052402,健策凱基97購01  ,0,0,0,0,0,0,0,0,0,149000,0,0,0,564000,415000,149000,149000
054979,南港元富97購01  ,0,0,0,0,0,0,0,0,0,149000,0,0,0,156000,7000,149000,149000
054898,台肥康和97購01  ,0,0,0,0,0,0,0,0,0,149000,0,0,0,150000,1000,149000,149000
055302,達方元大97購01  ,0,0,0,0,0,0,0,0,0,148000,0,0,0,148000,0,148000,148000
047421,聯茂富邦97購01  ,0,0,0,0,0,0,0,0,0,148000,0,0,0,202000,54000,148000,148000
050358,致新群益94購01  ,0,0,0,0,0,0,0,0,0,148000,0,0,0,280000,132000,148000,148000
055149,國巨元大97購06  ,0,0,0,0,0,0,0,0,0,147000,0,0,0,329000,182000,147000,147000
054934,金寶元大97購01  ,0,0,0,0,0,0,0,0,0,147000,0,0,0,147000,0,147000,147000
054353,世紀鋼國泰98購01,0,0,0,0,0,0,0,0,0,147000,0,0,0,270000,123000,147000,147000
06354P,大立光永豐97售04,0,0,0,0,0,0,0,0,0,147000,0,0,0,176000,29000,147000,147000
06660P,大立光富邦9B售03,0,0,0,0,0,0,0,0,0,147000,0,0,0,149000,2000,147000,147000
056987,南茂群益98購01  ,0,0,0,0,0,0,0,0,0,146000,0,0,0,288000,142000,146000,146000
054295,世芯元大96購03  ,0,0,0,0,0,0,0,0,0,146000,0,0,0,150000,4000,146000,146000
2349,錸德            ,445000,300000,145000,0,0,0,0,0,0,1000,1000,0,1000,0,0,0,146000
3036,文曄            ,374000,87000,287000,0,0,0,0,0,0,-141000,4000,146000,-142000,2000,1000,1000,146000
6155,鈞寶            ,189000,43000,146000,0,0,0,0,0,0,0,0,0,0,0,0,0,146000
056721,台灣50永昌9A購01,0,0,0,0,0,0,0,0,0,145000,0,0,0,145000,0,145000,145000
055262,台虹國泰98購01  ,0,0,0,0,0,0,0,0,0,145000,0,0,0,145000,0,145000,145000
050125,中環凱基94購01  ,0,0,0,0,0,0,0,0,0,145000,0,0,0,145000,0,145000,145000
051975,美食凱基95購02  ,0,0,0,0,0,0,0,0,0,145000,0,0,0,150000,5000,145000,145000
052070,GIS兆豐95購03   ,0,0,0,0,0,0,0,0,0,145000,0,0,0,150000,5000,145000,145000
052444,友訊元大95購01  ,0,0,0,0,0,0,0,0,0,145000,0,0,0,153000,8000,145000,145000
056054,亞德客元大97購05,0,0,0,0,0,0,0,0,0,144000,0,0,0,199000,55000,144000,144000
046727,新光金元大93購03,0,0,0,0,0,0,0,0,0,144000,0,0,0,144000,0,144000,144000
053171,中磊群益96購01  ,0,0,0,0,0,0,0,0,0,144000,0,0,0,196000,52000,144000,144000
4968,立積            ,317000,203000,114000,0,0,0,0,0,0,30000,40000,20000,20000,10000,0,10000,144000
055726,台表科元大98購03,0,0,0,0,0,0,0,0,0,143000,0,0,0,249000,106000,143000,143000
056864,新日興群益99購01,0,0,0,0,0,0,0,0,0,143000,0,0,0,383000,240000,143000,143000
050806,華新科日盛95購01,0,0,0,0,0,0,0,0,0,143000,0,0,0,174000,31000,143000,143000
03267P,台灣50元大02售06,0,0,0,0,0,0,0,0,0,143000,0,0,0,550000,407000,143000,143000
05496P,聯詠統一95售04  ,0,0,0,0,0,0,0,0,0,143000,0,0,0,143000,0,143000,143000
054572,國巨元大98購03  ,0,0,0,0,0,0,0,0,0,143000,0,0,0,394000,251000,143000,143000
6166,凌華            ,211000,68000,143000,0,0,0,0,0,0,0,0,0,0,0,0,0,143000
2912,統一超          ,360096,229638,130458,0,0,0,2000,0,2000,10000,2000,0,2000,8000,0,8000,142458
057161,亞德客元大98購02,0,0,0,0,0,0,0,0,0,142000,0,0,0,590000,448000,142000,142000
055836,華邦電元大97購04,0,0,0,0,0,0,0,0,0,142000,0,0,0,210000,68000,142000,142000
043580,大立光元富94購01,0,0,0,0,0,0,0,0,0,142000,0,0,0,146000,4000,142000,142000
044817,可成兆豐93購01  ,0,0,0,0,0,0,0,0,0,142000,0,0,0,161000,19000,142000,142000
2207,和泰車          ,263000,96000,167000,0,0,0,0,30000,-30000,5000,5000,4000,1000,4000,0,4000,142000
049169,統一凱基94購01  ,0,0,0,0,0,0,0,0,0,141000,0,0,0,209000,68000,141000,141000
056011,矽力中信99購01  ,0,0,0,0,0,0,0,0,0,140000,0,0,0,247000,107000,140000,140000
05551P,電子類元大96售01,0,0,0,0,0,0,0,0,0,140000,0,0,0,609000,469000,140000,140000
057455,景碩國泰99購01  ,0,0,0,0,0,0,0,0,0,140000,0,0,0,150000,10000,140000,140000
045369,康控兆豐93購01  ,0,0,0,0,0,0,0,0,0,140000,0,0,0,150000,10000,140000,140000
045662,華邦電統一94購02,0,0,0,0,0,0,0,0,0,140000,0,0,0,240000,100000,140000,140000
00656R,國泰中國A50反1  ,0,0,0,0,0,0,0,0,0,140000,0,0,0,307000,167000,140000,140000
048977,晶相光元大94購01,0,0,0,0,0,0,0,0,0,140000,0,0,0,261000,121000,140000,140000
051990,泰碩元大95購01  ,0,0,0,0,0,0,0,0,0,140000,0,0,0,140000,0,140000,140000
3038,全台            ,154000,22000,132000,0,0,0,0,0,0,8000,9000,1000,8000,0,0,0,140000
5388,中磊            ,310000,217000,93000,0,0,0,48000,5000,43000,4000,2000,0,2000,9000,7000,2000,140000
056696,茂林群益98購02  ,0,0,0,0,0,0,0,0,0,139000,0,0,0,181000,42000,139000,139000
05561P,大立光兆豐96售02,0,0,0,0,0,0,0,0,0,139000,0,0,0,139000,0,139000,139000
00703,台新MSCI中國    ,0,0,0,0,0,0,0,0,0,139000,0,0,0,170000,31000,139000,139000
04386P,大立光日盛94售01,0,0,0,0,0,0,0,0,0,139000,0,0,0,139000,0,139000,139000
05201P,玉晶光國泰97售02,0,0,0,0,0,0,0,0,0,139000,0,0,0,180000,41000,139000,139000
051538,和碩國票96購01  ,0,0,0,0,0,0,0,0,0,139000,0,0,0,200000,61000,139000,139000
054518,亞光元大97購01  ,0,0,0,0,0,0,0,0,0,139000,0,0,0,140000,1000,139000,139000
053830,台積電台新96購02,0,0,0,0,0,0,0,0,0,139000,0,0,0,149000,10000,139000,139000
2405,浩鑫            ,203000,64000,139000,0,0,0,0,0,0,0,0,0,0,0,0,0,139000
056841,友達元富98購03  ,0,0,0,0,0,0,0,0,0,138000,0,0,0,188000,50000,138000,138000
056373,上銀統一99購02  ,0,0,0,0,0,0,0,0,0,138000,0,0,0,138000,0,138000,138000
049883,台表科永豐94購02,0,0,0,0,0,0,0,0,0,138000,0,0,0,138000,0,138000,138000
051856,亞德客凱基95購01,0,0,0,0,0,0,0,0,0,138000,0,0,0,214000,76000,138000,138000
052964,台表科凱基96購03,0,0,0,0,0,0,0,0,0,138000,0,0,0,178000,40000,138000,138000
06421P,嘉澤統一97售02  ,0,0,0,0,0,0,0,0,0,138000,0,0,0,153000,15000,138000,138000
6541,泰福-KY         ,172000,34000,138000,0,0,0,0,0,0,0,0,0,0,0,0,0,138000
057391,樺漢永豐98購01  ,0,0,0,0,0,0,0,0,0,137000,0,0,0,137000,0,137000,137000
057140,宏達電兆豐98購01,0,0,0,0,0,0,0,0,0,137000,0,0,0,137000,0,137000,137000
05227P,大立光統一95售04,0,0,0,0,0,0,0,0,0,137000,0,0,0,137000,0,137000,137000
053442,光罩凱基96購01  ,0,0,0,0,0,0,0,0,0,137000,0,0,0,137000,0,137000,137000
6412,群電            ,250000,114000,136000,0,0,0,0,0,0,1000,0,2000,-2000,3000,0,3000,137000
056463,台虹凱基98購02  ,0,0,0,0,0,0,0,0,0,136000,0,0,0,212000,76000,136000,136000
056619,強茂永豐98購01  ,0,0,0,0,0,0,0,0,0,136000,0,0,0,136000,0,136000,136000
051682,元黃金凱基97購01,0,0,0,0,0,0,0,0,0,136000,0,0,0,136000,0,136000,136000
049159,同欣電中信96購01,0,0,0,0,0,0,0,0,0,136000,0,0,0,195000,59000,136000,136000
053582,英業達元大97購01,0,0,0,0,0,0,0,0,0,136000,0,0,0,261000,125000,136000,136000
5471,松翰            ,151000,17000,134000,0,0,0,0,0,0,2000,2000,0,2000,0,0,0,136000
2329,華泰            ,464000,406000,58000,0,0,0,0,0,0,78000,1000,0,1000,91000,14000,77000,136000
055462,華邦電日盛97購01,0,0,0,0,0,0,0,0,0,135000,0,0,0,176000,41000,135000,135000
04741P,台積電統一94售10,0,0,0,0,0,0,0,0,0,135000,0,0,0,135000,0,135000,135000
048037,台表科凱基93購05,0,0,0,0,0,0,0,0,0,135000,0,0,0,135000,0,135000,135000
047975,緯創兆豐93購01  ,0,0,0,0,0,0,0,0,0,135000,0,0,0,165000,30000,135000,135000
049763,美食國泰96購01  ,0,0,0,0,0,0,0,0,0,135000,0,0,0,135000,0,135000,135000
048848,滬深2X群益98購02,0,0,0,0,0,0,0,0,0,135000,0,0,0,186000,51000,135000,135000
051683,A50正2凱基97購01,0,0,0,0,0,0,0,0,0,135000,0,0,0,135000,0,135000,135000
051255,康控元大96購04  ,0,0,0,0,0,0,0,0,0,135000,0,0,0,204000,69000,135000,135000
053561,玉晶光國泰98購01,0,0,0,0,0,0,0,0,0,135000,0,0,0,369000,234000,135000,135000
05531P,臺股指群益96售04,0,0,0,0,0,0,0,0,0,134000,0,0,0,140000,6000,134000,134000
057167,台積電元大99購03,0,0,0,0,0,0,0,0,0,134000,0,0,0,875000,741000,134000,134000
04695P,正崴康和94售01  ,0,0,0,0,0,0,0,0,0,134000,0,0,0,144000,10000,134000,134000
051863,技嘉凱基95購01  ,0,0,0,0,0,0,0,0,0,134000,0,0,0,481000,347000,134000,134000
050680,上銀元富94購01  ,0,0,0,0,0,0,0,0,0,134000,0,0,0,543000,409000,134000,134000
053132,國巨國票97購02  ,0,0,0,0,0,0,0,0,0,134000,0,0,0,485000,351000,134000,134000
053997,健策群益97購02  ,0,0,0,0,0,0,0,0,0,134000,0,0,0,361000,227000,134000,134000
6415,矽力-KY         ,183000,190000,-7000,0,0,0,104000,0,104000,37000,2000,5000,-3000,44000,4000,40000,134000
2395,研華            ,433500,311000,122500,0,0,0,0,0,0,11000,7000,0,7000,4000,0,4000,133500
044270,群創中信95購02  ,0,0,0,0,0,0,0,0,0,133000,0,0,0,133000,0,133000,133000
049313,晶技凱基94購01  ,0,0,0,0,0,0,0,0,0,133000,0,0,0,133000,0,133000,133000
055046,上銀永豐97購01  ,0,0,0,0,0,0,0,0,0,133000,0,0,0,168000,35000,133000,133000
052672,世紀鋼群益96購02,0,0,0,0,0,0,0,0,0,133000,0,0,0,147000,14000,133000,133000
06328P,台積電中信01售02,0,0,0,0,0,0,0,0,0,133000,0,0,0,145000,12000,133000,133000
6443,元晶            ,200000,67000,133000,0,0,0,0,0,0,0,0,0,0,0,0,0,133000
056883,美食康和98購01  ,0,0,0,0,0,0,0,0,0,132000,0,0,0,200000,68000,132000,132000
055167,友訊統一97購01  ,0,0,0,0,0,0,0,0,0,132000,0,0,0,192000,60000,132000,132000
055702,美律富邦98購01  ,0,0,0,0,0,0,0,0,0,132000,0,0,0,132000,0,132000,132000
04176P,台達電元大94售01,0,0,0,0,0,0,0,0,0,132000,0,0,0,132000,0,132000,132000
042093,台灣50群益94購02,0,0,0,0,0,0,0,0,0,132000,0,0,0,218000,86000,132000,132000
051987,廣達元大95購01  ,0,0,0,0,0,0,0,0,0,132000,0,0,0,142000,10000,132000,132000
052896,宏達電群益96購01,0,0,0,0,0,0,0,0,0,132000,0,0,0,193000,61000,132000,132000
8028,昇陽半導體      ,196000,54000,142000,0,0,0,0,0,0,-10000,0,0,0,1000,11000,-10000,132000
006206,元大上證50      ,0,0,0,0,0,0,0,0,0,131000,170000,0,170000,204000,243000,-39000,131000
050115,群創元大96購01  ,0,0,0,0,0,0,0,0,0,131000,0,0,0,348000,217000,131000,131000
053948,大立光富邦99購04,0,0,0,0,0,0,0,0,0,131000,0,0,0,140000,9000,131000,131000
05381P,聯詠群益95售02  ,0,0,0,0,0,0,0,0,0,131000,0,0,0,131000,0,131000,131000
05866P,致伸元大96售01  ,0,0,0,0,0,0,0,0,0,131000,0,0,0,221000,90000,131000,131000
056753,群創兆豐98購02  ,0,0,0,0,0,0,0,0,0,130000,0,0,0,130000,0,130000,130000
04220P,聯發科兆豐93售04,0,0,0,0,0,0,0,0,0,130000,0,0,0,130000,0,130000,130000
03102P,臺股指凱基03售08,0,0,0,0,0,0,0,0,0,130000,0,0,0,130000,0,130000,130000
045514,南茂凱基93購01  ,0,0,0,0,0,0,0,0,0,130000,0,0,0,130000,0,130000,130000
04414P,牧德元富94售04  ,0,0,0,0,0,0,0,0,0,130000,0,0,0,340000,210000,130000,130000
045287,元油2X元大95購01,0,0,0,0,0,0,0,0,0,130000,0,0,0,130000,0,130000,130000
051098,矽格元大95購01  ,0,0,0,0,0,0,0,0,0,130000,0,0,0,130000,0,130000,130000
051626,可成麥證95購02  ,0,0,0,130000,0,130000,0,0,0,130000,0,0,0,130000,0,130000,130000
05780P,台積電統一96售07,0,0,0,0,0,0,0,0,0,130000,0,0,0,295000,165000,130000,130000
2609,陽明            ,342000,212000,130000,0,0,0,0,0,0,0,0,0,0,0,0,0,130000
053812,台積電群益96購09,0,0,0,0,0,0,0,0,0,129000,0,0,0,140000,11000,129000,129000
4155,訊映            ,178000,49000,129000,0,0,0,0,0,0,0,0,0,0,0,0,0,129000
1702,南僑            ,140000,13000,127000,0,0,0,0,0,0,2000,2000,0,2000,0,0,0,129000
05630P,大立光永昌96售06,0,0,0,0,0,0,0,0,0,128000,0,0,0,130000,2000,128000,128000
044602,大立光國泰93購01,0,0,0,0,0,0,0,0,0,128000,0,0,0,135000,7000,128000,128000
054061,晶技國票97購03  ,0,0,0,0,0,0,0,0,0,128000,0,0,0,128000,0,128000,128000
2108,南帝            ,216000,88000,128000,0,0,0,0,0,0,0,0,0,0,0,0,0,128000
06341P,大立光統一97售08,0,0,0,0,0,0,0,0,0,128000,0,0,0,156000,28000,128000,128000
6592,和潤企業        ,164000,36000,128000,0,0,0,0,0,0,0,0,0,0,0,0,0,128000
04433P,上証2X國票95售01,0,0,0,0,0,0,0,0,0,127000,0,0,0,1699000,1572000,127000,127000
051594,和碩元大96購01  ,0,0,0,0,0,0,0,0,0,127000,0,0,0,238000,111000,127000,127000
052771,GIS群益96購01   ,0,0,0,0,0,0,0,0,0,127000,0,0,0,193000,66000,127000,127000
2823,中壽            ,2295000,2195000,100000,0,0,0,6000,0,6000,21000,1000,0,1000,35000,15000,20000,127000
2903,遠百            ,388000,264000,124000,0,0,0,0,0,0,3000,4000,1000,3000,0,0,0,127000
057002,友達國票98購01  ,0,0,0,0,0,0,0,0,0,126000,0,0,0,192000,66000,126000,126000
054685,國巨永豐97購02  ,0,0,0,0,0,0,0,0,0,126000,0,0,0,364000,238000,126000,126000
055720,宏達電元大97購05,0,0,0,0,0,0,0,0,0,125000,0,0,0,128000,3000,125000,125000
04275P,南亞科凱基93售08,0,0,0,0,0,0,0,0,0,125000,0,0,0,246000,121000,125000,125000
047989,深中小元大96購02,0,0,0,0,0,0,0,0,0,125000,0,0,0,125000,0,125000,125000
051651,易華電永豐95購01,0,0,0,0,0,0,0,0,0,125000,0,0,0,125000,0,125000,125000
052076,可成元富98購01  ,0,0,0,0,0,0,0,0,0,125000,0,0,0,140000,15000,125000,125000
050732,台虹國票94購01  ,0,0,0,0,0,0,0,0,0,124000,0,0,0,150000,26000,124000,124000
054820,新日興元大97購01,0,0,0,0,0,0,0,0,0,124000,0,0,0,245000,121000,124000,124000
056140,康控元大98購01  ,0,0,0,0,0,0,0,0,0,123000,0,0,0,587000,464000,123000,123000
04941P,台達電台新94售02,0,0,0,0,0,0,0,0,0,123000,0,0,0,123000,0,123000,123000
053759,晶相光國泰98購01,0,0,0,0,0,0,0,0,0,123000,0,0,0,149000,26000,123000,123000
6177,達麗            ,140000,17000,123000,0,0,0,0,0,0,0,0,0,0,0,0,0,123000
06635P,聯發科凱基98售15,0,0,0,0,0,0,0,0,0,123000,0,0,0,173000,50000,123000,123000
057356,彩晶統一98購04  ,0,0,0,0,0,0,0,0,0,122000,0,0,0,122000,0,122000,122000
05742P,可成元大96售04  ,0,0,0,0,0,0,0,0,0,122000,0,0,0,409000,287000,122000,122000
056576,晶技元大99購02  ,0,0,0,0,0,0,0,0,0,122000,0,0,0,128000,6000,122000,122000
048149,泰鼎元富95購01  ,0,0,0,0,0,0,0,0,0,122000,0,0,0,142000,20000,122000,122000
06248P,國巨統一97售07  ,0,0,0,0,0,0,0,0,0,122000,0,0,0,132000,10000,122000,122000
04252P,台達電元富93售02,0,0,0,0,0,0,0,0,0,121000,0,0,0,121000,0,121000,121000
049346,新光金統一95購01,0,0,0,0,0,0,0,0,0,121000,0,0,0,176000,55000,121000,121000
050543,聯發科凱基95購01,0,0,0,0,0,0,0,0,0,121000,0,0,0,150000,29000,121000,121000
049935,南電元大94購08  ,0,0,0,0,0,0,0,0,0,121000,0,0,0,182000,61000,121000,121000
053977,新日興元大96購03,0,0,0,0,0,0,0,0,0,121000,0,0,0,121000,0,121000,121000
06613P,華新科富邦9A售03,0,0,0,0,0,0,0,0,0,121000,0,0,0,121000,0,121000,121000
05683P,矽創元大96售01  ,0,0,0,0,0,0,0,0,0,120000,0,0,0,240000,120000,120000,120000
055630,聯詠永豐97購02  ,0,0,0,0,0,0,0,0,0,120000,0,0,0,120000,0,120000,120000
03410P,聯發科元大02售15,0,0,0,0,0,0,0,0,0,120000,0,0,0,120000,0,120000,120000
045021,臺股指中信94購02,0,0,0,0,0,0,0,0,0,120000,0,0,0,160000,40000,120000,120000
046466,台虹凱基92購01  ,0,0,0,0,0,0,0,0,0,120000,0,0,0,120000,0,120000,120000
050042,台表科亞東94購01,0,0,0,0,0,0,0,0,0,120000,0,0,0,120000,0,120000,120000
051738,全新國票96購02  ,0,0,0,0,0,0,0,0,0,120000,0,0,0,135000,15000,120000,120000
053925,群創國票98購01  ,0,0,0,0,0,0,0,0,0,120000,0,0,0,400000,280000,120000,120000
054164,強茂凱基98購01  ,0,0,0,0,0,0,0,0,0,120000,0,0,0,120000,0,120000,120000
054861,智邦群益97購01  ,0,0,0,0,0,0,0,0,0,120000,0,0,0,205000,85000,120000,120000
053262,華邦電群益96購02,0,0,0,0,0,0,0,0,0,120000,0,0,0,181000,61000,120000,120000
053401,臺股指中信99購01,0,0,0,0,0,0,0,0,0,120000,0,0,0,220000,100000,120000,120000
06180P,禾伸堂群益97售01,0,0,0,0,0,0,0,0,0,120000,0,0,0,210000,90000,120000,120000
06113P,台積電群益97售01,0,0,0,0,0,0,0,0,0,120000,0,0,0,332000,212000,120000,120000
06048P,大立光富邦96售05,0,0,0,0,0,0,0,0,0,120000,0,0,0,120000,0,120000,120000
057470,易華電永豐98購02,0,0,0,0,0,0,0,0,0,119000,0,0,0,139000,20000,119000,119000
03996P,旺宏國泰95售01  ,0,0,0,0,0,0,0,0,0,119000,0,0,0,119000,0,119000,119000
050699,京鼎凱基96購01  ,0,0,0,0,0,0,0,0,0,119000,0,0,0,219000,100000,119000,119000
053160,台表科元大96購03,0,0,0,0,0,0,0,0,0,119000,0,0,0,232000,113000,119000,119000
1760,寶齡富錦        ,124000,6000,118000,0,0,0,0,0,0,1000,0,0,0,1000,0,1000,119000
056719,台虹永豐98購01  ,0,0,0,0,0,0,0,0,0,118000,0,0,0,161000,43000,118000,118000
056403,茂林群益98購01  ,0,0,0,0,0,0,0,0,0,118000,0,0,0,193000,75000,118000,118000
055494,華新科元大98購01,0,0,0,0,0,0,0,0,0,118000,0,0,0,192000,74000,118000,118000
055676,亞德客凱基97購03,0,0,0,0,0,0,0,0,0,118000,0,0,0,255000,137000,118000,118000
055935,創意群益97購02  ,0,0,0,0,0,0,0,0,0,118000,0,0,0,129000,11000,118000,118000
04456P,日月光統一94售01,0,0,0,0,0,0,0,0,0,118000,0,0,0,123000,5000,118000,118000
047803,卜蜂凱基93購03  ,0,0,0,0,0,0,0,0,0,118000,0,0,0,125000,7000,118000,118000
051086,鴻海元大96購04  ,0,0,0,0,0,0,0,0,0,118000,0,0,0,119000,1000,118000,118000
050378,上証2X群益98購02,0,0,0,0,0,0,0,0,0,118000,0,0,0,118000,0,118000,118000
053439,台積電凱基96購11,0,0,0,0,0,0,0,0,0,118000,0,0,0,130000,12000,118000,118000
052799,上銀元大96購01  ,0,0,0,0,0,0,0,0,0,118000,0,0,0,191000,73000,118000,118000
05413P,台郡國票96售02  ,0,0,0,0,0,0,0,0,0,118000,0,0,0,138000,20000,118000,118000
05872P,大立光凱基96售15,0,0,0,0,0,0,0,0,0,118000,0,0,0,136000,18000,118000,118000
055127,台虹兆豐97購01  ,0,0,0,0,0,0,0,0,0,117000,0,0,0,221000,104000,117000,117000
048952,川湖康和94購01  ,0,0,0,0,0,0,0,0,0,117000,0,0,0,117000,0,117000,117000
05218P,大立光永昌96售04,0,0,0,0,0,0,0,0,0,117000,0,0,0,551000,434000,117000,117000
053976,亞光元大96購02  ,0,0,0,0,0,0,0,0,0,117000,0,0,0,329000,212000,117000,117000
055627,亞德客永豐97購02,0,0,0,0,0,0,0,0,0,116000,0,0,0,117000,1000,116000,116000
056592,台積電元富98購01,0,0,0,0,0,0,0,0,0,116000,0,0,0,1190000,1074000,116000,116000
00680L,元大美債20正2   ,0,0,0,0,0,0,0,0,0,116000,5000,0,5000,151000,40000,111000,116000
054185,喬山永豐96購02  ,0,85000,-85000,0,0,0,0,0,0,201000,0,0,0,211000,10000,201000,116000
053239,崇越永豐96購01  ,0,0,0,0,0,0,0,0,0,116000,0,0,0,118000,2000,116000,116000
06111P,上銀兆豐98售01  ,0,0,0,0,0,0,0,0,0,116000,0,0,0,120000,4000,116000,116000
06594P,立積元大98售01  ,0,0,0,0,0,0,0,0,0,116000,0,0,0,216000,100000,116000,116000
3030,德律            ,184000,67000,117000,0,0,0,0,0,0,-1000,2000,3000,-1000,0,0,0,116000
056861,美律群益99購01  ,0,0,0,0,0,0,0,0,0,115000,0,0,0,137000,22000,115000,115000
055907,台虹兆豐98購01  ,0,0,0,0,0,0,0,0,0,115000,0,0,0,169000,54000,115000,115000
055744,茂林元富97購02  ,0,0,0,0,0,0,0,0,0,115000,0,0,0,567000,452000,115000,115000
052359,百和永豐95購01  ,0,0,0,0,0,0,0,0,0,115000,0,0,0,115000,0,115000,115000
050459,台表科元大94購03,0,0,0,0,0,0,0,0,0,115000,0,0,0,178000,63000,115000,115000
052602,聯電元大97購01  ,0,0,0,0,0,0,0,0,0,115000,0,0,0,115000,0,115000,115000
054797,臻鼎群益97購01  ,0,0,0,0,0,0,0,0,0,115000,0,0,0,126000,11000,115000,115000
06093P,華通元富97售03  ,0,0,0,0,0,0,0,0,0,115000,0,0,0,119000,4000,115000,115000
057357,超眾統一98購01  ,0,0,0,0,0,0,0,0,0,114000,0,0,0,114000,0,114000,114000
056952,元油2X國泰99購01,0,0,0,0,0,0,0,0,0,114000,0,0,0,120000,6000,114000,114000
054966,貿聯元大98購02  ,0,0,0,0,0,0,0,0,0,114000,0,0,0,114000,0,114000,114000
06198P,台積電元大98售06,0,0,0,0,0,0,0,0,0,114000,0,0,0,425000,311000,114000,114000
06658P,台灣50富邦9C售01,0,0,0,0,0,0,0,0,0,114000,0,0,0,114000,0,114000,114000
06457P,玉晶光統一98售02,0,0,0,0,0,0,0,0,0,114000,0,0,0,114000,0,114000,114000
056971,麗豐永豐98購01  ,0,0,0,0,0,0,0,0,0,113000,0,0,0,274000,161000,113000,113000
055380,智易元大98購02  ,0,0,0,0,0,0,0,0,0,113000,0,0,0,113000,0,113000,113000
049670,鈺齊國泰96購01  ,0,0,0,0,0,0,0,0,0,113000,0,0,0,180000,67000,113000,113000
049655,臺股指凱基94購16,0,0,0,0,0,0,0,0,0,113000,0,0,0,210000,97000,113000,113000
049635,臺股指群益94購08,0,0,0,0,0,0,0,0,0,113000,0,0,0,129000,16000,113000,113000
051615,華通凱基96購01  ,0,0,0,0,0,0,0,0,0,113000,0,0,0,133000,20000,113000,113000
052913,鴻海元富96購05  ,0,0,0,0,0,0,0,0,0,113000,0,0,0,481000,368000,113000,113000
055286,晶技元大98購03  ,0,0,0,0,0,0,0,0,0,112000,0,0,0,222000,110000,112000,112000
049529,華新科中信95購01,0,0,0,0,0,0,0,0,0,112000,0,0,0,313000,201000,112000,112000
051935,味全群益95購01  ,0,0,0,0,0,0,0,0,0,112000,0,0,0,184000,72000,112000,112000
052878,台虹凱基96購01  ,0,0,0,0,0,0,0,0,0,112000,0,0,0,171000,59000,112000,112000
054964,智易元大99購01  ,0,0,0,0,0,0,0,0,0,112000,0,0,0,119000,7000,112000,112000
06170P,禾伸堂元富97售02,0,0,0,0,0,0,0,0,0,112000,0,0,0,293000,181000,112000,112000
2453,凌群            ,122000,10000,112000,0,0,0,0,0,0,0,0,0,0,0,0,0,112000
5522,遠雄            ,408000,227000,181000,0,0,0,0,0,0,-69000,1000,70000,-69000,0,0,0,112000
055972,GIS元大97購04   ,0,0,0,0,0,0,0,0,0,111000,0,0,0,121000,10000,111000,111000
056995,華新科日盛99購01,0,0,0,0,0,0,0,0,0,111000,0,0,0,123000,12000,111000,111000
020000,富邦特選蘋果N   ,0,0,0,0,0,0,0,0,0,111000,0,0,0,539000,428000,111000,111000
03004P,華擎群益02售02  ,0,0,0,0,0,0,0,0,0,111000,0,0,0,111000,0,111000,111000
047929,景碩凱基93購03  ,0,0,0,0,0,0,0,0,0,111000,0,0,0,111000,0,111000,111000
049525,華新科兆豐94購01,0,0,0,0,0,0,0,0,0,111000,0,0,0,121000,10000,111000,111000
051701,華通群益97購01  ,0,0,0,0,0,0,0,0,0,111000,0,0,0,111000,0,111000,111000
054623,華新科第一97購01,0,0,0,0,0,0,0,0,0,111000,0,0,0,289000,178000,111000,111000
054446,美食兆豐97購01  ,0,0,0,0,0,0,0,0,0,111000,0,0,0,111000,0,111000,111000
05778P,台積電統一96售05,0,0,0,0,0,0,0,0,0,111000,0,0,0,113000,2000,111000,111000
056687,元大金統一98購01,0,0,0,0,0,0,0,0,0,110000,0,0,0,170000,60000,110000,110000
055550,華邦電凱基97購03,0,0,0,0,0,0,0,0,0,110000,0,0,0,120000,10000,110000,110000
047840,新日興元大93購03,0,0,0,0,0,0,0,0,0,110000,0,0,0,110000,0,110000,110000
049288,聯茂兆豐95購02  ,0,0,0,0,0,0,0,0,0,110000,0,0,0,110000,0,110000,110000
051160,亞德客元大95購02,0,0,0,0,0,0,0,0,0,110000,0,0,0,153000,43000,110000,110000
051124,創意群益95購01  ,0,0,0,0,0,0,0,0,0,110000,0,0,0,110000,0,110000,110000
046767,南茂凱基93購03  ,0,0,0,0,0,0,0,0,0,110000,0,0,0,120000,10000,110000,110000
046680,上証反群益95購01,0,0,0,0,0,0,0,0,0,110000,0,0,0,110000,0,110000,110000
046319,新日興元大92購03,0,0,0,0,0,0,0,0,0,110000,0,0,0,110000,0,110000,110000
043972,大立光富邦93購02,0,0,0,0,0,0,0,0,0,110000,0,0,0,110000,0,110000,110000
047231,大立光凱基95購03,0,0,0,0,0,0,0,0,0,110000,0,0,0,111000,1000,110000,110000
051986,燿華元大96購04  ,0,0,0,0,0,0,0,0,0,110000,0,0,0,110000,0,110000,110000
050717,京鼎群益96購01  ,0,0,0,0,0,0,0,0,0,110000,0,0,0,125000,15000,110000,110000
049780,智易統一94購02  ,0,0,0,0,0,0,0,0,0,110000,0,0,0,110000,0,110000,110000
05419P,矽力永豐95售02  ,0,0,0,0,0,0,0,0,0,110000,0,0,0,110000,0,110000,110000
054253,宏達電元大97購03,0,0,0,0,0,0,0,0,0,110000,0,0,0,118000,8000,110000,110000
05323P,瑞昱凱基96售02  ,0,0,0,0,0,0,0,0,0,110000,0,0,0,110000,0,110000,110000
053229,南電台新97購01  ,0,0,0,0,0,0,0,0,0,110000,0,0,0,130000,20000,110000,110000
053399,創意中信96購01  ,0,0,0,0,0,0,0,0,0,110000,0,0,0,110000,0,110000,110000
05828P,台積電統一97售02,0,0,0,0,0,0,0,0,0,110000,0,0,0,110000,0,110000,110000
06655P,TPK元大98售02   ,0,0,0,0,0,0,0,0,0,110000,0,0,0,110000,0,110000,110000
055618,麗豐國票98購01  ,0,0,0,0,0,0,0,0,0,109000,0,0,0,167000,58000,109000,109000
04808P,訊芯永豐94售02  ,0,0,0,0,0,0,0,0,0,109000,0,0,0,109000,0,109000,109000
053033,智易兆豐97購01  ,0,0,0,0,0,0,0,0,0,109000,0,0,0,109000,0,109000,109000
054312,TPK凱基98購01   ,0,0,0,0,0,0,0,0,0,109000,0,0,0,112000,3000,109000,109000
06486P,麗豐元大98售02  ,0,0,0,0,0,0,0,0,0,109000,0,0,0,109000,0,109000,109000
055114,新日興凱基98購01,0,0,0,0,0,0,0,0,0,108000,0,0,0,119000,11000,108000,108000
055905,可成兆豐97購03  ,0,0,0,0,0,0,0,0,0,108000,0,0,0,110000,2000,108000,108000
050801,元金2X群益98購01,0,0,0,0,0,0,0,0,0,108000,0,0,0,108000,0,108000,108000
048670,華新科永豐93購03,0,0,0,0,0,0,0,0,0,108000,0,0,0,217000,109000,108000,108000
050715,台積電群益96購01,0,0,0,0,0,0,0,0,0,108000,0,0,0,332000,224000,108000,108000
050893,鴻海元大96購03  ,0,0,0,0,0,0,0,0,0,108000,0,0,0,131000,23000,108000,108000
049487,智邦元大94購03  ,0,0,0,0,0,0,0,0,0,108000,0,0,0,130000,22000,108000,108000
05394P,聯詠中信95售02  ,0,0,0,0,0,0,0,0,0,108000,0,0,0,108000,0,108000,108000
053959,晶豪科永豐96購02,0,0,0,0,0,0,0,0,0,108000,0,0,0,108000,0,108000,108000
054012,廣達永豐96購01  ,0,0,0,0,0,0,0,0,0,108000,0,0,0,176000,68000,108000,108000
05779P,台積電統一96售06,0,0,0,0,0,0,0,0,0,108000,0,0,0,108000,0,108000,108000
06097P,茂林永豐97售01  ,0,0,0,0,0,0,0,0,0,108000,0,0,0,110000,2000,108000,108000
055698,茂林國票98購03  ,0,0,0,0,0,0,0,0,0,107000,0,0,0,107000,0,107000,107000
047646,貿聯元大94購01  ,0,0,0,0,0,0,0,0,0,107000,0,0,0,108000,1000,107000,107000
047319,晶技元大93購02  ,0,0,0,0,0,0,0,0,0,107000,0,0,0,107000,0,107000,107000
051572,上銀元大95購01  ,0,0,0,0,0,0,0,0,0,107000,0,0,0,168000,61000,107000,107000
052324,康友元大96購02  ,0,0,0,0,0,0,0,0,0,107000,0,0,0,553000,446000,107000,107000
05375P,健策國票96售02  ,0,0,0,0,0,0,0,0,0,107000,0,0,0,287000,180000,107000,107000
04751P,智邦兆豐95售02  ,0,0,0,0,0,0,0,0,0,106000,0,0,0,587000,481000,106000,106000
052283,TPK凱基97購01   ,0,0,0,0,0,0,0,0,0,106000,0,0,0,106000,0,106000,106000
049574,新日興統一94購03,0,0,0,0,0,0,0,0,0,106000,0,0,0,106000,0,106000,106000
054858,台肥群益97購01  ,0,0,0,0,0,0,0,0,0,106000,0,0,0,148000,42000,106000,106000
057539,南茂元大98購02  ,0,0,0,0,0,0,0,0,0,106000,0,0,0,113000,7000,106000,106000
04457P,同欣電統一94售01,0,0,0,0,0,0,0,0,0,105000,0,0,0,105000,0,105000,105000
050087,美食台新94購01  ,0,0,0,0,0,0,0,0,0,105000,0,0,0,135000,30000,105000,105000
052092,貿聯元大96購02  ,0,0,0,0,0,0,0,0,0,105000,0,0,0,110000,5000,105000,105000
051309,卜蜂麥證95購01  ,0,0,0,120000,15000,105000,0,0,0,105000,0,0,0,120000,15000,105000,105000
053753,啟碁永豐96購01  ,0,0,0,0,0,0,0,0,0,105000,0,0,0,105000,0,105000,105000
053617,宏達電群益96購02,0,0,0,0,0,0,0,0,0,105000,0,0,0,150000,45000,105000,105000
05921P,同欣電元大96售06,0,0,0,0,0,0,0,0,0,105000,0,0,0,115000,10000,105000,105000
6668,中揚光          ,154000,49000,105000,0,0,0,0,0,0,0,0,0,0,0,0,0,105000
056846,晶相光元富98購01,0,0,0,0,0,0,0,0,0,104000,0,0,0,125000,21000,104000,104000
056493,晶技國泰99購01  ,0,0,0,0,0,0,0,0,0,104000,0,0,0,241000,137000,104000,104000
047147,嘉晶群益93購02  ,0,0,0,0,0,0,0,0,0,104000,0,0,0,104000,0,104000,104000
051065,台積電國票96購01,0,0,0,0,0,0,0,0,0,104000,0,0,0,126000,22000,104000,104000
049697,群創元大98購01  ,0,0,0,0,0,0,0,0,0,104000,0,0,0,175000,71000,104000,104000
052706,台虹國票97購01  ,0,0,0,0,0,0,0,0,0,104000,0,0,0,104000,0,104000,104000
052363,廣達國票96購01  ,0,0,0,0,0,0,0,0,0,104000,0,0,0,184000,80000,104000,104000
053773,上銀元大96購04  ,0,0,0,0,0,0,0,0,0,104000,0,0,0,166000,62000,104000,104000
054254,晶豪科元大96購02,0,0,0,0,0,0,0,0,0,104000,0,0,0,104000,0,104000,104000
055743,TPK元富98購01   ,0,0,0,0,0,0,0,0,0,103000,0,0,0,244000,141000,103000,103000
051191,可成兆豐96購01  ,0,0,0,0,0,0,0,0,0,103000,0,0,0,163000,60000,103000,103000
05396P,台郡元大95售05  ,0,0,0,0,0,0,0,0,0,103000,0,0,0,385000,282000,103000,103000
054717,亞德客永豐97購01,0,0,0,0,0,0,0,0,0,103000,0,0,0,188000,85000,103000,103000
052844,台積電統一96購02,0,0,0,0,0,0,0,0,0,103000,0,0,0,252000,149000,103000,103000
053651,台光電凱基98購01,0,0,0,0,0,0,0,0,0,103000,0,0,0,128000,25000,103000,103000
053681,臺股指富邦96購02,0,0,0,0,0,0,0,0,0,103000,0,0,0,105000,2000,103000,103000
3047,訊舟            ,109000,7000,102000,0,0,0,0,0,0,1000,1000,0,1000,0,0,0,103000
06561P,台灣50國泰9A售01,0,0,0,0,0,0,0,0,0,103000,0,0,0,134000,31000,103000,103000
046275,台表科凱基94購01,0,0,0,0,0,0,0,0,0,102000,0,0,0,112000,10000,102000,102000
050010,鈺齊永豐94購01  ,0,0,0,0,0,0,0,0,0,102000,0,0,0,124000,22000,102000,102000
05912P,和大元大96售01  ,0,0,0,0,0,0,0,0,0,102000,0,0,0,102000,0,102000,102000
05766P,A50正2凱基99售01,0,0,0,0,0,0,0,0,0,102000,0,0,0,218000,116000,102000,102000
2426,鼎元            ,135000,35000,100000,0,0,0,0,0,0,2000,3000,1000,2000,0,0,0,102000
2845,遠東銀          ,673000,575000,98000,0,0,0,4000,0,4000,0,0,0,0,0,0,0,102000
6224,聚鼎            ,147000,49000,98000,0,0,0,0,0,0,4000,4000,0,4000,0,0,0,102000
055678,上銀凱基97購02  ,0,0,0,0,0,0,0,0,0,101000,0,0,0,126000,25000,101000,101000
056306,晶相光元大98購01,0,0,0,0,0,0,0,0,0,101000,0,0,0,310000,209000,101000,101000
045362,A50正2兆豐93購02,0,0,0,0,0,0,0,0,0,101000,0,0,0,101000,0,101000,101000
044464,滬深2X群益95購01,0,0,0,0,0,0,0,0,0,101000,0,0,0,130000,29000,101000,101000
044049,元金2X元大94購03,0,0,0,0,0,0,0,0,0,101000,0,0,0,104000,3000,101000,101000
00743,國泰中國A150    ,150000,0,150000,0,0,0,0,0,0,-49000,0,0,0,41000,90000,-49000,101000
04924P,元油2X元大94售12,0,0,0,0,0,0,0,0,0,101000,0,0,0,102000,1000,101000,101000
047993,鑽全元大96購01  ,0,0,0,0,0,0,0,0,0,101000,0,0,0,294000,193000,101000,101000
052347,GIS凱基95購05   ,0,0,0,0,0,0,0,0,0,101000,0,0,0,101000,0,101000,101000
049165,元油2X凱基97購01,0,0,0,0,0,0,0,0,0,101000,0,0,0,101000,0,101000,101000
056578,智易元大99購02  ,0,0,0,0,0,0,0,0,0,100000,0,0,0,137000,37000,100000,100000
05736P,臺股指統一96售06,0,0,0,0,0,0,0,0,0,100000,0,0,0,100000,0,100000,100000
057186,群創元大99購04  ,0,0,0,0,0,0,0,0,0,100000,0,0,0,100000,0,100000,100000
057343,道瓊反統一9A購01,0,0,0,0,0,0,0,0,0,100000,0,0,0,100000,0,100000,100000
055753,貿聯第一98購01  ,0,0,0,0,0,0,0,0,0,100000,0,0,0,105000,5000,100000,100000
056142,超眾元大97購06  ,0,0,0,0,0,0,0,0,0,100000,0,0,0,109000,9000,100000,100000
05506P,茂林凱基96售03  ,0,0,0,0,0,0,0,0,0,100000,0,0,0,100000,0,100000,100000
055314,華邦電中信99購01,0,0,0,0,0,0,0,0,0,100000,0,0,0,100000,0,100000,100000
047909,超眾元大93購03  ,0,0,0,0,0,0,0,0,0,100000,0,0,0,100000,0,100000,100000
047015,上銀元大93購03  ,0,0,0,0,0,0,0,0,0,100000,0,0,0,100000,0,100000,100000
047197,美律統一94購01  ,0,0,0,0,0,0,0,0,0,100000,0,0,0,100000,0,100000,100000
046332,同欣電元大92購01,0,0,0,0,0,0,0,0,0,100000,0,0,0,100000,0,100000,100000
048629,滬深2X元大96購04,0,0,0,0,0,0,0,0,0,100000,0,0,0,100000,0,100000,100000
047643,新光金元大95購02,0,0,0,0,0,0,0,0,0,100000,0,0,0,100000,0,100000,100000
046499,技嘉元大92購02  ,0,0,0,0,0,0,0,0,0,100000,0,0,0,100000,0,100000,100000
046656,華邦電元大93購02,0,0,0,0,0,0,0,0,0,100000,0,0,0,100000,0,100000,100000
04244P,可成元大93售12  ,0,0,0,0,0,0,0,0,0,100000,0,0,0,100000,0,100000,100000
045454,上銀元大93購01  ,0,0,0,0,0,0,0,0,0,100000,0,0,0,100000,0,100000,100000
045733,瑞昱國票93購01  ,0,0,0,0,0,0,0,0,0,100000,0,0,0,100000,0,100000,100000
044354,奇鋐元大93購02  ,0,0,0,0,0,0,0,0,0,100000,0,0,0,100000,0,100000,100000
044430,上銀元大92購03  ,0,0,0,0,0,0,0,0,0,100000,0,0,0,100000,0,100000,100000
045216,鴻海元大93購02  ,0,0,0,0,0,0,0,0,0,100000,0,0,0,100000,0,100000,100000
045223,潤泰全元大93購01,0,0,0,0,0,0,0,0,0,100000,0,0,0,100000,0,100000,100000
048402,聯茂兆豐95購01  ,0,0,0,0,0,0,0,0,0,100000,0,0,0,100000,0,100000,100000
04844P,京元電亞東94售01,0,0,0,0,0,0,0,0,0,100000,0,0,0,100000,0,100000,100000
048292,微星群益93購01  ,0,0,0,0,0,0,0,0,0,100000,0,0,0,100000,0,100000,100000
050944,智邦群益95購01  ,0,0,0,0,0,0,0,0,0,100000,0,0,0,300000,200000,100000,100000
050239,廣達凱基94購01  ,0,0,0,0,0,0,0,0,0,100000,0,0,0,110000,10000,100000,100000
050740,旺宏永豐94購03  ,0,0,0,0,0,0,0,0,0,100000,0,0,0,168000,68000,100000,100000
049612,香港反中信96購01,0,0,0,0,0,0,0,0,0,100000,0,0,0,100000,0,100000,100000
051515,聯發科凱基95購10,0,0,0,0,0,0,0,0,0,100000,0,0,0,100000,0,100000,100000
051507,彩晶元富95購01  ,0,0,0,0,0,0,0,0,0,100000,0,0,0,100000,0,100000,100000
053369,T50反1元大96購06,0,0,0,0,0,0,0,0,0,100000,0,0,0,100000,0,100000,100000
05283P,健鼎元大95售04  ,0,0,0,0,0,0,0,0,0,100000,0,0,0,150000,50000,100000,100000
052762,欣興群益96購01  ,0,0,0,0,0,0,0,0,0,100000,0,0,0,100000,0,100000,100000
052365,聯詠國票95購02  ,0,0,0,0,0,0,0,0,0,100000,0,0,0,100000,0,100000,100000
052375,奇力新元大96購02,0,0,0,0,0,0,0,0,0,100000,0,0,0,202000,102000,100000,100000
052640,台表科凱基97購01,0,0,0,0,0,0,0,0,0,100000,0,0,0,211000,111000,100000,100000
054467,隆達凱基97購01  ,0,0,0,0,0,0,0,0,0,100000,0,0,0,100000,0,100000,100000
054526,道瓊反統一98購01,0,0,0,0,0,0,0,0,0,100000,0,0,0,100000,0,100000,100000
054837,欣興第一97購01  ,0,0,0,0,0,0,0,0,0,100000,0,0,0,109000,9000,100000,100000
054935,華通元大98購03  ,0,0,0,0,0,0,0,0,0,100000,0,0,0,126000,26000,100000,100000
054997,文曄元富97購01  ,0,0,0,0,0,0,0,0,0,100000,0,0,0,100000,0,100000,100000
054999,玉晶光元富97購03,0,0,0,0,0,0,0,0,0,100000,0,0,0,200000,100000,100000,100000
054024,中鋼康和96購01  ,0,0,0,0,0,0,0,0,0,100000,0,0,0,100000,0,100000,100000
053841,美律統一96購01  ,0,0,0,0,0,0,0,0,0,100000,0,0,0,100000,0,100000,100000
05424P,台達電亞東96售02,0,0,0,0,0,0,0,0,0,100000,0,0,0,100000,0,100000,100000
054140,智易元大97購03  ,0,0,0,0,0,0,0,0,0,100000,0,0,0,119000,19000,100000,100000
054397,創意永豐96購05  ,0,0,0,0,0,0,0,0,0,100000,0,0,0,100000,0,100000,100000
05979P,華新科中信96售02,0,0,0,0,0,0,0,0,0,100000,0,0,0,200000,100000,100000,100000
06049P,創意亞東97售01  ,0,0,0,0,0,0,0,0,0,100000,0,0,0,100000,0,100000,100000
06035P,同欣電凱基96售03,0,0,0,0,0,0,0,0,0,100000,0,0,0,100000,0,100000,100000
06177P,玉晶光元大98售07,0,0,0,0,0,0,0,0,0,100000,0,0,0,104000,4000,100000,100000
06216P,上銀元富97售03  ,0,0,0,0,0,0,0,0,0,100000,0,0,0,100000,0,100000,100000
06270P,致伸凱基97售03  ,0,0,0,0,0,0,0,0,0,100000,0,0,0,100000,0,100000,100000
06302P,臺股指元大97售06,0,0,0,0,0,0,0,0,0,100000,0,0,0,100000,0,100000,100000
06475P,牧德永豐98售03  ,0,0,0,0,0,0,0,0,0,100000,0,0,0,100000,0,100000,100000
055272,國巨元大98購04  ,0,0,0,0,0,0,0,0,0,99000,0,0,0,310000,211000,99000,99000
055642,廣宇元富97購01  ,0,0,0,0,0,0,0,0,0,99000,0,0,0,130000,31000,99000,99000
056224,聯發科凱基97購08,0,0,0,0,0,0,0,0,0,99000,0,0,0,111000,12000,99000,99000
055830,上銀元大97購07  ,0,0,0,0,0,0,0,0,0,99000,0,0,0,229000,130000,99000,99000
05702P,矽創凱基96售02  ,0,0,0,0,0,0,0,0,0,99000,0,0,0,100000,1000,99000,99000
056647,晶技凱基98購02  ,0,0,0,0,0,0,0,0,0,99000,0,0,0,167000,68000,99000,99000
044396,燿華凱基93購02  ,0,0,0,0,0,0,0,0,0,99000,0,0,0,99000,0,99000,99000
04395P,台積電群益94售06,0,0,0,0,0,0,0,0,0,99000,0,0,0,100000,1000,99000,99000
046182,燿華凱基93購04  ,0,0,0,0,0,0,0,0,0,99000,0,0,0,99000,0,99000,99000
03429B,臺股指元富97熊07,0,0,0,0,0,0,0,0,0,99000,0,0,0,150000,51000,99000,99000
04957P,上証2X凱基96售02,0,0,0,0,0,0,0,0,0,99000,0,0,0,99000,0,99000,99000
05036P,義隆元大95售03  ,0,0,0,0,0,0,0,0,0,99000,0,0,0,99000,0,99000,99000
054387,台積電統一98購02,0,0,0,0,0,0,0,0,0,99000,0,0,0,109000,10000,99000,99000
054849,日月光兆豐97購01,0,0,0,0,0,0,0,0,0,99000,0,0,0,99000,0,99000,99000
054542,台表科國票98購01,0,0,0,0,0,0,0,0,0,99000,0,0,0,149000,50000,99000,99000
05946P,和碩中信96售01  ,0,0,0,0,0,0,0,0,0,99000,0,0,0,116000,17000,99000,99000
6120,達運            ,166000,67000,99000,0,0,0,0,0,0,0,0,0,0,0,0,0,99000
056693,國產群益98購01  ,0,0,0,0,0,0,0,0,0,98000,0,0,0,98000,0,98000,98000
055931,冠德群益97購02  ,0,0,0,0,0,0,0,0,0,98000,0,0,0,98000,0,98000,98000
055593,華新科元大97購10,0,0,0,0,0,0,0,0,0,98000,0,0,0,319000,221000,98000,98000
055439,台表科國票98購02,0,0,0,0,0,0,0,0,0,98000,0,0,0,116000,18000,98000,98000
055317,金寶國票98購01  ,0,0,0,0,0,0,0,0,0,98000,0,0,0,233000,135000,98000,98000
048908,慧洋富邦95購01  ,0,0,0,0,0,0,0,0,0,98000,0,0,0,98000,0,98000,98000
048847,A50群益98購01   ,0,0,0,0,0,0,0,0,0,98000,0,0,0,101000,3000,98000,98000
05193P,台郡台新95售01  ,0,0,0,0,0,0,0,0,0,98000,0,0,0,178000,80000,98000,98000
054433,南亞科台新96購02,0,0,0,0,0,0,0,0,0,98000,0,0,0,98000,0,98000,98000
054664,台表科元大97購04,0,0,0,0,0,0,0,0,0,98000,0,0,0,208000,110000,98000,98000
054796,康普群益98購01  ,0,0,0,0,0,0,0,0,0,98000,0,0,0,98000,0,98000,98000
055013,訊連元富97購01  ,0,0,0,0,0,0,0,0,0,98000,0,0,0,311000,213000,98000,98000
054154,智易國泰97購01  ,0,0,0,0,0,0,0,0,0,98000,0,0,0,98000,0,98000,98000
1444,力麗            ,272000,171000,101000,0,0,0,0,0,0,-3000,0,3000,-3000,0,0,0,98000
055340,華新科日盛97購01,0,0,0,0,0,0,0,0,0,97000,0,0,0,442000,345000,97000,97000
055516,上銀中信97購01  ,0,0,0,0,0,0,0,0,0,97000,0,0,0,120000,23000,97000,97000
055949,亞德客元大97購04,0,0,0,0,0,0,0,0,0,97000,0,0,0,195000,98000,97000,97000
046938,致茂元大93購02  ,0,0,0,0,0,0,0,0,0,97000,0,0,0,107000,10000,97000,97000
04795P,聯發科元大94售09,0,0,0,0,0,0,0,0,0,97000,0,0,0,298000,201000,97000,97000
054060,晶技國票97購02  ,0,0,0,0,0,0,0,0,0,97000,0,0,0,119000,22000,97000,97000
056671,台灣50元富9A購01,0,0,0,0,0,0,0,0,0,96000,0,0,0,609000,513000,96000,96000
047669,台表科永豐93購02,0,0,0,0,0,0,0,0,0,96000,0,0,0,96000,0,96000,96000
042712,元石油國票95購01,0,0,0,0,0,0,0,0,0,96000,0,0,0,96000,0,96000,96000
045121,康控元大93購03  ,0,0,0,0,0,0,0,0,0,96000,0,0,0,196000,100000,96000,96000
053203,智易日盛96購01  ,0,0,0,0,0,0,0,0,0,96000,0,0,0,96000,0,96000,96000
1515,力山            ,292000,224000,68000,0,0,0,0,0,0,28000,0,0,0,36000,8000,28000,96000
06425P,TPK永豐97售02   ,0,0,0,0,0,0,0,0,0,96000,0,0,0,101000,5000,96000,96000
055838,致茂元大97購03  ,0,0,0,0,0,0,0,0,0,95000,0,0,0,95000,0,95000,95000
055347,台積電凱基97購10,0,0,0,0,0,0,0,0,0,95000,0,0,0,96000,1000,95000,95000
04402P,TPK兆豐95售01   ,0,0,0,0,0,0,0,0,0,95000,0,0,0,100000,5000,95000,95000
04348P,燿華國票94售01  ,0,0,0,0,0,0,0,0,0,95000,0,0,0,145000,50000,95000,95000
03638P,嘉晶凱基93售03  ,0,0,0,0,0,0,0,0,0,95000,0,0,0,95000,0,95000,95000
048084,華通凱基93購05  ,0,0,0,0,0,0,0,0,0,95000,0,0,0,135000,40000,95000,95000
057541,台灣50康和9A購04,0,0,0,0,0,0,0,0,0,95000,0,0,0,95000,0,95000,95000
055199,國喬群益97購01  ,0,0,0,0,0,0,0,0,0,94000,0,0,0,250000,156000,94000,94000
045572,元油2X元大98購01,0,0,0,0,0,0,0,0,0,94000,0,0,0,344000,250000,94000,94000
045235,致茂中信93購01  ,0,0,0,0,0,0,0,0,0,94000,0,0,0,94000,0,94000,94000
04629P,康控元大94售05  ,0,0,0,0,0,0,0,0,0,94000,0,0,0,94000,0,94000,94000
052054,台表科凱基96購01,0,0,0,0,0,0,0,0,0,94000,0,0,0,236000,142000,94000,94000
049873,華新科台新94購02,0,0,0,0,0,0,0,0,0,94000,0,0,0,94000,0,94000,94000
048962,宏全康和94購01  ,0,0,0,0,0,0,0,0,0,94000,0,0,0,94000,0,94000,94000
051729,華新國票96購01  ,0,0,0,0,0,0,0,0,0,94000,0,0,0,144000,50000,94000,94000
053417,上銀永豐96購02  ,0,0,0,0,0,0,0,0,0,94000,0,0,0,107000,13000,94000,94000
053738,群創麥證96購01  ,0,0,0,204000,110000,94000,0,0,0,94000,0,0,0,204000,110000,94000,94000
053013,台積電統一97購01,0,0,0,0,0,0,0,0,0,94000,0,0,0,102000,8000,94000,94000
054228,貿聯元富96購03  ,0,0,0,0,0,0,0,0,0,94000,0,0,0,274000,180000,94000,94000
06235P,國巨元大97售12  ,0,0,0,0,0,0,0,0,0,94000,0,0,0,157000,63000,94000,94000
055064,碩天永豐97購01  ,0,0,0,0,0,0,0,0,0,93000,0,0,0,107000,14000,93000,93000
055235,金寶台新98購01  ,0,0,0,0,0,0,0,0,0,93000,0,0,0,316000,223000,93000,93000
056601,鈺齊元富98購01  ,0,0,0,0,0,0,0,0,0,93000,0,0,0,119000,26000,93000,93000
04756P,大立光元富94售08,0,0,0,0,0,0,0,0,0,93000,0,0,0,374000,281000,93000,93000
049463,華新科富邦97購01,0,0,0,0,0,0,0,0,0,93000,0,0,0,169000,76000,93000,93000
05204P,TPK元大95售03   ,0,0,0,0,0,0,0,0,0,93000,0,0,0,102000,9000,93000,93000
052688,新日興元大96購01,0,0,0,0,0,0,0,0,0,93000,0,0,0,173000,80000,93000,93000
053419,光罩永豐96購01  ,0,0,0,0,0,0,0,0,0,93000,0,0,0,93000,0,93000,93000
06722P,臺股指中信9A售04,0,0,0,0,0,0,0,0,0,93000,0,0,0,95000,2000,93000,93000
1789,神隆            ,224000,122000,102000,0,0,0,0,0,0,-9000,0,9000,-9000,0,0,0,93000
055437,禾伸堂中信99購01,0,0,0,0,0,0,0,0,0,92000,0,0,0,112000,20000,92000,92000
048611,宏達電凱基93購04,0,0,0,0,0,0,0,0,0,92000,0,0,0,92000,0,92000,92000
04726P,TPK凱基94售04   ,0,0,0,0,0,0,0,0,0,92000,0,0,0,102000,10000,92000,92000
047366,台表科群益93購01,0,0,0,0,0,0,0,0,0,92000,0,0,0,92000,0,92000,92000
04028P,燿華凱基94售02  ,0,0,0,0,0,0,0,0,0,92000,0,0,0,94000,2000,92000,92000
049524,可成兆豐95購02  ,0,0,0,0,0,0,0,0,0,92000,0,0,0,192000,100000,92000,92000
053168,晶技群益98購01  ,0,0,0,0,0,0,0,0,0,92000,0,0,0,194000,102000,92000,92000
2637,慧洋-KY         ,635000,229000,406000,0,0,0,1000,0,1000,-315000,0,298000,-298000,0,17000,-17000,92000
056923,奇力新兆豐99購02,0,0,0,0,0,0,0,0,0,91000,0,0,0,271000,180000,91000,91000
057264,新光金兆豐98購01,0,0,0,0,0,0,0,0,0,91000,0,0,0,109000,18000,91000,91000
050797,聯發科中信99購01,0,0,0,0,0,0,0,0,0,91000,0,0,0,281000,190000,91000,91000
052200,台光電統一95購02,0,0,0,0,0,0,0,0,0,91000,0,0,0,91000,0,91000,91000
05431P,台光電統一97售01,0,0,0,0,0,0,0,0,0,91000,0,0,0,92000,1000,91000,91000
2390,云辰            ,635000,642000,-7000,0,0,0,0,0,0,98000,98000,0,98000,0,0,0,91000
06420P,大立光統一98售06,0,0,0,0,0,0,0,0,0,91000,0,0,0,101000,10000,91000,91000
06422P,勤誠統一98售01  ,0,0,0,0,0,0,0,0,0,91000,0,0,0,91000,0,91000,91000
06155P,智邦統一97售02  ,0,0,0,0,0,0,0,0,0,91000,0,0,0,91000,0,91000,91000
056466,臺股指凱基99購08,0,0,0,0,0,0,0,0,0,90000,0,0,0,110000,20000,90000,90000
055211,A50反1凱基9A購01,0,0,0,0,0,0,0,0,0,90000,0,0,0,178000,88000,90000,90000
056072,群創元大97購01  ,0,0,0,0,0,0,0,0,0,90000,0,0,0,187000,97000,90000,90000
051116,可成麥證95購01  ,0,0,0,90000,0,90000,0,0,0,90000,0,0,0,90000,0,90000,90000
050994,欣興元大96購03  ,0,0,0,0,0,0,0,0,0,90000,0,0,0,210000,120000,90000,90000
048098,嘉澤凱基93購04  ,0,0,0,0,0,0,0,0,0,90000,0,0,0,100000,10000,90000,90000
047901,復盛群益93購01  ,0,0,0,0,0,0,0,0,0,90000,0,0,0,169000,79000,90000,90000
047107,上銀元大93購04  ,0,0,0,0,0,0,0,0,0,90000,0,0,0,90000,0,90000,90000
048186,元黃金元大96購01,0,0,0,0,0,0,0,0,0,90000,0,0,0,90000,0,90000,90000
046431,中環第一92購01  ,0,0,0,0,0,0,0,0,0,90000,0,0,0,90000,0,90000,90000
046644,台達電國泰93購01,0,0,0,0,0,0,0,0,0,90000,0,0,0,90000,0,90000,90000
045462,美律元大93購04  ,0,0,0,0,0,0,0,0,0,90000,0,0,0,110000,20000,90000,90000
04249P,大立光統一94售04,0,0,0,0,0,0,0,0,0,90000,0,0,0,90000,0,90000,90000
047388,京元電元大95購01,0,0,0,0,0,0,0,0,0,90000,0,0,0,90000,0,90000,90000
04626P,聯發科元大94售07,0,0,0,0,0,0,0,0,0,90000,0,0,0,290000,200000,90000,90000
044403,新日興凱基92購01,0,0,0,0,0,0,0,0,0,90000,0,0,0,90000,0,90000,90000
049598,超眾元大95購03  ,0,0,0,0,0,0,0,0,0,90000,0,0,0,90000,0,90000,90000
049465,美律台新94購01  ,0,0,0,0,0,0,0,0,0,90000,0,0,0,90000,0,90000,90000
049144,瑞昱元大94購03  ,0,0,0,0,0,0,0,0,0,90000,0,0,0,100000,10000,90000,90000
049050,崇越康和94購01  ,0,0,0,0,0,0,0,0,0,90000,0,0,0,170000,80000,90000,90000
051671,和鑫元大96購02  ,0,0,0,0,0,0,0,0,0,90000,0,0,0,100000,10000,90000,90000
050192,康控元大97購01  ,0,0,0,0,0,0,0,0,0,90000,0,0,0,120000,30000,90000,90000
051369,新光金富邦9A購01,0,0,0,0,0,0,0,0,0,90000,0,0,0,90000,0,90000,90000
054127,台積電元大96購21,0,0,0,0,0,0,0,0,0,90000,0,0,0,556000,466000,90000,90000
054813,鴻海元大97購09  ,0,0,0,0,0,0,0,0,0,90000,0,0,0,649000,559000,90000,90000
053346,群創國票97購04  ,0,0,0,0,0,0,0,0,0,90000,0,0,0,90000,0,90000,90000
05328P,臺股指凱基95售12,0,0,0,0,0,0,0,0,0,90000,0,0,0,100000,10000,90000,90000
053025,燿華富邦98購02  ,0,0,0,0,0,0,0,0,0,90000,0,0,0,100000,10000,90000,90000
05285P,同欣電群益95售02,0,0,0,0,0,0,0,0,0,90000,0,0,0,120000,30000,90000,90000
06061P,訊芯統一97售01  ,0,0,0,0,0,0,0,0,0,90000,0,0,0,90000,0,90000,90000
06540P,聯發科凱基98售13,0,0,0,0,0,0,0,0,0,90000,0,0,0,120000,30000,90000,90000
06614P,祥碩永豐98售03  ,0,0,0,0,0,0,0,0,0,90000,0,0,0,90000,0,90000,90000
055950,華新元大97購02  ,0,0,0,0,0,0,0,0,0,89000,0,0,0,100000,11000,89000,89000
055699,康控國票97購04  ,0,0,0,0,0,0,0,0,0,89000,0,0,0,89000,0,89000,89000
055424,聚陽群益98購01  ,0,0,0,0,0,0,0,0,0,89000,0,0,0,472000,383000,89000,89000
056307,貿聯元大97購05  ,0,0,0,0,0,0,0,0,0,89000,0,0,0,89000,0,89000,89000
057177,奇力新元大99購04,0,0,0,0,0,0,0,0,0,89000,0,0,0,136000,47000,89000,89000
041991,元油2X國票98購01,0,0,0,0,0,0,0,0,0,89000,0,0,0,211000,122000,89000,89000
03629C,元油2X元富98牛06,0,0,0,0,0,0,0,0,0,89000,0,0,0,113000,24000,89000,89000
046639,嘉晶永豐93購01  ,0,0,0,0,0,0,0,0,0,89000,0,0,0,99000,10000,89000,89000
048705,GIS國票95購01   ,0,0,0,0,0,0,0,0,0,89000,0,0,0,99000,10000,89000,89000
050882,華泰國泰96購01  ,0,0,0,0,0,0,0,0,0,89000,0,0,0,89000,0,89000,89000
049744,亞德客永豐94購01,0,0,0,0,0,0,0,0,0,89000,0,0,0,229000,140000,89000,89000
051408,台積電國票95購03,0,0,0,0,0,0,0,0,0,89000,0,0,0,294000,205000,89000,89000
051385,矽創群益95購01  ,0,0,0,0,0,0,0,0,0,89000,0,0,0,100000,11000,89000,89000
054680,華新科康和97購02,0,0,0,0,0,0,0,0,0,89000,0,0,0,139000,50000,89000,89000
057317,技嘉凱基98購02  ,0,0,0,0,0,0,0,0,0,88000,0,0,0,197000,109000,88000,88000
056347,GIS凱基9A購01   ,0,0,0,0,0,0,0,0,0,88000,0,0,0,118000,30000,88000,88000
056790,彩晶群益98購03  ,0,0,0,0,0,0,0,0,0,88000,0,0,0,88000,0,88000,88000
055504,貿聯元大98購04  ,0,0,0,0,0,0,0,0,0,88000,0,0,0,118000,30000,88000,88000
050417,喬山凱基94購01  ,0,180000,-180000,0,0,0,0,0,0,268000,0,0,0,337000,69000,268000,88000
050576,南亞科國票95購01,0,0,0,0,0,0,0,0,0,88000,0,0,0,100000,12000,88000,88000
05020P,廣達中信95售01  ,0,0,0,0,0,0,0,0,0,88000,0,0,0,108000,20000,88000,88000
05023P,和碩凱基95售01  ,0,0,0,0,0,0,0,0,0,88000,0,0,0,88000,0,88000,88000
052785,滬深2X中信99購03,0,0,0,0,0,0,0,0,0,88000,0,0,0,218000,130000,88000,88000
052944,宏達電國票97購01,0,0,0,0,0,0,0,0,0,88000,0,0,0,118000,30000,88000,88000
052428,嘉晶永豐95購01  ,0,0,0,0,0,0,0,0,0,88000,0,0,0,245000,157000,88000,88000
053709,台達電凱基96購04,0,0,0,0,0,0,0,0,0,88000,0,0,0,88000,0,88000,88000
06455P,上銀統一99售03  ,0,0,0,0,0,0,0,0,0,88000,0,0,0,88000,0,88000,88000
06150P,奇力新元大97售06,0,0,0,0,0,0,0,0,0,88000,0,0,0,203000,115000,88000,88000
055480,元上證元大97購02,0,0,0,0,0,0,0,0,0,87000,0,0,0,87000,0,87000,87000
055876,美食元富9A購01  ,0,0,0,0,0,0,0,0,0,87000,0,0,0,127000,40000,87000,87000
047450,南茂元大93購05  ,0,0,0,0,0,0,0,0,0,87000,0,0,0,97000,10000,87000,87000
049745,國巨永豐94購04  ,0,0,0,0,0,0,0,0,0,87000,0,0,0,223000,136000,87000,87000
050454,嘉澤元大94購04  ,0,0,0,0,0,0,0,0,0,87000,0,0,0,107000,20000,87000,87000
053251,世紀鋼國票97購02,0,0,0,0,0,0,0,0,0,87000,0,0,0,134000,47000,87000,87000
052371,元金2X元大95購01,0,0,0,0,0,0,0,0,0,87000,0,0,0,209000,122000,87000,87000
053081,上銀元大97購02  ,0,0,0,0,0,0,0,0,0,87000,0,0,0,202000,115000,87000,87000
06247P,同欣電元富97售02,0,0,0,0,0,0,0,0,0,87000,0,0,0,93000,6000,87000,87000
05930P,景碩康和96售01  ,0,0,0,0,0,0,0,0,0,87000,0,0,0,117000,30000,87000,87000
3530,晶相光          ,637000,425000,212000,0,0,0,0,0,0,-125000,0,0,0,33000,158000,-125000,87000
4414,如興            ,442000,355000,87000,0,0,0,0,0,0,0,0,0,0,0,0,0,87000
056107,智易永豐97購02  ,0,0,0,0,0,0,0,0,0,86000,0,0,0,86000,0,86000,86000
056762,亞德客元大98購01,0,0,0,0,0,0,0,0,0,86000,0,0,0,473000,387000,86000,86000
048733,台勝科麥證95購02,1000,0,1000,164000,72000,92000,0,0,0,85000,0,0,0,171000,86000,85000,86000
050590,晶技永豐95購01  ,0,0,0,0,0,0,0,0,0,86000,0,0,0,90000,4000,86000,86000
05358P,大立光元大95售09,0,0,0,0,0,0,0,0,0,86000,0,0,0,103000,17000,86000,86000
054662,同欣電元大97購02,0,0,0,0,0,0,0,0,0,86000,0,0,0,96000,10000,86000,86000
05459P,聯詠凱基95售03  ,0,0,0,0,0,0,0,0,0,86000,0,0,0,86000,0,86000,86000
4961,天鈺            ,97000,12000,85000,0,0,0,0,0,0,1000,1000,0,1000,0,0,0,86000
4938,和碩            ,2626000,2773000,-147000,0,0,0,24000,4000,20000,213000,23000,190000,-167000,566000,186000,380000,86000
055447,華新科統一97購04,0,0,0,0,0,0,0,0,0,85000,0,0,0,162000,77000,85000,85000
04384P,上証2X中信96售01,0,0,0,0,0,0,0,0,0,85000,0,0,0,100000,15000,85000,85000
05060P,台達電富邦97售02,0,0,0,0,0,0,0,0,0,85000,0,0,0,110000,25000,85000,85000
049480,同欣電永豐94購01,0,0,0,0,0,0,0,0,0,85000,0,0,0,85000,0,85000,85000
048914,川湖台新94購01  ,0,0,0,0,0,0,0,0,0,85000,0,0,0,94000,9000,85000,85000
05104P,智邦台新95售02  ,0,0,0,0,0,0,0,0,0,85000,0,0,0,85000,0,85000,85000
051771,上銀中信95購01  ,0,0,0,0,0,0,0,0,0,85000,0,0,0,155000,70000,85000,85000
054704,玉晶光第一97購01,0,0,0,0,0,0,0,0,0,85000,0,0,0,95000,10000,85000,85000
053245,全新國票97購01  ,0,0,0,0,0,0,0,0,0,85000,0,0,0,120000,35000,85000,85000
06073P,健策永豐97售01  ,0,0,0,0,0,0,0,0,0,85000,0,0,0,115000,30000,85000,85000
06080P,景碩群益98售02  ,0,0,0,0,0,0,0,0,0,85000,0,0,0,100000,15000,85000,85000
055239,帆宣台新97購01  ,0,0,0,0,0,0,0,0,0,84000,0,0,0,144000,60000,84000,84000
056050,晶技國票98購01  ,0,0,0,0,0,0,0,0,0,84000,0,0,0,123000,39000,84000,84000
056542,緯創凱基98購01  ,0,0,0,0,0,0,0,0,0,84000,0,0,0,196000,112000,84000,84000
056997,台灣50康和9A購02,0,0,0,0,0,0,0,0,0,84000,0,0,0,192000,108000,84000,84000
04721P,正崴凱基94售02  ,0,0,0,0,0,0,0,0,0,84000,0,0,0,84000,0,84000,84000
047882,超眾國泰94購01  ,0,0,0,0,0,0,0,0,0,84000,0,0,0,84000,0,84000,84000
047967,南亞科國泰95購01,0,0,0,0,0,0,0,0,0,84000,0,0,0,146000,62000,84000,84000
048872,玉晶光國票94購02,0,0,0,0,0,0,0,0,0,84000,0,0,0,186000,102000,84000,84000
050687,上銀日盛94購01  ,0,0,0,0,0,0,0,0,0,84000,0,0,0,457000,373000,84000,84000
052282,宏達電凱基95購05,0,0,0,0,0,0,0,0,0,84000,0,0,0,204000,120000,84000,84000
055001,京鼎元富97購01  ,0,0,0,0,0,0,0,0,0,84000,0,0,0,204000,120000,84000,84000
054008,大立光元富96購06,0,0,0,0,0,0,0,0,0,84000,0,0,0,214000,130000,84000,84000
057249,華邦電統一9A購01,0,0,0,0,0,0,0,0,0,83000,0,0,0,83000,0,83000,83000
056309,合勤控元大97購01,0,0,0,0,0,0,0,0,0,83000,0,0,0,107000,24000,83000,83000
055222,臺股指凱基97購05,0,0,0,0,0,0,0,0,0,83000,0,0,0,115000,32000,83000,83000
05540P,亞德客凱基96售01,0,0,0,0,0,0,0,0,0,83000,0,0,0,161000,78000,83000,83000
051937,廣達群益95購01  ,0,0,0,0,0,0,0,0,0,83000,0,0,0,83000,0,83000,83000
051888,國巨元富95購05  ,0,0,0,0,0,0,0,0,0,83000,0,0,0,127000,44000,83000,83000
049324,臺股指凱基94購06,0,0,0,0,0,0,0,0,0,83000,0,0,0,114000,31000,83000,83000
051593,和碩元大95購01  ,0,0,0,0,0,0,0,0,0,83000,0,0,0,142000,59000,83000,83000
052805,晶技元大97購01  ,0,0,0,0,0,0,0,0,0,83000,0,0,0,187000,104000,83000,83000
052387,台積電群益95購08,0,0,0,0,0,0,0,0,0,83000,0,0,0,419000,336000,83000,83000
06215P,康控永豐97售02  ,0,0,0,0,0,0,0,0,0,83000,0,0,0,83000,0,83000,83000
055654,景碩元富97購01  ,0,0,0,0,0,0,0,0,0,82000,0,0,0,144000,62000,82000,82000
055791,臺股指凱基97購14,0,0,0,0,0,0,0,0,0,82000,0,0,0,82000,0,82000,82000
048606,聯發科日盛93購02,0,0,0,0,0,0,0,0,0,82000,0,0,0,82000,0,82000,82000
051862,旺宏凱基95購05  ,0,0,0,0,0,0,0,0,0,82000,0,0,0,172000,90000,82000,82000
051056,華新科群益95購03,0,0,0,0,0,0,0,0,0,82000,0,0,0,82000,0,82000,82000
048787,義隆元大94購02  ,0,0,0,0,0,0,0,0,0,82000,0,0,0,90000,8000,82000,82000
053559,台積電國泰98購01,0,0,0,0,0,0,0,0,0,82000,0,0,0,234000,152000,82000,82000
054123,易華電永豐96購03,0,0,0,0,0,0,0,0,0,82000,0,0,0,120000,38000,82000,82000
06267P,大立光凱基97售12,0,0,0,0,0,0,0,0,0,82000,0,0,0,922000,840000,82000,82000
056211,南港國票98購01  ,0,0,0,0,0,0,0,0,0,81000,0,0,0,91000,10000,81000,81000
055155,奇力新元大99購01,0,0,0,0,0,0,0,0,0,81000,0,0,0,243000,162000,81000,81000
05718P,國巨元大96售09  ,0,0,0,0,0,0,0,0,0,81000,0,0,0,120000,39000,81000,81000
048019,GIS麥證94購01   ,0,0,0,91000,10000,81000,0,0,0,81000,0,0,0,91000,10000,81000,81000
045088,康控元大94購02  ,0,0,0,0,0,0,0,0,0,81000,0,0,0,91000,10000,81000,81000
044966,台表科中信94購01,0,0,0,0,0,0,0,0,0,81000,0,0,0,187000,106000,81000,81000
03417P,瑞昱群益04售01  ,0,0,0,0,0,0,0,0,0,81000,0,0,0,81000,0,81000,81000
050730,復盛國票94購01  ,0,0,0,0,0,0,0,0,0,81000,0,0,0,132000,51000,81000,81000
052014,光罩永豐95購01  ,0,0,0,0,0,0,0,0,0,81000,0,0,0,91000,10000,81000,81000
054298,台表科元大97購03,0,0,0,0,0,0,0,0,0,81000,0,0,0,141000,60000,81000,81000
053944,亞泥富邦97購01  ,0,0,0,0,0,0,0,0,0,81000,0,0,0,146000,65000,81000,81000
052874,超眾凱基96購01  ,0,0,0,0,0,0,0,0,0,81000,0,0,0,89000,8000,81000,81000
06331P,南亞科群益97售04,0,0,0,0,0,0,0,0,0,81000,0,0,0,167000,86000,81000,81000
057007,奇力新中信98購04,0,0,0,0,0,0,0,0,0,80000,0,0,0,226000,146000,80000,80000
056495,泰鼎國泰99購01  ,0,0,0,0,0,0,0,0,0,80000,0,0,0,80000,0,80000,80000
056478,晶技元大99購01  ,0,0,0,0,0,0,0,0,0,80000,0,0,0,150000,70000,80000,80000
055171,凱美統一97購01  ,0,0,0,0,0,0,0,0,0,80000,0,0,0,228000,148000,80000,80000
05610P,國巨群益98售01  ,0,0,0,0,0,0,0,0,0,80000,0,0,0,120000,40000,80000,80000
055800,欣興永豐97購02  ,0,0,0,0,0,0,0,0,0,80000,0,0,0,122000,42000,80000,80000
047109,華邦電元大94購01,0,0,0,0,0,0,0,0,0,80000,0,0,0,80000,0,80000,80000
048722,台表科永豐94購01,0,0,0,0,0,0,0,0,0,80000,0,0,0,80000,0,80000,80000
050676,道瓊銀統一96購02,0,0,0,0,0,0,0,0,0,80000,0,0,0,80000,0,80000,80000
050460,GIS元大95購03   ,0,0,0,0,0,0,0,0,0,80000,0,0,0,200000,120000,80000,80000
051298,智邦凱基95購03  ,0,0,0,0,0,0,0,0,0,80000,0,0,0,90000,10000,80000,80000
051833,昇陽半元大96購01,0,0,0,0,0,0,0,0,0,80000,0,0,0,100000,20000,80000,80000
051790,貿聯國票95購03  ,0,0,0,0,0,0,0,0,0,80000,0,0,0,80000,0,80000,80000
051773,元大金中信95購02,0,0,0,0,0,0,0,0,0,80000,0,0,0,80000,0,80000,80000
052956,聯發科日盛96購01,0,0,0,0,0,0,0,0,0,80000,0,0,0,110000,30000,80000,80000
052664,麗豐國票96購02  ,0,0,0,0,0,0,0,0,0,80000,0,0,0,80000,0,80000,80000
054376,聯茂中信97購01  ,0,0,0,0,0,0,0,0,0,80000,0,0,0,100000,20000,80000,80000
054584,貿聯元富97購01  ,0,0,0,0,0,0,0,0,0,80000,0,0,0,244000,164000,80000,80000
06024P,台郡國票97售05  ,0,0,0,0,0,0,0,0,0,80000,0,0,0,80000,0,80000,80000
05980P,台積電永昌96售09,0,0,0,0,0,0,0,0,0,80000,0,0,0,2551000,2471000,80000,80000
2897,王道銀行        ,152000,72000,80000,0,0,0,1000,0,1000,-1000,0,1000,-1000,0,0,0,80000
055675,亞德客凱基97購02,0,0,0,0,0,0,0,0,0,79000,0,0,0,103000,24000,79000,79000
055887,上銀統一97購03  ,0,0,0,0,0,0,0,0,0,79000,0,0,0,118000,39000,79000,79000
055293,晶相光元大97購01,0,0,0,0,0,0,0,0,0,79000,0,0,0,131000,52000,79000,79000
056299,友達元大9B購04  ,0,0,0,0,0,0,0,0,0,79000,0,0,0,258000,179000,79000,79000
052969,建準群益97購01  ,0,0,0,0,0,0,0,0,0,79000,0,0,0,79000,0,79000,79000
05897P,國巨凱基96售12  ,0,0,0,0,0,0,0,0,0,79000,0,0,0,100000,21000,79000,79000
2031,新光鋼          ,155000,116000,39000,0,0,0,0,0,0,40000,51000,11000,40000,0,0,0,79000
056512,易華電永豐98購01,0,0,0,0,0,0,0,0,0,78000,0,0,0,110000,32000,78000,78000
055126,嘉澤兆豐97購01  ,0,0,0,0,0,0,0,0,0,78000,0,0,0,198000,120000,78000,78000
048502,百和元大93購01  ,0,0,0,0,0,0,0,0,0,78000,0,0,0,78000,0,78000,78000
041452,滬深2X元富93購01,0,0,0,0,0,0,0,0,0,78000,0,0,0,109000,31000,78000,78000
050243,華新科凱基94購10,0,0,0,0,0,0,0,0,0,78000,0,0,0,143000,65000,78000,78000
050975,楠梓電統一95購01,0,0,0,0,0,0,0,0,0,78000,0,0,0,183000,105000,78000,78000
049397,台達電群益94購03,0,0,0,0,0,0,0,0,0,78000,0,0,0,98000,20000,78000,78000
053574,奇力新元富99購01,0,0,0,0,0,0,0,0,0,78000,0,0,0,125000,47000,78000,78000
053337,聯電國票97購01  ,0,0,0,0,0,0,0,0,0,78000,0,0,0,110000,32000,78000,78000
054094,創意群益96購02  ,0,0,0,0,0,0,0,0,0,78000,0,0,0,88000,10000,78000,78000
06308P,國巨元富97售06  ,0,0,0,0,0,0,0,0,0,78000,0,0,0,83000,5000,78000,78000
055396,瑞儀統一97購01  ,0,0,0,0,0,0,0,0,0,77000,0,0,0,126000,49000,77000,77000
055768,臺股指群益97購06,0,0,0,0,0,0,0,0,0,77000,0,0,0,277000,200000,77000,77000
048268,長榮航中信95購01,0,0,0,0,0,0,0,0,0,77000,0,0,0,323000,246000,77000,77000
048100,貿聯凱基93購02  ,0,0,0,0,0,0,0,0,0,77000,0,0,0,90000,13000,77000,77000
050812,台積電凱基95購01,0,0,0,0,0,0,0,0,0,77000,0,0,0,120000,43000,77000,77000
05124P,華新科富邦97售02,0,0,0,0,0,0,0,0,0,77000,0,0,0,77000,0,77000,77000
048781,臺股指凱基96購01,0,0,0,0,0,0,0,0,0,77000,0,0,0,77000,0,77000,77000
053524,聯電中信97購02  ,0,0,0,0,0,0,0,0,0,77000,0,0,0,78000,1000,77000,77000
053683,上証2X元大96購03,0,0,0,0,0,0,0,0,0,77000,0,0,0,77000,0,77000,77000
052661,奇力新國票97購03,0,0,0,0,0,0,0,0,0,77000,0,0,0,77000,0,77000,77000
052572,群創凱基99購01  ,0,0,0,0,0,0,0,0,0,77000,0,0,0,87000,10000,77000,77000
052531,台積電國泰96購06,0,0,0,0,0,0,0,0,0,77000,0,0,0,155000,78000,77000,77000
06256P,臺股指群益97售09,0,0,0,0,0,0,0,0,0,77000,0,0,0,125000,48000,77000,77000
055599,TPK元大97購01   ,0,0,0,0,0,0,0,0,0,76000,0,0,0,249000,173000,76000,76000
049294,南亞科群益94購01,0,0,0,0,0,0,0,0,0,76000,0,0,0,110000,34000,76000,76000
047663,亞德客永豐93購03,0,0,0,0,0,0,0,0,0,76000,0,0,0,102000,26000,76000,76000
050951,緯創群益96購01  ,0,0,0,0,0,0,0,0,0,76000,0,0,0,120000,44000,76000,76000
050220,台積電元富96購01,0,0,0,0,0,0,0,0,0,76000,0,0,0,106000,30000,76000,76000
4137,麗豐-KY         ,116000,44000,72000,0,0,0,0,0,0,4000,0,0,0,5000,1000,4000,76000
055420,欣興永豐98購01  ,0,0,0,0,0,0,0,0,0,75000,0,0,0,79000,4000,75000,75000
055434,樺漢群益97購01  ,0,0,0,0,0,0,0,0,0,75000,0,0,0,197000,122000,75000,75000
055733,奇力新元富97購01,0,0,0,0,0,0,0,0,0,75000,0,0,0,160000,85000,75000,75000
056222,台積電凱基9A購01,0,0,0,0,0,0,0,0,0,75000,0,0,0,241000,166000,75000,75000
05637P,聯電元大96售04  ,0,0,0,0,0,0,0,0,0,75000,0,0,0,91000,16000,75000,75000
056810,群創統一9A購01  ,0,0,0,0,0,0,0,0,0,75000,0,0,0,75000,0,75000,75000
047653,上銀兆豐94購01  ,0,0,0,0,0,0,0,0,0,75000,0,0,0,75000,0,75000,75000
048633,台達電元大94購02,0,0,0,0,0,0,0,0,0,75000,0,0,0,84000,9000,75000,75000
04484P,台積電凱基94售09,0,0,0,0,0,0,0,0,0,75000,0,0,0,75000,0,75000,75000
04378P,大立光元大94售05,0,0,0,0,0,0,0,0,0,75000,0,0,0,75000,0,75000,75000
04839P,大立光元大94售17,0,0,0,0,0,0,0,0,0,75000,0,0,0,75000,0,75000,75000
04932P,香港2X中信96售01,0,0,0,0,0,0,0,0,0,75000,0,0,0,105000,30000,75000,75000
049075,光磊凱基94購01  ,0,0,0,0,0,0,0,0,0,75000,0,0,0,75000,0,75000,75000
051535,新日興國票96購01,0,0,0,0,0,0,0,0,0,75000,0,0,0,94000,19000,75000,75000
049988,貿聯凱基94購02  ,0,0,0,0,0,0,0,0,0,75000,0,0,0,75000,0,75000,75000
049788,智伸科兆豐95購01,0,0,0,0,0,0,0,0,0,75000,0,0,0,80000,5000,75000,75000
05253P,智邦凱基95售08  ,0,0,0,0,0,0,0,0,0,75000,0,0,0,275000,200000,75000,75000
05293P,廣達凱基95售01  ,0,0,0,0,0,0,0,0,0,75000,0,0,0,75000,0,75000,75000
05306P,泰碩國泰97售01  ,0,0,0,0,0,0,0,0,0,75000,0,0,0,75000,0,75000,75000
053428,中磊永豐96購02  ,0,0,0,0,0,0,0,0,0,75000,0,0,0,98000,23000,75000,75000
053296,貿聯中信98購01  ,0,0,0,0,0,0,0,0,0,75000,0,0,0,78000,3000,75000,75000
053846,友達元富99購02  ,0,0,0,0,0,0,0,0,0,75000,0,0,0,178000,103000,75000,75000
054681,味全永豐97購01  ,0,0,0,0,0,0,0,0,0,75000,0,0,0,250000,175000,75000,75000
3708,上緯投控        ,91000,16000,75000,0,0,0,0,0,0,0,0,0,0,0,0,0,75000
06291P,臺股指國票97售05,0,0,0,0,0,0,0,0,0,75000,0,0,0,80000,5000,75000,75000
05991P,聯茂群益96售05  ,0,0,0,0,0,0,0,0,0,75000,0,0,0,90000,15000,75000,75000
06100P,台積電日盛97售03,0,0,0,0,0,0,0,0,0,75000,0,0,0,1752000,1677000,75000,75000
05749P,臺股指群益99售03,0,0,0,0,0,0,0,0,0,75000,0,0,0,130000,55000,75000,75000
056596,光磊元富98購01  ,0,0,0,0,0,0,0,0,0,74000,0,0,0,74000,0,74000,74000
055154,聯發科元大98購01,0,0,0,0,0,0,0,0,0,74000,0,0,0,194000,120000,74000,74000
04026P,燿華國票93售01  ,0,0,0,0,0,0,0,0,0,74000,0,0,0,74000,0,74000,74000
046381,緯創凱基93購03  ,0,0,0,0,0,0,0,0,0,74000,0,0,0,74000,0,74000,74000
047177,上銀元大93購05  ,0,0,0,0,0,0,0,0,0,74000,0,0,0,74000,0,74000,74000
05985P,燿華統一96售03  ,0,0,0,0,0,0,0,0,0,74000,0,0,0,118000,44000,74000,74000
3380,明泰            ,202000,163000,39000,0,0,0,0,0,0,35000,9000,10000,-1000,36000,0,36000,74000
055244,國巨統一98購01  ,0,0,0,0,0,0,0,0,0,73000,0,0,0,94000,21000,73000,73000
055527,旺宏群益99購03  ,0,0,0,0,0,0,0,0,0,73000,0,0,0,73000,0,73000,73000
055816,新日興國票98購01,0,0,0,0,0,0,0,0,0,73000,0,0,0,93000,20000,73000,73000
056780,元油2X群益9A購03,0,0,0,0,0,0,0,0,0,73000,0,0,0,73000,0,73000,73000
05674P,瑞昱群益96售02  ,0,0,0,0,0,0,0,0,0,73000,0,0,0,73000,0,73000,73000
1582,信錦            ,138000,67000,71000,0,0,0,0,0,0,2000,2000,0,2000,0,0,0,73000
1309,台達化          ,137000,64000,73000,0,0,0,0,0,0,0,0,0,0,0,0,0,73000
057420,美食凱基98購01  ,0,0,0,0,0,0,0,0,0,72000,0,0,0,127000,55000,72000,72000
056220,上証2X凱基99購01,0,0,0,0,0,0,0,0,0,72000,0,0,0,77000,5000,72000,72000
055592,奇力新元大97購07,0,0,0,0,0,0,0,0,0,72000,0,0,0,174000,102000,72000,72000
055624,聯發科富邦99購07,0,0,0,0,0,0,0,0,0,72000,0,0,0,100000,28000,72000,72000
050995,貿聯元大95購02  ,0,0,0,0,0,0,0,0,0,72000,0,0,0,167000,95000,72000,72000
048569,台虹元大93購03  ,0,0,0,0,0,0,0,0,0,72000,0,0,0,154000,82000,72000,72000
046988,南亞科凱基93購02,0,0,0,0,0,0,0,0,0,72000,0,0,0,82000,10000,72000,72000
05049P,矽創永豐95售01  ,0,0,0,0,0,0,0,0,0,72000,0,0,0,141000,69000,72000,72000
05028P,康控永豐95售02  ,0,0,0,0,0,0,0,0,0,72000,0,0,0,92000,20000,72000,72000
051723,嘉澤永豐95購01  ,0,0,0,0,0,0,0,0,0,72000,0,0,0,72000,0,72000,72000
053615,光罩群益96購01  ,0,0,0,0,0,0,0,0,0,72000,0,0,0,100000,28000,72000,72000
05977P,旺宏永豐96售06  ,0,0,0,0,0,0,0,0,0,72000,0,0,0,156000,84000,72000,72000
2457,飛宏            ,125000,52000,73000,0,0,0,0,0,0,-1000,2000,3000,-1000,0,0,0,72000
055577,晶技統一97購02  ,0,0,0,0,0,0,0,0,0,71000,0,0,0,71000,0,71000,71000
055874,中環元富9A購01  ,0,0,0,0,0,0,0,0,0,71000,0,0,0,83000,12000,71000,71000
046167,樺漢兆豐92購01  ,0,0,0,0,0,0,0,0,0,71000,0,0,0,71000,0,71000,71000
051071,聯發科國票96購01,0,0,0,0,0,0,0,0,0,71000,0,0,0,72000,1000,71000,71000
052540,華新科統一95購03,0,0,0,0,0,0,0,0,0,71000,0,0,0,71000,0,71000,71000
052682,上銀元大97購01  ,0,0,0,0,0,0,0,0,0,71000,0,0,0,72000,1000,71000,71000
054569,GIS群益98購01   ,0,0,0,0,0,0,0,0,0,71000,0,0,0,129000,58000,71000,71000
8462,柏文            ,71000,0,71000,0,0,0,0,0,0,0,0,0,0,0,0,0,71000
056251,聯發科兆豐97購02,0,0,0,0,0,0,0,0,0,70000,0,0,0,70000,0,70000,70000
056182,台光電統一97購03,0,0,0,0,0,0,0,0,0,70000,0,0,0,70000,0,70000,70000
056008,全新中信9B購01  ,0,0,0,0,0,0,0,0,0,70000,0,0,0,80000,10000,70000,70000
057488,聯發科元大99購02,0,0,0,0,0,0,0,0,0,70000,0,0,0,139000,69000,70000,70000
056994,緯穎兆豐98購02  ,0,0,0,0,0,0,0,0,0,70000,0,0,0,126000,56000,70000,70000
056857,國巨群益99購02  ,0,0,0,0,0,0,0,0,0,70000,0,0,0,70000,0,70000,70000
048403,聯發科群益93購10,0,0,0,0,0,0,0,0,0,70000,0,0,0,70000,0,70000,70000
047433,鴻海元大93購16  ,0,0,0,0,0,0,0,0,0,70000,0,0,0,277000,207000,70000,70000
03651C,臺股指凱基97牛17,0,0,0,0,0,0,0,0,0,70000,0,0,0,120000,50000,70000,70000
045663,元油2X元富94購01,0,0,0,0,0,0,0,0,0,70000,0,0,0,70000,0,70000,70000
04590P,元石油元大97售01,0,0,0,0,0,0,0,0,0,70000,0,0,0,70000,0,70000,70000
04233P,儒鴻兆豐93售01  ,0,0,0,0,0,0,0,0,0,70000,0,0,0,70000,0,70000,70000
046737,鴻海群益93購04  ,0,0,0,0,0,0,0,0,0,70000,0,0,0,70000,0,70000,70000
048673,智伸科永豐93購02,0,0,0,0,0,0,0,0,0,70000,0,0,0,70000,0,70000,70000
047787,正崴群益93購01  ,0,0,0,0,0,0,0,0,0,70000,0,0,0,100000,30000,70000,70000
051072,強茂國票95購02  ,0,0,0,0,0,0,0,0,0,70000,0,0,0,90000,20000,70000,70000
050279,彩晶第一94購01  ,0,0,0,0,0,0,0,0,0,70000,0,0,0,70000,0,70000,70000
051213,華新科統一95購01,0,0,0,0,0,0,0,0,0,70000,0,0,0,130000,60000,70000,70000
051776,上証2X群益99購01,0,0,0,0,0,0,0,0,0,70000,0,0,0,70000,0,70000,70000
049646,旺宏凱基94購01  ,0,0,0,0,0,0,0,0,0,70000,0,0,0,70000,0,70000,70000
051390,京元電兆豐95購01,0,0,0,0,0,0,0,0,0,70000,0,0,0,70000,0,70000,70000
05223P,臻鼎凱基95售02  ,0,0,0,0,0,0,0,0,0,70000,0,0,0,73000,3000,70000,70000
052113,漢唐中信98購01  ,0,0,0,0,0,0,0,0,0,70000,0,0,0,100000,30000,70000,70000
054902,億光康和97購01  ,0,0,0,0,0,0,0,0,0,70000,0,0,0,70000,0,70000,70000
054015,晶豪科永豐96購03,0,0,0,0,0,0,0,0,0,70000,0,0,0,70000,0,70000,70000
054374,信邦中信96購01  ,0,0,0,0,0,0,0,0,0,70000,0,0,0,70000,0,70000,70000
05415P,台積電台新95售04,0,0,0,0,0,0,0,0,0,70000,0,0,0,70000,0,70000,70000
054218,S&P反1統一98購02,0,0,0,0,0,0,0,0,0,70000,0,0,0,70000,0,70000,70000
053630,奇鋐兆豐97購01  ,0,0,0,0,0,0,0,0,0,70000,0,0,0,80000,10000,70000,70000
053486,T50反1兆豐96購01,0,0,0,0,0,0,0,0,0,70000,0,0,0,70000,0,70000,70000
053125,宏達電凱基96購01,0,0,0,0,0,0,0,0,0,70000,0,0,0,70000,0,70000,70000
2499,東貝            ,116000,46000,70000,0,0,0,0,0,0,0,0,0,0,0,0,0,70000
05984P,台積電統一98售01,0,0,0,0,0,0,0,0,0,70000,0,0,0,70000,0,70000,70000
06419P,國巨統一97售09  ,0,0,0,0,0,0,0,0,0,70000,0,0,0,90000,20000,70000,70000
056384,玉晶光國泰9A購02,0,0,0,0,0,0,0,0,0,69000,0,0,0,81000,12000,69000,69000
057301,嘉聯益永豐98購02,0,0,0,0,0,0,0,0,0,69000,0,0,0,69000,0,69000,69000
055985,聯鈞元富97購01  ,0,0,0,0,0,0,0,0,0,69000,0,0,0,104000,35000,69000,69000
055735,宏達電元富98購01,0,0,0,0,0,0,0,0,0,69000,0,0,0,69000,0,69000,69000
04813P,智邦元大94售07  ,0,0,0,0,0,0,0,0,0,69000,0,0,0,69000,0,69000,69000
04268P,南電元富93售03  ,0,0,0,0,0,0,0,0,0,69000,0,0,0,69000,0,69000,69000
052215,樺漢元大96購02  ,0,0,0,0,0,0,0,0,0,69000,0,0,0,279000,210000,69000,69000
051691,台表科凱基95購01,0,0,0,0,0,0,0,0,0,69000,0,0,0,86000,17000,69000,69000
050280,國巨日盛94購01  ,0,0,0,0,0,0,0,0,0,69000,0,0,0,74000,5000,69000,69000
049415,智邦凱基94購02  ,0,0,0,0,0,0,0,0,0,69000,0,0,0,69000,0,69000,69000
052759,京元電群益96購01,0,0,0,0,0,0,0,0,0,69000,0,0,0,69000,0,69000,69000
053786,新日興元大96購02,0,0,0,0,0,0,0,0,0,69000,0,0,0,70000,1000,69000,69000
05457P,鴻海凱基95售20  ,0,0,0,0,0,0,0,0,0,69000,0,0,0,69000,0,69000,69000
05877P,大立光群益96售06,0,0,0,0,0,0,0,0,0,69000,0,0,0,409000,340000,69000,69000
055828,上銀元大97購05  ,0,0,0,0,0,0,0,0,0,68000,0,0,0,187000,119000,68000,68000
056083,億光統一97購03  ,0,0,0,0,0,0,0,0,0,68000,0,0,0,68000,0,68000,68000
055376,群創元大01購01  ,0,0,0,0,0,0,0,0,0,68000,0,0,0,345000,277000,68000,68000
055246,美律統一98購01  ,0,0,0,0,0,0,0,0,0,68000,0,0,0,68000,0,68000,68000
055147,鴻海元大97購11  ,0,0,0,0,0,0,0,0,0,68000,0,0,0,172000,104000,68000,68000
055132,台虹康和97購01  ,0,0,0,0,0,0,0,0,0,68000,0,0,0,68000,0,68000,68000
056968,揚明光永豐98購02,0,0,0,0,0,0,0,0,0,68000,0,0,0,68000,0,68000,68000
056907,群創元大9C購04  ,0,0,0,0,0,0,0,0,0,68000,0,0,0,95000,27000,68000,68000
057068,國巨永豐98購06  ,0,0,0,0,0,0,0,0,0,68000,0,0,0,78000,10000,68000,68000
056312,茂林元大98購01  ,0,0,0,0,0,0,0,0,0,68000,0,0,0,211000,143000,68000,68000
056351,鴻海元大98購06  ,0,0,0,0,0,0,0,0,0,68000,0,0,0,119000,51000,68000,68000
048667,旺宏永豐94購02  ,0,0,0,0,0,0,0,0,0,68000,0,0,0,71000,3000,68000,68000
047181,智邦元大93購06  ,0,0,0,0,0,0,0,0,0,68000,0,0,0,68000,0,68000,68000
050110,京元電元大94購03,0,0,0,0,0,0,0,0,0,68000,0,0,0,68000,0,68000,68000
049248,台達電元大94購04,0,0,0,0,0,0,0,0,0,68000,0,0,0,68000,0,68000,68000
051182,旺宏永豐95購01  ,0,0,0,0,0,0,0,0,0,68000,0,0,0,78000,10000,68000,68000
051042,中磊永豐95購01  ,0,0,0,0,0,0,0,0,0,68000,0,0,0,68000,0,68000,68000
051090,光磊元大96購01  ,0,0,0,0,0,0,0,0,0,68000,0,0,0,68000,0,68000,68000
051718,上証2X永豐95購01,0,0,0,0,0,0,0,0,0,68000,0,0,0,125000,57000,68000,68000
051370,聯詠富邦97購01  ,0,0,0,0,0,0,0,0,0,68000,0,0,0,100000,32000,68000,68000
051291,聯詠統一95購01  ,0,0,0,0,0,0,0,0,0,68000,0,0,0,68000,0,68000,68000
051966,台表科永豐95購01,0,0,0,0,0,0,0,0,0,68000,0,0,0,68000,0,68000,68000
050027,義隆元大94購03  ,0,0,0,0,0,0,0,0,0,68000,0,0,0,68000,0,68000,68000
054612,慧洋永豐97購01  ,0,0,0,0,0,0,0,0,0,68000,0,0,0,68000,0,68000,68000
053076,貿聯永豐96購01  ,0,0,0,0,0,0,0,0,0,68000,0,0,0,68000,0,68000,68000
052448,新光金元大96購03,0,0,0,0,0,0,0,0,0,68000,0,0,0,68000,0,68000,68000
053272,鴻海元大96購17  ,0,0,0,0,0,0,0,0,0,68000,0,0,0,68000,0,68000,68000
053375,鴻海元大96購18  ,0,0,0,0,0,0,0,0,0,68000,0,0,0,169000,101000,68000,68000
053376,鴻海元大96購19  ,0,0,0,0,0,0,0,0,0,68000,0,0,0,171000,103000,68000,68000
053472,漢唐元大96購02  ,0,0,0,0,0,0,0,0,0,68000,0,0,0,68000,0,68000,68000
053422,可成永豐96購01  ,0,0,0,0,0,0,0,0,0,68000,0,0,0,68000,0,68000,68000
06509P,鴻海群益98售03  ,0,0,0,0,0,0,0,0,0,68000,0,0,0,73000,5000,68000,68000
06649P,聯發科元大98售08,0,0,0,0,0,0,0,0,0,68000,0,0,0,98000,30000,68000,68000
4934,太極            ,465000,397000,68000,0,0,0,0,0,0,0,0,0,0,0,0,0,68000
05011P,南電國泰96售01  ,0,0,0,0,0,0,0,0,0,67000,0,0,0,77000,10000,67000,67000
048231,台表科凱基93購06,0,0,0,0,0,0,0,0,0,67000,0,0,0,77000,10000,67000,67000
048561,可成元大93購13  ,0,0,0,0,0,0,0,0,0,67000,0,0,0,169000,102000,67000,67000
052315,廣宇元大95購02  ,0,0,0,0,0,0,0,0,0,67000,0,0,0,68000,1000,67000,67000
050914,健鼎中信95購01  ,0,0,0,0,0,0,0,0,0,67000,0,0,0,112000,45000,67000,67000
05182P,嘉晶統一95售03  ,0,0,0,0,0,0,0,0,0,67000,0,0,0,67000,0,67000,67000
04916P,大立光永昌96售02,0,0,0,0,0,0,0,0,0,67000,0,0,0,114000,47000,67000,67000
053471,正崴元大96購01  ,0,0,0,0,0,0,0,0,0,67000,0,0,0,68000,1000,67000,67000
054663,同欣電元大97購03,0,0,0,0,0,0,0,0,0,67000,0,0,0,68000,1000,67000,67000
054730,上証2X凱基98購02,0,0,0,0,0,0,0,0,0,67000,0,0,0,77000,10000,67000,67000
3703,欣陸            ,126000,59000,67000,0,0,0,0,0,0,0,0,0,0,0,0,0,67000
057042,台積電元大98購10,0,0,0,0,0,0,0,0,0,66000,0,0,0,635000,569000,66000,66000
055507,樺漢元大98購02  ,0,0,0,0,0,0,0,0,0,66000,0,0,0,552000,486000,66000,66000
056043,力成凱基97購01  ,0,0,0,0,0,0,0,0,0,66000,0,0,0,120000,54000,66000,66000
056192,智邦富邦98購01  ,0,0,0,0,0,0,0,0,0,66000,0,0,0,103000,37000,66000,66000
048218,上銀凱基93購07  ,0,0,0,0,0,0,0,0,0,66000,0,0,0,177000,111000,66000,66000
048185,台郡群益93購04  ,0,0,0,0,0,0,0,0,0,66000,0,0,0,70000,4000,66000,66000
046202,台表科凱基93購04,0,0,0,0,0,0,0,0,0,66000,0,0,0,91000,25000,66000,66000
05130P,聯發科統一95售03,0,0,0,0,0,0,0,0,0,66000,0,0,0,130000,64000,66000,66000
04967P,台表科永豐94售04,0,0,0,0,0,0,0,0,0,66000,0,0,0,66000,0,66000,66000
049781,台表科統一94購01,0,0,0,0,0,0,0,0,0,66000,0,0,0,66000,0,66000,66000
054459,鈺齊群益96購01  ,0,0,0,0,0,0,0,0,0,66000,0,0,0,104000,38000,66000,66000
053481,同欣電元大97購01,0,0,0,0,0,0,0,0,0,66000,0,0,0,94000,28000,66000,66000
053736,友達麥證96購01  ,0,0,0,211000,145000,66000,0,0,0,66000,0,0,0,211000,145000,66000,66000
053156,緯創元大96購02  ,0,0,0,0,0,0,0,0,0,66000,0,0,0,76000,10000,66000,66000
1737,臺鹽            ,72000,6000,66000,0,0,0,0,0,0,0,0,0,0,0,0,0,66000
06058P,玉晶光凱基97售04,0,0,0,0,0,0,0,0,0,66000,0,0,0,128000,62000,66000,66000
055772,致茂凱基97購01  ,0,0,0,0,0,0,0,0,0,65000,0,0,0,65000,0,65000,65000
055106,台積電凱基98購05,0,0,0,0,0,0,0,0,0,65000,0,0,0,145000,80000,65000,65000
057048,新日興元大98購01,0,0,0,0,0,0,0,0,0,65000,0,0,0,320000,255000,65000,65000
048080,元石油凱基96購01,0,0,0,0,0,0,0,0,0,65000,0,0,0,65000,0,65000,65000
051350,台積電元大95購14,0,0,0,0,0,0,0,0,0,65000,0,0,0,353000,288000,65000,65000
049120,元油2X元富94購05,0,0,0,0,0,0,0,0,0,65000,0,0,0,76000,11000,65000,65000
048898,晶相光國泰96購01,0,0,0,0,0,0,0,0,0,65000,0,0,0,160000,95000,65000,65000
053124,聯發科凱基96購12,0,0,0,0,0,0,0,0,0,65000,0,0,0,105000,40000,65000,65000
053649,台積電凱基97購05,0,0,0,0,0,0,0,0,0,65000,0,0,0,188000,123000,65000,65000
052516,臺股指凱基95購20,0,0,0,0,0,0,0,0,0,65000,0,0,0,115000,50000,65000,65000
052601,大成鋼元大96購01,0,0,0,0,0,0,0,0,0,65000,0,0,0,97000,32000,65000,65000
052763,晶技群益97購01  ,0,0,0,0,0,0,0,0,0,65000,0,0,0,100000,35000,65000,65000
052830,台光電群益96購01,0,40000,-40000,0,0,0,0,0,0,105000,0,0,0,297000,192000,105000,65000
06482P,台積電凱基98售13,0,0,0,0,0,0,0,0,0,65000,0,0,0,65000,0,65000,65000
055129,鈺齊兆豐97購01  ,0,0,0,0,0,0,0,0,0,64000,0,0,0,158000,94000,64000,64000
055389,國巨統一98購02  ,0,0,0,0,0,0,0,0,0,64000,0,0,0,64000,0,64000,64000
055783,群創凱基99購03  ,0,0,0,0,0,0,0,0,0,64000,0,0,0,130000,66000,64000,64000
046294,台勝科統一92購01,0,0,0,0,0,0,0,0,0,64000,0,0,0,74000,10000,64000,64000
050521,聯發科元大94購15,0,0,0,0,0,0,0,0,0,64000,0,0,0,70000,6000,64000,64000
050451,嘉晶元大95購01  ,0,0,0,0,0,0,0,0,0,64000,0,0,0,404000,340000,64000,64000
053130,聯發科麥證96購01,0,0,0,80000,16000,64000,0,0,0,64000,0,0,0,80000,16000,64000,64000
053356,聯發科統一96購07,0,0,0,0,0,0,0,0,0,64000,0,0,0,107000,43000,64000,64000
054472,道瓊反中信9A購01,0,0,0,0,0,0,0,0,0,64000,0,0,0,64000,0,64000,64000
06209P,旺宏統一97售07  ,0,0,0,0,0,0,0,0,0,64000,0,0,0,198000,134000,64000,64000
05857P,旺宏中信98售02  ,0,0,0,0,0,0,0,0,0,64000,0,0,0,64000,0,64000,64000
056277,上銀富邦99購02  ,0,0,0,0,0,0,0,0,0,63000,0,0,0,115000,52000,63000,63000
05621P,聯電中信96售01  ,0,0,0,0,0,0,0,0,0,63000,0,0,0,150000,87000,63000,63000
056095,臻鼎元富9A購01  ,0,0,0,0,0,0,0,0,0,63000,0,0,0,80000,17000,63000,63000
055350,聯發科凱基97購02,0,0,0,0,0,0,0,0,0,63000,0,0,0,103000,40000,63000,63000
056449,義隆凱基98購03  ,0,0,0,0,0,0,0,0,0,63000,0,0,0,126000,63000,63000,63000
056823,智伸科永豐98購01,0,0,0,0,0,0,0,0,0,63000,0,0,0,64000,1000,63000,63000
04614P,光罩群益94售02  ,0,0,0,0,0,0,0,0,0,63000,0,0,0,63000,0,63000,63000
045873,元油2X元富98購04,0,0,0,0,0,0,0,0,0,63000,0,0,0,648000,585000,63000,63000
051985,智邦元大95購05  ,0,0,0,0,0,0,0,0,0,63000,0,0,0,159000,96000,63000,63000
052180,緯穎元大96購05  ,0,0,0,0,0,0,0,0,0,63000,0,0,0,87000,24000,63000,63000
052061,樺漢國票96購01  ,0,0,0,0,0,0,0,0,0,63000,0,0,0,180000,117000,63000,63000
051840,康友國泰97購02  ,0,0,0,0,0,0,0,0,0,63000,0,0,0,78000,15000,63000,63000
053158,茂林元大96購01  ,0,0,0,0,0,0,0,0,0,63000,0,0,0,152000,89000,63000,63000
053743,康控國票97購02  ,0,0,0,0,0,0,0,0,0,63000,0,0,0,103000,40000,63000,63000
05981P,可成永昌98售02  ,0,0,0,0,0,0,0,0,0,63000,0,0,0,138000,75000,63000,63000
06320P,上銀統一97售04  ,0,0,0,0,0,0,0,0,0,63000,0,0,0,63000,0,63000,63000
6591,動力-KY         ,67000,4000,63000,0,0,0,0,0,0,0,0,0,0,0,0,0,63000
6558,興能高          ,125000,14000,111000,0,0,0,0,50000,-50000,2000,2000,0,2000,0,0,0,63000
05710P,禾伸堂國票97售02,0,0,0,0,0,0,0,0,0,62000,0,0,0,98000,36000,62000,62000
05514P,康舒永豐96售01  ,0,0,0,0,0,0,0,0,0,62000,0,0,0,62000,0,62000,62000
05552P,聯詠群益96售01  ,0,0,0,0,0,0,0,0,0,62000,0,0,0,62000,0,62000,62000
055645,技嘉元富97購01  ,0,0,0,0,0,0,0,0,0,62000,0,0,0,433000,371000,62000,62000
055792,臺股指凱基97購15,0,0,0,0,0,0,0,0,0,62000,0,0,0,104000,42000,62000,62000
04450P,京元電凱基94售01,0,0,0,0,0,0,0,0,0,62000,0,0,0,62000,0,62000,62000
048460,盛群凱基94購01  ,0,0,0,0,0,0,0,0,0,62000,0,0,0,108000,46000,62000,62000
052358,台表科永豐95購02,100000,0,100000,0,0,0,0,0,0,-38000,0,0,0,130000,168000,-38000,62000
053746,彰銀康和96購01  ,0,0,0,0,0,0,0,0,0,62000,0,0,0,100000,38000,62000,62000
8261,富鼎            ,73000,11000,62000,0,0,0,0,0,0,0,0,0,0,0,0,0,62000
4532,瑞智            ,90000,28000,62000,0,0,0,0,0,0,0,0,0,0,0,0,0,62000
2836,高雄銀          ,74000,12000,62000,0,0,0,0,0,0,0,0,0,0,0,0,0,62000
05972P,瑞昱元大96售01  ,0,0,0,0,0,0,0,0,0,62000,0,0,0,92000,30000,62000,62000
06675P,國巨國票99售02  ,0,0,0,0,0,0,0,0,0,62000,0,0,0,181000,119000,62000,62000
2314,台揚            ,126000,62000,64000,0,0,0,0,0,0,-2000,1000,3000,-2000,0,0,0,62000
055393,華新科統一97購03,0,0,0,0,0,0,0,0,0,61000,0,0,0,81000,20000,61000,61000
05510P,燿華元富96售01  ,0,0,0,0,0,0,0,0,0,61000,0,0,0,61000,0,61000,61000
057010,景碩中信98購01  ,0,0,0,0,0,0,0,0,0,61000,0,0,0,99000,38000,61000,61000
056321,創意群益98購02  ,0,0,0,0,0,0,0,0,0,61000,0,0,0,61000,0,61000,61000
03564P,為升群益02售02  ,0,0,0,0,0,0,0,0,0,61000,0,0,0,61000,0,61000,61000
050991,元油2X元大96購04,0,0,0,0,0,0,0,0,0,61000,0,0,0,871000,810000,61000,61000
052819,義隆永豐96購01  ,0,0,0,0,0,0,0,0,0,61000,0,0,0,72000,11000,61000,61000
052881,康控凱基97購01  ,0,0,0,0,0,0,0,0,0,61000,0,0,0,92000,31000,61000,61000
1464,得力            ,157000,179000,-22000,0,0,0,0,0,0,83000,0,0,0,83000,0,83000,61000
06642P,可成兆豐98售01  ,0,0,0,0,0,0,0,0,0,61000,0,0,0,83000,22000,61000,61000
3705,永信            ,65000,4000,61000,0,0,0,0,0,0,0,0,0,0,0,0,0,61000
057491,美食元大98購03  ,0,0,0,0,0,0,0,0,0,60000,0,0,0,60000,0,60000,60000
05509P,智邦元富96售02  ,0,0,0,0,0,0,0,0,0,60000,0,0,0,60000,0,60000,60000
055209,勤誠康和97購01  ,0,0,0,0,0,0,0,0,0,60000,0,0,0,70000,10000,60000,60000
05545P,台表科國泰98售01,0,0,0,0,0,0,0,0,0,60000,0,0,0,60000,0,60000,60000
055710,亞德客元大97購03,0,0,0,0,0,0,0,0,0,60000,0,0,0,141000,81000,60000,60000
055833,華通元大98購05  ,0,0,0,0,0,0,0,0,0,60000,0,0,0,70000,10000,60000,60000
055866,臺股指元大97購03,0,0,0,0,0,0,0,0,0,60000,0,0,0,101000,41000,60000,60000
05624P,同欣電中信98售01,0,0,0,0,0,0,0,0,0,60000,0,0,0,60000,0,60000,60000
049292,鴻海群益94購04  ,0,0,0,0,0,0,0,0,0,60000,0,0,0,110000,50000,60000,60000
051152,鴻海國泰97購01  ,0,0,0,0,0,0,0,0,0,60000,0,0,0,61000,1000,60000,60000
050784,美律國泰96購01  ,0,0,0,0,0,0,0,0,0,60000,0,0,0,110000,50000,60000,60000
048219,為升凱基93購06  ,0,0,0,0,0,0,0,0,0,60000,0,0,0,60000,0,60000,60000
048260,鴻海元富93購06  ,0,0,0,0,0,0,0,0,0,60000,0,0,0,100000,40000,60000,60000
048139,南電國票94購02  ,0,0,0,0,0,0,0,0,0,60000,0,0,0,60000,0,60000,60000
048562,宏達電元大95購01,0,0,0,0,0,0,0,0,0,60000,0,0,0,119000,59000,60000,60000
046344,超眾國票94購01  ,0,0,0,0,0,0,0,0,0,60000,0,0,0,60000,0,60000,60000
046905,新光金凱基99購01,0,0,0,0,0,0,0,0,0,60000,0,0,0,70000,10000,60000,60000
048700,和鑫國票95購01  ,0,0,0,0,0,0,0,0,0,60000,0,0,0,60000,0,60000,60000
036804,國巨元富93購01  ,0,0,0,0,0,0,0,0,0,60000,0,0,0,60000,0,60000,60000
03938P,聯鈞元大93售01  ,0,0,0,0,0,0,0,0,0,60000,0,0,0,60000,0,60000,60000
045963,新光金凱基93購01,0,0,0,0,0,0,0,0,0,60000,0,0,0,70000,10000,60000,60000
043652,微星國泰93購01  ,0,0,0,0,0,0,0,0,0,60000,0,0,0,60000,0,60000,60000
04339P,欣興元大93售08  ,0,0,0,0,0,0,0,0,0,60000,0,0,0,60000,0,60000,60000
042604,國泰金富邦92購01,0,0,0,0,0,0,0,0,0,60000,0,0,0,60000,0,60000,60000
047389,義隆元大94購01  ,0,0,0,0,0,0,0,0,0,60000,0,0,0,60000,0,60000,60000
044735,光磊國泰93購01  ,0,0,0,0,0,0,0,0,0,60000,0,0,0,60000,0,60000,60000
046194,禾伸堂凱基92購02,0,0,0,0,0,0,0,0,0,60000,0,0,0,60000,0,60000,60000
046235,台表科元大92購03,0,0,0,0,0,0,0,0,0,60000,0,0,0,90000,30000,60000,60000
04423P,牧德永豐94售01  ,0,0,0,0,0,0,0,0,0,60000,0,0,0,60000,0,60000,60000
052298,易華電國票96購01,0,0,0,0,0,0,0,0,0,60000,0,0,0,60000,0,60000,60000
052098,臺股指富邦95購01,0,0,0,0,0,0,0,0,0,60000,0,0,0,60000,0,60000,60000
050554,百和凱基95購01  ,0,0,0,0,0,0,0,0,0,60000,0,0,0,62000,2000,60000,60000
050581,美食國票94購02  ,0,0,0,0,0,0,0,0,0,60000,0,0,0,60000,0,60000,60000
049905,為升元大94購05  ,0,0,0,0,0,0,0,0,0,60000,0,0,0,266000,206000,60000,60000
051323,康控國票96購01  ,0,0,0,0,0,0,0,0,0,60000,0,0,0,60000,0,60000,60000
051489,世芯凱基95購01  ,0,0,0,0,0,0,0,0,0,60000,0,0,0,86000,26000,60000,60000
051542,南茂國票96購01  ,0,0,0,0,0,0,0,0,0,60000,0,0,0,60000,0,60000,60000
05186P,鈺齊中信95售02  ,0,0,0,0,0,0,0,0,0,60000,0,0,0,60000,0,60000,60000
049309,台達電凱基94購05,0,0,0,0,0,0,0,0,0,60000,0,0,0,60000,0,60000,60000
050956,鈺齊群益95購01  ,0,0,0,0,0,0,0,0,0,60000,0,0,0,206000,146000,60000,60000
051049,亞德客群益95購01,0,0,0,0,0,0,0,0,0,60000,0,0,0,93000,33000,60000,60000
049739,大立光群益94購05,0,0,0,0,0,0,0,0,0,60000,0,0,0,70000,10000,60000,60000
052906,緯創國票97購01  ,0,0,0,0,0,0,0,0,0,60000,0,0,0,70000,10000,60000,60000
052607,大立光元大96購03,0,0,0,0,0,0,0,0,0,60000,0,0,0,75000,15000,60000,60000
052638,緯創凱基96購02  ,0,0,0,0,0,0,0,0,0,60000,0,0,0,60000,0,60000,60000
053663,臺股指凱基96購24,0,0,0,0,0,0,0,0,0,60000,0,0,0,60000,0,60000,60000
053496,義隆兆豐96購02  ,0,0,0,0,0,0,0,0,0,60000,0,0,0,66000,6000,60000,60000
05316P,台積電永昌96售06,0,0,0,0,0,0,0,0,0,60000,0,0,0,140000,80000,60000,60000
053398,和鑫中信99購01  ,0,0,0,0,0,0,0,0,0,60000,0,0,0,60000,0,60000,60000
053389,彩晶元大98購01  ,0,0,0,0,0,0,0,0,0,60000,0,0,0,60000,0,60000,60000
054974,台表科元大98購02,0,0,0,0,0,0,0,0,0,60000,0,0,0,174000,114000,60000,60000
053810,台達電群益96購01,0,0,0,0,0,0,0,0,0,60000,0,0,0,90000,30000,60000,60000
053851,鴻海國泰98購03  ,0,0,0,0,0,0,0,0,0,60000,0,0,0,60000,0,60000,60000
054113,奇力新台新97購01,0,0,0,0,0,0,0,0,0,60000,0,0,0,60000,0,60000,60000
05436P,台積電群益95售07,0,0,0,0,0,0,0,0,0,60000,0,0,0,60000,0,60000,60000
5258,虹堡            ,83000,23000,60000,0,0,0,0,0,0,0,0,0,0,0,0,0,60000
06364P,鴻海凱基97售08  ,0,0,0,0,0,0,0,0,0,60000,0,0,0,211000,151000,60000,60000
05888P,友達元大97售01  ,0,0,0,0,0,0,0,0,0,60000,0,0,0,83000,23000,60000,60000
06269P,群創凱基98售10  ,0,0,0,0,0,0,0,0,0,60000,0,0,0,61000,1000,60000,60000
056049,奇力新國票98購01,0,0,0,0,0,0,0,0,0,59000,0,0,0,89000,30000,59000,59000
055582,亞德客元大97購01,0,0,0,0,0,0,0,0,0,59000,0,0,0,184000,125000,59000,59000
05705P,上証2X永豐96售03,0,0,0,0,0,0,0,0,0,59000,0,0,0,68000,9000,59000,59000
05640P,旺宏元富96售03  ,0,0,0,0,0,0,0,0,0,59000,0,0,0,90000,31000,59000,59000
03784P,致伸凱基93售02  ,0,0,0,0,0,0,0,0,0,59000,0,0,0,60000,1000,59000,59000
04014P,聯發科元大93售18,0,0,0,0,0,0,0,0,0,59000,0,0,0,60000,1000,59000,59000
046604,康控群益93購02  ,0,0,0,0,0,0,0,0,0,59000,0,0,0,100000,41000,59000,59000
048650,台表科元大93購05,0,0,0,0,0,0,0,0,0,59000,0,0,0,93000,34000,59000,59000
049538,元油2X群益98購01,0,0,0,0,0,0,0,0,0,59000,0,0,0,81000,22000,59000,59000
052068,瑞儀兆豐96購01  ,0,0,0,0,0,0,0,0,0,59000,0,0,0,160000,101000,59000,59000
054466,欣興凱基97購03  ,0,0,0,0,0,0,0,0,0,59000,0,0,0,99000,40000,59000,59000
053737,華新科麥證96購01,0,0,0,80000,21000,59000,0,0,0,59000,0,0,0,80000,21000,59000,59000
052648,茂林永豐96購01  ,0,0,0,0,0,0,0,0,0,59000,0,0,0,72000,13000,59000,59000
052651,台表科永豐96購02,0,0,0,0,0,0,0,0,0,59000,0,0,0,59000,0,59000,59000
052528,茂林元大95購05  ,0,0,0,0,0,0,0,0,0,59000,0,0,0,66000,7000,59000,59000
052941,康控兆豐97購01  ,0,0,0,0,0,0,0,0,0,59000,0,0,0,387000,328000,59000,59000
1316,上曜            ,64000,5000,59000,0,0,0,0,0,0,0,0,0,0,0,0,0,59000
1210,大成            ,498000,449000,49000,0,0,0,0,0,0,10000,12000,2000,10000,0,0,0,59000
1762,中化生          ,68000,14000,54000,0,0,0,0,0,0,5000,5000,0,5000,0,0,0,59000
2006,東和鋼鐵        ,117000,164000,-47000,0,0,0,1000,0,1000,105000,106000,1000,105000,0,0,0,59000
8463,潤泰材          ,103000,44000,59000,0,0,0,0,0,0,0,1000,1000,0,0,0,0,59000
3605,宏致            ,79000,23000,56000,0,0,0,0,0,0,3000,3000,0,3000,0,0,0,59000
056410,康控國票99購01  ,0,0,0,0,0,0,0,0,0,58000,0,0,0,58000,0,58000,58000
055369,友訊元大97購01  ,0,0,0,0,0,0,0,0,0,58000,0,0,0,377000,319000,58000,58000
056165,矽力凱基98購02  ,0,0,0,0,0,0,0,0,0,58000,0,0,0,305000,247000,58000,58000
055973,亞德客統一97購01,0,0,0,0,0,0,0,0,0,58000,0,0,0,60000,2000,58000,58000
048703,康控國票95購01  ,0,0,0,0,0,0,0,0,0,58000,0,0,0,73000,15000,58000,58000
048089,智邦凱基93購10  ,0,0,0,0,0,0,0,0,0,58000,0,0,0,68000,10000,58000,58000
03652C,臺股指元大03牛01,0,0,0,0,0,0,0,0,0,58000,0,0,0,58000,0,58000,58000
049911,智邦元大94購05  ,0,0,0,0,0,0,0,0,0,58000,0,0,0,73000,15000,58000,58000
048970,裕民元大94購01  ,0,0,0,0,0,0,0,0,0,58000,0,0,0,68000,10000,58000,58000
049330,元上證統一94購03,0,0,0,0,0,0,0,0,0,58000,0,0,0,58000,0,58000,58000
052867,晶技凱基96購01  ,0,0,0,0,0,0,0,0,0,58000,0,0,0,128000,70000,58000,58000
052373,鴻海元大95購22  ,0,0,0,0,0,0,0,0,0,58000,0,0,0,68000,10000,58000,58000
053596,嘉澤元大96購01  ,0,0,0,0,0,0,0,0,0,58000,0,0,0,73000,15000,58000,58000
053599,崇越元大96購01  ,0,0,0,0,0,0,0,0,0,58000,0,0,0,70000,12000,58000,58000
054677,智易台新98購02  ,0,0,0,0,0,0,0,0,0,58000,0,0,0,58000,0,58000,58000
05490P,鴻海元大95售23  ,0,0,0,0,0,0,0,0,0,58000,0,0,0,75000,17000,58000,58000
05418P,瑞昱永豐95售02  ,0,0,0,0,0,0,0,0,0,58000,0,0,0,58000,0,58000,58000
053785,聯詠元大96購05  ,0,0,0,0,0,0,0,0,0,58000,0,0,0,78000,20000,58000,58000
06432P,上銀群益98售01  ,0,0,0,0,0,0,0,0,0,58000,0,0,0,95000,37000,58000,58000
1808,潤隆            ,90865,33000,57865,0,0,0,0,0,0,0,0,0,0,0,0,0,57865
055220,緯穎凱基98購02  ,0,0,0,0,0,0,0,0,0,57000,0,0,0,218000,161000,57000,57000
055068,亞翔永豐97購01  ,0,0,0,0,0,0,0,0,0,57000,0,0,0,57000,0,57000,57000
05546P,全新元大97售01  ,0,0,0,0,0,0,0,0,0,57000,0,0,0,58000,1000,57000,57000
056517,茂林兆豐99購01  ,0,0,0,0,0,0,0,0,0,57000,0,0,0,60000,3000,57000,57000
057147,新日興國票99購01,0,0,0,0,0,0,0,0,0,57000,0,0,0,78000,21000,57000,57000
049246,大成鋼元大94購02,0,0,0,0,0,0,0,0,0,57000,0,0,0,57000,0,57000,57000
05445P,聯詠元大95售05  ,0,0,0,0,0,0,0,0,0,57000,0,0,0,57000,0,57000,57000
053516,茂林群益96購05  ,0,0,0,0,0,0,0,0,0,57000,0,0,0,156000,99000,57000,57000
053311,同欣電凱基96購01,0,0,0,0,0,0,0,0,0,57000,0,0,0,57000,0,57000,57000
2342,茂矽            ,395000,320000,75000,0,0,0,0,0,0,-18000,2000,20000,-18000,0,0,0,57000
06207P,聯發科凱基97售07,0,0,0,0,0,0,0,0,0,57000,0,0,0,67000,10000,57000,57000
6277,宏正            ,62000,5000,57000,0,0,0,0,0,0,0,0,0,0,0,0,0,57000
056552,台表科凱基99購01,0,0,0,0,0,0,0,0,0,56000,0,0,0,145000,89000,56000,56000
055304,瑞昱第一98購01  ,0,0,0,0,0,0,0,0,0,56000,0,0,0,56000,0,56000,56000
056190,昇陽半統一97購01,0,0,0,0,0,0,0,0,0,56000,0,0,0,56000,0,56000,56000
051121,裕民群益97購01  ,0,0,0,0,0,0,0,0,0,56000,0,0,0,100000,44000,56000,56000
042903,金寶元大94購01  ,0,0,0,0,0,0,0,0,0,56000,0,0,0,57000,1000,56000,56000
00865B,國泰US短期公債  ,0,0,0,0,0,0,0,0,0,56000,0,0,0,56000,0,56000,56000
051556,台表科永豐96購01,0,0,0,0,0,0,0,0,0,56000,0,0,0,200000,144000,56000,56000
050277,上銀亞東94購01  ,0,0,0,0,0,0,0,0,0,56000,0,0,0,56000,0,56000,56000
052137,台表科凱基96購02,0,0,0,0,0,0,0,0,0,56000,0,0,0,137000,81000,56000,56000
050620,和碩元大94購04  ,0,0,0,0,0,0,0,0,0,56000,0,0,0,122000,66000,56000,56000
053433,友達日盛99購06  ,0,0,0,0,0,0,0,0,0,56000,0,0,0,394000,338000,56000,56000
052396,台積電凱基97購01,0,0,0,0,0,0,0,0,0,56000,0,0,0,66000,10000,56000,56000
052768,泰鼎群益96購01  ,0,0,0,0,0,0,0,0,0,56000,0,0,0,148000,92000,56000,56000
4906,正文            ,231000,400000,-169000,0,0,0,0,0,0,225000,3000,40000,-37000,279000,17000,262000,56000
05966P,矽力凱基96售03  ,0,0,0,0,0,0,0,0,0,56000,0,0,0,57000,1000,56000,56000
05625P,國巨國票97售01  ,0,0,0,0,0,0,0,0,0,55000,0,0,0,75000,20000,55000,55000
055382,台郡元大99購01  ,0,0,0,0,0,0,0,0,0,55000,0,0,0,60000,5000,55000,55000
055534,晶技群益97購03  ,0,0,0,0,0,0,0,0,0,55000,0,0,0,55000,0,55000,55000
055597,禾伸堂元大98購02,0,0,0,0,0,0,0,0,0,55000,0,0,0,56000,1000,55000,55000
056794,上銀麥證98購01  ,0,0,0,85000,30000,55000,0,0,0,55000,0,0,0,85000,30000,55000,55000
056658,美食元大98購01  ,0,0,0,0,0,0,0,0,0,55000,0,0,0,70000,15000,55000,55000
05730P,臺股指凱基97售03,0,0,0,0,0,0,0,0,0,55000,0,0,0,125000,70000,55000,55000
042470,元油2X元大93購04,0,0,0,0,0,0,0,0,0,55000,0,0,0,55000,0,55000,55000
04161P,全新國泰94售01  ,0,0,0,0,0,0,0,0,0,55000,0,0,0,55000,0,55000,55000
04598P,光罩凱基94售03  ,0,0,0,0,0,0,0,0,0,55000,0,0,0,55000,0,55000,55000
042916,佐登元大94購01  ,0,0,0,0,0,0,0,0,0,55000,0,0,0,56000,1000,55000,55000
048380,T50反1國票94購02,0,0,0,0,0,0,0,0,0,55000,0,0,0,55000,0,55000,55000
048381,T50反1國票94購03,0,0,0,0,0,0,0,0,0,55000,0,0,0,88000,33000,55000,55000
049257,南亞科元大94購03,0,0,0,0,0,0,0,0,0,55000,0,0,0,99000,44000,55000,55000
04925P,和碩元大94售03  ,0,0,0,0,0,0,0,0,0,55000,0,0,0,55000,0,55000,55000
046785,禾伸堂永豐93購01,0,0,0,0,0,0,0,0,0,55000,0,0,0,65000,10000,55000,55000
046670,彩晶元大93購02  ,0,0,0,0,0,0,0,0,0,55000,0,0,0,55000,0,55000,55000
048199,大立光元大94購03,0,0,0,0,0,0,0,0,0,55000,0,0,0,70000,15000,55000,55000
052033,臺股指群益95購06,0,0,0,0,0,0,0,0,0,55000,0,0,0,55000,0,55000,55000
049618,美律群益94購03  ,0,0,0,0,0,0,0,0,0,55000,0,0,0,55000,0,55000,55000
051074,矽力國票96購01  ,0,0,0,0,0,0,0,0,0,55000,0,0,0,55000,0,55000,55000
052813,T50正2永豐96購01,0,0,0,0,0,0,0,0,0,55000,0,0,0,60000,5000,55000,55000
053518,聯茂群益96購03  ,0,0,0,0,0,0,0,0,0,55000,0,0,0,55000,0,55000,55000
053591,大立光元大99購03,0,0,0,0,0,0,0,0,0,55000,0,0,0,85000,30000,55000,55000
053159,同欣電元大96購02,0,0,0,0,0,0,0,0,0,55000,0,0,0,60000,5000,55000,55000
054544,統一中信97購01  ,0,0,0,0,0,0,0,0,0,55000,0,0,0,133000,78000,55000,55000
054952,大毅元大97購02  ,0,0,0,0,0,0,0,0,0,55000,0,0,0,59000,4000,55000,55000
055023,億光國泰98購01  ,0,0,0,0,0,0,0,0,0,55000,0,0,0,65000,10000,55000,55000
054402,康控永豐96購03  ,0,0,0,0,0,0,0,0,0,55000,0,0,0,205000,150000,55000,55000
05914P,友達元大96售04  ,0,0,0,0,0,0,0,0,0,55000,0,0,0,70000,15000,55000,55000
06640P,國巨兆豐99售02  ,0,0,0,0,0,0,0,0,0,55000,0,0,0,112000,57000,55000,55000
5203,訊連            ,81000,24000,57000,0,0,0,0,0,0,-2000,7000,0,7000,3000,12000,-9000,55000
6283,淳安            ,75000,20000,55000,0,0,0,0,0,0,0,0,0,0,0,0,0,55000
05747P,漢唐群益96售03  ,0,0,0,0,0,0,0,0,0,54000,0,0,0,64000,10000,54000,54000
056819,奇力新永豐98購01,0,0,0,0,0,0,0,0,0,54000,0,0,0,89000,35000,54000,54000
056808,台積電統一98購06,0,0,0,0,0,0,0,0,0,54000,0,0,0,100000,46000,54000,54000
056242,緯創群益9A購01  ,0,0,0,0,0,0,0,0,0,54000,0,0,0,54000,0,54000,54000
055925,上銀群益97購01  ,0,0,0,0,0,0,0,0,0,54000,0,0,0,234000,180000,54000,54000
04772P,欣興元大94售08  ,0,0,0,0,0,0,0,0,0,54000,0,0,0,54000,0,54000,54000
047822,臺股指凱基93購16,0,0,0,0,0,0,0,0,0,54000,0,0,0,54000,0,54000,54000
04193P,智原永豐93售01  ,0,0,0,0,0,0,0,0,0,54000,0,0,0,54000,0,54000,54000
042752,台灣50元大96購03,0,0,0,0,0,0,0,0,0,54000,0,0,0,60000,6000,54000,54000
049149,華新科元大95購03,0,0,0,0,0,0,0,0,0,54000,0,0,0,65000,11000,54000,54000
051799,台積電永豐96購01,0,0,0,0,0,0,0,0,0,54000,0,0,0,80000,26000,54000,54000
051339,智易永豐95購02  ,0,0,0,0,0,0,0,0,0,54000,0,0,0,54000,0,54000,54000
05192P,玉晶光台新96售02,0,0,0,0,0,0,0,0,0,54000,0,0,0,54000,0,54000,54000
054244,華新元大96購01  ,0,0,0,0,0,0,0,0,0,54000,0,0,0,68000,14000,54000,54000
054563,泰碩群益99購01  ,0,0,0,0,0,0,0,0,0,54000,0,0,0,54000,0,54000,54000
054629,華新科凱基98購01,0,0,0,0,0,0,0,0,0,54000,0,0,0,114000,60000,54000,54000
052827,昇陽半永豐97購01,0,0,0,0,0,0,0,0,0,54000,0,0,0,54000,0,54000,54000
06574P,大立光永昌99售01,0,0,0,0,0,0,0,0,0,54000,0,0,0,54000,0,54000,54000
06575P,大立光永昌99售02,0,0,0,0,0,0,0,0,0,54000,0,0,0,54000,0,54000,54000
06108P,奇力新群益97售05,0,0,0,0,0,0,0,0,0,54000,0,0,0,74000,20000,54000,54000
056166,微星台新97購01  ,0,0,0,0,0,0,0,0,0,53000,0,0,0,53000,0,53000,53000
055252,新光金統一98購02,0,0,0,0,0,0,0,0,0,53000,0,0,0,234000,181000,53000,53000
056793,臺股指群益98購03,0,0,0,0,0,0,0,0,0,53000,0,0,0,53000,0,53000,53000
056739,美律凱基98購04  ,0,0,0,0,0,0,0,0,0,53000,0,0,0,66000,13000,53000,53000
057087,台郡統一99購01  ,0,0,0,0,0,0,0,0,0,53000,0,0,0,77000,24000,53000,53000
056963,建準永豐98購01  ,0,0,0,0,0,0,0,0,0,53000,0,0,0,53000,0,53000,53000
047213,新日興富邦97購01,0,0,0,0,0,0,0,0,0,53000,0,0,0,221000,168000,53000,53000
04451P,可成凱基94售04  ,0,0,0,0,0,0,0,0,0,53000,0,0,0,87000,34000,53000,53000
047046,台積電國票94購01,0,0,0,0,0,0,0,0,0,53000,0,0,0,84000,31000,53000,53000
048498,嘉澤元大94購01  ,0,0,0,0,0,0,0,0,0,53000,0,0,0,59000,6000,53000,53000
052380,臺股指元大95購21,0,0,0,0,0,0,0,0,0,53000,0,0,0,53000,0,53000,53000
052446,聯發科元大96購03,0,0,0,0,0,0,0,0,0,53000,0,0,0,107000,54000,53000,53000
052453,崇越元大95購01  ,0,0,0,0,0,0,0,0,0,53000,0,0,0,70000,17000,53000,53000
053623,臺股指群益96購09,0,0,0,0,0,0,0,0,0,53000,0,0,0,142000,89000,53000,53000
06310P,精元元富97售02  ,0,0,0,0,0,0,0,0,0,53000,0,0,0,58000,5000,53000,53000
05895P,奇力新群益96售03,0,0,0,0,0,0,0,0,0,53000,0,0,0,233000,180000,53000,53000
5243,乙盛-KY         ,105000,55000,50000,0,0,0,0,0,0,3000,3000,0,3000,0,0,0,53000
3583,辛耘            ,72000,19000,53000,0,0,0,0,0,0,0,0,0,0,0,0,0,53000
3588,通嘉            ,66000,13000,53000,0,0,0,0,0,0,0,0,0,0,0,0,0,53000
057461,國巨永豐98購07  ,0,0,0,0,0,0,0,0,0,52000,0,0,0,68000,16000,52000,52000
057231,美律凱基98購05  ,0,0,0,0,0,0,0,0,0,52000,0,0,0,72000,20000,52000,52000
05521P,創意永豐96售01  ,0,0,0,0,0,0,0,0,0,52000,0,0,0,52000,0,52000,52000
055076,福懋科永豐97購01,0,0,0,0,0,0,0,0,0,52000,0,0,0,222000,170000,52000,52000
056131,鴻海元大97購12  ,0,0,0,0,0,0,0,0,0,52000,0,0,0,56000,4000,52000,52000
056123,鈺齊群益97購01  ,0,0,0,0,0,0,0,0,0,52000,0,0,0,138000,86000,52000,52000
056091,百和統一97購01  ,0,0,0,0,0,0,0,0,0,52000,0,0,0,85000,33000,52000,52000
050117,麗豐元大96購02  ,0,0,0,0,0,0,0,0,0,52000,0,0,0,52000,0,52000,52000
051970,元黃金凱基98購01,0,0,0,0,0,0,0,0,0,52000,0,0,0,52000,0,52000,52000
049593,群創元大9A購01  ,0,0,0,0,0,0,0,0,0,52000,0,0,0,238000,186000,52000,52000
049152,大立光元大95購06,0,0,0,0,0,0,0,0,0,52000,0,0,0,116000,64000,52000,52000
049155,同欣電元大94購01,0,0,0,0,0,0,0,0,0,52000,0,0,0,52000,0,52000,52000
049020,可成群益94購02  ,0,0,0,0,0,0,0,0,0,52000,0,0,0,81000,29000,52000,52000
049492,聯發科元大95購02,0,0,0,0,0,0,0,0,0,52000,0,0,0,81000,29000,52000,52000
048985,茂林元大94購01  ,0,0,0,0,0,0,0,0,0,52000,0,0,0,66000,14000,52000,52000
051598,瑞昱兆豐95購01  ,0,0,0,0,0,0,0,0,0,52000,0,0,0,52000,0,52000,52000
052559,茂林國票97購01  ,0,0,0,0,0,0,0,0,0,52000,0,0,0,52000,0,52000,52000
054919,興富發凱基97購01,0,0,0,0,0,0,0,0,0,52000,0,0,0,52000,0,52000,52000
054403,同欣電永豐96購02,0,0,0,0,0,0,0,0,0,52000,0,0,0,52000,0,52000,52000
06127P,泰碩元富97售01  ,0,0,0,0,0,0,0,0,0,52000,0,0,0,52000,0,52000,52000
06019P,緯穎凱基96售03  ,0,0,0,0,0,0,0,0,0,52000,0,0,0,100000,48000,52000,52000
1906,寶隆            ,56000,3000,53000,0,0,0,0,0,0,-1000,0,1000,-1000,0,0,0,52000
05543P,鴻海元富96售04  ,0,0,0,0,0,0,0,0,0,51000,0,0,0,171000,120000,51000,51000
057355,彩晶統一98購03  ,0,0,0,0,0,0,0,0,0,51000,0,0,0,133000,82000,51000,51000
044643,滬深2X群益96購01,0,0,0,0,0,0,0,0,0,51000,0,0,0,101000,50000,51000,51000
052057,臺股指凱基95購15,0,0,0,0,0,0,0,0,0,51000,0,0,0,51000,0,51000,51000
052660,京元電國票97購01,0,0,0,0,0,0,0,0,0,51000,0,0,0,53000,2000,51000,51000
052869,新日興凱基96購01,0,0,0,0,0,0,0,0,0,51000,0,0,0,185000,134000,51000,51000
053005,微星永豐96購01  ,0,0,0,0,0,0,0,0,0,51000,0,0,0,114000,63000,51000,51000
053143,昇陽半永豐96購03,0,0,0,0,0,0,0,0,0,51000,0,0,0,51000,0,51000,51000
053256,上銀富邦98購01  ,0,0,0,0,0,0,0,0,0,51000,0,0,0,63000,12000,51000,51000
05764P,世紀鋼永豐96售03,0,0,0,0,0,0,0,0,0,51000,0,0,0,127000,76000,51000,51000
6191,精成科          ,308000,261000,47000,0,0,0,0,0,0,4000,11000,0,11000,1000,8000,-7000,51000
057418,台光電凱基98購04,0,0,0,0,0,0,0,0,0,50000,0,0,0,72000,22000,50000,50000
056286,奇鋐永豐97購01  ,0,0,0,0,0,0,0,0,0,50000,0,0,0,50000,0,50000,50000
055523,道瓊銀群益9A購01,0,0,0,0,0,0,0,0,0,50000,0,0,0,50000,0,50000,50000
055585,國巨元大98購08  ,0,0,0,0,0,0,0,0,0,50000,0,0,0,213000,163000,50000,50000
056218,億光中信98購01  ,0,0,0,0,0,0,0,0,0,50000,0,0,0,50000,0,50000,50000
055918,和鑫凱基97購01  ,0,0,0,0,0,0,0,0,0,50000,0,0,0,50000,0,50000,50000
055857,嘉聯益元大97購04,0,0,0,0,0,0,0,0,0,50000,0,0,0,100000,50000,50000,50000
05587P,鴻海凱基96售12  ,0,0,0,0,0,0,0,0,0,50000,0,0,0,250000,200000,50000,50000
044641,上証2X國票93購02,0,0,0,0,0,0,0,0,0,50000,0,0,0,50000,0,50000,50000
047232,禾伸堂凱基93購02,0,0,0,0,0,0,0,0,0,50000,0,0,0,50000,0,50000,50000
048351,旺宏台新94購02  ,0,0,0,0,0,0,0,0,0,50000,0,0,0,60000,10000,50000,50000
047442,聯詠元大93購09  ,0,0,0,0,0,0,0,0,0,50000,0,0,0,50000,0,50000,50000
042191,元油2X富邦93購01,0,0,0,0,0,0,0,0,0,50000,0,0,0,50000,0,50000,50000
04165P,南亞科元富95售03,0,0,0,0,0,0,0,0,0,50000,0,0,0,60000,10000,50000,50000
042502,上銀凱基93購01  ,0,0,0,0,0,0,0,0,0,50000,0,0,0,60000,10000,50000,50000
043390,康控元大93購01  ,0,0,0,0,0,0,0,0,0,50000,0,0,0,50000,0,50000,50000
03659C,元油2X元大98牛13,0,0,0,0,0,0,0,0,0,50000,0,0,0,50000,0,50000,50000
03956P,欣興統一93售02  ,0,0,0,0,0,0,0,0,0,50000,0,0,0,82000,32000,50000,50000
049270,台表科元大95購02,0,0,0,0,0,0,0,0,0,50000,0,0,0,50000,0,50000,50000
048057,宏達電國泰94購02,0,0,0,0,0,0,0,0,0,50000,0,0,0,50000,0,50000,50000
04871P,力成元富94售02  ,0,0,0,0,0,0,0,0,0,50000,0,0,0,50000,0,50000,50000
046455,瑞昱凱基92購03  ,0,0,0,0,0,0,0,0,0,50000,0,0,0,50000,0,50000,50000
046426,臻鼎元大92購13  ,0,0,0,0,0,0,0,0,0,50000,0,0,0,50000,0,50000,50000
052334,大成鋼日盛95購01,0,0,0,0,0,0,0,0,0,50000,0,0,0,50000,0,50000,50000
050566,高股息中信97購02,0,0,0,0,0,0,0,0,0,50000,0,0,0,50000,0,50000,50000
050612,台積電元大95購06,0,0,0,0,0,0,0,0,0,50000,0,0,0,50000,0,50000,50000
049641,台達電凱基94購08,0,0,0,0,0,0,0,0,0,50000,0,0,0,50000,0,50000,50000
050461,GIS元大95購04   ,0,0,0,0,0,0,0,0,0,50000,0,0,0,100000,50000,50000,50000
050446,鴻海元大94購22  ,0,0,0,0,0,0,0,0,0,50000,0,0,0,202000,152000,50000,50000
048814,上銀凱基94購01  ,0,0,0,0,0,0,0,0,0,50000,0,0,0,60000,10000,50000,50000
048826,宏達電凱基94購01,0,0,0,0,0,0,0,0,0,50000,0,0,0,50000,0,50000,50000
050317,和鑫國票95購02  ,0,0,0,0,0,0,0,0,0,50000,0,0,0,50000,0,50000,50000
048963,川湖元大94購01  ,0,0,0,0,0,0,0,0,0,50000,0,0,0,50000,0,50000,50000
049377,聯詠元大94購01  ,0,0,0,0,0,0,0,0,0,50000,0,0,0,50000,0,50000,50000
049423,臺股指凱基95購02,0,0,0,0,0,0,0,0,0,50000,0,0,0,50000,0,50000,50000
04943P,臻鼎康和94售01  ,0,0,0,0,0,0,0,0,0,50000,0,0,0,50000,0,50000,50000
04947P,聯詠元大94售05  ,0,0,0,0,0,0,0,0,0,50000,0,0,0,50000,0,50000,50000
049225,達方國票94購01  ,0,0,0,0,0,0,0,0,0,50000,0,0,0,50000,0,50000,50000
049519,新光金國票95購03,0,0,0,0,0,0,0,0,0,50000,0,0,0,50000,0,50000,50000
049749,創意永豐94購01  ,0,0,0,0,0,0,0,0,0,50000,0,0,0,50000,0,50000,50000
049736,宏達電群益95購03,0,0,0,0,0,0,0,0,0,50000,0,0,0,150000,100000,50000,50000
050361,T50反1元大94購07,0,0,0,0,0,0,0,0,0,50000,0,0,0,50000,0,50000,50000
049053,可成永豐94購01  ,0,0,0,0,0,0,0,0,0,50000,0,0,0,50000,0,50000,50000
051784,國巨兆豐95購01  ,0,0,0,0,0,0,0,0,0,50000,0,0,0,50000,0,50000,50000
050204,華新科群益94購05,0,0,0,0,0,0,0,0,0,50000,0,0,0,70000,20000,50000,50000
049359,台達電元大94購06,0,0,0,0,0,0,0,0,0,50000,0,0,0,50000,0,50000,50000
051709,TPK群益95購02   ,0,0,0,0,0,0,0,0,0,50000,0,0,0,50000,0,50000,50000
051362,台郡元大95購04  ,0,0,0,0,0,0,0,0,0,50000,0,0,0,100000,50000,50000,50000
05090P,國巨元大95售05  ,0,0,0,0,0,0,0,0,0,50000,0,0,0,290000,240000,50000,50000
053395,致茂中信96購01  ,0,0,0,0,0,0,0,0,0,50000,0,0,0,60000,10000,50000,50000
053091,同欣電元大96購01,0,0,0,0,0,0,0,0,0,50000,0,0,0,59000,9000,50000,50000
053181,滬深2X元富99購02,0,0,0,0,0,0,0,0,0,50000,0,0,0,50000,0,50000,50000
053469,光磊元大97購01  ,0,0,0,0,0,0,0,0,0,50000,0,0,0,54000,4000,50000,50000
05284P,鴻海兆豐95售04  ,0,0,0,0,0,0,0,0,0,50000,0,0,0,50000,0,50000,50000
052772,台虹群益96購01  ,0,0,0,0,0,0,0,0,0,50000,0,0,0,52000,2000,50000,50000
054411,光磊元大97購02  ,0,0,0,0,0,0,0,0,0,50000,0,0,0,82000,32000,50000,50000
054191,香港2X中信98購01,0,0,0,0,0,0,0,0,0,50000,0,0,0,50000,0,50000,50000
054159,T50正2凱基99購01,0,0,0,0,0,0,0,0,0,50000,0,0,0,92000,42000,50000,50000
053937,光磊元富96購01  ,0,0,0,0,0,0,0,0,0,50000,0,0,0,50000,0,50000,50000
055004,群創元富99購06  ,0,0,0,0,0,0,0,0,0,50000,0,0,0,100000,50000,50000,50000
054421,臺股指元大99購03,0,0,0,0,0,0,0,0,0,50000,0,0,0,50000,0,50000,50000
2442,新美齊          ,131000,82000,49000,0,0,0,0,0,0,1000,1000,0,1000,0,0,0,50000
05833P,臺股指元富96售05,0,0,0,0,0,0,0,0,0,50000,0,0,0,50000,0,50000,50000
06197P,國巨元大97售08  ,0,0,0,0,0,0,0,0,0,50000,0,0,0,50000,0,50000,50000
06183P,大立光元大97售05,0,0,0,0,0,0,0,0,0,50000,0,0,0,50000,0,50000,50000
06683P,訊芯元大98售07  ,0,0,0,0,0,0,0,0,0,50000,0,0,0,260000,210000,50000,50000
055842,建準元大98購01  ,0,0,0,0,0,0,0,0,0,49000,0,0,0,99000,50000,49000,49000
056507,創意永豐98購02  ,0,0,0,0,0,0,0,0,0,49000,0,0,0,122000,73000,49000,49000
056499,鴻海富邦98購02  ,0,0,0,0,0,0,0,0,0,49000,0,0,0,103000,54000,49000,49000
04685P,訊芯元大94售02  ,0,0,0,0,0,0,0,0,0,49000,0,0,0,82000,33000,49000,49000
04047P,華邦電元大94售03,0,0,0,0,0,0,0,0,0,49000,0,0,0,110000,61000,49000,49000
051619,智邦凱基95購07  ,0,0,0,0,0,0,0,0,0,49000,0,0,0,116000,67000,49000,49000
049007,玉晶光中信96購01,0,0,0,0,0,0,0,0,0,49000,0,0,0,122000,73000,49000,49000
049867,日月光兆豐94購01,0,0,0,0,0,0,0,0,0,49000,0,0,0,50000,1000,49000,49000
052252,大立光永豐95購03,0,0,0,0,0,0,0,0,0,49000,0,0,0,78000,29000,49000,49000
052103,台積電兆豐95購06,0,0,0,0,0,0,0,0,0,49000,0,0,0,77000,28000,49000,49000
054478,可成中信97購01  ,0,0,0,0,0,0,0,0,0,49000,0,0,0,51000,2000,49000,49000
054539,欣興國票98購01  ,0,0,0,0,0,0,0,0,0,49000,0,0,0,53000,4000,49000,49000
054950,奇力新元大98購02,0,0,0,0,0,0,0,0,0,49000,0,0,0,72000,23000,49000,49000
054207,國巨國票98購01  ,0,0,0,0,0,0,0,0,0,49000,0,0,0,50000,1000,49000,49000
05278P,台郡元富95售02  ,0,0,0,0,0,0,0,0,0,49000,0,0,0,61000,12000,49000,49000
053016,鈺齊統一96購01  ,0,0,0,0,0,0,0,0,0,49000,0,0,0,134000,85000,49000,49000
06184P,大立光元大97售06,0,0,0,0,0,0,0,0,0,49000,0,0,0,69000,20000,49000,49000
2431,聯昌            ,49000,0,49000,0,0,0,0,0,0,0,0,0,0,0,0,0,49000
4766,南寶            ,53000,4000,49000,0,0,0,0,0,0,0,0,0,0,0,0,0,49000
8011,台通            ,51000,2000,49000,0,0,0,0,0,0,0,1000,1000,0,0,0,0,49000
055540,京鼎台新97購01  ,0,0,0,0,0,0,0,0,0,48000,0,0,0,48000,0,48000,48000
055595,宏達電元大98購02,0,0,0,0,0,0,0,0,0,48000,0,0,0,57000,9000,48000,48000
04586P,光罩永豐94售02  ,0,0,0,0,0,0,0,0,0,48000,0,0,0,48000,0,48000,48000
0055,元大MSCI金融    ,0,0,0,0,0,0,0,0,0,48000,0,0,0,48000,0,48000,48000
044457,滬深2X國票97購01,0,0,0,0,0,0,0,0,0,48000,0,0,0,231000,183000,48000,48000
046667,晶技元大93購01  ,0,0,0,0,0,0,0,0,0,48000,0,0,0,50000,2000,48000,48000
051178,大立光凱基95購10,0,0,0,0,0,0,0,0,0,48000,0,0,0,108000,60000,48000,48000
052326,滬深反中信99購01,0,0,0,0,0,0,0,0,0,48000,0,0,0,142000,94000,48000,48000
051997,康友元大95購02  ,0,0,0,0,0,0,0,0,0,48000,0,0,0,55000,7000,48000,48000
051106,華通統一95購02  ,0,0,0,0,0,0,0,0,0,48000,0,0,0,60000,12000,48000,48000
051730,為升國票96購02  ,0,0,0,0,0,0,0,0,0,48000,0,0,0,120000,72000,48000,48000
051802,同欣電永豐95購02,0,0,0,0,0,0,0,0,0,48000,0,0,0,77000,29000,48000,48000
053075,欣興永豐96購01  ,0,0,0,0,0,0,0,0,0,48000,0,0,0,61000,13000,48000,48000
053453,新光金統一98購01,0,0,0,0,0,0,0,0,0,48000,0,0,0,48000,0,48000,48000
053507,百和兆豐96購01  ,0,0,0,0,0,0,0,0,0,48000,0,0,0,48000,0,48000,48000
053528,南電中信9A購01  ,0,0,0,0,0,0,0,0,0,48000,0,0,0,50000,2000,48000,48000
053120,復盛中信9A購01  ,0,0,0,0,0,0,0,0,0,48000,0,0,0,220000,172000,48000,48000
05441P,華通元大95售09  ,0,0,0,0,0,0,0,0,0,48000,0,0,0,48000,0,48000,48000
054324,美律台新97購01  ,0,0,0,0,0,0,0,0,0,48000,0,0,0,48000,0,48000,48000
053840,燿華統一96購02  ,0,0,0,0,0,0,0,0,0,48000,0,0,0,48000,0,48000,48000
054058,晶豪科國票98購01,0,0,0,0,0,0,0,0,0,48000,0,0,0,58000,10000,48000,48000
054479,緯創中信98購01  ,0,0,0,0,0,0,0,0,0,48000,0,0,0,48000,0,48000,48000
054517,高鐵元大96購01  ,0,0,0,0,0,0,0,0,0,48000,0,0,0,101000,53000,48000,48000
2849,安泰銀          ,58000,10000,48000,0,0,0,0,0,0,0,0,0,0,0,0,0,48000
05907P,聯發科元富96售05,0,0,0,0,0,0,0,0,0,48000,0,0,0,48000,0,48000,48000
05911P,南亞科永豐96售03,0,0,0,0,0,0,0,0,0,48000,0,0,0,90000,42000,48000,48000
05919P,京鼎元大96售03  ,0,0,0,0,0,0,0,0,0,48000,0,0,0,118000,70000,48000,48000
1310,台苯            ,397000,349000,48000,0,0,0,0,0,0,0,0,0,0,0,0,0,48000
055570,華通統一98購03  ,0,0,0,0,0,0,0,0,0,47000,0,0,0,48000,1000,47000,47000
055394,健策統一97購01  ,0,0,0,0,0,0,0,0,0,47000,0,0,0,284000,237000,47000,47000
056127,致新國票98購02  ,0,0,0,0,0,0,0,0,0,47000,0,0,0,47000,0,47000,47000
056798,華新科麥證98購01,0,0,0,68000,21000,47000,0,0,0,47000,0,0,0,68000,21000,47000,47000
057372,華新科元大99購10,0,0,0,0,0,0,0,0,0,47000,0,0,0,53000,6000,47000,47000
04518P,高鐵群益95售01  ,0,0,0,0,0,0,0,0,0,47000,0,0,0,48000,1000,47000,47000
00690,兆豐藍籌30      ,0,0,0,0,0,0,0,0,0,47000,0,0,0,204000,157000,47000,47000
04581P,楠梓電康和94售03,0,0,0,0,0,0,0,0,0,47000,0,0,0,47000,0,47000,47000
04554P,可成中信94售01  ,0,0,0,0,0,0,0,0,0,47000,0,0,0,157000,110000,47000,47000
052260,為升富邦97購02  ,0,0,0,0,0,0,0,0,0,47000,0,0,0,193000,146000,47000,47000
053111,緯創兆豐97購01  ,0,0,0,0,0,0,0,0,0,47000,0,0,0,155000,108000,47000,47000
053350,台表科國票97購02,0,0,0,0,0,0,0,0,0,47000,0,0,0,47000,0,47000,47000
053610,矽力中信98購01  ,0,0,0,0,0,0,0,0,0,47000,0,0,0,224000,177000,47000,47000
1338,廣華-KY         ,50000,4000,46000,0,0,0,0,0,0,1000,1000,0,1000,0,0,0,47000
2014,中鴻            ,379000,338000,41000,0,0,0,0,0,0,6000,7000,1000,6000,0,0,0,47000
1810,和成            ,51000,4000,47000,0,0,0,0,0,0,0,0,0,0,0,0,0,47000
2365,昆盈            ,41000,1000,40000,0,0,0,0,0,0,7000,7000,0,7000,0,0,0,47000
6168,宏齊            ,72000,23000,49000,0,0,0,0,0,0,-2000,4000,6000,-2000,0,0,0,47000
056920,友達兆豐98購02  ,0,0,0,0,0,0,0,0,0,46000,0,0,0,186000,140000,46000,46000
055677,喬山凱基97購01  ,0,190000,-190000,0,0,0,0,0,0,236000,0,0,0,351000,115000,236000,46000
05569P,漢唐統一97售01  ,0,0,0,0,0,0,0,0,0,46000,0,0,0,46000,0,46000,46000
055525,國巨群益98購05  ,0,0,0,0,0,0,0,0,0,46000,0,0,0,222000,176000,46000,46000
03020X,元展20          ,0,0,0,0,0,0,0,0,0,46000,0,0,0,46000,0,46000,46000
04243P,大立光永昌93售08,0,0,0,0,0,0,0,0,0,46000,0,0,0,46000,0,46000,46000
048217,亞德客凱基93購06,0,0,0,0,0,0,0,0,0,46000,0,0,0,50000,4000,46000,46000
046383,群創凱基98購01  ,0,0,0,0,0,0,0,0,0,46000,0,0,0,46000,0,46000,46000
050552,禾伸堂凱基94購05,0,0,0,0,0,0,0,0,0,46000,0,0,0,70000,24000,46000,46000
05066P,康控元大95售03  ,0,0,0,0,0,0,0,0,0,46000,0,0,0,46000,0,46000,46000
050431,聯發科凱基94購18,0,0,0,0,0,0,0,0,0,46000,0,0,0,47000,1000,46000,46000
049343,華新科統一94購03,0,0,0,0,0,0,0,0,0,46000,0,0,0,74000,28000,46000,46000
051463,世芯國泰97購02  ,0,0,0,0,0,0,0,0,0,46000,0,0,0,160000,114000,46000,46000
051059,康普群益95購01  ,0,0,0,0,0,0,0,0,0,46000,0,0,0,98000,52000,46000,46000
052700,奇鋐國票97購02  ,0,0,0,0,0,0,0,0,0,46000,0,0,0,56000,10000,46000,46000
052573,智伸科凱基97購01,0,0,0,0,0,0,0,0,0,46000,0,0,0,47000,1000,46000,46000
052386,鴻海群益96購02  ,0,0,0,0,0,0,0,0,0,46000,0,0,0,210000,164000,46000,46000
054764,亞光國票98購01  ,0,0,0,0,0,0,0,0,0,46000,0,0,0,100000,54000,46000,46000
054853,TPK國票98購02   ,0,0,0,0,0,0,0,0,0,46000,0,0,0,227000,181000,46000,46000
053858,台達電元大96購05,0,0,0,0,0,0,0,0,0,46000,0,0,0,113000,67000,46000,46000
053913,華新國票97購01  ,0,0,0,0,0,0,0,0,0,46000,0,0,0,46000,0,46000,46000
3013,晟銘電          ,47000,2000,45000,0,0,0,0,0,0,1000,1000,0,1000,0,0,0,46000
3031,佰鴻            ,65000,20000,45000,0,0,0,0,0,0,1000,1000,0,1000,0,0,0,46000
9945,潤泰新          ,366000,311000,55000,0,0,0,0,0,0,-9000,5000,0,5000,0,14000,-14000,46000
055797,華通富邦98購01  ,0,0,0,0,0,0,0,0,0,45000,0,0,0,50000,5000,45000,45000
055798,聯茂富邦98購01  ,0,0,0,0,0,0,0,0,0,45000,0,0,0,45000,0,45000,45000
056162,祥碩凱基97購03  ,0,0,0,0,0,0,0,0,0,45000,0,0,0,78000,33000,45000,45000
056543,京鼎凱基98購01  ,0,0,0,0,0,0,0,0,0,45000,0,0,0,97000,52000,45000,45000
04644P,全新凱基94售01  ,0,0,0,0,0,0,0,0,0,45000,0,0,0,51000,6000,45000,45000
04785P,鴻海永豐94售03  ,0,0,0,0,0,0,0,0,0,45000,0,0,0,75000,30000,45000,45000
04710P,台積電元大94售16,0,0,0,0,0,0,0,0,0,45000,0,0,0,115000,70000,45000,45000
04190P,大立光兆豐94售03,0,0,0,0,0,0,0,0,0,45000,0,0,0,45000,0,45000,45000
03180P,台灣50元大01售39,0,0,0,0,0,0,0,0,0,45000,0,0,0,47000,2000,45000,45000
00766L,台新MSCI中國正2 ,0,0,0,0,0,0,0,0,0,45000,0,0,0,247000,202000,45000,45000
048482,柏文中信94購01  ,0,0,0,0,0,0,0,0,0,45000,0,0,0,45000,0,45000,45000
048917,和鑫台新94購01  ,0,0,0,0,0,0,0,0,0,45000,0,0,0,45000,0,45000,45000
049691,可成元大94購06  ,0,0,0,0,0,0,0,0,0,45000,0,0,0,78000,33000,45000,45000
051962,晶相光永豐95購02,0,0,0,0,0,0,0,0,0,45000,0,0,0,159000,114000,45000,45000
050752,美律統一94購05  ,0,0,0,0,0,0,0,0,0,45000,0,0,0,85000,40000,45000,45000
052280,聯發科凱基95購11,0,0,0,0,0,0,0,0,0,45000,0,0,0,128000,83000,45000,45000
054030,台苯中信98購01  ,0,0,0,0,0,0,0,0,0,45000,0,0,0,150000,105000,45000,45000
054278,晶技群益97購02  ,0,0,0,0,0,0,0,0,0,45000,0,0,0,45000,0,45000,45000
05423P,聯電亞東95售02  ,0,0,0,0,0,0,0,0,0,45000,0,0,0,45000,0,45000,45000
054582,致新元大97購01  ,0,0,0,0,0,0,0,0,0,45000,0,0,0,100000,55000,45000,45000
052492,易華電國票96購02,0,0,0,0,0,0,0,0,0,45000,0,0,0,45000,0,45000,45000
052695,台表科中信98購01,0,0,0,0,0,0,0,0,0,45000,0,0,0,200000,155000,45000,45000
052801,友達元大9A購01  ,0,0,0,0,0,0,0,0,0,45000,0,0,0,250000,205000,45000,45000
052856,滬深2X凱基98購01,0,0,0,0,0,0,0,0,0,45000,0,0,0,45000,0,45000,45000
053603,臺股指元大96購20,0,0,0,0,0,0,0,0,0,45000,0,0,0,45000,0,45000,45000
2420,新巨            ,84000,39000,45000,0,0,0,0,0,0,0,0,0,0,0,0,0,45000
6153,嘉聯益          ,778000,660000,118000,0,0,0,0,0,0,-73000,12000,96000,-84000,40000,29000,11000,45000
2402,毅嘉            ,156000,116000,40000,0,0,0,0,0,0,5000,5000,0,5000,0,0,0,45000
06603P,立積統一99售01  ,0,0,0,0,0,0,0,0,0,45000,0,0,0,45000,0,45000,45000
05846P,大立光元大96售07,0,0,0,0,0,0,0,0,0,45000,0,0,0,105000,60000,45000,45000
056215,華新科國票97購03,0,0,0,0,0,0,0,0,0,44000,0,0,0,64000,20000,44000,44000
05567P,致伸群益96售01  ,0,0,0,0,0,0,0,0,0,44000,0,0,0,44000,0,44000,44000
04284P,瀚宇博永豐93售01,0,0,0,0,0,0,0,0,0,44000,0,0,0,44000,0,44000,44000
047154,新光金國票95購01,0,0,0,0,0,0,0,0,0,44000,0,0,0,44000,0,44000,44000
046384,群創凱基98購02  ,0,0,0,0,0,0,0,0,0,44000,0,0,0,100000,56000,44000,44000
048576,義隆國泰95購01  ,0,0,0,0,0,0,0,0,0,44000,0,0,0,54000,10000,44000,44000
052000,鈺齊元大95購03  ,0,0,0,0,0,0,0,0,0,44000,0,0,0,80000,36000,44000,44000
051315,同欣電麥證95購01,0,0,0,80000,36000,44000,0,0,0,44000,0,0,0,80000,36000,44000,44000
053224,矽力凱基96購02  ,0,0,0,0,0,0,0,0,0,44000,0,0,0,196000,152000,44000,44000
052970,美律群益96購01  ,0,0,0,0,0,0,0,0,0,44000,0,0,0,54000,10000,44000,44000
054555,欣興凱基98購01  ,0,0,0,0,0,0,0,0,0,44000,0,0,0,246000,202000,44000,44000
054763,宏達電國票99購01,0,0,0,0,0,0,0,0,0,44000,0,0,0,44000,0,44000,44000
054668,傳奇元富97購03  ,0,0,0,0,0,0,0,0,0,44000,0,0,0,76000,32000,44000,44000
054841,亞德客兆豐97購01,0,0,0,0,0,0,0,0,0,44000,0,0,0,44000,0,44000,44000
05438P,康控永豐95售05  ,0,0,0,0,0,0,0,0,0,44000,0,0,0,44000,0,44000,44000
054386,鴻海統一98購03  ,0,0,0,0,0,0,0,0,0,44000,0,0,0,192000,148000,44000,44000
053808,大成鋼群益97購01,0,0,0,0,0,0,0,0,0,44000,0,0,0,54000,10000,44000,44000
06668P,祥碩凱基98售02  ,0,0,0,0,0,0,0,0,0,44000,0,0,0,84000,40000,44000,44000
2617,台航            ,118000,74000,44000,0,0,0,0,0,0,0,0,0,0,0,0,0,44000
055084,國巨第一97購01  ,0,0,0,0,0,0,0,0,0,43000,0,0,0,51000,8000,43000,43000
056572,義隆元大99購01  ,0,0,0,0,0,0,0,0,0,43000,0,0,0,104000,61000,43000,43000
046668,嘉澤元大93購01  ,0,0,0,0,0,0,0,0,0,43000,0,0,0,48000,5000,43000,43000
04398P,致伸群益94售02  ,0,0,0,0,0,0,0,0,0,43000,0,0,0,44000,1000,43000,43000
051474,智邦凱基95購04  ,0,0,0,0,0,0,0,0,0,43000,0,0,0,131000,88000,43000,43000
051734,台積電國票95購04,0,0,0,0,0,0,0,0,0,43000,0,0,0,172000,129000,43000,43000
050226,華新科中信94購01,0,0,0,0,0,0,0,0,0,43000,0,0,0,207000,164000,43000,43000
052305,GIS永豐95購03   ,0,0,0,0,0,0,0,0,0,43000,0,0,0,78000,35000,43000,43000
052149,電子類群益95購01,0,0,0,0,0,0,0,0,0,43000,0,0,0,246000,203000,43000,43000
052962,台積電凱基97購03,0,0,0,0,0,0,0,0,0,43000,0,0,0,45000,2000,43000,43000
052784,緯穎國票97購02  ,0,0,0,0,0,0,0,0,0,43000,0,0,0,55000,12000,43000,43000
053199,旺宏日盛96購01  ,0,0,0,0,0,0,0,0,0,43000,0,0,0,130000,87000,43000,43000
053647,臺股指國票96購10,0,0,0,0,0,0,0,0,0,43000,0,0,0,43000,0,43000,43000
3312,弘憶股          ,60000,17000,43000,0,0,0,0,0,0,0,0,0,0,0,0,0,43000
4551,智伸科          ,102000,84000,18000,0,0,0,0,0,0,25000,30000,1000,29000,6000,10000,-4000,43000
4164,承業醫          ,48000,14000,34000,0,0,0,0,0,0,9000,10000,1000,9000,0,0,0,43000
06497P,大立光凱基98售11,0,0,0,0,0,0,0,0,0,43000,0,0,0,104000,61000,43000,43000
1460,宏遠            ,49000,5000,44000,0,0,0,0,0,0,-1000,0,1000,-1000,0,0,0,43000
1527,鑽全            ,68000,25000,43000,0,0,0,0,0,0,0,0,0,0,0,0,0,43000
055060,聯陽永豐97購01  ,0,0,0,0,0,0,0,0,0,42000,0,0,0,42000,0,42000,42000
055725,嘉聯益元大98購03,0,0,0,0,0,0,0,0,0,42000,0,0,0,91000,49000,42000,42000
055967,臻鼎元大97購01  ,0,0,0,0,0,0,0,0,0,42000,0,0,0,92000,50000,42000,42000
04735P,聯茂兆豐94售01  ,0,0,0,0,0,0,0,0,0,42000,0,0,0,112000,70000,42000,42000
04308P,京元電凱基93售06,0,0,0,0,0,0,0,0,0,42000,0,0,0,43000,1000,42000,42000
046855,嘉晶元大94購01  ,0,0,0,0,0,0,0,0,0,42000,0,0,0,174000,132000,42000,42000
050174,技嘉元大94購01  ,0,0,0,0,0,0,0,0,0,42000,0,0,0,46000,4000,42000,42000
052153,GIS富邦96購02   ,0,0,0,0,0,0,0,0,0,42000,0,0,0,52000,10000,42000,42000
051238,中環元大96購01  ,0,0,0,0,0,0,0,0,0,42000,0,0,0,46000,4000,42000,42000
051774,聯茂中信96購01  ,0,0,0,0,0,0,0,0,0,42000,0,0,0,100000,58000,42000,42000
051562,玉晶光國泰97購05,0,0,0,0,0,0,0,0,0,42000,0,0,0,224000,182000,42000,42000
053381,友達元大9A購02  ,0,0,0,0,0,0,0,0,0,42000,0,0,0,169000,127000,42000,42000
052817,楠梓電永豐96購02,0,0,0,0,0,0,0,0,0,42000,0,0,0,50000,8000,42000,42000
052574,茂林凱基96購02  ,0,0,0,0,0,0,0,0,0,42000,0,0,0,95000,53000,42000,42000
053853,康控國泰97購02  ,0,0,0,0,0,0,0,0,0,42000,0,0,0,48000,6000,42000,42000
054153,宏達電國泰97購01,0,0,0,0,0,0,0,0,0,42000,0,0,0,51000,9000,42000,42000
054807,台化元大9A購02  ,0,0,0,0,0,0,0,0,0,42000,0,0,0,50000,8000,42000,42000
054551,聯發科凱基98購02,0,0,0,0,0,0,0,0,0,42000,0,0,0,68000,26000,42000,42000
1217,愛之味          ,210000,167000,43000,0,0,0,0,0,0,-1000,0,1000,-1000,0,0,0,42000
05922P,京元電兆豐96售01,0,0,0,0,0,0,0,0,0,42000,0,0,0,42000,0,42000,42000
056061,國泰金元大97購02,0,0,0,0,0,0,0,0,0,41000,0,0,0,156000,115000,41000,41000
055161,貿聯元大98購03  ,0,0,0,0,0,0,0,0,0,41000,0,0,0,202000,161000,41000,41000
056785,可成群益99購01  ,0,0,0,0,0,0,0,0,0,41000,0,0,0,221000,180000,41000,41000
056716,康舒永豐98購01  ,0,0,0,0,0,0,0,0,0,41000,0,0,0,187000,146000,41000,41000
057385,光罩永豐99購01  ,0,0,0,0,0,0,0,0,0,41000,0,0,0,41000,0,41000,41000
050818,華新科凱基95購02,0,0,0,0,0,0,0,0,0,41000,0,0,0,42000,1000,41000,41000
044531,欣興富邦93購01  ,0,0,0,0,0,0,0,0,0,41000,0,0,0,41000,0,41000,41000
052312,美律富邦96購02  ,0,0,0,0,0,0,0,0,0,41000,0,0,0,41000,0,41000,41000
05235P,健鼎康和95售02  ,0,0,0,0,0,0,0,0,0,41000,0,0,0,60000,19000,41000,41000
052543,聯詠元富95購01  ,0,0,0,0,0,0,0,0,0,41000,0,0,0,51000,10000,41000,41000
053165,大立光群益96購03,0,0,0,0,0,0,0,0,0,41000,0,0,0,72000,31000,41000,41000
053604,臺股指元大96購21,0,0,0,0,0,0,0,0,0,41000,0,0,0,91000,50000,41000,41000
05975P,國巨日盛99售02  ,0,0,0,0,0,0,0,0,0,41000,0,0,0,41000,0,41000,41000
06011P,貿聯元富96售04  ,0,0,0,0,0,0,0,0,0,41000,0,0,0,51000,10000,41000,41000
2331,精英            ,141000,141000,0,0,0,0,0,0,0,41000,59000,18000,41000,0,0,0,41000
06576P,台光電群益98售03,0,0,0,0,0,0,0,0,0,41000,0,0,0,65000,24000,41000,41000
056712,京鼎永豐98購01  ,0,0,0,0,0,0,0,0,0,40000,0,0,0,108000,68000,40000,40000
056774,和鑫元大98購01  ,0,0,0,0,0,0,0,0,0,40000,0,0,0,50000,10000,40000,40000
05685P,臺股指元大96售10,0,0,0,0,0,0,0,0,0,40000,0,0,0,360000,320000,40000,40000
056423,奇鋐統一98購01  ,0,0,0,0,0,0,0,0,0,40000,0,0,0,75000,35000,40000,40000
055270,上銀元大97購03  ,0,0,0,0,0,0,0,0,0,40000,0,0,0,40000,0,40000,40000
05563P,台積電元大97售07,0,0,0,0,0,0,0,0,0,40000,0,0,0,100000,60000,40000,40000
055443,台虹國票98購01  ,0,0,0,0,0,0,0,0,0,40000,0,0,0,66000,26000,40000,40000
05609P,國泰金凱基96售01,0,0,0,0,0,0,0,0,0,40000,0,0,0,40000,0,40000,40000
044351,台光電元大92購02,0,0,0,0,0,0,0,0,0,40000,0,0,0,40000,0,40000,40000
045054,聯發科元富98購02,0,0,0,0,0,0,0,0,0,40000,0,0,0,214000,174000,40000,40000
046201,台郡凱基92購01  ,0,0,0,0,0,0,0,0,0,40000,0,0,0,40000,0,40000,40000
048424,揚明光元富95購01,0,0,0,0,0,0,0,0,0,40000,0,0,0,40000,0,40000,40000
04301P,微星中信93售01  ,0,0,0,0,0,0,0,0,0,40000,0,0,0,40000,0,40000,40000
042679,群創元大92購02  ,0,0,0,0,0,0,0,0,0,40000,0,0,0,50000,10000,40000,40000
041206,樺漢統一92購01  ,0,0,0,0,0,0,0,0,0,40000,0,0,0,40000,0,40000,40000
00665L,富邦恒生國企正2 ,5000,0,5000,0,0,0,0,0,0,35000,0,0,0,79000,44000,35000,40000
050796,燿華中信95購01  ,0,0,0,0,0,0,0,0,0,40000,0,0,0,40000,0,40000,40000
051036,喬山台新95購01  ,0,0,0,0,0,0,0,0,0,40000,0,0,0,55000,15000,40000,40000
047110,智邦元大93購05  ,0,0,0,0,0,0,0,0,0,40000,0,0,0,40000,0,40000,40000
046940,瑞昱元大93購07  ,0,0,0,0,0,0,0,0,0,40000,0,0,0,80000,40000,40000,40000
046458,大立光凱基92購11,0,0,0,0,0,0,0,0,0,40000,0,0,0,40000,0,40000,40000
046394,台表科元富92購02,0,0,0,0,0,0,0,0,0,40000,0,0,0,50000,10000,40000,40000
046557,亞泥凱基93購02  ,0,0,0,0,0,0,0,0,0,40000,0,0,0,40000,0,40000,40000
047616,鴻海凱基94購10  ,0,0,0,0,0,0,0,0,0,40000,0,0,0,60000,20000,40000,40000
052099,臺股指富邦95購02,0,0,0,0,0,0,0,0,0,40000,0,0,0,51000,11000,40000,40000
052058,臺股指凱基95購16,0,0,0,0,0,0,0,0,0,40000,0,0,0,40000,0,40000,40000
051961,泰碩永豐95購01  ,0,0,0,0,0,0,0,0,0,40000,0,0,0,40000,0,40000,40000
049672,臺股指富邦94購01,0,0,0,0,0,0,0,0,0,40000,0,0,0,60000,20000,40000,40000
050939,健鼎國票96購01  ,0,0,0,0,0,0,0,0,0,40000,0,0,0,40000,0,40000,40000
051846,S&P反1中信96購02,0,0,0,0,0,0,0,0,0,40000,0,0,0,40000,0,40000,40000
050207,百和群益95購01  ,0,0,0,0,0,0,0,0,0,40000,0,0,0,40000,0,40000,40000
04933P,中石化中信96售01,0,0,0,0,0,0,0,0,0,40000,0,0,0,40000,0,40000,40000
049436,義隆國泰96購02  ,0,0,0,0,0,0,0,0,0,40000,0,0,0,40000,0,40000,40000
049066,元石油凱基97購01,0,0,0,0,0,0,0,0,0,40000,0,0,0,40000,0,40000,40000
049230,台達電富邦96購01,0,0,0,0,0,0,0,0,0,40000,0,0,0,40000,0,40000,40000
050343,鴻海元富94購01  ,0,0,0,0,0,0,0,0,0,40000,0,0,0,50000,10000,40000,40000
053447,京鼎凱基96購03  ,0,0,0,0,0,0,0,0,0,40000,0,0,0,40000,0,40000,40000
05349P,可成元富98售03  ,0,0,0,0,0,0,0,0,0,40000,0,0,0,40000,0,40000,40000
053191,奇鋐統一96購01  ,0,0,0,0,0,0,0,0,0,40000,0,0,0,40000,0,40000,40000
05322P,台積電凱基95售17,0,0,0,0,0,0,0,0,0,40000,0,0,0,40000,0,40000,40000
053271,喬山元大97購01  ,0,110000,-110000,0,0,0,0,0,0,150000,0,0,0,150000,0,150000,40000
052575,茂林凱基96購04  ,0,0,0,0,0,0,0,0,0,40000,0,0,0,40000,0,40000,40000
052595,奇力新群益96購01,0,0,0,0,0,0,0,0,0,40000,0,0,0,117000,77000,40000,40000
052669,群創群益98購06  ,0,0,0,0,0,0,0,0,0,40000,0,0,0,132000,92000,40000,40000
052534,貿聯國泰96購02  ,0,0,0,0,0,0,0,0,0,40000,0,0,0,70000,30000,40000,40000
052752,臺股指元大96購06,0,0,0,0,0,0,0,0,0,40000,0,0,0,40000,0,40000,40000
05297P,臻鼎凱基95售04  ,0,0,0,0,0,0,0,0,0,40000,0,0,0,326000,286000,40000,40000
054562,亞光群益98購01  ,0,0,0,0,0,0,0,0,0,40000,0,0,0,40000,0,40000,40000
054909,福懋科康和97購01,0,0,0,0,0,0,0,0,0,40000,0,0,0,50000,10000,40000,40000
054982,國巨元富97購03  ,0,0,0,0,0,0,0,0,0,40000,0,0,0,248000,208000,40000,40000
055003,群創元富99購05  ,0,0,0,0,0,0,0,0,0,40000,0,0,0,60000,20000,40000,40000
054237,茂林群益97購01  ,0,0,0,0,0,0,0,0,0,40000,0,0,0,181000,141000,40000,40000
054217,台表科國票97購05,0,0,0,0,0,0,0,0,0,40000,0,0,0,97000,57000,40000,40000
053869,嘉澤元大96購02  ,0,0,0,0,0,0,0,0,0,40000,0,0,0,50000,10000,40000,40000
05392P,鴻海統一95售13  ,0,0,0,0,0,0,0,0,0,40000,0,0,0,40000,0,40000,40000
054054,光磊國票97購02  ,0,0,0,0,0,0,0,0,0,40000,0,0,0,40000,0,40000,40000
06645P,上銀元大98售05  ,0,0,0,0,0,0,0,0,0,40000,0,0,0,73000,33000,40000,40000
06441P,台積電凱基98售08,0,0,0,0,0,0,0,0,0,40000,0,0,0,60000,20000,40000,40000
06367P,台積電凱基97售14,0,0,0,0,0,0,0,0,0,40000,0,0,0,66000,26000,40000,40000
2359,所羅門          ,215000,177000,38000,0,0,0,0,0,0,2000,2000,0,2000,0,0,0,40000
06060P,玉晶光元大97售03,0,0,0,0,0,0,0,0,0,40000,0,0,0,130000,90000,40000,40000
06147P,國巨元大97售05  ,0,0,0,0,0,0,0,0,0,40000,0,0,0,40000,0,40000,40000
06239P,奇力新元大97售08,0,0,0,0,0,0,0,0,0,40000,0,0,0,43000,3000,40000,40000
06304P,臺股指元大97售10,0,0,0,0,0,0,0,0,0,40000,0,0,0,40000,0,40000,40000
4566,時碩工業        ,57000,17000,40000,0,0,0,0,0,0,0,0,0,0,0,0,0,40000
056154,宏達電凱基97購03,0,0,0,0,0,0,0,0,0,39000,0,0,0,47000,8000,39000,39000
056646,奇鋐凱基99購02  ,0,0,0,0,0,0,0,0,0,39000,0,0,0,63000,24000,39000,39000
057429,華新科兆豐98購03,0,0,0,0,0,0,0,0,0,39000,0,0,0,188000,149000,39000,39000
047117,禾伸堂元大93購02,0,0,0,0,0,0,0,0,0,39000,0,0,0,49000,10000,39000,39000
047714,禾伸堂凱基93購03,0,0,0,0,0,0,0,0,0,39000,0,0,0,40000,1000,39000,39000
047699,亞德客凱基93購04,0,0,0,0,0,0,0,0,0,39000,0,0,0,46000,7000,39000,39000
042904,金寶元大94購02  ,0,0,0,0,0,0,0,0,0,39000,0,0,0,40000,1000,39000,39000
04353P,全新永豐94售01  ,0,0,0,0,0,0,0,0,0,39000,0,0,0,39000,0,39000,39000
045871,元油2X元富96購03,0,0,0,0,0,0,0,0,0,39000,0,0,0,39000,0,39000,39000
03932P,欣興統一93售01  ,0,0,0,0,0,0,0,0,0,39000,0,0,0,50000,11000,39000,39000
048476,同欣電永豐93購01,0,0,0,0,0,0,0,0,0,39000,0,0,0,64000,25000,39000,39000
044680,華新科凱基93購06,0,0,0,0,0,0,0,0,0,39000,0,0,0,40000,1000,39000,39000
051207,聯茂麥證95購01  ,0,0,0,50000,11000,39000,0,0,0,39000,0,0,0,50000,11000,39000,39000
050844,大立光國票96購01,0,0,0,0,0,0,0,0,0,39000,0,0,0,55000,16000,39000,39000
054901,群光康和97購01  ,0,0,0,0,0,0,0,0,0,39000,0,0,0,40000,1000,39000,39000
054614,玉晶光永豐97購03,0,0,0,0,0,0,0,0,0,39000,0,0,0,133000,94000,39000,39000
8104,錸寶            ,47000,8000,39000,0,0,0,0,0,0,0,0,0,0,0,0,0,39000
2731,雄獅            ,51000,12000,39000,0,0,0,0,0,0,0,0,0,0,0,0,0,39000
2511,太子            ,72000,33000,39000,0,0,0,0,0,0,0,0,0,0,0,0,0,39000
06144P,台光電永豐97售01,0,0,0,0,0,0,0,0,0,39000,0,0,0,41000,2000,39000,39000
05871P,全新凱基96售04  ,0,0,0,0,0,0,0,0,0,39000,0,0,0,50000,11000,39000,39000
057465,智易永豐98購02  ,0,0,0,0,0,0,0,0,0,38000,0,0,0,38000,0,38000,38000
056929,華新科台新98購01,0,0,0,0,0,0,0,0,0,38000,0,0,0,38000,0,38000,38000
056614,智邦永豐98購01  ,0,0,0,0,0,0,0,0,0,38000,0,0,0,96000,58000,38000,38000
056474,華新科元大99購05,0,0,0,0,0,0,0,0,0,38000,0,0,0,70000,32000,38000,38000
056271,嘉澤統一97購01  ,0,0,0,0,0,0,0,0,0,38000,0,0,0,86000,48000,38000,38000
05577P,上銀凱基96售02  ,0,0,0,0,0,0,0,0,0,38000,0,0,0,300000,262000,38000,38000
044792,康友群益93購01  ,0,0,0,0,0,0,0,0,0,38000,0,0,0,38000,0,38000,38000
046149,宏達電國票93購01,0,0,0,0,0,0,0,0,0,38000,0,0,0,48000,10000,38000,38000
03412P,滬深2X群益98售01,0,0,0,0,0,0,0,0,0,38000,0,0,0,53000,15000,38000,38000
050800,百和中信95購01  ,0,0,0,0,0,0,0,0,0,38000,0,0,0,38000,0,38000,38000
050825,嘉澤凱基95購01  ,0,0,0,0,0,0,0,0,0,38000,0,0,0,38000,0,38000,38000
050992,台積電元大97購01,0,0,0,0,0,0,0,0,0,38000,0,0,0,248000,210000,38000,38000
051641,矽創國票96購01  ,0,0,0,0,0,0,0,0,0,38000,0,0,0,38000,0,38000,38000
051835,百和元大95購03  ,0,0,0,0,0,0,0,0,0,38000,0,0,0,38000,0,38000,38000
049766,滬深2X元富94購02,0,0,0,0,0,0,0,0,0,38000,0,0,0,975000,937000,38000,38000
052154,緯創台新95購01  ,0,0,0,0,0,0,0,0,0,38000,0,0,0,38000,0,38000,38000
052337,臺股指日盛95購02,0,0,0,0,0,0,0,0,0,38000,0,0,0,40000,2000,38000,38000
050433,華新科凱基94購11,0,0,0,0,0,0,0,0,0,38000,0,0,0,38000,0,38000,38000
050104,元石油元大97購02,0,0,0,0,0,0,0,0,0,38000,0,0,0,43000,5000,38000,38000
050069,禾伸堂凱基94購04,0,0,0,0,0,0,0,0,0,38000,0,0,0,48000,10000,38000,38000
054651,台化麥證97購01  ,0,0,0,48000,10000,38000,0,0,0,38000,0,0,0,48000,10000,38000,38000
054220,國巨統一97購02  ,0,0,0,0,0,0,0,0,0,38000,0,0,0,40000,2000,38000,38000
053309,泰鼎凱基96購03  ,0,0,0,0,0,0,0,0,0,38000,0,0,0,38000,0,38000,38000
3094,聯傑            ,62000,24000,38000,0,0,0,0,0,0,0,0,0,0,0,0,0,38000
3419,譁裕            ,43000,5000,38000,0,0,0,0,0,0,0,0,0,0,0,0,0,38000
3437,榮創            ,80000,43000,37000,0,0,0,0,0,0,1000,1000,0,1000,0,0,0,38000
6285,啟碁            ,130000,98000,32000,0,0,0,0,3000,-3000,9000,4000,0,4000,7000,2000,5000,38000
4916,事欣科          ,67000,30000,37000,0,0,0,0,0,0,1000,1000,0,1000,0,0,0,38000
055459,建準永豐97購03  ,0,0,0,0,0,0,0,0,0,37000,0,0,0,37000,0,37000,37000
055362,GIS凱基97購03   ,0,0,0,0,0,0,0,0,0,37000,0,0,0,37000,0,37000,37000
056554,GIS凱基99購01   ,0,0,0,0,0,0,0,0,0,37000,0,0,0,37000,0,37000,37000
05652P,臻鼎群益96售01  ,0,0,0,0,0,0,0,0,0,37000,0,0,0,82000,45000,37000,37000
057440,台積電統一98購10,0,0,0,0,0,0,0,0,0,37000,0,0,0,46000,9000,37000,37000
049262,大立光元大94購09,0,0,0,0,0,0,0,0,0,37000,0,0,0,52000,15000,37000,37000
04852P,臻鼎永豐94售02  ,0,0,0,0,0,0,0,0,0,37000,0,0,0,37000,0,37000,37000
042281,元油2X富邦96購02,0,0,0,0,0,0,0,0,0,37000,0,0,0,59000,22000,37000,37000
046191,新光金凱基98購01,0,0,0,0,0,0,0,0,0,37000,0,0,0,88000,51000,37000,37000
051345,鴻海元大95購09  ,0,0,0,0,0,0,0,0,0,37000,0,0,0,125000,88000,37000,37000
051401,華新科永豐95購01,0,0,0,0,0,0,0,0,0,37000,0,0,0,74000,37000,37000,37000
053292,美律中信98購01  ,0,0,0,0,0,0,0,0,0,37000,0,0,0,37000,0,37000,37000
05361P,聯發科富邦97售01,0,0,0,0,0,0,0,0,0,37000,0,0,0,50000,13000,37000,37000
053748,燿華永豐96購04  ,0,0,0,0,0,0,0,0,0,37000,0,0,0,37000,0,37000,37000
052961,國巨凱基97購02  ,0,0,0,0,0,0,0,0,0,37000,0,0,0,54000,17000,37000,37000
052523,奇力新元大97購01,0,0,0,0,0,0,0,0,0,37000,0,0,0,190000,153000,37000,37000
05269P,臻鼎元大95售05  ,0,0,0,0,0,0,0,0,0,37000,0,0,0,50000,13000,37000,37000
054252,奇力新元大96購04,0,0,0,0,0,0,0,0,0,37000,0,0,0,81000,44000,37000,37000
054057,晶豪科國票97購01,0,0,0,0,0,0,0,0,0,37000,0,0,0,37000,0,37000,37000
9917,中保科          ,65000,39000,26000,0,0,0,0,0,0,11000,11000,0,11000,0,0,0,37000
06143P,鴻海永豐97售02  ,0,0,0,0,0,0,0,0,0,37000,0,0,0,58000,21000,37000,37000
06059P,泰碩元大97售02  ,0,0,0,0,0,0,0,0,0,37000,0,0,0,50000,13000,37000,37000
1612,宏泰            ,41000,4000,37000,0,0,0,0,0,0,0,0,0,0,0,0,0,37000
057239,貿聯凱基98購05  ,0,0,0,0,0,0,0,0,0,36000,0,0,0,57000,21000,36000,36000
055928,南亞科群益97購02,0,0,0,0,0,0,0,0,0,36000,0,0,0,94000,58000,36000,36000
04310P,京元電統一93售03,0,0,0,0,0,0,0,0,0,36000,0,0,0,36000,0,36000,36000
04633P,旺宏群益96售04  ,0,0,0,0,0,0,0,0,0,36000,0,0,0,44000,8000,36000,36000
046349,康控兆豐93購02  ,0,0,0,0,0,0,0,0,0,36000,0,0,0,36000,0,36000,36000
051150,宏達電凱基95購02,0,0,0,0,0,0,0,0,0,36000,0,0,0,38000,2000,36000,36000
051678,鈺齊元大95購02  ,0,0,0,0,0,0,0,0,0,36000,0,0,0,74000,38000,36000,36000
052728,上証2X國泰97購01,0,0,0,0,0,0,0,0,0,36000,0,0,0,36000,0,36000,36000
053698,中磊元大96購02  ,0,0,0,0,0,0,0,0,0,36000,0,0,0,126000,90000,36000,36000
06371P,茂林國票98售04  ,0,0,0,0,0,0,0,0,0,36000,0,0,0,185000,149000,36000,36000
06463P,大立光富邦9A售01,0,0,0,0,0,0,0,0,0,36000,0,0,0,61000,25000,36000,36000
06307P,聚陽元富97售02  ,0,0,0,0,0,0,0,0,0,36000,0,0,0,36000,0,36000,36000
05848P,臺股指元大96售24,0,0,0,0,0,0,0,0,0,36000,0,0,0,125000,89000,36000,36000
6582,申豐            ,54000,19000,35000,0,0,0,0,0,0,1000,1000,0,1000,0,0,0,36000
4919,新唐            ,96000,105000,-9000,0,0,0,0,0,0,45000,0,0,0,45000,0,45000,36000
055708,茂林永豐97購02  ,0,0,0,0,0,0,0,0,0,35000,0,0,0,35000,0,35000,35000
056160,智易凱基97購03  ,0,0,0,0,0,0,0,0,0,35000,0,0,0,60000,25000,35000,35000
056535,全新凱基99購02  ,0,0,0,0,0,0,0,0,0,35000,0,0,0,63000,28000,35000,35000
056643,奇力新凱基99購01,0,0,0,0,0,0,0,0,0,35000,0,0,0,38000,3000,35000,35000
056767,大毅元大99購01  ,0,0,0,0,0,0,0,0,0,35000,0,0,0,392000,357000,35000,35000
046302,亞德客元大92購02,0,0,0,0,0,0,0,0,0,35000,0,0,0,35000,0,35000,35000
03874P,臺股指群益95售01,0,0,0,0,0,0,0,0,0,35000,0,0,0,35000,0,35000,35000
00688L,國泰20年美債正2 ,0,0,0,0,0,0,0,0,0,35000,0,0,0,147000,112000,35000,35000
044126,奇力新凱基93購01,0,0,0,0,0,0,0,0,0,35000,0,0,0,41000,6000,35000,35000
044965,大立光中信95購01,0,0,0,0,0,0,0,0,0,35000,0,0,0,90000,55000,35000,35000
044536,深中小群益92購01,0,0,0,0,0,0,0,0,0,35000,0,0,0,35000,0,35000,35000
044507,燿華凱基93購03  ,0,0,0,0,0,0,0,0,0,35000,0,0,0,35000,0,35000,35000
044433,華新科元大92購06,0,0,0,0,0,0,0,0,0,35000,0,0,0,45000,10000,35000,35000
044429,元金2X元大94購04,0,0,0,0,0,0,0,0,0,35000,0,0,0,36000,1000,35000,35000
051618,智邦凱基95購06  ,0,0,0,0,0,0,0,0,0,35000,0,0,0,224000,189000,35000,35000
04921P,TPK凱基94售05   ,0,0,0,0,0,0,0,0,0,35000,0,0,0,35000,0,35000,35000
048987,崇越元大94購01  ,0,0,0,0,0,0,0,0,0,35000,0,0,0,35000,0,35000,35000
050320,台表科國票94購01,0,0,0,0,0,0,0,0,0,35000,0,0,0,35000,0,35000,35000
051240,台積電元大95購12,0,0,0,0,0,0,0,0,0,35000,0,0,0,597000,562000,35000,35000
049803,華新科元大95購07,0,0,0,0,0,0,0,0,0,35000,0,0,0,45000,10000,35000,35000
052155,百和台新95購01  ,0,0,0,0,0,0,0,0,0,35000,0,0,0,35000,0,35000,35000
051958,貿聯台新95購01  ,0,0,0,0,0,0,0,0,0,35000,0,0,0,45000,10000,35000,35000
05197P,智原永豐95售02  ,0,0,0,0,0,0,0,0,0,35000,0,0,0,35000,0,35000,35000
053492,華邦電兆豐97購01,0,0,0,0,0,0,0,0,0,35000,0,0,0,35000,0,35000,35000
05286P,矽力統一95售02  ,0,0,0,0,0,0,0,0,0,35000,0,0,0,50000,15000,35000,35000
052816,上銀永豐96購01  ,0,0,0,0,0,0,0,0,0,35000,0,0,0,90000,55000,35000,35000
054618,訊芯永豐97購01  ,0,0,0,0,0,0,0,0,0,35000,0,0,0,35000,0,35000,35000
054594,國巨麥證97購01  ,0,0,0,70000,35000,35000,0,0,0,35000,0,0,0,70000,35000,35000,35000
054495,滬深2X永豐97購02,0,0,0,0,0,0,0,0,0,35000,0,0,0,35000,0,35000,35000
4104,佳醫            ,50000,15000,35000,0,0,0,0,0,0,0,0,0,0,0,0,0,35000
6209,今國光          ,78000,44000,34000,0,0,0,0,0,0,1000,1000,0,1000,0,0,0,35000
9940,信義            ,46000,11000,35000,0,0,0,0,0,0,0,0,0,0,0,0,0,35000
06044P,同欣電永豐96售03,0,0,0,0,0,0,0,0,0,35000,0,0,0,35000,0,35000,35000
06109P,華新科群益97售05,0,0,0,0,0,0,0,0,0,35000,0,0,0,55000,20000,35000,35000
06518P,奇力新兆豐99售01,0,0,0,0,0,0,0,0,0,35000,0,0,0,93000,58000,35000,35000
2374,佳能            ,43000,9000,34000,0,0,0,0,0,0,1000,1000,0,1000,0,0,0,35000
056760,元油2X元大98購06,0,0,0,0,0,0,0,0,0,34000,0,0,0,91000,57000,34000,34000
056958,喬山永豐98購01  ,0,110000,-110000,0,0,0,0,0,0,144000,0,0,0,144000,0,144000,34000
057089,奇力新元富98購01,0,0,0,0,0,0,0,0,0,34000,0,0,0,68000,34000,34000,34000
055192,世芯元富97購01  ,0,0,0,0,0,0,0,0,0,34000,0,0,0,112000,78000,34000,34000
055179,大立光統一97購04,0,0,0,0,0,0,0,0,0,34000,0,0,0,218000,184000,34000,34000
04733P,康控兆豐95售01  ,0,0,0,0,0,0,0,0,0,34000,0,0,0,34000,0,34000,34000
03026X,元展23          ,0,0,0,0,0,0,0,0,0,34000,0,0,0,34000,0,34000,34000
045685,康控元大95購01  ,0,0,0,0,0,0,0,0,0,34000,0,0,0,102000,68000,34000,34000
046300,嘉聯益富邦94購01,0,0,0,0,0,0,0,0,0,34000,0,0,0,40000,6000,34000,34000
047578,新光金群益93購01,0,0,0,0,0,0,0,0,0,34000,0,0,0,34000,0,34000,34000
048003,旭富元大93購01  ,0,0,0,0,0,0,0,0,0,34000,0,0,0,50000,16000,34000,34000
048900,精成科國泰95購01,0,0,0,0,0,0,0,0,0,34000,0,0,0,37000,3000,34000,34000
049113,大立光統一94購06,0,0,0,0,0,0,0,0,0,34000,0,0,0,35000,1000,34000,34000
051797,卜蜂永豐95購01  ,0,0,0,0,0,0,0,0,0,34000,0,0,0,83000,49000,34000,34000
054794,貿聯群益98購01  ,0,0,0,0,0,0,0,0,0,34000,0,0,0,104000,70000,34000,34000
054202,樺漢富邦97購01  ,0,0,0,0,0,0,0,0,0,34000,0,0,0,219000,185000,34000,34000
05414P,台表科國票96售02,0,0,0,0,0,0,0,0,0,34000,0,0,0,64000,30000,34000,34000
054101,茂林國票97購04  ,0,0,0,0,0,0,0,0,0,34000,0,0,0,34000,0,34000,34000
052860,旺宏凱基96購03  ,0,0,0,0,0,0,0,0,0,34000,0,0,0,44000,10000,34000,34000
052568,漢唐凱基96購02  ,0,0,0,0,0,0,0,0,0,34000,0,0,0,42000,8000,34000,34000
053693,欣興元大96購05  ,0,0,0,0,0,0,0,0,0,34000,0,0,0,36000,2000,34000,34000
053278,禾伸堂元大96購01,0,0,0,0,0,0,0,0,0,34000,0,0,0,121000,87000,34000,34000
053414,臻鼎國票97購01  ,0,0,0,0,0,0,0,0,0,34000,0,0,0,72000,38000,34000,34000
06621P,欣興元大98售06  ,0,0,0,0,0,0,0,0,0,34000,0,0,0,34000,0,34000,34000
2923,鼎固-KY         ,38000,2000,36000,0,0,0,0,0,0,-2000,0,2000,-2000,0,0,0,34000
055818,晶相光國票97購02,0,0,0,0,0,0,0,0,0,33000,0,0,0,88000,55000,33000,33000
055882,嘉聯益元富97購01,0,0,0,0,0,0,0,0,0,33000,0,0,0,33000,0,33000,33000
055862,矽力元大97購04  ,0,0,0,0,0,0,0,0,0,33000,0,0,0,164000,131000,33000,33000
057047,華新科元大99購07,0,0,0,0,0,0,0,0,0,33000,0,0,0,33000,0,33000,33000
057226,上銀凱基98購06  ,0,0,0,0,0,0,0,0,0,33000,0,0,0,66000,33000,33000,33000
05682P,大立光元大98售03,0,0,0,0,0,0,0,0,0,33000,0,0,0,53000,20000,33000,33000
056612,台積電永豐98購01,0,0,0,0,0,0,0,0,0,33000,0,0,0,610000,577000,33000,33000
047676,臺股指元富99購01,0,0,0,0,0,0,0,0,0,33000,0,0,0,40000,7000,33000,33000
048333,大立光富邦95購01,0,0,0,0,0,0,0,0,0,33000,0,0,0,52000,19000,33000,33000
04506P,旺宏元大94售06  ,0,0,0,0,0,0,0,0,0,33000,0,0,0,53000,20000,33000,33000
044759,新日興凱基93購01,0,0,0,0,0,0,0,0,0,33000,0,0,0,131000,98000,33000,33000
050974,大成鋼統一95購01,0,0,0,0,0,0,0,0,0,33000,0,0,0,99000,66000,33000,33000
050937,可成國票96購02  ,0,0,0,0,0,0,0,0,0,33000,0,0,0,35000,2000,33000,33000
049772,臺股指元富94購01,0,0,0,0,0,0,0,0,0,33000,0,0,0,33000,0,33000,33000
051503,玉晶光統一97購01,0,0,0,0,0,0,0,0,0,33000,0,0,0,44000,11000,33000,33000
053601,台表科元大98購01,0,0,0,0,0,0,0,0,0,33000,0,0,0,467000,434000,33000,33000
05248P,矽創群益96售01  ,1000,0,1000,0,0,0,0,0,0,32000,0,0,0,34000,2000,32000,33000
054234,可成群益96購05  ,0,0,0,0,0,0,0,0,0,33000,0,0,0,98000,65000,33000,33000
6533,晶心科          ,115000,82000,33000,0,0,0,0,0,0,0,0,0,0,0,0,0,33000
06673P,大立光群益98售01,0,0,0,0,0,0,0,0,0,33000,0,0,0,33000,0,33000,33000
06231P,台積電永豐97售05,0,0,0,0,0,0,0,0,0,33000,0,0,0,63000,30000,33000,33000
05861P,瀚宇博永豐96售02,0,0,0,0,0,0,0,0,0,33000,0,0,0,33000,0,33000,33000
056681,鴻海統一98購09  ,0,0,0,0,0,0,0,0,0,32000,0,0,0,80000,48000,32000,32000
056784,南亞科群益98購01,0,0,0,0,0,0,0,0,0,32000,0,0,0,126000,94000,32000,32000
056445,聯發科凱基98購07,0,0,0,0,0,0,0,0,0,32000,0,0,0,61000,29000,32000,32000
05632P,大立光群益96售02,0,10000,-10000,0,0,0,0,0,0,42000,0,0,0,71000,29000,42000,32000
057040,國巨元大98購12  ,0,0,0,0,0,0,0,0,0,32000,0,0,0,84000,52000,32000,32000
057119,微星康和98購01  ,0,0,0,0,0,0,0,0,0,32000,0,0,0,70000,38000,32000,32000
055991,鈺齊元富97購01  ,0,0,0,0,0,0,0,0,0,32000,0,0,0,38000,6000,32000,32000
047217,臺股指中信93購05,0,0,0,0,0,0,0,0,0,32000,0,0,0,32000,0,32000,32000
03021P,玉晶光群益02售25,0,0,0,0,0,0,0,0,0,32000,0,0,0,32000,0,32000,32000
04692P,大立光群益94售06,0,0,0,0,0,0,0,0,0,32000,0,0,0,84000,52000,32000,32000
046740,大立光群益95購01,0,0,0,0,0,0,0,0,0,32000,0,0,0,57000,25000,32000,32000
047797,臺股指群益93購08,0,0,0,0,0,0,0,0,0,32000,0,0,0,72000,40000,32000,32000
047774,台表科元大95購01,0,0,0,0,0,0,0,0,0,32000,0,0,0,42000,10000,32000,32000
04990P,臻鼎元大94售04  ,0,0,0,0,0,0,0,0,0,32000,0,0,0,32000,0,32000,32000
049125,禾伸堂元富94購01,0,0,0,0,0,0,0,0,0,32000,0,0,0,700000,668000,32000,32000
049016,國巨群益94購02  ,0,0,0,0,0,0,0,0,0,32000,0,0,0,32000,0,32000,32000
049054,禾伸堂永豐94購01,0,0,0,0,0,0,0,0,0,32000,0,0,0,258000,226000,32000,32000
054195,亞泥國泰98購01  ,0,0,0,0,0,0,0,0,0,32000,0,0,0,32000,0,32000,32000
052424,泰碩國票97購01  ,0,0,0,0,0,0,0,0,0,32000,0,0,0,42000,10000,32000,32000
053506,南茂兆豐97購01  ,0,0,0,0,0,0,0,0,0,32000,0,0,0,62000,30000,32000,32000
06226P,聯發科麥證97售03,0,0,0,32000,0,32000,0,0,0,32000,0,0,0,32000,0,32000,32000
1526,日馳            ,43000,11000,32000,0,0,0,0,0,0,0,0,0,0,0,0,0,32000
8481,政伸            ,34000,2000,32000,0,0,0,0,0,0,0,0,0,0,0,0,0,32000
8210,勤誠            ,85000,68000,17000,0,0,0,0,0,0,15000,5000,0,5000,15000,5000,10000,32000
3004,豐達科          ,34000,2000,32000,0,0,0,0,0,0,0,0,0,0,0,0,0,32000
2480,敦陽科          ,108000,74000,34000,0,0,0,0,0,0,-2000,0,2000,-2000,0,0,0,32000
055310,聯詠群益97購02  ,0,0,0,0,0,0,0,0,0,31000,0,0,0,95000,64000,31000,31000
055312,台虹群益99購01  ,0,0,0,0,0,0,0,0,0,31000,0,0,0,31000,0,31000,31000
057162,上銀元大98購03  ,0,0,0,0,0,0,0,0,0,31000,0,0,0,107000,76000,31000,31000
057091,華新科元富9A購01,0,0,0,0,0,0,0,0,0,31000,0,0,0,105000,74000,31000,31000
056650,彩晶凱基9A購01  ,0,0,0,0,0,0,0,0,0,31000,0,0,0,31000,0,31000,31000
056703,群創國泰9A購01  ,0,0,0,0,0,0,0,0,0,31000,0,0,0,36000,5000,31000,31000
047885,元金2X富邦99購01,0,0,0,0,0,0,0,0,0,31000,0,0,0,133000,102000,31000,31000
046919,大毅永豐93購01  ,0,0,0,0,0,0,0,0,0,31000,0,0,0,31000,0,31000,31000
04652P,臺股指凱基94售11,0,0,0,0,0,0,0,0,0,31000,0,0,0,41000,10000,31000,31000
048154,旺宏兆豐94購01  ,0,0,0,0,0,0,0,0,0,31000,0,0,0,330000,299000,31000,31000
043457,鴻海元大93購01  ,0,0,0,0,0,0,0,0,0,31000,0,0,0,31000,0,31000,31000
044698,奇力新元大93購01,0,0,0,0,0,0,0,0,0,31000,0,0,0,31000,0,31000,31000
049914,瑞昱元大94購06  ,0,0,0,0,0,0,0,0,0,31000,0,0,0,51000,20000,31000,31000
050003,景碩永豐94購01  ,0,0,0,0,0,0,0,0,0,31000,0,0,0,146000,115000,31000,31000
054143,茂林元大96購04  ,0,0,0,0,0,0,0,0,0,31000,0,0,0,103000,72000,31000,31000
1773,勝一            ,38000,7000,31000,0,0,0,0,0,0,0,0,0,0,0,0,0,31000
06103P,漢唐凱基97售02  ,0,0,0,0,0,0,0,0,0,31000,0,0,0,31000,0,31000,31000
06159P,牧德元富97售02  ,0,0,0,0,0,0,0,0,0,31000,0,0,0,31000,0,31000,31000
056711,亞光永豐98購01  ,0,0,0,0,0,0,0,0,0,30000,0,0,0,34000,4000,30000,30000
056678,力成元富98購01  ,0,0,0,0,0,0,0,0,0,30000,0,0,0,40000,10000,30000,30000
056460,同欣電凱基99購01,0,0,0,0,0,0,0,0,0,30000,0,0,0,40000,10000,30000,30000
056537,冠德凱基98購01  ,0,0,0,0,0,0,0,0,0,30000,0,0,0,30000,0,30000,30000
057154,易華電國泰99購01,0,0,0,0,0,0,0,0,0,30000,0,0,0,30000,0,30000,30000
057337,聯發科國票99購02,0,0,0,0,0,0,0,0,0,30000,0,0,0,30000,0,30000,30000
05732P,臺股指統一96售02,0,0,0,0,0,0,0,0,0,30000,0,0,0,40000,10000,30000,30000
055120,南港兆豐97購01  ,0,0,0,0,0,0,0,0,0,30000,0,0,0,71000,41000,30000,30000
055653,聯詠元富01購02  ,0,0,0,0,0,0,0,0,0,30000,0,0,0,60000,30000,30000,30000
055626,力山永豐97購01  ,0,0,0,0,0,0,0,0,0,30000,0,0,0,30000,0,30000,30000
055565,祥碩凱基97購01  ,0,0,0,0,0,0,0,0,0,30000,0,0,0,50000,20000,30000,30000
055587,智邦元大97購02  ,0,0,0,0,0,0,0,0,0,30000,0,0,0,55000,25000,30000,30000
05604P,聯發科元大96售10,0,0,0,0,0,0,0,0,0,30000,0,0,0,160000,130000,30000,30000
056032,勤誠康和97購03  ,0,0,0,0,0,0,0,0,0,30000,0,0,0,70000,40000,30000,30000
056276,同欣電國泰98購01,0,0,0,0,0,0,0,0,0,30000,0,0,0,30000,0,30000,30000
056227,奇力新凱基98購04,0,0,0,0,0,0,0,0,0,30000,0,0,0,40000,10000,30000,30000
05591P,義隆群益96售03  ,0,0,0,0,0,0,0,0,0,30000,0,0,0,30000,0,30000,30000
05594P,旺宏國票96售04  ,0,0,0,0,0,0,0,0,0,30000,0,0,0,38000,8000,30000,30000
055732,全新元富9A購01  ,0,0,0,0,0,0,0,0,0,30000,0,0,0,37000,7000,30000,30000
044930,元黃金富邦93購01,0,0,0,0,0,0,0,0,0,30000,0,0,0,30000,0,30000,30000
044992,力山國泰94購01  ,0,0,0,0,0,0,0,0,0,30000,0,0,0,30000,0,30000,30000
044564,喬山凱基92購01  ,0,0,0,0,0,0,0,0,0,30000,0,0,0,30000,0,30000,30000
044600,上銀國泰93購01  ,0,0,0,0,0,0,0,0,0,30000,0,0,0,30000,0,30000,30000
043889,台表科元大93購01,0,0,0,0,0,0,0,0,0,30000,0,0,0,30000,0,30000,30000
046236,緯穎元大93購05  ,0,0,0,0,0,0,0,0,0,30000,0,0,0,30000,0,30000,30000
043655,微星富邦93購01  ,0,0,0,0,0,0,0,0,0,30000,0,0,0,30000,0,30000,30000
046234,彩晶元大92購01  ,0,0,0,0,0,0,0,0,0,30000,0,0,0,30000,0,30000,30000
047264,貿聯國票93購02  ,0,0,0,0,0,0,0,0,0,30000,0,0,0,30000,0,30000,30000
045093,台表科元大93購02,0,0,0,0,0,0,0,0,0,30000,0,0,0,30000,0,30000,30000
045163,瀚宇博國泰93購01,0,0,0,0,0,0,0,0,0,30000,0,0,0,30000,0,30000,30000
045213,A50正2元大95購01,0,0,0,0,0,0,0,0,0,30000,0,0,0,50000,20000,30000,30000
047444,晶技元大93購03  ,0,0,0,0,0,0,0,0,0,30000,0,0,0,52000,22000,30000,30000
047404,香港2X統一94購01,0,0,0,0,0,0,0,0,0,30000,0,0,0,30000,0,30000,30000
043605,創意元大93購01  ,0,0,0,0,0,0,0,0,0,30000,0,0,0,30000,0,30000,30000
043177,致新國泰93購01  ,0,0,0,0,0,0,0,0,0,30000,0,0,0,30000,0,30000,30000
045470,康控元大94購03  ,0,0,0,0,0,0,0,0,0,30000,0,0,0,134000,104000,30000,30000
0053,元大電子        ,0,0,0,0,0,0,0,0,0,30000,0,0,0,30000,0,30000,30000
048515,貿聯凱基93購03  ,0,0,0,0,0,0,0,0,0,30000,0,0,0,30000,0,30000,30000
048108,鴻海群益93購07  ,0,0,0,0,0,0,0,0,0,30000,0,0,0,89000,59000,30000,30000
047558,臻鼎凱基93購06  ,0,0,0,0,0,0,0,0,0,30000,0,0,0,50000,20000,30000,30000
046552,晶技麥證92購01  ,0,0,0,30000,0,30000,0,0,0,30000,0,0,0,30000,0,30000,30000
046441,儒鴻兆豐92購01  ,0,0,0,0,0,0,0,0,0,30000,0,0,0,30000,0,30000,30000
047678,景碩台新93購01  ,0,0,0,0,0,0,0,0,0,30000,0,0,0,40000,10000,30000,30000
046572,貿聯國泰94購01  ,0,0,0,0,0,0,0,0,0,30000,0,0,0,30000,0,30000,30000
046852,燿華元大93購02  ,0,0,0,0,0,0,0,0,0,30000,0,0,0,30000,0,30000,30000
046836,聯茂群益93購01  ,0,0,0,0,0,0,0,0,0,30000,0,0,0,30000,0,30000,30000
046669,新唐元大93購01  ,0,0,0,0,0,0,0,0,0,30000,0,0,0,30000,0,30000,30000
046660,宏達電元大93購07,0,0,0,0,0,0,0,0,0,30000,0,0,0,30000,0,30000,30000
047834,義隆元大93購02  ,0,0,0,0,0,0,0,0,0,30000,0,0,0,30000,0,30000,30000
047867,旺宏永豐93購02  ,0,0,0,0,0,0,0,0,0,30000,0,0,0,30000,0,30000,30000
047175,台塑元大93購01  ,0,0,0,0,0,0,0,0,0,30000,0,0,0,30000,0,30000,30000
047007,大立光統一93購05,0,0,0,0,0,0,0,0,0,30000,0,0,0,30000,0,30000,30000
047078,上海銀兆豐93購01,0,0,0,0,0,0,0,0,0,30000,0,0,0,40000,10000,30000,30000
050160,中石化國泰95購01,0,0,0,0,0,0,0,0,0,30000,0,0,0,30000,0,30000,30000
050164,揚明光國泰95購01,0,0,0,0,0,0,0,0,0,30000,0,0,0,40000,10000,30000,30000
050421,鴻海凱基95購04  ,0,0,0,0,0,0,0,0,0,30000,0,0,0,160000,130000,30000,30000
049890,嘉澤國泰95購01  ,0,0,0,0,0,0,0,0,0,30000,0,0,0,30000,0,30000,30000
05148P,臻鼎元大95售01  ,0,0,0,0,0,0,0,0,0,30000,0,0,0,30000,0,30000,30000
050502,聯發科凱基94購21,0,0,0,0,0,0,0,0,0,30000,0,0,0,30000,0,30000,30000
051926,聯電中信97購01  ,0,0,0,0,0,0,0,0,0,30000,0,0,0,30000,0,30000,30000
050577,美律國票94購03  ,0,0,0,0,0,0,0,0,0,30000,0,0,0,30000,0,30000,30000
050660,欣興元大96購02  ,0,0,0,0,0,0,0,0,0,30000,0,0,0,38000,8000,30000,30000
052089,聯發科元大96購02,0,0,0,0,0,0,0,0,0,30000,0,0,0,70000,40000,30000,30000
052238,智易國票96購01  ,0,0,0,0,0,0,0,0,0,30000,0,0,0,30000,0,30000,30000
049728,正崴中信94購01  ,0,0,0,0,0,0,0,0,0,30000,0,0,0,40000,10000,30000,30000
04951P,緯創中信94售01  ,0,0,0,0,0,0,0,0,0,30000,0,0,0,30000,0,30000,30000
048972,晶豪科元大94購01,0,0,0,0,0,0,0,0,0,30000,0,0,0,50000,20000,30000,30000
050261,國巨元大95購04  ,0,0,0,0,0,0,0,0,0,30000,0,0,0,54000,24000,30000,30000
051095,貿聯元大95購03  ,0,0,0,0,0,0,0,0,0,30000,0,0,0,66000,36000,30000,30000
050847,創意國票96購01  ,0,0,0,0,0,0,0,0,0,30000,0,0,0,30000,0,30000,30000
049354,致新永豐94購01  ,0,0,0,0,0,0,0,0,0,30000,0,0,0,30000,0,30000,30000
054186,高鐵永豐96購01  ,0,0,0,0,0,0,0,0,0,30000,0,0,0,30000,0,30000,30000
054239,台郡群益96購02  ,0,0,0,0,0,0,0,0,0,30000,0,0,0,30000,0,30000,30000
054415,奇力新元大96購06,0,0,0,0,0,0,0,0,0,30000,0,0,0,43000,13000,30000,30000
054006,智易統一97購01  ,0,0,0,0,0,0,0,0,0,30000,0,0,0,30000,0,30000,30000
054918,華新科凱基98購02,0,0,0,0,0,0,0,0,0,30000,0,0,0,46000,16000,30000,30000
055022,精元國泰99購01  ,0,0,0,0,0,0,0,0,0,30000,0,0,0,30000,0,30000,30000
055035,興勤富邦98購01  ,0,0,0,0,0,0,0,0,0,30000,0,0,0,40000,10000,30000,30000
054604,麗豐台新98購01  ,0,0,0,0,0,0,0,0,0,30000,0,0,0,30000,0,30000,30000
053387,緯創元大97購01  ,0,0,0,0,0,0,0,0,0,30000,0,0,0,40000,10000,30000,30000
053351,A50正2兆豐97購01,0,0,0,0,0,0,0,0,0,30000,0,0,0,100000,70000,30000,30000
053312,緯穎凱基96購02  ,0,0,0,0,0,0,0,0,0,30000,0,0,0,35000,5000,30000,30000
053196,康控元富96購01  ,0,0,0,0,0,0,0,0,0,30000,0,0,0,30000,0,30000,30000
053097,超眾統一96購03  ,0,0,0,0,0,0,0,0,0,30000,0,0,0,30000,0,30000,30000
052441,亞泥元大95購01  ,0,0,0,0,0,0,0,0,0,30000,0,0,0,50000,20000,30000,30000
052407,樺漢凱基95購01  ,0,0,0,0,0,0,0,0,0,30000,0,0,0,30000,0,30000,30000
052620,上証2X富邦97購02,0,0,0,0,0,0,0,0,0,30000,0,0,0,30000,0,30000,30000
052872,智易凱基96購01  ,0,0,0,0,0,0,0,0,0,30000,0,0,0,30000,0,30000,30000
052980,上銀元大96購03  ,0,0,0,0,0,0,0,0,0,30000,0,0,0,70000,40000,30000,30000
06124P,超眾元大97售03  ,0,0,0,0,0,0,0,0,0,30000,0,0,0,50000,20000,30000,30000
06237P,台積電元大97售26,0,0,0,0,0,0,0,0,0,30000,0,0,0,60000,30000,30000,30000
06238P,台積電元大98售07,0,0,0,0,0,0,0,0,0,30000,0,0,0,100000,70000,30000,30000
06283P,祥碩永豐97售01  ,0,0,0,0,0,0,0,0,0,30000,0,0,0,30000,0,30000,30000
06254P,臺股指群益97售07,0,0,0,0,0,0,0,0,0,30000,0,0,0,30000,0,30000,30000
05932P,鴻海凱基96售16  ,0,0,0,0,0,0,0,0,0,30000,0,0,0,30000,0,30000,30000
05909P,康友元富96售02  ,0,0,0,0,0,0,0,0,0,30000,0,0,0,30000,0,30000,30000
1225,福懋油          ,32000,2000,30000,0,0,0,0,0,0,0,0,0,0,0,0,0,30000
1307,三芳            ,37000,5000,32000,0,0,0,0,0,0,-2000,0,2000,-2000,0,0,0,30000
06551P,貿聯元大98售05  ,0,0,0,0,0,0,0,0,0,30000,0,0,0,30000,0,30000,30000
06365P,鴻海凱基97售09  ,0,0,0,0,0,0,0,0,0,30000,0,0,0,125000,95000,30000,30000
06394P,台積電元大97售28,0,0,0,0,0,0,0,0,0,30000,0,0,0,30000,0,30000,30000
06418P,T50反1統一9A售02,0,0,0,0,0,0,0,0,0,30000,0,0,0,30000,0,30000,30000
06407P,創意元富97售02  ,0,0,0,0,0,0,0,0,0,30000,0,0,0,80000,50000,30000,30000
3557,嘉威            ,48000,18000,30000,0,0,0,0,0,0,0,0,0,0,0,0,0,30000
3622,洋華            ,43000,12000,31000,0,0,0,0,0,0,-1000,0,1000,-1000,0,0,0,30000
055960,義隆元大97購01  ,0,0,0,0,0,0,0,0,0,29000,0,0,0,78000,49000,29000,29000
055318,華通國票98購01  ,0,0,0,0,0,0,0,0,0,29000,0,0,0,29000,0,29000,29000
03243P,台積電統一02售08,0,0,0,0,0,0,0,0,0,29000,0,0,0,50000,21000,29000,29000
04363P,儒鴻元富94售01  ,0,0,0,0,0,0,0,0,0,29000,0,0,0,70000,41000,29000,29000
047296,日月光元富96購01,0,0,0,0,0,0,0,0,0,29000,0,0,0,59000,30000,29000,29000
051283,亞德客統一95購01,0,1000,-1000,0,0,0,0,0,0,30000,0,0,0,30000,0,30000,29000
050753,百和統一94購01  ,0,0,0,0,0,0,0,0,0,29000,0,0,0,73000,44000,29000,29000
050728,新日興國票94購01,0,0,0,0,0,0,0,0,0,29000,0,0,0,29000,0,29000,29000
049970,康控國票95購03  ,0,0,0,0,0,0,0,0,0,29000,0,0,0,29000,0,29000,29000
053061,GIS富邦97購01   ,0,0,0,0,0,0,0,0,0,29000,0,0,0,144000,115000,29000,29000
052863,友達凱基98購02  ,0,0,0,0,0,0,0,0,0,29000,0,0,0,55000,26000,29000,29000
053449,超眾凱基98購01  ,0,0,0,0,0,0,0,0,0,29000,0,0,0,58000,29000,29000,29000
05469P,台積電元大95售24,0,0,0,0,0,0,0,0,0,29000,0,0,0,280000,251000,29000,29000
054222,大立光統一98購03,0,0,0,0,0,0,0,0,0,29000,0,0,0,70000,41000,29000,29000
3669,圓展            ,28000,68000,-40000,0,0,0,25000,0,25000,44000,44000,0,44000,0,0,0,29000
6184,大豐電          ,34000,5000,29000,0,0,0,0,0,0,0,0,0,0,0,0,0,29000
5608,四維航          ,54000,14000,40000,0,0,0,0,0,0,-11000,0,11000,-11000,0,0,0,29000
06620P,聯發科元大98售07,0,0,0,0,0,0,0,0,0,29000,0,0,0,38000,9000,29000,29000
06217P,鴻海元富97售05  ,0,0,0,0,0,0,0,0,0,29000,0,0,0,54000,25000,29000,29000
06138P,台積電中信99售01,0,0,0,0,0,0,0,0,0,29000,0,0,0,50000,21000,29000,29000
06161P,聯發科群益97售03,0,0,0,0,0,0,0,0,0,29000,0,0,0,39000,10000,29000,29000
06036P,台表科凱基96售04,0,0,0,0,0,0,0,0,0,29000,0,0,0,29000,0,29000,29000
05996P,華新科群益96售03,0,0,0,0,0,0,0,0,0,29000,0,0,0,142000,113000,29000,29000
055327,致新國票98購01  ,0,0,0,0,0,0,0,0,0,28000,0,0,0,40000,12000,28000,28000
055249,大毅統一99購01  ,0,0,0,0,0,0,0,0,0,28000,0,0,0,283000,255000,28000,28000
055837,致茂元大97購02  ,0,0,0,0,0,0,0,0,0,28000,0,0,0,38000,10000,28000,28000
056173,廣達元富97購01  ,0,0,0,0,0,0,0,0,0,28000,0,0,0,50000,22000,28000,28000
044898,旺宏凱基93購01  ,0,0,0,0,0,0,0,0,0,28000,0,0,0,39000,11000,28000,28000
04312P,聯茂統一93售02  ,0,0,0,0,0,0,0,0,0,28000,0,0,0,88000,60000,28000,28000
03852P,華邦電凱基93售05,0,0,0,0,0,0,0,0,0,28000,0,0,0,28000,0,28000,28000
036805,國巨元富93購02  ,0,0,0,0,0,0,0,0,0,28000,0,0,0,28000,0,28000,28000
047634,亞德客元大93購01,0,0,0,0,0,0,0,0,0,28000,0,0,0,38000,10000,28000,28000
048636,鴻海元大94購05  ,0,0,0,0,0,0,0,0,0,28000,0,0,0,43000,15000,28000,28000
04820P,聯茂永豐94售02  ,0,0,0,0,0,0,0,0,0,28000,0,0,0,388000,360000,28000,28000
049790,滬深2X元大97購04,0,0,0,0,0,0,0,0,0,28000,0,0,0,30000,2000,28000,28000
049834,康控凱基94購01  ,0,0,0,0,0,0,0,0,0,28000,0,0,0,28000,0,28000,28000
050013,淘帝國泰95購01  ,0,0,0,0,0,0,0,0,0,28000,0,0,0,48000,20000,28000,28000
049586,正崴元大94購01  ,0,0,0,0,0,0,0,0,0,28000,0,0,0,185000,157000,28000,28000
052059,臺股指凱基95購17,0,0,0,0,0,0,0,0,0,28000,0,0,0,28000,0,28000,28000
052130,國巨凱基9B購01  ,0,0,0,0,0,0,0,0,0,28000,0,0,0,263000,235000,28000,28000
050970,康舒永豐95購01  ,0,0,0,0,0,0,0,0,0,28000,0,0,0,38000,10000,28000,28000
051686,宏達電凱基95購04,0,0,0,0,0,0,0,0,0,28000,0,0,0,28000,0,28000,28000
051742,欣興國票96購01  ,0,0,0,0,0,0,0,0,0,28000,0,0,0,28000,0,28000,28000
050307,欣興中信95購01  ,0,0,0,0,0,0,0,0,0,28000,0,0,0,28000,0,28000,28000
049488,智邦元大95購01  ,0,0,0,0,0,0,0,0,0,28000,0,0,0,68000,40000,28000,28000
054292,欣興元大96購06  ,0,0,0,0,0,0,0,0,0,28000,0,0,0,35000,7000,28000,28000
054678,麗豐台新98購02  ,0,0,0,0,0,0,0,0,0,28000,0,0,0,28000,0,28000,28000
054490,臻鼎台新96購02  ,0,0,0,0,0,0,0,0,0,28000,0,0,0,38000,10000,28000,28000
054474,鴻海中信96購03  ,0,0,0,0,0,0,0,0,0,28000,0,0,0,30000,2000,28000,28000
05493P,華新科富邦99售02,0,0,0,0,0,0,0,0,0,28000,0,0,0,30000,2000,28000,28000
053093,緯穎元大96購06  ,0,0,0,0,0,0,0,0,0,28000,0,0,0,209000,181000,28000,28000
053232,友達永豐97購02  ,0,0,0,0,0,0,0,0,0,28000,0,0,0,51000,23000,28000,28000
052744,聯詠元大97購01  ,0,0,0,0,0,0,0,0,0,28000,0,0,0,52000,24000,28000,28000
052993,欣興台新97購01  ,0,0,0,0,0,0,0,0,0,28000,0,0,0,38000,10000,28000,28000
052567,台積電凱基96購05,0,0,0,0,0,0,0,0,0,28000,0,0,0,50000,22000,28000,28000
06723P,台灣50麥證99售01,0,0,0,29000,1000,28000,0,0,0,28000,0,0,0,29000,1000,28000,28000
06362P,臺股指麥證97售01,0,0,0,40000,12000,28000,0,0,0,28000,0,0,0,40000,12000,28000,28000
9925,新保            ,47000,19000,28000,0,0,0,0,0,0,0,0,0,0,0,0,0,28000
055819,晶相光國票98購01,0,0,0,0,0,0,0,0,0,27000,0,0,0,97000,70000,27000,27000
055765,臺股指群益97購03,0,0,0,0,0,0,0,0,0,27000,0,0,0,27000,0,27000,27000
055667,致茂群益98購01  ,0,0,0,0,0,0,0,0,0,27000,0,0,0,53000,26000,27000,27000
057448,致茂元富98購01  ,0,0,0,0,0,0,0,0,0,27000,0,0,0,27000,0,27000,27000
057128,台光電凱基98購03,0,0,0,0,0,0,0,0,0,27000,0,0,0,72000,45000,27000,27000
056934,國巨元富98購04  ,0,0,0,0,0,0,0,0,0,27000,0,0,0,267000,240000,27000,27000
05666P,聯發科凱基96售14,0,0,0,0,0,0,0,0,0,27000,0,0,0,35000,8000,27000,27000
048192,華通元大96購01  ,0,0,0,0,0,0,0,0,0,27000,0,0,0,79000,52000,27000,27000
048153,台積電兆豐94購01,0,0,0,0,0,0,0,0,0,27000,0,0,0,50000,23000,27000,27000
046888,鴻海群益93購05  ,0,0,0,0,0,0,0,0,0,27000,0,0,0,436000,409000,27000,27000
044934,玉晶光元大93購01,0,0,0,0,0,0,0,0,0,27000,0,0,0,94000,67000,27000,27000
051710,和碩群益95購01  ,0,0,0,0,0,0,0,0,0,27000,0,0,0,160000,133000,27000,27000
052176,景碩元大96購01  ,0,0,0,0,0,0,0,0,0,27000,0,0,0,41000,14000,27000,27000
05230P,京元電群益95售01,0,0,0,0,0,0,0,0,0,27000,0,0,0,47000,20000,27000,27000
04958P,和大凱基94售04  ,0,0,0,0,0,0,0,0,0,27000,0,0,0,56000,29000,27000,27000
048797,美律國泰95購02  ,0,0,0,0,0,0,0,0,0,27000,0,0,0,57000,30000,27000,27000
052483,超眾群益95購03  ,0,0,0,0,0,0,0,0,0,27000,0,0,0,36000,9000,27000,27000
053034,上海銀兆豐96購01,0,0,0,0,0,0,0,0,0,27000,0,0,0,101000,74000,27000,27000
053056,同欣電國票97購01,0,0,0,0,0,0,0,0,0,27000,0,0,0,34000,7000,27000,27000
053250,百和國票97購02  ,0,0,0,0,0,0,0,0,0,27000,0,0,0,39000,12000,27000,27000
053406,國巨兆豐96購02  ,0,0,0,0,0,0,0,0,0,27000,0,0,0,56000,29000,27000,27000
054994,建準元富97購01  ,0,0,0,0,0,0,0,0,0,27000,0,0,0,27000,0,27000,27000
4720,德淵            ,0,1000,-1000,0,0,0,0,0,0,28000,42000,14000,28000,0,0,0,27000
3149,正達            ,44000,18000,26000,0,0,0,0,0,0,1000,1000,0,1000,0,0,0,27000
3050,鈺德            ,30000,3000,27000,0,0,0,0,0,0,0,0,0,0,0,0,0,27000
06647P,台積電元大98售13,0,0,0,0,0,0,0,0,0,27000,0,0,0,60000,33000,27000,27000
06607P,友達台新98售02  ,0,0,0,0,0,0,0,0,0,27000,0,0,0,32000,5000,27000,27000
1712,興農            ,102000,75000,27000,0,0,0,0,0,0,0,0,0,0,0,0,0,27000
06027P,鴻海台新96售04  ,0,0,0,0,0,0,0,0,0,27000,0,0,0,27000,0,27000,27000
06273P,台表科凱基97售04,0,0,0,0,0,0,0,0,0,27000,0,0,0,27000,0,27000,27000
05917P,宏達電元大96售02,0,0,0,0,0,0,0,0,0,27000,0,0,0,27000,0,27000,27000
05865P,大立光元大96售09,0,0,0,0,0,0,0,0,0,27000,0,0,0,77000,50000,27000,27000
056732,國巨凱基98購07  ,0,0,0,0,0,0,0,0,0,26000,0,0,0,30000,4000,26000,26000
056409,麗豐國票99購01  ,0,0,0,0,0,0,0,0,0,26000,0,0,0,76000,50000,26000,26000
057022,智邦凱基98購04  ,0,0,0,0,0,0,0,0,0,26000,0,0,0,206000,180000,26000,26000
057151,易華電國票99購01,0,0,0,0,0,0,0,0,0,26000,0,0,0,36000,10000,26000,26000
05724P,致茂永豐96售01  ,0,0,0,0,0,0,0,0,0,26000,0,0,0,97000,71000,26000,26000
05721P,全新群益98售02  ,0,0,0,0,0,0,0,0,0,26000,0,0,0,125000,99000,26000,26000
055256,日電貿統一99購01,0,0,0,0,0,0,0,0,0,26000,0,0,0,212000,186000,26000,26000
055169,光罩統一99購01  ,0,0,0,0,0,0,0,0,0,26000,0,0,0,26000,0,26000,26000
055776,宏達電凱基98購02,0,0,0,0,0,0,0,0,0,26000,0,0,0,32000,6000,26000,26000
055912,宏達電凱基98購03,0,0,0,0,0,0,0,0,0,26000,0,0,0,34000,8000,26000,26000
043642,元金2X國票97購01,0,0,0,0,0,0,0,0,0,26000,0,0,0,29000,3000,26000,26000
006208,富邦台50        ,1000,1000,0,0,0,0,0,0,0,26000,0,0,0,511000,485000,26000,26000
046640,揚明光永豐93購01,0,0,0,0,0,0,0,0,0,26000,0,0,0,26000,0,26000,26000
048197,義隆元大93購04  ,0,0,0,0,0,0,0,0,0,26000,0,0,0,26000,0,26000,26000
051529,東元國票96購01  ,0,0,0,0,0,0,0,0,0,26000,0,0,0,31000,5000,26000,26000
050946,瑞昱群益95購01  ,0,0,0,0,0,0,0,0,0,26000,0,0,0,26000,0,26000,26000
049074,光罩凱基94購02  ,0,0,0,0,0,0,0,0,0,26000,0,0,0,95000,69000,26000,26000
054975,福懋科元大97購01,0,0,0,0,0,0,0,0,0,26000,0,0,0,108000,82000,26000,26000
053982,臻鼎元大96購05  ,0,0,0,0,0,0,0,0,0,26000,0,0,0,77000,51000,26000,26000
053385,聯詠元大96購02  ,0,0,0,0,0,0,0,0,0,26000,0,0,0,56000,30000,26000,26000
05310P,智原永豐95售04  ,0,0,0,0,0,0,0,0,0,26000,0,0,0,26000,0,26000,26000
052545,康控元富95購02  ,0,0,0,0,0,0,0,0,0,26000,0,0,0,46000,20000,26000,26000
05885P,牧德統一96售01  ,0,0,0,0,0,0,0,0,0,26000,0,0,0,244000,218000,26000,26000
05956P,漢唐國票96售02  ,0,0,0,0,0,0,0,0,0,26000,0,0,0,26000,0,26000,26000
06145P,華新科永豐97售02,0,0,0,0,0,0,0,0,0,26000,0,0,0,99000,73000,26000,26000
06091P,華新科統一97售01,0,0,0,0,0,0,0,0,0,26000,0,0,0,89000,63000,26000,26000
1701,中化            ,65000,39000,26000,0,0,0,0,0,0,0,0,0,0,0,0,0,26000
06681P,致茂元大98售02  ,0,0,0,0,0,0,0,0,0,26000,0,0,0,33000,7000,26000,26000
2450,神腦            ,31000,6000,25000,0,0,0,0,0,0,1000,1000,0,1000,0,0,0,26000
2704,國賓            ,43000,16000,27000,0,0,0,0,0,0,-1000,0,1000,-1000,0,0,0,26000
4989,榮科            ,29000,6000,23000,0,0,0,0,0,0,3000,5000,2000,3000,0,0,0,26000
2723,美食-KY         ,217000,170175,46825,0,0,0,0,0,0,-21000,0,0,0,0,21000,-21000,25825
2414,精技            ,33000,7687,25313,0,0,0,0,0,0,0,0,0,0,0,0,0,25313
055906,大立光兆豐97購03,0,0,0,0,0,0,0,0,0,25000,0,0,0,30000,5000,25000,25000
055954,南港元大97購02  ,0,0,0,0,0,0,0,0,0,25000,0,0,0,25000,0,25000,25000
055829,上銀元大97購06  ,0,0,0,0,0,0,0,0,0,25000,0,0,0,155000,130000,25000,25000
055755,禾伸堂兆豐97購02,0,0,0,0,0,0,0,0,0,25000,0,0,0,25000,0,25000,25000
055734,奇力新元富97購02,0,0,0,0,0,0,0,0,0,25000,0,0,0,75000,50000,25000,25000
055706,大立光永豐97購03,0,0,0,0,0,0,0,0,0,25000,0,0,0,45000,20000,25000,25000
05517P,臻鼎元大96售01  ,0,0,0,0,0,0,0,0,0,25000,0,0,0,25000,0,25000,25000
055329,百和國票98購01  ,0,0,0,0,0,0,0,0,0,25000,0,0,0,25000,0,25000,25000
055477,同欣電凱基98購01,0,0,0,0,0,0,0,0,0,25000,0,0,0,31000,6000,25000,25000
05744P,台表科元大96售04,0,0,0,0,0,0,0,0,0,25000,0,0,0,25000,0,25000,25000
056969,智易永豐98購01  ,0,0,0,0,0,0,0,0,0,25000,0,0,0,45000,20000,25000,25000
056402,智易群益98購02  ,0,0,0,0,0,0,0,0,0,25000,0,0,0,64000,39000,25000,25000
056573,華新科元大99購06,0,0,0,0,0,0,0,0,0,25000,0,0,0,115000,90000,25000,25000
05686P,臺股指元大96售11,0,0,0,0,0,0,0,0,0,25000,0,0,0,40000,15000,25000,25000
056715,瀚宇博永豐98購01,0,0,0,0,0,0,0,0,0,25000,0,0,0,50000,25000,25000,25000
046780,FB上証永豐93購01,0,0,0,0,0,0,0,0,0,25000,0,0,0,25000,0,25000,25000
03039P,玉晶光國票02售04,0,0,0,0,0,0,0,0,0,25000,0,0,0,25000,0,25000,25000
042754,元黃金元大93購01,0,0,0,0,0,0,0,0,0,25000,0,0,0,25000,0,25000,25000
04227P,滬深2X永豐94售04,0,0,0,0,0,0,0,0,0,25000,0,0,0,27000,2000,25000,25000
04343P,啟碁永豐93售02  ,0,0,0,0,0,0,0,0,0,25000,0,0,0,25000,0,25000,25000
042927,道瓊反中信94購01,0,0,0,0,0,0,0,0,0,25000,0,0,0,25000,0,25000,25000
03968P,聯發科國票93售05,0,0,0,0,0,0,0,0,0,25000,0,0,0,25000,0,25000,25000
044814,華邦電兆豐93購02,0,0,0,0,0,0,0,0,0,25000,0,0,0,25000,0,25000,25000
04377P,大立光元大94售04,0,0,0,0,0,0,0,0,0,25000,0,0,0,25000,0,25000,25000
04416P,牧德元富94售06  ,0,0,0,0,0,0,0,0,0,25000,0,0,0,25000,0,25000,25000
044217,華新科凱基93購03,0,0,0,0,0,0,0,0,0,25000,0,0,0,30000,5000,25000,25000
04742P,瑞昱統一94售01  ,0,0,0,0,0,0,0,0,0,25000,0,0,0,145000,120000,25000,25000
048284,臺股指中信95購04,0,0,0,0,0,0,0,0,0,25000,0,0,0,25000,0,25000,25000
049497,茂林元大94購04  ,0,0,0,0,0,0,0,0,0,25000,0,0,0,30000,5000,25000,25000
050397,力成元富94購01  ,0,0,0,0,0,0,0,0,0,25000,0,0,0,102000,77000,25000,25000
049414,台積電凱基94購18,0,0,0,0,0,0,0,0,0,25000,0,0,0,25000,0,25000,25000
050256,臺指反元大98購03,0,0,0,0,0,0,0,0,0,25000,0,0,0,30000,5000,25000,25000
051472,台積電凱基95購09,0,0,0,0,0,0,0,0,0,25000,0,0,0,25000,0,25000,25000
049596,智伸科元大95購01,0,0,0,0,0,0,0,0,0,25000,0,0,0,56000,31000,25000,25000
050061,聯發科凱基94購07,0,0,0,0,0,0,0,0,0,25000,0,0,0,67000,42000,25000,25000
05199P,訊芯永豐95售02  ,0,0,0,0,0,0,0,0,0,25000,0,0,0,25000,0,25000,25000
05202P,鴻海元大95售16  ,0,0,0,0,0,0,0,0,0,25000,0,0,0,25000,0,25000,25000
052079,康友元富98購01  ,0,0,0,0,0,0,0,0,0,25000,0,0,0,274000,249000,25000,25000
050771,華新科元大94購06,0,0,0,0,0,0,0,0,0,25000,0,0,0,37000,12000,25000,25000
05056P,訊芯群益95售01  ,0,0,0,0,0,0,0,0,0,25000,0,0,0,25000,0,25000,25000
049701,聯茂元大94購05  ,0,0,0,0,0,0,0,0,0,25000,0,0,0,25000,0,25000,25000
052429,禾伸堂永豐95購02,0,0,0,0,0,0,0,0,0,25000,0,0,0,70000,45000,25000,25000
052437,聯發科富邦99購02,0,0,0,0,0,0,0,0,0,25000,0,0,0,65000,40000,25000,25000
052979,上銀元大96購02  ,0,0,0,0,0,0,0,0,0,25000,0,0,0,70000,45000,25000,25000
052909,上銀統一96購01  ,0,0,0,0,0,0,0,0,0,25000,0,0,0,25000,0,25000,25000
053145,元黃金元大96購02,0,0,0,0,0,0,0,0,0,25000,0,0,0,25000,0,25000,25000
054199,大立光永昌96購07,0,0,0,0,0,0,0,0,0,25000,0,0,0,30000,5000,25000,25000
054133,奇力新元大97購04,0,0,0,0,0,0,0,0,0,25000,0,0,0,78000,53000,25000,25000
2702,華園            ,50000,25000,25000,0,0,0,0,0,0,0,0,0,0,0,0,0,25000
4190,佐登-KY         ,97000,92000,5000,0,0,0,0,0,0,20000,1000,4000,-3000,26000,3000,23000,25000
06586P,鴻海元大9C售01  ,0,0,0,0,0,0,0,0,0,25000,0,0,0,25000,0,25000,25000
06356P,啟碁永豐97售01  ,0,0,0,0,0,0,0,0,0,25000,0,0,0,25000,0,25000,25000
1608,華榮            ,77000,52000,25000,0,0,0,0,0,0,0,0,0,0,0,0,0,25000
2062,橋椿            ,33000,7000,26000,0,0,0,0,0,0,-1000,0,1000,-1000,0,0,0,25000
2034,允強            ,85000,60000,25000,0,0,0,0,0,0,0,0,0,0,0,0,0,25000
06106P,國巨群益97售02  ,0,0,0,0,0,0,0,0,0,25000,0,0,0,201000,176000,25000,25000
06041P,全新永豐96售03  ,0,0,0,0,0,0,0,0,0,25000,0,0,0,36000,11000,25000,25000
056718,GIS永豐98購01   ,0,0,0,0,0,0,0,0,0,24000,0,0,0,143000,119000,24000,24000
056621,宏達電永豐98購01,0,0,0,0,0,0,0,0,0,24000,0,0,0,30000,6000,24000,24000
055388,華通統一97購03  ,0,0,0,0,0,0,0,0,0,24000,0,0,0,25000,1000,24000,24000
055637,亞德客元富97購01,0,0,0,0,0,0,0,0,0,24000,0,0,0,30000,6000,24000,24000
05556P,全新國票96售04  ,0,0,0,0,0,0,0,0,0,24000,0,0,0,24000,0,24000,24000
055601,茂林元大97購03  ,0,0,0,0,0,0,0,0,0,24000,0,0,0,31000,7000,24000,24000
04625P,燿華元大94售03  ,0,0,0,0,0,0,0,0,0,24000,0,0,0,124000,100000,24000,24000
00652,富邦印度        ,16000,0,16000,0,0,0,0,0,0,8000,0,0,0,8000,0,8000,24000
046903,友達凱基99購01  ,0,0,0,0,0,0,0,0,0,24000,0,0,0,27000,3000,24000,24000
051755,台積電元大96購08,0,0,0,0,0,0,0,0,0,24000,0,0,0,860000,836000,24000,24000
054129,技嘉元大96購02  ,0,0,0,0,0,0,0,0,0,24000,0,0,0,360000,336000,24000,24000
054367,鴻海中信98購03  ,0,0,0,0,0,0,0,0,0,24000,0,0,0,30000,6000,24000,24000
054988,凱美元富97購02  ,0,0,0,0,0,0,0,0,0,24000,0,0,0,53000,29000,24000,24000
053243,楠梓電國票97購02,0,0,0,0,0,0,0,0,0,24000,0,0,0,30000,6000,24000,24000
052934,中磊元大96購01  ,0,0,0,0,0,0,0,0,0,24000,0,0,0,67000,43000,24000,24000
1733,五鼎            ,50000,19000,31000,0,0,0,0,0,0,-7000,0,7000,-7000,0,0,0,24000
1503,士電            ,32000,12000,20000,0,0,0,0,0,0,4000,4000,0,4000,0,0,0,24000
1203,味王            ,26000,2000,24000,0,0,0,0,0,0,0,0,0,0,0,0,0,24000
4576,大銀微系統      ,28000,4000,24000,0,0,0,0,0,0,0,0,0,0,0,0,0,24000
5515,建國            ,24000,0,24000,0,0,0,0,0,0,0,0,0,0,0,0,0,24000
6226,光鼎            ,60000,36000,24000,0,0,0,0,0,0,0,0,0,0,0,0,0,24000
3003,健和興          ,67000,41000,26000,0,0,0,0,0,0,-2000,1000,0,1000,0,3000,-3000,24000
3321,同泰            ,33000,9000,24000,0,0,0,0,0,0,0,0,0,0,0,0,0,24000
056272,嘉澤統一99購01  ,0,0,0,0,0,0,0,0,0,23000,0,0,0,58000,35000,23000,23000
056582,易華電元大98購01,0,0,0,0,0,0,0,0,0,23000,0,0,0,83000,60000,23000,23000
05681P,大立光元大96售05,0,0,0,0,0,0,0,0,0,23000,0,0,0,41000,18000,23000,23000
057023,美律凱基99購02  ,0,0,0,0,0,0,0,0,0,23000,0,0,0,23000,0,23000,23000
048631,遠東新元大93購01,0,0,0,0,0,0,0,0,0,23000,0,0,0,101000,78000,23000,23000
047526,可成元大93購08  ,0,0,0,0,0,0,0,0,0,23000,0,0,0,36000,13000,23000,23000
04597P,為升凱基94售02  ,0,0,0,0,0,0,0,0,0,23000,0,0,0,23000,0,23000,23000
045228,泰鼎元大93購01  ,0,0,0,0,0,0,0,0,0,23000,0,0,0,23000,0,23000,23000
048427,百和元富95購01  ,0,0,0,0,0,0,0,0,0,23000,0,0,0,34000,11000,23000,23000
044995,大立光國泰94購01,0,0,0,0,0,0,0,0,0,23000,0,0,0,38000,15000,23000,23000
051253,緯創元大95購02  ,0,0,0,0,0,0,0,0,0,23000,0,0,0,45000,22000,23000,23000
050933,南亞國票95購01  ,0,0,0,0,0,0,0,0,0,23000,0,0,0,23000,0,23000,23000
051871,同欣電凱基95購02,0,0,0,0,0,0,0,0,0,23000,0,0,0,38000,15000,23000,23000
051209,百和麥證95購01  ,0,0,0,23000,0,23000,0,0,0,23000,0,0,0,23000,0,23000,23000
052205,台積電中信95購09,0,0,0,0,0,0,0,0,0,23000,0,0,0,214000,191000,23000,23000
050064,華新科凱基94購08,0,0,0,0,0,0,0,0,0,23000,0,0,0,39000,16000,23000,23000
049825,台積電凱基94購26,0,0,0,0,0,0,0,0,0,23000,0,0,0,145000,122000,23000,23000
050539,鴻海凱基95購07  ,0,0,0,0,0,0,0,0,0,23000,0,0,0,23000,0,23000,23000
05265P,正崴元大95售03  ,0,0,0,0,0,0,0,0,0,23000,0,0,0,66000,43000,23000,23000
053230,達方台新97購01  ,0,0,0,0,0,0,0,0,0,23000,0,0,0,23000,0,23000,23000
053563,台積電富邦97購01,0,0,0,0,0,0,0,0,0,23000,0,0,0,360000,337000,23000,23000
053552,華新科凱基96購08,0,0,0,0,0,0,0,0,0,23000,0,0,0,34000,11000,23000,23000
054351,華新科國泰97購03,0,0,0,0,0,0,0,0,0,23000,0,0,0,44000,21000,23000,23000
2612,中航            ,74000,51000,23000,0,0,0,0,0,0,0,0,0,0,0,0,0,23000
2488,漢平            ,24000,2000,22000,0,0,0,0,0,0,1000,2000,1000,1000,0,0,0,23000
4545,銘鈺            ,30000,7000,23000,0,0,0,0,0,0,0,0,0,0,0,0,0,23000
06595P,祥碩元大98售03  ,0,0,0,0,0,0,0,0,0,23000,0,0,0,51000,28000,23000,23000
06550P,健策元大99售01  ,0,0,0,0,0,0,0,0,0,23000,0,0,0,23000,0,23000,23000
056897,南亞科元大98購02,0,0,0,0,0,0,0,0,0,22000,0,0,0,127000,105000,22000,22000
055695,大毅國票98購03  ,0,0,0,0,0,0,0,0,0,22000,0,0,0,25000,3000,22000,22000
05592P,可成群益96售03  ,0,0,0,0,0,0,0,0,0,22000,0,0,0,22000,0,22000,22000
055381,茂林元大97購02  ,0,0,0,0,0,0,0,0,0,22000,0,0,0,103000,81000,22000,22000
055316,上銀國票98購01  ,0,0,0,0,0,0,0,0,0,22000,0,0,0,320000,298000,22000,22000
044963,台積電中信96購01,0,0,0,0,0,0,0,0,0,22000,0,0,0,59000,37000,22000,22000
048698,宏達電國票95購01,0,0,0,0,0,0,0,0,0,22000,0,0,0,32000,10000,22000,22000
046602,新日興群益94購01,0,0,0,0,0,0,0,0,0,22000,0,0,0,182000,160000,22000,22000
050168,緯創富邦95購01  ,0,0,0,0,0,0,0,0,0,22000,0,0,0,22000,0,22000,22000
051142,臺股指永豐95購02,0,0,0,0,0,0,0,0,0,22000,0,0,0,426000,404000,22000,22000
051133,台積電永豐95購02,0,0,0,0,0,0,0,0,0,22000,0,0,0,4213000,4191000,22000,22000
050443,復盛凱基94購02  ,0,0,0,0,0,0,0,0,0,22000,0,0,0,63000,41000,22000,22000
049773,臺股指元富94購02,0,0,0,0,0,0,0,0,0,22000,0,0,0,52000,30000,22000,22000
050841,國巨國票96購02  ,0,0,0,0,0,0,0,0,0,22000,0,0,0,22000,0,22000,22000
054050,創意元大96購06  ,0,0,0,0,0,0,0,0,0,22000,0,0,0,22000,0,22000,22000
053893,京鼎群益97購02  ,0,0,0,0,0,0,0,0,0,22000,0,0,0,141000,119000,22000,22000
054428,禾伸堂富邦98購01,0,0,0,0,0,0,0,0,0,22000,0,0,0,32000,10000,22000,22000
052652,台虹永豐96購01  ,0,0,0,0,0,0,0,0,0,22000,0,0,0,22000,0,22000,22000
052849,可成統一97購01  ,0,0,0,0,0,0,0,0,0,22000,0,0,0,69000,47000,22000,22000
052897,緯創群益96購03  ,0,0,0,0,0,0,0,0,0,22000,0,0,0,37000,15000,22000,22000
05915P,聯發科元大96售19,0,0,0,0,0,0,0,0,0,22000,0,0,0,31000,9000,22000,22000
4306,炎洲            ,30000,8000,22000,0,0,0,0,0,0,0,0,0,0,0,0,0,22000
4956,光鋐            ,23000,1000,22000,0,0,0,0,0,0,0,0,0,0,0,0,0,22000
055339,緯穎兆豐98購01  ,0,0,0,0,0,0,0,0,0,21000,0,0,0,28000,7000,21000,21000
055229,大毅國票97購02  ,0,0,0,0,0,0,0,0,0,21000,0,0,0,25000,4000,21000,21000
055419,國巨永豐97購03  ,0,0,0,0,0,0,0,0,0,21000,0,0,0,89000,68000,21000,21000
055937,康舒群益97購01  ,0,0,0,0,0,0,0,0,0,21000,0,0,0,93000,72000,21000,21000
055886,上銀統一97購02  ,0,0,0,0,0,0,0,0,0,21000,0,0,0,21000,0,21000,21000
055777,冠德凱基97購01  ,0,0,0,0,0,0,0,0,0,21000,0,0,0,21000,0,21000,21000
056255,華新科元富97購05,0,0,0,0,0,0,0,0,0,21000,0,0,0,89000,68000,21000,21000
056243,創意群益97購03  ,0,0,0,0,0,0,0,0,0,21000,0,0,0,21000,0,21000,21000
055946,元油反元大97購02,0,0,0,0,0,0,0,0,0,21000,0,0,0,21000,0,21000,21000
056116,義隆群益97購02  ,0,0,0,0,0,0,0,0,0,21000,0,0,0,21000,0,21000,21000
056919,英業達兆豐98購01,0,0,0,0,0,0,0,0,0,21000,0,0,0,145000,124000,21000,21000
056598,京元電元富98購01,0,0,0,0,0,0,0,0,0,21000,0,0,0,41000,20000,21000,21000
056713,華擎永豐98購01  ,0,0,0,0,0,0,0,0,0,21000,0,0,0,173000,152000,21000,21000
056692,燿華群益98購03  ,0,0,0,0,0,0,0,0,0,21000,0,0,0,32000,11000,21000,21000
056354,國巨元大98購10  ,0,0,0,0,0,0,0,0,0,21000,0,0,0,21000,0,21000,21000
050983,新光金國泰97購01,0,0,0,0,0,0,0,0,0,21000,0,0,0,41000,20000,21000,21000
047614,台郡群益93購02  ,0,0,0,0,0,0,0,0,0,21000,0,0,0,27000,6000,21000,21000
046652,上銀元大93購02  ,0,0,0,0,0,0,0,0,0,21000,0,0,0,21000,0,21000,21000
044673,上銀凱基93購04  ,0,0,0,0,0,0,0,0,0,21000,0,0,0,24000,3000,21000,21000
045074,華新科元大93購03,0,0,0,0,0,0,0,0,0,21000,0,0,0,22000,1000,21000,21000
049774,元油2X統一94購05,0,0,0,0,0,0,0,0,0,21000,0,0,0,21000,0,21000,21000
050372,全新元大96購03  ,0,0,0,0,0,0,0,0,0,21000,0,0,0,21000,0,21000,21000
049537,元石油群益97購01,0,0,0,0,0,0,0,0,0,21000,0,0,0,44000,23000,21000,21000
049052,台積電永豐94購02,0,0,0,0,0,0,0,0,0,21000,0,0,0,48000,27000,21000,21000
049023,玉晶光群益96購04,0,0,0,0,0,0,0,0,0,21000,0,0,0,126000,105000,21000,21000
049858,百和群益94購05  ,0,0,0,0,0,0,0,0,0,21000,0,0,0,21000,0,21000,21000
05217P,鴻海統一95售08  ,0,0,0,0,0,0,0,0,0,21000,0,0,0,38000,17000,21000,21000
052184,台光電群益95購03,0,0,0,0,0,0,0,0,0,21000,0,0,0,60000,39000,21000,21000
052133,華邦電凱基9B購01,0,0,0,0,0,0,0,0,0,21000,0,0,0,104000,83000,21000,21000
052081,臺股指元富95購03,0,0,0,0,0,0,0,0,0,21000,0,0,0,21000,0,21000,21000
050633,義隆群益96購02  ,0,0,0,0,0,0,0,0,0,21000,0,0,0,21000,0,21000,21000
052675,新光金國泰98購01,0,0,0,0,0,0,0,0,0,21000,0,0,0,21000,0,21000,21000
052503,大成鋼日盛95購02,0,0,0,0,0,0,0,0,0,21000,0,0,0,21000,0,21000,21000
053289,臺股指元大96購17,0,0,0,0,0,0,0,0,0,21000,0,0,0,21000,0,21000,21000
054440,TPK台新98購01   ,0,0,0,0,0,0,0,0,0,21000,0,0,0,22000,1000,21000,21000
054785,建準群益98購01  ,0,0,0,0,0,0,0,0,0,21000,0,0,0,21000,0,21000,21000
2472,立隆電          ,37000,20000,17000,0,0,0,0,0,0,4000,4000,0,4000,0,0,0,21000
2436,偉詮電          ,40000,19000,21000,0,0,0,0,0,0,0,0,0,0,0,0,0,21000
2538,基泰            ,39000,18000,21000,0,0,0,0,0,0,0,0,0,0,0,0,0,21000
05998P,台積電元大97售12,0,0,0,0,0,0,0,0,0,21000,0,0,0,111000,90000,21000,21000
06096P,全新永豐97售02  ,0,0,0,0,0,0,0,0,0,21000,0,0,0,40000,19000,21000,21000
2373,震旦行          ,21000,1000,20000,0,0,0,0,0,0,1000,1000,0,1000,0,0,0,21000
05634P,玉晶光台新97售01,0,0,0,0,0,0,0,0,0,20000,0,0,0,22000,2000,20000,20000
056346,聯茂凱基99購02  ,0,0,0,0,0,0,0,0,0,20000,0,0,0,38000,18000,20000,20000
05644P,大立光中信9A售03,0,0,0,0,0,0,0,0,0,20000,0,0,0,20000,0,20000,20000
056657,華邦電元大99購01,0,0,0,0,0,0,0,0,0,20000,0,0,0,20000,0,20000,20000
056648,牧德凱基99購02  ,0,0,0,0,0,0,0,0,0,20000,0,0,0,20000,0,20000,20000
056633,鴻海永昌98購02  ,0,0,0,0,0,0,0,0,0,20000,0,0,0,157000,137000,20000,20000
056799,群創麥證98購01  ,0,0,0,20000,0,20000,0,0,0,20000,0,0,0,20000,0,20000,20000
056803,群創台新99購02  ,0,0,0,0,0,0,0,0,0,20000,0,0,0,25000,5000,20000,20000
056949,義隆統一98購01  ,0,0,0,0,0,0,0,0,0,20000,0,0,0,20000,0,20000,20000
056986,超眾群益98購03  ,0,0,0,0,0,0,0,0,0,20000,0,0,0,28000,8000,20000,20000
057090,奇力新元富98購02,0,0,0,0,0,0,0,0,0,20000,0,0,0,37000,17000,20000,20000
057425,臺股指凱基9C購02,0,0,0,0,0,0,0,0,0,20000,0,0,0,30000,10000,20000,20000
057401,晶豪科群益99購01,0,0,0,0,0,0,0,0,0,20000,0,0,0,20000,0,20000,20000
057279,國揚元大98購01  ,0,0,0,0,0,0,0,0,0,20000,0,0,0,20000,0,20000,20000
056093,大毅元富97購01  ,0,0,0,0,0,0,0,0,0,20000,0,0,0,20000,0,20000,20000
056071,創意元大97購02  ,0,0,0,0,0,0,0,0,0,20000,0,0,0,20000,0,20000,20000
05598P,國巨元富96售03  ,0,0,0,0,0,0,0,0,0,20000,0,0,0,190000,170000,20000,20000
056029,國巨麥證98購01  ,0,0,0,50000,30000,20000,0,0,0,20000,0,0,0,50000,30000,20000,20000
056023,晶豪科群益97購01,0,0,0,0,0,0,0,0,0,20000,0,0,0,20000,0,20000,20000
056239,宏達電群益98購01,0,0,0,0,0,0,0,0,0,20000,0,0,0,28000,8000,20000,20000
055799,致茂永豐97購02  ,0,0,0,0,0,0,0,0,0,20000,0,0,0,20000,0,20000,20000
055968,祥碩元大97購04  ,0,0,0,0,0,0,0,0,0,20000,0,0,0,35000,15000,20000,20000
055418,華通永豐97購01  ,0,0,0,0,0,0,0,0,0,20000,0,0,0,20000,0,20000,20000
055232,泰碩國票98購01  ,0,0,0,0,0,0,0,0,0,20000,0,0,0,20000,0,20000,20000
055242,道瓊銀統一98購01,0,0,0,0,0,0,0,0,0,20000,0,0,0,20000,0,20000,20000
05534P,元油反元大96售06,0,0,0,0,0,0,0,0,0,20000,0,0,0,20000,0,20000,20000
055354,宏達電凱基98購01,0,0,0,0,0,0,0,0,0,20000,0,0,0,26000,6000,20000,20000
055321,大立光國票98購02,0,0,0,0,0,0,0,0,0,20000,0,0,0,20000,0,20000,20000
055066,佐登永豐97購01  ,0,0,0,0,0,0,0,0,0,20000,0,0,0,20000,0,20000,20000
055081,健鼎中信97購01  ,0,0,0,0,0,0,0,0,0,20000,0,0,0,20000,0,20000,20000
047270,元油2X永豐94購02,0,0,0,0,0,0,0,0,0,20000,0,0,0,20000,0,20000,20000
047235,嘉澤凱基93購01  ,0,0,0,0,0,0,0,0,0,20000,0,0,0,20000,0,20000,20000
04723P,美律凱基94售06  ,0,0,0,0,0,0,0,0,0,20000,0,0,0,20000,0,20000,20000
045385,華新科元大93購04,0,0,0,0,0,0,0,0,0,20000,0,0,0,20000,0,20000,20000
045393,寶齡國泰93購01  ,0,0,0,0,0,0,0,0,0,20000,0,0,0,20000,0,20000,20000
047405,香港2X統一96購01,0,0,0,0,0,0,0,0,0,20000,0,0,0,20000,0,20000,20000
04734P,上海銀兆豐94售02,0,0,0,0,0,0,0,0,0,20000,0,0,0,20000,0,20000,20000
048383,元金2X國票99購01,0,0,0,0,0,0,0,0,0,20000,0,0,0,20000,0,20000,20000
048384,遠東新國票94購01,0,0,0,0,0,0,0,0,0,20000,0,0,0,20000,0,20000,20000
048388,華通國票94購01  ,0,0,0,0,0,0,0,0,0,20000,0,0,0,20000,0,20000,20000
044750,鴻海凱基93購07  ,0,0,0,0,0,0,0,0,0,20000,0,0,0,20000,0,20000,20000
04505P,佳世達元富96售03,0,0,0,0,0,0,0,0,0,20000,0,0,0,20000,0,20000,20000
044563,亞德客凱基92購01,0,0,0,0,0,0,0,0,0,20000,0,0,0,20000,0,20000,20000
044530,台積電富邦94購01,0,0,0,0,0,0,0,0,0,20000,0,0,0,46000,26000,20000,20000
044437,台郡元大92購02  ,0,0,0,0,0,0,0,0,0,20000,0,0,0,20000,0,20000,20000
04424P,台郡永豐94售01  ,0,0,0,0,0,0,0,0,0,20000,0,0,0,20000,0,20000,20000
044282,上銀凱基93購03  ,0,0,0,0,0,0,0,0,0,20000,0,0,0,58000,38000,20000,20000
046159,群創群益98購04  ,0,0,0,0,0,0,0,0,0,20000,0,0,0,64000,44000,20000,20000
04596P,臺股指元大94售14,0,0,0,0,0,0,0,0,0,20000,0,0,0,20000,0,20000,20000
04314P,聯茂元富93售01  ,0,0,0,0,0,0,0,0,0,20000,0,0,0,29000,9000,20000,20000
043396,世紀鋼元大93購01,0,0,0,0,0,0,0,0,0,20000,0,0,0,21000,1000,20000,20000
045586,創意元大93購03  ,0,0,0,0,0,0,0,0,0,20000,0,0,0,20000,0,20000,20000
04559P,華通凱基94售03  ,0,0,0,0,0,0,0,0,0,20000,0,0,0,40000,20000,20000,20000
045626,上銀凱基93購05  ,0,0,0,0,0,0,0,0,0,20000,0,0,0,30000,10000,20000,20000
045869,滬深2X元富95購01,0,0,0,0,0,0,0,0,0,20000,0,0,0,20000,0,20000,20000
04583P,滬深2X永豐94售06,0,0,0,0,0,0,0,0,0,20000,0,0,0,20000,0,20000,20000
045855,緯穎富邦93購01  ,0,0,0,0,0,0,0,0,0,20000,0,0,0,20000,0,20000,20000
045856,南亞科國泰94購01,0,0,0,0,0,0,0,0,0,20000,0,0,0,20000,0,20000,20000
03678P,欣興元大92售09  ,0,0,0,0,0,0,0,0,0,20000,0,0,0,20000,0,20000,20000
03689P,TPK元富93售01   ,0,0,0,0,0,0,0,0,0,20000,0,0,0,20000,0,20000,20000
03557P,欣興元大02售17  ,0,0,0,0,0,0,0,0,0,20000,0,0,0,20000,0,20000,20000
04264P,宏碁統一93售01  ,0,0,0,0,0,0,0,0,0,20000,0,0,0,20000,0,20000,20000
04253P,聯發科元富93售01,0,0,0,0,0,0,0,0,0,20000,0,0,0,20000,0,20000,20000
04171P,旺宏凱基93售07  ,0,0,0,0,0,0,0,0,0,20000,0,0,0,20000,0,20000,20000
046687,TPK國票93購01   ,0,0,0,0,0,0,0,0,0,20000,0,0,0,20000,0,20000,20000
046826,統一群益94購01  ,0,0,0,0,0,0,0,0,0,20000,0,0,0,20000,0,20000,20000
046756,廣達凱基93購01  ,0,0,0,0,0,0,0,0,0,20000,0,0,0,80000,60000,20000,20000
046921,日電貿永豐93購01,0,0,0,0,0,0,0,0,0,20000,0,0,0,20000,0,20000,20000
046856,健鼎元大93購01  ,0,0,0,0,0,0,0,0,0,20000,0,0,0,20000,0,20000,20000
046956,矽力國票93購01  ,0,0,0,0,0,0,0,0,0,20000,0,0,0,20000,0,20000,20000
047595,元石油元富97購01,0,0,0,0,0,0,0,0,0,20000,0,0,0,20000,0,20000,20000
048660,台積電統一93購09,0,0,0,0,0,0,0,0,0,20000,0,0,0,20000,0,20000,20000
048642,聯發科元大94購02,0,0,0,0,0,0,0,0,0,20000,0,0,0,20000,0,20000,20000
047516,深中小第一93購01,0,0,0,0,0,0,0,0,0,20000,0,0,0,20000,0,20000,20000
047547,友達凱基99購02  ,0,0,0,0,0,0,0,0,0,20000,0,0,0,22000,2000,20000,20000
046348,嘉澤兆豐93購01  ,0,0,0,0,0,0,0,0,0,20000,0,0,0,30000,10000,20000,20000
046375,友達凱基98購01  ,0,0,0,0,0,0,0,0,0,20000,0,0,0,26000,6000,20000,20000
048225,全新凱基93購03  ,0,0,0,0,0,0,0,0,0,20000,0,0,0,20000,0,20000,20000
048147,元油反元富95購01,0,0,0,0,0,0,0,0,0,20000,0,0,0,20000,0,20000,20000
048610,華新科凱基94購04,0,0,0,0,0,0,0,0,0,20000,0,0,0,40000,20000,20000,20000
048584,欣興富邦95購01  ,0,0,0,0,0,0,0,0,0,20000,0,0,0,39000,19000,20000,20000
051004,台新金中信95購02,0,0,0,0,0,0,0,0,0,20000,0,0,0,20000,0,20000,20000
051008,大立光麥證95購01,0,0,0,20000,0,20000,0,0,0,20000,0,0,0,20000,0,20000,20000
049250,華通元大95購04  ,0,0,0,0,0,0,0,0,0,20000,0,0,0,62000,42000,20000,20000
04929P,同欣電凱基95售01,0,0,0,0,0,0,0,0,0,20000,0,0,0,30000,10000,20000,20000
051193,新日興兆豐96購01,0,0,0,0,0,0,0,0,0,20000,0,0,0,20000,0,20000,20000
050823,信邦凱基95購01  ,0,0,0,0,0,0,0,0,0,20000,0,0,0,20000,0,20000,20000
047780,友達中信96購01  ,0,0,0,0,0,0,0,0,0,20000,0,0,0,40000,20000,20000,20000
047707,南亞科凱基93購03,0,0,0,0,0,0,0,0,0,20000,0,0,0,20000,0,20000,20000
047725,廣達群益93購01  ,0,0,0,0,0,0,0,0,0,20000,0,0,0,20000,0,20000,20000
047740,樺漢永豐93購01  ,0,0,0,0,0,0,0,0,0,20000,0,0,0,20000,0,20000,20000
047737,義隆麥證94購01  ,0,0,0,20000,0,20000,0,0,0,20000,0,0,0,20000,0,20000,20000
050628,美律中信94購02  ,0,0,0,0,0,0,0,0,0,20000,0,0,0,30000,10000,20000,20000
050710,元黃金中信96購01,0,0,0,0,0,0,0,0,0,20000,0,0,0,20000,0,20000,20000
04970P,中環元富94售02  ,0,0,0,0,0,0,0,0,0,20000,0,0,0,20000,0,20000,20000
049704,羅麗芬元大95購01,0,0,0,0,0,0,0,0,0,20000,0,0,0,20000,0,20000,20000
050765,鴻海元大96購02  ,0,0,0,0,0,0,0,0,0,20000,0,0,0,464000,444000,20000,20000
052085,聯電元大95購01  ,0,0,0,0,0,0,0,0,0,20000,0,0,0,45000,25000,20000,20000
052311,台積電富邦95購09,0,0,0,0,0,0,0,0,0,20000,0,0,0,20000,0,20000,20000
05222P,致伸凱基95售02  ,0,0,0,0,0,0,0,0,0,20000,0,0,0,50000,30000,20000,20000
052258,滬深2X富邦96購04,0,0,0,0,0,0,0,0,0,20000,0,0,0,20000,0,20000,20000
052338,道瓊反凱基97購02,0,0,0,0,0,0,0,0,0,20000,0,0,0,20000,0,20000,20000
049837,臺股指凱基96購02,0,0,0,0,0,0,0,0,0,20000,0,0,0,30000,10000,20000,20000
049792,元油2X元大94購08,0,0,0,0,0,0,0,0,0,20000,0,0,0,20000,0,20000,20000
049762,華邦電國泰95購01,0,0,0,0,0,0,0,0,0,20000,0,0,0,58000,38000,20000,20000
049938,臺股指元大94購19,0,0,0,0,0,0,0,0,0,20000,0,0,0,20000,0,20000,20000
04988P,楠梓電元大94售01,0,0,0,0,0,0,0,0,0,20000,0,0,0,20000,0,20000,20000
05043P,佳世達元富95售01,0,0,0,0,0,0,0,0,0,20000,0,0,0,20000,0,20000,20000
050458,台郡元大94購03  ,0,0,0,0,0,0,0,0,0,20000,0,0,0,20000,0,20000,20000
050085,國泰金元富94購01,0,0,0,0,0,0,0,0,0,20000,0,0,0,20000,0,20000,20000
050404,元大金麥證94購01,0,0,0,40000,20000,20000,0,0,0,20000,0,0,0,40000,20000,20000,20000
050091,喬山永豐94購02  ,0,60000,-60000,0,0,0,0,0,0,80000,0,0,0,122000,42000,80000,20000
050028,華新科元大94購03,0,0,0,0,0,0,0,0,0,20000,0,0,0,27000,7000,20000,20000
04998P,京元電永豐95售01,0,0,0,0,0,0,0,0,0,20000,0,0,0,20000,0,20000,20000
048793,超眾元大95購02  ,0,0,0,0,0,0,0,0,0,20000,0,0,0,20000,0,20000,20000
049568,台積電統一94購08,0,0,0,0,0,0,0,0,0,20000,0,0,0,35000,15000,20000,20000
051108,鴻海統一96購02  ,0,0,0,0,0,0,0,0,0,20000,0,0,0,20000,0,20000,20000
049187,義隆台新94購01  ,0,0,0,0,0,0,0,0,0,20000,0,0,0,20000,0,20000,20000
049194,卜蜂永豐94購01  ,0,0,0,0,0,0,0,0,0,20000,0,0,0,20000,0,20000,20000
049172,鴻海凱基94購14  ,0,0,0,0,0,0,0,0,0,20000,0,0,0,48000,28000,20000,20000
049501,台郡元大95購01  ,0,0,0,0,0,0,0,0,0,20000,0,0,0,20000,0,20000,20000
050386,智伸科國票94購01,0,0,0,0,0,0,0,0,0,20000,0,0,0,20000,0,20000,20000
04938P,亞德客國票95售01,0,0,0,0,0,0,0,0,0,20000,0,0,0,30000,10000,20000,20000
049413,台達電凱基94購06,0,0,0,0,0,0,0,0,0,20000,0,0,0,20000,0,20000,20000
05031P,台光電元富95售01,0,0,0,0,0,0,0,0,0,20000,0,0,0,20000,0,20000,20000
048821,光磊凱基95購01  ,0,0,0,0,0,0,0,0,0,20000,0,0,0,50000,30000,20000,20000
048822,燿華凱基94購03  ,0,0,0,0,0,0,0,0,0,20000,0,0,0,40000,20000,20000,20000
048845,GIS凱基94購02   ,0,0,0,0,0,0,0,0,0,20000,0,0,0,20000,0,20000,20000
050846,緯創國票96購01  ,0,0,0,0,0,0,0,0,0,20000,0,0,0,20000,0,20000,20000
05089P,亞德客元大95售01,0,0,0,0,0,0,0,0,0,20000,0,0,0,20000,0,20000,20000
050945,致茂群益95購01  ,0,0,0,0,0,0,0,0,0,20000,0,0,0,137000,117000,20000,20000
051421,彩晶國票95購01  ,0,0,0,0,0,0,0,0,0,20000,0,0,0,20000,0,20000,20000
051378,奇力新群益95購01,0,0,0,0,0,0,0,0,0,20000,0,0,0,36000,16000,20000,20000
051415,晶技國票96購01  ,0,0,0,0,0,0,0,0,0,20000,0,0,0,20000,0,20000,20000
051479,兆豐金凱基95購01,0,0,0,0,0,0,0,0,0,20000,0,0,0,40000,20000,20000,20000
051276,SGBR2X中信97購01,0,0,0,0,0,0,0,0,0,20000,0,0,0,20000,0,20000,20000
051607,緯創群益96購02  ,0,0,0,0,0,0,0,0,0,20000,0,0,0,20000,0,20000,20000
050234,國巨凱基94購10  ,0,0,0,0,0,0,0,0,0,20000,0,0,0,136000,116000,20000,20000
051785,臻鼎兆豐96購01  ,0,0,0,0,0,0,0,0,0,20000,0,0,0,24000,4000,20000,20000
051848,元金2X中信98購02,0,0,0,0,0,0,0,0,0,20000,0,0,0,20000,0,20000,20000
051699,世紀鋼麥證95購01,0,0,0,30000,10000,20000,0,0,0,20000,0,0,0,30000,10000,20000,20000
049336,台達電統一94購02,0,0,0,0,0,0,0,0,0,20000,0,0,0,20000,0,20000,20000
049337,台達電統一94購03,0,0,0,0,0,0,0,0,0,20000,0,0,0,20000,0,20000,20000
054600,中壽台新97購01  ,0,0,0,0,0,0,0,0,0,20000,0,0,0,30000,10000,20000,20000
054528,台光電統一96購02,0,0,0,0,0,0,0,0,0,20000,0,0,0,20000,0,20000,20000
05467P,聯電元大95售02  ,0,0,0,0,0,0,0,0,0,20000,0,0,0,27000,7000,20000,20000
054736,南亞科凱基98購01,0,0,0,0,0,0,0,0,0,20000,0,0,0,132000,112000,20000,20000
053867,創意元大96購04  ,0,0,0,0,0,0,0,0,0,20000,0,0,0,50000,30000,20000,20000
054051,貿聯元大97購03  ,0,0,0,0,0,0,0,0,0,20000,0,0,0,58000,38000,20000,20000
054034,景碩中信96購01  ,0,0,0,0,0,0,0,0,0,20000,0,0,0,20000,0,20000,20000
054333,茂林永豐96購03  ,0,0,0,0,0,0,0,0,0,20000,0,0,0,20000,0,20000,20000
054109,南亞科凱基96購05,0,0,0,0,0,0,0,0,0,20000,0,0,0,20000,0,20000,20000
054149,達方元大96購01  ,0,0,0,0,0,0,0,0,0,20000,0,0,0,150000,130000,20000,20000
054180,亞泥康和96購01  ,0,0,0,0,0,0,0,0,0,20000,0,0,0,88000,68000,20000,20000
053150,聯發科元大96購11,0,0,0,0,0,0,0,0,0,20000,0,0,0,40000,20000,20000,20000
053572,彩晶統一96購01  ,0,0,0,0,0,0,0,0,0,20000,0,0,0,519000,499000,20000,20000
053588,聯發科元大97購07,0,0,0,0,0,0,0,0,0,20000,0,0,0,120000,100000,20000,20000
053502,智伸科兆豐97購01,0,0,0,0,0,0,0,0,0,20000,0,0,0,20000,0,20000,20000
053535,宏達電永豐96購02,0,0,0,0,0,0,0,0,0,20000,0,0,0,29000,9000,20000,20000
053424,欣興永豐96購02  ,0,0,0,0,0,0,0,0,0,20000,0,0,0,28000,8000,20000,20000
053741,漢唐國票97購03  ,0,0,0,0,0,0,0,0,0,20000,0,0,0,20000,0,20000,20000
05250P,臻鼎國票96售01  ,0,0,0,0,0,0,0,0,0,20000,0,0,0,29000,9000,20000,20000
052579,亞泥元富96購01  ,0,0,0,0,0,0,0,0,0,20000,0,0,0,20000,0,20000,20000
052604,建準元大97購01  ,0,0,0,0,0,0,0,0,0,20000,0,0,0,20000,0,20000,20000
05260P,和碩元富95售02  ,0,0,0,0,0,0,0,0,0,20000,0,0,0,40000,20000,20000,20000
052751,臺股指元大96購05,0,0,0,0,0,0,0,0,0,20000,0,0,0,30000,10000,20000,20000
052990,超眾元大97購01  ,0,0,0,0,0,0,0,0,0,20000,0,0,0,29000,9000,20000,20000
053003,國巨永豐96購02  ,0,0,0,0,0,0,0,0,0,20000,0,0,0,40000,20000,20000,20000
06406P,可成元富97售04  ,0,0,0,0,0,0,0,0,0,20000,0,0,0,30000,10000,20000,20000
06433P,大立光群益99售01,0,0,0,0,0,0,0,0,0,20000,0,0,0,30000,10000,20000,20000
06487P,聯發科統一99售02,0,0,0,0,0,0,0,0,0,20000,0,0,0,20000,0,20000,20000
06125P,楠梓電元富99售01,0,0,0,0,0,0,0,0,0,20000,0,0,0,26000,6000,20000,20000
06134P,緯穎元富97售03  ,0,0,0,0,0,0,0,0,0,20000,0,0,0,20000,0,20000,20000
05990P,台積電群益96售13,0,0,0,0,0,0,0,0,0,20000,0,0,0,20000,0,20000,20000
06255P,臺股指群益97售08,0,0,0,0,0,0,0,0,0,20000,0,0,0,35000,15000,20000,20000
06186P,鴻海統一97售02  ,0,0,0,0,0,0,0,0,0,20000,0,0,0,20000,0,20000,20000
06175P,台積電元大97售21,0,0,0,0,0,0,0,0,0,20000,0,0,0,20000,0,20000,20000
05893P,國巨兆豐96售04  ,0,0,0,0,0,0,0,0,0,20000,0,0,0,20000,0,20000,20000
05837P,臺股指富邦96售04,0,0,0,0,0,0,0,0,0,20000,0,0,0,20000,0,20000,20000
05815P,台積電凱基97售06,0,0,0,0,0,0,0,0,0,20000,0,0,0,130000,110000,20000,20000
05782P,聯詠元富96售02  ,0,0,0,0,0,0,0,0,0,20000,0,0,0,20000,0,20000,20000
057543,華通凱基99購02  ,0,0,0,0,0,0,0,0,0,20000,0,0,0,43000,23000,20000,20000
2748,雲品            ,20000,0,20000,0,0,0,0,0,0,0,0,0,0,0,0,0,20000
3062,建漢            ,197000,177000,20000,0,0,0,0,0,0,0,0,0,0,0,0,0,20000
3015,全漢            ,27000,8000,19000,0,0,0,0,0,0,1000,1000,0,1000,0,0,0,20000
055078,亞泥中信98購01  ,0,0,0,0,0,0,0,0,0,19000,0,0,0,19000,0,19000,19000
055054,群光永豐97購01  ,0,0,0,0,0,0,0,0,0,19000,0,0,0,20000,1000,19000,19000
055290,玉晶光元大98購08,0,0,0,0,0,0,0,0,0,19000,0,0,0,26000,7000,19000,19000
05555P,健策群益98售01  ,0,0,0,0,0,0,0,0,0,19000,0,0,0,24000,5000,19000,19000
055944,日月光麥證97購01,0,0,0,20000,1000,19000,0,0,0,19000,0,0,0,20000,1000,19000,19000
057059,易華電元大99購01,0,0,0,0,0,0,0,0,0,19000,0,0,0,19000,0,19000,19000
04848P,康控凱基94售02  ,0,0,0,0,0,0,0,0,0,19000,0,0,0,19000,0,19000,19000
04815P,致伸元大94售04  ,0,0,0,0,0,0,0,0,0,19000,0,0,0,19000,0,19000,19000
048245,台積電兆豐93購07,0,0,0,0,0,0,0,0,0,19000,0,0,0,52000,33000,19000,19000
00700,富邦恒生國企    ,0,0,0,0,0,0,0,0,0,19000,0,0,0,116000,97000,19000,19000
04022P,群創元富96售04  ,0,0,0,0,0,0,0,0,0,19000,0,0,0,209000,190000,19000,19000
045695,英業達兆豐93購01,0,0,0,0,0,0,0,0,0,19000,0,0,0,20000,1000,19000,19000
043912,華新科凱基93購01,0,0,0,0,0,0,0,0,0,19000,0,0,0,20000,1000,19000,19000
044247,道瓊反元富97購01,0,0,0,0,0,0,0,0,0,19000,0,0,0,20000,1000,19000,19000
044216,華新科凱基93購02,0,0,0,0,0,0,0,0,0,19000,0,0,0,20000,1000,19000,19000
051741,可成國票97購01  ,0,0,0,0,0,0,0,0,0,19000,0,0,0,29000,10000,19000,19000
051585,美食元大95購01  ,0,0,0,0,0,0,0,0,0,19000,0,0,0,20000,1000,19000,19000
050978,鴻海元富95購03  ,0,0,0,0,0,0,0,0,0,19000,0,0,0,60000,41000,19000,19000
050897,嘉晶元大95購03  ,0,0,0,0,0,0,0,0,0,19000,0,0,0,188000,169000,19000,19000
048986,訊連元大94購01  ,0,0,0,0,0,0,0,0,0,19000,0,0,0,20000,1000,19000,19000
048974,日電貿元大94購01,0,0,0,0,0,0,0,0,0,19000,0,0,0,65000,46000,19000,19000
049457,彩晶統一94購02  ,0,0,0,0,0,0,0,0,0,19000,0,0,0,19000,0,19000,19000
051052,台積電群益95購01,0,0,0,0,0,0,0,0,0,19000,0,0,0,31000,12000,19000,19000
049802,可成元大94購10  ,0,0,0,0,0,0,0,0,0,19000,0,0,0,68000,49000,19000,19000
053037,國巨凱基96購08  ,0,0,0,0,0,0,0,0,0,19000,0,0,0,43000,24000,19000,19000
053353,玉晶光兆豐97購03,0,0,0,0,0,0,0,0,0,19000,0,0,0,31000,12000,19000,19000
054344,景碩國票97購04  ,0,0,0,0,0,0,0,0,0,19000,0,0,0,30000,11000,19000,19000
053928,智易國票97購03  ,0,0,0,0,0,0,0,0,0,19000,0,0,0,19000,0,19000,19000
054771,茂林國票98購02  ,0,0,0,0,0,0,0,0,0,19000,0,0,0,31000,12000,19000,19000
054720,禾伸堂永豐97購01,0,0,0,0,0,0,0,0,0,19000,0,0,0,20000,1000,19000,19000
054588,玉晶光國泰99購02,0,0,0,0,0,0,0,0,0,19000,0,0,0,31000,12000,19000,19000
2850,新產            ,37000,18000,19000,0,0,0,0,0,0,0,0,0,0,0,0,0,19000
5007,三星            ,22000,3000,19000,0,0,0,0,0,0,0,0,0,0,0,0,0,19000
8374,羅昇            ,21000,2000,19000,0,0,0,0,0,0,0,0,0,0,0,0,0,19000
9943,好樂迪          ,21000,2000,19000,0,0,0,0,0,0,0,0,0,0,0,0,0,19000
06006P,欣興永豐96售04  ,0,0,0,0,0,0,0,0,0,19000,0,0,0,99000,80000,19000,19000
056935,華新科元富98購02,0,0,0,0,0,0,0,0,0,18000,0,0,0,38000,20000,18000,18000
057472,T50正2元大9B購03,0,0,0,0,0,0,0,0,0,18000,0,0,0,18000,0,18000,18000
055934,景碩群益98購03  ,0,0,0,0,0,0,0,0,0,18000,0,0,0,21000,3000,18000,18000
055619,同欣電國票98購02,0,0,0,0,0,0,0,0,0,18000,0,0,0,18000,0,18000,18000
055426,旺宏群益99購02  ,0,0,0,0,0,0,0,0,0,18000,0,0,0,228000,210000,18000,18000
055361,樺漢凱基97購01  ,0,0,0,0,0,0,0,0,0,18000,0,0,0,39000,21000,18000,18000
03857P,聯發科元富99售02,0,0,0,0,0,0,0,0,0,18000,0,0,0,30000,12000,18000,18000
00661,元大日經225     ,0,0,0,0,0,0,0,0,0,18000,0,0,0,20000,2000,18000,18000
04188P,康控元富93售03  ,0,0,0,0,0,0,0,0,0,18000,0,0,0,24000,6000,18000,18000
04267P,康控元富93售04  ,0,0,0,0,0,0,0,0,0,18000,0,0,0,24000,6000,18000,18000
048521,華通統一93購05  ,0,0,0,0,0,0,0,0,0,18000,0,0,0,18000,0,18000,18000
051967,康友永豐95購02  ,0,0,0,0,0,0,0,0,0,18000,0,0,0,20000,2000,18000,18000
05084P,嘉聯益永豐95售02,0,0,0,0,0,0,0,0,0,18000,0,0,0,71000,53000,18000,18000
054437,欣興台新97購02  ,0,0,0,0,0,0,0,0,0,18000,0,0,0,43000,25000,18000,18000
054519,禾伸堂元大97購02,0,0,0,0,0,0,0,0,0,18000,0,0,0,147000,129000,18000,18000
053942,超眾國泰96購02  ,0,0,0,0,0,0,0,0,0,18000,0,0,0,19000,1000,18000,18000
054418,茂林元大97購01  ,0,0,0,0,0,0,0,0,0,18000,0,0,0,93000,75000,18000,18000
05307P,光寶科中信95售01,0,0,0,0,0,0,0,0,0,18000,0,0,0,58000,40000,18000,18000
052978,貿聯麥證97購01  ,0,0,0,20000,2000,18000,0,0,0,18000,0,0,0,20000,2000,18000,18000
06081P,深中小元大97售02,0,0,0,0,0,0,0,0,0,18000,0,0,0,138000,120000,18000,18000
05783P,嘉澤元富96售01  ,0,0,0,0,0,0,0,0,0,18000,0,0,0,66000,48000,18000,18000
06374P,台表科元大97售06,0,0,0,0,0,0,0,0,0,18000,0,0,0,48000,30000,18000,18000
06641P,智邦兆豐99售01  ,0,0,0,0,0,0,0,0,0,18000,0,0,0,18000,0,18000,18000
06666P,台積電日盛9A售02,0,0,0,0,0,0,0,0,0,18000,0,0,0,143000,125000,18000,18000
1340,勝悅-KY         ,19000,1000,18000,0,0,0,0,0,0,0,0,0,0,0,0,0,18000
2832,台產            ,80000,62000,18000,0,0,0,0,0,0,0,0,0,0,0,0,0,18000
2514,龍邦            ,33000,15000,18000,0,0,0,0,0,0,0,0,0,0,0,0,0,18000
3209,全科            ,26000,16000,10000,0,0,0,0,0,0,8000,8000,0,8000,0,0,0,18000
6024,群益期          ,42000,24900,17100,0,0,0,0,0,0,0,0,0,0,0,0,0,17100
055333,晶豪科兆豐97購01,0,0,0,0,0,0,0,0,0,17000,0,0,0,17000,0,17000,17000
055176,大毅統一98購02  ,0,0,0,0,0,0,0,0,0,17000,0,0,0,34000,17000,17000,17000
055730,建準元富97購02  ,0,0,0,0,0,0,0,0,0,17000,0,0,0,17000,0,17000,17000
057268,臻鼎兆豐99購01  ,0,0,0,0,0,0,0,0,0,17000,0,0,0,326000,309000,17000,17000
056938,泰碩元富98購01  ,0,0,0,0,0,0,0,0,0,17000,0,0,0,17000,0,17000,17000
057000,亞德客國票99購01,0,0,0,0,0,0,0,0,0,17000,0,0,0,57000,40000,17000,17000
047917,台積電凱基94購01,0,0,0,0,0,0,0,0,0,17000,0,0,0,18000,1000,17000,17000
044988,玉晶光統一95購01,0,0,0,0,0,0,0,0,0,17000,0,0,0,96000,79000,17000,17000
048391,友訊國票94購01  ,0,0,0,0,0,0,0,0,0,17000,0,0,0,192000,175000,17000,17000
048746,台達電元富94購01,0,0,0,0,0,0,0,0,0,17000,0,0,0,53000,36000,17000,17000
049631,臺股指群益94購04,0,0,0,0,0,0,0,0,0,17000,0,0,0,17000,0,17000,17000
053352,義隆兆豐96購01  ,0,0,0,0,0,0,0,0,0,17000,0,0,0,27000,10000,17000,17000
053621,臺股指群益96購07,0,0,0,0,0,0,0,0,0,17000,0,0,0,23000,6000,17000,17000
054328,台化康和96購01  ,0,0,0,0,0,0,0,0,0,17000,0,0,0,17000,0,17000,17000
05487P,台表科凱基95售02,0,0,0,0,0,0,0,0,0,17000,0,0,0,45000,28000,17000,17000
3698,隆達            ,228000,81000,147000,0,0,0,0,0,0,-130000,5000,134000,-129000,0,1000,-1000,17000
3033,威健            ,39000,23000,16000,0,0,0,0,0,0,1000,1000,0,1000,0,0,0,17000
2471,資通            ,20000,3000,17000,0,0,0,0,0,0,0,0,0,0,0,0,0,17000
9930,中聯資源        ,19000,2000,17000,0,0,0,0,0,0,0,0,0,0,0,0,0,17000
1592,英瑞-KY         ,27000,10000,17000,0,0,0,0,0,0,0,0,0,0,0,0,0,17000
2358,廷鑫            ,20000,3000,17000,0,0,0,0,0,0,0,0,0,0,0,0,0,17000
06568P,國巨永豐98售05  ,0,0,0,0,0,0,0,0,0,17000,0,0,0,17000,0,17000,17000
05891P,聯發科中信98售03,0,0,0,0,0,0,0,0,0,17000,0,0,0,60000,43000,17000,17000
057076,緯穎永豐98購01  ,0,0,0,0,0,0,0,0,0,16000,0,0,0,88000,72000,16000,16000
056800,臺股指麥證98購01,0,0,0,20000,4000,16000,0,0,0,16000,0,0,0,20000,4000,16000,16000
056589,康控統一98購01  ,0,0,0,0,0,0,0,0,0,16000,0,0,0,16000,0,16000,16000
056386,TPK國泰99購01   ,0,0,0,0,0,0,0,0,0,16000,0,0,0,98000,82000,16000,16000
055724,祥碩元大97購03  ,0,0,0,0,0,0,0,0,0,16000,0,0,0,32000,16000,16000,16000
05599P,欣興台新96售01  ,0,0,0,0,0,0,0,0,0,16000,0,0,0,16000,0,16000,16000
05606P,TPK國票97售02   ,0,0,0,0,0,0,0,0,0,16000,0,0,0,16000,0,16000,16000
056115,奇力新群益97購06,0,0,0,0,0,0,0,0,0,16000,0,0,0,167000,151000,16000,16000
055594,華新科元大98購02,0,0,0,0,0,0,0,0,0,16000,0,0,0,16000,0,16000,16000
047942,華新科國票94購04,0,0,0,0,0,0,0,0,0,16000,0,0,0,16000,0,16000,16000
048567,台郡元大93購03  ,0,0,0,0,0,0,0,0,0,16000,0,0,0,20000,4000,16000,16000
046521,台郡元大92購06  ,0,0,0,0,0,0,0,0,0,16000,0,0,0,20000,4000,16000,16000
049632,臺股指群益94購05,0,0,0,0,0,0,0,0,0,16000,0,0,0,16000,0,16000,16000
048782,亞泥元大94購01  ,0,0,0,0,0,0,0,0,0,16000,0,0,0,22000,6000,16000,16000
051899,欣興國泰97購01  ,0,0,0,0,0,0,0,0,0,16000,0,0,0,31000,15000,16000,16000
049693,可成元大94購08  ,0,0,0,0,0,0,0,0,0,16000,0,0,0,16000,0,16000,16000
052095,彩晶元大97購01  ,0,0,0,0,0,0,0,0,0,16000,0,0,0,18000,2000,16000,16000
051434,中磊元富95購02  ,0,0,0,0,0,0,0,0,0,16000,0,0,0,26000,10000,16000,16000
048836,牧德凱基94購03  ,0,0,0,0,0,0,0,0,0,16000,0,0,0,27000,11000,16000,16000
050333,鴻海國泰96購06  ,0,0,0,0,0,0,0,0,0,16000,0,0,0,16000,0,16000,16000
049508,上銀凱基94購04  ,0,0,0,0,0,0,0,0,0,16000,0,0,0,20000,4000,16000,16000
049046,同欣電兆豐94購01,0,0,0,0,0,0,0,0,0,16000,0,0,0,26000,10000,16000,16000
049108,玉晶光富邦96購02,0,0,0,0,0,0,0,0,0,16000,0,0,0,56000,40000,16000,16000
054944,精元元大97購01  ,0,0,0,0,0,0,0,0,0,16000,0,0,0,16000,0,16000,16000
05429P,鴻海統一95售16  ,0,0,0,0,0,0,0,0,0,16000,0,0,0,41000,25000,16000,16000
054369,鴻海中信9C購01  ,0,0,0,0,0,0,0,0,0,16000,0,0,0,65000,49000,16000,16000
053539,智易永豐96購01  ,0,0,0,0,0,0,0,0,0,16000,0,0,0,16000,0,16000,16000
053378,台積電元大98購02,0,0,0,0,0,0,0,0,0,16000,0,0,0,292000,276000,16000,16000
053282,彩晶元大9C購01  ,0,0,0,0,0,0,0,0,0,16000,0,0,0,16000,0,16000,16000
052967,智邦群益96購01  ,0,0,0,0,0,0,0,0,0,16000,0,0,0,70000,54000,16000,16000
052637,欣興凱基97購01  ,0,0,0,0,0,0,0,0,0,16000,0,0,0,82000,66000,16000,16000
06590P,大立光元大98售13,0,0,0,0,0,0,0,0,0,16000,0,0,0,21000,5000,16000,16000
06661P,玉晶光永豐98售05,0,0,0,0,0,0,0,0,0,16000,0,0,0,16000,0,16000,16000
06435P,臺股指群益98售02,0,0,0,0,0,0,0,0,0,16000,0,0,0,16000,0,16000,16000
06503P,臺股指中信9A售02,0,0,0,0,0,0,0,0,0,16000,0,0,0,16000,0,16000,16000
1325,恆大            ,23000,7000,16000,0,0,0,0,0,0,0,0,0,0,0,0,0,16000
2636,台驊投控        ,28000,12000,16000,0,0,0,0,0,0,0,0,0,0,0,0,0,16000
5907,大洋-KY         ,35000,19000,16000,0,0,0,0,0,0,0,0,0,0,0,0,0,16000
8033,雷虎            ,16000,0,16000,0,0,0,0,0,0,0,0,0,0,0,0,0,16000
1598,岱宇            ,40000,24468,15532,0,0,0,0,0,0,0,0,0,0,0,0,0,15532
055077,臺股指永豐97購02,0,0,0,0,0,0,0,0,0,15000,0,0,0,80000,65000,15000,15000
055995,華擎國泰99購01  ,0,0,0,0,0,0,0,0,0,15000,0,0,0,29000,14000,15000,15000
056385,創意國泰99購01  ,0,0,0,0,0,0,0,0,0,15000,0,0,0,15000,0,15000,15000
056677,智伸科元富98購01,0,0,0,0,0,0,0,0,0,15000,0,0,0,65000,50000,15000,15000
056873,友達凱基98購07  ,0,0,0,0,0,0,0,0,0,15000,0,0,0,15000,0,15000,15000
057072,日月光永豐98購01,0,0,0,0,0,0,0,0,0,15000,0,0,0,58000,43000,15000,15000
056993,GIS兆豐99購01   ,0,0,0,0,0,0,0,0,0,15000,0,0,0,314000,299000,15000,15000
048547,訊芯永豐93購03  ,0,0,0,0,0,0,0,0,0,15000,0,0,0,15000,0,15000,15000
047924,可成凱基93購10  ,0,0,0,0,0,0,0,0,0,15000,0,0,0,15000,0,15000,15000
04782P,智伸科統一96售01,0,0,0,0,0,0,0,0,0,15000,0,0,0,15000,0,15000,15000
047013,超眾元富96購01  ,0,0,0,0,0,0,0,0,0,15000,0,0,0,15000,0,15000,15000
051164,鴻海元大95購05  ,0,0,0,0,0,0,0,0,0,15000,0,0,0,15000,0,15000,15000
044972,元金2X國票96購01,0,0,0,0,0,0,0,0,0,15000,0,0,0,15000,0,15000,15000
044188,超眾國泰93購01  ,0,0,0,0,0,0,0,0,0,15000,0,0,0,15000,0,15000,15000
04417P,光罩國泰95售02  ,0,0,0,0,0,0,0,0,0,15000,0,0,0,15000,0,15000,15000
041427,滬深2X國票93購01,0,0,0,0,0,0,0,0,0,15000,0,0,0,15000,0,15000,15000
03266P,寶成國票04售01  ,0,0,0,0,0,0,0,0,0,15000,0,0,0,15000,0,15000,15000
045447,鴻海國泰94購02  ,0,0,0,0,0,0,0,0,0,15000,0,0,0,16000,1000,15000,15000
045883,元油2X元大95購07,0,0,0,0,0,0,0,0,0,15000,0,0,0,15000,0,15000,15000
049170,亞德客凱基94購01,0,0,0,0,0,0,0,0,0,15000,0,0,0,48000,33000,15000,15000
049234,可成統一94購02  ,0,0,0,0,0,0,0,0,0,15000,0,0,0,15000,0,15000,15000
050396,欣興元富94購02  ,0,0,0,0,0,0,0,0,0,15000,0,0,0,300000,285000,15000,15000
048955,慧洋康和94購01  ,0,0,0,0,0,0,0,0,0,15000,0,0,0,15000,0,15000,15000
04889P,華通元大94售03  ,0,0,0,0,0,0,0,0,0,15000,0,0,0,15000,0,15000,15000
051197,光寶科麥證95購01,0,0,0,35000,20000,15000,0,0,0,15000,0,0,0,35000,20000,15000,15000
049384,致伸元大94購02  ,0,0,0,0,0,0,0,0,0,15000,0,0,0,25000,10000,15000,15000
051367,可成富邦97購01  ,0,0,0,0,0,0,0,0,0,15000,0,0,0,902000,887000,15000,15000
050906,臺股指元大95購13,0,0,0,0,0,0,0,0,0,15000,0,0,0,20000,5000,15000,15000
050907,臺股指元大95購14,0,0,0,0,0,0,0,0,0,15000,0,0,0,55000,40000,15000,15000
050188,貿聯元大96購01  ,0,0,0,0,0,0,0,0,0,15000,0,0,0,51000,36000,15000,15000
052035,臺股指群益95購08,0,0,0,0,0,0,0,0,0,15000,0,0,0,15000,0,15000,15000
049663,正崴永豐94購01  ,0,0,0,0,0,0,0,0,0,15000,0,0,0,15000,0,15000,15000
051526,超眾凱基95購02  ,0,0,0,0,0,0,0,0,0,15000,0,0,0,38000,23000,15000,15000
052622,貿聯兆豐97購01  ,0,0,0,0,0,0,0,0,0,15000,0,0,0,20000,5000,15000,15000
052537,力成富邦95購01  ,0,0,0,0,0,0,0,0,0,15000,0,0,0,15000,0,15000,15000
052413,上証反中信97購01,0,0,0,0,0,0,0,0,0,15000,0,0,0,15000,0,15000,15000
052915,創意元富96購01  ,0,0,0,0,0,0,0,0,0,15000,0,0,0,15000,0,15000,15000
052778,智原國票97購01  ,0,0,0,0,0,0,0,0,0,15000,0,0,0,15000,0,15000,15000
05287P,鴻海元富95售09  ,0,0,0,0,0,0,0,0,0,15000,0,0,0,107000,92000,15000,15000
052832,益航群益96購01  ,0,0,0,0,0,0,0,0,0,15000,0,0,0,25000,10000,15000,15000
053252,華邦電國泰98購01,0,0,0,0,0,0,0,0,0,15000,0,0,0,15000,0,15000,15000
053241,元油反國票9A購01,0,0,0,0,0,0,0,0,0,15000,0,0,0,15000,0,15000,15000
053669,台積電統一96購08,0,0,0,0,0,0,0,0,0,15000,0,0,0,15000,0,15000,15000
054214,京鼎國票97購02  ,0,0,0,0,0,0,0,0,0,15000,0,0,0,55000,40000,15000,15000
054933,南港元大97購01  ,0,0,0,0,0,0,0,0,0,15000,0,0,0,15000,0,15000,15000
05489P,臺股指凱基95售22,0,0,0,0,0,0,0,0,0,15000,0,0,0,15000,0,15000,15000
05470P,康控元大95售05  ,0,0,0,0,0,0,0,0,0,15000,0,0,0,15000,0,15000,15000
1795,美時            ,104000,89000,15000,0,0,0,0,0,0,0,0,0,0,0,0,0,15000
05880P,創意康和96售01  ,0,0,0,0,0,0,0,0,0,15000,0,0,0,15000,0,15000,15000
06246P,茂林元富97售03  ,0,0,0,0,0,0,0,0,0,15000,0,0,0,26000,11000,15000,15000
06334P,臺股指群益9C售03,0,0,0,0,0,0,0,0,0,15000,0,0,0,20000,5000,15000,15000
6525,捷敏-KY         ,29000,14000,15000,0,0,0,0,0,0,0,0,0,0,0,0,0,15000
8996,高力            ,866000,1038000,-172000,0,0,0,169000,0,169000,18000,39000,21000,18000,0,0,0,15000
4439,冠星-KY         ,0,0,0,0,0,0,0,0,0,15000,15000,0,15000,0,0,0,15000
3055,蔚華科          ,42000,31000,11000,0,0,0,0,0,0,4000,4000,0,4000,0,0,0,15000
3059,華晶科          ,102000,87000,15000,0,0,0,0,0,0,0,0,0,0,0,0,0,15000
3645,達邁            ,94539,79000,15539,0,0,0,0,0,0,-1000,0,1000,-1000,0,0,0,14539
057046,奇力新元大99購03,0,0,0,0,0,0,0,0,0,14000,0,0,0,151000,137000,14000,14000
057234,宏達電凱基98購05,0,0,0,0,0,0,0,0,0,14000,0,0,0,20000,6000,14000,14000
056768,宏達電元大99購03,0,0,0,0,0,0,0,0,0,14000,0,0,0,20000,6000,14000,14000
056451,可成凱基99購01  ,0,0,0,0,0,0,0,0,0,14000,0,0,0,59000,45000,14000,14000
056464,臺股指凱基99購06,0,0,0,0,0,0,0,0,0,14000,0,0,0,18000,4000,14000,14000
056475,宏達電元大99購02,0,0,0,0,0,0,0,0,0,14000,0,0,0,36000,22000,14000,14000
055986,祥碩元富97購01  ,0,0,0,0,0,0,0,0,0,14000,0,0,0,91000,77000,14000,14000
055745,臻鼎元富97購01  ,0,0,0,0,0,0,0,0,0,14000,0,0,0,75000,61000,14000,14000
05526P,茂林群益96售03  ,0,0,0,0,0,0,0,0,0,14000,0,0,0,15000,1000,14000,14000
045634,友達凱基93購02  ,0,0,0,0,0,0,0,0,0,14000,0,0,0,25000,11000,14000,14000
03646C,臺股指元大95牛32,0,0,0,0,0,0,0,0,0,14000,0,0,0,19000,5000,14000,14000
05010P,台郡元富95售01  ,0,0,0,0,0,0,0,0,0,14000,0,0,0,14000,0,14000,14000
047960,鈺齊永豐93購01  ,0,0,0,0,0,0,0,0,0,14000,0,0,0,60000,46000,14000,14000
04805P,創意元富94售01  ,0,0,0,0,0,0,0,0,0,14000,0,0,0,14000,0,14000,14000
048118,百和群益94購03  ,0,0,0,0,0,0,0,0,0,14000,0,0,0,14000,0,14000,14000
047626,全新國票94購01  ,0,0,0,0,0,0,0,0,0,14000,0,0,0,17000,3000,14000,14000
05134P,鴻海凱基96售06  ,0,0,0,0,0,0,0,0,0,14000,0,0,0,14000,0,14000,14000
049828,華新科凱基94購06,0,0,0,0,0,0,0,0,0,14000,0,0,0,25000,11000,14000,14000
052163,康舒永豐95購02  ,0,0,0,0,0,0,0,0,0,14000,0,0,0,286000,272000,14000,14000
052224,楠梓電凱基97購01,0,0,0,0,0,0,0,0,0,14000,0,0,0,20000,6000,14000,14000
052249,大成鋼永豐95購01,0,0,0,0,0,0,0,0,0,14000,0,0,0,30000,16000,14000,14000
052243,致茂康和95購01  ,0,0,0,0,0,0,0,0,0,14000,0,0,0,19000,5000,14000,14000
050604,上証2X永昌94購01,0,0,0,0,0,0,0,0,0,14000,0,0,0,27000,13000,14000,14000
050611,鴻海元大95購02  ,0,0,0,0,0,0,0,0,0,14000,0,0,0,431000,417000,14000,14000
051999,勤誠元大95購01  ,0,0,0,0,0,0,0,0,0,14000,0,0,0,47000,33000,14000,14000
050191,和碩元大94購02  ,0,0,0,0,0,0,0,0,0,14000,0,0,0,25000,11000,14000,14000
05165P,欣興元富95售03  ,0,0,0,0,0,0,0,0,0,14000,0,0,0,15000,1000,14000,14000
051550,日電貿永豐95購01,0,0,0,0,0,0,0,0,0,14000,0,0,0,104000,90000,14000,14000
04896P,上証2X中信95售01,0,0,0,0,0,0,0,0,0,14000,0,0,0,20000,6000,14000,14000
054541,康控國票98購01  ,0,0,0,0,0,0,0,0,0,14000,0,0,0,29000,15000,14000,14000
055002,群創元富99購04  ,0,0,0,0,0,0,0,0,0,14000,0,0,0,255000,241000,14000,14000
054138,晶技元大98購02  ,0,0,0,0,0,0,0,0,0,14000,0,0,0,27000,13000,14000,14000
054285,國巨元大98購02  ,0,0,0,0,0,0,0,0,0,14000,0,0,0,32000,18000,14000,14000
054044,京元電元大96購03,0,0,0,0,0,0,0,0,0,14000,0,0,0,14000,0,14000,14000
053595,創意元大96購02  ,0,0,0,0,0,0,0,0,0,14000,0,0,0,15000,1000,14000,14000
053560,漢唐國泰98購01  ,0,0,0,0,0,0,0,0,0,14000,0,0,0,25000,11000,14000,14000
053152,大立光元大99購01,0,0,0,0,0,0,0,0,0,14000,0,0,0,81000,67000,14000,14000
053373,台泥元大96購01  ,0,0,0,0,0,0,0,0,0,14000,0,0,0,25000,11000,14000,14000
2616,山隆            ,20000,6000,14000,0,0,0,0,0,0,0,0,0,0,0,0,0,14000
2486,一詮            ,17000,5000,12000,0,0,0,0,0,0,2000,2000,0,2000,0,0,0,14000
6206,飛捷            ,150000,136000,14000,0,0,0,0,0,0,0,0,0,0,0,0,0,14000
8473,山林水          ,16000,2000,14000,0,0,0,0,0,0,0,0,0,0,0,0,0,14000
06311P,嘉聯益元富97售02,0,0,0,0,0,0,0,0,0,14000,0,0,0,20000,6000,14000,14000
06008P,燿華統一96售04  ,0,0,0,0,0,0,0,0,0,14000,0,0,0,30000,16000,14000,14000
06023P,超眾國票96售03  ,0,0,0,0,0,0,0,0,0,14000,0,0,0,14000,0,14000,14000
2109,華豐            ,13000,0,13000,0,0,0,0,0,0,1000,1000,0,1000,0,0,0,14000
1437,勤益控          ,20000,6000,14000,0,0,0,0,0,0,0,0,0,0,0,0,0,14000
06692P,瑞昱凱基98售03  ,0,0,0,0,0,0,0,0,0,14000,0,0,0,14000,0,14000,14000
055193,世芯元富97購02  ,0,0,0,0,0,0,0,0,0,13000,0,0,0,75000,62000,13000,13000
055390,國巨統一98購03  ,0,0,0,0,0,0,0,0,0,13000,0,0,0,23000,10000,13000,13000
055398,超眾統一97購03  ,0,0,0,0,0,0,0,0,0,13000,0,0,0,63000,50000,13000,13000
055761,創意群益97購01  ,0,0,0,0,0,0,0,0,0,13000,0,0,0,17000,4000,13000,13000
056482,貿聯元大99購01  ,0,0,0,0,0,0,0,0,0,13000,0,0,0,95000,82000,13000,13000
056674,華邦電元富98購01,0,0,0,0,0,0,0,0,0,13000,0,0,0,20000,7000,13000,13000
046568,臻鼎元富95購01  ,0,0,0,0,0,0,0,0,0,13000,0,0,0,73000,60000,13000,13000
046771,聯發科國泰94購02,0,0,0,0,0,0,0,0,0,13000,0,0,0,15000,2000,13000,13000
046829,義隆群益93購01  ,0,0,0,0,0,0,0,0,0,13000,0,0,0,13000,0,13000,13000
047504,滬深2X國票9A購01,0,0,0,0,0,0,0,0,0,13000,0,0,0,43000,30000,13000,13000
048664,華新科統一94購01,0,0,0,0,0,0,0,0,0,13000,0,0,0,13000,0,13000,13000
047984,禾伸堂群益93購01,0,0,0,0,0,0,0,0,0,13000,0,0,0,13000,0,13000,13000
048040,百和凱基93購07  ,0,0,0,0,0,0,0,0,0,13000,0,0,0,13000,0,13000,13000
03560P,台積電兆豐03售10,0,0,0,0,0,0,0,0,0,13000,0,0,0,13000,0,13000,13000
03619C,臺股指元大95牛02,0,0,0,0,0,0,0,0,0,13000,0,0,0,13000,0,13000,13000
045361,鈺齊凱基93購01  ,0,0,0,0,0,0,0,0,0,13000,0,0,0,43000,30000,13000,13000
048960,矽格康和94購01  ,0,0,0,0,0,0,0,0,0,13000,0,0,0,13000,0,13000,13000
049511,奇力新凱基94購03,0,0,0,0,0,0,0,0,0,13000,0,0,0,33000,20000,13000,13000
051752,緯穎富邦96購01  ,0,0,0,0,0,0,0,0,0,13000,0,0,0,35000,22000,13000,13000
050253,百和國泰96購01  ,0,0,0,0,0,0,0,0,0,13000,0,0,0,18000,5000,13000,13000
05067P,欣興兆豐96售02  ,0,0,0,0,0,0,0,0,0,13000,0,0,0,13000,0,13000,13000
049573,長榮航統一95購01,0,0,0,0,0,0,0,0,0,13000,0,0,0,13000,0,13000,13000
052829,上銀群益96購01  ,0,0,0,0,0,0,0,0,0,13000,0,0,0,57000,44000,13000,13000
05243P,鴻海元大95售19  ,0,0,0,0,0,0,0,0,0,13000,0,0,0,257000,244000,13000,13000
052731,宏達電國泰98購01,0,0,0,0,0,0,0,0,0,13000,0,0,0,72000,59000,13000,13000
052722,群創統一97購02  ,0,0,0,0,0,0,0,0,0,13000,0,0,0,120000,107000,13000,13000
06510P,燿華永豐98售03  ,0,0,0,0,0,0,0,0,0,13000,0,0,0,13000,0,13000,13000
06417P,台積電兆豐97售03,0,0,0,0,0,0,0,0,0,13000,0,0,0,13000,0,13000,13000
1436,華友聯          ,17000,4000,13000,0,0,0,0,0,0,0,0,0,0,0,0,0,13000
1463,強盛            ,18000,5000,13000,0,0,0,0,0,0,0,0,0,0,0,0,0,13000
1529,樂士            ,3000,0,3000,0,0,0,0,0,0,10000,10000,0,10000,0,0,0,13000
2239,英利-KY         ,24000,9000,15000,0,0,0,0,0,0,-2000,0,2000,-2000,0,0,0,13000
06139P,台積電中信99售02,0,0,0,0,0,0,0,0,0,13000,0,0,0,26000,13000,13000,13000
06282P,聯鈞永豐97售02  ,0,0,0,0,0,0,0,0,0,13000,0,0,0,13000,0,13000,13000
06188P,大立光元富97售01,0,0,0,0,0,0,0,0,0,13000,0,0,0,20000,7000,13000,13000
05845P,大立光元大96售06,0,0,0,0,0,0,0,0,0,13000,0,0,0,33000,20000,13000,13000
05908P,大立光元富96售05,0,0,0,0,0,0,0,0,0,13000,0,0,0,36000,23000,13000,13000
05978P,麗豐永豐96售02  ,0,0,0,0,0,0,0,0,0,13000,0,0,0,13000,0,13000,13000
9908,大台北          ,17000,4000,13000,0,0,0,0,0,0,0,0,0,0,0,0,0,13000
2908,特力            ,21000,8000,13000,0,0,0,0,0,0,0,0,0,0,0,0,0,13000
056653,元石油元大98購01,0,0,0,0,0,0,0,0,0,12000,0,0,0,62000,50000,12000,12000
057314,全新麥證98購01  ,0,0,0,22000,10000,12000,0,0,0,12000,0,0,0,22000,10000,12000,12000
057454,上銀國泰99購02  ,0,0,0,0,0,0,0,0,0,12000,0,0,0,30000,18000,12000,12000
057364,國巨元大98購18  ,0,0,0,0,0,0,0,0,0,12000,0,0,0,177000,165000,12000,12000
056921,京元電兆豐98購01,0,0,0,0,0,0,0,0,0,12000,0,0,0,12000,0,12000,12000
055974,上銀統一97購05  ,0,0,0,0,0,0,0,0,0,12000,0,0,0,100000,88000,12000,12000
056223,華邦電凱基97購04,0,0,0,0,0,0,0,0,0,12000,0,0,0,83000,71000,12000,12000
055479,GIS凱基97購04   ,0,0,0,0,0,0,0,0,0,12000,0,0,0,12000,0,12000,12000
055215,智邦凱基98購02  ,0,0,0,0,0,0,0,0,0,12000,0,0,0,27000,15000,12000,12000
045311,GIS元大94購01   ,0,0,0,0,0,0,0,0,0,12000,0,0,0,12000,0,12000,12000
04452P,超眾國泰95售01  ,0,0,0,0,0,0,0,0,0,12000,0,0,0,12000,0,12000,12000
04463P,可成元富94售03  ,0,0,0,0,0,0,0,0,0,12000,0,0,0,12000,0,12000,12000
03849P,大成鋼凱基93售03,0,0,0,0,0,0,0,0,0,12000,0,0,0,12000,0,12000,12000
03450P,元油2X元富98售05,0,0,0,0,0,0,0,0,0,12000,0,0,0,12000,0,12000,12000
04187P,麗豐元富93售02  ,0,0,0,0,0,0,0,0,0,12000,0,0,0,12000,0,12000,12000
00702,國泰標普低波高息,0,0,0,0,0,0,0,0,0,12000,0,0,0,13000,1000,12000,12000
047892,康控兆豐94購01  ,0,0,0,0,0,0,0,0,0,12000,0,0,0,12000,0,12000,12000
04645P,禾伸堂凱基94售03,0,0,0,0,0,0,0,0,0,12000,0,0,0,16000,4000,12000,12000
04646P,TPK凱基94售03   ,0,0,0,0,0,0,0,0,0,12000,0,0,0,64000,52000,12000,12000
046480,群創元富96購01  ,0,0,0,0,0,0,0,0,0,12000,0,0,0,35000,23000,12000,12000
05110P,上銀統一95售01  ,0,0,0,0,0,0,0,0,0,12000,0,0,0,22000,10000,12000,12000
049822,大成鋼凱基94購04,0,0,0,0,0,0,0,0,0,12000,0,0,0,12000,0,12000,12000
049926,智易元大95購02  ,0,0,0,0,0,0,0,0,0,12000,0,0,0,12000,0,12000,12000
052229,奇力新凱基96購01,0,0,0,0,0,0,0,0,0,12000,0,0,0,20000,8000,12000,12000
052231,景碩凱基96購01  ,0,0,0,0,0,0,0,0,0,12000,0,0,0,14000,2000,12000,12000
050366,鴻海元大94購19  ,0,0,0,0,0,0,0,0,0,12000,0,0,0,39000,27000,12000,12000
049385,茂林元大94購03  ,0,0,0,0,0,0,0,0,0,12000,0,0,0,22000,10000,12000,12000
052943,奇力新國票96購02,0,0,0,0,0,0,0,0,0,12000,0,0,0,39000,27000,12000,12000
053273,國巨元大96購08  ,0,0,0,0,0,0,0,0,0,12000,0,0,0,19000,7000,12000,12000
054045,奇力新元大97購03,0,0,0,0,0,0,0,0,0,12000,0,0,0,168000,156000,12000,12000
054371,台積電中信9C購01,0,0,0,0,0,0,0,0,0,12000,0,0,0,127000,115000,12000,12000
054128,台積電元大97購10,0,0,0,0,0,0,0,0,0,12000,0,0,0,332000,320000,12000,12000
054213,欣興國票97購04  ,0,0,0,0,0,0,0,0,0,12000,0,0,0,12000,0,12000,12000
054194,國巨麥證96購02  ,0,0,0,24000,11000,13000,0,0,0,12000,0,0,0,24000,12000,12000,12000
055030,帆宣國泰99購02  ,0,0,0,0,0,0,0,0,0,12000,0,0,0,110000,98000,12000,12000
054893,帆宣統一99購01  ,0,0,0,0,0,0,0,0,0,12000,0,0,0,30000,18000,12000,12000
054710,東元元富97購01  ,0,0,0,0,0,0,0,0,0,12000,0,0,0,12000,0,12000,12000
054716,緯穎康和97購01  ,0,0,0,0,0,0,0,0,0,12000,0,0,0,12000,0,12000,12000
2727,王品            ,24000,12000,12000,0,0,0,0,0,0,0,0,0,0,0,0,0,12000
8429,金麗-KY         ,29000,8000,21000,0,0,0,0,0,0,-9000,0,9000,-9000,0,0,0,12000
6698,旭暉應材        ,18000,14000,4000,0,0,0,0,0,0,8000,8000,0,8000,0,0,0,12000
05951P,台積電國票97售05,0,0,0,0,0,0,0,0,0,12000,0,0,0,17000,5000,12000,12000
06202P,大立光元大98售06,0,0,0,0,0,0,0,0,0,12000,0,0,0,14000,2000,12000,12000
1902,台紙            ,46000,34000,12000,0,0,0,0,0,0,0,0,0,0,0,0,0,12000
1614,三洋電          ,18000,6000,12000,0,0,0,0,0,0,0,0,0,0,0,0,0,12000
06638P,鴻海統一99售02  ,0,0,0,0,0,0,0,0,0,12000,0,0,0,12000,0,12000,12000
06591P,大立光元大98售14,0,0,0,0,0,0,0,0,0,12000,0,0,0,12000,0,12000,12000
055387,世紀鋼元大97購01,0,0,0,0,0,0,0,0,0,11000,0,0,0,14000,3000,11000,11000
055519,茂林中信99購01  ,0,0,0,0,0,0,0,0,0,11000,0,0,0,44000,33000,11000,11000
056241,緯創群益97購01  ,0,0,0,0,0,0,0,0,0,11000,0,0,0,33000,22000,11000,11000
05626P,景碩國票97售03  ,0,0,0,0,0,0,0,0,0,11000,0,0,0,25000,14000,11000,11000
055824,臺股指國票97購11,0,0,0,0,0,0,0,0,0,11000,0,0,0,11000,0,11000,11000
056884,元油2X元大99購02,0,0,0,0,0,0,0,0,0,11000,0,0,0,23000,12000,11000,11000
056913,臺股指元大99購05,0,0,0,0,0,0,0,0,0,11000,0,0,0,11000,0,11000,11000
057157,群創富邦98購02  ,0,0,0,0,0,0,0,0,0,11000,0,0,0,12000,1000,11000,11000
057118,欣興日盛9A購01  ,0,0,0,0,0,0,0,0,0,11000,0,0,0,14000,3000,11000,11000
057294,台灣50永豐99購01,0,0,0,0,0,0,0,0,0,11000,0,0,0,244000,233000,11000,11000
056649,智易凱基98購01  ,0,0,0,0,0,0,0,0,0,11000,0,0,0,31000,20000,11000,11000
056827,元油2X富邦02購01,0,0,0,0,0,0,0,0,0,11000,0,0,0,11000,0,11000,11000
046693,台積電凱基93購03,0,0,0,0,0,0,0,0,0,11000,0,0,0,99000,88000,11000,11000
00654R,富邦印度反1     ,3000,3000,0,0,0,0,0,0,0,11000,0,0,0,12000,1000,11000,11000
047383,鴻海元大95購01  ,0,0,0,0,0,0,0,0,0,11000,0,0,0,25000,14000,11000,11000
048315,聯發科凱基93購32,0,0,0,0,0,0,0,0,0,11000,0,0,0,11000,0,11000,11000
051061,中磊群益95購01  ,0,0,0,0,0,0,0,0,0,11000,0,0,0,33000,22000,11000,11000
05026P,貿聯群益95售01  ,0,0,0,0,0,0,0,0,0,11000,0,0,0,11000,0,11000,11000
048857,晶豪科群益94購01,0,0,0,0,0,0,0,0,0,11000,0,0,0,11000,0,11000,11000
049469,元金2X永豐94購01,0,0,0,0,0,0,0,0,0,11000,0,0,0,11000,0,11000,11000
049173,鴻海凱基94購15  ,0,0,0,0,0,0,0,0,0,11000,0,0,0,25000,14000,11000,11000
049140,台積電元大94購07,0,0,0,0,0,0,0,0,0,11000,0,0,0,347000,336000,11000,11000
049304,元油2X凱基95購05,0,0,0,0,0,0,0,0,0,11000,0,0,0,11000,0,11000,11000
050955,達方群益97購01  ,0,0,0,0,0,0,0,0,0,11000,0,0,0,11000,0,11000,11000
052146,泰碩群益95購01  ,0,0,0,0,0,0,0,0,0,11000,0,0,0,11000,0,11000,11000
05153P,台表科群益96售01,0,0,0,0,0,0,0,0,0,11000,0,0,0,21000,10000,11000,11000
051498,智易群益96購01  ,0,0,0,0,0,0,0,0,0,11000,0,0,0,11000,0,11000,11000
05054P,臻鼎群益95售02  ,0,0,0,0,0,0,0,0,0,11000,0,0,0,21000,10000,11000,11000
054872,瀚宇博群益98購01,0,0,0,0,0,0,0,0,0,11000,0,0,0,11000,0,11000,11000
054866,宏盛群益98購01  ,0,0,0,0,0,0,0,0,0,11000,0,0,0,11000,0,11000,11000
054786,全新群益99購02  ,0,0,0,0,0,0,0,0,0,11000,0,0,0,21000,10000,11000,11000
054091,晶豪科群益96購01,0,0,0,0,0,0,0,0,0,11000,0,0,0,11000,0,11000,11000
054290,奇力新元大96購05,0,0,0,0,0,0,0,0,0,11000,0,0,0,26000,15000,11000,11000
053996,晶相光群益97購01,0,0,0,0,0,0,0,0,0,11000,0,0,0,389000,378000,11000,11000
053814,美律群益97購02  ,0,0,0,0,0,0,0,0,0,11000,0,0,0,11000,0,11000,11000
053388,群創元大9C購02  ,0,0,0,0,0,0,0,0,0,11000,0,0,0,11000,0,11000,11000
053403,彩晶群益98購01  ,0,0,0,0,0,0,0,0,0,11000,0,0,0,11000,0,11000,11000
052834,彩晶群益96購01  ,0,0,0,0,0,0,0,0,0,11000,0,0,0,11000,0,11000,11000
052733,台郡國泰97購01  ,0,0,0,0,0,0,0,0,0,11000,0,0,0,28000,17000,11000,11000
06699P,台積電統一98售11,0,0,0,0,0,0,0,0,0,11000,0,0,0,11000,0,11000,11000
06389P,聯發科兆豐97售01,0,0,0,0,0,0,0,0,0,11000,0,0,0,20000,9000,11000,11000
06545P,致茂元大98售01  ,0,0,0,0,0,0,0,0,0,11000,0,0,0,14000,3000,11000,11000
1457,宜進            ,49000,38000,11000,0,0,0,0,0,0,0,0,0,0,0,0,0,11000
1441,大東            ,15000,4000,11000,0,0,0,0,0,0,0,0,0,0,0,0,0,11000
1110,東泥            ,16000,4000,12000,0,0,0,0,0,0,-1000,0,1000,-1000,0,0,0,11000
06128P,玉晶光元富97售05,0,0,0,0,0,0,0,0,0,11000,0,0,0,20000,9000,11000,11000
06115P,台積電統一97售04,0,0,0,0,0,0,0,0,0,11000,0,0,0,11000,0,11000,11000
06007P,世芯永豐96售01  ,0,0,0,0,0,0,0,0,0,11000,0,0,0,11000,0,11000,11000
06062P,宏達電元富97售01,0,0,0,0,0,0,0,0,0,11000,0,0,0,11000,0,11000,11000
05903P,聯發科統一96售09,0,0,0,0,0,0,0,0,0,11000,0,0,0,11000,0,11000,11000
05896P,宏達電群益96售03,0,0,0,0,0,0,0,0,0,11000,0,0,0,11000,0,11000,11000
05894P,友達群益98售02  ,0,0,0,0,0,0,0,0,0,11000,0,0,0,22000,11000,11000,11000
05860P,旺宏康和96售01  ,0,0,0,0,0,0,0,0,0,11000,0,0,0,11000,0,11000,11000
6189,豐藝            ,15000,4000,11000,0,0,0,0,0,0,0,0,0,0,0,0,0,11000
5305,敦南            ,15000,19000,-4000,0,0,0,0,0,0,15000,0,0,0,15000,0,15000,11000
5521,工信            ,186000,174000,12000,0,0,0,0,0,0,-1000,0,1000,-1000,0,0,0,11000
2707,晶華            ,32000,13000,19000,0,0,0,0,0,0,-8000,0,0,0,0,8000,-8000,11000
2701,萬企            ,11000,0,11000,0,0,0,0,0,0,0,0,0,0,0,0,0,11000
3617,碩天            ,25000,18000,7000,0,0,0,0,0,0,4000,4000,0,4000,0,0,0,11000
056836,國巨元富98購01  ,0,0,0,0,0,0,0,0,0,10000,0,0,0,62000,52000,10000,10000
056730,元油2X凱基9A購04,0,0,0,0,0,0,0,0,0,10000,0,0,0,10000,0,10000,10000
056620,華新科永豐98購02,0,0,0,0,0,0,0,0,0,10000,0,0,0,10000,0,10000,10000
056629,昇陽半永豐98購01,0,0,0,0,0,0,0,0,0,10000,0,0,0,10000,0,10000,10000
056662,臺股指元大9A購09,0,0,0,0,0,0,0,0,0,10000,0,0,0,10000,0,10000,10000
056705,超眾國泰99購01  ,0,0,0,0,0,0,0,0,0,10000,0,0,0,10000,0,10000,10000
056481,創意元大98購01  ,0,0,0,0,0,0,0,0,0,10000,0,0,0,10000,0,10000,10000
056497,GIS國泰99購01   ,0,0,0,0,0,0,0,0,0,10000,0,0,0,10000,0,10000,10000
056441,燿華凱基98購01  ,0,0,0,0,0,0,0,0,0,10000,0,0,0,10000,0,10000,10000
056506,晶豪科永豐98購02,0,0,0,0,0,0,0,0,0,10000,0,0,0,10000,0,10000,10000
056511,超眾永豐98購01  ,0,0,0,0,0,0,0,0,0,10000,0,0,0,20000,10000,10000,10000
056380,麗豐元富98購01  ,0,0,0,0,0,0,0,0,0,10000,0,0,0,10000,0,10000,10000
056392,玉晶光富邦9C購01,0,0,0,0,0,0,0,0,0,10000,0,0,0,10000,0,10000,10000
056375,玉晶光統一01購01,0,0,0,0,0,0,0,0,0,10000,0,0,0,10000,0,10000,10000
056400,道瓊反群益9C購01,0,0,0,0,0,0,0,0,0,10000,0,0,0,10000,0,10000,10000
056304,創意元大97購03  ,0,0,0,0,0,0,0,0,0,10000,0,0,0,10000,0,10000,10000
057199,台達電元富02購01,0,0,0,0,0,0,0,0,0,10000,0,0,0,10000,0,10000,10000
057361,元油2X元大98購11,0,0,0,0,0,0,0,0,0,10000,0,0,0,10000,0,10000,10000
057393,台積電中信02購01,0,0,0,0,0,0,0,0,0,10000,0,0,0,30000,20000,10000,10000
057406,茂林群益98購03  ,0,0,0,0,0,0,0,0,0,10000,0,0,0,40000,30000,10000,10000
05748P,臺股指群益99售02,0,0,0,0,0,0,0,0,0,10000,0,0,0,70000,60000,10000,10000
057134,茂林凱基98購02  ,0,0,0,0,0,0,0,0,0,10000,0,0,0,10000,0,10000,10000
057024,義隆凱基99購01  ,0,0,0,0,0,0,0,0,0,10000,0,0,0,10000,0,10000,10000
055878,泰碩元富97購02  ,0,0,0,0,0,0,0,0,0,10000,0,0,0,10000,0,10000,10000
055766,臺股指群益97購04,0,0,0,0,0,0,0,0,0,10000,0,0,0,10000,0,10000,10000
055740,智易元富97購01  ,0,0,0,0,0,0,0,0,0,10000,0,0,0,10000,0,10000,10000
055684,京鼎凱基97購01  ,0,0,0,0,0,0,0,0,0,10000,0,0,0,40000,30000,10000,10000
05627P,致伸國票97售01  ,0,0,0,0,0,0,0,0,0,10000,0,0,0,10000,0,10000,10000
05615P,臺股指康和96售04,0,0,0,0,0,0,0,0,0,10000,0,0,0,10000,0,10000,10000
055981,臺股指統一97購03,0,0,0,0,0,0,0,0,0,10000,0,0,0,10000,0,10000,10000
055983,全新元富9A購02  ,0,0,0,0,0,0,0,0,0,10000,0,0,0,10000,0,10000,10000
056012,勤誠中信99購01  ,0,0,0,0,0,0,0,0,0,10000,0,0,0,10000,0,10000,10000
056030,華通日盛97購01  ,0,0,0,0,0,0,0,0,0,10000,0,0,0,32000,22000,10000,10000
056129,義隆麥證97購01  ,0,0,0,10000,0,10000,0,0,0,10000,0,0,0,10000,0,10000,10000
056114,台達電群益97購02,0,0,0,0,0,0,0,0,0,10000,0,0,0,10000,0,10000,10000
056076,超眾元大97購05  ,0,0,0,0,0,0,0,0,0,10000,0,0,0,23000,13000,10000,10000
055557,華新科凱基97購01,0,0,0,0,0,0,0,0,0,10000,0,0,0,10000,0,10000,10000
055435,佳世達中信99購01,0,0,0,0,0,0,0,0,0,10000,0,0,0,10000,0,10000,10000
055436,晶豪科中信99購01,0,0,0,0,0,0,0,0,0,10000,0,0,0,10000,0,10000,10000
055501,創意元大97購01  ,0,0,0,0,0,0,0,0,0,10000,0,0,0,10000,0,10000,10000
055449,超眾統一9A購01  ,0,0,0,0,0,0,0,0,0,10000,0,0,0,38000,28000,10000,10000
05544P,台表科元富96售01,0,0,0,0,0,0,0,0,0,10000,0,0,0,10000,0,10000,10000
055234,昇陽半國票98購02,0,0,0,0,0,0,0,0,0,10000,0,0,0,10000,0,10000,10000
055279,華邦電元大97購02,0,0,0,0,0,0,0,0,0,10000,0,0,0,10000,0,10000,10000
05520P,聯詠凱基96售01  ,0,0,0,0,0,0,0,0,0,10000,0,0,0,70000,60000,10000,10000
055173,瑞昱統一97購01  ,0,0,0,0,0,0,0,0,0,10000,0,0,0,10000,0,10000,10000
055074,台虹永豐97購01  ,0,0,0,0,0,0,0,0,0,10000,0,0,0,10000,0,10000,10000
055079,台光電中信97購01,0,0,0,0,0,0,0,0,0,10000,0,0,0,30000,20000,10000,10000
055113,大立光凱基98購06,0,0,0,0,0,0,0,0,0,10000,0,0,0,90000,80000,10000,10000
055102,上銀凱基98購01  ,0,0,0,0,0,0,0,0,0,10000,0,0,0,386000,376000,10000,10000
04828P,聯發科凱基94售15,0,0,0,0,0,0,0,0,0,10000,0,0,0,20000,10000,10000,10000
048336,光磊元大93購02  ,0,0,0,0,0,0,0,0,0,10000,0,0,0,10000,0,10000,10000
047424,南亞科亞東93購01,0,0,0,0,0,0,0,0,0,10000,0,0,0,10000,0,10000,10000
047419,聯發科富邦95購01,0,0,0,0,0,0,0,0,0,10000,0,0,0,10000,0,10000,10000
047445,創意元大93購04  ,0,0,0,0,0,0,0,0,0,10000,0,0,0,10000,0,10000,10000
04744P,臻鼎元富94售04  ,0,0,0,0,0,0,0,0,0,10000,0,0,0,10000,0,10000,10000
048416,台達電統一93購02,0,0,0,0,0,0,0,0,0,10000,0,0,0,10000,0,10000,10000
045280,儒鴻富邦94購01  ,0,0,0,0,0,0,0,0,0,10000,0,0,0,10000,0,10000,10000
046277,可成台新92購01  ,0,0,0,0,0,0,0,0,0,10000,0,0,0,10000,0,10000,10000
046291,友達統一94購01  ,0,0,0,0,0,0,0,0,0,10000,0,0,0,10000,0,10000,10000
045089,中磊元大94購01  ,0,0,0,0,0,0,0,0,0,10000,0,0,0,10000,0,10000,10000
046254,台表科群益92購02,0,0,0,0,0,0,0,0,0,10000,0,0,0,50000,40000,10000,10000
04536P,長榮航統一94售01,0,0,0,0,0,0,0,0,0,10000,0,0,0,20000,10000,10000,10000
045377,華邦電元大93購01,0,0,0,0,0,0,0,0,0,10000,0,0,0,10000,0,10000,10000
047242,上銀群益93購04  ,0,0,0,0,0,0,0,0,0,10000,0,0,0,10000,0,10000,10000
047246,華新科群益93購01,0,0,0,0,0,0,0,0,0,10000,0,0,0,10000,0,10000,10000
047277,晶技永豐93購01  ,0,0,0,0,0,0,0,0,0,10000,0,0,0,10000,0,10000,10000
047269,同欣電康和93購01,0,0,0,0,0,0,0,0,0,10000,0,0,0,10000,0,10000,10000
044592,元油2X國票93購02,0,0,0,0,0,0,0,0,0,10000,0,0,0,10000,0,10000,10000
04455P,台積電統一94售07,0,0,0,0,0,0,0,0,0,10000,0,0,0,10000,0,10000,10000
04453P,聯發科富邦94售04,0,0,0,0,0,0,0,0,0,10000,0,0,0,10000,0,10000,10000
044377,南茂兆豐93購01  ,0,0,0,0,0,0,0,0,0,10000,0,0,0,10000,0,10000,10000
044689,超眾凱基93購03  ,0,0,0,0,0,0,0,0,0,10000,0,0,0,10000,0,10000,10000
04477P,南電元大94售04  ,0,0,0,0,0,0,0,0,0,10000,0,0,0,50000,40000,10000,10000
04472P,中環元大94售01  ,0,0,0,0,0,0,0,0,0,10000,0,0,0,10000,0,10000,10000
043660,華新科元大93購01,0,0,0,0,0,0,0,0,0,10000,0,0,0,10000,0,10000,10000
046053,滬深2X群益94購01,0,0,0,0,0,0,0,0,0,10000,0,0,0,10000,0,10000,10000
00645,富邦日本        ,0,0,0,0,0,0,0,0,0,10000,0,0,0,130000,120000,10000,10000
03012X,元展12          ,0,0,0,0,0,0,0,0,0,10000,0,0,0,10000,0,10000,10000
042089,台灣50中信94購03,0,0,0,0,0,0,0,0,0,10000,0,0,0,37000,27000,10000,10000
042556,台灣50中信96購04,0,0,0,0,0,0,0,0,0,10000,0,0,0,11000,1000,10000,10000
04236P,華新科群益93售03,0,0,0,0,0,0,0,0,0,10000,0,0,0,10000,0,10000,10000
03501P,奇鋐國票03售02  ,0,0,0,0,0,0,0,0,0,10000,0,0,0,10000,0,10000,10000
04102P,臺股指國票93售09,0,0,0,0,0,0,0,0,0,10000,0,0,0,10000,0,10000,10000
03966P,台積電國票93售06,0,0,0,0,0,0,0,0,0,10000,0,0,0,10000,0,10000,10000
04003P,麗豐凱基94售03  ,0,0,0,0,0,0,0,0,0,10000,0,0,0,10000,0,10000,10000
045700,道瓊指中信94購01,0,0,0,0,0,0,0,0,0,10000,0,0,0,10000,0,10000,10000
045734,全新國票93購01  ,0,0,0,0,0,0,0,0,0,10000,0,0,0,20000,10000,10000,10000
04584P,楠梓電永豐94售01,0,0,0,0,0,0,0,0,0,10000,0,0,0,10000,0,10000,10000
045817,滬深2X凱基95購02,0,0,0,0,0,0,0,0,0,10000,0,0,0,10000,0,10000,10000
043442,大立光台新01購01,0,0,0,0,0,0,0,0,0,10000,0,0,0,12000,2000,10000,10000
04333P,儒鴻凱基93售06  ,0,0,0,0,0,0,0,0,0,10000,0,0,0,10000,0,10000,10000
043344,可成富邦93購01  ,0,0,0,0,0,0,0,0,0,10000,0,0,0,10000,0,10000,10000
043051,天鈺國泰93購01  ,0,0,0,0,0,0,0,0,0,10000,0,0,0,10000,0,10000,10000
045934,燿華群益93購01  ,0,0,0,0,0,0,0,0,0,10000,0,0,0,10000,0,10000,10000
046691,儒鴻凱基93購02  ,0,0,0,0,0,0,0,0,0,10000,0,0,0,10000,0,10000,10000
046673,樺漢元大93購01  ,0,0,0,0,0,0,0,0,0,10000,0,0,0,10000,0,10000,10000
046653,鴻海元大93購05  ,0,0,0,0,0,0,0,0,0,10000,0,0,0,10000,0,10000,10000
046840,晶技台新93購01  ,0,0,0,0,0,0,0,0,0,10000,0,0,0,10000,0,10000,10000
046792,京元電元富96購01,0,0,0,0,0,0,0,0,0,10000,0,0,0,10000,0,10000,10000
046753,台積電凱基93購04,0,0,0,0,0,0,0,0,0,10000,0,0,0,30000,20000,10000,10000
046960,台新金中信95購01,0,0,0,0,0,0,0,0,0,10000,0,0,0,10000,0,10000,10000
046983,南茂兆豐94購01  ,0,0,0,0,0,0,0,0,0,10000,0,0,0,10000,0,10000,10000
046986,台積電凱基93購09,0,0,0,0,0,0,0,0,0,10000,0,0,0,20000,10000,10000,10000
046987,智邦凱基93購04  ,0,0,0,0,0,0,0,0,0,10000,0,0,0,10000,0,10000,10000
046972,同欣電群益93購01,0,0,0,0,0,0,0,0,0,10000,0,0,0,10000,0,10000,10000
04687P,全新凱基94售02  ,0,0,0,0,0,0,0,0,0,10000,0,0,0,58000,48000,10000,10000
046881,智原富邦99購01  ,0,0,0,0,0,0,0,0,0,10000,0,0,0,10000,0,10000,10000
046374,台積電凱基92購20,0,0,0,0,0,0,0,0,0,10000,0,0,0,40000,30000,10000,10000
046555,A50反1凱基92購01,0,0,0,0,0,0,0,0,0,10000,0,0,0,10000,0,10000,10000
046538,大立光群益93購06,0,0,0,0,0,0,0,0,0,10000,0,0,0,40000,30000,10000,10000
047674,群創元富96購02  ,0,0,0,0,0,0,0,0,0,10000,0,0,0,10000,0,10000,10000
048666,康控統一93購01  ,0,0,0,0,0,0,0,0,0,10000,0,0,0,10000,0,10000,10000
048671,大立光永豐93購04,0,0,0,0,0,0,0,0,0,10000,0,0,0,10000,0,10000,10000
048672,日電貿永豐93購02,0,0,0,0,0,0,0,0,0,10000,0,0,0,10000,0,10000,10000
048654,滬深2X元富93購05,0,0,0,0,0,0,0,0,0,10000,0,0,0,10000,0,10000,10000
047460,富邦金群益95購01,0,0,0,0,0,0,0,0,0,10000,0,0,0,20000,10000,10000,10000
048645,創意元大94購02  ,0,0,0,0,0,0,0,0,0,10000,0,0,0,10000,0,10000,10000
047511,義隆國票93購02  ,0,0,0,0,0,0,0,0,0,10000,0,0,0,10000,0,10000,10000
047484,聯詠凱基93購03  ,0,0,0,0,0,0,0,0,0,10000,0,0,0,10000,0,10000,10000
048127,麗豐元大94購01  ,0,0,0,0,0,0,0,0,0,10000,0,0,0,110000,100000,10000,10000
048146,大立光統一93購11,0,0,0,0,0,0,0,0,0,10000,0,0,0,10000,0,10000,10000
048254,深中小統一93購01,0,0,0,0,0,0,0,0,0,10000,0,0,0,140000,130000,10000,10000
048522,A50正2元富95購02,0,0,0,0,0,0,0,0,0,10000,0,0,0,10000,0,10000,10000
04851P,創意永豐94售02  ,0,0,0,0,0,0,0,0,0,10000,0,0,0,10000,0,10000,10000
048503,百和元大93購02  ,0,0,0,0,0,0,0,0,0,10000,0,0,0,14000,4000,10000,10000
048505,滬深2X群益99購03,0,0,0,0,0,0,0,0,0,10000,0,0,0,10000,0,10000,10000
04860P,鴻海群益94售07  ,0,0,0,0,0,0,0,0,0,10000,0,0,0,10000,0,10000,10000
048107,華通群益93購02  ,0,0,0,0,0,0,0,0,0,10000,0,0,0,10000,0,10000,10000
048591,台郡兆豐94購01  ,0,0,0,0,0,0,0,0,0,10000,0,0,0,10000,0,10000,10000
048592,漢唐群益93購04  ,0,0,0,0,0,0,0,0,0,10000,0,0,0,10000,0,10000,10000
047896,京元電群益93購01,0,0,0,0,0,0,0,0,0,10000,0,0,0,10000,0,10000,10000
047875,南電永豐93購02  ,0,0,0,0,0,0,0,0,0,10000,0,0,0,10000,0,10000,10000
047837,嘉晶元大93購01  ,0,0,0,0,0,0,0,0,0,10000,0,0,0,10000,0,10000,10000
047844,台虹元大93購02  ,0,0,0,0,0,0,0,0,0,10000,0,0,0,10000,0,10000,10000
047934,GIS凱基94購01   ,0,0,0,0,0,0,0,0,0,10000,0,0,0,10000,0,10000,10000
047928,禾伸堂凱基93購04,0,0,0,0,0,0,0,0,0,10000,0,0,0,10000,0,10000,10000
048069,南亞科元富95購02,0,0,0,0,0,0,0,0,0,10000,0,0,0,10000,0,10000,10000
048083,台達電凱基93購04,0,0,0,0,0,0,0,0,0,10000,0,0,0,10000,0,10000,10000
047032,台虹元大93購01  ,0,0,0,0,0,0,0,0,0,10000,0,0,0,10000,0,10000,10000
047079,GIS兆豐94購01   ,0,0,0,0,0,0,0,0,0,10000,0,0,0,20000,10000,10000,10000
047072,義隆兆豐94購01  ,0,0,0,0,0,0,0,0,0,10000,0,0,0,20000,10000,10000,10000
047795,臺股指群益93購06,0,0,0,0,0,0,0,0,0,10000,0,0,0,10000,0,10000,10000
047716,晶技凱基93購03  ,0,0,0,0,0,0,0,0,0,10000,0,0,0,44000,34000,10000,10000
049298,矽格群益95購01  ,0,0,0,0,0,0,0,0,0,10000,0,0,0,12000,2000,10000,10000
051011,國巨凱基95購03  ,0,0,0,0,0,0,0,0,0,10000,0,0,0,10000,0,10000,10000
051019,大立光凱基95購08,0,0,0,0,0,0,0,0,0,10000,0,0,0,13000,3000,10000,10000
050132,日電貿凱基94購02,0,0,0,0,0,0,0,0,0,10000,0,0,0,143000,133000,10000,10000
05013P,台積電元大96售05,0,0,0,0,0,0,0,0,0,10000,0,0,0,165000,155000,10000,10000
051192,緯創兆豐96購01  ,0,0,0,0,0,0,0,0,0,10000,0,0,0,10000,0,10000,10000
049652,GIS凱基94購05   ,0,0,0,0,0,0,0,0,0,10000,0,0,0,10000,0,10000,10000
05051P,鴻海群益95售05  ,0,0,0,0,0,0,0,0,0,10000,0,0,0,14000,4000,10000,10000
050529,矽格元大94購05  ,0,0,0,0,0,0,0,0,0,10000,0,0,0,10000,0,10000,10000
050536,亞泥凱基95購01  ,0,0,0,0,0,0,0,0,0,10000,0,0,0,10000,0,10000,10000
050485,國巨統一96購01  ,0,0,0,0,0,0,0,0,0,10000,0,0,0,10000,0,10000,10000
049608,旺宏兆豐94購02  ,0,0,0,0,0,0,0,0,0,10000,0,0,0,10000,0,10000,10000
050470,智邦台新94購01  ,0,0,0,0,0,0,0,0,0,10000,0,0,0,10000,0,10000,10000
048747,華通元富97購01  ,0,0,0,0,0,0,0,0,0,10000,0,0,0,10000,0,10000,10000
048739,華新科統一94購02,0,0,0,0,0,0,0,0,0,10000,0,0,0,10000,0,10000,10000
048788,華新科元大95購02,0,0,0,0,0,0,0,0,0,10000,0,0,0,16000,6000,10000,10000
051347,國巨元大95購06  ,0,0,0,0,0,0,0,0,0,10000,0,0,0,10000,0,10000,10000
051360,緯創元大95購03  ,0,0,0,0,0,0,0,0,0,10000,0,0,0,42000,32000,10000,10000
05131P,聯詠統一97售01  ,0,0,0,0,0,0,0,0,0,10000,0,0,0,10000,0,10000,10000
049941,臺股指元大94購24,0,0,0,0,0,0,0,0,0,10000,0,0,0,10000,0,10000,10000
049909,國巨元大95購01  ,0,0,0,0,0,0,0,0,0,10000,0,0,0,20000,10000,10000,10000
049815,緯穎元大94購06  ,0,0,0,0,0,0,0,0,0,10000,0,0,0,29000,19000,10000,10000
049817,南電元大94購07  ,0,0,0,0,0,0,0,0,0,10000,0,0,0,10000,0,10000,10000
04978P,台表科凱基94售02,0,0,0,0,0,0,0,0,0,10000,0,0,0,10000,0,10000,10000
049777,華新科統一94購06,0,0,0,0,0,0,0,0,0,10000,0,0,0,10000,0,10000,10000
050048,百和國票94購01  ,0,0,0,0,0,0,0,0,0,10000,0,0,0,10000,0,10000,10000
051223,台化群益95購01  ,0,0,0,0,0,0,0,0,0,10000,0,0,0,10000,0,10000,10000
050463,百和元大94購04  ,0,0,0,0,0,0,0,0,0,10000,0,0,0,10000,0,10000,10000
050447,廣達元大94購01  ,0,0,0,0,0,0,0,0,0,10000,0,0,0,25000,15000,10000,10000
05214P,台積電國票97售02,0,0,0,0,0,0,0,0,0,10000,0,0,0,10000,0,10000,10000
052125,群創國票95購02  ,0,0,0,0,0,0,0,0,0,10000,0,0,0,10000,0,10000,10000
052171,台積電元大95購21,0,0,0,0,0,0,0,0,0,10000,0,0,0,403000,393000,10000,10000
052051,京鼎凱基95購01  ,0,0,0,0,0,0,0,0,0,10000,0,0,0,10000,0,10000,10000
052067,中磊兆豐96購01  ,0,0,0,0,0,0,0,0,0,10000,0,0,0,10000,0,10000,10000
052056,緯穎凱基95購04  ,0,0,0,0,0,0,0,0,0,10000,0,0,0,33000,23000,10000,10000
052065,臺股指國票95購12,0,0,0,0,0,0,0,0,0,10000,0,0,0,10000,0,10000,10000
052234,GIS凱基97購01   ,0,0,0,0,0,0,0,0,0,10000,0,0,0,10000,0,10000,10000
052269,T50反1日盛9B購01,0,0,0,0,0,0,0,0,0,10000,0,0,0,10000,0,10000,10000
05229P,台積電群益95售05,0,0,0,0,0,0,0,0,0,10000,0,0,0,110000,100000,10000,10000
052286,力成凱基95購02  ,0,0,0,0,0,0,0,0,0,10000,0,0,0,30000,20000,10000,10000
052342,茂林凱基96購01  ,0,0,0,0,0,0,0,0,0,10000,0,0,0,10000,0,10000,10000
050671,超眾永豐94購04  ,0,0,0,0,0,0,0,0,0,10000,0,0,0,20000,10000,10000,10000
050681,南亞科元富94購01,0,0,0,0,0,0,0,0,0,10000,0,0,0,10000,0,10000,10000
050713,矽格麥證94購01  ,0,0,0,13000,3000,10000,0,0,0,10000,0,0,0,13000,3000,10000,10000
050664,全新台新94購02  ,0,0,0,0,0,0,0,0,0,10000,0,0,0,10000,0,10000,10000
050648,全新凱基96購01  ,0,0,0,0,0,0,0,0,0,10000,0,0,0,10000,0,10000,10000
049694,華新科元大95購06,0,0,0,0,0,0,0,0,0,10000,0,0,0,15000,5000,10000,10000
049710,大成鋼凱基94購03,0,0,0,0,0,0,0,0,0,10000,0,0,0,10000,0,10000,10000
051924,聯茂日盛95購01  ,0,0,0,0,0,0,0,0,0,10000,0,0,0,10000,0,10000,10000
051929,GIS中信96購01   ,0,0,0,0,0,0,0,0,0,10000,0,0,0,10000,0,10000,10000
051906,國巨元大95購09  ,0,0,0,0,0,0,0,0,0,10000,0,0,0,10000,0,10000,10000
051907,台積電元大97購05,0,0,0,0,0,0,0,0,0,10000,0,0,0,292000,282000,10000,10000
051886,道瓊反統一95購03,0,0,0,0,0,0,0,0,0,10000,0,0,0,10000,0,10000,10000
050972,台虹永豐95購01  ,0,0,0,0,0,0,0,0,0,10000,0,0,0,10000,0,10000,10000
050968,超眾永豐95購01  ,0,0,0,0,0,0,0,0,0,10000,0,0,0,10000,0,10000,10000
051416,創意國票96購02  ,0,0,0,0,0,0,0,0,0,10000,0,0,0,10000,0,10000,10000
051499,康控群益95購02  ,0,0,0,0,0,0,0,0,0,10000,0,0,0,11000,1000,10000,10000
051567,台積電富邦95購06,0,0,0,0,0,0,0,0,0,10000,0,0,0,30000,20000,10000,10000
051587,大立光元大95購08,0,0,0,0,0,0,0,0,0,10000,0,0,0,15000,5000,10000,10000
05158P,華通永豐95售01  ,0,0,0,0,0,0,0,0,0,10000,0,0,0,10000,0,10000,10000
051258,鈺齊國泰97購01  ,0,0,0,0,0,0,0,0,0,10000,0,0,0,162000,152000,10000,10000
05125P,鴻海群益95售06  ,0,0,0,0,0,0,0,0,0,10000,0,0,0,20000,10000,10000,10000
051287,台積電統一95購05,0,0,0,0,0,0,0,0,0,10000,0,0,0,10000,0,10000,10000
051468,智邦日盛95購01  ,0,0,0,0,0,0,0,0,0,10000,0,0,0,36000,26000,10000,10000
051748,超眾國泰96購01  ,0,0,0,0,0,0,0,0,0,10000,0,0,0,10000,0,10000,10000
049338,台達電統一94購04,0,0,0,0,0,0,0,0,0,10000,0,0,0,40000,30000,10000,10000
049308,台達電凱基94購04,0,0,0,0,0,0,0,0,0,10000,0,0,0,16000,6000,10000,10000
049316,茂林凱基94購02  ,0,0,0,0,0,0,0,0,0,10000,0,0,0,10000,0,10000,10000
049328,元上證統一94購01,0,0,0,0,0,0,0,0,0,10000,0,0,0,10000,0,10000,10000
051625,聯發科麥證95購01,0,0,0,10000,0,10000,0,0,0,10000,0,0,0,10000,0,10000,10000
051707,欣興群益95購02  ,0,0,0,0,0,0,0,0,0,10000,0,0,0,10000,0,10000,10000
05024P,華通國票96售01  ,0,0,0,0,0,0,0,0,0,10000,0,0,0,10000,0,10000,10000
050222,瑞儀元富94購01  ,0,0,0,0,0,0,0,0,0,10000,0,0,0,10000,0,10000,10000
051847,香港反中信99購01,0,0,0,0,0,0,0,0,0,10000,0,0,0,10000,0,10000,10000
051855,道瓊反凱基97購01,0,0,0,0,0,0,0,0,0,10000,0,0,0,10000,0,10000,10000
051868,貿聯凱基96購01  ,0,0,0,0,0,0,0,0,0,10000,0,0,0,10000,0,10000,10000
051791,智伸科國票96購01,0,0,0,0,0,0,0,0,0,10000,0,0,0,10000,0,10000,10000
051807,瑞昱凱基95購03  ,0,0,0,0,0,0,0,0,0,10000,0,0,0,10000,0,10000,10000
049158,元油2X中信94購03,0,0,0,0,0,0,0,0,0,10000,0,0,0,10000,0,10000,10000
049014,台達電群益94購02,0,0,0,0,0,0,0,0,0,10000,0,0,0,20000,10000,10000,10000
049018,光罩群益94購01  ,0,0,0,0,0,0,0,0,0,10000,0,0,0,10000,0,10000,10000
049509,台達電凱基94購07,0,0,0,0,0,0,0,0,0,10000,0,0,0,144000,134000,10000,10000
050364,卜蜂元大94購02  ,0,0,0,0,0,0,0,0,0,10000,0,0,0,10000,0,10000,10000
050384,嘉澤國票94購02  ,0,0,0,0,0,0,0,0,0,10000,0,0,0,10000,0,10000,10000
048825,華新科凱基94購05,0,0,0,0,0,0,0,0,0,10000,0,0,0,30000,20000,10000,10000
048967,凌陽元大95購01  ,0,0,0,0,0,0,0,0,0,10000,0,0,0,10000,0,10000,10000
050302,百和凱基94購03  ,0,0,0,0,0,0,0,0,0,10000,0,0,0,10000,0,10000,10000
050294,宏達電凱基94購04,0,0,0,0,0,0,0,0,0,10000,0,0,0,10000,0,10000,10000
051081,聯茂富邦96購01  ,0,0,0,0,0,0,0,0,0,10000,0,0,0,10000,0,10000,10000
052702,群創國票97購03  ,0,0,0,0,0,0,0,0,0,10000,0,0,0,10000,0,10000,10000
052610,貿聯元大97購01  ,0,0,0,0,0,0,0,0,0,10000,0,0,0,150000,140000,10000,10000
052593,台積電群益96購02,0,0,0,0,0,0,0,0,0,10000,0,0,0,136000,126000,10000,10000
052433,滬深2X國泰96購02,0,0,0,0,0,0,0,0,0,10000,0,0,0,10000,0,10000,10000
05238P,禾伸堂永豐95售01,0,0,0,0,0,0,0,0,0,10000,0,0,0,229000,219000,10000,10000
05239P,欣興永豐95售03  ,0,0,0,0,0,0,0,0,0,10000,0,0,0,10000,0,10000,10000
052374,瑞昱元大95購02  ,0,0,0,0,0,0,0,0,0,10000,0,0,0,24000,14000,10000,10000
052522,聯發科元大96購05,0,0,0,0,0,0,0,0,0,10000,0,0,0,10000,0,10000,10000
052517,滬深2X元大95購05,0,0,0,0,0,0,0,0,0,10000,0,0,0,10000,0,10000,10000
052514,嘉澤凱基96購01  ,0,0,0,0,0,0,0,0,0,10000,0,0,0,10000,0,10000,10000
052501,茂林永豐95購04  ,0,0,0,0,0,0,0,0,0,10000,0,0,0,10000,0,10000,10000
052855,群創日盛99購01  ,0,0,0,0,0,0,0,0,0,10000,0,0,0,10000,0,10000,10000
052790,智邦兆豐97購01  ,0,0,0,0,0,0,0,0,0,10000,0,0,0,10000,0,10000,10000
052786,S&P500中信96購01,0,0,0,0,0,0,0,0,0,10000,0,0,0,20000,10000,10000,10000
052945,嘉晶國票97購01  ,0,0,0,0,0,0,0,0,0,10000,0,0,0,48000,38000,10000,10000
052968,燿華群益98購01  ,0,0,0,0,0,0,0,0,0,10000,0,0,0,10000,0,10000,10000
052983,國巨元大96購07  ,0,0,0,0,0,0,0,0,0,10000,0,0,0,117000,107000,10000,10000
052950,超眾國票98購01  ,0,0,0,0,0,0,0,0,0,10000,0,0,0,40000,30000,10000,10000
052966,光磊群益96購01  ,0,0,0,0,0,0,0,0,0,10000,0,0,0,10000,0,10000,10000
053049,T50反1國票98購01,0,0,0,0,0,0,0,0,0,10000,0,0,0,10000,0,10000,10000
05340P,臺股指國票95售08,0,0,0,0,0,0,0,0,0,10000,0,0,0,90000,80000,10000,10000
053339,友達國票97購02  ,0,0,0,0,0,0,0,0,0,10000,0,0,0,10000,0,10000,10000
053343,宏達電國票97購02,0,0,0,0,0,0,0,0,0,10000,0,0,0,10000,0,10000,10000
053300,大成鋼凱基96購02,0,0,0,0,0,0,0,0,0,10000,0,0,0,12000,2000,10000,10000
053315,漢唐群益96購02  ,0,0,0,0,0,0,0,0,0,10000,0,0,0,10000,0,10000,10000
053233,大立光永豐96購01,0,0,0,0,0,0,0,0,0,10000,0,0,0,30000,20000,10000,10000
053200,華邦電日盛96購01,0,0,0,0,0,0,0,0,0,10000,0,0,0,110000,100000,10000,10000
053173,矽格群益97購01  ,0,0,0,0,0,0,0,0,0,10000,0,0,0,15000,5000,10000,10000
053580,國巨元大96購10  ,0,0,0,0,0,0,0,0,0,10000,0,0,0,40000,30000,10000,10000
053565,台光電富邦98購01,0,0,0,0,0,0,0,0,0,10000,0,0,0,10000,0,10000,10000
053694,創意元大96購03  ,0,0,0,0,0,0,0,0,0,10000,0,0,0,10000,0,10000,10000
05368P,可成元富95售03  ,0,0,0,0,0,0,0,0,0,10000,0,0,0,10000,0,10000,10000
053684,台積電元大96購17,0,0,0,0,0,0,0,0,0,10000,0,0,0,311000,301000,10000,10000
053672,嘉澤元富96購02  ,0,0,0,0,0,0,0,0,0,10000,0,0,0,10000,0,10000,10000
05369P,可成元富95售04  ,0,0,0,0,0,0,0,0,0,10000,0,0,0,10000,0,10000,10000
053776,台積電元大96購19,0,0,0,0,0,0,0,0,0,10000,0,0,0,17000,7000,10000,10000
053905,華新科凱基96購10,0,0,0,0,0,0,0,0,0,10000,0,0,0,21000,11000,10000,10000
05388P,南亞科元大95售04,0,0,0,0,0,0,0,0,0,10000,0,0,0,20000,10000,10000,10000
054009,欣興元富96購03  ,0,0,0,0,0,0,0,0,0,10000,0,0,0,30000,20000,10000,10000
054064,台郡國票97購04  ,0,0,0,0,0,0,0,0,0,10000,0,0,0,20000,10000,10000,10000
054067,百和國票97購03  ,0,0,0,0,0,0,0,0,0,10000,0,0,0,20000,10000,10000,10000
054270,寶滬深中信98購01,0,0,0,0,0,0,0,0,0,10000,0,0,0,10000,0,10000,10000
054267,上銀第一96購01  ,0,0,0,0,0,0,0,0,0,10000,0,0,0,10000,0,10000,10000
054262,瀚宇博元大96購03,0,0,0,0,0,0,0,0,0,10000,0,0,0,26000,16000,10000,10000
05433P,智原元富95售02  ,0,0,0,0,0,0,0,0,0,10000,0,0,0,10000,0,10000,10000
054372,南亞科中信96購01,0,0,0,0,0,0,0,0,0,10000,0,0,0,190000,180000,10000,10000
054360,智邦凱基96購03  ,0,0,0,0,0,0,0,0,0,10000,0,0,0,53000,43000,10000,10000
054396,日電貿永豐96購02,0,0,0,0,0,0,0,0,0,10000,0,0,0,35000,25000,10000,10000
054408,義隆國票98購01  ,0,0,0,0,0,0,0,0,0,10000,0,0,0,10000,0,10000,10000
054121,奇鋐永豐96購02  ,0,0,0,0,0,0,0,0,0,10000,0,0,0,61000,51000,10000,10000
054132,聯發科元大97購10,0,0,0,0,0,0,0,0,0,10000,0,0,0,10000,0,10000,10000
054151,瑞昱國泰97購01  ,0,0,0,0,0,0,0,0,0,10000,0,0,0,54000,44000,10000,10000
054200,美律富邦97購02  ,0,0,0,0,0,0,0,0,0,10000,0,0,0,10000,0,10000,10000
054205,華新國票97購02  ,0,0,0,0,0,0,0,0,0,10000,0,0,0,30000,20000,10000,10000
054236,貿聯群益96購01  ,0,0,0,0,0,0,0,0,0,10000,0,0,0,10000,0,10000,10000
054231,國巨群益98購03  ,0,0,0,0,0,0,0,0,0,10000,0,0,0,10000,0,10000,10000
054256,創意元大96購07  ,0,0,0,0,0,0,0,0,0,10000,0,0,0,10000,0,10000,10000
054815,台積電元大97購14,0,0,0,0,0,0,0,0,0,10000,0,0,0,40000,30000,10000,10000
054862,群光群益97購01  ,0,0,0,0,0,0,0,0,0,10000,0,0,0,11000,1000,10000,10000
054877,百和群益98購01  ,0,0,0,0,0,0,0,0,0,10000,0,0,0,25000,15000,10000,10000
054916,聯發科凱基98購04,0,0,0,0,0,0,0,0,0,10000,0,0,0,10000,0,10000,10000
054951,大毅元大97購01  ,0,0,0,0,0,0,0,0,0,10000,0,0,0,274000,264000,10000,10000
054955,宏達電元大98購01,0,0,0,0,0,0,0,0,0,10000,0,0,0,12000,2000,10000,10000
054739,義隆凱基98購02  ,0,0,0,0,0,0,0,0,0,10000,0,0,0,60000,50000,10000,10000
054654,全新麥證99購01  ,0,0,0,20000,10000,10000,0,0,0,10000,0,0,0,20000,10000,10000,10000
05460P,台郡凱基95售05  ,0,0,0,0,0,0,0,0,0,10000,0,0,0,35000,25000,10000,10000
054493,同欣電台新96購01,0,0,0,0,0,0,0,0,0,10000,0,0,0,30000,20000,10000,10000
054508,臺股指永豐96購04,0,0,0,0,0,0,0,0,0,10000,0,0,0,10000,0,10000,10000
054469,同欣電凱基97購01,0,0,0,0,0,0,0,0,0,10000,0,0,0,30000,20000,10000,10000
3416,融程電          ,11000,1000,10000,0,0,0,0,0,0,0,0,0,0,0,0,0,10000
2539,櫻花建          ,13000,3000,10000,0,0,0,0,0,0,0,0,0,0,0,0,0,10000
2477,美隆電          ,13000,3000,10000,0,0,0,0,0,0,0,0,0,0,0,0,0,10000
2530,華建            ,16000,6000,10000,0,0,0,0,0,0,0,0,0,0,0,0,0,10000
4994,傳奇            ,33000,22000,11000,0,0,0,0,0,0,-1000,0,0,0,0,1000,-1000,10000
05847P,大立光元大96售08,0,0,0,0,0,0,0,0,0,10000,0,0,0,22000,12000,10000,10000
05902P,華通國票96售02  ,0,0,0,0,0,0,0,0,0,10000,0,0,0,10000,0,10000,10000
05945P,聯詠中信96售01  ,0,0,0,0,0,0,0,0,0,10000,0,0,0,37000,27000,10000,10000
05957P,友達國票97售04  ,0,0,0,0,0,0,0,0,0,10000,0,0,0,40000,30000,10000,10000
057566,欣興富邦99購01  ,0,0,0,0,0,0,0,0,0,10000,0,0,0,15000,5000,10000,10000
06051P,嘉聯益國票97售04,0,0,0,0,0,0,0,0,0,10000,0,0,0,20000,10000,10000,10000
06092P,嘉聯益統一97售01,0,0,0,0,0,0,0,0,0,10000,0,0,0,20000,10000,10000,10000
06303P,臺股指元大97售09,0,0,0,0,0,0,0,0,0,10000,0,0,0,10000,0,10000,10000
1452,宏益            ,10000,0,10000,0,0,0,0,0,0,0,0,0,0,0,0,0,10000
1337,再生-KY         ,19000,9000,10000,0,0,0,0,0,0,0,0,0,0,0,0,0,10000
1730,花仙子          ,31000,21000,10000,0,0,0,0,0,0,0,0,0,0,0,0,0,10000
06461P,玉晶光國泰9A售01,0,0,0,0,0,0,0,0,0,10000,0,0,0,27000,17000,10000,10000
06445P,大立光凱基98售09,0,0,0,0,0,0,0,0,0,10000,0,0,0,28000,18000,10000,10000
06415P,台積電群益97售07,0,0,0,0,0,0,0,0,0,10000,0,0,0,20000,10000,10000,10000
06438P,玉晶光國票99售02,0,0,0,0,0,0,0,0,0,10000,0,0,0,13000,3000,10000,10000
06430P,大立光元大97售16,0,0,0,0,0,0,0,0,0,10000,0,0,0,10000,0,10000,10000
06702P,智邦元富98售01  ,0,0,0,0,0,0,0,0,0,10000,0,0,0,10000,0,10000,10000
06677P,牧德國票98售02  ,0,0,0,0,0,0,0,0,0,10000,0,0,0,10000,0,10000,10000
06627P,華新科元富99售01,0,0,0,0,0,0,0,0,0,10000,0,0,0,10000,0,10000,10000
055058,大毅永豐97購01  ,0,0,0,0,0,0,0,0,0,9000,0,0,0,151000,142000,9000,9000
055406,大毅國泰99購01  ,0,0,0,0,0,0,0,0,0,9000,0,0,0,10000,1000,9000,9000
055598,欣興元大97購03  ,0,0,0,0,0,0,0,0,0,9000,0,0,0,10000,1000,9000,9000
056039,宏達電凱基97購02,0,0,0,0,0,0,0,0,0,9000,0,0,0,10000,1000,9000,9000
055775,友達凱基9A購01  ,0,0,0,0,0,0,0,0,0,9000,0,0,0,24000,15000,9000,9000
05662P,景碩元富96售01  ,0,0,0,0,0,0,0,0,0,9000,0,0,0,45000,36000,9000,9000
056737,國巨凱基9A購01  ,0,0,0,0,0,0,0,0,0,9000,0,0,0,9000,0,9000,9000
051120,南亞科群益95購01,0,0,0,0,0,0,0,0,0,9000,0,0,0,98000,89000,9000,9000
050166,彩晶國泰95購01  ,0,0,0,0,0,0,0,0,0,9000,0,0,0,19000,10000,9000,9000
050986,上証2X永昌97購01,0,0,0,0,0,0,0,0,0,9000,0,0,0,9000,0,9000,9000
047898,嘉澤群益93購02  ,0,0,0,0,0,0,0,0,0,9000,0,0,0,29000,20000,9000,9000
048114,景碩群益93購02  ,0,0,0,0,0,0,0,0,0,9000,0,0,0,11000,2000,9000,9000
04670P,臺股指國票94售09,0,0,0,0,0,0,0,0,0,9000,0,0,0,9000,0,9000,9000
046187,友達凱基93購03  ,0,0,0,0,0,0,0,0,0,9000,0,0,0,12000,3000,9000,9000
048345,緯創元大94購01  ,0,0,0,0,0,0,0,0,0,9000,0,0,0,9000,0,9000,9000
048983,牧德元大95購01  ,0,0,0,0,0,0,0,0,0,9000,0,0,0,45000,36000,9000,9000
048945,訊連永豐94購01  ,0,0,0,0,0,0,0,0,0,9000,0,0,0,10000,1000,9000,9000
049019,美律群益94購02  ,0,0,0,0,0,0,0,0,0,9000,0,0,0,9000,0,9000,9000
049062,華新科日盛94購01,0,0,0,0,0,0,0,0,0,9000,0,0,0,75000,66000,9000,9000
050233,香港2X凱基96購01,0,0,0,0,0,0,0,0,0,9000,0,0,0,11000,2000,9000,9000
051568,智邦富邦95購01  ,0,0,0,0,0,0,0,0,0,9000,0,0,0,10000,1000,9000,9000
05093P,可成元大95售03  ,0,0,0,0,0,0,0,0,0,9000,0,0,0,139000,130000,9000,9000
051973,華新科凱基96購04,0,0,0,0,0,0,0,0,0,9000,0,0,0,12000,3000,9000,9000
052077,可成元富98購02  ,0,0,0,0,0,0,0,0,0,9000,0,0,0,9000,0,9000,9000
049814,超眾元大95購04  ,0,0,0,0,0,0,0,0,0,9000,0,0,0,16000,7000,9000,9000
048780,臺股指凱基94購03,0,0,0,0,0,0,0,0,0,9000,0,0,0,24000,15000,9000,9000
054753,復盛凱基98購01  ,0,0,0,0,0,0,0,0,0,9000,0,0,0,73000,64000,9000,9000
054844,華邦電兆豐98購01,0,0,0,0,0,0,0,0,0,9000,0,0,0,9000,0,9000,9000
054808,東元元大9A購01  ,0,0,0,0,0,0,0,0,0,9000,0,0,0,11000,2000,9000,9000
054007,貿聯統一96購01  ,0,0,0,0,0,0,0,0,0,9000,0,0,0,87000,78000,9000,9000
053880,智邦中信96購01  ,0,0,0,0,0,0,0,0,0,9000,0,0,0,41000,32000,9000,9000
053875,GIS元大97購01   ,0,0,0,0,0,0,0,0,0,9000,0,0,0,10000,1000,9000,9000
053926,晶相光國票97購01,0,0,0,0,0,0,0,0,0,9000,0,0,0,79000,70000,9000,9000
053443,智邦凱基97購01  ,0,0,0,0,0,0,0,0,0,9000,0,0,0,21000,12000,9000,9000
053175,矽力群益96購01  ,0,0,0,0,0,0,0,0,0,9000,0,0,0,176000,167000,9000,9000
053179,大立光統一96購04,0,0,0,0,0,0,0,0,0,9000,0,0,0,10000,1000,9000,9000
053151,華新科元大96購04,0,0,0,0,0,0,0,0,0,9000,0,0,0,10000,1000,9000,9000
052895,台積電群益96購04,0,0,0,0,0,0,0,0,0,9000,0,0,0,778000,769000,9000,9000
052367,聯茂國票96購02  ,0,0,0,0,0,0,0,0,0,9000,0,0,0,69000,60000,9000,9000
052422,聯電國票96購03  ,0,0,0,0,0,0,0,0,0,9000,0,0,0,25000,16000,9000,9000
052674,智邦國泰98購01  ,0,0,0,0,0,0,0,0,0,9000,0,0,0,36000,27000,9000,9000
052686,華新科元大96購03,0,0,0,0,0,0,0,0,0,9000,0,0,0,10000,1000,9000,9000
06611P,祥碩國票98售01  ,0,0,0,0,0,0,0,0,0,9000,0,0,0,19000,10000,9000,9000
1783,和康生          ,11000,2000,9000,0,0,0,0,0,0,0,0,0,0,0,0,0,9000
1449,佳和            ,44000,35000,9000,0,0,0,0,0,0,0,0,0,0,0,0,0,9000
1726,永記            ,12000,3000,9000,0,0,0,0,0,0,0,0,0,0,0,0,0,9000
06299P,可成元大97售04  ,0,0,0,0,0,0,0,0,0,9000,0,0,0,9000,0,9000,9000
06316P,臺股指元富97售03,0,0,0,0,0,0,0,0,0,9000,0,0,0,14000,5000,9000,9000
05883P,致伸永豐96售03  ,0,0,0,0,0,0,0,0,0,9000,0,0,0,10000,1000,9000,9000
3712,永崴投控        ,24000,15000,9000,0,0,0,0,0,0,0,1000,1000,0,0,0,0,9000
3346,麗清            ,9000,0,9000,0,0,0,0,0,0,0,0,0,0,0,0,0,9000
3257,虹冠電          ,9000,2000,7000,0,0,0,0,0,0,2000,2000,0,2000,0,0,0,9000
056736,國巨凱基99購03  ,0,0,0,0,0,0,0,0,0,8000,0,0,0,8000,0,8000,8000
057036,元油2X元大9B購04,0,0,0,0,0,0,0,0,0,8000,0,0,0,8000,0,8000,8000
056967,奇鋐永豐98購01  ,0,0,0,0,0,0,0,0,0,8000,0,0,0,10000,2000,8000,8000
05745P,富邦金兆豐96售02,0,0,0,0,0,0,0,0,0,8000,0,0,0,8000,0,8000,8000
057271,國巨元大98購17  ,0,0,0,0,0,0,0,0,0,8000,0,0,0,277000,269000,8000,8000
05580P,美律凱基96售03  ,0,0,0,0,0,0,0,0,0,8000,0,0,0,8000,0,8000,8000
055506,台郡元大99購02  ,0,0,0,0,0,0,0,0,0,8000,0,0,0,32000,24000,8000,8000
055367,台積電元大97購23,0,0,0,0,0,0,0,0,0,8000,0,0,0,336000,328000,8000,8000
045140,玉晶光兆豐93購02,0,0,0,0,0,0,0,0,0,8000,0,0,0,10000,2000,8000,8000
04616P,臺股指群益95售02,0,0,0,0,0,0,0,0,0,8000,0,0,0,107000,99000,8000,8000
04475P,欣興元大94售03  ,0,0,0,0,0,0,0,0,0,8000,0,0,0,8000,0,8000,8000
044578,緯創凱基93購02  ,0,0,0,0,0,0,0,0,0,8000,0,0,0,70000,62000,8000,8000
036628,統一台新99購01  ,0,0,0,0,0,0,0,0,0,8000,0,0,0,9000,1000,8000,8000
04179P,滬深2X國票93售03,0,0,0,0,0,0,0,0,0,8000,0,0,0,8000,0,8000,8000
047994,亞德客元大93購03,0,0,0,0,0,0,0,0,0,8000,0,0,0,24000,16000,8000,8000
047014,元油反元大99購01,0,0,0,0,0,0,0,0,0,8000,0,0,0,10000,2000,8000,8000
050996,隆達元大95購01  ,0,0,0,0,0,0,0,0,0,8000,0,0,0,8000,0,8000,8000
050180,華新科元大95購08,0,0,0,0,0,0,0,0,0,8000,0,0,0,10000,2000,8000,8000
051170,南電元大95購03  ,0,0,0,0,0,0,0,0,0,8000,0,0,0,10000,2000,8000,8000
049615,香港2X群益98購01,0,0,0,0,0,0,0,0,0,8000,0,0,0,8000,0,8000,8000
049874,全新康和94購01  ,0,0,0,0,0,0,0,0,0,8000,0,0,0,8000,0,8000,8000
050419,鴻海凱基95購02  ,0,0,0,0,0,0,0,0,0,8000,0,0,0,8000,0,8000,8000
051979,群創凱基97購01  ,0,0,0,0,0,0,0,0,0,8000,0,0,0,55000,47000,8000,8000
051576,台積電元大97購02,0,0,0,0,0,0,0,0,0,8000,0,0,0,414000,406000,8000,8000
051577,台積電元大97購03,0,0,0,0,0,0,0,0,0,8000,0,0,0,339000,331000,8000,8000
051450,世芯元大95購02  ,0,0,0,0,0,0,0,0,0,8000,0,0,0,26000,18000,8000,8000
049237,元油2X元富96購07,0,0,0,0,0,0,0,0,0,8000,0,0,0,23000,15000,8000,8000
05034P,台積電元大95售08,0,0,0,0,0,0,0,0,0,8000,0,0,0,15000,7000,8000,8000
050351,華新科群益95購02,0,0,0,0,0,0,0,0,0,8000,0,0,0,10000,2000,8000,8000
048869,光罩國票94購01  ,0,0,0,0,0,0,0,0,0,8000,0,0,0,30000,22000,8000,8000
048832,玉晶光凱基95購02,0,0,0,0,0,0,0,0,0,8000,0,0,0,15000,7000,8000,8000
051085,鴻海元大95購03  ,0,0,0,0,0,0,0,0,0,8000,0,0,0,798000,790000,8000,8000
052362,瑞昱國票96購02  ,0,0,0,0,0,0,0,0,0,8000,0,0,0,8000,0,8000,8000
052951,GIS國票97購02   ,0,0,0,0,0,0,0,0,0,8000,0,0,0,68000,60000,8000,8000
053057,聯電國泰97購02  ,0,0,0,0,0,0,0,0,0,8000,0,0,0,8000,0,8000,8000
052901,台達電國票97購01,0,0,0,0,0,0,0,0,0,8000,0,0,0,33000,25000,8000,8000
053287,臺股指元大96購15,0,0,0,0,0,0,0,0,0,8000,0,0,0,8000,0,8000,8000
053660,群創凱基98購08  ,0,0,0,0,0,0,0,0,0,8000,0,0,0,8000,0,8000,8000
054246,國巨元大96購12  ,0,0,0,0,0,0,0,0,0,8000,0,0,0,164000,156000,8000,8000
054172,易華電凱基98購01,0,0,0,0,0,0,0,0,0,8000,0,0,0,24000,16000,8000,8000
054173,奇力新台新97購02,0,0,0,0,0,0,0,0,0,8000,0,0,0,48000,40000,8000,8000
05412P,泰碩國票95售02  ,0,0,0,0,0,0,0,0,0,8000,0,0,0,8000,0,8000,8000
054287,台積電元大97購11,0,0,0,0,0,0,0,0,0,8000,0,0,0,382000,374000,8000,8000
05494P,華邦電統一95售02,0,0,0,0,0,0,0,0,0,8000,0,0,0,10000,2000,8000,8000
055024,興勤國泰98購01  ,0,0,0,0,0,0,0,0,0,8000,0,0,0,68000,60000,8000,8000
054751,GIS凱基98購01   ,0,0,0,0,0,0,0,0,0,8000,0,0,0,20000,12000,8000,8000
054553,宏達電凱基99購01,0,0,0,0,0,0,0,0,0,8000,0,0,0,18000,10000,8000,8000
2706,第一店          ,13000,5000,8000,0,0,0,0,0,0,0,0,0,0,0,0,0,8000
2882A,國泰特          ,0,0,0,0,0,0,0,0,0,8000,8000,0,8000,0,0,0,8000
4722,國精化          ,8000,0,8000,0,0,0,0,0,0,0,0,0,0,0,0,0,8000
5285,界霖            ,24000,16000,8000,0,0,0,0,0,0,0,0,0,0,0,0,0,8000
6672,騰輝電子-KY     ,126000,118000,8000,0,0,0,0,0,0,0,0,0,0,0,0,0,8000
6605,帝寶            ,18000,10000,8000,0,0,0,0,0,0,0,0,0,0,0,0,0,8000
910861,神州-DR         ,8000,0,8000,0,0,0,0,0,0,0,0,0,0,0,0,0,8000
05817P,可成凱基96售07  ,0,0,0,0,0,0,0,0,0,8000,0,0,0,44000,36000,8000,8000
05916P,聯發科元大96售20,0,0,0,0,0,0,0,0,0,8000,0,0,0,33000,25000,8000,8000
05758P,光罩永豐96售02  ,0,0,0,0,0,0,0,0,0,8000,0,0,0,14000,6000,8000,8000
06114P,台積電統一97售03,0,0,0,0,0,0,0,0,0,8000,0,0,0,8000,0,8000,8000
1817,凱撒衛          ,8000,0,8000,0,0,0,0,0,0,0,0,0,0,0,0,0,8000
2362,藍天            ,82000,78000,4000,0,0,0,0,0,0,4000,4000,0,4000,0,0,0,8000
1626,艾美特-KY       ,45000,37874,7126,0,0,0,0,0,0,0,0,0,0,0,0,0,7126
055461,TPK永豐97購01   ,0,0,0,0,0,0,0,0,0,7000,0,0,0,10000,3000,7000,7000
055463,國喬凱基97購01  ,0,0,0,0,0,0,0,0,0,7000,0,0,0,60000,53000,7000,7000
055094,智易群益98購01  ,0,0,0,0,0,0,0,0,0,7000,0,0,0,7000,0,7000,7000
05574P,英業達元富96售01,0,0,0,0,0,0,0,0,0,7000,0,0,0,24000,17000,7000,7000
057482,微星元大98購03  ,0,0,0,0,0,0,0,0,0,7000,0,0,0,22000,15000,7000,7000
05717P,鴻海元大97售07  ,0,0,0,0,0,0,0,0,0,7000,0,0,0,539000,532000,7000,7000
056745,聯茂凱基99購03  ,0,0,0,0,0,0,0,0,0,7000,0,0,0,28000,21000,7000,7000
056618,京元電永豐98購01,0,0,0,0,0,0,0,0,0,7000,0,0,0,27000,20000,7000,7000
056665,上証2X國票99購02,0,0,0,0,0,0,0,0,0,7000,0,0,0,11000,4000,7000,7000
056322,臺股指群益98購01,0,0,0,0,0,0,0,0,0,7000,0,0,0,7000,0,7000,7000
056569,T50正2元大9B購02,0,0,0,0,0,0,0,0,0,7000,0,0,0,12000,5000,7000,7000
056465,臺股指凱基99購07,0,0,0,0,0,0,0,0,0,7000,0,0,0,7000,0,7000,7000
047782,燿華國泰95購01  ,0,0,0,0,0,0,0,0,0,7000,0,0,0,7000,0,7000,7000
047992,東陽元大96購01  ,0,0,0,0,0,0,0,0,0,7000,0,0,0,7000,0,7000,7000
03033X,元展30          ,0,0,0,0,0,0,0,0,0,7000,0,0,0,7000,0,7000,7000
0051,元大中型100     ,1000,1000,0,0,0,0,0,0,0,7000,0,0,0,20000,13000,7000,7000
042930,大立光中信94購01,0,0,0,0,0,0,0,0,0,7000,0,0,0,7000,0,7000,7000
04345P,景碩國泰94售02  ,0,0,0,0,0,0,0,0,0,7000,0,0,0,7000,0,7000,7000
045669,華通元大93購02  ,0,0,0,0,0,0,0,0,0,7000,0,0,0,7000,0,7000,7000
048839,牧德凱基95購01  ,0,0,0,0,0,0,0,0,0,7000,0,0,0,56000,49000,7000,7000
050371,台積電元大94購25,0,0,0,0,0,0,0,0,0,7000,0,0,0,301000,294000,7000,7000
051424,緯穎國票97購01  ,0,0,0,0,0,0,0,0,0,7000,0,0,0,21000,14000,7000,7000
050587,緯穎國票94購02  ,0,0,0,0,0,0,0,0,0,7000,0,0,0,52000,45000,7000,7000
052172,致茂元大95購01  ,0,0,0,0,0,0,0,0,0,7000,0,0,0,12000,5000,7000,7000
050441,和碩凱基94購01  ,0,0,0,0,0,0,0,0,0,7000,0,0,0,71000,64000,7000,7000
049899,台積電元富94購05,0,0,0,0,0,0,0,0,0,7000,0,0,0,17000,10000,7000,7000
049977,瑞昱凱基94購03  ,0,0,0,0,0,0,0,0,0,7000,0,0,0,29000,22000,7000,7000
050513,亞泥元大94購02  ,0,0,0,0,0,0,0,0,0,7000,0,0,0,41000,34000,7000,7000
051239,國巨元大96購02  ,0,0,0,0,0,0,0,0,0,7000,0,0,0,15000,8000,7000,7000
051536,玉晶光國票97購01,0,0,0,0,0,0,0,0,0,7000,0,0,0,18000,11000,7000,7000
05447P,臺股指元大95售24,0,0,0,0,0,0,0,0,0,7000,0,0,0,172000,165000,7000,7000
054917,聯發科凱基98購05,0,0,0,0,0,0,0,0,0,7000,0,0,0,7000,0,7000,7000
05437P,聯詠永豐95售02  ,0,0,0,0,0,0,0,0,0,7000,0,0,0,27000,20000,7000,7000
053766,友達富邦97購01  ,0,0,0,0,0,0,0,0,0,7000,0,0,0,12000,5000,7000,7000
053484,國巨國票97購03  ,0,0,0,0,0,0,0,0,0,7000,0,0,0,47000,40000,7000,7000
053482,矽力元大96購03  ,0,0,0,0,0,0,0,0,0,7000,0,0,0,49000,42000,7000,7000
053153,大立光元大99購02,0,0,0,0,0,0,0,0,0,7000,0,0,0,43000,36000,7000,7000
052740,聯發科元大96購07,0,0,0,0,0,0,0,0,0,7000,0,0,0,175000,168000,7000,7000
05245P,台積電元大95售18,0,0,0,0,0,0,0,0,0,7000,0,0,0,427000,420000,7000,7000
052701,群創國票96購01  ,0,0,0,0,0,0,0,0,0,7000,0,0,0,11000,4000,7000,7000
1618,合機            ,8000,1000,7000,0,0,0,0,0,0,0,1000,1000,0,0,0,0,7000
1540,喬福            ,7000,0,7000,0,0,0,0,0,0,0,0,0,0,0,0,0,7000
1474,弘裕            ,7000,0,7000,0,0,0,0,0,0,0,0,0,0,0,0,0,7000
1419,新紡            ,7000,0,7000,0,0,0,0,0,0,0,0,0,0,0,0,0,7000
06619P,聯發科元大98售06,0,0,0,0,0,0,0,0,0,7000,0,0,0,7000,0,7000,7000
06359P,上銀群益97售03  ,0,0,0,0,0,0,0,0,0,7000,0,0,0,83000,76000,7000,7000
06453P,群創元大9B售02  ,0,0,0,0,0,0,0,0,0,7000,0,0,0,7000,0,7000,7000
06549P,大立光元大98售11,0,0,0,0,0,0,0,0,0,7000,0,0,0,7000,0,7000,7000
06079P,燿華群益98售02  ,0,0,0,0,0,0,0,0,0,7000,0,0,0,29000,22000,7000,7000
05961P,鴻海群益97售01  ,0,0,0,0,0,0,0,0,0,7000,0,0,0,17000,10000,7000,7000
9902,台火            ,10000,3000,7000,0,0,0,0,0,0,0,0,0,0,0,0,0,7000
8454,富邦媒          ,53000,47000,6000,0,0,0,0,0,0,1000,1000,0,1000,0,0,0,7000
4952,凌通            ,11000,4000,7000,0,0,0,0,0,0,0,0,0,0,0,0,0,7000
2433,互盛電          ,10000,3000,7000,0,0,0,0,0,0,0,0,0,0,0,0,0,7000
3025,星通            ,9000,3000,6000,0,0,0,0,0,0,1000,1000,0,1000,0,0,0,7000
1709,和益            ,66750,60000,6750,0,0,0,0,0,0,0,1000,1000,0,0,0,0,6750
056456,群創凱基9B購01  ,0,0,0,0,0,0,0,0,0,6000,0,0,0,6000,0,6000,6000
056519,創意國票99購01  ,0,0,0,0,0,0,0,0,0,6000,0,0,0,21000,15000,6000,6000
056583,昇陽半元大98購02,0,0,0,0,0,0,0,0,0,6000,0,0,0,6000,0,6000,6000
056735,國巨凱基99購02  ,0,0,0,0,0,0,0,0,0,6000,0,0,0,9000,3000,6000,6000
056731,國巨凱基98購04  ,0,0,0,0,0,0,0,0,0,6000,0,0,0,10000,4000,6000,6000
056720,世紀鋼永豐98購01,0,0,0,0,0,0,0,0,0,6000,0,0,0,88000,82000,6000,6000
056814,元油2X永豐98購04,0,0,0,0,0,0,0,0,0,6000,0,0,0,6000,0,6000,6000
057131,奇力新凱基98購05,0,0,0,0,0,0,0,0,0,6000,0,0,0,206000,200000,6000,6000
057479,致茂元大98購03  ,0,0,0,0,0,0,0,0,0,6000,0,0,0,6000,0,6000,6000
057476,國巨元大98購19  ,0,0,0,0,0,0,0,0,0,6000,0,0,0,6000,0,6000,6000
057369,奇力新元大99購05,0,0,0,0,0,0,0,0,0,6000,0,0,0,111000,105000,6000,6000
057303,喬山兆豐99購01  ,0,0,0,0,0,0,0,0,0,6000,0,0,0,26000,20000,6000,6000
055952,上銀元大97購08  ,0,0,0,0,0,0,0,0,0,6000,0,0,0,6000,0,6000,6000
055083,康友中信97購01  ,0,0,0,0,0,0,0,0,0,6000,0,0,0,11000,5000,6000,6000
055291,京鼎元大97購02  ,0,0,0,0,0,0,0,0,0,6000,0,0,0,13000,7000,6000,6000
055457,聚陽永豐97購01  ,0,0,0,0,0,0,0,0,0,6000,0,0,0,267000,261000,6000,6000
055375,京鼎元大97購03  ,0,0,0,0,0,0,0,0,0,6000,0,0,0,148000,142000,6000,6000
045750,鈺齊富邦94購01  ,0,0,0,0,0,0,0,0,0,6000,0,0,0,22000,16000,6000,6000
03622P,台光電中信92售01,0,0,0,0,0,0,0,0,0,6000,0,0,0,6000,0,6000,6000
03957P,創意統一94售02  ,0,0,0,0,0,0,0,0,0,6000,0,0,0,6000,0,6000,6000
04087P,臺股指元富93售05,0,0,0,0,0,0,0,0,0,6000,0,0,0,6000,0,6000,6000
044711,台郡元大93購01  ,0,0,0,0,0,0,0,0,0,6000,0,0,0,10000,4000,6000,6000
045152,大立光凱基93購03,0,0,0,0,0,0,0,0,0,6000,0,0,0,8000,2000,6000,6000
047429,聯茂亞東93購01  ,0,0,0,0,0,0,0,0,0,6000,0,0,0,6000,0,6000,6000
047897,可成群益94購01  ,0,0,0,0,0,0,0,0,0,6000,0,0,0,144000,138000,6000,6000
047149,聯鈞群益93購01  ,0,0,0,0,0,0,0,0,0,6000,0,0,0,6000,0,6000,6000
051161,喬山元大95購02  ,0,130000,-130000,0,0,0,0,0,0,136000,0,0,0,136000,0,136000,6000
050138,台表科國票95購02,0,0,0,0,0,0,0,0,0,6000,0,0,0,6000,0,6000,6000
046976,國巨永豐93購02  ,0,0,0,0,0,0,0,0,0,6000,0,0,0,6000,0,6000,6000
046579,台積電元大92購32,0,0,0,0,0,0,0,0,0,6000,0,0,0,36000,30000,6000,6000
048702,正文國票95購01  ,0,0,0,0,0,0,0,0,0,6000,0,0,0,6000,0,6000,6000
048206,臺股指元大93購40,0,0,0,0,0,0,0,0,0,6000,0,0,0,6000,0,6000,6000
048283,亞德客中信94購01,0,0,0,0,0,0,0,0,0,6000,0,0,0,20000,14000,6000,6000
051537,牧德國票96購01  ,0,0,0,0,0,0,0,0,0,6000,0,0,0,6000,0,6000,6000
04994P,大成鋼凱基95售01,0,0,0,0,0,0,0,0,0,6000,0,0,0,6000,0,6000,6000
049894,嘉聯益富邦98購01,0,0,0,0,0,0,0,0,0,6000,0,0,0,6000,0,6000,6000
052278,國巨凱基95購06  ,0,0,0,0,0,0,0,0,0,6000,0,0,0,111000,105000,6000,6000
052259,深100富邦95購01 ,0,0,0,0,0,0,0,0,0,6000,0,0,0,10000,4000,6000,6000
051939,同欣電群益97購01,0,0,0,0,0,0,0,0,0,6000,0,0,0,47000,41000,6000,6000
051440,鴻海元大95購12  ,0,0,0,0,0,0,0,0,0,6000,0,0,0,6000,0,6000,6000
051418,智易國票97購01  ,0,0,0,0,0,0,0,0,0,6000,0,0,0,6000,0,6000,6000
051815,百和凱基96購01  ,0,0,0,0,0,0,0,0,0,6000,0,0,0,6000,0,6000,6000
051865,聯發科凱基96購04,0,0,0,0,0,0,0,0,0,6000,0,0,0,6000,0,6000,6000
04931P,臻鼎元富94售09  ,0,0,0,0,0,0,0,0,0,6000,0,0,0,10000,4000,6000,6000
049198,聯鈞永豐94購01  ,0,0,0,0,0,0,0,0,0,6000,0,0,0,12000,6000,6000,6000
048856,高鐵群益94購01  ,0,0,0,0,0,0,0,0,0,6000,0,0,0,14000,8000,6000,6000
051875,聯發科兆豐95購04,0,0,0,0,0,0,0,0,0,6000,0,0,0,16000,10000,6000,6000
050291,聯發科凱基94購16,0,0,0,0,0,0,0,0,0,6000,0,0,0,6000,0,6000,6000
052452,茂林元大95購03  ,0,0,0,0,0,0,0,0,0,6000,0,0,0,59000,53000,6000,6000
052417,聯發科兆豐9B購01,0,0,0,0,0,0,0,0,0,6000,0,0,0,15000,9000,6000,6000
052440,上証2X元大95購02,0,0,0,0,0,0,0,0,0,6000,0,0,0,6000,0,6000,6000
052887,華通中信96購01  ,0,0,0,0,0,0,0,0,0,6000,0,0,0,6000,0,6000,6000
05288P,寶成元富95售02  ,0,0,0,0,0,0,0,0,0,6000,0,0,0,6000,0,6000,6000
053095,台光電統一98購01,0,0,0,0,0,0,0,0,0,6000,0,0,0,6000,0,6000,6000
053556,康控凱基97購02  ,0,0,0,0,0,0,0,0,0,6000,0,0,0,6000,0,6000,6000
053616,奇力新群益97購01,0,0,0,0,0,0,0,0,0,6000,0,0,0,150000,144000,6000,6000
053708,道瓊反凱基98購01,0,0,0,0,0,0,0,0,0,6000,0,0,0,6000,0,6000,6000
053881,南亞科中信97購01,0,0,0,0,0,0,0,0,0,6000,0,0,0,61000,55000,6000,6000
054985,光罩元富97購01  ,0,0,0,0,0,0,0,0,0,6000,0,0,0,16000,10000,6000,6000
054737,京元電凱基99購01,0,0,0,0,0,0,0,0,0,6000,0,0,0,16000,10000,6000,6000
054712,上証2X中信98購02,0,0,0,0,0,0,0,0,0,6000,0,0,0,6000,0,6000,6000
1583,程泰            ,6000,0,6000,0,0,0,0,0,0,0,0,0,0,0,0,0,6000
1589,永冠-KY         ,156000,129000,27000,0,0,0,0,0,0,-21000,25000,46000,-21000,0,0,0,6000
1232,大統益          ,9000,3000,6000,0,0,0,0,0,0,0,0,0,0,0,0,0,6000
2305,全友            ,5000,0,5000,0,0,0,0,0,0,1000,1000,0,1000,0,0,0,6000
2012,春雨            ,6000,0,6000,0,0,0,0,0,0,0,0,0,0,0,0,0,6000
2029,盛餘            ,11000,5000,6000,0,0,0,0,0,0,0,0,0,0,0,0,0,6000
06529P,貿聯富邦99售03  ,0,0,0,0,0,0,0,0,0,6000,0,0,0,6000,0,6000,6000
06500P,臺股指元大9A售05,0,0,0,0,0,0,0,0,0,6000,0,0,0,31000,25000,6000,6000
06399P,台表科凱基97售05,0,0,0,0,0,0,0,0,0,6000,0,0,0,6000,0,6000,6000
05939P,聯發科凱基96售20,0,0,0,0,0,0,0,0,0,6000,0,0,0,57000,51000,6000,6000
06133P,帆宣元富97售02  ,0,0,0,0,0,0,0,0,0,6000,0,0,0,16000,10000,6000,6000
06312P,樺漢元富97售02  ,0,0,0,0,0,0,0,0,0,6000,0,0,0,6000,0,6000,6000
06309P,光罩元富97售03  ,0,0,0,0,0,0,0,0,0,6000,0,0,0,6000,0,6000,6000
06284P,台積電國票98售03,0,0,0,0,0,0,0,0,0,6000,0,0,0,12000,6000,6000,6000
06264P,友達凱基98售06  ,0,0,0,0,0,0,0,0,0,6000,0,0,0,20000,14000,6000,6000
3167,大量            ,10000,4000,6000,0,0,0,0,0,0,0,0,0,0,0,0,0,6000
3596,智易            ,278000,204000,74000,0,0,0,0,0,0,-68000,27000,25000,2000,1000,71000,-70000,6000
3679,新至陞          ,16000,9000,7000,0,0,0,0,0,0,-1000,0,1000,-1000,0,0,0,6000
2524,京城            ,13000,7000,6000,0,0,0,0,0,0,0,0,0,0,0,0,0,6000
2881A,富邦特          ,5000,0,5000,0,0,0,0,0,0,1000,1000,0,1000,0,0,0,6000
2816,旺旺保          ,20000,14000,6000,0,0,0,0,0,0,0,0,0,0,0,0,0,6000
6192,巨路            ,23000,17000,6000,0,0,0,0,0,0,0,0,0,0,0,0,0,6000
6141,柏承            ,86000,80000,6000,0,0,0,0,0,0,0,0,0,0,0,0,0,6000
8103,瀚荃            ,7000,1000,6000,0,0,0,0,0,0,0,0,0,0,0,0,0,6000
6581,鋼聯            ,7000,1000,6000,0,0,0,0,0,0,0,0,0,0,0,0,0,6000
055395,泰鼎統一97購01  ,0,0,0,0,0,0,0,0,0,5000,0,0,0,5000,0,5000,5000
055280,智邦元大97購01  ,0,0,0,0,0,0,0,0,0,5000,0,0,0,39000,34000,5000,5000
055352,奇力新凱基97購01,0,0,0,0,0,0,0,0,0,5000,0,0,0,6000,1000,5000,5000
055177,宏達電統一99購01,0,0,0,0,0,0,0,0,0,5000,0,0,0,5000,0,5000,5000
055157,晶豪科元大97購01,0,0,0,0,0,0,0,0,0,5000,0,0,0,48000,43000,5000,5000
055879,神達元富97購01  ,0,0,0,0,0,0,0,0,0,5000,0,0,0,639000,634000,5000,5000
055869,臺股指元大97購08,0,0,0,0,0,0,0,0,0,5000,0,0,0,5000,0,5000,5000
055716,致茂元大97購01  ,0,0,0,0,0,0,0,0,0,5000,0,0,0,5000,0,5000,5000
056124,華通國票98購02  ,0,0,0,0,0,0,0,0,0,5000,0,0,0,13000,8000,5000,5000
057211,鴻海群益98購05  ,0,0,0,0,0,0,0,0,0,5000,0,0,0,35000,30000,5000,5000
056838,旺宏元富98購01  ,0,0,0,0,0,0,0,0,0,5000,0,0,0,25000,20000,5000,5000
05664P,國巨凱基96售09  ,0,0,0,0,0,0,0,0,0,5000,0,0,0,5000,0,5000,5000
056640,元油2X凱基9A購01,0,0,0,0,0,0,0,0,0,5000,0,0,0,5000,0,5000,5000
056541,智原凱基98購03  ,0,0,0,0,0,0,0,0,0,5000,0,0,0,5000,0,5000,5000
056455,群創凱基9A購01  ,0,0,0,0,0,0,0,0,0,5000,0,0,0,5000,0,5000,5000
056413,上証反中信9A購01,0,0,0,0,0,0,0,0,0,5000,0,0,0,5000,0,5000,5000
056431,鴻海凱基98購07  ,0,0,0,0,0,0,0,0,0,5000,0,0,0,20000,15000,5000,5000
048110,京元電群益94購01,0,0,0,0,0,0,0,0,0,5000,0,0,0,5000,0,5000,5000
046522,樺漢元大92購03  ,0,0,0,0,0,0,0,0,0,5000,0,0,0,5000,0,5000,5000
047584,元金2X永豐95購01,0,0,0,0,0,0,0,0,0,5000,0,0,0,40000,35000,5000,5000
046479,群創元富94購01  ,0,0,0,0,0,0,0,0,0,5000,0,0,0,5000,0,5000,5000
046719,元石油元大95購02,0,0,0,0,0,0,0,0,0,5000,0,0,0,5000,0,5000,5000
049291,華通群益94購04  ,0,0,0,0,0,0,0,0,0,5000,0,0,0,5000,0,5000,5000
049296,義隆群益96購01  ,0,0,0,0,0,0,0,0,0,5000,0,0,0,5000,0,5000,5000
051028,台光電元富95購02,0,0,0,0,0,0,0,0,0,5000,0,0,0,35000,30000,5000,5000
047090,緯創元富93購01  ,0,0,0,0,0,0,0,0,0,5000,0,0,0,5000,0,5000,5000
047809,瑞昱凱基93購08  ,0,0,0,0,0,0,0,0,0,5000,0,0,0,15000,10000,5000,5000
047727,拓凱群益94購01  ,0,0,0,0,0,0,0,0,0,5000,0,0,0,5000,0,5000,5000
048007,明基材元大96購01,0,0,0,0,0,0,0,0,0,5000,0,0,0,1121000,1116000,5000,5000
04835P,鴻海元大94售18  ,0,0,0,0,0,0,0,0,0,5000,0,0,0,5000,0,5000,5000
04514P,元石油中信97售01,0,0,0,0,0,0,0,0,0,5000,0,0,0,5000,0,5000,5000
045108,康友群益93購02  ,0,0,0,0,0,0,0,0,0,5000,0,0,0,5000,0,5000,5000
045087,玉晶光元大95購01,0,0,0,0,0,0,0,0,0,5000,0,0,0,6000,1000,5000,5000
045371,元石油元大95購01,0,0,0,0,0,0,0,0,0,5000,0,0,0,5000,0,5000,5000
045400,康友富邦93購01  ,0,0,0,0,0,0,0,0,0,5000,0,0,0,5000,0,5000,5000
045365,智邦兆豐93購04  ,0,0,0,0,0,0,0,0,0,5000,0,0,0,5000,0,5000,5000
04492P,元油2X永豐94售03,0,0,0,0,0,0,0,0,0,5000,0,0,0,5000,0,5000,5000
044639,京元電元富94購01,0,0,0,0,0,0,0,0,0,5000,0,0,0,70000,65000,5000,5000
044440,臺股指元大92購07,0,0,0,0,0,0,0,0,0,5000,0,0,0,5000,0,5000,5000
04611P,元油2X群益98售02,0,0,0,0,0,0,0,0,0,5000,0,0,0,5000,0,5000,5000
043973,元金2X元大94購02,0,0,0,0,0,0,0,0,0,5000,0,0,0,5000,0,5000,5000
044284,聯電凱基92購01  ,0,0,0,0,0,0,0,0,0,5000,0,0,0,5000,0,5000,5000
04085P,欣興元富93售01  ,0,0,0,0,0,0,0,0,0,5000,0,0,0,10000,5000,5000,5000
040508,上証2X國泰93購01,0,0,0,0,0,0,0,0,0,5000,0,0,0,5000,0,5000,5000
03926P,麗豐元大93售02  ,0,0,0,0,0,0,0,0,0,5000,0,0,0,86000,81000,5000,5000
045767,大立光元富95購01,0,0,0,0,0,0,0,0,0,5000,0,0,0,5000,0,5000,5000
04600P,可成凱基94售07  ,0,0,0,0,0,0,0,0,0,5000,0,0,0,20000,15000,5000,5000
042724,群創群益93購01  ,0,0,0,0,0,0,0,0,0,5000,0,0,0,5000,0,5000,5000
03304P,欣興元富02售02  ,0,0,0,0,0,0,0,0,0,5000,0,0,0,38000,33000,5000,5000
042116,元油2X國票97購01,0,0,0,0,0,0,0,0,0,5000,0,0,0,5000,0,5000,5000
042131,國巨富邦93購01  ,0,0,0,0,0,0,0,0,0,5000,0,0,0,5000,0,5000,5000
049392,臺股指麥證94購01,0,0,0,5000,0,5000,0,0,0,5000,0,0,0,5000,0,5000,5000
048828,禾伸堂凱基94購02,0,0,0,0,0,0,0,0,0,5000,0,0,0,35000,30000,5000,5000
051203,微星麥證95購01  ,0,0,0,10000,5000,5000,0,0,0,5000,0,0,0,10000,5000,5000,5000
051721,玉晶光永豐96購02,0,0,0,0,0,0,0,0,0,5000,0,0,0,5000,0,5000,5000
051596,超眾元大95購05  ,0,0,0,0,0,0,0,0,0,5000,0,0,0,5000,0,5000,5000
051805,元黃金凱基97購02,0,0,0,0,0,0,0,0,0,5000,0,0,0,5000,0,5000,5000
050202,建準群益95購01  ,0,0,0,0,0,0,0,0,0,5000,0,0,0,10000,5000,5000,5000
050896,華新科元大96購02,0,0,0,0,0,0,0,0,0,5000,0,0,0,10000,5000,5000,5000
05083P,麗豐永豐95售02  ,0,0,0,0,0,0,0,0,0,5000,0,0,0,10000,5000,5000,5000
05155P,聯發科兆豐95售03,0,0,0,0,0,0,0,0,0,5000,0,0,0,15000,10000,5000,5000
051616,鴻海凱基96購08  ,0,0,0,0,0,0,0,0,0,5000,0,0,0,40000,35000,5000,5000
051931,美律國票96購02  ,0,0,0,0,0,0,0,0,0,5000,0,0,0,10000,5000,5000,5000
051889,智邦元富95購02  ,0,0,0,0,0,0,0,0,0,5000,0,0,0,95000,90000,5000,5000
051879,健策台新96購01  ,0,0,0,0,0,0,0,0,0,5000,0,0,0,15000,10000,5000,5000
050626,A50正2中信96購02,0,0,0,0,0,0,0,0,0,5000,0,0,0,5000,0,5000,5000
050686,欣興兆豐96購01  ,0,0,0,0,0,0,0,0,0,5000,0,0,0,55000,50000,5000,5000
052313,聯電元大98購01  ,0,0,0,0,0,0,0,0,0,5000,0,0,0,25000,20000,5000,5000
052069,聯茂兆豐96購01  ,0,0,0,0,0,0,0,0,0,5000,0,0,0,5000,0,5000,5000
052084,台泥元大95購01  ,0,0,0,0,0,0,0,0,0,5000,0,0,0,73000,68000,5000,5000
049948,聯發科麥證94購01,0,0,0,10000,5000,5000,0,0,0,5000,0,0,0,10000,5000,5000,5000
049810,欣興元大95購03  ,0,0,0,0,0,0,0,0,0,5000,0,0,0,15000,10000,5000,5000
050405,新光金麥證94購01,0,0,0,10000,5000,5000,0,0,0,5000,0,0,0,10000,5000,5000,5000
051539,瀚宇博國票97購01,0,0,0,0,0,0,0,0,0,5000,0,0,0,25000,20000,5000,5000
051525,日月光凱基95購02,0,0,0,0,0,0,0,0,0,5000,0,0,0,20000,15000,5000,5000
051528,亞泥國票96購01  ,0,0,0,0,0,0,0,0,0,5000,0,0,0,25000,20000,5000,5000
051409,美律國票96購01  ,0,0,0,0,0,0,0,0,0,5000,0,0,0,5000,0,5000,5000
049654,臺股指凱基94購15,0,0,0,0,0,0,0,0,0,5000,0,0,0,5000,0,5000,5000
05461P,台積電亞東97售01,0,0,0,0,0,0,0,0,0,5000,0,0,0,5000,0,5000,5000
054903,億光康和97購02  ,0,0,0,0,0,0,0,0,0,5000,0,0,0,70000,65000,5000,5000
053780,南亞科元大96購03,0,0,0,0,0,0,0,0,0,5000,0,0,0,127000,122000,5000,5000
053994,微星群益96購01  ,0,0,0,0,0,0,0,0,0,5000,0,0,0,42000,37000,5000,5000
054078,鴻海中信98購01  ,0,0,0,0,0,0,0,0,0,5000,0,0,0,5000,0,5000,5000
05404P,台積電群益95售06,0,0,0,0,0,0,0,0,0,5000,0,0,0,10000,5000,5000,5000
053722,新光金凱基9C購01,0,0,0,0,0,0,0,0,0,5000,0,0,0,5000,0,5000,5000
053652,友達凱基98購04  ,0,0,0,0,0,0,0,0,0,5000,0,0,0,5000,0,5000,5000
05362P,可成富邦97售02  ,0,0,0,0,0,0,0,0,0,5000,0,0,0,5000,0,5000,5000
053571,奇鋐統一96購02  ,0,0,0,0,0,0,0,0,0,5000,0,0,0,5000,0,5000,5000
053529,國巨麥證96購01  ,0,0,0,15000,10000,5000,0,0,0,5000,0,0,0,15000,10000,5000,5000
053489,上銀兆豐97購01  ,0,0,0,0,0,0,0,0,0,5000,0,0,0,5000,0,5000,5000
053102,祥碩元富96購01  ,0,0,0,0,0,0,0,0,0,5000,0,0,0,5000,0,5000,5000
053086,宏達電元大97購01,0,0,0,0,0,0,0,0,0,5000,0,0,0,20000,15000,5000,5000
053015,緯創統一96購01  ,0,0,0,0,0,0,0,0,0,5000,0,0,0,53000,48000,5000,5000
053028,康控富邦98購01  ,0,0,0,0,0,0,0,0,0,5000,0,0,0,150000,145000,5000,5000
052986,聯發科元大97購05,0,0,0,0,0,0,0,0,0,5000,0,0,0,735000,730000,5000,5000
052426,國巨台新96購01  ,0,0,0,0,0,0,0,0,0,5000,0,0,0,5000,0,5000,5000
052414,聯電麥證95購01  ,0,0,0,20000,15000,5000,0,0,0,5000,0,0,0,20000,15000,5000,5000
05237P,為升永豐95售01  ,0,0,0,0,0,0,0,0,0,5000,0,0,0,5000,0,5000,5000
8442,威宏-KY         ,6000,1000,5000,0,0,0,0,0,0,0,0,0,0,0,0,0,5000
2528,皇普            ,9000,4000,5000,0,0,0,0,0,0,0,0,0,0,0,0,0,5000
2459,敦吉            ,6000,1000,5000,0,0,0,0,0,0,0,0,0,0,0,0,0,5000
3010,華立            ,32000,28000,4000,0,0,0,0,0,0,1000,1000,0,1000,0,0,0,5000
06171P,台積電統一97售06,0,0,0,0,0,0,0,0,0,5000,0,0,0,5000,0,5000,5000
06137P,玉晶光永豐97售04,0,0,0,0,0,0,0,0,0,5000,0,0,0,15000,10000,5000,5000
05973P,聯詠元大96售06  ,0,0,0,0,0,0,0,0,0,5000,0,0,0,105000,100000,5000,5000
05878P,創意群益98售01  ,0,0,0,0,0,0,0,0,0,5000,0,0,0,21000,16000,5000,5000
05759P,智邦永豐96售02  ,0,0,0,0,0,0,0,0,0,5000,0,0,0,5000,0,5000,5000
06429P,大立光元大97售15,0,0,0,0,0,0,0,0,0,5000,0,0,0,5000,0,5000,5000
06546P,聯發科元大98售05,0,0,0,0,0,0,0,0,0,5000,0,0,0,7000,2000,5000,5000
06449P,台積電元大98售09,0,0,0,0,0,0,0,0,0,5000,0,0,0,5000,0,5000,5000
06716P,台積電元大9A售02,0,0,0,0,0,0,0,0,0,5000,0,0,0,5000,0,5000,5000
2007,燁興            ,5000,0,5000,0,0,0,0,0,0,0,0,0,0,0,0,0,5000
1903,士紙            ,5000,0,5000,0,0,0,0,0,0,0,0,0,0,0,0,0,5000
2413,環科            ,12000,9000,3000,0,0,0,0,0,0,2000,3000,1000,2000,0,0,0,5000
1219,福壽            ,9000,4000,5000,0,0,0,0,0,0,0,0,0,0,0,0,0,5000
1413,宏洲            ,5000,0,5000,0,0,0,0,0,0,0,0,0,0,0,0,0,5000
1609,大亞            ,237000,224000,13000,0,0,0,0,0,0,-8000,0,8000,-8000,0,0,0,5000
1528,恩德            ,5000,0,5000,0,0,0,0,0,0,0,0,0,0,0,0,0,5000
056425,聯發科日盛9A購01,0,0,0,0,0,0,0,0,0,4000,0,0,0,24000,20000,4000,4000
056339,聯發科凱基99購02,0,0,0,0,0,0,0,0,0,4000,0,0,0,14000,10000,4000,4000
056591,S&P正2元富9A購01,0,0,0,0,0,0,0,0,0,4000,0,0,0,4000,0,4000,4000
056659,泰碩元大99購01  ,0,0,0,0,0,0,0,0,0,4000,0,0,0,7000,3000,4000,4000
056644,宏達電凱基98購04,0,0,0,0,0,0,0,0,0,4000,0,0,0,13000,9000,4000,4000
056867,華通麥證98購01  ,0,0,0,10000,6000,4000,0,0,0,4000,0,0,0,10000,6000,4000,4000
057489,奇力新元大99購06,0,0,0,0,0,0,0,0,0,4000,0,0,0,103000,99000,4000,4000
057078,國巨統一9A購02  ,0,0,0,0,0,0,0,0,0,4000,0,0,0,86000,82000,4000,4000
056102,億光永豐97購02  ,0,0,0,0,0,0,0,0,0,4000,0,0,0,24000,20000,4000,4000
05575P,玉晶光元富96售01,0,0,0,0,0,0,0,0,0,4000,0,0,0,14000,10000,4000,4000
055941,百和群益98購02  ,0,0,0,0,0,0,0,0,0,4000,0,0,0,9000,5000,4000,4000
055531,華新科群益98購03,0,0,0,0,0,0,0,0,0,4000,0,0,0,47000,43000,4000,4000
04272P,元上證凱基94售01,0,0,0,0,0,0,0,0,0,4000,0,0,0,80000,76000,4000,4000
0052,富邦科技        ,3000,2000,1000,0,0,0,0,0,0,3000,0,0,0,105000,102000,3000,4000
0054,元大台商50      ,0,0,0,0,0,0,0,0,0,4000,0,0,0,4000,0,4000,4000
00742,新光內需收益    ,0,0,0,0,0,0,0,0,0,4000,0,0,0,5000,1000,4000,4000
04329P,TPK群益93售04   ,0,0,0,0,0,0,0,0,0,4000,0,0,0,20000,16000,4000,4000
035277,景碩台新97購01  ,0,0,0,0,0,0,0,0,0,4000,0,0,0,4000,0,4000,4000
044264,大立光富邦93購03,0,0,0,0,0,0,0,0,0,4000,0,0,0,8000,4000,4000,4000
044516,景碩凱基93購02  ,0,0,0,0,0,0,0,0,0,4000,0,0,0,45000,41000,4000,4000
04464P,可成元富94售04  ,0,0,0,0,0,0,0,0,0,4000,0,0,0,10000,6000,4000,4000
044879,上証2X群益93購01,0,0,0,0,0,0,0,0,0,4000,0,0,0,10000,6000,4000,4000
044705,群創元大93購03  ,0,0,0,0,0,0,0,0,0,4000,0,0,0,4000,0,4000,4000
044844,國巨統一93購04  ,0,0,0,0,0,0,0,0,0,4000,0,0,0,4000,0,4000,4000
047288,台郡統一93購01  ,0,0,0,0,0,0,0,0,0,4000,0,0,0,20000,16000,4000,4000
048373,A50正2元富95購01,0,0,0,0,0,0,0,0,0,4000,0,0,0,4000,0,4000,4000
047703,台積電凱基93購19,0,0,0,0,0,0,0,0,0,4000,0,0,0,24000,20000,4000,4000
047145,鴻海群益95購01  ,0,0,0,0,0,0,0,0,0,4000,0,0,0,18000,14000,4000,4000
050829,臻鼎凱基96購01  ,0,0,0,0,0,0,0,0,0,4000,0,0,0,72000,68000,4000,4000
049277,臺股指元大94購12,0,0,0,0,0,0,0,0,0,4000,0,0,0,4000,0,4000,4000
05012P,台積電元大95售07,0,0,0,0,0,0,0,0,0,4000,0,0,0,4000,0,4000,4000
050158,上海銀群益96購01,0,0,0,0,0,0,0,0,0,4000,0,0,0,130000,126000,4000,4000
050993,聯發科元大95購05,0,0,0,0,0,0,0,0,0,4000,0,0,0,4000,0,4000,4000
046377,聯發科凱基92購03,0,0,0,0,0,0,0,0,0,4000,0,0,0,4000,0,4000,4000
046324,健策元大92購05  ,0,0,0,0,0,0,0,0,0,4000,0,0,0,4000,0,4000,4000
050538,鴻海凱基95購06  ,0,0,0,0,0,0,0,0,0,4000,0,0,0,24000,20000,4000,4000
050077,臺股指凱基99購02,0,0,0,0,0,0,0,0,0,4000,0,0,0,15000,11000,4000,4000
050617,神基元大94購01  ,0,0,0,0,0,0,0,0,0,4000,0,0,0,5000,1000,4000,4000
050586,康友國票94購01  ,0,0,0,0,0,0,0,0,0,4000,0,0,0,4000,0,4000,4000
050729,聯鈞國票94購01  ,0,0,0,0,0,0,0,0,0,4000,0,0,0,4000,0,4000,4000
051919,台郡元大96購02  ,0,0,0,0,0,0,0,0,0,4000,0,0,0,4000,0,4000,4000
051578,智邦元大96購01  ,0,0,0,0,0,0,0,0,0,4000,0,0,0,111000,107000,4000,4000
05094P,大立光元大95售07,0,0,0,0,0,0,0,0,0,4000,0,0,0,4000,0,4000,4000
048946,崇越永豐94購01  ,0,0,0,0,0,0,0,0,0,4000,0,0,0,4000,0,4000,4000
048883,玉晶光統一94購01,0,0,0,0,0,0,0,0,0,4000,0,0,0,4000,0,4000,4000
049123,可成元富94購01  ,0,0,0,0,0,0,0,0,0,4000,0,0,0,5000,1000,4000,4000
049515,同欣電凱基94購01,0,0,0,0,0,0,0,0,0,4000,0,0,0,10000,6000,4000,4000
052677,景碩富邦97購01  ,0,0,0,0,0,0,0,0,0,4000,0,0,0,73000,69000,4000,4000
052972,義隆群益96購04  ,0,0,0,0,0,0,0,0,0,4000,0,0,0,10000,6000,4000,4000
052755,滬深2X群益9A購01,0,0,0,0,0,0,0,0,0,4000,0,0,0,5000,1000,4000,4000
053116,華新科中信96購01,0,0,0,0,0,0,0,0,0,4000,0,0,0,20000,16000,4000,4000
053922,亞光國票96購01  ,0,0,0,0,0,0,0,0,0,4000,0,0,0,40000,36000,4000,4000
055025,華新科國泰98購02,0,0,0,0,0,0,0,0,0,4000,0,0,0,18000,14000,4000,4000
1414,東和            ,4000,0,4000,0,0,0,0,0,0,0,0,0,0,0,0,0,4000
1101B,台泥乙特        ,0,0,0,0,0,0,0,0,0,4000,4000,0,4000,0,0,0,4000
06682P,玉晶光元大99售08,0,0,0,0,0,0,0,0,0,4000,0,0,0,4000,0,4000,4000
06547P,大立光元大98售09,0,0,0,0,0,0,0,0,0,4000,0,0,0,4000,0,4000,4000
06410P,祥碩統一97售01  ,0,0,0,0,0,0,0,0,0,4000,0,0,0,383000,379000,4000,4000
05821P,臺股指凱基96售18,0,0,0,0,0,0,0,0,0,4000,0,0,0,211000,207000,4000,4000
06121P,同欣電凱基97售02,0,0,0,0,0,0,0,0,0,4000,0,0,0,4000,0,4000,4000
3046,建碁            ,6000,2000,4000,0,0,0,0,0,0,0,0,0,0,0,0,0,4000
3694,海華            ,7000,3000,4000,0,0,0,0,0,0,0,0,0,0,0,0,0,4000
3607,谷崧            ,20000,16000,4000,0,0,0,0,0,0,0,0,0,0,0,0,0,4000
2597,潤弘            ,8000,4000,4000,0,0,0,0,0,0,0,0,0,0,0,0,0,4000
9937,全國            ,6000,2000,4000,0,0,0,0,0,0,0,0,0,0,0,0,0,4000
6666,羅麗芬-KY       ,5000,1000,4000,0,0,0,0,0,0,0,0,0,0,0,0,0,4000
5484,慧友            ,4000,0,4000,0,0,0,0,0,0,0,0,0,0,0,0,0,4000
4912,聯德控股-KY     ,4000,1000,3000,0,0,0,0,0,0,1000,1000,0,1000,0,0,0,4000
4438,廣越            ,7000,2000,5000,0,0,0,0,4000,-4000,3000,3000,0,3000,0,0,0,4000
055547,台積電凱基97購13,0,0,0,0,0,0,0,0,0,3000,0,0,0,13000,10000,3000,3000
055139,欣興永豐97購01  ,0,0,0,0,0,0,0,0,0,3000,0,0,0,12000,9000,3000,3000
055955,微星元大97購01  ,0,0,0,0,0,0,0,0,0,3000,0,0,0,72000,69000,3000,3000
057008,華新科中信99購02,0,0,0,0,0,0,0,0,0,3000,0,0,0,61000,58000,3000,3000
05691P,聯發科中信98售01,0,0,0,0,0,0,0,0,0,3000,0,0,0,3000,0,3000,3000
057282,大立光元大99購06,0,0,0,0,0,0,0,0,0,3000,0,0,0,12000,9000,3000,3000
057318,台光電凱基9A購01,0,0,0,0,0,0,0,0,0,3000,0,0,0,26000,23000,3000,3000
057309,南茂兆豐99購01  ,0,0,0,0,0,0,0,0,0,3000,0,0,0,63000,60000,3000,3000
056772,欣興元大99購01  ,0,0,0,0,0,0,0,0,0,3000,0,0,0,81000,78000,3000,3000
05665P,台積電凱基96售08,0,0,0,0,0,0,0,0,0,3000,0,0,0,17000,14000,3000,3000
056600,聯茂元富98購01  ,0,0,0,0,0,0,0,0,0,3000,0,0,0,5000,2000,3000,3000
05635P,健策台新96售02  ,0,0,0,0,0,0,0,0,0,3000,0,0,0,69000,66000,3000,3000
05649P,矽創國票97售03  ,0,0,0,0,0,0,0,0,0,3000,0,0,0,19000,16000,3000,3000
048661,瑞昱統一93購05  ,0,0,0,0,0,0,0,0,0,3000,0,0,0,3000,0,3000,3000
04824P,亞泥中信94售02  ,0,0,0,0,0,0,0,0,0,3000,0,0,0,3000,0,3000,3000
046951,GIS元大93購08   ,0,0,0,0,0,0,0,0,0,3000,0,0,0,53000,50000,3000,3000
04693P,超眾群益95售01  ,0,0,0,0,0,0,0,0,0,3000,0,0,0,23000,20000,3000,3000
047579,大立光群益94購02,0,0,0,0,0,0,0,0,0,3000,0,0,0,3000,0,3000,3000
051186,創意永豐95購01  ,0,0,0,0,0,0,0,0,0,3000,0,0,0,3000,0,3000,3000
047750,開發金元富93購01,0,0,0,0,0,0,0,0,0,3000,0,0,0,3000,0,3000,3000
048068,南亞科元富95購01,0,0,0,0,0,0,0,0,0,3000,0,0,0,23000,20000,3000,3000
048055,燿華國泰95購02  ,0,0,0,0,0,0,0,0,0,3000,0,0,0,3000,0,3000,3000
047937,元金2X國票97購02,0,0,0,0,0,0,0,0,0,3000,0,0,0,3000,0,3000,3000
047339,臺股指元大93購34,0,0,0,0,0,0,0,0,0,3000,0,0,0,3000,0,3000,3000
04838P,宏達電元大95售02,0,0,0,0,0,0,0,0,0,3000,0,0,0,3000,0,3000,3000
048334,A50正2元大96購01,0,0,0,0,0,0,0,0,0,3000,0,0,0,13000,10000,3000,3000
04470P,為升元大94售01  ,0,0,0,0,0,0,0,0,0,3000,0,0,0,3000,0,3000,3000
044671,台積電兆豐93購01,0,0,0,0,0,0,0,0,0,3000,0,0,0,3000,0,3000,3000
036084,台灣50台新98購01,0,0,0,0,0,0,0,0,0,3000,0,0,0,3000,0,3000,3000
04086P,臺股指元富93售04,0,0,0,0,0,0,0,0,0,3000,0,0,0,3000,0,3000,3000
04579P,聯茂台新94售01  ,0,0,0,0,0,0,0,0,0,3000,0,0,0,61000,58000,3000,3000
045897,泰鼎元大93購04  ,0,0,0,0,0,0,0,0,0,3000,0,0,0,70000,67000,3000,3000
00713,元大台灣高息低波,49000,0,49000,0,0,0,0,0,0,-46000,0,0,0,17000,63000,-46000,3000
00866,新光Shiller CAPE,0,0,0,0,0,0,0,0,0,3000,0,0,0,35000,32000,3000,3000
03085P,台積電元大01售34,0,0,0,0,0,0,0,0,0,3000,0,0,0,3000,0,3000,3000
048980,嘉澤元大94購02  ,0,0,0,0,0,0,0,0,0,3000,0,0,0,10000,7000,3000,3000
051437,百和元富95購02  ,0,0,0,0,0,0,0,0,0,3000,0,0,0,3000,0,3000,3000
050917,瀚宇博兆豐96購01,0,0,0,0,0,0,0,0,0,3000,0,0,0,8000,5000,3000,3000
051604,喬山群益95購01  ,0,21000,-21000,0,0,0,0,0,0,24000,0,0,0,74000,50000,24000,3000
050223,聯茂元富94購02  ,0,0,0,0,0,0,0,0,0,3000,0,0,0,3000,0,3000,3000
051704,智邦群益95購02  ,0,0,0,0,0,0,0,0,0,3000,0,0,0,3000,0,3000,3000
05200P,臺股指永豐95售03,0,0,0,0,0,0,0,0,0,3000,0,0,0,3000,0,3000,3000
05040P,聯發科凱基95售05,0,0,0,0,0,0,0,0,0,3000,0,0,0,5000,2000,3000,3000
049863,京元電兆豐94購01,0,0,0,0,0,0,0,0,0,3000,0,0,0,3000,0,3000,3000
049921,大立光元大94購16,0,0,0,0,0,0,0,0,0,3000,0,0,0,15000,12000,3000,3000
051351,台積電元大95購15,0,0,0,0,0,0,0,0,0,3000,0,0,0,153000,150000,3000,3000
054949,奇力新元大98購01,0,0,0,0,0,0,0,0,0,3000,0,0,0,57000,54000,3000,3000
054822,祥碩元大97購01  ,0,0,0,0,0,0,0,0,0,3000,0,0,0,9000,6000,3000,3000
054644,A50正2群益9B購01,0,0,0,0,0,0,0,0,0,3000,0,0,0,13000,10000,3000,3000
054742,京鼎凱基99購01  ,0,0,0,0,0,0,0,0,0,3000,0,0,0,13000,10000,3000,3000
053918,美律國票97購01  ,0,0,0,0,0,0,0,0,0,3000,0,0,0,3000,0,3000,3000
054131,南亞科元大96購04,0,0,0,0,0,0,0,0,0,3000,0,0,0,128000,125000,3000,3000
054119,燿華永豐96購05  ,0,0,0,0,0,0,0,0,0,3000,0,0,0,3000,0,3000,3000
053470,華邦電元大96購02,0,0,0,0,0,0,0,0,0,3000,0,0,0,3000,0,3000,3000
053549,南亞科凱基96購02,0,0,0,0,0,0,0,0,0,3000,0,0,0,11000,8000,3000,3000
053730,樺漢凱基98購01  ,0,0,0,0,0,0,0,0,0,3000,0,0,0,40000,37000,3000,3000
052974,瀚宇博群益96購01,0,0,0,0,0,0,0,0,0,3000,0,0,0,3000,0,3000,3000
052586,晶豪科永豐96購01,0,0,0,0,0,0,0,0,0,3000,0,0,0,24000,21000,3000,3000
052576,聯茂凱基96購01  ,0,0,0,0,0,0,0,0,0,3000,0,0,0,14000,11000,3000,3000
052565,上銀凱基96購01  ,0,0,0,0,0,0,0,0,0,3000,0,0,0,80000,77000,3000,3000
052383,臺股指元大95購29,0,7000,-7000,0,0,0,0,0,0,10000,0,0,0,10000,0,10000,3000
4148,全宇生技-KY     ,4000,1000,3000,0,0,0,0,0,0,0,0,0,0,0,0,0,3000
4999,鑫禾            ,3000,0,3000,0,0,0,0,0,0,0,0,0,0,0,0,0,3000
6579,研揚            ,4000,1000,3000,0,0,0,0,0,0,0,0,0,0,0,0,0,3000
6281,全國電          ,3000,0,3000,0,0,0,0,0,0,0,0,0,0,0,0,0,3000
6442,光聖            ,3000,0,3000,0,0,0,0,0,0,0,0,0,0,0,0,0,3000
6464,台數科          ,3000,0,3000,0,0,0,0,0,0,0,0,0,0,0,0,0,3000
2546,根基            ,5000,2000,3000,0,0,0,0,0,0,0,0,0,0,0,0,0,3000
2611,志信            ,3000,0,3000,0,0,0,0,0,0,0,0,0,0,0,0,0,3000
2506,太設            ,1000,0,1000,0,0,0,0,0,0,2000,2000,0,2000,0,0,0,3000
2509,全坤建          ,3000,0,3000,0,0,0,0,0,0,0,0,0,0,0,0,0,3000
2495,普安            ,13000,10000,3000,0,0,0,0,0,0,0,0,0,0,0,0,0,3000
06167P,欣興國票97售05  ,0,0,0,0,0,0,0,0,0,3000,0,0,0,3000,0,3000,3000
06409P,康友元富97售03  ,0,0,0,0,0,0,0,0,0,3000,0,0,0,3000,0,3000,3000
06403P,鴻海元富97售15  ,0,0,0,0,0,0,0,0,0,3000,0,0,0,27000,24000,3000,3000
06388P,鴻海兆豐97售04  ,0,0,0,0,0,0,0,0,0,3000,0,0,0,8000,5000,3000,3000
07480P,FBVIX凱基94售01 ,0,0,0,0,0,0,0,0,0,3000,0,0,0,3000,0,3000,3000
06734P,智邦凱基98售05  ,0,0,0,0,0,0,0,0,0,3000,0,0,0,5000,2000,3000,3000
06662P,玉晶光中信9A售01,0,0,0,0,0,0,0,0,0,3000,0,0,0,40000,37000,3000,3000
1615,大山            ,3000,0,3000,0,0,0,0,0,0,0,0,0,0,0,0,0,3000
2397,友通            ,6000,4000,2000,0,0,0,0,0,0,1000,1000,0,1000,0,0,0,3000
2002A,中鋼特          ,0,0,0,0,0,0,0,0,0,3000,3000,0,3000,0,0,0,3000
2020,美亞            ,4000,1000,3000,0,0,0,0,0,0,0,0,0,0,0,0,0,3000
2010,春源            ,17000,14000,3000,0,0,0,0,0,0,0,0,0,0,0,0,0,3000
056518,美律國票99購01  ,0,0,0,0,0,0,0,0,0,2000,0,0,0,19000,17000,2000,2000
056419,欣興元富98購02  ,0,0,0,0,0,0,0,0,0,2000,0,0,0,62000,60000,2000,2000
056377,智伸科統一9A購01,0,0,0,0,0,0,0,0,0,2000,0,0,0,28000,26000,2000,2000
056586,光罩統一98購02  ,0,0,0,0,0,0,0,0,0,2000,0,0,0,118000,116000,2000,2000
056764,友達元大9A購03  ,0,0,0,0,0,0,0,0,0,2000,0,0,0,117000,115000,2000,2000
057384,台灣50永豐99購02,0,0,0,0,0,0,0,0,0,2000,0,0,0,45000,43000,2000,2000
056936,禾伸堂元富98購01,0,0,0,0,0,0,0,0,0,2000,0,0,0,128000,126000,2000,2000
056939,康控元富98購01  ,0,0,0,0,0,0,0,0,0,2000,0,0,0,79000,77000,2000,2000
055807,勤誠永豐97購01  ,0,0,0,0,0,0,0,0,0,2000,0,0,0,2000,0,2000,2000
056176,創意元富97購01  ,0,0,0,0,0,0,0,0,0,2000,0,0,0,2000,0,2000,2000
056208,崇越永豐97購01  ,0,0,0,0,0,0,0,0,0,2000,0,0,0,4000,2000,2000,2000
055334,禾伸堂兆豐97購01,0,0,0,0,0,0,0,0,0,2000,0,0,0,2000,0,2000,2000
055666,鴻海群益97購05  ,0,0,0,0,0,0,0,0,0,2000,0,0,0,2000,0,2000,2000
055472,大立光凱基97購07,0,0,0,0,0,0,0,0,0,2000,0,0,0,55000,53000,2000,2000
042527,台灣50永豐94購01,0,0,0,0,0,0,0,0,0,2000,0,0,0,2000,0,2000,2000
041455,國巨元富93購05  ,0,0,0,0,0,0,0,0,0,2000,0,0,0,2000,0,2000,2000
00657,國泰日經225     ,0,0,0,0,0,0,0,0,0,2000,0,0,0,206000,204000,2000,2000
035276,南亞科台新97購01,0,0,0,0,0,0,0,0,0,2000,0,0,0,2000,0,2000,2000
04490P,聯發科台新94售02,0,0,0,0,0,0,0,0,0,2000,0,0,0,2000,0,2000,2000
044983,玉晶光國票93購01,0,0,0,0,0,0,0,0,0,2000,0,0,0,2000,0,2000,2000
044347,上証2X元大94購01,0,0,0,0,0,0,0,0,0,2000,0,0,0,22000,20000,2000,2000
048286,滬深2X兆豐94購04,0,0,0,0,0,0,0,0,0,2000,0,0,0,2000,0,2000,2000
047436,台積電元大94購02,0,0,0,0,0,0,0,0,0,2000,0,0,0,2000,0,2000,2000
048398,康普國票94購01  ,0,0,0,0,0,0,0,0,0,2000,0,0,0,2000,0,2000,2000
047214,啟碁富邦97購01  ,0,0,0,0,0,0,0,0,0,2000,0,0,0,2000,0,2000,2000
045149,聯發科凱基93購02,0,0,0,0,0,0,0,0,0,2000,0,0,0,2000,0,2000,2000
045162,玉晶光國泰94購04,0,0,0,0,0,0,0,0,0,2000,0,0,0,2000,0,2000,2000
050131,新光金凱基94購01,0,0,0,0,0,0,0,0,0,2000,0,0,0,5000,3000,2000,2000
049252,國巨元大96購01  ,0,0,0,0,0,0,0,0,0,2000,0,0,0,2000,0,2000,2000
049261,大立光元大94購08,0,0,0,0,0,0,0,0,0,2000,0,0,0,7000,5000,2000,2000
046465,GIS凱基95購01   ,0,0,0,0,0,0,0,0,0,2000,0,0,0,2000,0,2000,2000
046722,智邦元大93購02  ,0,0,0,0,0,0,0,0,0,2000,0,0,0,2000,0,2000,2000
048121,亞德客元大93購05,0,0,0,0,0,0,0,0,0,2000,0,0,0,12000,10000,2000,2000
048603,中磊國票94購02  ,0,0,0,0,0,0,0,0,0,2000,0,0,0,40000,38000,2000,2000
048655,A50正2元富96購01,0,0,0,0,0,0,0,0,0,2000,0,0,0,2000,0,2000,2000
047544,台積電凱基93購17,0,0,0,0,0,0,0,0,0,2000,0,0,0,13000,11000,2000,2000
048789,大立光元大95購04,0,0,0,0,0,0,0,0,0,2000,0,0,0,7000,5000,2000,2000
048784,台積電元大94購04,0,0,0,0,0,0,0,0,0,2000,0,0,0,2000,0,2000,2000
049955,崇越群益95購01  ,0,0,0,0,0,0,0,0,0,2000,0,0,0,13000,11000,2000,2000
050445,鴻海元大94購21  ,0,0,0,0,0,0,0,0,0,2000,0,0,0,819000,817000,2000,2000
050046,矽力兆豐94購01  ,0,0,0,0,0,0,0,0,0,2000,0,0,0,2000,0,2000,2000
050026,友達元大96購01  ,0,0,0,0,0,0,0,0,0,2000,0,0,0,2000,0,2000,2000
050015,友達富邦95購01  ,0,0,0,0,0,0,0,0,0,2000,0,0,0,2000,0,2000,2000
052003,泰碩國泰97購02  ,0,0,0,0,0,0,0,0,0,2000,0,0,0,10000,8000,2000,2000
051909,潤泰全元大95購02,0,0,0,0,0,0,0,0,0,2000,0,0,0,2000,0,2000,2000
050703,矽格凱基94購02  ,0,0,0,0,0,0,0,0,0,2000,0,0,0,2000,0,2000,2000
050674,瑞昱富邦94購02  ,0,0,0,0,0,0,0,0,0,2000,0,0,0,4000,2000,2000,2000
052030,GIS群益95購04   ,0,0,0,0,0,0,0,0,0,2000,0,0,0,22000,20000,2000,2000
05216P,國巨永豐95售02  ,0,0,0,0,0,0,0,0,0,2000,0,0,0,12000,10000,2000,2000
051725,緯穎永豐95購02  ,0,0,0,0,0,0,0,0,0,2000,0,0,0,12000,10000,2000,2000
050244,富邦金凱基94購01,0,0,0,0,0,0,0,0,0,2000,0,0,0,2000,0,2000,2000
051261,鴻海永昌96購05  ,0,0,0,0,0,0,0,0,0,2000,0,0,0,3000,1000,2000,2000
051094,健策元大96購03  ,0,0,0,0,0,0,0,0,0,2000,0,0,0,69000,67000,2000,2000
050265,美食元大94購05  ,0,0,0,0,0,0,0,0,0,2000,0,0,0,2000,0,2000,2000
049489,美律元大94購05  ,0,0,0,0,0,0,0,0,0,2000,0,0,0,6000,4000,2000,2000
049733,旺宏群益94購03  ,0,0,0,0,0,0,0,0,0,2000,0,0,0,12000,10000,2000,2000
049235,元油2X元富96購05,0,0,0,0,0,0,0,0,0,2000,0,0,0,2000,0,2000,2000
049139,台積電元大94購06,0,0,0,0,0,0,0,0,0,2000,0,0,0,430000,428000,2000,2000
052423,宏達電國票96購02,0,0,0,0,0,0,0,0,0,2000,0,0,0,2000,0,2000,2000
052864,奇力新凱基96購02,0,0,0,0,0,0,0,0,0,2000,0,0,0,2000,0,2000,2000
05355P,臺股指元富95售09,0,0,0,0,0,0,0,0,0,2000,0,0,0,3000,1000,2000,2000
053568,智伸科富邦98購01,0,0,0,0,0,0,0,0,0,2000,0,0,0,164000,162000,2000,2000
053391,嘉聯益元大99購01,0,0,0,0,0,0,0,0,0,2000,0,0,0,2000,0,2000,2000
054338,全新統一96購01  ,0,0,0,0,0,0,0,0,0,2000,0,0,0,2000,0,2000,2000
053821,群創群益98購08  ,0,0,0,0,0,0,0,0,0,2000,0,0,0,2000,0,2000,2000
053968,華邦電元大97購01,0,0,0,0,0,0,0,0,0,2000,0,0,0,84000,82000,2000,2000
05446P,緯穎元大95售04  ,0,0,0,0,0,0,0,0,0,2000,0,0,0,2000,0,2000,2000
054886,大毅統一97購01  ,0,0,0,0,0,0,0,0,0,2000,0,0,0,14000,12000,2000,2000
2114,鑫永銓          ,2000,0,2000,0,0,0,0,0,0,0,0,0,0,0,0,0,2000
1541,錩泰            ,2000,5000,-3000,0,0,0,0,0,0,5000,6000,1000,5000,0,0,0,2000
1235,興泰            ,1000,0,1000,0,0,0,0,0,0,1000,1000,0,1000,0,0,0,2000
1229,聯華            ,227000,284000,-57000,0,0,0,0,0,0,59000,61000,2000,59000,0,0,0,2000
06426P,T50正2元大9B售01,0,0,0,0,0,0,0,0,0,2000,0,0,0,32000,30000,2000,2000
06492P,上銀永豐98售01  ,0,0,0,0,0,0,0,0,0,2000,0,0,0,59000,57000,2000,2000
06187P,國巨統一97售05  ,0,0,0,0,0,0,0,0,0,2000,0,0,0,43000,41000,2000,2000
06345P,臺股指統一9A售01,0,0,0,0,0,0,0,0,0,2000,0,0,0,4000,2000,2000,2000
06322P,超眾統一97售04  ,0,0,0,0,0,0,0,0,0,2000,0,0,0,2000,0,2000,2000
06082P,華通統一98售01  ,0,0,0,0,0,0,0,0,0,2000,0,0,0,2000,0,2000,2000
05962P,大立光群益96售07,0,0,0,0,0,0,0,0,0,2000,0,0,0,2000,0,2000,2000
05918P,大立光元大96售11,0,0,0,0,0,0,0,0,0,2000,0,0,0,14000,12000,2000,2000
05784P,臺股指元大96售18,0,0,0,0,0,0,0,0,0,2000,0,0,0,4000,2000,2000,2000
05753P,臺股指中信99售02,0,0,0,0,0,0,0,0,0,2000,0,0,0,80000,78000,2000,2000
2460,建通            ,0,0,0,0,0,0,0,0,0,2000,5000,3000,2000,0,0,0,2000
2462,良得電          ,4000,2000,2000,0,0,0,0,0,0,0,0,0,0,0,0,0,2000
3296,勝德            ,0,0,0,0,0,0,0,0,0,2000,2000,0,2000,0,0,0,2000
3022,威強電          ,16000,14000,2000,0,0,0,0,0,0,0,0,0,0,0,0,0,2000
2911,麗嬰房          ,2000,0,2000,0,0,0,0,0,0,0,0,0,0,0,0,0,2000
6243,迅杰            ,7000,6000,1000,0,0,0,0,0,0,1000,1000,0,1000,0,0,0,2000
8341,日友            ,101000,91000,10000,0,0,0,0,10000,-10000,2000,2000,0,2000,0,0,0,2000
055330,上銀兆豐98購02  ,0,0,0,0,0,0,0,0,0,1000,0,0,0,1000,0,1000,1000
055315,晶技麥證97購01  ,0,0,0,127000,126000,1000,0,0,0,1000,0,0,0,127000,126000,1000,1000
055216,友達凱基98購05  ,0,0,0,0,0,0,0,0,0,1000,0,0,0,1000,0,1000,1000
056178,嘉澤元富97購02  ,0,0,0,0,0,0,0,0,0,1000,0,0,0,20000,19000,1000,1000
056066,奇鋐元大98購02  ,0,0,0,0,0,0,0,0,0,1000,0,0,0,1000,0,1000,1000
055694,光罩國票98購01  ,0,0,0,0,0,0,0,0,0,1000,0,0,0,50000,49000,1000,1000
05596P,可成統一96售01  ,0,0,0,0,0,0,0,0,0,1000,0,0,0,124000,123000,1000,1000
055884,臺股指元富97購01,0,0,0,0,0,0,0,0,0,1000,0,0,0,1000,0,1000,1000
055881,康控元富97購01  ,0,0,0,0,0,0,0,0,0,1000,0,0,0,48000,47000,1000,1000
056904,大立光元大99購05,0,0,0,0,0,0,0,0,0,1000,0,0,0,9000,8000,1000,1000
056895,技嘉元大98購01  ,0,0,0,0,0,0,0,0,0,1000,0,0,0,49000,48000,1000,1000
057132,華新科凱基98購05,0,0,0,0,0,0,0,0,0,1000,0,0,0,1000,0,1000,1000
057442,玉晶光統一98購03,0,0,0,0,0,0,0,0,0,1000,0,0,0,1000,0,1000,1000
056761,元油2X元大98購07,0,0,0,0,0,0,0,0,0,1000,0,0,0,248000,247000,1000,1000
056816,華通永豐98購02  ,0,0,0,0,0,0,0,0,0,1000,0,0,0,25000,24000,1000,1000
056353,鴻海元大99購02  ,0,0,0,0,0,0,0,0,0,1000,0,0,0,61000,60000,1000,1000
056575,禾伸堂元大99購01,0,0,0,0,0,0,0,0,0,1000,0,0,0,26000,25000,1000,1000
056504,國巨永豐98購02  ,0,0,0,0,0,0,0,0,0,1000,0,0,0,30000,29000,1000,1000
046379,奇力新凱基93購03,0,0,0,0,0,0,0,0,0,1000,0,0,0,1000,0,1000,1000
046351,智邦群益92購01  ,0,0,0,0,0,0,0,0,0,1000,0,0,0,1000,0,1000,1000
046945,大毅元大93購01  ,0,0,0,0,0,0,0,0,0,1000,0,0,0,1000,0,1000,1000
046969,聯發科群益93購05,0,0,0,0,0,0,0,0,0,1000,0,0,0,1000,0,1000,1000
04767P,台積電國泰95售04,0,0,0,0,0,0,0,0,0,1000,0,0,0,112000,111000,1000,1000
049260,華新科元大96購01,0,0,0,0,0,0,0,0,0,1000,0,0,0,34000,33000,1000,1000
049290,元油2X群益94購02,0,0,0,0,0,0,0,0,0,1000,0,0,0,1000,0,1000,1000
050150,國巨群益95購01  ,0,0,0,0,0,0,0,0,0,1000,0,0,0,1000,0,1000,1000
051003,中環中信97購01  ,0,0,0,0,0,0,0,0,0,1000,0,0,0,1000,0,1000,1000
050786,健策國泰96購01  ,0,0,0,0,0,0,0,0,0,1000,0,0,0,1000,0,1000,1000
050833,台郡凱基95購01  ,0,0,0,0,0,0,0,0,0,1000,0,0,0,60000,59000,1000,1000
047164,亞光台新93購01  ,0,0,0,0,0,0,0,0,0,1000,0,0,0,1000,0,1000,1000
04515P,元油2X群益97售02,0,0,0,0,0,0,0,0,0,1000,0,0,0,5000,4000,1000,1000
045122,臺股指元大93購08,0,0,0,0,0,0,0,0,0,1000,0,0,0,1000,0,1000,1000
046269,禾伸堂凱基92購03,0,0,0,0,0,0,0,0,0,1000,0,0,0,1000,0,1000,1000
047291,台積電元富93購05,0,0,0,0,0,0,0,0,0,1000,0,0,0,31000,30000,1000,1000
043665,和鑫元大93購01  ,0,0,0,0,0,0,0,0,0,1000,0,0,0,2000,1000,1000,1000
045013,大立光元大93購04,0,0,0,0,0,0,0,0,0,1000,0,0,0,6000,5000,1000,1000
03583P,微星元大02售03  ,0,0,0,0,0,0,0,0,0,1000,0,0,0,1000,0,1000,1000
039212,台達電台新9A購01,0,0,0,0,0,0,0,0,0,1000,0,0,0,1000,0,1000,1000
03939P,康控元大95售02  ,0,0,0,0,0,0,0,0,0,1000,0,0,0,1000,0,1000,1000
040381,元金2X元富95購01,0,0,0,0,0,0,0,0,0,1000,0,0,0,1000,0,1000,1000
04019P,聯茂永豐93售01  ,0,0,0,0,0,0,0,0,0,1000,0,0,0,1000,0,1000,1000
043381,大立光元大93購02,0,0,0,0,0,0,0,0,0,1000,0,0,0,1000,0,1000,1000
00682U,元大美元指數    ,0,0,0,0,0,0,0,0,0,1000,0,0,0,41000,40000,1000,1000
006203,元大MSCI台灣    ,1000,0,1000,0,0,0,0,0,0,0,0,0,0,0,0,0,1000
03029X,元展26          ,0,0,0,0,0,0,0,0,0,1000,0,0,0,1000,0,1000,1000
03007X,元展07          ,0,0,0,0,0,0,0,0,0,1000,0,0,0,1000,0,1000,1000
04164P,滬深2X元富93售03,0,0,0,0,0,0,0,0,0,1000,0,0,0,26000,25000,1000,1000
049091,訊連凱基94購01  ,0,0,0,0,0,0,0,0,0,1000,0,0,0,3000,2000,1000,1000
050344,鴻海元富96購01  ,0,0,0,0,0,0,0,0,0,1000,0,0,0,10000,9000,1000,1000
049553,鴻海國泰96購02  ,0,0,0,0,0,0,0,0,0,1000,0,0,0,1000,0,1000,1000
049417,奇力新凱基94購02,0,0,0,0,0,0,0,0,0,1000,0,0,0,32000,31000,1000,1000
049380,欣興元大94購04  ,0,0,0,0,0,0,0,0,0,1000,0,0,0,10000,9000,1000,1000
048887,牧德元富94購01  ,0,0,0,0,0,0,0,0,0,1000,0,0,0,1000,0,1000,1000
048870,義隆國票96購01  ,0,0,0,0,0,0,0,0,0,1000,0,0,0,1000,0,1000,1000
048842,矽格凱基94購01  ,0,0,0,0,0,0,0,0,0,1000,0,0,0,1000,0,1000,1000
048813,元黃金凱基94購01,0,0,0,0,0,0,0,0,0,1000,0,0,0,1000,0,1000,1000
051653,南電永豐95購02  ,0,0,0,0,0,0,0,0,0,1000,0,0,0,2000,1000,1000,1000
052038,國巨永昌96購01  ,0,0,0,0,0,0,0,0,0,1000,0,0,0,1000,0,1000,1000
050695,台積電凱基94購40,0,0,0,0,0,0,0,0,0,1000,0,0,0,1000,0,1000,1000
050665,南電台新94購01  ,0,0,0,0,0,0,0,0,0,1000,0,0,0,1000,0,1000,1000
050569,英業達中信94購01,0,0,0,0,0,0,0,0,0,1000,0,0,0,101000,100000,1000,1000
05055P,台表科群益95售01,0,0,0,0,0,0,0,0,0,1000,0,0,0,11000,10000,1000,1000
051974,華新科凱基96購05,0,0,0,0,0,0,0,0,0,1000,0,0,0,21000,20000,1000,1000
049928,祥碩元大94購02  ,0,0,0,0,0,0,0,0,0,1000,0,0,0,1000,0,1000,1000
049597,泰鼎元大96購01  ,0,0,0,0,0,0,0,0,0,1000,0,0,0,12000,11000,1000,1000
049589,奇力新元大95購02,0,0,0,0,0,0,0,0,0,1000,0,0,0,1000,0,1000,1000
049622,聯詠群益94購02  ,0,0,0,0,0,0,0,0,0,1000,0,0,0,11000,10000,1000,1000
048765,奇力新凱基94購01,0,0,0,0,0,0,0,0,0,1000,0,0,0,1000,0,1000,1000
051400,國巨永豐95購01  ,0,0,0,0,0,0,0,0,0,1000,0,0,0,92000,91000,1000,1000
054809,大成鋼元大97購01,0,0,0,0,0,0,0,0,0,1000,0,0,0,70000,69000,1000,1000
054513,元金2X元大96購01,0,0,0,0,0,0,0,0,0,1000,0,0,0,1000,0,1000,1000
054554,大立光凱基98購02,0,0,0,0,0,0,0,0,0,1000,0,0,0,1000,0,1000,1000
054548,鴻海凱基98購03  ,0,0,0,0,0,0,0,0,0,1000,0,0,0,1000,0,1000,1000
054669,凌華元富97購01  ,0,0,0,0,0,0,0,0,0,1000,0,0,0,1000,0,1000,1000
05398P,康控國票96售03  ,0,0,0,0,0,0,0,0,0,1000,0,0,0,1000,0,1000,1000
053824,樺漢群益96購02  ,0,0,0,0,0,0,0,0,0,1000,0,0,0,10000,9000,1000,1000
054373,富邦金中信97購01,0,0,0,0,0,0,0,0,0,1000,0,0,0,1000,0,1000,1000
054385,矽創群益98購01  ,0,0,0,0,0,0,0,0,0,1000,0,0,0,65000,64000,1000,1000
053382,友達元大9C購02  ,0,0,0,0,0,0,0,0,0,1000,0,0,0,1000,0,1000,1000
053121,上証2X凱基9C購01,0,0,0,0,0,0,0,0,0,1000,0,0,0,1000,0,1000,1000
053195,玉晶光元富96購02,0,0,0,0,0,0,0,0,0,1000,0,0,0,1000,0,1000,1000
053248,智伸科國票97購01,0,0,0,0,0,0,0,0,0,1000,0,0,0,20000,19000,1000,1000
05320P,華通凱基96售03  ,0,0,0,0,0,0,0,0,0,1000,0,0,0,1000,0,1000,1000
053557,聯茂凱基96購04  ,0,0,0,0,0,0,0,0,0,1000,0,0,0,5000,4000,1000,1000
053703,緯穎兆豐96購01  ,0,0,0,0,0,0,0,0,0,1000,0,0,0,2000,1000,1000,1000
053680,臺股指富邦96購01,0,0,0,0,0,0,0,0,0,1000,0,0,0,1000,0,1000,1000
053688,燿華元大96購05  ,0,0,0,0,0,0,0,0,0,1000,0,0,0,40000,39000,1000,1000
052871,群創凱基98購07  ,0,0,0,0,0,0,0,0,0,1000,0,0,0,20000,19000,1000,1000
053054,禾伸堂國票97購01,0,0,0,0,0,0,0,0,0,1000,0,0,0,12000,11000,1000,1000
052468,超眾統一96購02  ,0,0,0,0,0,0,0,0,0,1000,0,0,0,1000,0,1000,1000
052570,華新科凱基96購06,0,0,0,0,0,0,0,0,0,1000,0,0,0,12000,11000,1000,1000
9929,秋雨            ,1000,0,1000,0,0,0,0,0,0,0,0,0,0,0,0,0,1000
9912,偉聯            ,1000,0,1000,0,0,0,0,0,0,0,1000,1000,0,0,0,0,1000
6431,光麗-KY         ,1000,0,1000,0,0,0,0,0,0,0,0,0,0,0,0,0,1000
6625,必應            ,1000,0,1000,0,0,0,0,0,0,0,0,0,0,0,0,0,1000
6573,虹揚-KY         ,3000,2000,1000,0,0,0,0,0,0,0,0,0,0,0,0,0,1000
4739,康普            ,44000,43000,1000,0,0,0,0,0,0,0,0,0,0,0,0,0,1000
4763,材料-KY         ,19000,28000,-9000,0,0,0,10000,0,10000,0,0,0,0,0,0,0,1000
4764,雙鍵            ,1000,0,1000,0,0,0,0,0,0,0,0,0,0,0,0,0,1000
4552,力達-KY         ,18000,17000,1000,0,0,0,0,0,0,0,0,0,0,0,0,0,1000
4106,雃博            ,0,0,0,0,0,0,0,0,0,1000,1000,0,1000,0,0,0,1000
5525,順天            ,6000,5000,1000,0,0,0,0,0,0,0,0,0,0,0,0,0,1000
5706,鳳凰            ,5000,4000,1000,0,0,0,0,0,0,0,0,0,0,0,0,0,1000
6164,華興            ,1000,0,1000,0,0,0,0,0,0,0,0,0,0,0,0,0,1000
2891B,中信金乙特      ,0,0,0,0,0,0,0,0,0,1000,1000,0,1000,0,0,0,1000
2891C,中信金丙特      ,0,0,0,0,0,0,0,0,0,1000,1000,0,1000,0,0,0,1000
2936,客思達-KY       ,1000,0,1000,0,0,0,0,0,0,0,0,0,0,0,0,0,1000
3021,鴻名            ,1000,0,1000,0,0,0,0,0,0,0,0,0,0,0,0,0,1000
3027,盛達            ,3000,2000,1000,0,0,0,0,0,0,0,0,0,0,0,0,0,1000
3054,立萬利          ,2000,1000,1000,0,0,0,0,0,0,0,0,0,0,0,0,0,1000
3164,景岳            ,1000,0,1000,0,0,0,0,0,0,0,0,0,0,0,0,0,1000
3058,立德            ,2000,1000,1000,0,0,0,0,0,0,0,0,0,0,0,0,0,1000
3528,安馳            ,1000,0,1000,0,0,0,0,0,0,0,0,0,0,0,0,0,1000
2468,華經            ,2000,1000,1000,0,0,0,0,0,0,0,0,0,0,0,0,0,1000
2465,麗臺            ,2000,1000,1000,0,0,0,0,0,0,0,0,0,0,0,0,0,1000
05786P,臺股指永昌96售03,0,0,0,0,0,0,0,0,0,1000,20000,0,20000,1000,20000,-19000,1000
06275P,臺股指凱基97售07,0,0,0,0,0,0,0,0,0,1000,0,0,0,1000,0,1000,1000
06544P,鴻海元大98售09  ,0,0,0,0,0,0,0,0,0,1000,0,0,0,159000,158000,1000,1000
06535P,可成群益99售02  ,0,0,0,0,0,0,0,0,0,1000,0,0,0,11000,10000,1000,1000
06513P,鴻海凱基98售10  ,0,0,0,0,0,0,0,0,0,1000,0,0,0,368000,367000,1000,1000
06506P,台郡國票99售02  ,0,0,0,0,0,0,0,0,0,1000,0,0,0,1000,0,1000,1000
06507P,台表科國票99售01,0,0,0,0,0,0,0,0,0,1000,0,0,0,1000,0,1000,1000
06730P,祥碩元大98售07  ,0,0,0,0,0,0,0,0,0,1000,0,0,0,11000,10000,1000,1000
06690P,玉晶光群益9A售05,0,0,0,0,0,0,0,0,0,1000,0,0,0,5000,4000,1000,1000
1459,聯發            ,1000,0,1000,0,0,0,0,0,0,0,0,0,0,0,0,0,1000
1445,大宇            ,1000,0,1000,0,0,0,0,0,0,0,0,0,0,0,0,0,1000
1516,川飛            ,4000,3000,1000,0,0,0,0,0,0,0,0,0,0,0,0,0,1000
1521,大億            ,1000,1000,0,0,0,0,0,0,0,1000,1000,0,1000,0,0,0,1000
2243,宏旭-KY         ,1000,0,1000,0,0,0,0,0,0,0,0,0,0,0,0,0,1000
2302,麗正            ,2000,1000,1000,0,0,0,0,0,0,0,0,0,0,0,0,0,1000
056498,A50正2富邦9B購01,0,0,0,0,0,0,0,0,0,0,0,0,0,70000,70000,0,0
05648P,康控國票97售01  ,0,0,0,0,0,0,0,0,0,0,0,0,0,36000,36000,0,0
056479,玉晶光元大99購05,0,0,0,0,0,0,0,0,0,0,0,0,0,2000,2000,0,0
056438,旺宏凱基98購05  ,0,0,0,0,0,0,0,0,0,0,0,0,0,3000,3000,0,0
056440,智邦凱基98購03  ,0,0,0,0,0,0,0,0,0,0,0,0,0,3000,3000,0,0
056454,欣興凱基98購02  ,0,0,0,0,0,0,0,0,0,0,0,0,0,2000,2000,0,0
056561,台光電群益98購02,0,0,0,0,0,0,0,0,0,0,0,0,0,6000,6000,0,0
056551,台郡凱基98購04  ,0,0,0,0,0,0,0,0,0,0,0,0,0,7000,7000,0,0
056548,瀚宇博凱基98購02,0,0,0,0,0,0,0,0,0,0,0,0,0,7000,7000,0,0
056513,臻鼎亞東99購01  ,0,0,0,0,0,0,0,0,0,0,0,0,0,48000,48000,0,0
056536,義隆凱基98購04  ,0,0,0,0,0,0,0,0,0,0,0,0,0,6000,6000,0,0
056534,京元電凱基98購01,0,0,0,0,0,0,0,0,0,0,0,0,0,1000,1000,0,0
056524,欣興中信98購02  ,0,0,0,0,0,0,0,0,0,0,0,0,0,20000,20000,0,0
056378,欣興元富98購01  ,0,0,0,0,0,0,0,0,0,0,0,0,0,7000,7000,0,0
05642P,玉晶光兆豐97售02,0,0,0,0,0,0,0,0,0,0,0,0,0,20000,20000,0,0
056430,鴻海凱基98購06  ,0,0,0,0,0,0,0,0,0,0,0,0,0,1000,1000,0,0
056433,鴻海凱基98購09  ,0,0,0,0,0,0,0,0,0,0,0,0,0,9000,9000,0,0
05639P,欣興統一97售01  ,0,0,0,0,0,0,0,0,0,0,0,0,0,10000,10000,0,0
056405,聯茂群益98購01  ,0,0,0,0,0,0,0,0,0,0,0,0,0,20000,20000,0,0
056342,中工凱基98購01  ,0,0,0,0,0,0,0,0,0,0,0,0,0,50000,50000,0,0
05633P,台表科群益96售04,0,0,0,0,0,0,0,0,0,0,0,0,0,54000,54000,0,0
056336,南亞科凱基98購02,0,0,0,0,0,0,0,0,0,0,0,0,0,168000,168000,0,0
056817,國巨永豐98購04  ,0,0,0,0,0,0,0,0,0,0,0,0,0,200000,200000,0,0
056740,大立光凱基98購13,0,0,0,0,0,0,0,0,0,0,0,0,0,11000,11000,0,0
056741,大立光凱基98購14,0,0,0,0,0,0,0,0,0,0,0,0,0,2000,2000,0,0
05657P,樺漢統一97售01  ,0,0,0,0,0,0,0,0,0,0,0,0,0,48000,48000,0,0
056641,華通凱基98購03  ,0,0,0,0,0,0,0,0,0,0,0,0,0,42000,42000,0,0
056709,華通永豐98購01  ,0,0,0,0,0,0,0,0,0,0,0,0,0,41000,41000,0,0
057457,華邦電富邦98購01,0,0,0,0,0,0,0,0,0,0,0,0,0,9000,9000,0,0
057447,智邦元富02購01  ,0,0,0,0,0,0,0,0,0,0,0,0,0,80000,80000,0,0
057477,智邦元大98購09  ,0,0,0,0,0,0,0,0,0,0,0,0,0,25000,25000,0,0
057492,大立光元大98購18,0,0,0,0,0,0,0,0,0,0,0,0,0,5000,5000,0,0
057365,智邦元大98購07  ,0,0,0,0,0,0,0,0,0,0,0,0,0,9000,9000,0,0
057366,智邦元大98購08  ,0,0,0,0,0,0,0,0,0,0,0,0,0,31000,31000,0,0
05741P,聯發科元大96售14,0,0,0,0,0,0,0,0,0,0,0,0,0,199000,199000,0,0
057416,T50反1凱基9C購01,0,0,0,0,0,0,0,0,0,0,0,0,0,20000,20000,0,0
057328,京鼎群益99購02  ,0,0,0,0,0,0,0,0,0,0,0,0,0,23000,23000,0,0
057346,鴻海統一98購13  ,0,0,0,0,0,0,0,0,0,0,0,0,0,10000,10000,0,0
057281,大立光元大98購16,0,0,0,0,0,0,0,0,0,0,0,0,0,5000,5000,0,0
057285,群創元大98購07  ,0,0,0,0,0,0,0,0,0,0,0,0,0,21000,21000,0,0
057286,群創元大9B購05  ,0,0,0,0,0,0,0,0,0,0,0,0,0,7000,7000,0,0
057288,聯茂元大98購03  ,0,0,0,0,0,0,0,0,0,0,0,0,0,4000,4000,0,0
05720P,可成中信98售01  ,0,0,0,0,0,0,0,0,0,0,0,0,0,17000,17000,0,0
057187,群創元大9B購04  ,0,0,0,0,0,0,0,0,0,0,0,0,0,7000,7000,0,0
05723P,華通永豐96售03  ,0,0,0,0,0,0,0,0,0,0,0,0,0,11000,11000,0,0
057184,群創元大98購05  ,0,0,0,0,0,0,0,0,0,0,0,0,0,3000,3000,0,0
057185,群創元大98購06  ,0,0,0,0,0,0,0,0,0,0,0,0,0,17000,17000,0,0
057172,南亞科元大98購03,0,0,0,0,0,0,0,0,0,0,0,0,0,82000,82000,0,0
057173,南亞科元大98購04,0,0,0,0,0,0,0,0,0,0,0,0,0,29000,29000,0,0
057159,晶技永豐98購01  ,0,0,0,0,0,0,0,0,0,0,0,0,0,63000,63000,0,0
057101,新光金中信9A購01,0,0,0,0,0,0,0,0,0,0,0,0,0,17000,17000,0,0
057050,群創元大99購03  ,0,0,0,0,0,0,0,0,0,0,0,0,0,13000,13000,0,0
057055,立積元大99購01  ,0,0,0,0,0,0,0,0,0,0,0,0,0,3000,3000,0,0
056902,大立光元大98購12,0,0,0,0,0,0,0,0,0,0,0,0,0,5000,5000,0,0
056882,華邦電康和98購01,0,0,0,0,0,0,0,0,0,0,0,0,0,68000,68000,0,0
057011,日月光中信99購01,0,0,0,0,0,0,0,0,0,0,0,0,0,48000,48000,0,0
057012,康控中信98購01  ,0,0,0,0,0,0,0,0,0,0,0,0,0,20000,20000,0,0
05701P,彩晶凱基96售01  ,0,0,0,0,0,0,0,0,0,0,0,0,0,100000,100000,0,0
055868,臺股指元大97購07,0,0,0,0,0,0,0,0,0,0,0,0,0,20000,20000,0,0
055834,國巨元大97購13  ,0,0,0,0,0,0,0,0,0,0,0,0,0,35000,35000,0,0
055845,大立光元大97購08,0,0,0,0,0,0,0,0,0,0,0,0,0,5000,5000,0,0
055846,大立光元大97購09,0,0,0,0,0,0,0,0,0,0,0,0,0,5000,5000,0,0
055847,大立光元大97購10,0,0,0,0,0,0,0,0,0,0,0,0,0,5000,5000,0,0
055848,大立光元大97購11,0,0,0,0,0,0,0,0,0,0,0,0,0,5000,5000,0,0
055911,可成凱基98購02  ,0,0,0,0,0,0,0,0,0,0,0,0,0,2000,2000,0,0
055687,瀚宇博凱基97購01,0,0,0,0,0,0,0,0,0,0,0,0,0,31000,31000,0,0
055715,智邦元大97購04  ,0,0,0,0,0,0,0,0,0,0,0,0,0,23000,23000,0,0
055814,晶豪科國票97購02,0,0,0,0,0,0,0,0,0,0,0,0,0,5000,5000,0,0
055780,禾伸堂凱基99購01,0,0,0,0,0,0,0,0,0,0,0,0,0,37000,37000,0,0
055773,瑞昱凱基97購03  ,0,0,0,0,0,0,0,0,0,0,0,0,0,3000,3000,0,0
056055,國巨元大97購15  ,0,0,0,0,0,0,0,0,0,0,0,0,0,263000,263000,0,0
056075,瀚宇博元大97購03,0,0,0,0,0,0,0,0,0,0,0,0,0,59000,59000,0,0
056034,華通凱基98購01  ,0,0,0,0,0,0,0,0,0,0,0,0,0,43000,43000,0,0
056035,鴻海凱基97購06  ,0,0,0,0,0,0,0,0,0,0,0,0,0,1000,1000,0,0
05601P,鴻海元大97售04  ,0,0,0,0,0,0,0,0,0,0,0,0,0,131000,131000,0,0
056184,南亞科統一97購03,0,0,0,0,0,0,0,0,0,0,0,0,0,3000,3000,0,0
056196,聯茂富邦98購02  ,0,0,0,0,0,0,0,0,0,0,0,0,0,10000,10000,0,0
056132,台光電元大97購03,0,0,0,0,0,0,0,0,0,0,0,0,0,5000,5000,0,0
056235,鴻海群益97購07  ,0,0,0,0,0,0,0,0,0,0,0,0,0,4000,4000,0,0
056237,智邦群益97購02  ,0,0,0,0,0,0,0,0,0,0,0,0,0,15000,15000,0,0
056261,台積電統一97購07,0,0,0,0,0,0,0,0,0,0,0,0,0,48000,48000,0,0
055281,台光電元大98購03,0,0,0,0,0,0,0,0,0,0,0,0,0,5000,5000,0,0
055295,瀚宇博元大97購02,0,0,0,0,0,0,0,0,0,0,0,0,0,8000,8000,0,0
055343,國巨凱基97購03  ,0,0,0,0,0,0,0,0,0,0,0,0,0,67000,67000,0,0
055359,超眾凱基97購01  ,0,0,0,0,0,0,0,0,0,0,0,0,0,8000,8000,0,0
055357,欣興凱基97購04  ,0,0,0,0,0,0,0,0,0,0,0,0,0,2000,2000,0,0
055108,智邦凱基98購01  ,0,0,0,0,0,0,0,0,0,0,0,0,0,27000,27000,0,0
055130,京鼎康和97購01  ,0,0,0,0,0,0,0,0,0,0,0,0,0,68000,68000,0,0
055469,台光電凱基97購01,0,0,0,0,0,0,0,0,0,0,0,0,0,6000,6000,0,0
055490,台光電元大97購01,0,0,0,0,0,0,0,0,0,0,0,0,0,10000,10000,0,0
055491,奇力新元大98購03,0,0,0,0,0,0,0,0,0,0,0,0,0,129000,129000,0,0
055372,宏達電元大97購04,0,0,0,0,0,0,0,0,0,0,0,0,0,9000,9000,0,0
055430,宏達電群益97購01,0,0,0,0,0,0,0,0,0,0,0,0,0,10000,10000,0,0
055657,超眾元富97購02  ,0,0,0,0,0,0,0,0,0,0,0,0,0,8000,8000,0,0
055563,智易凱基97購02  ,0,0,0,0,0,0,0,0,0,0,0,0,0,9000,9000,0,0
055542,亞德客凱基97購01,0,0,0,0,0,0,0,0,0,0,0,0,0,38000,38000,0,0
055529,華邦電群益97購02,0,0,0,0,0,0,0,0,0,0,0,0,0,11000,11000,0,0
03351P,台積電麥證02售07,0,0,0,0,0,0,0,0,0,0,0,0,0,6000,6000,0,0
00707R,元大S&P日圓反1  ,0,0,0,0,0,0,0,0,0,0,0,0,0,1000,1000,0,0
00709,富邦歐洲        ,0,0,0,0,0,0,0,0,0,0,0,0,0,100000,100000,0,0
00732,國泰RMB短期報酬 ,0,0,0,0,0,0,0,0,0,0,0,0,0,100000,100000,0,0
00774B,新光中國政金綠債,0,0,0,0,0,0,0,0,0,0,0,0,0,2000,2000,0,0
00775B,新光投等債15+   ,0,0,0,0,0,0,0,0,0,0,0,0,0,2000,2000,0,0
00776,新光ICE美國權值 ,0,0,0,0,0,0,0,0,0,0,0,0,0,1000,1000,0,0
00625K,富邦上証+R      ,0,0,0,0,0,0,0,0,0,0,0,0,0,50000,50000,0,0
00636K,國泰中國A50+U   ,0,0,0,0,0,0,0,0,0,0,0,0,0,100,100,0,0
00689R,國泰20年美債反1 ,0,0,0,0,0,0,0,0,0,0,0,0,0,100000,100000,0,0
00684R,元大美元指數反1 ,0,0,0,0,0,0,0,0,0,0,0,0,0,40000,40000,0,0
00685L,群益臺灣加權正2 ,0,0,0,0,0,0,0,0,0,0,0,0,0,15000,15000,0,0
00657K,國泰日經225+U   ,0,0,0,0,0,0,0,0,0,0,0,0,0,100,100,0,0
00660,元大歐洲50      ,0,0,0,0,0,0,0,0,0,0,0,0,0,1000,1000,0,0
00666R,富邦恒生國企反1 ,0,0,0,0,0,0,0,0,0,0,0,0,0,80000,80000,0,0
00668K,國泰美國道瓊+U  ,0,0,0,0,0,0,0,0,0,0,0,0,0,100,100,0,0
04341P,美律永豐93售03  ,0,0,0,0,0,0,0,0,0,0,0,0,0,60000,60000,0,0
042953,鴻海台新01購01  ,0,0,0,0,0,0,0,0,0,0,0,0,0,20000,20000,0,0
043144,台肥統一93購01  ,0,0,0,0,0,0,0,0,0,0,0,0,0,20000,20000,0,0
045782,欣興元大93購04  ,0,0,0,0,0,0,0,0,0,0,0,0,0,8000,8000,0,0
045760,鴻海統一93購02  ,0,0,0,0,0,0,0,0,0,0,0,0,0,10000,10000,0,0
045736,台積電群益94購01,0,0,0,0,0,0,0,0,0,0,0,0,0,128000,128000,0,0
045660,欣興富邦93購03  ,0,0,0,0,0,0,0,0,0,0,0,0,0,2000,2000,0,0
045679,欣興元大94購01  ,0,0,0,0,0,0,0,0,0,0,0,0,0,11000,11000,0,0
045446,鴻海國泰94購01  ,0,0,0,0,0,0,0,0,0,0,0,0,0,2000,2000,0,0
045456,鴻海元大93購04  ,0,0,0,0,0,0,0,0,0,0,0,0,0,78000,78000,0,0
03899P,滬深2X群益95售03,0,0,0,0,0,0,0,0,0,0,0,0,0,150000,150000,0,0
03543P,台泥中信02售01  ,0,0,0,0,0,0,0,0,0,0,0,0,0,100000,100000,0,0
044961,聯電中信94購01  ,0,0,0,0,0,0,0,0,0,0,0,0,0,30000,30000,0,0
044763,瀚宇博凱基93購01,0,0,0,0,0,0,0,0,0,0,0,0,0,7000,7000,0,0
046148,友達中信94購01  ,0,0,0,0,0,0,0,0,0,0,0,0,0,30000,30000,0,0
046064,中工凱基94購01  ,0,0,0,0,0,0,0,0,0,0,0,0,0,50000,50000,0,0
046184,台光電凱基93購08,0,0,0,0,0,0,0,0,0,0,0,0,0,4000,4000,0,0
046197,日月光凱基92購04,0,0,0,0,0,0,0,0,0,0,0,0,0,10000,10000,0,0
04382P,美律國泰95售01  ,0,0,0,0,0,0,0,0,0,0,0,0,0,2000,2000,0,0
047311,台積電元大93購19,0,0,0,0,0,0,0,0,0,0,0,0,0,60000,60000,0,0
045417,華新凱基93購01  ,0,0,0,0,0,0,0,0,0,0,0,0,0,4000,4000,0,0
04519P,國泰金群益94售01,0,0,0,0,0,0,0,0,0,0,0,0,0,11000,11000,0,0
045258,漢唐凱基93購01  ,0,0,0,0,0,0,0,0,0,0,0,0,0,10000,10000,0,0
045084,欣興元大93購02  ,0,0,0,0,0,0,0,0,0,0,0,0,0,10000,10000,0,0
048410,和碩群益93購01  ,0,0,0,0,0,0,0,0,0,0,0,0,0,36000,36000,0,0
04842P,群創元大96售02  ,0,0,0,0,0,0,0,0,0,0,0,0,0,20000,20000,0,0
047435,台積電元大94購01,0,0,0,0,0,0,0,0,0,0,0,0,0,4000,4000,0,0
048291,台積電群益93購09,0,0,0,0,0,0,0,0,0,0,0,0,0,29000,29000,0,0
048321,欣興凱基93購03  ,0,0,0,0,0,0,0,0,0,0,0,0,0,1000,1000,0,0
048370,可成統一93購04  ,0,0,0,0,0,0,0,0,0,0,0,0,0,53000,53000,0,0
047343,台達電中信95購01,0,0,0,0,0,0,0,0,0,0,0,0,0,70000,70000,0,0
04716P,中石化凱基94售01,0,0,0,0,0,0,0,0,0,0,0,0,0,76000,76000,0,0
047127,臻鼎中信95購01  ,0,0,0,0,0,0,0,0,0,0,0,0,0,20000,20000,0,0
047118,欣興元大93購06  ,0,0,0,0,0,0,0,0,0,0,0,0,0,5000,5000,0,0
047087,亞泥元富93購01  ,0,0,0,0,0,0,0,0,0,0,0,0,0,3000,3000,0,0
047133,旺宏凱基93購03  ,0,0,0,0,0,0,0,0,0,0,0,0,0,22000,22000,0,0
047025,可成元大93購05  ,0,0,0,0,0,0,0,0,0,0,0,0,0,136000,136000,0,0
047701,鴻海凱基94購12  ,0,0,0,0,0,0,0,0,0,0,0,0,0,2000,2000,0,0
047826,台泥元大93購01  ,0,0,0,0,0,0,0,0,0,0,0,0,0,51000,51000,0,0
04793P,台光電元大94售07,0,0,0,0,0,0,0,0,0,0,0,0,0,100000,100000,0,0
047916,台積電凱基93購22,0,0,0,0,0,0,0,0,0,0,0,0,0,10000,10000,0,0
048058,大立光國泰95購01,0,0,0,0,0,0,0,0,0,0,0,0,0,5000,5000,0,0
050824,欣興凱基95購01  ,0,0,0,0,0,0,0,0,0,0,0,0,0,2000,2000,0,0
050810,鴻海凱基95購09  ,0,0,0,0,0,0,0,0,0,0,0,0,0,10000,10000,0,0
051196,喬山麥證95購01  ,0,350000,-350000,350000,0,350000,0,0,0,350000,0,0,0,350000,0,350000,0
051127,同欣電群益95購01,0,0,0,0,0,0,0,0,0,0,0,0,0,105000,105000,0,0
050155,華新科群益95購01,0,0,0,0,0,0,0,0,0,0,0,0,0,10000,10000,0,0
050161,鴻海國泰96購03  ,0,0,0,0,0,0,0,0,0,0,0,0,0,8000,8000,0,0
049273,臺股指元大94購08,0,0,0,0,0,0,0,0,0,0,0,0,0,4000,4000,0,0
049274,臺股指元大94購09,0,0,0,0,0,0,0,0,0,0,0,0,0,3000,3000,0,0
050111,全新元大95購02  ,0,0,0,0,0,0,0,0,0,0,0,0,0,5000,5000,0,0
050113,欣興元大95購05  ,0,0,0,0,0,0,0,0,0,0,0,0,0,7000,7000,0,0
047651,復盛元大93購01  ,0,0,0,0,0,0,0,0,0,0,0,0,0,50000,50000,0,0
047659,大立光麥證93購01,0,0,0,0,10000,-10000,0,0,0,0,0,0,0,10000,10000,0,0
047641,可成元大93購09  ,0,0,0,0,0,0,0,0,0,0,0,0,0,100000,100000,0,0
047647,麗豐元大93購03  ,0,0,0,0,0,0,0,0,0,0,0,0,0,47000,47000,0,0
048724,台達電日盛94購01,0,0,0,0,0,0,0,0,0,0,0,0,0,54000,54000,0,0
048728,台達電麥證94購01,0,0,0,10000,46000,-36000,0,0,0,0,0,0,0,46000,46000,0,0
046619,可成凱基93購01  ,0,0,0,0,0,0,0,0,0,0,0,0,0,10000,10000,0,0
046623,臻鼎凱基93購02  ,0,0,0,0,0,0,0,0,0,0,0,0,0,30000,30000,0,0
046528,聯詠中信94購01  ,0,0,0,0,0,0,0,0,0,0,0,0,0,38000,38000,0,0
046487,鴻海永昌92購01  ,0,0,0,0,0,0,0,0,0,0,0,0,0,29000,29000,0,0
046491,滬深2X富邦95購02,0,0,0,0,0,0,0,0,0,0,0,0,0,10000,10000,0,0
046500,技嘉元大92購03  ,0,0,0,0,0,0,0,0,0,0,0,0,0,200000,200000,0,0
046559,台積電凱基92購23,0,0,0,0,0,0,0,0,0,0,0,0,0,260000,260000,0,0
046433,康友中信92購01  ,0,0,0,0,0,0,0,0,0,0,0,0,0,20000,20000,0,0
046450,鴻海凱基93購12  ,0,0,0,0,0,0,0,0,0,0,0,0,0,2000,2000,0,0
046457,可成凱基92購09  ,0,0,0,0,0,0,0,0,0,0,0,0,0,20000,20000,0,0
046941,瑞昱元大93購08  ,0,0,0,0,0,0,0,0,0,0,0,0,0,10000,10000,0,0
046965,復盛中信93購01  ,0,0,0,0,0,0,0,0,0,0,0,0,0,20000,20000,0,0
046968,台積電群益94購03,0,0,0,0,0,0,0,0,0,0,0,0,0,10000,10000,0,0
046755,瑞昱凱基93購05  ,0,0,0,0,0,0,0,0,0,0,0,0,0,10000,10000,0,0
046757,漢唐凱基93購02  ,0,0,0,0,0,0,0,0,0,0,0,0,0,10000,10000,0,0
046716,欣興國泰93購03  ,0,0,0,0,0,0,0,0,0,0,0,0,0,27000,27000,0,0
046699,臻鼎凱基93購03  ,0,0,0,0,0,0,0,0,0,0,0,0,0,30000,30000,0,0
047555,欣興凱基93購01  ,0,0,0,0,0,0,0,0,0,0,0,0,0,6000,6000,0,0
047543,鴻海凱基94購09  ,0,0,0,0,0,0,0,0,0,0,0,0,0,2000,2000,0,0
047541,深中小凱基94購01,0,0,0,0,0,0,0,0,0,0,0,0,0,30000,30000,0,0
047533,瑞儀元大93購02  ,0,0,0,0,0,0,0,0,0,0,0,0,0,21000,21000,0,0
047480,全新凱基93購01  ,0,0,0,0,0,0,0,0,0,0,0,0,0,10000,10000,0,0
048663,聯發科統一96購01,0,0,0,0,0,0,0,0,0,0,0,0,0,70000,70000,0,0
048657,大成鋼統一93購04,0,0,0,0,0,0,0,0,0,0,0,0,0,5000,5000,0,0
048658,鴻海統一93購09  ,0,0,0,0,0,0,0,0,0,0,0,0,0,50000,50000,0,0
048273,南電富邦97購01  ,0,0,0,0,0,0,0,0,0,0,0,0,0,28000,28000,0,0
048109,旺宏群益94購02  ,0,0,0,0,0,0,0,0,0,0,0,0,0,10000,10000,0,0
048568,緯穎元大93購06  ,0,0,0,0,0,0,0,0,0,0,0,0,0,2000,2000,0,0
048513,欣興凱基93購04  ,0,0,0,0,0,0,0,0,0,0,0,0,0,5000,5000,0,0
048544,欣興永豐94購01  ,0,0,0,0,0,0,0,0,0,0,0,0,0,7000,7000,0,0
048159,聯詠兆豐93購03  ,0,0,0,0,0,0,0,0,0,0,0,0,0,20000,20000,0,0
048200,欣興元大93購07  ,0,0,0,0,0,0,0,0,0,0,0,0,0,7000,7000,0,0
051388,大立光麥證95購03,0,0,0,10000,10000,0,0,0,0,0,0,0,0,10000,10000,0,0
051482,玉晶光凱基96購01,0,0,0,0,0,0,0,0,0,0,0,0,0,44000,44000,0,0
051484,玉晶光凱基97購01,0,0,0,0,0,0,0,0,0,0,0,0,0,19000,19000,0,0
050471,國泰金台新94購01,0,0,0,0,0,0,0,0,0,0,0,0,0,38000,38000,0,0
048766,禾伸堂凱基94購01,0,0,0,0,0,0,0,0,0,0,0,0,0,10000,10000,0,0
051105,台光電國票96購01,0,0,0,0,0,0,0,0,0,0,0,0,0,30000,30000,0,0
051382,玉晶光群益98購02,0,0,0,0,0,0,0,0,0,0,0,0,0,6000,6000,0,0
051337,欣興永豐95購02  ,0,0,0,0,0,0,0,0,0,0,0,0,0,7000,7000,0,0
049592,欣興元大96購01  ,0,0,0,0,0,0,0,0,0,0,0,0,0,11000,11000,0,0
04959P,可成凱基94售14  ,0,0,0,0,0,0,0,0,0,0,0,0,0,7000,7000,0,0
049567,鴻海統一94購05  ,0,0,0,0,0,0,0,0,0,0,0,0,0,3000,3000,0,0
050500,台積電凱基94購36,0,0,0,0,0,0,0,0,0,0,0,0,0,20000,20000,0,0
050496,鴻海富邦96購01  ,0,0,0,0,0,0,0,0,0,0,0,0,0,10000,10000,0,0
050499,台達電凱基94購11,0,0,0,0,0,0,0,0,0,0,0,0,0,90000,90000,0,0
050547,華新科凱基95購01,0,0,0,0,0,0,0,0,0,0,0,0,0,2000,2000,0,0
049924,欣興元大95購04  ,0,0,0,0,0,0,0,0,0,0,0,0,0,8000,8000,0,0
049920,大立光元大94購15,0,0,0,0,0,0,0,0,0,0,0,0,0,5000,5000,0,0
049934,緯穎元大94購08  ,0,0,0,0,0,0,0,0,0,0,0,0,0,26000,26000,0,0
049949,燿華群益96購01  ,0,0,0,0,0,0,0,0,0,0,0,0,0,11000,11000,0,0
049896,聯發科統一94購06,0,0,0,0,0,0,0,0,0,0,0,0,0,3000,3000,0,0
049907,鴻海元大94購07  ,0,0,0,0,0,0,0,0,0,0,0,0,0,21000,21000,0,0
049908,鴻海元大94購08  ,0,0,0,0,0,0,0,0,0,0,0,0,0,33000,33000,0,0
04984P,臺股指康和94售04,0,0,0,0,0,0,0,0,0,0,0,0,0,10000,10000,0,0
049857,緯穎群益94購03  ,0,0,0,0,0,0,0,0,0,0,0,0,0,11000,11000,0,0
049800,瑞昱元大94購05  ,0,0,0,0,0,0,0,0,0,0,0,0,0,1000,1000,0,0
049784,台積電兆豐94購05,0,0,0,0,0,0,0,0,0,0,0,0,0,20000,20000,0,0
049983,智原凱基94購02  ,0,0,0,0,0,0,0,0,0,0,0,0,0,8000,8000,0,0
049998,奇力新永豐94購03,0,0,0,0,0,0,0,0,0,0,0,0,0,30000,30000,0,0
050070,欣興凱基94購07  ,0,0,0,0,0,0,0,0,0,0,0,0,0,4000,4000,0,0
050036,矽格元大94購03  ,0,0,0,0,0,0,0,0,0,0,0,0,0,2000,2000,0,0
050039,鴻海中信94購03  ,0,0,0,0,0,0,0,0,0,0,0,0,0,20000,20000,0,0
05044P,亞德客永豐95售01,0,0,0,0,0,0,0,0,0,0,0,0,0,50000,50000,0,0
050425,國巨凱基94購12  ,0,0,0,0,0,0,0,0,0,0,0,0,0,21000,21000,0,0
050108,鴻海元大94購13  ,0,0,0,0,0,0,0,0,0,0,0,0,0,7000,7000,0,0
050098,嘉聯益國泰95購02,0,0,0,0,0,0,0,0,0,0,0,0,0,100000,100000,0,0
051983,道瓊反元大95購01,0,0,0,0,0,0,0,0,0,0,0,0,0,300000,300000,0,0
051940,康舒群益95購01  ,0,0,0,0,0,0,0,0,0,0,0,0,0,15000,15000,0,0
051903,T50反1元大97購02,0,0,0,0,0,0,0,0,0,0,0,0,0,30000,30000,0,0
050761,華通元大94購05  ,0,0,0,0,0,0,0,0,0,0,0,0,0,10000,10000,0,0
050766,燿華元大96購02  ,0,0,0,0,0,0,0,0,0,0,0,0,0,20000,20000,0,0
050767,京元電元大96購01,0,0,0,0,0,0,0,0,0,0,0,0,0,5000,5000,0,0
050609,鴻海元大94購23  ,0,0,0,0,0,0,0,0,0,0,0,0,0,16000,16000,0,0
049713,鴻海凱基94購17  ,0,0,0,0,0,0,0,0,0,0,0,0,0,10000,10000,0,0
049714,國巨凱基94購02  ,0,0,0,0,0,0,0,0,0,0,0,0,0,19000,19000,0,0
04971P,矽力元富94售02  ,0,0,0,0,0,0,0,0,0,0,0,0,0,6000,6000,0,0
050615,奇力新元大95購03,0,0,0,0,0,0,0,0,0,0,0,0,0,2000,2000,0,0
052026,漢唐群益95購01  ,0,0,0,0,0,0,0,0,0,0,0,0,0,15000,15000,0,0
052047,建準凱基96購01  ,0,0,0,0,0,0,0,0,0,0,0,0,0,3000,3000,0,0
05206P,南茂元大95售01  ,0,0,0,0,0,0,0,0,0,0,0,0,0,20000,20000,0,0
052074,鴻海元富95購10  ,0,0,0,0,0,0,0,0,0,0,0,0,0,200000,200000,0,0
05212P,台積電國票96售04,0,0,0,0,0,0,0,0,0,0,0,0,0,24000,24000,0,0
052134,智邦凱基95購09  ,0,0,0,0,0,0,0,0,0,0,0,0,0,5000,5000,0,0
052186,宏達電群益95購04,0,0,0,0,0,0,0,0,0,0,0,0,0,8000,8000,0,0
052193,國巨元富95購06  ,0,0,0,0,0,0,0,0,0,0,0,0,0,68000,68000,0,0
052294,創意國票96購03  ,0,0,0,0,0,0,0,0,0,0,0,0,0,10000,10000,0,0
052257,燿華國泰96購01  ,0,0,0,0,0,0,0,0,0,0,0,0,0,50000,50000,0,0
051637,嘉聯益國票96購01,0,0,0,0,0,0,0,0,0,0,0,0,0,32000,32000,0,0
051661,華新科永昌96購01,0,0,0,0,0,0,0,0,0,0,0,0,0,2000,2000,0,0
049348,瑞昱台新94購01  ,0,0,0,0,0,0,0,0,0,0,0,0,0,94000,94000,0,0
051764,欣興元大95購07  ,0,0,0,0,0,0,0,0,0,0,0,0,0,6000,6000,0,0
050197,矽格元大94購04  ,0,0,0,0,0,0,0,0,0,0,0,0,0,2000,2000,0,0
050205,牧德群益94購02  ,0,0,0,0,0,0,0,0,0,0,0,0,0,33000,33000,0,0
050213,華新科台新94購03,0,0,0,0,0,0,0,0,0,0,0,0,0,10000,10000,0,0
050187,群創元大94購03  ,0,0,0,0,0,0,0,0,0,0,0,0,0,50000,50000,0,0
051779,大立光群益95購02,0,0,0,0,0,0,0,0,0,0,0,0,0,5000,5000,0,0
051264,道瓊反富邦97購01,0,0,0,0,0,0,0,0,0,0,0,0,0,150000,150000,0,0
051256,中磊元大95購01  ,0,0,0,0,0,0,0,0,0,0,0,0,0,21000,21000,0,0
051286,國巨統一97購01  ,0,0,0,0,0,0,0,0,0,0,0,0,0,42000,42000,0,0
051304,緯創凱基96購01  ,0,0,0,0,0,0,0,0,0,0,0,0,0,60000,60000,0,0
05146P,鴻海元大95售10  ,0,0,0,0,0,0,0,0,0,0,0,0,0,333000,333000,0,0
05092P,全新元大95售03  ,0,0,0,0,0,0,0,0,0,0,0,0,0,15000,15000,0,0
050838,為升國票96購01  ,0,0,0,0,0,0,0,0,0,0,0,0,0,64000,64000,0,0
050865,欣興永豐95購01  ,0,0,0,0,0,0,0,0,0,0,0,0,0,10000,10000,0,0
051419,麗豐國票96購01  ,0,0,0,0,0,0,0,0,0,0,0,0,0,40000,40000,0,0
05141P,華通台新96售01  ,0,0,0,0,0,0,0,0,0,0,0,0,0,10000,10000,0,0
050969,台郡永豐95購01  ,0,0,0,0,0,0,0,0,0,0,0,0,0,108000,108000,0,0
050979,鴻海元富96購02  ,0,0,0,0,0,0,0,0,0,0,0,0,0,30000,30000,0,0
048818,台達電凱基94購01,0,0,0,0,0,0,0,0,0,0,0,0,0,7000,7000,0,0
048810,玉晶光第一94購01,0,0,0,0,0,0,0,0,0,0,0,0,0,20000,20000,0,0
050319,康控國票95購04  ,0,0,0,0,0,0,0,0,0,0,0,0,0,100000,100000,0,0
048938,玉晶光永豐95購02,0,0,0,0,0,0,0,0,0,0,0,0,0,1000,1000,0,0
051206,大立光麥證95購02,0,0,0,10000,10000,0,0,0,0,0,0,0,0,10000,10000,0,0
049387,緯穎元大94購03  ,0,0,0,0,0,0,0,0,0,0,0,0,0,5000,5000,0,0
051079,鴻海富邦96購02  ,0,0,0,0,0,0,0,0,0,0,0,0,0,6000,6000,0,0
049418,大立光凱基94購05,0,0,0,0,0,0,0,0,0,0,0,0,0,50000,50000,0,0
049419,欣興凱基94購04  ,0,0,0,0,0,0,0,0,0,0,0,0,0,3000,3000,0,0
049424,中石化兆豐94購01,0,0,0,0,0,0,0,0,0,0,0,0,0,60000,60000,0,0
050259,鴻海元大94購14  ,0,0,0,0,0,0,0,0,0,0,0,0,0,1000,1000,0,0
050295,大立光凱基94購16,0,0,0,0,0,0,0,0,0,0,0,0,0,2000,2000,0,0
050288,台積電凱基94購32,0,0,0,0,0,0,0,0,0,0,0,0,0,3000,3000,0,0
050304,台光電中信94購01,0,0,0,0,0,0,0,0,0,0,0,0,0,200000,200000,0,0
050297,欣興凱基94購08  ,0,0,0,0,0,0,0,0,0,0,0,0,0,4000,4000,0,0
049547,新光金群益94購01,0,0,0,0,0,0,0,0,0,0,0,0,0,10000,10000,0,0
050332,鴻海國泰96購05  ,0,0,0,0,0,0,0,0,0,0,0,0,0,10000,10000,0,0
049530,上銀台新94購01  ,0,0,0,0,0,0,0,0,0,0,0,0,0,1000,1000,0,0
049495,欣興元大94購06  ,0,0,0,0,0,0,0,0,0,0,0,0,0,5000,5000,0,0
049769,和鑫元富96購01  ,0,0,0,0,0,0,0,0,0,0,0,0,0,10000,10000,0,0
049735,台光電群益94購03,0,0,0,0,0,0,0,0,0,0,0,0,0,9000,9000,0,0
049092,聯茂凱基94購07  ,0,0,0,0,0,0,0,0,0,0,0,0,0,100000,100000,0,0
048989,矽格元大94購02  ,0,0,0,0,0,0,0,0,0,0,0,0,0,3000,3000,0,0
049031,矽格群益94購01  ,0,0,0,0,0,0,0,0,0,0,0,0,0,2000,2000,0,0
049178,宏達電凱基94購02,0,0,0,0,0,0,0,0,0,0,0,0,0,150000,150000,0,0
049231,鴻海富邦95購02  ,0,0,0,0,0,0,0,0,0,0,0,0,0,15000,15000,0,0
049160,鴻海第一95購01  ,0,0,0,0,0,0,0,0,0,0,0,0,0,10000,10000,0,0
05257P,欣興凱基95售04  ,0,0,0,0,0,0,0,0,0,0,0,0,0,15000,15000,0,0
052589,群創永豐97購01  ,0,0,0,0,0,0,0,0,0,0,0,0,0,30000,30000,0,0
052590,祥碩永豐96購01  ,0,0,0,0,0,0,0,0,0,0,0,0,0,1000,1000,0,0
052667,漢唐群益96購01  ,0,0,0,0,0,0,0,0,0,0,0,0,0,25000,25000,0,0
052696,玉晶光麥證97購01,0,0,0,0,1000,-1000,0,0,0,0,0,0,0,1000,1000,0,0
052691,GIS元大96購01   ,0,0,0,0,0,0,0,0,0,0,0,0,0,150000,150000,0,0
052716,欣興凱基96購01  ,0,0,0,0,0,0,0,0,0,0,0,0,0,1000,1000,0,0
052487,國巨國票96購07  ,0,0,0,0,0,0,0,0,0,0,0,0,0,84000,84000,0,0
05244P,台積電元大95售17,0,0,0,0,0,0,0,0,0,0,0,0,0,410000,410000,0,0
052404,臻鼎凱基95購05  ,0,0,0,0,0,0,0,0,0,0,0,0,0,68000,68000,0,0
053060,大立光永昌96購05,0,0,0,0,0,0,0,0,0,0,0,0,0,5000,5000,0,0
053036,聯電凱基98購01  ,0,0,0,0,0,0,0,0,0,0,0,0,0,300000,300000,0,0
05303P,華通國泰97售01  ,0,0,0,0,0,0,0,0,0,0,0,0,0,11000,11000,0,0
053022,欣興國泰98購01  ,0,0,0,0,0,0,0,0,0,0,0,0,0,11000,11000,0,0
052963,智邦凱基96購02  ,0,0,0,0,0,0,0,0,0,0,0,0,0,47000,47000,0,0
052891,台泥群益96購01  ,0,0,0,0,0,0,0,0,0,0,0,0,0,13000,13000,0,0
052854,聯詠日盛96購01  ,0,0,0,0,0,0,0,0,0,0,0,0,0,60000,60000,0,0
052754,上証2X群益9A購01,0,0,0,0,0,0,0,0,0,0,0,0,0,10000,10000,0,0
052766,玉晶光群益9A購01,0,0,0,0,0,0,0,0,0,0,0,0,0,15000,15000,0,0
05280P,華通元大95售08  ,0,0,0,0,0,0,0,0,0,0,0,0,0,8000,8000,0,0
053668,鴻海統一97購01  ,0,0,0,0,0,0,0,0,0,0,0,0,0,48000,48000,0,0
053676,新光金國泰98購02,0,0,0,0,0,0,0,0,0,0,0,0,0,200000,200000,0,0
053677,同欣電國泰97購01,0,0,0,0,0,0,0,0,0,0,0,0,0,4000,4000,0,0
053697,臻鼎元大96購02  ,0,0,0,0,0,0,0,0,0,0,0,0,0,20000,20000,0,0
053754,英業達元富96購02,0,0,0,0,0,0,0,0,0,0,0,0,0,30000,30000,0,0
053757,聯發科國泰96購04,0,0,0,0,0,0,0,0,0,0,0,0,0,50000,50000,0,0
053661,嘉澤凱基97購01  ,0,0,0,0,0,0,0,0,0,0,0,0,0,20000,20000,0,0
053597,牧德元大99購01  ,0,0,0,0,0,0,0,0,0,0,0,0,0,33000,33000,0,0
053554,欣興凱基97購02  ,0,0,0,0,0,0,0,0,0,0,0,0,0,2000,2000,0,0
053467,鴻海元大96購20  ,0,0,0,0,0,0,0,0,0,0,0,0,0,105000,105000,0,0
053475,華新科元大96購05,0,0,0,0,0,0,0,0,0,0,0,0,0,1000,1000,0,0
053494,南亞科兆豐96購02,0,0,0,0,0,0,0,0,0,0,0,0,0,20000,20000,0,0
053495,聯發科兆豐96購02,0,0,0,0,0,0,0,0,0,0,0,0,0,40000,40000,0,0
053450,同欣電凱基96購02,0,0,0,0,0,0,0,0,0,0,0,0,0,10000,10000,0,0
053211,漢唐凱基96購03  ,0,0,0,0,0,0,0,0,0,0,0,0,0,7000,7000,0,0
053206,聯發科麥證96購02,0,0,0,10000,10000,0,0,0,0,0,0,0,0,10000,10000,0,0
05321P,鴻海凱基95售17  ,0,0,0,0,0,0,0,0,0,0,0,0,0,40000,40000,0,0
05318P,臺股指永昌95售03,0,0,0,0,0,0,0,0,0,0,0,0,0,110000,110000,0,0
053185,友達中信99購01  ,0,0,0,0,0,0,0,0,0,0,0,0,0,30000,30000,0,0
053163,上証2X群益9A購02,0,0,0,0,0,0,0,0,0,0,0,0,0,10000,10000,0,0
053140,燿華永豐96購02  ,0,0,0,0,0,0,0,0,0,0,0,0,0,10000,10000,0,0
053335,易華電永豐96購01,0,0,0,0,0,0,0,0,0,0,0,0,0,10000,10000,0,0
053270,台塑元大96購01  ,0,0,0,0,0,0,0,0,0,0,0,0,0,33000,33000,0,0
053279,景碩元大97購01  ,0,2000,-2000,0,0,0,0,0,0,2000,0,0,0,2000,0,2000,0
053280,群創元大9C購01  ,0,0,0,0,0,0,0,0,0,0,0,0,0,174000,174000,0,0
053264,南亞科群益96購01,0,0,0,0,0,0,0,0,0,0,0,0,0,77000,77000,0,0
054383,傳奇群益97購01  ,0,0,0,0,0,0,0,0,0,0,0,0,0,10000,10000,0,0
054412,智邦元大96購03  ,0,0,0,0,0,0,0,0,0,0,0,0,0,3000,3000,0,0
054309,禾伸堂凱基98購01,0,0,0,0,0,0,0,0,0,0,0,0,0,36000,36000,0,0
05426P,聯發科凱基95售12,0,0,0,0,0,0,0,0,0,0,0,0,0,2000,2000,0,0
05427P,聯發科凱基96售07,0,0,0,0,0,0,0,0,0,0,0,0,0,118000,118000,0,0
054135,大立光元大97購04,0,0,0,0,0,0,0,0,0,0,0,0,0,75000,75000,0,0
053826,光磊麥證97購01  ,0,0,0,20000,20000,0,0,0,0,0,0,0,0,20000,20000,0,0
05383P,鴻海富邦95售06  ,0,0,0,0,0,0,0,0,0,0,0,0,0,44000,44000,0,0
053809,上銀群益96購02  ,0,0,0,0,0,0,0,0,0,0,0,0,0,186000,186000,0,0
053908,貿聯凱基98購01  ,0,0,0,0,0,0,0,0,0,0,0,0,0,50000,50000,0,0
053865,欣興元大97購02  ,0,0,0,0,0,0,0,0,0,0,0,0,0,1000,1000,0,0
053859,台積電元大97購09,0,0,0,0,0,0,0,0,0,0,0,0,0,1359000,1359000,0,0
053988,友達亞東96購01  ,0,0,0,0,0,0,0,0,0,0,0,0,0,10000,10000,0,0
053962,聯茂永豐96購01  ,0,0,0,0,0,0,0,0,0,0,0,0,0,68000,68000,0,0
053975,大立光元大98購04,0,0,0,0,0,0,0,0,0,0,0,0,0,85000,85000,0,0
053954,貿聯康和96購01  ,0,0,0,0,0,0,0,0,0,0,0,0,0,68000,68000,0,0
054041,鴻海元大96購22  ,0,0,0,0,0,0,0,0,0,0,0,0,0,101000,101000,0,0
054035,聯詠麥證96購01  ,0,0,0,10000,10000,0,0,0,0,0,0,0,0,10000,10000,0,0
054026,台積電凱基97購08,0,0,0,0,0,0,0,0,0,0,0,0,0,10000,10000,0,0
054027,欣興凱基96購04  ,0,0,0,0,0,0,0,0,0,0,0,0,0,4000,4000,0,0
054676,牧德台新98購01  ,0,0,0,0,0,0,0,0,0,0,0,0,0,10000,10000,0,0
05468P,鴻海元大96售14  ,0,0,0,0,0,0,0,0,0,0,0,0,0,329000,329000,0,0
05473P,聯詠統一97售02  ,0,0,0,0,0,0,0,0,0,0,0,0,0,10000,10000,0,0
054750,聯茂凱基98購02  ,0,0,0,0,0,0,0,0,0,0,0,0,0,10000,10000,0,0
054590,嘉聯益國泰98購01,0,0,0,0,0,0,0,0,0,0,0,0,0,170000,170000,0,0
054587,玉晶光國泰99購01,0,0,0,0,0,0,0,0,0,0,0,0,0,63000,63000,0,0
054823,祥碩元大97購02  ,0,0,0,0,0,0,0,0,0,0,0,0,0,7000,7000,0,0
054814,台積電元大97購13,0,0,0,0,0,0,0,0,0,0,0,0,0,313000,313000,0,0
054817,聯發科元大97購13,0,0,0,0,0,0,0,0,0,0,0,0,0,50000,50000,0,0
054836,勤誠中信97購01  ,0,0,0,0,0,0,0,0,0,0,0,0,0,10000,10000,0,0
054882,台光電統一97購02,0,0,0,0,0,0,0,0,0,0,0,0,0,48000,48000,0,0
054960,新日興元大97購02,0,0,0,0,0,0,0,0,0,0,0,0,0,220000,220000,0,0
054939,台積電元大97購15,0,0,0,0,0,0,0,0,0,0,0,0,0,377000,377000,0,0
054936,鴻海元大97購10  ,0,0,0,0,0,0,0,0,0,0,0,0,0,105000,105000,0,0
054940,台積電元大97購16,0,0,0,0,0,0,0,0,0,0,0,0,0,551000,551000,0,0
2009,第一銅          ,3000,2000,1000,0,0,0,0,0,0,-1000,0,1000,-1000,0,0,0,0
1539,巨庭            ,1000,1000,0,0,0,0,0,0,0,0,0,0,0,0,0,0,0
1535,中宇            ,1000,1000,0,0,0,0,0,0,0,0,0,0,0,0,0,0,0
1568,倉佑            ,1000,1000,0,0,0,0,0,0,0,0,0,0,0,0,0,0,0
1603,華電            ,1000,2000,-1000,0,0,0,0,0,0,1000,1000,0,1000,0,0,0,0
1720,生達            ,18000,17000,1000,0,0,0,0,0,0,-1000,0,1000,-1000,0,0,0,0
1721,三晃            ,2000,2000,0,0,0,0,0,0,0,0,0,0,0,0,0,0,0
1714,和桐            ,198000,208000,-10000,0,0,0,0,0,0,10000,10000,0,10000,0,0,0,0
1453,大將            ,1000,1000,0,0,0,0,0,0,0,0,0,0,0,0,0,0,0
1236,宏亞            ,1000,1000,0,0,0,0,0,0,0,0,0,0,0,0,0,0,0
06698P,玉晶光國票99售05,0,0,0,0,0,0,0,0,0,0,0,0,0,3000,3000,0,0
06704P,玉晶光元富98售05,0,0,0,0,0,0,0,0,0,0,0,0,0,4000,4000,0,0
06759P,台積電元大98售17,0,0,0,0,0,0,0,0,0,0,0,0,0,50000,50000,0,0
06605P,玉晶光元富98售03,0,0,0,0,0,0,0,0,0,0,0,0,0,4000,4000,0,0
06559P,玉晶光元富98售02,0,0,0,0,0,0,0,0,0,0,0,0,0,4000,4000,0,0
06528P,台積電富邦99售03,0,0,0,0,0,0,0,0,0,0,0,0,0,10000,10000,0,0
06493P,聯發科永豐98售02,0,0,0,0,0,0,0,0,0,0,0,0,0,99000,99000,0,0
06494P,鴻海永昌98售03  ,0,0,0,0,0,0,0,0,0,0,0,0,0,52000,52000,0,0
06447P,上銀元大98售01  ,0,0,0,0,0,0,0,0,0,0,0,0,0,1000,1000,0,0
06437P,玉晶光國票99售01,0,0,0,0,0,0,0,0,0,0,0,0,0,1000,1000,0,0
06329P,大立光兆豐97售04,0,0,0,0,0,0,0,0,0,0,0,0,0,10000,10000,0,0
06335P,台積電麥證97售02,0,0,0,10000,10000,0,0,0,0,0,0,0,0,10000,10000,0,0
06206P,台積電凱基97售11,0,0,0,0,0,0,0,0,0,0,0,0,0,10000,10000,0,0
06242P,大立光元富9A售02,0,0,0,0,0,0,0,0,0,0,0,0,0,3000,3000,0,0
06218P,鴻海元富97售06  ,0,0,0,0,0,0,0,0,0,0,0,0,0,10000,10000,0,0
06224P,可成元富97售02  ,0,0,0,0,0,0,0,0,0,0,0,0,0,5000,5000,0,0
06074P,台積電凱基98售04,0,0,0,0,0,0,0,0,0,0,0,0,0,10000,10000,0,0
06026P,華通台新97售01  ,0,0,0,0,0,0,0,0,0,0,0,0,0,10000,10000,0,0
06087P,國巨永豐97售01  ,0,0,0,0,0,0,0,0,0,0,0,0,0,30000,30000,0,0
06149P,台積電元大97售18,0,0,0,0,0,0,0,0,0,0,0,0,0,61000,61000,0,0
05787P,臺股指永昌96售04,0,0,0,0,0,0,0,0,0,0,20000,0,20000,0,20000,-20000,0
057644,奇力新元大98購04,0,0,0,0,0,0,0,0,0,0,0,0,0,1000,1000,0,0
05769P,台積電凱基96售16,0,0,0,0,0,0,0,0,0,0,0,0,0,53000,53000,0,0
057601,中磊群益98購01  ,0,0,0,0,0,0,0,0,0,0,0,0,0,22000,22000,0,0
057639,國巨元大99購07  ,0,0,0,0,0,0,0,0,0,0,0,0,0,100000,100000,0,0
057640,台積電元大98購16,0,0,0,0,0,0,0,0,0,0,0,0,0,208000,208000,0,0
057642,南亞科元大98購07,0,0,0,0,0,0,0,0,0,0,0,0,0,1000,1000,0,0
057547,技嘉凱基99購01  ,0,0,0,0,0,0,0,0,0,0,0,0,0,16000,16000,0,0
057549,台光電凱基98購05,0,0,0,0,0,0,0,0,0,0,0,0,0,14000,14000,0,0
057558,致新凱基98購01  ,0,0,0,0,0,0,0,0,0,0,0,0,0,28000,28000,0,0
05751P,台積電中信96售05,0,0,0,0,0,0,0,0,0,0,0,0,0,5000,5000,0,0
057523,大成鋼元大99購01,0,0,0,0,0,0,0,0,0,0,0,0,0,21000,21000,0,0
057525,光磊元大99購01  ,0,0,0,0,0,0,0,0,0,0,0,0,0,67000,67000,0,0
057532,智原元大98購03  ,0,0,0,0,0,0,0,0,0,0,0,0,0,35000,35000,0,0
05931P,鴻海凱基96售15  ,0,0,0,0,0,0,0,0,0,0,0,0,0,64000,64000,0,0
05943P,欣興凱基96售03  ,0,0,0,0,0,0,0,0,0,0,0,0,0,116000,116000,0,0
05842P,台積電元大96售15,0,0,0,0,0,0,0,0,0,0,0,0,0,49000,49000,0,0
05892P,大立光中信98售03,0,0,0,0,0,0,0,0,0,0,0,0,0,27000,27000,0,0
2516,新建            ,1000,1000,0,0,0,0,0,0,0,0,0,0,0,0,0,0,0
2613,中櫃            ,2000,2000,0,0,0,0,0,0,0,0,0,0,0,0,0,0,0
2540,愛山林          ,1000,1000,0,0,0,0,0,0,0,0,0,0,0,0,0,0,0
2712,遠雄來          ,1000,1000,0,0,0,0,0,0,0,0,0,0,0,0,0,0,0
6117,迎廣            ,1000,1000,0,0,0,0,0,0,0,0,0,0,0,0,0,0,0
6136,富爾特          ,1000,1000,0,0,0,0,0,0,0,0,0,0,0,0,0,0,0
5906,台南-KY         ,17000,17000,0,0,0,0,0,0,0,0,0,0,0,0,0,0,0
5284,jpp-KY          ,1000,1000,0,0,0,0,0,0,0,0,0,0,0,0,0,0,0
5225,東科-KY         ,9000,9000,0,0,0,0,0,0,0,0,0,0,0,0,0,0,0
4555,氣立            ,1000,1000,0,0,0,0,0,0,0,0,0,0,0,0,0,0,0
4807,日成-KY         ,1000,1000,0,0,0,0,0,0,0,0,0,0,0,0,0,0,0
6671,三能-KY         ,2000,2000,0,0,0,0,0,0,0,0,0,0,0,0,0,0,0
9914,美利達          ,104000,87000,17000,0,0,0,5000,0,5000,-22000,5000,20000,-15000,0,7000,-7000,0
9110,越南控-DR       ,1000,1000,0,0,0,0,0,0,0,0,0,0,0,0,0,0,0
8497,格威傳媒        ,2000,2000,0,0,0,0,0,0,0,0,0,0,0,0,0,0,0
8201,無敵            ,1000,1000,0,0,0,0,0,0,0,0,0,0,0,0,0,0,0
8480,泰昇-KY         ,4000,0,4000,0,0,0,0,4500,-4500,0,0,0,0,0,0,0,-500
055526,台積電群益97購02,0,0,0,0,0,0,0,0,0,-1000,0,0,0,114000,115000,-1000,-1000
055408,力成國泰98購01  ,0,0,0,0,0,0,0,0,0,-1000,0,0,0,0,1000,-1000,-1000
055465,和大凱基97購03  ,0,0,0,0,0,0,0,0,0,-1000,0,0,0,270000,271000,-1000,-1000
055100,得力凱基97購01  ,0,0,0,0,0,0,0,0,0,-1000,0,0,0,0,1000,-1000,-1000
055356,大立光凱基97購06,0,0,0,0,0,0,0,0,0,-1000,0,0,0,85000,86000,-1000,-1000
055349,京元電凱基97購02,0,0,0,0,0,0,0,0,0,-1000,0,0,0,0,1000,-1000,-1000
056212,台光電國票98購03,0,0,0,0,0,0,0,0,0,-1000,0,0,0,7000,8000,-1000,-1000
056221,鴻海凱基99購01  ,0,0,0,0,0,0,0,0,0,-1000,0,0,0,100000,101000,-1000,-1000
056103,聯發科永豐97購03,0,0,0,0,0,0,0,0,0,-1000,0,0,0,5000,6000,-1000,-1000
055811,國巨國票98購05  ,0,0,0,0,0,0,0,0,0,-1000,0,0,0,0,1000,-1000,-1000
055709,深中小元大97購03,0,0,0,0,0,0,0,0,0,-1000,0,0,0,10000,11000,-1000,-1000
057115,元油2X日盛9A購01,0,0,0,0,0,0,0,0,0,-1000,0,0,0,0,1000,-1000,-1000
057331,台積電國票99購04,0,0,0,0,0,0,0,0,0,-1000,0,0,0,18000,19000,-1000,-1000
057399,滬深反群益9C購01,0,0,0,0,0,0,0,0,0,-1000,0,0,0,0,1000,-1000,-1000
057408,台郡群益98購01  ,0,0,0,0,0,0,0,0,0,-1000,0,0,0,10000,11000,-1000,-1000
057374,禾伸堂元大99購03,0,0,0,0,0,0,0,0,0,-1000,0,0,0,37000,38000,-1000,-1000
057438,禾伸堂國票99購01,0,0,0,0,0,0,0,0,0,-1000,0,0,0,11000,12000,-1000,-1000
056673,中石化元富9B購01,0,0,0,0,0,0,0,0,0,-1000,0,0,0,0,1000,-1000,-1000
056746,超眾凱基99購01  ,0,0,0,0,0,0,0,0,0,-1000,0,0,0,11000,12000,-1000,-1000
056856,華通群益9A購01  ,0,0,0,0,0,0,0,0,0,-1000,0,0,0,0,1000,-1000,-1000
056835,聯電元富99購01  ,0,0,0,0,0,0,0,0,0,-1000,0,0,0,10000,11000,-1000,-1000
056851,瑞儀元富98購01  ,0,0,0,0,0,0,0,0,0,-1000,0,0,0,15000,16000,-1000,-1000
056333,台積電日盛9B購01,0,0,0,0,0,0,0,0,0,-1000,0,0,0,60000,61000,-1000,-1000
056484,聯茂元大98購02  ,0,0,0,0,0,0,0,0,0,-1000,0,0,0,0,1000,-1000,-1000
048211,大立光日盛93購01,0,0,0,0,0,0,0,0,0,-1000,0,0,0,0,1000,-1000,-1000
048123,大立光元大93購27,0,0,0,0,0,0,0,0,0,-1000,0,0,0,0,1000,-1000,-1000
048571,美利達元大96購03,0,0,0,0,0,0,0,0,0,-1000,0,0,0,0,1000,-1000,-1000
048614,欣興凱基93購05  ,0,0,0,0,0,0,0,0,0,-1000,0,0,0,3000,4000,-1000,-1000
048278,聯發科永豐93購03,0,0,0,0,0,0,0,0,0,-1000,0,0,0,0,1000,-1000,-1000
048644,華固元大93購01  ,0,0,0,0,0,0,0,0,0,-1000,0,0,0,0,1000,-1000,-1000
046726,台新金元大93購01,0,0,0,0,0,0,0,0,0,-1000,0,0,0,0,1000,-1000,-1000
046586,大立光元大92購26,0,0,0,0,0,0,0,0,0,-1000,0,0,0,0,1000,-1000,-1000
047635,華新元大93購01  ,0,0,0,0,0,0,0,0,0,-1000,0,0,0,2000,3000,-1000,-1000
047601,上海銀中信93購01,0,0,0,0,0,0,0,0,0,-1000,0,0,0,0,1000,-1000,-1000
047650,矽力元大93購01  ,0,0,0,0,0,0,0,0,0,-1000,0,0,0,10000,11000,-1000,-1000
051015,南亞科凱基95購04,0,0,0,0,0,0,0,0,0,-1000,0,0,0,9000,10000,-1000,-1000
050997,麗豐元大95購03  ,0,0,0,0,0,0,0,0,0,-1000,0,0,0,0,1000,-1000,-1000
051158,嘉晶富邦96購01  ,0,0,0,0,0,0,0,0,0,-1000,0,0,0,55000,56000,-1000,-1000
047978,元油反群益97購01,0,0,0,0,0,0,0,0,0,-1000,0,0,0,0,1000,-1000,-1000
047772,泰鼎元大93購05  ,0,0,0,0,0,0,0,0,0,-1000,0,0,0,0,1000,-1000,-1000
047186,大立光元大93購20,0,0,0,0,0,0,0,0,0,-1000,0,0,0,0,1000,-1000,-1000
047066,力成凱基93購04  ,0,0,0,0,0,0,0,0,0,-1000,0,0,0,0,1000,-1000,-1000
047116,大立光元大93購19,0,0,0,0,0,0,0,0,0,-1000,0,0,0,0,1000,-1000,-1000
048343,大立光元大93購29,0,0,0,0,0,0,0,0,0,-1000,0,0,0,0,1000,-1000,-1000
047396,力成元大93購01  ,0,0,0,0,0,0,0,0,0,-1000,0,0,0,0,1000,-1000,-1000
048430,瑞昱國票93購02  ,0,0,0,0,0,0,0,0,0,-1000,0,0,0,1000,2000,-1000,-1000
045081,大立光元大93購07,0,0,0,0,0,0,0,0,0,-1000,0,0,0,0,1000,-1000,-1000
047313,華新科元大93購08,0,0,0,0,0,0,0,0,0,-1000,0,0,0,0,1000,-1000,-1000
047314,大立光元大93購22,0,0,0,0,0,0,0,0,0,-1000,0,0,0,0,1000,-1000,-1000
047280,泰鼎永豐93購01  ,0,0,0,0,0,0,0,0,0,-1000,0,0,0,0,1000,-1000,-1000
044167,大立光元大93購03,0,0,0,0,0,0,0,0,0,-1000,0,0,0,0,1000,-1000,-1000
044373,台積電兆豐92購01,0,0,0,0,0,0,0,0,0,-1000,0,0,0,0,1000,-1000,-1000
04367P,滬深2X凱基95售04,0,0,0,0,0,0,0,0,0,-1000,0,0,0,0,1000,-1000,-1000
043854,華新科富邦93購01,0,0,0,0,0,0,0,0,0,-1000,0,0,0,1000,2000,-1000,-1000
043757,欣興元大93購01  ,0,0,0,0,0,0,0,0,0,-1000,0,0,0,6000,7000,-1000,-1000
03642C,臺股指元大94牛27,0,0,0,0,0,0,0,0,0,-1000,0,0,0,0,1000,-1000,-1000
03902P,義隆國票94售01  ,0,0,0,0,0,0,0,0,0,-1000,0,0,0,0,1000,-1000,-1000
045537,華新群益94購01  ,0,0,0,0,0,0,0,0,0,-1000,0,0,0,2000,3000,-1000,-1000
04543P,鴻海富邦95售03  ,0,0,0,0,0,0,0,0,0,-1000,0,0,0,0,1000,-1000,-1000
04079P,燿華元大93售04  ,0,0,0,0,0,0,0,0,0,-1000,0,0,0,0,1000,-1000,-1000
04053P,聯茂國泰94售01  ,0,0,0,0,0,0,0,0,0,-1000,0,0,0,0,1000,-1000,-1000
045585,欣興元大93購03  ,0,0,0,0,0,0,0,0,0,-1000,0,0,0,9000,10000,-1000,-1000
0057,富邦摩台        ,0,0,0,0,0,0,0,0,0,-1000,0,0,0,20000,21000,-1000,-1000
00733,富邦臺灣中小    ,0,0,0,0,0,0,0,0,0,-1000,0,0,0,200000,201000,-1000,-1000
00714,群益道瓊美國地產,0,1000,-1000,0,0,0,0,0,0,0,0,0,0,100000,100000,0,-1000
03022X,富展01          ,0,0,0,0,0,0,0,0,0,-1000,0,0,0,0,1000,-1000,-1000
04259P,滬深2X群益93售03,0,0,0,0,0,0,0,0,0,-1000,0,0,0,0,1000,-1000,-1000
042280,元石油富邦96購01,0,0,0,0,0,0,0,0,0,-1000,0,0,0,0,1000,-1000,-1000
049068,元油2X凱基95購03,0,0,0,0,0,0,0,0,0,-1000,0,0,0,0,1000,-1000,-1000
04906P,欣興國票95售01  ,0,0,0,0,0,0,0,0,0,-1000,0,0,0,0,1000,-1000,-1000
05039P,鴻海凱基95售10  ,0,0,0,0,0,0,0,0,0,-1000,0,0,0,24000,25000,-1000,-1000
050356,緯穎群益94購05  ,0,0,0,0,0,0,0,0,0,-1000,0,0,0,31000,32000,-1000,-1000
050370,台積電元大94購24,0,0,0,0,0,0,0,0,0,-1000,0,0,0,579000,580000,-1000,-1000
049483,台積電元大94購12,0,0,0,0,0,0,0,0,0,-1000,0,0,0,0,1000,-1000,-1000
049516,光罩國票94購02  ,0,0,0,0,0,0,0,0,0,-1000,0,0,0,0,1000,-1000,-1000
05027P,南電群益95售01  ,0,0,0,0,0,0,0,0,0,-1000,0,0,0,4000,5000,-1000,-1000
050262,台積電元大94購21,0,0,0,0,0,0,0,0,0,-1000,0,0,0,0,1000,-1000,-1000
049430,國巨國票95購02  ,0,0,0,0,0,0,0,0,0,-1000,0,0,0,0,1000,-1000,-1000
049381,欣興元大94購05  ,0,0,0,0,0,0,0,0,0,-1000,0,0,0,8000,9000,-1000,-1000
048939,華擎永豐94購01  ,0,0,0,0,0,0,0,0,0,-1000,0,0,0,0,1000,-1000,-1000
051267,美律富邦96購01  ,0,0,0,0,0,0,0,0,0,-1000,0,0,0,0,1000,-1000,-1000
05154P,台積電兆豐95售05,0,0,0,0,0,0,0,0,0,-1000,0,0,0,100000,101000,-1000,-1000
051828,微星元大95購03  ,0,0,0,0,0,0,0,0,0,-1000,0,0,0,0,1000,-1000,-1000
051740,可成國票96購04  ,0,0,0,0,0,0,0,0,0,-1000,0,0,0,0,1000,-1000,-1000
05170P,世芯元大95售01  ,0,0,0,0,0,0,0,0,0,-1000,0,0,0,521000,522000,-1000,-1000
052230,大立光凱基96購09,0,0,0,0,0,0,0,0,0,-1000,0,0,0,5000,6000,-1000,-1000
052285,康控凱基95購02  ,0,0,0,0,0,0,0,0,0,-1000,0,0,0,40000,41000,-1000,-1000
052210,華夏元大95購01  ,0,0,0,0,0,0,0,0,0,-1000,0,0,0,0,1000,-1000,-1000
052093,麗豐元大96購04  ,0,0,0,0,0,0,0,0,0,-1000,0,0,0,0,1000,-1000,-1000
050656,瑞儀凱基96購01  ,0,0,0,0,0,0,0,0,0,-1000,0,0,0,0,1000,-1000,-1000
050555,道瓊銀統一94購01,0,0,0,0,0,0,0,0,0,-1000,0,0,0,1000,2000,-1000,-1000
049700,瀚宇博元大97購01,0,0,0,0,0,0,0,0,0,-1000,0,0,0,35000,36000,-1000,-1000
05058P,燿華國票97售01  ,0,0,0,0,0,0,0,0,0,-1000,0,0,0,29000,30000,-1000,-1000
050763,楠梓電元大94購03,0,0,0,0,0,0,0,0,0,-1000,0,0,0,0,1000,-1000,-1000
050764,鴻海元大94購27  ,0,0,0,0,0,0,0,0,0,-1000,0,0,0,712000,713000,-1000,-1000
050107,鴻海元大94購12  ,0,0,0,0,0,0,0,0,0,-1000,0,0,0,0,1000,-1000,-1000
050075,南電凱基94購04  ,0,0,0,0,0,0,0,0,0,-1000,0,0,0,0,1000,-1000,-1000
050081,聯發科統一94購07,0,0,0,0,0,0,0,0,0,-1000,0,0,0,0,1000,-1000,-1000
049840,亞光亞東94購01  ,0,0,0,0,0,0,0,0,0,-1000,0,0,0,0,1000,-1000,-1000
050548,華固凱基95購01  ,0,0,0,0,0,0,0,0,0,-1000,0,0,0,0,1000,-1000,-1000
051236,鴻海元大96購05  ,0,0,0,0,0,0,0,0,0,-1000,0,0,0,69000,70000,-1000,-1000
049659,旺宏台新95購01  ,0,0,0,0,0,0,0,0,0,-1000,0,0,0,0,1000,-1000,-1000
049645,台積電凱基94購22,0,0,0,0,0,0,0,0,0,-1000,0,0,0,25000,26000,-1000,-1000
051353,聯發科元大95購08,0,0,0,0,0,0,0,0,0,-1000,0,0,0,1000,2000,-1000,-1000
048759,巨大元富96購01  ,0,0,0,0,0,0,0,0,0,-1000,0,0,0,0,1000,-1000,-1000
049554,禾伸堂富邦96購01,0,0,0,0,0,0,0,0,0,-1000,0,0,0,87000,88000,-1000,-1000
051518,富邦金凱基95購01,0,0,0,0,0,0,0,0,0,-1000,0,0,0,0,1000,-1000,-1000
055037,宏盛富邦99購01  ,0,0,0,0,0,0,0,0,0,-1000,0,0,0,0,1000,-1000,-1000
054803,味全元大9A購01  ,0,0,0,0,0,0,0,0,0,-1000,0,0,0,8000,9000,-1000,-1000
054486,漢唐台新96購01  ,0,0,0,0,0,0,0,0,0,-1000,0,0,0,0,1000,-1000,-1000
054688,兆赫永豐97購01  ,0,0,0,0,0,0,0,0,0,-1000,0,0,0,0,1000,-1000,-1000
054659,亞光元大97購02  ,0,0,0,0,0,0,0,0,0,-1000,0,0,0,0,1000,-1000,-1000
054637,智邦中信98購01  ,0,0,0,0,0,0,0,0,0,-1000,0,0,0,129000,130000,-1000,-1000
054639,台新金中信99購01,0,0,0,0,0,0,0,0,0,-1000,0,0,0,10000,11000,-1000,-1000
054616,智伸科永豐97購01,0,0,0,0,0,0,0,0,0,-1000,0,0,0,70000,71000,-1000,-1000
053873,力成元大96購03  ,0,0,0,0,0,0,0,0,0,-1000,0,0,0,3000,4000,-1000,-1000
053900,T50反1日盛99購01,0,0,0,0,0,0,0,0,0,-1000,0,0,0,0,1000,-1000,-1000
05380P,鴻海群益95售11  ,0,0,0,0,0,0,0,0,0,-1000,0,0,0,10000,11000,-1000,-1000
053771,華新元大97購01  ,0,0,0,0,0,0,0,0,0,-1000,0,0,0,4000,5000,-1000,-1000
053838,正文永豐96購02  ,0,0,0,0,0,0,0,0,0,-1000,0,0,0,0,1000,-1000,-1000
054169,上緯控凱基98購01,0,0,0,0,0,0,0,0,0,-1000,0,0,0,1000,2000,-1000,-1000
054225,華新元富96購01  ,0,0,0,0,0,0,0,0,0,-1000,0,0,0,0,1000,-1000,-1000
05421P,鴻海元大96售12  ,0,0,0,0,0,0,0,0,0,-1000,0,0,0,375000,376000,-1000,-1000
054294,世芯元大96購02  ,0,0,0,0,0,0,0,0,0,-1000,0,0,0,0,1000,-1000,-1000
05435P,鴻海群益95售12  ,0,0,0,0,0,0,0,0,0,-1000,0,0,0,10000,11000,-1000,-1000
054347,上緯控國票96購02,0,0,0,0,0,0,0,0,0,-1000,0,0,0,0,1000,-1000,-1000
053316,友達群益9A購01  ,0,0,0,0,0,0,0,0,0,-1000,0,0,0,0,1000,-1000,-1000
053323,群創群益98購07  ,0,0,0,0,0,0,0,0,0,-1000,0,0,0,101000,102000,-1000,-1000
053333,新唐永豐96購01  ,0,0,0,0,0,0,0,0,0,-1000,0,0,0,0,1000,-1000,-1000
053371,滬深2X元大99購01,0,0,0,0,0,0,0,0,0,-1000,0,0,0,0,1000,-1000,-1000
053390,彩晶元大9A購01  ,0,0,0,0,0,0,0,0,0,-1000,0,0,0,0,1000,-1000,-1000
053400,緯穎中信9A購01  ,0,0,0,0,0,0,0,0,0,-1000,0,0,0,28000,29000,-1000,-1000
053412,台達電國票97購02,0,0,0,0,0,0,0,0,0,-1000,0,0,0,17000,18000,-1000,-1000
053135,信邦國票96購01  ,0,0,0,0,0,0,0,0,0,-1000,0,0,0,10000,11000,-1000,-1000
053544,華新凱基96購01  ,0,0,0,0,0,0,0,0,0,-1000,0,0,0,0,1000,-1000,-1000
053505,瑞儀兆豐97購01  ,0,0,0,0,0,0,0,0,0,-1000,0,0,0,0,1000,-1000,-1000
053639,禾伸堂永豐96購01,0,0,0,0,0,0,0,0,0,-1000,0,0,0,0,1000,-1000,-1000
053696,日月光元大96購05,0,0,0,0,0,0,0,0,0,-1000,0,0,0,0,1000,-1000,-1000
052743,華新科元大97購01,0,0,0,0,0,0,0,0,0,-1000,0,0,0,0,1000,-1000,-1000
052406,力成凱基95購03  ,0,0,0,0,0,0,0,0,0,-1000,0,0,0,0,1000,-1000,-1000
052377,景碩元大96購02  ,0,0,0,0,0,0,0,0,0,-1000,0,0,0,17000,18000,-1000,-1000
052497,楠梓電永豐96購01,0,0,0,0,0,0,0,0,0,-1000,0,0,0,1000,2000,-1000,-1000
052507,日月光日盛95購02,0,0,0,0,0,0,0,0,0,-1000,0,0,0,0,1000,-1000,-1000
052650,台郡永豐96購01  ,0,0,0,0,0,0,0,0,0,-1000,0,0,0,151000,152000,-1000,-1000
8072,陞泰            ,0,1000,-1000,0,0,0,0,0,0,0,0,0,0,0,0,0,-1000
8443,阿瘦            ,0,1000,-1000,0,0,0,0,0,0,0,0,0,0,0,0,0,-1000
8411,福貞-KY         ,4000,5000,-1000,0,0,0,0,0,0,0,0,0,0,0,0,0,-1000
8478,東哥遊艇        ,1000,2000,-1000,0,0,0,0,0,0,0,0,0,0,0,0,0,-1000
6641,基士德-KY       ,3000,4000,-1000,0,0,0,0,0,0,0,0,0,0,0,0,0,-1000
6215,和椿            ,1000,2000,-1000,0,0,0,0,0,0,0,0,0,0,0,0,0,-1000
4725,信昌化          ,54000,55000,-1000,0,0,0,0,0,0,0,0,0,0,0,0,0,-1000
4526,東台            ,5000,5000,0,0,0,0,0,0,0,-1000,0,1000,-1000,0,0,0,-1000
4562,穎漢            ,1000,2000,-1000,0,0,0,0,0,0,0,0,0,0,0,0,0,-1000
4571,鈞興-KY         ,0,1000,-1000,0,0,0,0,0,0,0,1000,1000,0,0,0,0,-1000
4144,康聯-KY         ,4000,5000,-1000,0,0,0,0,0,0,0,0,0,0,0,0,0,-1000
6133,金橋            ,0,1000,-1000,0,0,0,0,0,0,0,0,0,0,0,0,0,-1000
2705,六福            ,4000,5000,-1000,0,0,0,0,0,0,0,0,0,0,0,0,0,-1000
2852,第一保          ,0,1000,-1000,0,0,0,0,0,0,0,0,0,0,0,0,0,-1000
2527,宏璟            ,3000,4000,-1000,0,0,0,0,0,0,0,0,0,0,0,0,0,-1000
2430,燦坤            ,0,1000,-1000,0,0,0,0,0,0,0,0,0,0,0,0,0,-1000
2423,固緯            ,3000,4000,-1000,0,0,0,0,0,0,0,0,0,0,0,0,0,-1000
3501,維熹            ,11000,12000,-1000,0,0,0,0,0,0,0,0,0,0,0,0,0,-1000
3311,閎暉            ,2000,3000,-1000,0,0,0,0,0,0,0,0,0,0,0,0,0,-1000
3591,艾笛森          ,2000,3000,-1000,0,0,0,0,0,0,0,0,0,0,0,0,0,-1000
3593,力銘            ,0,0,0,0,0,0,0,0,0,-1000,0,1000,-1000,0,0,0,-1000
2939,凱羿-KY         ,3000,4000,-1000,0,0,0,0,0,0,0,0,0,0,0,0,0,-1000
2906,高林            ,0,1000,-1000,0,0,0,0,0,0,0,0,0,0,0,0,0,-1000
05886P,華通元富96售01  ,0,0,0,0,0,0,0,0,0,-1000,0,0,0,96000,97000,-1000,-1000
05890P,彩晶元大99售01  ,0,0,0,0,0,0,0,0,0,-1000,0,0,0,0,1000,-1000,-1000
05856P,A50正2中信99售01,0,0,0,0,0,0,0,0,0,-1000,0,0,0,0,1000,-1000,-1000
05953P,台積電國票98售02,0,0,0,0,0,0,0,0,0,-1000,0,0,0,5000,6000,-1000,-1000
057517,矽創元富98購02  ,0,0,0,0,0,0,0,0,0,-1000,0,0,0,0,1000,-1000,-1000
057518,世紀鋼元富98購01,0,0,0,0,0,0,0,0,0,-1000,0,0,0,0,1000,-1000,-1000
057571,泰碩永豐98購01  ,0,0,0,0,0,0,0,0,0,-1000,0,0,0,0,1000,-1000,-1000
057646,玉山金元大98購01,0,0,0,0,0,0,0,0,0,-1000,0,0,0,0,1000,-1000,-1000
06469P,臺股指凱基99售09,0,0,0,0,0,0,0,0,0,-1000,0,0,0,0,1000,-1000,-1000
06466P,台積電統一9B售01,0,0,0,0,0,0,0,0,0,-1000,0,0,0,35000,36000,-1000,-1000
06532P,友達元富98售04  ,0,0,0,0,0,0,0,0,0,-1000,0,0,0,6000,7000,-1000,-1000
06398P,禾伸堂凱基97售02,0,0,0,0,0,0,0,0,0,-1000,0,0,0,12000,13000,-1000,-1000
06350P,臺股指台新99售02,0,0,0,0,0,0,0,0,0,-1000,0,0,0,0,1000,-1000,-1000
06581P,南亞科凱基98售04,0,0,0,0,0,0,0,0,0,-1000,0,0,0,30000,31000,-1000,-1000
06585P,鴻海元大99售04  ,0,0,0,0,0,0,0,0,0,-1000,0,0,0,0,1000,-1000,-1000
08164P,滬深2X中信95售04,0,0,0,0,0,0,0,0,0,-1000,0,0,0,0,1000,-1000,-1000
06761P,台積電元大99售05,0,0,0,0,0,0,0,0,0,-1000,0,0,0,99000,100000,-1000,-1000
1454,台富            ,0,1000,-1000,0,0,0,0,0,0,0,0,0,0,0,0,0,-1000
1423,利華            ,0,1000,-1000,0,0,0,0,0,0,0,0,0,0,0,0,0,-1000
1323,永裕            ,0,1000,-1000,0,0,0,0,0,0,0,0,0,0,0,0,0,-1000
1587,吉茂            ,0,1000,-1000,0,0,0,0,0,0,0,0,0,0,0,0,0,-1000
1617,榮星            ,0,1000,-1000,0,0,0,0,0,0,0,0,0,0,0,0,0,-1000
1525,江申            ,0,0,0,0,0,0,0,1000,-1000,0,0,0,0,0,0,0,-1000
1533,車王電          ,0,1000,-1000,0,0,0,0,0,0,0,0,0,0,0,0,0,-1000
1506,正道            ,0,0,0,0,0,0,0,0,0,-1000,0,1000,-1000,0,0,0,-1000
1472,三洋紡          ,1000,2000,-1000,0,0,0,0,0,0,0,0,0,0,0,0,0,-1000
2236,百達-KY         ,0,1000,-1000,0,0,0,0,0,0,0,0,0,0,0,0,0,-1000
2069,運錩            ,0,0,0,0,0,0,0,0,0,-1000,0,1000,-1000,0,0,0,-1000
2032,新鋼            ,2000,3000,-1000,0,0,0,0,0,0,0,0,0,0,0,0,0,-1000
2028,威致            ,0,1000,-1000,0,0,0,0,0,0,0,0,0,0,0,0,0,-1000
2388,威盛            ,45000,47000,-2000,0,0,0,0,0,0,1000,1000,0,1000,0,0,0,-1000
056490,台積電國泰99購01,0,0,0,0,0,0,0,0,0,-2000,0,0,0,98000,100000,-2000,-2000
056496,康控國泰99購01  ,0,0,0,0,0,0,0,0,0,-2000,0,0,0,36000,38000,-2000,-2000
056617,美律永豐98購01  ,0,0,0,0,0,0,0,0,0,-2000,0,0,0,20000,22000,-2000,-2000
057444,台泥元富98購01  ,0,0,0,0,0,0,0,0,0,-2000,0,0,0,1000,3000,-2000,-2000
057414,華新科日盛9A購01,0,0,0,0,0,0,0,0,0,-2000,0,0,0,6000,8000,-2000,-2000
057347,國巨統一9A購03  ,0,0,0,0,0,0,0,0,0,-2000,0,0,0,0,2000,-2000,-2000
057233,聯發科凱基98購14,0,0,0,0,0,0,0,0,0,-2000,0,0,0,19000,21000,-2000,-2000
057163,上銀元大98購04  ,0,0,0,0,0,0,0,0,0,-2000,0,0,0,308000,310000,-2000,-2000
057165,國巨元大99購05  ,0,0,0,0,0,0,0,0,0,-2000,0,0,0,187000,189000,-2000,-2000
056940,嘉聯益元富98購01,0,0,0,0,0,0,0,0,0,-2000,0,0,0,0,2000,-2000,-2000
055895,群創統一97購04  ,0,0,0,0,0,0,0,0,0,-2000,0,0,0,0,2000,-2000,-2000
055977,南亞科統一97購01,0,0,0,0,0,0,0,0,0,-2000,0,0,0,48000,50000,-2000,-2000
055823,臺股指國票97購10,0,0,0,0,0,0,0,0,0,-2000,0,0,0,0,2000,-2000,-2000
05612P,台積電元大96售13,0,0,0,0,0,0,0,0,0,-2000,0,0,0,0,2000,-2000,-2000
056159,牧德凱基99購01  ,0,0,0,0,0,0,0,0,0,-2000,0,0,0,0,2000,-2000,-2000
056181,百和元富97購02  ,0,0,0,0,0,0,0,0,0,-2000,0,0,0,0,2000,-2000,-2000
05535P,台積電元大97售06,0,0,0,0,0,0,0,0,0,-2000,0,0,0,175000,177000,-2000,-2000
055365,華通元大97購03  ,0,0,0,0,0,0,0,0,0,-2000,0,0,0,23000,25000,-2000,-2000
055294,智易元大98購01  ,0,0,0,0,0,0,0,0,0,-2000,0,0,0,13000,15000,-2000,-2000
055224,鴻海國票99購02  ,0,0,0,0,0,0,0,0,0,-2000,0,0,0,20000,22000,-2000,-2000
055101,台肥凱基97購01  ,0,0,0,0,0,0,0,0,0,-2000,0,0,0,0,2000,-2000,-2000
055056,億光永豐97購01  ,0,0,0,0,0,0,0,0,0,-2000,0,0,0,0,2000,-2000,-2000
035275,台積電台新97購01,0,0,0,0,0,0,0,0,0,-2000,0,0,0,0,2000,-2000,-2000
04151P,日電貿康和93售01,0,0,0,0,0,0,0,0,0,-2000,0,0,0,0,2000,-2000,-2000
03017X,元展17          ,0,0,0,0,0,0,0,0,0,-2000,0,0,0,0,2000,-2000,-2000
00735,國泰臺韓科技    ,60000,10000,50000,0,0,0,0,0,0,-52000,0,0,0,112000,164000,-52000,-2000
00737,國泰AI+Robo     ,25000,0,25000,0,0,0,0,0,0,-27000,0,0,0,122000,149000,-27000,-2000
00683L,元大美元指數正2 ,0,0,0,0,0,0,0,0,0,-2000,0,0,0,42000,44000,-2000,-2000
045778,大立光元大93購10,0,0,0,0,0,0,0,0,0,-2000,0,0,0,0,2000,-2000,-2000
045779,大立光元大93購11,0,0,0,0,0,0,0,0,0,-2000,0,0,0,0,2000,-2000,-2000
04038P,聯茂群益93售03  ,0,0,0,0,0,0,0,0,0,-2000,0,0,0,0,2000,-2000,-2000
03656C,臺股指凱基99牛12,0,0,0,0,0,0,0,0,0,-2000,0,0,0,0,2000,-2000,-2000
03567P,可成凱基02售06  ,0,0,0,0,0,0,0,0,0,-2000,0,0,0,1000,3000,-2000,-2000
044374,燿華兆豐93購01  ,0,0,0,0,0,0,0,0,0,-2000,0,0,0,0,2000,-2000,-2000
04427P,滬深2X元大97售02,0,0,0,0,0,0,0,0,0,-2000,0,0,0,0,2000,-2000,-2000
044016,義隆凱基93購01  ,0,0,0,0,0,0,0,0,0,-2000,0,0,0,74000,76000,-2000,-2000
044908,玉晶光凱基93購01,0,0,0,0,0,0,0,0,0,-2000,0,0,0,8000,10000,-2000,-2000
044861,玉晶光兆豐93購01,0,0,0,0,0,0,0,0,0,-2000,0,0,0,0,2000,-2000,-2000
04499P,滬深2X統一94售03,0,0,0,0,0,0,0,0,0,-2000,0,0,0,17000,19000,-2000,-2000
045001,旺宏富邦94購01  ,0,0,0,0,0,0,0,0,0,-2000,0,0,0,40000,42000,-2000,-2000
04507P,台光電元大94售03,0,0,0,0,0,0,0,0,0,-2000,0,0,0,0,2000,-2000,-2000
045080,大立光元大93購06,0,0,0,0,0,0,0,0,0,-2000,0,0,0,0,2000,-2000,-2000
045073,可成元大93購01  ,0,0,0,0,0,0,0,0,0,-2000,0,0,0,131000,133000,-2000,-2000
048417,國巨統一94購01  ,0,0,0,0,0,0,0,0,0,-2000,0,0,0,0,2000,-2000,-2000
047392,大立光元大93購24,0,0,0,0,0,0,0,0,0,-2000,0,0,0,0,2000,-2000,-2000
048339,友達元大95購01  ,0,0,0,0,0,0,0,0,0,-2000,0,0,0,0,2000,-2000,-2000
04732P,聯茂群益94售01  ,0,0,0,0,0,0,0,0,0,-2000,0,0,0,20000,22000,-2000,-2000
047151,台積電國票94購02,0,0,0,0,0,0,0,0,0,-2000,0,0,0,16000,18000,-2000,-2000
04776P,聯發科凱基94售06,0,0,0,0,0,0,0,0,0,-2000,0,0,0,3000,5000,-2000,-2000
04809P,台光電群益94售04,0,0,0,0,0,0,0,0,0,-2000,0,0,0,0,2000,-2000,-2000
048105,滬深2X群益99購02,0,0,0,0,0,0,0,0,0,-2000,0,0,0,0,2000,-2000,-2000
046562,大立光凱基95購01,0,0,0,0,0,0,0,0,0,-2000,0,0,0,0,2000,-2000,-2000
046413,大立光元大92購22,0,0,0,0,0,0,0,0,0,-2000,0,0,0,0,2000,-2000,-2000
046501,友達元大92購05  ,0,0,0,0,0,0,0,0,0,-2000,0,0,0,0,2000,-2000,-2000
046662,大立光元大93購14,0,0,0,0,0,0,0,0,0,-2000,0,0,0,0,2000,-2000,-2000
046927,上銀富邦95購01  ,0,0,0,0,0,0,0,0,0,-2000,0,0,0,0,2000,-2000,-2000
048267,元金反中信93購01,0,0,0,0,0,0,0,0,0,-2000,0,0,0,0,2000,-2000,-2000
047550,聯發科凱基93購13,0,0,0,0,0,0,0,0,0,-2000,0,0,0,0,2000,-2000,-2000
048573,世紀鋼元大93購05,0,0,0,0,0,0,0,0,0,-2000,0,0,0,0,2000,-2000,-2000
048570,鈺齊元大93購01  ,0,0,0,0,0,0,0,0,0,-2000,0,0,0,0,2000,-2000,-2000
048124,大立光元大95購03,0,0,0,0,0,0,0,0,0,-2000,0,0,0,5000,7000,-2000,-2000
048198,大立光元大93購28,0,0,0,0,0,0,0,0,0,-2000,0,0,0,0,2000,-2000,-2000
051514,智邦凱基95購05  ,0,0,0,0,0,0,0,0,0,-2000,0,0,0,0,2000,-2000,-2000
05046P,台光電永豐95售02,0,0,0,0,0,0,0,0,0,-2000,0,0,0,0,2000,-2000,-2000
049656,臺股指凱基94購17,0,0,0,0,0,0,0,0,0,-2000,0,0,0,0,2000,-2000,-2000
049588,聯發科元大94購06,0,0,0,0,0,0,0,0,0,-2000,0,0,0,1000,3000,-2000,-2000
049629,臺股指群益94購02,0,0,0,0,0,0,0,0,0,-2000,0,0,0,0,2000,-2000,-2000
050480,健策國票95購04  ,0,0,0,0,0,0,0,0,0,-2000,0,0,0,0,2000,-2000,-2000
049860,亞德客兆豐94購01,0,0,0,0,0,0,0,0,0,-2000,0,0,0,5000,7000,-2000,-2000
049980,奇力新凱基94購04,0,0,0,0,0,0,0,0,0,-2000,0,0,0,1000,3000,-2000,-2000
050040,鴻海中信94購04  ,0,0,0,0,0,0,0,0,0,-2000,0,0,0,10000,12000,-2000,-2000
050457,力成元大94購01  ,0,0,0,0,0,0,0,0,0,-2000,0,0,0,0,2000,-2000,-2000
050631,矽創亞東94購01  ,0,0,0,0,0,0,0,0,0,-2000,0,0,0,0,2000,-2000,-2000
052108,鴻海元富95購11  ,0,0,0,0,0,0,0,0,0,-2000,0,0,0,0,2000,-2000,-2000
052063,臺股指國票95購10,0,0,0,0,0,0,0,0,0,-2000,0,0,0,0,2000,-2000,-2000
052031,臺股指群益95購04,0,0,0,0,0,0,0,0,0,-2000,0,0,0,0,2000,-2000,-2000
052232,貿聯凱基96購02  ,0,0,0,0,0,0,0,0,0,-2000,0,0,0,8000,10000,-2000,-2000
052320,緯創元大95購05  ,0,0,0,0,0,0,0,0,0,-2000,0,0,0,14000,16000,-2000,-2000
05183P,台積電元富95售07,0,0,0,0,0,0,0,0,0,-2000,0,0,0,0,2000,-2000,-2000
050196,嘉聯益元大97購01,0,0,0,0,0,0,0,0,0,-2000,0,0,0,0,2000,-2000,-2000
050210,華新科國票94購08,0,0,0,0,0,0,0,0,0,-2000,0,0,0,5000,7000,-2000,-2000
05147P,鴻海元大95售11  ,0,0,0,0,0,0,0,0,0,-2000,0,0,0,237000,239000,-2000,-2000
04944P,元油2X永豐94售06,0,0,0,0,0,0,0,0,0,-2000,0,0,0,0,2000,-2000,-2000
049022,聯詠群益94購01  ,0,0,0,0,0,0,0,0,0,-2000,0,0,0,20000,22000,-2000,-2000
052658,友達元富9C購01  ,0,0,0,0,0,0,0,0,0,-2000,0,0,0,151000,153000,-2000,-2000
052662,華新科國票97購01,0,0,0,0,0,0,0,0,0,-2000,0,0,0,6000,8000,-2000,-2000
052708,楠梓電永豐97購01,0,0,0,0,0,0,0,0,0,-2000,0,0,0,0,2000,-2000,-2000
052566,國巨凱基96購04  ,0,0,0,0,0,0,0,0,0,-2000,0,0,0,220000,222000,-2000,-2000
052621,台郡富邦97購01  ,0,30000,-30000,0,0,0,0,0,0,28000,0,0,0,30000,2000,28000,-2000
052619,茂林國泰99購01  ,0,0,0,0,0,0,0,0,0,-2000,0,0,0,230000,232000,-2000,-2000
052405,聯茂凱基95購01  ,0,0,0,0,0,0,0,0,0,-2000,0,0,0,8000,10000,-2000,-2000
052808,矽力元大96購02  ,0,0,0,0,0,0,0,0,0,-2000,0,0,0,0,2000,-2000,-2000
053725,晶相光凱基96購01,0,0,0,0,0,0,0,0,0,-2000,0,0,0,30000,32000,-2000,-2000
053183,大立光元富96購03,0,0,0,0,0,0,0,0,0,-2000,0,0,0,0,2000,-2000,-2000
053258,上証2X群益9A購03,0,0,0,0,0,0,0,0,0,-2000,0,0,0,40000,42000,-2000,-2000
054189,貿聯永豐96購03  ,0,0,0,0,0,0,0,0,0,-2000,0,0,0,61000,63000,-2000,-2000
05387P,鴻海元大95售21  ,0,0,0,0,0,0,0,0,0,-2000,0,0,0,156000,158000,-2000,-2000
053883,大立光中信98購02,0,0,0,0,0,0,0,0,0,-2000,0,0,0,0,2000,-2000,-2000
054754,昇陽半凱基98購02,0,0,0,0,0,0,0,0,0,-2000,0,0,0,0,2000,-2000,-2000
054761,台光電國票98購02,0,0,0,0,0,0,0,0,0,-2000,0,0,0,17000,19000,-2000,-2000
054767,日電貿國票98購01,0,0,0,0,0,0,0,0,0,-2000,0,0,0,38000,40000,-2000,-2000
054523,GIS元大96購05   ,0,0,0,0,0,0,0,0,0,-2000,0,0,0,0,2000,-2000,-2000
05481P,鴻海凱基95售21  ,0,0,0,0,0,0,0,0,0,-2000,0,0,0,2000,4000,-2000,-2000
054867,華航群益99購01  ,0,0,0,0,0,0,0,0,0,-2000,0,0,0,41000,43000,-2000,-2000
054998,玉晶光元富97購02,0,0,0,0,0,0,0,0,0,-2000,0,0,0,0,2000,-2000,-2000
06732P,台灣50日盛9A售01,0,0,0,0,0,0,0,0,0,-2000,0,0,0,0,2000,-2000,-2000
06711P,臺股指台新99售08,0,0,0,0,0,0,0,0,0,-2000,0,0,0,0,2000,-2000,-2000
06679P,旺宏元大98售09  ,0,0,0,0,0,0,0,0,0,-2000,0,0,0,0,2000,-2000,-2000
05771P,大立光凱基96售13,0,0,0,0,0,0,0,0,0,-2000,0,0,0,18000,20000,-2000,-2000
05938P,旺宏凱基96售07  ,0,0,0,0,0,0,0,0,0,-2000,0,0,0,0,2000,-2000,-2000
05970P,超眾永豐96售03  ,0,0,0,0,0,0,0,0,0,-2000,0,0,0,0,2000,-2000,-2000
06104P,大立光凱基97售04,0,0,0,0,0,0,0,0,0,-2000,0,0,0,0,2000,-2000,-2000
06010P,國泰金元富96售01,0,0,0,0,0,0,0,0,0,-2000,0,0,0,19000,21000,-2000,-2000
05986P,大立光統一97售03,0,0,0,0,0,0,0,0,0,-2000,0,0,0,0,2000,-2000,-2000
06025P,臺股指元大99售02,0,0,0,0,0,0,0,0,0,-2000,0,0,0,0,2000,-2000,-2000
06213P,大立光元大98售07,0,0,0,0,0,0,0,0,0,-2000,0,0,0,70000,72000,-2000,-2000
06251P,臺股指永昌97售03,0,0,0,0,0,0,0,0,0,-2000,0,0,0,0,2000,-2000,-2000
06279P,臺股指凱基97售11,0,0,0,0,0,0,0,0,0,-2000,0,0,0,0,2000,-2000,-2000
3057,喬鼎            ,1000,3000,-2000,0,0,0,0,0,0,0,0,0,0,0,0,0,-2000
3305,昇貿            ,7000,9000,-2000,0,0,0,0,0,0,0,0,0,0,0,0,0,-2000
2466,冠西電          ,2000,4000,-2000,0,0,0,0,0,0,0,0,0,0,0,0,0,-2000
2520,冠德            ,363000,347000,16000,0,0,0,0,0,0,-18000,1000,0,1000,9000,28000,-19000,-2000
2607,榮運            ,259000,245000,14000,0,0,0,0,0,0,-16000,0,16000,-16000,0,0,0,-2000
6201,亞弘電          ,0,2000,-2000,0,0,0,0,0,0,0,0,0,0,0,0,0,-2000
5234,達興材料        ,10000,12000,-2000,0,0,0,0,0,0,0,0,0,0,0,0,0,-2000
5538,東明-KY         ,0,0,0,0,0,0,0,2000,-2000,0,0,0,0,0,0,0,-2000
6282,康舒            ,596000,538000,58000,0,0,0,0,0,0,-60000,29000,10000,19000,42000,121000,-79000,-2000
8114,振樺電          ,13000,17000,-4000,0,0,0,0,0,0,2000,2000,0,2000,0,0,0,-2000
055119,力成凱基98購01  ,0,0,0,0,0,0,0,0,0,-3000,0,0,0,0,3000,-3000,-3000
055305,旺宏群益99購01  ,0,0,0,0,0,0,0,0,0,-3000,0,0,0,11000,14000,-3000,-3000
055468,智邦凱基97購04  ,0,0,0,0,0,0,0,0,0,-3000,0,0,0,12000,15000,-3000,-3000
055623,貿聯國泰99購01  ,0,0,0,0,0,0,0,0,0,-3000,0,0,0,20000,23000,-3000,-3000
056120,聯茂群益97購02  ,0,0,0,0,0,0,0,0,0,-3000,0,0,0,0,3000,-3000,-3000
055820,矽力國票98購02  ,0,0,0,0,0,0,0,0,0,-3000,0,0,0,10000,13000,-3000,-3000
055827,中石化元大98購01,0,0,0,0,0,0,0,0,0,-3000,0,0,0,0,3000,-3000,-3000
055855,牧德元大99購02  ,0,0,0,0,0,0,0,0,0,-3000,0,0,0,32000,35000,-3000,-3000
055785,祥碩凱基97購02  ,0,0,0,0,0,0,0,0,0,-3000,0,0,0,67000,70000,-3000,-3000
056928,旺宏台新98購01  ,0,0,0,0,0,0,0,0,0,-3000,0,0,0,0,3000,-3000,-3000
056964,聯發科永豐98購03,0,0,0,0,0,0,0,0,0,-3000,0,0,0,65000,68000,-3000,-3000
057081,大立光統一98購07,0,0,0,0,0,0,0,0,0,-3000,0,0,0,0,3000,-3000,-3000
056636,台積電日盛9A購01,0,0,0,0,0,0,0,0,0,-3000,0,0,0,0,3000,-3000,-3000
056750,元油2X兆豐9A購01,0,0,0,0,0,0,0,0,0,-3000,0,0,0,0,3000,-3000,-3000
056540,聯詠凱基98購02  ,0,0,0,0,0,0,0,0,0,-3000,0,0,0,0,3000,-3000,-3000
056432,鴻海凱基98購08  ,0,0,0,0,0,0,0,0,0,-3000,0,0,0,21000,24000,-3000,-3000
048161,旺宏麥證94購01  ,0,0,0,0,3000,-3000,0,0,0,-3000,0,0,0,0,3000,-3000,-3000
048616,智伸科凱基93購07,0,0,0,0,0,0,0,0,0,-3000,0,0,0,13000,16000,-3000,-3000
046934,智邦元富96購01  ,0,0,0,0,0,0,0,0,0,-3000,0,0,0,2000,5000,-3000,-3000
046422,健策元大92購06  ,0,0,0,0,0,0,0,0,0,-3000,0,0,0,1000,4000,-3000,-3000
050130,華新科凱基94購09,0,0,0,0,0,0,0,0,0,-3000,0,0,0,16000,19000,-3000,-3000
051165,可成元大95購01  ,0,0,0,0,0,0,0,0,0,-3000,0,0,0,68000,71000,-3000,-3000
051030,康友元富95購01  ,0,0,0,0,0,0,0,0,0,-3000,0,0,0,11000,14000,-3000,-3000
047112,聯發科元大93購11,0,0,0,0,0,0,0,0,0,-3000,0,0,0,0,3000,-3000,-3000
047114,全新元大94購01  ,0,0,0,0,0,0,0,0,0,-3000,0,0,0,0,3000,-3000,-3000
047115,可成元大93購06  ,0,0,0,0,0,0,0,0,0,-3000,0,0,0,410000,413000,-3000,-3000
04489P,大立光凱基94售03,0,0,0,0,0,0,0,0,0,-3000,0,0,0,150000,153000,-3000,-3000
04458P,世紀鋼統一96售01,0,0,0,0,0,0,0,0,0,-3000,0,0,0,0,3000,-3000,-3000
043992,康控元大93購02  ,0,0,0,0,0,0,0,0,0,-3000,0,0,0,0,3000,-3000,-3000
046113,旺宏元大93購04  ,0,0,0,0,0,0,0,0,0,-3000,0,0,0,0,3000,-3000,-3000
03904P,啟碁統一93售01  ,0,0,0,0,0,0,0,0,0,-3000,0,0,0,4000,7000,-3000,-3000
00736,國泰新興市場    ,0,0,0,0,0,0,0,0,0,-3000,0,0,0,123000,126000,-3000,-3000
03094X,大立光元大68展08,0,0,0,0,0,0,0,0,0,-3000,0,0,0,0,3000,-3000,-3000
050324,訊芯台新94購01  ,0,0,0,0,0,0,0,0,0,-3000,0,0,0,0,3000,-3000,-3000
048838,牧德凱基94購07  ,0,0,0,0,0,0,0,0,0,-3000,0,0,0,0,3000,-3000,-3000
048835,牧德凱基94購02  ,0,0,0,0,0,0,0,0,0,-3000,0,0,0,11000,14000,-3000,-3000
049370,可成元大94購03  ,0,0,0,0,0,0,0,0,0,-3000,0,0,0,78000,81000,-3000,-3000
051756,台積電元大97購04,0,0,0,0,0,0,0,0,0,-3000,0,0,0,336000,339000,-3000,-3000
050240,聯發科凱基94購13,0,0,0,0,0,0,0,0,0,-3000,0,0,0,0,3000,-3000,-3000
05173P,臺股指元大95售17,0,0,0,0,0,0,0,0,0,-3000,0,0,0,0,3000,-3000,-3000
051736,旺宏國票96購01  ,0,0,0,0,0,0,0,0,0,-3000,0,0,0,0,3000,-3000,-3000
052317,台積電元大96購11,0,0,0,0,0,0,0,0,0,-3000,0,0,0,253000,256000,-3000,-3000
05228P,大立光元富95售09,0,0,0,0,0,0,0,0,0,-3000,0,0,0,0,3000,-3000,-3000
050649,華新科凱基96購01,0,0,0,0,0,0,0,0,0,-3000,0,0,0,5000,8000,-3000,-3000
05063P,聯電元大96售03  ,0,0,0,0,0,0,0,0,0,-3000,0,0,0,27000,30000,-3000,-3000
048803,大立光富邦96購01,0,0,0,0,0,0,0,0,0,-3000,0,0,0,0,3000,-3000,-3000
055011,元翎元富97購01  ,0,0,0,0,0,0,0,0,0,-3000,0,0,0,70000,73000,-3000,-3000
055021,亞德客國泰98購01,0,0,0,0,0,0,0,0,0,-3000,0,0,0,66000,69000,-3000,-3000
054558,劍麟群益99購01  ,0,0,0,0,0,0,0,0,0,-3000,0,0,0,20000,23000,-3000,-3000
054497,國巨永豐96購05  ,0,0,0,0,0,0,0,0,0,-3000,0,0,0,255000,258000,-3000,-3000
05463P,創意國票96售04  ,0,0,0,0,0,0,0,0,0,-3000,0,0,0,0,3000,-3000,-3000
054667,神基元富97購01  ,0,0,0,0,0,0,0,0,0,-3000,0,0,0,12000,15000,-3000,-3000
053872,臻鼎元大96購04  ,0,0,0,0,0,0,0,0,0,-3000,0,0,0,0,3000,-3000,-3000
053847,美律元富96購02  ,0,0,0,0,0,0,0,0,0,-3000,0,0,0,7000,10000,-3000,-3000
053789,彩晶元大9C購02  ,0,0,0,0,0,0,0,0,0,-3000,0,0,0,0,3000,-3000,-3000
054084,旺宏統一97購05  ,0,0,0,0,0,0,0,0,0,-3000,0,0,0,47000,50000,-3000,-3000
053965,聯電元大98購04  ,0,0,0,0,0,0,0,0,0,-3000,0,0,0,7000,10000,-3000,-3000
054238,聯茂群益96購04  ,0,0,0,0,0,0,0,0,0,-3000,0,0,0,0,3000,-3000,-3000
054310,牧德凱基98購01  ,0,0,0,0,0,0,0,0,0,-3000,0,0,0,131000,134000,-3000,-3000
053218,TPK凱基96購01   ,0,0,0,0,0,0,0,0,0,-3000,0,0,0,0,3000,-3000,-3000
053742,創意國票97購01  ,0,0,0,0,0,0,0,0,0,-3000,0,0,0,75000,78000,-3000,-3000
052875,樺漢凱基96購02  ,0,0,0,0,0,0,0,0,0,-3000,0,0,0,32000,35000,-3000,-3000
052948,景碩國票97購02  ,0,0,0,0,0,0,0,0,0,-3000,0,0,0,106000,109000,-3000,-3000
053030,南亞科第一96購01,0,0,0,0,0,0,0,0,0,-3000,0,0,0,2000,5000,-3000,-3000
05304P,國巨國泰97售02  ,0,0,0,0,0,0,0,0,0,-3000,0,0,0,7000,10000,-3000,-3000
052398,瑞昱凱基95購06  ,0,0,0,0,0,0,0,0,0,-3000,0,0,0,65000,68000,-3000,-3000
8367,建新國際        ,0,3000,-3000,0,0,0,0,0,0,0,0,0,0,0,0,0,-3000
4108,懷特            ,0,0,0,0,0,0,0,0,0,-3000,0,3000,-3000,0,0,0,-3000
2491,吉祥全          ,0,0,0,0,0,0,0,0,0,-3000,0,3000,-3000,0,0,0,-3000
2482,連宇            ,0,0,0,0,0,0,0,0,0,-3000,2000,5000,-3000,0,0,0,-3000
3266,昇陽            ,3000,6000,-3000,0,0,0,0,0,0,0,0,0,0,0,0,0,-3000
3550,聯穎            ,0,3000,-3000,0,0,0,0,0,0,0,0,0,0,0,0,0,-3000
3032,偉訓            ,2000,5000,-3000,0,0,0,0,0,0,0,0,0,0,0,0,0,-3000
9946,三發地產        ,108000,111000,-3000,0,0,0,0,0,0,0,0,0,0,0,0,0,-3000
06321P,台積電統一98售03,0,0,0,0,0,0,0,0,0,-3000,0,0,0,0,3000,-3000,-3000
06201P,可成元大97售01  ,0,0,0,0,0,0,0,0,0,-3000,0,0,0,0,3000,-3000,-3000
06038P,國泰金台新96售01,0,0,0,0,0,0,0,0,0,-3000,0,0,0,19000,22000,-3000,-3000
06116P,臺股指日盛97售01,0,0,0,0,0,0,0,0,0,-3000,0,0,0,0,3000,-3000,-3000
06126P,凌陽元富97售02  ,0,0,0,0,0,0,0,0,0,-3000,0,0,0,7000,10000,-3000,-3000
05820P,臺股指凱基96售17,0,0,0,0,0,0,0,0,0,-3000,0,0,0,0,3000,-3000,-3000
05808P,臺股指國票96售01,0,0,0,0,0,0,0,0,0,-3000,0,0,0,3000,6000,-3000,-3000
05810P,臺股指國票96售03,0,0,0,0,0,0,0,0,0,-3000,0,0,0,160000,163000,-3000,-3000
06558P,旺宏元富98售02  ,0,0,0,0,0,0,0,0,0,-3000,0,0,0,99000,102000,-3000,-3000
06628P,訊芯元富98售03  ,0,0,0,0,0,0,0,0,0,-3000,0,0,0,0,3000,-3000,-3000
06349P,臺股指台新99售01,0,0,0,0,0,0,0,0,0,-3000,0,0,0,0,3000,-3000,-3000
2038,海光            ,2000,5000,-3000,0,0,0,0,0,0,0,0,0,0,0,0,0,-3000
2228,劍麟            ,59000,62000,-3000,0,0,0,0,0,0,0,0,0,0,0,0,0,-3000
1522,堤維西          ,65000,68000,-3000,0,0,0,0,0,0,0,0,0,0,0,0,0,-3000
1443,立益            ,0,3000,-3000,0,0,0,0,0,0,0,0,0,0,0,0,0,-3000
1713,國化            ,0,3000,-3000,0,0,0,0,0,0,0,0,0,0,0,0,0,-3000
1435,中福            ,0,2000,-2000,0,0,0,0,0,0,-1000,0,1000,-1000,0,0,0,-3000
1416,廣豐            ,2000,5000,-3000,0,0,0,0,0,0,0,0,0,0,0,0,0,-3000
1109,信大            ,56000,59307,-3307,0,0,0,0,0,0,0,0,0,0,0,0,0,-3307
056404,嘉聯益群益9A購01,0,0,0,0,0,0,0,0,0,-4000,0,0,0,22000,26000,-4000,-4000
056414,國巨中信98購02  ,0,0,0,0,0,0,0,0,0,-4000,0,0,0,7000,11000,-4000,-4000
056723,國巨中信9A購01  ,0,0,0,0,0,0,0,0,0,-4000,0,0,0,0,4000,-4000,-4000
056734,國巨凱基99購01  ,0,0,0,0,0,0,0,0,0,-4000,0,0,0,10000,14000,-4000,-4000
057102,亞光中信9A購01  ,0,0,0,0,0,0,0,0,0,-4000,0,0,0,10000,14000,-4000,-4000
05704P,矽力群益96售04  ,0,0,0,0,0,0,0,0,0,-4000,0,0,0,22000,26000,-4000,-4000
057006,國巨中信98購03  ,0,0,0,0,0,0,0,0,0,-4000,0,0,0,50000,54000,-4000,-4000
056996,矽力日盛99購01  ,0,0,0,0,0,0,0,0,0,-4000,0,0,0,200000,204000,-4000,-4000
056879,旺宏國票99購02  ,0,0,0,0,0,0,0,0,0,-4000,0,0,0,0,4000,-4000,-4000
057222,鴻海國票99購04  ,0,0,0,0,0,0,0,0,0,-4000,0,0,0,0,4000,-4000,-4000
055697,牧德國票98購01  ,0,0,0,0,0,0,0,0,0,-4000,0,0,0,10000,14000,-4000,-4000
055902,同欣電中信99購01,0,0,0,0,0,0,0,0,0,-4000,0,0,0,136000,140000,-4000,-4000
055913,中信金凱基97購01,0,0,0,0,0,0,0,0,0,-4000,0,0,0,29000,33000,-4000,-4000
055629,華新科永豐97購04,0,0,0,0,0,0,0,0,0,-4000,0,0,0,100000,104000,-4000,-4000
055409,元黃金富邦01購01,0,0,0,0,0,0,0,0,0,-4000,0,0,0,0,4000,-4000,-4000
055180,文曄統一97購01  ,0,0,0,0,0,0,0,0,0,-4000,0,0,0,6000,10000,-4000,-4000
055188,亞翔統一97購01  ,0,0,0,0,0,0,0,0,0,-4000,0,0,0,24000,28000,-4000,-4000
04177P,富邦金元大94售01,0,0,0,0,0,0,0,0,0,-4000,0,0,0,16000,20000,-4000,-4000
044633,台郡元大92購03  ,0,0,0,0,0,0,0,0,0,-4000,0,0,0,0,4000,-4000,-4000
04833P,鴻海元大94售16  ,0,0,0,0,0,0,0,0,0,-4000,0,0,0,67000,71000,-4000,-4000
047769,大立光元大96購01,0,0,0,0,0,0,0,0,0,-4000,0,0,0,0,4000,-4000,-4000
047895,台積電群益94購04,0,0,0,0,0,0,0,0,0,-4000,0,0,0,589000,593000,-4000,-4000
046429,矽力元大92購03  ,0,0,0,0,0,0,0,0,0,-4000,0,0,0,10000,14000,-4000,-4000
046944,奇力新元大96購01,0,0,0,0,0,0,0,0,0,-4000,0,0,0,5000,9000,-4000,-4000
048677,智伸科國泰94購01,0,0,0,0,0,0,0,0,0,-4000,0,0,0,152000,156000,-4000,-4000
048150,矽力元富93購01  ,0,0,0,0,0,0,0,0,0,-4000,0,0,0,10000,14000,-4000,-4000
051523,牧德凱基95購02  ,0,0,0,0,0,0,0,0,0,-4000,0,0,0,26000,30000,-4000,-4000
051406,泰鼎永豐96購01  ,0,0,0,0,0,0,0,0,0,-4000,0,0,0,10000,14000,-4000,-4000
051100,同欣電元大95購01,0,0,0,0,0,0,0,0,0,-4000,0,0,0,0,4000,-4000,-4000
051334,宏達電永豐95購01,0,0,0,0,0,0,0,0,0,-4000,0,0,0,45000,49000,-4000,-4000
051224,華通群益96購03  ,0,0,0,0,0,0,0,0,0,-4000,0,0,0,0,4000,-4000,-4000
049809,聯詠元大94購04  ,0,0,0,0,0,0,0,0,0,-4000,0,0,0,0,4000,-4000,-4000
050652,大立光凱基96購03,0,0,0,0,0,0,0,0,0,-4000,0,0,0,0,4000,-4000,-4000
050550,大立光凱基95購04,0,0,0,0,0,0,0,0,0,-4000,0,0,0,50000,54000,-4000,-4000
049705,緯穎元大94購05  ,0,0,0,0,0,0,0,0,0,-4000,0,0,0,30000,34000,-4000,-4000
051932,康控國票96購02  ,0,0,0,0,0,0,0,0,0,-4000,0,0,0,66000,70000,-4000,-4000
051934,緯穎國票96購01  ,0,0,0,0,0,0,0,0,0,-4000,0,0,0,0,4000,-4000,-4000
05213P,台積電國票96售05,0,0,0,0,0,0,0,0,0,-4000,0,0,0,5000,9000,-4000,-4000
049310,台積電凱基94購15,0,0,0,0,0,0,0,0,0,-4000,0,0,0,11000,15000,-4000,-4000
049356,台積電富邦94購05,0,0,0,0,0,0,0,0,0,-4000,0,0,0,144000,148000,-4000,-4000
051254,健策元大96購04  ,0,0,0,0,0,0,0,0,0,-4000,0,0,0,19000,23000,-4000,-4000
051575,國巨元大96購03  ,0,0,0,0,0,0,0,0,0,-4000,0,0,0,77000,81000,-4000,-4000
050875,訊芯永豐95購01  ,0,0,0,0,0,0,0,0,0,-4000,0,0,0,0,4000,-4000,-4000
048834,牧德凱基94購01  ,0,0,0,0,0,0,0,0,0,-4000,0,0,0,4000,8000,-4000,-4000
051093,聯詠元大95購01  ,0,0,0,0,0,0,0,0,0,-4000,0,0,0,0,4000,-4000,-4000
050388,鴻海統一94購09  ,0,0,0,0,0,0,0,0,0,-4000,0,0,0,1000,5000,-4000,-4000
052908,大成鋼統一96購01,0,0,0,0,0,0,0,0,0,-4000,0,0,0,33000,37000,-4000,-4000
052927,友達元大98購02  ,0,0,0,0,0,0,0,0,0,-4000,0,0,0,0,4000,-4000,-4000
052787,國巨中信96購02  ,0,0,0,0,0,0,0,0,0,-4000,0,0,0,9000,13000,-4000,-4000
052747,京鼎元大97購01  ,0,0,0,0,0,0,0,0,0,-4000,0,0,0,79000,83000,-4000,-4000
053631,欣興兆豐97購01  ,0,0,0,0,0,0,0,0,0,-4000,0,0,0,20000,24000,-4000,-4000
053622,臺股指群益96購08,0,0,0,0,0,0,0,0,0,-4000,0,0,0,0,4000,-4000,-4000
054066,緯穎國票97購03  ,0,0,0,0,0,0,0,0,0,-4000,0,0,0,12000,16000,-4000,-4000
05475P,聯茂亞東95售01  ,0,0,0,0,0,0,0,0,0,-4000,0,0,0,0,4000,-4000,-4000
054765,亞光國票98購02  ,0,0,0,0,0,0,0,0,0,-4000,0,0,0,39000,43000,-4000,-4000
05484P,台積電凱基95售18,0,0,0,0,0,0,0,0,0,-4000,0,0,0,0,4000,-4000,-4000
1304,台聚            ,128000,271000,-143000,0,0,0,0,0,0,139000,160000,21000,139000,0,0,0,-4000
2059,川湖            ,61000,63000,-2000,0,0,0,0,0,0,-2000,0,0,0,0,2000,-2000,-4000
06377P,華通統一97售04  ,0,0,0,0,0,0,0,0,0,-4000,0,0,0,0,4000,-4000,-4000
06577P,聯發科日盛9A售02,0,0,0,0,0,0,0,0,0,-4000,0,0,0,9000,13000,-4000,-4000
06687P,A50正2中信9A售01,0,0,0,0,0,0,0,0,0,-4000,0,0,0,46000,50000,-4000,-4000
06740P,台灣50國泰9A售02,0,0,0,0,0,0,0,0,0,-4000,0,0,0,100000,104000,-4000,-4000
05887P,友達元富99售03  ,0,0,0,0,0,0,0,0,0,-4000,0,0,0,3000,7000,-4000,-4000
057609,友訊元富98購01  ,0,0,0,0,0,0,0,0,0,-4000,0,0,0,0,4000,-4000,-4000
057580,玉山金中信9A購01,0,0,0,0,0,0,0,0,0,-4000,0,0,0,0,4000,-4000,-4000
057497,祥碩元大98購06  ,0,0,0,0,0,0,0,0,0,-4000,0,0,0,15000,19000,-4000,-4000
057512,華邦電台新98購01,0,0,0,0,0,0,0,0,0,-4000,0,0,0,0,4000,-4000,-4000
06117P,臺股指日盛97售02,0,0,0,0,0,0,0,0,0,-4000,0,0,0,0,4000,-4000,-4000
06050P,玉晶光國票98售01,0,0,0,0,0,0,0,0,0,-4000,0,0,0,9000,13000,-4000,-4000
06165P,臺股指凱基9A售03,0,0,0,0,0,0,0,0,0,-4000,0,0,0,0,4000,-4000,-4000
4572,駐龍            ,6000,10000,-4000,0,0,0,0,0,0,0,0,0,0,0,0,0,-4000
6172,互億            ,4000,8000,-4000,0,0,0,0,0,0,0,0,0,0,0,0,0,-4000
9927,泰銘            ,14000,18000,-4000,0,0,0,0,0,0,0,0,0,0,0,0,0,-4000
055087,瑞昱亞東97購01  ,0,0,0,0,0,0,0,0,0,-5000,0,0,0,0,5000,-5000,-5000
055374,明泰元大97購01  ,0,0,0,0,0,0,0,0,0,-5000,0,0,0,6000,11000,-5000,-5000
055551,致茂凱基98購01  ,0,0,0,0,0,0,0,0,0,-5000,0,0,0,29000,34000,-5000,-5000
055713,國巨元大98購09  ,0,0,0,0,0,0,0,0,0,-5000,0,0,0,0,5000,-5000,-5000
055691,訊芯凱基97購02  ,0,0,0,0,0,0,0,0,0,-5000,0,0,0,7000,12000,-5000,-5000
056088,台郡統一97購02  ,0,0,0,0,0,0,0,0,0,-5000,0,0,0,0,5000,-5000,-5000
057208,上海銀元富98購01,0,0,0,0,0,0,0,0,0,-5000,0,0,0,34000,39000,-5000,-5000
057367,技嘉元大98購02  ,0,0,0,0,0,0,0,0,0,-5000,0,0,0,24000,29000,-5000,-5000
057449,華新科元富99購02,0,0,0,0,0,0,0,0,0,-5000,0,0,0,0,5000,-5000,-5000
056890,國巨元大98購11  ,0,0,0,0,0,0,0,0,0,-5000,0,0,0,173000,178000,-5000,-5000
057004,滬深反中信9A購01,0,0,0,0,0,0,0,0,0,-5000,0,0,0,0,5000,-5000,-5000
05696P,南亞科凱基96售01,0,0,0,0,0,0,0,0,0,-5000,0,0,0,0,5000,-5000,-5000
057180,華新科元大99購08,0,0,0,0,0,0,0,0,0,-5000,0,0,0,96000,101000,-5000,-5000
057145,上銀國票98購03  ,0,0,0,0,0,0,0,0,0,-5000,0,0,0,5000,10000,-5000,-5000
056728,元油2X凱基9A購02,0,0,0,0,0,0,0,0,0,-5000,0,0,0,0,5000,-5000,-5000
05659P,A50正2中信97售01,0,0,0,0,0,0,0,0,0,-5000,0,0,0,0,5000,-5000,-5000
056714,晶相光永豐98購02,0,0,0,0,0,0,0,0,0,-5000,0,0,0,100000,105000,-5000,-5000
056406,建準國票99購01  ,0,0,0,0,0,0,0,0,0,-5000,0,0,0,15000,20000,-5000,-5000
056429,華通凱基98購02  ,0,0,0,0,0,0,0,0,0,-5000,0,0,0,42000,47000,-5000,-5000
056437,台積電凱基98購11,0,0,0,0,0,0,0,0,0,-5000,0,0,0,6000,11000,-5000,-5000
05636P,國巨永豐96售03  ,0,0,0,0,0,0,0,0,0,-5000,0,0,0,0,5000,-5000,-5000
056389,鴻海富邦99購01  ,0,0,0,0,0,0,0,0,0,-5000,0,0,0,0,5000,-5000,-5000
056557,世紀鋼凱基98購02,0,0,0,0,0,0,0,0,0,-5000,0,0,0,76000,81000,-5000,-5000
046947,禾伸堂元大93購01,0,0,0,0,0,0,0,0,0,-5000,0,0,0,6000,11000,-5000,-5000
046929,大立光統一93購03,0,0,0,0,0,0,0,0,0,-5000,0,0,0,10000,15000,-5000,-5000
046685,世紀鋼群益93購02,0,0,0,0,0,0,0,0,0,-5000,0,0,0,0,5000,-5000,-5000
046725,可成元大93購02  ,0,0,0,0,0,0,0,0,0,-5000,0,0,0,0,5000,-5000,-5000
046625,勤誠凱基93購01  ,0,0,0,0,0,0,0,0,0,-5000,0,0,0,0,5000,-5000,-5000
047637,旺宏元大94購03  ,0,0,0,0,0,0,0,0,0,-5000,0,0,0,305000,310000,-5000,-5000
047855,美律國票94購01  ,0,0,0,0,0,0,0,0,0,-5000,0,0,0,0,5000,-5000,-5000
051035,百和兆豐95購01  ,0,0,0,0,0,0,0,0,0,-5000,0,0,0,0,5000,-5000,-5000
051136,可成永豐95購02  ,0,0,0,0,0,0,0,0,0,-5000,0,0,0,0,5000,-5000,-5000
051145,台積電凱基95購05,0,0,0,0,0,0,0,0,0,-5000,0,0,0,5000,10000,-5000,-5000
051146,旺宏凱基95購04  ,0,0,0,0,0,0,0,0,0,-5000,0,0,0,0,5000,-5000,-5000
05118P,超眾元大96售04  ,0,0,0,0,0,0,0,0,0,-5000,0,0,0,0,5000,-5000,-5000
050140,台郡第一94購01  ,0,0,0,0,0,0,0,0,0,-5000,0,0,0,0,5000,-5000,-5000
048341,全新元大94購03  ,0,0,0,0,0,0,0,0,0,-5000,0,0,0,0,5000,-5000,-5000
048374,味全元富94購01  ,0,0,0,0,0,0,0,0,0,-5000,0,0,0,0,5000,-5000,-5000
047292,台光電元富96購01,0,0,0,0,0,0,0,0,0,-5000,0,0,0,0,5000,-5000,-5000
04727P,臺股指凱基96售03,0,0,0,0,0,0,0,0,0,-5000,0,0,0,0,5000,-5000,-5000
044927,聯詠國泰94購01  ,0,0,0,0,0,0,0,0,0,-5000,0,0,0,0,5000,-5000,-5000
046147,道瓊指中信96購02,0,0,0,0,0,0,0,0,0,-5000,0,0,0,0,5000,-5000,-5000
03252P,台積電台新02售01,0,0,0,0,0,0,0,0,0,-5000,0,0,0,0,5000,-5000,-5000
042792,T50反1台新9C購01,0,0,0,0,0,0,0,0,0,-5000,0,0,0,0,5000,-5000,-5000
03425B,臺股指元大9A熊01,0,0,0,0,0,0,0,0,0,-5000,0,0,0,7000,12000,-5000,-5000
00770,國泰北美科技    ,0,0,0,0,0,0,0,0,0,-5000,0,0,0,31000,36000,-5000,-5000
00647L,元大S&P500正2   ,0,53000,-53000,0,0,0,0,0,0,48000,0,0,0,49000,1000,48000,-5000
03612C,臺股指元大95牛01,0,0,0,0,0,0,0,0,0,-5000,0,0,0,19000,24000,-5000,-5000
03641C,臺股指凱基95牛18,0,0,0,0,0,0,0,0,0,-5000,0,0,0,0,5000,-5000,-5000
04083P,欣興統一94售01  ,0,0,0,0,0,0,0,0,0,-5000,0,0,0,0,5000,-5000,-5000
042929,台積電中信95購02,0,0,0,0,0,0,0,0,0,-5000,0,0,0,28000,33000,-5000,-5000
050348,鴻海群益94購06  ,0,0,0,0,0,0,0,0,0,-5000,0,0,0,22000,27000,-5000,-5000
050395,大立光元富94購10,0,0,0,0,0,0,0,0,0,-5000,0,0,0,0,5000,-5000,-5000
05106P,鴻海永豐95售02  ,0,0,0,0,0,0,0,0,0,-5000,0,0,0,10000,15000,-5000,-5000
050305,正崴中信95購01  ,0,0,0,0,0,0,0,0,0,-5000,0,0,0,0,5000,-5000,-5000
048923,國巨永豐94購02  ,0,0,0,0,0,0,0,0,0,-5000,0,0,0,63000,68000,-5000,-5000
05085P,鴻海日盛95售01  ,0,0,0,0,0,0,0,0,0,-5000,0,0,0,0,5000,-5000,-5000
050934,喬山國票96購01  ,0,350000,-350000,0,0,0,0,0,0,345000,0,0,0,360000,15000,345000,-5000
051372,樺漢富邦96購01  ,0,0,0,0,0,0,0,0,0,-5000,0,0,0,100000,105000,-5000,-5000
051680,國泰金第一95購01,0,0,0,0,0,0,0,0,0,-5000,0,0,0,0,5000,-5000,-5000
051698,旺宏麥證95購01  ,0,0,0,0,5000,-5000,0,0,0,-5000,0,0,0,0,5000,-5000,-5000
051788,奇力新國票97購02,0,0,0,0,0,0,0,0,0,-5000,0,0,0,5000,10000,-5000,-5000
052124,京鼎國票95購01  ,0,0,0,0,0,0,0,0,0,-5000,0,0,0,40000,45000,-5000,-5000
052181,南茂元大95購05  ,0,0,0,0,0,0,0,0,0,-5000,0,0,0,0,5000,-5000,-5000
052028,健策群益95購02  ,0,0,0,0,0,0,0,0,0,-5000,0,0,0,51000,56000,-5000,-5000
052318,友達元大98購01  ,0,0,0,0,0,0,0,0,0,-5000,0,0,0,0,5000,-5000,-5000
052341,泰鼎凱基96購02  ,0,0,0,0,0,0,0,0,0,-5000,0,0,0,0,5000,-5000,-5000
051982,深中小元大95購01,0,0,0,0,0,0,0,0,0,-5000,0,0,0,5000,10000,-5000,-5000
049875,台積電永豐94購04,0,0,0,0,0,0,0,0,0,-5000,0,0,0,91000,96000,-5000,-5000
049871,T50反1台新9A購02,0,0,0,0,0,0,0,0,0,-5000,0,0,0,0,5000,-5000,-5000
04964P,鴻海元大94售26  ,0,0,0,0,0,0,0,0,0,-5000,0,0,0,0,5000,-5000,-5000
049671,上証2X富邦95購01,0,0,0,0,0,0,0,0,0,-5000,0,0,0,0,5000,-5000,-5000
050525,嘉晶元大95購02  ,0,0,0,0,0,0,0,0,0,-5000,0,0,0,148000,153000,-5000,-5000
054946,億光元大97購01  ,0,0,0,0,0,0,0,0,0,-5000,0,0,0,12000,17000,-5000,-5000
054661,嘉聯益元大97購03,0,0,0,0,0,0,0,0,0,-5000,0,0,0,0,5000,-5000,-5000
054540,泰鼎國票99購01  ,0,40000,-40000,0,0,0,0,0,0,35000,0,0,0,50000,15000,35000,-5000
054083,智伸科元富96購01,0,0,0,0,0,0,0,0,0,-5000,0,0,0,1000,6000,-5000,-5000
05397P,大立光凱基96售08,0,0,0,0,0,0,0,0,0,-5000,0,0,0,35000,40000,-5000,-5000
053807,T50反1群益96購02,0,0,0,0,0,0,0,0,0,-5000,0,0,0,0,5000,-5000,-5000
053829,力成麥證96購01  ,0,0,0,20000,25000,-5000,0,0,0,-5000,0,0,0,20000,25000,-5000,-5000
053919,可成國票97購02  ,0,0,0,0,0,0,0,0,0,-5000,0,0,0,61000,66000,-5000,-5000
054196,台光電國泰97購02,0,0,0,0,0,0,0,0,0,-5000,0,0,0,0,5000,-5000,-5000
053512,台積電群益96購06,0,0,0,0,0,0,0,0,0,-5000,0,0,0,470000,475000,-5000,-5000
053464,喬山元大96購01  ,0,110000,-110000,0,0,0,0,0,0,105000,0,0,0,105000,0,105000,-5000
053216,京鼎凱基96購02  ,0,0,0,0,0,0,0,0,0,-5000,0,0,0,1000,6000,-5000,-5000
053180,同欣電統一96購01,0,0,0,0,0,0,0,0,0,-5000,0,0,0,5000,10000,-5000,-5000
053109,聯發科兆豐96購01,0,0,0,0,0,0,0,0,0,-5000,0,0,0,5000,10000,-5000,-5000
05326P,臺股指凱基95售10,0,0,0,0,0,0,0,0,0,-5000,0,0,0,0,5000,-5000,-5000
053310,彩晶凱基98購02  ,0,0,0,0,0,0,0,0,0,-5000,0,0,0,0,5000,-5000,-5000
052822,泰碩永豐97購01  ,0,0,0,0,0,0,0,0,0,-5000,0,0,0,0,5000,-5000,-5000
052903,致茂國票97購01  ,0,0,0,0,0,0,0,0,0,-5000,0,0,0,0,5000,-5000,-5000
053027,玉晶光富邦98購01,0,0,0,0,0,0,0,0,0,-5000,0,0,0,0,5000,-5000,-5000
052598,滬深2X元大96購05,0,0,0,0,0,0,0,0,0,-5000,0,0,0,0,5000,-5000,-5000
9136,巨騰-DR         ,0,5000,-5000,0,0,0,0,0,0,0,0,0,0,0,0,0,-5000
8464,億豐            ,176000,241000,-65000,0,0,0,0,0,0,60000,60000,0,60000,0,0,0,-5000
6449,鈺邦            ,14000,18000,-4000,0,0,0,0,0,0,-1000,1000,2000,-1000,0,0,0,-5000
2456,奇力新          ,1289000,550000,739000,0,0,0,0,683000,-683000,-61000,56000,95000,-39000,41000,63000,-22000,-5000
9942,茂順            ,5000,10000,-5000,0,0,0,0,0,0,0,0,0,0,0,0,0,-5000
06281P,臺股指凱基97售13,0,0,0,0,0,0,0,0,0,-5000,0,0,0,0,5000,-5000,-5000
06068P,玉晶光康和97售01,0,0,0,0,0,0,0,0,0,-5000,0,0,0,0,5000,-5000,-5000
05995P,T50正2中信9C售01,0,0,0,0,0,0,0,0,0,-5000,0,0,0,10000,15000,-5000,-5000
06000P,GIS元大96售04   ,0,0,0,0,0,0,0,0,0,-5000,0,0,0,0,5000,-5000,-5000
06003P,亞光康和96售02  ,0,0,0,0,0,0,0,0,0,-5000,0,0,0,0,5000,-5000,-5000
057591,鴻海兆豐99購01  ,0,0,0,0,0,0,0,0,0,-5000,0,0,0,0,5000,-5000,-5000
057587,微星國票99購01  ,0,0,0,0,0,0,0,0,0,-5000,0,0,0,0,5000,-5000,-5000
057647,欣興元大98購10  ,0,0,0,0,0,0,0,0,0,-5000,0,0,0,14000,19000,-5000,-5000
05785P,臺股指元大96售19,0,0,0,0,0,0,0,0,0,-5000,0,0,0,0,5000,-5000,-5000
06735P,奇力新凱基98售07,0,0,0,0,0,0,0,0,0,-5000,0,0,0,0,5000,-5000,-5000
06340P,鴻海統一98售06  ,0,0,0,0,0,0,0,0,0,-5000,0,0,0,6000,11000,-5000,-5000
06366P,鴻海凱基97售10  ,0,0,0,0,0,0,0,0,0,-5000,0,0,0,0,5000,-5000,-5000
06502P,A50中信98售01   ,0,0,0,0,0,0,0,0,0,-5000,0,0,0,0,5000,-5000,-5000
2013,中鋼構          ,41000,46000,-5000,0,0,0,0,0,0,0,0,0,0,0,0,0,-5000
2022,聚亨            ,8000,13000,-5000,0,0,0,0,0,0,0,0,0,0,0,0,0,-5000
1731,美吾華          ,4000,12000,-8000,0,0,0,0,0,0,3000,3000,0,3000,0,0,0,-5000
1524,耿鼎            ,2000,7000,-5000,0,0,0,0,0,0,0,0,0,0,0,0,0,-5000
056550,瑞儀凱基99購01  ,0,0,0,0,0,0,0,0,0,-6000,0,0,0,7000,13000,-6000,-6000
056571,燿華元大98購02  ,0,0,0,0,0,0,0,0,0,-6000,0,0,0,0,6000,-6000,-6000
056756,T50反1元大98購06,0,0,0,0,0,0,0,0,0,-6000,0,0,0,0,6000,-6000,-6000
056858,國巨群益99購03  ,0,0,0,0,0,0,0,0,0,-6000,0,0,0,98000,104000,-6000,-6000
056925,群創兆豐98購03  ,0,0,0,0,0,0,0,0,0,-6000,0,0,0,62000,68000,-6000,-6000
057417,國巨凱基9A購03  ,0,0,0,0,0,0,0,0,0,-6000,0,0,0,5000,11000,-6000,-6000
057228,友達凱基9B購01  ,0,0,0,0,0,0,0,0,0,-6000,0,0,0,0,6000,-6000,-6000
056200,大毅永豐98購01  ,0,0,0,0,0,0,0,0,0,-6000,0,0,0,461000,467000,-6000,-6000
056258,訊芯元富97購04  ,0,0,0,0,0,0,0,0,0,-6000,0,0,0,0,6000,-6000,-6000
055711,上銀元大97購04  ,0,0,0,0,0,0,0,0,0,-6000,0,0,0,1000,7000,-6000,-6000
055762,智伸科群益97購01,0,0,0,0,0,0,0,0,0,-6000,0,0,0,1000,7000,-6000,-6000
055512,聯詠兆豐97購01  ,0,0,0,0,0,0,0,0,0,-6000,0,0,0,0,6000,-6000,-6000
055184,群創統一98購02  ,0,0,0,0,0,0,0,0,0,-6000,0,0,0,118000,124000,-6000,-6000
046020,滬深2X元大95購02,0,0,0,0,0,0,0,0,0,-6000,0,0,0,0,6000,-6000,-6000
045825,力成凱基93購02  ,0,0,0,0,0,0,0,0,0,-6000,0,0,0,0,6000,-6000,-6000
04566P,GIS凱基94售04   ,0,0,0,0,0,0,0,0,0,-6000,0,0,0,0,6000,-6000,-6000
045503,群創凱基93購09  ,0,0,0,0,0,0,0,0,0,-6000,0,0,0,0,6000,-6000,-6000
04018P,亞光永豐93售01  ,0,0,0,0,0,0,0,0,0,-6000,0,0,0,0,6000,-6000,-6000
046217,康友富邦94購01  ,0,0,0,0,0,0,0,0,0,-6000,0,0,0,0,6000,-6000,-6000
04500P,燿華統一94售01  ,0,0,0,0,0,0,0,0,0,-6000,0,0,0,0,6000,-6000,-6000
047266,嘉聯益國票94購02,0,0,0,0,0,0,0,0,0,-6000,0,0,0,0,6000,-6000,-6000
047316,大立光元大94購01,0,0,0,0,0,0,0,0,0,-6000,0,0,0,75000,81000,-6000,-6000
047219,美律麥證94購01  ,0,0,0,42000,36000,6000,0,0,0,-6000,0,0,0,42000,48000,-6000,-6000
04537P,新光金統一94售01,0,0,0,0,0,0,0,0,0,-6000,0,0,0,0,6000,-6000,-6000
048337,致茂元大93購04  ,0,0,0,0,0,0,0,0,0,-6000,0,0,0,5000,11000,-6000,-6000
05100P,智邦凱基95售02  ,0,0,0,0,0,0,0,0,0,-6000,0,0,0,0,6000,-6000,-6000
051115,華通麥證96購01  ,0,0,0,0,6000,-6000,0,0,0,-6000,0,0,0,0,6000,-6000,-6000
05102P,臺股指凱基96售09,0,0,0,0,0,0,0,0,0,-6000,0,0,0,0,6000,-6000,-6000
050809,鴻海凱基95購08  ,0,0,0,0,0,0,0,0,0,-6000,0,0,0,10000,16000,-6000,-6000
050789,矽創國泰96購01  ,0,0,0,0,0,0,0,0,0,-6000,0,0,0,0,6000,-6000,-6000
047816,大立光凱基93購26,0,0,0,0,0,0,0,0,0,-6000,0,0,0,0,6000,-6000,-6000
047808,智邦凱基93購07  ,0,0,0,0,0,0,0,0,0,-6000,0,0,0,0,6000,-6000,-6000
047688,亞德客富邦95購01,0,0,0,0,0,0,0,0,0,-6000,0,0,0,16000,22000,-6000,-6000
047721,GIS凱基93購04   ,0,0,0,0,0,0,0,0,0,-6000,0,0,0,0,6000,-6000,-6000
047137,健策凱基94購01  ,0,0,0,0,0,0,0,0,0,-6000,0,0,0,0,6000,-6000,-6000
048701,健策國票95購01  ,0,0,0,0,0,0,0,0,0,-6000,0,0,0,0,6000,-6000,-6000
04869P,鴻海元富95售02  ,0,0,0,0,0,0,0,0,0,-6000,0,0,0,20000,26000,-6000,-6000
046962,群創中信95購03  ,0,0,0,0,0,0,0,0,0,-6000,0,0,0,0,6000,-6000,-6000
04856P,光磊元富94售01  ,0,0,0,0,0,0,0,0,0,-6000,0,0,0,0,6000,-6000,-6000
048557,瑞昱元大94購01  ,0,0,0,0,0,0,0,0,0,-6000,0,0,0,9000,15000,-6000,-6000
048641,美律元大94購01  ,0,0,0,0,0,0,0,0,0,-6000,0,0,0,14000,20000,-6000,-6000
046345,世紀鋼國票93購01,0,0,0,0,0,0,0,0,0,-6000,0,0,0,0,6000,-6000,-6000
050510,元油2X元大94購10,0,0,0,0,0,0,0,0,0,-6000,0,0,0,0,6000,-6000,-6000
05133P,臺股指日盛95售01,0,0,0,0,0,0,0,0,0,-6000,0,0,0,0,6000,-6000,-6000
050016,緯穎富邦95購01  ,0,0,0,0,0,0,0,0,0,-6000,0,0,0,0,6000,-6000,-6000
050024,旺宏元大94購09  ,0,0,0,0,0,0,0,0,0,-6000,0,0,0,111000,117000,-6000,-6000
050777,臻鼎元大94購05  ,0,0,0,0,0,0,0,0,0,-6000,0,0,0,2000,8000,-6000,-6000
050594,康友永豐94購01  ,0,0,0,0,0,0,0,0,0,-6000,0,0,0,0,6000,-6000,-6000
05224P,華通統一95售03  ,0,0,0,0,0,0,0,0,0,-6000,0,0,0,14000,20000,-6000,-6000
052096,力成元大95購01  ,0,0,0,0,0,0,0,0,0,-6000,0,0,0,0,6000,-6000,-6000
05207P,高股息中信97售03,0,0,0,0,0,0,0,0,0,-6000,0,0,0,0,6000,-6000,-6000
052107,台積電統一95購06,0,0,0,0,0,0,0,0,0,-6000,0,0,0,15000,21000,-6000,-6000
051813,GIS凱基96購02   ,0,0,0,0,0,0,0,0,0,-6000,0,0,0,0,6000,-6000,-6000
050954,樺漢群益95購01  ,0,0,0,0,0,0,0,0,0,-6000,0,0,0,0,6000,-6000,-6000
048940,晶相光永豐94購01,0,0,0,0,0,0,0,0,0,-6000,0,0,0,23000,29000,-6000,-6000
052381,臺股指元大95購22,0,0,0,0,0,0,0,0,0,-6000,0,0,0,2000,8000,-6000,-6000
052952,矽創國票97購02  ,0,0,0,0,0,0,0,0,0,-6000,0,0,0,64000,70000,-6000,-6000
052859,國巨凱基96購07  ,0,0,0,0,0,0,0,0,0,-6000,0,0,0,139000,145000,-6000,-6000
052823,創意永豐96購02  ,0,0,0,0,0,0,0,0,0,-6000,0,0,0,58000,64000,-6000,-6000
052770,聯茂群益96購02  ,0,0,0,0,0,0,0,0,0,-6000,0,0,0,45000,51000,-6000,-6000
053526,正崴中信96購01  ,0,0,0,0,0,0,0,0,0,-6000,0,0,0,0,6000,-6000,-6000
053550,聯發科凱基96購15,0,0,0,0,0,0,0,0,0,-6000,0,0,0,0,6000,-6000,-6000
053717,聯發科凱基96購17,0,0,0,0,0,0,0,0,0,-6000,0,0,0,380000,386000,-6000,-6000
054099,TPK國票98購01   ,0,0,0,0,0,0,0,0,0,-6000,0,0,0,0,6000,-6000,-6000
054416,禾伸堂元大97購01,0,0,0,0,0,0,0,0,0,-6000,0,0,0,0,6000,-6000,-6000
054617,超眾永豐97購01  ,0,0,0,0,0,0,0,0,0,-6000,0,0,0,0,6000,-6000,-6000
054969,亞翔元大97購01  ,0,0,0,0,0,0,0,0,0,-6000,0,0,0,24000,30000,-6000,-6000
05502P,台表科國票97售01,0,0,0,0,0,0,0,0,0,-6000,0,0,0,20000,26000,-6000,-6000
06724P,台灣50國票98售01,0,0,0,0,0,0,0,0,0,-6000,0,0,0,0,6000,-6000,-6000
05781P,臺股指統一99售02,0,0,0,0,0,0,0,0,0,-6000,0,0,0,0,6000,-6000,-6000
057645,華新科元大99購11,0,0,0,0,0,0,0,0,0,-6000,0,0,0,0,6000,-6000,-6000
057611,技嘉元富98購02  ,0,0,0,0,0,0,0,0,0,-6000,0,0,0,0,6000,-6000,-6000
05988P,光磊元富96售02  ,0,0,0,0,0,0,0,0,0,-6000,0,0,0,0,6000,-6000,-6000
06045P,臺股指永豐96售03,0,0,0,0,0,0,0,0,0,-6000,0,0,0,0,6000,-6000,-6000
06241P,大立光元富9A售01,0,0,0,0,0,0,0,0,0,-6000,0,0,0,3000,9000,-6000,-6000
2548,華固            ,84000,205000,-121000,0,0,0,2000,0,2000,113000,102000,0,102000,11000,0,11000,-6000
3052,夆典            ,6000,12000,-6000,0,0,0,0,0,0,0,0,0,0,0,0,0,-6000
3356,奇偶            ,38000,43000,-5000,0,0,0,0,0,0,-1000,0,1000,-1000,0,0,0,-6000
6235,華孚            ,3000,9000,-6000,0,0,0,0,0,0,0,0,0,0,0,0,0,-6000
6491,晶碩            ,15000,21000,-6000,0,0,0,0,0,0,0,0,0,0,0,0,0,-6000
5533,皇鼎            ,2000,8000,-6000,0,0,0,0,0,0,0,0,0,0,0,0,0,-6000
4960,誠美材          ,0,6000,-6000,0,0,0,0,0,0,0,0,0,0,0,0,0,-6000
055191,牧德元富97購01  ,0,0,0,0,0,0,0,0,0,-7000,0,0,0,0,7000,-7000,-7000
055063,玉晶光永豐99購01,0,0,0,0,0,0,0,0,0,-7000,0,0,0,0,7000,-7000,-7000
055283,聯發科元大97購16,0,0,0,0,0,0,0,0,0,-7000,0,0,0,603000,610000,-7000,-7000
055514,亞光麥證97購01  ,0,0,0,0,7000,-7000,0,0,0,-7000,0,0,0,0,7000,-7000,-7000
055564,茂林凱基98購01  ,0,0,0,0,0,0,0,0,0,-7000,0,0,0,10000,17000,-7000,-7000
055558,大立光凱基97購08,0,0,0,0,0,0,0,0,0,-7000,0,0,0,0,7000,-7000,-7000
05570P,聯發科統一96售04,0,0,0,0,0,0,0,0,0,-7000,0,0,0,57000,64000,-7000,-7000
05573P,仁寶元富96售02  ,0,0,0,0,0,0,0,0,0,-7000,0,0,0,50000,57000,-7000,-7000
05746P,台積電群益96售07,0,0,0,0,0,0,0,0,0,-7000,0,0,0,24000,31000,-7000,-7000
056866,矽創群益98購03  ,0,0,0,0,0,0,0,0,0,-7000,0,0,0,46000,53000,-7000,-7000
056623,禾伸堂永豐98購01,0,0,0,0,0,0,0,0,0,-7000,0,0,0,20000,27000,-7000,-7000
056523,光寶科中信98購01,0,0,0,0,0,0,0,0,0,-7000,0,0,0,0,7000,-7000,-7000
046317,亞光元大92購04  ,0,0,0,0,0,0,0,0,0,-7000,0,0,0,2000,9000,-7000,-7000
048625,GIS台新93購01   ,0,0,0,0,0,0,0,0,0,-7000,0,0,0,38000,45000,-7000,-7000
046961,大立光中信95購02,0,0,0,0,0,0,0,0,0,-7000,0,0,0,28000,35000,-7000,-7000
047019,台積電元大93購14,0,0,0,0,0,0,0,0,0,-7000,0,0,0,3000,10000,-7000,-7000
046981,智伸科兆豐94購01,0,0,0,0,0,0,0,0,0,-7000,0,0,0,0,7000,-7000,-7000
049256,瑞昱元大94購04  ,0,0,0,0,0,0,0,0,0,-7000,0,0,0,0,7000,-7000,-7000
047303,寶滬深元大96購01,0,0,0,0,0,0,0,0,0,-7000,0,0,0,0,7000,-7000,-7000
045312,矽創元大93購02  ,0,0,0,0,0,0,0,0,0,-7000,0,0,0,0,7000,-7000,-7000
04412P,欣興元富94售01  ,0,0,0,0,0,0,0,0,0,-7000,0,0,0,1000,8000,-7000,-7000
04599P,南亞科凱基94售03,0,0,0,0,0,0,0,0,0,-7000,0,0,0,193000,200000,-7000,-7000
051077,台郡國泰96購02  ,0,0,0,0,0,0,0,0,0,-7000,0,0,0,3000,10000,-7000,-7000
050381,鴻海兆豐94購01  ,0,0,0,0,0,0,0,0,0,-7000,0,0,0,0,7000,-7000,-7000
049101,聯詠國泰95購01  ,0,0,0,0,0,0,0,0,0,-7000,0,0,0,0,7000,-7000,-7000
049128,滬深2X元大97購03,0,0,0,0,0,0,0,0,0,-7000,0,0,0,0,7000,-7000,-7000
051251,信邦元大95購01  ,0,0,0,0,0,0,0,0,0,-7000,0,0,0,2000,9000,-7000,-7000
051781,緯穎群益96購01  ,0,0,0,0,0,0,0,0,0,-7000,0,0,0,3000,10000,-7000,-7000
049375,大立光元大94購13,0,0,0,0,0,0,0,0,0,-7000,0,0,0,5000,12000,-7000,-7000
050031,嘉澤元大95購01  ,0,0,0,0,0,0,0,0,0,-7000,0,0,0,40000,47000,-7000,-7000
05007P,旺宏元富95售01  ,0,0,0,0,0,0,0,0,0,-7000,0,0,0,0,7000,-7000,-7000
05151P,台光電群益95售02,0,0,0,0,0,0,0,0,0,-7000,0,0,0,0,7000,-7000,-7000
051534,景碩國票97購01  ,0,0,0,0,0,0,0,0,0,-7000,0,0,0,8000,15000,-7000,-7000
055019,福懋科元富97購01,0,0,0,0,0,0,0,0,0,-7000,0,0,0,5000,12000,-7000,-7000
054806,台化元大9A購01  ,0,0,0,0,0,0,0,0,0,-7000,0,0,0,0,7000,-7000,-7000
054910,信錦凱基97購01  ,0,0,0,0,0,0,0,0,0,-7000,0,0,0,0,7000,-7000,-7000
054913,億光凱基97購01  ,0,0,0,0,0,0,0,0,0,-7000,0,0,0,0,7000,-7000,-7000
053861,台光電元大98購01,0,0,0,0,0,0,0,0,0,-7000,0,0,0,8000,15000,-7000,-7000
053827,漢唐麥證9A購01  ,0,0,0,0,7000,-7000,0,0,0,-7000,0,0,0,0,7000,-7000,-7000
054079,鴻海中信98購02  ,0,0,0,0,0,0,0,0,0,-7000,0,0,0,0,7000,-7000,-7000
053613,元油反群益9A購02,0,0,0,0,0,0,0,0,0,-7000,0,0,0,0,7000,-7000,-7000
053491,鴻海兆豐97購02  ,0,0,0,0,0,0,0,0,0,-7000,0,0,0,0,7000,-7000,-7000
05330P,臺股指凱基95售14,0,0,0,0,0,0,0,0,0,-7000,0,0,0,0,7000,-7000,-7000
052889,致伸麥證97購01  ,0,0,0,30000,37000,-7000,0,0,0,-7000,0,0,0,30000,37000,-7000,-7000
052991,台積電台新96購01,0,0,0,0,0,0,0,0,0,-7000,0,0,0,101000,108000,-7000,-7000
053026,奇力新富邦98購01,0,0,0,0,0,0,0,0,0,-7000,0,0,0,0,7000,-7000,-7000
2534,宏盛            ,107000,114000,-7000,0,0,0,0,0,0,0,1000,1000,0,0,0,0,-7000
06236P,台積電元大97售25,0,0,0,0,0,0,0,0,0,-7000,0,0,0,3000,10000,-7000,-7000
057614,華新科元富99購04,0,0,0,0,0,0,0,0,0,-7000,0,0,0,0,7000,-7000,-7000
05756P,臺股指中信99售05,0,0,0,0,0,0,0,0,0,-7000,0,0,0,15000,22000,-7000,-7000
05901P,臺股指凱基9C售01,0,0,0,0,0,0,0,0,0,-7000,0,0,0,622000,629000,-7000,-7000
06725P,聯電元富98售01  ,0,0,0,0,0,0,0,0,0,-7000,0,0,0,0,7000,-7000,-7000
06691P,臺股指群益9C售05,0,0,0,0,0,0,0,0,0,-7000,0,0,0,0,7000,-7000,-7000
06719P,台灣50群益9A售01,0,0,0,0,0,0,0,0,0,-7000,0,0,0,0,7000,-7000,-7000
1234,黑松            ,30000,37000,-7000,0,0,0,0,0,0,0,0,0,0,0,0,0,-7000
056520,鴻海日盛99購01  ,0,0,0,0,0,0,0,0,0,-8000,0,0,0,6000,14000,-8000,-8000
056364,亞光元大99購02  ,0,0,0,0,0,0,0,0,0,-8000,0,0,0,14000,22000,-8000,-8000
057480,技嘉元大98購03  ,0,0,0,0,0,0,0,0,0,-8000,0,0,0,21000,29000,-8000,-8000
057481,技嘉元大98購04  ,0,0,0,0,0,0,0,0,0,-8000,0,0,0,61000,69000,-8000,-8000
057487,聯發科元大98購10,0,0,0,0,0,0,0,0,0,-8000,0,0,0,118000,126000,-8000,-8000
057183,玉晶光元大99購07,0,0,0,0,0,0,0,0,0,-8000,0,0,0,91000,99000,-8000,-8000
057110,立積群益98購01  ,0,0,0,0,0,0,0,0,0,-8000,0,0,0,20000,28000,-8000,-8000
057111,立積群益98購02  ,0,0,0,0,0,0,0,0,0,-8000,0,0,0,21000,29000,-8000,-8000
05618P,聯發科元富96售02,0,0,0,0,0,0,0,0,0,-8000,0,0,0,12000,20000,-8000,-8000
05617P,大立光統一97售02,0,0,0,0,0,0,0,0,0,-8000,0,0,0,50000,58000,-8000,-8000
055997,矽創國泰99購01  ,0,0,0,0,0,0,0,0,0,-8000,0,0,0,40000,48000,-8000,-8000
055433,嘉聯益群益99購01,0,0,0,0,0,0,0,0,0,-8000,0,0,0,32000,40000,-8000,-8000
055231,大毅國票98購02  ,0,0,0,0,0,0,0,0,0,-8000,0,0,0,0,8000,-8000,-8000
055085,大毅國票97購01  ,0,0,0,0,0,0,0,0,0,-8000,0,0,0,9000,17000,-8000,-8000
042902,光寶科元大94購01,0,0,0,0,0,0,0,0,0,-8000,0,0,0,2000,10000,-8000,-8000
041916,大立光中信93購01,0,0,0,0,0,0,0,0,0,-8000,0,0,0,15000,23000,-8000,-8000
050112,高鐵元大94購02  ,0,0,0,0,0,0,0,0,0,-8000,0,0,0,2000,10000,-8000,-8000
051175,國巨凱基95購04  ,0,0,0,0,0,0,0,0,0,-8000,0,0,0,58000,66000,-8000,-8000
051149,可成凱基95購04  ,0,0,0,0,0,0,0,0,0,-8000,0,0,0,2000,10000,-8000,-8000
047572,深中小群益95購01,0,0,0,0,0,0,0,0,0,-8000,0,0,0,2000,10000,-8000,-8000
048634,華通元大94購01  ,0,0,0,0,0,0,0,0,0,-8000,0,0,0,166000,174000,-8000,-8000
047559,彩晶凱基94購03  ,0,0,0,0,0,0,0,0,0,-8000,0,0,0,0,8000,-8000,-8000
048744,儒鴻元富97購01  ,0,0,0,0,0,0,0,0,0,-8000,0,0,0,10000,18000,-8000,-8000
052090,聯發科元大97購03,0,0,0,0,0,0,0,0,0,-8000,0,0,0,2000,10000,-8000,-8000
05057P,鴻海國票96售01  ,0,0,0,0,0,0,0,0,0,-8000,0,0,0,0,8000,-8000,-8000
050759,貿聯元富94購02  ,0,0,0,0,0,0,0,0,0,-8000,0,0,0,71000,79000,-8000,-8000
050231,聯發科麥證94購03,0,0,0,20000,27000,-7000,0,0,0,-8000,0,0,0,20000,28000,-8000,-8000
051766,泰鼎元大95購02  ,0,0,0,0,0,0,0,0,0,-8000,0,0,0,0,8000,-8000,-8000
051670,欣興元大95購06  ,0,0,0,0,0,0,0,0,0,-8000,0,0,0,17000,25000,-8000,-8000
051632,全新國票96購01  ,0,0,0,0,0,0,0,0,0,-8000,0,0,0,30000,38000,-8000,-8000
05108P,欣興中信95售02  ,0,0,0,0,0,0,0,0,0,-8000,0,0,0,2000,10000,-8000,-8000
049462,康友元富94購01  ,0,0,0,0,0,0,0,0,0,-8000,0,0,0,0,8000,-8000,-8000
050328,臻鼎永豐94購03  ,0,0,0,0,0,0,0,0,0,-8000,0,0,0,0,8000,-8000,-8000
048871,晶豪科國票94購01,0,0,0,0,0,0,0,0,0,-8000,0,0,0,29000,37000,-8000,-8000
052753,電子類元大96購02,0,0,0,0,0,0,0,0,0,-8000,0,0,0,2000,10000,-8000,-8000
05249P,臻鼎國票95售01  ,0,0,0,0,0,0,0,0,0,-8000,0,0,0,7000,15000,-8000,-8000
052627,中壽中信98購01  ,0,0,0,0,0,0,0,0,0,-8000,0,0,0,2000,10000,-8000,-8000
053359,矽力統一96購02  ,0,0,0,0,0,0,0,0,0,-8000,0,0,0,0,8000,-8000,-8000
053520,康友群益96購01  ,0,0,0,0,0,0,0,0,0,-8000,0,0,0,16000,24000,-8000,-8000
05366P,鴻海元富95售12  ,0,0,0,0,0,0,0,0,0,-8000,0,0,0,69000,77000,-8000,-8000
053947,義隆富邦97購01  ,0,0,0,0,0,0,0,0,0,-8000,0,0,0,150000,158000,-8000,-8000
053989,奇力新兆豐97購01,0,0,0,0,0,0,0,0,0,-8000,0,0,0,52000,60000,-8000,-8000
053802,南亞科凱基96購04,0,0,0,0,0,0,0,0,0,-8000,0,0,0,20000,28000,-8000,-8000
054319,世紀鋼凱基96購02,0,0,0,0,0,0,0,0,0,-8000,0,0,0,31000,39000,-8000,-8000
054258,牧德元大97購01  ,0,0,0,0,0,0,0,0,0,-8000,0,0,0,84000,92000,-8000,-8000
054260,貿聯元大96購03  ,0,0,0,0,0,0,0,0,0,-8000,0,0,0,10000,18000,-8000,-8000
054879,大成鋼統一97購01,0,0,0,0,0,0,0,0,0,-8000,0,0,0,66000,74000,-8000,-8000
1104,環泥            ,36000,44000,-8000,0,0,0,0,0,0,0,0,0,0,0,0,0,-8000
1446,宏和            ,5000,13000,-8000,0,0,0,0,0,0,0,0,0,0,0,0,0,-8000
06485P,玉晶光群益9A售02,0,0,0,0,0,0,0,0,0,-8000,0,0,0,0,8000,-8000,-8000
05802P,臺股指兆豐96售02,0,0,0,0,0,0,0,0,0,-8000,0,0,0,0,8000,-8000,-8000
05799P,臺股指群益96售13,0,0,0,0,0,0,0,0,0,-8000,0,0,0,0,8000,-8000,-8000
2444,兆勁            ,6000,14000,-8000,0,0,0,0,0,0,0,0,0,0,0,0,0,-8000
4737,華廣            ,6000,14000,-8000,0,0,0,0,0,0,0,0,0,0,0,0,0,-8000
4426,利勤            ,91000,99000,-8000,0,0,0,0,0,0,0,0,0,0,0,0,0,-8000
6674,鋐寶科技        ,0,0,0,0,0,0,0,0,0,-8000,0,8000,-8000,0,0,0,-8000
055499,大立光元大98購05,0,0,0,0,0,0,0,0,0,-9000,0,0,0,11000,20000,-9000,-9000
05597P,鴻海元富96售06  ,0,0,0,0,0,0,0,0,0,-9000,0,0,0,31000,40000,-9000,-9000
056150,台光電凱基98購02,0,0,0,0,0,0,0,0,0,-9000,0,0,0,1000,10000,-9000,-9000
056909,嘉聯益元大99購03,0,0,0,0,0,0,0,0,0,-9000,0,0,0,34000,43000,-9000,-9000
057003,立積國票98購01  ,0,0,0,0,0,0,0,0,0,-9000,0,0,0,6000,15000,-9000,-9000
057362,元油2X元大98購12,0,0,0,0,0,0,0,0,0,-9000,0,0,0,1000,10000,-9000,-9000
056502,A50正2永豐98購01,0,0,0,0,0,0,0,0,0,-9000,0,0,0,70000,79000,-9000,-9000
056807,元油2X統一9B購01,0,0,0,0,0,0,0,0,0,-9000,0,0,0,12000,21000,-9000,-9000
048111,奇力新群益93購06,0,0,0,0,0,0,0,0,0,-9000,0,0,0,3000,12000,-9000,-9000
046942,友達元大99購01  ,0,0,0,0,0,0,0,0,0,-9000,0,0,0,2000,11000,-9000,-9000
046854,可成元大93購04  ,0,0,0,0,0,0,0,0,0,-9000,0,0,0,0,9000,-9000,-9000
04806P,臻鼎元富94售06  ,0,0,0,0,0,0,0,0,0,-9000,0,0,0,0,9000,-9000,-9000
04807P,聯茂元富94售01  ,0,0,0,0,0,0,0,0,0,-9000,0,0,0,65000,74000,-9000,-9000
042793,台積電台新9C購01,0,0,0,0,0,0,0,0,0,-9000,0,0,0,1000,10000,-9000,-9000
00662,富邦NASDAQ      ,0,15000,-15000,0,0,0,0,0,0,6000,0,0,0,14000,8000,6000,-9000
043511,上銀富邦93購01  ,0,0,0,0,0,0,0,0,0,-9000,0,0,0,0,9000,-9000,-9000
045768,大立光元富95購02,0,0,0,0,0,0,0,0,0,-9000,0,0,0,46000,55000,-9000,-9000
04435P,台積電中信95售07,0,0,0,0,0,0,0,0,0,-9000,0,0,0,0,9000,-9000,-9000
044512,奇力新凱基93購02,0,0,0,0,0,0,0,0,0,-9000,0,0,0,11000,20000,-9000,-9000
04439P,聯發科群益94售04,0,0,0,0,0,0,0,0,0,-9000,0,0,0,63000,72000,-9000,-9000
048387,台達電國票94購01,0,0,0,0,0,0,0,0,0,-9000,0,0,0,30000,39000,-9000,-9000
051069,智邦國票96購01  ,0,0,0,0,0,0,0,0,0,-9000,0,0,0,10000,19000,-9000,-9000
049532,同欣電台新94購01,0,0,0,0,0,0,0,0,0,-9000,0,0,0,30000,39000,-9000,-9000
049498,茂林元大95購01  ,0,0,0,0,0,0,0,0,0,-9000,0,0,0,45000,54000,-9000,-9000
050254,大立光富邦96購02,0,0,0,0,0,0,0,0,0,-9000,0,0,0,1000,10000,-9000,-9000
051459,臺股指元大95購19,0,0,0,0,0,0,0,0,0,-9000,0,0,0,17000,26000,-9000,-9000
050843,富邦金國票96購01,0,0,0,0,0,0,0,0,0,-9000,0,0,0,0,9000,-9000,-9000
051984,台塑元大95購01  ,0,0,0,0,0,0,0,0,0,-9000,0,0,0,14000,23000,-9000,-9000
049703,訊芯元大95購01  ,0,0,0,0,0,0,0,0,0,-9000,0,0,0,2000,11000,-9000,-9000
052042,台積電日盛95購02,0,0,0,0,0,0,0,0,0,-9000,0,0,0,34000,43000,-9000,-9000
052213,富邦金元大95購01,0,0,0,0,0,0,0,0,0,-9000,0,0,0,50000,59000,-9000,-9000
052322,力成元大96購01  ,0,0,0,0,0,0,0,0,0,-9000,0,0,0,42000,51000,-9000,-9000
049848,聯發科群益94購06,0,0,0,0,0,0,0,0,0,-9000,0,0,0,180000,189000,-9000,-9000
054977,SP黃豆元富9B購01,0,0,0,0,0,0,0,0,0,-9000,0,0,0,0,9000,-9000,-9000
05471P,聯電統一95售01  ,0,0,0,0,0,0,0,0,0,-9000,0,0,0,10000,19000,-9000,-9000
053787,健策元大97購02  ,0,0,0,0,0,0,0,0,0,-9000,0,0,0,391000,400000,-9000,-9000
05382P,電子類群益95售02,0,0,0,0,0,0,0,0,0,-9000,0,0,0,22000,31000,-9000,-9000
053822,正文群益97購01  ,0,0,0,0,0,0,0,0,0,-9000,0,0,0,0,9000,-9000,-9000
053941,國巨國泰96購05  ,0,0,0,0,0,0,0,0,0,-9000,0,0,0,23000,32000,-9000,-9000
054071,泰鼎國泰97購02  ,0,0,0,0,0,0,0,0,0,-9000,0,0,0,5000,14000,-9000,-9000
053718,全新凱基97購02  ,0,0,0,0,0,0,0,0,0,-9000,0,0,0,25000,34000,-9000,-9000
05314P,臺股指群益95售13,0,0,0,0,0,0,0,0,0,-9000,0,0,0,20000,29000,-9000,-9000
052629,訊芯中信99購01  ,0,0,0,0,0,0,0,0,0,-9000,0,0,0,31000,40000,-9000,-9000
052611,力成元大96購02  ,0,0,0,0,0,0,0,0,0,-9000,0,0,0,1000,10000,-9000,-9000
052546,友達中信98購01  ,0,0,0,0,0,0,0,0,0,-9000,0,0,0,36000,45000,-9000,-9000
052431,茂林永豐95購03  ,0,0,0,0,0,0,0,0,0,-9000,0,0,0,1000,10000,-9000,-9000
052987,華新科元大99購01,0,0,0,0,0,0,0,0,0,-9000,0,0,0,0,9000,-9000,-9000
052947,晶技國票97購01  ,0,0,0,0,0,0,0,0,0,-9000,0,0,0,12000,21000,-9000,-9000
6409,旭隼            ,88000,97000,-9000,0,0,0,0,0,0,0,0,0,0,0,0,0,-9000
5288,豐祥-KY         ,2000,11000,-9000,0,0,0,0,0,0,0,0,0,0,0,0,0,-9000
2838A,聯邦銀甲特      ,0,0,0,0,0,0,0,0,0,-9000,1000,10000,-9000,0,0,0,-9000
05836P,臺股指元富96售08,0,0,0,0,0,0,0,0,0,-9000,0,0,0,0,9000,-9000,-9000
06190P,玉晶光永豐97售05,0,0,0,0,0,0,0,0,0,-9000,0,0,0,62000,71000,-9000,-9000
06278P,臺股指凱基97售10,0,0,0,0,0,0,0,0,0,-9000,0,0,0,0,9000,-9000,-9000
06315P,臺股指元富97售02,0,0,0,0,0,0,0,0,0,-9000,0,0,0,1000,10000,-9000,-9000
06715P,台積電元大99售04,0,0,0,0,0,0,0,0,0,-9000,0,0,0,123000,132000,-9000,-9000
1451,年興            ,24000,32000,-8000,0,0,0,0,0,0,-1000,0,1000,-1000,0,0,0,-9000
2348,海悅            ,2000,13000,-11000,0,0,0,0,0,0,2000,2000,0,2000,0,0,0,-9000
056872,旺宏凱基98購08  ,0,0,0,0,0,0,0,0,0,-10000,0,0,0,0,10000,-10000,-10000
056724,臻鼎中信9A購01  ,0,0,0,0,0,0,0,0,0,-10000,0,0,0,0,10000,-10000,-10000
056603,嘉聯益國泰9A購01,0,0,0,0,0,0,0,0,0,-10000,0,0,0,0,10000,-10000,-10000
056606,華新科富邦9A購02,0,0,0,0,0,0,0,0,0,-10000,0,0,0,0,10000,-10000,-10000
056607,貿聯富邦99購02  ,0,0,0,0,0,0,0,0,0,-10000,0,0,0,10000,20000,-10000,-10000
056706,元油2X富邦9B購01,0,0,0,0,0,0,0,0,0,-10000,0,0,0,40000,50000,-10000,-10000
056676,國產元富98購01  ,0,0,0,0,0,0,0,0,0,-10000,0,0,0,0,10000,-10000,-10000
056682,鴻海統一98購10  ,0,0,0,0,0,0,0,0,0,-10000,0,0,0,0,10000,-10000,-10000
056567,瀚宇博群益98購02,0,0,0,0,0,0,0,0,0,-10000,0,0,0,0,10000,-10000,-10000
056330,玉晶光國票99購03,0,0,0,0,0,0,0,0,0,-10000,0,0,0,0,10000,-10000,-10000
056357,台積電元大9A購01,0,0,0,0,0,0,0,0,0,-10000,0,0,0,853000,863000,-10000,-10000
057412,臺股指群益99購06,0,0,0,0,0,0,0,0,0,-10000,0,0,0,0,10000,-10000,-10000
057424,訊芯凱基98購04  ,0,0,0,0,0,0,0,0,0,-10000,0,0,0,0,10000,-10000,-10000
057485,友達元大9C購04  ,0,0,0,0,0,0,0,0,0,-10000,0,0,0,10000,20000,-10000,-10000
057493,聯詠元大98購02  ,0,0,0,0,0,0,0,0,0,-10000,0,0,0,23000,33000,-10000,-10000
057205,元翎元富98購01  ,0,0,0,0,0,0,0,0,0,-10000,0,0,0,10000,20000,-10000,-10000
057273,智邦元大98購05  ,0,0,0,0,0,0,0,0,0,-10000,0,0,0,63000,73000,-10000,-10000
057013,聯發科麥證98購01,0,0,0,1000,10000,-9000,0,0,0,-10000,0,0,0,1000,11000,-10000,-10000
056891,國巨元大99購03  ,0,0,0,0,0,0,0,0,0,-10000,0,0,0,96000,106000,-10000,-10000
056927,T50反1台新02購01,0,0,0,0,0,0,0,0,0,-10000,0,0,0,0,10000,-10000,-10000
056942,昇陽半元富98購01,0,0,0,0,0,0,0,0,0,-10000,0,0,0,0,10000,-10000,-10000
056943,華通統一99購01  ,0,0,0,0,0,0,0,0,0,-10000,0,0,0,10000,20000,-10000,-10000
057094,祥碩元富98購01  ,0,0,0,0,0,0,0,0,0,-10000,0,0,0,0,10000,-10000,-10000
057045,美律元大99購04  ,0,0,0,0,0,0,0,0,0,-10000,0,0,0,24000,34000,-10000,-10000
05706P,TPK永豐96售02   ,0,0,0,0,0,0,0,0,0,-10000,0,0,0,0,10000,-10000,-10000
057127,旺宏凱基98購09  ,0,0,0,0,0,0,0,0,0,-10000,0,0,0,0,10000,-10000,-10000
056135,緯創元大98購01  ,0,0,0,0,0,0,0,0,0,-10000,0,0,0,30000,40000,-10000,-10000
056149,亞光康和97購01  ,0,0,0,0,0,0,0,0,0,-10000,0,0,0,0,10000,-10000,-10000
056164,聯茂凱基98購03  ,0,0,0,0,0,0,0,0,0,-10000,0,0,0,0,10000,-10000,-10000
056257,聯茂元富97購04  ,0,0,0,0,0,0,0,0,0,-10000,0,0,0,0,10000,-10000,-10000
05623P,台積電中信96售03,0,0,0,0,0,0,0,0,0,-10000,0,0,0,0,10000,-10000,-10000
056209,超眾永豐97購02  ,0,0,0,0,0,0,0,0,0,-10000,0,0,0,10000,20000,-10000,-10000
056015,華通群益99購01  ,0,0,0,0,0,0,0,0,0,-10000,0,0,0,0,10000,-10000,-10000
056021,興富發群益97購01,0,0,0,0,0,0,0,0,0,-10000,0,0,0,0,10000,-10000,-10000
056065,奇鋐元大97購01  ,0,0,0,0,0,0,0,0,0,-10000,0,0,0,18000,28000,-10000,-10000
056109,彩晶永豐98購01  ,0,0,0,0,0,0,0,0,0,-10000,0,0,0,0,10000,-10000,-10000
055714,智邦元大97購03  ,0,0,0,0,0,0,0,0,0,-10000,0,0,0,30000,40000,-10000,-10000
055804,祥碩永豐97購02  ,0,0,0,0,0,0,0,0,0,-10000,0,0,0,13000,23000,-10000,-10000
055915,大立光凱基98購07,0,0,0,0,0,0,0,0,0,-10000,0,0,0,2000,12000,-10000,-10000
055890,鴻海統一99購01  ,0,0,0,0,0,0,0,0,0,-10000,0,0,0,48000,58000,-10000,-10000
055961,國泰金元大97購01,0,0,0,0,0,0,0,0,0,-10000,0,0,0,0,10000,-10000,-10000
055943,瑞昱麥證97購01  ,0,0,0,12000,27000,-15000,0,0,0,-10000,0,0,0,19000,29000,-10000,-10000
055864,臺股指元大97購01,0,0,0,0,0,0,0,0,0,-10000,0,0,0,5000,15000,-10000,-10000
055496,高鐵元大97購02  ,0,0,0,0,0,0,0,0,0,-10000,0,0,0,0,10000,-10000,-10000
055513,旺宏亞東98購01  ,0,0,0,0,0,0,0,0,0,-10000,0,0,0,0,10000,-10000,-10000
055467,國巨凱基97購05  ,0,0,0,0,0,0,0,0,0,-10000,0,0,0,43000,53000,-10000,-10000
055476,台郡凱基97購02  ,0,0,0,0,0,0,0,0,0,-10000,0,0,0,5000,15000,-10000,-10000
055471,聯發科凱基97購04,0,0,0,0,0,0,0,0,0,-10000,0,0,0,1000,11000,-10000,-10000
05538P,玉晶光國票97售02,0,0,0,0,0,0,0,0,0,-10000,0,0,0,21000,31000,-10000,-10000
055560,大立光凱基97購10,0,0,0,0,0,0,0,0,0,-10000,0,0,0,2000,12000,-10000,-10000
055652,聯詠元富01購01  ,0,0,0,0,0,0,0,0,0,-10000,0,0,0,0,10000,-10000,-10000
055080,正崴中信99購01  ,0,0,0,0,0,0,0,0,0,-10000,0,0,0,0,10000,-10000,-10000
055195,昇陽半元富97購02,0,0,0,0,0,0,0,0,0,-10000,0,0,0,0,10000,-10000,-10000
055146,華通元大98購04  ,0,0,0,0,0,0,0,0,0,-10000,0,0,0,28000,38000,-10000,-10000
055245,凱美統一99購01  ,0,0,0,0,0,0,0,0,0,-10000,0,0,0,30000,40000,-10000,-10000
055363,緯穎凱基98購03  ,0,0,0,0,0,0,0,0,0,-10000,0,0,0,14000,24000,-10000,-10000
048376,台達電元富93購01,0,0,0,0,0,0,0,0,0,-10000,0,0,0,0,10000,-10000,-10000
048340,聯發科元大93購25,0,0,0,0,0,0,0,0,0,-10000,0,0,0,0,10000,-10000,-10000
048346,智易元大95購01  ,0,0,0,0,0,0,0,0,0,-10000,0,0,0,110000,120000,-10000,-10000
047310,鴻海元大93購14  ,0,0,0,0,0,0,0,0,0,-10000,0,0,0,0,10000,-10000,-10000
048305,深100凱基96購01 ,0,0,0,0,0,0,0,0,0,-10000,0,0,0,0,10000,-10000,-10000
04831P,聯詠富邦96售01  ,0,0,0,0,0,0,0,0,0,-10000,0,0,0,0,10000,-10000,-10000
048316,可成凱基93購15  ,0,0,0,0,0,0,0,0,0,-10000,0,0,0,0,10000,-10000,-10000
048293,聯詠群益93購04  ,0,0,0,0,0,0,0,0,0,-10000,0,0,0,0,10000,-10000,-10000
047447,台郡元大94購02  ,0,0,0,0,0,0,0,0,0,-10000,0,0,0,0,10000,-10000,-10000
048397,TPK國票94購02   ,0,0,0,0,0,0,0,0,0,-10000,0,0,0,10000,20000,-10000,-10000
048431,瑞昱國票94購01  ,0,0,0,0,0,0,0,0,0,-10000,0,0,0,20000,30000,-10000,-10000
048450,聯詠凱基93購09  ,0,0,0,0,0,0,0,0,0,-10000,0,0,0,10000,20000,-10000,-10000
048439,上銀凱基93購09  ,0,0,0,0,0,0,0,0,0,-10000,0,0,0,40000,50000,-10000,-10000
046289,群創兆豐92購03  ,0,0,0,0,0,0,0,0,0,-10000,0,0,0,0,10000,-10000,-10000
04628P,欣興元大95售01  ,0,0,0,0,0,0,0,0,0,-10000,0,0,0,0,10000,-10000,-10000
045150,聯發科凱基93購03,0,0,0,0,0,0,0,0,0,-10000,0,0,0,0,10000,-10000,-10000
046259,和大凱基92購02  ,0,0,0,0,0,0,0,0,0,-10000,0,0,0,10000,20000,-10000,-10000
04517P,宏達電群益95售01,0,0,0,0,0,0,0,0,0,-10000,0,0,0,0,10000,-10000,-10000
047318,聯詠元大93購07  ,0,0,0,0,0,0,0,0,0,-10000,0,0,0,0,10000,-10000,-10000
047298,聯茂元富96購01  ,0,0,0,0,0,0,0,0,0,-10000,0,0,0,0,10000,-10000,-10000
047236,智伸科凱基93購05,0,0,0,0,0,0,0,0,0,-10000,0,0,0,0,10000,-10000,-10000
045401,大立光兆豐93購01,0,0,0,0,0,0,0,0,0,-10000,0,0,0,0,10000,-10000,-10000
045386,新光金元大93購02,0,0,0,0,0,0,0,0,0,-10000,0,0,0,0,10000,-10000,-10000
045348,大立光凱基93購06,0,0,0,0,0,0,0,0,0,-10000,0,0,0,0,10000,-10000,-10000
045349,大立光凱基93購07,0,0,0,0,0,0,0,0,0,-10000,0,0,0,0,10000,-10000,-10000
045295,台積電元大93購02,0,0,0,0,0,0,0,0,0,-10000,0,0,0,0,10000,-10000,-10000
045297,台積電元大93購04,0,0,0,0,0,0,0,0,0,-10000,0,0,0,0,10000,-10000,-10000
044518,京鼎凱基92購01  ,0,0,0,0,0,0,0,0,0,-10000,0,0,0,0,10000,-10000,-10000
044382,嘉聯益群益94購01,0,0,0,0,0,0,0,0,0,-10000,0,0,0,0,10000,-10000,-10000
04461P,燿華元富94售01  ,0,0,0,0,0,0,0,0,0,-10000,0,0,0,0,10000,-10000,-10000
04454P,大立光富邦98售02,0,0,0,0,0,0,0,0,0,-10000,0,0,0,0,10000,-10000,-10000
044909,玉晶光凱基93購02,0,0,0,0,0,0,0,0,0,-10000,0,0,0,3000,13000,-10000,-10000
044820,臻鼎兆豐93購02  ,0,0,0,0,0,0,0,0,0,-10000,0,0,0,0,10000,-10000,-10000
044285,鴻海凱基93購06  ,0,0,0,0,0,0,0,0,0,-10000,0,0,0,60000,70000,-10000,-10000
044221,群創凱基93購03  ,0,0,0,0,0,0,0,0,0,-10000,0,0,0,24000,34000,-10000,-10000
044039,康控群益93購01  ,0,0,0,0,0,0,0,0,0,-10000,0,0,0,10000,20000,-10000,-10000
046213,可成統一92購06  ,0,0,0,0,0,0,0,0,0,-10000,0,0,0,0,10000,-10000,-10000
043750,美律元大93購01  ,0,0,0,0,0,0,0,0,0,-10000,0,0,0,0,10000,-10000,-10000
045836,群創群益98購01  ,0,0,0,0,0,0,0,0,0,-10000,0,0,0,0,10000,-10000,-10000
045814,可成麥證93購01  ,0,0,0,0,10000,-10000,0,0,0,-10000,0,0,0,0,10000,-10000,-10000
042912,凌陽元大94購01  ,0,0,0,0,0,0,0,0,0,-10000,0,0,0,0,10000,-10000,-10000
045694,智邦兆豐93購05  ,0,0,0,0,0,0,0,0,0,-10000,0,0,0,15000,25000,-10000,-10000
043467,全新元大93購01  ,0,0,0,0,0,0,0,0,0,-10000,0,0,0,0,10000,-10000,-10000
04034P,技嘉群益93售03  ,0,0,0,0,0,0,0,0,0,-10000,0,0,0,0,10000,-10000,-10000
04550P,超眾元大94售01  ,0,0,0,0,0,0,0,0,0,-10000,0,0,0,0,10000,-10000,-10000
045435,鴻海統一94購01  ,0,0,0,0,0,0,0,0,0,-10000,0,0,0,0,10000,-10000,-10000
00681R,元大美債20反1   ,0,0,0,0,0,0,0,0,0,-10000,0,0,0,0,10000,-10000,-10000
03064X,元展59          ,0,0,0,0,0,0,0,0,0,-10000,0,0,0,0,10000,-10000,-10000
03171P,台積電中信05售07,0,0,0,0,0,0,0,0,0,-10000,0,0,0,0,10000,-10000,-10000
03492P,創意元大02售03  ,0,0,0,0,0,0,0,0,0,-10000,0,0,0,0,10000,-10000,-10000
042237,鴻海永昌93購01  ,0,0,0,0,0,0,0,0,0,-10000,0,0,0,0,10000,-10000,-10000
042558,瑞昱中信94購01  ,0,0,0,0,0,0,0,0,0,-10000,0,0,0,10000,20000,-10000,-10000
048073,南電元富93購02  ,0,0,0,0,0,0,0,0,0,-10000,0,0,0,0,10000,-10000,-10000
047974,新光金兆豐93購01,0,0,0,0,0,0,0,0,0,-10000,0,0,0,0,10000,-10000,-10000
047998,美律元大93購06  ,0,0,0,0,0,0,0,0,0,-10000,0,0,0,0,10000,-10000,-10000
048028,聯發科凱基93購25,0,0,0,0,0,0,0,0,0,-10000,0,0,0,0,10000,-10000,-10000
048023,鴻海凱基93購28  ,0,0,0,0,0,0,0,0,0,-10000,0,0,0,0,10000,-10000,-10000
047868,欣興永豐93購04  ,0,0,0,0,0,0,0,0,0,-10000,0,0,0,0,10000,-10000,-10000
047838,亞光元大93購03  ,0,0,0,0,0,0,0,0,0,-10000,0,0,0,93000,103000,-10000,-10000
047903,滬深2X元大96購01,0,0,0,0,0,0,0,0,0,-10000,0,0,0,0,10000,-10000,-10000
047860,臺股指國票93購15,0,0,0,0,0,0,0,0,0,-10000,0,0,0,0,10000,-10000,-10000
047915,鴻海凱基93購27  ,0,0,0,0,0,0,0,0,0,-10000,0,0,0,0,10000,-10000,-10000
047949,燿華台新93購01  ,0,0,0,0,0,0,0,0,0,-10000,0,0,0,0,10000,-10000,-10000
047953,台積電永豐93購04,0,0,0,0,0,0,0,0,0,-10000,0,0,0,45000,55000,-10000,-10000
047082,元上證永豐93購01,0,0,0,0,0,0,0,0,0,-10000,0,0,0,0,10000,-10000,-10000
047075,群創兆豐93購01  ,0,0,0,0,0,0,0,0,0,-10000,0,0,0,0,10000,-10000,-10000
047076,TPK兆豐94購01   ,0,0,0,0,0,0,0,0,0,-10000,0,0,0,0,10000,-10000,-10000
047138,智伸科凱基93購04,0,0,0,0,0,0,0,0,0,-10000,0,0,0,0,10000,-10000,-10000
047140,滬深2X兆豐94購01,0,0,0,0,0,0,0,0,0,-10000,0,0,0,0,10000,-10000,-10000
047134,聯發科凱基93購10,0,0,0,0,0,0,0,0,0,-10000,0,0,0,0,10000,-10000,-10000
047135,可成凱基93購05  ,0,0,0,0,0,0,0,0,0,-10000,0,0,0,10000,20000,-10000,-10000
047089,聯詠元富93購03  ,0,0,0,0,0,0,0,0,0,-10000,0,0,0,0,10000,-10000,-10000
047119,臻鼎元大93購01  ,0,0,0,0,0,0,0,0,0,-10000,0,0,0,0,10000,-10000,-10000
047180,台積電元大93購18,0,0,0,0,0,0,0,0,0,-10000,0,0,0,0,10000,-10000,-10000
047754,嘉澤元富93購02  ,0,0,0,0,0,0,0,0,0,-10000,0,0,0,10000,20000,-10000,-10000
047710,聯發科凱基93購21,0,0,0,0,0,0,0,0,0,-10000,0,0,0,0,10000,-10000,-10000
047804,鴻海凱基93購26  ,0,0,0,0,0,0,0,0,0,-10000,0,0,0,61000,71000,-10000,-10000
047783,聯茂國泰94購02  ,0,0,0,0,0,0,0,0,0,-10000,0,0,0,0,10000,-10000,-10000
047785,嘉聯益第一93購01,0,0,0,0,0,0,0,0,0,-10000,0,0,0,0,10000,-10000,-10000
047770,聯詠元大93購10  ,0,0,0,0,0,0,0,0,0,-10000,0,0,0,0,10000,-10000,-10000
051024,南亞科統一95購01,0,0,0,0,0,0,0,0,0,-10000,0,0,0,0,10000,-10000,-10000
051029,緯創元富95購01  ,0,0,0,0,0,0,0,0,0,-10000,0,0,0,0,10000,-10000,-10000
050785,全新國泰96購01  ,0,0,0,0,0,0,0,0,0,-10000,0,0,0,0,10000,-10000,-10000
050815,南亞科凱基95購01,0,0,0,0,0,0,0,0,0,-10000,0,0,0,10000,20000,-10000,-10000
050126,國巨凱基94購08  ,0,0,0,0,0,0,0,0,0,-10000,0,0,0,0,10000,-10000,-10000
04926P,聯發科凱基95售03,0,0,0,0,0,0,0,0,0,-10000,0,0,0,0,10000,-10000,-10000
049267,瀚宇博元大95購02,0,0,0,0,0,0,0,0,0,-10000,0,0,0,31000,41000,-10000,-10000
049253,台積電元大94購08,0,0,0,0,0,0,0,0,0,-10000,0,0,0,0,10000,-10000,-10000
049254,台積電元大96購02,0,0,0,0,0,0,0,0,0,-10000,0,0,0,0,10000,-10000,-10000
049249,台達電元大94購05,0,0,0,0,0,0,0,0,0,-10000,0,0,0,13000,23000,-10000,-10000
050151,台積電群益94購12,0,0,0,0,0,0,0,0,0,-10000,0,0,0,39000,49000,-10000,-10000
050135,禾伸堂兆豐95購01,0,0,0,0,0,0,0,0,0,-10000,0,0,0,0,10000,-10000,-10000
050185,和鑫元大95購02  ,0,0,0,0,0,0,0,0,0,-10000,0,0,0,0,10000,-10000,-10000
046861,和碩元大93購01  ,0,0,0,0,0,0,0,0,0,-10000,0,0,0,10000,20000,-10000,-10000
046863,康友元大93購01  ,0,0,0,0,0,0,0,0,0,-10000,0,0,0,40000,50000,-10000,-10000
046865,鴻海統一95購01  ,0,0,0,0,0,0,0,0,0,-10000,0,0,0,0,10000,-10000,-10000
046937,聯電元大99購01  ,0,0,0,0,0,0,0,0,0,-10000,0,0,0,0,10000,-10000,-10000
046948,聯詠元大93購03  ,0,0,0,0,0,0,0,0,0,-10000,0,0,0,0,10000,-10000,-10000
046989,可成凱基93購03  ,0,0,0,0,0,0,0,0,0,-10000,0,0,0,20000,30000,-10000,-10000
046999,康控富邦99購01  ,0,0,0,0,0,0,0,0,0,-10000,0,0,0,170000,180000,-10000,-10000
046794,智伸科元富93購01,0,0,0,0,0,0,0,0,0,-10000,0,0,0,0,10000,-10000,-10000
046802,聯電元大93購01  ,0,0,0,0,0,0,0,0,0,-10000,0,0,0,0,10000,-10000,-10000
046659,瑞昱元大93購02  ,0,0,0,0,0,0,0,0,0,-10000,0,0,0,0,10000,-10000,-10000
046694,智邦凱基93購01  ,0,0,0,0,0,0,0,0,0,-10000,0,0,0,0,10000,-10000,-10000
046671,彩晶元大93購03  ,0,0,0,0,0,0,0,0,0,-10000,0,0,0,0,10000,-10000,-10000
047591,訊芯永豐93購02  ,0,0,0,0,0,0,0,0,0,-10000,0,0,0,0,10000,-10000,-10000
047599,大立光統一93購08,0,0,0,0,0,0,0,0,0,-10000,0,0,0,0,10000,-10000,-10000
046510,大立光元大92購25,0,0,0,0,0,0,0,0,0,-10000,0,0,0,0,10000,-10000,-10000
04654P,臺股指凱基94售13,0,0,0,0,0,0,0,0,0,-10000,0,0,0,1000,11000,-10000,-10000
046428,矽力元大92購02  ,0,0,0,0,0,0,0,0,0,-10000,0,0,0,43000,53000,-10000,-10000
046411,新光金元大92購01,0,0,0,0,0,0,0,0,0,-10000,0,0,0,0,10000,-10000,-10000
04635P,臺股指群益94售10,0,0,0,0,0,0,0,0,0,-10000,0,0,0,0,10000,-10000,-10000
046362,華通永豐92購02  ,0,0,0,0,0,0,0,0,0,-10000,0,0,0,0,10000,-10000,-10000
046564,聯詠凱基92購09  ,0,0,0,0,0,0,0,0,0,-10000,0,0,0,10000,20000,-10000,-10000
048735,美利達麥證95購01,0,0,0,0,10000,-10000,0,0,0,-10000,0,0,0,0,10000,-10000,-10000
046620,智伸科凱基93購01,0,0,0,0,0,0,0,0,0,-10000,0,0,0,0,10000,-10000,-10000
046621,智伸科凱基93購02,0,0,0,0,0,0,0,0,0,-10000,0,0,0,0,10000,-10000,-10000
047638,瑞昱元大93購11  ,0,0,0,0,0,0,0,0,0,-10000,0,0,0,0,10000,-10000,-10000
047628,新光金國票95購02,0,0,0,0,0,0,0,0,0,-10000,0,0,0,0,10000,-10000,-10000
048122,台達電元大96購02,0,0,0,0,0,0,0,0,0,-10000,0,0,0,0,10000,-10000,-10000
048133,臻鼎國票94購01  ,0,0,0,0,0,0,0,0,0,-10000,0,0,0,0,10000,-10000,-10000
048144,華固統一93購01  ,0,0,0,0,0,0,0,0,0,-10000,0,0,0,0,10000,-10000,-10000
048155,瑞昱兆豐93購01  ,0,0,0,0,0,0,0,0,0,-10000,0,0,0,0,10000,-10000,-10000
048157,美律兆豐93購01  ,0,0,0,0,0,0,0,0,0,-10000,0,0,0,0,10000,-10000,-10000
048195,聯發科元大93購23,0,0,0,0,0,0,0,0,0,-10000,0,0,0,0,10000,-10000,-10000
048189,臺指反元大96購06,0,0,0,0,0,0,0,0,0,-10000,0,0,0,0,10000,-10000,-10000
048220,鴻海凱基93購35  ,0,0,0,0,0,0,0,0,0,-10000,0,0,0,1000,11000,-10000,-10000
047459,全新群益93購02  ,0,0,0,0,0,0,0,0,0,-10000,0,0,0,0,10000,-10000,-10000
048524,GIS元富94購01   ,0,0,0,0,0,0,0,0,0,-10000,0,0,0,0,10000,-10000,-10000
046301,亞泥元大92購02  ,0,0,0,0,0,0,0,0,0,-10000,0,0,0,0,10000,-10000,-10000
048635,鴻海元大94購04  ,0,0,0,0,0,0,0,0,0,-10000,0,0,0,21000,31000,-10000,-10000
048684,上海銀富邦93購02,0,0,0,0,0,0,0,0,0,-10000,0,0,0,0,10000,-10000,-10000
048676,和鑫國泰94購02  ,0,0,0,0,0,0,0,0,0,-10000,0,0,0,0,10000,-10000,-10000
049820,世紀鋼元大96購03,0,0,0,0,0,0,0,0,0,-10000,0,0,0,4000,14000,-10000,-10000
049866,景碩兆豐94購01  ,0,0,0,0,0,0,0,0,0,-10000,0,0,0,0,10000,-10000,-10000
049854,超眾群益94購02  ,0,0,0,0,0,0,0,0,0,-10000,0,0,0,0,10000,-10000,-10000
04979P,臺股指凱基96售07,0,0,0,0,0,0,0,0,0,-10000,0,0,0,0,10000,-10000,-10000
049794,台達電元大94購10,0,0,0,0,0,0,0,0,0,-10000,0,0,0,0,10000,-10000,-10000
049771,GIS元富94購02   ,0,0,0,0,0,0,0,0,0,-10000,0,0,0,0,10000,-10000,-10000
049870,南電兆豐94購01  ,0,0,0,0,0,0,0,0,0,-10000,0,0,0,0,10000,-10000,-10000
049898,緯穎統一95購01  ,0,0,0,0,0,0,0,0,0,-10000,0,0,0,0,10000,-10000,-10000
050092,鴻海永豐94購04  ,0,0,0,0,0,0,0,0,0,-10000,0,0,0,40000,50000,-10000,-10000
050044,聯詠兆豐94購02  ,0,0,0,0,0,0,0,0,0,-10000,0,0,0,10000,20000,-10000,-10000
050059,旺宏凱基94購03  ,0,0,0,0,0,0,0,0,0,-10000,0,0,0,0,10000,-10000,-10000
050034,智伸科元大94購01,0,0,0,0,0,0,0,0,0,-10000,0,0,0,0,10000,-10000,-10000
050018,高股息元大94購02,0,0,0,0,0,0,0,0,0,-10000,0,0,0,10000,20000,-10000,-10000
050455,貿聯元大94購02  ,0,0,0,0,0,0,0,0,0,-10000,0,0,0,6000,16000,-10000,-10000
050427,台積電凱基94購34,0,0,0,0,0,0,0,0,0,-10000,0,0,0,10000,20000,-10000,-10000
05152P,玉晶光群益96售05,0,0,0,0,0,0,0,0,0,-10000,0,0,0,10000,20000,-10000,-10000
051512,超眾麥證95購01  ,0,0,0,10000,20000,-10000,0,0,0,-10000,0,0,0,10000,20000,-10000,-10000
051404,牧德永豐96購01  ,0,0,0,0,0,0,0,0,0,-10000,0,0,0,13000,23000,-10000,-10000
050515,聯電元大96購01  ,0,0,0,0,0,0,0,0,0,-10000,0,0,0,0,10000,-10000,-10000
050520,凌陽元大94購02  ,0,0,0,0,0,0,0,0,0,-10000,0,0,0,0,10000,-10000,-10000
049566,鴻海統一94購04  ,0,0,0,0,0,0,0,0,0,-10000,0,0,0,0,10000,-10000,-10000
049562,和大統一94購01  ,0,0,0,0,0,0,0,0,0,-10000,0,0,0,0,10000,-10000,-10000
050489,聯詠元富94購01  ,0,0,0,0,0,0,0,0,0,-10000,0,0,0,0,10000,-10000,-10000
049617,光罩群益94購03  ,0,0,0,0,0,0,0,0,0,-10000,0,0,0,60000,70000,-10000,-10000
052361,大成鋼國票96購01,0,0,0,0,0,0,0,0,0,-10000,0,0,0,0,10000,-10000,-10000
052352,力成元富95購01  ,0,0,0,0,0,0,0,0,0,-10000,0,0,0,0,10000,-10000,-10000
052307,潤泰全國泰96購01,0,0,0,0,0,0,0,0,0,-10000,0,0,0,80000,90000,-10000,-10000
052169,鴻海元大97購02  ,0,0,0,0,0,0,0,0,0,-10000,0,0,0,68000,78000,-10000,-10000
052185,奇力新群益95購03,0,0,0,0,0,0,0,0,0,-10000,0,0,0,0,10000,-10000,-10000
052128,聯發科日盛95購03,0,0,0,0,0,0,0,0,0,-10000,0,0,0,0,10000,-10000,-10000
052165,訊芯永豐95購03  ,0,0,0,0,0,0,0,0,0,-10000,0,0,0,0,10000,-10000,-10000
052037,全新國泰96購02  ,0,0,0,0,0,0,0,0,0,-10000,0,0,0,0,10000,-10000,-10000
049718,南亞科凱基94購04,0,0,0,0,0,0,0,0,0,-10000,0,0,0,10000,20000,-10000,-10000
050669,嘉晶永豐96購01  ,0,0,0,0,0,0,0,0,0,-10000,0,0,0,10000,20000,-10000,-10000
050618,緯創元大95購01  ,0,0,0,0,0,0,0,0,0,-10000,0,0,0,12000,22000,-10000,-10000
050697,冠德凱基96購01  ,0,0,0,0,0,0,0,0,0,-10000,0,0,0,0,10000,-10000,-10000
050756,京元電元富94購03,0,0,0,0,0,0,0,0,0,-10000,0,0,0,0,10000,-10000,-10000
050757,聯發科元富94購03,0,0,0,0,0,0,0,0,0,-10000,0,0,0,0,10000,-10000,-10000
050751,聯電統一94購05  ,0,0,0,0,0,0,0,0,0,-10000,0,0,0,208000,218000,-10000,-10000
050734,台積電台新94購02,0,0,0,0,0,0,0,0,0,-10000,0,0,0,0,10000,-10000,-10000
051905,道瓊銀元大95購01,0,0,0,0,0,0,0,0,0,-10000,0,0,0,85000,95000,-10000,-10000
050973,S&P反1統一95購01,0,0,0,0,0,0,0,0,0,-10000,0,0,0,0,10000,-10000,-10000
050981,GIS元富95購01   ,0,0,0,0,0,0,0,0,0,-10000,0,0,0,0,10000,-10000,-10000
051377,鴻海群益95購07  ,0,0,0,0,0,0,0,0,0,-10000,0,0,0,0,10000,-10000,-10000
051432,群創元富99購03  ,0,0,0,0,0,0,0,0,0,-10000,0,0,0,10000,20000,-10000,-10000
051250,大立光元大98購01,0,0,0,0,0,0,0,0,0,-10000,0,0,0,5000,15000,-10000,-10000
051245,南亞科元大95購01,0,0,0,0,0,0,0,0,0,-10000,0,0,0,3000,13000,-10000,-10000
051310,台達電麥證95購01,0,0,0,20000,38000,-18000,0,0,0,-10000,0,0,0,28000,38000,-10000,-10000
051581,聯發科元大95購12,0,0,0,0,0,0,0,0,0,-10000,0,0,0,0,10000,-10000,-10000
051553,牧德永豐96購02  ,0,0,0,0,0,0,0,0,0,-10000,0,0,0,27000,37000,-10000,-10000
051613,S&P反1凱基96購01,0,0,0,0,0,0,0,0,0,-10000,0,0,0,0,10000,-10000,-10000
051629,上証2X國票95購04,0,0,0,0,0,0,0,0,0,-10000,0,0,0,0,10000,-10000,-10000
05175P,TPK富邦99售01   ,0,0,0,0,0,0,0,0,0,-10000,0,0,0,0,10000,-10000,-10000
050250,台郡凱基94購03  ,0,0,0,0,0,0,0,0,0,-10000,0,0,0,0,10000,-10000,-10000
050246,大立光凱基94購13,0,0,0,0,0,0,0,0,0,-10000,0,0,0,0,10000,-10000,-10000
051380,禾伸堂群益95購01,0,0,0,0,0,0,0,0,0,-10000,0,0,0,0,10000,-10000,-10000
051656,嘉聯益元富95購02,0,0,0,0,0,0,0,0,0,-10000,0,0,0,0,10000,-10000,-10000
051677,達方元大95購01  ,0,0,0,0,0,0,0,0,0,-10000,0,0,0,8000,18000,-10000,-10000
051666,旺宏元大96購05  ,0,0,0,0,0,0,0,0,0,-10000,0,0,0,0,10000,-10000,-10000
051669,建準元大95購01  ,0,0,0,0,0,0,0,0,0,-10000,0,0,0,0,10000,-10000,-10000
051687,大立光凱基95購12,0,0,0,0,0,0,0,0,0,-10000,0,0,0,0,10000,-10000,-10000
049360,台達電元大94購07,0,0,0,0,0,0,0,0,0,-10000,0,0,0,0,10000,-10000,-10000
049342,聯發科統一94購05,0,0,0,0,0,0,0,0,0,-10000,0,0,0,0,10000,-10000,-10000
049300,南電群益94購01  ,0,0,0,0,0,0,0,0,0,-10000,0,0,0,0,10000,-10000,-10000
049484,台積電元大95購02,0,0,0,0,0,0,0,0,0,-10000,0,0,0,6000,16000,-10000,-10000
051221,嘉聯益元富95購01,0,0,0,0,0,0,0,0,0,-10000,0,0,0,0,10000,-10000,-10000
050329,超眾永豐94購03  ,0,0,0,0,0,0,0,0,0,-10000,0,0,0,0,10000,-10000,-10000
050367,鴻海元大94購20  ,0,0,0,0,0,0,0,0,0,-10000,0,0,0,51000,61000,-10000,-10000
049145,南亞科元大94購01,0,0,0,0,0,0,0,0,0,-10000,0,0,0,104000,114000,-10000,-10000
049142,智邦元大94購01  ,0,0,0,0,0,0,0,0,0,-10000,0,0,0,0,10000,-10000,-10000
051208,GIS麥證95購01   ,0,0,0,0,10000,-10000,0,0,0,-10000,0,0,0,0,10000,-10000,-10000
04908P,南電國票95售03  ,0,0,0,0,0,0,0,0,0,-10000,0,0,0,0,10000,-10000,-10000
049100,華新科國泰96購01,0,0,0,0,0,0,0,0,0,-10000,0,0,0,0,10000,-10000,-10000
04905P,國巨國票94售04  ,0,0,0,0,0,0,0,0,0,-10000,0,0,0,0,10000,-10000,-10000
049079,聯發科凱基94購04,0,0,0,0,0,0,0,0,0,-10000,0,0,0,0,10000,-10000,-10000
049082,晶豪科凱基94購01,0,0,0,0,0,0,0,0,0,-10000,0,0,0,0,10000,-10000,-10000
048999,康普國票95購01  ,0,0,0,0,0,0,0,0,0,-10000,0,0,0,0,10000,-10000,-10000
049055,聯詠永豐94購01  ,0,0,0,0,0,0,0,0,0,-10000,0,0,0,55000,65000,-10000,-10000
051073,同欣電國票96購01,0,0,0,0,0,0,0,0,0,-10000,0,0,0,10000,20000,-10000,-10000
05107P,鴻海兆豐96售02  ,0,0,0,0,0,0,0,0,0,-10000,0,0,0,0,10000,-10000,-10000
049401,可成群益94購04  ,0,0,0,0,0,0,0,0,0,-10000,0,0,0,0,10000,-10000,-10000
049431,光罩國票96購01  ,0,0,0,0,0,0,0,0,0,-10000,0,0,0,10000,20000,-10000,-10000
049406,T50反1日盛97購01,0,0,0,0,0,0,0,0,0,-10000,0,0,0,0,10000,-10000,-10000
048888,牧德元富94購02  ,0,0,0,0,0,0,0,0,0,-10000,0,0,0,36000,46000,-10000,-10000
04881P,高股息凱基96售01,0,0,0,0,0,0,0,0,0,-10000,0,0,0,0,10000,-10000,-10000
048876,牧德國票95購02  ,0,0,0,0,0,0,0,0,0,-10000,0,0,0,0,10000,-10000,-10000
051199,鴻海麥證95購03  ,0,0,0,0,10000,-10000,0,0,0,-10000,0,0,0,0,10000,-10000,-10000
048941,牧德永豐94購02  ,0,0,0,0,0,0,0,0,0,-10000,0,0,0,40000,50000,-10000,-10000
04893P,創意元大94售03  ,0,0,0,0,0,0,0,0,0,-10000,0,0,0,0,10000,-10000,-10000
048920,川湖永豐94購01  ,0,0,0,0,0,0,0,0,0,-10000,0,0,0,0,10000,-10000,-10000
053029,國巨第一96購01  ,0,0,0,0,0,0,0,0,0,-10000,0,0,0,331000,341000,-10000,-10000
052998,拓凱康和96購01  ,0,0,0,0,0,0,0,0,0,-10000,0,0,0,0,10000,-10000,-10000
053006,玉晶光永豐96購03,0,0,0,0,0,0,0,0,0,-10000,0,0,0,4000,14000,-10000,-10000
052781,瀚宇博國票97購03,0,0,0,0,0,0,0,0,0,-10000,0,0,0,0,10000,-10000,-10000
052760,盟立群益96購01  ,0,0,0,0,0,0,0,0,0,-10000,0,0,0,0,10000,-10000,-10000
052892,大成鋼群益96購01,0,0,0,0,0,0,0,0,0,-10000,0,0,0,21000,31000,-10000,-10000
052846,智邦統一97購01  ,0,0,0,0,0,0,0,0,0,-10000,0,0,0,0,10000,-10000,-10000
052400,聯詠凱基97購01  ,0,0,0,0,0,0,0,0,0,-10000,0,0,0,0,10000,-10000,-10000
052368,力成國票96購01  ,0,0,0,0,0,0,0,0,0,-10000,0,0,0,0,10000,-10000,-10000
052520,南亞科元大95購06,0,0,0,0,0,0,0,0,0,-10000,0,0,0,0,10000,-10000,-10000
052481,利勤群益95購01  ,0,0,0,0,0,0,0,0,0,-10000,0,0,0,0,10000,-10000,-10000
052548,旺宏亞東96購01  ,0,0,0,0,0,0,0,0,0,-10000,0,0,0,0,10000,-10000,-10000
052580,高鐵元富96購01  ,0,0,0,0,0,0,0,0,0,-10000,0,0,0,0,10000,-10000,-10000
052635,奇力新凱基98購01,0,0,0,0,0,0,0,0,0,-10000,0,0,0,1000,11000,-10000,-10000
052725,為升元富96購01  ,0,0,0,0,0,0,0,0,0,-10000,0,0,0,0,10000,-10000,-10000
052646,淘帝永豐96購01  ,0,0,0,0,0,0,0,0,0,-10000,0,0,0,0,10000,-10000,-10000
053133,華邦電國票97購01,0,0,0,0,0,0,0,0,0,-10000,0,0,0,10000,20000,-10000,-10000
053134,南亞科國票97購01,0,0,0,0,0,0,0,0,0,-10000,0,0,0,38000,48000,-10000,-10000
053108,南亞科兆豐96購01,0,0,0,0,0,0,0,0,0,-10000,0,0,0,40000,50000,-10000,-10000
053117,大立光中信9A購02,0,0,0,0,0,0,0,0,0,-10000,0,0,0,0,10000,-10000,-10000
053365,彩晶國泰98購01  ,0,0,0,0,0,0,0,0,0,-10000,0,0,0,0,10000,-10000,-10000
053374,台達電元大96購03,0,0,0,0,0,0,0,0,0,-10000,0,0,0,10000,20000,-10000,-10000
053714,南亞科凱基96購03,0,0,0,0,0,0,0,0,0,-10000,0,0,0,0,10000,-10000,-10000
053729,聯茂凱基96購05  ,0,0,0,0,0,0,0,0,0,-10000,0,0,0,0,10000,-10000,-10000
053733,華邦電中信98購01,0,0,0,0,0,0,0,0,0,-10000,0,0,0,0,10000,-10000,-10000
053765,智邦富邦96購01  ,0,0,0,0,0,0,0,0,0,-10000,0,0,0,0,10000,-10000,-10000
053752,超眾永豐96購02  ,0,0,0,0,0,0,0,0,0,-10000,0,0,0,0,10000,-10000,-10000
053670,台積電統一96購09,0,0,0,0,0,0,0,0,0,-10000,0,0,0,0,10000,-10000,-10000
053654,聯發科凱基98購01,0,0,0,0,0,0,0,0,0,-10000,0,0,0,130000,140000,-10000,-10000
053598,日月光元大96購04,0,0,0,0,0,0,0,0,0,-10000,0,0,0,0,10000,-10000,-10000
053542,超眾永豐96購01  ,0,0,0,0,0,0,0,0,0,-10000,0,0,0,10000,20000,-10000,-10000
053501,明泰兆豐96購01  ,0,0,0,0,0,0,0,0,0,-10000,0,0,0,0,10000,-10000,-10000
053480,祥碩元大96購02  ,0,0,0,0,0,0,0,0,0,-10000,0,0,0,9000,19000,-10000,-10000
053440,台積電凱基96購12,0,0,0,0,0,0,0,0,0,-10000,0,0,0,0,10000,-10000,-10000
053788,泰鼎元大97購01  ,0,0,0,0,0,0,0,0,0,-10000,0,0,0,20000,30000,-10000,-10000
053772,大成鋼元大96購02,0,0,0,0,0,0,0,0,0,-10000,0,0,0,0,10000,-10000,-10000
053854,聯茂國泰97購02  ,0,0,0,0,0,0,0,0,0,-10000,0,0,0,10000,20000,-10000,-10000
05411P,台積電國票96售08,0,0,0,0,0,0,0,0,0,-10000,0,0,0,0,10000,-10000,-10000
054114,新光金台新97購01,0,0,0,0,0,0,0,0,0,-10000,0,0,0,0,10000,-10000,-10000
05417P,燿華永豐95售07  ,0,0,0,0,0,0,0,0,0,-10000,0,0,0,0,10000,-10000,-10000
054152,漢唐國泰98購02  ,0,0,0,0,0,0,0,0,0,-10000,0,0,0,110000,120000,-10000,-10000
054291,高鐵元大97購01  ,0,0,0,0,0,0,0,0,0,-10000,0,0,0,0,10000,-10000,-10000
054735,漢唐凱基98購01  ,0,0,0,0,0,0,0,0,0,-10000,0,0,0,0,10000,-10000,-10000
054631,台郡凱基98購02  ,0,0,0,0,0,0,0,0,0,-10000,0,0,0,0,10000,-10000,-10000
054656,深中小元大97購01,0,0,0,0,0,0,0,0,0,-10000,0,0,0,0,10000,-10000,-10000
054658,道瓊銀元大9A購01,0,0,0,0,0,0,0,0,0,-10000,0,0,0,0,10000,-10000,-10000
054673,京鼎國泰98購01  ,0,0,0,0,0,0,0,0,0,-10000,0,0,0,0,10000,-10000,-10000
054578,世芯元大99購01  ,0,0,0,0,0,0,0,0,0,-10000,0,0,0,37000,47000,-10000,-10000
054573,漢唐元大98購01  ,0,0,0,0,0,0,0,0,0,-10000,0,0,0,68000,78000,-10000,-10000
054435,華新科台新97購02,0,0,0,0,0,0,0,0,0,-10000,0,0,0,0,10000,-10000,-10000
054444,緯穎台新97購01  ,0,0,0,0,0,0,0,0,0,-10000,0,0,0,0,10000,-10000,-10000
054462,旺宏凱基96購08  ,0,0,0,0,0,0,0,0,0,-10000,0,0,0,83000,93000,-10000,-10000
054989,精元元富97購01  ,0,0,0,0,0,0,0,0,0,-10000,0,0,0,0,10000,-10000,-10000
054990,凌陽元富97購01  ,0,0,0,0,0,0,0,0,0,-10000,0,0,0,0,10000,-10000,-10000
054948,聯發科元大97購14,0,0,0,0,0,0,0,0,0,-10000,0,0,0,0,10000,-10000,-10000
05486P,大立光凱基95售14,0,0,0,0,0,0,0,0,0,-10000,0,0,0,0,10000,-10000,-10000
054905,國揚康和97購01  ,0,0,0,0,0,0,0,0,0,-10000,0,0,0,0,10000,-10000,-10000
054784,順德群益9A購01  ,0,0,0,0,0,0,0,0,0,-10000,0,0,0,0,10000,-10000,-10000
054850,上海銀兆豐97購01,0,0,0,0,0,0,0,0,0,-10000,0,0,0,30000,40000,-10000,-10000
08388P,台灣50中信03售09,0,0,0,0,0,0,0,0,0,-10000,0,0,0,0,10000,-10000,-10000
06573P,台積電永昌99售02,0,0,0,0,0,0,0,0,0,-10000,0,0,0,0,10000,-10000,-10000
06593P,欣興元大98售05  ,0,0,0,0,0,0,0,0,0,-10000,0,0,0,15000,25000,-10000,-10000
06610P,台積電凱基9A售03,0,0,0,0,0,0,0,0,0,-10000,0,0,0,10000,20000,-10000,-10000
06631P,玉晶光群益9A售03,0,0,0,0,0,0,0,0,0,-10000,0,0,0,0,10000,-10000,-10000
06632P,創意群益98售03  ,0,0,0,0,0,0,0,0,0,-10000,0,0,0,11000,21000,-10000,-10000
06465P,國巨統一98售04  ,0,0,0,0,0,0,0,0,0,-10000,0,0,0,0,10000,-10000,-10000
06520P,元油2X元大98售04,0,0,0,0,0,0,0,0,0,-10000,0,0,0,25000,35000,-10000,-10000
06524P,臺股指麥證98售02,0,0,0,0,10000,-10000,0,0,0,-10000,0,0,0,0,10000,-10000,-10000
06395P,台積電元大97售29,0,0,0,0,0,0,0,0,0,-10000,0,0,0,30000,40000,-10000,-10000
06257P,臺股指群益97售10,0,0,0,0,0,0,0,0,0,-10000,0,0,0,0,10000,-10000,-10000
06260P,臺股指群益97售13,0,0,0,0,0,0,0,0,0,-10000,0,0,0,0,10000,-10000,-10000
06166P,大立光國票98售01,0,0,0,0,0,0,0,0,0,-10000,0,0,0,10000,20000,-10000,-10000
06244P,智易元富97售02  ,0,0,0,0,0,0,0,0,0,-10000,0,0,0,0,10000,-10000,-10000
06057P,大立光凱基98售01,0,0,0,0,0,0,0,0,0,-10000,0,0,0,50000,60000,-10000,-10000
06020P,燿華元富96售04  ,0,0,0,0,0,0,0,0,0,-10000,0,0,0,0,10000,-10000,-10000
05841P,華通元大96售04  ,0,0,0,0,0,0,0,0,0,-10000,0,0,0,0,10000,-10000,-10000
05811P,臺股指國票96售04,0,0,0,0,0,0,0,0,0,-10000,0,0,0,0,10000,-10000,-10000
05853P,欣興群益96售05  ,0,0,0,0,0,0,0,0,0,-10000,0,0,0,0,10000,-10000,-10000
057572,明泰永豐98購01  ,0,0,0,0,0,0,0,0,0,-10000,0,0,0,0,10000,-10000,-10000
05755P,臺股指中信99售04,0,0,0,0,0,0,0,0,0,-10000,0,0,0,0,10000,-10000,-10000
057556,智易凱基99購01  ,0,0,0,0,0,0,0,0,0,-10000,0,0,0,0,10000,-10000,-10000
057498,台郡元大98購04  ,0,0,0,0,0,0,0,0,0,-10000,0,0,0,4000,14000,-10000,-10000
057501,超眾群益98購04  ,0,0,0,0,0,0,0,0,0,-10000,0,0,0,0,10000,-10000,-10000
057516,和鑫元富98購01  ,0,0,0,0,0,0,0,0,0,-10000,0,0,0,0,10000,-10000,-10000
057592,美律兆豐99購01  ,0,0,0,0,0,0,0,0,0,-10000,0,0,0,0,10000,-10000,-10000
057643,聯發科元大99購03,0,0,0,0,0,0,0,0,0,-10000,0,0,0,103000,113000,-10000,-10000
057618,台光電凱基99購01,0,0,0,0,0,0,0,0,0,-10000,0,0,0,0,10000,-10000,-10000
05762P,昇陽半永豐96售04,0,0,0,0,0,0,0,0,0,-10000,0,0,0,0,10000,-10000,-10000
057636,上銀元大98購06  ,0,0,0,0,0,0,0,0,0,-10000,0,0,0,60000,70000,-10000,-10000
05773P,臺股指凱基99售03,0,0,0,0,0,0,0,0,0,-10000,0,0,0,0,10000,-10000,-10000
057649,嘉聯益元大99購04,0,0,0,0,0,0,0,0,0,-10000,0,0,0,0,10000,-10000,-10000
2493,揚博            ,4000,14000,-10000,0,0,0,0,0,0,0,0,0,0,0,0,0,-10000
5519,隆大            ,65000,75000,-10000,0,0,0,0,0,0,0,0,0,0,0,0,0,-10000
4930,燦星網          ,0,9000,-9000,0,0,0,0,0,0,-1000,0,1000,-1000,0,0,0,-10000
055344,國巨凱基97購04  ,0,0,0,0,0,0,0,0,0,-11000,0,0,0,36000,47000,-11000,-11000
055532,中工群益98購01  ,0,0,0,0,0,0,0,0,0,-11000,0,0,0,0,11000,-11000,-11000
055536,嘉聯益群益99購02,0,0,0,0,0,0,0,0,0,-11000,0,0,0,0,11000,-11000,-11000
055438,鴻海國票98購01  ,0,0,0,0,0,0,0,0,0,-11000,0,0,0,0,11000,-11000,-11000
055893,大立光統一97購07,0,0,0,0,0,0,0,0,0,-11000,0,0,0,70000,81000,-11000,-11000
055832,台達電元大97購02,0,0,0,0,0,0,0,0,0,-11000,0,0,0,0,11000,-11000,-11000
055817,京鼎國票99購01  ,0,0,0,0,0,0,0,0,0,-11000,0,0,0,19000,30000,-11000,-11000
055975,鴻海統一98購05  ,0,0,0,0,0,0,0,0,0,-11000,0,0,0,0,11000,-11000,-11000
055794,聯發科國泰99購01,0,0,0,0,0,0,0,0,0,-11000,0,0,0,0,11000,-11000,-11000
055771,台積電日盛97購04,0,0,0,0,0,0,0,0,0,-11000,0,0,0,13000,24000,-11000,-11000
055757,大成鋼群益99購01,0,0,0,0,0,0,0,0,0,-11000,0,0,0,0,11000,-11000,-11000
057175,美律元大98購03  ,0,0,0,0,0,0,0,0,0,-11000,0,0,0,0,11000,-11000,-11000
057063,立積國泰9A購01  ,0,0,0,0,0,0,0,0,0,-11000,0,0,0,1000,12000,-11000,-11000
056752,國巨兆豐98購02  ,0,0,0,0,0,0,0,0,0,-11000,0,0,0,20000,31000,-11000,-11000
05678P,群創群益97售01  ,0,0,0,0,0,0,0,0,0,-11000,0,0,0,0,11000,-11000,-11000
056834,華新元富99購01  ,0,0,0,0,0,0,0,0,0,-11000,0,0,0,20000,31000,-11000,-11000
056821,日電貿永豐98購01,0,0,0,0,0,0,0,0,0,-11000,0,0,0,74000,85000,-11000,-11000
048678,統一富邦93購01  ,0,0,0,0,0,0,0,0,0,-11000,0,0,0,6000,17000,-11000,-11000
047548,友達凱基99購03  ,0,0,0,0,0,0,0,0,0,-11000,0,0,0,15000,26000,-11000,-11000
050832,力成凱基95購01  ,0,0,0,0,0,0,0,0,0,-11000,0,0,0,0,11000,-11000,-11000
047833,全新元大94購02  ,0,0,0,0,0,0,0,0,0,-11000,0,0,0,18000,29000,-11000,-11000
047685,嘉聯益國泰95購01,0,0,0,0,0,0,0,0,0,-11000,0,0,0,0,11000,-11000,-11000
047179,台積電元大93購17,0,0,0,0,0,0,0,0,0,-11000,0,0,0,0,11000,-11000,-11000
047856,GIS國票94購01   ,0,0,0,0,0,0,0,0,0,-11000,0,0,0,20000,31000,-11000,-11000
042387,台積電永昌93購02,0,0,0,0,0,0,0,0,0,-11000,0,0,0,37000,48000,-11000,-11000
03424B,臺股指元大96熊26,0,0,0,0,0,0,0,0,0,-11000,0,0,0,0,11000,-11000,-11000
045858,元油2X統一94購02,0,0,0,0,0,0,0,0,0,-11000,0,0,0,1000,12000,-11000,-11000
047227,華新科凱基94購01,0,0,0,0,0,0,0,0,0,-11000,0,0,0,1000,12000,-11000,-11000
048849,光寶科群益94購01,0,0,0,0,0,0,0,0,0,-11000,0,0,0,0,11000,-11000,-11000
050264,聯發科元大94購13,0,0,0,0,0,0,0,0,0,-11000,0,0,0,248000,259000,-11000,-11000
051053,台光電群益95購01,0,0,0,0,0,0,0,0,0,-11000,0,0,0,6000,17000,-11000,-11000
049146,南亞科元大94購02,0,0,0,0,0,0,0,0,0,-11000,0,0,0,113000,124000,-11000,-11000
051869,康控凱基96購01  ,0,0,0,0,0,0,0,0,0,-11000,0,0,0,0,11000,-11000,-11000
051928,大立光中信96購03,0,0,0,0,0,0,0,0,0,-11000,0,0,0,43000,54000,-11000,-11000
049689,正崴元大94購02  ,0,0,0,0,0,0,0,0,0,-11000,0,0,0,0,11000,-11000,-11000
049696,欣興元大95購02  ,0,0,0,0,0,0,0,0,0,-11000,0,0,0,4000,15000,-11000,-11000
050553,緯穎凱基94購06  ,0,0,0,0,0,0,0,0,0,-11000,0,0,0,13000,24000,-11000,-11000
052226,旺宏凱基95購06  ,0,0,0,0,0,0,0,0,0,-11000,0,0,0,10000,21000,-11000,-11000
052197,台郡元富95購03  ,0,0,0,0,0,0,0,0,0,-11000,0,0,0,78000,89000,-11000,-11000
049565,楠梓電統一94購01,0,0,0,0,0,0,0,0,0,-11000,0,0,0,0,11000,-11000,-11000
049653,緯穎凱基94購03  ,0,0,0,0,0,0,0,0,0,-11000,0,0,0,0,11000,-11000,-11000
051233,力成群益97購01  ,0,0,0,0,0,0,0,0,0,-11000,0,0,0,10000,21000,-11000,-11000
051483,玉晶光凱基96購02,0,0,0,0,0,0,0,0,0,-11000,0,0,0,14000,25000,-11000,-11000
051541,GIS國票96購02   ,0,0,0,0,0,0,0,0,0,-11000,0,0,0,21000,32000,-11000,-11000
050420,鴻海凱基95購03  ,0,0,0,0,0,0,0,0,0,-11000,0,0,0,9000,20000,-11000,-11000
050005,京鼎永豐94購01  ,0,0,0,0,0,0,0,0,0,-11000,0,0,0,43000,54000,-11000,-11000
049853,上海銀群益94購02,0,0,0,0,0,0,0,0,0,-11000,0,0,0,0,11000,-11000,-11000
049835,緯穎凱基94購05  ,0,0,0,0,0,0,0,0,0,-11000,0,0,0,0,11000,-11000,-11000
054782,國巨群益97購01  ,0,0,0,0,0,0,0,0,0,-11000,0,0,0,65000,76000,-11000,-11000
054854,台積電麥證97購01,0,0,0,0,11000,-11000,0,0,0,-11000,0,0,0,0,11000,-11000,-11000
05485P,旺宏凱基95售08  ,0,0,0,0,0,0,0,0,0,-11000,0,0,0,0,11000,-11000,-11000
054874,帆宣群益99購02  ,0,0,0,0,0,0,0,0,0,-11000,0,0,0,0,11000,-11000,-11000
054995,宏盛元富97購01  ,0,0,0,0,0,0,0,0,0,-11000,0,0,0,0,11000,-11000,-11000
054448,矽力兆豐96購01  ,0,0,0,0,0,0,0,0,0,-11000,0,0,0,22000,33000,-11000,-11000
054559,台光電群益99購01,0,0,0,0,0,0,0,0,0,-11000,0,0,0,21000,32000,-11000,-11000
054649,聯茂群益97購01  ,0,0,0,0,0,0,0,0,0,-11000,0,0,0,0,11000,-11000,-11000
054741,亞光凱基99購01  ,0,0,0,0,0,0,0,0,0,-11000,0,0,0,0,11000,-11000,-11000
054384,瀚宇博群益96購02,0,0,0,0,0,0,0,0,0,-11000,0,0,0,0,11000,-11000,-11000
054381,世芯群益98購01  ,0,0,0,0,0,0,0,0,0,-11000,0,0,0,0,11000,-11000,-11000
053578,華新元大98購01  ,0,0,0,0,0,0,0,0,0,-11000,0,0,0,0,11000,-11000,-11000
053532,台積電永豐96購03,0,0,0,0,0,0,0,0,0,-11000,0,0,0,0,11000,-11000,-11000
052636,大立光凱基96購10,0,0,0,0,0,0,0,0,0,-11000,0,0,0,69000,80000,-11000,-11000
052623,台郡兆豐96購01  ,0,0,0,0,0,0,0,0,0,-11000,0,0,0,0,11000,-11000,-11000
052506,日月光日盛95購01,0,0,0,0,0,0,0,0,0,-11000,0,0,0,0,11000,-11000,-11000
052535,日月光國泰96購01,0,0,0,0,0,0,0,0,0,-11000,0,0,0,27000,38000,-11000,-11000
052876,GIS凱基96購03   ,0,0,0,0,0,0,0,0,0,-11000,0,0,0,22000,33000,-11000,-11000
052769,達興群益96購01  ,0,0,0,0,0,0,0,0,0,-11000,0,0,0,0,11000,-11000,-11000
4536,拓凱            ,10000,22000,-12000,0,0,0,0,0,0,1000,1000,0,1000,0,0,0,-11000
6531,愛普            ,51000,80000,-29000,0,0,0,0,0,0,18000,39000,21000,18000,0,0,0,-11000
8466,美吉吉-KY       ,0,11000,-11000,0,0,0,0,0,0,0,0,0,0,0,0,0,-11000
9921,巨大            ,335000,347000,-12000,0,0,0,0,0,0,1000,0,0,0,1000,0,1000,-11000
2545,皇翔            ,34000,45000,-11000,0,0,0,0,0,0,0,0,0,0,0,0,0,-11000
06039P,亞光台新96售03  ,0,0,0,0,0,0,0,0,0,-11000,0,0,0,0,11000,-11000,-11000
06064P,台積電台新98售01,0,0,0,0,0,0,0,0,0,-11000,0,0,0,0,11000,-11000,-11000
06294P,臺股指國票97售08,0,0,0,0,0,0,0,0,0,-11000,0,0,0,6000,17000,-11000,-11000
06615P,鴻海元大9C售02  ,0,0,0,0,0,0,0,0,0,-11000,0,0,0,38000,49000,-11000,-11000
08484P,台灣50中信96售01,0,0,0,0,0,0,0,0,0,-11000,0,0,0,0,11000,-11000,-11000
1732,毛寶            ,14000,25000,-11000,0,0,0,0,0,0,0,0,0,0,0,0,0,-11000
2030,彰源            ,44000,55000,-11000,0,0,0,0,0,0,0,0,0,0,0,0,0,-11000
1256,鮮活果汁-KY     ,12000,23000,-11000,0,0,0,0,0,0,0,0,0,0,0,0,0,-11000
1537,廣隆            ,5000,16000,-11000,0,0,0,0,0,0,0,0,0,0,0,0,0,-11000
1611,中電            ,43000,54100,-11100,0,0,0,0,0,0,0,0,0,0,0,0,0,-11100
056411,緯穎國票99購01  ,0,0,0,0,0,0,0,0,0,-12000,0,0,0,12000,24000,-12000,-12000
056476,智原元大98購02  ,0,0,0,0,0,0,0,0,0,-12000,0,0,0,42000,54000,-12000,-12000
05709P,大立光國票97售01,0,0,0,0,0,0,0,0,0,-12000,0,0,0,2000,14000,-12000,-12000
05687P,臺股指元大96售12,0,0,0,0,0,0,0,0,0,-12000,0,0,0,1000,13000,-12000,-12000
056917,國巨兆豐98購03  ,0,0,0,0,0,0,0,0,0,-12000,0,0,0,39000,51000,-12000,-12000
056989,鴻海兆豐98購02  ,0,0,0,0,0,0,0,0,0,-12000,0,0,0,72000,84000,-12000,-12000
057293,力成國泰99購01  ,0,0,0,0,0,0,0,0,0,-12000,0,0,0,0,12000,-12000,-12000
057296,智原永豐98購01  ,0,0,0,0,0,0,0,0,0,-12000,0,0,0,45000,57000,-12000,-12000
057207,立積元富98購02  ,0,0,0,0,0,0,0,0,0,-12000,0,0,0,0,12000,-12000,-12000
05550P,臺股指元大96售07,0,0,0,0,0,0,0,0,0,-12000,0,0,0,0,12000,-12000,-12000
055562,欣興凱基97購06  ,0,0,0,0,0,0,0,0,0,-12000,0,0,0,1000,13000,-12000,-12000
05558P,鴻海麥證96售01  ,0,0,0,0,12000,-12000,0,0,0,-12000,0,0,0,0,12000,-12000,-12000
055615,宏達電國票99購02,0,0,0,0,0,0,0,0,0,-12000,0,0,0,44000,56000,-12000,-12000
048350,世紀鋼元大95購01,0,0,0,0,0,0,0,0,0,-12000,0,0,0,1000,13000,-12000,-12000
044289,群創凱基93購04  ,0,0,0,0,0,0,0,0,0,-12000,0,0,0,40000,52000,-12000,-12000
044604,嘉聯益國泰93購01,0,0,0,0,0,0,0,0,0,-12000,0,0,0,6000,18000,-12000,-12000
043513,台灣50元大96購05,0,0,0,0,0,0,0,0,0,-12000,0,0,0,5000,17000,-12000,-12000
03644C,臺股指元大94牛28,0,0,0,0,0,0,0,0,0,-12000,0,0,0,15000,27000,-12000,-12000
047930,嘉澤凱基93購03  ,0,0,0,0,0,0,0,0,0,-12000,0,0,0,0,12000,-12000,-12000
046346,旺宏兆豐92購02  ,0,0,0,0,0,0,0,0,0,-12000,0,0,0,0,12000,-12000,-12000
048129,力成元大93購02  ,0,0,0,0,0,0,0,0,0,-12000,0,0,0,0,12000,-12000,-12000
048732,台勝科麥證95購01,0,0,0,55000,67000,-12000,0,0,0,-12000,0,0,0,55000,67000,-12000,-12000
046692,鴻海凱基93購15  ,0,0,0,0,0,0,0,0,0,-12000,0,0,0,0,12000,-12000,-12000
051103,緯穎元大96購03  ,0,0,0,0,0,0,0,0,0,-12000,0,0,0,0,12000,-12000,-12000
048753,智伸科元富94購01,0,0,0,0,0,0,0,0,0,-12000,0,0,0,0,12000,-12000,-12000
048773,貿聯凱基94購01  ,0,0,0,0,0,0,0,0,0,-12000,0,0,0,85000,97000,-12000,-12000
049600,緯穎元大95購02  ,0,0,0,0,0,0,0,0,0,-12000,0,0,0,15000,27000,-12000,-12000
051980,樺漢凱基96購01  ,0,0,0,0,0,0,0,0,0,-12000,0,0,0,10000,22000,-12000,-12000
051844,宏達電富邦96購01,0,0,0,0,0,0,0,0,0,-12000,0,0,0,113000,125000,-12000,-12000
050186,京鼎元大94購01  ,0,0,0,0,0,0,0,0,0,-12000,0,0,0,0,12000,-12000,-12000
050922,南亞科凱基95購02,0,0,0,0,0,0,0,0,0,-12000,0,0,0,10000,22000,-12000,-12000
050923,南亞科凱基95購03,0,0,0,0,0,0,0,0,0,-12000,0,0,0,10000,22000,-12000,-12000
04950P,上証2X中信96售02,0,0,0,0,0,0,0,0,0,-12000,0,0,0,150000,162000,-12000,-12000
05025P,聯發科群益95售02,0,0,0,0,0,0,0,0,0,-12000,0,0,0,3000,15000,-12000,-12000
052806,玉晶光元大98購04,0,0,0,0,0,0,0,0,0,-12000,0,0,0,29000,41000,-12000,-12000
05352P,臺股指元富95售06,0,0,0,0,0,0,0,0,0,-12000,0,0,0,0,12000,-12000,-12000
053587,京元電元大98購01,0,0,0,0,0,0,0,0,0,-12000,0,0,0,80000,92000,-12000,-12000
054280,牧德群益98購01  ,0,0,0,0,0,0,0,0,0,-12000,0,0,0,119000,131000,-12000,-12000
054266,緯穎元大96購07  ,0,0,0,0,0,0,0,0,0,-12000,0,0,0,108000,120000,-12000,-12000
054322,國巨台新96購02  ,0,0,0,0,0,0,0,0,0,-12000,0,0,0,0,12000,-12000,-12000
053892,景碩群益96購02  ,0,0,0,0,0,0,0,0,0,-12000,0,0,0,6000,18000,-12000,-12000
053774,台達電元大96購04,0,0,0,0,0,0,0,0,0,-12000,0,0,0,1000,13000,-12000,-12000
053852,南亞科國泰98購01,0,0,0,0,0,0,0,0,0,-12000,0,0,0,120000,132000,-12000,-12000
054802,高股息元大97購01,0,0,0,0,0,0,0,0,0,-12000,0,0,0,10000,22000,-12000,-12000
054845,智邦兆豐98購01  ,0,0,0,0,0,0,0,0,0,-12000,0,0,0,43000,55000,-12000,-12000
05772P,景碩凱基96售02  ,0,0,0,0,0,0,0,0,0,-12000,0,0,0,28000,40000,-12000,-12000
057637,上銀元大98購07  ,0,0,0,0,0,0,0,0,0,-12000,0,0,0,52000,64000,-12000,-12000
057576,南亞科第一9C購01,0,0,0,0,0,0,0,0,0,-12000,0,0,0,0,12000,-12000,-12000
05899P,臺股指凱基96售30,0,0,0,0,0,0,0,0,0,-12000,0,0,0,0,12000,-12000,-12000
8070,長華*           ,2000,21000,-19000,0,0,0,0,0,0,7000,7000,0,7000,0,0,0,-12000
055466,台達電凱基97購03,0,0,0,0,0,0,0,0,0,-13000,0,0,0,35000,48000,-13000,-13000
05519P,上証2X凱基98售01,0,0,0,0,0,0,0,0,0,-13000,0,0,0,0,13000,-13000,-13000
055660,台光電兆豐97購01,0,0,0,0,0,0,0,0,0,-13000,0,0,0,150000,163000,-13000,-13000
055885,大成鋼統一97購02,0,0,0,0,0,0,0,0,0,-13000,0,0,0,57000,70000,-13000,-13000
056020,義隆群益97購01  ,0,0,0,0,0,0,0,0,0,-13000,0,0,0,0,13000,-13000,-13000
057221,華通國票98購03  ,0,0,0,0,0,0,0,0,0,-13000,0,0,0,1000,14000,-13000,-13000
057437,可成國票99購01  ,0,0,0,0,0,0,0,0,0,-13000,0,0,0,7000,20000,-13000,-13000
056545,TPK凱基98購02   ,0,0,0,0,0,0,0,0,0,-13000,0,0,0,38000,51000,-13000,-13000
056387,智伸科國泰99購01,0,0,0,0,0,0,0,0,0,-13000,0,0,0,0,13000,-13000,-13000
056355,台積電元大98購08,0,0,0,0,0,0,0,0,0,-13000,0,0,0,239000,252000,-13000,-13000
04669P,臺股指國票94售08,0,0,0,0,0,0,0,0,0,-13000,0,0,0,0,13000,-13000,-13000
050176,正崴元大94購03  ,0,0,0,0,0,0,0,0,0,-13000,0,0,0,24000,37000,-13000,-13000
049266,和碩元大94購01  ,0,0,0,0,0,0,0,0,0,-13000,0,0,0,46000,59000,-13000,-13000
045522,滬深2X永豐94購01,0,0,0,0,0,0,0,0,0,-13000,0,0,0,97000,110000,-13000,-13000
044784,華邦電中信96購01,0,0,0,0,0,0,0,0,0,-13000,0,0,0,0,13000,-13000,-13000
044741,玉山金富邦93購01,0,0,0,0,0,0,0,0,0,-13000,0,0,0,0,13000,-13000,-13000
045086,玉晶光元大94購02,0,0,0,0,0,0,0,0,0,-13000,0,0,0,20000,33000,-13000,-13000
048909,聯詠富邦94購01  ,0,0,0,0,0,0,0,0,0,-13000,0,0,0,0,13000,-13000,-13000
049056,玉晶光永豐95購03,0,0,0,0,0,0,0,0,0,-13000,0,0,0,10000,23000,-13000,-13000
050201,光磊群益94購01  ,0,0,0,0,0,0,0,0,0,-13000,0,0,0,35000,48000,-13000,-13000
051918,聯茂元大95購01  ,0,0,0,0,0,0,0,0,0,-13000,0,0,0,5000,18000,-13000,-13000
051894,嘉聯益元富95購03,0,0,0,0,0,0,0,0,0,-13000,0,0,0,2000,15000,-13000,-13000
048755,志超元富96購01  ,0,0,0,0,0,0,0,0,0,-13000,0,0,0,0,13000,-13000,-13000
054971,帆宣元大97購02  ,0,0,0,0,0,0,0,0,0,-13000,0,0,0,30000,43000,-13000,-13000
054568,訊芯群益97購01  ,0,0,0,0,0,0,0,0,0,-13000,0,0,0,10000,23000,-13000,-13000
054414,全新元大97購02  ,0,0,0,0,0,0,0,0,0,-13000,0,0,0,0,13000,-13000,-13000
054170,泰鼎凱基98購01  ,0,0,0,0,0,0,0,0,0,-13000,0,0,0,55000,68000,-13000,-13000
053521,緯穎群益96購02  ,0,0,0,0,0,0,0,0,0,-13000,0,0,0,43000,56000,-13000,-13000
053031,華新科第一96購01,0,0,0,0,0,0,0,0,0,-13000,0,0,0,0,13000,-13000,-13000
052919,鈺齊富邦98購01  ,0,0,0,0,0,0,0,0,0,-13000,0,0,0,0,13000,-13000,-13000
052457,日月光元富95購01,0,0,0,0,0,0,0,0,0,-13000,0,0,0,10000,23000,-13000,-13000
052393,康友群益95購05  ,0,0,0,0,0,0,0,0,0,-13000,0,0,0,78000,91000,-13000,-13000
052581,訊芯元富98購01  ,0,0,0,0,0,0,0,0,0,-13000,0,0,0,34000,47000,-13000,-13000
4133,亞諾法          ,4000,17000,-13000,0,0,0,0,0,0,0,0,0,0,0,0,0,-13000
5283,禾聯碩          ,2000,16000,-14000,0,0,0,0,0,0,1000,1000,0,1000,0,0,0,-13000
2476,鉅祥            ,1000,15000,-14000,0,0,0,0,0,0,1000,1000,0,1000,0,0,0,-13000
05875P,旺宏群益98售01  ,0,0,0,0,0,0,0,0,0,-13000,0,0,0,25000,38000,-13000,-13000
05797P,臺股指群益96售11,0,0,0,0,0,0,0,0,0,-13000,0,0,0,10000,23000,-13000,-13000
05768P,台積電凱基96售15,0,0,0,0,0,0,0,0,0,-13000,0,0,0,10000,23000,-13000,-13000
05750P,臺股指群益99售04,0,0,0,0,0,0,0,0,0,-13000,0,0,0,0,13000,-13000,-13000
06305P,臺股指元大97售11,0,0,0,0,0,0,0,0,0,-13000,0,0,0,45000,58000,-13000,-13000
06181P,國巨中信97售02  ,0,0,0,0,0,0,0,0,0,-13000,0,0,0,730000,743000,-13000,-13000
06071P,大立光永豐97售01,0,0,0,0,0,0,0,0,0,-13000,0,0,0,50000,63000,-13000,-13000
1321,大洋            ,23000,36000,-13000,0,0,0,0,0,0,0,0,0,0,0,0,0,-13000
2106,建大            ,50000,63000,-13000,0,0,0,0,0,0,0,0,0,0,0,0,0,-13000
2107,厚生            ,67000,80000,-13000,0,0,0,0,0,0,0,0,0,0,0,0,0,-13000
06386P,欣興永豐97售03  ,0,0,0,0,0,0,0,0,0,-13000,0,0,0,8000,21000,-13000,-13000
056332,台郡國票99購01  ,0,0,0,0,0,0,0,0,0,-14000,0,0,0,0,14000,-14000,-14000
056295,國巨元大97購16  ,0,0,0,0,0,0,0,0,0,-14000,0,0,0,132000,146000,-14000,-14000
056395,玉晶光永豐9B購01,0,0,0,0,0,0,0,0,0,-14000,0,0,0,1000,15000,-14000,-14000
056588,聯發科統一9A購02,0,0,0,0,0,0,0,0,0,-14000,0,0,0,165000,179000,-14000,-14000
057373,大立光元大98購17,0,0,0,0,0,0,0,0,0,-14000,0,0,0,5000,19000,-14000,-14000
057225,華新凱基98購01  ,0,0,0,0,0,0,0,0,0,-14000,0,0,0,200000,214000,-14000,-14000
057217,奇力新群益99購01,0,0,0,0,0,0,0,0,0,-14000,0,0,0,52000,66000,-14000,-14000
057158,義隆永豐99購01  ,0,0,0,0,0,0,0,0,0,-14000,0,0,0,0,14000,-14000,-14000
056111,力成永豐97購01  ,0,0,0,0,0,0,0,0,0,-14000,0,0,0,198000,212000,-14000,-14000
056098,矽創元富97購02  ,0,0,0,0,0,0,0,0,0,-14000,0,0,0,30000,44000,-14000,-14000
056143,訊芯元大97購04  ,0,0,0,0,0,0,0,0,0,-14000,0,0,0,0,14000,-14000,-14000
047355,世紀鋼凱基94購01,0,0,0,0,0,0,0,0,0,-14000,0,0,0,0,14000,-14000,-14000
03430B,臺股指元大9B熊01,0,0,0,0,0,0,0,0,0,-14000,0,0,0,0,14000,-14000,-14000
047556,群創凱基95購01  ,0,0,0,0,0,0,0,0,0,-14000,0,0,0,13000,27000,-14000,-14000
050021,鴻海元大94購10  ,0,0,0,0,0,0,0,0,0,-14000,0,0,0,13000,27000,-14000,-14000
050062,聯發科凱基94購08,0,0,0,0,0,0,0,0,0,-14000,0,0,0,56000,70000,-14000,-14000
050774,健策元大96購02  ,0,0,0,0,0,0,0,0,0,-14000,0,0,0,0,14000,-14000,-14000
051927,國巨中信96購01  ,0,0,0,0,0,0,0,0,0,-14000,0,0,0,0,14000,-14000,-14000
050650,大立光凱基96購01,0,0,0,0,0,0,0,0,0,-14000,0,0,0,65000,79000,-14000,-14000
05226P,智邦統一95售01  ,0,0,0,0,0,0,0,0,0,-14000,0,0,0,10000,24000,-14000,-14000
051442,正崴元大95購02  ,0,0,0,0,0,0,0,0,0,-14000,0,0,0,0,14000,-14000,-14000
051423,GIS國票97購01   ,0,0,0,0,0,0,0,0,0,-14000,0,0,0,40000,54000,-14000,-14000
052676,聯發科永昌98購01,0,0,0,0,0,0,0,0,0,-14000,0,0,0,226000,240000,-14000,-14000
05267P,欣興元大95售08  ,0,0,0,0,0,0,0,0,0,-14000,0,0,0,24000,38000,-14000,-14000
052484,矽創群益95購02  ,0,0,0,0,0,0,0,0,0,-14000,0,0,0,4000,18000,-14000,-14000
053082,聯電元大98購03  ,0,0,0,0,0,0,0,0,0,-14000,0,0,0,0,14000,-14000,-14000
053477,大立光元大97購03,0,0,0,0,0,0,0,0,0,-14000,0,0,0,30000,44000,-14000,-14000
05371P,臺股指中信95售10,0,0,0,0,0,0,0,0,0,-14000,0,0,0,31000,45000,-14000,-14000
054102,百和國票97購04  ,0,0,0,0,0,0,0,0,0,-14000,0,0,0,6000,20000,-14000,-14000
054311,世芯凱基96購02  ,0,0,0,0,0,0,0,0,0,-14000,0,0,0,10000,24000,-14000,-14000
05428P,滬深2X統一95售01,0,0,0,0,0,0,0,0,0,-14000,0,0,0,5000,19000,-14000,-14000
05393P,鴻海統一95售14  ,0,0,0,0,0,0,0,0,0,-14000,0,0,0,57000,71000,-14000,-14000
054088,華新群益98購02  ,0,0,0,0,0,0,0,0,0,-14000,0,0,0,10000,24000,-14000,-14000
054641,祥碩中信98購01  ,0,0,0,0,0,0,0,0,0,-14000,0,0,0,2000,16000,-14000,-14000
054968,佐登元大97購01  ,0,0,0,0,0,0,0,0,0,-14000,0,0,0,19000,33000,-14000,-14000
06671P,台積電群益98售04,0,0,0,0,0,0,0,0,0,-14000,0,0,0,191000,205000,-14000,-14000
06046P,健策統一96售03  ,0,0,0,0,0,0,0,0,0,-14000,0,0,0,144000,158000,-14000,-14000
057507,貿聯國票98購02  ,0,0,0,0,0,0,0,0,0,-14000,0,0,0,6000,20000,-14000,-14000
057533,晶相光元大98購02,0,0,0,0,0,0,0,0,0,-14000,0,0,0,45000,59000,-14000,-14000
05863P,滬深2X元大96售09,0,0,0,0,0,0,0,0,0,-14000,0,0,0,0,14000,-14000,-14000
2428,興勤            ,20000,36000,-16000,0,0,0,0,0,0,2000,1000,0,1000,4000,3000,1000,-14000
056171,鴻海元富97購10  ,0,0,0,0,0,0,0,0,0,-15000,0,0,0,10000,25000,-15000,-15000
055894,欣興統一97購03  ,0,0,0,0,0,0,0,0,0,-15000,0,0,0,0,15000,-15000,-15000
05568P,台積電統一96售03,0,0,0,0,0,0,0,0,0,-15000,0,0,0,0,15000,-15000,-15000
055205,京鼎中信99購01  ,0,0,0,0,0,0,0,0,0,-15000,0,0,0,20000,35000,-15000,-15000
05559P,臺股指麥證96售01,0,0,0,0,15000,-15000,0,0,0,-15000,0,0,0,0,15000,-15000,-15000
055567,訊芯凱基98購02  ,0,0,0,0,0,0,0,0,0,-15000,0,0,0,0,15000,-15000,-15000
056981,全新群益99購03  ,0,0,0,0,0,0,0,0,0,-15000,0,0,0,92000,107000,-15000,-15000
057245,福懋科台新98購01,0,0,0,0,0,0,0,0,0,-15000,0,0,0,0,15000,-15000,-15000
057280,大立光元大98購15,0,0,0,0,0,0,0,0,0,-15000,0,0,0,5000,20000,-15000,-15000
056587,聯發科統一9A購01,0,0,0,0,0,0,0,0,0,-15000,0,0,0,1000,16000,-15000,-15000
056710,漢唐永豐98購01  ,0,0,0,0,0,0,0,0,0,-15000,0,0,0,53000,68000,-15000,-15000
056844,欣興元富98購03  ,0,0,0,0,0,0,0,0,0,-15000,0,0,0,4000,19000,-15000,-15000
048668,奇力新永豐93購04,0,0,0,0,0,0,0,0,0,-15000,0,0,0,16000,31000,-15000,-15000
046813,聯電凱基96購01  ,0,0,0,0,0,0,0,0,0,-15000,0,0,0,0,15000,-15000,-15000
046770,聯發科國泰94購01,0,0,0,0,0,0,0,0,0,-15000,0,0,0,0,15000,-15000,-15000
046980,智邦兆豐94購01  ,0,0,0,0,0,0,0,0,0,-15000,0,0,0,0,15000,-15000,-15000
046390,旺宏統一94購02  ,0,0,0,0,0,0,0,0,0,-15000,0,0,0,0,15000,-15000,-15000
051185,強茂永豐95購03  ,0,0,0,0,0,0,0,0,0,-15000,0,0,0,0,15000,-15000,-15000
04709P,台積電元大94售15,0,0,0,0,0,0,0,0,0,-15000,0,0,0,15000,30000,-15000,-15000
03298P,台積電統一03售15,0,0,0,0,0,0,0,0,0,-15000,0,0,0,0,15000,-15000,-15000
03103P,聯發科元富01售02,0,0,0,0,0,0,0,0,0,-15000,0,0,0,0,15000,-15000,-15000
042801,達邁元大93購01  ,0,0,0,0,0,0,0,0,0,-15000,0,0,0,0,15000,-15000,-15000
04263P,南電群益93售03  ,0,0,0,0,0,0,0,0,0,-15000,0,0,0,25000,40000,-15000,-15000
045504,群創凱基94購01  ,0,0,0,0,0,0,0,0,0,-15000,0,0,0,10000,25000,-15000,-15000
04322P,可成元大94售01  ,0,0,0,0,0,0,0,0,0,-15000,0,0,0,15000,30000,-15000,-15000
045752,全新國泰93購01  ,0,0,0,0,0,0,0,0,0,-15000,0,0,0,0,15000,-15000,-15000
044526,訊芯凱基93購02  ,0,0,0,0,0,0,0,0,0,-15000,0,0,0,0,15000,-15000,-15000
043784,鴻海凱基94購01  ,0,0,0,0,0,0,0,0,0,-15000,0,0,0,20000,35000,-15000,-15000
04615P,華新科群益94售03,0,0,0,0,0,0,0,0,0,-15000,0,0,0,0,15000,-15000,-15000
050982,台積電國泰96購04,0,0,0,0,0,0,0,0,0,-15000,0,0,0,47000,62000,-15000,-15000
050891,喬山元大95購01  ,0,110000,-110000,0,0,0,0,0,0,95000,0,0,0,232000,137000,95000,-15000
050885,T50反1富邦95購01,0,0,0,0,0,0,0,0,0,-15000,0,0,0,0,15000,-15000,-15000
051307,康舒凱基95購01  ,0,0,0,0,0,0,0,0,0,-15000,0,0,0,347000,362000,-15000,-15000
051582,聯發科元大97購02,0,0,0,0,0,0,0,0,0,-15000,0,0,0,109000,124000,-15000,-15000
050211,貿聯國票95購01  ,0,0,0,0,0,0,0,0,0,-15000,0,0,0,16000,31000,-15000,-15000
051751,聯茂富邦95購01  ,0,0,0,0,0,0,0,0,0,-15000,0,0,0,0,15000,-15000,-15000
049539,元油2X群益9A購01,0,0,0,0,0,0,0,0,0,-15000,0,0,0,226000,241000,-15000,-15000
050368,國巨元大94購14  ,0,0,0,0,0,0,0,0,0,-15000,0,0,0,22000,37000,-15000,-15000
049725,台郡國票94購03  ,0,0,0,0,0,0,0,0,0,-15000,0,0,0,0,15000,-15000,-15000
048892,台郡元富97購01  ,0,0,0,0,0,0,0,0,0,-15000,0,0,0,5000,20000,-15000,-15000
04940P,台積電國票95售02,0,0,0,0,0,0,0,0,0,-15000,0,0,0,0,15000,-15000,-15000
049395,元油2X群益94購03,0,0,0,0,0,0,0,0,0,-15000,0,0,0,0,15000,-15000,-15000
049946,智邦兆豐95購01  ,0,0,0,0,0,0,0,0,0,-15000,0,0,0,35000,50000,-15000,-15000
054779,台塑群益98購01  ,0,0,0,0,0,0,0,0,0,-15000,0,0,0,10000,25000,-15000,-15000
054070,創意國泰96購02  ,0,0,0,0,0,0,0,0,0,-15000,0,0,0,10000,25000,-15000,-15000
054286,台積電元大96購22,0,0,0,0,0,0,0,0,0,-15000,0,0,0,296000,311000,-15000,-15000
054176,亞光台新96購01  ,0,0,0,0,0,0,0,0,0,-15000,0,0,0,5000,20000,-15000,-15000
053510,聯電群益97購01  ,0,0,0,0,0,0,0,0,0,-15000,0,0,0,11000,26000,-15000,-15000
053567,群創富邦97購01  ,0,0,0,0,0,0,0,0,0,-15000,0,0,0,0,15000,-15000,-15000
053138,華邦電富邦96購01,0,0,0,0,0,0,0,0,0,-15000,0,0,0,348000,363000,-15000,-15000
053040,全新凱基98購01  ,0,0,0,0,0,0,0,0,0,-15000,0,0,0,0,15000,-15000,-15000
052870,玉晶光凱基96購03,0,0,0,0,0,0,0,0,0,-15000,0,0,0,35000,50000,-15000,-15000
052533,聯發科國泰96購03,0,0,0,0,0,0,0,0,0,-15000,0,0,0,5000,20000,-15000,-15000
052633,國巨凱基96購05  ,0,0,0,0,0,0,0,0,0,-15000,0,0,0,90000,105000,-15000,-15000
2851,中再保          ,27000,42000,-15000,0,0,0,0,0,0,0,0,0,0,0,0,0,-15000
6152,百一            ,25000,40000,-15000,0,0,0,0,0,0,0,0,0,0,0,0,0,-15000
6115,鎰勝            ,10000,26000,-16000,0,0,0,0,0,0,1000,1000,0,1000,0,0,0,-15000
05800P,台積電兆豐96售04,0,0,0,0,0,0,0,0,0,-15000,0,0,0,44000,59000,-15000,-15000
057500,神達群益98購01  ,0,0,0,0,0,0,0,0,0,-15000,0,0,0,108000,123000,-15000,-15000
05757P,旺宏永豐96售03  ,0,0,0,0,0,0,0,0,0,-15000,0,0,0,95000,110000,-15000,-15000
06204P,鴻海群益97售04  ,0,0,0,0,0,0,0,0,0,-15000,0,0,0,26000,41000,-15000,-15000
06205P,台積電群益97售03,0,0,0,0,0,0,0,0,0,-15000,0,0,0,0,15000,-15000,-15000
06332P,世紀鋼群益98售01,0,0,0,0,0,0,0,0,0,-15000,0,0,0,20000,35000,-15000,-15000
06436P,台光電國票98售04,0,0,0,0,0,0,0,0,0,-15000,0,0,0,9000,24000,-15000,-15000
06542P,台光電國票98售05,0,0,0,0,0,0,0,0,0,-15000,0,0,0,10000,25000,-15000,-15000
06471P,臺股指凱基99售11,0,0,0,0,0,0,0,0,0,-15000,0,0,0,0,15000,-15000,-15000
1439,中和            ,15000,30000,-15000,0,0,0,0,0,0,0,0,0,0,0,0,0,-15000
056699,光罩國泰99購01  ,0,0,0,0,0,0,0,0,0,-16000,0,0,0,0,16000,-16000,-16000
056626,同欣電永豐98購01,0,0,0,0,0,0,0,0,0,-16000,0,0,0,0,16000,-16000,-16000
056358,友訊元大99購01  ,0,0,0,0,0,0,0,0,0,-16000,0,0,0,84000,100000,-16000,-16000
05651P,大立光元大97售02,0,0,0,0,0,0,0,0,0,-16000,0,0,0,26000,42000,-16000,-16000
057202,TPK元富98購02   ,0,0,0,0,0,0,0,0,0,-16000,0,0,0,10000,26000,-16000,-16000
057463,華邦電永豐98購01,0,0,0,0,0,0,0,0,0,-16000,0,0,0,0,16000,-16000,-16000
055440,矽力國票98購01  ,0,0,0,0,0,0,0,0,0,-16000,0,0,0,15000,31000,-16000,-16000
055323,貿聯國票98購01  ,0,0,0,0,0,0,0,0,0,-16000,0,0,0,22000,38000,-16000,-16000
048446,南亞科凱基93購07,0,0,0,0,0,0,0,0,0,-16000,0,0,0,20000,36000,-16000,-16000
043156,大立光統一94購01,0,0,0,0,0,0,0,0,0,-16000,0,0,0,76000,92000,-16000,-16000
04148P,GIS凱基93售05   ,0,0,0,0,0,0,0,0,0,-16000,0,0,0,0,16000,-16000,-16000
048072,GIS元富93購05   ,0,0,0,0,0,0,0,0,0,-16000,0,0,0,0,16000,-16000,-16000
04699P,臺股指元富94售05,0,0,0,0,0,0,0,0,0,-16000,0,0,0,0,16000,-16000,-16000
048697,華新科國票94購06,0,0,0,0,0,0,0,0,0,-16000,0,0,0,53000,69000,-16000,-16000
048158,大立光兆豐95購01,0,0,0,0,0,0,0,0,0,-16000,0,0,0,0,16000,-16000,-16000
048493,微星元大93購04  ,0,0,0,0,0,0,0,0,0,-16000,0,0,0,0,16000,-16000,-16000
049950,南亞科群益94購02,0,0,0,0,0,0,0,0,0,-16000,0,0,0,113000,129000,-16000,-16000
050072,京鼎凱基94購02  ,0,0,0,0,0,0,0,0,0,-16000,0,0,0,20000,36000,-16000,-16000
051359,中信金元大95購01,0,0,0,0,0,0,0,0,0,-16000,0,0,0,561000,577000,-16000,-16000
052105,南亞科兆豐95購01,0,0,0,0,0,0,0,0,0,-16000,0,0,0,10000,26000,-16000,-16000
048867,台積電兆豐95購01,0,0,0,0,0,0,0,0,0,-16000,0,0,0,34000,50000,-16000,-16000
049740,禾伸堂群益94購01,0,0,0,0,0,0,0,0,0,-16000,0,0,0,226000,242000,-16000,-16000
05172P,臺股指元大95售16,0,0,0,0,0,0,0,0,0,-16000,0,0,0,0,16000,-16000,-16000
051789,嘉澤國票96購01  ,0,0,0,0,0,0,0,0,0,-16000,0,0,0,0,16000,-16000,-16000
052530,台郡元大96購04  ,0,0,0,0,0,0,0,0,0,-16000,0,0,0,90000,106000,-16000,-16000
052894,國巨群益96購03  ,0,0,0,0,0,0,0,0,0,-16000,0,0,0,47000,63000,-16000,-16000
052783,台郡國票97購01  ,0,0,0,0,0,0,0,0,0,-16000,0,0,0,1000,17000,-16000,-16000
053077,同欣電永豐96購01,0,0,0,0,0,0,0,0,0,-16000,0,0,0,0,16000,-16000,-16000
053498,大立光兆豐96購03,0,0,0,0,0,0,0,0,0,-16000,0,0,0,0,16000,-16000,-16000
054789,高鐵群益98購01  ,0,0,0,0,0,0,0,0,0,-16000,0,0,0,0,16000,-16000,-16000
055018,緯穎元富97購02  ,0,0,0,0,0,0,0,0,0,-16000,0,0,0,675000,691000,-16000,-16000
054708,華通統一97購02  ,0,0,0,0,0,0,0,0,0,-16000,0,0,0,4000,20000,-16000,-16000
054441,力成台新96購01  ,0,0,0,0,0,0,0,0,0,-16000,0,0,0,26000,42000,-16000,-16000
054580,樺漢元大98購01  ,0,0,0,0,0,0,0,0,0,-16000,0,0,0,207000,223000,-16000,-16000
1339,昭輝            ,33000,49000,-16000,0,0,0,0,0,0,0,0,0,0,0,0,0,-16000
1708,東鹼            ,9000,25000,-16000,0,0,0,0,0,0,0,0,0,0,0,0,0,-16000
2024,志聯            ,1000,17000,-16000,0,0,0,0,0,0,0,0,0,0,0,0,0,-16000
06476P,臺股指永豐98售01,0,0,0,0,0,0,0,0,0,-16000,0,0,0,20000,36000,-16000,-16000
06434P,超眾群益98售02  ,0,0,0,0,0,0,0,0,0,-16000,0,0,0,0,16000,-16000,-16000
06408P,聯茂元富97售02  ,0,0,0,0,0,0,0,0,0,-16000,0,0,0,0,16000,-16000,-16000
06696P,台灣50國票99售01,0,0,0,0,0,0,0,0,0,-16000,0,0,0,2000,18000,-16000,-16000
06077P,GIS凱基97售02   ,0,0,0,0,0,0,0,0,0,-16000,0,0,0,6000,22000,-16000,-16000
05795P,華邦電群益96售05,0,0,0,0,0,0,0,0,0,-16000,0,0,0,10000,26000,-16000,-16000
2905,三商            ,101000,96000,5000,0,0,0,0,0,0,-21000,0,21000,-21000,0,0,0,-16000
055187,彩晶統一98購01  ,0,0,0,0,0,0,0,0,0,-17000,0,0,0,91000,108000,-17000,-17000
055572,鴻海統一98購04  ,0,0,0,0,0,0,0,0,0,-17000,0,0,0,101000,118000,-17000,-17000
057368,微星元大98購02  ,0,0,0,0,0,0,0,0,0,-17000,0,0,0,0,17000,-17000,-17000
056905,欣興元大98購03  ,0,0,0,0,0,0,0,0,0,-17000,0,0,0,70000,87000,-17000,-17000
056508,揚明光永豐98購01,0,0,0,0,0,0,0,0,0,-17000,0,0,0,35000,52000,-17000,-17000
056363,華新科元大99購04,0,0,0,0,0,0,0,0,0,-17000,0,0,0,102000,119000,-17000,-17000
056615,燿華永豐98購02  ,0,0,0,0,0,0,0,0,0,-17000,0,0,0,20000,37000,-17000,-17000
056642,旺宏凱基98購07  ,0,0,0,0,0,0,0,0,0,-17000,0,0,0,10000,27000,-17000,-17000
048527,鴻海國票94購02  ,0,0,0,0,0,0,0,0,0,-17000,0,0,0,107000,124000,-17000,-17000
048263,台積電元富95購01,0,0,0,0,0,0,0,0,0,-17000,0,0,0,18000,35000,-17000,-17000
047540,技嘉麥證93購01  ,0,0,0,0,17000,-17000,0,0,0,-17000,0,0,0,0,17000,-17000,-17000
046658,微星元大93購01  ,0,0,0,0,0,0,0,0,0,-17000,0,0,0,0,17000,-17000,-17000
047077,日月光兆豐93購01,0,0,0,0,0,0,0,0,0,-17000,0,0,0,10000,27000,-17000,-17000
00706L,元大S&P日圓正2  ,0,0,0,0,0,0,0,0,0,-17000,0,0,0,0,17000,-17000,-17000
04575P,新日興統一94售02,0,0,0,0,0,0,0,0,0,-17000,0,0,0,0,17000,-17000,-17000
045500,聯發科凱基93購04,0,0,0,0,0,0,0,0,0,-17000,0,0,0,2000,19000,-17000,-17000
048295,泰鼎群益93購01  ,0,0,0,0,0,0,0,0,0,-17000,0,0,0,3000,20000,-17000,-17000
04366P,全新元富95售01  ,0,0,0,0,0,0,0,0,0,-17000,0,0,0,0,17000,-17000,-17000
05168P,鴻海元大95售14  ,0,0,0,0,0,0,0,0,0,-17000,0,0,0,26000,43000,-17000,-17000
051638,聯茂國票96購01  ,0,0,0,0,0,0,0,0,0,-17000,0,0,0,0,17000,-17000,-17000
05157P,全新台新96售01  ,0,0,0,0,0,0,0,0,0,-17000,0,0,0,3000,20000,-17000,-17000
050936,國巨國票95購04  ,0,0,0,0,0,0,0,0,0,-17000,0,0,0,37000,54000,-17000,-17000
049386,嘉聯益元大95購01,0,0,0,0,0,0,0,0,0,-17000,0,0,0,28000,45000,-17000,-17000
052010,兆豐金中信95購01,0,0,0,0,0,0,0,0,0,-17000,0,0,0,55000,72000,-17000,-17000
048804,和碩富邦94購01  ,0,0,0,0,0,0,0,0,0,-17000,0,0,0,0,17000,-17000,-17000
051232,貿聯群益95購02  ,0,0,0,0,0,0,0,0,0,-17000,0,0,0,19000,36000,-17000,-17000
054638,國泰金中信99購01,0,0,0,0,0,0,0,0,0,-17000,0,0,0,0,17000,-17000,-17000
054188,欣興永豐96購03  ,0,0,0,0,0,0,0,0,0,-17000,0,0,0,62000,79000,-17000,-17000
053226,國巨台新97購02  ,0,0,0,0,0,0,0,0,0,-17000,0,0,0,0,17000,-17000,-17000
052385,滬深2X群益99購05,0,0,0,0,0,0,0,0,0,-17000,0,0,0,34000,51000,-17000,-17000
3130,一零四          ,0,17000,-17000,0,0,0,0,0,0,0,0,0,0,0,0,0,-17000
6214,精誠            ,80000,100000,-20000,0,0,0,0,0,0,3000,5000,2000,3000,0,0,0,-17000
05960P,欣興統一96售01  ,0,0,0,0,0,0,0,0,0,-17000,0,0,0,0,17000,-17000,-17000
05928P,華邦電康和96售01,0,0,0,0,0,0,0,0,0,-17000,0,0,0,28000,45000,-17000,-17000
06333P,臺股指群益9C售02,0,0,0,0,0,0,0,0,0,-17000,0,0,0,0,17000,-17000,-17000
06301P,臺股指元大97售04,0,0,0,0,0,0,0,0,0,-17000,0,0,0,9000,26000,-17000,-17000
06674P,祥碩群益98售02  ,0,0,0,0,0,0,0,0,0,-17000,0,0,0,21000,38000,-17000,-17000
2227,裕日車          ,16000,33000,-17000,0,0,0,0,0,0,0,0,0,0,0,0,0,-17000
056766,義隆元大98購01  ,0,0,0,0,0,0,0,0,0,-18000,0,0,0,17000,35000,-18000,-18000
056334,台積電凱基98購06,0,0,0,0,0,0,0,0,0,-18000,0,0,0,2000,20000,-18000,-18000
05631P,國巨富邦9A售01  ,0,0,0,0,0,0,0,0,0,-18000,0,0,0,3000,21000,-18000,-18000
056555,矽創凱基98購01  ,0,0,0,0,0,0,0,0,0,-18000,0,0,0,0,18000,-18000,-18000
057170,瑞昱元大98購01  ,0,0,0,0,0,0,0,0,0,-18000,0,0,0,49000,67000,-18000,-18000
057039,元油2X元大9B購07,0,0,0,0,0,0,0,0,0,-18000,0,0,0,2000,20000,-18000,-18000
057466,泰鼎永豐98購01  ,0,0,0,0,0,0,0,0,0,-18000,0,0,0,2000,20000,-18000,-18000
057456,道瓊銀富邦9C購01,0,0,0,0,0,0,0,0,0,-18000,0,0,0,0,18000,-18000,-18000
05532P,臺股指群益96售05,0,0,0,0,0,0,0,0,0,-18000,0,0,0,33000,51000,-18000,-18000
056264,聯發科統一98購02,0,0,0,0,0,0,0,0,0,-18000,0,0,0,12000,30000,-18000,-18000
056097,訊芯元富97購02  ,0,0,0,0,0,0,0,0,0,-18000,0,0,0,0,18000,-18000,-18000
044013,友達凱基93購01  ,0,0,0,0,0,0,0,0,0,-18000,0,0,0,11000,29000,-18000,-18000
048288,T50反1群益93購05,0,0,0,0,0,0,0,0,0,-18000,0,0,0,0,18000,-18000,-18000
047417,台塑富邦97購01  ,0,0,0,0,0,0,0,0,0,-18000,0,0,0,2000,20000,-18000,-18000
049247,光寶科元大94購02,0,0,0,0,0,0,0,0,0,-18000,0,0,0,20000,38000,-18000,-18000
04639P,臺股指群益94售14,0,0,0,0,0,0,0,0,0,-18000,0,0,0,135000,153000,-18000,-18000
046600,鴻海群益94購01  ,0,0,0,0,0,0,0,0,0,-18000,0,0,0,3000,21000,-18000,-18000
048548,緯穎永豐93購02  ,0,0,0,0,0,0,0,0,0,-18000,0,0,0,24000,42000,-18000,-18000
048501,GIS元大94購02   ,0,0,0,0,0,0,0,0,0,-18000,0,0,0,50000,68000,-18000,-18000
050093,國巨永豐94購05  ,0,0,0,0,0,0,0,0,0,-18000,0,0,0,8000,26000,-18000,-18000
051357,可成元大95購05  ,0,0,0,0,0,0,0,0,0,-18000,0,0,0,130000,148000,-18000,-18000
050647,聯發科凱基96購01,0,0,0,0,0,0,0,0,0,-18000,0,0,0,2000,20000,-18000,-18000
050630,大立光亞東96購01,0,0,0,0,0,0,0,0,0,-18000,0,0,0,0,18000,-18000,-18000
048874,玉晶光國票96購01,0,0,0,0,0,0,0,0,0,-18000,0,0,0,0,18000,-18000,-18000
051737,瑞昱國票96購01  ,0,0,0,0,0,0,0,0,0,-18000,0,0,0,7000,25000,-18000,-18000
052655,群創統一97購01  ,0,0,0,0,0,0,0,0,0,-18000,0,0,0,122000,140000,-18000,-18000
052685,技嘉元大96購01  ,0,1000,-1000,0,0,0,0,0,0,-17000,0,0,0,1000,18000,-17000,-18000
053345,欣興國票97購02  ,0,0,0,0,0,0,0,0,0,-18000,0,0,0,13000,31000,-18000,-18000
053558,訊芯凱基96購02  ,0,0,0,0,0,0,0,0,0,-18000,0,0,0,30000,48000,-18000,-18000
054075,GIS富邦97購02   ,0,0,0,0,0,0,0,0,0,-18000,0,0,0,2000,20000,-18000,-18000
054758,南亞國票9A購01  ,0,0,0,0,0,0,0,0,0,-18000,0,0,0,23000,41000,-18000,-18000
06676P,華新科國票98售03,0,0,0,0,0,0,0,0,0,-18000,0,0,0,0,18000,-18000,-18000
06739P,聯詠兆豐98售02  ,0,0,0,0,0,0,0,0,0,-18000,0,0,0,0,18000,-18000,-18000
06569P,可成永豐98售01  ,0,0,0,0,0,0,0,0,0,-18000,0,0,0,0,18000,-18000,-18000
06262P,國巨凱基97售07  ,0,0,0,0,0,0,0,0,0,-18000,0,0,0,2000,20000,-18000,-18000
06105P,國巨國票98售02  ,0,0,0,0,0,0,0,0,0,-18000,0,0,0,5000,23000,-18000,-18000
06158P,玉晶光元富97售08,0,0,0,0,0,0,0,0,0,-18000,0,0,0,11000,29000,-18000,-18000
05775P,台積電國泰98售02,0,0,0,0,0,0,0,0,0,-18000,0,0,0,0,18000,-18000,-18000
5215,科嘉-KY         ,41000,39000,2000,0,0,0,0,20000,-20000,0,0,0,0,0,0,0,-18000
055322,欣興國票97購06  ,0,0,0,0,0,0,0,0,0,-19000,0,0,0,1000,20000,-19000,-19000
055105,鴻海凱基98購05  ,0,0,0,0,0,0,0,0,0,-19000,0,0,0,1000,20000,-19000,-19000
057252,牧德元富98購01  ,0,0,0,0,0,0,0,0,0,-19000,0,0,0,0,19000,-19000,-19000
057323,智邦群益98購01  ,0,0,0,0,0,0,0,0,0,-19000,0,0,0,25000,44000,-19000,-19000
057153,祥碩國泰99購01  ,0,0,0,0,0,0,0,0,0,-19000,0,0,0,101000,120000,-19000,-19000
05645P,聯發科凱基96售13,0,0,0,0,0,0,0,0,0,-19000,0,0,0,57000,76000,-19000,-19000
05629P,聯發科永昌99售02,0,0,0,0,0,0,0,0,0,-19000,0,0,0,0,19000,-19000,-19000
056743,貿聯凱基98購04  ,0,0,0,0,0,0,0,0,0,-19000,0,0,0,108000,127000,-19000,-19000
056672,元油2X元富98購10,0,0,0,0,0,0,0,0,0,-19000,0,0,0,97000,116000,-19000,-19000
048600,嘉澤國票94購01  ,0,0,0,0,0,0,0,0,0,-19000,0,0,0,21000,40000,-19000,-19000
046391,上海銀統一94購01,0,0,0,0,0,0,0,0,0,-19000,0,0,0,11000,30000,-19000,-19000
050116,嘉澤元大94購03  ,0,0,0,0,0,0,0,0,0,-19000,0,0,0,105000,124000,-19000,-19000
045298,旺宏元大94購01  ,0,0,0,0,0,0,0,0,0,-19000,0,0,0,0,19000,-19000,-19000
044819,新日興兆豐93購02,0,0,0,0,0,0,0,0,0,-19000,0,0,0,81000,100000,-19000,-19000
051743,揚明光國票96購02,0,0,0,0,0,0,0,0,0,-19000,0,0,0,1000,20000,-19000,-19000
051877,嘉聯益國票97購02,0,0,0,0,0,0,0,0,0,-19000,0,0,0,0,19000,-19000,-19000
050272,訊芯元大94購03  ,0,0,0,0,0,0,0,0,0,-19000,0,0,0,0,19000,-19000,-19000
052091,緯創元大95購04  ,0,0,0,0,0,0,0,0,0,-19000,0,0,0,11000,30000,-19000,-19000
054791,泰碩群益99購02  ,0,0,0,0,0,0,0,0,0,-19000,0,0,0,31000,50000,-19000,-19000
054002,GIS群益96購03   ,0,0,0,0,0,0,0,0,0,-19000,0,0,0,11000,30000,-19000,-19000
054193,鴻海麥證96購02  ,0,0,0,0,19000,-19000,0,0,0,-19000,0,0,0,0,19000,-19000,-19000
054297,台郡元大98購01  ,0,0,0,0,0,0,0,0,0,-19000,0,0,0,0,19000,-19000,-19000
054329,華新科永豐96購02,0,0,0,0,0,0,0,0,0,-19000,0,0,0,69000,88000,-19000,-19000
053299,台泥凱基96購01  ,0,0,0,0,0,0,0,0,0,-19000,0,0,0,0,19000,-19000,-19000
053205,台光電麥證96購01,0,0,0,70000,89000,-19000,0,0,0,-19000,0,0,0,70000,89000,-19000,-19000
052907,嘉澤國票97購01  ,0,0,0,0,0,0,0,0,0,-19000,0,0,0,38000,57000,-19000,-19000
6477,安集            ,18000,37000,-19000,0,0,0,0,0,0,0,0,0,0,0,0,0,-19000
8499,鼎炫-KY         ,10000,29000,-19000,0,0,0,0,0,0,0,0,0,0,0,0,0,-19000
8404,百和興業-KY     ,36000,55000,-19000,0,0,0,0,0,0,0,0,0,0,0,0,0,-19000
2496,卓越            ,2000,21000,-19000,0,0,0,0,0,0,0,0,0,0,0,0,0,-19000
05949P,台積電國票96售09,0,0,0,0,0,0,0,0,0,-19000,0,0,0,24000,43000,-19000,-19000
06566P,華通永豐98售03  ,0,0,0,0,0,0,0,0,0,-19000,0,0,0,1000,20000,-19000,-19000
056645,大立光凱基98購12,0,0,0,0,0,0,0,0,0,-20000,0,0,0,56000,76000,-20000,-20000
056610,鴻海永豐98購01  ,0,0,0,0,0,0,0,0,0,-20000,0,0,0,23000,43000,-20000,-20000
056795,鴻海麥證98購01  ,0,0,0,0,20000,-20000,0,0,0,-20000,0,0,0,0,20000,-20000,-20000
05676P,欣興群益96售04  ,0,0,0,0,0,0,0,0,0,-20000,0,0,0,0,20000,-20000,-20000
056842,全新元富98購01  ,0,0,0,0,0,0,0,0,0,-20000,0,0,0,0,20000,-20000,-20000
056837,國巨元富98購02  ,0,0,0,0,0,0,0,0,0,-20000,0,0,0,45000,65000,-20000,-20000
056300,聯發科元大97購23,0,0,0,0,0,0,0,0,0,-20000,0,0,0,22000,42000,-20000,-20000
056316,訊芯元大98購03  ,0,0,0,0,0,0,0,0,0,-20000,0,0,0,10000,30000,-20000,-20000
056369,彩晶元大01購01  ,0,0,0,0,0,0,0,0,0,-20000,0,0,0,0,20000,-20000,-20000
056472,美律元大99購03  ,0,0,0,0,0,0,0,0,0,-20000,0,0,0,20000,40000,-20000,-20000
05647P,聯發科國票97售02,0,0,0,0,0,0,0,0,0,-20000,0,0,0,0,20000,-20000,-20000
056494,緯創國泰99購01  ,0,0,0,0,0,0,0,0,0,-20000,0,0,0,0,20000,-20000,-20000
057136,立積凱基98購02  ,0,0,0,0,0,0,0,0,0,-20000,0,0,0,0,20000,-20000,-20000
057062,立積國泰99購01  ,0,0,0,0,0,0,0,0,0,-20000,0,0,0,0,20000,-20000,-20000
057312,美律麥證98購01  ,0,0,0,0,20000,-20000,0,0,0,-20000,0,0,0,0,20000,-20000,-20000
05733P,臺股指統一96售03,0,0,0,0,0,0,0,0,0,-20000,0,0,0,0,20000,-20000,-20000
057275,友達元大9A購04  ,0,0,0,0,0,0,0,0,0,-20000,0,0,0,12000,32000,-20000,-20000
057435,旺宏國票99購04  ,0,0,0,0,0,0,0,0,0,-20000,0,0,0,0,20000,-20000,-20000
057445,華通元富02購01  ,0,0,0,0,0,0,0,0,0,-20000,0,0,0,0,20000,-20000,-20000
057375,欣興元大98購09  ,0,0,0,0,0,0,0,0,0,-20000,0,0,0,11000,31000,-20000,-20000
057382,聯發科國泰9A購01,0,0,0,0,0,0,0,0,0,-20000,0,0,0,59000,79000,-20000,-20000
057396,健鼎中信99購01  ,0,0,0,0,0,0,0,0,0,-20000,0,0,0,50000,70000,-20000,-20000
055086,華邦電亞東98購01,0,0,0,0,0,0,0,0,0,-20000,0,0,0,0,20000,-20000,-20000
055182,京鼎統一98購01  ,0,0,0,0,0,0,0,0,0,-20000,0,0,0,28000,48000,-20000,-20000
05533P,滬深2X富邦97售01,0,0,0,0,0,0,0,0,0,-20000,0,0,0,0,20000,-20000,-20000
055225,華邦電國票99購01,0,0,0,0,0,0,0,0,0,-20000,0,0,0,38000,58000,-20000,-20000
055259,玉晶光統一9A購01,0,0,0,0,0,0,0,0,0,-20000,0,0,0,70000,90000,-20000,-20000
055546,台積電凱基97購12,0,0,0,0,0,0,0,0,0,-20000,0,0,0,61000,81000,-20000,-20000
055385,昇陽半元大98購01,0,0,0,0,0,0,0,0,0,-20000,0,0,0,5000,25000,-20000,-20000
055510,GIS元大97購03   ,0,0,0,0,0,0,0,0,0,-20000,0,0,0,0,20000,-20000,-20000
056122,勤誠群益97購02  ,0,0,0,0,0,0,0,0,0,-20000,0,0,0,0,20000,-20000,-20000
056078,勤誠元大97購01  ,0,0,0,0,0,0,0,0,0,-20000,0,0,0,0,20000,-20000,-20000
056232,瑞儀凱基98購01  ,0,0,0,0,0,0,0,0,0,-20000,0,0,0,10000,30000,-20000,-20000
056126,台郡國票98購02  ,0,0,0,0,0,0,0,0,0,-20000,0,0,0,0,20000,-20000,-20000
055810,T50反1國票99購01,0,0,0,0,0,0,0,0,0,-20000,0,0,0,0,20000,-20000,-20000
055851,智原元大98購01  ,0,0,0,0,0,0,0,0,0,-20000,0,0,0,100000,120000,-20000,-20000
055809,T50反1國票98購02,0,0,0,0,0,0,0,0,0,-20000,0,0,0,0,20000,-20000,-20000
055849,聯詠元大97購05  ,0,0,0,0,0,0,0,0,0,-20000,0,0,0,0,20000,-20000,-20000
04474P,聯發科元大94售03,0,0,0,0,0,0,0,0,0,-20000,0,0,0,100000,120000,-20000,-20000
04471P,華通元大95售03  ,0,0,0,0,0,0,0,0,0,-20000,0,0,0,10000,30000,-20000,-20000
044134,訊芯凱基93購01  ,0,0,0,0,0,0,0,0,0,-20000,0,0,0,0,20000,-20000,-20000
044105,聯詠中信95購01  ,0,0,0,0,0,0,0,0,0,-20000,0,0,0,0,20000,-20000,-20000
04372P,臺股指凱基94售02,0,0,0,0,0,0,0,0,0,-20000,0,0,0,0,20000,-20000,-20000
043916,群創凱基93購01  ,0,0,0,0,0,0,0,0,0,-20000,0,0,0,0,20000,-20000,-20000
046242,大立光中信93購02,0,0,0,0,0,0,0,0,0,-20000,0,0,0,0,20000,-20000,-20000
047393,景碩元大93購02  ,0,0,0,0,0,0,0,0,0,-20000,0,0,0,0,20000,-20000,-20000
048379,台郡元富96購01  ,0,0,0,0,0,0,0,0,0,-20000,0,0,0,10000,30000,-20000,-20000
045479,T50反1中信95購01,0,0,0,0,0,0,0,0,0,-20000,0,0,0,0,20000,-20000,-20000
04052P,上銀國泰94售01  ,0,0,0,0,0,0,0,0,0,-20000,0,0,0,0,20000,-20000,-20000
03875P,滬深2X國票05售01,0,0,0,0,0,0,0,0,0,-20000,0,0,0,0,20000,-20000,-20000
03832P,臺股指中信95售03,0,0,0,0,0,0,0,0,0,-20000,0,0,0,0,20000,-20000,-20000
03777P,華通中信95售01  ,0,0,0,0,0,0,0,0,0,-20000,0,0,0,0,20000,-20000,-20000
045643,臻鼎凱基93購01  ,0,0,0,0,0,0,0,0,0,-20000,0,0,0,0,20000,-20000,-20000
04555P,元油2X群益95售01,0,0,0,0,0,0,0,0,0,-20000,0,0,0,0,20000,-20000,-20000
045854,貿聯富邦93購01  ,0,0,0,0,0,0,0,0,0,-20000,0,0,0,0,20000,-20000,-20000
045906,鴻海中信94購01  ,0,0,0,0,0,0,0,0,0,-20000,0,0,0,0,20000,-20000,-20000
045907,鴻海中信94購02  ,0,0,0,0,0,0,0,0,0,-20000,0,0,0,0,20000,-20000,-20000
04344P,台達電國泰94售01,0,0,0,0,0,0,0,0,0,-20000,0,0,0,95000,115000,-20000,-20000
04338P,亞光元大93售04  ,0,0,0,0,0,0,0,0,0,-20000,0,0,0,0,20000,-20000,-20000
04168P,元金2X凱基99售01,0,0,0,0,0,0,0,0,0,-20000,0,0,0,0,20000,-20000,-20000
03399P,欣興中信02售03  ,0,0,0,0,0,0,0,0,0,-20000,0,0,0,60000,80000,-20000,-20000
03417B,臺股指凱基95熊19,0,0,0,0,0,0,0,0,0,-20000,0,0,0,4000,24000,-20000,-20000
04927P,大立光凱基95售06,0,0,0,0,0,0,0,0,0,-20000,0,0,0,0,20000,-20000,-20000
048097,聯詠凱基93購07  ,0,0,0,0,0,0,0,0,0,-20000,0,0,0,0,20000,-20000,-20000
049264,奇鋐元大95購01  ,0,0,0,0,0,0,0,0,0,-20000,0,0,0,0,20000,-20000,-20000
051009,緯創麥證95購01  ,0,0,0,0,20000,-20000,0,0,0,-20000,0,0,0,0,20000,-20000,-20000
051017,聯發科凱基95購04,0,0,0,0,0,0,0,0,0,-20000,0,0,0,30000,50000,-20000,-20000
051021,啟碁凱基95購02  ,0,0,0,0,0,0,0,0,0,-20000,0,0,0,0,20000,-20000,-20000
050828,康控凱基95購01  ,0,0,0,0,0,0,0,0,0,-20000,0,0,0,30000,50000,-20000,-20000
047805,台積電凱基93購21,0,0,0,0,0,0,0,0,0,-20000,0,0,0,0,20000,-20000,-20000
047753,景碩元富93購01  ,0,0,0,0,0,0,0,0,0,-20000,0,0,0,0,20000,-20000,-20000
048051,大立光中信94購03,0,0,0,0,0,0,0,0,0,-20000,0,0,0,0,20000,-20000,-20000
047965,景碩中信93購01  ,0,0,0,0,0,0,0,0,0,-20000,0,0,0,0,20000,-20000,-20000
047879,台積電中信93購04,0,0,0,0,0,0,0,0,0,-20000,0,0,0,10000,30000,-20000,-20000
04653P,臺股指凱基94售12,0,0,0,0,0,0,0,0,0,-20000,0,0,0,0,20000,-20000,-20000
046493,緯創富邦93購01  ,0,0,0,0,0,0,0,0,0,-20000,0,0,0,0,20000,-20000,-20000
047608,聯發科第一95購01,0,0,0,0,0,0,0,0,0,-20000,0,0,0,0,20000,-20000,-20000
046700,台郡凱基93購02  ,0,0,0,0,0,0,0,0,0,-20000,0,0,0,20000,40000,-20000,-20000
046758,聯發科凱基93購05,0,0,0,0,0,0,0,0,0,-20000,0,0,0,0,20000,-20000,-20000
046750,鴻海凱基93購17  ,0,0,0,0,0,0,0,0,0,-20000,0,0,0,0,20000,-20000,-20000
047002,鴻海統一93購04  ,0,0,0,0,0,0,0,0,0,-20000,0,0,0,0,20000,-20000,-20000
046979,台泥兆豐93購01  ,0,0,0,0,0,0,0,0,0,-20000,0,0,0,0,20000,-20000,-20000
04697P,臺股指元富94售03,0,0,0,0,0,0,0,0,0,-20000,0,0,0,0,20000,-20000,-20000
046950,隆達元大93購01  ,0,0,0,0,0,0,0,0,0,-20000,0,0,0,0,20000,-20000,-20000
048593,華新科群益93購04,0,0,0,0,0,0,0,0,0,-20000,0,0,0,0,20000,-20000,-20000
048595,儒鴻國票96購01  ,0,0,0,0,0,0,0,0,0,-20000,0,0,0,0,20000,-20000,-20000
048137,力成國票93購01  ,0,0,0,0,0,0,0,0,0,-20000,0,0,0,0,20000,-20000,-20000
048179,臻鼎富邦97購01  ,0,0,0,0,0,0,0,0,0,-20000,0,0,0,0,20000,-20000,-20000
04817P,創意國票95售02  ,0,0,0,0,0,0,0,0,0,-20000,0,0,0,0,20000,-20000,-20000
048181,A50正2群益95購01,0,0,0,0,0,0,0,0,0,-20000,0,0,0,0,20000,-20000,-20000
047528,高鐵元大93購03  ,0,0,0,0,0,0,0,0,0,-20000,0,0,0,0,20000,-20000,-20000
047481,可成凱基93購08  ,0,0,0,0,0,0,0,0,0,-20000,0,0,0,30000,50000,-20000,-20000
047494,華邦電元富96購01,0,0,0,0,0,0,0,0,0,-20000,0,0,0,0,20000,-20000,-20000
047476,鴻海凱基94購08  ,0,0,0,0,0,0,0,0,0,-20000,0,0,0,7000,27000,-20000,-20000
048683,日月光富邦93購01,0,0,0,0,0,0,0,0,0,-20000,0,0,0,10000,30000,-20000,-20000
052114,華固中信95購01  ,0,0,0,0,0,0,0,0,0,-20000,0,0,0,0,20000,-20000,-20000
052166,元油反元大95購01,0,0,0,0,0,0,0,0,0,-20000,0,0,0,0,20000,-20000,-20000
052256,台泥國泰96購01  ,0,0,0,0,0,0,0,0,0,-20000,0,0,0,0,20000,-20000,-20000
052240,臻鼎國票96購03  ,0,0,0,0,0,0,0,0,0,-20000,0,0,0,0,20000,-20000,-20000
050677,光寶科統一94購01,0,0,0,0,0,0,0,0,0,-20000,0,0,0,0,20000,-20000,-20000
050684,台郡元富94購02  ,0,0,0,0,0,0,0,0,0,-20000,0,0,0,0,20000,-20000,-20000
049686,T50反1元大94購02,0,0,0,0,0,0,0,0,0,-20000,0,0,0,0,20000,-20000,-20000
051902,T50反1元大97購01,0,0,0,0,0,0,0,0,0,-20000,0,0,0,0,20000,-20000,-20000
051908,國泰金元大96購02,0,0,0,0,0,0,0,0,0,-20000,0,0,0,10000,30000,-20000,-20000
051413,富邦金國票96購02,0,0,0,0,0,0,0,0,0,-20000,0,0,0,0,20000,-20000,-20000
051495,玉晶光第一95購02,0,0,0,0,0,0,0,0,0,-20000,0,0,0,20000,40000,-20000,-20000
051395,聯詠兆豐95購01  ,0,0,0,0,0,0,0,0,0,-20000,0,0,0,0,20000,-20000,-20000
049590,華新科元大94購01,0,0,0,0,0,0,0,0,0,-20000,0,0,0,11000,31000,-20000,-20000
049591,開發金元大98購01,0,0,0,0,0,0,0,0,0,-20000,0,0,0,93000,113000,-20000,-20000
050056,國巨凱基94購04  ,0,0,0,0,0,0,0,0,0,-20000,0,0,0,0,20000,-20000,-20000
05042P,GIS凱基95售03   ,0,0,0,0,0,0,0,0,0,-20000,0,0,0,10000,30000,-20000,-20000
049973,T50反1日盛9A購01,0,0,0,0,0,0,0,0,0,-20000,0,0,0,0,20000,-20000,-20000
049847,旺宏群益94購04  ,0,0,0,0,0,0,0,0,0,-20000,0,0,0,0,20000,-20000,-20000
049445,遠東新統一94購01,0,0,0,0,0,0,0,0,0,-20000,0,0,0,50000,70000,-20000,-20000
051684,瑞昱凱基95購02  ,0,0,0,0,0,0,0,0,0,-20000,0,0,0,83000,103000,-20000,-20000
051044,GIS永豐95購01   ,0,0,0,0,0,0,0,0,0,-20000,0,0,0,0,20000,-20000,-20000
051064,鴻海國票95購01  ,0,0,0,0,0,0,0,0,0,-20000,0,0,0,0,20000,-20000,-20000
048859,玉晶光群益96購02,0,0,0,0,0,0,0,0,0,-20000,0,0,0,2000,22000,-20000,-20000
048902,昇陽半國泰96購01,0,0,0,0,0,0,0,0,0,-20000,0,0,0,0,20000,-20000,-20000
051205,華新科麥證95購02,0,0,0,0,20000,-20000,0,0,0,-20000,0,0,0,0,20000,-20000,-20000
049518,宏達電國票95購02,0,0,0,0,0,0,0,0,0,-20000,0,0,0,0,20000,-20000,-20000
049527,國巨中信95購01  ,0,0,0,0,0,0,0,0,0,-20000,0,0,0,0,20000,-20000,-20000
049544,台積電群益94購08,0,0,0,0,0,0,0,0,0,-20000,0,0,0,483000,503000,-20000,-20000
049087,晶相光凱基94購02,0,0,0,0,0,0,0,0,0,-20000,0,0,0,0,20000,-20000,-20000
049127,上海銀元富94購01,0,0,0,0,0,0,0,0,0,-20000,0,0,0,0,20000,-20000,-20000
049185,南電凱基94購03  ,0,0,0,0,0,0,0,0,0,-20000,0,0,0,580000,600000,-20000,-20000
049200,元黃金群益98購01,0,0,0,0,0,0,0,0,0,-20000,0,0,0,29000,49000,-20000,-20000
049357,微星富邦94購01  ,0,0,0,0,0,0,0,0,0,-20000,0,0,0,20000,40000,-20000,-20000
051636,嘉晶國票95購02  ,0,0,0,0,0,0,0,0,0,-20000,0,0,0,69000,89000,-20000,-20000
051640,GIS國票96購03   ,0,0,0,0,0,0,0,0,0,-20000,0,0,0,143000,163000,-20000,-20000
051810,欣興凱基95購03  ,0,0,0,0,0,0,0,0,0,-20000,0,0,0,5000,25000,-20000,-20000
051801,牧德永豐95購04  ,0,0,0,0,0,0,0,0,0,-20000,0,0,0,24000,44000,-20000,-20000
051817,元金2X統一95購01,0,0,0,0,0,0,0,0,0,-20000,0,0,0,0,20000,-20000,-20000
05149P,緯穎國泰96售01  ,0,0,0,0,0,0,0,0,0,-20000,0,0,0,30000,50000,-20000,-20000
050228,中磊中信96購01  ,0,0,0,0,0,0,0,0,0,-20000,0,0,0,0,20000,-20000,-20000
050229,鴻海麥證94購02  ,0,0,0,0,30000,-30000,0,0,0,-20000,0,0,0,10000,30000,-20000,-20000
050241,聯發科凱基94購14,0,0,0,0,0,0,0,0,0,-20000,0,0,0,0,20000,-20000,-20000
050854,世紀鋼國票97購01,0,0,0,0,0,0,0,0,0,-20000,0,0,0,40000,60000,-20000,-20000
050848,日月光國票95購01,0,0,0,0,0,0,0,0,0,-20000,0,0,0,0,20000,-20000,-20000
051361,泰鼎元大95購01  ,0,0,0,0,0,0,0,0,0,-20000,0,0,0,22000,42000,-20000,-20000
050977,聯發科統一95購02,0,0,0,0,0,0,0,0,0,-20000,0,0,0,0,20000,-20000,-20000
051312,國泰金麥證95購01,0,0,0,20000,40000,-20000,0,0,0,-20000,0,0,0,20000,40000,-20000,-20000
051294,鴻海元富95購06  ,0,0,0,0,0,0,0,0,0,-20000,0,0,0,0,20000,-20000,-20000
051466,玉晶光富邦97購01,0,0,0,0,0,0,0,0,0,-20000,0,0,0,0,20000,-20000,-20000
051448,聯詠元大95購02  ,0,0,0,0,0,0,0,0,0,-20000,0,0,0,8000,28000,-20000,-20000
052902,鴻海國票97購04  ,0,0,0,0,0,0,0,0,0,-20000,0,0,0,0,20000,-20000,-20000
052687,國泰金元大96購03,0,0,0,0,0,0,0,0,0,-20000,0,0,0,29000,49000,-20000,-20000
052626,上証2X中信9A購01,0,0,0,0,0,0,0,0,0,-20000,0,0,0,0,20000,-20000,-20000
052603,鴻海元大96購15  ,0,0,0,0,0,0,0,0,0,-20000,0,0,0,0,20000,-20000,-20000
052536,聯茂國泰97購01  ,0,0,0,0,0,0,0,0,0,-20000,0,0,0,0,20000,-20000,-20000
052498,台積電永豐95購06,0,0,0,0,0,0,0,0,0,-20000,0,0,0,20000,40000,-20000,-20000
053147,楠梓電元大98購01,0,0,0,0,0,0,0,0,0,-20000,0,0,0,0,20000,-20000,-20000
053115,滬深2X中信97購01,0,0,0,0,0,0,0,0,0,-20000,0,0,0,0,20000,-20000,-20000
053094,聯電統一97購02  ,0,0,0,0,0,0,0,0,0,-20000,0,0,0,20000,40000,-20000,-20000
053266,全新群益98購01  ,0,0,0,0,0,0,0,0,0,-20000,0,0,0,0,20000,-20000,-20000
053386,聯詠元大96購03  ,0,0,0,0,0,0,0,0,0,-20000,0,0,0,0,20000,-20000,-20000
053579,華通元大97購01  ,0,0,0,0,0,0,0,0,0,-20000,0,0,0,0,20000,-20000,-20000
053533,光罩永豐96購03  ,0,0,0,0,0,0,0,0,0,-20000,0,0,0,0,20000,-20000,-20000
053493,智邦兆豐97購02  ,0,0,0,0,0,0,0,0,0,-20000,0,0,0,0,20000,-20000,-20000
053687,智邦元大96購02  ,0,0,0,0,0,0,0,0,0,-20000,0,0,0,75000,95000,-20000,-20000
053685,台積電元大96購18,0,0,0,0,0,0,0,0,0,-20000,0,0,0,210000,230000,-20000,-20000
053590,新光金元大9A購02,0,0,0,0,0,0,0,0,0,-20000,0,0,0,0,20000,-20000,-20000
053665,臺股指凱基96購26,0,0,0,0,0,0,0,0,0,-20000,0,0,0,11000,31000,-20000,-20000
053648,台積電凱基97購04,0,0,0,0,0,0,0,0,0,-20000,0,0,0,10000,30000,-20000,-20000
054293,健策元大98購02  ,0,0,0,0,0,0,0,0,0,-20000,0,0,0,321000,341000,-20000,-20000
054275,華通群益97購03  ,0,0,0,0,0,0,0,0,0,-20000,0,0,0,0,20000,-20000,-20000
053985,矽創元大96購02  ,0,0,0,0,0,0,0,0,0,-20000,0,0,0,127000,147000,-20000,-20000
053857,宏達電富邦97購02,0,0,0,0,0,0,0,0,0,-20000,0,0,0,0,20000,-20000,-20000
053835,南亞科永豐96購02,0,0,0,0,0,0,0,0,0,-20000,0,0,0,68000,88000,-20000,-20000
053783,聯發科元大96購17,0,0,0,0,0,0,0,0,0,-20000,0,0,0,17000,37000,-20000,-20000
054795,合勤控群益98購01,0,0,0,0,0,0,0,0,0,-20000,0,0,0,33000,53000,-20000,-20000
054833,京鼎中信97購01  ,0,0,0,0,0,0,0,0,0,-20000,0,0,0,0,20000,-20000,-20000
054827,宏全元大9A購01  ,0,0,0,0,0,0,0,0,0,-20000,0,0,0,0,20000,-20000,-20000
054773,台郡國票98購01  ,0,0,0,0,0,0,0,0,0,-20000,0,0,0,0,20000,-20000,-20000
054703,聯發科第一97購01,0,0,0,0,0,0,0,0,0,-20000,0,0,0,30000,50000,-20000,-20000
054725,國巨日盛97購01  ,0,0,0,0,0,0,0,0,0,-20000,0,0,0,0,20000,-20000,-20000
054698,同欣電永豐97購01,0,0,0,0,0,0,0,0,0,-20000,0,0,0,0,20000,-20000,-20000
054707,聯茂亞東97購01  ,0,0,0,0,0,0,0,0,0,-20000,0,0,0,0,20000,-20000,-20000
054650,南亞麥證97購01  ,0,0,0,0,20000,-20000,0,0,0,-20000,0,0,0,0,20000,-20000,-20000
054565,玉晶光群益99購02,0,0,0,0,0,0,0,0,0,-20000,0,0,0,46000,66000,-20000,-20000
054549,台積電凱基98購01,0,0,0,0,0,0,0,0,0,-20000,0,0,0,0,20000,-20000,-20000
054527,國巨統一97購03  ,0,0,0,0,0,0,0,0,0,-20000,0,0,0,28000,48000,-20000,-20000
054476,聯發科中信96購03,0,0,0,0,0,0,0,0,0,-20000,0,0,0,0,20000,-20000,-20000
06578P,華新科國票98售02,0,0,0,0,0,0,0,0,0,-20000,0,0,0,10000,30000,-20000,-20000
06617P,智邦元大98售03  ,0,0,0,0,0,0,0,0,0,-20000,0,0,0,0,20000,-20000,-20000
08671P,友訊國票01售01  ,0,0,0,0,0,0,0,0,0,-20000,0,0,0,0,20000,-20000,-20000
06416P,大立光群益97售06,0,0,0,0,0,0,0,0,0,-20000,0,0,0,0,20000,-20000,-20000
06412P,南亞科日盛97售01,0,0,0,0,0,0,0,0,0,-20000,0,0,0,10000,30000,-20000,-20000
06385P,聯發科永豐97售02,0,0,0,0,0,0,0,0,0,-20000,0,0,0,0,20000,-20000,-20000
06448P,華通元大99售01  ,0,0,0,0,0,0,0,0,0,-20000,0,0,0,4000,24000,-20000,-20000
05838P,臺股指富邦96售05,0,0,0,0,0,0,0,0,0,-20000,0,0,0,0,20000,-20000,-20000
05788P,臺股指永昌96售05,0,0,0,0,0,0,0,0,0,-20000,430000,40000,390000,100000,510000,-410000,-20000
057622,元油2X國泰99購03,0,0,0,0,0,0,0,0,0,-20000,0,0,0,0,20000,-20000,-20000
057560,華新科兆豐99購01,0,0,0,0,0,0,0,0,0,-20000,0,0,0,0,20000,-20000,-20000
06107P,美律群益98售02  ,0,0,0,0,0,0,0,0,0,-20000,0,0,0,20000,40000,-20000,-20000
06200P,聯發科元大97售18,0,0,0,0,0,0,0,0,0,-20000,0,0,0,0,20000,-20000,-20000
8039,台虹            ,179000,118000,61000,0,0,0,0,0,0,-81000,6000,5000,1000,15000,97000,-82000,-20000
5534,長虹            ,118000,152000,-34000,0,0,0,35000,0,35000,-21000,3000,14000,-11000,0,10000,-10000,-20000
4560,強信-KY         ,78000,98000,-20000,0,0,0,0,0,0,0,0,0,0,0,0,0,-20000
056234,GIS麥證97購01   ,0,0,0,30000,51000,-21000,0,0,0,-21000,0,0,0,30000,51000,-21000,-21000
056044,同欣電凱基97購03,0,0,0,0,0,0,0,0,0,-21000,0,0,0,20000,41000,-21000,-21000
055346,國巨凱基98購02  ,0,0,0,0,0,0,0,0,0,-21000,0,0,0,235000,256000,-21000,-21000
05530P,臺股指群益96售03,0,0,0,0,0,0,0,0,0,-21000,0,0,0,0,21000,-21000,-21000
056417,欣興中信98購01  ,0,0,0,0,0,0,0,0,0,-21000,0,0,0,10000,31000,-21000,-21000
056356,台積電元大99購01,0,0,0,0,0,0,0,0,0,-21000,0,0,0,1158000,1179000,-21000,-21000
056783,國巨群益99購01  ,0,0,0,0,0,0,0,0,0,-21000,0,0,0,106000,127000,-21000,-21000
056651,聯茂凱基98購04  ,0,0,0,0,0,0,0,0,0,-21000,0,0,0,23000,44000,-21000,-21000
048598,瑞昱國票93購03  ,0,0,0,0,0,0,0,0,0,-21000,0,0,0,10000,31000,-21000,-21000
046702,旺宏元富93購02  ,0,0,0,0,0,0,0,0,0,-21000,0,0,0,0,21000,-21000,-21000
047049,聯發科國票94購01,0,0,0,0,0,0,0,0,0,-21000,0,0,0,16000,37000,-21000,-21000
050157,臻鼎群益94購02  ,0,0,0,0,0,0,0,0,0,-21000,0,0,0,0,21000,-21000,-21000
049242,佳世達元富96購01,0,0,0,0,0,0,0,0,0,-21000,0,0,0,0,21000,-21000,-21000
042433,元油2X永豐96購01,0,0,0,0,0,0,0,0,0,-21000,0,0,0,0,21000,-21000,-21000
045106,玉晶光群益95購01,0,0,0,0,0,0,0,0,0,-21000,0,0,0,1000,22000,-21000,-21000
051765,健鼎元大95購03  ,0,0,0,0,0,0,0,0,0,-21000,0,0,0,0,21000,-21000,-21000
051705,富邦金群益97購01,0,0,0,0,0,0,0,0,0,-21000,0,0,0,0,21000,-21000,-21000
050394,大立光元富94購09,0,0,0,0,0,0,0,0,0,-21000,0,0,0,0,21000,-21000,-21000
050263,旺宏元大94購10  ,0,0,0,0,0,0,0,0,0,-21000,0,0,0,83000,104000,-21000,-21000
049571,華固統一94購02  ,0,0,0,0,0,0,0,0,0,-21000,0,0,0,0,21000,-21000,-21000
051386,富邦金麥證96購01,0,0,0,0,21000,-21000,0,0,0,-21000,0,0,0,0,21000,-21000,-21000
051914,健策元大96購06  ,0,0,0,0,0,0,0,0,0,-21000,0,0,0,56000,77000,-21000,-21000
052327,聯詠中信95購03  ,0,0,0,0,0,0,0,0,0,-21000,0,0,0,0,21000,-21000,-21000
052211,台積電元大95購22,0,0,0,0,0,0,0,0,0,-21000,0,0,0,337000,358000,-21000,-21000
05452P,亞德客群益95售02,0,0,0,0,0,0,0,0,0,-21000,0,0,0,301000,322000,-21000,-21000
054560,全新群益98購03  ,0,0,0,0,0,0,0,0,0,-21000,0,0,0,5000,26000,-21000,-21000
054655,貿聯麥證98購01  ,0,0,0,10000,31000,-21000,0,0,0,-21000,0,0,0,10000,31000,-21000,-21000
054818,奇力新元大97購05,0,0,0,0,0,0,0,0,0,-21000,0,0,0,263000,284000,-21000,-21000
054087,矽創亞東96購01  ,0,0,0,0,0,0,0,0,0,-21000,0,0,0,0,21000,-21000,-21000
054017,茂林永豐96購02  ,0,0,0,0,0,0,0,0,0,-21000,0,0,0,55000,76000,-21000,-21000
05422P,大立光中信97售02,0,0,0,0,0,0,0,0,0,-21000,0,0,0,0,21000,-21000,-21000
053534,微星永豐96購02  ,0,0,0,0,0,0,0,0,0,-21000,0,0,0,4000,25000,-21000,-21000
053325,GIS群益96購02   ,0,0,0,0,0,0,0,0,0,-21000,0,0,0,10000,31000,-21000,-21000
053178,南亞科統一98購01,0,0,0,0,0,0,0,0,0,-21000,0,0,0,4000,25000,-21000,-21000
052525,聯詠元大95購06  ,0,0,0,0,0,0,0,0,0,-21000,0,0,0,0,21000,-21000,-21000
052364,全新國票95購02  ,0,0,0,0,0,0,0,0,0,-21000,0,0,0,53000,74000,-21000,-21000
052917,大立光富邦99購02,0,0,0,0,0,0,0,0,0,-21000,0,0,0,123000,144000,-21000,-21000
6197,佳必琪          ,55000,77000,-22000,0,0,0,0,0,0,1000,1000,0,1000,0,0,0,-21000
2455,全新            ,174000,207000,-33000,0,0,0,0,0,0,12000,36000,12000,24000,44000,56000,-12000,-21000
3563,牧德            ,38000,73000,-35000,0,0,0,0,0,0,14000,0,29000,-29000,48000,5000,43000,-21000
06140P,華新科群益97售06,0,0,0,0,0,0,0,0,0,-21000,0,0,0,78000,99000,-21000,-21000
05959P,聯發科國票98售01,0,0,0,0,0,0,0,0,0,-21000,0,0,0,10000,31000,-21000,-21000
3048,益登            ,70000,92706,-22706,0,0,0,0,0,0,1000,1000,0,1000,0,0,0,-21706
05671P,友達國泰97售03  ,0,0,0,0,0,0,0,0,0,-22000,0,0,0,0,22000,-22000,-22000
05675P,美律群益97售01  ,0,0,0,0,0,0,0,0,0,-22000,0,0,0,0,22000,-22000,-22000
056556,南電凱基98購01  ,0,0,0,0,0,0,0,0,0,-22000,0,0,0,59000,81000,-22000,-22000
057495,牧德元大99購04  ,0,0,0,0,0,0,0,0,0,-22000,0,0,0,125000,147000,-22000,-22000
05513P,玉山金台新96售01,0,0,0,0,0,0,0,0,0,-22000,0,0,0,0,22000,-22000,-22000
055092,開發金群益9B購01,0,0,0,0,0,0,0,0,0,-22000,0,0,0,0,22000,-22000,-22000
055473,禾伸堂凱基97購01,0,0,0,0,0,0,0,0,0,-22000,0,0,0,49000,71000,-22000,-22000
055668,欣興群益97購01  ,0,0,0,0,0,0,0,0,0,-22000,0,0,0,191000,213000,-22000,-22000
056118,聯詠群益97購03  ,0,0,0,0,0,0,0,0,0,-22000,0,0,0,0,22000,-22000,-22000
046178,聯發科日盛92購01,0,0,0,0,0,0,0,0,0,-22000,0,0,0,9000,31000,-22000,-22000
050114,群創元大95購01  ,0,0,0,0,0,0,0,0,0,-22000,0,0,0,0,22000,-22000,-22000
04802P,國巨凱基94售07  ,0,0,0,0,0,0,0,0,0,-22000,0,0,0,0,22000,-22000,-22000
050748,道瓊銀統一94購04,0,0,0,0,0,0,0,0,0,-22000,0,0,0,0,22000,-22000,-22000
050411,聯發科永豐94購05,0,0,0,0,0,0,0,0,0,-22000,0,0,0,46000,68000,-22000,-22000
050058,國巨凱基94購06  ,0,0,0,0,0,0,0,0,0,-22000,0,0,0,12000,34000,-22000,-22000
051204,正崴麥證95購01  ,0,0,0,0,22000,-22000,0,0,0,-22000,0,0,0,0,22000,-22000,-22000
04903P,全新永豐94售05  ,0,0,0,0,0,0,0,0,0,-22000,0,0,0,5000,27000,-22000,-22000
049013,川湖群益94購01  ,0,0,0,0,0,0,0,0,0,-22000,0,0,0,0,22000,-22000,-22000
052914,奇力新元富96購01,0,0,0,0,0,0,0,0,0,-22000,0,0,0,298000,320000,-22000,-22000
053127,貿聯凱基97購01  ,0,0,0,0,0,0,0,0,0,-22000,0,0,0,0,22000,-22000,-22000
053519,力成群益96購02  ,0,0,0,0,0,0,0,0,0,-22000,0,0,0,0,22000,-22000,-22000
053455,台光電元富96購02,0,0,0,0,0,0,0,0,0,-22000,0,0,0,250000,272000,-22000,-22000
053628,微星兆豐96購01  ,0,0,0,0,0,0,0,0,0,-22000,0,0,0,19000,41000,-22000,-22000
053823,茂林群益96購06  ,0,0,0,0,0,0,0,0,0,-22000,0,0,0,13000,35000,-22000,-22000
054608,致茂永豐97購01  ,0,0,0,0,0,0,0,0,0,-22000,0,0,0,58000,80000,-22000,-22000
05900P,臺股指凱基99售05,0,0,0,0,0,0,0,0,0,-22000,0,0,0,0,22000,-22000,-22000
057569,光磊永豐98購03  ,0,0,0,0,0,0,0,0,0,-22000,0,0,0,32000,54000,-22000,-22000
057538,緯穎元大98購07  ,0,0,0,0,0,0,0,0,0,-22000,0,0,0,11000,33000,-22000,-22000
06243P,亞光元富97售01  ,0,0,0,0,0,0,0,0,0,-22000,0,0,0,0,22000,-22000,-22000
056161,康控凱基98購02  ,0,0,0,0,0,0,0,0,0,-23000,0,0,0,225000,248000,-23000,-23000
055861,矽力元大97購03  ,0,0,0,0,0,0,0,0,0,-23000,0,0,0,85000,108000,-23000,-23000
056532,技嘉凱基98購01  ,0,0,0,0,0,0,0,0,0,-23000,0,0,0,63000,86000,-23000,-23000
056469,國巨元大99購01  ,0,0,0,0,0,0,0,0,0,-23000,0,0,0,139000,162000,-23000,-23000
056801,國巨台新98購01  ,0,0,0,0,0,0,0,0,0,-23000,0,0,0,0,23000,-23000,-23000
056679,元油2X統一98購01,0,0,0,0,0,0,0,0,0,-23000,0,0,0,0,23000,-23000,-23000
05014P,臺股指元大95售05,0,0,0,0,0,0,0,0,0,-23000,0,0,0,4000,27000,-23000,-23000
050791,聯發科富邦96購01,0,0,0,0,0,0,0,0,0,-23000,0,0,0,10000,33000,-23000,-23000
046385,群創凱基98購03  ,0,0,0,0,0,0,0,0,0,-23000,0,0,0,35000,58000,-23000,-23000
048335,和大元大93購03  ,0,0,0,0,0,0,0,0,0,-23000,0,0,0,0,23000,-23000,-23000
048443,旺宏凱基93購08  ,0,0,0,0,0,0,0,0,0,-23000,0,0,0,0,23000,-23000,-23000
00731,FH富時高息低波  ,1000,0,1000,0,0,0,0,0,0,-24000,0,0,0,474000,498000,-24000,-23000
049138,台積電元大94購05,0,0,0,0,0,0,0,0,0,-23000,0,0,0,393000,416000,-23000,-23000
049491,聯發科元大95購01,0,0,0,0,0,0,0,0,0,-23000,0,0,0,0,23000,-23000,-23000
051697,康友中信95購02  ,0,0,0,0,0,0,0,0,0,-23000,0,0,0,0,23000,-23000,-23000
051592,健策元大96購05  ,0,0,0,0,0,0,0,0,0,-23000,0,0,0,206000,229000,-23000,-23000
050926,禾伸堂凱基95購01,0,0,0,0,0,0,0,0,0,-23000,0,0,0,48000,71000,-23000,-23000
051490,世芯凱基96購01  ,0,0,0,0,0,0,0,0,0,-23000,0,0,0,8000,31000,-23000,-23000
049607,台積電兆豐94購04,0,0,0,0,0,0,0,0,0,-23000,0,0,0,39000,62000,-23000,-23000
054450,聯茂第一96購01  ,30000,0,30000,0,0,0,0,0,0,-53000,0,0,0,18000,71000,-53000,-23000
05476P,聯發科群益95售06,0,0,0,0,0,0,0,0,0,-23000,0,0,0,0,23000,-23000,-23000
054732,台化凱基98購01  ,0,0,0,0,0,0,0,0,0,-23000,0,0,0,0,23000,-23000,-23000
054348,康控國票97購03  ,0,0,0,0,0,0,0,0,0,-23000,0,0,0,48000,71000,-23000,-23000
053690,南亞科元大96購02,0,0,0,0,0,0,0,0,0,-23000,0,0,0,85000,108000,-23000,-23000
053194,緯穎統一99購01  ,0,0,0,0,0,0,0,0,0,-23000,0,0,0,13000,36000,-23000,-23000
053219,祥碩凱基96購01  ,0,0,0,0,0,0,0,0,0,-23000,0,0,0,22000,45000,-23000,-23000
05796P,臺股指群益96售10,0,0,0,0,0,0,0,0,0,-23000,0,0,0,1000,24000,-23000,-23000
057648,和碩元大98購01  ,0,0,0,0,0,0,0,0,0,-23000,0,0,0,43000,66000,-23000,-23000
05826P,臺股指凱基96售23,0,0,0,0,0,0,0,0,0,-23000,0,0,0,3000,26000,-23000,-23000
06431P,新日興元大97售05,0,0,0,0,0,0,0,0,0,-23000,0,0,0,0,23000,-23000,-23000
1507,永大            ,33193,57000,-23807,0,0,0,0,0,0,0,0,0,0,0,0,0,-23807
056697,緯穎群益98購01  ,0,0,0,0,0,0,0,0,0,-24000,0,0,0,95000,119000,-24000,-24000
056845,揚明光元富98購01,0,0,0,0,0,0,0,0,0,-24000,0,0,0,0,24000,-24000,-24000
056558,台達電群益98購01,0,0,0,0,0,0,0,0,0,-24000,0,0,0,21000,45000,-24000,-24000
057292,國巨國泰9B購01  ,0,0,0,0,0,0,0,0,0,-24000,0,0,0,121000,145000,-24000,-24000
057340,玉晶光元富98購04,0,0,0,0,0,0,0,0,0,-24000,0,0,0,0,24000,-24000,-24000
057150,貿聯國票99購02  ,0,0,0,0,0,0,0,0,0,-24000,0,0,0,0,24000,-24000,-24000
056990,聯發科兆豐98購01,0,0,0,0,0,0,0,0,0,-24000,0,0,0,129000,153000,-24000,-24000
056177,嘉澤元富97購01  ,0,0,0,0,0,0,0,0,0,-24000,0,0,0,20000,44000,-24000,-24000
056028,GIS群益97購02   ,0,0,0,0,0,0,0,0,0,-24000,0,0,0,1000,25000,-24000,-24000
00762,元大全球AI      ,0,0,0,0,0,0,0,0,0,-24000,0,0,0,38000,62000,-24000,-24000
03828P,致茂中信95售01  ,0,0,0,0,0,0,0,0,0,-24000,0,0,0,46000,70000,-24000,-24000
051005,緯創中信95購02  ,0,0,0,0,0,0,0,0,0,-24000,0,0,0,0,24000,-24000,-24000
050023,國巨元大94購12  ,0,0,0,0,0,0,0,0,0,-24000,0,0,0,7000,31000,-24000,-24000
052159,瑞昱永豐95購01  ,0,0,0,0,0,0,0,0,0,-24000,0,0,0,79000,103000,-24000,-24000
052293,泰碩國票95購03  ,0,0,0,0,0,0,0,0,0,-24000,0,0,0,16000,40000,-24000,-24000
049499,康控元大96購01  ,0,0,0,0,0,0,0,0,0,-24000,0,0,0,78000,102000,-24000,-24000
050385,貿聯國票95購02  ,0,0,0,0,0,0,0,0,0,-24000,0,0,0,6000,30000,-24000,-24000
049398,微星群益94購02  ,0,0,0,0,0,0,0,0,0,-24000,0,0,0,20000,44000,-24000,-24000
053197,超眾元富96購02  ,0,0,0,0,0,0,0,0,0,-24000,0,0,0,43000,67000,-24000,-24000
053432,世紀鋼永豐96購02,0,0,0,0,0,0,0,0,0,-24000,0,0,0,31000,55000,-24000,-24000
054171,台郡凱基97購01  ,0,0,0,0,0,0,0,0,0,-24000,0,0,0,0,24000,-24000,-24000
054470,緯穎國票97購04  ,0,0,0,0,0,0,0,0,0,-24000,0,0,0,13000,37000,-24000,-24000
054889,京鼎統一99購01  ,0,0,0,0,0,0,0,0,0,-24000,0,0,0,176000,200000,-24000,-24000
054931,緯穎凱基98購01  ,0,0,0,0,0,0,0,0,0,-24000,0,0,0,170000,194000,-24000,-24000
1560,中砂            ,16000,40000,-24000,0,0,0,0,0,0,0,0,0,0,0,0,0,-24000
2015,豐興            ,169000,242000,-73000,0,0,0,50000,0,50000,-1000,0,1000,-1000,0,0,0,-24000
057554,新日興凱基99購02,0,0,0,0,0,0,0,0,0,-24000,0,0,0,8000,32000,-24000,-24000
9924,福興            ,40000,63000,-23000,0,0,0,0,0,0,-1000,0,1000,-1000,0,0,0,-24000
2615,萬海            ,418000,444820,-26820,0,0,0,2000,0,2000,0,1000,1000,0,0,0,0,-24820
055683,晶技凱基99購01  ,0,0,0,0,0,0,0,0,0,-25000,0,0,0,105000,130000,-25000,-25000
055584,國巨元大97購11  ,0,0,0,0,0,0,0,0,0,-25000,0,0,0,175000,200000,-25000,-25000
055282,聯發科元大97購15,0,0,0,0,0,0,0,0,0,-25000,0,0,0,96000,121000,-25000,-25000
057020,台積電凱基99購02,0,0,0,0,0,0,0,0,0,-25000,0,0,0,0,25000,-25000,-25000
056896,南亞科元大98購01,0,0,0,0,0,0,0,0,0,-25000,0,0,0,91000,116000,-25000,-25000
056894,佳世達元大99購01,0,0,0,0,0,0,0,0,0,-25000,0,0,0,0,25000,-25000,-25000
057164,國巨元大98購14  ,0,0,0,0,0,0,0,0,0,-25000,0,0,0,215000,240000,-25000,-25000
057490,可成元大98購10  ,0,0,0,0,0,0,0,0,0,-25000,0,0,0,0,25000,-25000,-25000
057427,華通兆豐99購01  ,0,0,0,0,0,0,0,0,0,-25000,0,0,0,0,25000,-25000,-25000
057392,福懋科永豐98購01,0,0,0,0,0,0,0,0,0,-25000,0,0,0,0,25000,-25000,-25000
056742,玉晶光凱基9A購01,0,0,0,0,0,0,0,0,0,-25000,0,0,0,5000,30000,-25000,-25000
056738,國巨凱基9A購02  ,0,0,0,0,0,0,0,0,0,-25000,0,0,0,13000,38000,-25000,-25000
05116P,台積電群益95售03,0,0,0,0,0,0,0,0,0,-25000,0,0,0,26000,51000,-25000,-25000
047485,景碩凱基94購01  ,0,0,0,0,0,0,0,0,0,-25000,0,0,0,0,25000,-25000,-25000
04668P,臺股指國票94售07,0,0,0,0,0,0,0,0,0,-25000,0,0,0,0,25000,-25000,-25000
045535,A50正2群益94購01,0,0,0,0,0,0,0,0,0,-25000,0,0,0,0,25000,-25000,-25000
04544P,欣興富邦96售02  ,0,0,0,0,0,0,0,0,0,-25000,0,0,0,0,25000,-25000,-25000
047354,訊芯凱基94購01  ,0,0,0,0,0,0,0,0,0,-25000,0,0,0,6000,31000,-25000,-25000
044401,亞光凱基93購01  ,0,0,0,0,0,0,0,0,0,-25000,0,0,0,20000,45000,-25000,-25000
044407,聯茂凱基93購01  ,0,0,0,0,0,0,0,0,0,-25000,0,0,0,2000,27000,-25000,-25000
049742,日月光群益94購02,0,0,0,0,0,0,0,0,0,-25000,0,0,0,13000,38000,-25000,-25000
050895,聯發科元大97購01,0,0,0,0,0,0,0,0,0,-25000,0,0,0,71000,96000,-25000,-25000
049364,燿華元大94購02  ,0,0,0,0,0,0,0,0,0,-25000,0,0,0,0,25000,-25000,-25000
051850,臻鼎中信96購01  ,0,0,0,0,0,0,0,0,0,-25000,0,0,0,0,25000,-25000,-25000
05181P,健策凱基95售01  ,0,0,0,0,0,0,0,0,0,-25000,0,0,0,0,25000,-25000,-25000
051597,T50反1中信99購02,0,0,0,0,0,0,0,0,0,-25000,0,0,0,0,25000,-25000,-25000
051402,玉晶光永豐95購04,0,0,0,0,0,0,0,0,0,-25000,0,0,0,5000,30000,-25000,-25000
048768,景碩凱基94購02  ,0,0,0,0,0,0,0,0,0,-25000,0,0,0,0,25000,-25000,-25000
051412,奇力新國票96購01,0,0,0,0,0,0,0,0,0,-25000,0,0,0,0,25000,-25000,-25000
051324,康友國票96購01  ,0,0,0,0,0,0,0,0,0,-25000,0,0,0,2000,27000,-25000,-25000
054914,億光凱基98購01  ,0,0,0,0,0,0,0,0,0,-25000,0,0,0,10000,35000,-25000,-25000
05458P,台積電凱基97售02,0,0,0,0,0,0,0,0,0,-25000,0,0,0,0,25000,-25000,-25000
054106,元油反凱基9C購01,0,0,0,0,0,0,0,0,0,-25000,0,0,0,0,25000,-25000,-25000
054357,可成兆豐97購02  ,0,0,0,0,0,0,0,0,0,-25000,0,0,0,5000,30000,-25000,-25000
053935,華通元富96購02  ,0,0,0,0,0,0,0,0,0,-25000,0,0,0,0,25000,-25000,-25000
053298,SP黃豆凱基99購01,0,0,0,0,0,0,0,0,0,-25000,0,0,0,0,25000,-25000,-25000
052977,奇力新麥證97購01,0,0,0,20000,46000,-26000,0,0,0,-25000,0,0,0,21000,46000,-25000,-25000
052445,南亞科元大95購05,0,0,0,0,0,0,0,0,0,-25000,0,0,0,76000,101000,-25000,-25000
052670,茂林群益96購02  ,0,0,0,0,0,0,0,0,0,-25000,0,0,0,74000,99000,-25000,-25000
2467,志聖            ,17000,43000,-26000,0,0,0,0,0,0,1000,1000,0,1000,0,0,0,-25000
057513,智邦台新98購01  ,0,0,0,0,0,0,0,0,0,-25000,0,0,0,0,25000,-25000,-25000
057528,南亞科元大99購01,0,0,0,0,0,0,0,0,0,-25000,0,0,0,18000,43000,-25000,-25000
05940P,聯發科凱基96售21,0,0,0,0,0,0,0,0,0,-25000,0,0,0,0,25000,-25000,-25000
06227P,大立光群益97售04,0,0,0,0,0,0,0,0,0,-25000,0,0,0,73000,98000,-25000,-25000
06211P,鴻海元大98售04  ,0,0,0,0,0,0,0,0,0,-25000,0,0,0,69000,94000,-25000,-25000
06099P,鴻海日盛97售03  ,0,0,0,0,0,0,0,0,0,-25000,0,0,0,0,25000,-25000,-25000
1308,亞聚            ,37000,66000,-29000,0,0,0,0,0,0,4000,6000,2000,4000,0,0,0,-25000
06391P,上銀中信97售03  ,0,0,0,0,0,0,0,0,0,-25000,0,0,0,5000,30000,-25000,-25000
06670P,鴻海群益98售06  ,0,0,0,0,0,0,0,0,0,-25000,0,0,0,0,25000,-25000,-25000
056577,玉晶光元大99購06,0,0,0,0,0,0,0,0,0,-26000,0,0,0,11000,37000,-26000,-26000
056468,鴻海元大98購07  ,0,0,0,0,0,0,0,0,0,-26000,0,0,0,56000,82000,-26000,-26000
056453,禾伸堂凱基99購02,0,0,0,0,0,0,0,0,0,-26000,0,0,0,38000,64000,-26000,-26000
056448,全新凱基99購01  ,0,0,0,0,0,0,0,0,0,-26000,0,0,0,25000,51000,-26000,-26000
055366,國巨元大98購05  ,0,0,0,0,0,0,0,0,0,-26000,0,0,0,179000,205000,-26000,-26000
055093,京鼎群益98購01  ,0,0,0,0,0,0,0,0,0,-26000,0,0,0,80000,106000,-26000,-26000
055061,聯詠永豐97購01  ,0,0,0,0,0,0,0,0,0,-26000,0,0,0,5000,31000,-26000,-26000
048412,台勝科亞東93購01,0,0,0,0,0,0,0,0,0,-26000,0,0,0,9000,35000,-26000,-26000
03334P,宏達電元大02售04,0,0,0,0,0,0,0,0,0,-26000,0,0,0,0,26000,-26000,-26000
03454P,台積電凱基03售14,0,0,0,0,0,0,0,0,0,-26000,0,0,0,3000,29000,-26000,-26000
051179,臺股指凱基95購04,0,0,0,0,0,0,0,0,0,-26000,0,0,0,5000,31000,-26000,-26000
048102,矽力凱基94購01  ,0,0,0,0,0,0,0,0,0,-26000,0,0,0,0,26000,-26000,-26000
049897,華新科統一94購07,0,0,0,0,0,0,0,0,0,-26000,0,0,0,23000,49000,-26000,-26000
052276,力成群益96購01  ,0,0,0,0,0,0,0,0,0,-26000,0,0,0,0,26000,-26000,-26000
050959,元金2X永豐95購02,0,0,0,0,0,0,0,0,0,-26000,0,0,0,136000,162000,-26000,-26000
053070,訊芯群益96購01  ,0,0,0,0,0,0,0,0,0,-26000,0,0,0,95000,121000,-26000,-26000
052815,滬深2X永豐97購01,0,0,0,0,0,0,0,0,0,-26000,0,0,0,4000,30000,-26000,-26000
053167,欣興群益96購03  ,0,0,0,0,0,0,0,0,0,-26000,0,0,0,16000,42000,-26000,-26000
05395P,旺宏元大96售06  ,0,0,0,0,0,0,0,0,0,-26000,0,0,0,100000,126000,-26000,-26000
05416P,喬山永豐95售04  ,0,0,0,0,0,0,0,0,0,-26000,0,0,0,0,26000,-26000,-26000
054261,智伸科元大96購03,0,0,0,0,0,0,0,0,0,-26000,0,0,0,92000,118000,-26000,-26000
054788,華新科群益98購02,0,0,0,0,0,0,0,0,0,-26000,0,0,0,14000,40000,-26000,-26000
2642,宅配通          ,27000,53000,-26000,0,0,0,0,0,0,0,0,0,0,0,0,0,-26000
05505P,聯發科凱基96售09,0,20000,-20000,0,0,0,0,0,0,-7000,0,0,0,74000,81000,-7000,-27000
055277,旺宏元大97購04  ,0,0,0,0,0,0,0,0,0,-27000,0,0,0,123000,150000,-27000,-27000
055535,緯創群益98購01  ,0,0,0,0,0,0,0,0,0,-27000,0,0,0,139000,166000,-27000,-27000
055670,矽創群益98購02  ,0,0,0,0,0,0,0,0,0,-27000,0,0,0,5000,32000,-27000,-27000
055604,訊芯元大98購02  ,0,0,0,0,0,0,0,0,0,-27000,0,0,0,0,27000,-27000,-27000
055606,矽創元大97購01  ,0,0,0,0,0,0,0,0,0,-27000,0,0,0,215000,242000,-27000,-27000
055414,奇力新富邦9B購01,0,0,0,0,0,0,0,0,0,-27000,0,0,0,21000,48000,-27000,-27000
056565,欣興群益98購03  ,0,0,0,0,0,0,0,0,0,-27000,0,0,0,17000,44000,-27000,-27000
056396,祥碩永豐98購01  ,0,0,0,0,0,0,0,0,0,-27000,0,0,0,17000,44000,-27000,-27000
057484,南亞科元大98購06,0,0,0,0,0,0,0,0,0,-27000,0,0,0,0,27000,-27000,-27000
057333,智邦國票99購01  ,0,10000,-10000,0,0,0,0,0,0,-17000,0,0,0,21000,38000,-17000,-27000
057105,致茂群益9A購01  ,0,0,0,0,0,0,0,0,0,-27000,0,0,0,5000,32000,-27000,-27000
057016,中石化凱基9B購01,0,0,0,0,0,0,0,0,0,-27000,0,0,0,3000,30000,-27000,-27000
050808,台達電凱基96購02,0,0,0,0,0,0,0,0,0,-27000,0,0,0,10000,37000,-27000,-27000
04696P,亞德客國泰95售02,0,0,0,0,0,0,0,0,0,-27000,0,0,0,200000,227000,-27000,-27000
04849P,GIS中信94售01   ,0,0,0,0,0,0,0,0,0,-27000,0,0,0,13000,40000,-27000,-27000
050402,緯穎中信96購01  ,0,0,0,0,0,0,0,0,0,-27000,0,0,0,16000,43000,-27000,-27000
049156,緯穎元大96購01  ,0,0,0,0,0,0,0,0,0,-27000,0,0,0,14000,41000,-27000,-27000
051088,台積電元大95購09,0,0,0,0,0,0,0,0,0,-27000,0,0,0,389000,416000,-27000,-27000
051202,智邦麥證95購01  ,0,0,0,0,27000,-27000,0,0,0,-27000,0,0,0,0,27000,-27000,-27000
051381,玉晶光群益98購01,0,0,0,0,0,0,0,0,0,-27000,0,0,0,22000,49000,-27000,-27000
050574,微星國票94購01  ,0,0,0,0,0,0,0,0,0,-27000,0,0,0,1000,28000,-27000,-27000
049893,日月光富邦98購01,0,0,0,0,0,0,0,0,0,-27000,0,0,0,4000,31000,-27000,-27000
050063,聯發科凱基94購09,0,0,0,0,0,0,0,0,0,-27000,0,0,0,10000,37000,-27000,-27000
050504,全新凱基94購03  ,0,0,0,0,0,0,0,0,0,-27000,0,0,0,224000,251000,-27000,-27000
054941,凱美元大97購01  ,0,0,0,0,0,0,0,0,0,-27000,0,0,0,28000,55000,-27000,-27000
053945,國巨富邦98購02  ,0,0,0,0,0,0,0,0,0,-27000,0,0,0,881000,908000,-27000,-27000
053791,同欣電元大96購05,0,0,0,0,0,0,0,0,0,-27000,0,0,0,23000,50000,-27000,-27000
6504,南六            ,15000,37000,-22000,0,0,0,0,0,0,-5000,0,5000,-5000,0,0,0,-27000
06695P,群創兆豐98售04  ,0,0,0,0,0,0,0,0,0,-27000,0,0,0,0,27000,-27000,-27000
06163P,聯詠群益97售01  ,0,0,0,0,0,0,0,0,0,-27000,0,0,0,75000,102000,-27000,-27000
05989P,健策元富96售01  ,0,0,0,0,0,0,0,0,0,-27000,0,0,0,0,27000,-27000,-27000
06004P,奇力新永豐96售02,0,0,0,0,0,0,0,0,0,-27000,0,0,0,20000,47000,-27000,-27000
05934P,國巨凱基96售13  ,0,0,0,0,0,0,0,0,0,-27000,0,0,0,84000,111000,-27000,-27000
05823P,臺股指凱基96售20,0,0,0,0,0,0,0,0,0,-27000,0,0,0,43000,70000,-27000,-27000
9802,鈺齊-KY         ,272000,486446,-214446,0,0,0,63000,15000,48000,139000,0,21000,-21000,196000,36000,160000,-27446
05727P,新光金日盛96售02,0,0,0,0,0,0,0,0,0,-28000,0,0,0,48000,76000,-28000,-28000
056282,S&P反1永豐97購01,0,0,0,0,0,0,0,0,0,-28000,0,0,0,0,28000,-28000,-28000
056560,旺宏群益98購03  ,0,0,0,0,0,0,0,0,0,-28000,0,0,0,14000,42000,-28000,-28000
056820,欣興永豐98購02  ,0,0,0,0,0,0,0,0,0,-28000,0,0,0,4000,32000,-28000,-28000
056702,欣興國泰9A購01  ,0,0,0,0,0,0,0,0,0,-28000,0,0,0,41000,69000,-28000,-28000
055373,聯詠元大97購03  ,0,0,0,0,0,0,0,0,0,-28000,0,0,0,2000,30000,-28000,-28000
055803,鎧勝永豐97購01  ,0,0,0,0,0,0,0,0,0,-28000,0,0,0,55000,83000,-28000,-28000
056273,祥碩統一97購02  ,0,0,0,0,0,0,0,0,0,-28000,0,0,0,0,28000,-28000,-28000
048506,華通群益94購03  ,0,0,0,0,0,0,0,0,0,-28000,0,0,0,0,28000,-28000,-28000
048552,鴻海元大94購03  ,0,0,0,0,0,0,0,0,0,-28000,0,0,0,2000,30000,-28000,-28000
051118,台塑群益95購01  ,0,0,0,0,0,0,0,0,0,-28000,0,0,0,20000,48000,-28000,-28000
048063,聯發科統一93購03,0,0,0,0,0,0,0,0,0,-28000,0,0,0,0,28000,-28000,-28000
044468,台積電群益93購01,0,0,0,0,0,0,0,0,0,-28000,0,0,0,2000,30000,-28000,-28000
044805,旭富凱基93購01  ,0,0,0,0,0,0,0,0,0,-28000,0,0,0,1000,29000,-28000,-28000
049569,光磊統一94購02  ,0,0,0,0,0,0,0,0,0,-28000,0,0,0,0,28000,-28000,-28000
051506,台積電元富95購06,0,0,0,0,0,0,0,0,0,-28000,0,0,0,778000,806000,-28000,-28000
050022,鴻海元大94購11  ,0,0,0,0,0,0,0,0,0,-28000,0,0,0,6000,34000,-28000,-28000
050006,華擎永豐94購03  ,0,0,0,0,0,0,0,0,0,-28000,0,0,0,43000,71000,-28000,-28000
050579,聯發科國票95購04,0,0,0,0,0,0,0,0,0,-28000,0,0,0,0,28000,-28000,-28000
048852,旺宏群益96購02  ,0,0,0,0,0,0,0,0,0,-28000,0,0,0,10000,38000,-28000,-28000
05119P,聯發科國泰96售02,0,0,0,0,0,0,0,0,0,-28000,0,0,0,12000,40000,-28000,-28000
050353,華擎群益95購01  ,0,0,0,0,0,0,0,0,0,-28000,0,0,0,52000,80000,-28000,-28000
054300,華通凱基96購07  ,0,0,0,0,0,0,0,0,0,-28000,0,0,0,42000,70000,-28000,-28000
054778,世紀鋼國票99購01,0,0,0,0,0,0,0,0,0,-28000,0,0,0,17000,45000,-28000,-28000
054586,健鼎國泰99購01  ,0,0,0,0,0,0,0,0,0,-28000,0,0,0,75000,103000,-28000,-28000
052794,群創兆豐97購01  ,0,0,0,0,0,0,0,0,0,-28000,0,0,0,12000,40000,-28000,-28000
052366,聯詠國票96購01  ,0,0,0,0,0,0,0,0,0,-28000,0,0,0,0,28000,-28000,-28000
2429,銘旺科          ,25000,53000,-28000,0,0,0,0,0,0,0,0,0,0,0,0,0,-28000
3028,增你強          ,32000,60000,-28000,0,0,0,0,0,0,0,0,0,0,0,0,0,-28000
06148P,台積電元大97售17,0,0,0,0,0,0,0,0,0,-28000,0,0,0,0,28000,-28000,-28000
06760P,台積電元大98售18,0,0,0,0,0,0,0,0,0,-28000,0,0,0,60000,88000,-28000,-28000
055938,矽力群益97購01  ,0,0,0,0,0,0,0,0,0,-29000,0,0,0,91000,120000,-29000,-29000
05542P,滬深2X元富96售01,0,0,0,0,0,0,0,0,0,-29000,0,0,0,0,29000,-29000,-29000
055247,聯發科統一98購01,0,0,0,0,0,0,0,0,0,-29000,0,0,0,0,29000,-29000,-29000
056562,奇力新群益98購01,0,0,0,0,0,0,0,0,0,-29000,0,0,0,295000,324000,-29000,-29000
057028,台郡凱基99購02  ,0,0,0,0,0,0,0,0,0,-29000,0,0,0,6000,35000,-29000,-29000
047418,智邦富邦97購01  ,0,0,0,0,0,0,0,0,0,-29000,0,0,0,175000,204000,-29000,-29000
048094,大立光凱基93購31,0,0,0,0,0,0,0,0,0,-29000,0,0,0,110000,139000,-29000,-29000
048163,南亞科台新93購01,0,0,0,0,0,0,0,0,0,-29000,0,0,0,20000,49000,-29000,-29000
046574,泰鼎國泰94購01  ,0,0,0,0,0,0,0,0,0,-29000,0,0,0,167000,196000,-29000,-29000
051428,玉晶光統一96購01,0,0,0,0,0,0,0,0,0,-29000,0,0,0,1000,30000,-29000,-29000
051798,國巨永豐95購03  ,0,0,0,0,0,0,0,0,0,-29000,0,0,0,13000,42000,-29000,-29000
051642,鈺齊台新95購01  ,0,0,0,0,0,0,0,0,0,-29000,0,0,0,286000,315000,-29000,-29000
049706,世紀鋼元大95購02,0,0,0,0,0,0,0,0,0,-29000,0,0,0,46000,75000,-29000,-29000
052121,全新國票96購03  ,0,0,0,0,0,0,0,0,0,-29000,0,0,0,0,29000,-29000,-29000
050437,聯詠凱基94購04  ,0,0,0,0,0,0,0,0,0,-29000,0,0,0,0,29000,-29000,-29000
049776,全新統一95購02  ,0,0,0,0,0,0,0,0,0,-29000,0,0,0,0,29000,-29000,-29000
054144,康控元大97購02  ,0,0,0,0,0,0,0,0,0,-29000,0,0,0,140000,169000,-29000,-29000
053863,聯發科元大96購18,0,0,0,0,0,0,0,0,0,-29000,0,0,0,31000,60000,-29000,-29000
05867P,友達兆豐97售02  ,0,0,0,0,0,0,0,0,0,-29000,0,0,0,81000,110000,-29000,-29000
057267,康控兆豐99購01  ,0,0,0,0,0,0,0,0,0,-30000,0,0,0,10000,40000,-30000,-30000
057229,友達凱基9B購02  ,0,0,0,0,0,0,0,0,0,-30000,0,0,0,0,30000,-30000,-30000
05719P,可成元大96售03  ,0,0,0,0,0,0,0,0,0,-30000,0,0,0,217000,247000,-30000,-30000
056416,華新科中信98購01,0,0,0,0,0,0,0,0,0,-30000,0,0,0,19000,49000,-30000,-30000
056684,旺宏統一98購02  ,0,0,0,0,0,0,0,0,0,-30000,0,0,0,48000,78000,-30000,-30000
056830,友達富邦99購01  ,0,0,0,0,0,0,0,0,0,-30000,0,0,0,20000,50000,-30000,-30000
056763,國巨元大99購02  ,0,0,0,0,0,0,0,0,0,-30000,0,0,0,0,30000,-30000,-30000
056776,聯茂元大99購01  ,0,0,0,0,0,0,0,0,0,-30000,0,0,0,0,30000,-30000,-30000
055486,國巨元大98購06  ,0,0,0,0,0,0,0,0,0,-30000,0,0,0,88000,118000,-30000,-30000
056204,嘉澤永豐97購01  ,0,0,0,0,0,0,0,0,0,-30000,0,0,0,0,30000,-30000,-30000
056119,欣興群益97購02  ,0,0,0,0,0,0,0,0,0,-30000,0,0,0,0,30000,-30000,-30000
047617,瑞昱凱基93購07  ,0,0,0,0,0,0,0,0,0,-30000,0,0,0,0,30000,-30000,-30000
047640,聯發科元大93購17,0,0,0,0,0,0,0,0,0,-30000,0,0,0,0,30000,-30000,-30000
047654,鴻海兆豐93購01  ,0,0,0,0,0,0,0,0,0,-30000,0,0,0,0,30000,-30000,-30000
046973,矽力群益93購01  ,0,0,0,0,0,0,0,0,0,-30000,0,0,0,0,30000,-30000,-30000
046695,瑞昱凱基93購03  ,0,0,0,0,0,0,0,0,0,-30000,0,0,0,0,30000,-30000,-30000
046648,和鑫國泰94購01  ,0,0,0,0,0,0,0,0,0,-30000,0,0,0,0,30000,-30000,-30000
048162,矽力麥證93購01  ,0,0,0,34000,64000,-30000,0,0,0,-30000,0,0,0,34000,64000,-30000,-30000
048203,矽力元大93購02  ,0,0,0,0,0,0,0,0,0,-30000,0,0,0,1000,31000,-30000,-30000
048533,景碩國票94購01  ,0,0,0,0,0,0,0,0,0,-30000,0,0,0,0,30000,-30000,-30000
047554,聯詠凱基93購04  ,0,0,0,0,0,0,0,0,0,-30000,0,0,0,0,30000,-30000,-30000
048035,聯詠凱基93購06  ,0,0,0,0,0,0,0,0,0,-30000,0,0,0,0,30000,-30000,-30000
04801P,矽力元大94售02  ,0,0,0,0,0,0,0,0,0,-30000,0,0,0,0,30000,-30000,-30000
047829,旺宏元大93購06  ,0,0,0,0,0,0,0,0,0,-30000,0,0,0,90000,120000,-30000,-30000
051033,台積電兆豐95購03,0,0,0,0,0,0,0,0,0,-30000,0,0,0,0,30000,-30000,-30000
049284,瑞昱中信94購02  ,0,0,0,0,0,0,0,0,0,-30000,0,0,0,37000,67000,-30000,-30000
050990,T50反1元大95購01,0,0,0,0,0,0,0,0,0,-30000,0,0,0,5000,35000,-30000,-30000
050124,元金2X凱基95購01,0,0,0,0,0,0,0,0,0,-30000,0,0,0,30000,60000,-30000,-30000
048436,聯茂日盛93購01  ,0,0,0,0,0,0,0,0,0,-30000,0,0,0,0,30000,-30000,-30000
047345,鴻海凱基94購06  ,0,0,0,0,0,0,0,0,0,-30000,0,0,0,5000,35000,-30000,-30000
047360,鴻海群益95購02  ,0,0,0,0,0,0,0,0,0,-30000,0,0,0,20000,50000,-30000,-30000
048378,貿聯元富93購01  ,0,0,0,0,0,0,0,0,0,-30000,0,0,0,0,30000,-30000,-30000
046299,大立光富邦93購04,0,0,0,0,0,0,0,0,0,-30000,0,0,0,0,30000,-30000,-30000
044834,旺宏元大93購02  ,0,0,0,0,0,0,0,0,0,-30000,0,0,0,5000,35000,-30000,-30000
03146P,台灣50群益03售01,0,0,0,0,0,0,0,0,0,-30000,0,0,0,0,30000,-30000,-30000
042644,貿聯兆豐92購01  ,0,0,0,0,0,0,0,0,0,-30000,0,0,0,0,30000,-30000,-30000
04207P,臺股指元大93售47,0,0,0,0,0,0,0,0,0,-30000,0,0,0,0,30000,-30000,-30000
00711B,FH彭博新興債    ,0,0,0,0,0,0,0,0,0,-30000,0,0,0,117000,147000,-30000,-30000
049642,鴻海凱基94購16  ,0,0,0,0,0,0,0,0,0,-30000,0,0,0,0,30000,-30000,-30000
052156,滬深2X永豐95購03,0,0,0,0,0,0,0,0,0,-30000,0,0,0,0,30000,-30000,-30000
049690,義隆元大95購02  ,0,0,0,0,0,0,0,0,0,-30000,0,0,0,0,30000,-30000,-30000
050670,牧德永豐94購03  ,0,0,0,0,0,0,0,0,0,-30000,0,0,0,12000,42000,-30000,-30000
052011,欣興中信96購01  ,0,0,0,0,0,0,0,0,0,-30000,0,0,0,10000,40000,-30000,-30000
049344,華固統一94購01  ,0,0,0,0,0,0,0,0,0,-30000,0,0,0,0,30000,-30000,-30000
051758,瑞昱元大95購01  ,0,0,0,0,0,0,0,0,0,-30000,0,0,0,6000,36000,-30000,-30000
051435,聯茂元富95購01  ,0,0,0,0,0,0,0,0,0,-30000,0,0,0,0,30000,-30000,-30000
05086P,鴻海凱基95售13  ,0,0,0,0,0,0,0,0,0,-30000,0,0,0,0,30000,-30000,-30000
051590,玉晶光元大96購02,0,0,0,0,0,0,0,0,0,-30000,0,0,0,14000,44000,-30000,-30000
051242,台積電元大96購06,0,0,0,0,0,0,0,0,0,-30000,0,0,0,513000,543000,-30000,-30000
051278,臻鼎中信97購02  ,0,0,0,0,0,0,0,0,0,-30000,0,0,0,0,30000,-30000,-30000
050360,T50反1元大94購06,0,0,0,0,0,0,0,0,0,-30000,0,0,0,0,30000,-30000,-30000
04954P,健策國票96售01  ,0,0,0,0,0,0,0,0,0,-30000,0,0,0,0,30000,-30000,-30000
050341,光寶科元富94購01,0,0,0,0,0,0,0,0,0,-30000,0,0,0,0,30000,-30000,-30000
049517,台光電國票94購02,0,0,0,0,0,0,0,0,0,-30000,0,0,0,0,30000,-30000,-30000
049229,台化富邦94購01  ,0,0,0,0,0,0,0,0,0,-30000,0,0,0,0,30000,-30000,-30000
049222,和碩國票94購01  ,0,0,0,0,0,0,0,0,0,-30000,0,0,0,0,30000,-30000,-30000
048926,燿華永豐95購01  ,0,0,0,0,0,0,0,0,0,-30000,0,0,0,0,30000,-30000,-30000
049455,上海銀統一94購02,0,0,0,0,0,0,0,0,0,-30000,0,0,0,30000,60000,-30000,-30000
053864,義隆元大96購01  ,0,0,0,0,0,0,0,0,0,-30000,0,0,0,68000,98000,-30000,-30000
053848,聯發科元富96購03,0,0,0,0,0,0,0,0,0,-30000,0,0,0,0,30000,-30000,-30000
053984,康友元大96購05  ,0,0,0,0,0,0,0,0,0,-30000,0,0,0,119000,149000,-30000,-30000
054160,華泰凱基98購01  ,0,0,0,0,0,0,0,0,0,-30000,0,0,0,0,30000,-30000,-30000
054605,鴻海永豐97購01  ,0,0,0,0,0,0,0,0,0,-30000,0,0,0,0,30000,-30000,-30000
054543,元金2X中信01購01,0,0,0,0,0,0,0,0,0,-30000,0,0,0,2000,32000,-30000,-30000
054723,鴻海日盛97購01  ,0,0,0,0,0,0,0,0,0,-30000,0,0,0,40000,70000,-30000,-30000
054690,新興永豐97購01  ,0,0,0,0,0,0,0,0,0,-30000,0,0,0,0,30000,-30000,-30000
054615,牧德永豐98購01  ,0,0,0,0,0,0,0,0,0,-30000,0,0,0,37000,67000,-30000,-30000
052388,旺宏群益96購05  ,0,0,0,0,0,0,0,0,0,-30000,0,0,0,12000,42000,-30000,-30000
052454,力成元大95購02  ,0,0,0,0,0,0,0,0,0,-30000,0,0,0,0,30000,-30000,-30000
052679,致伸富邦98購01  ,0,0,0,0,0,0,0,0,0,-30000,0,0,0,115000,145000,-30000,-30000
052737,滬深2X元大96購06,0,0,0,0,0,0,0,0,0,-30000,0,0,0,0,30000,-30000,-30000
052551,台積電國票97購03,0,0,0,0,0,0,0,0,0,-30000,0,0,0,0,30000,-30000,-30000
05281P,南亞科元大95售03,0,0,0,0,0,0,0,0,0,-30000,0,0,0,200000,230000,-30000,-30000
052839,上海銀國泰97購01,0,0,0,0,0,0,0,0,0,-30000,0,0,0,19000,49000,-30000,-30000
05295P,緯創凱基95售01  ,0,0,0,0,0,0,0,0,0,-30000,0,0,0,0,30000,-30000,-30000
05313P,臺股指群益95售12,0,0,0,0,0,0,0,0,0,-30000,0,0,0,0,30000,-30000,-30000
053487,台泥兆豐97購01  ,0,0,0,0,0,0,0,0,0,-30000,0,0,0,5000,35000,-30000,-30000
053458,聯詠國泰97購01  ,0,0,0,0,0,0,0,0,0,-30000,0,0,0,0,30000,-30000,-30000
053657,元大金凱基96購01,0,0,0,0,0,0,0,0,0,-30000,0,0,0,0,30000,-30000,-30000
053607,大立光第一96購01,0,0,0,0,0,0,0,0,0,-30000,0,0,0,0,30000,-30000,-30000
053611,聯茂麥證96購01  ,0,0,0,0,30000,-30000,0,0,0,-30000,0,0,0,0,30000,-30000,-30000
05855P,滬深2X中信9C售01,0,0,0,0,0,0,0,0,0,-30000,0,0,0,0,30000,-30000,-30000
06129P,玉晶光元富97售06,0,0,0,0,0,0,0,0,0,-30000,0,0,0,14000,44000,-30000,-30000
06314P,GIS元富97售02   ,0,0,0,0,0,0,0,0,0,-30000,0,0,0,6000,36000,-30000,-30000
06733P,鴻海凱基99售02  ,0,0,0,0,0,0,0,0,0,-30000,0,0,0,0,30000,-30000,-30000
1512,瑞利            ,0,30000,-30000,0,0,0,0,0,0,0,0,0,0,0,0,0,-30000
1467,南緯            ,0,30000,-30000,0,0,0,0,0,0,0,0,0,0,0,0,0,-30000
055831,台達電元大97購01,0,0,0,0,0,0,0,0,0,-31000,0,0,0,15000,46000,-31000,-31000
055264,國巨永豐98購01  ,0,0,0,0,0,0,0,0,0,-31000,0,0,0,94000,125000,-31000,-31000
05661P,聯發科統一96售06,0,0,0,0,0,0,0,0,0,-31000,0,0,0,0,31000,-31000,-31000
05658P,日月光元富96售02,0,0,0,0,0,0,0,0,0,-31000,0,0,0,77000,108000,-31000,-31000
056338,聯發科凱基99購01,0,0,0,0,0,0,0,0,0,-31000,0,0,0,1000,32000,-31000,-31000
057189,康控元大98購02  ,0,0,0,0,0,0,0,0,0,-31000,0,0,0,15000,46000,-31000,-31000
057283,欣興元大98購07  ,0,0,0,0,0,0,0,0,0,-31000,0,0,0,66000,97000,-31000,-31000
057348,台積電統一98購09,0,0,0,0,0,0,0,0,0,-31000,0,0,0,0,31000,-31000,-31000
057321,台泥群益98購01  ,0,0,0,0,0,0,0,0,0,-31000,0,0,0,0,31000,-31000,-31000
057352,大立光統一9A購02,0,0,0,0,0,0,0,0,0,-31000,0,0,0,0,31000,-31000,-31000
03993P,滬深2X中信94售03,0,0,0,0,0,0,0,0,0,-31000,0,0,0,0,31000,-31000,-31000
048052,力成中信93購01  ,0,0,0,0,0,0,0,0,0,-31000,0,0,0,17000,48000,-31000,-31000
048656,大立光元富93購05,0,0,0,0,0,0,0,0,0,-31000,0,0,0,0,31000,-31000,-31000
04826P,華新科麥證95售01,0,0,0,20000,51000,-31000,0,0,0,-31000,0,0,0,20000,51000,-31000,-31000
04850P,全新永豐94售03  ,0,0,0,0,0,0,0,0,0,-31000,0,0,0,0,31000,-31000,-31000
046896,臻鼎群益94購01  ,0,0,0,0,0,0,0,0,0,-31000,0,0,0,112000,143000,-31000,-31000
046396,矽創國泰93購01  ,0,0,0,0,0,0,0,0,0,-31000,0,0,0,0,31000,-31000,-31000
048897,日電貿國泰95購01,0,0,0,0,0,0,0,0,0,-31000,0,0,0,69000,100000,-31000,-31000
049228,台塑富邦94購01  ,0,0,0,0,0,0,0,0,0,-31000,0,0,0,20000,51000,-31000,-31000
050709,嘉聯益第一96購01,0,0,0,0,0,0,0,0,0,-31000,0,0,0,0,31000,-31000,-31000
052053,泰鼎凱基96購01  ,0,0,0,0,0,0,0,0,0,-31000,0,0,0,53000,84000,-31000,-31000
049965,矽創元富94購01  ,0,0,0,0,0,0,0,0,0,-31000,0,0,0,0,31000,-31000,-31000
053632,新唐兆豐96購01  ,0,0,0,0,0,0,0,0,0,-31000,0,0,0,0,31000,-31000,-31000
05312P,臺股指群益95售11,0,0,0,0,0,0,0,0,0,-31000,0,0,0,103000,134000,-31000,-31000
053157,日月光元大96購03,0,0,0,0,0,0,0,0,0,-31000,0,0,0,27000,58000,-31000,-31000
05246P,南電元大95售04  ,0,0,0,0,0,0,0,0,0,-31000,0,0,0,0,31000,-31000,-31000
052435,滬深2X富邦96購05,0,0,0,0,0,0,0,0,0,-31000,0,0,0,0,31000,-31000,-31000
054607,台積電永豐97購03,0,0,0,0,0,0,0,0,0,-31000,0,0,0,78000,109000,-31000,-31000
054420,緯穎元大96購08  ,0,0,0,0,0,0,0,0,0,-31000,0,0,0,141000,172000,-31000,-31000
05987P,健策統一96售02  ,0,0,0,0,0,0,0,0,0,-31000,0,0,0,0,31000,-31000,-31000
057450,國泰金元富98購01,0,0,0,0,0,0,0,0,0,-32000,0,0,0,97000,129000,-32000,-32000
057305,南亞科兆豐98購02,0,0,0,0,0,0,0,0,0,-32000,0,0,0,91000,123000,-32000,-32000
057240,茂林凱基9A購01  ,0,0,0,0,0,0,0,0,0,-32000,0,0,0,76000,108000,-32000,-32000
057242,台郡凱基98購05  ,0,0,0,0,0,0,0,0,0,-32000,0,0,0,0,32000,-32000,-32000
057148,玉晶光國票99購04,0,0,0,0,0,0,0,0,0,-32000,0,0,0,45000,77000,-32000,-32000
056514,訊芯亞東99購01  ,0,0,0,0,0,0,0,0,0,-32000,0,0,0,0,32000,-32000,-32000
056608,力山永豐98購01  ,0,0,0,0,0,0,0,0,0,-32000,0,0,0,0,32000,-32000,-32000
056624,景碩永豐98購01  ,0,0,0,0,0,0,0,0,0,-32000,0,0,0,11000,43000,-32000,-32000
055591,全新元大98購01  ,0,0,0,0,0,0,0,0,0,-32000,0,0,0,0,32000,-32000,-32000
055643,宏碁元富97購01  ,0,0,0,0,0,0,0,0,0,-32000,0,0,0,10000,42000,-32000,-32000
055908,GIS日盛97購01   ,0,0,0,0,0,0,0,0,0,-32000,0,0,0,128000,160000,-32000,-32000
048555,技嘉元大93購02  ,0,0,0,0,0,0,0,0,0,-32000,0,0,0,1000,33000,-32000,-32000
047545,智邦凱基93購05  ,0,0,0,0,0,0,0,0,0,-32000,0,0,0,0,32000,-32000,-32000
047755,麗豐元富93購01  ,0,0,0,0,0,0,0,0,0,-32000,0,0,0,60000,92000,-32000,-32000
049293,友訊群益95購01  ,0,0,0,0,0,0,0,0,0,-32000,0,0,0,40000,72000,-32000,-32000
044426,欣興國泰93購02  ,0,0,0,0,0,0,0,0,0,-32000,0,0,0,11000,43000,-32000,-32000
048319,嘉晶凱基93購04  ,0,0,0,0,0,0,0,0,0,-32000,0,0,0,80000,112000,-32000,-32000
049906,光寶科元大94購03,0,0,0,0,0,0,0,0,0,-32000,0,0,0,20000,52000,-32000,-32000
048795,復盛元大94購01  ,0,0,0,0,0,0,0,0,0,-32000,0,0,0,10000,42000,-32000,-32000
051322,國泰金國票96購01,0,0,0,0,0,0,0,0,0,-32000,0,0,0,0,32000,-32000,-32000
048981,牧德元大94購01  ,0,0,0,0,0,0,0,0,0,-32000,0,0,0,83000,115000,-32000,-32000
050313,大立光兆豐94購05,0,0,0,0,0,0,0,0,0,-32000,0,0,0,5000,37000,-32000,-32000
05087P,GIS國泰96售01   ,0,0,0,0,0,0,0,0,0,-32000,0,0,0,0,32000,-32000,-32000
051668,智邦元大95購02  ,0,0,0,0,0,0,0,0,0,-32000,0,0,0,129000,161000,-32000,-32000
054249,技嘉元大96購03  ,0,0,0,0,0,0,0,0,0,-32000,0,0,0,67000,99000,-32000,-32000
054424,大成鋼富邦97購02,0,0,0,0,0,0,0,0,0,-32000,0,0,0,10000,42000,-32000,-32000
054665,華通元富97購02  ,0,0,0,0,0,0,0,0,0,-32000,0,0,0,0,32000,-32000,-32000
053377,台積電元大98購01,0,0,0,0,0,0,0,0,0,-32000,0,0,0,421000,453000,-32000,-32000
06085P,義隆台新97售01  ,0,0,0,0,0,0,0,0,0,-32000,0,0,0,28000,60000,-32000,-32000
06189P,華新科永豐97售03,0,0,0,0,0,0,0,0,0,-32000,0,0,0,235000,267000,-32000,-32000
056014,上銀群益97購02  ,0,0,0,0,0,0,0,0,0,-33000,0,0,0,99000,132000,-33000,-33000
056579,麗豐元大99購01  ,0,0,0,0,0,0,0,0,0,-33000,0,0,0,0,33000,-33000,-33000
057213,華邦電群益98購01,0,0,0,0,0,0,0,0,0,-33000,0,0,0,11000,44000,-33000,-33000
057302,福懋科中信98購01,0,0,0,0,0,0,0,0,0,-33000,0,0,0,0,33000,-33000,-33000
044129,群創凱基93購02  ,0,0,0,0,0,0,0,0,0,-33000,0,0,0,10000,43000,-33000,-33000
050831,超眾凱基95購01  ,0,0,0,0,0,0,0,0,0,-33000,0,0,0,26000,59000,-33000,-33000
047751,玉山金元富93購01,0,0,0,0,0,0,0,0,0,-33000,0,0,0,0,33000,-33000,-33000
048691,智伸科群益94購01,0,0,0,0,0,0,0,0,0,-33000,0,0,0,23000,56000,-33000,-33000
051831,緯穎元大96購04  ,0,0,0,0,0,0,0,0,0,-33000,0,0,0,0,33000,-33000,-33000
050894,旺宏元大96購03  ,0,0,0,0,0,0,0,0,0,-33000,0,0,0,5000,38000,-33000,-33000
051560,玉晶光國泰97購03,0,0,0,0,0,0,0,0,0,-33000,0,0,0,22000,55000,-33000,-33000
048837,牧德凱基94購04  ,0,0,0,0,0,0,0,0,0,-33000,0,0,0,70000,103000,-33000,-33000
049494,華新科元大95購05,0,0,0,0,0,0,0,0,0,-33000,0,0,0,20000,53000,-33000,-33000
049479,矽格永豐94購01  ,0,0,0,0,0,0,0,0,0,-33000,0,0,0,0,33000,-33000,-33000
053263,華邦電群益96購03,0,0,0,0,0,0,0,0,0,-33000,0,0,0,0,33000,-33000,-33000
053745,康友國票97購01  ,0,0,0,0,0,0,0,0,0,-33000,0,0,0,0,33000,-33000,-33000
052489,義隆國票96購02  ,0,0,0,0,0,0,0,0,0,-33000,0,0,0,0,33000,-33000,-33000
05261P,鴻海元大95售20  ,0,0,0,0,0,0,0,0,0,-33000,0,0,0,789000,822000,-33000,-33000
054432,台積電台新96購05,0,0,0,0,0,0,0,0,0,-33000,0,0,0,63000,96000,-33000,-33000
054925,神達凱基97購01  ,0,0,0,0,0,0,0,0,0,-33000,0,0,0,432000,465000,-33000,-33000
054264,超眾元大97購02  ,0,0,0,0,0,0,0,0,0,-33000,0,0,0,0,33000,-33000,-33000
053990,晶技兆豐96購01  ,0,0,0,0,0,0,0,0,0,-33000,0,0,0,67000,100000,-33000,-33000
05927P,正文永豐96售03  ,0,0,0,0,0,0,0,0,0,-33000,0,0,0,0,33000,-33000,-33000
1476,儒鴻            ,323000,307000,16000,0,0,0,0,0,0,-49000,14000,65000,-51000,6000,4000,2000,-33000
06623P,立積元大98售04  ,0,0,0,0,0,0,0,0,0,-33000,0,0,0,8000,41000,-33000,-33000
3024,憶聲            ,13000,42000,-29000,0,0,0,0,0,0,-4000,1000,5000,-4000,0,0,0,-33000
057422,欣興凱基98購04  ,0,0,0,0,0,0,0,0,0,-34000,0,0,0,5000,39000,-34000,-34000
056669,貿聯國票99購01  ,0,0,0,0,0,0,0,0,0,-34000,0,0,0,45000,79000,-34000,-34000
055253,大立光統一97購06,0,0,0,0,0,0,0,0,0,-34000,0,0,0,90000,124000,-34000,-34000
055138,大毅永豐97購02  ,0,0,0,0,0,0,0,0,0,-34000,0,0,0,135000,169000,-34000,-34000
047588,大立光永豐94購01,0,0,0,0,0,0,0,0,0,-34000,0,0,0,5000,39000,-34000,-34000
04672P,台積電統一94售09,0,0,0,0,0,0,0,0,0,-34000,0,0,0,130000,164000,-34000,-34000
049126,玉晶光元富94購02,0,0,0,0,0,0,0,0,0,-34000,0,0,0,0,34000,-34000,-34000
051237,鴻海元大97購01  ,0,0,0,0,0,0,0,0,0,-34000,0,0,0,373000,407000,-34000,-34000
052295,揚明光國票96購03,0,0,0,0,0,0,0,0,0,-34000,0,0,0,0,34000,-34000,-34000
05472P,國巨統一96售02  ,0,0,0,0,0,0,0,0,0,-34000,0,0,0,316000,350000,-34000,-34000
053069,同欣電群益98購01,0,0,0,0,0,0,0,0,0,-34000,0,0,0,85000,119000,-34000,-34000
052821,晶技永豐96購01  ,0,0,0,0,0,0,0,0,0,-34000,0,0,0,34000,68000,-34000,-34000
053322,京鼎群益97購01  ,0,0,0,0,0,0,0,0,0,-34000,0,0,0,9000,43000,-34000,-34000
053103,瀚宇博元富96購01,0,0,0,0,0,0,0,0,0,-34000,0,0,0,16000,50000,-34000,-34000
2484,希華            ,16000,50000,-34000,0,0,0,0,0,0,0,0,0,0,0,0,0,-34000
06383P,聯茂元富97售01  ,0,0,0,0,0,0,0,0,0,-34000,0,0,0,26000,60000,-34000,-34000
05806P,宏達電永豐96售03,0,0,0,0,0,0,0,0,0,-34000,0,0,0,0,34000,-34000,-34000
06131P,京鼎元富97售02  ,0,0,0,0,0,0,0,0,0,-34000,0,0,0,46000,80000,-34000,-34000
06141P,大立光日盛97售01,0,0,0,0,0,0,0,0,0,-34000,0,0,0,14000,48000,-34000,-34000
055217,緯創凱基97購02  ,0,0,0,0,0,0,0,0,0,-35000,0,0,0,24000,59000,-35000,-35000
055332,奇力新兆豐98購01,0,0,0,0,0,0,0,0,0,-35000,0,0,0,108000,143000,-35000,-35000
056062,大立光元大97購12,0,0,0,0,0,0,0,0,0,-35000,0,0,0,25000,60000,-35000,-35000
055841,南亞科元大97購04,0,0,0,0,0,0,0,0,0,-35000,0,0,0,69000,104000,-35000,-35000
055721,聯詠元大97購04  ,0,0,0,0,0,0,0,0,0,-35000,0,0,0,25000,60000,-35000,-35000
05677P,玉晶光群益98售03,0,0,0,0,0,0,0,0,0,-35000,0,0,0,65000,100000,-35000,-35000
056791,嘉聯益群益98購01,0,0,0,0,0,0,0,0,0,-35000,0,0,0,20000,55000,-35000,-35000
05673P,台積電群益96售05,0,0,0,0,0,0,0,0,0,-35000,0,0,0,0,35000,-35000,-35000
056744,麗豐凱基9A購01  ,0,0,0,0,0,0,0,0,0,-35000,0,0,0,30000,65000,-35000,-35000
056828,國巨富邦9A購03  ,0,0,0,0,0,0,0,0,0,-35000,0,0,0,6000,41000,-35000,-35000
057327,玉晶光群益9A購04,0,0,0,0,0,0,0,0,0,-35000,0,0,0,34000,69000,-35000,-35000
057190,立積元大9A購02  ,0,0,0,0,0,0,0,0,0,-35000,0,0,0,120000,155000,-35000,-35000
057146,技嘉國票98購01  ,0,0,0,0,0,0,0,0,0,-35000,0,0,0,0,35000,-35000,-35000
057082,玉晶光統一9A購04,0,0,0,0,0,0,0,0,0,-35000,0,0,0,0,35000,-35000,-35000
057075,嘉聯益永豐98購01,0,0,0,0,0,0,0,0,0,-35000,0,0,0,0,35000,-35000,-35000
05700P,臻鼎凱基96售02  ,0,0,0,0,0,0,0,0,0,-35000,0,0,0,200000,235000,-35000,-35000
04647P,上海銀凱基94售04,0,0,0,0,0,0,0,0,0,-35000,0,0,0,0,35000,-35000,-35000
048711,台郡台新94購01  ,0,0,0,0,0,0,0,0,0,-35000,0,0,0,0,35000,-35000,-35000
047529,嘉晶元大94購02  ,0,0,0,0,0,0,0,0,0,-35000,0,0,0,161000,196000,-35000,-35000
051163,鴻海元大95購04  ,0,0,0,0,0,0,0,0,0,-35000,0,0,0,278000,313000,-35000,-35000
04605P,台積電兆豐94售03,0,0,0,0,0,0,0,0,0,-35000,0,0,0,0,35000,-35000,-35000
046257,A50正2國票94購01,0,0,0,0,0,0,0,0,0,-35000,0,0,0,0,35000,-35000,-35000
03945P,欣興群益94售01  ,0,0,0,0,0,0,0,0,0,-35000,0,0,0,5000,40000,-35000,-35000
03420B,臺股指元大95熊31,0,0,0,0,0,0,0,0,0,-35000,0,0,0,82000,117000,-35000,-35000
050610,鴻海元大94購24  ,0,0,0,0,0,0,0,0,0,-35000,0,0,0,103000,138000,-35000,-35000
051268,創意富邦97購01  ,0,0,0,0,0,0,0,0,0,-35000,0,0,0,65000,100000,-35000,-35000
051461,聯詠國泰96購01  ,0,0,0,0,0,0,0,0,0,-35000,0,0,0,0,35000,-35000,-35000
050918,南亞科日盛95購01,0,0,0,0,0,0,0,0,0,-35000,0,0,0,5000,40000,-35000,-35000
05097P,聯發科日盛95售01,0,0,0,0,0,0,0,0,0,-35000,0,0,0,80000,115000,-35000,-35000
053465,聯電元大96購05  ,0,0,0,0,0,0,0,0,0,-35000,0,0,0,100000,135000,-35000,-35000
053430,樺漢永豐96購01  ,0,0,0,0,0,0,0,0,0,-35000,0,0,0,5000,40000,-35000,-35000
053523,T50反1中信9A購01,0,0,0,0,0,0,0,0,0,-35000,0,0,0,5000,40000,-35000,-35000
052378,矽力元大96購01  ,0,0,0,0,0,0,0,0,0,-35000,0,0,0,0,35000,-35000,-35000
054748,正文凱基98購01  ,0,0,0,0,0,0,0,0,0,-35000,0,0,0,6000,41000,-35000,-35000
054775,復盛國票98購01  ,0,0,0,0,0,0,0,0,0,-35000,0,0,0,126000,161000,-35000,-35000
05971P,世紀鋼永豐96售04,0,0,0,0,0,0,0,0,0,-35000,0,0,0,0,35000,-35000,-35000
05765P,臺股指永豐96售01,0,0,0,0,0,0,0,0,0,-35000,0,0,0,0,35000,-35000,-35000
057608,南亞科台新98購01,0,0,0,0,0,0,0,0,0,-35000,0,0,0,0,35000,-35000,-35000
2401,凌陽            ,174000,244000,-70000,0,0,0,0,0,0,35000,51000,0,51000,2000,18000,-16000,-35000
3518,柏騰            ,10000,45000,-35000,0,0,0,0,0,0,0,0,0,0,0,0,0,-35000
057243,樺漢凱基99購01  ,0,0,0,0,0,0,0,0,0,-36000,0,0,0,0,36000,-36000,-36000
057387,奇力新永豐98購03,0,0,0,0,0,0,0,0,0,-36000,0,0,0,0,36000,-36000,-36000
056374,聯發科統一9B購01,0,0,0,0,0,0,0,0,0,-36000,0,0,0,35000,71000,-36000,-36000
055681,奇鋐凱基98購03  ,0,0,0,0,0,0,0,0,0,-36000,0,0,0,7000,43000,-36000,-36000
055940,致新群益98購01  ,0,0,0,0,0,0,0,0,0,-36000,0,0,0,159000,195000,-36000,-36000
056219,T50反1日盛02購01,0,0,0,0,0,0,0,0,0,-36000,0,0,0,110000,146000,-36000,-36000
055538,鴻海日盛97購04  ,0,0,0,0,0,0,0,0,0,-36000,0,0,0,99000,135000,-36000,-36000
047353,台郡凱基93購03  ,0,0,0,0,0,0,0,0,0,-36000,0,0,0,0,36000,-36000,-36000
048441,台積電凱基93購29,0,0,0,0,0,0,0,0,0,-36000,0,0,0,0,36000,-36000,-36000
048394,正崴國票94購01  ,0,0,0,0,0,0,0,0,0,-36000,0,0,0,63000,99000,-36000,-36000
051020,健策凱基96購02  ,0,0,0,0,0,0,0,0,0,-36000,0,0,0,214000,250000,-36000,-36000
048193,旺宏元大94購05  ,0,0,0,0,0,0,0,0,0,-36000,0,0,0,47000,83000,-36000,-36000
051455,樺漢元大96購01  ,0,0,0,0,0,0,0,0,0,-36000,0,0,0,114000,150000,-36000,-36000
051860,為升凱基95購01  ,0,0,0,0,0,0,0,0,0,-36000,0,0,0,21000,57000,-36000,-36000
05068P,鴻海統一95售06  ,0,0,0,0,0,0,0,0,0,-36000,0,0,0,51000,87000,-36000,-36000
051485,玉晶光凱基97購02,0,0,0,0,0,0,0,0,0,-36000,0,0,0,51000,87000,-36000,-36000
05122P,鴻海永昌96售06  ,0,0,0,0,0,0,0,0,0,-36000,0,0,0,426000,462000,-36000,-36000
050079,元油2X統一94購06,0,0,0,0,0,0,0,0,0,-36000,0,0,0,10000,46000,-36000,-36000
053894,創意群益96購01  ,0,0,0,0,0,0,0,0,0,-36000,0,0,0,56000,92000,-36000,-36000
054308,嘉晶凱基98購01  ,0,0,0,0,0,0,0,0,0,-36000,0,0,0,93000,129000,-36000,-36000
054118,國巨永豐96購04  ,0,0,0,0,0,0,0,0,0,-36000,0,0,0,32000,68000,-36000,-36000
052925,日電貿永豐96購01,0,0,0,0,0,0,0,0,0,-36000,0,0,0,90000,126000,-36000,-36000
053170,茂林群益96購04  ,0,0,0,0,0,0,0,0,0,-36000,0,0,0,84000,120000,-36000,-36000
2425,承啟            ,162000,198000,-36000,0,0,0,0,0,0,0,0,0,0,0,0,0,-36000
1786,科妍            ,33000,60000,-27000,0,0,0,0,0,0,-9000,3000,12000,-9000,0,0,0,-36000
056018,旺宏群益97購02  ,0,0,0,0,0,0,0,0,0,-37000,0,0,0,23000,60000,-37000,-37000
056383,上銀國泰99購01  ,0,0,0,0,0,0,0,0,0,-37000,0,0,0,43000,80000,-37000,-37000
056527,大成鋼凱基98購03,0,0,0,0,0,0,0,0,0,-37000,0,0,0,3000,40000,-37000,-37000
057191,祥碩元大98購05  ,0,0,0,0,0,0,0,0,0,-37000,0,0,0,34000,71000,-37000,-37000
057137,鈺齊凱基98購01  ,0,0,0,0,0,0,0,0,0,-37000,0,0,0,49000,86000,-37000,-37000
048348,矽力元大93購03  ,0,0,0,0,0,0,0,0,0,-37000,0,0,0,10000,47000,-37000,-37000
04194P,欣興永豐93售05  ,0,0,0,0,0,0,0,0,0,-37000,0,0,0,20000,57000,-37000,-37000
050033,日月光元大94購01,0,0,0,0,0,0,0,0,0,-37000,0,0,0,51000,88000,-37000,-37000
049931,矽力元大94購01  ,0,0,0,0,0,0,0,0,0,-37000,0,0,0,3000,40000,-37000,-37000
05169P,玉晶光元大95售03,0,0,0,0,0,0,0,0,0,-37000,0,0,0,15000,52000,-37000,-37000
05144P,美律永豐95售02  ,0,0,0,0,0,0,0,0,0,-37000,0,0,0,0,37000,-37000,-37000
051586,國泰金元大96購01,0,0,0,0,0,0,0,0,0,-37000,0,0,0,0,37000,-37000,-37000
050337,南電國泰95購01  ,0,0,0,0,0,0,0,0,0,-37000,0,0,0,5000,42000,-37000,-37000
053055,聯詠國票97購01  ,0,0,0,0,0,0,0,0,0,-37000,0,0,0,0,37000,-37000,-37000
053018,旺宏元富96購02  ,0,0,0,0,0,0,0,0,0,-37000,0,0,0,0,37000,-37000,-37000
053979,健策元大98購01  ,0,0,0,0,0,0,0,0,0,-37000,0,0,0,33000,70000,-37000,-37000
05774P,臺股指凱基99售04,0,0,0,0,0,0,0,0,0,-37000,0,0,0,20000,57000,-37000,-37000
057508,康控國票99購03  ,0,0,0,0,0,0,0,0,0,-37000,0,0,0,0,37000,-37000,-37000
057093,臻鼎元富98購02  ,0,0,0,0,0,0,0,0,0,-38000,0,0,0,60000,98000,-38000,-38000
057409,台虹群益98購02  ,0,0,0,0,0,0,0,0,0,-38000,0,0,0,84000,122000,-38000,-38000
055571,鴻海統一97購03  ,0,0,0,0,0,0,0,0,0,-38000,0,0,0,37000,75000,-38000,-38000
00757,統一FANG+       ,0,0,0,0,0,0,0,0,0,-38000,0,0,0,225000,263000,-38000,-38000
048237,致茂國票94購01  ,0,0,0,0,0,0,0,0,0,-38000,0,0,0,30000,68000,-38000,-38000
047576,技嘉群益94購01  ,0,0,0,0,0,0,0,0,0,-38000,0,0,0,2000,40000,-38000,-38000
049727,台積電中信94購02,0,0,0,0,0,0,0,0,0,-38000,0,0,0,20000,58000,-38000,-38000
049743,全新台新94購01  ,0,0,0,0,0,0,0,0,0,-38000,0,0,0,0,38000,-38000,-38000
048875,晶相光國票94購01,0,0,0,0,0,0,0,0,0,-38000,0,0,0,222000,260000,-38000,-38000
049986,嘉澤凱基94購02  ,0,0,0,0,0,0,0,0,0,-38000,0,0,0,25000,63000,-38000,-38000
052016,神基永豐95購01  ,0,0,0,0,0,0,0,0,0,-38000,0,0,0,0,38000,-38000,-38000
054023,和大康和96購01  ,0,0,0,0,0,0,0,0,0,-38000,0,0,0,100000,138000,-38000,-38000
054048,國泰金元大96購04,0,0,0,0,0,0,0,0,0,-38000,0,0,0,0,38000,-38000,-38000
052848,聯發科統一96購03,0,0,0,0,0,0,0,0,0,-38000,0,0,0,20000,58000,-38000,-38000
05798P,臺股指群益96售12,0,0,0,0,0,0,0,0,0,-38000,0,0,0,24000,62000,-38000,-38000
06156P,大立光統一97售05,0,0,0,0,0,0,0,0,0,-38000,0,0,0,92000,130000,-38000,-38000
1558,伸興            ,7000,27000,-20000,0,0,0,0,0,0,-18000,0,18000,-18000,0,0,0,-38000
6112,聚碩            ,6000,44000,-38000,0,0,0,0,0,0,0,0,0,0,0,0,0,-38000
1231,聯華食          ,14000,52050,-38050,0,0,0,0,0,0,0,0,0,0,0,0,0,-38050
055556,奇力新凱基98購03,0,0,0,0,0,0,0,0,0,-39000,0,0,0,5000,44000,-39000,-39000
055448,健策統一97購02  ,0,0,0,0,0,0,0,0,0,-39000,0,0,0,51000,90000,-39000,-39000
055096,緯穎群益97購01  ,0,0,0,0,0,0,0,0,0,-39000,0,0,0,135000,174000,-39000,-39000
056574,亞光元大99購03  ,0,0,0,0,0,0,0,0,0,-39000,0,0,0,56000,95000,-39000,-39000
051126,訊連群益95購01  ,0,0,0,0,0,0,0,0,0,-39000,0,0,0,118000,157000,-39000,-39000
05078P,義隆永豐95售01  ,0,0,0,0,0,0,0,0,0,-39000,0,0,0,95000,134000,-39000,-39000
047010,聯詠統一93購05  ,0,0,0,0,0,0,0,0,0,-39000,0,0,0,11000,50000,-39000,-39000
048018,南亞科麥證93購01,0,0,0,11000,50000,-39000,0,0,0,-39000,0,0,0,11000,50000,-39000,-39000
020008,元大特股高息N   ,0,0,0,0,0,0,0,0,0,-39000,0,0,0,47000,86000,-39000,-39000
04245P,上海銀元大93售03,0,0,0,0,0,0,0,0,0,-39000,0,0,0,0,39000,-39000,-39000
044184,南亞科國泰93購01,0,0,0,0,0,0,0,0,0,-39000,0,0,0,0,39000,-39000,-39000
052241,台郡國票96購01  ,0,0,0,0,0,0,0,0,0,-39000,0,0,0,0,39000,-39000,-39000
052354,健策群益96購02  ,0,0,0,0,0,0,0,0,0,-39000,0,0,0,212000,251000,-39000,-39000
050189,旭富元大94購01  ,0,0,0,0,0,0,0,0,0,-39000,0,0,0,3000,42000,-39000,-39000
053222,聯茂凱基96購03  ,0,0,0,0,0,0,0,0,0,-39000,0,0,0,1000,40000,-39000,-39000
053118,大立光中信9C購01,0,0,0,0,0,0,0,0,0,-39000,0,0,0,10000,49000,-39000,-39000
053923,亞光國票97購01  ,0,0,0,0,0,0,0,0,0,-39000,0,0,0,48000,87000,-39000,-39000
054911,敬鵬凱基97購01  ,0,0,0,0,0,0,0,0,0,-39000,0,0,0,40000,79000,-39000,-39000
055032,億光富邦99購01  ,0,0,0,0,0,0,0,0,0,-39000,0,0,0,21000,60000,-39000,-39000
2351,順德            ,168000,34000,134000,0,0,0,0,129000,-129000,-44000,6000,50000,-44000,0,0,0,-39000
06032P,健策群益97售03  ,0,0,0,0,0,0,0,0,0,-39000,0,0,0,12000,51000,-39000,-39000
06240P,奇力新元富97售03,0,0,0,0,0,0,0,0,0,-39000,0,0,0,64000,103000,-39000,-39000
057575,世紀鋼永豐98購02,0,0,0,0,0,0,0,0,0,-39000,0,0,0,0,39000,-39000,-39000
3023,信邦            ,105000,145000,-40000,0,0,0,1000,0,1000,0,0,0,0,0,0,0,-39000
056530,旺宏凱基98購06  ,0,0,0,0,0,0,0,0,0,-40000,0,0,0,0,40000,-40000,-40000
056806,元油2X統一98購02,0,0,0,0,0,0,0,0,0,-40000,0,0,0,10000,50000,-40000,-40000
056701,國產國泰9A購01  ,0,0,0,0,0,0,0,0,0,-40000,0,0,0,10000,50000,-40000,-40000
057277,可成元大98購05  ,0,0,0,0,0,0,0,0,0,-40000,0,0,0,0,40000,-40000,-40000
057029,緯穎凱基98購04  ,0,0,0,0,0,0,0,0,0,-40000,0,0,0,0,40000,-40000,-40000
057021,台積電凱基9A購02,0,0,0,0,0,0,0,0,0,-40000,0,0,0,135000,175000,-40000,-40000
055475,臻鼎凱基97購02  ,0,0,0,0,0,0,0,0,0,-40000,0,0,0,49000,89000,-40000,-40000
055428,友達群益9C購01  ,0,0,0,0,0,0,0,0,0,-40000,0,0,0,0,40000,-40000,-40000
055429,華新科群益99購01,0,0,0,0,0,0,0,0,0,-40000,0,0,0,76000,116000,-40000,-40000
055644,致茂元富97購01  ,0,0,0,0,0,0,0,0,0,-40000,0,0,0,20000,60000,-40000,-40000
056144,GIS元大98購01   ,0,0,0,0,0,0,0,0,0,-40000,0,0,0,10000,50000,-40000,-40000
055770,欣興麥證97購01  ,0,0,0,0,40000,-40000,0,0,0,-40000,0,0,0,0,40000,-40000,-40000
044950,玉晶光群益94購01,0,0,0,0,0,0,0,0,0,-40000,0,0,0,10000,50000,-40000,-40000
048371,華固統一93購02  ,0,0,0,0,0,0,0,0,0,-40000,0,0,0,0,40000,-40000,-40000
047434,台積電元大93購21,0,0,0,0,0,0,0,0,0,-40000,0,0,0,30000,70000,-40000,-40000
045516,聯茂統一94購01  ,0,0,0,0,0,0,0,0,0,-40000,0,0,0,108000,148000,-40000,-40000
045632,正崴凱基93購01  ,0,0,0,0,0,0,0,0,0,-40000,0,0,0,0,40000,-40000,-40000
047999,聯發科元大93購22,0,0,0,0,0,0,0,0,0,-40000,0,0,0,100000,140000,-40000,-40000
047080,仁寶康和93購01  ,0,0,0,0,0,0,0,0,0,-40000,0,0,0,30000,70000,-40000,-40000
051037,大立光台新95購01,0,0,0,0,0,0,0,0,0,-40000,0,0,0,0,40000,-40000,-40000
050128,旺宏凱基94購04  ,0,0,0,0,0,0,0,0,0,-40000,0,0,0,0,40000,-40000,-40000
049259,聯發科元大94購04,0,0,0,0,0,0,0,0,0,-40000,0,0,0,0,40000,-40000,-40000
046432,宏達電中信94購01,0,0,0,0,0,0,0,0,0,-40000,0,0,0,0,40000,-40000,-40000
046882,智易富邦97購01  ,0,0,0,0,0,0,0,0,0,-40000,0,0,0,0,40000,-40000,-40000
046933,台泥元富93購01  ,0,0,0,0,0,0,0,0,0,-40000,0,0,0,0,40000,-40000,-40000
048177,臺指反富邦99購01,0,0,0,0,0,0,0,0,0,-40000,0,0,0,0,40000,-40000,-40000
047546,瑞昱凱基93購06  ,0,0,0,0,0,0,0,0,0,-40000,0,0,0,10000,50000,-40000,-40000
047487,南電凱基94購01  ,0,0,0,0,0,0,0,0,0,-40000,0,0,0,10000,50000,-40000,-40000
051761,富邦金元大96購01,0,0,0,0,0,0,0,0,0,-40000,0,0,0,0,40000,-40000,-40000
050230,聯發科麥證94購02,0,0,0,11000,50000,-39000,0,0,0,-40000,0,0,0,11000,51000,-40000,-40000
051681,日月光兆豐95購01,0,0,0,0,0,0,0,0,0,-40000,0,0,0,0,40000,-40000,-40000
051665,台積電元大96購07,0,0,0,0,0,0,0,0,0,-40000,0,0,0,228000,268000,-40000,-40000
051754,廣宇元大95購01  ,0,0,0,0,0,0,0,0,0,-40000,0,0,0,0,40000,-40000,-40000
051257,光寶科國泰96購01,0,0,0,0,0,0,0,0,0,-40000,0,0,0,0,40000,-40000,-40000
050960,台光電永豐95購01,0,0,0,0,0,0,0,0,0,-40000,0,0,0,0,40000,-40000,-40000
050948,華固群益95購01  ,0,0,0,0,0,0,0,0,0,-40000,0,0,0,0,40000,-40000,-40000
050920,旺宏凱基95購01  ,0,0,0,0,0,0,0,0,0,-40000,0,0,0,0,40000,-40000,-40000
048820,台積電凱基94購06,0,0,0,0,0,0,0,0,0,-40000,0,0,0,0,40000,-40000,-40000
048918,上証2X永豐94購01,0,0,0,0,0,0,0,0,0,-40000,0,0,0,0,40000,-40000,-40000
049412,為升凱基94購01  ,0,0,0,0,0,0,0,0,0,-40000,0,0,0,0,40000,-40000,-40000
051083,A50正2元大98購01,0,0,0,0,0,0,0,0,0,-40000,0,0,0,20000,60000,-40000,-40000
051062,超眾群益95購02  ,0,0,0,0,0,0,0,0,0,-40000,0,0,0,8000,48000,-40000,-40000
050376,百和元大95購01  ,0,0,0,0,0,0,0,0,0,-40000,0,0,0,10000,50000,-40000,-40000
049473,光罩永豐94購03  ,0,0,0,0,0,0,0,0,0,-40000,0,0,0,0,40000,-40000,-40000
049214,台達電國票95購01,0,0,0,0,0,0,0,0,0,-40000,0,0,0,20000,60000,-40000,-40000
052237,嘉澤國票96購02  ,0,0,0,0,0,0,0,0,0,-40000,0,0,0,0,40000,-40000,-40000
052296,TPK國票96購01   ,0,0,0,0,0,0,0,0,0,-40000,0,0,0,519000,559000,-40000,-40000
052097,GIS元大95購05   ,0,0,0,0,0,0,0,0,0,-40000,0,0,0,110000,150000,-40000,-40000
050758,聯發科元富9B購01,0,0,0,0,0,0,0,0,0,-40000,0,0,0,0,40000,-40000,-40000
050779,超眾元大96購03  ,0,0,0,0,0,0,0,0,0,-40000,0,0,0,0,40000,-40000,-40000
049849,欣興群益94購04  ,0,0,0,0,0,0,0,0,0,-40000,0,0,0,0,40000,-40000,-40000
051354,聯發科元大95購09,0,0,0,0,0,0,0,0,0,-40000,0,0,0,90000,130000,-40000,-40000
050544,聯發科凱基95購02,0,0,0,0,0,0,0,0,0,-40000,0,0,0,0,40000,-40000,-40000
04965P,日月光元大94售02,0,0,0,0,0,0,0,0,0,-40000,0,0,0,75000,115000,-40000,-40000
054970,帆宣元大97購01  ,0,0,0,0,0,0,0,0,0,-40000,0,0,0,37000,77000,-40000,-40000
054776,矽創國票98購01  ,0,0,0,0,0,0,0,0,0,-40000,0,0,0,21000,61000,-40000,-40000
054816,聯發科元大97購12,0,0,0,0,0,0,0,0,0,-40000,0,0,0,0,40000,-40000,-40000
054112,台積電麥證96購02,0,0,0,80000,120000,-40000,0,0,0,-40000,0,0,0,80000,120000,-40000,-40000
054156,聯電亞東98購01  ,0,0,0,0,0,0,0,0,0,-40000,0,0,0,0,40000,-40000,-40000
053112,中磊兆豐97購01  ,0,0,0,0,0,0,0,0,0,-40000,0,0,0,10000,50000,-40000,-40000
053164,台光電群益96購02,0,0,0,0,0,0,0,0,0,-40000,0,0,0,0,40000,-40000,-40000
053217,群創凱基99購02  ,0,0,0,0,0,0,0,0,0,-40000,0,0,0,0,40000,-40000,-40000
053212,友達凱基99購04  ,0,0,0,0,0,0,0,0,0,-40000,0,0,0,15000,55000,-40000,-40000
053349,台郡國票97購02  ,0,0,0,0,0,0,0,0,0,-40000,0,0,0,80000,120000,-40000,-40000
053517,崇越群益97購01  ,0,0,0,0,0,0,0,0,0,-40000,0,0,0,70000,110000,-40000,-40000
052765,新日興群益97購01,0,0,0,0,0,0,0,0,0,-40000,0,0,0,21000,61000,-40000,-40000
05251P,喬山台新95售02  ,0,0,0,0,0,0,0,0,0,-40000,0,0,0,0,40000,-40000,-40000
6552,易華電          ,130000,149000,-19000,0,0,0,0,0,0,-21000,2000,0,2000,0,23000,-23000,-40000
9955,佳龍            ,144000,182000,-38000,0,0,0,0,0,0,-2000,0,2000,-2000,0,0,0,-40000
05933P,鴻海凱基97售03  ,0,0,0,0,0,0,0,0,0,-40000,0,0,0,10000,50000,-40000,-40000
06070P,漢唐永豐97售01  ,0,0,0,0,0,0,0,0,0,-40000,0,0,0,34000,74000,-40000,-40000
06390P,美律國票97售03  ,0,0,0,0,0,0,0,0,0,-40000,0,0,0,0,40000,-40000,-40000
06368P,台積電凱基97售15,0,0,0,0,0,0,0,0,0,-40000,0,0,0,46000,86000,-40000,-40000
06423P,亞光台新97售01  ,0,0,0,0,0,0,0,0,0,-40000,0,0,0,0,40000,-40000,-40000
06564P,國巨富邦9A售04  ,0,0,0,0,0,0,0,0,0,-40000,0,0,0,9000,49000,-40000,-40000
06703P,新日興元富98售02,0,0,0,0,0,0,0,0,0,-40000,0,0,0,31000,71000,-40000,-40000
055758,旺宏群益97購01  ,0,0,0,0,0,0,0,0,0,-41000,0,0,0,284000,325000,-41000,-41000
055673,旺宏日盛97購01  ,0,0,0,0,0,0,0,0,0,-41000,0,0,0,24000,65000,-41000,-41000
055939,GIS群益97購01   ,0,0,0,0,0,0,0,0,0,-41000,0,0,0,0,41000,-41000,-41000
05562P,鴻海元大96售16  ,0,0,0,0,0,0,0,0,0,-41000,0,0,0,63000,104000,-41000,-41000
057270,遠東新元大98購01,0,0,0,0,0,0,0,0,0,-41000,0,0,0,9000,50000,-41000,-41000
056444,南亞科凱基99購01,0,0,0,0,0,0,0,0,0,-41000,0,0,0,10000,51000,-41000,-41000
04748P,臺股指元大94售23,0,0,0,0,0,0,0,0,0,-41000,0,0,0,120000,161000,-41000,-41000
046618,南亞科凱基93購01,0,0,0,0,0,0,0,0,0,-41000,0,0,0,45000,86000,-41000,-41000
047141,宏達電兆豐94購01,0,0,0,0,0,0,0,0,0,-41000,0,0,0,469000,510000,-41000,-41000
047191,同欣電元大93購02,0,0,0,0,0,0,0,0,0,-41000,0,0,0,10000,51000,-41000,-41000
047763,旺宏元大94購04  ,0,0,0,0,0,0,0,0,0,-41000,0,0,0,20000,61000,-41000,-41000
048061,鴻海統一95購03  ,0,0,0,0,0,0,0,0,0,-41000,0,0,0,50000,91000,-41000,-41000
050409,華通永豐94購01  ,0,0,0,0,0,0,0,0,0,-41000,0,0,0,0,41000,-41000,-41000
051969,世紀鋼永豐95購01,0,0,0,0,0,0,0,0,0,-41000,0,0,0,10000,51000,-41000,-41000
049219,聯發科國票95購01,0,0,0,0,0,0,0,0,0,-41000,0,0,0,18000,59000,-41000,-41000
048860,玉晶光群益96購03,0,0,0,0,0,0,0,0,0,-41000,0,0,0,7000,48000,-41000,-41000
052985,美律元大96購02  ,0,0,0,0,0,0,0,0,0,-41000,0,0,0,10000,51000,-41000,-41000
052975,嘉聯益群益96購01,0,0,0,0,0,0,0,0,0,-41000,0,0,0,20000,61000,-41000,-41000
053686,台積電元大97購08,0,0,0,0,0,0,0,0,0,-41000,0,0,0,50000,91000,-41000,-41000
054959,禾伸堂元大98購01,0,0,0,0,0,0,0,0,0,-41000,0,0,0,255000,296000,-41000,-41000
1442,名軒            ,10000,51000,-41000,0,0,0,0,0,0,0,0,0,0,0,0,0,-41000
06014P,聯發科富邦97售02,0,0,0,0,0,0,0,0,0,-41000,0,0,0,488000,529000,-41000,-41000
06326P,鴻海中信01售01  ,0,0,0,0,0,0,0,0,0,-41000,0,0,0,27000,68000,-41000,-41000
05983P,聯詠國票96售02  ,0,0,0,0,0,0,0,0,0,-41000,0,0,0,20000,61000,-41000,-41000
057570,技嘉永豐98購02  ,0,0,0,0,0,0,0,0,0,-41000,0,0,0,1000,42000,-41000,-41000
057503,世紀鋼群益98購02,0,0,0,0,0,0,0,0,0,-41000,0,0,0,0,41000,-41000,-41000
3665,貿聯-KY         ,232000,273000,-41000,0,0,0,0,19000,-19000,19000,6000,10000,-4000,44000,21000,23000,-41000
056360,智邦元大98購01  ,0,0,0,0,0,0,0,0,0,-42000,0,0,0,27000,69000,-42000,-42000
056988,聚陽兆豐98購01  ,0,0,0,0,0,0,0,0,0,-42000,0,0,0,523000,565000,-42000,-42000
00763U,街口道瓊銅      ,0,0,0,0,0,0,0,0,0,-42000,0,0,0,0,42000,-42000,-42000
00675L,富邦臺灣加權正2 ,0,0,0,0,0,0,0,0,0,-42000,0,0,0,31000,73000,-42000,-42000
044022,健策凱基93購02  ,0,0,0,0,0,0,0,0,0,-42000,0,0,0,30000,72000,-42000,-42000
048910,和鑫富邦98購01  ,0,0,0,0,0,0,0,0,0,-42000,0,0,0,20000,62000,-42000,-42000
049434,茂林國票95購01  ,0,0,0,0,0,0,0,0,0,-42000,0,0,0,0,42000,-42000,-42000
04915P,鴻海永昌96售02  ,0,0,0,0,0,0,0,0,0,-42000,0,0,0,7000,49000,-42000,-42000
050097,可成國泰96購02  ,0,0,0,0,0,0,0,0,0,-42000,0,0,0,18000,60000,-42000,-42000
049601,矽創元大95購02  ,0,0,0,0,0,0,0,0,0,-42000,0,0,0,138000,180000,-42000,-42000
051352,南亞科元大95購02,0,0,0,0,0,0,0,0,0,-42000,0,0,0,106000,148000,-42000,-42000
054876,群電群益97購02  ,0,0,0,0,0,0,0,0,0,-42000,0,0,0,0,42000,-42000,-42000
054445,技嘉兆豐96購01  ,0,0,0,0,0,0,0,0,0,-42000,0,0,0,9000,51000,-42000,-42000
053887,聯茂兆豐97購02  ,0,0,0,0,0,0,0,0,0,-42000,0,0,0,40000,82000,-42000,-42000
054082,楠梓電元富96購01,0,0,0,0,0,0,0,0,0,-42000,0,0,0,15000,57000,-42000,-42000
053166,聯詠群益96購02  ,0,0,0,0,0,0,0,0,0,-42000,0,0,0,0,42000,-42000,-42000
4976,佳凌            ,29000,71000,-42000,0,0,0,0,0,0,0,0,0,0,0,0,0,-42000
05813P,臺股指國票96售06,0,0,0,0,0,0,0,0,0,-42000,0,0,0,0,42000,-42000,-42000
05850P,台積電兆豐96售06,0,0,0,0,0,0,0,0,0,-42000,0,0,0,96000,138000,-42000,-42000
05999P,世芯元大96售01  ,0,0,0,0,0,0,0,0,0,-42000,0,0,0,184000,226000,-42000,-42000
2233,宇隆            ,10000,52000,-42000,0,0,0,0,0,0,0,0,0,0,0,0,0,-42000
057377,康控元大99購02  ,0,0,0,0,0,0,0,0,0,-43000,0,0,0,187000,230000,-43000,-43000
056859,台積電群益98購02,0,0,0,0,0,0,0,0,0,-43000,0,0,0,192000,235000,-43000,-43000
055401,亞光元富9A購01  ,0,0,0,0,0,0,0,0,0,-43000,0,0,0,17000,60000,-43000,-43000
055307,瑞昱群益97購02  ,0,0,0,0,0,0,0,0,0,-43000,0,0,0,43000,86000,-43000,-43000
055326,緯穎國票97購06  ,0,0,0,0,0,0,0,0,0,-43000,0,0,0,0,43000,-43000,-43000
056183,南亞科統一97購02,0,0,0,0,0,0,0,0,0,-43000,0,0,0,5000,48000,-43000,-43000
048367,華邦電統一93購01,0,0,0,0,0,0,0,0,0,-43000,0,0,0,0,43000,-43000,-43000
045293,鴻海元大94購01  ,0,0,0,0,0,0,0,0,0,-43000,0,0,0,99000,142000,-43000,-43000
048026,瑞昱凱基94購01  ,0,0,0,0,0,0,0,0,0,-43000,0,0,0,19000,62000,-43000,-43000
051157,華新科富邦98購01,0,0,0,0,0,0,0,0,0,-43000,0,0,0,425000,468000,-43000,-43000
046831,大立光群益94購01,0,0,0,0,0,0,0,0,0,-43000,0,0,0,5000,48000,-43000,-43000
047493,旺宏元富96購01  ,0,0,0,0,0,0,0,0,0,-43000,0,0,0,50000,93000,-43000,-43000
048530,大立光國票93購04,0,0,0,0,0,0,0,0,0,-43000,0,0,0,13000,56000,-43000,-43000
04857P,美律元富94售01  ,0,0,0,0,0,0,0,0,0,-43000,0,0,0,6000,49000,-43000,-43000
051522,玉晶光凱基95購05,0,0,0,0,0,0,0,0,0,-43000,0,0,0,81000,124000,-43000,-43000
052024,臺股指永豐95購04,0,0,0,0,0,0,0,0,0,-43000,0,0,0,7000,50000,-43000,-43000
049017,旺宏群益96購03  ,0,0,0,0,0,0,0,0,0,-43000,0,0,0,14000,57000,-43000,-43000
051260,鴻海永昌96購04  ,0,0,0,0,0,0,0,0,0,-43000,0,0,0,21000,64000,-43000,-43000
05018P,臺股指元大95售09,0,0,0,0,0,0,0,0,0,-43000,0,0,0,85000,128000,-43000,-43000
053294,聯發科中信9C購01,0,0,0,0,0,0,0,0,0,-43000,0,0,0,0,43000,-43000,-43000
052750,臺股指元大96購04,0,0,0,0,0,0,0,0,0,-43000,0,0,0,65000,108000,-43000,-43000
052617,景碩國泰98購01  ,0,0,0,0,0,0,0,0,0,-43000,0,0,0,30000,73000,-43000,-43000
052709,光寶科日盛96購01,0,0,0,0,0,0,0,0,0,-43000,0,0,0,0,43000,-43000,-43000
053860,台積電元大98購03,0,0,0,0,0,0,0,0,0,-43000,0,0,0,192000,235000,-43000,-43000
054477,聯發科中信9C購02,0,0,0,0,0,0,0,0,0,-43000,0,0,0,130000,173000,-43000,-43000
06680P,智邦元大98售06  ,0,0,0,0,0,0,0,0,0,-43000,0,0,0,0,43000,-43000,-43000
06084P,宏達電元富97售02,0,0,0,0,0,0,0,0,0,-43000,0,0,0,7000,50000,-43000,-43000
056240,嘉晶群益97購02  ,0,0,0,0,0,0,0,0,0,-44000,0,0,0,119000,163000,-44000,-44000
056068,欣興元大97購05  ,0,0,0,0,0,0,0,0,0,-44000,0,0,0,41000,85000,-44000,-44000
05679P,台表科群益96售05,0,0,0,0,0,0,0,0,0,-44000,0,0,0,65000,109000,-44000,-44000
056691,元油2X群益9B購01,0,0,0,0,0,0,0,0,0,-44000,0,0,0,0,44000,-44000,-44000
056367,祥碩元大98購01  ,0,0,0,0,0,0,0,0,0,-44000,0,0,0,64000,108000,-44000,-44000
056500,大立光富邦9B購02,0,0,0,0,0,0,0,0,0,-44000,0,0,0,67000,111000,-44000,-44000
057434,國巨國票99購03  ,40000,0,40000,0,0,0,0,0,0,-84000,0,0,0,24000,108000,-84000,-44000
057254,友達麥證98購01  ,0,0,0,0,44000,-44000,0,0,0,-44000,0,0,0,0,44000,-44000,-44000
057198,智伸科統一9B購01,0,0,0,0,0,0,0,0,0,-44000,0,0,0,160000,204000,-44000,-44000
05697P,友達凱基96售01  ,0,0,0,0,0,0,0,0,0,-44000,0,0,0,6000,50000,-44000,-44000
057113,祥碩群益98購01  ,0,0,0,0,0,0,0,0,0,-44000,0,0,0,8000,52000,-44000,-44000
050814,微星凱基95購01  ,0,0,0,0,0,0,0,0,0,-44000,0,0,0,0,44000,-44000,-44000
050219,台積電元富95購03,0,0,0,0,0,0,0,0,0,-44000,0,0,0,47000,91000,-44000,-44000
050890,南電富邦99購01  ,0,0,0,0,0,0,0,0,0,-44000,0,0,0,56000,100000,-44000,-44000
052247,深中小永豐95購01,0,0,0,0,0,0,0,0,0,-44000,0,0,0,0,44000,-44000,-44000
049582,台積電元大95購03,0,0,0,0,0,0,0,0,0,-44000,0,0,0,416000,460000,-44000,-44000
054780,中石化群益99購01,0,0,0,0,0,0,0,0,0,-44000,0,0,0,0,44000,-44000,-44000
053885,全新兆豐96購01  ,0,0,0,0,0,0,0,0,0,-44000,0,0,0,0,44000,-44000,-44000
053897,台郡群益96購01  ,0,0,0,0,0,0,0,0,0,-44000,0,0,0,14000,58000,-44000,-44000
054259,健策元大97購03  ,0,0,0,0,0,0,0,0,0,-44000,0,0,0,446000,490000,-44000,-44000
052741,聯發科元大96購08,0,0,0,0,0,0,0,0,0,-44000,0,0,0,9000,53000,-44000,-44000
06153P,健策元大97售04  ,0,0,0,0,0,0,0,0,0,-44000,0,0,0,83000,127000,-44000,-44000
1531,高林股          ,0,44000,-44000,0,0,0,0,0,0,0,0,0,0,0,0,0,-44000
056903,大立光元大99購04,0,0,0,0,0,0,0,0,0,-45000,0,0,0,15000,60000,-45000,-45000
057216,聯發科群益99購01,0,0,0,0,0,0,0,0,0,-45000,0,0,0,0,45000,-45000,-45000
057483,微星元大98購04  ,0,0,0,0,0,0,0,0,0,-45000,0,0,0,59000,104000,-45000,-45000
05602P,國巨元大96售06  ,0,0,0,0,0,0,0,0,0,-45000,0,0,0,45000,90000,-45000,-45000
055903,鈺齊中信97購02  ,0,0,0,0,0,0,0,0,0,-45000,0,0,0,6000,51000,-45000,-45000
055727,矽力元大97購02  ,0,0,0,0,0,0,0,0,0,-45000,0,0,0,12000,57000,-45000,-45000
055764,臺股指群益97購02,0,0,0,0,0,0,0,0,0,-45000,0,0,0,138000,183000,-45000,-45000
055172,凱美統一97購02  ,0,0,0,0,0,0,0,0,0,-45000,0,0,0,53000,98000,-45000,-45000
047852,矽創元富93購01  ,0,0,0,0,0,0,0,0,0,-45000,0,0,0,0,45000,-45000,-45000
047818,台郡凱基93購04  ,0,0,0,0,0,0,0,0,0,-45000,0,0,0,0,45000,-45000,-45000
047696,聯發科國票94購02,0,0,0,0,0,0,0,0,0,-45000,0,0,0,100000,145000,-45000,-45000
048475,台郡永豐93購02  ,0,0,0,0,0,0,0,0,0,-45000,0,0,0,15000,60000,-45000,-45000
04403P,景碩國票95售01  ,0,0,0,0,0,0,0,0,0,-45000,0,0,0,0,45000,-45000,-45000
044601,旺宏國泰93購03  ,0,0,0,0,0,0,0,0,0,-45000,0,0,0,0,45000,-45000,-45000
042516,健策凱基93購01  ,0,0,0,0,0,0,0,0,0,-45000,0,0,0,10000,55000,-45000,-45000
03959P,義隆元富96售01  ,0,0,0,0,0,0,0,0,0,-45000,0,0,0,30000,75000,-45000,-45000
03591P,台積電國票03售10,0,0,0,0,0,0,0,0,0,-45000,0,0,0,2000,47000,-45000,-45000
051943,台積電麥證95購03,0,0,0,0,45000,-45000,0,0,0,-45000,0,0,0,0,45000,-45000,-45000
050927,聯詠凱基95購01  ,0,0,0,0,0,0,0,0,0,-45000,0,0,0,5000,50000,-45000,-45000
051290,大立光統一96購02,0,0,0,0,0,0,0,0,0,-45000,0,0,0,0,45000,-45000,-45000
052704,TPK國票97購01   ,0,0,0,0,0,0,0,0,0,-45000,0,0,0,15000,60000,-45000,-45000
052519,旺宏元大95購05  ,0,0,0,0,0,0,0,0,0,-45000,0,0,0,189000,234000,-45000,-45000
054288,華邦電元大96購05,0,0,0,0,0,0,0,0,0,-45000,0,0,0,111000,156000,-45000,-45000
054377,臺股指中信99購09,0,0,0,0,0,0,0,0,0,-45000,0,0,0,115000,160000,-45000,-45000
054085,華新科統一96購04,0,0,0,0,0,0,0,0,0,-45000,0,0,0,0,45000,-45000,-45000
054599,正崴台新97購01  ,0,0,0,0,0,0,0,0,0,-45000,0,0,0,0,45000,-45000,-45000
057536,康控元大99購03  ,0,0,0,0,0,0,0,0,0,-45000,0,0,0,19000,64000,-45000,-45000
055498,大立光元大97購07,0,0,0,0,0,0,0,0,0,-46000,0,0,0,65000,111000,-46000,-46000
055909,大成鋼凱基98購02,0,0,0,0,0,0,0,0,0,-46000,0,0,0,10000,56000,-46000,-46000
056064,大立光元大97購14,0,0,0,0,0,0,0,0,0,-46000,0,0,0,5000,51000,-46000,-46000
057494,玉晶光元大99購09,0,0,0,0,0,0,0,0,0,-46000,0,0,0,0,46000,-46000,-46000
057460,楠梓電永豐98購03,0,0,0,0,0,0,0,0,0,-46000,0,0,0,0,46000,-46000,-46000
057423,台郡凱基98購06  ,0,0,0,0,0,0,0,0,0,-46000,0,0,0,66000,112000,-46000,-46000
057193,力成元大98購02  ,0,0,0,0,0,0,0,0,0,-46000,0,0,0,76000,122000,-46000,-46000
057306,玉晶光兆豐99購01,0,0,0,0,0,0,0,0,0,-46000,0,0,0,34000,80000,-46000,-46000
057051,群創元大9B購03  ,0,0,0,0,0,0,0,0,0,-46000,0,0,0,145000,191000,-46000,-46000
056368,祥碩元大98購02  ,0,0,0,0,0,0,0,0,0,-46000,0,0,0,142000,188000,-46000,-46000
046204,致新凱基93購01  ,0,0,0,0,0,0,0,0,0,-46000,0,0,0,0,46000,-46000,-46000
050172,臺指反元大98購02,0,0,0,0,0,0,0,0,0,-46000,0,0,0,331000,377000,-46000,-46000
049341,旺宏統一95購01  ,0,0,0,0,0,0,0,0,0,-46000,0,0,0,4000,50000,-46000,-46000
049024,玉晶光群益97購01,0,0,0,0,0,0,0,0,0,-46000,0,0,0,25000,71000,-46000,-46000
050375,矽創元大94購02  ,0,0,0,0,0,0,0,0,0,-46000,0,0,0,0,46000,-46000,-46000
049449,宏碁統一94購01  ,0,0,0,0,0,0,0,0,0,-46000,0,0,0,20000,66000,-46000,-46000
052152,創意富邦98購01  ,0,0,0,0,0,0,0,0,0,-46000,0,0,0,0,46000,-46000,-46000
050484,世紀鋼國票95購02,0,0,0,0,0,0,0,0,0,-46000,0,0,0,0,46000,-46000,-46000
054532,強茂國泰98購01  ,0,0,0,0,0,0,0,0,0,-46000,0,0,0,173000,219000,-46000,-46000
054672,華新科國泰99購01,0,0,0,0,0,0,0,0,0,-46000,0,0,0,58000,104000,-46000,-46000
05399P,GIS國票95售03   ,0,0,0,0,0,0,0,0,0,-46000,0,0,0,11000,57000,-46000,-46000
06758P,鴻海元大98售10  ,0,0,0,0,0,0,0,0,0,-46000,0,0,0,66000,112000,-46000,-46000
8081,致新            ,113000,447000,-334000,0,0,0,3000,0,3000,285000,4000,0,4000,298000,17000,281000,-46000
056427,上銀凱基98購03  ,0,0,0,0,0,0,0,0,0,-47000,0,0,0,21000,68000,-47000,-47000
056773,晶技元大99購03  ,0,0,0,0,0,0,0,0,0,-47000,0,0,0,87000,134000,-47000,-47000
057389,玉晶光永豐98購06,0,0,0,0,0,0,0,0,0,-47000,0,0,0,0,47000,-47000,-47000
056207,茂林永豐97購03  ,0,0,0,0,0,0,0,0,0,-47000,0,0,0,27000,74000,-47000,-47000
055889,鴻海統一97購05  ,0,0,0,0,0,0,0,0,0,-47000,0,0,0,1000,48000,-47000,-47000
055500,京鼎元大97購04  ,0,0,0,0,0,0,0,0,0,-47000,0,0,0,6000,53000,-47000,-47000
048099,健策凱基93購06  ,0,0,0,0,0,0,0,0,0,-47000,0,0,0,10000,57000,-47000,-47000
045996,南電富邦94購01  ,0,0,0,0,0,0,0,0,0,-47000,0,0,0,8000,55000,-47000,-47000
051344,鴻海元大95購08  ,0,0,0,0,0,0,0,0,0,-47000,0,0,0,505000,552000,-47000,-47000
04949P,致新元大94售04  ,0,0,0,0,0,0,0,0,0,-47000,0,0,0,3000,50000,-47000,-47000
051601,群創兆豐95購02  ,0,0,0,0,0,0,0,0,0,-47000,0,0,0,7000,54000,-47000,-47000
050851,羅麗芬國票96購01,0,0,0,0,0,0,0,0,0,-47000,0,0,0,0,47000,-47000,-47000
054178,中磊台新97購01  ,0,0,0,0,0,0,0,0,0,-47000,0,0,0,20000,67000,-47000,-47000
054120,奇力新永豐96購01,0,0,0,0,0,0,0,0,0,-47000,0,0,0,21000,68000,-47000,-47000
054579,聯茂元大97購01  ,0,0,0,0,0,0,0,0,0,-47000,0,0,0,4000,51000,-47000,-47000
054488,禾伸堂台新96購01,0,0,0,0,0,0,0,0,0,-47000,0,0,0,38000,85000,-47000,-47000
054896,聯茂日盛97購01  ,0,0,0,0,0,0,0,0,0,-47000,0,0,0,118000,165000,-47000,-47000
052376,聯詠元大95購04  ,0,0,0,0,0,0,0,0,0,-47000,0,0,0,0,47000,-47000,-47000
053019,禾伸堂元富96購01,0,0,0,0,0,0,0,0,0,-47000,0,0,0,0,47000,-47000,-47000
053427,鎧勝永豐96購02  ,0,0,0,0,0,0,0,0,0,-47000,0,0,0,42000,89000,-47000,-47000
053478,京鼎元大96購01  ,0,0,0,0,0,0,0,0,0,-47000,0,0,0,23000,70000,-47000,-47000
4942,嘉彰            ,81000,128000,-47000,0,0,0,0,0,0,0,0,0,0,0,0,0,-47000
6202,盛群            ,147000,194000,-47000,0,0,0,0,0,0,0,0,0,0,0,0,0,-47000
3454,晶睿            ,108000,155000,-47000,0,0,0,0,0,0,0,1000,1000,0,0,0,0,-47000
3006,晶豪科          ,239000,156000,83000,0,0,0,0,0,0,-130000,48000,26000,22000,58000,210000,-152000,-47000
06452P,大立光元大98售08,0,0,0,0,0,0,0,0,0,-47000,0,0,0,40000,87000,-47000,-47000
1519,華城            ,95000,92000,3000,0,0,0,0,50000,-50000,0,0,0,0,0,0,0,-47000
06095P,燿華永豐97售01  ,0,0,0,0,0,0,0,0,0,-47000,0,0,0,0,47000,-47000,-47000
06185P,台表科元大97售05,0,0,0,0,0,0,0,0,0,-47000,0,0,0,119000,166000,-47000,-47000
055400,緯穎統一97購01  ,0,0,0,0,0,0,0,0,0,-48000,0,0,0,0,48000,-48000,-48000
055663,崇越中信97購01  ,0,0,0,0,0,0,0,0,0,-48000,0,0,0,157000,205000,-48000,-48000
055568,緯穎凱基97購02  ,0,0,0,0,0,0,0,0,0,-48000,0,0,0,98000,146000,-48000,-48000
055319,國巨國票98購03  ,0,0,0,0,0,0,0,0,0,-48000,0,0,0,23000,71000,-48000,-48000
055748,GIS元富97購01   ,0,0,0,0,0,0,0,0,0,-48000,0,0,0,10000,58000,-48000,-48000
056262,台積電統一98購04,0,0,0,0,0,0,0,0,0,-48000,0,0,0,90000,138000,-48000,-48000
056260,鴻海統一98購07  ,0,0,0,0,0,0,0,0,0,-48000,0,0,0,0,48000,-48000,-48000
056185,全新統一98購01  ,0,0,0,0,0,0,0,0,0,-48000,0,0,0,0,48000,-48000,-48000
057041,國巨元大99購04  ,0,0,0,0,0,0,0,0,0,-48000,0,0,0,656000,704000,-48000,-48000
056944,鴻海統一98購11  ,0,0,0,0,0,0,0,0,0,-48000,0,0,0,0,48000,-48000,-48000
056974,臻鼎永昌9C購01  ,0,0,0,0,0,0,0,0,0,-48000,0,0,0,0,48000,-48000,-48000
056965,全新永豐98購01  ,0,0,0,0,0,0,0,0,0,-48000,0,0,0,201000,249000,-48000,-48000
056778,元石油群益9B購01,0,0,0,0,0,0,0,0,0,-48000,0,0,0,12000,60000,-48000,-48000
056446,聯發科凱基98購08,0,0,0,0,0,0,0,0,0,-48000,0,0,0,10000,58000,-48000,-48000
00712,FH富時不動產    ,62000,0,62000,0,0,0,0,0,0,-110000,0,0,0,221000,331000,-110000,-48000
04832P,為升元大94售09  ,0,0,0,0,0,0,0,0,0,-48000,0,0,0,0,48000,-48000,-48000
046356,智伸科群益93購01,0,0,0,0,0,0,0,0,0,-48000,0,0,0,1000,49000,-48000,-48000
051373,華新亞東95購01  ,0,0,0,0,0,0,0,0,0,-48000,0,0,0,0,48000,-48000,-48000
050339,鴻海統一94購06  ,0,0,0,0,0,0,0,0,0,-48000,0,0,0,0,48000,-48000,-48000
049584,台積電元大96購04,0,0,0,0,0,0,0,0,0,-48000,0,0,0,697000,745000,-48000,-48000
049880,健策永豐94購02  ,0,0,0,0,0,0,0,0,0,-48000,0,0,0,35000,83000,-48000,-48000
052349,鴻海統一95購15  ,0,0,0,0,0,0,0,0,0,-48000,0,0,0,0,48000,-48000,-48000
053667,鴻海統一96購12  ,0,0,0,0,0,0,0,0,0,-48000,0,0,0,0,48000,-48000,-48000
053304,可成凱基96購03  ,0,0,0,0,0,0,0,0,0,-48000,0,0,0,23000,71000,-48000,-48000
053149,京元電元大96購02,0,0,0,0,0,0,0,0,0,-48000,0,0,0,0,48000,-48000,-48000
053177,華邦電統一96購01,0,0,0,0,0,0,0,0,0,-48000,0,0,0,0,48000,-48000,-48000
053189,聯發科統一96購05,0,0,0,0,0,0,0,0,0,-48000,0,0,0,0,48000,-48000,-48000
053010,鴻海統一96購11  ,0,0,0,0,0,0,0,0,0,-48000,0,0,0,0,48000,-48000,-48000
052910,鴻海統一96購10  ,0,0,0,0,0,0,0,0,0,-48000,0,0,0,0,48000,-48000,-48000
052473,臻鼎亞東95購01  ,0,0,0,0,0,0,0,0,0,-48000,0,0,0,0,48000,-48000,-48000
052465,聯詠統一95購02  ,0,0,0,0,0,0,0,0,0,-48000,0,0,0,0,48000,-48000,-48000
054146,康友元大96購06  ,0,0,0,0,0,0,0,0,0,-48000,0,0,0,101000,149000,-48000,-48000
054375,貿聯中信99購01  ,0,0,0,0,0,0,0,0,0,-48000,0,0,0,0,48000,-48000,-48000
054003,鴻海統一96購13  ,0,0,0,0,0,0,0,0,0,-48000,0,0,0,0,48000,-48000,-48000
057617,國巨凱基99購06  ,0,0,0,0,0,0,0,0,0,-48000,0,0,0,0,48000,-48000,-48000
05840P,臺股指富邦96售07,0,0,0,0,0,0,0,0,0,-48000,0,0,0,2000,50000,-48000,-48000
06521P,矽力元大98售01  ,0,0,0,0,0,0,0,0,0,-48000,0,0,0,3000,51000,-48000,-48000
056486,樺漢元大98購04  ,0,0,0,0,0,0,0,0,0,-49000,0,0,0,109000,158000,-49000,-49000
056483,TPK元大98購01   ,0,0,0,0,0,0,0,0,0,-49000,0,0,0,38000,87000,-49000,-49000
056313,聯茂元大98購01  ,0,0,0,0,0,0,0,0,0,-49000,0,0,0,81000,130000,-49000,-49000
056695,景碩群益99購01  ,0,0,0,0,0,0,0,0,0,-49000,0,0,0,6000,55000,-49000,-49000
056941,台郡元富9B購01  ,0,0,0,0,0,0,0,0,0,-49000,0,0,0,8000,57000,-49000,-49000
057085,立積統一9B購02  ,0,0,0,0,0,0,0,0,0,-49000,0,0,0,0,49000,-49000,-49000
057248,台積電統一98購08,0,0,0,0,0,0,0,0,0,-49000,0,0,0,9000,58000,-49000,-49000
050782,台積電國泰96購03,0,0,0,0,0,0,0,0,0,-49000,0,0,0,38000,87000,-49000,-49000
050754,元金2X元富9B購01,0,0,0,0,0,0,0,0,0,-49000,0,0,0,126000,175000,-49000,-49000
050557,台積電統一94購13,0,0,0,0,0,0,0,0,0,-49000,0,0,0,0,49000,-49000,-49000
048936,玉晶光永豐94購05,0,0,0,0,0,0,0,0,0,-49000,0,0,0,10000,59000,-49000,-49000
050322,世紀鋼國票95購01,0,0,0,0,0,0,0,0,0,-49000,0,0,0,0,49000,-49000,-49000
051762,國泰金元大95購01,0,0,0,0,0,0,0,0,0,-49000,0,0,0,91000,140000,-49000,-49000
050252,聯發科國泰95購01,0,0,0,0,0,0,0,0,0,-49000,0,0,0,165000,214000,-49000,-49000
053889,致茂群益97購01  ,0,0,0,0,0,0,0,0,0,-49000,0,0,0,31000,80000,-49000,-49000
054315,訊芯凱基98購01  ,0,0,0,0,0,0,0,0,0,-49000,0,0,0,0,49000,-49000,-49000
052532,台積電國泰96購07,0,0,0,0,0,0,0,0,0,-49000,0,0,0,15000,64000,-49000,-49000
052558,新唐國票97購01  ,0,0,0,0,0,0,0,0,0,-49000,0,0,0,0,49000,-49000,-49000
052749,日月光元大96購02,0,0,0,0,0,0,0,0,0,-49000,0,0,0,88000,137000,-49000,-49000
06496P,台灣50日盛98售01,0,0,0,0,0,0,0,0,0,-49000,0,0,0,1231000,1280000,-49000,-49000
6183,關貿            ,12000,9000,3000,0,0,0,0,0,0,-52000,0,52000,-52000,0,0,0,-49000
9944,新麗            ,58000,105000,-47000,0,0,0,0,0,0,-2000,1000,3000,-2000,0,0,0,-49000
00771,元大US高息特別股,0,0,0,0,0,0,0,0,0,-49031,0,0,0,14000,63031,-49031,-49031
057349,聯發科統一98購04,0,0,0,0,0,0,0,0,0,-50000,0,0,0,0,50000,-50000,-50000
057379,寶成元大98購02  ,0,0,0,0,0,0,0,0,0,-50000,0,0,0,0,50000,-50000,-50000
056663,臺股指元大9A購10,0,0,0,0,0,0,0,0,0,-50000,0,0,0,20000,70000,-50000,-50000
05672P,鴻海群益96售03  ,0,0,0,0,0,0,0,0,0,-50000,0,0,0,30000,80000,-50000,-50000
056247,台郡群益97購01  ,0,0,0,0,0,0,0,0,0,-50000,0,0,0,72000,122000,-50000,-50000
056238,聯發科群益98購02,0,0,0,0,0,0,0,0,0,-50000,0,0,0,10000,60000,-50000,-50000
056080,世紀鋼元大97購03,0,0,0,0,0,0,0,0,0,-50000,0,0,0,2000,52000,-50000,-50000
055682,智原凱基98購02  ,0,0,0,0,0,0,0,0,0,-50000,0,0,0,0,50000,-50000,-50000
05581P,華新科凱基96售07,0,0,0,0,0,0,0,0,0,-50000,0,0,0,0,50000,-50000,-50000
055970,聯茂元大97購04  ,0,0,0,0,0,0,0,0,0,-50000,0,0,0,0,50000,-50000,-50000
055153,台光電元大98購02,0,0,0,0,0,0,0,0,0,-50000,0,0,0,9000,59000,-50000,-50000
055131,茂林康和97購01  ,0,0,0,0,0,0,0,0,0,-50000,0,0,0,0,50000,-50000,-50000
055111,宏盛凱基97購01  ,0,0,0,0,0,0,0,0,0,-50000,0,0,0,0,50000,-50000,-50000
055454,華邦電元富97購02,0,0,0,0,0,0,0,0,0,-50000,0,0,0,540000,590000,-50000,-50000
04241P,欣興國泰95售02  ,0,0,0,0,0,0,0,0,0,-50000,0,0,0,80000,130000,-50000,-50000
042803,天鈺元大93購01  ,0,0,0,0,0,0,0,0,0,-50000,0,0,0,0,50000,-50000,-50000
04287P,A50正2中信96售01,0,0,0,0,0,0,0,0,0,-50000,0,0,0,20000,70000,-50000,-50000
04320P,亞德客元大93售07,0,0,0,0,0,0,0,0,0,-50000,0,0,0,0,50000,-50000,-50000
045568,上証2X元大95購01,0,0,0,0,0,0,0,0,0,-50000,0,0,0,0,50000,-50000,-50000
03927P,旺宏台新94售01  ,0,0,0,0,0,0,0,0,0,-50000,0,0,0,0,50000,-50000,-50000
04730P,臺股指中信96售02,0,0,0,0,0,0,0,0,0,-50000,0,0,0,0,50000,-50000,-50000
04404P,玉晶光國票94售01,0,0,0,0,0,0,0,0,0,-50000,0,0,0,30000,80000,-50000,-50000
044375,亞光兆豐92購01  ,0,0,0,0,0,0,0,0,0,-50000,0,0,0,0,50000,-50000,-50000
047491,旺宏統一94購03  ,0,0,0,0,0,0,0,0,0,-50000,0,0,0,0,50000,-50000,-50000
047507,台塑國票93購01  ,0,0,0,0,0,0,0,0,0,-50000,0,0,0,0,50000,-50000,-50000
048690,美律群益94購01  ,0,0,0,0,0,0,0,0,0,-50000,0,0,0,0,50000,-50000,-50000
047478,旺宏凱基93購04  ,0,0,0,0,0,0,0,0,0,-50000,0,0,0,0,50000,-50000,-50000
048534,貿聯國票94購01  ,0,0,0,0,0,0,0,0,0,-50000,0,0,0,6000,56000,-50000,-50000
04821P,臺股指永豐94售01,0,0,0,0,0,0,0,0,0,-50000,0,0,0,0,50000,-50000,-50000
048256,鴻海統一93購08  ,0,0,0,0,0,0,0,0,0,-50000,0,0,0,0,50000,-50000,-50000
048258,國泰金統一93購01,0,0,0,0,0,0,0,0,0,-50000,0,0,0,17000,67000,-50000,-50000
046848,和大元大93購01  ,0,0,0,0,0,0,0,0,0,-50000,0,0,0,2000,52000,-50000,-50000
04796P,聯發科元大94售10,0,0,0,0,0,0,0,0,0,-50000,0,0,0,0,50000,-50000,-50000
047806,旺宏凱基93購05  ,0,0,0,0,0,0,0,0,0,-50000,0,0,0,10000,60000,-50000,-50000
047029,日月光元大93購01,0,0,0,0,0,0,0,0,0,-50000,0,0,0,0,50000,-50000,-50000
047030,日月光元大93購02,0,0,0,0,0,0,0,0,0,-50000,0,0,0,0,50000,-50000,-50000
050793,大立光富邦96購03,0,0,0,0,0,0,0,0,0,-50000,0,0,0,5000,55000,-50000,-50000
05022P,智易凱基95售01  ,0,0,0,0,0,0,0,0,0,-50000,0,0,0,0,50000,-50000,-50000
051431,群創元富99購02  ,0,0,0,0,0,0,0,0,0,-50000,0,0,0,0,50000,-50000,-50000
050963,強茂永豐95購01  ,0,0,0,0,0,0,0,0,0,-50000,0,0,0,0,50000,-50000,-50000
051311,瑞昱麥證95購01  ,0,0,0,215000,265000,-50000,0,0,0,-50000,0,0,0,220000,270000,-50000,-50000
051464,彩晶國泰96購01  ,0,0,0,0,0,0,0,0,0,-50000,0,0,0,10000,60000,-50000,-50000
048893,南電元富94購01  ,0,0,0,0,0,0,0,0,0,-50000,0,0,0,0,50000,-50000,-50000
049448,光磊統一94購01  ,0,0,0,0,0,0,0,0,0,-50000,0,0,0,0,50000,-50000,-50000
049407,台積電日盛94購02,0,0,0,0,0,0,0,0,0,-50000,0,0,0,24000,74000,-50000,-50000
051091,聯發科元大95購07,0,0,0,0,0,0,0,0,0,-50000,0,0,0,0,50000,-50000,-50000
049542,鴻海群益94購05  ,0,0,0,0,0,0,0,0,0,-50000,0,0,0,0,50000,-50000,-50000
049523,微星兆豐94購02  ,0,0,0,0,0,0,0,0,0,-50000,0,0,0,0,50000,-50000,-50000
049747,嘉晶永豐94購02  ,0,0,0,0,0,0,0,0,0,-50000,0,0,0,0,50000,-50000,-50000
049731,A50正2群益94購02,0,0,0,0,0,0,0,0,0,-50000,0,0,0,0,50000,-50000,-50000
04920P,智易凱基94售05  ,0,0,0,0,0,0,0,0,0,-50000,0,0,0,20000,70000,-50000,-50000
050711,TPK中信94購01   ,0,0,0,0,0,0,0,0,0,-50000,0,0,0,0,50000,-50000,-50000
050702,崇越凱基94購01  ,0,0,0,0,0,0,0,0,0,-50000,0,0,0,0,50000,-50000,-50000
051968,勤誠永豐95購01  ,0,0,0,0,0,0,0,0,0,-50000,0,0,0,0,50000,-50000,-50000
052333,嘉聯益兆豐96購01,0,0,0,0,0,0,0,0,0,-50000,0,0,0,0,50000,-50000,-50000
052190,創意群益95購03  ,0,0,0,0,0,0,0,0,0,-50000,0,0,0,0,50000,-50000,-50000
049579,鴻海元大94購06  ,0,0,0,0,0,0,0,0,0,-50000,0,0,0,0,50000,-50000,-50000
049613,華通中信94購01  ,0,0,0,0,0,0,0,0,0,-50000,0,0,0,0,50000,-50000,-50000
050479,上証2X國票95購02,0,0,0,0,0,0,0,0,0,-50000,0,0,0,0,50000,-50000,-50000
051383,京鼎群益96購02  ,0,0,0,0,0,0,0,0,0,-50000,0,0,0,79000,129000,-50000,-50000
051546,慧洋康和95購01  ,0,0,0,0,0,0,0,0,0,-50000,0,0,0,0,50000,-50000,-50000
052949,智易國票97購02  ,0,0,0,0,0,0,0,0,0,-50000,0,0,0,0,50000,-50000,-50000
052984,漢唐元大96購01  ,0,0,0,0,0,0,0,0,0,-50000,0,0,0,30000,80000,-50000,-50000
053209,台積電凱基96購07,0,0,0,0,0,0,0,0,0,-50000,0,0,0,0,50000,-50000,-50000
053236,群創永豐97購02  ,0,0,0,0,0,0,0,0,0,-50000,0,0,0,11000,61000,-50000,-50000
05334P,臺股指國票95售03,0,0,0,0,0,0,0,0,0,-50000,0,0,0,0,50000,-50000,-50000
05364P,臺股指富邦95售04,0,0,0,0,0,0,0,0,0,-50000,0,0,0,0,50000,-50000,-50000
053691,聯發科元大96購16,0,0,0,0,0,0,0,0,0,-50000,0,0,0,300000,350000,-50000,-50000
053483,嘉澤第一96購01  ,0,0,0,0,0,0,0,0,0,-50000,0,0,0,0,50000,-50000,-50000
053426,創意永豐96購04  ,0,0,0,0,0,0,0,0,0,-50000,0,0,0,20000,70000,-50000,-50000
054263,聯茂元大96購02  ,0,0,0,0,0,0,0,0,0,-50000,0,0,0,0,50000,-50000,-50000
054368,鴻海中信9A購02  ,0,0,0,0,0,0,0,0,0,-50000,0,0,0,0,50000,-50000,-50000
054413,台光電元大96購03,0,0,0,0,0,0,0,0,0,-50000,0,0,0,0,50000,-50000,-50000
054233,聯發科群益96購04,0,0,0,0,0,0,0,0,0,-50000,0,0,0,20000,70000,-50000,-50000
053871,臻鼎元大96購03  ,0,0,0,0,0,0,0,0,0,-50000,0,0,0,0,50000,-50000,-50000
053790,嘉聯益元大99購02,0,0,0,0,0,0,0,0,0,-50000,0,0,0,0,50000,-50000,-50000
053995,奇力新群益97購02,0,0,0,0,0,0,0,0,0,-50000,0,0,0,0,50000,-50000,-50000
054052,日月光元大96購06,0,0,0,0,0,0,0,0,0,-50000,0,0,0,0,50000,-50000,-50000
054864,聯發科群益97購02,0,0,0,0,0,0,0,0,0,-50000,0,0,0,20000,70000,-50000,-50000
054984,華泰元富97購01  ,0,0,0,0,0,0,0,0,0,-50000,0,0,0,0,50000,-50000,-50000
055040,台虹富邦99購01  ,0,0,0,0,0,0,0,0,0,-50000,0,0,0,0,50000,-50000,-50000
05448P,臺股指元大95售25,0,0,0,0,0,0,0,0,0,-50000,0,0,0,0,50000,-50000,-50000
05442P,鴻海元大96售13  ,0,0,0,0,0,0,0,0,0,-50000,0,0,0,435000,485000,-50000,-50000
06458P,玉晶光統一9A售02,0,0,0,0,0,0,0,0,0,-50000,0,0,0,0,50000,-50000,-50000
06443P,台積電凱基99售01,0,0,0,0,0,0,0,0,0,-50000,0,0,0,0,50000,-50000,-50000
06757P,台灣50元大9B售01,0,0,0,0,0,0,0,0,0,-50000,0,0,0,0,50000,-50000,-50000
06684P,緯穎元大98售06  ,0,0,0,0,0,0,0,0,0,-50000,0,0,0,0,50000,-50000,-50000
06656P,GIS元大98售02   ,0,0,0,0,0,0,0,0,0,-50000,0,0,0,0,50000,-50000,-50000
05793P,臺股指中信99售08,0,0,0,0,0,0,0,0,0,-50000,0,0,0,0,50000,-50000,-50000
057540,緯穎日盛99購01  ,0,0,0,0,0,0,0,0,0,-50000,0,0,0,0,50000,-50000,-50000
057514,華新科元富99購03,0,0,0,0,0,0,0,0,0,-50000,0,0,0,35000,85000,-50000,-50000
06182P,群創兆豐97售03  ,0,0,0,0,0,0,0,0,0,-50000,0,0,0,0,50000,-50000,-50000
06168P,台表科國票97售06,0,0,0,0,0,0,0,0,0,-50000,0,0,0,0,50000,-50000,-50000
06268P,聯詠凱基97售02  ,0,0,0,0,0,0,0,0,0,-50000,0,0,0,0,50000,-50000,-50000
06285P,台積電國票98售04,0,0,0,0,0,0,0,0,0,-50000,0,0,0,8000,58000,-50000,-50000
06112P,台積電兆豐97售01,0,0,0,0,0,0,0,0,0,-50000,0,0,0,10000,60000,-50000,-50000
056660,臺股指元大9A購07,0,0,0,0,0,0,0,0,0,-51000,0,0,0,51000,102000,-51000,-51000
056602,嘉澤國泰99購01  ,0,0,0,0,0,0,0,0,0,-51000,0,0,0,48000,99000,-51000,-51000
056314,力成元大97購01  ,0,0,0,0,0,0,0,0,0,-51000,0,0,0,0,51000,-51000,-51000
057073,康控永豐98購01  ,0,0,0,0,0,0,0,0,0,-51000,0,0,0,283000,334000,-51000,-51000
05111P,台積電統一95售04,0,0,0,0,0,0,0,0,0,-51000,0,0,0,0,51000,-51000,-51000
047250,日月光群益94購01,0,0,0,0,0,0,0,0,0,-51000,0,0,0,30000,81000,-51000,-51000
050517,台積電元大94購27,0,0,0,0,0,0,0,0,0,-51000,0,0,0,478000,529000,-51000,-51000
051241,台積電元大95購13,0,0,0,0,0,0,0,0,0,-51000,0,0,0,319000,370000,-51000,-51000
049960,嘉聯益統一94購01,0,0,0,0,0,0,0,0,0,-51000,0,0,0,0,51000,-51000,-51000
049151,大立光元大94購07,0,0,0,0,0,0,0,0,0,-51000,0,0,0,0,51000,-51000,-51000
050312,大立光兆豐94購04,0,0,0,0,0,0,0,0,0,-51000,0,0,0,20000,71000,-51000,-51000
051624,智邦麥證95購02  ,0,0,0,0,51000,-51000,0,0,0,-51000,0,0,0,0,51000,-51000,-51000
053981,康控元大96購05  ,0,0,0,0,0,0,0,0,0,-51000,0,0,0,0,51000,-51000,-51000
05420P,大立光國泰97售03,0,0,0,0,0,0,0,0,0,-51000,0,0,0,238000,289000,-51000,-51000
05439P,聯發科國票95售06,0,0,0,0,0,0,0,0,0,-51000,0,0,0,0,51000,-51000,-51000
053476,冠德元大96購03  ,0,0,0,0,0,0,0,0,0,-51000,0,0,0,0,51000,-51000,-51000
053066,欣興群益96購02  ,0,0,0,0,0,0,0,0,0,-51000,0,0,0,0,51000,-51000,-51000
052857,大成鋼凱基96購01,0,0,0,0,0,0,0,0,0,-51000,0,0,0,0,51000,-51000,-51000
052553,技嘉國票96購01  ,0,0,0,0,0,0,0,0,0,-51000,0,0,0,58000,109000,-51000,-51000
05898P,旺宏凱基96售06  ,0,0,0,0,0,0,0,0,0,-51000,0,0,0,10000,61000,-51000,-51000
1473,台南            ,17000,68000,-51000,0,0,0,0,0,0,0,0,0,0,0,0,0,-51000
056948,旺宏統一9A購01  ,0,0,0,0,0,0,0,0,0,-52000,0,0,0,0,52000,-52000,-52000
055460,華擎永豐97購01  ,0,0,0,0,0,0,0,0,0,-52000,0,0,0,6000,58000,-52000,-52000
05525P,奇力新群益96售02,0,0,0,0,0,0,0,0,0,-52000,0,0,0,20000,72000,-52000,-52000
05593P,鴻海國票97售03  ,0,0,0,0,0,0,0,0,0,-52000,0,0,0,0,52000,-52000,-52000
055795,茂林國泰98購01  ,0,0,0,0,0,0,0,0,0,-52000,0,0,0,0,52000,-52000,-52000
055994,聯發科國泰99購02,0,0,0,0,0,0,0,0,0,-52000,0,0,0,150000,202000,-52000,-52000
044298,南電凱基93購01  ,0,0,0,0,0,0,0,0,0,-52000,0,0,0,0,52000,-52000,-52000
046108,A50正2元大95購02,0,0,0,0,0,0,0,0,0,-52000,0,0,0,0,52000,-52000,-52000
045449,嘉聯益國泰94購01,0,0,0,0,0,0,0,0,0,-52000,0,0,0,0,52000,-52000,-52000
047033,日月光中信95購01,0,0,0,0,0,0,0,0,0,-52000,0,0,0,20000,72000,-52000,-52000
050901,樺漢元大95購02  ,0,0,0,0,0,0,0,0,0,-52000,0,0,0,181000,233000,-52000,-52000
051332,奇力新永豐95購01,0,0,0,0,0,0,0,0,0,-52000,0,0,0,20000,72000,-52000,-52000
052270,力成日盛95購01  ,0,0,0,0,0,0,0,0,0,-52000,0,0,0,58000,110000,-52000,-52000
052529,力成元大95購03  ,0,0,0,0,0,0,0,0,0,-52000,0,0,0,0,52000,-52000,-52000
053522,臺股指群益99購01,0,0,0,0,0,0,0,0,0,-52000,0,0,0,508000,560000,-52000,-52000
053407,台積電兆豐96購02,0,0,0,0,0,0,0,0,0,-52000,0,0,0,27000,79000,-52000,-52000
053980,泰鼎元大97購02  ,0,0,0,0,0,0,0,0,0,-52000,0,0,0,113000,165000,-52000,-52000
054583,玉晶光統一97購02,0,0,0,0,0,0,0,0,0,-52000,0,0,0,58000,110000,-52000,-52000
06229P,欣興凱基97售07  ,0,0,0,0,0,0,0,0,0,-52000,0,0,0,104000,156000,-52000,-52000
6706,惠特            ,48000,109000,-61000,0,0,0,0,0,0,9000,19000,10000,9000,0,0,0,-52000
3029,零壹            ,89000,141000,-52000,0,0,0,0,0,0,0,0,0,0,0,0,0,-52000
056281,深中小永豐97購01,0,0,0,0,0,0,0,0,0,-53000,0,0,0,0,53000,-53000,-53000
055786,彩晶凱基99購02  ,0,0,0,0,0,0,0,0,0,-53000,0,0,0,0,53000,-53000,-53000
055672,國巨日盛97購02  ,0,0,0,0,0,0,0,0,0,-53000,0,0,0,110000,163000,-53000,-53000
055233,康友國票98購01  ,0,0,0,0,0,0,0,0,0,-53000,0,0,0,5000,58000,-53000,-53000
055610,光磊國票98購01  ,0,0,0,0,0,0,0,0,0,-53000,0,0,0,0,53000,-53000,-53000
057174,南亞科元大98購05,0,0,0,0,0,0,0,0,0,-53000,0,0,0,46000,99000,-53000,-53000
056284,台積電永豐97購06,0,0,0,0,0,0,0,0,0,-53000,0,0,0,44000,97000,-53000,-53000
056613,旺宏永豐98購01  ,0,0,0,0,0,0,0,0,0,-53000,0,0,0,88000,141000,-53000,-53000
056869,國巨日盛99購03  ,0,0,0,0,0,0,0,0,0,-53000,0,0,0,25000,78000,-53000,-53000
050177,聯發科元大94購11,0,0,0,0,0,0,0,0,0,-53000,0,0,0,23000,76000,-53000,-53000
050133,鈺齊凱基94購01  ,0,0,0,0,0,0,0,0,0,-53000,0,0,0,51000,104000,-53000,-53000
049297,日電貿群益95購01,0,0,0,0,0,0,0,0,0,-53000,0,0,0,128000,181000,-53000,-53000
01010T,京城樂富R1      ,0,0,0,0,0,0,0,0,0,-53000,0,53000,-53000,0,0,0,-53000
051941,樺漢群益95購02  ,0,0,0,0,0,0,0,0,0,-53000,0,0,0,35000,88000,-53000,-53000
050700,健策凱基96購01  ,0,0,0,0,0,0,0,0,0,-53000,0,0,0,132000,185000,-53000,-53000
050682,南亞科元富94購02,0,0,0,0,0,0,0,0,0,-53000,0,0,0,20000,73000,-53000,-53000
049795,華通元大96購02  ,0,0,0,0,0,0,0,0,0,-53000,0,0,0,0,53000,-53000,-53000
049004,聯發科中信96購01,0,0,0,0,0,0,0,0,0,-53000,0,0,0,1000,54000,-53000,-53000
049528,台積電中信94購01,0,0,0,0,0,0,0,0,0,-53000,0,0,0,43000,96000,-53000,-53000
054509,上証反元大99購01,0,0,0,0,0,0,0,0,0,-53000,0,0,0,109000,162000,-53000,-53000
054000,訊芯群益96購02  ,0,0,0,0,0,0,0,0,0,-53000,0,0,0,147000,200000,-53000,-53000
054095,同欣電群益98購03,0,0,0,0,0,0,0,0,0,-53000,0,0,0,31000,84000,-53000,-53000
053837,貿聯永豐96購02  ,0,0,0,0,0,0,0,0,0,-53000,0,0,0,23000,76000,-53000,-53000
054303,國巨凱基96購15  ,0,0,0,0,0,0,0,0,0,-53000,0,0,0,5000,58000,-53000,-53000
06162P,大立光群益97售02,0,0,0,0,0,0,0,0,0,-53000,0,0,0,0,53000,-53000,-53000
056599,臻鼎元富98購01  ,0,0,0,0,0,0,0,0,0,-54000,0,0,0,66000,120000,-54000,-54000
056407,嘉晶國票99購01  ,0,0,0,0,0,0,0,0,0,-54000,0,0,0,97000,151000,-54000,-54000
056371,樺漢元大98購03  ,0,0,0,0,0,0,0,0,0,-54000,0,0,0,154000,208000,-54000,-54000
056538,國泰金凱基98購01,0,0,0,0,0,0,0,0,0,-54000,0,0,0,6000,60000,-54000,-54000
00663L,國泰臺灣加權正2 ,0,0,0,0,0,0,0,0,0,-54000,0,0,0,11000,65000,-54000,-54000
04610P,世紀鋼永豐94售03,0,0,0,0,0,0,0,0,0,-54000,0,0,0,0,54000,-54000,-54000
046293,聯發科統一94購01,0,0,0,0,0,0,0,0,0,-54000,0,0,0,0,54000,-54000,-54000
050390,聯發科統一94購09,0,0,0,0,0,0,0,0,0,-54000,0,0,0,0,54000,-54000,-54000
050853,南電國票96購01  ,0,0,0,0,0,0,0,0,0,-54000,0,0,0,36000,90000,-54000,-54000
051243,微星元大95購01  ,0,0,0,0,0,0,0,0,0,-54000,0,0,0,19000,73000,-54000,-54000
052196,TPK元富95購01   ,0,0,0,0,0,0,0,0,0,-54000,0,0,0,189000,243000,-54000,-54000
052131,台積電凱基96購01,0,0,0,0,0,0,0,0,0,-54000,0,0,0,9000,63000,-54000,-54000
053405,台達電兆豐96購01,0,0,0,0,0,0,0,0,0,-54000,0,0,0,0,54000,-54000,-54000
053509,華新群益98購01  ,0,0,0,0,0,0,0,0,0,-54000,0,0,0,55000,109000,-54000,-54000
053612,T50反1群益96購01,0,0,0,0,0,0,0,0,0,-54000,0,0,0,2000,56000,-54000,-54000
052482,茂林群益95購01  ,0,0,0,0,0,0,0,0,0,-54000,0,0,0,19000,73000,-54000,-54000
05926P,智易永豐96售02  ,0,0,0,0,0,0,0,0,0,-54000,0,0,0,0,54000,-54000,-54000
056459,茂林凱基99購01  ,0,0,0,0,0,0,0,0,0,-55000,0,0,0,15000,70000,-55000,-55000
057155,元油2X富邦9B購02,0,0,0,0,0,0,0,0,0,-55000,0,0,0,0,55000,-55000,-55000
057083,立積統一98購01  ,0,0,0,0,0,0,0,0,0,-55000,0,0,0,0,55000,-55000,-55000
055484,華通元大97購04  ,0,0,0,0,0,0,0,0,0,-55000,0,0,0,23000,78000,-55000,-55000
055091,微星群益97購01  ,0,0,0,0,0,0,0,0,0,-55000,0,0,0,22000,77000,-55000,-55000
055700,緯穎國泰98購02  ,0,0,0,0,0,0,0,0,0,-55000,0,0,0,91000,146000,-55000,-55000
055805,矽力永豐97購01  ,0,0,0,0,0,0,0,0,0,-55000,0,0,0,101000,156000,-55000,-55000
056155,嘉晶凱基97購01  ,0,0,0,0,0,0,0,0,0,-55000,0,0,0,152000,207000,-55000,-55000
049283,滬深2X中信95購10,0,0,0,0,0,0,0,0,0,-55000,0,0,0,55000,110000,-55000,-55000
049271,百和元大94購01  ,0,0,0,0,0,0,0,0,0,-55000,0,0,0,45000,100000,-55000,-55000
048246,京元電兆豐93購02,0,0,0,0,0,0,0,0,0,-55000,0,0,0,0,55000,-55000,-55000
048693,GIS群益94購02   ,0,0,0,0,0,0,0,0,0,-55000,0,0,0,10000,65000,-55000,-55000
049720,欣興凱基94購05  ,0,0,0,0,0,0,0,0,0,-55000,0,0,0,5000,60000,-55000,-55000
049967,華新科國票94購07,0,0,0,0,0,0,0,0,0,-55000,0,0,0,57000,112000,-55000,-55000
051384,康友群益95購01  ,0,0,0,0,0,0,0,0,0,-55000,0,0,0,32000,87000,-55000,-55000
051473,台積電凱基95購10,0,0,0,0,0,0,0,0,0,-55000,0,0,0,72000,127000,-55000,-55000
050921,旺宏凱基95購02  ,0,0,0,0,0,0,0,0,0,-55000,0,0,0,43000,98000,-55000,-55000
054241,深中小元大98購01,0,0,0,0,0,0,0,0,0,-55000,0,0,0,45000,100000,-55000,-55000
06543P,鴻海元大98售08  ,0,0,0,0,0,0,0,0,0,-55000,0,0,0,4000,59000,-55000,-55000
2537,聯上發          ,15000,69000,-54000,0,0,0,0,0,0,-1000,0,1000,-1000,0,0,0,-55000
2601,益航            ,91000,146000,-55000,0,0,0,0,0,0,0,0,0,0,0,0,0,-55000
9934,成霖            ,35000,90000,-55000,0,0,0,0,0,0,0,0,0,0,0,0,0,-55000
6213,聯茂            ,865981,828000,37981,0,0,0,313000,230000,83000,-176000,297000,402000,-105000,30000,101000,-71000,-55019
056246,祥碩群益97購01  ,0,0,0,0,0,0,0,0,0,-56000,0,0,0,13000,69000,-56000,-56000
056100,楠梓電永豐97購02,0,0,0,0,0,0,0,0,0,-56000,0,0,0,3000,59000,-56000,-56000
055965,泰鼎元大97購03  ,0,0,0,0,0,0,0,0,0,-56000,0,0,0,55000,111000,-56000,-56000
057052,華擎元大98購01  ,0,0,0,0,0,0,0,0,0,-56000,0,0,0,168000,224000,-56000,-56000
056946,國巨統一98購05  ,0,0,0,0,0,0,0,0,0,-56000,0,0,0,23000,79000,-56000,-56000
056912,臺股指元大99購04,0,0,0,0,0,0,0,0,0,-56000,0,0,0,0,56000,-56000,-56000
056961,凱美永豐98購01  ,0,0,0,0,0,0,0,0,0,-56000,0,0,0,125000,181000,-56000,-56000
057214,瑞昱群益98購01  ,0,0,0,0,0,0,0,0,0,-56000,0,0,0,31000,87000,-56000,-56000
056370,台郡元大98購03  ,0,0,0,0,0,0,0,0,0,-56000,0,0,0,8000,64000,-56000,-56000
056326,TPK兆豐98購01   ,0,0,0,0,0,0,0,0,0,-56000,0,0,0,0,56000,-56000,-56000
056775,康控元大99購01  ,0,0,0,0,0,0,0,0,0,-56000,0,0,0,33000,89000,-56000,-56000
048210,鴻海日盛93購01  ,0,0,0,0,0,0,0,0,0,-56000,0,0,0,0,56000,-56000,-56000
03162P,泰碩元大01售02  ,0,0,0,0,0,0,0,0,0,-56000,0,0,0,62000,118000,-56000,-56000
045955,宏碁凱基93購01  ,0,0,0,0,0,0,0,0,0,-56000,0,0,0,0,56000,-56000,-56000
048998,玉晶光國票95購03,0,0,0,0,0,0,0,0,0,-56000,0,0,0,5000,61000,-56000,-56000
04886P,臺股指凱基94售20,0,0,0,0,0,0,0,0,0,-56000,0,0,0,0,56000,-56000,-56000
048790,大立光元大95購05,0,0,0,0,0,0,0,0,0,-56000,0,0,0,5000,61000,-56000,-56000
054693,神基永豐97購01  ,0,0,0,0,0,0,0,0,0,-56000,0,0,0,18000,74000,-56000,-56000
054724,鴻海日盛97購02  ,0,0,0,0,0,0,0,0,0,-56000,0,0,0,50000,106000,-56000,-56000
06499P,臺股指元大9A售04,0,0,0,0,0,0,0,0,0,-56000,0,0,0,10000,66000,-56000,-56000
05905P,晶技統一97售01  ,0,0,0,0,0,0,0,0,0,-56000,0,0,0,10000,66000,-56000,-56000
056632,鴻海永昌98購01  ,0,0,0,0,0,0,0,0,0,-57000,0,0,0,205000,262000,-57000,-57000
056670,樺漢國票99購01  ,0,0,0,0,0,0,0,0,0,-57000,0,0,0,10000,67000,-57000,-57000
056436,台積電凱基98購10,0,0,0,0,0,0,0,0,0,-57000,0,0,0,460000,517000,-57000,-57000
057188,佐登元大98購01  ,0,0,0,0,0,0,0,0,0,-57000,0,0,0,37000,94000,-57000,-57000
055956,瑞昱元大97購05  ,0,0,0,0,0,0,0,0,0,-57000,0,0,0,19000,76000,-57000,-57000
050984,大立光國泰97購01,0,0,0,0,0,0,0,0,0,-57000,0,0,0,27000,84000,-57000,-57000
051167,京鼎元大95購01  ,0,0,0,0,0,0,0,0,0,-57000,0,0,0,16000,73000,-57000,-57000
05002P,台積電統一95售03,0,0,0,0,0,0,0,0,0,-57000,0,0,0,23000,80000,-57000,-57000
049793,為升元大94購04  ,0,0,0,0,0,0,0,0,0,-57000,0,0,0,10000,67000,-57000,-57000
049846,台泥群益94購01  ,0,0,0,0,0,0,0,0,0,-57000,0,0,0,0,57000,-57000,-57000
052072,健策統一95購02  ,0,0,0,0,0,0,0,0,0,-57000,0,0,0,388000,445000,-57000,-57000
049233,聯發科統一94購04,0,0,0,0,0,0,0,0,0,-57000,0,0,0,1000,58000,-57000,-57000
051216,為升元富95購01  ,0,0,0,0,0,0,0,0,0,-57000,0,0,0,30000,87000,-57000,-57000
054881,光罩統一97購01  ,0,0,0,0,0,0,0,0,0,-57000,0,0,0,0,57000,-57000,-57000
054212,聯詠國票97購03  ,0,0,0,0,0,0,0,0,0,-57000,0,0,0,16000,73000,-57000,-57000
053899,矽創群益96購02  ,0,0,0,0,0,0,0,0,0,-57000,0,0,0,10000,67000,-57000,-57000
055835,華邦電元大97購03,0,0,0,0,0,0,0,0,0,-58000,0,0,0,10000,68000,-58000,-58000
056125,旺宏國票98購02  ,0,0,0,0,0,0,0,0,0,-58000,0,0,0,0,58000,-58000,-58000
055099,可成日盛97購01  ,0,0,0,0,0,0,0,0,0,-58000,0,0,0,0,58000,-58000,-58000
055170,光磊統一97購01  ,0,0,0,0,0,0,0,0,0,-58000,0,0,0,0,58000,-58000,-58000
055458,燿華永豐98購01  ,0,0,0,0,0,0,0,0,0,-58000,0,0,0,0,58000,-58000,-58000
056880,緯穎國票98購02  ,0,0,0,0,0,0,0,0,0,-58000,0,0,0,36000,94000,-58000,-58000
057060,緯穎元大98購05  ,0,0,0,0,0,0,0,0,0,-58000,0,0,0,95000,153000,-58000,-58000
057179,可成元大98購04  ,0,0,0,0,0,0,0,0,0,-58000,0,0,0,78000,136000,-58000,-58000
056802,友達台新98購01  ,0,0,0,0,0,0,0,0,0,-58000,0,0,0,14000,72000,-58000,-58000
046011,欣興元富95購01  ,0,0,0,0,0,0,0,0,0,-58000,0,0,0,61000,119000,-58000,-58000
044853,亞光國泰93購01  ,0,0,0,0,0,0,0,0,0,-58000,0,0,0,79000,137000,-58000,-58000
051219,大立光元富95購07,0,0,0,0,0,0,0,0,0,-58000,0,0,0,0,58000,-58000,-58000
049734,瑞昱群益94購02  ,0,0,0,0,0,0,0,0,0,-58000,0,0,0,2000,60000,-58000,-58000
051063,台郡群益95購01  ,0,0,0,0,0,0,0,0,0,-58000,0,0,0,43000,101000,-58000,-58000
049363,旺宏元大94購07  ,0,0,0,0,0,0,0,0,0,-58000,0,0,0,103000,161000,-58000,-58000
049917,華新科元大94購02,0,0,0,0,0,0,0,0,0,-58000,0,0,0,57000,115000,-58000,-58000
050429,漢唐凱基94購04  ,0,0,0,0,0,0,0,0,0,-58000,0,0,0,26000,84000,-58000,-58000
050512,台泥元大94購01  ,0,0,0,0,0,0,0,0,0,-58000,0,0,0,100000,158000,-58000,-58000
054047,富邦金元大97購01,0,0,0,0,0,0,0,0,0,-58000,0,0,0,153000,211000,-58000,-58000
054192,國巨中信98購01  ,0,0,0,0,0,0,0,0,0,-58000,0,0,0,0,58000,-58000,-58000
054957,興富發元大97購01,0,0,0,0,0,0,0,0,0,-58000,0,0,0,103000,161000,-58000,-58000
054625,旺宏凱基98購03  ,0,0,0,0,0,0,0,0,0,-58000,0,0,0,10000,68000,-58000,-58000
054515,華通元大98購02  ,0,0,0,0,0,0,0,0,0,-58000,0,0,0,42000,100000,-58000,-58000
052467,嘉聯益統一96購01,0,0,0,0,0,0,0,0,0,-58000,0,0,0,0,58000,-58000,-58000
052421,元油反國票9B購01,0,0,0,0,0,0,0,0,0,-58000,0,0,0,0,58000,-58000,-58000
052912,日月光統一96購01,0,0,0,0,0,0,0,0,0,-58000,0,0,0,176000,234000,-58000,-58000
053190,聯發科統一99購01,0,0,0,0,0,0,0,0,0,-58000,0,0,0,2000,60000,-58000,-58000
05763P,致新永豐96售01  ,0,0,0,0,0,0,0,0,0,-58000,0,0,0,10000,68000,-58000,-58000
06234P,亞德客元大97售02,0,0,0,0,0,0,0,0,0,-58000,0,0,0,363000,421000,-58000,-58000
06286P,世芯國票97售02  ,0,0,0,0,0,0,0,0,0,-58000,0,0,0,97000,155000,-58000,-58000
6108,競國            ,25000,83000,-58000,0,0,0,0,0,0,0,0,0,0,0,0,0,-58000
056308,TPK元大97購02   ,0,0,0,0,0,0,0,0,0,-59000,0,0,0,28000,87000,-59000,-59000
055053,瑞昱永豐97購01  ,0,0,0,0,0,0,0,0,0,-59000,0,0,0,6000,65000,-59000,-59000
055251,華新科統一99購01,0,0,0,0,0,0,0,0,0,-59000,0,0,0,212000,271000,-59000,-59000
056197,友訊永豐97購01  ,0,0,0,0,0,0,0,0,0,-59000,0,0,0,78000,137000,-59000,-59000
042388,大立光永昌93購02,0,0,0,0,0,0,0,0,0,-59000,0,0,0,0,59000,-59000,-59000
047908,南亞科元大93購02,0,0,0,0,0,0,0,0,0,-59000,0,0,0,99000,158000,-59000,-59000
047636,台達電元大93購03,0,0,0,0,0,0,0,0,0,-59000,0,0,0,1000,60000,-59000,-59000
050415,力成永豐94購01  ,0,0,0,0,0,0,0,0,0,-59000,0,0,0,12000,71000,-59000,-59000
051096,日月光元大95購01,0,0,0,0,0,0,0,0,0,-59000,0,0,0,93000,152000,-59000,-59000
053594,京鼎元大96購02  ,0,0,0,0,0,0,0,0,0,-59000,0,0,0,11000,70000,-59000,-59000
054327,亞光台新96購02  ,0,0,0,0,0,0,0,0,0,-59000,0,0,0,0,59000,-59000,-59000
8249,菱光            ,30000,89000,-59000,0,0,0,0,0,0,0,0,0,0,0,0,0,-59000
06089P,矽創永豐97售01  ,0,0,0,0,0,0,0,0,0,-59000,0,0,0,0,59000,-59000,-59000
1734,杏輝            ,109000,170000,-61000,0,0,0,0,0,0,2000,7000,5000,2000,0,0,0,-59000
1806,冠軍            ,3000,62000,-59000,0,0,0,0,0,0,0,0,0,0,0,0,0,-59000
055839,瑞昱元大97購04  ,0,0,0,0,0,0,0,0,0,-60000,0,0,0,0,60000,-60000,-60000
055850,聯詠元大97購06  ,0,0,0,0,0,0,0,0,0,-60000,0,0,0,0,60000,-60000,-60000
055324,TPK國票98購03   ,0,0,0,0,0,0,0,0,0,-60000,0,0,0,0,60000,-60000,-60000
056291,聯茂永豐97購03  ,0,0,0,0,0,0,0,0,0,-60000,0,0,0,68000,128000,-60000,-60000
056343,高鐵凱基98購02  ,0,0,0,0,0,0,0,0,0,-60000,0,0,0,0,60000,-60000,-60000
056341,宏達電凱基9A購01,0,0,0,0,0,0,0,0,0,-60000,0,0,0,17000,77000,-60000,-60000
056813,聯茂統一99購01  ,0,0,0,0,0,0,0,0,0,-60000,0,0,0,0,60000,-60000,-60000
056655,旺宏元大99購02  ,0,0,0,0,0,0,0,0,0,-60000,0,0,0,25000,85000,-60000,-60000
057291,國巨國泰9A購01  ,0,0,0,0,0,0,0,0,0,-60000,0,0,0,600000,660000,-60000,-60000
047620,貿聯凱基93購01  ,0,0,0,0,0,0,0,0,0,-60000,0,0,0,0,60000,-60000,-60000
047629,深中小元大96購01,0,0,0,0,0,0,0,0,0,-60000,0,0,0,0,60000,-60000,-60000
047542,華通凱基94購02  ,0,0,0,0,0,0,0,0,0,-60000,0,0,0,0,60000,-60000,-60000
048000,義隆元大93購03  ,0,0,0,0,0,0,0,0,0,-60000,0,0,0,0,60000,-60000,-60000
051006,中磊中信95購01  ,0,0,0,0,0,0,0,0,0,-60000,0,0,0,0,60000,-60000,-60000
050162,中環國泰95購01  ,0,0,0,0,0,0,0,0,0,-60000,0,0,0,0,60000,-60000,-60000
04198P,滬深2X群益95售04,0,0,0,0,0,0,0,0,0,-60000,0,0,0,50000,110000,-60000,-60000
041210,群創元富93購01  ,0,0,0,0,0,0,0,0,0,-60000,0,0,0,20000,80000,-60000,-60000
045870,元油2X元富96購02,0,0,0,0,0,0,0,0,0,-60000,0,0,0,40000,100000,-60000,-60000
045824,嘉聯益凱基93購02,0,0,0,0,0,0,0,0,0,-60000,0,0,0,0,60000,-60000,-60000
045055,聯發科元富98購03,0,0,0,0,0,0,0,0,0,-60000,0,0,0,20000,80000,-60000,-60000
051092,禾伸堂元大95購02,0,0,0,0,0,0,0,0,0,-60000,0,0,0,0,60000,-60000,-60000
051070,正崴國票96購01  ,0,0,0,0,0,0,0,0,0,-60000,0,0,0,0,60000,-60000,-60000
050306,聯發科中信97購01,0,0,0,0,0,0,0,0,0,-60000,0,0,0,20000,80000,-60000,-60000
048884,川湖元富94購01  ,0,0,0,0,0,0,0,0,0,-60000,0,0,0,0,60000,-60000,-60000
049315,上緯控凱基94購03,0,0,0,0,0,0,0,0,0,-60000,0,0,0,0,60000,-60000,-60000
050900,台郡元大95購02  ,0,0,0,0,0,0,0,0,0,-60000,0,0,0,100000,160000,-60000,-60000
050842,旺宏國票97購01  ,0,0,0,0,0,0,0,0,0,-60000,0,0,0,12000,72000,-60000,-60000
049979,美律凱基94購07  ,0,0,0,0,0,0,0,0,0,-60000,0,0,0,0,60000,-60000,-60000
051532,潤泰全國票96購01,0,0,0,0,0,0,0,0,0,-60000,0,0,0,0,60000,-60000,-60000
052177,京鼎元大95購02  ,0,0,0,0,0,0,0,0,0,-60000,0,0,0,144000,204000,-60000,-60000
052271,力成日盛95購02  ,0,0,0,0,0,0,0,0,0,-60000,0,0,0,0,60000,-60000,-60000
050640,致新國票94購01  ,0,0,0,0,0,0,0,0,0,-60000,0,0,0,0,60000,-60000,-60000
051910,大立光元大97購01,0,0,0,0,0,0,0,0,0,-60000,0,0,0,0,60000,-60000,-60000
051898,富邦金國泰97購01,0,0,0,0,0,0,0,0,0,-60000,0,0,0,10000,70000,-60000,-60000
054339,聯詠統一96購02  ,0,0,0,0,0,0,0,0,0,-60000,0,0,0,48000,108000,-60000,-60000
054307,高鐵凱基98購01  ,0,0,0,0,0,0,0,0,0,-60000,0,0,0,0,60000,-60000,-60000
05434P,世紀鋼元富95售02,0,0,0,0,0,0,0,0,0,-60000,0,0,0,0,60000,-60000,-60000
054043,漢唐元大97購01  ,0,0,0,0,0,0,0,0,0,-60000,0,0,0,0,60000,-60000,-60000
054055,全新國票99購02  ,0,0,0,0,0,0,0,0,0,-60000,0,0,0,60000,120000,-60000,-60000
054487,京元電台新97購01,0,0,0,0,0,0,0,0,0,-60000,0,0,0,0,60000,-60000,-60000
054449,中環第一96購01  ,0,0,0,0,0,0,0,0,0,-60000,0,0,0,300000,360000,-60000,-60000
054642,訊芯中信9A購01  ,0,0,0,0,0,0,0,0,0,-60000,0,0,0,0,60000,-60000,-60000
054958,亞光元大97購03  ,0,0,0,0,0,0,0,0,0,-60000,0,0,0,5000,65000,-60000,-60000
054870,新日興群益98購01,0,0,0,0,0,0,0,0,0,-60000,0,0,0,164000,224000,-60000,-60000
053644,台表科國票97購03,0,0,0,0,0,0,0,0,0,-60000,0,0,0,106000,166000,-60000,-60000
053334,訊芯永豐96購01  ,0,0,0,0,0,0,0,0,0,-60000,0,0,0,0,60000,-60000,-60000
053290,元油反中信97購01,0,0,0,0,0,0,0,0,0,-60000,0,0,0,0,60000,-60000,-60000
053059,聯發科永昌99購01,0,0,0,0,0,0,0,0,0,-60000,0,0,0,0,60000,-60000,-60000
053014,旺宏統一97購02  ,0,0,0,0,0,0,0,0,0,-60000,0,0,0,20000,80000,-60000,-60000
052861,台光電凱基96購03,0,0,0,0,0,0,0,0,0,-60000,0,0,0,89000,149000,-60000,-60000
052905,潤泰全國票97購01,0,0,0,0,0,0,0,0,0,-60000,0,0,0,40000,100000,-60000,-60000
052443,台積電元大95購23,0,0,0,0,0,0,0,0,0,-60000,0,0,0,999000,1059000,-60000,-60000
052554,正崴國票97購01  ,0,0,0,0,0,0,0,0,0,-60000,0,0,0,0,60000,-60000,-60000
06488P,台積電元富98售05,0,0,0,0,0,0,0,0,0,-60000,0,0,0,615000,675000,-60000,-60000
06633P,國巨國票99售01  ,0,0,0,0,0,0,0,0,0,-60000,0,0,0,125000,185000,-60000,-60000
07866P,上証2X國票97售01,0,0,0,0,0,0,0,0,0,-60000,0,0,0,0,60000,-60000,-60000
06152P,玉晶光元大98售06,0,0,0,0,0,0,0,0,0,-60000,0,0,0,167000,227000,-60000,-60000
06028P,智邦台新97售01  ,0,0,0,0,0,0,0,0,0,-60000,0,0,0,3000,63000,-60000,-60000
06232P,智易永豐97售01  ,0,0,0,0,0,0,0,0,0,-60000,0,0,0,0,60000,-60000,-60000
057553,景碩凱基98購03  ,0,0,0,0,0,0,0,0,0,-60000,0,0,0,0,60000,-60000,-60000
056352,鴻海元大99購01  ,0,0,0,0,0,0,0,0,0,-61000,0,0,0,7000,68000,-61000,-61000
056443,南亞科凱基98購03,0,0,0,0,0,0,0,0,0,-61000,0,0,0,58000,119000,-61000,-61000
055072,康友永豐97購02  ,0,0,0,0,0,0,0,0,0,-61000,0,0,0,42000,103000,-61000,-61000
055487,國巨元大98購07  ,0,0,0,0,0,0,0,0,0,-61000,0,0,0,57000,118000,-61000,-61000
055620,樺漢國票98購01  ,0,0,0,0,0,0,0,0,0,-61000,0,0,0,0,61000,-61000,-61000
055898,訊芯第一97購01  ,0,0,0,0,0,0,0,0,0,-61000,0,0,0,0,61000,-61000,-61000
00728,第一金工業30    ,0,0,0,0,0,0,0,0,0,-61000,0,0,0,723000,784000,-61000,-61000
04235P,鴻海群益93售08  ,0,0,0,0,0,0,0,0,0,-61000,0,0,0,76000,137000,-61000,-61000
048086,鴻海凱基93購33  ,0,0,0,0,0,0,0,0,0,-61000,0,0,0,0,61000,-61000,-61000
046939,燿華元大96購01  ,0,0,0,0,0,0,0,0,0,-61000,0,0,0,10000,71000,-61000,-61000
051524,貿聯凱基95購02  ,0,0,0,0,0,0,0,0,0,-61000,0,0,0,4000,65000,-61000,-61000
050505,可成凱基94購12  ,0,0,0,0,0,0,0,0,0,-61000,0,0,0,7000,68000,-61000,-61000
050518,台積電元大94購28,0,0,0,0,0,0,0,0,0,-61000,0,0,0,712000,773000,-61000,-61000
051462,世芯國泰97購01  ,0,0,0,0,0,0,0,0,0,-61000,0,0,0,56000,117000,-61000,-61000
051603,深中小群益99購03,0,0,0,0,0,0,0,0,0,-61000,0,0,0,398000,459000,-61000,-61000
052608,欣興元大97購01  ,0,0,0,0,0,0,0,0,0,-61000,0,0,0,56000,117000,-61000,-61000
052666,瑞昱群益96購01  ,0,0,0,0,0,0,0,0,0,-61000,0,0,0,0,61000,-61000,-61000
053436,聯茂日盛96購01  ,0,0,0,0,0,0,0,0,0,-61000,0,0,0,40000,101000,-61000,-61000
054825,康友元大97購01  ,0,0,0,0,0,0,0,0,0,-61000,0,0,0,97000,158000,-61000,-61000
053921,嘉晶國票97購03  ,0,0,0,0,0,0,0,0,0,-61000,0,0,0,10000,71000,-61000,-61000
054343,世紀鋼元富96購02,0,0,0,0,0,0,0,0,0,-61000,0,0,0,30000,91000,-61000,-61000
054363,世芯凱基97購01  ,0,0,0,0,0,0,0,0,0,-61000,0,0,0,20000,81000,-61000,-61000
054255,亞光元大96購05  ,0,0,0,0,0,0,0,0,0,-61000,0,0,0,34000,95000,-61000,-61000
056167,力成台新97購01  ,0,0,0,0,0,0,0,0,0,-62000,0,0,0,0,62000,-62000,-62000
057260,微星兆豐98購01  ,0,0,0,0,0,0,0,0,0,-62000,0,0,0,50000,112000,-62000,-62000
057027,祥碩凱基98購01  ,0,0,0,0,0,0,0,0,0,-62000,0,0,0,14000,76000,-62000,-62000
056899,可成元大98購01  ,0,0,0,0,0,0,0,0,0,-62000,0,0,0,0,62000,-62000,-62000
047040,台勝科群益93購01,0,0,0,0,0,0,0,0,0,-62000,0,0,0,6000,68000,-62000,-62000
047457,旺宏群益95購01  ,0,0,0,0,0,0,0,0,0,-62000,0,0,0,106000,168000,-62000,-62000
049372,華新科元大95購04,0,0,0,0,0,0,0,0,0,-62000,0,0,0,41000,103000,-62000,-62000
050346,康友元富94購03  ,0,0,0,0,0,0,0,0,0,-62000,0,0,0,2000,64000,-62000,-62000
049843,康友中信95購01  ,0,0,0,0,0,0,0,0,0,-62000,0,0,0,107000,169000,-62000,-62000
049985,華擎凱基94購01  ,0,0,0,0,0,0,0,0,0,-62000,0,0,0,45000,107000,-62000,-62000
052073,矽力統一95購03  ,0,0,0,0,0,0,0,0,0,-62000,0,0,0,10000,72000,-62000,-62000
054224,亞光統一98購01  ,0,0,0,0,0,0,0,0,0,-62000,0,0,0,10000,72000,-62000,-62000
053438,玉晶光麥證97購02,0,0,0,0,63000,-63000,0,0,0,-62000,0,0,0,1000,63000,-62000,-62000
053445,可成凱基96購04  ,0,0,0,0,0,0,0,0,0,-62000,0,0,0,38000,100000,-62000,-62000
053547,台積電凱基96購14,0,0,0,0,0,0,0,0,0,-62000,0,0,0,20000,82000,-62000,-62000
053162,緯穎元大97購01  ,0,0,0,0,0,0,0,0,0,-62000,0,0,0,200000,262000,-62000,-62000
06013P,世芯國泰97售03  ,0,0,0,0,0,0,0,0,0,-62000,0,0,0,23000,85000,-62000,-62000
055688,力成凱基98購02  ,0,0,0,0,0,0,0,0,0,-63000,0,0,0,13000,76000,-63000,-63000
055617,TPK國票98購04   ,0,0,0,0,0,0,0,0,0,-63000,0,0,0,0,63000,-63000,-63000
044514,亞光凱基93購02  ,0,0,0,0,0,0,0,0,0,-63000,0,0,0,37000,100000,-63000,-63000
03896P,長榮航凱基95售01,0,0,0,0,0,0,0,0,0,-63000,0,0,0,221000,284000,-63000,-63000
04956P,臺股指日盛94售02,0,0,0,0,0,0,0,0,0,-63000,0,0,0,209000,272000,-63000,-63000
051663,鴻海元大95購18  ,0,0,0,0,0,0,0,0,0,-63000,0,0,0,5000,68000,-63000,-63000
051602,南茂兆豐96購01  ,0,0,0,0,0,0,0,0,0,-63000,0,0,0,29000,92000,-63000,-63000
053421,南亞科永豐96購01,0,0,0,0,0,0,0,0,0,-63000,0,0,0,5000,68000,-63000,-63000
05356P,臺股指元富95售10,0,0,0,0,0,0,0,0,0,-63000,0,0,0,0,63000,-63000,-63000
053545,上銀凱基96購03  ,0,0,0,0,0,0,0,0,0,-63000,0,0,0,35000,98000,-63000,-63000
052432,康友永豐95購04  ,0,0,0,0,0,0,0,0,0,-63000,0,0,0,111000,174000,-63000,-63000
053067,牧德群益96購01  ,0,0,0,0,0,0,0,0,0,-63000,0,0,0,122000,185000,-63000,-63000
054208,台積電國票97購07,0,0,0,0,0,0,0,0,0,-63000,0,0,0,87000,150000,-63000,-63000
053940,康友元富96購01  ,0,0,0,0,0,0,0,0,0,-63000,0,0,0,82000,145000,-63000,-63000
06136P,華新科國泰99售02,0,0,0,0,0,0,0,0,0,-63000,0,0,0,435000,498000,-63000,-63000
05824P,臺股指凱基96售21,0,0,0,0,0,0,0,0,0,-63000,0,0,0,0,63000,-63000,-63000
055481,聚陽元大97購01  ,0,0,0,0,0,0,0,0,0,-64000,0,0,0,3000,67000,-64000,-64000
055391,光罩統一97購02  ,0,0,0,0,0,0,0,0,0,-64000,0,0,0,4000,68000,-64000,-64000
055769,智伸科中信97購01,0,0,0,0,0,0,0,0,0,-64000,0,0,0,2000,66000,-64000,-64000
048965,佳世達元大94購01,0,0,0,0,0,0,0,0,0,-64000,0,0,0,0,64000,-64000,-64000
04999P,南電永豐95售01  ,0,0,0,0,0,0,0,0,0,-64000,0,0,0,41000,105000,-64000,-64000
052191,超眾群益96購01  ,0,0,0,0,0,0,0,0,0,-64000,0,0,0,8000,72000,-64000,-64000
054090,瑞昱群益97購01  ,0,0,0,0,0,0,0,0,0,-64000,0,0,0,11000,75000,-64000,-64000
054577,世芯元大98購01  ,0,0,0,0,0,0,0,0,0,-64000,0,0,0,0,64000,-64000,-64000
052464,大立光統一95購05,0,0,0,0,0,0,0,0,0,-64000,0,0,0,45000,109000,-64000,-64000
052560,康舒國票97購01  ,0,0,0,0,0,0,0,0,0,-64000,0,0,0,0,64000,-64000,-64000
057567,嘉聯益富邦9A購01,0,0,0,0,0,0,0,0,0,-64000,0,0,0,0,64000,-64000,-64000
057641,旺宏元大98購10  ,0,0,0,0,0,0,0,0,0,-64000,0,0,0,20000,84000,-64000,-64000
05579P,友達凱基98售03  ,0,0,0,0,0,0,0,0,0,-65000,0,0,0,0,65000,-65000,-65000
055493,華新科元大97購09,0,0,0,0,0,0,0,0,0,-65000,0,0,0,196000,261000,-65000,-65000
055257,景碩統一97購01  ,0,0,0,0,0,0,0,0,0,-65000,0,0,0,1000,66000,-65000,-65000
057169,微星元大98購01  ,0,0,0,0,0,0,0,0,0,-65000,0,0,0,11000,76000,-65000,-65000
056477,欣興元大98購02  ,0,0,0,0,0,0,0,0,0,-65000,0,0,0,57000,122000,-65000,-65000
056510,正文永豐98購02  ,0,0,0,0,0,0,0,0,0,-65000,0,0,0,26000,91000,-65000,-65000
045567,滬深2X富邦93購01,0,0,0,0,0,0,0,0,0,-65000,0,0,0,0,65000,-65000,-65000
03415B,臺股指元大93熊49,0,0,0,0,0,0,0,0,0,-65000,0,0,0,15000,80000,-65000,-65000
00650L,FH香港正2       ,0,0,0,0,0,0,0,0,0,-65000,0,0,0,203000,268000,-65000,-65000
048049,滬深反中信96購01,0,0,0,0,0,0,0,0,0,-65000,0,0,0,0,65000,-65000,-65000
049269,超眾元大96購02  ,0,0,0,0,0,0,0,0,0,-65000,0,0,0,0,65000,-65000,-65000
049286,美律兆豐94購01  ,0,0,0,0,0,0,0,0,0,-65000,0,0,0,0,65000,-65000,-65000
04630P,嘉聯益元大95售02,0,0,0,0,0,0,0,0,0,-65000,0,0,0,0,65000,-65000,-65000
051951,聯發科元富95購02,0,0,0,0,0,0,0,0,0,-65000,0,0,0,15000,80000,-65000,-65000
050639,GIS國票96購01   ,0,0,0,0,0,0,0,0,0,-65000,0,0,0,30000,95000,-65000,-65000
049913,微星元大94購01  ,0,0,0,0,0,0,0,0,0,-65000,0,0,0,11000,76000,-65000,-65000
049224,致新國票95購01  ,0,0,0,0,0,0,0,0,0,-65000,0,0,0,0,65000,-65000,-65000
053658,亞光凱基96購01  ,0,0,0,0,0,0,0,0,0,-65000,0,0,0,71000,136000,-65000,-65000
05479P,華新科台新96售01,0,0,0,0,0,0,0,0,0,-65000,0,0,0,30000,95000,-65000,-65000
054053,聯茂元大96購01  ,0,0,0,0,0,0,0,0,0,-65000,0,0,0,2000,67000,-65000,-65000
053797,台積電中信98購01,0,0,0,0,0,0,0,0,0,-65000,0,0,0,3000,68000,-65000,-65000
054334,超眾永豐96購04  ,0,0,0,0,0,0,0,0,0,-65000,0,0,0,10000,75000,-65000,-65000
3060,銘異            ,194000,257000,-63000,0,0,0,0,0,0,-2000,0,2000,-2000,0,0,0,-65000
057200,技嘉元富98購01  ,0,0,0,0,0,0,0,0,0,-66000,0,0,0,3000,69000,-66000,-66000
057381,微星國泰9A購01  ,0,0,0,0,0,0,0,0,0,-66000,0,0,0,24000,90000,-66000,-66000
056228,可成凱基97購03  ,0,0,0,0,0,0,0,0,0,-66000,0,0,0,75000,141000,-66000,-66000
049106,大立光富邦94購01,0,0,0,0,0,0,0,0,0,-66000,0,0,0,0,66000,-66000,-66000
051272,嘉晶群益95購01  ,0,0,0,0,0,0,0,0,0,-66000,0,0,0,97000,163000,-66000,-66000
051438,喬山元大95購03  ,0,270000,-270000,0,0,0,0,0,0,204000,0,0,0,254000,50000,204000,-66000
050768,聯發科元大94購16,0,0,0,0,0,0,0,0,0,-66000,0,0,0,15000,81000,-66000,-66000
054137,聯詠元大97購02  ,0,0,0,0,0,0,0,0,0,-66000,0,0,0,30000,96000,-66000,-66000
053957,瑞昱永豐96購01  ,0,0,0,0,0,0,0,0,0,-66000,0,0,0,0,66000,-66000,-66000
054790,禾伸堂群益98購01,0,0,0,0,0,0,0,0,0,-66000,0,0,0,11000,77000,-66000,-66000
054733,鴻海凱基98購04  ,0,0,0,0,0,0,0,0,0,-66000,0,0,0,12000,78000,-66000,-66000
053656,可成凱基96購06  ,0,0,0,0,0,0,0,0,0,-66000,0,0,0,35000,101000,-66000,-66000
053452,臺股指凱基97購01,0,0,0,0,0,0,0,0,0,-66000,0,0,0,734000,800000,-66000,-66000
053283,同欣電元大96購03,0,0,0,0,0,0,0,0,0,-66000,0,0,0,5000,71000,-66000,-66000
052976,台表科群益96購03,0,0,0,0,0,0,0,0,0,-66000,0,0,0,219000,285000,-66000,-66000
6165,捷泰            ,106000,172000,-66000,0,0,0,0,0,0,0,0,0,0,0,0,0,-66000
05804P,美律永豐96售01  ,0,0,0,0,0,0,0,0,0,-66000,0,0,0,0,66000,-66000,-66000
056141,聯茂元大97購05  ,0,0,0,0,0,0,0,0,0,-67000,0,0,0,1000,68000,-67000,-67000
055865,臺股指元大97購02,0,0,0,0,0,0,0,0,0,-67000,0,0,0,0,67000,-67000,-67000
055159,玉晶光元大98購05,0,0,0,0,0,0,0,0,0,-67000,0,0,0,5000,72000,-67000,-67000
057259,台積電兆豐98購03,0,0,0,0,0,0,0,0,0,-67000,0,0,0,143000,210000,-67000,-67000
057178,可成元大98購03  ,0,0,0,0,0,0,0,0,0,-67000,0,0,0,0,67000,-67000,-67000
057044,旺宏元大98購08  ,0,0,0,0,0,0,0,0,0,-67000,0,0,0,10000,77000,-67000,-67000
056473,奇力新元大99購02,0,0,0,0,0,0,0,0,0,-67000,0,0,0,68000,135000,-67000,-67000
047768,大立光元大95購01,0,0,0,0,0,0,0,0,0,-67000,0,0,0,7000,74000,-67000,-67000
048928,華新科永豐94購02,0,0,0,0,0,0,0,0,0,-67000,0,0,0,168000,235000,-67000,-67000
05275P,國巨凱基95售05  ,0,0,0,0,0,0,0,0,0,-67000,0,0,0,12000,79000,-67000,-67000
054130,漢唐元大97購02  ,0,0,0,0,0,0,0,0,0,-67000,0,0,0,83000,150000,-67000,-67000
056285,可成永豐97購02  ,0,0,0,0,0,0,0,0,0,-68000,0,0,0,0,68000,-68000,-68000
056809,旺宏統一98購03  ,0,0,0,0,0,0,0,0,0,-68000,0,0,0,0,68000,-68000,-68000
056959,鴻海永豐98購03  ,0,0,0,0,0,0,0,0,0,-68000,0,0,0,3000,71000,-68000,-68000
055266,京鼎永豐97購01  ,0,0,0,0,0,0,0,0,0,-68000,0,0,0,0,68000,-68000,-68000
055608,華邦電康和97購01,0,0,0,0,0,0,0,0,0,-68000,0,0,0,0,68000,-68000,-68000
055544,鴻海凱基97購05  ,0,0,0,0,0,0,0,0,0,-68000,0,0,0,0,68000,-68000,-68000
055843,美律元大97購02  ,0,0,0,0,0,0,0,0,0,-68000,0,0,0,2000,70000,-68000,-68000
056152,可成凱基97購02  ,0,0,0,0,0,0,0,0,0,-68000,0,0,0,0,68000,-68000,-68000
048064,可成統一93購02  ,0,0,0,0,0,0,0,0,0,-68000,0,0,0,68000,136000,-68000,-68000
04764P,台光電台新94售01,0,0,0,0,0,0,0,0,0,-68000,0,0,0,0,68000,-68000,-68000
048349,美利達元大96購02,0,0,0,0,0,0,0,0,0,-68000,0,0,0,0,68000,-68000,-68000
050292,可成凱基94購11  ,0,0,0,0,0,0,0,0,0,-68000,0,0,0,0,68000,-68000,-68000
051643,瑞昱康和95購01  ,0,0,0,0,0,0,0,0,0,-68000,0,0,0,0,68000,-68000,-68000
050248,臻鼎凱基94購03  ,0,0,0,0,0,0,0,0,0,-68000,0,0,0,0,68000,-68000,-68000
050245,大立光凱基94購12,0,0,0,0,0,0,0,0,0,-68000,0,0,0,0,68000,-68000,-68000
052018,京鼎永豐95購02  ,0,0,0,0,0,0,0,0,0,-68000,0,0,0,10000,78000,-68000,-68000
050624,鈺齊元大94購01  ,0,0,0,0,0,0,0,0,0,-68000,0,0,0,332000,400000,-68000,-68000
052261,台泥第一95購01  ,0,0,0,0,0,0,0,0,0,-68000,0,0,0,0,68000,-68000,-68000
052251,台光電永豐95購03,0,0,0,0,0,0,0,0,0,-68000,0,0,0,3000,71000,-68000,-68000
050422,鴻海凱基96購01  ,0,0,0,0,0,0,0,0,0,-68000,0,0,0,0,68000,-68000,-68000
050423,鴻海凱基96購02  ,0,0,0,0,0,0,0,0,0,-68000,0,0,0,0,68000,-68000,-68000
050456,聯茂元大94購09  ,0,0,0,0,0,0,0,0,0,-68000,0,0,0,0,68000,-68000,-68000
050474,鴻海永豐94購05  ,0,0,0,0,0,0,0,0,0,-68000,0,0,0,0,68000,-68000,-68000
050503,聯發科凱基94購22,0,0,0,0,0,0,0,0,0,-68000,0,0,0,0,68000,-68000,-68000
051342,光寶科元大95購01,0,0,0,0,0,0,0,0,0,-68000,0,0,0,13000,81000,-68000,-68000
054163,燿華凱基97購02  ,0,0,0,0,0,0,0,0,0,-68000,0,0,0,0,68000,-68000,-68000
054245,鴻海元大96購23  ,0,0,0,0,0,0,0,0,0,-68000,0,0,0,0,68000,-68000,-68000
054306,聯發科凱基96購23,0,0,0,0,0,0,0,0,0,-68000,0,0,0,0,68000,-68000,-68000
053775,鴻海元大96購21  ,0,0,0,0,0,0,0,0,0,-68000,0,0,0,0,68000,-68000,-68000
054755,世紀鋼凱基98購01,0,0,0,0,0,0,0,0,0,-68000,0,0,0,208000,276000,-68000,-68000
054679,台積電康和99購01,0,0,0,0,0,0,0,0,0,-68000,0,0,0,10000,78000,-68000,-68000
054547,鴻海凱基98購02  ,0,0,0,0,0,0,0,0,0,-68000,0,0,0,0,68000,-68000,-68000
054847,創意兆豐97購01  ,0,0,0,0,0,0,0,0,0,-68000,0,0,0,325000,393000,-68000,-68000
052852,國巨元富96購02  ,0,0,0,0,0,0,0,0,0,-68000,0,0,0,1702000,1770000,-68000,-68000
05300P,健策元大95售02  ,0,0,0,0,0,0,0,0,0,-68000,0,0,0,0,68000,-68000,-68000
052511,聯發科凱基95購14,0,0,0,0,0,0,0,0,0,-68000,0,0,0,0,68000,-68000,-68000
053431,志超永豐96購01  ,0,0,0,0,0,0,0,0,0,-68000,0,0,0,0,68000,-68000,-68000
053425,京鼎永豐96購01  ,0,0,0,0,0,0,0,0,0,-68000,0,0,0,0,68000,-68000,-68000
053536,明泰永豐96購01  ,0,0,0,0,0,0,0,0,0,-68000,0,0,0,0,68000,-68000,-68000
053636,全新永豐96購02  ,0,0,0,0,0,0,0,0,0,-68000,0,0,0,0,68000,-68000,-68000
053719,可成凱基96購08  ,0,0,0,0,0,0,0,0,0,-68000,0,0,0,0,68000,-68000,-68000
053755,亞光元富96購01  ,0,0,0,0,0,0,0,0,0,-68000,0,0,0,61000,129000,-68000,-68000
05948P,茂林元大96售03  ,0,0,0,0,0,0,0,0,0,-68000,0,0,0,52000,120000,-68000,-68000
06727P,台光電元大98售05,0,0,0,0,0,0,0,0,0,-68000,0,0,0,300000,368000,-68000,-68000
056000,佳世達永豐97購01,0,0,0,0,0,0,0,0,0,-69000,0,0,0,0,69000,-69000,-69000
055963,欣興元大97購04  ,0,0,0,0,0,0,0,0,0,-69000,0,0,0,8000,77000,-69000,-69000
055600,致伸元大97購02  ,0,0,0,0,0,0,0,0,0,-69000,0,0,0,120000,189000,-69000,-69000
055671,世紀鋼群益97購01,0,0,0,0,0,0,0,0,0,-69000,0,0,0,122000,191000,-69000,-69000
055658,南電元富97購01  ,0,0,0,0,0,0,0,0,0,-69000,0,0,0,0,69000,-69000,-69000
055631,創意永豐98購01  ,0,0,0,0,0,0,0,0,0,-69000,0,0,0,5000,74000,-69000,-69000
055117,臻鼎凱基98購02  ,0,0,0,0,0,0,0,0,0,-69000,0,0,0,1000,70000,-69000,-69000
057166,國巨元大99購06  ,0,0,0,0,0,0,0,0,0,-69000,0,0,0,226000,295000,-69000,-69000
045101,玉晶光中信94購01,0,0,0,0,0,0,0,0,0,-69000,0,0,0,5000,74000,-69000,-69000
00851,台新全球AI      ,0,0,0,0,0,0,0,0,0,-69000,0,0,0,15000,84000,-69000,-69000
047574,和大群益93購03  ,0,0,0,0,0,0,0,0,0,-69000,0,0,0,0,69000,-69000,-69000
051346,仁寶元大95購01  ,0,0,0,0,0,0,0,0,0,-69000,0,0,0,0,69000,-69000,-69000
050532,矽創元大94購03  ,0,0,0,0,0,0,0,0,0,-69000,0,0,0,0,69000,-69000,-69000
050491,旺宏國泰96購01  ,0,0,0,0,0,0,0,0,0,-69000,0,0,0,29000,98000,-69000,-69000
050439,新日興凱基94購01,0,0,0,0,0,0,0,0,0,-69000,0,0,0,95000,164000,-69000,-69000
049904,矽力元富94購01  ,0,0,0,0,0,0,0,0,0,-69000,0,0,0,30000,99000,-69000,-69000
051623,和碩凱基96購02  ,0,0,0,0,0,0,0,0,0,-69000,0,0,0,34000,103000,-69000,-69000
048966,佳世達元大95購01,0,0,0,0,0,0,0,0,0,-69000,0,0,0,0,69000,-69000,-69000
048988,聯茂元大94購02  ,0,0,0,0,0,0,0,0,0,-69000,0,0,0,0,69000,-69000,-69000
054963,牧德元大97購02  ,0,0,0,0,0,0,0,0,0,-69000,0,0,0,96000,165000,-69000,-69000
054458,復盛群益96購01  ,0,0,0,0,0,0,0,0,0,-69000,0,0,0,61000,130000,-69000,-69000
053784,奇力新元大97購02,0,0,0,0,0,0,0,0,0,-69000,0,0,0,47000,116000,-69000,-69000
054184,A50正2永豐96購01,0,0,0,0,0,0,0,0,0,-69000,0,0,0,1000,70000,-69000,-69000
1717,長興            ,86000,156000,-70000,0,0,0,1000,0,1000,0,0,0,0,0,0,0,-69000
056893,智邦元大98購02  ,0,0,0,0,0,0,0,0,0,-70000,0,0,0,110000,180000,-70000,-70000
057218,可成群益99購03  ,0,0,0,0,0,0,0,0,0,-70000,0,0,0,123000,193000,-70000,-70000
057350,全新統一98購03  ,0,0,0,0,0,0,0,0,0,-70000,0,0,0,0,70000,-70000,-70000
057397,茂林中信9A購01  ,0,0,0,0,0,0,0,0,0,-70000,0,0,0,0,70000,-70000,-70000
056779,元油2X群益9A購02,0,0,0,0,0,0,0,0,0,-70000,0,0,0,40000,110000,-70000,-70000
055651,富邦金元富97購01,0,0,0,0,0,0,0,0,0,-70000,0,0,0,0,70000,-70000,-70000
055505,新唐元大97購02  ,0,0,0,0,0,0,0,0,0,-70000,0,0,0,0,70000,-70000,-70000
055793,臺股指凱基97購16,0,0,0,0,0,0,0,0,0,-70000,0,0,0,0,70000,-70000,-70000
056036,鴻海凱基97購07  ,0,0,0,0,0,0,0,0,0,-70000,0,0,0,0,70000,-70000,-70000
046629,群創統一98購01  ,0,0,0,0,0,0,0,0,0,-70000,0,0,0,0,70000,-70000,-70000
047514,亞光國票94購01  ,0,0,0,0,0,0,0,0,0,-70000,0,0,0,260000,330000,-70000,-70000
048652,巨大元大96購01  ,0,0,0,0,0,0,0,0,0,-70000,0,0,0,0,70000,-70000,-70000
048261,鴻海元富95購01  ,0,0,0,0,0,0,0,0,0,-70000,0,0,0,23000,93000,-70000,-70000
048240,嘉聯益國票94購03,0,0,0,0,0,0,0,0,0,-70000,0,0,0,0,70000,-70000,-70000
047169,滬深2X永豐95購01,0,0,0,0,0,0,0,0,0,-70000,0,0,0,0,70000,-70000,-70000
049255,旺宏元大97購02  ,0,0,0,0,0,0,0,0,0,-70000,0,0,0,15000,85000,-70000,-70000
04571P,華新科國泰95售03,0,0,0,0,0,0,0,0,0,-70000,0,0,0,0,70000,-70000,-70000
045288,元油2X元大95購02,0,0,0,0,0,0,0,0,0,-70000,0,0,0,0,70000,-70000,-70000
044846,旺宏統一93購01  ,0,0,0,0,0,0,0,0,0,-70000,0,0,0,0,70000,-70000,-70000
048811,鴻海日盛94購01  ,0,0,0,0,0,0,0,0,0,-70000,0,0,0,0,70000,-70000,-70000
049221,健策國票95購02  ,0,0,0,0,0,0,0,0,0,-70000,0,0,0,0,70000,-70000,-70000
049206,大立光群益94購04,0,0,0,0,0,0,0,0,0,-70000,0,0,0,0,70000,-70000,-70000
051452,貿聯元大95購04  ,0,0,0,0,0,0,0,0,0,-70000,0,0,0,18000,88000,-70000,-70000
051433,中磊元富95購01  ,0,0,0,0,0,0,0,0,0,-70000,0,0,0,35000,105000,-70000,-70000
049915,瑞昱元大94購07  ,0,0,0,0,0,0,0,0,0,-70000,0,0,0,0,70000,-70000,-70000
049930,上海銀元大94購02,0,0,0,0,0,0,0,0,0,-70000,0,0,0,46000,116000,-70000,-70000
050657,宏達電麥證94購01,0,0,0,30000,100000,-70000,0,0,0,-70000,0,0,0,30000,100000,-70000,-70000
054352,世芯國泰98購01  ,0,0,0,0,0,0,0,0,0,-70000,0,0,0,3000,73000,-70000,-70000
054494,訊芯台新96購01  ,0,0,0,0,0,0,0,0,0,-70000,0,0,0,0,70000,-70000,-70000
054574,美律元大99購01  ,0,0,0,0,0,0,0,0,0,-70000,0,0,0,0,70000,-70000,-70000
054635,台達電中信98購01,0,0,0,0,0,0,0,0,0,-70000,0,0,0,0,70000,-70000,-70000
055029,帆宣國泰99購01  ,0,0,0,0,0,0,0,0,0,-70000,0,0,0,276000,346000,-70000,-70000
053637,強茂永豐96購01  ,0,0,0,0,0,0,0,0,0,-70000,0,0,0,0,70000,-70000,-70000
05325P,臺股指凱基95售09,0,0,0,0,0,0,0,0,0,-70000,0,0,0,0,70000,-70000,-70000
053107,旺宏兆豐97購01  ,0,0,0,0,0,0,0,0,0,-70000,0,0,0,0,70000,-70000,-70000
052996,聯電康和96購01  ,0,0,0,0,0,0,0,0,0,-70000,0,0,0,0,70000,-70000,-70000
052890,FB上証群益9B購01,0,0,0,0,0,0,0,0,0,-70000,0,0,0,0,70000,-70000,-70000
05789P,臺股指永昌96售06,0,0,0,0,0,0,0,0,0,-70000,140000,0,140000,10000,220000,-210000,-70000
057557,聯茂凱基99購04  ,0,0,0,0,0,0,0,0,0,-70000,0,0,0,0,70000,-70000,-70000
9103,美德醫療-DR     ,0,70000,-70000,0,0,0,0,0,0,0,0,0,0,0,0,0,-70000
056004,南電永豐97購02  ,0,0,0,0,0,0,0,0,0,-71000,0,0,0,0,71000,-71000,-71000
055508,矽力元大97購01  ,0,0,0,0,0,0,0,0,0,-71000,0,0,0,44000,115000,-71000,-71000
055452,台積電元富97購03,0,0,0,0,0,0,0,0,0,-71000,0,0,0,127000,198000,-71000,-71000
055379,牧德元大97購03  ,0,0,0,0,0,0,0,0,0,-71000,0,0,0,78000,149000,-71000,-71000
055635,緯穎永豐97購01  ,0,0,0,0,0,0,0,0,0,-71000,0,0,0,203000,274000,-71000,-71000
05564P,玉晶光元大97售02,0,0,0,0,0,0,0,0,0,-71000,0,0,0,0,71000,-71000,-71000
056826,A50正2富邦9B購02,0,0,0,0,0,0,0,0,0,-71000,0,0,0,0,71000,-71000,-71000
057441,奇力新統一98購03,0,0,0,0,0,0,0,0,0,-71000,0,0,0,0,71000,-71000,-71000
05725P,嘉聯益永豐96售02,0,0,0,0,0,0,0,0,0,-71000,0,0,0,73000,144000,-71000,-71000
046804,群創元大94購01  ,0,0,0,0,0,0,0,0,0,-71000,0,0,0,222000,293000,-71000,-71000
050673,旺宏富邦96購02  ,0,0,0,0,0,0,0,0,0,-71000,0,0,0,6000,77000,-71000,-71000
050716,可成群益96購01  ,0,0,0,0,0,0,0,0,0,-71000,0,0,0,0,71000,-71000,-71000
049976,台積電凱基94購28,0,0,0,0,0,0,0,0,0,-71000,0,0,0,4000,75000,-71000,-71000
051519,國泰金凱基95購02,0,0,0,0,0,0,0,0,0,-71000,0,0,0,16000,87000,-71000,-71000
051244,正崴元大95購01  ,0,0,0,0,0,0,0,0,0,-71000,0,0,0,0,71000,-71000,-71000
049374,大立光元大94購12,0,0,0,0,0,0,0,0,0,-71000,0,0,0,5000,76000,-71000,-71000
052831,華固群益96購01  ,0,0,0,0,0,0,0,0,0,-71000,0,0,0,0,71000,-71000,-71000
053068,智伸科群益96購01,0,0,0,0,0,0,0,0,0,-71000,0,0,0,40000,111000,-71000,-71000
053485,矽創國票97購04  ,0,0,0,0,0,0,0,0,0,-71000,0,0,0,12000,83000,-71000,-71000
054783,國巨群益98購04  ,0,0,0,0,0,0,0,0,0,-71000,0,0,0,93000,164000,-71000,-71000
054265,GIS元大96購03   ,0,0,0,0,0,0,0,0,0,-71000,0,0,0,0,71000,-71000,-71000
06363P,臺股指麥證97售02,0,0,0,10000,81000,-71000,0,0,0,-71000,0,0,0,10000,81000,-71000,-71000
057400,全新群益9A購01  ,0,0,0,0,0,0,0,0,0,-72000,0,0,0,10000,82000,-72000,-72000
05668P,滬深2X永豐96售04,0,0,0,0,0,0,0,0,0,-72000,0,0,0,20000,92000,-72000,-72000
056686,可成統一98購01  ,0,0,0,0,0,0,0,0,0,-72000,0,0,0,0,72000,-72000,-72000
056584,鴻海統一9B購01  ,0,0,0,0,0,0,0,0,0,-72000,0,0,0,20000,92000,-72000,-72000
055621,國巨國泰98購03  ,0,0,0,0,0,0,0,0,0,-72000,0,0,0,157000,229000,-72000,-72000
045173,A50正2國票95購01,0,0,0,0,0,0,0,0,0,-72000,0,0,0,0,72000,-72000,-72000
051861,鴻海凱基98購01  ,0,0,0,0,0,0,0,0,0,-72000,0,0,0,14000,86000,-72000,-72000
050273,GIS元大94購04   ,0,0,0,0,0,0,0,0,0,-72000,0,0,0,78000,150000,-72000,-72000
051511,鈺齊中信97購01  ,0,0,0,0,0,0,0,0,0,-72000,0,0,0,160000,232000,-72000,-72000
050760,矽力元富94購03  ,0,0,0,0,0,0,0,0,0,-72000,0,0,0,5000,77000,-72000,-72000
050773,京鼎元大94購02  ,0,0,0,0,0,0,0,0,0,-72000,0,0,0,7000,79000,-72000,-72000
054187,亞光永豐96購03  ,0,0,0,0,0,0,0,0,0,-72000,0,0,0,4000,76000,-72000,-72000
054912,群光凱基97購01  ,0,0,0,0,0,0,0,0,0,-72000,0,0,0,7000,79000,-72000,-72000
054759,台化國票98購01  ,0,0,0,0,0,0,0,0,0,-72000,0,0,0,0,72000,-72000,-72000
052932,正文元大97購01  ,0,0,0,0,0,0,0,0,0,-72000,0,0,0,44000,116000,-72000,-72000
057615,元油2X凱基98購02,0,0,0,0,0,0,0,0,0,-72000,0,0,0,0,72000,-72000,-72000
05830P,滬深2X元富99售03,0,0,0,0,0,0,0,0,0,-72000,0,0,0,101000,173000,-72000,-72000
055261,帆宣統一98購01  ,0,0,0,0,0,0,0,0,0,-73000,0,0,0,15000,88000,-73000,-73000
056226,聯發科凱基97購10,0,0,0,0,0,0,0,0,0,-73000,0,0,0,0,73000,-73000,-73000
05670P,台積電國票98售01,0,0,0,0,0,0,0,0,0,-73000,0,0,0,0,73000,-73000,-73000
056470,旺宏元大99購01  ,0,0,0,0,0,0,0,0,0,-73000,0,0,0,12000,85000,-73000,-73000
056970,TPK永豐98購01   ,0,0,0,0,0,0,0,0,0,-73000,0,0,0,20000,93000,-73000,-73000
04792P,智邦元大94售06  ,0,0,0,0,0,0,0,0,0,-73000,0,0,0,152000,225000,-73000,-73000
052214,智伸科元大96購01,0,0,0,0,0,0,0,0,0,-73000,0,0,0,27000,100000,-73000,-73000
049877,南亞科永豐94購01,0,0,0,0,0,0,0,0,0,-73000,0,0,0,34000,107000,-73000,-73000
051829,玉晶光元大98購02,0,0,0,0,0,0,0,0,0,-73000,0,0,0,3000,76000,-73000,-73000
051639,康友國票96購02  ,0,0,0,0,0,0,0,0,0,-73000,0,0,0,12000,85000,-73000,-73000
054407,美律國票97購02  ,0,0,0,0,0,0,0,0,0,-73000,0,0,0,0,73000,-73000,-73000
05869P,旺宏凱基96售05  ,0,0,0,0,0,0,0,0,0,-73000,0,0,0,80000,153000,-73000,-73000
06034P,世芯凱基96售03  ,0,0,0,0,0,0,0,0,0,-73000,0,0,0,64000,137000,-73000,-73000
06300P,緯穎元大97售04  ,0,0,0,0,0,0,0,0,0,-73000,0,0,0,60000,133000,-73000,-73000
08897P,國巨群益01售10  ,0,0,0,0,0,0,0,0,0,-73000,0,0,0,0,73000,-73000,-73000
06582P,可成凱基98售06  ,0,0,0,0,0,0,0,0,0,-73000,0,0,0,0,73000,-73000,-73000
9935,慶豐富          ,82000,155000,-73000,0,0,0,0,0,0,0,0,0,0,0,0,0,-73000
8213,志超            ,269000,343000,-74000,0,0,0,0,0,0,1000,1000,0,1000,0,0,0,-73000
9941,裕融            ,55000,28000,27000,0,0,0,0,100000,-100000,0,0,0,0,0,0,0,-73000
057339,群創國票99購02  ,0,0,0,0,0,0,0,0,0,-74000,0,0,0,0,74000,-74000,-74000
056605,台積電富邦9B購02,0,0,0,0,0,0,0,0,0,-74000,0,0,0,99000,173000,-74000,-74000
056179,康友元富97購02  ,0,0,0,0,0,0,0,0,0,-74000,0,0,0,145000,219000,-74000,-74000
055696,華新科國票98購01,0,0,0,0,0,0,0,0,0,-74000,0,0,0,3000,77000,-74000,-74000
048500,樺漢元大93購03  ,0,0,0,0,0,0,0,0,0,-74000,0,0,0,105000,179000,-74000,-74000
044402,景碩凱基93購01  ,0,0,0,0,0,0,0,0,0,-74000,0,0,0,0,74000,-74000,-74000
03418B,臺股指元大95熊20,0,0,0,0,0,0,0,0,0,-74000,0,0,0,77000,151000,-74000,-74000
049369,義隆元大95購01  ,0,0,0,0,0,0,0,0,0,-74000,0,0,0,0,74000,-74000,-74000
051317,亞德客國票96購01,0,0,0,0,0,0,0,0,0,-74000,0,0,0,123000,197000,-74000,-74000
051358,台新金元大95購01,0,0,0,0,0,0,0,0,0,-74000,0,0,0,0,74000,-74000,-74000
054522,康友元大96購07  ,0,0,0,0,0,0,0,0,0,-74000,0,0,0,153000,227000,-74000,-74000
054564,玉晶光群益99購01,0,0,0,0,0,0,0,0,0,-74000,0,0,0,12000,86000,-74000,-74000
055049,智邦永豐97購01  ,0,0,0,0,0,0,0,0,0,-74000,0,0,0,88000,162000,-74000,-74000
053074,嘉晶永豐96購02  ,0,0,0,0,0,0,0,0,0,-74000,0,0,0,166000,240000,-74000,-74000
05329P,臺股指凱基95售13,0,0,0,0,0,0,0,0,0,-74000,0,0,0,0,74000,-74000,-74000
9911,櫻花            ,85000,160000,-75000,0,0,0,0,0,0,1000,1000,0,1000,0,0,0,-74000
3056,總太            ,74000,150000,-76000,0,0,0,0,0,0,2000,2000,0,2000,0,0,0,-74000
1315,達新            ,179000,253000,-74000,0,0,0,0,0,0,0,1000,1000,0,0,0,0,-74000
05954P,旺宏國票97售03  ,0,0,0,0,0,0,0,0,0,-74000,0,0,0,22000,96000,-74000,-74000
055801,景碩永豐97購02  ,0,0,0,0,0,0,0,0,0,-75000,0,0,0,48000,123000,-75000,-75000
056057,華邦電元大97購05,0,0,0,0,0,0,0,0,0,-75000,0,0,0,121000,196000,-75000,-75000
055632,群創永豐98購01  ,0,0,0,0,0,0,0,0,0,-75000,0,0,0,0,75000,-75000,-75000
057171,台光電元大9B購01,0,0,0,0,0,0,0,0,0,-75000,0,0,0,28000,103000,-75000,-75000
04172P,大立光凱基93售34,0,0,0,0,0,0,0,0,0,-75000,0,0,0,0,75000,-75000,-75000
04379P,大立光元大94售06,0,0,0,0,0,0,0,0,0,-75000,0,0,0,25000,100000,-75000,-75000
048227,亞光凱基93購05  ,0,0,0,0,0,0,0,0,0,-75000,0,0,0,24000,99000,-75000,-75000
048699,嘉晶國票95購01  ,0,0,0,0,0,0,0,0,0,-75000,0,0,0,58000,133000,-75000,-75000
052345,矽力凱基95購01  ,0,0,0,0,0,0,0,0,0,-75000,0,0,0,36000,111000,-75000,-75000
051306,嘉聯益凱基96購01,0,0,0,0,0,0,0,0,0,-75000,0,0,0,25000,100000,-75000,-75000
053295,奇力新中信96購01,0,0,0,0,0,0,0,0,0,-75000,0,0,0,10000,85000,-75000,-75000
053410,啟碁兆豐96購01  ,0,0,0,0,0,0,0,0,0,-75000,0,0,0,0,75000,-75000,-75000
053247,麗豐國票97購01  ,0,0,0,0,0,0,0,0,0,-75000,0,0,0,10000,85000,-75000,-75000
053551,可成凱基96購05  ,0,0,0,0,0,0,0,0,0,-75000,0,0,0,64000,139000,-75000,-75000
054834,帆宣中信97購01  ,0,0,0,0,0,0,0,0,0,-75000,0,0,0,0,75000,-75000,-75000
054390,智邦元富96購03  ,0,0,0,0,0,0,0,0,0,-75000,0,0,0,0,75000,-75000,-75000
2536,宏普            ,38000,113000,-75000,0,0,0,0,0,0,0,0,0,0,0,0,0,-75000
6005,群益證          ,139000,217000,-78000,0,0,0,3000,0,3000,0,0,0,0,0,0,0,-75000
057149,京鼎國票99購02  ,0,0,0,0,0,0,0,0,0,-76000,0,0,0,0,76000,-76000,-76000
057453,矽創元富98購01  ,0,0,0,0,0,0,0,0,0,-76000,0,0,0,29000,105000,-76000,-76000
055331,國巨兆豐99購01  ,0,0,0,0,0,0,0,0,0,-76000,0,0,0,28000,104000,-76000,-76000
056157,聯詠凱基97購03  ,0,0,0,0,0,0,0,0,0,-76000,0,0,0,0,76000,-76000,-76000
04703P,樺漢統一95售01  ,0,0,0,0,0,0,0,0,0,-76000,0,0,0,0,76000,-76000,-76000
050866,景碩永豐95購01  ,0,0,0,0,0,0,0,0,0,-76000,0,0,0,0,76000,-76000,-76000
04939P,國巨國票95售03  ,0,0,0,0,0,0,0,0,0,-76000,0,0,0,35000,111000,-76000,-76000
049150,新光金元大96購01,0,0,0,0,0,0,0,0,0,-76000,0,0,0,24000,100000,-76000,-76000
053956,旺宏永豐96購04  ,0,0,0,0,0,0,0,0,0,-76000,0,0,0,68000,144000,-76000,-76000
053993,旺宏群益98購02  ,0,0,0,0,0,0,0,0,0,-76000,0,0,0,10000,86000,-76000,-76000
054800,訊芯群益99購01  ,0,0,0,0,0,0,0,0,0,-76000,0,0,0,1000,77000,-76000,-76000
054516,國巨元大97購02  ,0,0,0,0,0,0,0,0,0,-76000,0,0,0,26000,102000,-76000,-76000
054701,宏全永豐97購01  ,0,0,0,0,0,0,0,0,0,-76000,0,0,0,0,76000,-76000,-76000
057405,麗豐群益98購01  ,0,0,0,0,0,0,0,0,0,-77000,0,0,0,20000,97000,-77000,-77000
056340,可成凱基98購04  ,0,0,0,0,0,0,0,0,0,-77000,0,0,0,83000,160000,-77000,-77000
048081,元油反凱基96購01,0,0,0,0,0,0,0,0,0,-77000,0,0,0,0,77000,-77000,-77000
04430P,晶相光元大94售04,0,0,0,0,0,0,0,0,0,-77000,0,0,0,25000,102000,-77000,-77000
048844,訊芯凱基94購02  ,0,0,0,0,0,0,0,0,0,-77000,0,0,0,0,77000,-77000,-77000
052170,台積電元大95購20,0,0,0,0,0,0,0,0,0,-77000,0,0,0,477000,554000,-77000,-77000
051225,台積電群益95購02,0,0,0,0,0,0,0,0,0,-77000,0,0,0,685000,762000,-77000,-77000
054141,TPK元大96購02   ,0,0,0,0,0,0,0,0,0,-77000,0,0,0,0,77000,-77000,-77000
05346P,臺股指統一95售06,0,0,0,0,0,0,0,0,0,-77000,0,0,0,20000,97000,-77000,-77000
053332,創意永豐96購03  ,0,0,0,0,0,0,0,0,0,-77000,0,0,0,20000,97000,-77000,-77000
9919,康那香          ,204000,279000,-75000,0,0,0,0,0,0,-2000,1000,3000,-2000,0,0,0,-77000
06648P,華邦電元大98售03,0,0,0,0,0,0,0,0,0,-77000,0,0,0,63000,140000,-77000,-77000
056422,全新統一98購02  ,0,0,0,0,0,0,0,0,0,-78000,0,0,0,0,78000,-78000,-78000
056531,佳世達凱基98購01,0,0,0,0,0,0,0,0,0,-78000,0,0,0,0,78000,-78000,-78000
056688,聯詠統一98購01  ,0,0,0,0,0,0,0,0,0,-78000,0,0,0,0,78000,-78000,-78000
057203,麗豐元富98購02  ,0,0,0,0,0,0,0,0,0,-78000,0,0,0,40000,118000,-78000,-78000
056911,緯穎元大99購01  ,0,0,0,0,0,0,0,0,0,-78000,0,0,0,76000,154000,-78000,-78000
056230,可成凱基98購03  ,0,0,0,0,0,0,0,0,0,-78000,0,0,0,23000,101000,-78000,-78000
055254,聯詠統一97購03  ,0,0,0,0,0,0,0,0,0,-78000,0,0,0,52000,130000,-78000,-78000
047871,健策永豐93購02  ,0,0,0,0,0,0,0,0,0,-78000,0,0,0,20000,98000,-78000,-78000
049272,世紀鋼元大96購02,0,0,0,0,0,0,0,0,0,-78000,0,0,0,101000,179000,-78000,-78000
049268,聯茂元大94購03  ,0,0,0,0,0,0,0,0,0,-78000,0,0,0,0,78000,-78000,-78000
049563,華新統一95購01  ,0,0,0,0,0,0,0,0,0,-78000,0,0,0,57000,135000,-78000,-78000
05233P,台郡台新95售02  ,0,0,0,0,0,0,0,0,0,-78000,0,0,0,0,78000,-78000,-78000
050877,美律統一95購01  ,0,0,0,0,0,0,0,0,0,-78000,0,0,0,0,78000,-78000,-78000
050251,樺漢凱基94購02  ,0,0,0,0,0,0,0,0,0,-78000,0,0,0,36000,114000,-78000,-78000
051832,復盛元大95購01  ,0,0,0,0,0,0,0,0,0,-78000,0,0,0,48000,126000,-78000,-78000
049327,台郡元富94購01  ,0,0,0,0,0,0,0,0,0,-78000,0,0,0,10000,88000,-78000,-78000
053176,矽力群益96購02  ,0,0,0,0,0,0,0,0,0,-78000,0,0,0,53000,131000,-78000,-78000
053744,台郡國票97購03  ,0,0,0,0,0,0,0,0,0,-78000,0,0,0,0,78000,-78000,-78000
054503,京鼎永豐96購04  ,0,0,0,0,0,0,0,0,0,-78000,0,0,0,0,78000,-78000,-78000
054908,群電康和97購01  ,0,0,0,0,0,0,0,0,0,-78000,0,0,0,0,78000,-78000,-78000
9905,大華            ,47000,125000,-78000,0,0,0,0,0,0,0,0,0,0,0,0,0,-78000
056528,為升凱基98購01  ,0,0,0,0,0,0,0,0,0,-79000,0,0,0,55000,134000,-79000,-79000
050817,可成凱基95購01  ,0,0,0,0,0,0,0,0,0,-79000,0,0,0,17000,96000,-79000,-79000
051760,奇力新元大95購04,0,0,0,0,0,0,0,0,0,-79000,0,0,0,1000,80000,-79000,-79000
052178,台郡元大96購03  ,0,0,0,0,0,0,0,0,0,-79000,0,0,0,2000,81000,-79000,-79000
054660,禾伸堂元大97購03,0,0,0,0,0,0,0,0,0,-79000,0,0,0,73000,152000,-79000,-79000
054162,光罩凱基98購01  ,0,0,0,0,0,0,0,0,0,-79000,0,0,0,96000,175000,-79000,-79000
053818,富邦金群益98購01,0,0,0,0,0,0,0,0,0,-79000,0,0,0,18000,97000,-79000,-79000
06738P,瑞昱兆豐98售02  ,0,0,0,0,0,0,0,0,0,-79000,0,0,0,0,79000,-79000,-79000
06705P,臻鼎元富98售03  ,0,0,0,0,0,0,0,0,0,-79000,0,0,0,8000,87000,-79000,-79000
056549,嘉聯益凱基98購04,0,0,0,0,0,0,0,0,0,-80000,0,0,0,32000,112000,-80000,-80000
05680P,聯發科元大96售12,0,0,0,0,0,0,0,0,0,-80000,0,0,0,20000,100000,-80000,-80000
056868,奇力新麥證98購01,0,0,0,0,80000,-80000,0,0,0,-80000,0,0,0,0,80000,-80000,-80000
057160,佐登永豐98購02  ,0,0,0,0,0,0,0,0,0,-80000,0,0,0,0,80000,-80000,-80000
055432,臻鼎群益97購02  ,0,0,0,0,0,0,0,0,0,-80000,0,0,0,20000,100000,-80000,-80000
055990,矽創元富97購01  ,0,0,0,0,0,0,0,0,0,-80000,0,0,0,30000,110000,-80000,-80000
049285,宏碁兆豐94購01  ,0,0,0,0,0,0,0,0,0,-80000,0,0,0,100000,180000,-80000,-80000
047730,矽力群益93購02  ,0,0,0,0,0,0,0,0,0,-80000,0,0,0,10000,90000,-80000,-80000
046793,聯發科元富99購01,0,0,0,0,0,0,0,0,0,-80000,0,0,0,33000,113000,-80000,-80000
047598,深中小統一94購01,0,0,0,0,0,0,0,0,0,-80000,0,0,0,10000,90000,-80000,-80000
04411P,智易統一96售01  ,0,0,0,0,0,0,0,0,0,-80000,0,0,0,5000,85000,-80000,-80000
044850,南亞科統一94購01,0,0,0,0,0,0,0,0,0,-80000,0,0,0,0,80000,-80000,-80000
04532P,臺股指凱基94售04,0,0,0,0,0,0,0,0,0,-80000,0,0,0,0,80000,-80000,-80000
045882,滬深2X元大95購01,0,0,0,0,0,0,0,0,0,-80000,0,0,0,0,80000,-80000,-80000
04067P,聯發科凱基93售24,0,0,0,0,0,0,0,0,0,-80000,0,0,0,0,80000,-80000,-80000
052316,台積電元大96購10,0,0,0,0,0,0,0,0,0,-80000,0,0,0,168000,248000,-80000,-80000
051995,矽力元大95購03  ,0,0,0,0,0,0,0,0,0,-80000,0,0,0,23000,103000,-80000,-80000
050565,矽格元富94購01  ,0,0,0,0,0,0,0,0,0,-80000,0,0,0,0,80000,-80000,-80000
051327,元油2X永豐95購02,0,0,0,0,0,0,0,0,0,-80000,0,0,0,150000,230000,-80000,-80000
050009,昇陽半永豐94購02,0,0,0,0,0,0,0,0,0,-80000,0,0,0,0,80000,-80000,-80000
051769,矽力元大95購01  ,0,0,0,0,0,0,0,0,0,-80000,0,0,0,2000,82000,-80000,-80000
051673,玉晶光元大96購04,0,0,0,0,0,0,0,0,0,-80000,0,0,0,36000,116000,-80000,-80000
049009,南亞科麥證94購01,0,0,0,22000,102000,-80000,0,0,0,-80000,0,0,0,22000,102000,-80000,-80000
054895,南電統一97購01  ,0,0,0,0,0,0,0,0,0,-80000,0,0,0,0,80000,-80000,-80000
053537,玉晶光永豐98購02,0,0,0,0,0,0,0,0,0,-80000,0,0,0,119000,199000,-80000,-80000
053114,聯茂兆豐97購01  ,0,0,0,0,0,0,0,0,0,-80000,0,0,0,20000,100000,-80000,-80000
052738,聯電元大98購02  ,0,0,0,0,0,0,0,0,0,-80000,0,0,0,43000,123000,-80000,-80000
052723,新唐統一97購01  ,0,0,0,0,0,0,0,0,0,-80000,0,0,0,0,80000,-80000,-80000
05974P,國巨富邦97售03  ,0,0,0,0,0,0,0,0,0,-80000,0,0,0,0,80000,-80000,-80000
057578,可成中信99購01  ,0,0,0,0,0,0,0,0,0,-80000,0,0,0,0,80000,-80000,-80000
06346P,聯鈞元富97售02  ,0,0,0,0,0,0,0,0,0,-80000,0,0,0,34000,114000,-80000,-80000
06347P,祥碩元富97售02  ,0,0,0,0,0,0,0,0,0,-80000,0,0,0,422000,502000,-80000,-80000
056033,T50正2凱基99購02,0,0,0,0,0,0,0,0,0,-81000,0,0,0,86000,167000,-81000,-81000
057220,鈺齊群益98購01  ,0,0,0,0,0,0,0,0,0,-81000,0,0,0,178000,259000,-81000,-81000
056292,統一元大97購01  ,0,0,0,0,0,0,0,0,0,-81000,0,0,0,21000,102000,-81000,-81000
00668,國泰美國道瓊    ,0,12000,-12000,0,0,0,0,0,0,-69000,0,0,0,1000,70000,-69000,-81000
051040,漢唐永豐95購01  ,0,0,0,0,0,0,0,0,0,-81000,0,0,0,10000,91000,-81000,-81000
049345,富邦金統一94購02,0,0,0,0,0,0,0,0,0,-81000,0,0,0,0,81000,-81000,-81000
049864,聯發科兆豐94購01,0,0,0,0,0,0,0,0,0,-81000,0,0,0,74000,155000,-81000,-81000
049798,台積電元大94購18,0,0,0,0,0,0,0,0,0,-81000,0,0,0,1317000,1398000,-81000,-81000
052281,全新凱基97購01  ,0,0,0,0,0,0,0,0,0,-81000,0,0,0,0,81000,-81000,-81000
054973,台郡元大98購02  ,0,0,0,0,0,0,0,0,0,-81000,0,0,0,2000,83000,-81000,-81000
054461,台積電凱基97購09,0,0,0,0,0,0,0,0,0,-81000,0,0,0,40000,121000,-81000,-81000
054370,台積電中信9A購01,0,0,0,0,0,0,0,0,0,-81000,0,0,0,131000,212000,-81000,-81000
2464,盟立            ,42000,124000,-82000,0,0,0,0,0,0,1000,1000,0,1000,0,0,0,-81000
057194,南電元大98購01  ,0,0,0,0,0,0,0,0,0,-82000,0,0,0,45000,127000,-82000,-82000
055932,玉山金群益99購01,0,0,0,0,0,0,0,0,0,-82000,0,0,0,33000,115000,-82000,-82000
055573,國巨統一97購06  ,0,0,0,0,0,0,0,0,0,-82000,0,0,0,28000,110000,-82000,-82000
055285,華新科元大99購03,0,0,0,0,0,0,0,0,0,-82000,0,0,0,96000,178000,-82000,-82000
048338,正崴元大93購01  ,0,0,0,0,0,0,0,0,0,-82000,0,0,0,0,82000,-82000,-82000
046142,康舒統一93購01  ,0,0,0,0,0,0,0,0,0,-82000,0,0,0,30000,112000,-82000,-82000
04749P,臺股指元大94售25,0,0,0,0,0,0,0,0,0,-82000,0,0,0,0,82000,-82000,-82000
051948,滬深2X元富9B購01,0,0,0,0,0,0,0,0,0,-82000,0,0,0,20000,102000,-82000,-82000
050424,鴻海凱基96購03  ,0,0,0,0,0,0,0,0,0,-82000,0,0,0,0,82000,-82000,-82000
054986,藍天元富97購01  ,0,0,0,0,0,0,0,0,0,-82000,0,0,0,0,82000,-82000,-82000
053324,康舒群益96購01  ,0,0,0,0,0,0,0,0,0,-82000,0,0,0,76000,158000,-82000,-82000
057112,立積群益99購01  ,0,0,0,0,0,0,0,0,0,-83000,0,0,0,46000,129000,-83000,-83000
056962,技嘉永豐98購01  ,0,0,0,0,0,0,0,0,0,-83000,0,0,0,130000,213000,-83000,-83000
05099P,台積電凱基95售06,0,0,0,0,0,0,0,0,0,-83000,0,0,0,2000,85000,-83000,-83000
052182,鴻海群益96購01  ,0,0,0,0,0,0,0,0,0,-83000,0,0,0,93000,176000,-83000,-83000
048973,禾伸堂元大94購01,0,0,0,0,0,0,0,0,0,-83000,0,0,0,10000,93000,-83000,-83000
04909P,鴻海統一94售10  ,0,0,0,0,0,0,0,0,0,-83000,0,0,0,58000,141000,-83000,-83000
052680,T50反1元大96購04,0,0,0,0,0,0,0,0,0,-83000,0,0,0,20000,103000,-83000,-83000
2888A,新光金甲特      ,0,0,0,0,0,0,0,0,0,-83000,0,83000,-83000,0,0,0,-83000
06120P,大立光凱基98售05,0,0,0,0,0,0,0,0,0,-83000,0,0,0,80000,163000,-83000,-83000
057496,佐登元大98購02  ,0,0,0,0,0,0,0,0,0,-83000,0,0,0,0,83000,-83000,-83000
05698P,群創凱基96售01  ,0,0,0,0,0,0,0,0,0,-84000,0,0,0,30000,114000,-84000,-84000
055071,群電永豐97購01  ,0,0,0,0,0,0,0,0,0,-84000,0,0,0,0,84000,-84000,-84000
055520,矽力中信97購02  ,0,0,0,0,0,0,0,0,0,-84000,0,0,0,242000,326000,-84000,-84000
00670L,富邦NASDAQ正2   ,0,0,0,0,0,0,0,0,0,-84000,0,0,0,106000,190000,-84000,-84000
049118,元油2X元富94購03,0,0,0,0,0,0,0,0,0,-84000,0,0,0,98000,182000,-84000,-84000
050915,健策中信98購01  ,0,0,0,0,0,0,0,0,0,-84000,0,0,0,20000,104000,-84000,-84000
052140,鈺齊凱基95購02  ,0,0,0,0,0,0,0,0,0,-84000,0,0,0,30000,114000,-84000,-84000
052228,聯發科凱基96購06,0,0,0,0,0,0,0,0,0,-84000,0,0,0,2000,86000,-84000,-84000
050688,大立光日盛94購03,0,0,0,0,0,0,0,0,0,-84000,0,0,0,50000,134000,-84000,-84000
053238,麗豐永豐96購01  ,0,0,0,0,0,0,0,0,0,-84000,0,0,0,0,84000,-84000,-84000
053490,為升兆豐97購01  ,0,0,0,0,0,0,0,0,0,-84000,0,0,0,15000,99000,-84000,-84000
054930,群電凱基98購01  ,0,0,0,0,0,0,0,0,0,-84000,0,0,0,26000,110000,-84000,-84000
053901,T50反1凱基99購03,0,0,0,0,0,0,0,0,0,-84000,0,0,0,0,84000,-84000,-84000
057544,鴻海凱基02購01  ,0,0,0,0,0,0,0,0,0,-84000,0,0,0,3000,87000,-84000,-84000
05839P,臺股指富邦96售06,0,0,0,0,0,0,0,0,0,-84000,0,0,0,34000,118000,-84000,-84000
055552,瑞昱凱基97購02  ,0,0,0,0,0,0,0,0,0,-85000,0,0,0,79000,164000,-85000,-85000
056229,可成凱基97購04  ,0,0,0,0,0,0,0,0,0,-85000,0,0,0,40000,125000,-85000,-85000
057263,可成兆豐99購01  ,0,0,0,0,0,0,0,0,0,-85000,0,0,0,0,85000,-85000,-85000
056320,京鼎群益99購01  ,0,0,0,0,0,0,0,0,0,-85000,0,0,0,48000,133000,-85000,-85000
047766,聯發科元大93購19,0,0,0,0,0,0,0,0,0,-85000,0,0,0,0,85000,-85000,-85000
04750P,臺股指元大94售26,0,0,0,0,0,0,0,0,0,-85000,0,0,0,200000,285000,-85000,-85000
048630,南亞元大93購01  ,0,0,0,0,0,0,0,0,0,-85000,0,0,0,46000,131000,-85000,-85000
052323,矽力元大95購04  ,0,0,0,0,0,0,0,0,0,-85000,0,0,0,0,85000,-85000,-85000
051491,貿聯凱基95購01  ,0,0,0,0,0,0,0,0,0,-85000,0,0,0,0,85000,-85000,-85000
050516,華通元大95購05  ,0,0,0,0,0,0,0,0,0,-85000,0,0,0,10000,95000,-85000,-85000
050876,復盛永豐95購01  ,0,0,0,0,0,0,0,0,0,-85000,0,0,0,56000,141000,-85000,-85000
049236,元油2X元富96購06,0,0,0,0,0,0,0,0,0,-85000,0,0,0,255000,340000,-85000,-85000
054419,嘉聯益元大98購02,0,0,0,0,0,0,0,0,0,-85000,0,0,0,53000,138000,-85000,-85000
054335,緯穎永豐96購02  ,0,0,0,0,0,0,0,0,0,-85000,0,0,0,77000,162000,-85000,-85000
053223,台郡凱基96購02  ,0,0,0,0,0,0,0,0,0,-85000,0,0,0,0,85000,-85000,-85000
052712,旺宏凱基96購02  ,0,0,0,0,0,0,0,0,0,-85000,0,0,0,300000,385000,-85000,-85000
06731P,聯茂元大98售05  ,0,0,0,0,0,0,0,0,0,-85000,0,0,0,110000,195000,-85000,-85000
056539,新光金凱基9A購01,0,0,0,0,0,0,0,0,0,-86000,0,0,0,103000,189000,-86000,-86000
057329,緯穎群益98購02  ,0,0,0,0,0,0,0,0,0,-86000,0,0,0,37000,123000,-86000,-86000
057378,康友元大98購02  ,0,0,0,0,0,0,0,0,0,-86000,0,0,0,88000,174000,-86000,-86000
057467,祥碩永豐98購04  ,0,0,0,0,0,0,0,0,0,-86000,0,0,0,14000,100000,-86000,-86000
055156,華新科元大99購02,0,0,0,0,0,0,0,0,0,-86000,0,0,0,20000,106000,-86000,-86000
055178,晶豪科統一97購01,0,0,0,0,0,0,0,0,0,-86000,0,0,0,40000,126000,-86000,-86000
051493,台郡凱基95購02  ,0,0,0,0,0,0,0,0,0,-86000,0,0,0,5000,91000,-86000,-86000
052309,健策國泰97購01  ,0,0,0,0,0,0,0,0,0,-86000,0,0,0,36000,122000,-86000,-86000
050562,瑞昱元富94購02  ,0,0,0,0,0,0,0,0,0,-86000,0,0,0,9000,95000,-86000,-86000
052587,景碩永豐97購01  ,0,0,0,0,0,0,0,0,0,-86000,0,0,0,0,86000,-86000,-86000
053048,同欣電麥證96購01,0,0,0,16000,102000,-86000,0,0,0,-86000,0,0,0,16000,102000,-86000,-86000
06450P,聯發科元大98售03,0,0,0,0,0,0,0,0,0,-86000,0,0,0,250000,336000,-86000,-86000
06017P,亞光凱基96售04  ,0,0,0,0,0,0,0,0,0,-86000,0,0,0,0,86000,-86000,-86000
055575,華新科統一98購01,0,0,0,0,0,0,0,0,0,-87000,0,0,0,111000,198000,-87000,-87000
05584P,臺股指凱基96售13,0,0,0,0,0,0,0,0,0,-87000,0,0,0,55000,142000,-87000,-87000
055892,國巨統一99購01  ,0,0,0,0,0,0,0,0,0,-87000,0,0,0,131000,218000,-87000,-87000
047522,微星元大93購02  ,0,0,0,0,0,0,0,0,0,-87000,0,0,0,11000,98000,-87000,-87000
048495,南亞科元大93購04,0,0,0,0,0,0,0,0,0,-87000,0,0,0,93000,180000,-87000,-87000
051688,大立光凱基97購02,0,0,0,0,0,0,0,0,0,-87000,0,0,0,82000,169000,-87000,-87000
05282P,可成元大95售09  ,0,0,0,0,0,0,0,0,0,-87000,0,0,0,138000,225000,-87000,-87000
053249,致伸國票97購02  ,0,0,0,0,0,0,0,0,0,-87000,0,0,0,0,87000,-87000,-87000
053951,T50反1台新06購02,0,0,0,0,0,0,0,0,0,-87000,0,0,0,0,87000,-87000,-87000
054628,可成凱基98購01  ,0,0,0,0,0,0,0,0,0,-87000,0,0,0,67000,154000,-87000,-87000
055858,聯茂元大97購03  ,0,0,0,0,0,0,0,0,0,-88000,0,0,0,79000,167000,-88000,-88000
056789,和碩群益98購01  ,0,0,0,0,0,0,0,0,0,-88000,0,0,0,153000,241000,-88000,-88000
048556,技嘉元大93購03  ,0,0,0,0,0,0,0,0,0,-88000,0,0,0,54000,142000,-88000,-88000
04800P,聯茂元大94售08  ,0,0,0,0,0,0,0,0,0,-88000,0,0,0,34000,122000,-88000,-88000
045797,健策中信93購01  ,0,0,0,0,0,0,0,0,0,-88000,0,0,0,30000,118000,-88000,-88000
049319,GIS凱基94購03   ,0,0,0,0,0,0,0,0,0,-88000,0,0,0,12000,100000,-88000,-88000
054828,正崴國泰99購01  ,0,0,0,0,0,0,0,0,0,-88000,0,0,0,0,88000,-88000,-88000
053949,康控富邦9A購01  ,0,0,0,0,0,0,0,0,0,-88000,0,0,0,50000,138000,-88000,-88000
053781,友達元大9B購03  ,0,0,0,0,0,0,0,0,0,-88000,0,0,0,33000,121000,-88000,-88000
054356,可成兆豐97購01  ,0,0,0,0,0,0,0,0,0,-88000,0,0,0,50000,138000,-88000,-88000
053274,旺宏元大98購03  ,0,0,0,0,0,0,0,0,0,-88000,0,0,0,0,88000,-88000,-88000
052597,茂林群益96購01  ,0,0,0,0,0,0,0,0,0,-88000,0,0,0,104000,192000,-88000,-88000
052399,台光電凱基95購03,0,0,0,0,0,0,0,0,0,-88000,0,0,0,24000,112000,-88000,-88000
056452,亞光凱基98購02  ,0,0,0,0,0,0,0,0,0,-89000,0,0,0,57000,146000,-89000,-89000
057152,緯穎國票99購03  ,0,0,0,0,0,0,0,0,0,-89000,0,0,0,6000,95000,-89000,-89000
05585P,臺股指凱基96售14,0,0,0,0,0,0,0,0,0,-89000,0,0,0,8000,97000,-89000,-89000
055602,康控元大97購03  ,0,0,0,0,0,0,0,0,0,-89000,0,0,0,270000,359000,-89000,-89000
055609,旺宏國票99購01  ,0,0,0,0,0,0,0,0,0,-89000,0,0,0,31000,120000,-89000,-89000
055482,聚陽元大97購02  ,0,0,0,0,0,0,0,0,0,-89000,0,0,0,27000,116000,-89000,-89000
046208,滬深2X元富95購03,0,0,0,0,0,0,0,0,0,-89000,0,0,0,11000,100000,-89000,-89000
054718,可成永豐97購01  ,0,0,0,0,0,0,0,0,0,-89000,0,0,0,0,89000,-89000,-89000
06427P,鴻海元大97售13  ,0,0,0,0,0,0,0,0,0,-89000,0,0,0,0,89000,-89000,-89000
055578,群創統一98購03  ,0,0,0,0,0,0,0,0,0,-90000,0,0,0,30000,120000,-90000,-90000
05611P,康控群益96售02  ,0,0,0,0,0,0,0,0,0,-90000,0,0,0,20000,110000,-90000,-90000
044190,聯詠富邦93購01  ,0,0,0,0,0,0,0,0,0,-90000,0,0,0,110000,200000,-90000,-90000
044364,超眾中信94購01  ,0,0,0,0,0,0,0,0,0,-90000,0,0,0,10000,100000,-90000,-90000
047910,全新麥證94購01  ,0,0,0,20000,110000,-90000,0,0,0,-90000,0,0,0,20000,110000,-90000,-90000
049287,可成兆豐95購01  ,0,0,0,0,0,0,0,0,0,-90000,0,0,0,117000,207000,-90000,-90000
051475,宏碁凱基95購02  ,0,0,0,0,0,0,0,0,0,-90000,0,0,0,0,90000,-90000,-90000
051476,聯發科凱基95購09,0,0,0,0,0,0,0,0,0,-90000,0,0,0,0,90000,-90000,-90000
048843,台郡凱基94購01  ,0,0,0,0,0,0,0,0,0,-90000,0,0,0,10000,100000,-90000,-90000
050588,矽創國票95購01  ,0,0,0,0,0,0,0,0,0,-90000,0,0,0,0,90000,-90000,-90000
049685,T50反1元大94購01,0,0,0,0,0,0,0,0,0,-90000,0,0,0,50000,140000,-90000,-90000
054405,樺漢康和96購01  ,0,0,0,0,0,0,0,0,0,-90000,0,0,0,0,90000,-90000,-90000
054323,旺宏台新96購02  ,0,0,0,0,0,0,0,0,0,-90000,0,0,0,45000,135000,-90000,-90000
054097,淘帝國票97購01  ,0,0,0,0,0,0,0,0,0,-90000,0,0,0,45000,135000,-90000,-90000
052955,國巨日盛96購01  ,0,0,0,0,0,0,0,0,0,-90000,0,0,0,39000,129000,-90000,-90000
053515,致伸群益96購02  ,0,0,0,0,0,0,0,0,0,-90000,0,0,0,0,90000,-90000,-90000
06598P,奇力新永豐98售02,0,0,0,0,0,0,0,0,0,-90000,0,0,0,103000,193000,-90000,-90000
057559,可成兆豐99購02  ,0,0,0,0,0,0,0,0,0,-90000,0,0,0,0,90000,-90000,-90000
055309,冠德群益97購01  ,0,0,0,0,0,0,0,0,0,-91000,0,0,0,10000,101000,-91000,-91000
047187,亞光元大94購01  ,0,0,0,0,0,0,0,0,0,-91000,0,0,0,136000,227000,-91000,-91000
04760P,旺宏凱基94售02  ,0,0,0,0,0,0,0,0,0,-91000,0,0,0,3000,94000,-91000,-91000
04462P,全新元富96售01  ,0,0,0,0,0,0,0,0,0,-91000,0,0,0,0,91000,-91000,-91000
044758,玉山金凱基93購01,0,0,0,0,0,0,0,0,0,-91000,0,0,0,10000,101000,-91000,-91000
04294P,台積電元大95售01,0,0,0,0,0,0,0,0,0,-91000,0,0,0,470000,561000,-91000,-91000
041528,國泰金中信93購01,0,0,0,0,0,0,0,0,0,-91000,0,0,0,10000,101000,-91000,-91000
052818,智邦永豐96購01  ,0,0,0,0,0,0,0,0,0,-91000,0,0,0,81000,172000,-91000,-91000
052526,智伸科元大96購02,0,0,0,0,0,0,0,0,0,-91000,0,0,0,95000,186000,-91000,-91000
1215,卜蜂            ,29000,81000,-52000,0,0,0,0,0,0,-39000,0,0,0,0,39000,-39000,-91000
055919,景碩凱基98購02  ,0,0,0,0,0,0,0,0,0,-92000,0,0,0,50000,142000,-92000,-92000
057123,上銀凱基98購05  ,0,0,0,0,0,0,0,0,0,-92000,0,0,0,0,92000,-92000,-92000
056933,國巨元富98購03  ,0,0,0,0,0,0,0,0,0,-92000,0,0,0,33000,125000,-92000,-92000
057402,嘉晶群益98購02  ,0,0,0,0,0,0,0,0,0,-92000,0,0,0,26000,118000,-92000,-92000
05729P,臺股指凱基97售02,0,0,0,0,0,0,0,0,0,-92000,0,0,0,0,92000,-92000,-92000
056491,南亞科國泰99購01,0,0,0,0,0,0,0,0,0,-92000,0,0,0,43000,135000,-92000,-92000
056634,為升兆豐99購01  ,0,0,0,0,0,0,0,0,0,-92000,0,0,0,0,92000,-92000,-92000
048178,上銀富邦95購02  ,0,0,0,0,0,0,0,0,0,-92000,0,0,0,366000,458000,-92000,-92000
05073P,臺股指中信95售09,0,0,0,0,0,0,0,0,0,-92000,0,0,0,0,92000,-92000,-92000
052080,康友元富98購02  ,0,0,0,0,0,0,0,0,0,-92000,0,0,0,2000,94000,-92000,-92000
048855,華新科群益94購02,0,0,0,0,0,0,0,0,0,-92000,0,0,0,42000,134000,-92000,-92000
054296,世芯元大97購01  ,0,0,0,0,0,0,0,0,0,-92000,0,0,0,13000,105000,-92000,-92000
054566,貿聯群益97購02  ,0,0,0,0,0,0,0,0,0,-92000,0,0,0,7000,99000,-92000,-92000
055052,凱美永豐97購01  ,0,0,0,0,0,0,0,0,0,-92000,0,0,0,148000,240000,-92000,-92000
1604,聲寶            ,33000,125000,-92000,0,0,0,0,0,0,0,0,0,0,0,0,0,-92000
4746,台耀            ,14000,110000,-96000,0,0,0,0,0,0,4000,4000,0,4000,0,0,0,-92000
00752,中信中國50      ,0,0,0,0,0,0,0,0,0,-92991,0,0,0,597000,689991,-92991,-92991
057212,台積電群益98購03,0,0,0,0,0,0,0,0,0,-93000,0,0,0,20000,113000,-93000,-93000
057181,亞光元大98購02  ,0,0,0,0,0,0,0,0,0,-93000,0,0,0,32000,125000,-93000,-93000
055360,台表科凱基97購02,0,0,0,0,0,0,0,0,0,-93000,0,0,0,146000,239000,-93000,-93000
042994,葡萄王元大94購02,0,0,0,0,0,0,0,0,0,-93000,0,0,0,796000,889000,-93000,-93000
045630,技嘉凱基93購02  ,0,0,0,0,0,0,0,0,0,-93000,0,0,0,4000,97000,-93000,-93000
044269,群創中信95購01  ,0,0,0,0,0,0,0,0,0,-93000,0,0,0,210000,303000,-93000,-93000
047386,南亞科元大93購01,0,0,0,0,0,0,0,0,0,-93000,0,0,0,100000,193000,-93000,-93000
048935,玉晶光永豐94購04,0,0,0,0,0,0,0,0,0,-93000,0,0,0,31000,124000,-93000,-93000
054938,國巨元大97購04  ,0,0,0,0,0,0,0,0,0,-93000,0,0,0,246000,339000,-93000,-93000
05407P,超眾凱基95售04  ,0,0,0,0,0,0,0,0,0,-93000,0,0,0,0,93000,-93000,-93000
053600,同欣電元大96購04,0,0,0,0,0,0,0,0,0,-93000,0,0,0,40000,133000,-93000,-93000
053154,聯詠元大96購01  ,0,0,0,0,0,0,0,0,0,-93000,0,0,0,22000,115000,-93000,-93000
055579,健策統一9A購01  ,0,0,0,0,0,0,0,0,0,-94000,0,0,0,440000,534000,-94000,-94000
055796,南電國泰98購01  ,0,0,0,0,0,0,0,0,0,-94000,0,0,0,37000,131000,-94000,-94000
057223,富邦金日盛99購01,0,0,0,0,0,0,0,0,0,-94000,0,0,0,0,94000,-94000,-94000
056637,台光電日盛9A購01,0,0,0,0,0,0,0,0,0,-94000,0,0,0,81000,175000,-94000,-94000
056848,泰鼎元富98購01  ,0,0,0,0,0,0,0,0,0,-94000,0,0,0,177000,271000,-94000,-94000
045329,富邦金亞東93購01,0,0,0,0,0,0,0,0,0,-94000,0,0,0,0,94000,-94000,-94000
049044,和碩兆豐94購01  ,0,0,0,0,0,0,0,0,0,-94000,0,0,0,6000,100000,-94000,-94000
052254,康友永豐95購03  ,0,0,0,0,0,0,0,0,0,-94000,0,0,0,110000,204000,-94000,-94000
050736,台積電康和94購01,0,0,0,0,0,0,0,0,0,-94000,0,0,0,0,94000,-94000,-94000
049994,聯茂台新94購02  ,0,0,0,0,0,0,0,0,0,-94000,0,0,0,0,94000,-94000,-94000
049833,正文凱基94購05  ,0,0,0,0,0,0,0,0,0,-94000,0,0,0,22000,116000,-94000,-94000
053129,緯穎凱基96購01  ,0,0,0,0,0,0,0,0,0,-94000,0,0,0,62000,156000,-94000,-94000
053589,宏達電元大97購02,0,0,0,0,0,0,0,0,0,-94000,0,0,0,8000,102000,-94000,-94000
052515,矽力凱基95購02  ,0,0,0,0,0,0,0,0,0,-94000,0,0,0,9000,103000,-94000,-94000
06339P,上銀統一97售06  ,0,0,0,0,0,0,0,0,0,-94000,0,0,0,34000,128000,-94000,-94000
057325,可成群益9A購01  ,0,0,0,0,0,0,0,0,0,-95000,0,0,0,106000,201000,-95000,-95000
056133,可成元大97購05  ,0,0,0,0,0,0,0,0,0,-95000,0,0,0,161000,256000,-95000,-95000
055553,聯發科凱基97購05,0,0,0,0,0,0,0,0,0,-95000,0,0,0,0,95000,-95000,-95000
03481P,欣興群益02售08  ,0,0,0,0,0,0,0,0,0,-95000,0,0,0,124000,219000,-95000,-95000
05225P,鴻海統一95售09  ,0,0,0,0,0,0,0,0,0,-95000,0,0,0,65000,160000,-95000,-95000
051066,台積電國票96購02,0,0,0,0,0,0,0,0,0,-95000,0,0,0,85000,180000,-95000,-95000
053451,致新凱基96購02  ,0,0,0,0,0,0,0,0,0,-95000,0,0,0,68000,163000,-95000,-95000
053187,國巨統一96購05  ,0,0,0,0,0,0,0,0,0,-95000,0,0,0,62000,157000,-95000,-95000
053204,旺宏麥證96購01  ,0,0,0,0,95000,-95000,0,0,0,-95000,0,0,0,0,95000,-95000,-95000
054065,樺漢國票97購01  ,0,0,0,0,0,0,0,0,0,-95000,0,0,0,0,95000,-95000,-95000
054005,旺宏統一97購04  ,0,0,0,0,0,0,0,0,0,-95000,0,0,0,48000,143000,-95000,-95000
054781,台化群益99購01  ,0,0,0,0,0,0,0,0,0,-95000,0,0,0,21000,116000,-95000,-95000
055345,國巨凱基98購01  ,0,0,0,0,0,0,0,0,0,-96000,0,0,0,13000,109000,-96000,-96000
055258,玉晶光統一97購03,0,0,0,0,0,0,0,0,0,-96000,0,0,0,69000,165000,-96000,-96000
057116,鴻海日盛9A購01  ,0,0,0,0,0,0,0,0,0,-96000,0,0,0,0,96000,-96000,-96000
00753L,中信中國50正2   ,0,0,0,0,0,0,0,0,0,-96000,0,0,0,143000,239000,-96000,-96000
00653L,富邦印度正2     ,2000,71000,-69000,0,0,0,0,0,0,-27000,0,0,0,56000,83000,-27000,-96000
04731P,臺股指中信96售03,0,0,0,0,0,0,0,0,0,-96000,0,0,0,4000,100000,-96000,-96000
044003,聯發科兆豐93購01,0,0,0,0,0,0,0,0,0,-96000,0,0,0,67000,163000,-96000,-96000
048128,超眾元大95購01  ,0,0,0,0,0,0,0,0,0,-96000,0,0,0,100000,196000,-96000,-96000
051139,康友永豐95購01  ,0,0,0,0,0,0,0,0,0,-96000,0,0,0,15000,111000,-96000,-96000
049301,致新群益95購01  ,0,0,0,0,0,0,0,0,0,-96000,0,0,0,0,96000,-96000,-96000
05219P,鴻海元大95售17  ,0,0,0,0,0,0,0,0,0,-96000,0,0,0,247000,343000,-96000,-96000
05138P,嘉聯益凱基96售02,0,0,0,0,0,0,0,0,0,-96000,0,0,0,60000,156000,-96000,-96000
051099,台郡元大95購03  ,0,0,0,0,0,0,0,0,0,-96000,0,0,0,26000,122000,-96000,-96000
054337,智邦統一96購01  ,0,0,0,0,0,0,0,0,0,-96000,0,0,0,0,96000,-96000,-96000
054395,華新科永豐96購03,0,0,0,0,0,0,0,0,0,-96000,0,0,0,580000,676000,-96000,-96000
052450,嘉澤元大95購03  ,0,0,0,0,0,0,0,0,0,-96000,0,0,0,114000,210000,-96000,-96000
052884,台積電兆豐96購01,0,0,0,0,0,0,0,0,0,-96000,0,0,0,122000,218000,-96000,-96000
057431,京鼎兆豐98購02  ,0,0,0,0,0,0,0,0,0,-97000,0,0,0,0,97000,-97000,-97000
050483,樺漢國票94購01  ,0,0,0,0,0,0,0,0,0,-97000,0,0,0,0,97000,-97000,-97000
049916,台光電元大94購06,0,0,0,0,0,0,0,0,0,-97000,0,0,0,0,97000,-97000,-97000
051892,台光電元富95購03,0,0,0,0,0,0,0,0,0,-97000,0,0,0,1000,98000,-97000,-97000
051947,矽力統一95購01  ,0,0,0,0,0,0,0,0,0,-97000,0,0,0,0,97000,-97000,-97000
051830,健策元大97購01  ,0,0,0,0,0,0,0,0,0,-97000,0,0,0,133000,230000,-97000,-97000
050870,旭富永豐95購01  ,0,0,0,0,0,0,0,0,0,-97000,0,0,0,0,97000,-97000,-97000
049410,統一凱基94購02  ,0,0,0,0,0,0,0,0,0,-97000,0,0,0,11000,108000,-97000,-97000
054049,亞光元大96購03  ,0,0,0,0,0,0,0,0,0,-97000,0,0,0,34000,131000,-97000,-97000
054945,正崴元大97購01  ,0,0,0,0,0,0,0,0,0,-97000,0,0,0,0,97000,-97000,-97000
054744,晶相光凱基99購01,0,0,0,0,0,0,0,0,0,-97000,0,0,0,0,97000,-97000,-97000
06122P,亞光元大98售01  ,0,0,0,0,0,0,0,0,0,-97000,0,0,0,13000,110000,-97000,-97000
055311,健策群益98購02  ,0,0,0,0,0,0,0,0,0,-98000,0,0,0,213000,311000,-98000,-98000
055137,GIS富邦98購01   ,0,0,0,0,0,0,0,0,0,-98000,0,0,0,2000,100000,-98000,-98000
056278,全新富邦98購02  ,0,0,0,0,0,0,0,0,0,-98000,0,0,0,0,98000,-98000,-98000
056016,鴻海群益97購06  ,0,0,0,0,0,0,0,0,0,-98000,0,0,0,17000,115000,-98000,-98000
048056,全新國泰94購02  ,0,0,0,0,0,0,0,0,0,-98000,0,0,0,0,98000,-98000,-98000
047000,和大統一93購01  ,0,0,0,0,0,0,0,0,0,-98000,0,0,0,163000,261000,-98000,-98000
047380,統一元大93購01  ,0,0,0,0,0,0,0,0,0,-98000,0,0,0,0,98000,-98000,-98000
049493,可成元大94購05  ,0,0,0,0,0,0,0,0,0,-98000,0,0,0,205000,303000,-98000,-98000
050884,聯茂國泰96購01  ,0,0,0,0,0,0,0,0,0,-98000,0,0,0,0,98000,-98000,-98000
051441,鴻海元大95購13  ,0,0,0,0,0,0,0,0,0,-98000,0,0,0,10000,108000,-98000,-98000
051280,台積電兆豐95購04,0,0,0,0,0,0,0,0,0,-98000,0,0,0,0,98000,-98000,-98000
051715,和碩台新95購01  ,0,0,0,0,0,0,0,0,0,-98000,0,0,0,130000,228000,-98000,-98000
051410,京元電國票96購01,0,0,0,0,0,0,0,0,0,-98000,0,0,0,118000,216000,-98000,-98000
054859,鴻海群益97購02  ,0,0,0,0,0,0,0,0,0,-98000,0,0,0,0,98000,-98000,-98000
054016,嘉晶永豐96購04  ,0,0,0,0,0,0,0,0,0,-98000,0,0,0,143000,241000,-98000,-98000
052476,台光電群益98購01,0,0,0,0,0,0,0,0,0,-98000,0,0,0,8000,106000,-98000,-98000
057582,亞光中信9A購02  ,0,0,0,0,0,0,0,0,0,-98000,0,0,0,0,98000,-98000,-98000
2101,南港            ,195000,291000,-96000,0,0,0,0,0,0,-2000,0,0,0,0,2000,-2000,-98000
055190,華新科元富97購01,0,0,0,0,0,0,0,0,0,-99000,0,0,0,58000,157000,-99000,-99000
055650,華新科元富98購01,0,0,0,0,0,0,0,0,0,-99000,0,0,0,127000,226000,-99000,-99000
057299,立積永豐98購02  ,0,0,0,0,0,0,0,0,0,-99000,0,0,0,0,99000,-99000,-99000
057311,玉晶光日盛9A購01,0,0,0,0,0,0,0,0,0,-99000,0,0,0,0,99000,-99000,-99000
057142,力成兆豐98購01  ,0,0,0,0,0,0,0,0,0,-99000,0,0,0,92000,191000,-99000,-99000
050170,臺指反元大97購02,0,0,0,0,0,0,0,0,0,-99000,0,0,0,0,99000,-99000,-99000
049892,國巨富邦96購01  ,0,0,0,0,0,0,0,0,0,-99000,0,0,0,12000,111000,-99000,-99000
050444,卜蜂元大94購03  ,0,0,0,0,0,0,0,0,0,-99000,0,0,0,1000,100000,-99000,-99000
051220,大立光元富95購08,0,0,0,0,0,0,0,0,0,-99000,0,0,0,1000,100000,-99000,-99000
049209,GIS群益94購03   ,0,0,0,0,0,0,0,0,0,-99000,0,0,0,1000,100000,-99000,-99000
051500,聯茂群益95購01  ,0,0,0,0,0,0,0,0,0,-99000,0,0,0,0,99000,-99000,-99000
053062,緯穎富邦97購01  ,0,0,0,0,0,0,0,0,0,-99000,0,0,0,59000,158000,-99000,-99000
054380,世芯群益97購02  ,0,0,0,0,0,0,0,0,0,-99000,0,0,0,1000,100000,-99000,-99000
3443,創意            ,197000,446000,-249000,0,0,0,0,105000,-105000,255000,141000,1000,140000,125000,10000,115000,-99000
05714P,群創統一97售03  ,0,0,0,0,0,0,0,0,0,-100000,0,0,0,0,100000,-100000,-100000
05711P,茂林國票97售03  ,0,0,0,0,0,0,0,0,0,-100000,0,0,0,0,100000,-100000,-100000
057433,上銀國票98購04  ,0,0,0,0,0,0,0,0,0,-100000,0,0,0,0,100000,-100000,-100000
057386,聯發科永豐98購04,0,0,0,0,0,0,0,0,0,-100000,0,0,0,0,100000,-100000,-100000
056302,大立光元大97購17,0,0,0,0,0,0,0,0,0,-100000,0,0,0,5000,105000,-100000,-100000
055613,全新國票98購01  ,0,0,0,0,0,0,0,0,0,-100000,0,0,0,0,100000,-100000,-100000
055442,矽創國票98購02  ,0,0,0,0,0,0,0,0,0,-100000,0,0,0,10000,110000,-100000,-100000
055273,華泰元大97購01  ,0,0,0,0,0,0,0,0,0,-100000,0,0,0,0,100000,-100000,-100000
055274,華泰元大97購02  ,0,0,0,0,0,0,0,0,0,-100000,0,0,0,20000,120000,-100000,-100000
056198,台光電永豐97購02,0,0,0,0,0,0,0,0,0,-100000,0,0,0,25000,125000,-100000,-100000
055685,日月光凱基97購02,0,0,0,0,0,0,0,0,0,-100000,0,0,0,0,100000,-100000,-100000
055856,新唐元大97購03  ,0,0,0,0,0,0,0,0,0,-100000,0,0,0,0,100000,-100000,-100000
050987,台泥富邦95購01  ,0,0,0,0,0,0,0,0,0,-100000,0,0,0,0,100000,-100000,-100000
051184,聯發科永豐95購03,0,0,0,0,0,0,0,0,0,-100000,0,0,0,0,100000,-100000,-100000
04804P,聯發科凱基94售12,0,0,0,0,0,0,0,0,0,-100000,0,0,0,0,100000,-100000,-100000
047027,新光金元大95購01,0,0,0,0,0,0,0,0,0,-100000,0,0,0,0,100000,-100000,-100000
046403,技嘉元大92購01  ,0,0,0,0,0,0,0,0,0,-100000,0,0,0,10000,110000,-100000,-100000
046416,聯詠元大92購05  ,0,0,0,0,0,0,0,0,0,-100000,0,0,0,0,100000,-100000,-100000
048490,寶成富邦93購01  ,0,0,0,0,0,0,0,0,0,-100000,0,0,0,0,100000,-100000,-100000
047483,新光金凱基99購04,0,0,0,0,0,0,0,0,0,-100000,0,0,0,0,100000,-100000,-100000
048622,南電凱基93購07  ,0,0,0,0,0,0,0,0,0,-100000,0,0,0,0,100000,-100000,-100000
047330,康舒元大93購01  ,0,0,0,0,0,0,0,0,0,-100000,0,0,0,0,100000,-100000,-100000
046290,儒鴻統一93購01  ,0,0,0,0,0,0,0,0,0,-100000,0,0,0,0,100000,-100000,-100000
045103,上海銀亞東94購01,0,0,0,0,0,0,0,0,0,-100000,0,0,0,0,100000,-100000,-100000
044376,日月光兆豐92購01,0,0,0,0,0,0,0,0,0,-100000,0,0,0,10000,110000,-100000,-100000
044362,元油2X中信94購01,0,0,0,0,0,0,0,0,0,-100000,0,0,0,0,100000,-100000,-100000
04178P,聯茂元大93售07  ,0,0,0,0,0,0,0,0,0,-100000,0,0,0,0,100000,-100000,-100000
040160,SP黃豆元富95購01,0,0,0,0,0,0,0,0,0,-100000,0,0,0,0,100000,-100000,-100000
039550,滬深反凱基94購01,0,0,0,0,0,0,0,0,0,-100000,0,0,0,0,100000,-100000,-100000
03917P,鴻海凱基94售07  ,0,0,0,0,0,0,0,0,0,-100000,0,0,0,0,100000,-100000,-100000
03657C,T50反1元大99牛01,0,0,0,0,0,0,0,0,0,-100000,0,0,0,0,100000,-100000,-100000
050269,欣興元大94購09  ,0,0,0,0,0,0,0,0,0,-100000,0,0,0,10000,110000,-100000,-100000
051763,新光金元大98購01,0,0,0,0,0,0,0,0,0,-100000,0,0,0,0,100000,-100000,-100000
050980,欣興元富95購02  ,0,0,0,0,0,0,0,0,0,-100000,0,0,0,0,100000,-100000,-100000
050887,台積電富邦95購05,0,0,0,0,0,0,0,0,0,-100000,0,0,0,10000,110000,-100000,-100000
050932,台塑國票96購01  ,0,0,0,0,0,0,0,0,0,-100000,0,0,0,0,100000,-100000,-100000
049851,致伸群益94購03  ,0,0,0,0,0,0,0,0,0,-100000,0,0,0,100000,200000,-100000,-100000
051411,聯發科國票95購05,0,0,0,0,0,0,0,0,0,-100000,0,0,0,0,100000,-100000,-100000
051335,華固永豐95購01  ,0,0,0,0,0,0,0,0,0,-100000,0,0,0,0,100000,-100000,-100000
050486,可成元富94購05  ,0,0,0,0,0,0,0,0,0,-100000,0,0,0,20000,120000,-100000,-100000
052004,泰碩國泰97購03  ,0,0,0,0,0,0,0,0,0,-100000,0,0,0,0,100000,-100000,-100000
051988,台光電元大95購01,0,0,0,0,0,0,0,0,0,-100000,0,0,0,4000,104000,-100000,-100000
051901,嘉聯益富邦96購01,0,0,0,0,0,0,0,0,0,-100000,0,0,0,0,100000,-100000,-100000
049695,新光金元大9A購01,0,0,0,0,0,0,0,0,0,-100000,0,0,0,0,100000,-100000,-100000
050570,聯發科中信97購02,0,0,0,0,0,0,0,0,0,-100000,0,0,0,0,100000,-100000,-100000
050690,台達電凱基96購01,0,0,0,0,0,0,0,0,0,-100000,0,0,0,12000,112000,-100000,-100000
052148,康友群益95購03  ,0,0,0,0,0,0,0,0,0,-100000,0,0,0,0,100000,-100000,-100000
052273,新光金群益95購02,0,0,0,0,0,0,0,0,0,-100000,0,0,0,0,100000,-100000,-100000
052299,T50反1台新05購03,0,0,0,0,0,0,0,0,0,-100000,0,0,0,0,100000,-100000,-100000
054110,群創凱基98購09  ,0,0,0,0,0,0,0,0,0,-100000,0,0,0,0,100000,-100000,-100000
054013,聯發科永豐96購02,0,0,0,0,0,0,0,0,0,-100000,0,0,0,0,100000,-100000,-100000
054056,華新科國票96購02,0,0,0,0,0,0,0,0,0,-100000,0,0,0,45000,145000,-100000,-100000
053907,揚明光凱基96購01,0,0,0,0,0,0,0,0,0,-100000,0,0,0,0,100000,-100000,-100000
053931,楠梓電統一96購01,0,0,0,0,0,0,0,0,0,-100000,0,0,0,0,100000,-100000,-100000
054875,群電群益97購01  ,0,0,0,0,0,0,0,0,0,-100000,0,0,0,0,100000,-100000,-100000
054804,南亞元大9A購01  ,0,0,0,0,0,0,0,0,0,-100000,0,0,0,68000,168000,-100000,-100000
054714,和鑫台新98購01  ,0,0,0,0,0,0,0,0,0,-100000,0,0,0,0,100000,-100000,-100000
054653,聯發科麥證97購02,0,0,0,0,100000,-100000,0,0,0,-100000,0,0,0,0,100000,-100000,-100000
054524,華通元富96購03  ,0,0,0,0,0,0,0,0,0,-100000,0,0,0,0,100000,-100000,-100000
053038,華邦電凱基97購01,0,0,0,0,0,0,0,0,0,-100000,0,0,0,100000,200000,-100000,-100000
052726,鴻海元富96購03  ,0,0,0,0,0,0,0,0,0,-100000,0,0,0,100000,200000,-100000,-100000
05324P,臺股指凱基95售08,0,0,0,0,0,0,0,0,0,-100000,0,0,0,0,100000,-100000,-100000
053207,SP黃豆凱基96購01,0,0,0,0,0,0,0,0,0,-100000,0,0,0,0,100000,-100000,-100000
053208,鴻海凱基96購13  ,0,0,0,0,0,0,0,0,0,-100000,0,0,0,0,100000,-100000,-100000
053379,南亞科元大96購01,0,0,0,0,0,0,0,0,0,-100000,0,0,0,0,100000,-100000,-100000
05348P,美律元富98售01  ,0,0,0,0,0,0,0,0,0,-100000,0,0,0,0,100000,-100000,-100000
053546,台積電凱基96購13,0,0,0,0,0,0,0,0,0,-100000,0,0,0,0,100000,-100000,-100000
06454P,緯穎元大98售04  ,0,0,0,0,0,0,0,0,0,-100000,0,0,0,296000,396000,-100000,-100000
057628,旺宏永豐98購02  ,0,0,0,0,0,0,0,0,0,-100000,0,0,0,0,100000,-100000,-100000
057526,智邦元大98購10  ,0,0,0,0,0,0,0,0,0,-100000,0,0,0,24000,124000,-100000,-100000
055921,新唐凱基98購01  ,0,0,0,0,0,0,0,0,0,-101000,0,0,0,0,101000,-101000,-101000
056145,緯穎元大98購03  ,0,0,0,0,0,0,0,0,0,-101000,0,0,0,21000,122000,-101000,-101000
056462,訊芯凱基98購03  ,0,0,0,0,0,0,0,0,0,-101000,0,0,0,110000,211000,-101000,-101000
056689,玉晶光統一9A購03,0,0,0,0,0,0,0,0,0,-101000,0,0,0,0,101000,-101000,-101000
047395,聯茂元大94購01  ,0,0,0,0,0,0,0,0,0,-101000,0,0,0,0,101000,-101000,-101000
049804,華固元大94購01  ,0,0,0,0,0,0,0,0,0,-101000,0,0,0,16000,117000,-101000,-101000
050007,貿聯永豐94購01  ,0,0,0,0,0,0,0,0,0,-101000,0,0,0,0,101000,-101000,-101000
049507,和大凱基94購01  ,0,0,0,0,0,0,0,0,0,-101000,0,0,0,16000,117000,-101000,-101000
053548,旺宏凱基96購04  ,0,0,0,0,0,0,0,0,0,-101000,0,0,0,10000,111000,-101000,-101000
053592,亞光元大96購01  ,0,0,0,0,0,0,0,0,0,-101000,0,0,0,38000,139000,-101000,-101000
053090,新唐元大96購01  ,0,0,0,0,0,0,0,0,0,-101000,0,0,0,112000,213000,-101000,-101000
06047P,聯發科富邦99售04,0,0,0,0,0,0,0,0,0,-101000,0,0,0,17000,118000,-101000,-101000
056855,祥碩中信98購02  ,0,0,0,0,0,0,0,0,0,-102000,0,0,0,27000,129000,-102000,-102000
057272,台積電元大98購14,0,0,0,0,0,0,0,0,0,-102000,0,0,0,92000,194000,-102000,-102000
057289,力成元大98購03  ,0,0,0,0,0,0,0,0,0,-102000,0,0,0,0,102000,-102000,-102000
056918,台積電兆豐98購01,0,0,0,0,0,0,0,0,0,-102000,0,0,0,207000,309000,-102000,-102000
046185,正崴凱基93購02  ,0,0,0,0,0,0,0,0,0,-102000,0,0,0,0,102000,-102000,-102000
03416B,臺股指凱基95熊05,0,0,0,0,0,0,0,0,0,-102000,0,0,0,0,102000,-102000,-102000
046627,高鐵統一95購01  ,0,0,0,0,0,0,0,0,0,-102000,0,0,0,6000,108000,-102000,-102000
046858,群創元大94購02  ,0,0,0,0,0,0,0,0,0,-102000,0,0,0,253000,355000,-102000,-102000
050175,台光電元大94購08,0,0,0,0,0,0,0,0,0,-102000,0,0,0,15000,117000,-102000,-102000
04922P,日月光凱基94售02,0,0,0,0,0,0,0,0,0,-102000,0,0,0,0,102000,-102000,-102000
051492,臻鼎凱基95購01  ,0,0,0,0,0,0,0,0,0,-102000,0,0,0,0,102000,-102000,-102000
053555,日月光凱基97購01,0,0,0,0,0,0,0,0,0,-102000,0,0,0,0,102000,-102000,-102000
054398,牧德永豐96購03  ,0,0,0,0,0,0,0,0,0,-102000,0,0,0,21000,123000,-102000,-102000
06265P,美律凱基97售01  ,0,0,0,0,0,0,0,0,0,-102000,0,0,0,0,102000,-102000,-102000
05925P,晶技永豐96售03  ,0,0,0,0,0,0,0,0,0,-102000,0,0,0,0,102000,-102000,-102000
056900,可成元大98購02  ,0,0,0,0,0,0,0,0,0,-103000,0,0,0,0,103000,-103000,-103000
055200,和大群益98購01  ,0,0,0,0,0,0,0,0,0,-103000,0,0,0,80000,183000,-103000,-103000
049299,矽創群益94購01  ,0,0,0,0,0,0,0,0,0,-103000,0,0,0,0,103000,-103000,-103000
047604,智原國泰95購01  ,0,0,0,0,0,0,0,0,0,-103000,0,0,0,0,103000,-103000,-103000
051397,聯茂兆豐95購03  ,0,0,0,0,0,0,0,0,0,-103000,0,0,0,0,103000,-103000,-103000
049669,訊芯國泰95購01  ,0,0,0,0,0,0,0,0,0,-103000,0,0,0,2000,105000,-103000,-103000
049997,聯發科永豐94購04,0,0,0,0,0,0,0,0,0,-103000,0,0,0,270000,373000,-103000,-103000
050099,台積電永昌96購01,0,0,0,0,0,0,0,0,0,-103000,0,0,0,50000,153000,-103000,-103000
05231P,GIS群益95售03   ,0,0,0,0,0,0,0,0,0,-103000,0,0,0,28000,131000,-103000,-103000
050719,世紀鋼群益96購01,0,0,0,0,0,0,0,0,0,-103000,0,0,0,111000,214000,-103000,-103000
051591,玉晶光元大97購01,0,0,0,0,0,0,0,0,0,-103000,0,0,0,44000,147000,-103000,-103000
04930P,國巨統一94售08  ,0,0,0,0,0,0,0,0,0,-103000,0,0,0,15000,118000,-103000,-103000
053778,旺宏元大97購03  ,0,0,0,0,0,0,0,0,0,-103000,0,0,0,70000,173000,-103000,-103000
054098,嘉晶國票97購04  ,0,0,0,0,0,0,0,0,0,-103000,0,0,0,38000,141000,-103000,-103000
053380,南亞科元大97購01,0,0,0,0,0,0,0,0,0,-103000,0,0,0,20000,123000,-103000,-103000
055075,南電永豐97購01  ,0,0,0,0,0,0,0,0,0,-104000,0,0,0,85000,189000,-104000,-104000
055524,鴻海群益98購01  ,0,0,0,0,0,0,0,0,0,-104000,0,0,0,232000,336000,-104000,-104000
056099,上銀永豐97購02  ,0,0,0,0,0,0,0,0,0,-104000,0,0,0,545000,649000,-104000,-104000
057341,技嘉台新98購01  ,0,0,0,0,0,0,0,0,0,-104000,0,0,0,54000,158000,-104000,-104000
057235,亞光凱基98購04  ,0,0,0,0,0,0,0,0,0,-104000,0,0,0,28000,132000,-104000,-104000
049775,旺宏統一95購02  ,0,0,0,0,0,0,0,0,0,-104000,0,0,0,0,104000,-104000,-104000
049872,聯發科台新94購03,0,0,0,0,0,0,0,0,0,-104000,0,0,0,1000,105000,-104000,-104000
053284,樺漢元大97購01  ,0,0,0,0,0,0,0,0,0,-104000,0,0,0,126000,230000,-104000,-104000
06196P,元上證元大97售01,0,0,0,0,0,0,0,0,0,-104000,0,0,0,0,104000,-104000,-104000
057307,瀚宇博兆豐99購01,0,0,0,0,0,0,0,0,0,-105000,0,0,0,0,105000,-105000,-105000
055988,矽力元富97購01  ,0,0,0,0,0,0,0,0,0,-105000,0,0,0,10000,115000,-105000,-105000
055787,聯茂凱基99購01  ,0,0,0,0,0,0,0,0,0,-105000,0,0,0,11000,116000,-105000,-105000
051034,正崴兆豐95購01  ,0,0,0,0,0,0,0,0,0,-105000,0,0,0,0,105000,-105000,-105000
051032,南電元富95購01  ,0,0,0,0,0,0,0,0,0,-105000,0,0,0,0,105000,-105000,-105000
047102,潤泰全富邦95購01,0,0,0,0,0,0,0,0,0,-105000,0,0,0,60000,165000,-105000,-105000
045640,嘉晶凱基93購01  ,0,0,0,0,0,0,0,0,0,-105000,0,0,0,31000,136000,-105000,-105000
044768,深中小元大94購02,0,0,0,0,0,0,0,0,0,-105000,0,0,0,5000,110000,-105000,-105000
044693,滬深2X元大94購01,0,0,0,0,0,0,0,0,0,-105000,0,0,0,95000,200000,-105000,-105000
046298,聯發科富邦94購01,0,0,0,0,0,0,0,0,0,-105000,0,0,0,26000,131000,-105000,-105000
050442,復盛凱基94購01  ,0,0,0,0,0,0,0,0,0,-105000,0,0,0,41000,146000,-105000,-105000
049995,GIS台新94購01   ,0,0,0,0,0,0,0,0,0,-105000,0,0,0,0,105000,-105000,-105000
04963P,鴻海元大94售25  ,0,0,0,0,0,0,0,0,0,-105000,0,0,0,55000,160000,-105000,-105000
04880P,GIS永豐94售02   ,0,0,0,0,0,0,0,0,0,-105000,0,0,0,45000,150000,-105000,-105000
051891,智邦元富95購04  ,0,0,0,0,0,0,0,0,0,-105000,0,0,0,0,105000,-105000,-105000
050399,潤泰全中信95購01,0,0,0,0,0,0,0,0,0,-105000,0,0,0,0,105000,-105000,-105000
049393,世紀鋼第一94購01,0,0,0,0,0,0,0,0,0,-105000,0,0,0,0,105000,-105000,-105000
052642,滬深2X永豐96購03,0,0,0,0,0,0,0,0,0,-105000,0,0,0,15000,120000,-105000,-105000
052463,聯電統一96購01  ,0,0,0,0,0,0,0,0,0,-105000,0,0,0,100000,205000,-105000,-105000
053051,楠梓電國票97購01,0,0,0,0,0,0,0,0,0,-105000,0,0,0,0,105000,-105000,-105000
052845,旺宏統一97購01  ,0,0,0,0,0,0,0,0,0,-105000,0,0,0,0,105000,-105000,-105000
053798,台積電中信98購02,0,0,0,0,0,0,0,0,0,-105000,0,0,0,0,105000,-105000,-105000
053816,聯發科群益96購02,0,0,0,0,0,0,0,0,0,-105000,0,0,0,0,105000,-105000,-105000
053850,嘉澤元富96購03  ,0,0,0,0,0,0,0,0,0,-105000,0,0,0,17000,122000,-105000,-105000
057535,泰鼎元大99購01  ,0,0,0,0,0,0,0,0,0,-105000,0,0,0,37000,142000,-105000,-105000
055739,健鼎元富97購01  ,0,0,0,0,0,0,0,0,0,-106000,0,0,0,50000,156000,-106000,-106000
056089,同欣電統一98購01,0,0,0,0,0,0,0,0,0,-106000,0,0,0,239000,345000,-106000,-106000
057469,康友永豐98購02  ,0,0,0,0,0,0,0,0,0,-106000,0,0,0,105000,211000,-106000,-106000
056428,台達電凱基99購01,0,0,0,0,0,0,0,0,0,-106000,0,0,0,26000,132000,-106000,-106000
049241,智邦元富94購01  ,0,0,0,0,0,0,0,0,0,-106000,0,0,0,0,106000,-106000,-106000
051248,華固元大95購01  ,0,0,0,0,0,0,0,0,0,-106000,0,0,0,0,106000,-106000,-106000
049595,麗豐元大95購01  ,0,0,0,0,0,0,0,0,0,-106000,0,0,0,254000,360000,-106000,-106000
05123P,鴻海永昌96售07  ,0,0,0,0,0,0,0,0,0,-106000,0,0,0,859000,965000,-106000,-106000
049901,瑞昱元富94購01  ,0,0,0,0,0,0,0,0,0,-106000,0,0,0,0,106000,-106000,-106000
054168,貿聯凱基97購02  ,0,0,0,0,0,0,0,0,0,-106000,0,0,0,12000,118000,-106000,-106000
054907,帆宣康和97購01  ,0,0,0,0,0,0,0,0,0,-106000,0,0,0,4000,110000,-106000,-106000
054962,玉晶光元大99購02,0,0,0,0,0,0,0,0,0,-106000,0,0,0,45000,151000,-106000,-106000
06337P,祥碩元大97售05  ,0,0,0,0,0,0,0,0,0,-106000,0,0,0,228000,334000,-106000,-106000
06742P,可成富邦99售02  ,0,0,0,0,0,0,0,0,0,-106000,0,0,0,0,106000,-106000,-106000
3044,健鼎            ,356000,502000,-146000,0,0,0,0,2000,-2000,42000,27000,0,27000,24000,9000,15000,-106000
057261,瑞昱兆豐98購01  ,0,0,0,0,0,0,0,0,0,-107000,0,0,0,51000,158000,-107000,-107000
055588,瑞昱元大97購03  ,0,0,0,0,0,0,0,0,0,-107000,0,0,0,31000,138000,-107000,-107000
05015P,臺股指元大95售06,0,0,0,0,0,0,0,0,0,-107000,0,0,0,311000,418000,-107000,-107000
047167,農林康和93購01  ,0,0,0,0,0,0,0,0,0,-107000,0,0,0,0,107000,-107000,-107000
046628,大立光統一98購01,0,0,0,0,0,0,0,0,0,-107000,0,0,0,50000,157000,-107000,-107000
050595,緯穎永豐94購03  ,0,0,0,0,0,0,0,0,0,-107000,0,0,0,33000,140000,-107000,-107000
051266,國巨富邦99購01  ,0,0,0,0,0,0,0,0,0,-107000,0,0,0,162000,269000,-107000,-107000
050335,正崴國泰96購01  ,0,0,0,0,0,0,0,0,0,-107000,0,0,0,0,107000,-107000,-107000
054092,大立光群益97購01,0,0,0,0,0,0,0,0,0,-107000,0,0,0,45000,152000,-107000,-107000
053713,漢唐凱基96購04  ,0,0,0,0,0,0,0,0,0,-107000,0,0,0,35000,142000,-107000,-107000
3413,京鼎            ,94000,346000,-252000,0,0,0,181000,38000,143000,2000,3000,3000,0,13000,11000,2000,-107000
05814P,臺股指國票96售07,0,0,0,0,0,0,0,0,0,-107000,0,0,0,0,107000,-107000,-107000
055581,和大元大97購04  ,0,0,0,0,0,0,0,0,0,-108000,0,0,0,283000,391000,-108000,-108000
056156,禾伸堂凱基98購04,0,0,0,0,0,0,0,0,0,-108000,0,0,0,61000,169000,-108000,-108000
056908,牧德元大99購03  ,0,0,0,0,0,0,0,0,0,-108000,0,0,0,113000,221000,-108000,-108000
057061,華擎國泰9A購01  ,0,0,0,0,0,0,0,0,0,-108000,0,0,0,32000,140000,-108000,-108000
056394,晶豪科永豐98購01,0,0,0,0,0,0,0,0,0,-108000,0,0,0,20000,128000,-108000,-108000
047847,鴻海統一93購07  ,0,0,0,0,0,0,0,0,0,-108000,0,0,0,0,108000,-108000,-108000
048824,聯發科凱基94購03,0,0,0,0,0,0,0,0,0,-108000,0,0,0,0,108000,-108000,-108000
050864,亞光永豐95購01  ,0,0,0,0,0,0,0,0,0,-108000,0,0,0,0,108000,-108000,-108000
053110,大立光兆豐97購01,0,0,0,0,0,0,0,0,0,-108000,0,0,0,0,108000,-108000,-108000
053904,漢唐凱基97購01  ,0,0,0,0,0,0,0,0,0,-108000,0,0,0,51000,159000,-108000,-108000
053983,樺漢元大97購02  ,0,0,0,0,0,0,0,0,0,-108000,0,0,0,299000,407000,-108000,-108000
8482,商億-KY         ,10000,118000,-108000,0,0,0,0,0,0,0,0,0,0,0,0,0,-108000
3682,亞太電          ,16284,124000,-107716,0,0,0,0,0,0,-1000,0,1000,-1000,0,0,0,-108716
056616,台光電永豐98購01,0,0,0,0,0,0,0,0,0,-109000,0,0,0,24000,133000,-109000,-109000
057219,群創群益98購10  ,0,0,0,0,0,0,0,0,0,-109000,0,0,0,7000,116000,-109000,-109000
050880,大立光元富95購03,0,0,0,0,0,0,0,0,0,-109000,0,0,0,62000,171000,-109000,-109000
049119,元油2X元富94購04,0,0,0,0,0,0,0,0,0,-109000,0,0,0,19000,128000,-109000,-109000
053801,台積電凱基96購18,0,0,0,0,0,0,0,0,0,-109000,0,0,0,91000,200000,-109000,-109000
057104,康友中信99購01  ,0,0,0,0,0,0,0,0,0,-110000,0,0,0,3000,113000,-110000,-110000
057176,全新元大99購02  ,0,0,0,0,0,0,0,0,0,-110000,0,0,0,10000,120000,-110000,-110000
056683,台積電統一98購05,0,0,0,0,0,0,0,0,0,-110000,0,0,0,12000,122000,-110000,-110000
055815,亞光國票99購01  ,0,0,0,0,0,0,0,0,0,-110000,0,0,0,0,110000,-110000,-110000
047991,元油反元大96購05,0,0,0,0,0,0,0,0,0,-110000,0,0,0,0,110000,-110000,-110000
047694,SP黃豆國票9B購01,0,0,0,0,0,0,0,0,0,-110000,0,0,0,0,110000,-110000,-110000
051013,旺宏凱基95購03  ,0,0,0,0,0,0,0,0,0,-110000,0,0,0,0,110000,-110000,-110000
048271,可成富邦95購02  ,0,0,0,0,0,0,0,0,0,-110000,0,0,0,90000,200000,-110000,-110000
047509,技嘉國票93購01  ,0,0,0,0,0,0,0,0,0,-110000,0,0,0,0,110000,-110000,-110000
047248,奇鋐群益95購01  ,0,0,0,0,0,0,0,0,0,-110000,0,0,0,0,110000,-110000,-110000
04607P,A50中信94售01   ,0,0,0,0,0,0,0,0,0,-110000,0,0,0,0,110000,-110000,-110000
03958P,嘉聯益統一93售01,0,0,0,0,0,0,0,0,0,-110000,0,0,0,0,110000,-110000,-110000
03253P,台灣50國泰03售02,0,0,0,0,0,0,0,0,0,-110000,0,0,0,100000,210000,-110000,-110000
049086,晶相光凱基94購01,0,0,0,0,0,0,0,0,0,-110000,0,0,0,70000,180000,-110000,-110000
048850,聯電群益96購01  ,0,0,0,0,0,0,0,0,0,-110000,0,0,0,17000,127000,-110000,-110000
048905,旺宏富邦96購01  ,0,0,0,0,0,0,0,0,0,-110000,0,0,0,100000,210000,-110000,-110000
049427,瑞昱兆豐94購01  ,0,0,0,0,0,0,0,0,0,-110000,0,0,0,0,110000,-110000,-110000
049437,可成國泰96購01  ,0,0,0,0,0,0,0,0,0,-110000,0,0,0,30000,140000,-110000,-110000
050874,康控永豐95購01  ,0,0,0,0,0,0,0,0,0,-110000,0,0,0,0,110000,-110000,-110000
05096P,台積電日盛95售01,0,0,0,0,0,0,0,0,0,-110000,0,0,0,0,110000,-110000,-110000
051823,矽力元富95購02  ,0,0,0,0,0,0,0,0,0,-110000,0,0,0,7000,117000,-110000,-110000
052216,康友元大96購01  ,0,0,0,0,0,0,0,0,0,-110000,0,0,0,0,110000,-110000,-110000
054167,揚明光凱基98購01,0,0,0,0,0,0,0,0,0,-110000,0,0,0,0,110000,-110000,-110000
054611,全新永豐97購01  ,0,0,0,0,0,0,0,0,0,-110000,0,0,0,0,110000,-110000,-110000
054711,禾伸堂元富97購01,0,0,0,0,0,0,0,0,0,-110000,0,0,0,0,110000,-110000,-110000
053106,鴻海兆豐98購01  ,0,0,0,0,0,0,0,0,0,-110000,0,0,0,50000,160000,-110000,-110000
053215,禾伸堂凱基96購01,0,0,0,0,0,0,0,0,0,-110000,0,0,0,27000,137000,-110000,-110000
05351P,臺股指元富95售05,0,0,0,0,0,0,0,0,0,-110000,0,0,0,0,110000,-110000,-110000
052732,新唐國泰97購01  ,0,0,0,0,0,0,0,0,0,-110000,0,0,0,0,110000,-110000,-110000
05843P,台積電元大96售16,0,0,0,0,0,0,0,0,0,-110000,0,0,0,40000,150000,-110000,-110000
06033P,可成凱基96售09  ,0,0,0,0,0,0,0,0,0,-110000,0,0,0,0,110000,-110000,-110000
056792,訊芯群益98購01  ,0,0,0,0,0,0,0,0,0,-111000,0,0,0,0,111000,-111000,-111000
056450,可成凱基98購05  ,0,0,0,0,0,0,0,0,0,-111000,0,0,0,76000,187000,-111000,-111000
057143,台郡兆豐98購01  ,0,0,0,0,0,0,0,0,0,-111000,0,0,0,56000,167000,-111000,-111000
045231,南電元大94購01  ,0,0,0,0,0,0,0,0,0,-111000,0,0,0,6000,117000,-111000,-111000
046248,技嘉群益93購02  ,0,0,0,0,0,0,0,0,0,-111000,0,0,0,144000,255000,-111000,-111000
04705P,臺股指統一95售02,0,0,0,0,0,0,0,0,0,-111000,0,0,0,10000,121000,-111000,-111000
051589,健鼎元大95購02  ,0,0,0,0,0,0,0,0,0,-111000,0,0,0,0,111000,-111000,-111000
052814,上証2X永豐96購02,0,0,0,0,0,0,0,0,0,-111000,0,0,0,345000,456000,-111000,-111000
053017,世紀鋼統一96購02,0,0,0,0,0,0,0,0,0,-111000,0,0,0,70000,181000,-111000,-111000
053511,鴻海群益96購04  ,0,0,0,0,0,0,0,0,0,-111000,0,0,0,11000,122000,-111000,-111000
053277,大立光元大96購04,0,0,0,0,0,0,0,0,0,-111000,0,0,0,14000,125000,-111000,-111000
054774,同欣電國票98購01,0,0,0,0,0,0,0,0,0,-111000,0,0,0,130000,241000,-111000,-111000
048002,景碩元大93購04  ,0,0,0,0,0,0,0,0,0,-112000,0,0,0,0,112000,-112000,-112000
045861,智邦統一93購02  ,0,0,0,0,0,0,0,0,0,-112000,0,0,0,0,112000,-112000,-112000
050712,和碩中信94購01  ,0,0,0,0,0,0,0,0,0,-112000,0,0,0,20000,132000,-112000,-112000
049782,世紀鋼統一94購01,0,0,0,0,0,0,0,0,0,-112000,0,0,0,0,112000,-112000,-112000
054746,貿聯凱基98購02  ,0,0,0,0,0,0,0,0,0,-112000,0,0,0,0,112000,-112000,-112000
054136,亞光元大96購04  ,0,0,0,0,0,0,0,0,0,-112000,0,0,0,59000,171000,-112000,-112000
053689,台光電元大96購01,0,0,0,0,0,0,0,0,0,-112000,0,0,0,0,112000,-112000,-112000
052880,台積電凱基96購06,0,0,0,0,0,0,0,0,0,-112000,0,0,0,10000,122000,-112000,-112000
1504,東元            ,1126269,1260000,-133731,0,0,0,4000,0,4000,17000,17000,0,17000,0,0,0,-112731
056805,元石油統一9B購01,0,0,0,0,0,0,0,0,0,-113000,0,0,0,18000,131000,-113000,-113000
056604,鴻海富邦9A購01  ,0,0,0,0,0,0,0,0,0,-113000,0,0,0,10000,123000,-113000,-113000
055586,旺宏元大98購06  ,0,0,0,0,0,0,0,0,0,-113000,0,0,0,0,113000,-113000,-113000
055371,正崴元大97購02  ,0,0,0,0,0,0,0,0,0,-113000,0,0,0,244000,357000,-113000,-113000
046061,中石化凱基98購01,0,0,0,0,0,0,0,0,0,-113000,0,0,0,148000,261000,-113000,-113000
050813,旺宏凱基96購01  ,0,0,0,0,0,0,0,0,0,-113000,0,0,0,12000,125000,-113000,-113000
049888,智邦國泰96購01  ,0,0,0,0,0,0,0,0,0,-113000,0,0,0,66000,179000,-113000,-113000
051622,和碩凱基96購01  ,0,0,0,0,0,0,0,0,0,-113000,0,0,0,66000,179000,-113000,-113000
050214,嘉晶台新94購01  ,0,0,0,0,0,0,0,0,0,-113000,0,0,0,38000,151000,-113000,-113000
053065,大立光群益96購01,0,0,0,0,0,0,0,0,0,-113000,0,0,0,15000,128000,-113000,-113000
053265,南亞科群益96購02,0,0,0,0,0,0,0,0,0,-113000,0,0,0,12000,125000,-113000,-113000
053862,南亞科元大97購02,0,0,0,0,0,0,0,0,0,-113000,0,0,0,55000,168000,-113000,-113000
054089,台積電群益96購11,0,0,0,0,0,0,0,0,0,-113000,0,0,0,6000,119000,-113000,-113000
049420,日電貿凱基94購01,0,0,0,0,0,0,0,0,0,-114000,0,0,0,12000,126000,-114000,-114000
051501,康友群益95購02  ,0,0,0,0,0,0,0,0,0,-114000,0,0,0,160000,274000,-114000,-114000
053866,景碩元大97購02  ,0,0,0,0,0,0,0,0,0,-114000,0,0,0,19000,133000,-114000,-114000
054346,世芯國票97購01  ,0,0,0,0,0,0,0,0,0,-114000,0,0,0,54000,168000,-114000,-114000
057627,和大永豐98購01  ,0,0,0,0,0,0,0,0,0,-114000,0,0,0,40000,154000,-114000,-114000
055275,台積電元大97購19,0,0,0,0,0,0,0,0,0,-115000,0,0,0,1332000,1447000,-115000,-115000
056544,貿聯凱基98購03  ,0,0,0,0,0,0,0,0,0,-115000,0,0,0,0,115000,-115000,-115000
05703P,矽力群益96售03  ,0,0,0,0,0,0,0,0,0,-115000,0,0,0,17000,132000,-115000,-115000
047741,鴻海統一93購06  ,0,0,0,0,0,0,0,0,0,-115000,0,0,0,0,115000,-115000,-115000
049961,GIS統一94購01   ,0,0,0,0,0,0,0,0,0,-115000,0,0,0,0,115000,-115000,-115000
051816,臺股指凱基95購07,0,0,0,0,0,0,0,0,0,-115000,0,0,0,0,115000,-115000,-115000
054826,復盛元大9A購01  ,0,0,0,0,0,0,0,0,0,-115000,0,0,0,56000,171000,-115000,-115000
053463,可成富邦98購01  ,0,0,0,0,0,0,0,0,0,-115000,0,0,0,82000,197000,-115000,-115000
052521,友達元大9B購01  ,0,0,0,0,0,0,0,0,0,-115000,0,0,0,245000,360000,-115000,-115000
06411P,晶相光永豐97售03,0,0,0,0,0,0,0,0,0,-115000,0,0,0,0,115000,-115000,-115000
055492,華新科元大97購08,0,0,0,0,0,0,0,0,0,-116000,0,0,0,245000,361000,-116000,-116000
056084,漢唐統一97購03  ,0,0,0,0,0,0,0,0,0,-116000,0,0,0,0,116000,-116000,-116000
051026,健策統一96購01  ,0,0,0,0,0,0,0,0,0,-116000,0,0,0,0,116000,-116000,-116000
048612,嘉晶凱基93購05  ,0,0,0,0,0,0,0,0,0,-116000,0,0,0,68000,184000,-116000,-116000
048653,巨大元大96購02  ,0,0,0,0,0,0,0,0,0,-116000,0,0,0,2000,118000,-116000,-116000
048145,大立光統一93購10,0,0,0,0,0,0,0,0,0,-116000,0,0,0,0,116000,-116000,-116000
046240,中鋼中信94購01  ,0,0,0,0,0,0,0,0,0,-116000,0,0,0,0,116000,-116000,-116000
01004T,土銀富邦R2      ,0,116000,-116000,0,0,0,0,0,0,0,0,0,0,0,0,0,-116000
052115,T50反1國票95購03,0,0,0,0,0,0,0,0,0,-116000,0,0,0,216000,332000,-116000,-116000
052250,光磊永豐95購01  ,0,0,0,0,0,0,0,0,0,-116000,0,0,0,0,116000,-116000,-116000
053020,貿聯元富96購01  ,0,0,0,0,0,0,0,0,0,-116000,0,0,0,20000,136000,-116000,-116000
052851,滬深2X元富96購02,0,0,0,0,0,0,0,0,0,-116000,0,0,0,106000,222000,-116000,-116000
054894,GIS統一97購01   ,0,0,0,0,0,0,0,0,0,-116000,0,0,0,54000,170000,-116000,-116000
053779,台光電元大96購02,0,0,0,0,0,0,0,0,0,-116000,0,0,0,11000,127000,-116000,-116000
054080,微星中信98購01  ,10000,0,10000,0,0,0,0,0,0,-126000,0,0,0,65000,191000,-126000,-116000
056009,奇力新中信98購03,0,0,0,0,0,0,0,0,0,-117000,0,0,0,423000,540000,-117000,-117000
055488,華邦電元大98購01,0,0,0,0,0,0,0,0,0,-117000,0,0,0,118000,235000,-117000,-117000
055384,緯穎元大98購02  ,0,0,0,0,0,0,0,0,0,-117000,0,0,0,48000,165000,-117000,-117000
055255,欣興統一97購02  ,0,0,0,0,0,0,0,0,0,-117000,0,0,0,238000,355000,-117000,-117000
051214,大立光統一95購02,0,0,0,0,0,0,0,0,0,-117000,0,0,0,0,117000,-117000,-117000
052828,滬深2X群益9A購02,0,0,0,0,0,0,0,0,0,-117000,0,0,0,20000,137000,-117000,-117000
053297,鎧勝中信98購01  ,0,0,0,0,0,0,0,0,0,-117000,0,0,0,0,117000,-117000,-117000
2421,建準            ,143000,254000,-111000,0,0,0,0,0,0,-6000,0,1000,-1000,0,5000,-5000,-117000
055168,光罩統一98購01  ,0,0,0,0,0,0,0,0,0,-118000,0,0,0,0,118000,-118000,-118000
055883,樺漢元富97購01  ,0,0,0,0,0,0,0,0,0,-118000,0,0,0,1000,119000,-118000,-118000
057335,技嘉國票99購01  ,0,0,0,0,0,0,0,0,0,-118000,0,0,0,0,118000,-118000,-118000
046476,鴻海統一96購01  ,0,0,0,0,0,0,0,0,0,-118000,0,0,0,49000,167000,-118000,-118000
047880,聯發科國泰94購03,0,0,0,0,0,0,0,0,0,-118000,0,0,0,0,118000,-118000,-118000
050661,景碩元大94購02  ,0,0,0,0,0,0,0,0,0,-118000,0,0,0,28000,146000,-118000,-118000
051480,大立光凱基97購01,0,0,0,0,0,0,0,0,0,-118000,0,0,0,3000,121000,-118000,-118000
053946,全新富邦97購02  ,0,0,0,0,0,0,0,0,0,-118000,0,0,0,0,118000,-118000,-118000
057561,大立光兆豐98購02,0,0,0,0,0,0,0,0,0,-118000,0,0,0,0,118000,-118000,-118000
057330,台積電國票99購03,0,0,0,0,0,0,0,0,0,-119000,0,0,0,78000,197000,-119000,-119000
056983,大立光群益99購02,0,0,0,0,0,0,0,0,0,-119000,0,0,0,8000,127000,-119000,-119000
055717,聯發科元大97購19,0,0,0,0,0,0,0,0,0,-119000,0,0,0,54000,173000,-119000,-119000
046878,康友國泰94購01  ,0,0,0,0,0,0,0,0,0,-119000,0,0,0,0,119000,-119000,-119000
051112,台郡統一95購01  ,0,0,0,0,0,0,0,0,0,-119000,0,0,0,92000,211000,-119000,-119000
049486,旺宏元大94購08  ,0,0,0,0,0,0,0,0,0,-119000,0,0,0,10000,129000,-119000,-119000
052809,訊芯元大97購01  ,0,0,0,0,0,0,0,0,0,-119000,0,0,0,89000,208000,-119000,-119000
052372,台泥元大95購02  ,0,0,0,0,0,0,0,0,0,-119000,0,0,0,9000,128000,-119000,-119000
05790P,臺股指永昌96售07,0,0,0,0,0,0,0,0,0,-119000,0,0,0,21000,140000,-119000,-119000
06263P,燿華凱基97售04  ,0,0,0,0,0,0,0,0,0,-119000,0,0,0,156000,275000,-119000,-119000
056244,群創群益98購09  ,0,0,0,0,0,0,0,0,0,-120000,0,0,0,0,120000,-120000,-120000
055308,聯發科群益97購04,0,0,0,0,0,0,0,0,0,-120000,0,0,0,0,120000,-120000,-120000
055335,健策兆豐98購01  ,0,0,0,0,0,0,0,0,0,-120000,0,0,0,0,120000,-120000,-120000
056847,佐登元富98購01  ,0,0,0,0,0,0,0,0,0,-120000,0,0,0,33000,153000,-120000,-120000
04655P,臺股指凱基94售14,0,0,0,0,0,0,0,0,0,-120000,0,0,0,0,120000,-120000,-120000
047923,聯發科凱基94購02,0,0,0,0,0,0,0,0,0,-120000,0,0,0,0,120000,-120000,-120000
048092,聯發科凱基93購29,0,0,0,0,0,0,0,0,0,-120000,0,0,0,0,120000,-120000,-120000
046134,致新國泰93購02  ,0,0,0,0,0,0,0,0,0,-120000,0,0,0,30000,150000,-120000,-120000
049179,高鐵凱基94購01  ,0,0,0,0,0,0,0,0,0,-120000,0,0,0,0,120000,-120000,-120000
050270,景碩元大94購01  ,0,0,0,0,0,0,0,0,0,-120000,0,0,0,25000,145000,-120000,-120000
051685,台光電凱基95購01,0,0,0,0,0,0,0,0,0,-120000,0,0,0,0,120000,-120000,-120000
051849,旺宏中信98購01  ,0,0,0,0,0,0,0,0,0,-120000,0,0,0,0,120000,-120000,-120000
051573,鴻海元大95購15  ,0,30000,-30000,0,0,0,0,0,0,-90000,0,0,0,30000,120000,-90000,-120000
051453,智伸科元大95購02,0,0,0,0,0,0,0,0,0,-120000,0,0,0,30000,150000,-120000,-120000
050947,聯發科群益95購01,0,0,0,0,0,0,0,0,0,-120000,0,0,0,0,120000,-120000,-120000
052490,禾伸堂國票95購01,0,0,0,0,0,0,0,0,0,-120000,0,0,0,10000,130000,-120000,-120000
05259P,臺股指凱基96售12,0,0,0,0,0,0,0,0,0,-120000,0,0,0,10000,130000,-120000,-120000
052877,矽創凱基96購01  ,0,0,0,0,0,0,0,0,0,-120000,0,0,0,0,120000,-120000,-120000
052982,鴻海元大97購06  ,0,0,0,0,0,0,0,0,0,-120000,0,0,0,30000,150000,-120000,-120000
06154P,超眾元大98售01  ,0,0,0,0,0,0,0,0,0,-120000,0,0,0,40000,160000,-120000,-120000
06525P,上証2X國泰99售01,0,0,0,0,0,0,0,0,0,-120000,0,0,0,10000,130000,-120000,-120000
2208,台船            ,71000,191000,-120000,0,0,0,0,0,0,0,0,0,0,0,0,0,-120000
2634,漢翔            ,265257,388000,-122743,0,0,0,1000,0,1000,1000,1000,0,1000,0,0,0,-120743
056984,嘉晶群益98購01  ,0,0,0,0,0,0,0,0,0,-121000,0,0,0,59000,180000,-121000,-121000
057274,友達元大98購03  ,0,0,0,0,0,0,0,0,0,-121000,0,0,0,126000,247000,-121000,-121000
055689,台郡凱基99購01  ,0,0,0,0,0,0,0,0,0,-121000,0,0,0,16000,137000,-121000,-121000
04846P,旺宏凱基94售07  ,0,0,0,0,0,0,0,0,0,-121000,0,0,0,0,121000,-121000,-121000
047919,技嘉凱基93購06  ,0,0,0,0,0,0,0,0,0,-121000,0,0,0,7000,128000,-121000,-121000
050179,全新元大96購02  ,0,0,0,0,0,0,0,0,0,-121000,0,0,0,0,121000,-121000,-121000
05174P,元金2X富邦9B售01,0,0,0,0,0,0,0,0,0,-121000,0,0,0,405000,526000,-121000,-121000
049157,矽創元大95購01  ,0,0,0,0,0,0,0,0,0,-121000,0,0,0,0,121000,-121000,-121000
051912,健鼎元大96購01  ,0,0,0,0,0,0,0,0,0,-121000,0,0,0,0,121000,-121000,-121000
053024,國巨富邦97購02  ,0,0,0,0,0,0,0,0,0,-121000,0,0,0,178000,299000,-121000,-121000
052893,聯電群益98購01  ,0,0,0,0,0,0,0,0,0,-121000,0,0,0,0,121000,-121000,-121000
055042,得力永豐97購01  ,0,0,0,0,0,0,0,0,0,-121000,0,0,0,30000,151000,-121000,-121000
055543,為升凱基97購01  ,0,0,0,0,0,0,0,0,0,-122000,0,0,0,31000,153000,-122000,-122000
044466,和大群益93購01  ,0,0,0,0,0,0,0,0,0,-122000,0,0,0,15000,137000,-122000,-122000
045984,亞光麥證93購02  ,0,0,0,12000,134000,-122000,0,0,0,-122000,0,0,0,12000,134000,-122000,-122000
053331,玉晶光永豐97購02,0,0,0,0,0,0,0,0,0,-122000,0,0,0,7000,129000,-122000,-122000
2915,潤泰全          ,269000,336000,-67000,0,0,0,0,5000,-5000,-50000,7000,43000,-36000,33000,47000,-14000,-122000
06552P,茂林元大99售02  ,0,0,0,0,0,0,0,0,0,-122000,0,0,0,5000,127000,-122000,-122000
05760P,京鼎永豐96售02  ,0,0,0,0,0,0,0,0,0,-122000,0,0,0,0,122000,-122000,-122000
047385,華邦電元大94購02,0,0,0,0,0,0,0,0,0,-123000,0,0,0,77000,200000,-123000,-123000
048045,上銀永豐93購02  ,0,0,0,0,0,0,0,0,0,-123000,0,0,0,179000,302000,-123000,-123000
048607,上銀凱基93購11  ,0,0,0,0,0,0,0,0,0,-123000,0,0,0,173000,296000,-123000,-123000
051634,大立光國票96購03,0,0,0,0,0,0,0,0,0,-123000,0,0,0,1000,124000,-123000,-123000
053188,旺宏統一97購03  ,0,0,0,0,0,0,0,0,0,-123000,0,0,0,3000,126000,-123000,-123000
054031,中鋼中信98購01  ,0,0,0,0,0,0,0,0,0,-123000,0,0,0,0,123000,-123000,-123000
2049,上銀            ,474000,530396,-56396,0,0,0,186000,0,186000,-253000,21000,109000,-88000,65000,230000,-165000,-123396
055150,台積電元大98購04,0,0,0,0,0,0,0,0,0,-124000,0,0,0,844000,968000,-124000,-124000
057038,元油2X元大9B購06,0,0,0,0,0,0,0,0,0,-124000,0,0,0,0,124000,-124000,-124000
056503,楠梓電永豐98購01,0,0,0,0,0,0,0,0,0,-124000,0,0,0,0,124000,-124000,-124000
051866,聯發科凱基96購05,0,0,0,0,0,0,0,0,0,-124000,0,0,0,10000,134000,-124000,-124000
052284,日月光凱基96購01,0,0,0,0,0,0,0,0,0,-124000,0,0,0,40000,164000,-124000,-124000
054520,健鼎元大96購02  ,0,0,0,0,0,0,0,0,0,-124000,0,0,0,0,124000,-124000,-124000
053302,國巨凱基96購10  ,0,0,0,0,0,0,0,0,0,-124000,0,0,0,77000,201000,-124000,-124000
056960,光罩永豐98購01  ,0,0,0,0,0,0,0,0,0,-125000,0,0,0,0,125000,-125000,-125000
055788,緯穎凱基97購04  ,0,0,0,0,0,0,0,0,0,-125000,0,0,0,0,125000,-125000,-125000
055871,群創台新97購02  ,0,0,0,0,0,0,0,0,0,-125000,0,0,0,0,125000,-125000,-125000
051007,台光電麥證95購01,0,0,0,10000,135000,-125000,0,0,0,-125000,0,0,0,10000,135000,-125000,-125000
050127,台積電凱基94購31,0,0,0,0,0,0,0,0,0,-125000,0,0,0,0,125000,-125000,-125000
052321,華擎元大95購01  ,0,0,0,0,0,0,0,0,0,-125000,0,0,0,13000,138000,-125000,-125000
049812,致伸元大94購03  ,0,0,0,0,0,0,0,0,0,-125000,0,0,0,22000,147000,-125000,-125000
051075,智邦國泰97購01  ,0,0,0,0,0,0,0,0,0,-125000,0,0,0,94000,219000,-125000,-125000
052833,康控群益96購01  ,0,0,0,0,0,0,0,0,0,-125000,0,0,0,63000,188000,-125000,-125000
054702,智邦第一97購01  ,0,0,0,0,0,0,0,0,0,-125000,0,0,0,30000,155000,-125000,-125000
06490P,鴻海富邦99售02  ,0,0,0,0,0,0,0,0,0,-125000,0,0,0,115000,240000,-125000,-125000
055164,矽創元大98購01  ,0,0,0,0,0,0,0,0,0,-126000,0,0,0,200000,326000,-126000,-126000
057354,聯鈞統一99購03  ,0,0,0,0,0,0,0,0,0,-126000,0,0,0,145000,271000,-126000,-126000
056628,矽創永豐98購01  ,0,0,0,0,0,0,0,0,0,-126000,0,0,0,146000,272000,-126000,-126000
046869,聯發科統一95購01,0,0,0,0,0,0,0,0,0,-126000,0,0,0,100000,226000,-126000,-126000
049404,訊芯群益94購02  ,0,0,0,0,0,0,0,0,0,-126000,0,0,0,0,126000,-126000,-126000
051058,景碩群益96購01  ,0,0,0,0,0,0,0,0,0,-126000,0,0,0,39000,165000,-126000,-126000
054161,友訊凱基98購01  ,0,0,0,0,0,0,0,0,0,-126000,0,0,0,43000,169000,-126000,-126000
5434,崇越            ,245000,375000,-130000,0,0,0,0,0,0,4000,6000,5000,1000,9000,6000,3000,-126000
1417,嘉裕            ,7000,133506,-126506,0,0,0,0,0,0,0,0,0,0,0,0,0,-126506
056515,燿華兆豐99購01  ,0,0,0,0,0,0,0,0,0,-127000,0,0,0,0,127000,-127000,-127000
057135,立積凱基98購01  ,0,0,0,0,0,0,0,0,0,-127000,0,0,0,0,127000,-127000,-127000
056194,聯發科富邦9B購01,0,0,0,0,0,0,0,0,0,-127000,0,0,0,13000,140000,-127000,-127000
046790,康友永豐93購01  ,0,0,0,0,0,0,0,0,0,-127000,0,0,0,0,127000,-127000,-127000
051104,鈺齊元大96購01  ,0,0,0,0,0,0,0,0,0,-127000,0,0,0,19000,146000,-127000,-127000
049587,美律元大95購01  ,0,0,0,0,0,0,0,0,0,-127000,0,0,0,10000,137000,-127000,-127000
052569,聯發科凱基96購08,0,0,0,0,0,0,0,0,0,-127000,0,0,0,155000,282000,-127000,-127000
053562,玉晶光國泰98購02,0,0,0,0,0,0,0,0,0,-127000,0,0,0,34000,161000,-127000,-127000
056639,國產康和98購01  ,0,0,0,0,0,0,0,0,0,-128000,0,0,0,0,128000,-128000,-128000
056622,高鐵永豐98購01  ,0,0,0,0,0,0,0,0,0,-128000,0,0,0,0,128000,-128000,-128000
046717,世紀鋼國泰94購01,0,0,0,0,0,0,0,0,0,-128000,0,0,0,0,128000,-128000,-128000
051119,光寶科群益95購01,0,0,0,0,0,0,0,0,0,-128000,0,0,0,0,128000,-128000,-128000
052274,大立光群益95購03,0,0,0,0,0,0,0,0,0,-128000,0,0,0,20000,148000,-128000,-128000
051946,健策統一98購01  ,0,0,0,0,0,0,0,0,0,-128000,0,0,0,612000,740000,-128000,-128000
049717,微星凱基94購01  ,0,0,0,0,0,0,0,0,0,-128000,0,0,0,9000,137000,-128000,-128000
050342,華通元富94購02  ,0,0,0,0,0,0,0,0,0,-128000,0,0,0,0,128000,-128000,-128000
050852,矽創國票95購02  ,0,0,0,0,0,0,0,0,0,-128000,0,0,0,0,128000,-128000,-128000
4540,全球傳動        ,61000,189000,-128000,0,0,0,0,0,0,0,0,0,0,0,0,0,-128000
056585,台積電統一9A購01,0,0,0,0,0,0,0,0,0,-129000,0,0,0,156000,285000,-129000,-129000
056245,嘉澤群益97購01  ,0,0,0,0,0,0,0,0,0,-129000,0,0,0,35000,164000,-129000,-129000
055163,訊芯元大98購01  ,0,0,0,0,0,0,0,0,0,-129000,0,0,0,37000,166000,-129000,-129000
055628,旺宏永豐97購01  ,0,0,0,0,0,0,0,0,0,-129000,0,0,0,0,129000,-129000,-129000
054209,台積電國票97購08,0,0,0,0,0,0,0,0,0,-129000,0,0,0,96000,225000,-129000,-129000
054689,華新科永豐97購01,0,0,0,0,0,0,0,0,0,-129000,0,0,0,329000,458000,-129000,-129000
057505,健策麥證98購01  ,0,0,0,0,129000,-129000,0,0,0,-129000,0,0,0,0,129000,-129000,-129000
056250,瑞昱兆豐97購02  ,0,0,0,0,0,0,0,0,0,-130000,0,0,0,30000,160000,-130000,-130000
055929,聯發科群益97購05,0,0,0,0,0,0,0,0,0,-130000,0,0,0,0,130000,-130000,-130000
051001,緯穎元大96購02  ,0,0,0,0,0,0,0,0,0,-130000,0,0,0,91000,221000,-130000,-130000
047055,旭富國票93購01  ,0,0,0,0,0,0,0,0,0,-130000,0,0,0,5000,135000,-130000,-130000
048480,FB上証中信94購01,0,0,0,0,0,0,0,0,0,-130000,0,0,0,20000,150000,-130000,-130000
042919,GIS元大93購01   ,0,0,0,0,0,0,0,0,0,-130000,0,0,0,0,130000,-130000,-130000
041546,群創統一93購01  ,0,0,0,0,0,0,0,0,0,-130000,0,0,0,0,130000,-130000,-130000
050913,全新中信97購01  ,0,0,0,0,0,0,0,0,0,-130000,0,0,0,0,130000,-130000,-130000
051252,健鼎元大95購01  ,0,0,0,0,0,0,0,0,0,-130000,0,0,0,3000,133000,-130000,-130000
050274,GIS元大94購05   ,0,0,0,0,0,0,0,0,0,-130000,0,0,0,120000,250000,-130000,-130000
052223,聯電凱基96購02  ,0,0,0,0,0,0,0,0,0,-130000,0,0,0,68000,198000,-130000,-130000
049638,A50反1凱基94購01,0,0,0,0,0,0,0,0,0,-130000,0,0,0,0,130000,-130000,-130000
051343,鴻海元大95購07  ,0,0,0,0,0,0,0,0,0,-130000,0,0,0,73000,203000,-130000,-130000
049933,GIS元大95購01   ,0,0,0,0,0,0,0,0,0,-130000,0,0,0,20000,150000,-130000,-130000
052455,樺漢元大96購03  ,0,0,0,0,0,0,0,0,0,-130000,0,0,0,0,130000,-130000,-130000
053039,聯發科凱基96購11,0,0,0,0,0,0,0,0,0,-130000,0,0,0,50000,180000,-130000,-130000
03050X,元展47          ,0,0,0,0,0,0,0,0,0,-131000,0,0,0,5000,136000,-131000,-131000
047670,矽力永豐93購01  ,0,0,0,0,0,0,0,0,0,-131000,0,0,0,30000,161000,-131000,-131000
052207,台郡中信95購02  ,0,0,0,0,0,0,0,0,0,-131000,0,0,0,175000,306000,-131000,-131000
052764,景碩群益98購01  ,0,0,0,0,0,0,0,0,0,-131000,0,0,0,7000,138000,-131000,-131000
05333P,臺股指國票95售02,0,0,0,0,0,0,0,0,0,-131000,0,0,0,0,131000,-131000,-131000
054235,欣興群益96購06  ,0,0,0,0,0,0,0,0,0,-131000,0,0,0,1000,132000,-131000,-131000
06179P,國巨群益97售04  ,0,0,0,0,0,0,0,0,0,-131000,0,0,0,104000,235000,-131000,-131000
04032P,聯茂凱基94售02  ,0,0,0,0,0,0,0,0,0,-132000,0,0,0,118000,250000,-132000,-132000
045517,元油2X元富98購01,0,0,0,0,0,0,0,0,0,-132000,0,0,0,195000,327000,-132000,-132000
047222,鴻海凱基94購04  ,0,0,0,0,0,0,0,0,0,-132000,0,0,0,25000,157000,-132000,-132000
052208,力成麥證95購01  ,0,0,0,50000,182000,-132000,0,0,0,-132000,0,0,0,50000,182000,-132000,-132000
054576,健策元大98購03  ,0,0,0,0,0,0,0,0,0,-132000,0,0,0,112000,244000,-132000,-132000
053099,正崴元富96購01  ,0,0,0,0,0,0,0,0,0,-132000,0,0,0,0,132000,-132000,-132000
045958,技嘉凱基93購04  ,0,0,0,0,0,0,0,0,0,-133000,0,0,0,2000,135000,-133000,-133000
050704,復盛凱基94購03  ,0,0,0,0,0,0,0,0,0,-133000,0,0,0,81000,214000,-133000,-133000
049134,為升元大95購01  ,0,0,0,0,0,0,0,0,0,-133000,0,0,0,93000,226000,-133000,-133000
053384,聯發科元大96購13,0,0,0,0,0,0,0,0,0,-133000,0,0,0,131000,264000,-133000,-133000
053002,鴻海永豐96購01  ,0,0,0,0,0,0,0,0,0,-133000,0,0,0,0,133000,-133000,-133000
05401P,聯茂永豐95售03  ,0,0,0,0,0,0,0,0,0,-133000,0,0,0,28000,161000,-133000,-133000
2417,圓剛            ,146000,281000,-135000,0,0,0,0,0,0,2000,2000,0,2000,0,0,0,-133000
055690,矽力凱基97購02  ,0,0,0,0,0,0,0,0,0,-134000,0,0,0,77000,211000,-134000,-134000
056329,上銀國票98購02  ,0,0,0,0,0,0,0,0,0,-134000,0,0,0,51000,185000,-134000,-134000
049716,台積電凱基94購24,0,0,0,0,0,0,0,0,0,-134000,0,0,0,0,134000,-134000,-134000
050467,力成中信94購01  ,0,0,0,0,0,0,0,0,0,-134000,0,0,0,226000,360000,-134000,-134000
2913,農林            ,61000,215000,-154000,0,0,0,0,0,0,20000,0,2000,-2000,22000,0,22000,-134000
056457,嘉澤凱基98購01  ,0,0,0,0,0,0,0,0,0,-135000,0,0,0,7000,142000,-135000,-135000
056609,楠梓電永豐98購02,0,0,0,0,0,0,0,0,0,-135000,0,0,0,3000,138000,-135000,-135000
055342,鴻海凱基97購04  ,0,0,0,0,0,0,0,0,0,-135000,0,0,0,25000,160000,-135000,-135000
04690P,國巨群益94售06  ,0,0,0,0,0,0,0,0,0,-135000,0,0,0,0,135000,-135000,-135000
049583,台積電元大95購04,0,0,0,0,0,0,0,0,0,-135000,0,0,0,512000,647000,-135000,-135000
2204,中華            ,274000,410000,-136000,0,0,0,1000,0,1000,0,0,0,0,0,0,0,-135000
055109,正崴凱基98購01  ,0,0,0,0,0,0,0,0,0,-136000,0,0,0,0,136000,-136000,-136000
055445,旺宏統一99購01  ,0,0,0,0,0,0,0,0,0,-136000,0,0,0,0,136000,-136000,-136000
056862,聯發科群益98購03,0,0,0,0,0,0,0,0,0,-136000,0,0,0,1000,137000,-136000,-136000
049446,為升統一94購01  ,0,0,0,0,0,0,0,0,0,-136000,0,0,0,0,136000,-136000,-136000
049451,富邦金統一94購03,0,0,0,0,0,0,0,0,0,-136000,0,0,0,0,136000,-136000,-136000
053966,旺宏元大96購08  ,0,0,0,0,0,0,0,0,0,-136000,0,0,0,243000,379000,-136000,-136000
053415,聯茂國票97購01  ,0,0,0,0,0,0,0,0,0,-136000,0,0,0,0,136000,-136000,-136000
053701,台積電兆豐96購05,0,0,0,0,0,0,0,0,0,-136000,0,0,0,298000,434000,-136000,-136000
056461,樺漢凱基98購02  ,0,0,0,0,0,0,0,0,0,-137000,0,0,0,38000,175000,-137000,-137000
057182,禾伸堂元大99購02,0,0,0,0,0,0,0,0,0,-137000,0,0,0,85000,222000,-137000,-137000
057058,祥碩元大98購04  ,0,0,0,0,0,0,0,0,0,-137000,0,0,0,104000,241000,-137000,-137000
055964,正文元大97購02  ,0,0,0,0,0,0,0,0,0,-137000,0,0,0,129000,266000,-137000,-137000
04541P,智易永豐94售03  ,0,0,0,0,0,0,0,0,0,-137000,0,0,0,0,137000,-137000,-137000
052936,華通兆豐98購01  ,0,0,0,0,0,0,0,0,0,-137000,0,0,0,0,137000,-137000,-137000
054926,神達凱基98購01  ,0,0,0,0,0,0,0,0,0,-137000,0,0,0,322000,459000,-137000,-137000
06376P,上銀統一99售01  ,0,0,0,0,0,0,0,0,0,-137000,0,0,0,0,137000,-137000,-137000
056163,嘉聯益凱基98購03,0,0,0,0,0,0,0,0,0,-138000,0,0,0,40000,178000,-138000,-138000
056056,旺宏元大97購06  ,0,0,0,0,0,0,0,0,0,-138000,0,0,0,53000,191000,-138000,-138000
055370,旺宏元大97購05  ,0,0,0,0,0,0,0,0,0,-138000,0,0,0,15000,153000,-138000,-138000
056335,微星凱基98購01  ,0,0,0,0,0,0,0,0,0,-138000,0,0,0,184000,322000,-138000,-138000
056376,玉晶光統一98購01,0,0,0,0,0,0,0,0,0,-138000,0,0,0,90000,228000,-138000,-138000
04778P,可成凱基94售10  ,0,0,0,0,0,0,0,0,0,-138000,0,0,0,27000,165000,-138000,-138000
051299,致茂凱基95購01  ,0,0,0,0,0,0,0,0,0,-138000,0,0,0,76000,214000,-138000,-138000
05160P,國巨國票96售03  ,0,0,0,0,0,0,0,0,0,-138000,0,0,0,0,138000,-138000,-138000
049561,道瓊銀統一96購01,0,0,0,0,0,0,0,0,0,-138000,0,0,0,30000,168000,-138000,-138000
054232,台積電群益96購12,0,0,0,0,0,0,0,0,0,-138000,0,0,0,3000,141000,-138000,-138000
056296,旺宏元大97購07  ,0,0,0,0,0,0,0,0,0,-139000,0,0,0,68000,207000,-139000,-139000
056566,臻鼎群益98購01  ,0,0,0,0,0,0,0,0,0,-139000,0,0,0,22000,161000,-139000,-139000
055590,聯發科元大98購02,0,0,0,0,0,0,0,0,0,-139000,0,0,0,733000,872000,-139000,-139000
055980,祥碩統一98購01  ,0,0,0,0,0,0,0,0,0,-139000,0,0,0,298000,437000,-139000,-139000
048689,台光電群益94購01,0,0,0,0,0,0,0,0,0,-139000,0,0,0,0,139000,-139000,-139000
8422,可寧衛          ,77000,217000,-140000,0,0,0,0,0,0,1000,1000,0,1000,0,0,0,-139000
05619P,創意元富96售02  ,0,0,0,0,0,0,0,0,0,-140000,0,0,0,0,140000,-140000,-140000
055917,禾伸堂凱基98購02,0,0,0,0,0,0,0,0,0,-140000,0,0,0,20000,160000,-140000,-140000
055692,緯穎凱基97購03  ,0,0,0,0,0,0,0,0,0,-140000,0,0,0,0,140000,-140000,-140000
056480,京鼎元大98購02  ,0,0,0,0,0,0,0,0,0,-140000,0,0,0,10000,150000,-140000,-140000
057244,鈺齊凱基99購01  ,0,0,0,0,0,0,0,0,0,-140000,0,0,0,16000,156000,-140000,-140000
048566,上海銀元大93購04,0,0,0,0,0,0,0,0,0,-140000,0,0,0,18000,158000,-140000,-140000
050120,GIS元大95購02   ,0,0,0,0,0,0,0,0,0,-140000,0,0,0,20000,160000,-140000,-140000
051488,健策凱基96購04  ,0,0,0,0,0,0,0,0,0,-140000,0,0,0,881000,1021000,-140000,-140000
052288,敦南統一95購01  ,0,0,0,0,0,0,0,0,0,-140000,0,0,0,0,140000,-140000,-140000
051655,欣興元富95購04  ,0,0,0,0,0,0,0,0,0,-140000,0,0,0,0,140000,-140000,-140000
049307,上銀凱基94購03  ,0,0,0,0,0,0,0,0,0,-140000,0,0,0,33000,173000,-140000,-140000
054257,揚明光元大96購02,0,0,0,0,0,0,0,0,0,-140000,0,0,0,20000,160000,-140000,-140000
05277P,深中小統一95售02,0,0,0,0,0,0,0,0,0,-140000,0,0,0,0,140000,-140000,-140000
053760,牧德國泰98購01  ,0,0,0,0,0,0,0,0,0,-140000,0,0,0,234000,374000,-140000,-140000
05654P,台光電統一96售01,0,0,0,0,0,0,0,0,0,-141000,0,0,0,12000,153000,-141000,-141000
047408,嘉晶統一95購01  ,0,0,0,0,0,0,0,0,0,-141000,0,0,0,131000,272000,-141000,-141000
05171P,臺股指元大95售15,0,0,0,0,0,0,0,0,0,-141000,0,0,0,0,141000,-141000,-141000
049141,旺宏元大95購01  ,0,0,0,0,0,0,0,0,0,-141000,0,0,0,3000,144000,-141000,-141000
052885,高鐵兆豐98購01  ,0,0,0,0,0,0,0,0,0,-141000,0,0,0,0,141000,-141000,-141000
057276,全新元大99購03  ,0,0,0,0,0,0,0,0,0,-142000,0,0,0,28000,170000,-142000,-142000
046949,群創元大99購01  ,0,0,0,0,0,0,0,0,0,-142000,0,0,0,260000,402000,-142000,-142000
051201,台積電麥證95購02,0,0,0,28000,160000,-132000,0,0,0,-142000,0,0,0,28000,170000,-142000,-142000
06295P,國巨元大97售14  ,0,0,0,0,0,0,0,0,0,-142000,0,0,0,3000,145000,-142000,-142000
06029P,聯發科台新96售02,0,0,0,0,0,0,0,0,0,-142000,0,0,0,14000,156000,-142000,-142000
056978,技嘉群益99購01  ,0,0,0,0,0,0,0,0,0,-143000,0,0,0,52000,195000,-143000,-143000
051843,聯發科富邦99購01,0,0,0,0,0,0,0,0,0,-143000,0,0,0,572000,715000,-143000,-143000
051470,玉晶光日盛95購01,0,0,0,0,0,0,0,0,0,-143000,0,0,0,29000,172000,-143000,-143000
051363,矽創元大95購03  ,0,0,0,0,0,0,0,0,0,-143000,0,0,0,0,143000,-143000,-143000
053650,華邦電凱基98購01,0,0,0,0,0,0,0,0,0,-143000,0,0,0,132000,275000,-143000,-143000
6715,嘉基            ,55000,138000,-83000,0,0,0,0,0,0,-60000,0,60000,-60000,0,0,0,-143000
057026,長榮航凱基98購01,0,0,0,0,0,0,0,0,0,-144000,0,0,0,211000,355000,-144000,-144000
050998,訊連元大95購01  ,0,0,0,0,0,0,0,0,0,-144000,0,0,0,25000,169000,-144000,-144000
049325,智邦元富94購02  ,0,0,0,0,0,0,0,0,0,-144000,0,0,0,130000,274000,-144000,-144000
053268,日月光群益96購01,0,0,0,0,0,0,0,0,0,-144000,0,0,0,97000,241000,-144000,-144000
054987,凱美元富97購01  ,0,0,0,0,0,0,0,0,0,-144000,0,0,0,62000,206000,-144000,-144000
054756,世紀鋼凱基99購01,0,0,0,0,0,0,0,0,0,-144000,0,0,0,0,144000,-144000,-144000
055338,GIS兆豐97購01   ,0,0,0,0,0,0,0,0,0,-145000,0,0,0,62000,207000,-145000,-145000
055328,鈺齊國票98購01  ,0,0,0,0,0,0,0,0,0,-145000,0,0,0,86000,231000,-145000,-145000
046906,新光金凱基99購02,0,0,0,0,0,0,0,0,0,-145000,0,0,0,100000,245000,-145000,-145000
048582,國泰金富邦93購01,0,0,0,0,0,0,0,0,0,-145000,0,0,0,8000,153000,-145000,-145000
048435,致新國票93購01  ,0,0,0,0,0,0,0,0,0,-145000,0,0,0,0,145000,-145000,-145000
054581,訊芯元大97購02  ,0,0,0,0,0,0,0,0,0,-145000,0,0,0,125000,270000,-145000,-145000
054585,禾伸堂國泰99購01,0,0,0,0,0,0,0,0,0,-145000,0,0,0,10000,155000,-145000,-145000
054993,南亞科元富97購03,0,0,0,0,0,0,0,0,0,-145000,0,0,0,522000,667000,-145000,-145000
054001,康友群益96購02  ,0,0,0,0,0,0,0,0,0,-145000,0,0,0,140000,285000,-145000,-145000
053126,健策凱基97購02  ,0,0,0,0,0,0,0,0,0,-145000,0,0,0,138000,283000,-145000,-145000
053137,旺宏富邦98購01  ,0,0,0,0,0,0,0,0,0,-145000,0,0,0,0,145000,-145000,-145000
06379P,群創統一97售05  ,0,0,0,0,0,0,0,0,0,-145000,0,0,0,189000,334000,-145000,-145000
06444P,大立光凱基98售08,0,0,0,0,0,0,0,0,0,-145000,0,0,0,22000,167000,-145000,-145000
055790,南電凱基97購01  ,0,0,0,0,0,0,0,0,0,-146000,0,0,0,155000,301000,-146000,-146000
056201,華新科永豐98購01,0,0,0,0,0,0,0,0,0,-146000,0,0,0,70000,216000,-146000,-146000
051031,康友元富95購02  ,0,0,0,0,0,0,0,0,0,-146000,0,0,0,70000,216000,-146000,-146000
053242,聯電國票96購04  ,0,0,0,0,0,0,0,0,0,-146000,0,0,0,19000,165000,-146000,-146000
056279,新日興富邦99購01,0,0,0,0,0,0,0,0,0,-147000,0,0,0,88000,235000,-147000,-147000
055221,矽創凱基97購02  ,0,0,0,0,0,0,0,0,0,-147000,0,0,0,1000,148000,-147000,-147000
055421,玉晶光永豐98購04,0,0,0,0,0,0,0,0,0,-147000,0,0,0,3000,150000,-147000,-147000
048575,旺宏國泰94購04  ,0,0,0,0,0,0,0,0,0,-147000,0,0,0,7000,154000,-147000,-147000
054100,致伸國票97購03  ,0,0,0,0,0,0,0,0,0,-147000,0,0,0,13000,160000,-147000,-147000
054410,國巨元大96購14  ,0,0,0,0,0,0,0,0,0,-147000,0,0,0,115000,262000,-147000,-147000
055212,和大凱基97購02  ,0,0,0,0,0,0,0,0,0,-148000,0,0,0,26000,174000,-148000,-148000
056073,智伸科元大97購01,0,0,0,0,0,0,0,0,0,-148000,0,0,0,0,148000,-148000,-148000
056947,國巨統一9A購01  ,0,0,0,0,0,0,0,0,0,-148000,0,0,0,10000,158000,-148000,-148000
046672,聯茂元大93購01  ,0,0,0,0,0,0,0,0,0,-148000,0,0,0,1000,149000,-148000,-148000
049263,大立光元大94購10,0,0,0,0,0,0,0,0,0,-148000,0,0,0,0,148000,-148000,-148000
050450,富邦金元大94購03,0,0,0,0,0,0,0,0,0,-148000,0,0,0,0,148000,-148000,-148000
049889,欣興國泰96購01  ,0,0,0,0,0,0,0,0,0,-148000,0,0,0,8000,156000,-148000,-148000
056349,道瓊銀元大9B購01,0,0,0,0,0,0,0,0,0,-149000,0,0,0,1000,150000,-149000,-149000
056027,樺漢群益97購02  ,0,0,0,0,0,0,0,0,0,-149000,0,0,0,1000,150000,-149000,-149000
056040,亞光凱基98購01  ,0,0,0,0,0,0,0,0,0,-149000,0,0,0,30000,179000,-149000,-149000
055662,上銀中信99購01  ,0,0,0,0,0,0,0,0,0,-149000,0,0,0,247000,396000,-149000,-149000
049885,緯穎永豐94購01  ,0,0,0,0,0,0,0,0,0,-149000,0,0,0,22000,171000,-149000,-149000
054284,和大元大96購03  ,0,0,0,0,0,0,0,0,0,-149000,0,0,0,24000,173000,-149000,-149000
2451,創見            ,161000,89000,72000,0,0,0,0,176000,-176000,-45000,3000,15000,-12000,0,33000,-33000,-149000
055596,新光金元大9B購02,0,0,0,0,0,0,0,0,0,-150000,0,0,0,30000,180000,-150000,-150000
055896,南電統一97購02  ,0,0,0,0,0,0,0,0,0,-150000,0,0,0,0,150000,-150000,-150000
055875,光罩元富97購02  ,0,0,0,0,0,0,0,0,0,-150000,0,0,0,0,150000,-150000,-150000
056315,同欣電元大97購05,0,0,0,0,0,0,0,0,0,-150000,0,0,0,117000,267000,-150000,-150000
05692P,聯發科中信9A售02,0,0,0,0,0,0,0,0,0,-150000,0,0,0,100000,250000,-150000,-150000
051138,訊連永豐95購01  ,0,0,0,0,0,0,0,0,0,-150000,0,0,0,0,150000,-150000,-150000
048329,台積電永昌93購07,0,0,0,0,0,0,0,0,0,-150000,0,0,0,0,150000,-150000,-150000
03064P,台灣50群益01售14,0,0,0,0,0,0,0,0,0,-150000,0,0,0,100000,250000,-150000,-150000
049884,訊芯永豐94購01  ,0,0,0,0,0,0,0,0,0,-150000,0,0,0,0,150000,-150000,-150000
05140P,台表科國票96售01,0,0,0,0,0,0,0,0,0,-150000,0,0,0,0,150000,-150000,-150000
052167,亞泥元大96購01  ,0,0,0,0,0,0,0,0,0,-150000,0,0,0,0,150000,-150000,-150000
049305,元油2X凱基95購06,0,0,0,0,0,0,0,0,0,-150000,0,0,0,0,150000,-150000,-150000
050195,上海銀元大94購03,0,0,0,0,0,0,0,0,0,-150000,0,0,0,21000,171000,-150000,-150000
049371,可成元大94購04  ,0,0,0,0,0,0,0,0,0,-150000,0,0,0,0,150000,-150000,-150000
054355,上海銀富邦98購01,0,0,0,0,0,0,0,0,0,-150000,0,0,0,0,150000,-150000,-150000
053844,GIS統一96購01   ,0,0,0,0,0,0,0,0,0,-150000,0,0,0,58000,208000,-150000,-150000
052898,樺漢群益96購01  ,0,0,0,0,0,0,0,0,0,-150000,0,0,0,169000,319000,-150000,-150000
06597P,國巨富邦9A售05  ,0,0,0,0,0,0,0,0,0,-150000,0,0,0,20000,170000,-150000,-150000
05992P,華通元大96售05  ,0,0,0,0,0,0,0,0,0,-150000,0,0,0,0,150000,-150000,-150000
06261P,上銀凱基97售03  ,0,0,0,0,0,0,0,0,0,-150000,0,0,0,0,150000,-150000,-150000
057574,中磊永豐98購01  ,0,0,0,0,0,0,0,0,0,-150000,0,0,0,0,150000,-150000,-150000
057403,亞光群益98購04  ,0,0,0,0,0,0,0,0,0,-151000,0,0,0,0,151000,-151000,-151000
056547,臻鼎凱基99購01  ,0,0,0,0,0,0,0,0,0,-151000,0,0,0,137000,288000,-151000,-151000
055723,康控元大97購04  ,0,0,0,0,0,0,0,0,0,-151000,0,0,0,150000,301000,-151000,-151000
056187,京鼎統一97購01  ,0,0,0,0,0,0,0,0,0,-151000,0,0,0,0,151000,-151000,-151000
055427,技嘉群益98購01  ,0,0,0,0,0,0,0,0,0,-151000,0,0,0,4000,155000,-151000,-151000
050783,旺宏國泰96購02  ,0,0,0,0,0,0,0,0,0,-151000,0,0,0,243000,394000,-151000,-151000
051566,鴻海富邦95購05  ,0,0,0,0,0,0,0,0,0,-151000,0,0,0,0,151000,-151000,-151000
050616,潤泰全元大94購01,0,0,0,0,0,0,0,0,0,-151000,0,0,0,0,151000,-151000,-151000
050778,瑞儀元大96購01  ,0,0,0,0,0,0,0,0,0,-151000,0,0,0,299000,450000,-151000,-151000
049799,旺宏元大96購01  ,0,0,0,0,0,0,0,0,0,-151000,0,0,0,10000,161000,-151000,-151000
05289P,鴻海永豐95售05  ,0,0,0,0,0,0,0,0,0,-151000,0,0,0,45000,196000,-151000,-151000
053441,旺宏凱基98購01  ,0,0,0,0,0,0,0,0,0,-151000,0,0,0,41000,192000,-151000,-151000
053938,彩晶元富96購01  ,0,0,0,0,0,0,0,0,0,-151000,0,0,0,0,151000,-151000,-151000
6230,超眾            ,10000,161000,-151000,0,0,0,0,0,0,0,7000,8000,-1000,15000,14000,1000,-151000
056136,京鼎元大98購01  ,0,0,0,0,0,0,0,0,0,-152000,0,0,0,3000,155000,-152000,-152000
03314P,台積電元大02售16,0,0,0,0,0,0,0,0,0,-152000,0,0,0,0,152000,-152000,-152000
00646,元大S&P500      ,0,0,0,0,0,0,0,0,0,-152000,0,0,0,10000,162000,-152000,-152000
050642,和大凱基94購03  ,0,0,0,0,0,0,0,0,0,-152000,0,0,0,35000,187000,-152000,-152000
052043,瑞昱日盛95購01  ,0,0,0,0,0,0,0,0,0,-152000,0,0,0,126000,278000,-152000,-152000
051297,台積電凱基95購07,0,0,0,0,0,0,0,0,0,-152000,0,0,0,108000,260000,-152000,-152000
050902,南電元大96購01  ,0,0,0,0,0,0,0,0,0,-152000,0,0,0,3000,155000,-152000,-152000
050199,南電元大94購09  ,0,0,0,0,0,0,0,0,0,-152000,0,0,0,6000,158000,-152000,-152000
054793,牧德群益9A購01  ,0,0,0,0,0,0,0,0,0,-152000,0,0,0,145000,297000,-152000,-152000
053342,全新國票99購01  ,0,0,0,0,0,0,0,0,0,-152000,0,0,0,59000,211000,-152000,-152000
053366,樺漢國泰98購01  ,0,0,0,0,0,0,0,0,0,-152000,0,0,0,244000,396000,-152000,-152000
057520,元油2X元大98購15,0,0,0,0,0,0,0,0,0,-152000,0,0,0,0,152000,-152000,-152000
1218,泰山            ,14000,165000,-151000,0,0,0,0,0,0,-1000,0,1000,-1000,0,0,0,-152000
05527P,聯茂群益96售01  ,0,0,0,0,0,0,0,0,0,-153000,0,0,0,33000,186000,-153000,-153000
044801,微星凱基93購01  ,0,0,0,0,0,0,0,0,0,-153000,0,0,0,0,153000,-153000,-153000
1723,中碳            ,37000,190000,-153000,0,0,0,0,0,0,0,0,0,0,0,0,0,-153000
9939,宏全            ,136000,148000,-12000,0,0,0,0,0,0,-141000,24000,166000,-142000,1000,0,1000,-153000
055728,緯穎元大97購03  ,0,0,0,0,0,0,0,0,0,-154000,0,0,0,83000,237000,-154000,-154000
05740P,宏達電元富96售01,0,0,0,0,0,0,0,0,0,-154000,0,0,0,0,154000,-154000,-154000
056966,嘉晶永豐98購01  ,0,0,0,0,0,0,0,0,0,-154000,0,0,0,78000,232000,-154000,-154000
051392,玉山金兆豐95購01,0,0,0,0,0,0,0,0,0,-154000,0,0,0,387000,541000,-154000,-154000
052882,南電凱基96購02  ,0,0,0,0,0,0,0,0,0,-154000,0,0,0,10000,164000,-154000,-154000
2404,漢唐            ,154000,302000,-148000,0,0,0,0,5000,-5000,-1000,1000,4000,-3000,22000,20000,2000,-154000
056310,神達元大97購02  ,0,0,0,0,0,0,0,0,0,-155000,0,0,0,1095000,1250000,-155000,-155000
056112,勤誠永豐97購02  ,0,0,0,0,0,0,0,0,0,-155000,0,0,0,300000,455000,-155000,-155000
055197,致新元富97購02  ,0,0,0,0,0,0,0,0,0,-155000,0,0,0,60000,215000,-155000,-155000
051777,聯發科群益95購04,0,0,0,0,0,0,0,0,0,-155000,0,0,0,15000,170000,-155000,-155000
052862,正崴凱基96購01  ,0,0,0,0,0,0,0,0,0,-155000,0,0,0,0,155000,-155000,-155000
05268P,玉晶光元大98售01,0,0,0,0,0,0,0,0,0,-155000,0,0,0,210000,365000,-155000,-155000
055614,華新科國票97購02,0,0,0,0,0,0,0,0,0,-156000,0,0,0,133000,289000,-156000,-156000
046268,嘉晶凱基93購02  ,0,0,0,0,0,0,0,0,0,-156000,0,0,0,0,156000,-156000,-156000
048249,嘉澤兆豐94購01  ,0,0,0,0,0,0,0,0,0,-156000,0,0,0,0,156000,-156000,-156000
050477,矽力永豐94購01  ,0,0,0,0,0,0,0,0,0,-156000,0,0,0,31000,187000,-156000,-156000
052466,聯詠統一95購03  ,0,0,0,0,0,0,0,0,0,-156000,0,0,0,0,156000,-156000,-156000
047931,日月光凱基93購01,0,0,0,0,0,0,0,0,0,-157000,0,0,0,0,157000,-157000,-157000
052195,健策元富95購01  ,0,0,0,0,0,0,0,0,0,-157000,0,0,0,39000,196000,-157000,-157000
052439,寶成富邦97購01  ,0,0,0,0,0,0,0,0,0,-157000,0,0,0,0,157000,-157000,-157000
06697P,台積電國票99售05,0,0,0,0,0,0,0,0,0,-157000,0,0,0,7000,164000,-157000,-157000
2820,華票            ,66000,223000,-157000,0,0,0,0,0,0,0,0,0,0,0,0,0,-157000
050533,致新元大94購03  ,0,0,0,0,0,0,0,0,0,-158000,0,0,0,50000,208000,-158000,-158000
050049,華通群益96購01  ,0,0,0,0,0,0,0,0,0,-158000,0,0,0,100000,258000,-158000,-158000
05276P,GIS永豐95售02   ,0,0,0,0,0,0,0,0,0,-158000,0,0,0,2000,160000,-158000,-158000
054107,上銀凱基97購01  ,0,0,0,0,0,0,0,0,0,-158000,0,0,0,131000,289000,-158000,-158000
057638,上銀元大99購01  ,0,0,0,0,0,0,0,0,0,-158000,0,0,0,67000,225000,-158000,-158000
055927,南亞科群益97購01,0,0,0,0,0,0,0,0,0,-159000,0,0,0,16000,175000,-159000,-159000
049836,矽創凱基94購02  ,0,0,0,0,0,0,0,0,0,-159000,0,0,0,0,159000,-159000,-159000
051890,智邦元富95購03  ,0,0,0,0,0,0,0,0,0,-159000,0,0,0,49000,208000,-159000,-159000
051570,和碩富邦97購01  ,0,0,0,0,0,0,0,0,0,-159000,0,0,0,299000,458000,-159000,-159000
055741,健策元富97購01  ,0,0,0,0,0,0,0,0,0,-160000,0,0,0,140000,300000,-160000,-160000
055386,致新元大97購02  ,0,0,0,0,0,0,0,0,0,-160000,0,0,0,150000,310000,-160000,-160000
056415,聯發科中信98購04,0,0,0,0,0,0,0,0,0,-160000,0,0,0,0,160000,-160000,-160000
049289,樺漢兆豐94購01  ,0,0,0,0,0,0,0,0,0,-160000,0,0,0,20000,180000,-160000,-160000
048248,聯發科兆豐95購01,0,0,0,0,0,0,0,0,0,-160000,0,0,0,30000,190000,-160000,-160000
046931,聯詠統一93購01  ,0,0,0,0,0,0,0,0,0,-160000,0,0,0,0,160000,-160000,-160000
04131P,裕隆群益93售01  ,0,0,0,0,0,0,0,0,0,-160000,0,0,0,0,160000,-160000,-160000
051467,GIS富邦96購01   ,0,0,0,0,0,0,0,0,0,-160000,0,0,0,0,160000,-160000,-160000
051355,聯發科元大96購01,0,0,0,0,0,0,0,0,0,-160000,0,0,0,0,160000,-160000,-160000
05279P,上銀元大95售02  ,0,0,0,0,0,0,0,0,0,-160000,0,0,0,0,160000,-160000,-160000
053731,矽創凱基96購03  ,0,0,0,0,0,0,0,0,0,-160000,0,0,0,0,160000,-160000,-160000
057265,聯詠兆豐98購01  ,0,0,0,0,0,0,0,0,0,-161000,0,0,0,100000,261000,-161000,-161000
048281,矽力永豐93購02  ,0,0,0,0,0,0,0,0,0,-161000,0,0,0,60000,221000,-161000,-161000
049438,嘉晶國泰96購01  ,0,0,0,0,0,0,0,0,0,-161000,0,0,0,60000,221000,-161000,-161000
053655,全新凱基98購02  ,0,0,0,0,0,0,0,0,0,-161000,0,0,0,0,161000,-161000,-161000
053777,台積電元大96購20,0,0,0,0,0,0,0,0,0,-161000,0,0,0,1126000,1287000,-161000,-161000
049738,神基群益94購01  ,0,0,0,0,0,0,0,0,0,-162000,0,0,0,70000,232000,-162000,-162000
050950,健鼎群益96購01  ,0,0,0,0,0,0,0,0,0,-162000,0,0,0,120000,282000,-162000,-162000
05220P,台積電元大95售16,0,0,0,0,0,0,0,0,0,-162000,0,0,0,0,162000,-162000,-162000
054216,聯茂國票97購03  ,0,0,0,0,0,0,0,0,0,-162000,0,0,0,0,162000,-162000,-162000
057458,TPK富邦9A購01   ,0,0,0,0,0,0,0,0,0,-163000,0,0,0,40000,203000,-163000,-163000
056266,開發金統一9A購01,0,0,0,0,0,0,0,0,0,-163000,0,0,0,0,163000,-163000,-163000
048851,台達電群益94購01,0,0,0,0,0,0,0,0,0,-163000,0,0,0,0,163000,-163000,-163000
054148,矽創元大96購03  ,0,0,0,0,0,0,0,0,0,-163000,0,0,0,0,163000,-163000,-163000
054830,世芯國泰99購01  ,0,0,0,0,0,0,0,0,0,-163000,0,0,0,19000,182000,-163000,-163000
053423,亞光永豐96購01  ,0,0,0,0,0,0,0,0,0,-163000,0,0,0,37000,200000,-163000,-163000
057398,台郡中信99購01  ,0,0,0,0,0,0,0,0,0,-164000,0,0,0,110000,274000,-164000,-164000
047557,麗豐凱基94購02  ,0,0,0,0,0,0,0,0,0,-164000,0,0,0,20000,184000,-164000,-164000
052899,和大國票97購01  ,0,0,0,0,0,0,0,0,0,-164000,0,0,0,0,164000,-164000,-164000
054860,台積電群益98購01,0,0,0,0,0,0,0,0,0,-164000,0,0,0,558000,722000,-164000,-164000
054961,玉晶光元大99購01,0,0,0,0,0,0,0,0,0,-164000,0,0,0,9000,173000,-164000,-164000
057334,技嘉國票98購02  ,0,0,0,0,0,0,0,0,0,-165000,0,0,0,67000,232000,-165000,-165000
056906,玉晶光元大9B購01,0,0,0,0,0,0,0,0,0,-165000,0,0,0,0,165000,-165000,-165000
056685,光罩統一98購03  ,0,0,0,0,0,0,0,0,0,-165000,0,0,0,48000,213000,-165000,-165000
056717,康友永豐98購01  ,0,0,0,0,0,0,0,0,0,-165000,0,0,0,77000,242000,-165000,-165000
051650,矽力永豐95購01  ,0,0,0,0,0,0,0,0,0,-165000,0,0,0,0,165000,-165000,-165000
050494,可成永昌96購01  ,0,0,0,0,0,0,0,0,0,-165000,0,0,0,0,165000,-165000,-165000
057141,嘉聯益兆豐99購01,0,0,0,0,0,0,0,0,0,-166000,0,0,0,0,166000,-166000,-166000
055065,神達永豐97購01  ,0,0,0,0,0,0,0,0,0,-166000,0,0,0,632000,798000,-166000,-166000
054480,和碩中信98購01  ,0,0,0,0,0,0,0,0,0,-166000,0,0,0,0,166000,-166000,-166000
052561,矽創國票97購01  ,0,0,0,0,0,0,0,0,0,-166000,0,0,0,0,166000,-166000,-166000
057502,訊芯群益98購02  ,0,0,0,0,0,0,0,0,0,-166000,0,0,0,0,166000,-166000,-166000
055781,聯詠凱基98購01  ,0,0,0,0,0,0,0,0,0,-167000,0,0,0,0,167000,-167000,-167000
056287,亞光永豐97購02  ,0,0,0,0,0,0,0,0,0,-167000,0,0,0,35000,202000,-167000,-167000
04043P,復盛元富93售02  ,0,0,0,0,0,0,0,0,0,-167000,0,0,0,0,167000,-167000,-167000
045015,玉晶光元大94購01,0,0,0,0,0,0,0,0,0,-167000,0,0,0,93000,260000,-167000,-167000
052060,旺宏國票96購02  ,0,0,0,0,0,0,0,0,0,-167000,0,0,0,125000,292000,-167000,-167000
050911,光磊中信98購01  ,0,0,0,0,0,0,0,0,0,-167000,0,0,0,0,167000,-167000,-167000
056870,全新日盛9A購01  ,0,0,0,0,0,0,0,0,0,-168000,0,0,0,94000,262000,-168000,-168000
056189,樺漢統一97購02  ,0,0,0,0,0,0,0,0,0,-168000,0,0,0,48000,216000,-168000,-168000
056002,嘉晶永豐97購01  ,0,0,0,0,0,0,0,0,0,-168000,0,0,0,88000,256000,-168000,-168000
051000,台郡元大96購01  ,0,0,0,0,0,0,0,0,0,-168000,0,0,0,80000,248000,-168000,-168000
051109,美律統一95購02  ,0,0,0,0,0,0,0,0,0,-168000,0,0,0,193000,361000,-168000,-168000
050432,聯發科凱基94購19,0,0,0,0,0,0,0,0,0,-168000,0,0,0,0,168000,-168000,-168000
052843,鴻海統一96購09  ,0,0,0,0,0,0,0,0,0,-168000,0,0,0,0,168000,-168000,-168000
05332P,臺股指國票95售01,0,0,0,0,0,0,0,0,0,-168000,0,0,0,22000,190000,-168000,-168000
054447,國泰金兆豐96購01,0,0,0,0,0,0,0,0,0,-168000,0,0,0,0,168000,-168000,-168000
053836,亞光永豐96購02  ,0,0,0,0,0,0,0,0,0,-168000,0,0,0,42000,210000,-168000,-168000
06169P,華新科元富97售02,0,0,0,0,0,0,0,0,0,-168000,0,0,0,141000,309000,-168000,-168000
06508P,台灣50統一98售01,0,0,0,0,0,0,0,0,0,-168000,0,0,0,120000,288000,-168000,-168000
048432,全新國票95購01  ,0,0,0,0,0,0,0,0,0,-169000,0,0,0,30000,199000,-169000,-169000
053392,致新元大96購01  ,0,0,0,0,0,0,0,0,0,-169000,0,0,0,80000,249000,-169000,-169000
053566,大立光富邦99購03,0,0,0,0,0,0,0,0,0,-169000,0,0,0,0,169000,-169000,-169000
055206,台虹中信97購01  ,0,0,0,0,0,0,0,0,0,-170000,0,0,0,0,170000,-170000,-170000
05516P,台積電元大96售12,0,0,0,0,0,0,0,0,0,-170000,0,0,0,20000,190000,-170000,-170000
056726,友達日盛9A購01  ,0,0,0,0,0,0,0,0,0,-170000,0,0,0,173000,343000,-170000,-170000
056926,日月光兆豐98購01,0,0,0,0,0,0,0,0,0,-170000,0,0,0,101000,271000,-170000,-170000
03885P,華新科統一96售01,0,0,0,0,0,0,0,0,0,-170000,0,0,0,0,170000,-170000,-170000
050522,聯發科元大95購03,0,0,0,0,0,0,0,0,0,-170000,0,0,0,172000,342000,-170000,-170000
052335,新光金日盛95購02,0,0,0,0,0,0,0,0,0,-170000,0,0,0,0,170000,-170000,-170000
050391,大立光統一94購07,0,0,0,0,0,0,0,0,0,-170000,0,0,0,1000,171000,-170000,-170000
053910,嘉聯益凱基98購01,0,0,0,0,0,0,0,0,0,-170000,0,0,0,30000,200000,-170000,-170000
055485,國巨元大97購09  ,0,0,0,0,0,0,0,0,0,-171000,0,0,0,200000,371000,-171000,-171000
04434P,玉晶光國票96售02,0,0,0,0,0,0,0,0,0,-171000,0,0,0,60000,231000,-171000,-171000
048719,亞光永豐94購01  ,0,0,0,0,0,0,0,0,0,-171000,0,0,0,26000,197000,-171000,-171000
050281,台積電日盛94購03,0,0,0,0,0,0,0,0,0,-171000,0,0,0,72000,243000,-171000,-171000
050301,矽創凱基94購03  ,0,0,0,0,0,0,0,0,0,-171000,0,0,0,0,171000,-171000,-171000
051732,華通國票97購01  ,0,0,0,0,0,0,0,0,0,-171000,0,0,0,0,171000,-171000,-171000
052078,大立光元富95購10,0,0,0,0,0,0,0,0,0,-171000,0,0,0,55000,226000,-171000,-171000
054332,世芯永豐97購01  ,0,0,0,0,0,0,0,0,0,-171000,0,0,0,0,171000,-171000,-171000
053614,台積電群益96購08,0,0,0,0,0,0,0,0,0,-171000,0,0,0,82000,253000,-171000,-171000
06625P,華新科統一98售03,0,0,0,0,0,0,0,0,0,-171000,0,0,0,49000,220000,-171000,-171000
3018,同開            ,170000,341000,-171000,0,0,0,0,0,0,0,0,0,0,0,0,0,-171000
049153,大立光元大96購02,0,0,0,0,0,0,0,0,0,-172000,0,0,0,124000,296000,-172000,-172000
054464,奇力新凱基98購02,0,0,0,0,0,0,0,0,0,-172000,0,0,0,37000,209000,-172000,-172000
056001,美食永豐97購01  ,0,0,0,0,0,0,0,0,0,-173000,0,0,0,86000,259000,-173000,-173000
051456,鈺齊元大95購01  ,0,0,0,0,0,0,0,0,0,-173000,0,0,0,11000,184000,-173000,-173000
055048,台積電永豐97購04,0,0,0,0,0,0,0,0,0,-173000,0,0,0,103000,276000,-173000,-173000
054890,聯鈞統一99購01  ,0,0,0,0,0,0,0,0,0,-173000,0,0,0,59000,232000,-173000,-173000
8101,華冠            ,6000,180000,-174000,0,0,0,0,0,0,1000,1000,0,1000,0,0,0,-173000
056822,佐登永豐98購01  ,0,0,0,0,0,0,0,0,0,-174000,0,0,0,20000,194000,-174000,-174000
056704,健策國泰99購01  ,0,0,0,0,0,0,0,0,0,-174000,0,0,0,158000,332000,-174000,-174000
048070,聯發科元富99購03,0,0,0,0,0,0,0,0,0,-174000,0,0,0,0,174000,-174000,-174000
049212,T50反1國票94購04,0,0,0,0,0,0,0,0,0,-174000,0,0,0,146000,320000,-174000,-174000
049039,富邦金兆豐94購01,0,0,0,0,0,0,0,0,0,-174000,0,0,0,0,174000,-174000,-174000
053641,正文永豐96購01  ,0,0,0,0,0,0,0,0,0,-174000,0,0,0,0,174000,-174000,-174000
052591,康友永豐97購01  ,0,0,0,0,0,0,0,0,0,-174000,0,0,0,10000,184000,-174000,-174000
052694,開發金中信98購01,0,0,0,0,0,0,0,0,0,-174000,0,0,0,0,174000,-174000,-174000
056811,健策統一9B購01  ,0,0,0,0,0,0,0,0,0,-175000,0,0,0,610000,785000,-175000,-175000
057009,信邦中信99購01  ,0,0,0,0,0,0,0,0,0,-175000,0,0,0,0,175000,-175000,-175000
047839,景碩元大93購03  ,0,0,0,0,0,0,0,0,0,-176000,0,0,0,0,176000,-176000,-176000
047202,欣興元富96購01  ,0,0,0,0,0,0,0,0,0,-176000,0,0,0,0,176000,-176000,-176000
050883,嘉聯益國泰96購01,0,0,0,0,0,0,0,0,0,-176000,0,0,0,134000,310000,-176000,-176000
049824,鴻海凱基94購18  ,0,0,0,0,0,0,0,0,0,-176000,0,0,0,0,176000,-176000,-176000
054812,鴻海元大97購08  ,0,0,0,0,0,0,0,0,0,-176000,0,0,0,529000,705000,-176000,-176000
2393,億光            ,368000,373000,-5000,0,0,0,0,0,0,-171000,6000,28000,-22000,2000,151000,-149000,-176000
053142,緯穎永豐96購01  ,0,0,0,0,0,0,0,0,0,-177000,0,0,0,27000,204000,-177000,-177000
057564,台積電富邦9B購03,0,0,0,0,0,0,0,0,0,-177000,0,0,0,32000,209000,-177000,-177000
056977,國巨群益9A購01  ,0,0,0,0,0,0,0,0,0,-178000,0,0,0,51000,229000,-178000,-178000
055742,健策元富97購02  ,0,0,0,0,0,0,0,0,0,-178000,0,0,0,50000,228000,-178000,-178000
049681,旺宏統一94購04  ,0,0,0,0,0,0,0,0,0,-178000,0,0,0,108000,286000,-178000,-178000
050965,揚明光永豐96購01,0,0,0,0,0,0,0,0,0,-178000,0,0,0,68000,246000,-178000,-178000
053344,嘉晶國票97購02  ,0,0,0,0,0,0,0,0,0,-178000,0,0,0,115000,293000,-178000,-178000
052929,可成元大96購02  ,0,0,0,0,0,0,0,0,0,-178000,0,0,0,409000,587000,-178000,-178000
054947,興勤元大97購01  ,0,0,0,0,0,0,0,0,0,-178000,0,0,0,0,178000,-178000,-178000
054770,健策國票98購01  ,0,0,0,0,0,0,0,0,0,-178000,0,0,0,185000,363000,-178000,-178000
055605,緯穎元大97購02  ,0,0,0,0,0,0,0,0,0,-179000,0,0,0,297000,476000,-179000,-179000
055268,和大元大97購01  ,0,0,0,0,0,0,0,0,0,-179000,0,0,0,23000,202000,-179000,-179000
00674R,元大S&P黃金反1  ,0,0,0,0,0,0,0,0,0,-179000,0,0,0,0,179000,-179000,-179000
053986,矽創第一96購01  ,0,0,0,0,0,0,0,0,0,-179000,0,0,0,0,179000,-179000,-179000
056916,台達電兆豐98購02,0,0,0,0,0,0,0,0,0,-180000,0,0,0,0,180000,-180000,-180000
048422,瑞昱元富96購02  ,0,0,0,0,0,0,0,0,0,-180000,0,0,0,0,180000,-180000,-180000
048032,可成凱基93購13  ,0,0,0,0,0,0,0,0,0,-180000,0,0,0,0,180000,-180000,-180000
047997,南亞科元大93購03,0,0,0,0,0,0,0,0,0,-180000,0,0,0,85000,265000,-180000,-180000
047482,新光金凱基99購03,0,0,0,0,0,0,0,0,0,-180000,0,0,0,100000,280000,-180000,-180000
049166,元油2X凱基97購02,0,0,0,0,0,0,0,0,0,-180000,0,0,0,22000,202000,-180000,-180000
050296,亞光凱基94購03  ,0,0,0,0,0,0,0,0,0,-180000,0,0,0,120000,300000,-180000,-180000
054829,亞光國泰99購01  ,0,0,0,0,0,0,0,0,0,-180000,0,0,0,319000,499000,-180000,-180000
057506,聯鈞國票99購02  ,0,0,0,0,0,0,0,0,0,-180000,0,0,0,8000,188000,-180000,-180000
057606,健策統一98購03  ,0,0,0,0,0,0,0,0,0,-180000,0,0,0,0,180000,-180000,-180000
057197,立積台新98購01  ,0,0,0,0,0,0,0,0,0,-181000,0,0,0,0,181000,-181000,-181000
055248,可成統一97購02  ,0,0,0,0,0,0,0,0,0,-181000,0,0,0,0,181000,-181000,-181000
047074,大立光兆豐94購02,0,0,0,0,0,0,0,0,0,-181000,0,0,0,5000,186000,-181000,-181000
049154,玉晶光元大95購02,0,0,0,0,0,0,0,0,0,-181000,0,0,0,12000,193000,-181000,-181000
054028,臻鼎凱基96購03  ,0,0,0,0,0,0,0,0,0,-181000,0,0,0,0,181000,-181000,-181000
052761,可成群益96購02  ,0,0,0,0,0,0,0,0,0,-181000,0,0,0,98000,279000,-181000,-181000
053474,聯發科元大97購06,0,0,0,0,0,0,0,0,0,-181000,0,0,0,20000,201000,-181000,-181000
06737P,台郡凱基98售07  ,0,0,0,0,0,0,0,0,0,-181000,0,0,0,0,181000,-181000,-181000
056203,興富發永豐97購01,0,0,0,0,0,0,0,0,0,-182000,0,0,0,0,182000,-182000,-182000
047571,滬深2X群益99購01,0,0,0,0,0,0,0,0,0,-182000,0,0,0,78000,260000,-182000,-182000
043231,鴻海中信95購01  ,0,0,0,0,0,0,0,0,0,-182000,0,0,0,60000,242000,-182000,-182000
052508,矽力日盛95購02  ,0,0,0,0,0,0,0,0,0,-182000,0,0,0,1000,183000,-182000,-182000
057103,禾伸堂中信9A購01,0,0,0,0,0,0,0,0,0,-183000,0,0,0,157000,340000,-183000,-183000
053041,可成凱基96購02  ,0,0,0,0,0,0,0,0,0,-183000,0,0,0,44000,227000,-183000,-183000
054301,楠梓電凱基98購01,0,0,0,0,0,0,0,0,0,-183000,0,0,0,90000,273000,-183000,-183000
2387,精元            ,87000,268000,-181000,0,0,0,0,0,0,-2000,1000,0,1000,0,3000,-3000,-183000
4141,龍燈-KY         ,0,183000,-183000,0,0,0,0,0,0,0,0,0,0,0,0,0,-183000
056288,健鼎永豐97購01  ,0,0,0,0,0,0,0,0,0,-184000,0,0,0,0,184000,-184000,-184000
05653P,華邦電統一96售02,1000,0,1000,0,0,0,0,0,0,-185000,0,0,0,45000,230000,-185000,-184000
053914,國巨國票96購08  ,0,0,0,0,0,0,0,0,0,-184000,0,0,0,5000,189000,-184000,-184000
054819,裕民元大9A購01  ,0,0,0,0,0,0,0,0,0,-184000,0,0,0,0,184000,-184000,-184000
4977,眾達-KY         ,72000,455000,-383000,0,0,0,0,0,0,199000,212000,13000,199000,0,0,0,-184000
057108,潤泰全群益98購01,0,0,0,0,0,0,0,0,0,-185000,0,0,0,0,185000,-185000,-185000
05515P,台積電群益96售03,0,0,0,0,0,0,0,0,0,-185000,0,0,0,610000,795000,-185000,-185000
050541,智邦凱基94購04  ,0,0,0,0,0,0,0,0,0,-185000,0,0,0,20000,205000,-185000,-185000
052594,友訊群益98購01  ,0,0,0,0,0,0,0,0,0,-185000,0,0,0,167000,352000,-185000,-185000
057069,台積電永豐98購02,0,0,0,0,0,0,0,0,0,-186000,0,0,0,503000,689000,-186000,-186000
057224,和碩日盛9A購01  ,0,0,0,0,0,0,0,0,0,-186000,0,0,0,83000,269000,-186000,-186000
048033,大立光凱基93購28,0,0,0,0,0,0,0,0,0,-186000,0,0,0,50000,236000,-186000,-186000
050495,大立光永昌96購01,0,0,0,0,0,0,0,0,0,-186000,0,0,0,75000,261000,-186000,-186000
05005P,台表科統一95售01,0,0,0,0,0,0,0,0,0,-186000,0,0,0,0,186000,-186000,-186000
051780,矽力群益95購01  ,0,0,0,0,0,0,0,0,0,-186000,0,0,0,77000,263000,-186000,-186000
052707,景碩台新96購01  ,0,0,0,0,0,0,0,0,0,-186000,0,0,0,112000,298000,-186000,-186000
052795,健策兆豐97購01  ,0,0,0,0,0,0,0,0,0,-186000,0,0,0,7000,193000,-186000,-186000
054831,緯穎國泰98購01  ,0,0,0,0,0,0,0,0,0,-186000,0,0,0,21000,207000,-186000,-186000
056580,泰鼎元大9A購01  ,0,0,0,0,0,0,0,0,0,-187000,0,0,0,615000,802000,-187000,-187000
046180,裕隆凱基93購01  ,0,0,0,0,0,0,0,0,0,-187000,0,0,0,60000,247000,-187000,-187000
049603,富邦金亞東94購01,0,0,0,0,0,0,0,0,0,-187000,0,0,0,0,187000,-187000,-187000
052055,緯穎凱基95購03  ,0,0,0,0,0,0,0,0,0,-187000,0,0,0,196000,383000,-187000,-187000
052920,景碩台新96購02  ,0,0,0,0,0,0,0,0,0,-187000,0,0,0,0,187000,-187000,-187000
055377,揚明光元大98購01,0,0,0,0,0,0,0,0,0,-188000,0,0,0,68000,256000,-188000,-188000
049585,旺宏元大95購02  ,0,0,0,0,0,0,0,0,0,-188000,0,0,0,28000,216000,-188000,-188000
05849P,臺股指元大96售25,0,0,0,0,0,0,0,0,0,-188000,0,0,0,315000,503000,-188000,-188000
050714,深中小群益98購01,0,0,0,0,0,0,0,0,0,-189000,0,0,0,1028000,1217000,-189000,-189000
05923P,旺宏元富96售05  ,0,0,0,0,0,0,0,0,0,-189000,0,0,0,22000,211000,-189000,-189000
06382P,大毅元富97售02  ,0,0,0,0,0,0,0,0,0,-189000,0,0,0,246000,435000,-189000,-189000
055425,聚陽群益99購01  ,0,0,0,0,0,0,0,0,0,-190000,0,0,0,51000,241000,-190000,-190000
055069,帆宣永豐97購01  ,0,0,0,0,0,0,0,0,0,-190000,0,0,0,0,190000,-190000,-190000
055933,欣興群益98購02  ,0,0,0,0,0,0,0,0,0,-190000,0,0,0,0,190000,-190000,-190000
04230P,臺股指中信95售06,0,0,0,0,0,0,0,0,0,-190000,0,0,0,6000,196000,-190000,-190000
050735,亞光台新94購01  ,0,0,0,0,0,0,0,0,0,-190000,0,0,0,51000,241000,-190000,-190000
051084,華通元大95購06  ,0,0,0,0,0,0,0,0,0,-190000,0,0,0,10000,200000,-190000,-190000
053434,國泰金日盛96購01,0,0,0,0,0,0,0,0,0,-190000,0,0,0,0,190000,-190000,-190000
053446,欣興凱基96購02  ,0,0,0,0,0,0,0,0,0,-190000,0,0,0,13000,203000,-190000,-190000
054821,貿聯元大9A購01  ,0,0,0,0,0,0,0,0,0,-190000,0,0,0,40000,230000,-190000,-190000
048712,樺漢台新94購01  ,0,0,0,0,0,0,0,0,0,-191000,0,0,0,0,191000,-191000,-191000
049408,旺宏日盛94購01  ,0,0,0,0,0,0,0,0,0,-191000,0,0,0,15000,206000,-191000,-191000
052048,景碩凱基95購01  ,0,0,0,0,0,0,0,0,0,-191000,0,0,0,9000,200000,-191000,-191000
057201,華擎元富98購01  ,0,0,0,0,0,0,0,0,0,-192000,0,0,0,132000,324000,-192000,-192000
057380,技嘉國泰9A購01  ,0,0,0,0,0,0,0,0,0,-192000,0,0,0,19000,211000,-192000,-192000
047850,彩晶統一94購01  ,0,0,0,0,0,0,0,0,0,-192000,0,0,0,24000,216000,-192000,-192000
043730,旭富國泰93購01  ,0,0,0,0,0,0,0,0,0,-192000,0,0,0,0,192000,-192000,-192000
052343,同欣電凱基95購03,0,0,0,0,0,0,0,0,0,-192000,0,0,0,15000,207000,-192000,-192000
050350,全新群益94購04  ,0,0,0,0,0,0,0,0,0,-192000,0,0,0,0,192000,-192000,-192000
053950,緯穎富邦97購02  ,0,0,0,0,0,0,0,0,0,-193000,0,0,0,63000,256000,-193000,-193000
052928,美律元大98購01  ,0,0,0,0,0,0,0,0,0,-193000,0,0,0,0,193000,-193000,-193000
056344,嘉晶凱基98購02  ,0,0,0,0,0,0,0,0,0,-194000,0,0,0,349000,543000,-194000,-194000
056391,大立光富邦9C購01,0,0,0,0,0,0,0,0,0,-194000,0,0,0,114000,308000,-194000,-194000
052792,大立光兆豐96購01,0,0,0,0,0,0,0,0,0,-194000,0,0,0,0,194000,-194000,-194000
055910,瑞昱凱基98購01  ,0,0,0,0,0,0,0,0,0,-195000,0,0,0,0,195000,-195000,-195000
049084,欣興凱基94購03  ,0,0,0,0,0,0,0,0,0,-195000,0,0,0,7000,202000,-195000,-195000
049644,台積電凱基94購21,0,0,0,0,0,0,0,0,0,-195000,0,0,0,44000,239000,-195000,-195000
049667,大立光國泰96購01,0,0,0,0,0,0,0,0,0,-195000,0,0,0,0,195000,-195000,-195000
054838,京鼎第一97購01  ,0,0,0,0,0,0,0,0,0,-195000,0,0,0,0,195000,-195000,-195000
2505,國揚            ,84000,282000,-198000,0,0,0,0,0,0,3000,1000,0,1000,2000,0,2000,-195000
055880,神達元富97購02  ,0,0,0,0,0,0,0,0,0,-196000,0,0,0,623000,819000,-196000,-196000
056442,瑞昱凱基98購02  ,0,0,0,0,0,0,0,0,0,-196000,0,0,0,106000,302000,-196000,-196000
056924,亞光兆豐98購01  ,0,0,0,0,0,0,0,0,0,-196000,0,0,0,70000,266000,-196000,-196000
051543,鈺齊國票96購01  ,0,0,0,0,0,0,0,0,0,-196000,0,0,0,82000,278000,-196000,-196000
050030,嘉晶元大94購03  ,0,0,0,0,0,0,0,0,0,-196000,0,0,0,108000,304000,-196000,-196000
052020,聯茂永豐95購02  ,0,0,0,0,0,0,0,0,0,-196000,0,0,0,0,196000,-196000,-196000
05405P,大立光群益95售04,0,0,0,0,0,0,0,0,0,-196000,0,0,0,30000,226000,-196000,-196000
052939,富邦金兆豐96購01,0,0,0,0,0,0,0,0,0,-196000,0,0,0,29000,225000,-196000,-196000
052369,矽力國票96購02  ,0,0,0,0,0,0,0,0,0,-196000,0,0,0,5000,201000,-196000,-196000
053629,玉山金兆豐96購01,0,0,0,0,0,0,0,0,0,-196000,0,0,0,82000,278000,-196000,-196000
053792,百和元大96購01  ,0,0,0,0,0,0,0,0,0,-197000,0,0,0,0,197000,-197000,-197000
057300,訊連永豐98購01  ,0,0,0,0,0,0,0,0,0,-198000,0,0,0,0,198000,-198000,-198000
00676R,富邦臺灣加權反1 ,0,0,0,0,0,0,0,0,0,-198000,0,0,0,185000,383000,-198000,-198000
050899,旭富元大95購01  ,0,0,0,0,0,0,0,0,0,-198000,0,0,0,195000,393000,-198000,-198000
2855,統一證          ,148000,346000,-198000,0,0,0,0,0,0,0,0,0,0,0,0,0,-198000
06355P,聯茂永豐97售02  ,0,0,0,0,0,0,0,0,0,-198000,0,0,0,182000,380000,-198000,-198000
056254,為升元富97購01  ,0,0,0,0,0,0,0,0,0,-199000,0,0,0,0,199000,-199000,-199000
050340,鴻海統一94購07  ,0,0,0,0,0,0,0,0,0,-199000,0,0,0,0,199000,-199000,-199000
048933,晶豪科永豐94購01,0,0,0,0,0,0,0,0,0,-199000,0,0,0,26000,225000,-199000,-199000
052075,旺宏元富95購03  ,0,0,0,0,0,0,0,0,0,-199000,0,0,0,0,199000,-199000,-199000
052220,T50反1凱基98購01,0,0,0,0,0,0,0,0,0,-199000,0,0,0,21000,220000,-199000,-199000
053843,訊芯統一96購01  ,0,0,0,0,0,0,0,0,0,-199000,0,0,0,0,199000,-199000,-199000
05492P,聯茂元大95售02  ,0,0,0,0,0,0,0,0,0,-199000,0,0,0,73000,272000,-199000,-199000
05466P,旺宏富邦97售01  ,0,0,0,0,0,0,0,0,0,-199000,0,0,0,215000,414000,-199000,-199000
052713,智邦凱基96購01  ,0,0,0,0,0,0,0,0,0,-199000,0,0,0,10000,209000,-199000,-199000
8215,明基材          ,1581000,1918000,-337000,0,0,0,0,0,0,138000,240000,202000,38000,120000,20000,100000,-199000
05547P,群創元大96售03  ,0,0,0,0,0,0,0,0,0,-200000,0,0,0,0,200000,-200000,-200000
055530,聯發科群益98購01,0,0,0,0,0,0,0,0,0,-200000,0,0,0,0,200000,-200000,-200000
056303,亞光元大97購04  ,0,0,0,0,0,0,0,0,0,-200000,0,0,0,34000,234000,-200000,-200000
056725,鴻海國票99購03  ,0,0,0,0,0,0,0,0,0,-200000,0,0,0,0,200000,-200000,-200000
04203P,超眾元大93售04  ,0,0,0,0,0,0,0,0,0,-200000,0,0,0,0,200000,-200000,-200000
040760,T50反1凱基95購01,0,0,0,0,0,0,0,0,0,-200000,0,0,0,0,200000,-200000,-200000
044408,聯茂凱基93購02  ,0,0,0,0,0,0,0,0,0,-200000,0,0,0,0,200000,-200000,-200000
047009,大立光統一93購07,0,0,0,0,0,0,0,0,0,-200000,0,0,0,0,200000,-200000,-200000
051012,台積電凱基95購04,0,0,0,0,0,0,0,0,0,-200000,0,0,0,0,200000,-200000,-200000
049258,美律元大94購03  ,0,0,0,0,0,0,0,0,0,-200000,0,0,0,0,200000,-200000,-200000
050747,道瓊銀統一94購03,0,0,0,0,0,0,0,0,0,-200000,0,0,0,100000,300000,-200000,-200000
050438,欣興凱基94購09  ,0,0,0,0,0,0,0,0,0,-200000,0,0,0,3000,203000,-200000,-200000
050410,燿華永豐95購03  ,0,0,0,0,0,0,0,0,0,-200000,0,0,0,0,200000,-200000,-200000
048767,欣興凱基94購01  ,0,0,0,0,0,0,0,0,0,-200000,0,0,0,8000,208000,-200000,-200000
049759,元黃金富邦9A購01,0,0,0,0,0,0,0,0,0,-200000,0,0,0,19000,219000,-200000,-200000
04919P,聯詠凱基94售05  ,0,0,0,0,0,0,0,0,0,-200000,0,0,0,0,200000,-200000,-200000
051787,燿華國票96購02  ,0,0,0,0,0,0,0,0,0,-200000,0,0,0,0,200000,-200000,-200000
050236,旺宏凱基94購06  ,0,0,0,0,0,0,0,0,0,-200000,0,0,0,0,200000,-200000,-200000
05273P,國巨群益95售02  ,0,0,0,0,0,0,0,0,0,-200000,0,0,0,0,200000,-200000,-200000
052469,宏碁亞東95購01  ,0,0,0,0,0,0,0,0,0,-200000,0,0,0,0,200000,-200000,-200000
052958,T50反1凱基99購02,0,0,0,0,0,0,0,0,0,-200000,0,0,0,0,200000,-200000,-200000
053488,中石化兆豐97購01,0,0,0,0,0,0,0,0,0,-200000,0,0,0,0,200000,-200000,-200000
053192,創意統一96購01  ,0,0,0,0,0,0,0,0,0,-200000,0,0,0,0,200000,-200000,-200000
053971,聯發科元大97購09,0,0,0,0,0,0,0,0,0,-200000,0,0,0,300000,500000,-200000,-200000
053978,創意元大96購05  ,0,0,0,0,0,0,0,0,0,-200000,0,0,0,23000,223000,-200000,-200000
054272,華通中信98購01  ,0,0,0,0,0,0,0,0,0,-200000,0,0,0,0,200000,-200000,-200000
054139,揚明光元大96購01,0,0,0,0,0,0,0,0,0,-200000,0,0,0,0,200000,-200000,-200000
06750P,聯發科元富02售03,0,0,0,0,0,0,0,0,0,-200000,0,0,0,0,200000,-200000,-200000
08801P,聯發科元大01售13,0,0,0,0,0,0,0,0,0,-200000,0,0,0,0,200000,-200000,-200000
08163P,T50正2中信95售01,0,0,0,0,0,0,0,0,0,-200000,0,0,0,0,200000,-200000,-200000
056788,日月光群益98購01,0,0,0,0,0,0,0,0,0,-201000,0,0,0,55000,256000,-201000,-201000
051989,華固元大95購02  ,0,0,0,0,0,0,0,0,0,-201000,0,0,0,0,201000,-201000,-201000
056654,元油2X元大98購02,0,0,0,0,0,0,0,0,0,-202000,0,0,0,8000,210000,-202000,-202000
057071,華擎永豐98購02  ,0,0,0,0,0,0,0,0,0,-202000,0,0,0,268000,470000,-202000,-202000
045803,旺宏國票93購01  ,0,0,0,0,0,0,0,0,0,-202000,0,0,0,0,202000,-202000,-202000
051753,華通元大96購03  ,0,0,0,0,0,0,0,0,0,-202000,0,0,0,0,202000,-202000,-202000
053538,京鼎永豐96購03  ,0,0,0,0,0,0,0,0,0,-202000,0,0,0,0,202000,-202000,-202000
056570,旺宏元大98購07  ,0,0,0,0,0,0,0,0,0,-203000,0,0,0,0,203000,-203000,-203000
055336,茂林兆豐98購01  ,0,0,0,0,0,0,0,0,0,-203000,0,0,0,44000,247000,-203000,-203000
056010,力成中信97購01  ,0,0,0,0,0,0,0,0,0,-203000,0,0,0,110000,313000,-203000,-203000
04862P,台積電元大94售26,0,0,0,0,0,0,0,0,0,-203000,0,0,0,0,203000,-203000,-203000
056765,友達元大9B購05  ,0,0,0,0,0,0,0,0,0,-204000,0,0,0,28000,232000,-204000,-204000
057295,可成永豐98購02  ,0,0,0,0,0,0,0,0,0,-204000,0,0,0,0,204000,-204000,-204000
047513,嘉晶國票93購03  ,0,0,0,0,0,0,0,0,0,-204000,0,0,0,10000,214000,-204000,-204000
00852L,國泰美國道瓊正2 ,0,0,0,0,0,0,0,0,0,-204000,0,0,0,21000,225000,-204000,-204000
053318,全新群益99購01  ,0,0,0,0,0,0,0,0,0,-204000,0,0,0,61000,265000,-204000,-204000
054206,鴻海國票99購01  ,0,0,0,0,0,0,0,0,0,-204000,0,0,0,546000,750000,-204000,-204000
057565,可成富邦99購01  ,0,0,0,0,0,0,0,0,0,-204000,0,0,0,0,204000,-204000,-204000
045957,技嘉凱基93購03  ,0,0,0,0,0,0,0,0,0,-205000,0,0,0,22000,227000,-205000,-205000
048076,亞光第一94購01  ,0,0,0,0,0,0,0,0,0,-205000,0,0,0,0,205000,-205000,-205000
052102,台泥兆豐96購01  ,0,0,0,0,0,0,0,0,0,-205000,0,0,0,17000,222000,-205000,-205000
054937,國巨元大97購03  ,0,0,0,0,0,0,0,0,0,-205000,0,0,0,118000,323000,-205000,-205000
06063P,玉晶光元富97售01,0,0,0,0,0,0,0,0,0,-205000,0,0,0,9000,214000,-205000,-205000
06477P,緯穎國票99售02  ,0,0,0,0,0,0,0,0,0,-205000,0,0,0,40000,245000,-205000,-205000
03421B,臺股指元大99熊01,0,0,0,0,0,0,0,0,0,-206000,0,0,0,7000,213000,-206000,-206000
051953,矽力元富95購03  ,0,0,0,0,0,0,0,0,0,-206000,0,0,0,30000,236000,-206000,-206000
054972,聯茂元大97購02  ,0,0,0,0,0,0,0,0,0,-206000,0,0,0,45000,251000,-206000,-206000
053148,華邦電元大96購01,0,0,0,0,0,0,0,0,0,-206000,0,0,0,8000,214000,-206000,-206000
8021,尖點            ,75000,284000,-209000,0,0,0,0,0,0,3000,3000,0,3000,0,0,0,-206000
056110,嘉聯益永豐97購02,0,0,0,0,0,0,0,0,0,-207000,0,0,0,40000,247000,-207000,-207000
055923,矽力凱基98購01  ,0,0,0,0,0,0,0,0,0,-207000,0,0,0,74000,281000,-207000,-207000
055413,全新富邦98購01  ,0,0,0,0,0,0,0,0,0,-207000,0,0,0,0,207000,-207000,-207000
051617,台積電凱基95購14,0,0,0,0,0,0,0,0,0,-207000,0,0,0,0,207000,-207000,-207000
054929,群電凱基97購01  ,0,0,0,0,0,0,0,0,0,-207000,0,0,0,0,207000,-207000,-207000
054855,得力群益98購01  ,0,0,0,0,0,0,0,0,0,-207000,0,0,0,20000,227000,-207000,-207000
054409,亞光國票97購02  ,0,0,0,0,0,0,0,0,0,-207000,0,0,0,60000,267000,-207000,-207000
056265,國泰金統一97購01,0,0,0,0,0,0,0,0,0,-208000,0,0,0,0,208000,-208000,-208000
047848,可成統一93購01  ,0,0,0,0,0,0,0,0,0,-208000,0,0,0,60000,268000,-208000,-208000
050869,健策永豐95購01  ,0,0,0,0,0,0,0,0,0,-208000,0,0,0,46000,254000,-208000,-208000
052297,旭富國票96購01  ,0,0,0,0,0,0,0,0,0,-208000,0,0,0,17000,225000,-208000,-208000
048745,儒鴻元富97購02  ,0,0,0,0,0,0,0,0,0,-208000,0,0,0,55000,263000,-208000,-208000
054481,鎧勝中信96購01  ,0,0,0,0,0,0,0,0,0,-208000,0,0,0,30000,238000,-208000,-208000
06387P,緯穎永豐97售02  ,0,0,0,0,0,0,0,0,0,-208000,0,0,0,27000,235000,-208000,-208000
055978,大立光統一98購05,0,0,0,0,0,0,0,0,0,-209000,0,0,0,31000,240000,-209000,-209000
046703,瑞昱元富95購01  ,0,0,0,0,0,0,0,0,0,-209000,0,0,0,74000,283000,-209000,-209000
051230,聯詠群益95購01  ,0,0,0,0,0,0,0,0,0,-209000,0,0,0,10000,219000,-209000,-209000
051959,台郡台新95購03  ,0,0,0,0,0,0,0,0,0,-209000,0,0,0,0,209000,-209000,-209000
053917,友達國票97購03  ,0,0,0,0,0,0,0,0,0,-209000,0,0,0,10000,219000,-209000,-209000
055115,日月光凱基98購01,0,0,0,0,0,0,0,0,0,-210000,0,0,0,0,210000,-210000,-210000
048715,A50正2永豐94購01,0,0,0,0,0,0,0,0,0,-210000,0,0,0,0,210000,-210000,-210000
03765P,大立光元富96售01,0,0,0,0,0,0,0,0,0,-210000,0,0,0,30000,240000,-210000,-210000
043944,欣興兆豐93購02  ,0,0,0,0,0,0,0,0,0,-210000,0,0,0,0,210000,-210000,-210000
044187,泰鼎國泰93購01  ,0,0,0,0,0,0,0,0,0,-210000,0,0,0,0,210000,-210000,-210000
049047,台達電台新94購01,0,0,0,0,0,0,0,0,0,-210000,0,0,0,0,210000,-210000,-210000
05616P,台光電永豐96售01,0,0,0,0,0,0,0,0,0,-211000,0,0,0,0,211000,-211000,-211000
050218,世紀鋼統一94購02,0,0,0,0,0,0,0,0,0,-211000,0,0,0,157000,368000,-211000,-211000
05180P,玉晶光凱基95售04,0,0,0,0,0,0,0,0,0,-211000,0,0,0,0,211000,-211000,-211000
054281,世芯群益97購01  ,0,0,0,0,0,0,0,0,0,-211000,0,0,0,10000,221000,-211000,-211000
054330,世芯永豐96購02  ,0,0,0,0,0,0,0,0,0,-211000,0,0,0,0,211000,-211000,-211000
054534,台積電富邦98購03,0,0,0,0,0,0,0,0,0,-211000,0,0,0,158000,369000,-211000,-211000
057370,可成元大98購07  ,0,0,0,0,0,0,0,0,0,-212000,0,0,0,56000,268000,-212000,-212000
056863,義隆群益98購01  ,0,0,0,0,0,0,0,0,0,-212000,0,0,0,53000,265000,-212000,-212000
056325,群創兆豐9A購01  ,0,0,0,0,0,0,0,0,0,-212000,0,0,0,40000,252000,-212000,-212000
052346,訊芯凱基95購01  ,0,0,0,0,0,0,0,0,0,-212000,0,0,0,0,212000,-212000,-212000
054699,復盛永豐97購01  ,0,0,0,0,0,0,0,0,0,-212000,0,0,0,93000,305000,-212000,-212000
054996,聯陽元富97購01  ,0,0,0,0,0,0,0,0,0,-212000,0,0,0,10000,222000,-212000,-212000
052742,可成元大96購01  ,0,0,0,0,0,0,0,0,0,-212000,0,0,0,113000,325000,-212000,-212000
06428P,國巨元大97售17  ,0,0,0,0,0,0,0,0,0,-212000,0,0,0,22000,234000,-212000,-212000
06078P,臺股指凱基9A售01,0,0,0,0,0,0,0,0,0,-212000,0,0,0,13000,225000,-212000,-212000
056546,致伸凱基98購01  ,0,0,0,0,0,0,0,0,0,-213000,0,0,0,95000,308000,-213000,-213000
03197P,台積電統一01售14,0,0,0,0,0,0,0,0,0,-213000,0,0,0,0,213000,-213000,-213000
05120P,聯發科國泰97售01,0,0,0,0,0,0,0,0,0,-213000,0,0,0,20000,233000,-213000,-213000
052836,旺宏國泰98購01  ,0,0,0,0,0,0,0,0,0,-214000,0,0,0,8000,222000,-214000,-214000
054621,華新科兆豐98購01,0,0,0,0,0,0,0,0,0,-214000,0,0,0,133000,347000,-214000,-214000
057394,台積電中信9C購02,0,0,0,0,0,0,0,0,0,-215000,0,0,0,0,215000,-215000,-215000
046797,T50反1元大96購01,0,0,0,0,0,0,0,0,0,-215000,0,0,0,0,215000,-215000,-215000
057542,上銀凱基99購01  ,0,0,0,0,0,0,0,0,0,-215000,0,0,0,45000,260000,-215000,-215000
057156,元油2X富邦9C購01,0,0,0,0,0,0,0,0,0,-216000,0,0,0,0,216000,-216000,-216000
055686,致伸凱基97購02  ,0,0,0,0,0,0,0,0,0,-216000,0,0,0,0,216000,-216000,-216000
055364,矽創凱基97購03  ,0,0,0,0,0,0,0,0,0,-216000,0,0,0,0,216000,-216000,-216000
055299,康友元大97購02  ,0,0,0,0,0,0,0,0,0,-216000,0,0,0,75000,291000,-216000,-216000
051451,世芯元大95購03  ,0,0,0,0,0,0,0,0,0,-216000,0,0,0,0,216000,-216000,-216000
049869,訊芯兆豐94購01  ,0,0,0,0,0,0,0,0,0,-216000,0,0,0,0,216000,-216000,-216000
051396,健鼎兆豐95購01  ,0,0,0,0,0,0,0,0,0,-216000,0,0,0,0,216000,-216000,-216000
053285,臺股指元大96購08,0,0,0,0,0,0,0,0,0,-216000,0,0,0,0,216000,-216000,-216000
06467P,旺宏統一98售01  ,0,0,0,0,0,0,0,0,0,-216000,0,0,0,35000,251000,-216000,-216000
056248,康友群益97購04  ,0,0,0,0,0,0,0,0,0,-217000,0,0,0,126000,343000,-217000,-217000
057468,台郡永豐98購01  ,0,0,0,0,0,0,0,0,0,-217000,0,0,0,10000,227000,-217000,-217000
056533,友達凱基9A購02  ,0,0,0,0,0,0,0,0,0,-217000,0,0,0,0,217000,-217000,-217000
050836,緯穎凱基95購01  ,0,0,0,0,0,0,0,0,0,-217000,0,0,0,80000,297000,-217000,-217000
050928,日月光凱基95購01,0,0,0,0,0,0,0,0,0,-217000,0,0,0,18000,235000,-217000,-217000
052527,泰鼎元大96購02  ,0,0,0,0,0,0,0,0,0,-217000,0,0,0,11000,228000,-217000,-217000
051580,宏碁元大95購02  ,0,0,0,0,0,0,0,0,0,-218000,0,0,0,96000,314000,-218000,-218000
051222,世紀鋼元富95購01,0,0,0,0,0,0,0,0,0,-218000,0,0,0,20000,238000,-218000,-218000
053898,康友群益97購01  ,0,0,0,0,0,0,0,0,0,-218000,0,0,0,106000,324000,-218000,-218000
056328,訊芯兆豐98購01  ,0,0,0,0,0,0,0,0,0,-219000,0,0,0,0,219000,-219000,-219000
057269,鈺齊兆豐98購01  ,0,0,0,0,0,0,0,0,0,-219000,0,0,0,441000,660000,-219000,-219000
047552,潤泰全凱基94購02,0,0,0,0,0,0,0,0,0,-219000,0,0,0,0,219000,-219000,-219000
057552,禾伸堂凱基98購05,0,0,0,0,0,0,0,0,0,-219000,0,0,0,35000,254000,-219000,-219000
055784,TPK凱基97購02   ,0,0,0,0,0,0,0,0,0,-220000,0,0,0,0,220000,-220000,-220000
055930,可成群益98購01  ,0,0,0,0,0,0,0,0,0,-220000,0,0,0,223000,443000,-220000,-220000
055196,致新元富97購01  ,0,0,0,0,0,0,0,0,0,-220000,0,0,0,68000,288000,-220000,-220000
049891,T50反1富邦94購02,0,0,0,0,0,0,0,0,0,-220000,0,0,0,20000,240000,-220000,-220000
051621,欣興凱基95購02  ,0,0,0,0,0,0,0,0,0,-220000,0,0,0,2000,222000,-220000,-220000
052605,聯發科元大96購06,0,0,0,0,0,0,0,0,0,-220000,0,0,0,0,220000,-220000,-220000
056771,嘉晶元大99購01  ,0,0,0,0,0,0,0,0,0,-221000,0,0,0,74000,295000,-221000,-221000
048894,光罩國泰94購01  ,0,0,0,0,0,0,0,0,0,-221000,0,0,0,25000,246000,-221000,-221000
052005,矽力國泰97購02  ,0,0,0,0,0,0,0,0,0,-221000,0,0,0,40000,261000,-221000,-221000
055483,和大元大97購03  ,0,0,0,0,0,0,0,0,0,-222000,0,0,0,79000,301000,-222000,-222000
051527,台郡凱基95購03  ,0,0,0,0,0,0,0,0,0,-222000,0,0,0,75000,297000,-222000,-222000
056017,台積電群益97購04,0,0,0,0,0,0,0,0,0,-223000,0,0,0,605000,828000,-223000,-223000
056979,微星群益98購01  ,0,0,0,0,0,0,0,0,0,-223000,0,0,0,10000,233000,-223000,-223000
049318,樺漢凱基94購01  ,0,0,0,0,0,0,0,0,0,-223000,0,0,0,13000,236000,-223000,-223000
053293,聯發科中信9B購01,0,0,0,0,0,0,0,0,0,-223000,0,0,0,10000,233000,-223000,-223000
053870,正文元大96購01  ,0,0,0,0,0,0,0,0,0,-223000,0,0,0,91000,314000,-223000,-223000
057124,為升凱基98購02  ,0,0,0,0,0,0,0,0,0,-224000,0,0,0,119000,343000,-224000,-224000
055478,訊芯凱基97購01  ,0,0,0,0,0,0,0,0,0,-225000,0,0,0,36000,261000,-225000,-225000
055555,全新凱基9A購01  ,0,0,0,0,0,0,0,0,0,-226000,0,0,0,54000,280000,-226000,-226000
050083,旺宏元富94購01  ,0,0,0,0,0,0,0,0,0,-226000,0,0,0,0,226000,-226000,-226000
054762,奇力新國票99購01,0,0,0,0,0,0,0,0,0,-226000,0,0,0,10000,236000,-226000,-226000
053098,國巨元富96購04  ,0,0,0,0,0,0,0,0,0,-226000,0,0,0,218000,444000,-226000,-226000
055669,緯穎群益97購02  ,0,0,0,0,0,0,0,0,0,-227000,0,0,0,134000,361000,-227000,-227000
055358,臻鼎凱基97購01  ,0,0,0,0,0,0,0,0,0,-227000,0,0,0,13000,240000,-227000,-227000
051633,可成國票96購03  ,0,0,0,0,0,0,0,0,0,-227000,0,0,0,20000,247000,-227000,-227000
06516P,國巨凱基98售08  ,0,0,0,0,0,0,0,0,0,-227000,0,0,0,50000,277000,-227000,-227000
056786,亞光群益98購03  ,0,0,0,0,0,0,0,0,0,-228000,0,0,0,24000,252000,-228000,-228000
048687,旺宏群益96購01  ,0,0,0,0,0,0,0,0,0,-228000,0,0,0,40000,268000,-228000,-228000
051439,川湖元大95購01  ,0,0,0,0,0,0,0,0,0,-228000,0,0,0,46000,274000,-228000,-228000
051430,瑞昱元富95購02  ,0,0,0,0,0,0,0,0,0,-228000,0,0,0,3000,231000,-228000,-228000
056121,勤誠群益97購01  ,0,0,0,0,0,0,0,0,0,-229000,0,0,0,3000,232000,-229000,-229000
051657,台郡元富98購01  ,0,0,0,0,0,0,0,0,0,-229000,0,0,0,90000,319000,-229000,-229000
054429,中石化台新97購01,0,0,0,0,0,0,0,0,0,-229000,0,0,0,100000,329000,-229000,-229000
4915,致伸            ,1867000,2292237,-425237,0,0,0,47000,0,47000,149000,1000,0,1000,151000,3000,148000,-229237
056216,智原第一97購01  ,0,0,0,0,0,0,0,0,0,-230000,0,0,0,0,230000,-230000,-230000
046419,聯鈞元大92購01  ,0,0,0,0,0,0,0,0,0,-230000,0,0,0,0,230000,-230000,-230000
047922,聯發科凱基94購01,0,0,0,0,0,0,0,0,0,-230000,0,0,0,0,230000,-230000,-230000
044201,群創國票95購01  ,0,0,0,0,0,0,0,0,0,-230000,0,0,0,24000,254000,-230000,-230000
052277,台達電凱基97購01,0,0,0,0,0,0,0,0,0,-230000,0,0,0,80000,310000,-230000,-230000
055036,中工富邦9B購01  ,0,0,0,0,0,0,0,0,0,-230000,0,0,0,0,230000,-230000,-230000
053257,華通富邦97購01  ,0,0,0,0,0,0,0,0,0,-230000,0,0,0,0,230000,-230000,-230000
052745,欣興元大96購04  ,0,0,0,0,0,0,0,0,0,-230000,0,0,0,5000,235000,-230000,-230000
056782,鴻海群益98購04  ,0,0,0,0,0,0,0,0,0,-231000,0,0,0,416000,647000,-231000,-231000
00715L,街口布蘭特油正2 ,0,0,0,0,0,0,0,0,0,-231000,0,0,0,65000,296000,-231000,-231000
051873,緯穎凱基95購02  ,0,0,0,0,0,0,0,0,0,-231000,0,0,0,188000,419000,-231000,-231000
05035P,聯發科元大95售06,0,0,0,0,0,0,0,0,0,-231000,0,0,0,414000,645000,-231000,-231000
052847,漢唐統一99購01  ,0,0,0,0,0,0,0,0,0,-231000,0,0,0,20000,251000,-231000,-231000
053974,大立光元大96購10,0,0,0,0,0,0,0,0,0,-231000,0,0,0,0,231000,-231000,-231000
05993P,國巨元大96售13  ,0,0,0,0,0,0,0,0,0,-231000,0,0,0,0,231000,-231000,-231000
056501,貿聯富邦99購01  ,0,0,0,0,0,0,0,0,0,-232000,0,0,0,150000,382000,-232000,-232000
057096,緯穎元富98購01  ,0,0,0,0,0,0,0,0,0,-232000,0,0,0,0,232000,-232000,-232000
057410,南電群益98購01  ,0,0,0,0,0,0,0,0,0,-232000,0,0,0,6000,238000,-232000,-232000
055183,聯鈞統一97購01  ,0,0,0,0,0,0,0,0,0,-232000,0,0,0,2000,234000,-232000,-232000
050282,T50反1凱基97購01,0,0,0,0,0,0,0,0,0,-232000,0,0,0,0,232000,-232000,-232000
054878,和大統一97購02  ,0,0,0,0,0,0,0,0,0,-232000,0,0,0,82000,314000,-232000,-232000
053662,矽力凱基97購01  ,0,0,0,0,0,0,0,0,0,-232000,0,0,0,0,232000,-232000,-232000
057215,友達群益98購03  ,0,0,0,0,0,0,0,0,0,-233000,0,0,0,70000,303000,-233000,-233000
04682P,臺股指統一96售01,0,0,0,0,0,0,0,0,0,-233000,0,0,0,90000,323000,-233000,-233000
050743,京鼎永豐94購02  ,0,0,0,0,0,0,0,0,0,-233000,0,0,0,40000,273000,-233000,-233000
049966,旺宏國票95購02  ,0,0,0,0,0,0,0,0,0,-233000,0,0,0,0,233000,-233000,-233000
057144,南電兆豐98購01  ,0,0,0,0,0,0,0,0,0,-234000,0,0,0,165000,399000,-234000,-234000
05167P,百和元富95售03  ,0,0,0,0,0,0,0,0,0,-234000,0,0,0,0,234000,-234000,-234000
057563,旭富國泰9A購01  ,0,0,0,0,0,0,0,0,0,-234000,0,0,0,11000,245000,-234000,-234000
057139,華新科兆豐98購02,0,0,0,0,0,0,0,0,0,-235000,0,0,0,90000,325000,-235000,-235000
052353,高鐵群益97購01  ,0,0,0,0,0,0,0,0,0,-235000,0,0,0,14000,249000,-235000,-235000
054389,為升元富96購02  ,0,0,0,0,0,0,0,0,0,-235000,0,0,0,43000,278000,-235000,-235000
048012,嘉晶國票94購01  ,0,0,0,0,0,0,0,0,0,-236000,0,0,0,65000,301000,-236000,-236000
03414B,臺股指凱基99熊01,0,0,0,0,0,0,0,0,0,-236000,0,0,0,117000,353000,-236000,-236000
06174P,國巨元大97售07  ,0,0,0,0,0,0,0,0,0,-236000,0,0,0,69000,305000,-236000,-236000
047105,和大元大94購01  ,0,0,0,0,0,0,0,0,0,-237000,0,0,0,4000,241000,-237000,-237000
047824,臺股指凱基93購18,0,0,0,0,0,0,0,0,0,-237000,0,0,0,65000,302000,-237000,-237000
055009,合勤控元富97購01,0,0,0,0,0,0,0,0,0,-237000,0,0,0,0,237000,-237000,-237000
055808,世紀鋼永豐97購01,0,0,0,0,0,0,0,0,0,-238000,0,0,0,222000,460000,-238000,-238000
051089,旺宏元大96購04  ,0,0,0,0,0,0,0,0,0,-238000,0,0,0,37000,275000,-238000,-238000
049040,亞光兆豐95購01  ,0,0,0,0,0,0,0,0,0,-238000,0,0,0,209000,447000,-238000,-238000
053409,和碩兆豐96購02  ,0,0,0,0,0,0,0,0,0,-238000,0,0,0,302000,540000,-238000,-238000
054647,禾伸堂群益99購01,0,0,0,0,0,0,0,0,0,-239000,0,0,0,358000,597000,-239000,-239000
05000P,臺股指永豐95售01,0,0,0,0,0,0,0,0,0,-240000,0,0,0,0,240000,-240000,-240000
050101,台積電永昌96購03,10000,0,10000,0,0,0,0,0,0,-250000,0,0,0,479000,729000,-250000,-240000
053635,技嘉永豐96購01  ,0,0,0,0,0,0,0,0,0,-240000,0,0,0,103000,343000,-240000,-240000
052798,滬深2X元大96購07,0,0,0,0,0,0,0,0,0,-240000,0,0,0,0,240000,-240000,-240000
05062P,大立光富邦98售03,0,0,0,0,0,0,0,0,0,-241000,0,0,0,0,241000,-241000,-241000
06214P,國巨國票98售04  ,0,0,0,0,0,0,0,0,0,-241000,0,0,0,232000,473000,-241000,-241000
049811,聯鈞元大94購01  ,0,0,0,0,0,0,0,0,0,-242000,0,0,0,5000,247000,-242000,-242000
050238,瑞昱凱基94購05  ,0,0,0,0,0,0,0,0,0,-242000,0,0,0,13000,255000,-242000,-242000
051564,和碩國泰96購01  ,0,0,0,0,0,0,0,0,0,-242000,0,0,0,133000,375000,-242000,-242000
053269,同欣電群益96購01,0,0,0,0,0,0,0,0,0,-242000,0,0,0,53000,295000,-242000,-242000
056564,亞光群益98購02  ,0,0,0,0,0,0,0,0,0,-243000,0,0,0,5000,248000,-243000,-243000
051259,鴻海永昌96購03  ,0,0,0,0,0,0,0,0,0,-243000,0,0,0,3024000,3267000,-243000,-243000
053967,華邦電元大96購03,0,0,0,0,0,0,0,0,0,-243000,0,0,0,8000,251000,-243000,-243000
056901,華新科元大98購03,0,0,0,0,0,0,0,0,0,-244000,0,0,0,129000,373000,-244000,-244000
055826,中石化元大97購01,0,0,0,0,0,0,0,0,0,-244000,0,0,0,0,244000,-244000,-244000
055537,康友群益97購03  ,0,0,0,0,0,0,0,0,0,-244000,0,0,0,182000,426000,-244000,-244000
052233,台郡凱基96購01  ,0,0,0,0,0,0,0,0,0,-244000,0,0,0,125000,369000,-244000,-244000
053045,國巨中信97購01  ,0,0,0,0,0,0,0,0,0,-244000,0,0,0,118000,362000,-244000,-244000
06018P,康控凱基96售03  ,0,0,0,0,0,0,0,0,0,-244000,0,0,0,0,244000,-244000,-244000
057117,開發金日盛9B購01,0,0,0,0,0,0,0,0,0,-245000,0,0,0,0,245000,-245000,-245000
05215P,台積電台新95售03,0,0,0,0,0,0,0,0,0,-245000,0,0,0,0,245000,-245000,-245000
050726,可成國票96購01  ,0,0,0,0,0,0,0,0,0,-245000,0,0,0,0,245000,-245000,-245000
2406,國碩            ,173000,419000,-246000,0,0,0,0,0,0,1000,1000,0,1000,0,0,0,-245000
056892,旺宏元大9A購02  ,0,0,0,0,0,0,0,0,0,-246000,0,0,0,4000,250000,-246000,-246000
047946,南亞科統一93購04,0,0,0,0,0,0,0,0,0,-246000,0,0,0,0,246000,-246000,-246000
047285,鴻海統一95購02  ,0,0,0,0,0,0,0,0,0,-246000,0,0,0,541000,787000,-246000,-246000
049312,亞光凱基94購02  ,0,0,0,0,0,0,0,0,0,-246000,0,0,0,16000,262000,-246000,-246000
054439,健策台新96購03  ,0,0,0,0,0,0,0,0,0,-246000,0,0,0,9000,255000,-246000,-246000
056590,樺漢統一9A購01  ,0,0,0,0,0,0,0,0,0,-247000,0,0,0,105000,352000,-247000,-247000
055198,奇力新第一97購01,0,0,0,0,0,0,0,0,0,-247000,0,0,0,109000,356000,-247000,-247000
048062,南亞科統一93購05,0,0,0,0,0,0,0,0,0,-247000,0,0,0,10000,257000,-247000,-247000
051772,玉山金中信95購01,0,0,0,0,0,0,0,0,0,-248000,0,0,0,22000,270000,-248000,-248000
054965,健策元大98購04  ,0,0,0,0,0,0,0,0,0,-248000,0,0,0,323000,571000,-248000,-248000
055976,台積電統一99購03,0,0,0,0,0,0,0,0,0,-249000,0,0,0,266000,515000,-249000,-249000
056025,嘉晶群益97購01  ,0,0,0,0,0,0,0,0,0,-249000,0,0,0,44000,293000,-249000,-249000
056787,健鼎群益98購01  ,0,0,0,0,0,0,0,0,0,-249000,0,0,0,10000,259000,-249000,-249000
048627,T50反1元大96購02,0,0,0,0,0,0,0,0,0,-249000,0,0,0,116000,365000,-249000,-249000
047322,日月光元大93購04,0,0,0,0,0,0,0,0,0,-249000,0,0,0,0,249000,-249000,-249000
049148,全新元大95購01  ,0,0,0,0,0,0,0,0,0,-249000,0,0,0,0,249000,-249000,-249000
054557,臻鼎凱基98購01  ,0,0,0,0,0,0,0,0,0,-249000,0,0,0,0,249000,-249000,-249000
055812,台積電國票99購02,0,0,0,0,0,0,0,0,0,-250000,0,0,0,125000,375000,-250000,-250000
047221,日月光麥證93購01,0,0,0,0,250000,-250000,0,0,0,-250000,0,0,0,0,250000,-250000,-250000
04051P,友達中信94售02  ,0,0,0,0,0,0,0,0,0,-250000,0,0,0,0,250000,-250000,-250000
047799,技嘉兆豐93購01  ,0,0,0,0,0,0,0,0,0,-250000,0,0,0,20000,270000,-250000,-250000
051051,鴻海群益95購04  ,0,0,0,0,0,0,0,0,0,-250000,0,0,0,0,250000,-250000,-250000
048968,可成元大94購02  ,0,0,0,0,0,0,0,0,0,-250000,0,0,0,2000,252000,-250000,-250000
05176P,台積電凱基95售11,0,0,0,0,0,0,0,0,0,-250000,0,0,0,0,250000,-250000,-250000
050613,台光電元大94購09,0,0,0,0,0,0,0,0,0,-250000,0,0,0,0,250000,-250000,-250000
052021,易華電永豐95購03,0,0,0,0,0,0,0,0,0,-250000,0,0,0,0,250000,-250000,-250000
055736,宏達電元富99購01,0,0,0,0,0,0,0,0,0,-251000,0,0,0,48000,299000,-251000,-251000
056082,旺宏統一99購02  ,0,0,0,0,0,0,0,0,0,-251000,0,0,0,150000,401000,-251000,-251000
052541,大立光統一95購06,0,0,0,0,0,0,0,0,0,-251000,0,0,0,0,251000,-251000,-251000
053408,友達兆豐98購01  ,0,0,0,0,0,0,0,0,0,-251000,0,0,0,126000,377000,-251000,-251000
05884P,旺宏統一96售01  ,0,0,0,0,0,0,0,0,0,-251000,0,0,0,231000,482000,-251000,-251000
056488,致新元大99購01  ,0,0,0,0,0,0,0,0,0,-252000,0,0,0,265000,517000,-252000,-252000
049957,智邦統一94購01  ,0,0,0,0,0,0,0,0,0,-252000,0,0,0,0,252000,-252000,-252000
049602,南電元大95購01  ,0,0,0,0,0,0,0,0,0,-252000,0,0,0,0,252000,-252000,-252000
9188,精熙-DR         ,0,252000,-252000,0,0,0,0,0,0,0,0,0,0,0,0,0,-252000
052478,大立光群益95購05,0,0,0,0,0,0,0,0,0,-253000,0,0,0,40000,293000,-253000,-253000
4142,國光生          ,156000,411000,-255000,0,0,0,0,0,0,2000,2000,0,2000,0,0,0,-253000
06157P,聯鈞統一97售02  ,0,0,0,0,0,0,0,0,0,-253000,0,0,0,123000,376000,-253000,-253000
057278,可成元大98購06  ,0,0,0,0,0,0,0,0,0,-254000,0,0,0,59000,313000,-254000,-254000
048287,嘉晶兆豐94購01  ,0,0,0,0,0,0,0,0,0,-254000,0,0,0,10000,264000,-254000,-254000
044290,群創凱基93購05  ,0,0,0,0,0,0,0,0,0,-254000,0,0,0,100000,354000,-254000,-254000
055128,致新兆豐97購01  ,0,0,0,0,0,0,0,0,0,-255000,0,0,0,309000,564000,-255000,-255000
055090,國巨群益97購03  ,0,0,0,0,0,0,0,0,0,-255000,0,0,0,0,255000,-255000,-255000
048010,嘉聯益富邦97購01,0,0,0,0,0,0,0,0,0,-255000,0,0,0,0,255000,-255000,-255000
050653,聯鈞凱基96購01  ,0,0,0,0,0,0,0,0,0,-255000,0,0,0,178000,433000,-255000,-255000
049071,台達電凱基94購02,0,0,0,0,0,0,0,0,0,-255000,0,0,0,0,255000,-255000,-255000
053313,世紀鋼凱基96購01,0,0,0,0,0,0,0,0,0,-255000,0,0,0,46000,301000,-255000,-255000
048829,欣興凱基94購02  ,0,0,0,0,0,0,0,0,0,-257000,0,0,0,12000,269000,-257000,-257000
050744,健策永豐94購04  ,0,0,0,0,0,0,0,0,0,-257000,0,0,0,109000,366000,-257000,-257000
052824,揚明光永豐96購02,0,0,0,0,0,0,0,0,0,-258000,0,0,0,0,258000,-258000,-258000
056875,亞光凱基98購03  ,0,0,0,0,0,0,0,0,0,-259000,0,0,0,55000,314000,-259000,-259000
049367,全新元大96購01  ,0,0,0,0,0,0,0,0,0,-259000,0,0,0,0,259000,-259000,-259000
055082,台郡中信97購01  ,0,0,0,0,0,0,0,0,0,-260000,0,0,0,130000,390000,-260000,-260000
044340,TPK統一93購01   ,0,0,0,0,0,0,0,0,0,-260000,0,0,0,50000,310000,-260000,-260000
048895,光罩國泰95購01  ,0,0,0,0,0,0,0,0,0,-260000,0,0,0,0,260000,-260000,-260000
053749,揚明光永豐97購01,0,0,0,0,0,0,0,0,0,-260000,0,0,0,0,260000,-260000,-260000
054514,道瓊銀元大98購01,0,0,0,0,0,0,0,0,0,-260000,0,0,0,19000,279000,-260000,-260000
05767P,國巨凱基96售11  ,0,0,0,0,0,0,0,0,0,-260000,0,0,0,230000,490000,-260000,-260000
06751P,旺宏凱基98售10  ,0,0,0,0,0,0,0,0,0,-260000,0,0,0,80000,340000,-260000,-260000
04104P,臺股指國票93售11,0,0,0,0,0,0,0,0,0,-261000,0,0,0,55000,316000,-261000,-261000
048726,儒鴻麥證95購01  ,0,0,0,20000,281000,-261000,0,0,0,-261000,0,0,0,20000,281000,-261000,-261000
054142,致伸元大97購01  ,0,0,0,0,0,0,0,0,0,-261000,0,0,0,76000,337000,-261000,-261000
054361,技嘉凱基96購01  ,0,0,0,0,0,0,0,0,0,-262000,0,0,0,247000,509000,-262000,-262000
057504,技嘉麥證98購01  ,20000,0,20000,0,296000,-296000,0,0,0,-282000,0,0,0,14000,296000,-282000,-262000
047673,瑞昱元富96購01  ,0,0,0,0,0,0,0,0,0,-263000,0,0,0,77000,340000,-263000,-263000
051027,楠梓電元富95購01,0,0,0,0,0,0,0,0,0,-263000,0,0,0,0,263000,-263000,-263000
055464,聚陽凱基97購01  ,0,0,0,0,0,0,0,0,0,-264000,0,0,0,39000,303000,-264000,-264000
054316,矽創凱基97購01  ,0,0,0,0,0,0,0,0,0,-264000,0,0,0,0,264000,-264000,-264000
056318,鴻海群益98購02  ,0,0,0,0,0,0,0,0,0,-265000,0,0,0,3000,268000,-265000,-265000
04391P,玉晶光凱基95售03,0,0,0,0,0,0,0,0,0,-265000,0,0,0,0,265000,-265000,-265000
051915,日月光元大96購01,0,0,0,0,0,0,0,0,0,-265000,0,0,0,20000,285000,-265000,-265000
051944,智邦統一95購02  ,0,0,0,0,0,0,0,0,0,-265000,0,0,0,15000,280000,-265000,-265000
05270P,台表科元大95售05,0,0,0,0,0,0,0,0,0,-265000,0,0,0,244000,509000,-265000,-265000
056294,上銀元大97購11  ,0,0,0,0,0,0,0,0,0,-266000,0,0,0,231000,497000,-266000,-266000
044405,材料凱基93購01  ,0,0,0,0,0,0,0,0,0,-266000,0,0,0,34000,300000,-266000,-266000
053079,世紀鋼永豐96購01,0,0,0,0,0,0,0,0,0,-266000,0,0,0,195000,461000,-266000,-266000
049078,瑞昱凱基94購02  ,0,0,0,0,0,0,0,0,0,-267000,0,0,0,72000,339000,-267000,-267000
05874P,台積電群益96售10,0,0,0,0,0,0,0,0,0,-267000,0,0,0,62000,329000,-267000,-267000
8016,矽創            ,242000,501501,-259501,0,0,0,0,0,0,-8000,7000,27000,-20000,24000,12000,12000,-267501
055010,佐登元富97購01  ,0,0,0,0,0,0,0,0,0,-268000,0,0,0,0,268000,-268000,-268000
054366,和大中信98購01  ,0,0,0,0,0,0,0,0,0,-269000,0,0,0,0,269000,-269000,-269000
056707,鴻海富邦99購03  ,0,0,0,0,0,0,0,0,0,-270000,0,0,0,3000,273000,-270000,-270000
00830,國泰費城半導體  ,0,0,0,0,0,0,0,0,0,-270000,0,0,0,91000,361000,-270000,-270000
00701,國泰股利精選30  ,9000,0,9000,0,0,0,0,0,0,-279000,0,0,0,1089000,1368000,-279000,-270000
048270,T50反1富邦99購01,0,0,0,0,0,0,0,0,0,-270000,0,0,0,0,270000,-270000,-270000
048994,南電元大94購03  ,0,0,0,0,0,0,0,0,0,-270000,0,0,0,0,270000,-270000,-270000
051954,矽力元富95購04  ,0,0,0,0,0,0,0,0,0,-270000,0,0,0,5000,275000,-270000,-270000
051938,旭富群益95購01  ,0,0,0,0,0,0,0,0,0,-270000,0,0,0,111000,381000,-270000,-270000
049845,台積電麥證94購01,0,0,0,10000,280000,-270000,0,0,0,-270000,0,0,0,10000,280000,-270000,-270000
052045,瑞昱凱基96購01  ,0,0,0,0,0,0,0,0,0,-271000,0,0,0,115000,386000,-271000,-271000
056191,世紀鋼統一97購01,0,0,0,0,0,0,0,0,0,-272000,0,0,0,56000,328000,-272000,-272000
051870,台郡凱基95購04  ,0,0,0,0,0,0,0,0,0,-272000,0,0,0,0,272000,-272000,-272000
051579,宏碁元大95購01  ,0,0,0,0,0,0,0,0,0,-272000,0,0,0,201000,473000,-272000,-272000
055489,瑞昱元大97購02  ,0,0,0,0,0,0,0,0,0,-273000,0,0,0,30000,303000,-273000,-273000
056818,正崴永豐98購01  ,0,0,0,0,0,0,0,0,0,-273000,0,0,0,100000,373000,-273000,-273000
048471,旭富永豐93購01  ,0,0,0,0,0,0,0,0,0,-273000,0,0,0,0,273000,-273000,-273000
054073,群創富邦96購03  ,0,0,0,0,0,0,0,0,0,-273000,0,0,0,94000,367000,-273000,-273000
056487,康友元大98購01  ,0,0,0,0,0,0,0,0,0,-274000,0,0,0,220000,494000,-274000,-274000
050822,亞光凱基95購01  ,0,0,0,0,0,0,0,0,0,-274000,0,0,0,14000,288000,-274000,-274000
053071,南電群益96購01  ,0,0,0,0,0,0,0,0,0,-274000,0,0,0,35000,309000,-274000,-274000
049394,T50反1群益94購01,0,0,0,0,0,0,0,0,0,-275000,0,0,0,0,275000,-275000,-275000
050283,T50反1凱基9A購01,0,0,0,0,0,0,0,0,0,-275000,0,0,0,10000,285000,-275000,-275000
05770P,聯發科凱基96售16,0,0,0,0,0,0,0,0,0,-275000,0,0,0,50000,325000,-275000,-275000
056915,上銀兆豐99購01  ,0,0,0,0,0,0,0,0,0,-276000,0,0,0,599000,875000,-276000,-276000
055633,牧德永豐97購02  ,0,0,0,0,0,0,0,0,0,-276000,0,0,0,0,276000,-276000,-276000
051872,矽力凱基96購01  ,0,0,0,0,0,0,0,0,0,-276000,0,0,0,16000,292000,-276000,-276000
052275,日月光群益95購01,0,0,0,0,0,0,0,0,0,-276000,0,0,0,11000,287000,-276000,-276000
2383,台光電          ,1418000,978776,439224,0,0,0,0,846000,-846000,130000,236000,58000,178000,8000,56000,-48000,-276776
056992,祥碩兆豐98購01  ,0,0,0,0,0,0,0,0,0,-279000,0,0,0,0,279000,-279000,-279000
052029,矽力群益95購02  ,0,0,0,0,0,0,0,0,0,-279000,0,0,0,11000,290000,-279000,-279000
054126,和大元大96購02  ,0,0,0,0,0,0,0,0,0,-279000,0,0,0,108000,387000,-279000,-279000
055679,華通凱基99購01  ,0,0,0,0,0,0,0,0,0,-280000,0,0,0,50000,330000,-280000,-280000
047470,聯發科中信94購03,0,0,0,0,0,0,0,0,0,-280000,0,0,0,0,280000,-280000,-280000
047348,台光電凱基94購02,0,0,0,0,0,0,0,0,0,-280000,0,0,0,0,280000,-280000,-280000
053896,麗豐群益97購01  ,0,0,0,0,0,0,0,0,0,-280000,0,0,0,31000,311000,-280000,-280000
05403P,台積電富邦95售08,0,0,0,0,0,0,0,0,0,-281000,0,0,0,240000,521000,-281000,-281000
054299,南電元大96購03  ,0,0,0,0,0,0,0,0,0,-281000,0,0,0,124000,405000,-281000,-281000
054575,聯鈞元大97購01  ,0,0,0,0,0,0,0,0,0,-281000,0,0,0,177000,458000,-281000,-281000
04855P,上証2X元富94售02,0,0,0,0,0,0,0,0,0,-282000,0,0,0,120000,402000,-282000,-282000
051340,健策永豐95購03  ,0,0,0,0,0,0,0,0,0,-282000,0,0,0,196000,478000,-282000,-282000
056860,正崴群益98購01  ,0,0,0,0,0,0,0,0,0,-283000,0,0,0,158000,441000,-283000,-283000
050258,為升元大94購08  ,0,0,0,0,0,0,0,0,0,-283000,0,0,0,64000,347000,-283000,-283000
055509,訊芯元大97購03  ,0,0,0,0,0,0,0,0,0,-284000,0,0,0,51000,335000,-284000,-284000
051288,可成統一95購03  ,0,0,0,0,0,0,0,0,0,-284000,0,0,0,996000,1280000,-284000,-284000
049940,臺股指元大94購21,0,0,0,0,0,0,0,0,0,-284000,0,0,0,12000,296000,-284000,-284000
056139,貿聯元大97購04  ,0,0,0,0,0,0,0,0,0,-285000,0,0,0,5000,290000,-285000,-285000
047972,康控富邦95購01  ,0,0,0,0,0,0,0,0,0,-285000,0,0,0,0,285000,-285000,-285000
048331,臺指反富邦97購01,0,0,0,0,0,0,0,0,0,-285000,0,0,0,0,285000,-285000,-285000
052132,旺宏凱基9B購01  ,0,0,0,0,0,0,0,0,0,-285000,0,0,0,29000,314000,-285000,-285000
052306,鴻海國泰97購05  ,0,0,0,0,0,0,0,0,0,-285000,0,0,0,81000,366000,-285000,-285000
054362,亞光凱基96購03  ,0,0,0,0,0,0,0,0,0,-285000,0,0,0,140000,425000,-285000,-285000
06646P,國巨元大98售16  ,0,0,0,0,0,0,0,0,0,-285000,0,0,0,28000,313000,-285000,-285000
055412,旺宏富邦99購01  ,0,0,0,0,0,0,0,0,0,-286000,0,0,0,0,286000,-286000,-286000
055548,旺宏凱基97購02  ,0,0,0,0,0,0,0,0,0,-286000,0,0,0,0,286000,-286000,-286000
050623,致新元大94購05  ,0,0,0,0,0,0,0,0,0,-286000,0,0,0,0,286000,-286000,-286000
06222P,致茂元富97售02  ,0,0,0,0,0,0,0,0,0,-286000,0,0,0,145000,431000,-286000,-286000
054460,和大凱基97購01  ,0,0,0,0,0,0,0,0,0,-287000,0,0,0,66000,353000,-287000,-287000
057534,旭富元大98購01  ,0,0,0,0,0,0,0,0,0,-287000,0,0,0,0,287000,-287000,-287000
3533,嘉澤            ,181000,150000,31000,0,0,0,12000,306000,-294000,-24000,6000,16000,-10000,6000,20000,-14000,-287000
048167,旺宏永豐93購04  ,0,0,0,0,0,0,0,0,0,-288000,0,0,0,10000,298000,-288000,-288000
053255,貿聯國泰97購01  ,0,0,0,0,0,0,0,0,0,-288000,0,0,0,123000,411000,-288000,-288000
055186,正文統一97購01  ,0,0,0,0,0,0,0,0,0,-289000,0,0,0,82000,371000,-289000,-289000
05103P,臺股指凱基96售10,0,0,0,0,0,0,0,0,0,-289000,0,0,0,125000,414000,-289000,-289000
052866,大立光凱基96購12,0,0,0,0,0,0,0,0,0,-289000,0,0,0,0,289000,-289000,-289000
052239,泰鼎國票97購01  ,0,0,0,0,0,0,0,0,0,-290000,0,0,0,0,290000,-290000,-290000
053750,致伸永豐96購02  ,0,0,0,0,0,0,0,0,0,-290000,0,0,0,50000,340000,-290000,-290000
049668,大立光國泰96購02,0,0,0,0,0,0,0,0,0,-291000,0,0,0,215000,506000,-291000,-291000
054425,聯發科富邦99購03,0,0,0,0,0,0,0,0,0,-291000,0,0,0,18000,309000,-291000,-291000
050472,和大永豐94購01  ,0,0,0,0,0,0,0,0,0,-292000,0,0,0,0,292000,-292000,-292000
5264,鎧勝-KY         ,204000,485000,-281000,0,0,0,0,0,0,-11000,7000,14000,-7000,6000,10000,-4000,-292000
055288,日電貿元大97購02,0,0,0,0,0,0,0,0,0,-293000,0,0,0,177000,470000,-293000,-293000
055416,欣興富邦98購01  ,0,0,0,0,0,0,0,0,0,-293000,0,0,0,55000,348000,-293000,-293000
051662,大立光永昌96購03,0,0,0,0,0,0,0,0,0,-293000,0,0,0,5000,298000,-293000,-293000
057529,嘉晶元大99購02  ,0,0,0,0,0,0,0,0,0,-293000,0,0,0,28000,321000,-293000,-293000
057545,國巨凱基99購05  ,0,0,0,0,0,0,0,0,0,-294000,0,0,0,7000,301000,-294000,-294000
051700,深中小群益99購04,0,0,0,0,0,0,0,0,0,-295000,0,0,0,404000,699000,-295000,-295000
054289,聯發科元大97購11,0,0,0,0,0,0,0,0,0,-295000,0,0,0,0,295000,-295000,-295000
2368,金像電          ,1011000,1519000,-508000,0,0,0,100000,0,100000,113000,213000,100000,113000,0,0,0,-295000
057043,台積電元大99購02,0,0,0,0,0,0,0,0,0,-296000,0,0,0,963000,1259000,-296000,-296000
053319,可成群益96購04  ,0,0,0,0,0,0,0,0,0,-296000,0,0,0,12000,308000,-296000,-296000
047245,聯發科群益94購03,0,0,0,0,0,0,0,0,0,-297000,0,0,0,21000,318000,-297000,-297000
051996,康友元大95購01  ,0,0,0,0,0,0,0,0,0,-297000,0,0,0,67000,364000,-297000,-297000
05684P,臺股指元大96售09,0,0,0,0,0,0,0,0,0,-298000,0,0,0,190000,488000,-298000,-298000
051114,鈺齊中信95購01  ,0,0,0,0,0,0,0,0,0,-298000,0,0,0,250000,548000,-298000,-298000
054801,康友群益97購02  ,0,0,0,0,0,0,0,0,0,-298000,0,0,0,193000,491000,-298000,-298000
050465,神基中信94購01  ,0,0,0,0,0,0,0,0,0,-299000,0,0,0,0,299000,-299000,-299000
054463,瑞昱凱基97購01  ,0,0,0,0,0,0,0,0,0,-299000,0,0,0,17000,316000,-299000,-299000
052606,聯發科元大97購04,0,0,0,0,0,0,0,0,0,-299000,0,0,0,10000,309000,-299000,-299000
056327,樺漢兆豐98購01  ,0,0,0,0,0,0,0,0,0,-300000,0,0,0,68000,368000,-300000,-300000
056365,欣興元大98購01  ,0,0,0,0,0,0,0,0,0,-300000,0,0,0,76000,376000,-300000,-300000
055313,南電群益97購01  ,0,0,0,0,0,0,0,0,0,-300000,0,0,0,9000,309000,-300000,-300000
050835,GIS凱基96購01   ,0,0,0,0,0,0,0,0,0,-300000,0,0,0,1000,301000,-300000,-300000
04370P,聯茂凱基94售05  ,0,0,0,0,0,0,0,0,0,-300000,0,0,0,0,300000,-300000,-300000
046220,滬深2X元大95購03,0,0,0,0,0,0,0,0,0,-300000,0,0,0,10000,310000,-300000,-300000
054700,致新永豐97購01  ,0,0,0,0,0,0,0,0,0,-300000,0,0,0,58000,358000,-300000,-300000
053768,S&P反1元大99購01,0,0,0,0,0,0,0,0,0,-300000,0,0,0,0,300000,-300000,-300000
048054,鴻海國泰95購01  ,0,0,0,0,0,0,0,0,0,-301000,0,0,0,13000,314000,-301000,-301000
050400,臻鼎中信97購01  ,0,0,0,0,0,0,0,0,0,-301000,0,0,0,14000,315000,-301000,-301000
054983,國巨元富97購04  ,0,0,0,0,0,0,0,0,0,-301000,0,0,0,662000,963000,-301000,-301000
057326,景碩群益99購02  ,0,0,0,0,0,0,0,0,0,-302000,0,0,0,66000,368000,-302000,-302000
050121,南電元大95購02  ,0,0,0,0,0,0,0,0,0,-302000,0,0,0,12000,314000,-302000,-302000
00850,元大臺灣ESG永續 ,2000,6000,-4000,0,0,0,0,0,0,-298000,0,0,0,1578000,1876000,-298000,-302000
054443,樺漢台新96購02  ,0,0,0,0,0,0,0,0,0,-302000,0,0,0,0,302000,-302000,-302000
053882,聯發科中信98購02,0,0,0,0,0,0,0,0,0,-302000,0,0,0,0,302000,-302000,-302000
06123P,玉晶光元大97售04,0,0,0,0,0,0,0,0,0,-302000,0,0,0,136000,438000,-302000,-302000
055287,日電貿元大97購01,0,0,0,0,0,0,0,0,0,-303000,0,0,0,203000,506000,-303000,-303000
055392,凱美統一97購03  ,0,0,0,0,0,0,0,0,0,-303000,0,0,0,10000,313000,-303000,-303000
055979,聯鈞統一97購03  ,0,0,0,0,0,0,0,0,0,-303000,0,0,0,187000,490000,-303000,-303000
051131,玉山金台新95購01,0,0,0,0,0,0,0,0,0,-303000,0,0,0,74000,377000,-303000,-303000
08218P,滬深2X凱基96售01,0,0,0,0,0,0,0,0,0,-303000,0,0,0,0,303000,-303000,-303000
053767,臻鼎富邦97購02  ,0,0,0,0,0,0,0,0,0,-304000,0,0,0,0,304000,-304000,-304000
053281,茂林元大96購02  ,0,0,0,0,0,0,0,0,0,-304000,0,0,0,145000,449000,-304000,-304000
053855,康友國泰98購01  ,0,0,0,0,0,0,0,0,0,-305000,0,0,0,5000,310000,-305000,-305000
054040,中石化元大9C購01,0,0,0,0,0,0,0,0,0,-305000,0,0,0,0,305000,-305000,-305000
057192,力成元大98購01  ,0,0,0,0,0,0,0,0,0,-306000,0,0,0,0,306000,-306000,-306000
054358,矽創兆豐96購01  ,0,0,0,0,0,0,0,0,0,-306000,0,0,0,0,306000,-306000,-306000
054240,訊芯群益96購03  ,0,0,0,0,0,0,0,0,0,-306000,0,0,0,31000,337000,-306000,-306000
05688P,臺股指元大96售13,0,0,0,0,0,0,0,0,0,-307000,0,0,0,88000,395000,-307000,-307000
052797,樺漢兆豐96購01  ,0,0,0,0,0,0,0,0,0,-307000,0,0,0,0,307000,-307000,-307000
051822,和碩元富95購01  ,0,0,0,0,0,0,0,0,0,-308000,0,0,0,39000,347000,-308000,-308000
052209,深中小元大95購02,0,0,0,0,0,0,0,0,0,-308000,0,0,0,0,308000,-308000,-308000
056079,世紀鋼元大97購02,0,0,0,0,0,0,0,0,0,-309000,0,0,0,103000,412000,-309000,-309000
054382,康控群益96購03  ,0,0,0,0,0,0,0,0,0,-309000,0,0,0,22000,331000,-309000,-309000
057415,和碩日盛98購01  ,0,0,0,0,0,0,0,0,0,-310000,0,0,0,37000,347000,-310000,-310000
04974P,聯發科凱基96售02,0,0,0,0,0,0,0,0,0,-310000,0,0,0,0,310000,-310000,-310000
00686R,群益臺灣加權反1 ,0,0,0,0,0,0,0,0,0,-311000,0,0,0,2000,313000,-311000,-311000
055922,台郡凱基98購03  ,0,0,0,0,0,0,0,0,0,-312000,0,0,0,43000,355000,-312000,-312000
050971,緯穎永豐95購01  ,0,0,0,0,0,0,0,0,0,-312000,0,0,0,219000,531000,-312000,-312000
052838,新唐國泰98購01  ,0,0,0,0,0,0,0,0,0,-312000,0,0,0,0,312000,-312000,-312000
053404,致新群益96購01  ,0,0,0,0,0,0,0,0,0,-312000,0,0,0,442000,754000,-312000,-312000
5607,遠雄港          ,97000,410000,-313000,0,0,0,0,0,0,1000,1000,0,1000,0,0,0,-312000
057257,台泥兆豐99購01  ,0,0,0,0,0,0,0,0,0,-313000,0,0,0,0,313000,-313000,-313000
03686P,大立光統一98售02,0,0,0,0,0,0,0,0,0,-313000,0,0,0,463000,776000,-313000,-313000
046486,樺漢國泰94購01  ,0,0,0,0,0,0,0,0,0,-314000,0,0,0,180000,494000,-314000,-314000
046370,全新麥證93購01  ,0,0,0,0,315000,-315000,0,0,0,-315000,0,0,0,0,315000,-315000,-315000
047003,鴻海統一93購05  ,0,0,0,0,0,0,0,0,0,-315000,0,0,0,1000,316000,-315000,-315000
052550,鴻海國票97購02  ,0,0,0,0,0,0,0,0,0,-315000,0,0,0,150000,465000,-315000,-315000
05347P,滬深2X元富9B售02,0,0,0,0,0,0,0,0,0,-316000,0,0,0,549000,865000,-316000,-316000
054981,國巨元富97購02  ,0,0,0,0,0,0,0,0,0,-316000,0,0,0,91000,407000,-316000,-316000
054652,裕隆麥證97購01  ,0,0,0,240000,557000,-317000,0,0,0,-317000,0,0,0,240000,557000,-317000,-317000
045189,大立光元富98購01,0,0,0,0,0,0,0,0,0,-318000,0,0,0,154000,472000,-318000,-318000
057088,上銀元富98購01  ,0,0,0,0,0,0,0,0,0,-319000,0,0,0,203000,522000,-319000,-319000
06192P,高股息中信98售01,0,0,0,0,0,0,0,0,0,-319000,0,0,0,0,319000,-319000,-319000
044255,群創元大93購01  ,0,0,0,0,0,0,0,0,0,-320000,0,0,0,0,320000,-320000,-320000
051293,鴻海元富95購05  ,0,0,0,0,0,0,0,0,0,-320000,0,0,0,330000,650000,-320000,-320000
051227,技嘉群益97購01  ,0,0,0,0,0,0,0,0,0,-322000,0,0,0,291000,613000,-322000,-322000
056388,勤誠國泰99購01  ,0,0,0,0,0,0,0,0,0,-323000,0,0,0,10000,333000,-323000,-323000
046870,大立光統一95購01,0,0,0,0,0,0,0,0,0,-323000,0,0,0,4000,327000,-323000,-323000
08637P,台灣50中信96售03,0,0,0,0,0,0,0,0,0,-323000,0,0,0,1334000,1657000,-323000,-323000
054943,群光元大97購01  ,0,0,0,0,0,0,0,0,0,-324000,0,0,0,51000,375000,-324000,-324000
055806,致新永豐97購02  ,0,0,0,0,0,0,0,0,0,-325000,0,0,0,42000,367000,-325000,-325000
057308,同欣電兆豐99購01,0,0,0,0,0,0,0,0,0,-326000,0,0,0,22000,348000,-326000,-326000
047968,南電國泰94購01  ,0,0,0,0,0,0,0,0,0,-326000,0,0,0,0,326000,-326000,-326000
054906,神達康和97購01  ,0,0,0,0,0,0,0,0,0,-326000,0,0,0,705000,1031000,-326000,-326000
054624,台積電凱基98購03,0,0,0,0,0,0,0,0,0,-326000,0,0,0,27000,353000,-326000,-326000
04770P,鴻海元大94售09  ,0,0,0,0,0,0,0,0,0,-327000,0,0,0,0,327000,-327000,-327000
051229,亞光群益95購01  ,0,0,0,0,0,0,0,0,0,-327000,0,0,0,22000,349000,-327000,-327000
052644,聯發科永豐96購01,0,0,0,0,0,0,0,0,0,-327000,0,0,0,233000,560000,-327000,-327000
055759,技嘉群益98購02  ,0,0,0,0,0,0,0,0,0,-328000,0,0,0,444000,772000,-328000,-328000
055966,茂林元大99購01  ,0,0,0,0,0,0,0,0,0,-328000,0,0,0,573000,901000,-328000,-328000
056024,大立光群益97購05,0,0,0,0,0,0,0,0,0,-328000,0,0,0,0,328000,-328000,-328000
044683,聯鈞凱基93購01  ,0,0,0,0,0,0,0,0,0,-328000,0,0,0,111000,439000,-328000,-328000
050050,國泰金群益94購02,0,0,0,0,0,0,0,0,0,-329000,0,0,0,0,329000,-329000,-329000
052179,康友元大95購03  ,0,0,0,0,0,0,0,0,0,-329000,0,0,0,374000,703000,-329000,-329000
055646,漢唐元富97購01  ,0,0,0,0,0,0,0,0,0,-330000,0,0,0,0,330000,-330000,-330000
055292,聯鈞元大97購02  ,0,0,0,0,0,0,0,0,0,-330000,0,0,0,245000,575000,-330000,-330000
057130,全新凱基98購03  ,0,0,0,0,0,0,0,0,0,-330000,0,0,0,47000,377000,-330000,-330000
06194P,台積電元富97售05,0,0,0,0,0,0,0,0,0,-331000,0,0,0,702000,1033000,-331000,-331000
057304,為升兆豐99購02  ,0,0,0,0,0,0,0,0,0,-332000,0,0,0,0,332000,-332000,-332000
054630,聯鈞凱基98購01  ,0,0,0,0,0,0,0,0,0,-333000,0,0,0,6000,339000,-333000,-333000
051123,和鑫群益95購01  ,0,0,0,0,0,0,0,0,0,-334000,0,0,0,172000,506000,-334000,-334000
052578,大立光統一97購01,0,0,0,0,0,0,0,0,0,-334000,0,0,0,1000,335000,-334000,-334000
04935P,鴻海中信96售01  ,0,0,0,0,0,0,0,0,0,-335000,0,0,0,135000,470000,-335000,-335000
054426,國泰金富邦97購02,0,0,0,0,0,0,0,0,0,-335000,0,0,0,100000,435000,-335000,-335000
047925,可成凱基94購01  ,0,0,0,0,0,0,0,0,0,-336000,0,0,0,54000,390000,-336000,-336000
055038,華航富邦99購01  ,0,0,0,0,0,0,0,0,0,-336000,0,0,0,2000,338000,-336000,-336000
052684,旺宏元大98購01  ,0,0,0,0,0,0,0,0,0,-336000,0,0,0,211000,547000,-336000,-336000
053756,亞光元富96購02  ,0,0,0,0,0,0,0,0,0,-336000,0,0,0,54000,390000,-336000,-336000
056950,亞光統一99購01  ,0,0,0,0,0,0,0,0,0,-337000,0,0,0,0,337000,-337000,-337000
00640L,富邦日本正2     ,0,0,0,0,0,0,0,0,0,-337000,0,0,0,583000,920000,-337000,-337000
050879,樺漢統一95購02  ,0,0,0,0,0,0,0,0,0,-337000,0,0,0,48000,385000,-337000,-337000
055027,牧德國泰99購01  ,0,0,0,0,0,0,0,0,0,-337000,0,0,0,417000,754000,-337000,-337000
054851,樺漢兆豐97購01  ,0,0,0,0,0,0,0,0,0,-339000,0,0,0,53000,392000,-339000,-339000
054247,華邦電元大96購04,0,0,0,0,0,0,0,0,0,-339000,0,0,0,120000,459000,-339000,-339000
04025P,宏達電國泰94售01,0,0,0,0,0,0,0,0,0,-340000,0,0,0,0,340000,-340000,-340000
048483,可成國泰95購01  ,0,0,0,0,0,0,0,0,0,-340000,0,0,0,645000,985000,-340000,-340000
046380,神基凱基93購01  ,0,0,0,0,0,0,0,0,0,-340000,0,0,0,0,340000,-340000,-340000
04995P,台達電凱基96售03,0,0,0,0,0,0,0,0,0,-340000,0,0,0,610000,950000,-340000,-340000
057599,技嘉群益9A購01  ,0,0,0,0,0,0,0,0,0,-340000,0,0,0,26000,366000,-340000,-340000
056625,致伸永豐98購01  ,0,0,0,0,0,0,0,0,0,-341000,0,0,0,22000,363000,-341000,-341000
056053,和大元大97購05  ,2000,0,2000,0,0,0,0,0,0,-343000,0,0,0,55000,398000,-343000,-341000
054201,聯詠富邦97購02  ,0,0,0,0,0,0,0,0,0,-342000,0,0,0,10000,352000,-342000,-342000
05858P,矽力中信96售01  ,0,0,0,0,0,0,0,0,0,-342000,0,0,0,17000,359000,-342000,-342000
054331,世芯永豐96購03  ,0,0,0,0,0,0,0,0,0,-343000,0,0,0,4000,347000,-343000,-343000
052719,致新凱基96購01  ,0,0,0,0,0,0,0,0,0,-343000,0,0,0,94000,437000,-343000,-343000
057371,可成元大98購08  ,0,0,0,0,0,0,0,0,0,-344000,0,0,0,5000,349000,-344000,-344000
051338,揚明光永豐95購02,0,0,0,0,0,0,0,0,0,-344000,0,0,0,16000,360000,-344000,-344000
052886,世紀鋼兆豐96購01,0,0,0,0,0,0,0,0,0,-344000,0,0,0,0,344000,-344000,-344000
3014,聯陽            ,99000,449000,-350000,0,0,0,0,0,0,6000,6000,0,6000,0,0,0,-344000
051595,康控元大95購04  ,0,0,0,0,0,0,0,0,0,-345000,0,0,0,0,345000,-345000,-345000
052959,聯電凱基97購01  ,0,0,0,0,0,0,0,0,0,-345000,0,0,0,120000,465000,-345000,-345000
055533,大立光群益97購03,0,0,0,0,0,0,0,0,0,-346000,0,0,0,55000,401000,-346000,-346000
05529P,臺股指群益96售02,0,0,0,0,0,0,0,0,0,-347000,0,0,0,0,347000,-347000,-347000
048590,貿聯兆豐94購02  ,0,0,0,0,0,0,0,0,0,-347000,0,0,0,83000,430000,-347000,-347000
055269,和大元大97購02  ,0,0,0,0,0,0,0,0,0,-349000,0,0,0,36000,385000,-349000,-349000
06538P,國巨凱基98售11  ,0,0,0,0,0,0,0,0,0,-349000,0,0,0,2000,351000,-349000,-349000
050200,致新元大94購01  ,0,0,0,0,0,0,0,0,0,-350000,0,0,0,0,350000,-350000,-350000
049005,可成中信95購01  ,0,0,0,0,0,0,0,0,0,-350000,0,0,0,0,350000,-350000,-350000
054378,楠梓電群益98購01,0,0,0,0,0,0,0,0,0,-350000,0,0,0,11000,361000,-350000,-350000
055576,嘉晶統一98購01  ,0,0,0,0,0,0,0,0,0,-353000,0,0,0,5000,358000,-353000,-353000
054165,亞光凱基96購02  ,0,0,0,0,0,0,0,0,0,-353000,0,0,0,50000,403000,-353000,-353000
1477,聚陽            ,451000,927950,-476950,0,0,0,0,0,0,123000,97000,40000,57000,88000,22000,66000,-353950
057017,和大凱基98購01  ,0,0,0,0,0,0,0,0,0,-354000,0,0,0,73000,427000,-354000,-354000
056290,正文永豐98購01  ,0,0,0,0,0,0,0,0,0,-355000,0,0,0,77000,432000,-355000,-355000
056675,聯發科元富02購01,0,0,0,0,0,0,0,0,0,-356000,0,0,0,0,356000,-356000,-356000
055738,玉山金元富97購01,0,0,0,0,0,0,0,0,0,-356000,0,0,0,40000,396000,-356000,-356000
04327P,台積電國泰95售01,0,0,0,0,0,0,0,0,0,-357000,0,0,0,753000,1110000,-357000,-357000
051235,鴻海元大95購06  ,0,0,0,0,0,0,0,0,0,-357000,0,0,0,0,357000,-357000,-357000
047681,滬深反中信95購01,0,0,0,0,0,0,0,0,0,-358000,0,0,0,713000,1071000,-358000,-358000
054727,台積電日盛97購02,0,0,0,0,0,0,0,0,0,-358000,0,0,0,871000,1229000,-358000,-358000
052391,瑞儀群益95購01  ,0,0,0,0,0,0,0,0,0,-358000,0,0,0,10000,368000,-358000,-358000
049576,元油2X元大94購06,0,0,0,0,0,0,0,0,0,-359000,0,0,0,0,359000,-359000,-359000
054670,康友元富97購01  ,0,0,0,0,0,0,0,0,0,-359000,0,0,0,259000,618000,-359000,-359000
03638C,T50反1元大94牛03,0,0,0,0,0,0,0,0,0,-360000,0,0,0,0,360000,-360000,-360000
054166,日電貿凱基98購01,0,0,0,0,0,0,0,0,0,-360000,0,0,0,60000,420000,-360000,-360000
055446,奇力新統一9A購01,0,0,0,0,0,0,0,0,0,-361000,0,0,0,28000,389000,-361000,-361000
056593,台積電元富98購02,0,0,0,0,0,0,0,0,0,-361000,0,0,0,747000,1108000,-361000,-361000
056945,鴻海統一98購12  ,0,0,0,0,0,0,0,0,0,-361000,0,0,0,124000,485000,-361000,-361000
057353,玉晶光統一99購01,0,0,0,0,0,0,0,0,0,-361000,0,0,0,1000,362000,-361000,-361000
045161,玉晶光國泰94購03,0,0,0,0,0,0,0,0,0,-361000,0,0,0,71000,432000,-361000,-361000
053961,揚明光永豐96購04,0,0,0,0,0,0,0,0,0,-361000,0,0,0,20000,381000,-361000,-361000
045618,元油2X永豐98購01,0,0,0,0,0,0,0,0,0,-363000,0,0,0,137000,500000,-363000,-363000
05041P,大立光凱基95售09,0,0,0,0,0,0,0,0,0,-363000,0,0,0,350000,713000,-363000,-363000
2498,宏達電          ,368100,462000,-93900,0,0,0,0,0,0,-270000,7000,152000,-145000,38000,163000,-125000,-363900
055403,泰鼎元富97購01  ,0,0,0,0,0,0,0,0,0,-364000,0,0,0,155000,519000,-364000,-364000
052538,和大統一95購02  ,0,0,0,0,0,0,0,0,0,-364000,0,0,0,144000,508000,-364000,-364000
06361P,聯發科群益97售06,0,0,0,0,0,0,0,0,0,-365000,0,0,0,0,365000,-365000,-365000
05794P,華邦電群益96售04,0,0,0,0,0,0,0,0,0,-365000,0,0,0,10000,375000,-365000,-365000
046460,聯鈞凱基93購02  ,0,0,0,0,0,0,0,0,0,-368000,0,0,0,69000,437000,-368000,-368000
050142,聯發科元富9A購01,0,0,0,0,0,0,0,0,0,-368000,0,0,0,166000,534000,-368000,-368000
051487,健策凱基96購03  ,0,0,0,0,0,0,0,0,0,-368000,0,0,0,245000,613000,-368000,-368000
053886,亞光兆豐96購01  ,0,0,0,0,0,0,0,0,0,-369000,0,0,0,12000,381000,-369000,-369000
04888P,臺股指凱基95售03,0,0,0,0,0,0,0,0,0,-370000,0,0,0,0,370000,-370000,-370000
057404,貿聯群益99購01  ,0,0,0,0,0,0,0,0,0,-371000,0,0,0,0,371000,-371000,-371000
047194,世紀鋼元大96購01,0,0,0,0,0,0,0,0,0,-371000,0,0,0,16000,387000,-371000,-371000
053456,大立光元富96購04,0,0,0,0,0,0,0,0,0,-371000,0,0,0,4000,375000,-371000,-371000
04715P,聯茂元大94售06  ,0,0,0,0,0,0,0,0,0,-372000,0,0,0,0,372000,-372000,-372000
057511,健策統一98購02  ,0,0,0,0,0,0,0,0,0,-373000,0,0,0,0,373000,-373000,-373000
053361,友達元富99購01  ,0,0,0,0,0,0,0,0,0,-374000,0,0,0,142000,516000,-374000,-374000
054010,致伸元富96購01  ,0,0,0,0,0,0,0,0,0,-374000,0,0,0,20000,394000,-374000,-374000
056361,美律元大99購02  ,0,0,0,0,0,0,0,0,0,-375000,0,0,0,0,375000,-375000,-375000
055747,康舒元富97購01  ,0,0,0,0,0,0,0,0,0,-375000,0,0,0,58000,433000,-375000,-375000
056193,聯發科富邦99購08,0,0,0,0,0,0,0,0,0,-375000,0,0,0,55000,430000,-375000,-375000
048066,樺漢統一93購01  ,0,0,0,0,0,0,0,0,0,-375000,0,0,0,6000,381000,-375000,-375000
053888,和大群益97購01  ,0,0,0,0,0,0,0,0,0,-375000,0,0,0,50000,425000,-375000,-375000
054571,楠梓電元大99購01,0,0,0,0,0,0,0,0,0,-375000,0,0,0,223000,598000,-375000,-375000
053625,國巨兆豐96購03  ,0,0,0,0,0,0,0,0,0,-375000,0,0,0,128000,503000,-375000,-375000
057074,立積永豐98購01  ,0,0,0,0,0,0,0,0,0,-376000,0,0,0,0,376000,-376000,-376000
053819,大立光群益96購04,0,0,0,0,0,0,0,0,0,-376000,0,0,0,25000,401000,-376000,-376000
05835P,臺股指元富96售07,0,0,0,0,0,0,0,0,0,-376000,0,0,0,300000,676000,-376000,-376000
054535,旺宏富邦97購02  ,0,0,0,0,0,0,0,0,0,-377000,0,0,0,22000,399000,-377000,-377000
054695,世芯永豐98購01  ,0,0,0,0,0,0,0,0,0,-377000,0,0,0,13000,390000,-377000,-377000
041527,T50反1中信96購01,0,0,0,0,0,0,0,0,0,-379000,0,0,0,40000,419000,-379000,-379000
3005,神基            ,392000,663000,-271000,0,0,0,0,10000,-10000,-98000,60000,90000,-30000,0,68000,-68000,-379000
053540,健策永豐96購01  ,0,0,0,0,0,0,0,0,0,-380000,0,0,0,16000,396000,-380000,-380000
057262,友達兆豐98購03  ,0,0,0,0,0,0,0,0,0,-381000,0,0,0,10000,391000,-381000,-381000
055142,健策永豐98購01  ,0,0,0,0,0,0,0,0,0,-382000,0,0,0,240000,622000,-382000,-382000
048279,聯鈞永豐93購01  ,0,0,0,0,0,0,0,0,0,-382000,0,0,0,17000,399000,-382000,-382000
050393,樺漢統一94購01  ,0,0,0,0,0,0,0,0,0,-382000,0,0,0,15000,397000,-382000,-382000
054354,技嘉富邦97購01  ,0,0,0,0,0,0,0,0,0,-382000,0,0,0,83000,465000,-382000,-382000
04745P,祥碩元大94售04  ,0,0,0,0,0,0,0,0,0,-383000,0,0,0,200000,583000,-383000,-383000
047437,旺宏元大94購02  ,0,0,0,0,0,0,0,0,0,-383000,0,0,0,42000,425000,-383000,-383000
06498P,臺股指元大9A售03,0,0,0,0,0,0,0,0,0,-383000,0,0,0,8000,391000,-383000,-383000
051654,致新永豐95購01  ,0,0,0,0,0,0,0,0,0,-384000,0,0,0,20000,404000,-384000,-384000
049244,亞光元富94購01  ,0,0,0,0,0,0,0,0,0,-386000,0,0,0,113000,499000,-386000,-386000
051231,健策群益97購01  ,0,0,0,0,0,0,0,0,0,-386000,0,0,0,66000,452000,-386000,-386000
052308,大立光國泰97購02,0,0,0,0,0,0,0,0,0,-386000,0,0,0,30000,416000,-386000,-386000
052001,寶成元大95購02  ,0,0,0,0,0,0,0,0,0,-386000,0,0,0,163000,549000,-386000,-386000
056188,晶相光統一99購01,0,0,0,0,0,0,0,0,0,-388000,0,0,0,279000,667000,-388000,-388000
05444P,大立光元大95售10,0,0,0,0,0,0,0,0,0,-388000,0,0,0,82000,470000,-388000,-388000
052227,瑞昱凱基95購05  ,0,0,0,0,0,0,0,0,0,-390000,0,0,0,111000,501000,-390000,-390000
048484,大立光國泰95購02,0,0,0,0,0,0,0,0,0,-391000,0,0,0,22000,413000,-391000,-391000
044104,鴻海中信95購03  ,0,0,0,0,0,0,0,0,0,-392000,0,0,0,166000,558000,-392000,-392000
056777,矽力元大98購02  ,0,0,0,0,0,0,0,0,0,-393000,0,0,0,42000,435000,-393000,-393000
04049P,大立光元大95售02,0,0,0,0,0,0,0,0,0,-394000,0,0,0,257000,651000,-394000,-394000
04863P,技嘉元大94售02  ,0,0,0,0,0,0,0,0,0,-395000,0,0,0,78000,473000,-395000,-395000
056865,樺漢群益98購01  ,0,0,0,0,0,0,0,0,0,-396000,0,0,0,118000,514000,-396000,-396000
046649,致伸國泰94購01  ,0,0,0,0,0,0,0,0,0,-396000,0,0,0,0,396000,-396000,-396000
05712P,友達統一97售03  ,0,0,0,0,0,0,0,0,0,-397000,0,0,0,53000,450000,-397000,-397000
051645,光寶科永豐95購01,0,0,0,0,0,0,0,0,0,-397000,0,0,0,0,397000,-397000,-397000
2340,光磊            ,183000,468000,-285000,0,0,0,0,0,0,-112000,16000,2000,14000,65000,191000,-126000,-397000
050493,聯發科永昌96購01,0,0,0,0,0,0,0,0,0,-398000,0,0,0,0,398000,-398000,-398000
053825,南電群益96購02  ,0,0,0,0,0,0,0,0,0,-398000,0,0,0,0,398000,-398000,-398000
052355,為升永豐95購02  ,0,0,0,0,0,0,0,0,0,-399000,0,0,0,60000,459000,-399000,-399000
054868,國泰金群益9A購01,0,0,0,0,0,0,0,0,0,-399000,0,0,0,27000,426000,-399000,-399000
056038,可成凱基97購01  ,0,0,0,0,0,0,0,0,0,-400000,0,0,0,8000,408000,-400000,-400000
055737,開發金元富97購01,0,0,0,0,0,0,0,0,0,-400000,0,0,0,0,400000,-400000,-400000
04103P,臺股指國票93售10,0,0,0,0,0,0,0,0,0,-400000,0,0,0,0,400000,-400000,-400000
04117P,聯發科元大93售21,0,0,0,0,0,0,0,0,0,-400000,0,0,0,0,400000,-400000,-400000
052110,可成元富95購02  ,0,0,0,0,0,0,0,0,0,-400000,0,0,0,0,400000,-400000,-400000
048754,瀚宇博元富97購01,0,0,0,0,0,0,0,0,0,-400000,0,0,0,0,400000,-400000,-400000
053363,旺宏國泰98購02  ,0,0,0,0,0,0,0,0,0,-400000,0,0,0,172000,572000,-400000,-400000
051215,大立光統一95購03,0,0,0,0,0,0,0,0,0,-401000,0,0,0,255000,656000,-401000,-401000
06228P,亞德客凱基97售04,0,0,0,0,0,0,0,0,0,-402000,0,0,0,567000,969000,-402000,-402000
055402,正文元富97購02  ,0,0,0,0,0,0,0,0,0,-403000,0,0,0,15000,418000,-403000,-403000
048769,聯鈞凱基94購01  ,0,0,0,0,0,0,0,0,0,-404000,0,0,0,115000,519000,-404000,-404000
055214,聯電凱基97購02  ,0,0,0,0,0,0,0,0,0,-406000,0,0,0,5000,411000,-406000,-406000
050315,和碩兆豐95購01  ,0,0,0,0,0,0,0,0,0,-406000,0,0,0,266000,672000,-406000,-406000
056210,矽創永豐97購02  ,0,0,0,0,0,0,0,0,0,-408000,0,0,0,0,408000,-408000,-408000
054856,得力群益99購01  ,0,0,0,0,0,0,0,0,0,-408000,0,0,0,0,408000,-408000,-408000
056087,世芯統一97購01  ,0,0,0,0,0,0,0,0,0,-409000,0,0,0,0,409000,-409000,-409000
045829,滬深2X群益95購02,0,0,0,0,0,0,0,0,0,-409000,0,0,0,90000,499000,-409000,-409000
052935,康友元大96購03  ,0,0,0,0,0,0,0,0,0,-409000,0,0,0,386000,795000,-409000,-409000
8271,宇瞻            ,198000,620000,-422000,0,0,0,0,0,0,13000,20000,7000,13000,0,0,0,-409000
053832,聯發科台新96購01,0,0,0,0,0,0,0,0,0,-410000,0,0,0,0,410000,-410000,-410000
049692,可成元大94購07  ,0,0,0,0,0,0,0,0,0,-411000,0,0,0,278000,689000,-411000,-411000
053987,宏碁亞東96購01  ,0,0,0,0,0,0,0,0,0,-411000,0,0,0,0,411000,-411000,-411000
054871,明泰群益98購01  ,0,0,0,0,0,0,0,0,0,-413000,0,0,0,0,413000,-413000,-413000
055953,上銀元大97購09  ,0,0,0,0,0,0,0,0,0,-415000,0,0,0,158000,573000,-415000,-415000
049982,嘉晶凱基94購01  ,0,0,0,0,0,0,0,0,0,-415000,0,0,0,32000,447000,-415000,-415000
048937,玉晶光永豐95購01,0,0,0,0,0,0,0,0,0,-415000,0,0,0,62000,477000,-415000,-415000
055515,聚陽中信9A購01  ,0,0,0,0,0,0,0,0,0,-417000,0,0,0,100000,517000,-417000,-417000
047416,台泥富邦94購01  ,0,0,0,0,0,0,0,0,0,-419000,0,0,0,0,419000,-419000,-419000
053969,瑞昱元大97購01  ,0,0,0,0,0,0,0,0,0,-420000,0,0,0,45000,465000,-420000,-420000
053161,康友元大96購04  ,0,0,0,0,0,0,0,0,0,-420000,0,0,0,24000,444000,-420000,-420000
055341,台達電凱基97購02,0,0,0,0,0,0,0,0,0,-421000,0,0,0,33000,454000,-421000,-421000
057079,台積電統一9A購02,0,0,0,0,0,0,0,0,0,-423000,0,0,0,60000,483000,-423000,-423000
052796,和碩兆豐96購01  ,0,0,0,0,0,0,0,0,0,-423000,0,0,0,311000,734000,-423000,-423000
4943,康控-KY         ,249000,648000,-399000,0,0,0,0,0,0,-24000,0,0,0,34000,58000,-24000,-423000
055017,緯穎元富97購01  ,0,0,0,0,0,0,0,0,0,-424000,0,0,0,120000,544000,-424000,-424000
054991,南亞科元富97購01,0,0,0,0,0,0,0,0,0,-424000,0,0,0,173000,597000,-424000,-424000
057066,緯穎富邦99購01  ,0,0,0,0,0,0,0,0,0,-426000,0,0,0,65000,491000,-426000,-426000
055444,致新台新97購01  ,0,0,0,0,0,0,0,0,0,-426000,0,0,0,1000,427000,-426000,-426000
052804,淘帝元大96購01  ,0,0,0,0,0,0,0,0,0,-426000,0,0,0,0,426000,-426000,-426000
054456,華泰群益99購01  ,0,0,0,0,0,0,0,0,0,-429000,0,0,0,0,429000,-429000,-429000
054342,亞光元富99購01  ,0,0,0,0,0,0,0,0,0,-429000,0,0,0,32000,461000,-429000,-429000
054248,燿華元大97購02  ,0,0,0,0,0,0,0,0,0,-431000,0,0,0,10000,441000,-431000,-431000
056594,台積電元富98購03,0,0,0,0,0,0,0,0,0,-433000,0,0,0,560000,993000,-433000,-433000
4904,遠傳            ,1755127,2232000,-476873,0,0,0,5000,0,5000,38000,23000,4000,19000,19000,0,19000,-433873
049801,可成元大94購09  ,0,0,0,0,0,0,0,0,0,-435000,0,0,0,0,435000,-435000,-435000
048429,旺宏國票94購02  ,0,0,0,0,0,0,0,0,0,-436000,0,0,0,65000,501000,-436000,-436000
052289,為升元富95購02  ,0,0,0,0,0,0,0,0,0,-437000,0,0,0,36000,473000,-437000,-437000
051249,潤泰全元大95購01,0,0,0,0,0,0,0,0,0,-438000,0,0,0,411000,849000,-438000,-438000
055122,國巨兆豐98購01  ,0,0,0,0,0,0,0,0,0,-439000,0,0,0,51000,490000,-439000,-439000
04023P,臺股指元富99售02,0,0,0,0,0,0,0,0,0,-439000,0,0,0,30000,469000,-439000,-439000
054835,致新中信97購01  ,0,0,0,0,0,0,0,0,0,-440000,0,0,0,0,440000,-440000,-440000
051445,可成元大95購06  ,0,0,0,0,0,0,0,0,0,-441000,0,0,0,82000,523000,-441000,-441000
00641R,富邦日本反1     ,0,12000,-12000,0,0,0,0,0,0,-432000,0,0,0,320000,752000,-432000,-444000
052942,聯發科中信97購04,0,0,0,0,0,0,0,0,0,-444000,0,0,0,154000,598000,-444000,-444000
056439,華邦電凱基98購02,0,0,0,0,0,0,0,0,0,-445000,0,0,0,37000,482000,-445000,-445000
045053,聯發科元富98購01,10000,0,10000,0,0,0,0,0,0,-455000,0,0,0,152000,607000,-455000,-445000
052142,滬深2X群益99購04,0,0,0,0,0,0,0,0,0,-445000,0,0,0,0,445000,-445000,-445000
054891,聯鈞統一99購02  ,0,0,0,0,0,0,0,0,0,-447000,0,0,0,475000,922000,-447000,-447000
050602,訊芯國泰96購01  ,0,0,0,0,0,0,0,0,0,-450000,0,0,0,11000,461000,-450000,-450000
053912,T50反1國票97購02,0,0,0,0,0,0,0,0,0,-451000,0,0,0,205000,656000,-451000,-451000
052937,國巨兆豐97購01  ,0,0,0,0,0,0,0,0,0,-452000,0,0,0,285000,737000,-452000,-452000
05708P,奇力新國票97售04,15000,30000,-15000,0,0,0,0,0,0,-438000,0,0,0,30000,468000,-438000,-453000
056972,祥碩永豐98購02  ,0,0,0,0,0,0,0,0,0,-453000,0,0,0,12000,465000,-453000,-453000
055012,茂林元富97購01  ,0,0,0,0,0,0,0,0,0,-453000,0,0,0,331000,784000,-453000,-453000
00710B,FH彭博高收益債  ,0,0,0,0,0,0,0,0,0,-454000,0,0,0,223000,677000,-454000,-454000
042993,葡萄王元大94購01,0,0,0,0,0,0,0,0,0,-454000,0,0,0,190000,644000,-454000,-454000
05589P,大立光中信9A售01,0,0,0,0,0,0,0,0,0,-455000,0,0,0,30000,485000,-455000,-455000
1201,味全            ,231000,664000,-433000,0,0,0,0,0,0,-22000,0,0,0,4000,26000,-22000,-455000
055569,聚陽統一98購01  ,0,0,0,0,0,0,0,0,0,-457000,0,0,0,302000,759000,-457000,-457000
056128,和大中信99購01  ,0,0,0,0,0,0,0,0,0,-458000,0,0,0,0,458000,-458000,-458000
04747P,臺股指元大94售22,0,0,0,0,0,0,0,0,0,-458000,0,0,0,499000,957000,-458000,-458000
04787P,台積電永昌96售04,0,0,0,0,0,0,0,0,0,-458000,0,0,0,704000,1162000,-458000,-458000
050949,亞光群益96購01  ,0,0,0,0,0,0,0,0,0,-458000,0,0,0,21000,479000,-458000,-458000
054069,亞光國泰98購01  ,0,0,0,0,0,0,0,0,0,-459000,0,0,0,199000,658000,-459000,-459000
03497P,金像電凱基02售06,0,0,0,0,0,0,0,0,0,-460000,0,0,0,30000,490000,-460000,-460000
054589,聯鈞國泰99購01  ,0,0,0,0,0,0,0,0,0,-460000,0,0,0,241000,701000,-460000,-460000
056195,群創富邦98購01  ,0,0,0,0,0,0,0,0,0,-461000,0,0,0,0,461000,-461000,-461000
053228,康友台新97購01  ,0,0,0,0,0,0,0,0,0,-463000,0,0,0,43000,506000,-463000,-463000
052639,康控凱基96購02  ,0,0,0,0,0,0,0,0,0,-464000,0,0,0,36000,500000,-464000,-464000
1319,東陽            ,292332,766000,-473668,0,0,0,0,0,0,9000,11000,2000,9000,0,0,0,-464668
050137,臺指反國票96購01,0,0,0,0,0,0,0,0,0,-465000,0,0,0,0,465000,-465000,-465000
053620,臺股指群益96購06,0,0,0,0,0,0,0,0,0,-465000,0,0,0,14000,479000,-465000,-465000
049042,玉晶光兆豐95購01,0,0,0,0,0,0,0,0,0,-466000,0,0,0,0,466000,-466000,-466000
056359,旺宏元大9A購01  ,0,0,0,0,0,0,0,0,0,-467000,0,0,0,174000,641000,-467000,-467000
056627,訊芯永豐98購01  ,0,0,0,0,0,0,0,0,0,-467000,0,0,0,0,467000,-467000,-467000
056700,華新科國泰99購03,0,0,0,0,0,0,0,0,0,-468000,0,0,0,6000,474000,-468000,-468000
05234P,美食康和95售01  ,0,0,0,0,0,0,0,0,0,-469000,0,0,0,44000,513000,-469000,-469000
055116,康控凱基98購01  ,0,0,0,0,0,0,0,0,0,-470000,0,0,0,30000,500000,-470000,-470000
9938,百和            ,430000,880000,-450000,0,0,0,0,8000,-8000,-15000,3000,2000,1000,1000,17000,-16000,-473000
048889,牧德元富94購03  ,0,0,0,0,0,0,0,0,0,-478000,0,0,0,82000,560000,-478000,-478000
056954,聯詠富邦9A購01  ,0,0,0,0,0,0,0,0,0,-480000,0,0,0,98000,578000,-480000,-480000
2474,可成            ,2367000,3778000,-1411000,0,0,0,1000,7000,-6000,936000,357000,16000,341000,645000,50000,595000,-481000
3035,智原            ,307000,680000,-373000,0,0,0,0,0,0,-119000,3000,0,3000,12000,134000,-122000,-492000
055133,致新康和97購01  ,0,0,0,0,0,0,0,0,0,-494000,0,0,0,81000,575000,-494000,-494000
055664,和大群益98購02  ,0,0,0,0,0,0,0,0,0,-495000,0,0,0,5000,500000,-495000,-495000
048269,瀚宇博國泰95購01,0,0,0,0,0,0,0,0,0,-496000,0,0,0,4000,500000,-496000,-496000
053876,可成永昌98購01  ,0,0,0,0,0,0,0,0,0,-497000,0,0,0,50000,547000,-497000,-497000
04814P,健策元大96售01  ,0,0,0,0,0,0,0,0,0,-499000,0,0,0,0,499000,-499000,-499000
042997,新光鋼元大94購01,0,0,0,0,0,0,0,0,0,-499000,0,0,0,0,499000,-499000,-499000
051457,寶成元大95購01  ,0,0,0,0,0,0,0,0,0,-499000,0,0,0,0,499000,-499000,-499000
052304,可成永豐95購03  ,0,0,0,0,0,0,0,0,0,-499000,0,0,0,0,499000,-499000,-499000
050462,寶成元大94購01  ,0,0,0,0,0,0,0,0,0,-499000,0,0,0,0,499000,-499000,-499000
053952,南亞科台新96購01,0,0,0,0,0,0,0,0,0,-499000,0,0,0,0,499000,-499000,-499000
053087,冠德元大96購02  ,0,0,0,0,0,0,0,0,0,-501000,0,0,0,0,501000,-501000,-501000
06090P,旺宏統一97售06  ,0,0,0,0,0,0,0,0,0,-501000,0,0,0,20000,521000,-501000,-501000
049366,聯發科元大94購05,0,0,0,0,0,0,0,0,0,-505000,0,0,0,0,505000,-505000,-505000
06375P,矽力元大97售06  ,0,0,0,0,0,0,0,0,0,-505000,0,0,0,0,505000,-505000,-505000
050787,致伸國泰96購01  ,0,0,0,0,0,0,0,0,0,-507000,0,0,0,25000,532000,-507000,-507000
03413B,臺股指凱基94熊19,0,0,0,0,0,0,0,0,0,-508000,0,0,0,1169000,1677000,-508000,-508000
04437P,滬深2X群益98售03,0,0,0,0,0,0,0,0,0,-510000,0,0,0,0,510000,-510000,-510000
04980P,臺股指凱基96售08,0,0,0,0,0,0,0,0,0,-510000,0,0,0,588000,1098000,-510000,-510000
054279,揚明光群益98購01,0,0,0,0,0,0,0,0,0,-510000,0,0,0,0,510000,-510000,-510000
056751,和大兆豐98購01  ,0,0,0,0,0,0,0,0,0,-512000,0,0,0,55000,567000,-512000,-512000
050257,為升元大94購07  ,0,0,0,0,0,0,0,0,0,-512000,0,0,0,10000,522000,-512000,-512000
1736,喬山            ,118000,610000,-492000,0,0,0,0,0,0,-22000,0,0,0,2000,24000,-22000,-514000
051195,台郡中信95購01  ,0,0,0,0,0,0,0,0,0,-515000,0,0,0,145000,660000,-515000,-515000
051747,貿聯國泰96購01  ,0,0,0,0,0,0,0,0,0,-515000,0,0,0,120000,635000,-515000,-515000
051584,可成元大95購08  ,0,0,0,0,0,0,0,0,0,-515000,0,0,0,79000,594000,-515000,-515000
054552,聯發科凱基98購03,0,0,0,0,0,0,0,0,0,-518000,0,0,0,230000,748000,-518000,-518000
2352,佳世達          ,553000,1090000,-537000,0,0,0,1000,0,1000,18000,22000,4000,18000,0,0,0,-518000
055431,和鑫群益98購01  ,0,0,0,0,0,0,0,0,0,-519000,0,0,0,38000,557000,-519000,-519000
055722,聯鈞元大97購03  ,0,0,0,0,0,0,0,0,0,-520000,0,0,0,298000,818000,-520000,-520000
05480P,滬深2X凱基96售05,0,0,0,0,0,0,0,0,0,-520000,0,0,0,112000,632000,-520000,-520000
053291,旺宏中信9A購01  ,0,0,0,0,0,0,0,0,0,-523000,0,0,0,82000,605000,-523000,-523000
056047,台積電兆豐97購02,0,0,0,0,0,0,0,0,0,-524000,0,0,0,119000,643000,-524000,-524000
052461,和大統一95購01  ,0,0,0,0,0,0,0,0,0,-524000,0,0,0,100000,624000,-524000,-524000
056077,矽力元大97購07  ,0,0,0,0,0,0,0,0,0,-526000,0,0,0,359000,885000,-526000,-526000
052926,旺宏元大98購02  ,15000,0,15000,0,0,0,0,0,0,-541000,0,0,0,469000,1010000,-541000,-526000
1605,華新            ,2319000,2491000,-172000,0,0,0,1000,71000,-70000,-284000,98000,120000,-22000,14000,276000,-262000,-526000
06459P,亞德客元富98售01,0,0,0,0,0,0,0,0,0,-527000,0,0,0,102000,629000,-527000,-527000
051851,TPK群益95購03   ,0,0,0,0,0,0,0,0,0,-530000,0,0,0,0,530000,-530000,-530000
048156,正崴兆豐93購01  ,0,0,0,0,0,0,0,0,0,-532000,0,0,0,0,532000,-532000,-532000
056747,致新凱基99購01  ,0,0,0,0,0,0,0,0,0,-538000,0,0,0,270000,808000,-538000,-538000
047536,正崴日盛93購01  ,0,0,0,0,0,0,0,0,0,-538000,0,0,0,0,538000,-538000,-538000
054811,裕隆元大9A購01  ,0,0,0,0,0,0,0,0,0,-539000,0,0,0,711000,1250000,-539000,-539000
054942,凱美元大97購02  ,0,0,0,0,0,0,0,0,0,-540000,0,0,0,73000,613000,-540000,-540000
04373P,滬深2X元大97售01,0,0,0,0,0,0,0,0,0,-542000,0,0,0,640000,1182000,-542000,-542000
050614,聯發科元大95購04,0,0,0,0,0,0,0,0,0,-542000,0,0,0,311000,853000,-542000,-542000
052006,康友富邦98購01  ,0,0,0,0,0,0,0,0,0,-542000,0,0,0,173000,715000,-542000,-542000
056007,上銀中信97購02  ,0,0,0,0,0,0,0,0,0,-543000,0,0,0,190000,733000,-543000,-543000
055924,深中小群益9B購01,0,0,0,0,0,0,0,0,0,-543000,0,0,0,201000,744000,-543000,-543000
055028,佐登國泰98購01  ,0,0,0,0,0,0,0,0,0,-543000,0,0,0,160000,703000,-543000,-543000
04289P,臺股指中信95售07,0,0,0,0,0,0,0,0,0,-544000,0,0,0,345000,889000,-544000,-544000
055207,致新中信99購01  ,0,0,0,0,0,0,0,0,0,-546000,0,0,0,0,546000,-546000,-546000
049038,高鐵兆豐94購01  ,0,0,0,0,0,0,0,0,0,-549000,0,0,0,0,549000,-549000,-549000
055518,華新科中信99購01,0,0,0,0,0,0,0,0,0,-552000,0,0,0,675000,1227000,-552000,-552000
053089,貿聯元大97購02  ,0,0,0,0,0,0,0,0,0,-552000,0,0,0,2000,554000,-552000,-552000
053184,世紀鋼元富96購01,0,0,0,0,0,0,0,0,0,-553000,0,0,0,260000,813000,-553000,-553000
06460P,亞德客元富98售02,0,0,0,0,0,0,0,0,0,-555000,0,0,0,0,555000,-555000,-555000
9105,泰金寶-DR       ,0,555000,-555000,0,0,0,0,0,0,0,0,0,0,0,0,0,-555000
052456,滬深2X元富9B購03,0,0,0,0,0,0,0,0,0,-556000,0,0,0,70000,626000,-556000,-556000
055415,禾伸堂富邦9B購01,0,0,0,0,0,0,0,0,0,-558000,0,0,0,285000,843000,-558000,-558000
047722,南電凱基94購02  ,0,0,0,0,0,0,0,0,0,-561000,0,0,0,0,561000,-561000,-561000
4935,茂林-KY         ,275000,849000,-574000,0,0,0,0,0,0,12000,113000,40000,73000,10000,71000,-61000,-562000
050867,聯鈞永豐95購01  ,0,0,0,0,0,0,0,0,0,-563000,0,0,0,186000,749000,-563000,-563000
054504,聯鈞永豐96購01  ,0,0,0,0,0,0,0,0,0,-563000,0,0,0,84000,647000,-563000,-563000
050685,緯穎元富94購02  ,0,0,0,0,0,0,0,0,0,-569000,0,0,0,102000,671000,-569000,-569000
3034,聯詠            ,1985000,2226000,-241000,0,0,0,0,326000,-326000,-2000,28000,25000,3000,27000,32000,-5000,-569000
055455,健策國泰98購02  ,0,0,0,0,0,0,0,0,0,-570000,0,0,0,836000,1406000,-570000,-570000
051368,國泰金富邦97購01,0,0,0,0,0,0,0,0,0,-570000,0,0,0,0,570000,-570000,-570000
051706,國泰金群益95購01,0,0,0,0,0,0,0,0,0,-570000,0,0,0,0,570000,-570000,-570000
1590,亞德客-KY       ,216509,538178,-321669,0,0,0,53000,240000,-187000,-63000,20000,22000,-2000,5000,66000,-61000,-571669
055041,致新富邦97購01  ,0,0,0,0,0,0,0,0,0,-573000,0,0,0,0,573000,-573000,-573000
044496,群創元大93購02  ,0,0,0,0,0,0,0,0,0,-574000,0,0,0,13000,587000,-574000,-574000
051429,智邦元富95購01  ,0,0,0,0,0,0,0,0,0,-583000,0,0,0,77000,660000,-583000,-583000
053845,和大元富96購01  ,0,0,0,0,0,0,0,0,0,-584000,0,0,0,516000,1100000,-584000,-584000
055104,台達電凱基98購01,0,0,0,0,0,0,0,0,0,-591000,0,0,0,0,591000,-591000,-591000
050941,T50反1群益95購01,0,0,0,0,0,0,0,0,0,-595000,0,0,0,5000,600000,-595000,-595000
056597,宏碁元富98購01  ,0,0,0,0,0,0,0,0,0,-597000,0,0,0,80000,677000,-597000,-597000
054980,國巨元富97購01  ,0,0,0,0,0,0,0,0,0,-599000,0,0,0,413000,1012000,-599000,-599000
050755,和大元富94購01  ,0,0,0,0,0,0,0,0,0,-600000,0,0,0,107000,707000,-600000,-600000
046864,和大統一97購01  ,0,0,0,0,0,0,0,0,0,-604000,0,0,0,197000,801000,-604000,-604000
053884,緯穎第一96購01  ,0,0,0,0,0,0,0,0,0,-605000,0,0,0,80000,685000,-605000,-605000
04875P,台積電中信94售04,0,0,0,0,0,0,0,0,0,-606000,0,0,0,24000,630000,-606000,-606000
6176,瑞儀            ,571000,1146000,-575000,0,0,0,0,5000,-5000,-27000,25000,8000,17000,7000,51000,-44000,-607000
00634R,富邦上証反1     ,0,311000,-311000,0,0,0,0,0,0,-298000,0,0,0,366000,664000,-298000,-609000
056137,聯鈞元大9A購01  ,0,0,0,0,0,0,0,0,0,-610000,0,0,0,95000,705000,-610000,-610000
05374P,台積電國票96售07,0,0,0,0,0,0,0,0,0,-612000,0,0,0,324000,936000,-612000,-612000
050804,和大日盛95購01  ,0,0,0,0,0,0,0,0,0,-616000,0,0,0,0,616000,-616000,-616000
056175,可成元富97購03  ,0,0,0,0,0,0,0,0,0,-617000,0,0,0,41000,658000,-617000,-617000
057298,旭富永豐98購01  ,0,0,0,0,0,0,0,0,0,-618000,0,0,0,7000,625000,-618000,-618000
045683,泰鼎元大93購03  ,0,0,0,0,0,0,0,0,0,-619000,0,0,0,0,619000,-619000,-619000
051166,可成元大95購02  ,0,0,0,0,0,0,0,0,0,-620000,0,0,0,90000,710000,-620000,-620000
050173,旺宏元大96購02  ,0,0,0,0,0,0,0,0,0,-620000,0,0,0,55000,675000,-620000,-620000
051545,裕隆康和95購01  ,0,0,0,0,0,0,0,0,0,-621000,0,0,0,143000,764000,-621000,-621000
055278,旺宏元大98購05  ,0,0,0,0,0,0,0,0,0,-623000,0,0,0,191000,814000,-623000,-623000
053169,貿聯群益97購01  ,0,0,0,0,0,0,0,0,0,-627000,0,0,0,21000,648000,-627000,-627000
054243,國喬元大96購01  ,0,0,0,0,0,0,0,0,0,-630000,0,0,0,68000,698000,-630000,-630000
054359,南亞科日盛96購02,0,0,0,0,0,0,0,0,0,-631000,0,0,0,50000,681000,-631000,-631000
053444,奇力新凱基96購03,0,0,0,0,0,0,0,0,0,-633000,0,0,0,54000,687000,-633000,-633000
056134,可成元大97購06  ,0,0,0,0,0,0,0,0,0,-635000,0,0,0,72000,707000,-635000,-635000
047047,旺宏國票95購01  ,0,0,0,0,0,0,0,0,0,-637000,0,0,0,167000,804000,-637000,-637000
048628,T50反1元大96購03,0,0,0,0,0,0,0,0,0,-637000,0,0,0,125000,762000,-637000,-637000
055399,超眾統一99購01  ,0,0,0,0,0,0,0,0,0,-640000,0,0,0,10000,650000,-640000,-640000
2332,友訊            ,475000,1119000,-644000,0,0,0,0,0,0,3000,331000,172000,159000,114000,270000,-156000,-641000
1227,佳格            ,472219,1057000,-584781,0,0,0,0,0,0,-57000,3000,60000,-57000,0,0,0,-641781
2439,美律            ,191000,428000,-237000,0,0,0,0,229000,-229000,-179000,47000,125000,-78000,12000,113000,-101000,-645000
052118,鴻海國票96購04  ,0,0,0,0,0,0,0,0,0,-649000,0,0,0,0,649000,-649000,-649000
057428,正崴兆豐98購01  ,0,0,0,0,0,0,0,0,0,-655000,0,0,0,8000,663000,-655000,-655000
052451,旭富元大95購02  ,0,0,0,0,0,0,0,0,0,-656000,0,0,0,82000,738000,-656000,-656000
04854P,鴻海國泰96售04  ,0,0,0,0,0,0,0,0,0,-658000,0,0,0,138000,796000,-658000,-658000
5871,中租-KY         ,1032858,1691975,-659117,0,0,0,3000,0,3000,-4000,7000,26000,-19000,15000,0,15000,-660117
00717,富邦美國特別股  ,0,0,0,0,0,0,0,0,0,-662171,0,0,0,189000,851171,-662171,-662171
05791P,臺股指中信99售06,0,0,0,0,0,0,0,0,0,-666000,0,0,0,0,666000,-666000,-666000
056833,和大元富9B購01  ,0,0,0,0,0,0,0,0,0,-668000,0,0,0,10000,678000,-668000,-668000
3045,台灣大          ,1047296,1951000,-903704,0,0,0,206000,3000,203000,30000,27000,16000,11000,19000,0,19000,-670704
2317,鴻海            ,10764000,12970821,-2206821,0,0,0,1065000,0,1065000,465000,184000,96000,88000,1069000,692000,377000,-676821
051277,聯發科中信9A購01,0,0,0,0,0,0,0,0,0,-678000,0,0,0,82000,760000,-678000,-678000
055971,矽力元大97購05  ,0,0,0,0,0,0,0,0,0,-680000,0,0,0,24000,704000,-680000,-680000
051113,聯電元富95購01  ,0,0,0,0,0,0,0,0,0,-682000,0,0,0,28000,710000,-682000,-682000
054805,台苯元大9A購01  ,0,0,0,0,0,0,0,0,0,-683000,0,0,0,27000,710000,-683000,-683000
8926,台汽電          ,333000,1246000,-913000,0,0,0,0,0,0,219000,219000,0,219000,0,0,0,-694000
055852,聯鈞元大98購01  ,0,0,0,0,0,0,0,0,0,-696000,0,0,0,320000,1016000,-696000,-696000
053001,力山永豐96購01  ,0,0,0,0,0,0,0,0,0,-698000,0,0,0,350000,1048000,-698000,-698000
3338,泰碩            ,155000,840000,-685000,0,0,0,0,0,0,-13000,2000,2000,0,7000,20000,-13000,-698000
051018,可成凱基95購03  ,0,0,0,0,0,0,0,0,0,-699000,0,0,0,0,699000,-699000,-699000
05163P,聯發科統一96售02,0,0,0,0,0,0,0,0,0,-705000,0,0,0,196000,901000,-705000,-705000
055276,台積電元大97購20,0,0,0,0,0,0,0,0,0,-708000,0,0,0,1035000,1743000,-708000,-708000
051620,可成凱基95購10  ,0,0,0,0,0,0,0,0,0,-709000,0,0,0,0,709000,-709000,-709000
3019,亞光            ,527000,1475000,-948000,0,0,0,0,0,0,237000,165000,164000,1000,385000,149000,236000,-711000
055158,亞光元大99購01  ,0,0,0,0,0,0,0,0,0,-713000,0,0,0,12000,725000,-713000,-713000
05507P,聯茂凱基96售02  ,0,0,0,0,0,0,0,0,0,-715000,0,0,0,343000,1058000,-715000,-715000
057092,健策元富98購01  ,0,0,0,0,0,0,0,0,0,-718000,0,0,0,108000,826000,-718000,-718000
055719,可成元大97購03  ,0,0,0,0,0,0,0,0,0,-725000,0,0,0,79000,804000,-725000,-725000
06195P,台積電元富97售06,0,0,0,0,0,0,0,0,0,-727000,0,0,0,1953000,2680000,-727000,-727000
047926,可成凱基94購02  ,0,0,0,0,0,0,0,0,0,-740000,0,0,0,4000,744000,-740000,-740000
04496P,國巨國泰96售02  ,0,0,0,0,0,0,0,0,0,-740000,0,0,0,0,740000,-740000,-740000
051366,康友國泰97購01  ,0,0,0,0,0,0,0,0,0,-743000,0,0,0,190000,933000,-743000,-743000
044996,嘉晶國泰95購01  ,0,0,0,0,0,0,0,0,0,-745000,0,0,0,28000,773000,-745000,-745000
054011,旺宏永豐96購05  ,0,0,0,0,0,0,0,0,0,-747000,0,0,0,1092000,1839000,-747000,-747000
056390,台積電富邦9B購01,0,0,0,0,0,0,0,0,0,-757000,0,0,0,135000,892000,-757000,-757000
03840P,台積電統一99售02,0,0,0,0,0,0,0,0,0,-757000,0,0,0,75000,832000,-757000,-757000
3017,奇鋐            ,784000,1535000,-751000,0,0,0,0,0,0,-8000,5000,0,5000,1000,14000,-13000,-759000
052150,台積電富邦95購07,0,0,0,0,0,0,0,0,0,-770000,0,0,0,1389000,2159000,-770000,-770000
056505,聯發科永豐98購01,0,0,0,0,0,0,0,0,0,-775000,0,0,0,237000,1012000,-775000,-775000
052319,可成元大95購12  ,0,0,0,0,0,0,0,0,0,-781000,0,0,0,358000,1139000,-781000,-781000
054924,景碩凱基98購01  ,0,0,0,0,0,0,0,0,0,-786000,0,0,0,200000,986000,-786000,-786000
1409,新纖            ,1062000,1852000,-790000,0,0,0,0,0,0,3000,8000,5000,3000,0,0,0,-787000
051316,T50反1國票95購02,0,0,0,0,0,0,0,0,0,-791000,0,0,0,360000,1151000,-791000,-791000
054792,揚明光群益97購01,0,0,0,0,0,0,0,0,0,-793000,0,0,0,0,793000,-793000,-793000
1102,亞泥            ,2356000,3053000,-697000,0,0,0,4000,19000,-15000,-81000,26000,0,26000,52000,159000,-107000,-793000
3515,華擎            ,498000,275000,223000,0,0,0,0,848000,-848000,-173000,16000,206000,-190000,33000,16000,17000,-798000
055107,旺宏凱基98購04  ,0,0,0,0,0,0,0,0,0,-822000,0,0,0,150000,972000,-822000,-822000
03660C,元油2X富邦02牛04,0,0,0,0,0,0,0,0,0,-825000,0,0,0,0,825000,-825000,-825000
04276P,聯發科凱基93售33,0,0,0,0,0,0,0,0,0,-838000,0,0,0,27000,865000,-838000,-838000
6271,同欣電          ,426000,375000,51000,0,0,0,110000,831000,-721000,-172000,53000,192000,-139000,10000,43000,-33000,-842000
055873,聚陽元富97購01  ,0,0,0,0,0,0,0,0,0,-847000,0,0,0,127000,974000,-847000,-847000
050363,臺指反元大98購04,0,0,0,0,0,0,0,0,0,-859000,0,0,0,0,859000,-859000,-859000
052900,大成鋼國票97購01,0,0,0,0,0,0,0,0,0,-867000,0,0,0,220000,1087000,-867000,-867000
056331,聯鈞國票99購01  ,0,0,0,0,0,0,0,0,0,-881000,0,0,0,284000,1165000,-881000,-881000
055754,和大兆豐97購01  ,0,0,0,0,0,0,0,0,0,-887000,0,0,0,0,887000,-887000,-887000
00671R,富邦NASDAQ反1   ,0,5000,-5000,0,0,0,0,0,0,-888000,0,0,0,41000,929000,-888000,-893000
042326,元油2X國票94購01,0,0,0,0,0,0,0,0,0,-905000,0,0,0,0,905000,-905000,-905000
054427,潤泰全富邦97購01,0,0,0,0,0,0,0,0,0,-907000,0,0,0,101000,1008000,-907000,-907000
8150,南茂            ,698000,1297000,-599000,0,0,0,0,0,0,-311000,4000,0,4000,65000,380000,-315000,-910000
6257,矽格            ,376000,475000,-99000,0,0,0,0,350028,-350028,-466000,14000,456000,-442000,0,24000,-24000,-915028
3376,新日興          ,505000,684000,-179000,0,0,0,8000,316000,-308000,-429000,98000,283000,-185000,68000,312000,-244000,-916000
2330,台積電          ,32238699,34951000,-2712301,0,0,0,36000,100000,-64000,1858016,1047000,371000,676000,1634000,451984,1182016,-918285
06644P,亞德客元大98售03,0,0,0,0,0,0,0,0,0,-944000,0,0,0,71000,1015000,-944000,-944000
053457,旺宏國泰98購03  ,0,0,0,0,0,0,0,0,0,-947000,0,0,0,120000,1067000,-947000,-947000
053627,宏碁兆豐97購01  ,0,0,0,0,0,0,0,0,0,-948000,0,0,0,166000,1114000,-948000,-948000
056797,台積電麥證98購01,0,0,0,0,950000,-950000,0,0,0,-950000,0,0,0,0,950000,-950000,-950000
00669R,國泰美國道瓊反1 ,0,0,0,0,0,0,0,0,0,-951000,0,0,0,1120000,2071000,-951000,-951000
06193P,台積電元富97售04,0,0,0,0,0,0,0,0,0,-957000,0,0,0,2301000,3258000,-957000,-957000
052135,聯發科凱基9B購01,0,0,0,0,0,0,0,0,0,-959000,0,0,0,42000,1001000,-959000,-959000
6456,GIS-KY          ,427000,1429000,-1002000,0,0,0,0,0,0,16000,3000,0,3000,54000,41000,13000,-986000
053314,A50正2群益9A購01,0,0,0,0,0,0,0,0,0,-987000,0,0,0,70000,1057000,-987000,-987000
04874P,高股息中信97售01,0,0,0,0,0,0,0,0,0,-988000,0,0,0,10000,998000,-988000,-988000
046241,聯發科中信94購02,0,0,0,0,0,0,0,0,0,-990000,0,0,0,0,990000,-990000,-990000
05299P,旺宏元大95售04  ,0,0,0,0,0,0,0,0,0,-993000,0,0,0,102000,1095000,-993000,-993000
4927,泰鼎-KY         ,469000,1634000,-1165000,0,0,0,250000,40000,210000,-40000,0,2000,-2000,64000,102000,-38000,-995000
053418,旺宏永豐96購02  ,0,0,0,0,0,0,0,0,0,-1014000,0,0,0,558000,1572000,-1014000,-1014000
05491P,茂林元大95售04  ,0,0,0,0,0,0,0,0,0,-1017000,0,0,0,131000,1148000,-1017000,-1017000
057430,富邦金兆豐98購01,0,0,0,0,0,0,0,0,0,-1024000,0,0,0,0,1024000,-1024000,-1024000
00693U,街口S&P黃豆     ,0,0,0,0,0,0,0,0,0,-1025000,0,0,0,0,1025000,-1025000,-1025000
053357,可成統一96購02  ,0,0,0,0,0,0,0,0,0,-1032000,0,0,0,455000,1487000,-1032000,-1032000
00673R,元大S&P原油反1  ,23000,1379000,-1356000,0,0,0,0,0,0,311000,0,0,0,1924000,1613000,311000,-1045000
057478,智邦元大99購01  ,0,0,0,0,0,0,0,0,0,-1051000,0,0,0,70000,1121000,-1051000,-1051000
049240,華通元富94購01  ,0,0,0,0,0,0,0,0,0,-1064000,0,0,0,184000,1248000,-1064000,-1064000
054992,南亞科元富97購02,0,0,0,0,0,0,0,0,0,-1082000,0,0,0,190000,1272000,-1082000,-1082000
053032,國巨兆豐97購02  ,0,0,0,0,0,0,0,0,0,-1090000,0,0,0,17000,1107000,-1090000,-1090000
050603,致新國泰96購01  ,0,0,0,0,0,0,0,0,0,-1093000,0,0,0,410000,1503000,-1093000,-1093000
057095,祥碩元富98購02  ,0,0,0,0,0,0,0,0,0,-1099000,0,0,0,11000,1110000,-1099000,-1099000
2347,聯強            ,1794482,2841000,-1046518,0,0,0,0,13000,-13000,-57000,15000,2000,13000,0,70000,-70000,-1116518
2356,英業達          ,2138000,3094000,-956000,0,0,0,6000,19000,-13000,-153000,30000,14000,16000,48000,217000,-169000,-1122000
06338P,亞德客統一97售02,0,0,0,0,0,0,0,0,0,-1158000,0,0,0,150000,1308000,-1158000,-1158000
2328,廣宇            ,292000,1476000,-1184000,0,0,0,0,0,0,-10000,34000,22000,12000,0,22000,-22000,-1194000
044964,旺宏中信94購01  ,0,0,0,0,0,0,0,0,0,-1196000,0,0,0,368000,1564000,-1196000,-1196000
08795P,聯發科凱基01售11,0,0,0,0,0,0,0,0,0,-1198000,0,0,0,0,1198000,-1198000,-1198000
044717,旺宏統一94購01  ,0,0,0,0,0,0,0,0,0,-1217000,0,0,0,24000,1241000,-1217000,-1217000
054684,裕隆永豐97購01  ,80000,0,80000,0,0,0,0,0,0,-1306000,0,0,0,530000,1836000,-1306000,-1226000
056293,上銀元大97購10  ,0,0,0,0,0,0,0,0,0,-1232000,0,0,0,282000,1514000,-1232000,-1232000
054197,台積電永昌96購07,0,0,0,0,0,0,0,0,0,-1235000,0,0,0,6308000,7543000,-1235000,-1235000
055411,國巨富邦9A購02  ,0,0,0,0,0,0,0,0,0,-1246000,0,0,0,393000,1639000,-1246000,-1246000
2449,京元電子        ,1635127,2762000,-1126873,0,0,0,0,4000,-4000,-156000,18000,27000,-9000,36000,183000,-147000,-1286873
055450,台積電元富97購01,0,0,0,0,0,0,0,0,0,-1338000,0,0,0,173000,1511000,-1338000,-1338000
3673,TPK-KY          ,292000,1690000,-1398000,0,0,0,0,0,0,1000,16000,12000,4000,49000,52000,-3000,-1397000
056236,台積電群益97購06,0,0,0,0,0,0,0,0,0,-1401000,0,0,0,209000,1610000,-1401000,-1401000
057097,致新元富98購01  ,0,0,0,0,0,0,0,0,0,-1425000,0,0,0,29000,1454000,-1425000,-1425000
06440P,台積電凱基98售07,0,0,0,0,0,0,0,0,0,-1493000,0,0,0,52000,1545000,-1493000,-1493000
055707,聯鈞永豐98購01  ,0,0,0,0,0,0,0,0,0,-1495000,0,0,0,10000,1505000,-1495000,-1495000
056595,台積電元富98購04,0,0,0,0,0,0,0,0,0,-1506000,0,0,0,172000,1678000,-1506000,-1506000
6278,台表科          ,801000,1687000,-886000,0,0,0,235000,100000,135000,-783000,66000,32000,34000,29000,846000,-817000,-1534000
054865,可成群益97購01  ,0,0,0,0,0,0,0,0,0,-1569000,0,0,0,206000,1775000,-1569000,-1569000
054606,台積電永豐97購02,0,0,0,0,0,0,0,0,0,-1595000,0,0,0,120000,1715000,-1595000,-1595000
05033P,T50反1元大98售01,0,0,0,0,0,0,0,0,0,-1640000,0,0,0,0,1640000,-1640000,-1640000
04877P,聯發科麥證94售04,0,0,0,0,1665000,-1665000,0,0,0,-1665000,0,0,0,0,1665000,-1665000,-1665000
6116,彩晶            ,1446000,3122000,-1676000,0,0,0,0,0,0,-59000,34000,20000,14000,234000,307000,-73000,-1735000
2492,華新科          ,1662000,1741000,-79000,0,0,0,50000,1606000,-1556000,-137000,221000,440000,-219000,309000,227000,82000,-1772000
057473,T50反1元大98購08,0,0,0,0,0,0,0,0,0,-1794000,0,0,0,0,1794000,-1794000,-1794000
00648R,元大S&P500反1   ,0,22000,-22000,0,0,0,0,0,0,-1781000,0,0,0,64000,1845000,-1781000,-1803000
00664R,國泰臺灣加權反1 ,0,0,0,0,0,0,0,0,0,-1832000,0,0,0,136000,1968000,-1832000,-1832000
2454,聯發科          ,3436106,4780000,-1343894,0,0,0,3000,452000,-449000,-40000,118000,117000,1000,103000,144000,-41000,-1832894
00638R,元大滬深300反1  ,36000,69000,-33000,0,0,0,0,0,0,-1819000,0,15000,-15000,212000,2016000,-1804000,-1852000
1314,中石化          ,3162000,5529000,-2367000,0,0,0,1000,0,1000,490000,258000,15000,243000,270000,23000,247000,-1876000
054694,聯鈞永豐97購01  ,0,0,0,0,0,0,0,0,0,-1882000,0,0,0,31000,1913000,-1882000,-1882000
054743,聯鈞凱基99購01  ,0,0,0,0,0,0,0,0,0,-2031000,0,0,0,103000,2134000,-2031000,-2031000
052013,台積電永豐95購04,0,0,0,0,0,0,0,0,0,-2077000,0,0,0,179000,2256000,-2077000,-2077000
055718,可成元大97購02  ,0,0,0,0,0,0,0,0,0,-2161000,0,0,0,124000,2285000,-2161000,-2161000
056350,上銀元大98購02  ,0,0,0,0,0,0,0,0,0,-2284000,0,0,0,330000,2614000,-2284000,-2284000
2834,臺企銀          ,2900736,5295250,-2394514,0,0,0,48000,0,48000,32000,15000,1000,14000,20000,2000,18000,-2314514
2448,晶電            ,689000,2411000,-1722000,0,0,0,0,410000,-410000,-381000,45000,426000,-381000,0,0,0,-2513000
055303,鈺齊元大97購01  ,0,0,0,0,0,0,0,0,0,-2540000,0,0,0,24000,2564000,-2540000,-2540000
1402,遠東新          ,3768886,6472000,-2703114,0,0,0,28000,0,28000,56000,3000,0,3000,67000,14000,53000,-2619114
049114,玉晶光統一94購02,0,0,0,0,0,0,0,0,0,-2680000,0,0,0,145000,2825000,-2680000,-2680000
049216,華邦電國票95購01,0,0,0,0,0,0,0,0,0,-2684000,0,0,0,0,2684000,-2684000,-2684000
2313,華通            ,340000,2401000,-2061000,0,0,0,78000,1000000,-922000,117000,99000,102000,-3000,169000,49000,120000,-2866000
053564,台積電富邦99購01,0,0,0,0,0,0,0,0,0,-3145000,0,0,0,662000,3807000,-3145000,-3145000
2376,技嘉            ,1636000,5465000,-3829000,0,0,0,40000,7000,33000,338000,292000,37000,255000,473000,390000,83000,-3458000
2324,仁寶            ,4680473,8553748,-3873275,0,0,0,36000,26000,10000,71000,256000,0,256000,6000,191000,-185000,-3792275
2344,華邦電          ,8651000,10406810,-1755810,0,0,0,727000,1795000,-1068000,-1258000,198000,224000,-26000,62000,1294000,-1232000,-4081810
2323,中環            ,1245000,5665698,-4420698,0,0,0,0,0,0,-387280,75000,78000,-3000,740000,1124280,-384280,-4807978
2303,聯電            ,13446000,20562000,-7116000,0,0,0,22000,0,22000,931000,594000,28000,566000,478000,113000,365000,-6163000
00632R,元大台灣50反1   ,11000,1000,10000,0,0,0,0,0,0,-13535000,2037000,2226000,-189000,3426000,16772000,-13346000,-13525000
2337,旺宏            ,13355000,64104000,-50749000,0,0,0,524000,10829000,-10305000,-3497000,1102000,3453000,-2351000,996000,2142000,-1146000,-64551000
