證券代號,證券名稱,外陸資買進股數(不含外資自營商),外陸資賣出股數(不含外資自營商),外陸資買賣超股數(不含外資自營商),外資自營商買進股數,外資自營商賣出股數,外資自營商買賣超股數,投信買進股數,投信賣出股數,投信買賣超股數,自營商買賣超股數,自營商買進股數(自行買賣),自營商賣出股數(自行買賣),自營商買賣超股數(自行買賣),自營商買進股數(避險),自營商賣出股數(避險),自營商買賣超股數(避險),三大法人買賣超股數
00632R,元大台灣50反1   ,2320000,1753000,567000,0,0,0,0,0,0,30327000,2243000,2291000,-48000,40361000,9986000,30375000,30894000
00852L,國泰美國道瓊正2 ,1002000,195000,807000,0,0,0,0,0,0,4956000,0,0,0,9745000,4789000,4956000,5763000
6456,GIS-KY          ,4545000,3096000,1449000,0,0,0,2447000,0,2447000,192000,95000,151000,-56000,327000,79000,248000,4088000
053172,瑞儀群益97購01  ,0,0,0,0,0,0,0,0,0,3538000,0,0,0,3538000,0,3538000,3538000
5215,科嘉-KY         ,2258000,808000,1450000,0,0,0,891000,0,891000,36000,46000,10000,36000,0,0,0,2377000
062491,矽創永豐9B購01  ,0,0,0,0,0,0,0,0,0,2265000,0,0,0,2497000,232000,2265000,2265000
1760,寶齡富錦        ,3189000,955000,2234000,0,0,0,0,0,0,-5000,37000,42000,-5000,0,0,0,2229000
00738U,元大道瓊白銀    ,16000,15000,1000,0,0,0,0,0,0,2109000,0,0,0,2732000,623000,2109000,2110000
06456P,聯發科統一98售03,0,0,0,0,0,0,0,0,0,1790000,0,0,0,1834000,44000,1790000,1790000
3016,嘉晶            ,2590000,872000,1718000,0,0,0,456000,0,456000,-477000,3000,8000,-5000,47000,519000,-472000,1697000
2201,裕隆            ,2667000,1203000,1464000,0,0,0,0,0,0,34000,25000,0,25000,21000,12000,9000,1498000
061159,同欣電群益9A購01,0,0,0,0,0,0,0,0,0,1480000,0,0,0,1534000,54000,1480000,1480000
058771,神達兆豐99購01  ,0,0,0,0,0,0,0,0,0,1468000,0,0,0,1632000,164000,1468000,1468000
059396,T50反1元富99購04,0,0,0,0,0,0,0,0,0,1456000,0,0,0,1478000,22000,1456000,1456000
2027,大成鋼          ,1442000,703000,739000,0,0,0,0,0,0,716000,36000,62000,-26000,810000,68000,742000,1455000
061429,南六元大9A購02  ,0,0,0,0,0,0,0,0,0,1420000,0,0,0,1646000,226000,1420000,1420000
00676R,富邦臺灣加權反1 ,0,0,0,0,0,0,0,0,0,1328000,0,0,0,1933000,605000,1328000,1328000
060918,康友國泰9C購01  ,0,0,0,0,0,0,0,0,0,1301000,0,0,0,1380000,79000,1301000,1301000
2345,智邦            ,2569000,1283080,1285920,0,0,0,1000,0,1000,-10000,97000,92000,5000,35000,50000,-15000,1276920
056724,臻鼎中信9A購01  ,0,0,0,0,0,0,0,0,0,1276000,0,0,0,1655000,379000,1276000,1276000
057716,神達統一98購01  ,0,0,0,0,0,0,0,0,0,1251000,0,0,0,1502000,251000,1251000,1251000
062126,創意統一9B購01  ,0,0,0,0,0,0,0,0,0,1228000,0,0,0,1421000,193000,1228000,1228000
061231,聚陽元大9A購02  ,0,0,0,0,0,0,0,0,0,1177000,0,0,0,1637000,460000,1177000,1177000
2376,技嘉            ,2400000,804000,1596000,0,0,0,0,60000,-60000,-364000,30000,317000,-287000,129000,206000,-77000,1172000
07597P,臺股指中信01售02,0,0,0,0,0,0,0,0,0,1153000,0,0,0,1769000,616000,1153000,1153000
2377,微星            ,3598368,2361000,1237368,0,0,0,213000,300000,-87000,-14000,69000,68000,1000,111000,126000,-15000,1136368
3515,華擎            ,2260152,1156000,1104152,0,0,0,149000,0,149000,-128000,157000,126000,31000,47000,206000,-159000,1125152
055890,鴻海統一99購01  ,0,0,0,0,0,0,0,0,0,1072000,0,0,0,1072000,0,1072000,1072000
062337,台表科統一01購01,0,0,0,0,0,0,0,0,0,1042000,0,0,0,1294000,252000,1042000,1042000
07591P,台灣50元大9A售16,0,0,0,0,0,0,0,0,0,1012000,0,0,0,1020000,8000,1012000,1012000
062165,聯茂國泰01購01  ,0,0,0,0,0,0,0,0,0,1005000,0,0,0,1195000,190000,1005000,1005000
060857,旭富富邦9B購01  ,0,0,0,0,0,0,0,0,0,996000,0,0,0,1349000,353000,996000,996000
060406,瑞祺國泰9B購01  ,0,0,0,0,0,0,0,0,0,986000,0,0,0,1116000,130000,986000,986000
06516P,國巨凱基98售08  ,0,0,0,0,0,0,0,0,0,969000,0,0,0,970000,1000,969000,969000
07366P,國巨康和99售02  ,0,0,0,0,0,0,0,0,0,939000,0,0,0,1854000,915000,939000,939000
055798,聯茂富邦98購01  ,0,0,0,0,0,0,0,0,0,932000,0,0,0,932000,0,932000,932000
058910,泰鼎元大99購03  ,0,0,0,0,0,0,0,0,0,921000,0,0,0,1002000,81000,921000,921000
07174P,臺股指國票99售11,0,0,0,0,0,0,0,0,0,921000,0,0,0,1120000,199000,921000,921000
062007,台光電國泰9C購01,0,0,0,0,0,0,0,0,0,911000,0,0,0,1058000,147000,911000,911000
05440P,緯穎國票96售02  ,0,0,0,0,0,0,0,0,0,910000,0,0,0,910000,0,910000,910000
062846,國泰金富邦9C購01,0,0,0,0,0,0,0,0,0,907000,0,0,0,1007000,100000,907000,907000
062677,儒鴻統一01購01  ,0,0,0,0,0,0,0,0,0,902000,0,0,0,1330000,428000,902000,902000
061160,瑞祺群益9A購01  ,0,0,0,0,0,0,0,0,0,899000,0,0,0,1010000,111000,899000,899000
041824,元油2X國票96購01,0,0,0,0,0,0,0,0,0,898000,0,0,0,898000,0,898000,898000
061427,旭富元大9A購02  ,0,0,0,0,0,0,0,0,0,891000,0,0,0,1227000,336000,891000,891000
058049,帆宣元大98購01  ,0,0,0,0,0,0,0,0,0,879000,0,0,0,887000,8000,879000,879000
060731,奇力新群益9A購01,0,0,0,0,0,0,0,0,0,877000,0,0,0,902000,25000,877000,877000
061517,瑞祺永豐9A購03  ,0,0,0,0,0,0,0,0,0,874000,0,0,0,874000,0,874000,874000
060374,儒鴻元富9A購01  ,0,0,0,0,0,0,0,0,0,872000,0,0,0,957000,85000,872000,872000
6271,同欣電          ,784000,692000,92000,0,0,0,1091000,85000,1006000,-229000,44000,203000,-159000,25000,95000,-70000,869000
055509,訊芯元大97購03  ,0,0,0,0,0,0,0,0,0,868000,0,0,0,868000,0,868000,868000
06852P,臺股指元大98售11,0,0,0,0,0,0,0,0,0,849000,0,0,0,1048000,199000,849000,849000
060865,創意永豐9A購01  ,0,0,0,0,0,0,0,0,0,829000,0,0,0,941000,112000,829000,829000
060134,鈺齊群益9A購01  ,0,0,0,0,0,0,0,0,0,823000,0,0,0,1030000,207000,823000,823000
060506,京元電元大9A購02,0,0,0,0,0,0,0,0,0,821000,0,0,0,905000,84000,821000,821000
061469,瑞祺群益9A購02  ,0,0,0,0,0,0,0,0,0,811000,0,0,0,1078000,267000,811000,811000
060967,鈺齊凱基9A購02  ,0,0,0,0,0,0,0,0,0,806000,0,0,0,884000,78000,806000,806000
03414B,臺股指凱基99熊01,50000,60000,-10000,0,0,0,0,0,0,813000,0,0,0,966000,153000,813000,803000
062034,同欣電群益9B購01,0,0,0,0,0,0,0,0,0,800000,0,0,0,842000,42000,800000,800000
056604,鴻海富邦9A購01  ,0,0,0,0,0,0,0,0,0,800000,0,0,0,800000,0,800000,800000
07032P,聯發科統一9C售02,0,0,0,0,0,0,0,0,0,800000,0,0,0,855000,55000,800000,800000
058733,同欣電永豐99購02,0,0,0,0,0,0,0,0,0,799000,0,0,0,878000,79000,799000,799000
051105,台光電國票96購01,0,0,0,0,0,0,0,0,0,798000,0,0,0,798000,0,798000,798000
060791,聯茂富邦9A購02  ,0,0,0,0,0,0,0,0,0,794000,0,0,0,799000,5000,794000,794000
056321,創意群益98購02  ,0,0,0,0,0,0,0,0,0,788000,0,0,0,823000,35000,788000,788000
058149,百和元大99購02  ,0,0,0,0,0,0,0,0,0,760000,0,0,0,844000,84000,760000,760000
062486,瑞昱富邦9B購01  ,0,0,0,0,0,0,0,0,0,756000,0,0,0,1503000,747000,756000,756000
060788,嘉晶富邦9B購01  ,0,0,0,0,0,0,0,0,0,753000,0,0,0,790000,37000,753000,753000
1216,統一            ,8527845,7769567,758278,0,0,0,3000,0,3000,-10000,22000,32000,-10000,0,0,0,751278
060258,T50反1凱基9A購06,0,0,0,0,0,0,0,0,0,738000,0,0,0,739000,1000,738000,738000
05331P,上証2X國票96售01,0,0,0,0,0,0,0,0,0,731000,0,0,0,731000,0,731000,731000
060428,瑞祺永豐9A購01  ,0,0,0,0,0,0,0,0,0,731000,0,0,0,827000,96000,731000,731000
061822,和潤群益9B購01  ,0,0,0,0,0,0,0,0,0,728000,0,0,0,750000,22000,728000,728000
053630,奇鋐兆豐97購01  ,0,0,0,0,0,0,0,0,0,728000,0,0,0,728000,0,728000,728000
07745P,華新科凱基9A售10,0,0,0,0,0,0,0,0,0,710000,0,0,0,710000,0,710000,710000
059425,SGBR2X元大9A購02,0,0,0,0,0,0,0,0,0,705000,0,0,0,789000,84000,705000,705000
061815,奇力新群益9B購02,0,0,0,0,0,0,0,0,0,704000,0,0,0,704000,0,704000,704000
062978,世芯元富9B購01  ,0,0,0,0,0,0,0,0,0,696000,0,0,0,699000,3000,696000,696000
059560,T50反1凱基99購08,0,0,0,0,0,0,0,0,0,696000,0,0,0,806000,110000,696000,696000
061668,信邦中信9B購01  ,0,0,0,0,0,0,0,0,0,692000,0,0,0,694000,2000,692000,692000
4106,雃博            ,1507000,817000,690000,0,0,0,0,0,0,1000,1000,0,1000,0,0,0,691000
060901,臺股指凱基9A購13,0,0,0,0,0,0,0,0,0,686000,0,0,0,752000,66000,686000,686000
061197,矽創永豐9A購02  ,0,0,0,0,0,0,0,0,0,685000,0,0,0,791000,106000,685000,685000
056309,合勤控元大97購01,0,0,0,0,0,0,0,0,0,683000,0,0,0,805000,122000,683000,683000
056196,聯茂富邦98購02  ,0,0,0,0,0,0,0,0,0,682000,0,0,0,688000,6000,682000,682000
062803,嘉晶統一9B購02  ,0,0,0,0,0,0,0,0,0,680000,0,0,0,947000,267000,680000,680000
053095,台光電統一98購01,0,0,0,0,0,0,0,0,0,672000,0,0,0,698000,26000,672000,672000
058849,奇力新群益99購02,0,0,0,0,0,0,0,0,0,671000,0,0,0,671000,0,671000,671000
060856,健策富邦9B購02  ,0,0,0,0,0,0,0,0,0,668000,0,0,0,708000,40000,668000,668000
058148,百和元大99購01  ,0,0,0,0,0,0,0,0,0,660000,0,0,0,670000,10000,660000,660000
051082,上証2X元大98購01,0,0,0,0,0,0,0,0,0,659000,0,0,0,659000,0,659000,659000
00875,國泰網路資安    ,0,0,0,0,0,0,0,0,0,656000,0,0,0,1147000,491000,656000,656000
06507P,台表科國票99售01,0,0,0,0,0,0,0,0,0,655000,0,0,0,940000,285000,655000,655000
053398,和鑫中信99購01  ,0,0,0,0,0,0,0,0,0,653000,0,0,0,653000,0,653000,653000
061153,奇力新群益9A購02,0,0,0,0,0,0,0,0,0,650000,0,0,0,673000,23000,650000,650000
053577,上証2X元大96購02,0,0,0,0,0,0,0,0,0,650000,0,0,0,650000,0,650000,650000
054050,創意元大96購06  ,0,0,0,0,0,0,0,0,0,649000,0,0,0,668000,19000,649000,649000
054834,帆宣中信97購01  ,0,0,0,0,0,0,0,0,0,647000,0,0,0,668000,21000,647000,647000
056243,創意群益97購03  ,0,0,0,0,0,0,0,0,0,644000,0,0,0,664000,20000,644000,644000
07293P,臺股指凱基99售45,0,0,0,0,0,0,0,0,0,642000,0,0,0,643000,1000,642000,642000
060921,中橡永豐9A購02  ,0,0,0,0,0,0,0,0,0,637000,0,0,0,637000,0,637000,637000
060571,京元電永豐9A購01,0,0,0,0,0,0,0,0,0,635000,0,0,0,692000,57000,635000,635000
062461,智伸科群益9B購01,0,0,0,0,0,0,0,0,0,633000,0,0,0,898000,265000,633000,633000
061170,南茂兆豐9B購01  ,0,0,0,0,0,0,0,0,0,632000,0,0,0,904000,272000,632000,632000
060283,台肥元大9C購01  ,0,0,0,0,0,0,0,0,0,630000,0,0,0,691000,61000,630000,630000
056823,智伸科永豐98購01,0,0,0,0,0,0,0,0,0,629000,0,0,0,629000,0,629000,629000
056835,聯電元富99購01  ,0,0,0,0,0,0,0,0,0,629000,0,0,0,906000,277000,629000,629000
062389,台表科國泰01購01,0,0,0,0,0,0,0,0,0,624000,0,0,0,797000,173000,624000,624000
061306,瑞祺永豐9A購02  ,0,0,0,0,0,0,0,0,0,616000,0,0,0,802000,186000,616000,616000
056423,奇鋐統一98購01  ,0,0,0,0,0,0,0,0,0,614000,0,0,0,614000,0,614000,614000
054527,國巨統一97購03  ,0,0,0,0,0,0,0,0,0,610000,0,0,0,700000,90000,610000,610000
07170P,臺股指國票99售07,0,0,0,0,0,0,0,0,0,610000,0,0,0,672000,62000,610000,610000
060126,創意永豐99購04  ,0,0,0,0,0,0,0,0,0,609000,0,0,0,672000,63000,609000,609000
060649,國巨第一9A購01  ,0,0,0,0,0,0,0,0,0,608000,0,0,0,608000,0,608000,608000
058819,華通國泰9B購01  ,0,0,0,0,0,0,0,0,0,604000,0,0,0,619000,15000,604000,604000
056143,訊芯元大97購04  ,0,0,0,0,0,0,0,0,0,598000,0,0,0,600000,2000,598000,598000
058143,瑞儀元大99購02  ,0,0,0,0,0,0,0,0,0,597000,0,0,0,652000,55000,597000,597000
055824,臺股指國票97購11,0,0,0,0,0,0,0,0,0,590000,0,0,0,650000,60000,590000,590000
061305,帆宣永豐9A購01  ,0,0,0,0,0,0,0,0,0,586000,0,0,0,591000,5000,586000,586000
2404,漢唐            ,948000,430000,518000,0,0,0,0,0,0,64000,7000,1000,6000,63000,5000,58000,582000
060915,旭富元大9A購01  ,0,25000,-25000,0,0,0,0,0,0,605000,0,0,0,834000,229000,605000,580000
2520,冠德            ,1003000,494000,509000,0,0,0,0,0,0,69000,69000,0,69000,0,0,0,578000
1309,台達化          ,798000,282000,516000,0,0,0,0,0,0,61000,61000,0,61000,0,0,0,577000
060412,儒鴻永豐9A購01  ,0,0,0,0,0,0,0,0,0,576000,0,0,0,745000,169000,576000,576000
058244,神達元大99購02  ,0,0,0,0,0,0,0,0,0,576000,0,0,0,576000,0,576000,576000
060677,京元電元大9A購04,0,0,0,0,0,0,0,0,0,572000,0,0,0,578000,6000,572000,572000
059772,可成群益9A購05  ,0,0,0,0,0,0,0,0,0,567000,0,0,0,598000,31000,567000,567000
055817,京鼎國票99購01  ,0,0,0,0,0,0,0,0,0,563000,0,0,0,580000,17000,563000,563000
061043,百和永豐9A購01  ,0,0,0,0,0,0,0,0,0,562000,0,0,0,562000,0,562000,562000
061767,信邦元大9B購01  ,0,0,0,0,0,0,0,0,0,559000,0,0,0,562000,3000,559000,559000
057675,同欣電元大98購02,0,0,0,0,0,0,0,0,0,557000,0,0,0,845000,288000,557000,557000
059101,康控統一9A購01  ,0,0,0,0,0,0,0,0,0,554000,0,0,0,580000,26000,554000,554000
056629,昇陽半永豐98購01,0,0,0,0,0,0,0,0,0,550000,0,0,0,550000,0,550000,550000
061555,聯電國票9B購01  ,0,0,0,0,0,0,0,0,0,542000,0,0,0,552000,10000,542000,542000
060708,康友富邦9B購01  ,0,0,0,0,0,0,0,0,0,542000,0,0,0,670000,128000,542000,542000
058265,奇力新永豐9A購01,0,0,0,0,0,0,0,0,0,542000,0,0,0,542000,0,542000,542000
07234P,台灣50元大9B售04,0,0,0,0,0,0,0,0,0,540000,0,0,0,950000,410000,540000,540000
05361P,聯發科富邦97售01,0,0,0,0,0,0,0,0,0,539000,0,0,0,826000,287000,539000,539000
060881,玉山金中信02購01,0,0,0,0,0,0,0,0,0,538000,0,0,0,538000,0,538000,538000
1605,華新            ,4715000,4759997,-44997,0,0,0,2000,0,2000,580000,146000,22000,124000,639000,183000,456000,537003
055916,奇鋐凱基99購01  ,0,0,0,0,0,0,0,0,0,536000,0,0,0,546000,10000,536000,536000
061506,瑞祺國票9A購02  ,0,0,0,0,0,0,0,0,0,529000,0,0,0,553000,24000,529000,529000
00686R,群益臺灣加權反1 ,0,0,0,0,0,0,0,0,0,526000,0,0,0,663000,137000,526000,526000
058663,瑞儀兆豐9A購01  ,0,0,0,0,0,0,0,0,0,523000,0,0,0,668000,145000,523000,523000
058973,麗豐永豐99購01  ,0,0,0,0,0,0,0,0,0,521000,0,0,0,521000,0,521000,521000
061659,信邦永豐9A購01  ,0,0,0,0,0,0,0,0,0,519000,0,0,0,519000,0,519000,519000
060391,華擎群益9C購01  ,0,0,0,0,0,0,0,0,0,514000,0,0,0,534000,20000,514000,514000
057203,麗豐元富98購02  ,0,0,0,0,0,0,0,0,0,514000,0,0,0,569000,55000,514000,514000
07263P,台積電元大99售37,0,0,0,0,0,0,0,0,0,513000,0,0,0,555000,42000,513000,513000
059188,京元電富邦9B購01,0,0,0,0,0,0,0,0,0,511000,0,0,0,776000,265000,511000,511000
057270,遠東新元大98購01,0,0,0,0,0,0,0,0,0,505000,0,0,0,545000,40000,505000,505000
07347P,上証2X凱基99售02,0,0,0,0,0,0,0,0,0,500000,0,0,0,500000,0,500000,500000
052609,智易元大97購01  ,0,0,0,0,0,0,0,0,0,499000,0,0,0,499000,0,499000,499000
052863,友達凱基98購02  ,0,0,0,0,0,0,0,0,0,499000,0,0,0,499000,0,499000,499000
060142,臺指反國票9B購01,0,0,0,0,0,0,0,0,0,499000,0,0,0,499000,0,499000,499000
058926,勤誠元富99購01  ,0,0,0,0,0,0,0,0,0,496000,0,0,0,581000,85000,496000,496000
057202,TPK元富98購02   ,0,0,0,0,0,0,0,0,0,495000,0,0,0,500000,5000,495000,495000
041991,元油2X國票98購01,0,0,0,0,0,0,0,0,0,490000,0,0,0,490000,0,490000,490000
07162P,臺股指群益99售13,0,0,0,0,0,0,0,0,0,490000,0,0,0,526000,36000,490000,490000
06901P,亞德客凱基98售02,0,0,0,0,0,0,0,0,0,490000,0,0,0,500000,10000,490000,490000
054201,聯詠富邦97購02  ,0,0,0,0,0,0,0,0,0,489000,0,0,0,489000,0,489000,489000
052423,宏達電國票96購02,0,0,0,0,0,0,0,0,0,488000,0,0,0,488000,0,488000,488000
057467,祥碩永豐98購04  ,0,0,0,0,0,0,0,0,0,484000,0,0,0,488000,4000,484000,484000
1717,長興            ,1067000,527000,540000,0,0,0,0,0,0,-56000,12000,68000,-56000,0,0,0,484000
053455,台光電元富96購02,0,0,0,0,0,0,0,0,0,483000,0,0,0,508000,25000,483000,483000
6670,復盛應用        ,218000,190216,27784,0,0,0,348000,0,348000,107000,141000,25000,116000,4000,13000,-9000,482784
056420,台表科元富98購01,0,0,0,0,0,0,0,0,0,481000,0,0,0,626000,145000,481000,481000
00712,FH富時不動產    ,0,0,0,0,0,0,0,0,0,480000,0,0,0,480000,0,480000,480000
058273,同欣電永豐99購01,0,0,0,0,0,0,0,0,0,479000,0,0,0,485000,6000,479000,479000
056852,矽格元富98購01  ,0,0,0,0,0,0,0,0,0,477000,0,0,0,662000,185000,477000,477000
056269,新日興統一98購01,0,0,0,0,0,0,0,0,0,474000,0,0,0,689000,215000,474000,474000
060195,旭富元富9A購02  ,0,0,0,0,0,0,0,0,0,472000,0,0,0,810000,338000,472000,472000
057730,聯鈞國泰9A購01  ,0,0,0,0,0,0,0,0,0,470000,0,0,0,487000,17000,470000,470000
058134,信邦元大99購01  ,0,15000,-15000,0,0,0,0,0,0,484000,0,0,0,492000,8000,484000,469000
062225,華擎統一01購01  ,0,0,0,0,0,0,0,0,0,466000,0,0,0,732000,266000,466000,466000
062490,聯茂永豐9B購01  ,0,0,0,0,0,0,0,0,0,465000,0,0,0,473000,8000,465000,465000
056559,華通群益98購02  ,0,0,0,0,0,0,0,0,0,465000,0,0,0,686000,221000,465000,465000
061455,京元電凱基9B購01,0,0,0,0,0,0,0,0,0,464000,0,0,0,504000,40000,464000,464000
020012,富邦行動通訊N   ,0,0,0,0,0,0,0,0,0,464000,0,0,0,475000,11000,464000,464000
060054,華新科凱基9B購04,0,0,0,0,0,0,0,0,0,460000,0,0,0,465000,5000,460000,460000
062329,奇力新統一9C購03,0,0,0,0,0,0,0,0,0,458000,0,0,0,458000,0,458000,458000
062023,寶成永豐9B購01  ,0,0,0,0,0,0,0,0,0,456000,0,0,0,456000,0,456000,456000
062453,聚陽群益9C購01  ,0,0,0,0,0,0,0,0,0,456000,0,0,0,713000,257000,456000,456000
049007,玉晶光中信96購01,0,0,0,0,0,0,0,0,0,452000,0,0,0,772000,320000,452000,452000
062672,兆豐金中信03購01,0,0,0,0,0,0,0,0,0,451000,0,0,0,560000,109000,451000,451000
060766,世芯元大9A購02  ,0,0,0,0,0,0,0,0,0,451000,0,0,0,452000,1000,451000,451000
061367,瑞祺國票9A購01  ,0,0,0,0,0,0,0,0,0,450000,0,0,0,523000,73000,450000,450000
062297,億豐永豐9B購01  ,0,0,0,0,0,0,0,0,0,450000,0,0,0,463000,13000,450000,450000
055257,景碩統一97購01  ,0,0,0,0,0,0,0,0,0,450000,0,0,0,450000,0,450000,450000
6251,定穎            ,1496000,694000,802000,0,0,0,0,0,0,-352000,0,352000,-352000,0,0,0,450000
062785,世芯元大9C購01  ,0,0,0,0,0,0,0,0,0,448000,0,0,0,468000,20000,448000,448000
056954,聯詠富邦9A購01  ,0,0,0,0,0,0,0,0,0,447000,0,0,0,468000,21000,447000,447000
2421,建準            ,1361000,843000,518000,0,0,0,0,0,0,-71000,0,4000,-4000,17000,84000,-67000,447000
061398,力成中信9A購01  ,0,0,0,0,0,0,0,0,0,445000,0,0,0,445000,0,445000,445000
061876,明泰元大9B購01  ,0,0,0,0,0,0,0,0,0,445000,0,0,0,446000,1000,445000,445000
061468,神達群益9A購01  ,25000,49000,-24000,0,0,0,0,0,0,466000,0,0,0,579000,113000,466000,442000
057626,技嘉富邦9A購01  ,0,0,0,0,0,0,0,0,0,442000,0,0,0,493000,51000,442000,442000
058113,百和元富98購01  ,0,0,0,0,0,0,0,0,0,441000,0,0,0,441000,0,441000,441000
062826,奇力新群益9C購01,0,0,0,0,0,0,0,0,0,437000,0,0,0,437000,0,437000,437000
059623,聯電凱基99購02  ,0,0,0,0,0,0,0,0,0,437000,0,0,0,598000,161000,437000,437000
056507,創意永豐98購02  ,0,0,0,0,0,0,0,0,0,436000,0,0,0,516000,80000,436000,436000
06491P,台積電富邦99售02,0,0,0,0,0,0,0,0,0,435000,0,0,0,643000,208000,435000,435000
060251,易華電元大9C購01,0,0,0,0,0,0,0,0,0,435000,0,0,0,435000,0,435000,435000
1215,卜蜂            ,605000,353000,252000,0,0,0,175000,0,175000,8000,0,0,0,29000,21000,8000,435000
061716,瑞儀凱基9B購01  ,0,0,0,0,0,0,0,0,0,433000,0,0,0,491000,58000,433000,433000
055741,健策元富97購01  ,0,0,0,0,0,0,0,0,0,433000,0,0,0,473000,40000,433000,433000
061600,聯電凱基9B購01  ,0,0,0,0,0,0,0,0,0,432000,0,0,0,433000,1000,432000,432000
9921,巨大            ,1551800,1179000,372800,0,0,0,59000,0,59000,0,10000,2000,8000,0,8000,-8000,431800
061642,創意元大9A購04  ,0,0,0,0,0,0,0,0,0,431000,0,0,0,811000,380000,431000,431000
062575,景碩群益9B購01  ,0,0,0,0,0,0,0,0,0,431000,0,0,0,459000,28000,431000,431000
062592,牧德統一01購01  ,0,0,0,0,0,0,0,0,0,430000,0,0,0,447000,17000,430000,430000
062798,台光電統一9B購01,0,0,0,0,0,0,0,0,0,429000,0,0,0,504000,75000,429000,429000
062407,同欣電永豐9B購01,0,0,0,0,0,0,0,0,0,428000,0,0,0,440000,12000,428000,428000
061464,瑞昱群益9A購01  ,0,0,0,0,0,0,0,0,0,428000,0,0,0,860000,432000,428000,428000
060958,儒鴻凱基9A購02  ,0,0,0,0,0,0,0,0,0,428000,0,0,0,798000,370000,428000,428000
056693,國產群益98購01  ,0,0,0,0,0,0,0,0,0,426000,0,0,0,690000,264000,426000,426000
060418,中橡永豐9A購01  ,0,0,0,0,0,0,0,0,0,426000,0,0,0,431000,5000,426000,426000
062533,嘉澤統一9C購01  ,0,0,0,0,0,0,0,0,0,425000,0,0,0,425000,0,425000,425000
060435,鈺齊永豐9A購01  ,0,0,0,0,0,0,0,0,0,425000,0,0,0,427000,2000,425000,425000
058270,上緯控永豐99購01,0,0,0,0,0,0,0,0,0,424000,0,0,0,450000,26000,424000,424000
060452,儒鴻元大9A購01  ,0,0,0,0,0,0,0,0,0,423000,0,0,0,561000,138000,423000,423000
07370P,南亞科凱基99售08,15000,0,15000,0,0,0,0,0,0,406000,0,0,0,432000,26000,406000,421000
06016P,京元電凱基96售03,0,0,0,0,0,0,0,0,0,420000,0,0,0,420000,0,420000,420000
05677P,玉晶光群益98售03,0,0,0,0,0,0,0,0,0,418000,0,0,0,498000,80000,418000,418000
062590,亞光統一9B購01  ,0,0,0,0,0,0,0,0,0,416000,0,0,0,426000,10000,416000,416000
057539,南茂元大98購02  ,0,0,0,0,0,0,0,0,0,415000,0,0,0,652000,237000,415000,415000
07789P,緯穎群益9A售03  ,0,0,0,0,0,0,0,0,0,414000,0,0,0,434000,20000,414000,414000
061357,寶成元大9A購01  ,0,0,0,0,0,0,0,0,0,409000,0,0,0,512000,103000,409000,409000
052691,GIS元大96購01   ,0,0,0,0,0,0,0,0,0,409000,0,0,0,463000,54000,409000,409000
058142,瑞儀元大99購01  ,0,0,0,0,0,0,0,0,0,409000,0,0,0,671000,262000,409000,409000
055705,微星永豐97購01  ,0,0,0,0,0,0,0,0,0,404000,0,0,0,425000,21000,404000,404000
062819,奇鋐兆豐9B購01  ,0,0,0,0,0,0,0,0,0,403000,0,0,0,416000,13000,403000,403000
061610,力成統一9C購01  ,0,0,0,0,0,0,0,0,0,402000,0,0,0,472000,70000,402000,402000
061293,聯茂統一9A購01  ,0,0,0,0,0,0,0,0,0,402000,0,0,0,402000,0,402000,402000
054882,台光電統一97購02,0,0,0,0,0,0,0,0,0,402000,0,0,0,407000,5000,402000,402000
054879,大成鋼統一97購01,0,0,0,0,0,0,0,0,0,400000,0,0,0,400000,0,400000,400000
054454,滬深2X群益96購04,0,0,0,0,0,0,0,0,0,400000,0,0,0,400000,0,400000,400000
057927,勤誠凱基98購01  ,0,0,0,0,0,0,0,0,0,400000,0,0,0,400000,0,400000,400000
061785,奇力新群益9B購01,0,0,0,0,0,0,0,0,0,399000,0,0,0,399000,0,399000,399000
051071,聯發科國票96購01,0,0,0,0,0,0,0,0,0,399000,0,0,0,399000,0,399000,399000
07700P,臺股指元大9A售53,0,0,0,0,0,0,0,0,0,397000,0,0,0,402000,5000,397000,397000
060746,玉晶光國票9B購02,0,0,0,0,0,0,0,0,0,396000,0,0,0,409000,13000,396000,396000
06662P,玉晶光中信9A售01,0,0,0,0,0,0,0,0,0,395000,0,0,0,535000,140000,395000,395000
058664,百和兆豐99購01  ,0,0,0,0,0,0,0,0,0,394000,0,0,0,409000,15000,394000,394000
057378,康友元大98購02  ,0,0,0,0,0,0,0,0,0,389000,0,0,0,419000,30000,389000,389000
062204,京元電國票9C購01,0,0,0,0,0,0,0,0,0,387000,0,0,0,462000,75000,387000,387000
054458,復盛群益96購01  ,0,0,0,0,0,0,0,0,0,387000,0,0,0,464000,77000,387000,387000
056677,智伸科元富98購01,0,0,0,0,0,0,0,0,0,384000,0,0,0,556000,172000,384000,384000
060419,漢翔永豐9A購01  ,0,0,0,0,0,0,0,0,0,381000,0,0,0,391000,10000,381000,381000
062351,瑞祺群益9C購01  ,0,0,0,0,0,0,0,0,0,380000,0,0,0,537000,157000,380000,380000
055762,智伸科群益97購01,0,0,0,0,0,0,0,0,0,380000,0,0,0,380000,0,380000,380000
062485,華通國泰01購01  ,0,0,0,0,0,0,0,0,0,379000,0,0,0,414000,35000,379000,379000
057612,瑞昱元富02購01  ,0,0,0,0,0,0,0,0,0,379000,0,0,0,478000,99000,379000,379000
050170,臺指反元大97購02,0,0,0,0,0,0,0,0,0,378000,0,0,0,398000,20000,378000,378000
060433,億豐永豐9A購01  ,0,0,0,0,0,0,0,0,0,378000,0,0,0,378000,0,378000,378000
06982P,義隆凱基99售02  ,0,0,0,0,0,0,0,0,0,377000,0,0,0,733000,356000,377000,377000
061466,創意群益9A購01  ,0,0,0,0,0,0,0,0,0,375000,0,0,0,375000,0,375000,375000
061347,創意元大9A購02  ,0,0,0,0,0,0,0,0,0,374000,0,0,0,576000,202000,374000,374000
059326,康友元大99購01  ,0,0,0,0,0,0,0,0,0,374000,0,0,0,462000,88000,374000,374000
060302,台積電富邦02購01,0,0,0,0,0,0,0,0,0,374000,0,0,0,422000,48000,374000,374000
060664,聯詠凱基9A購01  ,0,0,0,0,0,0,0,0,0,372000,0,0,0,392000,20000,372000,372000
060477,和潤元大9A購01  ,0,0,0,0,0,0,0,0,0,371000,0,0,0,579000,208000,371000,371000
00647L,元大S&P500正2   ,12000,12000,0,0,0,0,0,0,0,370000,0,0,0,729000,359000,370000,370000
058764,康友群益99購01  ,0,0,0,0,0,0,0,0,0,369000,0,0,0,399000,30000,369000,369000
062281,奇鋐群益9B購01  ,0,0,0,0,0,0,0,0,0,367000,0,0,0,700000,333000,367000,367000
058327,大毅統一9B購01  ,0,0,0,0,0,0,0,0,0,367000,0,0,0,508000,141000,367000,367000
058246,帆宣元大99購01  ,0,0,0,0,0,0,0,0,0,367000,0,0,0,367000,0,367000,367000
06514P,國巨凱基98售05  ,0,0,0,0,0,0,0,0,0,366000,0,0,0,375000,9000,366000,366000
04908P,南電國票95售03  ,0,0,0,0,0,0,0,0,0,364000,0,0,0,367000,3000,364000,364000
061339,京元電元大9A購05,0,0,0,0,0,0,0,0,0,361000,0,0,0,361000,0,361000,361000
057109,信邦群益98購01  ,0,0,0,0,0,0,0,0,0,361000,0,0,0,459000,98000,361000,361000
061553,南電群益9A購03  ,0,0,0,0,0,0,0,0,0,359000,0,0,0,459000,100000,359000,359000
061548,聯詠群益9A購02  ,0,0,0,0,0,0,0,0,0,358000,0,0,0,360000,2000,358000,358000
056418,台光電元富98購01,0,0,0,0,0,0,0,0,0,356000,0,0,0,444000,88000,356000,356000
061165,美律兆豐9A購01  ,0,0,0,0,0,0,0,0,0,355000,0,0,0,355000,0,355000,355000
061607,台表科凱基9B購02,0,0,0,0,0,0,0,0,0,353000,0,0,0,400000,47000,353000,353000
060453,儒鴻元大9A購02  ,0,0,0,0,0,0,0,0,0,353000,0,0,0,460000,107000,353000,353000
052313,聯電元大98購01  ,0,0,0,0,0,0,0,0,0,352000,0,0,0,422000,70000,352000,352000
060282,聚陽元大9A購01  ,0,0,0,0,0,0,0,0,0,352000,0,0,0,427000,75000,352000,352000
060455,葡萄王元大9A購02,0,0,0,0,0,0,0,0,0,351000,0,0,0,417000,66000,351000,351000
054333,茂林永豐96購03  ,0,0,0,0,0,0,0,0,0,350000,0,0,0,370000,20000,350000,350000
058714,美律統一9B購01  ,0,0,0,0,0,0,0,0,0,349000,0,0,0,385000,36000,349000,349000
061518,達方永豐9A購02  ,0,0,0,0,0,0,0,0,0,348000,0,0,0,350000,2000,348000,348000
062427,嘉澤統一01購01  ,0,0,0,0,0,0,0,0,0,347000,0,0,0,432000,85000,347000,347000
058675,康控群益9B購01  ,0,0,0,0,0,0,0,0,0,347000,0,0,0,347000,0,347000,347000
058725,美律富邦9A購01  ,0,0,0,0,0,0,0,0,0,347000,0,0,0,347000,0,347000,347000
062246,力山元大9B購02  ,0,0,0,0,0,0,0,0,0,345000,0,0,0,514000,169000,345000,345000
061773,和潤元大9B購01  ,0,0,0,0,0,0,0,0,0,345000,0,0,0,438000,93000,345000,345000
056177,嘉澤元富97購01  ,0,0,0,0,0,0,0,0,0,345000,0,0,0,345000,0,345000,345000
059051,和大凱基9A購01  ,0,0,0,0,0,0,0,0,0,345000,0,0,0,445000,100000,345000,345000
07472P,和碩元大9A售03  ,0,0,0,0,0,0,0,0,0,344000,0,0,0,386000,42000,344000,344000
056937,智原元富98購01  ,0,0,0,0,0,0,0,0,0,343000,0,0,0,583000,240000,343000,343000
056755,聯茂兆豐98購01  ,0,0,0,0,0,0,0,0,0,341000,0,0,0,363000,22000,341000,341000
1598,岱宇            ,896000,556000,340000,0,0,0,0,0,0,0,0,0,0,0,0,0,340000
060934,台汽電永豐9A購02,0,0,0,0,0,0,0,0,0,339000,0,0,0,435000,96000,339000,339000
056380,麗豐元富98購01  ,0,0,0,0,0,0,0,0,0,339000,0,0,0,339000,0,339000,339000
060427,聯茂永豐9A購01  ,0,0,0,0,0,0,0,0,0,339000,0,0,0,354000,15000,339000,339000
061131,崇越永豐9A購01  ,0,0,0,0,0,0,0,0,0,338000,0,0,0,338000,0,338000,338000
061944,聯電群益9B購01  ,0,0,0,0,0,0,0,0,0,338000,0,0,0,692000,354000,338000,338000
053063,力山群益98購01  ,0,0,0,0,0,0,0,0,0,336000,0,0,0,440000,104000,336000,336000
058100,聯茂國泰99購02  ,0,0,0,0,0,0,0,0,0,336000,0,0,0,499000,163000,336000,336000
061866,力山元大9C購01  ,0,0,0,0,0,0,0,0,0,334000,0,0,0,456000,122000,334000,334000
062293,麗豐永豐9B購01  ,0,0,0,0,0,0,0,0,0,334000,0,0,0,334000,0,334000,334000
058526,鈺齊元大99購02  ,0,0,0,0,0,0,0,0,0,333000,0,0,0,333000,0,333000,333000
059086,國巨元大99購18  ,0,0,0,0,0,0,0,0,0,333000,0,0,0,468000,135000,333000,333000
061935,台積電國票9B購07,0,0,0,0,0,0,0,0,0,332000,0,0,0,362000,30000,332000,332000
056268,新日興統一97購01,0,0,0,0,0,0,0,0,0,331000,0,0,0,331000,0,331000,331000
059461,鈺齊永豐99購03  ,0,0,0,0,0,0,0,0,0,331000,0,0,0,388000,57000,331000,331000
056845,揚明光元富98購01,0,0,0,0,0,0,0,0,0,331000,0,0,0,366000,35000,331000,331000
061412,儒鴻群益9A購01  ,0,0,0,0,0,0,0,0,0,330000,0,0,0,507000,177000,330000,330000
062774,儒鴻元大9C購01  ,0,0,0,0,0,0,0,0,0,330000,0,0,0,501000,171000,330000,330000
062653,正隆永豐9B購01  ,0,0,0,0,0,0,0,0,0,329000,0,0,0,390000,61000,329000,329000
060456,正隆元大9A購01  ,0,0,0,0,0,0,0,0,0,329000,0,0,0,604000,275000,329000,329000
057300,訊連永豐98購01  ,0,0,0,0,0,0,0,0,0,327000,0,0,0,327000,0,327000,327000
060366,健策元富9A購01  ,0,0,0,0,0,0,0,0,0,326000,0,0,0,326000,0,326000,326000
055599,TPK元大97購01   ,0,0,0,0,0,0,0,0,0,325000,0,0,0,325000,0,325000,325000
07652P,臺股指中信9A售07,0,0,0,0,0,0,0,0,0,325000,0,0,0,368000,43000,325000,325000
1736,喬山            ,578000,894000,-316000,0,0,0,500000,0,500000,140000,151000,12000,139000,19000,18000,1000,324000
062976,嘉澤元富9B購01  ,0,0,0,0,0,0,0,0,0,321000,0,0,0,363000,42000,321000,321000
3014,聯陽            ,525000,210000,315000,0,0,0,0,0,0,6000,0,19000,-19000,31000,6000,25000,321000
061031,神隆永豐9A購02  ,0,0,0,0,0,0,0,0,0,320000,0,0,0,380000,60000,320000,320000
061307,和潤永豐9A購02  ,0,0,0,0,0,0,0,0,0,320000,0,0,0,360000,40000,320000,320000
058147,鈺齊元大99購01  ,0,0,0,0,0,0,0,0,0,320000,0,0,0,376000,56000,320000,320000
062395,台表科富邦9C購01,0,0,0,0,0,0,0,0,0,319000,0,0,0,448000,129000,319000,319000
062437,廣達元大9B購01  ,0,0,0,0,0,0,0,0,0,319000,0,0,0,323000,4000,319000,319000
055877,奇鋐元富97購01  ,0,0,0,0,0,0,0,0,0,319000,0,0,0,369000,50000,319000,319000
059030,奇力新兆豐99購03,0,0,0,0,0,0,0,0,0,318000,0,0,0,361000,43000,318000,318000
062972,京元電元富9B購01,0,0,0,0,0,0,0,0,0,317000,0,0,0,321000,4000,317000,317000
061033,台光電永豐9A購01,0,0,0,0,0,0,0,0,0,317000,0,0,0,442000,125000,317000,317000
061474,瑞昱元大9A購04  ,0,0,0,0,0,0,0,0,0,316000,0,0,0,406000,90000,316000,316000
056562,奇力新群益98購01,0,0,0,0,0,0,0,0,0,316000,0,0,0,316000,0,316000,316000
059008,鈺齊元大99購03  ,0,0,0,0,0,0,0,0,0,316000,0,0,0,325000,9000,316000,316000
3705,永信            ,479000,168000,311000,0,0,0,0,0,0,5000,5000,0,5000,0,0,0,316000
059096,百和元大99購04  ,0,0,0,0,0,0,0,0,0,314000,0,0,0,414000,100000,314000,314000
058025,聯茂國泰99購01  ,0,0,0,0,0,0,0,0,0,314000,0,0,0,314000,0,314000,314000
04731P,臺股指中信96售03,0,0,0,0,0,0,0,0,0,313000,0,0,0,460000,147000,313000,313000
057776,京元電群益98購02,0,0,0,0,0,0,0,0,0,313000,0,0,0,420000,107000,313000,313000
054148,矽創元大96購03  ,0,0,0,0,0,0,0,0,0,312000,0,0,0,335000,23000,312000,312000
1701,中化            ,1185000,875000,310000,0,0,0,0,0,0,2000,2000,0,2000,0,0,0,312000
061353,康控元大9A購01  ,0,0,0,0,0,0,0,0,0,310000,0,0,0,349000,39000,310000,310000
061025,創意富邦9B購01  ,0,0,0,0,0,0,0,0,0,310000,0,0,0,742000,432000,310000,310000
062608,智易凱基9B購01  ,0,0,0,0,0,0,0,0,0,310000,0,0,0,362000,52000,310000,310000
058972,新日興永豐9A購01,0,0,0,0,0,0,0,0,0,310000,0,0,0,389000,79000,310000,310000
062457,京元電群益9B購01,0,0,0,0,0,0,0,0,0,309000,0,0,0,441000,132000,309000,309000
061901,柏文永豐9B購01  ,0,0,0,0,0,0,0,0,0,307000,0,0,0,343000,36000,307000,307000
060289,京元電元大9A購01,0,0,0,0,0,0,0,0,0,307000,0,0,0,468000,161000,307000,307000
053035,台表科兆豐97購01,0,0,0,0,0,0,0,0,0,305000,0,0,0,305000,0,305000,305000
07389P,臺股指群益9C售08,0,0,0,0,0,0,0,0,0,305000,0,0,0,310000,5000,305000,305000
061521,亞光兆豐9A購02  ,0,0,0,0,0,0,0,0,0,304000,0,0,0,304000,0,304000,304000
06750P,聯發科元富02售03,0,0,0,0,0,0,0,0,0,304000,0,0,0,318000,14000,304000,304000
061476,大毅元大9A購02  ,0,0,0,0,0,0,0,0,0,303000,0,0,0,303000,0,303000,303000
061130,牧德永豐9A購04  ,0,0,0,0,0,0,0,0,0,303000,0,0,0,308000,5000,303000,303000
055029,帆宣國泰99購01  ,0,0,0,0,0,0,0,0,0,303000,0,0,0,303000,0,303000,303000
062882,新日興兆豐9C購01,0,0,0,0,0,0,0,0,0,302000,0,0,0,393000,91000,302000,302000
050778,瑞儀元大96購01  ,0,0,0,0,0,0,0,0,0,302000,0,0,0,302000,0,302000,302000
057700,新日興群益9A購01,0,0,0,0,0,0,0,0,0,302000,0,0,0,304000,2000,302000,302000
07660P,聯茂凱基9A售03  ,0,0,0,0,0,0,0,0,0,302000,0,0,0,640000,338000,302000,302000
062809,同欣電統一9C購01,0,0,0,0,0,0,0,0,0,301000,0,0,0,1218000,917000,301000,301000
061066,嘉晶凱基9B購01  ,0,0,0,0,0,0,0,0,0,301000,0,0,0,609000,308000,301000,301000
054349,同欣電國票97購02,0,0,0,0,0,0,0,0,0,301000,0,0,0,474000,173000,301000,301000
056620,華新科永豐98購02,0,0,0,0,0,0,0,0,0,301000,0,0,0,301000,0,301000,301000
06942P,台灣50台新02售01,0,0,0,0,0,0,0,0,0,301000,0,0,0,301000,0,301000,301000
061676,新光金元大9A購03,0,0,0,0,0,0,0,0,0,300000,0,0,0,300000,0,300000,300000
062806,世芯統一02購01  ,0,0,0,0,0,0,0,0,0,300000,0,0,0,335000,35000,300000,300000
052941,康控兆豐97購01  ,0,0,0,0,0,0,0,0,0,300000,0,0,0,300000,0,300000,300000
053595,創意元大96購02  ,0,0,0,0,0,0,0,0,0,300000,0,0,0,300000,0,300000,300000
062205,奇力新國票9C購01,0,0,0,0,0,0,0,0,0,299000,0,0,0,319000,20000,299000,299000
07173P,臺股指國票99售10,0,0,0,0,0,0,0,0,0,299000,0,0,0,448000,149000,299000,299000
059519,台郡永豐99購01  ,0,0,0,0,0,0,0,0,0,298000,0,0,0,299000,1000,298000,298000
062459,聯詠群益9B購01  ,0,0,0,0,0,0,0,0,0,297000,0,0,0,314000,17000,297000,297000
059257,臺股指凱基99購35,0,0,0,0,0,0,0,0,0,297000,0,0,0,302000,5000,297000,297000
4935,茂林-KY         ,616000,387000,229000,0,0,0,0,0,0,68000,114000,6000,108000,10000,50000,-40000,297000
062050,亞德客統一9C購01,0,0,0,0,0,0,0,0,0,296000,0,0,0,296000,0,296000,296000
056198,台光電永豐97購02,0,0,0,0,0,0,0,0,0,296000,0,0,0,397000,101000,296000,296000
054808,東元元大9A購01  ,0,0,0,0,0,0,0,0,0,296000,0,0,0,558000,262000,296000,296000
058160,奇鋐元富99購01  ,0,0,0,0,0,0,0,0,0,296000,0,0,0,330000,34000,296000,296000
060315,易華電永豐9A購01,0,0,0,0,0,0,0,0,0,294000,0,0,0,297000,3000,294000,294000
061640,智原元大9A購01  ,0,0,0,0,0,0,0,0,0,293000,0,0,0,415000,122000,293000,293000
057092,健策元富98購01  ,0,0,0,0,0,0,0,0,0,293000,0,0,0,293000,0,293000,293000
060699,華新科國泰9B購03,0,0,0,0,0,0,0,0,0,292000,0,0,0,341000,49000,292000,292000
060745,京元電國票9A購01,0,0,0,0,0,0,0,0,0,291000,0,0,0,301000,10000,291000,291000
062950,貿聯富邦01購01  ,0,0,0,0,0,0,0,0,0,291000,0,0,0,313000,22000,291000,291000
06899P,嘉澤群益98售01  ,0,0,0,0,0,0,0,0,0,291000,0,0,0,301000,10000,291000,291000
062093,台積電富邦9C購11,0,0,0,0,0,0,0,0,0,290000,0,0,0,310000,20000,290000,290000
060889,國泰金統一9C購01,0,0,0,0,0,0,0,0,0,290000,0,0,0,290000,0,290000,290000
056318,鴻海群益98購02  ,0,0,0,0,0,0,0,0,0,290000,0,0,0,290000,0,290000,290000
059694,創意永豐99購03  ,0,0,0,0,0,0,0,0,0,290000,0,0,0,290000,0,290000,290000
061489,高鐵兆豐9A購01  ,0,0,0,0,0,0,0,0,0,289000,0,0,0,308000,19000,289000,289000
057912,美律日盛99購01  ,0,0,0,0,0,0,0,0,0,289000,0,0,0,289000,0,289000,289000
061354,瑞儀元大9A購01  ,0,0,0,0,0,0,0,0,0,287000,0,0,0,302000,15000,287000,287000
061379,鈺齊永豐9A購02  ,0,0,0,0,0,0,0,0,0,287000,0,0,0,287000,0,287000,287000
061859,勤誠國票9B購01  ,0,0,0,0,0,0,0,0,0,286000,0,0,0,296000,10000,286000,286000
062286,台郡群益9B購01  ,0,0,0,0,0,0,0,0,0,286000,0,0,0,287000,1000,286000,286000
057659,台表科兆豐98購01,0,0,0,0,0,0,0,0,0,285000,0,0,0,291000,6000,285000,285000
054533,泰碩國泰98購01  ,0,0,0,0,0,0,0,0,0,284000,0,0,0,460000,176000,284000,284000
061514,泰碩永豐9A購02  ,0,0,0,0,0,0,0,0,0,283000,0,0,0,283000,0,283000,283000
055675,亞德客凱基97購02,0,0,0,0,0,0,0,0,0,283000,0,0,0,288000,5000,283000,283000
07883P,可成凱基9B售03  ,0,0,0,0,0,0,0,0,0,283000,0,0,0,551000,268000,283000,283000
062236,信邦凱基9B購01  ,0,0,0,0,0,0,0,0,0,281000,0,0,0,281000,0,281000,281000
062690,華擎統一9B購01  ,0,0,0,0,0,0,0,0,0,281000,0,0,0,422000,141000,281000,281000
061570,瑞昱元大9A購05  ,0,0,0,0,0,0,0,0,0,279000,0,0,0,370000,91000,279000,279000
060157,致茂永豐9A購02  ,0,0,0,0,0,0,0,0,0,279000,0,0,0,279000,0,279000,279000
060602,京元電凱基9A購01,0,0,0,0,0,0,0,0,0,278000,0,0,0,301000,23000,278000,278000
058245,訊連元大99購01  ,0,0,0,0,0,0,0,0,0,278000,0,0,0,283000,5000,278000,278000
056939,康控元富98購01  ,0,0,0,0,0,0,0,0,0,277000,0,0,0,278000,1000,277000,277000
061817,高鐵群益9B購01  ,0,0,0,0,0,0,0,0,0,276000,0,0,0,301000,25000,276000,276000
4551,智伸科          ,295000,158000,137000,0,0,0,178000,0,178000,-39000,2000,2000,0,5000,44000,-39000,276000
052942,聯發科中信97購04,0,0,0,0,0,0,0,0,0,275000,0,0,0,275000,0,275000,275000
060390,聯鈞群益9A購01  ,0,0,0,0,0,0,0,0,0,275000,0,0,0,315000,40000,275000,275000
07215P,大立光凱基99售07,0,0,0,0,0,0,0,0,0,275000,0,0,0,280000,5000,275000,275000
060721,瑞儀永豐9A購01  ,0,0,0,0,0,0,0,0,0,274000,0,0,0,364000,90000,274000,274000
060417,正隆永豐9A購01  ,0,0,0,0,0,0,0,0,0,274000,0,0,0,350000,76000,274000,274000
060190,國泰金元富9A購01,0,10000,-10000,0,0,0,0,0,0,284000,0,0,0,335000,51000,284000,274000
062606,聯電凱基9C購02  ,0,0,0,0,0,0,0,0,0,273000,0,0,0,458000,185000,273000,273000
058271,訊連永豐99購01  ,0,0,0,0,0,0,0,0,0,273000,0,0,0,308000,35000,273000,273000
062292,旭富永豐9B購01  ,0,0,0,0,0,0,0,0,0,272000,0,0,0,505000,233000,272000,272000
059928,道瓊銀富邦03購01,0,0,0,0,0,0,0,0,0,272000,0,0,0,325000,53000,272000,272000
057621,崇越凱基98購01  ,0,0,0,0,0,0,0,0,0,272000,0,0,0,276000,4000,272000,272000
058522,聯茂元大99購07  ,0,0,0,0,0,0,0,0,0,272000,0,0,0,632000,360000,272000,272000
5471,松翰            ,2031000,1759000,272000,0,0,0,0,0,0,-1000,0,1000,-1000,0,0,0,271000
062062,貿聯統一01購01  ,0,0,0,0,0,0,0,0,0,270000,0,0,0,543000,273000,270000,270000
054827,宏全元大9A購01  ,0,0,0,0,0,0,0,0,0,270000,0,0,0,270000,0,270000,270000
061696,南茂群益9A購01  ,0,0,0,0,0,0,0,0,0,269000,0,0,0,298000,29000,269000,269000
060328,可成群益9A購06  ,0,0,0,0,0,0,0,0,0,269000,0,0,0,505000,236000,269000,269000
07060P,台表科國票9A售01,0,0,0,0,0,0,0,0,0,267000,0,0,0,359000,92000,267000,267000
056611,國巨永豐98購03  ,0,0,0,0,0,0,0,0,0,266000,0,0,0,266000,0,266000,266000
07840P,康控元大9A售02  ,0,0,0,0,0,0,0,0,0,266000,0,0,0,278000,12000,266000,266000
062269,葡萄王群益9B購01,0,0,0,0,0,0,0,0,0,265000,0,0,0,265000,0,265000,265000
058247,聯茂元大99購04  ,0,0,0,0,0,0,0,0,0,265000,0,0,0,315000,50000,265000,265000
054540,泰鼎國票99購01  ,0,0,0,0,0,0,0,0,0,264000,0,0,0,271000,7000,264000,264000
061799,奇鋐永豐9B購01  ,0,0,0,0,0,0,0,0,0,263000,0,0,0,263000,0,263000,263000
060907,金像電元大9A購02,0,0,0,0,0,0,0,0,0,263000,0,0,0,400000,137000,263000,263000
1315,達新            ,320000,64000,256000,0,0,0,0,0,0,7000,0,0,0,7000,0,7000,263000
056998,麗豐康和98購01  ,0,0,0,0,0,0,0,0,0,262000,0,0,0,262000,0,262000,262000
2387,精元            ,941000,645920,295080,0,0,0,0,0,0,-34000,0,2000,-2000,2000,34000,-32000,261080
062541,臻鼎國泰01購01  ,0,0,0,0,0,0,0,0,0,261000,0,0,0,469000,208000,261000,261000
054528,台光電統一96購02,0,0,0,0,0,0,0,0,0,261000,0,0,0,267000,6000,261000,261000
052367,聯茂國票96購02  ,0,0,0,0,0,0,0,0,0,261000,0,0,0,276000,15000,261000,261000
053867,創意元大96購04  ,0,0,0,0,0,0,0,0,0,261000,0,0,0,261000,0,261000,261000
062017,京鼎永豐9B購01  ,0,0,0,0,0,0,0,0,0,260000,0,0,0,307000,47000,260000,260000
053506,南茂兆豐97購01  ,0,0,0,0,0,0,0,0,0,260000,0,0,0,260000,0,260000,260000
056178,嘉澤元富97購02  ,0,0,0,0,0,0,0,0,0,260000,0,0,0,270000,10000,260000,260000
057887,智原群益98購04  ,0,0,0,0,0,0,0,0,0,260000,0,0,0,304000,44000,260000,260000
07617P,聯發科中信9C售04,0,0,0,0,0,0,0,0,0,260000,0,0,0,331000,71000,260000,260000
04788P,台積電永昌96售05,0,0,0,0,0,0,0,0,0,259000,0,0,0,259000,0,259000,259000
060408,和潤國泰9C購01  ,0,0,0,0,0,0,0,0,0,259000,0,0,0,259000,0,259000,259000
062562,瑞儀凱基9B購02  ,0,0,0,0,0,0,0,0,0,258000,0,0,0,379000,121000,258000,258000
052003,泰碩國泰97購02  ,0,0,0,0,0,0,0,0,0,258000,0,0,0,347000,89000,258000,258000
056385,創意國泰99購01  ,0,0,0,0,0,0,0,0,0,258000,0,0,0,364000,106000,258000,258000
058704,台積電元大99購17,0,0,0,0,0,0,0,0,0,257000,0,0,0,260000,3000,257000,257000
056308,TPK元大97購02   ,0,0,0,0,0,0,0,0,0,256000,0,0,0,278000,22000,256000,256000
048759,巨大元富96購01  ,0,0,0,0,0,0,0,0,0,256000,0,0,0,256000,0,256000,256000
5305,敦南            ,384000,129000,255000,0,0,0,0,0,0,1000,2000,1000,1000,0,0,0,256000
057698,奇力新群益98購02,0,0,0,0,0,0,0,0,0,255000,0,0,0,255000,0,255000,255000
057982,帆宣永豐98購01  ,0,0,0,0,0,0,0,0,0,255000,0,0,0,255000,0,255000,255000
061800,泰鼎永豐9B購01  ,0,0,0,0,0,0,0,0,0,254000,0,0,0,273000,19000,254000,254000
055731,美律元富97購01  ,0,0,0,0,0,0,0,0,0,254000,0,0,0,254000,0,254000,254000
057403,亞光群益98購04  ,0,0,0,0,0,0,0,0,0,254000,0,0,0,254000,0,254000,254000
058185,國巨永豐99購01  ,0,0,0,0,0,0,0,0,0,254000,0,0,0,299000,45000,254000,254000
061996,矽格元大9B購01  ,0,0,0,0,0,0,0,0,0,253000,0,0,0,897000,644000,253000,253000
054134,強茂元大96購01  ,0,0,0,0,0,0,0,0,0,252000,0,0,0,252000,0,252000,252000
058146,勤誠元大99購01  ,0,0,0,0,0,0,0,0,0,252000,0,0,0,384000,132000,252000,252000
058676,聯茂群益99購01  ,0,0,0,0,0,0,0,0,0,252000,0,0,0,252000,0,252000,252000
061669,崇越中信9A購01  ,0,0,0,0,0,0,0,0,0,251000,0,0,0,384000,133000,251000,251000
061480,泰碩元大9B購01  ,0,0,0,0,0,0,0,0,0,251000,0,0,0,256000,5000,251000,251000
060821,SP黃豆元大9A購02,0,0,0,0,0,0,0,0,0,251000,0,0,0,359000,108000,251000,251000
062401,信邦永豐9B購01  ,0,0,0,0,0,0,0,0,0,251000,0,0,0,271000,20000,251000,251000
054009,欣興元富96購03  ,0,0,0,0,0,0,0,0,0,250000,0,0,0,250000,0,250000,250000
059359,精元永豐99購01  ,0,0,0,0,0,0,0,0,0,250000,0,0,0,369000,119000,250000,250000
060908,金像電元大9A購03,0,0,0,0,0,0,0,0,0,249000,0,0,0,360000,111000,249000,249000
054118,國巨永豐96購04  ,0,0,0,0,0,0,0,0,0,249000,0,0,0,249000,0,249000,249000
060528,友達中信9C購01  ,0,0,0,0,0,0,0,0,0,249000,0,0,0,249000,0,249000,249000
057727,華邦電國泰9A購01,0,0,0,0,0,0,0,0,0,249000,0,0,0,280000,31000,249000,249000
9103,美德醫療-DR     ,249000,0,249000,0,0,0,0,0,0,0,0,0,0,0,0,0,249000
061820,康控群益9B購02  ,0,0,0,0,0,0,0,0,0,248000,0,0,0,248000,0,248000,248000
057195,南茂元大98購01  ,0,0,0,0,0,0,0,0,0,248000,0,0,0,442000,194000,248000,248000
061368,南六國票9A購01  ,0,0,0,0,0,0,0,0,0,247000,0,0,0,298000,51000,247000,247000
055987,台表科元富97購01,0,0,0,0,0,0,0,0,0,247000,0,0,0,307000,60000,247000,247000
059793,滬深2X國票99購03,0,0,0,0,0,0,0,0,0,247000,0,0,0,247000,0,247000,247000
056851,瑞儀元富98購01  ,0,0,0,0,0,0,0,0,0,247000,0,0,0,347000,100000,247000,247000
062265,南茂元大9B購01  ,0,0,0,0,0,0,0,0,0,244000,0,0,0,283000,39000,244000,244000
060236,精元元大9C購01  ,0,0,0,0,0,0,0,0,0,244000,0,0,0,302000,58000,244000,244000
055652,聯詠元富01購01  ,0,0,0,0,0,0,0,0,0,243000,0,0,0,466000,223000,243000,243000
058977,SGBR2X凱基03購01,0,0,0,0,0,0,0,0,0,243000,0,0,0,285000,42000,243000,243000
058106,神達統一98購02  ,0,0,0,0,0,0,0,0,0,242000,0,0,0,312000,70000,242000,242000
056839,台光電元富98購02,0,0,0,0,0,0,0,0,0,242000,0,0,0,242000,0,242000,242000
057385,光罩永豐99購01  ,0,0,0,0,0,0,0,0,0,242000,0,0,0,329000,87000,242000,242000
057009,信邦中信99購01  ,0,0,0,0,0,0,0,0,0,242000,0,0,0,254000,12000,242000,242000
060651,瑞儀中信9B購01  ,0,0,0,0,0,0,0,0,0,241000,0,0,0,336000,95000,241000,241000
054957,興富發元大97購01,0,0,0,0,0,0,0,0,0,241000,0,0,0,541000,300000,241000,241000
3673,TPK-KY          ,704000,508000,196000,0,0,0,0,0,0,45000,6000,16000,-10000,110000,55000,55000,241000
061216,世芯元大9A購06  ,0,0,0,0,0,0,0,0,0,240000,0,0,0,264000,24000,240000,240000
058035,旭富永豐98購02  ,0,0,0,0,0,0,0,0,0,240000,0,0,0,939000,699000,240000,240000
056787,健鼎群益98購01  ,0,0,0,0,0,0,0,0,0,240000,0,0,0,290000,50000,240000,240000
062687,華擎統一01購02  ,0,0,0,0,0,0,0,0,0,238000,0,0,0,411000,173000,238000,238000
060650,奇力新中信9A購01,0,0,0,0,0,0,0,0,0,237000,0,0,0,322000,85000,237000,237000
061891,力山永豐9B購01  ,0,0,0,0,0,0,0,0,0,237000,0,0,0,382000,145000,237000,237000
060405,中租國泰9C購01  ,0,0,0,0,0,0,0,0,0,237000,0,0,0,254000,17000,237000,237000
055335,健策兆豐98購01  ,0,0,0,0,0,0,0,0,0,236000,0,0,0,274000,38000,236000,236000
061889,祥碩富邦9B購01  ,0,0,0,0,0,0,0,0,0,235000,0,0,0,241000,6000,235000,235000
060916,金像電國泰9C購01,0,0,0,0,0,0,0,0,0,235000,0,0,0,1025000,790000,235000,235000
062828,聯詠群益9B購02  ,0,0,0,0,0,0,0,0,0,235000,0,0,0,235000,0,235000,235000
056497,GIS國泰99購01   ,0,0,0,0,0,0,0,0,0,235000,0,0,0,255000,20000,235000,235000
056744,麗豐凱基9A購01  ,0,0,0,0,0,0,0,0,0,235000,0,0,0,235000,0,235000,235000
059932,世紀鋼富邦9A購02,0,0,0,0,0,0,0,0,0,235000,0,0,0,317000,82000,235000,235000
07731P,臺股指凱基9A售28,0,0,0,0,0,0,0,0,0,235000,0,0,0,260000,25000,235000,235000
055093,京鼎群益98購01  ,0,0,0,0,0,0,0,0,0,232000,0,0,0,232000,0,232000,232000
057266,TPK兆豐98購02   ,0,0,0,0,0,0,0,0,0,232000,0,0,0,312000,80000,232000,232000
062863,聯茂國票9B購01  ,0,0,0,0,0,0,0,0,0,231000,0,0,0,263000,32000,231000,231000
06570P,大立光永豐98售01,0,0,0,0,0,0,0,0,0,231000,0,0,0,231000,0,231000,231000
053947,義隆富邦97購01  ,0,0,0,0,0,0,0,0,0,231000,0,0,0,236000,5000,231000,231000
07922P,大立光群益9B售05,0,0,0,0,0,0,0,0,0,231000,0,0,0,305000,74000,231000,231000
062303,台表科中信01購01,0,0,0,0,0,0,0,0,0,230000,0,0,0,250000,20000,230000,230000
051731,聯電國票96購02  ,0,0,0,0,0,0,0,0,0,230000,0,0,0,240000,10000,230000,230000
1325,恆大            ,423000,223000,200000,0,0,0,0,0,0,30000,0,0,0,36000,6000,30000,230000
07610P,大立光國票9A售04,0,0,0,0,0,0,0,0,0,230000,0,0,0,230000,0,230000,230000
050854,世紀鋼國票97購01,0,0,0,0,0,0,0,0,0,229000,0,0,0,229000,0,229000,229000
057532,智原元大98購03  ,0,0,0,0,0,0,0,0,0,229000,0,0,0,414000,185000,229000,229000
060686,康友元大9A購02  ,0,0,0,0,0,0,0,0,0,228000,0,0,0,240000,12000,228000,228000
061083,京元電兆豐9A購01,0,0,0,0,0,0,0,0,0,228000,0,0,0,230000,2000,228000,228000
061971,力山元大9C購02  ,0,0,0,0,0,0,0,0,0,228000,0,0,0,498000,270000,228000,228000
053894,創意群益96購01  ,0,0,0,0,0,0,0,0,0,228000,0,0,0,228000,0,228000,228000
060204,矽創元富9A購01  ,0,0,0,0,0,0,0,0,0,228000,0,0,0,315000,87000,228000,228000
051055,友達群益98購01  ,0,0,0,0,0,0,0,0,0,227000,0,0,0,260000,33000,227000,227000
057684,聯茂日盛99購01  ,0,0,0,0,0,0,0,0,0,227000,0,0,0,227000,0,227000,227000
061620,禾伸堂群益9A購02,0,0,0,0,0,0,0,0,0,226000,0,0,0,226000,0,226000,226000
060676,京元電元大9A購03,0,0,0,0,0,0,0,0,0,226000,0,0,0,312000,86000,226000,226000
060722,矽格永豐9A購01  ,0,0,0,0,0,0,0,0,0,226000,0,0,0,269000,43000,226000,226000
062489,可成永豐9B購02  ,0,0,0,0,0,0,0,0,0,226000,0,0,0,226000,0,226000,226000
051292,牧德統一97購01  ,0,0,0,0,0,0,0,0,0,226000,0,0,0,226000,0,226000,226000
058140,臻鼎元大99購02  ,0,0,0,0,0,0,0,0,0,226000,0,0,0,367000,141000,226000,226000
07719P,臺股指群益9A售08,0,0,0,0,0,0,0,0,0,226000,0,0,0,339000,113000,226000,226000
062019,嘉澤永豐9B購01  ,0,0,0,0,0,0,0,0,0,225000,0,0,0,293000,68000,225000,225000
060718,中磊永豐9A購01  ,0,0,0,0,0,0,0,0,0,225000,0,0,0,379000,154000,225000,225000
061856,台郡國票9B購02  ,0,0,0,0,0,0,0,0,0,225000,0,0,0,363000,138000,225000,225000
060242,潤泰全元大9C購01,0,0,0,0,0,0,0,0,0,225000,0,0,0,225000,0,225000,225000
058251,百和元大99購03  ,0,0,0,0,0,0,0,0,0,225000,0,0,0,225000,0,225000,225000
07807P,聯茂永豐9A售02  ,0,0,0,0,0,0,0,0,0,225000,0,0,0,349000,124000,225000,225000
5546,永固-KY         ,220000,0,220000,0,0,0,0,0,0,5000,5000,0,5000,0,0,0,225000
060641,聯鈞永豐9A購01  ,0,0,0,0,0,0,0,0,0,224000,0,0,0,224000,0,224000,224000
054559,台光電群益99購01,0,0,0,0,0,0,0,0,0,224000,0,0,0,224000,0,224000,224000
054567,拓凱群益98購01  ,0,0,0,0,0,0,0,0,0,224000,0,0,0,347000,123000,224000,224000
061027,儒鴻永豐9A購02  ,0,0,0,0,0,0,0,0,0,223000,0,0,0,328000,105000,223000,223000
055030,帆宣國泰99購02  ,0,0,0,0,0,0,0,0,0,223000,0,0,0,272000,49000,223000,223000
3030,德律            ,621000,472000,149000,0,0,0,0,0,0,74000,86000,12000,74000,0,0,0,223000
07844P,可成國票9A售01  ,0,0,0,0,0,0,0,0,0,223000,0,0,0,235000,12000,223000,223000
061869,智邦元大9B購01  ,0,0,0,0,0,0,0,0,0,222000,0,0,0,247000,25000,222000,222000
054982,國巨元富97購03  ,0,0,0,0,0,0,0,0,0,222000,0,0,0,222000,0,222000,222000
058830,健策永豐99購02  ,0,0,0,0,0,0,0,0,0,221000,0,0,0,223000,2000,221000,221000
054828,正崴國泰99購01  ,0,0,0,0,0,0,0,0,0,220000,0,0,0,220000,0,220000,220000
052533,聯發科國泰96購03,0,0,0,0,0,0,0,0,0,220000,0,0,0,230000,10000,220000,220000
058555,矽創永豐9A購01  ,0,0,0,0,0,0,0,0,0,220000,0,0,0,220000,0,220000,220000
07315P,台積電台新99售06,0,0,0,0,0,0,0,0,0,220000,0,0,0,220000,0,220000,220000
061865,力山元大9B購01  ,0,0,0,0,0,0,0,0,0,219000,0,0,0,533000,314000,219000,219000
060960,金像電凱基9B購01,5000,0,5000,0,0,0,0,0,0,214000,0,0,0,541000,327000,214000,219000
053486,T50反1兆豐96購01,0,0,0,0,0,0,0,0,0,219000,0,0,0,219000,0,219000,219000
07545P,玉晶光凱基9A售07,0,0,0,0,0,0,0,0,0,219000,0,0,0,420000,201000,219000,219000
062369,創意元大9B購01  ,0,0,0,0,0,0,0,0,0,218000,0,0,0,218000,0,218000,218000
055837,致茂元大97購02  ,0,0,0,0,0,0,0,0,0,218000,0,0,0,218000,0,218000,218000
07635P,世芯永豐9A售05  ,0,0,0,0,0,0,0,0,0,218000,0,0,0,230000,12000,218000,218000
062919,聯茂元大9B購01  ,0,0,0,0,0,0,0,0,0,217000,0,0,0,232000,15000,217000,217000
061450,嘉晶中信9A購01  ,0,0,0,0,0,0,0,0,0,217000,0,0,0,286000,69000,217000,217000
059656,T50反1元大99購11,0,0,0,0,0,0,0,0,0,217000,0,0,0,234000,17000,217000,217000
061662,瑞儀永豐9A購02  ,0,0,0,0,0,0,0,0,0,216000,0,0,0,286000,70000,216000,216000
062855,嘉澤永豐9B購02  ,0,0,0,0,0,0,0,0,0,216000,0,0,0,216000,0,216000,216000
07739P,緯穎永豐9A售01  ,0,0,0,0,0,0,0,0,0,216000,0,0,0,216000,0,216000,216000
062285,台勝科群益9B購01,0,0,0,0,0,0,0,0,0,215000,0,0,0,270000,55000,215000,215000
051561,玉晶光國泰97購04,0,0,0,0,0,0,0,0,0,215000,0,0,0,268000,53000,215000,215000
059093,旭富元大99購01  ,0,0,0,0,0,0,0,0,0,215000,0,0,0,607000,392000,215000,215000
2102,泰豐            ,621000,405000,216000,0,0,0,0,0,0,-1000,0,1000,-1000,0,0,0,215000
07546P,玉晶光凱基9A售09,0,0,0,0,0,0,0,0,0,215000,0,0,0,220000,5000,215000,215000
062183,奇鋐元大9B購01  ,0,0,0,0,0,0,0,0,0,214000,0,0,0,214000,0,214000,214000
062722,京元電凱基9B購02,0,0,0,0,0,0,0,0,0,214000,0,0,0,214000,0,214000,214000
056212,台光電國票98購03,0,0,0,0,0,0,0,0,0,214000,0,0,0,214000,0,214000,214000
2444,兆勁            ,213000,47000,166000,0,0,0,0,0,0,48000,48000,0,48000,0,0,0,214000
061796,興勤永豐9B購01  ,0,0,0,0,0,0,0,0,0,213000,0,0,0,213000,0,213000,213000
057837,康控國泰99購02  ,0,0,0,0,0,0,0,0,0,213000,0,0,0,213000,0,213000,213000
058547,世紀鋼富邦9A購01,0,0,0,0,0,0,0,0,0,212000,0,0,0,249000,37000,212000,212000
6715,嘉基            ,79000,91000,-12000,0,0,0,0,0,0,224000,229000,5000,224000,0,0,0,212000
061791,康友群益9B購01  ,0,0,0,0,0,0,0,0,0,211000,0,0,0,216000,5000,211000,211000
061720,智邦國泰9C購01  ,0,0,0,0,0,0,0,0,0,211000,0,0,0,274000,63000,211000,211000
061932,上銀國票9B購01  ,0,0,0,0,0,0,0,0,0,211000,0,0,0,241000,30000,211000,211000
061355,康友元大9A購03  ,0,0,0,0,0,0,0,0,0,211000,0,0,0,242000,31000,211000,211000
062640,訊連國票9C購01  ,0,0,0,0,0,0,0,0,0,211000,0,0,0,337000,126000,211000,211000
052586,晶豪科永豐96購01,0,0,0,0,0,0,0,0,0,211000,0,0,0,218000,7000,211000,211000
07265P,大立光元大99售16,0,0,0,0,0,0,0,0,0,211000,0,0,0,241000,30000,211000,211000
060809,康友群益9A購01  ,0,0,0,0,0,0,0,0,0,210000,0,0,0,213000,3000,210000,210000
046881,智原富邦99購01  ,0,0,0,0,0,0,0,0,0,210000,0,0,0,250000,40000,210000,210000
060468,聯鈞元大9A購02  ,0,0,0,0,0,0,0,0,0,210000,0,0,0,211000,1000,210000,210000
057002,友達國票98購01  ,0,0,0,0,0,0,0,0,0,210000,0,0,0,250000,40000,210000,210000
060048,元金2X凱基99購03,0,0,0,0,0,0,0,0,0,210000,0,0,0,210000,0,210000,210000
057506,聯鈞國票99購02  ,0,0,0,0,0,0,0,0,0,210000,0,0,0,211000,1000,210000,210000
062100,矽格永豐9B購01  ,0,0,0,0,0,0,0,0,0,209000,0,0,0,242000,33000,209000,209000
053501,明泰兆豐96購01  ,0,0,0,0,0,0,0,0,0,209000,0,0,0,219000,10000,209000,209000
056496,康控國泰99購01  ,0,0,0,0,0,0,0,0,0,209000,0,0,0,209000,0,209000,209000
056589,康控統一98購01  ,0,0,0,0,0,0,0,0,0,209000,0,0,0,209000,0,209000,209000
054457,強茂群益96購01  ,0,0,0,0,0,0,0,0,0,208000,0,0,0,211000,3000,208000,208000
056141,聯茂元大97購05  ,0,0,0,0,0,0,0,0,0,208000,0,0,0,208000,0,208000,208000
06242P,大立光元富9A售02,0,0,0,0,0,0,0,0,0,207000,0,0,0,219000,12000,207000,207000
063076,柏文永豐9B購02  ,0,0,0,0,0,0,0,0,0,207000,0,0,0,230000,23000,207000,207000
060243,潤泰全元大9C購02,0,0,0,0,0,0,0,0,0,207000,0,0,0,207000,0,207000,207000
056786,亞光群益98購03  ,0,0,0,0,0,0,0,0,0,207000,0,0,0,227000,20000,207000,207000
055065,神達永豐97購01  ,0,0,0,0,0,0,0,0,0,206000,0,0,0,218000,12000,206000,206000
060742,臺指反國票9B購02,0,0,0,0,0,0,0,0,0,205000,0,0,0,205000,0,205000,205000
061119,國巨永豐9A購03  ,0,0,0,0,0,0,0,0,0,205000,0,0,0,205000,0,205000,205000
056829,台積電富邦9A購01,0,0,0,0,0,0,0,0,0,205000,0,0,0,205000,0,205000,205000
058874,聯鈞國票9A購01  ,0,0,0,0,0,0,0,0,0,205000,0,0,0,207000,2000,205000,205000
058345,台光電群益99購03,0,0,0,0,0,0,0,0,0,205000,0,0,0,218000,13000,205000,205000
057077,國巨統一98購06  ,0,0,0,0,0,0,0,0,0,205000,0,0,0,215000,10000,205000,205000
059938,凱美永豐99購01  ,0,0,0,0,0,0,0,0,0,204000,0,0,0,204000,0,204000,204000
061431,鈺齊元大9A購01  ,0,0,0,0,0,0,0,0,0,203000,0,0,0,247000,44000,203000,203000
061550,聯鈞群益9A購03  ,0,0,0,0,0,0,0,0,0,203000,0,0,0,268000,65000,203000,203000
06604P,聯發科元富02售02,0,0,0,0,0,0,0,0,0,203000,0,0,0,204000,1000,203000,203000
062184,奇鋐元大9B購02  ,0,0,0,0,0,0,0,0,0,203000,0,0,0,253000,50000,203000,203000
054263,聯茂元大96購02  ,0,0,0,0,0,0,0,0,0,203000,0,0,0,203000,0,203000,203000
058435,旺宏統一9B購02  ,0,0,0,0,0,0,0,0,0,203000,0,0,0,308000,105000,203000,203000
057335,技嘉國票99購01  ,0,0,0,0,0,0,0,0,0,203000,0,0,0,214000,11000,203000,203000
6416,瑞祺電通        ,604000,326000,278000,0,0,0,55000,0,55000,-130000,84000,60000,24000,6000,160000,-154000,203000
057059,易華電元大99購01,0,0,0,0,0,0,0,0,0,202000,0,0,0,202000,0,202000,202000
060014,中鋼康和99購01  ,0,0,0,0,0,0,0,0,0,202000,0,0,0,204000,2000,202000,202000
06025P,臺股指元大99售02,0,0,0,0,0,0,0,0,0,202000,0,0,0,220000,18000,202000,202000
07164P,臺股指群益99售15,0,0,0,0,0,0,0,0,0,202000,0,0,0,324000,122000,202000,202000
2548,華固            ,517000,417000,100000,0,0,0,60000,0,60000,41000,41000,0,41000,0,0,0,201000
062970,智邦元富9B購01  ,0,0,0,0,0,0,0,0,0,200000,0,0,0,574000,374000,200000,200000
061457,TPK凱基9A購01   ,0,0,0,0,0,0,0,0,0,200000,0,0,0,205000,5000,200000,200000
061673,仁寶元大9B購01  ,0,0,0,0,0,0,0,0,0,200000,0,0,0,268000,68000,200000,200000
054244,華新元大96購01  ,0,0,0,0,0,0,0,0,0,200000,0,0,0,200000,0,200000,200000
054301,楠梓電凱基98購01,0,0,0,0,0,0,0,0,0,200000,0,0,0,200000,0,200000,200000
051845,世紀鋼富邦96購01,0,0,0,0,0,0,0,0,0,200000,0,0,0,200000,0,200000,200000
051878,鴻海台新96購01  ,0,0,0,0,0,0,0,0,0,200000,0,0,0,200000,0,200000,200000
053844,GIS統一96購01   ,0,0,0,0,0,0,0,0,0,200000,0,0,0,200000,0,200000,200000
048744,儒鴻元富97購01  ,0,0,0,0,0,0,0,0,0,200000,0,0,0,200000,0,200000,200000
046384,群創凱基98購02  ,0,0,0,0,0,0,0,0,0,200000,0,0,0,200000,0,200000,200000
051404,牧德永豐96購01  ,0,0,0,0,0,0,0,0,0,200000,0,0,0,200000,0,200000,200000
049272,世紀鋼元大96購02,0,0,0,0,0,0,0,0,0,200000,0,0,0,200000,0,200000,200000
054947,興勤元大97購01  ,0,0,0,0,0,0,0,0,0,200000,0,0,0,200000,0,200000,200000
054538,台光電國票98購01,0,0,0,0,0,0,0,0,0,200000,0,0,0,200000,0,200000,200000
060444,滬深2X元大9A購04,0,0,0,0,0,0,0,0,0,200000,0,0,0,200000,0,200000,200000
056822,佐登永豐98購01  ,0,0,0,0,0,0,0,0,0,200000,0,0,0,200000,0,200000,200000
057438,禾伸堂國票99購01,0,0,0,0,0,0,0,0,0,200000,0,0,0,210000,10000,200000,200000
07849P,大立光群益9A售06,0,0,0,0,0,0,0,0,0,200000,0,0,0,200000,0,200000,200000
060848,聯茂國票9A購02  ,0,0,0,0,0,0,0,0,0,199000,0,0,0,242000,43000,199000,199000
062577,泰鼎群益9B購01  ,0,0,0,0,0,0,0,0,0,199000,0,0,0,285000,86000,199000,199000
057106,美律群益98購03  ,0,0,0,0,0,0,0,0,0,199000,0,0,0,199000,0,199000,199000
07678P,大立光群益9A售03,0,0,0,0,0,0,0,0,0,199000,0,0,0,199000,0,199000,199000
056945,鴻海統一98購12  ,0,0,0,0,0,0,0,0,0,198000,0,0,0,248000,50000,198000,198000
058250,台虹元大99購01  ,0,0,0,0,0,0,0,0,0,198000,0,0,0,243000,45000,198000,198000
060124,奇力新永豐99購03,0,0,0,0,0,0,0,0,0,198000,0,0,0,208000,10000,198000,198000
07235P,T50正2元大9C售02,0,0,0,0,0,0,0,0,0,198000,0,0,0,201000,3000,198000,198000
06836P,玉晶光國票99售06,0,0,0,0,0,0,0,0,0,198000,0,0,0,369000,171000,198000,198000
060954,國泰金群益9A購02,0,0,0,0,0,0,0,0,0,197000,0,0,0,197000,0,197000,197000
061470,鈺齊群益9A購02  ,0,0,0,0,0,0,0,0,0,197000,0,0,0,209000,12000,197000,197000
054584,貿聯元富97購01  ,0,0,0,0,0,0,0,0,0,197000,0,0,0,200000,3000,197000,197000
056266,開發金統一9A購01,0,0,0,0,0,0,0,0,0,197000,0,0,0,272000,75000,197000,197000
054046,義隆元大96購02  ,0,0,0,0,0,0,0,0,0,197000,0,0,0,197000,0,197000,197000
060084,聯電元大99購02  ,0,0,0,0,0,0,0,0,0,197000,0,0,0,197000,0,197000,197000
058243,華擎元大99購01  ,0,0,0,0,0,0,0,0,0,197000,0,0,0,333000,136000,197000,197000
052986,聯發科元大97購05,0,0,0,0,0,0,0,0,0,196000,0,0,0,202000,6000,196000,196000
059281,創意永豐99購02  ,0,0,0,0,0,0,0,0,0,196000,0,0,0,296000,100000,196000,196000
059825,嘉晶凱基99購02  ,0,0,0,0,0,0,0,0,0,196000,0,0,0,291000,95000,196000,196000
059005,嘉晶元大99購06  ,0,0,0,0,0,0,0,0,0,196000,0,0,0,768000,572000,196000,196000
056121,勤誠群益97購01  ,0,0,0,0,0,0,0,0,0,195000,0,0,0,195000,0,195000,195000
049700,瀚宇博元大97購01,0,0,0,0,0,0,0,0,0,195000,0,0,0,200000,5000,195000,195000
057089,奇力新元富98購01,0,0,0,0,0,0,0,0,0,195000,0,0,0,195000,0,195000,195000
061680,崇越元大9A購01  ,0,0,0,0,0,0,0,0,0,194000,0,0,0,194000,0,194000,194000
060813,高鐵凱基9A購01  ,0,0,0,0,0,0,0,0,0,194000,0,0,0,205000,11000,194000,194000
062546,新日興永豐9B購01,0,0,0,0,0,0,0,0,0,194000,0,0,0,262000,68000,194000,194000
057953,聚陽元大98購01  ,0,0,0,0,0,0,0,0,0,194000,0,0,0,194000,0,194000,194000
054347,上緯控國票96購02,0,0,0,0,0,0,0,0,0,193000,0,0,0,366000,173000,193000,193000
062008,南亞科國泰9C購01,0,0,0,0,0,0,0,0,0,192000,0,0,0,350000,158000,192000,192000
061657,智原國票9A購01  ,0,0,0,0,0,0,0,0,0,192000,0,0,0,202000,10000,192000,192000
059766,同欣電永豐99購03,0,0,0,0,0,0,0,0,0,192000,0,0,0,233000,41000,192000,192000
061956,和大統一01購01  ,0,0,0,0,0,0,0,0,0,191000,0,0,0,197000,6000,191000,191000
052167,亞泥元大96購01  ,0,0,0,0,0,0,0,0,0,191000,0,0,0,191000,0,191000,191000
058932,FBVIX台新99購01 ,0,0,0,0,0,0,0,0,0,191000,0,0,0,197000,6000,191000,191000
058781,康友國票9A購01  ,0,0,0,0,0,0,0,0,0,191000,0,0,0,442000,251000,191000,191000
061465,聯詠群益9A購01  ,0,0,0,0,0,0,0,0,0,190000,0,0,0,190000,0,190000,190000
063073,瑞昱永豐9B購01  ,0,0,0,0,0,0,0,0,0,190000,0,0,0,240000,50000,190000,190000
06542P,台光電國票98售05,0,0,0,0,0,0,0,0,0,190000,0,0,0,190000,0,190000,190000
060314,元翎永豐9A購01  ,0,0,0,0,0,0,0,0,0,190000,0,0,0,190000,0,190000,190000
060233,宏碁元大9A購01  ,0,0,0,0,0,0,0,0,0,190000,0,0,0,215000,25000,190000,190000
055006,晶相光元富9A購01,0,0,0,0,0,0,0,0,0,189000,0,0,0,189000,0,189000,189000
060074,台積電元富99購04,0,0,0,0,0,0,0,0,0,189000,0,0,0,189000,0,189000,189000
062287,康友群益9B購02  ,0,0,0,0,0,0,0,0,0,188000,0,0,0,188000,0,188000,188000
062403,健策永豐9B購06  ,0,0,0,0,0,0,0,0,0,188000,0,0,0,196000,8000,188000,188000
056481,創意元大98購01  ,0,0,0,0,0,0,0,0,0,188000,0,0,0,218000,30000,188000,188000
058315,TPK富邦9C購01   ,0,0,0,0,0,0,0,0,0,188000,0,0,0,198000,10000,188000,188000
059123,訊芯永豐99購03  ,0,0,0,0,0,0,0,0,0,187000,0,0,0,255000,68000,187000,187000
060307,南港永豐9A購01  ,0,0,0,0,0,0,0,0,0,187000,0,0,0,187000,0,187000,187000
057815,信邦元大98購01  ,0,0,0,0,0,0,0,0,0,187000,0,0,0,200000,13000,187000,187000
062680,微星統一01購01  ,0,0,0,0,0,0,0,0,0,186000,0,0,0,227000,41000,186000,186000
052698,深中小國票99購01,0,0,0,0,0,0,0,0,0,186000,0,0,0,186000,0,186000,186000
058637,晶技兆豐99購01  ,0,0,0,0,0,0,0,0,0,186000,0,0,0,186000,0,186000,186000
055908,GIS日盛97購01   ,0,0,0,0,0,0,0,0,0,185000,0,0,0,220000,35000,185000,185000
057864,奇力新凱基99購03,0,0,0,0,0,0,0,0,0,185000,0,0,0,185000,0,185000,185000
062339,瑞昱麥證9C購01  ,0,0,0,410000,246000,164000,0,0,0,184000,0,0,0,430000,246000,184000,184000
059155,台表科日盛99購01,0,0,0,0,0,0,0,0,0,184000,0,0,0,194000,10000,184000,184000
07730P,臺股指凱基9A售22,0,0,0,0,0,0,0,0,0,184000,0,0,0,214000,30000,184000,184000
3605,宏致            ,243000,58000,185000,0,0,0,0,0,0,-1000,0,1000,-1000,0,0,0,184000
062405,泰鼎永豐9B購02  ,0,0,0,0,0,0,0,0,0,183000,0,0,0,230000,47000,183000,183000
062833,世芯群益9B購01  ,0,0,0,0,0,0,0,0,0,183000,0,0,0,209000,26000,183000,183000
061192,奇鋐永豐9A購01  ,0,0,0,0,0,0,0,0,0,183000,0,0,0,189000,6000,183000,183000
054530,台光電國泰97購03,0,0,0,0,0,0,0,0,0,183000,0,0,0,183000,0,183000,183000
057944,新日興國票99購02,0,0,0,0,0,0,0,0,0,183000,0,0,0,183000,0,183000,183000
062393,智邦富邦9B購01  ,0,0,0,0,0,0,0,0,0,181000,0,0,0,427000,246000,181000,181000
055515,聚陽中信9A購01  ,0,0,0,0,0,0,0,0,0,181000,0,0,0,192000,11000,181000,181000
057307,瀚宇博兆豐99購01,0,0,0,0,0,0,0,0,0,181000,0,0,0,191000,10000,181000,181000
07763P,嘉澤永豐9A售02  ,0,0,0,0,0,0,0,0,0,181000,0,0,0,181000,0,181000,181000
062537,聯電國泰9C購01  ,0,0,0,0,0,0,0,0,0,180000,0,0,0,278000,98000,180000,180000
054016,嘉晶永豐96購04  ,0,0,0,0,0,0,0,0,0,180000,0,0,0,185000,5000,180000,180000
050424,鴻海凱基96購03  ,0,0,0,0,0,0,0,0,0,180000,0,0,0,180000,0,180000,180000
048236,A50正2國票97購02,0,0,0,0,0,0,0,0,0,180000,0,0,0,180000,0,180000,180000
04854P,鴻海國泰96售04  ,0,0,0,0,0,0,0,0,0,180000,0,0,0,200000,20000,180000,180000
056304,創意元大97購03  ,0,0,0,0,0,0,0,0,0,180000,0,0,0,269000,89000,180000,180000
059189,國泰金富邦9B購01,0,0,0,0,0,0,0,0,0,180000,0,0,0,180000,0,180000,180000
058339,康友元富99購02  ,0,0,0,0,0,0,0,0,0,180000,0,0,0,180000,0,180000,180000
057296,智原永豐98購01  ,0,0,0,0,0,0,0,0,0,180000,0,0,0,180000,0,180000,180000
057249,華邦電統一9A購01,0,0,0,0,0,0,0,0,0,180000,0,0,0,190000,10000,180000,180000
060029,嘉晶永豐99購03  ,0,0,0,0,0,0,0,0,0,180000,0,0,0,210000,30000,180000,180000
07905P,大立光群益9B售04,0,0,0,0,0,0,0,0,0,180000,0,0,0,253000,73000,180000,180000
2454,聯發科          ,7735159,7750623,-15464,0,0,0,17000,40000,-23000,218000,456000,239000,217000,64000,63000,1000,179536
061374,力山永豐9A購04  ,0,0,0,0,0,0,0,0,0,179000,0,0,0,270000,91000,179000,179000
059395,T50反1元富99購03,0,0,0,0,0,0,0,0,0,179000,0,0,0,239000,60000,179000,179000
055653,聯詠元富01購02  ,0,0,0,0,0,0,0,0,0,179000,0,0,0,621000,442000,179000,179000
060104,新日興元大99購03,0,0,0,0,0,0,0,0,0,179000,0,0,0,241000,62000,179000,179000
057886,聯詠群益98購01  ,0,0,0,0,0,0,0,0,0,179000,0,0,0,179000,0,179000,179000
058468,聯茂中信99購02  ,0,0,0,0,0,0,0,0,0,179000,0,0,0,199000,20000,179000,179000
061416,聯茂群益9A購01  ,0,0,0,0,0,0,0,0,0,178000,0,0,0,193000,15000,178000,178000
061194,聯鈞永豐9A購02  ,0,0,0,0,0,0,0,0,0,178000,0,0,0,178000,0,178000,178000
056065,奇鋐元大97購01  ,0,0,0,0,0,0,0,0,0,178000,0,0,0,238000,60000,178000,178000
058556,百和永豐99購01  ,0,0,0,0,0,0,0,0,0,178000,0,0,0,178000,0,178000,178000
061055,康控群益9A購01  ,0,0,0,0,0,0,0,0,0,177000,0,0,0,227000,50000,177000,177000
058942,南茂中信99購01  ,0,0,0,0,0,0,0,0,0,177000,0,0,0,199000,22000,177000,177000
057744,健策永豐98購02  ,0,0,0,0,0,0,0,0,0,177000,0,0,0,177000,0,177000,177000
061741,新光金凱基9B購01,0,0,0,0,0,0,0,0,0,176000,0,0,0,176000,0,176000,176000
056560,旺宏群益98購03  ,0,0,0,0,0,0,0,0,0,176000,0,0,0,226000,50000,176000,176000
054873,帆宣群益99購01  ,0,0,0,0,0,0,0,0,0,176000,0,0,0,251000,75000,176000,176000
057926,帆宣凱基98購02  ,0,0,0,0,0,0,0,0,0,176000,0,0,0,176000,0,176000,176000
058406,聯茂元大99購06  ,0,0,0,0,0,0,0,0,0,176000,0,0,0,176000,0,176000,176000
07172P,臺股指國票99售09,0,0,0,0,0,0,0,0,0,176000,0,0,0,221000,45000,176000,176000
062526,友達統一01購01  ,0,0,0,0,0,0,0,0,0,175000,0,0,0,175000,0,175000,175000
057605,旺宏統一99購03  ,0,0,0,0,0,0,0,0,0,175000,0,0,0,190000,15000,175000,175000
058371,智原凱基9A購01  ,0,0,0,0,0,0,0,0,0,175000,0,0,0,205000,30000,175000,175000
059103,旭富元富99購03  ,0,0,0,0,0,0,0,0,0,175000,0,0,0,240000,65000,175000,175000
062784,世芯元大9B購01  ,0,0,0,0,0,0,0,0,0,174000,0,0,0,188000,14000,174000,174000
061742,奇鋐凱基9B購01  ,0,0,0,0,0,0,0,0,0,174000,0,0,0,179000,5000,174000,174000
055153,台光電元大98購02,0,0,0,0,0,0,0,0,0,174000,0,0,0,185000,11000,174000,174000
057517,矽創元富98購02  ,0,0,0,0,0,0,0,0,0,174000,0,0,0,189000,15000,174000,174000
057181,亞光元大98購02  ,0,0,0,0,0,0,0,0,0,174000,0,0,0,175000,1000,174000,174000
059229,臺股指元大99購22,0,0,0,0,0,0,0,0,0,173000,0,0,0,213000,40000,173000,173000
061187,瀚宇博國泰9C購01,0,0,0,0,0,0,0,0,0,172000,0,0,0,254000,82000,172000,172000
062382,燿華國泰9C購01  ,0,0,0,0,0,0,0,0,0,172000,0,0,0,182000,10000,172000,172000
055796,南電國泰98購01  ,0,0,0,0,0,0,0,0,0,172000,0,0,0,249000,77000,172000,172000
060392,華擎群益9C購02  ,0,0,0,0,0,0,0,0,0,172000,0,0,0,202000,30000,172000,172000
060476,瑞祺元大9A購02  ,0,0,0,0,0,0,0,0,0,172000,0,0,0,247000,75000,172000,172000
048898,晶相光國泰96購01,0,0,0,0,0,0,0,0,0,171000,0,0,0,171000,0,171000,171000
054098,嘉晶國票97購04  ,0,0,0,0,0,0,0,0,0,171000,0,0,0,177000,6000,171000,171000
058153,景碩統一9B購01  ,0,0,0,0,0,0,0,0,0,171000,0,0,0,183000,12000,171000,171000
060020,康控康和99購01  ,0,0,0,0,0,0,0,0,0,171000,0,0,0,264000,93000,171000,171000
06254P,臺股指群益97售07,0,0,0,0,0,0,0,0,0,170000,0,0,0,325000,155000,170000,170000
062189,康控元大9B購02  ,0,0,0,0,0,0,0,0,0,170000,0,0,0,170000,0,170000,170000
061249,億豐群益9A購01  ,0,0,0,0,0,0,0,0,0,170000,0,0,0,225000,55000,170000,170000
060744,鴻海國票9A購04  ,0,0,0,0,0,0,0,0,0,170000,0,0,0,280000,110000,170000,170000
046568,臻鼎元富95購01  ,0,0,0,0,0,0,0,0,0,170000,0,0,0,170000,0,170000,170000
054648,智原群益98購01  ,0,0,0,0,0,0,0,0,0,170000,0,0,0,170000,0,170000,170000
056582,易華電元大98購01,0,0,0,0,0,0,0,0,0,170000,0,0,0,250000,80000,170000,170000
058568,宏達電凱基9A購02,0,0,0,0,0,0,0,0,0,170000,0,0,0,370000,200000,170000,170000
062896,中興電元大9B購01,0,0,0,0,0,0,0,0,0,169000,0,0,0,491000,322000,169000,169000
051068,台積電國票97購01,0,0,0,0,0,0,0,0,0,169000,0,0,0,245000,76000,169000,169000
058011,台虹國票99購01  ,0,0,0,0,0,0,0,0,0,169000,0,0,0,169000,0,169000,169000
07197P,臺股指元大99售13,0,0,0,0,0,0,0,0,0,169000,0,0,0,171000,2000,169000,169000
061007,聯詠兆豐9A購01  ,0,0,0,0,0,0,0,0,0,168000,0,0,0,323000,155000,168000,168000
054097,淘帝國票97購01  ,0,0,0,0,0,0,0,0,0,168000,0,0,0,168000,0,168000,168000
059040,訊芯群益99購03  ,0,0,0,0,0,0,0,0,0,168000,0,0,0,170000,2000,168000,168000
058514,潤泰全元大99購01,0,0,0,0,0,0,0,0,0,168000,0,0,0,168000,0,168000,168000
060473,中租元大9A購03  ,0,0,0,0,0,0,0,0,0,168000,0,0,0,168000,0,168000,168000
061074,儒鴻兆豐9B購01  ,0,0,0,0,0,0,0,0,0,167000,0,0,0,643000,476000,167000,167000
060827,健策元大9A購02  ,0,0,0,0,0,0,0,0,0,167000,0,0,0,234000,67000,167000,167000
061917,亞德客凱基9B購02,0,0,0,0,0,0,0,0,0,167000,0,0,0,172000,5000,167000,167000
061392,泰鼎群益9A購02  ,0,0,0,0,0,0,0,0,0,167000,0,0,0,193000,26000,167000,167000
053088,奇鋐元大98購01  ,0,0,0,0,0,0,0,0,0,167000,0,0,0,170000,3000,167000,167000
056478,晶技元大99購01  ,0,0,0,0,0,0,0,0,0,167000,0,0,0,167000,0,167000,167000
060376,瑞祺元富9A購01  ,0,0,0,0,0,0,0,0,0,167000,0,0,0,432000,265000,167000,167000
059852,康控永豐99購02  ,0,0,0,0,0,0,0,0,0,167000,0,0,0,289000,122000,167000,167000
07747P,晶技凱基9A售04  ,0,0,0,0,0,0,0,0,0,167000,0,0,0,297000,130000,167000,167000
061185,嘉晶國泰9B購01  ,0,0,0,0,0,0,0,0,0,166000,0,0,0,170000,4000,166000,166000
063042,同欣電凱基9C購01,0,0,0,0,0,0,0,0,0,166000,0,0,0,217000,51000,166000,166000
056579,麗豐元大99購01  ,0,0,0,0,0,0,0,0,0,166000,0,0,0,482000,316000,166000,166000
056028,GIS群益97購02   ,0,0,0,0,0,0,0,0,0,166000,0,0,0,166000,0,166000,166000
057856,聯鈞國票99購03  ,0,0,0,0,0,0,0,0,0,166000,0,0,0,175000,9000,166000,166000
07839P,嘉澤元大9A售04  ,0,0,0,0,0,0,0,0,0,166000,0,0,0,251000,85000,166000,166000
07089P,臺指2X中信01售01,0,0,0,0,0,0,0,0,0,166000,0,0,0,194000,28000,166000,166000
062831,嘉澤群益9B購01  ,0,0,0,0,0,0,0,0,0,165000,0,0,0,179000,14000,165000,165000
061658,聯茂富邦9A購03  ,0,0,0,0,0,0,0,0,0,165000,0,0,0,165000,0,165000,165000
054102,百和國票97購04  ,0,0,0,0,0,0,0,0,0,165000,0,0,0,165000,0,165000,165000
057928,鈺齊凱基98購02  ,0,0,0,0,0,0,0,0,0,165000,0,0,0,165000,0,165000,165000
057995,華新科中信98購02,0,0,0,0,0,0,0,0,0,165000,0,0,0,165000,0,165000,165000
057151,易華電國票99購01,0,0,0,0,0,0,0,0,0,165000,0,0,0,165000,0,165000,165000
058093,神達元大9A購01  ,0,0,0,0,0,0,0,0,0,165000,0,0,0,267000,102000,165000,165000
060855,華新科富邦01購01,0,0,0,0,0,0,0,0,0,164000,0,0,0,194000,30000,164000,164000
056519,創意國票99購01  ,0,0,0,0,0,0,0,0,0,164000,0,0,0,208000,44000,164000,164000
061361,世紀鋼兆豐9A購01,0,0,0,0,0,0,0,0,0,163000,0,0,0,189000,26000,163000,163000
062875,瑞昱兆豐9C購01  ,0,0,0,0,0,0,0,0,0,163000,0,0,0,252000,89000,163000,163000
060551,大立光凱基9B購02,0,0,0,0,0,0,0,0,0,163000,0,0,0,250000,87000,163000,163000
061458,臻鼎凱基9A購02  ,0,0,0,0,0,0,0,0,0,162000,0,0,0,212000,50000,162000,162000
054217,台表科國票97購05,0,0,0,0,0,0,0,0,0,162000,0,0,0,222000,60000,162000,162000
00708L,元大S&P黃金正2  ,6000,0,6000,0,0,0,0,0,0,156000,0,0,0,2236000,2080000,156000,162000
057841,茂林富邦9A購02  ,0,0,0,0,0,0,0,0,0,162000,0,0,0,182000,20000,162000,162000
3006,晶豪科          ,1249000,790000,459000,0,0,0,0,0,0,-297000,7000,134000,-127000,44000,214000,-170000,162000
061350,牧德元大9B購03  ,0,0,0,0,0,0,0,0,0,161000,0,0,0,199000,38000,161000,161000
062914,嘉澤元大9B購02  ,0,0,0,0,0,0,0,0,0,161000,0,0,0,292000,131000,161000,161000
062215,華通統一9B購01  ,0,0,0,0,0,0,0,0,0,161000,0,0,0,161000,0,161000,161000
057479,致茂元大98購03  ,0,0,0,0,0,0,0,0,0,161000,0,0,0,161000,0,161000,161000
060493,美律元富01購01  ,0,0,0,0,0,0,0,0,0,161000,0,0,0,246000,85000,161000,161000
4133,亞諾法          ,1152000,991000,161000,0,0,0,0,0,0,0,0,0,0,0,0,0,161000
062631,奇力新國票9B購01,0,0,0,0,0,0,0,0,0,160000,0,0,0,160000,0,160000,160000
06473P,鴻海元大99售03  ,0,0,0,0,0,0,0,0,0,160000,0,0,0,308000,148000,160000,160000
061084,京元電兆豐9A購02,0,0,0,0,0,0,0,0,0,160000,0,0,0,160000,0,160000,160000
048001,中工元大96購01  ,0,0,0,0,0,0,0,0,0,160000,0,0,0,200000,40000,160000,160000
053436,聯茂日盛96購01  ,0,0,0,0,0,0,0,0,0,160000,0,0,0,160000,0,160000,160000
056463,台虹凱基98購02  ,0,0,0,0,0,0,0,0,0,160000,0,0,0,175000,15000,160000,160000
056410,康控國票99購01  ,0,0,0,0,0,0,0,0,0,160000,0,0,0,168000,8000,160000,160000
055094,智易群益98購01  ,0,0,0,0,0,0,0,0,0,160000,0,0,0,160000,0,160000,160000
060424,中租永豐9A購01  ,0,0,0,0,0,0,0,0,0,160000,0,0,0,238000,78000,160000,160000
057803,上銀元大98購08  ,0,0,0,0,0,0,0,0,0,160000,0,0,0,160000,0,160000,160000
057704,台虹群益98購03  ,0,0,0,0,0,0,0,0,0,160000,0,0,0,272000,112000,160000,160000
060674,瑞昱元大9A購03  ,0,30000,-30000,0,0,0,0,0,0,189000,0,0,0,268000,79000,189000,159000
061974,光寶科元大9B購01,0,0,0,0,0,0,0,0,0,159000,0,0,0,263000,104000,159000,159000
062699,台積電元大01購02,0,0,0,0,0,0,0,0,0,159000,0,0,0,180000,21000,159000,159000
053338,台光電國票97購01,0,0,0,0,0,0,0,0,0,159000,0,0,0,159000,0,159000,159000
062980,康控元富9B購01  ,0,0,0,0,0,0,0,0,0,158000,0,0,0,307000,149000,158000,158000
02001R,富邦蘋果反一N   ,0,0,0,0,0,0,0,0,0,158000,0,0,0,228000,70000,158000,158000
060312,潤泰全永豐9A購01,0,0,0,0,0,0,0,0,0,158000,0,0,0,158000,0,158000,158000
060031,旭富永豐99購02  ,0,0,0,0,0,0,0,0,0,157000,0,0,0,647000,490000,157000,157000
07086P,力成元富9C售01  ,0,0,0,0,0,0,0,0,0,157000,0,0,0,256000,99000,157000,157000
07509P,牧德國票9A售03  ,0,0,0,0,0,0,0,0,0,157000,0,0,0,215000,58000,157000,157000
062545,嘉晶永豐9B購01  ,0,0,0,0,0,0,0,0,0,156000,0,0,0,229000,73000,156000,156000
061001,智邦兆豐9B購01  ,0,0,0,0,0,0,0,0,0,156000,0,0,0,321000,165000,156000,156000
052681,T50反1元大98購02,0,0,0,0,0,0,0,0,0,156000,0,0,0,161000,5000,156000,156000
053114,聯茂兆豐97購01  ,0,0,0,0,0,0,0,0,0,156000,0,0,0,156000,0,156000,156000
057624,新日興國泰99購01,0,0,0,0,0,0,0,0,0,156000,0,0,0,165000,9000,156000,156000
060420,神基永豐9A購01  ,0,0,0,0,0,0,0,0,0,156000,0,0,0,156000,0,156000,156000
059081,和大元大99購01  ,0,0,0,0,0,0,0,0,0,156000,0,0,0,156000,0,156000,156000
060783,亞德客富邦9B購01,0,0,0,0,0,0,0,0,0,155000,0,0,0,505000,350000,155000,155000
054063,聯茂國票97購02  ,0,0,0,0,0,0,0,0,0,155000,0,0,0,155000,0,155000,155000
056665,上証2X國票99購02,0,0,0,0,0,0,0,0,0,155000,0,0,0,200000,45000,155000,155000
057775,南亞科群益98購02,0,0,0,0,0,0,0,0,0,155000,0,0,0,155000,0,155000,155000
060340,國巨統一01購02  ,0,0,0,0,0,0,0,0,0,155000,0,0,0,190000,35000,155000,155000
058012,鈺齊國票99購01  ,0,0,0,0,0,0,0,0,0,155000,0,0,0,207000,52000,155000,155000
061212,聯鈞元大9A購04  ,0,0,0,0,0,0,0,0,0,154000,0,0,0,157000,3000,154000,154000
061939,中租國票9B購01  ,0,0,0,0,0,0,0,0,0,154000,0,0,0,192000,38000,154000,154000
059424,SGBR2X元大9A購01,0,0,0,0,0,0,0,0,0,154000,0,0,0,543000,389000,154000,154000
052619,茂林國泰99購01  ,0,0,0,0,0,0,0,0,0,154000,0,0,0,179000,25000,154000,154000
058448,滬深2X永豐9A購01,0,0,0,0,0,0,0,0,0,154000,0,0,0,154000,0,154000,154000
061906,統一中信9B購01  ,0,0,0,0,0,0,0,0,0,153000,0,0,0,200000,47000,153000,153000
061256,亞德客凱基9B購01,0,0,0,0,0,0,0,0,0,153000,0,0,0,253000,100000,153000,153000
060763,聯鈞元大9A購03  ,0,0,0,0,0,0,0,0,0,153000,0,0,0,171000,18000,153000,153000
062263,康控元大9B購03  ,0,0,0,0,0,0,0,0,0,153000,0,0,0,183000,30000,153000,153000
062282,禾伸堂群益9B購01,0,0,0,0,0,0,0,0,0,153000,0,0,0,153000,0,153000,153000
062705,美食元大9B購01  ,0,0,0,0,0,0,0,0,0,153000,0,0,0,573000,420000,153000,153000
055496,高鐵元大97購02  ,0,0,0,0,0,0,0,0,0,153000,0,0,0,307000,154000,153000,153000
055612,台光電國票97購04,0,0,0,0,0,0,0,0,0,153000,0,0,0,153000,0,153000,153000
054819,裕民元大9A購01  ,0,0,0,0,0,0,0,0,0,153000,0,0,0,203000,50000,153000,153000
059095,訊芯元大99購01  ,0,0,0,0,0,0,0,0,0,153000,0,0,0,335000,182000,153000,153000
07904P,聯發科群益9B售05,0,0,0,0,0,0,0,0,0,153000,0,0,0,270000,117000,153000,153000
060705,台光電富邦9B購01,0,0,0,0,0,0,0,0,0,152000,0,0,0,265000,113000,152000,152000
061708,同欣電國票9A購02,0,0,0,0,0,0,0,0,0,152000,0,0,0,161000,9000,152000,152000
052795,健策兆豐97購01  ,0,0,0,0,0,0,0,0,0,152000,0,0,0,220000,68000,152000,152000
058523,聯茂元大99購08  ,0,0,0,0,0,0,0,0,0,152000,0,0,0,276000,124000,152000,152000
060363,美律元富9A購01  ,0,0,0,0,0,0,0,0,0,152000,0,0,0,239000,87000,152000,152000
057835,華擎元富9B購01  ,0,0,0,0,0,0,0,0,0,152000,0,0,0,455000,303000,152000,152000
059949,啟碁永豐99購01  ,0,0,0,0,0,0,0,0,0,152000,0,0,0,152000,0,152000,152000
06954P,大立光元富99售01,0,0,0,0,0,0,0,0,0,152000,0,0,0,236000,84000,152000,152000
061168,力成兆豐9A購01  ,0,0,0,0,0,0,0,0,0,151000,0,0,0,151000,0,151000,151000
062814,台光電兆豐9B購01,0,0,0,0,0,0,0,0,0,151000,0,0,0,156000,5000,151000,151000
062915,嘉澤元大9B購03  ,0,0,0,0,0,0,0,0,0,151000,0,0,0,223000,72000,151000,151000
054932,台肥元大97購01  ,0,0,0,0,0,0,0,0,0,151000,0,0,0,153000,2000,151000,151000
05666P,聯發科凱基96售14,0,0,0,0,0,0,0,0,0,151000,0,0,0,151000,0,151000,151000
059613,泰鼎永豐99購02  ,0,0,0,0,0,0,0,0,0,151000,0,0,0,242000,91000,151000,151000
060463,台積電元大9A購10,0,0,0,0,0,0,0,0,0,151000,0,0,0,151000,0,151000,151000
058752,鈺齊凱基9A購01  ,0,0,0,0,0,0,0,0,0,151000,0,0,0,163000,12000,151000,151000
3413,京鼎            ,370000,174000,196000,0,0,0,0,0,0,-45000,0,1000,-1000,1000,45000,-44000,151000
061227,日月光中信9B購01,0,0,0,0,0,0,0,0,0,150000,0,0,0,240000,90000,150000,150000
061106,群創元大9B購09  ,0,0,0,0,0,0,0,0,0,150000,0,0,0,150000,0,150000,150000
061943,上銀群益9B購02  ,0,0,0,0,0,0,0,0,0,150000,0,0,0,150000,0,150000,150000
054517,高鐵元大96購01  ,0,0,0,0,0,0,0,0,0,150000,0,0,0,150000,0,150000,150000
05538P,玉晶光國票97售02,0,0,0,0,0,0,0,0,0,150000,0,0,0,581000,431000,150000,150000
051486,玉晶光凱基97購03,0,0,0,0,0,0,0,0,0,150000,0,0,0,160000,10000,150000,150000
049064,T50反1凱基96購03,0,0,0,0,0,0,0,0,0,150000,0,0,0,150000,0,150000,150000
053780,南亞科元大96購03,0,0,0,0,0,0,0,0,0,150000,0,0,0,150000,0,150000,150000
057787,TPK國票99購01   ,0,0,0,0,0,0,0,0,0,150000,0,0,0,151000,1000,150000,150000
059957,中信金康和99購01,0,0,0,0,0,0,0,0,0,150000,0,0,0,150000,0,150000,150000
061625,聯茂群益9A購02  ,0,0,0,0,0,0,0,0,0,149000,0,0,0,250000,101000,149000,149000
062086,瑞祺元大9B購01  ,0,0,0,0,0,0,0,0,0,149000,0,0,0,216000,67000,149000,149000
060305,得力永豐9A購01  ,0,0,0,0,0,0,0,0,0,149000,0,0,0,189000,40000,149000,149000
058583,臻鼎群益99購01  ,0,0,0,0,0,0,0,0,0,149000,0,0,0,182000,33000,149000,149000
07639P,緯穎國票9A售01  ,0,0,0,0,0,0,0,0,0,149000,0,0,0,149000,0,149000,149000
062113,瑞祺國票9B購01  ,0,0,0,0,0,0,0,0,0,148000,0,0,0,215000,67000,148000,148000
062550,啟碁永豐9B購01  ,0,0,0,0,0,0,0,0,0,148000,0,0,0,148000,0,148000,148000
062823,台表科兆豐9B購01,0,0,0,0,0,0,0,0,0,148000,0,0,0,253000,105000,148000,148000
061082,台光電兆豐9A購01,0,0,0,0,0,0,0,0,0,148000,0,0,0,218000,70000,148000,148000
061228,聯茂中信9A購01  ,0,0,0,0,0,0,0,0,0,148000,0,0,0,148000,0,148000,148000
054381,世芯群益98購01  ,0,0,0,0,0,0,0,0,0,148000,0,0,0,158000,10000,148000,148000
054695,世芯永豐98購01  ,0,0,0,0,0,0,0,0,0,148000,0,0,0,148000,0,148000,148000
07806P,健策永豐9A售02  ,0,0,0,0,0,0,0,0,0,148000,0,0,0,150000,2000,148000,148000
062832,嘉澤群益9B購02  ,0,0,0,0,0,0,0,0,0,147000,0,0,0,147000,0,147000,147000
062195,聚陽中信9C購01  ,0,0,0,0,0,0,0,0,0,147000,0,0,0,339000,192000,147000,147000
054919,興富發凱基97購01,0,0,0,0,0,0,0,0,0,147000,0,0,0,148000,1000,147000,147000
052068,瑞儀兆豐96購01  ,0,0,0,0,0,0,0,0,0,147000,0,0,0,147000,0,147000,147000
07100P,華航元大99售01  ,0,0,0,0,0,0,0,0,0,147000,0,0,0,427000,280000,147000,147000
062018,台勝科永豐9B購01,0,0,0,0,0,0,0,0,0,146000,0,0,0,146000,0,146000,146000
061872,友達元大9C購06  ,0,0,0,0,0,0,0,0,0,146000,0,0,0,146000,0,146000,146000
061843,億豐凱基9C購01  ,0,0,0,0,0,0,0,0,0,146000,0,0,0,146000,0,146000,146000
056534,京元電凱基98購01,0,0,0,0,0,0,0,0,0,146000,0,0,0,157000,11000,146000,146000
058212,華新科群益9A購01,0,0,0,0,0,0,0,0,0,146000,0,0,0,146000,0,146000,146000
057977,台光電永豐98購02,0,0,0,0,0,0,0,0,0,146000,0,0,0,157000,11000,146000,146000
07404P,華新科凱基99售10,0,0,0,0,0,0,0,0,0,146000,0,0,0,153000,7000,146000,146000
061391,晶技群益9A購02  ,0,0,0,0,0,0,0,0,0,145000,0,0,0,145000,0,145000,145000
03647C,T50反1元富99牛02,0,0,0,0,0,0,0,0,0,145000,0,0,0,145000,0,145000,145000
058396,力山元大99購01  ,0,0,0,0,0,0,0,0,0,145000,0,0,0,165000,20000,145000,145000
060977,亞德客元大9A購04,0,0,0,0,0,0,0,0,0,144000,0,0,0,145000,1000,144000,144000
062364,瑞昱元大9B購04  ,0,0,0,0,0,0,0,0,0,144000,0,0,0,196000,52000,144000,144000
052604,建準元大97購01  ,0,0,0,0,0,0,0,0,0,144000,0,0,0,164000,20000,144000,144000
059283,康友永豐99購02  ,0,0,0,0,0,0,0,0,0,144000,0,0,0,144000,0,144000,144000
057937,神達群益98購02  ,0,0,0,0,0,0,0,0,0,144000,0,0,0,172000,28000,144000,144000
062943,世芯凱基9B購03  ,0,0,0,0,0,0,0,0,0,143000,0,0,0,186000,43000,143000,143000
056770,國產元大98購02  ,0,0,0,0,0,0,0,0,0,143000,0,0,0,186000,43000,143000,143000
06673P,大立光群益98售01,0,0,0,0,0,0,0,0,0,142000,0,0,0,142000,0,142000,142000
062483,致新國票9B購01  ,0,0,0,0,0,0,0,0,0,142000,0,0,0,170000,28000,142000,142000
061091,奇力新統一9C購02,0,0,0,0,0,0,0,0,0,142000,0,0,0,255000,113000,142000,142000
061762,台塑元大9B購01  ,0,0,0,0,0,0,0,0,0,142000,0,0,0,252000,110000,142000,142000
061802,勤誠永豐9B購01  ,0,0,0,0,0,0,0,0,0,142000,0,0,0,142000,0,142000,142000
054064,台郡國票97購04  ,0,0,0,0,0,0,0,0,0,142000,0,0,0,142000,0,142000,142000
060299,友訊國泰9B購01  ,0,0,0,0,0,0,0,0,0,142000,0,0,0,142000,0,142000,142000
058531,華通元富99購01  ,0,0,0,0,0,0,0,0,0,142000,0,0,0,142000,0,142000,142000
07781P,高鐵凱基9A售02  ,0,0,0,0,0,0,0,0,0,142000,0,0,0,142000,0,142000,142000
061423,廣達元大9A購01  ,0,0,0,0,0,0,0,0,0,141000,0,0,0,275000,134000,141000,141000
03648C,T50反1元大96牛07,0,0,0,0,0,0,0,0,0,141000,0,0,0,141000,0,141000,141000
03657C,T50反1元大99牛01,0,0,0,0,0,0,0,0,0,141000,0,0,0,141000,0,141000,141000
06046P,健策統一96售03  ,0,0,0,0,0,0,0,0,0,141000,0,0,0,293000,152000,141000,141000
057941,聯電國票99購01  ,0,0,0,0,0,0,0,0,0,141000,0,0,0,291000,150000,141000,141000
057857,牧德國票99購01  ,0,0,0,0,0,0,0,0,0,141000,0,0,0,168000,27000,141000,141000
061897,泰碩永豐9B購01  ,0,10000,-10000,0,0,0,0,0,0,150000,0,0,0,250000,100000,150000,140000
061133,玉晶光第一9A購01,0,0,0,0,0,0,0,0,0,140000,0,0,0,150000,10000,140000,140000
061003,南亞科兆豐9A購01,0,0,0,0,0,0,0,0,0,140000,0,0,0,140000,0,140000,140000
060700,華新科國泰9C購01,0,0,0,0,0,0,0,0,0,140000,0,0,0,192000,52000,140000,140000
051259,鴻海永昌96購03  ,0,0,0,0,0,0,0,0,0,140000,0,0,0,140000,0,140000,140000
051233,力成群益97購01  ,0,0,0,0,0,0,0,0,0,140000,0,0,0,140000,0,140000,140000
054210,台光電國票97購03,0,0,0,0,0,0,0,0,0,140000,0,0,0,140000,0,140000,140000
054674,台光電台新97購01,0,0,0,0,0,0,0,0,0,140000,0,0,0,235000,95000,140000,140000
057849,南茂永豐98購02  ,0,0,0,0,0,0,0,0,0,140000,0,0,0,140000,0,140000,140000
059170,康控凱基9B購01  ,0,0,0,0,0,0,0,0,0,140000,0,0,0,199000,59000,140000,140000
060238,強茂元大9C購01  ,0,0,0,0,0,0,0,0,0,140000,0,0,0,184000,44000,140000,140000
060634,矽創富邦9B購01  ,0,0,0,0,0,0,0,0,0,139000,0,0,0,316000,177000,139000,139000
062180,瑞昱元大9B購03  ,0,0,0,0,0,0,0,0,0,139000,0,0,0,234000,95000,139000,139000
055631,創意永豐98購01  ,0,0,0,0,0,0,0,0,0,139000,0,0,0,207000,68000,139000,139000
056320,京鼎群益99購01  ,0,0,0,0,0,0,0,0,0,139000,0,0,0,149000,10000,139000,139000
059041,南茂群益99購02  ,0,0,0,0,0,0,0,0,0,139000,0,0,0,139000,0,139000,139000
062511,台光電國票9B購02,0,0,0,0,0,0,0,0,0,138000,0,0,0,176000,38000,138000,138000
061880,台郡元大9B購02  ,0,0,0,0,0,0,0,0,0,138000,0,0,0,167000,29000,138000,138000
054091,晶豪科群益96購01,0,0,0,0,0,0,0,0,0,138000,0,0,0,138000,0,138000,138000
058588,致茂中信9B購01  ,0,0,0,0,0,0,0,0,0,138000,0,0,0,147000,9000,138000,138000
058170,國巨凱基9A購06  ,0,0,0,0,0,0,0,0,0,138000,0,0,0,138000,0,138000,138000
060234,凱美元大9C購01  ,0,0,0,0,0,0,0,0,0,138000,0,0,0,160000,22000,138000,138000
056846,晶相光元富98購01,0,0,0,0,0,0,0,0,0,138000,0,0,0,138000,0,138000,138000
057105,致茂群益9A購01  ,0,0,0,0,0,0,0,0,0,138000,0,0,0,246000,108000,138000,138000
058322,玉晶光永豐99購02,0,0,0,0,0,0,0,0,0,138000,0,0,0,173000,35000,138000,138000
07039P,南電台新99售01  ,0,0,0,0,0,0,0,0,0,138000,0,0,0,138000,0,138000,138000
8081,致新            ,489000,305000,184000,0,0,0,0,0,0,-46000,3000,32000,-29000,13000,30000,-17000,138000
060747,聯鈞國票9A購02  ,0,0,0,0,0,0,0,0,0,137000,0,0,0,139000,2000,137000,137000
056472,美律元大99購03  ,0,0,0,0,0,0,0,0,0,137000,0,0,0,137000,0,137000,137000
053799,矽創中信9A購01  ,0,0,0,0,0,0,0,0,0,137000,0,0,0,137000,0,137000,137000
055755,禾伸堂兆豐97購02,0,0,0,0,0,0,0,0,0,137000,0,0,0,137000,0,137000,137000
2480,敦陽科          ,248000,94000,154000,0,0,0,0,0,0,-17000,18000,35000,-17000,0,0,0,137000
07187P,臺股指台新99售10,0,0,0,0,0,0,0,0,0,137000,0,0,0,147000,10000,137000,137000
07891P,臺股指國票9B售01,0,0,0,0,0,0,0,0,0,137000,0,0,0,159000,22000,137000,137000
056561,台光電群益98購02,0,0,0,0,0,0,0,0,0,136000,0,0,0,136000,0,136000,136000
053994,微星群益96購01  ,0,0,0,0,0,0,0,0,0,136000,0,0,0,136000,0,136000,136000
07361P,聯發科元大99售34,0,0,0,0,0,0,0,0,0,136000,0,0,0,240000,104000,136000,136000
3056,總太            ,367000,241000,126000,0,0,0,0,0,0,10000,10000,0,10000,0,0,0,136000
061448,旺宏中信9A購02  ,0,0,0,0,0,0,0,0,0,135000,0,0,0,159000,24000,135000,135000
062712,晶技麥證9B購02  ,0,0,0,135000,0,135000,0,0,0,135000,0,0,0,135000,0,135000,135000
061378,南六永豐9A購03  ,0,0,0,0,0,0,0,0,0,134000,0,0,0,247000,113000,134000,134000
061660,禾伸堂永豐9A購01,0,0,0,0,0,0,0,0,0,134000,0,0,0,142000,8000,134000,134000
056688,聯詠統一98購01  ,0,0,0,0,0,0,0,0,0,134000,0,0,0,197000,63000,134000,134000
057405,麗豐群益98購01  ,0,0,0,0,0,0,0,0,0,134000,0,0,0,134000,0,134000,134000
07774P,台灣50群益9A售16,0,0,0,0,0,0,0,0,0,134000,0,0,0,346000,212000,134000,134000
055097,福懋科群益97購01,0,0,0,0,0,0,0,0,0,133000,0,0,0,133000,0,133000,133000
00674R,元大S&P黃金反1  ,0,1000,-1000,0,0,0,0,0,0,134000,0,0,0,159000,25000,134000,133000
058909,神達元大99購03  ,0,5000,-5000,0,0,0,0,0,0,138000,0,0,0,338000,200000,138000,133000
060862,美律永豐9A購01  ,0,0,0,0,0,0,0,0,0,132000,0,0,0,132000,0,132000,132000
053631,欣興兆豐97購01  ,0,0,0,0,0,0,0,0,0,132000,0,0,0,194000,62000,132000,132000
055906,大立光兆豐97購03,0,0,0,0,0,0,0,0,0,132000,0,0,0,142000,10000,132000,132000
060162,碩天永豐9A購01  ,0,0,0,0,0,0,0,0,0,132000,0,0,0,137000,5000,132000,132000
057877,神達元大99購01  ,0,0,0,0,0,0,0,0,0,132000,0,0,0,260000,128000,132000,132000
057606,健策統一98購03  ,0,0,0,0,0,0,0,0,0,132000,0,0,0,142000,10000,132000,132000
062190,瀚宇博元大9B購01,0,0,0,0,0,0,0,0,0,131000,0,0,0,131000,0,131000,131000
053072,國巨台新97購01  ,0,0,0,0,0,0,0,0,0,131000,0,0,0,153000,22000,131000,131000
057232,京元電凱基98購02,0,0,0,0,0,0,0,0,0,131000,0,0,0,193000,62000,131000,131000
07816P,聯發科群益9A售02,0,0,0,0,0,0,0,0,0,131000,0,0,0,131000,0,131000,131000
061702,奇鋐國票9A購02  ,0,0,0,0,0,0,0,0,0,130000,0,0,0,173000,43000,130000,130000
053344,嘉晶國票97購02  ,0,0,0,0,0,0,0,0,0,130000,0,0,0,140000,10000,130000,130000
055388,華通統一97購03  ,0,0,0,0,0,0,0,0,0,130000,0,0,0,130000,0,130000,130000
056674,華邦電元富98購01,0,0,0,0,0,0,0,0,0,130000,0,0,0,250000,120000,130000,130000
054774,同欣電國票98購01,0,0,0,0,0,0,0,0,0,130000,0,0,0,130000,0,130000,130000
056572,義隆元大99購01  ,0,0,0,0,0,0,0,0,0,130000,0,0,0,185000,55000,130000,130000
057508,康控國票99購03  ,0,0,0,0,0,0,0,0,0,130000,0,0,0,134000,4000,130000,130000
05691P,聯發科中信98售01,0,0,0,0,0,0,0,0,0,130000,0,0,0,130000,0,130000,130000
056791,嘉聯益群益98購01,0,0,0,0,0,0,0,0,0,130000,0,0,0,130000,0,130000,130000
060431,復盛永豐9A購01  ,0,0,0,0,0,0,0,0,0,130000,0,0,0,144000,14000,130000,130000
059047,元油2X凱基9A購10,0,0,0,0,0,0,0,0,0,130000,0,0,0,135000,5000,130000,130000
058197,國巨中信99購02  ,0,0,0,0,0,0,0,0,0,130000,0,0,0,130000,0,130000,130000
07851P,聯發科國票9A售05,0,0,0,0,0,0,0,0,0,130000,0,0,0,130000,0,130000,130000
053893,京鼎群益97購02  ,0,0,0,0,0,0,0,0,0,129000,0,0,0,173000,44000,129000,129000
053582,英業達元大97購01,0,0,0,0,0,0,0,0,0,129000,0,0,0,139000,10000,129000,129000
058479,亞光凱基9A購01  ,0,0,0,0,0,0,0,0,0,129000,0,0,0,129000,0,129000,129000
057201,華擎元富98購01  ,0,0,0,0,0,0,0,0,0,129000,0,0,0,132000,3000,129000,129000
057514,華新科元富99購03,0,0,0,0,0,0,0,0,0,129000,0,0,0,224000,95000,129000,129000
061243,麗豐兆豐9A購01  ,0,0,0,0,0,0,0,0,0,128000,0,0,0,128000,0,128000,128000
054649,聯茂群益97購01  ,0,0,0,0,0,0,0,0,0,128000,0,0,0,128000,0,128000,128000
055232,泰碩國票98購01  ,0,0,0,0,0,0,0,0,0,128000,0,0,0,154000,26000,128000,128000
058005,茂林群益98購04  ,0,0,0,0,0,0,0,0,0,128000,0,0,0,142000,14000,128000,128000
058007,南電群益98購02  ,0,0,0,0,0,0,0,0,0,128000,0,0,0,131000,3000,128000,128000
060541,正隆凱基9A購01  ,0,0,0,0,0,0,0,0,0,128000,0,0,0,187000,59000,128000,128000
08060P,嘉澤元大9B售01  ,0,0,0,0,0,0,0,0,0,128000,0,0,0,130000,2000,128000,128000
061566,華通元大9A購10  ,0,0,0,0,0,0,0,0,0,127000,0,0,0,133000,6000,127000,127000
061595,智易永豐9A購02  ,0,0,0,0,0,0,0,0,0,127000,0,0,0,132000,5000,127000,127000
055579,健策統一9A購01  ,0,0,0,0,0,0,0,0,0,127000,0,0,0,243000,116000,127000,127000
056265,國泰金統一97購01,0,0,0,0,0,0,0,0,0,127000,0,0,0,127000,0,127000,127000
051158,嘉晶富邦96購01  ,0,0,0,0,0,0,0,0,0,127000,0,0,0,127000,0,127000,127000
060360,南亞科元富9A購02,0,0,0,0,0,0,0,0,0,127000,0,0,0,222000,95000,127000,127000
057920,奇力新凱基98購08,0,0,0,0,0,0,0,0,0,127000,0,0,0,170000,43000,127000,127000
061823,勤誠群益9B購01  ,0,0,0,0,0,0,0,0,0,126000,0,0,0,138000,12000,126000,126000
061183,友達國泰9B購02  ,0,0,0,0,0,0,0,0,0,126000,0,0,0,126000,0,126000,126000
062302,聯詠中信05購02  ,0,0,0,0,0,0,0,0,0,126000,0,0,0,126000,0,126000,126000
060430,和潤永豐9A購01  ,0,0,0,0,0,0,0,0,0,126000,0,0,0,198000,72000,126000,126000
060437,宏全永豐9A購01  ,0,0,0,0,0,0,0,0,0,126000,0,0,0,146000,20000,126000,126000
057717,友訊元富98購02  ,0,0,0,0,0,0,0,0,0,126000,0,0,0,130000,4000,126000,126000
061320,奇力新凱基9A購04,0,0,0,0,0,0,0,0,0,125000,0,0,0,126000,1000,125000,125000
061478,奇鋐元大9A購01  ,0,0,0,0,0,0,0,0,0,125000,0,0,0,244000,119000,125000,125000
053173,矽格群益97購01  ,0,0,0,0,0,0,0,0,0,125000,0,0,0,125000,0,125000,125000
056716,康舒永豐98購01  ,0,0,0,0,0,0,0,0,0,125000,0,0,0,125000,0,125000,125000
059043,聯電日盛99購01  ,0,0,0,0,0,0,0,0,0,125000,0,0,0,125000,0,125000,125000
059038,健策群益9A購02  ,0,0,0,0,0,0,0,0,0,125000,0,0,0,229000,104000,125000,125000
056774,和鑫元大98購01  ,0,0,0,0,0,0,0,0,0,125000,0,0,0,125000,0,125000,125000
057909,台光電兆豐98購01,0,0,0,0,0,0,0,0,0,125000,0,0,0,145000,20000,125000,125000
06962P,華新科永豐99售01,0,0,0,0,0,0,0,0,0,125000,0,0,0,260000,135000,125000,125000
061774,T50反1國票9B購06,0,0,0,0,0,0,0,0,0,124000,0,0,0,230000,106000,124000,124000
062460,京鼎群益9C購01  ,0,0,0,0,0,0,0,0,0,124000,0,0,0,219000,95000,124000,124000
053337,聯電國票97購01  ,0,0,0,0,0,0,0,0,0,124000,0,0,0,162000,38000,124000,124000
057748,華通國票98購04  ,0,0,0,0,0,0,0,0,0,124000,0,0,0,124000,0,124000,124000
059016,晶相光元富99購03,0,0,0,0,0,0,0,0,0,124000,0,0,0,124000,0,124000,124000
062413,台光電中信9B購02,50000,0,50000,0,0,0,0,0,0,73000,0,0,0,123000,50000,73000,123000
062742,技嘉國泰01購01  ,0,0,0,0,0,0,0,0,0,123000,0,0,0,130000,7000,123000,123000
061279,鴻海統一9C購04  ,0,0,0,0,0,0,0,0,0,123000,0,0,0,153000,30000,123000,123000
061122,敬鵬永豐9A購01  ,0,0,0,0,0,0,0,0,0,123000,0,0,0,152000,29000,123000,123000
055561,奇鋐凱基97購01  ,0,0,0,0,0,0,0,0,0,123000,0,0,0,147000,24000,123000,123000
054874,帆宣群益99購02  ,0,0,0,0,0,0,0,0,0,123000,0,0,0,196000,73000,123000,123000
060633,玉晶光富邦02購01,0,0,0,0,0,0,0,0,0,122000,0,0,0,127000,5000,122000,122000
061597,南六永豐9A購04  ,0,0,0,0,0,0,0,0,0,122000,0,0,0,260000,138000,122000,122000
062328,南亞科統一9C購01,0,0,0,0,0,0,0,0,0,122000,0,0,0,222000,100000,122000,122000
062087,瑞祺元大9B購02  ,0,0,0,0,0,0,0,0,0,122000,0,0,0,283000,161000,122000,122000
055667,致茂群益98購01  ,0,0,0,0,0,0,0,0,0,122000,0,0,0,191000,69000,122000,122000
00640L,富邦日本正2     ,0,29000,-29000,0,0,0,0,0,0,151000,0,0,0,602000,451000,151000,122000
058658,瑞儀中信99購01  ,0,0,0,0,0,0,0,0,0,122000,0,0,0,172000,50000,122000,122000
057328,京鼎群益99購02  ,0,0,0,0,0,0,0,0,0,122000,0,0,0,122000,0,122000,122000
059631,京元電凱基99購02,0,0,0,0,0,0,0,0,0,122000,0,0,0,252000,130000,122000,122000
062343,中石化群益9B購01,0,0,0,0,0,0,0,0,0,121000,0,0,0,219000,98000,121000,121000
062409,巨大永豐9B購02  ,0,0,0,0,0,0,0,0,0,121000,0,0,0,163000,42000,121000,121000
060995,泰鼎元大9A購03  ,0,0,0,0,0,0,0,0,0,121000,0,0,0,177000,56000,121000,121000
03442B,臺股指元大9A熊48,0,0,0,0,0,0,0,0,0,121000,0,0,0,131000,10000,121000,121000
055297,啟碁元大97購01  ,0,0,0,0,0,0,0,0,0,121000,0,0,0,121000,0,121000,121000
057267,康控兆豐99購01  ,0,0,0,0,0,0,0,0,0,121000,0,0,0,121000,0,121000,121000
058707,泰鼎元大99購02  ,0,0,0,0,0,0,0,0,0,121000,0,0,0,161000,40000,121000,121000
060526,台積電中信9A購02,0,0,0,0,0,0,0,0,0,121000,0,0,0,134000,13000,121000,121000
4142,國光生          ,263000,132000,131000,0,0,0,0,40000,-40000,30000,40000,10000,30000,0,0,0,121000
061695,群創群益9A購01  ,0,0,0,0,0,0,0,0,0,120000,0,0,0,120000,0,120000,120000
06569P,可成永豐98售01  ,0,0,0,0,0,0,0,0,0,120000,0,0,0,178000,58000,120000,120000
050699,京鼎凱基96購01  ,0,0,0,0,0,0,0,0,0,120000,0,0,0,120000,0,120000,120000
048874,玉晶光國票96購01,0,0,0,0,0,0,0,0,0,120000,0,0,0,120000,0,120000,120000
053505,瑞儀兆豐97購01  ,0,0,0,0,0,0,0,0,0,120000,0,0,0,120000,0,120000,120000
051979,群創凱基97購01  ,0,0,0,0,0,0,0,0,0,120000,0,0,0,130000,10000,120000,120000
056518,美律國票99購01  ,0,0,0,0,0,0,0,0,0,120000,0,0,0,120000,0,120000,120000
060275,元黃金元大9A購01,0,0,0,0,0,0,0,0,0,120000,0,0,0,120000,0,120000,120000
057774,台光電群益99購02,0,0,0,0,0,0,0,0,0,120000,0,0,0,161000,41000,120000,120000
058050,台郡元大99購05  ,0,0,0,0,0,0,0,0,0,120000,0,0,0,131000,11000,120000,120000
057012,康控中信98購01  ,0,0,0,0,0,0,0,0,0,120000,0,0,0,120000,0,120000,120000
05755P,臺股指中信99售04,0,0,0,0,0,0,0,0,0,120000,0,0,0,127000,7000,120000,120000
9914,美利達          ,926000,788000,138000,0,0,0,0,25000,-25000,7000,17000,10000,7000,0,0,0,120000
06766P,玉晶光元大99售10,0,0,0,0,0,0,0,0,0,119000,0,0,0,153000,34000,119000,119000
061902,百和永豐9B購01  ,0,0,0,0,0,0,0,0,0,119000,0,0,0,129000,10000,119000,119000
061413,台勝科群益9A購01,0,0,0,0,0,0,0,0,0,119000,0,0,0,134000,15000,119000,119000
061401,華擎兆豐9B購01  ,0,0,0,0,0,0,0,0,0,119000,0,0,0,124000,5000,119000,119000
060716,新唐永豐9A購01  ,0,0,0,0,0,0,0,0,0,119000,0,0,0,155000,36000,119000,119000
056571,燿華元大98購02  ,0,0,0,0,0,0,0,0,0,119000,0,0,0,140000,21000,119000,119000
059107,南茂國泰9A購01  ,0,0,0,0,0,0,0,0,0,119000,0,0,0,119000,0,119000,119000
059747,台達電台新99購01,0,0,0,0,0,0,0,0,0,119000,0,0,0,135000,16000,119000,119000
060121,新光金富邦99購01,0,0,0,0,0,0,0,0,0,119000,0,0,0,139000,20000,119000,119000
058901,美律元大99購07  ,0,0,0,0,0,0,0,0,0,119000,0,0,0,142000,23000,119000,119000
061029,力山永豐9A購01  ,0,0,0,0,0,0,0,0,0,118000,0,0,0,165000,47000,118000,118000
062636,聯鈞國票9B購01  ,0,0,0,0,0,0,0,0,0,118000,0,0,0,119000,1000,118000,118000
054846,瑞昱兆豐97購01  ,0,0,0,0,0,0,0,0,0,118000,0,0,0,118000,0,118000,118000
058144,聯茂元大99購02  ,0,0,0,0,0,0,0,0,0,118000,0,0,0,118000,0,118000,118000
07459P,緯穎元大9A售01  ,0,0,0,0,0,0,0,0,0,118000,0,0,0,452000,334000,118000,118000
062739,嘉晶國票9B購02  ,0,0,0,0,0,0,0,0,0,117000,0,0,0,119000,2000,117000,117000
060787,奇力新富邦9A購01,0,0,0,0,0,0,0,0,0,117000,0,0,0,117000,0,117000,117000
061700,瑞昱國票9A購02  ,0,0,0,0,0,0,0,0,0,117000,0,0,0,157000,40000,117000,117000
058820,致茂國泰9B購01  ,0,0,0,0,0,0,0,0,0,117000,0,0,0,220000,103000,117000,117000
057536,康控元大99購03  ,0,0,0,0,0,0,0,0,0,117000,0,0,0,117000,0,117000,117000
060792,信錦永豐9A購01  ,0,0,0,0,0,0,0,0,0,116000,0,0,0,116000,0,116000,116000
061214,華擎元大9A購04  ,0,0,0,0,0,0,0,0,0,116000,0,0,0,139000,23000,116000,116000
062548,智易永豐9B購01  ,0,0,0,0,0,0,0,0,0,116000,0,0,0,116000,0,116000,116000
057836,南亞科國泰9A購01,0,0,0,0,0,0,0,0,0,116000,0,0,0,116000,0,116000,116000
057297,新日興永豐98購01,0,0,0,0,0,0,0,0,0,116000,0,0,0,116000,0,116000,116000
060063,可成兆豐9B購01  ,0,0,0,0,0,0,0,0,0,116000,0,0,0,116000,0,116000,116000
057445,華通元富02購01  ,0,0,0,0,0,0,0,0,0,116000,0,0,0,156000,40000,116000,116000
058802,矽創元大99購02  ,0,0,0,0,0,0,0,0,0,116000,0,0,0,174000,58000,116000,116000
058732,矽格永豐99購01  ,0,0,0,0,0,0,0,0,0,116000,0,0,0,256000,140000,116000,116000
058156,超眾統一9A購02  ,0,0,0,0,0,0,0,0,0,116000,0,0,0,116000,0,116000,116000
059019,元石油統一9B購03,0,0,0,0,0,0,0,0,0,116000,0,0,0,246000,130000,116000,116000
07255P,國巨凱基99售15  ,0,0,0,0,0,0,0,0,0,116000,0,0,0,116000,0,116000,116000
3059,華晶科          ,299000,183000,116000,0,0,0,0,0,0,0,1000,1000,0,0,0,0,116000
062496,矽創中信9B購01  ,0,0,0,0,0,0,0,0,0,115000,0,0,0,155000,40000,115000,115000
062060,奇鋐統一9C購01  ,0,0,0,0,0,0,0,0,0,115000,0,0,0,140000,25000,115000,115000
062107,台光電國票9B購01,0,0,0,0,0,0,0,0,0,115000,0,0,0,180000,65000,115000,115000
061137,晶技統一9B購01  ,0,0,0,0,0,0,0,0,0,115000,0,0,0,125000,10000,115000,115000
060811,亞德客凱基9A購02,0,0,0,0,0,0,0,0,0,115000,0,0,0,215000,100000,115000,115000
060847,康控國票9A購01  ,0,0,0,0,0,0,0,0,0,115000,0,0,0,124000,9000,115000,115000
060836,上銀國票9A購03  ,0,0,0,0,0,0,0,0,0,115000,0,0,0,115000,0,115000,115000
060784,鴻海富邦9C購01  ,0,0,0,0,0,0,0,0,0,115000,0,0,0,141000,26000,115000,115000
060682,牧德元大9A購03  ,0,0,0,0,0,0,0,0,0,115000,0,0,0,136000,21000,115000,115000
055814,晶豪科國票97購02,0,0,0,0,0,0,0,0,0,115000,0,0,0,127000,12000,115000,115000
051600,新日興兆豐96購02,0,0,0,0,0,0,0,0,0,115000,0,0,0,209000,94000,115000,115000
058924,晶相光元富99購02,0,0,0,0,0,0,0,0,0,115000,0,0,0,115000,0,115000,115000
060237,友達元大9A購06  ,0,0,0,0,0,0,0,0,0,115000,0,0,0,115000,0,115000,115000
057073,康控永豐98購01  ,0,0,0,0,0,0,0,0,0,115000,0,0,0,115000,0,115000,115000
058424,滬深2X元富99購04,0,0,0,0,0,0,0,0,0,115000,0,0,0,379000,264000,115000,115000
061584,勤誠元大9A購01  ,0,0,0,0,0,0,0,0,0,114000,0,0,0,295000,181000,114000,114000
057894,華通元富02購02  ,0,0,0,0,0,0,0,0,0,114000,0,0,0,134000,20000,114000,114000
057691,健策凱基99購01  ,0,0,0,0,0,0,0,0,0,114000,0,0,0,116000,2000,114000,114000
058208,百和凱基99購01  ,0,0,0,0,0,0,0,0,0,114000,0,0,0,114000,0,114000,114000
06622P,牧德元大98售01  ,0,0,0,0,0,0,0,0,0,113000,0,0,0,130000,17000,113000,113000
053250,百和國票97購02  ,0,0,0,0,0,0,0,0,0,113000,0,0,0,113000,0,113000,113000
058438,大立光統一9B購01,0,0,0,0,0,0,0,0,0,113000,0,0,0,136000,23000,113000,113000
06939P,國巨永豐98售09  ,0,0,0,0,0,0,0,0,0,113000,0,0,0,113000,0,113000,113000
06487P,聯發科統一99售02,0,0,0,0,0,0,0,0,0,112000,0,0,0,182000,70000,112000,112000
062532,聯詠統一9C購01  ,0,0,0,0,0,0,0,0,0,112000,0,0,0,180000,68000,112000,112000
061798,晶豪科永豐9B購01,0,0,0,0,0,0,0,0,0,112000,0,0,0,112000,0,112000,112000
061975,華通元大9B購01  ,0,0,0,0,0,0,0,0,0,112000,0,0,0,142000,30000,112000,112000
060737,瑞儀統一9C購01  ,0,0,0,0,0,0,0,0,0,112000,0,0,0,160000,48000,112000,112000
060695,同欣電麥證9A購01,0,0,0,128000,16000,112000,0,0,0,112000,0,0,0,128000,16000,112000,112000
055490,台光電元大97購01,0,0,0,0,0,0,0,0,0,112000,0,0,0,163000,51000,112000,112000
07140P,台灣50日盛99售01,0,0,0,0,0,0,0,0,0,112000,0,0,0,112000,0,112000,112000
8150,南茂            ,2270000,1940549,329451,0,0,0,0,0,0,-218000,100000,4000,96000,64000,378000,-314000,111451
061418,世紀鋼群益9A購02,0,0,0,0,0,0,0,0,0,111000,0,0,0,310000,199000,111000,111000
062386,京鼎國泰9C購01  ,0,0,0,0,0,0,0,0,0,111000,0,0,0,111000,0,111000,111000
062058,瑞昱統一01購01  ,0,0,0,0,0,0,0,0,0,111000,0,0,0,256000,145000,111000,111000
056113,新日興兆豐98購01,0,0,0,0,0,0,0,0,0,111000,0,0,0,121000,10000,111000,111000
057516,和鑫元富98購01  ,0,0,0,0,0,0,0,0,0,111000,0,0,0,418000,307000,111000,111000
062027,國泰金群益9B購01,0,0,0,0,0,0,0,0,0,110000,0,0,0,110000,0,110000,110000
062438,台光電元大9B購04,0,0,0,0,0,0,0,0,0,110000,0,0,0,176000,66000,110000,110000
062977,健策元富9B購01  ,0,0,0,0,0,0,0,0,0,110000,0,0,0,110000,0,110000,110000
061874,義隆元大9B購02  ,0,0,0,0,0,0,0,0,0,110000,0,0,0,110000,0,110000,110000
061855,台郡國票9B購01  ,0,0,0,0,0,0,0,0,0,110000,0,0,0,120000,10000,110000,110000
061241,晶技兆豐9A購01  ,0,0,0,0,0,0,0,0,0,110000,0,0,0,165000,55000,110000,110000
061100,SP黃豆元大9A購04,0,0,0,0,0,0,0,0,0,110000,0,0,0,140000,30000,110000,110000
056574,亞光元大99購03  ,0,0,0,0,0,0,0,0,0,110000,0,0,0,118000,8000,110000,110000
054717,亞德客永豐97購01,0,0,0,0,0,0,0,0,0,110000,0,0,0,110000,0,110000,110000
054211,奇鋐國票97購03  ,0,0,0,0,0,0,0,0,0,110000,0,0,0,110000,0,110000,110000
052414,聯電麥證95購01  ,0,0,0,110000,0,110000,0,0,0,110000,0,0,0,110000,0,110000,110000
03433B,臺股指元大9C熊01,0,0,0,0,0,0,0,0,0,110000,0,0,0,120000,10000,110000,110000
058996,台達電元大99購02,0,0,0,0,0,0,0,0,0,110000,0,0,0,145000,35000,110000,110000
059061,晶技凱基9A購01  ,0,0,0,0,0,0,0,0,0,110000,0,0,0,120000,10000,110000,110000
06986P,台積電台新9A售01,0,0,0,0,0,0,0,0,0,110000,0,0,0,110000,0,110000,110000
060715,日電貿永豐9A購01,0,0,0,0,0,0,0,0,0,109000,0,0,0,112000,3000,109000,109000
060853,健策國泰9B購02  ,0,0,0,0,0,0,0,0,0,109000,0,0,0,261000,152000,109000,109000
061582,麗豐元大9A購01  ,0,0,0,0,0,0,0,0,0,109000,0,0,0,136000,27000,109000,109000
061533,友達統一9C購02  ,0,0,0,0,0,0,0,0,0,109000,0,0,0,134000,25000,109000,109000
062344,力山群益9B購02  ,0,0,0,0,0,0,0,0,0,109000,0,0,0,299000,190000,109000,109000
056297,台光電元大97購04,0,0,0,0,0,0,0,0,0,109000,0,0,0,113000,4000,109000,109000
056417,欣興中信98購01  ,0,0,0,0,0,0,0,0,0,109000,0,0,0,161000,52000,109000,109000
060291,高鐵元大9A購01  ,0,0,0,0,0,0,0,0,0,109000,0,0,0,119000,10000,109000,109000
057609,友訊元富98購01  ,0,0,0,0,0,0,0,0,0,109000,0,0,0,134000,25000,109000,109000
057377,康控元大99購02  ,0,0,0,0,0,0,0,0,0,109000,0,0,0,227000,118000,109000,109000
062148,奇鋐國票9B購01  ,0,0,0,0,0,0,0,0,0,108000,0,0,0,108000,0,108000,108000
056049,奇力新國票98購01,0,0,0,0,0,0,0,0,0,108000,0,0,0,122000,14000,108000,108000
060032,利勤永豐99購01  ,0,0,0,0,0,0,0,0,0,108000,0,0,0,138000,30000,108000,108000
058700,鴻海元大99購15  ,0,0,0,0,0,0,0,0,0,108000,0,0,0,108000,0,108000,108000
058612,健策元大99購02  ,0,0,0,0,0,0,0,0,0,108000,0,0,0,142000,34000,108000,108000
07303P,臺股指元大9A售36,0,0,0,0,0,0,0,0,0,108000,0,0,0,417000,309000,108000,108000
062711,台表科元大9B購05,0,0,0,0,0,0,0,0,0,107000,0,0,0,122000,15000,107000,107000
060957,SP黃豆凱基9A購04,0,0,0,0,0,0,0,0,0,107000,0,0,0,130000,23000,107000,107000
052695,台表科中信98購01,0,0,0,0,0,0,0,0,0,107000,0,0,0,107000,0,107000,107000
06058P,玉晶光凱基97售04,0,0,0,0,0,0,0,0,0,107000,0,0,0,140000,33000,107000,107000
058259,訊連國泰9B購01  ,0,0,0,0,0,0,0,0,0,107000,0,0,0,113000,6000,107000,107000
057319,奇力新凱基99購02,0,0,0,0,0,0,0,0,0,107000,0,0,0,107000,0,107000,107000
07923P,元金2X凱基02售02,0,0,0,0,0,0,0,0,0,107000,0,0,0,137000,30000,107000,107000
060994,世芯元大9A購03  ,0,0,0,0,0,0,0,0,0,106000,0,0,0,106000,0,106000,106000
061151,友訊群益9A購01  ,0,0,0,0,0,0,0,0,0,106000,0,0,0,182000,76000,106000,106000
062021,康控永豐9B購01  ,0,0,0,0,0,0,0,0,0,106000,0,0,0,110000,4000,106000,106000
049023,玉晶光群益96購04,0,0,0,0,0,0,0,0,0,106000,0,0,0,106000,0,106000,106000
053485,矽創國票97購04  ,0,0,0,0,0,0,0,0,0,106000,0,0,0,106000,0,106000,106000
057189,康控元大98購02  ,0,0,0,0,0,0,0,0,0,106000,0,0,0,106000,0,106000,106000
057390,台表科永豐98購01,0,0,0,0,0,0,0,0,0,106000,0,0,0,110000,4000,106000,106000
060075,台積電元富99購05,0,0,0,0,0,0,0,0,0,106000,0,0,0,123000,17000,106000,106000
058838,國巨中信99購03  ,0,0,0,0,0,0,0,0,0,106000,0,0,0,328000,222000,106000,106000
062197,聯發科中信01購03,0,0,0,0,0,0,0,0,0,105000,0,0,0,270000,165000,105000,105000
062238,臻鼎凱基9C購01  ,0,0,0,0,0,0,0,0,0,105000,0,0,0,182000,77000,105000,105000
062807,和碩統一9B購01  ,0,0,0,0,0,0,0,0,0,105000,0,0,0,115000,10000,105000,105000
061045,儒鴻第一9A購01  ,0,0,0,0,0,0,0,0,0,105000,0,0,0,148000,43000,105000,105000
03432B,臺股指凱基98熊13,0,0,0,0,0,0,0,0,0,105000,0,0,0,120000,15000,105000,105000
00670L,富邦NASDAQ正2   ,38000,528000,-490000,0,0,0,0,0,0,595000,141000,0,141000,796000,342000,454000,105000
05545P,台表科國泰98售01,0,0,0,0,0,0,0,0,0,105000,0,0,0,123000,18000,105000,105000
055972,GIS元大97購04   ,0,0,0,0,0,0,0,0,0,105000,0,0,0,183000,78000,105000,105000
058907,健策元大99購04  ,0,0,0,0,0,0,0,0,0,105000,0,0,0,118000,13000,105000,105000
060306,台肥永豐9A購01  ,0,0,0,0,0,0,0,0,0,105000,0,0,0,105000,0,105000,105000
058337,日月光元富99購01,0,0,0,0,0,0,0,0,0,105000,0,0,0,241000,136000,105000,105000
057537,聯茂元大98購04  ,0,0,0,0,0,0,0,0,0,105000,0,0,0,105000,0,105000,105000
062805,台勝科統一9C購01,0,0,0,0,0,0,0,0,0,104000,0,0,0,212000,108000,104000,104000
062975,京鼎元富9B購01  ,0,0,0,0,0,0,0,0,0,104000,0,0,0,108000,4000,104000,104000
059695,聯鈞永豐99購02  ,0,0,0,0,0,0,0,0,0,104000,0,0,0,131000,27000,104000,104000
00737,國泰AI+Robo     ,1000,0,1000,0,0,0,0,0,0,103000,0,0,0,171000,68000,103000,104000
059568,台積電凱基9A購13,0,0,0,0,0,0,0,0,0,104000,0,0,0,108000,4000,104000,104000
060414,中興電永豐9A購01,0,0,0,0,0,0,0,0,0,104000,0,0,0,114000,10000,104000,104000
057713,美律統一99購01  ,0,0,0,0,0,0,0,0,0,104000,0,0,0,104000,0,104000,104000
058497,新日興群益9B購01,0,0,0,0,0,0,0,0,0,104000,0,0,0,212000,108000,104000,104000
07714P,世紀鋼元大9A售03,0,0,0,0,0,0,0,0,0,104000,0,0,0,104000,0,104000,104000
062995,聚陽國票9C購01  ,0,0,0,0,0,0,0,0,0,103000,0,0,0,181000,78000,103000,103000
061229,緯穎中信9B購01  ,0,0,0,0,0,0,0,0,0,103000,0,0,0,137000,34000,103000,103000
053770,元金2X元大98購01,0,0,0,0,0,0,0,0,0,103000,0,0,0,103000,0,103000,103000
058053,上銀統一9B購01  ,0,0,0,0,0,0,0,0,0,103000,0,0,0,108000,5000,103000,103000
060395,儒鴻國票9A購01  ,0,0,0,0,0,0,0,0,0,103000,0,0,0,113000,10000,103000,103000
057090,奇力新元富98購02,0,0,0,0,0,0,0,0,0,103000,0,0,0,103000,0,103000,103000
2365,昆盈            ,185000,75000,110000,0,0,0,0,0,0,-7000,2000,9000,-7000,0,0,0,103000
4746,台耀            ,1173000,1016000,157000,0,0,0,0,0,0,-54000,1000,55000,-54000,0,0,0,103000
06634P,欣興國票98售02  ,0,0,0,0,0,0,0,0,0,102000,0,0,0,102000,0,102000,102000
062061,台勝科統一01購01,0,0,0,0,0,0,0,0,0,102000,0,0,0,225000,123000,102000,102000
054339,聯詠統一96購02  ,0,0,0,0,0,0,0,0,0,102000,0,0,0,103000,1000,102000,102000
053999,台表科群益96購06,0,0,0,0,0,0,0,0,0,102000,0,0,0,130000,28000,102000,102000
055214,聯電凱基97購02  ,0,0,0,0,0,0,0,0,0,102000,0,0,0,102000,0,102000,102000
060548,友達凱基9B購03  ,0,0,0,0,0,0,0,0,0,102000,0,0,0,102000,0,102000,102000
058516,健鼎元大99購02  ,0,0,0,0,0,0,0,0,0,102000,0,0,0,102000,0,102000,102000
3708,上緯投控        ,290000,129000,161000,0,0,0,0,0,0,-59000,0,0,0,0,59000,-59000,102000
062029,牧德群益9B購03  ,0,0,0,0,0,0,0,0,0,101000,0,0,0,101000,0,101000,101000
062380,巨大元大9B購01  ,0,0,0,0,0,0,0,0,0,101000,0,0,0,103000,2000,101000,101000
060616,宏碁元大9A購02  ,0,0,0,0,0,0,0,0,0,101000,0,0,0,101000,0,101000,101000
061520,健策中信9A購01  ,0,0,0,0,0,0,0,0,0,101000,0,0,0,101000,0,101000,101000
061318,智邦凱基9B購01  ,0,0,0,0,0,0,0,0,0,101000,0,0,0,334000,233000,101000,101000
055397,超眾統一97購02  ,0,0,0,0,0,0,0,0,0,101000,0,0,0,101000,0,101000,101000
056343,高鐵凱基98購02  ,0,0,0,0,0,0,0,0,0,101000,0,0,0,388000,287000,101000,101000
056405,聯茂群益98購01  ,0,0,0,0,0,0,0,0,0,101000,0,0,0,116000,15000,101000,101000
058839,瑞儀中信99購02  ,0,0,0,0,0,0,0,0,0,101000,0,0,0,136000,35000,101000,101000
058154,泰碩統一9A購01  ,0,0,0,0,0,0,0,0,0,101000,0,0,0,199000,98000,101000,101000
060052,宏碁凱基99購01  ,0,0,0,0,0,0,0,0,0,101000,0,0,0,101000,0,101000,101000
059996,美律元富99購01  ,0,0,0,0,0,0,0,0,0,101000,0,0,0,186000,85000,101000,101000
08072P,祥碩永豐9B售03  ,0,0,0,0,0,0,0,0,0,101000,0,0,0,116000,15000,101000,101000
07416P,台積電元大99售53,0,0,0,0,0,0,0,0,0,101000,0,0,0,166000,65000,101000,101000
061484,華通兆豐9B購01  ,0,0,0,0,0,0,0,0,0,100000,0,0,0,100000,0,100000,100000
061573,義隆元大9A購02  ,0,0,0,0,0,0,0,0,0,100000,0,0,0,100000,0,100000,100000
061873,友達元大9C購07  ,0,0,0,0,0,0,0,0,0,100000,0,0,0,100000,0,100000,100000
061991,牧德元大9C購01  ,0,0,0,0,0,0,0,0,0,100000,0,0,0,111000,11000,100000,100000
061816,長榮航群益9B購02,0,0,0,0,0,0,0,0,0,100000,0,0,0,100000,0,100000,100000
061739,奇力新凱基9C購01,0,0,0,0,0,0,0,0,0,100000,0,0,0,100000,0,100000,100000
062366,義隆元大9B購04  ,0,0,0,0,0,0,0,0,0,100000,0,0,0,100000,0,100000,100000
062419,台積電統一9B購15,0,0,0,0,0,0,0,0,0,100000,0,0,0,105000,5000,100000,100000
06497P,大立光凱基98售11,0,0,0,0,0,0,0,0,0,100000,0,0,0,100000,0,100000,100000
06399P,台表科凱基97售05,0,0,0,0,0,0,0,0,0,100000,0,0,0,100000,0,100000,100000
06423P,亞光台新97售01  ,0,0,0,0,0,0,0,0,0,100000,0,0,0,100000,0,100000,100000
056033,T50正2凱基99購02,0,0,0,0,0,0,0,0,0,100000,0,0,0,100000,0,100000,100000
056020,義隆群益97購01  ,0,0,0,0,0,0,0,0,0,100000,0,0,0,140000,40000,100000,100000
056068,欣興元大97購05  ,0,0,0,0,0,0,0,0,0,100000,0,0,0,100000,0,100000,100000
056075,瀚宇博元大97購03,0,0,0,0,0,0,0,0,0,100000,0,0,0,109000,9000,100000,100000
056087,世芯統一97購01  ,0,0,0,0,0,0,0,0,0,100000,0,0,0,100000,0,100000,100000
055839,瑞昱元大97購04  ,0,0,0,0,0,0,0,0,0,100000,0,0,0,100000,0,100000,100000
055856,新唐元大97購03  ,0,0,0,0,0,0,0,0,0,100000,0,0,0,100000,0,100000,100000
059450,和大永豐99購01  ,0,0,0,0,0,0,0,0,0,100000,0,0,0,100000,0,100000,100000
05523P,聯發科國票96售04,0,0,0,0,0,0,0,0,0,100000,0,0,0,107000,7000,100000,100000
05500P,臺股指中信96售04,0,0,0,0,0,0,0,0,0,100000,0,0,0,100000,0,100000,100000
055040,台虹富邦99購01  ,0,0,0,0,0,0,0,0,0,100000,0,0,0,100000,0,100000,100000
056671,台灣50元富9A購01,0,0,0,0,0,0,0,0,0,100000,0,0,0,100000,0,100000,100000
051594,和碩元大96購01  ,0,0,0,0,0,0,0,0,0,100000,0,0,0,100000,0,100000,100000
052061,樺漢國票96購01  ,0,0,0,0,0,0,0,0,0,100000,0,0,0,100000,0,100000,100000
05414P,台表科國票96售02,0,0,0,0,0,0,0,0,0,100000,0,0,0,100000,0,100000,100000
055497,開發金元大97購01,0,0,0,0,0,0,0,0,0,100000,0,0,0,100000,0,100000,100000
054204,元金2X國票9B購02,0,0,0,0,0,0,0,0,0,100000,0,0,0,100000,0,100000,100000
052979,上銀元大96購02  ,0,0,0,0,0,0,0,0,0,100000,0,0,0,100000,0,100000,100000
053871,臻鼎元大96購03  ,0,0,0,0,0,0,0,0,0,100000,0,0,0,100000,0,100000,100000
053697,臻鼎元大96購02  ,0,0,0,0,0,0,0,0,0,100000,0,0,0,100000,0,100000,100000
053361,友達元富99購01  ,0,0,0,0,0,0,0,0,0,100000,0,0,0,100000,0,100000,100000
051260,鴻海永昌96購04  ,0,0,0,0,0,0,0,0,0,100000,0,0,0,100000,0,100000,100000
03049X,元展46          ,0,0,0,0,0,0,0,0,0,100000,0,0,0,100000,0,100000,100000
048595,儒鴻國票96購01  ,0,0,0,0,0,0,0,0,0,100000,0,0,0,100000,0,100000,100000
046630,京元電元富95購03,0,0,0,0,0,0,0,0,0,100000,0,0,0,100000,0,100000,100000
03650C,T50反1元大98牛05,0,0,0,0,0,0,0,0,0,100000,0,0,0,101000,1000,100000,100000
050519,旺宏元大95購03  ,0,0,0,0,0,0,0,0,0,100000,0,0,0,100000,0,100000,100000
060002,T50反1群益9A購01,0,0,0,0,0,0,0,0,0,100000,0,0,0,100000,0,100000,100000
059849,興勤永豐99購01  ,0,0,0,0,0,0,0,0,0,100000,0,0,0,100000,0,100000,100000
060046,S&P反1凱基99購02,0,0,0,0,0,0,0,0,0,100000,0,0,0,100000,0,100000,100000
057177,奇力新元大99購04,0,0,0,0,0,0,0,0,0,100000,0,0,0,105000,5000,100000,100000
057180,華新科元大99購08,0,0,0,0,0,0,0,0,0,100000,0,0,0,100000,0,100000,100000
057568,友訊永豐99購01  ,0,0,0,0,0,0,0,0,0,100000,0,0,0,100000,0,100000,100000
057860,金寶凱基98購01  ,0,0,0,0,0,0,0,0,0,100000,0,0,0,100000,0,100000,100000
058139,臻鼎元大99購01  ,0,0,0,0,0,0,0,0,0,100000,0,0,0,244000,144000,100000,100000
058584,百和群益9A購01  ,0,0,0,0,0,0,0,0,0,100000,0,0,0,198000,98000,100000,100000
057649,嘉聯益元大99購04,0,0,0,0,0,0,0,0,0,100000,0,0,0,168000,68000,100000,100000
058959,南茂國票9A購01  ,0,0,0,0,0,0,0,0,0,100000,0,0,0,100000,0,100000,100000
060487,盛群富邦9B購01  ,0,0,0,0,0,0,0,0,0,100000,0,0,0,100000,0,100000,100000
07446P,台灣50元大9A售06,0,0,0,0,0,0,0,0,0,100000,0,0,0,100000,0,100000,100000
07642P,華通凱基9A售05  ,0,0,0,0,0,0,0,0,0,100000,0,0,0,100000,0,100000,100000
06862P,大立光凱基98售16,0,0,0,0,0,0,0,0,0,100000,0,0,0,100000,0,100000,100000
07911P,大立光統一9B售08,0,0,0,0,0,0,0,0,0,100000,0,0,0,100000,0,100000,100000
062014,牧德富邦9C購01  ,0,0,0,0,0,0,0,0,0,99000,0,0,0,106000,7000,99000,99000
062336,茂林統一01購02  ,0,0,0,0,0,0,0,0,0,99000,0,0,0,165000,66000,99000,99000
062323,上銀統一9B購03  ,0,0,0,0,0,0,0,0,0,99000,0,0,0,99000,0,99000,99000
061945,華通群益9B購04  ,0,0,0,0,0,0,0,0,0,99000,0,0,0,124000,25000,99000,99000
060927,嘉晶永豐9A購01  ,0,0,0,0,0,0,0,0,0,99000,0,0,0,102000,3000,99000,99000
053481,同欣電元大97購01,0,0,0,0,0,0,0,0,0,99000,0,0,0,99000,0,99000,99000
054196,台光電國泰97購02,0,0,0,0,0,0,0,0,0,99000,0,0,0,99000,0,99000,99000
054358,矽創兆豐96購01  ,0,0,0,0,0,0,0,0,0,99000,0,0,0,100000,1000,99000,99000
053137,旺宏富邦98購01  ,0,0,0,0,0,0,0,0,0,99000,0,0,0,100000,1000,99000,99000
055733,奇力新元富97購01,0,0,0,0,0,0,0,0,0,99000,0,0,0,103000,4000,99000,99000
056676,國產元富98購01  ,0,0,0,0,0,0,0,0,0,99000,0,0,0,342000,243000,99000,99000
057805,華通元大98購06  ,0,0,0,0,0,0,0,0,0,99000,0,0,0,114000,15000,99000,99000
058731,貿聯永豐99購02  ,0,0,0,0,0,0,0,0,0,99000,0,0,0,99000,0,99000,99000
057989,旺宏統一99購04  ,0,0,0,0,0,0,0,0,0,99000,0,0,0,110000,11000,99000,99000
059780,滬深2X元大9C購06,0,0,0,0,0,0,0,0,0,99000,0,0,0,99000,0,99000,99000
060801,滬深2X中信01購01,0,0,0,0,0,0,0,0,0,98000,0,0,0,98000,0,98000,98000
061298,華新科富邦01購02,0,0,0,0,0,0,0,0,0,98000,0,0,0,100000,2000,98000,98000
061315,滬深2X凱基9C購06,0,0,0,0,0,0,0,0,0,98000,0,0,0,98000,0,98000,98000
061375,華通永豐9A購02  ,0,0,0,0,0,0,0,0,0,98000,0,0,0,98000,0,98000,98000
062098,億光永豐9B購01  ,0,0,0,0,0,0,0,0,0,98000,0,0,0,98000,0,98000,98000
062589,友達統一9C購03  ,0,0,0,0,0,0,0,0,0,98000,0,0,0,98000,0,98000,98000
06619P,聯發科元大98售06,0,0,0,0,0,0,0,0,0,98000,0,0,0,649000,551000,98000,98000
054384,瀚宇博群益96購02,0,0,0,0,0,0,0,0,0,98000,0,0,0,98000,0,98000,98000
047673,瑞昱元富96購01  ,0,0,0,0,0,0,0,0,0,98000,0,0,0,202000,104000,98000,98000
04462P,全新元富96售01  ,0,0,0,0,0,0,0,0,0,98000,0,0,0,98000,0,98000,98000
059166,友達凱基99購05  ,0,0,0,0,0,0,0,0,0,98000,0,0,0,99000,1000,98000,98000
057502,訊芯群益98購02  ,0,0,0,0,0,0,0,0,0,98000,0,0,0,98000,0,98000,98000
058751,南茂凱基9A購01  ,0,0,0,0,0,0,0,0,0,98000,0,0,0,104000,6000,98000,98000
056788,日月光群益98購01,0,0,0,0,0,0,0,0,0,98000,0,0,0,98000,0,98000,98000
060183,南亞科元富9A購01,0,0,0,0,0,0,0,0,0,98000,0,0,0,229000,131000,98000,98000
062968,仁寶元富9B購01  ,0,0,0,0,0,0,0,0,0,97000,0,0,0,97000,0,97000,97000
062208,旭富國票9C購01  ,0,0,0,0,0,0,0,0,0,97000,0,0,0,115000,18000,97000,97000
061190,力山永豐9A購02  ,0,0,0,0,0,0,0,0,0,97000,0,0,0,196000,99000,97000,97000
060939,鴻海國票9A購06  ,0,0,0,0,0,0,0,0,0,97000,0,0,0,100000,3000,97000,97000
060687,GIS元大9A購01   ,0,0,0,0,0,0,0,0,0,97000,0,0,0,102000,5000,97000,97000
03427B,臺股指元大9A熊02,0,0,0,0,0,0,0,0,0,97000,0,0,0,100000,3000,97000,97000
055014,達興元富97購01  ,0,0,0,0,0,0,0,0,0,97000,0,0,0,147000,50000,97000,97000
056002,嘉晶永豐97購01  ,0,0,0,0,0,0,0,0,0,97000,0,0,0,129000,32000,97000,97000
056403,茂林群益98購01  ,0,0,0,0,0,0,0,0,0,96000,0,0,0,96000,0,96000,96000
053496,義隆兆豐96購02  ,0,0,0,0,0,0,0,0,0,96000,0,0,0,96000,0,96000,96000
060202,康友元富9A購01  ,0,0,0,0,0,0,0,0,0,96000,0,0,0,106000,10000,96000,96000
058775,台積電國票9A購02,0,0,0,0,0,0,0,0,0,96000,0,0,0,221000,125000,96000,96000
059109,台積電富邦9C購03,0,0,0,0,0,0,0,0,0,96000,0,0,0,97000,1000,96000,96000
058389,聯茂國票9A購01  ,0,0,0,0,0,0,0,0,0,96000,0,0,0,115000,19000,96000,96000
07865P,可成元大9B售02  ,0,0,0,0,0,0,0,0,0,96000,0,0,0,96000,0,96000,96000
07553P,嘉晶元大9A售02  ,0,0,0,0,0,0,0,0,0,96000,0,0,0,175000,79000,96000,96000
060714,晶技永豐9A購02  ,0,0,0,0,0,0,0,0,0,95000,0,0,0,95000,0,95000,95000
062057,華邦電統一01購01,0,0,0,0,0,0,0,0,0,95000,0,0,0,100000,5000,95000,95000
062376,中租元大9B購02  ,0,0,0,0,0,0,0,0,0,95000,0,0,0,173000,78000,95000,95000
062754,台勝科麥證9B購01,0,0,0,95000,0,95000,0,0,0,95000,0,0,0,95000,0,95000,95000
050570,聯發科中信97購02,0,0,0,0,0,0,0,0,0,95000,0,0,0,95000,0,95000,95000
052968,燿華群益98購01  ,0,0,0,0,0,0,0,0,0,95000,0,0,0,95000,0,95000,95000
055618,麗豐國票98購01  ,0,0,0,0,0,0,0,0,0,95000,0,0,0,95000,0,95000,95000
060008,華邦電群益9A購01,0,0,0,0,0,0,0,0,0,95000,0,0,0,260000,165000,95000,95000
058631,鈺齊國票9A購01  ,0,0,0,0,0,0,0,0,0,95000,0,0,0,107000,12000,95000,95000
060191,亞光元富9A購02  ,0,0,0,0,0,0,0,0,0,95000,0,0,0,231000,136000,95000,95000
060375,葡萄王元富9A購01,0,0,0,0,0,0,0,0,0,95000,0,0,0,295000,200000,95000,95000
07317P,T50正2凱基9B售02,0,0,0,0,0,0,0,0,0,95000,0,0,0,100000,5000,95000,95000
4540,全球傳動        ,154000,59000,95000,0,0,0,0,0,0,0,0,0,0,0,0,0,95000
062751,華擎中信9C購01  ,0,0,0,0,0,0,0,0,0,94000,0,0,0,246000,152000,94000,94000
06535P,可成群益99售02  ,0,0,0,0,0,0,0,0,0,94000,0,0,0,101000,7000,94000,94000
061979,友達元大9C購08  ,0,0,0,0,0,0,0,0,0,94000,0,0,0,94000,0,94000,94000
059640,聯詠凱基99購04  ,0,0,0,0,0,0,0,0,0,94000,0,0,0,94000,0,94000,94000
054374,信邦中信96購01  ,0,0,0,0,0,0,0,0,0,94000,0,0,0,144000,50000,94000,94000
057820,華擎元大98購02  ,0,0,0,0,0,0,0,0,0,94000,0,0,0,124000,30000,94000,94000
060107,旭富元大99購03  ,0,0,0,0,0,0,0,0,0,94000,0,0,0,219000,125000,94000,94000
07034P,大立光元富99售03,0,0,0,0,0,0,0,0,0,94000,0,0,0,100000,6000,94000,94000
07251P,台灣50元富01售04,0,0,0,0,0,0,0,0,0,94000,0,0,0,100000,6000,94000,94000
061666,友達中信01購01  ,15000,0,15000,0,0,0,0,0,0,78000,0,0,0,93000,15000,78000,93000
060713,聯詠永豐9A購01  ,0,0,0,0,0,0,0,0,0,93000,0,0,0,157000,64000,93000,93000
062904,台光電元大9B購06,0,0,0,0,0,0,0,0,0,93000,0,0,0,152000,59000,93000,93000
062662,友達群益9B購02  ,0,0,0,0,0,0,0,0,0,93000,0,0,0,93000,0,93000,93000
062665,智易群益9B購01  ,0,0,0,0,0,0,0,0,0,93000,0,0,0,93000,0,93000,93000
062311,奇力新凱基9B購01,0,0,0,0,0,0,0,0,0,93000,0,0,0,93000,0,93000,93000
05272P,臻鼎中信97售03  ,0,0,0,0,0,0,0,0,0,93000,0,0,0,416000,323000,93000,93000
056126,台郡國票98購02  ,0,0,0,0,0,0,0,0,0,93000,0,0,0,93000,0,93000,93000
059943,信邦永豐99購01  ,0,0,0,0,0,0,0,0,0,93000,0,0,0,192000,99000,93000,93000
060474,中租元大9B購01  ,0,0,0,0,0,0,0,0,0,93000,0,0,0,113000,20000,93000,93000
058923,華新科元富99購06,0,0,0,0,0,0,0,0,0,93000,0,0,0,93000,0,93000,93000
06661P,玉晶光永豐98售05,0,0,0,0,0,0,0,0,0,92000,0,0,0,131000,39000,92000,92000
061140,華擎統一9C購01  ,0,0,0,0,0,0,0,0,0,92000,0,0,0,141000,49000,92000,92000
056091,百和統一97購01  ,0,0,0,0,0,0,0,0,0,92000,0,0,0,140000,48000,92000,92000
056408,奇鋐國票99購01  ,0,0,0,0,0,0,0,0,0,92000,0,0,0,116000,24000,92000,92000
056434,國巨凱基98購03  ,0,0,0,0,0,0,0,0,0,92000,0,0,0,113000,21000,92000,92000
047564,滬深2X國票99購01,0,0,0,0,0,0,0,0,0,92000,0,0,0,569000,477000,92000,92000
058293,光寶科凱基9A購01,0,0,0,0,0,0,0,0,0,92000,0,0,0,110000,18000,92000,92000
061302,晶技永豐9A購04  ,0,0,0,0,0,0,0,0,0,91000,0,0,0,91000,0,91000,91000
061037,嘉澤永豐9A購01  ,0,0,0,0,0,0,0,0,0,91000,0,0,0,126000,35000,91000,91000
062796,技嘉統一9C購01  ,0,0,0,0,0,0,0,0,0,91000,0,0,0,154000,63000,91000,91000
056524,欣興中信98購02  ,0,0,0,0,0,0,0,0,0,91000,0,0,0,160000,69000,91000,91000
055174,精元統一97購01  ,0,0,0,0,0,0,0,0,0,91000,0,0,0,131000,40000,91000,91000
058927,勤誠元富99購02  ,0,0,0,0,0,0,0,0,0,91000,0,0,0,91000,0,91000,91000
058515,健鼎元大99購01  ,0,0,0,0,0,0,0,0,0,91000,0,0,0,299000,208000,91000,91000
07760P,力山永豐9A售03  ,0,0,0,0,0,0,0,0,0,91000,0,0,0,91000,0,91000,91000
062835,瑞儀群益9B購01  ,0,0,0,0,0,0,0,0,0,90000,0,0,0,100000,10000,90000,90000
061238,晶技元大9A購02  ,0,0,0,0,0,0,0,0,0,90000,0,0,0,90000,0,90000,90000
055291,京鼎元大97購02  ,0,0,0,0,0,0,0,0,0,90000,0,0,0,90000,0,90000,90000
055022,精元國泰99購01  ,0,0,0,0,0,0,0,0,0,90000,0,0,0,100000,10000,90000,90000
055588,瑞昱元大97購03  ,0,0,0,0,0,0,0,0,0,90000,0,0,0,90000,0,90000,90000
055552,瑞昱凱基97購02  ,0,0,0,0,0,0,0,0,0,90000,0,0,0,90000,0,90000,90000
054700,致新永豐97購01  ,0,0,0,0,0,0,0,0,0,90000,0,0,0,90000,0,90000,90000
056127,致新國票98購02  ,0,0,0,0,0,0,0,0,0,90000,0,0,0,238000,148000,90000,90000
055956,瑞昱元大97購05  ,0,0,0,0,0,0,0,0,0,90000,0,0,0,90000,0,90000,90000
052053,泰鼎凱基96購01  ,0,0,0,0,0,0,0,0,0,90000,0,0,0,90000,0,90000,90000
051897,台光電國泰97購01,0,0,0,0,0,0,0,0,0,90000,0,0,0,90000,0,90000,90000
053494,南亞科兆豐96購02,0,0,0,0,0,0,0,0,0,90000,0,0,0,160000,70000,90000,90000
058108,台郡台新99購01  ,0,0,0,0,0,0,0,0,0,90000,0,0,0,90000,0,90000,90000
056717,康友永豐98購01  ,0,0,0,0,0,0,0,0,0,90000,0,0,0,90000,0,90000,90000
060451,中石化元大9C購02,0,0,0,0,0,0,0,0,0,90000,0,0,0,91000,1000,90000,90000
05916P,聯發科元大96售20,0,0,0,0,0,0,0,0,0,90000,0,0,0,114000,24000,90000,90000
057404,貿聯群益99購01  ,0,0,0,0,0,0,0,0,0,90000,0,0,0,120000,30000,90000,90000
08637P,台灣50中信96售03,0,0,0,0,0,0,0,0,0,90000,0,0,0,90000,0,90000,90000
06854P,鴻海富邦99售05  ,0,0,0,0,0,0,0,0,0,90000,0,0,0,90000,0,90000,90000
06777P,鴻海元大99售06  ,0,0,0,0,0,0,0,0,0,90000,0,0,0,90000,0,90000,90000
061754,晶技麥證9B購01  ,0,0,0,89000,0,89000,0,0,0,89000,0,0,0,89000,0,89000,89000
062186,晶技元大9B購05  ,0,0,0,0,0,0,0,0,0,89000,0,0,0,89000,0,89000,89000
054164,強茂凱基98購01  ,0,0,0,0,0,0,0,0,0,89000,0,0,0,105000,16000,89000,89000
057375,欣興元大98購09  ,0,0,0,0,0,0,0,0,0,89000,0,0,0,89000,0,89000,89000
060130,瀚宇博永豐99購02,0,0,0,0,0,0,0,0,0,89000,0,0,0,89000,0,89000,89000
058952,南茂群益99購01  ,0,0,0,0,0,0,0,0,0,89000,0,0,0,94000,5000,89000,89000
07368P,國巨凱基99售19  ,0,0,0,0,0,0,0,0,0,89000,0,0,0,111000,22000,89000,89000
07954P,台表科元大9B售02,0,0,0,0,0,0,0,0,0,89000,0,0,0,89000,0,89000,89000
062313,聯詠凱基9C購01  ,0,0,0,0,0,0,0,0,0,88000,0,0,0,88000,0,88000,88000
056291,聯茂永豐97購03  ,0,0,0,0,0,0,0,0,0,88000,0,0,0,88000,0,88000,88000
057724,亞德客國泰99購01,0,0,0,0,0,0,0,0,0,88000,0,0,0,389000,301000,88000,88000
059063,康控凱基99購04  ,0,0,0,0,0,0,0,0,0,88000,0,0,0,88000,0,88000,88000
059044,聯電日盛99購02  ,0,0,0,0,0,0,0,0,0,88000,0,0,0,88000,0,88000,88000
060410,台苯永豐9A購01  ,0,0,0,0,0,0,0,0,0,88000,0,0,0,88000,0,88000,88000
07728P,臺股指凱基9A售20,0,0,0,0,0,0,0,0,0,88000,0,0,0,102000,14000,88000,88000
061059,世芯國票9B購01  ,0,0,0,0,0,0,0,0,0,87000,0,0,0,97000,10000,87000,87000
060920,超眾富邦9B購01  ,0,0,0,0,0,0,0,0,0,87000,0,0,0,103000,16000,87000,87000
054928,帆宣凱基98購01  ,0,0,0,0,0,0,0,0,0,87000,0,0,0,147000,60000,87000,87000
054852,奇鋐國票98購01  ,0,0,0,0,0,0,0,0,0,87000,0,0,0,87000,0,87000,87000
054058,晶豪科國票98購01,0,0,0,0,0,0,0,0,0,87000,0,0,0,108000,21000,87000,87000
058691,友訊國票9A購01  ,0,0,0,0,0,0,0,0,0,87000,0,0,0,101000,14000,87000,87000
058674,宏達電群益99購01,0,0,0,0,0,0,0,0,0,87000,0,0,0,90000,3000,87000,87000
060266,潤泰全國票9A購01,0,0,0,0,0,0,0,0,0,87000,0,0,0,97000,10000,87000,87000
059077,FBVIX元大99購05 ,0,0,0,0,0,0,0,0,0,87000,0,0,0,104000,17000,87000,87000
059911,國巨元大99購27  ,0,0,0,0,0,0,0,0,0,87000,0,0,0,100000,13000,87000,87000
07040P,台灣50元大9C售02,0,0,0,0,0,0,0,0,0,87000,0,0,0,87000,0,87000,87000
060946,世紀鋼國票9A購02,0,0,0,0,0,0,0,0,0,86000,0,0,0,100000,14000,86000,86000
060698,旺宏國泰9C購01  ,0,0,0,0,0,0,0,0,0,86000,0,0,0,269000,183000,86000,86000
061117,美律國泰9C購01  ,0,0,0,0,0,0,0,0,0,86000,0,0,0,86000,0,86000,86000
062301,聯詠中信05購01  ,0,0,0,0,0,0,0,0,0,86000,0,0,0,110000,24000,86000,86000
053191,奇鋐統一96購01  ,0,0,0,0,0,0,0,0,0,86000,0,0,0,86000,0,86000,86000
055670,矽創群益98購02  ,0,0,0,0,0,0,0,0,0,86000,0,0,0,184000,98000,86000,86000
056641,華通凱基98購03  ,0,0,0,0,0,0,0,0,0,86000,0,0,0,86000,0,86000,86000
060040,康控國票99購04  ,0,0,0,0,0,0,0,0,0,86000,0,0,0,104000,18000,86000,86000
057938,台表科群益98購02,0,0,0,0,0,0,0,0,0,86000,0,0,0,86000,0,86000,86000
057674,台郡元大99購03  ,0,0,0,0,0,0,0,0,0,86000,0,0,0,117000,31000,86000,86000
058051,同欣電元大98購03,0,0,0,0,0,0,0,0,0,86000,0,0,0,129000,43000,86000,86000
058518,玉晶光元大99購13,0,0,0,0,0,0,0,0,0,86000,0,0,0,116000,30000,86000,86000
062850,友訊永豐9B購01  ,0,0,0,0,0,0,0,0,0,85000,0,0,0,85000,0,85000,85000
061126,京元電永豐9A購02,0,0,0,0,0,0,0,0,0,85000,0,0,0,85000,0,85000,85000
060644,泰鼎永豐9A購02  ,0,0,0,0,0,0,0,0,0,85000,0,0,0,87000,2000,85000,85000
060897,健策凱基9A購04  ,0,0,0,0,0,0,0,0,0,85000,0,0,0,104000,19000,85000,85000
061857,康友國票9B購01  ,0,0,0,0,0,0,0,0,0,85000,0,0,0,118000,33000,85000,85000
061878,茂林元大9B購01  ,0,0,0,0,0,0,0,0,0,85000,0,0,0,85000,0,85000,85000
061547,禾伸堂群益9A購01,0,0,0,0,0,0,0,0,0,85000,0,0,0,100000,15000,85000,85000
061560,友達國票9B購01  ,0,0,0,0,0,0,0,0,0,85000,0,0,0,85000,0,85000,85000
054658,道瓊銀元大9A購01,0,0,0,0,0,0,0,0,0,85000,0,0,0,85000,0,85000,85000
055563,智易凱基97購02  ,0,0,0,0,0,0,0,0,0,85000,0,0,0,85000,0,85000,85000
055842,建準元大98購01  ,0,0,0,0,0,0,0,0,0,85000,0,0,0,189000,104000,85000,85000
059480,美律群益9A購01  ,0,0,0,0,0,0,0,0,0,85000,0,0,0,85000,0,85000,85000
058203,信邦凱基99購01  ,0,0,0,0,0,0,0,0,0,85000,0,0,0,86000,1000,85000,85000
06042P,華新科永豐96售04,0,0,0,0,0,0,0,0,0,85000,0,0,0,85000,0,85000,85000
059815,SP黃豆凱基9A購03,0,0,0,0,0,0,0,0,0,85000,0,0,0,85000,0,85000,85000
5269,祥碩            ,355000,260000,95000,0,0,0,0,9000,-9000,-1000,15000,16000,-1000,7000,7000,0,85000
060631,微星富邦9B購01  ,0,0,0,0,0,0,0,0,0,84000,0,0,0,148000,64000,84000,84000
062910,亞光元大9B購01  ,0,0,0,0,0,0,0,0,0,84000,0,0,0,92000,8000,84000,84000
06667P,鴻海凱基98售11  ,0,0,0,0,0,0,0,0,0,84000,0,0,0,94000,10000,84000,84000
055858,聯茂元大97購03  ,0,0,0,0,0,0,0,0,0,84000,0,0,0,84000,0,84000,84000
058364,奇力新凱基99購04,0,0,0,0,0,0,0,0,0,84000,0,0,0,84000,0,84000,84000
056777,矽力元大98購02  ,0,0,0,0,0,0,0,0,0,84000,0,0,0,89000,5000,84000,84000
062213,和大統一9B購02  ,0,0,0,0,0,0,0,0,0,83000,0,0,0,88000,5000,83000,83000
061957,上銀統一01購01  ,0,0,0,0,0,0,0,0,0,83000,0,0,0,93000,10000,83000,83000
055960,義隆元大97購01  ,0,0,0,0,0,0,0,0,0,83000,0,0,0,100000,17000,83000,83000
059276,可成元大99購06  ,0,0,0,0,0,0,0,0,0,83000,0,0,0,404000,321000,83000,83000
054785,建準群益98購01  ,0,0,0,0,0,0,0,0,0,83000,0,0,0,92000,9000,83000,83000
053454,創意統一96購02  ,0,0,0,0,0,0,0,0,0,83000,0,0,0,83000,0,83000,83000
060381,元黃金凱基9A購01,0,0,0,0,0,0,0,0,0,83000,0,0,0,98000,15000,83000,83000
058911,茂林元大99購04  ,0,0,0,0,0,0,0,0,0,83000,0,0,0,103000,20000,83000,83000
057136,立積凱基98購02  ,0,0,0,0,0,0,0,0,0,83000,0,0,0,216000,133000,83000,83000
061803,巨大永豐9B購01  ,0,0,0,0,0,0,0,0,0,82000,0,0,0,88000,6000,82000,82000
060990,新光金元大9B購03,0,0,0,0,0,0,0,0,0,82000,0,0,0,82000,0,82000,82000
062159,聯詠凱基9B購01  ,0,0,0,0,0,0,0,0,0,82000,0,0,0,82000,0,82000,82000
062372,旭富元大9B購01  ,0,0,0,0,0,0,0,0,0,82000,0,0,0,178000,96000,82000,82000
053640,上緯控永豐96購01,0,0,0,0,0,0,0,0,0,82000,0,0,0,83000,1000,82000,82000
052611,力成元大96購02  ,0,0,0,0,0,0,0,0,0,82000,0,0,0,82000,0,82000,82000
056025,嘉晶群益97購01  ,0,0,0,0,0,0,0,0,0,82000,0,0,0,200000,118000,82000,82000
056255,華新科元富97購05,0,0,0,0,0,0,0,0,0,82000,0,0,0,220000,138000,82000,82000
060133,牧德群益9B購01  ,0,0,0,0,0,0,0,0,0,82000,0,0,0,87000,5000,82000,82000
057731,華擎國泰9A購02  ,0,0,0,0,0,0,0,0,0,82000,0,0,0,109000,27000,82000,82000
062384,聯詠國泰9C購01  ,0,0,0,0,0,0,0,0,0,81000,0,0,0,81000,0,81000,81000
062482,台表科國票9B購01,0,0,0,0,0,0,0,0,0,81000,0,0,0,89000,8000,81000,81000
062566,嘉晶中信9C購01  ,0,0,0,0,0,0,0,0,0,81000,0,0,0,427000,346000,81000,81000
061262,智邦凱基9A購02  ,0,0,0,0,0,0,0,0,0,81000,0,0,0,119000,38000,81000,81000
060685,康友元大9A購01  ,0,0,0,0,0,0,0,0,0,81000,0,0,0,103000,22000,81000,81000
061914,台光電中信9B購01,0,0,0,0,0,0,0,0,0,81000,0,0,0,89000,8000,81000,81000
061892,亞德客永豐9B購01,0,0,0,0,0,0,0,0,0,81000,0,0,0,81000,0,81000,81000
054805,台苯元大9A購01  ,0,0,0,0,0,0,0,0,0,81000,0,0,0,81000,0,81000,81000
053637,強茂永豐96購01  ,0,0,0,0,0,0,0,0,0,81000,0,0,0,81000,0,81000,81000
04957P,上証2X凱基96售02,0,0,0,0,0,0,0,0,0,81000,0,0,0,81000,0,81000,81000
058748,景碩凱基9A購01  ,0,0,0,0,0,0,0,0,0,81000,0,0,0,85000,4000,81000,81000
058792,鴻海元大99購18  ,0,0,0,0,0,0,0,0,0,81000,0,0,0,81000,0,81000,81000
060570,南亞科永豐9A購01,0,0,0,0,0,0,0,0,0,81000,0,0,0,81000,0,81000,81000
056981,全新群益99購03  ,0,0,0,0,0,0,0,0,0,81000,0,0,0,81000,0,81000,81000
056984,嘉晶群益98購01  ,0,0,0,0,0,0,0,0,0,81000,0,0,0,225000,144000,81000,81000
058454,嘉晶永豐99購01  ,0,0,0,0,0,0,0,0,0,81000,0,0,0,81000,0,81000,81000
07988P,台積電台新9C售03,0,0,0,0,0,0,0,0,0,81000,0,0,0,121000,40000,81000,81000
08818P,台灣50凱基01售18,0,0,0,0,0,0,0,0,0,81000,0,0,0,81000,0,81000,81000
061619,大立光群益9B購01,0,0,0,0,0,0,0,0,0,80000,0,0,0,219000,139000,80000,80000
060830,T50反1國票9A購07,0,0,0,0,0,0,0,0,0,80000,0,0,0,80000,0,80000,80000
062495,友達中信01購02  ,0,0,0,0,0,0,0,0,0,80000,0,0,0,80000,0,80000,80000
062201,臺指反國票9B購05,0,0,0,0,0,0,0,0,0,80000,0,0,0,80000,0,80000,80000
06477P,緯穎國票99售02  ,0,0,0,0,0,0,0,0,0,80000,0,0,0,80000,0,80000,80000
062761,嘉晶凱基9C購01  ,0,0,0,0,0,0,0,0,0,80000,0,0,0,137000,57000,80000,80000
053507,百和兆豐96購01  ,0,0,0,0,0,0,0,0,0,80000,0,0,0,80000,0,80000,80000
053627,宏碁兆豐97購01  ,0,0,0,0,0,0,0,0,0,80000,0,0,0,80000,0,80000,80000
051902,T50反1元大97購01,0,0,0,0,0,0,0,0,0,80000,0,0,0,80000,0,80000,80000
051743,揚明光國票96購02,0,0,0,0,0,0,0,0,0,80000,0,0,0,80000,0,80000,80000
054090,瑞昱群益97購01  ,0,0,0,0,0,0,0,0,0,80000,0,0,0,100000,20000,80000,80000
055421,玉晶光永豐98購04,0,0,0,0,0,0,0,0,0,80000,0,0,0,100000,20000,80000,80000
052997,國巨康和96購01  ,0,0,0,0,0,0,0,0,0,80000,0,0,0,80000,0,80000,80000
055415,禾伸堂富邦9B購01,0,0,0,0,0,0,0,0,0,80000,0,0,0,176000,96000,80000,80000
054795,合勤控群益98購01,0,0,0,0,0,0,0,0,0,80000,0,0,0,360000,280000,80000,80000
054549,台積電凱基98購01,0,0,0,0,0,0,0,0,0,80000,0,0,0,80000,0,80000,80000
055860,啟碁元大97購04  ,0,0,0,0,0,0,0,0,0,80000,0,0,0,80000,0,80000,80000
057351,奇力新統一98購02,0,0,0,0,0,0,0,0,0,80000,0,0,0,80000,0,80000,80000
057133,京鼎凱基98購02  ,0,0,0,0,0,0,0,0,0,80000,0,0,0,80000,0,80000,80000
058262,大立光富邦9C購02,0,0,0,0,0,0,0,0,0,80000,0,0,0,80000,0,80000,80000
057449,華新科元富99購02,0,0,0,0,0,0,0,0,0,80000,0,0,0,113000,33000,80000,80000
060338,鴻海統一9C購02  ,0,0,0,0,0,0,0,0,0,80000,0,0,0,80000,0,80000,80000
060409,味全永豐9A購01  ,0,0,0,0,0,0,0,0,0,80000,0,0,0,100000,20000,80000,80000
1514,亞力            ,364000,284000,80000,0,0,0,0,0,0,0,0,0,0,0,0,0,80000
07888P,大立光國票9B售01,0,0,0,0,0,0,0,0,0,80000,0,0,0,100000,20000,80000,80000
07035P,大立光元富99售04,0,0,0,0,0,0,0,0,0,80000,0,0,0,119000,39000,80000,80000
07289P,台灣50凱基99售07,0,0,0,0,0,0,0,0,0,80000,0,0,0,80000,0,80000,80000
2472,立隆電          ,265000,190000,75000,0,0,0,0,0,0,5000,6000,1000,5000,0,0,0,80000
062254,台光電元大9B購02,0,0,0,0,0,0,0,0,0,79000,0,0,0,155000,76000,79000,79000
060712,建準永豐9A購01  ,0,0,0,0,0,0,0,0,0,79000,0,0,0,85000,6000,79000,79000
060706,群創富邦9A購01  ,0,0,0,0,0,0,0,0,0,79000,0,0,0,79000,0,79000,79000
061186,牧德國泰9C購01  ,0,0,0,0,0,0,0,0,0,79000,0,0,0,152000,73000,79000,79000
061765,義隆元大9B購01  ,0,0,0,0,0,0,0,0,0,79000,0,0,0,100000,21000,79000,79000
056649,智易凱基98購01  ,0,0,0,0,0,0,0,0,0,79000,0,0,0,106000,27000,79000,79000
054300,華通凱基96購07  ,0,0,0,0,0,0,0,0,0,79000,0,0,0,89000,10000,79000,79000
051741,可成國票97購01  ,0,0,0,0,0,0,0,0,0,79000,0,0,0,79000,0,79000,79000
00638R,元大滬深300反1  ,56000,284000,-228000,0,0,0,0,0,0,307000,0,0,0,580000,273000,307000,79000
060235,瑞昱元大9A購01  ,0,0,0,0,0,0,0,0,0,79000,0,0,0,191000,112000,79000,79000
058720,旭富元富99購01  ,0,0,0,0,0,0,0,0,0,79000,0,0,0,204000,125000,79000,79000
058359,瑞昱凱基99購01  ,0,0,0,0,0,0,0,0,0,79000,0,0,0,79000,0,79000,79000
07257P,臺股指凱基99售37,0,0,0,0,0,0,0,0,0,79000,0,0,0,190000,111000,79000,79000
1513,中興電          ,389000,375000,14000,0,0,0,0,0,0,65000,63000,6000,57000,15000,7000,8000,79000
061372,世紀鋼國泰9C購01,0,0,0,0,0,0,0,0,0,78000,0,0,0,321000,243000,78000,78000
060754,華通元大9A購04  ,0,0,0,0,0,0,0,0,0,78000,0,0,0,78000,0,78000,78000
062273,國巨群益9C購02  ,0,0,0,0,0,0,0,0,0,78000,0,0,0,78000,0,78000,78000
062666,和碩群益9B購01  ,0,0,0,0,0,0,0,0,0,78000,0,0,0,78000,0,78000,78000
06425P,TPK永豐97售02   ,0,0,0,0,0,0,0,0,0,78000,0,0,0,78000,0,78000,78000
053568,智伸科富邦98購01,0,0,0,0,0,0,0,0,0,78000,0,0,0,105000,27000,78000,78000
053385,聯詠元大96購02  ,0,0,0,0,0,0,0,0,0,78000,0,0,0,78000,0,78000,78000
052328,台表科中信99購01,0,0,0,0,0,0,0,0,0,78000,0,0,0,922000,844000,78000,78000
056351,鴻海元大98購06  ,0,0,0,0,0,0,0,0,0,78000,0,0,0,78000,0,78000,78000
059254,台表科凱基9A購02,0,0,0,0,0,0,0,0,0,78000,0,0,0,88000,10000,78000,78000
060030,晶相光永豐99購03,0,0,0,0,0,0,0,0,0,78000,0,0,0,78000,0,78000,78000
058082,美律群益98購05  ,0,0,0,0,0,0,0,0,0,78000,0,0,0,78000,0,78000,78000
059100,元油2X統一9C購02,0,0,0,0,0,0,0,0,0,78000,0,0,0,233000,155000,78000,78000
057705,臺股指群益98購05,0,0,0,0,0,0,0,0,0,78000,0,0,0,142000,64000,78000,78000
060303,宏達電富邦9B購01,0,0,0,0,0,0,0,0,0,78000,0,0,0,78000,0,78000,78000
060364,奇力新元富9A購01,0,0,0,0,0,0,0,0,0,78000,0,0,0,162000,84000,78000,78000
058649,健策永豐99購01  ,0,0,0,0,0,0,0,0,0,78000,0,0,0,79000,1000,78000,78000
062082,嘉晶元大9B購01  ,0,0,0,0,0,0,0,0,0,77000,0,0,0,87000,10000,77000,77000
062031,臻鼎群益9B購01  ,0,0,0,0,0,0,0,0,0,77000,0,0,0,134000,57000,77000,77000
061960,國巨統一01購05  ,0,0,0,0,0,0,0,0,0,77000,0,0,0,112000,35000,77000,77000
060169,群電永豐9A購01  ,0,0,0,0,0,0,0,0,0,77000,0,0,0,81000,4000,77000,77000
056921,京元電兆豐98購01,0,0,0,0,0,0,0,0,0,77000,0,0,0,147000,70000,77000,77000
060110,茂林元大99購06  ,0,0,0,0,0,0,0,0,0,77000,0,0,0,97000,20000,77000,77000
056949,義隆統一98購01  ,0,0,0,0,0,0,0,0,0,77000,0,0,0,82000,5000,77000,77000
056971,麗豐永豐98購01  ,0,0,0,0,0,0,0,0,0,77000,0,0,0,81000,4000,77000,77000
057863,美律凱基9A購01  ,0,0,0,0,0,0,0,0,0,77000,0,0,0,77000,0,77000,77000
3024,憶聲            ,113000,36000,77000,0,0,0,0,0,0,0,0,0,0,0,0,0,77000
060966,台表科凱基9B購01,0,0,0,0,0,0,0,0,0,76000,0,0,0,86000,10000,76000,76000
059346,新日興凱基99購03,0,0,0,0,0,0,0,0,0,76000,0,0,0,80000,4000,76000,76000
054053,聯茂元大96購01  ,0,0,0,0,0,0,0,0,0,76000,0,0,0,141000,65000,76000,76000
054378,楠梓電群益98購01,0,0,0,0,0,0,0,0,0,76000,0,0,0,155000,79000,76000,76000
058344,旺宏群益99購05  ,0,0,0,0,0,0,0,0,0,76000,0,0,0,88000,12000,76000,76000
07947P,國巨統一9B售12  ,0,0,0,0,0,0,0,0,0,76000,0,0,0,100000,24000,76000,76000
07630P,臺股指凱基9A售11,0,0,0,0,0,0,0,0,0,76000,0,0,0,123000,47000,76000,76000
060993,健策元大9B購03  ,0,0,0,0,0,0,0,0,0,75000,0,0,0,76000,1000,75000,75000
061036,晶技永豐9A購03  ,0,0,0,0,0,0,0,0,0,75000,0,0,0,75000,0,75000,75000
060640,京鼎永豐9A購01  ,0,0,0,0,0,0,0,0,0,75000,0,0,0,75000,0,75000,75000
061499,嘉晶國票9A購03  ,0,0,0,0,0,0,0,0,0,75000,0,0,0,77000,2000,75000,75000
062559,嘉晶凱基9B購02  ,0,0,0,0,0,0,0,0,0,75000,0,0,0,291000,216000,75000,75000
062500,國巨群益01購01  ,0,0,0,0,0,0,0,0,0,75000,0,0,0,77000,2000,75000,75000
062766,台郡凱基9B購02  ,0,0,0,0,0,0,0,0,0,75000,0,0,0,173000,98000,75000,75000
053784,奇力新元大97購02,0,0,0,0,0,0,0,0,0,75000,0,0,0,75000,0,75000,75000
059646,聯茂凱基99購06  ,0,0,0,0,0,0,0,0,0,75000,0,0,0,96000,21000,75000,75000
056124,華通國票98購02  ,0,0,0,0,0,0,0,0,0,75000,0,0,0,75000,0,75000,75000
056083,億光統一97購03  ,0,0,0,0,0,0,0,0,0,75000,0,0,0,123000,48000,75000,75000
055607,華通康和97購01  ,0,0,0,0,0,0,0,0,0,75000,0,0,0,75000,0,75000,75000
054967,神達元大97購01  ,0,0,0,0,0,0,0,0,0,75000,0,0,0,75000,0,75000,75000
057061,華擎國泰9A購01  ,0,0,0,0,0,0,0,0,0,75000,0,0,0,75000,0,75000,75000
057916,國巨凱基98購13  ,0,0,0,0,0,0,0,0,0,75000,0,0,0,75000,0,75000,75000
057990,美律統一99購02  ,0,0,0,0,0,0,0,0,0,75000,0,0,0,75000,0,75000,75000
059955,美食康和99購01  ,0,0,0,0,0,0,0,0,0,75000,0,0,0,82000,7000,75000,75000
060475,瑞祺元大9A購01  ,0,0,0,0,0,0,0,0,0,75000,0,0,0,124000,49000,75000,75000
063023,華擎元大9B購02  ,0,0,0,0,0,0,0,0,0,74000,0,0,0,96000,22000,74000,74000
061871,瑞昱元大9B購01  ,0,0,0,0,0,0,0,0,0,74000,0,0,0,153000,79000,74000,74000
059252,聯詠凱基99購03  ,0,0,0,0,0,0,0,0,0,74000,0,0,0,89000,15000,74000,74000
059274,國巨元大99購22  ,0,0,0,0,0,0,0,0,0,74000,0,0,0,196000,122000,74000,74000
053645,臺股指國票96購08,0,0,0,0,0,0,0,0,0,74000,0,0,0,75000,1000,74000,74000
00739,元大MSCI A股    ,7000,7000,0,0,0,0,0,0,0,74000,0,0,0,598000,524000,74000,74000
052701,群創國票96購01  ,0,0,0,0,0,0,0,0,0,74000,0,0,0,74000,0,74000,74000
056919,英業達兆豐98購01,0,0,0,0,0,0,0,0,0,74000,0,0,0,187000,113000,74000,74000
060399,康友國票9A購02  ,0,0,0,0,0,0,0,0,0,74000,0,0,0,95000,21000,74000,74000
060092,瑞昱元大99購03  ,0,0,0,0,0,0,0,0,0,74000,0,0,0,162000,88000,74000,74000
058238,奇鋐元大99購02  ,0,0,0,0,0,0,0,0,0,74000,0,0,0,83000,9000,74000,74000
058289,奇鋐國票9A購01  ,0,0,0,0,0,0,0,0,0,74000,0,0,0,78000,4000,74000,74000
07627P,超眾凱基9A售02  ,0,0,0,0,0,0,0,0,0,74000,0,0,0,184000,110000,74000,74000
061886,力山國泰01購01  ,0,0,0,0,0,0,0,0,0,73000,0,0,0,1387000,1314000,73000,73000
061783,友達群益9B購01  ,0,0,0,0,0,0,0,0,0,73000,0,0,0,83000,10000,73000,73000
061327,台郡凱基9A購02  ,0,0,0,0,0,0,0,0,0,73000,0,0,0,82000,9000,73000,73000
062884,康控兆豐9C購01  ,0,0,0,0,0,0,0,0,0,73000,0,0,0,173000,100000,73000,73000
054265,GIS元大96購03   ,0,0,0,0,0,0,0,0,0,73000,0,0,0,114000,41000,73000,73000
060382,儒鴻凱基9A購01  ,0,0,0,0,0,0,0,0,0,73000,0,0,0,112000,39000,73000,73000
060505,友達元大9C購05  ,0,0,0,0,0,0,0,0,0,73000,0,0,0,83000,10000,73000,73000
060297,和碩元大9A購02  ,0,0,0,0,0,0,0,0,0,73000,0,0,0,141000,68000,73000,73000
056745,聯茂凱基99購03  ,0,0,0,0,0,0,0,0,0,73000,0,0,0,73000,0,73000,73000
3090,日電貿          ,375000,303000,72000,0,0,0,0,0,0,1000,8000,1000,7000,15000,21000,-6000,73000
06668P,祥碩凱基98售02  ,0,0,0,0,0,0,0,0,0,72000,0,0,0,203000,131000,72000,72000
061421,台積電元大9A購29,0,0,0,0,0,0,0,0,0,72000,0,0,0,72000,0,72000,72000
061501,嘉澤國票9A購01  ,0,0,0,0,0,0,0,0,0,72000,0,0,0,75000,3000,72000,72000
061085,聯茂兆豐9A購01  ,0,0,0,0,0,0,0,0,0,72000,0,0,0,72000,0,72000,72000
054298,台表科元大97購03,0,0,0,0,0,0,0,0,0,72000,0,0,0,83000,11000,72000,72000
056480,京鼎元大98購02  ,0,0,0,0,0,0,0,0,0,72000,0,0,0,72000,0,72000,72000
059460,GIS永豐99購02   ,0,0,0,0,0,0,0,0,0,72000,0,0,0,84000,12000,72000,72000
05590P,臺股指中信96售05,0,0,0,0,0,0,0,0,0,72000,0,0,0,76000,4000,72000,72000
056157,聯詠凱基97購03  ,0,0,0,0,0,0,0,0,0,72000,0,0,0,72000,0,72000,72000
060573,力成永豐9A購01  ,0,0,0,0,0,0,0,0,0,72000,0,0,0,74000,2000,72000,72000
058670,鴻海群益9A購03  ,0,0,0,0,0,0,0,0,0,72000,0,0,0,79000,7000,72000,72000
059626,台積電凱基01購01,0,0,0,0,0,0,0,0,0,72000,0,0,0,84000,12000,72000,72000
059878,聯茂凱基99購07  ,0,0,0,0,0,0,0,0,0,72000,0,0,0,154000,82000,72000,72000
07312P,台灣50元大99售10,0,0,0,0,0,0,0,0,0,72000,0,0,0,72000,0,72000,72000
07131P,緯穎元大99售06  ,0,0,0,0,0,0,0,0,0,72000,0,0,0,76000,4000,72000,72000
060959,金像電凱基9A購01,0,0,0,0,0,0,0,0,0,71000,0,0,0,357000,286000,71000,71000
055172,凱美統一97購02  ,0,0,0,0,0,0,0,0,0,71000,0,0,0,71000,0,71000,71000
05574P,英業達元富96售01,0,0,0,0,0,0,0,0,0,71000,0,0,0,71000,0,71000,71000
060601,技嘉凱基9A購02  ,0,0,0,0,0,0,0,0,0,71000,0,0,0,117000,46000,71000,71000
059706,嘉晶凱基99購01  ,0,0,0,0,0,0,0,0,0,71000,0,0,0,72000,1000,71000,71000
061491,嘉聯益兆豐9B購01,0,0,0,0,0,0,0,0,0,70000,0,0,0,75000,5000,70000,70000
062398,建準永豐9B購01  ,0,17000,-17000,0,0,0,0,0,0,87000,0,0,0,116000,29000,87000,70000
062632,嘉晶國票9B購01  ,0,0,0,0,0,0,0,0,0,70000,0,0,0,72000,2000,70000,70000
062643,緯穎國票9B購01  ,0,0,0,0,0,0,0,0,0,70000,0,0,0,147000,77000,70000,70000
062108,晶豪科國票9B購01,0,0,0,0,0,0,0,0,0,70000,0,0,0,141000,71000,70000,70000
055687,瀚宇博凱基97購01,0,0,0,0,0,0,0,0,0,70000,0,0,0,70000,0,70000,70000
056673,中石化元富9B購01,0,0,0,0,0,0,0,0,0,70000,0,0,0,70000,0,70000,70000
054525,奇鋐元富96購01  ,0,0,0,0,0,0,0,0,0,70000,0,0,0,70000,0,70000,70000
055198,奇力新第一97購01,0,0,0,0,0,0,0,0,0,70000,0,0,0,70000,0,70000,70000
054935,華通元大98購03  ,0,0,0,0,0,0,0,0,0,70000,0,0,0,97000,27000,70000,70000
055845,大立光元大97購08,0,0,0,0,0,0,0,0,0,70000,0,0,0,100000,30000,70000,70000
056021,興富發群益97購01,0,0,0,0,0,0,0,0,0,70000,0,0,0,100000,30000,70000,70000
055976,台積電統一99購03,0,0,0,0,0,0,0,0,0,70000,0,0,0,100000,30000,70000,70000
052809,訊芯元大97購01  ,0,0,0,0,0,0,0,0,0,70000,0,0,0,90000,20000,70000,70000
052838,新唐國泰98購01  ,0,0,0,0,0,0,0,0,0,70000,0,0,0,100000,30000,70000,70000
03670C,元油2X元富99牛01,0,0,0,0,0,0,0,0,0,70000,0,0,0,70000,0,70000,70000
059055,旺宏凱基9B購02  ,0,0,0,0,0,0,0,0,0,70000,0,0,0,70000,0,70000,70000
059004,嘉晶元大99購05  ,0,0,0,0,0,0,0,0,0,70000,0,0,0,175000,105000,70000,70000
058773,和碩兆豐99購01  ,0,0,0,0,0,0,0,0,0,70000,0,0,0,70000,0,70000,70000
059869,友達凱基99購07  ,0,0,0,0,0,0,0,0,0,70000,0,0,0,74000,4000,70000,70000
07524P,臺股指中信9B售06,0,0,0,0,0,0,0,0,0,70000,0,0,0,80000,10000,70000,70000
07842P,力成元大9A售01  ,0,0,0,0,0,0,0,0,0,70000,0,0,0,164000,94000,70000,70000
061621,健策群益9A購05  ,0,0,0,0,0,0,0,0,0,69000,0,0,0,299000,230000,69000,69000
061633,統一元大9A購01  ,0,0,0,0,0,0,0,0,0,69000,0,0,0,97000,28000,69000,69000
061793,上銀永豐9B購01  ,0,0,0,0,0,0,0,0,0,69000,0,0,0,69000,0,69000,69000
061853,晶技國票9B購02  ,0,0,0,0,0,0,0,0,0,69000,0,0,0,69000,0,69000,69000
061284,友達統一9C購01  ,0,0,0,0,0,0,0,0,0,69000,0,0,0,117000,48000,69000,69000
060696,道瓊反國泰9C購01,0,0,0,0,0,0,0,0,0,69000,0,0,0,200000,131000,69000,69000
047213,新日興富邦97購01,0,0,0,0,0,0,0,0,0,69000,0,0,0,289000,220000,69000,69000
056160,智易凱基97購03  ,0,0,0,0,0,0,0,0,0,69000,0,0,0,69000,0,69000,69000
056651,聯茂凱基98購04  ,0,0,0,0,0,0,0,0,0,69000,0,0,0,79000,10000,69000,69000
058010,帆宣國票98購01  ,0,0,0,0,0,0,0,0,0,69000,0,0,0,69000,0,69000,69000
057972,群創富邦9C購01  ,0,0,0,0,0,0,0,0,0,69000,0,0,0,69000,0,69000,69000
057334,技嘉國票98購02  ,0,0,0,0,0,0,0,0,0,69000,0,0,0,78000,9000,69000,69000
058847,國巨群益99購05  ,0,0,0,0,0,0,0,0,0,69000,0,0,0,80000,11000,69000,69000
058925,旭富元富99購02  ,0,0,0,0,0,0,0,0,0,69000,0,0,0,128000,59000,69000,69000
060537,台灣50凱基9B購01,0,0,0,0,0,0,0,0,0,69000,0,0,0,70000,1000,69000,69000
056783,國巨群益99購01  ,0,0,0,0,0,0,0,0,0,69000,0,0,0,69000,0,69000,69000
060736,旺宏統一01購01  ,0,0,0,0,0,0,0,0,0,68000,0,0,0,102000,34000,68000,68000
061207,美律元大9A購04  ,0,0,0,0,0,0,0,0,0,68000,0,0,0,68000,0,68000,68000
061768,晶技元大9B購02  ,0,0,0,0,0,0,0,0,0,68000,0,0,0,68000,0,68000,68000
062158,禾伸堂凱基9B購01,0,0,0,0,0,0,0,0,0,68000,0,0,0,68000,0,68000,68000
062185,禾伸堂元大9B購01,0,0,0,0,0,0,0,0,0,68000,0,0,0,68000,0,68000,68000
062862,瑞儀國票9B購01  ,0,0,0,0,0,0,0,0,0,68000,0,0,0,164000,96000,68000,68000
056203,興富發永豐97購01,0,0,0,0,0,0,0,0,0,68000,0,0,0,68000,0,68000,68000
056307,貿聯元大97購05  ,0,0,0,0,0,0,0,0,0,68000,0,0,0,68000,0,68000,68000
053112,中磊兆豐97購01  ,0,0,0,0,0,0,0,0,0,68000,0,0,0,68000,0,68000,68000
058687,聯茂凱基9A購01  ,0,0,0,0,0,0,0,0,0,68000,0,0,0,108000,40000,68000,68000
058705,長榮航元大99購01,0,0,0,0,0,0,0,0,0,68000,0,0,0,68000,0,68000,68000
060164,合勤控永豐9A購01,0,0,0,0,0,0,0,0,0,68000,0,0,0,100000,32000,68000,68000
060434,台汽電永豐9A購01,0,0,0,0,0,0,0,0,0,68000,0,0,0,183000,115000,68000,68000
058995,台達電元大99購01,0,0,0,0,0,0,0,0,0,68000,0,0,0,68000,0,68000,68000
058749,康控凱基99購03  ,0,0,0,0,0,0,0,0,0,68000,0,0,0,68000,0,68000,68000
058190,貿聯永豐99購01  ,0,0,0,0,0,0,0,0,0,68000,0,0,0,68000,0,68000,68000
058512,宏達電元大99購04,0,0,0,0,0,0,0,0,0,68000,0,0,0,69000,1000,68000,68000
057960,聯鈞元大98購02  ,0,0,0,0,0,0,0,0,0,68000,0,0,0,68000,0,68000,68000
057072,日月光永豐98購01,0,0,0,0,0,0,0,0,0,68000,0,0,0,117000,49000,68000,68000
058318,致茂永豐9A購01  ,0,0,0,0,0,0,0,0,0,68000,0,0,0,78000,10000,68000,68000
058239,景碩元大99購03  ,0,0,0,0,0,0,0,0,0,68000,0,0,0,68000,0,68000,68000
058266,宏達電永豐99購01,0,0,0,0,0,0,0,0,0,68000,0,0,0,68000,0,68000,68000
1217,愛之味          ,367000,299000,68000,0,0,0,0,0,0,0,0,0,0,0,0,0,68000
06960P,國巨凱基99售08  ,0,0,0,0,0,0,0,0,0,68000,0,0,0,68000,0,68000,68000
062528,全新統一9C購01  ,0,0,0,0,0,0,0,0,0,67000,0,0,0,67000,0,67000,67000
062450,臻鼎元大9B購02  ,0,0,0,0,0,0,0,0,0,67000,0,0,0,86000,19000,67000,67000
052456,滬深2X元富9B購03,0,0,0,0,0,0,0,0,0,67000,0,0,0,67000,0,67000,67000
051745,玉晶光國泰97購06,0,0,0,0,0,0,0,0,0,67000,0,0,0,70000,3000,67000,67000
054354,技嘉富邦97購01  ,0,0,0,0,0,0,0,0,0,67000,0,0,0,87000,20000,67000,67000
056407,嘉晶國票99購01  ,0,0,0,0,0,0,0,0,0,67000,0,0,0,71000,4000,67000,67000
054970,帆宣元大97購01  ,0,0,0,0,0,0,0,0,0,67000,0,0,0,199000,132000,67000,67000
058207,南茂凱基99購01  ,0,0,0,0,0,0,0,0,0,67000,0,0,0,284000,217000,67000,67000
060281,卜蜂元大9C購01  ,0,0,0,0,0,0,0,0,0,67000,0,0,0,89000,22000,67000,67000
06616P,國巨元大98售15  ,0,0,0,0,0,0,0,0,0,66000,0,0,0,66000,0,66000,66000
06431P,新日興元大97售05,0,0,0,0,0,0,0,0,0,66000,0,0,0,92000,26000,66000,66000
061039,台表科永豐9A購03,0,0,0,0,0,0,0,0,0,66000,0,0,0,66000,0,66000,66000
054556,世芯凱基99購01  ,0,0,0,0,0,0,0,0,0,66000,0,0,0,66000,0,66000,66000
059513,揚明光永豐99購01,0,0,0,0,0,0,0,0,0,66000,0,0,0,66000,0,66000,66000
060546,旺宏凱基9A購02  ,0,0,0,0,0,0,0,0,0,66000,0,0,0,114000,48000,66000,66000
058908,貿聯元大99購03  ,0,0,0,0,0,0,0,0,0,66000,0,0,0,76000,10000,66000,66000
058240,景碩元大99購04  ,0,0,0,0,0,0,0,0,0,66000,0,0,0,66000,0,66000,66000
058248,聯茂元大99購05  ,0,0,0,0,0,0,0,0,0,66000,0,0,0,116000,50000,66000,66000
057171,台光電元大9B購01,0,0,0,0,0,0,0,0,0,66000,0,0,0,66000,0,66000,66000
057985,華通元富02購03  ,0,0,0,0,0,0,0,0,0,66000,0,0,0,137000,71000,66000,66000
07280P,FBVIX凱基99售01 ,0,0,0,0,0,0,0,0,0,66000,0,0,0,66000,0,66000,66000
07385P,緯穎群益99售04  ,0,0,0,0,0,0,0,0,0,66000,0,0,0,119000,53000,66000,66000
061155,華新科群益9A購06,0,0,0,0,0,0,0,0,0,65000,0,0,0,65000,0,65000,65000
061535,群創統一9C購01  ,0,0,0,0,0,0,0,0,0,65000,0,0,0,70000,5000,65000,65000
059500,鴻海元富99購11  ,0,0,0,0,0,0,0,0,0,65000,0,0,0,65000,0,65000,65000
054590,嘉聯益國泰98購01,0,0,0,0,0,0,0,0,0,65000,0,0,0,65000,0,65000,65000
055426,旺宏群益99購02  ,0,0,0,0,0,0,0,0,0,65000,0,0,0,72000,7000,65000,65000
052734,台表科國泰98購02,0,0,0,0,0,0,0,0,0,65000,0,0,0,65000,0,65000,65000
053050,華通國票97購02  ,0,0,0,0,0,0,0,0,0,65000,0,0,0,65000,0,65000,65000
053083,中環元大99購01  ,0,0,0,0,0,0,0,0,0,65000,0,0,0,90000,25000,65000,65000
047420,全新富邦97購01  ,0,0,0,0,0,0,0,0,0,65000,0,0,0,65000,0,65000,65000
053671,可成統一96購03  ,0,0,0,0,0,0,0,0,0,65000,0,0,0,70000,5000,65000,65000
053502,智伸科兆豐97購01,0,0,0,0,0,0,0,0,0,65000,0,0,0,115000,50000,65000,65000
057991,健策統一9C購01  ,0,0,0,0,0,0,0,0,0,65000,0,0,0,88000,23000,65000,65000
057556,智易凱基99購01  ,0,0,0,0,0,0,0,0,0,65000,0,0,0,107000,42000,65000,65000
058422,百和麥證99購01  ,0,0,0,65000,0,65000,0,0,0,65000,0,0,0,65000,0,65000,65000
058222,玉晶光統一9B購01,0,0,0,0,0,0,0,0,0,65000,0,0,0,95000,30000,65000,65000
059147,矽創國票99購01  ,0,0,0,0,0,0,0,0,0,65000,0,0,0,65000,0,65000,65000
060015,國巨康和99購03  ,0,0,0,0,0,0,0,0,0,65000,0,0,0,100000,35000,65000,65000
060472,中租元大9A購02  ,0,0,0,0,0,0,0,0,0,65000,0,0,0,70000,5000,65000,65000
060253,昇陽半元大9C購01,0,0,0,0,0,0,0,0,0,65000,0,0,0,85000,20000,65000,65000
060296,和碩元大9A購01  ,0,0,0,0,0,0,0,0,0,65000,0,0,0,65000,0,65000,65000
057733,嘉聯益國泰99購01,0,0,0,0,0,0,0,0,0,65000,0,0,0,65000,0,65000,65000
07434P,臺股指國票9A售06,0,0,0,0,0,0,0,0,0,65000,0,0,0,65000,0,65000,65000
07241P,台灣50國票9A售05,0,0,0,0,0,0,0,0,0,65000,0,0,0,65000,0,65000,65000
06163P,聯詠群益97售01  ,0,0,0,0,0,0,0,0,0,64000,0,0,0,94000,30000,64000,64000
061058,健策國票9A購05  ,0,0,0,0,0,0,0,0,0,64000,0,0,0,66000,2000,64000,64000
05201P,玉晶光國泰97售02,0,0,0,0,0,0,0,0,0,64000,0,0,0,64000,0,64000,64000
055380,智易元大98購02  ,0,0,0,0,0,0,0,0,0,64000,0,0,0,114000,50000,64000,64000
056809,旺宏統一98購03  ,0,0,0,0,0,0,0,0,0,64000,0,0,0,84000,20000,64000,64000
060186,義隆元富9A購01  ,0,0,0,0,0,0,0,0,0,64000,0,0,0,84000,20000,64000,64000
057641,旺宏元大98購10  ,0,0,0,0,0,0,0,0,0,64000,0,0,0,76000,12000,64000,64000
058550,南亞科永豐99購01,0,0,0,0,0,0,0,0,0,64000,0,0,0,64000,0,64000,64000
059945,嘉澤永豐99購03  ,0,0,0,0,0,0,0,0,0,64000,0,0,0,64000,0,64000,64000
059998,華航元富99購02  ,0,0,0,0,0,0,0,0,0,64000,0,0,0,64000,0,64000,64000
06904P,TPK凱基98售03   ,0,0,0,0,0,0,0,0,0,64000,0,0,0,70000,6000,64000,64000
061433,華通麥證9A購03  ,0,0,0,65000,2000,63000,0,0,0,63000,0,0,0,65000,2000,63000,63000
061324,華新科凱基9C購01,0,0,0,0,0,0,0,0,0,63000,0,0,0,63000,0,63000,63000
055381,茂林元大97購02  ,0,0,0,0,0,0,0,0,0,63000,0,0,0,77000,14000,63000,63000
054890,聯鈞統一99購01  ,0,0,0,0,0,0,0,0,0,63000,0,0,0,63000,0,63000,63000
054477,聯發科中信9C購02,0,0,0,0,0,0,0,0,0,63000,0,0,0,63000,0,63000,63000
056287,亞光永豐97購02  ,0,0,0,0,0,0,0,0,0,63000,0,0,0,80000,17000,63000,63000
056279,新日興富邦99購01,0,0,0,0,0,0,0,0,0,63000,0,0,0,78000,15000,63000,63000
052076,可成元富98購01  ,0,0,0,0,0,0,0,0,0,63000,0,0,0,64000,1000,63000,63000
00680L,元大美債20正2   ,0,0,0,0,0,0,0,0,0,63000,0,0,0,109000,46000,63000,63000
059940,微星永豐99購01  ,0,0,0,0,0,0,0,0,0,63000,0,0,0,118000,55000,63000,63000
060125,強茂永豐99購01  ,0,0,0,0,0,0,0,0,0,63000,0,0,0,63000,0,63000,63000
057101,新光金中信9A購01,0,0,0,0,0,0,0,0,0,63000,0,0,0,73000,10000,63000,63000
057221,華通國票98購03  ,0,0,0,0,0,0,0,0,0,63000,0,0,0,63000,0,63000,63000
058189,嘉澤永豐99購01  ,0,0,0,0,0,0,0,0,0,63000,0,0,0,137000,74000,63000,63000
058096,南電元大98購04  ,0,0,0,0,0,0,0,0,0,63000,0,0,0,77000,14000,63000,63000
057647,欣興元大98購10  ,0,0,0,0,0,0,0,0,0,63000,0,0,0,93000,30000,63000,63000
057798,貿聯兆豐99購01  ,0,0,0,0,0,0,0,0,0,63000,0,0,0,130000,67000,63000,63000
060212,華航康和9A購01  ,0,0,0,0,0,0,0,0,0,63000,0,0,0,111000,48000,63000,63000
08057P,京鼎群益9B售01  ,0,0,0,0,0,0,0,0,0,63000,0,0,0,95000,32000,63000,63000
061624,中租群益9A購01  ,0,0,0,0,0,0,0,0,0,62000,0,0,0,62000,0,62000,62000
06168P,台表科國票97售06,0,0,0,0,0,0,0,0,0,62000,0,0,0,120000,58000,62000,62000
061749,群創統一9C購02  ,0,0,0,0,0,0,0,0,0,62000,0,0,0,110000,48000,62000,62000
061145,臻鼎中信9A購02  ,0,0,0,0,0,0,0,0,0,62000,0,0,0,147000,85000,62000,62000
060806,華新科群益9A購03,0,0,0,0,0,0,0,0,0,62000,0,0,0,64000,2000,62000,62000
062813,台積電兆豐9B購01,0,0,0,0,0,0,0,0,0,62000,0,0,0,63000,1000,62000,62000
053744,台郡國票97購03  ,0,0,0,0,0,0,0,0,0,62000,0,0,0,100000,38000,62000,62000
053810,台達電群益96購01,0,0,0,0,0,0,0,0,0,62000,0,0,0,62000,0,62000,62000
055374,明泰元大97購01  ,0,0,0,0,0,0,0,0,0,62000,0,0,0,62000,0,62000,62000
055318,華通國票98購01  ,0,0,0,0,0,0,0,0,0,62000,0,0,0,97000,35000,62000,62000
059829,超眾凱基99購05  ,0,0,0,0,0,0,0,0,0,62000,0,0,0,62000,0,62000,62000
06780P,義隆元大98售02  ,0,0,0,0,0,0,0,0,0,62000,0,0,0,230000,168000,62000,62000
06879P,長榮航凱基98售02,0,0,0,0,0,0,0,0,0,62000,0,0,0,62000,0,62000,62000
062163,大毅國泰01購01  ,0,0,0,0,0,0,0,0,0,61000,0,0,0,91000,30000,61000,61000
061395,健策統一9C購02  ,0,0,0,0,0,0,0,0,0,61000,0,0,0,330000,269000,61000,61000
054750,聯茂凱基98購02  ,0,0,0,0,0,0,0,0,0,61000,0,0,0,61000,0,61000,61000
056622,高鐵永豐98購01  ,0,0,0,0,0,0,0,0,0,61000,0,0,0,129000,68000,61000,61000
056378,欣興元富98購01  ,0,0,0,0,0,0,0,0,0,61000,0,0,0,61000,0,61000,61000
00668,國泰美國道瓊    ,0,0,0,0,0,0,0,0,0,61000,0,0,0,95000,34000,61000,61000
052640,台表科凱基97購01,0,0,0,0,0,0,0,0,0,61000,0,0,0,61000,0,61000,61000
052888,台表科中信9A購01,0,0,0,0,0,0,0,0,0,61000,0,0,0,61000,0,61000,61000
054363,世芯凱基97購01  ,0,0,0,0,0,0,0,0,0,61000,0,0,0,77000,16000,61000,61000
057436,義隆國票99購02  ,0,0,0,0,0,0,0,0,0,61000,0,0,0,61000,0,61000,61000
05958P,聯發科國票97售04,0,0,0,0,0,0,0,0,0,61000,0,0,0,72000,11000,61000,61000
057958,禾伸堂元大99購05,0,0,0,0,0,0,0,0,0,61000,0,0,0,61000,0,61000,61000
056769,國產元大98購01  ,0,0,0,0,0,0,0,0,0,61000,0,0,0,223000,162000,61000,61000
058947,SGBR2X群益9B購02,0,0,0,0,0,0,0,0,0,61000,0,0,0,279000,218000,61000,61000
07815P,美律群益9A售04  ,0,0,0,0,0,0,0,0,0,61000,0,0,0,128000,67000,61000,61000
061414,牧德群益9B購02  ,0,0,0,0,0,0,0,0,0,60000,0,0,0,63000,3000,60000,60000
060611,同欣電凱基9A購02,0,0,0,0,0,0,0,0,0,60000,0,0,0,321000,261000,60000,60000
060981,旺宏元大9A購08  ,0,0,0,0,0,0,0,0,0,60000,0,0,0,93000,33000,60000,60000
062084,台郡元大9B購04  ,0,0,0,0,0,0,0,0,0,60000,0,0,0,105000,45000,60000,60000
062435,國巨元大9B購13  ,0,0,0,0,0,0,0,0,0,60000,0,0,0,60000,0,60000,60000
062540,茂林國泰9C購01  ,0,0,0,0,0,0,0,0,0,60000,0,0,0,236000,176000,60000,60000
062544,信錦永豐9B購01  ,0,0,0,0,0,0,0,0,0,60000,0,0,0,60000,0,60000,60000
062522,同欣電元大9B購02,0,0,0,0,0,0,0,0,0,60000,0,0,0,276000,216000,60000,60000
054268,健策第一96購01  ,0,0,0,0,0,0,0,0,0,60000,0,0,0,60000,0,60000,60000
054215,創意國票97購02  ,0,0,0,0,0,0,0,0,0,60000,0,0,0,60000,0,60000,60000
052112,滬深2X中信99購01,0,0,0,0,0,0,0,0,0,60000,0,0,0,80000,20000,60000,60000
052044,華通凱基97購01  ,60000,0,60000,0,0,0,0,0,0,0,0,0,0,0,0,0,60000
054061,晶技國票97購03  ,0,0,0,0,0,0,0,0,0,60000,0,0,0,60000,0,60000,60000
049763,美食國泰96購01  ,0,0,0,0,0,0,0,0,0,60000,0,0,0,60000,0,60000,60000
053896,麗豐群益97購01  ,0,0,0,0,0,0,0,0,0,60000,0,0,0,60000,0,60000,60000
04831P,聯詠富邦96售01  ,0,0,0,0,0,0,0,0,0,60000,0,0,0,60000,0,60000,60000
059474,元石油群益99購01,0,0,0,0,0,0,0,0,0,60000,0,0,0,60000,0,60000,60000
056603,嘉聯益國泰9A購01,0,0,0,0,0,0,0,0,0,60000,0,0,0,60000,0,60000,60000
055703,緯穎富邦98購01  ,0,0,0,0,0,0,0,0,0,60000,0,0,0,110000,50000,60000,60000
055402,正文元富97購02  ,0,0,0,0,0,0,0,0,0,60000,0,0,0,60000,0,60000,60000
055255,欣興統一97購02  ,0,0,0,0,0,0,0,0,0,60000,0,0,0,160000,100000,60000,60000
057632,傳奇永豐98購01  ,0,0,0,0,0,0,0,0,0,60000,0,0,0,60000,0,60000,60000
059027,神達台新99購02  ,0,0,0,0,0,0,0,0,0,60000,0,0,0,71000,11000,60000,60000
058623,國巨國票99購08  ,0,0,0,0,0,0,0,0,0,60000,0,0,0,60000,0,60000,60000
057768,華新科中信9A購01,0,0,0,0,0,0,0,0,0,60000,0,0,0,100000,40000,60000,60000
060373,元金2X元富9A購01,0,0,0,0,0,0,0,0,0,60000,0,0,0,60000,0,60000,60000
058374,玉晶光凱基9A購03,0,0,0,0,0,0,0,0,0,60000,0,0,0,60000,0,60000,60000
059732,超眾元大9A購01  ,0,0,0,0,0,0,0,0,0,60000,0,0,0,108000,48000,60000,60000
059755,宏達電國泰9A購01,0,0,0,0,0,0,0,0,0,60000,0,0,0,73000,13000,60000,60000
059884,鴻海國票99購09  ,0,0,0,0,0,0,0,0,0,60000,0,0,0,60000,0,60000,60000
07999P,台達電凱基9B售02,0,0,0,0,0,0,0,0,0,60000,0,0,0,160000,100000,60000,60000
07247P,聯發科凱基9A售06,0,0,0,0,0,0,0,0,0,60000,0,0,0,60000,0,60000,60000
07212P,聯發科凱基99售14,0,0,0,0,0,0,0,0,0,60000,0,0,0,60000,0,60000,60000
07258P,台灣50台新9A售01,0,0,0,0,0,0,0,0,0,60000,0,0,0,60000,0,60000,60000
07699P,臺股指元大9A售52,0,0,0,0,0,0,0,0,0,60000,0,0,0,60000,0,60000,60000
062557,台光電凱基9B購02,0,0,0,0,0,0,0,0,0,59000,0,0,0,193000,134000,59000,59000
06652P,長榮航元大98售01,0,0,0,0,0,0,0,0,0,59000,0,0,0,59000,0,59000,59000
061296,台積電國泰9C購01,0,0,0,0,0,0,0,0,0,59000,0,0,0,136000,77000,59000,59000
061237,晶技元大9A購01  ,0,0,0,0,0,0,0,0,0,59000,0,0,0,137000,78000,59000,59000
061818,富邦金群益9C購01,0,0,0,0,0,0,0,0,0,59000,0,0,0,89000,30000,59000,59000
059453,奇力新永豐99購01,0,0,0,0,0,0,0,0,0,59000,0,0,0,123000,64000,59000,59000
00662,富邦NASDAQ      ,1000,7000,-6000,0,0,0,0,0,0,65000,117000,0,117000,82000,134000,-52000,59000
060144,全新國票9B購01  ,0,0,0,0,0,0,0,0,0,59000,0,0,0,79000,20000,59000,59000
060050,鴻海凱基9B購01  ,0,0,0,0,0,0,0,0,0,59000,0,0,0,109000,50000,59000,59000
057236,聯詠凱基98購03  ,0,0,0,0,0,0,0,0,0,59000,0,0,0,78000,19000,59000,59000
057288,聯茂元大98購03  ,0,0,0,0,0,0,0,0,0,59000,0,0,0,79000,20000,59000,59000
07768P,緯穎群益9A售02  ,0,0,0,0,0,0,0,0,0,59000,0,0,0,67000,8000,59000,59000
8462,柏文            ,101000,32000,69000,0,0,0,0,0,0,-10000,0,0,0,0,10000,-10000,59000
061913,宏碁中信9B購01  ,0,0,0,0,0,0,0,0,0,58000,0,0,0,58000,0,58000,58000
061164,燿華兆豐9B購01  ,0,0,0,0,0,0,0,0,0,58000,0,0,0,288000,230000,58000,58000
060717,康控永豐9A購01  ,0,0,0,0,0,0,0,0,0,58000,0,0,0,105000,47000,58000,58000
06583P,可成凱基98售07  ,0,0,0,0,0,0,0,0,0,58000,0,0,0,58000,0,58000,58000
062686,群創統一9C購03  ,0,0,0,0,0,0,0,0,0,58000,0,0,0,58000,0,58000,58000
062891,台汽電群益9B購01,0,0,0,0,0,0,0,0,0,58000,0,0,0,150000,92000,58000,58000
062642,帆宣國票9B購01  ,0,0,0,0,0,0,0,0,0,58000,0,0,0,67000,9000,58000,58000
062473,同欣電凱基9B購01,0,0,0,0,0,0,0,0,0,58000,0,0,0,67000,9000,58000,58000
053887,聯茂兆豐97購02  ,0,0,0,0,0,0,0,0,0,58000,0,0,0,58000,0,58000,58000
052622,貿聯兆豐97購01  ,0,0,0,0,0,0,0,0,0,58000,0,0,0,58000,0,58000,58000
05625P,國巨國票97售01  ,0,0,0,0,0,0,0,0,0,58000,0,0,0,102000,44000,58000,58000
056182,台光電統一97購03,0,0,0,0,0,0,0,0,0,58000,0,0,0,140000,82000,58000,58000
056122,勤誠群益97購02  ,0,0,0,0,0,0,0,0,0,58000,0,0,0,58000,0,58000,58000
057016,中石化凱基9B購01,0,0,0,0,0,0,0,0,0,58000,0,0,0,93000,35000,58000,58000
057017,和大凱基98購01  ,0,0,0,0,0,0,0,0,0,58000,0,0,0,88000,30000,58000,58000
059179,祥碩元富99購01  ,0,0,0,0,0,0,0,0,0,58000,0,0,0,58000,0,58000,58000
059039,致伸群益99購01  ,0,0,0,0,0,0,0,0,0,58000,0,0,0,240000,182000,58000,58000
058102,楠梓電永豐98購04,0,0,0,0,0,0,0,0,0,58000,0,0,0,68000,10000,58000,58000
058159,健策台新9A購01  ,0,0,0,0,0,0,0,0,0,58000,0,0,0,63000,5000,58000,58000
058182,日電貿國泰9A購01,0,0,0,0,0,0,0,0,0,58000,0,0,0,58000,0,58000,58000
062974,奇力新元富9B購01,0,0,0,0,0,0,0,0,0,57000,0,0,0,135000,78000,57000,57000
06655P,TPK元大98售02   ,0,0,0,0,0,0,0,0,0,57000,0,0,0,70000,13000,57000,57000
061927,玉晶光凱基9C購01,0,0,0,0,0,0,0,0,0,57000,0,0,0,57000,0,57000,57000
055209,勤誠康和97購01  ,0,0,0,0,0,0,0,0,0,57000,0,0,0,57000,0,57000,57000
05569P,漢唐統一97售01  ,0,0,0,0,0,0,0,0,0,57000,0,0,0,57000,0,57000,57000
056512,易華電永豐98購01,0,0,0,0,0,0,0,0,0,57000,0,0,0,69000,12000,57000,57000
051317,亞德客國票96購01,0,0,0,0,0,0,0,0,0,57000,0,0,0,57000,0,57000,57000
058507,美律元大9A購01  ,0,0,0,0,0,0,0,0,0,57000,0,0,0,57000,0,57000,57000
060457,中橡元大9A購02  ,0,0,0,0,0,0,0,0,0,57000,0,0,0,315000,258000,57000,57000
057770,亞德客群益98購01,1000,0,1000,0,0,0,0,0,0,56000,0,0,0,58000,2000,56000,57000
056911,緯穎元大99購01  ,0,0,0,0,0,0,0,0,0,57000,0,0,0,141000,84000,57000,57000
061787,華新科群益9C購01,0,0,0,0,0,0,0,0,0,56000,0,0,0,59000,3000,56000,56000
061581,貿聯元大9A購05  ,0,0,0,0,0,0,0,0,0,56000,0,0,0,56000,0,56000,56000
060643,牧德永豐9A購03  ,0,0,0,0,0,0,0,0,0,56000,0,0,0,68000,12000,56000,56000
062802,宏達電統一9B購01,0,0,0,0,0,0,0,0,0,56000,0,0,0,56000,0,56000,56000
053032,國巨兆豐97購02  ,0,0,0,0,0,0,0,0,0,56000,0,0,0,56000,0,56000,56000
052341,泰鼎凱基96購02  ,0,0,0,0,0,0,0,0,0,56000,0,0,0,56000,0,56000,56000
056247,台郡群益97購01  ,0,0,0,0,0,0,0,0,0,56000,0,0,0,78000,22000,56000,56000
059327,南茂元大99購01  ,0,0,0,0,0,0,0,0,0,56000,0,0,0,66000,10000,56000,56000
060285,聯電元大9C購01  ,0,0,0,0,0,0,0,0,0,56000,0,0,0,121000,65000,56000,56000
058722,台郡元富99購01  ,0,0,0,0,0,0,0,0,0,56000,0,0,0,340000,284000,56000,56000
056943,華通統一99購01  ,0,0,0,0,0,0,0,0,0,56000,0,0,0,58000,2000,56000,56000
059129,麗豐中信99購01  ,0,0,0,0,0,0,0,0,0,56000,0,0,0,76000,20000,56000,56000
059612,奇鋐永豐99購02  ,0,0,0,0,0,0,0,0,0,56000,0,0,0,56000,0,56000,56000
4155,訊映            ,115000,59000,56000,0,0,0,0,0,0,0,0,0,0,0,0,0,56000
07311P,台灣50元大99售09,0,0,0,0,0,0,0,0,0,56000,0,0,0,56000,0,56000,56000
07394P,國巨群益99售12  ,0,0,0,0,0,0,0,0,0,56000,0,0,0,56000,0,56000,56000
07122P,欣興凱基99售05  ,0,0,0,0,0,0,0,0,0,56000,0,0,0,86000,30000,56000,56000
06851P,鈺齊元大98售01  ,0,0,0,0,0,0,0,0,0,56000,0,0,0,136000,80000,56000,56000
062797,瑞昱統一9B購01  ,0,0,0,0,0,0,0,0,0,55000,0,0,0,378000,323000,55000,55000
062874,微星兆豐9B購01  ,0,0,0,0,0,0,0,0,0,55000,0,0,0,85000,30000,55000,55000
062757,華通凱基9B購02  ,0,0,0,0,0,0,0,0,0,55000,0,0,0,55000,0,55000,55000
062391,台達電富邦9C購01,0,0,0,0,0,0,0,0,0,55000,0,0,0,55000,0,55000,55000
060885,世紀鋼中信9A購01,0,0,0,0,0,0,0,0,0,55000,0,0,0,55000,0,55000,55000
061577,泰碩元大9A購03  ,0,0,0,0,0,0,0,0,0,55000,0,0,0,208000,153000,55000,55000
056449,義隆凱基98購03  ,0,0,0,0,0,0,0,0,0,55000,0,0,0,55000,0,55000,55000
056120,聯茂群益97購02  ,0,0,0,0,0,0,0,0,0,55000,0,0,0,60000,5000,55000,55000
055647,義隆元富97購01  ,0,0,0,0,0,0,0,0,0,55000,0,0,0,55000,0,55000,55000
055058,大毅永豐97購01  ,0,0,0,0,0,0,0,0,0,55000,0,0,0,80000,25000,55000,55000
055063,玉晶光永豐99購01,0,0,0,0,0,0,0,0,0,55000,0,0,0,100000,45000,55000,55000
055393,華新科統一97購03,0,0,0,0,0,0,0,0,0,55000,0,0,0,55000,0,55000,55000
055360,台表科凱基97購02,0,0,0,0,0,0,0,0,0,55000,0,0,0,65000,10000,55000,55000
052203,T50反1中信99購03,0,0,0,0,0,0,0,0,0,55000,0,0,0,357000,302000,55000,55000
052894,國巨群益96購03  ,0,0,0,0,0,0,0,0,0,55000,0,0,0,55000,0,55000,55000
050786,健策國泰96購01  ,0,0,0,0,0,0,0,0,0,55000,0,0,0,55000,0,55000,55000
057388,奇鋐永豐98購02  ,0,0,0,0,0,0,0,0,0,55000,0,0,0,55000,0,55000,55000
059823,奇力新凱基99購07,0,0,0,0,0,0,0,0,0,55000,0,0,0,55000,0,55000,55000
057563,旭富國泰9A購01  ,0,0,0,0,0,0,0,0,0,55000,0,0,0,87000,32000,55000,55000
057317,技嘉凱基98購02  ,0,0,0,0,0,0,0,0,0,55000,0,0,0,56000,1000,55000,55000
057896,嘉晶元富98購01  ,0,0,0,0,0,0,0,0,0,55000,0,0,0,105000,50000,55000,55000
057873,義隆元大98購03  ,0,0,0,0,0,0,0,0,0,55000,0,0,0,55000,0,55000,55000
060249,正文元大9C購01  ,0,0,0,0,0,0,0,0,0,55000,0,0,0,55000,0,55000,55000
060511,群創元大9B購08  ,0,0,0,0,0,0,0,0,0,55000,0,0,0,55000,0,55000,55000
07743P,智邦凱基9A售03  ,0,0,0,0,0,0,0,0,0,55000,0,0,0,140000,85000,55000,55000
061618,友達群益9A購04  ,0,0,0,0,0,0,0,0,0,54000,0,0,0,54000,0,54000,54000
061415,健策群益9A購04  ,0,0,0,0,0,0,0,0,0,54000,0,0,0,55000,1000,54000,54000
061763,聯電元大9C購02  ,0,0,0,0,0,0,0,0,0,54000,0,0,0,54000,0,54000,54000
061989,晶技元大9B購04  ,0,0,0,0,0,0,0,0,0,54000,0,0,0,54000,0,54000,54000
062654,技嘉永豐9B購01  ,0,0,0,0,0,0,0,0,0,54000,0,0,0,56000,2000,54000,54000
062025,台達電群益9B購01,0,0,0,0,0,0,0,0,0,54000,0,0,0,54000,0,54000,54000
062207,牧德國票9B購02  ,0,0,0,0,0,0,0,0,0,54000,0,0,0,96000,42000,54000,54000
062191,台郡元大9B購05  ,0,0,0,0,0,0,0,0,0,54000,0,0,0,93000,39000,54000,54000
062913,創意元大9B購02  ,0,0,0,0,0,0,0,0,0,54000,0,0,0,283000,229000,54000,54000
06638P,鴻海統一99售02  ,0,0,0,0,0,0,0,0,0,54000,0,0,0,132000,78000,54000,54000
044963,台積電中信96購01,0,0,0,0,0,0,0,0,0,54000,0,0,0,553000,499000,54000,54000
00641R,富邦日本反1     ,6000,4000,2000,0,0,0,0,0,0,52000,0,0,0,209000,157000,52000,54000
054169,上緯控凱基98購01,0,0,0,0,0,0,0,0,0,54000,0,0,0,87000,33000,54000,54000
054002,GIS群益96購03   ,0,0,0,0,0,0,0,0,0,54000,0,0,0,60000,6000,54000,54000
06047P,聯發科富邦99售04,0,0,0,0,0,0,0,0,0,54000,0,0,0,202000,148000,54000,54000
058777,台光電國票9A購01,0,0,0,0,0,0,0,0,0,54000,0,0,0,55000,1000,54000,54000
057450,國泰金元富98購01,0,0,0,0,0,0,0,0,0,54000,0,0,0,202000,148000,54000,54000
059995,南亞科元富99購01,0,0,0,0,0,0,0,0,0,54000,0,0,0,246000,192000,54000,54000
1210,大成            ,550000,613000,-63000,0,0,0,0,0,0,117000,117000,0,117000,0,0,0,54000
2723,美食-KY         ,265000,319000,-54000,0,0,0,40000,0,40000,68000,6000,0,6000,87000,25000,62000,54000
8454,富邦媒          ,209000,152000,57000,0,0,0,0,0,0,-3000,0,3000,-3000,0,0,0,54000
062911,聯詠元大9B購03  ,0,0,0,0,0,0,0,0,0,53000,0,0,0,68000,15000,53000,53000
062638,茂林國票9C購01  ,0,0,0,0,0,0,0,0,0,53000,0,0,0,53000,0,53000,53000
061997,台郡元大9B購03  ,0,0,0,0,0,0,0,0,0,53000,0,0,0,107000,54000,53000,53000
060896,晶技凱基9A購02  ,0,0,0,0,0,0,0,0,0,53000,0,0,0,62000,9000,53000,53000
053332,創意永豐96購03  ,0,0,0,0,0,0,0,0,0,53000,0,0,0,53000,0,53000,53000
055933,欣興群益98購02  ,0,0,0,0,0,0,0,0,0,53000,0,0,0,53000,0,53000,53000
059236,鴻海凱基99購09  ,0,0,0,0,0,0,0,0,0,53000,0,0,0,60000,7000,53000,53000
059910,鴻海元大99購37  ,0,0,0,0,0,0,0,0,0,53000,0,0,0,53000,0,53000,53000
057490,可成元大98購10  ,0,0,0,0,0,0,0,0,0,53000,0,0,0,78000,25000,53000,53000
059174,訊芯凱基99購01  ,0,0,0,0,0,0,0,0,0,53000,0,0,0,182000,129000,53000,53000
058503,鴻海元大99購14  ,0,0,0,0,0,0,0,0,0,53000,0,0,0,53000,0,53000,53000
058194,勤誠永豐99購01  ,0,0,0,0,0,0,0,0,0,53000,0,0,0,59000,6000,53000,53000
5288,豐祥-KY         ,133000,80000,53000,0,0,0,0,0,0,0,0,0,0,0,0,0,53000
061181,牧德凱基9A購01  ,0,0,0,0,0,0,0,0,0,52000,0,0,0,52000,0,52000,52000
061882,矽創元大9B購01  ,0,0,0,0,0,0,0,0,0,52000,0,0,0,306000,254000,52000,52000
061579,京鼎元大9A購02  ,0,0,0,0,0,0,0,0,0,52000,0,0,0,62000,10000,52000,52000
062349,新日興群益9B購02,0,0,0,0,0,0,0,0,0,52000,0,0,0,175000,123000,52000,52000
05639P,欣興統一97售01  ,0,0,0,0,0,0,0,0,0,52000,0,0,0,52000,0,52000,52000
055071,群電永豐97購01  ,0,0,0,0,0,0,0,0,0,52000,0,0,0,52000,0,52000,52000
059071,元油2X元大9C購12,0,0,0,0,0,0,0,0,0,52000,0,0,0,52000,0,52000,52000
060172,智原台新9A購01  ,0,0,0,0,0,0,0,0,0,52000,0,0,0,98000,46000,52000,52000
057804,為升元大98購01  ,0,0,0,0,0,0,0,0,0,52000,0,0,0,183000,131000,52000,52000
058694,鈺齊國票9A購02  ,0,0,0,0,0,0,0,0,0,52000,0,0,0,60000,8000,52000,52000
057452,新日興元富98購01,0,0,0,0,0,0,0,0,0,52000,0,0,0,62000,10000,52000,52000
057961,茂林元大9A購01  ,0,0,0,0,0,0,0,0,0,52000,0,0,0,97000,45000,52000,52000
057119,微星康和98購01  ,0,0,0,0,0,0,0,0,0,52000,0,0,0,68000,16000,52000,52000
062324,上銀統一9B購04  ,0,0,0,0,0,0,0,0,0,51000,0,0,0,51000,0,51000,51000
062011,上銀富邦9C購01  ,0,0,0,0,0,0,0,0,0,51000,0,0,0,53000,2000,51000,51000
062110,華擎國票9B購01  ,0,0,0,0,0,0,0,0,0,51000,0,0,0,58000,7000,51000,51000
062679,技嘉統一01購01  ,0,0,0,0,0,0,0,0,0,51000,0,0,0,128000,77000,51000,51000
062508,臺股指群益9B購03,0,0,0,0,0,0,0,0,0,51000,0,0,0,53000,2000,51000,51000
063043,台灣50兆豐9B購02,0,0,0,0,0,0,0,0,0,51000,0,0,0,56000,5000,51000,51000
062753,台積電麥證9B購01,0,0,0,61000,10000,51000,0,0,0,51000,0,0,0,61000,10000,51000,51000
061215,健策元大9A購06  ,0,0,0,0,0,0,0,0,0,51000,0,0,0,54000,3000,51000,51000
061023,茂林國泰9B購02  ,0,0,0,0,0,0,0,0,0,51000,0,0,0,53000,2000,51000,51000
060911,大毅元大9A購01  ,0,0,0,0,0,0,0,0,0,51000,0,0,0,52000,1000,51000,51000
060665,康控凱基9A購01  ,0,0,0,0,0,0,0,0,0,51000,0,0,0,92000,41000,51000,51000
060762,長榮航元大9A購02,0,0,0,0,0,0,0,0,0,51000,0,0,0,51000,0,51000,51000
055131,茂林康和97購01  ,0,0,0,0,0,0,0,0,0,51000,0,0,0,72000,21000,51000,51000
055373,聯詠元大97購03  ,0,0,0,0,0,0,0,0,0,51000,0,0,0,134000,83000,51000,51000
055701,亞德客富邦99購01,0,0,0,0,0,0,0,0,0,51000,0,0,0,51000,0,51000,51000
056267,文曄統一97購02  ,0,0,0,0,0,0,0,0,0,51000,0,0,0,51000,0,51000,51000
056136,京鼎元大98購01  ,0,0,0,0,0,0,0,0,0,51000,0,0,0,51000,0,51000,51000
052895,台積電群益96購04,0,0,0,0,0,0,0,0,0,51000,0,0,0,51000,0,51000,51000
057374,禾伸堂元大99購03,0,0,0,0,0,0,0,0,0,51000,0,0,0,78000,27000,51000,51000
060146,健策國票9A購03  ,0,0,0,0,0,0,0,0,0,51000,0,0,0,51000,0,51000,51000
057810,技嘉元大98購06  ,0,0,0,0,0,0,0,0,0,51000,0,0,0,51000,0,51000,51000
060327,美律群益9A購02  ,0,0,0,0,0,0,0,0,0,51000,0,0,0,51000,0,51000,51000
058043,鴻海元大98購13  ,0,0,0,0,0,0,0,0,0,51000,0,0,0,51000,0,51000,51000
060725,台積電第一9A購01,0,0,0,0,0,0,0,0,0,50000,0,0,0,50000,0,50000,50000
06067P,華新科康和97售01,0,0,0,0,0,0,0,0,0,50000,0,0,0,155000,105000,50000,50000
061120,台積電永豐9A購03,0,0,0,0,0,0,0,0,0,50000,0,0,0,50000,0,50000,50000
061157,聯鈞群益9A購02  ,0,0,0,0,0,0,0,0,0,50000,0,0,0,158000,108000,50000,50000
061576,華新科元大9A購21,0,0,0,0,0,0,0,0,0,50000,0,0,0,51000,1000,50000,50000
061604,台光電凱基9B購01,0,0,0,0,0,0,0,0,0,50000,0,0,0,100000,50000,50000,50000
061638,國泰金元大9A購03,0,0,0,0,0,0,0,0,0,50000,0,0,0,50000,0,50000,50000
061622,臻鼎群益9A購01  ,0,0,0,0,0,0,0,0,0,50000,0,0,0,50000,0,50000,50000
061557,台積電國票9C購02,0,0,0,0,0,0,0,0,0,50000,0,0,0,50000,0,50000,50000
061472,台積電元大9A購32,0,0,0,0,0,0,0,0,0,50000,0,0,0,50000,0,50000,50000
061340,義隆元大9A購01  ,0,0,0,0,0,0,0,0,0,50000,0,0,0,50000,0,50000,50000
061894,台積電永豐9B購01,0,0,0,0,0,0,0,0,0,50000,0,0,0,50000,0,50000,50000
061920,台積電凱基9C購02,0,0,0,0,0,0,0,0,0,50000,0,0,0,50000,0,50000,50000
061838,華新科凱基05購03,0,0,0,0,0,0,0,0,0,50000,0,0,0,50000,0,50000,50000
061875,華新科元大9B購03,0,0,0,0,0,0,0,0,0,50000,0,0,0,50000,0,50000,50000
062958,長榮航麥證9B購01,0,0,0,50000,0,50000,0,0,0,50000,0,0,0,50000,0,50000,50000
062948,台積電富邦01購02,0,0,0,0,0,0,0,0,0,50000,0,0,0,60000,10000,50000,50000
06759P,台積電元大98售17,0,0,0,0,0,0,0,0,0,50000,0,0,0,50000,0,50000,50000
06529P,貿聯富邦99售03  ,0,0,0,0,0,0,0,0,0,50000,0,0,0,60000,10000,50000,50000
062367,禾伸堂元大9B購02,0,0,0,0,0,0,0,0,0,50000,0,0,0,78000,28000,50000,50000
062181,義隆元大9B購03  ,0,0,0,0,0,0,0,0,0,50000,0,0,0,50000,0,50000,50000
062145,億光國票9B購01  ,0,0,0,0,0,0,0,0,0,50000,0,0,0,50000,0,50000,50000
062051,上銀統一9C購02  ,0,0,0,0,0,0,0,0,0,50000,0,0,0,50000,0,50000,50000
062268,力山群益9B購01  ,0,0,0,0,0,0,0,0,0,50000,0,0,0,222000,172000,50000,50000
062248,國巨元大9B購08  ,0,0,0,0,0,0,0,0,0,50000,0,0,0,50000,0,50000,50000
056549,嘉聯益凱基98購04,0,0,0,0,0,0,0,0,0,50000,0,0,0,50000,0,50000,50000
054101,茂林國票97購04  ,0,0,0,0,0,0,0,0,0,50000,0,0,0,50000,0,50000,50000
053018,旺宏元富96購02  ,0,0,0,0,0,0,0,0,0,50000,0,0,0,50000,0,50000,50000
053057,聯電國泰97購02  ,0,0,0,0,0,0,0,0,0,50000,0,0,0,50000,0,50000,50000
051582,聯發科元大97購02,0,0,0,0,0,0,0,0,0,50000,0,0,0,50000,0,50000,50000
051482,玉晶光凱基96購01,0,0,0,0,0,0,0,0,0,50000,0,0,0,50000,0,50000,50000
052137,台表科凱基96購02,0,0,0,0,0,0,0,0,0,50000,0,0,0,67000,17000,50000,50000
052538,和大統一95購02  ,0,0,0,0,0,0,0,0,0,50000,0,0,0,50000,0,50000,50000
051193,新日興兆豐96購01,0,0,0,0,0,0,0,0,0,50000,0,0,0,50000,0,50000,50000
050787,致伸國泰96購01  ,0,0,0,0,0,0,0,0,0,50000,0,0,0,50000,0,50000,50000
056023,晶豪科群益97購01,0,0,0,0,0,0,0,0,0,50000,0,0,0,50000,0,50000,50000
056215,華新科國票97購03,0,0,0,0,0,0,0,0,0,50000,0,0,0,349000,299000,50000,50000
056223,華邦電凱基97購04,0,0,0,0,0,0,0,0,0,50000,0,0,0,50000,0,50000,50000
056231,嘉聯益凱基97購02,0,0,0,0,0,0,0,0,0,50000,0,0,0,50000,0,50000,50000
056207,茂林永豐97購03  ,0,0,0,0,0,0,0,0,0,50000,0,0,0,50000,0,50000,50000
056422,全新統一98購02  ,0,0,0,0,0,0,0,0,0,50000,0,0,0,50000,0,50000,50000
059410,滬深2X國票9A購04,0,0,0,0,0,0,0,0,0,50000,0,0,0,50000,0,50000,50000
059362,健策永豐99購03  ,0,0,0,0,0,0,0,0,0,50000,0,0,0,51000,1000,50000,50000
054572,國巨元大98購03  ,0,0,0,0,0,0,0,0,0,50000,0,0,0,50000,0,50000,50000
054625,旺宏凱基98購03  ,0,0,0,0,0,0,0,0,0,50000,0,0,0,50000,0,50000,50000
055180,文曄統一97購01  ,0,0,0,0,0,0,0,0,0,50000,0,0,0,50000,0,50000,50000
055245,凱美統一99購01  ,0,0,0,0,0,0,0,0,0,50000,0,0,0,60000,10000,50000,50000
054788,華新科群益98購02,0,0,0,0,0,0,0,0,0,50000,0,0,0,50000,0,50000,50000
054981,國巨元富97購02  ,0,0,0,0,0,0,0,0,0,50000,0,0,0,50000,0,50000,50000
058502,鴻海元大99購13  ,0,0,0,0,0,0,0,0,0,50000,0,0,0,50000,0,50000,50000
058904,晶技元大99購05  ,0,0,0,0,0,0,0,0,0,50000,0,0,0,50000,0,50000,50000
058554,瀚宇博永豐99購01,0,0,0,0,0,0,0,0,0,50000,0,0,0,50000,0,50000,50000
060333,金寶康和9A購01  ,0,0,0,0,0,0,0,0,0,50000,0,0,0,50000,0,50000,50000
060341,國巨統一9C購02  ,0,0,0,0,0,0,0,0,0,50000,0,0,0,50000,0,50000,50000
060598,鴻海凱基9A購20  ,0,0,0,0,0,0,0,0,0,50000,0,0,0,50000,0,50000,50000
056890,國巨元大98購11  ,0,0,0,0,0,0,0,0,0,50000,0,0,0,50000,0,50000,50000
060118,臺指反富邦9C購01,0,0,0,0,0,0,0,0,0,50000,0,0,0,50000,0,50000,50000
057486,美律元大98購04  ,0,0,0,0,0,0,0,0,0,50000,0,0,0,50000,0,50000,50000
060079,台郡台新99購03  ,0,0,0,0,0,0,0,0,0,50000,0,0,0,50000,0,50000,50000
060024,T50反1國泰9B購02,0,0,0,0,0,0,0,0,0,50000,0,0,0,50000,0,50000,50000
057402,嘉晶群益98購02  ,0,0,0,0,0,0,0,0,0,50000,0,0,0,50000,0,50000,50000
057074,立積永豐98購01  ,0,0,0,0,0,0,0,0,0,50000,0,0,0,160000,110000,50000,50000
057172,南亞科元大98購03,0,0,0,0,0,0,0,0,0,50000,0,0,0,50000,0,50000,50000
056944,鴻海統一98購11  ,0,0,0,0,0,0,0,0,0,50000,0,0,0,50000,0,50000,50000
057964,緯穎元大99購03  ,0,0,0,0,0,0,0,0,0,50000,0,0,0,52000,2000,50000,50000
057997,旺宏第一9C購01  ,0,0,0,0,0,0,0,0,0,50000,0,0,0,50000,0,50000,50000
057893,亞德客元富98購03,0,0,0,0,0,0,0,0,0,50000,0,0,0,50000,0,50000,50000
057924,健策凱基98購02  ,0,0,0,0,0,0,0,0,0,50000,0,0,0,50000,0,50000,50000
057326,景碩群益99購02  ,0,0,0,0,0,0,0,0,0,50000,0,0,0,50000,0,50000,50000
057533,晶相光元大98購02,0,0,0,0,0,0,0,0,0,50000,0,0,0,50000,0,50000,50000
058405,訊連元大99購02  ,0,0,0,0,0,0,0,0,0,50000,0,0,0,60000,10000,50000,50000
07715P,台灣50群益9A售14,0,0,0,0,0,0,0,0,0,50000,0,0,0,152000,102000,50000,50000
08028P,臺股指元大9B售30,0,0,0,0,0,0,0,0,0,50000,0,0,0,50000,0,50000,50000
07031P,台灣50中信03售02,0,0,0,0,0,0,0,0,0,50000,0,0,0,50000,0,50000,50000
07390P,華新科康和99售02,0,0,0,0,0,0,0,0,0,50000,0,0,0,50000,0,50000,50000
07527P,台灣50凱基9B售02,0,0,0,0,0,0,0,0,0,50000,0,0,0,271000,221000,50000,50000
062379,致新元大9B購01  ,0,0,0,0,0,0,0,0,0,49000,0,0,0,49000,0,49000,49000
062388,旭富國泰01購01  ,0,0,0,0,0,0,0,0,0,49000,0,0,0,324000,275000,49000,49000
061726,台積電麥證9A購05,0,0,0,54000,5000,49000,0,0,0,49000,0,0,0,54000,5000,49000,49000
061038,TPK永豐9A購01   ,0,0,0,0,0,0,0,0,0,49000,0,0,0,49000,0,49000,49000
054807,台化元大9A購02  ,0,0,0,0,0,0,0,0,0,49000,0,0,0,55000,6000,49000,49000
055403,泰鼎元富97購01  ,0,0,0,0,0,0,0,0,0,49000,0,0,0,49000,0,49000,49000
050515,聯電元大96購01  ,0,0,0,0,0,0,0,0,0,49000,0,0,0,49000,0,49000,49000
054332,世芯永豐97購01  ,0,0,0,0,0,0,0,0,0,49000,0,0,0,62000,13000,49000,49000
056963,建準永豐98購01  ,0,0,0,0,0,0,0,0,0,49000,0,0,0,49000,0,49000,49000
059979,台積電元大99購49,0,0,0,0,0,0,0,0,0,49000,0,0,0,50000,1000,49000,49000
057495,牧德元大99購04  ,0,0,0,0,0,0,0,0,0,49000,0,0,0,100000,51000,49000,49000
058292,上銀凱基9A購01  ,0,0,0,0,0,0,0,0,0,49000,0,0,0,49000,0,49000,49000
060415,葡萄王永豐9A購01,0,0,0,0,0,0,0,0,0,49000,0,0,0,74000,25000,49000,49000
07657P,技嘉凱基9A售03  ,0,0,0,0,0,0,0,0,0,49000,0,0,0,89000,40000,49000,49000
07353P,大立光國票99售02,0,0,0,0,0,0,0,0,0,49000,0,0,0,100000,51000,49000,49000
061639,晶豪科元大9A購02,0,0,0,0,0,0,0,0,0,48000,0,0,0,50000,2000,48000,48000
062433,上銀元大9B購05  ,0,0,0,0,0,0,0,0,0,48000,0,0,0,50000,2000,48000,48000
062477,聯詠國票9B購01  ,0,0,0,0,0,0,0,0,0,48000,0,0,0,48000,0,48000,48000
062743,微星國泰01購01  ,0,0,0,0,0,0,0,0,0,48000,0,0,0,58000,10000,48000,48000
049255,旺宏元大97購02  ,0,0,0,0,0,0,0,0,0,48000,0,0,0,73000,25000,48000,48000
020008,元大特股高息N   ,0,0,0,0,0,0,0,0,0,48000,0,0,0,49000,1000,48000,48000
053331,玉晶光永豐97購02,0,0,0,0,0,0,0,0,0,48000,0,0,0,66000,18000,48000,48000
054673,京鼎國泰98購01  ,0,0,0,0,0,0,0,0,0,48000,0,0,0,48000,0,48000,48000
056639,國產康和98購01  ,0,0,0,0,0,0,0,0,0,48000,0,0,0,48000,0,48000,48000
056578,智易元大99購02  ,0,0,0,0,0,0,0,0,0,48000,0,0,0,68000,20000,48000,48000
059253,康控凱基9B購02  ,0,0,0,0,0,0,0,0,0,48000,0,0,0,196000,148000,48000,48000
056107,智易永豐97購02  ,0,0,0,0,0,0,0,0,0,48000,0,0,0,75000,27000,48000,48000
056900,可成元大98購02  ,0,0,0,0,0,0,0,0,0,48000,0,0,0,68000,20000,48000,48000
060470,台勝科元大9A購03,0,0,0,0,0,0,0,0,0,48000,0,0,0,50000,2000,48000,48000
060313,淘帝永豐9A購01  ,0,0,0,0,0,0,0,0,0,48000,0,0,0,58000,10000,48000,48000
057640,台積電元大98購16,0,0,0,0,0,0,0,0,0,48000,0,0,0,48000,0,48000,48000
058521,日月光元大99購01,0,0,0,0,0,0,0,0,0,48000,0,0,0,48000,0,48000,48000
057628,旺宏永豐98購02  ,0,0,0,0,0,0,0,0,0,48000,0,0,0,48000,0,48000,48000
057902,嘉晶永豐98購02  ,0,0,0,0,0,0,0,0,0,48000,0,0,0,88000,40000,48000,48000
07685P,玉晶光凱基9B售03,0,0,0,0,0,0,0,0,0,48000,0,0,0,225000,177000,48000,48000
2390,云辰            ,172000,124000,48000,0,0,0,0,0,0,0,0,0,0,0,0,0,48000
062718,技嘉凱基9B購01  ,0,0,0,0,0,0,0,0,0,47000,0,0,0,50000,3000,47000,47000
062733,巨大凱基9B購01  ,0,0,0,0,0,0,0,0,0,47000,0,0,0,118000,71000,47000,47000
062982,同欣電元富9B購01,0,0,0,0,0,0,0,0,0,47000,0,0,0,255000,208000,47000,47000
06656P,GIS元大98售02   ,0,0,0,0,0,0,0,0,0,47000,0,0,0,304000,257000,47000,47000
062436,國巨元大9B購14  ,0,0,0,0,0,0,0,0,0,47000,0,0,0,50000,3000,47000,47000
060988,華新科元大9A購12,0,0,0,0,0,0,0,0,0,47000,0,0,0,157000,110000,47000,47000
061156,玉晶光群益9A購07,0,0,0,0,0,0,0,0,0,47000,0,0,0,50000,3000,47000,47000
060734,華通統一9C購01  ,0,0,0,0,0,0,0,0,0,47000,0,0,0,75000,28000,47000,47000
060909,金像電元大9B購01,0,0,0,0,0,0,0,0,0,47000,0,0,0,122000,75000,47000,47000
055830,上銀元大97購07  ,0,0,0,0,0,0,0,0,0,47000,0,0,0,47000,0,47000,47000
05614P,臺股指康和96售03,0,0,0,0,0,0,0,0,0,47000,0,0,0,47000,0,47000,47000
059689,南亞科永豐99購02,0,0,0,0,0,0,0,0,0,47000,0,0,0,47000,0,47000,47000
054439,健策台新96購03  ,0,0,0,0,0,0,0,0,0,47000,0,0,0,48000,1000,47000,47000
055336,茂林兆豐98購01  ,0,0,0,0,0,0,0,0,0,47000,0,0,0,47000,0,47000,47000
054776,矽創國票98購01  ,0,0,0,0,0,0,0,0,0,47000,0,0,0,47000,0,47000,47000
048383,元金2X國票99購01,0,0,0,0,0,0,0,0,0,47000,0,0,0,123000,76000,47000,47000
055480,元上證元大97購02,0,0,0,0,0,0,0,0,0,47000,0,0,0,47000,0,47000,47000
052706,台虹國票97購01  ,0,0,0,0,0,0,0,0,0,47000,0,0,0,47000,0,47000,47000
057980,聯詠永豐98購01  ,0,0,0,0,0,0,0,0,0,47000,0,0,0,47000,0,47000,47000
058401,華航元大9A購01  ,0,0,0,0,0,0,0,0,0,47000,0,0,0,47000,0,47000,47000
060086,鴻海元大99購42  ,0,0,0,0,0,0,0,0,0,47000,0,0,0,47000,0,47000,47000
056712,京鼎永豐98購01  ,0,0,0,0,0,0,0,0,0,47000,0,0,0,57000,10000,47000,47000
059080,亞泥元大99購01  ,0,0,0,0,0,0,0,0,0,47000,0,0,0,51000,4000,47000,47000
060287,燿華元大9A購01  ,0,0,0,0,0,0,0,0,0,47000,0,0,0,50000,3000,47000,47000
060454,葡萄王元大9A購01,0,0,0,0,0,0,0,0,0,47000,0,0,0,109000,62000,47000,47000
057746,同欣電永豐98購02,0,0,0,0,0,0,0,0,0,47000,0,0,0,112000,65000,47000,47000
057739,新日興富邦9B購01,0,0,0,0,0,0,0,0,0,47000,0,0,0,152000,105000,47000,47000
07843P,緯穎元大9A售05  ,0,0,0,0,0,0,0,0,0,47000,0,0,0,49000,2000,47000,47000
06717P,可成元大98售09  ,0,0,0,0,0,0,0,0,0,46000,0,0,0,147000,101000,46000,46000
03446B,臺股指元大9B熊26,0,0,0,0,0,0,0,0,0,46000,0,0,0,53000,7000,46000,46000
059452,全新永豐99購03  ,0,0,0,0,0,0,0,0,0,46000,0,0,0,66000,20000,46000,46000
05947P,大成鋼元大96售03,0,0,0,0,0,0,0,0,0,46000,0,0,0,46000,0,46000,46000
058650,台虹永豐9A購01  ,0,0,0,0,0,0,0,0,0,46000,0,0,0,46000,0,46000,46000
056894,佳世達元大99購01,0,0,0,0,0,0,0,0,0,46000,0,0,0,75000,29000,46000,46000
060161,牧德永豐9A購02  ,0,0,0,0,0,0,0,0,0,46000,0,0,0,66000,20000,46000,46000
060501,鴻海元大9A購13  ,0,0,0,0,0,0,0,0,0,46000,0,0,0,50000,4000,46000,46000
058613,茂林元大99購03  ,0,0,0,0,0,0,0,0,0,46000,0,0,0,89000,43000,46000,46000
057618,台光電凱基99購01,0,0,0,0,0,0,0,0,0,46000,0,0,0,96000,50000,46000,46000
06653P,美食元大98售02  ,0,0,0,0,0,0,0,0,0,45000,0,0,0,345000,300000,45000,45000
062509,SP黃豆國票9B購03,0,0,0,0,0,0,0,0,0,45000,0,0,0,45000,0,45000,45000
062415,聯茂中信9C購01  ,0,0,0,0,0,0,0,0,0,45000,0,0,0,45000,0,45000,45000
062648,聯茂富邦9B購01  ,0,0,0,0,0,0,0,0,0,45000,0,0,0,45000,0,45000,45000
06262P,國巨凱基97售07  ,0,0,0,0,0,0,0,0,0,45000,0,0,0,46000,1000,45000,45000
061295,台積電國泰9B購02,0,0,0,0,0,0,0,0,0,45000,0,0,0,78000,33000,45000,45000
061643,嘉澤元大9A購05  ,0,0,0,0,0,0,0,0,0,45000,0,0,0,78000,33000,45000,45000
061949,大立光群益9B購03,0,0,0,0,0,0,0,0,0,45000,0,0,0,77000,32000,45000,45000
059231,華通國票9A購04  ,0,0,0,0,0,0,0,0,0,45000,0,0,0,45000,0,45000,45000
056232,瑞儀凱基98購01  ,0,0,0,0,0,0,0,0,0,45000,0,0,0,95000,50000,45000,45000
056409,麗豐國票99購01  ,0,0,0,0,0,0,0,0,0,45000,0,0,0,85000,40000,45000,45000
055012,茂林元富97購01  ,0,0,0,0,0,0,0,0,0,45000,0,0,0,45000,0,45000,45000
055173,瑞昱統一97購01  ,0,0,0,0,0,0,0,0,0,45000,0,0,0,118000,73000,45000,45000
055592,奇力新元大97購07,0,0,0,0,0,0,0,0,0,45000,0,0,0,45000,0,45000,45000
053281,茂林元大96購02  ,0,0,0,0,0,0,0,0,0,45000,0,0,0,45000,0,45000,45000
053915,光罩國票96購02  ,0,0,0,0,0,0,0,0,0,45000,0,0,0,45000,0,45000,45000
053517,崇越群益97購01  ,0,0,0,0,0,0,0,0,0,45000,0,0,0,60000,15000,45000,45000
054214,京鼎國票97購02  ,0,0,0,0,0,0,0,0,0,45000,0,0,0,45000,0,45000,45000
051789,嘉澤國票96購01  ,0,0,0,0,0,0,0,0,0,45000,0,0,0,45000,0,45000,45000
058369,亞光凱基99購02  ,0,0,0,0,0,0,0,0,0,45000,0,0,0,45000,0,45000,45000
060057,欣興凱基9B購01  ,0,0,0,0,0,0,0,0,0,45000,0,0,0,45000,0,45000,45000
059924,世紀鋼元大99購06,0,0,0,0,0,0,0,0,0,45000,0,0,0,55000,10000,45000,45000
059816,聯電凱基99購03  ,0,0,0,0,0,0,0,0,0,45000,0,0,0,48000,3000,45000,45000
058122,美律國票9A購01  ,0,0,0,0,0,0,0,0,0,45000,0,0,0,59000,14000,45000,45000
05848P,臺股指元大96售24,0,0,0,0,0,0,0,0,0,45000,0,0,0,45000,0,45000,45000
060499,鴻海元大9A購11  ,0,0,0,0,0,0,0,0,0,45000,0,0,0,46000,1000,45000,45000
060552,群創凱基9B購05  ,0,0,0,0,0,0,0,0,0,45000,0,0,0,50000,5000,45000,45000
07861P,台灣50中信03售08,0,0,0,0,0,0,0,0,0,45000,0,0,0,45000,0,45000,45000
07354P,臺股指國票99售22,0,0,0,0,0,0,0,0,0,45000,0,0,0,50000,5000,45000,45000
07458P,長榮航元大9A售01,0,0,0,0,0,0,0,0,0,45000,0,0,0,45000,0,45000,45000
07210P,智邦凱基99售03  ,0,0,0,0,0,0,0,0,0,45000,0,0,0,45000,0,45000,45000
07145P,為升元大99售03  ,0,0,0,0,0,0,0,0,0,45000,0,0,0,45000,0,45000,45000
06848P,聯詠元大98售04  ,0,0,0,0,0,0,0,0,0,45000,0,0,0,45000,0,45000,45000
06996P,臺股指凱基99售17,0,0,0,0,0,0,0,0,0,45000,0,0,0,45000,0,45000,45000
061531,奇鋐台新9A購01  ,0,0,0,0,0,0,0,0,0,44000,0,0,0,44000,0,44000,44000
061381,台灣50群益9B購07,0,0,0,0,0,0,0,0,0,44000,0,0,0,47000,3000,44000,44000
060635,義隆永豐9A購01  ,0,0,0,0,0,0,0,0,0,44000,0,0,0,50000,6000,44000,44000
062591,新日興統一9C購01,0,0,0,0,0,0,0,0,0,44000,0,0,0,116000,72000,44000,44000
062474,台表科凱基9C購01,0,0,0,0,0,0,0,0,0,44000,0,0,0,52000,8000,44000,44000
062350,台表科群益9B購01,0,0,0,0,0,0,0,0,0,44000,0,0,0,349000,305000,44000,44000
052945,嘉晶國票97購01  ,0,0,0,0,0,0,0,0,0,44000,0,0,0,64000,20000,44000,44000
053400,緯穎中信9A購01  ,0,0,0,0,0,0,0,0,0,44000,0,0,0,58000,14000,44000,44000
055311,健策群益98購02  ,0,0,0,0,0,0,0,0,0,44000,0,0,0,46000,2000,44000,44000
056214,義隆國票99購01  ,0,0,0,0,0,0,0,0,0,44000,0,0,0,54000,10000,44000,44000
05615P,臺股指康和96售04,0,0,0,0,0,0,0,0,0,44000,0,0,0,44000,0,44000,44000
056848,泰鼎元富98購01  ,0,0,0,0,0,0,0,0,0,44000,0,0,0,44000,0,44000,44000
057507,貿聯國票98購02  ,0,0,0,0,0,0,0,0,0,44000,0,0,0,76000,32000,44000,44000
057308,同欣電兆豐99購01,0,0,0,0,0,0,0,0,0,44000,0,0,0,44000,0,44000,44000
057833,聯發科元富02購06,0,0,0,0,0,0,0,0,0,44000,0,0,0,45000,1000,44000,44000
07614P,華新科群益9A售04,0,0,0,0,0,0,0,0,0,44000,0,0,0,144000,100000,44000,44000
07965P,玉晶光群益01售02,0,0,0,0,0,0,0,0,0,44000,0,0,0,51000,7000,44000,44000
062125,嘉晶統一9B購01  ,0,0,0,0,0,0,0,0,0,43000,0,0,0,89000,46000,43000,43000
059350,樺漢凱基9A購01  ,0,0,0,0,0,0,0,0,0,43000,0,0,0,75000,32000,43000,43000
055138,大毅永豐97購02  ,0,0,0,0,0,0,0,0,0,43000,0,0,0,43000,0,43000,43000
055085,大毅國票97購01  ,0,0,0,0,0,0,0,0,0,43000,0,0,0,43000,0,43000,43000
055594,華新科元大98購02,0,0,0,0,0,0,0,0,0,43000,0,0,0,43000,0,43000,43000
055589,台光電元大98購04,0,0,0,0,0,0,0,0,0,43000,0,0,0,43000,0,43000,43000
055782,新日興凱基99購01,0,0,0,0,0,0,0,0,0,43000,0,0,0,43000,0,43000,43000
052696,玉晶光麥證97購01,0,0,0,56000,12000,44000,0,0,0,43000,0,0,0,68000,25000,43000,43000
053092,台表科元大97購02,0,0,0,0,0,0,0,0,0,43000,0,0,0,43000,0,43000,43000
05783P,嘉澤元富96售01  ,0,0,0,0,0,0,0,0,0,43000,0,0,0,143000,100000,43000,43000
057885,台光電群益98購04,0,0,0,0,0,0,0,0,0,43000,0,0,0,43000,0,43000,43000
057988,鈺齊元富98購02  ,0,0,0,0,0,0,0,0,0,43000,0,0,0,91000,48000,43000,43000
059168,奇力新凱基99購05,0,0,0,0,0,0,0,0,0,43000,0,0,0,43000,0,43000,43000
060503,技嘉元大9A購01  ,0,0,0,0,0,0,0,0,0,43000,0,0,0,45000,2000,43000,43000
058833,台表科永豐99購01,0,0,0,0,0,0,0,0,0,43000,0,0,0,43000,0,43000,43000
058930,華新科統一9B購01,0,0,0,0,0,0,0,0,0,43000,0,0,0,190000,147000,43000,43000
06200P,聯發科元大97售18,0,0,0,0,0,0,0,0,0,42000,0,0,0,108000,66000,42000,42000
062194,遠東新中信9C購01,0,0,0,0,0,0,0,0,0,42000,0,0,0,87000,45000,42000,42000
062759,旺宏凱基9B購07  ,0,0,0,0,0,0,0,0,0,42000,0,0,0,81000,39000,42000,42000
053921,嘉晶國票97購03  ,0,0,0,0,0,0,0,0,0,42000,0,0,0,42000,0,42000,42000
048755,志超元富96購01  ,0,0,0,0,0,0,0,0,0,42000,0,0,0,42000,0,42000,42000
05528P,臺股指群益96售01,0,0,0,0,0,0,0,0,0,42000,0,0,0,43000,1000,42000,42000
05502P,台表科國票97售01,0,0,0,0,0,0,0,0,0,42000,0,0,0,65000,23000,42000,42000
059637,大立光凱基01購01,0,0,0,0,0,0,0,0,0,42000,0,0,0,60000,18000,42000,42000
059669,台灣50元富9B購05,0,0,0,0,0,0,0,0,0,42000,0,0,0,72000,30000,42000,42000
056332,台郡國票99購01  ,0,0,0,0,0,0,0,0,0,42000,0,0,0,86000,44000,42000,42000
059756,奇力新富邦9C購01,0,0,0,0,0,0,0,0,0,42000,0,0,0,42000,0,42000,42000
057493,聯詠元大98購02  ,0,0,0,0,0,0,0,0,0,42000,0,0,0,42000,0,42000,42000
060087,鴻海元大99購43  ,0,0,0,0,0,0,0,0,0,42000,0,0,0,52000,10000,42000,42000
07968P,國巨元大9B售09  ,0,0,0,0,0,0,0,0,0,42000,0,0,0,42000,0,42000,42000
07163P,臺股指群益99售14,0,0,0,0,0,0,0,0,0,42000,0,0,0,44000,2000,42000,42000
4763,材料-KY         ,37000,5000,32000,0,0,0,0,0,0,10000,11000,1000,10000,0,0,0,42000
062275,燿華群益9B購01  ,0,0,0,0,0,0,0,0,0,41000,0,0,0,81000,40000,41000,41000
062360,華邦電元大9B購01,0,0,0,0,0,0,0,0,0,41000,0,0,0,120000,79000,41000,41000
060681,華擎元大9A購02  ,0,0,0,0,0,0,0,0,0,41000,0,0,0,75000,34000,41000,41000
061278,和大統一9A購01  ,0,0,0,0,0,0,0,0,0,41000,0,0,0,41000,0,41000,41000
056206,泰鼎永豐97購01  ,0,0,0,0,0,0,0,0,0,41000,0,0,0,69000,28000,41000,41000
055619,同欣電國票98購02,0,0,0,0,0,0,0,0,0,41000,0,0,0,363000,322000,41000,41000
051406,泰鼎永豐96購01  ,0,0,0,0,0,0,0,0,0,41000,0,0,0,41000,0,41000,41000
056488,致新元大99購01  ,0,1000,-1000,0,0,0,0,0,0,42000,0,0,0,57000,15000,42000,41000
059785,美律元大9A購03  ,0,0,0,0,0,0,0,0,0,41000,0,0,0,43000,2000,41000,41000
058464,矽創兆豐9A購01  ,0,0,0,0,0,0,0,0,0,41000,0,0,0,191000,150000,41000,41000
05706P,TPK永豐96售02   ,0,0,0,0,0,0,0,0,0,41000,0,0,0,41000,0,41000,41000
057638,上銀元大99購01  ,0,0,0,0,0,0,0,0,0,41000,0,0,0,44000,3000,41000,41000
058741,欣興日盛99購01  ,0,0,0,0,0,0,0,0,0,41000,0,0,0,44000,3000,41000,41000
060404,台勝科國泰9B購01,0,0,0,0,0,0,0,0,0,41000,0,0,0,73000,32000,41000,41000
6533,晶心科          ,91000,70000,21000,0,0,0,0,0,0,20000,20000,0,20000,0,0,0,41000
06926P,可成群益9A售04  ,0,0,0,0,0,0,0,0,0,41000,0,0,0,60000,19000,41000,41000
07462P,臺股指元大9B售05,0,0,0,0,0,0,0,0,0,41000,0,0,0,192000,151000,41000,41000
07387P,臺股指群益99售25,0,0,0,0,0,0,0,0,0,41000,0,0,0,41000,0,41000,41000
061263,微星凱基9A購01  ,0,0,0,0,0,0,0,0,0,40000,0,0,0,46000,6000,40000,40000
061166,玉晶光兆豐9B購01,0,0,0,0,0,0,0,0,0,40000,0,0,0,50000,10000,40000,40000
061211,玉晶光元大9A購12,0,0,0,0,0,0,0,0,0,40000,0,0,0,40000,0,40000,40000
061204,國巨元大9A購16  ,0,0,0,0,0,0,0,0,0,40000,0,0,0,40000,0,40000,40000
060976,SP黃豆元大9A購03,0,0,0,0,0,0,0,0,0,40000,0,0,0,40000,0,40000,40000
060697,鴻海國泰9C購01  ,0,0,0,0,0,0,0,0,0,40000,0,0,0,67000,27000,40000,40000
061370,晶技國泰9C購01  ,0,0,0,0,0,0,0,0,0,40000,0,0,0,50000,10000,40000,40000
061790,中租群益9B購01  ,0,0,0,0,0,0,0,0,0,40000,0,0,0,138000,98000,40000,40000
062625,華通國票9B購02  ,0,0,0,0,0,0,0,0,0,40000,0,0,0,40000,0,40000,40000
062719,微星凱基9B購01  ,0,0,0,0,0,0,0,0,0,40000,0,0,0,40000,0,40000,40000
062916,智易元大9B購01  ,0,0,0,0,0,0,0,0,0,40000,0,0,0,82000,42000,40000,40000
06598P,奇力新永豐98售02,0,0,0,0,0,0,0,0,0,40000,0,0,0,40000,0,40000,40000
056484,聯茂元大98購02  ,0,0,0,0,0,0,0,0,0,40000,0,0,0,40000,0,40000,40000
056461,樺漢凱基98購02  ,0,0,0,0,0,0,0,0,0,40000,0,0,0,60000,20000,40000,40000
054258,牧德元大97購01  ,0,0,0,0,0,0,0,0,0,40000,0,0,0,66000,26000,40000,40000
054055,全新國票99購02  ,0,0,0,0,0,0,0,0,0,40000,0,0,0,40000,0,40000,40000
052094,瀚宇博元大96購02,0,0,0,0,0,0,0,0,0,40000,0,0,0,40000,0,40000,40000
050566,高股息中信97購02,0,0,0,0,0,0,0,0,0,40000,0,0,0,40000,0,40000,40000
049892,國巨富邦96購01  ,0,0,0,0,0,0,0,0,0,40000,0,0,0,40000,0,40000,40000
047595,元石油元富97購01,0,0,0,0,0,0,0,0,0,40000,0,0,0,40000,0,40000,40000
055693,南茂凱基97購01  ,0,0,0,0,0,0,0,0,0,40000,0,0,0,40000,0,40000,40000
055736,宏達電元富99購01,0,0,0,0,0,0,0,0,0,40000,0,0,0,140000,100000,40000,40000
055359,超眾凱基97購01  ,0,0,0,0,0,0,0,0,0,40000,0,0,0,48000,8000,40000,40000
055191,牧德元富97購01  ,0,0,0,0,0,0,0,0,0,40000,0,0,0,40000,0,40000,40000
056101,光磊永豐98購01  ,0,0,0,0,0,0,0,0,0,40000,0,0,0,68000,28000,40000,40000
056132,台光電元大97購03,0,0,0,0,0,0,0,0,0,40000,0,0,0,55000,15000,40000,40000
059282,嘉聯益永豐99購01,0,0,0,0,0,0,0,0,0,40000,0,0,0,40000,0,40000,40000
059322,晶技元大99購06  ,0,0,0,0,0,0,0,0,0,40000,0,0,0,40000,0,40000,40000
060260,京鼎凱基9C購01  ,0,0,0,0,0,0,0,0,0,40000,0,0,0,40000,0,40000,40000
060222,貿聯凱基9A購02  ,0,0,0,0,0,0,0,0,0,40000,0,0,0,40000,0,40000,40000
060304,大立光富邦9C購05,0,0,0,0,0,0,0,0,0,40000,0,0,0,40000,0,40000,40000
058881,全新永豐99購01  ,0,0,0,0,0,0,0,0,0,40000,0,0,0,60000,20000,40000,40000
058132,義隆元大99購03  ,0,0,0,0,0,0,0,0,0,40000,0,0,0,300000,260000,40000,40000
057527,億光元大98購01  ,0,0,0,0,0,0,0,0,0,40000,0,0,0,55000,15000,40000,40000
058295,欣興凱基99購02  ,0,0,0,0,0,0,0,0,0,40000,0,0,0,68000,28000,40000,40000
057154,易華電國泰99購01,0,0,0,0,0,0,0,0,0,40000,0,0,0,40000,0,40000,40000
058408,華通兆豐99購02  ,0,0,0,0,0,0,0,0,0,40000,0,0,0,260000,220000,40000,40000
057616,聯電凱基99購01  ,0,0,0,0,0,0,0,0,0,40000,0,0,0,80000,40000,40000,40000
057553,景碩凱基98購03  ,0,0,0,0,0,0,0,0,0,40000,0,0,0,40000,0,40000,40000
057875,京鼎元大98購03  ,0,0,0,0,0,0,0,0,0,40000,0,0,0,40000,0,40000,40000
059142,道瓊指國票9B購02,0,0,0,0,0,0,0,0,0,40000,0,0,0,40000,0,40000,40000
059145,創意國票99購02  ,0,0,0,0,0,0,0,0,0,40000,0,0,0,40000,0,40000,40000
058234,華新科元大99購12,0,0,0,0,0,0,0,0,0,40000,0,0,0,40000,0,40000,40000
05954P,旺宏國票97售03  ,0,0,0,0,0,0,0,0,0,40000,0,0,0,50000,10000,40000,40000
060120,聯電富邦9B購01  ,0,0,0,0,0,0,0,0,0,40000,0,0,0,40000,0,40000,40000
059964,元金2X凱基99購02,0,0,0,0,0,0,0,0,0,40000,0,0,0,40000,0,40000,40000
06915P,晶技元富98售02  ,0,0,0,0,0,0,0,0,0,40000,0,0,0,40000,0,40000,40000
06889P,臺股指元大98售13,0,0,0,0,0,0,0,0,0,40000,0,0,0,40000,0,40000,40000
07979P,大立光凱基9B售05,0,0,0,0,0,0,0,0,0,40000,0,0,0,40000,0,40000,40000
07977P,華新科群益01售01,0,0,0,0,0,0,0,0,0,40000,0,0,0,106000,66000,40000,40000
060964,日月光凱基9A購01,0,0,0,0,0,0,0,0,0,39000,0,0,0,39000,0,39000,39000
056026,智易群益97購01  ,0,0,0,0,0,0,0,0,0,39000,0,0,0,39000,0,39000,39000
056705,超眾國泰99購01  ,0,0,0,0,0,0,0,0,0,39000,0,0,0,69000,30000,39000,39000
03662C,FBVIX凱基03牛01 ,0,0,0,0,0,0,0,0,0,39000,0,0,0,90000,51000,39000,39000
054057,晶豪科國票97購01,0,0,0,0,0,0,0,0,0,39000,0,0,0,39000,0,39000,39000
059959,訊芯康和99購01  ,0,0,0,0,0,0,0,0,0,39000,0,0,0,65000,26000,39000,39000
05995P,T50正2中信9C售01,0,0,0,0,0,0,0,0,0,39000,0,0,0,119000,80000,39000,39000
057831,聯發科元富02購04,0,0,0,0,0,0,0,0,0,39000,0,0,0,50000,11000,39000,39000
056946,國巨統一98購05  ,0,0,0,0,0,0,0,0,0,39000,0,0,0,72000,33000,39000,39000
060460,鴻海元大9A購08  ,0,0,0,0,0,0,0,0,0,39000,0,0,0,60000,21000,39000,39000
07281P,鴻海凱基99售13  ,0,0,0,0,0,0,0,0,0,39000,0,0,0,40000,1000,39000,39000
061149,華通群益9A購05  ,0,0,0,0,0,0,0,0,0,38000,0,0,0,47000,9000,38000,38000
060846,欣興國票9A購02  ,0,0,0,0,0,0,0,0,0,38000,0,0,0,245000,207000,38000,38000
06510P,燿華永豐98售03  ,0,0,0,0,0,0,0,0,0,38000,0,0,0,73000,35000,38000,38000
062762,聯詠凱基9B購02  ,0,0,0,0,0,0,0,0,0,38000,0,0,0,38000,0,38000,38000
062878,宏達電兆豐9B購01,0,0,0,0,0,0,0,0,0,38000,0,0,0,38000,0,38000,38000
062479,TPK國票9B購01   ,0,0,0,0,0,0,0,0,0,38000,0,0,0,38000,0,38000,38000
062315,健策凱基9C購01  ,0,0,0,0,0,0,0,0,0,38000,0,0,0,63000,25000,38000,38000
062143,大成鋼國票9B購01,0,0,0,0,0,0,0,0,0,38000,0,0,0,43000,5000,38000,38000
054311,世芯凱基96購02  ,0,0,0,0,0,0,0,0,0,38000,0,0,0,77000,39000,38000,38000
052647,晶技永豐97購01  ,0,0,0,0,0,0,0,0,0,38000,0,0,0,48000,10000,38000,38000
055323,貿聯國票98購01  ,0,0,0,0,0,0,0,0,0,38000,0,0,0,38000,0,38000,38000
055610,光磊國票98購01  ,0,0,0,0,0,0,0,0,0,38000,0,0,0,38000,0,38000,38000
056168,鴻海元富97購07  ,0,0,0,0,0,0,0,0,0,38000,0,0,0,146000,108000,38000,38000
059348,日月光凱基99購01,0,0,0,0,0,0,0,0,0,38000,0,0,0,38000,0,38000,38000
060259,潤泰全凱基9C購01,0,0,0,0,0,0,0,0,0,38000,0,0,0,58000,20000,38000,38000
060163,健策永豐9B購01  ,0,0,0,0,0,0,0,0,0,38000,0,0,0,62000,24000,38000,38000
057001,華邦電國票99購02,0,0,0,0,0,0,0,0,0,38000,0,0,0,38000,0,38000,38000
058026,上銀富邦9A購01  ,0,0,0,0,0,0,0,0,0,38000,0,0,0,38000,0,38000,38000
057567,嘉聯益富邦9A購01,0,0,0,0,0,0,0,0,0,38000,0,0,0,100000,62000,38000,38000
057629,泰碩永豐98購02  ,0,0,0,0,0,0,0,0,0,38000,0,0,0,38000,0,38000,38000
059898,T50反1元大99購15,0,0,0,0,0,0,0,0,0,38000,0,0,0,38000,0,38000,38000
059876,智易凱基99購02  ,0,0,0,0,0,0,0,0,0,38000,0,0,0,38000,0,38000,38000
07383P,聯發科群益99售06,0,0,0,0,0,0,0,0,0,38000,0,0,0,60000,22000,38000,38000
6706,惠特            ,158776,166000,-7224,0,0,0,69000,1000,68000,-23000,2000,25000,-23000,0,0,0,37776
062142,喬山國票9B購01  ,0,0,0,0,0,0,0,0,0,37000,0,0,0,79000,42000,37000,37000
06376P,上銀統一99售01  ,0,0,0,0,0,0,0,0,0,37000,0,0,0,37000,0,37000,37000
060892,超眾統一9C購01  ,0,0,0,0,0,0,0,0,0,37000,0,0,0,44000,7000,37000,37000
060928,明泰永豐9A購01  ,0,0,0,0,0,0,0,0,0,37000,0,0,0,37000,0,37000,37000
061269,嘉澤凱基9A購01  ,0,0,0,0,0,0,0,0,0,37000,0,0,0,164000,127000,37000,37000
05920P,力成元大96售04  ,0,0,0,0,0,0,0,0,0,37000,0,0,0,106000,69000,37000,37000
059678,鴻海國泰9A購03  ,0,0,0,0,0,0,0,0,0,37000,0,0,0,37000,0,37000,37000
054684,裕隆永豐97購01  ,0,0,0,0,0,0,0,0,0,37000,0,0,0,42000,5000,37000,37000
054938,國巨元大97購04  ,0,0,0,0,0,0,0,0,0,37000,0,0,0,37000,0,37000,37000
056471,台光電元大99購01,0,0,0,0,0,0,0,0,0,37000,0,0,0,37000,0,37000,37000
052491,泰碩國票99購01  ,0,0,0,0,0,0,0,0,0,37000,0,0,0,37000,0,37000,37000
053450,同欣電凱基96購02,0,0,0,0,0,0,0,0,0,37000,0,0,0,47000,10000,37000,37000
053473,聯發科元大96購15,0,0,0,0,0,0,0,0,0,37000,0,0,0,45000,8000,37000,37000
053635,技嘉永豐96購01  ,0,0,0,0,0,0,0,0,0,37000,0,0,0,37000,0,37000,37000
059946,健策永豐99購05  ,0,0,0,0,0,0,0,0,0,37000,0,0,0,39000,2000,37000,37000
060128,健策永豐99購06  ,0,0,0,0,0,0,0,0,0,37000,0,0,0,48000,11000,37000,37000
057428,正崴兆豐98購01  ,0,0,0,0,0,0,0,0,0,37000,0,0,0,44000,7000,37000,37000
05758P,光罩永豐96售02  ,0,0,0,0,0,0,0,0,0,37000,0,0,0,152000,115000,37000,37000
057936,健策群益99購01  ,0,0,0,0,0,0,0,0,0,37000,0,0,0,52000,15000,37000,37000
058334,鴻海元富99購05  ,0,0,0,0,0,0,0,0,0,37000,0,0,0,38000,1000,37000,37000
056863,義隆群益98購01  ,0,0,0,0,0,0,0,0,0,37000,0,0,0,42000,5000,37000,37000
056739,美律凱基98購04  ,0,0,0,0,0,0,0,0,0,37000,0,0,0,51000,14000,37000,37000
07128P,大毅元大99售04  ,0,0,0,0,0,0,0,0,0,37000,0,0,0,141000,104000,37000,37000
07990P,緯穎凱基9B售02  ,0,0,0,0,0,0,0,0,0,37000,0,0,0,229000,192000,37000,37000
07867P,晶技元大9B售01  ,0,0,0,0,0,0,0,0,0,37000,0,0,0,70000,33000,37000,37000
061146,台表科中信9A購02,0,0,0,0,0,0,0,0,0,36000,0,0,0,99000,63000,36000,36000
060683,泰鼎元大9A購02  ,0,0,0,0,0,0,0,0,0,36000,0,0,0,49000,13000,36000,36000
062002,鴻海國泰01購01  ,0,0,0,0,0,0,0,0,0,36000,0,0,0,61000,25000,36000,36000
06187P,國巨統一97售05  ,0,0,0,0,0,0,0,0,0,36000,0,0,0,36000,0,36000,36000
061405,亞德客國票9B購01,0,0,0,0,0,0,0,0,0,36000,0,0,0,36000,0,36000,36000
061549,泰碩群益9A購01  ,0,0,0,0,0,0,0,0,0,36000,0,0,0,72000,36000,36000,36000
063020,奇力新元大9B購04,0,0,0,0,0,0,0,0,0,36000,0,0,0,36000,0,36000,36000
062080,奇力新元大9B購02,0,0,0,0,0,0,0,0,0,36000,0,0,0,36000,0,36000,36000
050578,聯發科國票95購03,0,0,0,0,0,0,0,0,0,36000,0,0,0,36000,0,36000,36000
056577,玉晶光元大99購06,0,0,0,0,0,0,0,0,0,36000,0,0,0,62000,26000,36000,36000
059203,勤誠永豐99購02  ,0,0,0,0,0,0,0,0,0,36000,0,0,0,36000,0,36000,36000
059459,訊芯永豐99購04  ,0,0,0,0,0,0,0,0,0,36000,0,0,0,166000,130000,36000,36000
058042,鴻海元大98購12  ,0,0,0,0,0,0,0,0,0,36000,0,0,0,116000,80000,36000,36000
058730,玉晶光永豐9A購01,0,0,0,0,0,0,0,0,0,36000,0,0,0,51000,15000,36000,36000
058684,健策凱基99購02  ,0,0,0,0,0,0,0,0,0,36000,0,0,0,37000,1000,36000,36000
057794,T50反1兆豐99購02,0,0,0,0,0,0,0,0,0,36000,0,0,0,57000,21000,36000,36000
060450,南亞元大9A購02  ,0,0,0,0,0,0,0,0,0,36000,0,0,0,167000,131000,36000,36000
060504,技嘉元大9A購02  ,0,0,0,0,0,0,0,0,0,36000,0,0,0,36000,0,36000,36000
07217P,大立光凱基9A售05,0,0,0,0,0,0,0,0,0,36000,0,0,0,210000,174000,36000,36000
062083,健策元大9C購03  ,0,0,0,0,0,0,0,0,0,35000,0,0,0,74000,39000,35000,35000
062045,崇越凱基9B購01  ,0,0,0,0,0,0,0,0,0,35000,0,0,0,59000,24000,35000,35000
062193,瑞昱第一9B購01  ,0,0,0,0,0,0,0,0,0,35000,0,0,0,117000,82000,35000,35000
062506,巨大群益9C購01  ,0,0,0,0,0,0,0,0,0,35000,0,0,0,38000,3000,35000,35000
062365,台光電元大9B購03,0,0,0,0,0,0,0,0,0,35000,0,0,0,124000,89000,35000,35000
062634,玉晶光國票9B購03,0,0,0,0,0,0,0,0,0,35000,0,0,0,37000,2000,35000,35000
062902,智邦元大9B購07  ,0,0,0,0,0,0,0,0,0,35000,0,0,0,98000,63000,35000,35000
06515P,國巨凱基98售06  ,0,0,0,0,0,0,0,0,0,35000,0,0,0,45000,10000,35000,35000
06636P,可成凱基98售08  ,0,0,0,0,0,0,0,0,0,35000,0,0,0,35000,0,35000,35000
061471,台積電元大9A購31,0,0,0,0,0,0,0,0,0,35000,0,0,0,35000,0,35000,35000
060660,國巨凱基9B購04  ,0,0,0,0,0,0,0,0,0,35000,0,0,0,35000,0,35000,35000
054745,智易凱基97購01  ,0,0,0,0,0,0,0,0,0,35000,0,0,0,35000,0,35000,35000
054773,台郡國票98購01  ,0,0,0,0,0,0,0,0,0,35000,0,0,0,35000,0,35000,35000
053762,T50反1富邦97購01,0,0,0,0,0,0,0,0,0,35000,0,0,0,35000,0,35000,35000
053916,漢唐國票97購04  ,0,0,0,0,0,0,0,0,0,35000,0,0,0,133000,98000,35000,35000
052371,元金2X元大95購01,0,0,0,0,0,0,0,0,0,35000,0,0,0,35000,0,35000,35000
053997,健策群益97購02  ,0,0,0,0,0,0,0,0,0,35000,0,0,0,38000,3000,35000,35000
054351,華新科國泰97購03,0,0,0,0,0,0,0,0,0,35000,0,0,0,66000,31000,35000,35000
057773,技嘉群益9A購02  ,0,0,0,0,0,0,0,0,0,35000,0,0,0,78000,43000,35000,35000
056897,南亞科元大98購02,0,0,0,0,0,0,0,0,0,35000,0,0,0,50000,15000,35000,35000
060171,宏達電台新9A購01,0,0,0,0,0,0,0,0,0,35000,0,0,0,45000,10000,35000,35000
058532,禾伸堂元富99購01,0,0,0,0,0,0,0,0,0,35000,0,0,0,35000,0,35000,35000
058780,牧德國票9A購01  ,0,0,0,0,0,0,0,0,0,35000,0,0,0,35000,0,35000,35000
058061,貿聯元富9B購01  ,0,0,0,0,0,0,0,0,0,35000,0,0,0,70000,35000,35000,35000
056743,貿聯凱基98購04  ,0,0,0,0,0,0,0,0,0,35000,0,0,0,35000,0,35000,35000
057289,力成元大98購03  ,0,0,0,0,0,0,0,0,0,35000,0,0,0,35000,0,35000,35000
057371,可成元大98購08  ,0,0,0,0,0,0,0,0,0,35000,0,0,0,35000,0,35000,35000
060105,牧德元大9B購01  ,0,0,0,0,0,0,0,0,0,35000,0,0,0,36000,1000,35000,35000
059913,台積電元大99購44,0,0,0,0,0,0,0,0,0,35000,0,0,0,85000,50000,35000,35000
07183P,臺股指凱基99售25,0,0,0,0,0,0,0,0,0,35000,0,0,0,60000,25000,35000,35000
061558,旺宏國票9B購02  ,0,0,0,0,0,0,0,0,0,34000,0,0,0,34000,0,34000,34000
061715,牧德凱基9B購03  ,0,0,0,0,0,0,0,0,0,34000,0,0,0,74000,40000,34000,34000
062670,瑞昱中信03購01  ,0,0,0,0,0,0,0,0,0,34000,0,0,0,118000,84000,34000,34000
056545,TPK凱基98購02   ,0,0,0,0,0,0,0,0,0,34000,0,0,0,38000,4000,34000,34000
053186,健策中信9C購01  ,0,0,0,0,0,0,0,0,0,34000,0,0,0,87000,53000,34000,34000
054755,世紀鋼凱基98購01,0,0,0,0,0,0,0,0,0,34000,0,0,0,34000,0,34000,34000
055566,台表科凱基97購03,0,0,0,0,0,0,0,0,0,34000,0,0,0,45000,11000,34000,34000
059246,奇力新凱基9A購02,0,0,0,0,0,0,0,0,0,34000,0,0,0,34000,0,34000,34000
059731,康控元大99購04  ,0,0,0,0,0,0,0,0,0,34000,0,0,0,39000,5000,34000,34000
058216,TPK群益99購01   ,0,0,0,0,0,0,0,0,0,34000,0,0,0,54000,20000,34000,34000
059143,國巨國票9A購04  ,0,0,0,0,0,0,0,0,0,34000,0,0,0,67000,33000,34000,34000
059121,瑞儀永豐99購01  ,0,0,0,0,0,0,0,0,0,34000,0,0,0,78000,44000,34000,34000
057170,瑞昱元大98購01  ,0,0,0,0,0,0,0,0,0,34000,0,0,0,154000,120000,34000,34000
057530,奇鋐元大99購01  ,0,0,0,0,0,0,0,0,0,34000,0,0,0,65000,31000,34000,34000
057934,華新科群益98購07,0,0,0,0,0,0,0,0,0,34000,0,0,0,34000,0,34000,34000
058852,貿聯群益99購04  ,0,0,0,0,0,0,0,0,0,34000,0,0,0,36000,2000,34000,34000
060479,億豐元大9A購01  ,0,0,0,0,0,0,0,0,0,34000,0,0,0,39000,5000,34000,34000
060265,宏達電國票9A購02,0,0,0,0,0,0,0,0,0,34000,0,0,0,38000,4000,34000,34000
07470P,國巨元大9A售06  ,0,0,0,0,0,0,0,0,0,34000,0,0,0,38000,4000,34000,34000
062611,台灣50元大9B購18,0,0,0,0,0,0,0,0,0,33000,0,0,0,34000,1000,33000,33000
062371,健策元大9B購08  ,0,0,0,0,0,0,0,0,0,33000,0,0,0,87000,54000,33000,33000
062071,華通元大9B購02  ,0,0,0,0,0,0,0,0,0,33000,0,0,0,39000,6000,33000,33000
062979,茂林元富9B購01  ,0,0,0,0,0,0,0,0,0,33000,0,0,0,148000,115000,33000,33000
062745,聯詠永豐9B購01  ,0,0,0,0,0,0,0,0,0,33000,0,0,0,34000,1000,33000,33000
061705,健策國票9A購06  ,0,0,0,0,0,0,0,0,0,33000,0,0,0,33000,0,33000,33000
061641,玉晶光元大9A購17,0,0,0,0,0,0,0,0,0,33000,0,0,0,38000,5000,33000,33000
061752,瑞昱台新9B購01  ,0,0,0,0,0,0,0,0,0,33000,0,0,0,137000,104000,33000,33000
061750,台達電台新9B購01,0,0,0,0,0,0,0,0,0,33000,0,0,0,33000,0,33000,33000
061923,友達凱基9B購04  ,0,0,0,0,0,0,0,0,0,33000,0,0,0,33000,0,33000,33000
056170,鴻海元富97購09  ,0,0,0,0,0,0,0,0,0,33000,0,0,0,35000,2000,33000,33000
056240,嘉晶群益97購02  ,0,0,0,0,0,0,0,0,0,33000,0,0,0,68000,35000,33000,33000
056838,旺宏元富98購01  ,0,0,0,0,0,0,0,0,0,33000,0,0,0,33000,0,33000,33000
058205,神達凱基9B購01  ,0,0,0,0,0,0,0,0,0,33000,0,0,0,33000,0,33000,33000
059078,FBVIX元大99購06 ,0,0,0,0,0,0,0,0,0,33000,0,0,0,68000,35000,33000,33000
059069,臺指反元大9C購01,0,0,0,0,0,0,0,0,0,33000,0,0,0,33000,0,33000,33000
058884,世紀鋼永豐99購02,0,0,0,0,0,0,0,0,0,33000,0,0,0,33000,0,33000,33000
057329,緯穎群益98購02  ,0,0,0,0,0,0,0,0,0,33000,0,0,0,34000,1000,33000,33000
058348,台表科群益99購01,0,0,0,0,0,0,0,0,0,33000,0,0,0,33000,0,33000,33000
059926,世紀鋼國泰9B購01,0,0,0,0,0,0,0,0,0,33000,0,0,0,77000,44000,33000,33000
059851,晶相光永豐99購02,0,0,0,0,0,0,0,0,0,33000,0,0,0,58000,25000,33000,33000
057454,上銀國泰99購02  ,0,0,0,0,0,0,0,0,0,33000,0,0,0,33000,0,33000,33000
07147P,高鐵元大99售01  ,0,0,0,0,0,0,0,0,0,33000,0,0,0,67000,34000,33000,33000
06935P,神達元大98售02  ,0,0,0,0,0,0,0,0,0,33000,0,0,0,163000,130000,33000,33000
07776P,國巨群益9B售02  ,0,0,0,0,0,0,0,0,0,33000,0,0,0,44000,11000,33000,33000
06183P,大立光元大97售05,0,0,0,0,0,0,0,0,0,32000,0,0,0,32000,0,32000,32000
061929,嘉澤凱基9B購01  ,0,0,0,0,0,0,0,0,0,32000,0,0,0,44000,12000,32000,32000
061182,南六凱基9A購01  ,0,0,0,0,0,0,0,0,0,32000,0,0,0,68000,36000,32000,32000
061101,道瓊銀元大9A購02,0,0,0,0,0,0,0,0,0,32000,0,0,0,180000,148000,32000,32000
062363,燿華元大9B購03  ,0,0,0,0,0,0,0,0,0,32000,0,0,0,98000,66000,32000,32000
062601,富邦金台新9B購01,0,0,0,0,0,0,0,0,0,32000,0,0,0,48000,16000,32000,32000
059662,旭富元大9C購01  ,0,0,0,0,0,0,0,0,0,32000,0,0,0,65000,33000,32000,32000
055716,致茂元大97購01  ,0,0,0,0,0,0,0,0,0,32000,0,0,0,100000,68000,32000,32000
054121,奇鋐永豐96購02  ,0,0,0,0,0,0,0,0,0,32000,0,0,0,32000,0,32000,32000
052054,台表科凱基96購01,0,0,0,0,0,0,0,0,0,32000,0,0,0,32000,0,32000,32000
053782,京元電元大98購02,0,0,0,0,0,0,0,0,0,32000,0,0,0,100000,68000,32000,32000
053316,友達群益9A購01  ,0,0,0,0,0,0,0,0,0,32000,0,0,0,32000,0,32000,32000
059990,健策元大9A購01  ,0,0,0,0,0,0,0,0,0,32000,0,0,0,50000,18000,32000,32000
059113,群光永豐99購01  ,0,0,0,0,0,0,0,0,0,32000,0,0,0,32000,0,32000,32000
059728,聯鈞元大99購01  ,0,0,0,0,0,0,0,0,0,32000,0,0,0,104000,72000,32000,32000
060290,興富發元大9C購01,0,0,0,0,0,0,0,0,0,32000,0,0,0,132000,100000,32000,32000
060322,卜蜂群益9A購01  ,0,0,0,0,0,0,0,0,0,32000,0,0,0,107000,75000,32000,32000
060467,神基元大9A購01  ,0,0,0,0,0,0,0,0,0,32000,0,0,0,198000,166000,32000,32000
07830P,牧德凱基9A售03  ,0,0,0,0,0,0,0,0,0,32000,0,0,0,32000,0,32000,32000
08003P,國巨國泰9B售07  ,0,0,0,0,0,0,0,0,0,32000,0,0,0,39000,7000,32000,32000
08074P,緯穎元富9B售02  ,0,0,0,0,0,0,0,0,0,32000,0,0,0,32000,0,32000,32000
07181P,臺股指凱基99售23,0,0,0,0,0,0,0,0,0,32000,0,0,0,38000,6000,32000,32000
07452P,國巨元大9A售05  ,0,0,0,0,0,0,0,0,0,32000,0,0,0,109000,77000,32000,32000
062780,旺宏元大01購01  ,0,0,0,0,0,0,0,0,0,31000,0,0,0,87000,56000,31000,31000
061102,台積電元大9A購22,0,0,0,0,0,0,0,0,0,31000,0,0,0,46000,15000,31000,31000
061123,燿華永豐9A購01  ,0,0,0,0,0,0,0,0,0,31000,0,0,0,61000,30000,31000,31000
061213,群創元大9A購05  ,0,0,0,0,0,0,0,0,0,31000,0,0,0,31000,0,31000,31000
061257,上銀凱基9A購06  ,0,0,0,0,0,0,0,0,0,31000,0,0,0,31000,0,31000,31000
060645,台表科永豐9A購02,0,0,0,0,0,0,0,0,0,31000,0,0,0,52000,21000,31000,31000
061942,亞德客群益9B購01,0,0,0,0,0,0,0,0,0,31000,0,0,0,32000,1000,31000,31000
061770,泰碩元大9B購02  ,0,0,0,0,0,0,0,0,0,31000,0,0,0,74000,43000,31000,31000
061587,美律富邦9A購02  ,0,0,0,0,0,0,0,0,0,31000,0,0,0,31000,0,31000,31000
053091,同欣電元大96購01,0,0,0,0,0,0,0,0,0,31000,0,0,0,31000,0,31000,31000
056485,同欣電元大98購01,0,0,0,0,0,0,0,0,0,31000,0,0,0,31000,0,31000,31000
055562,欣興凱基97購06  ,0,0,0,0,0,0,0,0,0,31000,0,0,0,31000,0,31000,31000
056004,南電永豐97購02  ,0,0,0,0,0,0,0,0,0,31000,0,0,0,67000,36000,31000,31000
056818,正崴永豐98購01  ,0,0,0,0,0,0,0,0,0,31000,0,0,0,31000,0,31000,31000
058480,新日興凱基9A購01,0,0,0,0,0,0,0,0,0,31000,0,0,0,41000,10000,31000,31000
059830,台郡凱基99購05  ,0,0,0,0,0,0,0,0,0,31000,0,0,0,31000,0,31000,31000
059841,國巨富邦9C購01  ,0,0,0,0,0,0,0,0,0,31000,0,0,0,136000,105000,31000,31000
060033,臻鼎永豐99購01  ,0,0,0,0,0,0,0,0,0,31000,0,0,0,111000,80000,31000,31000
058323,泰鼎永豐9A購01  ,0,0,0,0,0,0,0,0,0,31000,0,0,0,31000,0,31000,31000
058429,欣興元富99購01  ,0,0,0,0,0,0,0,0,0,31000,0,0,0,31000,0,31000,31000
07620P,國巨統一9B售07  ,0,0,0,0,0,0,0,0,0,31000,0,0,0,31000,0,31000,31000
07875P,祥碩群益9B售01  ,0,0,0,0,0,0,0,0,0,31000,0,0,0,177000,146000,31000,31000
2484,希華            ,303000,271000,32000,0,0,0,0,0,0,-1000,0,1000,-1000,0,0,0,31000
061551,GIS群益9A購01   ,0,0,0,0,0,0,0,0,0,30000,0,0,0,59000,29000,30000,30000
060936,T50反1國票9A購09,0,0,0,0,0,0,0,0,0,30000,0,0,0,30000,0,30000,30000
061206,旺宏元大9A購12  ,0,0,0,0,0,0,0,0,0,30000,0,0,0,50000,20000,30000,30000
061162,南電群益9A購02  ,0,0,0,0,0,0,0,0,0,30000,0,0,0,50000,20000,30000,30000
061077,國巨兆豐9B購01  ,0,0,0,0,0,0,0,0,0,30000,0,0,0,58000,28000,30000,30000
06102P,智邦凱基97售03  ,0,0,0,0,0,0,0,0,0,30000,0,0,0,30000,0,30000,30000
063007,儒鴻元大9B購01  ,0,0,0,0,0,0,0,0,0,30000,0,0,0,182000,152000,30000,30000
06300P,緯穎元大97售04  ,0,0,0,0,0,0,0,0,0,30000,0,0,0,30000,0,30000,30000
062668,國巨中信9B購04  ,0,0,0,0,0,0,0,0,0,30000,0,0,0,30000,0,30000,30000
062357,國巨元大9B購11  ,0,0,0,0,0,0,0,0,0,30000,0,0,0,50000,20000,30000,30000
062272,鴻海群益9B購05  ,0,0,0,0,0,0,0,0,0,30000,0,0,0,33000,3000,30000,30000
056133,可成元大97購05  ,0,0,0,0,0,0,0,0,0,30000,0,0,0,68000,38000,30000,30000
056112,勤誠永豐97購02  ,0,0,0,0,0,0,0,0,0,30000,0,0,0,30000,0,30000,30000
055849,聯詠元大97購05  ,0,0,0,0,0,0,0,0,0,30000,0,0,0,30000,0,30000,30000
05637P,聯電元大96售04  ,0,0,0,0,0,0,0,0,0,30000,0,0,0,30000,0,30000,30000
059665,嘉聯益元大99購06,0,0,0,0,0,0,0,0,0,30000,0,0,0,30000,0,30000,30000
059293,宏達電元富9B購01,0,0,0,0,0,0,0,0,0,30000,0,0,0,30000,0,30000,30000
059273,臺指反元大9C購03,0,0,0,0,0,0,0,0,0,30000,0,0,0,30000,0,30000,30000
054427,潤泰全富邦97購01,0,0,0,0,0,0,0,0,0,30000,0,0,0,30000,0,30000,30000
054413,台光電元大96購03,0,0,0,0,0,0,0,0,0,30000,0,0,0,55000,25000,30000,30000
056558,台達電群益98購01,0,0,0,0,0,0,0,0,0,30000,0,0,0,30000,0,30000,30000
055708,茂林永豐97購02  ,0,0,0,0,0,0,0,0,0,30000,0,0,0,30000,0,30000,30000
054532,強茂國泰98購01  ,0,0,0,0,0,0,0,0,0,30000,0,0,0,30000,0,30000,30000
054878,和大統一97購02  ,0,0,0,0,0,0,0,0,0,30000,0,0,0,30000,0,30000,30000
055171,凱美統一97購01  ,0,0,0,0,0,0,0,0,0,30000,0,0,0,80000,50000,30000,30000
056462,訊芯凱基98購03  ,0,0,0,0,0,0,0,0,0,30000,0,0,0,30000,0,30000,30000
056551,台郡凱基98購04  ,0,0,0,0,0,0,0,0,0,30000,0,0,0,40000,10000,30000,30000
056530,旺宏凱基98購06  ,0,0,0,0,0,0,0,0,0,30000,0,0,0,30000,0,30000,30000
056506,晶豪科永豐98購02,0,0,0,0,0,0,0,0,0,30000,0,0,0,50000,20000,30000,30000
052741,聯發科元大96購08,0,0,0,0,0,0,0,0,0,30000,0,0,0,30000,0,30000,30000
051509,鴻海中信97購01  ,0,0,0,0,0,0,0,0,0,30000,0,0,0,30000,0,30000,30000
054044,京元電元大96購03,0,0,0,0,0,0,0,0,0,30000,0,0,0,30000,0,30000,30000
05209P,鴻海凱基96售09  ,0,0,0,0,0,0,0,0,0,30000,0,0,0,30000,0,30000,30000
052599,S&P反1元大96購01,0,0,0,0,0,0,0,0,0,30000,0,0,0,30000,0,30000,30000
050939,健鼎國票96購01  ,0,0,0,0,0,0,0,0,0,30000,0,0,0,30000,0,30000,30000
050957,T50反1台新05購01,0,0,0,0,0,0,0,0,0,30000,0,0,0,30000,0,30000,30000
053783,聯發科元大96購17,0,0,0,0,0,0,0,0,0,30000,0,0,0,30000,0,30000,30000
053661,嘉澤凱基97購01  ,0,0,0,0,0,0,0,0,0,30000,0,0,0,32000,2000,30000,30000
050282,T50反1凱基97購01,0,0,0,0,0,0,0,0,0,30000,0,0,0,30000,0,30000,30000
058427,大毅元富99購01  ,0,0,0,0,0,0,0,0,0,30000,0,0,0,30000,0,30000,30000
057827,康友元大98購03  ,0,0,0,0,0,0,0,0,0,30000,0,0,0,30000,0,30000,30000
057599,技嘉群益9A購01  ,0,0,0,0,0,0,0,0,0,30000,0,0,0,33000,3000,30000,30000
057832,聯發科元富02購05,0,0,0,0,0,0,0,0,0,30000,0,0,0,42000,12000,30000,30000
057257,台泥兆豐99購01  ,0,0,0,0,0,0,0,0,0,30000,0,0,0,30000,0,30000,30000
057234,宏達電凱基98購05,0,0,0,0,0,0,0,0,0,30000,0,0,0,31000,1000,30000,30000
060049,華通凱基99購06  ,0,0,0,0,0,0,0,0,0,30000,0,0,0,30000,0,30000,30000
057504,技嘉麥證98購01  ,0,0,0,30000,0,30000,0,0,0,30000,0,0,0,30000,0,30000,30000
057481,技嘉元大98購04  ,0,0,0,0,0,0,0,0,0,30000,0,0,0,31000,1000,30000,30000
059930,健策富邦9B購01  ,0,0,0,0,0,0,0,0,0,30000,0,0,0,43000,13000,30000,30000
059919,宏達電元大99購06,0,0,0,0,0,0,0,0,0,30000,0,0,0,34000,4000,30000,30000
058115,台光電中信99購01,0,0,0,0,0,0,0,0,0,30000,0,0,0,30000,0,30000,30000
058145,聯茂元大99購03  ,0,0,0,0,0,0,0,0,0,30000,0,0,0,80000,50000,30000,30000
058848,台積電群益99購07,0,0,0,0,0,0,0,0,0,30000,0,0,0,30000,0,30000,30000
058937,仁寶中信99購01  ,0,0,0,0,0,0,0,0,0,30000,0,0,0,50000,20000,30000,30000
056713,華擎永豐98購01  ,0,0,0,0,0,0,0,0,0,30000,0,0,0,50000,20000,30000,30000
058989,茂林凱基99購02  ,0,0,0,0,0,0,0,0,0,30000,0,0,0,30000,0,30000,30000
060498,華通元大9A購03  ,0,0,0,0,0,0,0,0,0,30000,0,0,0,30000,0,30000,30000
060254,世紀鋼元大9A購01,0,0,0,0,0,0,0,0,0,30000,0,0,0,50000,20000,30000,30000
07858P,旺宏永豐9A售03  ,0,0,0,0,0,0,0,0,0,30000,0,0,0,30000,0,30000,30000
07940P,國巨群益9B售06  ,0,0,0,0,0,0,0,0,0,30000,0,0,0,47000,17000,30000,30000
07180P,臺股指凱基99售22,0,0,0,0,0,0,0,0,0,30000,0,0,0,30000,0,30000,30000
07108P,FBVIX台新99售02 ,0,0,0,0,0,0,0,0,0,30000,0,0,0,30000,0,30000,30000
06897P,FBVIX群益01售01 ,0,0,0,0,0,0,0,0,0,30000,0,0,0,30000,0,30000,30000
07001P,國巨元大99售12  ,0,0,0,0,0,0,0,0,0,30000,0,0,0,30000,0,30000,30000
062251,旺宏元大9B購06  ,0,0,0,0,0,0,0,0,0,29000,0,0,0,54000,25000,29000,29000
062146,大毅國票9B購01  ,0,0,0,0,0,0,0,0,0,29000,0,0,0,531000,502000,29000,29000
062109,聯詠國票9C購01  ,0,0,0,0,0,0,0,0,0,29000,0,0,0,38000,9000,29000,29000
062659,台灣50群益9B購10,0,0,0,0,0,0,0,0,0,29000,0,0,0,29000,0,29000,29000
06468P,華新科統一98售02,0,0,0,0,0,0,0,0,0,29000,0,0,0,39000,10000,29000,29000
061196,世芯永豐9A購06  ,0,0,0,0,0,0,0,0,0,29000,0,0,0,152000,123000,29000,29000
060673,旺宏元大9A購04  ,0,0,0,0,0,0,0,0,0,29000,0,0,0,51000,22000,29000,29000
061994,瑞儀元大9B購01  ,0,0,0,0,0,0,0,0,0,29000,0,0,0,79000,50000,29000,29000
051381,玉晶光群益98購01,0,0,0,0,0,0,0,0,0,29000,0,0,0,61000,32000,29000,29000
056487,康友元大98購01  ,0,0,0,0,0,0,0,0,0,29000,0,0,0,29000,0,29000,29000
056576,晶技元大99購02  ,0,0,0,0,0,0,0,0,0,29000,0,0,0,44000,15000,29000,29000
059475,元石油群益99購02,0,0,0,0,0,0,0,0,0,29000,0,0,0,34000,5000,29000,29000
059381,TPK亞東99購01   ,0,0,0,0,0,0,0,0,0,29000,0,0,0,29000,0,29000,29000
056286,奇鋐永豐97購01  ,0,0,0,0,0,0,0,0,0,29000,0,0,0,29000,0,29000,29000
05620P,大立光富邦9B售01,0,0,0,0,0,0,0,0,0,29000,0,0,0,29000,0,29000,29000
056077,矽力元大97購07  ,0,0,0,0,0,0,0,0,0,29000,0,0,0,30000,1000,29000,29000
060232,友訊元大9C購01  ,0,0,0,0,0,0,0,0,0,29000,0,0,0,45000,16000,29000,29000
058646,聯茂富邦9A購01  ,0,0,0,0,0,0,0,0,0,29000,0,0,0,349000,320000,29000,29000
056849,瀚宇博元富98購01,0,0,0,0,0,0,0,0,0,29000,0,0,0,129000,100000,29000,29000
058762,貿聯群益99購03  ,0,0,0,0,0,0,0,0,0,29000,0,0,0,29000,0,29000,29000
057489,奇力新元大99購06,0,0,0,0,0,0,0,0,0,29000,0,0,0,29000,0,29000,29000
058231,技嘉元大99購02  ,0,0,0,0,0,0,0,0,0,29000,0,0,0,29000,0,29000,29000
07502P,美食元大9A售01  ,0,0,0,0,0,0,0,0,0,29000,0,0,0,200000,171000,29000,29000
07319P,台積電凱基01售02,0,0,0,0,0,0,0,0,0,29000,0,0,0,55000,26000,29000,29000
08053P,臺股指國票9B售18,0,0,0,0,0,0,0,0,0,29000,0,0,0,29000,0,29000,29000
07852P,臺股指國票9A售13,0,0,0,0,0,0,0,0,0,29000,0,0,0,29000,0,29000,29000
07778P,台灣50凱基9C售08,0,0,0,0,0,0,0,0,0,29000,0,0,0,30000,1000,29000,29000
2348,海悅            ,49000,20000,29000,0,0,0,0,0,0,0,0,0,0,0,0,0,29000
061617,微星群益9A購02  ,0,0,0,0,0,0,0,0,0,28000,0,0,0,100000,72000,28000,28000
06147P,國巨元大97售05  ,0,0,0,0,0,0,0,0,0,28000,0,0,0,60000,32000,28000,28000
061445,道瓊指中信9A購01,0,0,0,0,0,0,0,0,0,28000,0,0,0,30000,2000,28000,28000
061316,台積電凱基9A購24,0,0,0,0,0,0,0,0,0,28000,0,0,0,32000,4000,28000,28000
060944,國泰金國票9A購01,0,0,0,0,0,0,0,0,0,28000,0,0,0,38000,10000,28000,28000
060894,奇力新凱基9A購03,0,0,0,0,0,0,0,0,0,28000,0,0,0,33000,5000,28000,28000
060992,健策元大9A購05  ,0,0,0,0,0,0,0,0,0,28000,0,0,0,62000,34000,28000,28000
060996,臻鼎元大9A購01  ,0,0,0,0,0,0,0,0,0,28000,0,0,0,72000,44000,28000,28000
061109,臻鼎元大9A購03  ,0,0,0,0,0,0,0,0,0,28000,0,0,0,153000,125000,28000,28000
06633P,國巨國票99售01  ,0,0,0,0,0,0,0,0,0,28000,0,0,0,50000,22000,28000,28000
062920,康友元大9B購01  ,0,0,0,0,0,0,0,0,0,28000,0,0,0,89000,61000,28000,28000
062362,致茂元大9B購01  ,0,0,0,0,0,0,0,0,0,28000,0,0,0,50000,22000,28000,28000
062510,台積電國票01購01,0,0,0,0,0,0,0,0,0,28000,0,0,0,30000,2000,28000,28000
055859,啟碁元大97購03  ,0,0,0,0,0,0,0,0,0,28000,0,0,0,28000,0,28000,28000
055337,超眾兆豐98購01  ,0,0,0,0,0,0,0,0,0,28000,0,0,0,28000,0,28000,28000
054923,晶技凱基98購01  ,0,0,0,0,0,0,0,0,0,28000,0,0,0,50000,22000,28000,28000
052926,旺宏元大98購02  ,0,0,0,0,0,0,0,0,0,28000,0,0,0,28000,0,28000,28000
05212P,台積電國票96售04,0,0,0,0,0,0,0,0,0,28000,0,0,0,47000,19000,28000,28000
051727,S&P反1國票97購01,0,0,0,0,0,0,0,0,0,28000,0,0,0,29000,1000,28000,28000
053187,國巨統一96購05  ,0,0,0,0,0,0,0,0,0,28000,0,0,0,28000,0,28000,28000
058267,奇鋐永豐99購01  ,0,0,0,0,0,0,0,0,0,28000,0,0,0,40000,12000,28000,28000
060073,台積電元富99購03,0,0,0,0,0,0,0,0,0,28000,0,0,0,31000,3000,28000,28000
057161,亞德客元大98購02,0,0,0,0,0,0,0,0,0,28000,0,0,0,69000,41000,28000,28000
058312,大毅國泰9B購01  ,0,0,0,0,0,0,0,0,0,28000,0,0,0,28000,0,28000,28000
057524,旺宏元大99購04  ,0,0,0,0,0,0,0,0,0,28000,0,0,0,28000,0,28000,28000
058399,美律元大99購05  ,0,0,0,0,0,0,0,0,0,28000,0,0,0,38000,10000,28000,28000
058214,世芯群益9A購01  ,0,0,0,0,0,0,0,0,0,28000,0,0,0,43000,15000,28000,28000
057819,新日興元大99購01,0,0,0,0,0,0,0,0,0,28000,0,0,0,88000,60000,28000,28000
058698,華通元大99購05  ,0,0,0,0,0,0,0,0,0,28000,0,0,0,30000,2000,28000,28000
8341,日友            ,69000,41000,28000,0,0,0,0,0,0,0,0,0,0,0,0,0,28000
07088P,訊芯永豐99售02  ,0,0,0,0,0,0,0,0,0,28000,0,0,0,68000,40000,28000,28000
062499,鴻海群益01購01  ,0,0,0,0,0,0,0,0,0,27000,0,0,0,34000,7000,27000,27000
062377,力成元大9B購01  ,0,0,0,0,0,0,0,0,0,27000,0,0,0,94000,67000,27000,27000
062658,聯茂第一9B購01  ,0,0,0,0,0,0,0,0,0,27000,0,0,0,47000,20000,27000,27000
062617,京鼎元大9B購01  ,0,0,0,0,0,0,0,0,0,27000,0,0,0,33000,6000,27000,27000
062099,牧德永豐9B購01  ,0,0,0,0,0,0,0,0,0,27000,0,0,0,27000,0,27000,27000
062348,聯發科群益9B購06,0,0,0,0,0,0,0,0,0,27000,0,0,0,36000,9000,27000,27000
062927,同欣電國票9B購02,0,0,0,0,0,0,0,0,0,27000,0,0,0,209000,182000,27000,27000
06428P,國巨元大97售17  ,0,0,0,0,0,0,0,0,0,27000,0,0,0,37000,10000,27000,27000
06411P,晶相光永豐97售03,0,0,0,0,0,0,0,0,0,27000,0,0,0,177000,150000,27000,27000
061125,億光永豐9A購01  ,0,0,0,0,0,0,0,0,0,27000,0,0,0,27000,0,27000,27000
061180,華擎凱基9B購01  ,0,0,0,0,0,0,0,0,0,27000,0,0,0,33000,6000,27000,27000
061348,聯鈞元大9A購05  ,0,0,0,0,0,0,0,0,0,27000,0,0,0,32000,5000,27000,27000
061488,奇力新兆豐9A購01,0,0,0,0,0,0,0,0,0,27000,0,0,0,27000,0,27000,27000
061842,牧德凱基9C購01  ,0,0,0,0,0,0,0,0,0,27000,0,0,0,30000,3000,27000,27000
061781,台積電群益9C購01,0,0,0,0,0,0,0,0,0,27000,0,0,0,86000,59000,27000,27000
061737,南亞科凱基9B購01,0,0,0,0,0,0,0,0,0,27000,0,0,0,27000,0,27000,27000
051926,聯電中信97購01  ,0,0,0,0,0,0,0,0,0,27000,0,0,0,27000,0,27000,27000
052489,義隆國票96購02  ,0,0,0,0,0,0,0,0,0,27000,0,0,0,27000,0,27000,27000
054216,聯茂國票97購03  ,0,0,0,0,0,0,0,0,0,27000,0,0,0,27000,0,27000,27000
056543,京鼎凱基98購01  ,0,0,0,0,0,0,0,0,0,27000,0,0,0,27000,0,27000,27000
055333,晶豪科兆豐97購01,0,0,0,0,0,0,0,0,0,27000,0,0,0,27000,0,27000,27000
054716,緯穎康和97購01  ,0,0,0,0,0,0,0,0,0,27000,0,0,0,27000,0,27000,27000
059468,智邦元大99購02  ,0,0,0,0,0,0,0,0,0,27000,0,0,0,58000,31000,27000,27000
060168,台表科永豐9A購01,0,0,0,0,0,0,0,0,0,27000,0,0,0,27000,0,27000,27000
060246,晶相光元大9C購03,0,0,0,0,0,0,0,0,0,27000,0,0,0,54000,27000,27000,27000
057318,台光電凱基9A購01,0,0,0,0,0,0,0,0,0,27000,0,0,0,75000,48000,27000,27000
057888,貿聯群益98購02  ,0,0,0,0,0,0,0,0,0,27000,0,0,0,29000,2000,27000,27000
057027,祥碩凱基98購01  ,0,0,0,0,0,0,0,0,0,27000,0,0,0,41000,14000,27000,27000
058264,瑞昱永豐99購01  ,0,0,0,0,0,0,0,0,0,27000,0,0,0,27000,0,27000,27000
059784,台光電元大9A購01,0,0,0,0,0,0,0,0,0,27000,0,0,0,38000,11000,27000,27000
059544,創意亞東99購01  ,0,0,0,0,0,0,0,0,0,27000,0,0,0,27000,0,27000,27000
07074P,FBVIX凱基9A售01 ,0,0,0,0,0,0,0,0,0,27000,0,0,0,27000,0,27000,27000
07282P,聯發科凱基99售17,0,0,0,0,0,0,0,0,0,27000,0,0,0,29000,2000,27000,27000
06119P,大立光凱基98售04,0,0,0,0,0,0,0,0,0,26000,0,0,0,40000,14000,26000,26000
061282,台積電統一9C購06,0,0,0,0,0,0,0,0,0,26000,0,0,0,30000,4000,26000,26000
062316,康控凱基9B購03  ,0,0,0,0,0,0,0,0,0,26000,0,0,0,26000,0,26000,26000
057363,華通元大99購02  ,0,0,0,0,0,0,0,0,0,26000,0,0,0,37000,11000,26000,26000
056166,微星台新97購01  ,0,0,0,0,0,0,0,0,0,26000,0,0,0,36000,10000,26000,26000
054480,和碩中信98購01  ,0,0,0,0,0,0,0,0,0,26000,0,0,0,30000,4000,26000,26000
054974,台表科元大98購02,0,0,0,0,0,0,0,0,0,26000,0,0,0,26000,0,26000,26000
056540,聯詠凱基98購02  ,0,0,0,0,0,0,0,0,0,26000,0,0,0,46000,20000,26000,26000
00770,國泰北美科技    ,0,0,0,0,0,0,0,0,0,26000,0,0,0,100000,74000,26000,26000
00851,台新全球AI      ,0,0,0,0,0,0,0,0,0,26000,0,0,0,44000,18000,26000,26000
053644,台表科國票97購03,0,0,0,0,0,0,0,0,0,26000,0,0,0,32000,6000,26000,26000
050780,台表科元大96購01,0,0,0,0,0,0,0,0,0,26000,0,0,0,60000,34000,26000,26000
059947,貿聯永豐99購03  ,0,0,0,0,0,0,0,0,0,26000,0,0,0,36000,10000,26000,26000
057955,技嘉元大98購07  ,0,0,0,0,0,0,0,0,0,26000,0,0,0,79000,53000,26000,26000
057957,嘉晶元大98購01  ,0,0,0,0,0,0,0,0,0,26000,0,0,0,26000,0,26000,26000
057587,微星國票99購01  ,0,0,0,0,0,0,0,0,0,26000,0,0,0,26000,0,26000,26000
057547,技嘉凱基99購01  ,0,0,0,0,0,0,0,0,0,26000,0,0,0,26000,0,26000,26000
056723,國巨中信9A購01  ,0,0,0,0,0,0,0,0,0,26000,0,0,0,26000,0,26000,26000
058559,華新科日盛99購02,0,0,0,0,0,0,0,0,0,26000,0,0,0,26000,0,26000,26000
07478P,南電康和9A售02  ,0,0,0,0,0,0,0,0,0,26000,0,0,0,256000,230000,26000,26000
062261,嘉晶元大9B購02  ,0,0,0,0,0,0,0,0,0,25000,0,0,0,35000,10000,25000,25000
062613,臺指反元大02購10,0,0,0,0,0,0,0,0,0,25000,0,0,0,25000,0,25000,25000
062527,美律統一01購01  ,0,0,0,0,0,0,0,0,0,25000,0,0,0,25000,0,25000,25000
06445P,大立光凱基98售09,0,0,0,0,0,0,0,0,0,25000,0,0,0,25000,0,25000,25000
06566P,華通永豐98售03  ,0,0,0,0,0,0,0,0,0,25000,0,0,0,105000,80000,25000,25000
061035,亞光永豐9A購01  ,0,0,0,0,0,0,0,0,0,25000,0,0,0,25000,0,25000,25000
06085P,義隆台新97售01  ,0,0,0,0,0,0,0,0,0,25000,0,0,0,25000,0,25000,25000
060636,大毅永豐9A購02  ,0,0,0,0,0,0,0,0,0,25000,0,0,0,25000,0,25000,25000
061649,緯穎元大9A購06  ,0,0,0,0,0,0,0,0,0,25000,0,0,0,40000,15000,25000,25000
061693,華新科群益9B購02,0,0,0,0,0,0,0,0,0,25000,0,0,0,27000,2000,25000,25000
061420,國巨元大9A購22  ,0,0,0,0,0,0,0,0,0,25000,0,0,0,25000,0,25000,25000
05076P,深中小群益99售02,0,0,0,0,0,0,0,0,0,25000,0,0,0,25000,0,25000,25000
047202,欣興元富96購01  ,0,0,0,0,0,0,0,0,0,25000,0,0,0,25000,0,25000,25000
056532,技嘉凱基98購01  ,0,0,0,0,0,0,0,0,0,25000,0,0,0,31000,6000,25000,25000
054212,聯詠國票97購03  ,0,0,0,0,0,0,0,0,0,25000,0,0,0,25000,0,25000,25000
054185,喬山永豐96購02  ,0,0,0,0,0,0,0,0,0,25000,0,0,0,25000,0,25000,25000
052834,彩晶群益96購01  ,0,0,0,0,0,0,0,0,0,25000,0,0,0,25000,0,25000,25000
052504,鴻海日盛95購03  ,0,0,0,0,0,0,0,0,0,25000,0,0,0,25000,0,25000,25000
051467,GIS富邦96購01   ,0,0,0,0,0,0,0,0,0,25000,0,0,0,25000,0,25000,25000
055221,矽創凱基97購02  ,0,0,0,0,0,0,0,0,0,25000,0,0,0,37000,12000,25000,25000
058569,健策凱基9A購01  ,0,0,0,0,0,0,0,0,0,25000,0,0,0,55000,30000,25000,25000
058573,鴻海群益9A購02  ,0,0,0,0,0,0,0,0,0,25000,0,0,0,35000,10000,25000,25000
059037,宏達電群益99購02,0,0,0,0,0,0,0,0,0,25000,0,0,0,39000,14000,25000,25000
058537,彩晶統一9B購01  ,0,0,0,0,0,0,0,0,0,25000,0,0,0,75000,50000,25000,25000
058822,樺漢國泰9B購01  ,0,0,0,0,0,0,0,0,0,25000,0,0,0,35000,10000,25000,25000
058855,台積電兆豐99購02,0,0,0,0,0,0,0,0,0,25000,0,0,0,35000,10000,25000,25000
060178,T50反1元富04購05,0,0,0,0,0,0,0,0,0,25000,0,0,0,25000,0,25000,25000
056905,欣興元大98購03  ,0,0,0,0,0,0,0,0,0,25000,0,0,0,27000,2000,25000,25000
057190,立積元大9A購02  ,0,0,0,0,0,0,0,0,0,25000,0,0,0,157000,132000,25000,25000
059909,鴻海元大99購36  ,0,0,0,0,0,0,0,0,0,25000,0,0,0,25000,0,25000,25000
060106,旭富元大99購02  ,0,0,0,0,0,0,0,0,0,25000,0,0,0,174000,149000,25000,25000
059580,大立光元富99購07,0,0,0,0,0,0,0,0,0,25000,0,0,0,26000,1000,25000,25000
059581,日月光元富99購02,0,0,0,0,0,0,0,0,0,25000,0,0,0,217000,192000,25000,25000
05976P,國巨凱基96售14  ,0,0,0,0,0,0,0,0,0,25000,0,0,0,35000,10000,25000,25000
07326P,大立光元大99售23,0,0,0,0,0,0,0,0,0,25000,0,0,0,50000,25000,25000,25000
07391P,台灣50國泰02售01,0,0,0,0,0,0,0,0,0,25000,0,0,0,25000,0,25000,25000
07206P,鴻海凱基9A售11  ,0,0,0,0,0,0,0,0,0,25000,0,0,0,101000,76000,25000,25000
06955P,臻鼎元富99售01  ,0,0,0,0,0,0,0,0,0,25000,0,0,0,40000,15000,25000,25000
07886P,國巨國票9B售06  ,0,0,0,0,0,0,0,0,0,25000,0,0,0,25000,0,25000,25000
08033P,台灣50兆豐9C售03,0,0,0,0,0,0,0,0,0,25000,0,0,0,25000,0,25000,25000
07920P,大立光中信01售01,0,0,0,0,0,0,0,0,0,25000,0,0,0,25000,0,25000,25000
9944,新麗            ,615000,591000,24000,0,0,0,0,0,0,1000,2000,1000,1000,0,0,0,25000
060814,健策凱基9B購01  ,0,0,0,0,0,0,0,0,0,24000,0,0,0,55000,31000,24000,24000
06322P,超眾統一97售04  ,0,0,0,0,0,0,0,0,0,24000,0,0,0,25000,1000,24000,24000
062610,啟碁凱基9B購01  ,0,0,0,0,0,0,0,0,0,24000,0,0,0,89000,65000,24000,24000
062446,聯詠元大9B購02  ,0,0,0,0,0,0,0,0,0,24000,0,0,0,46000,22000,24000,24000
062447,華擎元大9C購01  ,0,0,0,0,0,0,0,0,0,24000,0,0,0,61000,37000,24000,24000
062355,華通元大9B購03  ,0,0,0,0,0,0,0,0,0,24000,0,0,0,76000,52000,24000,24000
062153,智邦麥證9B購01  ,0,0,0,76000,52000,24000,0,0,0,24000,0,0,0,76000,52000,24000,24000
056358,友訊元大99購01  ,0,0,0,0,0,0,0,0,0,24000,0,0,0,24000,0,24000,24000
058215,貿聯群益99購02  ,0,0,0,0,0,0,0,0,0,24000,0,0,0,98000,74000,24000,24000
052907,嘉澤國票97購01  ,0,0,0,0,0,0,0,0,0,24000,0,0,0,24000,0,24000,24000
056523,光寶科中信98購01,0,0,0,0,0,0,0,0,0,24000,0,0,0,24000,0,24000,24000
00717,富邦美國特別股  ,0,0,0,0,0,0,0,0,0,24000,0,0,0,534000,510000,24000,24000
050842,旺宏國票97購01  ,0,0,0,0,0,0,0,0,0,24000,0,0,0,24000,0,24000,24000
059819,台積電凱基99購17,0,0,0,0,0,0,0,0,0,24000,0,0,0,30000,6000,24000,24000
057446,旺宏元富02購01  ,0,0,0,0,0,0,0,0,0,24000,0,0,0,24000,0,24000,24000
060103,聯詠元大99購01  ,0,0,0,0,0,0,0,0,0,24000,0,0,0,46000,22000,24000,24000
060011,臺股指群益9C購06,0,0,0,0,0,0,0,0,0,24000,0,0,0,24000,0,24000,24000
057625,泰鼎國泰9A購01  ,0,0,0,0,0,0,0,0,0,24000,0,0,0,151000,127000,24000,24000
058452,義隆永豐99購02  ,0,0,0,0,0,0,0,0,0,24000,0,0,0,30000,6000,24000,24000
060555,台表科凱基9A購03,0,0,0,0,0,0,0,0,0,24000,0,0,0,24000,0,24000,24000
058063,旺宏中信98購04  ,0,0,0,0,0,0,0,0,0,24000,0,0,0,24000,0,24000,24000
059091,中信金元大99購01,0,0,0,0,0,0,0,0,0,24000,0,0,0,24000,0,24000,24000
058572,百和凱基9A購01  ,0,0,0,0,0,0,0,0,0,24000,0,0,0,24000,0,24000,24000
057669,嘉晶元大99購03  ,0,0,0,0,0,0,0,0,0,24000,0,0,0,24000,0,24000,24000
058551,義隆永豐99購03  ,0,0,0,0,0,0,0,0,0,24000,0,0,0,24000,0,24000,24000
07266P,大立光元大99售19,0,0,0,0,0,0,0,0,0,24000,0,0,0,50000,26000,24000,24000
062121,奇鋐台新9B購01  ,0,0,0,0,0,0,0,0,0,23000,0,0,0,23000,0,23000,23000
062231,台光電麥證9C購01,0,0,0,111000,88000,23000,0,0,0,23000,0,0,0,111000,88000,23000,23000
062188,貿聯元大9B購02  ,0,0,0,0,0,0,0,0,0,23000,0,0,0,23000,0,23000,23000
06326P,鴻海中信01售01  ,0,0,0,0,0,0,0,0,0,23000,0,0,0,38000,15000,23000,23000
062885,臻鼎兆豐9C購01  ,0,0,0,0,0,0,0,0,0,23000,0,0,0,204000,181000,23000,23000
060818,上銀統一9C購01  ,0,0,0,0,0,0,0,0,0,23000,0,0,0,32000,9000,23000,23000
060984,南亞科元大9A購07,0,0,0,0,0,0,0,0,0,23000,0,0,0,50000,27000,23000,23000
050601,台表科國泰96購01,0,0,0,0,0,0,0,0,0,23000,0,0,0,23000,0,23000,23000
053800,華通凱基97購03  ,0,0,0,0,0,0,0,0,0,23000,0,0,0,23000,0,23000,23000
006207,FH滬深          ,2000,2000,0,0,0,0,0,0,0,23000,0,0,0,338000,315000,23000,23000
045053,聯發科元富98購01,0,0,0,0,0,0,0,0,0,23000,0,0,0,24000,1000,23000,23000
059289,瑞昱元富99購01  ,0,0,0,0,0,0,0,0,0,23000,0,0,0,71000,48000,23000,23000
058944,元石油群益9C購02,0,0,0,0,0,0,0,0,0,23000,0,0,0,23000,0,23000,23000
058931,玉晶光統一9C購01,0,0,0,0,0,0,0,0,0,23000,0,0,0,33000,10000,23000,23000
058793,鴻海元大99購19  ,0,0,0,0,0,0,0,0,0,23000,0,0,0,33000,10000,23000,23000
058821,泰鼎國泰9B購01  ,0,0,0,0,0,0,0,0,0,23000,0,0,0,23000,0,23000,23000
060485,華新科富邦9C購04,0,0,0,0,0,0,0,0,0,23000,0,0,0,80000,57000,23000,23000
060200,同欣電元富9A購01,0,0,0,0,0,0,0,0,0,23000,0,0,0,23000,0,23000,23000
060215,柏文康和9A購01  ,0,0,0,0,0,0,0,0,0,23000,0,0,0,23000,0,23000,23000
056936,禾伸堂元富98購01,0,0,0,0,0,0,0,0,0,23000,0,0,0,23000,0,23000,23000
056776,聯茂元大99購01  ,0,0,0,0,0,0,0,0,0,23000,0,0,0,23000,0,23000,23000
056962,技嘉永豐98購01  ,0,0,0,0,0,0,0,0,0,23000,0,0,0,54000,31000,23000,23000
058297,茂林凱基9A購02  ,0,0,0,0,0,0,0,0,0,23000,0,0,0,23000,0,23000,23000
058365,奇力新凱基9A購01,0,0,0,0,0,0,0,0,0,23000,0,0,0,23000,0,23000,23000
059923,緯穎元大99購09  ,0,0,0,0,0,0,0,0,0,23000,0,0,0,33000,10000,23000,23000
060043,全新群益9B購02  ,0,0,0,0,0,0,0,0,0,23000,0,0,0,96000,73000,23000,23000
057498,台郡元大98購04  ,0,0,0,0,0,0,0,0,0,23000,0,0,0,91000,68000,23000,23000
059831,聯詠康和99購01  ,0,0,0,0,0,0,0,0,0,23000,0,0,0,23000,0,23000,23000
059148,百和國票9A購01  ,0,0,0,0,0,0,0,0,0,23000,0,0,0,43000,20000,23000,23000
07423P,大立光元大99售33,0,0,0,0,0,0,0,0,0,23000,0,0,0,50000,27000,23000,23000
07579P,聯茂元大9A售01  ,0,0,0,0,0,0,0,0,0,23000,0,0,0,318000,295000,23000,23000
061050,康友中信9A購01  ,0,0,0,0,0,0,0,0,0,22000,0,0,0,22000,0,22000,22000
060917,台表科國泰9B購01,0,0,0,0,0,0,0,0,0,22000,0,0,0,22000,0,22000,22000
060953,富邦金群益9A購01,0,0,0,0,0,0,0,0,0,22000,0,0,0,83000,61000,22000,22000
061580,華擎元大9A購06  ,0,0,0,0,0,0,0,0,0,22000,0,0,0,22000,0,22000,22000
061776,晶技國票9B購01  ,0,0,0,0,0,0,0,0,0,22000,0,0,0,22000,0,22000,22000
062817,富邦金兆豐9B購01,0,0,0,0,0,0,0,0,0,22000,0,0,0,78000,56000,22000,22000
06496P,台灣50日盛98售01,0,0,0,0,0,0,0,0,0,22000,0,0,0,154000,132000,22000,22000
059466,國巨元大99購26  ,0,0,0,0,0,0,0,0,0,22000,0,0,0,30000,8000,22000,22000
059456,智易永豐99購01  ,0,0,0,0,0,0,0,0,0,22000,0,0,0,22000,0,22000,22000
059310,元石油元大99購03,0,0,0,0,0,0,0,0,0,22000,0,0,0,22000,0,22000,22000
056311,泰鼎元大98購01  ,0,0,0,0,0,0,0,0,0,22000,0,0,0,22000,0,22000,22000
03006X,元展06          ,0,0,0,0,0,0,0,0,0,22000,0,0,0,23000,1000,22000,22000
059118,晶技永豐9A購01  ,0,0,0,0,0,0,0,0,0,22000,0,0,0,32000,10000,22000,22000
059727,大立光元大9A購01,0,0,0,0,0,0,0,0,0,22000,0,0,0,22000,0,22000,22000
060045,嘉晶群益99購02  ,0,0,0,0,0,0,0,0,0,22000,0,0,0,130000,108000,22000,22000
057134,茂林凱基98購02  ,0,0,0,0,0,0,0,0,0,22000,0,0,0,22000,0,22000,22000
058688,矽創凱基9A購01  ,0,0,0,0,0,0,0,0,0,22000,0,0,0,22000,0,22000,22000
06057P,大立光凱基98售01,0,0,0,0,0,0,0,0,0,22000,0,0,0,30000,8000,22000,22000
058517,景碩元大99購06  ,0,0,0,0,0,0,0,0,0,22000,0,0,0,22000,0,22000,22000
058772,茂林兆豐9A購01  ,0,0,0,0,0,0,0,0,0,22000,0,0,0,22000,0,22000,22000
056711,亞光永豐98購01  ,0,0,0,0,0,0,0,0,0,22000,0,0,0,22000,0,22000,22000
07517P,台積電元大9A售17,0,0,0,0,0,0,0,0,0,22000,0,0,0,22000,0,22000,22000
07532P,台灣50中信01售02,0,0,0,0,0,0,0,0,0,22000,0,0,0,22000,0,22000,22000
06885P,國巨國票99售06  ,0,0,0,0,0,0,0,0,0,22000,0,0,0,22000,0,22000,22000
07862P,聯發科凱基9B售05,0,0,0,0,0,0,0,0,0,22000,0,0,0,22000,0,22000,22000
062032,崇越群益9B購01  ,0,0,0,0,0,0,0,0,0,21000,0,0,0,236000,215000,21000,21000
062619,台表科元大9B購03,0,0,0,0,0,0,0,0,0,21000,0,0,0,25000,4000,21000,21000
061679,健策元大9B購04  ,0,0,0,0,0,0,0,0,0,21000,0,0,0,37000,16000,21000,21000
061831,智邦凱基9B購02  ,0,0,0,0,0,0,0,0,0,21000,0,0,0,65000,44000,21000,21000
061571,奇力新元大9A購03,0,0,0,0,0,0,0,0,0,21000,0,0,0,71000,50000,21000,21000
061515,泰碩永豐9A購03  ,0,0,0,0,0,0,0,0,0,21000,0,0,0,52000,31000,21000,21000
061479,泰碩元大9A購02  ,0,0,0,0,0,0,0,0,0,21000,0,0,0,135000,114000,21000,21000
061477,晶豪科元大9A購01,0,0,0,0,0,0,0,0,0,21000,0,0,0,51000,30000,21000,21000
060942,智邦國票9A購02  ,0,0,0,0,0,0,0,0,0,21000,0,0,0,41000,20000,21000,21000
061021,聯電國泰9B購01  ,0,0,0,0,0,0,0,0,0,21000,0,0,0,401000,380000,21000,21000
06100P,台積電日盛97售03,0,0,0,0,0,0,0,0,0,21000,0,0,0,41000,20000,21000,21000
061233,國巨元大9A購17  ,0,0,0,0,0,0,0,0,0,21000,0,0,0,45000,24000,21000,21000
054241,深中小元大98購01,0,0,0,0,0,0,0,0,0,21000,0,0,0,21000,0,21000,21000
052294,創意國票96購03  ,0,0,0,0,0,0,0,0,0,21000,0,0,0,88000,67000,21000,21000
055776,宏達電凱基98購02,0,0,0,0,0,0,0,0,0,21000,0,0,0,22000,1000,21000,21000
060423,智易永豐9A購01  ,0,0,0,0,0,0,0,0,0,21000,0,0,0,62000,41000,21000,21000
057602,聯茂群益98購02  ,0,0,0,0,0,0,0,0,0,21000,0,0,0,21000,0,21000,21000
057558,致新凱基98購01  ,0,0,0,0,0,0,0,0,0,21000,0,0,0,21000,0,21000,21000
059877,康控凱基99購05  ,0,0,0,0,0,0,0,0,0,21000,0,0,0,21000,0,21000,21000
057364,國巨元大98購18  ,0,0,0,0,0,0,0,0,0,21000,0,0,0,31000,10000,21000,21000
057387,奇力新永豐98購03,0,0,0,0,0,0,0,0,0,21000,0,0,0,21000,0,21000,21000
07732P,台灣50台新9A售05,0,0,0,0,0,0,0,0,0,21000,0,0,0,21000,0,21000,21000
07975P,國巨元大9B售15  ,0,0,0,0,0,0,0,0,0,21000,0,0,0,119000,98000,21000,21000
08024P,臺股指凱基9B售10,0,0,0,0,0,0,0,0,0,21000,0,0,0,21000,0,21000,21000
061288,大立光統一9C購01,0,0,0,0,0,0,0,0,0,20000,0,0,0,20000,0,20000,20000
060999,國巨兆豐9A購01  ,0,0,0,0,0,0,0,0,0,20000,0,0,0,20000,0,20000,20000
061090,奇力新統一9C購01,0,0,0,0,0,0,0,0,0,20000,0,0,0,20000,0,20000,20000
060949,祥碩中信9A購01  ,0,0,0,0,0,0,0,0,0,20000,0,0,0,40000,20000,20000,20000
060925,華新科永豐9A購01,0,0,0,0,0,0,0,0,0,20000,0,0,0,21000,1000,20000,20000
060815,茂林凱基9B購01  ,0,0,0,0,0,0,0,0,0,20000,0,0,0,20000,0,20000,20000
061426,玉晶光元大9A購15,0,0,0,0,0,0,0,0,0,20000,0,0,0,40000,20000,20000,20000
061399,喬山兆豐9B購01  ,0,0,0,0,0,0,0,0,0,20000,0,0,0,20000,0,20000,20000
061486,國巨兆豐9B購02  ,0,0,0,0,0,0,0,0,0,20000,0,0,0,20000,0,20000,20000
061544,大毅群益9B購02  ,0,0,0,0,0,0,0,0,0,20000,0,0,0,20000,0,20000,20000
061840,長榮航凱基9C購01,0,0,0,0,0,0,0,0,0,20000,0,0,0,20000,0,20000,20000
061925,禾伸堂凱基9C購01,0,0,0,0,0,0,0,0,0,20000,0,0,0,20000,0,20000,20000
062171,中磊永豐9B購01  ,0,0,0,0,0,0,0,0,0,20000,0,0,0,20000,0,20000,20000
062235,億光凱基9B購01  ,0,0,0,0,0,0,0,0,0,20000,0,0,0,20000,0,20000,20000
06228P,亞德客凱基97售04,0,0,0,0,0,0,0,0,0,20000,0,0,0,20000,0,20000,20000
06539P,聯發科凱基98售12,0,0,0,0,0,0,0,0,0,20000,0,0,0,20000,0,20000,20000
06546P,聯發科元大98售05,0,0,0,0,0,0,0,0,0,20000,0,0,0,20000,0,20000,20000
06549P,大立光元大98售11,0,0,0,0,0,0,0,0,0,20000,0,0,0,35000,15000,20000,20000
06424P,大成鋼永豐97售01,0,0,0,0,0,0,0,0,0,20000,0,0,0,20000,0,20000,20000
06743P,創意永豐98售03  ,0,0,0,0,0,0,0,0,0,20000,0,0,0,99000,79000,20000,20000
062827,神基群益9B購01  ,0,0,0,0,0,0,0,0,0,20000,0,0,0,120000,100000,20000,20000
062860,華擎國票9B購02  ,0,0,0,0,0,0,0,0,0,20000,0,0,0,45000,25000,20000,20000
062728,健策凱基9B購04  ,0,0,0,0,0,0,0,0,0,20000,0,0,0,22000,2000,20000,20000
056643,奇力新凱基99購01,0,0,0,0,0,0,0,0,0,20000,0,0,0,20000,0,20000,20000
056667,上銀國票99購01  ,0,0,0,0,0,0,0,0,0,20000,0,0,0,20000,0,20000,20000
055684,京鼎凱基97購01  ,0,0,0,0,0,0,0,0,0,20000,0,0,0,140000,120000,20000,20000
054690,新興永豐97購01  ,0,0,0,0,0,0,0,0,0,20000,0,0,0,20000,0,20000,20000
054699,復盛永豐97購01  ,0,0,0,0,0,0,0,0,0,20000,0,0,0,20000,0,20000,20000
054493,同欣電台新96購01,0,0,0,0,0,0,0,0,0,20000,0,0,0,20000,0,20000,20000
056625,致伸永豐98購01  ,0,0,0,0,0,0,0,0,0,20000,0,0,0,20000,0,20000,20000
056626,同欣電永豐98購01,0,0,0,0,0,0,0,0,0,20000,0,0,0,20000,0,20000,20000
05661P,聯發科統一96售06,0,0,0,0,0,0,0,0,0,20000,0,0,0,50000,30000,20000,20000
056590,樺漢統一9A購01  ,0,0,0,0,0,0,0,0,0,20000,0,0,0,20000,0,20000,20000
056597,宏碁元富98購01  ,0,0,0,0,0,0,0,0,0,20000,0,0,0,20000,0,20000,20000
056552,台表科凱基99購01,0,0,0,0,0,0,0,0,0,20000,0,0,0,42000,22000,20000,20000
055657,超眾元富97購02  ,0,0,0,0,0,0,0,0,0,20000,0,0,0,48000,28000,20000,20000
055658,南電元富97購01  ,0,0,0,0,0,0,0,0,0,20000,0,0,0,20000,0,20000,20000
055324,TPK國票98購03   ,0,0,0,0,0,0,0,0,0,20000,0,0,0,20000,0,20000,20000
055301,台虹元大97購01  ,0,0,0,0,0,0,0,0,0,20000,0,0,0,34000,14000,20000,20000
055354,宏達電凱基98購01,0,0,0,0,0,0,0,0,0,20000,0,0,0,20000,0,20000,20000
054963,牧德元大97購02  ,0,0,0,0,0,0,0,0,0,20000,0,0,0,20000,0,20000,20000
054907,帆宣康和97購01  ,0,0,0,0,0,0,0,0,0,20000,0,0,0,20000,0,20000,20000
054926,神達凱基98購01  ,0,0,0,0,0,0,0,0,0,20000,0,0,0,20000,0,20000,20000
05669P,嘉晶永豐96售03  ,0,0,0,0,0,0,0,0,0,20000,0,0,0,20000,0,20000,20000
056313,聯茂元大98購01  ,0,0,0,0,0,0,0,0,0,20000,0,0,0,20000,0,20000,20000
05629P,聯發科永昌99售02,0,0,0,0,0,0,0,0,0,20000,0,0,0,20000,0,20000,20000
056344,嘉晶凱基98購02  ,0,0,0,0,0,0,0,0,0,20000,0,0,0,20000,0,20000,20000
056334,台積電凱基98購06,0,0,0,0,0,0,0,0,0,20000,0,0,0,20000,0,20000,20000
056331,聯鈞國票99購01  ,0,0,0,0,0,0,0,0,0,20000,0,0,0,20000,0,20000,20000
056365,欣興元大98購01  ,0,0,0,0,0,0,0,0,0,20000,0,0,0,21000,1000,20000,20000
056155,嘉晶凱基97購01  ,0,0,0,0,0,0,0,0,0,20000,0,0,0,20000,0,20000,20000
056227,奇力新凱基98購04,0,0,0,0,0,0,0,0,0,20000,0,0,0,20000,0,20000,20000
055873,聚陽元富97購01  ,0,0,0,0,0,0,0,0,0,20000,0,0,0,20000,0,20000,20000
056135,緯創元大98購01  ,0,0,0,0,0,0,0,0,0,20000,0,0,0,60000,40000,20000,20000
056454,欣興凱基98購02  ,0,0,0,0,0,0,0,0,0,20000,0,0,0,20000,0,20000,20000
059654,T50反1元大99購09,0,0,0,0,0,0,0,0,0,20000,0,0,0,20000,0,20000,20000
052344,台表科凱基98購01,0,0,0,0,0,0,0,0,0,20000,0,0,0,20000,0,20000,20000
052540,華新科統一95購03,0,0,0,0,0,0,0,0,0,20000,0,0,0,20000,0,20000,20000
051667,光磊元大96購02  ,0,0,0,0,0,0,0,0,0,20000,0,0,0,20000,0,20000,20000
053998,泰鼎群益98購01  ,0,0,0,0,0,0,0,0,0,20000,0,0,0,26000,6000,20000,20000
054229,超眾元富96購05  ,0,0,0,0,0,0,0,0,0,20000,0,0,0,20000,0,20000,20000
05420P,大立光國泰97售03,0,0,0,0,0,0,0,0,0,20000,0,0,0,20000,0,20000,20000
052916,華新科富邦96購01,0,0,0,0,0,0,0,0,0,20000,0,0,0,20000,0,20000,20000
052835,滬深2X國泰98購01,0,0,0,0,0,0,0,0,0,20000,0,0,0,30000,10000,20000,20000
052876,GIS凱基96購03   ,0,0,0,0,0,0,0,0,0,20000,0,0,0,20000,0,20000,20000
052739,國巨元大96購04  ,0,0,0,0,0,0,0,0,0,20000,0,0,0,20000,0,20000,20000
052771,GIS群益96購01   ,0,0,0,0,0,0,0,0,0,20000,0,0,0,20000,0,20000,20000
056526,力山凱基98購01  ,0,0,0,0,0,0,0,0,0,20000,0,0,0,113000,93000,20000,20000
055468,智邦凱基97購04  ,0,0,0,0,0,0,0,0,0,20000,0,0,0,20000,0,20000,20000
055473,禾伸堂凱基97購01,0,0,0,0,0,0,0,0,0,20000,0,0,0,20000,0,20000,20000
055432,臻鼎群益97購02  ,0,0,0,0,0,0,0,0,0,20000,0,0,0,61000,41000,20000,20000
055445,旺宏統一99購01  ,0,0,0,0,0,0,0,0,0,20000,0,0,0,20000,0,20000,20000
049406,T50反1日盛97購01,0,0,0,0,0,0,0,0,0,20000,0,0,0,64000,44000,20000,20000
04289P,臺股指中信95售07,0,0,0,0,0,0,0,0,0,20000,0,0,0,20000,0,20000,20000
046905,新光金凱基99購01,0,0,0,0,0,0,0,0,0,20000,0,0,0,20000,0,20000,20000
050451,嘉晶元大95購01  ,0,0,0,0,0,0,0,0,0,20000,0,0,0,20000,0,20000,20000
05011P,南電國泰96售01  ,0,0,0,0,0,0,0,0,0,20000,0,0,0,20000,0,20000,20000
053869,嘉澤元大96購02  ,0,0,0,0,0,0,0,0,0,20000,0,0,0,20000,0,20000,20000
053349,台郡國票97購02  ,0,0,0,0,0,0,0,0,0,20000,0,0,0,20000,0,20000,20000
053557,聯茂凱基96購04  ,0,0,0,0,0,0,0,0,0,20000,0,0,0,20000,0,20000,20000
053586,建準元大96購01  ,0,0,0,0,0,0,0,0,0,20000,0,0,0,20000,0,20000,20000
048179,臻鼎富邦97購01  ,0,0,0,0,0,0,0,0,0,20000,0,0,0,20000,0,20000,20000
048188,臺指反元大96購05,0,0,0,0,0,0,0,0,0,20000,0,0,0,20000,0,20000,20000
053269,同欣電群益96購01,0,0,0,0,0,0,0,0,0,20000,0,0,0,20000,0,20000,20000
057389,玉晶光永豐98購06,0,0,0,0,0,0,0,0,0,20000,0,0,0,20000,0,20000,20000
059538,健策凱基99購03  ,0,0,0,0,0,0,0,0,0,20000,0,0,0,22000,2000,20000,20000
059172,台郡凱基99購03  ,0,0,0,0,0,0,0,0,0,20000,0,0,0,30000,10000,20000,20000
059173,矽力凱基99購01  ,0,0,0,0,0,0,0,0,0,20000,0,0,0,20000,0,20000,20000
059767,矽力永豐99購01  ,0,0,0,0,0,0,0,0,0,20000,0,0,0,20000,0,20000,20000
059870,全新凱基99購05  ,0,0,0,0,0,0,0,0,0,20000,0,0,0,30000,10000,20000,20000
059961,T50反1凱基99購09,0,0,0,0,0,0,0,0,0,20000,0,0,0,20000,0,20000,20000
05788P,臺股指永昌96售05,0,0,0,0,0,0,0,0,0,20000,0,0,0,30000,10000,20000,20000
057858,T50正2康和98購01,0,0,0,0,0,0,0,0,0,20000,0,0,0,20000,0,20000,20000
057131,奇力新凱基98購05,0,0,0,0,0,0,0,0,0,20000,0,0,0,20000,0,20000,20000
057108,潤泰全群益98購01,0,0,0,0,0,0,0,0,0,20000,0,0,0,20000,0,20000,20000
05718P,國巨元大96售09  ,0,0,0,0,0,0,0,0,0,20000,0,0,0,20000,0,20000,20000
05869P,旺宏凱基96售05  ,0,0,0,0,0,0,0,0,0,20000,0,0,0,20000,0,20000,20000
056804,T50反1統一9A購03,0,0,0,0,0,0,0,0,0,20000,0,0,0,20000,0,20000,20000
060587,牧德元富9A購01  ,0,0,0,0,0,0,0,0,0,20000,0,0,0,20000,0,20000,20000
060558,億豐凱基9A購01  ,0,0,0,0,0,0,0,0,0,20000,0,0,0,20000,0,20000,20000
06043P,創意永豐96售06  ,0,0,0,0,0,0,0,0,0,20000,0,0,0,70000,50000,20000,20000
05906P,國巨元富96售05  ,0,0,0,0,0,0,0,0,0,20000,0,0,0,90000,70000,20000,20000
058734,康友永豐99購01  ,0,0,0,0,0,0,0,0,0,20000,0,0,0,20000,0,20000,20000
058745,元金2X凱基9C購02,0,0,0,0,0,0,0,0,0,20000,0,0,0,20000,0,20000,20000
058069,美律凱基99購05  ,0,0,0,0,0,0,0,0,0,20000,0,0,0,20000,0,20000,20000
08034P,台積電兆豐9B售02,0,0,0,0,0,0,0,0,0,20000,0,0,0,30000,10000,20000,20000
07972P,大立光統一9C售05,0,0,0,0,0,0,0,0,0,20000,0,0,0,20000,0,20000,20000
07722P,玉晶光凱基9A售10,0,0,0,0,0,0,0,0,0,20000,0,0,0,20000,0,20000,20000
07847P,國巨群益9A售13  ,0,0,0,0,0,0,0,0,0,20000,0,0,0,22000,2000,20000,20000
07208P,台積電凱基99售14,0,0,0,0,0,0,0,0,0,20000,0,0,0,68000,48000,20000,20000
07196P,大立光元大99售13,0,0,0,0,0,0,0,0,0,20000,0,0,0,35000,15000,20000,20000
07150P,和碩元大99售01  ,0,0,0,0,0,0,0,0,0,20000,0,0,0,36000,16000,20000,20000
07165P,臺股指群益99售16,0,0,0,0,0,0,0,0,0,20000,0,0,0,20000,0,20000,20000
07540P,鴻海凱基9A售21  ,0,0,0,0,0,0,0,0,0,20000,0,0,0,20000,0,20000,20000
07476P,鴻海群益9A售04  ,0,0,0,0,0,0,0,0,0,20000,0,0,0,20000,0,20000,20000
07493P,台灣50元大9A售10,0,0,0,0,0,0,0,0,0,20000,0,0,0,20000,0,20000,20000
07504P,聯詠元大9A售02  ,0,0,0,0,0,0,0,0,0,20000,0,0,0,20000,0,20000,20000
07626P,台灣50凱基04售07,0,0,0,0,0,0,0,0,0,20000,0,0,0,50000,30000,20000,20000
07638P,長榮航國票9A售01,0,0,0,0,0,0,0,0,0,20000,0,0,0,20000,0,20000,20000
07636P,鴻海國票9A售05  ,0,0,0,0,0,0,0,0,0,20000,0,0,0,20000,0,20000,20000
07463P,台積電國票9A售05,0,0,0,0,0,0,0,0,0,20000,0,0,0,20000,0,20000,20000
07267P,臺股指元大99售23,0,0,0,0,0,0,0,0,0,20000,0,0,0,20000,0,20000,20000
062763,華擎凱基9C購02  ,0,0,0,0,0,0,0,0,0,19000,0,0,0,40000,21000,19000,19000
06730P,祥碩元大98售07  ,0,0,0,0,0,0,0,0,0,19000,0,0,0,39000,20000,19000,19000
06676P,華新科國票98售03,0,0,0,0,0,0,0,0,0,19000,0,0,0,19000,0,19000,19000
062325,鴻海統一9B購05  ,0,0,0,0,0,0,0,0,0,19000,0,0,0,19000,0,19000,19000
061510,嘉澤富邦9C購01  ,0,0,0,0,0,0,0,0,0,19000,0,0,0,60000,41000,19000,19000
061569,旺宏元大9A購14  ,0,0,0,0,0,0,0,0,0,19000,0,0,0,33000,14000,19000,19000
061614,亞德客群益9A購01,0,0,0,0,0,0,0,0,0,19000,0,0,0,19000,0,19000,19000
061344,禾伸堂元大9A購02,0,0,0,0,0,0,0,0,0,19000,0,0,0,85000,66000,19000,19000
03039X,元展36          ,0,0,0,0,0,0,0,0,0,19000,0,0,0,19000,0,19000,19000
053396,漢唐中信9A購01  ,0,0,0,0,0,0,0,0,0,19000,0,0,0,19000,0,19000,19000
050306,聯發科中信97購01,0,0,0,0,0,0,0,0,0,19000,0,0,0,19000,0,19000,19000
03669C,滬深2X元富09牛01,0,0,0,0,0,0,0,0,0,19000,0,0,0,20000,1000,19000,19000
054408,義隆國票98購01  ,0,0,0,0,0,0,0,0,0,19000,0,0,0,19000,0,19000,19000
052957,T50反1凱基99購01,0,0,0,0,0,0,0,0,0,19000,0,0,0,19000,0,19000,19000
052362,瑞昱國票96購02  ,0,0,0,0,0,0,0,0,0,19000,0,0,0,55000,36000,19000,19000
05644P,大立光中信9A售03,0,0,0,0,0,0,0,0,0,19000,0,0,0,398000,379000,19000,19000
055866,臺股指元大97購03,0,0,0,0,0,0,0,0,0,19000,0,0,0,20000,1000,19000,19000
054950,奇力新元大98購02,0,0,0,0,0,0,0,0,0,19000,0,0,0,20000,1000,19000,19000
056635,亞德客日盛99購01,0,0,0,0,0,0,0,0,0,19000,0,0,0,19000,0,19000,19000
058487,晶技國票9A購01  ,0,0,0,0,0,0,0,0,0,19000,0,0,0,19000,0,19000,19000
058816,祥碩台新99購02  ,0,0,0,0,0,0,0,0,0,19000,0,0,0,25000,6000,19000,19000
058878,旭富國泰9B購01  ,0,0,0,0,0,0,0,0,0,19000,0,0,0,214000,195000,19000,19000
058905,京鼎元大99購01  ,0,0,0,0,0,0,0,0,0,19000,0,0,0,129000,110000,19000,19000
056813,聯茂統一99購01  ,0,0,0,0,0,0,0,0,0,19000,0,0,0,19000,0,19000,19000
060152,上証2X永豐9A購02,0,0,0,0,0,0,0,0,0,19000,0,0,0,20000,1000,19000,19000
058378,南電凱基99購01  ,0,0,0,0,0,0,0,0,0,19000,0,0,0,40000,21000,19000,19000
057054,立積元大98購03  ,0,0,0,0,0,0,0,0,0,19000,0,0,0,177000,158000,19000,19000
057534,旭富元大98購01  ,0,0,0,0,0,0,0,0,0,19000,0,0,0,120000,101000,19000,19000
059764,健策永豐99購04  ,0,0,0,0,0,0,0,0,0,19000,0,0,0,20000,1000,19000,19000
07214P,聯發科凱基9A售04,0,0,0,0,0,0,0,0,0,19000,0,0,0,720000,701000,19000,19000
2702,華園            ,60000,41000,19000,0,0,0,0,0,0,0,0,0,0,0,0,0,19000
4108,懷特            ,97000,78000,19000,0,0,0,0,0,0,0,0,0,0,0,0,0,19000
061516,力成永豐9A購02  ,0,0,0,0,0,0,0,0,0,18000,0,0,0,18000,0,18000,18000
06153P,健策元大97售04  ,0,0,0,0,0,0,0,0,0,18000,0,0,0,48000,30000,18000,18000
061933,光寶科國票9B購01,0,0,0,0,0,0,0,0,0,18000,0,0,0,26000,8000,18000,18000
061667,友達中信9A購02  ,0,0,0,0,0,0,0,0,0,18000,0,0,0,18000,0,18000,18000
060941,台積電國票9B購04,0,0,0,0,0,0,0,0,0,18000,0,0,0,18000,0,18000,18000
060648,鴻海第一9A購01  ,0,0,0,0,0,0,0,0,0,18000,0,0,0,18000,0,18000,18000
060671,亞德客元大9A購03,0,0,0,0,0,0,0,0,0,18000,0,0,0,118000,100000,18000,18000
060666,聯茂凱基9A購02  ,0,0,0,0,0,0,0,0,0,18000,0,0,0,29000,11000,18000,18000
060702,玉晶光國泰9C購02,0,0,0,0,0,0,0,0,0,18000,0,0,0,28000,10000,18000,18000
062320,南電凱基9B購03  ,0,0,0,0,0,0,0,0,0,18000,0,0,0,30000,12000,18000,18000
062260,華新科元大9B購09,0,0,0,0,0,0,0,0,0,18000,0,0,0,18000,0,18000,18000
062729,神達凱基9B購02  ,0,0,0,0,0,0,0,0,0,18000,0,0,0,70000,52000,18000,18000
062861,世芯國票9C購01  ,0,0,0,0,0,0,0,0,0,18000,0,0,0,18000,0,18000,18000
062942,嘉澤凱基9B購02  ,0,0,0,0,0,0,0,0,0,18000,0,0,0,37000,19000,18000,18000
055795,茂林國泰98購01  ,0,0,0,0,0,0,0,0,0,18000,0,0,0,31000,13000,18000,18000
055527,旺宏群益99購03  ,0,0,0,0,0,0,0,0,0,18000,0,0,0,146000,128000,18000,18000
056314,力成元大97購01  ,0,0,0,0,0,0,0,0,0,18000,0,0,0,20000,2000,18000,18000
059319,台光電元大99購04,0,0,0,0,0,0,0,0,0,18000,0,0,0,18000,0,18000,18000
059354,臺指反富邦9B購01,0,0,0,0,0,0,0,0,0,18000,0,0,0,18000,0,18000,18000
052614,聯電國泰97購01  ,0,0,0,0,0,0,0,0,0,18000,0,0,0,19000,1000,18000,18000
054238,聯茂群益96購04  ,0,0,0,0,0,0,0,0,0,18000,0,0,0,18000,0,18000,18000
051428,玉晶光統一96購01,0,0,0,0,0,0,0,0,0,18000,0,0,0,99000,81000,18000,18000
053643,漢唐國票97購02  ,0,0,0,0,0,0,0,0,0,18000,0,0,0,18000,0,18000,18000
050614,聯發科元大95購04,0,0,0,0,0,0,0,0,0,18000,0,0,0,18000,0,18000,18000
059828,健策凱基99購05  ,0,0,0,0,0,0,0,0,0,18000,0,0,0,25000,7000,18000,18000
058237,嘉晶元大99購04  ,0,0,0,0,0,0,0,0,0,18000,0,0,0,18000,0,18000,18000
057596,聯茂兆豐99購01  ,0,0,0,0,0,0,0,0,0,18000,0,0,0,18000,0,18000,18000
058666,上証反群益01購01,0,0,0,0,0,0,0,0,0,18000,0,0,0,18000,0,18000,18000
060350,元黃金元富9B購01,0,0,0,0,0,0,0,0,0,18000,0,0,0,20000,2000,18000,18000
058626,瑞昱國票9A購01  ,0,0,0,0,0,0,0,0,0,18000,0,0,0,20000,2000,18000,18000
058875,台表科國票9A購02,0,0,0,0,0,0,0,0,0,18000,0,0,0,38000,20000,18000,18000
058797,大毅元大99購03  ,0,0,0,0,0,0,0,0,0,18000,0,0,0,18000,0,18000,18000
058800,健策元大99購03  ,0,0,0,0,0,0,0,0,0,18000,0,0,0,56000,38000,18000,18000
058760,嘉晶群益9A購01  ,0,0,0,0,0,0,0,0,0,18000,0,0,0,18000,0,18000,18000
058527,世紀鋼元大99購01,0,0,0,0,0,0,0,0,0,18000,0,0,0,18000,0,18000,18000
07418P,聯發科元大99售45,0,0,0,0,0,0,0,0,0,18000,0,0,0,20000,2000,18000,18000
07880P,可成群益9B售05  ,0,0,0,0,0,0,0,0,0,18000,0,0,0,74000,56000,18000,18000
07967P,力山元大9B售03  ,0,0,0,0,0,0,0,0,0,18000,0,0,0,20000,2000,18000,18000
06677P,牧德國票98售02  ,0,0,0,0,0,0,0,0,0,17000,0,0,0,93000,76000,17000,17000
06479P,聯發科中信99售02,0,0,0,0,0,0,0,0,0,17000,0,0,0,125000,108000,17000,17000
062073,國巨元大9B購06  ,0,0,0,0,0,0,0,0,0,17000,0,0,0,17000,0,17000,17000
061034,晶豪科永豐9A購01,0,0,0,0,0,0,0,0,0,17000,0,0,0,17000,0,17000,17000
061879,超眾元大9C購01  ,0,0,0,0,0,0,0,0,0,17000,0,0,0,161000,144000,17000,17000
061583,矽創元大9A購01  ,0,0,0,0,0,0,0,0,0,17000,0,0,0,119000,102000,17000,17000
061334,華通元大9A購09  ,0,0,0,0,0,0,0,0,0,17000,0,0,0,24000,7000,17000,17000
048070,聯發科元富99購03,0,0,0,0,0,0,0,0,0,17000,0,0,0,33000,16000,17000,17000
00865B,國泰US短期公債  ,0,0,0,0,0,0,0,0,0,17000,0,0,0,117000,100000,17000,17000
052392,台表科群益96購02,0,0,0,0,0,0,0,0,0,17000,0,0,0,17000,0,17000,17000
052223,聯電凱基96購02  ,0,0,0,0,0,0,0,0,0,17000,0,0,0,217000,200000,17000,17000
052102,台泥兆豐96購01  ,0,0,0,0,0,0,0,0,0,17000,0,0,0,17000,0,17000,17000
059360,全新永豐99購02  ,0,0,0,0,0,0,0,0,0,17000,0,0,0,33000,16000,17000,17000
059192,臺股指富邦9C購01,0,0,0,0,0,0,0,0,0,17000,0,0,0,17000,0,17000,17000
056150,台光電凱基98購02,0,0,0,0,0,0,0,0,0,17000,0,0,0,17000,0,17000,17000
058074,欣興凱基99購01  ,0,0,0,0,0,0,0,0,0,17000,0,0,0,17000,0,17000,17000
058078,景碩國票99購01  ,0,0,0,0,0,0,0,0,0,17000,0,0,0,22000,5000,17000,17000
057707,臺股指群益98購07,0,0,0,0,0,0,0,0,0,17000,0,0,0,287000,270000,17000,17000
060197,臻鼎元富9A購02  ,0,0,0,0,0,0,0,0,0,17000,0,0,0,408000,391000,17000,17000
057071,華擎永豐98購02  ,0,0,0,0,0,0,0,0,0,17000,0,0,0,277000,260000,17000,17000
057242,台郡凱基98購05  ,0,0,0,0,0,0,0,0,0,17000,0,0,0,52000,35000,17000,17000
057176,全新元大99購02  ,0,0,0,0,0,0,0,0,0,17000,0,0,0,17000,0,17000,17000
057368,微星元大98購02  ,0,0,0,0,0,0,0,0,0,17000,0,0,0,75000,58000,17000,17000
059116,晶豪科永豐99購01,0,0,0,0,0,0,0,0,0,17000,0,0,0,17000,0,17000,17000
058268,泰碩永豐9A購01  ,0,0,0,0,0,0,0,0,0,17000,0,0,0,32000,15000,17000,17000
05994P,奇鋐元大96售02  ,0,0,0,0,0,0,0,0,0,17000,0,0,0,17000,0,17000,17000
057465,智易永豐98購02  ,0,0,0,0,0,0,0,0,0,17000,0,0,0,17000,0,17000,17000
4766,南寶            ,230000,243000,-13000,0,0,0,30000,0,30000,0,0,0,0,0,0,0,17000
3543,州巧            ,41000,7000,34000,0,0,0,0,0,0,-17000,0,17000,-17000,0,0,0,17000
061461,元金2X群益9A購01,0,0,0,0,0,0,0,0,0,16000,0,0,0,26000,10000,16000,16000
061267,玉山金凱基9B購01,0,0,0,0,0,0,0,0,0,16000,0,0,0,16000,0,16000,16000
061234,國巨元大9A購18  ,0,0,0,0,0,0,0,0,0,16000,0,0,0,16000,0,16000,16000
060795,世芯永豐9A購02  ,0,0,0,0,0,0,0,0,0,16000,0,0,0,61000,45000,16000,16000
062400,晶豪科永豐9B購02,0,0,0,0,0,0,0,0,0,16000,0,0,0,19000,3000,16000,16000
056164,聯茂凱基98購03  ,0,0,0,0,0,0,0,0,0,16000,0,0,0,16000,0,16000,16000
056341,宏達電凱基9A購01,0,0,0,0,0,0,0,0,0,16000,0,0,0,16000,0,16000,16000
055974,上銀統一97購05  ,0,0,0,0,0,0,0,0,0,16000,0,0,0,16000,0,16000,16000
059693,智原永豐99購01  ,0,0,0,0,0,0,0,0,0,16000,0,0,0,16000,0,16000,16000
059509,奇力新永豐99購02,0,0,0,0,0,0,0,0,0,16000,0,0,0,37000,21000,16000,16000
056647,晶技凱基98購02  ,0,0,0,0,0,0,0,0,0,16000,0,0,0,16000,0,16000,16000
054943,群光元大97購01  ,0,0,0,0,0,0,0,0,0,16000,0,0,0,29000,13000,16000,16000
051722,玉晶光永豐97購01,0,0,0,0,0,0,0,0,0,16000,0,0,0,58000,42000,16000,16000
054269,台光電亞東98購01,0,0,0,0,0,0,0,0,0,16000,0,0,0,16000,0,16000,16000
057482,微星元大98購03  ,0,0,0,0,0,0,0,0,0,16000,0,0,0,16000,0,16000,16000
059939,技嘉永豐99購01  ,0,0,0,0,0,0,0,0,0,16000,0,0,0,32000,16000,16000,16000
059763,華擎永豐99購03  ,0,0,0,0,0,0,0,0,0,16000,0,0,0,16000,0,16000,16000
057282,大立光元大99購06,0,0,0,0,0,0,0,0,0,16000,0,0,0,30000,14000,16000,16000
058298,聯茂凱基99購05  ,0,0,0,0,0,0,0,0,0,16000,0,0,0,16000,0,16000,16000
057500,神達群益98購01  ,0,0,0,0,0,0,0,0,0,16000,0,0,0,21000,5000,16000,16000
057611,技嘉元富98購02  ,0,0,0,0,0,0,0,0,0,16000,0,0,0,30000,14000,16000,16000
058428,大立光元富99購02,0,0,0,0,0,0,0,0,0,16000,0,0,0,16000,0,16000,16000
058036,南電永豐98購01  ,0,0,0,0,0,0,0,0,0,16000,0,0,0,16000,0,16000,16000
060393,泰鼎群益9A購01  ,0,0,0,0,0,0,0,0,0,16000,0,0,0,16000,0,16000,16000
058699,楠梓電元大99購02,0,0,0,0,0,0,0,0,0,16000,0,0,0,69000,53000,16000,16000
060227,和大元大9A購01  ,0,0,0,0,0,0,0,0,0,16000,0,0,0,46000,30000,16000,16000
059015,華通元富99購02  ,0,0,0,0,0,0,0,0,0,16000,0,0,0,26000,10000,16000,16000
059720,台積電元大99購43,0,0,0,0,0,0,0,0,0,16000,0,0,0,26000,10000,16000,16000
07741P,滬深2X凱基9B售04,0,0,0,0,0,0,0,0,0,16000,0,0,0,30000,14000,16000,16000
07428P,華新科國票9A售01,0,0,0,0,0,0,0,0,0,16000,0,0,0,50000,34000,16000,16000
07300P,臺股指元大9A售33,0,0,0,0,0,0,0,0,0,16000,0,0,0,35000,19000,16000,16000
062381,上銀國泰9C購01  ,0,0,0,0,0,0,0,0,0,15000,0,0,0,35000,20000,15000,15000
062036,致新群益9B購01  ,0,0,0,0,0,0,0,0,0,15000,0,0,0,35000,20000,15000,15000
06540P,聯發科凱基98售13,0,0,0,0,0,0,0,0,0,15000,0,0,0,16000,1000,15000,15000
06395P,台積電元大97售29,0,0,0,0,0,0,0,0,0,15000,0,0,0,15000,0,15000,15000
062986,T50反1中信02購01,0,0,0,0,0,0,0,0,0,15000,0,0,0,15000,0,15000,15000
063052,國巨統一9C購10  ,0,0,0,0,0,0,0,0,0,15000,0,0,0,30000,15000,15000,15000
062853,大毅永豐9B購03  ,0,0,0,0,0,0,0,0,0,15000,0,0,0,15000,0,15000,15000
062704,大毅元大9C購01  ,0,0,0,0,0,0,0,0,0,15000,0,0,0,15000,0,15000,15000
062700,台光電元大9B購05,0,0,0,0,0,0,0,0,0,15000,0,0,0,54000,39000,15000,15000
060824,旺宏元大9A購06  ,0,0,0,0,0,0,0,0,0,15000,0,0,0,15000,0,15000,15000
060924,大毅永豐9A購03  ,0,0,0,0,0,0,0,0,0,15000,0,0,0,15000,0,15000,15000
060875,華通中信02購01  ,0,0,0,0,0,0,0,0,0,15000,0,0,0,15000,0,15000,15000
060639,玉晶光永豐9A購05,0,0,0,0,0,0,0,0,0,15000,0,0,0,15000,0,15000,15000
061205,旺宏元大9A購11  ,0,0,0,0,0,0,0,0,0,15000,0,0,0,106000,91000,15000,15000
06120P,大立光凱基98售05,0,0,0,0,0,0,0,0,0,15000,0,0,0,30000,15000,15000,15000
061406,華通國票9A購06  ,0,0,0,0,0,0,0,0,0,15000,0,0,0,15000,0,15000,15000
061824,聯電麥證9B購01  ,0,0,0,15000,0,15000,0,0,0,15000,0,0,0,15000,0,15000,15000
052893,聯電群益98購01  ,0,0,0,0,0,0,0,0,0,15000,0,0,0,22000,7000,15000,15000
051903,T50反1元大97購02,0,0,0,0,0,0,0,0,0,15000,0,0,0,15000,0,15000,15000
05240P,玉晶光永豐96售01,0,0,0,0,0,0,0,0,0,15000,0,0,0,15000,0,15000,15000
053942,超眾國泰96購02  ,0,0,0,0,0,0,0,0,0,15000,0,0,0,15000,0,15000,15000
049438,嘉晶國泰96購01  ,0,0,0,0,0,0,0,0,0,15000,0,0,0,15000,0,15000,15000
03810P,大立光富邦98售01,0,0,0,0,0,0,0,0,0,15000,0,0,0,25000,10000,15000,15000
03052X,元展49          ,0,0,0,0,0,0,0,0,0,15000,0,0,0,17000,2000,15000,15000
053686,台積電元大97購08,0,0,0,0,0,0,0,0,0,15000,0,0,0,15000,0,15000,15000
053487,台泥兆豐97購01  ,0,0,0,0,0,0,0,0,0,15000,0,0,0,45000,30000,15000,15000
05493P,華新科富邦99售02,0,0,0,0,0,0,0,0,0,15000,0,0,0,15000,0,15000,15000
054467,隆達凱基97購01  ,0,0,0,0,0,0,0,0,0,15000,0,0,0,55000,40000,15000,15000
054420,緯穎元大96購08  ,0,0,0,0,0,0,0,0,0,15000,0,0,0,69000,54000,15000,15000
055617,TPK國票98購04   ,0,0,0,0,0,0,0,0,0,15000,0,0,0,15000,0,15000,15000
05938P,旺宏凱基96售07  ,0,0,0,0,0,0,0,0,0,15000,0,0,0,15000,0,15000,15000
05930P,景碩康和96售01  ,0,0,0,0,0,0,0,0,0,15000,0,0,0,15000,0,15000,15000
059681,華新科國泰9B購02,0,0,0,0,0,0,0,0,0,15000,0,0,0,37000,22000,15000,15000
056384,玉晶光國泰9A購02,0,0,0,0,0,0,0,0,0,15000,0,0,0,15000,0,15000,15000
056762,亞德客元大98購01,0,0,0,0,0,0,0,0,0,15000,0,0,0,197000,182000,15000,15000
058629,嘉晶國票9A購01  ,0,0,0,0,0,0,0,0,0,15000,0,0,0,15000,0,15000,15000
058956,健策國票9A購02  ,0,0,0,0,0,0,0,0,0,15000,0,0,0,30000,15000,15000,15000
058080,台積電群益98購06,0,0,0,0,0,0,0,0,0,15000,0,0,0,19000,4000,15000,15000
058469,臺股指中信9A購05,0,0,0,0,0,0,0,0,0,15000,0,0,0,15000,0,15000,15000
058850,華新科群益99購03,0,0,0,0,0,0,0,0,0,15000,0,0,0,16000,1000,15000,15000
060436,巨大永豐9A購01  ,0,0,0,0,0,0,0,0,0,15000,0,0,0,15000,0,15000,15000
058677,矽格群益99購01  ,0,0,0,0,0,0,0,0,0,15000,0,0,0,55000,40000,15000,15000
060151,旺宏富邦9A購02  ,0,0,0,0,0,0,0,0,0,15000,0,0,0,15000,0,15000,15000
058034,神達永豐98購02  ,0,0,0,0,0,0,0,0,0,15000,0,0,0,160000,145000,15000,15000
057994,技嘉中信98購01  ,0,0,0,0,0,0,0,0,0,15000,0,0,0,15000,0,15000,15000
057966,金融類元大98購01,0,0,0,0,0,0,0,0,0,15000,0,0,0,16000,1000,15000,15000
057842,緯穎富邦99購02  ,0,0,0,0,0,0,0,0,0,15000,0,0,0,77000,62000,15000,15000
058434,旺宏統一9B購01  ,0,0,0,0,0,0,0,0,0,15000,0,0,0,16000,1000,15000,15000
057354,聯鈞統一99購03  ,0,0,0,0,0,0,0,0,0,15000,0,0,0,35000,20000,15000,15000
057301,嘉聯益永豐98購02,0,0,0,0,0,0,0,0,0,15000,0,0,0,15000,0,15000,15000
059789,貿聯元大9A購02  ,0,0,0,0,0,0,0,0,0,15000,0,0,0,15000,0,15000,15000
058277,FBVIX中信03購01 ,0,0,0,0,0,0,0,0,0,15000,0,0,0,15000,0,15000,15000
059125,台積電第一03購02,0,0,0,0,0,0,0,0,0,15000,0,0,0,15000,0,15000,15000
057431,京鼎兆豐98購02  ,0,0,0,0,0,0,0,0,0,15000,0,0,0,15000,0,15000,15000
057421,智原凱基98購04  ,0,0,0,0,0,0,0,0,0,15000,0,0,0,20000,5000,15000,15000
060109,茂林元大99購05  ,0,0,0,0,0,0,0,0,0,15000,0,0,0,15000,0,15000,15000
07309P,聯發科凱基99售18,0,0,0,0,0,0,0,0,0,15000,0,0,0,15000,0,15000,15000
07004P,大立光兆豐9A售01,0,0,0,0,0,0,0,0,0,15000,0,0,0,15000,0,15000,15000
07935P,臺股指國票9B售07,0,0,0,0,0,0,0,0,0,15000,0,0,0,15000,0,15000,15000
07992P,玉晶光群益01售04,0,0,0,0,0,0,0,0,0,15000,0,0,0,26000,11000,15000,15000
061877,貿聯元大9B購01  ,0,0,0,0,0,0,0,0,0,14000,0,0,0,18000,4000,14000,14000
061968,聯發科統一01購03,0,0,0,0,0,0,0,0,0,14000,0,0,0,14000,0,14000,14000
061408,華新科國票9A購06,0,0,0,0,0,0,0,0,0,14000,0,0,0,14000,0,14000,14000
061380,巨大永豐9A購02  ,0,0,0,0,0,0,0,0,0,14000,0,0,0,19000,5000,14000,14000
061524,華通凱基9A購07  ,0,0,0,0,0,0,0,0,0,14000,0,0,0,14000,0,14000,14000
061502,嘉澤國票9A購02  ,0,0,0,0,0,0,0,0,0,14000,0,0,0,18000,4000,14000,14000
061286,大立光統一9A購05,0,0,0,0,0,0,0,0,0,14000,0,0,0,14000,0,14000,14000
061108,臻鼎元大9A購02  ,0,0,0,0,0,0,0,0,0,14000,0,0,0,114000,100000,14000,14000
060842,新光金國票9B購01,0,0,0,0,0,0,0,0,0,14000,0,0,0,14000,0,14000,14000
06517P,國巨凱基98售09  ,0,0,0,0,0,0,0,0,0,14000,0,0,0,38000,24000,14000,14000
06630P,國巨群益98售08  ,0,0,0,0,0,0,0,0,0,14000,0,0,0,18000,4000,14000,14000
062149,牧德國票9B購01  ,0,0,0,0,0,0,0,0,0,14000,0,0,0,23000,9000,14000,14000
062368,聯詠元大9B購01  ,0,0,0,0,0,0,0,0,0,14000,0,0,0,66000,52000,14000,14000
055689,台郡凱基99購01  ,0,0,0,0,0,0,0,0,0,14000,0,0,0,14000,0,14000,14000
055726,台表科元大98購03,0,0,0,0,0,0,0,0,0,14000,0,0,0,14000,0,14000,14000
054749,聯茂凱基98購01  ,0,0,0,0,0,0,0,0,0,14000,0,0,0,14000,0,14000,14000
055075,南電永豐97購01  ,0,0,0,0,0,0,0,0,0,14000,0,0,0,14000,0,14000,14000
053638,信邦永豐96購01  ,0,0,0,0,0,0,0,0,0,14000,0,0,0,70000,56000,14000,14000
046906,新光金凱基99購02,0,0,0,0,0,0,0,0,0,14000,0,0,0,14000,0,14000,14000
05395P,旺宏元大96售06  ,0,0,0,0,0,0,0,0,0,14000,0,0,0,28000,14000,14000,14000
051508,元黃金中信97購01,0,0,0,0,0,0,0,0,0,14000,0,0,0,14000,0,14000,14000
053111,緯創兆豐97購01  ,0,0,0,0,0,0,0,0,0,14000,0,0,0,14000,0,14000,14000
054259,健策元大97購03  ,0,0,0,0,0,0,0,0,0,14000,0,0,0,14000,0,14000,14000
054178,中磊台新97購01  ,0,0,0,0,0,0,0,0,0,14000,0,0,0,364000,350000,14000,14000
060061,旺宏兆豐99購02  ,0,0,0,0,0,0,0,0,0,14000,0,0,0,22000,8000,14000,14000
057549,台光電凱基98購05,0,0,0,0,0,0,0,0,0,14000,0,0,0,14000,0,14000,14000
060228,亞德客元大9A購01,0,0,0,0,0,0,0,0,0,14000,0,0,0,17000,3000,14000,14000
058798,大立光元大99購11,0,0,0,0,0,0,0,0,0,14000,0,0,0,14000,0,14000,14000
058187,泰碩永豐99購01  ,0,0,0,0,0,0,0,0,0,14000,0,0,0,82000,68000,14000,14000
06957P,FBVIX凱基01售01 ,0,0,0,0,0,0,0,0,0,14000,0,0,0,14000,0,14000,14000
9912,偉聯            ,16000,2000,14000,0,0,0,0,0,0,0,0,0,0,0,0,0,14000
062641,瀚宇博國票9B購01,0,0,0,0,0,0,0,0,0,13000,0,0,0,13000,0,13000,13000
062520,晶豪科元大9B購02,0,0,0,0,0,0,0,0,0,13000,0,0,0,63000,50000,13000,13000
062136,南亞科群益9B購01,0,0,0,0,0,0,0,0,0,13000,0,0,0,85000,72000,13000,13000
06207P,聯發科凱基97售07,0,0,0,0,0,0,0,0,0,13000,0,0,0,13000,0,13000,13000
06679P,旺宏元大98售09  ,0,0,0,0,0,0,0,0,0,13000,0,0,0,27000,14000,13000,13000
062856,世芯永豐9B購02  ,0,0,0,0,0,0,0,0,0,13000,0,0,0,28000,15000,13000,13000
060878,奇力新中信9C購01,0,0,0,0,0,0,0,0,0,13000,0,0,0,199000,186000,13000,13000
060982,旺宏元大9A購09  ,0,0,0,0,0,0,0,0,0,13000,0,0,0,18000,5000,13000,13000
061745,南電凱基9B購02  ,0,0,0,0,0,0,0,0,0,13000,0,0,0,18000,5000,13000,13000
061661,京鼎永豐9A購02  ,0,0,0,0,0,0,0,0,0,13000,0,0,0,60000,47000,13000,13000
061689,國巨群益9A購12  ,0,0,0,0,0,0,0,0,0,13000,0,0,0,19000,6000,13000,13000
052768,泰鼎群益96購01  ,0,0,0,0,0,0,0,0,0,13000,0,0,0,13000,0,13000,13000
052777,燿華國票98購01  ,0,0,0,0,0,0,0,0,0,13000,0,0,0,13000,0,13000,13000
055460,華擎永豐97購01  ,0,0,0,0,0,0,0,0,0,13000,0,0,0,15000,2000,13000,13000
052069,聯茂兆豐96購01  ,0,0,0,0,0,0,0,0,0,13000,0,0,0,13000,0,13000,13000
053601,台表科元大98購01,0,0,0,0,0,0,0,0,0,13000,0,0,0,13000,0,13000,13000
053347,茂林國票98購01  ,0,0,0,0,0,0,0,0,0,13000,0,0,0,13000,0,13000,13000
054445,技嘉兆豐96購01  ,0,0,0,0,0,0,0,0,0,13000,0,0,0,13000,0,13000,13000
056360,智邦元大98購01  ,0,0,0,0,0,0,0,0,0,13000,0,0,0,55000,42000,13000,13000
056098,矽創元富97購02  ,0,0,0,0,0,0,0,0,0,13000,0,0,0,13000,0,13000,13000
059199,欣興永豐99購02  ,0,0,0,0,0,0,0,0,0,13000,0,0,0,13000,0,13000,13000
058790,楠梓電元大99購03,0,0,0,0,0,0,0,0,0,13000,0,0,0,79000,66000,13000,13000
060245,聯陽元大9C購01  ,0,0,0,0,0,0,0,0,0,13000,0,0,0,48000,35000,13000,13000
060564,南亞科富邦9C購01,0,0,0,0,0,0,0,0,0,13000,0,0,0,13000,0,13000,13000
058703,台積電元大99購16,0,0,0,0,0,0,0,0,0,13000,0,0,0,50000,37000,13000,13000
056821,日電貿永豐98購01,0,0,0,0,0,0,0,0,0,13000,0,0,0,13000,0,13000,13000
057324,億光群益98購01  ,0,0,0,0,0,0,0,0,0,13000,0,0,0,13000,0,13000,13000
05841P,華通元大96售04  ,0,0,0,0,0,0,0,0,0,13000,0,0,0,13000,0,13000,13000
057613,瑞昱元富02購02  ,0,0,0,0,0,0,0,0,0,13000,0,0,0,84000,71000,13000,13000
057915,台泥凱基98購01  ,0,0,0,0,0,0,0,0,0,13000,0,0,0,13000,0,13000,13000
058008,禾伸堂國票99購02,0,0,0,0,0,0,0,0,0,13000,0,0,0,22000,9000,13000,13000
057082,玉晶光統一9A購04,0,0,0,0,0,0,0,0,0,13000,0,0,0,159000,146000,13000,13000
057057,立積元大9A購01  ,0,0,0,0,0,0,0,0,0,13000,0,0,0,27000,14000,13000,13000
056978,技嘉群益99購01  ,0,0,0,0,0,0,0,0,0,13000,0,0,0,14000,1000,13000,13000
059860,台積電群益9A購02,0,0,0,0,0,0,0,0,0,13000,0,0,0,59000,46000,13000,13000
2608,嘉里大榮        ,157000,153000,4000,0,0,0,0,0,0,9000,9000,0,9000,0,0,0,13000
07178P,臺股指凱基99售20,0,0,0,0,0,0,0,0,0,13000,0,0,0,13000,0,13000,13000
07049P,聯發科中信99售03,0,0,0,0,0,0,0,0,0,13000,0,0,0,103000,90000,13000,13000
061985,富邦金元大9B購01,0,0,0,0,0,0,0,0,0,12000,0,0,0,14000,2000,12000,12000
061485,鴻海兆豐9A購01  ,0,0,0,0,0,0,0,0,0,12000,0,0,0,15000,3000,12000,12000
061430,致新元大9A購01  ,0,0,0,0,0,0,0,0,0,12000,0,0,0,65000,53000,12000,12000
061004,友達兆豐9A購01  ,0,0,0,0,0,0,0,0,0,12000,0,0,0,12000,0,12000,12000
061230,臺指反元大01購04,0,0,0,0,0,0,0,0,0,12000,0,0,0,15000,3000,12000,12000
062917,旭富元大9C購03  ,0,0,0,0,0,0,0,0,0,12000,0,0,0,239000,227000,12000,12000
06723P,台灣50麥證99售01,0,0,0,12000,0,12000,0,0,0,12000,0,0,0,12000,0,12000,12000
062685,華新科統一9C購03,0,0,0,0,0,0,0,0,0,12000,0,0,0,12000,0,12000,12000
062463,世紀鋼麥證9B購01,0,0,0,16000,4000,12000,0,0,0,12000,0,0,0,16000,4000,12000,12000
059265,美律中信01購01  ,0,0,0,0,0,0,0,0,0,12000,0,0,0,12000,0,12000,12000
059648,台表科凱基99購03,0,0,0,0,0,0,0,0,0,12000,0,0,0,12000,0,12000,12000
059397,T50反1元富99購05,0,0,0,0,0,0,0,0,0,12000,0,0,0,23000,11000,12000,12000
054550,旺宏凱基98購02  ,0,0,0,0,0,0,0,0,0,12000,0,0,0,31000,19000,12000,12000
055015,帆宣元富97購01  ,0,0,0,0,0,0,0,0,0,12000,0,0,0,12000,0,12000,12000
051739,奇力新國票97購01,0,0,0,0,0,0,0,0,0,12000,0,0,0,12000,0,12000,12000
052523,奇力新元大97購01,0,0,0,0,0,0,0,0,0,12000,0,0,0,12000,0,12000,12000
052463,聯電統一96購01  ,0,0,0,0,0,0,0,0,0,12000,0,0,0,34000,22000,12000,12000
052434,茂林國泰97購01  ,0,0,0,0,0,0,0,0,0,12000,0,0,0,32000,20000,12000,12000
051461,聯詠國泰96購01  ,0,0,0,0,0,0,0,0,0,12000,0,0,0,49000,37000,12000,12000
05551P,電子類元大96售01,0,0,0,0,0,0,0,0,0,12000,0,0,0,12000,0,12000,12000
059848,智邦永豐99購01  ,0,0,0,0,0,0,0,0,0,12000,0,0,0,52000,40000,12000,12000
059980,台積電元大99購50,0,0,0,0,0,0,0,0,0,12000,0,0,0,16000,4000,12000,12000
05959P,聯發科國票98售01,0,0,0,0,0,0,0,0,0,12000,0,0,0,14000,2000,12000,12000
059571,奇力新凱基99購06,0,0,0,0,0,0,0,0,0,12000,0,0,0,12000,0,12000,12000
060154,堤維西永豐9A購01,0,0,0,0,0,0,0,0,0,12000,0,0,0,67000,55000,12000,12000
060295,貿聯元大9A購03  ,0,0,0,0,0,0,0,0,0,12000,0,0,0,12000,0,12000,12000
060310,瑞昱永豐9A購01  ,0,0,0,0,0,0,0,0,0,12000,0,0,0,97000,85000,12000,12000
058545,義隆富邦9C購01  ,0,0,0,0,0,0,0,0,0,12000,0,0,0,12000,0,12000,12000
058076,神達凱基98購02  ,0,0,0,0,0,0,0,0,0,12000,0,0,0,114000,102000,12000,12000
057721,華擎元富98購02  ,0,0,0,0,0,0,0,0,0,12000,0,0,0,225000,213000,12000,12000
07075P,FBVIX凱基9C售04 ,0,0,0,0,0,0,0,0,0,12000,0,0,0,12000,0,12000,12000
06913P,聯發科元大98售14,0,0,0,0,0,0,0,0,0,12000,0,0,0,12000,0,12000,12000
06837P,上銀統一9A售02  ,0,0,0,0,0,0,0,0,0,12000,0,0,0,12000,0,12000,12000
07957P,晶技群益9B售02  ,0,0,0,0,0,0,0,0,0,12000,0,0,0,60000,48000,12000,12000
062030,旭富群益9B購01  ,0,0,0,0,0,0,0,0,0,11000,0,0,0,472000,461000,11000,11000
062022,緯穎永豐9B購01  ,0,0,0,0,0,0,0,0,0,11000,0,0,0,21000,10000,11000,11000
062935,華通凱基9C購02  ,0,0,0,0,0,0,0,0,0,11000,0,0,0,11000,0,11000,11000
061245,晶技群益9A購01  ,0,0,0,0,0,0,0,0,0,11000,0,0,0,11000,0,11000,11000
061248,健策群益9A購03  ,0,0,0,0,0,0,0,0,0,11000,0,0,0,14000,3000,11000,11000
061010,上銀麥證9A購02  ,0,0,0,16000,5000,11000,0,0,0,11000,0,0,0,16000,5000,11000,11000
061032,金像電永豐9A購03,0,0,0,0,0,0,0,0,0,11000,0,0,0,792000,781000,11000,11000
061075,亞德客兆豐9A購01,0,0,0,0,0,0,0,0,0,11000,0,0,0,22000,11000,11000,11000
060608,玉晶光凱基9A購08,0,0,0,0,0,0,0,0,0,11000,0,0,0,11000,0,11000,11000
060626,貿聯元大9A購04  ,0,0,0,0,0,0,0,0,0,11000,0,0,0,11000,0,11000,11000
060679,聯詠元大9A購04  ,0,0,0,0,0,0,0,0,0,11000,0,0,0,20000,9000,11000,11000
060764,華擎元大9A購03  ,0,0,0,0,0,0,0,0,0,11000,0,0,0,189000,178000,11000,11000
061734,全新中信9B購02  ,0,0,0,0,0,0,0,0,0,11000,0,0,0,11000,0,11000,11000
056538,國泰金凱基98購01,0,0,0,0,0,0,0,0,0,11000,0,0,0,20000,9000,11000,11000
050049,華通群益96購01  ,0,0,0,0,0,0,0,0,0,11000,0,0,0,11000,0,11000,11000
054886,大毅統一97購01  ,0,0,0,0,0,0,0,0,0,11000,0,0,0,11000,0,11000,11000
055176,大毅統一98購02  ,0,0,0,0,0,0,0,0,0,11000,0,0,0,11000,0,11000,11000
05814P,臺股指國票96售07,0,0,0,0,0,0,0,0,0,11000,0,0,0,11000,0,11000,11000
058510,全新元大9B購02  ,0,0,0,0,0,0,0,0,0,11000,0,0,0,21000,10000,11000,11000
058520,智易元大99購03  ,0,0,0,0,0,0,0,0,0,11000,0,0,0,23000,12000,11000,11000
060566,聯詠富邦9C購01  ,0,0,0,0,0,0,0,0,0,11000,0,0,0,23000,12000,11000,11000
060155,友訊永豐9A購01  ,0,0,0,0,0,0,0,0,0,11000,0,0,0,11000,0,11000,11000
056906,玉晶光元大9B購01,0,0,0,0,0,0,0,0,0,11000,0,0,0,11000,0,11000,11000
056831,元油2X元富98購11,0,0,0,0,0,0,0,0,0,11000,0,0,0,11000,0,11000,11000
059573,健策凱基9A購02  ,0,0,0,0,0,0,0,0,0,11000,0,0,0,13000,2000,11000,11000
059742,富邦金元富99購01,0,0,0,0,0,0,0,0,0,11000,0,0,0,41000,30000,11000,11000
059885,台積電國票99購12,0,0,0,0,0,0,0,0,0,11000,0,0,0,17000,6000,11000,11000
060145,牧德國票9A購02  ,0,0,0,0,0,0,0,0,0,11000,0,0,0,19000,8000,11000,11000
057087,台郡統一99購01  ,0,0,0,0,0,0,0,0,0,11000,0,0,0,18000,7000,11000,11000
057252,牧德元富98購01  ,0,0,0,0,0,0,0,0,0,11000,0,0,0,11000,0,11000,11000
058402,欣興元大99購04  ,0,0,0,0,0,0,0,0,0,11000,0,0,0,21000,10000,11000,11000
058413,義隆兆豐99購01  ,0,0,0,0,0,0,0,0,0,11000,0,0,0,11000,0,11000,11000
07864P,可成元大9B售01  ,0,0,0,0,0,0,0,0,0,11000,0,0,0,121000,110000,11000,11000
2236,百達-KY         ,17000,6000,11000,0,0,0,0,0,0,0,0,0,0,0,0,0,11000
07065P,臺股指元大9A售26,0,0,0,0,0,0,0,0,0,11000,0,0,0,11000,0,11000,11000
07228P,台灣50群益9B售06,0,0,0,0,0,0,0,0,0,11000,0,0,0,11000,0,11000,11000
07689P,旺宏元大9A售13  ,0,0,0,0,0,0,0,0,0,11000,0,0,0,15000,4000,11000,11000
07529P,國巨凱基9A售11  ,0,0,0,0,0,0,0,0,0,11000,0,0,0,11000,0,11000,11000
6573,虹揚-KY         ,15000,6000,9000,0,0,0,0,0,0,2000,3000,1000,2000,0,0,0,11000
061819,茂林群益9B購01  ,0,0,0,0,0,0,0,0,0,10000,0,0,0,10000,0,10000,10000
061688,華通群益9A購07  ,0,0,0,0,0,0,0,0,0,10000,0,0,0,26000,16000,10000,10000
061973,上銀元大9B購01  ,0,0,0,0,0,0,0,0,0,10000,0,0,0,10000,0,10000,10000
061438,牧德凱基9B購02  ,0,0,0,0,0,0,0,0,0,10000,0,0,0,11000,1000,10000,10000
061561,義隆國票9A購02  ,0,0,0,0,0,0,0,0,0,10000,0,0,0,10000,0,10000,10000
061598,南電永豐9A購04  ,0,0,0,0,0,0,0,0,0,10000,0,0,0,10000,0,10000,10000
061623,祥碩群益9A購01  ,0,0,0,0,0,0,0,0,0,10000,0,0,0,10000,0,10000,10000
060629,鴻海富邦9B購01  ,0,0,0,0,0,0,0,0,0,10000,0,0,0,10000,0,10000,10000
060935,T50反1國票9A購08,0,0,0,0,0,0,0,0,0,10000,0,0,0,10000,0,10000,10000
060825,聯詠元大9A購05  ,0,0,0,0,0,0,0,0,0,10000,0,0,0,51000,41000,10000,10000
060789,禾伸堂富邦9B購02,0,0,0,0,0,0,0,0,0,10000,0,0,0,10000,0,10000,10000
060790,日月光富邦9A購01,0,0,0,0,0,0,0,0,0,10000,0,0,0,25000,15000,10000,10000
060991,京鼎元大9A購01  ,0,0,0,0,0,0,0,0,0,10000,0,0,0,10000,0,10000,10000
060979,國巨元大9A購14  ,0,0,0,0,0,0,0,0,0,10000,0,0,0,10000,0,10000,10000
061277,智邦台新9A購01  ,0,0,0,0,0,0,0,0,0,10000,0,0,0,10000,0,10000,10000
061266,國泰金凱基9B購01,0,0,0,0,0,0,0,0,0,10000,0,0,0,10000,0,10000,10000
062930,旺宏統一9C購02  ,0,0,0,0,0,0,0,0,0,10000,0,0,0,10000,0,10000,10000
062886,中興電群益9B購01,0,0,0,0,0,0,0,0,0,10000,0,0,0,10000,0,10000,10000
062829,泰碩群益9B購01  ,0,0,0,0,0,0,0,0,0,10000,0,0,0,53000,43000,10000,10000
062701,漢唐元大9B購01  ,0,0,0,0,0,0,0,0,0,10000,0,0,0,18000,8000,10000,10000
062740,致伸國票9B購01  ,0,0,0,0,0,0,0,0,0,10000,0,0,0,93000,83000,10000,10000
06771P,台灣50中信02售01,0,0,0,0,0,0,0,0,0,10000,0,0,0,10000,0,10000,10000
06572P,台積電永昌99售01,0,0,0,0,0,0,0,0,0,10000,0,0,0,10000,0,10000,10000
06615P,鴻海元大9C售02  ,0,0,0,0,0,0,0,0,0,10000,0,0,0,10000,0,10000,10000
06370P,貿聯凱基97售03  ,0,0,0,0,0,0,0,0,0,10000,0,0,0,10000,0,10000,10000
062012,燿華富邦9C購01  ,0,0,0,0,0,0,0,0,0,10000,0,0,0,10000,0,10000,10000
062068,滬深2X元大9B購02,0,0,0,0,0,0,0,0,0,10000,0,0,0,65000,55000,10000,10000
062085,同欣電元大9B購01,0,0,0,0,0,0,0,0,0,10000,0,0,0,251000,241000,10000,10000
062249,台積電元大9B購01,0,0,0,0,0,0,0,0,0,10000,0,0,0,12000,2000,10000,10000
062310,南亞科凱基9B購02,0,0,0,0,0,0,0,0,0,10000,0,0,0,10000,0,10000,10000
062332,大立光統一9B購11,0,0,0,0,0,0,0,0,0,10000,0,0,0,30000,20000,10000,10000
06234P,亞德客元大97售02,0,0,0,0,0,0,0,0,0,10000,0,0,0,10000,0,10000,10000
062294,盛群永豐9B購01  ,0,0,0,0,0,0,0,0,0,10000,0,0,0,10000,0,10000,10000
062454,華通群益9C購03  ,0,0,0,0,0,0,0,0,0,10000,0,0,0,10000,0,10000,10000
062451,瀚宇博元大9B購02,0,0,0,0,0,0,0,0,0,10000,0,0,0,106000,96000,10000,10000
062412,道瓊指中信9C購05,0,0,0,0,0,0,0,0,0,10000,0,0,0,10000,0,10000,10000
062390,元黃金富邦9C購01,0,0,0,0,0,0,0,0,0,10000,0,0,0,10000,0,10000,10000
062399,神基永豐9B購01  ,0,0,0,0,0,0,0,0,0,10000,0,0,0,10000,0,10000,10000
062521,玉晶光元大9C購05,0,0,0,0,0,0,0,0,0,10000,0,0,0,10000,0,10000,10000
062514,玉晶光國票9C購02,0,0,0,0,0,0,0,0,0,10000,0,0,0,10000,0,10000,10000
062558,義隆凱基9B購02  ,0,0,0,0,0,0,0,0,0,10000,0,0,0,10000,0,10000,10000
062563,緯穎凱基9B購03  ,0,0,0,0,0,0,0,0,0,10000,0,0,0,10000,0,10000,10000
055128,致新兆豐97購01  ,0,0,0,0,0,0,0,0,0,10000,0,0,0,10000,0,10000,10000
05511P,T50反1台新06售01,0,0,0,0,0,0,0,0,0,10000,0,0,0,560000,550000,10000,10000
055222,臺股指凱基97購05,0,0,0,0,0,0,0,0,0,10000,0,0,0,10000,0,10000,10000
055383,GIS元大97購02   ,0,0,0,0,0,0,0,0,0,10000,0,0,0,10000,0,10000,10000
055344,國巨凱基97購04  ,0,0,0,0,0,0,0,0,0,10000,0,0,0,20000,10000,10000,10000
055348,旺宏凱基97購01  ,0,0,0,0,0,0,0,0,0,10000,0,0,0,110000,100000,10000,10000
054872,瀚宇博群益98購01,0,0,0,0,0,0,0,0,0,10000,0,0,0,10000,0,10000,10000
055013,訊連元富97購01  ,0,0,0,0,0,0,0,0,0,10000,0,0,0,10000,0,10000,10000
054742,京鼎凱基99購01  ,0,0,0,0,0,0,0,0,0,10000,0,0,0,10000,0,10000,10000
054847,創意兆豐97購01  ,0,0,0,0,0,0,0,0,0,10000,0,0,0,10000,0,10000,10000
054835,致新中信97購01  ,0,0,0,0,0,0,0,0,0,10000,0,0,0,10000,0,10000,10000
054543,元金2X中信01購01,0,0,0,0,0,0,0,0,0,10000,0,0,0,10000,0,10000,10000
054627,義隆凱基98購01  ,0,0,0,0,0,0,0,0,0,10000,0,0,0,10000,0,10000,10000
055725,嘉聯益元大98購03,0,0,0,0,0,0,0,0,0,10000,0,0,0,10000,0,10000,10000
054437,欣興台新97購02  ,0,0,0,0,0,0,0,0,0,10000,0,0,0,10000,0,10000,10000
054460,和大凱基97購01  ,0,0,0,0,0,0,0,0,0,10000,0,0,0,10000,0,10000,10000
056566,臻鼎群益98購01  ,0,0,0,0,0,0,0,0,0,10000,0,0,0,10000,0,10000,10000
056619,強茂永豐98購01  ,0,0,0,0,0,0,0,0,0,10000,0,0,0,10000,0,10000,10000
056621,宏達電永豐98購01,0,0,0,0,0,0,0,0,0,10000,0,0,0,20000,10000,10000,10000
054513,元金2X元大96購01,0,0,0,0,0,0,0,0,0,10000,0,0,0,10000,0,10000,10000
059387,華通凱基9A購03  ,0,0,0,0,0,0,0,0,0,10000,0,0,0,10000,0,10000,10000
059380,鴻海亞東99購01  ,0,0,0,0,0,0,0,0,0,10000,0,0,0,10000,0,10000,10000
059344,長榮航凱基99購01,0,0,0,0,0,0,0,0,0,10000,0,0,0,10000,0,10000,10000
059303,國巨兆豐99購04  ,0,0,0,0,0,0,0,0,0,10000,0,0,0,10000,0,10000,10000
059501,可成元富99購01  ,0,0,0,0,0,0,0,0,0,10000,0,0,0,10000,0,10000,10000
059699,華通凱基99購04  ,0,0,0,0,0,0,0,0,0,10000,0,0,0,10000,0,10000,10000
05969P,台積電台新96售04,0,0,0,0,0,0,0,0,0,10000,0,0,0,470000,460000,10000,10000
056128,和大中信99購01  ,0,0,0,0,0,0,0,0,0,10000,0,0,0,10000,0,10000,10000
05596P,可成統一96售01  ,0,0,0,0,0,0,0,0,0,10000,0,0,0,29000,19000,10000,10000
056018,旺宏群益97購02  ,0,0,0,0,0,0,0,0,0,10000,0,0,0,10000,0,10000,10000
055872,亞泥元富97購01  ,0,0,0,0,0,0,0,0,0,10000,0,0,0,10000,0,10000,10000
055838,致茂元大97購03  ,0,0,0,0,0,0,0,0,0,10000,0,0,0,10000,0,10000,10000
055939,GIS群益97購01   ,0,0,0,0,0,0,0,0,0,10000,0,0,0,10000,0,10000,10000
055951,大成鋼元大97購02,0,0,0,0,0,0,0,0,0,10000,0,0,0,10000,0,10000,10000
05640P,旺宏元富96售03  ,0,0,0,0,0,0,0,0,0,10000,0,0,0,30000,20000,10000,10000
056173,廣達元富97購01  ,0,0,0,0,0,0,0,0,0,10000,0,0,0,10000,0,10000,10000
056180,南茂元富97購01  ,0,0,0,0,0,0,0,0,0,10000,0,0,0,10000,0,10000,10000
056271,嘉澤統一97購01  ,0,0,0,0,0,0,0,0,0,10000,0,0,0,10000,0,10000,10000
051366,康友國泰97購01  ,0,0,0,0,0,0,0,0,0,10000,0,0,0,10000,0,10000,10000
050571,美食中信95購01  ,0,0,0,0,0,0,0,0,0,10000,0,0,0,10000,0,10000,10000
046629,群創統一98購01  ,0,0,0,0,0,0,0,0,0,10000,0,0,0,10000,0,10000,10000
03010X,元展10          ,0,0,0,0,0,0,0,0,0,10000,0,0,0,10000,0,10000,10000
03438P,群創群益98售03  ,0,0,0,0,0,0,0,0,0,10000,0,0,0,10000,0,10000,10000
053211,漢唐凱基96購03  ,0,0,0,0,0,0,0,0,0,10000,0,0,0,20000,10000,10000,10000
03047X,元展44          ,0,0,0,0,0,0,0,0,0,10000,0,0,0,10000,0,10000,10000
051094,健策元大96購03  ,0,0,0,0,0,0,0,0,0,10000,0,0,0,10000,0,10000,10000
051081,聯茂富邦96購01  ,0,0,0,0,0,0,0,0,0,10000,0,0,0,10000,0,10000,10000
05062P,大立光富邦98售03,0,0,0,0,0,0,0,0,0,10000,0,0,0,10000,0,10000,10000
050710,元黃金中信96購01,0,0,0,0,0,0,0,0,0,10000,0,0,0,10000,0,10000,10000
050895,聯發科元大97購01,0,0,0,0,0,0,0,0,0,10000,0,0,0,10000,0,10000,10000
053596,嘉澤元大96購01  ,0,0,0,0,0,0,0,0,0,10000,0,0,0,10000,0,10000,10000
053548,旺宏凱基96購04  ,0,0,0,0,0,0,0,0,0,10000,0,0,0,27000,17000,10000,10000
053518,聯茂群益96購03  ,0,0,0,0,0,0,0,0,0,10000,0,0,0,10000,0,10000,10000
053524,聯電中信97購02  ,0,0,0,0,0,0,0,0,0,10000,0,0,0,10000,0,10000,10000
053449,超眾凱基98購01  ,0,0,0,0,0,0,0,0,0,10000,0,0,0,10000,0,10000,10000
053712,台光電凱基96購04,0,0,0,0,0,0,0,0,0,10000,0,0,0,10000,0,10000,10000
053728,茂林凱基97購01  ,0,0,0,0,0,0,0,0,0,10000,0,0,0,10000,0,10000,10000
053738,群創麥證96購01  ,0,0,0,10000,0,10000,0,0,0,10000,0,0,0,10000,0,10000,10000
053855,康友國泰98購01  ,0,0,0,0,0,0,0,0,0,10000,0,0,0,10000,0,10000,10000
054166,日電貿凱基98購01,0,0,0,0,0,0,0,0,0,10000,0,0,0,10000,0,10000,10000
054161,友訊凱基98購01  ,0,0,0,0,0,0,0,0,0,10000,0,0,0,10000,0,10000,10000
055503,健策元大98購05  ,0,0,0,0,0,0,0,0,0,10000,0,0,0,10000,0,10000,10000
055505,新唐元大97購02  ,0,0,0,0,0,0,0,0,0,10000,0,0,0,30000,20000,10000,10000
056492,全新國泰9A購01  ,0,0,0,0,0,0,0,0,0,10000,0,0,0,10000,0,10000,10000
055469,台光電凱基97購01,0,0,0,0,0,0,0,0,0,10000,0,0,0,10000,0,10000,10000
055476,台郡凱基97購02  ,0,0,0,0,0,0,0,0,0,10000,0,0,0,20000,10000,10000,10000
055477,同欣電凱基98購01,0,0,0,0,0,0,0,0,0,10000,0,0,0,10000,0,10000,10000
052858,華通凱基97購02  ,0,0,0,0,0,0,0,0,0,10000,0,0,0,10000,0,10000,10000
052847,漢唐統一99購01  ,0,0,0,0,0,0,0,0,0,10000,0,0,0,10000,0,10000,10000
054261,智伸科元大96購03,0,0,0,0,0,0,0,0,0,10000,0,0,0,10000,0,10000,10000
054282,泰鼎群益98購02  ,0,0,0,0,0,0,0,0,0,10000,0,0,0,10000,0,10000,10000
054306,聯發科凱基96購23,0,0,0,0,0,0,0,0,0,10000,0,0,0,10000,0,10000,10000
055417,健策富邦98購02  ,0,0,0,0,0,0,0,0,0,10000,0,0,0,10000,0,10000,10000
05430P,台積電統一95售07,0,0,0,0,0,0,0,0,0,10000,0,0,0,10000,0,10000,10000
053124,聯發科凱基96購12,0,0,0,0,0,0,0,0,0,10000,0,0,0,10000,0,10000,10000
053154,聯詠元大96購01  ,0,0,0,0,0,0,0,0,0,10000,0,0,0,10000,0,10000,10000
053027,玉晶光富邦98購01,0,0,0,0,0,0,0,0,0,10000,0,0,0,10000,0,10000,10000
053956,旺宏永豐96購04  ,0,0,0,0,0,0,0,0,0,10000,0,0,0,10000,0,10000,10000
053980,泰鼎元大97購02  ,0,0,0,0,0,0,0,0,0,10000,0,0,0,80000,70000,10000,10000
052446,聯發科元大96購03,0,0,0,0,0,0,0,0,0,10000,0,0,0,10000,0,10000,10000
052452,茂林元大95購03  ,0,0,0,0,0,0,0,0,0,10000,0,0,0,10000,0,10000,10000
052453,崇越元大95購01  ,0,0,0,0,0,0,0,0,0,10000,0,0,0,10000,0,10000,10000
052493,上証2X中信97購02,0,0,0,0,0,0,0,0,0,10000,0,0,0,10000,0,10000,10000
052516,臺股指凱基95購20,0,0,0,0,0,0,0,0,0,10000,0,0,0,10000,0,10000,10000
052220,T50反1凱基98購01,0,0,0,0,0,0,0,0,0,10000,0,0,0,10000,0,10000,10000
051747,貿聯國泰96購01  ,0,0,0,0,0,0,0,0,0,10000,0,0,0,10000,0,10000,10000
051658,深中小國泰97購01,0,0,0,0,0,0,0,0,0,10000,0,0,0,10000,0,10000,10000
058451,智邦永豐9A購01  ,0,0,0,0,0,0,0,0,0,10000,0,0,0,10000,0,10000,10000
058457,創意永豐99購01  ,0,0,0,0,0,0,0,0,0,10000,0,0,0,132000,122000,10000,10000
058383,道瓊指中信9C購02,0,0,0,0,0,0,0,0,0,10000,0,0,0,10000,0,10000,10000
057601,中磊群益98購01  ,0,0,0,0,0,0,0,0,0,10000,0,0,0,10000,0,10000,10000
057336,聯發科國票99購01,0,0,0,0,0,0,0,0,0,10000,0,0,0,10000,0,10000,10000
057572,明泰永豐98購01  ,0,0,0,0,0,0,0,0,0,10000,0,0,0,10000,0,10000,10000
058006,台郡群益98購04  ,0,0,0,0,0,0,0,0,0,10000,0,0,0,10000,0,10000,10000
057998,玉晶光麥證9A購01,0,0,0,10000,0,10000,0,0,0,10000,0,0,0,10000,0,10000,10000
058017,漢唐凱基99購01  ,0,0,0,0,0,0,0,0,0,10000,0,0,0,20000,10000,10000,10000
057945,京鼎國票99購03  ,0,0,0,0,0,0,0,0,0,10000,0,0,0,10000,0,10000,10000
057891,華新科統一9A購01,0,0,0,0,0,0,0,0,0,10000,0,0,0,10000,0,10000,10000
057883,中環群益98購01  ,0,0,0,0,0,0,0,0,0,10000,0,0,0,10000,0,10000,10000
057230,建準凱基98購02  ,0,0,0,0,0,0,0,0,0,10000,0,0,0,10000,0,10000,10000
057223,富邦金日盛99購01,0,0,0,0,0,0,0,0,0,10000,0,0,0,10000,0,10000,10000
057174,南亞科元大98購05,0,0,0,0,0,0,0,0,0,10000,0,0,0,10000,0,10000,10000
057128,台光電凱基98購03,0,0,0,0,0,0,0,0,0,10000,0,0,0,10000,0,10000,10000
05712P,友達統一97售03  ,0,0,0,0,0,0,0,0,0,10000,0,0,0,10000,0,10000,10000
056980,建準群益98購02  ,0,0,0,0,0,0,0,0,0,10000,0,0,0,25000,15000,10000,10000
056969,智易永豐98購01  ,0,0,0,0,0,0,0,0,0,10000,0,0,0,10000,0,10000,10000
056966,嘉晶永豐98購01  ,0,0,0,0,0,0,0,0,0,10000,0,0,0,10000,0,10000,10000
057064,華新科富邦9B購01,0,0,0,0,0,0,0,0,0,10000,0,0,0,10000,0,10000,10000
057028,台郡凱基99購02  ,0,0,0,0,0,0,0,0,0,10000,0,0,0,40000,30000,10000,10000
057029,緯穎凱基98購04  ,0,0,0,0,0,0,0,0,0,10000,0,0,0,27000,17000,10000,10000
057033,A50反1元大9B購02,0,0,0,0,0,0,0,0,0,10000,0,0,0,11000,1000,10000,10000
057024,義隆凱基99購01  ,0,0,0,0,0,0,0,0,0,10000,0,0,0,10000,0,10000,10000
057013,聯發科麥證98購01,0,0,0,10000,0,10000,0,0,0,10000,0,0,0,10000,0,10000,10000
058325,昇陽半永豐99購01,0,0,0,0,0,0,0,0,0,10000,0,0,0,10000,0,10000,10000
060117,國巨國泰9B購04  ,0,0,0,0,0,0,0,0,0,10000,0,0,0,10000,0,10000,10000
057484,南亞科元大98購06,0,0,0,0,0,0,0,0,0,10000,0,0,0,10000,0,10000,10000
060041,T50反1群益99購04,0,0,0,0,0,0,0,0,0,10000,0,0,0,10000,0,10000,10000
060098,華新科元大99購24,0,0,0,0,0,0,0,0,0,10000,0,0,0,10000,0,10000,10000
060070,國巨元富99購02  ,0,0,0,0,0,0,0,0,0,10000,0,0,0,10000,0,10000,10000
059856,昇陽半永豐99購03,0,0,0,0,0,0,0,0,0,10000,0,0,0,10000,0,10000,10000
059864,亞德客凱基99購01,0,0,0,0,0,0,0,0,0,10000,0,0,0,10000,0,10000,10000
059974,臺指反元大9C購05,0,0,0,0,0,0,0,0,0,10000,0,0,0,10000,0,10000,10000
059817,華通凱基99購05  ,0,0,0,0,0,0,0,0,0,10000,0,0,0,10000,0,10000,10000
059803,S&P正2元富9B購03,0,0,0,0,0,0,0,0,0,10000,0,0,0,15000,5000,10000,10000
059163,台積電凱基99購10,0,0,0,0,0,0,0,0,0,10000,0,0,0,11000,1000,10000,10000
059120,致伸永豐99購01  ,0,0,0,0,0,0,0,0,0,10000,0,0,0,91000,81000,10000,10000
058232,聯發科元大99購05,0,0,0,0,0,0,0,0,0,10000,0,0,0,10000,0,10000,10000
056772,欣興元大99購01  ,0,0,0,0,0,0,0,0,0,10000,0,0,0,21000,11000,10000,10000
057765,康舒凱基98購01  ,0,0,0,0,0,0,0,0,0,10000,0,0,0,10000,0,10000,10000
05870P,聯發科凱基96售19,0,0,0,0,0,0,0,0,0,10000,0,0,0,11000,1000,10000,10000
058642,旺宏麥證9A購01  ,0,0,0,10000,0,10000,0,0,0,10000,0,0,0,10000,0,10000,10000
058643,T50正2富邦03購01,0,0,0,0,0,0,0,0,0,10000,0,0,0,10000,0,10000,10000
056885,元油2X元大99購03,0,0,0,0,0,0,0,0,0,10000,0,0,0,10000,0,10000,10000
060167,禾聯碩永豐9A購01,0,0,0,0,0,0,0,0,0,10000,0,0,0,10000,0,10000,10000
060489,世紀鋼群益9A購01,0,0,0,0,0,0,0,0,0,10000,0,0,0,10000,0,10000,10000
060522,鴻海中信9A購03  ,0,0,0,0,0,0,0,0,0,10000,0,0,0,10000,0,10000,10000
058519,嘉澤元大99購01  ,0,0,0,0,0,0,0,0,0,10000,0,0,0,10000,0,10000,10000
058534,友達統一9B購01  ,0,0,0,0,0,0,0,0,0,10000,0,0,0,10000,0,10000,10000
058524,超眾元大99購04  ,0,0,0,0,0,0,0,0,0,10000,0,0,0,23000,13000,10000,10000
058541,T50反1富邦01購01,0,0,0,0,0,0,0,0,0,10000,0,0,0,10000,0,10000,10000
058750,緯穎凱基9A購03  ,0,0,0,0,0,0,0,0,0,10000,0,0,0,10000,0,10000,10000
058809,國巨統一9B購03  ,0,0,0,0,0,0,0,0,0,10000,0,0,0,10000,0,10000,10000
058483,道瓊指國票9A購01,0,0,0,0,0,0,0,0,0,10000,0,0,0,10000,0,10000,10000
05818P,大立光凱基96售14,0,0,0,0,0,0,0,0,0,10000,0,0,0,10000,0,10000,10000
058195,鈺齊永豐99購01  ,0,0,0,0,0,0,0,0,0,10000,0,0,0,10000,0,10000,10000
058052,南電元大98購02  ,0,0,0,0,0,0,0,0,0,10000,0,0,0,10000,0,10000,10000
058940,聯發科中信9A購03,0,0,0,0,0,0,0,0,0,10000,0,0,0,10000,0,10000,10000
058902,聯發科元大99購15,0,0,0,0,0,0,0,0,0,10000,0,0,0,10000,0,10000,10000
058636,亞光兆豐9A購01  ,0,0,0,0,0,0,0,0,0,10000,0,0,0,10000,0,10000,10000
05898P,旺宏凱基96售06  ,0,0,0,0,0,0,0,0,0,10000,0,0,0,10000,0,10000,10000
059070,道瓊指元大99購02,0,0,0,0,0,0,0,0,0,10000,0,0,0,22000,12000,10000,10000
059082,華通元大99購06  ,0,0,0,0,0,0,0,0,0,10000,0,0,0,35000,25000,10000,10000
6409,旭隼            ,39000,28000,11000,0,0,0,0,0,0,-1000,0,1000,-1000,0,0,0,10000
2891B,中信金乙特      ,0,0,0,0,0,0,0,0,0,10000,10000,0,10000,0,0,0,10000
8926,台汽電          ,401000,346000,55000,0,0,0,0,0,0,-45000,0,0,0,0,45000,-45000,10000
07327P,台灣50群益9A售06,0,0,0,0,0,0,0,0,0,10000,0,0,0,20000,10000,10000,10000
07348P,滬深2X凱基9A售04,0,0,0,0,0,0,0,0,0,10000,0,0,0,10000,0,10000,10000
07362P,聯發科元大99售35,0,0,0,0,0,0,0,0,0,10000,0,0,0,10000,0,10000,10000
07375P,台積電元大99售48,0,0,0,0,0,0,0,0,0,10000,0,0,0,10000,0,10000,10000
07461P,臺股指元大9B售04,0,0,0,0,0,0,0,0,0,10000,0,0,0,10000,0,10000,10000
07403P,聯發科凱基99售21,0,0,0,0,0,0,0,0,0,10000,0,0,0,10000,0,10000,10000
07406P,大立光凱基99售18,0,0,0,0,0,0,0,0,0,10000,0,0,0,10000,0,10000,10000
07238P,台灣50國票99售07,0,0,0,0,0,0,0,0,0,10000,0,0,0,10000,0,10000,10000
07219P,臺股指凱基99售32,0,0,0,0,0,0,0,0,0,10000,0,0,0,10000,0,10000,10000
07221P,臺股指中信9B售04,0,0,0,0,0,0,0,0,0,10000,0,0,0,10000,0,10000,10000
07105P,大毅元富99售02  ,0,0,0,0,0,0,0,0,0,10000,0,0,0,12000,2000,10000,10000
06779P,智邦元大98售12  ,0,0,0,0,0,0,0,0,0,10000,0,0,0,10000,0,10000,10000
06806P,臺股指群益98售12,0,0,0,0,0,0,0,0,0,10000,0,0,0,10000,0,10000,10000
06953P,景碩統一9A售01  ,0,0,0,0,0,0,0,0,0,10000,0,0,0,22000,12000,10000,10000
1709,和益            ,160000,150000,10000,0,0,0,0,0,0,0,0,0,0,0,0,0,10000
07941P,國巨凱基9B售07  ,0,0,0,0,0,0,0,0,0,10000,0,0,0,20000,10000,10000,10000
062674,百和中信03購01  ,0,0,0,0,0,0,0,0,0,9000,0,0,0,59000,50000,9000,9000
062378,台表科元大9C購01,0,0,0,0,0,0,0,0,0,9000,0,0,0,12000,3000,9000,9000
062106,華邦電國票9B購02,0,0,0,0,0,0,0,0,0,9000,0,0,0,14000,5000,9000,9000
06490P,鴻海富邦99售02  ,0,0,0,0,0,0,0,0,0,9000,0,0,0,12000,3000,9000,9000
06590P,大立光元大98售13,0,0,0,0,0,0,0,0,0,9000,0,0,0,30000,21000,9000,9000
06698P,玉晶光國票99售05,0,0,0,0,0,0,0,0,0,9000,0,0,0,12000,3000,9000,9000
062883,智易兆豐9C購01  ,0,0,0,0,0,0,0,0,0,9000,0,0,0,9000,0,9000,9000
060817,華邦電台新9A購01,0,0,0,0,0,0,0,0,0,9000,0,0,0,9000,0,9000,9000
060658,台灣50凱基01購04,0,0,0,0,0,0,0,0,0,9000,0,0,0,21000,12000,9000,9000
061592,義隆永豐9A購03  ,0,0,0,0,0,0,0,0,0,9000,0,0,0,21000,12000,9000,9000
061578,玉晶光元大9A購16,0,0,0,0,0,0,0,0,0,9000,0,0,0,15000,6000,9000,9000
06154P,超眾元大98售01  ,0,0,0,0,0,0,0,0,0,9000,0,0,0,9000,0,9000,9000
061940,世紀鋼國票9C購01,0,0,0,0,0,0,0,0,0,9000,0,0,0,18000,9000,9000,9000
06190P,玉晶光永豐97售05,0,0,0,0,0,0,0,0,0,9000,0,0,0,9000,0,9000,9000
061731,旺宏統一9B購06  ,0,0,0,0,0,0,0,0,0,9000,0,0,0,208000,199000,9000,9000
051939,同欣電群益97購01,0,0,0,0,0,0,0,0,0,9000,0,0,0,39000,30000,9000,9000
052684,旺宏元大98購01  ,0,0,0,0,0,0,0,0,0,9000,0,0,0,9000,0,9000,9000
053895,智易群益96購02  ,0,0,0,0,0,0,0,0,0,9000,0,0,0,20000,11000,9000,9000
03009X,元展09          ,0,0,0,0,0,0,0,0,0,9000,0,0,0,9000,0,9000,9000
05024P,華通國票96售01  ,0,0,0,0,0,0,0,0,0,9000,0,0,0,9000,0,9000,9000
056092,亞德客元富97購02,0,0,0,0,0,0,0,0,0,9000,0,0,0,30000,21000,9000,9000
05642P,玉晶光兆豐97售02,0,0,0,0,0,0,0,0,0,9000,0,0,0,9000,0,9000,9000
059217,台積電元大99購30,0,0,0,0,0,0,0,0,0,9000,0,0,0,11000,2000,9000,9000
055597,禾伸堂元大98購02,0,0,0,0,0,0,0,0,0,9000,0,0,0,19000,10000,9000,9000
054575,聯鈞元大97購01  ,0,0,0,0,0,0,0,0,0,9000,0,0,0,9000,0,9000,9000
058604,華邦電元大99購03,0,0,0,0,0,0,0,0,0,9000,0,0,0,77000,68000,9000,9000
058041,FBVIX元大98購02 ,0,0,0,0,0,0,0,0,0,9000,0,0,0,15000,6000,9000,9000
060599,國巨凱基9C購01  ,0,0,0,0,0,0,0,0,0,9000,0,0,0,21000,12000,9000,9000
058221,上銀統一99購04  ,0,0,0,0,0,0,0,0,0,9000,0,0,0,9000,0,9000,9000
059730,晶相光元大9C購02,0,0,0,0,0,0,0,0,0,9000,0,0,0,29000,20000,9000,9000
059146,貿聯國票9A購02  ,0,0,0,0,0,0,0,0,0,9000,0,0,0,18000,9000,9000,9000
060059,鴻海兆豐99購06  ,0,0,0,0,0,0,0,0,0,9000,0,0,0,9000,0,9000,9000
060143,台積電國票9B購03,0,0,0,0,0,0,0,0,0,9000,0,0,0,13000,4000,9000,9000
05829P,臺股指統一96售08,0,0,0,0,0,0,0,0,0,9000,0,0,0,9000,0,9000,9000
057198,智伸科統一9B購01,0,0,0,0,0,0,0,0,0,9000,0,0,0,10000,1000,9000,9000
057899,台積電永豐98購04,0,0,0,0,0,0,0,0,0,9000,0,0,0,10000,1000,9000,9000
08012P,台灣50凱基01售13,0,0,0,0,0,0,0,0,0,9000,0,0,0,9000,0,9000,9000
07126P,台積電元大99售23,0,0,0,0,0,0,0,0,0,9000,0,0,0,9000,0,9000,9000
07335P,臺股指國票99售20,0,0,0,0,0,0,0,0,0,9000,0,0,0,9000,0,9000,9000
07593P,臺股指凱基9A售08,0,0,0,0,0,0,0,0,0,9000,0,0,0,10000,1000,9000,9000
061758,T50反1元大9B購02,0,0,0,0,0,0,0,0,0,8000,0,0,0,8000,0,8000,8000
061795,智邦永豐9B購01  ,0,0,0,0,0,0,0,0,0,8000,0,0,0,19000,11000,8000,8000
06185P,台表科元大97售05,0,0,0,0,0,0,0,0,0,8000,0,0,0,43000,35000,8000,8000
061562,群創國票9B購01  ,0,0,0,0,0,0,0,0,0,8000,0,0,0,8000,0,8000,8000
060826,牧德元大9B購02  ,0,0,0,0,0,0,0,0,0,8000,0,0,0,10000,2000,8000,8000
060972,T50反1元大9A購10,0,0,0,0,0,0,0,0,0,8000,0,0,0,8000,0,8000,8000
061018,台積電國票9B購05,0,0,0,0,0,0,0,0,0,8000,0,0,0,9000,1000,8000,8000
06277P,臺股指凱基97售09,0,0,0,0,0,0,0,0,0,8000,0,0,0,13000,5000,8000,8000
062973,聯發科元富05購01,0,0,0,0,0,0,0,0,0,8000,0,0,0,66000,58000,8000,8000
06396P,新日興康和97售01,0,0,0,0,0,0,0,0,0,8000,0,0,0,80000,72000,8000,8000
062387,健策國泰01購01  ,0,0,0,0,0,0,0,0,0,8000,0,0,0,162000,154000,8000,8000
062434,華通元大9B購04  ,0,0,0,0,0,0,0,0,0,8000,0,0,0,58000,50000,8000,8000
062448,健策元大9C購04  ,0,0,0,0,0,0,0,0,0,8000,0,0,0,15000,7000,8000,8000
062669,微星中信03購01  ,0,0,0,0,0,0,0,0,0,8000,0,0,0,105000,97000,8000,8000
055576,嘉晶統一98購01  ,0,0,0,0,0,0,0,0,0,8000,0,0,0,47000,39000,8000,8000
056623,禾伸堂永豐98購01,0,0,0,0,0,0,0,0,0,8000,0,0,0,8000,0,8000,8000
054758,南亞國票9A購01  ,0,0,0,0,0,0,0,0,0,8000,0,0,0,81000,73000,8000,8000
054760,台化國票9A購01  ,0,0,0,0,0,0,0,0,0,8000,0,0,0,8000,0,8000,8000
054767,日電貿國票98購01,0,0,0,0,0,0,0,0,0,8000,0,0,0,48000,40000,8000,8000
055256,日電貿統一99購01,0,0,0,0,0,0,0,0,0,8000,0,0,0,56000,48000,8000,8000
059218,台積電元大99購31,0,0,0,0,0,0,0,0,0,8000,0,0,0,8000,0,8000,8000
059317,台積電元大99購34,0,0,0,0,0,0,0,0,0,8000,0,0,0,10000,2000,8000,8000
056050,晶技國票98購01  ,0,0,0,0,0,0,0,0,0,8000,0,0,0,8000,0,8000,8000
055844,大毅元大98購01  ,0,0,0,0,0,0,0,0,0,8000,0,0,0,8000,0,8000,8000
056204,嘉澤永豐97購01  ,0,0,0,0,0,0,0,0,0,8000,0,0,0,38000,30000,8000,8000
03678C,臺股指凱基01牛02,0,0,0,0,0,0,0,0,0,8000,0,0,0,80000,72000,8000,8000
00678,群益NBI生技     ,0,0,0,0,0,0,0,0,0,8000,0,0,0,315000,307000,8000,8000
053377,台積電元大98購01,0,0,0,0,0,0,0,0,0,8000,0,0,0,8000,0,8000,8000
056544,貿聯凱基98購03  ,0,0,0,0,0,0,0,0,0,8000,0,0,0,8000,0,8000,8000
052038,國巨永昌96購01  ,0,0,0,0,0,0,0,0,0,8000,0,0,0,26000,18000,8000,8000
053946,全新富邦97購02  ,0,0,0,0,0,0,0,0,0,8000,0,0,0,8000,0,8000,8000
057143,台郡兆豐98購01  ,0,0,0,0,0,0,0,0,0,8000,0,0,0,8000,0,8000,8000
058360,台光電凱基9A購02,0,0,0,0,0,0,0,0,0,8000,0,0,0,40000,32000,8000,8000
056960,光罩永豐98購01  ,0,0,0,0,0,0,0,0,0,8000,0,0,0,68000,60000,8000,8000
059917,華新科元大99購19,0,0,0,0,0,0,0,0,0,8000,0,0,0,10000,2000,8000,8000
058269,世芯永豐9A購01  ,0,0,0,0,0,0,0,0,0,8000,0,0,0,9000,1000,8000,8000
058252,臺股指元大9A購16,0,0,0,0,0,0,0,0,0,8000,0,0,0,8000,0,8000,8000
059746,聯鈞元富99購03  ,0,0,0,0,0,0,0,0,0,8000,0,0,0,8000,0,8000,8000
059636,宏達電凱基99購05,0,0,0,0,0,0,0,0,0,8000,0,0,0,11000,3000,8000,8000
060515,臺股指元大9B購12,0,0,0,0,0,0,0,0,0,8000,0,0,0,20000,12000,8000,8000
060170,世紀鋼永豐9A購01,0,0,0,0,0,0,0,0,0,8000,0,0,0,13000,5000,8000,8000
056912,臺股指元大99購04,0,0,0,0,0,0,0,0,0,8000,0,0,0,8000,0,8000,8000
058131,義隆元大99購02  ,0,0,0,0,0,0,0,0,0,8000,0,0,0,35000,27000,8000,8000
058535,玉晶光統一9A購06,0,0,0,0,0,0,0,0,0,8000,0,0,0,8000,0,8000,8000
07537P,玉晶光元富9A售04,0,0,0,0,0,0,0,0,0,8000,0,0,0,8000,0,8000,8000
07134P,臺股指元大9A售28,0,0,0,0,0,0,0,0,0,8000,0,0,0,8000,0,8000,8000
06944P,健鼎元富98售02  ,0,0,0,0,0,0,0,0,0,8000,0,0,0,8000,0,8000,8000
6412,群電            ,320000,304000,16000,0,0,0,0,0,0,-8000,1000,0,1000,0,9000,-9000,8000
062044,健策凱基9B購02  ,0,0,0,0,0,0,0,0,0,7000,0,0,0,8000,1000,7000,7000
06494P,鴻海永昌98售03  ,0,0,0,0,0,0,0,0,0,7000,0,0,0,7000,0,7000,7000
06738P,瑞昱兆豐98售02  ,0,0,0,0,0,0,0,0,0,7000,0,0,0,7000,0,7000,7000
06767P,台積電永昌99售03,0,0,0,0,0,0,0,0,0,7000,0,0,0,68000,61000,7000,7000
062945,世芯國泰01購01  ,0,0,0,0,0,0,0,0,0,7000,0,0,0,101000,94000,7000,7000
062881,緯創兆豐9C購01  ,0,0,0,0,0,0,0,0,0,7000,0,0,0,12000,5000,7000,7000
062720,南亞科凱基9B購03,0,0,0,0,0,0,0,0,0,7000,0,0,0,17000,10000,7000,7000
061252,臺股指群益9A購03,0,0,0,0,0,0,0,0,0,7000,0,0,0,52000,45000,7000,7000
06072P,牧德永豐97售01  ,0,0,0,0,0,0,0,0,0,7000,0,0,0,7000,0,7000,7000
061505,力成國票9A購03  ,0,0,0,0,0,0,0,0,0,7000,0,0,0,7000,0,7000,7000
061419,國巨元大9A購21  ,0,0,0,0,0,0,0,0,0,7000,0,0,0,7000,0,7000,7000
061814,聯發科群益9B購04,0,0,0,0,0,0,0,0,0,7000,0,0,0,79000,72000,7000,7000
06184P,大立光元大97售06,0,0,0,0,0,0,0,0,0,7000,0,0,0,7000,0,7000,7000
051970,元黃金凱基98購01,0,0,0,0,0,0,0,0,0,7000,0,0,0,7000,0,7000,7000
052514,嘉澤凱基96購01  ,0,0,0,0,0,0,0,0,0,7000,0,0,0,10000,3000,7000,7000
053904,漢唐凱基97購01  ,0,0,0,0,0,0,0,0,0,7000,0,0,0,7000,0,7000,7000
053761,健策國泰98購01  ,0,0,0,0,0,0,0,0,0,7000,0,0,0,7000,0,7000,7000
03434B,臺股指元大99熊10,0,0,0,0,0,0,0,0,0,7000,0,0,0,7000,0,7000,7000
00733,富邦臺灣中小    ,0,0,0,0,0,0,0,0,0,7000,0,0,0,210000,203000,7000,7000
00646,元大S&P500      ,0,46000,-46000,0,0,0,0,0,0,53000,20000,0,20000,273000,240000,33000,7000
050460,GIS元大95購03   ,0,0,0,0,0,0,0,0,0,7000,0,0,0,7000,0,7000,7000
04979P,臺股指凱基96售07,0,0,0,0,0,0,0,0,0,7000,0,0,0,7000,0,7000,7000
059368,T50正2元富99購02,0,0,0,0,0,0,0,0,0,7000,0,0,0,12000,5000,7000,7000
059262,致茂中信01購01  ,0,0,0,0,0,0,0,0,0,7000,0,0,0,28000,21000,7000,7000
055304,瑞昱第一98購01  ,0,0,0,0,0,0,0,0,0,7000,0,0,0,7000,0,7000,7000
054800,訊芯群益99購01  ,0,0,0,0,0,0,0,0,0,7000,0,0,0,7000,0,7000,7000
055549,旺宏凱基97購03  ,0,0,0,0,0,0,0,0,0,7000,0,0,0,45000,38000,7000,7000
059014,SGBR2X元富03購01,0,0,0,0,0,0,0,0,0,7000,0,0,0,7000,0,7000,7000
059054,國巨凱基99購11  ,0,0,0,0,0,0,0,0,0,7000,0,0,0,19000,12000,7000,7000
058592,聯發科統一9C購01,0,0,0,0,0,0,0,0,0,7000,0,0,0,9000,2000,7000,7000
058654,鴻海中信03購01  ,0,0,0,0,0,0,0,0,0,7000,0,0,0,16000,9000,7000,7000
060591,富邦金台新9A購01,0,0,0,0,0,0,0,0,0,7000,0,0,0,7000,0,7000,7000
060583,南亞科元富9A購05,0,0,0,0,0,0,0,0,0,7000,0,0,0,7000,0,7000,7000
059566,台積電凱基9A購11,0,0,0,0,0,0,0,0,0,7000,0,0,0,11000,4000,7000,7000
059855,緯穎永豐99購04  ,0,0,0,0,0,0,0,0,0,7000,0,0,0,82000,75000,7000,7000
057466,泰鼎永豐98購01  ,0,0,0,0,0,0,0,0,0,7000,0,0,0,52000,45000,7000,7000
057874,可成元大99購02  ,0,0,0,0,0,0,0,0,0,7000,0,0,0,45000,38000,7000,7000
057853,旺宏國票99購05  ,0,0,0,0,0,0,0,0,0,7000,0,0,0,17000,10000,7000,7000
057562,奇鋐兆豐98購01  ,0,0,0,0,0,0,0,0,0,7000,0,0,0,7000,0,7000,7000
07053P,台灣50兆豐01售01,0,0,0,0,0,0,0,0,0,7000,0,0,0,7000,0,7000,7000
07694P,超眾元大9A售05  ,0,0,0,0,0,0,0,0,0,7000,0,0,0,378000,371000,7000,7000
07363P,大立光元大99售26,0,0,0,0,0,0,0,0,0,7000,0,0,0,30000,23000,7000,7000
07978P,茂林群益9B售02  ,0,0,0,0,0,0,0,0,0,7000,0,0,0,10000,3000,7000,7000
07814P,華通群益9A售06  ,0,0,0,0,0,0,0,0,0,7000,0,0,0,18000,11000,7000,7000
061977,國巨元大9B購02  ,0,0,0,0,0,0,0,0,0,6000,0,0,0,23000,17000,6000,6000
061809,聯發科統一9C購05,0,0,0,0,0,0,0,0,0,6000,0,0,0,16000,10000,6000,6000
061437,燿華凱基9A購01  ,0,0,0,0,0,0,0,0,0,6000,0,0,0,6000,0,6000,6000
061365,國巨國票9B購05  ,0,0,0,0,0,0,0,0,0,6000,0,0,0,16000,10000,6000,6000
061559,南亞科國票9A購02,0,0,0,0,0,0,0,0,0,6000,0,0,0,19000,13000,6000,6000
060774,南亞科凱基9A購01,0,0,0,0,0,0,0,0,0,6000,0,0,0,30000,24000,6000,6000
061308,元金2X中信9A購01,0,0,0,0,0,0,0,0,0,6000,0,0,0,36000,30000,6000,6000
061052,和大群益9A購01  ,0,0,0,0,0,0,0,0,0,6000,0,0,0,6000,0,6000,6000
062781,微星元大9C購01  ,0,0,0,0,0,0,0,0,0,6000,0,0,0,6000,0,6000,6000
062799,聯發科統一9C購09,0,0,0,0,0,0,0,0,0,6000,0,0,0,26000,20000,6000,6000
06757P,台灣50元大9B售01,0,0,0,0,0,0,0,0,0,6000,0,0,0,6000,0,6000,6000
06475P,牧德永豐98售03  ,0,0,0,0,0,0,0,0,0,6000,0,0,0,6000,0,6000,6000
06466P,台積電統一9B售01,0,0,0,0,0,0,0,0,0,6000,0,0,0,6000,0,6000,6000
062284,華擎群益9C購03  ,0,0,0,0,0,0,0,0,0,6000,0,0,0,31000,25000,6000,6000
054456,華泰群益99購01  ,0,0,0,0,0,0,0,0,0,6000,0,0,0,6000,0,6000,6000
054861,智邦群益97購01  ,0,0,0,0,0,0,0,0,0,6000,0,0,0,16000,10000,6000,6000
055288,日電貿元大97購02,0,0,0,0,0,0,0,0,0,6000,0,0,0,6000,0,6000,6000
055387,世紀鋼元大97購01,0,0,0,0,0,0,0,0,0,6000,0,0,0,6000,0,6000,6000
055390,國巨統一98購03  ,0,0,0,0,0,0,0,0,0,6000,0,0,0,6000,0,6000,6000
059650,緯穎凱基99購04  ,0,0,0,0,0,0,0,0,0,6000,0,0,0,6000,0,6000,6000
05939P,聯發科凱基96售20,0,0,0,0,0,0,0,0,0,6000,0,0,0,6000,0,6000,6000
059473,T50反1群益99購03,0,0,0,0,0,0,0,0,0,6000,0,0,0,6000,0,6000,6000
056176,創意元富97購01  ,0,0,0,0,0,0,0,0,0,6000,0,0,0,26000,20000,6000,6000
056256,聯茂元富97購03  ,0,0,0,0,0,0,0,0,0,6000,0,0,0,6000,0,6000,6000
056219,T50反1日盛02購01,0,0,0,0,0,0,0,0,0,6000,0,0,0,16000,10000,6000,6000
046791,台郡統一96購01  ,0,0,0,0,0,0,0,0,0,6000,0,0,0,6000,0,6000,6000
00711B,FH彭博新興債    ,35000,0,35000,0,0,0,0,0,0,-29000,0,0,0,112000,141000,-29000,6000
050673,旺宏富邦96購02  ,0,0,0,0,0,0,0,0,0,6000,0,0,0,6000,0,6000,6000
048653,巨大元大96購02  ,0,0,0,0,0,0,0,0,0,6000,0,0,0,6000,0,6000,6000
053732,S&P反1中信9C購01,0,0,0,0,0,0,0,0,0,6000,0,0,0,6000,0,6000,6000
051735,台積電國票96購06,0,0,0,0,0,0,0,0,0,6000,0,0,0,6000,0,6000,6000
053043,嘉晶凱基96購01  ,0,0,0,0,0,0,0,0,0,6000,0,0,0,6000,0,6000,6000
054289,聯發科元大97購11,0,0,0,0,0,0,0,0,0,6000,0,0,0,6000,0,6000,6000
054278,晶技群益97購02  ,0,0,0,0,0,0,0,0,0,6000,0,0,0,6000,0,6000,6000
057499,奇鋐群益98購01  ,0,0,0,0,0,0,0,0,0,6000,0,0,0,14000,8000,6000,6000
057511,健策統一98購02  ,0,0,0,0,0,0,0,0,0,6000,0,0,0,16000,10000,6000,6000
060038,台積電國票99購13,0,0,0,0,0,0,0,0,0,6000,0,0,0,8000,2000,6000,6000
05991P,聯茂群益96售05  ,0,0,0,0,0,0,0,0,0,6000,0,0,0,6000,0,6000,6000
059944,欣興永豐99購03  ,0,0,0,0,0,0,0,0,0,6000,0,0,0,9000,3000,6000,6000
05956P,漢唐國票96售02  ,0,0,0,0,0,0,0,0,0,6000,0,0,0,6000,0,6000,6000
059536,新光金凱基99購05,0,0,0,0,0,0,0,0,0,6000,0,0,0,6000,0,6000,6000
057448,致茂元富98購01  ,0,0,0,0,0,0,0,0,0,6000,0,0,0,6000,0,6000,6000
057427,華通兆豐99購01  ,0,0,0,0,0,0,0,0,0,6000,0,0,0,6000,0,6000,6000
060286,佳世達元大9C購01,0,0,0,0,0,0,0,0,0,6000,0,0,0,6000,0,6000,6000
057812,友達元大9A購05  ,0,0,0,0,0,0,0,0,0,6000,0,0,0,206000,200000,6000,6000
060377,鴻海台新9A購01  ,0,0,0,0,0,0,0,0,0,6000,0,0,0,6000,0,6000,6000
056709,華通永豐98購01  ,0,0,0,0,0,0,0,0,0,6000,0,0,0,7000,1000,6000,6000
07948P,大成鋼凱基9B售01,0,0,0,0,0,0,0,0,0,6000,0,0,0,6000,0,6000,6000
07507P,國巨國票9B售02  ,0,0,0,0,0,0,0,0,0,6000,0,0,0,6000,0,6000,6000
06965P,台積電台新99售02,0,0,0,0,0,0,0,0,0,6000,0,0,0,606000,600000,6000,6000
06809P,電子類群益98售03,0,0,0,0,0,0,0,0,0,6000,0,0,0,6000,0,6000,6000
4148,全宇生技-KY     ,27000,21000,6000,0,0,0,0,0,0,0,0,0,0,0,0,0,6000
062224,玉晶光統一9C購03,0,0,0,0,0,0,0,0,0,5000,0,0,0,5000,0,5000,5000
062147,大毅國票9B購02  ,0,0,0,0,0,0,0,0,0,5000,0,0,0,5000,0,5000,5000
06736P,新日興凱基98售03,0,0,0,0,0,0,0,0,0,5000,0,0,0,74000,69000,5000,5000
062730,致伸凱基9B購01  ,0,0,0,0,0,0,0,0,0,5000,0,0,0,55000,50000,5000,5000
062764,世芯凱基9B購02  ,0,0,0,0,0,0,0,0,0,5000,0,0,0,60000,55000,5000,5000
063017,台光電元大9B購07,0,1000,-1000,0,0,0,0,0,0,6000,0,0,0,46000,40000,6000,5000
061300,臺股指富邦9A購02,0,0,0,0,0,0,0,0,0,5000,0,0,0,40000,35000,5000,5000
061202,和大元大9A購02  ,0,0,0,0,0,0,0,0,0,5000,0,0,0,65000,60000,5000,5000
061208,聯發科元大9A購09,0,0,0,0,0,0,0,0,0,5000,0,0,0,5000,0,5000,5000
061173,T50反1凱基04購01,0,0,0,0,0,0,0,0,0,5000,0,0,0,5000,0,5000,5000
060761,南亞科元大9A購05,0,0,0,0,0,0,0,0,0,5000,0,0,0,5000,0,5000,5000
060707,台郡富邦9A購01  ,0,0,0,0,0,0,0,0,0,5000,0,0,0,80000,75000,5000,5000
060669,上証2X元大9A購03,0,0,0,0,0,0,0,0,0,5000,0,0,0,5000,0,5000,5000
061513,華新科永豐9A購04,0,0,0,0,0,0,0,0,0,5000,0,0,0,5000,0,5000,5000
061394,FBVIX統一9B購01 ,0,0,0,0,0,0,0,0,0,5000,0,0,0,20000,15000,5000,5000
061326,新日興凱基9B購01,0,0,0,0,0,0,0,0,0,5000,0,0,0,48000,43000,5000,5000
061684,T50反1群益9A購06,0,0,0,0,0,0,0,0,0,5000,0,0,0,44000,39000,5000,5000
06165P,臺股指凱基9A售03,0,0,0,0,0,0,0,0,0,5000,0,0,0,5000,0,5000,5000
061980,聯發科元大9B購01,0,0,0,0,0,0,0,0,0,5000,0,0,0,5000,0,5000,5000
054304,台積電凱基96購23,0,0,0,0,0,0,0,0,0,5000,0,0,0,5000,0,5000,5000
052687,國泰金元大96購03,0,0,0,0,0,0,0,0,0,5000,0,0,0,5000,0,5000,5000
052899,和大國票97購01  ,0,0,0,0,0,0,0,0,0,5000,0,0,0,5000,0,5000,5000
052938,華新科兆豐96購01,0,0,0,0,0,0,0,0,0,5000,0,0,0,5000,0,5000,5000
054331,世芯永豐96購03  ,0,0,0,0,0,0,0,0,0,5000,0,0,0,5000,0,5000,5000
054361,技嘉凱基96購01  ,0,0,0,0,0,0,0,0,0,5000,0,0,0,85000,80000,5000,5000
055463,國喬凱基97購01  ,0,0,0,0,0,0,0,0,0,5000,0,0,0,5000,0,5000,5000
055470,南亞科凱基97購01,0,0,0,0,0,0,0,0,0,5000,0,0,0,5000,0,5000,5000
055486,國巨元大98購06  ,0,0,0,0,0,0,0,0,0,5000,0,0,0,5000,0,5000,5000
055439,台表科國票98購02,0,0,0,0,0,0,0,0,0,5000,0,0,0,5000,0,5000,5000
05647P,聯發科國票97售02,0,0,0,0,0,0,0,0,0,5000,0,0,0,5000,0,5000,5000
053071,南電群益96購01  ,0,0,0,0,0,0,0,0,0,5000,0,0,0,5000,0,5000,5000
053135,信邦國票96購01  ,0,0,0,0,0,0,0,0,0,5000,0,0,0,5000,0,5000,5000
051483,玉晶光凱基96購02,0,0,0,0,0,0,0,0,0,5000,0,0,0,5000,0,5000,5000
054028,臻鼎凱基96購03  ,0,0,0,0,0,0,0,0,0,5000,0,0,0,5000,0,5000,5000
053996,晶相光群益97購01,0,0,0,0,0,0,0,0,0,5000,0,0,0,5000,0,5000,5000
051843,聯發科富邦99購01,0,0,0,0,0,0,0,0,0,5000,0,0,0,5000,0,5000,5000
052476,台光電群益98購01,0,0,0,0,0,0,0,0,0,5000,0,0,0,5000,0,5000,5000
052153,GIS富邦96購02   ,0,0,0,0,0,0,0,0,0,5000,0,0,0,5000,0,5000,5000
052417,聯發科兆豐9B購01,0,0,0,0,0,0,0,0,0,5000,0,0,0,5000,0,5000,5000
05362P,可成富邦97售02  ,0,0,0,0,0,0,0,0,0,5000,0,0,0,5000,0,5000,5000
053350,台表科國票97購02,0,0,0,0,0,0,0,0,0,5000,0,0,0,109000,104000,5000,5000
053580,國巨元大96購10  ,0,0,0,0,0,0,0,0,0,5000,0,0,0,5000,0,5000,5000
048747,華通元富97購01  ,0,0,0,0,0,0,0,0,0,5000,0,0,0,100000,95000,5000,5000
048572,美利達元大96購04,0,0,0,0,0,0,0,0,0,5000,0,0,0,5000,0,5000,5000
048432,全新國票95購01  ,0,0,0,0,0,0,0,0,0,5000,0,0,0,5000,0,5000,5000
051089,旺宏元大96購04  ,0,0,0,0,0,0,0,0,0,5000,0,0,0,5000,0,5000,5000
03064X,元展59          ,0,0,0,0,0,0,0,0,0,5000,0,0,0,5000,0,5000,5000
00757,統一FANG+       ,0,0,0,0,0,0,0,0,0,5000,0,0,0,240000,235000,5000,5000
00714,群益道瓊美國地產,0,0,0,0,0,0,0,0,0,5000,0,0,0,13000,8000,5000,5000
051424,緯穎國票97購01  ,0,0,0,0,0,0,0,0,0,5000,0,0,0,45000,40000,5000,5000
056272,嘉澤統一99購01  ,0,0,0,0,0,0,0,0,0,5000,0,0,0,5000,0,5000,5000
05584P,臺股指凱基96售13,0,0,0,0,0,0,0,0,0,5000,0,0,0,5000,0,5000,5000
055820,矽力國票98購02  ,0,0,0,0,0,0,0,0,0,5000,0,0,0,24000,19000,5000,5000
055863,緯穎元大97購05  ,0,0,0,0,0,0,0,0,0,5000,0,0,0,5000,0,5000,5000
05598P,國巨元富96售03  ,0,0,0,0,0,0,0,0,0,5000,0,0,0,5000,0,5000,5000
059260,國巨中信99購05  ,0,0,0,0,0,0,0,0,0,5000,0,0,0,5000,0,5000,5000
059214,國巨元大99購20  ,0,0,0,0,0,0,0,0,0,5000,0,0,0,8000,3000,5000,5000
055349,京元電凱基97購02,0,0,0,0,0,0,0,0,0,5000,0,0,0,51000,46000,5000,5000
055228,聯發科國票98購03,0,0,0,0,0,0,0,0,0,5000,0,0,0,5000,0,5000,5000
055112,晶豪科凱基98購01,0,0,0,0,0,0,0,0,0,5000,0,0,0,5000,0,5000,5000
054929,群電凱基97購01  ,0,0,0,0,0,0,0,0,0,5000,0,0,0,10000,5000,5000,5000
055034,建準富邦99購01  ,0,0,0,0,0,0,0,0,0,5000,0,0,0,5000,0,5000,5000
054417,牧德元大96購01  ,0,0,0,0,0,0,0,0,0,5000,0,0,0,25000,20000,5000,5000
056580,泰鼎元大9A購01  ,2000,0,2000,0,0,0,0,0,0,3000,0,0,0,5000,2000,3000,5000
054607,台積電永豐97購03,0,0,0,0,0,0,0,0,0,5000,0,0,0,5000,0,5000,5000
054564,玉晶光群益99購01,0,0,0,0,0,0,0,0,0,5000,0,0,0,5000,0,5000,5000
059046,滬深2X凱基9C購01,0,0,0,0,0,0,0,0,0,5000,0,0,0,5000,0,5000,5000
05971P,世紀鋼永豐96售04,0,0,0,0,0,0,0,0,0,5000,0,0,0,5000,0,5000,5000
059180,祥碩元富9A購01  ,0,0,0,0,0,0,0,0,0,5000,0,0,0,5000,0,5000,5000
058958,台表科國票9A購03,0,0,0,0,0,0,0,0,0,5000,0,0,0,5000,0,5000,5000
058981,國巨凱基99購10  ,0,0,0,0,0,0,0,0,0,5000,0,0,0,65000,60000,5000,5000
058785,臺股指國票99購04,0,0,0,0,0,0,0,0,0,5000,0,0,0,11000,6000,5000,5000
058846,鴻海群益99購03  ,0,0,0,0,0,0,0,0,0,5000,0,0,0,5000,0,5000,5000
058135,景碩元大99購01  ,0,0,0,0,0,0,0,0,0,5000,0,0,0,55000,50000,5000,5000
058104,國巨統一9A購04  ,0,0,0,0,0,0,0,0,0,5000,0,0,0,70000,65000,5000,5000
058090,聯發科元大98購16,0,0,0,0,0,0,0,0,0,5000,0,0,0,5000,0,5000,5000
058491,滬深2X群益01購01,0,0,0,0,0,0,0,0,0,5000,0,0,0,5000,0,5000,5000
05849P,臺股指元大96售25,0,0,0,0,0,0,0,0,0,5000,0,0,0,5000,0,5000,5000
060165,上緯控永豐9A購01,0,0,0,0,0,0,0,0,0,5000,0,0,0,6000,1000,5000,5000
060389,世紀鋼凱基9B購02,0,0,0,0,0,0,0,0,0,5000,0,0,0,5000,0,5000,5000
057806,國巨元大98購20  ,0,0,0,0,0,0,0,0,0,5000,0,0,0,5000,0,5000,5000
058685,TPK凱基99購01   ,0,0,0,0,0,0,0,0,0,5000,0,0,0,73000,68000,5000,5000
057751,神達國票99購02  ,0,0,0,0,0,0,0,0,0,5000,0,0,0,5000,0,5000,5000
057795,鴻海兆豐99購02  ,0,0,0,0,0,0,0,0,0,5000,0,0,0,10000,5000,5000,5000
060216,鴻海凱基9A購17  ,0,0,0,0,0,0,0,0,0,5000,0,0,0,5000,0,5000,5000
060311,盟立永豐9A購01  ,0,0,0,0,0,0,0,0,0,5000,0,0,0,5000,0,5000,5000
060323,華通群益9C購01  ,0,0,0,0,0,0,0,0,0,5000,0,0,0,23000,18000,5000,5000
059541,T50正2康和99購01,0,0,0,0,0,0,0,0,0,5000,0,0,0,20000,15000,5000,5000
059152,臺股指國票99購15,0,0,0,0,0,0,0,0,0,5000,0,0,0,5000,0,5000,5000
059165,南亞科凱基99購04,0,0,0,0,0,0,0,0,0,5000,0,0,0,10000,5000,5000,5000
059954,華新科康和99購01,0,0,0,0,0,0,0,0,0,5000,0,0,0,40000,35000,5000,5000
059902,滬深2X元大9C購08,0,0,0,0,0,0,0,0,0,5000,0,0,0,5000,0,5000,5000
060053,聯發科凱基9B購02,0,0,0,0,0,0,0,0,0,5000,0,0,0,5000,0,5000,5000
06013P,世芯國泰97售03  ,0,0,0,0,0,0,0,0,0,5000,0,0,0,20000,15000,5000,5000
057340,玉晶光元富98購04,0,0,0,0,0,0,0,0,0,5000,0,0,0,5000,0,5000,5000
057604,鴻海統一9C購01  ,0,0,0,0,0,0,0,0,0,5000,0,0,0,12000,7000,5000,5000
05793P,臺股指中信99售08,0,0,0,0,0,0,0,0,0,5000,0,0,0,5000,0,5000,5000
058023,南電凱基98購02  ,0,0,0,0,0,0,0,0,0,5000,0,0,0,5000,0,5000,5000
058358,技嘉凱基9A購01  ,0,0,0,0,0,0,0,0,0,5000,0,0,0,8000,3000,5000,5000
056970,TPK永豐98購01   ,0,0,0,0,0,0,0,0,0,5000,0,0,0,10000,5000,5000,5000
056989,鴻海兆豐98購02  ,0,0,0,0,0,0,0,0,0,5000,0,0,0,5000,0,5000,5000
05708P,奇力新國票97售04,0,0,0,0,0,0,0,0,0,5000,0,0,0,5000,0,5000,5000
057078,國巨統一9A購02  ,0,0,0,0,0,0,0,0,0,5000,0,0,0,5000,0,5000,5000
05725P,嘉聯益永豐96售02,0,0,0,0,0,0,0,0,0,5000,0,0,0,5000,0,5000,5000
2939,凱羿-KY         ,41000,45000,-4000,0,0,0,0,0,0,9000,9000,0,9000,0,0,0,5000
2882B,國泰金乙特      ,0,0,0,0,0,0,0,0,0,5000,21000,16000,5000,0,0,0,5000
06813P,友訊元富98售03  ,0,0,0,0,0,0,0,0,0,5000,0,0,0,5000,0,5000,5000
06896P,信邦中信98售01  ,0,0,0,0,0,0,0,0,0,5000,0,0,0,5000,0,5000,5000
06866P,聯發科元大98售13,0,0,0,0,0,0,0,0,0,5000,0,0,0,5000,0,5000,5000
06877P,台積電兆豐98售04,0,0,0,0,0,0,0,0,0,5000,0,0,0,5000,0,5000,5000
07133P,臺股指元大9A售27,0,0,0,0,0,0,0,0,0,5000,0,0,0,5000,0,5000,5000
07307P,上証2X凱基9A售02,0,0,0,0,0,0,0,0,0,5000,0,0,0,5000,0,5000,5000
07386P,臺股指群益99售24,0,0,0,0,0,0,0,0,0,5000,0,0,0,5000,0,5000,5000
07439P,臺股指麥證9B售01,0,0,0,5000,0,5000,0,0,0,5000,0,0,0,5000,0,5000,5000
07757P,國巨國票9B售04  ,0,0,0,0,0,0,0,0,0,5000,0,0,0,5000,0,5000,5000
1101B,台泥乙特        ,0,0,0,0,0,0,0,0,0,5000,5000,0,5000,0,0,0,5000
061983,華新科元大9B購04,0,0,0,0,0,0,0,0,0,4000,0,0,0,4000,0,4000,4000
061998,緯穎元大9B購03  ,0,0,0,0,0,0,0,0,0,4000,0,0,0,30000,26000,4000,4000
061722,健策永豐9B購03  ,0,0,0,0,0,0,0,0,0,4000,0,0,0,7000,3000,4000,4000
06173P,華通元大97售02  ,0,0,0,0,0,0,0,0,0,4000,0,0,0,17000,13000,4000,4000
061317,旺宏凱基9A購05  ,0,0,0,0,0,0,0,0,0,4000,0,0,0,11000,7000,4000,4000
061402,矽創兆豐9B購01  ,0,0,0,0,0,0,0,0,0,4000,0,0,0,14000,10000,4000,4000
061631,SP黃豆元大9A購05,0,0,0,0,0,0,0,0,0,4000,0,0,0,4000,0,4000,4000
060735,鴻海統一9C購03  ,0,0,0,0,0,0,0,0,0,4000,0,0,0,4000,0,4000,4000
060844,大立光國票9A購07,0,0,0,0,0,0,0,0,0,4000,0,0,0,6000,2000,4000,4000
061304,創意永豐9A購02  ,0,0,0,0,0,0,0,0,0,4000,0,0,0,87000,83000,4000,4000
06597P,國巨富邦9A售05  ,0,0,0,0,0,0,0,0,0,4000,0,0,0,78000,74000,4000,4000
062041,華擎凱基9C購01  ,1000,0,1000,0,0,0,0,0,0,3000,0,0,0,80000,77000,3000,4000
055229,大毅國票97購02  ,0,0,0,0,0,0,0,0,0,4000,0,0,0,5000,1000,4000,4000
05530P,臺股指群益96售03,0,0,0,0,0,0,0,0,0,4000,0,0,0,4000,0,4000,4000
059288,旺宏元富99購03  ,0,0,0,0,0,0,0,0,0,4000,0,0,0,4000,0,4000,4000
056058,建準元大97購02  ,0,0,0,0,0,0,0,0,0,4000,0,0,0,64000,60000,4000,4000
055934,景碩群益98購03  ,0,0,0,0,0,0,0,0,0,4000,0,0,0,4000,0,4000,4000
056151,建準凱基97購01  ,0,0,0,0,0,0,0,0,0,4000,0,0,0,4000,0,4000,4000
00684R,元大美元指數反1 ,0,0,0,0,0,0,0,0,0,4000,0,0,0,4000,0,4000,4000
05060P,台達電富邦97售02,0,0,0,0,0,0,0,0,0,4000,0,0,0,4000,0,4000,4000
053889,致茂群益97購01  ,0,0,0,0,0,0,0,0,0,4000,0,0,0,100000,96000,4000,4000
051931,美律國票96購02  ,0,0,0,0,0,0,0,0,0,4000,0,0,0,4000,0,4000,4000
056508,揚明光永豐98購01,0,0,0,0,0,0,0,0,0,4000,0,0,0,101000,97000,4000,4000
054231,國巨群益98購03  ,0,0,0,0,0,0,0,0,0,4000,0,0,0,14000,10000,4000,4000
054213,欣興國票97購04  ,0,0,0,0,0,0,0,0,0,4000,0,0,0,4000,0,4000,4000
057355,彩晶統一98購03  ,0,0,0,0,0,0,0,0,0,4000,0,0,0,4000,0,4000,4000
057316,國巨凱基99購04  ,0,0,0,0,0,0,0,0,0,4000,0,0,0,4000,0,4000,4000
057557,聯茂凱基99購04  ,0,0,0,0,0,0,0,0,0,4000,0,0,0,4000,0,4000,4000
060123,光罩永豐99購02  ,0,0,0,0,0,0,0,0,0,4000,0,0,0,89000,85000,4000,4000
057497,祥碩元大98購06  ,0,0,0,0,0,0,0,0,0,4000,0,0,0,7000,3000,4000,4000
059868,台光電凱基99購03,0,0,0,0,0,0,0,0,0,4000,0,0,0,35000,31000,4000,4000
059962,S&P正2凱基99購02,0,0,0,0,0,0,0,0,0,4000,0,0,0,4000,0,4000,4000
060016,廣達康和99購01  ,0,0,0,0,0,0,0,0,0,4000,0,0,0,14000,10000,4000,4000
059997,華航元富99購01  ,0,0,0,0,0,0,0,0,0,4000,0,0,0,5000,1000,4000,4000
059985,華新科元大99購22,0,0,0,0,0,0,0,0,0,4000,0,0,0,5000,1000,4000,4000
059160,華通凱基99購03  ,0,0,0,0,0,0,0,0,0,4000,0,0,0,4000,0,4000,4000
057376,新日興元大98購04,0,0,0,0,0,0,0,0,0,4000,0,0,0,10000,6000,4000,4000
060244,大立光元大9B購02,0,0,0,0,0,0,0,0,0,4000,0,0,0,4000,0,4000,4000
060581,玉晶光群益9B購02,0,0,0,0,0,0,0,0,0,4000,0,0,0,4000,0,4000,4000
060387,盛群凱基9A購01  ,0,0,0,0,0,0,0,0,0,4000,0,0,0,29000,25000,4000,4000
058770,貿聯兆豐9A購01  ,0,0,0,0,0,0,0,0,0,4000,0,0,0,10000,6000,4000,4000
059722,南亞科元大99購02,0,0,0,0,0,0,0,0,0,4000,0,0,0,4000,0,4000,4000
07826P,台積電富邦9B售07,0,0,0,0,0,0,0,0,0,4000,0,0,0,9000,5000,4000,4000
07951P,智邦元大9B售05  ,0,0,0,0,0,0,0,0,0,4000,0,0,0,6000,2000,4000,4000
07955P,大成鋼群益9B售02,0,0,0,0,0,0,0,0,0,4000,0,0,0,4000,0,4000,4000
07306P,台灣50凱基9A售09,0,0,0,0,0,0,0,0,0,4000,0,0,0,4000,0,4000,4000
07580P,緯穎元大9A售03  ,0,0,0,0,0,0,0,0,0,4000,0,0,0,5000,1000,4000,4000
07050P,宏達電中信9B售01,0,0,0,0,0,0,0,0,0,4000,0,0,0,14000,10000,4000,4000
07190P,臺股指富邦9C售02,0,0,0,0,0,0,0,0,0,4000,0,0,0,31000,27000,4000,4000
06843P,鴻海元大98售11  ,0,0,0,0,0,0,0,0,0,4000,0,0,0,85000,81000,4000,4000
06980P,緯穎永豐99售02  ,0,0,0,0,0,0,0,0,0,4000,0,0,0,10000,6000,4000,4000
4755,三福化          ,0,8000,-8000,0,0,0,12000,0,12000,0,0,0,0,0,0,0,4000
062308,旺宏凱基9B購04  ,0,0,0,0,0,0,0,0,0,3000,0,0,0,7000,4000,3000,3000
062306,華通凱基9B購01  ,0,0,0,0,0,0,0,0,0,3000,0,0,0,3000,0,3000,3000
062538,台積電國泰9C購02,0,0,0,0,0,0,0,0,0,3000,0,0,0,15000,12000,3000,3000
06697P,台積電國票99售05,0,0,0,0,0,0,0,0,0,3000,0,0,0,3000,0,3000,3000
06769P,臺股指永昌98售03,0,0,0,0,0,0,0,0,0,3000,0,0,0,3000,0,3000,3000
06740P,台灣50國泰9A售02,0,0,0,0,0,0,0,0,0,3000,0,0,0,3000,0,3000,3000
06551P,貿聯元大98售05  ,0,0,0,0,0,0,0,0,0,3000,0,0,0,33000,30000,3000,3000
062778,國巨元大9B購17  ,0,0,0,0,0,0,0,0,0,3000,0,0,0,3000,0,3000,3000
062888,漢唐群益9B購01  ,0,0,0,0,0,0,0,0,0,3000,0,0,0,32000,29000,3000,3000
061068,祥碩凱基9B購01  ,0,0,0,0,0,0,0,0,0,3000,0,0,0,3000,0,3000,3000
061115,電子類元大9A購02,0,0,0,0,0,0,0,0,0,3000,0,0,0,3000,0,3000,3000
06084P,宏達電元富97售02,0,0,0,0,0,0,0,0,0,3000,0,0,0,3000,0,3000,3000
060808,欣興群益9A購01  ,0,0,0,0,0,0,0,0,0,3000,0,0,0,5000,2000,3000,3000
060906,旺宏元大9A購07  ,0,0,0,0,0,0,0,0,0,3000,0,0,0,16000,13000,3000,3000
060886,國巨統一01購03  ,0,0,0,0,0,0,0,0,0,3000,0,0,0,148000,145000,3000,3000
06075P,智邦凱基97售02  ,0,0,0,0,0,0,0,0,0,3000,0,0,0,3000,0,3000,3000
06062P,宏達電元富97售01,0,0,0,0,0,0,0,0,0,3000,0,0,0,3000,0,3000,3000
061498,大立光國票9A購10,0,0,0,0,0,0,0,0,0,3000,0,0,0,6000,3000,3000,3000
061541,旺宏群益9A購03  ,0,0,0,0,0,0,0,0,0,3000,0,0,0,55000,52000,3000,3000
061410,緯穎國票9A購03  ,0,0,0,0,0,0,0,0,0,3000,0,0,0,5000,2000,3000,3000
05541P,鴻海統一96售08  ,0,0,0,0,0,0,0,0,0,3000,0,0,0,3000,0,3000,3000
055459,建準永豐97購03  ,0,0,0,0,0,0,0,0,0,3000,0,0,0,3000,0,3000,3000
05163P,聯發科統一96售02,0,0,0,0,0,0,0,0,0,3000,0,0,0,63000,60000,3000,3000
053804,富邦金凱基96購01,0,0,0,0,0,0,0,0,0,3000,0,0,0,48000,45000,3000,3000
00657,國泰日經225     ,0,0,0,0,0,0,0,0,0,3000,0,0,0,143000,140000,3000,3000
00702,國泰標普低波高息,2000,0,2000,0,0,0,0,0,0,1000,0,0,0,1000,0,1000,3000
055834,國巨元大97購13  ,0,0,0,0,0,0,0,0,0,3000,0,0,0,5000,2000,3000,3000
056011,矽力中信99購01  ,0,0,0,0,0,0,0,0,0,3000,0,0,0,10000,7000,3000,3000
059264,台光電中信99購02,0,0,0,0,0,0,0,0,0,3000,0,0,0,20000,17000,3000,3000
056457,嘉澤凱基98購01  ,0,0,0,0,0,0,0,0,0,3000,0,0,0,3000,0,3000,3000
059196,聯發科永豐99購02,0,0,0,0,0,0,0,0,0,3000,0,0,0,3000,0,3000,3000
059696,立積永豐99購03  ,0,0,0,0,0,0,0,0,0,3000,0,0,0,16000,13000,3000,3000
055230,大毅國票98購01  ,0,0,0,0,0,0,0,0,0,3000,0,0,0,3000,0,3000,3000
054840,T50反1兆豐98購01,0,0,0,0,0,0,0,0,0,3000,0,0,0,3000,0,3000,3000
054632,緯穎凱基9A購01  ,0,0,0,0,0,0,0,0,0,3000,0,0,0,3000,0,3000,3000
054720,禾伸堂永豐97購01,0,0,0,0,0,0,0,0,0,3000,0,0,0,3000,0,3000,3000
055681,奇鋐凱基98購03  ,0,0,0,0,0,0,0,0,0,3000,0,0,0,3000,0,3000,3000
055744,茂林元富97購02  ,0,0,0,0,0,0,0,0,0,3000,0,0,0,203000,200000,3000,3000
055774,台光電凱基97購02,0,0,0,0,0,0,0,0,0,3000,0,0,0,53000,50000,3000,3000
054470,緯穎國票97購04  ,0,0,0,0,0,0,0,0,0,3000,0,0,0,4000,1000,3000,3000
058986,華新科凱基9A購03,0,0,0,0,0,0,0,0,0,3000,0,0,0,4000,1000,3000,3000
058915,SGBR2X元富99購01,0,0,0,0,0,0,0,0,0,3000,0,0,0,3000,0,3000,3000
058095,昇陽半元大98購03,0,0,0,0,0,0,0,0,0,3000,0,0,0,3000,0,3000,3000
058099,鴻海國泰9A購02  ,0,0,0,0,0,0,0,0,0,3000,0,0,0,3000,0,3000,3000
060158,廣達永豐9A購01  ,0,0,0,0,0,0,0,0,0,3000,0,0,0,54000,51000,3000,3000
060512,祥碩元大9A購02  ,0,0,0,0,0,0,0,0,0,3000,0,0,0,55000,52000,3000,3000
060465,聯發科元大9A購02,0,0,0,0,0,0,0,0,0,3000,0,0,0,3000,0,3000,3000
060214,茂林康和9A購01  ,0,0,0,0,0,0,0,0,0,3000,0,0,0,7000,4000,3000,3000
058220,世芯國票9A購01  ,0,0,0,0,0,0,0,0,0,3000,0,0,0,3000,0,3000,3000
059144,嘉晶國票9A購02  ,0,0,0,0,0,0,0,0,0,3000,0,0,0,3000,0,3000,3000
058278,FBVIX中信03購02 ,0,0,0,0,0,0,0,0,0,3000,0,0,0,3000,0,3000,3000
057480,技嘉元大98購03  ,0,0,0,0,0,0,0,0,0,3000,0,0,0,6000,3000,3000,3000
060101,大立光元大99購31,0,0,0,0,0,0,0,0,0,3000,0,0,0,3000,0,3000,3000
05789P,臺股指永昌96售06,0,0,0,0,0,0,0,0,0,3000,0,0,0,3000,0,3000,3000
057253,高股息中信99購02,0,0,0,0,0,0,0,0,0,3000,0,0,0,3000,0,3000,3000
058372,欣興凱基99購03  ,0,0,0,0,0,0,0,0,0,3000,0,0,0,3000,0,3000,3000
058333,鴻海元富99購04  ,0,0,0,0,0,0,0,0,0,3000,0,0,0,57000,54000,3000,3000
4571,鈞興-KY         ,4000,1000,3000,0,0,0,0,0,0,0,0,0,0,0,0,0,3000
2936,客思達-KY       ,5000,2000,3000,0,0,0,0,0,0,0,0,0,0,0,0,0,3000
2347,聯強            ,1495000,2198000,-703000,0,0,0,0,0,0,706000,540000,10000,530000,176000,0,176000,3000
07198P,臺股指元大99售14,0,0,0,0,0,0,0,0,0,3000,0,0,0,34000,31000,3000,3000
07203P,T50正2凱基9C售02,0,0,0,0,0,0,0,0,0,3000,0,0,0,3000,0,3000,3000
07135P,臺股指元大9A售29,0,0,0,0,0,0,0,0,0,3000,0,0,0,3000,0,3000,3000
07142P,台灣50元大01售01,0,0,0,0,0,0,0,0,0,3000,0,0,0,3000,0,3000,3000
07514P,台積電元大9A售14,0,0,0,0,0,0,0,0,0,3000,0,0,0,3000,0,3000,3000
07668P,旺宏元大9A售10  ,0,0,0,0,0,0,0,0,0,3000,0,0,0,3000,0,3000,3000
07674P,金融類元大9A售01,0,0,0,0,0,0,0,0,0,3000,0,0,0,11000,8000,3000,3000
07270P,台灣50元大01售09,0,0,0,0,0,0,0,0,0,3000,0,0,0,3000,0,3000,3000
07444P,聯發科凱基9A售10,0,0,0,0,0,0,0,0,0,3000,0,0,0,3000,0,3000,3000
07473P,祥碩元大9A售01  ,0,0,0,0,0,0,0,0,0,3000,0,0,0,5000,2000,3000,3000
07929P,旺宏統一9B售07  ,0,0,0,0,0,0,0,0,0,3000,0,0,0,3000,0,3000,3000
08001P,台灣50元大9B售17,0,0,0,0,0,0,0,0,0,3000,0,0,0,3000,0,3000,3000
061456,玉晶光凱基9B購05,0,0,0,0,0,0,0,0,0,2000,0,0,0,5000,3000,2000,2000
061511,緯穎富邦9B購02  ,0,0,0,0,0,0,0,0,0,2000,0,0,0,47000,45000,2000,2000
061637,華新科元大9A購22,0,0,0,0,0,0,0,0,0,2000,0,0,0,2000,0,2000,2000
061574,大毅元大9B購01  ,0,0,0,0,0,0,0,0,0,2000,0,0,0,2000,0,2000,2000
060642,華擎永豐9A購02  ,0,0,0,0,0,0,0,0,0,2000,0,0,0,12000,10000,2000,2000
060755,鴻海元大9A購15  ,0,0,0,0,0,0,0,0,0,2000,0,0,0,2000,0,2000,2000
060785,國巨富邦9B購04  ,0,0,0,0,0,0,0,0,0,2000,0,0,0,32000,30000,2000,2000
060780,祥碩國泰9B購01  ,0,0,0,0,0,0,0,0,0,2000,0,0,0,2000,0,2000,2000
06090P,旺宏統一97售06  ,0,0,0,0,0,0,0,0,0,2000,0,0,0,7000,5000,2000,2000
061012,國巨麥證9A購03  ,0,0,0,2000,0,2000,0,0,0,2000,0,0,0,2000,0,2000,2000
061290,玉晶光統一01購04,0,0,0,0,0,0,0,0,0,2000,0,0,0,2000,0,2000,2000
061240,華新科兆豐9A購01,0,0,0,0,0,0,0,0,0,2000,0,0,0,2000,0,2000,2000
061179,華擎凱基9A購01  ,0,0,0,0,0,0,0,0,0,2000,0,0,0,45000,43000,2000,2000
061223,T50反1中信01購01,0,0,0,0,0,0,0,0,0,2000,0,0,0,10000,8000,2000,2000
062726,華擎凱基9B購02  ,0,0,0,0,0,0,0,0,0,2000,0,0,0,23000,21000,2000,2000
062695,華通元大9C購01  ,0,0,0,0,0,0,0,0,0,2000,0,0,0,10000,8000,2000,2000
063034,致茂凱基9B購01  ,0,0,0,0,0,0,0,0,0,2000,0,0,0,2000,0,2000,2000
062897,上銀元大9B購06  ,0,0,0,0,0,0,0,0,0,2000,0,0,0,2000,0,2000,2000
062912,新日興元大9B購01,0,0,0,0,0,0,0,0,0,2000,0,0,0,30000,28000,2000,2000
06536P,臺股指群益98售04,0,0,0,0,0,0,0,0,0,2000,0,0,0,2000,0,2000,2000
06377P,華通統一97售04  ,0,0,0,0,0,0,0,0,0,2000,0,0,0,4000,2000,2000,2000
06374P,台表科元大97售06,0,0,0,0,0,0,0,0,0,2000,0,0,0,12000,10000,2000,2000
06332P,世紀鋼群益98售01,0,0,0,0,0,0,0,0,0,2000,0,0,0,6000,4000,2000,2000
06693P,臺股指凱基98售01,0,0,0,0,0,0,0,0,0,2000,0,0,0,3000,1000,2000,2000
06631P,玉晶光群益9A售03,0,0,0,0,0,0,0,0,0,2000,0,0,0,2000,0,2000,2000
06646P,國巨元大98售16  ,0,0,0,0,0,0,0,0,0,2000,0,0,0,5000,3000,2000,2000
06256P,臺股指群益97售09,0,0,0,0,0,0,0,0,0,2000,0,0,0,3000,1000,2000,2000
062307,華通凱基9C購01  ,0,0,0,0,0,0,0,0,0,2000,0,0,0,2000,0,2000,2000
062046,矽格凱基9B購01  ,0,0,0,0,0,0,0,0,0,2000,0,0,0,128000,126000,2000,2000
055545,國巨凱基97購06  ,0,0,0,0,0,0,0,0,0,2000,0,0,0,5000,3000,2000,2000
055627,亞德客永豐97購02,0,0,0,0,0,0,0,0,0,2000,0,0,0,2000,0,2000,2000
05450P,臺股指元大95售27,0,0,0,0,0,0,0,0,0,2000,0,0,0,2000,0,2000,2000
055781,聯詠凱基98購01  ,0,0,0,0,0,0,0,0,0,2000,0,0,0,13000,11000,2000,2000
05570P,聯發科統一96售04,0,0,0,0,0,0,0,0,0,2000,0,0,0,2000,0,2000,2000
054577,世芯元大98購01  ,0,0,0,0,0,0,0,0,0,2000,0,0,0,2000,0,2000,2000
055343,國巨凱基97購03  ,0,0,0,0,0,0,0,0,0,2000,0,0,0,100000,98000,2000,2000
055320,建準國票98購01  ,0,0,0,0,0,0,0,0,0,2000,0,0,0,2000,0,2000,2000
059673,玉山金元富99購01,0,0,0,0,0,0,0,0,0,2000,0,0,0,2000,0,2000,2000
059638,大立光凱基99購11,0,0,0,0,0,0,0,0,0,2000,0,0,0,2000,0,2000,2000
059268,鎧勝中信01購01  ,0,0,0,0,0,0,0,0,0,2000,0,0,0,8000,6000,2000,2000
05941P,聯發科凱基96售22,0,0,0,0,0,0,0,0,0,2000,0,0,0,2000,0,2000,2000
059324,智易元大99購04  ,0,0,0,0,0,0,0,0,0,2000,0,0,0,2000,0,2000,2000
05583P,訊芯凱基96售01  ,0,0,0,0,0,0,0,0,0,2000,0,0,0,2000,0,2000,2000
055923,矽力凱基98購01  ,0,0,0,0,0,0,0,0,0,2000,0,0,0,3000,1000,2000,2000
055851,智原元大98購01  ,0,0,0,0,0,0,0,0,0,2000,0,0,0,2000,0,2000,2000
056192,智邦富邦98購01  ,0,0,0,0,0,0,0,0,0,2000,0,0,0,32000,30000,2000,2000
056292,統一元大97購01  ,0,0,0,0,0,0,0,0,0,2000,0,0,0,2000,0,2000,2000
00709,富邦歐洲        ,0,0,0,0,0,0,0,0,0,2000,0,0,0,107000,105000,2000,2000
00706L,元大S&P日圓正2  ,0,0,0,0,0,0,0,0,0,2000,0,0,0,13000,11000,2000,2000
045055,聯發科元富98購03,0,0,0,0,0,0,0,0,0,2000,0,0,0,2000,0,2000,2000
04787P,台積電永昌96售04,0,0,0,0,0,0,0,0,0,2000,0,0,0,2000,0,2000,2000
053850,嘉澤元富96購03  ,0,0,0,0,0,0,0,0,0,2000,0,0,0,2000,0,2000,2000
053742,創意國票97購01  ,0,0,0,0,0,0,0,0,0,2000,0,0,0,40000,38000,2000,2000
053443,智邦凱基97購01  ,0,0,0,0,0,0,0,0,0,2000,0,0,0,5000,3000,2000,2000
050952,健策群益96購01  ,0,0,0,0,0,0,0,0,0,2000,0,0,0,2000,0,2000,2000
052459,道瓊反統一95購04,0,0,0,0,0,0,0,0,0,2000,0,0,0,2000,0,2000,2000
054071,泰鼎國泰97購02  ,0,0,0,0,0,0,0,0,0,2000,0,0,0,2000,0,2000,2000
056486,樺漢元大98購04  ,0,0,0,0,0,0,0,0,0,2000,0,0,0,2000,0,2000,2000
056527,大成鋼凱基98購03,0,0,0,0,0,0,0,0,0,2000,0,0,0,2000,0,2000,2000
053006,玉晶光永豐96購03,0,0,0,0,0,0,0,0,0,2000,0,0,0,2000,0,2000,2000
052987,華新科元大99購01,0,0,0,0,0,0,0,0,0,2000,0,0,0,2000,0,2000,2000
052990,超眾元大97購01  ,0,0,0,0,0,0,0,0,0,2000,0,0,0,16000,14000,2000,2000
057055,立積元大99購01  ,0,0,0,0,0,0,0,0,0,2000,0,0,0,248000,246000,2000,2000
057150,貿聯國票99購02  ,0,0,0,0,0,0,0,0,0,2000,0,0,0,20000,18000,2000,2000
057923,晶豪科凱基98購02,0,0,0,0,0,0,0,0,0,2000,0,0,0,142000,140000,2000,2000
057935,晶技群益98購02  ,0,0,0,0,0,0,0,0,0,2000,0,0,0,2000,0,2000,2000
058444,國巨富邦9B購01  ,0,0,0,0,0,0,0,0,0,2000,0,0,0,2000,0,2000,2000
060083,和大元大99購02  ,0,0,0,0,0,0,0,0,0,2000,0,0,0,2000,0,2000,2000
057505,健策麥證98購01  ,0,0,0,2000,0,2000,0,0,0,2000,0,0,0,2000,0,2000,2000
059881,臺股指凱基99購46,0,0,0,0,0,0,0,0,0,2000,0,0,0,3000,1000,2000,2000
059149,臺股指國票99購12,0,0,0,0,0,0,0,0,0,2000,0,0,0,3000,1000,2000,2000
059783,旺宏元大99購17  ,0,0,0,0,0,0,0,0,0,2000,0,0,0,12000,10000,2000,2000
059846,力山永豐99購01  ,0,0,0,0,0,0,0,0,0,2000,0,0,0,2000,0,2000,2000
05982P,漢唐國票96售03  ,0,0,0,0,0,0,0,0,0,2000,0,0,0,2000,0,2000,2000
057417,國巨凱基9A購03  ,0,0,0,0,0,0,0,0,0,2000,0,0,0,52000,50000,2000,2000
059555,台灣50凱基9A購06,0,0,0,0,0,0,0,0,0,2000,0,0,0,3000,1000,2000,2000
060229,楠梓電元大9C購01,0,0,0,0,0,0,0,0,0,2000,0,0,0,10000,8000,2000,2000
060221,大立光凱基9A購07,0,0,0,0,0,0,0,0,0,2000,0,0,0,2000,0,2000,2000
060425,凌華永豐9A購01  ,0,0,0,0,0,0,0,0,0,2000,0,0,0,99000,97000,2000,2000
056771,嘉晶元大99購01  ,0,0,0,0,0,0,0,0,0,2000,0,0,0,3000,1000,2000,2000
058693,旭富國票9A購01  ,0,0,0,0,0,0,0,0,0,2000,0,0,0,103000,101000,2000,2000
058659,力成中信99購01  ,0,0,0,0,0,0,0,0,0,2000,0,0,0,2000,0,2000,2000
05863P,滬深2X元大96售09,0,0,0,0,0,0,0,0,0,2000,0,0,0,2000,0,2000,2000
058085,景碩群益9A購01  ,0,0,0,0,0,0,0,0,0,2000,0,0,0,4000,2000,2000,2000
058746,華通凱基9A購02  ,0,0,0,0,0,0,0,0,0,2000,0,0,0,2000,0,2000,2000
058813,旺宏統一9B購04  ,0,0,0,0,0,0,0,0,0,2000,0,0,0,16000,14000,2000,2000
058575,智邦群益99購01  ,0,0,0,0,0,0,0,0,0,2000,0,0,0,15000,13000,2000,2000
057703,矽力群益98購01  ,0,0,0,0,0,0,0,0,0,2000,0,0,0,2000,0,2000,2000
059075,FBVIX元大99購01 ,0,0,0,0,0,0,0,0,0,2000,0,0,0,27000,25000,2000,2000
07910P,台積電統一9C售07,0,0,0,0,0,0,0,0,0,2000,0,0,0,19000,17000,2000,2000
07959P,健策永豐9B售05  ,0,0,0,0,0,0,0,0,0,2000,0,0,0,2000,0,2000,2000
07759P,臺股指富邦9A售04,0,0,0,0,0,0,0,0,0,2000,0,0,0,2000,0,2000,2000
07725P,臺股指凱基9A售17,0,0,0,0,0,0,0,0,0,2000,0,0,0,5000,3000,2000,2000
2002A,中鋼特          ,0,0,0,0,0,0,0,0,0,2000,2000,0,2000,0,0,0,2000
07301P,臺股指元大9A售34,0,0,0,0,0,0,0,0,0,2000,0,0,0,2000,0,2000,2000
07633P,台灣50元大9A售18,0,0,0,0,0,0,0,0,0,2000,0,0,0,2000,0,2000,2000
07548P,台灣50元大9A售12,0,0,0,0,0,0,0,0,0,2000,0,0,0,2000,0,2000,2000
07552P,技嘉元大9A售03  ,0,0,0,0,0,0,0,0,0,2000,0,0,0,10000,8000,2000,2000
07182P,臺股指凱基99售24,0,0,0,0,0,0,0,0,0,2000,0,0,0,2000,0,2000,2000
06990P,康友元富99售03  ,0,0,0,0,0,0,0,0,0,2000,0,0,0,3000,1000,2000,2000
06997P,台灣50中信03售01,0,0,0,0,0,0,0,0,0,2000,0,0,0,2000,0,2000,2000
07013P,玉晶光群益9A售06,0,0,0,0,0,0,0,0,0,2000,0,0,0,2000,0,2000,2000
07024P,臺股指永豐99售02,0,0,0,0,0,0,0,0,0,2000,0,0,0,2000,0,2000,2000
06838P,台積電統一99售05,0,0,0,0,0,0,0,0,0,2000,0,0,0,2000,0,2000,2000
06823P,台灣50永豐98售02,0,0,0,0,0,0,0,0,0,2000,0,0,0,2000,0,2000,2000
06790P,台積電凱基9A售04,0,0,0,0,0,0,0,0,0,2000,0,0,0,7000,5000,2000,2000
06781P,大立光元大98售19,0,0,0,0,0,0,0,0,0,2000,0,0,0,2000,0,2000,2000
06869P,金融類元大99售01,0,0,0,0,0,0,0,0,0,2000,0,0,0,2000,0,2000,2000
4557,永新-KY         ,4000,2000,2000,0,0,0,0,0,0,0,0,0,0,0,0,0,2000
6541,泰福-KY         ,298000,296000,2000,0,0,0,0,0,0,0,0,0,0,0,0,0,2000
6112,聚碩            ,67000,64000,3000,0,0,0,0,0,0,-1000,0,1000,-1000,0,0,0,2000
06201P,可成元大97售01  ,0,0,0,0,0,0,0,0,0,1000,0,0,0,1000,0,1000,1000
062144,華通國票9B購01  ,0,0,0,0,0,0,0,0,0,1000,0,0,0,21000,20000,1000,1000
062169,禾伸堂永豐9B購01,0,0,0,0,0,0,0,0,0,1000,0,0,0,1000,0,1000,1000
062128,祥碩統一01購01  ,0,0,0,0,0,0,0,0,0,1000,0,0,0,30000,29000,1000,1000
062602,華通麥證9C購01  ,0,0,0,1000,0,1000,0,0,0,1000,0,0,0,1000,0,1000,1000
062597,世紀鋼統一01購01,0,0,0,0,0,0,0,0,0,1000,0,0,0,115000,114000,1000,1000
062515,台灣50元大9B購15,0,0,0,0,0,0,0,0,0,1000,0,0,0,1000,0,1000,1000
062551,緯穎永豐9B購02  ,0,0,0,0,0,0,0,0,0,1000,0,0,0,1000,0,1000,1000
062493,元金反中信9B購01,0,0,0,0,0,0,0,0,0,1000,0,0,0,1000,0,1000,1000
06764P,聯發科元大98售11,0,0,0,0,0,0,0,0,0,1000,0,0,0,1000,0,1000,1000
06340P,鴻海統一98售06  ,0,0,0,0,0,0,0,0,0,1000,0,0,0,1000,0,1000,1000
06375P,矽力元大97售06  ,0,0,0,0,0,0,0,0,0,1000,0,0,0,1000,0,1000,1000
06537P,華通凱基98售04  ,0,0,0,0,0,0,0,0,0,1000,0,0,0,1000,0,1000,1000
06469P,臺股指凱基99售09,0,0,0,0,0,0,0,0,0,1000,0,0,0,1000,0,1000,1000
061154,可成群益9B購04  ,0,0,0,0,0,0,0,0,0,1000,0,0,0,1000,0,1000,1000
061250,臺股指群益9A購01,0,0,0,0,0,0,0,0,0,1000,0,0,0,2000,1000,1000,1000
061291,玉晶光統一01購05,0,0,0,0,0,0,0,0,0,1000,0,0,0,1000,0,1000,1000
060998,華通兆豐9A購01  ,0,0,0,0,0,0,0,0,0,1000,0,0,0,1000,0,1000,1000
06144P,台光電永豐97售01,0,0,0,0,0,0,0,0,0,1000,0,0,0,1000,0,1000,1000
061376,瑞昱永豐9A購02  ,0,0,0,0,0,0,0,0,0,1000,0,0,0,72000,71000,1000,1000
061363,儒鴻國票9B購01  ,0,0,0,0,0,0,0,0,0,1000,0,0,0,402000,401000,1000,1000
061717,力成凱基9B購01  ,0,0,0,0,0,0,0,0,0,1000,0,0,0,1000,0,1000,1000
052998,拓凱康和96購01  ,0,0,0,0,0,0,0,0,0,1000,0,0,0,40000,39000,1000,1000
054307,高鐵凱基98購01  ,0,0,0,0,0,0,0,0,0,1000,0,0,0,1000,0,1000,1000
054264,超眾元大97購02  ,0,0,0,0,0,0,0,0,0,1000,0,0,0,1000,0,1000,1000
052802,華新科元大97購02,0,0,0,0,0,0,0,0,0,1000,0,0,0,1000,0,1000,1000
055482,聚陽元大97購02  ,0,0,0,0,0,0,0,0,0,1000,0,0,0,1000,0,1000,1000
053924,京鼎國票97購01  ,0,0,0,0,0,0,0,0,0,1000,0,0,0,1000,0,1000,1000
053174,同欣電群益98購02,0,0,0,0,0,0,0,0,0,1000,0,0,0,1000,0,1000,1000
053067,牧德群益96購01  ,0,0,0,0,0,0,0,0,0,1000,0,0,0,1000,0,1000,1000
052527,泰鼎元大96購02  ,0,0,0,0,0,0,0,0,0,1000,0,0,0,1000,0,1000,1000
052077,可成元富98購02  ,0,0,0,0,0,0,0,0,0,1000,0,0,0,41000,40000,1000,1000
050783,旺宏國泰96購02  ,0,0,0,0,0,0,0,0,0,1000,0,0,0,1000,0,1000,1000
04869P,鴻海元富95售02  ,0,0,0,0,0,0,0,0,0,1000,0,0,0,1000,0,1000,1000
03430B,臺股指元大9B熊01,0,0,0,0,0,0,0,0,0,1000,0,0,0,1000,0,1000,1000
03424B,臺股指元大96熊26,0,0,0,0,0,0,0,0,0,1000,0,0,0,1000,0,1000,1000
053404,致新群益96購01  ,0,0,0,0,0,0,0,0,0,1000,0,0,0,1000,0,1000,1000
053565,台光電富邦98購01,0,0,0,0,0,0,0,0,0,1000,0,0,0,1000,0,1000,1000
053823,茂林群益96購06  ,0,0,0,0,0,0,0,0,0,1000,0,0,0,2000,1000,1000,1000
053788,泰鼎元大97購01  ,0,0,0,0,0,0,0,0,0,1000,0,0,0,1000,0,1000,1000
053890,華新科群益98購01,0,0,0,0,0,0,0,0,0,1000,0,0,0,1000,0,1000,1000
053874,台表科元大96購05,0,0,0,0,0,0,0,0,0,1000,0,0,0,1000,0,1000,1000
047410,上銀元富96購01  ,0,0,0,0,0,0,0,0,0,1000,0,0,0,1000,0,1000,1000
04293P,滬深2X元大96售02,0,0,0,0,0,0,0,0,0,1000,0,0,0,1000,0,1000,1000
042712,元石油國票95購01,0,0,0,0,0,0,0,0,0,1000,0,0,0,1000,0,1000,1000
050491,旺宏國泰96購01  ,0,0,0,0,0,0,0,0,0,1000,0,0,0,1000,0,1000,1000
00691R,兆豐藍籌30反1   ,0,0,0,0,0,0,0,0,0,1000,0,0,0,1000,0,1000,1000
056359,旺宏元大9A購01  ,0,0,0,0,0,0,0,0,0,1000,0,0,0,1000,0,1000,1000
056352,鴻海元大99購01  ,0,0,0,0,0,0,0,0,0,1000,0,0,0,1000,0,1000,1000
056254,為升元富97購01  ,0,0,0,0,0,0,0,0,0,1000,0,0,0,1000,0,1000,1000
055935,創意群益97購02  ,0,0,0,0,0,0,0,0,0,1000,0,0,0,1000,0,1000,1000
055962,晶豪科元大97購02,0,0,0,0,0,0,0,0,0,1000,0,0,0,11000,10000,1000,1000
05585P,臺股指凱基96售14,0,0,0,0,0,0,0,0,0,1000,0,0,0,1000,0,1000,1000
055880,神達元富97購02  ,0,0,0,0,0,0,0,0,0,1000,0,0,0,1000,0,1000,1000
055966,茂林元大99購01  ,0,0,0,0,0,0,0,0,0,1000,0,0,0,1000,0,1000,1000
05940P,聯發科凱基96售21,0,0,0,0,0,0,0,0,0,1000,0,0,0,1000,0,1000,1000
059378,台光電群益9B購01,0,0,0,0,0,0,0,0,0,1000,0,0,0,1000,0,1000,1000
059520,台表科永豐99購02,0,0,0,0,0,0,0,0,0,1000,0,0,0,1000,0,1000,1000
059201,祥碩永豐99購02  ,0,0,0,0,0,0,0,0,0,1000,0,0,0,1000,0,1000,1000
059244,聯發科凱基99購13,0,0,0,0,0,0,0,0,0,1000,0,0,0,1000,0,1000,1000
059697,上証2X凱基9A購03,0,0,0,0,0,0,0,0,0,1000,0,0,0,1000,0,1000,1000
059703,旺宏凱基99購11  ,0,0,0,0,0,0,0,0,0,1000,0,0,0,1000,0,1000,1000
055806,致新永豐97購02  ,0,0,0,0,0,0,0,0,0,1000,0,0,0,1000,0,1000,1000
05521P,創意永豐96售01  ,0,0,0,0,0,0,0,0,0,1000,0,0,0,1000,0,1000,1000
05519P,上証2X凱基98售01,0,0,0,0,0,0,0,0,0,1000,0,0,0,1000,0,1000,1000
05668P,滬深2X永豐96售04,0,0,0,0,0,0,0,0,0,1000,0,0,0,1000,0,1000,1000
054994,建準元富97購01  ,0,0,0,0,0,0,0,0,0,1000,0,0,0,1000,0,1000,1000
054916,聯發科凱基98購04,0,0,0,0,0,0,0,0,0,1000,0,0,0,1000,0,1000,1000
054946,億光元大97購01  ,0,0,0,0,0,0,0,0,0,1000,0,0,0,1000,0,1000,1000
05469P,台積電元大95售24,0,0,0,0,0,0,0,0,0,1000,0,0,0,1000,0,1000,1000
055730,建準元富97購02  ,0,0,0,0,0,0,0,0,0,1000,0,0,0,21000,20000,1000,1000
056655,旺宏元大99購02  ,0,0,0,0,0,0,0,0,0,1000,0,0,0,1000,0,1000,1000
056659,泰碩元大99購01  ,0,0,0,0,0,0,0,0,0,1000,0,0,0,51000,50000,1000,1000
055626,力山永豐97購01  ,0,0,0,0,0,0,0,0,0,1000,0,0,0,1000,0,1000,1000
055572,鴻海統一98購04  ,0,0,0,0,0,0,0,0,0,1000,0,0,0,27000,26000,1000,1000
05559P,臺股指麥證96售01,0,0,0,1000,0,1000,0,0,0,1000,0,0,0,1000,0,1000,1000
055557,華新科凱基97購01,0,0,0,0,0,0,0,0,0,1000,0,0,0,1000,0,1000,1000
055531,華新科群益98購03,0,0,0,0,0,0,0,0,0,1000,0,0,0,1000,0,1000,1000
059088,台積電元大99購27,0,0,0,0,0,0,0,0,0,1000,0,0,0,3000,2000,1000,1000
058630,日月光國票9A購01,0,0,0,0,0,0,0,0,0,1000,0,0,0,1000,0,1000,1000
057718,旺宏元富02購02  ,0,0,0,0,0,0,0,0,0,1000,0,0,0,6000,5000,1000,1000
058892,元油2X元大9C購08,0,0,0,0,0,0,0,0,0,1000,0,0,0,1000,0,1000,1000
057639,國巨元大99購07  ,0,0,0,0,0,0,0,0,0,1000,0,0,0,1000,0,1000,1000
058129,國巨元大99購10  ,0,0,0,0,0,0,0,0,0,1000,0,0,0,12000,11000,1000,1000
05813P,臺股指國票96售06,0,0,0,0,0,0,0,0,0,1000,0,0,0,1000,0,1000,1000
058206,祥碩凱基99購01  ,0,0,0,0,0,0,0,0,0,1000,0,0,0,8000,7000,1000,1000
058192,訊芯永豐99購01  ,0,0,0,0,0,0,0,0,0,1000,0,0,0,1000,0,1000,1000
058161,T50反1日盛03購01,0,0,0,0,0,0,0,0,0,1000,0,0,0,1000,0,1000,1000
057817,景碩元大98購01  ,0,0,0,0,0,0,0,0,0,1000,0,0,0,6000,5000,1000,1000
05676P,欣興群益96售04  ,0,0,0,0,0,0,0,0,0,1000,0,0,0,1000,0,1000,1000
056792,訊芯群益98購01  ,0,0,0,0,0,0,0,0,0,1000,0,0,0,1000,0,1000,1000
05685P,臺股指元大96售10,0,0,0,0,0,0,0,0,0,1000,0,0,0,1000,0,1000,1000
060267,上緯控國票9C購01,0,0,0,0,0,0,0,0,0,1000,0,0,0,13000,12000,1000,1000
060300,佐登國泰9B購01  ,0,0,0,0,0,0,0,0,0,1000,0,0,0,1000,0,1000,1000
060368,緯穎元富9A購03  ,0,0,0,0,0,0,0,0,0,1000,0,0,0,1000,0,1000,1000
060466,玉山金元大9A購01,0,0,0,0,0,0,0,0,0,1000,0,0,0,1000,0,1000,1000
060519,S&P500中信01購01,0,0,0,0,0,0,0,0,0,1000,0,0,0,1000,0,1000,1000
060569,台積電永豐9A購01,0,0,0,0,0,0,0,0,0,1000,0,0,0,4000,3000,1000,1000
060574,高股息中信9C購01,0,0,0,0,0,0,0,0,0,1000,0,0,0,1000,0,1000,1000
059608,聯發科富邦9B購04,0,0,0,0,0,0,0,0,0,1000,0,0,0,1000,0,1000,1000
059787,奇力新元大9A購02,0,0,0,0,0,0,0,0,0,1000,0,0,0,11000,10000,1000,1000
05975P,國巨日盛99售02  ,0,0,0,0,0,0,0,0,0,1000,0,0,0,1000,0,1000,1000
059733,緯穎元大99購08  ,0,0,0,0,0,0,0,0,0,1000,0,0,0,3000,2000,1000,1000
059748,聯發科台新99購03,0,0,0,0,0,0,0,0,0,1000,0,0,0,3000,2000,1000,1000
059883,T50反1國票99購02,0,0,0,0,0,0,0,0,0,1000,0,0,0,1000,0,1000,1000
059866,國巨凱基99購18  ,0,0,0,0,0,0,0,0,0,1000,0,0,0,2000,1000,1000,1000
059992,S&P正2元富9B購04,0,0,0,0,0,0,0,0,0,1000,0,0,0,1000,0,1000,1000
060013,S&P正2康和99購01,0,0,0,0,0,0,0,0,0,1000,0,0,0,1000,0,1000,1000
058441,T50反1台新03購01,0,0,0,0,0,0,0,0,0,1000,0,0,0,1000,0,1000,1000
058387,國巨國票9A購03  ,0,0,0,0,0,0,0,0,0,1000,0,0,0,27000,26000,1000,1000
057946,晶相光國票99購01,0,0,0,0,0,0,0,0,0,1000,0,0,0,1000,0,1000,1000
057959,欣興元大98購14  ,0,0,0,0,0,0,0,0,0,1000,0,0,0,24000,23000,1000,1000
058019,美律凱基99購04  ,0,0,0,0,0,0,0,0,0,1000,0,0,0,1000,0,1000,1000
05790P,臺股指永昌96售07,0,0,0,0,0,0,0,0,0,1000,1000,0,1000,10000,10000,0,1000
057847,聯茂永豐98購01  ,0,0,0,0,0,0,0,0,0,1000,0,0,0,1000,0,1000,1000
05786P,臺股指永昌96售03,0,0,0,0,0,0,0,0,0,1000,0,0,0,1000,0,1000,1000
05787P,臺股指永昌96售04,0,0,0,0,0,0,0,0,0,1000,0,0,0,11000,10000,1000,1000
057168,旺宏元大99購03  ,0,0,0,0,0,0,0,0,0,1000,0,0,0,1000,0,1000,1000
057284,新日興元大98購03,0,0,0,0,0,0,0,0,0,1000,0,0,0,76000,75000,1000,1000
057045,美律元大99購04  ,0,0,0,0,0,0,0,0,0,1000,0,0,0,1000,0,1000,1000
058314,欣興富邦9B購01  ,0,0,0,0,0,0,0,0,0,1000,0,0,0,2000,1000,1000,1000
5906,台南-KY         ,0,0,0,0,0,0,0,0,0,1000,1000,0,1000,0,0,0,1000
3321,同泰            ,23000,22000,1000,0,0,0,0,0,0,0,0,0,0,0,0,0,1000
2891C,中信金丙特      ,0,0,0,0,0,0,0,0,0,1000,1000,0,1000,0,0,0,1000
2888A,新光金甲特      ,1000,0,1000,0,0,0,0,0,0,0,0,0,0,0,0,0,1000
3057,喬鼎            ,6000,5000,1000,0,0,0,0,0,0,0,0,0,0,0,0,0,1000
9188,精熙-DR         ,1000,0,1000,0,0,0,0,0,0,0,0,0,0,0,0,0,1000
9941A,裕融甲特        ,0,0,0,0,0,0,0,0,0,1000,1000,0,1000,0,0,0,1000
06782P,大立光元大99售07,0,0,0,0,0,0,0,0,0,1000,0,0,0,1000,0,1000,1000
06773P,台灣50兆豐9A售01,0,0,0,0,0,0,0,0,0,1000,0,0,0,1000,0,1000,1000
06784P,臺股指元大98售01,0,0,0,0,0,0,0,0,0,1000,0,0,0,1000,0,1000,1000
06810P,國巨統一99售03  ,0,0,0,0,0,0,0,0,0,1000,0,0,0,1000,0,1000,1000
06811P,聯發科統一98售06,0,0,0,0,0,0,0,0,0,1000,0,0,0,82000,81000,1000,1000
06825P,臺股指國票98售01,0,0,0,0,0,0,0,0,0,1000,0,0,0,1000,0,1000,1000
07123P,鴻海元大99售23  ,0,0,0,0,0,0,0,0,0,1000,0,0,0,1000,0,1000,1000
07036P,台灣50台新9C售01,0,0,0,0,0,0,0,0,0,1000,0,0,0,1000,0,1000,1000
07561P,玉晶光永豐9A售02,0,0,0,0,0,0,0,0,0,1000,0,0,0,1000,0,1000,1000
07577P,華新科元大9A售09,0,0,0,0,0,0,0,0,0,1000,0,0,0,1000,0,1000,1000
07583P,台積電富邦9B售05,0,0,0,0,0,0,0,0,0,1000,0,0,0,11000,10000,1000,1000
07590P,玉晶光國票9A售03,0,0,0,0,0,0,0,0,0,1000,0,0,0,1000,0,1000,1000
07606P,台灣50國票01售02,0,0,0,0,0,0,0,0,0,1000,0,0,0,1000,0,1000,1000
07645P,華通元大9A售06  ,0,0,0,0,0,0,0,0,0,1000,0,0,0,1000,0,1000,1000
07688P,華通元大9A售07  ,0,0,0,0,0,0,0,0,0,1000,0,0,0,1000,0,1000,1000
07313P,台灣50元大99售11,0,0,0,0,0,0,0,0,0,1000,0,0,0,1000,0,1000,1000
07388P,臺股指群益9C售07,0,0,0,0,0,0,0,0,0,1000,0,0,0,3000,2000,1000,1000
07392P,台積電國泰02售01,0,0,0,0,0,0,0,0,0,1000,0,0,0,1000,0,1000,1000
07413P,國巨元大99售33  ,0,0,0,0,0,0,0,0,0,1000,0,0,0,6000,5000,1000,1000
2243,宏旭-KY         ,1000,1000,0,0,0,0,0,0,0,1000,1000,0,1000,0,0,0,1000
1312A,國喬特          ,0,0,0,0,0,0,0,0,0,1000,1000,0,1000,0,0,0,1000
1410,南染            ,5000,4000,1000,0,0,0,0,0,0,0,0,0,0,0,0,0,1000
1413,宏洲            ,10000,9000,1000,0,0,0,0,0,0,0,0,0,0,0,0,0,1000
07775P,國巨群益9A售10  ,0,0,0,0,0,0,0,0,0,1000,0,0,0,1000,0,1000,1000
07919P,創意永豐9B售01  ,0,0,0,0,0,0,0,0,0,1000,0,0,0,1000,0,1000,1000
07995P,臺股指麥證9C售01,0,0,0,1000,0,1000,0,0,0,1000,0,0,0,1000,0,1000,1000
08058P,華新科元大9B售10,0,0,0,0,0,0,0,0,0,1000,0,0,0,25000,24000,1000,1000
008201,BP上證50        ,0,0,0,0,0,0,0,0,0,100,0,0,0,100,0,100,100
061694,玉山金群益9A購01,0,0,0,0,0,0,0,0,0,0,0,0,0,100000,100000,0,0
061648,緯穎元大9A購04  ,0,0,0,0,0,0,0,0,0,0,0,0,0,3000,3000,0,0
061678,玉晶光元大9B購04,0,0,0,0,0,0,0,0,0,0,0,0,0,9000,9000,0,0
061788,信邦群益9B購01  ,0,0,0,0,0,0,0,0,0,0,0,0,0,13000,13000,0,0
061965,台積電統一02購02,0,0,0,0,0,0,0,0,0,0,0,0,0,2000,2000,0,0
061959,鴻海統一9B購04  ,0,0,0,0,0,0,0,0,0,0,0,0,0,1000,1000,0,0
061910,台積電中信05購03,0,0,0,0,0,0,0,0,0,0,0,0,0,2000,2000,0,0
061911,台積電中信05購04,0,0,0,0,0,0,0,0,0,0,0,0,0,2000,2000,0,0
061909,台積電中信05購02,0,0,0,0,0,0,0,0,0,0,0,0,0,2000,2000,0,0
061364,國巨國票9A購09  ,0,0,0,0,0,0,0,0,0,0,0,0,0,1000,1000,0,0
06139P,台積電中信99售02,0,0,0,0,0,0,0,0,0,0,0,0,0,2000,2000,0,0
061389,華新科群益9B購01,0,0,0,0,0,0,0,0,0,0,0,0,0,1000,1000,0,0
061602,旺宏凱基9A購06  ,0,0,0,0,0,0,0,0,0,0,0,0,0,6000,6000,0,0
061644,健策元大9C購02  ,0,0,0,0,0,0,0,0,0,0,0,0,0,11000,11000,0,0
061626,超眾群益9A購02  ,0,0,0,0,0,0,0,0,0,0,0,0,0,21000,21000,0,0
06151P,華新科元大97售07,0,0,0,0,0,0,0,0,0,0,0,0,0,70000,70000,0,0
061509,SP黃豆富邦9C購01,0,0,0,0,0,0,0,0,0,0,0,0,0,4000,4000,0,0
061492,超眾兆豐9B購01  ,0,0,0,0,0,0,0,0,0,0,0,0,0,1000,1000,0,0
061545,華新科群益9A購09,0,0,0,0,0,0,0,0,0,0,0,0,0,1000,1000,0,0
061526,宏達電凱基9A購04,0,0,0,0,0,0,0,0,0,0,0,0,0,4000,4000,0,0
061532,和大統一9C購02  ,0,0,0,0,0,0,0,0,0,0,0,0,0,121000,121000,0,0
060980,台積電元大9A購21,0,0,0,0,0,0,0,0,0,0,0,0,0,2000,2000,0,0
061020,超眾國票9A購02  ,0,0,0,0,0,0,0,0,0,0,0,0,0,20000,20000,0,0
061022,健策國泰9B購03  ,0,0,0,0,0,0,0,0,0,0,0,0,0,224000,224000,0,0
061062,和大凱基9A購02  ,0,0,0,0,0,0,0,0,0,0,0,0,0,2000,2000,0,0
061255,道瓊反凱基9C購01,0,0,0,0,0,0,0,0,0,0,0,0,0,1000,1000,0,0
061259,台積電凱基9A購21,0,0,0,0,0,0,0,0,0,0,0,0,0,3000,3000,0,0
060898,世芯凱基9A購03  ,0,0,0,0,0,0,0,0,0,0,0,0,0,10000,10000,0,0
060929,健策永豐9A購01  ,0,0,0,0,0,0,0,0,0,0,0,0,0,11000,11000,0,0
060945,緯穎國票9A購02  ,0,0,0,0,0,0,0,0,0,0,0,0,0,4000,4000,0,0
060940,國巨國票9B購03  ,0,0,0,0,0,0,0,0,0,0,0,0,0,1000,1000,0,0
060838,華通國票9A購05  ,0,0,0,0,0,0,0,0,0,0,0,0,0,1000,1000,0,0
060859,鴻海永豐9A購01  ,0,0,0,0,0,0,0,0,0,0,0,0,0,1000,1000,0,0
060868,致伸永豐9A購01  ,0,0,0,0,0,0,0,0,0,0,0,0,0,77000,77000,0,0
060768,鴻海麥證9A購02  ,0,0,0,0,1000,-1000,0,0,0,0,0,0,0,1000,1000,0,0
06076P,大立光凱基98售03,0,0,0,0,0,0,0,0,0,0,0,0,0,10000,10000,0,0
060757,台積電元大9A購18,0,0,0,0,0,0,0,0,0,0,0,0,0,51000,51000,0,0
060693,台積電麥證9A購02,0,0,0,0,1000,-1000,0,0,0,0,0,0,0,1000,1000,0,0
060617,華新科元大9A購08,0,0,0,0,0,0,0,0,0,0,0,0,0,1000,1000,0,0
060610,玉晶光凱基9B購02,0,0,0,0,0,0,0,0,0,0,0,0,0,3000,3000,0,0
060620,玉晶光元大9A購04,0,0,0,0,0,0,0,0,0,0,0,0,0,50000,50000,0,0
060667,力成凱基9A購01  ,0,0,0,0,0,0,0,0,0,0,0,0,0,92000,92000,0,0
06483P,聯發科凱基98售10,0,0,0,0,0,0,0,0,0,0,0,0,0,1000,1000,0,0
06440P,台積電凱基98售07,0,0,0,0,0,0,0,0,0,0,0,0,0,70000,70000,0,0
06441P,台積電凱基98售08,0,0,0,0,0,0,0,0,0,0,0,0,0,80000,80000,0,0
06386P,欣興永豐97售03  ,0,0,0,0,0,0,0,0,0,0,0,0,0,10000,10000,0,0
06372P,聯發科元大97售21,0,0,0,0,0,0,0,0,0,0,0,0,0,10000,10000,0,0
063142,奇力新統一9C購04,0,0,0,0,0,0,0,0,0,0,0,0,0,13000,13000,0,0
063115,台積電麥證9B購02,0,0,0,0,1000,-1000,0,0,0,0,0,0,0,1000,1000,0,0
063120,台光電元大9C購01,0,0,0,0,0,0,0,0,0,0,0,0,0,4000,4000,0,0
063129,祥碩元大9C購03  ,0,0,0,0,0,0,0,0,0,0,0,0,0,11000,11000,0,0
063132,台表科元大9C購02,0,0,0,0,0,0,0,0,0,0,0,0,0,7000,7000,0,0
06614P,祥碩永豐98售03  ,0,0,0,0,0,0,0,0,0,0,0,0,0,20000,20000,0,0
062928,富邦金台新9B購02,0,0,0,0,0,0,0,0,0,0,0,0,0,25000,25000,0,0
062934,大成鋼凱基9B購02,0,0,0,0,0,0,0,0,0,0,0,0,0,23000,23000,0,0
062900,台積電元大9B購04,0,0,0,0,0,0,0,0,0,0,0,0,0,2000,2000,0,0
062908,晶豪科元大9B購03,0,0,0,0,0,0,0,0,0,0,0,0,0,200000,200000,0,0
062939,奇力新凱基9B購02,0,0,0,0,0,0,0,0,0,0,0,0,0,10000,10000,0,0
062940,華新科凱基9C購02,0,0,0,0,0,0,0,0,0,0,0,0,0,1000,1000,0,0
063038,富邦金凱基9B購02,0,0,0,0,0,0,0,0,0,0,0,0,0,14000,14000,0,0
063079,儒鴻凱基9B購01  ,0,0,0,0,0,0,0,0,0,0,0,0,0,30000,30000,0,0
063084,可成凱基9C購01  ,0,0,0,0,0,0,0,0,0,0,0,0,0,4000,4000,0,0
063086,祥碩凱基9C購01  ,0,0,0,0,0,0,0,0,0,0,0,0,0,54000,54000,0,0
063025,超眾元大9B購01  ,0,0,0,0,0,0,0,0,0,0,0,0,0,22000,22000,0,0
063031,鴻海凱基9C購01  ,0,0,0,0,0,0,0,0,0,0,0,0,0,11000,11000,0,0
063033,台積電凱基9B購09,0,0,0,0,0,0,0,0,0,0,0,0,0,4000,4000,0,0
062990,台積電群益9B購06,0,0,0,0,0,0,0,0,0,0,0,0,0,17000,17000,0,0
062993,華新科群益9B購05,0,0,0,0,0,0,0,0,0,0,0,0,0,1000,1000,0,0
062707,致伸元大9B購01  ,0,0,0,0,0,0,0,0,0,0,0,0,0,50000,50000,0,0
062703,可成元大9C購02  ,0,0,0,0,0,0,0,0,0,0,0,0,0,5000,5000,0,0
062738,可成國票9B購02  ,0,0,0,0,0,0,0,0,0,0,0,0,0,3000,3000,0,0
062746,致伸永豐9B購01  ,0,0,0,0,0,0,0,0,0,0,0,0,0,77000,77000,0,0
062869,帆宣中信9B購01  ,0,0,0,0,0,0,0,0,0,0,0,0,0,5000,5000,0,0
062492,牧德第一9B購01  ,0,0,0,0,0,0,0,0,0,0,0,0,0,30000,30000,0,0
062449,臻鼎元大9B購01  ,0,0,0,0,0,0,0,0,0,0,0,0,0,135000,135000,0,0
062455,鴻海群益9C購01  ,0,0,0,0,0,0,0,0,0,0,0,0,0,2000,2000,0,0
06241P,大立光元富9A售01,0,0,0,0,0,0,0,0,0,0,0,0,0,10000,10000,0,0
062420,台積電統一9C購08,0,0,0,0,0,0,0,0,0,0,0,0,0,3000,3000,0,0
062385,玉晶光國泰01購01,0,0,0,0,0,0,0,0,0,0,0,0,0,1000,1000,0,0
06235P,國巨元大97售12  ,0,0,0,0,0,0,0,0,0,0,0,0,0,1000,1000,0,0
062569,南電中信01購01  ,0,0,0,0,0,0,0,0,0,0,0,0,0,60000,60000,0,0
06255P,臺股指群益97售08,1000,0,1000,0,0,0,0,0,0,-1000,0,0,0,0,1000,-1000,0
062671,國泰金中信03購01,0,0,0,0,0,0,0,0,0,0,0,0,0,20000,20000,0,0
06263P,燿華凱基97售04  ,0,0,0,0,0,0,0,0,0,0,0,0,0,80000,80000,0,0
062645,國巨國泰9B購08  ,0,0,0,0,0,0,0,0,0,0,0,0,0,1000,1000,0,0
062626,台積電國票9C購04,0,0,0,0,0,0,0,0,0,0,0,0,0,1000,1000,0,0
06211P,鴻海元大98售04  ,0,0,0,0,0,0,0,0,0,0,0,0,0,30000,30000,0,0
062170,健策永豐9B購04  ,0,0,0,0,0,0,0,0,0,0,0,0,0,11000,11000,0,0
062026,華邦電群益9B購01,0,0,0,0,0,0,0,0,0,0,0,0,0,12000,12000,0,0
062055,鴻海統一9C購07  ,0,0,0,0,0,0,0,0,0,0,0,0,0,8000,8000,0,0
062066,元黃金元大9B購01,0,0,0,0,0,0,0,0,0,0,0,0,0,1000,1000,0,0
062271,華通群益9C購02  ,0,0,0,0,0,0,0,0,0,0,0,0,0,14000,14000,0,0
062262,茂林元大9B購02  ,0,0,0,0,0,0,0,0,0,0,0,0,0,50000,50000,0,0
062243,臺指反元大02購04,0,0,0,0,0,0,0,0,0,0,0,0,0,15000,15000,0,0
06219P,國巨元富97售05  ,0,0,0,0,0,0,0,0,0,0,0,0,0,300000,300000,0,0
00774B,新光中國政金綠債,0,0,0,0,0,0,0,0,0,0,0,0,0,2000,2000,0,0
00775B,新光投等債15+   ,0,0,0,0,0,0,0,0,0,0,0,0,0,2000,2000,0,0
049252,國巨元大96購01  ,0,0,0,0,0,0,0,0,0,0,0,0,0,3000,3000,0,0
00707R,元大S&P日圓反1  ,0,0,0,0,0,0,0,0,0,0,0,0,0,1000,1000,0,0
00742,新光內需收益    ,0,0,0,0,0,0,0,0,0,0,0,0,0,126000,126000,0,0
00732,國泰RMB短期報酬 ,0,0,0,0,0,0,0,0,0,0,0,0,0,100000,100000,0,0
00657K,國泰日經225+U   ,0,0,0,0,0,0,0,0,0,0,0,0,0,100,100,0,0
00661,元大日經225     ,0,0,0,0,0,0,0,0,0,0,0,0,0,26000,26000,0,0
00668K,國泰美國道瓊+U  ,0,0,0,0,0,0,0,0,0,0,0,0,0,100,100,0,0
00689R,國泰20年美債反1 ,0,0,0,0,0,0,0,0,0,0,0,0,0,160000,160000,0,0
00625K,富邦上証+R      ,0,0,0,0,0,0,0,0,0,0,0,0,0,50000,50000,0,0
00636K,國泰中國A50+U   ,0,0,0,0,0,0,0,0,0,0,0,0,0,100,100,0,0
050332,鴻海國泰96購05  ,0,0,0,0,0,0,0,0,0,0,0,0,0,200000,200000,0,0
049552,鴻海國泰96購01  ,0,0,0,0,0,0,0,0,0,0,0,0,0,117000,117000,0,0
042501,台灣50凱基96購06,0,0,0,0,0,0,0,0,0,0,0,0,0,60000,60000,0,0
042556,台灣50中信96購04,0,0,0,0,0,0,0,0,0,0,0,0,0,80000,80000,0,0
047212,宏達電富邦97購01,0,0,0,0,0,0,0,0,0,0,0,0,0,52000,52000,0,0
053864,義隆元大96購01  ,0,0,0,0,0,0,0,0,0,0,0,0,0,100000,100000,0,0
053854,聯茂國泰97購02  ,0,0,0,0,0,0,0,0,0,0,0,0,0,3000,3000,0,0
053363,旺宏國泰98購02  ,0,0,0,0,0,0,0,0,0,0,0,0,0,999000,999000,0,0
053370,上証2X元大97購03,0,0,0,0,0,0,0,0,0,0,0,0,0,70000,70000,0,0
05347P,滬深2X元富9B售02,0,0,0,0,0,0,0,0,0,0,0,0,0,20000,20000,0,0
053012,國巨統一96購03  ,0,0,0,0,0,0,0,0,0,0,0,0,0,10000,10000,0,0
053199,旺宏日盛96購01  ,0,0,0,0,0,0,0,0,0,0,0,0,0,20000,20000,0,0
053249,致伸國票97購02  ,0,0,0,0,0,0,0,0,0,0,0,0,0,79000,79000,0,0
050984,大立光國泰97購01,0,0,0,0,0,0,0,0,0,0,0,0,0,58000,58000,0,0
052025,國巨群益96購01  ,0,0,0,0,0,0,0,0,0,0,0,0,0,5000,5000,0,0
051927,國巨中信96購01  ,0,0,0,0,0,0,0,0,0,0,0,0,0,443000,443000,0,0
051607,緯創群益96購02  ,0,0,0,0,0,0,0,0,0,0,0,0,0,10000,10000,0,0
051688,大立光凱基97購02,0,0,0,0,0,0,0,0,0,0,0,0,0,2000,2000,0,0
051838,國巨國泰97購01  ,0,0,0,0,0,0,0,0,0,0,0,0,0,10000,10000,0,0
052531,台積電國泰96購06,0,0,0,0,0,0,0,0,0,0,0,0,0,499000,499000,0,0
052536,聯茂國泰97購01  ,0,0,0,0,0,0,0,0,0,0,0,0,0,216000,216000,0,0
052387,台積電群益95購08,0,0,0,0,0,0,0,0,0,0,0,0,0,25000,25000,0,0
052130,國巨凱基9B購01  ,0,0,0,0,0,0,0,0,0,0,0,0,0,10000,10000,0,0
052295,揚明光國票96購03,0,0,0,0,0,0,0,0,0,0,0,0,0,160000,160000,0,0
053021,國巨國泰97購04  ,0,0,0,0,0,0,0,0,0,0,0,0,0,20000,20000,0,0
053972,華新科元大96購06,0,0,0,0,0,0,0,0,0,0,0,0,0,15000,15000,0,0
054043,漢唐元大97購01  ,0,0,0,0,0,0,0,0,0,0,0,0,0,8000,8000,0,0
054008,大立光元富96購06,0,0,0,0,0,0,0,0,0,0,0,0,0,10000,10000,0,0
054066,緯穎國票97購03  ,0,0,0,0,0,0,0,0,0,0,0,0,0,1000,1000,0,0
054069,亞光國泰98購01  ,0,0,0,0,0,0,0,0,0,0,0,0,0,14000,14000,0,0
054128,台積電元大97購10,0,0,0,0,0,0,0,0,0,0,0,0,0,90000,90000,0,0
054112,台積電麥證96購02,0,0,0,4000,0,4000,0,0,0,0,0,0,0,4000,4000,0,0
055423,亞光亞東99購01  ,0,0,0,0,0,0,0,0,0,0,0,0,0,8000,8000,0,0
05549P,臺股指元大96售03,0,0,0,0,0,0,0,0,0,0,0,0,0,200000,200000,0,0
054140,智易元大97購03  ,0,0,0,0,0,0,0,0,0,0,0,0,0,82000,82000,0,0
054403,同欣電永豐96購02,0,0,0,0,0,0,0,0,0,0,0,0,0,80000,80000,0,0
052844,台積電統一96購02,0,0,0,0,0,0,0,0,0,0,0,0,0,72000,72000,0,0
052884,台積電兆豐96購01,0,0,0,0,0,0,0,0,0,0,0,0,0,10000,10000,0,0
052885,高鐵兆豐98購01  ,0,0,0,0,0,0,0,0,0,0,0,0,0,20000,20000,0,0
052958,T50反1凱基99購02,0,0,0,0,0,0,0,0,0,0,0,0,0,661000,661000,0,0
052779,欣興國票97購01  ,0,0,0,0,0,0,0,0,0,0,0,0,0,50000,50000,0,0
052775,滬深2X國票99購02,0,0,0,0,0,0,0,0,0,0,0,0,0,10000,10000,0,0
054318,台虹凱基98購01  ,0,0,0,0,0,0,0,0,0,0,0,0,0,24000,24000,0,0
054194,國巨麥證96購02  ,0,0,0,499000,0,499000,0,0,0,0,0,0,0,499000,499000,0,0
054462,旺宏凱基96購08  ,0,0,0,0,0,0,0,0,0,0,0,0,0,249000,249000,0,0
054418,茂林元大97購01  ,0,0,0,0,0,0,0,0,0,0,0,0,0,12000,12000,0,0
054425,聯發科富邦99購03,200000,0,200000,0,0,0,0,0,0,-200000,0,0,0,0,200000,-200000,0
054412,智邦元大96購03  ,0,0,0,0,0,0,0,0,0,0,0,0,0,4000,4000,0,0
055583,國巨元大97購10  ,0,0,0,0,0,0,0,0,0,0,0,0,0,2000,2000,0,0
055568,緯穎凱基97購02  ,0,0,0,0,0,0,0,0,0,0,0,0,0,3000,3000,0,0
05449P,臺股指元大95售26,0,0,0,0,0,0,0,0,0,0,0,0,0,140000,140000,0,0
056565,欣興群益98購03  ,0,0,0,0,0,0,0,0,0,0,0,0,0,2000,2000,0,0
055665,亞德客群益97購01,0,0,0,0,0,0,0,0,0,0,0,0,0,1000,1000,0,0
05664P,國巨凱基96售09  ,0,0,0,0,0,0,0,0,0,0,0,0,0,476000,476000,0,0
056644,宏達電凱基98購04,0,0,0,0,0,0,0,0,0,0,0,0,0,51000,51000,0,0
055788,緯穎凱基97購04  ,0,0,0,0,0,0,0,0,0,0,0,0,0,10000,10000,0,0
055779,國泰金凱基97購02,0,0,0,0,0,0,0,0,0,0,0,0,0,45000,45000,0,0
055710,亞德客元大97購03,0,0,0,0,0,0,0,0,0,0,0,0,0,4000,4000,0,0
055713,國巨元大98購09  ,0,0,0,0,0,0,0,0,0,0,0,0,0,4000,4000,0,0
055686,致伸凱基97購02  ,0,0,0,0,0,0,0,0,0,0,0,0,0,50000,50000,0,0
054707,聯茂亞東97購01  ,0,0,0,0,0,0,0,0,0,0,0,0,0,27000,27000,0,0
054603,智易台新98購01  ,0,0,0,0,0,0,0,0,0,0,0,0,0,80000,80000,0,0
054679,台積電康和99購01,0,0,0,0,0,0,0,0,0,0,0,0,0,3000,3000,0,0
054579,聯茂元大97購01  ,0,0,0,0,0,0,0,0,0,0,0,0,0,9000,9000,0,0
054547,鴻海凱基98購02  ,0,0,0,0,0,0,0,0,0,0,0,0,0,9000,9000,0,0
054523,GIS元大96購05   ,0,0,0,0,0,0,0,0,0,0,0,0,0,68000,68000,0,0
054535,旺宏富邦97購02  ,0,0,0,0,0,0,0,0,0,0,0,0,0,322000,322000,0,0
054896,聯茂日盛97購01  ,0,0,0,0,0,0,0,0,0,0,0,0,0,7000,7000,0,0
055027,牧德國泰99購01  ,0,0,0,0,0,0,0,0,0,0,0,0,0,20000,20000,0,0
05504P,台積電凱基96售04,0,0,0,0,0,0,0,0,0,0,0,0,0,499000,499000,0,0
054966,貿聯元大98購02  ,0,0,0,0,0,0,0,0,0,0,0,0,0,100000,100000,0,0
054971,帆宣元大97購02  ,0,0,0,0,0,0,0,0,0,0,0,0,0,11000,11000,0,0
054980,國巨元富97購01  ,0,0,0,0,0,0,0,0,0,0,0,0,0,326000,326000,0,0
056681,鴻海統一98購09  ,0,0,0,0,0,0,0,0,0,0,0,0,0,21000,21000,0,0
056682,鴻海統一98購10  ,0,0,0,0,0,0,0,0,0,0,0,0,0,12000,12000,0,0
054770,健策國票98購01  ,0,0,0,0,0,0,0,0,0,0,0,0,0,30000,30000,0,0
055079,台光電中信97購01,0,0,0,0,0,0,0,0,0,0,0,0,0,25000,25000,0,0
055142,健策永豐98購01  ,0,0,0,0,0,0,0,0,0,0,0,0,0,7000,7000,0,0
055379,牧德元大97購03  ,0,0,0,0,0,0,0,0,0,0,0,0,0,40000,40000,0,0
055386,致新元大97購02  ,0,0,0,0,0,0,0,0,0,0,0,0,0,10000,10000,0,0
055331,國巨兆豐99購01  ,0,0,0,0,0,0,0,0,0,0,0,0,0,40000,40000,0,0
055326,緯穎國票97購06  ,0,0,0,0,0,0,0,0,0,0,0,0,0,1000,1000,0,0
055280,智邦元大97購01  ,0,0,0,0,0,0,0,0,0,0,0,0,0,10000,10000,0,0
059642,健策凱基99購04  ,0,0,0,0,0,0,0,0,0,0,0,0,0,2000,2000,0,0
059660,華新科元大9A購04,0,0,0,0,0,0,0,0,0,0,0,0,0,1000,1000,0,0
056436,台積電凱基98購10,0,0,0,0,0,0,0,0,0,0,0,0,0,11000,11000,0,0
056437,台積電凱基98購11,0,0,0,0,0,0,0,0,0,0,0,0,0,62000,62000,0,0
056428,台達電凱基99購01,0,0,0,0,0,0,0,0,0,0,0,0,0,10000,10000,0,0
059248,華新科凱基99購04,0,0,0,0,0,0,0,0,0,0,0,0,0,1000,1000,0,0
059212,鴻海元大99購28  ,0,0,0,0,0,0,0,0,0,0,0,0,0,2000,2000,0,0
059213,國巨元大99購19  ,0,0,0,0,0,0,0,0,0,0,0,0,0,32000,32000,0,0
05919P,京鼎元大96售03  ,0,0,0,0,0,0,0,0,0,0,0,0,0,35000,35000,0,0
059291,華新科元富9B購01,0,0,0,0,0,0,0,0,0,0,0,0,0,10000,10000,0,0
059489,上証2X國票9A購01,0,0,0,0,0,0,0,0,0,0,0,0,0,10000,10000,0,0
059379,聯電亞東99購02  ,0,0,0,0,0,0,0,0,0,0,0,0,0,1000,1000,0,0
059390,華新科凱基99購05,0,0,0,0,0,0,0,0,0,0,0,0,0,1000,1000,0,0
059383,台灣50凱基99購03,0,0,0,0,0,0,0,0,0,0,0,0,0,1000,1000,0,0
059426,鴻海元大99購31  ,0,0,0,0,0,0,0,0,0,0,0,0,0,1000,1000,0,0
059430,台積電元大99購36,0,0,0,0,0,0,0,0,0,0,0,0,0,2000,2000,0,0
059343,宏達電凱基99購04,0,0,0,0,0,0,0,0,0,0,0,0,0,2000,2000,0,0
059318,旺宏元大99購13  ,0,0,0,0,0,0,0,0,0,0,0,0,0,4000,4000,0,0
059320,華新科元大99購15,0,0,0,0,0,0,0,0,0,0,0,0,0,2000,2000,0,0
059321,欣興元大99購07  ,0,0,0,0,0,0,0,0,0,0,0,0,0,1000,1000,0,0
056016,鴻海群益97購06  ,0,0,0,0,0,0,0,0,0,0,0,0,0,50000,50000,0,0
056054,亞德客元大97購05,0,0,0,0,0,0,0,0,0,0,0,0,0,4000,4000,0,0
056088,台郡統一97購02  ,0,0,0,0,0,0,0,0,0,0,0,0,0,48000,48000,0,0
055887,上銀統一97購03  ,0,0,0,0,0,0,0,0,0,0,0,0,0,100000,100000,0,0
055892,國巨統一99購01  ,0,0,0,0,0,0,0,0,0,0,0,0,0,10000,10000,0,0
056275,國巨國泰98購04  ,0,0,0,0,0,0,0,0,0,0,0,0,0,10000,10000,0,0
056239,宏達電群益98購01,0,0,0,0,0,0,0,0,0,0,0,0,0,2000,2000,0,0
056193,聯發科富邦99購08,0,0,0,0,0,0,0,0,0,0,0,0,0,5000,5000,0,0
056379,玉晶光元富98購01,0,0,0,0,0,0,0,0,0,0,0,0,0,10000,10000,0,0
05638P,國巨統一96售04  ,0,0,0,0,0,0,0,0,0,0,0,0,0,269000,269000,0,0
058319,大毅永豐9A購01  ,0,0,0,0,0,0,0,0,0,0,0,0,0,11000,11000,0,0
058321,大立光永豐99購01,0,0,0,0,0,0,0,0,0,0,0,0,0,70000,70000,0,0
058311,緯穎元大99購05  ,0,0,0,0,0,0,0,0,0,0,0,0,0,6000,6000,0,0
057515,智原元富98購02  ,0,0,0,0,0,0,0,0,0,0,0,0,0,43000,43000,0,0
058340,高股息群益99購01,0,0,0,0,0,0,0,0,0,0,0,0,0,300000,300000,0,0
05721P,全新群益98售02  ,0,0,0,0,0,0,0,0,0,0,0,0,0,1000,1000,0,0
057164,國巨元大98購14  ,0,0,0,0,0,0,0,0,0,0,0,0,0,10000,10000,0,0
057148,玉晶光國票99購04,0,0,0,0,0,0,0,0,0,0,0,0,0,1000,1000,0,0
057132,華新科凱基98購05,0,0,0,0,0,0,0,0,0,0,0,0,0,1000,1000,0,0
057088,上銀元富98購01  ,0,0,0,0,0,0,0,0,0,0,0,0,0,12000,12000,0,0
057093,臻鼎元富98購02  ,0,0,0,0,0,0,0,0,0,0,0,0,0,6000,6000,0,0
057103,禾伸堂中信9A購01,0,0,0,0,0,0,0,0,0,0,0,0,0,20000,20000,0,0
057097,致新元富98購01  ,0,0,0,0,0,0,0,0,0,0,0,0,0,20000,20000,0,0
057855,晶技國票99購01  ,0,0,0,0,0,0,0,0,0,0,0,0,0,10000,10000,0,0
057910,華新科兆豐99購02,0,0,0,0,0,0,0,0,0,0,0,0,0,10000,10000,0,0
057913,健策日盛98購01  ,0,0,0,0,0,0,0,0,0,0,0,0,0,360000,360000,0,0
057975,台積電永豐98購05,0,0,0,0,0,0,0,0,0,0,0,0,0,1000,1000,0,0
057981,臻鼎永豐98購01  ,0,0,0,0,0,0,0,0,0,0,0,0,0,60000,60000,0,0
057962,超眾元大99購03  ,0,0,0,0,0,0,0,0,0,0,0,0,0,4000,4000,0,0
058414,大立光兆豐99購02,0,0,0,0,0,0,0,0,0,0,0,0,0,79000,79000,0,0
058420,聯發科麥證99購03,0,0,0,90000,0,90000,0,0,0,0,0,0,0,90000,90000,0,0
059707,健策凱基9A購03  ,0,0,0,0,0,0,0,0,0,0,0,0,0,2000,2000,0,0
05732P,臺股指統一96售02,0,0,0,0,0,0,0,0,0,0,0,0,0,3000,3000,0,0
060019,彰銀康和99購01  ,0,0,0,0,0,0,0,0,0,0,0,0,0,20000,20000,0,0
059986,宏達電元大99購08,0,0,0,0,0,0,0,0,0,0,0,0,0,3000,3000,0,0
059840,鴻海富邦9A購02  ,0,0,0,0,0,0,0,0,0,0,0,0,0,6000,6000,0,0
059893,台積電台新9A購02,0,0,0,0,0,0,0,0,0,0,0,0,0,1000,1000,0,0
059873,華新科凱基99購09,0,0,0,0,0,0,0,0,0,0,0,0,0,1000,1000,0,0
059912,國巨元大99購28  ,0,0,0,0,0,0,0,0,0,0,0,0,0,2000,2000,0,0
057513,智邦台新98購01  ,0,0,0,0,0,0,0,0,0,0,0,0,0,25000,25000,0,0
057494,玉晶光元大99購09,0,0,0,0,0,0,0,0,0,0,0,0,0,50000,50000,0,0
057487,聯發科元大98購10,0,0,0,0,0,0,0,0,0,0,0,0,0,79000,79000,0,0
057488,聯發科元大99購02,0,0,0,0,0,0,0,0,0,0,0,0,0,10000,10000,0,0
060127,牧德永豐99購02  ,0,0,0,0,0,0,0,0,0,0,0,0,0,10000,10000,0,0
057458,TPK富邦9A購01   ,0,0,0,0,0,0,0,0,0,0,0,0,0,10000,10000,0,0
057461,國巨永豐98購07  ,0,0,0,0,0,0,0,0,0,0,0,0,0,299000,299000,0,0
060097,華新科元大99購23,0,0,0,0,0,0,0,0,0,0,0,0,0,1000,1000,0,0
060108,泰鼎元大99購04  ,0,0,0,0,0,0,0,0,0,0,0,0,0,17000,17000,0,0
060037,鴻海國票99購10  ,0,0,0,0,0,0,0,0,0,0,0,0,0,6000,6000,0,0
059788,華新科元大9A購05,0,0,0,0,0,0,0,0,0,0,0,0,0,2000,2000,0,0
059832,超眾康和99購01  ,0,0,0,0,0,0,0,0,0,0,0,0,0,10000,10000,0,0
059833,緯穎康和99購01  ,0,0,0,0,0,0,0,0,0,0,0,0,0,6000,6000,0,0
059804,台積電元富99購01,0,0,0,0,0,0,0,0,0,0,0,0,0,50000,50000,0,0
059820,南亞科凱基99購07,0,0,0,0,0,0,0,0,0,0,0,0,0,10000,10000,0,0
059791,超眾元大99購06  ,0,0,0,0,0,0,0,0,0,0,0,0,0,9000,9000,0,0
059164,旺宏凱基99購06  ,0,0,0,0,0,0,0,0,0,0,0,0,0,6000,6000,0,0
059169,可成凱基99購04  ,0,0,0,0,0,0,0,0,0,0,0,0,0,1000,1000,0,0
058258,世芯國泰9A購01  ,0,0,0,0,0,0,0,0,0,0,0,0,0,136000,136000,0,0
059112,上銀永豐99購01  ,0,0,0,0,0,0,0,0,0,0,0,0,0,19000,19000,0,0
059599,健策元大9B購02  ,0,0,0,0,0,0,0,0,0,0,0,0,0,6000,6000,0,0
057367,技嘉元大98購02  ,0,0,0,0,0,0,0,0,0,0,0,0,0,3000,3000,0,0
059530,華新科凱基9A購05,0,0,0,0,0,0,0,0,0,0,0,0,0,1000,1000,0,0
059532,華新科凱基9B購03,0,0,0,0,0,0,0,0,0,0,0,0,0,10000,10000,0,0
059567,台積電凱基9A購12,0,0,0,0,0,0,0,0,0,0,0,0,0,1000,1000,0,0
059563,鴻海凱基9A購14  ,0,0,0,0,0,0,0,0,0,0,0,0,0,1000,1000,0,0
059564,鴻海凱基9A購15  ,0,0,0,0,0,0,0,0,0,0,0,0,0,1000,1000,0,0
059595,華新科元大9A購03,0,0,0,0,0,0,0,0,0,0,0,0,0,2000,2000,0,0
059590,台積電元大99購39,0,0,0,0,0,0,0,0,0,0,0,0,0,3000,3000,0,0
057429,華新科兆豐98購03,0,0,0,0,0,0,0,0,0,0,0,0,0,10000,10000,0,0
060562,旺宏富邦9C購02  ,0,0,0,0,0,0,0,0,0,0,0,0,0,18000,18000,0,0
060554,中租凱基9A購01  ,0,0,0,0,0,0,0,0,0,0,0,0,0,30000,30000,0,0
060590,台積電台新9C購02,0,0,0,0,0,0,0,0,0,0,0,0,0,3000,3000,0,0
060595,台灣50凱基04購04,0,0,0,0,0,0,0,0,0,0,0,0,0,3000,3000,0,0
060527,台積電中信9C購04,0,0,0,0,0,0,0,0,0,0,0,0,0,3000,3000,0,0
060525,台積電中信01購04,0,0,0,0,0,0,0,0,0,0,0,0,0,2000,2000,0,0
060509,宏達電元大9A購02,0,0,0,0,0,0,0,0,0,0,0,0,0,71000,71000,0,0
060464,台積電元大9A購11,0,0,0,0,0,0,0,0,0,0,0,0,0,2000,2000,0,0
060429,南六永豐9A購01  ,0,0,0,0,0,0,0,0,0,0,0,0,0,3000,3000,0,0
06027P,鴻海台新96售04  ,0,0,0,0,0,0,0,0,0,0,0,0,0,760000,760000,0,0
060209,喬山康和9A購01  ,0,0,0,0,0,0,0,0,0,0,0,0,0,4000,4000,0,0
056856,華通群益9A購01  ,0,0,0,0,0,0,0,0,0,0,0,0,0,47000,47000,0,0
056847,佐登元富98購01  ,0,0,0,0,0,0,0,0,0,0,0,0,0,20000,20000,0,0
056888,元油2X元大99購06,0,0,0,0,0,0,0,0,0,0,0,0,0,240000,240000,0,0
056895,技嘉元大98購01  ,0,0,0,0,0,0,0,0,0,0,0,0,0,4000,4000,0,0
056918,台積電兆豐98購01,0,0,0,0,0,0,0,0,0,0,0,0,0,10000,10000,0,0
057790,台積電統一99購04,0,0,0,0,0,0,0,0,0,0,0,0,0,5000,5000,0,0
057777,可成群益9A購03  ,0,0,0,0,0,0,0,0,0,0,0,0,0,1000,1000,0,0
057816,欣興元大98購13  ,0,0,0,0,0,0,0,0,0,0,0,0,0,8000,8000,0,0
058683,可成凱基9A購01  ,0,0,0,0,0,0,0,0,0,0,0,0,0,1000,1000,0,0
058712,鴻海統一9B購03  ,0,0,0,0,0,0,0,0,0,0,0,0,0,20000,20000,0,0
058158,台積電台新99購01,0,0,0,0,0,0,0,0,0,0,0,0,0,205000,205000,0,0
058174,台積電凱基9A購05,0,0,0,0,0,0,0,0,0,0,0,0,0,20000,20000,0,0
059716,鴻海元大99購35  ,0,0,0,0,0,0,0,0,0,0,0,0,0,3000,3000,0,0
059717,國巨元大99購21  ,0,0,0,0,0,0,0,0,0,0,0,0,0,5000,5000,0,0
058481,玉晶光凱基9A購04,0,0,0,0,0,0,0,0,0,0,0,0,0,20000,20000,0,0
058060,貿聯元富98購01  ,0,0,0,0,0,0,0,0,0,0,0,0,0,100000,100000,0,0
058110,光寶科元富98購01,0,0,0,0,0,0,0,0,0,0,0,0,0,30000,30000,0,0
058103,台積電永豐98購06,0,0,0,0,0,0,0,0,0,0,0,0,0,255000,255000,0,0
058811,台積電統一9A購05,0,0,0,0,0,0,0,0,0,0,0,0,0,1000,1000,0,0
058812,台積電統一9B購06,0,0,0,0,0,0,0,0,0,0,0,0,0,2000,2000,0,0
058829,華新科永豐99購04,0,0,0,0,0,0,0,0,0,0,0,0,0,10000,10000,0,0
058742,鴻海康和99購01  ,0,0,0,0,0,0,0,0,0,0,0,0,0,6000,6000,0,0
058743,可成康和99購01  ,0,0,0,0,0,0,0,0,0,0,0,0,0,5000,5000,0,0
058728,SP黃豆永豐99購01,0,0,0,0,0,0,0,0,0,0,0,0,0,10000,10000,0,0
057633,緯穎永豐98購02  ,0,0,0,0,0,0,0,0,0,0,0,0,0,75000,75000,0,0
056715,瀚宇博永豐98購01,0,0,0,0,0,0,0,0,0,0,0,0,0,21000,21000,0,0
058873,美律國票9A購02  ,0,0,0,0,0,0,0,0,0,0,0,0,0,19000,19000,0,0
057657,國巨兆豐98購04  ,0,0,0,0,0,0,0,0,0,0,0,0,0,10000,10000,0,0
057667,可成元大99購01  ,0,0,0,0,0,0,0,0,0,0,0,0,0,68000,68000,0,0
058574,台積電群益99購03,0,0,0,0,0,0,0,0,0,0,0,0,0,3000,3000,0,0
05862P,大立光國泰98售01,0,0,0,0,0,0,0,0,0,0,0,0,0,10000,10000,0,0
058983,旺宏凱基99購05  ,0,0,0,0,0,0,0,0,0,0,0,0,0,5000,5000,0,0
058980,鴻海凱基99購06  ,0,0,0,0,0,0,0,0,0,0,0,0,0,1000,1000,0,0
058970,鴻海永豐99購02  ,0,0,0,0,0,0,0,0,0,0,0,0,0,8000,8000,0,0
059085,鴻海元大99購25  ,0,0,0,0,0,0,0,0,0,0,0,0,0,3000,3000,0,0
059056,技嘉凱基99購02  ,0,0,0,0,0,0,0,0,0,0,0,0,0,25000,25000,0,0
059726,華新科元大99購18,0,0,0,0,0,0,0,0,0,0,0,0,0,2000,2000,0,0
059721,旺宏元大99購16  ,0,0,0,0,0,0,0,0,0,0,0,0,0,1000,1000,0,0
056751,和大兆豐98購01  ,0,0,0,0,0,0,0,0,0,0,0,0,0,10000,10000,0,0
056746,超眾凱基99購01  ,0,0,0,0,0,0,0,0,0,0,0,0,0,13000,13000,0,0
07912P,玉晶光統一9B售02,0,0,0,0,0,0,0,0,0,0,0,0,0,10000,10000,0,0
07897P,臺股指元大9B售17,0,0,0,0,0,0,0,0,0,0,0,0,0,10000,10000,0,0
07942P,健策凱基9B售03  ,0,0,0,0,0,0,0,0,0,0,0,0,0,57000,57000,0,0
07766P,美律群益9A售03  ,0,0,0,0,0,0,0,0,0,0,0,0,0,33000,33000,0,0
07717P,臺股指群益9A售06,0,0,0,0,0,0,0,0,0,0,0,0,0,5000,5000,0,0
07752P,台灣50元大9C售33,0,0,0,0,0,0,0,0,0,0,0,0,0,5000,5000,0,0
07819P,旺宏國票9B售01  ,0,0,0,0,0,0,0,0,0,0,0,0,0,75000,75000,0,0
2024,志聯            ,0,4000,-4000,0,0,0,0,0,0,4000,4000,0,4000,0,0,0,0
07433P,臺股指國票9A售05,0,0,0,0,0,0,0,0,0,0,0,0,0,10000,10000,0,0
07310P,大立光凱基99售12,0,0,0,0,0,0,0,0,0,0,0,0,0,3000,3000,0,0
07377P,聯發科元大99售40,0,0,0,0,0,0,0,0,0,0,0,0,0,100000,100000,0,0
07641P,上銀凱基9A售05  ,0,0,0,0,0,0,0,0,0,0,0,0,0,100000,100000,0,0
07037P,台積電台新99售03,0,0,0,0,0,0,0,0,0,0,0,0,0,190000,190000,0,0
07066P,台灣50台新9B售01,0,0,0,0,0,0,0,0,0,0,0,0,0,370000,370000,0,0
07106P,國巨統一9B售05  ,0,0,0,0,0,0,0,0,0,0,0,0,0,20000,20000,0,0
07095P,台灣50元大9C售03,0,0,0,0,0,0,0,0,0,0,0,0,0,40000,40000,0,0
07083P,台積電統一9A售06,0,0,0,0,0,0,0,0,0,0,0,0,0,177000,177000,0,0
07222P,台灣50元大01售04,0,0,0,0,0,0,0,0,0,0,0,0,0,30000,30000,0,0
06812P,台灣50元富9C售01,0,0,0,0,0,0,0,0,0,0,0,0,0,499000,499000,0,0
06874P,台積電台新98售02,0,0,0,0,0,0,0,0,0,0,0,0,0,70000,70000,0,0
06875P,台灣50永昌9A售02,0,0,0,0,0,0,0,0,0,0,0,0,0,12000,12000,0,0
06876P,台灣50兆豐9B售01,0,0,0,0,0,0,0,0,0,0,0,1000,-1000,1000,0,1000,0
06895P,台灣50統一9A售01,0,0,0,0,0,0,0,0,0,0,0,0,0,40000,40000,0,0
07005P,台積電統一9B售05,0,0,0,0,0,0,0,0,0,0,0,0,0,120000,120000,0,0
9105,泰金寶-DR       ,10000,10000,0,0,0,0,0,0,0,0,0,0,0,0,0,0,0
8497,格威傳媒        ,3000,3000,0,0,0,0,0,0,0,0,0,0,0,0,0,0,0
3383,新世紀          ,4000,4000,0,0,0,0,0,0,0,0,0,0,0,0,0,0,0
4581,光隆精密-KY     ,3000,3000,0,0,0,0,0,0,0,0,0,0,0,0,0,0,0
062266,世紀鋼元大9B購02,0,0,0,0,0,0,0,0,0,-1000,0,0,0,132000,133000,-1000,-1000
062054,鴻海統一9C購06  ,0,0,0,0,0,0,0,0,0,-1000,0,0,0,0,1000,-1000,-1000
06204P,鴻海群益97售04  ,0,0,0,0,0,0,0,0,0,-1000,0,0,0,0,1000,-1000,-1000
062176,元金2X元大9B購01,0,0,0,0,0,0,0,0,0,-1000,0,0,0,0,1000,-1000,-1000
062135,國巨群益9B購05  ,0,0,0,0,0,0,0,0,0,-1000,0,0,0,17000,18000,-1000,-1000
062616,玉晶光元大9C購06,0,0,0,0,0,0,0,0,0,-1000,0,0,0,0,1000,-1000,-1000
062421,台積電統一9C購09,0,0,0,0,0,0,0,0,0,-1000,0,0,0,0,1000,-1000,-1000
062786,立積元大9C購03  ,0,0,0,0,0,0,0,0,0,-1000,0,0,0,169000,170000,-1000,-1000
062693,中石化元大02購01,0,0,0,0,0,0,0,0,0,-1000,0,0,0,56000,57000,-1000,-1000
062964,FBVIX元富9B購01 ,0,0,0,0,0,0,0,0,0,-1000,0,0,0,0,1000,-1000,-1000
062898,華通元大9B購05  ,0,0,0,0,0,0,0,0,0,-1000,0,0,0,3000,4000,-1000,-1000
062923,緯穎元大9B購06  ,0,0,0,0,0,0,0,0,0,-1000,0,0,0,2000,3000,-1000,-1000
06582P,可成凱基98售06  ,0,0,0,0,0,0,0,0,0,-1000,0,0,0,1000,2000,-1000,-1000
06640P,國巨兆豐99售02  ,0,0,0,0,0,0,0,0,0,-1000,0,0,0,300000,301000,-1000,-1000
06660P,大立光富邦9B售03,0,0,0,0,0,0,0,0,0,-1000,0,0,0,0,1000,-1000,-1000
06753P,智邦富邦98售03  ,0,0,0,0,0,0,0,0,0,-1000,0,0,0,0,1000,-1000,-1000
06734P,智邦凱基98售05  ,0,0,0,0,0,0,0,0,0,-1000,0,0,0,0,1000,-1000,-1000
06724P,台灣50國票98售01,0,0,0,0,0,0,0,0,0,-1000,0,0,0,14000,15000,-1000,-1000
06746P,聯發科群益99售02,0,0,0,0,0,0,0,0,0,-1000,0,0,0,79000,80000,-1000,-1000
063078,元金2X凱基02購03,0,0,0,0,0,0,0,0,0,-1000,0,0,0,0,1000,-1000,-1000
063102,旺宏群益9B購03  ,0,0,0,0,0,0,0,0,0,-1000,0,0,0,0,1000,-1000,-1000
063145,台表科統一02購01,0,0,0,0,0,0,0,0,0,-1000,0,0,0,0,1000,-1000,-1000
06527P,T50正2富邦9C售01,0,0,0,0,0,0,0,0,0,-1000,0,0,0,13000,14000,-1000,-1000
060670,臺指反元大01購03,0,0,0,0,0,0,0,0,0,-1000,0,0,0,0,1000,-1000,-1000
060654,大毅群益9B購01  ,0,0,0,0,0,0,0,0,0,-1000,0,0,0,100000,101000,-1000,-1000
060782,道瓊指富邦9C購01,0,0,0,0,0,0,0,0,0,-1000,0,0,0,0,1000,-1000,-1000
060952,滬深2X群益9C購05,0,0,0,0,0,0,0,0,0,-1000,0,0,0,0,1000,-1000,-1000
06087P,國巨永豐97售01  ,0,0,0,0,0,0,0,0,0,-1000,0,0,0,20000,21000,-1000,-1000
061047,大立光第一9A購01,0,0,0,0,0,0,0,0,0,-1000,0,0,0,0,1000,-1000,-1000
061494,聯發科國票9A購04,0,0,0,0,0,0,0,0,0,-1000,0,0,0,1000,2000,-1000,-1000
061632,SP黃豆元大9A購06,0,0,0,0,0,0,0,0,0,-1000,0,0,0,0,1000,-1000,-1000
061310,華新科麥證9A購01,0,0,0,0,1000,-1000,0,0,0,-1000,0,0,0,0,1000,-1000,-1000
061422,台積電元大9A購30,0,0,0,0,0,0,0,0,0,-1000,0,0,0,39000,40000,-1000,-1000
061893,鴻海永豐9B購01  ,0,0,0,0,0,0,0,0,0,-1000,0,0,0,0,1000,-1000,-1000
061951,南電群益9B購01  ,0,0,0,0,0,0,0,0,0,-1000,0,0,0,7000,8000,-1000,-1000
061794,國巨永豐9B購01  ,0,0,0,0,0,0,0,0,0,-1000,0,0,0,0,1000,-1000,-1000
061755,台灣50元大9B購11,0,0,0,0,0,0,0,0,0,-1000,0,0,0,0,1000,-1000,-1000
055940,致新群益98購01  ,0,0,0,0,0,0,0,0,0,-1000,0,0,0,15000,16000,-1000,-1000
056094,大立光元富97購03,0,0,0,0,0,0,0,0,0,-1000,0,0,0,2000,3000,-1000,-1000
059413,台灣50元大99購05,0,0,0,0,0,0,0,0,0,-1000,0,0,0,0,1000,-1000,-1000
059398,滬深2X元富9C購02,0,0,0,0,0,0,0,0,0,-1000,0,0,0,0,1000,-1000,-1000
059369,滬深2X元富9C購01,0,0,0,0,0,0,0,0,0,-1000,0,0,0,2000,3000,-1000,-1000
059372,台灣50群益99購02,0,0,0,0,0,0,0,0,0,-1000,0,0,0,0,1000,-1000,-1000
059508,聯發科永豐99購03,0,0,0,0,0,0,0,0,0,-1000,0,0,0,0,1000,-1000,-1000
05478P,智伸科國票96售02,0,0,0,0,0,0,0,0,0,-1000,0,0,0,0,1000,-1000,-1000
054783,國巨群益98購04  ,0,0,0,0,0,0,0,0,0,-1000,0,0,0,0,1000,-1000,-1000
056691,元油2X群益9B購01,0,0,0,0,0,0,0,0,0,-1000,0,0,0,0,1000,-1000,-1000
055695,大毅國票98購03  ,0,0,0,0,0,0,0,0,0,-1000,0,0,0,2000,3000,-1000,-1000
05655P,南亞科統一96售01,0,0,0,0,0,0,0,0,0,-1000,0,0,0,0,1000,-1000,-1000
055645,技嘉元富97購01  ,0,0,0,0,0,0,0,0,0,-1000,0,0,0,1000,2000,-1000,-1000
055559,大立光凱基97購09,0,0,0,0,0,0,0,0,0,-1000,0,0,0,0,1000,-1000,-1000
052654,友達統一97購01  ,0,0,0,0,0,0,0,0,0,-1000,0,0,0,0,1000,-1000,-1000
052967,智邦群益96購01  ,0,0,0,0,0,0,0,0,0,-1000,0,0,0,0,1000,-1000,-1000
054343,世紀鋼元富96購02,0,0,0,0,0,0,0,0,0,-1000,0,0,0,76000,77000,-1000,-1000
056516,晶豪科兆豐98購01,0,0,0,0,0,0,0,0,0,-1000,0,0,0,0,1000,-1000,-1000
05548P,臺股指元大96售02,0,0,0,0,0,0,0,0,0,-1000,0,0,0,0,1000,-1000,-1000
054072,台積電富邦98購02,0,0,0,0,0,0,0,0,0,-1000,0,0,0,0,1000,-1000,-1000
053969,瑞昱元大97購01  ,0,0,0,0,0,0,0,0,0,-1000,0,0,0,0,1000,-1000,-1000
053094,聯電統一97購02  ,0,0,0,0,0,0,0,0,0,-1000,0,0,0,0,1000,-1000,-1000
051590,玉晶光元大96購02,0,0,0,0,0,0,0,0,0,-1000,0,0,0,0,1000,-1000,-1000
051872,矽力凱基96購01  ,0,0,0,0,0,0,0,0,0,-1000,0,0,0,0,1000,-1000,-1000
052089,聯發科元大96購02,0,0,0,0,0,0,0,0,0,-1000,0,0,0,0,1000,-1000,-1000
050892,聯電元大96購02  ,0,0,0,0,0,0,0,0,0,-1000,0,0,0,10000,11000,-1000,-1000
05059P,大立光國票96售02,0,0,0,0,0,0,0,0,0,-1000,0,0,0,0,1000,-1000,-1000
04896P,上証2X中信95售01,0,0,0,0,0,0,0,0,0,-1000,0,0,0,3000,4000,-1000,-1000
048589,國巨兆豐96購01  ,0,0,0,0,0,0,0,0,0,-1000,0,0,0,0,1000,-1000,-1000
03425B,臺股指元大9A熊01,0,0,0,0,0,0,0,0,0,-1000,0,0,0,0,1000,-1000,-1000
03013X,元展13          ,0,0,0,0,0,0,0,0,0,-1000,0,0,0,0,1000,-1000,-1000
053516,茂林群益96購05  ,0,0,0,0,0,0,0,0,0,-1000,0,0,0,5000,6000,-1000,-1000
053861,台光電元大98購01,0,0,0,0,0,0,0,0,0,-1000,0,0,0,0,1000,-1000,-1000
053662,矽力凱基97購01  ,0,0,0,0,0,0,0,0,0,-1000,0,0,0,2000,3000,-1000,-1000
046942,友達元大99購01  ,0,0,0,0,0,0,0,0,0,-1000,0,0,0,0,1000,-1000,-1000
04427P,滬深2X元大97售02,0,0,0,0,0,0,0,0,0,-1000,0,0,0,0,1000,-1000,-1000
050142,聯發科元富9A購01,0,0,0,0,0,0,0,0,0,-1000,0,0,0,0,1000,-1000,-1000
051331,全新永豐96購01  ,0,0,0,0,0,0,0,0,0,-1000,0,0,0,0,1000,-1000,-1000
03675C,臺股指元大04牛02,0,0,0,0,0,0,0,0,0,-1000,0,0,0,0,1000,-1000,-1000
03676C,臺股指元大04牛03,0,0,0,0,0,0,0,0,0,-1000,0,0,0,0,1000,-1000,-1000
0061,元大寶滬深      ,9000,245000,-236000,0,0,0,0,0,0,235000,40000,10000,30000,240000,35000,205000,-1000
00763U,街口道瓊銅      ,0,0,0,0,0,0,0,0,0,-1000,0,0,0,66000,67000,-1000,-1000
04916P,大立光永昌96售02,0,0,0,0,0,0,0,0,0,-1000,0,0,0,0,1000,-1000,-1000
03007X,元展07          ,0,0,0,0,0,0,0,0,0,-1000,0,0,0,0,1000,-1000,-1000
00866,新光Shiller CAPE,0,0,0,0,0,0,0,0,0,-1000,0,0,0,27000,28000,-1000,-1000
01004T,土銀富邦R2      ,0,1000,-1000,0,0,0,0,0,0,0,0,0,0,0,0,0,-1000
056727,滬深反凱基9B購01,0,0,0,0,0,0,0,0,0,-1000,0,0,0,0,1000,-1000,-1000
05907P,聯發科元富96售05,0,0,0,0,0,0,0,0,0,-1000,0,0,0,1000,2000,-1000,-1000
058616,台虹元大9A購01  ,0,0,0,0,0,0,0,0,0,-1000,0,0,0,0,1000,-1000,-1000
058993,滬深反元大9C購01,0,0,0,0,0,0,0,0,0,-1000,0,0,0,0,1000,-1000,-1000
05899P,臺股指凱基96售30,0,0,0,0,0,0,0,0,0,-1000,0,0,0,1000,2000,-1000,-1000
05903P,聯發科統一96售09,0,0,0,0,0,0,0,0,0,-1000,0,0,0,10000,11000,-1000,-1000
058864,欣興凱基99購04  ,0,0,0,0,0,0,0,0,0,-1000,0,0,0,0,1000,-1000,-1000
058045,鴻海元大99購08  ,0,0,0,0,0,0,0,0,0,-1000,0,0,0,0,1000,-1000,-1000
057818,泰碩元大9A購01  ,0,0,0,0,0,0,0,0,0,-1000,0,0,0,25000,26000,-1000,-1000
057799,世紀鋼兆豐98購01,0,0,0,0,0,0,0,0,0,-1000,0,0,0,0,1000,-1000,-1000
057791,可成統一99購01  ,0,0,0,0,0,0,0,0,0,-1000,0,0,0,0,1000,-1000,-1000
056916,台達電兆豐98購02,0,0,0,0,0,0,0,0,0,-1000,0,0,0,0,1000,-1000,-1000
05684P,臺股指元大96售09,0,0,0,0,0,0,0,0,0,-1000,0,0,0,0,1000,-1000,-1000
06018P,康控凱基96售03  ,0,0,0,0,0,0,0,0,0,-1000,0,0,0,0,1000,-1000,-1000
060445,S&P反1元大9A購04,0,0,0,0,0,0,0,0,0,-1000,0,0,0,0,1000,-1000,-1000
060594,國巨麥證9A購01  ,0,0,0,0,1000,-1000,0,0,0,-1000,0,0,0,0,1000,-1000,-1000
06054P,臺股指中信9A售01,0,0,0,0,0,0,0,0,0,-1000,0,0,0,0,1000,-1000,-1000
057435,旺宏國票99購04  ,0,0,0,0,0,0,0,0,0,-1000,0,0,0,0,1000,-1000,-1000
058224,世芯統一9B購02  ,0,0,0,0,0,0,0,0,0,-1000,0,0,0,0,1000,-1000,-1000
059550,台灣50日盛99購02,0,0,0,0,0,0,0,0,0,-1000,0,0,0,0,1000,-1000,-1000
057369,奇力新元大99購05,0,0,0,0,0,0,0,0,0,-1000,0,0,0,67000,68000,-1000,-1000
059598,欣興元大99購08  ,0,0,0,0,0,0,0,0,0,-1000,0,0,0,0,1000,-1000,-1000
05974P,國巨富邦97售03  ,0,0,0,0,0,0,0,0,0,-1000,0,0,0,0,1000,-1000,-1000
059177,臺股指凱基99購28,0,0,0,0,0,0,0,0,0,-1000,0,0,0,0,1000,-1000,-1000
059760,楠梓電永豐99購01,0,0,0,0,0,0,0,0,0,-1000,0,0,0,32000,33000,-1000,-1000
060058,牧德凱基9B購01  ,0,0,0,0,0,0,0,0,0,-1000,0,0,0,31000,32000,-1000,-1000
057509,聯發科統一9A購03,0,0,0,0,0,0,0,0,0,-1000,0,0,0,6000,7000,-1000,-1000
05990P,台積電群益96售13,0,0,0,0,0,0,0,0,0,-1000,0,0,0,0,1000,-1000,-1000
060012,電子類群益99購02,0,0,0,0,0,0,0,0,0,-1000,0,0,0,0,1000,-1000,-1000
057828,緯穎元大99購02  ,0,0,0,0,0,0,0,0,0,-1000,0,0,0,3000,4000,-1000,-1000
058400,聯發科元大99購09,0,0,0,0,0,0,0,0,0,-1000,0,0,0,0,1000,-1000,-1000
058407,滬深2X兆豐9A購01,0,0,0,0,0,0,0,0,0,-1000,0,0,0,0,1000,-1000,-1000
057967,聯發科國泰9A購02,0,0,0,0,0,0,0,0,0,-1000,0,0,0,0,1000,-1000,-1000
058014,上銀凱基99購02  ,0,0,0,0,0,0,0,0,0,-1000,0,0,0,6000,7000,-1000,-1000
057925,貿聯凱基99購01  ,0,0,0,0,0,0,0,0,0,-1000,0,0,0,0,1000,-1000,-1000
057100,國巨中信9A購02  ,0,0,0,0,0,0,0,0,0,-1000,0,0,0,0,1000,-1000,-1000
057178,可成元大98購03  ,0,0,0,0,0,0,0,0,0,-1000,0,0,0,0,1000,-1000,-1000
05719P,可成元大96售03  ,0,0,0,0,0,0,0,0,0,-1000,0,0,0,0,1000,-1000,-1000
057222,鴻海國票99購04  ,0,0,0,0,0,0,0,0,0,-1000,0,0,0,0,1000,-1000,-1000
057214,瑞昱群益98購01  ,0,0,0,0,0,0,0,0,0,-1000,0,0,0,65000,66000,-1000,-1000
4807,日成-KY         ,0,1000,-1000,0,0,0,0,0,0,0,0,0,0,0,0,0,-1000
6442,光聖            ,0,1000,-1000,0,0,0,0,0,0,0,0,0,0,0,0,0,-1000
2901,欣欣            ,0,1000,-1000,0,0,0,0,0,0,0,0,0,0,0,0,0,-1000
2910,統領            ,0,1000,-1000,0,0,0,0,0,0,0,0,0,0,0,0,0,-1000
2722,夏都            ,0,1000,-1000,0,0,0,0,0,0,0,0,0,0,0,0,0,-1000
8481,政伸            ,0,1000,-1000,0,0,0,0,0,0,0,0,0,0,0,0,0,-1000
8467,波力-KY         ,0,1000,-1000,0,0,0,0,0,0,0,0,0,0,0,0,0,-1000
8488,吉源-KY         ,0,1000,-1000,0,0,0,0,0,0,0,0,0,0,0,0,0,-1000
07009P,臺股指中信9B售01,0,0,0,0,0,0,0,0,0,-1000,0,0,0,0,1000,-1000,-1000
06859P,元金2X中信9C售01,0,0,0,0,0,0,0,0,0,-1000,0,0,0,0,1000,-1000,-1000
06803P,臺股指群益98售09,0,0,0,0,0,0,0,0,0,-1000,0,0,0,10000,11000,-1000,-1000
06778P,台積電元大99售06,0,0,0,0,0,0,0,0,0,-1000,0,0,0,0,1000,-1000,-1000
07044P,台積電元大99售13,0,0,0,0,0,0,0,0,0,-1000,0,0,0,0,1000,-1000,-1000
07701P,玉晶光第一9A售02,0,0,0,0,0,0,0,0,0,-1000,0,0,0,0,1000,-1000,-1000
07702P,台積電中信9A售06,0,0,0,0,0,0,0,0,0,-1000,0,0,0,0,1000,-1000,-1000
07608P,台灣50國票9C售03,0,0,0,0,0,0,0,0,0,-1000,0,0,0,0,1000,-1000,-1000
07601P,國巨統一9A售05  ,0,0,0,0,0,0,0,0,0,-1000,0,0,0,0,1000,-1000,-1000
07598P,臺股指中信01售03,0,0,0,0,0,0,0,0,0,-1000,0,0,0,5000,6000,-1000,-1000
07316P,長榮航康和99售01,0,0,0,0,0,0,0,0,0,-1000,0,0,0,0,1000,-1000,-1000
07302P,臺股指元大9A售35,0,0,0,0,0,0,0,0,0,-1000,0,0,0,0,1000,-1000,-1000
07475P,A50正2群益9C售02,0,0,0,0,0,0,0,0,0,-1000,0,0,0,0,1000,-1000,-1000
07485P,台灣50凱基04售03,0,0,0,0,0,0,0,0,0,-1000,0,0,0,0,1000,-1000,-1000
07382P,台積電群益9B售01,0,0,0,0,0,0,0,0,0,-1000,0,0,0,0,1000,-1000,-1000
2008,高興昌          ,0,1000,-1000,0,0,0,0,0,0,0,0,0,0,0,0,0,-1000
1587,吉茂            ,0,1000,-1000,0,0,0,0,0,0,0,0,0,0,0,0,0,-1000
1735,日勝化          ,0,1000,-1000,0,0,0,0,0,0,0,0,0,0,0,0,0,-1000
1724,台硝            ,0,1000,-1000,0,0,0,0,0,0,0,0,0,0,0,0,0,-1000
1235,興泰            ,0,2000,-2000,0,0,0,0,0,0,1000,1000,0,1000,0,0,0,-1000
07823P,國巨元大9A售23  ,0,0,0,0,0,0,0,0,0,-1000,0,0,0,0,1000,-1000,-1000
07874P,長榮航群益9B售01,0,0,0,0,0,0,0,0,0,-1000,0,0,0,0,1000,-1000,-1000
07846P,台灣50群益9A售17,0,0,0,0,0,0,0,0,0,-1000,0,0,0,0,1000,-1000,-1000
07850P,健策群益9A售06  ,0,0,0,0,0,0,0,0,0,-1000,0,0,0,77000,78000,-1000,-1000
07901P,臺股指凱基9B售04,0,0,0,0,0,0,0,0,0,-1000,0,0,0,100000,101000,-1000,-1000
07931P,國巨元大9B售03  ,0,0,0,0,0,0,0,0,0,-1000,0,0,0,0,1000,-1000,-1000
07932P,國巨元大9B售04  ,0,0,0,0,0,0,0,0,0,-1000,0,0,0,0,1000,-1000,-1000
08050P,臺股指國票9B售15,0,0,0,0,0,0,0,0,0,-1000,0,0,0,0,1000,-1000,-1000
08055P,臺股指國票9B售20,0,0,0,0,0,0,0,0,0,-1000,0,0,0,0,1000,-1000,-1000
061746,國巨統一9C購07  ,0,0,0,0,0,0,0,0,0,-2000,0,0,0,0,2000,-2000,-2000
061771,玉晶光元大9C購04,0,0,0,0,0,0,0,0,0,-2000,0,0,0,8000,10000,-2000,-2000
061962,台積電統一01購03,0,0,0,0,0,0,0,0,0,-2000,0,0,0,7000,9000,-2000,-2000
061884,臺股指元大9B購18,0,0,0,0,0,0,0,0,0,-2000,0,0,0,7000,9000,-2000,-2000
061337,台積電元大9A購27,0,0,0,0,0,0,0,0,0,-2000,0,0,0,0,2000,-2000,-2000
061636,聯發科元大9A購11,0,0,0,0,0,0,0,0,0,-2000,0,0,0,0,2000,-2000,-2000
061504,祥碩國票9A購02  ,0,0,0,0,0,0,0,0,0,-2000,0,0,0,0,2000,-2000,-2000
061493,T50反1國票9B購04,0,0,0,0,0,0,0,0,0,-2000,0,0,0,0,2000,-2000,-2000
061049,奇力新中信9A購02,0,0,0,0,0,0,0,0,0,-2000,0,0,0,72000,74000,-2000,-2000
061067,貿聯凱基9A購03  ,0,0,0,0,0,0,0,0,0,-2000,0,0,0,28000,30000,-2000,-2000
061070,超眾凱基9C購01  ,0,0,0,0,0,0,0,0,0,-2000,0,0,0,0,2000,-2000,-2000
061113,南電元大9A購03  ,0,0,0,0,0,0,0,0,0,-2000,0,0,0,20000,22000,-2000,-2000
061089,台積電統一9C購04,0,0,0,0,0,0,0,0,0,-2000,0,0,0,0,2000,-2000,-2000
06123P,玉晶光元大97售04,0,0,0,0,0,0,0,0,0,-2000,0,0,0,0,2000,-2000,-2000
060910,聯發科元大9A購05,0,0,0,0,0,0,0,0,0,-2000,0,0,0,0,2000,-2000,-2000
060913,宏達電元大9A購03,0,0,0,0,0,0,0,0,0,-2000,0,0,0,3000,5000,-2000,-2000
060828,高股息國票9A購01,0,0,0,0,0,0,0,0,0,-2000,0,0,0,0,2000,-2000,-2000
06437P,玉晶光國票99售01,0,0,0,0,0,0,0,0,0,-2000,0,0,0,0,2000,-2000,-2000
063131,聯茂元大9B購03  ,0,0,0,0,0,0,0,0,0,-2000,0,0,0,0,2000,-2000,-2000
06713P,臺股指富邦99售04,0,0,0,0,0,0,0,0,0,-2000,0,0,0,3000,5000,-2000,-2000
06749P,技嘉元富98售03  ,0,0,0,0,0,0,0,0,0,-2000,0,0,0,0,2000,-2000,-2000
06581P,南亞科凱基98售04,0,0,0,0,0,0,0,0,0,-2000,0,0,0,0,2000,-2000,-2000
062894,道瓊銀元大9B購02,0,0,0,0,0,0,0,0,0,-2000,0,0,0,0,2000,-2000,-2000
063056,嘉澤統一9C購02  ,0,0,0,0,0,0,0,0,0,-2000,0,0,0,0,2000,-2000,-2000
062770,臺股指凱基9B購14,0,0,0,0,0,0,0,0,0,-2000,0,0,0,0,2000,-2000,-2000
062795,國巨統一9B購15  ,0,0,0,0,0,0,0,0,0,-2000,0,0,0,0,2000,-2000,-2000
062416,和大統一01購02  ,0,0,0,0,0,0,0,0,0,-2000,0,0,0,0,2000,-2000,-2000
062406,臻鼎永豐9B購01  ,0,0,0,0,0,0,0,0,0,-2000,0,0,0,0,2000,-2000,-2000
062478,牧德國票9B購03  ,0,0,0,0,0,0,0,0,0,-2000,0,0,0,43000,45000,-2000,-2000
062673,台新金中信03購01,0,0,0,0,0,0,0,0,0,-2000,0,0,0,0,2000,-2000,-2000
062547,玉晶光永豐9B購05,0,0,0,0,0,0,0,0,0,-2000,0,0,0,0,2000,-2000,-2000
062090,南電元大9B購02  ,0,0,0,0,0,0,0,0,0,-2000,0,0,0,4000,6000,-2000,-2000
062168,大毅永豐9B購01  ,0,0,0,0,0,0,0,0,0,-2000,0,0,0,0,2000,-2000,-2000
062077,聯發科元大9B購04,0,0,0,0,0,0,0,0,0,-2000,0,0,0,0,2000,-2000,-2000
062256,聯發科元大9B購08,0,0,0,0,0,0,0,0,0,-2000,0,0,0,0,2000,-2000,-2000
006204,永豐臺灣加權    ,0,0,0,0,0,0,0,0,0,-2000,0,0,0,170000,172000,-2000,-2000
0057,富邦摩台        ,0,0,0,0,0,0,0,0,0,-2000,0,0,0,20000,22000,-2000,-2000
00688L,國泰20年美債正2 ,0,0,0,0,0,0,0,0,0,-2000,0,0,0,101000,103000,-2000,-2000
04290P,滬深2X富邦96售03,0,0,0,0,0,0,0,0,0,-2000,0,0,0,0,2000,-2000,-2000
04054P,滬深2X富邦96售02,0,0,0,0,0,0,0,0,0,-2000,0,0,0,0,2000,-2000,-2000
047689,瑞昱富邦97購01  ,0,0,0,0,0,0,0,0,0,-2000,0,0,0,0,2000,-2000,-2000
047825,道瓊反元大96購01,0,0,0,0,0,0,0,0,0,-2000,0,0,0,0,2000,-2000,-2000
053451,致新凱基96購02  ,0,0,0,0,0,0,0,0,0,-2000,0,0,0,10000,12000,-2000,-2000
05123P,鴻海永昌96售07  ,0,0,0,0,0,0,0,0,0,-2000,0,0,0,0,2000,-2000,-2000
03444B,臺股指元大9C熊02,0,0,0,0,0,0,0,0,0,-2000,0,0,0,0,2000,-2000,-2000
054376,聯茂中信97購01  ,0,0,0,0,0,0,0,0,0,-2000,0,0,0,0,2000,-2000,-2000
052937,國巨兆豐97購01  ,0,0,0,0,0,0,0,0,0,-2000,0,0,0,10000,12000,-2000,-2000
055533,大立光群益97購03,0,0,0,0,0,0,0,0,0,-2000,0,0,0,0,2000,-2000,-2000
054509,上証反元大99購01,0,0,0,0,0,0,0,0,0,-2000,0,0,0,0,2000,-2000,-2000
056618,京元電永豐98購01,0,0,0,0,0,0,0,0,0,-2000,0,0,0,8000,10000,-2000,-2000
054756,世紀鋼凱基99購01,0,0,0,0,0,0,0,0,0,-2000,0,0,0,0,2000,-2000,-2000
054820,新日興元大97購01,0,0,0,0,0,0,0,0,0,-2000,0,0,0,0,2000,-2000,-2000
055384,緯穎元大98購02  ,0,0,0,0,0,0,0,0,0,-2000,0,0,0,25000,27000,-2000,-2000
055368,台積電元大97購24,0,0,0,0,0,0,0,0,0,-2000,0,0,0,55000,57000,-2000,-2000
055202,神達群益97購01  ,0,0,0,0,0,0,0,0,0,-2000,0,0,0,0,2000,-2000,-2000
059299,欣興元富99購03  ,0,0,0,0,0,0,0,0,0,-2000,0,0,0,3000,5000,-2000,-2000
059349,台郡凱基99購04  ,0,0,0,0,0,0,0,0,0,-2000,0,0,0,20000,22000,-2000,-2000
059200,京鼎永豐99購02  ,0,0,0,0,0,0,0,0,0,-2000,0,0,0,0,2000,-2000,-2000
059216,台積電元大99購29,0,0,0,0,0,0,0,0,0,-2000,0,0,0,2000,4000,-2000,-2000
059224,大立光元大99購15,0,0,0,0,0,0,0,0,0,-2000,0,0,0,0,2000,-2000,-2000
059663,旭富元大9C購02  ,0,0,0,0,0,0,0,0,0,-2000,0,0,0,78000,80000,-2000,-2000
059705,華新科凱基9A購07,0,0,0,0,0,0,0,0,0,-2000,0,0,0,0,2000,-2000,-2000
056165,矽力凱基98購02  ,0,0,0,0,0,0,0,0,0,-2000,0,0,0,0,2000,-2000,-2000
05720P,可成中信98售01  ,0,0,0,0,0,0,0,0,0,-2000,0,0,0,0,2000,-2000,-2000
058347,玉晶光群益9B購01,0,0,0,0,0,0,0,0,0,-2000,0,0,0,24000,26000,-2000,-2000
058356,華邦電凱基99購01,0,0,0,0,0,0,0,0,0,-2000,0,0,0,0,2000,-2000,-2000
058368,奇鋐凱基9A購01  ,0,0,0,0,0,0,0,0,0,-2000,0,0,0,0,2000,-2000,-2000
057901,大立光永豐98購04,0,0,0,0,0,0,0,0,0,-2000,0,0,0,0,2000,-2000,-2000
058021,牧德凱基98購02  ,0,0,0,0,0,0,0,0,0,-2000,0,0,0,13000,15000,-2000,-2000
058040,FBVIX元大98購01 ,0,0,0,0,0,0,0,0,0,-2000,0,0,0,15000,17000,-2000,-2000
058403,玉晶光元大99購12,0,0,0,0,0,0,0,0,0,-2000,0,0,0,88000,90000,-2000,-2000
058410,國巨兆豐99購03  ,0,0,0,0,0,0,0,0,0,-2000,0,0,0,0,2000,-2000,-2000
057571,泰碩永豐98購01  ,0,0,0,0,0,0,0,0,0,-2000,0,0,0,27000,29000,-2000,-2000
057581,元大金中信9A購01,0,0,0,0,0,0,0,0,0,-2000,0,0,0,6000,8000,-2000,-2000
059978,國巨元大99購29  ,0,0,0,0,0,0,0,0,0,-2000,0,0,0,0,2000,-2000,-2000
059952,旺宏康和99購01  ,0,0,0,0,0,0,0,0,0,-2000,0,0,0,5000,7000,-2000,-2000
059871,義隆凱基99購03  ,0,0,0,0,0,0,0,0,0,-2000,0,0,0,0,2000,-2000,-2000
060044,大立光群益99購09,0,0,0,0,0,0,0,0,0,-2000,0,0,0,0,2000,-2000,-2000
059795,鴻海國票99購07  ,0,0,0,0,0,0,0,0,0,-2000,0,0,0,13000,15000,-2000,-2000
059824,大立光凱基99購13,0,0,0,0,0,0,0,0,0,-2000,0,0,0,0,2000,-2000,-2000
060502,國巨元大9A購07  ,0,0,0,0,0,0,0,0,0,-2000,0,0,0,4000,6000,-2000,-2000
060252,緯穎元大9A購02  ,0,0,0,0,0,0,0,0,0,-2000,0,0,0,3000,5000,-2000,-2000
056781,元油2X群益9B購02,0,0,0,0,0,0,0,0,0,-2000,0,0,0,0,2000,-2000,-2000
058717,南電台新99購02  ,0,0,0,0,0,0,0,0,0,-2000,0,0,0,0,2000,-2000,-2000
058088,鴻海元大9A購01  ,0,0,0,0,0,0,0,0,0,-2000,0,0,0,3000,5000,-2000,-2000
058081,技嘉群益9A購03  ,0,0,0,0,0,0,0,0,0,-2000,0,0,0,2000,4000,-2000,-2000
058181,華新科國泰9B購01,0,0,0,0,0,0,0,0,0,-2000,0,0,0,19000,21000,-2000,-2000
058193,緯穎永豐99購01  ,0,0,0,0,0,0,0,0,0,-2000,0,0,0,8000,10000,-2000,-2000
058201,華通凱基9A購01  ,0,0,0,0,0,0,0,0,0,-2000,0,0,0,0,2000,-2000,-2000
058803,世紀鋼元大99購03,0,0,0,0,0,0,0,0,0,-2000,0,0,0,46000,48000,-2000,-2000
058544,FBVIX富邦9B購01 ,0,0,0,0,0,0,0,0,0,-2000,0,0,0,0,2000,-2000,-2000
058744,FBVIX凱基9C購03 ,0,0,0,0,0,0,0,0,0,-2000,0,0,0,0,2000,-2000,-2000
059033,元油2X群益9C購05,0,0,0,0,0,0,0,0,0,-2000,0,0,0,0,2000,-2000,-2000
058602,台積電元大99購11,0,0,0,0,0,0,0,0,0,-2000,0,0,0,2000,4000,-2000,-2000
057679,臺股指元大98購09,0,0,0,0,0,0,0,0,0,-2000,0,0,0,0,2000,-2000,-2000
057643,聯發科元大99購03,0,0,0,0,0,0,0,0,0,-2000,0,0,0,0,2000,-2000,-2000
056707,鴻海富邦99購03  ,0,0,0,0,0,0,0,0,0,-2000,0,0,0,0,2000,-2000,-2000
08027P,嘉晶元大9B售03  ,0,0,0,0,0,0,0,0,0,-2000,0,0,0,5000,7000,-2000,-2000
07933P,大立光富邦9C售06,0,0,0,0,0,0,0,0,0,-2000,0,0,0,0,2000,-2000,-2000
07740P,臺股指永豐9A售01,0,0,0,0,0,0,0,0,0,-2000,0,0,0,0,2000,-2000,-2000
07758P,台積電國票9A售06,0,0,0,0,0,0,0,0,0,-2000,0,0,0,10000,12000,-2000,-2000
1438,裕豐            ,0,2000,-2000,0,0,0,0,0,0,0,0,0,0,0,0,0,-2000
1443,立益            ,0,2000,-2000,0,0,0,0,0,0,0,0,0,0,0,0,0,-2000
1516,川飛            ,0,2000,-2000,0,0,0,0,0,0,0,0,0,0,0,0,0,-2000
1467,南緯            ,74000,76000,-2000,0,0,0,0,0,0,0,0,0,0,0,0,0,-2000
07426P,上証2X國票9B售01,0,0,0,0,0,0,0,0,0,-2000,0,0,0,0,2000,-2000,-2000
07305P,T50正2群益99售02,0,0,0,0,0,0,0,0,0,-2000,0,0,0,30000,32000,-2000,-2000
07314P,T50正2元大9C售03,0,0,0,0,0,0,0,0,0,-2000,0,0,0,0,2000,-2000,-2000
07272P,台灣50元大9C售05,0,0,0,0,0,0,0,0,0,-2000,0,0,0,0,2000,-2000,-2000
07328P,FBVIX國泰9B售01 ,0,0,0,0,0,0,0,0,0,-2000,0,0,0,0,2000,-2000,-2000
07555P,玉晶光元大9A售07,0,0,0,0,0,0,0,0,0,-2000,0,0,0,4000,6000,-2000,-2000
07491P,臺股指國票9A售09,0,0,0,0,0,0,0,0,0,-2000,0,0,0,0,2000,-2000,-2000
07125P,台積電元大99售22,0,0,0,0,0,0,0,0,0,-2000,0,0,0,0,2000,-2000,-2000
06995P,臺股指凱基99售16,0,0,0,0,0,0,0,0,0,-2000,0,0,0,0,2000,-2000,-2000
06903P,技嘉凱基98售04  ,0,0,0,0,0,0,0,0,0,-2000,0,0,0,77000,79000,-2000,-2000
8466,美吉吉-KY       ,0,2000,-2000,0,0,0,0,0,0,0,0,0,0,0,0,0,-2000
8940,新天地          ,0,2000,-2000,0,0,0,0,0,0,0,0,0,0,0,0,0,-2000
8222,寶一            ,1000,3000,-2000,0,0,0,0,0,0,0,0,0,0,0,0,0,-2000
2712,遠雄來          ,0,2000,-2000,0,0,0,0,0,0,0,0,0,0,0,0,0,-2000
3029,零壹            ,163000,155000,8000,0,0,0,0,0,0,-10000,0,10000,-10000,0,0,0,-2000
6625,必應            ,0,2000,-2000,0,0,0,0,0,0,0,0,0,0,0,0,0,-2000
6117,迎廣            ,0,2000,-2000,0,0,0,0,0,0,0,0,0,0,0,0,0,-2000
5538,東明-KY         ,0,1000,-1000,0,0,0,0,1000,-1000,0,0,0,0,0,0,0,-2000
5284,jpp-KY          ,1000,4000,-3000,0,0,0,0,0,0,1000,1000,0,1000,0,0,0,-2000
4562,穎漢            ,0,2000,-2000,0,0,0,0,0,0,0,0,0,0,0,0,0,-2000
062166,致新國泰01購01  ,0,0,0,0,0,0,0,0,0,-3000,0,0,0,0,3000,-3000,-3000
062605,上銀凱基9B購03  ,0,0,0,0,0,0,0,0,0,-3000,0,0,0,0,3000,-3000,-3000
062501,台積電群益9C購03,0,0,0,0,0,0,0,0,0,-3000,0,0,0,63000,66000,-3000,-3000
06239P,奇力新元大97售08,0,0,0,0,0,0,0,0,0,-3000,0,0,0,5000,8000,-3000,-3000
06238P,台積電元大98售07,0,0,0,0,0,0,0,0,0,-3000,0,0,0,3000,6000,-3000,-3000
062864,臺股指國票9B購21,0,0,0,0,0,0,0,0,0,-3000,0,0,0,0,3000,-3000,-3000
063074,創意永豐9B購02  ,0,0,0,0,0,0,0,0,0,-3000,0,0,0,22000,25000,-3000,-3000
06689P,鴻海中信9C售02  ,0,0,0,0,0,0,0,0,0,-3000,0,0,0,0,3000,-3000,-3000
063135,國巨統一9B購16  ,0,0,0,0,0,0,0,0,0,-3000,0,0,0,0,3000,-3000,-3000
060819,國巨統一9C購04  ,0,0,0,0,0,0,0,0,0,-3000,0,0,0,117000,120000,-3000,-3000
060893,台灣50凱基01購07,0,0,0,0,0,0,0,0,0,-3000,0,0,0,0,3000,-3000,-3000
060653,全新群益9A購02  ,0,0,0,0,0,0,0,0,0,-3000,0,0,0,135000,138000,-3000,-3000
061210,玉山金元大9A購02,0,0,0,0,0,0,0,0,0,-3000,0,0,0,50000,53000,-3000,-3000
061184,大立光國泰9C購01,0,0,0,0,0,0,0,0,0,-3000,0,0,0,50000,53000,-3000,-3000
060983,南亞科元大9A購06,0,0,0,0,0,0,0,0,0,-3000,0,0,0,26000,29000,-3000,-3000
061692,聯發科群益9A購04,0,0,0,0,0,0,0,0,0,-3000,0,0,0,0,3000,-3000,-3000
056413,上証反中信9A購01,0,0,0,0,0,0,0,0,0,-3000,0,0,0,0,3000,-3000,-3000
056415,聯發科中信98購04,0,0,0,0,0,0,0,0,0,-3000,0,0,0,10000,13000,-3000,-3000
056071,創意元大97購02  ,0,0,0,0,0,0,0,0,0,-3000,0,0,0,0,3000,-3000,-3000
055865,臺股指元大97購02,0,0,0,0,0,0,0,0,0,-3000,0,0,0,0,3000,-3000,-3000
059187,國巨富邦9B購02  ,0,0,0,0,0,0,0,0,0,-3000,0,0,0,0,3000,-3000,-3000
059415,台灣50元大9A購03,0,0,0,0,0,0,0,0,0,-3000,0,0,0,0,3000,-3000,-3000
054768,泰碩國票99購02  ,0,0,0,0,0,0,0,0,0,-3000,0,0,0,0,3000,-3000,-3000
056700,華新科國泰99購03,0,0,0,0,0,0,0,0,0,-3000,0,0,0,0,3000,-3000,-3000
05263P,台積電元大96售09,0,0,0,0,0,0,0,0,0,-3000,0,0,0,0,3000,-3000,-3000
056458,日月光凱基98購02,0,0,0,0,0,0,0,0,0,-3000,0,0,0,0,3000,-3000,-3000
053080,力山元大96購02  ,0,0,0,0,0,0,0,0,0,-3000,0,0,0,145000,148000,-3000,-3000
035275,台積電台新97購01,0,0,0,0,0,0,0,0,0,-3000,0,0,0,1000,4000,-3000,-3000
020011,統一微波高息20N ,0,0,0,0,0,0,0,0,0,-3000,0,0,0,0,3000,-3000,-3000
058552,欣興永豐99購01  ,0,0,0,0,0,0,0,0,0,-3000,0,0,0,0,3000,-3000,-3000
058638,矽力兆豐99購01  ,0,0,0,0,0,0,0,0,0,-3000,0,0,0,0,3000,-3000,-3000
058823,聯發科富邦9C購01,0,0,0,0,0,0,0,0,0,-3000,0,0,0,0,3000,-3000,-3000
05817P,可成凱基96售07  ,0,0,0,0,0,0,0,0,0,-3000,0,0,0,2000,5000,-3000,-3000
056767,大毅元大99購01  ,0,0,0,0,0,0,0,0,0,-3000,0,0,0,15000,18000,-3000,-3000
057737,國巨富邦99購02  ,0,0,0,0,0,0,0,0,0,-3000,0,0,0,0,3000,-3000,-3000
060401,世紀鋼國票9B購01,0,0,0,0,0,0,0,0,0,-3000,0,0,0,204000,207000,-3000,-3000
060379,T50反1凱基9A購07,0,0,0,0,0,0,0,0,0,-3000,0,0,0,0,3000,-3000,-3000
060278,道瓊反元大9A購03,0,0,0,0,0,0,0,0,0,-3000,0,0,0,0,3000,-3000,-3000
060604,宏達電凱基9B購01,0,0,0,0,0,0,0,0,0,-3000,0,0,0,0,3000,-3000,-3000
059540,新光金日盛99購01,0,0,0,0,0,0,0,0,0,-3000,0,0,0,0,3000,-3000,-3000
058227,台灣50元大9C購01,0,0,0,0,0,0,0,0,0,-3000,0,0,0,0,3000,-3000,-3000
057399,滬深反群益9C購01,0,0,0,0,0,0,0,0,0,-3000,0,0,0,0,3000,-3000,-3000
060085,華通元大99購10  ,0,0,0,0,0,0,0,0,0,-3000,0,0,0,27000,30000,-3000,-3000
059977,鴻海元大99購40  ,0,0,0,0,0,0,0,0,0,-3000,0,0,0,70000,73000,-3000,-3000
057583,啟碁中信9A購01  ,0,0,0,0,0,0,0,0,0,-3000,0,0,0,2000,5000,-3000,-3000
057333,智邦國票99購01  ,0,0,0,0,0,0,0,0,0,-3000,0,0,0,0,3000,-3000,-3000
058362,聯發科凱基99購06,0,0,0,0,0,0,0,0,0,-3000,0,0,0,0,3000,-3000,-3000
058304,鴻海元大99購12  ,0,0,0,0,0,0,0,0,0,-3000,0,0,0,0,3000,-3000,-3000
057529,嘉晶元大99購02  ,0,0,0,0,0,0,0,0,0,-3000,0,0,0,7000,10000,-3000,-3000
057007,奇力新中信98購04,0,0,0,0,0,0,0,0,0,-3000,0,0,0,7000,10000,-3000,-3000
056990,聯發科兆豐98購01,0,0,0,0,0,0,0,0,0,-3000,0,0,0,0,3000,-3000,-3000
057287,彩晶元大9C購03  ,0,0,0,0,0,0,0,0,0,-3000,0,0,0,0,3000,-3000,-3000
6674,鋐寶科技        ,0,3000,-3000,0,0,0,0,0,0,0,0,0,0,0,0,0,-3000
6431,光麗-KY         ,0,3000,-3000,0,0,0,0,0,0,0,0,0,0,0,0,0,-3000
8478,東哥遊艇        ,2000,5000,-3000,0,0,0,0,0,0,0,0,0,0,0,0,0,-3000
1539,巨庭            ,0,3000,-3000,0,0,0,0,0,0,0,0,0,0,0,0,0,-3000
1341,富林-KY         ,0,4000,-4000,0,0,0,0,0,0,1000,1000,0,1000,0,0,0,-3000
07787P,國巨凱基9A售17  ,0,0,0,0,0,0,0,0,0,-3000,0,0,0,0,3000,-3000,-3000
07828P,SP黃豆凱基01售01,0,0,0,0,0,0,0,0,0,-3000,0,0,0,0,3000,-3000,-3000
08078P,聯發科國票9B售04,0,0,0,0,0,0,0,0,0,-3000,0,0,0,2000,5000,-3000,-3000
061699,燿華國票9A購01  ,0,0,0,0,0,0,0,0,0,-4000,0,0,0,0,4000,-4000,-4000
061651,世紀鋼元大9C購02,0,0,0,0,0,0,0,0,0,-4000,0,0,0,0,4000,-4000,-4000
061779,上銀群益9B購01  ,0,0,0,0,0,0,0,0,0,-4000,0,0,0,0,4000,-4000,-4000
06177P,玉晶光元大98售07,0,0,0,0,0,0,0,0,0,-4000,0,0,0,60000,64000,-4000,-4000
061530,智邦台新9A購02  ,0,0,0,0,0,0,0,0,0,-4000,0,0,0,1000,5000,-4000,-4000
061599,元金反中信9C購01,0,0,0,0,0,0,0,0,0,-4000,0,0,0,0,4000,-4000,-4000
061447,鴻海中信04購02  ,0,0,0,0,0,0,0,0,0,-4000,0,0,0,8000,12000,-4000,-4000
060962,義隆凱基9B購01  ,0,0,0,0,0,0,0,0,0,-4000,0,0,0,10000,14000,-4000,-4000
061139,玉晶光統一9C購02,0,0,0,0,0,0,0,0,0,-4000,0,0,0,11000,15000,-4000,-4000
061163,台灣50兆豐9A購04,0,0,0,0,0,0,0,0,0,-4000,0,0,0,0,4000,-4000,-4000
060612,世紀鋼凱基9A購01,0,0,0,0,0,0,0,0,0,-4000,0,0,0,6000,10000,-4000,-4000
06690P,玉晶光群益9A售05,0,0,0,0,0,0,0,0,0,-4000,0,0,0,0,4000,-4000,-4000
063088,緯穎凱基9B購04  ,0,0,0,0,0,0,0,0,0,-4000,0,0,0,5000,9000,-4000,-4000
06305P,臺股指元大97售11,0,0,0,0,0,0,0,0,0,-4000,0,0,0,0,4000,-4000,-4000
062893,元金2X元大9C購01,0,0,0,0,0,0,0,0,0,-4000,0,0,0,0,4000,-4000,-4000
06294P,臺股指國票97售08,0,0,0,0,0,0,0,0,0,-4000,0,0,0,0,4000,-4000,-4000
062769,臺股指凱基9B購13,0,0,0,0,0,0,0,0,0,-4000,0,0,0,0,4000,-4000,-4000
062727,華擎凱基9B購03  ,0,0,0,0,0,0,0,0,0,-4000,0,0,0,9000,13000,-4000,-4000
062013,奇鋐富邦9B購01  ,0,0,0,0,0,0,0,0,0,-4000,0,0,0,10000,14000,-4000,-4000
062237,緯創凱基9B購01  ,0,0,0,0,0,0,0,0,0,-4000,0,0,0,153000,157000,-4000,-4000
00683L,元大美元指數正2 ,0,0,0,0,0,0,0,0,0,-4000,0,0,0,2000,6000,-4000,-4000
05013P,台積電元大96售05,0,0,0,0,0,0,0,0,0,-4000,0,0,0,0,4000,-4000,-4000
050992,台積電元大97購01,0,0,0,0,0,0,0,0,0,-4000,0,0,0,0,4000,-4000,-4000
053084,國巨元大98購01  ,0,0,0,0,0,0,0,0,0,-4000,0,0,0,0,4000,-4000,-4000
051597,T50反1中信99購02,0,0,0,0,0,0,0,0,0,-4000,0,0,0,30000,34000,-4000,-4000
052132,旺宏凱基9B購01  ,0,0,0,0,0,0,0,0,0,-4000,0,0,0,2000,6000,-4000,-4000
05427P,聯發科凱基96售07,0,0,0,0,0,0,0,0,0,-4000,0,0,0,0,4000,-4000,-4000
052776,力山國票97購01  ,0,0,0,0,0,0,0,0,0,-4000,0,0,0,0,4000,-4000,-4000
055510,GIS元大97購03   ,0,0,0,0,0,0,0,0,0,-4000,0,0,0,0,4000,-4000,-4000
056675,聯發科元富02購01,0,0,0,0,0,0,0,0,0,-4000,0,0,0,0,4000,-4000,-4000
054830,世芯國泰99購01  ,0,0,0,0,0,0,0,0,0,-4000,0,0,0,0,4000,-4000,-4000
055124,建準兆豐97購01  ,0,0,0,0,0,0,0,0,0,-4000,0,0,0,7000,11000,-4000,-4000
059682,可成富邦9A購01  ,0,0,0,0,0,0,0,0,0,-4000,0,0,0,0,4000,-4000,-4000
05601P,鴻海元大97售04  ,0,0,0,0,0,0,0,0,0,-4000,0,0,0,0,4000,-4000,-4000
056362,聯發科元大99購01,0,0,0,0,0,0,0,0,0,-4000,0,0,0,0,4000,-4000,-4000
057268,臻鼎兆豐99購01  ,0,0,0,0,0,0,0,0,0,-4000,0,0,0,25000,29000,-4000,-4000
057258,中環兆豐98購01  ,0,0,0,0,0,0,0,0,0,-4000,0,0,0,0,4000,-4000,-4000
058346,嘉晶群益99購01  ,0,0,0,0,0,0,0,0,0,-4000,0,0,0,119000,123000,-4000,-4000
058463,宏達電兆豐99購02,0,0,0,0,0,0,0,0,0,-4000,0,0,0,0,4000,-4000,-4000
059889,華新科國票99購04,0,0,0,0,0,0,0,0,0,-4000,0,0,0,0,4000,-4000,-4000
060096,聯發科元大99購43,0,0,0,0,0,0,0,0,0,-4000,0,0,0,0,4000,-4000,-4000
059591,台積電元大9A購04,0,0,0,0,0,0,0,0,0,-4000,0,0,0,1000,5000,-4000,-4000
059127,國巨中信99購04  ,0,0,0,0,0,0,0,0,0,-4000,0,0,0,10000,14000,-4000,-4000
060533,臺股指中信9B購05,0,0,0,0,0,0,0,0,0,-4000,0,0,0,3000,7000,-4000,-4000
060471,台勝科元大9B購01,0,0,0,0,0,0,0,0,0,-4000,0,0,0,0,4000,-4000,-4000
060326,群光群益9A購01  ,0,0,0,0,0,0,0,0,0,-4000,0,0,0,4000,8000,-4000,-4000
056811,健策統一9B購01  ,0,0,0,0,0,0,0,0,0,-4000,0,0,0,0,4000,-4000,-4000
058702,國巨元大99購16  ,0,0,0,0,0,0,0,0,0,-4000,0,0,0,62000,66000,-4000,-4000
058167,鴻海凱基9A購03  ,0,0,0,0,0,0,0,0,0,-4000,0,0,0,0,4000,-4000,-4000
058118,瑞昱群益99購01  ,0,0,0,0,0,0,0,0,0,-4000,0,0,0,11000,15000,-4000,-4000
05811P,臺股指國票96售04,0,0,0,0,0,0,0,0,0,-4000,0,0,0,0,4000,-4000,-4000
058834,GIS永豐99購01   ,0,0,0,0,0,0,0,0,0,-4000,0,0,0,59000,63000,-4000,-4000
07780P,美律凱基9A售02  ,0,0,0,0,0,0,0,0,0,-4000,0,0,0,33000,37000,-4000,-4000
07751P,世紀鋼凱基9A售02,65000,0,65000,0,0,0,0,0,0,-69000,0,0,0,0,69000,-69000,-4000
07729P,臺股指凱基9A售21,0,0,0,0,0,0,0,0,0,-4000,0,0,0,15000,19000,-4000,-4000
1529,樂士            ,0,4000,-4000,0,0,0,0,0,0,0,3000,3000,0,0,0,0,-4000
1423,利華            ,0,4000,-4000,0,0,0,0,0,0,0,0,0,0,0,0,0,-4000
07184P,台灣50元富01售01,0,0,0,0,0,0,0,0,0,-4000,0,0,0,1000,5000,-4000,-4000
07543P,台積電凱基9A售17,0,0,0,0,0,0,0,0,0,-4000,0,0,0,1000,5000,-4000,-4000
07684P,大立光凱基9A售11,0,0,0,0,0,0,0,0,0,-4000,0,0,0,1000,5000,-4000,-4000
8443,阿瘦            ,0,4000,-4000,0,0,0,0,0,0,0,0,0,0,0,0,0,-4000
8114,振樺電          ,7000,11000,-4000,0,0,0,0,0,0,0,0,0,0,0,0,0,-4000
6641,基士德-KY       ,1000,5000,-4000,0,0,0,0,0,0,0,0,0,0,0,0,0,-4000
6205,詮欣            ,4000,7000,-3000,0,0,0,0,0,0,-1000,0,1000,-1000,0,0,0,-4000
3432,台端            ,5000,7000,-2000,0,0,0,0,0,0,-2000,1000,3000,-2000,0,0,0,-4000
3296,勝德            ,0,4000,-4000,0,0,0,0,0,0,0,0,0,0,0,0,0,-4000
2616,山隆            ,19000,27000,-8000,0,0,0,0,0,0,4000,4000,0,4000,0,0,0,-4000
062318,台郡凱基9B購01  ,0,0,0,0,0,0,0,0,0,-5000,0,0,0,0,5000,-5000,-5000
062037,華新凱基9B購01  ,0,0,0,0,0,0,0,0,0,-5000,0,0,0,0,5000,-5000,-5000
062028,晶技群益9B購01  ,0,0,0,0,0,0,0,0,0,-5000,0,0,0,35000,40000,-5000,-5000
062162,世紀鋼凱基9B購03,0,0,0,0,0,0,0,0,0,-5000,0,0,0,0,5000,-5000,-5000
062141,遠東新國票9B購01,0,0,0,0,0,0,0,0,0,-5000,0,0,0,0,5000,-5000,-5000
062151,世紀鋼國票01購01,0,0,0,0,0,0,0,0,0,-5000,0,0,0,0,5000,-5000,-5000
062115,臺股指國票9B購09,0,0,0,0,0,0,0,0,0,-5000,0,0,0,0,5000,-5000,-5000
06257P,臺股指群益97售10,0,0,0,0,0,0,0,0,0,-5000,0,0,0,0,5000,-5000,-5000
062588,國巨統一9B購14  ,0,0,0,0,0,0,0,0,0,-5000,0,0,0,0,5000,-5000,-5000
062750,可成中信9B購01  ,0,0,0,0,0,0,0,0,0,-5000,0,0,0,0,5000,-5000,-5000
063039,大立光凱基9C購02,0,0,0,0,0,0,0,0,0,-5000,0,0,0,0,5000,-5000,-5000
063041,貿聯凱基9B購01  ,0,0,0,0,0,0,0,0,0,-5000,0,0,0,0,5000,-5000,-5000
063008,華通元大9B購06  ,0,0,0,0,0,0,0,0,0,-5000,0,0,0,2000,7000,-5000,-5000
06718P,聯詠元大98售01  ,0,0,0,0,0,0,0,0,0,-5000,0,0,0,0,5000,-5000,-5000
06591P,大立光元大98售14,0,0,0,0,0,0,0,0,0,-5000,0,0,0,30000,35000,-5000,-5000
063130,聯茂元大9B購02  ,0,0,0,0,0,0,0,0,0,-5000,0,0,0,0,5000,-5000,-5000
063094,玉晶光國票01購03,0,0,0,0,0,0,0,0,0,-5000,0,0,0,7000,12000,-5000,-5000
06314P,GIS元富97售02   ,0,0,0,0,0,0,0,0,0,-5000,0,0,0,0,5000,-5000,-5000
063150,聯發科元富05購03,0,0,0,0,0,0,0,0,0,-5000,0,0,0,0,5000,-5000,-5000
063153,南六元富9B購01  ,0,0,0,0,0,0,0,0,0,-5000,0,0,0,0,5000,-5000,-5000
06360P,台積電群益97售05,0,0,0,0,0,0,0,0,0,-5000,0,0,0,0,5000,-5000,-5000
06560P,台積電統一98售07,0,0,0,0,0,0,0,0,0,-5000,0,0,0,0,5000,-5000,-5000
060621,玉晶光元大9A購05,0,0,0,0,0,0,0,0,0,-5000,0,0,0,0,5000,-5000,-5000
060678,聯詠元大9A購03  ,0,0,0,0,0,0,0,0,0,-5000,0,0,0,56000,61000,-5000,-5000
060732,玉晶光群益9C購02,0,0,0,0,0,0,0,0,0,-5000,0,0,0,0,5000,-5000,-5000
060912,華新科元大9A購10,0,0,0,0,0,0,0,0,0,-5000,0,0,0,0,5000,-5000,-5000
061135,聯發科統一9C購03,0,0,0,0,0,0,0,0,0,-5000,0,0,0,0,5000,-5000,-5000
061144,玉晶光中信9B購02,0,0,0,0,0,0,0,0,0,-5000,0,0,0,110000,115000,-5000,-5000
061200,道瓊反元大9A購06,0,0,0,0,0,0,0,0,0,-5000,0,0,0,5000,10000,-5000,-5000
061225,台積電中信9A購04,0,0,0,0,0,0,0,0,0,-5000,0,0,0,0,5000,-5000,-5000
061258,華通凱基9A購06  ,0,0,0,0,0,0,0,0,0,-5000,0,0,0,0,5000,-5000,-5000
061280,國巨統一9C購06  ,0,0,0,0,0,0,0,0,0,-5000,0,0,0,5000,10000,-5000,-5000
061069,嘉聯益凱基9A購01,0,0,0,0,0,0,0,0,0,-5000,0,0,0,0,5000,-5000,-5000
061453,台達電凱基9B購01,0,0,0,0,0,0,0,0,0,-5000,0,0,0,10000,15000,-5000,-5000
061454,國巨凱基9A購16  ,0,0,0,0,0,0,0,0,0,-5000,0,0,0,0,5000,-5000,-5000
061386,道瓊銀群益9A購03,0,0,0,0,0,0,0,0,0,-5000,0,0,0,0,5000,-5000,-5000
061346,玉晶光元大9B購03,0,0,0,0,0,0,0,0,0,-5000,0,0,0,23000,28000,-5000,-5000
061756,台灣50元大9B購12,0,0,0,0,0,0,0,0,0,-5000,0,0,0,0,5000,-5000,-5000
061654,旺宏國票9A購02  ,0,0,0,0,0,0,0,0,0,-5000,0,0,0,0,5000,-5000,-5000
061698,智邦國票9A購04  ,0,0,0,0,0,0,0,0,0,-5000,0,0,0,0,5000,-5000,-5000
056200,大毅永豐98購01  ,0,0,0,0,0,0,0,0,0,-5000,0,0,0,0,5000,-5000,-5000
055996,矽力國泰99購01  ,0,0,0,0,0,0,0,0,0,-5000,0,0,0,0,5000,-5000,-5000
056009,奇力新中信98購03,0,0,0,0,0,0,0,0,0,-5000,0,0,0,0,5000,-5000,-5000
055861,矽力元大97購03  ,0,0,0,0,0,0,0,0,0,-5000,0,0,0,0,5000,-5000,-5000
059182,台灣50台新9B購03,0,0,0,0,0,0,0,0,0,-5000,0,0,0,0,5000,-5000,-5000
059238,台積電凱基99購11,0,0,0,0,0,0,0,0,0,-5000,0,0,0,0,5000,-5000,-5000
059242,南亞科凱基99購06,0,0,0,0,0,0,0,0,0,-5000,0,0,0,10000,15000,-5000,-5000
059223,大立光元大99購14,0,0,0,0,0,0,0,0,0,-5000,0,0,0,5000,10000,-5000,-5000
05922P,京元電兆豐96售01,0,0,0,0,0,0,0,0,0,-5000,0,0,0,0,5000,-5000,-5000
059308,T50反1元大99購07,0,0,0,0,0,0,0,0,0,-5000,0,0,0,5000,10000,-5000,-5000
059492,國巨國票9A購06  ,0,0,0,0,0,0,0,0,0,-5000,0,0,0,0,5000,-5000,-5000
059494,國巨國票9C購01  ,0,0,0,0,0,0,0,0,0,-5000,0,0,0,0,5000,-5000,-5000
055389,國巨統一98購02  ,0,0,0,0,0,0,0,0,0,-5000,0,0,0,0,5000,-5000,-5000
055813,聯發科國票98購04,0,0,0,0,0,0,0,0,0,-5000,0,0,0,0,5000,-5000,-5000
054843,中環兆豐97購01  ,0,0,0,0,0,0,0,0,0,-5000,0,0,0,0,5000,-5000,-5000
055025,華新科國泰98購02,0,0,0,0,0,0,0,0,0,-5000,0,0,0,20000,25000,-5000,-5000
054941,凱美元大97購01  ,0,0,0,0,0,0,0,0,0,-5000,0,0,0,0,5000,-5000,-5000
054912,群光凱基97購01  ,0,0,0,0,0,0,0,0,0,-5000,0,0,0,0,5000,-5000,-5000
054516,國巨元大97購02  ,0,0,0,0,0,0,0,0,0,-5000,0,0,0,0,5000,-5000,-5000
056634,為升兆豐99購01  ,0,0,0,0,0,0,0,0,0,-5000,0,0,0,5000,10000,-5000,-5000
05454P,奇鋐群益95售04  ,0,0,0,0,0,0,0,0,0,-5000,0,0,0,0,5000,-5000,-5000
054594,國巨麥證97購01  ,0,0,0,0,5000,-5000,0,0,0,-5000,0,0,0,0,5000,-5000,-5000
055409,元黃金富邦01購01,0,0,0,0,0,0,0,0,0,-5000,0,0,0,0,5000,-5000,-5000
055443,台虹國票98購01  ,0,0,0,0,0,0,0,0,0,-5000,0,0,0,0,5000,-5000,-5000
054246,國巨元大96購12  ,0,0,0,0,0,0,0,0,0,-5000,0,0,0,0,5000,-5000,-5000
052529,力成元大95購03  ,0,0,0,0,0,0,0,0,0,-5000,0,0,0,0,5000,-5000,-5000
051930,國泰金兆豐97購01,0,0,0,0,0,0,0,0,0,-5000,0,0,0,0,5000,-5000,-5000
053190,聯發科統一99購01,0,0,0,0,0,0,0,0,0,-5000,0,0,0,0,5000,-5000,-5000
053055,聯詠國票97購01  ,0,0,0,0,0,0,0,0,0,-5000,0,0,0,20000,25000,-5000,-5000
053246,聯詠國票97購02  ,0,0,0,0,0,0,0,0,0,-5000,0,0,0,0,5000,-5000,-5000
053320,華新科群益97購01,0,0,0,0,0,0,0,0,0,-5000,0,0,0,0,5000,-5000,-5000
049893,日月光富邦98購01,0,0,0,0,0,0,0,0,0,-5000,0,0,0,0,5000,-5000,-5000
04437P,滬深2X群益98售03,0,0,0,0,0,0,0,0,0,-5000,0,0,0,0,5000,-5000,-5000
058868,元油2X國票99購06,0,0,0,0,0,0,0,0,0,-5000,0,0,0,0,5000,-5000,-5000
058133,華新科元大9A購02,0,0,0,0,0,0,0,0,0,-5000,0,0,0,0,5000,-5000,-5000
058068,旺宏凱基98購11  ,0,0,0,0,0,0,0,0,0,-5000,0,0,0,19000,24000,-5000,-5000
058180,華新科國泰9A購01,0,0,0,0,0,0,0,0,0,-5000,0,0,0,90000,95000,-5000,-5000
058963,華新科兆豐99購05,0,0,0,0,0,0,0,0,0,-5000,0,0,0,0,5000,-5000,-5000
057764,台表科凱基9A購01,0,0,0,0,0,0,0,0,0,-5000,0,0,0,0,5000,-5000,-5000
057747,致新永豐98購01  ,0,0,0,0,0,0,0,0,0,-5000,0,0,0,5000,10000,-5000,-5000
060394,欣興麥證9A購01  ,0,0,0,0,5000,-5000,0,0,0,-5000,0,0,0,0,5000,-5000,-5000
060396,友達國票9A購01  ,0,0,0,0,0,0,0,0,0,-5000,0,0,0,0,5000,-5000,-5000
056876,群創凱基98購11  ,0,0,0,0,0,0,0,0,0,-5000,0,0,0,0,5000,-5000,-5000
060371,A50正2元富01購01,0,0,0,0,0,0,0,0,0,-5000,0,0,0,0,5000,-5000,-5000
060469,台勝科元大9A購02,0,0,0,0,0,0,0,0,0,-5000,0,0,0,0,5000,-5000,-5000
060480,億豐元大9A購02  ,0,0,0,0,0,0,0,0,0,-5000,0,0,0,2000,7000,-5000,-5000
060518,台灣50中信01購01,0,0,0,0,0,0,0,0,0,-5000,0,0,0,0,5000,-5000,-5000
059159,上銀凱基99購05  ,0,0,0,0,0,0,0,0,0,-5000,0,0,0,0,5000,-5000,-5000
059761,國巨永豐99購06  ,0,0,0,0,0,0,0,0,0,-5000,0,0,0,0,5000,-5000,-5000
059596,大立光元大99購20,0,0,0,0,0,0,0,0,0,-5000,0,0,0,0,5000,-5000,-5000
059624,鴻海凱基01購01  ,0,0,0,0,0,0,0,0,0,-5000,0,0,0,1000,6000,-5000,-5000
057380,技嘉國泰9A購01  ,0,0,0,0,0,0,0,0,0,-5000,0,0,0,0,5000,-5000,-5000
058233,聯發科元大99購06,0,0,0,0,0,0,0,0,0,-5000,0,0,0,0,5000,-5000,-5000
060088,國巨元大99購30  ,0,0,0,0,0,0,0,0,0,-5000,0,0,0,1000,6000,-5000,-5000
060071,國巨元富99購03  ,0,0,0,0,0,0,0,0,0,-5000,0,0,0,0,5000,-5000,-5000
057503,世紀鋼群益98購02,0,0,0,0,0,0,0,0,0,-5000,0,0,0,0,5000,-5000,-5000
059916,聯發科元大99購33,0,0,0,0,0,0,0,0,0,-5000,0,0,0,0,5000,-5000,-5000
059934,華通永豐99購02  ,0,0,0,0,0,0,0,0,0,-5000,0,0,0,3000,8000,-5000,-5000
059987,大立光元大99購28,0,0,0,0,0,0,0,0,0,-5000,0,0,0,0,5000,-5000,-5000
05998P,台積電元大97售12,0,0,0,0,0,0,0,0,0,-5000,0,0,0,0,5000,-5000,-5000
059994,國巨元富99購01  ,0,0,0,0,0,0,0,0,0,-5000,0,0,0,0,5000,-5000,-5000
058411,技嘉兆豐99購01  ,0,0,0,0,0,0,0,0,0,-5000,0,0,0,0,5000,-5000,-5000
057331,台積電國票99購04,0,0,0,0,0,0,0,0,0,-5000,0,0,0,0,5000,-5000,-5000
057954,宏碁元大99購01  ,0,0,0,0,0,0,0,0,0,-5000,0,0,0,0,5000,-5000,-5000
057929,上銀群益98購02  ,0,0,0,0,0,0,0,0,0,-5000,0,0,0,0,5000,-5000,-5000
057919,技嘉凱基98購03  ,0,1000,-1000,0,0,0,0,0,0,-4000,0,0,0,40000,44000,-4000,-5000
056972,祥碩永豐98購02  ,0,0,0,0,0,0,0,0,0,-5000,0,0,0,10000,15000,-5000,-5000
057031,滬深反元大9B購02,0,0,0,0,0,0,0,0,0,-5000,0,0,0,0,5000,-5000,-5000
057279,國揚元大98購01  ,0,0,0,0,0,0,0,0,0,-5000,0,0,0,6000,11000,-5000,-5000
057141,嘉聯益兆豐99購01,0,0,0,0,0,0,0,0,0,-5000,0,0,0,0,5000,-5000,-5000
3021,鴻名            ,0,4000,-4000,0,0,0,0,0,0,-1000,0,1000,-1000,0,0,0,-5000
2425,承啟            ,96000,102000,-6000,0,0,0,0,0,0,1000,3000,2000,1000,0,0,0,-5000
2540,愛山林          ,9000,14000,-5000,0,0,0,0,0,0,0,0,0,0,0,0,0,-5000
3229,晟鈦            ,0,5000,-5000,0,0,0,0,0,0,0,0,0,0,0,0,0,-5000
3550,聯穎            ,0,4000,-4000,0,0,0,0,0,0,-1000,0,1000,-1000,0,0,0,-5000
6201,亞弘電          ,0,8000,-8000,0,0,0,0,0,0,3000,4000,1000,3000,0,0,0,-5000
6405,悅城            ,0,4000,-4000,0,0,0,0,0,0,-1000,0,1000,-1000,0,0,0,-5000
9906,欣巴巴          ,0,5000,-5000,0,0,0,0,0,0,0,0,0,0,0,0,0,-5000
07703P,玉晶光中信9B售03,0,0,0,0,0,0,0,0,0,-5000,0,0,0,0,5000,-5000,-5000
07698P,臺股指元大9A售51,0,0,0,0,0,0,0,0,0,-5000,0,0,0,5000,10000,-5000,-5000
07494P,葡萄王元大9A售03,0,0,0,0,0,0,0,0,0,-5000,0,0,0,0,5000,-5000,-5000
07564P,臺股指中信01售01,0,0,0,0,0,0,0,0,0,-5000,0,0,0,0,5000,-5000,-5000
07600P,台灣50凱基04售06,0,0,0,0,0,0,0,0,0,-5000,0,0,0,0,5000,-5000,-5000
07033P,大立光統一9B售03,0,0,0,0,0,0,0,0,0,-5000,0,0,0,20000,25000,-5000,-5000
06967P,台郡台新99售02  ,0,0,0,0,0,0,0,0,0,-5000,0,0,0,0,5000,-5000,-5000
1324,地球            ,0,5000,-5000,0,0,0,0,0,0,0,0,0,0,0,0,0,-5000
1233,天仁            ,0,5000,-5000,0,0,0,0,0,0,0,0,0,0,0,0,0,-5000
08107P,聯發科統一9B售10,0,0,0,0,0,0,0,0,0,-5000,0,0,0,0,5000,-5000,-5000
1776,展宇            ,0,5000,-5000,0,0,0,0,0,0,0,0,0,0,0,0,0,-5000
07756P,台灣50國票04售01,0,0,0,0,0,0,0,0,0,-5000,0,0,0,0,5000,-5000,-5000
07906P,中租群益9B售02  ,0,0,0,0,0,0,0,0,0,-5000,0,0,0,9000,14000,-5000,-5000
061987,大立光元大9B購03,0,0,0,0,0,0,0,0,0,-6000,0,0,0,0,6000,-6000,-6000
061336,國巨元大9A購20  ,0,0,0,0,0,0,0,0,0,-6000,0,0,0,0,6000,-6000,-6000
061556,台積電國票9A購08,0,0,0,0,0,0,0,0,0,-6000,0,0,0,9000,15000,-6000,-6000
060963,禾伸堂凱基9A購01,0,0,0,0,0,0,0,0,0,-6000,0,0,0,30000,36000,-6000,-6000
061041,南電永豐9A購03  ,0,0,0,0,0,0,0,0,0,-6000,0,0,0,0,6000,-6000,-6000
06113P,台積電群益97售01,0,0,0,0,0,0,0,0,0,-6000,0,0,0,0,6000,-6000,-6000
060663,聯發科凱基9A購13,0,0,0,0,0,0,0,0,0,-6000,0,0,0,0,6000,-6000,-6000
063155,緯穎元富9B購03  ,0,0,0,0,0,0,0,0,0,-6000,0,0,0,0,6000,-6000,-6000
06706P,智原台新98售02  ,0,0,0,0,0,0,0,0,0,-6000,0,0,0,0,6000,-6000,-6000
06703P,新日興元富98售02,0,0,0,0,0,0,0,0,0,-6000,0,0,0,0,6000,-6000,-6000
063028,巨大元大9B購02  ,0,0,0,0,0,0,0,0,0,-6000,0,0,0,6000,12000,-6000,-6000
06237P,台積電元大97售26,0,0,0,0,0,0,0,0,0,-6000,0,0,0,0,6000,-6000,-6000
062295,康友永豐9B購01  ,0,0,0,0,0,0,0,0,0,-6000,0,0,0,154000,160000,-6000,-6000
062203,燿華國票9C購01  ,0,0,0,0,0,0,0,0,0,-6000,0,0,0,56000,62000,-6000,-6000
062187,台勝科元大9B購02,0,0,0,0,0,0,0,0,0,-6000,0,0,0,0,6000,-6000,-6000
042168,台灣50凱基96購01,0,0,0,0,0,0,0,0,0,-6000,0,0,0,200000,206000,-6000,-6000
046476,鴻海統一96購01  ,0,0,0,0,0,0,0,0,0,-6000,0,0,0,0,6000,-6000,-6000
03677C,臺股指元大05牛02,0,0,0,0,0,0,0,0,0,-6000,0,0,0,2000,8000,-6000,-6000
00645,富邦日本        ,0,0,0,0,0,0,0,0,0,-6000,0,0,0,60000,66000,-6000,-6000
0054,元大台商50      ,0,0,0,0,0,0,0,0,0,-6000,0,0,0,4000,10000,-6000,-6000
049485,台積電元大96購03,0,0,0,0,0,0,0,0,0,-6000,0,0,0,30000,36000,-6000,-6000
048652,巨大元大96購01  ,0,0,0,0,0,0,0,0,0,-6000,0,0,0,4000,10000,-6000,-6000
053527,創意中信97購01  ,0,0,0,0,0,0,0,0,0,-6000,0,0,0,0,6000,-6000,-6000
053950,緯穎富邦97購02  ,0,0,0,0,0,0,0,0,0,-6000,0,0,0,0,6000,-6000,-6000
054188,欣興永豐96購03  ,0,0,0,0,0,0,0,0,0,-6000,0,0,0,60000,66000,-6000,-6000
052993,欣興台新97購01  ,0,0,0,0,0,0,0,0,0,-6000,0,0,0,0,6000,-6000,-6000
052766,玉晶光群益9A購01,0,0,0,0,0,0,0,0,0,-6000,0,0,0,20000,26000,-6000,-6000
052700,奇鋐國票97購02  ,0,0,0,0,0,0,0,0,0,-6000,0,0,0,282000,288000,-6000,-6000
055479,GIS凱基97購04   ,0,0,0,0,0,0,0,0,0,-6000,0,0,0,0,6000,-6000,-6000
054390,智邦元富96購03  ,0,0,0,0,0,0,0,0,0,-6000,0,0,0,0,6000,-6000,-6000
054356,可成兆豐97購01  ,0,0,0,0,0,0,0,0,0,-6000,0,0,0,0,6000,-6000,-6000
054554,大立光凱基98購02,0,0,0,0,0,0,0,0,0,-6000,0,0,0,20000,26000,-6000,-6000
055206,台虹中信97購01  ,0,0,0,0,0,0,0,0,0,-6000,0,0,0,0,6000,-6000,-6000
059493,國巨國票9B購01  ,0,0,0,0,0,0,0,0,0,-6000,0,0,0,1000,7000,-6000,-6000
059490,國巨國票99購09  ,0,0,0,0,0,0,0,0,0,-6000,0,0,0,0,6000,-6000,-6000
05931P,鴻海凱基96售15  ,0,0,0,0,0,0,0,0,0,-6000,0,0,0,0,6000,-6000,-6000
058446,新光金富邦9C購01,0,0,0,0,0,0,0,0,0,-6000,0,0,0,5000,11000,-6000,-6000
058249,緯穎元大99購04  ,0,0,0,0,0,0,0,0,0,-6000,0,0,0,0,6000,-6000,-6000
059836,大立光國泰9B購02,0,0,0,0,0,0,0,0,0,-6000,0,0,0,0,6000,-6000,-6000
060240,富邦金元大9A購01,0,0,0,0,0,0,0,0,0,-6000,0,0,0,64000,70000,-6000,-6000
056910,超眾元大99購02  ,0,0,0,0,0,0,0,0,0,-6000,0,0,0,0,6000,-6000,-6000
060198,祥碩元富9A購02  ,0,0,0,0,0,0,0,0,0,-6000,0,0,0,0,6000,-6000,-6000
057752,臺股指國票98購08,0,0,0,0,0,0,0,0,0,-6000,0,0,0,125000,131000,-6000,-6000
058191,祥碩永豐99購01  ,0,0,0,0,0,0,0,0,0,-6000,0,0,0,0,6000,-6000,-6000
058876,南電國票9A購02  ,0,0,0,0,0,0,0,0,0,-6000,0,0,0,1000,7000,-6000,-6000
08075P,聯電群益9C售01  ,0,0,0,0,0,0,0,0,0,-6000,0,0,0,0,6000,-6000,-6000
08011P,玉晶光元大9B售05,0,0,0,0,0,0,0,0,0,-6000,0,0,0,0,6000,-6000,-6000
07857P,國巨永豐9A售05  ,0,0,0,0,0,0,0,0,0,-6000,0,0,0,0,6000,-6000,-6000
1583,程泰            ,0,6000,-6000,0,0,0,0,0,0,0,0,0,0,0,0,0,-6000
08674P,嘉晶元富07售02  ,0,0,0,0,0,0,0,0,0,-6000,0,0,0,0,6000,-6000,-6000
08095P,大立光元富9B售03,0,0,0,0,0,0,0,0,0,-6000,0,0,0,0,6000,-6000,-6000
08093P,英業達元富9B售02,0,0,0,0,0,0,0,0,0,-6000,0,0,0,0,6000,-6000,-6000
1456,怡華            ,1000,7000,-6000,0,0,0,0,0,0,0,0,0,0,0,0,0,-6000
1530,亞崴            ,0,6000,-6000,0,0,0,0,0,0,0,0,0,0,0,0,0,-6000
06922P,元上證群益9C售01,0,0,0,0,0,0,0,0,0,-6000,0,0,0,0,6000,-6000,-6000
07056P,臺股指麥證99售02,0,0,0,2000,8000,-6000,0,0,0,-6000,0,0,0,2000,8000,-6000,-6000
07525P,臺股指中信9B售07,0,0,0,0,0,0,0,0,0,-6000,0,0,0,0,6000,-6000,-6000
8499,鼎炫-KY         ,4000,10000,-6000,0,0,0,0,0,0,0,0,0,0,0,0,0,-6000
8201,無敵            ,0,5000,-5000,0,0,0,0,0,0,-1000,2000,3000,-1000,0,0,0,-6000
9931,欣高            ,0,6000,-6000,0,0,0,0,0,0,0,0,0,0,0,0,0,-6000
6464,台數科          ,0,6000,-6000,0,0,0,0,0,0,0,0,0,0,0,0,0,-6000
3528,安馳            ,0,6000,-6000,0,0,0,0,0,0,0,0,0,0,0,0,0,-6000
3164,景岳            ,6000,12000,-6000,0,0,0,0,0,0,0,0,0,0,0,0,0,-6000
3167,大量            ,0,8000,-8000,0,0,0,0,0,0,2000,2000,0,2000,0,0,0,-6000
3494,誠研            ,22000,28000,-6000,0,0,0,0,0,0,0,0,0,0,0,0,0,-6000
2630,亞航            ,0,6000,-6000,0,0,0,0,0,0,0,0,0,0,0,0,0,-6000
062283,玉晶光群益01購01,0,0,0,0,0,0,0,0,0,-7000,0,0,0,1000,8000,-7000,-7000
062317,祥碩凱基9B購03  ,0,0,0,0,0,0,0,0,0,-7000,0,0,0,0,7000,-7000,-7000
063016,微星元大9C購02  ,0,0,0,0,0,0,0,0,0,-7000,0,0,0,0,7000,-7000,-7000
06273P,台表科凱基97售04,0,0,0,0,0,0,0,0,0,-7000,0,0,0,0,7000,-7000,-7000
062801,宏達電統一01購01,0,0,0,0,0,0,0,0,0,-7000,0,0,0,43000,50000,-7000,-7000
06637P,大立光凱基98售15,0,0,0,0,0,0,0,0,0,-7000,0,0,0,50000,57000,-7000,-7000
06412P,南亞科日盛97售01,0,0,0,0,0,0,0,0,0,-7000,0,0,0,0,7000,-7000,-7000
06413P,聯發科凱基97售11,0,0,0,0,0,0,0,0,0,-7000,0,0,0,0,7000,-7000,-7000
060775,世芯凱基9A購02  ,0,0,0,0,0,0,0,0,0,-7000,0,0,0,13000,20000,-7000,-7000
060930,超眾永豐9A購03  ,0,0,0,0,0,0,0,0,0,-7000,0,0,0,3000,10000,-7000,-7000
061289,玉晶光統一01購03,0,0,0,0,0,0,0,0,0,-7000,0,0,0,16000,23000,-7000,-7000
061301,華新科永豐9A購03,0,0,0,0,0,0,0,0,0,-7000,0,0,0,21000,28000,-7000,-7000
061087,國巨統一01購04  ,0,0,0,0,0,0,0,0,0,-7000,0,0,0,197000,204000,-7000,-7000
061543,南亞科群益9A購01,0,0,0,0,0,0,0,0,0,-7000,0,0,0,91000,98000,-7000,-7000
061446,鴻海中信04購01  ,0,0,0,0,0,0,0,0,0,-7000,0,0,0,64000,71000,-7000,-7000
061912,台積電中信05購05,0,0,0,0,0,0,0,0,0,-7000,0,0,0,9000,16000,-7000,-7000
05935P,台積電凱基96售19,0,0,0,0,0,0,0,0,0,-7000,0,0,0,0,7000,-7000,-7000
059263,瑞昱中信01購01  ,0,0,0,0,0,0,0,0,0,-7000,0,0,0,25000,32000,-7000,-7000
056335,微星凱基98購01  ,0,0,0,0,0,0,0,0,0,-7000,0,0,0,28000,35000,-7000,-7000
054811,裕隆元大9A購01  ,0,0,0,0,0,0,0,0,0,-7000,0,0,0,1000,8000,-7000,-7000
053621,臺股指群益96購07,0,0,0,0,0,0,0,0,0,-7000,0,0,0,0,7000,-7000,-7000
053865,欣興元大97購02  ,0,0,0,0,0,0,0,0,0,-7000,0,0,0,13000,20000,-7000,-7000
049636,上証反凱基9A購01,0,0,0,0,0,0,0,0,0,-7000,0,0,0,0,7000,-7000,-7000
03681C,台灣50凱基02牛02,0,0,0,0,0,0,0,0,0,-7000,0,0,0,0,7000,-7000,-7000
058499,滬深2X元大9C購01,0,0,0,0,0,0,0,0,0,-7000,0,0,0,0,7000,-7000,-7000
058933,FBVIX台新9B購01 ,0,0,0,0,0,0,0,0,0,-7000,0,0,0,0,7000,-7000,-7000
056893,智邦元大98購02  ,0,0,0,0,0,0,0,0,0,-7000,0,0,0,5000,12000,-7000,-7000
060344,聯發科統一01購01,0,0,0,0,0,0,0,0,0,-7000,0,0,0,4000,11000,-7000,-7000
060520,臺指2X中信01購02,0,0,0,0,0,0,0,0,0,-7000,0,0,0,0,7000,-7000,-7000
060584,玉晶光元富9A購01,0,0,0,0,0,0,0,0,0,-7000,0,0,0,2000,9000,-7000,-7000
059847,喬山永豐99購01  ,0,0,0,0,0,0,0,0,0,-7000,0,0,0,0,7000,-7000,-7000
058218,緯穎群益99購01  ,0,0,0,0,0,0,0,0,0,-7000,0,0,0,4000,11000,-7000,-7000
057048,新日興元大98購01,0,0,0,0,0,0,0,0,0,-7000,0,0,0,61000,68000,-7000,-7000
2491,吉祥全          ,0,7000,-7000,0,0,0,0,0,0,0,0,0,0,0,0,0,-7000
2414,精技            ,15000,22000,-7000,0,0,0,0,0,0,0,0,0,0,0,0,0,-7000
3593,力銘            ,0,7000,-7000,0,0,0,0,0,0,0,0,0,0,0,0,0,-7000
6142,友勁            ,0,46000,-46000,0,0,0,0,0,0,39000,42000,3000,39000,0,0,0,-7000
07283P,華新科凱基99售07,0,0,0,0,0,0,0,0,0,-7000,0,0,0,0,7000,-7000,-7000
07410P,鴻海元大99售44  ,0,0,0,0,0,0,0,0,0,-7000,0,0,0,70000,77000,-7000,-7000
06972P,聯發科元大99售04,0,0,0,0,0,0,0,0,0,-7000,0,0,0,69000,76000,-7000,-7000
06981P,台灣50麥證99售02,0,0,0,0,7000,-7000,0,0,0,-7000,0,0,0,0,7000,-7000,-7000
1468,昶和            ,0,7000,-7000,0,0,0,0,0,0,0,0,0,0,0,0,0,-7000
1236,宏亞            ,0,7000,-7000,0,0,0,0,0,0,0,0,0,0,0,0,0,-7000
2033,佳大            ,0,7000,-7000,0,0,0,0,0,0,0,0,0,0,0,0,0,-7000
2115,六暉-KY         ,0,7000,-7000,0,0,0,0,0,0,0,0,0,0,0,0,0,-7000
07803P,南亞科永豐9A售02,0,0,0,0,0,0,0,0,0,-7000,0,0,0,0,7000,-7000,-7000
06188P,大立光元富97售01,0,0,0,0,0,0,0,0,0,-8000,0,0,0,177000,185000,-8000,-8000
061345,玉晶光元大9A購14,0,0,0,0,0,0,0,0,0,-8000,0,0,0,0,8000,-8000,-8000
061628,緯穎群益9A購04  ,0,0,0,0,0,0,0,0,0,-8000,0,0,0,4000,12000,-8000,-8000
061251,臺股指群益9A購02,0,0,0,0,0,0,0,0,0,-8000,0,0,0,2000,10000,-8000,-8000
060619,玉晶光元大9A購03,0,0,0,0,0,0,0,0,0,-8000,0,0,0,1000,9000,-8000,-8000
063125,華擎元大9C購02  ,0,0,0,0,0,0,0,0,0,-8000,0,0,0,0,8000,-8000,-8000
06485P,玉晶光群益9A售02,0,0,0,0,0,0,0,0,0,-8000,0,0,0,0,8000,-8000,-8000
06467P,旺宏統一98售01  ,0,0,0,0,0,0,0,0,0,-8000,0,0,0,107000,115000,-8000,-8000
062991,台光電群益9B購03,0,0,0,0,0,0,0,0,0,-8000,0,0,0,106000,114000,-8000,-8000
062299,台積電第一9B購01,0,0,0,0,0,0,0,0,0,-8000,0,0,0,0,8000,-8000,-8000
062219,燿華統一9B購01  ,0,0,0,0,0,0,0,0,0,-8000,0,0,0,25000,33000,-8000,-8000
06248P,國巨統一97售07  ,0,0,0,0,0,0,0,0,0,-8000,0,0,0,2000,10000,-8000,-8000
062470,智邦凱基9C購01  ,0,0,0,0,0,0,0,0,0,-8000,0,0,0,10000,18000,-8000,-8000
03012X,元展12          ,0,0,0,0,0,0,0,0,0,-8000,0,0,0,0,8000,-8000,-8000
03422B,臺股指凱基96熊28,0,0,0,0,0,0,0,0,0,-8000,0,0,0,2000,10000,-8000,-8000
051907,台積電元大97購05,0,0,0,0,0,0,0,0,0,-8000,0,0,0,0,8000,-8000,-8000
055183,聯鈞統一97購01  ,0,0,0,0,0,0,0,0,0,-8000,0,0,0,50000,58000,-8000,-8000
056557,世紀鋼凱基98購02,0,0,0,0,0,0,0,0,0,-8000,0,0,0,0,8000,-8000,-8000
054416,禾伸堂元大97購01,0,0,0,0,0,0,0,0,0,-8000,0,0,0,0,8000,-8000,-8000
057076,緯穎永豐98購01  ,0,0,0,0,0,0,0,0,0,-8000,0,0,0,0,8000,-8000,-8000
05842P,台積電元大96售15,0,0,0,0,0,0,0,0,0,-8000,0,0,0,0,8000,-8000,-8000
060361,南亞科元富9A購03,0,0,0,0,0,0,0,0,0,-8000,0,0,0,190000,198000,-8000,-8000
060149,元金2X富邦04購01,0,0,0,0,0,0,0,0,0,-8000,0,0,0,2000,10000,-8000,-8000
057635,中鋼元大98購01  ,0,0,0,0,0,0,0,0,0,-8000,0,0,0,0,8000,-8000,-8000
058617,南電元大99購01  ,0,0,0,0,0,0,0,0,0,-8000,0,0,0,3000,11000,-8000,-8000
059087,台積電元大99購26,0,0,0,0,0,0,0,0,0,-8000,0,0,0,11000,19000,-8000,-8000
05873P,華通群益97售02  ,0,0,0,0,0,0,0,0,0,-8000,0,0,0,0,8000,-8000,-8000
058727,嘉晶富邦9A購01  ,0,0,0,0,0,0,0,0,0,-8000,0,0,0,187000,195000,-8000,-8000
07945P,上銀國票9B售02  ,0,0,0,0,0,0,0,0,0,-8000,0,0,0,10000,18000,-8000,-8000
07981P,上銀群益9B售04  ,0,0,0,0,0,0,0,0,0,-8000,0,0,0,10000,18000,-8000,-8000
1256,鮮活果汁-KY     ,0,8000,-8000,0,0,0,0,0,0,0,0,0,0,0,0,0,-8000
1521,大億            ,0,8000,-8000,0,0,0,0,0,0,0,0,0,0,0,0,0,-8000
1541,錩泰            ,0,15000,-15000,0,0,0,0,0,0,7000,7000,0,7000,0,0,0,-8000
1465,偉全            ,0,8000,-8000,0,0,0,0,0,0,0,0,0,0,0,0,0,-8000
1453,大將            ,0,8000,-8000,0,0,0,0,0,0,0,0,0,0,0,0,0,-8000
06900P,FBVIX國票12售01 ,0,0,0,0,0,0,0,0,0,-8000,0,0,0,92000,100000,-8000,-8000
06787P,臺股指元大98售04,0,0,0,0,0,0,0,0,0,-8000,0,0,0,0,8000,-8000,-8000
07061P,台積電元大99售14,0,0,0,0,0,0,0,0,0,-8000,0,0,0,0,8000,-8000,-8000
07373P,A50正2元大99售01,0,0,0,0,0,0,0,0,0,-8000,0,0,0,2000,10000,-8000,-8000
07292P,臺股指凱基99售44,0,0,0,0,0,0,0,0,0,-8000,0,0,0,138000,146000,-8000,-8000
07520P,臺股指元大9B售11,0,0,0,0,0,0,0,0,0,-8000,0,0,0,17000,25000,-8000,-8000
07530P,聯發科凱基9A售11,0,0,0,0,0,0,0,0,0,-8000,0,0,0,50000,58000,-8000,-8000
07559P,祥碩元大9A售03  ,0,0,0,0,0,0,0,0,0,-8000,0,0,0,84000,92000,-8000,-8000
07692P,玉晶光元大9A售11,0,0,0,0,0,0,0,0,0,-8000,0,0,0,0,8000,-8000,-8000
07655P,台灣50凱基01售09,0,0,0,0,0,0,0,0,0,-8000,0,0,0,2000,10000,-8000,-8000
6215,和椿            ,2000,9000,-7000,0,0,0,0,0,0,-1000,0,1000,-1000,0,0,0,-8000
4560,強信-KY         ,113000,121000,-8000,0,0,0,0,0,0,0,0,0,0,0,0,0,-8000
4912,聯德控股-KY     ,0,8000,-8000,0,0,0,0,0,0,0,0,0,0,0,0,0,-8000
2358,廷鑫            ,0,8000,-8000,0,0,0,0,0,0,0,0,0,0,0,0,0,-8000
2497,怡利電          ,1000,9000,-8000,0,0,0,0,0,0,0,0,0,0,0,0,0,-8000
2465,麗臺            ,0,8000,-8000,0,0,0,0,0,0,0,0,0,0,0,0,0,-8000
2613,中櫃            ,0,8000,-8000,0,0,0,0,0,0,0,0,0,0,0,0,0,-8000
2887F,台新戊特二      ,0,0,0,0,0,0,0,0,0,-8000,0,8000,-8000,0,0,0,-8000
9929,秋雨            ,0,8000,-8000,0,0,0,0,0,0,0,0,0,0,0,0,0,-8000
9946,三發地產        ,6000,14000,-8000,0,0,0,0,0,0,0,0,0,0,0,0,0,-8000
8033,雷虎            ,14000,22000,-8000,0,0,0,0,0,0,0,0,0,0,0,0,0,-8000
06236P,台積電元大97售25,0,0,0,0,0,0,0,0,0,-9000,0,0,0,0,9000,-9000,-9000
062259,可成元大9B購03  ,0,0,0,0,0,0,0,0,0,-9000,0,0,0,11000,20000,-9000,-9000
062290,聯發科富邦9C購04,0,0,0,0,0,0,0,0,0,-9000,0,0,0,36000,45000,-9000,-9000
062996,致茂國票9C購01  ,0,0,0,0,0,0,0,0,0,-9000,0,0,0,5000,14000,-9000,-9000
063003,滬深2X元大9B購06,0,0,0,0,0,0,0,0,0,-9000,0,0,0,0,9000,-9000,-9000
062926,嘉澤國票9B購01  ,0,0,0,0,0,0,0,0,0,-9000,0,0,0,3000,12000,-9000,-9000
062789,臺股指元大9B購32,0,0,0,0,0,0,0,0,0,-9000,0,0,0,0,9000,-9000,-9000
06457P,玉晶光統一98售02,0,0,0,0,0,0,0,0,0,-9000,0,0,0,49000,58000,-9000,-9000
06588P,台積電元大98售11,0,0,0,0,0,0,0,0,0,-9000,0,0,0,0,9000,-9000,-9000
06609P,元油2X凱基9B售06,0,0,0,0,0,0,0,0,0,-9000,0,0,0,0,9000,-9000,-9000
06739P,聯詠兆豐98售02  ,0,0,0,0,0,0,0,0,0,-9000,0,0,0,1000,10000,-9000,-9000
060760,南亞科元大9A購04,0,0,0,0,0,0,0,0,0,-9000,0,0,0,10000,19000,-9000,-9000
061605,華新科凱基9A購14,0,0,0,0,0,0,0,0,0,-9000,0,0,0,5000,14000,-9000,-9000
06148P,台積電元大97售17,0,0,0,0,0,0,0,0,0,-9000,0,0,0,1000,10000,-9000,-9000
061507,南電國票9A購05  ,0,0,0,0,0,0,0,0,0,-9000,0,0,0,7000,16000,-9000,-9000
061313,滬深2X凱基9B購05,0,0,0,0,0,0,0,0,0,-9000,0,0,0,0,9000,-9000,-9000
061852,大立光國票9B購02,0,0,0,0,0,0,0,0,0,-9000,0,0,0,0,9000,-9000,-9000
054421,臺股指元大99購03,0,0,0,0,0,0,0,0,0,-9000,0,0,0,0,9000,-9000,-9000
056610,鴻海永豐98購01  ,0,0,0,0,0,0,0,0,0,-9000,0,0,0,31000,40000,-9000,-9000
054925,神達凱基97購01  ,0,0,0,0,0,0,0,0,0,-9000,0,0,0,56000,65000,-9000,-9000
059275,可成元大99購05  ,0,0,0,0,0,0,0,0,0,-9000,0,0,0,10000,19000,-9000,-9000
059510,華新科永豐99購07,0,0,0,0,0,0,0,0,0,-9000,0,0,0,1000,10000,-9000,-9000
052045,瑞昱凱基96購01  ,0,0,0,0,0,0,0,0,0,-9000,0,0,0,4000,13000,-9000,-9000
054080,微星中信98購01  ,0,0,0,0,0,0,0,0,0,-9000,0,0,0,11000,20000,-9000,-9000
051281,健策兆豐96購01  ,0,0,0,0,0,0,0,0,0,-9000,0,0,0,1000,10000,-9000,-9000
048651,美利達元大96購05,0,0,0,0,0,0,0,0,0,-9000,0,0,0,11000,20000,-9000,-9000
05102P,臺股指凱基96售09,0,0,0,0,0,0,0,0,0,-9000,0,0,0,1000,10000,-9000,-9000
05088P,大立光富邦99售01,0,0,0,0,0,0,0,0,0,-9000,0,0,0,4000,13000,-9000,-9000
006203,元大MSCI台灣    ,1000,1000,0,0,0,0,0,0,0,-9000,0,0,0,3000,12000,-9000,-9000
058719,智邦元富99購01  ,0,0,0,0,0,0,0,0,0,-9000,0,0,0,3000,12000,-9000,-9000
058835,元油2X中信9C購02,0,0,0,0,0,0,0,0,0,-9000,0,0,0,0,9000,-9000,-9000
059064,緯穎凱基99購02  ,0,0,0,0,0,0,0,0,0,-9000,0,0,0,37000,46000,-9000,-9000
058899,旺宏元大99購10  ,0,0,0,0,0,0,0,0,0,-9000,0,0,0,5000,14000,-9000,-9000
060342,台積電統一02購01,0,0,0,0,0,0,0,0,0,-9000,0,0,0,1000,10000,-9000,-9000
060536,祥碩麥證9A購01  ,0,0,0,12000,21000,-9000,0,0,0,-9000,0,0,0,12000,21000,-9000,-9000
060459,鴻海元大9A購07  ,0,0,0,0,0,0,0,0,0,-9000,0,0,0,0,9000,-9000,-9000
057299,立積永豐98購02  ,0,0,0,0,0,0,0,0,0,-9000,0,0,0,28000,37000,-9000,-9000
057963,緯穎元大98購08  ,0,0,0,0,0,0,0,0,0,-9000,0,0,0,0,9000,-9000,-9000
057260,微星兆豐98購01  ,0,0,0,0,0,0,0,0,0,-9000,0,0,0,23000,32000,-9000,-9000
05830P,滬深2X元富99售03,0,0,0,0,0,0,0,0,0,-9000,0,0,0,25000,34000,-9000,-9000
057413,臺股指群益9C購04,0,0,0,0,0,0,0,0,0,-9000,0,0,0,36000,45000,-9000,-9000
059588,鴻海元大99購32  ,0,0,0,0,0,0,0,0,0,-9000,0,0,0,2000,11000,-9000,-9000
3054,立萬利          ,0,9000,-9000,0,0,0,0,0,0,0,0,0,0,0,0,0,-9000
2468,華經            ,0,9000,-9000,0,0,0,0,0,0,0,0,0,0,0,0,0,-9000
2440,太空梭          ,2000,10000,-8000,0,0,0,0,0,0,-1000,0,1000,-1000,0,0,0,-9000
3701,大眾控          ,3000,12000,-9000,0,0,0,0,0,0,0,0,0,0,0,0,0,-9000
6192,巨路            ,31000,39000,-8000,0,0,0,0,0,0,-1000,0,1000,-1000,0,0,0,-9000
6671,三能-KY         ,0,9000,-9000,0,0,0,0,0,0,0,0,0,0,0,0,0,-9000
07094P,華通國票9A售03  ,0,0,0,0,0,0,0,0,0,-9000,0,0,0,21000,30000,-9000,-9000
07006P,旺宏統一9B售03  ,0,0,0,0,0,0,0,0,0,-9000,0,0,0,5000,14000,-9000,-9000
07974P,上証2X元大9B售02,0,0,0,0,0,0,0,0,0,-9000,0,0,0,3000,12000,-9000,-9000
07765P,台積電群益9A售06,0,0,0,0,0,0,0,0,0,-9000,0,0,0,47000,56000,-9000,-9000
07724P,臺股指凱基9A售16,0,0,0,0,0,0,0,0,0,-9000,0,0,0,0,9000,-9000,-9000
061833,華新科凱基02購01,0,0,0,0,0,0,0,0,0,-10000,0,0,0,0,10000,-10000,-10000
061839,華新科凱基05購04,0,0,0,0,0,0,0,0,0,-10000,0,0,0,0,10000,-10000,-10000
061670,台灣50元大9A購20,0,0,0,0,0,0,0,0,0,-10000,0,0,0,0,10000,-10000,-10000
061733,聯發科中信01購01,0,0,0,0,0,0,0,0,0,-10000,0,0,0,0,10000,-10000,-10000
061806,元黃金統一9B購01,0,0,0,0,0,0,0,0,0,-10000,0,0,0,0,10000,-10000,-10000
06133P,帆宣元富97售02  ,0,0,0,0,0,0,0,0,0,-10000,0,0,0,0,10000,-10000,-10000
061387,鴻海群益9A購05  ,0,0,0,0,0,0,0,0,0,-10000,0,0,0,1000,11000,-10000,-10000
061400,可成兆豐9B購02  ,0,0,0,0,0,0,0,0,0,-10000,0,0,0,0,10000,-10000,-10000
061396,台灣50台新9C購03,0,0,0,0,0,0,0,0,0,-10000,0,0,0,0,10000,-10000,-10000
061564,華擎國票9A購02  ,0,0,0,0,0,0,0,0,0,-10000,0,0,0,0,10000,-10000,-10000
060730,台積電群益9A購03,0,0,0,0,0,0,0,0,0,-10000,0,0,0,2000,12000,-10000,-10000
060625,華擎元大9A購01  ,0,0,0,0,0,0,0,0,0,-10000,0,0,0,68000,78000,-10000,-10000
060947,台積電統一9C購03,0,0,0,0,0,0,0,0,0,-10000,0,0,0,1000,11000,-10000,-10000
060891,世芯統一9A購01  ,0,0,0,0,0,0,0,0,0,-10000,0,0,0,0,10000,-10000,-10000
060895,華新科凱基9B購05,0,0,0,0,0,0,0,0,0,-10000,0,0,0,0,10000,-10000,-10000
060887,台積電統一01購01,0,0,0,0,0,0,0,0,0,-10000,0,0,0,2000,12000,-10000,-10000
060839,聯發科國票9A購02,0,0,0,0,0,0,0,0,0,-10000,0,0,0,0,10000,-10000,-10000
060843,大立光國票9A購06,0,0,0,0,0,0,0,0,0,-10000,0,0,0,0,10000,-10000,-10000
060835,亞德客國票9A購01,0,0,0,0,0,0,0,0,0,-10000,0,0,0,73000,83000,-10000,-10000
061148,道瓊反群益9A購02,0,0,0,0,0,0,0,0,0,-10000,0,0,0,0,10000,-10000,-10000
061177,大立光凱基9A購10,0,0,0,0,0,0,0,0,0,-10000,0,0,0,0,10000,-10000,-10000
061053,國巨群益9A購08  ,0,0,0,0,0,0,0,0,0,-10000,0,0,0,5000,15000,-10000,-10000
061051,臺股指中信9A購06,0,0,0,0,0,0,0,0,0,-10000,0,0,0,0,10000,-10000,-10000
061104,華新科元大9A購13,0,0,0,0,0,0,0,0,0,-10000,0,0,0,0,10000,-10000,-10000
06720P,智邦亞東99售01  ,0,0,0,0,0,0,0,0,0,-10000,0,0,0,0,10000,-10000,-10000
06482P,台積電凱基98售13,0,0,0,0,0,0,0,0,0,-10000,0,0,0,0,10000,-10000,-10000
06568P,國巨永豐98售05  ,0,0,0,0,0,0,0,0,0,-10000,0,0,0,20000,30000,-10000,-10000
063140,聯發科統一9B購08,0,0,0,0,0,0,0,0,0,-10000,0,0,0,0,10000,-10000,-10000
06327P,台積電中信01售01,0,0,0,0,0,0,0,0,0,-10000,0,0,0,10000,20000,-10000,-10000
063162,國喬永豐9B購01  ,0,0,0,0,0,0,0,0,0,-10000,0,0,0,0,10000,-10000,-10000
063164,聯發科永豐9B購03,0,0,0,0,0,0,0,0,0,-10000,0,0,0,0,10000,-10000,-10000
06365P,鴻海凱基97售09  ,0,0,0,0,0,0,0,0,0,-10000,0,0,0,0,10000,-10000,-10000
062820,禾伸堂兆豐9B購01,0,0,0,0,0,0,0,0,0,-10000,0,0,0,95000,105000,-10000,-10000
062694,遠東新元大9B購01,0,0,0,0,0,0,0,0,0,-10000,0,0,0,0,10000,-10000,-10000
062706,大立光元大9B購06,0,0,0,0,0,0,0,0,0,-10000,0,0,0,0,10000,-10000,-10000
062985,元金2X第一9B購02,0,0,0,0,0,0,0,0,0,-10000,0,0,0,0,10000,-10000,-10000
063011,台積電元大9C購01,0,0,0,0,0,0,0,0,0,-10000,0,0,0,2000,12000,-10000,-10000
063029,喬山凱基9B購01  ,0,0,0,0,0,0,0,0,0,-10000,0,0,0,0,10000,-10000,-10000
063067,緯穎麥證9B購01  ,0,0,0,0,10000,-10000,0,0,0,-10000,0,0,0,0,10000,-10000,-10000
062258,奇力新元大9B購03,0,0,0,0,0,0,0,0,0,-10000,0,0,0,0,10000,-10000,-10000
062091,世紀鋼元大9B購01,0,0,0,0,0,0,0,0,0,-10000,0,0,0,72000,82000,-10000,-10000
062105,國巨國票9C購03  ,0,0,0,0,0,0,0,0,0,-10000,0,0,0,0,10000,-10000,-10000
062081,華新科元大9B購06,0,0,0,0,0,0,0,0,0,-10000,0,0,0,0,10000,-10000,-10000
06244P,智易元富97售02  ,0,0,0,0,0,0,0,0,0,-10000,0,0,0,0,10000,-10000,-10000
062444,大立光元大9C購01,0,0,0,0,0,0,0,0,0,-10000,0,0,0,0,10000,-10000,-10000
062530,大立光統一01購03,0,0,0,0,0,0,0,0,0,-10000,0,0,0,0,10000,-10000,-10000
01002T,土銀國泰R1      ,0,10000,-10000,0,0,0,0,0,0,0,0,0,0,0,0,0,-10000
04454P,大立光富邦98售02,0,0,0,0,0,0,0,0,0,-10000,0,0,0,0,10000,-10000,-10000
045444,群創元富98購02  ,0,0,0,0,0,0,0,0,0,-10000,0,0,0,0,10000,-10000,-10000
050161,鴻海國泰96購03  ,0,0,0,0,0,0,0,0,0,-10000,0,0,0,190000,200000,-10000,-10000
050167,T50反1富邦96購01,0,0,0,0,0,0,0,0,0,-10000,0,0,0,0,10000,-10000,-10000
050334,鴻海國泰96購07  ,0,0,0,0,0,0,0,0,0,-10000,0,0,0,0,10000,-10000,-10000
050485,國巨統一96購01  ,0,0,0,0,0,0,0,0,0,-10000,0,0,0,20000,30000,-10000,-10000
051393,新光金兆豐96購01,0,0,0,0,0,0,0,0,0,-10000,0,0,0,0,10000,-10000,-10000
050590,晶技永豐95購01  ,0,0,0,0,0,0,0,0,0,-10000,0,0,0,0,10000,-10000,-10000
048509,上証反凱基99購02,0,0,0,0,0,0,0,0,0,-10000,0,0,0,0,10000,-10000,-10000
04865P,台積電亞東95售01,0,0,0,0,0,0,0,0,0,-10000,0,0,0,0,10000,-10000,-10000
04874P,高股息中信97售01,0,0,0,0,0,0,0,0,0,-10000,0,0,0,0,10000,-10000,-10000
048892,台郡元富97購01  ,0,0,0,0,0,0,0,0,0,-10000,0,0,0,0,10000,-10000,-10000
04881P,高股息凱基96售01,0,0,0,0,0,0,0,0,0,-10000,0,0,0,0,10000,-10000,-10000
048848,滬深2X群益98購02,0,0,0,0,0,0,0,0,0,-10000,0,0,0,0,10000,-10000,-10000
05124P,華新科富邦97售02,0,0,0,0,0,0,0,0,0,-10000,0,0,0,0,10000,-10000,-10000
053325,GIS群益96購02   ,0,0,0,0,0,0,0,0,0,-10000,0,0,0,0,10000,-10000,-10000
053285,臺股指元大96購08,0,0,0,0,0,0,0,0,0,-10000,0,0,0,0,10000,-10000,-10000
053205,台光電麥證96購01,0,0,0,0,10000,-10000,0,0,0,-10000,0,0,0,0,10000,-10000,-10000
053900,T50反1日盛99購01,0,0,0,0,0,0,0,0,0,-10000,0,0,0,0,10000,-10000,-10000
053677,同欣電國泰97購01,0,0,0,0,0,0,0,0,0,-10000,0,0,0,0,10000,-10000,-10000
053758,華新科國泰97購02,0,0,0,0,0,0,0,0,0,-10000,0,0,0,10000,20000,-10000,-10000
053705,滬深2X凱基99購01,0,0,0,0,0,0,0,0,0,-10000,0,0,0,0,10000,-10000,-10000
053628,微星兆豐96購01  ,0,0,0,0,0,0,0,0,0,-10000,0,0,0,0,10000,-10000,-10000
053609,華新中信9A購01  ,0,0,0,0,0,0,0,0,0,-10000,0,0,0,0,10000,-10000,-10000
053584,友達元大9B購02  ,0,0,0,0,0,0,0,0,0,-10000,0,0,0,0,10000,-10000,-10000
053587,京元電元大98購01,0,0,0,0,0,0,0,0,0,-10000,0,0,0,0,10000,-10000,-10000
053438,玉晶光麥證97購02,0,0,0,0,10000,-10000,0,0,0,-10000,0,0,0,0,10000,-10000,-10000
053488,中石化兆豐97購01,0,0,0,0,0,0,0,0,0,-10000,0,0,0,0,10000,-10000,-10000
053497,新光金兆豐97購01,0,0,0,0,0,0,0,0,0,-10000,0,0,0,0,10000,-10000,-10000
053490,為升兆豐97購01  ,0,0,0,0,0,0,0,0,0,-10000,0,0,0,0,10000,-10000,-10000
05411P,台積電國票96售08,0,0,0,0,0,0,0,0,0,-10000,0,0,0,0,10000,-10000,-10000
053951,T50反1台新06購02,0,0,0,0,0,0,0,0,0,-10000,0,0,0,170000,180000,-10000,-10000
053082,聯電元大98購03  ,0,0,0,0,0,0,0,0,0,-10000,0,0,0,0,10000,-10000,-10000
053115,滬深2X中信97購01,0,0,0,0,0,0,0,0,0,-10000,0,0,0,0,10000,-10000,-10000
053074,嘉晶永豐96購02  ,0,0,0,0,0,0,0,0,0,-10000,0,0,0,11000,21000,-10000,-10000
053153,大立光元大99購02,0,0,0,0,0,0,0,0,0,-10000,0,0,0,0,10000,-10000,-10000
051591,玉晶光元大97購01,0,0,0,0,0,0,0,0,0,-10000,0,0,0,0,10000,-10000,-10000
051919,台郡元大96購02  ,0,0,0,0,0,0,0,0,0,-10000,0,0,0,10000,20000,-10000,-10000
051736,旺宏國票96購01  ,0,0,0,0,0,0,0,0,0,-10000,0,0,0,14000,24000,-10000,-10000
052418,玉晶光兆豐96購01,0,0,0,0,0,0,0,0,0,-10000,0,0,0,0,10000,-10000,-10000
054352,世芯國泰98購01  ,0,0,0,0,0,0,0,0,0,-10000,0,0,0,0,10000,-10000,-10000
054163,燿華凱基97購02  ,0,0,0,0,0,0,0,0,0,-10000,0,0,0,0,10000,-10000,-10000
056515,燿華兆豐99購01  ,0,0,0,0,0,0,0,0,0,-10000,0,0,0,0,10000,-10000,-10000
055453,華邦電元富97購01,0,0,0,0,0,0,0,0,0,-10000,0,0,0,0,10000,-10000,-10000
055427,技嘉群益98購01  ,0,0,0,0,0,0,0,0,0,-10000,0,0,0,0,10000,-10000,-10000
055499,大立光元大98購05,0,0,0,0,0,0,0,0,0,-10000,0,0,0,0,10000,-10000,-10000
056467,上証2X元大98購02,0,0,0,0,0,0,0,0,0,-10000,0,0,0,30000,40000,-10000,-10000
056474,華新科元大99購05,0,0,0,0,0,0,0,0,0,-10000,0,0,0,0,10000,-10000,-10000
052624,微星亞東97購01  ,0,0,0,0,0,0,0,0,0,-10000,0,0,0,0,10000,-10000,-10000
052791,友達兆豐97購01  ,0,0,0,0,0,0,0,0,0,-10000,0,0,0,0,10000,-10000,-10000
052794,群創兆豐97購01  ,0,0,0,0,0,0,0,0,0,-10000,0,0,0,0,10000,-10000,-10000
052731,宏達電國泰98購01,0,0,0,0,0,0,0,0,0,-10000,0,0,0,0,10000,-10000,-10000
052936,華通兆豐98購01  ,0,0,0,0,0,0,0,0,0,-10000,0,0,0,0,10000,-10000,-10000
054325,奇力新台新97購03,0,0,0,0,0,0,0,0,0,-10000,0,0,0,10000,20000,-10000,-10000
055420,欣興永豐98購01  ,0,0,0,0,0,0,0,0,0,-10000,0,0,0,0,10000,-10000,-10000
059515,牧德永豐99購01  ,0,0,0,0,0,0,0,0,0,-10000,0,0,0,10000,20000,-10000,-10000
059507,鴻海永豐99購03  ,0,0,0,0,0,0,0,0,0,-10000,0,0,0,0,10000,-10000,-10000
059467,旺宏元大99購15  ,0,0,0,0,0,0,0,0,0,-10000,0,0,0,0,10000,-10000,-10000
059311,元石油元大99購04,0,0,0,0,0,0,0,0,0,-10000,0,0,0,10000,20000,-10000,-10000
059391,立積凱基9A購01  ,0,0,0,0,0,0,0,0,0,-10000,0,0,0,0,10000,-10000,-10000
05926P,智易永豐96售02  ,0,0,0,0,0,0,0,0,0,-10000,0,0,0,0,10000,-10000,-10000
059230,滬深2X國票9B購02,0,0,0,0,0,0,0,0,0,-10000,0,0,0,0,10000,-10000,-10000
059241,旺宏凱基99購07  ,0,0,0,0,0,0,0,0,0,-10000,0,0,0,0,10000,-10000,-10000
059701,國巨凱基9A購09  ,0,0,0,0,0,0,0,0,0,-10000,0,0,0,0,10000,-10000,-10000
059198,華新科永豐99購06,0,0,0,0,0,0,0,0,0,-10000,0,0,0,0,10000,-10000,-10000
059645,祥碩凱基99購05  ,0,0,0,0,0,0,0,0,0,-10000,0,0,0,6000,16000,-10000,-10000
056426,上証2X凱基9A購01,0,0,0,0,0,0,0,0,0,-10000,0,0,0,2000,12000,-10000,-10000
056441,燿華凱基98購01  ,0,0,0,0,0,0,0,0,0,-10000,0,0,0,100000,110000,-10000,-10000
056325,群創兆豐9A購01  ,0,0,0,0,0,0,0,0,0,-10000,0,0,0,0,10000,-10000,-10000
056312,茂林元大98購01  ,0,0,0,0,0,0,0,0,0,-10000,0,0,0,20000,30000,-10000,-10000
056399,上証2X群益9C購01,0,0,0,0,0,0,0,0,0,-10000,0,0,0,0,10000,-10000,-10000
056253,京鼎兆豐98購01  ,0,0,0,0,0,0,0,0,0,-10000,0,0,0,0,10000,-10000,-10000
055905,可成兆豐97購03  ,0,0,0,0,0,0,0,0,0,-10000,0,0,0,0,10000,-10000,-10000
055924,深中小群益9B購01,0,0,0,0,0,0,0,0,0,-10000,0,0,0,0,10000,-10000,-10000
05592P,可成群益96售03  ,0,0,0,0,0,0,0,0,0,-10000,0,0,0,0,10000,-10000,-10000
055970,聯茂元大97購04  ,0,0,0,0,0,0,0,0,0,-10000,0,0,0,65000,75000,-10000,-10000
056038,可成凱基97購01  ,0,0,0,0,0,0,0,0,0,-10000,0,0,0,90000,100000,-10000,-10000
055024,興勤國泰98購01  ,0,0,0,0,0,0,0,0,0,-10000,0,0,0,0,10000,-10000,-10000
054989,精元元富97購01  ,0,0,0,0,0,0,0,0,0,-10000,0,0,0,0,10000,-10000,-10000
054848,群創兆豐98購01  ,0,0,0,0,0,0,0,0,0,-10000,0,0,0,0,10000,-10000,-10000
054803,味全元大9A購01  ,0,0,0,0,0,0,0,0,0,-10000,0,0,0,0,10000,-10000,-10000
056699,光罩國泰99購01  ,0,0,0,0,0,0,0,0,0,-10000,0,0,0,0,10000,-10000,-10000
055261,帆宣統一98購01  ,0,0,0,0,0,0,0,0,0,-10000,0,0,0,0,10000,-10000,-10000
055251,華新科統一99購01,0,0,0,0,0,0,0,0,0,-10000,0,0,0,0,10000,-10000,-10000
055369,友訊元大97購01  ,0,0,0,0,0,0,0,0,0,-10000,0,0,0,0,10000,-10000,-10000
055358,臻鼎凱基97購01  ,0,0,0,0,0,0,0,0,0,-10000,0,0,0,0,10000,-10000,-10000
055340,華新科日盛97購01,0,0,0,0,0,0,0,0,0,-10000,0,0,0,10000,20000,-10000,-10000
054479,緯創中信98購01  ,0,0,0,0,0,0,0,0,0,-10000,0,0,0,28000,38000,-10000,-10000
056555,矽創凱基98購01  ,0,0,0,0,0,0,0,0,0,-10000,0,0,0,0,10000,-10000,-10000
056556,南電凱基98購01  ,0,0,0,0,0,0,0,0,0,-10000,0,0,0,1000,11000,-10000,-10000
056596,光磊元富98購01  ,0,0,0,0,0,0,0,0,0,-10000,0,0,0,40000,50000,-10000,-10000
054451,上銀亞東98購01  ,0,0,0,0,0,0,0,0,0,-10000,0,0,0,0,10000,-10000,-10000
055551,致茂凱基98購01  ,0,0,0,0,0,0,0,0,0,-10000,0,0,0,10000,20000,-10000,-10000
055586,旺宏元大98購06  ,0,0,0,0,0,0,0,0,0,-10000,0,0,0,0,10000,-10000,-10000
054662,同欣電元大97購02,0,0,0,0,0,0,0,0,0,-10000,0,0,0,47000,57000,-10000,-10000
055715,智邦元大97購04  ,0,0,0,0,0,0,0,0,0,-10000,0,0,0,4000,14000,-10000,-10000
055702,美律富邦98購01  ,0,0,0,0,0,0,0,0,0,-10000,0,0,0,0,10000,-10000,-10000
055785,祥碩凱基97購02  ,0,0,0,0,0,0,0,0,0,-10000,0,0,0,0,10000,-10000,-10000
055775,友達凱基9A購01  ,0,0,0,0,0,0,0,0,0,-10000,0,0,0,0,10000,-10000,-10000
059558,T50正2凱基9C購03,0,0,0,0,0,0,0,0,0,-10000,0,0,0,0,10000,-10000,-10000
057397,茂林中信9A購01  ,0,0,0,0,0,0,0,0,0,-10000,0,0,0,40000,50000,-10000,-10000
058223,世芯統一9B購01  ,0,0,0,0,0,0,0,0,0,-10000,0,0,0,0,10000,-10000,-10000
059743,開發金元富99購01,0,0,0,0,0,0,0,0,0,-10000,0,0,0,20000,30000,-10000,-10000
059131,國巨群益99購07  ,0,0,0,0,0,0,0,0,0,-10000,0,0,0,0,10000,-10000,-10000
058280,SGBR2X中信99購01,0,0,0,0,0,0,0,0,0,-10000,0,0,0,0,10000,-10000,-10000
06002P,華通康和96售01  ,0,0,0,0,0,0,0,0,0,-10000,0,0,0,0,10000,-10000,-10000
059983,聯發科元大99購38,0,0,0,0,0,0,0,0,0,-10000,0,0,0,0,10000,-10000,-10000
059904,A50正2元大9C購05,0,0,0,0,0,0,0,0,0,-10000,0,0,0,0,10000,-10000,-10000
059850,日電貿永豐99購01,0,0,0,0,0,0,0,0,0,-10000,0,0,0,0,10000,-10000,-10000
060113,祥碩元大9B購01  ,0,0,0,0,0,0,0,0,0,-10000,0,0,0,2000,12000,-10000,-10000
06006P,欣興永豐96售04  ,0,0,0,0,0,0,0,0,0,-10000,0,0,0,0,10000,-10000,-10000
058357,智邦凱基99購02  ,0,0,0,0,0,0,0,0,0,-10000,0,0,0,0,10000,-10000,-10000
057060,緯穎元大98購05  ,30000,0,30000,0,0,0,0,0,0,-40000,0,0,0,7000,47000,-40000,-10000
057030,滬深反元大9B購01,0,0,0,0,0,0,0,0,0,-10000,0,0,0,0,10000,-10000,-10000
057022,智邦凱基98購04  ,0,0,0,0,0,0,0,0,0,-10000,0,0,0,3000,13000,-10000,-10000
056967,奇鋐永豐98購01  ,0,0,0,0,0,0,0,0,0,-10000,0,0,0,0,10000,-10000,-10000
056951,牧德統一99購01  ,0,0,0,0,0,0,0,0,0,-10000,0,0,0,0,10000,-10000,-10000
056991,牧德兆豐98購01  ,0,0,0,0,0,0,0,0,0,-10000,0,0,0,50000,60000,-10000,-10000
057262,友達兆豐98購03  ,0,0,0,0,0,0,0,0,0,-10000,0,0,0,0,10000,-10000,-10000
057264,新光金兆豐98購01,0,0,0,0,0,0,0,0,0,-10000,0,0,0,0,10000,-10000,-10000
057295,可成永豐98購02  ,0,0,0,0,0,0,0,0,0,-10000,0,0,0,0,10000,-10000,-10000
057243,樺漢凱基99購01  ,0,0,0,0,0,0,0,0,0,-10000,0,0,0,0,10000,-10000,-10000
057117,開發金日盛9B購01,0,0,0,0,0,0,0,0,0,-10000,0,0,0,0,10000,-10000,-10000
057130,全新凱基98購03  ,0,0,0,0,0,0,0,0,0,-10000,0,0,0,65000,75000,-10000,-10000
058022,樺漢凱基99購02  ,0,0,0,0,0,0,0,0,0,-10000,0,0,0,0,10000,-10000,-10000
057305,南亞科兆豐98購02,0,0,0,0,0,0,0,0,0,-10000,0,0,0,0,10000,-10000,-10000
057591,鴻海兆豐99購01  ,0,0,0,0,0,0,0,0,0,-10000,0,0,0,0,10000,-10000,-10000
059709,上証2X元大9C購01,0,0,0,0,0,0,0,0,0,-10000,0,0,0,0,10000,-10000,-10000
057538,緯穎元大98購07  ,0,0,0,0,0,0,0,0,0,-10000,0,0,0,0,10000,-10000,-10000
058417,國巨麥證99購01  ,0,0,0,0,10000,-10000,0,0,0,-10000,0,0,0,0,10000,-10000,-10000
058450,旺宏永豐99購01  ,0,0,0,0,0,0,0,0,0,-10000,0,0,0,0,10000,-10000,-10000
058462,台積電兆豐99購01,0,0,0,0,0,0,0,0,0,-10000,0,0,0,0,10000,-10000,-10000
060538,S&P反1凱基9A購01,0,0,0,0,0,0,0,0,0,-10000,0,0,0,0,10000,-10000,-10000
060500,鴻海元大9A購12  ,0,0,0,0,0,0,0,0,0,-10000,0,0,0,0,10000,-10000,-10000
060575,大立光中信9B購02,0,0,0,0,0,0,0,0,0,-10000,0,0,0,0,10000,-10000,-10000
060352,滬深2X元富9A購02,0,0,0,0,0,0,0,0,0,-10000,0,0,0,0,10000,-10000,-10000
06044P,同欣電永豐96售03,0,0,0,0,0,0,0,0,0,-10000,0,0,0,10000,20000,-10000,-10000
06038P,國泰金台新96售01,0,0,0,0,0,0,0,0,0,-10000,0,0,0,0,10000,-10000,-10000
056858,國巨群益99購03  ,0,0,0,0,0,0,0,0,0,-10000,0,0,0,0,10000,-10000,-10000
056880,緯穎國票98購02  ,0,0,0,0,0,0,0,0,0,-10000,0,0,0,0,10000,-10000,-10000
056844,欣興元富98購03  ,0,0,0,0,0,0,0,0,0,-10000,0,0,0,12000,22000,-10000,-10000
056925,群創兆豐98購03  ,0,0,0,0,0,0,0,0,0,-10000,0,0,0,0,10000,-10000,-10000
060397,群創國票9A購01  ,0,0,0,0,0,0,0,0,0,-10000,0,0,0,0,10000,-10000,-10000
057796,鴻海兆豐99購03  ,0,0,0,0,0,0,0,0,0,-10000,0,0,0,0,10000,-10000,-10000
057797,大立光兆豐99購01,0,0,0,0,0,0,0,0,0,-10000,0,0,0,0,10000,-10000,-10000
056820,欣興永豐98購02  ,0,0,0,0,0,0,0,0,0,-10000,0,0,0,0,10000,-10000,-10000
058718,台灣50元富03購01,0,0,0,0,0,0,0,0,0,-10000,0,0,0,0,10000,-10000,-10000
057645,華新科元大99購11,0,0,0,0,0,0,0,0,0,-10000,0,0,0,0,10000,-10000,-10000
058603,台積電元大99購12,0,0,0,0,0,0,0,0,0,-10000,0,0,0,0,10000,-10000,-10000
058579,聯發科群益99購04,0,0,0,0,0,0,0,0,0,-10000,0,0,0,0,10000,-10000,-10000
05768P,台積電凱基96售15,0,0,0,0,0,0,0,0,0,-10000,0,0,0,0,10000,-10000,-10000
057651,矽力元大98購03  ,0,0,0,0,0,0,0,0,0,-10000,0,0,0,8000,18000,-10000,-10000
059048,元油2X凱基9A購11,0,0,0,0,0,0,0,0,0,-10000,0,0,0,0,10000,-10000,-10000
059094,臻鼎元大99購03  ,0,0,0,0,0,0,0,0,0,-10000,0,0,0,10000,20000,-10000,-10000
056740,大立光凱基98購13,0,0,0,0,0,0,0,0,0,-10000,0,0,0,0,10000,-10000,-10000
056753,群創兆豐98購02  ,0,0,0,0,0,0,0,0,0,-10000,0,0,0,0,10000,-10000,-10000
056763,國巨元大99購02  ,0,0,0,0,0,0,0,0,0,-10000,0,0,0,15000,25000,-10000,-10000
058605,華邦電元大99購04,0,0,0,0,0,0,0,0,0,-10000,0,0,0,0,10000,-10000,-10000
058611,欣興元大99購06  ,0,0,0,0,0,0,0,0,0,-10000,0,0,0,0,10000,-10000,-10000
058969,亞德客永豐99購01,0,0,0,0,0,0,0,0,0,-10000,0,0,0,2000,12000,-10000,-10000
059032,元石油群益9C購03,0,0,0,0,0,0,0,0,0,-10000,0,0,0,55000,65000,-10000,-10000
059020,元油2X統一9B購02,0,0,0,0,0,0,0,0,0,-10000,0,0,0,0,10000,-10000,-10000
059001,聯發科元大99購17,0,0,0,0,0,0,0,0,0,-10000,0,0,0,0,10000,-10000,-10000
059003,中壽元大99購01  ,0,0,0,0,0,0,0,0,0,-10000,0,0,0,0,10000,-10000,-10000
058840,T50反1群益99購02,0,0,0,0,0,0,0,0,0,-10000,0,0,0,10000,20000,-10000,-10000
05881P,彩晶康和96售01  ,0,0,0,0,0,0,0,0,0,-10000,0,0,0,0,10000,-10000,-10000
058784,臺股指國票99購03,0,0,0,0,0,0,0,0,0,-10000,0,0,0,0,10000,-10000,-10000
058782,臺股指國票99購01,0,0,0,0,0,0,0,0,0,-10000,0,0,0,0,10000,-10000,-10000
058530,為升元富99購01  ,0,0,0,0,0,0,0,0,0,-10000,0,0,0,0,10000,-10000,-10000
058490,元黃金群益9B購01,0,0,0,0,0,0,0,0,0,-10000,0,0,0,0,10000,-10000,-10000
058482,祥碩凱基99購02  ,0,0,0,0,0,0,0,0,0,-10000,0,0,0,6000,16000,-10000,-10000
058116,正崴中信99購02  ,0,0,0,0,0,0,0,0,0,-10000,0,0,0,48000,58000,-10000,-10000
058114,台積電第一01購01,0,0,0,0,0,0,0,0,0,-10000,0,0,0,0,10000,-10000,-10000
058150,中502X統一9B購01,0,0,0,0,0,0,0,0,0,-10000,0,0,0,0,10000,-10000,-10000
07710P,華擎元大9A售05  ,0,0,0,0,0,0,0,0,0,-10000,0,0,0,40000,50000,-10000,-10000
07712P,茂林元大9A售03  ,0,0,0,0,0,0,0,0,0,-10000,0,0,0,46000,56000,-10000,-10000
07794P,智邦國票9A售03  ,0,0,0,0,0,0,0,0,0,-10000,0,0,0,40000,50000,-10000,-10000
07859P,台灣50麥證9A售04,0,0,0,0,10000,-10000,0,0,0,-10000,0,0,0,0,10000,-10000,-10000
07873P,華新科群益9B售03,0,0,0,0,0,0,0,0,0,-10000,0,0,0,0,10000,-10000,-10000
07887P,台積電國票9C售03,0,0,0,0,0,0,0,0,0,-10000,0,0,0,10000,20000,-10000,-10000
07914P,臺股指元大9B售20,0,0,0,0,0,0,0,0,0,-10000,0,0,0,0,10000,-10000,-10000
08010P,大成鋼元大9B售01,0,0,0,0,0,0,0,0,0,-10000,0,0,0,6000,16000,-10000,-10000
08086P,燿華凱基9B售03  ,0,0,0,0,0,0,0,0,0,-10000,0,0,0,0,10000,-10000,-10000
1472,三洋紡          ,1000,11000,-10000,0,0,0,0,0,0,0,0,0,0,0,0,0,-10000
08099P,聯發科中信9B售04,0,0,0,0,0,0,0,0,0,-10000,0,0,0,0,10000,-10000,-10000
08109P,台灣50台新9C售04,0,0,0,0,0,0,0,0,0,-10000,0,0,0,0,10000,-10000,-10000
06946P,T50正2元大9C售01,0,0,0,0,0,0,0,0,0,-10000,0,0,0,0,10000,-10000,-10000
06959P,鴻海凱基9A售02  ,0,0,0,0,0,0,0,0,0,-10000,0,0,0,49000,59000,-10000,-10000
07098P,台積電元大99售18,0,0,0,0,0,0,0,0,0,-10000,0,0,0,0,10000,-10000,-10000
07169P,臺股指國票99售06,0,0,0,0,0,0,0,0,0,-10000,0,0,0,0,10000,-10000,-10000
07211P,南亞科凱基99售05,0,0,0,0,0,0,0,0,0,-10000,0,0,0,0,10000,-10000,-10000
07249P,T50正2富邦03售02,0,0,0,0,0,0,0,0,0,-10000,0,0,0,0,10000,-10000,-10000
07637P,國巨國票9A售08  ,0,0,0,0,0,0,0,0,0,-10000,0,0,0,0,10000,-10000,-10000
07623P,大立光統一9B售05,0,0,0,0,0,0,0,0,0,-10000,0,0,0,0,10000,-10000,-10000
07605P,台灣50元大9B售10,0,0,0,0,0,0,0,0,0,-10000,0,0,0,0,10000,-10000,-10000
07294P,滬深2X元富9C售08,0,0,0,0,0,0,0,0,0,-10000,0,0,0,0,10000,-10000,-10000
07367P,鴻海凱基99售17  ,0,0,0,0,0,0,0,0,0,-10000,0,0,0,40000,50000,-10000,-10000
07401P,台積電凱基99售21,0,0,0,0,0,0,0,0,0,-10000,0,0,0,0,10000,-10000,-10000
07451P,鴻海元大9B售01  ,0,0,0,0,0,0,0,0,0,-10000,0,0,0,8000,18000,-10000,-10000
07486P,上証2X國票9B售02,0,0,0,0,0,0,0,0,0,-10000,0,0,0,0,10000,-10000,-10000
07487P,鴻海國票9A售01  ,0,0,0,0,0,0,0,0,0,-10000,0,0,0,0,10000,-10000,-10000
4439,冠星-KY         ,0,10000,-10000,0,0,0,0,0,0,0,0,0,0,0,0,0,-10000
8072,陞泰            ,0,10000,-10000,0,0,0,0,0,0,0,0,0,0,0,0,0,-10000
8374,羅昇            ,0,10000,-10000,0,0,0,0,0,0,0,0,0,0,0,0,0,-10000
8442,威宏-KY         ,0,10000,-10000,0,0,0,0,0,0,0,1000,1000,0,0,0,0,-10000
9918,欣天然          ,0,10000,-10000,0,0,0,0,0,0,0,0,0,0,0,0,0,-10000
06299P,可成元大97售04  ,0,0,0,0,0,0,0,0,0,-11000,0,0,0,0,11000,-11000,-11000
062744,超眾國泰9C購01  ,0,0,0,0,0,0,0,0,0,-11000,0,0,0,0,11000,-11000,-11000
062871,大成鋼兆豐9B購01,0,0,0,0,0,0,0,0,0,-11000,0,0,0,0,11000,-11000,-11000
06544P,鴻海元大98售09  ,0,0,0,0,0,0,0,0,0,-11000,0,0,0,50000,61000,-11000,-11000
06685P,鴻海國泰9A售01  ,0,0,0,0,0,0,0,0,0,-11000,0,0,0,9000,20000,-11000,-11000
061349,嘉澤元大9A購02  ,0,2000,-2000,0,0,0,0,0,0,-9000,0,0,0,84000,93000,-9000,-11000
062005,旺宏國泰01購01  ,0,0,0,0,0,0,0,0,0,-11000,0,0,0,142000,153000,-11000,-11000
055805,矽力永豐97購01  ,0,0,0,0,0,0,0,0,0,-11000,0,0,0,4000,15000,-11000,-11000
05517P,臻鼎元大96售01  ,0,0,0,0,0,0,0,0,0,-11000,0,0,0,0,11000,-11000,-11000
056386,TPK國泰99購01   ,0,0,0,0,0,0,0,0,0,-11000,0,0,0,0,11000,-11000,-11000
059219,旺宏元大99購12  ,0,0,0,0,0,0,0,0,0,-11000,0,0,0,24000,35000,-11000,-11000
059278,群創元大9A購04  ,0,0,0,0,0,0,0,0,0,-11000,0,0,0,120000,131000,-11000,-11000
055447,華新科統一97購04,0,0,0,0,0,0,0,0,0,-11000,0,0,0,0,11000,-11000,-11000
054330,世芯永豐96購02  ,0,0,0,0,0,0,0,0,0,-11000,0,0,0,44000,55000,-11000,-11000
00735,國泰臺韓科技    ,0,0,0,0,0,0,0,0,0,-11000,0,0,0,260000,271000,-11000,-11000
0055,元大MSCI金融    ,0,0,0,0,0,0,0,0,0,-11000,0,0,0,4000,15000,-11000,-11000
058686,祥碩凱基99購03  ,0,0,0,0,0,0,0,0,0,-11000,0,0,0,6000,17000,-11000,-11000
058439,玉晶光統一01購02,0,0,0,0,0,0,0,0,0,-11000,0,0,0,0,11000,-11000,-11000
057890,滬深反統一98購01,0,0,0,0,0,0,0,0,0,-11000,0,0,0,0,11000,-11000,-11000
057876,隆達元大98購01  ,0,0,0,0,0,0,0,0,0,-11000,0,0,0,49000,60000,-11000,-11000
05707P,中磊永豐96售01  ,0,0,0,0,0,0,0,0,0,-11000,0,0,0,0,11000,-11000,-11000
060114,緯穎元大99購10  ,0,0,0,0,0,0,0,0,0,-11000,0,0,0,0,11000,-11000,-11000
059907,道瓊指元大99購03,0,0,0,0,0,0,0,0,0,-11000,0,0,0,0,11000,-11000,-11000
4967,十銓            ,311000,320000,-9000,0,0,0,0,0,0,-2000,0,2000,-2000,0,0,0,-11000
3356,奇偶            ,37000,48000,-11000,0,0,0,0,0,0,0,0,0,0,0,0,0,-11000
6666,羅麗芬-KY       ,1000,12000,-11000,0,0,0,0,0,0,0,0,0,0,0,0,0,-11000
6172,互億            ,0,11000,-11000,0,0,0,0,0,0,0,0,0,0,0,0,0,-11000
07665P,台灣50元大9C售31,0,0,0,0,0,0,0,0,0,-11000,0,0,0,2000,13000,-11000,-11000
08094P,華新科元富9B售05,0,0,0,0,0,0,0,0,0,-11000,0,0,0,0,11000,-11000,-11000
1466,聚隆            ,0,11000,-11000,0,0,0,0,0,0,0,0,0,0,0,0,0,-11000
1432,大魯閣          ,0,11000,-11000,0,0,0,0,0,0,0,0,0,0,0,0,0,-11000
2038,海光            ,29000,40000,-11000,0,0,0,0,0,0,0,0,0,0,0,0,0,-11000
1725,元禎            ,0,11000,-11000,0,0,0,0,0,0,0,0,0,0,0,0,0,-11000
061999,臺股指元大9B購23,0,0,0,0,0,0,0,0,0,-12000,0,0,0,0,12000,-12000,-12000
061593,智原永豐9A購01  ,0,0,0,0,0,0,0,0,0,-12000,0,0,0,52000,64000,-12000,-12000
061044,世紀鋼永豐9A購02,0,0,0,0,0,0,0,0,0,-12000,0,0,0,0,12000,-12000,-12000
06480P,上銀凱基98售04  ,0,0,0,0,0,0,0,0,0,-12000,0,0,0,0,12000,-12000,-12000
06336P,鴻海元大98售05  ,0,0,0,0,0,0,0,0,0,-12000,0,0,0,0,12000,-12000,-12000
06394P,台積電元大97售28,0,0,0,0,0,0,0,0,0,-12000,0,0,0,0,12000,-12000,-12000
063167,同欣電永豐9B購03,0,0,0,0,0,0,0,0,0,-12000,0,0,0,0,12000,-12000,-12000
063141,聯發科統一9C購10,0,0,0,0,0,0,0,0,0,-12000,0,0,0,0,12000,-12000,-12000
063068,聯發科國泰01購03,0,0,0,0,0,0,0,0,0,-12000,0,0,0,1000,13000,-12000,-12000
062456,台積電群益9B購05,0,0,0,0,0,0,0,0,0,-12000,0,0,0,52000,64000,-12000,-12000
062333,嘉晶統一9C購01  ,0,0,0,0,0,0,0,0,0,-12000,0,0,0,61000,73000,-12000,-12000
048270,T50反1富邦99購01,0,0,0,0,0,0,0,0,0,-12000,0,0,0,0,12000,-12000,-12000
055525,國巨群益98購05  ,0,0,0,0,0,0,0,0,0,-12000,0,0,0,0,12000,-12000,-12000
059296,大立光元富99購06,0,0,0,0,0,0,0,0,0,-12000,0,0,0,38000,50000,-12000,-12000
059204,台灣50元大01購02,0,0,0,0,0,0,0,0,0,-12000,0,0,0,0,12000,-12000,-12000
059476,道瓊指群益9C購01,0,0,0,0,0,0,0,0,0,-12000,0,0,0,0,12000,-12000,-12000
055989,矽力元富9A購01  ,0,0,0,0,0,0,0,0,0,-12000,0,0,0,165000,177000,-12000,-12000
055816,新日興國票98購01,0,0,0,0,0,0,0,0,0,-12000,0,0,0,10000,22000,-12000,-12000
055271,鴻海元大98購03  ,0,0,0,0,0,0,0,0,0,-12000,0,0,0,20000,32000,-12000,-12000
056664,上証反中信9B購01,0,0,0,0,0,0,0,0,0,-12000,0,0,0,0,12000,-12000,-12000
059981,聯發科元大99購36,0,0,0,0,0,0,0,0,0,-12000,0,0,0,0,12000,-12000,-12000
059114,華新科永豐99購05,0,0,0,0,0,0,0,0,0,-12000,0,0,0,0,12000,-12000,-12000
058290,南電國票9A購01  ,0,0,0,0,0,0,0,0,0,-12000,0,0,0,26000,38000,-12000,-12000
059543,可成亞東99購02  ,0,0,0,0,0,0,0,0,0,-12000,0,0,0,0,12000,-12000,-12000
057365,智邦元大98購07  ,0,0,0,0,0,0,0,0,0,-12000,0,0,0,32000,44000,-12000,-12000
057147,新日興國票99購01,0,0,0,0,0,0,0,0,0,-12000,0,0,0,0,12000,-12000,-12000
06023P,超眾國票96售03  ,0,0,0,0,0,0,0,0,0,-12000,0,0,0,44000,56000,-12000,-12000
05887P,友達元富99售03  ,0,0,0,0,0,0,0,0,0,-12000,0,0,0,0,12000,-12000,-12000
1616,億泰            ,0,12000,-12000,0,0,0,0,0,0,0,0,0,0,0,0,0,-12000
07264P,台積電元大99售38,0,0,0,0,0,0,0,0,0,-12000,0,0,0,10000,22000,-12000,-12000
07010P,T50正2凱基9C售01,0,0,0,0,0,0,0,0,0,-12000,0,0,0,0,12000,-12000,-12000
06827P,臺股指國票98售03,0,0,0,0,0,0,0,0,0,-12000,0,0,0,0,12000,-12000,-12000
6133,金橋            ,0,11000,-11000,0,0,0,0,0,0,-1000,0,1000,-1000,0,0,0,-12000
6579,研揚            ,0,12000,-12000,0,0,0,0,0,0,0,0,0,0,0,0,0,-12000
3591,艾笛森          ,0,11000,-11000,0,0,0,0,0,0,-1000,0,1000,-1000,0,0,0,-12000
2516,新建            ,3000,15000,-12000,0,0,0,0,0,0,0,0,0,0,0,0,0,-12000
3011,今皓            ,0,12000,-12000,0,0,0,0,0,0,0,0,0,0,0,0,0,-12000
9926,新海            ,0,12000,-12000,0,0,0,0,0,0,0,0,0,0,0,0,0,-12000
8103,瀚荃            ,0,12000,-12000,0,0,0,0,0,0,0,0,0,0,0,0,0,-12000
062314,玉晶光凱基9B購06,0,0,0,0,0,0,0,0,0,-13000,0,0,0,6000,19000,-13000,-13000
062226,臻鼎統一9B購01  ,0,80000,-80000,0,0,0,0,0,0,67000,0,0,0,115000,48000,67000,-13000
062505,祥碩群益9B購03  ,0,0,0,0,0,0,0,0,0,-13000,0,0,0,0,13000,-13000,-13000
06647P,台積電元大98售13,0,0,0,0,0,0,0,0,0,-13000,0,0,0,0,13000,-13000,-13000
06600P,貿聯永豐98售01  ,0,0,0,0,0,0,0,0,0,-13000,0,0,0,208000,221000,-13000,-13000
060845,欣興國票9A購01  ,0,0,0,0,0,0,0,0,0,-13000,0,0,0,10000,23000,-13000,-13000
060701,玉晶光國泰9C購01,0,0,0,0,0,0,0,0,0,-13000,0,0,0,22000,35000,-13000,-13000
061546,大立光群益9A購05,0,0,0,0,0,0,0,0,0,-13000,0,0,0,0,13000,-13000,-13000
061952,臺股指群益9B購01,0,0,0,0,0,0,0,0,0,-13000,0,0,0,0,13000,-13000,-13000
056396,祥碩永豐98購01  ,0,0,0,0,0,0,0,0,0,-13000,0,0,0,20000,33000,-13000,-13000
059485,台灣50兆豐99購02,0,0,0,0,0,0,0,0,0,-13000,0,0,0,56000,69000,-13000,-13000
059687,卜蜂永豐99購01  ,0,0,0,0,0,0,0,0,0,-13000,0,0,0,2000,15000,-13000,-13000
052113,漢唐中信98購01  ,0,0,0,0,0,0,0,0,0,-13000,0,0,0,173000,186000,-13000,-13000
058806,道瓊銀統一9B購01,0,0,0,0,0,0,0,0,0,-13000,0,0,0,0,13000,-13000,-13000
056721,台灣50永昌9A購01,0,0,0,0,0,0,0,0,0,-13000,0,0,0,0,13000,-13000,-13000
058557,健策第一01購01  ,0,0,0,0,0,0,0,0,0,-13000,0,0,0,0,13000,-13000,-13000
060556,緯穎凱基9A購04  ,0,0,0,0,0,0,0,0,0,-13000,0,0,0,2000,15000,-13000,-13000
060524,國巨中信9A購03  ,0,0,0,0,0,0,0,0,0,-13000,0,0,0,0,13000,-13000,-13000
060421,華擎永豐9A購01  ,0,0,0,0,0,0,0,0,0,-13000,0,0,0,60000,73000,-13000,-13000
05693P,滬深2X凱基98售02,0,0,0,0,0,0,0,0,0,-13000,0,0,0,2000,15000,-13000,-13000
059632,聯發科凱基01購01,0,0,0,0,0,0,0,0,0,-13000,0,0,0,7000,20000,-13000,-13000
059605,臺股指元大9A購42,0,0,0,0,0,0,0,0,0,-13000,0,0,0,0,13000,-13000,-13000
057381,微星國泰9A購01  ,0,0,0,0,0,0,0,0,0,-13000,0,0,0,0,13000,-13000,-13000
059973,A50正2元大99購02,0,0,0,0,0,0,0,0,0,-13000,0,0,0,0,13000,-13000,-13000
2748,雲品            ,0,13000,-13000,0,0,0,0,0,0,0,0,0,0,0,0,0,-13000
2466,冠西電          ,0,7000,-7000,0,0,0,0,0,0,-6000,0,6000,-6000,0,0,0,-13000
2443,億麗            ,0,13000,-13000,0,0,0,0,0,0,0,0,0,0,0,0,0,-13000
2460,建通            ,2000,15000,-13000,0,0,0,0,0,0,0,0,0,0,0,0,0,-13000
3607,谷崧            ,15000,27000,-12000,0,0,0,0,0,0,-1000,0,1000,-1000,0,0,0,-13000
06844P,智邦元大98售13  ,0,0,0,0,0,0,0,0,0,-13000,0,0,0,0,13000,-13000,-13000
06999P,玉晶光國票9B售01,0,0,0,0,0,0,0,0,0,-13000,0,0,0,3000,16000,-13000,-13000
06924P,台積電群益98售07,0,0,0,0,0,0,0,0,0,-13000,0,0,0,0,13000,-13000,-13000
07667P,亞德客元大9A售05,0,0,0,0,0,0,0,0,0,-13000,0,0,0,0,13000,-13000,-13000
2302,麗正            ,0,13000,-13000,0,0,0,0,0,0,0,0,0,0,0,0,0,-13000
061646,力成元大9A購02  ,0,0,0,0,0,0,0,0,0,-14000,0,0,0,36000,50000,-14000,-14000
061707,超眾國票9B購01  ,0,0,0,0,0,0,0,0,0,-14000,0,0,0,0,14000,-14000,-14000
061503,臻鼎國票9B購01  ,0,0,0,0,0,0,0,0,0,-14000,0,0,0,17000,31000,-14000,-14000
061314,滬深2X凱基9B購06,0,0,0,0,0,0,0,0,0,-14000,0,0,0,0,14000,-14000,-14000
061403,滬深2X國票9A購06,0,0,0,0,0,0,0,0,0,-14000,0,0,0,0,14000,-14000,-14000
060989,國泰金元大9A購02,0,0,0,0,0,0,0,0,0,-14000,0,0,0,36000,50000,-14000,-14000
053945,國巨富邦98購02  ,0,0,0,0,0,0,0,0,0,-14000,0,0,0,6000,20000,-14000,-14000
053291,旺宏中信9A購01  ,0,0,0,0,0,0,0,0,0,-14000,0,0,0,0,14000,-14000,-14000
059190,欣興富邦9A購01  ,0,0,0,0,0,0,0,0,0,-14000,0,0,0,7000,21000,-14000,-14000
059370,玉晶光元富99購02,0,0,0,0,0,0,0,0,0,-14000,0,0,0,173000,187000,-14000,-14000
05593P,鴻海國票97售03  ,0,0,0,0,0,0,0,0,0,-14000,0,0,0,6000,20000,-14000,-14000
056637,台光電日盛9A購01,0,0,0,0,0,0,0,0,0,-14000,0,0,0,6000,20000,-14000,-14000
056585,台積電統一9A購01,0,0,0,0,0,0,0,0,0,-14000,0,0,0,0,14000,-14000,-14000
055661,亞德客中信98購01,0,0,0,0,0,0,0,0,0,-14000,0,0,0,0,14000,-14000,-14000
056600,聯茂元富98購01  ,0,0,0,0,0,0,0,0,0,-14000,0,0,0,6000,20000,-14000,-14000
057437,可成國票99購01  ,0,0,0,0,0,0,0,0,0,-14000,0,0,0,10000,24000,-14000,-14000
056993,GIS兆豐99購01   ,0,0,0,0,0,0,0,0,0,-14000,0,0,0,50000,64000,-14000,-14000
060248,日月光元大9A購01,0,0,0,0,0,0,0,0,0,-14000,0,0,0,36000,50000,-14000,-14000
060339,國巨統一01購01  ,0,0,0,0,0,0,0,0,0,-14000,0,0,0,0,14000,-14000,-14000
060301,國巨富邦9C購02  ,0,0,0,0,0,0,0,0,0,-14000,0,0,0,1000,15000,-14000,-14000
058610,欣興元大99購05  ,0,0,0,0,0,0,0,0,0,-14000,0,0,0,43000,57000,-14000,-14000
058618,南電元大99購02  ,0,0,0,0,0,0,0,0,0,-14000,0,0,0,2000,16000,-14000,-14000
05878P,創意群益98售01  ,0,0,0,0,0,0,0,0,0,-14000,0,0,0,0,14000,-14000,-14000
1535,中宇            ,1000,15000,-14000,0,0,0,0,0,0,0,0,0,0,0,0,0,-14000
1220,台榮            ,0,14000,-14000,0,0,0,0,0,0,0,0,0,0,0,0,0,-14000
1232,大統益          ,0,14000,-14000,0,0,0,0,0,0,0,0,0,0,0,0,0,-14000
07989P,玉晶光凱基9B售07,0,0,0,0,0,0,0,0,0,-14000,0,0,0,26000,40000,-14000,-14000
06882P,聯發科群益98售07,0,0,0,0,0,0,0,0,0,-14000,0,0,0,52000,66000,-14000,-14000
07090P,台灣50凱基01售01,0,0,0,0,0,0,0,0,0,-14000,0,0,0,6000,20000,-14000,-14000
3694,海華            ,2000,16000,-14000,0,0,0,0,0,0,0,0,0,0,0,0,0,-14000
4572,駐龍            ,0,14000,-14000,0,0,0,0,0,0,0,0,0,0,0,0,0,-14000
4190,佐登-KY         ,5000,15000,-10000,0,0,0,0,0,0,-4000,0,0,0,0,4000,-4000,-14000
6214,精誠            ,276000,292000,-16000,0,0,0,0,0,0,2000,2000,0,2000,0,0,0,-14000
8411,福貞-KY         ,0,14000,-14000,0,0,0,0,0,0,0,0,0,0,0,0,0,-14000
8480,泰昇-KY         ,324000,338000,-14000,0,0,0,0,0,0,0,0,0,0,0,0,0,-14000
061273,臺股指凱基9A購23,0,0,0,0,0,0,0,0,0,-15000,0,0,0,5000,20000,-15000,-15000
060869,超眾永豐9A購02  ,0,0,0,0,0,0,0,0,0,-15000,0,0,0,0,15000,-15000,-15000
060805,國巨群益9A購06  ,0,0,0,0,0,0,0,0,0,-15000,0,0,0,0,15000,-15000,-15000
060877,華邦電中信02購01,0,0,0,0,0,0,0,0,0,-15000,0,0,0,5000,20000,-15000,-15000
061373,華通富邦9A購02  ,0,0,0,0,0,0,0,0,0,-15000,0,0,0,5000,20000,-15000,-15000
061709,SP黃豆凱基01購02,0,0,0,0,0,0,0,0,0,-15000,0,0,0,0,15000,-15000,-15000
06179P,國巨群益97售04  ,0,0,0,0,0,0,0,0,0,-15000,0,0,0,10000,25000,-15000,-15000
06641P,智邦兆豐99售01  ,0,0,0,0,0,0,0,0,0,-15000,0,0,0,0,15000,-15000,-15000
06359P,上銀群益97售03  ,0,0,0,0,0,0,0,0,0,-15000,0,0,0,0,15000,-15000,-15000
063060,華新科元富9B購03,0,0,0,0,0,0,0,0,0,-15000,0,0,0,0,15000,-15000,-15000
063049,上海銀兆豐9B購01,0,0,0,0,0,0,0,0,0,-15000,0,0,0,70000,85000,-15000,-15000
062999,聯茂國票9C購01  ,0,0,0,0,0,0,0,0,0,-15000,0,0,0,12000,27000,-15000,-15000
062596,緯穎統一01購02  ,0,0,0,0,0,0,0,0,0,-15000,0,0,0,17000,32000,-15000,-15000
062441,華新科元大9C購01,0,0,0,0,0,0,0,0,0,-15000,0,0,0,1000,16000,-15000,-15000
062196,聯發科中信01購02,0,0,0,0,0,0,0,0,0,-15000,0,0,0,0,15000,-15000,-15000
062150,南六國票9B購01  ,0,0,0,0,0,0,0,0,0,-15000,0,0,0,71000,86000,-15000,-15000
056554,GIS凱基99購01   ,0,0,0,0,0,0,0,0,0,-15000,0,0,0,0,15000,-15000,-15000
055377,揚明光元大98購01,0,0,0,0,0,0,0,0,0,-15000,0,0,0,35000,50000,-15000,-15000
054859,鴻海群益97購02  ,0,0,0,0,0,0,0,0,0,-15000,0,0,0,10000,25000,-15000,-15000
056416,華新科中信98購01,0,0,0,0,0,0,0,0,0,-15000,0,0,0,5000,20000,-15000,-15000
056412,上証2X中信9A購02,0,0,0,0,0,0,0,0,0,-15000,0,0,0,0,15000,-15000,-15000
056224,聯發科凱基97購08,0,0,0,0,0,0,0,0,0,-15000,0,0,0,5000,20000,-15000,-15000
059692,聯詠永豐99購01  ,0,0,0,0,0,0,0,0,0,-15000,0,0,0,53000,68000,-15000,-15000
049463,華新科富邦97購01,0,0,0,0,0,0,0,0,0,-15000,0,0,0,0,15000,-15000,-15000
03679C,臺股指元大04牛04,0,0,0,0,0,0,0,0,0,-15000,0,0,0,2000,17000,-15000,-15000
03840P,台積電統一99售02,0,0,0,0,0,0,0,0,0,-15000,0,0,0,0,15000,-15000,-15000
052095,彩晶元大97購01  ,0,0,0,0,0,0,0,0,0,-15000,0,0,0,0,15000,-15000,-15000
051603,深中小群益99購03,0,0,0,0,0,0,0,0,0,-15000,0,0,0,0,15000,-15000,-15000
05422P,大立光中信97售02,0,0,0,0,0,0,0,0,0,-15000,0,0,0,0,15000,-15000,-15000
058735,南茂永豐99購01  ,0,0,0,0,0,0,0,0,0,-15000,0,0,0,40000,55000,-15000,-15000
058151,台積電統一9A購04,0,0,0,0,0,0,0,0,0,-15000,0,0,0,0,15000,-15000,-15000
05901P,臺股指凱基9C售01,0,0,0,0,0,0,0,0,0,-15000,0,0,0,0,15000,-15000,-15000
060298,鎧勝元大9C購01  ,0,0,0,0,0,0,0,0,0,-15000,0,0,0,0,15000,-15000,-15000
060218,台積電凱基9A購15,0,0,0,0,0,0,0,0,0,-15000,0,0,0,7000,22000,-15000,-15000
060219,聯發科凱基9A購09,0,0,0,0,0,0,0,0,0,-15000,0,0,0,0,15000,-15000,-15000
058662,禾伸堂兆豐99購01,0,0,0,0,0,0,0,0,0,-15000,0,0,0,49000,64000,-15000,-15000
058385,創意中信99購01  ,0,0,0,0,0,0,0,0,0,-15000,0,0,0,182000,197000,-15000,-15000
057619,玉晶光凱基98購02,0,0,0,0,0,0,0,0,0,-15000,0,0,0,10000,25000,-15000,-15000
059616,滬深2X群益01購04,0,0,0,0,0,0,0,0,0,-15000,0,0,0,0,15000,-15000,-15000
058256,臺股指元大9A購20,0,0,0,0,0,0,0,0,0,-15000,0,0,0,0,15000,-15000,-15000
059918,華新科元大99購20,0,0,0,0,0,0,0,0,0,-15000,0,0,0,0,15000,-15000,-15000
2881A,富邦特          ,0,15000,-15000,0,0,0,0,0,0,0,0,0,0,0,0,0,-15000
07103P,南電元大99售04  ,0,0,0,0,0,0,0,0,0,-15000,0,0,0,12000,27000,-15000,-15000
06911P,鴻海元大99售09  ,0,0,0,0,0,0,0,0,0,-15000,0,0,0,135000,150000,-15000,-15000
06950P,鴻海統一9B售02  ,0,0,0,0,0,0,0,0,0,-15000,0,0,0,10000,25000,-15000,-15000
07526P,臺股指中信9B售08,0,0,0,0,0,0,0,0,0,-15000,0,0,0,0,15000,-15000,-15000
07304P,臺股指元大9A售37,0,0,0,0,0,0,0,0,0,-15000,0,0,0,100000,115000,-15000,-15000
08089P,嘉澤凱基9B售03  ,0,0,0,0,0,0,0,0,0,-15000,0,0,0,0,15000,-15000,-15000
08037P,台表科群益9B售02,0,0,0,0,0,0,0,0,0,-15000,0,0,0,373000,388000,-15000,-15000
08040P,臺股指群益9B售13,0,0,0,0,0,0,0,0,0,-15000,0,0,0,0,15000,-15000,-15000
1110,東泥            ,0,17000,-17000,0,0,0,0,0,0,2000,2000,0,2000,0,0,0,-15000
1445,大宇            ,0,15000,-15000,0,0,0,0,0,0,0,0,0,0,0,0,0,-15000
062595,祥碩統一9B購01  ,0,0,0,0,0,0,0,0,0,-16000,0,0,0,0,16000,-16000,-16000
062664,群創群益9B購02  ,0,0,0,0,0,0,0,0,0,-16000,0,0,0,24000,40000,-16000,-16000
06506P,台郡國票99售02  ,0,0,0,0,0,0,0,0,0,-16000,0,0,0,0,16000,-16000,-16000
060778,臺股指凱基9A購06,0,0,0,0,0,0,0,0,0,-16000,0,0,0,0,16000,-16000,-16000
061309,鴻海統一9C購05  ,0,0,0,0,0,0,0,0,0,-16000,0,0,0,50000,66000,-16000,-16000
061247,玉晶光群益9A購09,0,0,0,0,0,0,0,0,0,-16000,0,0,0,70000,86000,-16000,-16000
052234,GIS凱基97購01   ,0,0,0,0,0,0,0,0,0,-16000,0,0,0,0,16000,-16000,-16000
00731,FH富時高息低波  ,1000,1000,0,0,0,0,0,0,0,-16000,0,0,0,215000,231000,-16000,-16000
0053,元大電子        ,0,0,0,0,0,0,0,0,0,-16000,0,0,0,0,16000,-16000,-16000
059215,台積電元大99購28,0,0,0,0,0,0,0,0,0,-16000,0,0,0,7000,23000,-16000,-16000
059250,大立光凱基99購06,0,0,0,0,0,0,0,0,0,-16000,0,0,0,0,16000,-16000,-16000
059287,華通元富99購03  ,0,0,0,0,0,0,0,0,0,-16000,0,0,0,55000,71000,-16000,-16000
059469,智邦元大99購03  ,0,0,0,0,0,0,0,0,0,-16000,0,0,0,121000,137000,-16000,-16000
05943P,欣興凱基96售03  ,0,0,0,0,0,0,0,0,0,-16000,0,0,0,16000,32000,-16000,-16000
054885,建準統一98購01  ,0,0,0,0,0,0,0,0,0,-16000,0,0,0,0,16000,-16000,-16000
054641,祥碩中信98購01  ,0,0,0,0,0,0,0,0,0,-16000,0,0,0,41000,57000,-16000,-16000
059805,台積電元富99購02,0,0,0,0,0,0,0,0,0,-16000,0,0,0,91000,107000,-16000,-16000
056994,緯穎兆豐98購02  ,0,0,0,0,0,0,0,0,0,-16000,0,0,0,0,16000,-16000,-16000
058370,聯詠凱基99購01  ,0,0,0,0,0,0,0,0,0,-16000,0,0,0,64000,80000,-16000,-16000
058353,國巨凱基99購09  ,0,0,0,0,0,0,0,0,0,-16000,0,0,0,20000,36000,-16000,-16000
05717P,鴻海元大97售07  ,0,0,0,0,0,0,0,0,0,-16000,0,0,0,0,16000,-16000,-16000
05683P,矽創元大96售01  ,0,0,0,0,0,0,0,0,0,-16000,0,0,0,0,16000,-16000,-16000
060351,滬深2X元富9A購01,0,0,0,0,0,0,0,0,0,-16000,0,0,0,3000,19000,-16000,-16000
060458,華通元大9A購02  ,0,0,0,0,0,0,0,0,0,-16000,0,0,0,30000,46000,-16000,-16000
060560,欣興國泰9C購01  ,0,0,0,0,0,0,0,0,0,-16000,0,0,0,39000,55000,-16000,-16000
05908P,大立光元富96售05,0,0,0,0,0,0,0,0,0,-16000,0,0,0,0,16000,-16000,-16000
058567,華新科凱基9A購02,0,0,0,0,0,0,0,0,0,-16000,0,0,0,1000,17000,-16000,-16000
1463,強盛            ,3000,19000,-16000,0,0,0,0,0,0,0,0,0,0,0,0,0,-16000
1416,廣豐            ,0,16000,-16000,0,0,0,0,0,0,0,0,0,0,0,0,0,-16000
1603,華電            ,0,16000,-16000,0,0,0,0,0,0,0,0,0,0,0,0,0,-16000
1727,中華化          ,0,16000,-16000,0,0,0,0,0,0,0,0,0,0,0,0,0,-16000
08059P,京鼎元大9B售02  ,0,0,0,0,0,0,0,0,0,-16000,0,0,0,0,16000,-16000,-16000
07913P,友達元大01售01  ,0,0,0,0,0,0,0,0,0,-16000,0,0,0,0,16000,-16000,-16000
07318P,鴻海凱基01售02  ,0,0,0,0,0,0,0,0,0,-16000,0,0,0,0,16000,-16000,-16000
07341P,台積電凱基99售18,0,0,0,0,0,0,0,0,0,-16000,0,0,0,10000,26000,-16000,-16000
07495P,鴻海元大9A售04  ,0,0,0,0,0,0,0,0,0,-16000,0,0,0,0,16000,-16000,-16000
07609P,台灣50國票9C售04,0,0,0,0,0,0,0,0,0,-16000,0,0,0,4000,20000,-16000,-16000
2739,寒舍            ,0,16000,-16000,0,0,0,0,0,0,0,0,0,0,0,0,0,-16000
2904,匯僑            ,0,16000,-16000,0,0,0,0,0,0,0,0,0,0,0,0,0,-16000
3055,蔚華科          ,6000,21000,-15000,0,0,0,0,0,0,-1000,0,1000,-1000,0,0,0,-16000
3025,星通            ,0,16000,-16000,0,0,0,0,0,0,0,0,0,0,0,0,0,-16000
2483,百容            ,0,15000,-15000,0,0,0,0,0,0,-1000,0,1000,-1000,0,0,0,-16000
2496,卓越            ,0,16000,-16000,0,0,0,0,0,0,0,0,0,0,0,0,0,-16000
2438,翔耀            ,1000,17000,-16000,0,0,0,0,0,0,0,0,0,0,0,0,0,-16000
6136,富爾特          ,4000,20000,-16000,0,0,0,0,0,0,0,0,0,0,0,0,0,-16000
5515,建國            ,12000,28000,-16000,0,0,0,0,0,0,0,0,0,0,0,0,0,-16000
4164,承業醫          ,49000,67000,-18000,0,0,0,0,0,0,2000,2000,0,2000,0,0,0,-16000
061198,世紀鋼永豐9A購03,0,0,0,0,0,0,0,0,0,-17000,0,0,0,15000,32000,-17000,-17000
061111,台表科元大9A購02,0,0,0,0,0,0,0,0,0,-17000,0,0,0,11000,28000,-17000,-17000
061937,聯發科國票9B購02,0,0,0,0,0,0,0,0,0,-17000,0,0,0,0,17000,-17000,-17000
06161P,聯發科群益97售03,0,0,0,0,0,0,0,0,0,-17000,0,0,0,30000,47000,-17000,-17000
06505P,康控國票99售02  ,0,0,0,0,0,0,0,0,0,-17000,0,0,0,0,17000,-17000,-17000
06458P,玉晶光統一9A售02,0,0,0,0,0,0,0,0,0,-17000,0,0,0,130000,147000,-17000,-17000
06271P,彩晶凱基97售01  ,0,0,0,0,0,0,0,0,0,-17000,0,0,0,10000,27000,-17000,-17000
062572,元金反群益9C購01,0,0,0,0,0,0,0,0,0,-17000,0,0,0,3000,20000,-17000,-17000
062250,台積電元大9B購02,0,0,0,0,0,0,0,0,0,-17000,0,0,0,0,17000,-17000,-17000
059292,華新科元富9B購02,0,0,0,0,0,0,0,0,0,-17000,0,0,0,0,17000,-17000,-17000
059209,華通元大99購08  ,0,0,0,0,0,0,0,0,0,-17000,0,0,0,0,17000,-17000,-17000
056234,GIS麥證97購01   ,0,0,0,195000,212000,-17000,0,0,0,-17000,0,0,0,195000,212000,-17000,-17000
05626P,景碩國票97售03  ,0,0,0,0,0,0,0,0,0,-17000,0,0,0,2000,19000,-17000,-17000
051266,國巨富邦99購01  ,0,0,0,0,0,0,0,0,0,-17000,0,0,0,0,17000,-17000,-17000
058758,台積電群益99購05,0,0,0,0,0,0,0,0,0,-17000,0,0,0,23000,40000,-17000,-17000
06055P,華通凱基97售04  ,0,0,0,0,0,0,0,0,0,-17000,0,0,0,5000,22000,-17000,-17000
060022,勤誠康和99購01  ,0,0,0,0,0,0,0,0,0,-17000,0,0,0,33000,50000,-17000,-17000
057462,光磊永豐98購02  ,0,0,0,0,0,0,0,0,0,-17000,0,0,0,68000,85000,-17000,-17000
060148,臺股指國票9A購08,0,0,0,0,0,0,0,0,0,-17000,0,0,0,0,17000,-17000,-17000
060060,台積電兆豐99購05,0,0,0,0,0,0,0,0,0,-17000,0,0,0,0,17000,-17000,-17000
4720,德淵            ,95000,112000,-17000,0,0,0,0,0,0,0,0,0,0,0,0,0,-17000
6184,大豐電          ,13000,30000,-17000,0,0,0,0,0,0,0,0,0,0,0,0,0,-17000
6128,上福            ,2000,18000,-16000,0,0,0,0,0,0,-1000,0,1000,-1000,0,0,0,-17000
2611,志信            ,0,17000,-17000,0,0,0,0,0,0,0,0,0,0,0,0,0,-17000
07574P,國巨元大9A售12  ,0,0,0,0,0,0,0,0,0,-17000,0,0,0,4000,21000,-17000,-17000
07500P,微星元大9A售01  ,0,0,0,0,0,0,0,0,0,-17000,0,0,0,125000,142000,-17000,-17000
07877P,晶技永豐9B售01  ,0,0,0,0,0,0,0,0,0,-17000,0,0,0,1000,18000,-17000,-17000
1726,永記            ,0,17000,-17000,0,0,0,0,0,0,0,0,0,0,0,0,0,-17000
1560,中砂            ,19000,36000,-17000,0,0,0,0,0,0,0,0,0,0,0,0,0,-17000
1713,國化            ,0,17000,-17000,0,0,0,0,0,0,0,0,0,0,0,0,0,-17000
062346,智邦群益9B購02  ,0,0,0,0,0,0,0,0,0,-18000,0,0,0,82000,100000,-18000,-18000
06212P,華新科元大97售11,0,0,0,0,0,0,0,0,0,-18000,0,0,0,64000,82000,-18000,-18000
062684,華新科統一01購02,0,0,0,0,0,0,0,0,0,-18000,0,0,0,10000,28000,-18000,-18000
061522,元黃金凱基01購01,0,0,0,0,0,0,0,0,0,-18000,0,0,0,0,18000,-18000,-18000
061813,鴻海群益9B購02  ,0,0,0,0,0,0,0,0,0,-18000,0,0,0,4000,22000,-18000,-18000
061040,康友永豐9A購01  ,0,0,0,0,0,0,0,0,0,-18000,0,0,0,10000,28000,-18000,-18000
060781,台郡國泰9B購01  ,0,0,0,0,0,0,0,0,0,-18000,0,0,0,558000,576000,-18000,-18000
060922,金像電永豐9A購01,0,0,0,0,0,0,0,0,0,-18000,0,0,0,265000,283000,-18000,-18000
060799,茂林永豐9A購01  ,0,0,0,0,0,0,0,0,0,-18000,0,0,0,64000,82000,-18000,-18000
053223,台郡凱基96購02  ,0,0,0,0,0,0,0,0,0,-18000,0,0,0,2000,20000,-18000,-18000
053741,漢唐國票97購03  ,0,0,0,0,0,0,0,0,0,-18000,0,0,0,0,18000,-18000,-18000
047885,元金2X富邦99購01,0,0,0,0,0,0,0,0,0,-18000,0,0,0,0,18000,-18000,-18000
059643,日月光凱基99購02,0,0,0,0,0,0,0,0,0,-18000,0,0,0,10000,28000,-18000,-18000
056669,貿聯國票99購01  ,0,0,0,0,0,0,0,0,0,-18000,0,0,0,0,18000,-18000,-18000
060066,欣興兆豐9B購01  ,0,0,0,0,0,0,0,0,0,-18000,0,0,0,0,18000,-18000,-18000
060122,亞德客永豐99購02,0,0,0,0,0,0,0,0,0,-18000,0,0,0,12000,30000,-18000,-18000
057006,國巨中信98購03  ,0,0,0,0,0,0,0,0,0,-18000,0,0,0,0,18000,-18000,-18000
060547,瑞昱凱基9A購01  ,0,1000,-1000,0,0,0,0,0,0,-17000,0,0,0,72000,89000,-17000,-18000
060320,元金2X群益02購01,0,0,0,0,0,0,0,0,0,-18000,0,0,0,0,18000,-18000,-18000
058738,FBVIX中信03購04 ,0,0,0,0,0,0,0,0,0,-18000,0,0,0,7000,25000,-18000,-18000
1506,正道            ,2000,20000,-18000,0,0,0,0,0,0,0,0,0,0,0,0,0,-18000
1218,泰山            ,233000,256000,-23000,0,0,0,0,0,0,5000,5000,0,5000,0,0,0,-18000
08106P,聯發科統一9B售09,0,0,0,0,0,0,0,0,0,-18000,0,0,0,0,18000,-18000,-18000
07799P,南電國票9A售04  ,0,0,0,0,0,0,0,0,0,-18000,0,0,0,0,18000,-18000,-18000
07889P,旭富國票9B售01  ,0,0,0,0,0,0,0,0,0,-18000,0,0,0,20000,38000,-18000,-18000
07958P,華擎群益9B售01  ,0,0,0,0,0,0,0,0,0,-18000,0,0,0,5000,23000,-18000,-18000
07508P,華新科國票9A售03,0,0,0,0,0,0,0,0,0,-18000,0,0,0,0,18000,-18000,-18000
07068P,欣興台新99售01  ,0,0,0,0,0,0,0,0,0,-18000,0,0,0,0,18000,-18000,-18000
3013,晟銘電          ,0,17000,-17000,0,0,0,0,0,0,-1000,0,1000,-1000,0,0,0,-18000
3002,歐格            ,0,14000,-14000,0,0,0,0,0,0,-4000,0,4000,-4000,0,0,0,-18000
2429,銘旺科          ,1000,19000,-18000,0,0,0,0,0,0,0,0,0,0,0,0,0,-18000
2430,燦坤            ,0,17000,-17000,0,0,0,0,0,0,-1000,0,1000,-1000,0,0,0,-18000
5283,禾聯碩          ,2000,20000,-18000,0,0,0,0,0,0,0,0,0,0,0,0,0,-18000
4999,鑫禾            ,0,17000,-17000,0,0,0,0,0,0,-1000,0,1000,-1000,0,0,0,-18000
6591,動力-KY         ,47000,67000,-20000,0,0,0,0,0,0,2000,3000,1000,2000,0,0,0,-18000
8070,長華*           ,1000,18000,-17000,0,0,0,0,0,0,-1000,0,1000,-1000,0,0,0,-18000
06141P,大立光日盛97售01,0,0,0,0,0,0,0,0,0,-19000,0,0,0,5000,24000,-19000,-19000
062111,台勝科國票9B購01,0,0,0,0,0,0,0,0,0,-19000,0,0,0,15000,34000,-19000,-19000
062984,致新元富9B購01  ,0,0,0,0,0,0,0,0,0,-19000,0,0,0,78000,97000,-19000,-19000
055305,旺宏群益99購01  ,0,0,0,0,0,0,0,0,0,-19000,0,0,0,10000,29000,-19000,-19000
055203,建準中信97購01  ,0,0,0,0,0,0,0,0,0,-19000,0,0,0,16000,35000,-19000,-19000
059266,緯創中信01購01  ,0,0,0,0,0,0,0,0,0,-19000,0,0,0,1000,20000,-19000,-19000
059377,台積電群益99購09,0,0,0,0,0,0,0,0,0,-19000,0,0,0,0,19000,-19000,-19000
053760,牧德國泰98購01  ,0,0,0,0,0,0,0,0,0,-19000,0,0,0,1000,20000,-19000,-19000
054316,矽創凱基97購01  ,0,0,0,0,0,0,0,0,0,-19000,0,0,0,12000,31000,-19000,-19000
05853P,欣興群益96售05  ,0,0,0,0,0,0,0,0,0,-19000,0,0,0,0,19000,-19000,-19000
059058,可成凱基9B購01  ,0,0,0,0,0,0,0,0,0,-19000,0,0,0,1000,20000,-19000,-19000
058961,台灣50兆豐9C購01,0,0,0,0,0,0,0,0,0,-19000,0,0,0,111000,130000,-19000,-19000
057750,神達國票99購01  ,0,0,0,0,0,0,0,0,0,-19000,0,0,0,0,19000,-19000,-19000
059879,GIS凱基99購03   ,0,0,0,0,0,0,0,0,0,-19000,0,0,0,54000,73000,-19000,-19000
059796,台積電國票99購10,0,0,0,0,0,0,0,0,0,-19000,0,0,0,11000,30000,-19000,-19000
059151,臺股指國票99購14,0,0,0,0,0,0,0,0,0,-19000,0,0,0,9000,28000,-19000,-19000
057366,智邦元大98購08  ,0,0,0,0,0,0,0,0,0,-19000,0,0,0,37000,56000,-19000,-19000
8473,山林水          ,0,19000,-19000,0,0,0,0,0,0,0,0,0,0,0,0,0,-19000
5484,慧友            ,0,19000,-19000,0,0,0,0,0,0,0,0,0,0,0,0,0,-19000
4144,康聯-KY         ,1000,20000,-19000,0,0,0,0,0,0,0,0,0,0,0,0,0,-19000
3679,新至陞          ,1000,18000,-17000,0,0,0,0,0,0,-2000,0,2000,-2000,0,0,0,-19000
2433,互盛電          ,4000,22000,-18000,0,0,0,0,0,0,-1000,0,1000,-1000,0,0,0,-19000
2462,良得電          ,0,18000,-18000,0,0,0,0,0,0,-1000,0,1000,-1000,0,0,0,-19000
06832P,玉晶光凱基98售03,0,0,0,0,0,0,0,0,0,-19000,0,0,0,231000,250000,-19000,-19000
07560P,台積電國泰9B售01,0,0,0,0,0,0,0,0,0,-19000,0,0,0,17000,36000,-19000,-19000
07378P,大立光元大99售29,0,0,0,0,0,0,0,0,0,-19000,0,0,0,31000,50000,-19000,-19000
07903P,台積電群益9B售03,0,0,0,0,0,0,0,0,0,-19000,0,0,0,37000,56000,-19000,-19000
07792P,牧德元大9A售04  ,0,0,0,0,0,0,0,0,0,-19000,0,0,0,0,19000,-19000,-19000
1435,中福            ,21000,40000,-19000,0,0,0,0,0,0,0,0,0,0,0,0,0,-19000
1454,台富            ,2000,21000,-19000,0,0,0,0,0,0,0,0,0,0,0,0,0,-19000
1617,榮星            ,0,19000,-19000,0,0,0,0,0,0,0,0,0,0,0,0,0,-19000
4764,雙鍵            ,0,19700,-19700,0,0,0,0,0,0,0,0,0,0,0,0,0,-19700
062954,世芯永豐9B購03  ,0,0,0,0,0,0,0,0,0,-20000,0,0,0,10000,30000,-20000,-20000
06269P,群創凱基98售10  ,0,0,0,0,0,0,0,0,0,-20000,0,0,0,0,20000,-20000,-20000
062749,元金2X中信9B購01,0,0,0,0,0,0,0,0,0,-20000,0,0,0,0,20000,-20000,-20000
062760,漢唐凱基9B購01  ,0,0,0,0,0,0,0,0,0,-20000,0,0,0,0,20000,-20000,-20000
06509P,鴻海群益98售03  ,0,0,0,0,0,0,0,0,0,-20000,0,0,0,74000,94000,-20000,-20000
06342P,世芯統一98售01  ,0,0,0,0,0,0,0,0,0,-20000,0,0,0,0,20000,-20000,-20000
063113,聯茂兆豐9B購01  ,0,0,0,0,0,0,0,0,0,-20000,0,0,0,0,20000,-20000,-20000
06687P,A50正2中信9A售01,0,0,0,0,0,0,0,0,0,-20000,0,0,0,0,20000,-20000,-20000
062056,國巨統一9C購08  ,0,0,0,0,0,0,0,0,0,-20000,0,0,0,0,20000,-20000,-20000
062059,聯發科統一9C購06,0,0,0,0,0,0,0,0,0,-20000,0,0,0,0,20000,-20000,-20000
062279,晶豪科群益9B購01,0,0,0,0,0,0,0,0,0,-20000,0,0,0,0,20000,-20000,-20000
062676,南六台新9B購01  ,0,0,0,0,0,0,0,0,0,-20000,0,0,0,0,20000,-20000,-20000
062623,元金2X國票01購01,0,0,0,0,0,0,0,0,0,-20000,0,0,0,0,20000,-20000,-20000
061443,大立光統一9C購02,0,0,0,0,0,0,0,0,0,-20000,0,0,0,0,20000,-20000,-20000
061377,聯發科永豐9A購04,0,0,0,0,0,0,0,0,0,-20000,0,0,0,0,20000,-20000,-20000
061328,T50反1元大9A購12,0,0,0,0,0,0,0,0,0,-20000,0,0,0,0,20000,-20000,-20000
061362,台塑國票9B購01  ,0,0,0,0,0,0,0,0,0,-20000,0,0,0,10000,30000,-20000,-20000
06155P,智邦統一97售02  ,0,0,0,0,0,0,0,0,0,-20000,0,0,0,0,20000,-20000,-20000
061572,奇力新元大9A購04,0,0,0,0,0,0,0,0,0,-20000,0,0,0,18000,38000,-20000,-20000
061801,祥碩永豐9B購01  ,0,0,0,0,0,0,0,0,0,-20000,0,0,0,0,20000,-20000,-20000
061747,南亞科統一01購01,0,0,0,0,0,0,0,0,0,-20000,0,0,0,15000,35000,-20000,-20000
061984,華新科元大9B購05,0,0,0,0,0,0,0,0,0,-20000,0,0,0,0,20000,-20000,-20000
061905,上証反中信03購01,0,0,0,0,0,0,0,0,0,-20000,0,0,0,0,20000,-20000,-20000
060874,中鋼中信02購01  ,0,0,0,0,0,0,0,0,0,-20000,0,0,0,40000,60000,-20000,-20000
060710,上銀永豐9A購01  ,0,0,0,0,0,0,0,0,0,-20000,0,0,0,0,20000,-20000,-20000
061264,全新凱基9B購01  ,0,0,0,0,0,0,0,0,0,-20000,0,0,0,0,20000,-20000,-20000
054279,揚明光群益98購01,0,0,0,0,0,0,0,0,0,-20000,0,0,0,0,20000,-20000,-20000
052626,上証2X中信9A購01,0,0,0,0,0,0,0,0,0,-20000,0,0,0,0,20000,-20000,-20000
054167,揚明光凱基98購01,0,0,0,0,0,0,0,0,0,-20000,0,0,0,0,20000,-20000,-20000
055436,晶豪科中信99購01,0,0,0,0,0,0,0,0,0,-20000,0,0,0,0,20000,-20000,-20000
055411,國巨富邦9A購02  ,0,0,0,0,0,0,0,0,0,-20000,0,0,0,0,20000,-20000,-20000
056470,旺宏元大99購01  ,0,0,0,0,0,0,0,0,0,-20000,0,0,0,13000,33000,-20000,-20000
055519,茂林中信99購01  ,0,0,0,0,0,0,0,0,0,-20000,0,0,0,0,20000,-20000,-20000
05241P,鴻海國泰97售04  ,0,0,0,0,0,0,0,0,0,-20000,0,0,0,25000,45000,-20000,-20000
054075,GIS富邦97購02   ,0,0,0,0,0,0,0,0,0,-20000,0,0,0,0,20000,-20000,-20000
053033,智易兆豐97購01  ,0,0,0,0,0,0,0,0,0,-20000,0,0,0,10000,30000,-20000,-20000
053797,台積電中信98購01,0,0,0,0,0,0,0,0,0,-20000,0,0,0,0,20000,-20000,-20000
053461,台郡永昌99購01  ,0,0,0,0,0,0,0,0,0,-20000,0,0,0,0,20000,-20000,-20000
053583,漢唐元大96購03  ,0,0,0,0,0,0,0,0,0,-20000,0,0,0,30000,50000,-20000,-20000
053510,聯電群益97購01  ,0,0,0,0,0,0,0,0,0,-20000,0,0,0,0,20000,-20000,-20000
051078,力山富邦97購01  ,0,0,0,0,0,0,0,0,0,-20000,0,0,0,110000,130000,-20000,-20000
035276,南亞科台新97購01,0,0,0,0,0,0,0,0,0,-20000,0,0,0,0,20000,-20000,-20000
04950P,上証2X中信96售02,0,0,0,0,0,0,0,0,0,-20000,0,0,0,0,20000,-20000,-20000
059334,A50正2國票9A購02,0,0,0,0,0,0,0,0,0,-20000,0,0,0,0,20000,-20000,-20000
059340,鴻海凱基9A購12  ,0,0,0,0,0,0,0,0,0,-20000,0,0,0,0,20000,-20000,-20000
059284,緯穎永豐99購03  ,0,0,0,0,0,0,0,0,0,-20000,0,0,0,0,20000,-20000,-20000
056431,鴻海凱基98購07  ,0,0,0,0,0,0,0,0,0,-20000,0,0,0,0,20000,-20000,-20000
056010,力成中信97購01  ,0,0,0,0,0,0,0,0,0,-20000,0,0,0,0,20000,-20000,-20000
056001,美食永豐97購01  ,0,0,0,0,0,0,0,0,0,-20000,0,0,0,0,20000,-20000,-20000
056040,亞光凱基98購01  ,0,0,0,0,0,0,0,0,0,-20000,0,0,0,0,20000,-20000,-20000
056100,楠梓電永豐97購02,0,0,0,0,0,0,0,0,0,-20000,0,0,0,0,20000,-20000,-20000
055227,聯發科國票98購02,0,0,0,0,0,0,0,0,0,-20000,0,0,0,1000,21000,-20000,-20000
055125,智原兆豐97購01  ,0,0,0,0,0,0,0,0,0,-20000,0,0,0,0,20000,-20000,-20000
055080,正崴中信99購01  ,0,0,0,0,0,0,0,0,0,-20000,0,0,0,0,20000,-20000,-20000
055334,禾伸堂兆豐97購01,0,0,0,0,0,0,0,0,0,-20000,0,0,0,100000,120000,-20000,-20000
054975,福懋科元大97購01,0,0,0,0,0,0,0,0,0,-20000,0,0,0,0,20000,-20000,-20000
054621,華新科兆豐98購01,0,0,0,0,0,0,0,0,0,-20000,0,0,0,0,20000,-20000,-20000
055747,康舒元富97購01  ,0,0,0,0,0,0,0,0,0,-20000,0,0,0,0,20000,-20000,-20000
054511,香港反元大98購01,0,0,0,0,0,0,0,0,0,-20000,0,0,0,0,20000,-20000,-20000
054502,泰碩永豐96購01  ,0,0,0,0,0,0,0,0,0,-20000,0,0,0,0,20000,-20000,-20000
058282,聯茂中信99購01  ,0,0,0,0,0,0,0,0,0,-20000,0,0,0,0,20000,-20000,-20000
05910P,力山永豐96售02  ,0,0,0,0,0,0,0,0,0,-20000,0,0,0,0,20000,-20000,-20000
05979P,華新科中信96售02,0,0,0,0,0,0,0,0,0,-20000,0,0,0,0,20000,-20000,-20000
059874,大立光凱基99購15,0,0,0,0,0,0,0,0,0,-20000,0,0,0,0,20000,-20000,-20000
05984P,台積電統一98售01,0,0,0,0,0,0,0,0,0,-20000,0,0,0,46000,66000,-20000,-20000
06000P,GIS元大96售04   ,0,0,0,0,0,0,0,0,0,-20000,0,0,0,0,20000,-20000,-20000
060129,祥碩永豐99購03  ,0,0,0,0,0,0,0,0,0,-20000,0,0,0,0,20000,-20000,-20000
056977,國巨群益9A購01  ,0,0,0,0,0,0,0,0,0,-20000,0,0,0,0,20000,-20000,-20000
057066,緯穎富邦99購01  ,0,0,0,0,0,0,0,0,0,-20000,0,0,0,0,20000,-20000,-20000
058308,全新元大9B購01  ,0,0,0,0,0,0,0,0,0,-20000,0,0,0,0,20000,-20000,-20000
057153,祥碩國泰99購01  ,0,0,0,0,0,0,0,0,0,-20000,0,0,0,0,20000,-20000,-20000
057094,祥碩元富98購01  ,0,0,0,0,0,0,0,0,0,-20000,0,0,0,0,20000,-20000,-20000
05723P,華通永豐96售03  ,0,0,0,0,0,0,0,0,0,-20000,0,0,0,0,20000,-20000,-20000
057303,喬山兆豐99購01  ,0,0,0,0,0,0,0,0,0,-20000,0,0,0,0,20000,-20000,-20000
058393,元油2X元大99購13,0,0,0,0,0,0,0,0,0,-20000,0,0,0,0,20000,-20000,-20000
058442,玉晶光台新99購01,0,0,0,0,0,0,0,0,0,-20000,0,0,0,0,20000,-20000,-20000
057322,旺宏群益98購04  ,0,0,0,0,0,0,0,0,0,-20000,0,0,0,10000,30000,-20000,-20000
057931,正崴群益98購02  ,0,0,0,0,0,0,0,0,0,-20000,0,0,0,78000,98000,-20000,-20000
057785,智邦國票99購02  ,0,0,0,0,0,0,0,0,0,-20000,0,0,0,5000,25000,-20000,-20000
05680P,聯發科元大96售12,0,0,0,0,0,0,0,0,0,-20000,0,0,0,0,20000,-20000,-20000
056796,國巨麥證98購02  ,0,0,0,0,20000,-20000,0,0,0,-20000,0,0,0,0,20000,-20000,-20000
056860,正崴群益98購01  ,0,0,0,0,0,0,0,0,0,-20000,0,0,0,78000,98000,-20000,-20000
06035P,同欣電凱基96售03,0,0,0,0,0,0,0,0,0,-20000,0,0,0,0,20000,-20000,-20000
060277,道瓊反元大9A購02,0,0,0,0,0,0,0,0,0,-20000,0,0,0,0,20000,-20000,-20000
060532,欣興中信9A購01  ,0,0,0,0,0,0,0,0,0,-20000,0,0,0,12000,32000,-20000,-20000
060572,景碩永豐9A購01  ,0,0,0,0,0,0,0,0,0,-20000,0,0,0,0,20000,-20000,-20000
060578,臺股指中信9C購03,0,0,0,0,0,0,0,0,0,-20000,0,0,0,22000,42000,-20000,-20000
058990,GIS凱基99購02   ,0,0,0,0,0,0,0,0,0,-20000,0,0,0,6000,26000,-20000,-20000
058577,南亞科群益99購02,0,0,0,0,0,0,0,0,0,-20000,0,0,0,0,20000,-20000,-20000
057654,A50正2中信98購01,0,0,0,0,0,0,0,0,0,-20000,0,0,0,0,20000,-20000,-20000
057722,臺股指元富98購01,0,0,0,0,0,0,0,0,0,-20000,0,0,0,0,20000,-20000,-20000
058077,超眾凱基98購02  ,0,0,0,0,0,0,0,0,0,-20000,0,0,0,21000,41000,-20000,-20000
058498,世紀鋼群益99購01,0,0,0,0,0,0,0,0,0,-20000,0,0,0,78000,98000,-20000,-20000
058513,宏達電元大99購05,0,0,0,0,0,0,0,0,0,-20000,0,0,0,52000,72000,-20000,-20000
058184,鴻海永豐99購01  ,0,0,0,0,0,0,0,0,0,-20000,0,0,0,10000,30000,-20000,-20000
4930,燦星網          ,1000,23000,-22000,0,0,0,0,0,0,2000,2000,0,2000,0,0,0,-20000
3686,達能            ,0,20000,-20000,0,0,0,0,0,0,0,0,0,0,0,0,0,-20000
3416,融程電          ,0,20000,-20000,0,0,0,0,0,0,0,0,0,0,0,0,0,-20000
6655,科定            ,2000,22000,-20000,0,0,0,0,0,0,0,0,0,0,0,0,0,-20000
3027,盛達            ,0,19000,-19000,0,0,0,0,0,0,-1000,0,1000,-1000,0,0,0,-20000
2701,萬企            ,0,20000,-20000,0,0,0,0,0,0,0,0,0,0,0,0,0,-20000
8367,建新國際        ,0,20000,-20000,0,0,0,0,0,0,0,0,0,0,0,0,0,-20000
1786,科妍            ,25000,46000,-21000,0,0,0,0,0,0,1000,2000,1000,1000,0,0,0,-20000
07290P,台灣50凱基9A售08,0,0,0,0,0,0,0,0,0,-20000,0,0,0,0,20000,-20000,-20000
07443P,鴻海凱基9A售18  ,0,0,0,0,0,0,0,0,0,-20000,0,0,0,0,20000,-20000,-20000
06789P,鴻海凱基98售12  ,0,0,0,0,0,0,0,0,0,-20000,0,0,0,0,20000,-20000,-20000
06886P,旺宏元大99售07  ,0,0,0,0,0,0,0,0,0,-20000,0,0,0,0,20000,-20000,-20000
06853P,華擎元富98售03  ,0,0,0,0,0,0,0,0,0,-20000,0,0,0,455000,475000,-20000,-20000
061224,道瓊反中信01購01,0,0,0,0,0,0,0,0,0,-21000,0,0,0,0,21000,-21000,-21000
060777,茂林凱基9C購01  ,0,0,0,0,0,0,0,0,0,-21000,0,0,0,62000,83000,-21000,-21000
060872,高股息中信02購01,0,0,0,0,0,0,0,0,0,-21000,0,0,0,0,21000,-21000,-21000
061860,臺股指國票9B購04,0,0,0,0,0,0,0,0,0,-21000,0,0,0,2000,23000,-21000,-21000
062683,可成統一9B購04  ,0,0,0,0,0,0,0,0,0,-21000,0,0,0,0,21000,-21000,-21000
06543P,鴻海元大98售08  ,0,0,0,0,0,0,0,0,0,-21000,0,0,0,59000,80000,-21000,-21000
054639,台新金中信99購01,0,0,0,0,0,0,0,0,0,-21000,0,0,0,0,21000,-21000,-21000
055108,智邦凱基98購01  ,0,0,0,0,0,0,0,0,0,-21000,0,0,0,3000,24000,-21000,-21000
059240,台積電凱基9A購09,0,0,0,0,0,0,0,0,0,-21000,0,0,0,1000,22000,-21000,-21000
053158,茂林元大96購01  ,0,0,0,0,0,0,0,0,0,-21000,0,0,0,30000,51000,-21000,-21000
051728,道瓊反國票97購01,0,0,0,0,0,0,0,0,0,-21000,0,0,0,1000,22000,-21000,-21000
058601,台積電元大99購10,0,0,0,0,0,0,0,0,0,-21000,0,0,0,3000,24000,-21000,-21000
059083,華通元大99購07  ,0,0,0,0,0,0,0,0,0,-21000,0,0,0,0,21000,-21000,-21000
057767,緯穎凱基98購06  ,0,0,0,0,0,0,0,0,0,-21000,0,0,0,17000,38000,-21000,-21000
057930,旺宏群益99購04  ,0,0,0,0,0,0,0,0,0,-21000,0,0,0,23000,44000,-21000,-21000
057142,力成兆豐98購01  ,0,0,0,0,0,0,0,0,0,-21000,0,0,0,0,21000,-21000,-21000
060111,臻鼎元大99購04  ,0,0,0,0,0,0,0,0,0,-21000,0,0,0,29000,50000,-21000,-21000
06783P,亞光元大98售03  ,0,0,0,0,0,0,0,0,0,-21000,0,0,0,3000,24000,-21000,-21000
07023P,南電永豐99售02  ,0,0,0,0,0,0,0,0,0,-21000,0,0,0,10000,31000,-21000,-21000
07469P,台達電元大9A售01,0,0,0,0,0,0,0,0,0,-21000,0,0,0,80000,101000,-21000,-21000
07284P,大立光凱基99售10,0,0,0,0,0,0,0,0,0,-21000,0,0,0,9000,30000,-21000,-21000
07671P,超眾元大9A售04  ,0,0,0,0,0,0,0,0,0,-21000,0,0,0,132000,153000,-21000,-21000
2028,威致            ,0,21000,-21000,0,0,0,0,0,0,0,0,0,0,0,0,0,-21000
07946P,華通統一9B售02  ,0,0,0,0,0,0,0,0,0,-21000,0,0,0,20000,41000,-21000,-21000
9902,台火            ,2000,23000,-21000,0,0,0,0,0,0,0,0,0,0,0,0,0,-21000
2706,第一店          ,2000,23000,-21000,0,0,0,0,0,0,0,0,0,0,0,0,0,-21000
6243,迅杰            ,0,21000,-21000,0,0,0,0,0,0,0,0,0,0,0,0,0,-21000
062222,華新科統一9B購04,0,0,0,0,0,0,0,0,0,-22000,0,0,0,3000,25000,-22000,-22000
061586,智邦富邦9A購02  ,0,0,0,0,0,0,0,0,0,-22000,0,0,0,29000,51000,-22000,-22000
061358,世紀鋼元大9A購04,0,0,0,0,0,0,0,0,0,-22000,0,0,0,30000,52000,-22000,-22000
061473,台積電元大9A購33,0,0,0,0,0,0,0,0,0,-22000,0,0,0,0,22000,-22000,-22000
052890,FB上証群益9B購01,0,0,0,0,0,0,0,0,0,-22000,0,0,0,0,22000,-22000,-22000
0052,富邦科技        ,0,0,0,0,0,0,0,0,0,-22000,0,0,0,100000,122000,-22000,-22000
048273,南電富邦97購01  ,0,0,0,0,0,0,0,0,0,-22000,0,0,0,20000,42000,-22000,-22000
059400,滬深2X元富9C購04,0,0,0,0,0,0,0,0,0,-22000,0,0,0,0,22000,-22000,-22000
056162,祥碩凱基97購03  ,0,0,0,0,0,0,0,0,0,-22000,0,0,0,0,22000,-22000,-22000
054895,南電統一97購01  ,0,0,0,0,0,0,0,0,0,-22000,0,0,0,0,22000,-22000,-22000
05579P,友達凱基98售03  ,0,0,0,0,0,0,0,0,0,-22000,0,0,0,2000,24000,-22000,-22000
056609,楠梓電永豐98購02,0,0,0,0,0,0,0,0,0,-22000,0,0,0,0,22000,-22000,-22000
055584,國巨元大97購11  ,0,0,0,0,0,0,0,0,0,-22000,0,0,0,10000,32000,-22000,-22000
059899,上証2X元大9C購04,0,0,0,0,0,0,0,0,0,-22000,0,0,0,0,22000,-22000,-22000
057240,茂林凱基9A購01  ,0,0,0,0,0,0,0,0,0,-22000,0,0,0,30000,52000,-22000,-22000
058431,國巨統一9B購01  ,0,0,0,0,0,0,0,0,0,-22000,0,0,0,98000,120000,-22000,-22000
060187,華新科元富9A購02,0,0,0,0,0,0,0,0,0,-22000,0,0,0,28000,50000,-22000,-22000
056718,GIS永豐98購01   ,0,0,0,0,0,0,0,0,0,-22000,0,0,0,113000,135000,-22000,-22000
3346,麗清            ,16000,38000,-22000,0,0,0,0,0,0,0,0,0,0,0,0,0,-22000
2597,潤弘            ,0,17000,-17000,0,0,0,0,0,0,-5000,0,5000,-5000,0,0,0,-22000
2530,華建            ,13000,35000,-22000,0,0,0,0,0,0,0,2000,2000,0,0,0,0,-22000
9943,好樂迪          ,9000,31000,-22000,0,0,0,0,0,0,0,0,0,0,0,0,0,-22000
07868P,健策元大9B售05  ,0,0,0,0,0,0,0,0,0,-22000,0,0,0,0,22000,-22000,-22000
2069,運錩            ,1000,23000,-22000,0,0,0,0,0,0,0,0,0,0,0,0,0,-22000
1817,凱撒衛          ,0,22000,-22000,0,0,0,0,0,0,0,0,0,0,0,0,0,-22000
1524,耿鼎            ,3000,25000,-22000,0,0,0,0,0,0,0,0,0,0,0,0,0,-22000
07673P,電子類元大9A售01,0,0,0,0,0,0,0,0,0,-22000,0,0,0,13000,35000,-22000,-22000
07531P,大立光國泰9B售03,0,0,0,0,0,0,0,0,0,-22000,0,0,0,0,22000,-22000,-22000
07352P,台積電國票99售11,0,0,0,0,0,0,0,0,0,-22000,0,0,0,31000,53000,-22000,-22000
07447P,台灣50元大9A售07,0,0,0,0,0,0,0,0,0,-22000,0,0,0,0,22000,-22000,-22000
061351,智伸科元大9A購01,0,0,0,0,0,0,0,0,0,-23000,0,0,0,193000,216000,-23000,-23000
060628,和大富邦9B購01  ,0,0,0,0,0,0,0,0,0,-23000,0,0,0,7000,30000,-23000,-23000
060657,旺宏統一9B購05  ,0,0,0,0,0,0,0,0,0,-23000,0,0,0,10000,33000,-23000,-23000
062635,創意國票9B購01  ,0,0,0,0,0,0,0,0,0,-23000,0,0,0,123000,146000,-23000,-23000
062630,全新國票9B購02  ,0,0,0,0,0,0,0,0,0,-23000,0,0,0,0,23000,-23000,-23000
062628,廣達國票9B購01  ,0,0,0,0,0,0,0,0,0,-23000,0,0,0,34000,57000,-23000,-23000
062568,緯穎中信9C購01  ,0,0,0,0,0,0,0,0,0,-23000,0,0,0,20000,43000,-23000,-23000
062481,同欣電國票9B購01,0,30000,-30000,0,0,0,0,0,0,7000,0,0,0,179000,172000,7000,-23000
062736,漢唐國票9B購01  ,0,0,0,0,0,0,0,0,0,-23000,0,0,0,10000,33000,-23000,-23000
059255,臺股指凱基99購33,0,0,0,0,0,0,0,0,0,-23000,0,0,0,0,23000,-23000,-23000
00700,富邦恒生國企    ,0,0,0,0,0,0,0,0,0,-23000,0,0,0,100000,123000,-23000,-23000
05052P,友達群益97售01  ,0,0,0,0,0,0,0,0,0,-23000,0,0,0,14000,37000,-23000,-23000
03686P,大立光統一98售02,0,0,0,0,0,0,0,0,0,-23000,0,0,0,0,23000,-23000,-23000
056747,致新凱基99購01  ,0,0,0,0,0,0,0,0,0,-23000,0,0,0,0,23000,-23000,-23000
057949,南電國票99購01  ,0,0,0,0,0,0,0,0,0,-23000,0,0,0,5000,28000,-23000,-23000
060091,技嘉元大99購03  ,0,0,0,0,0,0,0,0,0,-23000,0,0,0,27000,50000,-23000,-23000
059137,電子類群益99購01,0,0,0,0,0,0,0,0,0,-23000,0,0,0,5000,28000,-23000,-23000
06864P,健策凱基98售01  ,0,0,0,0,0,0,0,0,0,-23000,0,0,0,37000,60000,-23000,-23000
06936P,瑞儀元大98售01  ,0,0,0,0,0,0,0,0,0,-23000,0,0,0,4000,27000,-23000,-23000
1441,大東            ,0,24000,-24000,0,0,0,0,0,0,1000,1000,0,1000,0,0,0,-23000
07924P,台積電凱基9B售04,0,0,0,0,0,0,0,0,0,-23000,0,0,0,0,23000,-23000,-23000
8422,可寧衛          ,5000,28000,-23000,0,0,0,0,0,0,0,0,0,0,0,0,0,-23000
06513P,鴻海凱基98售10  ,0,0,0,0,0,0,0,0,0,-24000,0,0,0,69000,93000,-24000,-24000
062353,亞德客元大9B購01,0,0,0,0,0,0,0,0,0,-24000,0,0,0,77000,101000,-24000,-24000
062088,緯穎元大9B購04  ,0,0,0,0,0,0,0,0,0,-24000,0,0,0,22000,46000,-24000,-24000
061319,聯發科凱基9A購16,0,0,0,0,0,0,0,0,0,-24000,0,0,0,0,24000,-24000,-24000
051536,玉晶光國票97購01,0,0,0,0,0,0,0,0,0,-24000,0,0,0,29000,53000,-24000,-24000
053959,晶豪科永豐96購02,0,0,0,0,0,0,0,0,0,-24000,0,0,0,176000,200000,-24000,-24000
055114,新日興凱基98購01,0,0,0,0,0,0,0,0,0,-24000,0,0,0,26000,50000,-24000,-24000
059786,全新元大99購06  ,0,0,0,0,0,0,0,0,0,-24000,0,0,0,26000,50000,-24000,-24000
059539,緯穎凱基99購03  ,0,0,0,0,0,0,0,0,0,-24000,0,0,0,0,24000,-24000,-24000
057423,台郡凱基98購06  ,0,0,0,0,0,0,0,0,0,-24000,0,0,0,0,24000,-24000,-24000
057323,智邦群益98購01  ,0,0,0,0,0,0,0,0,0,-24000,0,0,0,1000,25000,-24000,-24000
056766,義隆元大98購01  ,0,0,0,0,0,0,0,0,0,-24000,0,0,0,0,24000,-24000,-24000
058810,國巨統一9B購04  ,0,0,0,0,0,0,0,0,0,-24000,0,0,0,40000,64000,-24000,-24000
060600,台積電凱基9C購01,0,0,0,0,0,0,0,0,0,-24000,0,0,0,0,24000,-24000,-24000
060576,欣興中信9B購01  ,0,0,0,0,0,0,0,0,0,-24000,0,0,0,70000,94000,-24000,-24000
2482,連宇            ,9000,39000,-30000,0,0,0,0,0,0,6000,7000,1000,6000,0,0,0,-24000
3058,立德            ,1000,29000,-28000,0,0,0,0,0,0,4000,4000,0,4000,0,0,0,-24000
2911,麗嬰房          ,0,24000,-24000,0,0,0,0,0,0,0,0,0,0,0,0,0,-24000
08092P,仁寶元富9B售02  ,0,0,0,0,0,0,0,0,0,-24000,0,0,0,0,24000,-24000,-24000
1732,毛寶            ,88000,113000,-25000,0,0,0,0,0,0,1000,1000,0,1000,0,0,0,-24000
06952P,大立光統一9A售03,0,0,0,0,0,0,0,0,0,-24000,0,0,0,0,24000,-24000,-24000
07048P,台積電中信03售01,0,0,0,0,0,0,0,0,0,-24000,0,0,0,7000,31000,-24000,-24000
07408P,台積電兆豐99售06,0,0,0,0,0,0,0,0,0,-24000,0,0,0,0,24000,-24000,-24000
061568,國巨元大9A購25  ,0,0,0,0,0,0,0,0,0,-25000,0,0,0,10000,35000,-25000,-25000
061964,台積電統一01購05,0,0,0,0,0,0,0,0,0,-25000,0,0,0,5000,30000,-25000,-25000
061136,可成統一9A購01  ,0,0,0,0,0,0,0,0,0,-25000,0,0,0,25000,50000,-25000,-25000
061048,國巨中信9A購05  ,0,0,0,0,0,0,0,0,0,-25000,0,0,0,2000,27000,-25000,-25000
061081,宏碁兆豐9A購01  ,0,0,0,0,0,0,0,0,0,-25000,0,0,0,169000,194000,-25000,-25000
062131,臺指反群益9B購03,0,0,0,0,0,0,0,0,0,-25000,0,0,0,0,25000,-25000,-25000
062179,旺宏元大9B購05  ,0,0,0,0,0,0,0,0,0,-25000,0,0,0,10000,35000,-25000,-25000
062334,健策統一9B購02  ,0,0,0,0,0,0,0,0,0,-25000,0,0,0,0,25000,-25000,-25000
062428,超眾統一9B購01  ,0,0,0,0,0,0,0,0,0,-25000,0,0,0,0,25000,-25000,-25000
062593,健策統一9B購03  ,0,0,0,0,0,0,0,0,0,-25000,0,0,0,0,25000,-25000,-25000
062688,華擎統一01購03  ,0,0,0,0,0,0,0,0,0,-25000,0,0,0,2000,27000,-25000,-25000
062682,全新統一9B購01  ,0,0,0,0,0,0,0,0,0,-25000,0,0,0,0,25000,-25000,-25000
06461P,玉晶光國泰9A售01,0,0,0,0,0,0,0,0,0,-25000,0,0,0,0,25000,-25000,-25000
06602P,國巨統一99售02  ,0,0,0,0,0,0,0,0,0,-25000,0,0,0,15000,40000,-25000,-25000
062731,力成凱基9B購02  ,0,0,0,0,0,0,0,0,0,-25000,0,0,0,0,25000,-25000,-25000
056642,旺宏凱基98購07  ,0,0,0,0,0,0,0,0,0,-25000,0,0,0,0,25000,-25000,-25000
056323,旺宏兆豐98購01  ,0,0,0,0,0,0,0,0,0,-25000,0,0,0,25000,50000,-25000,-25000
051630,力山國票96購01  ,0,0,0,0,0,0,0,0,0,-25000,0,0,0,152000,177000,-25000,-25000
052468,超眾統一96購02  ,0,0,0,0,0,0,0,0,0,-25000,0,0,0,0,25000,-25000,-25000
056517,茂林兆豐99購01  ,0,0,0,0,0,0,0,0,0,-25000,0,0,0,45000,70000,-25000,-25000
045054,聯發科元富98購02,0,0,0,0,0,0,0,0,0,-25000,0,0,0,0,25000,-25000,-25000
057788,嘉聯益國票99購01,0,0,0,0,0,0,0,0,0,-25000,0,0,0,0,25000,-25000,-25000
058982,台積電凱基99購08,0,0,0,0,0,0,0,0,0,-25000,0,0,0,0,25000,-25000,-25000
057996,臻鼎中信98購01  ,0,0,0,0,0,0,0,0,0,-25000,0,0,0,48000,73000,-25000,-25000
058377,茂林凱基9A購03  ,0,0,0,0,0,0,0,0,0,-25000,0,0,0,10000,35000,-25000,-25000
057491,美食元大98購03  ,0,0,0,0,0,0,0,0,0,-25000,0,0,0,66000,91000,-25000,-25000
07322P,鴻海元大99售33  ,0,0,0,0,0,0,0,0,0,-25000,0,0,0,50000,75000,-25000,-25000
07225P,台積電元大99售33,0,0,0,0,0,0,0,0,0,-25000,0,0,0,14000,39000,-25000,-25000
2305,全友            ,0,24000,-24000,0,0,0,0,0,0,-1000,0,1000,-1000,0,0,0,-25000
1419,新紡            ,0,25000,-25000,0,0,0,0,0,0,0,0,0,0,0,0,0,-25000
1540,喬福            ,0,25000,-25000,0,0,0,0,0,0,0,0,0,0,0,0,0,-25000
08084P,台表科元大9B售06,0,0,0,0,0,0,0,0,0,-25000,0,0,0,7000,32000,-25000,-25000
3018,同開            ,12000,37000,-25000,0,0,0,0,0,0,0,0,0,0,0,0,0,-25000
4545,銘鈺            ,2000,22000,-20000,0,0,0,0,0,0,-5000,0,5000,-5000,0,0,0,-25000
6281,全國電          ,0,24000,-24000,0,0,0,0,0,0,-1000,0,1000,-1000,0,0,0,-25000
6581,鋼聯            ,0,25000,-25000,0,0,0,0,0,0,0,0,0,0,0,0,0,-25000
9937,全國            ,0,25000,-25000,0,0,0,0,0,0,0,0,0,0,0,0,0,-25000
062808,祥碩統一9C購01  ,0,0,0,0,0,0,0,0,0,-26000,0,0,0,20000,46000,-26000,-26000
062997,嘉晶國票9B購03  ,0,0,0,0,0,0,0,0,0,-26000,0,0,0,0,26000,-26000,-26000
063075,祥碩永豐9B購04  ,0,0,0,0,0,0,0,0,0,-26000,0,0,0,0,26000,-26000,-26000
062047,緯穎凱基9B購01  ,0,0,0,0,0,0,0,0,0,-26000,0,0,0,4000,30000,-26000,-26000
062009,聯發科國泰01購01,0,0,0,0,0,0,0,0,0,-26000,0,0,0,4000,30000,-26000,-26000
061112,台表科元大9A購03,0,0,0,0,0,0,0,0,0,-26000,0,0,0,14000,40000,-26000,-26000
060623,玉晶光元大9C購01,0,0,0,0,0,0,0,0,0,-26000,0,0,0,0,26000,-26000,-26000
060748,臻鼎國票9A購01  ,0,0,0,0,0,0,0,0,0,-26000,0,0,0,1000,27000,-26000,-26000
061738,聯發科凱基9B購04,0,0,0,0,0,0,0,0,0,-26000,0,0,0,0,26000,-26000,-26000
045189,大立光元富98購01,0,0,0,0,0,0,0,0,0,-26000,0,0,0,0,26000,-26000,-26000
052152,創意富邦98購01  ,0,0,0,0,0,0,0,0,0,-26000,0,0,0,0,26000,-26000,-26000
056044,同欣電凱基97購03,0,0,0,0,0,0,0,0,0,-26000,0,0,0,94000,120000,-26000,-26000
055943,瑞昱麥證97購01  ,0,0,0,161000,187000,-26000,0,0,0,-26000,0,0,0,161000,187000,-26000,-26000
055350,聯發科凱基97購02,0,0,0,0,0,0,0,0,0,-26000,0,0,0,10000,36000,-26000,-26000
059941,聯發科永豐99購04,0,0,0,0,0,0,0,0,0,-26000,0,0,0,0,26000,-26000,-26000
059023,可成統一9B購02  ,0,0,0,0,0,0,0,0,0,-26000,0,0,0,106000,132000,-26000,-26000
05876P,聯發科群益96售03,0,0,0,0,0,0,0,0,0,-26000,0,0,0,4000,30000,-26000,-26000
058175,旺宏凱基99購03  ,0,0,0,0,0,0,0,0,0,-26000,0,0,0,44000,70000,-26000,-26000
060370,滬深2X元富04購01,0,0,0,0,0,0,0,0,0,-26000,0,0,0,0,26000,-26000,-26000
6449,鈺邦            ,1000,26000,-25000,0,0,0,0,0,0,-1000,1000,2000,-1000,0,0,0,-26000
6216,居易            ,0,25000,-25000,0,0,0,0,0,0,-1000,0,1000,-1000,0,0,0,-26000
5525,順天            ,0,26000,-26000,0,0,0,0,0,0,0,0,0,0,0,0,0,-26000
6152,百一            ,0,26000,-26000,0,0,0,0,0,0,0,0,0,0,0,0,0,-26000
07720P,臺股指群益9A售09,0,0,0,0,0,0,0,0,0,-26000,0,0,0,50000,76000,-26000,-26000
06887P,華新科元大98售04,0,0,0,0,0,0,0,0,0,-26000,0,0,0,0,26000,-26000,-26000
07369P,台積電凱基99售20,0,0,0,0,0,0,0,0,0,-26000,0,0,0,1000,27000,-26000,-26000
07669P,華新科元大9A售14,0,0,0,0,0,0,0,0,0,-26000,0,0,0,2000,28000,-26000,-26000
060675,南亞科元大9A購02,0,0,0,0,0,0,0,0,0,-27000,0,0,0,35000,62000,-27000,-27000
061094,彩晶統一9B購02  ,0,0,0,0,0,0,0,0,0,-27000,0,0,0,0,27000,-27000,-27000
061005,可成兆豐9A購01  ,0,0,0,0,0,0,0,0,0,-27000,0,0,0,105000,132000,-27000,-27000
061244,和碩兆豐9A購01  ,0,0,0,0,0,0,0,0,0,-27000,0,0,0,23000,50000,-27000,-27000
062089,矽創元大9B購02  ,0,0,0,0,0,0,0,0,0,-27000,0,0,0,109000,136000,-27000,-27000
06216P,上銀元富97售03  ,0,0,0,0,0,0,0,0,0,-27000,0,0,0,0,27000,-27000,-27000
062112,祥碩國票9C購01  ,0,0,0,0,0,0,0,0,0,-27000,0,0,0,2000,29000,-27000,-27000
062689,華擎統一02購01  ,0,0,0,0,0,0,0,0,0,-27000,0,0,0,0,27000,-27000,-27000
052229,奇力新凱基96購01,0,0,0,0,0,0,0,0,0,-27000,0,0,0,20000,47000,-27000,-27000
00713,元大台灣高息低波,0,0,0,0,0,0,0,0,0,-27000,0,0,0,2000,29000,-27000,-27000
060261,臺股指凱基9A購04,0,0,0,0,0,0,0,0,0,-27000,0,0,0,0,27000,-27000,-27000
060565,大立光富邦01購01,0,0,0,0,0,0,0,0,0,-27000,0,0,0,0,27000,-27000,-27000
060384,葡萄王凱基9B購01,0,0,0,0,0,0,0,0,0,-27000,0,0,0,8000,35000,-27000,-27000
058957,貿聯國票9A購01  ,0,0,0,0,0,0,0,0,0,-27000,0,0,0,34000,61000,-27000,-27000
059872,華新科凱基01購01,0,0,0,0,0,0,0,0,0,-27000,0,0,0,20000,47000,-27000,-27000
058229,為升元大99購02  ,0,0,0,0,0,0,0,0,0,-27000,0,0,0,100000,127000,-27000,-27000
07482P,南亞科元富9A售04,0,0,0,0,0,0,0,0,0,-27000,0,0,0,62000,89000,-27000,-27000
1323,永裕            ,0,27000,-27000,0,0,0,0,0,0,0,0,0,0,0,0,0,-27000
1730,花仙子          ,41000,68000,-27000,0,0,0,0,0,0,0,0,0,0,0,0,0,-27000
1626,艾美特-KY       ,4000,31000,-27000,0,0,0,0,0,0,0,0,0,0,0,0,0,-27000
06268P,聯詠凱基97售02  ,0,0,0,0,0,0,0,0,0,-28000,0,0,0,0,28000,-28000,-28000
06230P,亞德客永豐97售03,0,0,0,0,0,0,0,0,0,-28000,0,0,0,1000,29000,-28000,-28000
06721P,臺股指中信9A售03,0,0,0,0,0,0,0,0,0,-28000,0,0,0,74000,102000,-28000,-28000
06439P,上銀凱基98售02  ,0,0,0,0,0,0,0,0,0,-28000,0,0,0,0,28000,-28000,-28000
06571P,欣興永豐98售03  ,0,0,0,0,0,0,0,0,0,-28000,0,0,0,0,28000,-28000,-28000
061002,瑞昱兆豐9B購01  ,0,0,0,0,0,0,0,0,0,-28000,0,0,0,12000,40000,-28000,-28000
060786,聯發科富邦9B購06,0,0,0,0,0,0,0,0,0,-28000,0,0,0,10000,38000,-28000,-28000
061683,台灣50群益9B購09,0,0,0,0,0,0,0,0,0,-28000,0,0,0,5000,33000,-28000,-28000
06167P,欣興國票97售05  ,0,0,0,0,0,0,0,0,0,-28000,0,0,0,0,28000,-28000,-28000
061588,聯發科富邦9B購07,0,0,0,0,0,0,0,0,0,-28000,0,0,0,12000,40000,-28000,-28000
00656R,國泰中國A50反1  ,0,4000,-4000,0,0,0,0,0,0,-24000,0,0,0,97000,121000,-24000,-28000
03033X,元展30          ,0,0,0,0,0,0,0,0,0,-28000,0,0,0,0,28000,-28000,-28000
052297,旭富國票96購01  ,0,0,0,0,0,0,0,0,0,-28000,0,0,0,112000,140000,-28000,-28000
054250,漢唐元大96購04  ,0,0,0,0,0,0,0,0,0,-28000,0,0,0,21000,49000,-28000,-28000
055136,聯發科富邦99購06,0,0,0,0,0,0,0,0,0,-28000,0,0,0,12000,40000,-28000,-28000
056296,旺宏元大97購07  ,0,0,0,0,0,0,0,0,0,-28000,0,0,0,2000,30000,-28000,-28000
058225,旺宏元富99購01  ,0,0,0,0,0,0,0,0,0,-28000,0,0,0,35000,63000,-28000,-28000
057526,智邦元大98購10  ,0,0,0,0,0,0,0,0,0,-28000,0,0,0,47000,75000,-28000,-28000
05764P,世紀鋼永豐96售03,0,0,0,0,0,0,0,0,0,-28000,0,0,0,0,28000,-28000,-28000
058936,國喬中信99購01  ,0,0,0,0,0,0,0,0,0,-28000,0,0,0,164000,192000,-28000,-28000
058648,聯陽永豐99購01  ,0,0,0,0,0,0,0,0,0,-28000,0,0,0,143000,171000,-28000,-28000
2032,新鋼            ,0,28000,-28000,0,0,0,0,0,0,0,0,0,0,0,0,0,-28000
2007,燁興            ,0,28000,-28000,0,0,0,0,0,0,0,0,0,0,0,0,0,-28000
07878P,智邦群益9C售01  ,0,0,0,0,0,0,0,0,0,-28000,0,0,0,0,28000,-28000,-28000
07856P,力成凱基9A售02  ,0,0,0,0,0,0,0,0,0,-28000,0,0,0,240000,268000,-28000,-28000
06983P,台積電國泰9A售02,0,0,0,0,0,0,0,0,0,-28000,0,0,0,6000,34000,-28000,-28000
07213P,聯發科凱基99售15,0,0,0,0,0,0,0,0,0,-28000,0,0,0,4000,32000,-28000,-28000
07120P,聯發科凱基99售09,0,0,0,0,0,0,0,0,0,-28000,0,0,0,3000,31000,-28000,-28000
07129P,華新科元大99售14,0,0,0,0,0,0,0,0,0,-28000,0,0,0,140000,168000,-28000,-28000
6491,晶碩            ,3000,31000,-28000,0,0,0,0,0,0,0,0,0,0,0,0,0,-28000
2538,基泰            ,40000,68000,-28000,0,0,0,0,0,0,0,0,0,0,0,0,0,-28000
2509,全坤建          ,0,28000,-28000,0,0,0,0,0,0,0,0,0,0,0,0,0,-28000
061655,微星國票9A購01  ,0,0,0,0,0,0,0,0,0,-29000,0,0,0,15000,44000,-29000,-29000
061792,和大永豐9B購01  ,0,0,0,0,0,0,0,0,0,-29000,0,0,0,11000,40000,-29000,-29000
060854,台積電富邦9C購08,0,0,0,0,0,0,0,0,0,-29000,0,0,0,0,29000,-29000,-29000
061270,彩晶凱基9A購02  ,0,0,0,0,0,0,0,0,0,-29000,0,0,0,0,29000,-29000,-29000
061141,臻鼎統一9A購01  ,0,0,0,0,0,0,0,0,0,-29000,0,0,0,3000,32000,-29000,-29000
06754P,台積電永豐98售03,0,0,0,0,0,0,0,0,0,-29000,0,0,0,0,29000,-29000,-29000
062737,聯發科國票9B購03,0,0,0,0,0,0,0,0,0,-29000,0,0,0,0,29000,-29000,-29000
059688,燿華永豐99購01  ,0,0,0,0,0,0,0,0,0,-29000,0,0,0,11000,40000,-29000,-29000
059364,昇陽半永豐99購02,0,0,0,0,0,0,0,0,0,-29000,0,0,0,0,29000,-29000,-29000
060422,台勝科永豐9A購01,0,0,0,0,0,0,0,0,0,-29000,0,0,0,12000,41000,-29000,-29000
060279,SP黃豆元大9A購01,0,0,0,0,0,0,0,0,0,-29000,0,0,0,1000,30000,-29000,-29000
058929,可成統一9C購01  ,0,0,0,0,0,0,0,0,0,-29000,0,0,0,117000,146000,-29000,-29000
058204,世芯凱基9A購01  ,0,0,0,0,0,0,0,0,0,-29000,0,0,0,63000,92000,-29000,-29000
056992,祥碩兆豐98購01  ,0,0,0,0,0,0,0,0,0,-29000,0,0,0,0,29000,-29000,-29000
057194,南電元大98購01  ,0,0,0,0,0,0,0,0,0,-29000,0,0,0,1000,30000,-29000,-29000
057273,智邦元大98購05  ,0,0,0,0,0,0,0,0,0,-29000,0,0,0,42000,71000,-29000,-29000
057451,大立光元富9B購01,0,0,0,0,0,0,0,0,0,-29000,0,0,0,0,29000,-29000,-29000
059762,禾伸堂永豐99購02,0,0,0,0,0,0,0,0,0,-29000,0,0,0,50000,79000,-29000,-29000
059822,聯發科凱基99購19,0,0,0,0,0,0,0,0,0,-29000,0,0,0,0,29000,-29000,-29000
2488,漢平            ,4000,34000,-30000,0,0,0,0,0,0,1000,2000,1000,1000,0,0,0,-29000
2543,皇昌            ,0,29000,-29000,0,0,0,0,0,0,0,0,0,0,0,0,0,-29000
2528,皇普            ,0,30000,-30000,0,0,0,0,0,0,1000,1000,0,1000,0,0,0,-29000
4989,榮科            ,5000,33000,-28000,0,0,0,0,0,0,-1000,0,1000,-1000,0,0,0,-29000
3311,閎暉            ,50000,79000,-29000,0,0,0,0,0,0,0,0,0,0,0,0,0,-29000
07192P,聯發科元大99售23,0,0,0,0,0,0,0,0,0,-29000,0,0,0,83000,112000,-29000,-29000
07811P,華新科統一9A售02,0,0,0,0,0,0,0,0,0,-29000,0,0,0,11000,40000,-29000,-29000
07900P,臺股指凱基9B售03,0,0,0,0,0,0,0,0,0,-29000,0,0,0,5000,34000,-29000,-29000
1568,倉佑            ,0,30000,-30000,0,0,0,0,0,0,1000,1000,0,1000,0,0,0,-29000
1517,利奇            ,1000,30000,-29000,0,0,0,0,0,0,0,0,0,0,0,0,0,-29000
062782,聯發科元大9B購12,0,0,0,0,0,0,0,0,0,-30000,0,0,0,0,30000,-30000,-30000
062830,玉晶光群益01購05,0,0,0,0,0,0,0,0,0,-30000,0,0,0,0,30000,-30000,-30000
06298P,聯發科元大97售20,0,0,0,0,0,0,0,0,0,-30000,0,0,0,0,30000,-30000,-30000
06617P,智邦元大98售03  ,0,0,0,0,0,0,0,0,0,-30000,0,0,0,0,30000,-30000,-30000
06552P,茂林元大99售02  ,0,0,0,0,0,0,0,0,0,-30000,0,0,0,0,30000,-30000,-30000
06502P,A50中信98售01   ,0,0,0,0,0,0,0,0,0,-30000,0,0,0,0,30000,-30000,-30000
062233,神隆凱基9B購01  ,0,0,0,0,0,0,0,0,0,-30000,0,0,0,0,30000,-30000,-30000
062078,聯發科元大9B購05,0,0,0,0,0,0,0,0,0,-30000,0,0,0,0,30000,-30000,-30000
062076,美律元大9B購02  ,0,0,0,0,0,0,0,0,0,-30000,0,0,0,0,30000,-30000,-30000
062661,華通群益9B購05  ,0,0,0,0,0,0,0,0,0,-30000,0,0,0,50000,80000,-30000,-30000
062649,緯穎富邦9B購03  ,0,0,0,0,0,0,0,0,0,-30000,0,0,0,0,30000,-30000,-30000
062621,緯穎元大9B購05  ,0,0,0,0,0,0,0,0,0,-30000,0,0,0,2000,32000,-30000,-30000
062471,國泰金凱基9B購02,0,0,0,0,0,0,0,0,0,-30000,0,0,0,0,30000,-30000,-30000
060871,台灣50中信01購03,0,0,0,0,0,0,0,0,0,-30000,0,0,0,10000,40000,-30000,-30000
060738,矽格統一9C購01  ,0,0,0,0,0,0,0,0,0,-30000,0,0,0,0,30000,-30000,-30000
061797,聯發科永豐9B購01,0,0,0,0,0,0,0,0,0,-30000,0,0,0,10000,40000,-30000,-30000
06192P,高股息中信98售01,0,0,0,0,0,0,0,0,0,-30000,0,0,0,0,30000,-30000,-30000
061847,力山國票9B購01  ,0,0,0,0,0,0,0,0,0,-30000,0,0,0,209000,239000,-30000,-30000
061908,台積電中信05購01,0,0,0,0,0,0,0,0,0,-30000,0,0,0,20000,50000,-30000,-30000
061333,華通元大9A購08  ,0,0,0,0,0,0,0,0,0,-30000,0,0,0,4000,34000,-30000,-30000
059471,華新科元大99購17,0,0,0,0,0,0,0,0,0,-30000,0,0,0,2000,32000,-30000,-30000
055955,微星元大97購01  ,0,0,0,0,0,0,0,0,0,-30000,0,0,0,2000,32000,-30000,-30000
055958,台光電元大97購02,0,0,0,0,0,0,0,0,0,-30000,0,0,0,125000,155000,-30000,-30000
055938,矽力群益97購01  ,0,0,0,0,0,0,0,0,0,-30000,0,0,0,0,30000,-30000,-30000
055909,大成鋼凱基98購02,0,0,0,0,0,0,0,0,0,-30000,0,0,0,0,30000,-30000,-30000
055901,超眾中信97購01  ,0,0,0,0,0,0,0,0,0,-30000,0,0,0,0,30000,-30000,-30000
055225,華邦電國票99購01,0,0,0,0,0,0,0,0,0,-30000,0,0,0,0,30000,-30000,-30000
055032,億光富邦99購01  ,0,0,0,0,0,0,0,0,0,-30000,0,0,0,10000,40000,-30000,-30000
054806,台化元大9A購01  ,0,0,0,0,0,0,0,0,0,-30000,0,0,0,0,30000,-30000,-30000
054563,泰碩群益99購01  ,0,0,0,0,0,0,0,0,0,-30000,0,0,0,60000,90000,-30000,-30000
055560,大立光凱基97購10,0,0,0,0,0,0,0,0,0,-30000,0,0,0,0,30000,-30000,-30000
056632,鴻海永昌98購01  ,0,0,0,0,0,0,0,0,0,-30000,0,0,0,0,30000,-30000,-30000
05248P,矽創群益96售01  ,0,0,0,0,0,0,0,0,0,-30000,0,0,0,0,30000,-30000,-30000
052618,群創國泰98購01  ,0,0,0,0,0,0,0,0,0,-30000,0,0,0,0,30000,-30000,-30000
051694,A50正2中信96購03,0,0,0,0,0,0,0,0,0,-30000,0,0,0,0,30000,-30000,-30000
051696,新日興中信96購01,0,0,0,0,0,0,0,0,0,-30000,0,0,0,0,30000,-30000,-30000
051829,玉晶光元大98購02,0,0,0,0,0,0,0,0,0,-30000,0,0,0,0,30000,-30000,-30000
053719,可成凱基96購08  ,0,0,0,0,0,0,0,0,0,-30000,0,0,0,0,30000,-30000,-30000
00743,國泰中國A150    ,0,0,0,0,0,0,0,0,0,-30000,0,0,0,1000,31000,-30000,-30000
04932P,香港2X中信96售01,0,0,0,0,0,0,0,0,0,-30000,0,0,0,0,30000,-30000,-30000
049335,聯電統一97購01  ,0,0,0,0,0,0,0,0,0,-30000,0,0,0,20000,50000,-30000,-30000
042752,台灣50元大96購03,0,0,0,0,0,0,0,0,0,-30000,0,0,0,0,30000,-30000,-30000
050525,嘉晶元大95購02  ,0,0,0,0,0,0,0,0,0,-30000,0,0,0,0,30000,-30000,-30000
059178,臺股指凱基99購30,0,0,0,0,0,0,0,0,0,-30000,0,0,0,0,30000,-30000,-30000
059594,奇力新元大9B購01,0,0,0,0,0,0,0,0,0,-30000,0,0,0,1000,31000,-30000,-30000
059620,聯發科日盛99購02,0,0,0,0,0,0,0,0,0,-30000,0,0,0,0,30000,-30000,-30000
059915,聯發科元大99購32,0,0,0,0,0,0,0,0,0,-30000,0,0,0,0,30000,-30000,-30000
059976,道瓊銀元大99購01,0,0,0,0,0,0,0,0,0,-30000,0,0,0,69000,99000,-30000,-30000
060003,上証2X群益9B購02,0,0,0,0,0,0,0,0,0,-30000,0,0,0,0,30000,-30000,-30000
057455,景碩國泰99購01  ,0,0,0,0,0,0,0,0,0,-30000,0,0,0,0,30000,-30000,-30000
057137,鈺齊凱基98購01  ,0,0,0,0,0,0,0,0,0,-30000,0,0,0,0,30000,-30000,-30000
058379,臺股指凱基99購14,0,0,0,0,0,0,0,0,0,-30000,0,0,0,0,30000,-30000,-30000
058037,台灣50元大9B購02,0,0,0,0,0,0,0,0,0,-30000,0,0,0,0,30000,-30000,-30000
057321,台泥群益98購01  ,0,0,0,0,0,0,0,0,0,-30000,0,0,0,0,30000,-30000,-30000
057357,超眾統一98購01  ,0,0,0,0,0,0,0,0,0,-30000,0,0,0,20000,50000,-30000,-30000
058125,元油2X元大9C購01,0,0,0,0,0,0,0,0,0,-30000,0,0,0,0,30000,-30000,-30000
058791,鴻海元大99購17  ,0,0,0,0,0,0,0,0,0,-30000,0,0,0,10000,40000,-30000,-30000
058863,可成凱基99購02  ,0,0,0,0,0,0,0,0,0,-30000,0,0,0,0,30000,-30000,-30000
058854,樺漢群益9B購01  ,0,0,0,0,0,0,0,0,0,-30000,0,0,0,100000,130000,-30000,-30000
058912,祥碩元大99購01  ,0,0,0,0,0,0,0,0,0,-30000,0,0,0,0,30000,-30000,-30000
057673,臻鼎元大98購01  ,0,0,0,0,0,0,0,0,0,-30000,0,0,0,0,30000,-30000,-30000
057697,國巨群益98購09  ,0,0,0,0,0,0,0,0,0,-30000,0,0,0,0,30000,-30000,-30000
058964,群創兆豐99購01  ,0,0,0,0,0,0,0,0,0,-30000,0,0,0,0,30000,-30000,-30000
056749,滬深2X兆豐99購01,0,0,0,0,0,0,0,0,0,-30000,0,0,0,0,30000,-30000,-30000
06021P,世紀鋼元富96售03,0,0,0,0,0,0,0,0,0,-30000,0,0,0,21000,51000,-30000,-30000
06017P,亞光凱基96售04  ,0,0,0,0,0,0,0,0,0,-30000,0,0,0,0,30000,-30000,-30000
056920,友達兆豐98購02  ,0,0,0,0,0,0,0,0,0,-30000,0,0,0,0,30000,-30000,-30000
056914,臺股指元大99購09,0,0,0,0,0,0,0,0,0,-30000,0,0,0,0,30000,-30000,-30000
057772,台積電群益99購01,0,0,0,0,0,0,0,0,0,-30000,0,0,0,0,30000,-30000,-30000
056795,鴻海麥證98購01  ,0,0,0,0,30000,-30000,0,0,0,-30000,0,0,0,0,30000,-30000,-30000
1436,華友聯          ,2000,32000,-30000,0,0,0,0,0,0,0,0,0,0,0,0,0,-30000
1414,東和            ,0,30000,-30000,0,0,0,0,0,0,0,0,0,0,0,0,0,-30000
08101P,超眾群益9B售02  ,0,0,0,0,0,0,0,0,0,-30000,0,0,0,0,30000,-30000,-30000
1614,三洋電          ,7000,37000,-30000,0,0,0,0,0,0,0,0,0,0,0,0,0,-30000
1615,大山            ,0,30000,-30000,0,0,0,0,0,0,0,0,0,0,0,0,0,-30000
2013,中鋼構          ,31000,61000,-30000,0,0,0,0,0,0,0,0,0,0,0,0,0,-30000
07934P,臺股指國票9B售06,0,0,0,0,0,0,0,0,0,-30000,0,0,0,0,30000,-30000,-30000
08091P,A50正2元富9B售02,0,0,0,0,0,0,0,0,0,-30000,0,0,0,0,30000,-30000,-30000
08015P,可成凱基9B售05  ,0,0,0,0,0,0,0,0,0,-30000,0,0,0,10000,40000,-30000,-30000
07052P,臺股指中信9C售02,0,0,0,0,0,0,0,0,0,-30000,0,0,0,0,30000,-30000,-30000
07043P,國巨元大99售14  ,0,0,0,0,0,0,0,0,0,-30000,0,0,0,0,30000,-30000,-30000
06833P,矽力群益99售01  ,0,0,0,0,0,0,0,0,0,-30000,0,0,0,0,30000,-30000,-30000
07588P,滬深2X國票9C售01,0,0,0,0,0,0,0,0,0,-30000,0,0,0,30000,60000,-30000,-30000
07659P,中租凱基9A售02  ,0,0,0,0,0,0,0,0,0,-30000,0,0,0,0,30000,-30000,-30000
07651P,道瓊指中信01售01,0,0,0,0,0,0,0,0,0,-30000,0,0,0,0,30000,-30000,-30000
07465P,台灣50元大9C售24,0,0,0,0,0,0,0,0,0,-30000,0,0,0,0,30000,-30000,-30000
6582,申豐            ,70000,100000,-30000,0,0,0,0,0,0,0,10000,10000,0,0,0,0,-30000
8104,錸寶            ,35000,64000,-29000,0,0,0,0,0,0,-1000,0,1000,-1000,0,0,0,-30000
061015,旺宏麥證9A購03  ,0,0,0,16000,47000,-31000,0,0,0,-31000,0,0,0,16000,47000,-31000,-31000
062075,智邦元大9B購03  ,0,0,0,0,0,0,0,0,0,-31000,0,0,0,145000,176000,-31000,-31000
063022,嘉晶元大9B購04  ,0,0,0,0,0,0,0,0,0,-31000,0,0,0,13000,44000,-31000,-31000
0051,元大中型100     ,1000,0,1000,0,0,0,0,0,0,-32000,0,0,0,5000,37000,-32000,-31000
054406,旺宏國票98購01  ,0,0,0,0,0,0,0,0,0,-31000,0,0,0,31000,62000,-31000,-31000
057826,祥碩元大98購08  ,0,1000,-1000,0,0,0,0,0,0,-30000,0,0,0,6000,36000,-30000,-31000
060530,聯發科中信9C購03,0,0,0,0,0,0,0,0,0,-31000,0,0,0,0,31000,-31000,-31000
059153,臺股指國票99購16,0,0,0,0,0,0,0,0,0,-31000,0,0,0,153000,184000,-31000,-31000
2415,錩新            ,37000,68000,-31000,0,0,0,0,0,0,0,0,0,0,0,0,0,-31000
2546,根基            ,1000,32000,-31000,0,0,0,0,0,0,0,0,0,0,0,0,0,-31000
06908P,健策國泰99售02  ,0,0,0,0,0,0,0,0,0,-31000,0,0,0,0,31000,-31000,-31000
07076P,鴻海凱基9A售08  ,0,0,0,0,0,0,0,0,0,-31000,0,0,0,118000,149000,-31000,-31000
07994P,臺股指群益9B售04,0,0,0,0,0,0,0,0,0,-31000,0,0,0,39000,70000,-31000,-31000
08069P,大立光國泰01售02,0,0,0,0,0,0,0,0,0,-31000,0,0,0,0,31000,-31000,-31000
1219,福壽            ,0,31000,-31000,0,0,0,0,0,0,0,0,0,0,0,0,0,-31000
063054,健鼎統一01購01  ,0,0,0,0,0,0,0,0,0,-32000,0,0,0,17000,49000,-32000,-32000
06525P,上証2X國泰99售01,0,0,0,0,0,0,0,0,0,-32000,0,0,0,12000,44000,-32000,-32000
062322,元金2X統一01購01,0,0,0,0,0,0,0,0,0,-32000,0,0,0,0,32000,-32000,-32000
062475,道瓊反國票9B購02,0,0,0,0,0,0,0,0,0,-32000,0,0,0,10000,42000,-32000,-32000
06265P,美律凱基97售01  ,0,0,0,0,0,0,0,0,0,-32000,0,0,0,0,32000,-32000,-32000
061132,志超永豐9A購01  ,0,0,0,0,0,0,0,0,0,-32000,0,0,0,63000,95000,-32000,-32000
061261,台積電凱基9B購03,0,0,0,0,0,0,0,0,0,-32000,0,0,0,8000,40000,-32000,-32000
061950,日月光群益9B購01,0,0,0,0,0,0,0,0,0,-32000,0,0,0,66000,98000,-32000,-32000
061743,祥碩凱基9B購02  ,0,0,0,0,0,0,0,0,0,-32000,0,0,0,90000,122000,-32000,-32000
054158,國巨日盛99購01  ,0,0,0,0,0,0,0,0,0,-32000,0,0,0,3000,35000,-32000,-32000
055489,瑞昱元大97購02  ,0,0,0,0,0,0,0,0,0,-32000,0,0,0,0,32000,-32000,-32000
053970,聯發科元大97購08,0,0,0,0,0,0,0,0,0,-32000,0,0,0,10000,42000,-32000,-32000
055648,可成元富97購01  ,0,0,0,0,0,0,0,0,0,-32000,0,0,0,0,32000,-32000,-32000
056191,世紀鋼統一97購01,0,0,0,0,0,0,0,0,0,-32000,0,0,0,49000,81000,-32000,-32000
059950,百和永豐99購02  ,0,0,0,0,0,0,0,0,0,-32000,0,0,0,168000,200000,-32000,-32000
059925,可成國泰9B購01  ,0,0,0,0,0,0,0,0,0,-32000,0,0,0,12000,44000,-32000,-32000
057135,立積凱基98購01  ,0,0,0,0,0,0,0,0,0,-32000,0,0,0,0,32000,-32000,-32000
06056P,台積電凱基98售02,0,0,0,0,0,0,0,0,0,-32000,0,0,0,100000,132000,-32000,-32000
056855,祥碩中信98購02  ,0,0,0,0,0,0,0,0,0,-32000,0,0,0,153000,185000,-32000,-32000
056738,國巨凱基9A購02  ,0,0,0,0,0,0,0,0,0,-32000,0,0,0,35000,67000,-32000,-32000
05855P,滬深2X中信9C售01,0,0,0,0,0,0,0,0,0,-32000,0,0,0,0,32000,-32000,-32000
058887,元石油元大9C購04,0,0,0,0,0,0,0,0,0,-32000,0,0,0,0,32000,-32000,-32000
059719,台積電元大99購42,0,0,0,0,0,0,0,0,0,-32000,0,0,0,2000,34000,-32000,-32000
06993P,鴻海凱基99售05  ,0,0,0,0,0,0,0,0,0,-32000,0,0,0,1045000,1077000,-32000,-32000
07704P,台積電元大9A售25,0,0,0,0,0,0,0,0,0,-32000,0,0,0,0,32000,-32000,-32000
2423,固緯            ,16000,48000,-32000,0,0,0,0,0,0,0,0,0,0,0,0,0,-32000
2477,美隆電          ,4000,36000,-32000,0,0,0,0,0,0,0,0,0,0,0,0,0,-32000
060680,玉晶光元大9C購03,0,0,0,0,0,0,0,0,0,-33000,0,0,0,12000,45000,-33000,-33000
062374,茂林元大9B購03  ,0,0,0,0,0,0,0,0,0,-33000,0,0,0,27000,60000,-33000,-33000
06714P,台積電元大98售15,0,0,0,0,0,0,0,0,0,-33000,0,0,0,0,33000,-33000,-33000
062906,全新元大9B購03  ,0,0,0,0,0,0,0,0,0,-33000,0,0,0,77000,110000,-33000,-33000
055963,欣興元大97購04  ,0,0,0,0,0,0,0,0,0,-33000,0,0,0,63000,96000,-33000,-33000
048785,台積電元大96購01,0,0,0,0,0,0,0,0,0,-33000,0,0,0,0,33000,-33000,-33000
059999,緯穎元富99購01  ,0,0,0,0,0,0,0,0,0,-33000,0,0,0,20000,53000,-33000,-33000
6183,關貿            ,1000,36000,-35000,0,0,0,0,0,0,2000,3000,1000,2000,0,0,0,-33000
07342P,大立光凱基99售14,0,0,0,0,0,0,0,0,0,-33000,0,0,0,57000,90000,-33000,-33000
07149P,健鼎元大99售03  ,0,0,0,0,0,0,0,0,0,-33000,0,0,0,0,33000,-33000,-33000
2012,春雨            ,0,33000,-33000,0,0,0,0,0,0,0,0,0,0,0,0,0,-33000
062497,遠東新群益9B購01,0,0,0,0,0,0,0,0,0,-34000,0,0,0,84000,118000,-34000,-34000
062564,矽創凱基9B購01  ,0,0,0,0,0,0,0,0,0,-34000,0,0,0,44000,78000,-34000,-34000
060914,健策元大9A購03  ,0,0,0,0,0,0,0,0,0,-34000,0,0,0,79000,113000,-34000,-34000
061966,旺宏統一01購03  ,0,0,0,0,0,0,0,0,0,-34000,0,0,0,0,34000,-34000,-34000
06189P,華新科永豐97售03,0,0,0,0,0,0,0,0,0,-34000,0,0,0,182000,216000,-34000,-34000
06142P,台虹康和97售02  ,0,0,0,0,0,0,0,0,0,-34000,0,0,0,0,34000,-34000,-34000
061634,遠東新元大9A購01,0,0,0,0,0,0,0,0,0,-34000,0,0,0,107000,141000,-34000,-34000
051614,元金2X凱基97購01,0,0,0,0,0,0,0,0,0,-34000,0,0,0,0,34000,-34000,-34000
054299,南電元大96購03  ,0,0,0,0,0,0,0,0,0,-34000,0,0,0,0,34000,-34000,-34000
052806,玉晶光元大98購04,0,0,0,0,0,0,0,0,0,-34000,0,0,0,11000,45000,-34000,-34000
059436,大立光元大99購18,0,0,0,0,0,0,0,0,0,-34000,0,0,0,0,34000,-34000,-34000
05963P,貿聯國票97售02  ,0,0,0,0,0,0,0,0,0,-34000,0,0,0,2000,36000,-34000,-34000
055554,聯發科凱基97購06,0,0,0,0,0,0,0,0,0,-34000,0,0,0,0,34000,-34000,-34000
059865,國巨凱基01購01  ,0,0,0,0,0,0,0,0,0,-34000,0,0,0,324000,358000,-34000,-34000
057477,智邦元大98購09  ,0,0,0,0,0,0,0,0,0,-34000,0,0,0,37000,71000,-34000,-34000
057000,亞德客國票99購01,0,0,0,0,0,0,0,0,0,-34000,0,0,0,6000,40000,-34000,-34000
058421,國泰金麥證01購01,0,0,0,64000,98000,-34000,0,0,0,-34000,0,0,0,64000,98000,-34000,-34000
058801,致伸元大99購01  ,0,0,0,0,0,0,0,0,0,-34000,0,0,0,194000,228000,-34000,-34000
060367,緯穎元富9A購02  ,0,0,0,0,0,0,0,0,0,-34000,0,0,0,28000,62000,-34000,-34000
1533,車王電          ,1000,35000,-34000,0,0,0,0,0,0,0,0,0,0,0,0,0,-34000
07772P,華新科國票9A售05,0,0,0,0,0,0,0,0,0,-34000,0,0,0,0,34000,-34000,-34000
06824P,台灣50國票99售02,0,0,0,0,0,0,0,0,0,-34000,0,0,0,0,34000,-34000,-34000
07471P,南亞科元大9A售01,0,0,0,0,0,0,0,0,0,-34000,0,0,0,0,34000,-34000,-34000
4737,華廣            ,5000,39000,-34000,0,0,0,0,0,0,0,0,0,0,0,0,0,-34000
2427,三商電          ,0,34000,-34000,0,0,0,0,0,0,0,0,0,0,0,0,0,-34000
061832,聯發科凱基9B購06,0,0,0,0,0,0,0,0,0,-35000,0,0,0,11000,46000,-35000,-35000
061858,南電國票9B購02  ,0,0,0,0,0,0,0,0,0,-35000,0,0,0,51000,86000,-35000,-35000
06243P,亞光元富97售01  ,0,0,0,0,0,0,0,0,0,-35000,0,0,0,148000,183000,-35000,-35000
062373,泰鼎元大9B購01  ,0,0,0,0,0,0,0,0,0,-35000,0,0,0,138000,173000,-35000,-35000
062192,南六元大9B購01  ,0,0,0,0,0,0,0,0,0,-35000,0,0,0,104000,139000,-35000,-35000
062004,國巨國泰9C購03  ,0,0,0,0,0,0,0,0,0,-35000,0,0,0,4000,39000,-35000,-35000
062132,神隆群益9B購01  ,0,0,0,0,0,0,0,0,0,-35000,0,0,0,0,35000,-35000,-35000
062157,聯發科凱基9B購08,0,0,0,0,0,0,0,0,0,-35000,0,0,0,2000,37000,-35000,-35000
06320P,上銀統一97售04  ,0,0,0,0,0,0,0,0,0,-35000,0,0,0,26000,61000,-35000,-35000
052659,上証2X國票99購01,0,0,0,0,0,0,0,0,0,-35000,0,0,0,0,35000,-35000,-35000
053849,聯發科元富96購04,0,0,0,0,0,0,0,0,0,-35000,0,0,0,0,35000,-35000,-35000
053405,台達電兆豐96購01,0,0,0,0,0,0,0,0,0,-35000,0,0,0,10000,45000,-35000,-35000
057892,上証2X元富02購01,0,0,0,0,0,0,0,0,0,-35000,0,0,0,5000,40000,-35000,-35000
057878,台郡元大99購04  ,0,0,0,0,0,0,0,0,0,-35000,0,0,0,20000,55000,-35000,-35000
059140,大立光兆豐9A購02,0,0,0,0,0,0,0,0,0,-35000,0,0,0,0,35000,-35000,-35000
059790,立積元大9C購02  ,0,0,0,0,0,0,0,0,0,-35000,0,0,0,0,35000,-35000,-35000
2380,虹光            ,0,35000,-35000,0,0,0,0,0,0,0,0,0,0,0,0,0,-35000
3032,偉訓            ,6000,44000,-38000,0,0,0,0,0,0,3000,3000,0,3000,0,0,0,-35000
4952,凌通            ,19000,53000,-34000,0,0,0,0,0,0,-1000,0,1000,-1000,0,0,0,-35000
07223P,鴻海元大99售29  ,0,0,0,0,0,0,0,0,0,-35000,0,0,0,50000,85000,-35000,-35000
08036P,嘉澤群益9B售03  ,0,0,0,0,0,0,0,0,0,-35000,0,0,0,60000,95000,-35000,-35000
08018P,牧德國票9B售04  ,0,0,0,0,0,0,0,0,0,-35000,0,0,0,47000,82000,-35000,-35000
1590,亞德客-KY       ,162000,213000,-51000,0,0,0,15000,0,15000,1000,14000,0,14000,3000,16000,-13000,-35000
062439,聯發科元大9B購10,0,0,0,0,0,0,0,0,0,-36000,0,0,0,45000,81000,-36000,-36000
062620,台表科元大9B購04,0,0,0,0,0,0,0,0,0,-36000,0,0,0,51000,87000,-36000,-36000
061936,旺宏國票9B購03  ,0,0,0,0,0,0,0,0,0,-36000,0,0,0,0,36000,-36000,-36000
061751,華通台新9B購01  ,0,0,0,0,0,0,0,0,0,-36000,0,0,0,6000,42000,-36000,-36000
061706,旭富國票9A購02  ,185000,0,185000,0,0,0,0,0,0,-221000,0,0,0,376000,597000,-221000,-36000
00736,國泰新興市場    ,0,0,0,0,0,0,0,0,0,-36000,0,0,0,149000,185000,-36000,-36000
050402,緯穎中信96購01  ,0,0,0,0,0,0,0,0,0,-36000,0,0,0,0,36000,-36000,-36000
051813,GIS凱基96購02   ,0,0,0,0,0,0,0,0,0,-36000,0,0,0,0,36000,-36000,-36000
059702,台積電凱基9A購14,0,0,0,0,0,0,0,0,0,-36000,0,0,0,2000,38000,-36000,-36000
060317,台灣50群益02購01,0,0,0,0,0,0,0,0,0,-36000,0,0,0,0,36000,-36000,-36000
060478,南電元大9A購01  ,0,0,0,0,0,0,0,0,0,-36000,0,0,0,21000,57000,-36000,-36000
056842,全新元富98購01  ,0,0,0,0,0,0,0,0,0,-36000,0,0,0,49000,85000,-36000,-36000
07207P,台積電凱基99售13,0,0,0,0,0,0,0,0,0,-36000,0,0,0,0,36000,-36000,-36000
07202P,台灣50凱基9C售04,0,0,0,0,0,0,0,0,0,-36000,0,0,0,6000,42000,-36000,-36000
4552,力達-KY         ,31000,67000,-36000,0,0,0,0,0,0,0,0,0,0,0,0,0,-36000
3622,洋華            ,12000,48000,-36000,0,0,0,0,0,0,0,0,0,0,0,0,0,-36000
3040,遠見            ,121000,157000,-36000,0,0,0,0,0,0,0,0,0,0,0,0,0,-36000
2373,震旦行          ,0,34000,-34000,0,0,0,0,0,0,-2000,0,2000,-2000,0,0,0,-36000
061930,臺股指凱基9B購05,0,0,0,0,0,0,0,0,0,-37000,0,0,0,5000,42000,-37000,-37000
061482,健策元大9C購01  ,0,0,0,0,0,0,0,0,0,-37000,0,0,0,46000,83000,-37000,-37000
06328P,台積電中信01售02,0,0,0,0,0,0,0,0,0,-37000,0,0,0,10000,47000,-37000,-37000
06447P,上銀元大98售01  ,0,0,0,0,0,0,0,0,0,-37000,0,0,0,0,37000,-37000,-37000
06712P,臺股指台新99售09,0,0,0,0,0,0,0,0,0,-37000,0,0,0,3000,40000,-37000,-37000
06669P,緯穎凱基98售05  ,0,0,0,0,0,0,0,0,0,-37000,0,0,0,0,37000,-37000,-37000
054252,奇力新元大96購04,0,0,0,0,0,0,0,0,0,-37000,0,0,0,63000,100000,-37000,-37000
058570,臻鼎凱基9A購01  ,0,0,0,0,0,0,0,0,0,-37000,0,0,0,0,37000,-37000,-37000
059782,A50正2元大9C購04,0,0,0,0,0,0,0,0,0,-37000,0,0,0,4000,41000,-37000,-37000
060010,義隆群益99購02  ,0,0,0,0,0,0,0,0,0,-37000,0,0,0,61000,98000,-37000,-37000
060009,南亞科群益99購03,0,0,0,0,0,0,0,0,0,-37000,0,0,0,101000,138000,-37000,-37000
060021,立積康和99購01  ,0,0,0,0,0,0,0,0,0,-37000,0,0,0,42000,79000,-37000,-37000
058031,旺宏永豐98購04  ,0,0,0,0,0,0,0,0,0,-37000,0,0,0,0,37000,-37000,-37000
057969,緯穎國泰99購01  ,0,0,0,0,0,0,0,0,0,-37000,0,0,0,14000,51000,-37000,-37000
058459,南電永豐99購01  ,0,0,0,0,0,0,0,0,0,-37000,0,0,0,15000,52000,-37000,-37000
6698,旭暉應材        ,0,37000,-37000,0,0,0,0,0,0,0,0,0,0,0,0,0,-37000
6558,興能高          ,30000,66000,-36000,0,0,0,0,0,0,-1000,0,1000,-1000,0,0,0,-37000
053458,聯詠國泰97購01  ,0,0,0,0,0,0,0,0,0,-38000,0,0,0,12000,50000,-38000,-38000
053754,英業達元富96購02,0,0,0,0,0,0,0,0,0,-38000,0,0,0,117000,155000,-38000,-38000
054778,世紀鋼國票99購01,0,0,0,0,0,0,0,0,0,-38000,0,0,0,3000,41000,-38000,-38000
057149,京鼎國票99購02  ,0,0,0,0,0,0,0,0,0,-38000,0,0,0,45000,83000,-38000,-38000
059537,大立光凱基99購09,0,0,0,0,0,0,0,0,0,-38000,0,0,0,0,38000,-38000,-38000
057729,華新科國泰99購04,0,0,0,0,0,0,0,0,0,-38000,0,0,0,81000,119000,-38000,-38000
05851P,力山群益97售01  ,0,0,0,0,0,0,0,0,0,-38000,0,0,0,18000,56000,-38000,-38000
058047,可成元大98購11  ,0,0,0,0,0,0,0,0,0,-38000,0,0,0,68000,106000,-38000,-38000
06050P,玉晶光國票98售01,0,0,0,0,0,0,0,0,0,-38000,0,0,0,0,38000,-38000,-38000
07395P,台積電群益99售13,0,0,0,0,0,0,0,0,0,-38000,0,0,0,0,38000,-38000,-38000
07921P,鴻海群益9B售04  ,0,0,0,0,0,0,0,0,0,-38000,0,0,0,0,38000,-38000,-38000
063055,創意統一9B購02  ,0,0,0,0,0,0,0,0,0,-39000,0,0,0,140000,179000,-39000,-39000
062732,南六凱基9B購03  ,0,0,0,0,0,0,0,0,0,-39000,0,0,0,20000,59000,-39000,-39000
062667,立積群益9B購01  ,0,0,0,0,0,0,0,0,0,-39000,0,0,0,0,39000,-39000,-39000
062442,華新科元大9C購02,0,0,0,0,0,0,0,0,0,-39000,0,0,0,22000,61000,-39000,-39000
053411,深中小國票9B購01,0,0,0,0,0,0,0,0,0,-39000,0,0,0,0,39000,-39000,-39000
054015,晶豪科永豐96購03,0,0,0,0,0,0,0,0,0,-39000,0,0,0,60000,99000,-39000,-39000
05306P,泰碩國泰97售01  ,0,0,0,0,0,0,0,0,0,-39000,0,0,0,46000,85000,-39000,-39000
059951,台塑康和99購01  ,0,0,0,0,0,0,0,0,0,-39000,0,0,0,86000,125000,-39000,-39000
057191,祥碩元大98購05  ,0,0,0,0,0,0,0,0,0,-39000,0,0,0,25000,64000,-39000,-39000
08043P,電子類群益9B售01,0,0,0,0,0,0,0,0,0,-39000,0,0,0,0,39000,-39000,-39000
07414P,台積電元大99售51,0,0,0,0,0,0,0,0,0,-39000,0,0,0,0,39000,-39000,-39000
07705P,台積電元大9A售26,0,0,0,0,0,0,0,0,0,-39000,0,0,0,0,39000,-39000,-39000
07030P,鈺齊群益99售01  ,0,0,0,0,0,0,0,0,0,-39000,0,0,0,0,39000,-39000,-39000
06801P,技嘉群益99售02  ,0,0,0,0,0,0,0,0,0,-39000,0,0,0,285000,324000,-39000,-39000
2397,友通            ,1000,33000,-32000,0,0,0,0,0,0,-7000,0,7000,-7000,0,0,0,-39000
062094,台積電富邦9C購12,0,0,0,0,0,0,0,0,0,-40000,0,0,0,14000,54000,-40000,-40000
062696,國巨元大9B購16  ,0,0,0,0,0,0,0,0,0,-40000,0,0,0,0,40000,-40000,-40000
062772,T50反1元大9B購06,0,0,0,0,0,0,0,0,0,-40000,0,0,0,0,40000,-40000,-40000
06613P,華新科富邦9A售03,0,0,0,0,0,0,0,0,0,-40000,0,0,0,0,40000,-40000,-40000
061481,嘉澤元大9A購03  ,0,0,0,0,0,0,0,0,0,-40000,0,0,0,7000,47000,-40000,-40000
060800,華新科第一9A購01,0,0,0,0,0,0,0,0,0,-40000,0,0,0,40000,80000,-40000,-40000
053073,技嘉康和96購01  ,0,0,0,0,0,0,0,0,0,-40000,0,0,0,58000,98000,-40000,-40000
054111,緯穎凱基97購01  ,0,0,0,0,0,0,0,0,0,-40000,0,0,0,0,40000,-40000,-40000
052849,可成統一97購01  ,0,0,0,0,0,0,0,0,0,-40000,0,0,0,10000,50000,-40000,-40000
054370,台積電中信9A購01,0,0,0,0,0,0,0,0,0,-40000,0,0,0,0,40000,-40000,-40000
056503,楠梓電永豐98購01,0,0,0,0,0,0,0,0,0,-40000,0,0,0,0,40000,-40000,-40000
056548,瀚宇博凱基98購02,0,0,0,0,0,0,0,0,0,-40000,0,0,0,10000,50000,-40000,-40000
048414,滬深2X統一98購01,0,0,0,0,0,0,0,0,0,-40000,0,0,0,0,40000,-40000,-40000
051300,台光電凱基96購02,0,0,0,0,0,0,0,0,0,-40000,0,0,0,0,40000,-40000,-40000
053315,漢唐群益96購02  ,0,0,0,0,0,0,0,0,0,-40000,0,0,0,0,40000,-40000,-40000
047417,台塑富邦97購01  ,0,0,0,0,0,0,0,0,0,-40000,0,0,0,0,40000,-40000,-40000
055147,鴻海元大97購11  ,0,0,0,0,0,0,0,0,0,-40000,0,0,0,0,40000,-40000,-40000
054694,聯鈞永豐97購01  ,0,0,0,0,0,0,0,0,0,-40000,0,0,0,0,40000,-40000,-40000
05588P,群創兆豐97售02  ,0,0,0,0,0,0,0,0,0,-40000,0,0,0,0,40000,-40000,-40000
05582P,群創凱基98售06  ,0,0,0,0,0,0,0,0,0,-40000,0,0,0,0,40000,-40000,-40000
056184,南亞科統一97購03,0,0,0,0,0,0,0,0,0,-40000,0,0,0,0,40000,-40000,-40000
056356,台積電元大99購01,0,0,0,0,0,0,0,0,0,-40000,0,0,0,0,40000,-40000,-40000
060072,國巨元富99購04  ,0,0,0,0,0,0,0,0,0,-40000,0,0,0,20000,60000,-40000,-40000
059611,台積電永豐99購05,0,0,0,0,0,0,0,0,0,-40000,0,0,0,1000,41000,-40000,-40000
057444,台泥元富98購01  ,0,0,0,0,0,0,0,0,0,-40000,0,0,0,68000,108000,-40000,-40000
060462,鴻海元大9A購10  ,0,0,0,0,0,0,0,0,0,-40000,0,0,0,10000,50000,-40000,-40000
056892,旺宏元大9A購02  ,0,0,0,0,0,0,0,0,0,-40000,0,0,0,0,40000,-40000,-40000
058851,大立光群益99購07,0,0,0,0,0,0,0,0,0,-40000,0,0,0,0,40000,-40000,-40000
058883,旭富永豐99購01  ,0,0,0,0,0,0,0,0,0,-40000,0,0,0,283000,323000,-40000,-40000
057670,欣興元大99購02  ,0,0,0,0,0,0,0,0,0,-40000,0,0,0,10000,50000,-40000,-40000
056734,國巨凱基99購01  ,0,0,0,0,0,0,0,0,0,-40000,0,0,0,0,40000,-40000,-40000
059097,世紀鋼元大99購05,0,0,0,0,0,0,0,0,0,-40000,0,0,0,13000,53000,-40000,-40000
07415P,台積電元大99售52,0,0,0,0,0,0,0,0,0,-40000,0,0,0,11000,51000,-40000,-40000
061567,華通元大9A購11  ,0,0,0,0,0,0,0,0,0,-41000,0,0,0,65000,106000,-41000,-41000
06182P,群創兆豐97售03  ,0,0,0,0,0,0,0,0,0,-41000,0,0,0,10000,51000,-41000,-41000
062918,祥碩元大9C購02  ,0,0,0,0,0,0,0,0,0,-41000,0,0,0,0,41000,-41000,-41000
062276,瑞昱群益9B購01  ,0,0,0,0,0,0,0,0,0,-41000,0,0,0,40000,81000,-41000,-41000
055850,聯詠元大97購06  ,0,0,0,0,0,0,0,0,0,-41000,0,0,0,29000,70000,-41000,-41000
059272,台灣50元大99購01,0,0,0,0,0,0,0,0,0,-41000,0,0,0,0,41000,-41000,-41000
055698,茂林國票98購03  ,0,0,0,0,0,0,0,0,0,-41000,0,0,0,15000,56000,-41000,-41000
055556,奇力新凱基98購03,0,0,0,0,0,0,0,0,0,-41000,0,0,0,59000,100000,-41000,-41000
056598,京元電元富98購01,0,0,0,0,0,0,0,0,0,-41000,0,0,0,0,41000,-41000,-41000
056599,臻鼎元富98購01  ,0,0,0,0,0,0,0,0,0,-41000,0,0,0,175000,216000,-41000,-41000
055104,台達電凱基98購01,0,0,0,0,0,0,0,0,0,-41000,0,0,0,0,41000,-41000,-41000
055818,晶相光國票97購02,0,0,0,0,0,0,0,0,0,-41000,0,0,0,0,41000,-41000,-41000
00673R,元大S&P原油反1  ,317000,0,317000,0,0,0,0,0,0,-358000,0,0,0,320000,678000,-358000,-41000
053768,S&P反1元大99購01,0,0,0,0,0,0,0,0,0,-41000,0,0,0,0,41000,-41000,-41000
052388,旺宏群益96購05  ,0,0,0,0,0,0,0,0,0,-41000,0,0,0,46000,87000,-41000,-41000
059042,世紀鋼群益99購02,0,0,0,0,0,0,0,0,0,-41000,0,0,0,47000,88000,-41000,-41000
058540,嘉聯益國泰9A購02,0,0,0,0,0,0,0,0,0,-41000,0,0,0,57000,98000,-41000,-41000
056857,國巨群益99購02  ,0,0,0,0,0,0,0,0,0,-41000,0,0,0,10000,51000,-41000,-41000
057386,聯發科永豐98購04,0,0,0,0,0,0,0,0,0,-41000,0,0,0,0,41000,-41000,-41000
059614,致新永豐99購01  ,0,0,0,0,0,0,0,0,0,-41000,0,0,0,1000,42000,-41000,-41000
060065,大立光兆豐9B購01,0,0,0,0,0,0,0,0,0,-41000,0,0,0,11000,52000,-41000,-41000
057158,義隆永豐99購01  ,0,0,0,0,0,0,0,0,0,-41000,0,0,0,34000,75000,-41000,-41000
07649P,金像電永豐9A售02,0,0,0,0,0,0,0,0,0,-41000,0,0,0,481000,522000,-41000,-41000
06921P,台光電凱基98售06,0,0,0,0,0,0,0,0,0,-41000,0,0,0,150000,191000,-41000,-41000
07991P,鴻海群益9C售02  ,0,0,0,0,0,0,0,0,0,-41000,0,0,0,10000,51000,-41000,-41000
1474,弘裕            ,3000,44000,-41000,0,0,0,0,0,0,0,0,0,0,0,0,0,-41000
1452,宏益            ,26000,67000,-41000,0,0,0,0,0,0,0,0,0,0,0,0,0,-41000
08096P,大立光元富9B售04,0,0,0,0,0,0,0,0,0,-41000,0,0,0,0,41000,-41000,-41000
2461,光群雷          ,98000,140000,-42000,0,0,0,0,0,0,1000,2000,1000,1000,0,0,0,-41000
6283,淳安            ,7000,48000,-41000,0,0,0,0,0,0,0,0,0,0,0,0,0,-41000
3266,昇陽            ,0,41000,-41000,0,0,0,0,0,0,0,0,0,0,0,0,0,-41000
8482,商億-KY         ,1000,42000,-41000,0,0,0,0,0,0,0,0,0,0,0,0,0,-41000
063027,台汽電元大9B購01,0,0,0,0,0,0,0,0,0,-42000,0,0,0,50000,92000,-42000,-42000
063149,聯發科元富05購02,0,0,0,0,0,0,0,0,0,-42000,0,0,0,0,42000,-42000,-42000
056283,鴻海永豐97購03  ,0,0,0,0,0,0,0,0,0,-42000,0,0,0,58000,100000,-42000,-42000
057127,旺宏凱基98購09  ,0,0,0,0,0,0,0,0,0,-42000,0,0,0,0,42000,-42000,-42000
057038,元油2X元大9B購06,0,0,0,0,0,0,0,0,0,-42000,0,0,0,0,42000,-42000,-42000
060025,台積電富邦9C購06,0,0,0,0,0,0,0,0,0,-42000,0,0,0,0,42000,-42000,-42000
05861P,瀚宇博永豐96售02,0,0,0,0,0,0,0,0,0,-42000,0,0,0,10000,52000,-42000,-42000
3501,維熹            ,0,42000,-42000,0,0,0,0,0,0,0,0,0,0,0,0,0,-42000
4438,廣越            ,0,42000,-42000,0,0,0,0,0,0,0,0,0,0,0,0,0,-42000
08097P,嘉澤永豐9B售03  ,0,0,0,0,0,0,0,0,0,-42000,0,0,0,0,42000,-42000,-42000
1618,合機            ,0,42000,-42000,0,0,0,0,0,0,0,0,0,0,0,0,0,-42000
2316,楠梓電          ,813000,888000,-75000,0,0,0,0,0,0,33000,42000,0,42000,3000,12000,-9000,-42000
08045P,健策國票9B售01  ,0,0,0,0,0,0,0,0,0,-42000,0,0,0,172000,214000,-42000,-42000
08066P,南亞科凱基9B售04,0,0,0,0,0,0,0,0,0,-42000,0,0,0,0,42000,-42000,-42000
07721P,台積電凱基9A售22,0,0,0,0,0,0,0,0,0,-42000,0,0,0,0,42000,-42000,-42000
06863P,欣興凱基98售05  ,0,0,0,0,0,0,0,0,0,-42000,0,0,0,40000,82000,-42000,-42000
07161P,臺股指群益99售12,0,0,0,0,0,0,0,0,0,-42000,0,0,0,18000,60000,-42000,-42000
062752,世芯中信9B購01  ,0,0,0,0,0,0,0,0,0,-43000,0,0,0,67000,110000,-43000,-43000
062821,華擎兆豐9C購01  ,0,0,0,0,0,0,0,0,0,-43000,0,0,0,169000,212000,-43000,-43000
062646,聯發科國泰01購02,0,0,0,0,0,0,0,0,0,-43000,0,0,0,10000,53000,-43000,-43000
062565,漢唐中信9C購01  ,0,0,0,0,0,0,0,0,0,-43000,0,0,0,0,43000,-43000,-43000
061881,緯穎元大9B購02  ,0,0,0,0,0,0,0,0,0,-43000,0,0,0,10000,53000,-43000,-43000
060876,國巨中信9A購04  ,0,0,0,0,0,0,0,0,0,-43000,0,0,0,7000,50000,-43000,-43000
06060P,玉晶光元大97售03,0,0,0,0,0,0,0,0,0,-43000,0,0,0,200000,243000,-43000,-43000
061065,神基凱基9A購01  ,0,0,0,0,0,0,0,0,0,-43000,0,0,0,4000,47000,-43000,-43000
056477,欣興元大98購02  ,0,0,0,0,0,0,0,0,0,-43000,0,0,0,10000,53000,-43000,-43000
053293,聯發科中信9B購01,0,0,0,0,0,0,0,0,0,-43000,0,0,0,60000,103000,-43000,-43000
058939,台積電中信9B購01,0,0,0,0,0,0,0,0,0,-43000,0,0,0,0,43000,-43000,-43000
057314,全新麥證98購01  ,0,0,0,120000,163000,-43000,0,0,0,-43000,0,0,0,120000,163000,-43000,-43000
057882,華通群益9A購03  ,0,0,0,0,0,0,0,0,0,-43000,0,0,0,15000,58000,-43000,-43000
07057P,大立光康和9B售02,0,0,0,0,0,0,0,0,0,-43000,0,0,0,16000,59000,-43000,-43000
07535P,上銀元富9A售03  ,0,0,0,0,0,0,0,0,0,-43000,0,0,0,3000,46000,-43000,-43000
08063P,立積國票9B售03  ,0,0,0,0,0,0,0,0,0,-43000,0,0,0,313000,356000,-43000,-43000
1446,宏和            ,5000,49000,-44000,0,0,0,0,0,0,1000,1000,0,1000,0,0,0,-43000
1531,高林股          ,0,43000,-43000,0,0,0,0,0,0,0,0,0,0,0,0,0,-43000
4576,大銀微系統      ,1000,44000,-43000,0,0,0,0,0,0,0,0,0,0,0,0,0,-43000
3305,昇貿            ,0,42000,-42000,0,0,0,0,0,0,-1000,0,1000,-1000,0,0,0,-43000
3094,聯傑            ,25000,69000,-44000,0,0,0,0,0,0,1000,2000,1000,1000,0,0,0,-43000
5533,皇鼎            ,0,43000,-43000,0,0,0,0,0,0,0,0,0,0,0,0,0,-43000
6166,凌華            ,79000,126000,-47000,0,0,0,0,0,0,4000,1000,0,1000,3000,0,3000,-43000
5706,鳳凰            ,0,43000,-43000,0,0,0,0,0,0,0,0,0,0,0,0,0,-43000
060812,智邦凱基9A購01  ,0,0,0,0,0,0,0,0,0,-44000,0,0,0,136000,180000,-44000,-44000
061435,元金2X凱基9C購03,0,0,0,0,0,0,0,0,0,-44000,0,0,0,38000,82000,-44000,-44000
061463,智邦群益9A購02  ,0,0,0,0,0,0,0,0,0,-44000,0,0,0,82000,126000,-44000,-44000
062200,臺指反國票03購01,0,0,0,0,0,0,0,0,0,-44000,0,0,0,0,44000,-44000,-44000
062232,聯詠麥證9C購01  ,0,0,0,41000,85000,-44000,0,0,0,-44000,0,0,0,41000,85000,-44000,-44000
06672P,聯發科群益98售05,0,0,0,0,0,0,0,0,0,-44000,0,0,0,103000,147000,-44000,-44000
00710B,FH彭博高收益債  ,0,0,0,0,0,0,0,0,0,-44000,0,0,0,30000,74000,-44000,-44000
00703,台新MSCI中國    ,2000,2000,0,0,0,0,0,0,0,-44000,0,0,0,84000,128000,-44000,-44000
053005,微星永豐96購01  ,0,0,0,0,0,0,0,0,0,-44000,0,0,0,0,44000,-44000,-44000
056398,南茂永豐98購01  ,0,0,0,0,0,0,0,0,0,-44000,0,0,0,415000,459000,-44000,-44000
054766,智原國票98購01  ,0,0,0,0,0,0,0,0,0,-44000,0,0,0,0,44000,-44000,-44000
054735,漢唐凱基98購01  ,0,0,0,0,0,0,0,0,0,-44000,0,0,0,39000,83000,-44000,-44000
056614,智邦永豐98購01  ,0,0,0,0,0,0,0,0,0,-44000,0,0,0,58000,102000,-44000,-44000
05463P,創意國票96售04  ,0,0,0,0,0,0,0,0,0,-44000,0,0,0,10000,54000,-44000,-44000
057582,亞光中信9A購02  ,0,0,0,0,0,0,0,0,0,-44000,0,0,0,0,44000,-44000,-44000
057802,卜蜂元大98購01  ,0,0,0,0,0,0,0,0,0,-44000,0,0,0,145000,189000,-44000,-44000
07112P,聯發科群益99售05,0,0,0,0,0,0,0,0,0,-44000,0,0,0,0,44000,-44000,-44000
2227,裕日車          ,2022,75000,-72978,0,0,0,10000,0,10000,18000,18000,0,18000,0,0,0,-44978
062931,上証2X凱基01購01,0,0,0,0,0,0,0,0,0,-45000,0,0,0,0,45000,-45000,-45000
06246P,茂林元富97售03  ,0,0,0,0,0,0,0,0,0,-45000,0,0,0,253000,298000,-45000,-45000
06070P,漢唐永豐97售01  ,0,0,0,0,0,0,0,0,0,-45000,0,0,0,0,45000,-45000,-45000
060776,世芯凱基9B購01  ,0,0,0,0,0,0,0,0,0,-45000,0,0,0,34000,79000,-45000,-45000
061242,玉晶光兆豐9B購02,0,0,0,0,0,0,0,0,0,-45000,0,0,0,50000,95000,-45000,-45000
055287,日電貿元大97購01,0,0,0,0,0,0,0,0,0,-45000,0,0,0,5000,50000,-45000,-45000
057809,英業達元大98購01,0,0,0,0,0,0,0,0,0,-45000,0,0,0,55000,100000,-45000,-45000
060398,立積國票9B購01  ,0,0,0,0,0,0,0,0,0,-45000,0,0,0,0,45000,-45000,-45000
05970P,超眾永豐96售03  ,0,0,0,0,0,0,0,0,0,-45000,0,0,0,44000,89000,-45000,-45000
058363,全新凱基9A購02  ,0,0,0,0,0,0,0,0,0,-45000,0,0,0,10000,55000,-45000,-45000
057169,微星元大98購01  ,0,0,0,0,0,0,0,0,0,-45000,0,0,0,7000,52000,-45000,-45000
059619,台積電日盛9A購04,0,0,0,0,0,0,0,0,0,-45000,0,0,0,1000,46000,-45000,-45000
1592,英瑞-KY         ,40000,89000,-49000,0,0,0,0,0,0,4000,4000,0,4000,0,0,0,-45000
06884P,台郡群益98售03  ,0,0,0,0,0,0,0,0,0,-45000,0,0,0,5000,50000,-45000,-45000
07466P,亞德客元大9A售02,0,0,0,0,0,0,0,0,0,-45000,0,0,0,55000,100000,-45000,-45000
07424P,大立光元大9B售01,0,0,0,0,0,0,0,0,0,-45000,0,0,0,0,45000,-45000,-45000
6164,華興            ,0,45000,-45000,0,0,0,0,0,0,0,0,0,0,0,0,0,-45000
061274,臺股指凱基9A購24,0,0,0,0,0,0,0,0,0,-46000,0,0,0,23000,69000,-46000,-46000
060905,台積電元大9A購20,0,0,0,0,0,0,0,0,0,-46000,0,0,0,0,46000,-46000,-46000
06137P,玉晶光永豐97售04,0,0,0,0,0,0,0,0,0,-46000,0,0,0,86000,132000,-46000,-46000
061924,聯發科凱基9C購01,0,0,0,0,0,0,0,0,0,-46000,0,0,0,0,46000,-46000,-46000
061690,旺宏群益9A購05  ,0,0,0,0,0,0,0,0,0,-46000,0,0,0,55000,101000,-46000,-46000
062074,旺宏元大9B購04  ,0,0,0,0,0,0,0,0,0,-46000,0,0,0,14000,60000,-46000,-46000
055982,T50反1元富97購01,0,0,0,0,0,0,0,0,0,-46000,0,0,0,0,46000,-46000,-46000
052410,智邦亞東96購01  ,0,0,0,0,0,0,0,0,0,-46000,0,0,0,0,46000,-46000,-46000
060051,台積電凱基9B購01,0,0,0,0,0,0,0,0,0,-46000,0,0,0,65000,111000,-46000,-46000
057053,立積元大98購02  ,0,0,0,0,0,0,0,0,0,-46000,0,0,0,58000,104000,-46000,-46000
058634,可成兆豐99購03  ,0,0,0,0,0,0,0,0,0,-46000,0,0,0,0,46000,-46000,-46000
059007,南電元大99購05  ,0,0,0,0,0,0,0,0,0,-46000,0,0,0,3000,49000,-46000,-46000
060324,台積電群益9B購02,0,0,0,0,0,0,0,0,0,-46000,0,0,0,1000,47000,-46000,-46000
07422P,大立光元大99售32,0,0,0,0,0,0,0,0,0,-46000,0,0,0,0,46000,-46000,-46000
07027P,台積電群益99售04,0,0,0,0,0,0,0,0,0,-46000,0,0,0,63000,109000,-46000,-46000
07244P,鴻海凱基9A售13  ,0,0,0,0,0,0,0,0,0,-46000,0,0,0,0,46000,-46000,-46000
2239,英利-KY         ,1000,47000,-46000,0,0,0,0,0,0,0,0,0,0,0,0,0,-46000
062039,聯發科凱基9B購07,0,0,0,0,0,0,0,0,0,-47000,0,0,0,0,47000,-47000,-47000
062252,華邦電元大9C購01,0,0,0,0,0,0,0,0,0,-47000,0,0,0,26000,73000,-47000,-47000
062660,神隆群益9B購02  ,0,0,0,0,0,0,0,0,0,-47000,0,0,0,0,47000,-47000,-47000
06503P,臺股指中信9A售02,0,0,0,0,0,0,0,0,0,-47000,0,0,0,10000,57000,-47000,-47000
061764,旺宏元大9B購01  ,0,0,0,0,0,0,0,0,0,-47000,0,0,0,3000,50000,-47000,-47000
061986,晶豪科元大9B購01,0,0,0,0,0,0,0,0,0,-47000,0,0,0,52000,99000,-47000,-47000
056464,臺股指凱基99購06,0,0,0,0,0,0,0,0,0,-47000,0,0,0,500000,547000,-47000,-47000
053528,南電中信9A購01  ,0,0,0,0,0,0,0,0,0,-47000,0,0,0,10000,57000,-47000,-47000
059521,南電永豐99購03  ,0,0,0,0,0,0,0,0,0,-47000,0,0,0,0,47000,-47000,-47000
057742,喬山永豐98購02  ,0,0,0,0,0,0,0,0,0,-47000,0,0,0,34000,81000,-47000,-47000
059036,可成群益9B購03  ,0,0,0,0,0,0,0,0,0,-47000,0,0,0,20000,67000,-47000,-47000
060047,道瓊反凱基99購01,0,0,0,0,0,0,0,0,0,-47000,0,0,0,5000,52000,-47000,-47000
059634,可成凱基99購07  ,0,0,0,0,0,0,0,0,0,-47000,0,0,0,1000,48000,-47000,-47000
1337,再生-KY         ,3000,50000,-47000,0,0,0,0,0,0,0,0,0,0,0,0,0,-47000
8463,潤泰材          ,5000,52000,-47000,0,0,0,0,0,0,0,0,0,0,0,0,0,-47000
061958,鴻海統一01購01  ,0,0,0,0,0,0,0,0,0,-48000,0,0,0,13000,61000,-48000,-48000
062556,瑞昱凱基9B購02  ,0,0,0,0,0,0,0,0,0,-48000,0,0,0,67000,115000,-48000,-48000
062560,奇鋐凱基9B購02  ,0,0,0,0,0,0,0,0,0,-48000,0,0,0,142000,190000,-48000,-48000
053248,智伸科國票97購01,0,0,0,0,0,0,0,0,0,-48000,0,0,0,0,48000,-48000,-48000
050890,南電富邦99購01  ,0,0,0,0,0,0,0,0,0,-48000,0,0,0,121000,169000,-48000,-48000
00771,元大US高息特別股,0,0,0,0,0,0,0,0,0,-48000,0,0,0,118000,166000,-48000,-48000
054005,旺宏統一97購04  ,0,0,0,0,0,0,0,0,0,-48000,0,0,0,0,48000,-48000,-48000
057672,茂林元大98購02  ,0,0,0,0,0,0,0,0,0,-48000,0,0,0,17000,65000,-48000,-48000
057780,台郡群益98購02  ,0,0,0,0,0,0,0,0,0,-48000,0,0,0,87000,135000,-48000,-48000
058639,南電兆豐99購01  ,0,0,0,0,0,0,0,0,0,-48000,0,0,0,3000,51000,-48000,-48000
3052,夆典            ,76000,124000,-48000,0,0,0,0,0,0,0,0,0,0,0,0,0,-48000
4141,龍燈-KY         ,0,48000,-48000,0,0,0,0,0,0,0,0,0,0,0,0,0,-48000
2233,宇隆            ,1000,58000,-57000,0,0,0,0,0,0,9000,9000,0,9000,0,0,0,-48000
2009,第一銅          ,0,48000,-48000,0,0,0,0,0,0,0,0,0,0,0,0,0,-48000
07644P,南電凱基9A售03  ,0,0,0,0,0,0,0,0,0,-48000,0,0,0,18000,66000,-48000,-48000
062264,南六元大9B購02  ,0,0,0,0,0,0,0,0,0,-49000,0,0,0,229000,278000,-49000,-49000
061780,國巨群益9C購01  ,0,0,0,0,0,0,0,0,0,-49000,0,0,0,1000,50000,-49000,-49000
060978,國巨元大9A購13  ,0,0,0,0,0,0,0,0,0,-49000,0,0,0,1000,50000,-49000,-49000
056536,義隆凱基98購04  ,0,0,0,0,0,0,0,0,0,-49000,0,0,0,1000,50000,-49000,-49000
056909,嘉聯益元大99購03,0,0,0,0,0,0,0,0,0,-49000,0,0,0,1000,50000,-49000,-49000
058622,國巨國票99購07  ,0,0,0,0,0,0,0,0,0,-49000,0,0,0,91000,140000,-49000,-49000
06005P,晶豪科永豐96售04,0,0,0,0,0,0,0,0,0,-49000,0,0,0,74000,123000,-49000,-49000
2029,盛餘            ,1000,50000,-49000,0,0,0,0,0,0,0,0,0,0,0,0,0,-49000
1702,南僑            ,53000,100000,-47000,0,0,0,0,0,0,-2000,0,2000,-2000,0,0,0,-49000
1734,杏輝            ,112000,161000,-49000,0,0,0,0,0,0,0,0,0,0,0,0,0,-49000
1203,味王            ,2000,51000,-49000,0,0,0,0,0,0,0,0,0,0,0,0,0,-49000
1528,恩德            ,1000,50000,-49000,0,0,0,0,0,0,0,0,0,0,0,0,0,-49000
1439,中和            ,70000,115000,-45000,0,0,0,0,0,0,-4000,0,4000,-4000,0,0,0,-49000
5607,遠雄港          ,78000,127000,-49000,0,0,0,0,0,0,0,0,0,0,0,0,0,-49000
061232,和大元大9A購03  ,0,0,0,0,0,0,0,0,0,-50000,0,0,0,0,50000,-50000,-50000
060624,玉晶光元大9C購02,0,0,0,0,0,0,0,0,0,-50000,0,0,0,1000,51000,-50000,-50000
060688,世紀鋼元大9C購01,0,0,0,0,0,0,0,0,0,-50000,0,0,0,0,50000,-50000,-50000
061947,旺宏群益9B購02  ,0,0,0,0,0,0,0,0,0,-50000,0,0,0,218000,268000,-50000,-50000
062253,燿華元大9B購02  ,0,0,0,0,0,0,0,0,0,-50000,0,0,0,0,50000,-50000,-50000
062289,緯穎群益9B購01  ,0,0,0,0,0,0,0,0,0,-50000,0,0,0,10000,60000,-50000,-50000
062305,遠東新凱基9B購01,0,0,0,0,0,0,0,0,0,-50000,0,0,0,30000,80000,-50000,-50000
062321,力成台新9B購01  ,0,0,0,0,0,0,0,0,0,-50000,0,0,0,0,50000,-50000,-50000
062543,華通富邦9C購01  ,0,0,0,0,0,0,0,0,0,-50000,0,0,0,0,50000,-50000,-50000
062622,南電元大9B購03  ,0,0,0,0,0,0,0,0,0,-50000,0,0,0,10000,60000,-50000,-50000
062507,臺股指群益9B購02,0,0,0,0,0,0,0,0,0,-50000,0,0,0,0,50000,-50000,-50000
063006,道瓊反元大9C購01,0,0,0,0,0,0,0,0,0,-50000,0,0,0,0,50000,-50000,-50000
062857,SP黃豆國票9C購01,0,0,0,0,0,0,0,0,0,-50000,0,0,0,0,50000,-50000,-50000
062887,台積電群益9C購05,0,0,0,0,0,0,0,0,0,-50000,0,0,0,0,50000,-50000,-50000
062710,盛群元大9B購01  ,0,0,0,0,0,0,0,0,0,-50000,0,0,0,12000,62000,-50000,-50000
054147,GIS元大96購02   ,0,0,0,0,0,0,0,0,0,-50000,0,0,0,0,50000,-50000,-50000
054377,臺股指中信99購09,0,0,0,0,0,0,0,0,0,-50000,0,0,0,0,50000,-50000,-50000
056479,玉晶光元大99購05,0,0,0,0,0,0,0,0,0,-50000,0,0,0,1000,51000,-50000,-50000
052908,大成鋼統一96購01,0,0,0,0,0,0,0,0,0,-50000,0,0,0,50000,100000,-50000,-50000
05138P,嘉聯益凱基96售02,0,0,0,0,0,0,0,0,0,-50000,0,0,0,0,50000,-50000,-50000
051460,S&P反1國泰97購01,0,0,0,0,0,0,0,0,0,-50000,0,0,0,0,50000,-50000,-50000
05063P,聯電元大96售03  ,0,0,0,0,0,0,0,0,0,-50000,0,0,0,0,50000,-50000,-50000
053298,SP黃豆凱基99購01,0,0,0,0,0,0,0,0,0,-50000,0,0,0,90000,140000,-50000,-50000
053416,光磊台新97購01  ,0,0,0,0,0,0,0,0,0,-50000,0,0,0,0,50000,-50000,-50000
055949,亞德客元大97購04,0,0,0,0,0,0,0,0,0,-50000,0,0,0,1000,51000,-50000,-50000
055912,宏達電凱基98購03,0,0,0,0,0,0,0,0,0,-50000,0,0,0,2000,52000,-50000,-50000
056366,玉晶光元大99購04,0,0,0,0,0,0,0,0,0,-50000,0,0,0,1000,51000,-50000,-50000
056411,緯穎國票99購01  ,0,0,0,0,0,0,0,0,0,-50000,0,0,0,3000,53000,-50000,-50000
056281,深中小永豐97購01,0,0,0,0,0,0,0,0,0,-50000,0,0,0,11000,61000,-50000,-50000
05621P,聯電中信96售01  ,0,0,0,0,0,0,0,0,0,-50000,0,0,0,0,50000,-50000,-50000
055327,致新國票98購01  ,0,0,0,0,0,0,0,0,0,-50000,0,0,0,0,50000,-50000,-50000
055181,日電貿統一97購01,0,0,0,0,0,0,0,0,0,-50000,0,0,0,0,50000,-50000,-50000
056686,可成統一98購01  ,0,0,0,0,0,0,0,0,0,-50000,0,0,0,0,50000,-50000,-50000
055023,億光國泰98購01  ,0,0,0,0,0,0,0,0,0,-50000,0,0,0,0,50000,-50000,-50000
054642,訊芯中信9A購01  ,0,0,0,0,0,0,0,0,0,-50000,0,0,0,0,50000,-50000,-50000
055732,全新元富9A購01  ,0,0,0,0,0,0,0,0,0,-50000,0,0,0,0,50000,-50000,-50000
054478,可成中信97購01  ,0,0,0,0,0,0,0,0,0,-50000,0,0,0,0,50000,-50000,-50000
060090,台積電元大99購55,0,0,0,0,0,0,0,0,0,-50000,0,0,0,0,50000,-50000,-50000
060147,臺股指國票9A購07,0,0,0,0,0,0,0,0,0,-50000,0,0,0,0,50000,-50000,-50000
059972,S&P正2元大99購03,0,0,0,0,0,0,0,0,0,-50000,0,0,0,0,50000,-50000,-50000
059842,台積電富邦9C購05,0,0,0,0,0,0,0,0,0,-50000,0,0,0,0,50000,-50000,-50000
05698P,群創凱基96售01  ,0,0,0,0,0,0,0,0,0,-50000,0,0,0,0,50000,-50000,-50000
057114,台虹群益98購01  ,0,0,0,0,0,0,0,0,0,-50000,0,0,0,0,50000,-50000,-50000
057548,微星凱基99購01  ,0,0,0,0,0,0,0,0,0,-50000,0,0,0,0,50000,-50000,-50000
059009,世紀鋼元大99購04,0,0,0,0,0,0,0,0,0,-50000,0,0,0,136000,186000,-50000,-50000
058558,鴻海日盛9A購02  ,0,0,0,0,0,0,0,0,0,-50000,0,0,0,0,50000,-50000,-50000
060199,台郡元富9A購01  ,0,0,0,0,0,0,0,0,0,-50000,0,0,0,136000,186000,-50000,-50000
058661,臺股指中信9C購01,0,0,0,0,0,0,0,0,0,-50000,0,0,0,0,50000,-50000,-50000
060535,群創麥證9A購01  ,0,0,0,0,50000,-50000,0,0,0,-50000,0,0,0,0,50000,-50000,-50000
2705,六福            ,13000,63000,-50000,0,0,0,0,0,0,0,0,0,0,0,0,0,-50000
1783,和康生          ,110000,160000,-50000,0,0,0,0,0,0,0,0,0,0,0,0,0,-50000
08073P,台灣50麥證9C售01,0,0,0,0,50000,-50000,0,0,0,-50000,0,0,0,0,50000,-50000,-50000
07713P,台郡元大9A售03  ,0,0,0,0,0,0,0,0,0,-50000,0,0,0,0,50000,-50000,-50000
07790P,台灣50元大9A售19,0,0,0,0,0,0,0,0,0,-50000,0,0,0,0,50000,-50000,-50000
07690P,華新科元大9A售15,0,0,0,0,0,0,0,0,0,-50000,0,0,0,20000,70000,-50000,-50000
07496P,鴻海元大9A售05  ,0,0,0,0,0,0,0,0,0,-50000,0,0,0,0,50000,-50000,-50000
07497P,鴻海元大9A售06  ,0,0,0,0,0,0,0,0,0,-50000,0,0,0,42000,92000,-50000,-50000
07450P,鴻海元大9A售03  ,0,0,0,0,0,0,0,0,0,-50000,0,0,0,0,50000,-50000,-50000
07287P,全新群益9B售01  ,0,0,0,0,0,0,0,0,0,-50000,0,0,0,0,50000,-50000,-50000
07085P,超眾元富9C售01  ,0,0,0,0,0,0,0,0,0,-50000,0,0,0,250000,300000,-50000,-50000
06974P,臺股指元大9A售12,0,0,0,0,0,0,0,0,0,-50000,0,0,0,0,50000,-50000,-50000
062697,國巨元大9C購01  ,0,0,0,0,0,0,0,0,0,-51000,0,0,0,0,51000,-51000,-51000
06389P,聯發科兆豐97售01,0,0,0,0,0,0,0,0,0,-51000,0,0,0,0,51000,-51000,-51000
062498,華通群益9C購04  ,0,0,0,0,0,0,0,0,0,-51000,0,0,0,47000,98000,-51000,-51000
062639,臻鼎國票9C購01  ,0,0,0,0,0,0,0,0,0,-51000,0,0,0,0,51000,-51000,-51000
061870,智邦元大9B購02  ,0,0,0,0,0,0,0,0,0,-51000,0,0,0,60000,111000,-51000,-51000
054881,光罩統一97購01  ,0,0,0,0,0,0,0,0,0,-51000,0,0,0,0,51000,-51000,-51000
059700,鴻海凱基9A購16  ,0,0,0,0,0,0,0,0,0,-51000,0,0,0,3000,54000,-51000,-51000
060203,緯穎元富9A購01  ,0,0,0,0,0,0,0,0,0,-51000,0,0,0,51000,102000,-51000,-51000
058398,中環元大99購02  ,0,0,0,0,0,0,0,0,0,-51000,0,0,0,0,51000,-51000,-51000
057834,聯發科元富02購07,0,0,0,0,0,0,0,0,0,-51000,0,0,0,1000,52000,-51000,-51000
06994P,台光電凱基99售02,0,0,0,0,0,0,0,0,0,-51000,0,0,0,170000,221000,-51000,-51000
07058P,台積電凱基9A售07,0,0,0,0,0,0,0,0,0,-51000,0,0,0,3000,54000,-51000,-51000
07055P,景碩群益9A售02  ,0,0,0,0,0,0,0,0,0,-51000,0,0,0,63000,114000,-51000,-51000
07245P,台積電凱基99售16,0,0,0,0,0,0,0,0,0,-51000,0,0,0,3000,54000,-51000,-51000
07832P,台積電群益9A售08,0,0,0,0,0,0,0,0,0,-51000,0,0,0,31000,82000,-51000,-51000
07871P,台積電群益9C售02,0,0,0,0,0,0,0,0,0,-51000,0,0,0,10000,61000,-51000,-51000
1733,五鼎            ,109000,160000,-51000,0,0,0,0,0,0,0,3000,3000,0,0,0,0,-51000
2374,佳能            ,7000,56000,-49000,0,0,0,0,0,0,-2000,0,2000,-2000,0,0,0,-51000
6189,豐藝            ,6000,57000,-51000,0,0,0,0,0,0,0,0,0,0,0,0,0,-51000
6235,華孚            ,0,50000,-50000,0,0,0,0,0,0,-1000,0,1000,-1000,0,0,0,-51000
8249,菱光            ,0,51000,-51000,0,0,0,0,0,0,0,0,0,0,0,0,0,-51000
060646,南電永豐9A購01  ,0,0,0,0,0,0,0,0,0,-52000,0,0,0,389000,441000,-52000,-52000
062598,華通台新9B購02  ,0,0,0,0,0,0,0,0,0,-52000,0,0,0,0,52000,-52000,-52000
062466,FBVIX凱基9B購01 ,0,0,0,0,0,0,0,0,0,-52000,0,0,0,207000,259000,-52000,-52000
062767,GIS凱基9B購02   ,1000,0,1000,0,0,0,0,0,0,-53000,0,0,0,27000,80000,-53000,-52000
056211,南港國票98購01  ,0,0,0,0,0,0,0,0,0,-52000,0,0,0,0,52000,-52000,-52000
057010,景碩中信98購01  ,0,0,0,0,0,0,0,0,0,-52000,0,0,0,4000,56000,-52000,-52000
060345,聯發科統一9B購05,0,0,0,0,0,0,0,0,0,-52000,0,0,0,0,52000,-52000,-52000
058759,義隆群益99購01  ,0,0,0,0,0,0,0,0,0,-52000,0,0,0,53000,105000,-52000,-52000
910322,康師傅-DR       ,0,52000,-52000,0,0,0,0,0,0,0,0,0,0,0,0,0,-52000
2731,雄獅            ,3000,55000,-52000,0,0,0,0,0,0,0,0,0,0,0,0,0,-52000
07854P,台積電凱基9A售28,0,0,0,0,0,0,0,0,0,-52000,0,0,0,12000,64000,-52000,-52000
062425,可成統一01購01  ,0,0,0,0,0,0,0,0,0,-53000,0,0,0,0,53000,-53000,-53000
061390,大立光群益9A購04,0,0,0,0,0,0,0,0,0,-53000,0,0,0,8000,61000,-53000,-53000
056694,欣興群益98購04  ,0,0,0,0,0,0,0,0,0,-53000,0,0,0,0,53000,-53000,-53000
055178,晶豪科統一97購01,0,0,0,0,0,0,0,0,0,-53000,0,0,0,61000,114000,-53000,-53000
051375,道瓊反群益9A購01,0,0,0,0,0,0,0,0,0,-53000,0,0,0,0,53000,-53000,-53000
057738,旺宏富邦9A購01  ,0,0,0,0,0,0,0,0,0,-53000,0,0,0,23000,76000,-53000,-53000
057575,世紀鋼永豐98購02,0,0,0,0,0,0,0,0,0,-53000,0,0,0,33000,86000,-53000,-53000
06846P,美律元大98售05  ,0,0,0,0,0,0,0,0,0,-53000,0,0,0,9000,62000,-53000,-53000
2882A,國泰特          ,0,0,0,0,0,0,0,0,0,-53000,2000,55000,-53000,0,0,0,-53000
060926,宏達電永豐9A購01,0,0,0,0,0,0,0,0,0,-54000,0,0,0,0,54000,-54000,-54000
061114,南電元大9A購04  ,0,0,0,0,0,0,0,0,0,-54000,0,0,0,57000,111000,-54000,-54000
062319,南六凱基9B購02  ,0,0,0,0,0,0,0,0,0,-54000,0,0,0,70000,124000,-54000,-54000
062847,臺股指富邦9B購01,0,0,0,0,0,0,0,0,0,-54000,0,0,0,0,54000,-54000,-54000
062992,聯發科群益9B購09,0,0,0,0,0,0,0,0,0,-54000,0,0,0,0,54000,-54000,-54000
053875,GIS元大97購01   ,0,0,0,0,0,0,0,0,0,-54000,0,0,0,30000,84000,-54000,-54000
03443B,臺股指凱基9A熊27,0,78000,-78000,0,0,0,0,0,0,24000,0,0,0,2110000,2086000,24000,-54000
049024,玉晶光群益97購01,0,0,0,0,0,0,0,0,0,-54000,0,0,0,11000,65000,-54000,-54000
055521,S&P反1群益01購01,0,0,0,0,0,0,0,0,0,-54000,0,0,0,0,54000,-54000,-54000
055265,玉晶光永豐98購03,0,0,0,0,0,0,0,0,0,-54000,0,0,0,0,54000,-54000,-54000
056103,聯發科永豐97購03,0,0,0,0,0,0,0,0,0,-54000,0,0,0,0,54000,-54000,-54000
057525,光磊元大99購01  ,0,0,0,0,0,0,0,0,0,-54000,0,0,0,27000,81000,-54000,-54000
05911P,南亞科永豐96售03,0,0,0,0,0,0,0,0,0,-54000,0,0,0,11000,65000,-54000,-54000
060056,大立光凱基9B購01,0,0,0,0,0,0,0,0,0,-54000,0,0,0,80000,134000,-54000,-54000
058625,旺宏國票9A購01  ,0,0,0,0,0,0,0,0,0,-54000,0,0,0,6000,60000,-54000,-54000
4104,佳醫            ,84000,138000,-54000,0,0,0,0,0,0,0,0,0,0,0,0,0,-54000
3149,正達            ,0,54000,-54000,0,0,0,0,0,0,0,0,0,0,0,0,0,-54000
9941,裕融            ,67000,121000,-54000,0,0,0,0,0,0,0,0,0,0,0,0,0,-54000
06867P,訊芯元大98售08  ,0,0,0,0,0,0,0,0,0,-54000,0,0,0,132000,186000,-54000,-54000
1451,年興            ,0,54000,-54000,0,0,0,0,0,0,0,0,0,0,0,0,0,-54000
060779,臺股指凱基9A購07,0,0,0,0,0,0,0,0,0,-55000,0,0,0,0,55000,-55000,-55000
056169,鴻海元富97購08  ,0,0,0,0,0,0,0,0,0,-55000,0,0,0,32000,87000,-55000,-55000
059290,全新元富99購01  ,0,0,0,0,0,0,0,0,0,-55000,0,0,0,30000,85000,-55000,-55000
054624,台積電凱基98購03,0,0,0,0,0,0,0,0,0,-55000,0,0,0,0,55000,-55000,-55000
00654R,富邦印度反1     ,9000,75000,-66000,0,0,0,0,0,0,11000,0,0,0,71000,60000,11000,-55000
058183,國巨富邦9A購06  ,0,0,0,0,0,0,0,0,0,-55000,0,0,0,5000,60000,-55000,-55000
060288,群光元大9C購01  ,0,0,0,0,0,0,0,0,0,-55000,0,0,0,18000,73000,-55000,-55000
08098P,大立光凱基9B售09,0,0,0,0,0,0,0,0,0,-55000,0,0,0,0,55000,-55000,-55000
07748P,茂林凱基9A售04  ,0,0,0,0,0,0,0,0,0,-55000,0,0,0,3000,58000,-55000,-55000
08087P,聯發科凱基9B售12,0,0,0,0,0,0,0,0,0,-55000,0,0,0,4000,59000,-55000,-55000
07925P,台積電凱基9B售05,0,0,0,0,0,0,0,0,0,-55000,0,0,0,0,55000,-55000,-55000
07890P,南電國票9B售01  ,0,0,0,0,0,0,0,0,0,-55000,0,0,0,10000,65000,-55000,-55000
07334P,臺股指國票99售19,0,0,0,0,0,0,0,0,0,-55000,0,0,0,90000,145000,-55000,-55000
6115,鎰勝            ,0,54000,-54000,0,0,0,0,0,0,-1000,0,1000,-1000,0,0,0,-55000
2413,環科            ,3000,58000,-55000,0,0,0,0,0,0,0,0,0,0,0,0,0,-55000
2545,皇翔            ,13000,68000,-55000,0,0,0,0,0,0,0,0,0,0,0,0,0,-55000
060816,世紀鋼凱基9C購02,0,0,0,0,0,0,0,0,0,-56000,0,0,0,192000,248000,-56000,-56000
060841,宏達電國票9B購01,0,0,0,0,0,0,0,0,0,-56000,0,0,0,69000,125000,-56000,-56000
061992,祥碩元大9B購02  ,0,0,0,0,0,0,0,0,0,-56000,0,0,0,8000,64000,-56000,-56000
06592P,欣興元大98售04  ,0,0,0,0,0,0,0,0,0,-56000,0,0,0,21000,77000,-56000,-56000
03445B,臺股指元大02熊01,30000,0,30000,0,0,0,0,0,0,-86000,0,0,0,21000,107000,-86000,-56000
059312,元石油元大99購05,0,0,0,0,0,0,0,0,0,-56000,0,0,0,594000,650000,-56000,-56000
060386,台勝科凱基9B購01,0,0,0,0,0,0,0,0,0,-56000,0,0,0,0,56000,-56000,-56000
058721,立積元富9C購01  ,0,0,0,0,0,0,0,0,0,-56000,0,0,0,346000,402000,-56000,-56000
059074,元油2X元大9C購15,0,0,0,0,0,0,0,0,0,-56000,0,0,0,60000,116000,-56000,-56000
057063,立積國泰9A購01  ,0,0,0,0,0,0,0,0,0,-56000,0,0,0,4000,60000,-56000,-56000
4526,東台            ,10000,66000,-56000,0,0,0,0,0,0,0,0,0,0,0,0,0,-56000
1234,黑松            ,0,56000,-56000,0,0,0,0,0,0,0,0,0,0,0,0,0,-56000
06735P,奇力新凱基98售07,0,0,0,0,0,0,0,0,0,-57000,0,0,0,0,57000,-57000,-57000
062161,南六凱基9C購01  ,0,0,0,0,0,0,0,0,0,-57000,0,0,0,20000,77000,-57000,-57000
061885,臺股指元大9B購19,0,0,0,0,0,0,0,0,0,-57000,0,0,0,3000,60000,-57000,-57000
059181,世紀鋼元富9C購01,0,0,0,0,0,0,0,0,0,-57000,0,0,0,89000,146000,-57000,-57000
055804,祥碩永豐97購02  ,0,0,0,0,0,0,0,0,0,-57000,0,0,0,0,57000,-57000,-57000
046937,聯電元大99購01  ,0,0,0,0,0,0,0,0,0,-57000,0,0,0,38000,95000,-57000,-57000
052413,上証反中信97購01,0,0,0,0,0,0,0,0,0,-57000,0,0,0,0,57000,-57000,-57000
05730P,臺股指凱基97售03,0,0,0,0,0,0,0,0,0,-57000,0,0,0,0,57000,-57000,-57000
059867,華邦電凱基99購02,0,0,0,0,0,0,0,0,0,-57000,0,0,0,50000,107000,-57000,-57000
058997,鴻海元大99購21  ,0,0,0,0,0,0,0,0,0,-57000,0,0,0,11000,68000,-57000,-57000
060188,華新科元富9A購03,0,0,0,0,0,0,0,0,0,-57000,0,0,0,28000,85000,-57000,-57000
1338,廣華-KY         ,82000,139000,-57000,0,0,0,0,0,0,0,0,0,0,0,0,0,-57000
06880P,鈺齊凱基98售03  ,0,0,0,0,0,0,0,0,0,-57000,0,0,0,0,57000,-57000,-57000
3617,碩天            ,16000,73000,-57000,0,0,0,0,0,0,0,0,0,0,0,0,0,-57000
2527,宏璟            ,0,57000,-57000,0,0,0,0,0,0,0,0,0,0,0,0,0,-57000
9930,中聯資源        ,0,57000,-57000,0,0,0,0,0,0,0,0,0,0,0,0,0,-57000
9905,大華            ,0,57000,-57000,0,0,0,0,0,0,0,0,0,0,0,0,0,-57000
061724,訊芯永豐9A購01  ,0,0,0,0,0,0,0,0,0,-58000,0,0,0,10000,68000,-58000,-58000
061366,台勝科國票9A購01,0,0,0,0,0,0,0,0,0,-58000,0,0,0,10000,68000,-58000,-58000
061080,華邦電兆豐9B購01,0,0,0,0,0,0,0,0,0,-58000,0,0,0,0,58000,-58000,-58000
06650P,聯發科元大98售09,0,0,0,0,0,0,0,0,0,-58000,0,0,0,0,58000,-58000,-58000
060226,道瓊反元大9A購01,0,0,0,0,0,0,0,0,0,-58000,0,0,0,12000,70000,-58000,-58000
059921,大立光元大99購24,0,0,0,0,0,0,0,0,0,-58000,0,0,0,10000,68000,-58000,-58000
912398,友佳-DR         ,0,58000,-58000,0,0,0,0,0,0,0,0,0,0,0,0,0,-58000
4915,致伸            ,1172000,1186000,-14000,0,0,0,0,0,0,-44000,0,6000,-6000,4000,42000,-38000,-58000
07205P,鴻海凱基99售11  ,0,0,0,0,0,0,0,0,0,-58000,0,0,0,0,58000,-58000,-58000
1442,名軒            ,0,59000,-59000,0,0,0,0,0,0,1000,1000,0,1000,0,0,0,-58000
062015,喬山永豐9B購01  ,0,0,0,0,0,0,0,0,0,-59000,0,0,0,0,59000,-59000,-59000
054137,聯詠元大97購02  ,0,0,0,0,0,0,0,0,0,-59000,0,0,0,21000,80000,-59000,-59000
05524P,瀚宇博國票97售02,0,0,0,0,0,0,0,0,0,-59000,0,0,0,25000,84000,-59000,-59000
057056,立積元大99購02  ,0,0,0,0,0,0,0,0,0,-59000,0,0,0,16000,75000,-59000,-59000
060230,台積電元大9A購07,0,0,0,0,0,0,0,0,0,-59000,0,0,0,51000,110000,-59000,-59000
1737,臺鹽            ,0,59000,-59000,0,0,0,0,0,0,0,0,0,0,0,0,0,-59000
07930P,聯發科統一9B售06,0,0,0,0,0,0,0,0,0,-59000,0,0,0,14000,73000,-59000,-59000
07795P,美律國票9A售03  ,0,0,0,0,0,0,0,0,0,-59000,0,0,0,86000,145000,-59000,-59000
06847P,奇力新元大98售05,0,0,0,0,0,0,0,0,0,-59000,0,0,0,2000,61000,-59000,-59000
2727,王品            ,2000,61000,-59000,0,0,0,0,0,0,0,0,0,0,0,0,0,-59000
06240P,奇力新元富97售03,0,0,0,0,0,0,0,0,0,-60000,0,0,0,0,60000,-60000,-60000
062440,聯發科元大9B購11,0,0,0,0,0,0,0,0,0,-60000,0,0,0,0,60000,-60000,-60000
063090,道瓊反中信9C購02,0,0,0,0,0,0,0,0,0,-60000,0,0,0,0,60000,-60000,-60000
061523,SP黃豆凱基9B購01,0,0,0,0,0,0,0,0,0,-60000,0,0,0,0,60000,-60000,-60000
056683,台積電統一98購05,0,0,0,0,0,0,0,0,0,-60000,0,0,0,162000,222000,-60000,-60000
059691,大立光永豐99購02,0,0,0,0,0,0,0,0,0,-60000,0,0,0,0,60000,-60000,-60000
059205,元石油元大99購01,0,0,0,0,0,0,0,0,0,-60000,0,0,0,180000,240000,-60000,-60000
059529,華新科凱基9A購04,0,0,0,0,0,0,0,0,0,-60000,0,0,0,0,60000,-60000,-60000
051842,大成鋼富邦97購01,0,0,0,0,0,0,0,0,0,-60000,0,0,0,0,60000,-60000,-60000
04286P,滬深2X中信96售01,0,0,0,0,0,0,0,0,0,-60000,0,0,0,0,60000,-60000,-60000
053244,光磊國票97購01  ,0,0,0,0,0,0,0,0,0,-60000,0,0,0,0,60000,-60000,-60000
060293,緯創元大9A購01  ,0,0,0,0,0,0,0,0,0,-60000,0,0,0,57000,117000,-60000,-60000
058091,欣興元大99購03  ,0,0,0,0,0,0,0,0,0,-60000,0,0,0,0,60000,-60000,-60000
058016,智邦凱基98購06  ,0,0,0,0,0,0,0,0,0,-60000,0,0,0,0,60000,-60000,-60000
2704,國賓            ,5000,65000,-60000,0,0,0,0,0,0,0,0,0,0,0,0,0,-60000
3209,全科            ,86000,141000,-55000,0,0,0,0,0,0,-5000,0,5000,-5000,0,0,0,-60000
06938P,南電元大98售03  ,0,0,0,0,0,0,0,0,0,-60000,0,0,0,2000,62000,-60000,-60000
06928P,鴻海元大99售10  ,0,0,0,0,0,0,0,0,0,-60000,0,0,0,44000,104000,-60000,-60000
07051P,大立光中信99售02,0,0,0,0,0,0,0,0,0,-60000,0,0,0,0,60000,-60000,-60000
07381P,鴻海群益99售05  ,0,0,0,0,0,0,0,0,0,-60000,0,0,0,0,60000,-60000,-60000
060661,台積電凱基9A購18,0,0,0,0,0,0,0,0,0,-61000,0,0,0,2000,63000,-61000,-61000
06594P,立積元大98售01  ,0,0,0,0,0,0,0,0,0,-61000,0,0,0,302000,363000,-61000,-61000
062312,大立光凱基9B購03,0,0,0,0,0,0,0,0,0,-61000,0,0,0,10000,71000,-61000,-61000
055196,致新元富97購01  ,0,0,0,0,0,0,0,0,0,-61000,0,0,0,51000,112000,-61000,-61000
055668,欣興群益97購01  ,0,0,0,0,0,0,0,0,0,-61000,0,0,0,37000,98000,-61000,-61000
059065,南電凱基9A購01  ,0,0,0,0,0,0,0,0,0,-61000,0,0,0,105000,166000,-61000,-61000
057712,南亞科統一9A購01,0,0,0,0,0,0,0,0,0,-61000,0,0,0,76000,137000,-61000,-61000
058713,國巨統一9B購02  ,0,0,0,0,0,0,0,0,0,-61000,0,0,0,20000,81000,-61000,-61000
07558P,玉晶光元大9A售10,0,0,0,0,0,0,0,0,0,-61000,0,0,0,20000,81000,-61000,-61000
06984P,上銀富邦9B售01  ,0,0,0,0,0,0,0,0,0,-61000,0,0,0,8000,69000,-61000,-61000
1503,士電            ,48000,110000,-62000,0,0,0,0,0,0,1000,1000,0,1000,0,0,0,-61000
2816,旺旺保          ,4000,65000,-61000,0,0,0,0,0,0,0,0,0,0,0,0,0,-61000
9925,新保            ,1000,62000,-61000,0,0,0,0,0,0,0,0,0,0,0,0,0,-61000
049539,元油2X群益9A購01,0,0,0,0,0,0,0,0,0,-62000,0,0,0,0,62000,-62000,-62000
060185,聯發科元富04購01,0,0,0,0,0,0,0,0,0,-62000,0,0,0,0,62000,-62000,-62000
059115,美食永豐99購01  ,0,0,0,0,0,0,0,0,0,-62000,0,0,0,10000,72000,-62000,-62000
2506,太設            ,0,62000,-62000,0,0,0,0,0,0,0,0,0,0,0,0,0,-62000
07412P,國巨元大99售32  ,0,0,0,0,0,0,0,0,0,-62000,0,0,0,0,62000,-62000,-62000
062361,智邦元大9B購06  ,0,0,0,0,0,0,0,0,0,-63000,0,0,0,25000,88000,-63000,-63000
060851,國巨國泰9C購01  ,0,0,0,0,0,0,0,0,0,-63000,0,0,0,341000,404000,-63000,-63000
048192,華通元大96購01  ,0,0,0,0,0,0,0,0,0,-63000,0,0,0,0,63000,-63000,-63000
05658P,日月光元富96售02,0,0,0,0,0,0,0,0,0,-63000,0,0,0,25000,88000,-63000,-63000
059901,滬深2X元大9C購07,0,0,0,0,0,0,0,0,0,-63000,0,0,0,5000,68000,-63000,-63000
057745,泰鼎永豐99購01  ,0,0,0,0,0,0,0,0,0,-63000,0,0,0,60000,123000,-63000,-63000
058914,元油2X元富01購02,0,0,0,0,0,0,0,0,0,-63000,0,0,0,0,63000,-63000,-63000
1459,聯發            ,0,62000,-62000,0,0,0,0,0,0,-1000,0,1000,-1000,0,0,0,-63000
1903,士紙            ,0,63000,-63000,0,0,0,0,0,0,0,0,0,0,0,0,0,-63000
07956P,鴻海群益9B售06  ,0,0,0,0,0,0,0,0,0,-63000,0,0,0,10000,73000,-63000,-63000
2108,南帝            ,577000,590674,-13674,0,0,0,0,0,0,-50000,0,50000,-50000,0,0,0,-63674
061616,鴻海群益9A購07  ,0,0,0,0,0,0,0,0,0,-64000,0,0,0,55000,119000,-64000,-64000
06208P,台郡凱基97售03  ,0,0,0,0,0,0,0,0,0,-64000,0,0,0,0,64000,-64000,-64000
062889,可成群益9C購01  ,0,0,0,0,0,0,0,0,0,-64000,0,0,0,0,64000,-64000,-64000
058999,台積電元大99購24,0,0,0,0,0,0,0,0,0,-64000,0,0,0,6000,70000,-64000,-64000
1589,永冠-KY         ,10000,84000,-74000,0,0,0,0,0,0,10000,10000,0,10000,0,0,0,-64000
1473,台南            ,10000,74000,-64000,0,0,0,0,0,0,0,0,0,0,0,0,0,-64000
07944P,華新科元大9B售08,0,0,0,0,0,0,0,0,0,-64000,0,0,0,76000,140000,-64000,-64000
07838P,泰碩元大9A售04  ,0,0,0,0,0,0,0,0,0,-64000,0,0,0,15000,79000,-64000,-64000
2852,第一保          ,2000,66000,-64000,0,0,0,0,0,0,0,0,0,0,0,0,0,-64000
3041,揚智            ,287000,349000,-62000,0,0,0,0,0,0,-2000,0,2000,-2000,0,0,0,-64000
062967,上銀元富9B購01  ,0,0,0,0,0,0,0,0,0,-65000,0,0,0,30000,95000,-65000,-65000
06448P,華通元大99售01  ,0,0,0,0,0,0,0,0,0,-65000,0,0,0,14000,79000,-65000,-65000
062484,臺股指國票9B購10,0,0,0,0,0,0,0,0,0,-65000,0,0,0,160000,225000,-65000,-65000
061589,世紀鋼富邦9B購01,0,0,0,0,0,0,0,0,0,-65000,0,0,0,10000,75000,-65000,-65000
061990,台勝科元大9C購01,0,0,0,0,0,0,0,0,0,-65000,0,0,0,0,65000,-65000,-65000
060864,可成永豐9A購01  ,0,0,0,0,0,0,0,0,0,-65000,0,0,0,0,65000,-65000,-65000
06091P,華新科統一97售01,0,0,0,0,0,0,0,0,0,-65000,0,0,0,35000,100000,-65000,-65000
055207,致新中信99購01  ,0,0,0,0,0,0,0,0,0,-65000,0,0,0,0,65000,-65000,-65000
057725,台達電國泰9A購01,0,0,0,0,0,0,0,0,0,-65000,0,0,0,37000,102000,-65000,-65000
059765,嘉聯益永豐99購02,0,0,0,0,0,0,0,0,0,-65000,0,0,0,16000,81000,-65000,-65000
057052,華擎元大98購01  ,0,0,0,0,0,0,0,0,0,-65000,0,0,0,0,65000,-65000,-65000
5007,三星            ,8000,73000,-65000,0,0,0,0,0,0,0,0,0,0,0,0,0,-65000
1321,大洋            ,0,65000,-65000,0,0,0,0,0,0,0,0,0,0,0,0,0,-65000
1225,福懋油          ,2000,67000,-65000,0,0,0,0,0,0,0,0,0,0,0,0,0,-65000
1721,三晃            ,0,65000,-65000,0,0,0,0,0,0,0,0,0,0,0,0,0,-65000
1773,勝一            ,2000,67000,-65000,0,0,0,0,0,0,0,0,0,0,0,0,0,-65000
06902P,聯電凱基98售02  ,0,0,0,0,0,0,0,0,0,-65000,0,0,0,36000,101000,-65000,-65000
060986,聯發科元大9A購07,0,0,0,0,0,0,0,0,0,-66000,0,0,0,0,66000,-66000,-66000
062116,元金2X第一9B購01,0,0,0,0,0,0,0,0,0,-66000,0,0,0,141000,207000,-66000,-66000
054789,高鐵群益98購01  ,0,0,0,0,0,0,0,0,0,-66000,0,0,0,31000,97000,-66000,-66000
056588,聯發科統一9A購02,0,0,0,0,0,0,0,0,0,-66000,0,0,0,0,66000,-66000,-66000
059434,全新元大99購05  ,0,0,0,0,0,0,0,0,0,-66000,0,0,0,0,66000,-66000,-66000
056051,T50反1元大97購05,0,0,0,0,0,0,0,0,0,-66000,0,0,0,0,66000,-66000,-66000
055911,可成凱基98購02  ,0,0,0,0,0,0,0,0,0,-66000,0,0,0,1000,67000,-66000,-66000
052447,聯發科元大96購04,0,0,0,0,0,0,0,0,0,-66000,0,0,0,78000,144000,-66000,-66000
057231,美律凱基98購05  ,0,0,0,0,0,0,0,0,0,-66000,0,0,0,20000,86000,-66000,-66000
057304,為升兆豐99購02  ,0,0,0,0,0,0,0,0,0,-66000,0,0,0,0,66000,-66000,-66000
057483,微星元大98購04  ,0,0,0,0,0,0,0,0,0,-66000,0,0,0,119000,185000,-66000,-66000
05895P,奇力新群益96售03,0,0,0,0,0,0,0,0,0,-66000,0,0,0,0,66000,-66000,-66000
07576P,可成元大9A售01  ,0,0,0,0,0,0,0,0,0,-66000,0,0,0,0,66000,-66000,-66000
07872P,聯發科群益9B售03,10000,0,10000,0,0,0,0,0,0,-76000,0,0,0,54000,130000,-76000,-66000
6165,捷泰            ,168000,234000,-66000,0,0,0,0,0,0,0,0,0,0,0,0,0,-66000
3661,世芯-KY         ,591000,436000,155000,0,0,0,53000,163000,-110000,-111000,25000,124000,-99000,15000,27000,-12000,-66000
06465P,國巨統一98售04  ,0,0,0,0,0,0,0,0,0,-67000,0,0,0,458000,525000,-67000,-67000
06096P,全新永豐97售02  ,0,0,0,0,0,0,0,0,0,-67000,0,0,0,113000,180000,-67000,-67000
061703,信邦國票9A購01  ,0,0,0,0,0,0,0,0,0,-67000,0,0,0,113000,180000,-67000,-67000
060034,立積永豐99購04  ,0,0,0,0,0,0,0,0,0,-67000,0,0,0,13000,80000,-67000,-67000
057848,台表科永豐98購02,0,0,0,0,0,0,0,0,0,-67000,0,0,0,0,67000,-67000,-67000
08005P,台積電群益9C售04,0,0,0,0,0,0,0,0,0,-67000,0,0,0,0,67000,-67000,-67000
06925P,致茂群益9A售02  ,0,0,0,0,0,0,0,0,0,-67000,0,0,0,23000,90000,-67000,-67000
06912P,台光電元大99售02,0,0,0,0,0,0,0,0,0,-67000,0,0,0,53000,120000,-67000,-67000
061946,鴻海群益9B購03  ,0,0,0,0,0,0,0,0,0,-68000,0,0,0,32000,100000,-68000,-68000
061931,力山國票9B購02  ,0,0,0,0,0,0,0,0,0,-68000,0,0,0,89000,157000,-68000,-68000
061596,健策永豐9A購03  ,0,0,0,0,0,0,0,0,0,-68000,0,0,0,7000,75000,-68000,-68000
061105,宏達電元大9A購04,0,0,0,0,0,0,0,0,0,-68000,0,0,0,2000,70000,-68000,-68000
06534P,聯發科群益98售04,0,0,0,0,0,0,0,0,0,-68000,0,0,0,45000,113000,-68000,-68000
054045,奇力新元大97購03,0,0,0,0,0,0,0,0,0,-68000,0,0,0,0,68000,-68000,-68000
055437,禾伸堂中信99購01,0,0,0,0,0,0,0,0,0,-68000,0,0,0,20000,88000,-68000,-68000
00660,元大歐洲50      ,0,0,0,0,0,0,0,0,0,-68000,0,0,0,40000,108000,-68000,-68000
059277,群創元大99購05  ,0,0,0,0,0,0,0,0,0,-68000,0,0,0,0,68000,-68000,-68000
05729P,臺股指凱基97售02,0,0,0,0,0,0,0,0,0,-68000,0,0,0,43000,111000,-68000,-68000
058241,景碩元大99購05  ,0,0,0,0,0,0,0,0,0,-68000,0,0,0,0,68000,-68000,-68000
057695,S&P反1群益9B購01,0,0,0,0,0,0,0,0,0,-68000,0,0,0,2000,70000,-68000,-68000
057642,南亞科元大98購07,0,0,0,0,0,0,0,0,0,-68000,0,0,0,0,68000,-68000,-68000
058136,景碩元大99購02  ,0,0,0,0,0,0,0,0,0,-68000,0,0,0,0,68000,-68000,-68000
058766,力山兆豐99購01  ,0,0,0,0,0,0,0,0,0,-68000,0,0,0,161000,229000,-68000,-68000
057824,日月光元大98購01,0,0,0,0,0,0,0,0,0,-68000,0,0,0,80000,148000,-68000,-68000
07016P,聯發科元大99售10,0,0,0,0,0,0,0,0,0,-68000,0,0,0,60000,128000,-68000,-68000
07539P,玉山金台新9A售01,0,0,0,0,0,0,0,0,0,-68000,0,0,0,10000,78000,-68000,-68000
07894P,燿華元大9B售01  ,0,0,0,0,0,0,0,0,0,-68000,0,0,0,65000,133000,-68000,-68000
2062,橋椿            ,7000,75000,-68000,0,0,0,0,0,0,0,0,0,0,0,0,0,-68000
1340,勝悅-KY         ,0,68000,-68000,0,0,0,0,0,0,0,0,0,0,0,0,0,-68000
3050,鈺德            ,1000,69000,-68000,0,0,0,0,0,0,0,0,0,0,0,0,0,-68000
9136,巨騰-DR         ,8000,76000,-68000,0,0,0,0,0,0,0,0,0,0,0,0,0,-68000
06726P,欣興元富98售04  ,0,0,0,0,0,0,0,0,0,-69000,0,0,0,0,69000,-69000,-69000
059194,元金2X永豐99購01,0,0,0,0,0,0,0,0,0,-69000,0,0,0,5000,74000,-69000,-69000
054728,聯發科日盛97購01,0,0,0,0,0,0,0,0,0,-69000,0,0,0,0,69000,-69000,-69000
055217,緯創凱基97購02  ,0,0,0,0,0,0,0,0,0,-69000,0,0,0,1000,70000,-69000,-69000
055157,晶豪科元大97購01,0,0,0,0,0,0,0,0,0,-69000,0,0,0,16000,85000,-69000,-69000
05649P,矽創國票97售03  ,0,0,0,0,0,0,0,0,0,-69000,0,0,0,0,69000,-69000,-69000
060539,道瓊反凱基9A購01,0,0,0,0,0,0,0,0,0,-69000,0,0,0,0,69000,-69000,-69000
058763,和碩群益99購01  ,0,0,0,0,0,0,0,0,0,-69000,0,0,0,36000,105000,-69000,-69000
058505,台積電元大99購08,0,0,0,0,0,0,0,0,0,-69000,0,0,0,38000,107000,-69000,-69000
059908,元金2X元大99購01,0,0,0,0,0,0,0,0,0,-69000,0,0,0,45000,114000,-69000,-69000
059956,玉山金康和99購01,0,0,0,0,0,0,0,0,0,-69000,0,0,0,4000,73000,-69000,-69000
2906,高林            ,57000,127000,-70000,0,0,0,0,0,0,1000,1000,0,1000,0,0,0,-69000
3702A,大聯大甲特      ,0,13000,-13000,0,0,0,0,0,0,-56000,0,56000,-56000,0,0,0,-69000
1437,勤益控          ,0,69000,-69000,0,0,0,0,0,0,0,0,0,0,0,0,0,-69000
1525,江申            ,0,12000,-12000,0,0,0,0,57000,-57000,0,0,0,0,0,0,0,-69000
08079P,宏達電國票9B售03,0,0,0,0,0,0,0,0,0,-69000,0,0,0,11000,80000,-69000,-69000
07647P,健策國票9A售04  ,0,0,0,0,0,0,0,0,0,-69000,0,0,0,153000,222000,-69000,-69000
07194P,聯發科元大99售25,0,0,0,0,0,0,0,0,0,-69000,0,0,0,11000,80000,-69000,-69000
06371P,茂林國票98售04  ,0,0,0,0,0,0,0,0,0,-70000,0,0,0,14000,84000,-70000,-70000
063127,TPK元大9B購02   ,0,0,0,0,0,0,0,0,0,-70000,0,0,0,0,70000,-70000,-70000
060823,旺宏元大9A購05  ,0,0,0,0,0,0,0,0,0,-70000,0,0,0,22000,92000,-70000,-70000
060632,可成富邦9B購01  ,0,0,0,0,0,0,0,0,0,-70000,0,0,0,8000,78000,-70000,-70000
061645,超眾元大9A購06  ,0,0,0,0,0,0,0,0,0,-70000,0,0,0,21000,91000,-70000,-70000
061681,南電元大9A購08  ,0,0,0,0,0,0,0,0,0,-70000,0,0,0,0,70000,-70000,-70000
052764,景碩群益98購01  ,0,0,0,0,0,0,0,0,0,-70000,0,0,0,70000,140000,-70000,-70000
05305P,華新科國泰97售01,0,0,0,0,0,0,0,0,0,-70000,0,0,0,10000,80000,-70000,-70000
05131P,聯詠統一97售01  ,0,0,0,0,0,0,0,0,0,-70000,0,0,0,30000,100000,-70000,-70000
047990,臺指反元大96購02,0,0,0,0,0,0,0,0,0,-70000,0,0,0,0,70000,-70000,-70000
053593,晶技元大98購01  ,0,0,0,0,0,0,0,0,0,-70000,0,0,0,291000,361000,-70000,-70000
055244,國巨統一98購01  ,0,0,0,0,0,0,0,0,0,-70000,0,0,0,33000,103000,-70000,-70000
054860,台積電群益98購01,0,0,0,0,0,0,0,0,0,-70000,0,0,0,0,70000,-70000,-70000
054506,矽格永豐96購01  ,0,0,0,0,0,0,0,0,0,-70000,0,0,0,0,70000,-70000,-70000
059570,全新凱基99購04  ,0,0,0,0,0,0,0,0,0,-70000,0,0,0,0,70000,-70000,-70000
060484,聯發科富邦9C購02,0,0,0,0,0,0,0,0,0,-70000,0,0,0,0,70000,-70000,-70000
08090P,嘉澤統一9B售01  ,0,0,0,0,0,0,0,0,0,-70000,0,0,0,0,70000,-70000,-70000
07895P,美律元大9B售01  ,0,0,0,0,0,0,0,0,0,-70000,0,0,0,10000,80000,-70000,-70000
1806,冠軍            ,0,70000,-70000,0,0,0,0,0,0,0,0,0,0,0,0,0,-70000
4927,泰鼎-KY         ,1675000,1831000,-156000,0,0,0,398000,56000,342000,-256000,36000,23000,13000,30000,299000,-269000,-70000
5225,東科-KY         ,14000,83000,-69000,0,0,0,0,0,0,-1000,0,1000,-1000,0,0,0,-70000
061978,旺宏元大9C購01  ,0,0,0,0,0,0,0,0,0,-71000,0,0,0,10000,81000,-71000,-71000
06150P,奇力新元大97售06,0,0,0,0,0,0,0,0,0,-71000,0,0,0,0,71000,-71000,-71000
062567,祥碩中信9C購01  ,0,0,0,0,0,0,0,0,0,-71000,0,0,0,98000,169000,-71000,-71000
058788,喬山元大99購01  ,0,0,0,0,0,0,0,0,0,-71000,0,0,0,99000,170000,-71000,-71000
059533,富邦金凱基99購01,0,0,0,0,0,0,0,0,0,-71000,0,0,0,0,71000,-71000,-71000
057173,南亞科元大98購04,0,0,0,0,0,0,0,0,0,-71000,0,0,0,0,71000,-71000,-71000
2923,鼎固-KY         ,0,74000,-74000,0,0,0,0,0,0,3000,3000,0,3000,0,0,0,-71000
3028,增你強          ,1000,72000,-71000,0,0,0,0,0,0,0,2000,2000,0,0,0,0,-71000
1507,永大            ,0,71000,-71000,0,0,0,0,0,0,0,0,0,0,0,0,0,-71000
1457,宜進            ,3000,74000,-71000,0,0,0,0,0,0,0,0,0,0,0,0,0,-71000
07402P,瑞昱凱基99售02  ,0,0,0,0,0,0,0,0,0,-71000,0,0,0,10000,81000,-71000,-71000
07260P,台灣50元大9A售01,0,0,0,0,0,0,0,0,0,-71000,0,0,0,2000,73000,-71000,-71000
062937,旺宏凱基9B購08  ,0,0,0,0,0,0,0,0,0,-72000,0,0,0,17000,89000,-72000,-72000
062836,同欣電群益9B購02,0,0,0,0,0,0,0,0,0,-72000,0,0,0,152000,224000,-72000,-72000
061697,世紀鋼群益9A購03,0,0,0,0,0,0,0,0,0,-72000,0,0,0,0,72000,-72000,-72000
055690,矽力凱基97購02  ,0,0,0,0,0,0,0,0,0,-72000,0,0,0,0,72000,-72000,-72000
057118,欣興日盛9A購01  ,0,0,0,0,0,0,0,0,0,-72000,0,0,0,0,72000,-72000,-72000
059914,台積電元大99購47,0,0,0,0,0,0,0,0,0,-72000,0,0,0,0,72000,-72000,-72000
058796,可成元大99購04  ,0,0,0,0,0,0,0,0,0,-72000,0,0,0,30000,102000,-72000,-72000
05805P,義隆永豐96售02  ,0,0,0,0,0,0,0,0,0,-72000,0,0,0,0,72000,-72000,-72000
060308,劍麟永豐9A購01  ,0,0,0,0,0,0,0,0,0,-72000,0,0,0,13000,85000,-72000,-72000
060208,卜蜂康和9A購01  ,0,0,0,0,0,0,0,0,0,-72000,0,0,0,16000,88000,-72000,-72000
2514,龍邦            ,12000,84000,-72000,0,0,0,0,0,0,0,0,0,0,0,0,0,-72000
2431,聯昌            ,8000,80000,-72000,0,0,0,0,0,0,0,0,0,0,0,0,0,-72000
2331,精英            ,72000,129000,-57000,0,0,0,0,0,0,-15000,0,15000,-15000,0,0,0,-72000
5907,大洋-KY         ,14000,80000,-66000,0,0,0,0,0,0,-6000,0,0,0,0,6000,-6000,-72000
6277,宏正            ,71000,142000,-71000,0,0,0,0,0,0,-1000,0,1000,-1000,0,0,0,-72000
061704,景碩國票9A購01  ,0,0,0,0,0,0,0,0,0,-73000,0,0,0,40000,113000,-73000,-73000
061782,智邦群益9B購01  ,0,0,0,0,0,0,0,0,0,-73000,0,0,0,25000,98000,-73000,-73000
05213P,台積電國票96售05,0,0,0,0,0,0,0,0,0,-73000,0,0,0,232000,305000,-73000,-73000
060388,世紀鋼凱基9B購01,0,0,0,0,0,0,0,0,0,-73000,0,0,0,0,73000,-73000,-73000
2464,盟立            ,17000,90000,-73000,0,0,0,0,0,0,0,0,0,0,0,0,0,-73000
06937P,GIS元大98售03   ,10000,0,10000,0,0,0,0,0,0,-83000,0,0,0,10000,93000,-83000,-73000
08016P,臺股指凱基02售02,0,0,0,0,0,0,0,0,0,-73000,0,0,0,0,73000,-73000,-73000
07835P,台表科群益9A售02,0,0,0,0,0,0,0,0,0,-73000,0,0,0,20000,93000,-73000,-73000
063026,南六元大9B購04  ,0,0,0,0,0,0,0,0,0,-74000,0,0,0,45000,119000,-74000,-74000
062218,燿華統一01購01  ,0,0,0,0,0,0,0,0,0,-74000,0,0,0,0,74000,-74000,-74000
054017,茂林永豐96購02  ,0,0,0,0,0,0,0,0,0,-74000,0,0,0,1000,75000,-74000,-74000
059875,信邦凱基99購02  ,0,0,0,0,0,0,0,0,0,-74000,0,0,0,33000,107000,-74000,-74000
07777P,創意元大9A售03  ,0,0,0,0,0,0,0,0,0,-74000,0,0,0,11000,85000,-74000,-74000
07928P,國巨統一9B售09  ,0,0,0,0,0,0,0,0,0,-74000,0,0,0,9000,83000,-74000,-74000
07216P,大立光凱基99售08,0,0,0,0,0,0,0,0,0,-74000,0,0,0,238000,312000,-74000,-74000
5285,界霖            ,3000,77000,-74000,0,0,0,0,0,0,0,0,0,0,0,0,0,-74000
062096,神隆永豐9B購01  ,0,0,0,0,0,0,0,0,0,-75000,0,0,0,80000,155000,-75000,-75000
053107,旺宏兆豐97購01  ,0,0,0,0,0,0,0,0,0,-75000,0,0,0,10000,85000,-75000,-75000
052326,滬深反中信99購01,0,0,0,0,0,0,0,0,0,-75000,0,0,0,40000,115000,-75000,-75000
059438,群創元大99購06  ,0,0,0,0,0,0,0,0,0,-75000,0,0,0,180000,255000,-75000,-75000
060028,國揚永豐99購01  ,0,0,0,0,0,0,0,0,0,-75000,0,0,0,0,75000,-75000,-75000
057199,台達電元富02購01,0,0,0,0,0,0,0,0,0,-75000,0,0,0,198000,273000,-75000,-75000
060231,台積電元大9A購08,0,0,0,0,0,0,0,0,0,-75000,0,0,0,0,75000,-75000,-75000
060521,鴻海中信01購03  ,0,0,0,0,0,0,0,0,0,-75000,0,0,0,0,75000,-75000,-75000
2453,凌群            ,13000,87000,-74000,0,0,0,0,0,0,-1000,0,1000,-1000,0,0,0,-75000
062212,臻鼎台新9B購01  ,0,0,0,0,0,0,0,0,0,-76000,0,0,0,211000,287000,-76000,-76000
063146,南六統一9B購02  ,0,0,0,0,0,0,0,0,0,-76000,0,0,0,0,76000,-76000,-76000
061536,華擎統一9C購02  ,0,0,0,0,0,0,0,0,0,-76000,0,0,0,163000,239000,-76000,-76000
061054,台積電群益9A購04,0,0,0,0,0,0,0,0,0,-76000,0,0,0,54000,130000,-76000,-76000
053769,香港反元大99購01,0,0,0,0,0,0,0,0,0,-76000,0,0,0,0,76000,-76000,-76000
060160,聯陽永豐9A購01  ,0,0,0,0,0,0,0,0,0,-76000,0,0,0,0,76000,-76000,-76000
058831,茂林永豐99購01  ,0,0,0,0,0,0,0,0,0,-76000,0,0,0,9000,85000,-76000,-76000
057346,鴻海統一98購13  ,0,0,0,0,0,0,0,0,0,-76000,0,0,0,8000,84000,-76000,-76000
5258,虹堡            ,2000,75000,-73000,0,0,0,0,0,0,-3000,3000,6000,-3000,0,0,0,-76000
2059,川湖            ,34000,113000,-79000,0,0,0,0,0,0,3000,10000,7000,3000,0,0,0,-76000
00685L,群益臺灣加權正2 ,0,0,0,0,0,0,0,0,0,-77000,0,0,0,1000,78000,-77000,-77000
05722P,玉晶光國票97售03,0,0,0,0,0,0,0,0,0,-77000,0,0,0,149000,226000,-77000,-77000
059754,訊芯群益9A購01  ,0,0,0,0,0,0,0,0,0,-77000,0,0,0,49000,126000,-77000,-77000
07953P,健策元大9B售07  ,0,0,0,0,0,0,0,0,0,-77000,0,0,0,50000,127000,-77000,-77000
5234,達興材料        ,11000,88000,-77000,0,0,0,0,0,0,0,1000,1000,0,0,0,0,-77000
060870,旭富群益9A購01  ,0,0,0,0,0,0,0,0,0,-78000,0,0,0,1252000,1330000,-78000,-78000
062469,旺宏凱基9B購05  ,0,0,0,0,0,0,0,0,0,-78000,0,0,0,5000,83000,-78000,-78000
9924,福興            ,5000,83000,-78000,0,0,0,0,0,0,0,0,0,0,0,0,0,-78000
06888P,日月光元大98售02,0,0,0,0,0,0,0,0,0,-78000,0,0,0,0,78000,-78000,-78000
06385P,聯發科永豐97售02,0,0,0,0,0,0,0,0,0,-79000,0,0,0,30000,109000,-79000,-79000
06553P,訊芯元大98售05  ,0,0,0,0,0,0,0,0,0,-79000,0,0,0,151000,230000,-79000,-79000
060767,世紀鋼元大9A購02,0,0,0,0,0,0,0,0,0,-79000,0,0,0,11000,90000,-79000,-79000
061963,台積電統一01購04,0,0,0,0,0,0,0,0,0,-79000,0,0,0,86000,165000,-79000,-79000
055745,臻鼎元富97購01  ,0,0,0,0,0,0,0,0,0,-79000,0,0,0,150000,229000,-79000,-79000
07884P,華新科凱基9B售08,0,0,0,0,0,0,0,0,0,-79000,0,0,0,31000,110000,-79000,-79000
4137,麗豐-KY         ,32000,92000,-60000,0,0,0,0,0,0,-19000,5000,7000,-2000,5000,22000,-17000,-79000
060772,FBVIX凱基9A購03 ,0,0,0,0,0,0,0,0,0,-80000,0,0,0,20000,100000,-80000,-80000
06081P,深中小元大97售02,0,0,0,0,0,0,0,0,0,-80000,0,0,0,0,80000,-80000,-80000
061124,微星永豐9A購02  ,0,0,0,0,0,0,0,0,0,-80000,0,0,0,93000,173000,-80000,-80000
061189,可成富邦9B購02  ,0,0,0,0,0,0,0,0,0,-80000,0,0,0,20000,100000,-80000,-80000
062924,世紀鋼元大9C購04,0,0,0,0,0,0,0,0,0,-80000,0,0,0,0,80000,-80000,-80000
062708,立積元大9B購01  ,0,0,0,0,0,0,0,0,0,-80000,0,0,0,0,80000,-80000,-80000
062502,旺宏群益9C購01  ,0,0,0,0,0,0,0,0,0,-80000,0,0,0,0,80000,-80000,-80000
05565P,鎧勝元大96售01  ,0,0,0,0,0,0,0,0,0,-80000,0,0,0,40000,120000,-80000,-80000
055611,燿華國票98購02  ,0,0,0,0,0,0,0,0,0,-80000,0,0,0,10000,90000,-80000,-80000
059351,台虹凱基99購01  ,0,0,0,0,0,0,0,0,0,-80000,0,0,0,170000,250000,-80000,-80000
056451,可成凱基99購01  ,0,0,0,0,0,0,0,0,0,-80000,0,0,0,0,80000,-80000,-80000
049947,S&P反1中信97購01,0,0,0,0,0,0,0,0,0,-80000,0,0,0,0,80000,-80000,-80000
049820,世紀鋼元大96購03,0,0,0,0,0,0,0,0,0,-80000,0,0,0,0,80000,-80000,-80000
053297,鎧勝中信98購01  ,0,0,0,0,0,0,0,0,0,-80000,0,0,0,20000,100000,-80000,-80000
051570,和碩富邦97購01  ,0,0,0,0,0,0,0,0,0,-80000,0,0,0,0,80000,-80000,-80000
060100,新光金元大9C購01,0,0,0,0,0,0,0,0,0,-80000,0,0,0,68000,148000,-80000,-80000
057263,可成兆豐99購01  ,0,0,0,0,0,0,0,0,0,-80000,0,0,0,0,80000,-80000,-80000
057086,立積統一9C購01  ,0,0,0,0,0,0,0,0,0,-80000,0,0,0,0,80000,-80000,-80000
6177,達麗            ,3000,83000,-80000,0,0,0,0,0,0,0,0,0,0,0,0,0,-80000
07866P,上証2X國票97售01,0,0,0,0,0,0,0,0,0,-80000,0,0,0,0,80000,-80000,-80000
1316,上曜            ,4000,84000,-80000,0,0,0,0,0,0,0,0,0,0,0,0,0,-80000
061078,台積電兆豐9A購01,0,0,0,0,0,0,0,0,0,-81000,0,0,0,0,81000,-81000,-81000
060867,智伸科永豐9A購01,0,0,0,0,0,0,0,0,0,-81000,0,0,0,157000,238000,-81000,-81000
061972,華新元大9B購01  ,0,0,0,0,0,0,0,0,0,-81000,0,0,0,0,81000,-81000,-81000
061452,大成鋼凱基9A購01,0,0,0,0,0,0,0,0,0,-81000,0,0,0,111000,192000,-81000,-81000
05646P,聯發科國票96售05,0,0,0,0,0,0,0,0,0,-81000,0,0,0,0,81000,-81000,-81000
00762,元大全球AI      ,0,0,0,0,0,0,0,0,0,-81000,0,0,0,57000,138000,-81000,-81000
056337,聯發科凱基98購06,0,0,0,0,0,0,0,0,0,-81000,0,0,0,0,81000,-81000,-81000
056879,旺宏國票99購02  ,0,0,0,0,0,0,0,0,0,-81000,0,0,0,0,81000,-81000,-81000
1231,聯華食          ,5000,94000,-89000,0,0,0,0,0,0,8000,8000,0,8000,0,0,0,-81000
1449,佳和            ,39000,120000,-81000,0,0,0,0,0,0,0,0,0,0,0,0,0,-81000
5388,中磊            ,153000,200000,-47000,0,0,0,0,0,0,-34000,0,2000,-2000,12000,44000,-32000,-81000
062576,華擎群益9B購02  ,0,0,0,0,0,0,0,0,0,-82000,0,0,0,3000,85000,-82000,-82000
062765,祥碩凱基9B購04  ,0,0,0,0,0,0,0,0,0,-82000,0,0,0,0,82000,-82000,-82000
062949,聯發科富邦01購01,0,0,0,0,0,0,0,0,0,-82000,0,0,0,2000,84000,-82000,-82000
06486P,麗豐元大98售02  ,0,0,0,0,0,0,0,0,0,-82000,0,0,0,526000,608000,-82000,-82000
056657,華邦電元大99購01,0,0,0,0,0,0,0,0,0,-82000,0,0,0,0,82000,-82000,-82000
059139,全新兆豐9A購01  ,0,0,0,0,0,0,0,0,0,-82000,0,0,0,46000,128000,-82000,-82000
3583,辛耘            ,8000,89000,-81000,0,0,0,0,0,0,-1000,0,1000,-1000,0,0,0,-82000
2114,鑫永銓          ,1000,83000,-82000,0,0,0,0,0,0,0,0,0,0,0,0,0,-82000
1810,和成            ,0,82000,-82000,0,0,0,0,0,0,0,0,0,0,0,0,0,-82000
07189P,聯發科富邦9B售03,0,0,0,0,0,0,0,0,0,-82000,0,0,0,61000,143000,-82000,-82000
07358P,鴻海元大99售39  ,0,0,0,0,0,0,0,0,0,-82000,0,0,0,87000,169000,-82000,-82000
062983,緯穎元富9B購01  ,0,0,0,0,0,0,0,0,0,-83000,0,0,0,0,83000,-83000,-83000
062426,大立光統一02購02,0,0,0,0,0,0,0,0,0,-83000,0,0,0,50000,133000,-83000,-83000
061475,漢唐元大9A購01  ,0,0,0,0,0,0,0,0,0,-83000,0,0,0,222000,305000,-83000,-83000
061118,GIS富邦9A購01   ,0,0,0,0,0,0,0,0,0,-83000,0,0,0,1000,84000,-83000,-83000
059607,台積電富邦9C購04,0,0,0,0,0,0,0,0,0,-83000,0,0,0,7000,90000,-83000,-83000
07595P,台灣50中信03售07,0,0,0,0,0,0,0,0,0,-83000,0,0,0,0,83000,-83000,-83000
07996P,亞德客凱基9B售03,0,0,0,0,0,0,0,0,0,-83000,0,0,0,50000,133000,-83000,-83000
061585,台積電富邦9B購06,0,0,0,0,0,0,0,0,0,-84000,0,0,0,20000,104000,-84000,-84000
061953,台積電台新9B購04,0,0,0,0,0,0,0,0,0,-84000,0,0,0,43000,127000,-84000,-84000
062604,東元凱基9B購01  ,0,0,0,0,0,0,0,0,0,-84000,0,0,0,20000,104000,-84000,-84000
053973,晶豪科元大96購01,0,0,0,0,0,0,0,0,0,-84000,0,0,0,10000,94000,-84000,-84000
059882,臺股指凱基9C購06,0,0,0,0,0,0,0,0,0,-84000,0,0,0,389000,473000,-84000,-84000
058701,鴻海元大99購16  ,0,0,0,0,0,0,0,0,0,-84000,0,0,0,2000,86000,-84000,-84000
058943,元石油群益9C購01,0,0,0,0,0,0,0,0,0,-84000,0,0,0,234000,318000,-84000,-84000
058596,旺宏台新99購01  ,0,0,0,0,0,0,0,0,0,-84000,0,0,0,28000,112000,-84000,-84000
07325P,台積電元大99售41,0,0,0,0,0,0,0,0,0,-84000,0,0,0,0,84000,-84000,-84000
063066,同欣電麥證9B購01,0,0,0,0,85000,-85000,0,0,0,-85000,0,0,0,0,85000,-85000,-85000
063048,聯詠兆豐9B購01  ,0,0,0,0,0,0,0,0,0,-85000,0,0,0,0,85000,-85000,-85000
062747,立積永豐9B購01  ,0,0,0,0,0,0,0,0,0,-85000,0,0,0,0,85000,-85000,-85000
062834,立積群益9B購02  ,0,0,0,0,0,0,0,0,0,-85000,0,0,0,0,85000,-85000,-85000
06436P,台光電國票98售04,0,0,0,0,0,0,0,0,0,-85000,0,0,0,15000,100000,-85000,-85000
06599P,宏達電永豐98售02,0,0,0,0,0,0,0,0,0,-85000,0,0,0,1000,86000,-85000,-85000
061772,健策元大9B購06  ,0,0,0,0,0,0,0,0,0,-85000,0,0,0,16000,101000,-85000,-85000
061740,華新科凱基03購01,0,0,0,0,0,0,0,0,0,-85000,0,0,0,15000,100000,-85000,-85000
061384,T50反1群益9A購04,0,0,0,0,0,0,0,0,0,-85000,0,0,0,0,85000,-85000,-85000
060933,南電永豐9A購02  ,0,0,0,0,0,0,0,0,0,-85000,0,0,0,0,85000,-85000,-85000
059090,台新金元大99購01,0,0,0,0,0,0,0,0,0,-85000,0,0,0,0,85000,-85000,-85000
060567,華擎富邦9C購01  ,0,0,0,0,0,0,0,0,0,-85000,0,0,0,0,85000,-85000,-85000
060337,FBVIX統一9A購01 ,0,0,0,0,0,0,0,0,0,-85000,0,0,0,20000,105000,-85000,-85000
057286,群創元大9B購05  ,0,0,0,0,0,0,0,0,0,-85000,0,0,0,0,85000,-85000,-85000
057039,元油2X元大9B購07,0,0,0,0,0,0,0,0,0,-85000,0,0,0,0,85000,-85000,-85000
058294,華新科凱基9A購01,0,0,0,0,0,0,0,0,0,-85000,0,0,0,0,85000,-85000,-85000
057614,華新科元富99購04,0,0,0,0,0,0,0,0,0,-85000,0,0,0,0,85000,-85000,-85000
057895,全新元富9B購01  ,0,0,0,0,0,0,0,0,0,-85000,0,0,0,0,85000,-85000,-85000
07204P,鴻海凱基99售10  ,0,0,0,0,0,0,0,0,0,-85000,0,0,0,0,85000,-85000,-85000
07171P,臺股指國票99售08,0,0,0,0,0,0,0,0,0,-85000,0,0,0,5000,90000,-85000,-85000
07130P,台郡元大9B售01  ,0,0,0,0,0,0,0,0,0,-85000,0,0,0,25000,110000,-85000,-85000
07833P,大立光群益9B售02,0,0,0,0,0,0,0,0,0,-85000,0,0,0,5000,90000,-85000,-85000
1808,潤隆            ,29000,114000,-85000,0,0,0,0,0,0,0,0,0,0,0,0,0,-85000
2031,新光鋼          ,38000,223000,-185000,0,0,0,100000,0,100000,0,0,0,0,0,0,0,-85000
060850,康友國票9A購03  ,0,0,0,0,0,0,0,0,0,-86000,0,0,0,92000,178000,-86000,-86000
061356,南電元大9A購06  ,0,0,0,0,0,0,0,0,0,-86000,0,0,0,227000,313000,-86000,-86000
061732,智邦中信9B購01  ,0,0,0,0,0,0,0,0,0,-86000,0,0,0,19000,105000,-86000,-86000
062994,祥碩群益9B購05  ,0,0,0,0,0,0,0,0,0,-86000,0,0,0,0,86000,-86000,-86000
062296,南六永豐9B購02  ,0,0,0,0,0,0,0,0,0,-86000,0,0,0,88000,174000,-86000,-86000
054151,瑞昱國泰97購01  ,0,0,0,0,0,0,0,0,0,-86000,0,0,0,31000,117000,-86000,-86000
059261,華邦電中信01購01,0,0,0,0,0,0,0,0,0,-86000,0,0,0,0,86000,-86000,-86000
060529,聯發科中信9A購04,0,0,0,0,0,0,0,0,0,-86000,0,0,0,15000,101000,-86000,-86000
056899,可成元大98購01  ,0,0,0,0,0,0,0,0,0,-86000,0,0,0,68000,154000,-86000,-86000
5534,長虹            ,60000,172000,-112000,0,0,0,0,0,0,26000,14000,0,14000,12000,0,12000,-86000
6669,緯穎            ,271000,337515,-66515,0,0,0,35000,69000,-34000,14000,27000,16000,11000,9000,6000,3000,-86515
062775,大成鋼元大9B購02,0,0,0,0,0,0,0,0,0,-87000,0,0,0,90000,177000,-87000,-87000
055382,台郡元大99購01  ,0,0,0,0,0,0,0,0,0,-87000,0,0,0,43000,130000,-87000,-87000
057420,美食凱基98購01  ,0,0,0,0,0,0,0,0,0,-87000,0,0,0,5000,92000,-87000,-87000
4566,時碩工業        ,7000,94000,-87000,0,0,0,0,0,0,0,0,0,0,0,0,0,-87000
1558,伸興            ,8000,95000,-87000,0,0,0,0,0,0,0,0,0,0,0,0,0,-87000
06576P,台光電群益98售03,0,0,0,0,0,0,0,0,0,-88000,0,0,0,142000,230000,-88000,-88000
06626P,大立光統一9A售01,0,0,0,0,0,0,0,0,0,-88000,0,0,0,0,88000,-88000,-88000
061677,泰碩元大9A購05  ,0,0,0,0,0,0,0,0,0,-88000,0,0,0,7000,95000,-88000,-88000
061388,台積電群益9A購05,0,0,0,0,0,0,0,0,0,-88000,0,0,0,13000,101000,-88000,-88000
061615,鴻海群益9A購06  ,0,0,0,0,0,0,0,0,0,-88000,0,0,0,10000,98000,-88000,-88000
055060,聯陽永豐97購01  ,0,0,0,0,0,0,0,0,0,-88000,0,0,0,12000,100000,-88000,-88000
057277,可成元大98購05  ,0,0,0,0,0,0,0,0,0,-88000,0,0,0,0,88000,-88000,-88000
1906,寶隆            ,0,88000,-88000,0,0,0,0,0,0,0,0,0,0,0,0,0,-88000
1612,宏泰            ,0,88000,-88000,0,0,0,0,0,0,0,0,0,0,0,0,0,-88000
07926P,上銀統一9B售02  ,0,0,0,0,0,0,0,0,0,-88000,0,0,0,0,88000,-88000,-88000
07365P,超眾元大99售07  ,0,0,0,0,0,0,0,0,0,-88000,0,0,0,62000,150000,-88000,-88000
061076,台達電兆豐9A購01,0,0,0,0,0,0,0,0,0,-89000,0,0,0,11000,100000,-89000,-89000
062852,聯發科永豐9B購02,0,0,0,0,0,0,0,0,0,-89000,0,0,0,1000,90000,-89000,-89000
06245P,健策元富97售03  ,0,0,0,0,0,0,0,0,0,-89000,0,0,0,70000,159000,-89000,-89000
055746,同欣電元富97購01,0,0,0,0,0,0,0,0,0,-89000,0,0,0,175000,264000,-89000,-89000
051423,GIS國票97購01   ,0,0,0,0,0,0,0,0,0,-89000,0,0,0,0,89000,-89000,-89000
057179,可成元大98購04  ,0,0,0,0,0,0,0,0,0,-89000,0,0,0,68000,157000,-89000,-89000
07252P,台灣50凱基99售01,0,0,0,0,0,0,0,0,0,-89000,0,0,0,1000,90000,-89000,-89000
07779P,鴻海凱基9B售04  ,0,0,0,0,0,0,0,0,0,-89000,0,0,0,0,89000,-89000,-89000
6605,帝寶            ,25000,114000,-89000,0,0,0,0,0,0,0,0,0,0,0,0,0,-89000
3022,威強電          ,29000,118000,-89000,0,0,0,0,0,0,0,0,0,0,0,0,0,-89000
9908,大台北          ,5000,94000,-89000,0,0,0,0,0,0,0,0,0,0,0,0,0,-89000
062414,臻鼎中信01購01  ,0,0,0,0,0,0,0,0,0,-90000,0,0,0,150000,240000,-90000,-90000
062227,南六統一01購02  ,0,0,0,0,0,0,0,0,0,-90000,0,0,0,13000,103000,-90000,-90000
062053,華通統一9C購02  ,0,0,0,0,0,0,0,0,0,-90000,0,0,0,100000,190000,-90000,-90000
062956,同欣電永豐9B購02,0,0,0,0,0,0,0,0,0,-90000,0,0,0,20000,110000,-90000,-90000
061603,瑞昱凱基9A購02  ,0,0,0,0,0,0,0,0,0,-90000,0,0,0,11000,101000,-90000,-90000
061542,旺宏群益9A購04  ,0,0,0,0,0,0,0,0,0,-90000,0,0,0,8000,98000,-90000,-90000
06138P,台積電中信99售01,0,0,0,0,0,0,0,0,0,-90000,0,0,0,0,90000,-90000,-90000
061961,台積電統一01購02,0,0,0,0,0,0,0,0,0,-90000,0,0,0,10000,100000,-90000,-90000
061898,茂林永豐9B購01  ,0,0,0,0,0,0,0,0,0,-90000,0,0,0,10000,100000,-90000,-90000
03447B,臺股指凱基9B熊16,0,0,0,0,0,0,0,0,0,-90000,0,0,0,0,90000,-90000,-90000
2428,興勤            ,28000,105000,-77000,0,0,0,0,0,0,-13000,0,1000,-1000,0,12000,-12000,-90000
07286P,元石油群益99售03,0,0,0,0,0,0,0,0,0,-90000,0,0,0,0,90000,-90000,-90000
06282P,聯鈞永豐97售02  ,0,0,0,0,0,0,0,0,0,-91000,0,0,0,30000,121000,-91000,-91000
062503,玉晶光群益01購03,0,0,0,0,0,0,0,0,0,-91000,0,0,0,8000,99000,-91000,-91000
053014,旺宏統一97購02  ,0,0,0,0,0,0,0,0,0,-91000,0,0,0,0,91000,-91000,-91000
058774,台郡兆豐9A購01  ,0,0,0,0,0,0,0,0,0,-91000,0,0,0,20000,111000,-91000,-91000
1809,中釉            ,14000,109000,-95000,0,0,0,0,0,0,4000,4000,0,4000,0,0,0,-91000
4306,炎洲            ,68000,175000,-107000,0,0,0,0,0,0,16000,16000,0,16000,0,0,0,-91000
9955,佳龍            ,14000,105000,-91000,0,0,0,0,0,0,0,0,0,0,0,0,0,-91000
062476,神隆國票9B購01  ,0,0,0,0,0,0,0,0,0,-92000,0,0,0,36000,128000,-92000,-92000
06369P,台積電凱基97售16,0,0,0,0,0,0,0,0,0,-92000,0,0,0,0,92000,-92000,-92000
05546P,全新元大97售01  ,0,0,0,0,0,0,0,0,0,-92000,0,0,0,102000,194000,-92000,-92000
00728,第一金工業30    ,0,0,0,0,0,0,0,0,0,-92000,0,0,0,235000,327000,-92000,-92000
054893,帆宣統一99購01  ,0,0,0,0,0,0,0,0,0,-92000,0,0,0,55000,147000,-92000,-92000
060280,元金2X元大9A購01,0,0,0,0,0,0,0,0,0,-92000,0,0,0,8000,100000,-92000,-92000
057211,鴻海群益98購05  ,0,0,0,0,0,0,0,0,0,-92000,0,0,0,0,92000,-92000,-92000
057904,矽力永豐98購01  ,0,0,0,0,0,0,0,0,0,-92000,0,0,0,114000,206000,-92000,-92000
059771,台積電群益99購11,0,0,0,0,0,0,0,0,0,-92000,0,0,0,3000,95000,-92000,-92000
2034,允強            ,11000,103000,-92000,0,0,0,0,0,0,0,0,0,0,0,0,0,-92000
07709P,創意元大9A售01  ,0,0,0,0,0,0,0,0,0,-92000,0,0,0,10000,102000,-92000,-92000
07841P,臻鼎元大9A售04  ,0,0,0,0,0,0,0,0,0,-92000,0,0,0,50000,142000,-92000,-92000
07927P,國巨統一9B售08  ,0,0,0,0,0,0,0,0,0,-92000,0,0,0,10000,102000,-92000,-92000
07467P,上銀元大9A售03  ,0,0,0,0,0,0,0,0,0,-92000,0,0,0,0,92000,-92000,-92000
063064,台表科元富9B購01,0,0,0,0,0,0,0,0,0,-93000,0,0,0,38000,131000,-93000,-93000
056116,義隆群益97購02  ,0,0,0,0,0,0,0,0,0,-93000,0,0,0,5000,98000,-93000,-93000
05724P,致茂永豐96售01  ,0,0,0,0,0,0,0,0,0,-93000,0,0,0,1000,94000,-93000,-93000
6525,捷敏-KY         ,0,93000,-93000,0,0,0,0,0,0,0,0,0,0,0,0,0,-93000
06355P,聯茂永豐97售02  ,0,0,0,0,0,0,0,0,0,-94000,0,0,0,150000,244000,-94000,-94000
06645P,上銀元大98售05  ,0,0,0,0,0,0,0,0,0,-94000,0,0,0,0,94000,-94000,-94000
062615,亞德客元大9B購02,0,0,0,0,0,0,0,0,0,-94000,0,0,0,68000,162000,-94000,-94000
061246,玉晶光群益9A購08,0,0,0,0,0,0,0,0,0,-94000,0,0,0,23000,117000,-94000,-94000
059307,T50反1元大99購06,0,0,0,0,0,0,0,0,0,-94000,0,0,0,46000,140000,-94000,-94000
055442,矽創國票98購02  ,0,0,0,0,0,0,0,0,0,-94000,0,0,0,141000,235000,-94000,-94000
057872,旺宏元大99購06  ,0,0,0,0,0,0,0,0,0,-94000,0,0,0,0,94000,-94000,-94000
060042,台積電群益99購12,0,0,0,0,0,0,0,0,0,-94000,0,0,0,0,94000,-94000,-94000
058079,鴻海群益98購08  ,0,0,0,0,0,0,0,0,0,-94000,0,0,0,0,94000,-94000,-94000
4994,傳奇            ,17000,108000,-91000,0,0,0,0,0,0,-3000,0,1000,-1000,0,2000,-2000,-94000
3454,晶睿            ,11000,104000,-93000,0,0,0,0,0,0,-1000,0,1000,-1000,0,0,0,-94000
07344P,鴻海富邦9A售03  ,0,0,0,0,0,0,0,0,0,-94000,0,0,0,7000,101000,-94000,-94000
062552,南電永豐9B購01  ,0,0,0,0,0,0,0,0,0,-95000,0,0,0,5000,100000,-95000,-95000
06454P,緯穎元大98售04  ,0,0,0,0,0,0,0,0,0,-95000,0,0,0,100000,195000,-95000,-95000
062903,燿華元大9B購04  ,0,0,0,0,0,0,0,0,0,-95000,0,0,0,0,95000,-95000,-95000
006206,元大上證50      ,0,21000,-21000,0,0,0,0,0,0,-74000,0,0,0,189000,263000,-74000,-95000
051047,深中小群益99購01,0,0,0,0,0,0,0,0,0,-95000,0,0,0,0,95000,-95000,-95000
060545,台積電凱基9B購02,0,0,0,0,0,0,0,0,0,-95000,0,0,0,12000,107000,-95000,-95000
057218,可成群益99購03  ,0,0,0,0,0,0,0,0,0,-95000,0,0,0,0,95000,-95000,-95000
07104P,聯發科元富99售04,0,0,0,0,0,0,0,0,0,-95000,0,0,0,14000,109000,-95000,-95000
1537,廣隆            ,19000,112000,-93000,0,0,0,0,0,0,-2000,0,2000,-2000,0,0,0,-95000
6155,鈞寶            ,35000,130000,-95000,0,0,0,0,0,0,0,0,0,0,0,0,0,-95000
6206,飛捷            ,0,123000,-123000,0,0,0,0,0,0,28000,29000,1000,28000,0,0,0,-95000
057743,華擎永豐98購03  ,27000,0,27000,0,0,0,0,0,0,-123000,0,0,0,387000,510000,-123000,-96000
2707,晶華            ,13000,129000,-116000,0,0,0,20000,0,20000,0,0,0,0,0,0,0,-96000
062033,瀚宇博群益9B購01,0,0,0,0,0,0,0,0,0,-97000,0,0,0,1000,98000,-97000,-97000
020000,富邦特選蘋果N   ,0,0,0,0,0,0,0,0,0,-97000,0,0,0,6000,103000,-97000,-97000
04006P,滬深2X國票9B售01,0,0,0,0,0,0,0,0,0,-97000,0,0,0,10000,107000,-97000,-97000
056114,台達電群益97購02,0,0,0,0,0,0,0,0,0,-97000,0,0,0,1000,98000,-97000,-97000
055822,臺股指國票97購09,0,0,0,0,0,0,0,0,0,-97000,0,0,0,50000,147000,-97000,-97000
056419,欣興元富98購02  ,0,0,0,0,0,0,0,0,0,-97000,0,0,0,27000,124000,-97000,-97000
060400,南電國票9A購03  ,0,0,0,0,0,0,0,0,0,-97000,0,0,0,15000,112000,-97000,-97000
062458,全新群益9B購03  ,0,0,0,0,0,0,0,0,0,-98000,0,0,0,0,98000,-98000,-98000
062971,英業達元富9B購01,0,0,0,0,0,0,0,0,0,-98000,0,0,0,58000,156000,-98000,-98000
061017,國泰金麥證9A購01,0,0,0,0,98000,-98000,0,0,0,-98000,0,0,0,0,98000,-98000,-98000
060798,旭富永豐9A購01  ,0,0,0,0,0,0,0,0,0,-98000,0,0,0,200000,298000,-98000,-98000
060770,宏達電麥證9A購01,0,0,0,0,98000,-98000,0,0,0,-98000,0,0,0,0,98000,-98000,-98000
056175,可成元富97購03  ,0,0,0,0,0,0,0,0,0,-98000,0,0,0,0,98000,-98000,-98000
055885,大成鋼統一97購02,0,0,0,0,0,0,0,0,0,-98000,0,0,0,50000,148000,-98000,-98000
060262,臺股指凱基9B購02,0,0,0,0,0,0,0,0,0,-98000,0,0,0,0,98000,-98000,-98000
058783,臺股指國票99購02,0,0,0,0,0,0,0,0,0,-98000,0,0,0,50000,148000,-98000,-98000
057720,日電貿元富98購01,0,0,0,0,0,0,0,0,0,-98000,0,0,0,0,98000,-98000,-98000
057112,立積群益99購01  ,0,0,0,0,0,0,0,0,0,-98000,0,0,0,10000,108000,-98000,-98000
058342,鴻海群益9A購01  ,0,0,0,0,0,0,0,0,0,-98000,0,0,0,6000,104000,-98000,-98000
057578,可成中信99購01  ,0,0,0,0,0,0,0,0,0,-98000,0,0,0,105000,203000,-98000,-98000
057595,健鼎兆豐98購01  ,0,0,0,0,0,0,0,0,0,-98000,0,0,0,156000,254000,-98000,-98000
05989P,健策元富96售01  ,0,0,0,0,0,0,0,0,0,-98000,0,0,0,0,98000,-98000,-98000
057424,訊芯凱基98購04  ,0,0,0,0,0,0,0,0,0,-98000,0,0,0,0,98000,-98000,-98000
2010,春源            ,21000,119000,-98000,0,0,0,0,0,0,0,0,0,0,0,0,0,-98000
07938P,國巨統一9B售10  ,0,0,0,0,0,0,0,0,0,-98000,0,0,0,2000,100000,-98000,-98000
08062P,華擎國票9B售03  ,0,0,0,0,0,0,0,0,0,-98000,0,0,0,5000,103000,-98000,-98000
07817P,同欣電群益9A售02,0,0,0,0,0,0,0,0,0,-98000,0,0,0,0,98000,-98000,-98000
07870P,鴻海群益9B售01  ,0,0,0,0,0,0,0,0,0,-98000,0,0,0,0,98000,-98000,-98000
07148P,富邦金元大99售01,0,0,0,0,0,0,0,0,0,-98000,0,0,0,89000,187000,-98000,-98000
062539,可成國泰01購01  ,0,0,0,0,0,0,0,0,0,-99000,0,0,0,150000,249000,-99000,-99000
07455P,聯發科元大9A售01,0,0,0,0,0,0,0,0,0,-99000,0,0,0,1000,100000,-99000,-99000
1108,幸福            ,1000,100000,-99000,0,0,0,0,0,0,0,0,0,0,0,0,0,-99000
1109,信大            ,21000,120000,-99000,0,0,0,0,0,0,0,0,0,0,0,0,0,-99000
6024,群益期          ,0,99000,-99000,0,0,0,0,0,0,0,0,0,0,0,0,0,-99000
8429,金麗-KY         ,0,99000,-99000,0,0,0,0,0,0,0,0,0,0,0,0,0,-99000
062513,玉晶光國票9C購01,0,0,0,0,0,0,0,0,0,-100000,0,0,0,2000,102000,-100000,-100000
06752P,訊芯凱基98售05  ,0,0,0,0,0,0,0,0,0,-100000,0,0,0,50000,150000,-100000,-100000
061042,致新永豐9A購02  ,0,0,0,0,0,0,0,0,0,-100000,0,0,0,233000,333000,-100000,-100000
061254,道瓊反凱基9A購02,0,0,0,0,0,0,0,0,0,-100000,0,0,0,0,100000,-100000,-100000
06140P,華新科群益97售06,0,0,0,0,0,0,0,0,0,-100000,0,0,0,0,100000,-100000,-100000
055848,大立光元大97購11,0,0,0,0,0,0,0,0,0,-100000,0,0,0,0,100000,-100000,-100000
056262,台積電統一98購04,0,0,0,0,0,0,0,0,0,-100000,0,0,0,0,100000,-100000,-100000
056324,南亞科兆豐98購01,0,0,0,0,0,0,0,0,0,-100000,0,0,0,0,100000,-100000,-100000
05634P,玉晶光台新97售01,0,0,0,0,0,0,0,0,0,-100000,0,0,0,0,100000,-100000,-100000
05942P,奇力新凱基96售04,0,0,0,0,0,0,0,0,0,-100000,0,0,0,0,100000,-100000,-100000
054833,京鼎中信97購01  ,0,0,0,0,0,0,0,0,0,-100000,0,0,0,0,100000,-100000,-100000
055777,冠德凱基97購01  ,0,0,0,0,0,0,0,0,0,-100000,0,0,0,0,100000,-100000,-100000
053255,貿聯國泰97購01  ,0,0,0,0,0,0,0,0,0,-100000,0,0,0,0,100000,-100000,-100000
053759,晶相光國泰98購01,0,0,0,0,0,0,0,0,0,-100000,0,0,0,0,100000,-100000,-100000
053694,創意元大96購03  ,0,0,0,0,0,0,0,0,0,-100000,0,0,0,70000,170000,-100000,-100000
053655,全新凱基98購02  ,0,0,0,0,0,0,0,0,0,-100000,0,0,0,0,100000,-100000,-100000
05977P,旺宏永豐96售06  ,0,0,0,0,0,0,0,0,0,-100000,0,0,0,0,100000,-100000,-100000
056979,微星群益98購01  ,0,0,0,0,0,0,0,0,0,-100000,0,0,0,0,100000,-100000,-100000
057167,台積電元大99購03,0,0,0,0,0,0,0,0,0,-100000,0,0,0,0,100000,-100000,-100000
05856P,A50正2中信99售01,0,0,0,0,0,0,0,0,0,-100000,0,0,0,0,100000,-100000,-100000
058896,中環元大99購03  ,0,0,0,0,0,0,0,0,0,-100000,0,0,0,0,100000,-100000,-100000
058808,大成鋼統一9B購01,0,0,0,0,0,0,0,0,0,-100000,0,0,0,0,100000,-100000,-100000
058466,SGBR2X中信99購02,0,0,0,0,0,0,0,0,0,-100000,0,0,0,0,100000,-100000,-100000
056926,日月光兆豐98購01,0,0,0,0,0,0,0,0,0,-100000,0,0,0,0,100000,-100000,-100000
07796P,聯發科國票9A售03,0,0,0,0,0,0,0,0,0,-100000,0,0,0,0,100000,-100000,-100000
07706P,長榮航元大9A售03,0,0,0,0,0,0,0,0,0,-100000,0,0,0,0,100000,-100000,-100000
07160P,台灣50中信03售04,0,0,0,0,0,0,0,0,0,-100000,0,0,0,0,100000,-100000,-100000
06834P,訊芯群益99售02  ,0,0,0,0,0,0,0,0,0,-100000,0,0,0,150000,250000,-100000,-100000
056289,合勤控永豐97購01,0,0,0,0,0,0,0,0,0,-101000,0,0,0,42000,143000,-101000,-101000
060514,南電元大9A購02  ,0,0,0,0,0,0,0,0,0,-101000,0,0,0,196000,297000,-101000,-101000
058494,可成群益9B購01  ,0,0,0,0,0,0,0,0,0,-101000,0,0,0,6000,107000,-101000,-101000
06971P,台光電元大99售03,0,0,0,0,0,0,0,0,0,-101000,0,0,0,56000,157000,-101000,-101000
1527,鑽全            ,87000,188000,-101000,0,0,0,0,0,0,0,0,0,0,0,0,0,-101000
9927,泰銘            ,0,101000,-101000,0,0,0,0,0,0,0,0,0,0,0,0,0,-101000
3015,全漢            ,0,101000,-101000,0,0,0,0,0,0,0,0,0,0,0,0,0,-101000
050846,緯創國票96購01  ,0,0,0,0,0,0,0,0,0,-102000,0,0,0,0,102000,-102000,-102000
00690,兆豐藍籌30      ,0,0,0,0,0,0,0,0,0,-102000,0,0,0,261000,363000,-102000,-102000
058188,華擎永豐99購01  ,0,0,0,0,0,0,0,0,0,-102000,0,0,0,80000,182000,-102000,-102000
057862,智邦凱基99購01  ,0,0,0,0,0,0,0,0,0,-102000,0,0,0,37000,139000,-102000,-102000
6477,安集            ,1000,102000,-101000,0,0,0,0,0,0,-1000,0,1000,-1000,0,0,0,-102000
9911,櫻花            ,59000,162000,-103000,0,0,0,0,0,0,1000,1000,0,1000,0,0,0,-102000
08068P,宏達電國泰9C售01,0,0,0,0,0,0,0,0,0,-102000,0,0,0,25000,127000,-102000,-102000
07917P,可成永豐9B售01  ,0,0,0,0,0,0,0,0,0,-102000,0,0,0,130000,232000,-102000,-102000
063047,大立光兆豐9B購03,0,0,0,0,0,0,0,0,0,-103000,0,0,0,0,103000,-103000,-103000
059675,大立光元富99購08,0,0,0,0,0,0,0,0,0,-103000,0,0,0,3000,106000,-103000,-103000
056608,力山永豐98購01  ,0,0,0,0,0,0,0,0,0,-103000,0,0,0,20000,123000,-103000,-103000
057973,神達富邦9A購01  ,0,0,0,0,0,0,0,0,0,-103000,0,0,0,83000,186000,-103000,-103000
05978P,麗豐永豐96售02  ,0,0,0,0,0,0,0,0,0,-103000,0,0,0,0,103000,-103000,-103000
060549,聯發科凱基9B購03,0,0,0,0,0,0,0,0,0,-103000,0,0,0,0,103000,-103000,-103000
07983P,茂林群益9B售03  ,0,0,0,0,0,0,0,0,0,-103000,0,0,0,5000,108000,-103000,-103000
07687P,上銀元大9A售06  ,0,0,0,0,0,0,0,0,0,-103000,0,0,0,10000,113000,-103000,-103000
3532,台勝科          ,102000,260000,-158000,0,0,0,0,0,0,55000,0,18000,-18000,85000,12000,73000,-103000
2486,一詮            ,6000,108000,-102000,0,0,0,0,0,0,-1000,0,1000,-1000,0,0,0,-103000
062523,世紀鋼元大9C購03,0,0,0,0,0,0,0,0,0,-104000,0,0,0,0,104000,-104000,-104000
061650,南電元大9A購07  ,0,0,0,0,0,0,0,0,0,-104000,0,0,0,556000,660000,-104000,-104000
06125P,楠梓電元富99售01,0,0,0,0,0,0,0,0,0,-104000,0,0,0,35000,139000,-104000,-104000
056684,旺宏統一98購02  ,0,0,0,0,0,0,0,0,0,-104000,0,0,0,28000,132000,-104000,-104000
055137,GIS富邦98購01   ,0,0,0,0,0,0,0,0,0,-104000,0,0,0,0,104000,-104000,-104000
055249,大毅統一99購01  ,0,0,0,0,0,0,0,0,0,-104000,0,0,0,8000,112000,-104000,-104000
059302,大立光群益99購08,0,0,0,0,0,0,0,0,0,-104000,0,0,0,0,104000,-104000,-104000
059526,鴻海凱基99購12  ,0,0,0,0,0,0,0,0,0,-104000,0,0,0,0,104000,-104000,-104000
052738,聯電元大98購02  ,0,0,0,0,0,0,0,0,0,-104000,0,0,0,240000,344000,-104000,-104000
056904,大立光元大99購05,0,0,0,0,0,0,0,0,0,-104000,0,0,0,0,104000,-104000,-104000
057207,立積元富98購02  ,0,0,0,0,0,0,0,0,0,-104000,0,0,0,105000,209000,-104000,-104000
2459,敦吉            ,1000,102000,-101000,0,0,0,0,0,0,-3000,0,3000,-3000,0,0,0,-104000
052602,聯電元大97購01  ,0,0,0,0,0,0,0,0,0,-105000,0,0,0,0,105000,-105000,-105000
060513,緯穎元大9B購01  ,0,0,0,0,0,0,0,0,0,-105000,0,0,0,7000,112000,-105000,-105000
08022P,臺股指凱基9B售08,0,0,0,0,0,0,0,0,0,-105000,0,0,0,0,105000,-105000,-105000
08035P,國巨群益9C售04  ,0,0,0,0,0,0,0,0,0,-105000,0,0,0,10000,115000,-105000,-105000
06286P,世芯國票97售02  ,0,0,0,0,0,0,0,0,0,-106000,0,0,0,61000,167000,-106000,-106000
057570,技嘉永豐98購02  ,0,0,0,0,0,0,0,0,0,-106000,0,0,0,29000,135000,-106000,-106000
07771P,義隆國票9A售01  ,0,0,0,0,0,0,0,0,0,-106000,0,0,0,0,106000,-106000,-106000
07276P,臺股指群益99售19,0,0,0,0,0,0,0,0,0,-106000,0,0,0,54000,160000,-106000,-106000
07067P,旺宏台新99售02  ,0,0,0,0,0,0,0,0,0,-106000,0,0,0,30000,136000,-106000,-106000
062277,廣達群益9B購01  ,0,0,0,0,0,0,0,0,0,-107000,0,0,0,124000,231000,-107000,-107000
053569,漢唐統一98購01  ,0,0,0,0,0,0,0,0,0,-107000,0,0,0,0,107000,-107000,-107000
062644,中環國泰9C購01  ,0,0,0,0,0,0,0,0,0,-108000,0,0,0,0,108000,-108000,-108000
061428,南六元大9A購01  ,0,0,0,0,0,0,0,0,0,-108000,0,0,0,159000,267000,-108000,-108000
05250P,臻鼎國票96售01  ,0,0,0,0,0,0,0,0,0,-108000,0,0,0,0,108000,-108000,-108000
053178,南亞科統一98購01,0,0,0,0,0,0,0,0,0,-108000,0,0,0,0,108000,-108000,-108000
056995,華新科日盛99購01,0,0,0,0,0,0,0,0,0,-108000,0,0,0,0,108000,-108000,-108000
07069P,欣興元富99售02  ,0,0,0,0,0,0,0,0,0,-108000,0,0,0,4000,112000,-108000,-108000
07101P,台郡元大99售06  ,0,0,0,0,0,0,0,0,0,-108000,0,0,0,0,108000,-108000,-108000
08663P,台灣50元大96售01,0,0,0,0,0,0,0,0,0,-108000,0,0,0,0,108000,-108000,-108000
2612,中航            ,0,108000,-108000,0,0,0,0,0,0,0,0,0,0,0,0,0,-108000
3376,新日興          ,545000,419000,126000,0,0,0,0,88000,-88000,-146000,12000,42000,-30000,6000,122000,-116000,-108000
06296P,燿華元大98售01  ,0,0,0,0,0,0,0,0,0,-109000,0,0,0,51000,160000,-109000,-109000
053827,漢唐麥證9A購01  ,0,0,0,3000,112000,-109000,0,0,0,-109000,0,0,0,3000,112000,-109000,-109000
056394,晶豪科永豐98購01,0,0,0,0,0,0,0,0,0,-109000,0,0,0,13000,122000,-109000,-109000
054753,復盛凱基98購01  ,0,0,0,0,0,0,0,0,0,-109000,0,0,0,0,109000,-109000,-109000
058692,華邦電國票9B購01,0,0,0,0,0,0,0,0,0,-109000,0,0,0,31000,140000,-109000,-109000
3665,貿聯-KY         ,117000,187000,-70000,0,0,0,0,0,0,-39000,0,6000,-6000,4000,37000,-33000,-109000
2420,新巨            ,1000,101000,-100000,0,0,0,0,0,0,-9000,0,9000,-9000,0,0,0,-109000
07997P,上銀凱基9B售04  ,0,0,0,0,0,0,0,0,0,-109000,0,0,0,0,109000,-109000,-109000
07899P,和大凱基9B售01  ,0,0,0,0,0,0,0,0,0,-109000,0,0,0,83000,192000,-109000,-109000
07420P,可成元大99售07  ,0,0,0,0,0,0,0,0,0,-109000,0,0,0,1000,110000,-109000,-109000
062955,立積永豐9B購02  ,0,0,0,0,0,0,0,0,0,-110000,0,0,0,0,110000,-110000,-110000
062404,新唐永豐9B購01  ,0,0,0,0,0,0,0,0,0,-110000,0,0,0,15000,125000,-110000,-110000
061297,台積電富邦9C購09,0,0,0,0,0,0,0,0,0,-110000,0,0,0,40000,150000,-110000,-110000
061218,臺股指元大9A購55,0,0,0,0,0,0,0,0,0,-110000,0,0,0,0,110000,-110000,-110000
055026,健和興國泰98購01,0,0,0,0,0,0,0,0,0,-110000,0,0,0,0,110000,-110000,-110000
059676,台積電台新99購05,0,0,0,0,0,0,0,0,0,-110000,0,0,0,0,110000,-110000,-110000
052049,緯創凱基97購01  ,0,0,0,0,0,0,0,0,0,-110000,0,0,0,2000,112000,-110000,-110000
054220,國巨統一97購02  ,0,0,0,0,0,0,0,0,0,-110000,0,0,0,120000,230000,-110000,-110000
07966P,瑞祺群益9B售02  ,0,0,0,0,0,0,0,0,0,-110000,0,0,0,0,110000,-110000,-110000
08047P,臺股指國票9B售12,0,0,0,0,0,0,0,0,0,-110000,0,0,0,20000,130000,-110000,-110000
07742P,台積電凱基9A售25,0,0,0,0,0,0,0,0,0,-110000,0,0,0,0,110000,-110000,-110000
1604,聲寶            ,49000,159000,-110000,0,0,0,0,0,0,0,0,0,0,0,0,0,-110000
061867,旺宏元大9B購02  ,0,0,0,0,0,0,0,0,0,-111000,0,0,0,19000,130000,-111000,-111000
061976,國巨元大9B購01  ,0,0,0,0,0,0,0,0,0,-111000,0,0,0,0,111000,-111000,-111000
048422,瑞昱元富96購02  ,0,0,0,0,0,0,0,0,0,-111000,0,0,0,14000,125000,-111000,-111000
055235,金寶台新98購01  ,0,0,0,0,0,0,0,0,0,-111000,0,0,0,10000,121000,-111000,-111000
05711P,茂林國票97售03  ,0,0,0,0,0,0,0,0,0,-111000,0,0,0,0,111000,-111000,-111000
059967,聯發科凱基99購20,0,0,0,0,0,0,0,0,0,-111000,0,0,0,0,111000,-111000,-111000
3257,虹冠電          ,37000,148000,-111000,0,0,0,0,0,0,0,0,0,0,0,0,0,-111000
061712,旺宏凱基9A購08  ,0,0,0,0,0,0,0,0,0,-112000,0,0,0,68000,180000,-112000,-112000
059680,台積電國泰9A購03,0,0,0,0,0,0,0,0,0,-112000,0,0,0,613000,725000,-112000,-112000
059341,台積電凱基99購15,0,0,0,0,0,0,0,0,0,-112000,0,0,0,0,112000,-112000,-112000
02001L,富邦蘋果正二N   ,0,0,0,0,0,0,0,0,0,-112000,0,0,0,1000,113000,-112000,-112000
057032,A50反1元大9B購01,0,0,0,0,0,0,0,0,0,-112000,0,0,0,0,112000,-112000,-112000
050915,健策中信98購01  ,0,0,0,0,0,0,0,0,0,-113000,0,0,0,109000,222000,-113000,-113000
059895,T50反1元大99購12,0,0,0,0,0,0,0,0,0,-113000,0,0,0,0,113000,-113000,-113000
3312,弘憶股          ,6000,118000,-112000,0,0,0,0,0,0,-1000,0,1000,-1000,0,0,0,-113000
3504,揚明光          ,29000,126000,-97000,0,0,0,0,0,0,-16000,0,1000,-1000,0,15000,-15000,-113000
2022,聚亨            ,0,72000,-72000,0,0,0,0,0,0,-41000,0,41000,-41000,0,0,0,-113000
07952P,富邦金元大9B售02,0,0,0,0,0,0,0,0,0,-113000,0,0,0,0,113000,-113000,-113000
061868,旺宏元大9B購03  ,0,0,0,0,0,0,0,0,0,-114000,0,0,0,18000,132000,-114000,-114000
06744P,嘉聯益永豐98售03,0,0,0,0,0,0,0,0,0,-114000,0,0,0,0,114000,-114000,-114000
07014P,華通元大99售04  ,0,0,0,0,0,0,0,0,0,-114000,0,0,0,78000,192000,-114000,-114000
2832,台產            ,0,114000,-114000,0,0,0,0,0,0,0,0,0,0,0,0,0,-114000
047004,台積電統一99購01,0,0,0,0,0,0,0,0,0,-115000,0,0,0,0,115000,-115000,-115000
06748P,智邦台新98售02  ,0,0,0,0,0,0,0,0,0,-116000,0,0,0,14000,130000,-116000,-116000
06737P,台郡凱基98售07  ,0,0,0,0,0,0,0,0,0,-116000,0,0,0,0,116000,-116000,-116000
062209,台積電台新9B購05,0,0,0,0,0,0,0,0,0,-116000,0,0,0,0,116000,-116000,-116000
061129,文曄永豐9A購01  ,0,0,0,0,0,0,0,0,0,-116000,0,0,0,0,116000,-116000,-116000
054103,T50反1凱基99購04,0,0,0,0,0,0,0,0,0,-116000,0,0,0,0,116000,-116000,-116000
060026,聯發科富邦9B購05,0,0,0,0,0,0,0,0,0,-116000,0,0,0,0,116000,-116000,-116000
060426,盛群永豐9A購01  ,0,0,0,0,0,0,0,0,0,-116000,0,0,0,0,116000,-116000,-116000
060194,旭富元富9A購01  ,0,0,0,0,0,0,0,0,0,-116000,0,0,0,168000,284000,-116000,-116000
2929,淘帝-KY         ,18000,133000,-115000,0,0,0,0,0,0,-1000,0,0,0,0,1000,-1000,-116000
2537,聯上發          ,43000,159000,-116000,0,0,0,0,0,0,0,0,0,0,0,0,0,-116000
1104,環泥            ,25000,141000,-116000,0,0,0,0,0,0,0,0,0,0,0,0,0,-116000
060796,世芯永豐9A購03  ,0,0,0,0,0,0,0,0,0,-117000,0,0,0,91000,208000,-117000,-117000
4722,國精化          ,9000,126000,-117000,0,0,0,0,0,0,0,0,0,0,0,0,0,-117000
4958,臻鼎-KY         ,2811000,3050000,-239000,0,0,0,193000,0,193000,-71000,83000,147000,-64000,53000,60000,-7000,-117000
062969,旺宏元富9B購01  ,0,0,0,0,0,0,0,0,0,-118000,0,0,0,9000,127000,-118000,-118000
062922,南六元大9B購03  ,0,0,0,0,0,0,0,0,0,-118000,0,0,0,102000,220000,-118000,-118000
056958,喬山永豐98購01  ,0,0,0,0,0,0,0,0,0,-118000,0,0,0,0,118000,-118000,-118000
07218P,臺股指凱基99售31,0,0,0,0,0,0,0,0,0,-118000,0,0,0,45000,163000,-118000,-118000
063024,祥碩元大9B購05  ,0,0,0,0,0,0,0,0,0,-119000,0,0,0,0,119000,-119000,-119000
06145P,華新科永豐97售02,0,0,0,0,0,0,0,0,0,-119000,0,0,0,287000,406000,-119000,-119000
061527,牧德凱基9A購02  ,0,0,0,0,0,0,0,0,0,-119000,0,0,0,59000,178000,-119000,-119000
00643,群益深証中小    ,10000,8000,2000,0,0,0,0,0,0,-121000,0,30000,-30000,306000,397000,-91000,-119000
07670P,茂林元大9A售02  ,0,0,0,0,0,0,0,0,0,-119000,0,0,0,68000,187000,-119000,-119000
061938,大立光國票9B購03,0,0,0,0,0,0,0,0,0,-120000,0,0,0,0,120000,-120000,-120000
061665,旺宏中信9C購01  ,0,0,0,0,0,0,0,0,0,-120000,0,0,0,2000,122000,-120000,-120000
062907,可成元大9C購03  ,0,0,0,0,0,0,0,0,0,-120000,0,0,0,17000,137000,-120000,-120000
020015,統一MSCI美低波N ,0,0,0,0,0,0,0,0,0,-120000,0,0,0,147000,267000,-120000,-120000
054640,健策中信9B購01  ,0,0,0,0,0,0,0,0,0,-120000,0,0,0,0,120000,-120000,-120000
059920,宏達電元大99購07,0,0,0,0,0,0,0,0,0,-120000,0,0,0,13000,133000,-120000,-120000
2017,官田鋼          ,0,122000,-122000,0,0,0,0,0,0,2000,2000,0,2000,0,0,0,-120000
07734P,台積電富邦9C售10,0,0,0,0,0,0,0,0,0,-120000,0,0,0,20000,140000,-120000,-120000
6224,聚鼎            ,6000,121000,-115000,0,0,0,0,0,0,-5000,0,5000,-5000,0,0,0,-120000
2908,特力            ,21000,141000,-120000,0,0,0,0,0,0,0,0,0,0,0,0,0,-120000
06681P,致茂元大98售02  ,0,0,0,0,0,0,0,0,0,-121000,0,0,0,10000,131000,-121000,-121000
062114,GIS國票9C購01   ,0,0,0,0,0,0,0,0,0,-121000,0,0,0,51000,172000,-121000,-121000
061086,FBVIX統一01購01 ,0,0,0,0,0,0,0,0,0,-121000,0,0,0,20000,141000,-121000,-121000
055008,隆達元富97購01  ,0,0,0,0,0,0,0,0,0,-121000,0,0,0,64000,185000,-121000,-121000
060077,台積電台新9B購01,0,0,0,0,0,0,0,0,0,-121000,0,0,0,3000,124000,-121000,-121000
056988,聚陽兆豐98購01  ,0,0,0,0,0,0,0,0,0,-121000,0,0,0,27000,148000,-121000,-121000
07407P,欣興凱基99售07  ,0,0,0,0,0,0,0,0,0,-121000,0,0,0,194000,315000,-121000,-121000
06657P,寶成元大98售01  ,0,0,0,0,0,0,0,0,0,-122000,0,0,0,74000,196000,-122000,-122000
062851,建準永豐9B購02  ,0,0,0,0,0,0,0,0,0,-122000,0,0,0,0,122000,-122000,-122000
060156,光磊永豐9A購01  ,0,0,0,0,0,0,0,0,0,-122000,0,0,0,189000,311000,-122000,-122000
3004,豐達科          ,7000,129000,-122000,0,0,0,0,0,0,0,0,0,0,0,0,0,-122000
2851,中再保          ,0,122000,-122000,0,0,0,0,0,0,0,0,0,0,0,0,0,-122000
060932,南六永豐9A購02  ,0,0,0,0,0,0,0,0,0,-123000,0,0,0,95000,218000,-123000,-123000
060292,聯詠元大9A購01  ,0,0,0,0,0,0,0,0,0,-123000,0,0,0,10000,133000,-123000,-123000
057983,緯穎永豐98購03  ,0,0,0,0,0,0,0,0,0,-123000,0,0,0,1000,124000,-123000,-123000
060131,GIS永豐99購03   ,0,0,0,0,0,0,0,0,0,-123000,0,0,0,30000,153000,-123000,-123000
3712,永崴投控        ,19000,141000,-122000,0,0,0,0,0,0,-1000,0,1000,-1000,0,0,0,-123000
1339,昭輝            ,14000,137000,-123000,0,0,0,0,0,0,0,0,0,0,0,0,0,-123000
061127,美食永豐9A購01  ,0,0,0,0,0,0,0,0,0,-124000,0,0,0,84000,208000,-124000,-124000
061142,南電統一9A購01  ,0,0,0,0,0,0,0,0,0,-124000,0,0,0,45000,169000,-124000,-124000
061432,世紀鋼元大9A購05,0,0,0,0,0,0,0,0,0,-124000,0,0,0,10000,134000,-124000,-124000
06725P,聯電元富98售01  ,0,0,0,0,0,0,0,0,0,-124000,0,0,0,87000,211000,-124000,-124000
058196,台塑中信99購01  ,0,0,0,0,0,0,0,0,0,-124000,0,0,0,79000,203000,-124000,-124000
07695P,台郡元大9A售02  ,0,0,0,0,0,0,0,0,0,-124000,0,0,0,0,124000,-124000,-124000
06914P,南茂元大98售03  ,0,0,0,0,0,0,0,0,0,-124000,0,0,0,0,124000,-124000,-124000
06849P,欣興元大98售12  ,0,0,0,0,0,0,0,0,0,-124000,0,0,0,9000,133000,-124000,-124000
063100,聚陽群益9C購02  ,0,0,0,0,0,0,0,0,0,-125000,0,0,0,0,125000,-125000,-125000
062359,旺宏元大9C購02  ,0,0,0,0,0,0,0,0,0,-125000,0,0,0,9000,134000,-125000,-125000
062618,祥碩元大9B購04  ,0,0,0,0,0,0,0,0,0,-125000,0,0,0,0,125000,-125000,-125000
054725,國巨日盛97購01  ,0,0,0,0,0,0,0,0,0,-125000,0,0,0,45000,170000,-125000,-125000
059298,大立光元富9C購02,0,0,0,0,0,0,0,0,0,-125000,0,0,0,90000,215000,-125000,-125000
059375,道瓊反群益9C購02,0,0,0,0,0,0,0,0,0,-125000,0,0,0,20000,145000,-125000,-125000
056241,緯創群益97購01  ,0,0,0,0,0,0,0,0,0,-125000,0,0,0,300000,425000,-125000,-125000
05859P,台表科國票97售04,0,0,0,0,0,0,0,0,0,-125000,0,0,0,18000,143000,-125000,-125000
06024P,台郡國票97售05  ,0,0,0,0,0,0,0,0,0,-125000,0,0,0,12000,137000,-125000,-125000
058272,超眾永豐9A購01  ,0,0,0,0,0,0,0,0,0,-125000,0,0,0,0,125000,-125000,-125000
07568P,鴻海凱基9A售22  ,0,0,0,0,0,0,0,0,0,-125000,0,0,0,0,125000,-125000,-125000
2912,統一超          ,429000,587000,-158000,0,0,0,1000,1000,0,33000,33000,0,33000,0,0,0,-125000
06686P,麗豐永豐98售02  ,0,0,0,0,0,0,0,0,0,-126000,0,0,0,0,126000,-126000,-126000
061769,晶技元大9B購03  ,0,0,0,0,0,0,0,0,0,-126000,0,0,0,79000,205000,-126000,-126000
057110,立積群益98購01  ,0,0,0,0,0,0,0,0,0,-126000,0,0,0,0,126000,-126000,-126000
3669,圓展            ,137000,277000,-140000,0,0,0,0,0,0,14000,15000,1000,14000,0,0,0,-126000
3533,嘉澤            ,641000,444000,197000,0,0,0,70000,355000,-285000,-38000,44000,42000,2000,17000,57000,-40000,-126000
07227P,聯發科元富99售05,0,0,0,0,0,0,0,0,0,-126000,0,0,0,180000,306000,-126000,-126000
062504,旭富群益9B購02  ,0,0,0,0,0,0,0,0,0,-127000,0,0,0,334000,461000,-127000,-127000
051929,GIS中信96購01   ,0,0,0,0,0,0,0,0,0,-127000,0,0,0,3000,130000,-127000,-127000
3419,譁裕            ,2000,127000,-125000,0,0,0,0,0,0,-2000,0,2000,-2000,0,0,0,-127000
063077,巨大永豐9B購03  ,0,0,0,0,0,0,0,0,0,-128000,0,0,0,15000,143000,-128000,-128000
060948,可成第一9A購01  ,0,0,0,0,0,0,0,0,0,-128000,0,0,0,0,128000,-128000,-128000
00666R,富邦恒生國企反1 ,0,0,0,0,0,0,0,0,0,-128000,0,0,0,121000,249000,-128000,-128000
056146,台虹元大98購01  ,0,0,0,0,0,0,0,0,0,-128000,0,0,0,42000,170000,-128000,-128000
057460,楠梓電永豐98購03,0,0,0,0,0,0,0,0,0,-128000,0,0,0,0,128000,-128000,-128000
058672,可成群益9B購02  ,0,0,0,0,0,0,0,0,0,-128000,0,0,0,12000,140000,-128000,-128000
3003,健和興          ,123000,271000,-148000,0,0,0,0,0,0,20000,0,1000,-1000,21000,0,21000,-128000
07256P,臺股指凱基99售36,0,0,0,0,0,0,0,0,0,-128000,0,0,0,13000,141000,-128000,-128000
07998P,聯電凱基9C售01  ,0,0,0,0,0,0,0,0,0,-128000,0,0,0,22000,150000,-128000,-128000
061508,南六國泰9C購02  ,0,0,0,0,0,0,0,0,0,-129000,0,0,0,198000,327000,-129000,-129000
00663L,國泰臺灣加權正2 ,0,101000,-101000,0,0,0,0,0,0,-28000,0,0,0,104000,132000,-28000,-129000
060385,台勝科凱基9A購01,0,0,0,0,0,0,0,0,0,-129000,0,0,0,72000,201000,-129000,-129000
058836,FBVIX中信03購05 ,0,0,0,0,0,0,0,0,0,-129000,0,0,0,23000,152000,-129000,-129000
059922,大立光元大99購25,0,0,0,0,0,0,0,0,0,-129000,0,0,0,60000,189000,-129000,-129000
07800P,華新科國泰9B售04,0,0,0,0,0,0,0,0,0,-129000,0,0,0,17000,146000,-129000,-129000
061121,智邦永豐9A購02  ,0,0,0,0,0,0,0,0,0,-130000,0,0,0,105000,235000,-130000,-130000
063046,聯發科兆豐9C購01,0,0,0,0,0,0,0,0,0,-130000,0,0,0,0,130000,-130000,-130000
063136,智邦統一9B購02  ,0,0,0,0,0,0,0,0,0,-130000,0,0,0,0,130000,-130000,-130000
00783,富邦中証500     ,0,0,0,0,0,0,0,0,0,-130000,0,0,0,876000,1006000,-130000,-130000
052086,鴻海元大96購08  ,0,0,0,0,0,0,0,0,0,-130000,0,0,0,0,130000,-130000,-130000
056012,勤誠中信99購01  ,0,0,0,0,0,0,0,0,0,-130000,0,0,0,0,130000,-130000,-130000
055254,聯詠統一97購03  ,0,0,0,0,0,0,0,0,0,-130000,0,0,0,99000,229000,-130000,-130000
058137,玉晶光元大99購11,0,0,0,0,0,0,0,0,0,-130000,0,0,0,0,130000,-130000,-130000
062221,奇力新統一01購01,0,0,0,0,0,0,0,0,0,-131000,0,0,0,176000,307000,-131000,-131000
057569,光磊永豐98購03  ,0,0,0,0,0,0,0,0,0,-131000,0,0,0,55000,186000,-131000,-131000
07767P,華新科群益9A售07,0,0,0,0,0,0,0,0,0,-131000,0,0,0,94000,225000,-131000,-131000
061969,大立光統一01購02,0,0,0,0,0,0,0,0,0,-132000,0,0,0,0,132000,-132000,-132000
059313,元石油元大99購06,0,0,0,0,0,0,0,0,0,-132000,0,0,0,76000,208000,-132000,-132000
057196,茂林台新98購01  ,0,0,0,0,0,0,0,0,0,-132000,0,0,0,1000,133000,-132000,-132000
059729,群創元大9C購05  ,0,0,0,0,0,0,0,0,0,-132000,0,0,0,67000,199000,-132000,-132000
07943P,瑞昱元大9B售02  ,0,0,0,0,0,0,0,0,0,-132000,0,0,0,0,132000,-132000,-132000
1582,信錦            ,3000,179000,-176000,0,0,0,0,0,0,44000,49000,5000,44000,0,0,0,-132000
9942,茂順            ,0,132000,-132000,0,0,0,0,0,0,0,0,0,0,0,0,0,-132000
062274,台積電群益9B購04,0,0,0,0,0,0,0,0,0,-133000,0,0,0,3000,136000,-133000,-133000
062341,台表科麥證9C購01,0,0,0,128000,261000,-133000,0,0,0,-133000,0,0,0,128000,261000,-133000,-133000
06584P,欣興凱基98售03  ,0,0,0,0,0,0,0,0,0,-133000,0,0,0,0,133000,-133000,-133000
062988,儒鴻群益9B購01  ,0,0,0,0,0,0,0,0,0,-134000,0,0,0,75000,209000,-134000,-134000
060793,微星永豐9A購01  ,0,0,0,0,0,0,0,0,0,-134000,0,0,0,0,134000,-134000,-134000
054426,國泰金富邦97購02,0,0,0,0,0,0,0,0,0,-134000,0,0,0,0,134000,-134000,-134000
8261,富鼎            ,12000,147000,-135000,0,0,0,0,0,0,1000,2000,1000,1000,0,0,0,-134000
6443,元晶            ,42000,176000,-134000,0,0,0,0,0,0,0,0,0,0,0,0,0,-134000
07248P,可成凱基99售06  ,0,0,0,0,0,0,0,0,0,-134000,0,0,0,84000,218000,-134000,-134000
054751,GIS凱基98購01   ,0,0,0,0,0,0,0,0,0,-135000,0,0,0,0,135000,-135000,-135000
03682C,臺股指凱基9C牛07,0,0,0,0,0,0,0,0,0,-135000,0,0,0,0,135000,-135000,-135000
057138,亞德客兆豐98購01,0,0,0,0,0,0,0,0,0,-135000,0,0,0,26000,161000,-135000,-135000
06232P,智易永豐97售01  ,0,0,0,0,0,0,0,0,0,-136000,0,0,0,0,136000,-136000,-136000
062655,漢唐永豐9B購01  ,0,0,0,0,0,0,0,0,0,-136000,0,0,0,207000,343000,-136000,-136000
058055,華擎統一9A購01  ,0,0,0,0,0,0,0,0,0,-136000,0,0,0,502000,638000,-136000,-136000
060550,可成凱基9A購02  ,0,0,0,0,0,0,0,0,0,-136000,0,0,0,1000,137000,-136000,-136000
07677P,祥碩永豐9A售01  ,0,0,0,0,0,0,0,0,0,-136000,0,0,0,122000,258000,-136000,-136000
8404,百和興業-KY     ,34000,170000,-136000,0,0,0,0,0,0,0,0,0,0,0,0,0,-136000
06356P,啟碁永豐97售01  ,0,0,0,0,0,0,0,0,0,-137000,0,0,0,0,137000,-137000,-137000
060723,致新永豐9A購01  ,0,0,0,0,0,0,0,0,0,-137000,0,0,0,23000,160000,-137000,-137000
053056,同欣電國票97購01,0,0,0,0,0,0,0,0,0,-137000,0,0,0,325000,462000,-137000,-137000
4961,天鈺            ,27000,163000,-136000,0,0,0,0,0,0,-1000,0,1000,-1000,0,0,0,-137000
4739,康普            ,31000,162000,-131000,0,0,0,0,0,0,-6000,0,0,0,0,6000,-6000,-137000
3031,佰鴻            ,23000,159000,-136000,0,0,0,0,0,0,-1000,0,1000,-1000,0,0,0,-137000
1708,東鹼            ,0,141000,-141000,0,0,0,0,0,0,4000,4000,0,4000,0,0,0,-137000
061713,華邦電凱基9A購01,0,0,0,0,0,0,0,0,0,-138000,0,0,0,0,138000,-138000,-138000
049612,香港反中信96購01,0,0,0,0,0,0,0,0,0,-138000,0,0,0,0,138000,-138000,-138000
059948,正文永豐99購01  ,0,0,0,0,0,0,0,0,0,-138000,0,0,0,162000,300000,-138000,-138000
06705P,臻鼎元富98售03  ,0,0,0,0,0,0,0,0,0,-139000,0,0,0,120000,259000,-139000,-139000
059516,TPK永豐99購01   ,0,0,0,0,0,0,0,0,0,-139000,0,0,0,99000,238000,-139000,-139000
058590,南電中信9A購02  ,0,0,0,0,0,0,0,0,0,-139000,0,0,0,0,139000,-139000,-139000
2030,彰源            ,0,139000,-139000,0,0,0,0,0,0,0,0,0,0,0,0,0,-139000
08017P,華新科國票9B售01,0,0,0,0,0,0,0,0,0,-139000,0,0,0,10000,149000,-139000,-139000
062879,美食兆豐9B購01  ,0,0,0,0,0,0,0,0,0,-140000,0,0,0,126000,266000,-140000,-140000
06170P,禾伸堂元富97售02,0,0,0,0,0,0,0,0,0,-140000,0,0,0,0,140000,-140000,-140000
056250,瑞昱兆豐97購02  ,0,0,0,0,0,0,0,0,0,-140000,0,0,0,48000,188000,-140000,-140000
060540,南亞凱基9A購01  ,0,0,0,0,0,0,0,0,0,-140000,0,0,0,0,140000,-140000,-140000
07489P,國巨國票9A售07  ,0,0,0,0,0,0,0,0,0,-140000,0,0,0,10000,150000,-140000,-140000
054791,泰碩群益99購02  ,0,0,0,0,0,0,0,0,0,-141000,0,0,0,50000,191000,-141000,-141000
08088P,義隆凱基9B售03  ,0,0,0,0,0,0,0,0,0,-141000,0,0,0,0,141000,-141000,-141000
061907,裕隆中信9B購01  ,0,0,0,0,0,0,0,0,0,-142000,0,0,0,54000,196000,-142000,-142000
06728P,全新元大98售03  ,0,0,0,0,0,0,0,0,0,-143000,0,0,0,23000,166000,-143000,-143000
07575P,瑞昱元大9A售02  ,0,0,0,0,0,0,0,0,0,-143000,0,0,0,96000,239000,-143000,-143000
046628,大立光統一98購01,0,0,0,0,0,0,0,0,0,-144000,0,0,0,16000,160000,-144000,-144000
00715L,街口布蘭特油正2 ,0,0,0,0,0,0,0,0,0,-144000,0,0,0,0,144000,-144000,-144000
07612P,國巨國泰9B售06  ,0,0,0,0,0,0,0,0,0,-144000,0,0,0,58000,202000,-144000,-144000
910861,神州-DR         ,0,144000,-144000,0,0,0,0,0,0,0,0,0,0,0,0,0,-144000
3008,大立光          ,170000,276634,-106634,0,0,0,0,23000,-23000,-15000,3000,20000,-17000,2000,0,2000,-144634
06621P,欣興元大98售06  ,0,0,0,0,0,0,0,0,0,-145000,0,0,0,20000,165000,-145000,-145000
062239,台汽電凱基9B購01,0,0,0,0,0,0,0,0,0,-146000,0,0,0,148000,294000,-146000,-146000
056347,GIS凱基9A購01   ,0,0,0,0,0,0,0,0,0,-146000,0,0,0,5000,151000,-146000,-146000
059183,T50反1台新03購02,0,0,0,0,0,0,0,0,0,-146000,0,0,0,0,146000,-146000,-146000
059834,友達國泰9B購01  ,0,0,0,0,0,0,0,0,0,-146000,0,0,0,5000,151000,-146000,-146000
2524,京城            ,3000,149000,-146000,0,0,0,0,0,0,0,0,0,0,0,0,0,-146000
2436,偉詮電          ,224000,370000,-146000,0,0,0,0,0,0,0,1000,1000,0,0,0,0,-146000
2359,所羅門          ,3000,147000,-144000,0,0,0,0,0,0,-2000,0,2000,-2000,0,0,0,-146000
6108,競國            ,10000,156000,-146000,0,0,0,0,0,0,0,0,0,0,0,0,0,-146000
057283,欣興元大98購07  ,0,0,0,0,0,0,0,0,0,-147000,0,0,0,23000,170000,-147000,-147000
1723,中碳            ,3000,150000,-147000,0,0,0,0,0,0,0,0,0,0,0,0,0,-147000
061294,奇力新麥證9A購01,0,0,0,0,148000,-148000,0,0,0,-148000,0,0,0,0,148000,-148000,-148000
046061,中石化凱基98購01,0,0,0,0,0,0,0,0,0,-148000,0,0,0,0,148000,-148000,-148000
054079,鴻海中信98購02  ,0,0,0,0,0,0,0,0,0,-148000,0,0,0,0,148000,-148000,-148000
053958,京元電永豐96購01,0,0,0,0,0,0,0,0,0,-148000,0,0,0,0,148000,-148000,-148000
4916,事欣科          ,4000,151000,-147000,0,0,0,0,0,0,-1000,0,1000,-1000,0,0,0,-148000
2495,普安            ,0,148000,-148000,0,0,0,0,0,0,0,1000,1000,0,0,0,0,-148000
062607,美食凱基9B購01  ,0,0,0,0,0,0,0,0,0,-149000,0,0,0,13000,162000,-149000,-149000
050902,南電元大96購01  ,0,0,0,0,0,0,0,0,0,-149000,0,0,0,56000,205000,-149000,-149000
2015,豐興            ,8000,157000,-149000,0,0,0,0,0,0,0,0,0,0,0,0,0,-149000
07707P,玉山金元大9A售03,0,0,0,0,0,0,0,0,0,-149000,0,0,0,0,149000,-149000,-149000
062609,帆宣凱基9B購01  ,0,0,0,0,0,0,0,0,0,-150000,0,0,0,354000,504000,-150000,-150000
051159,力山元大96購01  ,0,0,0,0,0,0,0,0,0,-150000,0,0,0,0,150000,-150000,-150000
059403,T50反1台新03購03,0,0,0,0,0,0,0,0,0,-150000,0,0,0,80000,230000,-150000,-150000
07015P,國巨元大99售13  ,0,0,0,0,0,0,0,0,0,-150000,0,0,0,0,150000,-150000,-150000
08019P,緯穎國票9B售02  ,0,0,0,0,0,0,0,0,0,-150000,0,0,0,0,150000,-150000,-150000
061730,旺宏統一01購02  ,0,0,0,0,0,0,0,0,0,-151000,0,0,0,21000,172000,-151000,-151000
6139,亞翔            ,5000,155000,-150000,0,0,0,0,0,0,-1000,0,1000,-1000,0,0,0,-151000
6415,矽力-KY         ,440000,620000,-180000,0,0,0,12000,0,12000,16000,26000,9000,17000,1000,2000,-1000,-152000
1731,美吾華          ,64000,216000,-152000,0,0,0,0,0,0,0,0,0,0,0,0,0,-152000
07025P,玉晶光凱基99售01,0,0,0,0,0,0,0,0,0,-152000,0,0,0,5000,157000,-152000,-152000
06822P,上銀富邦99售03  ,0,0,0,0,0,0,0,0,0,-152000,0,0,0,6000,158000,-152000,-152000
07084P,S&P正2元富9B售02,0,0,0,0,0,0,0,0,0,-152000,0,0,0,0,152000,-152000,-152000
060709,緯穎富邦9B購01  ,0,0,0,0,0,0,0,0,0,-153000,0,0,0,28000,181000,-153000,-153000
05348P,美律元富98售01  ,0,0,0,0,0,0,0,0,0,-153000,0,0,0,50000,203000,-153000,-153000
00635U,元大S&P黃金     ,54000,0,54000,0,0,0,0,0,0,-207000,0,0,0,231000,438000,-207000,-153000
2534,宏盛            ,39000,192000,-153000,0,0,0,0,0,0,0,0,0,0,0,0,0,-153000
059295,大立光元富99購05,0,0,0,0,0,0,0,0,0,-154000,0,0,0,35000,189000,-154000,-154000
060355,元金2X元富9C購01,0,0,0,0,0,0,0,0,0,-154000,0,0,0,60000,214000,-154000,-154000
060159,健和興永豐9A購01,0,0,0,0,0,0,0,0,0,-154000,0,0,0,5000,159000,-154000,-154000
058985,可成凱基99購03  ,0,0,0,0,0,0,0,0,0,-154000,0,0,0,17000,171000,-154000,-154000
055205,京鼎中信99購01  ,0,0,0,0,0,0,0,0,0,-155000,0,0,0,100000,255000,-155000,-155000
056668,光磊國票99購01  ,0,0,0,0,0,0,0,0,0,-155000,0,0,0,42000,197000,-155000,-155000
057083,立積統一98購01  ,0,0,0,0,0,0,0,0,0,-155000,0,0,0,0,155000,-155000,-155000
2607,榮運            ,102000,257000,-155000,0,0,0,0,0,0,0,0,0,0,0,0,0,-155000
07259P,滬深2X國票01售01,0,0,0,0,0,0,0,0,0,-155000,0,0,0,0,155000,-155000,-155000
063072,裕隆永豐9B購01  ,0,0,0,0,0,0,0,0,0,-156000,0,0,0,0,156000,-156000,-156000
1460,宏遠            ,519000,676000,-157000,0,0,0,0,0,0,1000,1000,0,1000,0,0,0,-156000
3338,泰碩            ,169000,281000,-112000,0,0,0,0,0,0,-44000,2000,2000,0,11000,55000,-44000,-156000
053104,台表科元富96購02,0,0,0,0,0,0,0,0,0,-157000,0,0,0,43000,200000,-157000,-157000
062858,微星國票9B購01  ,0,0,0,0,0,0,0,0,0,-158000,0,0,0,149000,307000,-158000,-158000
059814,SP黃豆凱基9A購02,0,0,0,0,0,0,0,0,0,-158000,0,0,0,0,158000,-158000,-158000
060027,元金2X永豐99購02,0,0,0,0,0,0,0,0,0,-158000,0,0,0,0,158000,-158000,-158000
059021,台積電統一9B購07,0,0,0,0,0,0,0,0,0,-158000,0,0,0,0,158000,-158000,-158000
05905P,晶技統一97售01  ,0,0,0,0,0,0,0,0,0,-158000,0,0,0,6000,164000,-158000,-158000
4943,康控-KY         ,216000,305000,-89000,0,0,0,0,0,0,-69000,0,1000,-1000,10000,78000,-68000,-158000
2450,神腦            ,4000,161000,-157000,0,0,0,0,0,0,-1000,0,1000,-1000,0,0,0,-158000
056883,美食康和98購01  ,0,0,0,0,0,0,0,0,0,-159000,0,0,0,68000,227000,-159000,-159000
057943,可成國票99購03  ,0,0,0,0,0,0,0,0,0,-159000,0,0,0,14000,173000,-159000,-159000
2849,安泰銀          ,16000,175000,-159000,0,0,0,0,0,0,0,0,0,0,0,0,0,-159000
059239,台積電凱基99購12,0,0,0,0,0,0,0,0,0,-160000,0,0,0,0,160000,-160000,-160000
056928,旺宏台新98購01  ,0,0,0,0,0,0,0,0,0,-160000,0,0,0,10000,170000,-160000,-160000
2539,櫻花建          ,2000,152000,-150000,0,0,0,0,0,0,-10000,0,10000,-10000,0,0,0,-160000
07419P,聯發科元大99售46,0,0,0,0,0,0,0,0,0,-160000,0,0,0,40000,200000,-160000,-160000
5608,四維航          ,0,161000,-161000,0,0,0,0,0,0,0,0,0,0,0,0,0,-161000
05927P,正文永豐96售03  ,0,0,0,0,0,0,0,0,0,-162000,0,0,0,0,162000,-162000,-162000
060402,神隆國泰9B購01  ,0,0,0,0,0,0,0,0,0,-162000,0,0,0,40000,202000,-162000,-162000
2020,美亞            ,28000,193000,-165000,0,0,0,0,0,0,3000,3000,0,3000,0,0,0,-162000
2109,華豐            ,1000,165000,-164000,0,0,0,0,0,0,2000,2000,0,2000,0,0,0,-162000
062052,華通統一01購01  ,0,0,0,0,0,0,0,0,0,-163000,0,0,0,87000,250000,-163000,-163000
061253,臺股指群益9A購04,0,0,0,0,0,0,0,0,0,-163000,0,0,0,20000,183000,-163000,-163000
062006,瑞昱國泰9C購01  ,0,0,0,0,0,0,0,0,0,-163000,0,0,0,2000,165000,-163000,-163000
058651,FBVIX中信9C購01 ,0,0,0,0,0,0,0,0,0,-163000,0,0,0,10000,173000,-163000,-163000
058656,燿華中信99購01  ,0,0,0,0,0,0,0,0,0,-163000,0,0,0,25000,188000,-163000,-163000
061540,台積電群益9A購07,0,0,0,0,0,0,0,0,0,-164000,0,0,0,40000,204000,-164000,-164000
062890,祥碩群益9B購04  ,0,0,0,0,0,0,0,0,0,-165000,0,0,0,156000,321000,-165000,-165000
058261,大立光富邦03購01,0,0,0,0,0,0,0,0,0,-165000,0,0,0,0,165000,-165000,-165000
07820P,臺股指國票9A售11,0,0,0,0,0,0,0,0,0,-165000,0,0,0,5000,170000,-165000,-165000
07506P,中租元大9A售01  ,0,0,0,0,0,0,0,0,0,-165000,0,0,0,0,165000,-165000,-165000
2471,資通            ,2000,130000,-128000,0,0,0,0,0,0,-37000,1000,38000,-37000,0,0,0,-165000
062035,瑞祺群益9B購01  ,0,0,0,0,0,0,0,0,0,-166000,0,0,0,379000,545000,-166000,-166000
059535,玉山金凱基99購01,0,0,0,0,0,0,0,0,0,-166000,0,0,0,104000,270000,-166000,-166000
3033,威健            ,0,165000,-165000,0,0,0,0,0,0,-1000,0,1000,-1000,0,0,0,-166000
07632P,臺股指凱基9A售14,0,0,0,0,0,0,0,0,0,-166000,0,0,0,0,166000,-166000,-166000
058525,台虹元大99購02  ,0,0,0,0,0,0,0,0,0,-167000,0,0,0,63000,230000,-167000,-167000
07081P,南電群益9A售01  ,0,0,0,0,0,0,0,0,0,-167000,0,0,0,19000,186000,-167000,-167000
059024,大立光統一9B購04,0,0,0,0,0,0,0,0,0,-168000,0,0,0,22000,190000,-168000,-168000
06845P,億光元大98售02  ,0,0,0,0,0,0,0,0,0,-168000,0,0,0,25000,193000,-168000,-168000
056209,超眾永豐97購02  ,0,0,0,0,0,0,0,0,0,-169000,0,0,0,4000,173000,-169000,-169000
057823,神達元大98購01  ,0,0,0,0,0,0,0,0,0,-169000,0,0,0,23000,192000,-169000,-169000
07146P,瑞昱元大99售02  ,0,0,0,0,0,0,0,0,0,-169000,0,0,0,88000,257000,-169000,-169000
07675P,全新永豐9A售02  ,0,0,0,0,0,0,0,0,0,-169000,0,0,0,40000,209000,-169000,-169000
07805P,義隆永豐9A售02  ,0,0,0,0,0,0,0,0,0,-169000,0,0,0,135000,304000,-169000,-169000
062946,祥碩國泰9C購02  ,0,0,0,0,0,0,0,0,0,-170000,0,0,0,66000,236000,-170000,-170000
061028,聚陽永豐9A購01  ,0,0,0,0,0,0,0,0,0,-170000,0,0,0,163000,333000,-170000,-170000
054688,兆赫永豐97購01  ,0,0,0,0,0,0,0,0,0,-170000,0,0,0,0,170000,-170000,-170000
059050,元油2X凱基9B購08,0,0,0,0,0,0,0,0,0,-170000,0,0,0,30000,200000,-170000,-170000
059124,台積電第一03購01,0,0,0,0,0,0,0,0,0,-170000,0,0,0,0,170000,-170000,-170000
07279P,台灣50台新99售02,0,0,0,0,0,0,0,0,0,-170000,0,0,0,0,170000,-170000,-170000
07355P,臺股指國票99售23,0,0,0,0,0,0,0,0,0,-170000,0,0,0,0,170000,-170000,-170000
06934P,聯鈞元大98售03  ,0,0,0,0,0,0,0,0,0,-170000,0,0,0,96000,266000,-170000,-170000
5243,乙盛-KY         ,82000,252000,-170000,0,0,0,0,0,0,0,0,0,0,0,0,0,-170000
4977,眾達-KY         ,385000,442000,-57000,0,0,0,0,0,0,-113000,0,112000,-112000,0,1000,-1000,-170000
061590,金寶永豐9A購01  ,0,0,0,0,0,0,0,0,0,-171000,0,0,0,50000,221000,-171000,-171000
061360,智邦兆豐9B購02  ,0,0,0,0,0,0,0,0,0,-171000,0,0,0,70000,241000,-171000,-171000
057699,可成群益9A購02  ,0,0,0,0,0,0,0,0,0,-171000,0,0,0,13000,184000,-171000,-171000
058928,國巨統一9C購01  ,0,0,0,0,0,0,0,0,0,-171000,0,0,0,135000,306000,-171000,-171000
4414,如興            ,87000,258000,-171000,0,0,0,0,0,0,0,0,0,0,0,0,0,-171000
2405,浩鑫            ,0,171000,-171000,0,0,0,0,0,0,0,0,0,0,0,0,0,-171000
6531,愛普            ,383000,554000,-171000,0,0,0,0,0,0,-1000,0,1000,-1000,0,0,0,-172000
07686P,祥碩凱基9A售02  ,0,0,0,0,0,0,0,0,0,-172000,0,0,0,0,172000,-172000,-172000
07845P,南亞科元大9A售08,0,0,0,0,0,0,0,0,0,-172000,0,0,0,34000,206000,-172000,-172000
059049,元油2X凱基9A購12,0,0,0,0,0,0,0,0,0,-173000,0,0,0,0,173000,-173000,-173000
057447,智邦元富02購01  ,0,0,0,0,0,0,0,0,0,-173000,0,0,0,21000,194000,-173000,-173000
1417,嘉裕            ,3000,176000,-173000,0,0,0,0,0,0,0,0,0,0,0,0,0,-173000
062947,國巨富邦01購01  ,0,0,0,0,0,0,0,0,0,-174000,0,0,0,5000,179000,-174000,-174000
06421P,嘉澤統一97售02  ,0,0,0,0,0,0,0,0,0,-174000,0,0,0,166000,340000,-174000,-174000
062410,台積電第一9B購02,0,0,0,0,0,0,0,0,0,-174000,0,0,0,0,174000,-174000,-174000
059886,可成國票99購04  ,0,0,0,0,0,0,0,0,0,-174000,0,0,0,6000,180000,-174000,-174000
08026P,臺股指凱基9B售12,0,0,0,0,0,0,0,0,0,-174000,0,0,0,0,174000,-174000,-174000
061064,可成凱基9B購02  ,0,0,0,0,0,0,0,0,0,-175000,0,0,0,0,175000,-175000,-175000
053939,台表科元富96購03,0,0,0,0,0,0,0,0,0,-175000,0,0,0,20000,195000,-175000,-175000
059880,世紀鋼凱基99購02,0,0,0,0,0,0,0,0,0,-175000,0,0,0,15000,190000,-175000,-175000
07749P,台郡凱基9A售01  ,0,0,0,0,0,0,0,0,0,-175000,0,0,0,0,175000,-175000,-175000
062408,致新永豐9B購01  ,0,0,0,0,0,0,0,0,0,-176000,0,0,0,7000,183000,-176000,-176000
063069,道瓊銀富邦05購01,0,0,0,0,0,0,0,0,0,-176000,0,0,0,0,176000,-176000,-176000
03603P,群創凱基98售04  ,0,0,0,0,0,0,0,0,0,-176000,0,0,0,1000,177000,-176000,-176000
05987P,健策統一96售02  ,0,0,0,0,0,0,0,0,0,-176000,0,0,0,0,176000,-176000,-176000
07754P,日月光元大9A售02,0,0,0,0,0,0,0,0,0,-176000,0,0,0,8000,184000,-176000,-176000
4426,利勤            ,63000,158000,-95000,0,0,0,0,0,0,-81000,0,75000,-75000,0,6000,-6000,-176000
3588,通嘉            ,110000,284000,-174000,0,0,0,0,0,0,-3000,0,3000,-3000,0,0,0,-177000
4976,佳凌            ,9000,185000,-176000,0,0,0,0,0,0,-1000,0,1000,-1000,0,0,0,-177000
9940,信義            ,1000,178000,-177000,0,0,0,0,0,0,0,0,0,0,0,0,0,-177000
057393,台積電中信02購01,0,0,0,0,0,0,0,0,0,-178000,0,0,0,0,178000,-178000,-178000
057370,可成元大98購07  ,0,0,0,0,0,0,0,0,0,-178000,0,0,0,18000,196000,-178000,-178000
07834P,聯詠群益9A售03  ,0,0,0,0,0,0,0,0,0,-178000,0,0,0,0,178000,-178000,-178000
06545P,致茂元大98售01  ,0,0,0,0,0,0,0,0,0,-179000,0,0,0,12000,191000,-179000,-179000
061609,華新科統一9C購01,0,0,0,0,0,0,0,0,0,-179000,0,0,0,0,179000,-179000,-179000
059664,立積元大9C購01  ,0,0,0,0,0,0,0,0,0,-179000,0,0,0,4000,183000,-179000,-179000
060115,南電元大99購06  ,0,0,0,0,0,0,0,0,0,-179000,0,0,0,38000,217000,-179000,-179000
057085,立積統一9B購02  ,0,0,0,0,0,0,0,0,0,-179000,0,0,0,62000,241000,-179000,-179000
07102P,南電元大99售03  ,0,0,0,0,0,0,0,0,0,-179000,0,0,0,1000,180000,-179000,-179000
5434,崇越            ,153000,359000,-206000,0,0,0,0,0,0,27000,45000,6000,39000,0,12000,-12000,-179000
062352,南六群益9B購02  ,0,0,0,0,0,0,0,0,0,-180000,0,0,0,157000,337000,-180000,-180000
059297,大立光元富9C購01,0,0,0,0,0,0,0,0,0,-180000,0,0,0,32000,212000,-180000,-180000
062837,復盛群益9B購01  ,0,0,0,0,0,0,0,0,0,-181000,0,0,0,56000,237000,-181000,-181000
061030,喬山永豐9A購01  ,0,0,0,0,0,0,0,0,0,-181000,0,0,0,0,181000,-181000,-181000
1532,勤美            ,10000,191000,-181000,0,0,0,0,0,0,0,0,0,0,0,0,0,-181000
059068,台虹國票9A購01  ,0,0,0,0,0,0,0,0,0,-182000,0,0,0,58000,240000,-182000,-182000
6209,今國光          ,23000,204000,-181000,0,0,0,0,0,0,-1000,0,1000,-1000,0,0,0,-182000
062069,喬山元大9B購01  ,0,0,0,0,0,0,0,0,0,-183000,0,0,0,72000,255000,-183000,-183000
056144,GIS元大98購01   ,0,0,0,0,0,0,0,0,0,-183000,0,0,0,130000,313000,-183000,-183000
057719,欣興元富02購01  ,0,0,0,0,0,0,0,0,0,-183000,0,0,0,28000,211000,-183000,-183000
4942,嘉彰            ,10000,193000,-183000,0,0,0,0,0,0,-1000,0,1000,-1000,0,0,0,-184000
054898,台肥康和97購01  ,0,0,0,0,0,0,0,0,0,-185000,0,0,0,22000,207000,-185000,-185000
058739,喬山中信99購01  ,0,0,0,0,0,0,0,0,0,-185000,0,0,0,19000,204000,-185000,-185000
07619P,鴻海統一9A售03  ,0,0,0,0,0,0,0,0,0,-185000,0,0,0,64000,249000,-185000,-185000
07578P,高鐵元大9A售02  ,0,0,0,0,0,0,0,0,0,-187000,0,0,0,0,187000,-187000,-187000
062650,南電富邦01購01  ,0,0,0,0,0,0,0,0,0,-188000,0,0,0,57000,245000,-188000,-188000
050894,旺宏元大96購03  ,0,0,0,0,0,0,0,0,0,-188000,0,0,0,10000,198000,-188000,-188000
1720,生達            ,394000,582000,-188000,0,0,0,0,0,0,0,0,0,0,0,0,0,-188000
07879P,瑞昱群益9C售01  ,0,0,0,0,0,0,0,0,0,-188000,0,0,0,0,188000,-188000,-188000
05880P,創意康和96售01  ,0,0,0,0,0,0,0,0,0,-189000,0,0,0,3000,192000,-189000,-189000
2206,三陽工業        ,4000,193000,-189000,0,0,0,0,0,0,0,0,0,0,0,0,0,-189000
1314,中石化          ,1642000,1828000,-186000,0,0,0,2000,0,2000,-5000,20000,2000,18000,0,23000,-23000,-189000
07417P,聯發科元大99售44,0,0,0,0,0,0,0,0,0,-189000,0,0,0,10000,199000,-189000,-189000
062812,國巨兆豐9B購03  ,0,0,0,0,0,0,0,0,0,-190000,0,0,0,10000,200000,-190000,-190000
060704,台積電富邦01購01,0,0,0,0,0,0,0,0,0,-190000,0,0,0,20000,210000,-190000,-190000
054858,台肥群益97購01  ,0,0,0,0,0,0,0,0,0,-190000,0,0,0,0,190000,-190000,-190000
2419,仲琦            ,35000,223000,-188000,0,0,0,0,0,0,-2000,0,2000,-2000,0,0,0,-190000
062487,中興電永豐9B購01,0,0,0,0,0,0,0,0,0,-191000,0,0,0,10000,201000,-191000,-191000
054130,漢唐元大97購02  ,0,0,0,0,0,0,0,0,0,-191000,0,0,0,27000,218000,-191000,-191000
3060,銘異            ,571000,761000,-190000,0,0,0,0,0,0,-1000,0,1000,-1000,0,0,0,-191000
1902,台紙            ,290000,481000,-191000,0,0,0,0,0,0,0,0,0,0,0,0,0,-191000
052424,泰碩國票97購01  ,0,0,0,0,0,0,0,0,0,-192000,0,0,0,18000,210000,-192000,-192000
059247,可成凱基99購05  ,0,0,0,0,0,0,0,0,0,-192000,0,0,0,2000,194000,-192000,-192000
2228,劍麟            ,19000,208000,-189000,0,0,0,0,0,0,-3000,0,2000,-2000,0,1000,-1000,-192000
07982P,全新群益9B售04  ,0,0,0,0,0,0,0,0,0,-192000,0,0,0,141000,333000,-192000,-192000
07070P,晶相光元富99售01,0,0,0,0,0,0,0,0,0,-192000,0,0,0,10000,202000,-192000,-192000
056084,漢唐統一97購03  ,0,0,0,0,0,0,0,0,0,-193000,0,0,0,122000,315000,-193000,-193000
056213,建準國票98購02  ,0,0,0,0,0,0,0,0,0,-193000,0,0,0,9000,202000,-193000,-193000
06169P,華新科元富97售02,0,0,0,0,0,0,0,0,0,-195000,0,0,0,43000,238000,-195000,-195000
047962,T50反1中信96購02,0,0,0,0,0,0,0,0,0,-195000,0,0,0,1361000,1556000,-195000,-195000
060383,葡萄王凱基9A購01,0,0,0,0,0,0,0,0,0,-195000,0,0,0,0,195000,-195000,-195000
059975,元金2X元大99購02,0,0,0,0,0,0,0,0,0,-195000,0,0,0,39000,234000,-195000,-195000
056685,光罩統一98購03  ,0,0,0,0,0,0,0,0,0,-196000,0,0,0,0,196000,-196000,-196000
058660,樺漢中信9A購01  ,0,0,0,0,0,0,0,0,0,-196000,0,0,0,94000,290000,-196000,-196000
062702,可成元大9C購01  ,0,0,0,0,0,0,0,0,0,-198000,0,0,0,12000,210000,-198000,-198000
6414,樺漢            ,12000,211000,-199000,0,0,0,0,0,0,1000,8000,2000,6000,0,5000,-5000,-198000
043442,大立光台新01購01,0,0,0,0,0,0,0,0,0,-199000,0,0,0,40000,239000,-199000,-199000
051544,T50反1康和98購01,0,0,0,0,0,0,0,0,0,-199000,0,0,0,146000,345000,-199000,-199000
2351,順德            ,12000,198000,-186000,0,0,0,0,10000,-10000,-3000,0,3000,-3000,0,0,0,-199000
07226P,貿聯富邦9B售01  ,0,0,0,0,0,0,0,0,0,-199000,0,0,0,25000,224000,-199000,-199000
063161,祥碩富邦9B購02  ,0,0,0,0,0,0,0,0,0,-200000,0,0,0,0,200000,-200000,-200000
062549,中租永豐9B購01  ,0,0,0,0,0,0,0,0,0,-200000,0,0,0,0,200000,-200000,-200000
05207P,高股息中信97售03,0,0,0,0,0,0,0,0,0,-200000,0,0,0,0,200000,-200000,-200000
053534,微星永豐96購02  ,0,0,0,0,0,0,0,0,0,-200000,0,0,0,0,200000,-200000,-200000
055098,臺股指群益97購01,0,0,0,0,0,0,0,0,0,-200000,0,0,0,0,200000,-200000,-200000
055276,台積電元大97購20,0,0,0,0,0,0,0,0,0,-200000,0,0,0,0,200000,-200000,-200000
055894,欣興統一97購03  ,0,0,0,0,0,0,0,0,0,-200000,0,0,0,0,200000,-200000,-200000
07640P,國巨群益9A售07  ,0,0,0,0,0,0,0,0,0,-200000,0,0,0,0,200000,-200000,-200000
2476,鉅祥            ,0,200000,-200000,0,0,0,0,0,0,0,0,0,0,0,0,0,-200000
062462,GIS群益9B購01   ,20000,0,20000,0,0,0,0,0,0,-221000,0,0,0,690000,911000,-221000,-201000
058445,旺宏富邦9C購01  ,0,0,0,0,0,0,0,0,0,-201000,0,0,0,2000,203000,-201000,-201000
1722,台肥            ,335000,445000,-110000,0,0,0,0,0,0,-92000,0,4000,-4000,15000,103000,-88000,-202000
1522,堤維西          ,7000,209000,-202000,0,0,0,0,0,0,0,0,0,0,0,0,0,-202000
2913,農林            ,25000,228000,-203000,0,0,0,0,0,0,0,0,0,0,0,0,0,-203000
4555,氣立            ,78000,310000,-232000,0,0,0,0,0,0,29000,36000,7000,29000,0,0,0,-203000
057206,立積元富98購01  ,0,0,0,0,0,0,0,0,0,-204000,0,0,0,36000,240000,-204000,-204000
2399,映泰            ,26000,229000,-203000,0,0,0,0,0,0,-1000,0,1000,-1000,0,0,0,-204000
054411,光磊元大97購02  ,0,0,0,0,0,0,0,0,0,-205000,0,0,0,0,205000,-205000,-205000
061808,聯發科統一01購02,0,0,0,0,0,0,0,0,0,-206000,0,0,0,682000,888000,-206000,-206000
053965,聯電元大98購04  ,0,0,0,0,0,0,0,0,0,-206000,0,0,0,0,206000,-206000,-206000
06010P,國泰金元富96售01,0,0,0,0,0,0,0,0,0,-206000,0,0,0,18000,224000,-206000,-206000
060432,達方永豐9A購01  ,0,0,0,0,0,0,0,0,0,-206000,0,0,0,80000,286000,-206000,-206000
1795,美時            ,831000,1047000,-216000,0,0,0,0,0,0,10000,10000,0,10000,0,0,0,-206000
059358,旺宏永豐99購02  ,0,0,0,0,0,0,0,0,0,-207000,0,0,0,84000,291000,-207000,-207000
08056P,華通群益9B售06  ,0,0,0,0,0,0,0,0,0,-207000,0,0,0,0,207000,-207000,-207000
06839P,玉晶光統一9A售05,0,0,0,0,0,0,0,0,0,-207000,0,0,0,60000,267000,-207000,-207000
2820,華票            ,53000,260000,-207000,0,0,0,0,0,0,0,0,0,0,0,0,0,-207000
05624P,同欣電中信98售01,0,0,0,0,0,0,0,0,0,-208000,0,0,0,121000,329000,-208000,-208000
00665L,富邦恒生國企正2 ,0,2000,-2000,0,0,0,0,0,0,-206000,0,0,0,528000,734000,-206000,-208000
07468P,聯電元大9A售02  ,0,0,0,0,0,0,0,0,0,-208000,0,0,0,8000,216000,-208000,-208000
1536,和大            ,346000,459000,-113000,0,0,0,0,0,0,-95000,8000,30000,-22000,3000,76000,-73000,-208000
060840,可成國票9B購01  ,0,0,0,0,0,0,0,0,0,-209000,0,0,0,2000,211000,-209000,-209000
063112,祥碩兆豐9B購01  ,0,0,0,0,0,0,0,0,0,-209000,0,0,0,0,209000,-209000,-209000
060411,達新永豐9A購01  ,0,0,0,0,0,0,0,0,0,-209000,0,0,0,58000,267000,-209000,-209000
056996,矽力日盛99購01  ,0,0,0,0,0,0,0,0,0,-209000,0,0,0,1000,210000,-209000,-209000
2605,新興            ,281000,629000,-348000,0,0,0,0,0,0,139000,140000,0,140000,0,1000,-1000,-209000
05160P,國巨國票96售03  ,0,0,0,0,0,0,0,0,0,-210000,0,0,0,0,210000,-210000,-210000
2439,美律            ,52000,233000,-181000,0,0,0,0,0,0,-29000,11000,51000,-40000,45000,34000,11000,-210000
057813,京元電元大98購03,0,0,0,0,0,0,0,0,0,-211000,0,0,0,13000,224000,-211000,-211000
056459,茂林凱基99購01  ,0,0,0,0,0,0,0,0,0,-212000,0,0,0,80000,292000,-212000,-212000
1608,華榮            ,5000,217000,-212000,0,0,0,0,0,0,0,0,0,0,0,0,0,-212000
06701P,臺股指統一99售06,0,0,0,0,0,0,0,0,0,-213000,0,0,0,98000,311000,-213000,-213000
062063,世紀鋼統一9C購01,0,0,0,0,0,0,0,0,0,-213000,0,0,0,93000,306000,-213000,-213000
05731P,創意統一96售03  ,0,0,0,0,0,0,0,0,0,-213000,0,0,0,0,213000,-213000,-213000
057903,聯鈞永豐99購01  ,0,0,0,0,0,0,0,0,0,-214000,0,0,0,18000,232000,-214000,-214000
07357P,鴻海元大99售38  ,0,0,0,0,0,0,0,0,0,-214000,0,0,0,51000,265000,-214000,-214000
6141,柏承            ,196000,409000,-213000,0,0,0,0,0,0,-1000,0,1000,-1000,0,0,0,-214000
062172,南六永豐9B購01  ,0,0,0,0,0,0,0,0,0,-215000,0,0,0,50000,265000,-215000,-215000
063080,裕隆凱基9B購01  ,0,0,0,0,0,0,0,0,0,-215000,0,0,0,0,215000,-215000,-215000
060807,新光金群益9A購01,0,0,0,0,0,0,0,0,0,-215000,0,0,0,110000,325000,-215000,-215000
2231,為升            ,50000,264000,-214000,0,0,0,0,0,0,-1000,0,0,0,2000,3000,-1000,-215000
06338P,亞德客統一97售02,0,0,0,0,0,0,0,0,0,-216000,0,0,0,12000,228000,-216000,-216000
059503,大立光富邦9B購04,0,0,0,0,0,0,0,0,0,-216000,0,0,0,147000,363000,-216000,-216000
1447,力鵬            ,30000,246000,-216000,0,0,0,0,0,0,0,0,0,0,0,0,0,-216000
07691P,宏達電元大9A售05,0,0,0,0,0,0,0,0,0,-216000,0,0,0,0,216000,-216000,-216000
6672,騰輝電子-KY     ,15000,231000,-216000,0,0,0,0,0,0,0,0,0,0,0,0,0,-216000
3535,晶彩科          ,21000,236000,-215000,0,0,0,0,0,0,-1000,0,1000,-1000,0,0,0,-216000
00639,富邦深100       ,0,4000,-4000,0,0,0,0,0,0,-212992,0,0,0,1221008,1434000,-212992,-216992
060336,南電康和9A購01  ,0,0,0,0,0,0,0,0,0,-218000,0,0,0,96000,314000,-218000,-218000
060684,同欣電元大9A購01,40000,0,40000,0,0,0,0,0,0,-259000,0,0,0,286000,545000,-259000,-219000
061134,大成鋼統一9C購01,0,0,0,0,0,0,0,0,0,-219000,0,0,0,49000,268000,-219000,-219000
059524,FBVIX凱基9A購02 ,0,0,0,0,0,0,0,0,0,-219000,0,0,0,3000,222000,-219000,-219000
053723,奇鋐凱基98購01  ,0,0,0,0,0,0,0,0,0,-220000,0,0,0,0,220000,-220000,-220000
058409,鴻海兆豐99購05  ,0,0,0,0,0,0,0,0,0,-220000,0,0,0,10000,230000,-220000,-220000
2542,興富發          ,1445000,1624000,-179000,0,0,0,0,0,0,-41000,20000,14000,6000,78000,125000,-47000,-220000
06891P,緯穎富邦99售03  ,0,0,0,0,0,0,0,0,0,-220000,0,0,0,0,220000,-220000,-220000
061071,復盛凱基9A購01  ,0,0,0,0,0,0,0,0,0,-221000,0,0,0,222000,443000,-221000,-221000
054826,復盛元大9A購01  ,0,0,0,0,0,0,0,0,0,-222000,0,0,0,132000,354000,-222000,-222000
05889P,群創元大98售02  ,0,0,0,0,0,0,0,0,0,-222000,0,0,0,0,222000,-222000,-222000
07011P,宏達電凱基99售02,0,0,0,0,0,0,0,0,0,-223000,0,0,0,24000,247000,-223000,-223000
08065P,瑞昱凱基9B售03  ,0,0,0,0,0,0,0,0,0,-223000,0,0,0,0,223000,-223000,-223000
08004P,大毅永豐9B售02  ,0,0,0,0,0,0,0,0,0,-223000,0,0,0,270000,493000,-223000,-223000
4906,正文            ,243000,441000,-198000,0,0,0,0,0,0,-25000,7000,2000,5000,21000,51000,-30000,-223000
06763P,技嘉元大98售05  ,0,0,0,0,0,0,0,0,0,-224000,0,0,0,70000,294000,-224000,-224000
057846,神達永豐98購01  ,0,0,0,0,0,0,0,0,0,-224000,0,0,0,126000,350000,-224000,-224000
062375,祥碩元大9B購03  ,0,0,0,0,0,0,0,0,0,-225000,0,0,0,29000,254000,-225000,-225000
057062,立積國泰99購01  ,0,0,0,0,0,0,0,0,0,-225000,0,0,0,30000,255000,-225000,-225000
07653P,華新科群益9A售05,0,0,0,0,0,0,0,0,0,-225000,0,0,0,39000,264000,-225000,-225000
062724,可成凱基9B購04  ,0,0,0,0,0,0,0,0,0,-227000,0,0,0,3000,230000,-227000,-227000
058920,SGBR2X元富99購06,0,0,0,0,0,0,0,0,0,-227000,0,0,0,29000,256000,-227000,-227000
062133,大成鋼群益9B購01,0,0,0,0,0,0,0,0,0,-228000,0,0,0,98000,326000,-228000,-228000
057325,可成群益9A購01  ,0,0,0,0,0,0,0,0,0,-228000,0,0,0,0,228000,-228000,-228000
059671,滬深2X元富99購05,0,0,0,0,0,0,0,0,0,-229000,0,0,0,0,229000,-229000,-229000
057298,旭富永豐98購01  ,0,0,0,0,0,0,0,0,0,-229000,0,0,0,276000,505000,-229000,-229000
057096,緯穎元富98購01  ,0,0,0,0,0,0,0,0,0,-229000,0,0,0,0,229000,-229000,-229000
058645,康控富邦01購01  ,0,0,0,0,0,0,0,0,0,-229000,0,0,0,183000,412000,-229000,-229000
06683P,訊芯元大98售07  ,0,0,0,0,0,0,0,0,0,-230000,0,0,0,70000,300000,-230000,-230000
06073P,健策永豐97售01  ,0,0,0,0,0,0,0,0,0,-230000,0,0,0,1000,231000,-230000,-230000
061687,大成鋼群益9A購01,0,0,0,0,0,0,0,0,0,-230000,0,0,0,139000,369000,-230000,-230000
054638,國泰金中信99購01,0,0,0,0,0,0,0,0,0,-230000,0,0,0,0,230000,-230000,-230000
053117,大立光中信9A購02,0,0,0,0,0,0,0,0,0,-230000,0,0,0,0,230000,-230000,-230000
07421P,國泰金元大99售01,0,0,0,0,0,0,0,0,0,-230000,0,0,0,0,230000,-230000,-230000
07744P,奇力新凱基9A售05,0,0,0,0,0,0,0,0,0,-230000,0,0,0,0,230000,-230000,-230000
07788P,華新科群益9A售08,0,0,0,0,0,0,0,0,0,-230000,0,0,0,0,230000,-230000,-230000
6230,超眾            ,89000,242000,-153000,0,0,0,2000,68000,-66000,-11000,0,1000,-1000,38000,48000,-10000,-230000
058328,世紀鋼統一9B購01,0,0,0,0,0,0,0,0,0,-231000,0,0,0,17000,248000,-231000,-231000
062160,南六凱基9B購01  ,0,0,0,0,0,0,0,0,0,-233000,0,0,0,27000,260000,-233000,-233000
2340,光磊            ,322000,636000,-314000,0,0,0,0,0,0,81000,52000,13000,39000,56000,14000,42000,-233000
057579,長榮航中信9A購01,0,0,0,0,0,0,0,0,0,-234000,0,0,0,180000,414000,-234000,-234000
06878P,台灣50日盛9B售01,0,0,0,0,0,0,0,0,0,-234000,0,0,0,401000,635000,-234000,-234000
060937,T50反1國票9A購10,0,0,0,0,0,0,0,0,0,-235000,0,0,0,135000,370000,-235000,-235000
055404,超眾元富97購01  ,0,0,0,0,0,0,0,0,0,-235000,0,0,0,25000,260000,-235000,-235000
050227,大立光中信96購01,0,0,0,0,0,0,0,0,0,-235000,0,0,0,0,235000,-235000,-235000
058950,國巨群益99購06  ,0,0,0,0,0,0,0,0,0,-235000,0,0,0,25000,260000,-235000,-235000
07853P,國巨凱基9A售19  ,0,0,0,0,0,0,0,0,0,-236000,0,0,0,0,236000,-236000,-236000
6668,中揚光          ,7000,243000,-236000,0,0,0,0,0,0,-1000,0,1000,-1000,0,0,0,-237000
3437,榮創            ,379000,614000,-235000,0,0,0,0,0,0,-2000,0,2000,-2000,0,0,0,-237000
07082P,美律元大99售06  ,10000,0,10000,0,0,0,0,0,0,-248000,0,0,0,33000,281000,-248000,-238000
07505P,台勝科元大9A售01,0,0,0,0,0,0,0,0,0,-239000,0,0,0,3000,242000,-239000,-239000
2536,宏普            ,45000,281000,-236000,0,0,0,0,0,0,-3000,0,3000,-3000,0,0,0,-239000
060099,宏達電元大99購09,0,0,0,0,0,0,0,0,0,-240000,0,0,0,3000,243000,-240000,-240000
3530,晶相光          ,42000,264000,-222000,0,0,0,0,0,0,-21000,0,3000,-3000,0,18000,-18000,-243000
057084,立積統一9B購01  ,0,0,0,0,0,0,0,0,0,-244000,0,0,0,112000,356000,-244000,-244000
6197,佳必琪          ,42000,285000,-243000,0,0,0,0,0,0,-1000,0,1000,-1000,0,0,0,-244000
061613,南六統一9C購01  ,0,0,0,0,0,0,0,0,0,-245000,0,0,0,257000,502000,-245000,-245000
058217,新唐群益99購01  ,0,0,0,0,0,0,0,0,0,-245000,0,0,0,310000,555000,-245000,-245000
2362,藍天            ,37000,278000,-241000,0,0,0,0,0,0,-4000,0,4000,-4000,0,0,0,-245000
2636,台驊投控        ,23000,280000,-257000,0,0,0,0,0,0,12000,24000,12000,12000,0,0,0,-245000
2006,東和鋼鐵        ,475000,721000,-246000,0,0,0,1000,0,1000,0,0,0,0,0,0,0,-245000
058841,深中小群益01購01,0,0,0,0,0,0,0,0,0,-246000,0,0,0,95000,341000,-246000,-246000
9935,慶豐富          ,22000,268000,-246000,0,0,0,0,0,0,0,0,0,0,0,0,0,-246000
8110,華東            ,43000,301000,-258000,0,0,0,0,0,0,11000,14000,3000,11000,0,0,0,-247000
06453P,群創元大9B售02  ,0,0,0,0,0,0,0,0,0,-248000,0,0,0,0,248000,-248000,-248000
3518,柏騰            ,43000,291000,-248000,0,0,0,0,0,0,-1000,0,1000,-1000,0,0,0,-249000
061718,GIS凱基9B購01   ,0,0,0,0,0,0,0,0,0,-250000,0,0,0,59000,309000,-250000,-250000
05431P,台光電統一97售01,0,0,0,0,0,0,0,0,0,-250000,0,0,0,0,250000,-250000,-250000
057395,旺宏中信98購03  ,0,0,0,0,0,0,0,0,0,-250000,0,0,0,0,250000,-250000,-250000
058338,康友元富99購01  ,0,0,0,0,0,0,0,0,0,-250000,0,0,0,50000,300000,-250000,-250000
057987,大立光元富98購02,0,0,0,0,0,0,0,0,0,-250000,0,0,0,52000,302000,-250000,-250000
1707,葡萄王          ,138000,380000,-242000,0,0,0,0,10000,-10000,1000,0,0,0,3000,2000,1000,-251000
061026,南電富邦9B購01  ,0,0,0,0,0,0,0,0,0,-252000,0,0,0,272000,524000,-252000,-252000
06627P,華新科元富99售01,0,0,0,0,0,0,0,0,0,-252000,0,0,0,59000,311000,-252000,-252000
03857P,聯發科元富99售02,0,0,0,0,0,0,0,0,0,-252000,0,0,0,0,252000,-252000,-252000
06949P,台表科元大99售01,0,0,0,0,0,0,0,0,0,-252000,0,0,0,10000,262000,-252000,-252000
2375,凱美            ,173000,383000,-210000,0,0,0,0,0,0,-42000,0,8000,-8000,3000,37000,-34000,-252000
8996,高力            ,233000,483000,-250000,0,0,0,0,0,0,-2000,21000,23000,-2000,0,0,0,-252000
061611,南六統一01購01  ,0,0,0,0,0,0,0,0,0,-253000,0,0,0,97000,350000,-253000,-253000
2451,創見            ,153000,489000,-336000,0,0,0,0,0,0,83000,0,2000,-2000,85000,0,85000,-253000
059844,大立光富邦9C購04,0,0,0,0,0,0,0,0,0,-254000,0,0,0,0,254000,-254000,-254000
2489,瑞軒            ,175000,426000,-251000,0,0,0,0,0,0,-3000,0,3000,-3000,0,0,0,-254000
6504,南六            ,401000,764000,-363000,0,0,0,118000,145000,-27000,136000,179000,72000,107000,92000,63000,29000,-254000
058832,立積永豐99購01  ,0,0,0,0,0,0,0,0,0,-255000,0,0,0,106000,361000,-255000,-255000
060380,T50反1凱基9A購08,0,0,0,0,0,0,0,0,0,-255000,0,0,0,646000,901000,-255000,-255000
3010,華立            ,85000,329000,-244000,0,0,0,0,0,0,-11000,0,11000,-11000,0,0,0,-255000
8011,台通            ,495000,749000,-254000,0,0,0,0,0,0,-1000,0,1000,-1000,0,0,0,-255000
052235,聯發科國票96購02,0,0,0,0,0,0,0,0,0,-256000,0,0,0,0,256000,-256000,-256000
06595P,祥碩元大98售03  ,0,0,0,0,0,0,0,0,0,-257000,0,0,0,1210000,1467000,-257000,-257000
055039,神達富邦99購01  ,0,0,0,0,0,0,0,0,0,-259000,0,0,0,109000,368000,-259000,-259000
3047,訊舟            ,5000,263000,-258000,0,0,0,0,0,0,-1000,0,1000,-1000,0,0,0,-259000
07121P,華新科凱基99售03,0,0,0,0,0,0,0,0,0,-259000,0,0,0,16000,275000,-259000,-259000
08002P,大毅國票9B售03  ,0,0,0,0,0,0,0,0,0,-259000,0,0,0,115000,374000,-259000,-259000
1762,中化生          ,1097000,1345000,-248000,0,0,0,0,0,0,-12000,13000,25000,-12000,0,0,0,-260000
07693P,群創元大9B售10  ,0,0,0,0,0,0,0,0,0,-260000,0,0,0,0,260000,-260000,-260000
2401,凌陽            ,46000,331000,-285000,0,0,0,0,0,0,25000,34000,9000,25000,0,0,0,-260000
06603P,立積統一99售01  ,0,0,0,0,0,0,0,0,0,-261000,0,0,0,0,261000,-261000,-261000
053294,聯發科中信9C購01,0,0,0,0,0,0,0,0,0,-261000,0,0,0,203000,464000,-261000,-261000
059256,臺股指凱基99購34,0,0,0,0,0,0,0,0,0,-262000,0,0,0,42000,304000,-262000,-262000
3062,建漢            ,52000,312000,-260000,0,0,0,0,0,0,-2000,0,2000,-2000,0,0,0,-262000
2485,兆赫            ,22000,292000,-270000,0,0,0,0,0,0,7000,4000,0,4000,3000,0,3000,-263000
06893P,致新元富98售02  ,0,0,0,0,0,0,0,0,0,-263000,0,0,0,45000,308000,-263000,-263000
06624P,訊芯元大98售06  ,0,0,0,0,0,0,0,0,0,-264000,0,0,0,268000,532000,-264000,-264000
054698,同欣電永豐97購01,0,0,0,0,0,0,0,0,0,-266000,0,0,0,0,266000,-266000,-266000
5203,訊連            ,30000,280000,-250000,0,0,0,0,0,0,-16000,10000,2000,8000,0,24000,-24000,-266000
3563,牧德            ,61000,291000,-230000,0,0,0,0,0,0,-36000,24000,28000,-4000,10000,42000,-32000,-266000
063035,燿華凱基9B購02  ,0,0,0,0,0,0,0,0,0,-267000,0,0,0,3000,270000,-267000,-267000
062755,茂林麥證9B購01  ,0,0,0,0,270000,-270000,0,0,0,-270000,0,0,0,0,270000,-270000,-270000
1515,力山            ,409000,853000,-444000,0,0,0,316000,0,316000,-143000,52000,98000,-46000,119000,216000,-97000,-271000
055518,華新科中信99購01,0,0,0,0,0,0,0,0,0,-275000,0,0,0,0,275000,-275000,-275000
062987,祥碩中信01購01  ,0,0,0,0,0,0,0,0,0,-276000,0,0,0,9000,285000,-276000,-276000
058209,臺股指凱基01購01,0,0,0,0,0,0,0,0,0,-276000,0,0,0,486000,762000,-276000,-276000
059128,友達中信99購02  ,0,0,0,0,0,0,0,0,0,-276000,0,0,0,175000,451000,-276000,-276000
060890,大立光統一01購01,0,0,0,0,0,0,0,0,0,-277000,0,0,0,72000,349000,-277000,-277000
08009P,華擎統一9B售02  ,0,0,0,0,0,0,0,0,0,-277000,0,0,0,30000,307000,-277000,-277000
2442,新美齊          ,9000,285000,-276000,0,0,0,0,0,0,-1000,0,1000,-1000,0,0,0,-277000
055748,GIS元富97購01   ,0,0,0,0,0,0,0,0,0,-278000,0,0,0,181000,459000,-278000,-278000
062981,祥碩元富9B購01  ,0,0,0,0,0,0,0,0,0,-279000,0,0,0,90000,369000,-279000,-279000
062800,奇力新統一01購02,0,0,0,0,0,0,0,0,0,-279000,0,0,0,272000,551000,-279000,-279000
063057,祥碩統一03購01  ,0,0,0,0,0,0,0,0,0,-280000,0,0,0,0,280000,-280000,-280000
060758,台積電元大9A購19,0,0,0,0,0,0,0,0,0,-280000,0,0,0,46000,326000,-280000,-280000
3596,智易            ,264000,473000,-209000,0,0,0,0,0,0,-72000,6000,22000,-16000,1000,57000,-56000,-281000
4119,旭富            ,922000,1156000,-234000,0,0,0,0,0,0,-47000,31000,9000,22000,91000,160000,-69000,-281000
07672P,南電元大9A售05  ,0,0,0,0,0,0,0,0,0,-281000,0,0,0,0,281000,-281000,-281000
058951,南電群益99購01  ,0,0,0,0,0,0,0,0,0,-282000,0,0,0,81000,363000,-282000,-282000
1907,永豐餘          ,530000,813000,-283000,0,0,0,0,0,0,0,0,0,0,0,0,0,-283000
1526,日馳            ,317000,601000,-284000,0,0,0,0,0,0,0,0,0,0,0,0,0,-284000
056710,漢唐永豐98購01  ,0,0,0,0,0,0,0,0,0,-286000,0,0,0,72000,358000,-286000,-286000
1455,集盛            ,108000,394000,-286000,0,0,0,0,0,0,0,0,0,0,0,0,0,-286000
07643P,禾伸堂凱基9A售02,0,0,0,0,0,0,0,0,0,-286000,0,0,0,15000,301000,-286000,-286000
006205,富邦上証        ,0,0,0,0,0,0,0,0,0,-287000,0,10000,-10000,1097000,1374000,-277000,-287000
058877,T50反1國泰9B購01,0,0,0,0,0,0,0,0,0,-287000,0,0,0,120000,407000,-287000,-287000
063063,泰鼎元富9B購01  ,0,0,0,0,0,0,0,0,0,-288000,0,0,0,55000,343000,-288000,-288000
061095,台積電台新9B購03,0,0,0,0,0,0,0,0,0,-289000,0,0,0,10000,299000,-289000,-289000
062867,東元中信9B購01  ,0,0,0,0,0,0,0,0,0,-290000,0,0,0,50000,340000,-290000,-290000
8210,勤誠            ,122000,343000,-221000,0,0,0,0,7000,-7000,-62000,0,2000,-2000,1000,61000,-60000,-290000
053957,瑞昱永豐96購01  ,0,0,0,0,0,0,0,0,0,-291000,0,0,0,0,291000,-291000,-291000
058955,台積電國票9A購04,0,0,0,0,0,0,0,0,0,-291000,0,0,0,20000,311000,-291000,-291000
060596,元黃金凱基9A購02,0,0,0,0,0,0,0,0,0,-291000,0,0,0,65000,356000,-291000,-291000
2535,達欣工          ,0,315000,-315000,0,0,0,0,0,0,24000,24000,0,24000,0,0,0,-291000
2850,新產            ,0,291000,-291000,0,0,0,0,0,0,0,0,0,0,0,0,0,-291000
045842,T50反1台新98購01,0,0,0,0,0,0,0,0,0,-292000,0,0,0,0,292000,-292000,-292000
8028,昇陽半導體      ,77000,347000,-270000,0,0,0,0,0,0,-22000,0,1000,-1000,0,21000,-21000,-292000
07898P,國巨國泰9C售02  ,0,0,0,0,0,0,0,0,0,-293000,0,0,0,132000,425000,-293000,-293000
062127,台勝科統一01購02,0,0,0,0,0,0,0,0,0,-294000,0,0,0,0,294000,-294000,-294000
057723,臺股指元富98購02,0,0,0,0,0,0,0,0,0,-295000,0,0,0,0,295000,-295000,-295000
058495,元大金群益9B購01,0,0,0,0,0,0,0,0,0,-295000,0,0,0,302000,597000,-295000,-295000
05242P,群創國泰97售01  ,0,0,0,0,0,0,0,0,0,-297000,0,0,0,0,297000,-297000,-297000
2511,太子            ,3000,300000,-297000,0,0,0,0,0,0,0,0,0,0,0,0,0,-297000
06644P,亞德客元大98售03,0,0,0,0,0,0,0,0,0,-298000,0,0,0,2000,300000,-298000,-298000
060239,國揚元大9C購01  ,0,0,0,0,0,0,0,0,0,-298000,0,0,0,4000,302000,-298000,-298000
062070,金寶元大9B購01  ,0,0,0,0,0,0,0,0,0,-300000,0,0,0,5000,305000,-300000,-300000
056381,台虹元富98購01  ,0,0,0,0,0,0,0,0,0,-300000,0,0,0,0,300000,-300000,-300000
060225,S&P反1元大9A購02,0,0,0,0,0,0,0,0,0,-300000,0,0,0,1000,301000,-300000,-300000
056986,超眾群益98購03  ,0,0,0,0,0,0,0,0,0,-300000,0,0,0,13000,313000,-300000,-300000
08014P,微星凱基9B售02  ,0,0,0,0,0,0,0,0,0,-301000,0,0,0,15000,316000,-301000,-301000
058105,旺宏統一9A購02  ,0,0,0,0,0,0,0,0,0,-302000,0,0,0,70000,372000,-302000,-302000
05915P,聯發科元大96售19,0,0,0,0,0,0,0,0,0,-303000,0,0,0,10000,313000,-303000,-303000
06654P,欣興元大98售08  ,0,0,0,0,0,0,0,0,0,-304000,0,0,0,170000,474000,-304000,-304000
061948,美食群益9B購01  ,0,0,0,0,0,0,0,0,0,-304000,0,0,0,33000,337000,-304000,-304000
3704,合勤控          ,213000,431000,-218000,0,0,0,0,0,0,-86000,0,2000,-2000,93000,177000,-84000,-304000
062383,大立光國泰01購01,0,0,0,0,0,0,0,0,0,-305000,0,0,0,0,305000,-305000,-305000
054357,可成兆豐97購02  ,0,0,0,0,0,0,0,0,0,-305000,0,0,0,30000,335000,-305000,-305000
2601,益航            ,549000,855000,-306000,0,0,0,0,0,0,0,0,0,0,0,0,0,-306000
06089P,矽創永豐97售01  ,0,0,0,0,0,0,0,0,0,-307000,0,0,0,0,307000,-307000,-307000
2836,高雄銀          ,0,307000,-307000,0,0,0,0,0,0,0,0,0,0,0,0,0,-307000
3557,嘉威            ,214000,528000,-314000,0,0,0,0,0,0,7000,11000,4000,7000,0,0,0,-307000
2617,台航            ,40000,335000,-295000,0,0,0,0,0,0,-13000,0,13000,-13000,0,0,0,-308000
3023,信邦            ,191050,452391,-261341,0,0,0,0,8000,-8000,-40000,35000,21000,14000,3000,57000,-54000,-309341
060880,中壽中信9C購01  ,0,0,0,0,0,0,0,0,0,-310000,0,0,0,0,310000,-310000,-310000
06623P,立積元大98售04  ,0,0,0,0,0,0,0,0,0,-310000,0,0,0,29000,339000,-310000,-310000
062020,智伸科永豐9B購01,0,0,0,0,0,0,0,0,0,-312000,0,0,0,153000,465000,-312000,-312000
055874,中環元富9A購01  ,0,0,0,0,0,0,0,0,0,-313000,0,0,0,133000,446000,-313000,-313000
2106,建大            ,176000,490000,-314000,0,0,0,0,0,0,0,0,0,0,0,0,0,-314000
052004,泰碩國泰97購03  ,0,0,0,0,0,0,0,0,0,-315000,0,0,0,90000,405000,-315000,-315000
050014,國巨富邦98購01  ,0,0,0,0,0,0,0,0,0,-315000,0,0,0,0,315000,-315000,-315000
07863P,華新科凱基9B售07,0,0,0,0,0,0,0,0,0,-316000,0,0,0,5000,321000,-316000,-316000
07288P,台灣50凱基99售06,0,0,0,0,0,0,0,0,0,-316000,0,0,0,6000,322000,-316000,-316000
9934,成霖            ,3000,319000,-316000,0,0,0,0,0,0,0,0,0,0,0,0,0,-316000
2642,宅配通          ,781000,222000,559000,0,0,0,0,850000,-850000,-26000,1000,27000,-26000,0,0,0,-317000
07711P,世芯元大9A售07  ,0,0,0,0,0,0,0,0,0,-317000,0,0,0,47000,364000,-317000,-317000
06674P,祥碩群益98售02  ,0,0,0,0,0,0,0,0,0,-319000,0,0,0,82000,401000,-319000,-319000
062574,美食群益9B購02  ,0,0,0,0,0,0,0,0,0,-320000,0,0,0,87000,407000,-320000,-320000
054446,美食兆豐97購01  ,0,0,0,0,0,0,0,0,0,-320000,0,0,0,0,320000,-320000,-320000
058117,元石油群益9B購02,0,0,0,0,0,0,0,0,0,-320000,0,0,0,0,320000,-320000,-320000
3645,達邁            ,53000,372000,-319000,0,0,0,0,0,0,-2000,30000,32000,-2000,0,0,0,-321000
062229,南六統一9B購01  ,0,0,0,0,0,0,0,0,0,-322000,0,0,0,340000,662000,-322000,-322000
5519,隆大            ,0,322000,-322000,0,0,0,0,0,0,0,0,0,0,0,0,0,-322000
06593P,欣興元大98售05  ,0,0,0,0,0,0,0,0,0,-323000,0,0,0,10000,333000,-323000,-323000
062003,國巨國泰01購01  ,0,0,0,0,0,0,0,0,0,-323000,0,0,0,0,323000,-323000,-323000
4968,立積            ,720000,863000,-143000,0,0,0,0,66000,-66000,-114000,0,110000,-110000,48000,52000,-4000,-323000
07456P,華新科元大9A售06,0,0,0,0,0,0,0,0,0,-323000,0,0,0,223000,546000,-323000,-323000
07501P,華新科元大9A售07,0,0,0,0,0,0,0,0,0,-323000,0,0,0,5000,328000,-323000,-323000
03875P,滬深2X國票05售01,0,0,0,0,0,0,0,0,0,-326000,0,0,0,4000,330000,-326000,-326000
061201,FBVIX元大01購03 ,0,0,0,0,0,0,0,0,0,-327000,0,0,0,2000,329000,-327000,-327000
062049,亞德客統一01購01,0,0,0,0,0,0,0,0,0,-327000,0,0,0,1000,328000,-327000,-327000
056537,冠德凱基98購01  ,0,0,0,0,0,0,0,0,0,-327000,0,0,0,3000,330000,-327000,-327000
07708P,玉晶光元大9A售13,0,0,0,0,0,0,0,0,0,-327000,0,0,0,3000,330000,-327000,-327000
060416,神隆永豐9A購01  ,0,0,0,0,0,0,0,0,0,-330000,0,0,0,25000,355000,-330000,-330000
07791P,奇鋐元大9A售02  ,0,0,0,0,0,0,0,0,0,-330000,0,0,0,15000,345000,-330000,-330000
4564,元翎            ,7000,328000,-321000,0,0,0,0,0,0,-10000,0,0,0,0,10000,-10000,-331000
6552,易華電          ,70000,355000,-285000,0,0,0,0,0,0,-47000,0,1000,-1000,0,46000,-46000,-332000
1201,味全            ,6000,328000,-322000,0,0,0,0,0,0,-10000,0,0,0,0,10000,-10000,-332000
062214,金寶統一01購01  ,0,0,0,0,0,0,0,0,0,-334000,0,0,0,129000,463000,-334000,-334000
00730,富邦臺灣優質高息,0,0,0,0,0,0,0,0,0,-335000,0,0,0,310000,645000,-335000,-335000
07804P,美律永豐9A售02  ,0,0,0,0,0,0,0,0,0,-335000,0,0,0,0,335000,-335000,-335000
3038,全台            ,1488000,1757000,-269000,0,0,0,0,156000,-156000,90000,207000,117000,90000,0,0,0,-335000
2395,研華            ,231549,561953,-330404,0,0,0,0,0,0,-5000,0,5000,-5000,0,0,0,-335404
1711,永光            ,67000,404000,-337000,0,0,0,0,0,0,0,0,0,0,0,0,0,-337000
2603,長榮            ,1724000,4535000,-2811000,0,0,0,2002000,188000,1814000,659000,804000,145000,659000,0,0,0,-338000
063114,南電兆豐9B購01  ,0,0,0,0,0,0,0,0,0,-340000,0,0,0,0,340000,-340000,-340000
1611,中電            ,4000,331000,-327000,0,0,0,0,0,0,-14000,0,14000,-14000,0,0,0,-341000
06933P,禾伸堂元大98售03,0,0,0,0,0,0,0,0,0,-341000,0,0,0,100000,441000,-341000,-341000
062234,廣達凱基9B購01  ,0,0,0,0,0,0,0,0,0,-345000,0,0,0,253000,598000,-345000,-345000
6168,宏齊            ,213000,560000,-347000,0,0,0,0,0,0,1000,2000,1000,1000,0,0,0,-346000
06857P,超眾永豐98售02  ,0,0,0,0,0,0,0,0,0,-349000,0,0,0,157000,506000,-349000,-349000
061612,南六統一9A購01  ,0,0,0,0,0,0,0,0,0,-351000,0,0,0,1220000,1571000,-351000,-351000
061439,寶成凱基9A購01  ,0,0,0,0,0,0,0,0,0,-351000,0,0,0,443000,794000,-351000,-351000
2426,鼎元            ,46000,368000,-322000,0,0,0,0,0,0,-32000,0,32000,-32000,0,0,0,-354000
2606,裕民            ,203000,559000,-356000,0,0,0,0,0,0,0,0,0,0,0,0,0,-356000
5521,工信            ,59000,415000,-356000,0,0,0,0,0,0,0,0,0,0,0,0,0,-356000
9917,中保科          ,62000,484000,-422000,0,0,0,0,0,0,66000,66000,0,66000,0,0,0,-356000
4532,瑞智            ,38000,396000,-358000,0,0,0,0,0,0,0,0,0,0,0,0,0,-358000
2855,統一證          ,41000,399000,-358000,0,0,0,0,0,0,0,0,0,0,0,0,0,-358000
06405P,億光元富97售02  ,0,0,0,0,0,0,0,0,0,-359000,0,0,0,0,359000,-359000,-359000
6452,康友-KY         ,118000,415000,-297000,0,0,0,0,0,0,-62000,0,0,0,3000,65000,-62000,-359000
2905,三商            ,55000,415000,-360000,0,0,0,0,0,0,0,0,0,0,0,0,0,-360000
060931,GIS永豐9A購01   ,0,0,0,0,0,0,0,0,0,-362000,0,0,0,45000,407000,-362000,-362000
053573,臺股指統一99購01,0,0,0,0,0,0,0,0,0,-362000,0,0,0,1057000,1419000,-362000,-362000
060557,南電凱基9A購02  ,0,0,0,0,0,0,0,0,0,-363000,0,0,0,71000,434000,-363000,-363000
8163,達方            ,151000,496000,-345000,0,0,0,0,0,0,-18000,0,0,0,0,18000,-18000,-363000
07976P,聯發科群益9C售02,0,0,0,0,0,0,0,0,0,-363000,0,0,0,234000,597000,-363000,-363000
07786P,南電中信9C售01  ,0,0,0,0,0,0,0,0,0,-364000,0,0,0,10000,374000,-364000,-364000
2208,台船            ,61000,427000,-366000,0,0,0,0,0,0,0,0,0,0,0,0,0,-366000
2903,遠百            ,129000,491000,-362000,0,0,0,0,0,0,-4000,0,4000,-4000,0,0,0,-366000
2204,中華            ,224000,604400,-380400,0,0,0,0,0,0,14000,14000,0,14000,0,0,0,-366400
057523,大成鋼元大99購01,0,0,0,0,0,0,0,0,0,-367000,0,0,0,96000,463000,-367000,-367000
07837P,華邦電元大9A售01,0,0,0,0,0,0,0,0,0,-367000,0,0,0,10000,377000,-367000,-367000
2467,志聖            ,345000,714000,-369000,0,0,0,0,0,0,0,1000,1000,0,0,0,0,-369000
5531,鄉林            ,0,358000,-358000,0,0,0,0,0,0,-11000,1000,12000,-11000,0,0,0,-369000
8464,億豐            ,168041,541000,-372959,0,0,0,15000,0,15000,-12000,1000,1000,0,0,12000,-12000,-369959
062512,美食國票9B購01  ,0,0,0,0,0,0,0,0,0,-370000,0,0,0,48000,418000,-370000,-370000
2402,毅嘉            ,27000,395000,-368000,0,0,0,0,0,0,-2000,0,2000,-2000,0,0,0,-370000
2406,國碩            ,261000,631000,-370000,0,0,0,0,0,0,-2000,0,2000,-2000,0,0,0,-372000
059807,大立光元富99購09,57000,0,57000,0,0,0,0,0,0,-430000,0,0,0,3000,433000,-430000,-373000
057475,聯電元大9A購01  ,0,0,0,0,0,0,0,0,0,-373000,0,0,0,644000,1017000,-373000,-373000
8131,福懋科          ,12000,383000,-371000,0,0,0,0,0,0,-2000,0,2000,-2000,0,0,0,-373000
2328,廣宇            ,35000,439000,-404000,0,0,0,0,0,0,29000,38000,9000,29000,0,0,0,-375000
054771,茂林國票98購02  ,0,0,0,0,0,0,0,0,0,-377000,0,0,0,78000,455000,-377000,-377000
2441,超豐            ,8000,380000,-372000,0,0,0,1000,0,1000,-7000,0,7000,-7000,0,0,0,-378000
05999P,世芯元大96售01  ,0,0,0,0,0,0,0,0,0,-380000,0,0,0,0,380000,-380000,-380000
057104,康友中信99購01  ,0,0,0,0,0,0,0,0,0,-380000,0,0,0,0,380000,-380000,-380000
058753,元石油群益9B購03,0,0,0,0,0,0,0,0,0,-380000,0,0,0,0,380000,-380000,-380000
07503P,禾伸堂元大9A售01,0,0,0,0,0,0,0,0,0,-380000,0,0,0,53000,433000,-380000,-380000
6202,盛群            ,46000,422000,-376000,0,0,0,0,0,0,-5000,0,2000,-2000,2000,5000,-3000,-381000
4919,新唐            ,113000,509000,-396000,0,0,0,0,0,0,15000,0,2000,-2000,32000,15000,17000,-381000
07683P,宏達電凱基9A售03,0,0,0,0,0,0,0,0,0,-382000,0,0,0,0,382000,-382000,-382000
1307,三芳            ,303000,686000,-383000,0,0,0,0,0,0,0,0,0,0,0,0,0,-383000
062392,國巨富邦02購01  ,0,0,0,0,0,0,0,0,0,-385000,0,0,0,150000,535000,-385000,-385000
058127,FBVIX元大9C購01 ,0,0,0,0,0,0,0,0,0,-385000,0,0,0,15000,400000,-385000,-385000
2049,上銀            ,332000,705000,-373000,0,0,0,5000,0,5000,-17000,72000,65000,7000,1000,25000,-24000,-385000
00634R,富邦上証反1     ,103000,240000,-137000,0,0,0,0,0,0,-248195,0,0,0,1180000,1428195,-248195,-385195
3005,神基            ,18000,639000,-621000,0,0,0,0,0,0,234000,88000,3000,85000,156000,7000,149000,-387000
8105,凌巨            ,30000,416000,-386000,0,0,0,0,0,0,-1000,0,1000,-1000,0,0,0,-387000
061647,南六元大9A購03  ,0,0,0,0,0,0,0,0,0,-388000,0,0,0,160000,548000,-388000,-388000
057740,茂林富邦9A購01  ,0,0,0,0,0,0,0,0,0,-389000,0,0,0,101000,490000,-389000,-389000
07746P,華新科凱基9A售11,0,0,0,0,0,0,0,0,0,-389000,0,0,0,13000,402000,-389000,-389000
2615,萬海            ,6000,686000,-680000,0,0,0,290000,0,290000,0,0,0,0,0,0,0,-390000
2207,和泰車          ,127958,494000,-366042,0,0,0,0,18000,-18000,-7000,0,7000,-7000,0,0,0,-391042
00636,國泰中國A50     ,600,4000,-3400,0,0,0,0,0,0,-390000,0,0,0,146000,536000,-390000,-393400
062228,南六統一02購01  ,0,0,0,0,0,0,0,0,0,-394000,0,0,0,52000,446000,-394000,-394000
058795,可成元大99購03  ,0,0,0,0,0,0,0,0,0,-394000,0,0,0,0,394000,-394000,-394000
8271,宇瞻            ,713000,1163000,-450000,0,0,0,0,0,0,56000,57000,1000,56000,0,0,0,-394000
9939,宏全            ,41000,499000,-458000,0,0,0,0,0,0,64000,111000,16000,95000,0,31000,-31000,-394000
062542,南電國泰9C購01  ,0,0,0,0,0,0,0,0,0,-395000,0,0,0,141000,536000,-395000,-395000
2501,國建            ,22000,418000,-396000,0,0,0,0,0,0,0,0,0,0,0,0,0,-396000
059931,緯穎富邦9A購01  ,0,0,0,0,0,0,0,0,0,-397000,0,0,0,10000,407000,-397000,-397000
8021,尖點            ,101000,500000,-399000,0,0,0,0,0,0,0,0,0,0,0,0,0,-399000
055101,台肥凱基97購01  ,0,0,0,0,0,0,0,0,0,-400000,0,0,0,0,400000,-400000,-400000
060833,道瓊反國票9A購01,0,0,0,0,0,0,0,0,0,-401000,0,0,0,0,401000,-401000,-401000
1319,東陽            ,315000,730000,-415000,0,0,0,0,0,0,14000,51000,35000,16000,0,2000,-2000,-401000
06765P,欣興元大98售11  ,0,0,0,0,0,0,0,0,0,-403000,0,0,0,15000,418000,-403000,-403000
058886,元石油元大9C購03,0,0,0,0,0,0,0,0,0,-403000,0,0,0,0,403000,-403000,-403000
061967,旺宏統一01購04  ,0,0,0,0,0,0,0,0,0,-404000,0,0,0,49000,453000,-404000,-404000
06991P,矽創群益99售01  ,0,0,0,0,0,0,0,0,0,-405000,0,0,0,40000,445000,-405000,-405000
063050,葡萄王統一01購01,0,0,0,0,0,0,0,0,0,-407000,0,0,0,0,407000,-407000,-407000
057347,國巨統一9A購03  ,0,0,0,0,0,0,0,0,0,-410000,0,0,0,140000,550000,-410000,-410000
062488,台光電永豐9B購02,0,0,0,0,0,0,0,0,0,-411000,0,0,0,593000,1004000,-411000,-411000
1609,大亞            ,69000,482000,-413000,0,0,0,0,0,0,0,0,0,0,0,0,0,-413000
2369,菱生            ,76000,487000,-411000,0,0,0,0,0,0,-2000,0,2000,-2000,0,0,0,-413000
062709,帆宣元大9B購01  ,0,0,0,0,0,0,0,0,0,-416000,0,0,0,456000,872000,-416000,-416000
1103,嘉泥            ,111000,529000,-418000,0,0,0,0,0,0,0,0,0,0,0,0,0,-418000
060861,漢唐永豐9A購01  ,0,0,0,0,0,0,0,0,0,-420000,0,0,0,7000,427000,-420000,-420000
03604P,群創凱基98售05  ,0,0,0,0,0,0,0,0,0,-420000,0,0,0,0,420000,-420000,-420000
07750P,台表科凱基9A售04,0,0,0,0,0,0,0,0,0,-422000,0,0,0,12000,434000,-422000,-422000
053919,可成國票97購02  ,0,0,0,0,0,0,0,0,0,-423000,0,0,0,0,423000,-423000,-423000
059618,台積電日盛99購01,0,0,0,0,0,0,0,0,0,-423000,0,0,0,31000,454000,-423000,-423000
061188,大成鋼富邦9B購01,0,0,0,0,0,0,0,0,0,-426000,0,0,0,211000,637000,-426000,-426000
8215,明基材          ,30000,457000,-427000,0,0,0,0,0,0,-2000,0,2000,-2000,0,0,0,-429000
020016,統一MSCI美科技N ,0,0,0,0,0,0,0,0,0,-430000,0,0,0,3000,433000,-430000,-430000
2457,飛宏            ,1000,428000,-427000,0,0,0,0,0,0,-3000,0,3000,-3000,0,0,0,-430000
6191,精成科          ,15000,442000,-427000,0,0,0,0,0,0,-3000,0,3000,-3000,0,0,0,-430000
07646P,世芯元大9A售04  ,0,0,0,0,0,0,0,0,0,-432000,0,0,0,99000,531000,-432000,-432000
07648P,祥碩國票9B售01  ,0,0,0,0,0,0,0,0,0,-433000,0,0,0,73000,506000,-433000,-433000
8213,志超            ,32000,465000,-433000,0,0,0,0,0,0,-1000,0,1000,-1000,0,0,0,-434000
07658P,國泰金凱基9A售01,0,0,0,0,0,0,0,0,0,-437000,0,0,0,0,437000,-437000,-437000
061152,微星群益9A購01  ,0,0,0,0,0,0,0,0,0,-438000,0,0,0,127000,565000,-438000,-438000
055049,智邦永豐97購01  ,0,0,0,0,0,0,0,0,0,-438000,0,0,0,12000,450000,-438000,-438000
07022P,嘉晶永豐99售02  ,0,0,0,0,0,0,0,0,0,-438000,0,0,0,50000,488000,-438000,-438000
1464,得力            ,161000,588000,-427000,0,0,0,0,0,0,-14000,0,0,0,4000,18000,-14000,-441000
055569,聚陽統一98購01  ,0,0,0,0,0,0,0,0,0,-442000,0,0,0,4000,446000,-442000,-442000
07026P,超眾凱基99售03  ,0,0,0,0,0,0,0,0,0,-442000,0,0,0,56000,498000,-442000,-442000
060093,友達元大03購01  ,0,0,0,0,0,0,0,0,0,-443000,0,0,0,91000,534000,-443000,-443000
1308,亞聚            ,47000,490000,-443000,0,0,0,0,0,0,0,0,0,0,0,0,0,-443000
03050X,元展47          ,0,0,0,0,0,0,0,0,0,-447000,0,0,0,20000,467000,-447000,-447000
060347,大立光統一02購01,0,0,0,0,0,0,0,0,0,-447000,0,0,0,0,447000,-447000,-447000
062748,祥碩永豐9B購02  ,0,0,0,0,0,0,0,0,0,-450000,0,0,0,1000,451000,-450000,-450000
07442P,華航康和9A售02  ,0,0,0,0,0,0,0,0,0,-450000,0,0,0,0,450000,-450000,-450000
00672L,元大S&P原油正2  ,0,200000,-200000,0,0,0,0,0,0,-252000,0,0,0,150000,402000,-252000,-452000
06059P,泰碩元大97售02  ,0,0,0,0,0,0,0,0,0,-453000,0,0,0,61000,514000,-453000,-453000
07802P,瑞昱永豐9A售03  ,0,0,0,0,0,0,0,0,0,-453000,0,0,0,8000,461000,-453000,-453000
058587,台積電中信9C購03,0,0,0,0,0,0,0,0,0,-454000,0,0,0,0,454000,-454000,-454000
00664R,國泰臺灣加權反1 ,0,0,0,0,0,0,0,0,0,-455000,0,0,0,2565000,3020000,-455000,-455000
062921,GIS元大9B購01   ,0,0,0,0,0,0,0,0,0,-456000,0,0,0,386000,842000,-456000,-456000
053929,正文國票97購01  ,0,0,0,0,0,0,0,0,0,-460000,0,0,0,0,460000,-460000,-460000
058586,鴻海中信01購02  ,0,0,0,0,0,0,0,0,0,-461000,0,0,0,0,461000,-461000,-461000
060346,華新科統一01購01,0,0,0,0,0,0,0,0,0,-466000,0,0,0,39000,505000,-466000,-466000
058397,大成鋼元大99購02,0,0,0,0,0,0,0,0,0,-468000,0,0,0,29000,497000,-468000,-468000
056586,光罩統一98購02  ,0,0,0,0,0,0,0,0,0,-469000,0,0,0,0,469000,-469000,-469000
060284,南港元大01購01  ,0,0,0,0,0,0,0,0,0,-470000,0,0,0,0,470000,-470000,-470000
3406,玉晶光          ,422000,681000,-259000,0,0,0,0,79000,-79000,-133000,273000,351000,-78000,8000,63000,-55000,-471000
057197,立積台新98購01  ,0,0,0,0,0,0,0,0,0,-473000,0,0,0,1000,474000,-473000,-473000
5264,鎧勝-KY         ,120000,591000,-471000,0,0,0,0,0,0,-2000,0,1000,-1000,0,1000,-1000,-473000
2455,全新            ,560000,814000,-254000,0,0,0,0,0,0,-219000,4000,148000,-144000,10000,85000,-75000,-473000
03566P,臺股指日盛03售01,0,0,0,0,0,0,0,0,0,-476000,0,0,0,0,476000,-476000,-476000
061682,南電元大9B購01  ,0,0,0,0,0,0,0,0,0,-478000,0,0,0,0,478000,-478000,-478000
055424,聚陽群益98購01  ,0,0,0,0,0,0,0,0,0,-478000,0,0,0,10000,488000,-478000,-478000
059259,FBVIX中信03購06 ,10000,0,10000,0,0,0,0,0,0,-489000,0,0,0,89000,578000,-489000,-479000
6451,訊芯-KY         ,96000,557000,-461000,0,0,0,0,0,0,-19000,4000,1000,3000,6000,28000,-22000,-480000
061663,南六永豐9A購05  ,0,0,0,0,0,0,0,0,0,-486000,0,0,0,67000,553000,-486000,-486000
057278,可成元大98購06  ,0,0,0,0,0,0,0,0,0,-487000,0,0,0,194000,681000,-487000,-487000
055902,同欣電中信99購01,0,0,0,0,0,0,0,0,0,-488000,0,0,0,330000,818000,-488000,-488000
00830,國泰費城半導體  ,4000,3000,1000,0,0,0,0,0,0,-489000,0,0,0,91000,580000,-489000,-488000
053564,台積電富邦99購01,0,0,0,0,0,0,0,0,0,-490000,0,0,0,0,490000,-490000,-490000
051541,GIS國票96購02   ,0,0,0,0,0,0,0,0,0,-490000,0,0,0,0,490000,-490000,-490000
6226,光鼎            ,66000,557000,-491000,0,0,0,0,0,0,0,1000,1000,0,0,0,0,-491000
1904,正隆            ,1545000,1809000,-264000,0,0,0,0,0,0,-228000,0,4000,-4000,46000,270000,-224000,-492000
08080P,祥碩國票9B售03  ,0,0,0,0,0,0,0,0,0,-495000,0,0,0,0,495000,-495000,-495000
6288,聯嘉            ,94000,591000,-497000,0,0,0,0,0,0,2000,2000,0,2000,0,0,0,-495000
061024,南電國泰9B購01  ,0,0,0,0,0,0,0,0,0,-496000,0,0,0,401000,897000,-496000,-496000
06398P,禾伸堂凱基97售02,0,0,0,0,0,0,0,0,0,-500000,0,0,0,0,500000,-500000,-500000
054738,聯發科凱基97購01,0,0,0,0,0,0,0,0,0,-500000,0,0,0,0,500000,-500000,-500000
07634P,金像電元大9A售01,0,0,0,0,0,0,0,0,0,-500000,0,0,0,403000,903000,-500000,-500000
059685,T50正2永豐99購02,0,0,0,0,0,0,0,0,0,-504000,0,0,0,0,504000,-504000,-504000
055425,聚陽群益99購01  ,0,0,0,0,0,0,0,0,0,-504000,0,0,0,5000,509000,-504000,-504000
061915,T50反1凱基02購02,0,0,0,0,0,0,0,0,0,-508000,0,0,0,882000,1390000,-508000,-508000
060449,元金2X元大9A購02,0,0,0,0,0,0,0,0,0,-509000,0,0,0,20000,529000,-509000,-509000
061775,臺指反國票9B購04,0,0,0,0,0,0,0,0,0,-510000,0,0,0,0,510000,-510000,-510000
061056,臺指反國票02購01,0,0,0,0,0,0,0,0,0,-510000,0,0,0,0,510000,-510000,-510000
4536,拓凱            ,94000,516000,-422000,0,0,0,1000,177000,-176000,88000,100000,10000,90000,0,2000,-2000,-510000
2478,大毅            ,448000,758000,-310000,0,0,0,0,0,0,-200000,16000,9000,7000,5000,212000,-207000,-510000
061552,南六群益9A購02  ,0,0,0,0,0,0,0,0,0,-511000,0,0,0,184000,695000,-511000,-511000
061899,復盛永豐9B購01  ,0,0,0,0,0,0,0,0,0,-512000,0,0,0,32000,544000,-512000,-512000
054710,東元元富97購01  ,0,0,0,0,0,0,0,0,0,-514000,0,0,0,89000,603000,-514000,-514000
055338,GIS兆豐97購01   ,0,0,0,0,0,0,0,0,0,-518000,0,0,0,20000,538000,-518000,-518000
2634,漢翔            ,177000,649000,-472000,0,0,0,1000,0,1000,-50000,0,0,0,0,50000,-50000,-521000
2809,京城銀          ,222000,745000,-523000,0,0,0,1000,0,1000,0,0,0,0,0,0,0,-522000
07825P,健策國泰9B售04  ,0,0,0,0,0,0,0,0,0,-523000,0,0,0,240000,763000,-523000,-523000
058263,大成鋼永豐99購01,0,0,0,0,0,0,0,0,0,-524000,0,0,0,0,524000,-524000,-524000
2838,聯邦銀          ,2000,530000,-528000,0,0,0,0,0,0,0,0,0,0,0,0,0,-528000
058380,臺股指凱基99購15,0,0,0,0,0,0,0,0,0,-531000,0,0,0,0,531000,-531000,-531000
3380,明泰            ,180000,626000,-446000,0,0,0,0,0,0,-86000,121000,14000,107000,91000,284000,-193000,-532000
2547,日勝生          ,62000,598000,-536000,0,0,0,0,0,0,0,0,0,0,0,0,0,-536000
1519,華城            ,41000,391000,-350000,0,0,0,0,186000,-186000,0,0,0,0,0,0,0,-536000
4934,太極            ,225000,763000,-538000,0,0,0,0,0,0,0,0,0,0,0,0,0,-538000
3653,健策            ,80000,578000,-498000,0,0,0,90000,0,90000,-131000,2000,28000,-26000,43000,148000,-105000,-539000
1476,儒鴻            ,1095000,1653000,-558000,0,0,0,41000,0,41000,-22000,85000,51000,34000,9000,65000,-56000,-539000
055809,T50反1國票98購02,0,0,0,0,0,0,0,0,0,-544000,0,0,0,16000,560000,-544000,-544000
060965,中租凱基9B購01  ,0,0,0,0,0,0,0,0,0,-545000,0,0,0,45000,590000,-545000,-545000
062097,台光電永豐9B購01,0,0,0,0,0,0,0,0,0,-546000,0,0,0,308000,854000,-546000,-546000
06434P,超眾群益98售02  ,0,0,0,0,0,0,0,0,0,-547000,0,0,0,213000,760000,-547000,-547000
055891,鴻海統一9A購01  ,0,0,0,0,0,0,0,0,0,-548000,0,0,0,0,548000,-548000,-548000
059176,臺股指凱基99購27,0,0,0,0,0,0,0,0,0,-548000,0,0,0,0,548000,-548000,-548000
058768,南港兆豐99購01  ,0,0,0,0,0,0,0,0,0,-548000,0,0,0,1000,549000,-548000,-548000
057656,大成鋼兆豐98購01,0,0,0,0,0,0,0,0,0,-550000,0,0,0,50000,600000,-550000,-550000
3189,景碩            ,1596000,1986000,-390000,0,0,0,50000,0,50000,-211000,38000,93000,-55000,5000,161000,-156000,-551000
2456,奇力新          ,450000,805000,-355000,0,0,0,0,0,0,-196000,11000,36000,-25000,34000,205000,-171000,-551000
1712,興農            ,16000,569000,-553000,0,0,0,0,0,0,0,0,0,0,0,0,0,-553000
00648R,元大S&P500反1   ,58000,0,58000,0,0,0,0,0,0,-612000,0,0,0,236000,848000,-612000,-554000
2383,台光電          ,307400,1602000,-1294600,0,0,0,1028000,0,1028000,-288000,204000,206000,-2000,60000,346000,-286000,-554600
2915,潤泰全          ,591000,1243000,-652000,0,0,0,0,0,0,97000,19000,28000,-9000,122000,16000,106000,-555000
07457P,宏達電元大9A售01,0,0,0,0,0,0,0,0,0,-557000,0,0,0,0,557000,-557000,-557000
1714,和桐            ,239000,797000,-558000,0,0,0,0,0,0,0,0,0,0,0,0,0,-558000
062230,緯穎統一01購01  ,0,0,0,0,0,0,0,0,0,-559000,0,0,0,123000,682000,-559000,-559000
00652,富邦印度        ,0,0,0,0,0,0,0,0,0,-559000,0,0,0,47000,606000,-559000,-559000
056584,鴻海統一9B購01  ,0,0,0,0,0,0,0,0,0,-560000,0,0,0,83000,643000,-560000,-560000
061169,GIS兆豐9A購01   ,0,0,0,0,0,0,0,0,0,-563000,0,0,0,224000,787000,-563000,-563000
062102,T50反1國票9B購07,0,0,0,0,0,0,0,0,0,-568000,0,0,0,2000,570000,-568000,-568000
3048,益登            ,184000,774000,-590000,0,0,0,0,0,0,18000,20000,2000,18000,0,0,0,-572000
1710,東聯            ,241000,819000,-578000,0,0,0,0,0,0,0,0,0,0,0,0,0,-578000
055763,鎧勝群益97購01  ,0,0,0,0,0,0,0,0,0,-580000,0,0,0,50000,630000,-580000,-580000
3019,亞光            ,114000,558000,-444000,0,0,0,0,0,0,-136000,4000,108000,-104000,5000,37000,-32000,-580000
051849,旺宏中信98購01  ,0,0,0,0,0,0,0,0,0,-582000,0,0,0,274000,856000,-582000,-582000
1905,華紙            ,102000,685000,-583000,0,0,0,0,0,0,0,0,0,0,0,0,0,-583000
2023,燁輝            ,14000,603000,-589000,0,0,0,0,0,0,0,0,0,0,0,0,0,-589000
8016,矽創            ,220000,721000,-501000,0,0,0,0,0,0,-94000,7000,1000,6000,6000,106000,-100000,-595000
059497,滬深2X元富9C購05,0,0,0,0,0,0,0,0,0,-600000,0,0,0,0,600000,-600000,-600000
060413,東元永豐9A購01  ,0,0,0,0,0,0,0,0,0,-600000,0,0,0,0,600000,-600000,-600000
06727P,台光電元大98售05,0,0,0,0,0,0,0,0,0,-601000,0,0,0,0,601000,-601000,-601000
2388,威盛            ,30000,631000,-601000,0,0,0,0,0,0,0,0,0,0,0,0,0,-601000
2342,茂矽            ,1142000,1745000,-603000,0,0,0,0,0,0,-1000,0,1000,-1000,0,0,0,-604000
00675L,富邦臺灣加權正2 ,22000,586000,-564000,0,0,0,0,0,0,-41000,0,0,0,72000,113000,-41000,-605000
061275,臺股指凱基9A購25,0,0,0,0,0,0,0,0,0,-609000,0,0,0,129000,738000,-609000,-609000
4960,誠美材          ,44000,642000,-598000,0,0,0,0,0,0,-11000,0,11000,-11000,0,0,0,-609000
1444,力麗            ,77000,687000,-610000,0,0,0,0,0,0,0,0,0,0,0,0,0,-610000
05692P,聯發科中信9A售02,0,0,0,0,0,0,0,0,0,-612000,0,0,0,721000,1333000,-612000,-612000
1434,福懋            ,423000,1038000,-615000,0,0,0,1000,0,1000,0,0,0,0,0,0,0,-614000
4956,光鋐            ,217000,832000,-615000,0,0,0,0,0,0,0,0,0,0,0,0,0,-615000
6285,啟碁            ,80000,529000,-449000,0,0,0,0,126000,-126000,-40000,6000,12000,-6000,0,34000,-34000,-615000
06684P,緯穎元大98售06  ,0,0,0,0,0,0,0,0,0,-616000,0,0,0,0,616000,-616000,-616000
07536P,華新科元富9A售04,0,0,0,0,0,0,0,0,0,-617000,0,0,0,162000,779000,-617000,-617000
2357,華碩            ,461784,1162033,-700249,0,0,0,0,0,0,70000,50000,6000,44000,26000,0,26000,-630249
2355,敬鵬            ,49000,646000,-597000,0,0,0,0,0,0,-34000,0,12000,-12000,0,22000,-22000,-631000
051847,香港反中信99購01,0,0,0,0,0,0,0,0,0,-637000,0,0,0,0,637000,-637000,-637000
08852P,台灣50台新01售01,0,0,0,0,0,0,0,0,0,-639000,0,0,0,1000,640000,-639000,-639000
038489,T50反1台新9A購01,0,0,0,0,0,0,0,0,0,-640000,0,0,0,0,640000,-640000,-640000
2107,厚生            ,40000,681000,-641000,0,0,0,0,0,0,0,0,0,0,0,0,0,-641000
9938,百和            ,500000,732000,-232000,0,0,0,0,256000,-256000,-156000,7000,2000,5000,35000,196000,-161000,-644000
062016,美食永豐9B購01  ,0,0,0,0,0,0,0,0,0,-656000,0,0,0,108000,764000,-656000,-656000
3703,欣陸            ,9000,757000,-748000,0,0,0,0,0,0,88000,0,0,0,88000,0,88000,-660000
054682,東元永豐97購01  ,0,0,0,0,0,0,0,0,0,-662000,0,0,0,0,662000,-662000,-662000
8039,台虹            ,29000,659000,-630000,0,0,0,0,0,0,-33000,2000,14000,-12000,0,21000,-21000,-663000
00752,中信中國50      ,7000,2000,5000,0,0,0,0,0,0,-678000,0,0,0,560000,1238000,-678000,-673000
061483,TPK元大9A購01   ,0,0,0,0,0,0,0,0,0,-679000,0,0,0,156000,835000,-679000,-679000
060831,T50反1國票9B購03,0,0,0,0,0,0,0,0,0,-685000,0,0,0,10000,695000,-685000,-685000
08061P,大毅國票9B售04  ,2000,0,2000,0,0,0,0,0,0,-687000,0,0,0,0,687000,-687000,-685000
3036,文曄            ,12000,674000,-662000,0,0,0,0,0,0,-33000,5000,37000,-32000,7000,8000,-1000,-695000
059559,T50反1凱基99購07,0,0,0,0,0,0,0,0,0,-701000,0,0,0,0,701000,-701000,-701000
5522,遠雄            ,60000,766000,-706000,0,0,0,0,0,0,5000,5000,0,5000,0,0,0,-701000
00693U,街口S&P黃豆     ,65000,68000,-3000,0,0,0,0,0,0,-700000,0,0,0,0,700000,-700000,-703000
060023,T50反1國泰9A購03,0,0,0,0,0,0,0,0,0,-708000,0,0,0,61000,769000,-708000,-708000
061411,T50反1群益9A購05,0,0,0,0,0,0,0,0,0,-711000,0,0,0,537000,1248000,-711000,-711000
3026,禾伸堂          ,256000,865000,-609000,0,0,0,0,0,0,-107000,0,31000,-31000,4000,80000,-76000,-716000
2101,南港            ,148000,936000,-788000,0,0,0,0,0,0,71000,0,0,0,97000,26000,71000,-717000
3049,和鑫            ,584000,1328000,-744000,0,0,0,0,0,0,25000,0,5000,-5000,37000,7000,30000,-719000
061283,智邦統一9A購01  ,0,0,0,0,0,0,0,0,0,-721000,0,0,0,564000,1285000,-721000,-721000
2392,正崴            ,68000,833000,-765000,0,0,0,0,0,0,42000,54000,1000,53000,4000,15000,-11000,-723000
9958,世紀鋼          ,225000,801000,-576000,0,0,0,0,0,0,-149000,26000,90000,-64000,54000,139000,-85000,-725000
6120,達運            ,59000,783000,-724000,0,0,0,0,0,0,-2000,0,2000,-2000,0,0,0,-726000
053118,大立光中信9C購01,0,0,0,0,0,0,0,0,0,-732000,0,0,0,0,732000,-732000,-732000
03680C,臺股指凱基9A牛26,0,0,0,0,0,0,0,0,0,-741000,0,0,0,695000,1436000,-741000,-741000
1227,佳格            ,206404,978000,-771596,0,0,0,0,21000,-21000,46000,46000,0,46000,0,0,0,-746596
060561,台積電富邦04購01,0,0,0,0,0,0,0,0,0,-748000,0,0,0,43000,791000,-748000,-748000
2448,晶電            ,2964000,3739000,-775000,0,0,0,200000,0,200000,-179000,791000,970000,-179000,0,0,0,-754000
062288,南六群益9B購01  ,0,0,0,0,0,0,0,0,0,-755000,0,0,0,115000,870000,-755000,-755000
9907,統一實          ,21000,782000,-761000,0,0,0,0,0,0,0,0,0,0,0,0,0,-761000
061092,可成統一9C購02  ,0,0,0,0,0,0,0,0,0,-770000,0,0,0,0,770000,-770000,-770000
00766L,台新MSCI中國正2 ,0,0,0,0,0,0,0,0,0,-770000,0,0,0,58000,828000,-770000,-770000
2493,揚博            ,160000,972000,-812000,0,0,0,0,0,0,36000,37000,1000,36000,0,0,0,-776000
2897,王道銀行        ,0,777000,-777000,0,0,0,1000,0,1000,0,0,0,0,0,0,0,-776000
058210,臺股指凱基9C購04,0,0,0,0,0,0,0,0,0,-786000,0,0,0,8000,794000,-786000,-786000
00753L,中信中國50正2   ,0,0,0,0,0,0,0,0,0,-814000,0,0,0,223000,1037000,-814000,-814000
058054,台積電統一9C購01,0,0,0,0,0,0,0,0,0,-814000,0,0,0,115000,929000,-814000,-814000
2841,台開            ,118000,936000,-818000,0,0,0,0,0,0,1000,1000,0,1000,0,0,0,-817000
3443,創意            ,157000,817000,-660000,0,0,0,0,0,0,-162000,7000,20000,-13000,17000,166000,-149000,-822000
9802,鈺齊-KY         ,235000,995000,-760000,0,0,0,287000,354000,-67000,5000,102000,0,102000,1000,98000,-97000,-822000
6282,康舒            ,20000,832000,-812000,0,0,0,0,0,0,-21000,0,6000,-6000,1000,16000,-15000,-833000
06180P,禾伸堂群益97售01,0,0,0,0,0,0,0,0,0,-839000,0,0,0,1000,840000,-839000,-839000
2360,致茂            ,176000,980000,-804000,0,0,0,8000,0,8000,-50000,2000,20000,-18000,2000,34000,-32000,-846000
6592,和潤企業        ,160000,889000,-729000,0,0,0,0,0,0,-120000,42000,0,42000,0,162000,-162000,-849000
07782P,寶成凱基9A售02  ,0,0,0,0,0,0,0,0,0,-849000,0,0,0,7000,856000,-849000,-849000
07071P,立積元富99售01  ,0,0,0,0,0,0,0,0,0,-850000,0,0,0,285000,1135000,-850000,-850000
08000P,奇鋐凱基9B售03  ,0,0,0,0,0,0,0,0,0,-855000,0,0,0,2000,857000,-855000,-855000
2481,強茂            ,193000,1019000,-826000,0,0,0,0,0,0,-33000,0,2000,-2000,0,31000,-31000,-859000
060961,台光電凱基9A購03,0,0,0,0,0,0,0,0,0,-862000,0,0,0,155000,1017000,-862000,-862000
3682,亞太電          ,87000,949000,-862000,0,0,0,0,0,0,0,0,0,0,0,0,0,-862000
07798P,同欣電國票9A售01,0,0,0,0,0,0,0,0,0,-863000,0,0,0,200000,1063000,-863000,-863000
3037,欣興            ,11535000,8675000,2860000,0,0,0,0,2612000,-2612000,-1137000,511000,1476000,-965000,35000,207000,-172000,-889000
061844,T50反1國票9C購02,0,0,0,0,0,0,0,0,0,-890000,0,0,0,0,890000,-890000,-890000
1504,東元            ,1576000,2819000,-1243000,0,0,0,1000,0,1000,350000,32000,14000,18000,386000,54000,332000,-892000
2385,群光            ,386000,1288000,-902000,0,0,0,0,28000,-28000,28000,0,29000,-29000,71000,14000,57000,-902000
1313,聯成            ,34000,947000,-913000,0,0,0,0,0,0,0,0,0,0,0,0,0,-913000
060829,T50反1國票9A購06,0,0,0,0,0,0,0,0,0,-920000,0,0,0,0,920000,-920000,-920000
054709,宏達電統一97購01,0,0,0,0,0,0,0,0,0,-924000,0,0,0,0,924000,-924000,-924000
2637,慧洋-KY         ,108000,685000,-577000,0,0,0,0,0,0,-350000,0,0,0,0,350000,-350000,-927000
9910,豐泰            ,380000,1530900,-1150900,0,0,0,199000,0,199000,24000,64000,40000,24000,0,0,0,-927900
06068P,玉晶光康和97售01,0,0,0,0,0,0,0,0,0,-946000,0,0,0,135000,1081000,-946000,-946000
2332,友訊            ,134000,889000,-755000,0,0,0,0,0,0,-191000,14000,53000,-39000,0,152000,-152000,-946000
3450,聯鈞            ,185000,803000,-618000,0,0,0,0,248000,-248000,-81000,40000,1000,39000,10000,130000,-120000,-947000
055896,南電統一97購02  ,0,0,0,0,0,0,0,0,0,-948000,0,0,0,343000,1291000,-948000,-948000
3042,晶技            ,817000,1645000,-828000,0,0,0,0,0,0,-123000,0,49000,-49000,2000,76000,-74000,-951000
07808P,超眾永豐9A售04  ,0,0,0,0,0,0,0,0,0,-953000,0,0,0,10000,963000,-953000,-953000
057469,康友永豐98購02  ,0,0,0,0,0,0,0,0,0,-956000,0,0,0,91000,1047000,-956000,-956000
2329,華泰            ,127600,1081000,-953400,0,0,0,0,0,0,-3000,0,3000,-3000,0,0,0,-956400
054365,遠東新中信96購01,0,0,0,0,0,0,0,0,0,-960000,0,0,0,0,960000,-960000,-960000
058200,世芯康和99購01  ,0,0,0,0,0,0,0,0,0,-960000,0,0,0,282000,1242000,-960000,-960000
2492,華新科          ,763000,1498000,-735000,0,0,0,0,55000,-55000,-173000,22000,88000,-66000,110000,217000,-107000,-963000
061451,南電中信9A購03  ,0,0,0,0,0,0,0,0,0,-979000,0,0,0,867000,1846000,-979000,-979000
6278,台表科          ,2471000,3269000,-798000,0,0,0,0,92000,-92000,-89000,230000,101000,129000,31000,249000,-218000,-979000
2845,遠東銀          ,0,981000,-981000,0,0,0,1000,0,1000,0,0,0,0,0,0,0,-980000
051510,新光金中信97購01,0,0,0,0,0,0,0,0,0,-998000,0,0,0,0,998000,-998000,-998000
2505,國揚            ,284000,1297000,-1013000,0,0,0,0,0,0,9000,0,0,0,19000,10000,9000,-1004000
054569,GIS群益98購01   ,0,0,0,0,0,0,0,0,0,-1006000,0,0,0,32000,1038000,-1006000,-1006000
061167,臻鼎兆豐9B購01  ,0,0,0,0,0,0,0,0,0,-1015000,0,0,0,0,1015000,-1015000,-1015000
061072,南電凱基9B購01  ,0,0,0,0,0,0,0,0,0,-1017000,0,0,0,3000,1020000,-1017000,-1017000
053061,GIS富邦97購01   ,0,0,0,0,0,0,0,0,0,-1018000,0,0,0,0,1018000,-1018000,-1018000
9933,中鼎            ,181000,1200000,-1019000,0,0,0,0,0,0,0,0,0,0,0,0,0,-1019000
2609,陽明            ,36000,1069000,-1033000,0,0,0,0,0,0,0,0,0,0,0,0,0,-1033000
00861,元大全球未來通訊,0,0,0,0,0,0,0,0,0,-1037000,0,0,0,440000,1477000,-1037000,-1037000
06608P,立積群益99售02  ,0,0,0,0,0,0,0,0,0,-1056000,0,0,0,153000,1209000,-1056000,-1056000
2889,國票金          ,221000,1266000,-1045000,0,0,0,0,0,0,-11000,0,11000,-11000,0,0,0,-1056000
6196,帆宣            ,290000,1268000,-978000,0,0,0,0,0,0,-102000,0,41000,-41000,18000,79000,-61000,-1080000
07676P,華新科永豐9A售02,0,0,0,0,0,0,0,0,0,-1100000,0,0,0,0,1100000,-1100000,-1100000
3576,聯合再生        ,61000,1187000,-1126000,0,0,0,0,0,0,0,0,0,0,0,0,0,-1126000
054471,T50反1中信9C購01,0,0,0,0,0,0,0,0,0,-1131000,0,0,0,78000,1209000,-1131000,-1131000
2393,億光            ,564000,1424000,-860000,0,0,0,0,238000,-238000,-43000,0,7000,-7000,9000,45000,-36000,-1141000
6257,矽格            ,690000,1503000,-813000,0,0,0,0,0,0,-341000,29000,95000,-66000,23000,298000,-275000,-1154000
07821P,臺股指國票9A售12,0,0,0,0,0,0,0,0,0,-1164000,0,0,0,200000,1364000,-1164000,-1164000
006208,富邦台50        ,1000,0,1000,0,0,0,0,0,0,-1170000,0,0,0,400000,1570000,-1170000,-1169000
2014,中鴻            ,18000,1197000,-1179000,0,0,0,0,0,0,0,0,0,0,0,0,0,-1179000
9945,潤泰新          ,345000,1532000,-1187000,0,0,0,0,0,0,1000,0,10000,-10000,11000,0,11000,-1186000
1304,台聚            ,23000,1238094,-1215094,0,0,0,0,0,0,0,0,0,0,0,0,0,-1215094
3035,智原            ,211000,1743000,-1532000,0,0,0,364000,0,364000,-51000,2000,0,2000,12000,65000,-53000,-1219000
1310,台苯            ,20000,1227000,-1207000,0,0,0,0,0,0,-14000,0,0,0,0,14000,-14000,-1221000
2504,國產            ,434000,1450000,-1016000,0,0,0,0,0,0,-223000,0,250000,-250000,81000,54000,27000,-1239000
2314,台揚            ,451000,1691000,-1240000,0,0,0,0,0,0,-1000,0,1000,-1000,0,0,0,-1241000
6176,瑞儀            ,903000,2148000,-1245000,0,0,0,0,15000,-15000,15000,86000,40000,46000,78000,109000,-31000,-1245000
062347,台光電群益9B購02,0,0,0,0,0,0,0,0,0,-1280000,0,0,0,309000,1589000,-1280000,-1280000
062594,祥碩統一01購02  ,0,0,0,0,0,0,0,0,0,-1289000,0,0,0,507000,1796000,-1289000,-1289000
3702,大聯大          ,430000,2189000,-1759000,0,0,0,1000,0,1000,412000,220000,9000,211000,201000,0,201000,-1346000
054713,國巨中信9B購01  ,0,0,0,0,0,0,0,0,0,-1360000,0,0,0,0,1360000,-1360000,-1360000
2382,廣達            ,2402000,5554000,-3152000,0,0,0,1490000,0,1490000,269000,258000,23000,235000,118000,84000,34000,-1393000
2498,宏達電          ,294000,1512000,-1218000,0,0,0,0,0,0,-184000,40000,53000,-13000,4000,175000,-171000,-1402000
6213,聯茂            ,153546,1146158,-992612,0,0,0,0,403000,-403000,-12000,192000,23000,169000,4000,185000,-181000,-1407612
2103,台橡            ,7000,1468000,-1461000,0,0,0,0,0,0,27000,27000,0,27000,0,0,0,-1434000
9919,康那香          ,537000,1198000,-661000,0,0,0,0,0,0,-780000,0,50000,-50000,0,730000,-730000,-1441000
2104,國際中橡        ,356000,1683000,-1327000,0,0,0,0,0,0,-131000,0,70000,-70000,4000,65000,-61000,-1458000
1802,台玻            ,156000,1629000,-1473000,0,0,0,0,0,0,0,0,0,0,0,0,0,-1473000
1477,聚陽            ,820000,2583550,-1763550,0,0,0,763000,200000,563000,-279000,47000,256000,-209000,17000,87000,-70000,-1479550
048189,臺指反元大96購06,0,0,0,0,0,0,0,0,0,-1511000,0,0,0,106000,1617000,-1511000,-1511000
2515,中工            ,16000,1556000,-1540000,0,0,0,0,0,0,8000,8000,0,8000,0,0,0,-1532000
3044,健鼎            ,547000,2333350,-1786350,0,0,0,205000,21000,184000,64000,85000,26000,59000,8000,3000,5000,-1538350
2354,鴻準            ,395000,1885475,-1490475,0,0,0,0,0,0,-54000,0,54000,-54000,0,0,0,-1544475
00692,富邦公司治理    ,0,0,0,0,0,0,0,0,0,-1590000,25000,0,25000,1006000,2621000,-1615000,-1590000
3034,聯詠            ,567000,1819000,-1252000,0,0,0,5000,249000,-244000,-112000,17000,91000,-74000,30000,68000,-38000,-1608000
6153,嘉聯益          ,225000,1585000,-1360000,0,0,0,0,0,0,-258000,0,201000,-201000,0,57000,-57000,-1618000
1305,華夏            ,185000,1775000,-1590000,0,0,0,0,0,0,-37000,3000,40000,-37000,0,0,0,-1627000
5871,中租-KY         ,383000,1988207,-1605207,0,0,0,1000,0,1000,-29000,8000,4000,4000,30000,63000,-33000,-1633207
062220,台光電統一01購01,0,0,0,0,0,0,0,0,0,-1643000,0,0,0,619000,2262000,-1643000,-1643000
1718,中纖            ,221000,1865000,-1644000,0,0,0,0,0,0,-2000,22000,24000,-2000,0,0,0,-1646000
1229,聯華            ,91000,1818000,-1727000,0,0,0,0,0,0,71000,93000,22000,71000,0,0,0,-1656000
3698,隆達            ,890000,1909000,-1019000,0,0,0,0,0,0,-647000,4000,620000,-616000,0,31000,-31000,-1666000
1440,南紡            ,225000,1900000,-1675000,0,0,0,0,0,0,8000,8000,0,8000,0,0,0,-1667000
057121,立積康和98購01  ,0,0,0,0,0,0,0,0,0,-1691000,0,0,0,0,1691000,-1691000,-1691000
054546,玉晶光中信9B購01,0,0,0,0,0,0,0,0,0,-1707000,0,0,0,487000,2194000,-1707000,-1707000
5469,瀚宇博          ,135000,1459000,-1324000,0,0,0,0,300000,-300000,-107000,0,4000,-4000,21000,124000,-103000,-1731000
3545,敦泰            ,400000,2136900,-1736900,0,0,0,0,0,0,-2000,0,2000,-2000,0,0,0,-1738900
6269,台郡            ,426000,2518000,-2092000,0,0,0,469000,0,469000,-140000,7000,57000,-50000,7000,97000,-90000,-1763000
2867,三商壽          ,311000,2076000,-1765000,0,0,0,0,0,0,-1000,0,0,0,0,1000,-1000,-1766000
1409,新纖            ,1000,1770000,-1769000,0,0,0,0,0,0,0,0,0,0,0,0,0,-1769000
2458,義隆            ,326000,1811000,-1485000,0,0,0,30000,343000,-313000,23000,107000,26000,81000,0,58000,-58000,-1775000
2812,台中銀          ,251000,2045392,-1794392,0,0,0,0,0,0,0,0,0,0,0,0,0,-1794392
2349,錸德            ,633000,2436000,-1803000,0,0,0,0,0,0,0,0,0,0,0,0,0,-1803000
00671R,富邦NASDAQ反1   ,75000,0,75000,0,0,0,0,0,0,-1882000,0,0,0,320000,2202000,-1882000,-1807000
062423,聯發科統一9C購07,0,0,0,0,0,0,0,0,0,-1834000,0,0,0,72000,1906000,-1834000,-1834000
6239,力成            ,474942,2604743,-2129801,0,0,0,351000,35000,316000,-34000,34000,11000,23000,3000,60000,-57000,-1847801
2308,台達電          ,837000,2511161,-1674161,0,0,0,1000,144000,-143000,-40000,10000,49000,-39000,17000,18000,-1000,-1857161
00650L,FH香港正2       ,0,269000,-269000,0,0,0,0,0,0,-1622000,0,0,0,918000,2540000,-1622000,-1891000
2338,光罩            ,243000,2147000,-1904000,0,0,0,0,0,0,13000,0,6000,-6000,87000,68000,19000,-1891000
2301,光寶科          ,1402000,3714000,-2312000,0,0,0,0,0,0,402000,306000,27000,279000,125000,2000,123000,-1910000
3045,台灣大          ,164532,2190000,-2025468,0,0,0,2000,0,2000,91000,95000,4000,91000,0,0,0,-1932468
2417,圓剛            ,395000,2332000,-1937000,0,0,0,0,0,0,-2000,0,2000,-2000,0,0,0,-1939000
2379,瑞昱            ,1162000,2645675,-1483675,0,0,0,5000,47000,-42000,-444000,24000,405000,-381000,32000,95000,-63000,-1969675
2327,國巨            ,1371000,2332000,-961000,0,0,0,0,410000,-410000,-600000,98000,557000,-459000,119000,260000,-141000,-1971000
6005,群益證          ,84000,2105000,-2021000,0,0,0,0,0,0,0,0,0,0,0,0,0,-2021000
00642U,元大S&P石油     ,43000,54000,-11000,0,0,0,0,0,0,-2045000,0,0,0,111000,2156000,-2045000,-2056000
2367,燿華            ,1129000,2899000,-1770000,0,0,0,0,0,0,-317000,0,69000,-69000,55000,303000,-248000,-2087000
054894,GIS統一97購01   ,0,0,0,0,0,0,0,0,0,-2103000,0,0,0,10000,2113000,-2103000,-2103000
2614,東森            ,771000,2893000,-2122000,0,0,0,0,0,0,0,0,0,0,0,0,0,-2122000
062647,南電國泰9C購02  ,0,0,0,0,0,0,0,0,0,-2136000,0,0,0,30000,2166000,-2136000,-2136000
060888,金像電統一9C購01,0,0,0,0,0,0,0,0,0,-2172000,0,0,0,468000,2640000,-2172000,-2172000
3706,神達            ,1846000,4547000,-2701000,0,0,0,0,0,0,420000,1210000,57000,1153000,143000,876000,-733000,-2281000
1789,神隆            ,599000,1451000,-852000,0,0,0,0,1500000,-1500000,31000,0,0,0,52000,21000,31000,-2321000
00701,國泰股利精選30  ,0,0,0,0,0,0,0,0,0,-2340000,0,0,0,241000,2581000,-2340000,-2340000
2356,英業達          ,1971000,4586000,-2615000,0,0,0,1000,0,1000,257000,25000,2000,23000,314000,80000,234000,-2357000
2312,金寶            ,1072000,3576000,-2504000,0,0,0,0,0,0,142000,0,8000,-8000,180000,30000,150000,-2362000
00850,元大臺灣ESG永續 ,0,0,0,0,0,0,0,0,0,-2392000,0,0,0,228000,2620000,-2392000,-2392000
4904,遠傳            ,235000,2679000,-2444000,0,0,0,2000,0,2000,42000,72000,28000,44000,0,2000,-2000,-2400000
2352,佳世達          ,262000,2552000,-2290000,0,0,0,1000,0,1000,-178000,12000,190000,-178000,0,0,0,-2467000
050171,臺指反元大97購03,0,0,0,0,0,0,0,0,0,-2470000,0,0,0,0,2470000,-2470000,-2470000
6505,台塑化          ,1474440,4089000,-2614560,0,0,0,4000,0,4000,85000,85000,0,85000,0,0,0,-2525560
056638,臺股指日盛98購01,0,0,0,0,0,0,0,0,0,-2553000,0,0,0,72000,2625000,-2553000,-2553000
00669R,國泰美國道瓊反1 ,0,0,0,0,0,0,0,0,0,-2566000,0,0,0,1954000,4520000,-2566000,-2566000
2323,中環            ,168000,2731000,-2563000,0,0,0,0,0,0,-60000,5000,38000,-33000,40000,67000,-27000,-2623000
2633,台灣高鐵        ,449000,3109000,-2660000,0,0,0,221000,0,221000,-206000,10000,5000,5000,20000,231000,-211000,-2645000
1909,榮成            ,385000,2978000,-2593000,0,0,0,0,0,0,-69000,0,0,0,0,69000,-69000,-2662000
052959,聯電凱基97購01  ,0,0,0,0,0,0,0,0,0,-2666000,0,0,0,6000,2672000,-2666000,-2666000
5876,上海商銀        ,1041000,3731930,-2690930,0,0,0,0,0,0,4000,0,0,0,13000,9000,4000,-2686930
2105,正新            ,418000,3048000,-2630000,0,0,0,0,0,0,-94000,6000,102000,-96000,2000,0,2000,-2724000
00651R,FH香港反1       ,13000,19000,-6000,0,0,0,0,0,0,-2727000,0,0,0,1487000,4214000,-2727000,-2733000
07793P,同欣電元大9A售02,0,0,0,0,0,0,0,0,0,-2799000,0,0,0,8000,2807000,-2799000,-2799000
00633L,富邦上証正2     ,691000,2945000,-2254000,0,0,0,0,0,0,-643000,0,0,0,6204000,6847000,-643000,-2897000
2363,矽統            ,5461000,8387000,-2926000,0,0,0,0,0,0,0,3000,3000,0,0,0,0,-2926000
00655L,國泰中國A50正2  ,806000,97000,709000,0,0,0,0,0,0,-3679000,0,0,0,1795000,5474000,-3679000,-2970000
2371,大同            ,1009000,3970000,-2961000,0,0,0,0,0,0,-32000,12000,44000,-32000,0,0,0,-2993000
2610,華航            ,1720000,4607000,-2887000,0,0,0,3000,0,3000,-136000,0,0,0,1000,137000,-136000,-3020000
8046,南電            ,7190000,3952000,3238000,0,0,0,0,6622000,-6622000,264000,316000,84000,232000,362000,330000,32000,-3120000
3231,緯創            ,6133483,9502000,-3368517,0,0,0,1000,0,1000,147000,0,48000,-48000,254000,59000,195000,-3220517
2412,中華電          ,397924,3569000,-3171076,0,0,0,3000,10000,-7000,-74000,53000,124000,-71000,0,3000,-3000,-3252076
2368,金像電          ,7199000,10624000,-3425000,0,0,0,269000,0,269000,-267000,642000,908000,-266000,352000,353000,-1000,-3423000
00653L,富邦印度正2     ,967000,1867000,-900000,0,0,0,0,0,0,-2698000,0,0,0,3396000,6094000,-2698000,-3598000
1402,遠東新          ,1616000,5198000,-3582000,0,0,0,2000,0,2000,-29000,170000,1000,169000,0,198000,-198000,-3609000
00631L,元大台灣50正2   ,252000,460000,-208000,0,0,0,0,0,0,-3641000,450000,100000,350000,2029000,6020000,-3991000,-3849000
1102,亞泥            ,424000,4310974,-3886974,0,0,0,2000,179000,-177000,164000,20000,6000,14000,173000,23000,150000,-3899974
3711,日月光投控      ,5533504,9370000,-3836496,0,0,0,2000,65000,-63000,-30000,101000,134000,-33000,4000,1000,3000,-3929496
1303,南亞            ,1999000,6028834,-4029834,0,0,0,4000,0,4000,7000,20000,17000,3000,4000,0,4000,-4018834
2408,南亞科          ,500000,3814000,-3314000,0,0,0,1000,841000,-840000,-110000,56000,182000,-126000,112000,96000,16000,-4264000
2303,聯電            ,15743000,19992205,-4249205,0,0,0,5000,0,5000,-34000,350000,85000,265000,29000,328000,-299000,-4278205
2324,仁寶            ,3127000,8004025,-4877025,0,0,0,2000,0,2000,539000,204000,20000,184000,355000,0,355000,-4336025
1101,台泥            ,3001000,7531961,-4530961,0,0,0,0,0,0,177000,14000,17000,-3000,208000,28000,180000,-4353961
6116,彩晶            ,461000,5087000,-4626000,0,0,0,0,0,0,-63000,50000,83000,-33000,38000,68000,-30000,-4689000
1312,國喬            ,29000,4734000,-4705000,0,0,0,0,0,0,-80000,2000,2000,0,2000,82000,-80000,-4785000
2834,臺企銀          ,2065000,6864500,-4799500,0,0,0,3000,0,3000,0,0,0,0,0,0,0,-4796500
2353,宏碁            ,2207776,6777000,-4569224,0,0,0,0,0,0,-338000,0,306000,-306000,11000,43000,-32000,-4907224
3017,奇鋐            ,1398000,3657000,-2259000,0,0,0,0,2143000,-2143000,-634000,27000,182000,-155000,19000,498000,-479000,-5036000
2474,可成            ,1861428,6887359,-5025931,0,0,0,10000,491000,-481000,130000,94000,1000,93000,70000,33000,37000,-5376931
4938,和碩            ,771000,6256000,-5485000,0,0,0,2000,0,2000,85000,90000,51000,39000,85000,39000,46000,-5398000
1301,台塑            ,1229000,6936808,-5707808,0,0,0,3000,0,3000,12000,114000,67000,47000,4000,39000,-35000,-5692808
1326,台化            ,409000,6222580,-5813580,0,0,0,3000,0,3000,68000,80000,74000,6000,62000,0,62000,-5742580
8112,至上            ,419000,6352000,-5933000,0,0,0,0,0,0,-6000,0,6000,-6000,0,0,0,-5939000
2449,京元電子        ,2763000,8616001,-5853001,0,0,0,0,102000,-102000,-567000,0,243000,-243000,158000,482000,-324000,-6522001
0056,元大高股息      ,14000,1000,13000,0,0,0,69000,0,69000,-8236000,0,0,0,24000,8260000,-8236000,-8154000
2882,國泰金          ,1239000,10050097,-8811097,0,0,0,7000,0,7000,-252000,0,0,0,0,252000,-252000,-9056097
2313,華通            ,1769000,9384000,-7615000,0,0,0,322000,1180000,-858000,-900000,440000,852000,-412000,82000,570000,-488000,-9373000
2618,長榮航          ,408200,10432399,-10024199,0,0,0,2000,0,2000,-153000,84000,52000,32000,0,185000,-185000,-10175199
2881,富邦金          ,907000,11078000,-10171000,0,0,0,5000,0,5000,-235000,2000,145000,-143000,17000,109000,-92000,-10401000
0050,元大台灣50      ,4000,6377000,-6373000,0,0,0,21000,304000,-283000,-3904000,110000,236000,-126000,671000,4449000,-3778000,-10560000
2823,中壽            ,3871000,14734957,-10863957,0,0,0,2000,0,2000,133000,10000,52000,-42000,179000,4000,175000,-10728957
2880,華南金          ,1758000,12577000,-10819000,0,0,0,6000,0,6000,0,0,0,0,0,0,0,-10813000
9904,寶成            ,2403000,13174081,-10771081,0,0,0,1000,0,1000,-204000,14000,89000,-75000,12000,141000,-129000,-10974081
2337,旺宏            ,3185000,12998000,-9813000,0,0,0,0,1480000,-1480000,313000,1046000,894000,152000,387000,226000,161000,-10980000
2887,台新金          ,5079000,16285938,-11206938,0,0,0,5000,0,5000,80000,32000,5000,27000,53000,0,53000,-11121938
5880,合庫金          ,524000,11925000,-11401000,0,0,0,6000,0,6000,0,0,0,0,0,0,0,-11395000
2892,第一金          ,1563000,13282219,-11719219,0,0,0,6000,0,6000,0,0,0,0,0,0,0,-11713219
2344,華邦電          ,1082000,13818000,-12736000,0,0,0,2000,0,2000,6000,154000,50000,104000,0,98000,-98000,-12728000
2002,中鋼            ,1048000,13412000,-12364000,0,0,0,8000,542642,-534642,-66000,0,38000,-38000,0,28000,-28000,-12964642
2801,彰銀            ,636000,13688924,-13052924,0,0,0,5000,0,5000,-2000,0,2000,-2000,0,0,0,-13049924
2886,兆豐金          ,941000,14681000,-13740000,0,0,0,7000,0,7000,188000,2000,9000,-7000,198000,3000,195000,-13545000
2883,開發金          ,1806000,16624120,-14818120,0,0,0,7000,0,7000,-155000,0,10000,-10000,0,145000,-145000,-14966120
2409,友達            ,5016000,20372000,-15356000,0,0,0,4000,0,4000,-1065000,22000,323000,-301000,9000,773000,-764000,-16417000
2330,台積電          ,16353036,35653537,-19300501,0,0,0,155000,51000,104000,97000,273000,227000,46000,681000,630000,51000,-19099501
2890,永豐金          ,1150000,20980000,-19830000,0,0,0,5000,74000,-69000,74000,48000,0,48000,26000,0,26000,-19825000
2888,新光金          ,2848000,25067009,-22219009,0,0,0,5000,0,5000,-90000,1000,182000,-181000,388000,297000,91000,-22304009
2891,中信金          ,6872000,28960000,-22088000,0,0,0,9000,0,9000,-264000,18000,236000,-218000,0,46000,-46000,-22343000
2317,鴻海            ,7689000,31297757,-23608757,0,0,0,0,0,0,-707000,272000,278000,-6000,17000,718000,-701000,-24315757
2885,元大金          ,2598000,30366000,-27768000,0,0,0,5000,104000,-99000,46000,0,4000,-4000,50000,0,50000,-27821000
2884,玉山金          ,5012214,33640000,-28627786,0,0,0,5000,32000,-27000,43000,0,0,0,47000,4000,43000,-28611786
00677U,富邦VIX         ,25645405,42643000,-16997595,0,0,0,0,0,0,-12088000,5260000,3180000,2080000,25471000,39639000,-14168000,-29085595
3481,群創            ,733000,33658000,-32925000,0,0,0,0,0,0,-2166000,0,1060000,-1060000,0,1106000,-1106000,-35091000
00637L,元大滬深300正2  ,1846000,22984000,-21138000,0,0,0,0,0,0,-28500000,0,0,0,17635000,46135000,-28500000,-49638000
