證券代號,證券名稱,外陸資買進股數(不含外資自營商),外陸資賣出股數(不含外資自營商),外陸資買賣超股數(不含外資自營商),外資自營商買進股數,外資自營商賣出股數,外資自營商買賣超股數,投信買進股數,投信賣出股數,投信買賣超股數,自營商買賣超股數,自營商買進股數(自行買賣),自營商賣出股數(自行買賣),自營商買賣超股數(自行買賣),自營商買進股數(避險),自營商賣出股數(避險),自營商買賣超股數(避險),三大法人買賣超股數
00637L,元大滬深300正2  ,13249000,8203000,5046000,0,0,0,0,0,0,24831000,0,0,0,51366000,26535000,24831000,29877000
00653L,富邦印度正2     ,3954000,11000,3943000,0,0,0,0,0,0,18081000,0,0,0,19125000,1044000,18081000,22024000
2303,聯電            ,29632825,15352000,14280825,0,0,0,0,0,0,-891000,0,1203000,-1203000,600000,288000,312000,13389825
00632R,元大台灣50反1   ,1939000,0,1939000,0,0,0,0,0,0,9490000,2558000,1000,2557000,22871000,15938000,6933000,11429000
2313,華通            ,13879320,6560000,7319320,0,0,0,1151000,100000,1051000,1898000,2663000,1562000,1101000,1251000,454000,797000,10268320
00861,元大全球未來通訊,0,2000,-2000,0,0,0,0,0,0,9357000,0,0,0,9758000,401000,9357000,9355000
9958,世紀鋼          ,7314000,909123,6404877,0,0,0,1178000,0,1178000,1017000,233000,110000,123000,1189000,295000,894000,8599877
00852L,國泰美國道瓊正2 ,15000,1418000,-1403000,0,0,0,0,0,0,9006000,0,0,0,14571000,5565000,9006000,7603000
00633L,富邦上証正2     ,4103000,594000,3509000,0,0,0,0,0,0,2977378,0,0,0,7528378,4551000,2977378,6486378
00655L,國泰中國A50正2  ,1299000,197000,1102000,0,0,0,0,0,0,4052000,0,0,0,7230000,3178000,4052000,5154000
3037,欣興            ,9444500,7068000,2376500,0,0,0,525000,50000,475000,1271000,1027000,640000,387000,961000,77000,884000,4122500
2312,金寶            ,5712000,1994221,3717779,0,0,0,0,0,0,27000,0,1000,-1000,100000,72000,28000,3744779
051322,國泰金國票96購01,0,0,0,0,0,0,0,0,0,3316000,0,0,0,3316000,0,3316000,3316000
2382,廣達            ,10285896,7360600,2925296,0,0,0,398000,0,398000,-31000,75000,72000,3000,37000,71000,-34000,3292296
2603,長榮            ,6471157,7256000,-784843,0,0,0,3176000,0,3176000,782000,2351000,1569000,782000,0,0,0,3173157
2409,友達            ,19818478,17256000,2562478,0,0,0,0,0,0,366000,267000,174000,93000,390000,117000,273000,2928478
2347,聯強            ,3544095,2063532,1480563,0,0,0,400000,0,400000,969000,1040000,2000,1038000,24000,93000,-69000,2849563
0056,元大高股息      ,20000,32000,-12000,0,0,0,0,0,0,2761000,60000,10000,50000,4869000,2158000,2711000,2749000
020012,富邦行動通訊N   ,0,0,0,0,0,0,0,0,0,2670000,0,0,0,2674000,4000,2670000,2670000
057581,元大金中信9A購01,0,0,0,0,0,0,0,0,0,2373000,0,0,0,2424000,51000,2373000,2373000
3706,神達            ,3649000,1256919,2392081,0,0,0,8000,0,8000,-33000,32000,26000,6000,44000,83000,-39000,2367081
055646,漢唐元富97購01  ,0,0,0,0,0,0,0,0,0,2198000,0,0,0,2198000,0,2198000,2198000
2027,大成鋼          ,2335000,787000,1548000,0,0,0,0,0,0,624000,148000,68000,80000,754000,210000,544000,2172000
2520,冠德            ,2442595,697000,1745595,0,0,0,0,0,0,270000,386000,74000,312000,0,42000,-42000,2015595
052602,聯電元大97購01  ,0,0,0,0,0,0,0,0,0,2006000,0,0,0,2006000,0,2006000,2006000
058809,國巨統一9B購03  ,0,0,0,0,0,0,0,0,0,1997000,0,0,0,2127000,130000,1997000,1997000
055538,鴻海日盛97購04  ,0,0,0,0,0,0,0,0,0,1899000,0,0,0,1899000,0,1899000,1899000
054546,玉晶光中信9B購01,0,0,0,0,0,0,0,0,0,1845000,0,0,0,3451000,1606000,1845000,1845000
052044,華通凱基97購01  ,0,0,0,0,0,0,0,0,0,1794000,0,0,0,1794000,0,1794000,1794000
2377,微星            ,4105065,2401276,1703789,0,0,0,361000,266000,95000,-26000,9000,27000,-18000,52000,60000,-8000,1772789
061483,TPK元大9A購01   ,0,0,0,0,0,0,0,0,0,1715000,0,0,0,1797000,82000,1715000,1715000
062087,瑞祺元大9B購02  ,0,0,0,0,0,0,0,0,0,1600000,0,0,0,2080000,480000,1600000,1600000
3231,緯創            ,6653058,4997000,1656058,0,0,0,0,0,0,-120000,8000,23000,-15000,43000,148000,-105000,1536058
6213,聯茂            ,1536311,506000,1030311,0,0,0,472000,20000,452000,52000,18000,3000,15000,88000,51000,37000,1534311
061080,華邦電兆豐9B購01,0,0,0,0,0,0,0,0,0,1375000,0,0,0,1564000,189000,1375000,1375000
060308,劍麟永豐9A購01  ,0,0,0,0,0,0,0,0,0,1373000,0,0,0,1406000,33000,1373000,1373000
054726,台積電日盛97購01,0,0,0,0,0,0,0,0,0,1363000,0,0,0,1363000,0,1363000,1363000
059223,大立光元大99購14,0,0,0,0,0,0,0,0,0,1330000,0,0,0,1338000,8000,1330000,1330000
056829,台積電富邦9A購01,0,0,0,0,0,0,0,0,0,1321000,0,0,0,1321000,0,1321000,1321000
2345,智邦            ,3601883,2391800,1210083,0,0,0,172000,0,172000,-89000,251000,341000,-90000,82000,81000,1000,1293083
2633,台灣高鐵        ,5089123,3888000,1201123,0,0,0,440000,0,440000,-392000,71000,103000,-32000,54000,414000,-360000,1249123
1477,聚陽            ,1602000,405000,1197000,0,0,0,88000,29000,59000,-32000,54000,70000,-16000,8000,24000,-16000,1224000
055063,玉晶光永豐99購01,0,0,0,0,0,0,0,0,0,1213000,0,0,0,1648000,435000,1213000,1213000
062550,啟碁永豐9B購01  ,0,0,0,0,0,0,0,0,0,1198000,0,0,0,1198000,0,1198000,1198000
8081,致新            ,1526000,732593,793407,0,0,0,263000,0,263000,101000,26000,52000,-26000,170000,43000,127000,1157407
063145,台表科統一02購01,0,0,0,0,0,0,0,0,0,1142000,0,0,0,1179000,37000,1142000,1142000
00738U,元大道瓊白銀    ,247000,7000,240000,0,0,0,0,0,0,900000,0,0,0,1148000,248000,900000,1140000
5871,中租-KY         ,2888381,1684050,1204331,0,0,0,0,0,0,-79000,1000,38000,-37000,2000,44000,-42000,1125331
060783,亞德客富邦9B購01,0,0,0,0,0,0,0,0,0,1046000,0,0,0,1327000,281000,1046000,1046000
08072P,祥碩永豐9B售03  ,0,0,0,0,0,0,0,0,0,1005000,0,0,0,1568000,563000,1005000,1005000
050496,鴻海富邦96購01  ,0,0,0,0,0,0,0,0,0,997000,0,0,0,997000,0,997000,997000
03875P,滬深2X國票05售01,0,0,0,0,0,0,0,0,0,996000,0,0,0,1073000,77000,996000,996000
055973,亞德客統一97購01,0,0,0,0,0,0,0,0,0,994000,0,0,0,994000,0,994000,994000
059261,華邦電中信01購01,0,0,0,0,0,0,0,0,0,985000,0,0,0,1496000,511000,985000,985000
4142,國光生          ,586000,182000,404000,0,0,0,0,105000,-105000,684000,0,30000,-30000,820000,106000,714000,983000
063367,GIS富邦9B購01   ,0,0,0,0,0,0,0,0,0,934000,0,0,0,1063000,129000,934000,934000
061947,旺宏群益9B購02  ,0,0,0,0,0,0,0,0,0,910000,0,0,0,934000,24000,910000,910000
9919,康那香          ,524000,21000,503000,0,0,0,0,10000,-10000,405000,190000,90000,100000,358000,53000,305000,898000
060028,國揚永豐99購01  ,0,0,0,0,0,0,0,0,0,890000,0,0,0,991000,101000,890000,890000
00664R,國泰臺灣加權反1 ,0,0,0,0,0,0,0,0,0,888000,0,0,0,1574000,686000,888000,888000
00638R,元大滬深300反1  ,294000,5000,289000,0,0,0,0,0,0,586000,763000,0,763000,1010000,1187000,-177000,875000
1513,中興電          ,1208000,333238,874762,0,0,0,0,0,0,-2000,31000,32000,-1000,247000,248000,-1000,872762
058105,旺宏統一9A購02  ,0,0,0,0,0,0,0,0,0,871000,0,0,0,899000,28000,871000,871000
3016,嘉晶            ,1739000,784000,955000,0,0,0,0,0,0,-94000,18000,25000,-7000,103000,190000,-87000,861000
00634R,富邦上証反1     ,233000,74000,159000,0,0,0,0,0,0,697000,0,0,0,801000,104000,697000,856000
060475,瑞祺元大9A購01  ,0,0,0,0,0,0,0,0,0,846000,0,0,0,1050000,204000,846000,846000
00830,國泰費城半導體  ,1262000,1000,1261000,0,0,0,0,0,0,-422000,0,591000,-591000,1059000,890000,169000,839000
061874,義隆元大9B購02  ,0,0,0,0,0,0,0,0,0,830000,0,0,0,907000,77000,830000,830000
063133,喬山統一01購01  ,0,0,0,0,0,0,0,0,0,823000,0,0,0,898000,75000,823000,823000
053072,國巨台新97購01  ,0,0,0,0,0,0,0,0,0,822000,0,0,0,904000,82000,822000,822000
07634P,金像電元大9A售01,0,0,0,0,0,0,0,0,0,810000,0,0,0,1053000,243000,810000,810000
062110,華擎國票9B購01  ,0,0,0,0,0,0,0,0,0,808000,0,0,0,816000,8000,808000,808000
4133,亞諾法          ,2163000,1369000,794000,0,0,0,0,0,0,12000,12000,0,12000,0,0,0,806000
051105,台光電國票96購01,0,0,0,0,0,0,0,0,0,798000,0,0,0,798000,0,798000,798000
062849,中興電永豐9B購02,0,0,0,0,0,0,0,0,0,775000,0,0,0,1233000,458000,775000,775000
058246,帆宣元大99購01  ,0,0,0,0,0,0,0,0,0,774000,0,0,0,853000,79000,774000,774000
062761,嘉晶凱基9C購01  ,0,0,0,0,0,0,0,0,0,770000,0,0,0,992000,222000,770000,770000
061915,T50反1凱基02購02,0,0,0,0,0,0,0,0,0,768000,0,0,0,983000,215000,768000,768000
061796,興勤永豐9B購01  ,0,0,0,0,0,0,0,0,0,768000,0,0,0,883000,115000,768000,768000
2421,建準            ,1649000,2050000,-401000,0,0,0,959000,0,959000,208000,82000,7000,75000,194000,61000,133000,766000
054808,東元元大9A購01  ,0,0,0,0,0,0,0,0,0,763000,0,0,0,763000,0,763000,763000
2049,上銀            ,1904347,1101000,803347,0,0,0,63000,0,63000,-111000,121000,161000,-40000,23000,94000,-71000,755347
060646,南電永豐9A購01  ,0,0,0,0,0,0,0,0,0,752000,0,0,0,752000,0,752000,752000
6176,瑞儀            ,750600,317650,432950,0,0,0,175000,50000,125000,183000,290000,77000,213000,36000,66000,-30000,740950
2375,凱美            ,983000,464000,519000,0,0,0,0,0,0,218000,0,5000,-5000,226000,3000,223000,737000
062003,國巨國泰01購01  ,30000,0,30000,0,0,0,0,0,0,692000,0,0,0,742000,50000,692000,722000
059849,興勤永豐99購01  ,5000,10000,-5000,0,0,0,0,0,0,724000,0,0,0,919000,195000,724000,719000
2353,宏碁            ,4497827,3720398,777429,0,0,0,0,0,0,-67000,20000,33000,-13000,6000,60000,-54000,710429
06595P,祥碩元大98售03  ,0,0,0,0,0,0,0,0,0,703000,0,0,0,718000,15000,703000,703000
057704,台虹群益98購03  ,0,0,0,0,0,0,0,0,0,701000,0,0,0,878000,177000,701000,701000
058197,國巨中信99購02  ,0,0,0,0,0,0,0,0,0,700000,0,0,0,710000,10000,700000,700000
061370,晶技國泰9C購01  ,0,0,0,0,0,0,0,0,0,699000,0,0,0,1137000,438000,699000,699000
07899P,和大凱基9B售01  ,0,0,0,0,0,0,0,0,0,695000,0,0,0,829000,134000,695000,695000
061972,華新元大9B購01  ,0,0,0,0,0,0,0,0,0,688000,0,0,0,946000,258000,688000,688000
061957,上銀統一01購01  ,0,0,0,0,0,0,0,0,0,688000,0,0,0,791000,103000,688000,688000
00646,元大S&P500      ,8000,1000,7000,0,0,0,0,0,0,678000,0,0,0,743000,65000,678000,685000
060421,華擎永豐9A購01  ,0,0,0,0,0,0,0,0,0,685000,0,0,0,700000,15000,685000,685000
057511,健策統一98購02  ,0,0,0,0,0,0,0,0,0,684000,0,0,0,932000,248000,684000,684000
060164,合勤控永豐9A購01,0,0,0,0,0,0,0,0,0,683000,0,0,0,693000,10000,683000,683000
060186,義隆元富9A購01  ,0,0,0,0,0,0,0,0,0,680000,0,0,0,1148000,468000,680000,680000
060698,旺宏國泰9C購01  ,6000,0,6000,0,0,0,0,0,0,668000,0,0,0,736000,68000,668000,674000
2504,國產            ,871000,822639,48361,0,0,0,0,0,0,625000,0,0,0,625000,0,625000,673361
00648R,元大S&P500反1   ,11000,17000,-6000,0,0,0,0,0,0,679000,0,0,0,2408000,1729000,679000,673000
4977,眾達-KY         ,909000,536000,373000,0,0,0,316000,0,316000,-16000,24000,34000,-10000,0,6000,-6000,673000
061786,義隆群益9B購01  ,0,0,0,0,0,0,0,0,0,670000,0,0,0,775000,105000,670000,670000
00673R,元大S&P原油反1  ,12000,0,12000,0,0,0,0,0,0,645000,0,0,0,753000,108000,645000,657000
062395,台表科富邦9C購01,0,0,0,0,0,0,0,0,0,649000,0,0,0,685000,36000,649000,649000
060937,T50反1國票9A購10,0,0,0,0,0,0,0,0,0,642000,0,0,0,652000,10000,642000,642000
062408,致新永豐9B購01  ,0,0,0,0,0,0,0,0,0,641000,0,0,0,941000,300000,641000,641000
2458,義隆            ,2041000,1784000,257000,0,0,0,508000,0,508000,-124000,70000,125000,-55000,99000,168000,-69000,641000
062230,緯穎統一01購01  ,0,0,0,0,0,0,0,0,0,634000,0,0,0,1000000,366000,634000,634000
063349,台郡統一9C購01  ,0,0,0,0,0,0,0,0,0,633000,0,0,0,658000,25000,633000,633000
061682,南電元大9B購01  ,0,0,0,0,0,0,0,0,0,631000,0,0,0,634000,3000,631000,631000
9914,美利達          ,1096000,712000,384000,0,0,0,278000,30000,248000,-2000,16000,18000,-2000,0,0,0,630000
054771,茂林國票98購02  ,0,0,0,0,0,0,0,0,0,627000,0,0,0,629000,2000,627000,627000
060817,華邦電台新9A購01,0,0,0,0,0,0,0,0,0,626000,0,0,0,768000,142000,626000,626000
061542,旺宏群益9A購04  ,0,0,0,0,0,0,0,0,0,620000,0,0,0,620000,0,620000,620000
063128,智伸科元大9B購01,0,0,0,0,0,0,0,0,0,617000,0,0,0,679000,62000,617000,617000
1514,亞力            ,970000,355000,615000,0,0,0,0,0,0,0,0,0,0,0,0,0,615000
00676R,富邦臺灣加權反1 ,0,0,0,0,0,0,0,0,0,612000,0,0,0,1861000,1249000,612000,612000
057991,健策統一9C購01  ,0,0,0,0,0,0,0,0,0,609000,0,0,0,638000,29000,609000,609000
1309,台達化          ,1328000,721000,607000,0,0,0,0,0,0,0,0,0,0,0,0,0,607000
061195,健策永豐9B購02  ,0,0,0,0,0,0,0,0,0,606000,0,0,0,726000,120000,606000,606000
058739,喬山中信99購01  ,0,0,0,0,0,0,0,0,0,606000,0,0,0,813000,207000,606000,606000
062528,全新統一9C購01  ,0,0,0,0,0,0,0,0,0,605000,0,0,0,605000,0,605000,605000
059139,全新兆豐9A購01  ,0,0,0,0,0,0,0,0,0,603000,0,0,0,648000,45000,603000,603000
051157,華新科富邦98購01,0,0,0,0,0,0,0,0,0,600000,0,0,0,600000,0,600000,600000
062215,華通統一9B購01  ,0,0,0,0,0,0,0,0,0,593000,0,0,0,807000,214000,593000,593000
063204,高鐵統一9C購01  ,0,0,0,0,0,0,0,0,0,592000,0,0,0,841000,249000,592000,592000
055665,亞德客群益97購01,0,0,0,0,0,0,0,0,0,588000,0,0,0,600000,12000,588000,588000
6269,台郡            ,906000,554000,352000,0,0,0,273000,1000,272000,-39000,80000,112000,-32000,23000,30000,-7000,585000
063440,上銀統一01購02  ,0,0,0,0,0,0,0,0,0,584000,0,0,0,587000,3000,584000,584000
1904,正隆            ,1008000,794872,213128,0,0,0,350000,0,350000,20000,8000,0,8000,50000,38000,12000,583128
054291,高鐵元大97購01  ,0,0,0,0,0,0,0,0,0,583000,0,0,0,686000,103000,583000,583000
6412,群電            ,971000,354076,616924,0,0,0,0,0,0,-34000,0,0,0,0,34000,-34000,582924
057903,聯鈞永豐99購01  ,0,0,0,0,0,0,0,0,0,580000,0,0,0,580000,0,580000,580000
4915,致伸            ,1938000,1432278,505722,0,0,0,0,0,0,69000,0,0,0,69000,0,69000,574722
07597P,臺股指中信01售02,0,0,0,0,0,0,0,0,0,567000,0,0,0,903000,336000,567000,567000
052113,漢唐中信98購01  ,0,0,0,0,0,0,0,0,0,566000,0,0,0,594000,28000,566000,566000
07082P,美律元大99售06  ,0,0,0,0,0,0,0,0,0,564000,0,0,0,807000,243000,564000,564000
00737,國泰AI+Robo     ,1148000,0,1148000,0,0,0,0,0,0,-586000,0,0,0,552000,1138000,-586000,562000
058605,華邦電元大99購04,0,0,0,0,0,0,0,0,0,562000,0,0,0,921000,359000,562000,562000
060958,儒鴻凱基9A購02  ,0,0,0,0,0,0,0,0,0,549000,0,0,0,821000,272000,549000,549000
058328,世紀鋼統一9B購01,0,0,0,0,0,0,0,0,0,541000,0,0,0,1012000,471000,541000,541000
062360,華邦電元大9B購01,0,0,0,0,0,0,0,0,0,536000,0,0,0,777000,241000,536000,536000
07978P,茂林群益9B售02  ,0,0,0,0,0,0,0,0,0,536000,0,0,0,539000,3000,536000,536000
056693,國產群益98購01  ,0,0,0,0,0,0,0,0,0,533000,0,0,0,533000,0,533000,533000
057637,上銀元大98購07  ,0,0,0,0,0,0,0,0,0,528000,0,0,0,536000,8000,528000,528000
2357,華碩            ,1414912,1074000,340912,0,0,0,0,0,0,181000,200000,10000,190000,4000,13000,-9000,521912
3006,晶豪科          ,1247000,816000,431000,0,0,0,0,0,0,83000,43000,42000,1000,105000,23000,82000,514000
058270,上緯控永豐99購01,0,0,0,0,0,0,0,0,0,507000,0,0,0,844000,337000,507000,507000
3376,新日興          ,745000,1015388,-270388,0,0,0,709000,0,709000,68000,34000,4000,30000,55000,17000,38000,506612
061901,柏文永豐9B購01  ,0,0,0,0,0,0,0,0,0,504000,0,0,0,522000,18000,504000,504000
060746,玉晶光國票9B購02,0,0,0,0,0,0,0,0,0,504000,0,0,0,570000,66000,504000,504000
059030,奇力新兆豐99購03,0,0,0,0,0,0,0,0,0,503000,0,0,0,510000,7000,503000,503000
057307,瀚宇博兆豐99購01,0,0,0,0,0,0,0,0,0,502000,0,0,0,966000,464000,502000,502000
057727,華邦電國泰9A購01,0,0,0,0,0,0,0,0,0,501000,0,0,0,776000,275000,501000,501000
063213,智伸科國票9C購01,0,0,0,0,0,0,0,0,0,499000,0,0,0,506000,7000,499000,499000
3443,創意            ,624000,297000,327000,0,0,0,0,0,0,171000,144000,45000,99000,94000,22000,72000,498000
1762,中化生          ,1478000,773000,705000,0,0,0,0,210000,-210000,3000,3000,0,3000,0,0,0,498000
050915,健策中信98購01  ,0,0,0,0,0,0,0,0,0,496000,0,0,0,570000,74000,496000,496000
07491P,臺股指國票9A售09,0,0,0,0,0,0,0,0,0,495000,0,0,0,635000,140000,495000,495000
00640L,富邦日本正2     ,255000,210000,45000,0,0,0,0,0,0,449000,0,0,0,1315000,866000,449000,494000
2356,英業達          ,4419707,3789000,630707,0,0,0,0,0,0,-143000,5000,2000,3000,172000,318000,-146000,487707
058146,勤誠元大99購01  ,0,0,0,0,0,0,0,0,0,487000,0,0,0,508000,21000,487000,487000
07292P,臺股指凱基99售44,0,0,0,0,0,0,0,0,0,485000,0,0,0,561000,76000,485000,485000
061042,致新永豐9A購02  ,0,0,0,0,0,0,0,0,0,482000,0,0,0,955000,473000,482000,482000
052888,台表科中信9A購01,0,0,0,0,0,0,0,0,0,482000,0,0,0,482000,0,482000,482000
060165,上緯控永豐9A購01,0,0,0,0,0,0,0,0,0,481000,0,0,0,500000,19000,481000,481000
059870,全新凱基99購05  ,0,0,0,0,0,0,0,0,0,478000,0,0,0,523000,45000,478000,478000
2439,美律            ,1045000,584000,461000,0,0,0,0,0,0,17000,45000,32000,13000,35000,31000,4000,478000
2474,可成            ,1383852,933000,450852,0,0,0,62000,0,62000,-37000,36000,8000,28000,6000,71000,-65000,475852
3673,TPK-KY          ,1105188,478000,627188,0,0,0,0,0,0,-152000,76000,20000,56000,156000,364000,-208000,475188
051259,鴻海永昌96購03  ,0,0,0,0,0,0,0,0,0,475000,0,0,0,1263000,788000,475000,475000
056146,台虹元大98購01  ,0,0,0,0,0,0,0,0,0,475000,0,0,0,526000,51000,475000,475000
062709,帆宣元大9B購01  ,0,0,0,0,0,0,0,0,0,473000,0,0,0,553000,80000,473000,473000
052458,T50反1統一97購01,0,0,0,0,0,0,0,0,0,469000,0,0,0,499000,30000,469000,469000
08099P,聯發科中信9B售04,0,0,0,0,0,0,0,0,0,468000,0,0,0,503000,35000,468000,468000
063051,仁寶統一01購01  ,0,0,0,0,0,0,0,0,0,467000,0,0,0,467000,0,467000,467000
06371P,茂林國票98售04  ,0,0,0,0,0,0,0,0,0,467000,0,0,0,481000,14000,467000,467000
06273P,台表科凱基97售04,0,0,0,0,0,0,0,0,0,466000,0,0,0,466000,0,466000,466000
061520,健策中信9A購01  ,0,0,0,0,0,0,0,0,0,464000,0,0,0,646000,182000,464000,464000
060653,全新群益9A購02  ,0,0,0,0,0,0,0,0,0,464000,0,0,0,504000,40000,464000,464000
061514,泰碩永豐9A購02  ,0,0,0,0,0,0,0,0,0,462000,0,0,0,472000,10000,462000,462000
057234,宏達電凱基98購05,0,0,0,0,0,0,0,0,0,456000,0,0,0,468000,12000,456000,456000
050842,旺宏國票97購01  ,0,0,0,0,0,0,0,0,0,453000,0,0,0,568000,115000,453000,453000
056572,義隆元大99購01  ,0,0,0,0,0,0,0,0,0,450000,0,0,0,514000,64000,450000,450000
060277,道瓊反元大9A購02,0,0,0,0,0,0,0,0,0,449000,0,0,0,499000,50000,449000,449000
056459,茂林凱基99購01  ,0,0,0,0,0,0,0,0,0,448000,0,0,0,558000,110000,448000,448000
063363,鴻海富邦9B購02  ,0,0,0,0,0,0,0,0,0,446000,0,0,0,452000,6000,446000,446000
061241,晶技兆豐9A購01  ,0,0,0,0,0,0,0,0,0,445000,0,0,0,597000,152000,445000,445000
2478,大毅            ,994000,515000,479000,0,0,0,0,0,0,-35000,0,0,0,38000,73000,-35000,444000
056044,同欣電凱基97購03,0,0,0,0,0,0,0,0,0,442000,0,0,0,442000,0,442000,442000
060626,貿聯元大9A購04  ,0,0,0,0,0,0,0,0,0,442000,0,0,0,639000,197000,442000,442000
062020,智伸科永豐9B購01,0,0,0,0,0,0,0,0,0,441000,0,0,0,443000,2000,441000,441000
060871,台灣50中信01購03,0,0,0,0,0,0,0,0,0,440000,0,0,0,440000,0,440000,440000
054506,矽格永豐96購01  ,0,0,0,0,0,0,0,0,0,440000,0,0,0,440000,0,440000,440000
07170P,臺股指國票99售07,0,0,0,0,0,0,0,0,0,439000,0,0,0,805000,366000,439000,439000
01003T,兆豐新光R1      ,438000,0,438000,0,0,0,0,0,0,0,0,0,0,0,0,0,438000
061769,晶技元大9B購03  ,0,0,0,0,0,0,0,0,0,436000,0,0,0,605000,169000,436000,436000
062955,立積永豐9B購02  ,0,0,0,0,0,0,0,0,0,429000,0,0,0,514000,85000,429000,429000
06763P,技嘉元大98售05  ,0,0,0,0,0,0,0,0,0,429000,0,0,0,429000,0,429000,429000
061283,智邦統一9A購01  ,1000,0,1000,0,0,0,0,0,0,426000,0,0,0,818000,392000,426000,427000
058113,百和元富98購01  ,0,0,0,0,0,0,0,0,0,423000,0,0,0,423000,0,423000,423000
062487,中興電永豐9B購01,0,0,0,0,0,0,0,0,0,421000,0,0,0,708000,287000,421000,421000
063237,微星元大9B購02  ,0,0,0,0,0,0,0,0,0,415000,0,0,0,455000,40000,415000,415000
00647L,元大S&P500正2   ,24000,18000,6000,0,0,0,0,0,0,406000,0,0,0,789000,383000,406000,412000
055137,GIS富邦98購01   ,0,0,0,0,0,0,0,0,0,412000,0,0,0,682000,270000,412000,412000
055174,精元統一97購01  ,0,0,0,0,0,0,0,0,0,411000,0,0,0,1005000,594000,411000,411000
055744,茂林元富97購02  ,0,0,0,0,0,0,0,0,0,409000,0,0,0,601000,192000,409000,409000
062046,矽格凱基9B購01  ,0,0,0,0,0,0,0,0,0,406000,0,0,0,521000,115000,406000,406000
058200,世芯康和99購01  ,4000,0,4000,0,0,0,0,0,0,402000,0,0,0,1230000,828000,402000,406000
060792,信錦永豐9A購01  ,0,0,0,0,0,0,0,0,0,406000,0,0,0,406000,0,406000,406000
062870,亞德客兆豐9C購01,0,0,0,0,0,0,0,0,0,403000,0,0,0,532000,129000,403000,403000
061942,亞德客群益9B購01,0,0,0,0,0,0,0,0,0,402000,0,0,0,463000,61000,402000,402000
054244,華新元大96購01  ,0,0,0,0,0,0,0,0,0,400000,0,0,0,468000,68000,400000,400000
058112,神達元富98購01  ,0,0,0,0,0,0,0,0,0,400000,0,0,0,400000,0,400000,400000
061214,華擎元大9A購04  ,0,0,0,0,0,0,0,0,0,399000,0,0,0,433000,34000,399000,399000
056229,可成凱基97購04  ,0,0,0,0,0,0,0,0,0,399000,0,0,0,399000,0,399000,399000
059257,臺股指凱基99購35,0,0,0,0,0,0,0,0,0,399000,0,0,0,401000,2000,399000,399000
061187,瀚宇博國泰9C購01,0,0,0,0,0,0,0,0,0,393000,0,0,0,833000,440000,393000,393000
055142,健策永豐98購01  ,0,0,0,0,0,0,0,0,0,393000,0,0,0,393000,0,393000,393000
060312,潤泰全永豐9A購01,0,0,0,0,0,0,0,0,0,392000,0,0,0,392000,0,392000,392000
058483,道瓊指國票9A購01,0,0,0,0,0,0,0,0,0,391000,0,0,0,391000,0,391000,391000
059862,全新群益99購04  ,0,0,0,0,0,0,0,0,0,391000,0,0,0,528000,137000,391000,391000
061886,力山國泰01購01  ,0,0,0,0,0,0,0,0,0,389000,0,0,0,594000,205000,389000,389000
059841,國巨富邦9C購01  ,0,0,0,0,0,0,0,0,0,388000,0,0,0,469000,81000,388000,388000
058080,台積電群益98購06,0,0,0,0,0,0,0,0,0,388000,0,0,0,388000,0,388000,388000
055030,帆宣國泰99購02  ,0,0,0,0,0,0,0,0,0,386000,0,0,0,440000,54000,386000,386000
054983,國巨元富97購04  ,0,0,0,0,0,0,0,0,0,385000,0,0,0,385000,0,385000,385000
062852,聯發科永豐9B購02,0,0,0,0,0,0,0,0,0,384000,0,0,0,431000,47000,384000,384000
062407,同欣電永豐9B購01,0,0,0,0,0,0,0,0,0,381000,0,0,0,397000,16000,381000,381000
057225,華新凱基98購01  ,0,0,0,0,0,0,0,0,0,380000,0,0,0,405000,25000,380000,380000
056545,TPK凱基98購02   ,0,0,0,0,0,0,0,0,0,379000,0,0,0,432000,53000,379000,379000
055417,健策富邦98購02  ,0,0,0,0,0,0,0,0,0,379000,0,0,0,689000,310000,379000,379000
6416,瑞祺電通        ,544000,283000,261000,0,0,0,147000,76000,71000,46000,106000,34000,72000,61000,87000,-26000,378000
063445,金像電統一9B購01,15000,0,15000,0,0,0,0,0,0,362000,0,0,0,432000,70000,362000,377000
062005,旺宏國泰01購01  ,0,0,0,0,0,0,0,0,0,377000,0,0,0,377000,0,377000,377000
2102,泰豐            ,778000,401000,377000,0,0,0,0,0,0,0,0,0,0,0,0,0,377000
062069,喬山元大9B購01  ,0,0,0,0,0,0,0,0,0,373000,0,0,0,488000,115000,373000,373000
061524,華通凱基9A購07  ,0,0,0,0,0,0,0,0,0,373000,0,0,0,481000,108000,373000,373000
061074,儒鴻兆豐9B購01  ,0,0,0,0,0,0,0,0,0,373000,0,0,0,469000,96000,373000,373000
060034,立積永豐99購04  ,0,0,0,0,0,0,0,0,0,372000,0,0,0,397000,25000,372000,372000
055871,群創台新97購02  ,0,0,0,0,0,0,0,0,0,370000,0,0,0,370000,0,370000,370000
4746,台耀            ,626000,256000,370000,0,0,0,0,0,0,0,7000,7000,0,0,0,0,370000
061536,華擎統一9C購02  ,0,0,0,0,0,0,0,0,0,369000,0,0,0,435000,66000,369000,369000
060715,日電貿永豐9A購01,0,0,0,0,0,0,0,0,0,369000,0,0,0,421000,52000,369000,369000
060265,宏達電國票9A購02,0,0,0,0,0,0,0,0,0,368000,0,0,0,443000,75000,368000,368000
057092,健策元富98購01  ,0,0,0,0,0,0,0,0,0,367000,0,0,0,369000,2000,367000,367000
057193,力成元大98購02  ,0,0,0,0,0,0,0,0,0,365000,0,0,0,365000,0,365000,365000
062890,祥碩群益9B購04  ,0,0,0,0,0,0,0,0,0,362000,0,0,0,1131000,769000,362000,362000
3023,信邦            ,387986,221145,166841,0,0,0,200000,0,200000,-5000,0,3000,-3000,12000,14000,-2000,361841
062051,上銀統一9C購02  ,0,0,0,0,0,0,0,0,0,360000,0,0,0,360000,0,360000,360000
056309,合勤控元大97購01,0,0,0,0,0,0,0,0,0,360000,0,0,0,578000,218000,360000,360000
3557,嘉威            ,1060000,922000,138000,0,0,0,222000,0,222000,0,0,0,0,0,0,0,360000
055127,台虹兆豐97購01  ,0,0,0,0,0,0,0,0,0,358000,0,0,0,358000,0,358000,358000
057062,立積國泰99購01  ,0,0,0,0,0,0,0,0,0,358000,0,0,0,373000,15000,358000,358000
2454,聯發科          ,6414634,6623558,-208924,0,0,0,320000,211000,109000,455000,623000,115000,508000,36000,89000,-53000,355076
062608,智易凱基9B購01  ,0,0,0,0,0,0,0,0,0,355000,0,0,0,701000,346000,355000,355000
057969,緯穎國泰99購01  ,0,0,0,0,0,0,0,0,0,355000,0,0,0,463000,108000,355000,355000
053965,聯電元大98購04  ,0,0,0,0,0,0,0,0,0,354000,0,0,0,354000,0,354000,354000
059516,TPK永豐99購01   ,0,0,0,0,0,0,0,0,0,353000,0,0,0,436000,83000,353000,353000
057088,上銀元富98購01  ,0,0,0,0,0,0,0,0,0,352000,0,0,0,398000,46000,352000,352000
058363,全新凱基9A購02  ,0,0,0,0,0,0,0,0,0,352000,0,0,0,352000,0,352000,352000
06657P,寶成元大98售01  ,0,0,0,0,0,0,0,0,0,351000,0,0,0,351000,0,351000,351000
062809,同欣電統一9C購01,0,0,0,0,0,0,0,0,0,350000,0,0,0,457000,107000,350000,350000
053947,義隆富邦97購01  ,0,0,0,0,0,0,0,0,0,350000,0,0,0,618000,268000,350000,350000
056989,鴻海兆豐98購02  ,0,0,0,0,0,0,0,0,0,350000,0,0,0,355000,5000,350000,350000
055873,聚陽元富97購01  ,0,0,0,0,0,0,0,0,0,348000,0,0,0,349000,1000,348000,348000
055131,茂林康和97購01  ,0,0,0,0,0,0,0,0,0,344000,0,0,0,344000,0,344000,344000
058515,健鼎元大99購01  ,0,0,0,0,0,0,0,0,0,344000,0,0,0,441000,97000,344000,344000
062344,力山群益9B購02  ,0,0,0,0,0,0,0,0,0,340000,0,0,0,435000,95000,340000,340000
05730P,臺股指凱基97售03,0,0,0,0,0,0,0,0,0,340000,0,0,0,340000,0,340000,340000
057989,旺宏統一99購04  ,0,0,0,0,0,0,0,0,0,340000,0,0,0,340000,0,340000,340000
07105P,大毅元富99售02  ,0,0,0,0,0,0,0,0,0,338000,0,0,0,438000,100000,338000,338000
07503P,禾伸堂元大9A售01,0,0,0,0,0,0,0,0,0,337000,0,0,0,341000,4000,337000,337000
6153,嘉聯益          ,1339000,2035000,-696000,0,0,0,0,0,0,1031000,401000,145000,256000,813000,38000,775000,335000
060385,台勝科凱基9A購01,0,0,0,0,0,0,0,0,0,333000,0,0,0,346000,13000,333000,333000
055891,鴻海統一9A購01  ,0,0,0,0,0,0,0,0,0,332000,0,0,0,391000,59000,332000,332000
050813,旺宏凱基96購01  ,0,0,0,0,0,0,0,0,0,332000,0,0,0,332000,0,332000,332000
061624,中租群益9A購01  ,0,0,0,0,0,0,0,0,0,331000,0,0,0,331000,0,331000,331000
056438,旺宏凱基98購05  ,0,0,0,0,0,0,0,0,0,330000,0,0,0,330000,0,330000,330000
06899P,嘉澤群益98售01  ,0,0,0,0,0,0,0,0,0,330000,0,0,0,500000,170000,330000,330000
061043,百和永豐9A購01  ,0,0,0,0,0,0,0,0,0,329000,0,0,0,342000,13000,329000,329000
062836,同欣電群益9B購02,0,0,0,0,0,0,0,0,0,328000,0,0,0,360000,32000,328000,328000
058841,深中小群益01購01,0,0,0,0,0,0,0,0,0,328000,0,0,0,713000,385000,328000,328000
062026,華邦電群益9B購01,0,0,0,0,0,0,0,0,0,327000,0,0,0,327000,0,327000,327000
057457,華邦電富邦98購01,0,0,0,0,0,0,0,0,0,327000,0,0,0,357000,30000,327000,327000
062532,聯詠統一9C購01  ,0,0,0,0,0,0,0,0,0,325000,0,0,0,325000,0,325000,325000
2606,裕民            ,729000,404000,325000,0,0,0,0,0,0,0,0,0,0,0,0,0,325000
2395,研華            ,1172962,846390,326572,0,0,0,0,0,0,-2000,0,2000,-2000,0,0,0,324572
061974,光寶科元大9B購01,0,0,0,0,0,0,0,0,0,321000,0,0,0,445000,124000,321000,321000
06529P,貿聯富邦99售03  ,0,0,0,0,0,0,0,0,0,320000,0,0,0,500000,180000,320000,320000
056381,台虹元富98購01  ,0,0,0,0,0,0,0,0,0,318000,0,0,0,768000,450000,318000,318000
062877,可成兆豐9C購01  ,0,0,0,0,0,0,0,0,0,315000,0,0,0,351000,36000,315000,315000
059851,晶相光永豐99購02,0,0,0,0,0,0,0,0,0,312000,0,0,0,312000,0,312000,312000
07418P,聯發科元大99售45,0,0,0,0,0,0,0,0,0,312000,0,0,0,339000,27000,312000,312000
3406,玉晶光          ,865000,687000,178000,0,0,0,15000,17000,-2000,136000,366000,291000,75000,79000,18000,61000,312000
061639,晶豪科元大9A購02,0,0,0,0,0,0,0,0,0,310000,0,0,0,352000,42000,310000,310000
054982,國巨元富97購03  ,0,0,0,0,0,0,0,0,0,310000,0,0,0,310000,0,310000,310000
05590P,臺股指中信96售05,0,0,0,0,0,0,0,0,0,310000,0,0,0,310000,0,310000,310000
057998,玉晶光麥證9A購01,0,0,0,312000,2000,310000,0,0,0,310000,0,0,0,312000,2000,310000,310000
058721,立積元富9C購01  ,0,0,0,0,0,0,0,0,0,309000,0,0,0,484000,175000,309000,309000
054017,茂林永豐96購02  ,0,0,0,0,0,0,0,0,0,309000,0,0,0,311000,2000,309000,309000
057445,華通元富02購01  ,0,0,0,0,0,0,0,0,0,307000,0,0,0,652000,345000,307000,307000
060326,群光群益9A購01  ,0,0,0,0,0,0,0,0,0,307000,0,0,0,355000,48000,307000,307000
053904,漢唐凱基97購01  ,0,0,0,0,0,0,0,0,0,306000,0,0,0,306000,0,306000,306000
056749,滬深2X兆豐99購01,0,0,0,0,0,0,0,0,0,306000,0,0,0,306000,0,306000,306000
061718,GIS凱基9B購01   ,0,0,0,0,0,0,0,0,0,305000,0,0,0,545000,240000,305000,305000
2104,國際中橡        ,1282000,878000,404000,0,0,0,0,0,0,-99000,0,25000,-25000,0,74000,-74000,305000
062835,瑞儀群益9B購01  ,0,0,0,0,0,0,0,0,0,303000,0,0,0,438000,135000,303000,303000
2501,國建            ,141000,431000,-290000,0,0,0,592000,0,592000,0,0,0,0,0,0,0,302000
061816,長榮航群益9B購02,0,0,0,0,0,0,0,0,0,300000,0,0,0,423000,123000,300000,300000
05628P,茂林國票97售02  ,0,0,0,0,0,0,0,0,0,300000,0,0,0,300000,0,300000,300000
056057,華邦電元大97購05,0,0,0,0,0,0,0,0,0,300000,0,0,0,300000,0,300000,300000
050171,臺指反元大97購03,0,0,0,0,0,0,0,0,0,300000,0,0,0,300000,0,300000,300000
07616P,瑞昱中信02售01  ,0,0,0,0,0,0,0,0,0,300000,0,0,0,300000,0,300000,300000
07452P,國巨元大9A售05  ,0,0,0,0,0,0,0,0,0,299000,0,0,0,299000,0,299000,299000
061596,健策永豐9A購03  ,0,0,0,0,0,0,0,0,0,298000,0,0,0,319000,21000,298000,298000
061866,力山元大9C購01  ,0,0,0,0,0,0,0,0,0,296000,0,0,0,363000,67000,296000,296000
059128,友達中信99購02  ,0,0,0,0,0,0,0,0,0,296000,0,0,0,351000,55000,296000,296000
058734,康友永豐99購01  ,0,0,0,0,0,0,0,0,0,295000,0,0,0,360000,65000,295000,295000
056091,百和統一97購01  ,0,0,0,0,0,0,0,0,0,294000,0,0,0,360000,66000,294000,294000
056674,華邦電元富98購01,0,0,0,0,0,0,0,0,0,294000,0,0,0,739000,445000,294000,294000
061840,長榮航凱基9C購01,0,0,0,0,0,0,0,0,0,293000,0,0,0,317000,24000,293000,293000
062540,茂林國泰9C購01  ,0,0,0,0,0,0,0,0,0,290000,0,0,0,406000,116000,290000,290000
063290,GIS元大9B購02   ,0,0,0,0,0,0,0,0,0,290000,0,0,0,434000,144000,290000,290000
058727,嘉晶富邦9A購01  ,0,0,0,0,0,0,0,0,0,290000,0,0,0,346000,56000,290000,290000
04995P,台達電凱基96售03,0,0,0,0,0,0,0,0,0,290000,0,0,0,390000,100000,290000,290000
057902,嘉晶永豐98購02  ,0,10000,-10000,0,0,0,0,0,0,299000,0,0,0,363000,64000,299000,289000
060562,旺宏富邦9C購02  ,0,0,0,0,0,0,0,0,0,289000,0,0,0,306000,17000,289000,289000
055261,帆宣統一98購01  ,0,0,0,0,0,0,0,0,0,288000,0,0,0,335000,47000,288000,288000
056215,華新科國票97購03,0,0,0,0,0,0,0,0,0,288000,0,0,0,344000,56000,288000,288000
060030,晶相光永豐99購03,0,0,0,0,0,0,0,0,0,288000,0,0,0,288000,0,288000,288000
060008,華邦電群益9A購01,0,0,0,0,0,0,0,0,0,288000,0,0,0,538000,250000,288000,288000
060242,潤泰全元大9C購01,0,0,0,0,0,0,0,0,0,287000,0,0,0,397000,110000,287000,287000
060965,中租凱基9B購01  ,0,0,0,0,0,0,0,0,0,285000,0,0,0,393000,108000,285000,285000
055887,上銀統一97購03  ,0,0,0,0,0,0,0,0,0,285000,0,0,0,390000,105000,285000,285000
03603P,群創凱基98售04  ,0,0,0,0,0,0,0,0,0,285000,0,0,0,450000,165000,285000,285000
062291,力成富邦9B購01  ,0,0,0,0,0,0,0,0,0,284000,0,0,0,287000,3000,284000,284000
062846,國泰金富邦9C購01,0,0,0,0,0,0,0,0,0,284000,0,0,0,299000,15000,284000,284000
6166,凌華            ,410000,136547,273453,0,0,0,0,0,0,10000,0,0,0,10000,0,10000,283453
060763,聯鈞元大9A購03  ,0,0,0,0,0,0,0,0,0,283000,0,0,0,412000,129000,283000,283000
5471,松翰            ,2258000,1575000,683000,0,0,0,0,400000,-400000,0,0,0,0,0,0,0,283000
051594,和碩元大96購01  ,0,0,0,0,0,0,0,0,0,282000,0,0,0,300000,18000,282000,282000
060157,致茂永豐9A購02  ,0,0,0,0,0,0,0,0,0,282000,0,0,0,295000,13000,282000,282000
2390,云辰            ,689000,407000,282000,0,0,0,0,0,0,0,0,0,0,0,0,0,282000
063065,聯發科麥證9C購01,0,0,0,280000,0,280000,0,0,0,280000,0,0,0,280000,0,280000,280000
054455,楠梓電群益98購02,0,0,0,0,0,0,0,0,0,280000,0,0,0,280000,0,280000,280000
056846,晶相光元富98購01,0,0,0,0,0,0,0,0,0,280000,0,0,0,304000,24000,280000,280000
060002,T50反1群益9A購01,0,0,0,0,0,0,0,0,0,280000,0,0,0,280000,0,280000,280000
058646,聯茂富邦9A購01  ,0,0,0,0,0,0,0,0,0,280000,0,0,0,322000,42000,280000,280000
3698,隆達            ,1189000,859000,330000,0,0,0,0,0,0,-50000,0,60000,-60000,10000,0,10000,280000
061395,健策統一9C購02  ,0,2000,-2000,0,0,0,0,0,0,280000,0,0,0,629000,349000,280000,278000
062801,宏達電統一01購01,0,0,0,0,0,0,0,0,0,277000,0,0,0,292000,15000,277000,277000
062234,廣達凱基9B購01  ,0,0,0,0,0,0,0,0,0,277000,0,0,0,415000,138000,277000,277000
06853P,華擎元富98售03  ,0,0,0,0,0,0,0,0,0,277000,0,0,0,433000,156000,277000,277000
056845,揚明光元富98購01,0,0,0,0,0,0,0,0,0,274000,0,0,0,358000,84000,274000,274000
07649P,金像電永豐9A售02,0,0,0,0,0,0,0,0,0,274000,0,0,0,723000,449000,274000,274000
062677,儒鴻統一01購01  ,0,0,0,0,0,0,0,0,0,273000,0,0,0,677000,404000,273000,273000
055960,義隆元大97購01  ,0,0,0,0,0,0,0,0,0,273000,0,0,0,317000,44000,273000,273000
059950,百和永豐99購02  ,0,0,0,0,0,0,0,0,0,273000,0,0,0,351000,78000,273000,273000
058380,臺股指凱基99購15,0,0,0,0,0,0,0,0,0,273000,0,0,0,719000,446000,273000,273000
063144,超眾統一9C購02  ,0,0,0,0,0,0,0,0,0,271000,0,0,0,524000,253000,271000,271000
1526,日馳            ,278000,7000,271000,0,0,0,0,0,0,0,0,0,0,0,0,0,271000
054563,泰碩群益99購01  ,0,0,0,0,0,0,0,0,0,270000,0,0,0,330000,60000,270000,270000
054567,拓凱群益98購01  ,0,0,0,0,0,0,0,0,0,270000,0,0,0,675000,405000,270000,270000
061170,南茂兆豐9B購01  ,0,0,0,0,0,0,0,0,0,269000,0,0,0,299000,30000,269000,269000
07983P,茂林群益9B售03  ,0,0,0,0,0,0,0,0,0,268000,0,0,0,288000,20000,268000,268000
053088,奇鋐元大98購01  ,0,0,0,0,0,0,0,0,0,267000,0,0,0,288000,21000,267000,267000
3450,聯鈞            ,777000,496000,281000,0,0,0,0,0,0,-14000,0,0,0,9000,23000,-14000,267000
062461,智伸科群益9B購01,0,0,0,0,0,0,0,0,0,266000,0,0,0,276000,10000,266000,266000
056657,華邦電元大99購01,0,0,0,0,0,0,0,0,0,266000,0,0,0,376000,110000,266000,266000
056981,全新群益99購03  ,0,0,0,0,0,0,0,0,0,265000,0,0,0,265000,0,265000,265000
3533,嘉澤            ,1334000,892000,442000,0,0,0,0,170000,-170000,-7000,20000,19000,1000,5000,13000,-8000,265000
057720,日電貿元富98購01,0,0,0,0,0,0,0,0,0,264000,0,0,0,362000,98000,264000,264000
060122,亞德客永豐99購02,0,0,0,0,0,0,0,0,0,264000,0,0,0,360000,96000,264000,264000
055092,開發金群益9B購01,0,0,0,0,0,0,0,0,0,263000,0,0,0,298000,35000,263000,263000
054098,嘉晶國票97購04  ,0,0,0,0,0,0,0,0,0,263000,0,0,0,267000,4000,263000,263000
05424P,台達電亞東96售02,0,0,0,0,0,0,0,0,0,262000,0,0,0,262000,0,262000,262000
061865,力山元大9B購01  ,0,0,0,0,0,0,0,0,0,261000,0,0,0,331000,70000,261000,261000
062039,聯發科凱基9B購07,0,0,0,0,0,0,0,0,0,261000,0,0,0,281000,20000,261000,261000
1449,佳和            ,398000,137000,261000,0,0,0,0,0,0,0,0,0,0,0,0,0,261000
2542,興富發          ,1786254,1830500,-44246,0,0,0,0,0,0,305000,232000,51000,181000,124000,0,124000,260754
061032,金像電永豐9A購03,0,0,0,0,0,0,0,0,0,259000,0,0,0,388000,129000,259000,259000
058327,大毅統一9B購01  ,0,0,0,0,0,0,0,0,0,258000,0,0,0,318000,60000,258000,258000
08132P,南六元大9B售05  ,0,0,0,0,0,0,0,0,0,258000,0,0,0,369000,111000,258000,258000
057539,南茂元大98購02  ,0,0,0,0,0,0,0,0,0,257000,0,0,0,400000,143000,257000,257000
057196,茂林台新98購01  ,0,0,0,0,0,0,0,0,0,256000,0,0,0,256000,0,256000,256000
057888,貿聯群益98購02  ,0,0,0,0,0,0,0,0,0,255000,0,0,0,296000,41000,255000,255000
060288,群光元大9C購01  ,0,0,0,0,0,0,0,0,0,255000,0,0,0,434000,179000,255000,255000
060630,國巨富邦9C購03  ,0,0,0,0,0,0,0,0,0,254000,0,0,0,254000,0,254000,254000
055741,健策元富97購01  ,0,0,0,0,0,0,0,0,0,253000,0,0,0,373000,120000,253000,253000
058053,上銀統一9B購01  ,0,0,0,0,0,0,0,0,0,253000,0,0,0,330000,77000,253000,253000
2385,群光            ,1582294,1469600,112694,0,0,0,233000,0,233000,-93000,28000,40000,-12000,21000,102000,-81000,252694
061306,瑞祺永豐9A購02  ,0,0,0,0,0,0,0,0,0,251000,0,0,0,251000,0,251000,251000
058950,國巨群益99購06  ,0,0,0,0,0,0,0,0,0,251000,0,0,0,304000,53000,251000,251000
053502,智伸科兆豐97購01,0,0,0,0,0,0,0,0,0,251000,0,0,0,303000,52000,251000,251000
061765,義隆元大9B購01  ,0,0,0,0,0,0,0,0,0,250000,0,0,0,324000,74000,250000,250000
062549,中租永豐9B購01  ,0,0,0,0,0,0,0,0,0,250000,0,0,0,409000,159000,250000,250000
063111,TPK兆豐9B購01   ,0,0,0,0,0,0,0,0,0,250000,0,0,0,300000,50000,250000,250000
052468,超眾統一96購02  ,0,0,0,0,0,0,0,0,0,250000,0,0,0,422000,172000,250000,250000
053847,美律元富96購02  ,0,0,0,0,0,0,0,0,0,250000,0,0,0,250000,0,250000,250000
057252,牧德元富98購01  ,0,0,0,0,0,0,0,0,0,250000,0,0,0,250000,0,250000,250000
061366,台勝科國票9A購01,0,0,0,0,0,0,0,0,0,248000,0,0,0,278000,30000,248000,248000
055639,上銀元富97購02  ,0,0,0,0,0,0,0,0,0,248000,0,0,0,297000,49000,248000,248000
062435,國巨元大9B購13  ,0,0,0,0,0,0,0,0,0,247000,0,0,0,247000,0,247000,247000
062906,全新元大9B購03  ,0,0,0,0,0,0,0,0,0,246000,0,0,0,282000,36000,246000,246000
061662,瑞儀永豐9A購02  ,0,0,0,0,0,0,0,0,0,246000,0,0,0,289000,43000,246000,246000
062057,華邦電統一01購01,0,0,0,0,0,0,0,0,0,246000,0,0,0,507000,261000,246000,246000
051849,旺宏中信98購01  ,0,0,0,0,0,0,0,0,0,246000,0,0,0,930000,684000,246000,246000
053492,華邦電兆豐97購01,0,0,0,0,0,0,0,0,0,245000,0,0,0,330000,85000,245000,245000
2031,新光鋼          ,374000,216000,158000,0,0,0,100000,0,100000,-13000,0,13000,-13000,0,0,0,245000
052003,泰碩國泰97購02  ,0,0,0,0,0,0,0,0,0,244000,0,0,0,347000,103000,244000,244000
060559,世紀鋼凱基9C購01,0,0,0,0,0,0,0,0,0,244000,0,0,0,432000,188000,244000,244000
061790,中租群益9B購01  ,0,0,0,0,0,0,0,0,0,243000,0,0,0,243000,0,243000,243000
062481,同欣電國票9B購01,0,0,0,0,0,0,0,0,0,243000,0,0,0,296000,53000,243000,243000
054517,高鐵元大96購01  ,0,0,0,0,0,0,0,0,0,243000,0,0,0,490000,247000,243000,243000
060169,群電永豐9A購01  ,0,0,0,0,0,0,0,0,0,243000,0,0,0,275000,32000,243000,243000
062561,瀚宇博凱基9B購01,0,0,0,0,0,0,0,0,0,242000,0,0,0,282000,40000,242000,242000
057467,祥碩永豐98購04  ,0,0,0,0,0,0,0,0,0,242000,0,0,0,265000,23000,242000,242000
059570,全新凱基99購04  ,0,0,0,0,0,0,0,0,0,242000,0,0,0,242000,0,242000,242000
057357,超眾統一98購01  ,0,0,0,0,0,0,0,0,0,241000,0,0,0,422000,181000,241000,241000
062246,力山元大9B購02  ,0,0,0,0,0,0,0,0,0,240000,0,0,0,348000,108000,240000,240000
060134,鈺齊群益9A購01  ,0,0,0,0,0,0,0,0,0,240000,0,0,0,275000,35000,240000,240000
053114,聯茂兆豐97購01  ,0,0,0,0,0,0,0,0,0,239000,0,0,0,389000,150000,239000,239000
056343,高鐵凱基98購02  ,0,10000,-10000,0,0,0,0,0,0,249000,0,0,0,307000,58000,249000,239000
1760,寶齡富錦        ,1803000,1419000,384000,0,0,0,0,61000,-61000,-84000,0,84000,-84000,0,0,0,239000
058399,美律元大99購05  ,0,0,0,0,0,0,0,0,0,238000,0,0,0,248000,10000,238000,238000
06851P,鈺齊元大98售01  ,0,0,0,0,0,0,0,0,0,238000,0,0,0,238000,0,238000,238000
062717,華邦電凱基9C購01,0,0,0,0,0,0,0,0,0,236000,0,0,0,278000,42000,236000,236000
060485,華新科富邦9C購04,0,0,0,0,0,0,0,0,0,236000,0,0,0,266000,30000,236000,236000
08014P,微星凱基9B售02  ,0,0,0,0,0,0,0,0,0,236000,0,0,0,252000,16000,236000,236000
056196,聯茂富邦98購02  ,0,0,0,0,0,0,0,0,0,235000,0,0,0,320000,85000,235000,235000
00635U,元大S&P黃金     ,0,0,0,0,0,0,0,0,0,235000,0,0,0,490000,255000,235000,235000
053844,GIS統一96購01   ,0,0,0,0,0,0,0,0,0,233000,0,0,0,233000,0,233000,233000
057616,聯電凱基99購01  ,0,0,0,0,0,0,0,0,0,233000,0,0,0,233000,0,233000,233000
061943,上銀群益9B購02  ,0,0,0,0,0,0,0,0,0,232000,0,0,0,232000,0,232000,232000
060238,強茂元大9C購01  ,0,0,0,0,0,0,0,0,0,232000,0,0,0,244000,12000,232000,232000
058733,同欣電永豐99購02,0,0,0,0,0,0,0,0,0,231000,0,0,0,232000,1000,231000,231000
056393,精元永豐98購01  ,0,0,0,0,0,0,0,0,0,230000,0,0,0,500000,270000,230000,230000
055248,可成統一97購02  ,0,0,0,0,0,0,0,0,0,230000,0,0,0,230000,0,230000,230000
059976,道瓊銀元大99購01,0,0,0,0,0,0,0,0,0,230000,0,0,0,230000,0,230000,230000
060920,超眾富邦9B購01  ,0,0,0,0,0,0,0,0,0,229000,0,0,0,506000,277000,229000,229000
060880,中壽中信9C購01  ,0,0,0,0,0,0,0,0,0,229000,0,0,0,235000,6000,229000,229000
062977,健策元富9B購01  ,0,0,0,0,0,0,0,0,0,229000,0,0,0,263000,34000,229000,229000
059949,啟碁永豐99購01  ,0,0,0,0,0,0,0,0,0,227000,0,0,0,227000,0,227000,227000
062979,茂林元富9B購01  ,0,0,0,0,0,0,0,0,0,226000,0,0,0,294000,68000,226000,226000
058026,上銀富邦9A購01  ,0,0,0,0,0,0,0,0,0,226000,0,0,0,266000,40000,226000,226000
061797,聯發科永豐9B購01,0,0,0,0,0,0,0,0,0,225000,0,0,0,275000,50000,225000,225000
054717,亞德客永豐97購01,0,0,0,0,0,0,0,0,0,225000,0,0,0,235000,10000,225000,225000
060503,技嘉元大9A購01  ,0,0,0,0,0,0,0,0,0,225000,0,0,0,244000,19000,225000,225000
058666,上証反群益01購01,0,0,0,0,0,0,0,0,0,223000,0,0,0,223000,0,223000,223000
05976P,國巨凱基96售14  ,0,0,0,0,0,0,0,0,0,223000,0,0,0,223000,0,223000,223000
07889P,旭富國票9B售01  ,0,0,0,0,0,0,0,0,0,222000,0,0,0,368000,146000,222000,222000
8213,志超            ,831000,748803,82197,0,0,0,0,0,0,139000,0,0,0,158000,19000,139000,221197
056762,亞德客元大98購01,0,0,0,0,0,0,0,0,0,221000,0,0,0,226000,5000,221000,221000
059358,旺宏永豐99購02  ,0,0,0,0,0,0,0,0,0,221000,0,0,0,276000,55000,221000,221000
05207P,高股息中信97售03,0,0,0,0,0,0,0,0,0,220000,0,0,0,220000,0,220000,220000
062323,上銀統一9B購03  ,0,0,0,0,0,0,0,0,0,219000,0,0,0,265000,46000,219000,219000
056144,GIS元大98購01   ,0,0,0,0,0,0,0,0,0,219000,0,0,0,452000,233000,219000,219000
062542,南電國泰9C購01  ,0,0,0,0,0,0,0,0,0,218000,0,0,0,235000,17000,218000,218000
055859,啟碁元大97購03  ,0,0,0,0,0,0,0,0,0,218000,0,0,0,219000,1000,218000,218000
063206,貿聯統一9C購02  ,0,0,0,0,0,0,0,0,0,217000,0,0,0,687000,470000,217000,217000
056584,鴻海統一9B購01  ,0,0,0,0,0,0,0,0,0,217000,0,0,0,1182000,965000,217000,217000
4414,如興            ,528000,311000,217000,0,0,0,0,0,0,0,0,0,0,0,0,0,217000
056478,晶技元大99購01  ,0,0,0,0,0,0,0,0,0,216000,0,0,0,216000,0,216000,216000
053932,華新科統一96購03,0,0,0,0,0,0,0,0,0,216000,0,0,0,216000,0,216000,216000
059452,全新永豐99購03  ,0,0,0,0,0,0,0,0,0,216000,0,0,0,241000,25000,216000,216000
057206,立積元富98購01  ,0,0,0,0,0,0,0,0,0,216000,0,0,0,268000,52000,216000,216000
060243,潤泰全元大9C購02,0,0,0,0,0,0,0,0,0,216000,0,0,0,366000,150000,216000,216000
061036,晶技永豐9A購03  ,0,0,0,0,0,0,0,0,0,215000,0,0,0,215000,0,215000,215000
061377,聯發科永豐9A購04,0,0,0,0,0,0,0,0,0,215000,0,0,0,220000,5000,215000,215000
5305,敦南            ,310000,95000,215000,0,0,0,0,0,0,0,0,0,0,0,0,0,215000
058190,貿聯永豐99購01  ,0,0,0,0,0,0,0,0,0,214000,0,0,0,230000,16000,214000,214000
2376,技嘉            ,4112000,2217758,1894242,0,0,0,0,1503000,-1503000,-178000,115000,200000,-85000,29000,122000,-93000,213242
062947,國巨富邦01購01  ,0,0,0,0,0,0,0,0,0,213000,0,0,0,605000,392000,213000,213000
060419,漢翔永豐9A購01  ,0,0,0,0,0,0,0,0,0,213000,0,0,0,213000,0,213000,213000
060696,道瓊反國泰9C購01,0,0,0,0,0,0,0,0,0,213000,0,0,0,213000,0,213000,213000
062448,健策元大9C購04  ,0,0,0,0,0,0,0,0,0,212000,0,0,0,222000,10000,212000,212000
049700,瀚宇博元大97購01,0,0,0,0,0,0,0,0,0,212000,0,0,0,308000,96000,212000,212000
052167,亞泥元大96購01  ,0,0,0,0,0,0,0,0,0,211000,0,0,0,211000,0,211000,211000
059355,國巨富邦9B購03  ,0,0,0,0,0,0,0,0,0,211000,0,0,0,211000,0,211000,211000
061697,世紀鋼群益9A購03,0,0,0,0,0,0,0,0,0,210000,0,0,0,230000,20000,210000,210000
061651,世紀鋼元大9C購02,0,0,0,0,0,0,0,0,0,210000,0,0,0,256000,46000,210000,210000
061625,聯茂群益9A購02  ,0,0,0,0,0,0,0,0,0,210000,0,0,0,468000,258000,210000,210000
047410,上銀元富96購01  ,0,0,0,0,0,0,0,0,0,210000,0,0,0,241000,31000,210000,210000
00666R,富邦恒生國企反1 ,0,0,0,0,0,0,0,0,0,210000,0,0,0,357000,147000,210000,210000
055206,台虹中信97購01  ,0,0,0,0,0,0,0,0,0,210000,0,0,0,250000,40000,210000,210000
06725P,聯電元富98售01  ,0,0,0,0,0,0,0,0,0,210000,0,0,0,212000,2000,210000,210000
063076,柏文永豐9B購02  ,0,0,0,0,0,0,0,0,0,209000,0,0,0,219000,10000,209000,209000
07763P,嘉澤永豐9A售02  ,0,0,0,0,0,0,0,0,0,209000,0,0,0,225000,16000,209000,209000
07998P,聯電凱基9C售01  ,0,0,0,0,0,0,0,0,0,209000,0,0,0,250000,41000,209000,209000
061351,智伸科元大9A購01,0,0,0,0,0,0,0,0,0,208000,0,0,0,431000,223000,208000,208000
056911,緯穎元大99購01  ,0,0,0,0,0,0,0,0,0,208000,0,0,0,213000,5000,208000,208000
058049,帆宣元大98購01  ,0,0,0,0,0,0,0,0,0,208000,0,0,0,259000,51000,208000,208000
060759,南亞科元大9A購03,0,0,0,0,0,0,0,0,0,208000,0,0,0,208000,0,208000,208000
059867,華邦電凱基99購02,0,0,0,0,0,0,0,0,0,208000,0,0,0,248000,40000,208000,208000
07527P,台灣50凱基9B售02,0,0,0,0,0,0,0,0,0,208000,0,0,0,366000,158000,208000,208000
061391,晶技群益9A購02  ,0,0,0,0,0,0,0,0,0,206000,0,0,0,206000,0,206000,206000
060813,高鐵凱基9A購01  ,0,0,0,0,0,0,0,0,0,206000,0,0,0,210000,4000,206000,206000
061989,晶技元大9B購04  ,0,0,0,0,0,0,0,0,0,206000,0,0,0,240000,34000,206000,206000
062270,上銀群益9B購03  ,0,0,0,0,0,0,0,0,0,206000,0,0,0,223000,17000,206000,206000
058908,貿聯元大99購03  ,0,0,0,0,0,0,0,0,0,206000,0,0,0,322000,116000,206000,206000
059351,台虹凱基99購01  ,0,0,0,0,0,0,0,0,0,206000,0,0,0,599000,393000,206000,206000
061430,致新元大9A購01  ,0,0,0,0,0,0,0,0,0,205000,0,0,0,445000,240000,205000,205000
055704,亞德客永豐97購04,0,0,0,0,0,0,0,0,0,204000,0,0,0,204000,0,204000,204000
060432,達方永豐9A購01  ,0,0,0,0,0,0,0,0,0,204000,0,0,0,340000,136000,204000,204000
062786,立積元大9C購03  ,0,0,0,0,0,0,0,0,0,201000,0,0,0,211000,10000,201000,201000
056811,健策統一9B購01  ,0,0,0,0,0,0,0,0,0,201000,0,0,0,272000,71000,201000,201000
056823,智伸科永豐98購01,0,0,0,0,0,0,0,0,0,201000,0,0,0,211000,10000,201000,201000
053250,百和國票97購02  ,0,0,0,0,0,0,0,0,0,201000,0,0,0,201000,0,201000,201000
060203,緯穎元富9A購01  ,0,0,0,0,0,0,0,0,0,201000,0,0,0,243000,42000,201000,201000
057724,亞德客國泰99購01,0,0,0,0,0,0,0,0,0,201000,0,0,0,493000,292000,201000,201000
5521,工信            ,572000,371000,201000,0,0,0,0,0,0,0,0,0,0,0,0,0,201000
062969,旺宏元富9B購01  ,0,0,0,0,0,0,0,0,0,200000,0,0,0,235000,35000,200000,200000
063358,華擎國泰01購01  ,0,0,0,0,0,0,0,0,0,200000,0,0,0,350000,150000,200000,200000
063476,台表科元大9C購03,0,0,0,0,0,0,0,0,0,200000,0,0,0,240000,40000,200000,200000
061119,國巨永豐9A購03  ,0,0,0,0,0,0,0,0,0,200000,0,0,0,200000,0,200000,200000
054792,揚明光群益97購01,0,0,0,0,0,0,0,0,0,200000,0,0,0,200000,0,200000,200000
053001,力山永豐96購01  ,0,0,0,0,0,0,0,0,0,200000,0,0,0,200000,0,200000,200000
051878,鴻海台新96購01  ,0,0,0,0,0,0,0,0,0,200000,0,0,0,200000,0,200000,200000
058970,鴻海永豐99購02  ,0,0,0,0,0,0,0,0,0,200000,0,0,0,250000,50000,200000,200000
05523P,聯發科國票96售04,0,0,0,0,0,0,0,0,0,200000,0,0,0,200000,0,200000,200000
058661,臺股指中信9C購01,0,0,0,0,0,0,0,0,0,200000,0,0,0,200000,0,200000,200000
060239,國揚元大9C購01  ,0,0,0,0,0,0,0,0,0,200000,0,0,0,323000,123000,200000,200000
06684P,緯穎元大98售06  ,0,0,0,0,0,0,0,0,0,200000,0,0,0,200000,0,200000,200000
06937P,GIS元大98售03   ,0,0,0,0,0,0,0,0,0,200000,0,0,0,387000,187000,200000,200000
061101,道瓊銀元大9A購02,0,0,0,0,0,0,0,0,0,199000,0,0,0,300000,101000,199000,199000
063037,聯發科凱基9C購02,0,0,0,0,0,0,0,0,0,199000,0,0,0,201000,2000,199000,199000
060500,鴻海元大9A購12  ,0,0,0,0,0,0,0,0,0,199000,0,0,0,199000,0,199000,199000
059543,可成亞東99購02  ,0,0,0,0,0,0,0,0,0,199000,0,0,0,200000,1000,199000,199000
08136P,祥碩國泰01售01  ,0,0,0,0,0,0,0,0,0,199000,0,0,0,1511000,1312000,199000,199000
6278,台表科          ,2261196,1472829,788367,0,0,0,0,274000,-274000,-316000,122000,394000,-272000,80000,124000,-44000,198367
2387,精元            ,1037000,956000,81000,0,0,0,0,0,0,117000,18000,0,18000,261000,162000,99000,198000
07618P,大立光中信9A售06,0,0,0,0,0,0,0,0,0,198000,0,0,0,230000,32000,198000,198000
061237,晶技元大9A購01  ,0,0,0,0,0,0,0,0,0,196000,0,0,0,196000,0,196000,196000
06653P,美食元大98售02  ,0,0,0,0,0,0,0,0,0,196000,0,0,0,200000,4000,196000,196000
062854,日電貿永豐9B購01,0,0,0,0,0,0,0,0,0,195000,0,0,0,195000,0,195000,195000
062292,旭富永豐9B購01  ,0,0,0,0,0,0,0,0,0,195000,0,0,0,215000,20000,195000,195000
062330,可成統一9B購03  ,0,0,0,0,0,0,0,0,0,195000,0,0,0,200000,5000,195000,195000
062436,國巨元大9B購14  ,0,0,0,0,0,0,0,0,0,195000,0,0,0,200000,5000,195000,195000
062350,台表科群益9B購01,15000,0,15000,0,0,0,0,0,0,179000,0,0,0,238000,59000,179000,194000
061126,京元電永豐9A購02,0,0,0,0,0,0,0,0,0,194000,0,0,0,204000,10000,194000,194000
03604P,群創凱基98售05  ,0,0,0,0,0,0,0,0,0,194000,0,0,0,304000,110000,194000,194000
057740,茂林富邦9A購01  ,0,0,0,0,0,0,0,0,0,194000,0,0,0,199000,5000,194000,194000
06661P,玉晶光永豐98售05,0,0,0,0,0,0,0,0,0,194000,0,0,0,242000,48000,194000,194000
060884,超眾中信9B購01  ,0,0,0,0,0,0,0,0,0,193000,0,0,0,195000,2000,193000,193000
061978,旺宏元大9C購01  ,0,0,0,0,0,0,0,0,0,193000,0,0,0,227000,34000,193000,193000
062163,大毅國泰01購01  ,0,0,0,0,0,0,0,0,0,193000,0,0,0,247000,54000,193000,193000
057532,智原元大98購03  ,0,0,0,0,0,0,0,0,0,193000,0,0,0,208000,15000,193000,193000
056684,旺宏統一98購02  ,0,0,0,0,0,0,0,0,0,192000,0,0,0,192000,0,192000,192000
055579,健策統一9A購01  ,0,0,0,0,0,0,0,0,0,192000,0,0,0,1160000,968000,192000,192000
060154,堤維西永豐9A購01,0,0,0,0,0,0,0,0,0,192000,0,0,0,192000,0,192000,192000
062142,喬山國票9B購01  ,0,0,0,0,0,0,0,0,0,191000,0,0,0,241000,50000,191000,191000
061075,亞德客兆豐9A購01,0,0,0,0,0,0,0,0,0,191000,0,0,0,232000,41000,191000,191000
061319,聯發科凱基9A購16,0,0,0,0,0,0,0,0,0,190000,0,0,0,200000,10000,190000,190000
062820,禾伸堂兆豐9B購01,0,0,0,0,0,0,0,0,0,190000,0,0,0,312000,122000,190000,190000
056915,上銀兆豐99購01  ,0,0,0,0,0,0,0,0,0,190000,0,0,0,190000,0,190000,190000
054928,帆宣凱基98購01  ,0,0,0,0,0,0,0,0,0,190000,0,0,0,215000,25000,190000,190000
061713,華邦電凱基9A購01,0,0,0,0,0,0,0,0,0,189000,0,0,0,201000,12000,189000,189000
054164,強茂凱基98購01  ,0,0,0,0,0,0,0,0,0,188000,0,0,0,188000,0,188000,188000
058924,晶相光元富99購02,0,0,0,0,0,0,0,0,0,188000,0,0,0,188000,0,188000,188000
2548,華固            ,355500,283895,71605,0,0,0,115000,0,115000,1000,1000,0,1000,0,0,0,187605
061772,健策元大9B購06  ,0,0,0,0,0,0,0,0,0,186000,0,0,0,238000,52000,186000,186000
063147,東元元富9B購01  ,0,0,0,0,0,0,0,0,0,186000,0,0,0,337000,151000,186000,186000
055527,旺宏群益99購03  ,0,0,0,0,0,0,0,0,0,186000,0,0,0,186000,0,186000,186000
05692P,聯發科中信9A售02,0,0,0,0,0,0,0,0,0,186000,0,0,0,307000,121000,186000,186000
062610,啟碁凱基9B購01  ,0,0,0,0,0,0,0,0,0,185000,0,0,0,399000,214000,185000,185000
062336,茂林統一01購02  ,0,0,0,0,0,0,0,0,0,185000,0,0,0,191000,6000,185000,185000
054943,群光元大97購01  ,0,0,0,0,0,0,0,0,0,185000,0,0,0,410000,225000,185000,185000
060785,國巨富邦9B購04  ,0,0,0,0,0,0,0,0,0,185000,0,0,0,739000,554000,185000,185000
08140P,祥碩元大9B售07  ,0,0,0,0,0,0,0,0,0,185000,0,0,0,200000,15000,185000,185000
062186,晶技元大9B購05  ,0,0,0,0,0,0,0,0,0,184000,0,0,0,230000,46000,184000,184000
053648,台積電凱基97購04,0,0,0,0,0,0,0,0,0,184000,0,0,0,200000,16000,184000,184000
03414B,臺股指凱基99熊01,0,0,0,0,0,0,0,0,0,184000,0,0,0,568000,384000,184000,184000
057207,立積元富98購02  ,0,0,0,0,0,0,0,0,0,184000,0,0,0,186000,2000,184000,184000
062337,台表科統一01購01,0,0,0,0,0,0,0,0,0,183000,0,0,0,375000,192000,183000,183000
059016,晶相光元富99購03,0,0,0,0,0,0,0,0,0,183000,0,0,0,183000,0,183000,183000
2233,宇隆            ,110000,77000,33000,0,0,0,92000,0,92000,58000,68000,10000,58000,0,0,0,183000
062976,嘉澤元富9B購01  ,0,0,0,0,0,0,0,0,0,181000,0,0,0,238000,57000,181000,181000
061613,南六統一9C購01  ,0,0,0,0,0,0,0,0,0,181000,0,0,0,216000,35000,181000,181000
05272P,臻鼎中信97售03  ,0,0,0,0,0,0,0,0,0,181000,0,0,0,332000,151000,181000,181000
062754,台勝科麥證9B購01,0,0,0,180000,0,180000,0,0,0,180000,0,0,0,180000,0,180000,180000
055907,台虹兆豐98購01  ,0,0,0,0,0,0,0,0,0,180000,0,0,0,180000,0,180000,180000
057309,南茂兆豐99購01  ,0,0,0,0,0,0,0,0,0,180000,0,0,0,180000,0,180000,180000
056939,康控元富98購01  ,0,0,0,0,0,0,0,0,0,179000,0,0,0,218000,39000,179000,179000
059136,臺股指群益99購11,0,0,0,0,0,0,0,0,0,179000,0,0,0,180000,1000,179000,179000
6706,惠特            ,117000,90000,27000,0,0,0,90000,30000,60000,92000,93000,1000,92000,0,0,0,179000
06902P,聯電凱基98售02  ,0,0,0,0,0,0,0,0,0,179000,0,0,0,200000,21000,179000,179000
063175,燿華兆豐9C購01  ,0,0,0,0,0,0,0,0,0,178000,0,0,0,178000,0,178000,178000
061659,信邦永豐9A購01  ,0,0,0,0,0,0,0,0,0,178000,0,0,0,345000,167000,178000,178000
055746,同欣電元富97購01,0,0,0,0,0,0,0,0,0,178000,0,0,0,198000,20000,178000,178000
053048,同欣電麥證96購01,0,0,0,178000,0,178000,0,0,0,178000,0,0,0,178000,0,178000,178000
1536,和大            ,268000,266000,2000,0,0,0,120000,0,120000,56000,4000,0,4000,55000,3000,52000,178000
063166,超眾永豐9B購01  ,0,0,0,0,0,0,0,0,0,177000,0,0,0,210000,33000,177000,177000
062655,漢唐永豐9B購01  ,0,0,0,0,0,0,0,0,0,177000,0,0,0,177000,0,177000,177000
063354,茂林元富9B購02  ,0,0,0,0,0,0,0,0,0,176000,0,0,0,176000,0,176000,176000
054154,智易國泰97購01  ,0,0,0,0,0,0,0,0,0,176000,0,0,0,199000,23000,176000,176000
056579,麗豐元大99購01  ,0,0,0,0,0,0,0,0,0,176000,0,0,0,242000,66000,176000,176000
057605,旺宏統一99購03  ,0,0,0,0,0,0,0,0,0,176000,0,0,0,296000,120000,176000,176000
3661,世芯-KY         ,1032080,502000,530080,0,0,0,45000,223000,-178000,-177000,106000,280000,-174000,12000,15000,-3000,175080
056266,開發金統一9A購01,0,0,0,0,0,0,0,0,0,175000,0,0,0,287000,112000,175000,175000
054263,聯茂元大96購02  ,0,0,0,0,0,0,0,0,0,175000,0,0,0,175000,0,175000,175000
058315,TPK富邦9C購01   ,0,0,0,0,0,0,0,0,0,175000,0,0,0,258000,83000,175000,175000
062277,廣達群益9B購01  ,0,0,0,0,0,0,0,0,0,174000,0,0,0,397000,223000,174000,174000
053387,緯創元大97購01  ,0,0,0,0,0,0,0,0,0,174000,0,0,0,180000,6000,174000,174000
054894,GIS統一97購01   ,0,0,0,0,0,0,0,0,0,174000,0,0,0,680000,506000,174000,174000
052388,旺宏群益96購05  ,0,0,0,0,0,0,0,0,0,174000,0,0,0,192000,18000,174000,174000
6142,友勁            ,42000,11000,31000,0,0,0,0,0,0,143000,143000,0,143000,0,0,0,174000
063102,旺宏群益9B購03  ,0,0,0,0,0,0,0,0,0,173000,0,0,0,179000,6000,173000,173000
061693,華新科群益9B購02,0,0,0,0,0,0,0,0,0,173000,0,0,0,173000,0,173000,173000
055398,超眾統一97購03  ,0,0,0,0,0,0,0,0,0,173000,0,0,0,216000,43000,173000,173000
063036,聯發科凱基9B購11,0,0,0,0,0,0,0,0,0,172000,0,0,0,173000,1000,172000,172000
063270,喬山兆豐9C購01  ,0,0,0,0,0,0,0,0,0,172000,0,0,0,173000,1000,172000,172000
058963,華新科兆豐99購05,0,0,0,0,0,0,0,0,0,172000,0,0,0,177000,5000,172000,172000
052700,奇鋐國票97購02  ,0,0,0,0,0,0,0,0,0,172000,0,0,0,370000,198000,172000,172000
051544,T50反1康和98購01,0,0,0,0,0,0,0,0,0,172000,0,0,0,292000,120000,172000,172000
059510,華新科永豐99購07,0,0,0,0,0,0,0,0,0,172000,0,0,0,181000,9000,172000,172000
059434,全新元大99購05  ,0,0,0,0,0,0,0,0,0,172000,0,0,0,172000,0,172000,172000
07468P,聯電元大9A售02  ,0,0,0,0,0,0,0,0,0,172000,0,0,0,232000,60000,172000,172000
6531,愛普            ,376000,207691,168309,0,0,0,0,0,0,3000,3000,0,3000,0,0,0,171309
059786,全新元大99購06  ,0,0,0,0,0,0,0,0,0,171000,0,0,0,234000,63000,171000,171000
057114,台虹群益98購01  ,0,0,0,0,0,0,0,0,0,171000,0,0,0,183000,12000,171000,171000
062982,同欣電元富9B購01,0,0,0,0,0,0,0,0,0,170000,0,0,0,246000,76000,170000,170000
061673,仁寶元大9B購01  ,0,0,0,0,0,0,0,0,0,170000,0,0,0,248000,78000,170000,170000
055745,臻鼎元富97購01  ,0,0,0,0,0,0,0,0,0,170000,0,0,0,170000,0,170000,170000
060275,元黃金元大9A購01,0,0,0,0,0,0,0,0,0,170000,0,0,0,200000,30000,170000,170000
061917,亞德客凱基9B購02,0,0,0,0,0,0,0,0,0,169000,0,0,0,193000,24000,169000,169000
061357,寶成元大9A購01  ,0,0,0,0,0,0,0,0,0,169000,0,0,0,243000,74000,169000,169000
062321,力成台新9B購01  ,0,0,0,0,0,0,0,0,0,169000,0,0,0,316000,147000,169000,169000
058604,華邦電元大99購03,0,0,0,0,0,0,0,0,0,169000,0,0,0,346000,177000,169000,169000
058670,鴻海群益9A購03  ,0,0,0,0,0,0,0,0,0,169000,0,0,0,190000,21000,169000,169000
1720,生達            ,298000,127000,171000,0,0,0,0,0,0,-2000,0,2000,-2000,0,0,0,169000
06654P,欣興元大98售08  ,0,0,0,0,0,0,0,0,0,169000,0,0,0,240000,71000,169000,169000
060876,國巨中信9A購04  ,0,0,0,0,0,0,0,0,0,168000,0,0,0,168000,0,168000,168000
060914,健策元大9A購03  ,0,0,0,0,0,0,0,0,0,167000,0,0,0,172000,5000,167000,167000
061891,力山永豐9B購01  ,0,0,0,0,0,0,0,0,0,167000,0,0,0,197000,30000,167000,167000
056538,國泰金凱基98購01,0,0,0,0,0,0,0,0,0,166000,0,0,0,166000,0,166000,166000
07731P,臺股指凱基9A售28,0,0,0,0,0,0,0,0,0,166000,0,0,0,268000,102000,166000,166000
062015,喬山永豐9B購01  ,0,0,0,0,0,0,0,0,0,165000,0,0,0,165000,0,165000,165000
057736,鴻海富邦99購04  ,0,0,0,0,0,0,0,0,0,165000,0,0,0,165000,0,165000,165000
07128P,大毅元大99售04  ,0,0,0,0,0,0,0,0,0,165000,0,0,0,170000,5000,165000,165000
062417,鴻海統一9C購08  ,0,0,0,0,0,0,0,0,0,164000,0,0,0,164000,0,164000,164000
061898,茂林永豐9B購01  ,0,0,0,0,0,0,0,0,0,163000,0,0,0,169000,6000,163000,163000
061561,義隆國票9A購02  ,0,0,0,0,0,0,0,0,0,163000,0,0,0,172000,9000,163000,163000
060867,智伸科永豐9A購01,0,0,0,0,0,0,0,0,0,163000,0,0,0,291000,128000,163000,163000
058694,鈺齊國票9A購02  ,0,0,0,0,0,0,0,0,0,163000,0,0,0,175000,12000,163000,163000
054102,百和國票97購04  ,0,0,0,0,0,0,0,0,0,163000,0,0,0,204000,41000,163000,163000
058225,旺宏元富99購01  ,0,0,0,0,0,0,0,0,0,162000,0,0,0,162000,0,162000,162000
060307,南港永豐9A購01  ,0,0,0,0,0,0,0,0,0,162000,0,0,0,162000,0,162000,162000
060144,全新國票9B購01  ,0,0,0,0,0,0,0,0,0,162000,0,0,0,182000,20000,162000,162000
8996,高力            ,565000,258000,307000,0,0,0,0,0,0,-145000,0,145000,-145000,0,0,0,162000
2002,中鋼            ,10464900,10283078,181822,0,0,0,0,0,0,-20000,3000,51000,-48000,32000,4000,28000,161822
055025,華新科國泰98購02,0,0,0,0,0,0,0,0,0,161000,0,0,0,161000,0,161000,161000
059360,全新永豐99購02  ,0,0,0,0,0,0,0,0,0,161000,0,0,0,172000,11000,161000,161000
062002,鴻海國泰01購01  ,0,0,0,0,0,0,0,0,0,160000,0,0,0,180000,20000,160000,160000
055481,聚陽元大97購01  ,0,0,0,0,0,0,0,0,0,160000,0,0,0,160000,0,160000,160000
056289,合勤控永豐97購01,0,0,0,0,0,0,0,0,0,160000,0,0,0,161000,1000,160000,160000
03047X,元展44          ,0,0,0,0,0,0,0,0,0,160000,0,0,0,160000,0,160000,160000
057003,立積國票98購01  ,0,0,0,0,0,0,0,0,0,160000,0,0,0,160000,0,160000,160000
060708,康友富邦9B購01  ,0,0,0,0,0,0,0,0,0,160000,0,0,0,160000,0,160000,160000
062375,祥碩元大9B購03  ,0,0,0,0,0,0,0,0,0,159000,0,0,0,174000,15000,159000,159000
063187,全新凱基9B購02  ,0,0,0,0,0,0,0,0,0,159000,0,0,0,200000,41000,159000,159000
054640,健策中信9B購01  ,0,0,0,0,0,0,0,0,0,159000,0,0,0,237000,78000,159000,159000
055496,高鐵元大97購02  ,0,0,0,0,0,0,0,0,0,159000,0,0,0,315000,156000,159000,159000
060799,茂林永豐9A購01  ,0,0,0,0,0,0,0,0,0,159000,0,0,0,160000,1000,159000,159000
058284,滬深反群益01購01,0,0,0,0,0,0,0,0,0,159000,0,0,0,159000,0,159000,159000
062458,全新群益9B購03  ,0,0,0,0,0,0,0,0,0,158000,0,0,0,158000,0,158000,158000
061738,聯發科凱基9B購04,0,0,0,0,0,0,0,0,0,158000,0,0,0,158000,0,158000,158000
060856,健策富邦9B購02  ,0,0,0,0,0,0,0,0,0,158000,0,0,0,280000,122000,158000,158000
055603,超眾元大97購04  ,0,0,0,0,0,0,0,0,0,158000,0,0,0,218000,60000,158000,158000
057249,華邦電統一9A購01,0,0,0,0,0,0,0,0,0,158000,0,0,0,246000,88000,158000,158000
059678,鴻海國泰9A購03  ,0,0,0,0,0,0,0,0,0,158000,0,0,0,158000,0,158000,158000
061417,力成群益9A購01  ,0,0,0,0,0,0,0,0,0,157000,0,0,0,260000,103000,157000,157000
062921,GIS元大9B購01   ,0,0,0,0,0,0,0,0,0,157000,0,0,0,653000,496000,157000,157000
063048,聯詠兆豐9B購01  ,0,0,0,0,0,0,0,0,0,157000,0,0,0,169000,12000,157000,157000
060634,矽創富邦9B購01  ,0,0,0,0,0,0,0,0,0,157000,0,0,0,406000,249000,157000,157000
060375,葡萄王元富9A購01,0,0,0,0,0,0,0,0,0,157000,0,0,0,255000,98000,157000,157000
060427,聯茂永豐9A購01  ,0,0,0,0,0,0,0,0,0,157000,0,0,0,184000,27000,157000,157000
061541,旺宏群益9A購03  ,0,0,0,0,0,0,0,0,0,156000,0,0,0,176000,20000,156000,156000
062034,同欣電群益9B購01,0,0,0,0,0,0,0,0,0,156000,0,0,0,231000,75000,156000,156000
060700,華新科國泰9C購01,0,0,0,0,0,0,0,0,0,156000,0,0,0,167000,11000,156000,156000
059395,T50反1元富99購03,0,0,0,0,0,0,0,0,0,156000,0,0,0,186000,30000,156000,156000
07693P,群創元大9B售10  ,0,0,0,0,0,0,0,0,0,156000,0,0,0,236000,80000,156000,156000
055619,同欣電國票98購02,0,0,0,0,0,0,0,0,0,155000,0,0,0,369000,214000,155000,155000
056677,智伸科元富98購01,0,0,0,0,0,0,0,0,0,155000,0,0,0,368000,213000,155000,155000
058639,南電兆豐99購01  ,0,0,0,0,0,0,0,0,0,155000,0,0,0,155000,0,155000,155000
060187,華新科元富9A購02,0,0,0,0,0,0,0,0,0,155000,0,0,0,165000,10000,155000,155000
058547,世紀鋼富邦9A購01,0,0,0,0,0,0,0,0,0,155000,0,0,0,178000,23000,155000,155000
061353,康控元大9A購01  ,0,0,0,0,0,0,0,0,0,154000,0,0,0,163000,9000,154000,154000
061302,晶技永豐9A購04  ,0,0,0,0,0,0,0,0,0,154000,0,0,0,154000,0,154000,154000
063167,同欣電永豐9B購03,0,0,0,0,0,0,0,0,0,154000,0,0,0,174000,20000,154000,154000
055350,聯發科凱基97購02,0,0,0,0,0,0,0,0,0,154000,0,0,0,154000,0,154000,154000
062085,同欣電元大9B購01,0,0,0,0,0,0,0,0,0,153000,0,0,0,179000,26000,153000,153000
056139,貿聯元大97購04  ,0,0,0,0,0,0,0,0,0,153000,0,0,0,153000,0,153000,153000
052342,茂林凱基96購01  ,0,0,0,0,0,0,0,0,0,153000,0,0,0,155000,2000,153000,153000
07500P,微星元大9A售01  ,0,0,0,0,0,0,0,0,0,153000,0,0,0,201000,48000,153000,153000
061654,旺宏國票9A購02  ,0,0,0,0,0,0,0,0,0,152000,0,0,0,152000,0,152000,152000
053507,百和兆豐96購01  ,0,0,0,0,0,0,0,0,0,152000,0,0,0,152000,0,152000,152000
00652,富邦印度        ,23000,134000,-111000,0,0,0,0,0,0,263000,0,0,0,360000,97000,263000,152000
056075,瀚宇博元大97購03,0,0,0,0,0,0,0,0,0,152000,0,0,0,341000,189000,152000,152000
058182,日電貿國泰9A購01,0,0,0,0,0,0,0,0,0,152000,0,0,0,190000,38000,152000,152000
057197,立積台新98購01  ,0,0,0,0,0,0,0,0,0,152000,0,0,0,311000,159000,152000,152000
059537,大立光凱基99購09,0,0,0,0,0,0,0,0,0,151000,0,0,0,158000,7000,151000,151000
058356,華邦電凱基99購01,0,0,0,0,0,0,0,0,0,151000,0,0,0,181000,30000,151000,151000
1722,台肥            ,525000,742000,-217000,0,0,0,368000,0,368000,0,0,0,0,0,0,0,151000
3014,聯陽            ,433000,264000,169000,0,0,0,0,0,0,-18000,66000,40000,26000,15000,59000,-44000,151000
061817,高鐵群益9B購01  ,0,0,0,0,0,0,0,0,0,150000,0,0,0,206000,56000,150000,150000
063244,華新科元大9B購11,0,0,0,0,0,0,0,0,0,150000,0,0,0,150000,0,150000,150000
06339P,上銀統一97售06  ,0,0,0,0,0,0,0,0,0,150000,0,0,0,150000,0,150000,150000
062464,T50反1凱基9C購03,0,0,0,0,0,0,0,0,0,150000,0,0,0,150000,0,150000,150000
046928,奇鋐富邦97購01  ,0,0,0,0,0,0,0,0,0,150000,0,0,0,150000,0,150000,150000
052702,群創國票97購03  ,0,0,0,0,0,0,0,0,0,150000,0,0,0,150000,0,150000,150000
06077P,GIS凱基97售02   ,0,0,0,0,0,0,0,0,0,150000,0,0,0,150000,0,150000,150000
057066,緯穎富邦99購01  ,0,0,0,0,0,0,0,0,0,150000,0,0,0,150000,0,150000,150000
3413,京鼎            ,269000,126000,143000,0,0,0,0,0,0,6000,0,0,0,12000,6000,6000,149000
2472,立隆電          ,271000,134000,137000,0,0,0,0,0,0,12000,12000,0,12000,0,0,0,149000
08175P,金像電統一9B售02,0,0,0,0,0,0,0,0,0,149000,0,0,0,149000,0,149000,149000
059198,華新科永豐99購06,0,0,0,0,0,0,0,0,0,148000,0,0,0,160000,12000,148000,148000
060762,長榮航元大9A購02,0,0,0,0,0,0,0,0,0,148000,0,0,0,197000,49000,148000,148000
060683,泰鼎元大9A購02  ,0,0,0,0,0,0,0,0,0,148000,0,0,0,159000,11000,148000,148000
058293,光寶科凱基9A購01,0,0,0,0,0,0,0,0,0,148000,0,0,0,154000,6000,148000,148000
061731,旺宏統一9B購06  ,0,0,0,0,0,0,0,0,0,147000,0,0,0,147000,0,147000,147000
054789,高鐵群益98購01  ,0,0,0,0,0,0,0,0,0,147000,0,0,0,279000,132000,147000,147000
058398,中環元大99購02  ,0,0,0,0,0,0,0,0,0,147000,0,0,0,157000,10000,147000,147000
057583,啟碁中信9A購01  ,0,0,0,0,0,0,0,0,0,147000,0,0,0,152000,5000,147000,147000
058771,神達兆豐99購01  ,0,0,0,0,0,0,0,0,0,146000,0,0,0,296000,150000,146000,146000
061508,南六國泰9C購02  ,0,0,0,0,0,0,0,0,0,145000,0,0,0,270000,125000,145000,145000
063346,TPK統一9C購01   ,0,0,0,0,0,0,0,0,0,145000,0,0,0,145000,0,145000,145000
063236,旺宏元大9B購07  ,0,0,0,0,0,0,0,0,0,145000,0,0,0,193000,48000,145000,145000
058969,亞德客永豐99購01,0,0,0,0,0,0,0,0,0,145000,0,0,0,156000,11000,145000,145000
056241,緯創群益97購01  ,0,0,0,0,0,0,0,0,0,145000,0,0,0,398000,253000,145000,145000
056922,全新兆豐99購01  ,0,0,0,0,0,0,0,0,0,145000,0,0,0,145000,0,145000,145000
054467,隆達凱基97購01  ,0,0,0,0,0,0,0,0,0,145000,0,0,0,237000,92000,145000,145000
058185,國巨永豐99購01  ,0,0,0,0,0,0,0,0,0,145000,0,0,0,145000,0,145000,145000
060382,儒鴻凱基9A購01  ,0,0,0,0,0,0,0,0,0,145000,0,0,0,145000,0,145000,145000
061169,GIS兆豐9A購01   ,0,0,0,0,0,0,0,0,0,144000,0,0,0,144000,0,144000,144000
060982,旺宏元大9A購09  ,0,0,0,0,0,0,0,0,0,144000,0,0,0,144000,0,144000,144000
061814,聯發科群益9B購04,0,0,0,0,0,0,0,0,0,144000,0,0,0,144000,0,144000,144000
061930,臺股指凱基9B購05,0,0,0,0,0,0,0,0,0,144000,0,0,0,148000,4000,144000,144000
053929,正文國票97購01  ,0,0,0,0,0,0,0,0,0,144000,0,0,0,144000,0,144000,144000
055605,緯穎元大97購02  ,0,0,0,0,0,0,0,0,0,144000,0,0,0,144000,0,144000,144000
058923,華新科元富99購06,0,0,0,0,0,0,0,0,0,144000,0,0,0,151000,7000,144000,144000
059730,晶相光元大9C購02,0,0,0,0,0,0,0,0,0,144000,0,0,0,159000,15000,144000,144000
058637,晶技兆豐99購01  ,0,0,0,0,0,0,0,0,0,144000,0,0,0,190000,46000,144000,144000
6670,復盛應用        ,228000,61000,167000,0,0,0,0,0,0,-23000,21000,46000,-25000,2000,0,2000,144000
062220,台光電統一01購01,0,0,0,0,0,0,0,0,0,143000,0,0,0,492000,349000,143000,143000
058705,長榮航元大99購01,0,0,0,0,0,0,0,0,0,143000,0,0,0,211000,68000,143000,143000
058813,旺宏統一9B購04  ,0,0,0,0,0,0,0,0,0,142000,0,0,0,176000,34000,142000,142000
047571,滬深2X群益99購01,0,0,0,0,0,0,0,0,0,142000,0,0,0,142000,0,142000,142000
060303,宏達電富邦9B購01,0,0,0,0,0,0,0,0,0,142000,0,0,0,158000,16000,142000,142000
058180,華新科國泰9A購01,0,0,0,0,0,0,0,0,0,142000,0,0,0,302000,160000,142000,142000
054980,國巨元富97購01  ,0,0,0,0,0,0,0,0,0,141000,0,0,0,141000,0,141000,141000
060469,台勝科元大9A購02,0,0,0,0,0,0,0,0,0,141000,0,0,0,178000,37000,141000,141000
063079,儒鴻凱基9B購01  ,0,0,0,0,0,0,0,0,0,140000,0,0,0,540000,400000,140000,140000
061065,神基凱基9A購01  ,0,0,0,0,0,0,0,0,0,140000,0,0,0,140000,0,140000,140000
058846,鴻海群益99購03  ,0,0,0,0,0,0,0,0,0,140000,0,0,0,145000,5000,140000,140000
055311,健策群益98購02  ,0,0,0,0,0,0,0,0,0,140000,0,0,0,199000,59000,140000,140000
057873,義隆元大98購03  ,0,0,0,0,0,0,0,0,0,140000,0,0,0,288000,148000,140000,140000
053050,華通國票97購02  ,0,0,0,0,0,0,0,0,0,140000,0,0,0,188000,48000,140000,140000
060389,世紀鋼凱基9B購02,0,0,0,0,0,0,0,0,0,140000,0,0,0,160000,20000,140000,140000
057110,立積群益98購01  ,0,0,0,0,0,0,0,0,0,140000,0,0,0,140000,0,140000,140000
1732,毛寶            ,219000,78000,141000,0,0,0,0,0,0,-1000,0,1000,-1000,0,0,0,140000
06935P,神達元大98售02  ,0,0,0,0,0,0,0,0,0,140000,0,0,0,150000,10000,140000,140000
061205,旺宏元大9A購11  ,0,0,0,0,0,0,0,0,0,139000,0,0,0,199000,60000,139000,139000
053754,英業達元富96購02,0,0,0,0,0,0,0,0,0,139000,0,0,0,149000,10000,139000,139000
058748,景碩凱基9A購01  ,0,0,0,0,0,0,0,0,0,139000,0,0,0,219000,80000,139000,139000
060629,鴻海富邦9B購01  ,0,0,0,0,0,0,0,0,0,139000,0,0,0,149000,10000,139000,139000
057397,茂林中信9A購01  ,0,0,0,0,0,0,0,0,0,139000,0,0,0,166000,27000,139000,139000
07214P,聯發科凱基9A售04,0,0,0,0,0,0,0,0,0,139000,0,0,0,189000,50000,139000,139000
061340,義隆元大9A購01  ,0,0,0,0,0,0,0,0,0,138000,0,0,0,208000,70000,138000,138000
053186,健策中信9C購01  ,0,0,0,0,0,0,0,0,0,138000,0,0,0,223000,85000,138000,138000
07964P,大立光統一9B售12,0,0,0,0,0,0,0,0,0,138000,0,0,0,138000,0,138000,138000
06188P,大立光元富97售01,0,0,0,0,0,0,0,0,0,137000,0,0,0,193000,56000,137000,137000
062673,台新金中信03購01,0,0,0,0,0,0,0,0,0,137000,0,0,0,185000,48000,137000,137000
062615,亞德客元大9B購02,0,0,0,0,0,0,0,0,0,137000,0,0,0,176000,39000,137000,137000
053316,友達群益9A購01  ,0,0,0,0,0,0,0,0,0,137000,0,0,0,173000,36000,137000,137000
058100,聯茂國泰99購02  ,0,0,0,0,0,0,0,0,0,137000,0,0,0,241000,104000,137000,137000
3705,永信            ,237000,100000,137000,0,0,0,0,0,0,0,0,0,0,0,0,0,137000
061912,台積電中信05購05,0,0,0,0,0,0,0,0,0,136000,0,0,0,153000,17000,136000,136000
058132,義隆元大99購03  ,0,0,0,0,0,0,0,0,0,136000,0,0,0,165000,29000,136000,136000
058142,瑞儀元大99購01  ,0,0,0,0,0,0,0,0,0,136000,0,0,0,164000,28000,136000,136000
061996,矽格元大9B購01  ,0,0,0,0,0,0,0,0,0,135000,0,0,0,146000,11000,135000,135000
062136,南亞科群益9B購01,0,0,0,0,0,0,0,0,0,135000,0,0,0,135000,0,135000,135000
062646,聯發科國泰01購02,16000,0,16000,0,0,0,0,0,0,119000,0,0,0,160000,41000,119000,135000
062903,燿華元大9B購04  ,0,0,0,0,0,0,0,0,0,135000,0,0,0,135000,0,135000,135000
062295,康友永豐9B購01  ,0,0,0,0,0,0,0,0,0,135000,0,0,0,165000,30000,135000,135000
060777,茂林凱基9C購01  ,0,0,0,0,0,0,0,0,0,135000,0,0,0,157000,22000,135000,135000
059019,元石油統一9B購03,0,0,0,0,0,0,0,0,0,134000,0,0,0,142000,8000,134000,134000
07652P,臺股指中信9A售07,0,0,0,0,0,0,0,0,0,134000,0,0,0,405000,271000,134000,134000
063340,英業達統一9B購01,0,0,0,0,0,0,0,0,0,133000,0,0,0,145000,12000,133000,133000
055071,群電永豐97購01  ,0,0,0,0,0,0,0,0,0,133000,0,0,0,202000,69000,133000,133000
056622,高鐵永豐98購01  ,0,0,0,0,0,0,0,0,0,133000,0,0,0,135000,2000,133000,133000
059818,鴻海凱基99購14  ,0,0,0,0,0,0,0,0,0,133000,0,0,0,133000,0,133000,133000
5269,祥碩            ,499000,440051,58949,0,0,0,88000,19000,69000,5000,13000,22000,-9000,19000,5000,14000,132949
062381,上銀國泰9C購01  ,0,0,0,0,0,0,0,0,0,132000,0,0,0,132000,0,132000,132000
062062,貿聯統一01購01  ,0,0,0,0,0,0,0,0,0,132000,0,0,0,754000,622000,132000,132000
061521,亞光兆豐9A購02  ,0,0,0,0,0,0,0,0,0,132000,0,0,0,187000,55000,132000,132000
053056,同欣電國票97購01,0,0,0,0,0,0,0,0,0,132000,0,0,0,132000,0,132000,132000
07284P,大立光凱基99售10,0,0,0,0,0,0,0,0,0,132000,0,0,0,132000,0,132000,132000
8016,矽創            ,1337400,1450000,-112600,0,0,0,8000,0,8000,236000,68000,2000,66000,184000,14000,170000,131400
062129,世紀鋼統一02購01,0,0,0,0,0,0,0,0,0,131000,0,0,0,176000,45000,131000,131000
062268,力山群益9B購01  ,0,0,0,0,0,0,0,0,0,131000,0,0,0,173000,42000,131000,131000
063152,健策元富9C購01  ,0,0,0,0,0,0,0,0,0,131000,0,0,0,244000,113000,131000,131000
07741P,滬深2X凱基9B售04,0,0,0,0,0,0,0,0,0,131000,0,0,0,141000,10000,131000,131000
062759,旺宏凱基9B購07  ,0,0,0,0,0,0,0,0,0,130000,0,0,0,163000,33000,130000,130000
061587,美律富邦9A購02  ,0,0,0,0,0,0,0,0,0,130000,0,0,0,130000,0,130000,130000
055014,達興元富97購01  ,0,0,0,0,0,0,0,0,0,130000,0,0,0,130000,0,130000,130000
058722,台郡元富99購01  ,0,0,0,0,0,0,0,0,0,130000,0,0,0,356000,226000,130000,130000
058796,可成元大99購04  ,0,0,0,0,0,0,0,0,0,130000,0,0,0,130000,0,130000,130000
9921,巨大            ,1211237,991000,220237,0,0,0,0,103000,-103000,12000,15000,2000,13000,2000,3000,-1000,129237
062523,世紀鋼元大9C購03,0,0,0,0,0,0,0,0,0,129000,0,0,0,560000,431000,129000,129000
056614,智邦永豐98購01  ,0,0,0,0,0,0,0,0,0,129000,0,0,0,152000,23000,129000,129000
052936,華通兆豐98購01  ,0,0,0,0,0,0,0,0,0,129000,0,0,0,129000,0,129000,129000
060671,亞德客元大9A購03,0,0,0,0,0,0,0,0,0,129000,0,0,0,284000,155000,129000,129000
060398,立積國票9B購01  ,0,0,0,0,0,0,0,0,0,129000,0,0,0,129000,0,129000,129000
2739,寒舍            ,144000,16000,128000,0,0,0,0,0,0,1000,1000,0,1000,0,0,0,129000
062490,聯茂永豐9B購01  ,0,0,0,0,0,0,0,0,0,128000,0,0,0,128000,0,128000,128000
062968,仁寶元富9B購01  ,0,0,0,0,0,0,0,0,0,128000,0,0,0,178000,50000,128000,128000
059312,元石油元大99購05,0,0,0,0,0,0,0,0,0,128000,0,0,0,245000,117000,128000,128000
062138,力成群益9B購01  ,0,0,0,0,0,0,0,0,0,127000,0,0,0,127000,0,127000,127000
061971,力山元大9C購02  ,0,0,0,0,0,0,0,0,0,127000,0,0,0,231000,104000,127000,127000
05642P,玉晶光兆豐97售02,0,0,0,0,0,0,0,0,0,127000,0,0,0,127000,0,127000,127000
2467,志聖            ,611000,484000,127000,0,0,0,0,0,0,0,0,0,0,0,0,0,127000
061157,聯鈞群益9A購02  ,0,0,0,0,0,0,0,0,0,126000,0,0,0,144000,18000,126000,126000
061084,京元電兆豐9A購02,0,0,0,0,0,0,0,0,0,126000,0,0,0,127000,1000,126000,126000
062480,茂林國票9B購01  ,0,0,0,0,0,0,0,0,0,126000,0,0,0,136000,10000,126000,126000
057082,玉晶光統一9A購04,0,0,0,0,0,0,0,0,0,126000,0,0,0,160000,34000,126000,126000
060414,中興電永豐9A購01,0,0,0,0,0,0,0,0,0,126000,0,0,0,376000,250000,126000,126000
1730,花仙子          ,280000,154000,126000,0,0,0,0,0,0,0,0,0,0,0,0,0,126000
1315,達新            ,203000,85000,118000,0,0,0,0,0,0,8000,0,0,0,8000,0,8000,126000
062315,健策凱基9C購01  ,0,0,0,0,0,0,0,0,0,125000,0,0,0,224000,99000,125000,125000
062774,儒鴻元大9C購01  ,0,0,0,0,0,0,0,0,0,125000,0,0,0,175000,50000,125000,125000
062028,晶技群益9B購01  ,0,0,0,0,0,0,0,0,0,125000,0,0,0,125000,0,125000,125000
056719,台虹永豐98購01  ,0,0,0,0,0,0,0,0,0,125000,0,0,0,145000,20000,125000,125000
056714,晶相光永豐98購02,0,0,0,0,0,0,0,0,0,125000,0,0,0,125000,0,125000,125000
054858,台肥群益97購01  ,0,0,0,0,0,0,0,0,0,125000,0,0,0,125000,0,125000,125000
059696,立積永豐99購03  ,0,0,0,0,0,0,0,0,0,125000,0,0,0,142000,17000,125000,125000
056949,義隆統一98購01  ,0,0,0,0,0,0,0,0,0,125000,0,0,0,216000,91000,125000,125000
00678,群益NBI生技     ,103000,0,103000,0,0,0,0,0,0,21804,0,0,0,343000,321196,21804,124804
063064,台表科元富9B購01,0,0,0,0,0,0,0,0,0,124000,0,0,0,318000,194000,124000,124000
08818P,台灣50凱基01售18,0,0,0,0,0,0,0,0,0,124000,0,0,0,124000,0,124000,124000
07951P,智邦元大9B售05  ,0,0,0,0,0,0,0,0,0,124000,0,0,0,260000,136000,124000,124000
062457,京元電群益9B購01,0,0,0,0,0,0,0,0,0,123000,0,0,0,158000,35000,123000,123000
056567,瀚宇博群益98購02,0,0,0,0,0,0,0,0,0,123000,0,0,0,217000,94000,123000,123000
059113,群光永豐99購01  ,0,0,0,0,0,0,0,0,0,123000,0,0,0,145000,22000,123000,123000
058649,健策永豐99購01  ,0,0,0,0,0,0,0,0,0,123000,0,0,0,123000,0,123000,123000
6415,矽力-KY         ,934300,856047,78253,0,0,0,6000,0,6000,38000,38000,1000,37000,3000,2000,1000,122253
062272,鴻海群益9B購05  ,0,0,0,0,0,0,0,0,0,122000,0,0,0,137000,15000,122000,122000
061317,旺宏凱基9A購05  ,0,0,0,0,0,0,0,0,0,122000,0,0,0,157000,35000,122000,122000
055805,矽力永豐97購01  ,0,0,0,0,0,0,0,0,0,122000,0,0,0,219000,97000,122000,122000
053257,華通富邦97購01  ,0,0,0,0,0,0,0,0,0,122000,0,0,0,122000,0,122000,122000
057904,矽力永豐98購01  ,0,0,0,0,0,0,0,0,0,122000,0,0,0,166000,44000,122000,122000
059290,全新元富99購01  ,0,0,0,0,0,0,0,0,0,122000,0,0,0,127000,5000,122000,122000
060199,台郡元富9A購01  ,0,0,0,0,0,0,0,0,0,122000,0,0,0,122000,0,122000,122000
058297,茂林凱基9A購02  ,0,0,0,0,0,0,0,0,0,122000,0,0,0,122000,0,122000,122000
057479,致茂元大98購03  ,0,0,0,0,0,0,0,0,0,122000,0,0,0,122000,0,122000,122000
061415,健策群益9A購04  ,0,0,0,0,0,0,0,0,0,121000,0,0,0,121000,0,121000,121000
063402,GIS群益9B購02   ,0,0,0,0,0,0,0,0,0,121000,0,0,0,222000,101000,121000,121000
3257,虹冠電          ,158000,37000,121000,0,0,0,0,0,0,0,0,0,0,0,0,0,121000
061418,世紀鋼群益9A購02,0,0,0,0,0,0,0,0,0,120000,0,0,0,878000,758000,120000,120000
061231,聚陽元大9A購02  ,0,0,0,0,0,0,0,0,0,120000,0,0,0,189000,69000,120000,120000
060957,SP黃豆凱基9A購04,0,0,0,0,0,0,0,0,0,120000,0,0,0,120000,0,120000,120000
062157,聯發科凱基9B購08,0,0,0,0,0,0,0,0,0,120000,0,0,0,140000,20000,120000,120000
057841,茂林富邦9A購02  ,0,0,0,0,0,0,0,0,0,120000,0,0,0,120000,0,120000,120000
057355,彩晶統一98購03  ,0,0,0,0,0,0,0,0,0,120000,0,0,0,120000,0,120000,120000
062113,瑞祺國票9B購01  ,0,0,0,0,0,0,0,0,0,119000,0,0,0,128000,9000,119000,119000
056014,上銀群益97購02  ,0,0,0,0,0,0,0,0,0,119000,0,0,0,119000,0,119000,119000
059872,華新科凱基01購01,0,0,0,0,0,0,0,0,0,119000,0,0,0,120000,1000,119000,119000
060191,亞光元富9A購02  ,0,0,0,0,0,0,0,0,0,119000,0,0,0,131000,12000,119000,119000
057760,聯發科凱基98購18,0,0,0,0,0,0,0,0,0,119000,0,0,0,119000,0,119000,119000
2505,國揚            ,1368000,948814,419186,0,0,0,0,0,0,-301000,0,0,0,71000,372000,-301000,118186
061949,大立光群益9B購03,0,0,0,0,0,0,0,0,0,118000,0,0,0,118000,0,118000,118000
061768,晶技元大9B購02  ,0,0,0,0,0,0,0,0,0,118000,0,0,0,232000,114000,118000,118000
055549,旺宏凱基97購03  ,0,0,0,0,0,0,0,0,0,118000,0,0,0,118000,0,118000,118000
057055,立積元大99購01  ,0,0,0,0,0,0,0,0,0,118000,0,0,0,214000,96000,118000,118000
060246,晶相光元大9C購03,0,0,0,0,0,0,0,0,0,118000,0,0,0,129000,11000,118000,118000
059907,道瓊指元大99購03,0,0,0,0,0,0,0,0,0,118000,0,0,0,150000,32000,118000,118000
061880,台郡元大9B購02  ,0,0,0,0,0,0,0,0,0,117000,0,0,0,177000,60000,117000,117000
061411,T50反1群益9A購05,0,0,0,0,0,0,0,0,0,117000,0,0,0,213000,96000,117000,117000
057406,茂林群益98購03  ,0,0,0,0,0,0,0,0,0,117000,0,0,0,120000,3000,117000,117000
058031,旺宏永豐98購04  ,0,0,0,0,0,0,0,0,0,117000,0,0,0,117000,0,117000,117000
1201,味全            ,217000,156000,61000,0,0,0,0,0,0,56000,0,0,0,56000,0,56000,117000
063263,高鐵永豐9B購01  ,0,10000,-10000,0,0,0,0,0,0,126000,0,0,0,186000,60000,126000,116000
055389,國巨統一98購02  ,0,0,0,0,0,0,0,0,0,116000,0,0,0,116000,0,116000,116000
056676,國產元富98購01  ,0,0,0,0,0,0,0,0,0,116000,0,0,0,323000,207000,116000,116000
056770,國產元大98購02  ,0,0,0,0,0,0,0,0,0,116000,0,0,0,155000,39000,116000,116000
058766,力山兆豐99購01  ,0,0,0,0,0,0,0,0,0,116000,0,0,0,180000,64000,116000,116000
061468,神達群益9A購01  ,0,0,0,0,0,0,0,0,0,115000,0,0,0,340000,225000,115000,115000
059354,臺指反富邦9B購01,0,0,0,0,0,0,0,0,0,115000,0,0,0,115000,0,115000,115000
058272,超眾永豐9A購01  ,0,0,0,0,0,0,0,0,0,115000,0,0,0,115000,0,115000,115000
07300P,臺股指元大9A售33,0,0,0,0,0,0,0,0,0,115000,0,0,0,210000,95000,115000,115000
060906,旺宏元大9A購07  ,0,0,0,0,0,0,0,0,0,114000,0,0,0,127000,13000,114000,114000
062188,貿聯元大9B購02  ,0,0,0,0,0,0,0,0,0,114000,0,0,0,239000,125000,114000,114000
062992,聯發科群益9B購09,0,0,0,0,0,0,0,0,0,114000,0,0,0,114000,0,114000,114000
062537,聯電國泰9C購01  ,0,0,0,0,0,0,0,0,0,114000,0,0,0,114000,0,114000,114000
056842,全新元富98購01  ,0,0,0,0,0,0,0,0,0,114000,0,0,0,212000,98000,114000,114000
055561,奇鋐凱基97購01  ,0,0,0,0,0,0,0,0,0,114000,0,0,0,200000,86000,114000,114000
058625,旺宏國票9A購01  ,0,0,0,0,0,0,0,0,0,114000,0,0,0,124000,10000,114000,114000
057507,貿聯國票98購02  ,0,0,0,0,0,0,0,0,0,114000,0,0,0,319000,205000,114000,114000
061705,健策國票9A購06  ,0,0,0,0,0,0,0,0,0,113000,0,0,0,116000,3000,113000,113000
054778,世紀鋼國票99購01,0,0,0,0,0,0,0,0,0,113000,0,0,0,128000,15000,113000,113000
057626,技嘉富邦9A購01  ,0,0,0,0,0,0,0,0,0,113000,0,0,0,217000,104000,113000,113000
060583,南亞科元富9A購05,0,0,0,0,0,0,0,0,0,113000,0,0,0,247000,134000,113000,113000
060546,旺宏凱基9A購02  ,0,0,0,0,0,0,0,0,0,113000,0,0,0,113000,0,113000,113000
07994P,臺股指群益9B售04,0,0,0,0,0,0,0,0,0,113000,0,0,0,126000,13000,113000,113000
062190,瀚宇博元大9B購01,0,0,0,0,0,0,0,0,0,112000,0,0,0,178000,66000,112000,112000
056838,旺宏元富98購01  ,0,0,0,0,0,0,0,0,0,112000,0,0,0,112000,0,112000,112000
057853,旺宏國票99購05  ,0,0,0,0,0,0,0,0,0,112000,0,0,0,112000,0,112000,112000
058011,台虹國票99購01  ,0,0,0,0,0,0,0,0,0,112000,0,0,0,112000,0,112000,112000
059064,緯穎凱基99購02  ,0,0,0,0,0,0,0,0,0,112000,0,0,0,157000,45000,112000,112000
08637P,台灣50中信96售03,0,0,0,0,0,0,0,0,0,112000,0,0,0,112000,0,112000,112000
07366P,國巨康和99售02  ,0,0,0,0,0,0,0,0,0,112000,0,0,0,738000,626000,112000,112000
062642,帆宣國票9B購01  ,0,0,0,0,0,0,0,0,0,111000,0,0,0,270000,159000,111000,111000
05639P,欣興統一97售01  ,0,0,0,0,0,0,0,0,0,111000,0,0,0,134000,23000,111000,111000
056945,鴻海統一98購12  ,0,0,0,0,0,0,0,0,0,111000,0,0,0,136000,25000,111000,111000
059832,超眾康和99購01  ,0,0,0,0,0,0,0,0,0,111000,0,0,0,111000,0,111000,111000
060259,潤泰全凱基9C購01,0,0,0,0,0,0,0,0,0,111000,0,0,0,117000,6000,111000,111000
060233,宏碁元大9A購01  ,0,0,0,0,0,0,0,0,0,111000,0,0,0,116000,5000,111000,111000
060954,國泰金群益9A購02,0,0,0,0,0,0,0,0,0,110000,0,0,0,110000,0,110000,110000
055126,嘉澤兆豐97購01  ,0,0,0,0,0,0,0,0,0,110000,0,0,0,110000,0,110000,110000
055949,亞德客元大97購04,0,0,0,0,0,0,0,0,0,110000,0,0,0,173000,63000,110000,110000
055710,亞德客元大97購03,0,0,0,0,0,0,0,0,0,110000,0,0,0,130000,20000,110000,110000
052004,泰碩國泰97購03  ,0,0,0,0,0,0,0,0,0,110000,0,0,0,110000,0,110000,110000
053814,美律群益97購02  ,0,0,0,0,0,0,0,0,0,110000,0,0,0,110000,0,110000,110000
03648C,T50反1元大96牛07,0,0,0,0,0,0,0,0,0,110000,0,0,0,130000,20000,110000,110000
060212,華航康和9A購01  ,0,0,0,0,0,0,0,0,0,110000,0,0,0,124000,14000,110000,110000
06014P,聯發科富邦97售02,0,0,0,0,0,0,0,0,0,110000,0,0,0,110000,0,110000,110000
060128,健策永豐99購06  ,0,0,0,0,0,0,0,0,0,110000,0,0,0,137000,27000,110000,110000
059942,全新永豐99購04  ,0,0,0,0,0,0,0,0,0,110000,0,0,0,110000,0,110000,110000
07478P,南電康和9A售02  ,0,0,0,0,0,0,0,0,0,110000,0,0,0,117000,7000,110000,110000
08026P,臺股指凱基9B售12,0,0,0,0,0,0,0,0,0,110000,0,0,0,269000,159000,110000,110000
2905,三商            ,350090,241000,109090,0,0,0,0,0,0,0,0,0,0,0,0,0,109090
060815,茂林凱基9B購01  ,0,0,0,0,0,0,0,0,0,109000,0,0,0,109000,0,109000,109000
061428,南六元大9A購01  ,0,0,0,0,0,0,0,0,0,109000,0,0,0,109000,0,109000,109000
062181,義隆元大9B購03  ,0,0,0,0,0,0,0,0,0,109000,0,0,0,166000,57000,109000,109000
057449,華新科元富99購02,0,0,0,0,0,0,0,0,0,109000,0,0,0,109000,0,109000,109000
057691,健策凱基99購01  ,0,0,0,0,0,0,0,0,0,109000,0,0,0,109000,0,109000,109000
057138,亞德客兆豐98購01,0,0,0,0,0,0,0,0,0,109000,0,0,0,134000,25000,109000,109000
058984,全新凱基9A購03  ,0,0,0,0,0,0,0,0,0,109000,0,0,0,109000,0,109000,109000
07710P,華擎元大9A售05  ,0,0,0,0,0,0,0,0,0,109000,0,0,0,109000,0,109000,109000
062016,美食永豐9B購01  ,0,0,0,0,0,0,0,0,0,108000,0,0,0,125000,17000,108000,108000
056434,國巨凱基98購03  ,0,0,0,0,0,0,0,0,0,108000,0,0,0,155000,47000,108000,108000
058675,康控群益9B購01  ,0,0,0,0,0,0,0,0,0,108000,0,0,0,108000,0,108000,108000
056946,國巨統一98購05  ,0,0,0,0,0,0,0,0,0,108000,0,0,0,108000,0,108000,108000
062194,遠東新中信9C購01,0,0,0,0,0,0,0,0,0,107000,0,0,0,117000,10000,107000,107000
061597,南六永豐9A購04  ,0,0,0,0,0,0,0,0,0,107000,0,0,0,107000,0,107000,107000
061427,旭富元大9A購02  ,0,0,0,0,0,0,0,0,0,107000,0,0,0,115000,8000,107000,107000
062658,聯茂第一9B購01  ,0,0,0,0,0,0,0,0,0,107000,0,0,0,130000,23000,107000,107000
055288,日電貿元大97購02,0,0,0,0,0,0,0,0,0,107000,0,0,0,112000,5000,107000,107000
056209,超眾永豐97購02  ,0,0,0,0,0,0,0,0,0,107000,0,0,0,150000,43000,107000,107000
057780,台郡群益98購02  ,0,0,0,0,0,0,0,0,0,107000,0,0,0,122000,15000,107000,107000
057493,聯詠元大98購02  ,0,0,0,0,0,0,0,0,0,107000,0,0,0,181000,74000,107000,107000
057953,聚陽元大98購01  ,0,0,0,0,0,0,0,0,0,107000,0,0,0,107000,0,107000,107000
058076,神達凱基98購02  ,0,0,0,0,0,0,0,0,0,107000,0,0,0,107000,0,107000,107000
057403,亞光群益98購04  ,0,0,0,0,0,0,0,0,0,107000,0,0,0,107000,0,107000,107000
058434,旺宏統一9B購01  ,0,0,0,0,0,0,0,0,0,107000,0,0,0,107000,0,107000,107000
2636,台驊投控        ,161000,81000,80000,0,0,0,0,0,0,27000,33000,6000,27000,0,0,0,107000
2348,海悅            ,165000,56000,109000,0,0,0,0,0,0,-2000,0,2000,-2000,0,0,0,107000
063333,同欣電國票9C購01,0,0,0,0,0,0,0,0,0,106000,0,0,0,116000,10000,106000,106000
055091,微星群益97購01  ,0,0,0,0,0,0,0,0,0,106000,0,0,0,106000,0,106000,106000
00641R,富邦日本反1     ,8000,47000,-39000,0,0,0,0,0,0,145000,0,0,0,525000,380000,145000,106000
048744,儒鴻元富97購01  ,0,0,0,0,0,0,0,0,0,106000,0,0,0,106000,0,106000,106000
054201,聯詠富邦97購02  ,0,0,0,0,0,0,0,0,0,106000,0,0,0,458000,352000,106000,106000
058379,臺股指凱基99購14,0,0,0,0,0,0,0,0,0,106000,0,0,0,268000,162000,106000,106000
057556,智易凱基99購01  ,0,0,0,0,0,0,0,0,0,106000,0,0,0,211000,105000,106000,106000
057257,台泥兆豐99購01  ,0,0,0,0,0,0,0,0,0,106000,0,0,0,110000,4000,106000,106000
053407,台積電兆豐96購02,0,0,0,0,0,0,0,0,0,105000,0,0,0,115000,10000,105000,105000
054439,健策台新96購03  ,0,0,0,0,0,0,0,0,0,105000,0,0,0,113000,8000,105000,105000
054873,帆宣群益99購01  ,0,0,0,0,0,0,0,0,0,105000,0,0,0,123000,18000,105000,105000
054912,群光凱基97購01  ,0,0,0,0,0,0,0,0,0,105000,0,0,0,135000,30000,105000,105000
056054,亞德客元大97購05,0,0,0,0,0,0,0,0,0,105000,0,0,0,128000,23000,105000,105000
058532,禾伸堂元富99購01,0,0,0,0,0,0,0,0,0,105000,0,0,0,109000,4000,105000,105000
8028,昇陽半導體      ,236000,234000,2000,0,0,0,100000,0,100000,3000,0,0,0,3000,0,3000,105000
063050,葡萄王統一01購01,0,0,0,0,0,0,0,0,0,104000,0,0,0,110000,6000,104000,104000
061569,旺宏元大9A購14  ,0,0,0,0,0,0,0,0,0,104000,0,0,0,184000,80000,104000,104000
056038,可成凱基97購01  ,0,0,0,0,0,0,0,0,0,104000,0,0,0,140000,36000,104000,104000
056223,華邦電凱基97購04,0,0,0,0,0,0,0,0,0,104000,0,0,0,104000,0,104000,104000
056599,臻鼎元富98購01  ,0,0,0,0,0,0,0,0,0,104000,0,0,0,104000,0,104000,104000
055430,宏達電群益97購01,0,0,0,0,0,0,0,0,0,104000,0,0,0,104000,0,104000,104000
052619,茂林國泰99購01  ,0,0,0,0,0,0,0,0,0,104000,0,0,0,104000,0,104000,104000
054626,建準凱基98購01  ,0,0,0,0,0,0,0,0,0,104000,0,0,0,115000,11000,104000,104000
060214,茂林康和9A購01  ,0,0,0,0,0,0,0,0,0,104000,0,0,0,106000,2000,104000,104000
060557,南電凱基9A購02  ,0,0,0,0,0,0,0,0,0,104000,0,0,0,131000,27000,104000,104000
06282P,聯鈞永豐97售02  ,0,0,0,0,0,0,0,0,0,103000,0,0,0,125000,22000,103000,103000
051845,世紀鋼富邦96購01,0,0,0,0,0,0,0,0,0,103000,0,0,0,103000,0,103000,103000
056472,美律元大99購03  ,0,0,0,0,0,0,0,0,0,103000,0,0,0,103000,0,103000,103000
060707,台郡富邦9A購01  ,0,0,0,0,0,0,0,0,0,103000,0,0,0,138000,35000,103000,103000
058559,華新科日盛99購02,0,0,0,0,0,0,0,0,0,103000,0,0,0,103000,0,103000,103000
057325,可成群益9A購01  ,0,0,0,0,0,0,0,0,0,103000,0,0,0,140000,37000,103000,103000
057662,上銀元大9A購01  ,0,0,0,0,0,0,0,0,0,103000,0,0,0,104000,1000,103000,103000
057628,旺宏永豐98購02  ,0,0,0,0,0,0,0,0,0,103000,0,0,0,103000,0,103000,103000
062195,聚陽中信9C購01  ,0,0,0,0,0,0,0,0,0,102000,0,0,0,122000,20000,102000,102000
049272,世紀鋼元大96購02,0,0,0,0,0,0,0,0,0,102000,0,0,0,117000,15000,102000,102000
059847,喬山永豐99購01  ,0,0,0,0,0,0,0,0,0,102000,0,0,0,104000,2000,102000,102000
061931,力山國票9B購02  ,0,0,0,0,0,0,0,0,0,101000,0,0,0,101000,0,101000,101000
060896,晶技凱基9A購02  ,0,0,0,0,0,0,0,0,0,101000,0,0,0,233000,132000,101000,101000
062278,聯發科群益9C購01,0,0,0,0,0,0,0,0,0,101000,0,0,0,129000,28000,101000,101000
063369,聚陽永豐9B購01  ,0,0,0,0,0,0,0,0,0,101000,0,0,0,101000,0,101000,101000
057296,智原永豐98購01  ,0,0,0,0,0,0,0,0,0,101000,0,0,0,101000,0,101000,101000
058337,日月光元富99購01,0,0,0,0,0,0,0,0,0,101000,0,0,0,118000,17000,101000,101000
060667,力成凱基9A購01  ,0,0,0,0,0,0,0,0,0,101000,0,0,0,167000,66000,101000,101000
6715,嘉基            ,155000,40000,115000,0,0,0,0,0,0,-14000,0,14000,-14000,0,0,0,101000
07810P,台積電統一9A售08,0,0,0,0,0,0,0,0,0,101000,0,0,0,101000,0,101000,101000
07202P,台灣50凱基9C售04,0,0,0,0,0,0,0,0,0,101000,0,0,0,105000,4000,101000,101000
07027P,台積電群益99售04,0,0,0,0,0,0,0,0,0,101000,0,0,0,105000,4000,101000,101000
06879P,長榮航凱基98售02,0,0,0,0,0,0,0,0,0,101000,0,0,0,101000,0,101000,101000
063026,南六元大9B購04  ,0,0,0,0,0,0,0,0,0,100000,0,0,0,100000,0,100000,100000
063009,國巨元大9B購18  ,0,0,0,0,0,0,0,0,0,100000,0,0,0,100000,0,100000,100000
060851,國巨國泰9C購01  ,0,0,0,0,0,0,0,0,0,100000,0,0,0,307000,207000,100000,100000
062147,大毅國票9B購02  ,0,0,0,0,0,0,0,0,0,100000,0,0,0,119000,19000,100000,100000
061709,SP黃豆凱基01購02,0,0,0,0,0,0,0,0,0,100000,0,0,0,100000,0,100000,100000
048870,義隆國票96購01  ,0,0,0,0,0,0,0,0,0,100000,0,0,0,100000,0,100000,100000
04786P,鴻海永昌96售01  ,0,0,0,0,0,0,0,0,0,100000,0,0,0,100000,0,100000,100000
051602,南茂兆豐96購01  ,0,0,0,0,0,0,0,0,0,100000,0,0,0,100000,0,100000,100000
053637,強茂永豐96購01  ,0,0,0,0,0,0,0,0,0,100000,0,0,0,100000,0,100000,100000
052223,聯電凱基96購02  ,0,0,0,0,0,0,0,0,0,100000,0,0,0,200000,100000,100000,100000
053299,台泥凱基96購01  ,0,0,0,0,0,0,0,0,0,100000,0,0,0,100000,0,100000,100000
053057,聯電國泰97購02  ,0,0,0,0,0,0,0,0,0,100000,0,0,0,1020000,920000,100000,100000
055177,宏達電統一99購01,0,0,0,0,0,0,0,0,0,100000,0,0,0,100000,0,100000,100000
060456,正隆元大9A購01  ,0,0,0,0,0,0,0,0,0,100000,0,0,0,211000,111000,100000,100000
058528,世紀鋼元大99購02,0,0,0,0,0,0,0,0,0,100000,0,0,0,100000,0,100000,100000
057377,康控元大99購02  ,0,0,0,0,0,0,0,0,0,100000,0,0,0,100000,0,100000,100000
058120,台灣50國票99購03,0,0,0,0,0,0,0,0,0,100000,0,0,0,100000,0,100000,100000
058110,光寶科元富98購01,0,0,0,0,0,0,0,0,0,100000,0,0,0,100000,0,100000,100000
056958,喬山永豐98購01  ,0,0,0,0,0,0,0,0,0,100000,0,0,0,106000,6000,100000,100000
057924,健策凱基98購02  ,0,0,0,0,0,0,0,0,0,100000,0,0,0,104000,4000,100000,100000
058244,神達元大99購02  ,0,0,0,0,0,0,0,0,0,100000,0,0,0,210000,110000,100000,100000
07734P,台積電富邦9C售10,0,0,0,0,0,0,0,0,0,100000,0,0,0,100000,0,100000,100000
07766P,美律群益9A售03  ,0,0,0,0,0,0,0,0,0,100000,0,0,0,133000,33000,100000,100000
061558,旺宏國票9B購02  ,0,0,0,0,0,0,0,0,0,99000,0,0,0,154000,55000,99000,99000
055243,國巨統一97購04  ,0,0,0,0,0,0,0,0,0,99000,0,0,0,1593000,1494000,99000,99000
058909,神達元大99購03  ,0,0,0,0,0,0,0,0,0,99000,0,0,0,333000,234000,99000,99000
055933,欣興群益98購02  ,0,0,0,0,0,0,0,0,0,99000,0,0,0,112000,13000,99000,99000
052686,華新科元大96購03,0,0,0,0,0,0,0,0,0,99000,0,0,0,99000,0,99000,99000
057216,聯發科群益99購01,0,0,0,0,0,0,0,0,0,99000,0,0,0,129000,30000,99000,99000
060714,晶技永豐9A購02  ,0,0,0,0,0,0,0,0,0,99000,0,0,0,99000,0,99000,99000
07902P,玉晶光國票01售01,0,0,0,0,0,0,0,0,0,99000,0,0,0,149000,50000,99000,99000
08045P,健策國票9B售01  ,0,0,0,0,0,0,0,0,0,99000,0,0,0,145000,46000,99000,99000
061687,大成鋼群益9A購01,0,0,0,0,0,0,0,0,0,98000,0,0,0,281000,183000,98000,98000
060991,京鼎元大9A購01  ,0,0,0,0,0,0,0,0,0,98000,0,0,0,106000,8000,98000,98000
061412,儒鴻群益9A購01  ,0,0,0,0,0,0,0,0,0,98000,0,0,0,123000,25000,98000,98000
063126,TPK元大9B購01   ,0,0,0,0,0,0,0,0,0,98000,0,0,0,102000,4000,98000,98000
062343,中石化群益9B購01,0,0,0,0,0,0,0,0,0,98000,0,0,0,98000,0,98000,98000
056559,華通群益98購02  ,0,0,0,0,0,0,0,0,0,98000,0,0,0,266000,168000,98000,98000
056168,鴻海元富97購07  ,0,0,0,0,0,0,0,0,0,98000,0,0,0,98000,0,98000,98000
055093,京鼎群益98購01  ,0,0,0,0,0,0,0,0,0,98000,0,0,0,100000,2000,98000,98000
060764,華擎元大9A購03  ,0,0,0,0,0,0,0,0,0,98000,0,0,0,100000,2000,98000,98000
060402,神隆國泰9B購01  ,0,0,0,0,0,0,0,0,0,98000,0,0,0,118000,20000,98000,98000
060305,得力永豐9A購01  ,0,0,0,0,0,0,0,0,0,98000,0,0,0,98000,0,98000,98000
060361,南亞科元富9A購03,0,0,0,0,0,0,0,0,0,98000,0,0,0,208000,110000,98000,98000
058540,嘉聯益國泰9A購02,0,0,0,0,0,0,0,0,0,98000,0,0,0,98000,0,98000,98000
058496,文曄群益99購01  ,0,0,0,0,0,0,0,0,0,98000,0,0,0,98000,0,98000,98000
057054,立積元大98購03  ,0,0,0,0,0,0,0,0,0,98000,0,0,0,196000,98000,98000,98000
057502,訊芯群益98購02  ,0,0,0,0,0,0,0,0,0,98000,0,0,0,98000,0,98000,98000
6451,訊芯-KY         ,247000,139000,108000,0,0,0,0,0,0,-10000,3000,2000,1000,3000,14000,-11000,98000
063225,茂林群益9B購04  ,0,0,0,0,0,0,0,0,0,97000,0,0,0,97000,0,97000,97000
061621,健策群益9A購05  ,0,0,0,0,0,0,0,0,0,97000,0,0,0,107000,10000,97000,97000
055701,亞德客富邦99購01,0,0,0,0,0,0,0,0,0,97000,0,0,0,151000,54000,97000,97000
057287,彩晶元大9C購03  ,0,0,0,0,0,0,0,0,0,97000,0,0,0,100000,3000,97000,97000
058569,健策凱基9A購01  ,0,0,0,0,0,0,0,0,0,97000,0,0,0,130000,33000,97000,97000
060995,泰鼎元大9A購03  ,0,0,0,0,0,0,0,0,0,96000,0,0,0,129000,33000,96000,96000
057087,台郡統一99購01  ,0,0,0,0,0,0,0,0,0,96000,0,0,0,207000,111000,96000,96000
6282,康舒            ,736000,644000,92000,0,0,0,0,0,0,4000,2000,0,2000,3000,1000,2000,96000
060956,超眾群益9A購01  ,0,0,0,0,0,0,0,0,0,95000,0,0,0,95000,0,95000,95000
060961,台光電凱基9A購03,0,0,0,0,0,0,0,0,0,95000,0,0,0,95000,0,95000,95000
062025,台達電群益9B購01,0,0,0,0,0,0,0,0,0,95000,0,0,0,95000,0,95000,95000
063396,金像電群益9C購01,0,0,0,0,0,0,0,0,0,95000,0,0,0,100000,5000,95000,95000
056613,旺宏永豐98購01  ,0,0,0,0,0,0,0,0,0,95000,0,0,0,95000,0,95000,95000
056308,TPK元大97購02   ,0,0,0,0,0,0,0,0,0,95000,0,0,0,108000,13000,95000,95000
055295,瀚宇博元大97購02,0,0,0,0,0,0,0,0,0,95000,0,0,0,146000,51000,95000,95000
055256,日電貿統一99購01,0,0,0,0,0,0,0,0,0,95000,0,0,0,103000,8000,95000,95000
058830,健策永豐99購02  ,0,0,0,0,0,0,0,0,0,95000,0,0,0,100000,5000,95000,95000
055327,致新國票98購01  ,0,0,0,0,0,0,0,0,0,95000,0,0,0,140000,45000,95000,95000
055336,茂林兆豐98購01  ,0,0,0,0,0,0,0,0,0,95000,0,0,0,95000,0,95000,95000
053253,友達國泰97購02  ,0,0,0,0,0,0,0,0,0,95000,0,0,0,95000,0,95000,95000
058062,上銀中信98購01  ,0,0,0,0,0,0,0,0,0,95000,0,0,0,95000,0,95000,95000
060605,大立光凱基9C購01,0,0,0,0,0,0,0,0,0,95000,0,0,0,95000,0,95000,95000
2106,建大            ,132000,370000,-238000,0,0,0,333000,0,333000,0,0,0,0,0,0,0,95000
4552,力達-KY         ,50000,38000,12000,0,0,0,82000,0,82000,1000,1000,0,1000,0,0,0,95000
1439,中和            ,210000,115000,95000,0,0,0,0,0,0,0,0,0,0,0,0,0,95000
07612P,國巨國泰9B售06  ,0,0,0,0,0,0,0,0,0,95000,0,0,0,160000,65000,95000,95000
053728,茂林凱基97購01  ,0,0,0,0,0,0,0,0,0,94000,0,0,0,94000,0,94000,94000
057865,富邦金凱基98購01,0,0,0,0,0,0,0,0,0,94000,0,0,0,94000,0,94000,94000
057789,上銀統一9A購01  ,0,0,0,0,0,0,0,0,0,94000,0,0,0,96000,2000,94000,94000
057767,緯穎凱基98購06  ,0,0,0,0,0,0,0,0,0,94000,0,0,0,95000,1000,94000,94000
07670P,茂林元大9A售02  ,0,0,0,0,0,0,0,0,0,94000,0,0,0,127000,33000,94000,94000
061087,國巨統一01購04  ,0,0,0,0,0,0,0,0,0,93000,0,0,0,117000,24000,93000,93000
056543,京鼎凱基98購01  ,0,0,0,0,0,0,0,0,0,93000,0,0,0,93000,0,93000,93000
05240P,玉晶光永豐96售01,0,0,0,0,0,0,0,0,0,93000,0,0,0,93000,0,93000,93000
052467,嘉聯益統一96購01,0,0,0,0,0,0,0,0,0,93000,0,0,0,93000,0,93000,93000
054079,鴻海中信98購02  ,0,0,0,0,0,0,0,0,0,93000,0,0,0,93000,0,93000,93000
056987,南茂群益98購01  ,0,0,0,0,0,0,0,0,0,93000,0,0,0,103000,10000,93000,93000
057929,上銀群益98購02  ,0,0,0,0,0,0,0,0,0,93000,0,0,0,93000,0,93000,93000
07215P,大立光凱基99售07,0,0,0,0,0,0,0,0,0,93000,0,0,0,93000,0,93000,93000
8271,宇瞻            ,3620023,3607000,13023,0,0,0,0,0,0,79000,79000,0,79000,0,0,0,92023
061196,世芯永豐9A購06  ,0,0,0,0,0,0,0,0,0,92000,0,0,0,102000,10000,92000,92000
061966,旺宏統一01購03  ,0,0,0,0,0,0,0,0,0,92000,0,0,0,92000,0,92000,92000
062348,聯發科群益9B購06,0,0,0,0,0,0,0,0,0,92000,0,0,0,104000,12000,92000,92000
054582,致新元大97購01  ,0,0,0,0,0,0,0,0,0,92000,0,0,0,92000,0,92000,92000
053500,新日興兆豐97購01,0,0,0,0,0,0,0,0,0,92000,0,0,0,93000,1000,92000,92000
056492,全新國泰9A購01  ,0,0,0,0,0,0,0,0,0,92000,0,0,0,651000,559000,92000,92000
060735,鴻海統一9C購03  ,0,0,0,0,0,0,0,0,0,92000,0,0,0,92000,0,92000,92000
057446,旺宏元富02購01  ,0,0,0,0,0,0,0,0,0,92000,0,0,0,92000,0,92000,92000
2913,農林            ,364000,272000,92000,0,0,0,0,0,0,0,0,0,0,0,0,0,92000
062334,健策統一9B購02  ,0,0,0,0,0,0,0,0,0,91000,0,0,0,197000,106000,91000,91000
062255,聯發科元大9B購07,0,0,0,0,0,0,0,0,0,91000,0,0,0,92000,1000,91000,91000
062257,聯發科元大9B購09,0,0,0,0,0,0,0,0,0,91000,0,0,0,92000,1000,91000,91000
062387,健策國泰01購01  ,0,0,0,0,0,0,0,0,0,91000,0,0,0,119000,28000,91000,91000
063203,華新科統一9C購04,0,0,0,0,0,0,0,0,0,91000,0,0,0,91000,0,91000,91000
061045,儒鴻第一9A購01  ,0,0,0,0,0,0,0,0,0,91000,0,0,0,93000,2000,91000,91000
058283,世紀鋼中信99購01,0,0,0,0,0,0,0,0,0,91000,0,0,0,91000,0,91000,91000
1467,南緯            ,248000,157000,91000,0,0,0,0,0,0,0,0,0,0,0,0,0,91000
08117P,聯發科元富9B售04,0,0,0,0,0,0,0,0,0,91000,0,0,0,99000,8000,91000,91000
061206,旺宏元大9A購12  ,0,0,0,0,0,0,0,0,0,90000,0,0,0,110000,20000,90000,90000
063191,台表科凱基9B購03,0,0,0,0,0,0,0,0,0,90000,0,0,0,95000,5000,90000,90000
063019,聯發科元大9C購01,0,0,0,0,0,0,0,0,0,90000,0,0,0,101000,11000,90000,90000
062983,緯穎元富9B購01  ,0,0,0,0,0,0,0,0,0,90000,0,0,0,95000,5000,90000,90000
062975,京鼎元富9B購01  ,0,0,0,0,0,0,0,0,0,90000,0,0,0,306000,216000,90000,90000
062927,同欣電國票9B購02,0,0,0,0,0,0,0,0,0,90000,0,0,0,136000,46000,90000,90000
063457,臺指反元大02購17,0,0,0,0,0,0,0,0,0,90000,0,0,0,100000,10000,90000,90000
063320,旭富群益9B購03  ,0,0,0,0,0,0,0,0,0,90000,0,0,0,90000,0,90000,90000
057847,聯茂永豐98購01  ,0,0,0,0,0,0,0,0,0,90000,0,0,0,100000,10000,90000,90000
055507,樺漢元大98購02  ,0,0,0,0,0,0,0,0,0,90000,0,0,0,90000,0,90000,90000
053486,T50反1兆豐96購01,0,0,0,0,0,0,0,0,0,90000,0,0,0,90000,0,90000,90000
053259,卜蜂群益97購01  ,0,0,0,0,0,0,0,0,0,90000,0,0,0,90000,0,90000,90000
052331,漢唐亞東97購01  ,0,0,0,0,0,0,0,0,0,90000,0,0,0,90000,0,90000,90000
059954,華新科康和99購01,0,0,0,0,0,0,0,0,0,90000,0,0,0,110000,20000,90000,90000
060616,宏碁元大9A購02  ,0,0,0,0,0,0,0,0,0,90000,0,0,0,100000,10000,90000,90000
060066,欣興兆豐9B購01  ,0,0,0,0,0,0,0,0,0,90000,0,0,0,90000,0,90000,90000
057956,全新元大99購04  ,0,0,0,0,0,0,0,0,0,90000,0,0,0,90000,0,90000,90000
07100P,華航元大99售01  ,0,0,0,0,0,0,0,0,0,90000,0,0,0,90000,0,90000,90000
063127,TPK元大9B購02   ,0,0,0,0,0,0,0,0,0,89000,0,0,0,93000,4000,89000,89000
062685,華新科統一9C購03,0,0,0,0,0,0,0,0,0,89000,0,0,0,89000,0,89000,89000
048177,臺指反富邦99購01,0,0,0,0,0,0,0,0,0,89000,0,0,0,89000,0,89000,89000
051292,牧德統一97購01  ,0,0,0,0,0,0,0,0,0,89000,0,0,0,140000,51000,89000,89000
057629,泰碩永豐98購02  ,0,0,0,0,0,0,0,0,0,89000,0,0,0,96000,7000,89000,89000
060755,鴻海元大9A購15  ,0,0,0,0,0,0,0,0,0,89000,0,0,0,100000,11000,89000,89000
07646P,世芯元大9A售04  ,0,0,0,0,0,0,0,0,0,89000,0,0,0,434000,345000,89000,89000
062663,聯發科群益9B購07,0,0,0,0,0,0,0,0,0,88000,0,0,0,207000,119000,88000,88000
062308,旺宏凱基9B購04  ,0,0,0,0,0,0,0,0,0,88000,0,0,0,105000,17000,88000,88000
061215,健策元大9A購06  ,0,0,0,0,0,0,0,0,0,88000,0,0,0,141000,53000,88000,88000
052488,旺宏國票96購03  ,0,0,0,0,0,0,0,0,0,88000,0,0,0,88000,0,88000,88000
052795,健策兆豐97購01  ,0,0,0,0,0,0,0,0,0,88000,0,0,0,103000,15000,88000,88000
052295,揚明光國票96購03,0,0,0,0,0,0,0,0,0,88000,0,0,0,88000,0,88000,88000
055424,聚陽群益98購01  ,0,0,0,0,0,0,0,0,0,88000,0,0,0,88000,0,88000,88000
060635,義隆永豐9A購01  ,0,0,0,0,0,0,0,0,0,88000,0,0,0,336000,248000,88000,88000
06013P,世芯國泰97售03  ,0,0,0,0,0,0,0,0,0,88000,0,0,0,108000,20000,88000,88000
057936,健策群益99購01  ,0,0,0,0,0,0,0,0,0,88000,0,0,0,117000,29000,88000,88000
057106,美律群益98購03  ,0,0,0,0,0,0,0,0,0,88000,0,0,0,98000,10000,88000,88000
057056,立積元大99購02  ,0,0,0,0,0,0,0,0,0,88000,0,0,0,88000,0,88000,88000
060932,南六永豐9A購02  ,0,0,0,0,0,0,0,0,0,87000,0,0,0,149000,62000,87000,87000
061543,南亞科群益9A購01,0,0,0,0,0,0,0,0,0,87000,0,0,0,161000,74000,87000,87000
062265,南茂元大9B購01  ,0,0,0,0,0,0,0,0,0,87000,0,0,0,267000,180000,87000,87000
062479,TPK國票9B購01   ,0,0,0,0,0,0,0,0,0,87000,0,0,0,110000,23000,87000,87000
055842,建準元大98購01  ,0,0,0,0,0,0,0,0,0,87000,0,0,0,87000,0,87000,87000
056127,致新國票98購02  ,0,0,0,0,0,0,0,0,0,87000,0,0,0,289000,202000,87000,87000
053496,義隆兆豐96購02  ,0,0,0,0,0,0,0,0,0,87000,0,0,0,206000,119000,87000,87000
053593,晶技元大98購01  ,0,0,0,0,0,0,0,0,0,87000,0,0,0,315000,228000,87000,87000
060248,日月光元大9A購01,0,0,0,0,0,0,0,0,0,87000,0,0,0,140000,53000,87000,87000
060043,全新群益9B購02  ,0,0,0,0,0,0,0,0,0,87000,0,0,0,180000,93000,87000,87000
058181,華新科國泰9B購01,0,0,0,0,0,0,0,0,0,87000,0,0,0,87000,0,87000,87000
07836P,大成鋼元大9A售01,0,0,0,0,0,0,0,0,0,87000,0,0,0,117000,30000,87000,87000
062937,旺宏凱基9B購08  ,0,0,0,0,0,0,0,0,0,86000,0,0,0,132000,46000,86000,86000
062978,世芯元富9B購01  ,0,0,0,0,0,0,0,0,0,86000,0,0,0,88000,2000,86000,86000
061593,智原永豐9A購01  ,0,0,0,0,0,0,0,0,0,86000,0,0,0,86000,0,86000,86000
062203,燿華國票9C購01  ,0,0,0,0,0,0,0,0,0,86000,0,0,0,178000,92000,86000,86000
055661,亞德客中信98購01,0,0,0,0,0,0,0,0,0,86000,0,0,0,138000,52000,86000,86000
056529,中環凱基98購01  ,0,0,0,0,0,0,0,0,0,86000,0,0,0,86000,0,86000,86000
057121,立積康和98購01  ,0,0,0,0,0,0,0,0,0,86000,0,0,0,86000,0,86000,86000
058621,華通國票9A購01  ,0,0,0,0,0,0,0,0,0,86000,0,0,0,94000,8000,86000,86000
058651,FBVIX中信9C購01 ,0,0,0,0,0,0,0,0,0,86000,0,0,0,111000,25000,86000,86000
059187,國巨富邦9B購02  ,0,0,0,0,0,0,0,0,0,86000,0,0,0,91000,5000,86000,86000
07642P,華通凱基9A售05  ,0,0,0,0,0,0,0,0,0,86000,0,0,0,100000,14000,86000,86000
07754P,日月光元大9A售02,0,0,0,0,0,0,0,0,0,86000,0,0,0,186000,100000,86000,86000
1218,泰山            ,267000,186000,81000,0,0,0,0,0,0,5000,5000,0,5000,0,0,0,86000
8464,億豐            ,227591,163000,64591,0,0,0,22000,0,22000,-1000,0,0,0,0,1000,-1000,85591
061820,康控群益9B購02  ,0,0,0,0,0,0,0,0,0,85000,0,0,0,112000,27000,85000,85000
061447,鴻海中信04購02  ,0,0,0,0,0,0,0,0,0,85000,0,0,0,92000,7000,85000,85000
062971,英業達元富9B購01,0,0,0,0,0,0,0,0,0,85000,0,0,0,233000,148000,85000,85000
063171,光寶科中信9B購01,0,0,0,0,0,0,0,0,0,85000,0,0,0,86000,1000,85000,85000
063261,康控富邦03購01  ,0,0,0,0,0,0,0,0,0,85000,0,0,0,138000,53000,85000,85000
063229,台表科群益9B購04,0,0,0,0,0,0,0,0,0,85000,0,0,0,205000,120000,85000,85000
056332,台郡國票99購01  ,0,0,0,0,0,0,0,0,0,85000,0,0,0,91000,6000,85000,85000
058831,茂林永豐99購01  ,0,0,0,0,0,0,0,0,0,85000,0,0,0,105000,20000,85000,85000
055586,旺宏元大98購06  ,0,0,0,0,0,0,0,0,0,85000,0,0,0,153000,68000,85000,85000
052957,T50反1凱基99購01,0,0,0,0,0,0,0,0,0,85000,0,0,0,85000,0,85000,85000
00685L,群益臺灣加權正2 ,0,0,0,0,0,0,0,0,0,85000,0,0,0,235000,150000,85000,85000
057203,麗豐元富98購02  ,0,0,0,0,0,0,0,0,0,85000,0,0,0,196000,111000,85000,85000
060776,世芯凱基9B購01  ,0,0,0,0,0,0,0,0,0,85000,0,0,0,144000,59000,85000,85000
07316P,長榮航康和99售01,0,0,0,0,0,0,0,0,0,85000,0,0,0,85000,0,85000,85000
063353,上銀元富9B購03  ,0,0,0,0,0,0,0,0,0,84000,0,0,0,91000,7000,84000,84000
061360,智邦兆豐9B購02  ,0,0,0,0,0,0,0,0,0,84000,0,0,0,127000,43000,84000,84000
061269,嘉澤凱基9A購01  ,0,0,0,0,0,0,0,0,0,84000,0,0,0,94000,10000,84000,84000
060988,華新科元大9A購12,0,0,0,0,0,0,0,0,0,84000,0,0,0,101000,17000,84000,84000
061155,華新科群益9A購06,0,0,0,0,0,0,0,0,0,84000,0,0,0,94000,10000,84000,84000
062037,華新凱基9B購01  ,0,0,0,0,0,0,0,0,0,84000,0,0,0,126000,42000,84000,84000
062074,旺宏元大9B購04  ,0,0,0,0,0,0,0,0,0,84000,0,0,0,85000,1000,84000,84000
056784,南亞科群益98購01,0,0,0,0,0,0,0,0,0,84000,0,0,0,121000,37000,84000,84000
056635,亞德客日盛99購01,0,0,0,0,0,0,0,0,0,84000,0,0,0,94000,10000,84000,84000
060209,喬山康和9A購01  ,0,0,0,0,0,0,0,0,0,84000,0,0,0,99000,15000,84000,84000
057444,台泥元富98購01  ,0,0,0,0,0,0,0,0,0,84000,0,0,0,174000,90000,84000,84000
061245,晶技群益9A購01  ,0,0,0,0,0,0,0,0,0,83000,0,0,0,98000,15000,83000,83000
062593,健策統一9B購03  ,0,0,0,0,0,0,0,0,0,83000,0,0,0,241000,158000,83000,83000
055136,聯發科富邦99購06,0,0,0,0,0,0,0,0,0,83000,0,0,0,84000,1000,83000,83000
053919,可成國票97購02  ,0,0,0,0,0,0,0,0,0,83000,0,0,0,89000,6000,83000,83000
058143,瑞儀元大99購02  ,0,0,0,0,0,0,0,0,0,83000,0,0,0,83000,0,83000,83000
062911,聯詠元大9B購03  ,0,0,0,0,0,0,0,0,0,82000,0,0,0,172000,90000,82000,82000
061439,寶成凱基9A購01  ,0,0,0,0,0,0,0,0,0,82000,0,0,0,239000,157000,82000,82000
054307,高鐵凱基98購01  ,0,0,0,0,0,0,0,0,0,82000,0,0,0,210000,128000,82000,82000
056320,京鼎群益99購01  ,0,0,0,0,0,0,0,0,0,82000,0,0,0,101000,19000,82000,82000
056092,亞德客元富97購02,0,0,0,0,0,0,0,0,0,82000,0,0,0,175000,93000,82000,82000
056560,旺宏群益98購03  ,0,0,0,0,0,0,0,0,0,82000,0,0,0,277000,195000,82000,82000
058344,旺宏群益99購05  ,0,0,0,0,0,0,0,0,0,82000,0,0,0,87000,5000,82000,82000
060281,卜蜂元大9C購01  ,0,0,0,0,0,0,0,0,0,82000,0,0,0,91000,9000,82000,82000
060163,健策永豐9B購01  ,0,0,0,0,0,0,0,0,0,82000,0,0,0,94000,12000,82000,82000
057514,華新科元富99購03,0,0,0,0,0,0,0,0,0,82000,0,0,0,82000,0,82000,82000
06566P,華通永豐98售03  ,0,0,0,0,0,0,0,0,0,82000,0,0,0,135000,53000,82000,82000
060814,健策凱基9B購01  ,0,0,0,0,0,0,0,0,0,81000,0,0,0,82000,1000,81000,81000
063192,技嘉台新9B購01  ,0,0,0,0,0,0,0,0,0,81000,0,0,0,139000,58000,81000,81000
062851,建準永豐9B購02  ,0,0,0,0,0,0,0,0,0,81000,0,0,0,177000,96000,81000,81000
055627,亞德客永豐97購02,0,0,0,0,0,0,0,0,0,81000,0,0,0,91000,10000,81000,81000
056077,矽力元大97購07  ,0,0,0,0,0,0,0,0,0,81000,0,0,0,148000,67000,81000,81000
056809,旺宏統一98購03  ,0,0,0,0,0,0,0,0,0,81000,0,0,0,81000,0,81000,81000
056307,貿聯元大97購05  ,0,0,0,0,0,0,0,0,0,81000,0,0,0,149000,68000,81000,81000
058788,喬山元大99購01  ,0,0,0,0,0,0,0,0,0,81000,0,0,0,356000,275000,81000,81000
053864,義隆元大96購01  ,0,0,0,0,0,0,0,0,0,81000,0,0,0,129000,48000,81000,81000
056002,嘉晶永豐97購01  ,0,0,0,0,0,0,0,0,0,81000,0,0,0,82000,1000,81000,81000
057718,旺宏元富02購02  ,0,0,0,0,0,0,0,0,0,81000,0,0,0,131000,50000,81000,81000
059298,大立光元富9C購02,0,0,0,0,0,0,0,0,0,81000,0,0,0,192000,111000,81000,81000
059642,健策凱基99購04  ,0,0,0,0,0,0,0,0,0,81000,0,0,0,81000,0,81000,81000
07319P,台積電凱基01售02,0,0,0,0,0,0,0,0,0,81000,0,0,0,81000,0,81000,81000
07730P,臺股指凱基9A售22,0,0,0,0,0,0,0,0,0,81000,0,0,0,110000,29000,81000,81000
062545,嘉晶永豐9B購01  ,0,0,0,0,0,0,0,0,0,80000,0,0,0,85000,5000,80000,80000
062403,健策永豐9B購06  ,0,0,0,0,0,0,0,0,0,80000,0,0,0,107000,27000,80000,80000
063125,華擎元大9C購02  ,0,0,0,0,0,0,0,0,0,80000,0,0,0,80000,0,80000,80000
060869,超眾永豐9A購02  ,0,0,0,0,0,0,0,0,0,80000,0,0,0,80000,0,80000,80000
061123,燿華永豐9A購01  ,0,0,0,0,0,0,0,0,0,80000,0,0,0,80000,0,80000,80000
061518,達方永豐9A購02  ,0,0,0,0,0,0,0,0,0,80000,0,0,0,200000,120000,80000,80000
061984,華新科元大9B購05,0,0,0,0,0,0,0,0,0,80000,0,0,0,85000,5000,80000,80000
055972,GIS元大97購04   ,0,0,0,0,0,0,0,0,0,80000,0,0,0,276000,196000,80000,80000
054634,FB上証中信99購01,0,0,0,0,0,0,0,0,0,80000,0,0,0,91000,11000,80000,80000
053087,冠德元大96購02  ,0,0,0,0,0,0,0,0,0,80000,0,0,0,80000,0,80000,80000
053121,上証2X凱基9C購01,0,0,0,0,0,0,0,0,0,80000,0,0,0,80000,0,80000,80000
051898,富邦金國泰97購01,0,0,0,0,0,0,0,0,0,80000,0,0,0,80000,0,80000,80000
056040,亞光凱基98購01  ,0,0,0,0,0,0,0,0,0,80000,0,0,0,80000,0,80000,80000
055647,義隆元富97購01  ,0,0,0,0,0,0,0,0,0,80000,0,0,0,220000,140000,80000,80000
055931,冠德群益97購02  ,0,0,0,0,0,0,0,0,0,80000,0,0,0,145000,65000,80000,80000
060364,奇力新元富9A購01,0,0,0,0,0,0,0,0,0,80000,0,0,0,100000,20000,80000,80000
060686,康友元大9A購02  ,0,0,0,0,0,0,0,0,0,80000,0,0,0,80000,0,80000,80000
06058P,玉晶光凱基97售04,0,0,0,0,0,0,0,0,0,80000,0,0,0,80000,0,80000,80000
058326,祥碩台新99購01  ,0,0,0,0,0,0,0,0,0,80000,0,0,0,80000,0,80000,80000
07327P,台灣50群益9A售06,0,0,0,0,0,0,0,0,0,80000,0,0,0,140000,60000,80000,80000
07173P,臺股指國票99售10,0,0,0,0,0,0,0,0,0,80000,0,0,0,353000,273000,80000,80000
07145P,為升元大99售03  ,0,0,0,0,0,0,0,0,0,80000,0,0,0,80000,0,80000,80000
061689,國巨群益9A購12  ,0,0,0,0,0,0,0,0,0,79000,0,0,0,82000,3000,79000,79000
058588,致茂中信9B購01  ,0,0,0,0,0,0,0,0,0,79000,0,0,0,135000,56000,79000,79000
058664,百和兆豐99購01  ,0,0,0,0,0,0,0,0,0,79000,0,0,0,225000,146000,79000,79000
057279,國揚元大98購01  ,0,0,0,0,0,0,0,0,0,79000,0,0,0,145000,66000,79000,79000
2330,台積電          ,23419548,23428455,-8907,0,0,0,389000,828000,-439000,526000,102000,70000,32000,697000,203000,494000,78093
061690,旺宏群益9A購05  ,0,0,0,0,0,0,0,0,0,78000,0,0,0,78000,0,78000,78000
061489,高鐵兆豐9A購01  ,0,0,0,0,0,0,0,0,0,78000,0,0,0,95000,17000,78000,78000
060835,亞德客國票9A購01,0,0,0,0,0,0,0,0,0,78000,0,0,0,99000,21000,78000,78000
06456P,聯發科統一98售03,0,0,0,0,0,0,0,0,0,78000,0,0,0,145000,67000,78000,78000
055060,聯陽永豐97購01  ,0,0,0,0,0,0,0,0,0,78000,0,0,0,89000,11000,78000,78000
056422,全新統一98購02  ,0,0,0,0,0,0,0,0,0,78000,0,0,0,78000,0,78000,78000
060522,鴻海中信9A購03  ,0,0,0,0,0,0,0,0,0,78000,0,0,0,108000,30000,78000,78000
060228,亞德客元大9A購01,0,0,0,0,0,0,0,0,0,78000,0,0,0,193000,115000,78000,78000
07216P,大立光凱基99售08,0,0,0,0,0,0,0,0,0,78000,0,0,0,78000,0,78000,78000
07247P,聯發科凱基9A售06,0,0,0,0,0,0,0,0,0,78000,0,0,0,178000,100000,78000,78000
063352,上銀元富9B購02  ,0,0,0,0,0,0,0,0,0,77000,0,0,0,107000,30000,77000,77000
062428,超眾統一9B購01  ,0,0,0,0,0,0,0,0,0,77000,0,0,0,153000,76000,77000,77000
060857,旭富富邦9B購01  ,0,0,0,0,0,0,0,0,0,77000,0,0,0,152000,75000,77000,77000
052990,超眾元大97購01  ,0,0,0,0,0,0,0,0,0,77000,0,0,0,81000,4000,77000,77000
060159,健和興永豐9A購01,0,0,0,0,0,0,0,0,0,77000,0,0,0,210000,133000,77000,77000
060314,元翎永豐9A購01  ,0,0,0,0,0,0,0,0,0,77000,0,0,0,98000,21000,77000,77000
060021,立積康和99購01  ,0,0,0,0,0,0,0,0,0,77000,0,0,0,77000,0,77000,77000
058055,華擎統一9A購01  ,0,0,0,0,0,0,0,0,0,77000,0,0,0,87000,10000,77000,77000
059513,揚明光永豐99購01,0,0,0,0,0,0,0,0,0,77000,0,0,0,120000,43000,77000,77000
07134P,臺股指元大9A售28,0,0,0,0,0,0,0,0,0,77000,0,0,0,77000,0,77000,77000
4576,大銀微系統      ,162000,318000,-156000,0,0,0,233000,0,233000,0,0,0,0,0,0,0,77000
061868,旺宏元大9B購03  ,0,0,0,0,0,0,0,0,0,76000,0,0,0,144000,68000,76000,76000
052434,茂林國泰97購01  ,0,0,0,0,0,0,0,0,0,76000,0,0,0,106000,30000,76000,76000
051946,健策統一98購01  ,0,0,0,0,0,0,0,0,0,76000,0,0,0,80000,4000,76000,76000
054074,健策富邦98購01  ,0,0,0,0,0,0,0,0,0,76000,0,0,0,76000,0,76000,76000
059789,貿聯元大9A購02  ,0,0,0,0,0,0,0,0,0,76000,0,0,0,76000,0,76000,76000
059127,國巨中信99購04  ,0,0,0,0,0,0,0,0,0,76000,0,0,0,80000,4000,76000,76000
058159,健策台新9A購01  ,0,0,0,0,0,0,0,0,0,76000,0,0,0,111000,35000,76000,76000
08169P,台光電群益9B售04,0,0,0,0,0,0,0,0,0,76000,0,0,0,130000,54000,76000,76000
061876,明泰元大9B購01  ,0,0,0,0,0,0,0,0,0,75000,0,0,0,76000,1000,75000,75000
053602,台虹元大96購01  ,0,0,0,0,0,0,0,0,0,75000,0,0,0,75000,0,75000,75000
055049,智邦永豐97購01  ,0,0,0,0,0,0,0,0,0,75000,0,0,0,133000,58000,75000,75000
054971,帆宣元大97購02  ,0,0,0,0,0,0,0,0,0,75000,0,0,0,75000,0,75000,75000
058973,麗豐永豐99購01  ,0,0,0,0,0,0,0,0,0,75000,0,0,0,97000,22000,75000,75000
056548,瀚宇博凱基98購02,0,0,0,0,0,0,0,0,0,75000,0,0,0,173000,98000,75000,75000
056162,祥碩凱基97購03  ,0,0,0,0,0,0,0,0,0,75000,0,0,0,99000,24000,75000,75000
056292,統一元大97購01  ,0,0,0,0,0,0,0,0,0,75000,0,0,0,75000,0,75000,75000
058139,臻鼎元大99購01  ,0,0,0,0,0,0,0,0,0,75000,0,0,0,109000,34000,75000,75000
060404,台勝科國泰9B購01,0,0,0,0,0,0,0,0,0,75000,0,0,0,75000,0,75000,75000
060541,正隆凱基9A購01  ,0,0,0,0,0,0,0,0,0,75000,0,0,0,120000,45000,75000,75000
060675,南亞科元大9A購02,0,0,0,0,0,0,0,0,0,75000,0,0,0,85000,10000,75000,75000
059613,泰鼎永豐99購02  ,0,0,0,0,0,0,0,0,0,75000,0,0,0,87000,12000,75000,75000
059101,康控統一9A購01  ,0,0,0,0,0,0,0,0,0,75000,0,0,0,110000,35000,75000,75000
07875P,祥碩群益9B售01  ,0,0,0,0,0,0,0,0,0,75000,0,0,0,105000,30000,75000,75000
06839P,玉晶光統一9A售05,0,0,0,0,0,0,0,0,0,75000,0,0,0,150000,75000,75000,75000
3645,達邁            ,188000,113000,75000,0,0,0,0,0,0,0,0,0,0,0,0,0,75000
061708,同欣電國票9A購02,0,0,0,0,0,0,0,0,0,74000,0,0,0,84000,10000,74000,74000
060877,華邦電中信02購01,0,0,0,0,0,0,0,0,0,74000,0,0,0,74000,0,74000,74000
061309,鴻海統一9C購05  ,0,0,0,0,0,0,0,0,0,74000,0,0,0,119000,45000,74000,74000
056281,深中小永豐97購01,0,0,0,0,0,0,0,0,0,74000,0,0,0,128000,54000,74000,74000
056680,華通統一98購04  ,0,0,0,0,0,0,0,0,0,74000,0,0,0,80000,6000,74000,74000
055519,茂林中信99購01  ,0,0,0,0,0,0,0,0,0,74000,0,0,0,94000,20000,74000,74000
055318,華通國票98購01  ,0,0,0,0,0,0,0,0,0,74000,0,0,0,177000,103000,74000,74000
056301,開發金元大9A購01,0,0,0,0,0,0,0,0,0,74000,0,0,0,74000,0,74000,74000
056383,上銀國泰99購01  ,0,0,0,0,0,0,0,0,0,74000,0,0,0,75000,1000,74000,74000
052703,貿聯國票97購01  ,0,0,0,0,0,0,0,0,0,74000,0,0,0,74000,0,74000,74000
058006,台郡群益98購04  ,0,0,0,0,0,0,0,0,0,74000,0,0,0,74000,0,74000,74000
057533,晶相光元大98購02,0,0,0,0,0,0,0,0,0,74000,0,0,0,84000,10000,74000,74000
057744,健策永豐98購02  ,0,0,0,0,0,0,0,0,0,74000,0,0,0,74000,0,74000,74000
060017,全新康和99購01  ,0,0,0,0,0,0,0,0,0,74000,0,0,0,88000,14000,74000,74000
058556,百和永豐99購01  ,0,0,0,0,0,0,0,0,0,74000,0,0,0,107000,33000,74000,74000
058438,大立光統一9B購01,0,0,0,0,0,0,0,0,0,74000,0,0,0,100000,26000,74000,74000
061426,玉晶光元大9A購15,0,0,0,0,0,0,0,0,0,73000,0,0,0,110000,37000,73000,73000
061715,牧德凱基9B購03  ,0,0,0,0,0,0,0,0,0,73000,0,0,0,73000,0,73000,73000
061751,華通台新9B購01  ,0,0,0,0,0,0,0,0,0,73000,0,0,0,88000,15000,73000,73000
062980,康控元富9B購01  ,0,0,0,0,0,0,0,0,0,73000,0,0,0,172000,99000,73000,73000
054767,日電貿國票98購01,0,0,0,0,0,0,0,0,0,73000,0,0,0,73000,0,73000,73000
049023,玉晶光群益96購04,0,0,0,0,0,0,0,0,0,73000,0,0,0,73000,0,73000,73000
054265,GIS元大96購03   ,0,0,0,0,0,0,0,0,0,73000,0,0,0,109000,36000,73000,73000
051047,深中小群益99購01,0,0,0,0,0,0,0,0,0,73000,0,0,0,148000,75000,73000,73000
060367,緯穎元富9A購02  ,0,0,0,0,0,0,0,0,0,73000,0,0,0,135000,62000,73000,73000
07010P,T50正2凱基9C售01,0,0,0,0,0,0,0,0,0,73000,0,0,0,78000,5000,73000,73000
063029,喬山凱基9B購01  ,0,0,0,0,0,0,0,0,0,72000,0,0,0,109000,37000,72000,72000
061997,台郡元大9B購03  ,0,0,0,0,0,0,0,0,0,72000,0,0,0,131000,59000,72000,72000
061182,南六凱基9A購01  ,0,0,0,0,0,0,0,0,0,72000,0,0,0,72000,0,72000,72000
058896,中環元大99購03  ,0,0,0,0,0,0,0,0,0,72000,0,0,0,128000,56000,72000,72000
058928,國巨統一9C購01  ,0,0,0,0,0,0,0,0,0,72000,0,0,0,136000,64000,72000,72000
060677,京元電元大9A購04,0,0,0,0,0,0,0,0,0,72000,0,0,0,149000,77000,72000,72000
07958P,華擎群益9B售01  ,0,0,0,0,0,0,0,0,0,72000,0,0,0,100000,28000,72000,72000
061455,京元電凱基9B購01,0,0,0,0,0,0,0,0,0,71000,0,0,0,110000,39000,71000,71000
061793,上銀永豐9B購01  ,0,0,0,0,0,0,0,0,0,71000,0,0,0,97000,26000,71000,71000
063023,華擎元大9B購02  ,0,0,0,0,0,0,0,0,0,71000,0,0,0,95000,24000,71000,71000
062897,上銀元大9B購06  ,0,0,0,0,0,0,0,0,0,71000,0,0,0,71000,0,71000,71000
055393,華新科統一97購03,0,0,0,0,0,0,0,0,0,71000,0,0,0,71000,0,71000,71000
060130,瀚宇博永豐99購02,0,0,0,0,0,0,0,0,0,71000,0,0,0,271000,200000,71000,71000
060188,華新科元富9A購03,0,0,0,0,0,0,0,0,0,71000,0,0,0,79000,8000,71000,71000
058207,南茂凱基99購01  ,0,0,0,0,0,0,0,0,0,71000,0,0,0,91000,20000,71000,71000
057742,喬山永豐98購02  ,0,0,0,0,0,0,0,0,0,71000,0,0,0,71000,0,71000,71000
057501,超眾群益98購04  ,0,0,0,0,0,0,0,0,0,71000,0,0,0,71000,0,71000,71000
059828,健策凱基99購05  ,0,0,0,0,0,0,0,0,0,71000,0,0,0,71000,0,71000,71000
059041,南茂群益99購02  ,0,0,0,0,0,0,0,0,0,71000,0,0,0,110000,39000,71000,71000
08098P,大立光凱基9B售09,0,0,0,0,0,0,0,0,0,71000,0,0,0,71000,0,71000,71000
2455,全新            ,585000,380000,205000,0,0,0,0,0,0,-134000,2000,8000,-6000,15000,143000,-128000,71000
062750,可成中信9B購01  ,0,0,0,0,0,0,0,0,0,70000,0,0,0,70000,0,70000,70000
06270P,致伸凱基97售03  ,0,0,0,0,0,0,0,0,0,70000,0,0,0,70000,0,70000,70000
063044,滬深2X兆豐9C購01,0,0,0,0,0,0,0,0,0,70000,0,0,0,85000,15000,70000,70000
062944,茂林凱基9B購02  ,0,0,0,0,0,0,0,0,0,70000,0,0,0,70000,0,70000,70000
063179,群創兆豐9B購01  ,0,0,0,0,0,0,0,0,0,70000,0,0,0,70000,0,70000,70000
06180P,禾伸堂群益97售01,0,0,0,0,0,0,0,0,0,70000,0,0,0,70000,0,70000,70000
061892,亞德客永豐9B購01,0,0,0,0,0,0,0,0,0,70000,0,0,0,70000,0,70000,70000
062170,健策永豐9B購04  ,0,0,0,0,0,0,0,0,0,70000,0,0,0,80000,10000,70000,70000
06138P,台積電中信99售01,0,0,0,0,0,0,0,0,0,70000,0,0,0,70000,0,70000,70000
060959,金像電凱基9A購01,0,0,0,0,0,0,0,0,0,70000,0,0,0,120000,50000,70000,70000
060992,健策元大9A購05  ,0,0,0,0,0,0,0,0,0,70000,0,0,0,80000,10000,70000,70000
056591,S&P正2元富9A購01,0,0,0,0,0,0,0,0,0,70000,0,0,0,70000,0,70000,70000
058797,大毅元大99購03  ,0,0,0,0,0,0,0,0,0,70000,0,0,0,70000,0,70000,70000
058863,可成凱基99購02  ,0,0,0,0,0,0,0,0,0,70000,0,0,0,71000,1000,70000,70000
056349,道瓊銀元大9B購01,0,0,0,0,0,0,0,0,0,70000,0,0,0,70000,0,70000,70000
055098,臺股指群益97購01,0,0,0,0,0,0,0,0,0,70000,0,0,0,160000,90000,70000,70000
054996,聯陽元富97購01  ,0,0,0,0,0,0,0,0,0,70000,0,0,0,70000,0,70000,70000
055303,鈺齊元大97購01  ,0,0,0,0,0,0,0,0,0,70000,0,0,0,70000,0,70000,70000
054088,華新群益98購02  ,0,0,0,0,0,0,0,0,0,70000,0,0,0,539000,469000,70000,70000
054432,台積電台新96購05,0,0,0,0,0,0,0,0,0,70000,0,0,0,70000,0,70000,70000
055983,全新元富9A購02  ,0,0,0,0,0,0,0,0,0,70000,0,0,0,70000,0,70000,70000
054532,強茂國泰98購01  ,0,0,0,0,0,0,0,0,0,70000,0,0,0,70000,0,70000,70000
057630,茂林永豐98購01  ,0,0,0,0,0,0,0,0,0,70000,0,0,0,70000,0,70000,70000
058377,茂林凱基9A購03  ,0,0,0,0,0,0,0,0,0,70000,0,0,0,70000,0,70000,70000
058557,健策第一01購01  ,0,0,0,0,0,0,0,0,0,70000,0,0,0,80000,10000,70000,70000
059955,美食康和99購01  ,0,0,0,0,0,0,0,0,0,70000,0,0,0,70000,0,70000,70000
060929,健策永豐9A購01  ,0,0,0,0,0,0,0,0,0,69000,0,0,0,69000,0,69000,69000
062303,台表科中信01購01,0,0,0,0,0,0,0,0,0,69000,0,0,0,100000,31000,69000,69000
051728,道瓊反國票97購01,0,0,0,0,0,0,0,0,0,69000,0,0,0,115000,46000,69000,69000
055001,京鼎元富97購01  ,0,0,0,0,0,0,0,0,0,69000,0,0,0,69000,0,69000,69000
058772,茂林兆豐9A購01  ,0,0,0,0,0,0,0,0,0,69000,0,0,0,69000,0,69000,69000
059952,旺宏康和99購01  ,0,0,0,0,0,0,0,0,0,69000,0,0,0,69000,0,69000,69000
056937,智原元富98購01  ,0,0,0,0,0,0,0,0,0,69000,0,0,0,277000,208000,69000,69000
057096,緯穎元富98購01  ,0,0,0,0,0,0,0,0,0,69000,0,0,0,116000,47000,69000,69000
08160P,茂林元富9B售03  ,0,0,0,0,0,0,0,0,0,69000,0,0,0,185000,116000,69000,69000
062354,台達電元大9B購01,0,0,0,0,0,0,0,0,0,68000,0,0,0,68000,0,68000,68000
062439,聯發科元大9B購10,0,0,0,0,0,0,0,0,0,68000,0,0,0,90000,22000,68000,68000
061113,南電元大9A購03  ,0,0,0,0,0,0,0,0,0,68000,0,0,0,68000,0,68000,68000
062161,南六凱基9C購01  ,0,0,0,0,0,0,0,0,0,68000,0,0,0,68000,0,68000,68000
062106,華邦電國票9B購02,0,0,0,0,0,0,0,0,0,68000,0,0,0,199000,131000,68000,68000
061719,緯穎凱基9A購06  ,0,0,0,0,0,0,0,0,0,68000,0,0,0,70000,2000,68000,68000
061616,鴻海群益9A購07  ,0,0,0,0,0,0,0,0,0,68000,0,0,0,72000,4000,68000,68000
056523,光寶科中信98購01,0,0,0,0,0,0,0,0,0,68000,0,0,0,192000,124000,68000,68000
055716,致茂元大97購01  ,0,0,0,0,0,0,0,0,0,68000,0,0,0,68000,0,68000,68000
056133,可成元大97購05  ,0,0,0,0,0,0,0,0,0,68000,0,0,0,69000,1000,68000,68000
020015,統一MSCI美低波N ,0,0,0,0,0,0,0,0,0,68000,0,0,0,111000,43000,68000,68000
054856,得力群益99購01  ,0,0,0,0,0,0,0,0,0,68000,0,0,0,98000,30000,68000,68000
054140,智易元大97購03  ,0,0,0,0,0,0,0,0,0,68000,0,0,0,68000,0,68000,68000
059164,旺宏凱基99購06  ,0,0,0,0,0,0,0,0,0,68000,0,0,0,68000,0,68000,68000
059059,宏達電凱基99購03,0,0,0,0,0,0,0,0,0,68000,0,0,0,76000,8000,68000,68000
059573,健策凱基9A購02  ,0,0,0,0,0,0,0,0,0,68000,0,0,0,68000,0,68000,68000
059277,群創元大99購05  ,0,0,0,0,0,0,0,0,0,68000,0,0,0,68000,0,68000,68000
057813,京元電元大98購03,0,0,0,0,0,0,0,0,0,68000,0,0,0,167000,99000,68000,68000
059790,立積元大9C購02  ,0,0,0,0,0,0,0,0,0,68000,0,0,0,128000,60000,68000,68000
059951,台塑康和99購01  ,0,0,0,0,0,0,0,0,0,68000,0,0,0,68000,0,68000,68000
060019,彰銀康和99購01  ,0,0,0,0,0,0,0,0,0,68000,0,0,0,68000,0,68000,68000
060061,旺宏兆豐99購02  ,0,0,0,0,0,0,0,0,0,68000,0,0,0,68000,0,68000,68000
058355,旺宏凱基99購04  ,0,0,0,0,0,0,0,0,0,68000,0,0,0,68000,0,68000,68000
057489,奇力新元大99購06,0,0,0,0,0,0,0,0,0,68000,0,0,0,68000,0,68000,68000
060756,鴻海元大9A購16  ,0,0,0,0,0,0,0,0,0,68000,0,0,0,68000,0,68000,68000
06744P,嘉聯益永豐98售03,0,0,0,0,0,0,0,0,0,68000,0,0,0,166000,98000,68000,68000
07162P,臺股指群益99售13,0,0,0,0,0,0,0,0,0,68000,0,0,0,253000,185000,68000,68000
061617,微星群益9A購02  ,0,0,0,0,0,0,0,0,0,67000,0,0,0,72000,5000,67000,67000
062169,禾伸堂永豐9B購01,0,0,0,0,0,0,0,0,0,67000,0,0,0,67000,0,67000,67000
061425,華新科元大9A購19,0,0,0,0,0,0,0,0,0,67000,0,0,0,67000,0,67000,67000
061213,群創元大9A購05  ,0,0,0,0,0,0,0,0,0,67000,0,0,0,68000,1000,67000,67000
062324,上銀統一9B購04  ,0,0,0,0,0,0,0,0,0,67000,0,0,0,89000,22000,67000,67000
063322,台郡群益9B購02  ,0,0,0,0,0,0,0,0,0,67000,0,0,0,87000,20000,67000,67000
063488,金像電國泰01購01,0,0,0,0,0,0,0,0,0,67000,0,0,0,68000,1000,67000,67000
00733,富邦臺灣中小    ,0,0,0,0,0,0,0,0,0,67000,0,0,0,271000,204000,67000,67000
00686R,群益臺灣加權反1 ,0,0,0,0,0,0,0,0,0,67000,0,0,0,100000,33000,67000,67000
055085,大毅國票97購01  ,0,0,0,0,0,0,0,0,0,67000,0,0,0,68000,1000,67000,67000
058782,臺股指國票99購01,0,0,0,0,0,0,0,0,0,67000,0,0,0,90000,23000,67000,67000
058820,致茂國泰9B購01  ,0,0,0,0,0,0,0,0,0,67000,0,0,0,87000,20000,67000,67000
059871,義隆凱基99購03  ,0,0,0,0,0,0,0,0,0,67000,0,0,0,201000,134000,67000,67000
057370,可成元大98購07  ,0,0,0,0,0,0,0,0,0,67000,0,0,0,68000,1000,67000,67000
059999,緯穎元富99購01  ,0,0,0,0,0,0,0,0,0,67000,0,0,0,107000,40000,67000,67000
059707,健策凱基9A購03  ,0,0,0,0,0,0,0,0,0,67000,0,0,0,70000,3000,67000,67000
059638,大立光凱基99購11,0,0,0,0,0,0,0,0,0,67000,0,0,0,67000,0,67000,67000
057222,鴻海國票99購04  ,0,0,0,0,0,0,0,0,0,67000,0,0,0,67000,0,67000,67000
057895,全新元富9B購01  ,0,0,0,0,0,0,0,0,0,67000,0,0,0,67000,0,67000,67000
07839P,嘉澤元大9A售04  ,0,0,0,0,0,0,0,0,0,67000,0,0,0,235000,168000,67000,67000
05881P,彩晶康和96售01  ,0,0,0,0,0,0,0,0,0,66000,0,0,0,66000,0,66000,66000
055343,國巨凱基97購03  ,0,0,0,0,0,0,0,0,0,66000,0,0,0,180000,114000,66000,66000
056407,嘉晶國票99購01  ,0,0,0,0,0,0,0,0,0,66000,0,0,0,66000,0,66000,66000
052847,漢唐統一99購01  ,0,0,0,0,0,0,0,0,0,66000,0,0,0,85000,19000,66000,66000
057134,茂林凱基98購02  ,0,0,0,0,0,0,0,0,0,66000,0,0,0,116000,50000,66000,66000
059693,智原永豐99購01  ,0,0,0,0,0,0,0,0,0,66000,0,0,0,81000,15000,66000,66000
059814,SP黃豆凱基9A購02,0,0,0,0,0,0,0,0,0,66000,0,0,0,66000,0,66000,66000
057672,茂林元大98購02  ,0,0,0,0,0,0,0,0,0,66000,0,0,0,66000,0,66000,66000
057683,技嘉日盛98購01  ,0,0,0,0,0,0,0,0,0,66000,0,0,0,66000,0,66000,66000
057374,禾伸堂元大99購03,0,0,0,0,0,0,0,0,0,66000,0,0,0,78000,12000,66000,66000
058318,致茂永豐9A購01  ,0,0,0,0,0,0,0,0,0,66000,0,0,0,66000,0,66000,66000
060709,緯穎富邦9B購01  ,0,0,0,0,0,0,0,0,0,66000,0,0,0,207000,141000,66000,66000
060183,南亞科元富9A購01,0,0,0,0,0,0,0,0,0,66000,0,0,0,162000,96000,66000,66000
06025P,臺股指元大99售02,0,0,0,0,0,0,0,0,0,66000,0,0,0,66000,0,66000,66000
061102,台積電元大9A購22,0,0,0,0,0,0,0,0,0,65000,0,0,0,65000,0,65000,65000
061902,百和永豐9B購01  ,0,0,0,0,0,0,0,0,0,65000,0,0,0,75000,10000,65000,65000
061679,健策元大9B購04  ,0,0,0,0,0,0,0,0,0,65000,0,0,0,112000,47000,65000,65000
054466,欣興凱基97購03  ,0,0,0,0,0,0,0,0,0,65000,0,0,0,65000,0,65000,65000
054673,京鼎國泰98購01  ,0,0,0,0,0,0,0,0,0,65000,0,0,0,65000,0,65000,65000
053292,美律中信98購01  ,0,0,0,0,0,0,0,0,0,65000,0,0,0,65000,0,65000,65000
00693U,街口S&P黃豆     ,31000,0,31000,0,0,0,0,0,0,34000,0,0,0,51000,17000,34000,65000
060781,台郡國泰9B購01  ,0,20000,-20000,0,0,0,0,0,0,85000,0,0,0,130000,45000,85000,65000
057428,正崴兆豐98購01  ,0,0,0,0,0,0,0,0,0,65000,0,0,0,86000,21000,65000,65000
060052,宏碁凱基99購01  ,0,0,0,0,0,0,0,0,0,65000,0,0,0,100000,35000,65000,65000
058352,鴻海凱基9A購05  ,0,0,0,0,0,0,0,0,0,65000,0,0,0,79000,14000,65000,65000
057509,聯發科統一9A購03,0,0,0,0,0,0,0,0,0,65000,0,0,0,71000,6000,65000,65000
059687,卜蜂永豐99購01  ,0,0,0,0,0,0,0,0,0,65000,0,0,0,65000,0,65000,65000
07140P,台灣50日盛99售01,0,0,0,0,0,0,0,0,0,65000,0,0,0,75000,10000,65000,65000
06933P,禾伸堂元大98售03,0,0,0,0,0,0,0,0,0,65000,0,0,0,70000,5000,65000,65000
061110,超眾元大9A購03  ,0,0,0,0,0,0,0,0,0,64000,0,0,0,114000,50000,64000,64000
061238,晶技元大9A購02  ,0,0,0,0,0,0,0,0,0,64000,0,0,0,102000,38000,64000,64000
061380,巨大永豐9A購02  ,0,0,0,0,0,0,0,0,0,64000,0,0,0,64000,0,64000,64000
06431P,新日興元大97售05,0,0,0,0,0,0,0,0,0,64000,0,0,0,124000,60000,64000,64000
053080,力山元大96購02  ,0,0,0,0,0,0,0,0,0,64000,0,0,0,102000,38000,64000,64000
058775,台積電國票9A購02,0,0,0,0,0,0,0,0,0,64000,0,0,0,78000,14000,64000,64000
056851,瑞儀元富98購01  ,0,0,0,0,0,0,0,0,0,64000,0,0,0,164000,100000,64000,64000
057930,旺宏群益99購04  ,0,0,0,0,0,0,0,0,0,64000,0,0,0,96000,32000,64000,64000
058671,旺宏群益9A購01  ,0,0,0,0,0,0,0,0,0,64000,0,0,0,64000,0,64000,64000
060423,智易永豐9A購01  ,0,0,0,0,0,0,0,0,0,64000,0,0,0,202000,138000,64000,64000
07782P,寶成凱基9A售02  ,0,0,0,0,0,0,0,0,0,64000,0,0,0,205000,141000,64000,64000
062907,可成元大9C購03  ,0,0,0,0,0,0,0,0,0,63000,0,0,0,110000,47000,63000,63000
061020,超眾國票9A購02  ,0,0,0,0,0,0,0,0,0,63000,0,0,0,79000,16000,63000,63000
061067,貿聯凱基9A購03  ,0,0,0,0,0,0,0,0,0,63000,0,0,0,163000,100000,63000,63000
056535,全新凱基99購02  ,0,0,0,0,0,0,0,0,0,63000,0,0,0,110000,47000,63000,63000
052849,可成統一97購01  ,0,0,0,0,0,0,0,0,0,63000,0,0,0,73000,10000,63000,63000
057118,欣興日盛9A購01  ,0,0,0,0,0,0,0,0,0,63000,0,0,0,163000,100000,63000,63000
059766,同欣電永豐99購03,0,0,0,0,0,0,0,0,0,63000,0,0,0,63000,0,63000,63000
057810,技嘉元大98購06  ,0,0,0,0,0,0,0,0,0,63000,0,0,0,67000,4000,63000,63000
057321,台泥群益98購01  ,0,0,0,0,0,0,0,0,0,63000,0,0,0,146000,83000,63000,63000
07747P,晶技凱基9A售04  ,0,0,0,0,0,0,0,0,0,63000,0,0,0,83000,20000,63000,63000
06925P,致茂群益9A售02  ,0,0,0,0,0,0,0,0,0,63000,0,0,0,88000,25000,63000,63000
07533P,臺股指中信9C售04,0,0,0,0,0,0,0,0,0,63000,0,0,0,63000,0,63000,63000
061638,國泰金元大9A購03,0,0,0,0,0,0,0,0,0,62000,0,0,0,62000,0,62000,62000
063046,聯發科兆豐9C購01,0,0,0,0,0,0,0,0,0,62000,0,0,0,65000,3000,62000,62000
052781,瀚宇博國票97購03,0,0,0,0,0,0,0,0,0,62000,0,0,0,100000,38000,62000,62000
058795,可成元大99購03  ,0,0,0,0,0,0,0,0,0,62000,0,0,0,62000,0,62000,62000
059850,日電貿永豐99購01,0,0,0,0,0,0,0,0,0,62000,0,0,0,62000,0,62000,62000
057578,可成中信99購01  ,0,0,0,0,0,0,0,0,0,62000,0,0,0,172000,110000,62000,62000
057176,全新元大99購02  ,0,0,0,0,0,0,0,0,0,62000,0,0,0,62000,0,62000,62000
060784,鴻海富邦9C購01  ,0,0,0,0,0,0,0,0,0,62000,0,0,0,80000,18000,62000,62000
063372,漢翔永豐9B購01  ,0,0,0,0,0,0,0,0,0,61000,0,0,0,61000,0,61000,61000
062340,力成麥證9B購01  ,0,0,0,61000,0,61000,0,0,0,61000,0,0,0,61000,0,61000,61000
062442,華新科元大9C購02,0,0,0,0,0,0,0,0,0,61000,0,0,0,140000,79000,61000,61000
060916,金像電國泰9C購01,0,0,0,0,0,0,0,0,0,61000,0,0,0,204000,143000,61000,61000
05658P,日月光元富96售02,0,0,0,0,0,0,0,0,0,61000,0,0,0,100000,39000,61000,61000
054533,泰碩國泰98購01  ,0,0,0,0,0,0,0,0,0,61000,0,0,0,198000,137000,61000,61000
060532,欣興中信9A購01  ,0,0,0,0,0,0,0,0,0,61000,0,0,0,89000,28000,61000,61000
057963,緯穎元大98購08  ,0,0,0,0,0,0,0,0,0,61000,0,0,0,72000,11000,61000,61000
057258,中環兆豐98購01  ,0,0,0,0,0,0,0,0,0,61000,0,0,0,61000,0,61000,61000
059302,大立光群益99購08,0,0,0,0,0,0,0,0,0,61000,0,0,0,63000,2000,61000,61000
061800,泰鼎永豐9B購01  ,0,0,0,0,0,0,0,0,0,60000,0,0,0,80000,20000,60000,60000
061781,台積電群益9C購01,0,0,0,0,0,0,0,0,0,60000,0,0,0,60000,0,60000,60000
061844,T50反1國票9C購02,0,0,0,0,0,0,0,0,0,60000,0,0,0,145000,85000,60000,60000
062150,南六國票9B購01  ,0,0,0,0,0,0,0,0,0,60000,0,0,0,60000,0,60000,60000
062346,智邦群益9B購02  ,0,0,0,0,0,0,0,0,0,60000,0,0,0,60000,0,60000,60000
062335,茂林統一01購01  ,0,0,0,0,0,0,0,0,0,60000,0,0,0,62000,2000,60000,60000
062764,世芯凱基9B購02  ,0,0,0,0,0,0,0,0,0,60000,0,0,0,61000,1000,60000,60000
054655,貿聯麥證98購01  ,0,0,0,60000,0,60000,0,0,0,60000,0,0,0,60000,0,60000,60000
054698,同欣電永豐97購01,0,0,0,0,0,0,0,0,0,60000,0,0,0,60000,0,60000,60000
052856,滬深2X凱基98購01,0,0,0,0,0,0,0,0,0,60000,0,0,0,60000,0,60000,60000
053115,滬深2X中信97購01,0,0,0,0,0,0,0,0,0,60000,0,0,0,60000,0,60000,60000
053644,台表科國票97購03,0,0,0,0,0,0,0,0,0,60000,0,0,0,60000,0,60000,60000
052728,上証2X國泰97購01,0,0,0,0,0,0,0,0,0,60000,0,0,0,60000,0,60000,60000
053784,奇力新元大97購02,0,0,0,0,0,0,0,0,0,60000,0,0,0,61000,1000,60000,60000
00771,元大US高息特別股,1000,0,1000,0,0,0,0,0,0,59000,0,0,0,226000,167000,59000,60000
051979,群創凱基97購01  ,0,0,0,0,0,0,0,0,0,60000,0,0,0,120000,60000,60000,60000
054005,旺宏統一97購04  ,0,0,0,0,0,0,0,0,0,60000,0,0,0,60000,0,60000,60000
048007,明基材元大96購01,0,0,0,0,0,0,0,0,0,60000,0,0,0,60000,0,60000,60000
056611,國巨永豐98購03  ,0,0,0,0,0,0,0,0,0,60000,0,0,0,60000,0,60000,60000
056573,華新科元大99購06,0,0,0,0,0,0,0,0,0,60000,0,0,0,60000,0,60000,60000
055777,冠德凱基97購01  ,0,0,0,0,0,0,0,0,0,60000,0,0,0,131000,71000,60000,60000
055800,欣興永豐97購02  ,0,0,0,0,0,0,0,0,0,60000,0,0,0,60000,0,60000,60000
055921,新唐凱基98購01  ,0,0,0,0,0,0,0,0,0,60000,0,0,0,60000,0,60000,60000
056632,鴻海永昌98購01  ,0,0,0,0,0,0,0,0,0,60000,0,0,0,60000,0,60000,60000
055335,健策兆豐98購01  ,0,0,0,0,0,0,0,0,0,60000,0,0,0,60000,0,60000,60000
059288,旺宏元富99購03  ,0,0,0,0,0,0,0,0,0,60000,0,0,0,60000,0,60000,60000
057997,旺宏第一9C購01  ,0,0,0,0,0,0,0,0,0,60000,0,0,0,100000,40000,60000,60000
057538,緯穎元大98購07  ,0,0,0,0,0,0,0,0,0,60000,0,0,0,74000,14000,60000,60000
059852,康控永豐99購02  ,0,0,0,0,0,0,0,0,0,60000,0,0,0,105000,45000,60000,60000
059205,元石油元大99購01,0,0,0,0,0,0,0,0,0,60000,0,0,0,60000,0,60000,60000
058476,旺宏凱基9A購01  ,0,0,0,0,0,0,0,0,0,60000,0,0,0,60000,0,60000,60000
057448,致茂元富98購01  ,0,0,0,0,0,0,0,0,0,60000,0,0,0,80000,20000,60000,60000
057326,景碩群益99購02  ,0,0,0,0,0,0,0,0,0,60000,0,0,0,60000,0,60000,60000
07343P,高鐵康和99售01  ,0,0,0,0,0,0,0,0,0,60000,0,0,0,60000,0,60000,60000
07354P,臺股指國票99售22,0,0,0,0,0,0,0,0,0,60000,0,0,0,60000,0,60000,60000
07383P,聯發科群益99售06,0,0,0,0,0,0,0,0,0,60000,0,0,0,60000,0,60000,60000
07890P,南電國票9B售01  ,0,0,0,0,0,0,0,0,0,60000,0,0,0,80000,20000,60000,60000
2365,昆盈            ,250000,190000,60000,0,0,0,0,0,0,0,0,0,0,0,0,0,60000
062576,華擎群益9B購02  ,0,0,0,0,0,0,0,0,0,59000,0,0,0,146000,87000,59000,59000
061000,旺宏兆豐9A購02  ,0,0,0,0,0,0,0,0,0,59000,0,0,0,60000,1000,59000,59000
057887,智原群益98購04  ,0,0,0,0,0,0,0,0,0,59000,0,0,0,89000,30000,59000,59000
060245,聯陽元大9C購01  ,0,0,0,0,0,0,0,0,0,59000,0,0,0,69000,10000,59000,59000
07838P,泰碩元大9A售04  ,0,0,0,0,0,0,0,0,0,59000,0,0,0,65000,6000,59000,59000
07685P,玉晶光凱基9B售03,0,0,0,0,0,0,0,0,0,59000,0,0,0,120000,61000,59000,59000
07217P,大立光凱基9A售05,0,0,0,0,0,0,0,0,0,59000,0,0,0,59000,0,59000,59000
06864P,健策凱基98售01  ,0,0,0,0,0,0,0,0,0,59000,0,0,0,120000,61000,59000,59000
061492,超眾兆豐9B購01  ,0,0,0,0,0,0,0,0,0,58000,0,0,0,187000,129000,58000,58000
062052,華通統一01購01  ,0,0,0,0,0,0,0,0,0,58000,0,0,0,474000,416000,58000,58000
062605,上銀凱基9B購03  ,0,0,0,0,0,0,0,0,0,58000,0,0,0,68000,10000,58000,58000
062689,華擎統一02購01  ,0,0,0,0,0,0,0,0,0,58000,0,0,0,121000,63000,58000,58000
062252,華邦電元大9C購01,0,0,0,0,0,0,0,0,0,58000,0,0,0,352000,294000,58000,58000
063311,喬山群益9B購01  ,0,0,0,0,0,0,0,0,0,58000,0,0,0,58000,0,58000,58000
063195,訊連元富9B購01  ,0,0,0,0,0,0,0,0,0,58000,0,0,0,85000,27000,58000,58000
056517,茂林兆豐99購01  ,0,0,0,0,0,0,0,0,0,58000,0,0,0,88000,30000,58000,58000
056860,正崴群益98購01  ,0,0,0,0,0,0,0,0,0,58000,0,0,0,155000,97000,58000,58000
055834,國巨元大97購13  ,0,0,0,0,0,0,0,0,0,58000,0,0,0,75000,17000,58000,58000
052647,晶技永豐97購01  ,0,0,0,0,0,0,0,0,0,58000,0,0,0,58000,0,58000,58000
060556,緯穎凱基9A購04  ,0,0,0,0,0,0,0,0,0,58000,0,0,0,60000,2000,58000,58000
059915,聯發科元大99購32,0,0,0,0,0,0,0,0,0,58000,0,0,0,59000,1000,58000,58000
058554,瀚宇博永豐99購01,0,0,0,0,0,0,0,0,0,58000,0,0,0,68000,10000,58000,58000
059644,茂林凱基99購03  ,0,0,0,0,0,0,0,0,0,58000,0,0,0,58000,0,58000,58000
058212,華新科群益9A購01,0,0,0,0,0,0,0,0,0,58000,0,0,0,58000,0,58000,58000
057993,中環中信98購01  ,0,0,0,0,0,0,0,0,0,58000,0,0,0,68000,10000,58000,58000
059538,健策凱基99購03  ,0,0,0,0,0,0,0,0,0,58000,0,0,0,58000,0,58000,58000
062956,同欣電永豐9B購02,0,0,0,0,0,0,0,0,0,57000,0,0,0,57000,0,57000,57000
063351,億豐統一9B購01  ,0,0,0,0,0,0,0,0,0,57000,0,0,0,67000,10000,57000,57000
062371,健策元大9B購08  ,0,0,0,0,0,0,0,0,0,57000,0,0,0,84000,27000,57000,57000
061595,智易永豐9A購02  ,0,0,0,0,0,0,0,0,0,57000,0,0,0,175000,118000,57000,57000
056818,正崴永豐98購01  ,0,0,0,0,0,0,0,0,0,57000,0,0,0,57000,0,57000,57000
056642,旺宏凱基98購07  ,0,0,0,0,0,0,0,0,0,57000,0,0,0,60000,3000,57000,57000
056267,文曄統一97購02  ,0,0,0,0,0,0,0,0,0,57000,0,0,0,57000,0,57000,57000
057770,亞德客群益98購01,0,0,0,0,0,0,0,0,0,57000,0,0,0,57000,0,57000,57000
060695,同欣電麥證9A購01,0,0,0,80000,23000,57000,0,0,0,57000,0,0,0,80000,23000,57000,57000
08047P,臺股指國票9B售12,0,0,0,0,0,0,0,0,0,57000,0,0,0,71000,14000,57000,57000
2480,敦陽科          ,135000,56000,79000,0,0,0,0,0,0,-22000,30000,52000,-22000,0,0,0,57000
4906,正文            ,407000,364000,43000,0,0,0,0,0,0,14000,16000,22000,-6000,23000,3000,20000,57000
061663,南六永豐9A購05  ,0,0,0,0,0,0,0,0,0,56000,0,0,0,56000,0,56000,56000
061877,貿聯元大9B購01  ,0,0,0,0,0,0,0,0,0,56000,0,0,0,174000,118000,56000,56000
061321,華新科凱基9A購09,0,0,0,0,0,0,0,0,0,56000,0,0,0,56000,0,56000,56000
062500,國巨群益01購01  ,0,0,0,0,0,0,0,0,0,56000,0,0,0,57000,1000,56000,56000
057828,緯穎元大99購02  ,0,0,0,0,0,0,0,0,0,56000,0,0,0,91000,35000,56000,56000
052681,T50反1元大98購02,0,0,0,0,0,0,0,0,0,56000,0,0,0,116000,60000,56000,56000
060636,大毅永豐9A購02  ,0,0,0,0,0,0,0,0,0,56000,0,0,0,56000,0,56000,56000
060641,聯鈞永豐9A購01  ,0,0,0,0,0,0,0,0,0,56000,0,0,0,74000,18000,56000,56000
058342,鴻海群益9A購01  ,0,0,0,0,0,0,0,0,0,56000,0,0,0,58000,2000,56000,56000
059291,華新科元富9B購01,0,0,0,0,0,0,0,0,0,56000,0,0,0,56000,0,56000,56000
058979,上銀凱基99購04  ,0,0,0,0,0,0,0,0,0,56000,0,0,0,56000,0,56000,56000
059656,T50反1元大99購11,0,0,0,0,0,0,0,0,0,56000,0,0,0,154000,98000,56000,56000
07922P,大立光群益9B售05,0,0,0,0,0,0,0,0,0,56000,0,0,0,94000,38000,56000,56000
07966P,瑞祺群益9B售02  ,0,0,0,0,0,0,0,0,0,56000,0,0,0,77000,21000,56000,56000
07069P,欣興元富99售02  ,0,0,0,0,0,0,0,0,0,56000,0,0,0,57000,1000,56000,56000
062596,緯穎統一01購02  ,0,0,0,0,0,0,0,0,0,55000,0,0,0,294000,239000,55000,55000
061275,臺股指凱基9A購25,0,0,0,0,0,0,0,0,0,55000,0,0,0,120000,65000,55000,55000
062044,健策凱基9B購02  ,0,0,0,0,0,0,0,0,0,55000,0,0,0,75000,20000,55000,55000
062159,聯詠凱基9B購01  ,0,0,0,0,0,0,0,0,0,55000,0,0,0,55000,0,55000,55000
061576,華新科元大9A購21,0,0,0,0,0,0,0,0,0,55000,0,0,0,55000,0,55000,55000
053640,上緯控永豐96購01,0,0,0,0,0,0,0,0,0,55000,0,0,0,90000,35000,55000,55000
050894,旺宏元大96購03  ,0,0,0,0,0,0,0,0,0,55000,0,0,0,55000,0,55000,55000
05502P,台表科國票97售01,0,0,0,0,0,0,0,0,0,55000,0,0,0,55000,0,55000,55000
056617,美律永豐98購01  ,0,0,0,0,0,0,0,0,0,55000,0,0,0,55000,0,55000,55000
055432,臻鼎群益97購02  ,0,0,0,0,0,0,0,0,0,55000,0,0,0,56000,1000,55000,55000
058008,禾伸堂國票99購02,0,0,0,0,0,0,0,0,0,55000,0,0,0,55000,0,55000,55000
057347,國巨統一9A購03  ,0,0,0,0,0,0,0,0,0,55000,0,0,0,314000,259000,55000,55000
057436,義隆國票99購02  ,0,0,0,0,0,0,0,0,0,55000,0,0,0,55000,0,55000,55000
059864,亞德客凱基99購01,0,0,0,0,0,0,0,0,0,55000,0,0,0,64000,9000,55000,55000
06912P,台光電元大99售02,0,0,0,0,0,0,0,0,0,55000,0,0,0,55000,0,55000,55000
07750P,台表科凱基9A售04,0,0,0,0,0,0,0,0,0,55000,0,0,0,75000,20000,55000,55000
2379,瑞昱            ,1174072,1375832,-201760,0,0,0,122000,0,122000,134000,63000,0,63000,88000,17000,71000,54240
062007,台光電國泰9C購01,0,0,0,0,0,0,0,0,0,54000,0,0,0,60000,6000,54000,54000
061264,全新凱基9B購01  ,0,0,0,0,0,0,0,0,0,54000,0,0,0,54000,0,54000,54000
061327,台郡凱基9A購02  ,0,0,0,0,0,0,0,0,0,54000,0,0,0,70000,16000,54000,54000
060897,健策凱基9A購04  ,0,0,0,0,0,0,0,0,0,54000,0,0,0,54000,0,54000,54000
062645,國巨國泰9B購08  ,0,0,0,0,0,0,0,0,0,54000,0,0,0,119000,65000,54000,54000
057381,微星國泰9A購01  ,0,0,0,0,0,0,0,0,0,54000,0,0,0,60000,6000,54000,54000
07558P,玉晶光元大9A售10,0,0,0,0,0,0,0,0,0,54000,0,0,0,190000,136000,54000,54000
062822,力成兆豐9B購01  ,0,0,0,0,0,0,0,0,0,53000,0,0,0,73000,20000,53000,53000
062817,富邦金兆豐9B購01,0,0,0,0,0,0,0,0,0,53000,0,0,0,60000,7000,53000,53000
063264,健策永豐9B購07  ,0,0,0,0,0,0,0,0,0,53000,0,0,0,61000,8000,53000,53000
063122,聯發科元大9B購15,0,0,0,0,0,0,0,0,0,53000,0,0,0,54000,1000,53000,53000
061932,上銀國票9B購01  ,0,0,0,0,0,0,0,0,0,53000,0,0,0,53000,0,53000,53000
055029,帆宣國泰99購01  ,0,0,0,0,0,0,0,0,0,53000,0,0,0,160000,107000,53000,53000
055022,精元國泰99購01  ,0,0,0,0,0,0,0,0,0,53000,0,0,0,53000,0,53000,53000
056526,力山凱基98購01  ,0,0,0,0,0,0,0,0,0,53000,0,0,0,66000,13000,53000,53000
053248,智伸科國票97購01,0,0,0,0,0,0,0,0,0,53000,0,0,0,103000,50000,53000,53000
058163,道瓊反凱基9B購01,0,0,0,0,0,0,0,0,0,53000,0,0,0,83000,30000,53000,53000
058435,旺宏統一9B購02  ,0,0,0,0,0,0,0,0,0,53000,0,0,0,53000,0,53000,53000
058577,南亞科群益99購02,0,0,0,0,0,0,0,0,0,53000,0,0,0,98000,45000,53000,53000
057000,亞德客國票99購01,0,0,0,0,0,0,0,0,0,53000,0,0,0,78000,25000,53000,53000
057053,立積元大98購02  ,0,0,0,0,0,0,0,0,0,53000,0,0,0,121000,68000,53000,53000
08852P,台灣50台新01售01,0,0,0,0,0,0,0,0,0,53000,0,0,0,53000,0,53000,53000
1609,大亞            ,541000,487000,54000,0,0,0,0,0,0,-1000,0,1000,-1000,0,0,0,53000
2908,特力            ,179000,126000,53000,0,0,0,0,0,0,0,0,0,0,0,0,0,53000
061664,上銀中信9A購01  ,0,0,0,0,0,0,0,0,0,52000,0,0,0,64000,12000,52000,52000
061734,全新中信9B購02  ,0,0,0,0,0,0,0,0,0,52000,0,0,0,52000,0,52000,52000
061257,上銀凱基9A購06  ,0,0,0,0,0,0,0,0,0,52000,0,0,0,52000,0,52000,52000
062491,矽創永豐9B購01  ,0,0,0,0,0,0,0,0,0,52000,0,0,0,459000,407000,52000,52000
058612,健策元大99購02  ,0,0,0,0,0,0,0,0,0,52000,0,0,0,55000,3000,52000,52000
057961,茂林元大9A購01  ,0,0,0,0,0,0,0,0,0,52000,0,0,0,80000,28000,52000,52000
058648,聯陽永豐99購01  ,0,0,0,0,0,0,0,0,0,52000,0,0,0,172000,120000,52000,52000
058684,健策凱基99購02  ,0,0,0,0,0,0,0,0,0,52000,0,0,0,62000,10000,52000,52000
059159,上銀凱基99購05  ,0,0,0,0,0,0,0,0,0,52000,0,0,0,52000,0,52000,52000
059848,智邦永豐99購01  ,0,0,0,0,0,0,0,0,0,52000,0,0,0,65000,13000,52000,52000
3209,全科            ,119000,67000,52000,0,0,0,0,0,0,0,0,0,0,0,0,0,52000
07803P,南亞科永豐9A售02,0,0,0,0,0,0,0,0,0,52000,0,0,0,110000,58000,52000,52000
062469,旺宏凱基9B購05  ,0,0,0,0,0,0,0,0,0,51000,0,0,0,51000,0,51000,51000
062275,燿華群益9B購01  ,0,0,0,0,0,0,0,0,0,51000,0,0,0,154000,103000,51000,51000
062214,金寶統一01購01  ,0,0,0,0,0,0,0,0,0,51000,0,0,0,504000,453000,51000,51000
062798,台光電統一9B購01,0,0,0,0,0,0,0,0,0,51000,0,0,0,82000,31000,51000,51000
063197,遠東新統一9C購01,0,0,0,0,0,0,0,0,0,51000,0,0,0,51000,0,51000,51000
060901,臺股指凱基9A購13,0,0,0,0,0,0,0,0,0,51000,0,0,0,119000,68000,51000,51000
061038,TPK永豐9A購01   ,0,0,0,0,0,0,0,0,0,51000,0,0,0,51000,0,51000,51000
061813,鴻海群益9B購02  ,0,0,0,0,0,0,0,0,0,51000,0,0,0,51000,0,51000,51000
061879,超眾元大9C購01  ,0,0,0,0,0,0,0,0,0,51000,0,0,0,221000,170000,51000,51000
052413,上証反中信97購01,0,0,0,0,0,0,0,0,0,51000,0,0,0,95000,44000,51000,51000
054351,華新科國泰97購03,0,0,0,0,0,0,0,0,0,51000,0,0,0,81000,30000,51000,51000
058014,上銀凱基99購02  ,0,0,0,0,0,0,0,0,0,51000,0,0,0,54000,3000,51000,51000
057776,京元電群益98購02,0,0,0,0,0,0,0,0,0,51000,0,0,0,93000,42000,51000,51000
059097,世紀鋼元大99購05,0,0,0,0,0,0,0,0,0,51000,0,0,0,505000,454000,51000,51000
057926,帆宣凱基98購02  ,0,0,0,0,0,0,0,0,0,51000,0,0,0,85000,34000,51000,51000
057226,上銀凱基98購06  ,0,0,0,0,0,0,0,0,0,51000,0,0,0,51000,0,51000,51000
057483,微星元大98購04  ,0,0,0,0,0,0,0,0,0,51000,0,0,0,151000,100000,51000,51000
060682,牧德元大9A購03  ,0,0,0,0,0,0,0,0,0,51000,0,0,0,90000,39000,51000,51000
060302,台積電富邦02購01,0,0,0,0,0,0,0,0,0,51000,0,0,0,180000,129000,51000,51000
07910P,台積電統一9C售07,0,0,0,0,0,0,0,0,0,51000,0,0,0,51000,0,51000,51000
07147P,高鐵元大99售01  ,0,0,0,0,0,0,0,0,0,51000,0,0,0,86000,35000,51000,51000
07545P,玉晶光凱基9A售07,0,0,0,0,0,0,0,0,0,51000,0,0,0,60000,9000,51000,51000
3004,豐達科          ,93000,42000,51000,0,0,0,0,0,0,0,0,0,0,0,0,0,51000
061812,臺指反群益9B購02,0,0,0,0,0,0,0,0,0,50000,0,0,0,50000,0,50000,50000
061637,華新科元大9A購22,0,0,0,0,0,0,0,0,0,50000,0,0,0,50000,0,50000,50000
060931,GIS永豐9A購01   ,0,0,0,0,0,0,0,0,0,50000,0,0,0,90000,40000,50000,50000
060885,世紀鋼中信9A購01,0,0,0,0,0,0,0,0,0,50000,0,0,0,75000,25000,50000,50000
061335,國巨元大9A購19  ,0,0,0,0,0,0,0,0,0,50000,0,0,0,50000,0,50000,50000
06123P,玉晶光元大97售04,0,0,0,0,0,0,0,0,0,50000,0,0,0,50000,0,50000,50000
061423,廣達元大9A購01  ,0,0,0,0,0,0,0,0,0,50000,0,0,0,212000,162000,50000,50000
063146,南六統一9B購02  ,0,0,0,0,0,0,0,0,0,50000,0,0,0,108000,58000,50000,50000
063013,技嘉元大9B購02  ,0,0,0,0,0,0,0,0,0,50000,0,0,0,190000,140000,50000,50000
063294,美律麥證9B購01  ,0,0,0,50000,0,50000,0,0,0,50000,0,0,0,50000,0,50000,50000
06453P,群創元大9B售02  ,0,0,0,0,0,0,0,0,0,50000,0,0,0,130000,80000,50000,50000
062802,宏達電統一9B購01,0,0,0,0,0,0,0,0,0,50000,0,0,0,50000,0,50000,50000
062827,神基群益9B購01  ,0,0,0,0,0,0,0,0,0,50000,0,0,0,60000,10000,50000,50000
062290,聯發科富邦9C購04,0,0,0,0,0,0,0,0,0,50000,0,0,0,50000,0,50000,50000
062492,牧德第一9B購01  ,0,0,0,0,0,0,0,0,0,50000,0,0,0,50000,0,50000,50000
062497,遠東新群益9B購01,0,0,0,0,0,0,0,0,0,50000,0,0,0,158000,108000,50000,50000
053939,台表科元富96購03,0,0,0,0,0,0,0,0,0,50000,0,0,0,50000,0,50000,50000
054101,茂林國票97購04  ,0,0,0,0,0,0,0,0,0,50000,0,0,0,60000,10000,50000,50000
049335,聯電統一97購01  ,0,0,0,0,0,0,0,0,0,50000,0,0,0,50000,0,50000,50000
048189,臺指反元大96購06,0,0,0,0,0,0,0,0,0,50000,0,0,0,50000,0,50000,50000
047673,瑞昱元富96購01  ,0,0,0,0,0,0,0,0,0,50000,0,0,0,200000,150000,50000,50000
049892,國巨富邦96購01  ,0,0,0,0,0,0,0,0,0,50000,0,0,0,50000,0,50000,50000
054720,禾伸堂永豐97購01,0,0,0,0,0,0,0,0,0,50000,0,0,0,50000,0,50000,50000
054759,台化國票98購01  ,0,0,0,0,0,0,0,0,0,50000,0,0,0,50000,0,50000,50000
055974,上銀統一97購05  ,0,0,0,0,0,0,0,0,0,50000,0,0,0,90000,40000,50000,50000
054807,台化元大9A購02  ,0,0,0,0,0,0,0,0,0,50000,0,0,0,50000,0,50000,50000
054449,中環第一96購01  ,0,0,0,0,0,0,0,0,0,50000,0,0,0,50000,0,50000,50000
053151,華新科元大96購04,0,0,0,0,0,0,0,0,0,50000,0,0,0,50000,0,50000,50000
053067,牧德群益96購01  ,0,0,0,0,0,0,0,0,0,50000,0,0,0,50000,0,50000,50000
054147,GIS元大96購02   ,0,0,0,0,0,0,0,0,0,50000,0,0,0,50000,0,50000,50000
053506,南茂兆豐97購01  ,0,0,0,0,0,0,0,0,0,50000,0,0,0,50000,0,50000,50000
057872,旺宏元大99購06  ,0,0,0,0,0,0,0,0,0,50000,0,0,0,50000,0,50000,50000
057821,晶相光元大98購03,0,0,0,0,0,0,0,0,0,50000,0,0,0,50000,0,50000,50000
058832,立積永豐99購01  ,0,0,0,0,0,0,0,0,0,50000,0,0,0,50000,0,50000,50000
056405,聯茂群益98購01  ,0,0,0,0,0,0,0,0,0,50000,0,0,0,50000,0,50000,50000
055028,佐登國泰98購01  ,0,0,0,0,0,0,0,0,0,50000,0,0,0,50000,0,50000,50000
055425,聚陽群益99購01  ,0,0,0,0,0,0,0,0,0,50000,0,0,0,50000,0,50000,50000
055397,超眾統一97購02  ,0,0,0,0,0,0,0,0,0,50000,0,0,0,50000,0,50000,50000
056544,貿聯凱基98購03  ,0,0,0,0,0,0,0,0,0,50000,0,0,0,50000,0,50000,50000
055795,茂林國泰98購01  ,0,0,0,0,0,0,0,0,0,50000,0,0,0,80000,30000,50000,50000
055720,宏達電元大97購05,0,0,0,0,0,0,0,0,0,50000,0,0,0,50000,0,50000,50000
056147,鴻海日盛97購05  ,0,0,0,0,0,0,0,0,0,50000,0,0,0,250000,200000,50000,50000
056087,世芯統一97購01  ,0,0,0,0,0,0,0,0,0,50000,0,0,0,60000,10000,50000,50000
056058,建準元大97購02  ,0,0,0,0,0,0,0,0,0,50000,0,0,0,50000,0,50000,50000
056658,美食元大98購01  ,0,0,0,0,0,0,0,0,0,50000,0,0,0,50000,0,50000,50000
056659,泰碩元大99購01  ,0,0,0,0,0,0,0,0,0,50000,0,0,0,90000,40000,50000,50000
056910,超眾元大99購02  ,0,0,0,0,0,0,0,0,0,50000,0,0,0,140000,90000,50000,50000
05691P,聯發科中信98售01,0,0,0,0,0,0,0,0,0,50000,0,0,0,50000,0,50000,50000
060301,國巨富邦9C購02  ,0,0,0,0,0,0,0,0,0,50000,0,0,0,50000,0,50000,50000
060460,鴻海元大9A購08  ,0,0,0,0,0,0,0,0,0,50000,0,0,0,51000,1000,50000,50000
060089,台積電元大99購54,0,0,0,0,0,0,0,0,0,50000,0,0,0,50000,0,50000,50000
060673,旺宏元大9A購04  ,0,0,0,0,0,0,0,0,0,50000,0,0,0,50000,0,50000,50000
060631,微星富邦9B購01  ,0,0,0,0,0,0,0,0,0,50000,0,0,0,96000,46000,50000,50000
059913,台積電元大99購44,0,0,0,0,0,0,0,0,0,50000,0,0,0,50000,0,50000,50000
058175,旺宏凱基99購03  ,0,0,0,0,0,0,0,0,0,50000,0,0,0,50000,0,50000,50000
060051,台積電凱基9B購01,0,0,0,0,0,0,0,0,0,50000,0,0,0,80000,30000,50000,50000
057927,勤誠凱基98購01  ,0,0,0,0,0,0,0,0,0,50000,0,0,0,50000,0,50000,50000
057919,技嘉凱基98購03  ,0,0,0,0,0,0,0,0,0,50000,0,0,0,50000,0,50000,50000
057958,禾伸堂元大99購05,0,0,0,0,0,0,0,0,0,50000,0,0,0,73000,23000,50000,50000
058274,世紀鋼永豐99購01,0,0,0,0,0,0,0,0,0,50000,0,0,0,85000,35000,50000,50000
057809,英業達元大98購01,0,0,0,0,0,0,0,0,0,50000,0,0,0,100000,50000,50000,50000
056954,聯詠富邦9A購01  ,0,0,0,0,0,0,0,0,0,50000,0,0,0,55000,5000,50000,50000
059344,長榮航凱基99購01,0,0,0,0,0,0,0,0,0,50000,0,0,0,70000,20000,50000,50000
059473,T50反1群益99購03,0,0,0,0,0,0,0,0,0,50000,0,0,0,50000,0,50000,50000
07361P,聯發科元大99售34,0,0,0,0,0,0,0,0,0,50000,0,0,0,50000,0,50000,50000
07325P,台積電元大99售41,0,0,0,0,0,0,0,0,0,50000,0,0,0,50000,0,50000,50000
07281P,鴻海凱基99售13  ,0,0,0,0,0,0,0,0,0,50000,0,0,0,160000,110000,50000,50000
07189P,聯發科富邦9B售03,0,0,0,0,0,0,0,0,0,50000,0,0,0,100000,50000,50000,50000
06904P,TPK凱基98售03   ,0,0,0,0,0,0,0,0,0,50000,0,0,0,50000,0,50000,50000
06891P,緯穎富邦99售03  ,0,0,0,0,0,0,0,0,0,50000,0,0,0,180000,130000,50000,50000
06868P,電子類元大99售01,0,0,0,0,0,0,0,0,0,50000,0,0,0,50000,0,50000,50000
06846P,美律元大98售05  ,0,0,0,0,0,0,0,0,0,50000,0,0,0,50000,0,50000,50000
07629P,臺股指凱基9A售10,0,0,0,0,0,0,0,0,0,50000,0,0,0,50000,0,50000,50000
07671P,超眾元大9A售04  ,0,0,0,0,0,0,0,0,0,50000,0,0,0,50000,0,50000,50000
07712P,茂林元大9A售03  ,0,0,0,0,0,0,0,0,0,50000,0,0,0,50000,0,50000,50000
07992P,玉晶光群益01售04,0,0,0,0,0,0,0,0,0,50000,0,0,0,50000,0,50000,50000
08152P,祥碩統一9B售02  ,0,0,0,0,0,0,0,0,0,50000,0,0,0,71000,21000,50000,50000
062682,全新統一9B購01  ,0,0,0,0,0,0,0,0,0,49000,0,0,0,197000,148000,49000,49000
061496,華新科國票9A購07,0,0,0,0,0,0,0,0,0,49000,0,0,0,52000,3000,49000,49000
061645,超眾元大9A購06  ,0,0,0,0,0,0,0,0,0,49000,0,0,0,61000,12000,49000,49000
056766,義隆元大98購01  ,0,0,0,0,0,0,0,0,0,49000,0,0,0,65000,16000,49000,49000
057869,大立光凱基99購01,0,0,0,0,0,0,0,0,0,49000,0,0,0,49000,0,49000,49000
052230,大立光凱基96購09,0,0,0,0,0,0,0,0,0,49000,0,0,0,49000,0,49000,49000
057794,T50反1兆豐99購02,0,0,0,0,0,0,0,0,0,49000,0,0,0,60000,11000,49000,49000
058042,鴻海元大98購12  ,0,0,0,0,0,0,0,0,0,49000,0,0,0,50000,1000,49000,49000
058218,緯穎群益99購01  ,0,0,0,0,0,0,0,0,0,49000,0,0,0,53000,4000,49000,49000
059093,旭富元大99購01  ,0,0,0,0,0,0,0,0,0,49000,0,0,0,49000,0,49000,49000
060666,聯茂凱基9A購02  ,0,0,0,0,0,0,0,0,0,49000,0,0,0,50000,1000,49000,49000
07626P,台灣50凱基04售07,0,0,0,0,0,0,0,0,0,49000,0,0,0,80000,31000,49000,49000
06593P,欣興元大98售05  ,0,0,0,0,0,0,0,0,0,49000,0,0,0,312000,263000,49000,49000
07245P,台積電凱基99售16,0,0,0,0,0,0,0,0,0,49000,0,0,0,50000,1000,49000,49000
2417,圓剛            ,257000,208000,49000,0,0,0,0,0,0,0,0,0,0,0,0,0,49000
6592,和潤企業        ,307000,267000,40000,0,0,0,0,0,0,9000,0,0,0,10000,1000,9000,49000
061666,友達中信01購01  ,0,0,0,0,0,0,0,0,0,48000,0,0,0,48000,0,48000,48000
061568,國巨元大9A購25  ,0,0,0,0,0,0,0,0,0,48000,0,0,0,89000,41000,48000,48000
061853,晶技國票9B購02  ,0,0,0,0,0,0,0,0,0,48000,0,0,0,65000,17000,48000,48000
061356,南電元大9A購06  ,0,0,0,0,0,0,0,0,0,48000,0,0,0,93000,45000,48000,48000
060889,國泰金統一9C購01,0,0,0,0,0,0,0,0,0,48000,0,0,0,48000,0,48000,48000
062584,鴻海統一9C購13  ,0,0,0,0,0,0,0,0,0,48000,0,0,0,48000,0,48000,48000
054776,矽創國票98購01  ,0,0,0,0,0,0,0,0,0,48000,0,0,0,48000,0,48000,48000
054872,瀚宇博群益98購01,0,0,0,0,0,0,0,0,0,48000,0,0,0,86000,38000,48000,48000
054061,晶技國票97購03  ,0,0,0,0,0,0,0,0,0,48000,0,0,0,81000,33000,48000,48000
059643,日月光凱基99購02,0,0,0,0,0,0,0,0,0,48000,0,0,0,84000,36000,48000,48000
059055,旺宏凱基9B購02  ,0,0,0,0,0,0,0,0,0,48000,0,0,0,50000,2000,48000,48000
2484,希華            ,175000,135000,40000,0,0,0,0,0,0,8000,8000,0,8000,0,0,0,48000
3311,閎暉            ,76000,28000,48000,0,0,0,0,0,0,0,0,0,0,0,0,0,48000
07183P,臺股指凱基99售25,0,0,0,0,0,0,0,0,0,48000,0,0,0,49000,1000,48000,48000
07592P,台灣50元大9A售17,0,0,0,0,0,0,0,0,0,48000,0,0,0,299000,251000,48000,48000
08086P,燿華凱基9B售03  ,0,0,0,0,0,0,0,0,0,48000,0,0,0,66000,18000,48000,48000
062621,緯穎元大9B購05  ,0,0,0,0,0,0,0,0,0,47000,0,0,0,50000,3000,47000,47000
062781,微星元大9C購01  ,0,0,0,0,0,0,0,0,0,47000,0,0,0,166000,119000,47000,47000
062374,茂林元大9B購03  ,0,0,0,0,0,0,0,0,0,47000,0,0,0,72000,25000,47000,47000
063272,GIS兆豐9C購01   ,0,0,0,0,0,0,0,0,0,47000,0,0,0,201000,154000,47000,47000
061141,臻鼎統一9A購01  ,0,0,0,0,0,0,0,0,0,47000,0,0,0,100000,53000,47000,47000
062088,緯穎元大9B購04  ,0,0,0,0,0,0,0,0,0,47000,0,0,0,52000,5000,47000,47000
057824,日月光元大98購01,0,0,0,0,0,0,0,0,0,47000,0,0,0,117000,70000,47000,47000
05524P,瀚宇博國票97售02,0,0,0,0,0,0,0,0,0,47000,0,0,0,47000,0,47000,47000
056626,同欣電永豐98購01,0,0,0,0,0,0,0,0,0,47000,0,0,0,47000,0,47000,47000
05861P,瀚宇博永豐96售02,0,0,0,0,0,0,0,0,0,47000,0,0,0,47000,0,47000,47000
058025,聯茂國泰99購01  ,0,0,0,0,0,0,0,0,0,47000,0,0,0,193000,146000,47000,47000
057580,玉山金中信9A購01,0,0,0,0,0,0,0,0,0,47000,0,0,0,186000,139000,47000,47000
058431,國巨統一9B購01  ,0,0,0,0,0,0,0,0,0,47000,0,0,0,131000,84000,47000,47000
058473,上銀凱基9A購03  ,0,0,0,0,0,0,0,0,0,47000,0,0,0,47000,0,47000,47000
058131,義隆元大99購02  ,0,0,0,0,0,0,0,0,0,47000,0,0,0,177000,130000,47000,47000
07905P,大立光群益9B售04,0,0,0,0,0,0,0,0,0,47000,0,0,0,48000,1000,47000,47000
3686,達能            ,50000,3000,47000,0,0,0,0,0,0,0,0,0,0,0,0,0,47000
062012,燿華富邦9C購01  ,0,0,0,0,0,0,0,0,0,46000,0,0,0,50000,4000,46000,46000
061714,華新科凱基9A購15,0,0,0,0,0,0,0,0,0,46000,0,0,0,46000,0,46000,46000
063231,台泥元大9B購01  ,0,0,0,0,0,0,0,0,0,46000,0,0,0,104000,58000,46000,46000
062427,嘉澤統一01購01  ,0,0,0,0,0,0,0,0,0,46000,0,0,0,60000,14000,46000,46000
056211,南港國票98購01  ,0,0,0,0,0,0,0,0,0,46000,0,0,0,53000,7000,46000,46000
055090,國巨群益97購03  ,0,0,0,0,0,0,0,0,0,46000,0,0,0,46000,0,46000,46000
054947,興勤元大97購01  ,0,0,0,0,0,0,0,0,0,46000,0,0,0,146000,100000,46000,46000
058086,鴻海元大98購14  ,0,0,0,0,0,0,0,0,0,46000,0,0,0,46000,0,46000,46000
059946,健策永豐99購05  ,0,0,0,0,0,0,0,0,0,46000,0,0,0,47000,1000,46000,46000
060778,臺股指凱基9A購06,0,0,0,0,0,0,0,0,0,46000,0,0,0,46000,0,46000,46000
057974,上銀永豐98購02  ,0,0,0,0,0,0,0,0,0,46000,0,0,0,78000,32000,46000,46000
057232,京元電凱基98購02,0,0,0,0,0,0,0,0,0,46000,0,0,0,46000,0,46000,46000
07786P,南電中信9C售01  ,0,0,0,0,0,0,0,0,0,46000,0,0,0,110000,64000,46000,46000
07172P,臺股指國票99售09,0,0,0,0,0,0,0,0,0,46000,0,0,0,51000,5000,46000,46000
06765P,欣興元大98售11  ,0,0,0,0,0,0,0,0,0,46000,0,0,0,69000,23000,46000,46000
2404,漢唐            ,458999,301000,157999,0,0,0,0,0,0,-112000,1000,38000,-37000,29000,104000,-75000,45999
062247,國巨元大9B購07  ,0,0,0,0,0,0,0,0,0,45000,0,0,0,50000,5000,45000,45000
062640,訊連國票9C購01  ,0,0,0,0,0,0,0,0,0,45000,0,0,0,54000,9000,45000,45000
062008,南亞科國泰9C購01,0,0,0,0,0,0,0,0,0,45000,0,0,0,553000,508000,45000,45000
062139,臺指反國票9C購02,0,0,0,0,0,0,0,0,0,45000,0,0,0,45000,0,45000,45000
061338,台積電元大9A購28,0,0,0,0,0,0,0,0,0,45000,0,0,0,50000,5000,45000,45000
053392,致新元大96購01  ,0,0,0,0,0,0,0,0,0,45000,0,0,0,45000,0,45000,45000
054268,健策第一96購01  ,0,0,0,0,0,0,0,0,0,45000,0,0,0,45000,0,45000,45000
048192,華通元大96購01  ,0,0,0,0,0,0,0,0,0,45000,0,0,0,85000,40000,45000,45000
058792,鴻海元大99購18  ,0,0,0,0,0,0,0,0,0,45000,0,0,0,47000,2000,45000,45000
055708,茂林永豐97購02  ,0,0,0,0,0,0,0,0,0,45000,0,0,0,45000,0,45000,45000
055541,聚陽凱基98購01  ,0,0,0,0,0,0,0,0,0,45000,0,0,0,45000,0,45000,45000
059118,晶技永豐9A購01  ,0,0,0,0,0,0,0,0,0,45000,0,0,0,45000,0,45000,45000
056984,嘉晶群益98購01  ,0,0,0,0,0,0,0,0,0,45000,0,0,0,45000,0,45000,45000
059348,日月光凱基99購01,0,0,0,0,0,0,0,0,0,45000,0,0,0,45000,0,45000,45000
059295,大立光元富99購05,0,0,0,0,0,0,0,0,0,45000,0,0,0,100000,55000,45000,45000
058043,鴻海元大98購13  ,0,0,0,0,0,0,0,0,0,45000,0,0,0,55000,10000,45000,45000
060098,華新科元大99購24,0,0,0,0,0,0,0,0,0,45000,0,0,0,55000,10000,45000,45000
060452,儒鴻元大9A購01  ,0,0,0,0,0,0,0,0,0,45000,0,0,0,62000,17000,45000,45000
060373,元金2X元富9A購01,0,0,0,0,0,0,0,0,0,45000,0,0,0,45000,0,45000,45000
4540,全球傳動        ,302000,207000,95000,0,0,0,0,0,0,-50000,0,50000,-50000,0,0,0,45000
3094,聯傑            ,68000,23000,45000,0,0,0,0,0,0,0,0,0,0,0,0,0,45000
06644P,亞德客元大98售03,0,0,0,0,0,0,0,0,0,45000,0,0,0,85000,40000,45000,45000
07288P,台灣50凱基99售06,0,0,0,0,0,0,0,0,0,45000,0,0,0,45000,0,45000,45000
07289P,台灣50凱基99售07,0,0,0,0,0,0,0,0,0,45000,0,0,0,45000,0,45000,45000
1590,亞德客-KY       ,1239646,1151000,88646,0,0,0,0,5000,-5000,-39000,34000,16000,18000,8000,65000,-57000,44646
6230,超眾            ,156355,104000,52355,0,0,0,22000,0,22000,-30000,0,0,0,53000,83000,-30000,44355
061454,國巨凱基9A購16  ,0,0,0,0,0,0,0,0,0,44000,0,0,0,47000,3000,44000,44000
061409,力成國票9A購02  ,0,0,0,0,0,0,0,0,0,44000,0,0,0,52000,8000,44000,44000
060844,大立光國票9A購07,0,0,0,0,0,0,0,0,0,44000,0,0,0,47000,3000,44000,44000
060981,旺宏元大9A購08  ,0,0,0,0,0,0,0,0,0,44000,0,0,0,119000,75000,44000,44000
062179,旺宏元大9B購05  ,0,0,0,0,0,0,0,0,0,44000,0,0,0,60000,16000,44000,44000
061981,聯發科元大9B購02,0,0,0,0,0,0,0,0,0,44000,0,0,0,44000,0,44000,44000
061747,南亞科統一01購01,0,0,0,0,0,0,0,0,0,44000,0,0,0,101000,57000,44000,44000
062674,百和中信03購01  ,0,0,0,0,0,0,0,0,0,44000,0,0,0,52000,8000,44000,44000
062782,聯發科元大9B購12,0,0,0,0,0,0,0,0,0,44000,0,0,0,61000,17000,44000,44000
062279,晶豪科群益9B購01,0,0,0,0,0,0,0,0,0,44000,0,0,0,144000,100000,44000,44000
062359,旺宏元大9C購02  ,0,0,0,0,0,0,0,0,0,44000,0,0,0,103000,59000,44000,44000
063106,台表科群益9B購03,0,0,0,0,0,0,0,0,0,44000,0,0,0,44000,0,44000,44000
063355,超眾元富9B購01  ,0,0,0,0,0,0,0,0,0,44000,0,0,0,261000,217000,44000,44000
055844,大毅元大98購01  ,0,0,0,0,0,0,0,0,0,44000,0,0,0,44000,0,44000,44000
058798,大立光元大99購11,0,0,0,0,0,0,0,0,0,44000,0,0,0,44000,0,44000,44000
057843,晶技永豐98購02  ,0,0,0,0,0,0,0,0,0,44000,0,0,0,44000,0,44000,44000
05875P,旺宏群益98售01  ,0,0,0,0,0,0,0,0,0,44000,0,0,0,116000,72000,44000,44000
060468,聯鈞元大9A購02  ,0,0,0,0,0,0,0,0,0,44000,0,0,0,159000,115000,44000,44000
060010,義隆群益99購02  ,0,0,0,0,0,0,0,0,0,44000,0,0,0,134000,90000,44000,44000
058462,台積電兆豐99購01,0,0,0,0,0,0,0,0,0,44000,0,0,0,44000,0,44000,44000
07531P,大立光國泰9B售03,0,0,0,0,0,0,0,0,0,44000,0,0,0,64000,20000,44000,44000
07127P,精元元大99售01  ,0,0,0,0,0,0,0,0,0,44000,0,0,0,63000,19000,44000,44000
063142,奇力新統一9C購04,0,0,0,0,0,0,0,0,0,43000,0,0,0,53000,10000,43000,43000
062967,上銀元富9B購01  ,0,0,0,0,0,0,0,0,0,43000,0,0,0,256000,213000,43000,43000
061703,信邦國票9A購01  ,0,0,0,0,0,0,0,0,0,43000,0,0,0,48000,5000,43000,43000
061787,華新科群益9C購01,0,0,0,0,0,0,0,0,0,43000,0,0,0,111000,68000,43000,43000
061618,友達群益9A購04  ,0,0,0,0,0,0,0,0,0,43000,0,0,0,132000,89000,43000,43000
062205,奇力新國票9C購01,0,0,0,0,0,0,0,0,0,43000,0,0,0,43000,0,43000,43000
061212,聯鈞元大9A購04  ,0,0,0,0,0,0,0,0,0,43000,0,0,0,147000,104000,43000,43000
058767,亞德客兆豐99購01,0,0,0,0,0,0,0,0,0,43000,0,0,0,43000,0,43000,43000
054957,興富發元大97購01,0,0,0,0,0,0,0,0,0,43000,0,0,0,107000,64000,43000,43000
056011,矽力中信99購01  ,0,0,0,0,0,0,0,0,0,43000,0,0,0,49000,6000,43000,43000
053331,玉晶光永豐97購02,0,0,0,0,0,0,0,0,0,43000,0,0,0,193000,150000,43000,43000
059985,華新科元大99購22,0,0,0,0,0,0,0,0,0,43000,0,0,0,63000,20000,43000,43000
057433,上銀國票98購04  ,0,0,0,0,0,0,0,0,0,43000,0,0,0,48000,5000,43000,43000
057976,旺宏永豐98購03  ,0,0,0,0,0,0,0,0,0,43000,0,0,0,43000,0,43000,43000
057967,聯發科國泰9A購02,0,0,0,0,0,0,0,0,0,43000,0,0,0,43000,0,43000,43000
057893,亞德客元富98購03,0,0,0,0,0,0,0,0,0,43000,0,0,0,73000,30000,43000,43000
058985,可成凱基99購03  ,0,0,0,0,0,0,0,0,0,43000,0,0,0,43000,0,43000,43000
5546,永固-KY         ,58000,15000,43000,0,0,0,0,0,0,0,0,0,0,0,0,0,43000
060819,國巨統一9C購04  ,0,0,0,0,0,0,0,0,0,42000,0,0,0,202000,160000,42000,42000
061136,可成統一9A購01  ,0,0,0,0,0,0,0,0,0,42000,0,0,0,62000,20000,42000,42000
061547,禾伸堂群益9A購01,0,0,0,0,0,0,0,0,0,42000,0,0,0,42000,0,42000,42000
062398,建準永豐9B購01  ,0,0,0,0,0,0,0,0,0,42000,0,0,0,122000,80000,42000,42000
00668,國泰美國道瓊    ,0,2000,-2000,0,0,0,0,0,0,44000,0,0,0,142000,98000,44000,42000
055675,亞德客凱基97購02,0,40000,-40000,0,0,0,0,0,0,82000,0,0,0,91000,9000,82000,42000
055773,瑞昱凱基97購03  ,0,0,0,0,0,0,0,0,0,42000,0,0,0,48000,6000,42000,42000
058878,旭富國泰9B購01  ,0,0,0,0,0,0,0,0,0,42000,0,0,0,47000,5000,42000,42000
055104,台達電凱基98購01,0,0,0,0,0,0,0,0,0,42000,0,0,0,42000,0,42000,42000
056314,力成元大97購01  ,0,0,0,0,0,0,0,0,0,42000,0,0,0,115000,73000,42000,42000
05822P,臺股指凱基96售19,0,0,0,0,0,0,0,0,0,42000,0,0,0,42000,0,42000,42000
056962,技嘉永豐98購01  ,0,0,0,0,0,0,0,0,0,42000,0,0,0,42000,0,42000,42000
059386,上銀凱基99購07  ,0,0,0,0,0,0,0,0,0,42000,0,0,0,42000,0,42000,42000
057548,微星凱基99購01  ,0,0,0,0,0,0,0,0,0,42000,0,0,0,70000,28000,42000,42000
057364,國巨元大98購18  ,0,0,0,0,0,0,0,0,0,42000,0,0,0,43000,1000,42000,42000
060542,上銀凱基9A購04  ,0,0,0,0,0,0,0,0,0,42000,0,0,0,42000,0,42000,42000
060721,瑞儀永豐9A購01  ,0,0,0,0,0,0,0,0,0,42000,0,0,0,323000,281000,42000,42000
060453,儒鴻元大9A購02  ,0,0,0,0,0,0,0,0,0,42000,0,0,0,75000,33000,42000,42000
4720,德淵            ,105000,63000,42000,0,0,0,0,0,0,0,0,0,0,0,0,0,42000
062834,立積群益9B購02  ,0,0,0,0,0,0,0,0,0,41000,0,0,0,41000,0,41000,41000
062627,旺宏國票9C購01  ,0,0,0,0,0,0,0,0,0,41000,0,0,0,41000,0,41000,41000
06448P,華通元大99售01  ,0,0,0,0,0,0,0,0,0,41000,0,0,0,46000,5000,41000,41000
062080,奇力新元大9B購02,0,0,0,0,0,0,0,0,0,41000,0,0,0,68000,27000,41000,41000
060818,上銀統一9C購01  ,0,0,0,0,0,0,0,0,0,41000,0,0,0,41000,0,41000,41000
060960,金像電凱基9B購01,0,10000,-10000,0,0,0,0,0,0,51000,0,0,0,67000,16000,51000,41000
055229,大毅國票97購02  ,0,0,0,0,0,0,0,0,0,41000,0,0,0,47000,6000,41000,41000
05625P,國巨國票97售01  ,0,0,0,0,0,0,0,0,0,41000,0,0,0,54000,13000,41000,41000
056710,漢唐永豐98購01  ,0,0,0,0,0,0,0,0,0,41000,0,0,0,92000,51000,41000,41000
00739,元大MSCI A股    ,5000,5000,0,0,0,0,0,0,0,41000,0,0,0,643000,602000,41000,41000
044963,台積電中信96購01,0,0,0,0,0,0,0,0,0,41000,0,0,0,41000,0,41000,41000
054908,群電康和97購01  ,0,0,0,0,0,0,0,0,0,41000,0,0,0,54000,13000,41000,41000
060684,同欣電元大9A購01,0,0,0,0,0,0,0,0,0,41000,0,0,0,105000,64000,41000,41000
060710,上銀永豐9A購01  ,0,0,0,0,0,0,0,0,0,41000,0,0,0,41000,0,41000,41000
059981,聯發科元大99購36,0,0,0,0,0,0,0,0,0,41000,0,0,0,65000,24000,41000,41000
058503,鴻海元大99購14  ,0,0,0,0,0,0,0,0,0,41000,0,0,0,91000,50000,41000,41000
059580,大立光元富99購07,0,0,0,0,0,0,0,0,0,41000,0,0,0,47000,6000,41000,41000
059003,中壽元大99購01  ,0,0,0,0,0,0,0,0,0,41000,0,0,0,53000,12000,41000,41000
057044,旺宏元大98購08  ,0,0,0,0,0,0,0,0,0,41000,0,0,0,51000,10000,41000,41000
057199,台達電元富02購01,0,0,0,0,0,0,0,0,0,41000,0,0,0,129000,88000,41000,41000
058663,瑞儀兆豐9A購01  ,0,0,0,0,0,0,0,0,0,41000,0,0,0,41000,0,41000,41000
057161,亞德客元大98購02,0,0,0,0,0,0,0,0,0,41000,0,0,0,210000,169000,41000,41000
059722,南亞科元大99購02,0,0,0,0,0,0,0,0,0,41000,0,0,0,43000,2000,41000,41000
6414,樺漢            ,124000,94000,30000,0,0,0,0,0,0,11000,8000,4000,4000,13000,6000,7000,41000
07212P,聯發科凱基99售14,0,0,0,0,0,0,0,0,0,41000,0,0,0,41000,0,41000,41000
061527,牧德凱基9A購02  ,0,0,0,0,0,0,0,0,0,40000,0,0,0,40000,0,40000,40000
061936,旺宏國票9B購03  ,0,0,0,0,0,0,0,0,0,40000,0,0,0,40000,0,40000,40000
061615,鴻海群益9A購06  ,0,0,0,0,0,0,0,0,0,40000,0,0,0,43000,3000,40000,40000
061626,超眾群益9A購02  ,0,0,0,0,0,0,0,0,0,40000,0,0,0,42000,2000,40000,40000
063494,金像電富邦9B購01,0,15000,-15000,0,0,0,0,0,0,55000,0,0,0,55000,0,55000,40000
063022,嘉晶元大9B購04  ,0,0,0,0,0,0,0,0,0,40000,0,0,0,184000,144000,40000,40000
063047,大立光兆豐9B購03,0,0,0,0,0,0,0,0,0,40000,0,0,0,40000,0,40000,40000
06322P,超眾統一97售04  ,0,0,0,0,0,0,0,0,0,40000,0,0,0,57000,17000,40000,40000
062555,旺宏凱基9B購06  ,0,0,0,0,0,0,0,0,0,40000,0,0,0,40000,0,40000,40000
062651,世紀鋼富邦9C購01,0,0,0,0,0,0,0,0,0,40000,0,0,0,340000,300000,40000,40000
062729,神達凱基9B購02  ,0,0,0,0,0,0,0,0,0,40000,0,0,0,78000,38000,40000,40000
062219,燿華統一9B購01  ,0,0,0,0,0,0,0,0,0,40000,0,0,0,40000,0,40000,40000
052585,友達永豐97購01  ,0,0,0,0,0,0,0,0,0,40000,0,0,0,40000,0,40000,40000
053450,同欣電凱基96購02,0,0,0,0,0,0,0,0,0,40000,0,0,0,40000,0,40000,40000
053761,健策國泰98購01  ,0,0,0,0,0,0,0,0,0,40000,0,0,0,47000,7000,40000,40000
052712,旺宏凱基96購02  ,0,0,0,0,0,0,0,0,0,40000,0,0,0,40000,0,40000,40000
052328,台表科中信99購01,11000,0,11000,0,0,0,0,0,0,29000,0,0,0,29000,0,29000,40000
054032,上銀中信96購01  ,0,0,0,0,0,0,0,0,0,40000,0,0,0,40000,0,40000,40000
053895,智易群益96購02  ,0,0,0,0,0,0,0,0,0,40000,0,0,0,40000,0,40000,40000
056696,茂林群益98購02  ,0,0,0,0,0,0,0,0,0,40000,0,0,0,40000,0,40000,40000
056890,國巨元大98購11  ,0,0,0,0,0,0,0,0,0,40000,0,0,0,50000,10000,40000,40000
055689,台郡凱基99購01  ,0,0,0,0,0,0,0,0,0,40000,0,0,0,40000,0,40000,40000
05569P,漢唐統一97售01  ,0,0,0,0,0,0,0,0,0,40000,0,0,0,100000,60000,40000,40000
055867,臺股指元大97購05,0,0,0,0,0,0,0,0,0,40000,0,0,0,40000,0,40000,40000
055209,勤誠康和97購01  ,0,0,0,0,0,0,0,0,0,40000,0,0,0,40000,0,40000,40000
056313,聯茂元大98購01  ,0,0,0,0,0,0,0,0,0,40000,0,0,0,40000,0,40000,40000
05885P,牧德統一96售01  ,0,0,0,0,0,0,0,0,0,40000,0,0,0,40000,0,40000,40000
058702,國巨元大99購16  ,0,0,0,0,0,0,0,0,0,40000,0,0,0,40000,0,40000,40000
059745,欣興元富99購04  ,0,0,0,0,0,0,0,0,0,40000,0,0,0,41000,1000,40000,40000
059025,台灣50台新9B購02,0,0,0,0,0,0,0,0,0,40000,0,0,0,40000,0,40000,40000
058642,旺宏麥證9A購01  ,0,0,0,40000,0,40000,0,0,0,40000,0,0,0,40000,0,40000,40000
057918,旺宏凱基99購01  ,0,0,0,0,0,0,0,0,0,40000,0,0,0,40000,0,40000,40000
05711P,茂林國票97售03  ,0,0,0,0,0,0,0,0,0,40000,0,0,0,100000,60000,40000,40000
058996,台達電元大99購02,0,0,0,0,0,0,0,0,0,40000,0,0,0,99000,59000,40000,40000
059566,台積電凱基9A購11,0,0,0,0,0,0,0,0,0,40000,0,0,0,40000,0,40000,40000
056972,祥碩永豐98購02  ,0,0,0,0,0,0,0,0,0,40000,0,0,0,46000,6000,40000,40000
057322,旺宏群益98購04  ,0,0,0,0,0,0,0,0,0,40000,0,0,0,40000,0,40000,40000
058019,美律凱基99購04  ,0,0,0,0,0,0,0,0,0,40000,0,0,0,50000,10000,40000,40000
059928,道瓊銀富邦03購01,0,0,0,0,0,0,0,0,0,40000,0,0,0,53000,13000,40000,40000
058063,旺宏中信98購04  ,0,0,0,0,0,0,0,0,0,40000,0,0,0,40000,0,40000,40000
060651,瑞儀中信9B購01  ,0,0,0,0,0,0,0,0,0,40000,0,0,0,140000,100000,40000,40000
060436,巨大永豐9A購01  ,0,0,0,0,0,0,0,0,0,40000,0,0,0,40000,0,40000,40000
060429,南六永豐9A購01  ,0,0,0,0,0,0,0,0,0,40000,0,0,0,50000,10000,40000,40000
06042P,華新科永豐96售04,0,0,0,0,0,0,0,0,0,40000,0,0,0,80000,40000,40000,40000
060346,華新科統一01購01,0,0,0,0,0,0,0,0,0,40000,0,0,0,100000,60000,40000,40000
06012P,世芯國票96售01  ,0,0,0,0,0,0,0,0,0,40000,0,0,0,40000,0,40000,40000
07328P,FBVIX國泰9B售01 ,0,0,0,0,0,0,0,0,0,40000,0,0,0,40000,0,40000,40000
08141P,鴻海凱基9B售09  ,0,0,0,0,0,0,0,0,0,40000,0,0,0,40000,0,40000,40000
07841P,臻鼎元大9A售04  ,0,0,0,0,0,0,0,0,0,40000,0,0,0,40000,0,40000,40000
07861P,台灣50中信03售08,0,0,0,0,0,0,0,0,0,40000,0,0,0,40000,0,40000,40000
07619P,鴻海統一9A售03  ,0,0,0,0,0,0,0,0,0,40000,0,0,0,50000,10000,40000,40000
07732P,台灣50台新9A售05,0,0,0,0,0,0,0,0,0,40000,0,0,0,40000,0,40000,40000
062881,緯創兆豐9C購01  ,0,0,0,0,0,0,0,0,0,39000,0,0,0,167000,128000,39000,39000
062722,京元電凱基9B購02,0,0,0,0,0,0,0,0,0,39000,0,0,0,69000,30000,39000,39000
062566,嘉晶中信9C購01  ,0,0,0,0,0,0,0,0,0,39000,0,0,0,79000,40000,39000,39000
063265,瑞祺永豐9B購01  ,0,0,0,0,0,0,0,0,0,39000,0,0,0,210000,171000,39000,39000
061562,群創國票9B購01  ,0,0,0,0,0,0,0,0,0,39000,0,0,0,48000,9000,39000,39000
061785,奇力新群益9B購01,0,0,0,0,0,0,0,0,0,39000,0,0,0,40000,1000,39000,39000
061837,華新科凱基05購02,0,0,0,0,0,0,0,0,0,39000,0,0,0,61000,22000,39000,39000
061983,華新科元大9B購04,0,0,0,0,0,0,0,0,0,39000,0,0,0,39000,0,39000,39000
06216P,上銀元富97售03  ,0,0,0,0,0,0,0,0,0,39000,0,0,0,67000,28000,39000,39000
061378,南六永豐9A購03  ,0,0,0,0,0,0,0,0,0,39000,0,0,0,143000,104000,39000,39000
055828,上銀元大97購05  ,0,0,0,0,0,0,0,0,0,39000,0,0,0,39000,0,39000,39000
051159,力山元大96購01  ,0,0,0,0,0,0,0,0,0,39000,0,0,0,39000,0,39000,39000
054638,國泰金中信99購01,0,0,0,0,0,0,0,0,0,39000,0,0,0,45000,6000,39000,39000
057730,聯鈞國泰9A購01  ,0,0,0,0,0,0,0,0,0,39000,0,0,0,229000,190000,39000,39000
059581,日月光元富99購02,0,0,0,0,0,0,0,0,0,39000,0,0,0,110000,71000,39000,39000
057198,智伸科統一9B購01,0,0,0,0,0,0,0,0,0,39000,0,0,0,39000,0,39000,39000
8215,明基材          ,228000,189000,39000,0,0,0,0,0,0,0,0,0,0,0,0,0,39000
061471,台積電元大9A購31,0,0,0,0,0,0,0,0,0,38000,0,0,0,100000,62000,38000,38000
060888,金像電統一9C購01,0,0,0,0,0,0,0,0,0,38000,0,0,0,102000,64000,38000,38000
060836,上銀國票9A購03  ,0,0,0,0,0,0,0,0,0,38000,0,0,0,53000,15000,38000,38000
060849,力成國票9A購01  ,0,0,0,0,0,0,0,0,0,38000,0,0,0,45000,7000,38000,38000
061815,奇力新群益9B購02,0,0,0,0,0,0,0,0,0,38000,0,0,0,38000,0,38000,38000
063132,台表科元大9C購02,0,0,0,0,0,0,0,0,0,38000,0,0,0,185000,147000,38000,38000
063318,京鼎群益9C購02  ,0,0,0,0,0,0,0,0,0,38000,0,0,0,155000,117000,38000,38000
063384,巨大永豐9B購04  ,0,0,0,0,0,0,0,0,0,38000,0,0,0,53000,15000,38000,38000
062736,漢唐國票9B購01  ,0,0,0,0,0,0,0,0,0,38000,0,0,0,38000,0,38000,38000
054855,得力群益98購01  ,0,0,0,0,0,0,0,0,0,38000,0,0,0,98000,60000,38000,38000
053997,健策群益97購02  ,0,0,0,0,0,0,0,0,0,38000,0,0,0,104000,66000,38000,38000
055755,禾伸堂兆豐97購02,0,0,0,0,0,0,0,0,0,38000,0,0,0,38000,0,38000,38000
055848,大立光元大97購11,0,0,0,0,0,0,0,0,0,38000,0,0,0,38000,0,38000,38000
056169,鴻海元富97購08  ,0,0,0,0,0,0,0,0,0,38000,0,0,0,42000,4000,38000,38000
058691,友訊國票9A購01  ,0,0,0,0,0,0,0,0,0,38000,0,0,0,38000,0,38000,38000
057831,聯發科元富02購04,0,0,0,0,0,0,0,0,0,38000,0,0,0,83000,45000,38000,38000
05889P,群創元大98售02  ,0,0,0,0,0,0,0,0,0,38000,0,0,0,140000,102000,38000,38000
056409,麗豐國票99購01  ,0,0,0,0,0,0,0,0,0,38000,0,0,0,38000,0,38000,38000
058631,鈺齊國票9A購01  ,0,0,0,0,0,0,0,0,0,38000,0,0,0,40000,2000,38000,38000
058989,茂林凱基99購02  ,0,0,0,0,0,0,0,0,0,38000,0,0,0,48000,10000,38000,38000
057024,義隆凱基99購01  ,0,0,0,0,0,0,0,0,0,38000,0,0,0,77000,39000,38000,38000
060699,華新科國泰9B購03,0,0,0,0,0,0,0,0,0,38000,0,0,0,58000,20000,38000,38000
058292,上銀凱基9A購01  ,0,0,0,0,0,0,0,0,0,38000,0,0,0,48000,10000,38000,38000
058371,智原凱基9A購01  ,0,0,0,0,0,0,0,0,0,38000,0,0,0,58000,20000,38000,38000
6141,柏承            ,155000,117000,38000,0,0,0,0,0,0,0,0,0,0,0,0,0,38000
063066,同欣電麥證9B購01,0,0,0,50000,13000,37000,0,0,0,37000,0,0,0,50000,13000,37000,37000
063007,儒鴻元大9B購01  ,0,0,0,0,0,0,0,0,0,37000,0,0,0,49000,12000,37000,37000
062988,儒鴻群益9B購01  ,0,0,0,0,0,0,0,0,0,37000,0,0,0,120000,83000,37000,37000
061782,智邦群益9B購01  ,0,0,0,0,0,0,0,0,0,37000,0,0,0,141000,104000,37000,37000
061657,智原國票9A購01  ,0,0,0,0,0,0,0,0,0,37000,0,0,0,84000,47000,37000,37000
060843,大立光國票9A購06,0,0,0,0,0,0,0,0,0,37000,0,0,0,57000,20000,37000,37000
060911,大毅元大9A購01  ,0,0,0,0,0,0,0,0,0,37000,0,0,0,89000,52000,37000,37000
060999,國巨兆豐9A購01  ,0,0,0,0,0,0,0,0,0,37000,0,0,0,37000,0,37000,37000
061436,上銀凱基9A購07  ,0,0,0,0,0,0,0,0,0,37000,0,0,0,37000,0,37000,37000
055297,啟碁元大97購01  ,0,0,0,0,0,0,0,0,0,37000,0,0,0,105000,68000,37000,37000
056335,微星凱基98購01  ,0,0,0,0,0,0,0,0,0,37000,0,0,0,55000,18000,37000,37000
056624,景碩永豐98購01  ,0,0,0,0,0,0,0,0,0,37000,0,0,0,110000,73000,37000,37000
055698,茂林國票98購03  ,0,0,0,0,0,0,0,0,0,37000,0,0,0,60000,23000,37000,37000
03670C,元油2X元富99牛01,0,0,0,0,0,0,0,0,0,37000,0,0,0,37000,0,37000,37000
06067P,華新科康和97售01,0,0,0,0,0,0,0,0,0,37000,0,0,0,157000,120000,37000,37000
057959,欣興元大98購14  ,0,0,0,0,0,0,0,0,0,37000,0,0,0,57000,20000,37000,37000
057284,新日興元大98購03,0,0,0,0,0,0,0,0,0,37000,0,0,0,88000,51000,37000,37000
057636,上銀元大98購06  ,0,0,0,0,0,0,0,0,0,37000,0,0,0,48000,11000,37000,37000
057504,技嘉麥證98購01  ,0,0,0,52000,15000,37000,0,0,0,37000,0,0,0,52000,15000,37000,37000
07986P,大成鋼統一9B售02,0,0,0,0,0,0,0,0,0,37000,0,0,0,40000,3000,37000,37000
1604,聲寶            ,248000,211000,37000,0,0,0,0,0,0,0,0,0,0,0,0,0,37000
06600P,貿聯永豐98售01  ,0,0,0,0,0,0,0,0,0,37000,0,0,0,211000,174000,37000,37000
06844P,智邦元大98售13  ,0,0,0,0,0,0,0,0,0,37000,0,0,0,199000,162000,37000,37000
061457,TPK凱基9A購01   ,0,0,0,0,0,0,0,0,0,36000,0,0,0,323000,287000,36000,36000
063267,台表科中信01購02,0,0,0,0,0,0,0,0,0,36000,0,0,0,85000,49000,36000,36000
063194,華新科台新9B購01,0,0,0,0,0,0,0,0,0,36000,0,0,0,46000,10000,36000,36000
062251,旺宏元大9B購06  ,0,0,0,0,0,0,0,0,0,36000,0,0,0,36000,0,36000,36000
054018,華新台新96購01  ,0,0,0,0,0,0,0,0,0,36000,0,0,0,56000,20000,36000,36000
054143,茂林元大96購04  ,0,0,0,0,0,0,0,0,0,36000,0,0,0,36000,0,36000,36000
055690,矽力凱基97購02  ,0,0,0,0,0,0,0,0,0,36000,0,0,0,36000,0,36000,36000
056783,國巨群益99購01  ,0,0,0,0,0,0,0,0,0,36000,0,0,0,71000,35000,36000,36000
055034,建準富邦99購01  ,0,0,0,0,0,0,0,0,0,36000,0,0,0,65000,29000,36000,36000
055287,日電貿元大97購01,0,0,0,0,0,0,0,0,0,36000,0,0,0,36000,0,36000,36000
055176,大毅統一98購02  ,0,0,0,0,0,0,0,0,0,36000,0,0,0,48000,12000,36000,36000
058873,美律國票9A購02  ,0,0,0,0,0,0,0,0,0,36000,0,0,0,36000,0,36000,36000
057863,美律凱基9A購01  ,0,0,0,0,0,0,0,0,0,36000,0,0,0,46000,10000,36000,36000
059500,鴻海元富99購11  ,0,0,0,0,0,0,0,0,0,36000,0,0,0,85000,49000,36000,36000
059660,華新科元大9A購04,0,0,0,0,0,0,0,0,0,36000,0,0,0,36000,0,36000,36000
060640,京鼎永豐9A購01  ,0,0,0,0,0,0,0,0,0,36000,0,0,0,82000,46000,36000,36000
060097,華新科元大99購23,0,0,0,0,0,0,0,0,0,36000,0,0,0,36000,0,36000,36000
059968,世紀鋼凱基99購03,0,0,0,0,0,0,0,0,0,36000,0,0,0,69000,33000,36000,36000
059875,信邦凱基99購02  ,0,0,0,0,0,0,0,0,0,36000,0,0,0,91000,55000,36000,36000
06686P,麗豐永豐98售02  ,0,0,0,0,0,0,0,0,0,36000,0,0,0,36000,0,36000,36000
07830P,牧德凱基9A售03  ,0,0,0,0,0,0,0,0,0,36000,0,0,0,60000,24000,36000,36000
07580P,緯穎元大9A售03  ,0,0,0,0,0,0,0,0,0,36000,0,0,0,136000,100000,36000,36000
9105,泰金寶-DR       ,55000,19000,36000,0,0,0,0,0,0,0,0,0,0,0,0,0,36000
062365,台光電元大9B購03,0,0,0,0,0,0,0,0,0,35000,0,0,0,49000,14000,35000,35000
062309,燿華凱基9B購01  ,0,0,0,0,0,0,0,0,0,35000,0,0,0,35000,0,35000,35000
062524,鴻海統一9C購09  ,0,0,0,0,0,0,0,0,0,35000,0,0,0,35000,0,35000,35000
062805,台勝科統一9C購01,0,0,0,0,0,0,0,0,0,35000,0,0,0,40000,5000,35000,35000
062995,聚陽國票9C購01  ,0,0,0,0,0,0,0,0,0,35000,0,0,0,79000,44000,35000,35000
061510,嘉澤富邦9C購01  ,0,0,0,0,0,0,0,0,0,35000,0,0,0,42000,7000,35000,35000
061100,SP黃豆元大9A購04,0,0,0,0,0,0,0,0,0,35000,0,0,0,35000,0,35000,35000
061622,臻鼎群益9A購01  ,0,0,0,0,0,0,0,0,0,35000,0,0,0,40000,5000,35000,35000
061859,勤誠國票9B購01  ,0,0,0,0,0,0,0,0,0,35000,0,0,0,35000,0,35000,35000
062165,聯茂國泰01購01  ,0,0,0,0,0,0,0,0,0,35000,0,0,0,658000,623000,35000,35000
062011,上銀富邦9C購01  ,0,0,0,0,0,0,0,0,0,35000,0,0,0,65000,30000,35000,35000
058732,矽格永豐99購01  ,0,0,0,0,0,0,0,0,0,35000,0,0,0,100000,65000,35000,35000
055054,群光永豐97購01  ,0,0,0,0,0,0,0,0,0,35000,0,0,0,35000,0,35000,35000
056176,創意元富97購01  ,0,0,0,0,0,0,0,0,0,35000,0,0,0,35000,0,35000,35000
055806,致新永豐97購02  ,0,0,0,0,0,0,0,0,0,35000,0,0,0,230000,195000,35000,35000
052904,冠德國票97購01  ,0,0,0,0,0,0,0,0,0,35000,0,0,0,35000,0,35000,35000
059898,T50反1元大99購15,0,0,0,0,0,0,0,0,0,35000,0,0,0,35000,0,35000,35000
059957,中信金康和99購01,0,0,0,0,0,0,0,0,0,35000,0,0,0,45000,10000,35000,35000
058453,可成永豐99購01  ,0,0,0,0,0,0,0,0,0,35000,0,0,0,35000,0,35000,35000
060472,中租元大9A購02  ,0,0,0,0,0,0,0,0,0,35000,0,0,0,64000,29000,35000,35000
057132,華新科凱基98購05,0,0,0,0,0,0,0,0,0,35000,0,0,0,35000,0,35000,35000
059426,鴻海元大99購31  ,0,0,0,0,0,0,0,0,0,35000,0,0,0,44000,9000,35000,35000
2352,佳世達          ,1868000,1839000,29000,0,0,0,0,0,0,6000,6000,0,6000,0,0,0,35000
07352P,台積電國票99售11,0,0,0,0,0,0,0,0,0,35000,0,0,0,55000,20000,35000,35000
07390P,華新科康和99售02,0,0,0,0,0,0,0,0,0,35000,0,0,0,60000,25000,35000,35000
07392P,台積電國泰02售01,0,0,0,0,0,0,0,0,0,35000,0,0,0,140000,105000,35000,35000
061750,台達電台新9B購01,0,0,0,0,0,0,0,0,0,34000,0,0,0,34000,0,34000,34000
061336,國巨元大9A購20  ,0,0,0,0,0,0,0,0,0,34000,0,0,0,39000,5000,34000,34000
063093,國產國票9B購01  ,0,0,0,0,0,0,0,0,0,34000,0,0,0,47000,13000,34000,34000
06386P,欣興永豐97售03  ,0,0,0,0,0,0,0,0,0,34000,0,0,0,40000,6000,34000,34000
062684,華新科統一01購02,0,0,0,0,0,0,0,0,0,34000,0,0,0,89000,55000,34000,34000
054333,茂林永豐96購03  ,0,0,0,0,0,0,0,0,0,34000,0,0,0,34000,0,34000,34000
059519,台郡永豐99購01  ,0,0,0,0,0,0,0,0,0,34000,0,0,0,206000,172000,34000,34000
059525,上銀凱基99購08  ,0,0,0,0,0,0,0,0,0,34000,0,0,0,34000,0,34000,34000
059234,台灣50凱基9C購03,0,0,0,0,0,0,0,0,0,34000,0,0,0,34000,0,34000,34000
060334,群光康和9A購01  ,0,0,0,0,0,0,0,0,0,34000,0,0,0,41000,7000,34000,34000
060458,華通元大9A購02  ,0,0,0,0,0,0,0,0,0,34000,0,0,0,37000,3000,34000,34000
059980,台積電元大99購50,0,0,0,0,0,0,0,0,0,34000,0,0,0,50000,16000,34000,34000
07711P,世芯元大9A售07  ,0,0,0,0,0,0,0,0,0,34000,0,0,0,55000,21000,34000,34000
2457,飛宏            ,417000,383000,34000,0,0,0,0,0,0,0,0,0,0,0,0,0,34000
062973,聯發科元富05購01,0,0,0,0,0,0,0,0,0,33000,0,0,0,83000,50000,33000,33000
06147P,國巨元大97售05  ,0,0,0,0,0,0,0,0,0,33000,0,0,0,33000,0,33000,33000
060978,國巨元大9A購13  ,0,0,0,0,0,0,0,0,0,33000,0,0,0,101000,68000,33000,33000
061946,鴻海群益9B購03  ,0,0,0,0,0,0,0,0,0,33000,0,0,0,35000,2000,33000,33000
042792,T50反1台新9C購01,0,0,0,0,0,0,0,0,0,33000,0,0,0,33000,0,33000,33000
052066,華邦電兆豐96購01,0,0,0,0,0,0,0,0,0,33000,0,0,0,46000,13000,33000,33000
053281,茂林元大96購02  ,0,0,0,0,0,0,0,0,0,33000,0,0,0,33000,0,33000,33000
056763,國巨元大99購02  ,0,0,0,0,0,0,0,0,0,33000,0,0,0,33000,0,33000,33000
060033,臻鼎永豐99購01  ,0,0,0,0,0,0,0,0,0,33000,0,0,0,78000,45000,33000,33000
059947,貿聯永豐99購03  ,0,0,0,0,0,0,0,0,0,33000,0,0,0,98000,65000,33000,33000
060474,中租元大9B購01  ,0,0,0,0,0,0,0,0,0,33000,0,0,0,80000,47000,33000,33000
056996,矽力日盛99購01  ,0,0,0,0,0,0,0,0,0,33000,0,0,0,88000,55000,33000,33000
6189,豐藝            ,30000,30000,0,0,0,0,0,0,0,33000,0,0,0,33000,0,33000,33000
07174P,臺股指國票99售11,0,0,0,0,0,0,0,0,0,33000,0,0,0,314000,281000,33000,33000
06726P,欣興元富98售04  ,0,0,0,0,0,0,0,0,0,33000,0,0,0,38000,5000,33000,33000
062192,南六元大9B購01  ,0,0,0,0,0,0,0,0,0,32000,0,0,0,32000,0,32000,32000
061722,健策永豐9B購03  ,0,0,0,0,0,0,0,0,0,32000,0,0,0,135000,103000,32000,32000
061028,聚陽永豐9A購01  ,0,0,0,0,0,0,0,0,0,32000,0,0,0,95000,63000,32000,32000
06265P,美律凱基97售01  ,0,0,0,0,0,0,0,0,0,32000,0,0,0,82000,50000,32000,32000
062557,台光電凱基9B購02,0,0,0,0,0,0,0,0,0,32000,0,0,0,52000,20000,32000,32000
056536,義隆凱基98購04  ,0,0,0,0,0,0,0,0,0,32000,0,0,0,180000,148000,32000,32000
056132,台光電元大97購03,0,0,0,0,0,0,0,0,0,32000,0,0,0,92000,60000,32000,32000
055305,旺宏群益99購01  ,0,0,0,0,0,0,0,0,0,32000,0,0,0,32000,0,32000,32000
059558,T50正2凱基9C購03,0,0,0,0,0,0,0,0,0,32000,0,0,0,32000,0,32000,32000
059292,華新科元富9B購02,0,0,0,0,0,0,0,0,0,32000,0,0,0,42000,10000,32000,32000
059146,貿聯國票9A購02  ,0,0,0,0,0,0,0,0,0,32000,0,0,0,60000,28000,32000,32000
057964,緯穎元大99購03  ,0,0,0,0,0,0,0,0,0,32000,0,0,0,40000,8000,32000,32000
057941,聯電國票99購01  ,0,0,0,0,0,0,0,0,0,32000,0,0,0,32000,0,32000,32000
060171,宏達電台新9A購01,0,0,0,0,0,0,0,0,0,32000,0,0,0,32000,0,32000,32000
07717P,臺股指群益9A售06,0,0,0,0,0,0,0,0,0,32000,0,0,0,35000,3000,32000,32000
07993P,寶成群益9B售01  ,0,0,0,0,0,0,0,0,0,32000,0,0,0,183000,151000,32000,32000
2367,燿華            ,1650230,1575000,75230,0,0,0,0,0,0,-44000,0,0,0,38000,82000,-44000,31230
062522,同欣電元大9B購02,0,0,0,0,0,0,0,0,0,31000,0,0,0,61000,30000,31000,31000
062926,嘉澤國票9B購01  ,0,0,0,0,0,0,0,0,0,31000,0,0,0,31000,0,31000,31000
063307,同欣電凱基9B購02,0,0,0,0,0,0,0,0,0,31000,0,0,0,62000,31000,31000,31000
061533,友達統一9C購02  ,0,0,0,0,0,0,0,0,0,31000,0,0,0,45000,14000,31000,31000
061612,南六統一9A購01  ,0,0,0,0,0,0,0,0,0,31000,0,0,0,209000,178000,31000,31000
061918,上銀凱基9B購02  ,0,0,0,0,0,0,0,0,0,31000,0,0,0,39000,8000,31000,31000
061982,聯發科元大9B購03,0,0,0,0,0,0,0,0,0,31000,0,0,0,32000,1000,31000,31000
057877,神達元大99購01  ,0,0,0,0,0,0,0,0,0,31000,0,0,0,104000,73000,31000,31000
058851,大立光群益99購07,0,0,0,0,0,0,0,0,0,31000,0,0,0,70000,39000,31000,31000
056682,鴻海統一98購10  ,0,0,0,0,0,0,0,0,0,31000,0,0,0,40000,9000,31000,31000
054923,晶技凱基98購01  ,0,0,0,0,0,0,0,0,0,31000,0,0,0,34000,3000,31000,31000
055958,台光電元大97購02,0,0,0,0,0,0,0,0,0,31000,0,0,0,31000,0,31000,31000
00702,國泰標普低波高息,3000,0,3000,0,0,0,0,0,0,28000,0,0,0,28000,0,28000,31000
00866,新光Shiller CAPE,0,0,0,0,0,0,0,0,0,31000,0,0,0,61000,30000,31000,31000
054332,世芯永豐97購01  ,0,0,0,0,0,0,0,0,0,31000,0,0,0,84000,53000,31000,31000
050188,貿聯元大96購01  ,0,0,0,0,0,0,0,0,0,31000,0,0,0,31000,0,31000,31000
060096,聯發科元大99購43,0,0,0,0,0,0,0,0,0,31000,0,0,0,32000,1000,31000,31000
060262,臺股指凱基9B購02,0,0,0,0,0,0,0,0,0,31000,0,0,0,33000,2000,31000,31000
060284,南港元大01購01  ,0,0,0,0,0,0,0,0,0,31000,0,0,0,381000,350000,31000,31000
060381,元黃金凱基9A購01,0,0,0,0,0,0,0,0,0,31000,0,0,0,41000,10000,31000,31000
058573,鴻海群益9A購02  ,0,0,0,0,0,0,0,0,0,31000,0,0,0,43000,12000,31000,31000
060009,南亞科群益99購03,0,0,0,0,0,0,0,0,0,31000,0,0,0,133000,102000,31000,31000
058333,鴻海元富99購04  ,0,0,0,0,0,0,0,0,0,31000,0,0,0,38000,7000,31000,31000
059109,台積電富邦9C購03,0,0,0,0,0,0,0,0,0,31000,0,0,0,31000,0,31000,31000
5519,隆大            ,119000,88000,31000,0,0,0,0,0,0,0,0,0,0,0,0,0,31000
6277,宏正            ,77000,46000,31000,0,0,0,0,0,0,0,0,0,0,0,0,0,31000
08061P,大毅國票9B售04  ,0,0,0,0,0,0,0,0,0,31000,0,0,0,64000,33000,31000,31000
08083P,健策元大9C售05  ,0,0,0,0,0,0,0,0,0,31000,0,0,0,69000,38000,31000,31000
07627P,超眾凱基9A售02  ,0,0,0,0,0,0,0,0,0,31000,0,0,0,45000,14000,31000,31000
07218P,臺股指凱基99售31,0,0,0,0,0,0,0,0,0,31000,0,0,0,98000,67000,31000,31000
07051P,大立光中信99售02,0,0,0,0,0,0,0,0,0,31000,0,0,0,31000,0,31000,31000
1598,岱宇            ,374699,403000,-28301,0,0,0,0,0,0,59000,146000,87000,59000,0,0,0,30699
062117,燿華中信9B購01  ,0,0,0,0,0,0,0,0,0,30000,0,0,0,30000,0,30000,30000
061635,台積電元大9A購34,0,0,0,0,0,0,0,0,0,30000,0,0,0,80000,50000,30000,30000
060987,華新科元大9A購11,0,0,0,0,0,0,0,0,0,30000,0,0,0,58000,28000,30000,30000
061133,玉晶光第一9A購01,0,0,0,0,0,0,0,0,0,30000,0,0,0,30000,0,30000,30000
06454P,緯穎元大98售04  ,0,0,0,0,0,0,0,0,0,30000,0,0,0,30000,0,30000,30000
062930,旺宏統一9C購02  ,0,0,0,0,0,0,0,0,0,30000,0,0,0,40000,10000,30000,30000
062905,聯發科元大9B購13,0,0,0,0,0,0,0,0,0,30000,0,0,0,31000,1000,30000,30000
062821,華擎兆豐9C購01  ,0,0,0,0,0,0,0,0,0,30000,0,0,0,119000,89000,30000,30000
062289,緯穎群益9B購01  ,1000,0,1000,0,0,0,0,0,0,29000,0,0,0,40000,11000,29000,30000
03446B,臺股指元大9B熊26,0,0,0,0,0,0,0,0,0,30000,0,0,0,30000,0,30000,30000
03810P,大立光富邦98售01,0,0,0,0,0,0,0,0,0,30000,0,0,0,30000,0,30000,30000
05192P,玉晶光台新96售02,0,0,0,0,0,0,0,0,0,30000,0,0,0,30000,0,30000,30000
051736,旺宏國票96購01  ,0,0,0,0,0,0,0,0,0,30000,0,0,0,30000,0,30000,30000
05076P,深中小群益99售02,0,0,0,0,0,0,0,0,0,30000,0,0,0,30000,0,30000,30000
051423,GIS國票97購01   ,0,0,0,0,0,0,0,0,0,30000,0,0,0,49000,19000,30000,30000
054725,國巨日盛97購01  ,0,0,0,0,0,0,0,0,0,30000,0,0,0,630000,600000,30000,30000
055955,微星元大97購01  ,0,0,0,0,0,0,0,0,0,30000,0,0,0,56000,26000,30000,30000
052858,華通凱基97購02  ,0,0,0,0,0,0,0,0,0,30000,0,0,0,100000,70000,30000,30000
052884,台積電兆豐96購01,0,0,0,0,0,0,0,0,0,30000,0,0,0,30000,0,30000,30000
053758,華新科國泰97購02,0,0,0,0,0,0,0,0,0,30000,0,0,0,30000,0,30000,30000
053487,台泥兆豐97購01  ,0,0,0,0,0,0,0,0,0,30000,0,0,0,30000,0,30000,30000
056689,玉晶光統一9A購03,0,0,0,0,0,0,0,0,0,30000,0,0,0,30000,0,30000,30000
056794,上銀麥證98購01  ,0,0,0,60000,30000,30000,0,0,0,30000,0,0,0,60000,30000,30000,30000
05677P,玉晶光群益98售03,0,0,0,0,0,0,0,0,0,30000,0,0,0,40000,10000,30000,30000
056195,群創富邦98購01  ,0,0,0,0,0,0,0,0,0,30000,0,0,0,30000,0,30000,30000
056596,光磊元富98購01  ,0,0,0,0,0,0,0,0,0,30000,0,0,0,90000,60000,30000,30000
055893,大立光統一97購07,0,0,0,0,0,0,0,0,0,30000,0,0,0,50000,20000,30000,30000
055894,欣興統一97購03  ,0,0,0,0,0,0,0,0,0,30000,0,0,0,210000,180000,30000,30000
058800,健策元大99購03  ,0,0,0,0,0,0,0,0,0,30000,0,0,0,33000,3000,30000,30000
05888P,友達元大97售01  ,0,0,0,0,0,0,0,0,0,30000,0,0,0,30000,0,30000,30000
058938,台積電中信01購03,0,0,0,0,0,0,0,0,0,30000,0,0,0,30000,0,30000,30000
056519,創意國票99購01  ,0,0,0,0,0,0,0,0,0,30000,0,0,0,40000,10000,30000,30000
056448,全新凱基99購01  ,0,0,0,0,0,0,0,0,0,30000,0,0,0,30000,0,30000,30000
055036,中工富邦9B購01  ,0,0,0,0,0,0,0,0,0,30000,0,0,0,110000,80000,30000,30000
055166,台積電統一97購05,0,0,0,0,0,0,0,0,0,30000,0,0,0,30000,0,30000,30000
059695,聯鈞永豐99購02  ,0,0,0,0,0,0,0,0,0,30000,0,0,0,230000,200000,30000,30000
057030,滬深反元大9B購01,0,0,0,0,0,0,0,0,0,30000,0,0,0,30000,0,30000,30000
057048,新日興元大98購01,0,0,0,0,0,0,0,0,0,30000,0,0,0,69000,39000,30000,30000
058228,為升元大99購01  ,0,0,0,0,0,0,0,0,0,30000,0,0,0,30000,0,30000,30000
058265,奇力新永豐9A購01,0,0,0,0,0,0,0,0,0,30000,0,0,0,30000,0,30000,30000
058249,緯穎元大99購04  ,0,0,0,0,0,0,0,0,0,30000,0,0,0,30000,0,30000,30000
059313,元石油元大99購06,0,0,0,0,0,0,0,0,0,30000,0,0,0,100000,70000,30000,30000
057017,和大凱基98購01  ,0,0,0,0,0,0,0,0,0,30000,0,0,0,30000,0,30000,30000
057973,神達富邦9A購01  ,0,0,0,0,0,0,0,0,0,30000,0,0,0,53000,23000,30000,30000
059061,晶技凱基9A購01  ,0,0,0,0,0,0,0,0,0,30000,0,0,0,85000,55000,30000,30000
058021,牧德凱基98購02  ,0,0,0,0,0,0,0,0,0,30000,0,0,0,30000,0,30000,30000
058480,新日興凱基9A購01,0,0,0,0,0,0,0,0,0,30000,0,0,0,40000,10000,30000,30000
058592,聯發科統一9C購01,0,0,0,0,0,0,0,0,0,30000,0,0,0,30000,0,30000,30000
058593,大立光統一9B購02,0,0,0,0,0,0,0,0,0,30000,0,0,0,30000,0,30000,30000
059886,可成國票99購04  ,0,0,0,0,0,0,0,0,0,30000,0,0,0,51000,21000,30000,30000
058068,旺宏凱基98購11  ,0,0,0,0,0,0,0,0,0,30000,0,0,0,76000,46000,30000,30000
057452,新日興元富98購01,0,0,0,0,0,0,0,0,0,30000,0,0,0,40000,10000,30000,30000
058149,百和元大99購02  ,0,0,0,0,0,0,0,0,0,30000,0,0,0,295000,265000,30000,30000
057367,技嘉元大98購02  ,0,0,0,0,0,0,0,0,0,30000,0,0,0,33000,3000,30000,30000
057404,貿聯群益99購01  ,0,0,0,0,0,0,0,0,0,30000,0,0,0,310000,280000,30000,30000
05739P,臺股指統一97售02,0,0,0,0,0,0,0,0,0,30000,0,0,0,30000,0,30000,30000
060323,華通群益9C購01  ,0,0,0,0,0,0,0,0,0,30000,0,0,0,30000,0,30000,30000
060645,台表科永豐9A購02,0,0,0,0,0,0,0,0,0,30000,0,0,0,40000,10000,30000,30000
08101P,超眾群益9B售02  ,0,0,0,0,0,0,0,0,0,30000,0,0,0,30000,0,30000,30000
07683P,宏達電凱基9A售03,0,0,0,0,0,0,0,0,0,30000,0,0,0,50000,20000,30000,30000
07241P,台灣50國票9A售05,0,0,0,0,0,0,0,0,0,30000,0,0,0,30000,0,30000,30000
07407P,欣興凱基99售07  ,0,0,0,0,0,0,0,0,0,30000,0,0,0,283000,253000,30000,30000
07377P,聯發科元大99售40,0,0,0,0,0,0,0,0,0,30000,0,0,0,30000,0,30000,30000
06572P,台積電永昌99售01,0,0,0,0,0,0,0,0,0,30000,0,0,0,30000,0,30000,30000
6541,泰福-KY         ,70000,40000,30000,0,0,0,0,0,0,0,0,0,0,0,0,0,30000
2059,川湖            ,110000,80000,30000,0,0,0,0,0,0,0,0,0,0,0,0,0,30000
1795,美時            ,207000,177000,30000,0,0,0,0,0,0,0,0,0,0,0,0,0,30000
2017,官田鋼          ,230000,200000,30000,0,0,0,0,0,0,0,0,0,0,0,0,0,30000
3034,聯詠            ,1134529,1330000,-195471,0,0,0,249000,15000,234000,-9000,108000,96000,12000,7000,28000,-21000,29529
062558,義隆凱基9B購02  ,0,0,0,0,0,0,0,0,0,29000,0,0,0,111000,82000,29000,29000
063150,聯發科元富05購03,0,0,0,0,0,0,0,0,0,29000,0,0,0,32000,3000,29000,29000
060949,祥碩中信9A購01  ,0,0,0,0,0,0,0,0,0,29000,0,0,0,52000,23000,29000,29000
061910,台積電中信05購03,0,0,0,0,0,0,0,0,0,29000,0,0,0,32000,3000,29000,29000
057883,中環群益98購01  ,0,0,0,0,0,0,0,0,0,29000,0,0,0,60000,31000,29000,29000
055953,上銀元大97購09  ,0,0,0,0,0,0,0,0,0,29000,0,0,0,37000,8000,29000,29000
052489,義隆國票96購02  ,0,0,0,0,0,0,0,0,0,29000,0,0,0,29000,0,29000,29000
060374,儒鴻元富9A購01  ,0,0,0,0,0,0,0,0,0,29000,0,0,0,109000,80000,29000,29000
060086,鴻海元大99購42  ,0,0,0,0,0,0,0,0,0,29000,0,0,0,29000,0,29000,29000
059934,華通永豐99購02  ,0,0,0,0,0,0,0,0,0,29000,0,0,0,86000,57000,29000,29000
058470,台灣50日盛9B購02,0,0,0,0,0,0,0,0,0,29000,0,0,0,29000,0,29000,29000
058510,全新元大9B購02  ,0,0,0,0,0,0,0,0,0,29000,0,0,0,29000,0,29000,29000
057708,臺股指群益98購08,0,0,0,0,0,0,0,0,0,29000,0,0,0,39000,10000,29000,29000
057714,聯發科統一98購05,0,0,0,0,0,0,0,0,0,29000,0,0,0,29000,0,29000,29000
056970,TPK永豐98購01   ,0,0,0,0,0,0,0,0,0,29000,0,0,0,61000,32000,29000,29000
059403,T50反1台新03購03,0,0,0,0,0,0,0,0,0,29000,0,0,0,130000,101000,29000,29000
6235,華孚            ,130000,101000,29000,0,0,0,0,0,0,0,0,0,0,0,0,0,29000
06491P,台積電富邦99售02,0,0,0,0,0,0,0,0,0,29000,0,0,0,1129000,1100000,29000,29000
07704P,台積電元大9A售25,0,0,0,0,0,0,0,0,0,29000,0,0,0,39000,10000,29000,29000
07657P,技嘉凱基9A售03  ,0,0,0,0,0,0,0,0,0,29000,0,0,0,30000,1000,29000,29000
6257,矽格            ,357334,659000,-301666,0,0,0,300000,0,300000,30650,111000,48000,63000,0,32350,-32350,28984
060855,華新科富邦01購01,0,0,0,0,0,0,0,0,0,28000,0,0,0,34000,6000,28000,28000
061345,玉晶光元大9A購14,0,0,0,0,0,0,0,0,0,28000,0,0,0,32000,4000,28000,28000
063268,GIS中信9B購01   ,0,0,0,0,0,0,0,0,0,28000,0,0,0,143000,115000,28000,28000
062271,華通群益9C購02  ,0,0,0,0,0,0,0,0,0,28000,0,0,0,54000,26000,28000,28000
062212,臻鼎台新9B購01  ,0,0,0,0,0,0,0,0,0,28000,0,0,0,53000,25000,28000,28000
062314,玉晶光凱基9B購06,0,0,0,0,0,0,0,0,0,28000,0,0,0,52000,24000,28000,28000
062389,台表科國泰01購01,0,0,0,0,0,0,0,0,0,28000,0,0,0,40000,12000,28000,28000
05596P,可成統一96售01  ,0,0,0,0,0,0,0,0,0,28000,0,0,0,50000,22000,28000,28000
055938,矽力群益97購01  ,0,0,0,0,0,0,0,0,0,28000,0,0,0,55000,27000,28000,28000
057735,台灣50富邦9C購02,0,0,0,0,0,0,0,0,0,28000,0,0,0,28000,0,28000,28000
058050,台郡元大99購05  ,0,0,0,0,0,0,0,0,0,28000,0,0,0,78000,50000,28000,28000
057480,技嘉元大98購03  ,0,0,0,0,0,0,0,0,0,28000,0,0,0,38000,10000,28000,28000
058107,全新台新99購01  ,0,0,0,0,0,0,0,0,0,28000,0,0,0,48000,20000,28000,28000
060172,智原台新9A購01  ,0,0,0,0,0,0,0,0,0,28000,0,0,0,78000,50000,28000,28000
060293,緯創元大9A購01  ,0,0,0,0,0,0,0,0,0,28000,0,0,0,116000,88000,28000,28000
060418,中橡永豐9A購01  ,0,0,0,0,0,0,0,0,0,28000,0,0,0,96000,68000,28000,28000
060701,玉晶光國泰9C購01,0,0,0,0,0,0,0,0,0,28000,0,0,0,114000,86000,28000,28000
060760,南亞科元大9A購04,0,0,0,0,0,0,0,0,0,28000,0,0,0,60000,32000,28000,28000
07591P,台灣50元大9A售16,0,0,0,0,0,0,0,0,0,28000,0,0,0,299000,271000,28000,28000
07895P,美律元大9B售01  ,0,0,0,0,0,0,0,0,0,28000,0,0,0,50000,22000,28000,28000
06546P,聯發科元大98售05,0,0,0,0,0,0,0,0,0,28000,0,0,0,32000,4000,28000,28000
07416P,台積電元大99售53,0,0,0,0,0,0,0,0,0,28000,0,0,0,144000,116000,28000,28000
062353,亞德客元大9B購01,0,0,0,0,0,0,0,0,0,27000,0,0,0,190000,163000,27000,27000
062210,聯發科台新9B購01,0,0,0,0,0,0,0,0,0,27000,0,0,0,27000,0,27000,27000
062283,玉晶光群益01購01,0,0,0,0,0,0,0,0,0,27000,0,0,0,38000,11000,27000,27000
062803,嘉晶統一9B購02  ,0,0,0,0,0,0,0,0,0,27000,0,0,0,34000,7000,27000,27000
063188,TPK凱基9B購01   ,0,0,0,0,0,0,0,0,0,27000,0,0,0,95000,68000,27000,27000
063049,上海銀兆豐9B購01,0,0,0,0,0,0,0,0,0,27000,0,0,0,40000,13000,27000,27000
061059,世芯國票9B購01  ,0,0,0,0,0,0,0,0,0,27000,0,0,0,45000,18000,27000,27000
058759,義隆群益99購01  ,0,0,0,0,0,0,0,0,0,27000,0,0,0,118000,91000,27000,27000
055172,凱美統一97購02  ,0,0,0,0,0,0,0,0,0,27000,0,0,0,275000,248000,27000,27000
054674,台光電台新97購01,0,0,0,0,0,0,0,0,0,27000,0,0,0,37000,10000,27000,27000
054682,東元永豐97購01  ,0,0,0,0,0,0,0,0,0,27000,0,0,0,27000,0,27000,27000
054951,大毅元大97購01  ,0,0,0,0,0,0,0,0,0,27000,0,0,0,27000,0,27000,27000
053005,微星永豐96購01  ,0,0,0,0,0,0,0,0,0,27000,0,0,0,27000,0,27000,27000
051872,矽力凱基96購01  ,0,0,0,0,0,0,0,0,0,27000,0,0,0,77000,50000,27000,27000
059984,華新科元大99購21,0,0,0,0,0,0,0,0,0,27000,0,0,0,27000,0,27000,27000
058018,南亞科凱基99購03,0,0,0,0,0,0,0,0,0,27000,0,0,0,28000,1000,27000,27000
057766,矽力凱基98購03  ,0,0,0,0,0,0,0,0,0,27000,0,0,0,40000,13000,27000,27000
059568,台積電凱基9A購13,0,0,0,0,0,0,0,0,0,27000,0,0,0,30000,3000,27000,27000
058983,旺宏凱基99購05  ,0,0,0,0,0,0,0,0,0,27000,0,0,0,27000,0,27000,27000
057063,立積國泰9A購01  ,0,0,0,0,0,0,0,0,0,27000,0,0,0,37000,10000,27000,27000
059689,南亞科永豐99購02,0,0,0,0,0,0,0,0,0,27000,0,0,0,100000,73000,27000,27000
059052,為升凱基99購01  ,0,0,0,0,0,0,0,0,0,27000,0,0,0,27000,0,27000,27000
06608P,立積群益99售02  ,0,0,0,0,0,0,0,0,0,27000,0,0,0,62000,35000,27000,27000
2527,宏璟            ,71000,44000,27000,0,0,0,0,0,0,0,0,0,0,0,0,0,27000
061078,台積電兆豐9A購01,0,0,0,0,0,0,0,0,0,26000,0,0,0,41000,15000,26000,26000
061437,燿華凱基9A購01  ,0,0,0,0,0,0,0,0,0,26000,0,0,0,41000,15000,26000,26000
062049,亞德客統一01購01,0,0,0,0,0,0,0,0,0,26000,0,0,0,708000,682000,26000,26000
061644,健策元大9C購02  ,0,0,0,0,0,0,0,0,0,26000,0,0,0,38000,12000,26000,26000
061836,華新科凱基05購01,0,0,0,0,0,0,0,0,0,26000,0,0,0,26000,0,26000,26000
062285,台勝科群益9B購01,0,0,0,0,0,0,0,0,0,26000,0,0,0,26000,0,26000,26000
00763U,街口道瓊銅      ,0,0,0,0,0,0,0,0,0,26000,0,0,0,66000,40000,26000,26000
053735,矽力中信97購01  ,0,0,0,0,0,0,0,0,0,26000,0,0,0,30000,4000,26000,26000
055230,大毅國票98購01  ,0,0,0,0,0,0,0,0,0,26000,0,0,0,28000,2000,26000,26000
055021,亞德客國泰98購01,0,0,0,0,0,0,0,0,0,26000,0,0,0,34000,8000,26000,26000
058881,全新永豐99購01  ,0,0,0,0,0,0,0,0,0,26000,0,0,0,26000,0,26000,26000
055394,健策統一97購01  ,0,0,0,0,0,0,0,0,0,26000,0,0,0,26000,0,26000,26000
056135,緯創元大98購01  ,0,0,0,0,0,0,0,0,0,26000,0,0,0,64000,38000,26000,26000
056667,上銀國票99購01  ,0,0,0,0,0,0,0,0,0,26000,0,0,0,26000,0,26000,26000
059171,祥碩凱基99購04  ,0,0,0,0,0,0,0,0,0,26000,0,0,0,26000,0,26000,26000
059728,聯鈞元大99購01  ,0,0,0,0,0,0,0,0,0,26000,0,0,0,57000,31000,26000,26000
057960,聯鈞元大98購02  ,0,0,0,0,0,0,0,0,0,26000,0,0,0,94000,68000,26000,26000
057890,滬深反統一98購01,0,0,0,0,0,0,0,0,0,26000,0,0,0,26000,0,26000,26000
057703,矽力群益98購01  ,0,0,0,0,0,0,0,0,0,26000,0,0,0,26000,0,26000,26000
058012,鈺齊國票99購01  ,0,0,0,0,0,0,0,0,0,26000,0,0,0,81000,55000,26000,26000
057558,致新凱基98購01  ,0,0,0,0,0,0,0,0,0,26000,0,0,0,46000,20000,26000,26000
058521,日月光元大99購01,0,0,0,0,0,0,0,0,0,26000,0,0,0,26000,0,26000,26000
06051P,嘉聯益國票97售04,0,0,0,0,0,0,0,0,0,26000,0,0,0,34000,8000,26000,26000
2340,光磊            ,382000,372000,10000,0,0,0,0,0,0,16000,0,6000,-6000,35000,13000,22000,26000
07385P,緯穎群益99售04  ,0,0,0,0,0,0,0,0,0,26000,0,0,0,82000,56000,26000,26000
07265P,大立光元大99售16,0,0,0,0,0,0,0,0,0,26000,0,0,0,26000,0,26000,26000
07955P,大成鋼群益9B售02,0,0,0,0,0,0,0,0,0,26000,0,0,0,26000,0,26000,26000
08069P,大立光國泰01售02,0,0,0,0,0,0,0,0,0,26000,0,0,0,26000,0,26000,26000
08067P,大立光凱基9B售08,0,0,0,0,0,0,0,0,0,26000,0,0,0,26000,0,26000,26000
062445,大立光元大9C購02,0,0,0,0,0,0,0,0,0,25000,0,0,0,31000,6000,25000,25000
062749,元金2X中信9B購01,0,0,0,0,0,0,0,0,0,25000,0,0,0,25000,0,25000,25000
062706,大立光元大9B購06,0,0,0,0,0,0,0,0,0,25000,0,0,0,25000,0,25000,25000
063014,技嘉元大9B購03  ,0,0,0,0,0,0,0,0,0,25000,0,0,0,25000,0,25000,25000
062996,致茂國票9C購01  ,0,0,0,0,0,0,0,0,0,25000,0,0,0,36000,11000,25000,25000
063177,友達兆豐9B購01  ,0,0,0,0,0,0,0,0,0,25000,0,0,0,25000,0,25000,25000
06482P,台積電凱基98售13,0,0,0,0,0,0,0,0,0,25000,0,0,0,25000,0,25000,25000
063475,同欣電元大9C購01,0,0,0,0,0,0,0,0,0,25000,0,0,0,36000,11000,25000,25000
063288,泰鼎元大9B購02  ,0,0,0,0,0,0,0,0,0,25000,0,0,0,57000,32000,25000,25000
061809,聯發科統一9C購05,0,0,0,0,0,0,0,0,0,25000,0,0,0,25000,0,25000,25000
061764,旺宏元大9B購01  ,0,0,0,0,0,0,0,0,0,25000,0,0,0,65000,40000,25000,25000
062198,臺指反國票01購01,0,0,0,0,0,0,0,0,0,25000,0,0,0,25000,0,25000,25000
062127,台勝科統一01購02,0,0,0,0,0,0,0,0,0,25000,0,0,0,65000,40000,25000,25000
060821,SP黃豆元大9A購02,0,0,0,0,0,0,0,0,0,25000,0,0,0,30000,5000,25000,25000
056685,光罩統一98購03  ,0,0,0,0,0,0,0,0,0,25000,0,0,0,55000,30000,25000,25000
055503,健策元大98購05  ,0,0,0,0,0,0,0,0,0,25000,0,0,0,25000,0,25000,25000
058947,SGBR2X群益9B購02,0,0,0,0,0,0,0,0,0,25000,0,0,0,63000,38000,25000,25000
058929,可成統一9C購01  ,0,0,0,0,0,0,0,0,0,25000,0,0,0,45000,20000,25000,25000
053187,國巨統一96購05  ,0,0,0,0,0,0,0,0,0,25000,0,0,0,25000,0,25000,25000
052611,力成元大96購02  ,0,0,0,0,0,0,0,0,0,25000,0,0,0,25000,0,25000,25000
052989,麗豐元大98購01  ,0,0,0,0,0,0,0,0,0,25000,0,0,0,25000,0,25000,25000
054573,漢唐元大98購01  ,0,0,0,0,0,0,0,0,0,25000,0,0,0,25000,0,25000,25000
051055,友達群益98購01  ,0,0,0,0,0,0,0,0,0,25000,0,0,0,25000,0,25000,25000
03430B,臺股指元大9B熊01,0,0,0,0,0,0,0,0,0,25000,0,0,0,27000,2000,25000,25000
060578,臺股指中信9C購03,0,0,0,0,0,0,0,0,0,25000,0,0,0,25000,0,25000,25000
058477,億光凱基9A購01  ,0,0,0,0,0,0,0,0,0,25000,0,0,0,25000,0,25000,25000
059912,國巨元大99購28  ,0,0,0,0,0,0,0,0,0,25000,0,0,0,38000,13000,25000,25000
058015,旺宏凱基99購02  ,0,0,0,0,0,0,0,0,0,25000,0,0,0,33000,8000,25000,25000
057779,禾伸堂群益98購02,0,0,0,0,0,0,0,0,0,25000,0,0,0,25000,0,25000,25000
057242,台郡凱基98購05  ,0,0,0,0,0,0,0,0,0,25000,0,0,0,30000,5000,25000,25000
057962,超眾元大99購03  ,0,0,0,0,0,0,0,0,0,25000,0,0,0,34000,9000,25000,25000
059107,南茂國泰9A購01  ,0,0,0,0,0,0,0,0,0,25000,0,0,0,30000,5000,25000,25000
059240,台積電凱基9A購09,0,0,0,0,0,0,0,0,0,25000,0,0,0,35000,10000,25000,25000
07386P,臺股指群益99售24,0,0,0,0,0,0,0,0,0,25000,0,0,0,30000,5000,25000,25000
07422P,大立光元大99售32,0,0,0,0,0,0,0,0,0,25000,0,0,0,33000,8000,25000,25000
06525P,上証2X國泰99售01,0,0,0,0,0,0,0,0,0,25000,0,0,0,120000,95000,25000,25000
06717P,可成元大98售09  ,0,0,0,0,0,0,0,0,0,25000,0,0,0,36000,11000,25000,25000
06936P,瑞儀元大98售01  ,0,0,0,0,0,0,0,0,0,25000,0,0,0,25000,0,25000,25000
061035,亞光永豐9A購01  ,0,0,0,0,0,0,0,0,0,24000,0,0,0,24000,0,24000,24000
061387,鴻海群益9A購05  ,0,0,0,0,0,0,0,0,0,24000,0,0,0,29000,5000,24000,24000
062090,南電元大9B購02  ,0,0,0,0,0,0,0,0,0,24000,0,0,0,67000,43000,24000,24000
061614,亞德客群益9A購01,0,0,0,0,0,0,0,0,0,24000,0,0,0,26000,2000,24000,24000
062525,鴻海統一9C購10  ,0,0,0,0,0,0,0,0,0,24000,0,0,0,24000,0,24000,24000
054406,旺宏國票98購01  ,0,0,0,0,0,0,0,0,0,24000,0,0,0,31000,7000,24000,24000
054063,聯茂國票97購02  ,0,0,0,0,0,0,0,0,0,24000,0,0,0,40000,16000,24000,24000
050758,聯發科元富9B購01,0,0,0,0,0,0,0,0,0,24000,0,0,0,24000,0,24000,24000
051488,健策凱基96購04  ,0,0,0,0,0,0,0,0,0,24000,0,0,0,32000,8000,24000,24000
051592,健策元大96購05  ,0,0,0,0,0,0,0,0,0,24000,0,0,0,24000,0,24000,24000
054569,GIS群益98購01   ,0,0,0,0,0,0,0,0,0,24000,0,0,0,35000,11000,24000,24000
052886,世紀鋼兆豐96購01,0,0,0,0,0,0,0,0,0,24000,0,0,0,24000,0,24000,24000
056351,鴻海元大98購06  ,0,0,0,0,0,0,0,0,0,24000,0,0,0,24000,0,24000,24000
055703,緯穎富邦98購01  ,0,0,0,0,0,0,0,0,0,24000,0,0,0,24000,0,24000,24000
055707,聯鈞永豐98購01  ,0,0,0,0,0,0,0,0,0,24000,0,0,0,24000,0,24000,24000
056879,旺宏國票99購02  ,0,0,0,0,0,0,0,0,0,24000,0,0,0,24000,0,24000,24000
059241,旺宏凱基99購07  ,0,0,0,0,0,0,0,0,0,24000,0,0,0,28000,4000,24000,24000
057202,TPK元富98購02   ,0,0,0,0,0,0,0,0,0,24000,0,0,0,179000,155000,24000,24000
057638,上銀元大99購01  ,0,1000,-1000,0,0,0,0,0,0,25000,0,0,0,55000,30000,25000,24000
057421,智原凱基98購04  ,0,0,0,0,0,0,0,0,0,24000,0,0,0,24000,0,24000,24000
060060,台積電兆豐99購05,0,0,0,0,0,0,0,0,0,24000,0,0,0,24000,0,24000,24000
060113,祥碩元大9B購01  ,0,0,0,0,0,0,0,0,0,24000,0,0,0,35000,11000,24000,24000
060266,潤泰全國票9A購01,0,0,0,0,0,0,0,0,0,24000,0,0,0,34000,10000,24000,24000
1773,勝一            ,54000,30000,24000,0,0,0,0,0,0,0,0,0,0,0,0,0,24000
3041,揚智            ,608000,584000,24000,0,0,0,0,0,0,0,0,0,0,0,0,0,24000
6491,晶碩            ,48000,24000,24000,0,0,0,0,0,0,0,0,0,0,0,0,0,24000
062751,華擎中信9C購01  ,0,0,0,0,0,0,0,0,0,23000,0,0,0,24000,1000,23000,23000
062780,旺宏元大01購01  ,0,0,0,0,0,0,0,0,0,23000,0,0,0,132000,109000,23000,23000
063409,GIS國票9C購02   ,0,0,0,0,0,0,0,0,0,23000,0,0,0,50000,27000,23000,23000
061739,奇力新凱基9C購01,0,0,0,0,0,0,0,0,0,23000,0,0,0,25000,2000,23000,23000
062053,華通統一9C購02  ,0,0,0,0,0,0,0,0,0,23000,0,0,0,117000,94000,23000,23000
061265,富邦金凱基9B購01,0,0,0,0,0,0,0,0,0,23000,0,0,0,23000,0,23000,23000
061001,智邦兆豐9B購01  ,0,0,0,0,0,0,0,0,0,23000,0,0,0,23000,0,23000,23000
056767,大毅元大99購01  ,0,0,0,0,0,0,0,0,0,23000,0,0,0,23000,0,23000,23000
056479,玉晶光元大99購05,0,0,0,0,0,0,0,0,0,23000,0,0,0,24000,1000,23000,23000
054844,華邦電兆豐98購01,0,0,0,0,0,0,0,0,0,23000,0,0,0,60000,37000,23000,23000
03686P,大立光統一98售02,0,0,0,0,0,0,0,0,0,23000,0,0,0,23000,0,23000,23000
060197,臻鼎元富9A購02  ,0,0,0,0,0,0,0,0,0,23000,0,0,0,159000,136000,23000,23000
060322,卜蜂群益9A購01  ,0,0,0,0,0,0,0,0,0,23000,0,0,0,30000,7000,23000,23000
060350,元黃金元富9B購01,0,0,0,0,0,0,0,0,0,23000,0,0,0,34000,11000,23000,23000
059923,緯穎元大99購09  ,0,0,0,0,0,0,0,0,0,23000,0,0,0,39000,16000,23000,23000
057606,健策統一98購03  ,0,0,0,0,0,0,0,0,0,23000,0,0,0,98000,75000,23000,23000
05978P,麗豐永豐96售02  ,0,0,0,0,0,0,0,0,0,23000,0,0,0,23000,0,23000,23000
057525,光磊元大99購01  ,0,0,0,0,0,0,0,0,0,23000,0,0,0,57000,34000,23000,23000
057308,同欣電兆豐99購01,0,0,0,0,0,0,0,0,0,23000,0,0,0,23000,0,23000,23000
07257P,臺股指凱基99售37,0,0,0,0,0,0,0,0,0,23000,0,0,0,23000,0,23000,23000
060989,國泰金元大9A購02,0,0,0,0,0,0,0,0,0,22000,0,0,0,66000,44000,22000,22000
060886,國巨統一01購03  ,0,0,0,0,0,0,0,0,0,22000,0,0,0,26000,4000,22000,22000
061339,京元電元大9A購05,0,0,0,0,0,0,0,0,0,22000,0,0,0,102000,80000,22000,22000
061962,台積電統一01購03,0,0,0,0,0,0,0,0,0,22000,0,0,0,26000,4000,22000,22000
061605,華新科凱基9A購14,0,0,0,0,0,0,0,0,0,22000,0,0,0,110000,88000,22000,22000
062928,富邦金台新9B購02,0,0,0,0,0,0,0,0,0,22000,0,0,0,36000,14000,22000,22000
062711,台表科元大9B購05,0,0,0,0,0,0,0,0,0,22000,0,0,0,55000,33000,22000,22000
062222,華新科統一9B購04,0,0,0,0,0,0,0,0,0,22000,0,0,0,22000,0,22000,22000
062319,南六凱基9B購02  ,0,0,0,0,0,0,0,0,0,22000,0,0,0,57000,35000,22000,22000
02001L,富邦蘋果正二N   ,0,0,0,0,0,0,0,0,0,22000,0,0,0,32000,10000,22000,22000
049795,華通元大96購02  ,0,0,0,0,0,0,0,0,0,22000,0,0,0,22000,0,22000,22000
054531,聯發科國泰97購02,0,0,0,0,0,0,0,0,0,22000,0,0,0,22000,0,22000,22000
058904,晶技元大99購05  ,0,0,0,0,0,0,0,0,0,22000,0,0,0,22000,0,22000,22000
055653,聯詠元富01購02  ,0,0,0,0,0,0,0,0,0,22000,0,0,0,51000,29000,22000,22000
059562,上銀凱基99購09  ,0,0,0,0,0,0,0,0,0,22000,0,0,0,22000,0,22000,22000
059533,富邦金凱基99購01,0,0,0,0,0,0,0,0,0,22000,0,0,0,22000,0,22000,22000
057725,台達電國泰9A購01,0,0,0,0,0,0,0,0,0,22000,0,0,0,106000,84000,22000,22000
059194,元金2X永豐99購01,0,0,0,0,0,0,0,0,0,22000,0,0,0,22000,0,22000,22000
059089,聯發科元大99購19,0,0,0,0,0,0,0,0,0,22000,0,0,0,22000,0,22000,22000
059090,台新金元大99購01,0,0,0,0,0,0,0,0,0,22000,0,0,0,99000,77000,22000,22000
058116,正崴中信99購02  ,0,0,0,0,0,0,0,0,0,22000,0,0,0,70000,48000,22000,22000
060422,台勝科永豐9A購01,0,0,0,0,0,0,0,0,0,22000,0,0,0,50000,28000,22000,22000
060642,華擎永豐9A購02  ,0,0,0,0,0,0,0,0,0,22000,0,0,0,24000,2000,22000,22000
060502,國巨元大9A購07  ,0,0,0,0,0,0,0,0,0,22000,0,0,0,29000,7000,22000,22000
07122P,欣興凱基99售05  ,0,0,0,0,0,0,0,0,0,22000,0,0,0,32000,10000,22000,22000
06681P,致茂元大98售02  ,0,0,0,0,0,0,0,0,0,22000,0,0,0,84000,62000,22000,22000
07781P,高鐵凱基9A售02  ,0,0,0,0,0,0,0,0,0,22000,0,0,0,30000,8000,22000,22000
062373,泰鼎元大9B購01  ,0,0,0,0,0,0,0,0,0,21000,0,0,0,104000,83000,21000,21000
062438,台光電元大9B購04,0,0,0,0,0,0,0,0,0,21000,0,0,0,71000,50000,21000,21000
062636,聯鈞國票9B購01  ,0,0,0,0,0,0,0,0,0,21000,0,0,0,21000,0,21000,21000
062869,帆宣中信9B購01  ,0,0,0,0,0,0,0,0,0,21000,0,0,0,118000,97000,21000,21000
062923,緯穎元大9B購06  ,0,0,0,0,0,0,0,0,0,21000,0,0,0,33000,12000,21000,21000
06179P,國巨群益97售04  ,0,0,0,0,0,0,0,0,0,21000,0,0,0,32000,11000,21000,21000
060942,智邦國票9A購02  ,0,0,0,0,0,0,0,0,0,21000,0,0,0,259000,238000,21000,21000
056581,超眾元大99購01  ,0,0,0,0,0,0,0,0,0,21000,0,0,0,43000,22000,21000,21000
055829,上銀元大97購06  ,0,0,0,0,0,0,0,0,0,21000,0,0,0,21000,0,21000,21000
057836,南亞科國泰9A購01,0,0,0,0,0,0,0,0,0,21000,0,0,0,71000,50000,21000,21000
054503,京鼎永豐96購04  ,0,0,0,0,0,0,0,0,0,21000,0,0,0,21000,0,21000,21000
053256,上銀富邦98購01  ,0,0,0,0,0,0,0,0,0,21000,0,0,0,21000,0,21000,21000
052201,超眾統一96購01  ,0,0,0,0,0,0,0,0,0,21000,0,0,0,21000,0,21000,21000
054361,技嘉凱基96購01  ,0,0,0,0,0,0,0,0,0,21000,0,0,0,23000,2000,21000,21000
051722,玉晶光永豐97購01,0,0,0,0,0,0,0,0,0,21000,0,0,0,81000,60000,21000,21000
060484,聯發科富邦9C購02,0,0,0,0,0,0,0,0,0,21000,0,0,0,22000,1000,21000,21000
060526,台積電中信9A購02,0,0,0,0,0,0,0,0,0,21000,0,0,0,30000,9000,21000,21000
060126,創意永豐99購04  ,0,0,0,0,0,0,0,0,0,21000,0,0,0,96000,75000,21000,21000
057352,大立光統一9A購02,0,0,0,0,0,0,0,0,0,21000,0,0,0,49000,28000,21000,21000
058527,世紀鋼元大99購01,0,0,0,0,0,0,0,0,0,21000,0,0,0,21000,0,21000,21000
059622,上銀凱基99購10  ,0,0,0,0,0,0,0,0,0,21000,0,0,0,21000,0,21000,21000
058687,聯茂凱基9A購01  ,0,0,0,0,0,0,0,0,0,21000,0,0,0,30000,9000,21000,21000
05755P,臺股指中信99售04,0,0,0,0,0,0,0,0,0,21000,0,0,0,71000,50000,21000,21000
057569,光磊永豐98購03  ,0,0,0,0,0,0,0,0,0,21000,0,0,0,68000,47000,21000,21000
05954P,旺宏國票97售03  ,0,0,0,0,0,0,0,0,0,21000,0,0,0,43000,22000,21000,21000
059435,大立光元大99購17,0,0,0,0,0,0,0,0,0,21000,0,0,0,21000,0,21000,21000
057317,技嘉凱基98購02  ,0,0,0,0,0,0,0,0,0,21000,0,0,0,21000,0,21000,21000
07806P,健策永豐9A售02  ,0,0,0,0,0,0,0,0,0,21000,0,0,0,21000,0,21000,21000
06934P,聯鈞元大98售03  ,0,0,0,0,0,0,0,0,0,21000,0,0,0,129000,108000,21000,21000
6582,申豐            ,143000,114000,29000,0,0,0,0,0,0,-8000,0,8000,-8000,0,0,0,21000
060948,可成第一9A購01  ,0,0,0,0,0,0,0,0,0,20000,0,0,0,20000,0,20000,20000
060964,日月光凱基9A購01,0,0,0,0,0,0,0,0,0,20000,0,0,0,20000,0,20000,20000
060924,大毅永豐9A購03  ,0,0,0,0,0,0,0,0,0,20000,0,0,0,20000,0,20000,20000
060925,華新科永豐9A購01,0,0,0,0,0,0,0,0,0,20000,0,0,0,20000,0,20000,20000
060879,華新科中信9A購02,0,0,0,0,0,0,0,0,0,20000,0,0,0,20000,0,20000,20000
061019,大毅國票9A購01  ,0,0,0,0,0,0,0,0,0,20000,0,0,0,21000,1000,20000,20000
061093,華新科統一9B購03,0,0,0,0,0,0,0,0,0,20000,0,0,0,20000,0,20000,20000
061127,美食永豐9A購01  ,0,0,0,0,0,0,0,0,0,20000,0,0,0,30000,10000,20000,20000
061261,台積電凱基9B購03,0,0,0,0,0,0,0,0,0,20000,0,0,0,20000,0,20000,20000
061450,嘉晶中信9A購01  ,0,0,0,0,0,0,0,0,0,20000,0,0,0,40000,20000,20000,20000
061486,國巨兆豐9B購02  ,0,0,0,0,0,0,0,0,0,20000,0,0,0,27000,7000,20000,20000
061834,華新科凱基02購02,0,0,0,0,0,0,0,0,0,20000,0,0,0,20000,0,20000,20000
061858,南電國票9B購02  ,0,0,0,0,0,0,0,0,0,20000,0,0,0,34000,14000,20000,20000
061602,旺宏凱基9A購06  ,0,0,0,0,0,0,0,0,0,20000,0,0,0,33000,13000,20000,20000
061586,智邦富邦9A購02  ,0,0,0,0,0,0,0,0,0,20000,0,0,0,23000,3000,20000,20000
061545,華新科群益9A購09,0,0,0,0,0,0,0,0,0,20000,0,0,0,20000,0,20000,20000
061683,台灣50群益9B購09,0,0,0,0,0,0,0,0,0,20000,0,0,0,20000,0,20000,20000
061977,國巨元大9B購02  ,0,0,0,0,0,0,0,0,0,20000,0,0,0,20000,0,20000,20000
061980,聯發科元大9B購01,0,0,0,0,0,0,0,0,0,20000,0,0,0,42000,22000,20000,20000
062009,聯發科國泰01購01,0,0,0,0,0,0,0,0,0,20000,0,0,0,25000,5000,20000,20000
062030,旭富群益9B購01  ,0,0,0,0,0,0,0,0,0,20000,0,0,0,20000,0,20000,20000
062140,元金2X國票9B購03,0,0,0,0,0,0,0,0,0,20000,0,0,0,30000,10000,20000,20000
062207,牧德國票9B購02  ,0,0,0,0,0,0,0,0,0,20000,0,0,0,20000,0,20000,20000
062172,南六永豐9B購01  ,0,0,0,0,0,0,0,0,0,20000,0,0,0,20000,0,20000,20000
062954,世芯永豐9B購03  ,0,0,0,0,0,0,0,0,0,20000,0,0,0,25000,5000,20000,20000
063060,華新科元富9B購03,0,0,0,0,0,0,0,0,0,20000,0,0,0,20000,0,20000,20000
063061,華新科元富9B購04,0,0,0,0,0,0,0,0,0,20000,0,0,0,20000,0,20000,20000
063071,華新科富邦02購01,0,0,0,0,0,0,0,0,0,20000,0,0,0,20000,0,20000,20000
063262,南六富邦9C購01  ,0,0,0,0,0,0,0,0,0,20000,0,0,0,20000,0,20000,20000
063141,聯發科統一9C購10,0,0,0,0,0,0,0,0,0,20000,0,0,0,20000,0,20000,20000
063087,南六凱基9C購02  ,0,0,0,0,0,0,0,0,0,20000,0,0,0,20000,0,20000,20000
06377P,華通統一97售04  ,0,0,0,0,0,0,0,0,0,20000,0,0,0,20000,0,20000,20000
06418P,T50反1統一9A售02,0,0,0,0,0,0,0,0,0,20000,0,0,0,20000,0,20000,20000
062816,華新科兆豐9B購01,0,0,0,0,0,0,0,0,0,20000,0,0,0,20000,0,20000,20000
062734,臺指反國票9C購03,0,0,0,0,0,0,0,0,0,20000,0,0,0,20000,0,20000,20000
062724,可成凱基9B購04  ,0,0,0,0,0,0,0,0,0,20000,0,0,0,140000,120000,20000,20000
062657,華新科第一9B購01,0,0,0,0,0,0,0,0,0,20000,0,0,0,20000,0,20000,20000
062683,可成統一9B購04  ,0,0,0,0,0,0,0,0,0,20000,0,0,0,20000,0,20000,20000
062318,台郡凱基9B購01  ,0,0,0,0,0,0,0,0,0,20000,0,0,0,20000,0,20000,20000
062239,台汽電凱基9B購01,0,0,0,0,0,0,0,0,0,20000,0,0,0,51000,31000,20000,20000
062262,茂林元大9B購02  ,0,0,0,0,0,0,0,0,0,20000,0,0,0,20000,0,20000,20000
03960P,新日興元富96售02,0,0,0,0,0,0,0,0,0,20000,0,0,0,20000,0,20000,20000
051486,玉晶光凱基97購03,0,0,0,0,0,0,0,0,0,20000,0,0,0,62000,42000,20000,20000
050793,大立光富邦96購03,0,0,0,0,0,0,0,0,0,20000,0,0,0,20000,0,20000,20000
00865B,國泰US短期公債  ,0,0,0,0,0,0,0,0,0,20000,0,0,0,120000,100000,20000,20000
050416,高股息凱基96購02,0,0,0,0,0,0,0,0,0,20000,0,0,0,20000,0,20000,20000
054374,信邦中信96購01  ,0,0,0,0,0,0,0,0,0,20000,0,0,0,20000,0,20000,20000
054383,傳奇群益97購01  ,0,0,0,0,0,0,0,0,0,20000,0,0,0,40000,20000,20000,20000
053855,康友國泰98購01  ,0,0,0,0,0,0,0,0,0,20000,0,0,0,20000,0,20000,20000
054309,禾伸堂凱基98購01,0,0,0,0,0,0,0,0,0,20000,0,0,0,20000,0,20000,20000
054278,晶技群益97購02  ,0,0,0,0,0,0,0,0,0,20000,0,0,0,20000,0,20000,20000
054245,鴻海元大96購23  ,0,0,0,0,0,0,0,0,0,20000,0,0,0,20000,0,20000,20000
048550,中鴻元大96購01  ,0,0,0,0,0,0,0,0,0,20000,0,0,0,20000,0,20000,20000
049007,玉晶光中信96購01,0,0,0,0,0,0,0,0,0,20000,0,0,0,30000,10000,20000,20000
053029,國巨第一96購01  ,0,0,0,0,0,0,0,0,0,20000,0,0,0,20000,0,20000,20000
053188,旺宏統一97購03  ,0,0,0,0,0,0,0,0,0,20000,0,0,0,20000,0,20000,20000
053104,台表科元富96購02,0,0,0,0,0,0,0,0,0,20000,0,0,0,20000,0,20000,20000
053713,漢唐凱基96購04  ,0,0,0,0,0,0,0,0,0,20000,0,0,0,20000,0,20000,20000
053612,T50反1群益96購01,0,0,0,0,0,0,0,0,0,20000,0,0,0,20000,0,20000,20000
053817,華新科群益97購02,0,0,0,0,0,0,0,0,0,20000,0,0,0,20000,0,20000,20000
052724,力成統一97購01  ,0,0,0,0,0,0,0,0,0,20000,0,0,0,30000,10000,20000,20000
053401,臺股指中信99購01,0,0,0,0,0,0,0,0,0,20000,0,0,0,20000,0,20000,20000
053354,康控兆豐97購02  ,0,0,0,0,0,0,0,0,0,20000,0,0,0,20000,0,20000,20000
054550,旺宏凱基98購02  ,0,0,0,0,0,0,0,0,0,20000,0,0,0,140000,120000,20000,20000
054477,聯發科中信9C購02,0,0,0,0,0,0,0,0,0,20000,0,0,0,20000,0,20000,20000
054636,華通中信97購01  ,0,0,0,0,0,0,0,0,0,20000,0,0,0,20000,0,20000,20000
052916,華新科富邦96購01,0,0,0,0,0,0,0,0,0,20000,0,0,0,20000,0,20000,20000
052562,南亞科日盛96購01,0,0,0,0,0,0,0,0,0,20000,0,0,0,20000,0,20000,20000
057874,可成元大99購02  ,0,0,0,0,0,0,0,0,0,20000,0,0,0,60000,40000,20000,20000
058930,華新科統一9B購01,0,0,0,0,0,0,0,0,0,20000,0,0,0,107000,87000,20000,20000
058848,台積電群益99購07,0,0,0,0,0,0,0,0,0,20000,0,0,0,33000,13000,20000,20000
056485,同欣電元大98購01,0,0,0,0,0,0,0,0,0,20000,0,0,0,20000,0,20000,20000
056403,茂林群益98購01  ,0,0,0,0,0,0,0,0,0,20000,0,0,0,20000,0,20000,20000
056323,旺宏兆豐98購01  ,0,0,0,0,0,0,0,0,0,20000,0,0,0,50000,30000,20000,20000
056318,鴻海群益98購02  ,0,0,0,0,0,0,0,0,0,20000,0,0,0,20000,0,20000,20000
055700,緯穎國泰98購02  ,0,0,0,0,0,0,0,0,0,20000,0,0,0,20000,0,20000,20000
055678,上銀凱基97購02  ,0,0,0,0,0,0,0,0,0,20000,0,0,0,20000,0,20000,20000
05661P,聯發科統一96售06,0,0,0,0,0,0,0,0,0,20000,0,0,0,20000,0,20000,20000
055511,大立光兆豐97購02,0,0,0,0,0,0,0,0,0,20000,0,0,0,20000,0,20000,20000
05594P,旺宏國票96售04  ,0,0,0,0,0,0,0,0,0,20000,0,0,0,20000,0,20000,20000
055910,瑞昱凱基98購01  ,0,0,0,0,0,0,0,0,0,20000,0,0,0,20000,0,20000,20000
055566,台表科凱基97購03,0,0,0,0,0,0,0,0,0,20000,0,0,0,20000,0,20000,20000
055575,華新科統一98購01,0,0,0,0,0,0,0,0,0,20000,0,0,0,20000,0,20000,20000
055577,晶技統一97購02  ,0,0,0,0,0,0,0,0,0,20000,0,0,0,20000,0,20000,20000
056906,玉晶光元大9B購01,0,0,0,0,0,0,0,0,0,20000,0,0,0,20000,0,20000,20000
056665,上証2X國票99購02,0,0,0,0,0,0,0,0,0,20000,0,0,0,20000,0,20000,20000
056130,新日興麥證97購01,0,0,0,20000,0,20000,0,0,0,20000,0,0,0,20000,0,20000,20000
05609P,國泰金凱基96售01,0,0,0,0,0,0,0,0,0,20000,0,0,0,20000,0,20000,20000
058005,茂林群益98購04  ,0,0,0,0,0,0,0,0,0,20000,0,0,0,20000,0,20000,20000
057268,臻鼎兆豐99購01  ,0,0,0,0,0,0,0,0,0,20000,0,0,0,30000,10000,20000,20000
056929,華新科台新98購01,0,0,0,0,0,0,0,0,0,20000,0,0,0,20000,0,20000,20000
059381,TPK亞東99購01   ,0,0,0,0,0,0,0,0,0,20000,0,0,0,20000,0,20000,20000
059340,鴻海凱基9A購12  ,0,0,0,0,0,0,0,0,0,20000,0,0,0,20000,0,20000,20000
059317,台積電元大99購34,0,0,0,0,0,0,0,0,0,20000,0,0,0,24000,4000,20000,20000
059327,南茂元大99購01  ,0,0,0,0,0,0,0,0,0,20000,0,0,0,60000,40000,20000,20000
057547,技嘉凱基99購01  ,0,0,0,0,0,0,0,0,0,20000,0,0,0,20000,0,20000,20000
057729,華新科國泰99購04,0,0,0,0,0,0,0,0,0,20000,0,0,0,50000,30000,20000,20000
057792,群創統一99購01  ,0,0,0,0,0,0,0,0,0,20000,0,0,0,20000,0,20000,20000
057619,玉晶光凱基98購02,0,0,0,0,0,0,0,0,0,20000,0,0,0,25000,5000,20000,20000
057693,臺股指凱基98購11,0,0,0,0,0,0,0,0,0,20000,0,0,0,20000,0,20000,20000
057153,祥碩國泰99購01  ,0,0,0,0,0,0,0,0,0,20000,0,0,0,20000,0,20000,20000
058647,華新科永豐99購03,0,0,0,0,0,0,0,0,0,20000,0,0,0,20000,0,20000,20000
057891,華新科統一9A購01,0,0,0,0,0,0,0,0,0,20000,0,0,0,20000,0,20000,20000
057045,美律元大99購04  ,0,0,0,0,0,0,0,0,0,20000,0,0,0,70000,50000,20000,20000
057033,A50反1元大9B購02,0,0,0,0,0,0,0,0,0,20000,0,0,0,20000,0,20000,20000
057084,立積統一9B購01  ,0,0,0,0,0,0,0,0,0,20000,0,0,0,20000,0,20000,20000
058986,華新科凱基9A購03,0,0,0,0,0,0,0,0,0,20000,0,0,0,20000,0,20000,20000
059634,可成凱基99購07  ,0,0,0,0,0,0,0,0,0,20000,0,0,0,20000,0,20000,20000
057971,華新科富邦9B購02,0,0,0,0,0,0,0,0,0,20000,0,0,0,30000,10000,20000,20000
059174,訊芯凱基99購01  ,0,0,0,0,0,0,0,0,0,20000,0,0,0,35000,15000,20000,20000
059273,臺指反元大9C購03,0,0,0,0,0,0,0,0,0,20000,0,0,0,20000,0,20000,20000
059252,聯詠凱基99購03  ,0,0,0,0,0,0,0,0,0,20000,0,0,0,20000,0,20000,20000
059115,美食永豐99購01  ,0,0,0,0,0,0,0,0,0,20000,0,0,0,30000,10000,20000,20000
058338,康友元富99購01  ,0,0,0,0,0,0,0,0,0,20000,0,0,0,60000,40000,20000,20000
060064,華新科兆豐99購07,0,0,0,0,0,0,0,0,0,20000,0,0,0,20000,0,20000,20000
059937,旺宏永豐99購03  ,0,0,0,0,0,0,0,0,0,20000,0,0,0,20000,0,20000,20000
058571,緯穎凱基9A購02  ,0,0,0,0,0,0,0,0,0,20000,0,0,0,20000,0,20000,20000
059929,華新科富邦9C購03,0,0,0,0,0,0,0,0,0,20000,0,0,0,20000,0,20000,20000
057387,奇力新永豐98購03,0,0,0,0,0,0,0,0,0,20000,0,0,0,20000,0,20000,20000
058092,牧德元大98購02  ,0,0,0,0,0,0,0,0,0,20000,0,0,0,20000,0,20000,20000
06006P,欣興永豐96售04  ,0,0,0,0,0,0,0,0,0,20000,0,0,0,20000,0,20000,20000
060800,華新科第一9A購01,0,0,0,0,0,0,0,0,0,20000,0,0,0,20000,0,20000,20000
06728P,全新元大98售03  ,0,0,0,0,0,0,0,0,0,20000,0,0,0,20000,0,20000,20000
06590P,大立光元大98售13,0,0,0,0,0,0,0,0,0,20000,0,0,0,20000,0,20000,20000
07263P,台積電元大99售37,0,0,0,0,0,0,0,0,0,20000,0,0,0,930000,910000,20000,20000
07387P,臺股指群益99售25,0,0,0,0,0,0,0,0,0,20000,0,0,0,20000,0,20000,20000
07395P,台積電群益99售13,0,0,0,0,0,0,0,0,0,20000,0,0,0,20000,0,20000,20000
07381P,鴻海群益99售05  ,0,0,0,0,0,0,0,0,0,20000,0,0,0,40000,20000,20000,20000
07356P,臺股指國票99售24,0,0,0,0,0,0,0,0,0,20000,0,0,0,20000,0,20000,20000
07305P,T50正2群益99售02,0,0,0,0,0,0,0,0,0,20000,0,0,0,40000,20000,20000,20000
07311P,台灣50元大99售09,0,0,0,0,0,0,0,0,0,20000,0,0,0,20000,0,20000,20000
07557P,玉晶光元大9A售09,0,0,0,0,0,0,0,0,0,20000,0,0,0,20000,0,20000,20000
062741,立積國票9B購02  ,0,0,0,0,0,0,0,0,0,19000,0,0,0,19000,0,19000,19000
062785,世芯元大9C購01  ,0,0,0,0,0,0,0,0,0,19000,0,0,0,138000,119000,19000,19000
063258,緯穎國泰9C購01  ,0,0,0,0,0,0,0,0,0,19000,0,0,0,58000,39000,19000,19000
061399,喬山兆豐9B購01  ,0,0,0,0,0,0,0,0,0,19000,0,0,0,32000,13000,19000,19000
061443,大立光統一9C購02,0,0,0,0,0,0,0,0,0,19000,0,0,0,20000,1000,19000,19000
061249,億豐群益9A購01  ,0,0,0,0,0,0,0,0,0,19000,0,0,0,19000,0,19000,19000
061151,友訊群益9A購01  ,0,0,0,0,0,0,0,0,0,19000,0,0,0,100000,81000,19000,19000
056255,華新科元富97購05,0,0,0,0,0,0,0,0,0,19000,0,0,0,20000,1000,19000,19000
055426,旺宏群益99購02  ,0,0,0,0,0,0,0,0,0,19000,0,0,0,30000,11000,19000,19000
05634P,玉晶光台新97售01,0,0,0,0,0,0,0,0,0,19000,0,0,0,19000,0,19000,19000
055164,矽創元大98購01  ,0,0,0,0,0,0,0,0,0,19000,0,0,0,30000,11000,19000,19000
053489,上銀兆豐97購01  ,0,0,0,0,0,0,0,0,0,19000,0,0,0,19000,0,19000,19000
052202,矽力統一96購01  ,0,0,0,0,0,0,0,0,0,19000,0,0,0,20000,1000,19000,19000
060109,茂林元大99購05  ,0,0,0,0,0,0,0,0,0,19000,0,0,0,19000,0,19000,19000
060366,健策元富9A購01  ,0,0,0,0,0,0,0,0,0,19000,0,0,0,39000,20000,19000,19000
059614,致新永豐99購01  ,0,0,0,0,0,0,0,0,0,19000,0,0,0,21000,2000,19000,19000
058628,宏達電國票9A購01,0,0,0,0,0,0,0,0,0,19000,0,0,0,20000,1000,19000,19000
07326P,大立光元大99售23,0,0,0,0,0,0,0,0,0,19000,0,0,0,39000,20000,19000,19000
07150P,和碩元大99售01  ,0,0,0,0,0,0,0,0,0,19000,0,0,0,19000,0,19000,19000
06827P,臺股指國票98售03,0,0,0,0,0,0,0,0,0,19000,0,0,0,21000,2000,19000,19000
5608,四維航          ,93000,74000,19000,0,0,0,0,0,0,0,0,0,0,0,0,0,19000
3596,智易            ,535000,782648,-247648,0,0,0,133000,0,133000,133000,69000,9000,60000,129000,56000,73000,18352
061114,南電元大9A購04  ,0,0,0,0,0,0,0,0,0,18000,0,0,0,18000,0,18000,18000
061227,日月光中信9B購01,0,0,0,0,0,0,0,0,0,18000,0,0,0,18000,0,18000,18000
061288,大立光統一9C購01,0,0,0,0,0,0,0,0,0,18000,0,0,0,25000,7000,18000,18000
061963,台積電統一01購04,0,0,0,0,0,0,0,0,0,18000,0,0,0,104000,86000,18000,18000
061924,聯發科凱基9C購01,0,0,0,0,0,0,0,0,0,18000,0,0,0,20000,2000,18000,18000
06305P,臺股指元大97售11,0,0,0,0,0,0,0,0,0,18000,0,0,0,18000,0,18000,18000
063498,金像電永豐9B購02,0,0,0,0,0,0,0,0,0,18000,0,0,0,18000,0,18000,18000
062687,華擎統一01購02  ,0,0,0,0,0,0,0,0,0,18000,0,0,0,55000,37000,18000,18000
062237,緯創凱基9B購01  ,0,0,0,0,0,0,0,0,0,18000,0,0,0,30000,12000,18000,18000
06236P,台積電元大97售25,0,0,0,0,0,0,0,0,0,18000,0,0,0,117000,99000,18000,18000
062401,信邦永豐9B購01  ,0,0,0,0,0,0,0,0,0,18000,0,0,0,85000,67000,18000,18000
053176,矽力群益96購02  ,0,0,0,0,0,0,0,0,0,18000,0,0,0,18000,0,18000,18000
053889,致茂群益97購01  ,0,0,0,0,0,0,0,0,0,18000,0,0,0,18000,0,18000,18000
055108,智邦凱基98購01  ,0,0,0,0,0,0,0,0,0,18000,0,0,0,42000,24000,18000,18000
058875,台表科國票9A購02,0,0,0,0,0,0,0,0,0,18000,0,0,0,20000,2000,18000,18000
055384,緯穎元大98購02  ,0,0,0,0,0,0,0,0,0,18000,0,0,0,18000,0,18000,18000
055399,超眾統一99購01  ,0,0,0,0,0,0,0,0,0,18000,0,0,0,18000,0,18000,18000
055841,南亞科元大97購04,0,0,0,0,0,0,0,0,0,18000,0,0,0,68000,50000,18000,18000
055861,矽力元大97購03  ,0,0,0,0,0,0,0,0,0,18000,0,0,0,18000,0,18000,18000
055929,聯發科群益97購05,0,0,0,0,0,0,0,0,0,18000,0,0,0,130000,112000,18000,18000
056076,超眾元大97購05  ,0,0,0,0,0,0,0,0,0,18000,0,0,0,30000,12000,18000,18000
057172,南亞科元大98購03,0,0,0,0,0,0,0,0,0,18000,0,0,0,68000,50000,18000,18000
059727,大立光元大9A購01,0,0,0,0,0,0,0,0,0,18000,0,0,0,19000,1000,18000,18000
059203,勤誠永豐99購02  ,0,0,0,0,0,0,0,0,0,18000,0,0,0,18000,0,18000,18000
060383,葡萄王凱基9A購01,0,0,0,0,0,0,0,0,0,18000,0,0,0,66000,48000,18000,18000
060449,元金2X元大9A購02,0,0,0,0,0,0,0,0,0,18000,0,0,0,23000,5000,18000,18000
060193,群創元富9A購01  ,0,0,0,0,0,0,0,0,0,18000,0,0,0,96000,78000,18000,18000
060533,臺股指中信9B購05,0,0,0,0,0,0,0,0,0,18000,0,0,0,40000,22000,18000,18000
060657,旺宏統一9B購05  ,0,0,0,0,0,0,0,0,0,18000,0,0,0,21000,3000,18000,18000
059885,台積電國票99購12,0,0,0,0,0,0,0,0,0,18000,0,0,0,20000,2000,18000,18000
058061,貿聯元富9B購01  ,0,0,0,0,0,0,0,0,0,18000,0,0,0,138000,120000,18000,18000
058596,旺宏台新99購01  ,0,0,0,0,0,0,0,0,0,18000,0,0,0,28000,10000,18000,18000
07317P,T50正2凱基9B售02,0,0,0,0,0,0,0,0,0,18000,0,0,0,18000,0,18000,18000
08093P,英業達元富9B售02,0,0,0,0,0,0,0,0,0,18000,0,0,0,76000,58000,18000,18000
062473,同欣電凱基9B購01,0,0,0,0,0,0,0,0,0,17000,0,0,0,22000,5000,17000,17000
062231,台光電麥證9C購01,0,0,0,27000,10000,17000,0,0,0,17000,0,0,0,27000,10000,17000,17000
062733,巨大凱基9B購01  ,0,0,0,0,0,0,0,0,0,17000,0,0,0,73000,56000,17000,17000
062063,世紀鋼統一9C購01,0,0,0,0,0,0,0,0,0,17000,0,0,0,518000,501000,17000,17000
062061,台勝科統一01購01,0,0,0,0,0,0,0,0,0,17000,0,0,0,117000,100000,17000,17000
061154,可成群益9B購04  ,0,0,0,0,0,0,0,0,0,17000,0,0,0,22000,5000,17000,17000
060864,可成永豐9A購01  ,0,0,0,0,0,0,0,0,0,17000,0,0,0,17000,0,17000,17000
055533,大立光群益97購03,0,0,0,0,0,0,0,0,0,17000,0,0,0,17000,0,17000,17000
055645,技嘉元富97購01  ,0,0,0,0,0,0,0,0,0,17000,0,0,0,18000,1000,17000,17000
054058,晶豪科國票98購01,0,0,0,0,0,0,0,0,0,17000,0,0,0,42000,25000,17000,17000
006207,FH滬深          ,271000,0,271000,0,0,0,0,0,0,-254000,0,605000,-605000,779000,428000,351000,17000
053677,同欣電國泰97購01,0,0,0,0,0,0,0,0,0,17000,0,0,0,25000,8000,17000,17000
052945,嘉晶國票97購01  ,0,0,0,0,0,0,0,0,0,17000,0,0,0,34000,17000,17000,17000
059219,旺宏元大99購12  ,0,0,0,0,0,0,0,0,0,17000,0,0,0,21000,4000,17000,17000
059214,國巨元大99購20  ,0,0,0,0,0,0,0,0,0,17000,0,0,0,19000,2000,17000,17000
059114,華新科永豐99購05,0,0,0,0,0,0,0,0,0,17000,0,0,0,17000,0,17000,17000
05908P,大立光元富96售05,0,0,0,0,0,0,0,0,0,17000,0,0,0,34000,17000,17000,17000
058987,華新科凱基9B購01,0,0,0,0,0,0,0,0,0,17000,0,0,0,17000,0,17000,17000
057059,易華電元大99購01,0,0,0,0,0,0,0,0,0,17000,0,0,0,17000,0,17000,17000
059787,奇力新元大9A購02,0,0,0,0,0,0,0,0,0,17000,0,0,0,23000,6000,17000,17000
059436,大立光元大99購18,0,0,0,0,0,0,0,0,0,17000,0,0,0,18000,1000,17000,17000
059509,奇力新永豐99購02,0,0,0,0,0,0,0,0,0,17000,0,0,0,27000,10000,17000,17000
07833P,大立光群益9B售02,0,0,0,0,0,0,0,0,0,17000,0,0,0,27000,10000,17000,17000
06972P,聯發科元大99售04,0,0,0,0,0,0,0,0,0,17000,0,0,0,17000,0,17000,17000
2881B,富邦金乙特      ,0,0,0,0,0,0,0,0,0,17000,17000,0,17000,0,0,0,17000
9935,慶豐富          ,674000,657000,17000,0,0,0,0,0,0,0,0,0,0,0,0,0,17000
061390,大立光群益9A購04,0,0,0,0,0,0,0,0,0,16000,0,0,0,16000,0,16000,16000
061448,旺宏中信9A購02  ,0,0,0,0,0,0,0,0,0,16000,0,0,0,16000,0,16000,16000
061878,茂林元大9B購01  ,0,0,0,0,0,0,0,0,0,16000,0,0,0,23000,7000,16000,16000
061717,力成凱基9B購01  ,0,0,0,0,0,0,0,0,0,16000,0,0,0,82000,66000,16000,16000
061735,上銀凱基9B購01  ,0,0,0,0,0,0,0,0,0,16000,0,0,0,16000,0,16000,16000
06461P,玉晶光國泰9A售01,0,0,0,0,0,0,0,0,0,16000,0,0,0,25000,9000,16000,16000
063373,晶技永豐9B購02  ,0,0,0,0,0,0,0,0,0,16000,0,0,0,16000,0,16000,16000
063184,台光電凱基9B購03,0,2000,-2000,0,0,0,0,0,0,18000,0,0,0,23000,5000,18000,16000
054874,帆宣群益99購02  ,0,0,0,0,0,0,0,0,0,16000,0,0,0,46000,30000,16000,16000
053809,上銀群益96購02  ,0,0,0,0,0,0,0,0,0,16000,0,0,0,16000,0,16000,16000
05052P,友達群益97售01  ,0,0,0,0,0,0,0,0,0,16000,0,0,0,202000,186000,16000,16000
056582,易華電元大98購01,0,0,0,0,0,0,0,0,0,16000,0,0,0,50000,34000,16000,16000
056240,嘉晶群益97購02  ,0,0,0,0,0,0,0,0,0,16000,0,0,0,16000,0,16000,16000
056193,聯發科富邦99購08,0,0,0,0,0,0,0,0,0,16000,0,0,0,20000,4000,16000,16000
055330,上銀兆豐98購02  ,0,0,0,0,0,0,0,0,0,16000,0,0,0,26000,10000,16000,16000
055324,TPK國票98購03   ,0,0,0,0,0,0,0,0,0,16000,0,0,0,16000,0,16000,16000
057889,致新群益99購01  ,0,0,0,0,0,0,0,0,0,16000,0,0,0,16000,0,16000,16000
056366,玉晶光元大99購04,0,0,0,0,0,0,0,0,0,16000,0,0,0,46000,30000,16000,16000
055215,智邦凱基98購02  ,0,0,0,0,0,0,0,0,0,16000,0,0,0,16000,0,16000,16000
059480,美律群益9A購01  ,0,0,0,0,0,0,0,0,0,16000,0,0,0,21000,5000,16000,16000
059299,欣興元富99購03  ,0,0,0,0,0,0,0,0,0,16000,0,0,0,34000,18000,16000,16000
057093,臻鼎元富98購02  ,0,0,0,0,0,0,0,0,0,16000,0,0,0,19000,3000,16000,16000
059207,臺指反元大9C購02,0,0,0,0,0,0,0,0,0,16000,0,0,0,16000,0,16000,16000
059988,大立光元大9A購02,0,0,0,0,0,0,0,0,0,16000,0,0,0,16000,0,16000,16000
057466,泰鼎永豐98購01  ,0,0,0,0,0,0,0,0,0,16000,0,0,0,61000,45000,16000,16000
060554,中租凱基9A購01  ,0,0,0,0,0,0,0,0,0,16000,0,0,0,16000,0,16000,16000
060702,玉晶光國泰9C購02,0,0,0,0,0,0,0,0,0,16000,0,0,0,45000,29000,16000,16000
2748,雲品            ,31000,65000,-34000,0,0,0,0,0,0,50000,50000,0,50000,0,0,0,16000
3583,辛耘            ,96000,80000,16000,0,0,0,0,0,0,0,0,0,0,0,0,0,16000
4755,三福化          ,0,10000,-10000,0,0,0,24000,0,24000,2000,2000,0,2000,0,0,0,16000
06888P,日月光元大98售02,0,0,0,0,0,0,0,0,0,16000,0,0,0,18000,2000,16000,16000
06673P,大立光群益98售01,0,0,0,0,0,0,0,0,0,16000,0,0,0,17000,1000,16000,16000
07473P,祥碩元大9A售01  ,0,0,0,0,0,0,0,0,0,16000,0,0,0,186000,170000,16000,16000
07812P,大立光統一9A售06,0,0,0,0,0,0,0,0,0,16000,0,0,0,16000,0,16000,16000
1338,廣華-KY         ,64000,53000,11000,0,0,0,0,0,0,5000,5000,0,5000,0,0,0,16000
063149,聯發科元富05購02,0,0,0,0,0,0,0,0,0,15000,0,0,0,15000,0,15000,15000
063039,大立光凱基9C購02,0,0,0,0,0,0,0,0,0,15000,0,0,0,19000,4000,15000,15000
062363,燿華元大9B購03  ,0,0,0,0,0,0,0,0,0,15000,0,0,0,15000,0,15000,15000
062352,南六群益9B購02  ,0,0,0,0,0,0,0,0,0,15000,0,0,0,15000,0,15000,15000
06242P,大立光元富9A售02,0,0,0,0,0,0,0,0,0,15000,0,0,0,15000,0,15000,15000
061741,新光金凱基9B購01,0,0,0,0,0,0,0,0,0,15000,0,0,0,15000,0,15000,15000
061482,健策元大9C購01  ,0,0,0,0,0,0,0,0,0,15000,0,0,0,36000,21000,15000,15000
061477,晶豪科元大9A購01,0,0,0,0,0,0,0,0,0,15000,0,0,0,65000,50000,15000,15000
061320,奇力新凱基9A購04,0,0,0,0,0,0,0,0,0,15000,0,0,0,15000,0,15000,15000
060825,聯詠元大9A購05  ,0,0,0,0,0,0,0,0,0,15000,0,0,0,84000,69000,15000,15000
056494,緯創國泰99購01  ,0,0,0,0,0,0,0,0,0,15000,0,0,0,15000,0,15000,15000
056386,TPK國泰99購01   ,0,0,0,0,0,0,0,0,0,15000,0,0,0,15000,0,15000,15000
056346,聯茂凱基99購02  ,0,0,0,0,0,0,0,0,0,15000,0,0,0,15000,0,15000,15000
055053,瑞昱永豐97購01  ,0,0,0,0,0,0,0,0,0,15000,0,0,0,15000,0,15000,15000
055813,聯發科國票98購04,0,0,0,0,0,0,0,0,0,15000,0,0,0,16000,1000,15000,15000
055940,致新群益98購01  ,0,0,0,0,0,0,0,0,0,15000,0,0,0,172000,157000,15000,15000
055564,茂林凱基98購01  ,0,0,0,0,0,0,0,0,0,15000,0,0,0,15000,0,15000,15000
051156,鴻海富邦97購01  ,0,0,0,0,0,0,0,0,0,15000,0,0,0,15000,0,15000,15000
051536,玉晶光國票97購01,0,0,0,0,0,0,0,0,0,15000,0,0,0,46000,31000,15000,15000
03678C,臺股指凱基01牛02,0,0,0,0,0,0,0,0,0,15000,0,0,0,35000,20000,15000,15000
054220,國巨統一97購02  ,0,0,0,0,0,0,0,0,0,15000,0,0,0,50000,35000,15000,15000
054936,鴻海元大97購10  ,0,0,0,0,0,0,0,0,0,15000,0,0,0,15000,0,15000,15000
054929,群電凱基97購01  ,0,0,0,0,0,0,0,0,0,15000,0,0,0,54000,39000,15000,15000
054930,群電凱基98購01  ,0,0,0,0,0,0,0,0,0,15000,0,0,0,65000,50000,15000,15000
054589,聯鈞國泰99購01  ,0,0,0,0,0,0,0,0,0,15000,0,0,0,15000,0,15000,15000
060498,華通元大9A購03  ,0,0,0,0,0,0,0,0,0,15000,0,0,0,50000,35000,15000,15000
060278,道瓊反元大9A購03,0,0,0,0,0,0,0,0,0,15000,0,0,0,15000,0,15000,15000
060143,台積電國票9B購03,0,0,0,0,0,0,0,0,0,15000,0,0,0,15000,0,15000,15000
060391,華擎群益9C購01  ,0,0,0,0,0,0,0,0,0,15000,0,0,0,15000,0,15000,15000
060291,高鐵元大9A購01  ,0,0,0,0,0,0,0,0,0,15000,0,0,0,20000,5000,15000,15000
059909,鴻海元大99購36  ,0,0,0,0,0,0,0,0,0,15000,0,0,0,68000,53000,15000,15000
058319,大毅永豐9A購01  ,0,0,0,0,0,0,0,0,0,15000,0,0,0,32000,17000,15000,15000
059979,台積電元大99購49,0,0,0,0,0,0,0,0,0,15000,0,0,0,50000,35000,15000,15000
060026,聯發科富邦9B購05,0,0,0,0,0,0,0,0,0,15000,0,0,0,20000,5000,15000,15000
058335,鴻海元富99購06  ,0,0,0,0,0,0,0,0,0,15000,0,0,0,33000,18000,15000,15000
058487,晶技國票9A購01  ,0,0,0,0,0,0,0,0,0,15000,0,0,0,15000,0,15000,15000
059767,矽力永豐99購01  ,0,0,0,0,0,0,0,0,0,15000,0,0,0,25000,10000,15000,15000
059058,可成凱基9B購01  ,0,0,0,0,0,0,0,0,0,15000,0,0,0,16000,1000,15000,15000
058217,新唐群益99購01  ,0,0,0,0,0,0,0,0,0,15000,0,0,0,15000,0,15000,15000
058656,燿華中信99購01  ,0,0,0,0,0,0,0,0,0,15000,0,0,0,62000,47000,15000,15000
059476,道瓊指群益9C購01,0,0,0,0,0,0,0,0,0,15000,0,0,0,15000,0,15000,15000
059521,南電永豐99購03  ,0,0,0,0,0,0,0,0,0,15000,0,0,0,25000,10000,15000,15000
05980P,台積電永昌96售09,0,0,0,0,0,0,0,0,0,15000,0,0,0,993000,978000,15000,15000
058017,漢唐凱基99購01  ,0,0,0,0,0,0,0,0,0,15000,0,0,0,15000,0,15000,15000
059853,超眾永豐99購03  ,0,0,0,0,0,0,0,0,0,15000,0,0,0,15000,0,15000,15000
07995P,臺股指麥證9C售01,0,0,0,21000,6000,15000,0,0,0,15000,0,0,0,21000,6000,15000,15000
07979P,大立光凱基9B售05,0,0,0,0,0,0,0,0,0,15000,0,0,0,15000,0,15000,15000
07414P,台積電元大99售51,0,0,0,0,0,0,0,0,0,15000,0,0,0,15000,0,15000,15000
06971P,台光電元大99售03,0,0,0,0,0,0,0,0,0,15000,0,0,0,52000,37000,15000,15000
6283,淳安            ,44000,29000,15000,0,0,0,0,0,0,0,0,0,0,0,0,0,15000
061228,聯茂中信9A購01  ,0,0,0,0,0,0,0,0,0,14000,0,0,0,20000,6000,14000,14000
061766,華新科元大9B購02,0,0,0,0,0,0,0,0,0,14000,0,0,0,14000,0,14000,14000
061852,大立光國票9B購02,0,0,0,0,0,0,0,0,0,14000,0,0,0,14000,0,14000,14000
061571,奇力新元大9A購03,0,0,0,0,0,0,0,0,0,14000,0,0,0,65000,51000,14000,14000
062146,大毅國票9B購01  ,0,0,0,0,0,0,0,0,0,14000,0,0,0,15000,1000,14000,14000
062863,聯茂國票9B購01  ,0,0,0,0,0,0,0,0,0,14000,0,0,0,42000,28000,14000,14000
054231,國巨群益98購03  ,0,0,0,0,0,0,0,0,0,14000,0,0,0,32000,18000,14000,14000
03039X,元展36          ,0,0,0,0,0,0,0,0,0,14000,0,0,0,14000,0,14000,14000
04932P,香港2X中信96售01,0,0,0,0,0,0,0,0,0,14000,0,0,0,14000,0,14000,14000
054053,聯茂元大96購01  ,0,0,0,0,0,0,0,0,0,14000,0,0,0,14000,0,14000,14000
053901,T50反1凱基99購03,0,0,0,0,0,0,0,0,0,14000,0,0,0,34000,20000,14000,14000
056214,義隆國票99購01  ,0,0,0,0,0,0,0,0,0,14000,0,0,0,14000,0,14000,14000
055225,華邦電國票99購01,0,0,0,0,0,0,0,0,0,14000,0,0,0,14000,0,14000,14000
057553,景碩凱基98購03  ,0,0,0,0,0,0,0,0,0,14000,0,0,0,14000,0,14000,14000
057239,貿聯凱基98購05  ,0,0,0,0,0,0,0,0,0,14000,0,0,0,50000,36000,14000,14000
058990,GIS凱基99購02   ,0,0,0,0,0,0,0,0,0,14000,0,0,0,14000,0,14000,14000
057060,緯穎元大98購05  ,0,0,0,0,0,0,0,0,0,14000,0,0,0,14000,0,14000,14000
057071,華擎永豐98購02  ,0,0,0,0,0,0,0,0,0,14000,0,0,0,37000,23000,14000,14000
059637,大立光凱基01購01,0,0,0,0,0,0,0,0,0,14000,0,0,0,20000,6000,14000,14000
059685,T50正2永豐99購02,0,0,0,0,0,0,0,0,0,14000,0,0,0,14000,0,14000,14000
057451,大立光元富9B購01,0,0,0,0,0,0,0,0,0,14000,0,0,0,50000,36000,14000,14000
060450,南亞元大9A購02  ,0,0,0,0,0,0,0,0,0,14000,0,0,0,64000,50000,14000,14000
06057P,大立光凱基98售01,0,0,0,0,0,0,0,0,0,14000,0,0,0,28000,14000,14000,14000
3535,晶彩科          ,307000,293000,14000,0,0,0,0,0,0,0,0,0,0,0,0,0,14000
2616,山隆            ,31000,17000,14000,0,0,0,0,0,0,0,0,0,0,0,0,0,14000
06862P,大立光凱基98售16,0,0,0,0,0,0,0,0,0,14000,0,0,0,14000,0,14000,14000
07546P,玉晶光凱基9A售09,0,0,0,0,0,0,0,0,0,14000,0,0,0,923000,909000,14000,14000
07926P,上銀統一9B售02  ,0,0,0,0,0,0,0,0,0,14000,0,0,0,50000,36000,14000,14000
07675P,全新永豐9A售02  ,0,0,0,0,0,0,0,0,0,14000,0,0,0,14000,0,14000,14000
1410,南染            ,19000,5000,14000,0,0,0,0,0,0,0,0,0,0,0,0,0,14000
062883,智易兆豐9C購01  ,0,0,0,0,0,0,0,0,0,13000,0,0,0,173000,160000,13000,13000
062718,技嘉凱基9B購01  ,0,0,0,0,0,0,0,0,0,13000,0,0,0,15000,2000,13000,13000
062574,美食群益9B購02  ,0,0,0,0,0,0,0,0,0,13000,0,0,0,28000,15000,13000,13000
062366,義隆元大9B購04  ,0,0,0,0,0,0,0,0,0,13000,0,0,0,170000,157000,13000,13000
062358,國巨元大9B購12  ,0,0,0,0,0,0,0,0,0,13000,0,0,0,13000,0,13000,13000
063042,同欣電凱基9C購01,0,0,0,0,0,0,0,0,0,13000,0,0,0,26000,13000,13000,13000
063038,富邦金凱基9B購02,0,0,0,0,0,0,0,0,0,13000,0,0,0,13000,0,13000,13000
063010,國巨元大9C購02  ,0,0,0,0,0,0,0,0,0,13000,0,0,0,13000,0,13000,13000
063230,緯穎群益9B購02  ,0,0,0,0,0,0,0,0,0,13000,0,0,0,39000,26000,13000,13000
063287,嘉澤元大9B購05  ,0,0,0,0,0,0,0,0,0,13000,0,0,0,25000,12000,13000,13000
061938,大立光國票9B購03,0,0,0,0,0,0,0,0,0,13000,0,0,0,26000,13000,13000,13000
061991,牧德元大9C購01  ,0,0,0,0,0,0,0,0,0,13000,0,0,0,77000,64000,13000,13000
061656,華新科國票9A購08,0,0,0,0,0,0,0,0,0,13000,0,0,0,14000,1000,13000,13000
061210,玉山金元大9A購02,0,0,0,0,0,0,0,0,0,13000,0,0,0,13000,0,13000,13000
061408,華新科國票9A購06,0,0,0,0,0,0,0,0,0,13000,0,0,0,15000,2000,13000,13000
061023,茂林國泰9B購02  ,0,0,0,0,0,0,0,0,0,13000,0,0,0,23000,10000,13000,13000
056518,美律國票99購01  ,0,0,0,0,0,0,0,0,0,13000,0,0,0,13000,0,13000,13000
058828,大毅永豐99購01  ,0,0,0,0,0,0,0,0,0,13000,0,0,0,13000,0,13000,13000
055830,上銀元大97購07  ,0,0,0,0,0,0,0,0,0,13000,0,0,0,14000,1000,13000,13000
053881,南亞科中信97購01,0,0,0,0,0,0,0,0,0,13000,0,0,0,13000,0,13000,13000
051570,和碩富邦97購01  ,0,0,0,0,0,0,0,0,0,13000,0,0,0,13000,0,13000,13000
03006X,元展06          ,0,0,0,0,0,0,0,0,0,13000,0,0,0,13000,0,13000,13000
008201,BP上證50        ,0,0,0,0,0,0,0,0,0,13000,0,0,0,13000,0,13000,13000
054540,泰鼎國票99購01  ,0,0,0,0,0,0,0,0,0,13000,0,0,0,19000,6000,13000,13000
056004,南電永豐97購02  ,0,0,0,0,0,0,0,0,0,13000,0,0,0,13000,0,13000,13000
059265,美律中信01購01  ,0,0,0,0,0,0,0,0,0,13000,0,0,0,13000,0,13000,13000
057171,台光電元大9B購01,0,0,0,0,0,0,0,0,0,13000,0,0,0,13000,0,13000,13000
07639P,緯穎國票9A售01  ,0,0,0,0,0,0,0,0,0,13000,0,0,0,271000,258000,13000,13000
07048P,台積電中信03售01,0,0,0,0,0,0,0,0,0,13000,0,0,0,14000,1000,13000,13000
07022P,嘉晶永豐99售02  ,0,0,0,0,0,0,0,0,0,13000,0,0,0,78000,65000,13000,13000
07034P,大立光元富99售03,0,0,0,0,0,0,0,0,0,13000,0,0,0,13000,0,13000,13000
06517P,國巨凱基98售09  ,0,0,0,0,0,0,0,0,0,13000,0,0,0,30000,17000,13000,13000
1711,永光            ,223000,210000,13000,0,0,0,0,0,0,0,0,0,0,0,0,0,13000
061429,南六元大9A購02  ,0,0,0,0,0,0,0,0,0,12000,0,0,0,187000,175000,12000,12000
061680,崇越元大9A購01  ,0,0,0,0,0,0,0,0,0,12000,0,0,0,72000,60000,12000,12000
062178,上銀元大9B購03  ,0,0,0,0,0,0,0,0,0,12000,0,0,0,17000,5000,12000,12000
062072,國巨元大9B購05  ,0,0,0,0,0,0,0,0,0,12000,0,0,0,12000,0,12000,12000
063017,台光電元大9B購07,0,0,0,0,0,0,0,0,0,12000,0,0,0,12000,0,12000,12000
062526,友達統一01購01  ,0,0,0,0,0,0,0,0,0,12000,0,0,0,26000,14000,12000,12000
054457,強茂群益96購01  ,0,0,0,0,0,0,0,0,0,12000,0,0,0,172000,160000,12000,12000
054893,帆宣統一99購01  ,0,0,0,0,0,0,0,0,0,12000,0,0,0,65000,53000,12000,12000
053081,上銀元大97購02  ,0,0,0,0,0,0,0,0,0,12000,0,0,0,12000,0,12000,12000
054016,嘉晶永豐96購04  ,0,0,0,0,0,0,0,0,0,12000,0,0,0,12000,0,12000,12000
053942,超眾國泰96購02  ,0,0,0,0,0,0,0,0,0,12000,0,0,0,15000,3000,12000,12000
054347,上緯控國票96購02,0,0,0,0,0,0,0,0,0,12000,0,0,0,374000,362000,12000,12000
054212,聯詠國票97購03  ,0,0,0,0,0,0,0,0,0,12000,0,0,0,12000,0,12000,12000
055788,緯穎凱基97購04  ,0,0,0,0,0,0,0,0,0,12000,0,0,0,32000,20000,12000,12000
056598,京元電元富98購01,0,0,0,0,0,0,0,0,0,12000,0,0,0,12000,0,12000,12000
056534,京元電凱基98購01,0,0,0,0,0,0,0,0,0,12000,0,0,0,51000,39000,12000,12000
056558,台達電群益98購01,0,0,0,0,0,0,0,0,0,12000,0,0,0,12000,0,12000,12000
055671,世紀鋼群益97購01,0,0,0,0,0,0,0,0,0,12000,0,0,0,12000,0,12000,12000
055443,台虹國票98購01  ,0,0,0,0,0,0,0,0,0,12000,0,0,0,17000,5000,12000,12000
056165,矽力凱基98購02  ,1000,0,1000,0,0,0,0,0,0,11000,0,0,0,30000,19000,11000,12000
056777,矽力元大98購02  ,0,0,0,0,0,0,0,0,0,12000,0,0,0,79000,67000,12000,12000
058959,南茂國票9A購01  ,0,0,0,0,0,0,0,0,0,12000,0,0,0,12000,0,12000,12000
058977,SGBR2X凱基03購01,0,0,0,0,0,0,0,0,0,12000,0,0,0,47000,35000,12000,12000
056312,茂林元大98購01  ,0,0,0,0,0,0,0,0,0,12000,0,0,0,12000,0,12000,12000
058273,同欣電永豐99購01,0,0,0,0,0,0,0,0,0,12000,0,0,0,12000,0,12000,12000
059038,健策群益9A購02  ,0,0,0,0,0,0,0,0,0,12000,0,0,0,148000,136000,12000,12000
059131,國巨群益99購07  ,0,0,0,0,0,0,0,0,0,12000,0,0,0,13000,1000,12000,12000
059635,華新科凱基9A購06,0,0,0,0,0,0,0,0,0,12000,0,0,0,20000,8000,12000,12000
057278,可成元大98購06  ,0,0,0,0,0,0,0,0,0,12000,0,0,0,76000,64000,12000,12000
057743,華擎永豐98購03  ,0,0,0,0,0,0,0,0,0,12000,0,0,0,22000,10000,12000,12000
060524,國巨中信9A購03  ,0,0,0,0,0,0,0,0,0,12000,0,0,0,15000,3000,12000,12000
06068P,玉晶光康和97售01,0,0,0,0,0,0,0,0,0,12000,0,0,0,32000,20000,12000,12000
060260,京鼎凱基9C購01  ,0,0,0,0,0,0,0,0,0,12000,0,0,0,39000,27000,12000,12000
058187,泰碩永豐99購01  ,0,0,0,0,0,0,0,0,0,12000,0,0,0,12000,0,12000,12000
059994,國巨元富99購01  ,0,0,0,0,0,0,0,0,0,12000,0,0,0,16000,4000,12000,12000
1733,五鼎            ,70000,61000,9000,0,0,0,0,0,0,3000,4000,1000,3000,0,0,0,12000
3591,艾笛森          ,15000,6000,9000,0,0,0,0,0,0,3000,3000,0,3000,0,0,0,12000
06545P,致茂元大98售01  ,0,0,0,0,0,0,0,0,0,12000,0,0,0,68000,56000,12000,12000
06604P,聯發科元富02售02,0,0,0,0,0,0,0,0,0,12000,0,0,0,272000,260000,12000,12000
06990P,康友元富99售03  ,0,0,0,0,0,0,0,0,0,12000,0,0,0,12000,0,12000,12000
06885P,國巨國票99售06  ,0,0,0,0,0,0,0,0,0,12000,0,0,0,35000,23000,12000,12000
062471,國泰金凱基9B購02,0,0,0,0,0,0,0,0,0,11000,0,0,0,11000,0,11000,11000
062767,GIS凱基9B購02   ,0,0,0,0,0,0,0,0,0,11000,0,0,0,25000,14000,11000,11000
063327,燿華國票9C購02  ,0,0,0,0,0,0,0,0,0,11000,0,0,0,53000,42000,11000,11000
062019,嘉澤永豐9B購01  ,0,0,0,0,0,0,0,0,0,11000,0,0,0,20000,9000,11000,11000
061937,聯發科國票9B購02,0,0,0,0,0,0,0,0,0,11000,0,0,0,28000,17000,11000,11000
061540,台積電群益9A購07,0,0,0,0,0,0,0,0,0,11000,0,0,0,57000,46000,11000,11000
061243,麗豐兆豐9A購01  ,0,0,0,0,0,0,0,0,0,11000,0,0,0,30000,19000,11000,11000
061072,南電凱基9B購01  ,0,0,0,0,0,0,0,0,0,11000,0,0,0,11000,0,11000,11000
060811,亞德客凱基9A購02,0,0,0,0,0,0,0,0,0,11000,0,0,0,53000,42000,11000,11000
060985,聯發科元大9A購06,0,0,0,0,0,0,0,0,0,11000,0,0,0,11000,0,11000,11000
058940,聯發科中信9A購03,0,0,0,0,0,0,0,0,0,11000,0,0,0,11000,0,11000,11000
058920,SGBR2X元富99購06,0,0,0,0,0,0,0,0,0,11000,0,0,0,44000,33000,11000,11000
056796,國巨麥證98購02  ,0,0,0,32000,21000,11000,0,0,0,11000,0,0,0,32000,21000,11000,11000
056715,瀚宇博永豐98購01,0,0,0,0,0,0,0,0,0,11000,0,0,0,98000,87000,11000,11000
056232,瑞儀凱基98購01  ,0,0,0,0,0,0,0,0,0,11000,0,0,0,176000,165000,11000,11000
056028,GIS群益97購02   ,0,0,0,0,0,0,0,0,0,11000,0,0,0,11000,0,11000,11000
0051,元大中型100     ,0,0,0,0,0,0,0,0,0,11000,0,0,0,18000,7000,11000,11000
051078,力山富邦97購01  ,0,0,0,0,0,0,0,0,0,11000,0,0,0,33000,22000,11000,11000
053320,華新科群益97購01,0,0,0,0,0,0,0,0,0,11000,0,0,0,20000,9000,11000,11000
052325,高股息中信99購01,0,0,0,0,0,0,0,0,0,11000,0,0,0,11000,0,11000,11000
053560,漢唐國泰98購01  ,0,0,0,0,0,0,0,0,0,11000,0,0,0,16000,5000,11000,11000
053396,漢唐中信9A購01  ,0,0,0,0,0,0,0,0,0,11000,0,0,0,11000,0,11000,11000
052614,聯電國泰97購01  ,0,0,0,0,0,0,0,0,0,11000,0,0,0,100000,89000,11000,11000
058586,鴻海中信01購02  ,0,0,0,0,0,0,0,0,0,11000,0,0,0,147000,136000,11000,11000
058334,鴻海元富99購05  ,0,0,0,0,0,0,0,0,0,11000,0,0,0,18000,7000,11000,11000
058312,大毅國泰9B購01  ,0,0,0,0,0,0,0,0,0,11000,0,0,0,41000,30000,11000,11000
059887,華新科國票99購02,0,0,0,0,0,0,0,0,0,11000,0,0,0,11000,0,11000,11000
060408,和潤國泰9C購01  ,0,0,0,0,0,0,0,0,0,11000,0,0,0,11000,0,11000,11000
057694,臺股指凱基98購12,0,0,0,0,0,0,0,0,0,11000,0,0,0,11000,0,11000,11000
057323,智邦群益98購01  ,0,0,0,0,0,0,0,0,0,11000,0,0,0,11000,0,11000,11000
059067,上銀國票9A購02  ,0,0,0,0,0,0,0,0,0,11000,0,0,0,30000,19000,11000,11000
059250,大立光凱基99購06,0,0,0,0,0,0,0,0,0,11000,0,0,0,16000,5000,11000,11000
057027,祥碩凱基98購01  ,0,0,0,0,0,0,0,0,0,11000,0,0,0,12000,1000,11000,11000
07301P,臺股指元大9A售34,0,0,0,0,0,0,0,0,0,11000,0,0,0,11000,0,11000,11000
08040P,臺股指群益9B售13,0,0,0,0,0,0,0,0,0,11000,0,0,0,63000,52000,11000,11000
3031,佰鴻            ,79000,68000,11000,0,0,0,0,0,0,0,0,0,0,0,0,0,11000
060963,禾伸堂凱基9A購01,0,0,0,0,0,0,0,0,0,10000,0,0,0,20000,10000,10000,10000
06096P,全新永豐97售02  ,0,0,0,0,0,0,0,0,0,10000,0,0,0,10000,0,10000,10000
060936,T50反1國票9A購09,0,0,0,0,0,0,0,0,0,10000,0,0,0,30000,20000,10000,10000
060912,華新科元大9A購10,0,0,0,0,0,0,0,0,0,10000,0,0,0,20000,10000,10000,10000
060895,華新科凱基9B購05,0,0,0,0,0,0,0,0,0,10000,0,0,0,20000,10000,10000,10000
060900,超眾凱基9B購01  ,0,0,0,0,0,0,0,0,0,10000,0,0,0,10000,0,10000,10000
060898,世芯凱基9A購03  ,0,0,0,0,0,0,0,0,0,10000,0,0,0,10000,0,10000,10000
060899,超眾凱基9A購01  ,0,0,0,0,0,0,0,0,0,10000,0,0,0,10000,0,10000,10000
060829,T50反1國票9A購06,0,0,0,0,0,0,0,0,0,10000,0,0,0,70000,60000,10000,10000
060852,京鼎國泰9B購01  ,0,0,0,0,0,0,0,0,0,10000,0,0,0,10000,0,10000,10000
061058,健策國票9A購05  ,0,0,0,0,0,0,0,0,0,10000,0,0,0,14000,4000,10000,10000
061039,台表科永豐9A購03,0,0,0,0,0,0,0,0,0,10000,0,0,0,10000,0,10000,10000
061026,南電富邦9B購01  ,0,0,0,0,0,0,0,0,0,10000,0,0,0,10000,0,10000,10000
06100P,台積電日盛97售03,0,0,0,0,0,0,0,0,0,10000,0,0,0,20000,10000,10000,10000
061108,臻鼎元大9A購02  ,0,0,0,0,0,0,0,0,0,10000,0,0,0,10000,0,10000,10000
061177,大立光凱基9A購10,0,0,0,0,0,0,0,0,0,10000,0,0,0,10000,0,10000,10000
061328,T50反1元大9A購12,0,0,0,0,0,0,0,0,0,10000,0,0,0,10000,0,10000,10000
061410,緯穎國票9A購03  ,0,0,0,0,0,0,0,0,0,10000,0,0,0,14000,4000,10000,10000
061463,智邦群益9A購02  ,0,0,0,0,0,0,0,0,0,10000,0,0,0,103000,93000,10000,10000
061488,奇力新兆豐9A購01,0,0,0,0,0,0,0,0,0,10000,0,0,0,20000,10000,10000,10000
061506,瑞祺國票9A購02  ,0,0,0,0,0,0,0,0,0,10000,0,0,0,10000,0,10000,10000
061522,元黃金凱基01購01,0,0,0,0,0,0,0,0,0,10000,0,0,0,10000,0,10000,10000
061575,華新科元大9A購20,0,0,0,0,0,0,0,0,0,10000,0,0,0,10000,0,10000,10000
061649,緯穎元大9A購06  ,0,0,0,0,0,0,0,0,0,10000,0,0,0,10000,0,10000,10000
061810,S&P反1群益9B購02,0,0,0,0,0,0,0,0,0,10000,0,0,0,10000,0,10000,10000
061802,勤誠永豐9B購01  ,0,0,0,0,0,0,0,0,0,10000,0,0,0,10000,0,10000,10000
061925,禾伸堂凱基9C購01,0,0,0,0,0,0,0,0,0,10000,0,0,0,10000,0,10000,10000
061875,華新科元大9B購03,0,0,0,0,0,0,0,0,0,10000,0,0,0,10000,0,10000,10000
061881,緯穎元大9B購02  ,0,0,0,0,0,0,0,0,0,10000,0,0,0,10000,0,10000,10000
061897,泰碩永豐9B購01  ,0,0,0,0,0,0,0,0,0,10000,0,0,0,10000,0,10000,10000
061998,緯穎元大9B購03  ,0,0,0,0,0,0,0,0,0,10000,0,0,0,10000,0,10000,10000
061965,台積電統一02購02,0,0,0,0,0,0,0,0,0,10000,0,0,0,10000,0,10000,10000
062095,旺宏富邦9C購03  ,0,0,0,0,0,0,0,0,0,10000,0,0,0,10000,0,10000,10000
062081,華新科元大9B購06,0,0,0,0,0,0,0,0,0,10000,0,0,0,10000,0,10000,10000
062122,國巨統一02購01  ,0,0,0,0,0,0,0,0,0,10000,0,0,0,10000,0,10000,10000
062196,聯發科中信01購02,0,0,0,0,0,0,0,0,0,10000,0,0,0,50000,40000,10000,10000
06327P,台積電中信01售01,0,0,0,0,0,0,0,0,0,10000,0,0,0,20000,10000,10000,10000
063305,亞光凱基9B購01  ,0,0,0,0,0,0,0,0,0,10000,0,0,0,10000,0,10000,10000
06424P,大成鋼永豐97售01,0,0,0,0,0,0,0,0,0,10000,0,0,0,10000,0,10000,10000
062958,長榮航麥證9B購01,0,0,0,10000,0,10000,0,0,0,10000,0,0,0,10000,0,10000,10000
062936,鴻海凱基9B購07  ,0,0,0,0,0,0,0,0,0,10000,0,0,0,40000,30000,10000,10000
062799,聯發科統一9C購09,0,0,0,0,0,0,0,0,0,10000,0,0,0,11000,1000,10000,10000
062867,東元中信9B購01  ,0,0,0,0,0,0,0,0,0,10000,0,0,0,81000,71000,10000,10000
062579,華通統一01購02  ,0,0,0,0,0,0,0,0,0,10000,0,0,0,10000,0,10000,10000
062723,聯發科凱基9B購09,0,0,0,0,0,0,0,0,0,10000,0,0,0,25000,15000,10000,10000
062476,神隆國票9B購01  ,0,0,0,0,0,0,0,0,0,10000,0,0,0,10000,0,10000,10000
062512,美食國票9B購01  ,0,0,0,0,0,0,0,0,0,10000,0,0,0,10000,0,10000,10000
062514,玉晶光國票9C購02,0,0,0,0,0,0,0,0,0,10000,0,0,0,10000,0,10000,10000
062301,聯詠中信05購01  ,0,0,0,0,0,0,0,0,0,10000,0,0,0,10000,0,10000,10000
062338,鴻海麥證9B購01  ,0,0,0,10000,0,10000,0,0,0,10000,0,0,0,10000,0,10000,10000
052705,超眾國票97購01  ,0,0,0,0,0,0,0,0,0,10000,0,0,0,10000,0,10000,10000
054862,群光群益97購01  ,0,0,0,0,0,0,0,0,0,10000,0,0,0,10000,0,10000,10000
052895,台積電群益96購04,0,0,0,0,0,0,0,0,0,10000,0,0,0,10000,0,10000,10000
052476,台光電群益98購01,0,0,0,0,0,0,0,0,0,10000,0,0,0,10000,0,10000,10000
052354,健策群益96購02  ,0,0,0,0,0,0,0,0,0,10000,0,0,0,10000,0,10000,10000
054478,可成中信97購01  ,0,0,0,0,0,0,0,0,0,10000,0,0,0,10000,0,10000,10000
054699,復盛永豐97購01  ,0,0,0,0,0,0,0,0,0,10000,0,0,0,10000,0,10000,10000
054684,裕隆永豐97購01  ,0,0,0,0,0,0,0,0,0,10000,0,0,0,10000,0,10000,10000
053366,樺漢國泰98購01  ,0,0,0,0,0,0,0,0,0,10000,0,0,0,10000,0,10000,10000
053339,友達國票97購02  ,0,0,0,0,0,0,0,0,0,10000,0,0,0,10000,0,10000,10000
053451,致新凱基96購02  ,0,0,0,0,0,0,0,0,0,10000,0,0,0,10000,0,10000,10000
052739,國巨元大96購04  ,0,0,0,0,0,0,0,0,0,10000,0,0,0,10000,0,10000,10000
053806,鎧勝凱基96購02  ,0,0,0,0,0,0,0,0,0,10000,0,0,0,10000,0,10000,10000
052220,T50反1凱基98購01,0,0,0,0,0,0,0,0,0,10000,0,0,0,10000,0,10000,10000
052229,奇力新凱基96購01,0,0,0,0,0,0,0,0,0,10000,0,0,0,10000,0,10000,10000
052237,嘉澤國票96購02  ,0,0,0,0,0,0,0,0,0,10000,0,0,0,10000,0,10000,10000
053276,友達元大9C購01  ,0,0,0,0,0,0,0,0,0,10000,0,0,0,10000,0,10000,10000
053083,中環元大99購01  ,0,0,0,0,0,0,0,0,0,10000,0,0,0,10000,0,10000,10000
05152P,玉晶光群益96售05,0,0,0,0,0,0,0,0,0,10000,0,0,0,10000,0,10000,10000
05160P,國巨國票96售03  ,0,0,0,0,0,0,0,0,0,10000,0,0,0,10000,0,10000,10000
045053,聯發科元富98購01,0,0,0,0,0,0,0,0,0,10000,0,0,0,10000,0,10000,10000
051731,聯電國票96購02  ,0,0,0,0,0,0,0,0,0,10000,0,0,0,10000,0,10000,10000
050601,台表科國泰96購01,0,0,0,0,0,0,0,0,0,10000,0,0,0,10000,0,10000,10000
050515,聯電元大96購01  ,0,0,0,0,0,0,0,0,0,10000,0,0,0,100000,90000,10000,10000
050485,國巨統一96購01  ,0,0,0,0,0,0,0,0,0,10000,0,0,0,310000,300000,10000,10000
050334,鴻海國泰96購07  ,0,0,0,0,0,0,0,0,0,10000,0,0,0,45000,35000,10000,10000
054254,晶豪科元大96購02,0,0,0,0,0,0,0,0,0,10000,0,0,0,10000,0,10000,10000
050161,鴻海國泰96購03  ,0,0,0,0,0,0,0,0,0,10000,0,0,0,10000,0,10000,10000
048848,滬深2X群益98購02,0,0,0,0,0,0,0,0,0,10000,0,0,0,10000,0,10000,10000
048751,京鼎元富96購01  ,0,0,0,0,0,0,0,0,0,10000,0,0,0,10000,0,10000,10000
04788P,台積電永昌96售05,0,0,0,0,0,0,0,0,0,10000,0,0,0,10000,0,10000,10000
046629,群創統一98購01  ,0,0,0,0,0,0,0,0,0,10000,0,0,0,10000,0,10000,10000
054354,技嘉富邦97購01  ,0,0,0,0,0,0,0,0,0,10000,0,0,0,10000,0,10000,10000
053861,台光電元大98購01,0,0,0,0,0,0,0,0,0,10000,0,0,0,10000,0,10000,10000
054002,GIS群益96購03   ,0,0,0,0,0,0,0,0,0,10000,0,0,0,10000,0,10000,10000
054020,技嘉台新97購01  ,0,0,0,0,0,0,0,0,0,10000,0,0,0,10000,0,10000,10000
054111,緯穎凱基97購01  ,0,0,0,0,0,0,0,0,0,10000,0,0,0,10000,0,10000,10000
054078,鴻海中信98購01  ,0,0,0,0,0,0,0,0,0,10000,0,0,0,10000,0,10000,10000
056079,世紀鋼元大97購02,0,0,0,0,0,0,0,0,0,10000,0,0,0,10000,0,10000,10000
056086,奇力新統一98購01,0,0,0,0,0,0,0,0,0,10000,0,0,0,10000,0,10000,10000
056150,台光電凱基98購02,0,0,0,0,0,0,0,0,0,10000,0,0,0,10000,0,10000,10000
056718,GIS永豐98購01   ,0,0,0,0,0,0,0,0,0,10000,0,0,0,10000,0,10000,10000
05678P,群創群益97售01  ,0,0,0,0,0,0,0,0,0,10000,0,0,0,10000,0,10000,10000
056908,牧德元大99購03  ,0,0,0,0,0,0,0,0,0,10000,0,0,0,10000,0,10000,10000
055414,奇力新富邦9B購01,0,0,0,0,0,0,0,0,0,10000,0,0,0,10000,0,10000,10000
055597,禾伸堂元大98購02,0,0,0,0,0,0,0,0,0,10000,0,0,0,10000,0,10000,10000
055568,緯穎凱基97購02  ,0,0,0,0,0,0,0,0,0,10000,0,0,0,16000,6000,10000,10000
055551,致茂凱基98購01  ,0,0,0,0,0,0,0,0,0,10000,0,0,0,10000,0,10000,10000
055535,緯創群益98購01  ,0,0,0,0,0,0,0,0,0,10000,0,0,0,10000,0,10000,10000
055863,緯穎元大97購05  ,0,0,0,0,0,0,0,0,0,10000,0,0,0,10000,0,10000,10000
055748,GIS元富97購01   ,0,0,0,0,0,0,0,0,0,10000,0,0,0,10000,0,10000,10000
055785,祥碩凱基97購02  ,0,0,0,0,0,0,0,0,0,10000,0,0,0,10000,0,10000,10000
055702,美律富邦98購01  ,0,0,0,0,0,0,0,0,0,10000,0,0,0,10000,0,10000,10000
058944,元石油群益9C購02,0,0,0,0,0,0,0,0,0,10000,0,0,0,10000,0,10000,10000
058939,台積電中信9B購01,0,0,0,0,0,0,0,0,0,10000,0,0,0,10000,0,10000,10000
058849,奇力新群益99購02,0,0,0,0,0,0,0,0,0,10000,0,0,0,10000,0,10000,10000
058839,瑞儀中信99購02  ,0,0,0,0,0,0,0,0,0,10000,0,0,0,25000,15000,10000,10000
058789,喬山元大99購02  ,0,0,0,0,0,0,0,0,0,10000,0,0,0,10000,0,10000,10000
058719,智邦元富99購01  ,0,0,0,0,0,0,0,0,0,10000,0,0,0,10000,0,10000,10000
058735,南茂永豐99購01  ,0,0,0,0,0,0,0,0,0,10000,0,0,0,20000,10000,10000,10000
055316,上銀國票98購01  ,0,0,0,0,0,0,0,0,0,10000,0,0,0,10000,0,10000,10000
057848,台表科永豐98購02,0,0,0,0,0,0,0,0,0,10000,0,0,0,10000,0,10000,10000
057849,南茂永豐98購02  ,0,0,0,0,0,0,0,0,0,10000,0,0,0,10000,0,10000,10000
056357,台積電元大9A購01,0,0,0,0,0,0,0,0,0,10000,0,0,0,10000,0,10000,10000
056361,美律元大99購02  ,0,0,0,0,0,0,0,0,0,10000,0,0,0,10000,0,10000,10000
05511P,T50反1台新06售01,0,0,0,0,0,0,0,0,0,10000,0,0,0,20000,10000,10000,10000
056297,台光電元大97購04,0,0,0,0,0,0,0,0,0,10000,0,0,0,10000,0,10000,10000
055490,台光電元大97購01,0,0,0,0,0,0,0,0,0,10000,0,0,0,10000,0,10000,10000
055456,上銀富邦99購01  ,0,0,0,0,0,0,0,0,0,10000,0,0,0,10000,0,10000,10000
055258,玉晶光統一97購03,0,0,0,0,0,0,0,0,0,10000,0,0,0,10000,0,10000,10000
055291,京鼎元大97購02  ,0,0,0,0,0,0,0,0,0,10000,0,0,0,52000,42000,10000,10000
055217,緯創凱基97購02  ,0,0,0,0,0,0,0,0,0,10000,0,0,0,10000,0,10000,10000
055239,帆宣台新97購01  ,0,0,0,0,0,0,0,0,0,10000,0,0,0,10000,0,10000,10000
056433,鴻海凱基98購09  ,0,0,0,0,0,0,0,0,0,10000,0,0,0,24000,14000,10000,10000
057080,華新科統一99購02,0,0,0,0,0,0,0,0,0,10000,0,0,0,10000,0,10000,10000
057100,國巨中信9A購02  ,0,0,0,0,0,0,0,0,0,10000,0,0,0,10000,0,10000,10000
058216,TPK群益99購01   ,0,0,0,0,0,0,0,0,0,10000,0,0,0,13000,3000,10000,10000
058257,聯陽國泰9B購01  ,0,0,0,0,0,0,0,0,0,10000,0,0,0,10000,0,10000,10000
057220,鈺齊群益98購01  ,0,0,0,0,0,0,0,0,0,10000,0,0,0,10000,0,10000,10000
057913,健策日盛98購01  ,0,0,0,0,0,0,0,0,0,10000,0,0,0,10000,0,10000,10000
059248,華新科凱基99購04,0,0,0,0,0,0,0,0,0,10000,0,0,0,10000,0,10000,10000
059054,國巨凱基99購11  ,0,0,0,0,0,0,0,0,0,10000,0,0,0,10000,0,10000,10000
059047,元油2X凱基9A購10,0,0,0,0,0,0,0,0,0,10000,0,0,0,227000,217000,10000,10000
059611,台積電永豐99購05,0,0,0,0,0,0,0,0,0,10000,0,0,0,30000,20000,10000,10000
057013,聯發科麥證98購01,0,0,0,10000,0,10000,0,0,0,10000,0,0,0,10000,0,10000,10000
059572,華新科凱基99購08,0,0,0,0,0,0,0,0,0,10000,0,0,0,10000,0,10000,10000
056936,禾伸堂元富98購01,0,0,0,0,0,0,0,0,0,10000,0,0,0,10000,0,10000,10000
05693P,滬深2X凱基98售02,0,0,0,0,0,0,0,0,0,10000,0,0,0,10000,0,10000,10000
057994,技嘉中信98購01  ,0,0,0,0,0,0,0,0,0,10000,0,0,0,14000,4000,10000,10000
059528,華新科凱基99購06,0,0,0,0,0,0,0,0,0,10000,0,0,0,10000,0,10000,10000
059532,華新科凱基9B購03,0,0,0,0,0,0,0,0,0,10000,0,0,0,20000,10000,10000,10000
059534,國泰金凱基99購01,0,0,0,0,0,0,0,0,0,10000,0,0,0,25000,15000,10000,10000
059535,玉山金凱基99購01,0,0,0,0,0,0,0,0,0,10000,0,0,0,10000,0,10000,10000
059541,T50正2康和99購01,0,0,0,0,0,0,0,0,0,10000,0,0,0,10000,0,10000,10000
059569,旺宏凱基99購09  ,0,0,0,0,0,0,0,0,0,10000,0,0,0,10000,0,10000,10000
059471,華新科元大99購17,0,0,0,0,0,0,0,0,0,10000,0,0,0,10000,0,10000,10000
059339,上銀凱基99購06  ,0,0,0,0,0,0,0,0,0,10000,0,0,0,10000,0,10000,10000
059303,國巨兆豐99購04  ,0,0,0,0,0,0,0,0,0,10000,0,0,0,10000,0,10000,10000
059278,群創元大9A購04  ,0,0,0,0,0,0,0,0,0,10000,0,0,0,10000,0,10000,10000
059345,禾伸堂凱基99購03,0,0,0,0,0,0,0,0,0,10000,0,0,0,10000,0,10000,10000
057677,臺股指元大98購07,0,0,0,0,0,0,0,0,0,10000,0,0,0,10000,0,10000,10000
057799,世紀鋼兆豐98購01,0,0,0,0,0,0,0,0,0,10000,0,0,0,30000,20000,10000,10000
059861,聯發科群益9A購01,0,0,0,0,0,0,0,0,0,10000,0,0,0,10000,0,10000,10000
057494,玉晶光元大99購09,0,0,0,0,0,0,0,0,0,10000,0,0,0,13000,3000,10000,10000
058041,FBVIX元大98購02 ,0,0,0,0,0,0,0,0,0,10000,0,0,0,10000,0,10000,10000
059827,晶技凱基99購03  ,0,0,0,0,0,0,0,0,0,10000,0,0,0,10000,0,10000,10000
060459,鴻海元大9A購07  ,0,0,0,0,0,0,0,0,0,10000,0,0,0,10000,0,10000,10000
060371,A50正2元富01購01,0,0,0,0,0,0,0,0,0,10000,0,0,0,10000,0,10000,10000
06035P,同欣電凱基96售03,0,0,0,0,0,0,0,0,0,10000,0,0,0,10000,0,10000,10000
060279,SP黃豆元大9A購01,0,0,0,0,0,0,0,0,0,10000,0,0,0,10000,0,10000,10000
060155,友訊永豐9A購01  ,0,0,0,0,0,0,0,0,0,10000,0,0,0,68000,58000,10000,10000
060072,國巨元富99購04  ,0,0,0,0,0,0,0,0,0,10000,0,0,0,50000,40000,10000,10000
060075,台積電元富99購05,0,0,0,0,0,0,0,0,0,10000,0,0,0,20000,10000,10000,10000
060091,技嘉元大99購03  ,0,0,0,0,0,0,0,0,0,10000,0,0,0,30000,20000,10000,10000
060795,世芯永豐9A購02  ,0,0,0,0,0,0,0,0,0,10000,0,0,0,10000,0,10000,10000
060796,世芯永豐9A購03  ,0,0,0,0,0,0,0,0,0,10000,0,0,0,68000,58000,10000,10000
060521,鴻海中信01購03  ,0,0,0,0,0,0,0,0,0,10000,0,0,0,10000,0,10000,10000
060548,友達凱基9B購03  ,0,0,0,0,0,0,0,0,0,10000,0,0,0,20000,10000,10000,10000
059904,A50正2元大9C購05,0,0,0,0,0,0,0,0,0,10000,0,0,0,10000,0,10000,10000
059868,台光電凱基99購03,0,0,0,0,0,0,0,0,0,10000,0,0,0,16000,6000,10000,10000
057461,國巨永豐98購07  ,0,0,0,0,0,0,0,0,0,10000,0,0,0,20000,10000,10000,10000
057437,可成國票99購01  ,0,0,0,0,0,0,0,0,0,10000,0,0,0,10000,0,10000,10000
058204,世芯凱基9A購01  ,0,0,0,0,0,0,0,0,0,10000,0,0,0,13000,3000,10000,10000
058184,鴻海永豐99購01  ,0,0,0,0,0,0,0,0,0,10000,0,0,0,10000,0,10000,10000
05814P,臺股指國票96售07,0,0,0,0,0,0,0,0,0,10000,0,0,0,10000,0,10000,10000
057373,大立光元大98購17,0,0,0,0,0,0,0,0,0,10000,0,0,0,10000,0,10000,10000
05991P,聯茂群益96售05  ,0,0,0,0,0,0,0,0,0,10000,0,0,0,10000,0,10000,10000
057340,玉晶光元富98購04,0,0,0,0,0,0,0,0,0,10000,0,0,0,10000,0,10000,10000
058444,國巨富邦9B購01  ,0,0,0,0,0,0,0,0,0,10000,0,0,0,10000,0,10000,10000
05847P,大立光元大96售08,0,0,0,0,0,0,0,0,0,10000,0,0,0,10000,0,10000,10000
059964,元金2X凱基99購02,0,0,0,0,0,0,0,0,0,10000,0,0,0,10000,0,10000,10000
059974,臺指反元大9C購05,0,0,0,0,0,0,0,0,0,10000,0,0,0,10000,0,10000,10000
05998P,台積電元大97售12,0,0,0,0,0,0,0,0,0,10000,0,0,0,10000,0,10000,10000
059987,大立光元大99購28,0,0,0,0,0,0,0,0,0,10000,0,0,0,10000,0,10000,10000
060056,大立光凱基9B購01,0,0,0,0,0,0,0,0,0,10000,0,0,0,20000,10000,10000,10000
060049,華通凱基99購06  ,0,0,0,0,0,0,0,0,0,10000,0,0,0,20000,10000,10000,10000
3321,同泰            ,78000,68000,10000,0,0,0,0,0,0,0,0,0,0,0,0,0,10000
4919,新唐            ,615000,669000,-54000,0,0,0,0,0,0,64000,0,0,0,71000,7000,64000,10000
2020,美亞            ,316000,306000,10000,0,0,0,0,0,0,0,0,0,0,0,0,0,10000
08076P,國巨群益9C售05  ,0,0,0,0,0,0,0,0,0,10000,0,0,0,10000,0,10000,10000
08087P,聯發科凱基9B售12,0,0,0,0,0,0,0,0,0,10000,0,0,0,10000,0,10000,10000
08090P,嘉澤統一9B售01  ,0,0,0,0,0,0,0,0,0,10000,0,0,0,30000,20000,10000,10000
08173P,金像電凱基9B售02,0,0,0,0,0,0,0,0,0,10000,0,0,0,12000,2000,10000,10000
07587P,台灣50國票9A售11,0,0,0,0,0,0,0,0,0,10000,0,0,0,10000,0,10000,10000
07780P,美律凱基9A售02  ,0,0,0,0,0,0,0,0,0,10000,0,0,0,43000,33000,10000,10000
07930P,聯發科統一9B售06,0,0,0,0,0,0,0,0,0,10000,0,0,0,10000,0,10000,10000
07941P,國巨凱基9B售07  ,0,0,0,0,0,0,0,0,0,10000,0,0,0,10000,0,10000,10000
07854P,台積電凱基9A售28,0,0,0,0,0,0,0,0,0,10000,0,0,0,10000,0,10000,10000
07378P,大立光元大99售29,0,0,0,0,0,0,0,0,0,10000,0,0,0,10000,0,10000,10000
07400P,國巨凱基99售20  ,0,0,0,0,0,0,0,0,0,10000,0,0,0,10000,0,10000,10000
07539P,玉山金台新9A售01,0,0,0,0,0,0,0,0,0,10000,0,0,0,10000,0,10000,10000
07521P,台積電中信01售05,0,0,0,0,0,0,0,0,0,10000,0,0,0,10000,0,10000,10000
07443P,鴻海凱基9A售18  ,0,0,0,0,0,0,0,0,0,10000,0,0,0,10000,0,10000,10000
07068P,欣興台新99售01  ,0,0,0,0,0,0,0,0,0,10000,0,0,0,10000,0,10000,10000
07133P,臺股指元大9A售27,0,0,0,0,0,0,0,0,0,10000,0,0,0,40000,30000,10000,10000
07143P,FBVIX元大99售02 ,0,0,0,0,0,0,0,0,0,10000,0,0,0,10000,0,10000,10000
07138P,台灣50群益9B售04,0,0,0,0,0,0,0,0,0,10000,0,0,0,10000,0,10000,10000
07165P,臺股指群益99售16,0,0,0,0,0,0,0,0,0,10000,0,0,0,10000,0,10000,10000
07229P,T50正2群益9A售01,0,0,0,0,0,0,0,0,0,10000,0,0,0,10000,0,10000,10000
06886P,旺宏元大99售07  ,0,0,0,0,0,0,0,0,0,10000,0,0,0,20000,10000,10000,10000
06915P,晶技元富98售02  ,0,0,0,0,0,0,0,0,0,10000,0,0,0,10000,0,10000,10000
07015P,國巨元大99售13  ,0,0,0,0,0,0,0,0,0,10000,0,0,0,10000,0,10000,10000
06970P,旺宏元大99售08  ,0,0,0,0,0,0,0,0,0,10000,0,0,0,10000,0,10000,10000
06946P,T50正2元大9C售01,0,0,0,0,0,0,0,0,0,10000,0,0,0,38000,28000,10000,10000
06777P,鴻海元大99售06  ,0,0,0,0,0,0,0,0,0,10000,0,0,0,10000,0,10000,10000
06611P,祥碩國票98售01  ,0,0,0,0,0,0,0,0,0,10000,0,0,0,55000,45000,10000,10000
06709P,臺股指台新99售06,0,0,0,0,0,0,0,0,0,10000,0,0,0,20000,10000,10000,10000
06660P,大立光富邦9B售03,0,0,0,0,0,0,0,0,0,10000,0,0,0,10000,0,10000,10000
062317,祥碩凱基9B購03  ,0,0,0,0,0,0,0,0,0,9000,0,0,0,37000,28000,9000,9000
062860,華擎國票9B購02  ,0,0,0,0,0,0,0,0,0,9000,0,0,0,16000,7000,9000,9000
062828,聯詠群益9B購02  ,0,0,0,0,0,0,0,0,0,9000,0,0,0,61000,52000,9000,9000
062745,聯詠永豐9B購01  ,0,0,0,0,0,0,0,0,0,9000,0,0,0,28000,19000,9000,9000
063068,聯發科國泰01購03,0,0,0,0,0,0,0,0,0,9000,0,0,0,29000,20000,9000,9000
062091,世紀鋼元大9B購01,0,0,0,0,0,0,0,0,0,9000,0,0,0,501000,492000,9000,9000
062042,台勝科凱基9C購01,0,0,0,0,0,0,0,0,0,9000,0,0,0,90000,81000,9000,9000
061318,智邦凱基9B購01  ,0,0,0,0,0,0,0,0,0,9000,0,0,0,252000,243000,9000,9000
061284,友達統一9C購01  ,0,0,0,0,0,0,0,0,0,9000,0,0,0,19000,10000,9000,9000
061282,台積電統一9C購06,0,0,0,0,0,0,0,0,0,9000,0,0,0,9000,0,9000,9000
061267,玉山金凱基9B購01,0,0,0,0,0,0,0,0,0,9000,0,0,0,10000,1000,9000,9000
061105,宏達電元大9A購04,0,0,0,0,0,0,0,0,0,9000,0,0,0,94000,85000,9000,9000
061015,旺宏麥證9A購03  ,0,0,0,16000,7000,9000,0,0,0,9000,0,0,0,16000,7000,9000,9000
055705,微星永豐97購01  ,0,0,0,0,0,0,0,0,0,9000,0,0,0,69000,60000,9000,9000
055649,華新科元富97購03,0,0,0,0,0,0,0,0,0,9000,0,0,0,109000,100000,9000,9000
055652,聯詠元富01購01  ,0,0,0,0,0,0,0,0,0,9000,0,0,0,34000,25000,9000,9000
05395P,旺宏元大96售06  ,0,0,0,0,0,0,0,0,0,9000,0,0,0,9000,0,9000,9000
054418,茂林元大97購01  ,0,0,0,0,0,0,0,0,0,9000,0,0,0,9000,0,9000,9000
03433B,臺股指元大9C熊01,0,0,0,0,0,0,0,0,0,9000,0,0,0,11000,2000,9000,9000
020008,元大特股高息N   ,0,0,0,0,0,0,0,0,0,9000,0,0,0,10000,1000,9000,9000
051721,玉晶光永豐96購02,0,0,0,0,0,0,0,0,0,9000,0,0,0,10000,1000,9000,9000
051659,力山國泰97購01  ,0,0,0,0,0,0,0,0,0,9000,0,0,0,14000,5000,9000,9000
052768,泰鼎群益96購01  ,0,0,0,0,0,0,0,0,0,9000,0,0,0,9000,0,9000,9000
054556,世芯凱基99購01  ,0,0,0,0,0,0,0,0,0,9000,0,0,0,10000,1000,9000,9000
052969,建準群益97購01  ,0,0,0,0,0,0,0,0,0,9000,0,0,0,9000,0,9000,9000
059935,國巨永豐99購07  ,0,0,0,0,0,0,0,0,0,9000,0,0,0,9000,0,9000,9000
059921,大立光元大99購24,0,0,0,0,0,0,0,0,0,9000,0,0,0,78000,69000,9000,9000
059925,可成國泰9B購01  ,0,0,0,0,0,0,0,0,0,9000,0,0,0,10000,1000,9000,9000
060649,國巨第一9A購01  ,0,0,0,0,0,0,0,0,0,9000,0,0,0,24000,15000,9000,9000
060692,鴻海麥證9A購01  ,0,0,0,9000,0,9000,0,0,0,9000,0,0,0,9000,0,9000,9000
059783,旺宏元大99購17  ,0,0,0,0,0,0,0,0,0,9000,0,0,0,20000,11000,9000,9000
057808,旺宏元大99購05  ,0,0,0,0,0,0,0,0,0,9000,0,0,0,10000,1000,9000,9000
059705,華新科凱基9A購07,0,0,0,0,0,0,0,0,0,9000,0,0,0,12000,3000,9000,9000
059740,瑞昱元富99購02  ,0,0,0,0,0,0,0,0,0,9000,0,0,0,22000,13000,9000,9000
059154,可成日盛99購02  ,0,0,0,0,0,0,0,0,0,9000,0,0,0,9000,0,9000,9000
059262,致茂中信01購01  ,0,0,0,0,0,0,0,0,0,9000,0,0,0,35000,26000,9000,9000
059189,國泰金富邦9B購01,0,0,0,0,0,0,0,0,0,9000,0,0,0,10000,1000,9000,9000
059162,國巨凱基99購12  ,0,0,0,0,0,0,0,0,0,9000,0,0,0,10000,1000,9000,9000
058999,台積電元大99購24,0,0,0,0,0,0,0,0,0,9000,0,0,0,9000,0,9000,9000
058994,道瓊指元大99購01,0,0,0,0,0,0,0,0,0,9000,0,0,0,9000,0,9000,9000
06901P,亞德客凱基98售02,0,0,0,0,0,0,0,0,0,9000,0,0,0,16000,7000,9000,9000
07256P,臺股指凱基99售36,0,0,0,0,0,0,0,0,0,9000,0,0,0,9000,0,9000,9000
07065P,臺股指元大9A售26,0,0,0,0,0,0,0,0,0,9000,0,0,0,11000,2000,9000,9000
4722,國精化          ,28000,19000,9000,0,0,0,0,0,0,0,0,0,0,0,0,0,9000
2712,遠雄來          ,28000,19000,9000,0,0,0,0,0,0,0,0,0,0,0,0,0,9000
8222,寶一            ,21000,12000,9000,0,0,0,0,0,0,0,0,0,0,0,0,0,9000
061330,T50反1元大9A購14,0,0,0,0,0,0,0,0,0,8000,0,0,0,8000,0,8000,8000
06119P,大立光凱基98售04,0,0,0,0,0,0,0,0,0,8000,0,0,0,8000,0,8000,8000
061246,玉晶光群益9A購08,0,0,0,0,0,0,0,0,0,8000,0,0,0,25000,17000,8000,8000
061462,國巨群益9A購11  ,0,0,0,0,0,0,0,0,0,8000,0,0,0,8000,0,8000,8000
062023,寶成永豐9B購01  ,0,0,0,0,0,0,0,0,0,8000,0,0,0,21000,13000,8000,8000
061831,智邦凱基9B購02  ,0,0,0,0,0,0,0,0,0,8000,0,0,0,23000,15000,8000,8000
06175P,台積電元大97售21,0,0,0,0,0,0,0,0,0,8000,0,0,0,10000,2000,8000,8000
061599,元金反中信9C購01,0,0,0,0,0,0,0,0,0,8000,0,0,0,10000,2000,8000,8000
062853,大毅永豐9B購03  ,0,0,0,0,0,0,0,0,0,8000,0,0,0,10000,2000,8000,8000
062858,微星國票9B購01  ,0,0,0,0,0,0,0,0,0,8000,0,0,0,157000,149000,8000,8000
062680,微星統一01購01  ,0,0,0,0,0,0,0,0,0,8000,0,0,0,164000,156000,8000,8000
062589,友達統一9C購03  ,0,0,0,0,0,0,0,0,0,8000,0,0,0,16000,8000,8000,8000
062597,世紀鋼統一01購01,0,0,0,0,0,0,0,0,0,8000,0,0,0,480000,472000,8000,8000
062433,上銀元大9B購05  ,0,0,0,0,0,0,0,0,0,8000,0,0,0,8000,0,8000,8000
062410,台積電第一9B購02,0,0,0,0,0,0,0,0,0,8000,0,0,0,10000,2000,8000,8000
054178,中磊台新97購01  ,0,0,0,0,0,0,0,0,0,8000,0,0,0,558000,550000,8000,8000
051381,玉晶光群益98購01,0,0,0,0,0,0,0,0,0,8000,0,0,0,10000,2000,8000,8000
051193,新日興兆豐96購01,0,0,0,0,0,0,0,0,0,8000,0,0,0,10000,2000,8000,8000
03649C,T50反1凱基99牛05,0,0,0,0,0,0,0,0,0,8000,0,0,0,8000,0,8000,8000
00713,元大台灣高息低波,1000,10000,-9000,0,0,0,0,0,0,17000,0,0,0,26000,9000,17000,8000
055695,大毅國票98購03  ,0,0,0,0,0,0,0,0,0,8000,0,0,0,8000,0,8000,8000
056200,大毅永豐98購01  ,0,0,0,0,0,0,0,0,0,8000,0,0,0,10000,2000,8000,8000
056396,祥碩永豐98購01  ,0,0,0,0,0,0,0,0,0,8000,0,0,0,56000,48000,8000,8000
056512,易華電永豐98購01,0,0,0,0,0,0,0,0,0,8000,0,0,0,39000,31000,8000,8000
055489,瑞昱元大97購02  ,0,0,0,0,0,0,0,0,0,8000,0,0,0,8000,0,8000,8000
055058,大毅永豐97購01  ,0,0,0,0,0,0,0,0,0,8000,0,0,0,50000,42000,8000,8000
058907,健策元大99購04  ,0,0,0,0,0,0,0,0,0,8000,0,0,0,18000,10000,8000,8000
058262,大立光富邦9C購02,0,0,0,0,0,0,0,0,0,8000,0,0,0,16000,8000,8000,8000
057072,日月光永豐98購01,0,0,0,0,0,0,0,0,0,8000,0,0,0,45000,37000,8000,8000
057162,上銀元大98購03  ,0,0,0,0,0,0,0,0,0,8000,0,0,0,17000,9000,8000,8000
057149,京鼎國票99購02  ,0,0,0,0,0,0,0,0,0,8000,0,0,0,106000,98000,8000,8000
058659,力成中信99購01  ,0,0,0,0,0,0,0,0,0,8000,0,0,0,8000,0,8000,8000
059266,緯創中信01購01  ,0,0,0,0,0,0,0,0,0,8000,0,0,0,20000,12000,8000,8000
059122,超眾永豐99購01  ,0,0,0,0,0,0,0,0,0,8000,0,0,0,8000,0,8000,8000
059680,台積電國泰9A購03,0,0,0,0,0,0,0,0,0,8000,0,0,0,332000,324000,8000,8000
057646,玉山金元大98購01,0,0,0,0,0,0,0,0,0,8000,0,0,0,59000,51000,8000,8000
057618,台光電凱基99購01,0,0,0,0,0,0,0,0,0,8000,0,0,0,11000,3000,8000,8000
060722,矽格永豐9A購01  ,0,0,0,0,0,0,0,0,0,8000,0,0,0,8000,0,8000,8000
060156,光磊永豐9A購01  ,0,0,0,0,0,0,0,0,0,8000,0,0,0,167000,159000,8000,8000
060267,上緯控國票9C購01,0,0,0,0,0,0,0,0,0,8000,0,0,0,28000,20000,8000,8000
060190,國泰金元富9A購01,0,0,0,0,0,0,0,0,0,8000,0,0,0,13000,5000,8000,8000
060455,葡萄王元大9A購02,0,0,0,0,0,0,0,0,0,8000,0,0,0,81000,73000,8000,8000
060416,神隆永豐9A購01  ,0,0,0,0,0,0,0,0,0,8000,0,0,0,30000,22000,8000,8000
057333,智邦國票99購01  ,0,0,0,0,0,0,0,0,0,8000,0,0,0,8000,0,8000,8000
059879,GIS凱基99購03   ,0,0,0,0,0,0,0,0,0,8000,0,0,0,8000,0,8000,8000
058093,神達元大9A購01  ,0,0,0,0,0,0,0,0,0,8000,0,0,0,82000,74000,8000,8000
058579,聯發科群益99購04,0,0,0,0,0,0,0,0,0,8000,0,0,0,9000,1000,8000,8000
058585,S&P正2中信9B購02,0,0,0,0,0,0,0,0,0,8000,0,0,0,10000,2000,8000,8000
06000P,GIS元大96售04   ,0,0,0,0,0,0,0,0,0,8000,0,0,0,50000,42000,8000,8000
8341,日友            ,41000,34000,7000,0,0,0,0,0,0,1000,1000,0,1000,0,0,0,8000
07055P,景碩群益9A售02  ,0,0,0,0,0,0,0,0,0,8000,0,0,0,31000,23000,8000,8000
07267P,臺股指元大99售23,0,0,0,0,0,0,0,0,0,8000,0,0,0,10000,2000,8000,8000
07765P,台積電群益9A售06,0,0,0,0,0,0,0,0,0,8000,0,0,0,8000,0,8000,8000
07756P,台灣50國票04售01,0,0,0,0,0,0,0,0,0,8000,0,0,0,23000,15000,8000,8000
1560,中砂            ,65000,57000,8000,0,0,0,0,0,0,0,0,0,0,0,0,0,8000
062440,聯發科元大9B購11,0,0,0,0,0,0,0,0,0,7000,0,0,0,20000,13000,7000,7000
063245,富邦金元大9B購03,0,0,0,0,0,0,0,0,0,7000,0,0,0,10000,3000,7000,7000
06485P,玉晶光群益9A售02,0,0,0,0,0,0,0,0,0,7000,0,0,0,51000,44000,7000,7000
061564,華擎國票9A購02  ,0,0,0,0,0,0,0,0,0,7000,0,0,0,7000,0,7000,7000
062167,燿華永豐9B購01  ,0,0,0,0,0,0,0,0,0,7000,0,0,0,7000,0,7000,7000
061240,華新科兆豐9A購01,0,0,0,0,0,0,0,0,0,7000,0,0,0,20000,13000,7000,7000
061224,道瓊反中信01購01,0,0,0,0,0,0,0,0,0,7000,0,0,0,22000,15000,7000,7000
061229,緯穎中信9B購01  ,0,0,0,0,0,0,0,0,0,7000,0,0,0,26000,19000,7000,7000
061194,聯鈞永豐9A購02  ,0,0,0,0,0,0,0,0,0,7000,0,0,0,8000,1000,7000,7000
061152,微星群益9A購01  ,0,0,0,0,0,0,0,0,0,7000,0,0,0,7000,0,7000,7000
056178,嘉澤元富97購02  ,0,0,0,0,0,0,0,0,0,7000,0,0,0,17000,10000,7000,7000
05684P,臺股指元大96售09,0,0,0,0,0,0,0,0,0,7000,0,0,0,7000,0,7000,7000
055732,全新元富9A購01  ,0,0,0,0,0,0,0,0,0,7000,0,0,0,8000,1000,7000,7000
055809,T50反1國票98購02,0,0,0,0,0,0,0,0,0,7000,0,0,0,7000,0,7000,7000
055545,國巨凱基97購06  ,0,0,0,0,0,0,0,0,0,7000,0,0,0,18000,11000,7000,7000
051978,泰碩凱基96購01  ,0,0,0,0,0,0,0,0,0,7000,0,0,0,7000,0,7000,7000
051266,國巨富邦99購01  ,0,0,0,0,0,0,0,0,0,7000,0,0,0,41000,34000,7000,7000
05431P,台光電統一97售01,0,0,0,0,0,0,0,0,0,7000,0,0,0,10000,3000,7000,7000
060029,嘉晶永豐99購03  ,0,0,0,0,0,0,0,0,0,7000,0,0,0,7000,0,7000,7000
058445,旺宏富邦9C購01  ,0,0,0,0,0,0,0,0,0,7000,0,0,0,30000,23000,7000,7000
057491,美食元大98購03  ,0,0,0,0,0,0,0,0,0,7000,0,0,0,59000,52000,7000,7000
060790,日月光富邦9A購01,0,0,0,0,0,0,0,0,0,7000,0,0,0,10000,3000,7000,7000
060802,道瓊指中信9C購03,0,0,0,0,0,0,0,0,0,7000,0,0,0,7000,0,7000,7000
060601,技嘉凱基9A購02  ,0,0,0,0,0,0,0,0,0,7000,0,0,0,102000,95000,7000,7000
058629,嘉晶國票9A購01  ,0,0,0,0,0,0,0,0,0,7000,0,0,0,7000,0,7000,7000
057168,旺宏元大99購03  ,0,0,0,0,0,0,0,0,0,7000,0,0,0,13000,6000,7000,7000
057135,立積凱基98購01  ,0,0,0,0,0,0,0,0,0,7000,0,0,0,7000,0,7000,7000
057120,茂林康和98購01  ,0,0,0,0,0,0,0,0,0,7000,0,0,0,101000,94000,7000,7000
1456,怡華            ,5000,2000,3000,0,0,0,0,0,0,4000,4000,0,4000,0,0,0,7000
08080P,祥碩國票9B售03  ,0,0,0,0,0,0,0,0,0,7000,0,0,0,244000,237000,7000,7000
07487P,鴻海國票9A售01  ,0,0,0,0,0,0,0,0,0,7000,0,0,0,10000,3000,7000,7000
06634P,欣興國票98售02  ,0,0,0,0,0,0,0,0,0,7000,0,0,0,14000,7000,7000,7000
06637P,大立光凱基98售15,0,0,0,0,0,0,0,0,0,7000,0,0,0,7000,0,7000,7000
061029,力山永豐9A購01  ,0,0,0,0,0,0,0,0,0,6000,0,0,0,6000,0,6000,6000
061364,國巨國票9A購09  ,0,0,0,0,0,0,0,0,0,6000,0,0,0,10000,4000,6000,6000
062160,南六凱基9B購01  ,0,0,0,0,0,0,0,0,0,6000,0,0,0,15000,9000,6000,6000
061953,台積電台新9B購04,0,0,0,0,0,0,0,0,0,6000,0,0,0,16000,10000,6000,6000
061674,聯發科元大9A購12,0,0,0,0,0,0,0,0,0,6000,0,0,0,18000,12000,6000,6000
06426P,T50正2元大9B售01,0,0,0,0,0,0,0,0,0,6000,0,0,0,10000,4000,6000,6000
063379,帆宣永豐9B購01  ,0,0,0,0,0,0,0,0,0,6000,0,0,0,6000,0,6000,6000
063221,京元電群益9B購02,0,0,0,0,0,0,0,0,0,6000,0,0,0,27000,21000,6000,6000
062453,聚陽群益9C購01  ,0,0,0,0,0,0,0,0,0,6000,0,0,0,71000,65000,6000,6000
062815,聯發科兆豐9B購03,0,0,0,0,0,0,0,0,0,6000,0,0,0,6000,0,6000,6000
054066,緯穎國票97購03  ,0,0,0,0,0,0,0,0,0,6000,0,0,0,16000,10000,6000,6000
051865,聯發科凱基96購04,0,0,0,0,0,0,0,0,0,6000,0,0,0,6000,0,6000,6000
050630,大立光亞東96購01,0,0,0,0,0,0,0,0,0,6000,0,0,0,10000,4000,6000,6000
053168,晶技群益98購01  ,0,0,0,0,0,0,0,0,0,6000,0,0,0,6000,0,6000,6000
053744,台郡國票97購03  ,0,0,0,0,0,0,0,0,0,6000,0,0,0,7000,1000,6000,6000
053620,臺股指群益96購06,0,0,0,0,0,0,0,0,0,6000,0,0,0,6000,0,6000,6000
053537,玉晶光永豐98購02,0,0,0,0,0,0,0,0,0,6000,0,0,0,6000,0,6000,6000
052984,漢唐元大96購01  ,0,0,0,0,0,0,0,0,0,6000,0,0,0,6000,0,6000,6000
055404,超眾元富97購01  ,0,0,0,0,0,0,0,0,0,6000,0,0,0,6000,0,6000,6000
055774,台光電凱基97購02,0,0,0,0,0,0,0,0,0,6000,0,0,0,6000,0,6000,6000
055742,健策元富97購02  ,0,0,0,0,0,0,0,0,0,6000,0,0,0,6000,0,6000,6000
056664,上証反中信9B購01,0,0,0,0,0,0,0,0,0,6000,0,0,0,6000,0,6000,6000
056192,智邦富邦98購01  ,0,0,0,0,0,0,0,0,0,6000,0,0,0,6000,0,6000,6000
056282,S&P反1永豐97購01,0,0,0,0,0,0,0,0,0,6000,0,0,0,6000,0,6000,6000
056155,嘉晶凱基97購01  ,0,0,0,0,0,0,0,0,0,6000,0,0,0,11000,5000,6000,6000
057833,聯發科元富02購06,0,0,0,0,0,0,0,0,0,6000,0,0,0,34000,28000,6000,6000
05517P,臻鼎元大96售01  ,0,0,0,0,0,0,0,0,0,6000,0,0,0,6000,0,6000,6000
058269,世芯永豐9A購01  ,0,0,0,0,0,0,0,0,0,6000,0,0,0,11000,5000,6000,6000
058229,為升元大99購02  ,0,0,0,0,0,0,0,0,0,6000,0,0,0,74000,68000,6000,6000
059683,康控富邦9C購01  ,0,0,0,0,0,0,0,0,0,6000,0,0,0,6000,0,6000,6000
059081,和大元大99購01  ,0,0,0,0,0,0,0,0,0,6000,0,0,0,6000,0,6000,6000
059134,臺股指群益99購09,0,0,0,0,0,0,0,0,0,6000,0,0,0,6000,0,6000,6000
059148,百和國票9A購01  ,0,0,0,0,0,0,0,0,0,6000,0,0,0,6000,0,6000,6000
057802,卜蜂元大98購01  ,0,0,0,0,0,0,0,0,0,6000,0,0,0,17000,11000,6000,6000
059370,玉晶光元富99購02,0,0,0,0,0,0,0,0,0,6000,0,0,0,262000,256000,6000,6000
057983,緯穎永豐98購03  ,0,0,0,0,0,0,0,0,0,6000,0,0,0,6000,0,6000,6000
060482,東元富邦9A購01  ,0,0,0,0,0,0,0,0,0,6000,0,0,0,6000,0,6000,6000
060793,微星永豐9A購01  ,0,0,0,0,0,0,0,0,0,6000,0,0,0,38000,32000,6000,6000
060738,矽格統一9C購01  ,0,0,0,0,0,0,0,0,0,6000,0,0,0,16000,10000,6000,6000
060463,台積電元大9A購10,0,0,0,0,0,0,0,0,0,6000,0,0,0,6000,0,6000,6000
060166,佐登永豐9A購01  ,0,0,0,0,0,0,0,0,0,6000,0,0,0,17000,11000,6000,6000
058177,華新科凱基99購02,0,0,0,0,0,0,0,0,0,6000,0,0,0,6000,0,6000,6000
058513,宏達電元大99購05,0,0,0,0,0,0,0,0,0,6000,0,0,0,92000,86000,6000,6000
060012,電子類群益99購02,0,0,0,0,0,0,0,0,0,6000,0,0,0,7000,1000,6000,6000
06641P,智邦兆豐99售01  ,0,0,0,0,0,0,0,0,0,6000,0,0,0,6000,0,6000,6000
07404P,華新科凱基99售10,0,0,0,0,0,0,0,0,0,6000,0,0,0,6000,0,6000,6000
07030P,鈺齊群益99售01  ,0,0,0,0,0,0,0,0,0,6000,0,0,0,26000,20000,6000,6000
07982P,全新群益9B售04  ,0,0,0,0,0,0,0,0,0,6000,0,0,0,6000,0,6000,6000
4545,銘鈺            ,21000,14000,7000,0,0,0,0,0,0,-1000,0,1000,-1000,0,0,0,6000
062728,健策凱基9B購04  ,0,0,0,0,0,0,0,0,0,5000,0,0,0,122000,117000,5000,5000
062699,台積電元大01購02,0,0,0,0,0,0,0,0,0,5000,0,0,0,20000,15000,5000,5000
062444,大立光元大9C購01,0,0,0,0,0,0,0,0,0,5000,0,0,0,5000,0,5000,5000
062405,泰鼎永豐9B購02  ,0,0,0,0,0,0,0,0,0,5000,0,0,0,5000,0,5000,5000
063165,泰碩永豐9B購02  ,0,0,0,0,0,0,0,0,0,5000,0,0,0,5000,0,5000,5000
063260,信邦富邦9B購01  ,0,0,0,0,0,0,0,0,0,5000,0,0,0,55000,50000,5000,5000
062902,智邦元大9B購07  ,0,0,0,0,0,0,0,0,0,5000,0,0,0,82000,77000,5000,5000
06408P,聯茂元富97售02  ,0,0,0,0,0,0,0,0,0,5000,0,0,0,5000,0,5000,5000
06153P,健策元大97售04  ,0,0,0,0,0,0,0,0,0,5000,0,0,0,5000,0,5000,5000
06184P,大立光元大97售06,0,0,0,0,0,0,0,0,0,5000,0,0,0,5000,0,5000,5000
062132,神隆群益9B購01  ,0,0,0,0,0,0,0,0,0,5000,0,0,0,98000,93000,5000,5000
061389,華新科群益9B購01,0,0,0,0,0,0,0,0,0,5000,0,0,0,10000,5000,5000,5000
06141P,大立光日盛97售01,0,0,0,0,0,0,0,0,0,5000,0,0,0,5000,0,5000,5000
061181,牧德凱基9A購01  ,0,0,0,0,0,0,0,0,0,5000,0,0,0,5000,0,5000,5000
061305,帆宣永豐9A購01  ,0,0,0,0,0,0,0,0,0,5000,0,0,0,5000,0,5000,5000
061062,和大凱基9A購02  ,0,0,0,0,0,0,0,0,0,5000,0,0,0,50000,45000,5000,5000
061076,台達電兆豐9A購01,0,0,0,0,0,0,0,0,0,5000,0,0,0,25000,20000,5000,5000
061143,道瓊指中信9C購04,0,0,0,0,0,0,0,0,0,5000,0,0,0,5000,0,5000,5000
060827,健策元大9A購02  ,0,0,0,0,0,0,0,0,0,5000,0,0,0,5000,0,5000,5000
060973,T50反1元大9A購11,0,0,0,0,0,0,0,0,0,5000,0,0,0,5000,0,5000,5000
056496,康控國泰99購01  ,0,0,0,0,0,0,0,0,0,5000,0,0,0,5000,0,5000,5000
056458,日月光凱基98購02,0,0,0,0,0,0,0,0,0,5000,0,0,0,54000,49000,5000,5000
055160,玉晶光元大99購03,0,0,0,0,0,0,0,0,0,5000,0,0,0,5000,0,5000,5000
057857,牧德國票99購01  ,0,0,0,0,0,0,0,0,0,5000,0,0,0,5000,0,5000,5000
055358,臻鼎凱基97購01  ,0,0,0,0,0,0,0,0,0,5000,0,0,0,5000,0,5000,5000
058711,鴻海統一9A購02  ,0,0,0,0,0,0,0,0,0,5000,0,0,0,5000,0,5000,5000
058926,勤誠元富99購01  ,0,0,0,0,0,0,0,0,0,5000,0,0,0,50000,45000,5000,5000
058949,上銀群益99購02  ,0,0,0,0,0,0,0,0,0,5000,0,0,0,5000,0,5000,5000
05626P,景碩國票97售03  ,0,0,0,0,0,0,0,0,0,5000,0,0,0,40000,35000,5000,5000
056198,台光電永豐97購02,0,0,0,0,0,0,0,0,0,5000,0,0,0,17000,12000,5000,5000
056208,崇越永豐97購01  ,0,0,0,0,0,0,0,0,0,5000,0,0,0,5000,0,5000,5000
056670,樺漢國票99購01  ,0,0,0,0,0,0,0,0,0,5000,0,0,0,5000,0,5000,5000
056756,T50反1元大98購06,0,0,0,0,0,0,0,0,0,5000,0,0,0,5000,0,5000,5000
056894,佳世達元大99購01,0,0,0,0,0,0,0,0,0,5000,0,0,0,5000,0,5000,5000
056921,京元電兆豐98購01,0,0,0,0,0,0,0,0,0,5000,0,0,0,55000,50000,5000,5000
056554,GIS凱基99購01   ,0,0,0,0,0,0,0,0,0,5000,0,0,0,5000,0,5000,5000
055599,TPK元大97購01   ,0,0,0,0,0,0,0,0,0,5000,0,0,0,5000,0,5000,5000
055515,聚陽中信9A購01  ,0,0,0,0,0,0,0,0,0,5000,0,0,0,25000,20000,5000,5000
055886,上銀統一97購02  ,0,0,0,0,0,0,0,0,0,5000,0,0,0,5000,0,5000,5000
055919,景碩凱基98購02  ,0,0,0,0,0,0,0,0,0,5000,0,0,0,15000,10000,5000,5000
052807,貿聯元大98購01  ,0,0,0,0,0,0,0,0,0,5000,0,0,0,5000,0,5000,5000
052819,義隆永豐96購01  ,0,0,0,0,0,0,0,0,0,5000,0,0,0,30000,25000,5000,5000
054829,亞光國泰99購01  ,0,0,0,0,0,0,0,0,0,5000,0,0,0,5000,0,5000,5000
054514,道瓊銀元大98購01,0,0,0,0,0,0,0,0,0,5000,0,0,0,5000,0,5000,5000
054683,川湖永豐97購01  ,0,0,0,0,0,0,0,0,0,5000,0,0,0,5000,0,5000,5000
055980,祥碩統一98購01  ,0,0,0,0,0,0,0,0,0,5000,0,0,0,5000,0,5000,5000
053521,緯穎群益96購02  ,0,0,0,0,0,0,0,0,0,5000,0,0,0,5000,0,5000,5000
053582,英業達元大97購01,0,0,0,0,0,0,0,0,0,5000,0,0,0,9000,4000,5000,5000
053468,鴻海元大98購01  ,0,0,0,0,0,0,0,0,0,5000,0,0,0,5000,0,5000,5000
053632,新唐兆豐96購01  ,0,0,0,0,0,0,0,0,0,5000,0,0,0,5000,0,5000,5000
053126,健策凱基97購02  ,0,0,0,0,0,0,0,0,0,5000,0,0,0,5000,0,5000,5000
052005,矽力國泰97購02  ,0,0,0,0,0,0,0,0,0,5000,0,0,0,5000,0,5000,5000
052067,中磊兆豐96購01  ,0,0,0,0,0,0,0,0,0,5000,0,0,0,5000,0,5000,5000
052076,可成元富98購01  ,0,0,0,0,0,0,0,0,0,5000,0,0,0,5000,0,5000,5000
03025X,元展22          ,0,0,0,0,0,0,0,0,0,5000,0,0,0,5000,0,5000,5000
00681R,元大美債20反1   ,67000,0,67000,0,0,0,0,0,0,-62000,0,0,0,10000,72000,-62000,5000
051799,台積電永豐96購01,0,0,0,0,0,0,0,0,0,5000,0,0,0,5000,0,5000,5000
051911,大立光元大98購02,0,0,0,0,0,0,0,0,0,5000,0,0,0,5000,0,5000,5000
05189P,新光金凱基97售02,0,0,0,0,0,0,0,0,0,5000,0,0,0,5000,0,5000,5000
051939,同欣電群益97購01,0,0,0,0,0,0,0,0,0,5000,0,0,0,5000,0,5000,5000
035277,景碩台新97購01  ,0,0,0,0,0,0,0,0,0,5000,0,0,0,5000,0,5000,5000
051325,台光電台新96購01,0,0,0,0,0,0,0,0,0,5000,0,0,0,5000,0,5000,5000
050782,台積電國泰96購03,0,0,0,0,0,0,0,0,0,5000,0,0,0,5000,0,5000,5000
054118,國巨永豐96購04  ,0,0,0,0,0,0,0,0,0,5000,0,0,0,5000,0,5000,5000
054308,嘉晶凱基98購01  ,0,0,0,0,0,0,0,0,0,5000,0,0,0,12000,7000,5000,5000
053850,嘉澤元富96購03  ,0,0,0,0,0,0,0,0,0,5000,0,0,0,5000,0,5000,5000
03427B,臺股指元大9A熊02,0,0,0,0,0,0,0,0,0,5000,0,0,0,5000,0,5000,5000
050142,聯發科元富9A購01,0,0,0,0,0,0,0,0,0,5000,0,0,0,5000,0,5000,5000
049004,聯發科中信96購01,0,0,0,0,0,0,0,0,0,5000,0,0,0,5000,0,5000,5000
059997,華航元富99購01  ,0,0,0,0,0,0,0,0,0,5000,0,0,0,15000,10000,5000,5000
059998,華航元富99購02  ,0,0,0,0,0,0,0,0,0,5000,0,0,0,5000,0,5000,5000
058566,聯發科凱基9A購02,0,0,0,0,0,0,0,0,0,5000,0,0,0,15000,10000,5000,5000
058454,嘉晶永豐99購01  ,0,0,0,0,0,0,0,0,0,5000,0,0,0,5000,0,5000,5000
058440,玉晶光統一99購02,0,0,0,0,0,0,0,0,0,5000,0,0,0,6000,1000,5000,5000
058368,奇鋐凱基9A購01  ,0,0,0,0,0,0,0,0,0,5000,0,0,0,14000,9000,5000,5000
059917,華新科元大99購19,0,0,0,0,0,0,0,0,0,5000,0,0,0,48000,43000,5000,5000
057368,微星元大98購02  ,0,0,0,0,0,0,0,0,0,5000,0,0,0,5000,0,5000,5000
057399,滬深反群益9C購01,0,0,0,0,0,0,0,0,0,5000,0,0,0,35000,30000,5000,5000
057413,臺股指群益9C購04,0,0,0,0,0,0,0,0,0,5000,0,0,0,20000,15000,5000,5000
060151,旺宏富邦9A購02  ,0,0,0,0,0,0,0,0,0,5000,0,0,0,20000,15000,5000,5000
060321,元金2X群益9B購01,0,0,0,0,0,0,0,0,0,5000,0,0,0,5000,0,5000,5000
060687,GIS元大9A購01   ,0,0,0,0,0,0,0,0,0,5000,0,0,0,5000,0,5000,5000
06054P,臺股指中信9A售01,0,0,0,0,0,0,0,0,0,5000,0,0,0,5000,0,5000,5000
057996,臻鼎中信98購01  ,0,0,0,0,0,0,0,0,0,5000,0,0,0,20000,15000,5000,5000
057004,滬深反中信9A購01,0,0,0,0,0,0,0,0,0,5000,0,0,0,9000,4000,5000,5000
059438,群創元大99購06  ,0,0,0,0,0,0,0,0,0,5000,0,0,0,5000,0,5000,5000
057639,國巨元大99購07  ,0,0,0,0,0,0,0,0,0,5000,0,0,0,5000,0,5000,5000
057495,牧德元大99購04  ,0,0,0,0,0,0,0,0,0,5000,0,0,0,30000,25000,5000,5000
059143,國巨國票9A購04  ,0,0,0,0,0,0,0,0,0,5000,0,0,0,18000,13000,5000,5000
05916P,聯發科元大96售20,0,0,0,0,0,0,0,0,0,5000,0,0,0,5000,0,5000,5000
059673,玉山金元富99購01,0,0,0,0,0,0,0,0,0,5000,0,0,0,5000,0,5000,5000
059596,大立光元大99購20,0,0,0,0,0,0,0,0,0,5000,0,0,0,5000,0,5000,5000
058224,世芯統一9B購02  ,0,0,0,0,0,0,0,0,0,5000,0,0,0,5000,0,5000,5000
057127,旺宏凱基98購09  ,0,0,0,0,0,0,0,0,0,5000,0,0,0,5000,0,5000,5000
05793P,臺股指中信99售08,0,0,0,0,0,0,0,0,0,5000,0,0,0,10000,5000,5000,5000
057892,上証2X元富02購01,0,0,0,0,0,0,0,0,0,5000,0,0,0,5000,0,5000,5000
057190,立積元大9A購02  ,0,0,0,0,0,0,0,0,0,5000,0,0,0,45000,40000,5000,5000
4438,廣越            ,17000,12000,5000,0,0,0,0,0,0,0,0,0,0,0,0,0,5000
4560,強信-KY         ,116000,111000,5000,0,0,0,0,0,0,0,0,0,0,0,0,0,5000
4912,聯德控股-KY     ,30000,25000,5000,0,0,0,0,0,0,0,0,0,0,0,0,0,5000
2939,凱羿-KY         ,19000,6000,13000,0,0,0,0,0,0,-8000,0,8000,-8000,0,0,0,5000
2033,佳大            ,6000,1000,5000,0,0,0,0,0,0,0,0,0,0,0,0,0,5000
07909P,台積電統一9B售12,0,0,0,0,0,0,0,0,0,5000,0,0,0,5000,0,5000,5000
07568P,鴻海凱基9A售22  ,0,0,0,0,0,0,0,0,0,5000,0,0,0,5000,0,5000,5000
08009P,華擎統一9B售02  ,0,0,0,0,0,0,0,0,0,5000,0,0,0,5000,0,5000,5000
1323,永裕            ,45000,40000,5000,0,0,0,0,0,0,0,0,0,0,0,0,0,5000
07050P,宏達電中信9B售01,0,0,0,0,0,0,0,0,0,5000,0,0,0,5000,0,5000,5000
07079P,台積電群益99售06,0,0,0,0,0,0,0,0,0,5000,0,0,0,5000,0,5000,5000
07198P,臺股指元大99售14,0,0,0,0,0,0,0,0,0,5000,0,0,0,5000,0,5000,5000
07302P,臺股指元大9A售35,0,0,0,0,0,0,0,0,0,5000,0,0,0,5000,0,5000,5000
07423P,大立光元大99售33,0,0,0,0,0,0,0,0,0,5000,0,0,0,15000,10000,5000,5000
06727P,台光電元大98售05,0,0,0,0,0,0,0,0,0,5000,0,0,0,5000,0,5000,5000
06489P,台積電元富98售06,0,0,0,0,0,0,0,0,0,5000,0,0,0,5000,0,5000,5000
06806P,臺股指群益98售12,0,0,0,0,0,0,0,0,0,5000,0,0,0,5000,0,5000,5000
06760P,台積電元大98售18,0,0,0,0,0,0,0,0,0,5000,0,0,0,5000,0,5000,5000
06832P,玉晶光凱基98售03,0,0,0,0,0,0,0,0,0,5000,0,0,0,73000,68000,5000,5000
060922,金像電永豐9A購01,0,0,0,0,0,0,0,0,0,4000,0,0,0,40000,36000,4000,4000
061223,T50反1中信01購01,0,0,0,0,0,0,0,0,0,4000,0,0,0,25000,21000,4000,4000
061745,南電凱基9B購02  ,0,0,0,0,0,0,0,0,0,4000,0,0,0,4000,0,4000,4000
061611,南六統一01購01  ,0,0,0,0,0,0,0,0,0,4000,0,0,0,5000,1000,4000,4000
063395,金像電群益9B購02,0,0,0,0,0,0,0,0,0,4000,0,0,0,4000,0,4000,4000
063364,聯發科富邦01購02,0,0,0,0,0,0,0,0,0,4000,0,0,0,25000,21000,4000,4000
062987,祥碩中信01購01  ,0,0,0,0,0,0,0,0,0,4000,0,0,0,127000,123000,4000,4000
063159,嘉澤國泰01購01  ,0,0,0,0,0,0,0,0,0,4000,0,0,0,13000,9000,4000,4000
062233,神隆凱基9B購01  ,0,0,0,0,0,0,0,0,0,4000,0,0,0,4000,0,4000,4000
062659,台灣50群益9B購10,0,0,0,0,0,0,0,0,0,4000,0,0,0,8000,4000,4000,4000
03049X,元展46          ,0,0,0,0,0,0,0,0,0,4000,0,0,0,4000,0,4000,4000
054298,台表科元大97購03,0,0,0,0,0,0,0,0,0,4000,0,0,0,28000,24000,4000,4000
054273,宏達電中信98購01,0,0,0,0,0,0,0,0,0,4000,0,0,0,4000,0,4000,4000
03674C,臺股指元富9C牛02,0,0,0,0,0,0,0,0,0,4000,0,0,0,8000,4000,4000,4000
00700,富邦恒生國企    ,0,0,0,0,0,0,0,0,0,4000,0,0,0,104000,100000,4000,4000
00731,FH富時高息低波  ,1000,1000,0,0,0,0,0,0,0,4000,0,0,0,198000,194000,4000,4000
052045,瑞昱凱基96購01  ,0,0,0,0,0,0,0,0,0,4000,0,0,0,14000,10000,4000,4000
054169,上緯控凱基98購01,0,0,0,0,0,0,0,0,0,4000,0,0,0,95000,91000,4000,4000
054662,同欣電元大97購02,0,0,0,0,0,0,0,0,0,4000,0,0,0,44000,40000,4000,4000
054652,裕隆麥證97購01  ,0,0,0,4000,0,4000,0,0,0,4000,0,0,0,4000,0,4000,4000
055631,創意永豐98購01  ,0,0,0,0,0,0,0,0,0,4000,0,0,0,116000,112000,4000,4000
055727,矽力元大97購02  ,0,0,0,0,0,0,0,0,0,4000,0,0,0,15000,11000,4000,4000
055796,南電國泰98購01  ,0,0,0,0,0,0,0,0,0,4000,0,0,0,78000,74000,4000,4000
056843,冠德元富98購01  ,0,0,0,0,0,0,0,0,0,4000,0,0,0,7000,3000,4000,4000
056207,茂林永豐97購03  ,0,0,0,0,0,0,0,0,0,4000,0,0,0,5000,1000,4000,4000
056234,GIS麥證97購01   ,0,0,0,4000,0,4000,0,0,0,4000,0,0,0,4000,0,4000,4000
056360,智邦元大98購01  ,0,0,0,0,0,0,0,0,0,4000,0,0,0,16000,12000,4000,4000
054974,台表科元大98購02,0,0,0,0,0,0,0,0,0,4000,0,0,0,10000,6000,4000,4000
056520,鴻海日盛99購01  ,0,0,0,0,0,0,0,0,0,4000,0,0,0,4000,0,4000,4000
057112,立積群益99購01  ,0,0,0,0,0,0,0,0,0,4000,0,0,0,83000,79000,4000,4000
059196,聯發科永豐99購02,0,0,0,0,0,0,0,0,0,4000,0,0,0,4000,0,4000,4000
059035,旺宏群益99購06  ,0,0,0,0,0,0,0,0,0,4000,0,0,0,4000,0,4000,4000
057640,台積電元大98購16,0,0,0,0,0,0,0,0,0,4000,0,0,0,4000,0,4000,4000
057612,瑞昱元富02購01  ,0,0,0,0,0,0,0,0,0,4000,0,0,0,230000,226000,4000,4000
057981,臻鼎永豐98購01  ,0,0,0,0,0,0,0,0,0,4000,0,0,0,13000,9000,4000,4000
057299,立積永豐98購02  ,0,0,0,0,0,0,0,0,0,4000,0,0,0,6000,2000,4000,4000
060530,聯發科中信9C購03,0,0,0,0,0,0,0,0,0,4000,0,0,0,7000,3000,4000,4000
060537,台灣50凱基9B購01,0,0,0,0,0,0,0,0,0,4000,0,0,0,4000,0,4000,4000
060470,台勝科元大9A購03,0,0,0,0,0,0,0,0,0,4000,0,0,0,4000,0,4000,4000
060431,復盛永豐9A購01  ,0,0,0,0,0,0,0,0,0,4000,0,0,0,20000,16000,4000,4000
057450,國泰金元富98購01,0,0,0,0,0,0,0,0,0,4000,0,0,0,58000,54000,4000,4000
058375,群創凱基9B購04  ,0,0,0,0,0,0,0,0,0,4000,0,0,0,44000,40000,4000,4000
06513P,鴻海凱基98售10  ,0,0,0,0,0,0,0,0,0,4000,0,0,0,7000,3000,4000,4000
07505P,台勝科元大9A售01,0,0,0,0,0,0,0,0,0,4000,0,0,0,21000,17000,4000,4000
07573P,國巨元大9A售11  ,0,0,0,0,0,0,0,0,0,4000,0,0,0,4000,0,4000,4000
2103,台橡            ,202000,273000,-71000,0,0,0,0,0,0,75000,75000,0,75000,0,0,0,4000
4764,雙鍵            ,12000,8000,4000,0,0,0,0,0,0,0,0,0,0,0,0,0,4000
5531,鄉林            ,418000,414000,4000,0,0,0,0,0,0,0,1000,1000,0,0,0,0,4000
062705,美食元大9B購01  ,0,0,0,0,0,0,0,0,0,3000,0,0,0,53000,50000,3000,3000
062825,聯發科群益9B購08,0,0,0,0,0,0,0,0,0,3000,0,0,0,3000,0,3000,3000
062847,臺股指富邦9B購01,0,0,0,0,0,0,0,0,0,3000,0,0,0,3000,0,3000,3000
062861,世芯國票9C購01  ,0,0,0,0,0,0,0,0,0,3000,0,0,0,8000,5000,3000,3000
062447,華擎元大9C購01  ,0,0,0,0,0,0,0,0,0,3000,0,0,0,4000,1000,3000,3000
062948,台積電富邦01購02,0,0,0,0,0,0,0,0,0,3000,0,0,0,35000,32000,3000,3000
063478,GIS元大9B購03   ,0,0,0,0,0,0,0,0,0,3000,0,0,0,16000,13000,3000,3000
062204,京元電國票9C購01,0,0,0,0,0,0,0,0,0,3000,0,0,0,19000,16000,3000,3000
061952,臺股指群益9B購01,0,0,0,0,0,0,0,0,0,3000,0,0,0,8000,5000,3000,3000
061252,臺股指群益9A購03,0,0,0,0,0,0,0,0,0,3000,0,0,0,3000,0,3000,3000
06120P,大立光凱基98售05,0,0,0,0,0,0,0,0,0,3000,0,0,0,3000,0,3000,3000
061256,亞德客凱基9B購01,0,0,0,0,0,0,0,0,0,3000,0,0,0,54000,51000,3000,3000
061263,微星凱基9A購01  ,0,0,0,0,0,0,0,0,0,3000,0,0,0,3000,0,3000,3000
061414,牧德群益9B購02  ,0,0,0,0,0,0,0,0,0,3000,0,0,0,3000,0,3000,3000
060894,奇力新凱基9A購03,0,0,0,0,0,0,0,0,0,3000,0,0,0,3000,0,3000,3000
060983,南亞科元大9A購06,0,0,0,0,0,0,0,0,0,3000,0,0,0,75000,72000,3000,3000
055495,長榮航元大97購01,0,0,0,0,0,0,0,0,0,3000,0,0,0,3000,0,3000,3000
055038,華航富邦99購01  ,0,0,0,0,0,0,0,0,0,3000,0,0,0,3000,0,3000,3000
058801,致伸元大99購01  ,0,0,0,0,0,0,0,0,0,3000,0,0,0,304000,301000,3000,3000
058833,台表科永豐99購01,0,0,0,0,0,0,0,0,0,3000,0,0,0,3000,0,3000,3000
058613,茂林元大99購03  ,0,0,0,0,0,0,0,0,0,3000,0,0,0,151000,148000,3000,3000
055371,正崴元大97購02  ,0,0,0,0,0,0,0,0,0,3000,0,0,0,3000,0,3000,3000
055377,揚明光元大98購01,0,0,0,0,0,0,0,0,0,3000,0,0,0,3000,0,3000,3000
056160,智易凱基97購03  ,0,0,0,0,0,0,0,0,0,3000,0,0,0,18000,15000,3000,3000
056540,聯詠凱基98購02  ,0,0,0,0,0,0,0,0,0,3000,0,0,0,6000,3000,3000,3000
056736,國巨凱基99購03  ,0,0,0,0,0,0,0,0,0,3000,0,0,0,3000,0,3000,3000
055798,聯茂富邦98購01  ,0,0,0,0,0,0,0,0,0,3000,0,0,0,6000,3000,3000,3000
055387,世紀鋼元大97購01,0,0,0,0,0,0,0,0,0,3000,0,0,0,3000,0,3000,3000
054676,牧德台新98購01  ,0,0,0,0,0,0,0,0,0,3000,0,0,0,3000,0,3000,3000
054740,強茂凱基99購01  ,0,0,0,0,0,0,0,0,0,3000,0,0,0,3000,0,3000,3000
052456,滬深2X元富9B購03,0,0,0,0,0,0,0,0,0,3000,0,0,0,3000,0,3000,3000
053129,緯穎凱基96購01  ,0,0,0,0,0,0,0,0,0,3000,0,0,0,3000,0,3000,3000
053313,世紀鋼凱基96購01,0,0,0,0,0,0,0,0,0,3000,0,0,0,3000,0,3000,3000
053545,上銀凱基96購03  ,0,0,0,0,0,0,0,0,0,3000,0,0,0,3000,0,3000,3000
00732,國泰RMB短期報酬 ,0,0,0,0,0,0,0,0,0,3000,0,0,0,103000,100000,3000,3000
006204,永豐臺灣加權    ,0,0,0,0,0,0,0,0,0,3000,0,0,0,24000,21000,3000,3000
03679C,臺股指元大04牛04,0,0,0,0,0,0,0,0,0,3000,0,0,0,3000,0,3000,3000
053950,緯穎富邦97購02  ,0,0,0,0,0,0,0,0,0,3000,0,0,0,3000,0,3000,3000
053894,創意群益96購01  ,0,0,0,0,0,0,0,0,0,3000,0,0,0,20000,17000,3000,3000
053921,嘉晶國票97購03  ,0,0,0,0,0,0,0,0,0,3000,0,0,0,3000,0,3000,3000
054250,漢唐元大96購04  ,0,0,0,0,0,0,0,0,0,3000,0,0,0,50000,47000,3000,3000
058601,台積電元大99購10,0,0,0,0,0,0,0,0,0,3000,0,0,0,3000,0,3000,3000
059990,健策元大9A購01  ,0,0,0,0,0,0,0,0,0,3000,0,0,0,4000,1000,3000,3000
059899,上証2X元大9C購04,0,0,0,0,0,0,0,0,0,3000,0,0,0,9000,6000,3000,3000
058278,FBVIX中信03購02 ,0,0,0,0,0,0,0,0,0,3000,0,0,0,3000,0,3000,3000
060119,上銀富邦9B購03  ,0,0,0,0,0,0,0,0,0,3000,0,0,0,3000,0,3000,3000
060504,技嘉元大9A購02  ,0,0,0,0,0,0,0,0,0,3000,0,0,0,53000,50000,3000,3000
060789,禾伸堂富邦9B購02,0,0,0,0,0,0,0,0,0,3000,0,0,0,5000,2000,3000,3000
056960,光罩永豐98購01  ,0,0,0,0,0,0,0,0,0,3000,0,0,0,3000,0,3000,3000
056950,亞光統一99購01  ,0,0,0,0,0,0,0,0,0,3000,0,0,0,3000,0,3000,3000
056951,牧德統一99購01  ,0,0,0,0,0,0,0,0,0,3000,0,0,0,23000,20000,3000,3000
059286,S&P正2元富01購03,0,0,0,0,0,0,0,0,0,3000,0,0,0,3000,0,3000,3000
059474,元石油群益99購01,0,0,0,0,0,0,0,0,0,3000,0,0,0,3000,0,3000,3000
057596,聯茂兆豐99購01  ,0,0,0,0,0,0,0,0,0,3000,0,0,0,30000,27000,3000,3000
057650,力成元大98購04  ,0,0,0,0,0,0,0,0,0,3000,0,0,0,71000,68000,3000,3000
059149,臺股指國票99購12,0,0,0,0,0,0,0,0,0,3000,0,0,0,3000,0,3000,3000
059275,可成元大99購05  ,0,0,0,0,0,0,0,0,0,3000,0,0,0,5000,2000,3000,3000
059756,奇力新富邦9C購01,0,0,0,0,0,0,0,0,0,3000,0,0,0,8000,5000,3000,3000
057117,開發金日盛9B購01,0,0,0,0,0,0,0,0,0,3000,0,0,0,3000,0,3000,3000
057896,嘉晶元富98購01  ,0,0,0,0,0,0,0,0,0,3000,0,0,0,3000,0,3000,3000
05790P,臺股指永昌96售07,0,0,0,0,0,0,0,0,0,3000,3000,0,3000,0,0,0,3000
2897A,王道銀甲特      ,0,0,0,0,0,0,0,0,0,3000,3000,0,3000,0,0,0,3000
3383,新世紀          ,4000,1000,3000,0,0,0,0,0,0,0,0,0,0,0,0,0,3000
3164,景岳            ,9000,6000,3000,0,0,0,0,0,0,0,0,0,0,0,0,0,3000
2358,廷鑫            ,8000,5000,3000,0,0,0,0,0,0,0,0,0,0,0,0,0,3000
2002A,中鋼特          ,0,0,0,0,0,0,0,0,0,3000,3000,0,3000,0,0,0,3000
6405,悅城            ,0,0,0,0,0,0,0,0,0,3000,3000,0,3000,0,0,0,3000
9955,佳龍            ,49000,46000,3000,0,0,0,0,0,0,0,0,0,0,0,0,0,3000
9941A,裕融甲特        ,0,0,0,0,0,0,0,0,0,3000,3000,0,3000,0,0,0,3000
07923P,元金2X凱基02售02,0,0,0,0,0,0,0,0,0,3000,0,0,0,3000,0,3000,3000
07888P,大立光國票9B售01,0,0,0,0,0,0,0,0,0,3000,0,0,0,3000,0,3000,3000
07849P,大立光群益9A售06,0,0,0,0,0,0,0,0,0,3000,0,0,0,5000,2000,3000,3000
07291P,臺股指凱基99售43,0,0,0,0,0,0,0,0,0,3000,0,0,0,3000,0,3000,3000
07219P,臺股指凱基99售32,0,0,0,0,0,0,0,0,0,3000,0,0,0,3000,0,3000,3000
07049P,聯發科中信99售03,0,0,0,0,0,0,0,0,0,3000,0,0,0,8000,5000,3000,3000
06498P,臺股指元大9A售03,0,0,0,0,0,0,0,0,0,3000,0,0,0,3000,0,3000,3000
06548P,大立光元大98售10,0,0,0,0,0,0,0,0,0,3000,0,0,0,3000,0,3000,3000
06687P,A50正2中信9A售01,0,0,0,0,0,0,0,0,0,3000,0,0,0,3000,0,3000,3000
06900P,FBVIX國票12售01 ,0,0,0,0,0,0,0,0,0,3000,0,0,0,3000,0,3000,3000
06094P,台達電中信97售01,0,0,0,0,0,0,0,0,0,2000,0,0,0,78000,76000,2000,2000
061118,GIS富邦9A購01   ,0,0,0,0,0,0,0,0,0,2000,0,0,0,3000,1000,2000,2000
061115,電子類元大9A購02,0,0,0,0,0,0,0,0,0,2000,0,0,0,2000,0,2000,2000
061396,台灣50台新9C購03,0,0,0,0,0,0,0,0,0,2000,0,0,0,2000,0,2000,2000
061501,嘉澤國票9A購01  ,0,0,0,0,0,0,0,0,0,2000,0,0,0,24000,22000,2000,2000
061311,元黃金凱基9A購03,0,0,0,0,0,0,0,0,0,2000,0,0,0,2000,0,2000,2000
061313,滬深2X凱基9B購05,0,0,0,0,0,0,0,0,0,2000,0,0,0,2000,0,2000,2000
061239,聯發科兆豐9A購01,0,0,0,0,0,0,0,0,0,2000,0,0,0,2000,0,2000,2000
061973,上銀元大9B購01  ,0,0,0,0,0,0,0,0,0,2000,0,0,0,2000,0,2000,2000
061604,台光電凱基9B購01,0,0,0,0,0,0,0,0,0,2000,0,0,0,2000,0,2000,2000
06383P,聯茂元富97售01  ,0,0,0,0,0,0,0,0,0,2000,0,0,0,2000,0,2000,2000
06481P,台積電凱基98售12,0,0,0,0,0,0,0,0,0,2000,0,0,0,2000,0,2000,2000
063337,國巨統一02購02  ,0,0,0,0,0,0,0,0,0,2000,0,0,0,2000,0,2000,2000
06306P,臺股指元大97售12,0,0,0,0,0,0,0,0,0,2000,0,0,0,2000,0,2000,2000
063110,牧德兆豐9B購01  ,0,0,0,0,0,0,0,0,0,2000,0,0,0,2000,0,2000,2000
063251,同欣電元大9B購04,0,0,0,0,0,0,0,0,0,2000,0,0,0,32000,30000,2000,2000
062259,可成元大9B購03  ,0,0,0,0,0,0,0,0,0,2000,0,0,0,22000,20000,2000,2000
062824,國巨群益9C購03  ,0,0,0,0,0,0,0,0,0,2000,0,0,0,2000,0,2000,2000
062737,聯發科國票9B購03,0,0,0,0,0,0,0,0,0,2000,0,0,0,7000,5000,2000,2000
062813,台積電兆豐9B購01,0,0,0,0,0,0,0,0,0,2000,0,0,0,2000,0,2000,2000
06277P,臺股指凱基97售09,0,0,0,0,0,0,0,0,0,2000,0,0,0,2000,0,2000,2000
049888,智邦國泰96購01  ,0,0,0,0,0,0,0,0,0,2000,0,0,0,2000,0,2000,2000
03434B,臺股指元大99熊10,0,0,0,0,0,0,0,0,0,2000,0,0,0,2000,0,2000,2000
03064X,元展59          ,0,0,0,0,0,0,0,0,0,2000,0,0,0,2000,0,2000,2000
054259,健策元大97購03  ,0,0,0,0,0,0,0,0,0,2000,0,0,0,2000,0,2000,2000
054318,台虹凱基98購01  ,0,0,0,0,0,0,0,0,0,2000,0,0,0,258000,256000,2000,2000
054381,世芯群益98購01  ,0,0,0,0,0,0,0,0,0,2000,0,0,0,64000,62000,2000,2000
045054,聯發科元富98購02,0,0,0,0,0,0,0,0,0,2000,0,0,0,2000,0,2000,2000
050801,元金2X群益98購01,0,0,0,0,0,0,0,0,0,2000,0,0,0,2000,0,2000,2000
050982,台積電國泰96購04,0,0,0,0,0,0,0,0,0,2000,0,0,0,67000,65000,2000,2000
051233,力成群益97購01  ,0,0,0,0,0,0,0,0,0,2000,0,0,0,2000,0,2000,2000
00657,國泰日經225     ,10000,0,10000,0,0,0,0,0,0,-8000,0,0,0,104000,112000,-8000,2000
053544,華新凱基96購01  ,0,0,0,0,0,0,0,0,0,2000,0,0,0,2000,0,2000,2000
053476,冠德元大96購03  ,0,0,0,0,0,0,0,0,0,2000,0,0,0,2000,0,2000,2000
053628,微星兆豐96購01  ,0,0,0,0,0,0,0,0,0,2000,0,0,0,2000,0,2000,2000
053742,創意國票97購01  ,0,0,0,0,0,0,0,0,0,2000,0,0,0,2000,0,2000,2000
053704,國巨群益96購06  ,0,0,0,0,0,0,0,0,0,2000,0,0,0,2000,0,2000,2000
052180,緯穎元大96購05  ,0,0,0,0,0,0,0,0,0,2000,0,0,0,2000,0,2000,2000
052130,國巨凱基9B購01  ,0,0,0,0,0,0,0,0,0,2000,0,0,0,2000,0,2000,2000
052993,欣興台新97購01  ,0,0,0,0,0,0,0,0,0,2000,0,0,0,2000,0,2000,2000
052629,訊芯中信99購01  ,0,0,0,0,0,0,0,0,0,2000,0,0,0,2000,0,2000,2000
054871,明泰群益98購01  ,0,0,0,0,0,0,0,0,0,2000,0,0,0,2000,0,2000,2000
054718,可成永豐97購01  ,0,0,0,0,0,0,0,0,0,2000,0,0,0,2000,0,2000,2000
054586,健鼎國泰99購01  ,0,0,0,0,0,0,0,0,0,2000,0,0,0,2000,0,2000,2000
054471,T50反1中信9C購01,0,0,0,0,0,0,0,0,0,2000,0,0,0,165000,163000,2000,2000
055872,亞泥元富97購01  ,0,0,0,0,0,0,0,0,0,2000,0,0,0,2000,0,2000,2000
056700,華新科國泰99購03,0,0,0,0,0,0,0,0,0,2000,0,0,0,2000,0,2000,2000
056822,佐登永豐98購01  ,0,0,0,0,0,0,0,0,0,2000,0,0,0,2000,0,2000,2000
056069,新日興元大97購03,0,0,0,0,0,0,0,0,0,2000,0,0,0,2000,0,2000,2000
056023,晶豪科群益97購01,0,0,0,0,0,0,0,0,0,2000,0,0,0,122000,120000,2000,2000
058704,台積電元大99購17,0,0,0,0,0,0,0,0,0,2000,0,0,0,2000,0,2000,2000
058707,泰鼎元大99購02  ,0,0,0,0,0,0,0,0,0,2000,0,0,0,50000,48000,2000,2000
058844,元油2X群益9C購03,0,0,0,0,0,0,0,0,0,2000,0,0,0,2000,0,2000,2000
058911,茂林元大99購04  ,0,0,0,0,0,0,0,0,0,2000,0,0,0,22000,20000,2000,2000
055102,上銀凱基98購01  ,0,0,0,0,0,0,0,0,0,2000,0,0,0,2000,0,2000,2000
05500P,臺股指中信96售04,0,0,0,0,0,0,0,0,0,2000,0,0,0,2000,0,2000,2000
055168,光罩統一98購01  ,0,0,0,0,0,0,0,0,0,2000,0,0,0,2000,0,2000,2000
055254,聯詠統一97購03  ,0,0,0,0,0,0,0,0,0,2000,0,0,0,2000,0,2000,2000
055270,上銀元大97購03  ,0,0,0,0,0,0,0,0,0,2000,0,0,0,2000,0,2000,2000
055309,冠德群益97購01  ,0,0,0,0,0,0,0,0,0,2000,0,0,0,2000,0,2000,2000
056484,聯茂元大98購02  ,0,0,0,0,0,0,0,0,0,2000,0,0,0,15000,13000,2000,2000
05518P,T50反1凱基98售03,0,0,0,0,0,0,0,0,0,2000,0,0,0,2000,0,2000,2000
057897,華通富邦99購01  ,0,0,0,0,0,0,0,0,0,2000,0,0,0,2000,0,2000,2000
057194,南電元大98購01  ,0,0,0,0,0,0,0,0,0,2000,0,0,0,2000,0,2000,2000
059769,滬深2X群益9C購01,0,0,0,0,0,0,0,0,0,2000,0,0,0,2000,0,2000,2000
059733,緯穎元大99購08  ,0,0,0,0,0,0,0,0,0,2000,0,0,0,2000,0,2000,2000
059692,聯詠永豐99購01  ,0,0,0,0,0,0,0,0,0,2000,0,0,0,12000,10000,2000,2000
059239,台積電凱基99購12,0,0,0,0,0,0,0,0,0,2000,0,0,0,2000,0,2000,2000
059641,群創凱基99購06  ,0,0,0,0,0,0,0,0,0,2000,0,0,0,42000,40000,2000,2000
059206,元石油元大99購02,0,0,0,0,0,0,0,0,0,2000,0,0,0,2000,0,2000,2000
059137,電子類群益99購01,0,0,0,0,0,0,0,0,0,2000,0,0,0,2000,0,2000,2000
057807,友訊元大98購02  ,0,0,0,0,0,0,0,0,0,2000,0,0,0,2000,0,2000,2000
057774,台光電群益99購02,0,0,0,0,0,0,0,0,0,2000,0,0,0,2000,0,2000,2000
059578,智邦元富99購02  ,0,0,0,0,0,0,0,0,0,2000,0,0,0,2000,0,2000,2000
059323,新日興元大99購02,0,0,0,0,0,0,0,0,0,2000,0,0,0,2000,0,2000,2000
059415,台灣50元大9A購03,0,0,0,0,0,0,0,0,0,2000,0,0,0,3000,1000,2000,2000
057272,台積電元大98購14,0,0,0,0,0,0,0,0,0,2000,0,0,0,2000,0,2000,2000
060567,華擎富邦9C購01  ,0,0,0,0,0,0,0,0,0,2000,0,0,0,2000,0,2000,2000
060442,滬深2X元大9A購02,0,0,0,0,0,0,0,0,0,2000,0,0,0,2000,0,2000,2000
060329,鎧勝群益9B購01  ,0,0,0,0,0,0,0,0,0,2000,0,0,0,106000,104000,2000,2000
05818P,大立光凱基96售14,0,0,0,0,0,0,0,0,0,2000,0,0,0,2000,0,2000,2000
058286,道瓊指國票9B購01,0,0,0,0,0,0,0,0,0,2000,0,0,0,2000,0,2000,2000
058169,國巨凱基9A購05  ,0,0,0,0,0,0,0,0,0,2000,0,0,0,2000,0,2000,2000
057378,康友元大98購02  ,0,0,0,0,0,0,0,0,0,2000,0,0,0,2000,0,2000,2000
057353,玉晶光統一99購01,0,0,0,0,0,0,0,0,0,2000,0,0,0,3000,1000,2000,2000
059982,聯發科元大99購37,0,0,0,0,0,0,0,0,0,2000,0,0,0,2000,0,2000,2000
060027,元金2X永豐99購02,0,0,0,0,0,0,0,0,0,2000,0,0,0,2000,0,2000,2000
058512,宏達電元大99購04,0,0,0,0,0,0,0,0,0,2000,0,0,0,76000,74000,2000,2000
06757P,台灣50元大9B售01,0,0,0,0,0,0,0,0,0,2000,0,0,0,7000,5000,2000,2000
06706P,智原台新98售02  ,0,0,0,0,0,0,0,0,0,2000,0,0,0,2000,0,2000,2000
06640P,國巨兆豐99售02  ,0,0,0,0,0,0,0,0,0,2000,0,0,0,2000,0,2000,2000
06509P,鴻海群益98售03  ,0,0,0,0,0,0,0,0,0,2000,0,0,0,2000,0,2000,2000
06552P,茂林元大99售02  ,0,0,0,0,0,0,0,0,0,2000,0,0,0,2000,0,2000,2000
07190P,臺股指富邦9C售02,0,0,0,0,0,0,0,0,0,2000,0,0,0,10000,8000,2000,2000
07537P,玉晶光元富9A售04,0,0,0,0,0,0,0,0,0,2000,0,0,0,10000,8000,2000,2000
07429P,臺股指國票9A售01,0,0,0,0,0,0,0,0,0,2000,0,0,0,2000,0,2000,2000
07644P,南電凱基9A售03  ,0,0,0,0,0,0,0,0,0,2000,0,0,0,2000,0,2000,2000
07740P,臺股指永豐9A售01,0,0,0,0,0,0,0,0,0,2000,0,0,0,2000,0,2000,2000
07702P,台積電中信9A售06,0,0,0,0,0,0,0,0,0,2000,0,0,0,2000,0,2000,2000
1438,裕豐            ,2000,0,2000,0,0,0,0,0,0,0,0,0,0,0,0,0,2000
1453,大將            ,4000,2000,2000,0,0,0,0,0,0,0,0,0,0,0,0,0,2000
08018P,牧德國票9B售04  ,0,0,0,0,0,0,0,0,0,2000,0,0,0,11000,9000,2000,2000
08068P,宏達電國泰9C售01,0,0,0,0,0,0,0,0,0,2000,0,0,0,26000,24000,2000,2000
08168P,金像電群益9B售03,0,0,0,0,0,0,0,0,0,2000,0,0,0,12000,10000,2000,2000
6641,基士德-KY       ,2000,0,2000,0,0,0,0,0,0,0,0,0,0,0,0,0,2000
6456,GIS-KY          ,1781000,1597000,184000,0,0,0,35000,0,35000,-217000,2000,143000,-141000,25000,101000,-76000,2000
2882B,國泰金乙特      ,0,0,0,0,0,0,0,0,0,2000,2000,0,2000,0,0,0,2000
3504,揚明光          ,72000,63000,9000,0,0,0,0,0,0,-7000,1000,0,1000,1000,9000,-8000,2000
6409,旭隼            ,125200,124129,1071,0,0,0,0,0,0,0,0,0,0,0,0,0,1071
062763,華擎凱基9C購02  ,0,0,0,0,0,0,0,0,0,1000,0,0,0,1000,0,1000,1000
062887,台積電群益9C購05,0,0,0,0,0,0,0,0,0,1000,0,0,0,1000,0,1000,1000
06263P,燿華凱基97售04  ,0,0,0,0,0,0,0,0,0,1000,0,0,0,1000,0,1000,1000
062274,台積電群益9B購04,0,0,0,0,0,0,0,0,0,1000,0,0,0,11000,10000,1000,1000
062209,台積電台新9B購05,0,0,0,0,0,0,0,0,0,1000,0,0,0,1000,0,1000,1000
062376,中租元大9B購02  ,0,0,0,0,0,0,0,0,0,1000,0,0,0,117000,116000,1000,1000
062519,元金2X元大9B購03,0,0,0,0,0,0,0,0,0,1000,0,0,0,1000,0,1000,1000
062383,大立光國泰01購01,0,0,0,0,0,0,0,0,0,1000,0,0,0,21000,20000,1000,1000
063161,祥碩富邦9B購02  ,0,0,0,0,0,0,0,0,0,1000,0,0,0,6000,5000,1000,1000
063080,裕隆凱基9B購01  ,0,0,0,0,0,0,0,0,0,1000,0,0,0,78000,77000,1000,1000
063025,超眾元大9B購01  ,0,0,0,0,0,0,0,0,0,1000,0,0,0,48000,47000,1000,1000
063271,中磊兆豐9C購01  ,0,0,0,0,0,0,0,0,0,1000,0,0,0,1000,0,1000,1000
06475P,牧德永豐98售03  ,0,0,0,0,0,0,0,0,0,1000,0,0,0,18000,17000,1000,1000
061579,京鼎元大9A購02  ,0,0,0,0,0,0,0,0,0,1000,0,0,0,83000,82000,1000,1000
061580,華擎元大9A購06  ,0,0,0,0,0,0,0,0,0,1000,0,0,0,51000,50000,1000,1000
061694,玉山金群益9A購01,0,0,0,0,0,0,0,0,0,1000,0,0,0,55000,54000,1000,1000
061619,大立光群益9B購01,0,0,0,0,0,0,0,0,0,1000,0,0,0,1000,0,1000,1000
061848,國巨國票9B購07  ,0,0,0,0,0,0,0,0,0,1000,0,0,0,1000,0,1000,1000
062018,台勝科永豐9B購01,0,0,0,0,0,0,0,0,0,1000,0,0,0,1000,0,1000,1000
062177,上銀元大9B購02  ,0,0,0,0,0,0,0,0,0,1000,0,0,0,1000,0,1000,1000
062079,聯發科元大9B購06,0,0,0,0,0,0,0,0,0,1000,0,0,0,1000,0,1000,1000
061203,國巨元大9A購15  ,0,0,0,0,0,0,0,0,0,1000,0,0,0,1000,0,1000,1000
061171,大立光麥證9A購01,0,0,0,11000,10000,1000,0,0,0,1000,0,0,0,11000,10000,1000,1000
061341,華新科元大9A購16,0,0,0,0,0,0,0,0,0,1000,0,0,0,1000,0,1000,1000
061485,鴻海兆豐9A購01  ,0,0,0,0,0,0,0,0,0,1000,0,0,0,17000,16000,1000,1000
061376,瑞昱永豐9A購02  ,0,0,0,0,0,0,0,0,0,1000,0,0,0,1000,0,1000,1000
061120,台積電永豐9A購03,0,0,0,0,0,0,0,0,0,1000,0,0,0,1000,0,1000,1000
061112,台表科元大9A購03,0,0,0,0,0,0,0,0,0,1000,0,0,0,25000,24000,1000,1000
061104,華新科元大9A購13,0,0,0,0,0,0,0,0,0,1000,0,0,0,1000,0,1000,1000
061140,華擎統一9C購01  ,0,0,0,0,0,0,0,0,0,1000,0,0,0,1000,0,1000,1000
060941,台積電國票9B購04,0,0,0,0,0,0,0,0,0,1000,0,0,0,1000,0,1000,1000
060933,南電永豐9A購02  ,0,0,0,0,0,0,0,0,0,1000,0,0,0,1000,0,1000,1000
060848,聯茂國票9A購02  ,0,0,0,0,0,0,0,0,0,1000,0,0,0,11000,10000,1000,1000
06084P,宏達電元富97售02,0,0,0,0,0,0,0,0,0,1000,0,0,0,1000,0,1000,1000
056439,華邦電凱基98購02,0,0,0,0,0,0,0,0,0,1000,0,0,0,1000,0,1000,1000
056505,聯發科永豐98購01,0,0,0,0,0,0,0,0,0,1000,0,0,0,1000,0,1000,1000
05646P,聯發科國票96售05,0,0,0,0,0,0,0,0,0,1000,0,0,0,1000,0,1000,1000
055158,亞光元大99購01  ,0,0,0,0,0,0,0,0,0,1000,0,0,0,1000,0,1000,1000
056321,創意群益98購02  ,0,0,0,0,0,0,0,0,0,1000,0,0,0,107000,106000,1000,1000
05548P,臺股指元大96售02,0,0,0,0,0,0,0,0,0,1000,0,0,0,1000,0,1000,1000
054967,神達元大97購01  ,0,0,0,0,0,0,0,0,0,1000,0,0,0,1000,0,1000,1000
055460,華擎永豐97購01  ,0,0,0,0,0,0,0,0,0,1000,0,0,0,11000,10000,1000,1000
055084,國巨第一97購01  ,0,0,0,0,0,0,0,0,0,1000,0,0,0,1000,0,1000,1000
056295,國巨元大97購16  ,0,0,0,0,0,0,0,0,0,1000,0,0,0,2000,1000,1000,1000
05788P,臺股指永昌96售05,0,0,0,0,0,0,0,0,0,1000,0,0,0,1000,0,1000,1000
055334,禾伸堂兆豐97購01,0,0,0,0,0,0,0,0,0,1000,0,0,0,1000,0,1000,1000
056048,同欣電兆豐97購01,0,0,0,0,0,0,0,0,0,1000,0,0,0,1000,0,1000,1000
056277,上銀富邦99購02  ,0,0,0,0,0,0,0,0,0,1000,0,0,0,11000,10000,1000,1000
056820,欣興永豐98購02  ,0,0,0,0,0,0,0,0,0,1000,0,0,0,31000,30000,1000,1000
056903,大立光元大99購04,0,0,0,0,0,0,0,0,0,1000,0,0,0,1000,0,1000,1000
056293,上銀元大97購10  ,0,0,0,0,0,0,0,0,0,1000,0,0,0,1000,0,1000,1000
05579P,友達凱基98售03  ,0,0,0,0,0,0,0,0,0,1000,0,0,0,38000,37000,1000,1000
055759,技嘉群益98購02  ,0,0,0,0,0,0,0,0,0,1000,0,0,0,1000,0,1000,1000
056577,玉晶光元大99購06,0,0,0,0,0,0,0,0,0,1000,0,0,0,1000,0,1000,1000
05466P,旺宏富邦97售01  ,0,0,0,0,0,0,0,0,0,1000,0,0,0,25000,24000,1000,1000
05468P,鴻海元大96售14  ,0,0,0,0,0,0,0,0,0,1000,0,0,0,1000,0,1000,1000
054735,漢唐凱基98購01  ,0,0,0,0,0,0,0,0,0,1000,0,0,0,1000,0,1000,1000
054749,聯茂凱基98購01  ,0,0,0,0,0,0,0,0,0,1000,0,0,0,1000,0,1000,1000
054806,台化元大9A購01  ,0,0,0,0,0,0,0,0,0,1000,0,0,0,1000,0,1000,1000
054891,聯鈞統一99購02  ,0,0,0,0,0,0,0,0,0,1000,0,0,0,1000,0,1000,1000
05493P,華新科富邦99售02,0,0,0,0,0,0,0,0,0,1000,0,0,0,1000,0,1000,1000
052621,台郡富邦97購01  ,0,0,0,0,0,0,0,0,0,1000,0,0,0,1000,0,1000,1000
052890,FB上証群益9B購01,0,0,0,0,0,0,0,0,0,1000,0,0,0,2000,1000,1000,1000
052312,美律富邦96購02  ,0,0,0,0,0,0,0,0,0,1000,0,0,0,1000,0,1000,1000
053026,奇力新富邦98購01,0,0,0,0,0,0,0,0,0,1000,0,0,0,1000,0,1000,1000
054136,亞光元大96購04  ,0,0,0,0,0,0,0,0,0,1000,0,0,0,1000,0,1000,1000
05331P,上証2X國票96售01,0,0,0,0,0,0,0,0,0,1000,0,0,0,1000,0,1000,1000
053193,超眾統一97購01  ,0,0,0,0,0,0,0,0,0,1000,0,0,0,1000,0,1000,1000
053111,緯創兆豐97購01  ,0,0,0,0,0,0,0,0,0,1000,0,0,0,1000,0,1000,1000
053095,台光電統一98購01,0,0,0,0,0,0,0,0,0,1000,0,0,0,28000,27000,1000,1000
053638,信邦永豐96購01  ,0,0,0,0,0,0,0,0,0,1000,0,0,0,1000,0,1000,1000
006206,元大上證50      ,773000,76000,697000,0,0,0,0,0,0,-696000,0,0,0,299000,995000,-696000,1000
00684R,元大美元指數反1 ,0,0,0,0,0,0,0,0,0,1000,0,0,0,2000,1000,1000,1000
00775B,新光投等債15+   ,52000,11000,41000,0,0,0,0,0,0,-40000,0,0,0,0,40000,-40000,1000
05033P,T50反1元大98售01,0,0,0,0,0,0,0,0,0,1000,0,0,0,1000,0,1000,1000
051003,中環中信97購01  ,0,0,0,0,0,0,0,0,0,1000,0,0,0,1000,0,1000,1000
051067,台積電國票96購03,0,0,0,0,0,0,0,0,0,1000,0,0,0,351000,350000,1000,1000
05145P,道瓊反元大98售01,0,0,0,0,0,0,0,0,0,1000,0,0,0,1000,0,1000,1000
051482,玉晶光凱基96購01,0,0,0,0,0,0,0,0,0,1000,0,0,0,1000,0,1000,1000
051508,元黃金中信97購01,0,0,0,0,0,0,0,0,0,1000,0,0,0,1000,0,1000,1000
05161P,華新科國票96售01,0,0,0,0,0,0,0,0,0,1000,0,0,0,1000,0,1000,1000
051630,力山國票96購01  ,0,0,0,0,0,0,0,0,0,1000,0,0,0,1000,0,1000,1000
051558,元金2X國泰97購01,0,0,0,0,0,0,0,0,0,1000,0,0,0,1000,0,1000,1000
051590,玉晶光元大96購02,0,0,0,0,0,0,0,0,0,1000,0,0,0,1000,0,1000,1000
051970,元黃金凱基98購01,0,0,0,0,0,0,0,0,0,1000,0,0,0,1000,0,1000,1000
054311,世芯凱基96購02  ,0,0,0,0,0,0,0,0,0,1000,0,0,0,30000,29000,1000,1000
053977,新日興元大96購03,0,0,0,0,0,0,0,0,0,1000,0,0,0,1000,0,1000,1000
053946,全新富邦97購02  ,0,0,0,0,0,0,0,0,0,1000,0,0,0,1000,0,1000,1000
050049,華通群益96購01  ,0,0,0,0,0,0,0,0,0,1000,0,0,0,1000,0,1000,1000
054204,元金2X國票9B購02,0,0,0,0,0,0,0,0,0,1000,0,0,0,1000,0,1000,1000
049254,台積電元大96購02,0,0,0,0,0,0,0,0,0,1000,0,0,0,1000,0,1000,1000
047547,友達凱基99購02  ,0,0,0,0,0,0,0,0,0,1000,0,0,0,1000,0,1000,1000
046934,智邦元富96購01  ,0,0,0,0,0,0,0,0,0,1000,0,0,0,1000,0,1000,1000
048001,中工元大96購01  ,0,0,0,0,0,0,0,0,0,1000,0,0,0,1000,0,1000,1000
047885,元金2X富邦99購01,0,0,0,0,0,0,0,0,0,1000,0,0,0,1000,0,1000,1000
048273,南電富邦97購01  ,0,0,0,0,0,0,0,0,0,1000,0,0,0,12000,11000,1000,1000
04831P,聯詠富邦96售01  ,0,0,0,0,0,0,0,0,0,1000,0,0,0,1000,0,1000,1000
058553,合勤控永豐99購01,0,0,0,0,0,0,0,0,0,1000,0,0,0,1000,0,1000,1000
058332,鴻海元富99購03  ,0,0,0,0,0,0,0,0,0,1000,0,0,0,1000,0,1000,1000
05732P,臺股指統一96售02,0,0,0,0,0,0,0,0,0,1000,0,0,0,1000,0,1000,1000
058321,大立光永豐99購01,0,0,0,0,0,0,0,0,0,1000,0,0,0,1000,0,1000,1000
059881,臺股指凱基99購46,0,0,0,0,0,0,0,0,0,1000,0,0,0,1000,0,1000,1000
059884,鴻海國票99購09  ,0,0,0,0,0,0,0,0,0,1000,0,0,0,1000,0,1000,1000
058121,國巨國票9A購01  ,0,0,0,0,0,0,0,0,0,1000,0,0,0,1000,0,1000,1000
057423,台郡凱基98購06  ,0,0,0,0,0,0,0,0,0,1000,0,0,0,1000,0,1000,1000
060300,佐登國泰9B購01  ,0,0,0,0,0,0,0,0,0,1000,0,0,0,1000,0,1000,1000
060471,台勝科元大9B購01,0,0,0,0,0,0,0,0,0,1000,0,0,0,1000,0,1000,1000
060464,台積電元大9A購11,0,0,0,0,0,0,0,0,0,1000,0,0,0,1000,0,1000,1000
060403,上銀國泰9B購01  ,0,0,0,0,0,0,0,0,0,1000,0,0,0,1000,0,1000,1000
060127,牧德永豐99購02  ,0,0,0,0,0,0,0,0,0,1000,0,0,0,1000,0,1000,1000
06018P,康控凱基96售03  ,0,0,0,0,0,0,0,0,0,1000,0,0,0,1000,0,1000,1000
060251,易華電元大9C購01,0,0,0,0,0,0,0,0,0,1000,0,0,0,4000,3000,1000,1000
060563,智邦富邦9A購01  ,0,0,0,0,0,0,0,0,0,1000,0,0,0,1000,0,1000,1000
060516,臺股指元大9B購13,0,0,0,0,0,0,0,0,0,1000,0,0,0,1000,0,1000,1000
060481,巨大元大9A購01  ,0,0,0,0,0,0,0,0,0,1000,0,0,0,1000,0,1000,1000
06060P,玉晶光元大97售03,0,0,0,0,0,0,0,0,0,1000,0,0,0,1000,0,1000,1000
060658,台灣50凱基01購04,0,0,0,0,0,0,0,0,0,1000,0,0,0,1000,0,1000,1000
060664,聯詠凱基9A購01  ,0,0,0,0,0,0,0,0,0,1000,0,0,0,5000,4000,1000,1000
06062P,宏達電元富97售01,0,0,0,0,0,0,0,0,0,1000,0,0,0,1000,0,1000,1000
060782,道瓊指富邦9C購01,0,0,0,0,0,0,0,0,0,1000,0,0,0,3000,2000,1000,1000
060757,台積電元大9A購18,0,0,0,0,0,0,0,0,0,1000,0,0,0,2000,1000,1000,1000
060717,康控永豐9A購01  ,0,0,0,0,0,0,0,0,0,1000,0,0,0,6000,5000,1000,1000
058004,大立光群益98購03,0,0,0,0,0,0,0,0,0,1000,0,0,0,1000,0,1000,1000
057978,聯發科永豐98購05,0,0,0,0,0,0,0,0,0,1000,0,0,0,1000,0,1000,1000
057318,台光電凱基9A購01,0,0,0,0,0,0,0,0,0,1000,0,0,0,1000,0,1000,1000
056941,台郡元富9B購01  ,0,0,0,0,0,0,0,0,0,1000,0,0,0,1000,0,1000,1000
059363,超眾永豐99購02  ,0,0,0,0,0,0,0,0,0,1000,0,0,0,57000,56000,1000,1000
059490,國巨國票99購09  ,0,0,0,0,0,0,0,0,0,1000,0,0,0,1000,0,1000,1000
057751,神達國票99購02  ,0,0,0,0,0,0,0,0,0,1000,0,0,0,1000,0,1000,1000
057791,可成統一99購01  ,0,0,0,0,0,0,0,0,0,1000,0,0,0,11000,10000,1000,1000
057673,臻鼎元大98購01  ,0,0,0,0,0,0,0,0,0,1000,0,0,0,1000,0,1000,1000
057599,技嘉群益9A購01  ,0,0,0,0,0,0,0,0,0,1000,0,0,0,9000,8000,1000,1000
057625,泰鼎國泰9A購01  ,0,0,0,0,0,0,0,0,0,1000,0,0,0,1000,0,1000,1000
059138,台積電兆豐99購04,0,0,0,0,0,0,0,0,0,1000,0,0,0,1000,0,1000,1000
059129,麗豐中信99購01  ,0,0,0,0,0,0,0,0,0,1000,0,0,0,11000,10000,1000,1000
059021,台積電統一9B購07,0,0,0,0,0,0,0,0,0,1000,0,0,0,2000,1000,1000,1000
059201,祥碩永豐99購02  ,0,0,0,0,0,0,0,0,0,1000,0,0,0,1000,0,1000,1000
059165,南亞科凱基99購04,0,0,0,0,0,0,0,0,0,1000,0,0,0,20000,19000,1000,1000
059179,祥碩元富99購01  ,0,0,0,0,0,0,0,0,0,1000,0,0,0,1000,0,1000,1000
059215,台積電元大99購28,0,0,0,0,0,0,0,0,0,1000,0,0,0,1000,0,1000,1000
059217,台積電元大99購30,0,0,0,0,0,0,0,0,0,1000,0,0,0,1000,0,1000,1000
059619,台積電日盛9A購04,0,0,0,0,0,0,0,0,0,1000,0,0,0,51000,50000,1000,1000
059774,臺股指群益99購21,0,0,0,0,0,0,0,0,0,1000,0,0,0,1000,0,1000,1000
057957,嘉晶元大98購01  ,0,0,0,0,0,0,0,0,0,1000,0,0,0,12000,11000,1000,1000
058638,矽力兆豐99購01  ,0,0,0,0,0,0,0,0,0,1000,0,0,0,1000,0,1000,1000
057091,華新科元富9A購01,0,0,0,0,0,0,0,0,0,1000,0,0,0,1000,0,1000,1000
058231,技嘉元大99購02  ,0,0,0,0,0,0,0,0,0,1000,0,0,0,9000,8000,1000,1000
6666,羅麗芬-KY       ,1000,0,1000,0,0,0,0,0,0,0,0,0,0,0,0,0,1000
8443,阿瘦            ,1000,0,1000,0,0,0,0,0,0,0,0,0,0,0,0,0,1000
9103,美德醫療-DR     ,1000,0,1000,0,0,0,0,0,0,0,0,0,0,0,0,0,1000
2910,統領            ,1000,0,1000,0,0,0,0,0,0,0,0,0,0,0,0,0,1000
2891B,中信金乙特      ,0,0,0,0,0,0,0,0,0,1000,1000,0,1000,0,0,0,1000
2904,匯僑            ,1000,0,1000,0,0,0,0,0,0,0,0,0,0,0,0,0,1000
3416,融程電          ,6000,19000,-13000,0,0,0,0,0,0,14000,0,0,0,14000,0,14000,1000
1805,寶徠            ,0,1000,-1000,0,0,0,0,0,0,2000,2000,0,2000,0,0,0,1000
2511,太子            ,222000,221000,1000,0,0,0,0,0,0,0,0,0,0,0,0,0,1000
1101B,台泥乙特        ,0,0,0,0,0,0,0,0,0,1000,1000,0,1000,0,0,0,1000
1233,天仁            ,5000,4000,1000,0,0,0,0,0,0,0,0,0,0,0,0,0,1000
1457,宜進            ,51000,50000,1000,0,0,0,0,0,0,0,0,0,0,0,0,0,1000
07700P,臺股指元大9A售53,0,0,0,0,0,0,0,0,0,1000,0,0,0,1000,0,1000,1000
07638P,長榮航國票9A售01,0,0,0,0,0,0,0,0,0,1000,0,0,0,41000,40000,1000,1000
07601P,國巨統一9A售05  ,0,0,0,0,0,0,0,0,0,1000,0,0,0,1000,0,1000,1000
07430P,臺股指國票9A售02,0,0,0,0,0,0,0,0,0,1000,0,0,0,1000,0,1000,1000
07432P,臺股指國票9A售04,0,0,0,0,0,0,0,0,0,1000,0,0,0,1000,0,1000,1000
07433P,臺股指國票9A售05,0,0,0,0,0,0,0,0,0,1000,0,0,0,5000,4000,1000,1000
07552P,技嘉元大9A售03  ,0,0,0,0,0,0,0,0,0,1000,0,0,0,175000,174000,1000,1000
07335P,臺股指國票99售20,0,0,0,0,0,0,0,0,0,1000,0,0,0,1000,0,1000,1000
07178P,臺股指凱基99售20,0,0,0,0,0,0,0,0,0,1000,0,0,0,1000,0,1000,1000
07142P,台灣50元大01售01,0,0,0,0,0,0,0,0,0,1000,0,0,0,1000,0,1000,1000
07264P,台積電元大99售38,0,0,0,0,0,0,0,0,0,1000,0,0,0,454000,453000,1000,1000
06762P,智邦元大98售11  ,0,0,0,0,0,0,0,0,0,1000,0,0,0,3000,2000,1000,1000
06772P,國巨中信99售01  ,0,0,0,0,0,0,0,0,0,1000,0,0,0,1000,0,1000,1000
06804P,臺股指群益98售10,0,0,0,0,0,0,0,0,0,1000,0,0,0,1000,0,1000,1000
06996P,臺股指凱基99售17,0,0,0,0,0,0,0,0,0,1000,0,0,0,1000,0,1000,1000
060853,健策國泰9B購02  ,0,0,0,0,0,0,0,0,0,0,0,0,0,2000,2000,0,0
060847,康控國票9A購01  ,0,0,0,0,0,0,0,0,0,0,0,0,0,9000,9000,0,0
060822,華通元大9A購05  ,0,0,0,0,0,0,0,0,0,0,0,0,0,14000,14000,0,0
060940,國巨國票9B購03  ,0,0,0,0,0,0,0,0,0,0,0,0,0,3000,3000,0,0
060984,南亞科元大9A購07,0,0,0,0,0,0,0,0,0,0,0,0,0,17000,17000,0,0
061146,台表科中信9A購02,0,0,0,0,0,0,0,0,0,0,0,0,0,20000,20000,0,0
061131,崇越永豐9A購01  ,0,0,0,0,0,0,0,0,0,0,0,0,0,68000,68000,0,0
06110P,國巨國泰98售02  ,0,0,0,0,0,0,0,0,0,0,0,0,0,31000,31000,0,0
061106,群創元大9B購09  ,0,0,0,0,0,0,0,0,0,0,0,0,0,68000,68000,0,0
061107,世芯元大9A購05  ,0,0,0,0,0,0,0,0,0,0,0,0,0,5000,5000,0,0
061055,康控群益9A購01  ,0,0,0,0,0,0,0,0,0,0,0,0,0,6000,6000,0,0
061031,神隆永豐9A購02  ,0,0,0,0,0,0,0,0,0,0,0,0,0,10000,10000,0,0
060994,世芯元大9A購03  ,0,0,0,0,0,0,0,0,0,0,0,0,0,5000,5000,0,0
06148P,台積電元大97售17,0,0,0,0,0,0,0,0,0,0,0,0,0,40000,40000,0,0
061348,聯鈞元大9A購05  ,0,0,0,0,0,0,0,0,0,0,0,0,0,94000,94000,0,0
061349,嘉澤元大9A購02  ,0,0,0,0,0,0,0,0,0,0,0,0,0,8000,8000,0,0
061179,華擎凱基9A購01  ,0,0,0,0,0,0,0,0,0,0,0,0,0,1000,1000,0,0
061204,國巨元大9A購16  ,0,0,0,0,0,0,0,0,0,0,0,0,0,2000,2000,0,0
061191,可成永豐9A購02  ,0,0,0,0,0,0,0,0,0,0,0,0,0,10000,10000,0,0
061211,玉晶光元大9A購12,0,0,0,0,0,0,0,0,0,0,0,0,0,10000,10000,0,0
061255,道瓊反凱基9C購01,0,0,0,0,0,0,0,0,0,0,0,0,0,4000,4000,0,0
062118,華新科中信9B購02,0,0,0,0,0,0,0,0,0,0,0,0,0,92000,92000,0,0
062111,台勝科國票9B購01,0,0,0,0,0,0,0,0,0,0,0,0,0,9000,9000,0,0
06205P,台積電群益97售03,0,0,0,0,0,0,0,0,0,0,0,0,0,10000,10000,0,0
062073,國巨元大9B購06  ,0,0,0,0,0,0,0,0,0,0,0,0,0,1000,1000,0,0
062149,牧德國票9B購01  ,0,0,0,0,0,0,0,0,0,0,0,0,0,26000,26000,0,0
06202P,大立光元大98售06,0,0,0,0,0,0,0,0,0,0,0,0,0,180000,180000,0,0
061964,台積電統一01購05,0,0,0,0,0,0,0,0,0,0,0,0,0,4000,4000,0,0
06198P,台積電元大98售06,0,0,0,0,0,0,0,0,0,0,0,0,0,80000,80000,0,0
061958,鴻海統一01購01  ,0,0,0,0,0,0,0,0,0,0,0,0,0,15000,15000,0,0
061959,鴻海統一9B購04  ,0,0,0,0,0,0,0,0,0,0,0,0,0,14000,14000,0,0
061960,國巨統一01購05  ,0,0,0,0,0,0,0,0,0,0,0,0,0,25000,25000,0,0
06194P,台積電元富97售05,0,0,0,0,0,0,0,0,0,0,0,0,0,109000,109000,0,0
061893,鴻海永豐9B購01  ,0,0,0,0,0,0,0,0,0,0,0,0,0,5000,5000,0,0
061911,台積電中信05購04,0,0,0,0,0,0,0,0,0,0,0,0,0,3000,3000,0,0
06183P,大立光元大97售05,0,0,0,0,0,0,0,0,0,0,0,0,0,130000,130000,0,0
061846,元金2X國票9C購01,0,0,0,0,0,0,0,0,0,0,0,0,0,10000,10000,0,0
061737,南亞科凱基9B購01,0,0,0,0,0,0,0,0,0,0,0,0,0,10000,10000,0,0
061724,訊芯永豐9A購01  ,0,0,0,0,0,0,0,0,0,0,0,0,0,68000,68000,0,0
061710,國巨凱基9A購18  ,0,0,0,0,0,0,0,0,0,0,0,0,0,1000,1000,0,0
06162P,大立光群益97售02,0,0,0,0,0,0,0,0,0,0,0,0,0,5000,5000,0,0
061650,南電元大9A購07  ,0,0,0,0,0,0,0,0,0,0,0,0,0,25000,25000,0,0
061669,崇越中信9A購01  ,0,0,0,0,0,0,0,0,0,0,0,0,0,48000,48000,0,0
06156P,大立光統一97售05,0,0,0,0,0,0,0,0,0,0,0,0,0,120000,120000,0,0
06415P,台積電群益97售07,0,0,0,0,0,0,0,0,0,0,0,0,0,259000,259000,0,0
06437P,玉晶光國票99售01,0,0,0,0,0,0,0,0,0,0,0,0,0,4000,4000,0,0
06441P,台積電凱基98售08,0,0,0,0,0,0,0,0,0,0,0,0,0,1000,1000,0,0
06473P,鴻海元大99售03  ,0,0,0,0,0,0,0,0,0,0,0,0,0,54000,54000,0,0
06486P,麗豐元大98售02  ,0,0,0,0,0,0,0,0,0,0,0,0,0,176000,176000,0,0
06385P,聯發科永豐97售02,0,0,0,0,0,0,0,0,0,0,0,0,0,28000,28000,0,0
063534,鴻海統一9B購07  ,0,0,0,0,0,0,0,0,0,0,0,0,0,1000,1000,0,0
063550,可成國票9C購01  ,0,0,0,0,0,0,0,0,0,0,0,0,0,4000,4000,0,0
063472,茂林元大9B購04  ,0,0,0,0,0,0,0,0,0,0,0,0,0,25000,25000,0,0
063482,緯穎元大9B購09  ,0,0,0,0,0,0,0,0,0,0,0,0,0,4000,4000,0,0
06349P,臺股指台新99售01,0,0,0,0,0,0,0,0,0,0,0,0,0,10000,10000,0,0
063530,同欣電凱基9C購02,0,0,0,0,0,0,0,0,0,0,0,0,0,3000,3000,0,0
063278,國巨元大9C購04  ,0,0,0,0,0,0,0,0,0,0,0,0,0,27000,27000,0,0
063279,國巨元大9C購05  ,0,0,0,0,0,0,0,0,0,0,0,0,0,11000,11000,0,0
06329P,大立光兆豐97售04,0,0,0,0,0,0,0,0,0,0,0,0,0,40000,40000,0,0
063289,台表科元大9B購07,0,0,0,0,0,0,0,0,0,0,0,0,0,20000,20000,0,0
063308,緯穎凱基9B購05  ,0,0,0,0,0,0,0,0,0,0,0,0,0,4000,4000,0,0
063316,聯發科群益9C購03,0,0,0,0,0,0,0,0,0,0,0,0,0,8000,8000,0,0
063319,神達群益9B購01  ,0,0,0,0,0,0,0,0,0,0,0,0,0,24000,24000,0,0
063301,鴻海凱基9B購08  ,0,0,0,0,0,0,0,0,0,0,0,0,0,6000,6000,0,0
063468,聯詠元大9B購04  ,0,0,0,0,0,0,0,0,0,0,0,0,0,4000,4000,0,0
063427,南六凱基9B購04  ,0,0,0,0,0,0,0,0,0,0,0,0,0,7000,7000,0,0
063428,矽創凱基9B購02  ,0,0,0,0,0,0,0,0,0,0,0,0,0,15000,15000,0,0
063435,儒鴻統一01購02  ,0,0,0,0,0,0,0,0,0,0,0,0,0,25000,25000,0,0
063018,聯發科元大9B購14,0,0,0,0,0,0,0,0,0,0,0,0,0,1000,1000,0,0
063031,鴻海凱基9C購01  ,0,0,0,0,0,0,0,0,0,0,0,0,0,6000,6000,0,0
063034,致茂凱基9B購01  ,0,0,0,0,0,0,0,0,0,0,0,0,0,10000,10000,0,0
063027,台汽電元大9B購01,0,0,0,0,0,0,0,0,0,0,0,0,0,31000,31000,0,0
063040,聯詠凱基9B購03  ,0,0,0,0,0,0,0,0,0,0,0,0,0,3000,3000,0,0
063073,瑞昱永豐9B購01  ,0,0,0,0,0,0,0,0,0,0,0,0,0,20000,20000,0,0
062993,華新科群益9B購05,0,0,0,0,0,0,0,0,0,0,0,0,0,4000,4000,0,0
062943,世芯凱基9B購03  ,0,0,0,0,0,0,0,0,0,0,0,0,0,1000,1000,0,0
063163,京元電永豐9B購01,0,0,0,0,0,0,0,0,0,0,0,0,0,58000,58000,0,0
063104,大立光群益9C購02,0,0,0,0,0,0,0,0,0,0,0,0,0,10000,10000,0,0
063226,康控群益9B購03  ,0,0,0,0,0,0,0,0,0,0,0,0,0,21000,21000,0,0
063215,台表科國票9C購02,0,0,0,0,0,0,0,0,0,0,0,0,0,7000,7000,0,0
062382,燿華國泰9C購01  ,0,0,0,0,0,0,0,0,0,0,0,0,0,53000,53000,0,0
062419,台積電統一9B購15,0,0,0,0,0,0,0,0,0,0,0,0,0,4000,4000,0,0
06241P,大立光元富9A售01,0,0,0,0,0,0,0,0,0,0,0,0,0,57000,57000,0,0
062420,台積電統一9C購08,0,0,0,0,0,0,0,0,0,0,0,0,0,4000,4000,0,0
062499,鴻海群益01購01  ,0,0,0,0,0,0,0,0,0,0,0,0,0,10000,10000,0,0
06248P,國巨統一97售07  ,0,0,0,0,0,0,0,0,0,0,0,0,0,100000,100000,0,0
062504,旭富群益9B購02  ,0,0,0,0,0,0,0,0,0,0,0,0,0,125000,125000,0,0
06231P,台積電永豐97售05,0,0,0,0,0,0,0,0,0,0,0,0,0,143000,143000,0,0
062601,富邦金台新9B購01,0,0,0,0,0,0,0,0,0,0,0,0,0,43000,43000,0,0
062700,台光電元大9B購05,0,0,0,0,0,0,0,0,0,0,0,0,0,12000,12000,0,0
062691,T50反1元大9B購04,0,0,0,0,0,0,0,0,0,0,0,0,0,10000,10000,0,0
06266P,大立光凱基97售11,0,0,0,0,0,0,0,0,0,0,0,0,0,10000,10000,0,0
062889,可成群益9C購01  ,0,0,0,0,0,0,0,0,0,0,0,0,0,310000,310000,0,0
062891,台汽電群益9B購01,0,0,0,0,0,0,0,0,0,0,0,0,0,31000,31000,0,0
062862,瑞儀國票9B購01  ,0,0,0,0,0,0,0,0,0,0,0,0,0,66000,66000,0,0
062811,鴻海兆豐9B購01  ,0,0,0,0,0,0,0,0,0,0,0,0,0,5000,5000,0,0
062727,華擎凱基9B購03  ,0,0,0,0,0,0,0,0,0,0,0,0,0,3000,3000,0,0
062770,臺股指凱基9B購14,0,0,0,0,0,0,0,0,0,0,0,0,0,1000,1000,0,0
062776,鴻海元大9B購03  ,0,0,0,0,0,0,0,0,0,0,0,0,0,68000,68000,0,0
062795,國巨統一9B購15  ,0,0,0,0,0,0,0,0,0,0,0,0,0,10000,10000,0,0
048379,台郡元富96購01  ,0,0,0,0,0,0,0,0,0,0,0,0,0,14000,14000,0,0
04787P,台積電永昌96售04,0,0,0,0,0,0,0,0,0,0,0,0,0,241000,241000,0,0
049252,國巨元大96購01  ,0,0,0,0,0,0,0,0,0,0,0,0,0,1000,1000,0,0
049553,鴻海國泰96購02  ,0,0,0,0,0,0,0,0,0,0,0,0,0,32000,32000,0,0
049017,旺宏群益96購03  ,0,0,0,0,0,0,0,0,0,0,0,0,0,11000,11000,0,0
048785,台積電元大96購01,0,0,0,0,0,0,0,0,0,0,0,0,0,323000,323000,0,0
048574,台積電國泰95購02,0,0,0,0,0,0,0,0,0,0,0,0,0,310000,310000,0,0
048589,國巨兆豐96購01  ,0,0,0,0,0,0,0,0,0,0,0,0,0,17000,17000,0,0
04854P,鴻海國泰96售04  ,0,0,0,0,0,0,0,0,0,0,0,0,0,200000,200000,0,0
050253,百和國泰96購01  ,0,0,0,0,0,0,0,0,0,0,0,0,0,10000,10000,0,0
054241,深中小元大98購01,0,0,0,0,0,0,0,0,0,0,0,0,0,20000,20000,0,0
054272,華通中信98購01  ,0,0,0,0,0,0,0,0,0,0,0,0,0,1000,1000,0,0
050099,台積電永昌96購01,0,0,0,0,0,0,0,0,0,0,0,0,0,404000,404000,0,0
049973,T50反1日盛9A購01,0,0,0,0,0,0,0,0,0,0,0,0,0,1000,1000,0,0
049668,大立光國泰96購02,0,0,0,0,0,0,0,0,0,0,0,0,0,10000,10000,0,0
049820,世紀鋼元大96購03,0,0,0,0,0,0,0,0,0,0,0,0,0,10000,10000,0,0
053941,國巨國泰96購05  ,0,0,0,0,0,0,0,0,0,0,0,0,0,15000,15000,0,0
054067,百和國票97購03  ,0,0,0,0,0,0,0,0,0,0,0,0,0,25000,25000,0,0
054335,緯穎永豐96購02  ,0,0,0,0,0,0,0,0,0,0,0,0,0,20000,20000,0,0
053842,聯發科統一96購08,0,0,0,0,0,0,0,0,0,0,0,0,0,1600000,1600000,0,0
053858,台達電元大96購05,0,0,0,0,0,0,0,0,0,0,0,0,0,10000,10000,0,0
054400,健策永豐96購02  ,0,0,0,0,0,0,0,0,0,0,0,0,0,110000,110000,0,0
054359,南亞科日盛96購02,0,0,0,0,0,0,0,0,0,0,0,0,0,100000,100000,0,0
051973,華新科凱基96購04,0,0,0,0,0,0,0,0,0,0,0,0,0,140000,140000,0,0
03566P,臺股指日盛03售01,0,0,0,0,0,0,0,0,0,0,0,0,0,10000,10000,0,0
051907,台積電元大97購05,0,0,0,0,0,0,0,0,0,0,0,0,0,263000,263000,0,0
051830,健策元大97購01  ,0,0,0,0,0,0,0,0,0,0,0,0,0,1000,1000,0,0
051838,國巨國泰97購01  ,0,0,0,0,0,0,0,0,0,0,0,0,0,20000,20000,0,0
042752,台灣50元大96購03,0,0,0,0,0,0,0,0,0,0,0,0,0,40000,40000,0,0
051461,聯詠國泰96購01  ,0,0,0,0,0,0,0,0,0,0,0,0,0,99000,99000,0,0
051152,鴻海國泰97購01  ,0,0,0,0,0,0,0,0,0,0,0,0,0,4000,4000,0,0
051154,國巨國泰96購03  ,0,0,0,0,0,0,0,0,0,0,0,0,0,145000,145000,0,0
050344,鴻海元富96購01  ,0,0,0,0,0,0,0,0,0,0,0,0,0,10000,10000,0,0
03029X,元展26          ,0,0,0,0,0,0,0,0,0,0,0,0,0,3000,3000,0,0
050686,欣興兆豐96購01  ,0,0,0,0,0,0,0,0,0,0,0,0,0,30000,30000,0,0
00711B,FH彭博新興債    ,0,0,0,0,0,0,0,0,0,0,0,0,0,100000,100000,0,0
00625K,富邦上証+R      ,0,0,0,0,0,0,0,0,0,0,0,0,0,50000,50000,0,0
0057,富邦摩台        ,0,0,0,0,0,0,0,0,0,0,0,0,0,60000,60000,0,0
0054,元大台商50      ,0,0,0,0,0,0,0,0,0,0,0,0,0,2000,2000,0,0
00636K,國泰中國A50+U   ,0,0,0,0,0,0,0,0,0,0,0,0,0,100,100,0,0
00657K,國泰日經225+U   ,0,0,0,0,0,0,0,0,0,0,0,0,0,100,100,0,0
00668K,國泰美國道瓊+U  ,0,0,0,0,0,0,0,0,0,0,0,0,0,100,100,0,0
053753,啟碁永豐96購01  ,0,0,0,0,0,0,0,0,0,0,0,0,0,1000,1000,0,0
052766,玉晶光群益9A購01,0,0,0,0,0,0,0,0,0,0,0,0,0,12000,12000,0,0
052745,欣興元大96購04  ,0,0,0,0,0,0,0,0,0,0,0,0,0,20000,20000,0,0
053792,百和元大96購01  ,0,0,0,0,0,0,0,0,0,0,0,0,0,20000,20000,0,0
053774,台達電元大96購04,0,0,0,0,0,0,0,0,0,0,0,0,0,6000,6000,0,0
05316P,台積電永昌96售06,0,0,0,0,0,0,0,0,0,0,0,0,0,139000,139000,0,0
053205,台光電麥證96購01,0,0,0,10000,0,10000,0,0,0,0,0,0,0,10000,10000,0,0
053258,上証2X群益9A購03,0,0,0,0,0,0,0,0,0,0,0,0,0,33000,33000,0,0
053317,友達群益9A購02  ,0,0,0,0,0,0,0,0,0,0,0,0,0,64000,64000,0,0
053306,晶技凱基97購01  ,0,0,0,0,0,0,0,0,0,0,0,0,0,3000,3000,0,0
053278,禾伸堂元大96購01,0,0,0,0,0,0,0,0,0,0,0,0,0,50000,50000,0,0
054157,國巨亞東96購01  ,0,0,0,0,0,0,0,0,0,0,0,0,0,80000,80000,0,0
052038,國巨永昌96購01  ,0,0,0,0,0,0,0,0,0,0,0,0,0,20000,20000,0,0
05209P,鴻海凱基96售09  ,0,0,0,0,0,0,0,0,0,0,0,0,0,1000,1000,0,0
053032,國巨兆豐97購02  ,0,0,0,0,0,0,0,0,0,0,0,0,0,1000,1000,0,0
053043,嘉晶凱基96購01  ,0,0,0,0,0,0,0,0,0,0,0,0,0,10000,10000,0,0
052991,台積電台新96購01,0,0,0,0,0,0,0,0,0,0,0,0,0,519000,519000,0,0
052789,台積電麥證96購01,0,0,0,0,20000,-20000,0,0,0,0,0,0,0,35000,35000,0,0
052859,國巨凱基96購07  ,0,0,0,0,0,0,0,0,0,0,0,0,0,240000,240000,0,0
052880,台積電凱基96購06,0,0,0,0,0,0,0,0,0,0,0,0,0,111000,111000,0,0
05241P,鴻海國泰97售04  ,0,0,0,0,0,0,0,0,0,0,0,0,0,90000,90000,0,0
052470,華新科亞東97購01,0,0,0,0,0,0,0,0,0,0,0,0,0,20000,20000,0,0
052565,上銀凱基96購01  ,0,0,0,0,0,0,0,0,0,0,0,0,0,175000,175000,0,0
052566,國巨凱基96購04  ,0,0,0,0,0,0,0,0,0,0,0,0,0,220000,220000,0,0
052662,華新科國票97購01,0,0,0,0,0,0,0,0,0,0,0,0,0,15000,15000,0,0
052676,聯發科永昌98購01,0,0,0,0,0,0,0,0,0,0,0,0,0,50000,50000,0,0
054925,神達凱基97購01  ,0,0,0,0,0,0,0,0,0,0,0,0,0,93000,93000,0,0
054895,南電統一97購01  ,0,0,0,0,0,0,0,0,0,0,0,0,0,5000,5000,0,0
054841,亞德客兆豐97購01,0,0,0,0,0,0,0,0,0,0,0,0,0,210000,210000,0,0
055963,欣興元大97購04  ,0,0,0,0,0,0,0,0,0,0,0,0,0,144000,144000,0,0
055994,聯發科國泰99購02,0,0,0,0,0,0,0,0,0,0,0,0,0,160000,160000,0,0
054761,台光電國票98購02,0,0,0,0,0,0,0,0,0,0,0,0,0,70000,70000,0,0
054671,國巨國泰98購01  ,0,0,0,0,0,0,0,0,0,0,0,0,0,20000,20000,0,0
054679,台積電康和99購01,0,0,0,0,0,0,0,0,0,0,0,0,0,3000,3000,0,0
054656,深中小元大97購01,0,0,0,0,0,0,0,0,0,0,0,0,0,140000,140000,0,0
054576,健策元大98購03  ,0,0,0,0,0,0,0,0,0,0,0,0,0,120000,120000,0,0
05458P,台積電凱基97售02,0,0,0,0,0,0,0,0,0,0,0,0,0,10000,10000,0,0
054436,高鐵台新97購02  ,0,0,0,0,0,0,0,0,0,0,0,0,0,150000,150000,0,0
054523,GIS元大96購05   ,0,0,0,0,0,0,0,0,0,0,0,0,0,68000,68000,0,0
054524,華通元富96購03  ,0,0,0,0,0,0,0,0,0,0,0,0,0,1000,1000,0,0
054547,鴻海凱基98購02  ,0,0,0,0,0,0,0,0,0,0,0,0,0,8000,8000,0,0
056553,啟碁凱基98購02  ,0,0,0,0,0,0,0,0,0,0,0,0,0,1000,1000,0,0
055672,國巨日盛97購02  ,0,0,0,0,0,0,0,0,0,0,0,0,0,10000,10000,0,0
055776,宏達電凱基98購02,0,0,0,0,0,0,0,0,0,0,0,0,0,56000,56000,0,0
055525,國巨群益98購05  ,0,0,0,0,0,0,0,0,0,0,0,0,0,41000,41000,0,0
055860,啟碁元大97購04  ,0,0,0,0,0,0,0,0,0,0,0,0,0,1000,1000,0,0
055839,瑞昱元大97購04  ,0,0,0,0,0,0,0,0,0,0,0,0,0,15000,15000,0,0
05588P,群創兆豐97售02  ,0,0,0,0,0,0,0,0,0,0,0,0,0,10000,10000,0,0
05559P,臺股指麥證96售01,0,0,0,1000,1000,0,0,0,0,0,0,0,0,1000,1000,0,0
055587,智邦元大97購02  ,0,0,0,0,0,0,0,0,0,0,0,0,0,2000,2000,0,0
055572,鴻海統一98購04  ,0,0,0,0,0,0,0,0,0,0,0,0,0,13000,13000,0,0
055573,國巨統一97購06  ,0,0,0,0,0,0,0,0,0,0,0,0,0,20000,20000,0,0
056895,技嘉元大98購01  ,0,0,0,0,0,0,0,0,0,0,0,0,0,3000,3000,0,0
056870,全新日盛9A購01  ,0,0,0,0,0,0,0,0,0,0,0,0,0,30000,30000,0,0
056899,可成元大98購01  ,0,0,0,0,0,0,0,0,0,0,0,0,0,68000,68000,0,0
056905,欣興元大98購03  ,0,0,0,0,0,0,0,0,0,0,0,0,0,71000,71000,0,0
056681,鴻海統一98購09  ,0,0,0,0,0,0,0,0,0,0,0,0,0,12000,12000,0,0
056623,禾伸堂永豐98購01,0,0,0,0,0,0,0,0,0,0,0,0,0,10000,10000,0,0
056637,台光電日盛9A購01,0,0,0,0,0,0,0,0,0,0,0,0,0,23000,23000,0,0
056239,宏達電群益98購01,0,0,0,0,0,0,0,0,0,0,0,0,0,12000,12000,0,0
056167,力成台新97購01  ,0,0,0,0,0,0,0,0,0,0,0,0,0,658000,658000,0,0
056204,嘉澤永豐97購01  ,0,0,0,0,0,0,0,0,0,0,0,0,0,50000,50000,0,0
056084,漢唐統一97購03  ,0,0,0,0,0,0,0,0,0,0,0,0,0,12000,12000,0,0
056062,大立光元大97購12,0,0,0,0,0,0,0,0,0,0,0,0,0,10000,10000,0,0
056126,台郡國票98購02  ,0,0,0,0,0,0,0,0,0,0,0,0,0,11000,11000,0,0
056122,勤誠群益97購02  ,0,0,0,0,0,0,0,0,0,0,0,0,0,102000,102000,0,0
055331,國巨兆豐99購01  ,0,0,0,0,0,0,0,0,0,0,0,0,0,15000,15000,0,0
057859,神達康和98購01  ,0,0,0,0,0,0,0,0,0,0,0,0,0,24000,24000,0,0
05786P,臺股指永昌96售03,0,0,0,0,0,0,0,0,0,0,0,0,0,10000,10000,0,0
05868P,台積電凱基96售17,0,0,0,0,0,0,0,0,0,0,0,0,0,50000,50000,0,0
058716,華新科台新99購02,0,0,0,0,0,0,0,0,0,0,0,0,0,10000,10000,0,0
058742,鴻海康和99購01  ,0,0,0,0,0,0,0,0,0,0,0,0,0,8000,8000,0,0
058743,可成康和99購01  ,0,0,0,0,0,0,0,0,0,0,0,0,0,3000,3000,0,0
058815,華新科台新99購03,0,0,0,0,0,0,0,0,0,0,0,0,0,20000,20000,0,0
058810,國巨統一9B購04  ,0,0,0,0,0,0,0,0,0,0,0,0,0,30000,30000,0,0
058812,台積電統一9B購06,0,0,0,0,0,0,0,0,0,0,0,0,0,3000,3000,0,0
058777,台光電國票9A購01,0,0,0,0,0,0,0,0,0,0,0,0,0,1000,1000,0,0
056294,上銀元大97購11  ,0,0,0,0,0,0,0,0,0,0,0,0,0,2000,2000,0,0
056352,鴻海元大99購01  ,0,0,0,0,0,0,0,0,0,0,0,0,0,10000,10000,0,0
056379,玉晶光元富98購01,0,0,0,0,0,0,0,0,0,0,0,0,0,10000,10000,0,0
055298,啟碁元大97購02  ,0,0,0,0,0,0,0,0,0,0,0,0,0,1000,1000,0,0
056532,技嘉凱基98購01  ,0,0,0,0,0,0,0,0,0,0,0,0,0,2000,2000,0,0
05651P,大立光元大97售02,0,0,0,0,0,0,0,0,0,0,0,0,0,96000,96000,0,0
05643P,大立光中信98售01,0,0,0,0,0,0,0,0,0,0,0,0,0,100000,100000,0,0
056428,台達電凱基99購01,0,0,0,0,0,0,0,0,0,0,0,0,0,4000,4000,0,0
056429,華通凱基98購02  ,0,0,0,0,0,0,0,0,0,0,0,0,0,90000,90000,0,0
055238,茂林台新97購01  ,0,0,0,0,0,0,0,0,0,0,0,0,0,40000,40000,0,0
058266,宏達電永豐99購01,0,0,0,0,0,0,0,0,0,0,0,0,0,8000,8000,0,0
058980,鴻海凱基99購06  ,0,0,0,0,0,0,0,0,0,0,0,0,0,4000,4000,0,0
057075,嘉聯益永豐98購01,0,0,0,0,0,0,0,0,0,0,0,0,0,68000,68000,0,0
057040,國巨元大98購12  ,0,0,0,0,0,0,0,0,0,0,0,0,0,1000,1000,0,0
058641,鴻海麥證99購02  ,0,0,0,180000,0,180000,0,0,0,0,0,0,0,180000,180000,0,0
058654,鴻海中信03購01  ,0,0,0,0,0,0,0,0,0,0,0,0,0,16000,16000,0,0
05862P,大立光國泰98售01,0,0,0,0,0,0,0,0,0,0,0,0,0,68000,68000,0,0
058683,可成凱基9A購01  ,0,0,0,0,0,0,0,0,0,0,0,0,0,1000,1000,0,0
058672,可成群益9B購02  ,0,0,0,0,0,0,0,0,0,0,0,0,0,1000,1000,0,0
058674,宏達電群益99購01,0,0,0,0,0,0,0,0,0,0,0,0,0,13000,13000,0,0
057943,可成國票99購03  ,0,0,0,0,0,0,0,0,0,0,0,0,0,18000,18000,0,0
057910,華新科兆豐99購02,0,0,0,0,0,0,0,0,0,0,0,0,0,10000,10000,0,0
057915,台泥凱基98購01  ,0,0,0,0,0,0,0,0,0,0,0,0,0,50000,50000,0,0
057916,國巨凱基98購13  ,0,0,0,0,0,0,0,0,0,0,0,0,0,20000,20000,0,0
05717P,鴻海元大97售07  ,0,0,0,0,0,0,0,0,0,0,0,0,0,50000,50000,0,0
059085,鴻海元大99購25  ,0,0,0,0,0,0,0,0,0,0,0,0,0,4000,4000,0,0
059020,元油2X統一9B購02,0,0,0,0,0,0,0,0,0,0,0,0,0,20000,20000,0,0
059716,鴻海元大99購35  ,0,0,0,0,0,0,0,0,0,0,0,0,0,5000,5000,0,0
059717,國巨元大99購21  ,0,0,0,0,0,0,0,0,0,0,0,0,0,4000,4000,0,0
059735,T50反1元富99購06,0,0,0,0,0,0,0,0,0,0,0,0,0,20000,20000,0,0
059731,康控元大99購04  ,0,0,0,0,0,0,0,0,0,0,0,0,0,4000,4000,0,0
059624,鴻海凱基01購01  ,0,0,0,0,0,0,0,0,0,0,0,0,0,7000,7000,0,0
059626,台積電凱基01購01,0,0,0,0,0,0,0,0,0,0,0,0,0,3000,3000,0,0
059657,華通元大99購09  ,0,0,0,0,0,0,0,0,0,0,0,0,0,4000,4000,0,0
05922P,京元電兆豐96售01,0,0,0,0,0,0,0,0,0,0,0,0,0,20000,20000,0,0
059237,鴻海凱基9A購10  ,0,0,0,0,0,0,0,0,0,0,0,0,0,3000,3000,0,0
059161,鴻海凱基9A購09  ,0,0,0,0,0,0,0,0,0,0,0,0,0,2000,2000,0,0
059213,國巨元大99購19  ,0,0,0,0,0,0,0,0,0,0,0,0,0,60000,60000,0,0
059190,欣興富邦9A購01  ,0,0,0,0,0,0,0,0,0,0,0,0,0,3000,3000,0,0
059037,宏達電群益99購02,0,0,0,0,0,0,0,0,0,0,0,0,0,28000,28000,0,0
057604,鴻海統一9C購01  ,0,0,0,0,0,0,0,0,0,0,0,0,0,7000,7000,0,0
057790,台積電統一99購04,0,0,0,0,0,0,0,0,0,0,0,0,0,4000,4000,0,0
057758,鴻海凱基99購03  ,0,0,0,0,0,0,0,0,0,0,0,0,0,14000,14000,0,0
057513,智邦台新98購01  ,0,0,0,0,0,0,0,0,0,0,0,0,0,13000,13000,0,0
057531,禾伸堂元大99購04,0,0,0,0,0,0,0,0,0,0,0,0,0,50000,50000,0,0
058009,智易國票99購01  ,0,0,0,0,0,0,0,0,0,0,0,0,0,2000,2000,0,0
059820,南亞科凱基99購07,0,0,0,0,0,0,0,0,0,0,0,0,0,10000,10000,0,0
05984P,台積電統一98售01,0,0,0,0,0,0,0,0,0,0,0,0,0,169000,169000,0,0
059815,SP黃豆凱基9A購03,0,0,0,0,0,0,0,0,0,0,0,0,0,5000,5000,0,0
059795,鴻海國票99購07  ,0,0,0,0,0,0,0,0,0,0,0,0,0,7000,7000,0,0
05979P,華新科中信96售02,0,0,0,0,0,0,0,0,0,0,0,0,0,12000,12000,0,0
059501,可成元富99購01  ,0,0,0,0,0,0,0,0,0,0,0,0,0,19000,19000,0,0
059507,鴻海永豐99購03  ,0,0,0,0,0,0,0,0,0,0,0,0,0,20000,20000,0,0
059511,宏達電永豐99購02,0,0,0,0,0,0,0,0,0,0,0,0,0,4000,4000,0,0
059467,旺宏元大99購15  ,0,0,0,0,0,0,0,0,0,0,0,0,0,4000,4000,0,0
059468,智邦元大99購02  ,0,0,0,0,0,0,0,0,0,0,0,0,0,5000,5000,0,0
05945P,聯詠中信96售01  ,0,0,0,0,0,0,0,0,0,0,0,0,0,8000,8000,0,0
059440,康控元大9B購01  ,0,0,0,0,0,0,0,0,0,0,0,0,0,10000,10000,0,0
059563,鴻海凱基9A購14  ,0,0,0,0,0,0,0,0,0,0,0,0,0,7000,7000,0,0
059564,鴻海凱基9A購15  ,0,0,0,0,0,0,0,0,0,0,0,0,0,7000,7000,0,0
059531,華新科凱基9B購02,0,0,0,0,0,0,0,0,0,0,0,0,0,4000,4000,0,0
059369,滬深2X元富9C購01,0,0,0,0,0,0,0,0,0,0,0,0,0,1000,1000,0,0
059349,台郡凱基99購04  ,0,0,0,0,0,0,0,0,0,0,0,0,0,20000,20000,0,0
059398,滬深2X元富9C購02,0,0,0,0,0,0,0,0,0,0,0,0,0,1000,1000,0,0
059595,華新科元大9A購03,0,0,0,0,0,0,0,0,0,0,0,0,0,10000,10000,0,0
057236,聯詠凱基98購03  ,0,0,0,0,0,0,0,0,0,0,0,0,0,49000,49000,0,0
057273,智邦元大98購05  ,0,0,0,0,0,0,0,0,0,0,0,0,0,9000,9000,0,0
057280,大立光元大98購15,0,0,0,0,0,0,0,0,0,0,0,0,0,2000,2000,0,0
060751,高股息元大9B購01,0,0,0,0,0,0,0,0,0,0,0,0,0,1000,1000,0,0
060697,鴻海國泰9C購01  ,0,0,0,0,0,0,0,0,0,0,0,0,0,4000,4000,0,0
060768,鴻海麥證9A購02  ,0,0,0,32000,30000,2000,0,0,0,0,0,0,0,32000,32000,0,0
060663,聯發科凱基9A購13,0,0,0,0,0,0,0,0,0,0,0,0,0,5000,5000,0,0
060604,宏達電凱基9B購01,0,0,0,0,0,0,0,0,0,0,0,0,0,8000,8000,0,0
060496,滬深2X元大9A購05,0,0,0,0,0,0,0,0,0,0,0,0,0,20000,20000,0,0
060509,宏達電元大9A購02,0,0,0,0,0,0,0,0,0,0,0,0,0,84000,84000,0,0
06050P,玉晶光國票98售01,0,0,0,0,0,0,0,0,0,0,0,0,0,104000,104000,0,0
060527,台積電中信9C購04,0,0,0,0,0,0,0,0,0,0,0,0,0,3000,3000,0,0
060244,大立光元大9B購02,0,0,0,0,0,0,0,0,0,0,0,0,0,50000,50000,0,0
060264,華新科國票9A購02,0,0,0,0,0,0,0,0,0,0,0,0,0,3000,3000,0,0
060194,旭富元富9A購01  ,0,0,0,0,0,0,0,0,0,0,0,0,0,80000,80000,0,0
060216,鴻海凱基9A購17  ,0,0,0,0,0,0,0,0,0,0,0,0,0,1000,1000,0,0
060174,T50反1元富04購01,0,0,0,0,0,0,0,0,0,0,0,0,0,5000,5000,0,0
060105,牧德元大9B購01  ,0,0,0,0,0,0,0,0,0,0,0,0,0,10000,10000,0,0
060087,鴻海元大99購43  ,0,0,0,0,0,0,0,0,0,0,0,0,0,51000,51000,0,0
060405,中租國泰9C購01  ,0,0,0,0,0,0,0,0,0,0,0,0,0,1000,1000,0,0
057429,華新科兆豐98購03,0,0,0,0,0,0,0,0,0,0,0,0,0,10000,10000,0,0
057407,超眾群益99購01  ,0,0,0,0,0,0,0,0,0,0,0,0,0,107000,107000,0,0
057818,泰碩元大9A購01  ,0,0,0,0,0,0,0,0,0,0,0,0,0,90000,90000,0,0
057481,技嘉元大98購04  ,0,0,0,0,0,0,0,0,0,0,0,0,0,5000,5000,0,0
058130,瑞昱元大99購01  ,0,0,0,0,0,0,0,0,0,0,0,0,0,248000,248000,0,0
059877,康控凱基99購05  ,0,0,0,0,0,0,0,0,0,0,0,0,0,6000,6000,0,0
059889,華新科國票99購04,0,0,0,0,0,0,0,0,0,0,0,0,0,4000,4000,0,0
059893,台積電台新9A購02,0,0,0,0,0,0,0,0,0,0,0,0,0,3000,3000,0,0
05990P,台積電群益96售13,0,0,0,0,0,0,0,0,0,0,0,0,0,50000,50000,0,0
059910,鴻海元大99購37  ,0,0,0,0,0,0,0,0,0,0,0,0,0,1000,1000,0,0
058309,大毅元大99購02  ,0,0,0,0,0,0,0,0,0,0,0,0,0,43000,43000,0,0
058167,鴻海凱基9A購03  ,0,0,0,0,0,0,0,0,0,0,0,0,0,1000,1000,0,0
058158,台積電台新99購01,0,0,0,0,0,0,0,0,0,0,0,0,0,1000,1000,0,0
057330,台積電國票99購03,0,0,0,0,0,0,0,0,0,0,0,0,0,499000,499000,0,0
057328,京鼎群益99購02  ,0,0,0,0,0,0,0,0,0,0,0,0,0,3000,3000,0,0
057334,技嘉國票98購02  ,0,0,0,0,0,0,0,0,0,0,0,0,0,3000,3000,0,0
057346,鴻海統一98購13  ,0,0,0,0,0,0,0,0,0,0,0,0,0,5000,5000,0,0
05813P,臺股指國票96售06,0,0,0,0,0,0,0,0,0,0,0,0,0,1000,1000,0,0
058359,瑞昱凱基99購01  ,0,0,0,0,0,0,0,0,0,0,0,0,0,20000,20000,0,0
058365,奇力新凱基9A購01,0,0,0,0,0,0,0,0,0,0,0,0,0,10000,10000,0,0
058388,健策國票9A購01  ,0,0,0,0,0,0,0,0,0,0,0,0,0,91000,91000,0,0
058538,智邦台新99購02  ,0,0,0,0,0,0,0,0,0,0,0,0,0,8000,8000,0,0
058451,智邦永豐9A購01  ,0,0,0,0,0,0,0,0,0,0,0,0,0,16000,16000,0,0
058472,亞德客凱基9A購01,0,0,0,0,0,0,0,0,0,0,0,0,0,10000,10000,0,0
058474,鴻海凱基9A購06  ,0,0,0,0,0,0,0,0,0,0,0,0,0,26000,26000,0,0
05845P,大立光元大96售06,0,0,0,0,0,0,0,0,0,0,0,0,0,1000,1000,0,0
05846P,大立光元大96售07,0,0,0,0,0,0,0,0,0,0,0,0,0,227000,227000,0,0
058482,祥碩凱基99購02  ,0,0,0,0,0,0,0,0,0,0,0,0,0,10000,10000,0,0
058488,華擎國票9A購01  ,0,0,0,0,0,0,0,0,0,0,0,0,0,499000,499000,0,0
060037,鴻海國票99購10  ,0,0,0,0,0,0,0,0,0,0,0,0,0,7000,7000,0,0
060041,T50反1群益99購04,0,0,0,0,0,0,0,0,0,0,0,0,0,10000,10000,0,0
060054,華新科凱基9B購04,0,0,0,0,0,0,0,0,0,0,0,0,0,8000,8000,0,0
060055,宏達電凱基99購06,0,0,0,0,0,0,0,0,0,0,0,0,0,8000,8000,0,0
060059,鴻海兆豐99購06  ,0,0,0,0,0,0,0,0,0,0,0,0,0,10000,10000,0,0
059007,南電元大99購05  ,0,0,0,0,0,0,0,0,0,0,0,0,0,30000,30000,0,0
058568,宏達電凱基9A購02,0,0,0,0,0,0,0,0,0,0,0,0,0,208000,208000,0,0
058583,臻鼎群益99購01  ,0,0,0,0,0,0,0,0,0,0,0,0,0,10000,10000,0,0
06993P,鴻海凱基99售05  ,0,0,0,0,0,0,0,0,0,0,0,0,0,2000,2000,0,0
07005P,台積電統一9B售05,0,0,0,0,0,0,0,0,0,0,0,0,0,10000,10000,0,0
06951P,台積電統一9B售02,0,0,0,0,0,0,0,0,0,0,0,0,0,110000,110000,0,0
06920P,台灣50凱基9A售01,0,0,0,0,0,0,0,0,0,0,0,0,0,180000,180000,0,0
06841P,臺股指統一9A售02,0,0,0,0,0,0,0,0,0,0,0,0,0,10000,10000,0,0
06850P,聯茂元大98售06  ,0,0,0,0,0,0,0,0,0,0,0,0,0,15000,15000,0,0
06797P,臺股指凱基98售07,0,0,0,0,0,0,0,0,0,0,0,0,0,10000,10000,0,0
06562P,台積電國泰99售02,0,0,0,0,0,0,0,0,0,0,0,0,0,6000,6000,0,0
06597P,國巨富邦9A售05  ,0,0,0,0,0,0,0,0,0,0,0,0,0,70000,70000,0,0
06527P,T50正2富邦9C售01,0,0,0,0,0,0,0,0,0,0,0,0,0,14000,14000,0,0
06666P,台積電日盛9A售02,0,0,0,0,0,0,0,0,0,0,0,0,0,1000,1000,0,0
06631P,玉晶光群益9A售03,0,0,0,0,0,0,0,0,0,0,0,0,0,8000,8000,0,0
07238P,台灣50國票99售07,0,0,0,0,0,0,0,0,0,0,0,0,0,6000,6000,0,0
07194P,聯發科元大99售25,0,0,0,0,0,0,0,0,0,0,0,0,0,10000,10000,0,0
07020P,玉晶光台新99售02,0,0,0,0,0,0,0,0,0,0,0,0,0,596000,596000,0,0
07021P,台積電富邦9C售02,0,0,0,0,0,0,0,0,0,0,0,0,0,20000,20000,0,0
07115P,T50反1日盛9C售02,0,0,0,0,0,0,0,0,0,0,0,0,0,220000,220000,0,0
07324P,台積電元大99售40,0,0,0,0,0,0,0,0,0,0,0,0,0,600000,600000,0,0
07359P,台積電元大99售45,0,0,0,0,0,0,0,0,0,0,0,0,0,30000,30000,0,0
07541P,國巨凱基9A售12  ,0,200000,-200000,0,0,0,0,0,0,200000,0,0,0,200000,0,200000,0
07489P,國巨國票9A售07  ,0,0,0,0,0,0,0,0,0,0,0,0,0,10000,10000,0,0
07415P,台積電元大99售52,0,0,0,0,0,0,0,0,0,0,0,0,0,1000,1000,0,0
07458P,長榮航元大9A售01,0,0,0,0,0,0,0,0,0,0,0,0,0,101000,101000,0,0
07593P,臺股指凱基9A售08,0,0,0,0,0,0,0,0,0,0,0,0,0,20000,20000,0,0
07559P,祥碩元大9A售03  ,0,0,0,0,0,0,0,0,0,0,0,0,0,20000,20000,0,0
07691P,宏達電元大9A售05,0,0,0,0,0,0,0,0,0,0,0,0,0,15000,15000,0,0
07796P,聯發科國票9A售03,0,0,0,0,0,0,0,0,0,0,0,0,0,13000,13000,0,0
07939P,台積電統一9B售14,0,0,0,0,0,0,0,0,0,0,0,0,0,5000,5000,0,0
08674P,嘉晶元富07售02  ,0,0,0,0,0,0,0,0,0,0,0,0,0,167000,167000,0,0
08147P,聯發科群益9B售10,0,0,0,0,0,0,0,0,0,0,0,0,0,10000,10000,0,0
08125P,聯茂群益9B售02  ,0,0,0,0,0,0,0,0,0,0,0,0,0,35000,35000,0,0
08044P,臺股指富邦9B售03,0,0,0,0,0,0,0,0,0,0,0,0,0,140000,140000,0,0
2491,吉祥全          ,0,2000,-2000,0,0,0,0,0,0,2000,2000,0,2000,0,0,0,0
2425,承啟            ,19000,19000,0,0,0,0,0,0,0,0,0,0,0,0,0,0,0
1724,台硝            ,1000,1000,0,0,0,0,0,0,0,0,0,0,0,0,0,0,0
3058,立德            ,14000,8000,6000,0,0,0,0,0,0,-6000,0,6000,-6000,0,0,0,0
3593,力銘            ,1000,1000,0,0,0,0,0,0,0,0,0,0,0,0,0,0,0
9929,秋雨            ,0,1000,-1000,0,0,0,0,0,0,1000,1000,0,1000,0,0,0,0
6671,三能-KY         ,2000,2000,0,0,0,0,0,0,0,0,0,0,0,0,0,0,0
6674,鋐寶科技        ,0,1000,-1000,0,0,0,0,0,0,1000,1000,0,1000,0,0,0,0
6698,旭暉應材        ,6000,6000,0,0,0,0,0,0,0,0,0,0,0,0,0,0,0
6192,巨路            ,9000,35000,-26000,0,0,0,0,0,0,26000,26000,0,26000,0,0,0,0
6136,富爾特          ,3000,3000,0,0,0,0,0,0,0,0,0,0,0,0,0,0,0
062742,技嘉國泰01購01  ,0,0,0,0,0,0,0,0,0,-1000,0,0,0,15000,16000,-1000,-1000
062823,台表科兆豐9B購01,0,0,0,0,0,0,0,0,0,-1000,0,0,0,80000,81000,-1000,-1000
062872,華通兆豐9C購01  ,0,0,0,0,0,0,0,0,0,-1000,0,0,0,13000,14000,-1000,-1000
062894,道瓊銀元大9B購02,0,0,0,0,0,0,0,0,0,-1000,0,0,0,0,1000,-1000,-1000
062676,南六台新9B購01  ,0,0,0,0,0,0,0,0,0,-1000,0,0,0,20000,21000,-1000,-1000
062639,臻鼎國票9C購01  ,0,0,0,0,0,0,0,0,0,-1000,0,0,0,19000,20000,-1000,-1000
062368,聯詠元大9B購01  ,0,0,0,0,0,0,0,0,0,-1000,0,0,0,70000,71000,-1000,-1000
062482,台表科國票9B購01,0,0,0,0,0,0,0,0,0,-1000,0,0,0,5000,6000,-1000,-1000
063214,康控國票9C購01  ,0,0,0,0,0,0,0,0,0,-1000,0,0,0,9000,10000,-1000,-1000
063190,聯茂凱基9B購01  ,0,0,0,0,0,0,0,0,0,-1000,0,0,0,18000,19000,-1000,-1000
063254,臺股指元大9B購41,0,0,0,0,0,0,0,0,0,-1000,0,0,0,0,1000,-1000,-1000
063123,聯發科元大9B購16,0,0,0,0,0,0,0,0,0,-1000,0,0,0,1000,2000,-1000,-1000
06303P,臺股指元大97售09,0,0,0,0,0,0,0,0,0,-1000,0,0,0,0,1000,-1000,-1000
06342P,世芯統一98售01  ,0,0,0,0,0,0,0,0,0,-1000,0,0,0,0,1000,-1000,-1000
063344,臺企銀統一9C購01,0,0,0,0,0,0,0,0,0,-1000,0,0,0,20000,21000,-1000,-1000
06328P,台積電中信01售02,0,0,0,0,0,0,0,0,0,-1000,0,0,0,51000,52000,-1000,-1000
063293,億豐元大9B購01  ,0,0,0,0,0,0,0,0,0,-1000,0,0,0,0,1000,-1000,-1000
063481,緯穎元大9B購08  ,0,0,0,0,0,0,0,0,0,-1000,0,0,0,0,1000,-1000,-1000
063541,華擎元富9B購02  ,0,0,0,0,0,0,0,0,0,-1000,0,0,0,0,1000,-1000,-1000
063592,瑞祺永豐9B購02  ,0,0,0,0,0,0,0,0,0,-1000,0,0,0,0,1000,-1000,-1000
06469P,臺股指凱基99售09,0,0,0,0,0,0,0,0,0,-1000,0,0,0,0,1000,-1000,-1000
06470P,臺股指凱基99售10,0,0,0,0,0,0,0,0,0,-1000,0,0,0,0,1000,-1000,-1000
061513,華新科永豐9A購04,0,0,0,0,0,0,0,0,0,-1000,0,0,0,1000,2000,-1000,-1000
06176P,台積電元大97售22,0,0,0,0,0,0,0,0,0,-1000,0,0,0,0,1000,-1000,-1000
061926,晶技凱基9B購02  ,0,0,0,0,0,0,0,0,0,-1000,0,0,0,1000,2000,-1000,-1000
061968,聯發科統一01購03,0,0,0,0,0,0,0,0,0,-1000,0,0,0,0,1000,-1000,-1000
062022,緯穎永豐9B購01  ,0,0,0,0,0,0,0,0,0,-1000,0,0,0,0,1000,-1000,-1000
06201P,可成元大97售01  ,0,0,0,0,0,0,0,0,0,-1000,0,0,0,0,1000,-1000,-1000
062135,國巨群益9B購05  ,0,0,0,0,0,0,0,0,0,-1000,0,0,0,37000,38000,-1000,-1000
062066,元黃金元大9B購01,0,0,0,0,0,0,0,0,0,-1000,0,0,0,0,1000,-1000,-1000
06117P,臺股指日盛97售02,0,0,0,0,0,0,0,0,0,-1000,0,0,0,0,1000,-1000,-1000
061498,大立光國票9A購10,0,0,0,0,0,0,0,0,0,-1000,0,0,0,6000,7000,-1000,-1000
061473,台積電元大9A購33,0,0,0,0,0,0,0,0,0,-1000,0,0,0,0,1000,-1000,-1000
061413,台勝科群益9A購01,0,0,0,0,0,0,0,0,0,-1000,0,0,0,5000,6000,-1000,-1000
061010,上銀麥證9A購02  ,0,0,0,3000,4000,-1000,0,0,0,-1000,0,0,0,3000,4000,-1000,-1000
055280,智邦元大97購01  ,0,0,0,0,0,0,0,0,0,-1000,0,0,0,0,1000,-1000,-1000
056390,台積電富邦9B購01,0,0,0,0,0,0,0,0,0,-1000,0,0,0,0,1000,-1000,-1000
055468,智邦凱基97購04  ,0,0,0,0,0,0,0,0,0,-1000,0,0,0,0,1000,-1000,-1000
058826,台積電永豐99購02,0,0,0,0,0,0,0,0,0,-1000,0,0,0,0,1000,-1000,-1000
058958,台表科國票9A購03,0,0,0,0,0,0,0,0,0,-1000,0,0,0,0,1000,-1000,-1000
058948,道瓊銀群益9C購01,0,0,0,0,0,0,0,0,0,-1000,0,0,0,20000,21000,-1000,-1000
058723,元石油國泰9A購01,0,0,0,0,0,0,0,0,0,-1000,0,0,0,0,1000,-1000,-1000
058701,鴻海元大99購16  ,0,0,0,0,0,0,0,0,0,-1000,0,0,0,0,1000,-1000,-1000
058697,亞德客元大99購01,0,0,0,0,0,0,0,0,0,-1000,0,0,0,0,1000,-1000,-1000
056157,聯詠凱基97購03  ,0,0,0,0,0,0,0,0,0,-1000,0,0,0,0,1000,-1000,-1000
056015,華通群益99購01  ,0,0,0,0,0,0,0,0,0,-1000,0,0,0,0,1000,-1000,-1000
056085,聯發科統一97購01,0,0,0,0,0,0,0,0,0,-1000,0,0,0,0,1000,-1000,-1000
056174,億光元富97購01  ,0,0,0,0,0,0,0,0,0,-1000,0,0,0,0,1000,-1000,-1000
056738,國巨凱基9A購02  ,0,0,0,0,0,0,0,0,0,-1000,0,0,0,10000,11000,-1000,-1000
056863,義隆群益98購01  ,0,0,0,0,0,0,0,0,0,-1000,0,0,0,47000,48000,-1000,-1000
055726,台表科元大98購03,0,0,0,0,0,0,0,0,0,-1000,0,0,0,14000,15000,-1000,-1000
054591,GIS國泰98購01   ,0,0,0,0,0,0,0,0,0,-1000,0,0,0,0,1000,-1000,-1000
054828,正崴國泰99購01  ,0,0,0,0,0,0,0,0,0,-1000,0,0,0,0,1000,-1000,-1000
052523,奇力新元大97購01,0,0,0,0,0,0,0,0,0,-1000,0,0,0,0,1000,-1000,-1000
052424,泰碩國票97購01  ,0,0,0,0,0,0,0,0,0,-1000,0,0,0,0,1000,-1000,-1000
052317,台積電元大96購11,0,0,0,0,0,0,0,0,0,-1000,0,0,0,4000,5000,-1000,-1000
052326,滬深反中信99購01,0,0,0,0,0,0,0,0,0,-1000,0,0,0,0,1000,-1000,-1000
053174,同欣電群益98購02,0,0,0,0,0,0,0,0,0,-1000,0,0,0,0,1000,-1000,-1000
053198,亞德客日盛96購01,0,0,0,0,0,0,0,0,0,-1000,0,0,0,2000,3000,-1000,-1000
053643,漢唐國票97購02  ,0,0,0,0,0,0,0,0,0,-1000,0,0,0,2000,3000,-1000,-1000
053621,臺股指群益96購07,0,0,0,0,0,0,0,0,0,-1000,0,0,0,0,1000,-1000,-1000
053503,臻鼎兆豐97購01  ,0,0,0,0,0,0,0,0,0,-1000,0,0,0,0,1000,-1000,-1000
00688L,國泰20年美債正2 ,1000,0,1000,0,0,0,0,0,0,-2000,0,0,0,100000,102000,-2000,-1000
0053,元大電子        ,1000,0,1000,0,0,0,0,0,0,-2000,0,0,0,2000,4000,-2000,-1000
03027X,元展24          ,0,0,0,0,0,0,0,0,0,-1000,0,0,0,0,1000,-1000,-1000
020011,統一微波高息20N ,0,0,0,0,0,0,0,0,0,-1000,0,0,0,1000,2000,-1000,-1000
03022X,富展01          ,0,0,0,0,0,0,0,0,0,-1000,0,0,0,0,1000,-1000,-1000
050992,台積電元大97購01,0,0,0,0,0,0,0,0,0,-1000,0,0,0,0,1000,-1000,-1000
050890,南電富邦99購01  ,0,0,0,0,0,0,0,0,0,-1000,0,0,0,0,1000,-1000,-1000
039212,台達電台新9A購01,0,0,0,0,0,0,0,0,0,-1000,0,0,0,0,1000,-1000,-1000
051739,奇力新國票97購01,0,0,0,0,0,0,0,0,0,-1000,0,0,0,0,1000,-1000,-1000
03437B,臺股指元富9C熊01,0,0,0,0,0,0,0,0,0,-1000,0,0,0,15000,16000,-1000,-1000
050282,T50反1凱基97購01,0,0,0,0,0,0,0,0,0,-1000,0,0,0,30000,31000,-1000,-1000
054217,台表科國票97購05,0,0,0,0,0,0,0,0,0,-1000,0,0,0,22000,23000,-1000,-1000
048422,瑞昱元富96購02  ,0,0,0,0,0,0,0,0,0,-1000,0,0,0,0,1000,-1000,-1000
049065,T50反1凱基96購04,0,0,0,0,0,0,0,0,0,-1000,0,0,0,0,1000,-1000,-1000
047004,台積電統一99購01,0,0,0,0,0,0,0,0,0,-1000,0,0,0,2000,3000,-1000,-1000
059967,聯發科凱基99購20,0,0,0,0,0,0,0,0,0,-1000,0,0,0,0,1000,-1000,-1000
059978,國巨元大99購29  ,0,0,0,0,0,0,0,0,0,-1000,0,0,0,0,1000,-1000,-1000
060050,鴻海凱基9B購01  ,0,0,0,0,0,0,0,0,0,-1000,0,0,0,0,1000,-1000,-1000
059992,S&P正2元富9B購04,0,0,0,0,0,0,0,0,0,-1000,0,0,0,0,1000,-1000,-1000
060020,康控康和99購01  ,0,0,0,0,0,0,0,0,0,-1000,0,0,0,19000,20000,-1000,-1000
058391,T50反1元大99購02,0,0,0,0,0,0,0,0,0,-1000,0,0,0,9000,10000,-1000,-1000
058415,祥碩兆豐99購01  ,0,0,0,0,0,0,0,0,0,-1000,0,0,0,0,1000,-1000,-1000
057369,奇力新元大99購05,0,0,0,0,0,0,0,0,0,-1000,0,0,0,21000,22000,-1000,-1000
05736P,臺股指統一96售06,0,0,0,0,0,0,0,0,0,-1000,0,0,0,0,1000,-1000,-1000
058314,欣興富邦9B購01  ,0,0,0,0,0,0,0,0,0,-1000,0,0,0,0,1000,-1000,-1000
058088,鴻海元大9A購01  ,0,0,0,0,0,0,0,0,0,-1000,0,0,0,0,1000,-1000,-1000
057488,聯發科元大99購02,0,0,0,0,0,0,0,0,0,-1000,0,0,0,0,1000,-1000,-1000
057408,台郡群益98購01  ,0,0,0,0,0,0,0,0,0,-1000,0,0,0,2000,3000,-1000,-1000
060294,嘉澤元大9A購01  ,0,0,0,0,0,0,0,0,0,-1000,0,0,0,0,1000,-1000,-1000
060315,易華電永豐9A購01,0,0,0,0,0,0,0,0,0,-1000,0,0,0,12000,13000,-1000,-1000
060368,緯穎元富9A購03  ,0,0,0,0,0,0,0,0,0,-1000,0,0,0,0,1000,-1000,-1000
060071,國巨元富99購03  ,0,0,0,0,0,0,0,0,0,-1000,0,0,0,5000,6000,-1000,-1000
060118,臺指反富邦9C購01,0,0,0,0,0,0,0,0,0,-1000,0,0,0,0,1000,-1000,-1000
060286,佳世達元大9C購01,0,0,0,0,0,0,0,0,0,-1000,0,0,0,34000,35000,-1000,-1000
06055P,華通凱基97售04  ,0,0,0,0,0,0,0,0,0,-1000,0,0,0,1000,2000,-1000,-1000
060594,國巨麥證9A購01  ,0,0,0,0,1000,-1000,0,0,0,-1000,0,0,0,0,1000,-1000,-1000
060596,元黃金凱基9A購02,0,0,0,0,0,0,0,0,0,-1000,0,0,0,0,1000,-1000,-1000
060643,牧德永豐9A購03  ,0,0,0,0,0,0,0,0,0,-1000,0,0,0,0,1000,-1000,-1000
060681,華擎元大9A購02  ,0,0,0,0,0,0,0,0,0,-1000,0,0,0,0,1000,-1000,-1000
057980,聯詠永豐98購01  ,0,0,0,0,0,0,0,0,0,-1000,0,0,0,10000,11000,-1000,-1000
056983,大立光群益99購02,0,0,0,0,0,0,0,0,0,-1000,0,0,0,0,1000,-1000,-1000
05943P,欣興凱基96售03  ,0,0,0,0,0,0,0,0,0,-1000,0,0,0,0,1000,-1000,-1000
059555,台灣50凱基9A購06,0,0,0,0,0,0,0,0,0,-1000,0,0,0,0,1000,-1000,-1000
059515,牧德永豐99購01  ,0,0,0,0,0,0,0,0,0,-1000,0,0,0,0,1000,-1000,-1000
058037,台灣50元大9B購02,0,0,0,0,0,0,0,0,0,-1000,0,0,0,0,1000,-1000,-1000
057537,聯茂元大98購04  ,0,0,0,0,0,0,0,0,0,-1000,0,0,0,68000,69000,-1000,-1000
057814,聯發科元大98購12,0,0,0,0,0,0,0,0,0,-1000,0,0,0,0,1000,-1000,-1000
057607,旺宏台新98購02  ,0,0,0,0,0,0,0,0,0,-1000,0,0,0,0,1000,-1000,-1000
057699,可成群益9A購02  ,0,0,0,0,0,0,0,0,0,-1000,0,0,0,20000,21000,-1000,-1000
059036,可成群益9B購03  ,0,0,0,0,0,0,0,0,0,-1000,0,0,0,11000,12000,-1000,-1000
059559,T50反1凱基99購07,0,0,0,0,0,0,0,0,0,-1000,0,0,0,0,1000,-1000,-1000
059605,臺股指元大9A購42,0,0,0,0,0,0,0,0,0,-1000,0,0,0,0,1000,-1000,-1000
05974P,國巨富邦97售03  ,0,0,0,0,0,0,0,0,0,-1000,0,0,0,30000,31000,-1000,-1000
058668,元油2X群益9B購04,0,0,0,0,0,0,0,0,0,-1000,0,0,0,0,1000,-1000,-1000
057164,國巨元大98購14  ,0,0,0,0,0,0,0,0,0,-1000,0,0,0,0,1000,-1000,-1000
058623,國巨國票99購08  ,0,0,0,0,0,0,0,0,0,-1000,0,0,0,0,1000,-1000,-1000
058644,元黃金富邦03購01,0,0,0,0,0,0,0,0,0,-1000,0,0,0,0,1000,-1000,-1000
057039,元油2X元大9B購07,0,0,0,0,0,0,0,0,0,-1000,0,0,0,0,1000,-1000,-1000
057107,華新科群益98購06,0,0,0,0,0,0,0,0,0,-1000,0,0,0,0,1000,-1000,-1000
5538,東明-KY         ,0,0,0,0,0,0,0,1000,-1000,0,0,0,0,0,0,0,-1000
6591,動力-KY         ,50000,53000,-3000,0,0,0,0,0,0,2000,2000,0,2000,0,0,0,-1000
6573,虹揚-KY         ,1000,2000,-1000,0,0,0,0,0,0,0,0,0,0,0,0,0,-1000
6579,研揚            ,1000,2000,-1000,0,0,0,0,0,0,0,0,0,0,0,0,0,-1000
6431,光麗-KY         ,0,1000,-1000,0,0,0,0,0,0,0,0,0,0,0,0,0,-1000
9926,新海            ,0,1000,-1000,0,0,0,0,0,0,0,0,0,0,0,0,0,-1000
9931,欣高            ,0,1000,-1000,0,0,0,0,0,0,0,0,0,0,0,0,0,-1000
8480,泰昇-KY         ,8000,9000,-1000,0,0,0,0,0,0,0,0,0,0,0,0,0,-1000
8481,政伸            ,0,1000,-1000,0,0,0,0,0,0,0,0,0,0,0,0,0,-1000
8488,吉源-KY         ,0,1000,-1000,0,0,0,0,0,0,0,0,0,0,0,0,0,-1000
5484,慧友            ,0,1000,-1000,0,0,0,0,0,0,0,0,0,0,0,0,0,-1000
4557,永新-KY         ,0,1000,-1000,0,0,0,0,0,0,0,0,0,0,0,0,0,-1000
4807,日成-KY         ,1000,3000,-2000,0,0,0,0,0,0,1000,1000,0,1000,0,0,0,-1000
3002,歐格            ,0,1000,-1000,0,0,0,0,0,0,0,0,0,0,0,0,0,-1000
2911,麗嬰房          ,0,1000,-1000,0,0,0,0,0,0,0,0,0,0,0,0,0,-1000
2008,高興昌          ,1000,2000,-1000,0,0,0,0,0,0,0,0,0,0,0,0,0,-1000
2440,太空梭          ,1000,2000,-1000,0,0,0,0,0,0,0,0,0,0,0,0,0,-1000
2438,翔耀            ,1000,2000,-1000,0,0,0,0,0,0,0,0,0,0,0,0,0,-1000
2424,隴華            ,0,1000,-1000,0,0,0,0,0,0,0,0,0,0,0,0,0,-1000
2497,怡利電          ,2000,3000,-1000,0,0,0,0,0,0,0,0,0,0,0,0,0,-1000
08013P,台灣50凱基9C售09,0,0,0,0,0,0,0,0,0,-1000,0,0,0,0,1000,-1000,-1000
08120P,南亞科國票9C售01,0,0,0,0,0,0,0,0,0,-1000,0,0,0,0,1000,-1000,-1000
08145P,台灣50群益9B售11,0,0,0,0,0,0,0,0,0,-1000,0,0,0,0,1000,-1000,-1000
08176P,國巨元大9B售20  ,0,0,0,0,0,0,0,0,0,-1000,0,0,0,0,1000,-1000,-1000
1470,大統新創        ,0,1000,-1000,0,0,0,0,0,0,0,0,0,0,0,0,0,-1000
1568,倉佑            ,4000,6000,-2000,0,0,0,0,0,0,1000,1000,0,1000,0,0,0,-1000
1109,信大            ,26000,27000,-1000,0,0,0,0,0,0,0,0,0,0,0,0,0,-1000
07972P,大立光統一9C售05,0,0,0,0,0,0,0,0,0,-1000,0,0,0,0,1000,-1000,-1000
07832P,台積電群益9A售08,0,0,0,0,0,0,0,0,0,-1000,0,0,0,42000,43000,-1000,-1000
07823P,國巨元大9A售23  ,0,0,0,0,0,0,0,0,0,-1000,0,0,0,0,1000,-1000,-1000
07859P,台灣50麥證9A售04,0,0,0,40000,41000,-1000,0,0,0,-1000,0,0,0,40000,41000,-1000,-1000
07873P,華新科群益9B售03,0,0,0,0,0,0,0,0,0,-1000,0,0,0,0,1000,-1000,-1000
07737P,華通永豐9A售01  ,0,0,0,0,0,0,0,0,0,-1000,0,0,0,0,1000,-1000,-1000
07752P,台灣50元大9C售33,0,0,0,0,0,0,0,0,0,-1000,0,0,0,0,1000,-1000,-1000
07617P,聯發科中信9C售04,0,0,0,0,0,0,0,0,0,-1000,0,0,0,0,1000,-1000,-1000
07444P,聯發科凱基9A售10,0,0,0,0,0,0,0,0,0,-1000,0,0,0,0,1000,-1000,-1000
07522P,台積電中信9A售03,0,0,0,0,0,0,0,0,0,-1000,0,0,0,0,1000,-1000,-1000
07365P,超眾元大99售07  ,0,0,0,0,0,0,0,0,0,-1000,0,0,0,51000,52000,-1000,-1000
07035P,大立光元富99售04,0,0,0,0,0,0,0,0,0,-1000,0,0,0,88000,89000,-1000,-1000
06790P,台積電凱基9A售04,0,0,0,0,0,0,0,0,0,-1000,0,0,0,0,1000,-1000,-1000
06749P,技嘉元富98售03  ,0,0,0,0,0,0,0,0,0,-1000,0,0,0,0,1000,-1000,-1000
06803P,臺股指群益98售09,0,0,0,0,0,0,0,0,0,-1000,0,0,0,4000,5000,-1000,-1000
06877P,台積電兆豐98售04,0,0,0,0,0,0,0,0,0,-1000,0,0,0,164000,165000,-1000,-1000
061088,國巨統一9C購05  ,0,0,0,0,0,0,0,0,0,-2000,0,0,0,0,2000,-2000,-2000
06089P,矽創永豐97售01  ,0,0,0,0,0,0,0,0,0,-2000,0,0,0,0,2000,-2000,-2000
060839,聯發科國票9A購02,0,0,0,0,0,0,0,0,0,-2000,0,0,0,0,2000,-2000,-2000
06083P,華通統一98售02  ,0,0,0,0,0,0,0,0,0,-2000,0,0,0,0,2000,-2000,-2000
060834,道瓊反國票9C購01,0,0,0,0,0,0,0,0,0,-2000,0,0,0,0,2000,-2000,-2000
061407,鴻海國票9A購07  ,0,0,0,0,0,0,0,0,0,-2000,0,0,0,58000,60000,-2000,-2000
061404,臺指反國票04購01,0,0,0,0,0,0,0,0,0,-2000,0,0,0,0,2000,-2000,-2000
061494,聯發科國票9A購04,0,0,0,0,0,0,0,0,0,-2000,0,0,0,0,2000,-2000,-2000
06118P,上証2X凱基98售03,0,0,0,0,0,0,0,0,0,-2000,0,0,0,0,2000,-2000,-2000
061251,臺股指群益9A購02,0,0,0,0,0,0,0,0,0,-2000,0,0,0,1000,3000,-2000,-2000
061294,奇力新麥證9A購01,0,0,0,0,2000,-2000,0,0,0,-2000,0,0,0,0,2000,-2000,-2000
061273,臺股指凱基9A購23,0,0,0,0,0,0,0,0,0,-2000,0,0,0,0,2000,-2000,-2000
062153,智邦麥證9B購01  ,0,0,0,61000,63000,-2000,0,0,0,-2000,0,0,0,61000,63000,-2000,-2000
062004,國巨國泰9C購03  ,0,0,0,0,0,0,0,0,0,-2000,0,0,0,73000,75000,-2000,-2000
061961,台積電統一01購02,0,0,0,0,0,0,0,0,0,-2000,0,0,0,0,2000,-2000,-2000
061955,FANG+統一9B購01 ,0,0,0,0,0,0,0,0,0,-2000,0,0,0,0,2000,-2000,-2000
061832,聯發科凱基9B購06,0,0,0,0,0,0,0,0,0,-2000,0,0,0,1000,3000,-2000,-2000
061851,智邦國票9B購01  ,0,0,0,0,0,0,0,0,0,-2000,0,0,0,0,2000,-2000,-2000
061665,旺宏中信9C購01  ,0,0,0,0,0,0,0,0,0,-2000,0,0,0,0,2000,-2000,-2000
06167P,欣興國票97售05  ,0,0,0,0,0,0,0,0,0,-2000,0,0,0,0,2000,-2000,-2000
063474,康控元大9B購04  ,0,0,0,0,0,0,0,0,0,-2000,0,0,0,6000,8000,-2000,-2000
063532,GIS凱基9B購03   ,0,0,0,0,0,0,0,0,0,-2000,0,0,0,0,2000,-2000,-2000
063533,緯穎凱基9B購06  ,0,0,0,0,0,0,0,0,0,-2000,0,0,0,0,2000,-2000,-2000
063500,嘉晶永豐9B購02  ,0,0,0,0,0,0,0,0,0,-2000,0,0,0,22000,24000,-2000,-2000
063462,金像電元大9C購01,0,0,0,0,0,0,0,0,0,-2000,0,0,0,15000,17000,-2000,-2000
063096,勤誠國票9B購02  ,0,0,0,0,0,0,0,0,0,-2000,0,0,0,3000,5000,-2000,-2000
063140,聯發科統一9B購08,0,0,0,0,0,0,0,0,0,-2000,0,0,0,0,2000,-2000,-2000
062474,台表科凱基9C購01,0,0,0,0,0,0,0,0,0,-2000,0,0,0,0,2000,-2000,-2000
062509,SP黃豆國票9B購03,0,0,0,0,0,0,0,0,0,-2000,0,0,0,0,2000,-2000,-2000
062298,國巨第一9B購01  ,0,0,0,0,0,0,0,0,0,-2000,0,0,0,0,2000,-2000,-2000
062269,葡萄王群益9B購01,0,0,0,0,0,0,0,0,0,-2000,0,0,0,0,2000,-2000,-2000
062739,嘉晶國票9B購02  ,0,0,0,0,0,0,0,0,0,-2000,0,0,0,0,2000,-2000,-2000
054215,創意國票97購02  ,0,0,0,0,0,0,0,0,0,-2000,0,0,0,16000,18000,-2000,-2000
054221,華新科統一96購05,0,0,0,0,0,0,0,0,0,-2000,0,0,0,56000,58000,-2000,-2000
03094X,大立光元大68展08,0,0,0,0,0,0,0,0,0,-2000,0,0,0,0,2000,-2000,-2000
054358,矽創兆豐96購01  ,0,0,0,0,0,0,0,0,0,-2000,0,0,0,10000,12000,-2000,-2000
054421,臺股指元大99購03,0,0,0,0,0,0,0,0,0,-2000,0,0,0,0,2000,-2000,-2000
054352,世芯國泰98購01  ,0,0,0,0,0,0,0,0,0,-2000,0,0,0,0,2000,-2000,-2000
054300,華通凱基96購07  ,0,0,0,0,0,0,0,0,0,-2000,0,0,0,97000,99000,-2000,-2000
053960,晶技永豐96購02  ,0,0,0,0,0,0,0,0,0,-2000,0,0,0,0,2000,-2000,-2000
050673,旺宏富邦96購02  ,0,0,0,0,0,0,0,0,0,-2000,0,0,0,0,2000,-2000,-2000
00689R,國泰20年美債反1 ,0,0,0,0,0,0,0,0,0,-2000,0,0,0,100000,102000,-2000,-2000
00682U,元大美元指數    ,0,0,0,0,0,0,0,0,0,-2000,0,0,0,0,2000,-2000,-2000
053771,華新元大97購01  ,0,0,0,0,0,0,0,0,0,-2000,0,0,0,0,2000,-2000,-2000
05263P,台積電元大96售09,0,0,0,0,0,0,0,0,0,-2000,0,0,0,150000,152000,-2000,-2000
054738,聯發科凱基97購01,0,0,0,0,0,0,0,0,0,-2000,0,0,0,9000,11000,-2000,-2000
055997,矽創國泰99購01  ,0,0,0,0,0,0,0,0,0,-2000,0,0,0,0,2000,-2000,-2000
055738,玉山金元富97購01,0,0,0,0,0,0,0,0,0,-2000,0,0,0,0,2000,-2000,-2000
05568P,台積電統一96售03,0,0,0,0,0,0,0,0,0,-2000,0,0,0,0,2000,-2000,-2000
056585,台積電統一9A購01,0,0,0,0,0,0,0,0,0,-2000,0,0,0,0,2000,-2000,-2000
055606,矽創元大97購01  ,0,0,0,0,0,0,0,0,0,-2000,0,0,0,1000,3000,-2000,-2000
055409,元黃金富邦01購01,0,0,0,0,0,0,0,0,0,-2000,0,0,0,0,2000,-2000,-2000
056745,聯茂凱基99購03  ,0,0,0,0,0,0,0,0,0,-2000,0,0,0,0,2000,-2000,-2000
056727,滬深反凱基9B購01,0,0,0,0,0,0,0,0,0,-2000,0,0,0,0,2000,-2000,-2000
056228,可成凱基97購03  ,0,0,0,0,0,0,0,0,0,-2000,0,0,0,0,2000,-2000,-2000
056071,創意元大97購02  ,0,0,0,0,0,0,0,0,0,-2000,0,0,0,0,2000,-2000,-2000
056142,超眾元大97購06  ,0,0,0,0,0,0,0,0,0,-2000,0,0,0,1000,3000,-2000,-2000
056143,訊芯元大97購04  ,0,0,0,0,0,0,0,0,0,-2000,0,0,0,0,2000,-2000,-2000
056457,嘉澤凱基98購01  ,0,0,0,0,0,0,0,0,0,-2000,0,0,0,0,2000,-2000,-2000
056516,晶豪科兆豐98購01,0,0,0,0,0,0,0,0,0,-2000,0,0,0,0,2000,-2000,-2000
056401,國巨群益98購07  ,0,0,0,0,0,0,0,0,0,-2000,0,0,0,0,2000,-2000,-2000
057078,國巨統一9A購02  ,0,0,0,0,0,0,0,0,0,-2000,0,0,0,0,2000,-2000,-2000
058214,世芯群益9A購01  ,0,0,0,0,0,0,0,0,0,-2000,0,0,0,0,2000,-2000,-2000
058618,南電元大99購02  ,0,0,0,0,0,0,0,0,0,-2000,0,0,0,10000,12000,-2000,-2000
059078,FBVIX元大99購06 ,0,0,0,0,0,0,0,0,0,-2000,0,0,0,0,2000,-2000,-2000
059014,SGBR2X元富03購01,0,0,0,0,0,0,0,0,0,-2000,0,0,0,0,2000,-2000,-2000
059700,鴻海凱基9A購16  ,0,0,0,0,0,0,0,0,0,-2000,0,0,0,3000,5000,-2000,-2000
059630,美律凱基99購07  ,0,0,0,0,0,0,0,0,0,-2000,0,0,0,0,2000,-2000,-2000
059662,旭富元大9C購01  ,0,0,0,0,0,0,0,0,0,-2000,0,0,0,29000,31000,-2000,-2000
059664,立積元大9C購01  ,0,0,0,0,0,0,0,0,0,-2000,0,0,0,0,2000,-2000,-2000
059681,華新科國泰9B購02,0,0,0,0,0,0,0,0,0,-2000,0,0,0,0,2000,-2000,-2000
059033,元油2X群益9C購05,0,0,0,0,0,0,0,0,0,-2000,0,0,0,0,2000,-2000,-2000
05902P,華通國票96售02  ,0,0,0,0,0,0,0,0,0,-2000,0,0,0,0,2000,-2000,-2000
059152,臺股指國票99購15,0,0,0,0,0,0,0,0,0,-2000,0,0,0,1000,3000,-2000,-2000
057589,超眾國票9A購01  ,0,0,0,0,0,0,0,0,0,-2000,0,0,0,5000,7000,-2000,-2000
057752,臺股指國票98購08,0,0,0,0,0,0,0,0,0,-2000,0,0,0,15000,17000,-2000,-2000
057772,台積電群益99購01,0,0,0,0,0,0,0,0,0,-2000,0,0,0,0,2000,-2000,-2000
057506,聯鈞國票99購02  ,0,0,0,0,0,0,0,0,0,-2000,0,0,0,0,2000,-2000,-2000
058016,智邦凱基98購06  ,0,0,0,0,0,0,0,0,0,-2000,0,0,0,0,2000,-2000,-2000
059377,台積電群益99購09,0,0,0,0,0,0,0,0,0,-2000,0,0,0,10000,12000,-2000,-2000
056994,緯穎兆豐98購02  ,0,0,0,0,0,0,0,0,0,-2000,0,0,0,8000,10000,-2000,-2000
060221,大立光凱基9A購07,0,0,0,0,0,0,0,0,0,-2000,0,0,0,0,2000,-2000,-2000
060227,和大元大9A購01  ,0,0,0,0,0,0,0,0,0,-2000,0,0,0,25000,27000,-2000,-2000
060200,同欣電元富9A購01,0,0,0,0,0,0,0,0,0,-2000,0,0,0,0,2000,-2000,-2000
060417,正隆永豐9A購01  ,0,0,0,0,0,0,0,0,0,-2000,0,0,0,60000,62000,-2000,-2000
05812P,臺股指國票96售05,0,0,0,0,0,0,0,0,0,-2000,0,0,0,0,2000,-2000,-2000
059901,滬深2X元大9C購07,0,0,0,0,0,0,0,0,0,-2000,0,0,0,0,2000,-2000,-2000
058156,超眾統一9A購02  ,0,0,0,0,0,0,0,0,0,-2000,0,0,0,462000,464000,-2000,-2000
057379,寶成元大98購02  ,0,0,0,0,0,0,0,0,0,-2000,0,0,0,38000,40000,-2000,-2000
059077,FBVIX元大99購05 ,0,0,0,0,0,0,0,0,0,-2000,0,0,0,2000,4000,-2000,-2000
058427,大毅元富99購01  ,0,0,0,0,0,0,0,0,0,-2000,0,0,0,0,2000,-2000,-2000
058545,義隆富邦9C購01  ,0,0,0,0,0,0,0,0,0,-2000,0,0,0,19000,21000,-2000,-2000
059965,鴻海凱基99購16  ,0,0,0,0,0,0,0,0,0,-2000,0,0,0,0,2000,-2000,-2000
058574,台積電群益99購03,0,0,0,0,0,0,0,0,0,-2000,0,0,0,0,2000,-2000,-2000
06809P,電子類群益98售03,0,0,0,0,0,0,0,0,0,-2000,0,0,0,0,2000,-2000,-2000
06811P,聯發科統一98售06,0,0,0,0,0,0,0,0,0,-2000,0,0,0,28000,30000,-2000,-2000
06722P,臺股指中信9A售04,0,0,0,0,0,0,0,0,0,-2000,0,0,0,0,2000,-2000,-2000
07076P,鴻海凱基9A售08  ,0,0,0,0,0,0,0,0,0,-2000,0,0,0,1000,3000,-2000,-2000
07233P,台灣50元大99售04,0,0,0,0,0,0,0,0,0,-2000,0,0,0,0,2000,-2000,-2000
07517P,台積電元大9A售17,0,0,0,0,0,0,0,0,0,-2000,0,0,0,0,2000,-2000,-2000
07520P,臺股指元大9B售11,0,0,0,0,0,0,0,0,0,-2000,0,0,0,0,2000,-2000,-2000
07470P,國巨元大9A售06  ,0,0,0,0,0,0,0,0,0,-2000,0,0,0,0,2000,-2000,-2000
07831P,大立光統一9B售07,0,0,0,0,0,0,0,0,0,-2000,0,0,0,0,2000,-2000,-2000
07787P,國巨凱基9A售17  ,0,0,0,0,0,0,0,0,0,-2000,0,0,0,0,2000,-2000,-2000
1535,中宇            ,0,2000,-2000,0,0,0,0,0,0,0,0,0,0,0,0,0,-2000
1617,榮星            ,0,2000,-2000,0,0,0,0,0,0,0,0,0,0,0,0,0,-2000
08020P,臺股指凱基9B售06,0,0,0,0,0,0,0,0,0,-2000,0,0,0,0,2000,-2000,-2000
08016P,臺股指凱基02售02,0,0,0,0,0,0,0,0,0,-2000,0,0,0,0,2000,-2000,-2000
07997P,上銀凱基9B售04  ,0,0,0,0,0,0,0,0,0,-2000,0,0,0,2000,4000,-2000,-2000
2468,華經            ,2000,3000,-1000,0,0,0,0,0,0,-1000,0,1000,-1000,0,0,0,-2000
2630,亞航            ,1000,3000,-2000,0,0,0,0,0,0,0,0,0,0,0,0,0,-2000
2543,皇昌            ,0,2000,-2000,0,0,0,0,0,0,0,0,0,0,0,0,0,-2000
1735,日勝化          ,0,2000,-2000,0,0,0,0,0,0,0,0,0,0,0,0,0,-2000
1776,展宇            ,0,2000,-2000,0,0,0,0,0,0,0,0,0,0,0,0,0,-2000
2243,宏旭-KY         ,0,2000,-2000,0,0,0,0,0,0,0,0,0,0,0,0,0,-2000
2901,欣欣            ,0,2000,-2000,0,0,0,0,0,0,0,0,0,0,0,0,0,-2000
2936,客思達-KY       ,1000,3000,-2000,0,0,0,0,0,0,0,0,0,0,0,0,0,-2000
3018,同開            ,82000,83000,-1000,0,0,0,0,0,0,-1000,0,1000,-1000,0,0,0,-2000
3013,晟銘電          ,26000,28000,-2000,0,0,0,0,0,0,0,0,0,0,0,0,0,-2000
4571,鈞興-KY         ,0,2000,-2000,0,0,0,0,0,0,0,0,0,0,0,0,0,-2000
5525,順天            ,0,2000,-2000,0,0,0,0,0,0,0,0,0,0,0,0,0,-2000
8466,美吉吉-KY       ,0,2000,-2000,0,0,0,0,0,0,0,0,0,0,0,0,0,-2000
9912,偉聯            ,0,2000,-2000,0,0,0,0,0,0,0,0,0,0,0,0,0,-2000
9906,欣巴巴          ,0,2000,-2000,0,0,0,0,0,0,0,0,0,0,0,0,0,-2000
9918,欣天然          ,0,2000,-2000,0,0,0,0,0,0,0,0,0,0,0,0,0,-2000
6464,台數科          ,1000,3000,-2000,0,0,0,0,0,0,0,0,0,0,0,0,0,-2000
8367,建新國際        ,3000,5000,-2000,0,0,0,0,0,0,0,0,0,0,0,0,0,-2000
062839,臺股指群益9B購06,0,0,0,0,0,0,0,0,0,-3000,0,0,0,0,3000,-3000,-3000
062562,瑞儀凱基9B購02  ,0,0,0,0,0,0,0,0,0,-3000,0,0,0,31000,34000,-3000,-3000
063052,國巨統一9C購10  ,0,0,0,0,0,0,0,0,0,-3000,0,0,0,0,3000,-3000,-3000
062991,台光電群益9B購03,0,0,0,0,0,0,0,0,0,-3000,0,0,0,0,3000,-3000,-3000
063429,南電凱基01購01  ,0,0,0,0,0,0,0,0,0,-3000,0,0,0,0,3000,-3000,-3000
063436,儒鴻統一01購03  ,0,0,0,0,0,0,0,0,0,-3000,0,0,0,0,3000,-3000,-3000
063520,上銀凱基9B購05  ,0,0,0,0,0,0,0,0,0,-3000,0,0,0,0,3000,-3000,-3000
063584,南六國泰01購01  ,0,0,0,0,0,0,0,0,0,-3000,0,0,0,61000,64000,-3000,-3000
063542,泰鼎元富9B購02  ,0,0,0,0,0,0,0,0,0,-3000,0,0,0,0,3000,-3000,-3000
061581,貿聯元大9A購05  ,0,0,0,0,0,0,0,0,0,-3000,0,0,0,195000,198000,-3000,-3000
061823,勤誠群益9B購01  ,0,0,0,0,0,0,0,0,0,-3000,0,0,0,97000,100000,-3000,-3000
061847,力山國票9B購01  ,0,0,0,0,0,0,0,0,0,-3000,0,0,0,66000,69000,-3000,-3000
062097,台光電永豐9B購01,0,0,0,0,0,0,0,0,0,-3000,0,0,0,10000,13000,-3000,-3000
062114,GIS國票9C購01   ,0,0,0,0,0,0,0,0,0,-3000,0,0,0,0,3000,-3000,-3000
061242,玉晶光兆豐9B購02,0,0,0,0,0,0,0,0,0,-3000,0,0,0,0,3000,-3000,-3000
061175,台積電凱基9A購19,0,0,0,0,0,0,0,0,0,-3000,0,0,0,0,3000,-3000,-3000
061502,嘉澤國票9A購02  ,0,0,0,0,0,0,0,0,0,-3000,0,0,0,0,3000,-3000,-3000
061460,FBVIX群益9A購02 ,0,0,0,0,0,0,0,0,0,-3000,0,0,0,0,3000,-3000,-3000
060977,亞德客元大9A購04,0,0,0,0,0,0,0,0,0,-3000,0,0,0,112000,115000,-3000,-3000
061142,南電統一9A購01  ,0,0,0,0,0,0,0,0,0,-3000,0,0,0,76000,79000,-3000,-3000
056447,聯發科凱基98購09,0,0,0,0,0,0,0,0,0,-3000,0,0,0,0,3000,-3000,-3000
056470,旺宏元大99購01  ,0,0,0,0,0,0,0,0,0,-3000,0,0,0,35000,38000,-3000,-3000
055474,欣興凱基97購05  ,0,0,0,0,0,0,0,0,0,-3000,0,0,0,0,3000,-3000,-3000
058706,聯鈞元大9C購01  ,0,0,0,0,0,0,0,0,0,-3000,0,0,0,0,3000,-3000,-3000
05787P,臺股指永昌96售04,0,0,0,0,0,0,0,0,0,-3000,0,0,0,0,3000,-3000,-3000
058932,FBVIX台新99購01 ,0,0,0,0,0,0,0,0,0,-3000,0,0,0,0,3000,-3000,-3000
055989,矽力元富9A購01  ,0,0,0,0,0,0,0,0,0,-3000,0,0,0,51000,54000,-3000,-3000
05617P,大立光統一97售02,0,0,0,0,0,0,0,0,0,-3000,0,0,0,0,3000,-3000,-3000
05563P,台積電元大97售07,0,0,0,0,0,0,0,0,0,-3000,0,0,0,0,3000,-3000,-3000
052930,華新科元大97購03,0,0,0,0,0,0,0,0,0,-3000,0,0,0,0,3000,-3000,-3000
053293,聯發科中信9B購01,0,0,0,0,0,0,0,0,0,-3000,0,0,0,9000,12000,-3000,-3000
00709,富邦歐洲        ,0,0,0,0,0,0,0,0,0,-3000,0,0,0,105000,108000,-3000,-3000
04384P,上証2X中信96售01,0,0,0,0,0,0,0,0,0,-3000,0,0,0,0,3000,-3000,-3000
053852,南亞科國泰98購01,0,0,0,0,0,0,0,0,0,-3000,0,0,0,0,3000,-3000,-3000
05995P,T50正2中信9C售01,0,0,0,0,0,0,0,0,0,-3000,0,0,0,212000,215000,-3000,-3000
060022,勤誠康和99購01  ,0,0,0,0,0,0,0,0,0,-3000,0,0,0,10000,13000,-3000,-3000
058486,大立光國票9A購01,0,0,0,0,0,0,0,0,0,-3000,0,0,0,0,3000,-3000,-3000
058452,義隆永豐99購02  ,0,0,0,0,0,0,0,0,0,-3000,0,0,0,85000,88000,-3000,-3000
05842P,台積電元大96售15,0,0,0,0,0,0,0,0,0,-3000,0,0,0,0,3000,-3000,-3000
058346,嘉晶群益99購01  ,0,0,0,0,0,0,0,0,0,-3000,0,0,0,10000,13000,-3000,-3000
059922,大立光元大99購25,0,0,0,0,0,0,0,0,0,-3000,0,0,0,77000,80000,-3000,-3000
058104,國巨統一9A購04  ,0,0,0,0,0,0,0,0,0,-3000,0,0,0,27000,30000,-3000,-3000
060347,大立光統一02購01,0,0,0,0,0,0,0,0,0,-3000,0,0,0,17000,20000,-3000,-3000
060114,緯穎元大99購10  ,0,0,0,0,0,0,0,0,0,-3000,0,0,0,3000,6000,-3000,-3000
060508,聯發科元大9A購04,0,0,0,0,0,0,0,0,0,-3000,0,0,0,0,3000,-3000,-3000
057982,帆宣永豐98購01  ,0,0,0,0,0,0,0,0,0,-3000,0,0,0,0,3000,-3000,-3000
059272,台灣50元大99購01,0,0,0,0,0,0,0,0,0,-3000,0,0,0,0,3000,-3000,-3000
059822,聯發科凱基99購19,0,0,0,0,0,0,0,0,0,-3000,0,0,0,0,3000,-3000,-3000
059831,聯詠康和99購01  ,0,0,0,0,0,0,0,0,0,-3000,0,0,0,0,3000,-3000,-3000
057554,新日興凱基99購02,0,0,0,0,0,0,0,0,0,-3000,0,0,0,70000,73000,-3000,-3000
059073,元油2X元大9C購14,0,0,0,0,0,0,0,0,0,-3000,0,0,0,0,3000,-3000,-3000
059169,可成凱基99購04  ,0,0,0,0,0,0,0,0,0,-3000,0,0,0,1000,4000,-3000,-3000
05960P,欣興統一96售01  ,0,0,0,0,0,0,0,0,0,-3000,0,0,0,0,3000,-3000,-3000
059755,宏達電國泰9A購01,0,0,0,0,0,0,0,0,0,-3000,0,0,0,22000,25000,-3000,-3000
057109,信邦群益98購01  ,0,0,0,0,0,0,0,0,0,-3000,0,0,0,87000,90000,-3000,-3000
6442,光聖            ,0,3000,-3000,0,0,0,0,0,0,0,0,0,0,0,0,0,-3000
6133,金橋            ,0,3000,-3000,0,0,0,0,0,0,0,0,0,0,0,0,0,-3000
6215,和椿            ,12000,22000,-10000,0,0,0,0,0,0,7000,7000,0,7000,0,0,0,-3000
6243,迅杰            ,0,3000,-3000,0,0,0,0,0,0,0,0,0,0,0,0,0,-3000
9188,精熙-DR         ,0,3000,-3000,0,0,0,0,0,0,0,0,0,0,0,0,0,-3000
8499,鼎炫-KY         ,14000,17000,-3000,0,0,0,0,0,0,0,0,0,0,0,0,0,-3000
4581,光隆精密-KY     ,0,3000,-3000,0,0,0,0,0,0,0,0,0,0,0,0,0,-3000
4737,華廣            ,1000,4000,-3000,0,0,0,0,0,0,0,0,0,0,0,0,0,-3000
3528,安馳            ,0,3000,-3000,0,0,0,0,0,0,0,0,0,0,0,0,0,-3000
3543,州巧            ,5000,8000,-3000,0,0,0,0,0,0,0,0,0,0,0,0,0,-3000
3701,大眾控          ,1000,4000,-3000,0,0,0,0,0,0,0,0,0,0,0,0,0,-3000
1725,元禎            ,2000,5000,-3000,0,0,0,0,0,0,0,0,0,0,0,0,0,-3000
1906,寶隆            ,80000,83000,-3000,0,0,0,0,0,0,0,0,0,0,0,0,0,-3000
08022P,臺股指凱基9B售08,0,0,0,0,0,0,0,0,0,-3000,0,0,0,0,3000,-3000,-3000
08070P,晶技國泰9C售02  ,0,0,0,0,0,0,0,0,0,-3000,0,0,0,0,3000,-3000,-3000
08157P,大立光元富9B售06,0,0,0,0,0,0,0,0,0,-3000,0,0,0,66000,69000,-3000,-3000
1539,巨庭            ,10000,11000,-1000,0,0,0,0,0,0,-2000,0,2000,-2000,0,0,0,-3000
1525,江申            ,3000,6000,-3000,0,0,0,0,0,0,0,0,0,0,0,0,0,-3000
1217,愛之味          ,204000,207000,-3000,0,0,0,0,0,0,0,0,0,0,0,0,0,-3000
07846P,台灣50群益9A售17,0,0,0,0,0,0,0,0,0,-3000,0,0,0,0,3000,-3000,-3000
07894P,燿華元大9B售01  ,0,0,0,0,0,0,0,0,0,-3000,0,0,0,47000,50000,-3000,-3000
07641P,上銀凱基9A售05  ,0,0,0,0,0,0,0,0,0,-3000,0,0,0,10000,13000,-3000,-3000
07462P,臺股指元大9B售05,0,0,0,0,0,0,0,0,0,-3000,0,0,0,0,3000,-3000,-3000
07206P,鴻海凱基9A售11  ,0,0,0,0,0,0,0,0,0,-3000,0,0,0,0,3000,-3000,-3000
07208P,台積電凱基99售14,0,0,0,0,0,0,0,0,0,-3000,0,0,0,59000,62000,-3000,-3000
06988P,鴻海元富99售09  ,0,0,0,0,0,0,0,0,0,-3000,0,0,0,0,3000,-3000,-3000
06672P,聯發科群益98售05,0,0,0,0,0,0,0,0,0,-3000,0,0,0,0,3000,-3000,-3000
06794P,臺股指凱基98售04,0,0,0,0,0,0,0,0,0,-3000,0,0,0,0,3000,-3000,-3000
06767P,台積電永昌99售03,0,0,0,0,0,0,0,0,0,-3000,0,0,0,0,3000,-3000,-3000
06837P,上銀統一9A售02  ,0,0,0,0,0,0,0,0,0,-3000,0,0,0,2000,5000,-3000,-3000
06889P,臺股指元大98售13,0,0,0,0,0,0,0,0,0,-3000,0,0,0,21000,24000,-3000,-3000
061027,儒鴻永豐9A購02  ,0,0,0,0,0,0,0,0,0,-4000,0,0,0,156000,160000,-4000,-4000
061037,嘉澤永豐9A購01  ,0,0,0,0,0,0,0,0,0,-4000,0,0,0,16000,20000,-4000,-4000
060840,可成國票9B購01  ,0,0,0,0,0,0,0,0,0,-4000,0,0,0,6000,10000,-4000,-4000
061458,臻鼎凱基9A購02  ,0,0,0,0,0,0,0,0,0,-4000,0,0,0,6000,10000,-4000,-4000
061507,南電國票9A購05  ,0,0,0,0,0,0,0,0,0,-4000,0,0,0,16000,20000,-4000,-4000
061406,華通國票9A購06  ,0,0,0,0,0,0,0,0,0,-4000,0,0,0,20000,24000,-4000,-4000
06135P,志超元富97售01  ,0,0,0,0,0,0,0,0,0,-4000,0,0,0,0,4000,-4000,-4000
061298,華新科富邦01購02,0,0,0,0,0,0,0,0,0,-4000,0,0,0,0,4000,-4000,-4000
06417P,台積電兆豐97售03,0,0,0,0,0,0,0,0,0,-4000,0,0,0,0,4000,-4000,-4000
063329,健策國票9C購01  ,0,0,0,0,0,0,0,0,0,-4000,0,0,0,1000,5000,-4000,-4000
063001,巨大國票9B購01  ,0,0,0,0,0,0,0,0,0,-4000,0,0,0,0,4000,-4000,-4000
063084,可成凱基9C購01  ,0,0,0,0,0,0,0,0,0,-4000,0,0,0,0,4000,-4000,-4000
063155,緯穎元富9B購03  ,0,0,0,0,0,0,0,0,0,-4000,0,0,0,11000,15000,-4000,-4000
062632,嘉晶國票9B購01  ,0,0,0,0,0,0,0,0,0,-4000,0,0,0,0,4000,-4000,-4000
062690,華擎統一9B購01  ,0,0,0,0,0,0,0,0,0,-4000,0,0,0,0,4000,-4000,-4000
062800,奇力新統一01購02,0,0,0,0,0,0,0,0,0,-4000,0,0,0,0,4000,-4000,-4000
062261,嘉晶元大9B購02  ,0,0,0,0,0,0,0,0,0,-4000,0,0,0,47000,51000,-4000,-4000
062488,台光電永豐9B購02,0,0,0,0,0,0,0,0,0,-4000,0,0,0,15000,19000,-4000,-4000
054339,聯詠統一96購02  ,0,0,0,0,0,0,0,0,0,-4000,0,0,0,0,4000,-4000,-4000
050014,國巨富邦98購01  ,0,0,0,0,0,0,0,0,0,-4000,0,0,0,0,4000,-4000,-4000
03052X,元展49          ,0,0,0,0,0,0,0,0,0,-4000,0,0,0,0,4000,-4000,-4000
051382,玉晶光群益98購02,0,0,0,0,0,0,0,0,0,-4000,0,0,0,0,4000,-4000,-4000
051490,世芯凱基96購01  ,0,0,0,0,0,0,0,0,0,-4000,0,0,0,0,4000,-4000,-4000
00735,國泰臺韓科技    ,46000,20000,26000,0,0,0,0,0,0,-30000,0,0,0,258000,288000,-30000,-4000
050402,緯穎中信96購01  ,0,0,0,0,0,0,0,0,0,-4000,0,0,0,16000,20000,-4000,-4000
00661,元大日經225     ,0,0,0,0,0,0,0,0,0,-4000,0,0,0,0,4000,-4000,-4000
0055,元大MSCI金融    ,0,0,0,0,0,0,0,0,0,-4000,0,0,0,7000,11000,-4000,-4000
054152,漢唐國泰98購02  ,0,0,0,0,0,0,0,0,0,-4000,0,0,0,0,4000,-4000,-4000
052378,矽力元大96購01  ,0,0,0,0,0,0,0,0,0,-4000,0,0,0,0,4000,-4000,-4000
054479,緯創中信98購01  ,0,0,0,0,0,0,0,0,0,-4000,0,0,0,18000,22000,-4000,-4000
056608,力山永豐98購01  ,0,0,0,0,0,0,0,0,0,-4000,0,0,0,16000,20000,-4000,-4000
055415,禾伸堂富邦9B購01,0,0,0,0,0,0,0,0,0,-4000,0,0,0,0,4000,-4000,-4000
055439,台表科國票98購02,0,0,0,0,0,0,0,0,0,-4000,0,0,0,20000,24000,-4000,-4000
055576,嘉晶統一98購01  ,0,0,0,0,0,0,0,0,0,-4000,0,0,0,61000,65000,-4000,-4000
056080,世紀鋼元大97購03,0,0,0,0,0,0,0,0,0,-4000,0,0,0,0,4000,-4000,-4000
056904,大立光元大99購05,0,0,0,0,0,0,0,0,0,-4000,0,0,0,0,4000,-4000,-4000
056772,欣興元大99購01  ,0,0,0,0,0,0,0,0,0,-4000,0,0,0,21000,25000,-4000,-4000
058829,華新科永豐99購04,0,0,0,0,0,0,0,0,0,-4000,0,0,0,36000,40000,-4000,-4000
058784,臺股指國票99購03,0,0,0,0,0,0,0,0,0,-4000,0,0,0,0,4000,-4000,-4000
058793,鴻海元大99購19  ,0,0,0,0,0,0,0,0,0,-4000,0,0,0,0,4000,-4000,-4000
058718,台灣50元富03購01,0,0,0,0,0,0,0,0,0,-4000,0,0,0,0,4000,-4000,-4000
055059,健和興永豐97購01,0,0,0,0,0,0,0,0,0,-4000,0,0,0,0,4000,-4000,-4000
058232,聯發科元大99購05,0,0,0,0,0,0,0,0,0,-4000,0,0,0,0,4000,-4000,-4000
057211,鴻海群益98購05  ,0,0,0,0,0,0,0,0,0,-4000,0,0,0,2000,6000,-4000,-4000
059197,可成永豐99購02  ,0,0,0,0,0,0,0,0,0,-4000,0,0,0,6000,10000,-4000,-4000
059263,瑞昱中信01購01  ,0,0,0,0,0,0,0,0,0,-4000,0,0,0,16000,20000,-4000,-4000
059121,瑞儀永豐99購01  ,0,0,0,0,0,0,0,0,0,-4000,0,0,0,0,4000,-4000,-4000
057508,康控國票99購03  ,0,0,0,0,0,0,0,0,0,-4000,0,0,0,0,4000,-4000,-4000
057529,嘉晶元大99購02  ,0,0,0,0,0,0,0,0,0,-4000,0,0,0,26000,30000,-4000,-4000
059833,緯穎康和99購01  ,0,0,0,0,0,0,0,0,0,-4000,0,0,0,4000,8000,-4000,-4000
05950P,台積電國票97售04,0,0,0,0,0,0,0,0,0,-4000,0,0,0,0,4000,-4000,-4000
059493,國巨國票9B購01  ,0,0,0,0,0,0,0,0,0,-4000,0,0,0,3000,7000,-4000,-4000
059594,奇力新元大9B購01,0,0,0,0,0,0,0,0,0,-4000,0,0,0,0,4000,-4000,-4000
060282,聚陽元大9A購01  ,0,0,0,0,0,0,0,0,0,-4000,0,0,0,16000,20000,-4000,-4000
06023P,超眾國票96售03  ,0,0,0,0,0,0,0,0,0,-4000,0,0,0,0,4000,-4000,-4000
060339,國巨統一01購01  ,0,0,0,0,0,0,0,0,0,-4000,0,0,0,36000,40000,-4000,-4000
059075,FBVIX元大99購01 ,0,0,0,0,0,0,0,0,0,-4000,0,0,0,0,4000,-4000,-4000
058494,可成群益9B購01  ,0,0,0,0,0,0,0,0,0,-4000,0,0,0,29000,33000,-4000,-4000
06859P,元金2X中信9C售01,0,0,0,0,0,0,0,0,0,-4000,0,0,0,1000,5000,-4000,-4000
06497P,大立光凱基98售11,0,0,0,0,0,0,0,0,0,-4000,0,0,0,0,4000,-4000,-4000
06589P,台積電元大98售12,0,0,0,0,0,0,0,0,0,-4000,0,0,0,0,4000,-4000,-4000
06603P,立積統一99售01  ,0,0,0,0,0,0,0,0,0,-4000,0,0,0,0,4000,-4000,-4000
07033P,大立光統一9B售03,0,0,0,0,0,0,0,0,0,-4000,0,0,0,0,4000,-4000,-4000
07044P,台積電元大99售13,0,0,0,0,0,0,0,0,0,-4000,0,0,0,0,4000,-4000,-4000
07213P,聯發科凱基99售15,0,0,0,0,0,0,0,0,0,-4000,0,0,0,0,4000,-4000,-4000
07255P,國巨凱基99售15  ,0,0,0,0,0,0,0,0,0,-4000,0,0,0,0,4000,-4000,-4000
07674P,金融類元大9A售01,0,0,0,0,0,0,0,0,0,-4000,0,0,0,0,4000,-4000,-4000
07761P,智邦永豐9A售03  ,0,0,0,0,0,0,0,0,0,-4000,0,0,0,0,4000,-4000,-4000
07724P,臺股指凱基9A售16,0,0,0,0,0,0,0,0,0,-4000,0,0,0,0,4000,-4000,-4000
1232,大統益          ,2000,6000,-4000,0,0,0,0,0,0,0,0,0,0,0,0,0,-4000
1445,大宇            ,0,4000,-4000,0,0,0,0,0,0,0,0,0,0,0,0,0,-4000
1516,川飛            ,2000,6000,-4000,0,0,0,0,0,0,0,0,0,0,0,0,0,-4000
08038P,臺股指群益9B售11,0,0,0,0,0,0,0,0,0,-4000,0,0,0,2000,6000,-4000,-4000
2024,志聯            ,0,4000,-4000,0,0,0,0,0,0,0,0,0,0,0,0,0,-4000
2597,潤弘            ,5000,9000,-4000,0,0,0,0,0,0,0,0,0,0,0,0,0,-4000
4439,冠星-KY         ,0,4000,-4000,0,0,0,0,0,0,0,0,0,0,0,0,0,-4000
3054,立萬利          ,0,4000,-4000,0,0,0,0,0,0,0,0,0,0,0,0,0,-4000
3305,昇貿            ,1000,5000,-4000,0,0,0,0,0,0,0,0,0,0,0,0,0,-4000
2923,鼎固-KY         ,3000,7000,-4000,0,0,0,0,0,0,0,0,0,0,0,0,0,-4000
6205,詮欣            ,0,4000,-4000,0,0,0,0,0,0,0,0,0,0,0,0,0,-4000
6164,華興            ,1000,5000,-4000,0,0,0,0,0,0,0,0,0,0,0,0,0,-4000
6117,迎廣            ,0,4000,-4000,0,0,0,0,0,0,0,0,0,0,0,0,0,-4000
062484,臺股指國票9B購10,0,0,0,0,0,0,0,0,0,-5000,0,0,0,0,5000,-5000,-5000
062392,國巨富邦02購01  ,0,0,0,0,0,0,0,0,0,-5000,0,0,0,297000,302000,-5000,-5000
062406,臻鼎永豐9B購01  ,0,0,0,0,0,0,0,0,0,-5000,0,0,0,29000,34000,-5000,-5000
062286,台郡群益9B購01  ,0,0,0,0,0,0,0,0,0,-5000,0,0,0,0,5000,-5000,-5000
062218,燿華統一01購01  ,0,0,0,0,0,0,0,0,0,-5000,0,0,0,20000,25000,-5000,-5000
062227,南六統一01購02  ,0,0,0,0,0,0,0,0,0,-5000,0,0,0,0,5000,-5000,-5000
062349,新日興群益9B購02,0,0,0,0,0,0,0,0,0,-5000,0,0,0,126000,131000,-5000,-5000
062347,台光電群益9B購02,0,0,0,0,0,0,0,0,0,-5000,0,0,0,0,5000,-5000,-5000
062732,南六凱基9B購03  ,0,0,0,0,0,0,0,0,0,-5000,0,0,0,24000,29000,-5000,-5000
062701,漢唐元大9B購01  ,0,0,0,0,0,0,0,0,0,-5000,0,0,0,94000,99000,-5000,-5000
06257P,臺股指群益97售10,0,0,0,0,0,0,0,0,0,-5000,0,0,0,1000,6000,-5000,-5000
063471,泰鼎元大9C購01  ,0,0,0,0,0,0,0,0,0,-5000,0,0,0,36000,41000,-5000,-5000
06445P,大立光凱基98售09,0,0,0,0,0,0,0,0,0,-5000,0,0,0,0,5000,-5000,-5000
063535,聯發科統一9B購13,0,0,0,0,0,0,0,0,0,-5000,0,0,0,0,5000,-5000,-5000
063556,儒鴻元大9B購02  ,0,0,0,0,0,0,0,0,0,-5000,0,0,0,0,5000,-5000,-5000
06374P,台表科元大97售06,0,0,0,0,0,0,0,0,0,-5000,0,0,0,15000,20000,-5000,-5000
061316,台積電凱基9A購24,0,0,0,0,0,0,0,0,0,-5000,0,0,0,9000,14000,-5000,-5000
061392,泰鼎群益9A購02  ,0,0,0,0,0,0,0,0,0,-5000,0,0,0,5000,10000,-5000,-5000
061526,宏達電凱基9A購04,0,0,0,0,0,0,0,0,0,-5000,0,0,0,8000,13000,-5000,-5000
060808,欣興群益9A購01  ,0,0,0,0,0,0,0,0,0,-5000,0,0,0,1000,6000,-5000,-5000
060947,台積電統一9C購03,0,0,0,0,0,0,0,0,0,-5000,0,0,0,3000,8000,-5000,-5000
060934,台汽電永豐9A購02,0,0,0,0,0,0,0,0,0,-5000,0,0,0,0,5000,-5000,-5000
061053,國巨群益9A購08  ,0,0,0,0,0,0,0,0,0,-5000,0,0,0,0,5000,-5000,-5000
061048,國巨中信9A購05  ,0,0,0,0,0,0,0,0,0,-5000,0,0,0,0,5000,-5000,-5000
061077,國巨兆豐9B購01  ,0,0,0,0,0,0,0,0,0,-5000,0,0,0,0,5000,-5000,-5000
061149,華通群益9A購05  ,0,0,0,0,0,0,0,0,0,-5000,0,0,0,40000,45000,-5000,-5000
062100,矽格永豐9B購01  ,0,0,0,0,0,0,0,0,0,-5000,0,0,0,0,5000,-5000,-5000
062134,國巨群益9B購04  ,0,0,0,0,0,0,0,0,0,-5000,0,0,0,0,5000,-5000,-5000
061803,巨大永豐9B購01  ,0,0,0,0,0,0,0,0,0,-5000,0,0,0,109000,114000,-5000,-5000
061757,T50反1元大9B購01,0,0,0,0,0,0,0,0,0,-5000,0,0,0,0,5000,-5000,-5000
061707,超眾國票9B購01  ,0,0,0,0,0,0,0,0,0,-5000,0,0,0,75000,80000,-5000,-5000
061733,聯發科中信01購01,0,0,0,0,0,0,0,0,0,-5000,0,0,0,0,5000,-5000,-5000
055470,南亞科凱基97購01,0,0,0,0,0,0,0,0,0,-5000,0,0,0,10000,15000,-5000,-5000
055008,隆達元富97購01  ,0,0,0,0,0,0,0,0,0,-5000,0,0,0,0,5000,-5000,-5000
058713,國巨統一9B購02  ,0,0,0,0,0,0,0,0,0,-5000,0,0,0,10000,15000,-5000,-5000
058758,台積電群益99購05,0,0,0,0,0,0,0,0,0,-5000,0,0,0,0,5000,-5000,-5000
05870P,聯發科凱基96售19,0,0,0,0,0,0,0,0,0,-5000,0,0,0,0,5000,-5000,-5000
058850,華新科群益99購03,0,0,0,0,0,0,0,0,0,-5000,0,0,0,0,5000,-5000,-5000
058855,台積電兆豐99購02,0,0,0,0,0,0,0,0,0,-5000,0,0,0,10000,15000,-5000,-5000
056821,日電貿永豐98購01,0,0,0,0,0,0,0,0,0,-5000,0,0,0,73000,78000,-5000,-5000
056757,T50反1元大98購07,0,0,0,0,0,0,0,0,0,-5000,0,0,0,0,5000,-5000,-5000
056691,元油2X群益9B購01,0,0,0,0,0,0,0,0,0,-5000,0,0,0,0,5000,-5000,-5000
056104,義隆永豐97購01  ,0,0,0,0,0,0,0,0,0,-5000,0,0,0,0,5000,-5000,-5000
056206,泰鼎永豐97購01  ,0,0,0,0,0,0,0,0,0,-5000,0,0,0,105000,110000,-5000,-5000
056271,嘉澤統一97購01  ,0,0,0,0,0,0,0,0,0,-5000,0,0,0,0,5000,-5000,-5000
055892,國巨統一99購01  ,0,0,0,0,0,0,0,0,0,-5000,0,0,0,20000,25000,-5000,-5000
054565,玉晶光群益99購02,0,0,0,0,0,0,0,0,0,-5000,0,0,0,0,5000,-5000,-5000
05472P,國巨統一96售02  ,0,0,0,0,0,0,0,0,0,-5000,0,0,0,0,5000,-5000,-5000
052433,滬深2X國泰96購02,0,0,0,0,0,0,0,0,0,-5000,0,0,0,10000,15000,-5000,-5000
052926,旺宏元大98購02  ,0,0,0,0,0,0,0,0,0,-5000,0,0,0,0,5000,-5000,-5000
052617,景碩國泰98購01  ,0,0,0,0,0,0,0,0,0,-5000,0,0,0,0,5000,-5000,-5000
052659,上証2X國票99購01,0,0,0,0,0,0,0,0,0,-5000,0,0,0,0,5000,-5000,-5000
054163,燿華凱基97購02  ,0,0,0,0,0,0,0,0,0,-5000,0,0,0,0,5000,-5000,-5000
053565,台光電富邦98購01,0,0,0,0,0,0,0,0,0,-5000,0,0,0,51000,56000,-5000,-5000
05347P,滬深2X元富9B售02,0,0,0,0,0,0,0,0,0,-5000,0,0,0,0,5000,-5000,-5000
053404,致新群益96購01  ,0,0,0,0,0,0,0,0,0,-5000,0,0,0,5000,10000,-5000,-5000
053378,台積電元大98購02,0,0,0,0,0,0,0,0,0,-5000,0,0,0,5000,10000,-5000,-5000
00645,富邦日本        ,0,0,0,0,0,0,0,0,0,-5000,0,0,0,72000,77000,-5000,-5000
00736,國泰新興市場    ,0,3000,-3000,0,0,0,0,0,0,-2000,0,0,0,200000,202000,-2000,-5000
00706L,元大S&P日圓正2  ,0,0,0,0,0,0,0,0,0,-5000,0,0,0,1000,6000,-5000,-5000
00707R,元大S&P日圓反1  ,0,0,0,0,0,0,0,0,0,-5000,0,0,0,1000,6000,-5000,-5000
051463,世芯國泰97購02  ,0,0,0,0,0,0,0,0,0,-5000,0,0,0,0,5000,-5000,-5000
051688,大立光凱基97購02,0,0,0,0,0,0,0,0,0,-5000,0,0,0,0,5000,-5000,-5000
051727,S&P反1國票97購01,0,0,0,0,0,0,0,0,0,-5000,0,0,0,55000,60000,-5000,-5000
054210,台光電國票97購03,0,0,0,0,0,0,0,0,0,-5000,0,0,0,0,5000,-5000,-5000
058535,玉晶光統一9A購06,0,0,0,0,0,0,0,0,0,-5000,0,0,0,5000,10000,-5000,-5000
058501,S&P正2元大99購01,0,0,0,0,0,0,0,0,0,-5000,0,0,0,5000,10000,-5000,-5000
058423,臺股指麥證99購01,0,0,0,0,5000,-5000,0,0,0,-5000,0,0,0,0,5000,-5000,-5000
058387,國巨國票9A購03  ,0,0,0,0,0,0,0,0,0,-5000,0,0,0,5000,10000,-5000,-5000
059966,台積電凱基99購19,0,0,0,0,0,0,0,0,0,-5000,0,0,0,0,5000,-5000,-5000
058079,鴻海群益98購08  ,0,0,0,0,0,0,0,0,0,-5000,0,0,0,2000,7000,-5000,-5000
058090,聯發科元大98購16,0,0,0,0,0,0,0,0,0,-5000,0,0,0,0,5000,-5000,-5000
058133,華新科元大9A購02,0,0,0,0,0,0,0,0,0,-5000,0,0,0,0,5000,-5000,-5000
058125,元油2X元大9C購01,0,0,0,0,0,0,0,0,0,-5000,0,0,0,0,5000,-5000,-5000
060328,可成群益9A購06  ,0,0,0,0,0,0,0,0,0,-5000,0,0,0,7000,12000,-5000,-5000
060420,神基永豐9A購01  ,0,0,0,0,0,0,0,0,0,-5000,0,0,0,145000,150000,-5000,-5000
060401,世紀鋼國票9B購01,0,0,0,0,0,0,0,0,0,-5000,0,0,0,53000,58000,-5000,-5000
060088,國巨元大99購30  ,0,0,0,0,0,0,0,0,0,-5000,0,0,0,2000,7000,-5000,-5000
060095,聯發科元大99購42,0,0,0,0,0,0,0,0,0,-5000,0,0,0,0,5000,-5000,-5000
060160,聯陽永豐9A購01  ,0,0,0,0,0,0,0,0,0,-5000,0,0,0,0,5000,-5000,-5000
060581,玉晶光群益9B購02,0,0,0,0,0,0,0,0,0,-5000,0,0,0,0,5000,-5000,-5000
060724,台灣50第一9A購02,0,0,0,0,0,0,0,0,0,-5000,0,0,0,0,5000,-5000,-5000
059489,上証2X國票9A購01,0,0,0,0,0,0,0,0,0,-5000,0,0,0,0,5000,-5000,-5000
059400,滬深2X元富9C購04,0,0,0,0,0,0,0,0,0,-5000,0,0,0,5000,10000,-5000,-5000
059784,台光電元大9A購01,0,0,0,0,0,0,0,0,0,-5000,0,0,0,0,5000,-5000,-5000
057632,傳奇永豐98購01  ,0,0,0,0,0,0,0,0,0,-5000,0,0,0,305000,310000,-5000,-5000
057682,台積電日盛9A購03,0,0,0,0,0,0,0,0,0,-5000,0,0,0,94000,99000,-5000,-5000
057659,台表科兆豐98購01,0,0,0,0,0,0,0,0,0,-5000,0,0,0,0,5000,-5000,-5000
059124,台積電第一03購01,0,0,0,0,0,0,0,0,0,-5000,0,0,0,10000,15000,-5000,-5000
059040,訊芯群益99購03  ,0,0,0,0,0,0,0,0,0,-5000,0,0,0,98000,103000,-5000,-5000
059246,奇力新凱基9A購02,0,0,0,0,0,0,0,0,0,-5000,0,0,0,0,5000,-5000,-5000
059276,可成元大99購06  ,0,0,0,0,0,0,0,0,0,-5000,0,0,0,15000,20000,-5000,-5000
059192,臺股指富邦9C購01,0,0,0,0,0,0,0,0,0,-5000,0,0,0,0,5000,-5000,-5000
6128,上福            ,8000,13000,-5000,0,0,0,0,0,0,0,0,0,0,0,0,0,-5000
6172,互億            ,3000,8000,-5000,0,0,0,0,0,0,0,0,0,0,0,0,0,-5000
3167,大量            ,1000,6000,-5000,0,0,0,0,0,0,0,0,0,0,0,0,0,-5000
4108,懷特            ,27000,34000,-7000,0,0,0,0,0,0,2000,2000,0,2000,0,0,0,-5000
3617,碩天            ,21000,32000,-11000,0,0,0,0,0,0,6000,0,0,0,6000,0,6000,-5000
4572,駐龍            ,13000,18000,-5000,0,0,0,0,0,0,0,0,0,0,0,0,0,-5000
2380,虹光            ,0,5000,-5000,0,0,0,0,0,0,0,0,0,0,0,0,0,-5000
08071P,臺股指富邦9B售04,0,0,0,0,0,0,0,0,0,-5000,0,0,0,0,5000,-5000,-5000
08034P,台積電兆豐9B售02,0,0,0,0,0,0,0,0,0,-5000,0,0,0,20000,25000,-5000,-5000
08005P,台積電群益9C售04,0,0,0,0,0,0,0,0,0,-5000,0,0,0,0,5000,-5000,-5000
1583,程泰            ,1000,6000,-5000,0,0,0,0,0,0,0,0,0,0,0,0,0,-5000
1587,吉茂            ,0,4000,-4000,0,0,0,0,0,0,-1000,0,1000,-1000,0,0,0,-5000
1616,億泰            ,0,5000,-5000,0,0,0,0,0,0,0,0,0,0,0,0,0,-5000
1441,大東            ,0,5000,-5000,0,0,0,0,0,0,0,0,0,0,0,0,0,-5000
07748P,茂林凱基9A售04  ,0,0,0,0,0,0,0,0,0,-5000,0,0,0,0,5000,-5000,-5000
07921P,鴻海群益9B售04  ,0,0,0,0,0,0,0,0,0,-5000,0,0,0,0,5000,-5000,-5000
07935P,臺股指國票9B售07,0,0,0,0,0,0,0,0,0,-5000,0,0,0,0,5000,-5000,-5000
07242P,台灣50凱基9A售03,0,0,0,0,0,0,0,0,0,-5000,0,0,0,0,5000,-5000,-5000
07104P,聯發科元富99售04,0,0,0,0,0,0,0,0,0,-5000,0,0,0,3000,8000,-5000,-5000
07463P,台積電國票9A售05,0,0,0,0,0,0,0,0,0,-5000,0,0,0,0,5000,-5000,-5000
07467P,上銀元大9A售03  ,0,0,0,0,0,0,0,0,0,-5000,0,0,0,20000,25000,-5000,-5000
07362P,聯發科元大99售35,0,0,0,0,0,0,0,0,0,-5000,0,0,0,5000,10000,-5000,-5000
07348P,滬深2X凱基9A售04,0,0,0,0,0,0,0,0,0,-5000,0,0,0,0,5000,-5000,-5000
07303P,臺股指元大9A售36,0,0,0,0,0,0,0,0,0,-5000,0,0,0,364000,369000,-5000,-5000
06630P,國巨群益98售08  ,0,0,0,0,0,0,0,0,0,-5000,0,0,0,0,5000,-5000,-5000
06638P,鴻海統一99售02  ,0,0,0,0,0,0,0,0,0,-5000,0,0,0,5000,10000,-5000,-5000
06825P,臺股指國票98售01,0,0,0,0,0,0,0,0,0,-5000,0,0,0,12000,17000,-5000,-5000
06743P,創意永豐98售03  ,0,0,0,0,0,0,0,0,0,-5000,0,0,0,10000,15000,-5000,-5000
06724P,台灣50國票98售01,0,0,0,0,0,0,0,0,0,-5000,0,0,0,0,5000,-5000,-5000
06924P,台積電群益98售07,0,0,0,0,0,0,0,0,0,-5000,0,0,0,0,5000,-5000,-5000
061784,聯發科群益9B購02,0,0,0,0,0,0,0,0,0,-6000,0,0,0,0,6000,-6000,-6000
061607,台表科凱基9B購02,0,0,0,0,0,0,0,0,0,-6000,0,0,0,63000,69000,-6000,-6000
061648,緯穎元大9A購04  ,0,0,0,0,0,0,0,0,0,-6000,0,0,0,2000,8000,-6000,-6000
062047,緯穎凱基9B購01  ,0,0,0,0,0,0,0,0,0,-6000,0,0,0,0,6000,-6000,-6000
061117,美律國泰9C購01  ,0,0,0,0,0,0,0,0,0,-6000,0,0,0,59000,65000,-6000,-6000
061006,新光金兆豐9A購01,0,0,0,0,0,0,0,0,0,-6000,0,0,0,94000,100000,-6000,-6000
061403,滬深2X國票9A購06,0,0,0,0,0,0,0,0,0,-6000,0,0,0,0,6000,-6000,-6000
061208,聯發科元大9A購09,0,0,0,0,0,0,0,0,0,-6000,0,0,0,0,6000,-6000,-6000
063504,國巨群益9C購06  ,0,0,0,0,0,0,0,0,0,-6000,0,0,0,0,6000,-6000,-6000
06449P,台積電元大98售09,0,0,0,0,0,0,0,0,0,-6000,0,0,0,0,6000,-6000,-6000
06458P,玉晶光統一9A售02,0,0,0,0,0,0,0,0,0,-6000,0,0,0,0,6000,-6000,-6000
063281,京元電元大9B購01,0,0,0,0,0,0,0,0,0,-6000,0,0,0,24000,30000,-6000,-6000
063324,道瓊反國票9B購03,0,0,0,0,0,0,0,0,0,-6000,0,0,0,0,6000,-6000,-6000
062998,泰碩國票01購01  ,0,0,0,0,0,0,0,0,0,-6000,0,0,0,29000,35000,-6000,-6000
062945,世芯國泰01購01  ,0,0,0,0,0,0,0,0,0,-6000,0,0,0,5000,11000,-6000,-6000
062753,台積電麥證9B購01,0,0,0,0,6000,-6000,0,0,0,-6000,0,0,0,0,6000,-6000,-6000
062796,技嘉統一9C購01  ,0,0,0,0,0,0,0,0,0,-6000,0,0,0,0,6000,-6000,-6000
062296,南六永豐9B購02  ,0,0,0,0,0,0,0,0,0,-6000,0,0,0,0,6000,-6000,-6000
062441,華新科元大9C購01,0,0,0,0,0,0,0,0,0,-6000,0,0,0,4000,10000,-6000,-6000
053994,微星群益96購01  ,0,0,0,0,0,0,0,0,0,-6000,0,0,0,0,6000,-6000,-6000
05088P,大立光富邦99售01,0,0,0,0,0,0,0,0,0,-6000,0,0,0,0,6000,-6000,-6000
0052,富邦科技        ,0,0,0,0,0,0,0,0,0,-6000,0,0,0,102000,108000,-6000,-6000
053443,智邦凱基97購01  ,0,0,0,0,0,0,0,0,0,-6000,0,0,0,0,6000,-6000,-6000
053595,創意元大96購02  ,0,0,0,0,0,0,0,0,0,-6000,0,0,0,4000,10000,-6000,-6000
054134,強茂元大96購01  ,0,0,0,0,0,0,0,0,0,-6000,0,0,0,139000,145000,-6000,-6000
053291,旺宏中信9A購01  ,31000,0,31000,0,0,0,0,0,0,-37000,0,0,0,0,37000,-37000,-6000
056600,聯茂元富98購01  ,0,0,0,0,0,0,0,0,0,-6000,0,0,0,0,6000,-6000,-6000
05887P,友達元富99售03  ,0,0,0,0,0,0,0,0,0,-6000,0,0,0,0,6000,-6000,-6000
056412,上証2X中信9A購02,0,0,0,0,0,0,0,0,0,-6000,0,0,0,10000,16000,-6000,-6000
059259,FBVIX中信03購06 ,0,0,0,0,0,0,0,0,0,-6000,0,0,0,5000,11000,-6000,-6000
059123,訊芯永豐99購03  ,0,0,0,0,0,0,0,0,0,-6000,0,0,0,88000,94000,-6000,-6000
059616,滬深2X群益01購04,0,0,0,0,0,0,0,0,0,-6000,0,0,0,0,6000,-6000,-6000
058238,奇鋐元大99購02  ,0,0,0,0,0,0,0,0,0,-6000,0,0,0,112000,118000,-6000,-6000
058258,世芯國泰9A購01  ,0,0,0,0,0,0,0,0,0,-6000,0,0,0,11000,17000,-6000,-6000
058226,世芯元富99購01  ,0,0,0,0,0,0,0,0,0,-6000,0,0,0,0,6000,-6000,-6000
057755,鴻海日盛98購01  ,0,0,0,0,0,0,0,0,0,-6000,0,0,0,0,6000,-6000,-6000
057503,世紀鋼群益98購02,0,0,0,0,0,0,0,0,0,-6000,0,0,0,0,6000,-6000,-6000
059454,亞光永豐99購01  ,0,0,0,0,0,0,0,0,0,-6000,0,0,0,56000,62000,-6000,-6000
059455,玉晶光永豐99購05,0,0,0,0,0,0,0,0,0,-6000,0,0,0,0,6000,-6000,-6000
060731,奇力新群益9A購01,0,0,0,0,0,0,0,0,0,-6000,0,0,0,0,6000,-6000,-6000
060770,宏達電麥證9A購01,0,0,0,0,6000,-6000,0,0,0,-6000,0,0,0,0,6000,-6000,-6000
060084,聯電元大99購02  ,0,0,0,0,0,0,0,0,0,-6000,0,0,0,41000,47000,-6000,-6000
057411,臺股指群益99購05,0,0,0,0,0,0,0,0,0,-6000,0,0,0,0,6000,-6000,-6000
058294,華新科凱基9A購01,0,0,0,0,0,0,0,0,0,-6000,0,0,0,28000,34000,-6000,-6000
058282,聯茂中信99購01  ,0,0,0,0,0,0,0,0,0,-6000,0,0,0,0,6000,-6000,-6000
059973,A50正2元大99購02,0,0,0,0,0,0,0,0,0,-6000,0,0,0,20000,26000,-6000,-6000
060011,臺股指群益9C購06,0,0,0,0,0,0,0,0,0,-6000,0,0,0,6000,12000,-6000,-6000
060038,台積電國票99購13,0,0,0,0,0,0,0,0,0,-6000,0,0,0,0,6000,-6000,-6000
06578P,華新科國票98售02,0,0,0,0,0,0,0,0,0,-6000,0,0,0,0,6000,-6000,-6000
07120P,聯發科凱基99售09,0,0,0,0,0,0,0,0,0,-6000,0,0,0,0,6000,-6000,-6000
07965P,玉晶光群益01售02,0,0,0,0,0,0,0,0,0,-6000,0,0,0,19000,25000,-6000,-6000
07673P,電子類元大9A售01,0,0,0,0,0,0,0,0,0,-6000,0,0,0,1000,7000,-6000,-6000
1432,大魯閣          ,0,6000,-6000,0,0,0,0,0,0,0,0,0,0,0,0,0,-6000
1236,宏亞            ,0,6000,-6000,0,0,0,0,0,0,0,0,0,0,0,0,0,-6000
08043P,電子類群益9B售01,0,0,0,0,0,0,0,0,0,-6000,0,0,0,0,6000,-6000,-6000
2373,震旦行          ,0,6000,-6000,0,0,0,0,0,0,0,0,0,0,0,0,0,-6000
2032,新鋼            ,1000,7000,-6000,0,0,0,0,0,0,0,0,0,0,0,0,0,-6000
1726,永記            ,0,6000,-6000,0,0,0,0,0,0,0,0,0,0,0,0,0,-6000
4930,燦星網          ,4000,9000,-5000,0,0,0,0,0,0,-1000,0,1000,-1000,0,0,0,-6000
3494,誠研            ,1000,7000,-6000,0,0,0,0,0,0,0,0,0,0,0,0,0,-6000
3025,星通            ,1000,7000,-6000,0,0,0,0,0,0,0,0,0,0,0,0,0,-6000
8478,東哥遊艇        ,9000,15000,-6000,0,0,0,0,0,0,0,0,0,0,0,0,0,-6000
062832,嘉澤群益9B購02  ,0,0,0,0,0,0,0,0,0,-7000,0,0,0,8000,15000,-7000,-7000
063345,嘉晶統一9C購02  ,0,0,0,0,0,0,0,0,0,-7000,0,0,0,5000,12000,-7000,-7000
063405,聯發科國票9C購03,0,0,0,0,0,0,0,0,0,-7000,0,0,0,0,7000,-7000,-7000
061872,友達元大9C購06  ,0,0,0,0,0,0,0,0,0,-7000,0,0,0,103000,110000,-7000,-7000
061655,微星國票9A購01  ,0,0,0,0,0,0,0,0,0,-7000,0,0,0,0,7000,-7000,-7000
061833,華新科凱基02購01,0,0,0,0,0,0,0,0,0,-7000,0,0,0,0,7000,-7000,-7000
058885,元石油元大9C購02,0,0,0,0,0,0,0,0,0,-7000,0,0,0,0,7000,-7000,-7000
055822,臺股指國票97購09,0,0,0,0,0,0,0,0,0,-7000,0,0,0,0,7000,-7000,-7000
052418,玉晶光兆豐96購01,0,0,0,0,0,0,0,0,0,-7000,0,0,0,3000,10000,-7000,-7000
054463,瑞昱凱基97購01  ,0,0,0,0,0,0,0,0,0,-7000,0,0,0,0,7000,-7000,-7000
054470,緯穎國票97購04  ,0,0,0,0,0,0,0,0,0,-7000,0,0,0,1000,8000,-7000,-7000
00660,元大歐洲50      ,0,0,0,0,0,0,0,0,0,-7000,0,0,0,58000,65000,-7000,-7000
00683L,元大美元指數正2 ,0,0,0,0,0,0,0,0,0,-7000,0,0,0,0,7000,-7000,-7000
00714,群益道瓊美國地產,0,0,0,0,0,0,0,0,0,-7000,0,0,0,1000,8000,-7000,-7000
053849,聯發科元富96購04,0,0,0,0,0,0,0,0,0,-7000,0,0,0,196000,203000,-7000,-7000
059469,智邦元大99購03  ,0,0,0,0,0,0,0,0,0,-7000,0,0,0,44000,51000,-7000,-7000
059488,大立光兆豐99購03,0,0,0,0,0,0,0,0,0,-7000,0,0,0,0,7000,-7000,-7000
059819,台積電凱基99購17,0,0,0,0,0,0,0,0,0,-7000,0,0,0,3000,10000,-7000,-7000
058256,臺股指元大9A購20,0,0,0,0,0,0,0,0,0,-7000,0,0,0,8000,15000,-7000,-7000
057928,鈺齊凱基98購02  ,0,0,0,0,0,0,0,0,0,-7000,0,0,0,44000,51000,-7000,-7000
059649,矽力凱基99購02  ,0,0,0,0,0,0,0,0,0,-7000,0,0,0,10000,17000,-7000,-7000
059702,台積電凱基9A購14,0,0,0,0,0,0,0,0,0,-7000,0,0,0,3000,10000,-7000,-7000
059709,上証2X元大9C購01,0,0,0,0,0,0,0,0,0,-7000,0,0,0,1000,8000,-7000,-7000
059235,鴻海凱基99購08  ,0,0,0,0,0,0,0,0,0,-7000,0,0,0,0,7000,-7000,-7000
059204,台灣50元大01購02,0,0,0,0,0,0,0,0,0,-7000,0,0,0,0,7000,-7000,-7000
059173,矽力凱基99購01  ,0,0,0,0,0,0,0,0,0,-7000,0,0,0,19000,26000,-7000,-7000
8473,山林水          ,3000,10000,-7000,0,0,0,0,0,0,0,0,0,0,0,0,0,-7000
8114,振樺電          ,0,7000,-7000,0,0,0,0,0,0,0,0,0,0,0,0,0,-7000
2887F,台新戊特二      ,0,0,0,0,0,0,0,0,0,-7000,0,7000,-7000,0,0,0,-7000
2069,運錩            ,0,7000,-7000,0,0,0,0,0,0,0,0,0,0,0,0,0,-7000
2443,億麗            ,1000,8000,-7000,0,0,0,0,0,0,0,0,0,0,0,0,0,-7000
1517,利奇            ,9000,16000,-7000,0,0,0,0,0,0,0,0,0,0,0,0,0,-7000
1521,大億            ,0,7000,-7000,0,0,0,0,0,0,0,0,0,0,0,0,0,-7000
07988P,台積電台新9C售03,0,0,0,0,0,0,0,0,0,-7000,0,0,0,3000,10000,-7000,-7000
07135P,臺股指元大9A售29,0,0,0,0,0,0,0,0,0,-7000,0,0,0,0,7000,-7000,-7000
07099P,台積電元大99售19,0,0,0,0,0,0,0,0,0,-7000,0,0,0,0,7000,-7000,-7000
07201P,臺股指元大99售17,0,0,0,0,0,0,0,0,0,-7000,0,0,0,11000,18000,-7000,-7000
07435P,台積電富邦9C售07,0,0,0,0,0,0,0,0,0,-7000,0,0,0,0,7000,-7000,-7000
06625P,華新科統一98售03,0,0,0,0,0,0,0,0,0,-7000,0,0,0,0,7000,-7000,-7000
06940P,旺宏永豐98售05  ,0,0,0,0,0,0,0,0,0,-7000,0,0,0,0,7000,-7000,-7000
061819,茂林群益9B購01  ,0,0,0,0,0,0,0,0,0,-8000,0,0,0,45000,53000,-8000,-8000
061556,台積電國票9A購08,0,0,0,0,0,0,0,0,0,-8000,0,0,0,0,8000,-8000,-8000
061948,美食群益9B購01  ,0,0,0,0,0,0,0,0,0,-8000,0,0,0,19000,27000,-8000,-8000
061355,康友元大9A購03  ,0,0,0,0,0,0,0,0,0,-8000,0,0,0,0,8000,-8000,-8000
061530,智邦台新9A購02  ,0,0,0,0,0,0,0,0,0,-8000,0,0,0,0,8000,-8000,-8000
061129,文曄永豐9A購01  ,0,0,0,0,0,0,0,0,0,-8000,0,0,0,0,8000,-8000,-8000
063342,台光電統一9B購02,0,0,0,0,0,0,0,0,0,-8000,0,0,0,50000,58000,-8000,-8000
063328,京元電國票9C購02,0,0,0,0,0,0,0,0,0,-8000,0,0,0,0,8000,-8000,-8000
063312,台積電群益9B購07,0,0,0,0,0,0,0,0,0,-8000,0,0,0,45000,53000,-8000,-8000
063567,漢唐元大9B購03  ,0,0,0,0,0,0,0,0,0,-8000,0,0,0,0,8000,-8000,-8000
063581,同欣電國泰9C購01,0,0,0,0,0,0,0,0,0,-8000,0,0,0,3000,11000,-8000,-8000
063077,巨大永豐9B購03  ,0,0,0,0,0,0,0,0,0,-8000,0,0,0,0,8000,-8000,-8000
063235,台積電元大9B購06,0,0,0,0,0,0,0,0,0,-8000,0,0,0,0,8000,-8000,-8000
062789,臺股指元大9B購32,0,0,0,0,0,0,0,0,0,-8000,0,0,0,0,8000,-8000,-8000
062719,微星凱基9B購01  ,0,0,0,0,0,0,0,0,0,-8000,0,0,0,0,8000,-8000,-8000
062432,上銀元大9B購04  ,0,0,0,0,0,0,0,0,0,-8000,0,0,0,0,8000,-8000,-8000
03444B,臺股指元大9C熊02,0,0,0,0,0,0,0,0,0,-8000,0,0,0,1000,9000,-8000,-8000
051484,玉晶光凱基97購01,0,0,0,0,0,0,0,0,0,-8000,0,0,0,0,8000,-8000,-8000
03669C,滬深2X元富09牛01,0,0,0,0,0,0,0,0,0,-8000,0,0,0,2000,10000,-8000,-8000
055987,台表科元富97購01,0,0,0,0,0,0,0,0,0,-8000,0,0,0,72000,80000,-8000,-8000
052799,上銀元大96購01  ,0,0,0,0,0,0,0,0,0,-8000,0,0,0,0,8000,-8000,-8000
056571,燿華元大98購02  ,0,0,0,0,0,0,0,0,0,-8000,0,0,0,71000,79000,-8000,-8000
056557,世紀鋼凱基98購02,0,0,0,0,0,0,0,0,0,-8000,0,0,0,76000,84000,-8000,-8000
056256,聯茂元富97購03  ,0,0,0,0,0,0,0,0,0,-8000,0,0,0,0,8000,-8000,-8000
058967,可成麥證99購01  ,0,0,0,0,8000,-8000,0,0,0,-8000,0,0,0,0,8000,-8000,-8000
055271,鴻海元大98購03  ,0,0,0,0,0,0,0,0,0,-8000,0,0,0,14000,22000,-8000,-8000
055304,瑞昱第一98購01  ,0,0,0,0,0,0,0,0,0,-8000,0,0,0,0,8000,-8000,-8000
059151,臺股指國票99購14,0,0,0,0,0,0,0,0,0,-8000,0,0,0,6000,14000,-8000,-8000
059645,祥碩凱基99購05  ,0,0,0,0,0,0,0,0,0,-8000,0,0,0,2000,10000,-8000,-8000
057195,南茂元大98購01  ,10000,0,10000,0,0,0,0,0,0,-18000,0,0,0,232000,250000,-18000,-8000
058267,奇鋐永豐99購01  ,0,0,0,0,0,0,0,0,0,-8000,0,0,0,34000,42000,-8000,-8000
058220,世芯國票9A購01  ,0,0,0,0,0,0,0,0,0,-8000,0,0,0,4000,12000,-8000,-8000
057136,立積凱基98購02  ,0,0,0,0,0,0,0,0,0,-8000,0,0,0,0,8000,-8000,-8000
057076,緯穎永豐98購01  ,0,0,0,0,0,0,0,0,0,-8000,0,0,0,0,8000,-8000,-8000
057545,國巨凱基99購05  ,0,0,0,0,0,0,0,0,0,-8000,0,0,0,0,8000,-8000,-8000
057540,緯穎日盛99購01  ,0,0,0,0,0,0,0,0,0,-8000,0,0,0,0,8000,-8000,-8000
059544,創意亞東99購01  ,0,0,0,0,0,0,0,0,0,-8000,0,0,0,2000,10000,-8000,-8000
05958P,聯發科國票97售04,0,0,0,0,0,0,0,0,0,-8000,0,0,0,3000,11000,-8000,-8000
057390,台表科永豐98購01,0,0,0,0,0,0,0,0,0,-8000,0,0,0,2000,10000,-8000,-8000
060466,玉山金元大9A購01,0,0,0,0,0,0,0,0,0,-8000,0,0,0,43000,51000,-8000,-8000
06044P,同欣電永豐96售03,0,0,0,0,0,0,0,0,0,-8000,0,0,0,2000,10000,-8000,-8000
060788,嘉晶富邦9B購01  ,0,0,0,0,0,0,0,0,0,-8000,0,0,0,7000,15000,-8000,-8000
06698P,玉晶光國票99售05,0,0,0,0,0,0,0,0,0,-8000,0,0,0,7000,15000,-8000,-8000
07424P,大立光元大9B售01,0,0,0,0,0,0,0,0,0,-8000,0,0,0,0,8000,-8000,-8000
07293P,臺股指凱基99售45,0,0,0,0,0,0,0,0,0,-8000,0,0,0,0,8000,-8000,-8000
07090P,台灣50凱基01售01,0,0,0,0,0,0,0,0,0,-8000,0,0,0,1000,9000,-8000,-8000
07900P,臺股指凱基9B售03,0,0,0,0,0,0,0,0,0,-8000,0,0,0,5000,13000,-8000,-8000
2462,良得電          ,1000,9000,-8000,0,0,0,0,0,0,0,0,0,0,0,0,0,-8000
2236,百達-KY         ,0,9000,-9000,0,0,0,0,0,0,1000,1000,0,1000,0,0,0,-8000
2206,三陽工業        ,148000,156000,-8000,0,0,0,0,0,0,0,0,0,0,0,0,0,-8000
2007,燁興            ,2000,10000,-8000,0,0,0,0,0,0,0,0,0,0,0,0,0,-8000
3033,威健            ,61000,69000,-8000,0,0,0,0,0,0,0,0,0,0,0,0,0,-8000
4106,雃博            ,840000,847000,-7000,0,0,0,0,0,0,-1000,0,1000,-1000,0,0,0,-8000
4989,榮科            ,9000,17000,-8000,0,0,0,0,0,0,0,0,0,0,0,0,0,-8000
9937,全國            ,1000,9000,-8000,0,0,0,0,0,0,0,0,0,0,0,0,0,-8000
062466,FBVIX凱基9B購01 ,0,0,0,0,0,0,0,0,0,-9000,0,0,0,3000,12000,-9000,-9000
062238,臻鼎凱基9C購01  ,0,0,0,0,0,0,0,0,0,-9000,0,0,0,6000,15000,-9000,-9000
062837,復盛群益9B購01  ,0,0,0,0,0,0,0,0,0,-9000,0,0,0,103000,112000,-9000,-9000
063509,超眾群益9B購03  ,0,0,0,0,0,0,0,0,0,-9000,0,0,0,0,9000,-9000,-9000
063496,儒鴻永豐9B購01  ,0,0,0,0,0,0,0,0,0,-9000,0,0,0,1000,10000,-9000,-9000
063410,南六國票9C購01  ,0,0,0,0,0,0,0,0,0,-9000,0,0,0,0,9000,-9000,-9000
063411,和潤國票9C購01  ,0,0,0,0,0,0,0,0,0,-9000,0,0,0,0,9000,-9000,-9000
063412,寶成國票9C購01  ,0,0,0,0,0,0,0,0,0,-9000,0,0,0,0,9000,-9000,-9000
061161,南六群益9A購01  ,0,0,0,0,0,0,0,0,0,-9000,0,0,0,0,9000,-9000,-9000
061365,國巨國票9B購05  ,0,0,0,0,0,0,0,0,0,-9000,0,0,0,4000,13000,-9000,-9000
062124,大立光統一9B購09,0,0,0,0,0,0,0,0,0,-9000,0,0,0,0,9000,-9000,-9000
061839,華新科凱基05購04,0,0,0,0,0,0,0,0,0,-9000,0,0,0,1000,10000,-9000,-9000
06173P,華通元大97售02  ,0,0,0,0,0,0,0,0,0,-9000,0,0,0,3000,12000,-9000,-9000
061776,晶技國票9B購01  ,0,0,0,0,0,0,0,0,0,-9000,0,0,0,0,9000,-9000,-9000
055263,華新科富邦9A購01,0,0,0,0,0,0,0,0,0,-9000,0,0,0,0,9000,-9000,-9000
058852,貿聯群益99購04  ,0,0,0,0,0,0,0,0,0,-9000,0,0,0,91000,100000,-9000,-9000
055836,華邦電元大97購04,0,0,0,0,0,0,0,0,0,-9000,0,0,0,0,9000,-9000,-9000
055501,創意元大97購01  ,0,0,0,0,0,0,0,0,0,-9000,0,0,0,1000,10000,-9000,-9000
054846,瑞昱兆豐97購01  ,0,0,0,0,0,0,0,0,0,-9000,0,0,0,0,9000,-9000,-9000
054451,上銀亞東98購01  ,0,0,0,0,0,0,0,0,0,-9000,0,0,0,0,9000,-9000,-9000
053353,玉晶光兆豐97購03,0,0,0,0,0,0,0,0,0,-9000,0,0,0,0,9000,-9000,-9000
053729,聯茂凱基96購05  ,0,0,0,0,0,0,0,0,0,-9000,0,0,0,1000,10000,-9000,-9000
006203,元大MSCI台灣    ,0,1000,-1000,0,0,0,0,0,0,-8000,0,0,0,1000,9000,-8000,-9000
060661,台積電凱基9A購18,0,0,0,0,0,0,0,0,0,-9000,0,0,0,5000,14000,-9000,-9000
060501,鴻海元大9A購13  ,0,0,0,0,0,0,0,0,0,-9000,0,0,0,0,9000,-9000,-9000
060185,聯發科元富04購01,0,0,0,0,0,0,0,0,0,-9000,0,0,0,1000,10000,-9000,-9000
058108,台郡台新99購01  ,0,0,0,0,0,0,0,0,0,-9000,0,0,0,0,9000,-9000,-9000
057526,智邦元大98購10  ,0,0,0,0,0,0,0,0,0,-9000,0,0,0,14000,23000,-9000,-9000
059782,A50正2元大9C購04,0,0,0,0,0,0,0,0,0,-9000,0,0,0,17000,26000,-9000,-9000
059074,元油2X元大9C購15,0,0,0,0,0,0,0,0,0,-9000,0,0,0,60000,69000,-9000,-9000
057154,易華電國泰99購01,0,0,0,0,0,0,0,0,0,-9000,0,0,0,0,9000,-9000,-9000
059120,致伸永豐99購01  ,0,0,0,0,0,0,0,0,0,-9000,0,0,0,0,9000,-9000,-9000
059236,鴻海凱基99購09  ,0,0,0,0,0,0,0,0,0,-9000,0,0,0,17000,26000,-9000,-9000
8442,威宏-KY         ,0,7000,-7000,0,0,0,0,0,0,-2000,0,2000,-2000,0,0,0,-9000
8411,福貞-KY         ,0,9000,-9000,0,0,0,0,0,0,0,0,0,0,0,0,0,-9000
6197,佳必琪          ,54000,63000,-9000,0,0,0,0,0,0,0,0,0,0,0,0,0,-9000
4562,穎漢            ,1000,10000,-9000,0,0,0,0,0,0,0,0,0,0,0,0,0,-9000
3432,台端            ,0,11000,-11000,0,0,0,0,0,0,2000,2000,0,2000,0,0,0,-9000
3694,海華            ,5000,10000,-5000,0,0,0,0,0,0,-4000,0,4000,-4000,0,0,0,-9000
3679,新至陞          ,9000,18000,-9000,0,0,0,0,0,0,0,0,0,0,0,0,0,-9000
2466,冠西電          ,2000,11000,-9000,0,0,0,0,0,0,0,0,0,0,0,0,0,-9000
2460,建通            ,2000,13000,-11000,0,0,0,0,0,0,2000,2000,0,2000,0,0,0,-9000
07950P,智邦元大9B售04  ,0,0,0,0,0,0,0,0,0,-9000,0,0,0,120000,129000,-9000,-9000
07655P,台灣50凱基01售09,0,0,0,0,0,0,0,0,0,-9000,0,0,0,20000,29000,-9000,-9000
1529,樂士            ,0,9000,-9000,0,0,0,0,0,0,0,0,0,0,0,0,0,-9000
1413,宏洲            ,0,9000,-9000,0,0,0,0,0,0,0,0,0,0,0,0,0,-9000
07508P,華新科國票9A售03,0,0,0,0,0,0,0,0,0,-9000,0,0,0,0,9000,-9000,-9000
06581P,南亞科凱基98售04,0,0,0,0,0,0,0,0,0,-9000,0,0,0,0,9000,-9000,-9000
06599P,宏達電永豐98售02,0,0,0,0,0,0,0,0,0,-9000,0,0,0,16000,25000,-9000,-9000
06494P,鴻海永昌98售03  ,0,0,0,0,0,0,0,0,0,-9000,0,0,0,0,9000,-9000,-9000
06532P,友達元富98售04  ,0,0,0,0,0,0,0,0,0,-9000,0,0,0,0,9000,-9000,-9000
06965P,台積電台新99售02,0,0,0,0,0,0,0,0,0,-9000,0,0,0,120000,129000,-9000,-9000
061778,元金2X群益9B購02,0,0,0,0,0,0,0,0,0,-10000,0,0,0,0,10000,-10000,-10000
061780,國巨群益9C購01  ,0,0,0,0,0,0,0,0,0,-10000,0,0,0,0,10000,-10000,-10000
061753,南亞科台新9B購01,0,0,0,0,0,0,0,0,0,-10000,0,0,0,0,10000,-10000,-10000
061721,道瓊反富邦9B購01,0,0,0,0,0,0,0,0,0,-10000,0,0,0,0,10000,-10000,-10000
06182P,群創兆豐97售03  ,0,0,0,0,0,0,0,0,0,-10000,0,0,0,10000,20000,-10000,-10000
061830,元金2X凱基01購01,0,0,0,0,0,0,0,0,0,-10000,0,0,0,0,10000,-10000,-10000
061788,信邦群益9B購01  ,0,0,0,0,0,0,0,0,0,-10000,0,0,0,0,10000,-10000,-10000
062099,牧德永豐9B購01  ,0,0,0,0,0,0,0,0,0,-10000,0,0,0,5000,15000,-10000,-10000
06207P,聯發科凱基97售07,0,0,0,0,0,0,0,0,0,-10000,0,0,0,0,10000,-10000,-10000
062068,滬深2X元大9B購02,0,0,0,0,0,0,0,0,0,-10000,0,0,0,20000,30000,-10000,-10000
061928,群創凱基9B購06  ,0,0,0,0,0,0,0,0,0,-10000,0,0,0,0,10000,-10000,-10000
061935,台積電國票9B購07,0,0,0,0,0,0,0,0,0,-10000,0,0,0,0,10000,-10000,-10000
061906,統一中信9B購01  ,0,0,0,0,0,0,0,0,0,-10000,0,0,0,3000,13000,-10000,-10000
061368,南六國票9A購01  ,0,0,0,0,0,0,0,0,0,-10000,0,0,0,63000,73000,-10000,-10000
061490,茂林兆豐9B購01  ,0,0,0,0,0,0,0,0,0,-10000,0,0,0,0,10000,-10000,-10000
06144P,台光電永豐97售01,0,0,0,0,0,0,0,0,0,-10000,0,0,0,27000,37000,-10000,-10000
061343,大立光元大9A購04,0,0,0,0,0,0,0,0,0,-10000,0,0,0,0,10000,-10000,-10000
061183,友達國泰9B購02  ,0,0,0,0,0,0,0,0,0,-10000,0,0,0,31000,41000,-10000,-10000
061082,台光電兆豐9A購01,0,0,0,0,0,0,0,0,0,-10000,0,0,0,0,10000,-10000,-10000
061007,聯詠兆豐9A購01  ,0,0,0,0,0,0,0,0,0,-10000,0,0,0,0,10000,-10000,-10000
06105P,國巨國票98售02  ,0,0,0,0,0,0,0,0,0,-10000,0,0,0,0,10000,-10000,-10000
061068,祥碩凱基9B購01  ,0,0,0,0,0,0,0,0,0,-10000,0,0,0,10000,20000,-10000,-10000
060966,台表科凱基9B購01,0,0,0,0,0,0,0,0,0,-10000,0,0,0,80000,90000,-10000,-10000
060979,國巨元大9A購14  ,0,0,0,0,0,0,0,0,0,-10000,0,0,0,0,10000,-10000,-10000
06082P,華通統一98售01  ,0,0,0,0,0,0,0,0,0,-10000,0,0,0,0,10000,-10000,-10000
06087P,國巨永豐97售01  ,0,0,0,0,0,0,0,0,0,-10000,0,0,0,0,10000,-10000,-10000
063469,牧德元大9C購02  ,0,0,0,0,0,0,0,0,0,-10000,0,0,0,0,10000,-10000,-10000
063314,美律群益9B購01  ,0,0,0,0,0,0,0,0,0,-10000,0,0,0,0,10000,-10000,-10000
06330P,南亞科群益97售03,0,0,0,0,0,0,0,0,0,-10000,0,0,0,0,10000,-10000,-10000
06347P,祥碩元富97售02  ,0,0,0,0,0,0,0,0,0,-10000,0,0,0,0,10000,-10000,-10000
063489,新日興國泰01購01,0,0,0,0,0,0,0,0,0,-10000,0,0,0,0,10000,-10000,-10000
063492,台積電富邦02購02,0,0,0,0,0,0,0,0,0,-10000,0,0,0,0,10000,-10000,-10000
063561,上銀元大9B購08  ,0,0,0,0,0,0,0,0,0,-10000,0,0,0,0,10000,-10000,-10000
063585,台積電永豐9B購03,0,0,0,0,0,0,0,0,0,-10000,0,0,0,0,10000,-10000,-10000
06395P,台積電元大97售29,0,0,0,0,0,0,0,0,0,-10000,0,0,0,0,10000,-10000,-10000
06477P,緯穎國票99售02  ,0,0,0,0,0,0,0,0,0,-10000,0,0,0,0,10000,-10000,-10000
06405P,億光元富97售02  ,0,0,0,0,0,0,0,0,0,-10000,0,0,0,10000,20000,-10000,-10000
063246,嘉晶元大9C購01  ,0,0,0,0,0,0,0,0,0,-10000,0,0,0,67000,77000,-10000,-10000
063199,台積電統一01購07,0,0,0,0,0,0,0,0,0,-10000,0,0,0,4000,14000,-10000,-10000
063212,聯發科國票9C購02,0,0,0,0,0,0,0,0,0,-10000,0,0,0,0,10000,-10000,-10000
063090,道瓊反中信9C購02,0,0,0,0,0,0,0,0,0,-10000,0,0,0,60000,70000,-10000,-10000
063103,技嘉群益9B購01  ,0,0,0,0,0,0,0,0,0,-10000,0,0,0,0,10000,-10000,-10000
063115,台積電麥證9B購02,0,0,0,0,10000,-10000,0,0,0,-10000,0,0,0,0,10000,-10000,-10000
063081,技嘉凱基9B購02  ,0,0,0,0,0,0,0,0,0,-10000,0,0,0,3000,13000,-10000,-10000
063067,緯穎麥證9B購01  ,0,0,0,0,10000,-10000,0,0,0,-10000,0,0,0,0,10000,-10000,-10000
062938,聯發科凱基9B購10,0,0,0,0,0,0,0,0,0,-10000,0,0,0,38000,48000,-10000,-10000
062814,台光電兆豐9B購01,0,0,0,0,0,0,0,0,0,-10000,0,0,0,0,10000,-10000,-10000
06272P,台郡凱基97售04  ,0,0,0,0,0,0,0,0,0,-10000,0,0,0,0,10000,-10000,-10000
06256P,臺股指群益97售09,0,0,0,0,0,0,0,0,0,-10000,0,0,0,0,10000,-10000,-10000
062229,南六統一9B購01  ,0,0,0,0,0,0,0,0,0,-10000,0,0,0,20000,30000,-10000,-10000
062253,燿華元大9B購02  ,0,0,0,0,0,0,0,0,0,-10000,0,0,0,47000,57000,-10000,-10000
062533,嘉澤統一9C購01  ,0,0,0,0,0,0,0,0,0,-10000,0,0,0,0,10000,-10000,-10000
00703,台新MSCI中國    ,0,1000,-1000,0,0,0,0,0,0,-9000,0,0,0,152000,161000,-9000,-10000
00742,新光內需收益    ,0,0,0,0,0,0,0,0,0,-10000,0,0,0,100000,110000,-10000,-10000
00851,台新全球AI      ,0,0,0,0,0,0,0,0,0,-10000,0,0,0,14000,24000,-10000,-10000
03840P,台積電統一99售02,0,0,0,0,0,0,0,0,0,-10000,0,0,0,0,10000,-10000,-10000
03675C,臺股指元大04牛02,0,0,0,0,0,0,0,0,0,-10000,0,0,0,0,10000,-10000,-10000
051846,S&P反1中信96購02,0,0,0,0,0,0,0,0,0,-10000,0,0,0,0,10000,-10000,-10000
051855,道瓊反凱基97購01,0,0,0,0,0,0,0,0,0,-10000,0,0,0,0,10000,-10000,-10000
051903,T50反1元大97購02,0,0,0,0,0,0,0,0,0,-10000,0,0,0,0,10000,-10000,-10000
051425,昇陽半國票97購01,0,0,0,0,0,0,0,0,0,-10000,0,0,0,0,10000,-10000,-10000
048270,T50反1富邦99購01,0,0,0,0,0,0,0,0,0,-10000,0,0,0,0,10000,-10000,-10000
054378,楠梓電群益98購01,0,0,0,0,0,0,0,0,0,-10000,0,0,0,80000,90000,-10000,-10000
054346,世芯國票97購01  ,0,0,0,0,0,0,0,0,0,-10000,0,0,0,0,10000,-10000,-10000
053979,健策元大98購01  ,0,0,0,0,0,0,0,0,0,-10000,0,0,0,10000,20000,-10000,-10000
053935,華通元富96購02  ,0,0,0,0,0,0,0,0,0,-10000,0,0,0,0,10000,-10000,-10000
05411P,台積電國票96售08,0,0,0,0,0,0,0,0,0,-10000,0,0,0,0,10000,-10000,-10000
054036,T50反1元大96購08,0,0,0,0,0,0,0,0,0,-10000,0,0,0,0,10000,-10000,-10000
053712,台光電凱基96購04,0,0,0,0,0,0,0,0,0,-10000,0,0,0,0,10000,-10000,-10000
053797,台積電中信98購01,0,0,0,0,0,0,0,0,0,-10000,0,0,0,0,10000,-10000,-10000
053811,國巨群益98購02  ,0,0,0,0,0,0,0,0,0,-10000,0,0,0,10000,20000,-10000,-10000
053377,台積電元大98購01,0,0,0,0,0,0,0,0,0,-10000,0,0,0,10000,20000,-10000,-10000
053332,創意永豐96購03  ,0,0,0,0,0,0,0,0,0,-10000,0,0,0,0,10000,-10000,-10000
053438,玉晶光麥證97購02,0,0,0,0,10000,-10000,0,0,0,-10000,0,0,0,0,10000,-10000,-10000
053568,智伸科富邦98購01,0,0,0,0,0,0,0,0,0,-10000,0,0,0,0,10000,-10000,-10000
053497,新光金兆豐97購01,0,0,0,0,0,0,0,0,0,-10000,0,0,0,0,10000,-10000,-10000
053461,台郡永昌99購01  ,0,0,0,0,0,0,0,0,0,-10000,0,0,0,0,10000,-10000,-10000
053226,國巨台新97購02  ,0,0,0,0,0,0,0,0,0,-10000,0,0,0,330000,340000,-10000,-10000
053058,台光電永昌99購01,0,0,0,0,0,0,0,0,0,-10000,0,0,0,0,10000,-10000,-10000
053027,玉晶光富邦98購01,0,0,0,0,0,0,0,0,0,-10000,0,0,0,0,10000,-10000,-10000
054621,華新科兆豐98購01,0,0,0,0,0,0,0,0,0,-10000,0,0,0,0,10000,-10000,-10000
054784,順德群益9A購01  ,0,0,0,0,0,0,0,0,0,-10000,0,0,0,0,10000,-10000,-10000
054848,群創兆豐98購01  ,0,0,0,0,0,0,0,0,0,-10000,0,0,0,0,10000,-10000,-10000
054850,上海銀兆豐97購01,0,0,0,0,0,0,0,0,0,-10000,0,0,0,0,10000,-10000,-10000
054933,南港元大97購01  ,0,0,0,0,0,0,0,0,0,-10000,0,0,0,0,10000,-10000,-10000
055531,華新科群益98購03,0,0,0,0,0,0,0,0,0,-10000,0,0,0,0,10000,-10000,-10000
055920,智伸科凱基97購02,0,0,0,0,0,0,0,0,0,-10000,0,0,0,0,10000,-10000,-10000
055935,創意群益97購02  ,0,0,0,0,0,0,0,0,0,-10000,0,0,0,0,10000,-10000,-10000
055862,矽力元大97購04  ,0,0,0,0,0,0,0,0,0,-10000,0,0,0,0,10000,-10000,-10000
055582,亞德客元大97購01,0,0,0,0,0,0,0,0,0,-10000,0,0,0,150000,160000,-10000,-10000
055421,玉晶光永豐98購04,0,0,0,0,0,0,0,0,0,-10000,0,0,0,0,10000,-10000,-10000
055408,力成國泰98購01  ,0,0,0,0,0,0,0,0,0,-10000,0,0,0,43000,53000,-10000,-10000
055402,正文元富97購02  ,0,0,0,0,0,0,0,0,0,-10000,0,0,0,40000,50000,-10000,-10000
055386,致新元大97購02  ,0,0,0,0,0,0,0,0,0,-10000,0,0,0,0,10000,-10000,-10000
056551,台郡凱基98購04  ,0,0,0,0,0,0,0,0,0,-10000,0,0,0,0,10000,-10000,-10000
055615,宏達電國票99購02,0,0,0,0,0,0,0,0,0,-10000,0,0,0,0,10000,-10000,-10000
05582P,群創凱基98售06  ,0,0,0,0,0,0,0,0,0,-10000,0,0,0,90000,100000,-10000,-10000
056253,京鼎兆豐98購01  ,0,0,0,0,0,0,0,0,0,-10000,0,0,0,0,10000,-10000,-10000
056621,宏達電永豐98購01,0,0,0,0,0,0,0,0,0,-10000,0,0,0,0,10000,-10000,-10000
056280,上証2X永豐98購01,0,0,0,0,0,0,0,0,0,-10000,0,0,0,0,10000,-10000,-10000
056183,南亞科統一97購02,0,0,0,0,0,0,0,0,0,-10000,0,0,0,0,10000,-10000,-10000
056753,群創兆豐98購02  ,0,0,0,0,0,0,0,0,0,-10000,0,0,0,0,10000,-10000,-10000
056722,滬深反中信9B購01,0,0,0,0,0,0,0,0,0,-10000,0,0,0,0,10000,-10000,-10000
056686,可成統一98購01  ,0,0,0,0,0,0,0,0,0,-10000,0,0,0,0,10000,-10000,-10000
056683,台積電統一98購05,0,0,0,0,0,0,0,0,0,-10000,0,0,0,0,10000,-10000,-10000
056847,佐登元富98購01  ,0,0,0,0,0,0,0,0,0,-10000,0,0,0,10000,20000,-10000,-10000
056769,國產元大98購01  ,0,0,0,0,0,0,0,0,0,-10000,0,0,0,337000,347000,-10000,-10000
056771,嘉晶元大99購01  ,0,0,0,0,0,0,0,0,0,-10000,0,0,0,0,10000,-10000,-10000
056925,群創兆豐98購03  ,0,0,0,0,0,0,0,0,0,-10000,0,0,0,0,10000,-10000,-10000
058774,台郡兆豐9A購01  ,0,0,0,0,0,0,0,0,0,-10000,0,0,0,0,10000,-10000,-10000
058964,群創兆豐99購01  ,0,0,0,0,0,0,0,0,0,-10000,0,0,0,0,10000,-10000,-10000
058868,元油2X國票99購06,0,0,0,0,0,0,0,0,0,-10000,0,0,0,0,10000,-10000,-10000
058935,元油2X中信9C購03,0,0,0,0,0,0,0,0,0,-10000,0,0,0,0,10000,-10000,-10000
058931,玉晶光統一9C購01,0,0,0,0,0,0,0,0,0,-10000,0,0,0,10000,20000,-10000,-10000
057871,國巨元大99購09  ,0,0,0,0,0,0,0,0,0,-10000,0,0,0,0,10000,-10000,-10000
057850,上銀兆豐99購02  ,0,0,0,0,0,0,0,0,0,-10000,0,0,0,0,10000,-10000,-10000
057842,緯穎富邦99購02  ,0,0,0,0,0,0,0,0,0,-10000,0,0,0,0,10000,-10000,-10000
057845,晶相光永豐98購03,0,0,0,0,0,0,0,0,0,-10000,0,0,0,0,10000,-10000,-10000
057019,台積電凱基98購14,0,0,0,0,0,0,0,0,0,-10000,0,0,0,0,10000,-10000,-10000
056480,京鼎元大98購02  ,0,0,0,0,0,0,0,0,0,-10000,0,0,0,41000,51000,-10000,-10000
056464,臺股指凱基99購06,0,0,0,0,0,0,0,0,0,-10000,0,0,0,0,10000,-10000,-10000
056515,燿華兆豐99購01  ,0,0,0,0,0,0,0,0,0,-10000,0,0,0,0,10000,-10000,-10000
056415,聯發科中信98購04,0,0,0,0,0,0,0,0,0,-10000,0,0,0,0,10000,-10000,-10000
055227,聯發科國票98購02,0,0,0,0,0,0,0,0,0,-10000,0,0,0,0,10000,-10000,-10000
056382,道瓊反國泰9A購01,0,0,0,0,0,0,0,0,0,-10000,0,0,0,0,10000,-10000,-10000
056354,國巨元大98購10  ,0,0,0,0,0,0,0,0,0,-10000,0,0,0,2000,12000,-10000,-10000
056356,台積電元大99購01,0,0,0,0,0,0,0,0,0,-10000,0,0,0,3000,13000,-10000,-10000
056325,群創兆豐9A購01  ,0,0,0,0,0,0,0,0,0,-10000,0,0,0,0,10000,-10000,-10000
059249,大立光凱基99購05,0,0,0,0,0,0,0,0,0,-10000,0,0,0,0,10000,-10000,-10000
059224,大立光元大99購15,0,0,0,0,0,0,0,0,0,-10000,0,0,0,0,10000,-10000,-10000
059264,台光電中信99購02,0,0,0,0,0,0,0,0,0,-10000,0,0,0,10000,20000,-10000,-10000
059166,友達凱基99購05  ,0,0,0,0,0,0,0,0,0,-10000,0,0,0,10000,20000,-10000,-10000
059145,創意國票99購02  ,0,0,0,0,0,0,0,0,0,-10000,0,0,0,0,10000,-10000,-10000
059048,元油2X凱基9A購11,0,0,0,0,0,0,0,0,0,-10000,0,0,0,0,10000,-10000,-10000
059650,緯穎凱基99購04  ,0,0,0,0,0,0,0,0,0,-10000,0,0,0,0,10000,-10000,-10000
059672,滬深2X元富99購06,0,0,0,0,0,0,0,0,0,-10000,0,0,0,2000,12000,-10000,-10000
059669,台灣50元富9B購05,0,0,0,0,0,0,0,0,0,-10000,0,0,0,0,10000,-10000,-10000
059636,宏達電凱基99購05,0,0,0,0,0,0,0,0,0,-10000,0,0,0,8000,18000,-10000,-10000
059387,華通凱基9A購03  ,0,0,0,0,0,0,0,0,0,-10000,0,0,0,0,10000,-10000,-10000
059065,南電凱基9A購01  ,0,0,0,0,0,0,0,0,0,-10000,0,0,0,10000,20000,-10000,-10000
059719,台積電元大99購42,0,0,0,0,0,0,0,0,0,-10000,0,0,0,0,10000,-10000,-10000
059691,大立光永豐99購02,0,0,0,0,0,0,0,0,0,-10000,0,0,0,20000,30000,-10000,-10000
059018,滬深2X統一9A購01,0,0,0,0,0,0,0,0,0,-10000,0,0,0,0,10000,-10000,-10000
058686,祥碩凱基99購03  ,0,0,0,0,0,0,0,0,0,-10000,0,0,0,2000,12000,-10000,-10000
057139,華新科兆豐98購02,0,0,0,0,0,0,0,0,0,-10000,0,0,0,0,10000,-10000,-10000
057201,華擎元富98購01  ,0,0,0,0,0,0,0,0,0,-10000,0,0,0,5000,15000,-10000,-10000
057064,華新科富邦9B購01,0,0,0,0,0,0,0,0,0,-10000,0,0,0,0,10000,-10000,-10000
058221,上銀統一99購04  ,0,0,0,0,0,0,0,0,0,-10000,0,0,0,190000,200000,-10000,-10000
058222,玉晶光統一9B購01,0,0,0,0,0,0,0,0,0,-10000,0,0,0,10000,20000,-10000,-10000
059000,台積電元大99購25,0,0,0,0,0,0,0,0,0,-10000,0,0,0,1000,11000,-10000,-10000
058264,瑞昱永豐99購01  ,0,0,0,0,0,0,0,0,0,-10000,0,0,0,0,10000,-10000,-10000
058261,大立光富邦03購01,0,0,0,0,0,0,0,0,0,-10000,0,0,0,0,10000,-10000,-10000
058253,臺股指元大9A購17,0,0,0,0,0,0,0,0,0,-10000,0,0,0,0,10000,-10000,-10000
058255,臺股指元大9A購19,0,0,0,0,0,0,0,0,0,-10000,0,0,0,0,10000,-10000,-10000
057812,友達元大9A購05  ,0,0,0,0,0,0,0,0,0,-10000,0,0,0,0,10000,-10000,-10000
057796,鴻海兆豐99購03  ,0,0,0,0,0,0,0,0,0,-10000,0,0,0,0,10000,-10000,-10000
057763,康控凱基99購02  ,0,0,0,0,0,0,0,0,0,-10000,0,0,0,0,10000,-10000,-10000
057765,康舒凱基98購01  ,0,0,0,0,0,0,0,0,0,-10000,0,0,0,0,10000,-10000,-10000
057633,緯穎永豐98購02  ,0,0,0,0,0,0,0,0,0,-10000,0,0,0,31000,41000,-10000,-10000
059791,超眾元大99購06  ,0,0,0,0,0,0,0,0,0,-10000,0,0,0,0,10000,-10000,-10000
057542,上銀凱基99購01  ,0,0,0,0,0,0,0,0,0,-10000,0,0,0,0,10000,-10000,-10000
057560,華新科兆豐99購01,0,0,0,0,0,0,0,0,0,-10000,0,0,0,0,10000,-10000,-10000
056976,喬山群益98購01  ,0,0,0,0,0,0,0,0,0,-10000,0,0,0,0,10000,-10000,-10000
057006,國巨中信98購03  ,0,0,0,0,0,0,0,0,0,-10000,0,0,0,0,10000,-10000,-10000
056988,聚陽兆豐98購01  ,0,0,0,0,0,0,0,0,0,-10000,0,0,0,60000,70000,-10000,-10000
057316,國巨凱基99購04  ,0,0,0,0,0,0,0,0,0,-10000,0,0,0,0,10000,-10000,-10000
057270,遠東新元大98購01,0,0,0,0,0,0,0,0,0,-10000,0,0,0,10000,20000,-10000,-10000
057304,為升兆豐99購02  ,0,0,0,0,0,0,0,0,0,-10000,0,0,0,0,10000,-10000,-10000
057305,南亞科兆豐98購02,0,0,0,0,0,0,0,0,0,-10000,0,0,0,0,10000,-10000,-10000
057264,新光金兆豐98購01,0,0,0,0,0,0,0,0,0,-10000,0,0,0,0,10000,-10000,-10000
059530,華新科凱基9A購05,0,0,0,0,0,0,0,0,0,-10000,0,0,0,0,10000,-10000,-10000
059588,鴻海元大99購32  ,0,0,0,0,0,0,0,0,0,-10000,0,0,0,0,10000,-10000,-10000
059475,元石油群益99購02,0,0,0,0,0,0,0,0,0,-10000,0,0,0,3000,13000,-10000,-10000
059284,緯穎永豐99購03  ,0,0,0,0,0,0,0,0,0,-10000,0,0,0,0,10000,-10000,-10000
059308,T50反1元大99購07,0,0,0,0,0,0,0,0,0,-10000,0,0,0,0,10000,-10000,-10000
059322,晶技元大99購06  ,0,0,0,0,0,0,0,0,0,-10000,0,0,0,0,10000,-10000,-10000
05929P,宏達電康和96售01,0,0,0,0,0,0,0,0,0,-10000,0,0,0,0,10000,-10000,-10000
058111,健鼎元富98購01  ,0,0,0,0,0,0,0,0,0,-10000,0,0,0,0,10000,-10000,-10000
058094,祥碩元大98購09  ,0,0,0,0,0,0,0,0,0,-10000,0,0,0,0,10000,-10000,-10000
058129,國巨元大99購10  ,0,0,0,0,0,0,0,0,0,-10000,0,0,0,0,10000,-10000,-10000
057405,麗豐群益98購01  ,0,0,0,0,0,0,0,0,0,-10000,0,0,0,0,10000,-10000,-10000
057410,南電群益98購01  ,0,0,0,0,0,0,0,0,0,-10000,0,0,0,0,10000,-10000,-10000
057426,元油2X兆豐9B購01,0,0,0,0,0,0,0,0,0,-10000,0,0,0,0,10000,-10000,-10000
058087,鴻海元大98購15  ,0,0,0,0,0,0,0,0,0,-10000,0,0,0,0,10000,-10000,-10000
057482,微星元大98購03  ,0,0,0,0,0,0,0,0,0,-10000,0,0,0,0,10000,-10000,-10000
05748P,臺股指群益99售02,0,0,0,0,0,0,0,0,0,-10000,0,0,0,0,10000,-10000,-10000
057343,道瓊反統一9A購01,0,0,0,0,0,0,0,0,0,-10000,0,0,0,0,10000,-10000,-10000
057354,聯鈞統一99購03  ,0,0,0,0,0,0,0,0,0,-10000,0,0,0,15000,25000,-10000,-10000
058206,祥碩凱基99購01  ,0,0,0,0,0,0,0,0,0,-10000,0,0,0,0,10000,-10000,-10000
058183,國巨富邦9A購06  ,0,0,0,0,0,0,0,0,0,-10000,0,0,0,0,10000,-10000,-10000
058174,台積電凱基9A購05,0,0,0,0,0,0,0,0,0,-10000,0,0,0,0,10000,-10000,-10000
058193,緯穎永豐99購01  ,0,0,0,0,0,0,0,0,0,-10000,0,0,0,0,10000,-10000,-10000
060048,元金2X凱基99購03,0,0,0,0,0,0,0,0,0,-10000,0,0,0,40000,50000,-10000,-10000
058410,國巨兆豐99購03  ,0,0,0,0,0,0,0,0,0,-10000,0,0,0,9000,19000,-10000,-10000
058354,台積電凱基9A購06,0,0,0,0,0,0,0,0,0,-10000,0,0,0,0,10000,-10000,-10000
058357,智邦凱基99購02  ,0,0,0,0,0,0,0,0,0,-10000,0,0,0,0,10000,-10000,-10000
058370,聯詠凱基99購01  ,0,0,0,0,0,0,0,0,0,-10000,0,0,0,10000,20000,-10000,-10000
058533,玉晶光元富99購01,0,0,0,0,0,0,0,0,0,-10000,0,0,0,0,10000,-10000,-10000
058492,華通群益9B購01  ,0,0,0,0,0,0,0,0,0,-10000,0,0,0,0,10000,-10000,-10000
058467,日月光中信9A購01,0,0,0,0,0,0,0,0,0,-10000,0,0,0,0,10000,-10000,-10000
060161,牧德永豐9A購02  ,0,0,0,0,0,0,0,0,0,-10000,0,0,0,0,10000,-10000,-10000
060145,牧德國票9A購02  ,0,0,0,0,0,0,0,0,0,-10000,0,0,0,0,10000,-10000,-10000
060435,鈺齊永豐9A購01  ,0,0,0,0,0,0,0,0,0,-10000,0,0,0,50000,60000,-10000,-10000
060413,東元永豐9A購01  ,0,0,0,0,0,0,0,0,0,-10000,0,0,0,0,10000,-10000,-10000
060340,國巨統一01購02  ,0,0,0,0,0,0,0,0,0,-10000,0,0,0,5000,15000,-10000,-10000
060510,大立光元大9A購03,0,0,0,0,0,0,0,0,0,-10000,0,0,0,0,10000,-10000,-10000
060553,祥碩凱基9A購01  ,0,0,0,0,0,0,0,0,0,-10000,0,0,0,0,10000,-10000,-10000
060525,台積電中信01購04,0,0,0,0,0,0,0,0,0,-10000,0,0,0,3000,13000,-10000,-10000
060538,S&P反1凱基9A購01,0,0,0,0,0,0,0,0,0,-10000,0,0,0,0,10000,-10000,-10000
060655,國巨統一9B購06  ,0,0,0,0,0,0,0,0,0,-10000,0,0,0,0,10000,-10000,-10000
060597,華通凱基9A購04  ,0,0,0,0,0,0,0,0,0,-10000,0,0,0,0,10000,-10000,-10000
060585,玉晶光元富9A購02,0,0,0,0,0,0,0,0,0,-10000,0,0,0,0,10000,-10000,-10000
060694,旺宏麥證9A購02  ,0,0,0,0,10000,-10000,0,0,0,-10000,0,0,0,0,10000,-10000,-10000
060704,台積電富邦01購01,0,0,0,0,0,0,0,0,0,-10000,0,0,0,10000,20000,-10000,-10000
07006P,旺宏統一9B售03  ,0,0,0,0,0,0,0,0,0,-10000,0,0,0,0,10000,-10000,-10000
07012P,智邦群益9A售01  ,0,0,0,0,0,0,0,0,0,-10000,0,0,0,0,10000,-10000,-10000
06994P,台光電凱基99售02,0,0,0,0,0,0,0,0,0,-10000,0,0,0,0,10000,-10000,-10000
06739P,聯詠兆豐98售02  ,0,0,0,0,0,0,0,0,0,-10000,0,0,0,0,10000,-10000,-10000
06793P,臺股指凱基98售03,0,0,0,0,0,0,0,0,0,-10000,0,0,0,0,10000,-10000,-10000
06824P,台灣50國票99售02,0,0,0,0,0,0,0,0,0,-10000,0,0,0,0,10000,-10000,-10000
06539P,聯發科凱基98售12,0,0,0,0,0,0,0,0,0,-10000,0,0,0,0,10000,-10000,-10000
06510P,燿華永豐98售03  ,0,0,0,0,0,0,0,0,0,-10000,0,0,0,10000,20000,-10000,-10000
06677P,牧德國票98售02  ,0,0,0,0,0,0,0,0,0,-10000,0,0,0,11000,21000,-10000,-10000
06723P,台灣50麥證99售01,0,0,0,0,10000,-10000,0,0,0,-10000,0,0,0,0,10000,-10000,-10000
06730P,祥碩元大98售07  ,0,0,0,0,0,0,0,0,0,-10000,0,0,0,16000,26000,-10000,-10000
06620P,聯發科元大98售07,0,0,0,0,0,0,0,0,0,-10000,0,0,0,0,10000,-10000,-10000
07493P,台灣50元大9A售10,0,0,0,0,0,0,0,0,0,-10000,0,0,0,0,10000,-10000,-10000
07524P,臺股指中信9B售06,0,0,0,0,0,0,0,0,0,-10000,0,0,0,0,10000,-10000,-10000
07451P,鴻海元大9B售01  ,0,0,0,0,0,0,0,0,0,-10000,0,0,0,50000,60000,-10000,-10000
07337P,台灣50凱基99售09,0,0,0,0,0,0,0,0,0,-10000,0,0,0,0,10000,-10000,-10000
07363P,大立光元大99售26,0,0,0,0,0,0,0,0,0,-10000,0,0,0,0,10000,-10000,-10000
07405P,大立光凱基99售17,0,0,0,0,0,0,0,0,0,-10000,0,0,0,0,10000,-10000,-10000
07408P,台積電兆豐99售06,0,0,0,0,0,0,0,0,0,-10000,0,0,0,0,10000,-10000,-10000
07063P,臺股指元大9A售24,0,0,0,0,0,0,0,0,0,-10000,0,0,0,0,10000,-10000,-10000
07196P,大立光元大99售13,0,0,0,0,0,0,0,0,0,-10000,0,0,0,0,10000,-10000,-10000
07166P,台灣50兆豐03售01,0,0,0,0,0,0,0,0,0,-10000,0,0,0,0,10000,-10000,-10000
07244P,鴻海凱基9A售13  ,0,0,0,0,0,0,0,0,0,-10000,0,0,0,0,10000,-10000,-10000
07236P,台灣50國票99售05,0,0,0,0,0,0,0,0,0,-10000,0,0,0,0,10000,-10000,-10000
1256,鮮活果汁-KY     ,2000,12000,-10000,0,0,0,0,0,0,0,0,0,0,0,0,0,-10000
1530,亞崴            ,0,10000,-10000,0,0,0,0,0,0,0,0,0,0,0,0,0,-10000
1506,正道            ,29000,38000,-9000,0,0,0,0,0,0,-1000,0,1000,-1000,0,0,0,-10000
08042P,臺股指群益9B售15,0,0,0,0,0,0,0,0,0,-10000,0,0,0,25000,35000,-10000,-10000
08011P,玉晶光元大9B售05,0,0,0,0,0,0,0,0,0,-10000,0,0,0,12000,22000,-10000,-10000
08199P,大毅元大9B售02  ,0,0,0,0,0,0,0,0,0,-10000,0,0,0,0,10000,-10000,-10000
08091P,A50正2元富9B售02,0,0,0,0,0,0,0,0,0,-10000,0,0,0,0,10000,-10000,-10000
08110P,臺股指中信01售05,0,0,0,0,0,0,0,0,0,-10000,0,0,0,0,10000,-10000,-10000
07653P,華新科群益9A售05,0,0,0,0,0,0,0,0,0,-10000,0,0,0,0,10000,-10000,-10000
07636P,鴻海國票9A售05  ,0,0,0,0,0,0,0,0,0,-10000,0,0,0,0,10000,-10000,-10000
07610P,大立光國票9A售04,0,0,0,0,0,0,0,0,0,-10000,0,0,0,0,10000,-10000,-10000
07554P,玉晶光元大9A售06,0,0,0,0,0,0,0,0,0,-10000,0,0,0,0,10000,-10000,-10000
07570P,旺宏凱基9A售04  ,0,0,0,0,0,0,0,0,0,-10000,0,0,0,0,10000,-10000,-10000
07778P,台灣50凱基9C售08,0,0,0,0,0,0,0,0,0,-10000,0,0,0,0,10000,-10000,-10000
07682P,聯發科凱基9A售15,0,0,0,0,0,0,0,0,0,-10000,0,0,0,0,10000,-10000,-10000
07802P,瑞昱永豐9A售03  ,0,0,0,0,0,0,0,0,0,-10000,0,0,0,0,10000,-10000,-10000
07814P,華通群益9A售06  ,0,0,0,0,0,0,0,0,0,-10000,0,0,0,0,10000,-10000,-10000
6201,亞弘電          ,0,10000,-10000,0,0,0,0,0,0,0,0,0,0,0,0,0,-10000
6216,居易            ,0,10000,-10000,0,0,0,0,0,0,0,0,0,0,0,0,0,-10000
8249,菱光            ,4000,14000,-10000,0,0,0,0,0,0,0,0,0,0,0,0,0,-10000
8033,雷虎            ,0,10000,-10000,0,0,0,0,0,0,0,0,0,0,0,0,0,-10000
062506,巨大群益9C購01  ,0,0,0,0,0,0,0,0,0,-11000,0,0,0,44000,55000,-11000,-11000
062446,聯詠元大9B購02  ,0,0,0,0,0,0,0,0,0,-11000,0,0,0,6000,17000,-11000,-11000
062302,聯詠中信05購02  ,0,0,0,0,0,0,0,0,0,-11000,0,0,0,0,11000,-11000,-11000
062855,嘉澤永豐9B購02  ,0,0,0,0,0,0,0,0,0,-11000,0,0,0,3000,14000,-11000,-11000
062895,道瓊銀元大9C購01,0,0,0,0,0,0,0,0,0,-11000,0,0,0,0,11000,-11000,-11000
062884,康控兆豐9C購01  ,0,0,0,0,0,0,0,0,0,-11000,0,0,0,0,11000,-11000,-11000
06466P,台積電統一9B售01,0,0,0,0,0,0,0,0,0,-11000,0,0,0,0,11000,-11000,-11000
063341,燿華統一9C購01  ,0,0,0,0,0,0,0,0,0,-11000,0,0,0,43000,54000,-11000,-11000
063376,神達永豐9B購01  ,0,0,0,0,0,0,0,0,0,-11000,0,0,0,22000,33000,-11000,-11000
060943,宏達電國票9B購02,0,0,0,0,0,0,0,0,0,-11000,0,0,0,0,11000,-11000,-11000
060944,國泰金國票9A購01,0,0,0,0,0,0,0,0,0,-11000,0,0,0,38000,49000,-11000,-11000
061085,聯茂兆豐9A購01  ,0,0,0,0,0,0,0,0,0,-11000,0,0,0,285000,296000,-11000,-11000
061125,億光永豐9A購01  ,0,0,0,0,0,0,0,0,0,-11000,0,0,0,2000,13000,-11000,-11000
061643,嘉澤元大9A購05  ,0,0,0,0,0,0,0,0,0,-11000,0,0,0,0,11000,-11000,-11000
055196,致新元富97購01  ,0,0,0,0,0,0,0,0,0,-11000,0,0,0,428000,439000,-11000,-11000
057820,華擎元大98購02  ,0,0,0,0,0,0,0,0,0,-11000,0,0,0,0,11000,-11000,-11000
056774,和鑫元大98購01  ,0,0,0,0,0,0,0,0,0,-11000,0,0,0,20000,31000,-11000,-11000
05624P,同欣電中信98售01,0,0,0,0,0,0,0,0,0,-11000,0,0,0,0,11000,-11000,-11000
055713,國巨元大98購09  ,0,0,0,0,0,0,0,0,0,-11000,0,0,0,21000,32000,-11000,-11000
055714,智邦元大97購03  ,0,0,0,0,0,0,0,0,0,-11000,0,0,0,9000,20000,-11000,-11000
054075,GIS富邦97購02   ,0,0,0,0,0,0,0,0,0,-11000,0,0,0,57000,68000,-11000,-11000
054420,緯穎元大96購08  ,0,0,0,0,0,0,0,0,0,-11000,0,0,0,57000,68000,-11000,-11000
060624,玉晶光元大9C購02,0,0,0,0,0,0,0,0,0,-11000,0,0,0,45000,56000,-11000,-11000
060355,元金2X元富9C購01,0,0,0,0,0,0,0,0,0,-11000,0,0,0,5000,16000,-11000,-11000
060125,強茂永豐99購01  ,0,0,0,0,0,0,0,0,0,-11000,0,0,0,20000,31000,-11000,-11000
058457,創意永豐99購01  ,0,0,0,0,0,0,0,0,0,-11000,0,0,0,296000,307000,-11000,-11000
058347,玉晶光群益9B購01,0,0,0,0,0,0,0,0,0,-11000,0,0,0,31000,42000,-11000,-11000
059959,訊芯康和99購01  ,0,0,0,0,0,0,0,0,0,-11000,0,0,0,0,11000,-11000,-11000
057365,智邦元大98購07  ,0,0,0,0,0,0,0,0,0,-11000,0,0,0,39000,50000,-11000,-11000
059319,台光電元大99購04,0,0,0,0,0,0,0,0,0,-11000,0,0,0,0,11000,-11000,-11000
059281,創意永豐99購02  ,0,0,0,0,0,0,0,0,0,-11000,0,0,0,197000,208000,-11000,-11000
059571,奇力新凱基99購06,0,0,0,0,0,0,0,0,0,-11000,0,0,0,0,11000,-11000,-11000
059072,元油2X元大9C購13,0,0,0,0,0,0,0,0,0,-11000,0,0,0,0,11000,-11000,-11000
057057,立積元大9A購01  ,0,0,0,0,0,0,0,0,0,-11000,0,0,0,39000,50000,-11000,-11000
059023,可成統一9B購02  ,0,0,0,0,0,0,0,0,0,-11000,0,0,0,13000,24000,-11000,-11000
059027,神達台新99購02  ,0,0,0,0,0,0,0,0,0,-11000,0,0,0,0,11000,-11000,-11000
6655,科定            ,0,11000,-11000,0,0,0,0,0,0,0,0,0,0,0,0,0,-11000
2528,皇普            ,0,11000,-11000,0,0,0,0,0,0,0,0,0,0,0,0,0,-11000
1817,凱撒衛          ,0,11000,-11000,0,0,0,0,0,0,0,0,0,0,0,0,0,-11000
3605,宏致            ,171000,198000,-27000,0,0,0,0,0,0,16000,16000,0,16000,0,0,0,-11000
4999,鑫禾            ,0,10000,-10000,0,0,0,0,0,0,-1000,0,1000,-1000,0,0,0,-11000
3055,蔚華科          ,1000,12000,-11000,0,0,0,0,0,0,0,0,0,0,0,0,0,-11000
2906,高林            ,23000,34000,-11000,0,0,0,0,0,0,0,0,0,0,0,0,0,-11000
3011,今皓            ,0,11000,-11000,0,0,0,0,0,0,0,0,0,0,0,0,0,-11000
07820P,臺股指國票9A售11,0,0,0,0,0,0,0,0,0,-11000,0,0,0,0,11000,-11000,-11000
07843P,緯穎元大9A售05  ,0,0,0,0,0,0,0,0,0,-11000,0,0,0,99000,110000,-11000,-11000
07609P,台灣50國票9C售04,0,0,0,0,0,0,0,0,0,-11000,0,0,0,0,11000,-11000,-11000
1219,福壽            ,0,11000,-11000,0,0,0,0,0,0,0,0,0,0,0,0,0,-11000
1416,廣豐            ,0,12000,-12000,0,0,0,0,0,0,1000,1000,0,1000,0,0,0,-11000
07084P,S&P正2元富9B售02,0,0,0,0,0,0,0,0,0,-11000,0,0,0,0,11000,-11000,-11000
06570P,大立光永豐98售01,0,0,0,0,0,0,0,0,0,-11000,0,0,0,0,11000,-11000,-11000
07016P,聯發科元大99售10,0,0,0,0,0,0,0,0,0,-11000,0,0,0,22000,33000,-11000,-11000
061994,瑞儀元大9B購01  ,0,0,0,0,0,0,0,0,0,-12000,0,0,0,13000,25000,-12000,-12000
060875,華通中信02購01  ,0,0,0,0,0,0,0,0,0,-12000,0,0,0,0,12000,-12000,-12000
061352,茂林元大9A購04  ,0,0,0,0,0,0,0,0,0,-12000,0,0,0,36000,48000,-12000,-12000
063389,大立光兆豐9C購02,0,0,0,0,0,0,0,0,0,-12000,0,0,0,0,12000,-12000,-12000
063256,鴻海國泰01購02  ,0,0,0,0,0,0,0,0,0,-12000,0,0,0,32000,44000,-12000,-12000
062829,泰碩群益9B購01  ,0,0,0,0,0,0,0,0,0,-12000,0,0,0,0,12000,-12000,-12000
062831,嘉澤群益9B購01  ,0,0,0,0,0,0,0,0,0,-12000,0,0,0,0,12000,-12000,-12000
062790,臺股指元大9B購33,2000,0,2000,0,0,0,0,0,0,-14000,0,0,0,0,14000,-14000,-12000
062559,嘉晶凱基9B購02  ,0,0,0,0,0,0,0,0,0,-12000,0,0,0,6000,18000,-12000,-12000
062322,元金2X統一01購01,0,0,0,0,0,0,0,0,0,-12000,0,0,0,0,12000,-12000,-12000
062367,禾伸堂元大9B購02,0,0,0,0,0,0,0,0,0,-12000,0,0,0,55000,67000,-12000,-12000
054791,泰碩群益99購02  ,0,0,0,0,0,0,0,0,0,-12000,0,0,0,83000,95000,-12000,-12000
054641,祥碩中信98購01  ,0,0,0,0,0,0,0,0,0,-12000,0,0,0,40000,52000,-12000,-12000
054649,聯茂群益97購01  ,0,0,0,0,0,0,0,0,0,-12000,0,0,0,0,12000,-12000,-12000
056576,晶技元大99購02  ,0,0,0,0,0,0,0,0,0,-12000,0,0,0,0,12000,-12000,-12000
058736,鈺齊永豐99購02  ,0,0,0,0,0,0,0,0,0,-12000,0,0,0,60000,72000,-12000,-12000
058956,健策國票9A購02  ,0,0,0,0,0,0,0,0,0,-12000,0,0,0,96000,108000,-12000,-12000
058773,和碩兆豐99購01  ,0,0,0,0,0,0,0,0,0,-12000,0,0,0,9000,21000,-12000,-12000
058786,元黃金元大99購01,0,0,0,0,0,0,0,0,0,-12000,0,0,0,0,12000,-12000,-12000
055112,晶豪科凱基98購01,0,0,0,0,0,0,0,0,0,-12000,0,0,0,0,12000,-12000,-12000
057972,群創富邦9C購01  ,0,0,0,0,0,0,0,0,0,-12000,0,0,0,0,12000,-12000,-12000
058010,帆宣國票98購01  ,0,0,0,0,0,0,0,0,0,-12000,0,0,0,3000,15000,-12000,-12000
05935P,台積電凱基96售19,0,0,0,0,0,0,0,0,0,-12000,0,0,0,0,12000,-12000,-12000
058205,神達凱基9B購01  ,0,0,0,0,0,0,0,0,0,-12000,0,0,0,0,12000,-12000,-12000
060063,可成兆豐9B購01  ,0,0,0,0,0,0,0,0,0,-12000,0,0,0,8000,20000,-12000,-12000
058339,康友元富99購02  ,0,0,0,0,0,0,0,0,0,-12000,0,0,0,0,12000,-12000,-12000
058459,南電永豐99購01  ,0,0,0,0,0,0,0,0,0,-12000,0,0,0,0,12000,-12000,-12000
058544,FBVIX富邦9B購01 ,0,0,0,0,0,0,0,0,0,-12000,0,0,0,13000,25000,-12000,-12000
060341,國巨統一9C購02  ,0,0,0,0,0,0,0,0,0,-12000,0,0,0,69000,81000,-12000,-12000
060520,臺指2X中信01購02,0,0,0,0,0,0,0,0,0,-12000,0,0,0,0,12000,-12000,-12000
060775,世芯凱基9A購02  ,0,0,0,0,0,0,0,0,0,-12000,0,0,0,6000,18000,-12000,-12000
06507P,台表科國票99售01,0,0,0,0,0,0,0,0,0,-12000,0,0,0,565000,577000,-12000,-12000
07181P,臺股指凱基99售23,0,0,0,0,0,0,0,0,0,-12000,0,0,0,11000,23000,-12000,-12000
1442,名軒            ,21000,36000,-15000,0,0,0,0,0,0,3000,3000,0,3000,0,0,0,-12000
1466,聚隆            ,0,12000,-12000,0,0,0,0,0,0,0,0,0,0,0,0,0,-12000
3501,維熹            ,7000,19000,-12000,0,0,0,0,0,0,0,0,0,0,0,0,0,-12000
1727,中華化          ,2000,14000,-12000,0,0,0,0,0,0,0,0,0,0,0,0,0,-12000
062341,台表科麥證9C購01,0,0,0,0,13000,-13000,0,0,0,-13000,0,0,0,0,13000,-13000,-13000
062310,南亞科凱基9B購02,0,0,0,0,0,0,0,0,0,-13000,0,0,0,10000,23000,-13000,-13000
062538,台積電國泰9C購02,0,0,0,0,0,0,0,0,0,-13000,0,0,0,6000,19000,-13000,-13000
06254P,臺股指群益97售07,0,0,0,0,0,0,0,0,0,-13000,0,0,0,234000,247000,-13000,-13000
063385,可成中信9C購01  ,0,0,0,0,0,0,0,0,0,-13000,0,0,0,3000,16000,-13000,-13000
061286,大立光統一9A購05,0,0,0,0,0,0,0,0,0,-13000,0,0,0,0,13000,-13000,-13000
061516,力成永豐9A購02  ,0,0,0,0,0,0,0,0,0,-13000,0,0,0,73000,86000,-13000,-13000
060854,台積電富邦9C購08,0,0,0,0,0,0,0,0,0,-13000,0,0,0,0,13000,-13000,-13000
060838,華通國票9A購05  ,0,0,0,0,0,0,0,0,0,-13000,0,0,0,7000,20000,-13000,-13000
060841,宏達電國票9B購01,0,0,0,0,0,0,0,0,0,-13000,0,0,0,127000,140000,-13000,-13000
061884,臺股指元大9B購18,0,0,0,0,0,0,0,0,0,-13000,0,0,0,0,13000,-13000,-13000
061855,台郡國票9B購01  ,0,0,0,0,0,0,0,0,0,-13000,0,0,0,35000,48000,-13000,-13000
055138,大毅永豐97購02  ,0,0,0,0,0,0,0,0,0,-13000,0,0,0,10000,23000,-13000,-13000
055476,台郡凱基97購02  ,0,0,0,0,0,0,0,0,0,-13000,0,0,0,0,13000,-13000,-13000
058836,FBVIX中信03購05 ,0,0,0,0,0,0,0,0,0,-13000,0,0,0,1000,14000,-13000,-13000
057876,隆達元大98購01  ,0,0,0,0,0,0,0,0,0,-13000,0,0,0,11000,24000,-13000,-13000
057834,聯發科元富02購07,0,0,0,0,0,0,0,0,0,-13000,0,0,0,3000,16000,-13000,-13000
055740,智易元富97購01  ,0,0,0,0,0,0,0,0,0,-13000,0,0,0,0,13000,-13000,-13000
056856,華通群益9A購01  ,0,0,0,0,0,0,0,0,0,-13000,0,0,0,42000,55000,-13000,-13000
056655,旺宏元大99購02  ,0,0,0,0,0,0,0,0,0,-13000,0,0,0,55000,68000,-13000,-13000
060718,中磊永豐9A購01  ,0,0,0,0,0,0,0,0,0,-13000,0,0,0,72000,85000,-13000,-13000
060252,緯穎元大9A購02  ,0,0,0,0,0,0,0,0,0,-13000,0,0,0,50000,63000,-13000,-13000
058495,元大金群益9B購01,0,0,0,0,0,0,0,0,0,-13000,0,0,0,85000,98000,-13000,-13000
058353,國巨凱基99購09  ,0,0,0,0,0,0,0,0,0,-13000,0,0,0,0,13000,-13000,-13000
059986,宏達電元大99購08,0,0,0,0,0,0,0,0,0,-13000,0,0,0,51000,64000,-13000,-13000
057486,美律元大98購04  ,0,0,0,0,0,0,0,0,0,-13000,0,0,0,68000,81000,-13000,-13000
058098,T50反1國泰9A購02,0,0,0,0,0,0,0,0,0,-13000,0,0,0,0,13000,-13000,-13000
059320,華新科元大99購15,0,0,0,0,0,0,0,0,0,-13000,0,0,0,3000,16000,-13000,-13000
05951P,台積電國票97售05,0,0,0,0,0,0,0,0,0,-13000,0,0,0,0,13000,-13000,-13000
057773,技嘉群益9A購02  ,0,0,0,0,0,0,0,0,0,-13000,0,0,0,218000,231000,-13000,-13000
057923,晶豪科凱基98購02,0,0,0,0,0,0,0,0,0,-13000,0,0,0,30000,43000,-13000,-13000
058622,國巨國票99購07  ,0,0,0,0,0,0,0,0,0,-13000,0,0,0,91000,104000,-13000,-13000
2115,六暉-KY         ,0,13000,-13000,0,0,0,0,0,0,0,0,0,0,0,0,0,-13000
2540,愛山林          ,3000,16000,-13000,0,0,0,0,0,0,0,0,0,0,0,0,0,-13000
4536,拓凱            ,56000,69000,-13000,0,0,0,0,0,0,0,0,0,0,0,0,0,-13000
8070,長華*           ,1000,14000,-13000,0,0,0,0,0,0,0,0,0,0,0,0,0,-13000
8072,陞泰            ,0,13000,-13000,0,0,0,0,0,0,0,0,0,0,0,0,0,-13000
1533,車王電          ,1000,14000,-13000,0,0,0,0,0,0,0,0,0,0,0,0,0,-13000
1618,合機            ,0,19000,-19000,0,0,0,0,0,0,6000,6000,0,6000,0,0,0,-13000
1446,宏和            ,4000,17000,-13000,0,0,0,0,0,0,0,0,0,0,0,0,0,-13000
08180P,聯發科國泰01售05,0,0,0,0,0,0,0,0,0,-13000,0,0,0,0,13000,-13000,-13000
08142P,國巨凱基9B售13  ,0,0,0,0,0,0,0,0,0,-13000,0,0,0,0,13000,-13000,-13000
07929P,旺宏統一9B售07  ,0,0,0,0,0,0,0,0,0,-13000,0,0,0,0,13000,-13000,-13000
07126P,台積電元大99售23,0,0,0,0,0,0,0,0,0,-13000,0,0,0,5000,18000,-13000,-13000
07312P,台灣50元大99售10,0,0,0,0,0,0,0,0,0,-13000,0,0,0,0,13000,-13000,-13000
07428P,華新科國票9A售01,0,0,0,0,0,0,0,0,0,-13000,0,0,0,0,13000,-13000,-13000
06691P,臺股指群益9C售05,0,0,0,0,0,0,0,0,0,-13000,0,0,0,5000,18000,-13000,-13000
06952P,大立光統一9A售03,0,0,0,0,0,0,0,0,0,-13000,0,0,0,0,13000,-13000,-13000
06905P,上証2X國泰99售02,0,0,0,0,0,0,0,0,0,-13000,0,0,0,0,13000,-13000,-13000
061986,晶豪科元大9B購01,0,0,0,0,0,0,0,0,0,-14000,0,0,0,66000,80000,-14000,-14000
061988,大立光元大9B購04,0,0,0,0,0,0,0,0,0,-14000,0,0,0,35000,49000,-14000,-14000
061497,大立光國票9A購09,0,0,0,0,0,0,0,0,0,-14000,0,0,0,0,14000,-14000,-14000
06457P,玉晶光統一98售02,0,0,0,0,0,0,0,0,0,-14000,0,0,0,30000,44000,-14000,-14000
06307P,聚陽元富97售02  ,0,0,0,0,0,0,0,0,0,-14000,0,0,0,0,14000,-14000,-14000
062511,台光電國票9B購02,0,0,0,0,0,0,0,0,0,-14000,0,0,0,0,14000,-14000,-14000
062391,台達電富邦9C購01,0,0,0,0,0,0,0,0,0,-14000,0,0,0,11000,25000,-14000,-14000
056107,智易永豐97購02  ,0,0,0,0,0,0,0,0,0,-14000,0,0,0,40000,54000,-14000,-14000
058900,旺宏元大99購11  ,0,0,0,0,0,0,0,0,0,-14000,0,0,0,4000,18000,-14000,-14000
052463,聯電統一96購01  ,0,0,0,0,0,0,0,0,0,-14000,0,0,0,0,14000,-14000,-14000
054021,義隆台新96購01  ,0,0,0,0,0,0,0,0,0,-14000,0,0,0,0,14000,-14000,-14000
051578,智邦元大96購01  ,0,0,0,0,0,0,0,0,0,-14000,0,0,0,0,14000,-14000,-14000
0061,元大寶滬深      ,1000,81000,-80000,0,0,0,0,0,0,66000,0,103000,-103000,235000,66000,169000,-14000
058626,瑞昱國票9A購01  ,0,0,0,0,0,0,0,0,0,-14000,0,0,0,5000,19000,-14000,-14000
059015,華通元富99購02  ,0,0,0,0,0,0,0,0,0,-14000,0,0,0,13000,27000,-14000,-14000
059694,創意永豐99購03  ,0,0,0,0,0,0,0,0,0,-14000,0,0,0,33000,47000,-14000,-14000
057805,華通元大98購06  ,0,0,0,0,0,0,0,0,0,-14000,0,0,0,24000,38000,-14000,-14000
058191,祥碩永豐99購01  ,0,0,0,0,0,0,0,0,0,-14000,0,0,0,30000,44000,-14000,-14000
060039,大立光國票99購04,0,0,0,0,0,0,0,0,0,-14000,0,0,0,0,14000,-14000,-14000
060040,康控國票99購04  ,0,0,0,0,0,0,0,0,0,-14000,0,0,0,8000,22000,-14000,-14000
058421,國泰金麥證01購01,0,0,0,0,14000,-14000,0,0,0,-14000,0,0,0,0,14000,-14000,-14000
07579P,聯茂元大9A售01  ,0,0,0,0,0,0,0,0,0,-14000,0,0,0,166000,180000,-14000,-14000
07708P,玉晶光元大9A售13,0,0,0,0,0,0,0,0,0,-14000,0,0,0,0,14000,-14000,-14000
08096P,大立光元富9B售04,0,0,0,0,0,0,0,0,0,-14000,0,0,0,77000,91000,-14000,-14000
1417,嘉裕            ,85000,99000,-14000,0,0,0,0,0,0,0,0,0,0,0,0,0,-14000
1468,昶和            ,2000,16000,-14000,0,0,0,0,0,0,0,0,0,0,0,0,0,-14000
8103,瀚荃            ,5000,19000,-14000,0,0,0,0,0,0,0,0,0,0,0,0,0,-14000
8201,無敵            ,0,14000,-14000,0,0,0,0,0,0,0,0,0,0,0,0,0,-14000
4952,凌通            ,17000,31000,-14000,0,0,0,0,0,0,0,0,0,0,0,0,0,-14000
2482,連宇            ,3000,19000,-16000,0,0,0,0,0,0,2000,2000,0,2000,0,0,0,-14000
1786,科妍            ,8000,22000,-14000,0,0,0,0,0,0,0,0,0,0,0,0,0,-14000
062452,A50正2群益01購04,0,0,0,0,0,0,0,0,0,-15000,0,0,0,0,15000,-15000,-15000
062254,台光電元大9B購02,0,0,0,0,0,0,0,0,0,-15000,0,0,0,15000,30000,-15000,-15000
062232,聯詠麥證9C購01  ,0,0,0,0,15000,-15000,0,0,0,-15000,0,0,0,0,15000,-15000,-15000
06399P,台表科凱基97售05,0,0,0,0,0,0,0,0,0,-15000,0,0,0,0,15000,-15000,-15000
063477,訊芯元大9B購01  ,0,0,0,0,0,0,0,0,0,-15000,0,0,0,0,15000,-15000,-15000
063399,智原群益9B購01  ,0,0,0,0,0,0,0,0,0,-15000,0,0,0,33000,48000,-15000,-15000
063422,奇鋐凱基9B購04  ,0,0,0,0,0,0,0,0,0,-15000,0,0,0,0,15000,-15000,-15000
060923,全新永豐9A購01  ,0,0,0,0,0,0,0,0,0,-15000,0,0,0,0,15000,-15000,-15000
061139,玉晶光統一9C購02,0,0,0,0,0,0,0,0,0,-15000,0,0,0,12000,27000,-15000,-15000
061993,祥碩元大9C購01  ,0,0,0,0,0,0,0,0,0,-15000,0,0,0,0,15000,-15000,-15000
062145,億光國票9B購01  ,0,0,0,0,0,0,0,0,0,-15000,0,0,0,0,15000,-15000,-15000
061716,瑞儀凱基9B購01  ,0,0,0,0,0,0,0,0,0,-15000,0,0,0,20000,35000,-15000,-15000
061699,燿華國票9A購01  ,0,0,0,0,0,0,0,0,0,-15000,0,0,0,5000,20000,-15000,-15000
051231,健策群益97購01  ,0,0,0,0,0,0,0,0,0,-15000,0,0,0,0,15000,-15000,-15000
049667,大立光國泰96購01,0,0,0,0,0,0,0,0,0,-15000,0,0,0,135000,150000,-15000,-15000
054258,牧德元大97購01  ,0,0,0,0,0,0,0,0,0,-15000,0,0,0,0,15000,-15000,-15000
054564,玉晶光群益99購01,0,0,0,0,0,0,0,0,0,-15000,0,0,0,0,15000,-15000,-15000
054768,泰碩國票99購02  ,0,0,0,0,0,0,0,0,0,-15000,0,0,0,19000,34000,-15000,-15000
054710,東元元富97購01  ,0,0,0,0,0,0,0,0,0,-15000,0,0,0,259000,274000,-15000,-15000
05306P,泰碩國泰97售01  ,0,0,0,0,0,0,0,0,0,-15000,0,0,0,30000,45000,-15000,-15000
053662,矽力凱基97購01  ,0,0,0,0,0,0,0,0,0,-15000,0,0,0,31000,46000,-15000,-15000
058936,國喬中信99購01  ,0,0,0,0,0,0,0,0,0,-15000,0,0,0,105000,120000,-15000,-15000
055351,聯發科凱基97購03,0,0,0,0,0,0,0,0,0,-15000,0,0,0,0,15000,-15000,-15000
055302,達方元大97購01  ,0,0,0,0,0,0,0,0,0,-15000,0,0,0,0,15000,-15000,-15000
056395,玉晶光永豐9B購01,0,0,0,0,0,0,0,0,0,-15000,0,0,0,0,15000,-15000,-15000
056287,亞光永豐97購02  ,0,0,0,0,0,0,0,0,0,-15000,0,0,0,0,15000,-15000,-15000
056610,鴻海永豐98購01  ,0,0,0,0,0,0,0,0,0,-15000,0,0,0,0,15000,-15000,-15000
058389,聯茂國票9A購01  ,0,0,0,0,0,0,0,0,0,-15000,0,0,0,20000,35000,-15000,-15000
058325,昇陽半永豐99購01,0,0,0,0,0,0,0,0,0,-15000,0,0,0,0,15000,-15000,-15000
057386,聯發科永豐98購04,0,0,0,0,0,0,0,0,0,-15000,0,0,0,10000,25000,-15000,-15000
06016P,京元電凱基96售03,0,0,0,0,0,0,0,0,0,-15000,0,0,0,0,15000,-15000,-15000
060352,滬深2X元富9A購02,0,0,0,0,0,0,0,0,0,-15000,0,0,0,0,15000,-15000,-15000
060774,南亞科凱基9A購01,0,0,0,0,0,0,0,0,0,-15000,0,0,0,30000,45000,-15000,-15000
060529,聯發科中信9A購04,0,0,0,0,0,0,0,0,0,-15000,0,0,0,25000,40000,-15000,-15000
057648,和碩元大98購01  ,0,0,0,0,0,0,0,0,0,-15000,0,0,0,0,15000,-15000,-15000
059811,高股息凱基99購02,0,0,0,0,0,0,0,0,0,-15000,0,0,0,5000,20000,-15000,-15000
057563,旭富國泰9A購01  ,0,0,0,0,0,0,0,0,0,-15000,0,0,0,0,15000,-15000,-15000
059324,智易元大99購04  ,0,0,0,0,0,0,0,0,0,-15000,0,0,0,10000,25000,-15000,-15000
059396,T50反1元富99購04,0,0,0,0,0,0,0,0,0,-15000,0,0,0,5000,20000,-15000,-15000
05723P,華通永豐96售03  ,0,0,0,0,0,0,0,0,0,-15000,0,0,0,0,15000,-15000,-15000
059628,智邦凱基99購04  ,0,0,0,0,0,0,0,0,0,-15000,0,0,0,2000,17000,-15000,-15000
058215,貿聯群益99購02  ,0,0,0,0,0,0,0,0,0,-15000,0,0,0,126000,141000,-15000,-15000
058993,滬深反元大9C購01,0,0,0,0,0,0,0,0,0,-15000,0,0,0,0,15000,-15000,-15000
4104,佳醫            ,27000,42000,-15000,0,0,0,0,0,0,0,0,0,0,0,0,0,-15000
3028,增你強          ,16000,31000,-15000,0,0,0,0,0,0,0,0,0,0,0,0,0,-15000
6581,鋼聯            ,5000,20000,-15000,0,0,0,0,0,0,0,0,0,0,0,0,0,-15000
1465,偉全            ,0,15000,-15000,0,0,0,0,0,0,0,0,0,0,0,0,0,-15000
1459,聯發            ,0,15000,-15000,0,0,0,0,0,0,0,0,0,0,0,0,0,-15000
1316,上曜            ,29000,44000,-15000,0,0,0,0,0,0,0,0,0,0,0,0,0,-15000
1110,東泥            ,4000,19000,-15000,0,0,0,0,0,0,0,0,0,0,0,0,0,-15000
08106P,聯發科統一9B售09,0,0,0,0,0,0,0,0,0,-15000,0,0,0,20000,35000,-15000,-15000
07575P,瑞昱元大9A售02  ,0,0,0,0,0,0,0,0,0,-15000,0,0,0,20000,35000,-15000,-15000
06828P,臺股指國票98售04,0,0,0,0,0,0,0,0,0,-15000,0,0,0,0,15000,-15000,-15000
061559,南亞科國票9A購02,0,0,0,0,0,0,0,0,0,-16000,0,0,0,10000,26000,-16000,-16000
061950,日月光群益9B購01,0,0,0,0,0,0,0,0,0,-16000,0,0,0,20000,36000,-16000,-16000
063374,嘉澤永豐9B購04  ,0,0,0,0,0,0,0,0,0,-16000,0,0,0,0,16000,-16000,-16000
06483P,聯發科凱基98售10,0,0,0,0,0,0,0,0,0,-16000,0,0,0,0,16000,-16000,-16000
062918,祥碩元大9C購02  ,0,0,0,0,0,0,0,0,0,-16000,0,0,0,2000,18000,-16000,-16000
062424,聯發科統一9C購08,0,0,0,0,0,0,0,0,0,-16000,0,0,0,10000,26000,-16000,-16000
055858,聯茂元大97購03  ,0,0,0,0,0,0,0,0,0,-16000,0,0,0,47000,63000,-16000,-16000
056116,義隆群益97購02  ,0,0,0,0,0,0,0,0,0,-16000,0,0,0,59000,75000,-16000,-16000
056497,GIS國泰99購01   ,0,0,0,0,0,0,0,0,0,-16000,0,0,0,0,16000,-16000,-16000
057886,聯詠群益98購01  ,0,0,0,0,0,0,0,0,0,-16000,0,0,0,52000,68000,-16000,-16000
058834,GIS永豐99購01   ,0,0,0,0,0,0,0,0,0,-16000,0,0,0,15000,31000,-16000,-16000
054886,大毅統一97購01  ,0,0,0,0,0,0,0,0,0,-16000,0,0,0,25000,41000,-16000,-16000
052624,微星亞東97購01  ,0,0,0,0,0,0,0,0,0,-16000,0,0,0,0,16000,-16000,-16000
054292,欣興元大96購06  ,0,0,0,0,0,0,0,0,0,-16000,0,0,0,2000,18000,-16000,-16000
00662,富邦NASDAQ      ,1000,48000,-47000,0,0,0,0,0,0,31000,0,171000,-171000,319000,117000,202000,-16000
059699,華通凱基99購04  ,0,0,0,0,0,0,0,0,0,-16000,0,0,0,0,16000,-16000,-16000
057665,技嘉元大99購01  ,0,0,0,0,0,0,0,0,0,-16000,0,0,0,40000,56000,-16000,-16000
060560,欣興國泰9C購01  ,0,0,0,0,0,0,0,0,0,-16000,0,0,0,108000,124000,-16000,-16000
060706,群創富邦9A購01  ,0,0,0,0,0,0,0,0,0,-16000,0,0,0,0,16000,-16000,-16000
060703,T50反1富邦9C購01,0,0,0,0,0,0,0,0,0,-16000,0,0,0,0,16000,-16000,-16000
057417,國巨凱基9A購03  ,0,0,0,0,0,0,0,0,0,-16000,0,0,0,0,16000,-16000,-16000
058345,台光電群益99購03,0,0,0,0,0,0,0,0,0,-16000,0,0,0,0,16000,-16000,-16000
07163P,臺股指群益99售14,0,0,0,0,0,0,0,0,0,-16000,0,0,0,14000,30000,-16000,-16000
07886P,國巨國票9B售06  ,0,0,0,0,0,0,0,0,0,-16000,0,0,0,4000,20000,-16000,-16000
07977P,華新科群益01售01,0,0,0,0,0,0,0,0,0,-16000,0,0,0,0,16000,-16000,-16000
08201P,祥碩元大9B售09  ,0,0,0,0,0,0,0,0,0,-16000,0,0,0,0,16000,-16000,-16000
08063P,立積國票9B售03  ,0,0,0,0,0,0,0,0,0,-16000,0,0,0,15000,31000,-16000,-16000
6184,大豐電          ,7000,23000,-16000,0,0,0,0,0,0,0,0,0,0,0,0,0,-16000
2028,威致            ,0,16000,-16000,0,0,0,0,0,0,0,0,0,0,0,0,0,-16000
062400,晶豪科永豐9B購02,0,0,0,0,0,0,0,0,0,-17000,0,0,0,13000,30000,-17000,-17000
062185,禾伸堂元大9B購01,0,0,0,0,0,0,0,0,0,-17000,0,0,0,64000,81000,-17000,-17000
062250,台積電元大9B購02,0,0,0,0,0,0,0,0,0,-17000,0,0,0,28000,45000,-17000,-17000
063224,泰鼎群益9B購02  ,0,0,0,0,0,0,0,0,0,-17000,0,0,0,0,17000,-17000,-17000
06359P,上銀群益97售03  ,0,0,0,0,0,0,0,0,0,-17000,0,0,0,10000,27000,-17000,-17000
063444,金像電統一03購01,0,0,0,0,0,0,0,0,0,-17000,0,0,0,27000,44000,-17000,-17000
061465,聯詠群益9A購01  ,0,0,0,0,0,0,0,0,0,-17000,0,0,0,9000,26000,-17000,-17000
061262,智邦凱基9A購02  ,0,0,0,0,0,0,0,0,0,-17000,0,0,0,15000,32000,-17000,-17000
061216,世芯元大9A購06  ,0,0,0,0,0,0,0,0,0,-17000,0,0,0,28000,45000,-17000,-17000
058957,貿聯國票9A購01  ,0,0,0,0,0,0,0,0,0,-17000,0,0,0,54000,71000,-17000,-17000
056511,超眾永豐98購01  ,0,0,0,0,0,0,0,0,0,-17000,0,0,0,3000,20000,-17000,-17000
056506,晶豪科永豐98購02,0,0,0,0,0,0,0,0,0,-17000,0,0,0,0,17000,-17000,-17000
05673P,台積電群益96售05,0,0,0,0,0,0,0,0,0,-17000,0,0,0,374000,391000,-17000,-17000
056919,英業達兆豐98購01,0,0,0,0,0,0,0,0,0,-17000,0,0,0,0,17000,-17000,-17000
055820,矽力國票98購02  ,0,0,0,0,0,0,0,0,0,-17000,0,0,0,146000,163000,-17000,-17000
058396,力山元大99購01  ,0,0,0,0,0,0,0,0,0,-17000,0,0,0,21000,38000,-17000,-17000
058505,台積電元大99購08,0,0,0,0,0,0,0,0,0,-17000,0,0,0,28000,45000,-17000,-17000
060679,聯詠元大9A購04  ,0,0,0,0,0,0,0,0,0,-17000,0,0,0,53000,70000,-17000,-17000
060779,臺股指凱基9A購07,0,0,0,0,0,0,0,0,0,-17000,0,0,0,9000,26000,-17000,-17000
060295,貿聯元大9A購03  ,0,0,0,0,0,0,0,0,0,-17000,0,0,0,93000,110000,-17000,-17000
059721,旺宏元大99購16  ,0,0,0,0,0,0,0,0,0,-17000,0,0,0,48000,65000,-17000,-17000
3027,盛達            ,2000,19000,-17000,0,0,0,0,0,0,0,0,0,0,0,0,0,-17000
5283,禾聯碩          ,5000,22000,-17000,0,0,0,0,0,0,0,0,0,0,0,0,0,-17000
6281,全國電          ,1000,18000,-17000,0,0,0,0,0,0,0,0,0,0,0,0,0,-17000
6152,百一            ,0,17000,-17000,0,0,0,0,0,0,0,0,0,0,0,0,0,-17000
9942,茂順            ,14000,31000,-17000,0,0,0,0,0,0,0,0,0,0,0,0,0,-17000
08135P,玉晶光國泰01售02,0,0,0,0,0,0,0,0,0,-17000,0,0,0,63000,80000,-17000,-17000
1435,中福            ,0,17000,-17000,0,0,0,0,0,0,0,0,0,0,0,0,0,-17000
1524,耿鼎            ,33000,50000,-17000,0,0,0,0,0,0,0,0,0,0,0,0,0,-17000
07543P,台積電凱基9A售17,0,0,0,0,0,0,0,0,0,-17000,0,0,0,0,17000,-17000,-17000
07344P,鴻海富邦9A售03  ,0,0,0,0,0,0,0,0,0,-17000,0,0,0,0,17000,-17000,-17000
061253,臺股指群益9A購04,0,0,0,0,0,0,0,0,0,-18000,0,0,0,22000,40000,-18000,-18000
061923,友達凱基9B購04  ,0,0,0,0,0,0,0,0,0,-18000,0,0,0,125000,143000,-18000,-18000
062128,祥碩統一01購01  ,0,0,0,0,0,0,0,0,0,-18000,0,0,0,11000,29000,-18000,-18000
061634,遠東新元大9A購01,0,0,0,0,0,0,0,0,0,-18000,0,0,0,169000,187000,-18000,-18000
063575,矽格元大9B購02  ,0,0,0,0,0,0,0,0,0,-18000,0,0,0,0,18000,-18000,-18000
063578,瑞祺元大9B購03  ,0,0,0,0,0,0,0,0,0,-18000,0,0,0,3000,21000,-18000,-18000
063487,國巨國泰01購02  ,0,0,0,0,0,0,0,0,0,-18000,0,0,0,0,18000,-18000,-18000
063094,玉晶光國票01購03,0,0,0,0,0,0,0,0,0,-18000,0,0,0,53000,71000,-18000,-18000
063138,聯發科統一01購05,0,0,0,0,0,0,0,0,0,-18000,0,0,0,0,18000,-18000,-18000
063086,祥碩凱基9C購01  ,0,0,0,0,0,0,0,0,0,-18000,0,0,0,1000,19000,-18000,-18000
063035,燿華凱基9B購02  ,0,0,0,0,0,0,0,0,0,-18000,0,0,0,0,18000,-18000,-18000
063011,台積電元大9C購01,0,0,0,0,0,0,0,0,0,-18000,0,0,0,5000,23000,-18000,-18000
062567,祥碩中信9C購01  ,0,0,0,0,0,0,0,0,0,-18000,0,0,0,20000,38000,-18000,-18000
062661,華通群益9B購05  ,0,0,0,0,0,0,0,0,0,-18000,0,0,0,80000,98000,-18000,-18000
062842,臺股指群益9B購09,0,0,0,0,0,0,0,0,0,-18000,0,0,0,2000,20000,-18000,-18000
056789,和碩群益98購01  ,0,0,0,0,0,0,0,0,0,-18000,0,0,0,0,18000,-18000,-18000
056026,智易群益97購01  ,0,0,0,0,0,0,0,0,0,-18000,0,0,0,0,18000,-18000,-18000
056243,創意群益97購03  ,0,0,0,0,0,0,0,0,0,-18000,0,0,0,0,18000,-18000,-18000
058835,元油2X中信9C購02,0,0,0,0,0,0,0,0,0,-18000,0,0,0,0,18000,-18000,-18000
055996,矽力國泰99購01  ,0,0,0,0,0,0,0,0,0,-18000,0,0,0,0,18000,-18000,-18000
052137,台表科凱基96購02,0,0,0,0,0,0,0,0,0,-18000,0,0,0,4000,22000,-18000,-18000
052235,聯發科國票96購02,0,0,0,0,0,0,0,0,0,-18000,0,0,0,15000,33000,-18000,-18000
059747,台達電台新99購01,0,0,0,0,0,0,0,0,0,-18000,0,0,0,9000,27000,-18000,-18000
059720,台積電元大99購43,0,0,0,0,0,0,0,0,0,-18000,0,0,0,0,18000,-18000,-18000
057955,技嘉元大98購07  ,0,0,0,0,0,0,0,0,0,-18000,0,0,0,107000,125000,-18000,-18000
057230,建準凱基98購02  ,0,0,0,0,0,0,0,0,0,-18000,0,0,0,4000,22000,-18000,-18000
057621,崇越凱基98購01  ,0,0,0,0,0,0,0,0,0,-18000,0,0,0,0,18000,-18000,-18000
059294,宏達電元富9B購02,0,0,0,0,0,0,0,0,0,-18000,0,0,0,0,18000,-18000,-18000
060310,瑞昱永豐9A購01  ,0,0,0,0,0,0,0,0,0,-18000,0,0,0,22000,40000,-18000,-18000
060424,中租永豐9A購01  ,0,0,0,0,0,0,0,0,0,-18000,0,0,0,68000,86000,-18000,-18000
060670,臺指反元大01購03,0,0,0,0,0,0,0,0,0,-18000,0,0,0,2000,20000,-18000,-18000
060536,祥碩麥證9A購01  ,0,0,0,1000,19000,-18000,0,0,0,-18000,0,0,0,1000,19000,-18000,-18000
060512,祥碩元大9A購02  ,0,0,0,0,0,0,0,0,0,-18000,0,0,0,36000,54000,-18000,-18000
060565,大立光富邦01購01,0,0,0,0,0,0,0,0,0,-18000,0,0,0,2000,20000,-18000,-18000
05860P,旺宏康和96售01  ,0,0,0,0,0,0,0,0,0,-18000,0,0,0,0,18000,-18000,-18000
059883,T50反1國票99購02,0,0,0,0,0,0,0,0,0,-18000,0,0,0,0,18000,-18000,-18000
057363,華通元大99購02  ,0,0,0,0,0,0,0,0,0,-18000,0,0,0,12000,30000,-18000,-18000
07187P,臺股指台新99售10,0,0,0,0,0,0,0,0,0,-18000,0,0,0,2000,20000,-18000,-18000
07195P,大立光元大99售12,0,0,0,0,0,0,0,0,0,-18000,0,0,0,0,18000,-18000,-18000
06751P,旺宏凱基98售10  ,0,0,0,0,0,0,0,0,0,-18000,0,0,0,0,18000,-18000,-18000
1414,東和            ,0,18000,-18000,0,0,0,0,0,0,0,0,0,0,0,0,0,-18000
08167P,台積電兆豐9B售04,0,0,0,0,0,0,0,0,0,-18000,0,0,0,0,18000,-18000,-18000
07768P,緯穎群益9A售02  ,0,0,0,0,0,0,0,0,0,-18000,0,0,0,51000,69000,-18000,-18000
5007,三星            ,5000,23000,-18000,0,0,0,0,0,0,0,0,0,0,0,0,0,-18000
3059,華晶科          ,218000,236000,-18000,0,0,0,0,0,0,0,0,0,0,0,0,0,-18000
1713,國化            ,1000,19000,-18000,0,0,0,0,0,0,0,0,0,0,0,0,0,-18000
2477,美隆電          ,8000,26000,-18000,0,0,0,0,0,0,0,0,0,0,0,0,0,-18000
063016,微星元大9C購02  ,0,0,0,0,0,0,0,0,0,-19000,0,0,0,160000,179000,-19000,-19000
063056,嘉澤統一9C購02  ,0,0,0,0,0,0,0,0,0,-19000,0,0,0,6000,25000,-19000,-19000
063371,南亞科永豐9B購01,0,0,0,0,0,0,0,0,0,-19000,0,0,0,0,19000,-19000,-19000
063408,茂林國票9C購02  ,0,0,0,0,0,0,0,0,0,-19000,0,0,0,0,19000,-19000,-19000
061860,臺股指國票9B購04,0,0,0,0,0,0,0,0,0,-19000,0,0,0,8000,27000,-19000,-19000
061234,國巨元大9A購18  ,0,0,0,0,0,0,0,0,0,-19000,0,0,0,0,19000,-19000,-19000
061207,美律元大9A購04  ,0,0,0,0,0,0,0,0,0,-19000,0,0,0,0,19000,-19000,-19000
061295,台積電國泰9B購02,0,0,0,0,0,0,0,0,0,-19000,0,0,0,21000,40000,-19000,-19000
061350,牧德元大9B購03  ,0,0,0,0,0,0,0,0,0,-19000,0,0,0,3000,22000,-19000,-19000
061503,臻鼎國票9B購01  ,0,0,0,0,0,0,0,0,0,-19000,0,0,0,16000,35000,-19000,-19000
061445,道瓊指中信9A購01,0,0,0,0,0,0,0,0,0,-19000,0,0,0,0,19000,-19000,-19000
061103,聯發科元大9A購08,0,0,0,0,0,0,0,0,0,-19000,0,0,0,0,19000,-19000,-19000
061109,臻鼎元大9A購03  ,0,0,0,0,0,0,0,0,0,-19000,0,0,0,52000,71000,-19000,-19000
060926,宏達電永豐9A購01,0,0,0,0,0,0,0,0,0,-19000,0,0,0,31000,50000,-19000,-19000
060845,欣興國票9A購01  ,0,0,0,0,0,0,0,0,0,-19000,0,0,0,22000,41000,-19000,-19000
051614,元金2X凱基97購01,0,0,0,0,0,0,0,0,0,-19000,0,0,0,0,19000,-19000,-19000
054274,智易中信96購02  ,0,0,0,0,0,0,0,0,0,-19000,0,0,0,0,19000,-19000,-19000
056649,智易凱基98購01  ,0,0,0,0,0,0,0,0,0,-19000,0,0,0,0,19000,-19000,-19000
055594,華新科元大98購02,0,0,0,0,0,0,0,0,0,-19000,0,0,0,14000,33000,-19000,-19000
059920,宏達電元大99購07,0,0,0,0,0,0,0,0,0,-19000,0,0,0,139000,158000,-19000,-19000
058140,臻鼎元大99購02  ,0,0,0,0,0,0,0,0,0,-19000,0,0,0,102000,121000,-19000,-19000
058119,華新亞東99購01  ,0,0,0,0,0,0,0,0,0,-19000,0,0,0,21000,40000,-19000,-19000
058428,大立光元富99購02,0,0,0,0,0,0,0,0,0,-19000,0,0,0,12000,31000,-19000,-19000
060545,台積電凱基9B購02,0,0,0,0,0,0,0,0,0,-19000,0,0,0,4000,23000,-19000,-19000
057579,長榮航中信9A購01,0,0,0,0,0,0,0,0,0,-19000,0,0,0,122000,141000,-19000,-19000
059200,京鼎永豐99購02  ,0,0,0,0,0,0,0,0,0,-19000,0,0,0,21000,40000,-19000,-19000
2530,華建            ,17000,36000,-19000,0,0,0,0,0,0,0,0,0,0,0,0,0,-19000
2453,凌群            ,108000,127000,-19000,0,0,0,0,0,0,0,0,0,0,0,0,0,-19000
2429,銘旺科          ,22000,41000,-19000,0,0,0,0,0,0,0,0,0,0,0,0,0,-19000
3052,夆典            ,98000,117000,-19000,0,0,0,0,0,0,0,0,0,0,0,0,0,-19000
3346,麗清            ,16000,35000,-19000,0,0,0,0,0,0,0,0,0,0,0,0,0,-19000
4961,天鈺            ,153000,172000,-19000,0,0,0,0,0,0,0,0,0,0,0,0,0,-19000
3622,洋華            ,6000,25000,-19000,0,0,0,0,0,0,0,0,0,0,0,0,0,-19000
9927,泰銘            ,8000,27000,-19000,0,0,0,0,0,0,0,0,0,0,0,0,0,-19000
9902,台火            ,1000,20000,-19000,0,0,0,0,0,0,0,0,0,0,0,0,0,-19000
07720P,臺股指群益9A售09,0,0,0,0,0,0,0,0,0,-19000,0,0,0,1000,20000,-19000,-19000
08054P,臺股指國票9B售19,0,0,0,0,0,0,0,0,0,-19000,0,0,0,31000,50000,-19000,-19000
07999P,台達電凱基9B售02,0,0,0,0,0,0,0,0,0,-19000,0,0,0,81000,100000,-19000,-19000
1321,大洋            ,17000,36000,-19000,0,0,0,0,0,0,0,0,0,0,0,0,0,-19000
1626,艾美特-KY       ,6000,25000,-19000,0,0,0,0,0,0,0,0,0,0,0,0,0,-19000
06789P,鴻海凱基98售12  ,0,0,0,0,0,0,0,0,0,-19000,0,0,0,0,19000,-19000,-19000
060890,大立光統一01購01,0,0,0,0,0,0,0,0,0,-20000,0,0,0,92000,112000,-20000,-20000
061856,台郡國票9B購02  ,0,0,0,0,0,0,0,0,0,-20000,0,0,0,132000,152000,-20000,-20000
061672,臺指反元大01購05,0,0,0,0,0,0,0,0,0,-20000,0,0,0,0,20000,-20000,-20000
061549,泰碩群益9A購01  ,0,0,0,0,0,0,0,0,0,-20000,0,0,0,0,20000,-20000,-20000
061585,台積電富邦9B購06,0,0,0,0,0,0,0,0,0,-20000,0,0,0,1000,21000,-20000,-20000
062208,旭富國票9C購01  ,0,0,0,0,0,0,0,0,0,-20000,0,0,0,0,20000,-20000,-20000
061922,瑞昱凱基9B購01  ,0,0,0,0,0,0,0,0,0,-20000,0,0,0,0,20000,-20000,-20000
061979,友達元大9C購08  ,0,0,0,0,0,0,0,0,0,-20000,0,0,0,80000,100000,-20000,-20000
061976,國巨元大9B購01  ,0,0,0,0,0,0,0,0,0,-20000,0,0,0,0,20000,-20000,-20000
063417,金像電凱基9B購03,0,0,0,0,0,0,0,0,0,-20000,0,0,0,0,20000,-20000,-20000
063593,GIS永豐9B購01   ,0,0,0,0,0,0,0,0,0,-20000,0,0,0,0,20000,-20000,-20000
06479P,聯發科中信99售02,0,0,0,0,0,0,0,0,0,-20000,0,0,0,20000,40000,-20000,-20000
063053,聯發科統一01購04,0,0,0,0,0,0,0,0,0,-20000,0,0,0,0,20000,-20000,-20000
062909,大立光元大9C購04,0,0,0,0,0,0,0,0,0,-20000,0,0,0,0,20000,-20000,-20000
062679,技嘉統一01購01  ,0,0,0,0,0,0,0,0,0,-20000,0,0,0,72000,92000,-20000,-20000
062703,可成元大9C購02  ,0,0,0,0,0,0,0,0,0,-20000,0,0,0,0,20000,-20000,-20000
06269P,群創凱基98售10  ,0,0,0,0,0,0,0,0,0,-20000,0,0,0,0,20000,-20000,-20000
062697,國巨元大9C購01  ,0,0,0,0,0,0,0,0,0,-20000,0,0,0,0,20000,-20000,-20000
062619,台表科元大9B購03,0,0,0,0,0,0,0,0,0,-20000,0,0,0,32000,52000,-20000,-20000
062224,玉晶光統一9C購03,0,0,0,0,0,0,0,0,0,-20000,0,0,0,0,20000,-20000,-20000
062226,臻鼎統一9B購01  ,0,0,0,0,0,0,0,0,0,-20000,0,0,0,0,20000,-20000,-20000
062242,臺指反元大02購03,0,0,0,0,0,0,0,0,0,-20000,0,0,0,0,20000,-20000,-20000
062505,祥碩群益9B購03  ,0,0,0,0,0,0,0,0,0,-20000,0,0,0,11000,31000,-20000,-20000
055555,全新凱基9A購01  ,0,0,0,0,0,0,0,0,0,-20000,0,0,0,0,20000,-20000,-20000
055435,佳世達中信99購01,0,0,0,0,0,0,0,0,0,-20000,0,0,0,0,20000,-20000,-20000
055831,台達電元大97購01,0,0,0,0,0,0,0,0,0,-20000,0,0,0,0,20000,-20000,-20000
056549,嘉聯益凱基98購04,0,0,0,0,0,0,0,0,0,-20000,0,0,0,0,20000,-20000,-20000
056563,華新科群益98購04,0,0,0,0,0,0,0,0,0,-20000,0,0,0,0,20000,-20000,-20000
05670P,台積電國票98售01,0,0,0,0,0,0,0,0,0,-20000,0,0,0,0,20000,-20000,-20000
056893,智邦元大98購02  ,0,0,0,0,0,0,0,0,0,-20000,0,0,0,6000,26000,-20000,-20000
056041,禾伸堂凱基98購03,0,0,0,0,0,0,0,0,0,-20000,0,0,0,0,20000,-20000,-20000
058937,仁寶中信99購01  ,0,0,0,0,0,0,0,0,0,-20000,0,0,0,20000,40000,-20000,-20000
055322,欣興國票97購06  ,0,0,0,0,0,0,0,0,0,-20000,0,0,0,0,20000,-20000,-20000
056475,宏達電元大99購02,0,0,0,0,0,0,0,0,0,-20000,0,0,0,0,20000,-20000,-20000
056416,華新科中信98購01,0,0,0,0,0,0,0,0,0,-20000,0,0,0,0,20000,-20000,-20000
056418,台光電元富98購01,0,0,0,0,0,0,0,0,0,-20000,0,0,0,65000,85000,-20000,-20000
055019,福懋科元富97購01,0,0,0,0,0,0,0,0,0,-20000,0,0,0,10000,30000,-20000,-20000
055080,正崴中信99購01  ,0,0,0,0,0,0,0,0,0,-20000,0,0,0,0,20000,-20000,-20000
055118,嘉聯益凱基98購02,0,0,0,0,0,0,0,0,0,-20000,0,0,0,0,20000,-20000,-20000
056387,智伸科國泰99購01,0,0,0,0,0,0,0,0,0,-20000,0,0,0,0,20000,-20000,-20000
054408,義隆國票98購01  ,0,0,0,0,0,0,0,0,0,-20000,0,0,0,39000,59000,-20000,-20000
054205,華新國票97購02  ,0,0,0,0,0,0,0,0,0,-20000,0,0,0,78000,98000,-20000,-20000
050227,大立光中信96購01,0,0,0,0,0,0,0,0,0,-20000,0,0,0,0,20000,-20000,-20000
048188,臺指反元大96購05,0,0,0,0,0,0,0,0,0,-20000,0,0,0,0,20000,-20000,-20000
049485,台積電元大96購03,0,0,0,0,0,0,0,0,0,-20000,0,0,0,500000,520000,-20000,-20000
048653,巨大元大96購02  ,0,0,0,0,0,0,0,0,0,-20000,0,0,0,0,20000,-20000,-20000
052112,滬深2X中信99購01,0,0,0,0,0,0,0,0,0,-20000,0,0,0,0,20000,-20000,-20000
05305P,華新科國泰97售01,0,0,0,0,0,0,0,0,0,-20000,0,0,0,70000,90000,-20000,-20000
052729,國巨國泰97購03  ,0,0,0,0,0,0,0,0,0,-20000,0,0,0,0,20000,-20000,-20000
053804,富邦金凱基96購01,0,0,0,0,0,0,0,0,0,-20000,0,0,0,0,20000,-20000,-20000
053760,牧德國泰98購01  ,0,0,0,0,0,0,0,0,0,-20000,0,0,0,0,20000,-20000,-20000
053490,為升兆豐97購01  ,0,0,0,0,0,0,0,0,0,-20000,0,0,0,0,20000,-20000,-20000
053501,明泰兆豐96購01  ,0,0,0,0,0,0,0,0,0,-20000,0,0,0,30000,50000,-20000,-20000
053355,超眾兆豐97購01  ,0,0,0,0,0,0,0,0,0,-20000,0,0,0,0,20000,-20000,-20000
053342,全新國票99購01  ,0,0,0,0,0,0,0,0,0,-20000,0,0,0,0,20000,-20000,-20000
055971,矽力元大97購05  ,0,0,0,0,0,0,0,0,0,-20000,0,0,0,0,20000,-20000,-20000
05478P,智伸科國票96售02,0,0,0,0,0,0,0,0,0,-20000,0,0,0,0,20000,-20000,-20000
052827,昇陽半永豐97購01,0,0,0,0,0,0,0,0,0,-20000,0,0,0,0,20000,-20000,-20000
059029,旺宏兆豐99購01  ,0,0,0,0,0,0,0,0,0,-20000,0,0,0,20000,40000,-20000,-20000
059095,訊芯元大99購01  ,0,0,0,0,0,0,0,0,0,-20000,0,0,0,9000,29000,-20000,-20000
059762,禾伸堂永豐99購02,0,0,0,0,0,0,0,0,0,-20000,0,0,0,40000,60000,-20000,-20000
059688,燿華永豐99購01  ,0,0,0,0,0,0,0,0,0,-20000,0,0,0,10000,30000,-20000,-20000
059661,大立光元大99購22,0,0,0,0,0,0,0,0,0,-20000,0,0,0,0,20000,-20000,-20000
057151,易華電國票99購01,0,0,0,0,0,0,0,0,0,-20000,0,0,0,142000,162000,-20000,-20000
058677,矽格群益99購01  ,0,0,0,0,0,0,0,0,0,-20000,0,0,0,0,20000,-20000,-20000
057022,智邦凱基98購04  ,0,0,0,0,0,0,0,0,0,-20000,0,0,0,0,20000,-20000,-20000
057104,康友中信99購01  ,0,0,0,0,0,0,0,0,0,-20000,0,0,0,0,20000,-20000,-20000
057582,亞光中信9A購02  ,0,0,0,0,0,0,0,0,0,-20000,0,0,0,0,20000,-20000,-20000
057658,玉晶光兆豐99購02,0,0,0,0,0,0,0,0,0,-20000,0,0,0,0,20000,-20000,-20000
059524,FBVIX凱基9A購02 ,0,0,0,0,0,0,0,0,0,-20000,0,0,0,10000,30000,-20000,-20000
059459,訊芯永豐99購04  ,0,0,0,0,0,0,0,0,0,-20000,0,0,0,111000,131000,-20000,-20000
057306,玉晶光兆豐99購01,0,0,0,0,0,0,0,0,0,-20000,0,0,0,0,20000,-20000,-20000
059070,道瓊指元大99購02,0,0,0,0,0,0,0,0,0,-20000,0,0,0,0,20000,-20000,-20000
056993,GIS兆豐99購01   ,0,0,0,0,0,0,0,0,0,-20000,0,0,0,40000,60000,-20000,-20000
056928,旺宏台新98購01  ,0,0,0,0,0,0,0,0,0,-20000,0,0,0,0,20000,-20000,-20000
060397,群創國票9A購01  ,0,0,0,0,0,0,0,0,0,-20000,0,0,0,0,20000,-20000,-20000
060434,台汽電永豐9A購01,0,0,0,0,0,0,0,0,0,-20000,0,0,0,100000,120000,-20000,-20000
06017P,亞光凱基96售04  ,0,0,0,0,0,0,0,0,0,-20000,0,0,0,0,20000,-20000,-20000
060123,光罩永豐99購02  ,0,0,0,0,0,0,0,0,0,-20000,0,0,0,0,20000,-20000,-20000
05994P,奇鋐元大96售02  ,0,0,0,0,0,0,0,0,0,-20000,0,0,0,0,20000,-20000,-20000
057440,台積電統一98購10,0,0,0,0,0,0,0,0,0,-20000,0,0,0,0,20000,-20000,-20000
057462,光磊永豐98購02  ,0,0,0,0,0,0,0,0,0,-20000,0,0,0,34000,54000,-20000,-20000
058065,南亞科亞東99購01,0,0,0,0,0,0,0,0,0,-20000,0,0,0,0,20000,-20000,-20000
05817P,可成凱基96售07  ,0,0,0,0,0,0,0,0,0,-20000,0,0,0,0,20000,-20000,-20000
05815P,台積電凱基97售06,0,0,0,0,0,0,0,0,0,-20000,0,0,0,80000,100000,-20000,-20000
06857P,超眾永豐98售02  ,0,0,0,0,0,0,0,0,0,-20000,0,0,0,30000,50000,-20000,-20000
06922P,元上證群益9C售01,0,0,0,0,0,0,0,0,0,-20000,0,0,0,0,20000,-20000,-20000
06627P,華新科元富99售01,0,0,0,0,0,0,0,0,0,-20000,0,0,0,0,20000,-20000,-20000
06633P,國巨國票99售01  ,0,0,0,0,0,0,0,0,0,-20000,0,0,0,2000,22000,-20000,-20000
06549P,大立光元大98售11,0,0,0,0,0,0,0,0,0,-20000,0,0,0,0,20000,-20000,-20000
06613P,華新科富邦9A售03,0,0,0,0,0,0,0,0,0,-20000,0,0,0,0,20000,-20000,-20000
07252P,台灣50凱基99售01,0,0,0,0,0,0,0,0,0,-20000,0,0,0,0,20000,-20000,-20000
07350P,台灣50國票99售11,0,0,0,0,0,0,0,0,0,-20000,0,0,0,0,20000,-20000,-20000
07409P,台積電台新99售07,0,0,0,0,0,0,0,0,0,-20000,0,0,0,0,20000,-20000,-20000
07355P,臺股指國票99售23,0,0,0,0,0,0,0,0,0,-20000,0,0,0,0,20000,-20000,-20000
07434P,臺股指國票9A售06,0,0,0,0,0,0,0,0,0,-20000,0,0,0,80000,100000,-20000,-20000
1339,昭輝            ,51000,74000,-23000,0,0,0,0,0,0,3000,3000,0,3000,0,0,0,-20000
1436,華友聯          ,0,20000,-20000,0,0,0,0,0,0,0,0,0,0,0,0,0,-20000
08028P,臺股指元大9B售30,0,0,0,0,0,0,0,0,0,-20000,0,0,0,0,20000,-20000,-20000
08017P,華新科國票9B售01,0,0,0,0,0,0,0,0,0,-20000,0,0,0,0,20000,-20000,-20000
08184P,可成永豐9B售03  ,0,0,0,0,0,0,0,0,0,-20000,0,0,0,0,20000,-20000,-20000
07722P,玉晶光凱基9A售10,0,0,0,0,0,0,0,0,0,-20000,0,0,0,0,20000,-20000,-20000
07564P,臺股指中信01售01,0,0,0,0,0,0,0,0,0,-20000,0,0,0,0,20000,-20000,-20000
07651P,道瓊指中信01售01,0,0,0,0,0,0,0,0,0,-20000,0,0,0,0,20000,-20000,-20000
07934P,臺股指國票9B售06,0,0,0,0,0,0,0,0,0,-20000,0,0,0,0,20000,-20000,-20000
07851P,聯發科國票9A售05,0,0,0,0,0,0,0,0,0,-20000,0,0,0,58000,78000,-20000,-20000
8374,羅昇            ,3000,23000,-20000,0,0,0,0,0,0,0,1000,1000,0,0,0,0,-20000
4141,龍燈-KY         ,0,20000,-20000,0,0,0,0,0,0,0,2000,2000,0,0,0,0,-20000
2705,六福            ,22000,42000,-20000,0,0,0,0,0,0,0,0,0,0,0,0,0,-20000
2433,互盛電          ,3000,33000,-30000,0,0,0,0,0,0,10000,10000,0,10000,0,0,0,-20000
2509,全坤建          ,0,20000,-20000,0,0,0,0,0,0,0,0,0,0,0,0,0,-20000
1783,和康生          ,63000,82000,-19000,0,0,0,0,0,0,-1000,0,1000,-1000,0,0,0,-20000
2012,春雨            ,0,20000,-20000,0,0,0,0,0,0,0,0,0,0,0,0,0,-20000
2613,中櫃            ,0,22239,-22239,0,0,0,0,0,0,2000,2000,0,2000,0,0,0,-20239
062752,世芯中信9B購01  ,0,0,0,0,0,0,0,0,0,-21000,0,0,0,50000,71000,-21000,-21000
063259,廣達富邦9C購01  ,0,0,0,0,0,0,0,0,0,-21000,0,0,0,0,21000,-21000,-21000
063507,奇鋐群益9B購02  ,0,0,0,0,0,0,0,0,0,-21000,0,0,0,0,21000,-21000,-21000
061647,南六元大9A購03  ,0,0,0,0,0,0,0,0,0,-21000,0,0,0,46000,67000,-21000,-21000
060910,聯發科元大9A購05,0,0,0,0,0,0,0,0,0,-21000,0,0,0,0,21000,-21000,-21000
061480,泰碩元大9B購01  ,0,0,0,0,0,0,0,0,0,-21000,0,0,0,1000,22000,-21000,-21000
052704,TPK國票97購01   ,0,0,0,0,0,0,0,0,0,-21000,0,0,0,30000,51000,-21000,-21000
053783,聯發科元大96購17,0,0,0,0,0,0,0,0,0,-21000,0,0,0,0,21000,-21000,-21000
049871,T50反1台新9A購02,0,0,0,0,0,0,0,0,0,-21000,0,0,0,80000,101000,-21000,-21000
00743,國泰中國A150    ,0,0,0,0,0,0,0,0,0,-21000,0,0,0,0,21000,-21000,-21000
058730,玉晶光永豐9A購01,0,0,0,0,0,0,0,0,0,-21000,0,0,0,10000,31000,-21000,-21000
058358,技嘉凱基9A購01  ,0,0,0,0,0,0,0,0,0,-21000,0,0,0,1000,22000,-21000,-21000
060379,T50反1凱基9A購07,0,0,0,0,0,0,0,0,0,-21000,0,0,0,0,21000,-21000,-21000
060791,聯茂富邦9A購02  ,0,0,0,0,0,0,0,0,0,-21000,0,0,0,0,21000,-21000,-21000
056930,晶豪科台新98購01,0,0,0,0,0,0,0,0,0,-21000,0,0,0,0,21000,-21000,-21000
057675,同欣電元大98購02,0,0,0,0,0,0,0,0,0,-21000,0,0,0,124000,145000,-21000,-21000
058630,日月光國票9A購01,0,0,0,0,0,0,0,0,0,-21000,0,0,0,38000,59000,-21000,-21000
059676,台積電台新99購05,0,0,0,0,0,0,0,0,0,-21000,0,0,0,0,21000,-21000,-21000
2465,麗臺            ,0,21000,-21000,0,0,0,0,0,0,0,0,0,0,0,0,0,-21000
2114,鑫永銓          ,0,25000,-25000,0,0,0,0,0,0,4000,4000,0,4000,0,0,0,-21000
3029,零壹            ,170000,184000,-14000,0,0,0,0,0,0,-7000,0,7000,-7000,0,0,0,-21000
4148,全宇生技-KY     ,12000,33000,-21000,0,0,0,0,0,0,0,0,0,0,0,0,0,-21000
5288,豐祥-KY         ,15000,36000,-21000,0,0,0,0,0,0,0,0,0,0,0,0,0,-21000
4766,南寶            ,55000,75000,-20000,0,0,0,0,0,0,-1000,0,1000,-1000,0,0,0,-21000
6477,安集            ,5000,26000,-21000,0,0,0,0,0,0,0,0,0,0,0,0,0,-21000
8462,柏文            ,39000,49000,-10000,0,0,0,0,0,0,-11000,0,0,0,0,11000,-11000,-21000
9934,成霖            ,157000,178000,-21000,0,0,0,0,0,0,0,0,0,0,0,0,0,-21000
07795P,美律國票9A售03  ,0,0,0,0,0,0,0,0,0,-21000,0,0,0,0,21000,-21000,-21000
07953P,健策元大9B售07  ,0,0,0,0,0,0,0,0,0,-21000,0,0,0,24000,45000,-21000,-21000
07728P,臺股指凱基9A售20,0,0,0,0,0,0,0,0,0,-21000,0,0,0,30000,51000,-21000,-21000
07777P,創意元大9A售03  ,0,0,0,0,0,0,0,0,0,-21000,0,0,0,0,21000,-21000,-21000
08130P,義隆元大9B售05  ,0,0,0,0,0,0,0,0,0,-21000,0,0,0,0,21000,-21000,-21000
06878P,台灣50日盛9B售01,0,0,0,0,0,0,0,0,0,-21000,0,0,0,27000,48000,-21000,-21000
06953P,景碩統一9A售01  ,0,0,0,0,0,0,0,0,0,-21000,0,0,0,0,21000,-21000,-21000
06771P,台灣50中信02售01,0,0,0,0,0,0,0,0,0,-21000,0,0,0,0,21000,-21000,-21000
2812,台中銀          ,1047900,1069740,-21840,0,0,0,0,0,0,0,0,0,0,0,0,0,-21840
061493,T50反1國票9B購04,0,0,0,0,0,0,0,0,0,-22000,0,0,0,0,22000,-22000,-22000
061688,華通群益9A購07  ,0,0,0,0,0,0,0,0,0,-22000,0,0,0,0,22000,-22000,-22000
061970,大立光統一9C購03,0,0,0,0,0,0,0,0,0,-22000,0,0,0,0,22000,-22000,-22000
061992,祥碩元大9B購02  ,0,0,0,0,0,0,0,0,0,-22000,0,0,0,2000,24000,-22000,-22000
062109,聯詠國票9C購01  ,0,0,0,0,0,0,0,0,0,-22000,0,0,0,46000,68000,-22000,-22000
063441,台達電統一9C購01,0,0,0,0,0,0,0,0,0,-22000,0,0,0,0,22000,-22000,-22000
06271P,彩晶凱基97售01  ,0,0,0,0,0,0,0,0,0,-22000,0,0,0,0,22000,-22000,-22000
062513,玉晶光國票9C購01,0,0,0,0,0,0,0,0,0,-22000,0,0,0,4000,26000,-22000,-22000
062320,南電凱基9B購03  ,0,0,0,0,0,0,0,0,0,-22000,0,0,0,0,22000,-22000,-22000
058731,貿聯永豐99購02  ,0,0,0,0,0,0,0,0,0,-22000,0,0,0,123000,145000,-22000,-22000
058874,聯鈞國票9A購01  ,0,0,0,0,0,0,0,0,0,-22000,0,0,0,13000,35000,-22000,-22000
056283,鴻海永豐97購03  ,0,0,0,0,0,0,0,0,0,-22000,0,0,0,0,22000,-22000,-22000
05271P,國巨富邦97售01  ,0,0,0,0,0,0,0,0,0,-22000,0,0,0,0,22000,-22000,-22000
059274,國巨元大99購22  ,0,0,0,0,0,0,0,0,0,-22000,0,0,0,0,22000,-22000,-22000
057937,神達群益98購02  ,0,0,0,0,0,0,0,0,0,-22000,0,0,0,23000,45000,-22000,-22000
056980,建準群益98購02  ,0,0,0,0,0,0,0,0,0,-22000,0,0,0,17000,39000,-22000,-22000
060478,南電元大9A購01  ,0,0,0,0,0,0,0,0,0,-22000,0,0,0,0,22000,-22000,-22000
060336,南電康和9A購01  ,0,0,0,0,0,0,0,0,0,-22000,0,0,0,10000,32000,-22000,-22000
058091,欣興元大99購03  ,0,0,0,0,0,0,0,0,0,-22000,0,0,0,36000,58000,-22000,-22000
5284,jpp-KY          ,9000,31000,-22000,0,0,0,0,0,0,0,0,0,0,0,0,0,-22000
3518,柏騰            ,252000,273000,-21000,0,0,0,0,0,0,-1000,0,1000,-1000,0,0,0,-22000
2013,中鋼構          ,149000,170000,-21000,0,0,0,0,0,0,-1000,0,1000,-1000,0,0,0,-22000
910322,康師傅-DR       ,0,22000,-22000,0,0,0,0,0,0,0,0,0,0,0,0,0,-22000
6449,鈺邦            ,6000,29000,-23000,0,0,0,0,0,0,1000,3000,2000,1000,0,0,0,-22000
8104,錸寶            ,26000,48000,-22000,0,0,0,0,0,0,0,0,0,0,0,0,0,-22000
06849P,欣興元大98售12  ,0,0,0,0,0,0,0,0,0,-22000,0,0,0,2000,24000,-22000,-22000
07011P,宏達電凱基99售02,0,0,0,0,0,0,0,0,0,-22000,0,0,0,36000,58000,-22000,-22000
06592P,欣興元大98售04  ,0,0,0,0,0,0,0,0,0,-22000,0,0,0,0,22000,-22000,-22000
07315P,台積電台新99售06,0,0,0,0,0,0,0,0,0,-22000,0,0,0,201000,223000,-22000,-22000
1615,大山            ,8000,30000,-22000,0,0,0,0,0,0,0,0,0,0,0,0,0,-22000
1531,高林股          ,0,24000,-24000,0,0,0,0,0,0,2000,2000,0,2000,0,0,0,-22000
07709P,創意元大9A售01  ,0,0,0,0,0,0,0,0,0,-22000,0,0,0,0,22000,-22000,-22000
07989P,玉晶光凱基9B售07,0,0,0,0,0,0,0,0,0,-22000,0,0,0,0,22000,-22000,-22000
07876P,台灣50國泰01售01,0,0,0,0,0,0,0,0,0,-22000,0,0,0,0,22000,-22000,-22000
062712,晶技麥證9B購02  ,0,0,0,3000,26000,-23000,0,0,0,-23000,0,0,0,3000,26000,-23000,-23000
062694,遠東新元大9B購01,0,0,0,0,0,0,0,0,0,-23000,0,0,0,17000,40000,-23000,-23000
062874,微星兆豐9B購01  ,0,0,0,0,0,0,0,0,0,-23000,0,0,0,40000,63000,-23000,-23000
062125,嘉晶統一9B購01  ,0,0,0,0,0,0,0,0,0,-23000,0,0,0,0,23000,-23000,-23000
061236,台積電元大9A購24,0,0,0,0,0,0,0,0,0,-23000,0,0,0,0,23000,-23000,-23000
060873,道瓊反中信9C購01,0,0,0,0,0,0,0,0,0,-23000,0,0,0,0,23000,-23000,-23000
060850,康友國票9A購03  ,0,0,0,0,0,0,0,0,0,-23000,0,0,0,14000,37000,-23000,-23000
061166,玉晶光兆豐9B購01,0,0,0,0,0,0,0,0,0,-23000,0,0,0,0,23000,-23000,-23000
054151,瑞昱國泰97購01  ,0,0,0,0,0,0,0,0,0,-23000,0,0,0,18000,41000,-23000,-23000
056701,國產國泰9A購01  ,0,0,0,0,0,0,0,0,0,-23000,0,0,0,0,23000,-23000,-23000
058905,京鼎元大99購01  ,0,0,0,0,0,0,0,0,0,-23000,0,0,0,51000,74000,-23000,-23000
057832,聯發科元富02購05,0,0,0,0,0,0,0,0,0,-23000,0,0,0,3000,26000,-23000,-23000
055075,南電永豐97購01  ,0,0,0,0,0,0,0,0,0,-23000,0,0,0,22000,45000,-23000,-23000
058081,技嘉群益9A購03  ,0,0,0,0,0,0,0,0,0,-23000,0,0,0,4000,27000,-23000,-23000
060399,康友國票9A購02  ,0,0,0,0,0,0,0,0,0,-23000,0,0,0,2000,25000,-23000,-23000
060085,華通元大99購10  ,0,0,0,0,0,0,0,0,0,-23000,0,0,0,59000,82000,-23000,-23000
057674,台郡元大99購03  ,0,0,0,0,0,0,0,0,0,-23000,0,0,0,157000,180000,-23000,-23000
059723,美律元大9A購02  ,0,0,0,0,0,0,0,0,0,-23000,0,0,0,54000,77000,-23000,-23000
07871P,台積電群益9C售02,0,0,0,0,0,0,0,0,0,-23000,0,0,0,29000,52000,-23000,-23000
07946P,華通統一9B售02  ,0,0,0,0,0,0,0,0,0,-23000,0,0,0,28000,51000,-23000,-23000
07686P,祥碩凱基9A售02  ,0,0,0,0,0,0,0,0,0,-23000,0,0,0,1000,24000,-23000,-23000
1460,宏遠            ,139000,162000,-23000,0,0,0,0,0,0,0,0,0,0,0,0,0,-23000
1225,福懋油          ,6000,29000,-23000,0,0,0,0,0,0,0,0,0,0,0,0,0,-23000
07287P,全新群益9B售01  ,0,0,0,0,0,0,0,0,0,-23000,0,0,0,0,23000,-23000,-23000
06688P,鴻海中信02售01  ,0,0,0,0,0,0,0,0,0,-23000,0,0,0,1000,24000,-23000,-23000
8463,潤泰材          ,74000,97000,-23000,0,0,0,0,0,0,0,0,0,0,0,0,0,-23000
9136,巨騰-DR         ,14000,37000,-23000,0,0,0,0,0,0,0,0,0,0,0,0,0,-23000
9941,裕融            ,6000,29000,-23000,0,0,0,0,0,0,0,0,0,0,0,0,0,-23000
2611,志信            ,0,23000,-23000,0,0,0,0,0,0,0,0,0,0,0,0,0,-23000
2483,百容            ,3000,26000,-23000,0,0,0,0,0,0,0,0,0,0,0,0,0,-23000
061071,復盛凱基9A購01  ,0,0,0,0,0,0,0,0,0,-24000,0,0,0,125000,149000,-24000,-24000
062083,健策元大9C購03  ,0,0,0,0,0,0,0,0,0,-24000,0,0,0,158000,182000,-24000,-24000
062738,可成國票9B購02  ,0,0,0,0,0,0,0,0,0,-24000,0,0,0,3000,27000,-24000,-24000
062618,祥碩元大9B購04  ,0,0,0,0,0,0,0,0,0,-24000,0,0,0,5000,29000,-24000,-24000
063154,南六元富9B購02  ,0,0,0,0,0,0,0,0,0,-24000,0,0,0,60000,84000,-24000,-24000
062949,聯發科富邦01購01,0,0,0,0,0,0,0,0,0,-24000,0,0,0,2000,26000,-24000,-24000
056291,聯茂永豐97購03  ,0,0,0,0,0,0,0,0,0,-24000,0,0,0,16000,40000,-24000,-24000
055846,大立光元大97購09,0,0,0,0,0,0,0,0,0,-24000,0,0,0,0,24000,-24000,-24000
054811,裕隆元大9A購01  ,0,0,0,0,0,0,0,0,0,-24000,0,0,0,1000,25000,-24000,-24000
04881P,高股息凱基96售01,0,0,0,0,0,0,0,0,0,-24000,0,0,0,0,24000,-24000,-24000
046937,聯電元大99購01  ,0,0,0,0,0,0,0,0,0,-24000,0,0,0,125000,149000,-24000,-24000
059732,超眾元大9A購01  ,0,0,0,0,0,0,0,0,0,-24000,0,0,0,42000,66000,-24000,-24000
057147,新日興國票99購01,0,0,0,0,0,0,0,0,0,-24000,0,0,0,0,24000,-24000,-24000
057074,立積永豐98購01  ,0,0,0,0,0,0,0,0,0,-24000,0,0,0,0,24000,-24000,-24000
057738,旺宏富邦9A購01  ,0,0,0,0,0,0,0,0,0,-24000,0,0,0,22000,46000,-24000,-24000
058032,大立光永豐98購05,0,0,0,0,0,0,0,0,0,-24000,0,0,0,0,24000,-24000,-24000
059785,美律元大9A購03  ,0,0,0,0,0,0,0,0,0,-24000,0,0,0,13000,37000,-24000,-24000
059450,和大永豐99購01  ,0,0,0,0,0,0,0,0,0,-24000,0,0,0,2000,26000,-24000,-24000
059550,台灣50日盛99購02,0,0,0,0,0,0,0,0,0,-24000,0,0,0,0,24000,-24000,-24000
060306,台肥永豐9A購01  ,0,0,0,0,0,0,0,0,0,-24000,0,0,0,10000,34000,-24000,-24000
057477,智邦元大98購09  ,0,0,0,0,0,0,0,0,0,-24000,0,0,0,10000,34000,-24000,-24000
059009,世紀鋼元大99購04,0,0,0,0,0,0,0,0,0,-24000,0,0,0,685000,709000,-24000,-24000
1808,潤隆            ,57000,81000,-24000,0,0,0,0,0,0,0,0,0,0,0,0,0,-24000
2208,台船            ,395000,419000,-24000,0,0,0,0,0,0,0,0,0,0,0,0,0,-24000
2305,全友            ,0,24000,-24000,0,0,0,0,0,0,0,0,0,0,0,0,0,-24000
9930,中聯資源        ,3000,27000,-24000,0,0,0,0,0,0,0,0,0,0,0,0,0,-24000
07266P,大立光元大99售19,0,0,0,0,0,0,0,0,0,-24000,0,0,0,15000,39000,-24000,-24000
07689P,旺宏元大9A售13  ,0,0,0,0,0,0,0,0,0,-24000,0,0,0,0,24000,-24000,-24000
5434,崇越            ,160149,125000,35149,0,0,0,0,0,0,-60000,0,60000,-60000,0,0,0,-24851
062548,智易永豐9B購01  ,0,0,0,0,0,0,0,0,0,-25000,0,0,0,30000,55000,-25000,-25000
062390,元黃金富邦9C購01,0,0,0,0,0,0,0,0,0,-25000,0,0,0,0,25000,-25000,-25000
062422,億光統一01購01  ,0,0,0,0,0,0,0,0,0,-25000,0,0,0,0,25000,-25000,-25000
062416,和大統一01購02  ,0,0,0,0,0,0,0,0,0,-25000,0,0,0,0,25000,-25000,-25000
062449,臻鼎元大9B購01  ,0,0,0,0,0,0,0,0,0,-25000,0,0,0,0,25000,-25000,-25000
062112,祥碩國票9C購01  ,0,0,0,0,0,0,0,0,0,-25000,0,0,0,4000,29000,-25000,-25000
062191,台郡元大9B購05  ,0,0,0,0,0,0,0,0,0,-25000,0,0,0,73000,98000,-25000,-25000
061677,泰碩元大9A購05  ,0,0,0,0,0,0,0,0,0,-25000,0,0,0,0,25000,-25000,-25000
061354,瑞儀元大9A購01  ,0,0,0,0,0,0,0,0,0,-25000,0,0,0,63000,88000,-25000,-25000
061296,台積電國泰9C購01,0,0,0,0,0,0,0,0,0,-25000,0,0,0,22000,47000,-25000,-25000
050854,世紀鋼國票97購01,0,0,0,0,0,0,0,0,0,-25000,0,0,0,30000,55000,-25000,-25000
054751,GIS凱基98購01   ,0,0,0,0,0,0,0,0,0,-25000,0,0,0,11000,36000,-25000,-25000
054753,復盛凱基98購01  ,0,0,0,0,0,0,0,0,0,-25000,0,0,0,5000,30000,-25000,-25000
054137,聯詠元大97購02  ,0,0,0,0,0,0,0,0,0,-25000,0,0,0,0,25000,-25000,-25000
055505,新唐元大97購02  ,0,0,0,0,0,0,0,0,0,-25000,0,0,0,30000,55000,-25000,-25000
056892,旺宏元大9A購02  ,0,0,0,0,0,0,0,0,0,-25000,0,0,0,0,25000,-25000,-25000
056449,義隆凱基98購03  ,0,0,0,0,0,0,0,0,0,-25000,0,0,0,38000,63000,-25000,-25000
056469,國巨元大99購01  ,0,0,0,0,0,0,0,0,0,-25000,0,0,0,0,25000,-25000,-25000
05537P,群創中信98售01  ,0,0,0,0,0,0,0,0,0,-25000,0,0,0,0,25000,-25000,-25000
058781,康友國票9A購01  ,0,0,0,0,0,0,0,0,0,-25000,0,0,0,20000,45000,-25000,-25000
058589,群創中信01購01  ,0,0,0,0,0,0,0,0,0,-25000,0,0,0,0,25000,-25000,-25000
058550,南亞科永豐99購01,0,0,0,0,0,0,0,0,0,-25000,0,0,0,0,25000,-25000,-25000
057471,昇陽半永豐98購02,0,0,0,0,0,0,0,0,0,-25000,0,0,0,5000,30000,-25000,-25000
059869,友達凱基99購07  ,0,0,0,0,0,0,0,0,0,-25000,0,0,0,55000,80000,-25000,-25000
059919,宏達電元大99購06,0,0,0,0,0,0,0,0,0,-25000,0,0,0,32000,57000,-25000,-25000
060370,滬深2X元富04購01,0,0,0,0,0,0,0,0,0,-25000,0,0,0,15000,40000,-25000,-25000
060415,葡萄王永豐9A購01,0,0,0,0,0,0,0,0,0,-25000,0,0,0,60000,85000,-25000,-25000
060235,瑞昱元大9A購01  ,0,0,0,0,0,0,0,0,0,-25000,0,0,0,72000,97000,-25000,-25000
060237,友達元大9A購06  ,0,0,0,0,0,0,0,0,0,-25000,0,0,0,57000,82000,-25000,-25000
060476,瑞祺元大9A購02  ,0,0,0,0,0,0,0,0,0,-25000,0,0,0,229000,254000,-25000,-25000
059461,鈺齊永豐99購03  ,0,0,0,0,0,0,0,0,0,-25000,0,0,0,222000,247000,-25000,-25000
057010,景碩中信98購01  ,0,0,0,0,0,0,0,0,0,-25000,0,0,0,0,25000,-25000,-25000
05706P,TPK永豐96售02   ,0,0,0,0,0,0,0,0,0,-25000,0,0,0,0,25000,-25000,-25000
4155,訊映            ,23000,48000,-25000,0,0,0,0,0,0,0,0,0,0,0,0,0,-25000
1721,三晃            ,5000,30000,-25000,0,0,0,0,0,0,0,0,0,0,0,0,0,-25000
2496,卓越            ,0,25000,-25000,0,0,0,0,0,0,0,0,0,0,0,0,0,-25000
6668,中揚光          ,30000,55000,-25000,0,0,0,0,0,0,0,0,0,0,0,0,0,-25000
6115,鎰勝            ,0,25000,-25000,0,0,0,0,0,0,0,0,0,0,0,0,0,-25000
07668P,旺宏元大9A售10  ,0,0,0,0,0,0,0,0,0,-25000,0,0,0,0,25000,-25000,-25000
07799P,南電國票9A售04  ,0,0,0,0,0,0,0,0,0,-25000,0,0,0,16000,41000,-25000,-25000
1452,宏益            ,12000,37000,-25000,0,0,0,0,0,0,0,0,0,0,0,0,0,-25000
1541,錩泰            ,0,26000,-26000,0,0,0,0,0,0,1000,1000,0,1000,0,0,0,-25000
08150P,立積國票9C售01  ,0,0,0,0,0,0,0,0,0,-25000,0,0,0,0,25000,-25000,-25000
08198P,聯發科元大9B售25,0,0,0,0,0,0,0,0,0,-25000,0,0,0,0,25000,-25000,-25000
07180P,臺股指凱基99售22,0,0,0,0,0,0,0,0,0,-25000,0,0,0,0,25000,-25000,-25000
07085P,超眾元富9C售01  ,0,0,0,0,0,0,0,0,0,-25000,0,0,0,44000,69000,-25000,-25000
07094P,華通國票9A售03  ,0,0,0,0,0,0,0,0,0,-25000,0,0,0,30000,55000,-25000,-25000
07413P,國巨元大99售33  ,0,0,0,0,0,0,0,0,0,-25000,0,0,0,0,25000,-25000,-25000
07535P,上銀元富9A售03  ,0,0,0,0,0,0,0,0,0,-25000,0,0,0,328000,353000,-25000,-25000
06720P,智邦亞東99售01  ,0,0,0,0,0,0,0,0,0,-25000,0,0,0,0,25000,-25000,-25000
06571P,欣興永豐98售03  ,0,0,0,0,0,0,0,0,0,-25000,0,0,0,0,25000,-25000,-25000
06505P,康控國票99售02  ,0,0,0,0,0,0,0,0,0,-25000,0,0,0,133000,158000,-25000,-25000
4426,利勤            ,132000,166000,-34000,0,0,0,0,0,0,8948,0,0,0,16000,7052,8948,-25052
061362,台塑國票9B購01  ,0,0,0,0,0,0,0,0,0,-26000,0,0,0,2000,28000,-26000,-26000
061609,華新科統一9C購01,0,0,0,0,0,0,0,0,0,-26000,0,0,0,0,26000,-26000,-26000
062176,元金2X元大9B購01,0,0,0,0,0,0,0,0,0,-26000,0,0,0,0,26000,-26000,-26000
062155,國巨凱基9C購03  ,0,0,0,0,0,0,0,0,0,-26000,0,0,0,7000,33000,-26000,-26000
062378,台表科元大9C購01,0,0,0,0,0,0,0,0,0,-26000,0,0,0,116000,142000,-26000,-26000
063582,瑞祺國泰9C購01  ,0,0,0,0,0,0,0,0,0,-26000,0,0,0,7000,33000,-26000,-26000
058791,鴻海元大99購17  ,0,0,0,0,0,0,0,0,0,-26000,0,0,0,14000,40000,-26000,-26000
057882,華通群益9A購03  ,0,0,0,0,0,0,0,0,0,-26000,0,0,0,8000,34000,-26000,-26000
056136,京鼎元大98購01  ,0,0,0,0,0,0,0,0,0,-26000,0,0,0,74000,100000,-26000,-26000
053173,矽格群益97購01  ,0,0,0,0,0,0,0,0,0,-26000,0,0,0,0,26000,-26000,-26000
035275,台積電台新97購01,0,0,0,0,0,0,0,0,0,-26000,0,0,0,1000,27000,-26000,-26000
02001R,富邦蘋果反一N   ,0,0,0,0,0,0,0,0,0,-26000,0,0,0,20000,46000,-26000,-26000
059772,可成群益9A購05  ,0,0,0,0,0,0,0,0,0,-26000,0,0,0,21000,47000,-26000,-26000
056969,智易永豐98購01  ,0,0,0,0,0,0,0,0,0,-26000,0,0,0,30000,56000,-26000,-26000
059357,華通永豐99購01  ,0,0,0,0,0,0,0,0,0,-26000,0,0,0,0,26000,-26000,-26000
059817,華通凱基99購05  ,0,0,0,0,0,0,0,0,0,-26000,0,0,0,0,26000,-26000,-26000
060644,泰鼎永豐9A購02  ,0,0,0,0,0,0,0,0,0,-26000,0,0,0,0,26000,-26000,-26000
060351,滬深2X元富9A購01,0,0,0,0,0,0,0,0,0,-26000,0,0,0,8000,34000,-26000,-26000
059940,微星永豐99購01  ,0,0,0,0,0,0,0,0,0,-26000,0,0,0,0,26000,-26000,-26000
2423,固緯            ,21000,47000,-26000,0,0,0,0,0,0,0,0,0,0,0,0,0,-26000
2015,豐興            ,37000,63000,-26000,0,0,0,0,0,0,0,0,0,0,0,0,0,-26000
07009P,臺股指中信9B售01,0,0,0,0,0,0,0,0,0,-26000,0,0,0,4000,30000,-26000,-26000
1537,廣隆            ,3000,29000,-26000,0,0,0,0,0,0,0,0,0,0,0,0,0,-26000
1203,味王            ,1000,27000,-26000,0,0,0,0,0,0,0,0,0,0,0,0,0,-26000
07968P,國巨元大9B售09  ,0,0,0,0,0,0,0,0,0,-26000,0,0,0,0,26000,-26000,-26000
063398,信邦群益9B購02  ,0,0,0,0,0,0,0,0,0,-27000,0,0,0,0,27000,-27000,-27000
062910,亞光元大9B購01  ,0,0,0,0,0,0,0,0,0,-27000,0,0,0,53000,80000,-27000,-27000
063233,國巨元大9B購19  ,0,0,0,0,0,0,0,0,0,-27000,0,0,0,111000,138000,-27000,-27000
062236,信邦凱基9B購01  ,0,0,0,0,0,0,0,0,0,-27000,0,0,0,73000,100000,-27000,-27000
061577,泰碩元大9A購03  ,0,0,0,0,0,0,0,0,0,-27000,0,0,0,1000,28000,-27000,-27000
061628,緯穎群益9A購04  ,0,0,0,0,0,0,0,0,0,-27000,0,0,0,90000,117000,-27000,-27000
061867,旺宏元大9B購02  ,0,0,0,0,0,0,0,0,0,-27000,0,0,0,89000,116000,-27000,-27000
060872,高股息中信02購01,0,0,0,0,0,0,0,0,0,-27000,0,0,0,0,27000,-27000,-27000
053945,國巨富邦98購02  ,0,0,0,0,0,0,0,0,0,-27000,0,0,0,0,27000,-27000,-27000
053063,力山群益98購01  ,0,0,0,0,0,0,0,0,0,-27000,0,0,0,73000,100000,-27000,-27000
052696,玉晶光麥證97購01,0,0,0,1000,48000,-47000,0,0,0,-27000,0,0,0,22000,49000,-27000,-27000
056304,創意元大97購03  ,0,0,0,0,0,0,0,0,0,-27000,0,0,0,68000,95000,-27000,-27000
060057,欣興凱基9B購01  ,0,0,0,0,0,0,0,0,0,-27000,0,0,0,0,27000,-27000,-27000
058481,玉晶光凱基9A購04,0,0,0,0,0,0,0,0,0,-27000,0,0,0,0,27000,-27000,-27000
058077,超眾凱基98購02  ,0,0,0,0,0,0,0,0,0,-27000,0,0,0,46000,73000,-27000,-27000
060208,卜蜂康和9A購01  ,0,0,0,0,0,0,0,0,0,-27000,0,0,0,5000,32000,-27000,-27000
05757P,旺宏永豐96售03  ,0,0,0,0,0,0,0,0,0,-27000,0,0,0,1000,28000,-27000,-27000
057260,微星兆豐98購01  ,0,0,0,0,0,0,0,0,0,-27000,0,0,0,41000,68000,-27000,-27000
059671,滬深2X元富99購05,0,0,0,0,0,0,0,0,0,-27000,0,0,0,50000,77000,-27000,-27000
1220,台榮            ,0,27000,-27000,0,0,0,0,0,0,0,0,0,0,0,0,0,-27000
06883P,聯茂群益98售03  ,0,0,0,0,0,0,0,0,0,-27000,0,0,0,0,27000,-27000,-27000
06780P,義隆元大98售02  ,0,0,0,0,0,0,0,0,0,-27000,0,0,0,70000,97000,-27000,-27000
07341P,台積電凱基99售18,0,0,0,0,0,0,0,0,0,-27000,0,0,0,10000,37000,-27000,-27000
2431,聯昌            ,157000,182000,-25000,0,0,0,0,0,0,-2000,0,2000,-2000,0,0,0,-27000
2852,第一保          ,1000,28000,-27000,0,0,0,0,0,0,0,0,0,0,0,0,0,-27000
3050,鈺德            ,25000,63000,-38000,0,0,0,0,0,0,11000,11000,0,11000,0,0,0,-27000
6183,關貿            ,4000,31000,-27000,0,0,0,0,0,0,0,0,0,0,0,0,0,-27000
060909,金像電元大9B購01,0,0,0,0,0,0,0,0,0,-28000,0,0,0,31000,59000,-28000,-28000
061592,義隆永豐9A購03  ,0,0,0,0,0,0,0,0,0,-28000,0,0,0,21000,49000,-28000,-28000
062470,智邦凱基9C購01  ,0,0,0,0,0,0,0,0,0,-28000,0,0,0,5000,33000,-28000,-28000
063088,緯穎凱基9B購04  ,0,0,0,0,0,0,0,0,0,-28000,0,0,0,196000,224000,-28000,-28000
056330,玉晶光國票99購03,0,0,0,0,0,0,0,0,0,-28000,0,0,0,0,28000,-28000,-28000
055440,矽力國票98購01  ,0,0,0,0,0,0,0,0,0,-28000,0,0,0,8000,36000,-28000,-28000
054700,致新永豐97購01  ,0,0,0,0,0,0,0,0,0,-28000,0,0,0,0,28000,-28000,-28000
059153,臺股指國票99購16,0,0,0,0,0,0,0,0,0,-28000,0,0,0,6000,34000,-28000,-28000
058243,華擎元大99購01  ,0,0,0,0,0,0,0,0,0,-28000,0,0,0,246000,274000,-28000,-28000
057169,微星元大98購01  ,0,0,0,0,0,0,0,0,0,-28000,0,0,0,0,28000,-28000,-28000
057651,矽力元大98購03  ,0,0,0,0,0,0,0,0,0,-28000,0,0,0,37000,65000,-28000,-28000
060226,道瓊反元大9A購01,0,0,0,0,0,0,0,0,0,-28000,0,0,0,38000,66000,-28000,-28000
060103,聯詠元大99購01  ,0,0,0,0,0,0,0,0,0,-28000,0,0,0,51000,79000,-28000,-28000
060582,玉晶光群益9C購01,0,0,0,0,0,0,0,0,0,-28000,0,0,0,0,28000,-28000,-28000
059995,南亞科元富99購01,0,0,0,0,0,0,0,0,0,-28000,0,0,0,253000,281000,-28000,-28000
8131,福懋科          ,94000,115000,-21000,0,0,0,0,0,0,-7000,0,0,0,1000,8000,-7000,-28000
9905,大華            ,8000,36000,-28000,0,0,0,0,0,0,0,0,0,0,0,0,0,-28000
3266,昇陽            ,0,28000,-28000,0,0,0,0,0,0,0,0,0,0,0,0,0,-28000
2451,創見            ,72000,218000,-146000,0,0,0,150000,0,150000,-32000,0,0,0,12000,44000,-32000,-28000
2414,精技            ,8000,36000,-28000,0,0,0,0,0,0,0,0,0,0,0,0,0,-28000
2506,太設            ,0,28000,-28000,0,0,0,0,0,0,0,0,0,0,0,0,0,-28000
07098P,台積電元大99售18,0,0,0,0,0,0,0,0,0,-28000,0,0,0,0,28000,-28000,-28000
1474,弘裕            ,162000,183000,-21000,0,0,0,0,0,0,-7000,0,7000,-7000,0,0,0,-28000
08019P,緯穎國票9B售02  ,0,0,0,0,0,0,0,0,0,-28000,0,0,0,10000,38000,-28000,-28000
06296P,燿華元大98售01  ,0,0,0,0,0,0,0,0,0,-29000,0,0,0,0,29000,-29000,-29000
062248,國巨元大9B購08  ,0,0,0,0,0,0,0,0,0,-29000,0,0,0,0,29000,-29000,-29000
062779,台積電元大9B購03,0,0,0,0,0,0,0,0,0,-29000,0,0,0,20000,49000,-29000,-29000
061566,華通元大9A購10  ,0,0,0,0,0,0,0,0,0,-29000,0,0,0,66000,95000,-29000,-29000
06209P,旺宏統一97售07  ,0,0,0,0,0,0,0,0,0,-29000,0,0,0,0,29000,-29000,-29000
060907,金像電元大9A購02,0,0,0,0,0,0,0,0,0,-29000,0,0,0,47000,76000,-29000,-29000
061374,力山永豐9A購04  ,0,0,0,0,0,0,0,0,0,-29000,0,0,0,31000,60000,-29000,-29000
061431,鈺齊元大9A購01  ,0,0,0,0,0,0,0,0,0,-29000,0,0,0,94000,123000,-29000,-29000
054916,聯發科凱基98購04,0,0,0,0,0,0,0,0,0,-29000,0,0,0,61000,90000,-29000,-29000
052313,聯電元大98購01  ,0,0,0,0,0,0,0,0,0,-29000,0,0,0,27000,56000,-29000,-29000
054316,矽創凱基97購01  ,0,0,0,0,0,0,0,0,0,-29000,0,0,0,32000,61000,-29000,-29000
049842,道瓊反中信98購01,0,0,0,0,0,0,0,0,0,-29000,0,0,0,2000,31000,-29000,-29000
057505,健策麥證98購01  ,0,0,0,83000,112000,-29000,0,0,0,-29000,0,0,0,83000,112000,-29000,-29000
059821,美律凱基99購08  ,0,0,0,0,0,0,0,0,0,-29000,0,0,0,1000,30000,-29000,-29000
056978,技嘉群益99購01  ,0,0,0,0,0,0,0,0,0,-29000,0,0,0,0,29000,-29000,-29000
08060P,嘉澤元大9B售01  ,0,0,0,0,0,0,0,0,0,-29000,0,0,0,73000,102000,-29000,-29000
07925P,台積電凱基9B售05,0,0,0,0,0,0,0,0,0,-29000,0,0,0,5000,34000,-29000,-29000
06911P,鴻海元大99售09  ,0,0,0,0,0,0,0,0,0,-29000,0,0,0,56000,85000,-29000,-29000
06735P,奇力新凱基98售07,0,0,0,0,0,0,0,0,0,-29000,0,0,0,0,29000,-29000,-29000
2608,嘉里大榮        ,72000,101000,-29000,0,0,0,0,0,0,0,0,0,0,0,0,0,-29000
2516,新建            ,1000,30000,-29000,0,0,0,0,0,0,0,0,0,0,0,0,0,-29000
2427,三商電          ,16000,45000,-29000,0,0,0,0,0,0,0,0,0,0,0,0,0,-29000
2362,藍天            ,67000,96000,-29000,0,0,0,0,0,0,0,0,0,0,0,0,0,-29000
6605,帝寶            ,29000,58000,-29000,0,0,0,0,0,0,0,0,0,0,0,0,0,-29000
8926,台汽電          ,322000,343005,-21005,0,0,0,0,0,0,-8000,0,0,0,0,8000,-8000,-29005
06142P,台虹康和97售02  ,0,0,0,0,0,0,0,0,0,-30000,0,0,0,0,30000,-30000,-30000
061505,力成國票9A購03  ,0,0,0,0,0,0,0,0,0,-30000,0,0,0,80000,110000,-30000,-30000
061481,嘉澤元大9A購03  ,0,0,0,0,0,0,0,0,0,-30000,0,0,0,18000,48000,-30000,-30000
061054,台積電群益9A購04,0,0,0,0,0,0,0,0,0,-30000,0,0,0,23000,53000,-30000,-30000
062077,聯發科元大9B購04,0,0,0,0,0,0,0,0,0,-30000,0,0,0,7000,37000,-30000,-30000
06214P,國巨國票98售04  ,0,0,0,0,0,0,0,0,0,-30000,0,0,0,0,30000,-30000,-30000
061990,台勝科元大9C購01,0,0,0,0,0,0,0,0,0,-30000,0,0,0,35000,65000,-30000,-30000
061532,和大統一9C購02  ,0,0,0,0,0,0,0,0,0,-30000,0,0,0,193000,223000,-30000,-30000
061652,T50反1國票9C購01,0,0,0,0,0,0,0,0,0,-30000,0,0,0,0,30000,-30000,-30000
061681,南電元大9A購08  ,0,0,0,0,0,0,0,0,0,-30000,0,0,0,0,30000,-30000,-30000
061754,晶技麥證9B購01  ,0,0,0,18000,48000,-30000,0,0,0,-30000,0,0,0,18000,48000,-30000,-30000
062735,和大國票9B購01  ,0,0,0,0,0,0,0,0,0,-30000,0,0,0,0,30000,-30000,-30000
062856,世芯永豐9B購02  ,0,0,0,0,0,0,0,0,0,-30000,0,0,0,30000,60000,-30000,-30000
062675,台積電台新9B購06,0,0,0,0,0,0,0,0,0,-30000,0,0,0,0,30000,-30000,-30000
062325,鴻海統一9B購05  ,0,0,0,0,0,0,0,0,0,-30000,0,0,0,0,30000,-30000,-30000
06336P,鴻海元大98售05  ,0,0,0,0,0,0,0,0,0,-30000,0,0,0,0,30000,-30000,-30000
063446,台光電統一01購02,0,0,0,0,0,0,0,0,0,-30000,0,0,0,0,30000,-30000,-30000
053834,卜蜂永豐96購01  ,0,0,0,0,0,0,0,0,0,-30000,0,0,0,10000,40000,-30000,-30000
046881,智原富邦99購01  ,0,0,0,0,0,0,0,0,0,-30000,0,0,0,0,30000,-30000,-30000
051603,深中小群益99購03,0,0,0,0,0,0,0,0,0,-30000,0,0,0,0,30000,-30000,-30000
053110,大立光兆豐97購01,0,0,0,0,0,0,0,0,0,-30000,0,0,0,0,30000,-30000,-30000
053297,鎧勝中信98購01  ,0,0,0,0,0,0,0,0,0,-30000,0,0,0,0,30000,-30000,-30000
053780,南亞科元大96購03,0,0,0,0,0,0,0,0,0,-30000,0,0,0,0,30000,-30000,-30000
05362P,可成富邦97售02  ,0,0,0,0,0,0,0,0,0,-30000,0,0,0,0,30000,-30000,-30000
053432,世紀鋼永豐96購02,0,0,0,0,0,0,0,0,0,-30000,0,0,0,0,30000,-30000,-30000
052694,開發金中信98購01,0,0,0,0,0,0,0,0,0,-30000,0,0,0,0,30000,-30000,-30000
052838,新唐國泰98購01  ,0,0,0,0,0,0,0,0,0,-30000,0,0,0,200000,230000,-30000,-30000
055856,新唐元大97購03  ,0,0,0,0,0,0,0,0,0,-30000,0,0,0,0,30000,-30000,-30000
055885,大成鋼統一97購02,0,0,0,0,0,0,0,0,0,-30000,0,0,0,152000,182000,-30000,-30000
055635,緯穎永豐97購01  ,0,0,0,0,0,0,0,0,0,-30000,0,0,0,20000,50000,-30000,-30000
055626,力山永豐97購01  ,0,0,0,0,0,0,0,0,0,-30000,0,0,0,10000,40000,-30000,-30000
056128,和大中信99購01  ,0,0,0,0,0,0,0,0,0,-30000,0,0,0,0,30000,-30000,-30000
056049,奇力新國票98購01,0,0,0,0,0,0,0,0,0,-30000,0,0,0,0,30000,-30000,-30000
056182,台光電統一97購03,0,0,0,0,0,0,0,0,0,-30000,0,0,0,0,30000,-30000,-30000
056920,友達兆豐98購02  ,0,0,0,0,0,0,0,0,0,-30000,0,0,0,0,30000,-30000,-30000
056699,光罩國泰99購01  ,0,0,0,0,0,0,0,0,0,-30000,0,0,0,10000,40000,-30000,-30000
056717,康友永豐98購01  ,0,0,0,0,0,0,0,0,0,-30000,0,0,0,0,30000,-30000,-30000
056380,麗豐元富98購01  ,0,0,0,0,0,0,0,0,0,-30000,0,0,0,0,30000,-30000,-30000
055052,凱美永豐97購01  ,0,0,0,0,0,0,0,0,0,-30000,0,0,0,0,30000,-30000,-30000
055211,A50反1凱基9A購01,0,0,0,0,0,0,0,0,0,-30000,0,0,0,0,30000,-30000,-30000
058703,台積電元大99購16,0,0,0,0,0,0,0,0,0,-30000,0,0,0,0,30000,-30000,-30000
05895P,奇力新群益96售03,0,0,0,0,0,0,0,0,0,-30000,0,0,0,0,30000,-30000,-30000
057001,華邦電國票99購02,0,0,0,0,0,0,0,0,0,-30000,0,0,0,140000,170000,-30000,-30000
057002,友達國票98購01  ,0,0,0,0,0,0,0,0,0,-30000,0,0,0,0,30000,-30000,-30000
059068,台虹國票9A購01  ,0,0,0,0,0,0,0,0,0,-30000,0,0,0,0,30000,-30000,-30000
057241,超眾凱基99購02  ,0,0,0,0,0,0,0,0,0,-30000,0,0,0,0,30000,-30000,-30000
057987,大立光元富98購02,0,0,0,0,0,0,0,0,0,-30000,0,0,0,60000,90000,-30000,-30000
059863,和大凱基99購01  ,0,0,0,0,0,0,0,0,0,-30000,0,0,0,0,30000,-30000,-30000
057497,祥碩元大98購06  ,0,0,0,0,0,0,0,0,0,-30000,0,0,0,0,30000,-30000,-30000
057557,聯茂凱基99購04  ,0,0,0,0,0,0,0,0,0,-30000,0,0,0,0,30000,-30000,-30000
057667,可成元大99購01  ,0,0,0,0,0,0,0,0,0,-30000,0,0,0,30000,60000,-30000,-30000
057697,國巨群益98購09  ,0,0,0,0,0,0,0,0,0,-30000,0,0,0,0,30000,-30000,-30000
057028,台郡凱基99購02  ,0,0,0,0,0,0,0,0,0,-30000,0,0,0,0,30000,-30000,-30000
059032,元石油群益9C購03,0,0,0,0,0,0,0,0,0,-30000,0,0,0,0,30000,-30000,-30000
05926P,智易永豐96售02  ,0,0,0,0,0,0,0,0,0,-30000,0,0,0,0,30000,-30000,-30000
059598,欣興元大99購08  ,0,0,0,0,0,0,0,0,0,-30000,0,0,0,2000,32000,-30000,-30000
058590,南電中信9A購02  ,0,0,0,0,0,0,0,0,0,-30000,0,0,0,10000,40000,-30000,-30000
058576,南亞科群益99購01,0,0,0,0,0,0,0,0,0,-30000,0,0,0,0,30000,-30000,-30000
058524,超眾元大99購04  ,0,0,0,0,0,0,0,0,0,-30000,0,0,0,50000,80000,-30000,-30000
057332,旺宏國票99購03  ,0,0,0,0,0,0,0,0,0,-30000,0,0,0,0,30000,-30000,-30000
058148,百和元大99購01  ,0,0,0,0,0,0,0,0,0,-30000,0,0,0,60000,90000,-30000,-30000
060591,富邦金台新9A購01,0,0,0,0,0,0,0,0,0,-30000,0,0,0,0,30000,-30000,-30000
060612,世紀鋼凱基9A購01,0,0,0,0,0,0,0,0,0,-30000,0,0,0,157000,187000,-30000,-30000
06056P,台積電凱基98售02,0,0,0,0,0,0,0,0,0,-30000,0,0,0,0,30000,-30000,-30000
060730,台積電群益9A購03,0,0,0,0,0,0,0,0,0,-30000,0,0,0,0,30000,-30000,-30000
060121,新光金富邦99購01,0,0,0,0,0,0,0,0,0,-30000,0,0,0,20000,50000,-30000,-30000
060077,台積電台新9B購01,0,0,0,0,0,0,0,0,0,-30000,0,0,0,20000,50000,-30000,-30000
060258,T50反1凱基9A購06,0,0,0,0,0,0,0,0,0,-30000,0,0,0,50000,80000,-30000,-30000
060380,T50反1凱基9A購08,0,0,0,0,0,0,0,0,0,-30000,0,0,0,10000,40000,-30000,-30000
060451,中石化元大9C購02,0,0,0,0,0,0,0,0,0,-30000,0,0,0,16000,46000,-30000,-30000
2359,所羅門          ,78000,108000,-30000,0,0,0,0,0,0,0,0,0,0,0,0,0,-30000
2009,第一銅          ,14000,44000,-30000,0,0,0,0,0,0,0,0,0,0,0,0,0,-30000
2882A,國泰特          ,2000,5000,-3000,0,0,0,0,0,0,-27000,3000,30000,-27000,0,0,0,-30000
5533,皇鼎            ,0,30000,-30000,0,0,0,0,0,0,0,0,0,0,0,0,0,-30000
06692P,瑞昱凱基98售03  ,0,0,0,0,0,0,0,0,0,-30000,0,0,0,0,30000,-30000,-30000
06543P,鴻海元大98售08  ,0,0,0,0,0,0,0,0,0,-30000,0,0,0,114000,144000,-30000,-30000
06544P,鴻海元大98售09  ,0,0,0,0,0,0,0,0,0,-30000,0,0,0,0,30000,-30000,-30000
06586P,鴻海元大9C售01  ,0,0,0,0,0,0,0,0,0,-30000,0,0,0,0,30000,-30000,-30000
06843P,鴻海元大98售11  ,0,0,0,0,0,0,0,0,0,-30000,0,0,0,65000,95000,-30000,-30000
07149P,健鼎元大99售03  ,0,0,0,0,0,0,0,0,0,-30000,0,0,0,91000,121000,-30000,-30000
07425P,台灣50國票9A售10,0,0,0,0,0,0,0,0,0,-30000,0,0,0,0,30000,-30000,-30000
07940P,國巨群益9B售06  ,0,0,0,0,0,0,0,0,0,-30000,0,0,0,0,30000,-30000,-30000
07615P,華通中信02售02  ,0,0,0,0,0,0,0,0,0,-30000,0,0,0,0,30000,-30000,-30000
07643P,禾伸堂凱基9A售02,0,0,0,0,0,0,0,0,0,-30000,0,0,0,0,30000,-30000,-30000
07645P,華通元大9A售06  ,0,0,0,0,0,0,0,0,0,-30000,0,0,0,0,30000,-30000,-30000
07628P,臺股指凱基9A售09,0,0,0,0,0,0,0,0,0,-30000,0,0,0,0,30000,-30000,-30000
08085P,華通凱基9B售04  ,0,0,0,0,0,0,0,0,0,-30000,0,0,0,0,30000,-30000,-30000
1463,強盛            ,1000,31000,-30000,0,0,0,0,0,0,0,0,0,0,0,0,0,-30000
1603,華電            ,2000,32000,-30000,0,0,0,0,0,0,0,0,0,0,0,0,0,-30000
063306,聯茂凱基9C購01  ,0,0,0,0,0,0,0,0,0,-31000,0,0,0,10000,41000,-31000,-31000
063317,大立光群益9B購06,0,0,0,0,0,0,0,0,0,-31000,0,0,0,29000,60000,-31000,-31000
062765,祥碩凱基9B購04  ,0,0,0,0,0,0,0,0,0,-31000,0,0,0,51000,82000,-31000,-31000
061752,瑞昱台新9B購01  ,0,0,0,0,0,0,0,0,0,-31000,0,0,0,54000,85000,-31000,-31000
061658,聯茂富邦9A購03  ,0,0,0,0,0,0,0,0,0,-31000,0,0,0,329000,360000,-31000,-31000
06161P,聯發科群益97售03,0,0,0,0,0,0,0,0,0,-31000,0,0,0,43000,74000,-31000,-31000
060826,牧德元大9B購02  ,0,0,0,0,0,0,0,0,0,-31000,0,0,0,4000,35000,-31000,-31000
056634,為升兆豐99購01  ,0,0,0,0,0,0,0,0,0,-31000,0,0,0,0,31000,-31000,-31000
060342,台積電統一02購01,0,0,0,0,0,0,0,0,0,-31000,0,0,0,0,31000,-31000,-31000
060231,台積電元大9A購08,0,0,0,0,0,0,0,0,0,-31000,0,0,0,0,31000,-31000,-31000
060620,玉晶光元大9A購04,0,0,0,0,0,0,0,0,0,-31000,0,0,0,0,31000,-31000,-31000
058289,奇鋐國票9A購01  ,0,0,0,0,0,0,0,0,0,-31000,0,0,0,10000,41000,-31000,-31000
057775,南亞科群益98購02,0,0,0,0,0,0,0,0,0,-31000,0,0,0,6000,37000,-31000,-31000
059456,智易永豐99購01  ,0,0,0,0,0,0,0,0,0,-31000,0,0,0,25000,56000,-31000,-31000
1437,勤益控          ,13000,44000,-31000,0,0,0,0,0,0,0,0,0,0,0,0,0,-31000
07991P,鴻海群益9C售02  ,0,0,0,0,0,0,0,0,0,-31000,0,0,0,9000,40000,-31000,-31000
07389P,臺股指群益9C售08,0,0,0,0,0,0,0,0,0,-31000,0,0,0,0,31000,-31000,-31000
061184,大立光國泰9C購01,0,0,0,0,0,0,0,0,0,-32000,0,0,0,103000,135000,-32000,-32000
061546,大立光群益9A購05,0,0,0,0,0,0,0,0,0,-32000,0,0,0,1000,33000,-32000,-32000
061743,祥碩凱基9B購02  ,0,0,0,0,0,0,0,0,0,-32000,0,0,0,126000,158000,-32000,-32000
062702,可成元大9C購01  ,0,0,0,0,0,0,0,0,0,-32000,0,0,0,100000,132000,-32000,-32000
062634,玉晶光國票9B購03,0,0,0,0,0,0,0,0,0,-32000,0,0,0,9000,41000,-32000,-32000
062211,玉晶光台新9B購01,0,0,0,0,0,0,0,0,0,-32000,0,0,0,0,32000,-32000,-32000
062414,臻鼎中信01購01  ,0,0,0,0,0,0,0,0,0,-32000,0,0,0,60000,92000,-32000,-32000
056302,大立光元大97購17,0,0,0,0,0,0,0,0,0,-32000,0,0,0,5000,37000,-32000,-32000
054528,台光電統一96購02,0,0,0,0,0,0,0,0,0,-32000,0,0,0,3000,35000,-32000,-32000
053610,矽力中信98購01  ,0,0,0,0,0,0,0,0,0,-32000,0,0,0,18000,50000,-32000,-32000
020000,富邦特選蘋果N   ,0,0,0,0,0,0,0,0,0,-32000,0,0,0,1000,33000,-32000,-32000
053887,聯茂兆豐97購02  ,0,0,0,0,0,0,0,0,0,-32000,0,0,0,48000,80000,-32000,-32000
057016,中石化凱基9B購01,0,0,0,0,0,0,0,0,0,-32000,0,0,0,0,32000,-32000,-32000
057803,上銀元大98購08  ,0,0,0,0,0,0,0,0,0,-32000,0,0,0,23000,55000,-32000,-32000
059991,超眾元大9A購02  ,0,0,0,0,0,0,0,0,0,-32000,0,0,0,26000,58000,-32000,-32000
060363,美律元富9A購01  ,0,0,0,0,0,0,0,0,0,-32000,0,0,0,168000,200000,-32000,-32000
06621P,欣興元大98售06  ,0,0,0,0,0,0,0,0,0,-32000,0,0,0,10000,42000,-32000,-32000
08156P,大立光元富9B售05,0,0,0,0,0,0,0,0,0,-32000,0,0,0,7000,39000,-32000,-32000
1702,南僑            ,33000,65000,-32000,0,0,0,0,0,0,0,0,0,0,0,0,0,-32000
1472,三洋紡          ,16000,48000,-32000,0,0,0,0,0,0,0,0,0,0,0,0,0,-32000
07805P,義隆永豐9A售02  ,0,0,0,0,0,0,0,0,0,-32000,0,0,0,62000,94000,-32000,-32000
3356,奇偶            ,22000,54000,-32000,0,0,0,0,0,0,0,0,0,0,0,0,0,-32000
3419,譁裕            ,70000,102000,-32000,0,0,0,0,0,0,0,0,0,0,0,0,0,-32000
1903,士紙            ,13000,45000,-32000,0,0,0,0,0,0,0,0,0,0,0,0,0,-32000
061548,聯詠群益9A購02  ,0,0,0,0,0,0,0,0,0,-33000,0,0,0,0,33000,-33000,-33000
061987,大立光元大9B購03,0,0,0,0,0,0,0,0,0,-33000,0,0,0,0,33000,-33000,-33000
062107,台光電國票9B購01,0,0,0,0,0,0,0,0,0,-33000,0,0,0,35000,68000,-33000,-33000
053428,中磊永豐96購02  ,0,0,0,0,0,0,0,0,0,-33000,0,0,0,0,33000,-33000,-33000
058762,貿聯群益99購03  ,0,0,0,0,0,0,0,0,0,-33000,0,0,0,66000,99000,-33000,-33000
056141,聯茂元大97購05  ,0,0,0,0,0,0,0,0,0,-33000,0,0,0,73000,106000,-33000,-33000
055437,禾伸堂中信99購01,0,0,0,0,0,0,0,0,0,-33000,0,0,0,77000,110000,-33000,-33000
055381,茂林元大97購02  ,0,0,0,0,0,0,0,0,0,-33000,0,0,0,17000,50000,-33000,-33000
055557,華新科凱基97購01,0,0,0,0,0,0,0,0,0,-33000,0,0,0,0,33000,-33000,-33000
059297,大立光元富9C購01,0,0,0,0,0,0,0,0,0,-33000,0,0,0,28000,61000,-33000,-33000
1731,美吾華          ,28000,61000,-33000,0,0,0,0,0,0,0,0,0,0,0,0,0,-33000
2108,南帝            ,281000,314000,-33000,0,0,0,0,0,0,0,0,0,0,0,0,0,-33000
8482,商億-KY         ,3000,36000,-33000,0,0,0,0,0,0,0,0,0,0,0,0,0,-33000
08010P,大成鋼元大9B售01,0,0,0,0,0,0,0,0,0,-33000,0,0,0,22000,55000,-33000,-33000
08032P,台積電統一9B售16,0,0,0,0,0,0,0,0,0,-33000,0,0,0,0,33000,-33000,-33000
08062P,華擎國票9B售03  ,0,0,0,0,0,0,0,0,0,-33000,0,0,0,91000,124000,-33000,-33000
06616P,國巨元大98售15  ,0,0,0,0,0,0,0,0,0,-33000,0,0,0,0,33000,-33000,-33000
06949P,台表科元大99售01,0,0,0,0,0,0,0,0,0,-33000,0,0,0,175000,208000,-33000,-33000
061767,信邦元大9B購01  ,0,0,0,0,0,0,0,0,0,-34000,0,0,0,220000,254000,-34000,-34000
06169P,華新科元富97售02,0,0,0,0,0,0,0,0,0,-34000,0,0,0,6000,40000,-34000,-34000
060918,康友國泰9C購01  ,0,0,0,0,0,0,0,0,0,-34000,0,0,0,16000,50000,-34000,-34000
060953,富邦金群益9A購01,0,0,0,0,0,0,0,0,0,-34000,0,0,0,17000,51000,-34000,-34000
060998,華通兆豐9A購01  ,0,0,0,0,0,0,0,0,0,-34000,0,0,0,138000,172000,-34000,-34000
061025,創意富邦9B購01  ,0,0,0,0,0,0,0,0,0,-34000,0,0,0,128000,162000,-34000,-34000
062541,臻鼎國泰01購01  ,0,0,0,0,0,0,0,0,0,-34000,0,0,0,417000,451000,-34000,-34000
062637,智易國票9B購01  ,0,0,0,0,0,0,0,0,0,-34000,0,0,0,8000,42000,-34000,-34000
062606,聯電凱基9C購02  ,0,0,0,0,0,0,0,0,0,-34000,0,0,0,153000,187000,-34000,-34000
063437,聚陽統一01購01  ,0,0,0,0,0,0,0,0,0,-34000,0,0,0,0,34000,-34000,-34000
055779,國泰金凱基97購02,0,0,0,0,0,0,0,0,0,-34000,0,0,0,0,34000,-34000,-34000
056743,貿聯凱基98購04  ,0,0,0,0,0,0,0,0,0,-34000,0,0,0,34000,68000,-34000,-34000
058616,台虹元大9A購01  ,0,0,0,0,0,0,0,0,0,-34000,0,0,0,135000,169000,-34000,-34000
058933,FBVIX台新9B購01 ,0,0,0,0,0,0,0,0,0,-34000,0,0,0,0,34000,-34000,-34000
054785,建準群益98購01  ,0,0,0,0,0,0,0,0,0,-34000,0,0,0,15000,49000,-34000,-34000
047196,上銀統一97購01  ,0,0,0,0,0,0,0,0,0,-34000,0,0,0,71000,105000,-34000,-34000
03442B,臺股指元大9A熊48,0,0,0,0,0,0,0,0,0,-34000,0,0,0,132000,166000,-34000,-34000
060610,玉晶光凱基9B購02,0,0,0,0,0,0,0,0,0,-34000,0,0,0,18000,52000,-34000,-34000
058320,華新科永豐99購02,0,0,0,0,0,0,0,0,0,-34000,0,0,0,40000,74000,-34000,-34000
06893P,致新元富98售02  ,0,0,0,0,0,0,0,0,0,-34000,0,0,0,1000,35000,-34000,-34000
06845P,億光元大98售02  ,0,0,0,0,0,0,0,0,0,-34000,0,0,0,16000,50000,-34000,-34000
07294P,滬深2X元富9C售08,0,0,0,0,0,0,0,0,0,-34000,0,0,0,0,34000,-34000,-34000
07070P,晶相光元富99售01,0,0,0,0,0,0,0,0,0,-34000,0,0,0,0,34000,-34000,-34000
1540,喬福            ,3000,37000,-34000,0,0,0,0,0,0,0,0,0,0,0,0,0,-34000
5706,鳳凰            ,57000,91000,-34000,0,0,0,0,0,0,0,0,0,0,0,0,0,-34000
6224,聚鼎            ,20000,54000,-34000,0,0,0,0,0,0,0,0,0,0,0,0,0,-34000
1806,冠軍            ,9000,43000,-34000,0,0,0,0,0,0,0,0,0,0,0,0,0,-34000
2030,彰源            ,38000,72000,-34000,0,0,0,0,0,0,0,0,0,0,0,0,0,-34000
2397,友通            ,2000,36000,-34000,0,0,0,0,0,0,0,0,0,0,0,0,0,-34000
062604,東元凱基9B購01  ,0,0,0,0,0,0,0,0,0,-35000,0,0,0,35000,70000,-35000,-35000
061095,台積電台新9B購03,0,0,0,0,0,0,0,0,0,-35000,0,0,0,0,35000,-35000,-35000
060861,漢唐永豐9A購01  ,0,0,0,0,0,0,0,0,0,-35000,0,0,0,43000,78000,-35000,-35000
061841,晶技凱基9C購01  ,0,0,0,0,0,0,0,0,0,-35000,0,0,0,0,35000,-35000,-35000
054239,台郡群益96購02  ,0,0,0,0,0,0,0,0,0,-35000,0,0,0,15000,50000,-35000,-35000
049024,玉晶光群益97購01,0,0,0,0,0,0,0,0,0,-35000,0,0,0,0,35000,-35000,-35000
051268,創意富邦97購01  ,0,0,0,0,0,0,0,0,0,-35000,0,0,0,0,35000,-35000,-35000
056398,南茂永豐98購01  ,0,0,0,0,0,0,0,0,0,-35000,0,0,0,365000,400000,-35000,-35000
056025,嘉晶群益97購01  ,80000,0,80000,0,0,0,0,0,0,-115000,0,0,0,41000,156000,-115000,-35000
056203,興富發永豐97購01,0,0,0,0,0,0,0,0,0,-35000,0,0,0,0,35000,-35000,-35000
055763,鎧勝群益97購01  ,0,0,0,0,0,0,0,0,0,-35000,0,0,0,0,35000,-35000,-35000
06005P,晶豪科永豐96售04,0,0,0,0,0,0,0,0,0,-35000,0,0,0,13000,48000,-35000,-35000
060317,台灣50群益02購01,0,0,0,0,0,0,0,0,0,-35000,0,0,0,0,35000,-35000,-35000
056986,超眾群益98購03  ,0,0,0,0,0,0,0,0,0,-35000,0,0,0,6000,41000,-35000,-35000
056995,華新科日盛99購01,0,0,0,0,0,0,0,0,0,-35000,0,0,0,105000,140000,-35000,-35000
057716,神達統一98購01  ,0,0,0,0,0,0,0,0,0,-35000,0,0,0,15000,50000,-35000,-35000
059807,大立光元富99購09,0,0,0,0,0,0,0,0,0,-35000,0,0,0,83000,118000,-35000,-35000
059663,旭富元大9C購02  ,0,0,0,0,0,0,0,0,0,-35000,0,0,0,0,35000,-35000,-35000
059177,臺股指凱基99購28,0,0,0,0,0,0,0,0,0,-35000,0,0,0,8000,43000,-35000,-35000
057231,美律凱基98購05  ,0,0,0,0,0,0,0,0,0,-35000,0,0,0,15000,50000,-35000,-35000
2420,新巨            ,18000,53000,-35000,0,0,0,0,0,0,0,0,0,0,0,0,0,-35000
2495,普安            ,16000,51000,-35000,0,0,0,0,0,0,0,0,0,0,0,0,0,-35000
5285,界霖            ,10000,45000,-35000,0,0,0,0,0,0,0,0,0,0,0,0,0,-35000
4164,承業醫          ,15000,48000,-33000,0,0,0,0,0,0,-2000,2000,4000,-2000,0,0,0,-35000
4190,佐登-KY         ,9000,9000,0,0,0,0,0,0,0,-35000,0,34000,-34000,0,1000,-1000,-35000
1592,英瑞-KY         ,57000,89000,-32000,0,0,0,0,0,0,-3000,0,3000,-3000,0,0,0,-35000
08171P,嘉澤國票9C售01  ,0,0,0,0,0,0,0,0,0,-35000,0,0,0,1000,36000,-35000,-35000
07715P,台灣50群益9A售14,0,0,0,0,0,0,0,0,0,-35000,0,0,0,261000,296000,-35000,-35000
07235P,T50正2元大9C售02,0,0,0,0,0,0,0,0,0,-35000,0,0,0,0,35000,-35000,-35000
061574,大毅元大9B購01  ,0,0,0,0,0,0,0,0,0,-36000,0,0,0,12000,48000,-36000,-36000
060874,中鋼中信02購01  ,0,0,0,0,0,0,0,0,0,-36000,0,0,0,2000,38000,-36000,-36000
061124,微星永豐9A購02  ,0,0,0,0,0,0,0,0,0,-36000,0,0,0,85000,121000,-36000,-36000
062510,台積電國票01購01,0,0,0,0,0,0,0,0,0,-36000,0,0,0,0,36000,-36000,-36000
063397,廣達群益9B購02  ,0,0,0,0,0,0,0,0,0,-36000,0,0,0,0,36000,-36000,-36000
063012,技嘉元大9B購01  ,0,0,0,0,0,0,0,0,0,-36000,0,0,0,1000,37000,-36000,-36000
063101,華通群益9B購07  ,0,0,0,0,0,0,0,0,0,-36000,0,0,0,0,36000,-36000,-36000
057844,新日興永豐99購01,0,0,0,0,0,0,0,0,0,-36000,0,0,0,0,36000,-36000,-36000
052775,滬深2X國票99購02,0,0,0,0,0,0,0,0,0,-36000,0,0,0,0,36000,-36000,-36000
059056,技嘉凱基99購02  ,0,0,0,0,0,0,0,0,0,-36000,0,0,0,4000,40000,-36000,-36000
058033,景碩永豐98購02  ,0,0,0,0,0,0,0,0,0,-36000,0,0,0,0,36000,-36000,-36000
060158,廣達永豐9A購01  ,0,0,0,0,0,0,0,0,0,-36000,0,0,0,105000,141000,-36000,-36000
058096,南電元大98購04  ,0,0,0,0,0,0,0,0,0,-36000,0,0,0,14000,50000,-36000,-36000
07342P,大立光凱基99售14,0,0,0,0,0,0,0,0,0,-36000,0,0,0,15000,51000,-36000,-36000
06861P,台積電國票99售08,0,0,0,0,0,0,0,0,0,-36000,0,0,0,0,36000,-36000,-36000
1614,三洋電          ,6000,42000,-36000,0,0,0,0,0,0,0,0,0,0,0,0,0,-36000
1714,和桐            ,332000,368000,-36000,0,0,0,0,0,0,0,0,0,0,0,0,0,-36000
06356P,啟碁永豐97售01  ,0,0,0,0,0,0,0,0,0,-37000,0,0,0,0,37000,-37000,-37000
06411P,晶相光永豐97售03,0,0,0,0,0,0,0,0,0,-37000,0,0,0,0,37000,-37000,-37000
062477,聯詠國票9B購01  ,0,0,0,0,0,0,0,0,0,-37000,0,0,0,0,37000,-37000,-37000
062568,緯穎中信9C購01  ,0,0,0,0,0,0,0,0,0,-37000,0,0,0,20000,57000,-37000,-37000
053035,台表科兆豐97購01,0,0,0,0,0,0,0,0,0,-37000,0,0,0,10000,47000,-37000,-37000
058912,祥碩元大99購01  ,0,0,0,0,0,0,0,0,0,-37000,0,0,0,4000,41000,-37000,-37000
058961,台灣50兆豐9C購01,0,0,0,0,0,0,0,0,0,-37000,0,0,0,3000,40000,-37000,-37000
056463,台虹凱基98購02  ,0,0,0,0,0,0,0,0,0,-37000,0,0,0,457000,494000,-37000,-37000
055065,神達永豐97購01  ,0,0,0,0,0,0,0,0,0,-37000,0,0,0,0,37000,-37000,-37000
056716,康舒永豐98購01  ,0,0,0,0,0,0,0,0,0,-37000,0,0,0,0,37000,-37000,-37000
059924,世紀鋼元大99購06,0,0,0,0,0,0,0,0,0,-37000,0,0,0,240000,277000,-37000,-37000
058022,樺漢凱基99購02  ,0,0,0,0,0,0,0,0,0,-37000,0,0,0,0,37000,-37000,-37000
057527,億光元大98購01  ,0,0,0,0,0,0,0,0,0,-37000,0,0,0,77000,114000,-37000,-37000
059607,台積電富邦9C購04,0,0,0,0,0,0,0,0,0,-37000,0,0,0,15000,52000,-37000,-37000
057931,正崴群益98購02  ,0,0,0,0,0,0,0,0,0,-37000,0,0,0,162000,199000,-37000,-37000
058998,鴻海元大99購22  ,0,0,0,0,0,0,0,0,0,-37000,0,0,0,0,37000,-37000,-37000
6209,今國光          ,142000,179000,-37000,0,0,0,0,0,0,0,0,0,0,0,0,0,-37000
07835P,台表科群益9A售02,0,0,0,0,0,0,0,0,0,-37000,0,0,0,212000,249000,-37000,-37000
06995P,臺股指凱基99售16,0,0,0,0,0,0,0,0,0,-37000,0,0,0,0,37000,-37000,-37000
062573,大毅群益9B購03  ,0,0,0,0,0,0,0,0,0,-38000,0,0,0,51000,89000,-38000,-38000
062264,南六元大9B購02  ,0,0,0,0,0,0,0,0,0,-38000,0,0,0,30000,68000,-38000,-38000
063321,泰鼎群益9B購03  ,0,0,0,0,0,0,0,0,0,-38000,0,0,0,0,38000,-38000,-38000
063248,創意元大9C購01  ,0,0,0,0,0,0,0,0,0,-38000,0,0,0,6000,44000,-38000,-38000
061164,燿華兆豐9B購01  ,0,0,0,0,0,0,0,0,0,-38000,0,0,0,154000,192000,-38000,-38000
060823,旺宏元大9A購05  ,0,0,0,0,0,0,0,0,0,-38000,0,0,0,18000,56000,-38000,-38000
062045,崇越凱基9B購01  ,0,0,0,0,0,0,0,0,0,-38000,0,0,0,30000,68000,-38000,-38000
061975,華通元大9B購01  ,0,0,0,0,0,0,0,0,0,-38000,0,0,0,73000,111000,-38000,-38000
055909,大成鋼凱基98購02,0,0,0,0,0,0,0,0,0,-38000,0,0,0,2000,40000,-38000,-38000
056410,康控國票99購01  ,0,0,0,0,0,0,0,0,0,-38000,0,0,0,0,38000,-38000,-38000
05212P,台積電國票96售04,0,0,0,0,0,0,0,0,0,-38000,0,0,0,5000,43000,-38000,-38000
054695,世芯永豐98購01  ,0,0,0,0,0,0,0,0,0,-38000,0,0,0,7000,45000,-38000,-38000
054080,微星中信98購01  ,0,0,0,0,0,0,0,0,0,-38000,0,0,0,20000,58000,-38000,-38000
059100,元油2X統一9C購02,0,0,0,0,0,0,0,0,0,-38000,0,0,0,131000,169000,-38000,-38000
060065,大立光兆豐9B購01,0,0,0,0,0,0,0,0,0,-38000,0,0,0,1000,39000,-38000,-38000
058551,義隆永豐99購03  ,0,0,0,0,0,0,0,0,0,-38000,0,0,0,52000,90000,-38000,-38000
060621,玉晶光元大9A購05,0,0,0,0,0,0,0,0,0,-38000,0,0,0,4000,42000,-38000,-38000
060584,玉晶光元富9A購01,0,0,0,0,0,0,0,0,0,-38000,0,0,0,11000,49000,-38000,-38000
06714P,台積電元大98售15,0,0,0,0,0,0,0,0,0,-38000,0,0,0,10000,48000,-38000,-38000
1612,宏泰            ,0,38000,-38000,0,0,0,0,0,0,0,0,0,0,0,0,0,-38000
1231,聯華食          ,14000,52000,-38000,0,0,0,0,0,0,0,0,0,0,0,0,0,-38000
08155P,聯發科元富9B售05,0,0,0,0,0,0,0,0,0,-38000,0,0,0,0,38000,-38000,-38000
061092,可成統一9C購02  ,0,0,0,0,0,0,0,0,0,-39000,0,0,0,11000,50000,-39000,-39000
061081,宏碁兆豐9A購01  ,0,0,0,0,0,0,0,0,0,-39000,0,0,0,89000,128000,-39000,-39000
061190,力山永豐9A購02  ,0,0,0,0,0,0,0,0,0,-39000,0,0,0,20000,59000,-39000,-39000
063112,祥碩兆豐9B購01  ,0,0,0,0,0,0,0,0,0,-39000,0,0,0,0,39000,-39000,-39000
054229,超眾元富96購05  ,0,0,0,0,0,0,0,0,0,-39000,0,0,0,171000,210000,-39000,-39000
053158,茂林元大96購01  ,0,0,0,0,0,0,0,0,0,-39000,0,0,0,12000,51000,-39000,-39000
057826,祥碩元大98購08  ,0,0,0,0,0,0,0,0,0,-39000,0,0,0,32000,71000,-39000,-39000
058750,緯穎凱基9A購03  ,0,0,0,0,0,0,0,0,0,-39000,0,0,0,1000,40000,-39000,-39000
056555,矽創凱基98購01  ,0,0,0,0,0,0,0,0,0,-39000,0,0,0,0,39000,-39000,-39000
056021,興富發群益97購01,0,0,0,0,0,0,0,0,0,-39000,0,0,0,53000,92000,-39000,-39000
059958,鎧勝康和99購01  ,0,0,0,0,0,0,0,0,0,-39000,0,0,0,1000,40000,-39000,-39000
059112,上銀永豐99購01  ,0,0,0,0,0,0,0,0,0,-39000,0,0,0,90000,129000,-39000,-39000
05911P,南亞科永豐96售03,0,0,0,0,0,0,0,0,0,-39000,0,0,0,5000,44000,-39000,-39000
058240,景碩元大99購04  ,0,0,0,0,0,0,0,0,0,-39000,0,0,0,50000,89000,-39000,-39000
057094,祥碩元富98購01  ,0,0,0,0,0,0,0,0,0,-39000,0,0,0,0,39000,-39000,-39000
057804,為升元大98購01  ,0,0,0,0,0,0,0,0,0,-39000,0,0,0,170000,209000,-39000,-39000
06980P,緯穎永豐99售02  ,0,0,0,0,0,0,0,0,0,-39000,0,0,0,1000,40000,-39000,-39000
06982P,義隆凱基99售02  ,0,0,0,0,0,0,0,0,0,-39000,0,0,0,70000,109000,-39000,-39000
2062,橋椿            ,18000,57000,-39000,0,0,0,0,0,0,0,0,0,0,0,0,0,-39000
4763,材料-KY         ,13000,52000,-39000,0,0,0,0,0,0,0,1000,1000,0,0,0,0,-39000
062914,嘉澤元大9B購02  ,0,0,0,0,0,0,0,0,0,-40000,0,0,0,2000,42000,-40000,-40000
063495,台光電富邦9C購01,0,0,0,0,0,0,0,0,0,-40000,0,0,0,0,40000,-40000,-40000
062221,奇力新統一01購01,0,0,0,0,0,0,0,0,0,-40000,0,0,0,0,40000,-40000,-40000
062556,瑞昱凱基9B購02  ,0,0,0,0,0,0,0,0,0,-40000,0,0,0,40000,80000,-40000,-40000
061002,瑞昱兆豐9B購01  ,0,0,0,0,0,0,0,0,0,-40000,0,0,0,13000,53000,-40000,-40000
060824,旺宏元大9A購06  ,0,0,0,0,0,0,0,0,0,-40000,0,0,0,35000,75000,-40000,-40000
061945,華通群益9B購04  ,0,0,0,0,0,0,0,0,0,-40000,0,0,0,50000,90000,-40000,-40000
062048,義隆台新9B購01  ,0,0,0,0,0,0,0,0,0,-40000,0,0,0,20000,60000,-40000,-40000
062096,神隆永豐9B購01  ,0,0,0,0,0,0,0,0,0,-40000,0,0,0,110000,150000,-40000,-40000
06177P,玉晶光元大98售07,0,0,0,0,0,0,0,0,0,-40000,0,0,0,1000,41000,-40000,-40000
057862,智邦凱基99購01  ,0,0,0,0,0,0,0,0,0,-40000,0,0,0,8000,48000,-40000,-40000
056444,南亞科凱基99購01,0,0,0,0,0,0,0,0,0,-40000,0,0,0,10000,50000,-40000,-40000
054975,福懋科元大97購01,0,0,0,0,0,0,0,0,0,-40000,0,0,0,20000,60000,-40000,-40000
054161,友訊凱基98購01  ,0,0,0,0,0,0,0,0,0,-40000,0,0,0,0,40000,-40000,-40000
053494,南亞科兆豐96購02,0,0,0,0,0,0,0,0,0,-40000,0,0,0,100000,140000,-40000,-40000
053569,漢唐統一98購01  ,0,0,0,0,0,0,0,0,0,-40000,0,0,0,10000,50000,-40000,-40000
054697,凌華永豐97購01  ,0,0,0,0,0,0,0,0,0,-40000,0,0,0,0,40000,-40000,-40000
055970,聯茂元大97購04  ,0,0,0,0,0,0,0,0,0,-40000,0,0,0,9000,49000,-40000,-40000
052836,旺宏國泰98購01  ,0,0,0,0,0,0,0,0,0,-40000,0,0,0,0,40000,-40000,-40000
047990,臺指反元大96購02,0,0,0,0,0,0,0,0,0,-40000,0,0,0,10000,50000,-40000,-40000
054317,昇陽半凱基98購01,0,0,0,0,0,0,0,0,0,-40000,0,0,0,0,40000,-40000,-40000
035276,南亞科台新97購01,0,0,0,0,0,0,0,0,0,-40000,0,0,0,0,40000,-40000,-40000
00663L,國泰臺灣加權正2 ,2000,20000,-18000,0,0,0,0,0,0,-22000,0,0,0,162000,184000,-22000,-40000
057788,嘉聯益國票99購01,0,0,0,0,0,0,0,0,0,-40000,0,0,0,0,40000,-40000,-40000
057785,智邦國票99購02  ,0,0,0,0,0,0,0,0,0,-40000,0,0,0,0,40000,-40000,-40000
059844,大立光富邦9C購04,0,0,0,0,0,0,0,0,0,-40000,0,0,0,10000,50000,-40000,-40000
058685,TPK凱基99購01   ,0,0,0,0,0,0,0,0,0,-40000,0,0,0,52000,92000,-40000,-40000
059743,開發金元富99購01,0,0,0,0,0,0,0,0,0,-40000,0,0,0,20000,60000,-40000,-40000
060025,台積電富邦9C購06,0,0,0,0,0,0,0,0,0,-40000,0,0,0,0,40000,-40000,-40000
058390,樺漢國票9A購01  ,0,0,0,0,0,0,0,0,0,-40000,0,0,0,0,40000,-40000,-40000
058308,全新元大9B購01  ,0,0,0,0,0,0,0,0,0,-40000,0,0,0,0,40000,-40000,-40000
057472,T50正2元大9B購03,0,0,0,0,0,0,0,0,0,-40000,0,0,0,0,40000,-40000,-40000
060611,同欣電凱基9A購02,0,0,0,0,0,0,0,0,0,-40000,0,0,0,53000,93000,-40000,-40000
060540,南亞凱基9A購01  ,0,0,0,0,0,0,0,0,0,-40000,0,0,0,30000,70000,-40000,-40000
060745,京元電國票9A購01,0,0,0,0,0,0,0,0,0,-40000,0,0,0,0,40000,-40000,-40000
8429,金麗-KY         ,12000,52000,-40000,0,0,0,0,0,0,0,0,0,0,0,0,0,-40000
06648P,華邦電元大98售03,0,0,0,0,0,0,0,0,0,-40000,0,0,0,5000,45000,-40000,-40000
06558P,旺宏元富98售02  ,0,0,0,0,0,0,0,0,0,-40000,0,0,0,0,40000,-40000,-40000
07058P,台積電凱基9A售07,0,0,0,0,0,0,0,0,0,-40000,0,0,0,20000,60000,-40000,-40000
07059P,華通國票9A售02  ,0,0,0,0,0,0,0,0,0,-40000,0,0,0,0,40000,-40000,-40000
07117P,SGBR2X凱基9C售01,0,0,0,0,0,0,0,0,0,-40000,0,0,0,0,40000,-40000,-40000
08064P,上証2X凱基9C售02,0,0,0,0,0,0,0,0,0,-40000,0,0,0,0,40000,-40000,-40000
07801P,上銀永豐9A售02  ,0,0,0,0,0,0,0,0,0,-40000,0,0,0,0,40000,-40000,-40000
07793P,同欣電元大9A售02,0,0,0,0,0,0,0,0,0,-40000,0,0,0,110000,150000,-40000,-40000
07919P,創意永豐9B售01  ,0,0,0,0,0,0,0,0,0,-40000,0,0,0,0,40000,-40000,-40000
07913P,友達元大01售01  ,0,0,0,0,0,0,0,0,0,-40000,0,0,0,34000,74000,-40000,-40000
07945P,上銀國票9B售02  ,0,0,0,0,0,0,0,0,0,-40000,0,0,0,20000,60000,-40000,-40000
07672P,南電元大9A售05  ,0,0,0,0,0,0,0,0,0,-40000,0,0,0,30000,70000,-40000,-40000
062670,瑞昱中信03購01  ,0,0,0,0,0,0,0,0,0,-41000,0,0,0,31000,72000,-41000,-41000
062355,華通元大9B購03  ,0,0,0,0,0,0,0,0,0,-41000,0,0,0,45000,86000,-41000,-41000
063378,茂林永豐9B購02  ,0,0,0,0,0,0,0,0,0,-41000,0,0,0,44000,85000,-41000,-41000
054526,道瓊反統一98購01,0,0,0,0,0,0,0,0,0,-41000,0,0,0,0,41000,-41000,-41000
057860,金寶凱基98購01  ,0,0,0,0,0,0,0,0,0,-41000,0,0,0,82000,123000,-41000,-41000
058617,南電元大99購01  ,0,0,0,0,0,0,0,0,0,-41000,0,0,0,0,41000,-41000,-41000
056151,建準凱基97購01  ,0,0,0,0,0,0,0,0,0,-41000,0,0,0,10000,51000,-41000,-41000
060479,億豐元大9A購01  ,0,0,0,0,0,0,0,0,0,-41000,0,0,0,0,41000,-41000,-41000
060586,玉晶光元富9A購03,0,0,0,0,0,0,0,0,0,-41000,0,0,0,0,41000,-41000,-41000
057401,晶豪科群益99購01,0,0,0,0,0,0,0,0,0,-41000,0,0,0,0,41000,-41000,-41000
058632,世紀鋼國票9A購01,0,0,0,0,0,0,0,0,0,-41000,0,0,0,7000,48000,-41000,-41000
057948,嘉聯益國票99購02,0,0,0,0,0,0,0,0,0,-41000,0,0,0,19000,60000,-41000,-41000
059004,嘉晶元大99購05  ,0,0,0,0,0,0,0,0,0,-41000,0,0,0,109000,150000,-41000,-41000
057498,台郡元大98購04  ,0,0,0,0,0,0,0,0,0,-41000,0,0,0,27000,68000,-41000,-41000
056967,奇鋐永豐98購01  ,0,0,0,0,0,0,0,0,0,-41000,0,0,0,10000,51000,-41000,-41000
07845P,南亞科元大9A售08,0,0,0,0,0,0,0,0,0,-41000,0,0,0,55000,96000,-41000,-41000
1451,年興            ,5000,46000,-41000,0,0,0,0,0,0,0,0,0,0,0,0,0,-41000
06705P,臻鼎元富98售03  ,0,0,0,0,0,0,0,0,0,-41000,0,0,0,112000,153000,-41000,-41000
2816,旺旺保          ,7000,48000,-41000,0,0,0,0,0,0,0,0,0,0,0,0,0,-41000
2415,錩新            ,5000,46000,-41000,0,0,0,0,0,0,0,0,0,0,0,0,0,-41000
063393,華通群益9C購05  ,0,0,0,0,0,0,0,0,0,-42000,0,0,0,0,42000,-42000,-42000
063539,世紀鋼統一9B購02,0,0,0,0,0,0,0,0,0,-42000,0,0,0,0,42000,-42000,-42000
063252,緯穎元大9B購07  ,0,0,0,0,0,0,0,0,0,-42000,0,0,0,0,42000,-42000,-42000
063257,牧德國泰01購01  ,0,0,0,0,0,0,0,0,0,-42000,0,0,0,0,42000,-42000,-42000
06155P,智邦統一97售02  ,0,0,0,0,0,0,0,0,0,-42000,0,0,0,0,42000,-42000,-42000
061620,禾伸堂群益9A購02,0,0,0,0,0,0,0,0,0,-42000,0,0,0,0,42000,-42000,-42000
060905,台積電元大9A購20,0,0,0,0,0,0,0,0,0,-42000,0,0,0,0,42000,-42000,-42000
061030,喬山永豐9A購01  ,0,0,0,0,0,0,0,0,0,-42000,0,0,0,58000,100000,-42000,-42000
061233,國巨元大9A購17  ,0,0,0,0,0,0,0,0,0,-42000,0,0,0,0,42000,-42000,-42000
055620,樺漢國票98購01  ,0,0,0,0,0,0,0,0,0,-42000,0,0,0,22000,64000,-42000,-42000
056423,奇鋐統一98購01  ,0,0,0,0,0,0,0,0,0,-42000,0,0,0,49000,91000,-42000,-42000
054755,世紀鋼凱基98購01,0,0,0,0,0,0,0,0,0,-42000,0,0,0,183000,225000,-42000,-42000
053431,志超永豐96購01  ,0,0,0,0,0,0,0,0,0,-42000,0,0,0,0,42000,-42000,-42000
057995,華新科中信98購02,0,0,0,0,0,0,0,0,0,-42000,0,0,0,0,42000,-42000,-42000
057312,美律麥證98購01  ,0,0,0,0,42000,-42000,0,0,0,-42000,0,0,0,0,42000,-42000,-42000
059296,大立光元富99購06,0,0,0,0,0,0,0,0,0,-42000,0,0,0,8000,50000,-42000,-42000
058997,鴻海元大99購21  ,0,0,0,0,0,0,0,0,0,-42000,0,0,0,1000,43000,-42000,-42000
059049,元油2X凱基9A購12,0,0,0,0,0,0,0,0,0,-42000,0,0,0,0,42000,-42000,-42000
060734,華通統一9C購01  ,0,0,0,0,0,0,0,0,0,-42000,0,0,0,103000,145000,-42000,-42000
060073,台積電元富99購03,0,0,0,0,0,0,0,0,0,-42000,0,0,0,12000,54000,-42000,-42000
060333,金寶康和9A購01  ,0,0,0,0,0,0,0,0,0,-42000,0,0,0,0,42000,-42000,-42000
2430,燦坤            ,17000,59000,-42000,0,0,0,0,0,0,0,0,0,0,0,0,0,-42000
2227,裕日車          ,1000,58000,-57000,0,0,0,0,0,0,15000,15000,0,15000,0,0,0,-42000
5907,大洋-KY         ,22000,64000,-42000,0,0,0,0,0,0,0,0,0,0,0,0,0,-42000
07080P,健策群益9A售01  ,0,0,0,0,0,0,0,0,0,-42000,0,0,0,183000,225000,-42000,-42000
060865,創意永豐9A購01  ,0,0,0,0,0,0,0,0,0,-43000,0,0,0,177000,220000,-43000,-43000
061582,麗豐元大9A購01  ,0,0,0,0,0,0,0,0,0,-43000,0,0,0,127000,170000,-43000,-43000
061871,瑞昱元大9B購01  ,0,0,0,0,0,0,0,0,0,-43000,0,0,0,64000,107000,-43000,-43000
06376P,上銀統一99售01  ,0,64000,-64000,0,0,0,0,0,0,21000,0,0,0,71000,50000,21000,-43000
062784,世芯元大9B購01  ,0,0,0,0,0,0,0,0,0,-43000,0,0,0,68000,111000,-43000,-43000
062864,臺股指國票9B購21,0,0,0,0,0,0,0,0,0,-43000,0,0,0,3000,46000,-43000,-43000
052561,矽創國票97購01  ,0,0,0,0,0,0,0,0,0,-43000,0,0,0,103000,146000,-43000,-43000
054211,奇鋐國票97購03  ,0,0,0,0,0,0,0,0,0,-43000,0,0,0,312000,355000,-43000,-43000
056430,鴻海凱基98購06  ,0,0,0,0,0,0,0,0,0,-43000,0,0,0,0,43000,-43000,-43000
056486,樺漢元大98購04  ,0,0,0,0,0,0,0,0,0,-43000,0,0,0,10000,53000,-43000,-43000
058895,鴻海元大99購20  ,0,0,0,0,0,0,0,0,0,-43000,0,0,0,0,43000,-43000,-43000
056068,欣興元大97購05  ,0,0,0,0,0,0,0,0,0,-43000,0,0,0,1000,44000,-43000,-43000
056755,聯茂兆豐98購01  ,0,0,0,0,0,0,0,0,0,-43000,0,0,0,35000,78000,-43000,-43000
060241,國泰金元大9A購01,0,0,0,0,0,0,0,0,0,-43000,0,0,0,0,43000,-43000,-43000
058422,百和麥證99購01  ,0,0,0,97000,140000,-43000,0,0,0,-43000,0,0,0,97000,140000,-43000,-43000
057191,祥碩元大98購05  ,0,0,0,0,0,0,0,0,0,-43000,0,0,0,0,43000,-43000,-43000
058051,同欣電元大98購03,0,0,0,0,0,0,0,0,0,-43000,0,0,0,25000,68000,-43000,-43000
07276P,臺股指群益99售19,0,0,0,0,0,0,0,0,0,-43000,0,0,0,4000,47000,-43000,-43000
06551P,貿聯元大98售05  ,0,0,0,0,0,0,0,0,0,-43000,0,0,0,35000,78000,-43000,-43000
1454,台富            ,0,43000,-43000,0,0,0,0,0,0,0,0,0,0,0,0,0,-43000
08075P,聯電群益9C售01  ,0,0,0,0,0,0,0,0,0,-43000,0,0,0,100000,143000,-43000,-43000
2612,中航            ,14000,57000,-43000,0,0,0,0,0,0,0,0,0,0,0,0,0,-43000
3149,正達            ,16000,59000,-43000,0,0,0,0,0,0,0,0,0,0,0,0,0,-43000
9939,宏全            ,191000,231637,-40637,0,0,0,0,0,0,-3000,0,36000,-36000,33000,0,33000,-43637
062654,技嘉永豐9B購01  ,0,0,0,0,0,0,0,0,0,-44000,0,0,0,0,44000,-44000,-44000
062647,南電國泰9C購02  ,0,0,0,0,0,0,0,0,0,-44000,0,0,0,101000,145000,-44000,-44000
063464,廣達元大9B購02  ,0,0,0,0,0,0,0,0,0,-44000,0,0,0,0,44000,-44000,-44000
063089,巨大凱基9C購01  ,0,0,0,0,0,0,0,0,0,-44000,0,0,0,32000,76000,-44000,-44000
062071,華通元大9B購02  ,0,0,0,0,0,0,0,0,0,-44000,0,0,0,25000,69000,-44000,-44000
061200,道瓊反元大9A購06,0,0,0,0,0,0,0,0,0,-44000,0,0,0,1000,45000,-44000,-44000
061324,華新科凱基9C購01,0,0,0,0,0,0,0,0,0,-44000,0,0,0,180000,224000,-44000,-44000
056651,聯茂凱基98購04  ,0,0,0,0,0,0,0,0,0,-44000,0,0,0,0,44000,-44000,-44000
058783,臺股指國票99購02,0,0,0,0,0,0,0,0,0,-44000,0,0,0,38000,82000,-44000,-44000
047212,宏達電富邦97購01,0,0,0,0,0,0,0,0,0,-44000,0,0,0,0,44000,-44000,-44000
054795,合勤控群益98購01,0,0,0,0,0,0,0,0,0,-44000,0,0,0,298000,342000,-44000,-44000
059083,華通元大99購07  ,0,0,0,0,0,0,0,0,0,-44000,0,0,0,6000,50000,-44000,-44000
058517,景碩元大99購06  ,0,0,0,0,0,0,0,0,0,-44000,0,0,0,0,44000,-44000,-44000
060425,凌華永豐9A購01  ,0,0,0,0,0,0,0,0,0,-44000,0,0,0,237000,281000,-44000,-44000
060766,世芯元大9A購02  ,0,0,0,0,0,0,0,0,0,-44000,0,0,0,17000,61000,-44000,-44000
060505,友達元大9C購05  ,0,0,0,0,0,0,0,0,0,-44000,0,0,0,66000,110000,-44000,-44000
6558,興能高          ,99000,143000,-44000,0,0,0,0,0,0,0,0,0,0,0,0,0,-44000
3047,訊舟            ,120000,164000,-44000,0,0,0,0,0,0,0,0,0,0,0,0,0,-44000
3048,益登            ,62000,110000,-48000,0,0,0,0,0,0,4000,4000,0,4000,0,0,0,-44000
2459,敦吉            ,2000,46000,-44000,0,0,0,0,0,0,0,0,0,0,0,0,0,-44000
08115P,聯發科凱基9B售13,0,0,0,0,0,0,0,0,0,-44000,0,0,0,0,44000,-44000,-44000
07762P,聯發科永豐9A售03,0,0,0,0,0,0,0,0,0,-44000,0,0,0,0,44000,-44000,-44000
06954P,大立光元富99售01,0,0,0,0,0,0,0,0,0,-44000,0,0,0,53000,97000,-44000,-44000
07045P,上銀國票9A售01  ,0,0,0,0,0,0,0,0,0,-44000,0,0,0,0,44000,-44000,-44000
063028,巨大元大9B購02  ,0,0,0,0,0,0,0,0,0,-45000,0,0,0,32000,77000,-45000,-45000
062671,國泰金中信03購01,0,0,0,0,0,0,0,0,0,-45000,0,0,0,0,45000,-45000,-45000
062249,台積電元大9B購01,0,0,0,0,0,0,0,0,0,-45000,0,0,0,0,45000,-45000,-45000
062384,聯詠國泰9C購01  ,0,0,0,0,0,0,0,0,0,-45000,0,0,0,2000,47000,-45000,-45000
054446,美食兆豐97購01  ,0,0,0,0,0,0,0,0,0,-45000,0,0,0,65000,110000,-45000,-45000
054578,世芯元大99購01  ,0,0,0,0,0,0,0,0,0,-45000,0,0,0,0,45000,-45000,-45000
054357,可成兆豐97購02  ,0,0,0,0,0,0,0,0,0,-45000,0,0,0,35000,80000,-45000,-45000
00690,兆豐藍籌30      ,0,0,0,0,0,0,0,0,0,-45000,0,0,0,160000,205000,-45000,-45000
058700,鴻海元大99購15  ,0,0,0,0,0,0,0,0,0,-45000,0,0,0,55000,100000,-45000,-45000
058751,南茂凱基9A購01  ,0,0,0,0,0,0,0,0,0,-45000,0,0,0,0,45000,-45000,-45000
05644P,大立光中信9A售03,0,0,0,0,0,0,0,0,0,-45000,0,0,0,68000,113000,-45000,-45000
056394,晶豪科永豐98購01,0,0,0,0,0,0,0,0,0,-45000,0,0,0,0,45000,-45000,-45000
060287,燿華元大9A購01  ,0,0,0,0,0,0,0,0,0,-45000,0,0,0,0,45000,-45000,-45000
057385,光罩永豐99購01  ,0,0,0,0,0,0,0,0,0,-45000,0,0,0,5000,50000,-45000,-45000
058070,華新科凱基98購07,0,0,0,0,0,0,0,0,0,-45000,0,0,0,0,45000,-45000,-45000
05983P,聯詠國票96售02  ,0,0,0,0,0,0,0,0,0,-45000,0,0,0,0,45000,-45000,-45000
07258P,台灣50台新9A售01,0,0,0,0,0,0,0,0,0,-45000,0,0,0,10000,55000,-45000,-45000
06652P,長榮航元大98售01,0,0,0,0,0,0,0,0,0,-45000,0,0,0,0,45000,-45000,-45000
07714P,世紀鋼元大9A售03,0,0,0,0,0,0,0,0,0,-45000,0,0,0,0,45000,-45000,-45000
07863P,華新科凱基9B售07,0,0,0,0,0,0,0,0,0,-45000,0,0,0,0,45000,-45000,-45000
08177P,金像電元大9B售02,0,0,0,0,0,0,0,0,0,-45000,0,0,0,6000,51000,-45000,-45000
2038,海光            ,5000,50000,-45000,0,0,0,0,0,0,0,0,0,0,0,0,0,-45000
3032,偉訓            ,5000,50000,-45000,0,0,0,0,0,0,0,0,0,0,0,0,0,-45000
8454,富邦媒          ,85021,91000,-5979,0,0,0,0,30000,-30000,-10000,1000,11000,-10000,0,0,0,-45979
062922,南六元大9B購03  ,0,0,0,0,0,0,0,0,0,-46000,0,0,0,22000,68000,-46000,-46000
062939,奇力新凱基9B購02,0,0,0,0,0,0,0,0,0,-46000,0,0,0,10000,56000,-46000,-46000
06465P,國巨統一98售04  ,0,0,0,0,0,0,0,0,0,-46000,0,0,0,487000,533000,-46000,-46000
060930,超眾永豐9A購03  ,0,0,0,0,0,0,0,0,0,-46000,0,0,0,10000,56000,-46000,-46000
062050,亞德客統一9C購01,0,0,0,0,0,0,0,0,0,-46000,0,0,0,211000,257000,-46000,-46000
055114,新日興凱基98購01,0,0,0,0,0,0,0,0,0,-46000,0,0,0,47000,93000,-46000,-46000
057875,京鼎元大98購03  ,0,0,0,0,0,0,0,0,0,-46000,0,0,0,57000,103000,-46000,-46000
057748,華通國票98購04  ,0,0,0,0,0,0,0,0,0,-46000,0,0,0,111000,157000,-46000,-46000
058099,鴻海國泰9A購02  ,0,0,0,0,0,0,0,0,0,-46000,0,0,0,0,46000,-46000,-46000
9925,新保            ,2000,48000,-46000,0,0,0,0,0,0,0,0,0,0,0,0,0,-46000
2731,雄獅            ,111000,155000,-44000,0,0,0,0,0,0,-2000,0,2000,-2000,0,0,0,-46000
2850,新產            ,11000,101000,-90000,0,0,0,0,0,0,44000,44000,0,44000,0,0,0,-46000
4566,時碩工業        ,22000,68000,-46000,0,0,0,0,0,0,0,0,0,0,0,0,0,-46000
5258,虹堡            ,3000,49000,-46000,0,0,0,0,0,0,0,0,0,0,0,0,0,-46000
3702A,大聯大甲特      ,0,0,0,0,0,0,0,0,0,-46000,0,46000,-46000,0,0,0,-46000
2239,英利-KY         ,11000,49000,-38000,0,0,0,0,0,0,-8000,0,8000,-8000,0,0,0,-46000
2413,環科            ,3000,49000,-46000,0,0,0,0,0,0,0,0,0,0,0,0,0,-46000
07967P,力山元大9B售03  ,0,0,0,0,0,0,0,0,0,-46000,0,0,0,10000,56000,-46000,-46000
07891P,臺股指國票9B售01,0,0,0,0,0,0,0,0,0,-46000,0,0,0,15000,61000,-46000,-46000
07933P,大立光富邦9C售06,0,0,0,0,0,0,0,0,0,-46000,0,0,0,10000,56000,-46000,-46000
07555P,玉晶光元大9A售07,0,0,0,0,0,0,0,0,0,-46000,0,0,0,0,46000,-46000,-46000
07192P,聯發科元大99售23,0,0,0,0,0,0,0,0,0,-46000,0,0,0,14000,60000,-46000,-46000
07026P,超眾凱基99售03  ,0,0,0,0,0,0,0,0,0,-46000,0,0,0,51000,97000,-46000,-46000
062380,巨大元大9B購01  ,0,0,0,0,0,0,0,0,0,-47000,0,0,0,0,47000,-47000,-47000
062418,台積電統一01購06,0,0,0,0,0,0,0,0,0,-47000,0,0,0,0,47000,-47000,-47000
062620,台表科元大9B購04,0,0,0,0,0,0,0,0,0,-47000,0,0,0,1000,48000,-47000,-47000
056088,台郡統一97購02  ,0,0,0,0,0,0,0,0,0,-47000,0,0,0,1000,48000,-47000,-47000
055584,國巨元大97購11  ,0,0,0,0,0,0,0,0,0,-47000,0,0,0,0,47000,-47000,-47000
054330,世芯永豐96購02  ,0,0,0,0,0,0,0,0,0,-47000,0,0,0,33000,80000,-47000,-47000
053400,緯穎中信9A購01  ,0,0,0,0,0,0,0,0,0,-47000,0,0,0,21000,68000,-47000,-47000
058192,訊芯永豐99購01  ,0,0,0,0,0,0,0,0,0,-47000,0,0,0,0,47000,-47000,-47000
060477,和潤元大9A購01  ,0,0,0,0,0,0,0,0,0,-47000,0,0,0,23000,70000,-47000,-47000
060654,大毅群益9B購01  ,0,0,0,0,0,0,0,0,0,-47000,0,0,0,10000,57000,-47000,-47000
057073,康控永豐98購01  ,0,0,0,0,0,0,0,0,0,-47000,0,0,0,0,47000,-47000,-47000
1503,士電            ,40000,87000,-47000,0,0,0,0,0,0,0,0,0,0,0,0,0,-47000
2355,敬鵬            ,192000,271000,-79000,0,0,0,0,0,0,32000,8000,0,8000,24000,0,24000,-47000
062641,瀚宇博國票9B購01,0,0,0,0,0,0,0,0,0,-48000,0,0,0,36000,84000,-48000,-48000
062807,和碩統一9B購01  ,0,0,0,0,0,0,0,0,0,-48000,0,0,0,0,48000,-48000,-48000
063131,聯茂元大9B購03  ,0,0,0,0,0,0,0,0,0,-48000,0,0,0,115000,163000,-48000,-48000
061535,群創統一9C購01  ,0,0,0,0,0,0,0,0,0,-48000,0,0,0,71000,119000,-48000,-48000
060993,健策元大9B購03  ,0,0,0,0,0,0,0,0,0,-48000,0,0,0,34000,82000,-48000,-48000
061121,智邦永豐9A購02  ,0,0,0,0,0,0,0,0,0,-48000,0,0,0,69000,117000,-48000,-48000
061144,玉晶光中信9B購02,0,0,0,0,0,0,0,0,0,-48000,0,0,0,0,48000,-48000,-48000
061186,牧德國泰9C購01  ,0,0,0,0,0,0,0,0,0,-48000,0,0,0,53000,101000,-48000,-48000
061475,漢唐元大9A購01  ,0,0,0,0,0,0,0,0,0,-48000,0,0,0,2000,50000,-48000,-48000
053092,台表科元大97購02,0,0,0,0,0,0,0,0,0,-48000,0,0,0,32000,80000,-48000,-48000
054880,華泰統一97購01  ,0,0,0,0,0,0,0,0,0,-48000,0,0,0,0,48000,-48000,-48000
053875,GIS元大97購01   ,0,0,0,0,0,0,0,0,0,-48000,0,0,0,0,48000,-48000,-48000
054213,欣興國票97購04  ,0,0,0,0,0,0,0,0,0,-48000,0,0,0,0,48000,-48000,-48000
056713,華擎永豐98購01  ,0,0,0,0,0,0,0,0,0,-48000,0,0,0,5000,53000,-48000,-48000
055338,GIS兆豐97購01   ,0,0,0,0,0,0,0,0,0,-48000,0,0,0,143000,191000,-48000,-48000
058693,旭富國票9A購01  ,0,0,0,0,0,0,0,0,0,-48000,0,0,0,5000,53000,-48000,-48000
058972,新日興永豐9A購01,0,0,0,0,0,0,0,0,0,-48000,0,0,0,17000,65000,-48000,-48000
056358,友訊元大99購01  ,0,0,0,0,0,0,0,0,0,-48000,0,0,0,0,48000,-48000,-48000
057945,京鼎國票99購03  ,0,0,0,0,0,0,0,0,0,-48000,0,0,0,11000,59000,-48000,-48000
059209,華通元大99購08  ,0,0,0,0,0,0,0,0,0,-48000,0,0,0,2000,50000,-48000,-48000
059424,SGBR2X元大9A購01,0,0,0,0,0,0,0,0,0,-48000,0,0,0,126000,174000,-48000,-48000
060736,旺宏統一01購01  ,0,0,0,0,0,0,0,0,0,-48000,0,0,0,10000,58000,-48000,-48000
060430,和潤永豐9A購01  ,0,0,0,0,0,0,0,0,0,-48000,0,0,0,12000,60000,-48000,-48000
05830P,滬深2X元富99售03,0,0,0,0,0,0,0,0,0,-48000,0,0,0,1000,49000,-48000,-48000
058374,玉晶光凱基9A購03,0,0,0,0,0,0,0,0,0,-48000,0,0,0,0,48000,-48000,-48000
2514,龍邦            ,11000,59000,-48000,0,0,0,0,0,0,0,0,0,0,0,0,0,-48000
2701,萬企            ,4000,54000,-50000,0,0,0,0,0,0,2000,2000,0,2000,0,0,0,-48000
061908,台積電中信05購01,0,0,0,0,0,0,0,0,0,-49000,0,0,0,8000,57000,-49000,-49000
062768,南電凱基9B購04  ,0,0,0,0,0,0,0,0,0,-49000,0,0,0,0,49000,-49000,-49000
062878,宏達電兆豐9B購01,0,0,0,0,0,0,0,0,0,-49000,0,0,0,36000,85000,-49000,-49000
056462,訊芯凱基98購03  ,0,0,0,0,0,0,0,0,0,-49000,0,0,0,0,49000,-49000,-49000
047417,台塑富邦97購01  ,0,0,0,0,0,0,0,0,0,-49000,0,0,0,0,49000,-49000,-49000
054941,凱美元大97購01  ,0,0,0,0,0,0,0,0,0,-49000,0,0,0,1000,50000,-49000,-49000
052764,景碩群益98購01  ,0,0,0,0,0,0,0,0,0,-49000,0,0,0,89000,138000,-49000,-49000
060338,鴻海統一9C購02  ,0,0,0,0,0,0,0,0,0,-49000,0,0,0,0,49000,-49000,-49000
060229,楠梓電元大9C購01,0,0,0,0,0,0,0,0,0,-49000,0,0,0,1000,50000,-49000,-49000
060514,南電元大9A購02  ,0,0,0,0,0,0,0,0,0,-49000,0,0,0,58000,107000,-49000,-49000
3669,圓展            ,158000,206000,-48000,0,0,0,0,0,0,-1000,0,1000,-1000,0,0,0,-49000
2476,鉅祥            ,2000,51000,-49000,0,0,0,0,0,0,0,0,0,0,0,0,0,-49000
9911,櫻花            ,13000,63000,-50000,0,0,0,0,0,0,1000,1000,0,1000,0,0,0,-49000
6672,騰輝電子-KY     ,70000,119000,-49000,0,0,0,0,0,0,0,0,0,0,0,0,0,-49000
1419,新紡            ,3000,52000,-49000,0,0,0,0,0,0,0,0,0,0,0,0,0,-49000
07729P,臺股指凱基9A售21,0,0,0,0,0,0,0,0,0,-49000,0,0,0,41000,90000,-49000,-49000
07932P,國巨元大9B售04  ,0,0,0,0,0,0,0,0,0,-49000,0,0,0,1000,50000,-49000,-49000
06534P,聯發科群益98售04,0,0,0,0,0,0,0,0,0,-49000,0,0,0,12000,61000,-49000,-49000
06514P,國巨凱基98售05  ,0,0,0,0,0,0,0,0,0,-49000,0,0,0,14000,63000,-49000,-49000
06286P,世芯國票97售02  ,0,0,0,0,0,0,0,0,0,-50000,0,0,0,30000,80000,-50000,-50000
062602,華通麥證9C購01  ,0,0,0,0,50000,-50000,0,0,0,-50000,0,0,0,0,50000,-50000,-50000
062603,台化凱基9B購01  ,0,0,0,0,0,0,0,0,0,-50000,0,0,0,0,50000,-50000,-50000
063120,台光電元大9C購01,0,0,0,0,0,0,0,0,0,-50000,0,0,0,16000,66000,-50000,-50000
063174,臺股指中信01購04,0,0,0,0,0,0,0,0,0,-50000,0,0,0,0,50000,-50000,-50000
062917,旭富元大9C購03  ,0,0,0,0,0,0,0,0,0,-50000,0,0,0,50000,100000,-50000,-50000
063360,茂林國泰9C購02  ,0,0,0,0,0,0,0,0,0,-50000,0,0,0,157000,207000,-50000,-50000
06208P,台郡凱基97售03  ,0,0,0,0,0,0,0,0,0,-50000,0,0,0,0,50000,-50000,-50000
061057,華新科國票9A購04,0,0,0,0,0,0,0,0,0,-50000,0,0,0,0,50000,-50000,-50000
053749,揚明光永豐97購01,0,0,0,0,0,0,0,0,0,-50000,0,0,0,0,50000,-50000,-50000
053583,漢唐元大96購03  ,0,0,0,0,0,0,0,0,0,-50000,0,0,0,50000,100000,-50000,-50000
053122,美律凱基98購01  ,0,0,0,0,0,0,0,0,0,-50000,0,0,0,0,50000,-50000,-50000
054160,華泰凱基98購01  ,0,0,0,0,0,0,0,0,0,-50000,0,0,0,0,50000,-50000,-50000
052238,智易國票96購01  ,0,0,0,0,0,0,0,0,0,-50000,0,0,0,0,50000,-50000,-50000
054919,興富發凱基97購01,0,0,0,0,0,0,0,0,0,-50000,0,0,0,0,50000,-50000,-50000
054608,致茂永豐97購01  ,0,0,0,0,0,0,0,0,0,-50000,0,0,0,0,50000,-50000,-50000
03432B,臺股指凱基98熊13,0,0,0,0,0,0,0,0,0,-50000,0,0,0,0,50000,-50000,-50000
054385,矽創群益98購01  ,0,0,0,0,0,0,0,0,0,-50000,0,0,0,0,50000,-50000,-50000
041990,A50正2國票97購01,0,0,0,0,0,0,0,0,0,-50000,0,0,0,0,50000,-50000,-50000
054989,精元元富97購01  ,0,0,0,0,0,0,0,0,0,-50000,0,0,0,20000,70000,-50000,-50000
058889,元油2X元大9C購05,0,0,0,0,0,0,0,0,0,-50000,0,0,0,0,50000,-50000,-50000
058894,元油2X元大9C購11,0,0,0,0,0,0,0,0,0,-50000,0,0,0,0,50000,-50000,-50000
055357,欣興凱基97購04  ,0,0,0,0,0,0,0,0,0,-50000,0,0,0,0,50000,-50000,-50000
056644,宏達電凱基98購04,0,0,0,0,0,0,0,0,0,-50000,0,0,0,9000,59000,-50000,-50000
056129,義隆麥證97購01  ,0,0,0,0,50000,-50000,0,0,0,-50000,0,0,0,0,50000,-50000,-50000
055912,宏達電凱基98購03,0,0,0,0,0,0,0,0,0,-50000,0,0,0,8000,58000,-50000,-50000
055623,貿聯國泰99購01  ,0,0,0,0,0,0,0,0,0,-50000,0,0,0,0,50000,-50000,-50000
055687,瀚宇博凱基97購01,0,0,0,0,0,0,0,0,0,-50000,0,0,0,10000,60000,-50000,-50000
060552,群創凱基9B購05  ,0,0,0,0,0,0,0,0,0,-50000,0,0,0,0,50000,-50000,-50000
060747,聯鈞國票9A購02  ,0,0,0,0,0,0,0,0,0,-50000,0,0,0,10000,60000,-50000,-50000
060680,玉晶光元大9C購03,0,0,0,0,0,0,0,0,0,-50000,0,0,0,17000,67000,-50000,-50000
060220,華新科凱基9A購08,0,0,0,0,0,0,0,0,0,-50000,0,0,0,0,50000,-50000,-50000
060101,大立光元大99購31,0,0,0,0,0,0,0,0,0,-50000,0,0,0,0,50000,-50000,-50000
060099,宏達電元大99購09,0,0,0,0,0,0,0,0,0,-50000,0,0,0,35000,85000,-50000,-50000
060298,鎧勝元大9C購01  ,15000,0,15000,0,0,0,0,0,0,-65000,0,0,0,0,65000,-65000,-50000
060462,鴻海元大9A購10  ,0,0,0,0,0,0,0,0,0,-50000,0,0,0,0,50000,-50000,-50000
058170,國巨凱基9A購06  ,0,0,0,0,0,0,0,0,0,-50000,0,0,0,0,50000,-50000,-50000
058137,玉晶光元大99購11,0,0,0,0,0,0,0,0,0,-50000,0,0,0,10000,60000,-50000,-50000
059908,元金2X元大99購01,0,0,0,0,0,0,0,0,0,-50000,0,0,0,10000,60000,-50000,-50000
059914,台積電元大99購47,0,0,0,0,0,0,0,0,0,-50000,0,0,0,0,50000,-50000,-50000
057458,TPK富邦9A購01   ,0,0,0,0,0,0,0,0,0,-50000,0,0,0,0,50000,-50000,-50000
059443,嘉聯益元大9B購01,0,0,0,0,0,0,0,0,0,-50000,0,0,0,4000,54000,-50000,-50000
058047,可成元大98購11  ,0,0,0,0,0,0,0,0,0,-50000,0,0,0,10000,60000,-50000,-50000
059031,元石油中信03購01,0,0,0,0,0,0,0,0,0,-50000,0,0,0,0,50000,-50000,-50000
059742,富邦金元富99購01,0,0,0,0,0,0,0,0,0,-50000,0,0,0,10000,60000,-50000,-50000
059729,群創元大9C購05  ,0,0,0,0,0,0,0,0,0,-50000,0,0,0,70000,120000,-50000,-50000
06729P,聯詠元大98售03  ,0,0,0,0,0,0,0,0,0,-50000,0,0,0,0,50000,-50000,-50000
06929P,鴻海元大99售11  ,0,0,0,0,0,0,0,0,0,-50000,0,0,0,0,50000,-50000,-50000
06834P,訊芯群益99售02  ,0,0,0,0,0,0,0,0,0,-50000,0,0,0,0,50000,-50000,-50000
07031P,台灣50中信03售02,0,0,0,0,0,0,0,0,0,-50000,0,0,0,0,50000,-50000,-50000
07225P,台積電元大99售33,0,0,0,0,0,0,0,0,0,-50000,0,0,0,100000,150000,-50000,-50000
07347P,上証2X凱基99售02,0,0,0,0,0,0,0,0,0,-50000,0,0,0,0,50000,-50000,-50000
07446P,台灣50元大9A售06,0,0,0,0,0,0,0,0,0,-50000,0,0,0,0,50000,-50000,-50000
07496P,鴻海元大9A售05  ,0,0,0,0,0,0,0,0,0,-50000,0,0,0,0,50000,-50000,-50000
07713P,台郡元大9A售03  ,0,0,0,0,0,0,0,0,0,-50000,0,0,0,0,50000,-50000,-50000
1234,黑松            ,0,50000,-50000,0,0,0,0,0,0,0,0,0,0,0,0,0,-50000
08161P,台表科元富9B售02,0,0,0,0,0,0,0,0,0,-50000,0,0,0,219000,269000,-50000,-50000
2109,華豐            ,3000,53000,-50000,0,0,0,0,0,0,0,0,0,0,0,0,0,-50000
3454,晶睿            ,19000,69000,-50000,0,0,0,0,0,0,0,0,0,0,0,0,0,-50000
061145,臻鼎中信9A購02  ,0,0,0,0,0,0,0,0,0,-51000,0,0,0,90000,141000,-51000,-51000
06139P,台積電中信99售02,0,0,0,0,0,0,0,0,0,-51000,0,0,0,60000,111000,-51000,-51000
061333,華通元大9A購08  ,0,0,0,0,0,0,0,0,0,-51000,0,0,0,38000,89000,-51000,-51000
061584,勤誠元大9A購01  ,0,0,0,0,0,0,0,0,0,-51000,0,0,0,22000,73000,-51000,-51000
063391,南電兆豐9C購01  ,0,0,0,0,0,0,0,0,0,-51000,0,0,0,0,51000,-51000,-51000
062844,T50反1國泰9C購01,0,0,0,0,0,0,0,0,0,-51000,0,0,0,0,51000,-51000,-51000
055380,智易元大98購02  ,0,0,0,0,0,0,0,0,0,-51000,0,0,0,27000,78000,-51000,-51000
056897,南亞科元大98購02,0,0,0,0,0,0,0,0,0,-51000,0,0,0,0,51000,-51000,-51000
00680L,元大美債20正2   ,19000,0,19000,0,0,0,0,0,0,-70000,0,0,0,0,70000,-70000,-51000
059675,大立光元富99購08,0,0,0,0,0,0,0,0,0,-51000,0,0,0,7000,58000,-51000,-51000
058007,南電群益98購02  ,0,0,0,0,0,0,0,0,0,-51000,0,0,0,30000,81000,-51000,-51000
058305,華邦電元大99購02,0,0,0,0,0,0,0,0,0,-51000,0,0,0,18000,69000,-51000,-51000
058413,義隆兆豐99購01  ,0,0,0,0,0,0,0,0,0,-51000,0,0,0,207000,258000,-51000,-51000
060116,世紀鋼元大99購07,0,0,0,0,0,0,0,0,0,-51000,0,0,0,0,51000,-51000,-51000
4144,康聯-KY         ,16000,64000,-48000,0,0,0,0,0,0,-3000,0,3000,-3000,0,0,0,-51000
1737,臺鹽            ,1000,56000,-55000,0,0,0,0,0,0,4000,4000,0,4000,0,0,0,-51000
2488,漢平            ,7000,58000,-51000,0,0,0,0,0,0,0,0,0,0,0,0,0,-51000
08037P,台表科群益9B售02,0,0,0,0,0,0,0,0,0,-51000,0,0,0,61000,112000,-51000,-51000
07884P,華新科凱基9B售08,0,0,0,0,0,0,0,0,0,-51000,0,0,0,0,51000,-51000,-51000
06246P,茂林元富97售03  ,0,0,0,0,0,0,0,0,0,-52000,0,0,0,275000,327000,-52000,-52000
06232P,智易永豐97售01  ,0,0,0,0,0,0,0,0,0,-52000,0,0,0,0,52000,-52000,-52000
063491,國巨富邦02購02  ,0,0,0,0,0,0,0,0,0,-52000,0,0,0,0,52000,-52000,-52000
061646,力成元大9A購02  ,0,0,0,0,0,0,0,0,0,-52000,0,0,0,75000,127000,-52000,-52000
062086,瑞祺元大9B購01  ,0,0,0,0,0,0,0,0,0,-52000,0,0,0,216000,268000,-52000,-52000
06212P,華新科元大97售11,0,0,0,0,0,0,0,0,0,-52000,0,0,0,0,52000,-52000,-52000
061985,富邦金元大9B購01,0,0,0,0,0,0,0,0,0,-52000,0,0,0,16000,68000,-52000,-52000
061470,鈺齊群益9A購02  ,0,0,0,0,0,0,0,0,0,-52000,0,0,0,111000,163000,-52000,-52000
03425B,臺股指元大9A熊01,0,0,0,0,0,0,0,0,0,-52000,0,0,0,0,52000,-52000,-52000
056776,聯茂元大99購01  ,0,0,0,0,0,0,0,0,0,-52000,0,0,0,11000,63000,-52000,-52000
056324,南亞科兆豐98購01,0,0,0,0,0,0,0,0,0,-52000,0,0,0,10000,62000,-52000,-52000
055153,台光電元大98購02,0,0,0,0,0,0,0,0,0,-52000,0,0,0,3000,55000,-52000,-52000
08139P,華新科元大9B售12,0,0,0,0,0,0,0,0,0,-52000,0,0,0,0,52000,-52000,-52000
08127P,聯發科元大9B售21,0,0,0,0,0,0,0,0,0,-52000,0,0,0,0,52000,-52000,-52000
07114P,旺宏兆豐9A售01  ,0,0,0,0,0,0,0,0,0,-52000,0,0,0,0,52000,-52000,-52000
061337,台積電元大9A購27,0,0,0,0,0,0,0,0,0,-53000,0,0,0,0,53000,-53000,-53000
063562,國巨元大9C購06  ,0,0,0,0,0,0,0,0,0,-53000,0,0,0,0,53000,-53000,-53000
055365,華通元大97購03  ,0,0,0,0,0,0,0,0,0,-53000,0,0,0,31000,84000,-53000,-53000
055816,新日興國票98購01,0,0,0,0,0,0,0,0,0,-53000,0,0,0,0,53000,-53000,-53000
052885,高鐵兆豐98購01  ,14000,0,14000,0,0,0,0,0,0,-67000,0,0,0,17000,84000,-67000,-53000
060400,南電國票9A購03  ,0,0,0,0,0,0,0,0,0,-53000,0,0,0,18000,71000,-53000,-53000
059866,國巨凱基99購18  ,0,0,0,0,0,0,0,0,0,-53000,0,0,0,2000,55000,-53000,-53000
056963,建準永豐98購01  ,0,0,0,0,0,0,0,0,0,-53000,0,0,0,39000,92000,-53000,-53000
06584P,欣興凱基98售03  ,0,0,0,0,0,0,0,0,0,-53000,0,0,0,58000,111000,-53000,-53000
07874P,長榮航群益9B售01,0,0,0,0,0,0,0,0,0,-53000,0,0,0,0,53000,-53000,-53000
2832,台產            ,15000,68000,-53000,0,0,0,0,0,0,0,0,0,0,0,0,0,-53000
6155,鈞寶            ,42000,97000,-55000,0,0,0,0,0,0,2000,2000,0,2000,0,0,0,-53000
063497,東元永豐9B購01  ,0,0,0,0,0,0,0,0,0,-54000,0,0,0,0,54000,-54000,-54000
063447,聯發科統一9B購12,0,0,0,0,0,0,0,0,0,-54000,0,0,0,0,54000,-54000,-54000
063350,台表科統一02購02,0,0,0,0,0,0,0,0,0,-54000,0,0,0,0,54000,-54000,-54000
062377,力成元大9B購01  ,0,0,0,0,0,0,0,0,0,-54000,0,0,0,113000,167000,-54000,-54000
062388,旭富國泰01購01  ,0,0,0,0,0,0,0,0,0,-54000,0,0,0,38000,92000,-54000,-54000
062688,華擎統一01購03  ,0,0,0,0,0,0,0,0,0,-54000,0,0,0,0,54000,-54000,-54000
06168P,台表科國票97售06,0,0,0,0,0,0,0,0,0,-54000,0,0,0,172000,226000,-54000,-54000
054148,矽創元大96購03  ,0,0,0,0,0,0,0,0,0,-54000,0,0,0,135000,189000,-54000,-54000
053411,深中小國票9B購01,0,0,0,0,0,0,0,0,0,-54000,0,0,0,0,54000,-54000,-54000
056552,台表科凱基99購01,0,0,0,0,0,0,0,0,0,-54000,0,0,0,0,54000,-54000,-54000
055923,矽力凱基98購01  ,0,0,0,0,0,0,0,0,0,-54000,0,0,0,100000,154000,-54000,-54000
056747,致新凱基99購01  ,0,0,0,0,0,0,0,0,0,-54000,0,0,0,22000,76000,-54000,-54000
056940,嘉聯益元富98購01,0,0,0,0,0,0,0,0,0,-54000,0,0,0,20000,74000,-54000,-54000
058208,百和凱基99購01  ,0,0,0,0,0,0,0,0,0,-54000,0,0,0,16000,70000,-54000,-54000
060189,宏達電元富9B購03,0,0,0,0,0,0,0,0,0,-54000,0,0,0,31000,85000,-54000,-54000
6525,捷敏-KY         ,7000,61000,-54000,0,0,0,0,0,0,0,0,0,0,0,0,0,-54000
9946,三發地產        ,5000,59000,-54000,0,0,0,0,0,0,0,0,0,0,0,0,0,-54000
2706,第一店          ,41000,95000,-54000,0,0,0,0,0,0,0,0,0,0,0,0,0,-54000
2546,根基            ,20000,74000,-54000,0,0,0,0,0,0,0,0,0,0,0,0,0,-54000
08159P,日月光元富9B售01,0,0,0,0,0,0,0,0,0,-54000,0,0,0,32000,86000,-54000,-54000
08170P,緯穎群益9B售03  ,0,0,0,0,0,0,0,0,0,-54000,0,0,0,0,54000,-54000,-54000
06734P,智邦凱基98售05  ,0,0,0,0,0,0,0,0,0,-54000,0,0,0,148000,202000,-54000,-54000
061763,聯電元大9C購02  ,0,0,0,0,0,0,0,0,0,-55000,0,0,0,52000,107000,-55000,-55000
06185P,台表科元大97售05,0,0,0,0,0,0,0,0,0,-55000,0,0,0,214000,269000,-55000,-55000
061606,景碩凱基9A購02  ,0,0,0,0,0,0,0,0,0,-55000,0,0,0,0,55000,-55000,-55000
062143,大成鋼國票9B購01,0,0,0,0,0,0,0,0,0,-55000,0,0,0,231000,286000,-55000,-55000
061479,泰碩元大9A購02  ,0,0,0,0,0,0,0,0,0,-55000,0,0,0,15000,70000,-55000,-55000
061111,台表科元大9A購02,0,0,0,0,0,0,0,0,0,-55000,0,0,0,4000,59000,-55000,-55000
062650,南電富邦01購01  ,0,0,0,0,0,0,0,0,0,-55000,0,0,0,5000,60000,-55000,-55000
063323,同欣電群益9B購03,0,0,0,0,0,0,0,0,0,-55000,0,0,0,40000,95000,-55000,-55000
063400,華擎群益9B購03  ,0,0,0,0,0,0,0,0,0,-55000,0,0,0,5000,60000,-55000,-55000
063117,聯茂麥證9B購01  ,0,0,0,0,55000,-55000,0,0,0,-55000,0,0,0,0,55000,-55000,-55000
056020,義隆群益97購01  ,0,0,0,0,0,0,0,0,0,-55000,0,0,0,77000,132000,-55000,-55000
056588,聯發科統一9A購02,0,0,0,0,0,0,0,0,0,-55000,0,0,0,0,55000,-55000,-55000
055617,TPK國票98購04   ,0,0,0,0,0,0,0,0,0,-55000,0,0,0,36000,91000,-55000,-55000
053254,群創國泰98購02  ,0,0,0,0,0,0,0,0,0,-55000,0,0,0,0,55000,-55000,-55000
00708L,元大S&P黃金正2  ,165000,0,165000,0,0,0,0,0,0,-220000,0,0,0,2349000,2569000,-220000,-55000
060412,儒鴻永豐9A購01  ,0,0,0,0,0,0,0,0,0,-55000,0,0,0,178000,233000,-55000,-55000
060599,國巨凱基9C購01  ,0,0,0,0,0,0,0,0,0,-55000,0,0,0,27000,82000,-55000,-55000
060571,京元電永豐9A購01,0,0,0,0,0,0,0,0,0,-55000,0,0,0,112000,167000,-55000,-55000
058078,景碩國票99購01  ,0,0,0,0,0,0,0,0,0,-55000,0,0,0,38000,93000,-55000,-55000
058572,百和凱基9A購01  ,0,0,0,0,0,0,0,0,0,-55000,0,0,0,15000,70000,-55000,-55000
059086,國巨元大99購18  ,0,0,0,0,0,0,0,0,0,-55000,0,0,0,6000,61000,-55000,-55000
059364,昇陽半永豐99購02,0,0,0,0,0,0,0,0,0,-55000,0,0,0,0,55000,-55000,-55000
059346,新日興凱基99購03,0,0,0,0,0,0,0,0,0,-55000,0,0,0,0,55000,-55000,-55000
059805,台積電元富99購02,0,0,0,0,0,0,0,0,0,-55000,0,0,0,10000,65000,-55000,-55000
057745,泰鼎永豐99購01  ,0,0,0,0,0,0,0,0,0,-55000,0,0,0,30000,85000,-55000,-55000
08055P,臺股指國票9B售20,0,0,0,0,0,0,0,0,0,-55000,0,0,0,12000,67000,-55000,-55000
1558,伸興            ,1000,56000,-55000,0,0,0,0,0,0,0,0,0,0,0,0,0,-55000
07931P,國巨元大9B售03  ,0,0,0,0,0,0,0,0,0,-55000,0,0,0,0,55000,-55000,-55000
07764P,世紀鋼永豐9A售04,0,0,0,0,0,0,0,0,0,-55000,0,0,0,0,55000,-55000,-55000
5234,達興材料        ,11000,66000,-55000,0,0,0,0,0,0,0,0,0,0,0,0,0,-55000
063041,貿聯凱基9B購01  ,0,0,0,0,0,0,0,0,0,-56000,0,0,0,112000,168000,-56000,-56000
063387,台積電兆豐9B購03,0,0,0,0,0,0,0,0,0,-56000,0,0,0,0,56000,-56000,-56000
063326,正隆國票9B購01  ,0,0,0,0,0,0,0,0,0,-56000,0,0,0,11000,67000,-56000,-56000
063579,GIS元大9C購01   ,0,0,0,0,0,0,0,0,0,-56000,0,0,0,0,56000,-56000,-56000
062450,臻鼎元大9B購02  ,0,0,0,0,0,0,0,0,0,-56000,0,0,0,0,56000,-56000,-56000
062462,GIS群益9B購01   ,0,0,0,0,0,0,0,0,0,-56000,0,0,0,191000,247000,-56000,-56000
062293,麗豐永豐9B購01  ,0,0,0,0,0,0,0,0,0,-56000,0,0,0,10000,66000,-56000,-56000
061344,禾伸堂元大9A購02,0,0,0,0,0,0,0,0,0,-56000,0,0,0,81000,137000,-56000,-56000
062151,世紀鋼國票01購01,0,0,0,0,0,0,0,0,0,-56000,0,0,0,0,56000,-56000,-56000
061552,南六群益9A購02  ,0,0,0,0,0,0,0,0,0,-56000,0,0,0,5000,61000,-56000,-56000
054065,樺漢國票97購01  ,0,0,0,0,0,0,0,0,0,-56000,0,0,0,38000,94000,-56000,-56000
053584,友達元大9B購02  ,0,0,0,0,0,0,0,0,0,-56000,0,0,0,44000,100000,-56000,-56000
053509,華新群益98購01  ,0,0,0,0,0,0,0,0,0,-56000,0,0,0,0,56000,-56000,-56000
055668,欣興群益97購01  ,0,0,0,0,0,0,0,0,0,-56000,0,0,0,0,56000,-56000,-56000
055521,S&P反1群益01購01,0,0,0,0,0,0,0,0,0,-56000,0,0,0,0,56000,-56000,-56000
055563,智易凱基97購02  ,0,0,0,0,0,0,0,0,0,-56000,0,0,0,0,56000,-56000,-56000
059256,臺股指凱基99購34,0,0,0,0,0,0,0,0,0,-56000,0,0,0,4000,60000,-56000,-56000
057181,亞光元大98購02  ,0,0,0,0,0,0,0,0,0,-56000,0,0,0,99000,155000,-56000,-56000
058203,信邦凱基99購01  ,0,0,0,0,0,0,0,0,0,-56000,0,0,0,0,56000,-56000,-56000
2727,王品            ,58000,114000,-56000,0,0,0,0,0,0,0,0,0,0,0,0,0,-56000
2851,中再保          ,9000,65000,-56000,0,0,0,0,0,0,0,0,0,0,0,0,0,-56000
2493,揚博            ,310000,401000,-91000,0,0,0,0,0,0,35000,35000,0,35000,0,0,0,-56000
2464,盟立            ,61000,117000,-56000,0,0,0,0,0,0,0,0,0,0,0,0,0,-56000
9943,好樂迪          ,11000,67000,-56000,0,0,0,0,0,0,0,0,0,0,0,0,0,-56000
6443,元晶            ,106000,162000,-56000,0,0,0,0,0,0,0,0,0,0,0,0,0,-56000
6206,飛捷            ,1000,59000,-58000,0,0,0,0,0,0,2000,2000,0,2000,0,0,0,-56000
1708,東鹼            ,31000,87000,-56000,0,0,0,0,0,0,0,0,0,0,0,0,0,-56000
1522,堤維西          ,73000,115000,-42000,0,0,0,0,0,0,-14000,0,0,0,0,14000,-14000,-56000
07164P,臺股指群益99售15,0,0,0,0,0,0,0,0,0,-56000,0,0,0,86000,142000,-56000,-56000
061567,華通元大9A購11  ,0,0,0,0,0,0,0,0,0,-57000,0,0,0,23000,80000,-57000,-57000
061995,超眾元大01購01  ,0,0,0,0,0,0,0,0,0,-57000,0,0,0,13000,70000,-57000,-57000
061446,鴻海中信04購01  ,0,0,0,0,0,0,0,0,0,-57000,0,0,0,23000,80000,-57000,-57000
063074,創意永豐9B購02  ,0,0,0,0,0,0,0,0,0,-57000,0,0,0,119000,176000,-57000,-57000
062908,晶豪科元大9B購03,0,0,0,0,0,0,0,0,0,-57000,0,0,0,228000,285000,-57000,-57000
055657,超眾元富97購02  ,0,0,0,0,0,0,0,0,0,-57000,0,0,0,120000,177000,-57000,-57000
055124,建準兆豐97購01  ,0,0,0,0,0,0,0,0,0,-57000,0,0,0,2000,59000,-57000,-57000
054060,晶技國票97購02  ,0,0,0,0,0,0,0,0,0,-57000,0,0,0,0,57000,-57000,-57000
053913,華新國票97購01  ,0,0,0,0,0,0,0,0,0,-57000,0,0,0,106000,163000,-57000,-57000
07081P,南電群益9A售01  ,0,0,0,0,0,0,0,0,0,-57000,0,0,0,5000,62000,-57000,-57000
08104P,晶技元大9B售06  ,0,0,0,0,0,0,0,0,0,-57000,0,0,0,0,57000,-57000,-57000
2405,浩鑫            ,60000,117000,-57000,0,0,0,0,0,0,0,0,0,0,0,0,0,-57000
061967,旺宏統一01購04  ,0,0,0,0,0,0,0,0,0,-58000,0,0,0,0,58000,-58000,-58000
061792,和大永豐9B購01  ,0,0,0,0,0,0,0,0,0,-58000,0,0,0,0,58000,-58000,-58000
054043,漢唐元大97購01  ,0,0,0,0,0,0,0,0,0,-58000,0,0,0,0,58000,-58000,-58000
054363,世芯凱基97購01  ,0,0,0,0,0,0,0,0,0,-58000,0,0,0,10000,68000,-58000,-58000
054411,光磊元大97購02  ,0,0,0,0,0,0,0,0,0,-58000,0,0,0,68000,126000,-58000,-58000
055203,建準中信97購01  ,0,0,0,0,0,0,0,0,0,-58000,0,0,0,177000,235000,-58000,-58000
058884,世紀鋼永豐99購02,0,0,0,0,0,0,0,0,0,-58000,0,0,0,170000,228000,-58000,-58000
055874,中環元富9A購01  ,0,0,0,0,0,0,0,0,0,-58000,0,0,0,79000,137000,-58000,-58000
055849,聯詠元大97購05  ,0,0,0,0,0,0,0,0,0,-58000,0,0,0,10000,68000,-58000,-58000
058145,聯茂元大99購03  ,0,0,0,0,0,0,0,0,0,-58000,0,0,0,158000,216000,-58000,-58000
060031,旭富永豐99購02  ,0,0,0,0,0,0,0,0,0,-58000,0,0,0,12000,70000,-58000,-58000
058036,南電永豐98購01  ,0,0,0,0,0,0,0,0,0,-58000,0,0,0,0,58000,-58000,-58000
2419,仲琦            ,64000,122000,-58000,0,0,0,0,0,0,0,0,0,0,0,0,0,-58000
08128P,聯發科元大9B售22,0,0,0,0,0,0,0,0,0,-58000,0,0,0,2000,60000,-58000,-58000
07719P,臺股指群益9A售08,0,0,0,0,0,0,0,0,0,-58000,0,0,0,13000,71000,-58000,-58000
07211P,南亞科凱基99售05,0,0,0,0,0,0,0,0,0,-58000,0,0,0,1000,59000,-58000,-58000
06622P,牧德元大98售01  ,0,0,0,0,0,0,0,0,0,-58000,0,0,0,143000,201000,-58000,-58000
1215,卜蜂            ,208000,251368,-43368,0,0,0,0,0,0,-15000,0,0,0,2000,17000,-15000,-58368
063334,復盛國票9B購01  ,0,0,0,0,0,0,0,0,0,-59000,0,0,0,10000,69000,-59000,-59000
056347,GIS凱基9A購01   ,0,0,0,0,0,0,0,0,0,-59000,0,0,0,20000,79000,-59000,-59000
058035,旭富永豐98購02  ,0,0,0,0,0,0,0,0,0,-59000,0,0,0,86000,145000,-59000,-59000
060411,達新永豐9A購01  ,2000,0,2000,0,0,0,0,0,0,-61000,0,0,0,14000,75000,-61000,-59000
07227P,聯發科元富99售05,0,0,0,0,0,0,0,0,0,-59000,0,0,0,121000,180000,-59000,-59000
2450,神腦            ,14000,73000,-59000,0,0,0,0,0,0,0,0,0,0,0,0,0,-59000
2545,皇翔            ,54000,113000,-59000,0,0,0,0,0,0,0,0,0,0,0,0,0,-59000
1810,和成            ,28000,87000,-59000,0,0,0,0,0,0,0,0,0,0,0,0,0,-59000
8940,新天地          ,10000,69000,-59000,0,0,0,0,0,0,0,0,0,0,0,0,0,-59000
063082,瑞昱凱基9B購04  ,0,0,0,0,0,0,0,0,0,-60000,0,0,0,20000,80000,-60000,-60000
063162,國喬永豐9B購01  ,0,0,0,0,0,0,0,0,0,-60000,0,0,0,13000,73000,-60000,-60000
062527,美律統一01購01  ,0,0,0,0,0,0,0,0,0,-60000,0,0,0,50000,110000,-60000,-60000
062726,華擎凱基9B購02  ,0,0,0,0,0,0,0,0,0,-60000,0,0,0,0,60000,-60000,-60000
062850,友訊永豐9B購01  ,0,0,0,0,0,0,0,0,0,-60000,0,0,0,0,60000,-60000,-60000
062755,茂林麥證9B購01  ,0,0,0,0,60000,-60000,0,0,0,-60000,0,0,0,0,60000,-60000,-60000
061398,力成中信9A購01  ,0,0,0,0,0,0,0,0,0,-60000,0,0,0,0,60000,-60000,-60000
055119,力成凱基98購01  ,0,0,0,0,0,0,0,0,0,-60000,0,0,0,50000,110000,-60000,-60000
055301,台虹元大97購01  ,0,0,0,0,0,0,0,0,0,-60000,0,0,0,180000,240000,-60000,-60000
057878,台郡元大99購04  ,0,0,0,0,0,0,0,0,0,-60000,0,0,0,0,60000,-60000,-60000
055446,奇力新統一9A購01,0,0,0,0,0,0,0,0,0,-60000,0,0,0,0,60000,-60000,-60000
056639,國產康和98購01  ,0,0,0,0,0,0,0,0,0,-60000,0,0,0,20000,80000,-60000,-60000
054062,TPK國票96購02   ,0,0,0,0,0,0,0,0,0,-60000,0,0,0,0,60000,-60000,-60000
035274,華新台新97購01  ,0,0,0,0,0,0,0,0,0,-60000,0,0,0,70000,130000,-60000,-60000
053014,旺宏統一97購02  ,0,0,0,0,0,0,0,0,0,-60000,0,0,0,60000,120000,-60000,-60000
054458,復盛群益96購01  ,0,0,0,0,0,0,0,0,0,-60000,0,0,0,0,60000,-60000,-60000
060493,美律元富01購01  ,0,0,0,0,0,0,0,0,0,-60000,0,0,0,187000,247000,-60000,-60000
057568,友訊永豐99購01  ,0,0,0,0,0,0,0,0,0,-60000,0,0,0,0,60000,-60000,-60000
059326,康友元大99購01  ,0,0,0,0,0,0,0,0,0,-60000,0,0,0,0,60000,-60000,-60000
057261,瑞昱兆豐98購01  ,0,0,0,0,0,0,0,0,0,-60000,0,0,0,0,60000,-60000,-60000
058658,瑞儀中信99購01  ,0,0,0,0,0,0,0,0,0,-60000,0,0,0,55000,115000,-60000,-60000
058236,大立光元大99購09,0,0,0,0,0,0,0,0,0,-60000,0,0,0,60000,120000,-60000,-60000
057077,國巨統一98購06  ,0,0,0,0,0,0,0,0,0,-60000,0,0,0,0,60000,-60000,-60000
057103,禾伸堂中信9A購01,0,0,0,0,0,0,0,0,0,-60000,0,0,0,20000,80000,-60000,-60000
059024,大立光統一9B購04,0,0,0,0,0,0,0,0,0,-60000,0,0,0,0,60000,-60000,-60000
059051,和大凱基9A購01  ,0,0,0,0,0,0,0,0,0,-60000,0,0,0,0,60000,-60000,-60000
07410P,鴻海元大99售44  ,0,0,0,0,0,0,0,0,0,-60000,0,0,0,80000,140000,-60000,-60000
07373P,A50正2元大99售01,0,0,0,0,0,0,0,0,0,-60000,0,0,0,1000,61000,-60000,-60000
06538P,國巨凱基98售11  ,0,0,0,0,0,0,0,0,0,-60000,0,0,0,0,60000,-60000,-60000
08036P,嘉澤群益9B售03  ,0,0,0,0,0,0,0,0,0,-60000,0,0,0,100000,160000,-60000,-60000
08006P,長榮航中信03售01,0,0,0,0,0,0,0,0,0,-60000,0,0,0,0,60000,-60000,-60000
07771P,義隆國票9A售01  ,0,0,0,0,0,0,0,0,0,-60000,0,0,0,50000,110000,-60000,-60000
07974P,上証2X元大9B售02,0,0,0,0,0,0,0,0,0,-60000,0,0,0,0,60000,-60000,-60000
061180,華擎凱基9B購01  ,0,0,0,0,0,0,0,0,0,-61000,0,0,0,0,61000,-61000,-61000
061086,FBVIX統一01購01 ,0,0,0,0,0,0,0,0,0,-61000,0,0,0,0,61000,-61000,-61000
061034,晶豪科永豐9A購01,0,0,0,0,0,0,0,0,0,-61000,0,0,0,10000,71000,-61000,-61000
062180,瑞昱元大9B購03  ,0,0,0,0,0,0,0,0,0,-61000,0,0,0,54000,115000,-61000,-61000
062665,智易群益9B購01  ,0,0,0,0,0,0,0,0,0,-61000,0,0,0,111000,172000,-61000,-61000
063153,南六元富9B購01  ,0,0,0,0,0,0,0,0,0,-61000,0,0,0,67000,128000,-61000,-61000
063438,聚陽統一9C購01  ,0,0,0,0,0,0,0,0,0,-61000,0,0,0,0,61000,-61000,-61000
063461,金像電元大9B購03,0,0,0,0,0,0,0,0,0,-61000,0,0,0,32000,93000,-61000,-61000
052362,瑞昱國票96購02  ,0,0,0,0,0,0,0,0,0,-61000,0,0,0,0,61000,-61000,-61000
05131P,聯詠統一97售01  ,0,0,0,0,0,0,0,0,0,-61000,0,0,0,32000,93000,-61000,-61000
056578,智易元大99購02  ,0,0,0,0,0,0,0,0,0,-61000,0,0,0,68000,129000,-61000,-61000
057038,元油2X元大9B購06,0,0,0,0,0,0,0,0,0,-61000,0,0,0,0,61000,-61000,-61000
060737,瑞儀統一9C購01  ,0,0,0,0,0,0,0,0,0,-61000,0,0,0,1000,62000,-61000,-61000
07872P,聯發科群益9B售03,0,0,0,0,0,0,0,0,0,-61000,0,0,0,15000,76000,-61000,-61000
08057P,京鼎群益9B售01  ,0,0,0,0,0,0,0,0,0,-61000,0,0,0,0,61000,-61000,-61000
1528,恩德            ,88000,149000,-61000,0,0,0,0,0,0,0,0,0,0,0,0,0,-61000
063129,祥碩元大9C購03  ,0,0,0,0,0,0,0,0,0,-62000,0,0,0,25000,87000,-62000,-62000
062148,奇鋐國票9B購01  ,0,0,0,0,0,0,0,0,0,-62000,0,0,0,46000,108000,-62000,-62000
058901,美律元大99購07  ,0,0,0,0,0,0,0,0,0,-62000,0,0,0,20000,82000,-62000,-62000
053998,泰鼎群益98購01  ,0,0,0,0,0,0,0,0,0,-62000,0,0,0,2000,64000,-62000,-62000
054687,建準永豐97購02  ,0,0,0,0,0,0,0,0,0,-62000,0,0,0,0,62000,-62000,-62000
054158,國巨日盛99購01  ,0,0,0,0,0,0,0,0,0,-62000,0,0,0,1000,63000,-62000,-62000
053609,華新中信9A購01  ,0,0,0,0,0,0,0,0,0,-62000,0,0,0,40000,102000,-62000,-62000
059006,樺漢元大99購01  ,0,0,0,0,0,0,0,0,0,-62000,0,0,0,0,62000,-62000,-62000
057912,美律日盛99購01  ,0,0,0,0,0,0,0,0,0,-62000,0,0,0,143000,205000,-62000,-62000
1337,再生-KY         ,52000,114000,-62000,0,0,0,0,0,0,0,0,0,0,0,0,0,-62000
2707,晶華            ,101000,173000,-72000,0,0,0,0,0,0,10000,10000,0,10000,0,0,0,-62000
3022,威強電          ,9000,71000,-62000,0,0,0,0,0,0,0,0,0,0,0,0,0,-62000
061511,緯穎富邦9B購02  ,0,0,0,0,0,0,0,0,0,-63000,0,0,0,0,63000,-63000,-63000
063253,巨大元大9B購03  ,0,0,0,0,0,0,0,0,0,-63000,0,0,0,82000,145000,-63000,-63000
063232,裕隆元大9B購01  ,0,0,0,0,0,0,0,0,0,-63000,0,0,0,0,63000,-63000,-63000
062578,超眾群益9B購01  ,0,0,0,0,0,0,0,0,0,-63000,0,0,0,131000,194000,-63000,-63000
062787,超眾元大9C購02  ,0,0,0,0,0,0,0,0,0,-63000,0,0,0,13000,76000,-63000,-63000
062402,台勝科永豐9B購02,0,0,0,0,0,0,0,0,0,-63000,0,0,0,5000,68000,-63000,-63000
052893,聯電群益98購01  ,0,0,0,0,0,0,0,0,0,-63000,0,0,0,18000,81000,-63000,-63000
00710B,FH彭博高收益債  ,0,0,0,0,0,0,0,0,0,-63000,0,0,0,0,63000,-63000,-63000
055824,臺股指國票97購11,0,0,0,0,0,0,0,0,0,-63000,0,0,0,0,63000,-63000,-63000
056746,超眾凱基99購01  ,0,0,0,0,0,0,0,0,0,-63000,0,0,0,68000,131000,-63000,-63000
056850,彩晶元富99購01  ,0,0,0,0,0,0,0,0,0,-63000,0,0,0,0,63000,-63000,-63000
057587,微星國票99購01  ,0,0,0,0,0,0,0,0,0,-63000,0,0,0,50000,113000,-63000,-63000
3189,景碩            ,1128000,1468000,-340000,0,0,0,101000,50000,51000,226000,102000,70000,32000,221000,27000,194000,-63000
3712,永崴投控        ,59000,122000,-63000,0,0,0,0,0,0,0,0,0,0,0,0,0,-63000
062280,大立光群益9C購01,0,0,0,0,0,0,0,0,0,-64000,0,0,0,0,64000,-64000,-64000
063239,建準元大9B購01  ,0,0,0,0,0,0,0,0,0,-64000,0,0,0,190000,254000,-64000,-64000
061451,南電中信9A購03  ,0,0,0,0,0,0,0,0,0,-64000,0,0,0,36000,100000,-64000,-64000
062108,晶豪科國票9B購01,0,0,0,0,0,0,0,0,0,-64000,0,0,0,61000,125000,-64000,-64000
061789,群創群益9B購01  ,0,0,0,0,0,0,0,0,0,-64000,0,0,0,36000,100000,-64000,-64000
061857,康友國票9B購01  ,0,0,0,0,0,0,0,0,0,-64000,0,0,0,3000,67000,-64000,-64000
055782,新日興凱基99購01,0,0,0,0,0,0,0,0,0,-64000,0,0,0,44000,108000,-64000,-64000
055333,晶豪科兆豐97購01,0,0,0,0,0,0,0,0,0,-64000,0,0,0,0,64000,-64000,-64000
053800,華通凱基97購03  ,0,0,0,0,0,0,0,0,0,-64000,0,0,0,0,64000,-64000,-64000
059855,緯穎永豐99購04  ,0,0,0,0,0,0,0,0,0,-64000,0,0,0,0,64000,-64000,-64000
059116,晶豪科永豐99購01,0,0,0,0,0,0,0,0,0,-64000,0,0,0,0,64000,-64000,-64000
08124P,臻鼎群益9B售02  ,0,0,0,0,0,0,0,0,0,-64000,0,0,0,110000,174000,-64000,-64000
061939,中租國票9B購01  ,0,0,0,0,0,0,0,0,0,-65000,0,0,0,38000,103000,-65000,-65000
061476,大毅元大9A購02  ,0,0,0,0,0,0,0,0,0,-65000,0,0,0,20000,85000,-65000,-65000
061198,世紀鋼永豐9A購03,0,0,0,0,0,0,0,0,0,-65000,0,0,0,72000,137000,-65000,-65000
062974,奇力新元富9B購01,0,0,0,0,0,0,0,0,0,-65000,0,0,0,33000,98000,-65000,-65000
062624,大成鋼國票9B購02,0,0,0,0,0,0,0,0,0,-65000,0,0,0,0,65000,-65000,-65000
043442,大立光台新01購01,0,0,0,0,0,0,0,0,0,-65000,0,0,0,0,65000,-65000,-65000
053900,T50反1日盛99購01,0,0,0,0,0,0,0,0,0,-65000,0,0,0,0,65000,-65000,-65000
058738,FBVIX中信03購04 ,0,0,0,0,0,0,0,0,0,-65000,0,0,0,7000,72000,-65000,-65000
058946,SGBR2X群益9B購01,0,0,0,0,0,0,0,0,0,-65000,0,0,0,3000,68000,-65000,-65000
056709,華通永豐98購01  ,0,0,0,0,0,0,0,0,0,-65000,0,0,0,10000,75000,-65000,-65000
056012,勤誠中信99購01  ,0,0,0,0,0,0,0,0,0,-65000,0,0,0,0,65000,-65000,-65000
056279,新日興富邦99購01,0,0,0,0,0,0,0,0,0,-65000,0,0,0,0,65000,-65000,-65000
057163,上銀元大98購04  ,0,0,0,0,0,0,0,0,0,-65000,0,0,0,48000,113000,-65000,-65000
07259P,滬深2X國票01售01,0,0,0,0,0,0,0,0,0,-65000,0,0,0,20000,85000,-65000,-65000
9908,大台北          ,2000,67000,-65000,0,0,0,0,0,0,0,0,0,0,0,0,0,-65000
4994,傳奇            ,78000,144500,-66500,0,0,0,0,0,0,1000,0,0,0,2000,1000,1000,-65500
060846,欣興國票9A購02  ,0,0,0,0,0,0,0,0,0,-66000,0,0,0,44000,110000,-66000,-66000
062189,康控元大9B購02  ,0,0,0,0,0,0,0,0,0,-66000,0,0,0,3000,69000,-66000,-66000
057835,華擎元富9B購01  ,0,0,0,0,0,0,0,0,0,-66000,0,0,0,126000,192000,-66000,-66000
059183,T50反1台新03購02,0,0,0,0,0,0,0,0,0,-66000,0,0,0,50000,116000,-66000,-66000
057530,奇鋐元大99購01  ,0,0,0,0,0,0,0,0,0,-66000,0,0,0,77000,143000,-66000,-66000
059375,道瓊反群益9C購02,0,0,0,0,0,0,0,0,0,-66000,0,0,0,63000,129000,-66000,-66000
060015,國巨康和99購03  ,0,0,0,0,0,0,0,0,0,-66000,0,0,0,1000,67000,-66000,-66000
060573,力成永豐9A購01  ,0,0,0,0,0,0,0,0,0,-66000,0,0,0,64000,130000,-66000,-66000
07210P,智邦凱基99售03  ,0,0,0,0,0,0,0,0,0,-66000,0,0,0,275000,341000,-66000,-66000
062644,中環國泰9C購01  ,0,0,0,0,0,0,0,0,0,-67000,0,0,0,0,67000,-67000,-67000
062994,祥碩群益9B購05  ,0,0,0,0,0,0,0,0,0,-67000,0,0,0,2000,69000,-67000,-67000
060309,佳世達永豐9A購01,0,0,0,0,0,0,0,0,0,-67000,0,0,0,57000,124000,-67000,-67000
08004P,大毅永豐9B售02  ,0,0,0,0,0,0,0,0,0,-67000,0,0,0,7000,74000,-67000,-67000
07772P,華新科國票9A售05,0,0,0,0,0,0,0,0,0,-67000,0,0,0,0,67000,-67000,-67000
4725,信昌化          ,0,67000,-67000,0,0,0,0,0,0,0,0,0,0,0,0,0,-67000
1723,中碳            ,13000,80000,-67000,0,0,0,0,0,0,0,0,0,0,0,0,0,-67000
2524,京城            ,15000,82000,-67000,0,0,0,0,0,0,0,0,0,0,0,0,0,-67000
063020,奇力新元大9B購04,0,0,0,0,0,0,0,0,0,-68000,0,0,0,0,68000,-68000,-68000
062158,禾伸堂凱基9B購01,0,0,0,0,0,0,0,0,0,-68000,0,0,0,0,68000,-68000,-68000
061572,奇力新元大9A購04,0,0,0,0,0,0,0,0,0,-68000,0,0,0,0,68000,-68000,-68000
060913,宏達電元大9A購03,0,0,0,0,0,0,0,0,0,-68000,0,0,0,21000,89000,-68000,-68000
061070,超眾凱基9C購01  ,0,0,0,0,0,0,0,0,0,-68000,0,0,0,0,68000,-68000,-68000
061421,台積電元大9A購29,0,0,0,0,0,0,0,0,0,-68000,0,0,0,0,68000,-68000,-68000
057827,康友元大98購03  ,0,0,0,0,0,0,0,0,0,-68000,0,0,0,0,68000,-68000,-68000
056298,億光元大97購02  ,0,0,0,0,0,0,0,0,0,-68000,0,0,0,0,68000,-68000,-68000
056625,致伸永豐98購01  ,0,0,0,0,0,0,0,0,0,-68000,0,0,0,0,68000,-68000,-68000
055604,訊芯元大98購02  ,0,0,0,0,0,0,0,0,0,-68000,0,0,0,0,68000,-68000,-68000
055850,聯詠元大97購06  ,0,0,0,0,0,0,0,0,0,-68000,0,0,0,21000,89000,-68000,-68000
054252,奇力新元大96購04,0,0,0,0,0,0,0,0,0,-68000,0,0,0,0,68000,-68000,-68000
046191,新光金凱基98購01,0,0,0,0,0,0,0,0,0,-68000,0,0,0,0,68000,-68000,-68000
051317,亞德客國票96購01,0,240000,-240000,0,0,0,0,0,0,172000,0,0,0,240000,68000,172000,-68000
053631,欣興兆豐97購01  ,0,0,0,0,0,0,0,0,0,-68000,0,0,0,5000,73000,-68000,-68000
054135,大立光元大97購04,0,0,0,0,0,0,0,0,0,-68000,0,0,0,0,68000,-68000,-68000
060454,葡萄王元大9A購01,0,0,0,0,0,0,0,0,0,-68000,0,0,0,0,68000,-68000,-68000
060100,新光金元大9C購01,0,0,0,0,0,0,0,0,0,-68000,0,0,0,0,68000,-68000,-68000
060547,瑞昱凱基9A購01  ,0,0,0,0,0,0,0,0,0,-68000,0,0,0,18000,86000,-68000,-68000
059977,鴻海元大99購40  ,0,0,0,0,0,0,0,0,0,-68000,0,0,0,0,68000,-68000,-68000
057335,技嘉國票99購01  ,0,0,0,0,0,0,0,0,0,-68000,0,0,0,55000,123000,-68000,-68000
057277,可成元大98購05  ,0,0,0,0,0,0,0,0,0,-68000,0,0,0,0,68000,-68000,-68000
057300,訊連永豐98購01  ,0,0,0,0,0,0,0,0,0,-68000,0,0,0,0,68000,-68000,-68000
057281,大立光元大98購16,0,0,0,0,0,0,0,0,0,-68000,0,0,0,0,68000,-68000,-68000
057690,美律凱基99購03  ,0,0,0,0,0,0,0,0,0,-68000,0,0,0,2000,70000,-68000,-68000
057909,台光電兆豐98購01,0,0,0,0,0,0,0,0,0,-68000,0,0,0,0,68000,-68000,-68000
058251,百和元大99購03  ,0,0,0,0,0,0,0,0,0,-68000,0,0,0,162000,230000,-68000,-68000
07694P,超眾元大9A售05  ,0,0,0,0,0,0,0,0,0,-68000,0,0,0,86000,154000,-68000,-68000
06685P,鴻海國泰9A售01  ,0,0,0,0,0,0,0,0,0,-68000,0,0,0,0,68000,-68000,-68000
06983P,台積電國泰9A售02,0,0,0,0,0,0,0,0,0,-68000,0,0,0,0,68000,-68000,-68000
06137P,玉晶光永豐97售04,0,0,0,0,0,0,0,0,0,-69000,0,0,0,64000,133000,-69000,-69000
06091P,華新科統一97售01,0,0,0,0,0,0,0,0,0,-69000,0,0,0,0,69000,-69000,-69000
061641,玉晶光元大9A購17,0,0,0,0,0,0,0,0,0,-69000,0,0,0,70000,139000,-69000,-69000
062635,創意國票9B購01  ,0,0,0,0,0,0,0,0,0,-69000,0,0,0,0,69000,-69000,-69000
062879,美食兆豐9B購01  ,0,0,0,0,0,0,0,0,0,-69000,0,0,0,1000,70000,-69000,-69000
055600,致伸元大97購02  ,0,0,0,0,0,0,0,0,0,-69000,0,0,0,0,69000,-69000,-69000
058887,元石油元大9C購04,0,0,0,0,0,0,0,0,0,-69000,0,0,0,0,69000,-69000,-69000
058876,南電國票9A購02  ,0,0,0,0,0,0,0,0,0,-69000,0,0,0,58000,127000,-69000,-69000
057787,TPK國票99購01   ,0,0,0,0,0,0,0,0,0,-69000,0,0,0,126000,195000,-69000,-69000
059341,台積電凱基99購15,0,0,0,0,0,0,0,0,0,-69000,0,0,0,2000,71000,-69000,-69000
058290,南電國票9A購01  ,0,0,0,0,0,0,0,0,0,-69000,0,0,0,72000,141000,-69000,-69000
063359,泰鼎國泰01購01  ,0,0,0,0,0,0,0,0,0,-70000,0,0,0,0,70000,-70000,-70000
062076,美律元大9B購02  ,0,0,0,0,0,0,0,0,0,-70000,0,0,0,0,70000,-70000,-70000
061167,臻鼎兆豐9B購01  ,0,0,0,0,0,0,0,0,0,-70000,0,0,0,8000,78000,-70000,-70000
061519,T50反1中信03購01,0,0,0,0,0,0,0,0,0,-70000,0,0,0,0,70000,-70000,-70000
061292,玉晶光統一01購06,0,0,0,0,0,0,0,0,0,-70000,0,0,0,10000,80000,-70000,-70000
061304,創意永豐9A購02  ,0,0,0,0,0,0,0,0,0,-70000,0,0,0,0,70000,-70000,-70000
058966,元油2X日盛99購03,0,0,0,0,0,0,0,0,0,-70000,0,0,0,0,70000,-70000,-70000
056565,欣興群益98購03  ,0,0,0,0,0,0,0,0,0,-70000,0,0,0,10000,80000,-70000,-70000
054167,揚明光凱基98購01,0,0,0,0,0,0,0,0,0,-70000,0,0,0,0,70000,-70000,-70000
053723,奇鋐凱基98購01  ,0,0,0,0,0,0,0,0,0,-70000,0,0,0,0,70000,-70000,-70000
05348P,美律元富98售01  ,0,0,0,0,0,0,0,0,0,-70000,0,0,0,0,70000,-70000,-70000
04437P,滬深2X群益98售03,0,0,0,0,0,0,0,0,0,-70000,0,0,0,0,70000,-70000,-70000
047675,群創元富96購03  ,0,0,0,0,0,0,0,0,0,-70000,0,0,0,30000,100000,-70000,-70000
06504P,麗豐國票99售02  ,0,0,0,0,0,0,0,0,0,-70000,0,0,0,0,70000,-70000,-70000
08007P,國泰金中信03售02,0,0,0,0,0,0,0,0,0,-70000,0,0,0,0,70000,-70000,-70000
08114P,國巨凱基9B售11  ,0,0,0,0,0,0,0,0,0,-70000,0,0,0,0,70000,-70000,-70000
1340,勝悅-KY         ,16000,86000,-70000,0,0,0,0,0,0,0,0,0,0,0,0,0,-70000
6139,亞翔            ,33000,103000,-70000,0,0,0,0,0,0,0,0,0,0,0,0,0,-70000
062032,崇越群益9B購01  ,0,0,0,0,0,0,0,0,0,-71000,0,0,0,0,71000,-71000,-71000
061573,義隆元大9A購02  ,0,0,0,0,0,0,0,0,0,-71000,0,0,0,104000,175000,-71000,-71000
06425P,TPK永豐97售02   ,0,0,0,0,0,0,0,0,0,-71000,0,0,0,33000,104000,-71000,-71000
054050,創意元大96購06  ,0,0,0,0,0,0,0,0,0,-71000,0,0,0,7000,78000,-71000,-71000
055988,矽力元富97購01  ,0,0,0,0,0,0,0,0,0,-71000,0,0,0,27000,98000,-71000,-71000
055731,美律元富97購01  ,0,0,0,0,0,0,0,0,0,-71000,0,0,0,6000,77000,-71000,-71000
056213,建準國票98購02  ,0,0,0,0,0,0,0,0,0,-71000,0,0,0,47000,118000,-71000,-71000
058741,欣興日盛99購01  ,0,0,0,0,0,0,0,0,0,-71000,0,0,0,51000,122000,-71000,-71000
058514,潤泰全元大99購01,0,0,0,0,0,0,0,0,0,-71000,0,0,0,271000,342000,-71000,-71000
058479,亞光凱基9A購01  ,0,0,0,0,0,0,0,0,0,-71000,0,0,0,29000,100000,-71000,-71000
06021P,世紀鋼元富96售03,0,0,0,0,0,0,0,0,0,-71000,0,0,0,0,71000,-71000,-71000
060313,淘帝永豐9A購01  ,0,0,0,0,0,0,0,0,0,-71000,0,0,0,9000,80000,-71000,-71000
060324,台積電群益9B購02,0,0,0,0,0,0,0,0,0,-71000,0,0,0,0,71000,-71000,-71000
057240,茂林凱基9A購01  ,0,0,0,0,0,0,0,0,0,-71000,0,0,0,85000,156000,-71000,-71000
057712,南亞科統一9A購01,0,0,0,0,0,0,0,0,0,-71000,0,0,0,1000,72000,-71000,-71000
057543,華通凱基99購02  ,0,0,0,0,0,0,0,0,0,-71000,0,0,0,0,71000,-71000,-71000
8021,尖點            ,102000,173000,-71000,0,0,0,0,0,0,0,0,0,0,0,0,0,-71000
1108,幸福            ,0,71000,-71000,0,0,0,0,0,0,0,0,0,0,0,0,0,-71000
063570,嘉晶元大9C購02  ,0,0,0,0,0,0,0,0,0,-72000,0,0,0,10000,82000,-72000,-72000
063269,儒鴻兆豐9C購01  ,0,0,0,0,0,0,0,0,0,-72000,0,0,0,336000,408000,-72000,-72000
062740,致伸國票9B購01  ,0,0,0,0,0,0,0,0,0,-72000,0,0,0,8000,80000,-72000,-72000
062664,群創群益9B購02  ,0,0,0,0,0,0,0,0,0,-72000,0,0,0,0,72000,-72000,-72000
062686,群創統一9C購03  ,0,0,0,0,0,0,0,0,0,-72000,0,0,0,52000,124000,-72000,-72000
062437,廣達元大9B購01  ,0,0,0,0,0,0,0,0,0,-72000,0,0,0,40000,112000,-72000,-72000
061818,富邦金群益9C購01,0,0,0,0,0,0,0,0,0,-72000,0,0,0,20000,92000,-72000,-72000
06090P,旺宏統一97售06  ,0,0,0,0,0,0,0,0,0,-72000,0,0,0,0,72000,-72000,-72000
055459,建準永豐97購03  ,0,0,0,0,0,0,0,0,0,-72000,0,0,0,7000,79000,-72000,-72000
059289,瑞昱元富99購01  ,0,0,0,0,0,0,0,0,0,-72000,0,0,0,30000,102000,-72000,-72000
08123P,台表科國票9C售01,0,0,0,0,0,0,0,0,0,-72000,0,0,0,174000,246000,-72000,-72000
07783P,聯發科富邦9C售03,0,0,0,0,0,0,0,0,0,-72000,0,0,0,0,72000,-72000,-72000
9924,福興            ,2000,74000,-72000,0,0,0,0,0,0,0,0,0,0,0,0,0,-72000
1507,永大            ,14000,86870,-72870,0,0,0,0,0,0,0,0,0,0,0,0,0,-72870
060812,智邦凱基9A購01  ,0,0,0,0,0,0,0,0,0,-73000,0,0,0,11000,84000,-73000,-73000
061138,晶技統一9C購01  ,0,0,0,0,0,0,0,0,0,-73000,0,0,0,2000,75000,-73000,-73000
061367,瑞祺國票9A購01  ,0,0,0,0,0,0,0,0,0,-73000,0,0,0,107000,180000,-73000,-73000
062035,瑞祺群益9B購01  ,0,0,0,0,0,0,0,0,0,-73000,0,0,0,553000,626000,-73000,-73000
062144,華通國票9B購01  ,0,0,0,0,0,0,0,0,0,-73000,0,0,0,0,73000,-73000,-73000
05606P,TPK國票97售02   ,0,0,0,0,0,0,0,0,0,-73000,0,0,0,0,73000,-73000,-73000
00692,富邦公司治理    ,21000,6000,15000,0,0,0,0,0,0,-88000,0,0,0,1160000,1248000,-88000,-73000
059536,新光金凱基99購05,0,0,0,0,0,0,0,0,0,-73000,0,0,0,10000,83000,-73000,-73000
057614,華新科元富99購04,0,0,0,0,0,0,0,0,0,-73000,0,0,0,21000,94000,-73000,-73000
057721,華擎元富98購02  ,0,0,0,0,0,0,0,0,0,-73000,0,0,0,109000,182000,-73000,-73000
059926,世紀鋼國泰9B購01,0,0,0,0,0,0,0,0,0,-73000,0,0,0,31000,104000,-73000,-73000
08058P,華新科元大9B售10,0,0,0,0,0,0,0,0,0,-73000,0,0,0,0,73000,-73000,-73000
07789P,緯穎群益9A售03  ,0,0,0,0,0,0,0,0,0,-73000,0,0,0,50000,123000,-73000,-73000
06959P,鴻海凱基9A售02  ,0,0,0,0,0,0,0,0,0,-73000,0,0,0,2000,75000,-73000,-73000
2607,榮運            ,74000,147000,-73000,0,0,0,0,0,0,0,0,0,0,0,0,0,-73000
061384,T50反1群益9A購04,0,0,0,0,0,0,0,0,0,-74000,0,0,0,4000,78000,-74000,-74000
06151P,華新科元大97售07,0,0,0,0,0,0,0,0,0,-74000,0,0,0,0,74000,-74000,-74000
062521,玉晶光元大9C購05,0,0,0,0,0,0,0,0,0,-74000,0,0,0,31000,105000,-74000,-74000
063228,聯茂群益9B購01  ,0,0,0,0,0,0,0,0,0,-74000,0,0,0,14000,88000,-74000,-74000
063459,華通元大9B購08  ,0,0,0,0,0,0,0,0,0,-74000,0,0,0,23000,97000,-74000,-74000
054935,華通元大98購03  ,0,0,0,0,0,0,0,0,0,-74000,0,0,0,10000,84000,-74000,-74000
052025,國巨群益96購01  ,0,0,0,0,0,0,0,0,0,-74000,0,0,0,4000,78000,-74000,-74000
055323,貿聯國票98購01  ,0,0,0,0,0,0,0,0,0,-74000,0,0,0,0,74000,-74000,-74000
060390,聯鈞群益9A購01  ,0,0,0,0,0,0,0,0,0,-74000,0,0,0,30000,104000,-74000,-74000
4532,瑞智            ,210000,284000,-74000,0,0,0,0,0,0,0,0,0,0,0,0,0,-74000
063105,健策群益9C購01  ,0,0,0,0,0,0,0,0,0,-75000,0,0,0,81000,156000,-75000,-75000
062263,康控元大9B購03  ,0,0,0,0,0,0,0,0,0,-75000,0,0,0,3000,78000,-75000,-75000
062710,盛群元大9B購01  ,0,0,0,0,0,0,0,0,0,-75000,0,0,0,50000,125000,-75000,-75000
062653,正隆永豐9B購01  ,0,0,0,0,0,0,0,0,0,-75000,0,0,0,68000,143000,-75000,-75000
062546,新日興永豐9B購01,0,0,0,0,0,0,0,0,0,-75000,0,0,0,0,75000,-75000,-75000
062171,中磊永豐9B購01  ,0,0,0,0,0,0,0,0,0,-75000,0,0,0,0,75000,-75000,-75000
053107,旺宏兆豐97購01  ,0,0,0,0,0,0,0,0,0,-75000,0,0,0,5000,80000,-75000,-75000
052367,聯茂國票96購02  ,0,0,0,0,0,0,0,0,0,-75000,0,0,0,0,75000,-75000,-75000
060511,群創元大9B購08  ,0,0,0,0,0,0,0,0,0,-75000,0,0,0,0,75000,-75000,-75000
058028,國巨富邦99購04  ,0,0,0,0,0,0,0,0,0,-75000,0,0,0,0,75000,-75000,-75000
057288,聯茂元大98購03  ,0,0,0,0,0,0,0,0,0,-75000,0,0,0,33000,108000,-75000,-75000
057102,亞光中信9A購01  ,0,0,0,0,0,0,0,0,0,-75000,0,0,0,36000,111000,-75000,-75000
057221,華通國票98購03  ,0,0,0,0,0,0,0,0,0,-75000,0,0,0,20000,95000,-75000,-75000
059713,滬深2X元大9C購04,0,0,0,0,0,0,0,0,0,-75000,0,0,0,0,75000,-75000,-75000
2849,安泰銀          ,2000,77000,-75000,0,0,0,0,0,0,0,0,0,0,0,0,0,-75000
8261,富鼎            ,24000,100000,-76000,0,0,0,0,0,0,1000,1000,0,1000,0,0,0,-75000
07025P,玉晶光凱基99售01,0,0,0,0,0,0,0,0,0,-75000,0,0,0,26000,101000,-75000,-75000
08178P,南亞科元大9B售01,0,0,0,0,0,0,0,0,0,-75000,0,0,0,0,75000,-75000,-75000
1104,環泥            ,17000,92000,-75000,0,0,0,0,0,0,0,0,0,0,0,0,0,-75000
061770,泰碩元大9B購02  ,0,0,0,0,0,0,0,0,0,-76000,0,0,0,1000,77000,-76000,-76000
062475,道瓊反國票9B購02,15000,0,15000,0,0,0,0,0,0,-91000,0,0,0,6000,97000,-91000,-76000
062385,玉晶光國泰01購01,0,0,0,0,0,0,0,0,0,-76000,0,0,0,1000,77000,-76000,-76000
051428,玉晶光統一96購01,0,0,0,0,0,0,0,0,0,-76000,0,0,0,80000,156000,-76000,-76000
057575,世紀鋼永豐98購02,0,0,0,0,0,0,0,0,0,-76000,0,0,0,112000,188000,-76000,-76000
058295,欣興凱基99購02  ,0,0,0,0,0,0,0,0,0,-76000,0,0,0,160000,236000,-76000,-76000
1473,台南            ,82000,158000,-76000,0,0,0,0,0,0,0,0,0,0,0,0,0,-76000
06645P,上銀元大98售05  ,0,0,0,0,0,0,0,0,0,-76000,0,0,0,68000,144000,-76000,-76000
2316,楠梓電          ,234000,332000,-98000,0,0,0,0,0,0,22000,30000,0,30000,0,8000,-8000,-76000
062999,聯茂國票9C購01  ,0,0,0,0,0,0,0,0,0,-77000,0,0,0,43000,120000,-77000,-77000
063458,正隆元大9B購01  ,0,0,0,0,0,0,0,0,0,-77000,0,0,0,0,77000,-77000,-77000
062033,瀚宇博群益9B購01,0,0,0,0,0,0,0,0,0,-77000,0,0,0,321000,398000,-77000,-77000
061435,元金2X凱基9C購03,0,0,0,0,0,0,0,0,0,-77000,0,0,0,10000,87000,-77000,-77000
056481,創意元大98購01  ,0,0,0,0,0,0,0,0,0,-77000,0,0,0,75000,152000,-77000,-77000
056065,奇鋐元大97購01  ,0,0,0,0,0,0,0,0,0,-77000,0,0,0,50000,127000,-77000,-77000
055916,奇鋐凱基99購01  ,0,0,0,0,0,0,0,0,0,-77000,0,0,0,93000,170000,-77000,-77000
058464,矽創兆豐9A購01  ,0,0,0,0,0,0,0,0,0,-77000,0,0,0,220000,297000,-77000,-77000
059632,聯發科凱基01購01,0,0,0,0,0,0,0,0,0,-77000,0,0,0,0,77000,-77000,-77000
06721P,臺股指中信9A售03,0,0,0,0,0,0,0,0,0,-77000,0,0,0,122000,199000,-77000,-77000
1464,得力            ,117000,177000,-60000,0,0,0,0,0,0,-17000,0,0,0,2000,19000,-17000,-77000
06355P,聯茂永豐97售02  ,0,0,0,0,0,0,0,0,0,-78000,0,0,0,0,78000,-78000,-78000
062520,晶豪科元大9B購02,0,0,0,0,0,0,0,0,0,-78000,0,0,0,0,78000,-78000,-78000
062313,聯詠凱基9C購01  ,0,0,0,0,0,0,0,0,0,-78000,0,0,0,0,78000,-78000,-78000
056296,旺宏元大97購07  ,0,0,0,0,0,0,0,0,0,-78000,0,0,0,0,78000,-78000,-78000
058965,祥碩兆豐99購02  ,0,0,0,0,0,0,0,0,0,-78000,0,0,0,0,78000,-78000,-78000
04731P,臺股指中信96售03,0,0,0,0,0,0,0,0,0,-78000,0,0,0,53000,131000,-78000,-78000
053350,台表科國票97購02,0,0,0,0,0,0,0,0,0,-78000,0,0,0,35000,113000,-78000,-78000
057148,玉晶光國票99購04,0,0,0,0,0,0,0,0,0,-78000,0,0,0,7000,85000,-78000,-78000
060712,建準永豐9A購01  ,1000,0,1000,0,0,0,0,0,0,-79000,0,0,0,11000,90000,-79000,-78000
06046P,健策統一96售03  ,0,0,0,0,0,0,0,0,0,-78000,0,0,0,177000,255000,-78000,-78000
07121P,華新科凱基99售03,0,0,0,0,0,0,0,0,0,-78000,0,0,0,0,78000,-78000,-78000
062333,嘉晶統一9C購01  ,0,0,0,0,0,0,0,0,0,-79000,0,0,0,40000,119000,-79000,-79000
061289,玉晶光統一01購03,0,0,0,0,0,0,0,0,0,-79000,0,0,0,33000,112000,-79000,-79000
06170P,禾伸堂元富97售02,0,0,0,0,0,0,0,0,0,-79000,0,0,0,0,79000,-79000,-79000
054799,超眾群益98購01  ,0,0,0,0,0,0,0,0,0,-79000,0,0,0,0,79000,-79000,-79000
05719P,可成元大96售03  ,0,0,0,0,0,0,0,0,0,-79000,0,0,0,1000,80000,-79000,-79000
07304P,臺股指元大9A售37,0,0,0,0,0,0,0,0,0,-79000,0,0,0,133000,212000,-79000,-79000
06553P,訊芯元大98售05  ,0,0,0,0,0,0,0,0,0,-79000,0,0,0,21000,100000,-79000,-79000
1608,華榮            ,77000,156000,-79000,0,0,0,0,0,0,0,0,0,0,0,0,0,-79000
3057,喬鼎            ,0,79000,-79000,0,0,0,0,0,0,0,0,0,0,0,0,0,-79000
061702,奇鋐國票9A購02  ,0,0,0,0,0,0,0,0,0,-80000,0,0,0,0,80000,-80000,-80000
061570,瑞昱元大9A購05  ,0,0,0,0,0,0,0,0,0,-80000,0,0,0,20000,100000,-80000,-80000
061268,玉晶光凱基9B購04,0,0,0,0,0,0,0,0,0,-80000,0,0,0,0,80000,-80000,-80000
060887,台積電統一01購01,0,0,0,0,0,0,0,0,0,-80000,0,0,0,3000,83000,-80000,-80000
062704,大毅元大9C購01  ,0,0,0,0,0,0,0,0,0,-80000,0,0,0,0,80000,-80000,-80000
063506,嘉晶群益9B購01  ,0,0,0,0,0,0,0,0,0,-80000,0,0,0,0,80000,-80000,-80000
053578,華新元大98購01  ,0,0,0,0,0,0,0,0,0,-80000,0,0,0,20000,100000,-80000,-80000
052069,聯茂兆豐96購01  ,0,0,0,0,0,0,0,0,0,-80000,0,0,0,0,80000,-80000,-80000
055337,超眾兆豐98購01  ,0,0,0,0,0,0,0,0,0,-80000,0,0,0,0,80000,-80000,-80000
055373,聯詠元大97購03  ,0,0,0,0,0,0,0,0,0,-80000,0,0,0,30000,110000,-80000,-80000
057178,可成元大98購03  ,0,0,0,0,0,0,0,0,0,-80000,0,0,0,0,80000,-80000,-80000
060676,京元電元大9A購03,0,0,0,0,0,0,0,0,0,-80000,0,0,0,38000,118000,-80000,-80000
060606,玉晶光凱基9A購05,0,0,0,0,0,0,0,0,0,-80000,0,0,0,0,80000,-80000,-80000
6177,達麗            ,115000,195000,-80000,0,0,0,0,0,0,0,0,0,0,0,0,0,-80000
08112P,臺股指中信01售07,0,0,0,0,0,0,0,0,0,-80000,0,0,0,3000,83000,-80000,-80000
07959P,健策永豐9B售05  ,0,0,0,0,0,0,0,0,0,-80000,0,0,0,0,80000,-80000,-80000
07760P,力山永豐9A售03  ,0,0,0,0,0,0,0,0,0,-80000,0,0,0,0,80000,-80000,-80000
07746P,華新科凱基9A售11,0,0,0,0,0,0,0,0,0,-80000,0,0,0,0,80000,-80000,-80000
06867P,訊芯元大98售08  ,0,0,0,0,0,0,0,0,0,-80000,0,0,0,70000,150000,-80000,-80000
06779P,智邦元大98售12  ,0,0,0,0,0,0,0,0,0,-80000,0,0,0,45000,125000,-80000,-80000
07502P,美食元大9A售01  ,0,0,0,0,0,0,0,0,0,-80000,0,0,0,20000,100000,-80000,-80000
07141P,台灣50國票9A售03,0,0,0,0,0,0,0,0,0,-80000,0,0,0,0,80000,-80000,-80000
063568,高鐵元大9B購01  ,0,0,0,0,0,0,0,0,0,-81000,0,0,0,0,81000,-81000,-81000
062915,嘉澤元大9B購03  ,0,0,0,0,0,0,0,0,0,-81000,0,0,0,4000,85000,-81000,-81000
056210,矽創永豐97購02  ,0,0,0,0,0,0,0,0,0,-81000,0,0,0,0,81000,-81000,-81000
053340,建準國票97購01  ,0,0,0,0,0,0,0,0,0,-81000,0,0,0,45000,126000,-81000,-81000
054121,奇鋐永豐96購02  ,0,0,0,0,0,0,0,0,0,-81000,0,0,0,0,81000,-81000,-81000
060570,南亞科永豐9A購01,0,0,0,0,0,0,0,0,0,-81000,0,0,0,0,81000,-81000,-81000
060748,臻鼎國票9A購01  ,0,0,0,0,0,0,0,0,0,-81000,0,0,0,25000,106000,-81000,-81000
060170,世紀鋼永豐9A購01,0,0,0,0,0,0,0,0,0,-81000,0,0,0,158000,239000,-81000,-81000
059293,宏達電元富9B購01,0,0,0,0,0,0,0,0,0,-81000,0,0,0,20000,101000,-81000,-81000
3010,華立            ,47000,128000,-81000,0,0,0,0,0,0,0,0,0,0,0,0,0,-81000
2029,盛餘            ,7000,88000,-81000,0,0,0,0,0,0,0,0,0,0,0,0,0,-81000
062339,瑞昱麥證9C購01  ,0,0,0,10000,132000,-122000,0,0,0,-82000,0,0,0,50000,132000,-82000,-82000
061474,瑞昱元大9A購04  ,0,0,0,0,0,0,0,0,0,-82000,0,0,0,67000,149000,-82000,-82000
061358,世紀鋼元大9A購04,0,0,0,0,0,0,0,0,0,-82000,0,0,0,315000,397000,-82000,-82000
061773,和潤元大9B購01  ,0,0,0,0,0,0,0,0,0,-82000,0,0,0,200000,282000,-82000,-82000
054260,貿聯元大96購03  ,0,0,0,0,0,0,0,0,0,-82000,0,0,0,68000,150000,-82000,-82000
056001,美食永豐97購01  ,0,0,0,0,0,0,0,0,0,-82000,0,0,0,35000,117000,-82000,-82000
056813,聯茂統一99購01  ,0,0,0,0,0,0,0,0,0,-82000,0,0,0,659000,741000,-82000,-82000
055814,晶豪科國票97購02,0,0,0,0,0,0,0,0,0,-82000,0,0,0,61000,143000,-82000,-82000
056586,光罩統一98購02  ,0,0,0,0,0,0,0,0,0,-82000,0,0,0,8000,90000,-82000,-82000
05884P,旺宏統一96售01  ,0,0,0,0,0,0,0,0,0,-82000,0,0,0,30000,112000,-82000,-82000
055133,致新康和97購01  ,0,0,0,0,0,0,0,0,0,-82000,0,0,0,6000,88000,-82000,-82000
058239,景碩元大99購03  ,0,0,0,0,0,0,0,0,0,-82000,0,0,0,6000,88000,-82000,-82000
059948,正文永豐99購01  ,0,0,0,0,0,0,0,0,0,-82000,0,0,0,88000,170000,-82000,-82000
058598,T50反1元大99購04,0,0,0,0,0,0,0,0,0,-82000,0,0,0,0,82000,-82000,-82000
060058,牧德凱基9B購01  ,0,0,0,0,0,0,0,0,0,-82000,0,0,0,0,82000,-82000,-82000
057366,智邦元大98購08  ,0,0,0,0,0,0,0,0,0,-82000,0,0,0,38000,120000,-82000,-82000
2471,資通            ,15000,97000,-82000,0,0,0,0,0,0,0,0,0,0,0,0,0,-82000
08129P,聯發科元大9B售23,0,0,0,0,0,0,0,0,0,-82000,0,0,0,0,82000,-82000,-82000
061720,智邦國泰9C購01  ,0,0,0,0,0,0,0,0,0,-83000,0,0,0,132000,215000,-83000,-83000
062021,康控永豐9B購01  ,0,0,0,0,0,0,0,0,0,-83000,0,0,0,2000,85000,-83000,-83000
061940,世紀鋼國票9C購01,0,0,0,0,0,0,0,0,0,-83000,0,0,0,48000,131000,-83000,-83000
061873,友達元大9C購07  ,0,0,0,0,0,0,0,0,0,-83000,0,0,0,17000,100000,-83000,-83000
061003,南亞科兆豐9A購01,0,0,0,0,0,0,0,0,0,-83000,0,0,0,12000,95000,-83000,-83000
062925,建準國票9B購01  ,0,0,0,0,0,0,0,0,0,-83000,0,0,0,48000,131000,-83000,-83000
063434,和潤元富9B購01  ,0,0,0,0,0,0,0,0,0,-83000,0,0,0,0,83000,-83000,-83000
063448,聯發科統一9C購11,0,0,0,0,0,0,0,0,0,-83000,0,0,0,0,83000,-83000,-83000
054237,茂林群益97購01  ,0,0,0,0,0,0,0,0,0,-83000,0,0,0,17000,100000,-83000,-83000
060230,台積電元大9A購07,0,0,0,0,0,0,0,0,0,-83000,0,0,0,4000,87000,-83000,-83000
057949,南電國票99購01  ,0,0,0,0,0,0,0,0,0,-83000,0,0,0,25000,108000,-83000,-83000
059771,台積電群益99購11,0,0,0,0,0,0,0,0,0,-83000,0,0,0,12000,95000,-83000,-83000
059860,台積電群益9A購02,0,0,0,0,0,0,0,0,0,-83000,0,0,0,0,83000,-83000,-83000
1712,興農            ,148000,231000,-83000,0,0,0,0,0,0,0,0,0,0,0,0,0,-83000
061402,矽創兆豐9B購01  ,0,0,0,0,0,0,0,0,0,-84000,0,0,0,77000,161000,-84000,-84000
062121,奇鋐台新9B購01  ,0,0,0,0,0,0,0,0,0,-84000,0,0,0,0,84000,-84000,-84000
061749,群創統一9C購02  ,0,0,0,0,0,0,0,0,0,-84000,0,0,0,67000,151000,-84000,-84000
055320,建準國票98購01  ,0,0,0,0,0,0,0,0,0,-84000,0,0,0,0,84000,-84000,-84000
056834,華新元富99購01  ,0,0,0,0,0,0,0,0,0,-84000,0,0,0,45000,129000,-84000,-84000
05729P,臺股指凱基97售02,0,0,0,0,0,0,0,0,0,-84000,0,0,0,71000,155000,-84000,-84000
058154,泰碩統一9A購01  ,0,0,0,0,0,0,0,0,0,-84000,0,0,0,93000,177000,-84000,-84000
3008,大立光          ,149149,233279,-84130,0,0,0,7000,5000,2000,-2000,0,0,0,0,2000,-2000,-84130
061826,台郡麥證9B購01  ,0,0,0,0,85000,-85000,0,0,0,-85000,0,0,0,0,85000,-85000,-85000
061678,玉晶光元大9B購04,0,0,0,0,0,0,0,0,0,-85000,0,0,0,0,85000,-85000,-85000
061307,和潤永豐9A購02  ,0,0,0,0,0,0,0,0,0,-85000,0,0,0,10000,95000,-85000,-85000
063390,嘉晶兆豐9B購01  ,0,0,0,0,0,0,0,0,0,-85000,0,0,0,0,85000,-85000,-85000
063485,巨大元大9B購04  ,0,0,0,0,0,0,0,0,0,-85000,0,0,0,32000,117000,-85000,-85000
063095,健策國票9B購02  ,0,0,0,0,0,0,0,0,0,-85000,0,0,0,79000,164000,-85000,-85000
062399,神基永豐9B購01  ,0,0,0,0,0,0,0,0,0,-85000,0,0,0,0,85000,-85000,-85000
062695,華通元大9C購01  ,0,0,0,0,0,0,0,0,0,-85000,0,0,0,0,85000,-85000,-85000
062868,葡萄王中信9B購01,0,0,0,0,0,0,0,0,0,-85000,0,0,0,0,85000,-85000,-85000
056744,麗豐凱基9A購01  ,0,0,0,0,0,0,0,0,0,-85000,0,0,0,20000,105000,-85000,-85000
055178,晶豪科統一97購01,0,0,0,0,0,0,0,0,0,-85000,0,0,0,0,85000,-85000,-85000
052203,T50反1中信99購03,0,0,0,0,0,0,0,0,0,-85000,0,0,0,100000,185000,-85000,-85000
058122,美律國票9A購01  ,0,0,0,0,0,0,0,0,0,-85000,0,0,0,25000,110000,-85000,-85000
058520,智易元大99購03  ,0,0,0,0,0,0,0,0,0,-85000,0,0,0,119000,204000,-85000,-85000
058439,玉晶光統一01購02,0,0,0,0,0,0,0,0,0,-85000,0,0,0,5000,90000,-85000,-85000
05724P,致茂永豐96售01  ,0,0,0,0,0,0,0,0,0,-85000,0,0,0,0,85000,-85000,-85000
3026,禾伸堂          ,255000,305000,-50000,0,0,0,0,0,0,-35000,0,27000,-27000,10000,18000,-8000,-85000
07647P,健策國票9A售04  ,0,0,0,0,0,0,0,0,0,-85000,0,0,0,138000,223000,-85000,-85000
062451,瀚宇博元大9B購02,0,0,0,0,0,0,0,0,0,-86000,0,0,0,219000,305000,-86000,-86000
061633,統一元大9A購01  ,0,0,0,0,0,0,0,0,0,-86000,0,0,0,0,86000,-86000,-86000
055232,泰碩國票98購01  ,0,0,0,0,0,0,0,0,0,-86000,0,0,0,0,86000,-86000,-86000
058213,欣興群益99購01  ,0,0,0,0,0,0,0,0,0,-86000,0,0,0,78000,164000,-86000,-86000
060129,祥碩永豐99購03  ,0,0,0,0,0,0,0,0,0,-86000,0,0,0,1000,87000,-86000,-86000
060798,旭富永豐9A購01  ,0,0,0,0,0,0,0,0,0,-86000,0,0,0,8000,94000,-86000,-86000
3703,欣陸            ,131000,217000,-86000,0,0,0,0,0,0,0,0,0,0,0,0,0,-86000
1905,華紙            ,399000,485000,-86000,0,0,0,0,0,0,0,0,0,0,0,0,0,-86000
062305,遠東新凱基9B購01,0,0,0,0,0,0,0,0,0,-87000,0,0,0,0,87000,-87000,-87000
054970,帆宣元大97購01  ,0,0,0,0,0,0,0,0,0,-87000,0,0,0,339000,426000,-87000,-87000
060289,京元電元大9A購01,30000,0,30000,0,0,0,0,0,0,-117000,0,0,0,147000,264000,-117000,-87000
058250,台虹元大99購01  ,0,0,0,0,0,0,0,0,0,-87000,0,0,0,121000,208000,-87000,-87000
059856,昇陽半永豐99購03,0,0,0,0,0,0,0,0,0,-87000,0,0,0,0,87000,-87000,-87000
2702,華園            ,159000,246000,-87000,0,0,0,0,0,0,0,0,0,0,0,0,0,-87000
07844P,可成國票9A售01  ,0,0,0,0,0,0,0,0,0,-87000,0,0,0,38000,125000,-87000,-87000
07506P,中租元大9A售01  ,0,0,0,0,0,0,0,0,0,-87000,0,0,0,60000,147000,-87000,-87000
062345,和大群益9B購01  ,0,0,0,0,0,0,0,0,0,-88000,0,0,0,0,88000,-88000,-88000
062501,台積電群益9C購03,0,0,0,0,0,0,0,0,0,-88000,0,0,0,39000,127000,-88000,-88000
062743,微星國泰01購01  ,0,0,0,0,0,0,0,0,0,-88000,0,0,0,98000,186000,-88000,-88000
063130,聯茂元大9B購02  ,0,0,0,0,0,0,0,0,0,-88000,0,0,0,15000,103000,-88000,-88000
063121,友達元大9C購09  ,0,0,0,0,0,0,0,0,0,-88000,0,0,0,25000,113000,-88000,-88000
061484,華通兆豐9B購01  ,0,0,0,0,0,0,0,0,0,-88000,0,0,0,193000,281000,-88000,-88000
055497,開發金元大97購01,0,0,0,0,0,0,0,0,0,-88000,0,0,0,55000,143000,-88000,-88000
055388,華通統一97購03  ,0,0,0,0,0,0,0,0,0,-88000,0,0,0,20000,108000,-88000,-88000
020016,統一MSCI美科技N ,0,0,0,0,0,0,0,0,0,-88000,0,0,0,168000,256000,-88000,-88000
059287,華通元富99購03  ,0,0,0,0,0,0,0,0,0,-88000,0,0,0,15000,103000,-88000,-88000
059359,精元永豐99購01  ,0,0,0,0,0,0,0,0,0,-88000,0,0,0,711000,799000,-88000,-88000
060104,新日興元大99購03,0,0,0,0,0,0,0,0,0,-88000,0,0,0,89000,177000,-88000,-88000
058201,華通凱基9A購01  ,0,0,0,0,0,0,0,0,0,-88000,0,0,0,1000,89000,-88000,-88000
06766P,玉晶光元大99售10,0,0,0,0,0,0,0,0,0,-88000,0,0,0,2000,90000,-88000,-88000
063250,同欣電元大9B購03,0,0,0,0,0,0,0,0,0,-89000,0,0,0,140000,229000,-89000,-89000
063008,華通元大9B購06  ,0,0,0,0,0,0,0,0,0,-89000,0,0,0,25000,114000,-89000,-89000
062577,泰鼎群益9B購01  ,0,0,0,0,0,0,0,0,0,-89000,0,0,0,222000,311000,-89000,-89000
060602,京元電凱基9A購01,0,0,0,0,0,0,0,0,0,-89000,0,0,0,0,89000,-89000,-89000
057320,玉晶光凱基98購01,0,0,0,0,0,0,0,0,0,-89000,0,0,0,0,89000,-89000,-89000
06938P,南電元大98售03  ,0,0,0,0,0,0,0,0,0,-89000,0,0,0,0,89000,-89000,-89000
07513P,台積電元大9A售13,0,0,0,0,0,0,0,0,0,-89000,0,0,0,0,89000,-89000,-89000
07353P,大立光國票99售02,0,0,0,0,0,0,0,0,0,-89000,0,0,0,1000,90000,-89000,-89000
07952P,富邦金元大9B售02,0,0,0,0,0,0,0,0,0,-89000,0,0,0,0,89000,-89000,-89000
1809,中釉            ,42000,131000,-89000,0,0,0,0,0,0,0,0,0,0,0,0,0,-89000
062669,微星中信03購01  ,0,0,0,0,0,0,0,0,0,-90000,0,0,0,141000,231000,-90000,-90000
062924,世紀鋼元大9C購04,0,0,0,0,0,0,0,0,0,-90000,0,0,0,686000,776000,-90000,-90000
060986,聯發科元大9A購07,0,0,0,0,0,0,0,0,0,-90000,0,0,0,0,90000,-90000,-90000
061889,祥碩富邦9B購01  ,0,0,0,0,0,0,0,0,0,-90000,0,0,0,12000,102000,-90000,-90000
054404,新日興康和96購01,0,0,0,0,0,0,0,0,0,-90000,0,0,0,0,90000,-90000,-90000
055411,國巨富邦9A購02  ,0,0,0,0,0,0,0,0,0,-90000,0,0,0,0,90000,-90000,-90000
058615,矽創元大99購01  ,0,0,0,0,0,0,0,0,0,-90000,0,0,0,0,90000,-90000,-90000
058768,南港兆豐99購01  ,0,0,0,0,0,0,0,0,0,-90000,0,0,0,10000,100000,-90000,-90000
056998,麗豐康和98購01  ,0,0,0,0,0,0,0,0,0,-90000,0,0,0,0,90000,-90000,-90000
058135,景碩元大99購01  ,0,0,0,0,0,0,0,0,0,-90000,0,0,0,60000,150000,-90000,-90000
058450,旺宏永豐99購01  ,0,0,0,0,0,0,0,0,0,-90000,0,0,0,60000,150000,-90000,-90000
058525,台虹元大99購02  ,0,0,0,0,0,0,0,0,0,-90000,0,0,0,366000,456000,-90000,-90000
07419P,聯發科元大99售46,0,0,0,0,0,0,0,0,0,-90000,0,0,0,10000,100000,-90000,-90000
06928P,鴻海元大99售10  ,0,0,0,0,0,0,0,0,0,-90000,0,0,0,30000,120000,-90000,-90000
062027,國泰金群益9B購01,0,0,0,0,0,0,0,0,0,-91000,0,0,0,27000,118000,-91000,-91000
061695,群創群益9A購01  ,0,0,0,0,0,0,0,0,0,-91000,0,0,0,0,91000,-91000,-91000
062415,聯茂中信9C購01  ,0,0,0,0,0,0,0,0,0,-91000,0,0,0,0,91000,-91000,-91000
058754,元油2X群益99購02,0,0,0,0,0,0,0,0,0,-91000,0,0,0,0,91000,-91000,-91000
047564,滬深2X國票99購01,0,0,0,0,0,0,0,0,0,-91000,0,0,0,119000,210000,-91000,-91000
006205,富邦上証        ,39000,15000,24000,0,0,0,0,0,0,-115000,0,0,0,1089000,1204000,-115000,-91000
9940,信義            ,6000,98000,-92000,0,0,0,0,0,0,1000,1000,0,1000,0,0,0,-91000
061822,和潤群益9B購01  ,0,0,0,0,0,0,0,0,0,-92000,0,0,0,0,92000,-92000,-92000
061165,美律兆豐9A購01  ,0,0,0,0,0,0,0,0,0,-92000,0,0,0,75000,167000,-92000,-92000
061270,彩晶凱基9A購02  ,0,0,0,0,0,0,0,0,0,-92000,0,0,0,60000,152000,-92000,-92000
046061,中石化凱基98購01,0,0,0,0,0,0,0,0,0,-92000,0,0,0,128000,220000,-92000,-92000
055962,晶豪科元大97購02,0,0,0,0,0,0,0,0,0,-92000,0,0,0,0,92000,-92000,-92000
055026,健和興國泰98購01,0,0,0,0,0,0,0,0,0,-92000,0,0,0,15000,107000,-92000,-92000
056694,欣興群益98購04  ,0,0,0,0,0,0,0,0,0,-92000,0,0,0,36000,128000,-92000,-92000
060632,可成富邦9B購01  ,0,0,0,0,0,0,0,0,0,-92000,0,0,0,33000,125000,-92000,-92000
057817,景碩元大98購01  ,0,0,0,0,0,0,0,0,0,-92000,0,0,0,82000,174000,-92000,-92000
3312,弘憶股          ,52000,144000,-92000,0,0,0,0,0,0,0,0,0,0,0,0,0,-92000
4137,麗豐-KY         ,14000,88000,-74000,0,0,0,0,0,0,-18000,5000,20000,-15000,1000,4000,-3000,-92000
063209,巨大統一01購01  ,0,0,0,0,0,0,0,0,0,-93000,0,0,0,101000,194000,-93000,-93000
6024,群益期          ,83000,126000,-43000,0,0,0,0,0,0,-50000,0,50000,-50000,0,0,0,-93000
08118P,嘉澤元富9B售02  ,0,0,0,0,0,0,0,0,0,-93000,0,0,0,111000,204000,-93000,-93000
08074P,緯穎元富9B售02  ,0,0,0,0,0,0,0,0,0,-93000,0,0,0,11000,104000,-93000,-93000
2207,和泰車          ,210237,304000,-93763,0,0,0,0,0,0,0,0,0,0,0,0,0,-93763
061202,和大元大9A購02  ,0,0,0,0,0,0,0,0,0,-94000,0,0,0,103000,197000,-94000,-94000
061555,聯電國票9B購01  ,0,0,0,0,0,0,0,0,0,-94000,0,0,0,61000,155000,-94000,-94000
055611,燿華國票98購02  ,0,0,0,0,0,0,0,0,0,-94000,0,0,0,15000,109000,-94000,-94000
058746,華通凱基9A購02  ,0,0,0,0,0,0,0,0,0,-94000,0,0,0,0,94000,-94000,-94000
006208,富邦台50        ,6000,7000,-1000,0,0,0,0,0,0,-93000,0,0,0,625000,718000,-93000,-94000
00730,富邦臺灣優質高息,0,0,0,0,0,0,0,0,0,-94000,0,0,0,420000,514000,-94000,-94000
049255,旺宏元大97購02  ,0,0,0,0,0,0,0,0,0,-94000,0,0,0,18000,112000,-94000,-94000
059096,百和元大99購04  ,0,0,0,0,0,0,0,0,0,-94000,0,0,0,31000,125000,-94000,-94000
07635P,世芯永豐9A售05  ,0,0,0,0,0,0,0,0,0,-94000,0,0,0,7000,101000,-94000,-94000
07103P,南電元大99售04  ,0,0,0,0,0,0,0,0,0,-94000,0,0,0,15000,109000,-94000,-94000
053928,智易國票97購03  ,0,0,0,0,0,0,0,0,0,-95000,0,0,0,0,95000,-95000,-95000
052104,英業達兆豐96購01,0,0,0,0,0,0,0,0,0,-95000,0,0,0,339000,434000,-95000,-95000
056477,欣興元大98購02  ,0,0,0,0,0,0,0,0,0,-95000,0,0,0,4000,99000,-95000,-95000
057179,可成元大98購04  ,0,0,0,0,0,0,0,0,0,-95000,0,0,0,6000,101000,-95000,-95000
060513,緯穎元大9B購01  ,0,0,0,0,0,0,0,0,0,-95000,0,0,0,25000,120000,-95000,-95000
058518,玉晶光元大99購13,0,0,0,0,0,0,0,0,0,-95000,0,0,0,55000,150000,-95000,-95000
2486,一詮            ,10000,105000,-95000,0,0,0,0,0,0,0,0,0,0,0,0,0,-95000
062075,智邦元大9B購03  ,0,0,0,0,0,0,0,0,0,-96000,0,0,0,75000,171000,-96000,-96000
063211,道瓊銀國票9B購01,0,0,0,0,0,0,0,0,0,-96000,0,0,0,24000,120000,-96000,-96000
06337P,祥碩元大97售05  ,0,0,0,0,0,0,0,0,0,-96000,0,0,0,65000,161000,-96000,-96000
058752,鈺齊凱基9A購01  ,19000,0,19000,0,0,0,0,0,0,-115000,0,0,0,53000,168000,-115000,-96000
059646,聯茂凱基99購06  ,0,0,0,0,0,0,0,0,0,-96000,0,0,0,0,96000,-96000,-96000
057988,鈺齊元富98購02  ,0,0,0,0,0,0,0,0,0,-96000,0,0,0,20000,116000,-96000,-96000
2535,達欣工          ,85000,268000,-183000,0,0,0,0,0,0,87000,87000,0,87000,0,0,0,-96000
2374,佳能            ,1000,91000,-90000,0,0,0,0,0,0,-6000,0,6000,-6000,0,0,0,-96000
07171P,臺股指國票99售08,0,0,0,0,0,0,0,0,0,-96000,0,0,0,10000,106000,-96000,-96000
063460,智邦元大9B購08  ,0,0,0,0,0,0,0,0,0,-97000,0,0,0,115000,212000,-97000,-97000
062228,南六統一02購01  ,0,0,0,0,0,0,0,0,0,-97000,0,0,0,140000,237000,-97000,-97000
062590,亞光統一9B購01  ,0,0,0,0,0,0,0,0,0,-97000,0,0,0,52000,149000,-97000,-97000
062609,帆宣凱基9B購01  ,0,0,0,0,0,0,0,0,0,-97000,0,0,0,60000,157000,-97000,-97000
061660,禾伸堂永豐9A購01,0,0,0,0,0,0,0,0,0,-97000,0,0,0,0,97000,-97000,-97000
058764,康友群益99購01  ,0,0,0,0,0,0,0,0,0,-97000,0,0,0,0,97000,-97000,-97000
056124,華通國票98購02  ,0,0,0,0,0,0,0,0,0,-97000,0,0,0,1000,98000,-97000,-97000
053573,臺股指統一99購01,0,0,0,0,0,0,0,0,0,-97000,0,0,0,128000,225000,-97000,-97000
059147,矽創國票99購01  ,0,0,0,0,0,0,0,0,0,-97000,0,0,0,82000,179000,-97000,-97000
058498,世紀鋼群益99購01,0,0,0,0,0,0,0,0,0,-97000,0,0,0,177000,274000,-97000,-97000
058584,百和群益9A購01  ,0,0,0,0,0,0,0,0,0,-97000,0,0,0,79000,176000,-97000,-97000
07246P,旺宏凱基99售08  ,0,0,0,0,0,0,0,0,0,-97000,0,0,0,0,97000,-97000,-97000
061903,宏全永豐9B購01  ,0,0,0,0,0,0,0,0,0,-98000,0,0,0,68000,166000,-98000,-98000
062667,立積群益9B購01  ,0,0,0,0,0,0,0,0,0,-98000,0,0,0,0,98000,-98000,-98000
062833,世芯群益9B購01  ,0,0,0,0,0,0,0,0,0,-98000,0,0,0,1000,99000,-98000,-98000
053255,貿聯國泰97購01  ,0,0,0,0,0,0,0,0,0,-98000,0,0,0,5000,103000,-98000,-98000
053871,臻鼎元大96購03  ,0,0,0,0,0,0,0,0,0,-98000,0,0,0,1000,99000,-98000,-98000
055648,可成元富97購01  ,0,0,0,0,0,0,0,0,0,-98000,0,0,0,2000,100000,-98000,-98000
058698,華通元大99購05  ,0,0,0,0,0,0,0,0,0,-98000,0,0,0,60000,158000,-98000,-98000
060042,台積電群益99購12,0,0,0,0,0,0,0,0,0,-98000,0,0,0,20000,118000,-98000,-98000
059665,嘉聯益元大99購06,0,0,0,0,0,0,0,0,0,-98000,0,0,0,5000,103000,-98000,-98000
057009,信邦中信99購01  ,0,0,0,0,0,0,0,0,0,-98000,0,0,0,2000,100000,-98000,-98000
062730,致伸凱基9B購01  ,0,0,0,0,0,0,0,0,0,-99000,0,0,0,0,99000,-99000,-99000
060816,世紀鋼凱基9C購02,0,0,0,0,0,0,0,0,0,-99000,0,0,0,477000,576000,-99000,-99000
058802,矽創元大99購02  ,0,0,0,0,0,0,0,0,0,-99000,0,0,0,137000,236000,-99000,-99000
055896,南電統一97購02  ,0,0,0,0,0,0,0,0,0,-99000,0,0,0,223000,322000,-99000,-99000
056227,奇力新凱基98購04,0,0,0,0,0,0,0,0,0,-99000,0,0,0,0,99000,-99000,-99000
058456,京鼎永豐99購01  ,0,0,0,0,0,0,0,0,0,-99000,0,0,0,2000,101000,-99000,-99000
059911,國巨元大99購27  ,0,0,0,0,0,0,0,0,0,-99000,0,0,0,1000,100000,-99000,-99000
1527,鑽全            ,99000,200000,-101000,0,0,0,0,0,0,2000,2000,0,2000,0,0,0,-99000
061066,嘉晶凱基9B購01  ,0,0,0,0,0,0,0,0,0,-100000,0,0,0,34000,134000,-100000,-100000
061160,瑞祺群益9A購01  ,0,0,0,0,0,0,0,0,0,-100000,0,0,0,6000,106000,-100000,-100000
061452,大成鋼凱基9A購01,0,0,0,0,0,0,0,0,0,-100000,0,0,0,123000,223000,-100000,-100000
061531,奇鋐台新9A購01  ,0,0,0,0,0,0,0,0,0,-100000,0,0,0,0,100000,-100000,-100000
061509,SP黃豆富邦9C購01,0,0,0,0,0,0,0,0,0,-100000,0,0,0,0,100000,-100000,-100000
062093,台積電富邦9C購11,0,0,0,0,0,0,0,0,0,-100000,0,0,0,0,100000,-100000,-100000
061550,聯鈞群益9A購03  ,0,0,0,0,0,0,0,0,0,-100000,0,0,0,118000,218000,-100000,-100000
062708,立積元大9B購01  ,0,0,0,0,0,0,0,0,0,-100000,0,0,0,0,100000,-100000,-100000
062622,南電元大9B購03  ,0,0,0,0,0,0,0,0,0,-100000,0,0,0,0,100000,-100000,-100000
062421,台積電統一9C購09,0,0,0,0,0,0,0,0,0,-100000,0,0,0,0,100000,-100000,-100000
063430,台積電台新9B購07,0,0,0,0,0,0,0,0,0,-100000,0,0,0,0,100000,-100000,-100000
063331,瑞儀國票9C購01  ,0,0,0,0,0,0,0,0,0,-100000,0,0,0,30000,130000,-100000,-100000
06467P,旺宏統一98售01  ,0,0,0,0,0,0,0,0,0,-100000,0,0,0,52000,152000,-100000,-100000
055556,奇力新凱基98購03,0,0,0,0,0,0,0,0,0,-100000,0,0,0,0,100000,-100000,-100000
058790,楠梓電元大99購03,0,0,0,0,0,0,0,0,0,-100000,0,0,0,0,100000,-100000,-100000
055340,華新科日盛97購01,0,0,0,0,0,0,0,0,0,-100000,0,0,0,0,100000,-100000,-100000
055348,旺宏凱基97購01  ,0,0,0,0,0,0,0,0,0,-100000,0,0,0,0,100000,-100000,-100000
057846,神達永豐98購01  ,0,0,0,0,0,0,0,0,0,-100000,0,0,0,0,100000,-100000,-100000
05650P,台積電富邦96售01,0,0,0,0,0,0,0,0,0,-100000,0,0,0,0,100000,-100000,-100000
055039,神達富邦99購01  ,0,0,0,0,0,0,0,0,0,-100000,0,0,0,0,100000,-100000,-100000
054279,揚明光群益98購01,0,0,0,0,0,0,0,0,0,-100000,0,0,0,0,100000,-100000,-100000
054301,楠梓電凱基98購01,0,0,0,0,0,0,0,0,0,-100000,0,0,0,0,100000,-100000,-100000
053959,晶豪科永豐96購02,0,0,0,0,0,0,0,0,0,-100000,0,0,0,0,100000,-100000,-100000
047904,臺指反元大96購01,0,0,0,0,0,0,0,0,0,-100000,0,0,0,0,100000,-100000,-100000
054256,創意元大96購07  ,0,0,0,0,0,0,0,0,0,-100000,0,0,0,0,100000,-100000,-100000
03447B,臺股指凱基9B熊16,0,0,0,0,0,0,0,0,0,-100000,0,0,0,10000,110000,-100000,-100000
051795,T50反1台新05購02,0,0,0,0,0,0,0,0,0,-100000,0,0,0,7000,107000,-100000,-100000
053294,聯發科中信9C購01,0,0,0,0,0,0,0,0,0,-100000,0,0,0,107000,207000,-100000,-100000
053049,T50反1國票98購01,0,0,0,0,0,0,0,0,0,-100000,0,0,0,0,100000,-100000,-100000
054805,台苯元大9A購01  ,0,0,0,0,0,0,0,0,0,-100000,0,0,0,0,100000,-100000,-100000
052997,國巨康和96購01  ,0,0,0,0,0,0,0,0,0,-100000,0,0,0,0,100000,-100000,-100000
052968,燿華群益98購01  ,0,0,0,0,0,0,0,0,0,-100000,0,0,0,0,100000,-100000,-100000
054883,億光統一97購01  ,0,0,0,0,0,0,0,0,0,-100000,0,0,0,0,100000,-100000,-100000
059876,智易凱基99購02  ,0,0,0,0,0,0,0,0,0,-100000,0,0,0,40000,140000,-100000,-100000
057422,欣興凱基98購04  ,0,0,0,0,0,0,0,0,0,-100000,0,0,0,0,100000,-100000,-100000
057389,玉晶光永豐98購06,0,0,0,0,0,0,0,0,0,-100000,0,0,0,0,100000,-100000,-100000
058546,玉晶光富邦9B購01,0,0,0,0,0,0,0,0,0,-100000,0,0,0,0,100000,-100000,-100000
060014,中鋼康和99購01  ,0,0,0,0,0,0,0,0,0,-100000,0,0,0,0,100000,-100000,-100000
060723,致新永豐9A購01  ,0,0,0,0,0,0,0,0,0,-100000,0,0,0,239000,339000,-100000,-100000
060115,南電元大99購06  ,0,0,0,0,0,0,0,0,0,-100000,0,0,0,40000,140000,-100000,-100000
060232,友訊元大9C購01  ,0,0,0,0,0,0,0,0,0,-100000,0,0,0,43000,143000,-100000,-100000
056979,微星群益98購01  ,0,0,0,0,0,0,0,0,0,-100000,0,0,0,0,100000,-100000,-100000
057777,可成群益9A購03  ,0,0,0,0,0,0,0,0,0,-100000,0,0,0,0,100000,-100000,-100000
057746,同欣電永豐98購02,0,0,0,0,0,0,0,0,0,-100000,0,0,0,0,100000,-100000,-100000
057768,華新科中信9A購01,0,0,0,0,0,0,0,0,0,-100000,0,0,0,0,100000,-100000,-100000
057598,鴻海群益98購07  ,0,0,0,0,0,0,0,0,0,-100000,0,0,0,0,100000,-100000,-100000
058034,神達永豐98購02  ,0,0,0,0,0,0,0,0,0,-100000,0,0,0,0,100000,-100000,-100000
05919P,京鼎元大96售03  ,0,0,0,0,0,0,0,0,0,-100000,0,0,0,166000,266000,-100000,-100000
057925,貿聯凱基99購01  ,0,0,0,0,0,0,0,0,0,-100000,0,0,0,116000,216000,-100000,-100000
057150,貿聯國票99購02  ,0,0,0,0,0,0,0,0,0,-100000,0,0,0,43000,143000,-100000,-100000
07614P,華新科群益9A售04,0,0,0,0,0,0,0,0,0,-100000,0,0,0,0,100000,-100000,-100000
07703P,玉晶光中信9B售03,0,0,0,0,0,0,0,0,0,-100000,0,0,0,0,100000,-100000,-100000
07676P,華新科永豐9A售02,0,0,0,0,0,0,0,0,0,-100000,0,0,0,0,100000,-100000,-100000
07927P,國巨統一9B售08  ,0,0,0,0,0,0,0,0,0,-100000,0,0,0,50000,150000,-100000,-100000
07817P,同欣電群益9A售02,0,0,0,0,0,0,0,0,0,-100000,0,0,0,118000,218000,-100000,-100000
07417P,聯發科元大99售44,0,0,0,0,0,0,0,0,0,-100000,0,0,0,0,100000,-100000,-100000
07442P,華航康和9A售02  ,0,0,0,0,0,0,0,0,0,-100000,0,0,0,0,100000,-100000,-100000
07322P,鴻海元大99售33  ,0,0,0,0,0,0,0,0,0,-100000,0,0,0,0,100000,-100000,-100000
06884P,台郡群益98售03  ,0,0,0,0,0,0,0,0,0,-100000,0,0,0,0,100000,-100000,-100000
06973P,臺股指元大9A售11,0,0,0,0,0,0,0,0,0,-100000,0,0,0,0,100000,-100000,-100000
06778P,台積電元大99售06,0,0,0,0,0,0,0,0,0,-100000,0,0,0,0,100000,-100000,-100000
06848P,聯詠元大98售04  ,0,0,0,0,0,0,0,0,0,-100000,0,0,0,0,100000,-100000,-100000
06636P,可成凱基98售08  ,0,0,0,0,0,0,0,0,0,-100000,0,0,0,0,100000,-100000,-100000
2539,櫻花建          ,6000,106000,-100000,0,0,0,0,0,0,0,0,0,0,0,0,0,-100000
8422,可寧衛          ,21000,121000,-100000,0,0,0,0,0,0,0,0,0,0,0,0,0,-100000
062084,台郡元大9B購04  ,0,0,0,0,0,0,0,0,0,-101000,0,0,0,75000,176000,-101000,-101000
061011,華通麥證9A購02  ,0,0,0,25000,126000,-101000,0,0,0,-101000,0,0,0,25000,126000,-101000,-101000
03681C,台灣50凱基02牛02,0,0,0,0,0,0,0,0,0,-101000,0,0,0,0,101000,-101000,-101000
047420,全新富邦97購01  ,0,0,0,0,0,0,0,0,0,-101000,0,0,0,0,101000,-101000,-101000
059640,聯詠凱基99購04  ,0,0,0,0,0,0,0,0,0,-101000,0,0,0,0,101000,-101000,-101000
059829,超眾凱基99購05  ,0,0,0,0,0,0,0,0,0,-101000,0,0,0,10000,111000,-101000,-101000
057570,技嘉永豐98購02  ,0,0,0,0,0,0,0,0,0,-101000,0,0,0,40000,141000,-101000,-101000
057641,旺宏元大98購10  ,0,0,0,0,0,0,0,0,0,-101000,0,0,0,53000,154000,-101000,-101000
059282,嘉聯益永豐99購01,0,0,0,0,0,0,0,0,0,-101000,0,0,0,49000,150000,-101000,-101000
061870,智邦元大9B購02  ,0,0,0,0,0,0,0,0,0,-102000,0,0,0,102000,204000,-102000,-102000
061829,T50反1凱基9C購02,0,0,0,0,0,0,0,0,0,-102000,0,0,0,0,102000,-102000,-102000
053455,台光電元富96購02,0,0,0,0,0,0,0,0,0,-102000,0,0,0,0,102000,-102000,-102000
055808,世紀鋼永豐97購01,0,0,0,0,0,0,0,0,0,-102000,0,0,0,0,102000,-102000,-102000
055804,祥碩永豐97購02  ,0,0,0,0,0,0,0,0,0,-102000,0,0,0,17000,119000,-102000,-102000
059425,SGBR2X元大9A購02,0,0,0,0,0,0,0,0,0,-102000,0,0,0,214000,316000,-102000,-102000
1789,神隆            ,484000,570000,-86000,0,0,0,0,0,0,-16000,0,0,0,3000,19000,-16000,-102000
07129P,華新科元大99售14,0,0,0,0,0,0,0,0,0,-102000,0,0,0,90000,192000,-102000,-102000
062024,臺股指中信9C購05,0,0,0,0,0,0,0,0,0,-103000,0,0,0,0,103000,-103000,-103000
061150,國巨群益9A購09  ,0,0,0,0,0,0,0,0,0,-103000,0,0,0,0,103000,-103000,-103000
057603,樺漢群益98購02  ,0,0,0,0,0,0,0,0,0,-103000,0,0,0,0,103000,-103000,-103000
2010,春源            ,65000,168000,-103000,0,0,0,0,0,0,0,0,0,0,0,0,0,-103000
056191,世紀鋼統一97購01,0,0,0,0,0,0,0,0,0,-104000,0,0,0,201000,305000,-104000,-104000
2231,為升            ,112000,214000,-102000,0,0,0,0,0,0,-2000,0,0,0,2000,4000,-2000,-104000
061394,FBVIX統一9B購01 ,0,0,0,0,0,0,0,0,0,-105000,0,0,0,0,105000,-105000,-105000
062013,奇鋐富邦9B購01  ,0,0,0,0,0,0,0,0,0,-105000,0,0,0,2000,107000,-105000,-105000
062362,致茂元大9B購01  ,0,0,0,0,0,0,0,0,0,-105000,0,0,0,87000,192000,-105000,-105000
055562,欣興凱基97購06  ,0,0,0,0,0,0,0,0,0,-105000,0,0,0,0,105000,-105000,-105000
053527,創意中信97購01  ,0,0,0,0,0,0,0,0,0,-105000,0,0,0,5000,110000,-105000,-105000
057705,臺股指群益98購05,0,0,0,0,0,0,0,0,0,-105000,0,0,0,7000,112000,-105000,-105000
060092,瑞昱元大99購03  ,0,0,0,0,0,0,0,0,0,-105000,0,0,0,68000,173000,-105000,-105000
058611,欣興元大99購06  ,0,0,0,0,0,0,0,0,0,-105000,0,0,0,3000,108000,-105000,-105000
058402,欣興元大99購04  ,0,0,0,0,0,0,0,0,0,-105000,0,0,0,44000,149000,-105000,-105000
059882,臺股指凱基9C購06,0,0,0,0,0,0,0,0,0,-105000,0,0,0,328000,433000,-105000,-105000
2388,威盛            ,38000,143000,-105000,0,0,0,0,0,0,0,0,0,0,0,0,0,-105000
8404,百和興業-KY     ,63000,168000,-105000,0,0,0,0,0,0,0,0,0,0,0,0,0,-105000
07840P,康控元大9A售02  ,0,0,0,0,0,0,0,0,0,-105000,0,0,0,130000,235000,-105000,-105000
07975P,國巨元大9B售15  ,0,0,0,0,0,0,0,0,0,-105000,0,0,0,20000,125000,-105000,-105000
1455,集盛            ,445000,550000,-105000,0,0,0,0,0,0,0,0,0,0,0,0,0,-105000
08149P,祥碩群益9B售07  ,0,0,0,0,0,0,0,0,0,-105000,0,0,0,0,105000,-105000,-105000
063170,智邦第一9B購01  ,0,0,0,0,0,0,0,0,0,-106000,0,0,0,6000,112000,-106000,-106000
061600,聯電凱基9B購01  ,0,0,0,0,0,0,0,0,0,-106000,0,0,0,0,106000,-106000,-106000
061033,台光電永豐9A購01,0,0,0,0,0,0,0,0,0,-106000,0,0,0,45000,151000,-106000,-106000
057819,新日興元大99購01,0,0,0,0,0,0,0,0,0,-106000,0,0,0,60000,166000,-106000,-106000
060457,中橡元大9A購02  ,0,0,0,0,0,0,0,0,0,-106000,0,0,0,108000,214000,-106000,-106000
05731P,創意統一96售03  ,0,0,0,0,0,0,0,0,0,-106000,0,0,0,0,106000,-106000,-106000
059140,大立光兆豐9A購02,0,0,0,0,0,0,0,0,0,-106000,0,0,0,14000,120000,-106000,-106000
07690P,華新科元大9A售15,0,0,0,0,0,0,0,0,0,-106000,0,0,0,0,106000,-106000,-106000
06656P,GIS元大98售02   ,0,0,0,0,0,0,0,0,0,-106000,0,0,0,176000,282000,-106000,-106000
2605,新興            ,76000,321000,-245000,0,0,0,0,0,0,139000,140000,0,140000,0,1000,-1000,-106000
063158,瑞昱台新9B購02  ,0,0,0,0,0,0,0,0,0,-107000,0,0,0,20000,127000,-107000,-107000
062990,台積電群益9B購06,0,0,0,0,0,0,0,0,0,-107000,0,0,0,49000,156000,-107000,-107000
062361,智邦元大9B購06  ,0,0,0,0,0,0,0,0,0,-107000,0,0,0,87000,194000,-107000,-107000
059629,友達凱基99購06  ,0,0,0,0,0,0,0,0,0,-107000,0,0,0,33000,140000,-107000,-107000
057032,A50反1元大9B購01,0,0,0,0,0,0,0,0,0,-107000,0,0,0,33000,140000,-107000,-107000
057512,華邦電台新98購01,0,0,0,0,0,0,0,0,0,-107000,0,0,0,60000,167000,-107000,-107000
2515,中工            ,681000,783000,-102000,0,0,0,0,0,0,-5000,0,0,0,32000,37000,-5000,-107000
06701P,臺股指統一99售06,0,0,0,0,0,0,0,0,0,-107000,0,0,0,212000,319000,-107000,-107000
07509P,牧德國票9A售03  ,0,0,0,0,0,0,0,0,0,-107000,0,0,0,0,107000,-107000,-107000
062660,神隆群益9B購02  ,0,0,0,0,0,0,0,0,0,-108000,0,0,0,0,108000,-108000,-108000
061696,南茂群益9A購01  ,0,0,0,0,0,0,0,0,0,-108000,0,0,0,16000,124000,-108000,-108000
056166,微星台新97購01  ,0,0,0,0,0,0,0,0,0,-108000,0,0,0,4000,112000,-108000,-108000
053097,超眾統一96購03  ,0,0,0,0,0,0,0,0,0,-108000,0,0,0,0,108000,-108000,-108000
060299,友訊國泰9B購01  ,0,0,0,0,0,0,0,0,0,-108000,0,0,0,0,108000,-108000,-108000
060337,FBVIX統一9A購01 ,0,0,0,0,0,0,0,0,0,-108000,0,0,0,12000,120000,-108000,-108000
058403,玉晶光元大99購12,0,0,0,0,0,0,0,0,0,-108000,0,0,0,94000,202000,-108000,-108000
06615P,鴻海元大9C售02  ,0,0,0,0,0,0,0,0,0,-108000,0,0,0,0,108000,-108000,-108000
07944P,華新科元大9B售08,0,0,0,0,0,0,0,0,0,-108000,0,0,0,0,108000,-108000,-108000
061969,大立光統一01購02,0,0,0,0,0,0,0,0,0,-109000,0,0,0,0,109000,-109000,-109000
059880,世紀鋼凱基99購02,0,0,0,0,0,0,0,0,0,-109000,0,0,0,175000,284000,-109000,-109000
060713,聯詠永豐9A購01  ,0,0,0,0,0,0,0,0,0,-109000,0,0,0,14000,123000,-109000,-109000
057283,欣興元大98購07  ,0,0,0,0,0,0,0,0,0,-109000,0,0,0,72000,181000,-109000,-109000
06617P,智邦元大98售03  ,0,0,0,0,0,0,0,0,0,-109000,0,0,0,221000,330000,-109000,-109000
061668,信邦中信9B購01  ,0,0,0,0,0,0,0,0,0,-110000,0,0,0,63000,173000,-110000,-110000
061742,奇鋐凱基9B購01  ,0,0,0,0,0,0,0,0,0,-110000,0,0,0,5000,115000,-110000,-110000
062698,台積電元大01購01,0,0,0,0,0,0,0,0,0,-110000,0,0,0,0,110000,-110000,-110000
054437,欣興台新97購02  ,0,0,0,0,0,0,0,0,0,-110000,0,0,0,0,110000,-110000,-110000
056231,嘉聯益凱基97購02,0,0,0,0,0,0,0,0,0,-110000,0,0,0,0,110000,-110000,-110000
058864,欣興凱基99購04  ,0,0,0,0,0,0,0,0,0,-110000,0,0,0,0,110000,-110000,-110000
060539,道瓊反凱基9A購01,0,0,0,0,0,0,0,0,0,-110000,0,0,0,0,110000,-110000,-110000
060392,華擎群益9C購02  ,0,0,0,0,0,0,0,0,0,-110000,0,0,0,17000,127000,-110000,-110000
057395,旺宏中信98購03  ,0,0,0,0,0,0,0,0,0,-110000,0,0,0,20000,130000,-110000,-110000
06702P,智邦元富98售01  ,0,0,0,0,0,0,0,0,0,-110000,0,0,0,0,110000,-110000,-110000
07920P,大立光中信01售01,0,0,0,0,0,0,0,0,0,-110000,0,0,0,0,110000,-110000,-110000
07739P,緯穎永豐9A售01  ,0,0,0,0,0,0,0,0,0,-110000,0,0,0,0,110000,-110000,-110000
08053P,臺股指國票9B售18,0,0,0,0,0,0,0,0,0,-110000,0,0,0,10000,120000,-110000,-110000
062235,億光凱基9B購01  ,0,0,0,0,0,0,0,0,0,-111000,0,0,0,0,111000,-111000,-111000
062919,聯茂元大9B購01  ,0,0,0,0,0,0,0,0,0,-111000,0,0,0,27000,138000,-111000,-111000
056668,光磊國票99購01  ,0,0,0,0,0,0,0,0,0,-111000,0,0,0,45000,156000,-111000,-111000
054235,欣興群益96購06  ,0,0,0,0,0,0,0,0,0,-111000,0,0,0,35000,146000,-111000,-111000
03682C,臺股指凱基9C牛07,0,0,0,0,0,0,0,0,0,-111000,0,0,0,69000,180000,-111000,-111000
4306,炎洲            ,42000,161000,-119000,0,0,0,0,0,0,8000,8000,0,8000,0,0,0,-111000
062307,華通凱基9C購01  ,0,0,0,0,0,0,0,0,0,-112000,0,0,0,2000,114000,-112000,-112000
062425,可成統一01購01  ,0,0,0,0,0,0,0,0,0,-112000,0,0,0,0,112000,-112000,-112000
062591,新日興統一9C購01,0,0,0,0,0,0,0,0,0,-112000,0,0,0,377000,489000,-112000,-112000
062592,牧德統一01購01  ,0,0,0,0,0,0,0,0,0,-112000,0,0,0,2000,114000,-112000,-112000
00766L,台新MSCI中國正2 ,0,0,0,0,0,0,0,0,0,-112000,0,0,0,294000,406000,-112000,-112000
058699,楠梓電元大99購02,0,0,0,0,0,0,0,0,0,-112000,0,0,0,68000,180000,-112000,-112000
057376,新日興元大98購04,0,0,0,0,0,0,0,0,0,-112000,0,0,0,68000,180000,-112000,-112000
060506,京元電元大9A購02,0,0,0,0,0,0,0,0,0,-112000,0,0,0,196000,308000,-112000,-112000
062625,華通國票9B購02  ,0,0,0,0,0,0,0,0,0,-113000,0,0,0,41000,154000,-113000,-113000
061795,智邦永豐9B購01  ,0,0,0,0,0,0,0,0,0,-113000,0,0,0,1000,114000,-113000,-113000
062193,瑞昱第一9B購01  ,0,0,0,0,0,0,0,0,0,-113000,0,0,0,46000,159000,-113000,-113000
056408,奇鋐國票99購01  ,0,0,0,0,0,0,0,0,0,-113000,0,0,0,0,113000,-113000,-113000
00757,統一FANG+       ,0,65000,-65000,0,0,0,0,0,0,-48000,0,0,0,200000,248000,-48000,-113000
051375,道瓊反群益9A購01,0,0,0,0,0,0,0,0,0,-113000,0,0,0,50000,163000,-113000,-113000
054426,國泰金富邦97購02,0,0,0,0,0,0,0,0,0,-113000,0,0,0,0,113000,-113000,-113000
058610,欣興元大99購05  ,0,0,0,0,0,0,0,0,0,-113000,0,0,0,82000,195000,-113000,-113000
057815,信邦元大98購01  ,0,0,0,0,0,0,0,0,0,-113000,0,0,0,33000,146000,-113000,-113000
057105,致茂群益9A購01  ,0,0,0,0,0,0,0,0,0,-113000,0,0,0,30000,143000,-113000,-113000
1519,華城            ,134000,247000,-113000,0,0,0,0,0,0,0,0,0,0,0,0,0,-113000
062031,臻鼎群益9B購01  ,0,0,0,0,0,0,0,0,0,-114000,0,0,0,0,114000,-114000,-114000
056268,新日興統一97購01,0,0,0,0,0,0,0,0,0,-114000,0,0,0,288000,402000,-114000,-114000
058406,聯茂元大99購06  ,0,0,0,0,0,0,0,0,0,-114000,0,0,0,50000,164000,-114000,-114000
058095,昇陽半元大98購03,0,0,0,0,0,0,0,0,0,-114000,0,0,0,0,114000,-114000,-114000
057447,智邦元富02購01  ,0,0,0,0,0,0,0,0,0,-114000,0,0,0,32000,146000,-114000,-114000
07878P,智邦群益9C售01  ,0,0,0,0,0,0,0,0,0,-114000,0,0,0,60000,174000,-114000,-114000
06926P,可成群益9A售04  ,0,0,0,0,0,0,0,0,0,-114000,0,0,0,3000,117000,-114000,-114000
6533,晶心科          ,120000,234000,-114000,0,0,0,0,0,0,0,0,0,0,0,0,0,-114000
6108,競國            ,35000,148000,-113000,0,0,0,0,0,0,-1000,0,1000,-1000,0,0,0,-114000
00712,FH富時不動產    ,412000,75279,336721,0,0,0,0,0,0,-451000,0,0,0,117000,568000,-451000,-114279
061843,億豐凱基9C購01  ,0,0,0,0,0,0,0,0,0,-115000,0,0,0,0,115000,-115000,-115000
062225,華擎統一01購01  ,0,0,0,0,0,0,0,0,0,-115000,0,0,0,3000,118000,-115000,-115000
063356,台表科元富02購01,0,0,0,0,0,0,0,0,0,-115000,0,0,0,105000,220000,-115000,-115000
063392,聯電群益9B購02  ,0,0,0,0,0,0,0,0,0,-115000,0,0,0,0,115000,-115000,-115000
00656R,國泰中國A50反1  ,0,0,0,0,0,0,0,0,0,-115000,0,0,0,115000,230000,-115000,-115000
03445B,臺股指元大02熊01,0,0,0,0,0,0,0,0,0,-115000,0,0,0,56000,171000,-115000,-115000
060409,味全永豐9A購01  ,0,0,0,0,0,0,0,0,0,-115000,0,0,0,30000,145000,-115000,-115000
06999P,玉晶光國票9B售01,0,0,0,0,0,0,0,0,0,-115000,0,0,0,0,115000,-115000,-115000
06569P,可成永豐98售01  ,0,0,0,0,0,0,0,0,0,-115000,0,0,0,15000,130000,-115000,-115000
07358P,鴻海元大99售39  ,0,0,0,0,0,0,0,0,0,-115000,0,0,0,0,115000,-115000,-115000
062859,玉晶光國票01購02,0,0,0,0,0,0,0,0,0,-116000,0,0,0,136000,252000,-116000,-116000
00783,富邦中証500     ,2000,8000,-6000,0,0,0,0,0,0,-110000,0,0,0,834000,944000,-110000,-116000
059199,欣興永豐99購02  ,0,0,0,0,0,0,0,0,0,-116000,0,0,0,21000,137000,-116000,-116000
05758P,光罩永豐96售02  ,0,0,0,0,0,0,0,0,0,-116000,0,0,0,78000,194000,-116000,-116000
063201,廣達統一01購01  ,0,0,0,0,0,0,0,0,0,-117000,0,0,0,0,117000,-117000,-117000
00665L,富邦恒生國企正2 ,0,73000,-73000,0,0,0,0,0,0,-44000,0,0,0,190000,234000,-44000,-117000
056488,致新元大99購01  ,0,0,0,0,0,0,0,0,0,-117000,0,0,0,243000,360000,-117000,-117000
057562,奇鋐兆豐98購01  ,0,0,0,0,0,0,0,0,0,-117000,0,0,0,20000,137000,-117000,-117000
060428,瑞祺永豐9A購01  ,0,0,0,0,0,0,0,0,0,-117000,0,0,0,257000,374000,-117000,-117000
060674,瑞昱元大9A購03  ,20000,0,20000,0,0,0,0,0,0,-137000,0,0,0,29000,166000,-137000,-117000
057490,可成元大98購10  ,0,0,0,0,0,0,0,0,0,-117000,0,0,0,68000,185000,-117000,-117000
062040,玉晶光凱基01購01,0,0,0,0,0,0,0,0,0,-118000,0,0,0,0,118000,-118000,-118000
061334,華通元大9A購09  ,0,0,0,0,0,0,0,0,0,-118000,0,0,0,1000,119000,-118000,-118000
03647C,T50反1元富99牛02,0,0,0,0,0,0,0,0,0,-118000,0,0,0,0,118000,-118000,-118000
060394,欣興麥證9A購01  ,0,0,0,15000,133000,-118000,0,0,0,-118000,0,0,0,15000,133000,-118000,-118000
058241,景碩元大99購05  ,0,0,0,0,0,0,0,0,0,-118000,0,0,0,70000,188000,-118000,-118000
058247,聯茂元大99購04  ,0,0,0,0,0,0,0,0,0,-118000,0,0,0,6000,124000,-118000,-118000
07834P,聯詠群益9A售03  ,0,0,0,0,0,0,0,0,0,-118000,0,0,0,0,118000,-118000,-118000
07560P,台積電國泰9B售01,0,0,0,0,0,0,0,0,0,-118000,0,0,0,0,118000,-118000,-118000
08122P,晶技國票9C售01  ,0,0,0,0,0,0,0,0,0,-118000,0,0,0,0,118000,-118000,-118000
062598,華通台新9B購02  ,0,0,0,0,0,0,0,0,0,-119000,0,0,0,40000,159000,-119000,-119000
062565,漢唐中信9C購01  ,0,0,0,0,0,0,0,0,0,-119000,0,0,0,100000,219000,-119000,-119000
056250,瑞昱兆豐97購02  ,0,0,0,0,0,0,0,0,0,-119000,0,0,0,12000,131000,-119000,-119000
056574,亞光元大99購03  ,0,0,0,0,0,0,0,0,0,-119000,0,0,0,30000,149000,-119000,-119000
058522,聯茂元大99購07  ,0,0,0,0,0,0,0,0,0,-119000,0,0,0,11000,130000,-119000,-119000
08079P,宏達電國票9B售03,0,0,0,0,0,0,0,0,0,-119000,0,0,0,0,119000,-119000,-119000
062810,華通兆豐9B購02  ,0,0,0,0,0,0,0,0,0,-120000,0,0,0,0,120000,-120000,-120000
06187P,國巨統一97售05  ,0,0,0,0,0,0,0,0,0,-120000,0,0,0,0,120000,-120000,-120000
061927,玉晶光凱基9C購01,0,0,0,0,0,0,0,0,0,-120000,0,0,0,0,120000,-120000,-120000
061771,玉晶光元大9C購04,0,0,0,0,0,0,0,0,0,-120000,0,0,0,0,120000,-120000,-120000
055518,華新科中信99購01,0,0,0,0,0,0,0,0,0,-120000,0,0,0,0,120000,-120000,-120000
054185,喬山永豐96購02  ,0,0,0,0,0,0,0,0,0,-120000,0,0,0,30000,150000,-120000,-120000
053398,和鑫中信99購01  ,0,0,0,0,0,0,0,0,0,-120000,0,0,0,0,120000,-120000,-120000
060387,盛群凱基9A購01  ,0,0,0,0,0,0,0,0,0,-120000,0,0,0,0,120000,-120000,-120000
060285,聯電元大9C購01  ,0,0,0,0,0,0,0,0,0,-120000,0,0,0,50000,170000,-120000,-120000
05910P,力山永豐96售02  ,0,0,0,0,0,0,0,0,0,-120000,0,0,0,0,120000,-120000,-120000
059639,大立光凱基9A購06,0,0,0,0,0,0,0,0,0,-120000,0,0,0,0,120000,-120000,-120000
1440,南紡            ,384000,504000,-120000,0,0,0,0,0,0,0,0,0,0,0,0,0,-120000
07807P,聯茂永豐9A售02  ,0,0,0,0,0,0,0,0,0,-120000,0,0,0,0,120000,-120000,-120000
07123P,鴻海元大99售23  ,0,0,0,0,0,0,0,0,0,-120000,0,0,0,0,120000,-120000,-120000
055032,億光富邦99購01  ,0,0,0,0,0,0,0,0,0,-121000,0,0,0,0,121000,-121000,-121000
059878,聯茂凱基99購07  ,0,0,0,0,0,0,0,0,0,-121000,0,0,0,41000,162000,-121000,-121000
06568P,國巨永豐98售05  ,0,0,0,0,0,0,0,0,0,-121000,0,0,0,0,121000,-121000,-121000
07815P,美律群益9A售04  ,0,0,0,0,0,0,0,0,0,-121000,0,0,0,20000,141000,-121000,-121000
4739,康普            ,28000,148000,-120000,0,0,0,0,0,0,-1000,1000,0,1000,0,2000,-2000,-121000
055667,致茂群益98購01  ,0,0,0,0,0,0,0,0,0,-122000,0,0,0,0,122000,-122000,-122000
054627,義隆凱基98購01  ,0,0,0,0,0,0,0,0,0,-122000,0,0,0,172000,294000,-122000,-122000
060083,和大元大99購02  ,0,0,0,0,0,0,0,0,0,-122000,0,0,0,0,122000,-122000,-122000
057739,新日興富邦9B購01,0,0,0,0,0,0,0,0,0,-122000,0,0,0,365000,487000,-122000,-122000
2536,宏普            ,80000,202000,-122000,0,0,0,0,0,0,0,0,0,0,0,0,0,-122000
2034,允強            ,81000,203000,-122000,0,0,0,0,0,0,0,0,0,0,0,0,0,-122000
06822P,上銀富邦99售03  ,0,0,0,0,0,0,0,0,0,-122000,0,0,0,72000,194000,-122000,-122000
07459P,緯穎元大9A售01  ,0,0,0,0,0,0,0,0,0,-122000,0,0,0,308000,430000,-122000,-122000
1532,勤美            ,40000,162600,-122600,0,0,0,0,0,0,0,0,0,0,0,0,0,-122600
062164,禾伸堂國泰01購01,0,0,0,0,0,0,0,0,0,-123000,0,0,0,0,123000,-123000,-123000
053867,創意元大96購04  ,0,0,0,0,0,0,0,0,0,-123000,0,0,0,0,123000,-123000,-123000
058195,鈺齊永豐99購01  ,0,0,0,0,0,0,0,0,0,-123000,0,0,0,0,123000,-123000,-123000
07943P,瑞昱元大9B售02  ,0,0,0,0,0,0,0,0,0,-123000,0,0,0,37000,160000,-123000,-123000
07956P,鴻海群益9B售06  ,0,0,0,0,0,0,0,0,0,-123000,0,0,0,0,123000,-123000,-123000
2228,劍麟            ,111000,199000,-88000,0,0,0,0,0,0,-35000,14000,0,14000,0,49000,-49000,-123000
055173,瑞昱統一97購01  ,0,0,0,0,0,0,0,0,0,-124000,0,0,0,0,124000,-124000,-124000
058770,貿聯兆豐9A購01  ,0,0,0,0,0,0,0,0,0,-124000,0,0,0,46000,170000,-124000,-124000
058537,彩晶統一9B購01  ,0,0,0,0,0,0,0,0,0,-124000,0,0,0,69000,193000,-124000,-124000
060688,世紀鋼元大9C購01,0,0,0,0,0,0,0,0,0,-124000,0,0,0,132000,256000,-124000,-124000
057707,臺股指群益98購07,0,0,0,0,0,0,0,0,0,-124000,0,0,0,41000,165000,-124000,-124000
057700,新日興群益9A購01,0,0,0,0,0,0,0,0,0,-124000,0,0,0,4000,128000,-124000,-124000
3532,台勝科          ,179000,234000,-55000,0,0,0,0,0,0,-69000,0,18000,-18000,12000,63000,-51000,-124000
07089P,臺指2X中信01售01,0,0,0,0,0,0,0,0,0,-124000,0,0,0,108000,232000,-124000,-124000
062746,致伸永豐9B購01  ,0,0,0,0,0,0,0,0,0,-125000,0,0,0,0,125000,-125000,-125000
062276,瑞昱群益9B購01  ,0,0,0,0,0,0,0,0,0,-125000,0,0,0,15000,140000,-125000,-125000
063024,祥碩元大9B購05  ,0,0,0,0,0,0,0,0,0,-125000,0,0,0,92000,217000,-125000,-125000
063452,創意統一01購01  ,0,0,0,0,0,0,0,0,0,-125000,0,0,0,10000,135000,-125000,-125000
051729,華新國票96購01  ,0,0,0,0,0,0,0,0,0,-125000,0,0,0,0,125000,-125000,-125000
058502,鴻海元大99購13  ,0,0,0,0,0,0,0,0,0,-125000,0,0,0,0,125000,-125000,-125000
058369,亞光凱基99購02  ,0,0,0,0,0,0,0,0,0,-125000,0,0,0,0,125000,-125000,-125000
058101,台積電富邦9C購01,0,0,0,0,0,0,0,0,0,-125000,0,0,0,0,125000,-125000,-125000
07794P,智邦國票9A售03  ,0,0,0,0,0,0,0,0,0,-125000,0,0,0,85000,210000,-125000,-125000
063433,臻鼎元富9B購01  ,0,0,0,0,0,0,0,0,0,-126000,0,0,0,5000,131000,-126000,-126000
062885,臻鼎兆豐9C購01  ,0,0,0,0,0,0,0,0,0,-126000,0,0,0,210000,336000,-126000,-126000
054319,世紀鋼凱基96購02,0,0,0,0,0,0,0,0,0,-126000,0,0,0,76000,202000,-126000,-126000
057303,喬山兆豐99購01  ,0,0,0,0,0,0,0,0,0,-126000,0,0,0,0,126000,-126000,-126000
062984,致新元富9B購01  ,0,0,0,0,0,0,0,0,0,-127000,0,0,0,641000,768000,-127000,-127000
061326,新日興凱基9B購01,0,0,0,0,0,0,0,0,0,-127000,0,0,0,10000,137000,-127000,-127000
053805,奇鋐凱基98購02  ,0,0,0,0,0,0,0,0,0,-127000,0,0,0,0,127000,-127000,-127000
055265,玉晶光永豐98購03,0,0,0,0,0,0,0,0,0,-127000,0,0,0,0,127000,-127000,-127000
05545P,台表科國泰98售01,0,0,0,0,0,0,0,0,0,-127000,0,0,0,203000,330000,-127000,-127000
059008,鈺齊元大99購03  ,0,0,0,0,0,0,0,0,0,-127000,0,0,0,94000,221000,-127000,-127000
060619,玉晶光元大9A購03,0,0,0,0,0,0,0,0,0,-127000,0,0,0,14000,141000,-127000,-127000
060908,金像電元大9A購03,0,0,0,0,0,0,0,0,0,-128000,0,0,0,44000,172000,-128000,-128000
061869,智邦元大9B購01  ,0,0,0,0,0,0,0,0,0,-128000,0,0,0,107000,235000,-128000,-128000
061640,智原元大9A購01  ,0,0,0,0,0,0,0,0,0,-128000,0,0,0,293000,421000,-128000,-128000
063205,貿聯統一9C購01  ,0,0,0,0,0,0,0,0,0,-128000,0,0,0,267000,395000,-128000,-128000
055618,麗豐國票98購01  ,0,0,0,0,0,0,0,0,0,-128000,0,0,0,0,128000,-128000,-128000
06073P,健策永豐97售01  ,0,0,0,0,0,0,0,0,0,-128000,0,0,0,0,128000,-128000,-128000
060222,貿聯凱基9A購02  ,0,0,0,0,0,0,0,0,0,-128000,0,0,0,52000,180000,-128000,-128000
058074,欣興凱基99購01  ,0,0,0,0,0,0,0,0,0,-128000,0,0,0,0,128000,-128000,-128000
06378P,國巨統一97售08  ,0,0,0,0,0,0,0,0,0,-129000,0,0,0,0,129000,-129000,-129000
061159,同欣電群益9A購01,0,0,0,0,0,0,0,0,0,-129000,0,0,0,137000,266000,-129000,-129000
056537,冠德凱基98購01  ,0,0,0,0,0,0,0,0,0,-129000,0,0,0,49000,178000,-129000,-129000
061347,創意元大9A購02  ,0,0,0,0,0,0,0,0,0,-130000,0,0,0,224000,354000,-130000,-130000
061590,金寶永豐9A購01  ,0,0,0,0,0,0,0,0,0,-130000,0,0,0,0,130000,-130000,-130000
063119,華通元大9B購07  ,0,0,0,0,0,0,0,0,0,-130000,0,0,0,5000,135000,-130000,-130000
055079,台光電中信97購01,0,0,0,0,0,0,0,0,0,-130000,0,0,0,0,130000,-130000,-130000
00636,國泰中國A50     ,98000,146000,-48000,0,0,0,0,0,0,-82000,0,10000,-10000,324000,396000,-72000,-130000
058408,華通兆豐99購02  ,0,0,0,0,0,0,0,0,0,-130000,0,0,0,113000,243000,-130000,-130000
05851P,力山群益97售01  ,0,0,0,0,0,0,0,0,0,-130000,0,0,0,70000,200000,-130000,-130000
060744,鴻海國票9A購04  ,0,0,0,0,0,0,0,0,0,-130000,0,0,0,45000,175000,-130000,-130000
07867P,晶技元大9B售01  ,0,0,0,0,0,0,0,0,0,-130000,0,0,0,43000,173000,-130000,-130000
1304,台聚            ,239000,369000,-130000,0,0,0,0,0,0,0,0,0,0,0,0,0,-130000
08153P,台表科統一9B售01,0,0,0,0,0,0,0,0,0,-130000,0,0,0,0,130000,-130000,-130000
07391P,台灣50國泰02售01,0,0,0,0,0,0,0,0,0,-130000,0,0,0,0,130000,-130000,-130000
063249,祥碩元大9B購06  ,0,0,0,0,0,0,0,0,0,-131000,0,0,0,271000,402000,-131000,-131000
056083,億光統一97購03  ,0,0,0,0,0,0,0,0,0,-131000,0,0,0,0,131000,-131000,-131000
07553P,嘉晶元大9A售02  ,0,0,0,0,0,0,0,0,0,-131000,0,0,0,71000,202000,-131000,-131000
06783P,亞光元大98售03  ,0,0,0,0,0,0,0,0,0,-131000,0,0,0,9000,140000,-131000,-131000
5515,建國            ,11000,142000,-131000,0,0,0,0,0,0,0,0,0,0,0,0,0,-131000
063381,和潤永豐9B購01  ,0,0,0,0,0,0,0,0,0,-132000,0,0,0,0,132000,-132000,-132000
05538P,玉晶光國票97售02,0,0,0,0,0,0,0,0,0,-132000,0,0,0,18000,150000,-132000,-132000
058688,矽創凱基9A購01  ,0,0,0,0,0,0,0,0,0,-132000,0,0,0,32000,164000,-132000,-132000
058153,景碩統一9B購01  ,0,0,0,0,0,0,0,0,0,-132000,0,0,0,39000,171000,-132000,-132000
059155,台表科日盛99購01,0,0,0,0,0,0,0,0,0,-132000,0,0,0,2000,134000,-132000,-132000
3090,日電貿          ,240000,303000,-63000,0,0,0,0,0,0,-69000,0,0,0,27000,96000,-69000,-132000
058951,南電群益99購01  ,0,0,0,0,0,0,0,0,0,-133000,0,0,0,27000,160000,-133000,-133000
055902,同欣電中信99購01,0,0,0,0,0,0,0,0,0,-133000,0,0,0,238000,371000,-133000,-133000
057613,瑞昱元富02購02  ,0,0,0,0,0,0,0,0,0,-133000,0,0,0,13000,146000,-133000,-133000
059996,美律元富99購01  ,0,0,0,0,0,0,0,0,0,-133000,0,0,0,29000,162000,-133000,-133000
060376,瑞祺元富9A購01  ,0,0,0,0,0,0,0,0,0,-133000,0,0,0,196000,329000,-133000,-133000
060297,和碩元大9A購02  ,0,0,0,0,0,0,0,0,0,-133000,0,0,0,50000,183000,-133000,-133000
055583,國巨元大97購10  ,0,0,0,0,0,0,0,0,0,-134000,0,0,0,2000,136000,-134000,-134000
056345,嘉聯益凱基99購01,0,0,0,0,0,0,0,0,0,-134000,0,0,0,0,134000,-134000,-134000
058147,鈺齊元大99購01  ,0,0,0,0,0,0,0,0,0,-134000,0,0,0,36000,170000,-134000,-134000
057388,奇鋐永豐98購02  ,0,0,0,0,0,0,0,0,0,-134000,0,0,0,88000,222000,-134000,-134000
063490,儒鴻富邦9C購01  ,0,0,0,0,0,0,0,0,0,-135000,0,0,0,200000,335000,-135000,-135000
063118,中鋼元大9C購01  ,0,0,0,0,0,0,0,0,0,-135000,0,0,0,0,135000,-135000,-135000
062434,華通元大9B購04  ,0,0,0,0,0,0,0,0,0,-135000,0,0,0,13000,148000,-135000,-135000
056261,台積電統一97購07,0,0,0,0,0,0,0,0,0,-135000,0,0,0,0,135000,-135000,-135000
054090,瑞昱群益97購01  ,0,0,0,0,0,0,0,0,0,-135000,0,0,0,0,135000,-135000,-135000
2426,鼎元            ,77000,212000,-135000,0,0,0,0,0,0,0,0,0,0,0,0,0,-135000
6226,光鼎            ,75000,255000,-180000,0,0,0,0,0,0,45000,46000,1000,45000,0,0,0,-135000
07990P,緯穎凱基9B售02  ,0,0,0,0,0,0,0,0,0,-135000,0,0,0,144000,279000,-135000,-135000
061244,和碩兆豐9A購01  ,0,0,0,0,0,0,0,0,0,-136000,0,0,0,19000,155000,-136000,-136000
053413,台積電國票99購01,0,0,0,0,0,0,0,0,0,-136000,0,0,0,499000,635000,-136000,-136000
056119,欣興群益97購02  ,0,0,0,0,0,0,0,0,0,-136000,0,0,0,599000,735000,-136000,-136000
056646,奇鋐凱基99購02  ,0,0,0,0,0,0,0,0,0,-136000,0,0,0,17000,153000,-136000,-136000
056365,欣興元大98購01  ,0,0,0,0,0,0,0,0,0,-136000,0,0,0,3000,139000,-136000,-136000
058134,信邦元大99購01  ,15000,5000,10000,0,0,0,0,0,0,-146000,0,0,0,36000,182000,-146000,-136000
060283,台肥元大9C購01  ,0,0,0,0,0,0,0,0,0,-136000,0,0,0,15000,151000,-136000,-136000
2444,兆勁            ,0,136000,-136000,0,0,0,0,0,0,0,0,0,0,0,0,0,-136000
3056,總太            ,132000,268000,-136000,0,0,0,0,0,0,0,0,0,0,0,0,0,-136000
4555,氣立            ,56000,195000,-139000,0,0,0,0,0,0,3000,22000,19000,3000,0,0,0,-136000
056852,矽格元富98購01  ,0,0,0,0,0,0,0,0,0,-137000,0,0,0,109000,246000,-137000,-137000
060528,友達中信9C購01  ,0,0,0,0,0,0,0,0,0,-137000,0,0,0,0,137000,-137000,-137000
059343,宏達電凱基99購04,0,0,0,0,0,0,0,0,0,-137000,0,0,0,10000,147000,-137000,-137000
059218,台積電元大99購31,0,0,0,0,0,0,0,0,0,-137000,0,0,0,0,137000,-137000,-137000
058271,訊連永豐99購01  ,0,0,0,0,0,0,0,0,0,-137000,0,0,0,0,137000,-137000,-137000
2441,超豐            ,56000,192000,-136000,0,0,0,0,0,0,-1000,0,1000,-1000,0,0,0,-137000
08158P,嘉澤元富9B售03  ,0,0,0,0,0,0,0,0,0,-137000,0,0,0,43000,180000,-137000,-137000
06865P,亞德客元大98售04,0,0,0,0,0,0,0,0,0,-137000,0,0,0,0,137000,-137000,-137000
06718P,聯詠元大98售01  ,0,0,0,0,0,0,0,0,0,-137000,0,0,0,0,137000,-137000,-137000
061951,南電群益9B購01  ,0,0,0,0,0,0,0,0,0,-138000,0,0,0,0,138000,-138000,-138000
062213,和大統一9B購02  ,0,0,0,0,0,0,0,0,0,-138000,0,0,0,0,138000,-138000,-138000
055221,矽創凱基97購02  ,0,0,0,0,0,0,0,0,0,-138000,0,0,0,0,138000,-138000,-138000
058925,旭富元富99購02  ,0,0,0,0,0,0,0,0,0,-138000,0,0,0,20000,158000,-138000,-138000
057838,台郡國泰99購01  ,0,0,0,0,0,0,0,0,0,-138000,0,0,0,0,138000,-138000,-138000
051503,玉晶光統一97購01,0,0,0,0,0,0,0,0,0,-138000,0,0,0,23000,161000,-138000,-138000
05987P,健策統一96售02  ,0,0,0,0,0,0,0,0,0,-138000,0,0,0,0,138000,-138000,-138000
053337,聯電國票97購01  ,0,0,0,0,0,0,0,0,0,-139000,0,0,0,38000,177000,-139000,-139000
057375,欣興元大98購09  ,0,0,0,0,0,0,0,0,0,-139000,0,0,0,12000,151000,-139000,-139000
058468,聯茂中信99購02  ,0,0,0,0,0,0,0,0,0,-139000,0,0,0,70000,209000,-139000,-139000
060767,世紀鋼元大9A購02,0,0,0,0,0,0,0,0,0,-139000,0,0,0,56000,195000,-139000,-139000
07821P,臺股指國票9A售12,0,0,0,0,0,0,0,0,0,-139000,0,0,0,137000,276000,-139000,-139000
063181,聚陽凱基9B購01  ,0,0,0,0,0,0,0,0,0,-140000,0,0,0,2000,142000,-140000,-140000
061201,FBVIX元大01購03 ,0,0,0,0,0,0,0,0,0,-140000,0,0,0,0,140000,-140000,-140000
061379,鈺齊永豐9A購02  ,0,0,0,0,0,0,0,0,0,-140000,0,0,0,74000,214000,-140000,-140000
053117,大立光中信9A購02,0,0,0,0,0,0,0,0,0,-140000,0,0,0,0,140000,-140000,-140000
054642,訊芯中信9A購01  ,0,0,0,0,0,0,0,0,0,-140000,0,0,0,0,140000,-140000,-140000
060742,臺指反國票9B購02,0,0,0,0,0,0,0,0,0,-140000,0,0,0,0,140000,-140000,-140000
058144,聯茂元大99購02  ,0,0,0,0,0,0,0,0,0,-140000,0,0,0,20000,160000,-140000,-140000
06852P,臺股指元大98售11,0,0,0,0,0,0,0,0,0,-140000,0,0,0,800000,940000,-140000,-140000
057465,智易永豐98購02  ,0,0,0,0,0,0,0,0,0,-141000,0,0,0,0,141000,-141000,-141000
057158,義隆永豐99購01  ,0,0,0,0,0,0,0,0,0,-141000,0,0,0,139000,280000,-141000,-141000
07800P,華新科國泰9B售04,0,0,0,0,0,0,0,0,0,-141000,0,0,0,10000,151000,-141000,-141000
07865P,可成元大9B售02  ,0,0,0,0,0,0,0,0,0,-141000,0,0,0,19000,160000,-141000,-141000
060915,旭富元大9A購01  ,0,0,0,0,0,0,0,0,0,-142000,0,0,0,213000,355000,-142000,-142000
062904,台光電元大9B購06,0,0,0,0,0,0,0,0,0,-142000,0,0,0,0,142000,-142000,-142000
05722P,玉晶光國票97售03,0,0,0,0,0,0,0,0,0,-142000,0,0,0,109000,251000,-142000,-142000
060593,華通麥證9A購01  ,0,0,0,0,142000,-142000,0,0,0,-142000,0,0,0,0,142000,-142000,-142000
07744P,奇力新凱基9A售05,0,0,0,0,0,0,0,0,0,-142000,0,0,0,0,142000,-142000,-142000
07687P,上銀元大9A售06  ,0,0,0,0,0,0,0,0,0,-142000,0,0,0,4000,146000,-142000,-142000
060921,中橡永豐9A購02  ,0,0,0,0,0,0,0,0,0,-143000,0,0,0,0,143000,-143000,-143000
055569,聚陽統一98購01  ,0,0,0,0,0,0,0,0,0,-143000,0,0,0,8000,151000,-143000,-143000
060758,台積電元大9A購19,0,0,0,0,0,0,0,0,0,-143000,0,0,0,147000,290000,-143000,-143000
060240,富邦金元大9A購01,0,0,0,0,0,0,0,0,0,-143000,0,0,0,25000,168000,-143000,-143000
060249,正文元大9C購01  ,0,0,0,0,0,0,0,0,0,-143000,0,0,0,30000,173000,-143000,-143000
07791P,奇鋐元大9A售02  ,0,0,0,0,0,0,0,0,0,-143000,0,0,0,107000,250000,-143000,-143000
6214,精誠            ,198000,358398,-160398,0,0,0,0,0,0,17000,17000,0,17000,0,0,0,-143398
063403,鈺齊群益9B購01  ,0,0,0,0,0,0,0,0,0,-144000,0,0,0,3000,147000,-144000,-144000
055449,超眾統一9A購01  ,0,0,0,0,0,0,0,0,0,-144000,0,0,0,14000,158000,-144000,-144000
060253,昇陽半元大9C購01,0,0,0,0,0,0,0,0,0,-144000,0,0,0,0,144000,-144000,-144000
5215,科嘉-KY         ,301000,303000,-2000,0,0,0,0,134000,-134000,-8000,0,8000,-8000,0,0,0,-144000
06752P,訊芯凱基98售05  ,0,0,0,0,0,0,0,0,0,-144000,0,0,0,0,144000,-144000,-144000
062564,矽創凱基9B購01  ,0,0,0,0,0,0,0,0,0,-145000,0,0,0,281000,426000,-145000,-145000
062426,大立光統一02購02,0,0,0,0,0,0,0,0,0,-145000,0,0,0,0,145000,-145000,-145000
060962,義隆凱基9B購01  ,0,0,0,0,0,0,0,0,0,-145000,0,0,0,272000,417000,-145000,-145000
061346,玉晶光元大9B購03,0,0,0,0,0,0,0,0,0,-145000,0,0,0,0,145000,-145000,-145000
054527,國巨統一97購03  ,0,0,0,0,0,0,0,0,0,-145000,0,0,0,31000,176000,-145000,-145000
054876,群電群益97購02  ,0,0,0,0,0,0,0,0,0,-145000,0,0,0,0,145000,-145000,-145000
046942,友達元大99購01  ,0,0,0,0,0,0,0,0,0,-145000,0,0,0,20000,165000,-145000,-145000
059188,京元電富邦9B購01,0,0,0,0,0,0,0,0,0,-145000,0,0,0,305000,450000,-145000,-145000
059612,奇鋐永豐99購02  ,0,0,0,0,0,0,0,0,0,-145000,0,0,0,0,145000,-145000,-145000
06984P,上銀富邦9B售01  ,0,0,0,0,0,0,0,0,0,-145000,0,0,0,114000,259000,-145000,-145000
3024,憶聲            ,12000,157000,-145000,0,0,0,0,0,0,0,0,0,0,0,0,0,-145000
1717,長興            ,1643000,1642000,1000,0,0,0,624000,0,624000,-770000,234000,1004000,-770000,0,0,0,-145000
06447P,上銀元大98售01  ,0,0,0,0,0,0,0,0,0,-146000,0,0,0,3000,149000,-146000,-146000
058837,SGBR2X中信9C購01,0,0,0,0,0,0,0,0,0,-146000,0,0,0,0,146000,-146000,-146000
07088P,訊芯永豐99售02  ,0,0,0,0,0,0,0,0,0,-146000,0,0,0,42000,188000,-146000,-146000
08154P,上銀元富9B售04  ,0,0,0,0,0,0,0,0,0,-146000,0,0,0,0,146000,-146000,-146000
1582,信錦            ,4000,151000,-147000,0,0,0,0,0,0,1000,12000,0,12000,0,11000,-11000,-146000
06245P,健策元富97售03  ,0,0,0,0,0,0,0,0,0,-147000,0,0,0,0,147000,-147000,-147000
052447,聯發科元大96購04,0,0,0,0,0,0,0,0,0,-148000,0,0,0,11000,159000,-148000,-148000
06598P,奇力新永豐98售02,0,0,0,0,0,0,0,0,0,-148000,0,0,0,0,148000,-148000,-148000
3607,谷崧            ,87000,233000,-146000,0,0,0,0,0,0,-2000,0,2000,-2000,0,0,0,-148000
06320P,上銀統一97售04  ,0,0,0,0,0,0,0,0,0,-149000,0,0,0,48000,197000,-149000,-149000
061122,敬鵬永豐9A購01  ,0,0,0,0,0,0,0,0,0,-149000,0,0,0,13000,162000,-149000,-149000
047213,新日興富邦97購01,0,0,0,0,0,0,0,0,0,-149000,0,0,0,62000,211000,-149000,-149000
9910,豐泰            ,691277,824700,-133423,0,0,0,0,0,0,-16000,4000,20000,-16000,0,0,0,-149423
063361,台表科國泰01購02,0,0,0,0,0,0,0,0,0,-150000,0,0,0,0,150000,-150000,-150000
062411,玉晶光第一9B購01,0,0,0,0,0,0,0,0,0,-150000,0,0,0,0,150000,-150000,-150000
062616,玉晶光元大9C購06,0,0,0,0,0,0,0,0,0,-150000,0,0,0,0,150000,-150000,-150000
051460,S&P反1國泰97購01,0,0,0,0,0,0,0,0,0,-150000,0,0,0,0,150000,-150000,-150000
05535P,台積電元大97售06,0,0,0,0,0,0,0,0,0,-150000,0,0,0,0,150000,-150000,-150000
056781,元油2X群益9B購02,0,0,0,0,0,0,0,0,0,-150000,0,0,0,0,150000,-150000,-150000
05923P,旺宏元富96售05  ,0,0,0,0,0,0,0,0,0,-150000,0,0,0,30000,180000,-150000,-150000
056971,麗豐永豐98購01  ,0,0,0,0,0,0,0,0,0,-150000,0,0,0,0,150000,-150000,-150000
057601,中磊群益98購01  ,0,0,0,0,0,0,0,0,0,-150000,0,0,0,0,150000,-150000,-150000
060622,玉晶光元大9B購02,0,0,0,0,0,0,0,0,0,-150000,0,0,0,0,150000,-150000,-150000
057394,台積電中信9C購02,0,0,0,0,0,0,0,0,0,-150000,0,0,0,0,150000,-150000,-150000
6669,緯穎            ,354836,531500,-176664,0,0,0,5000,15000,-10000,36000,69000,22000,47000,3000,14000,-11000,-150664
06243P,亞光元富97售01  ,0,0,0,0,0,0,0,0,0,-151000,0,0,0,0,151000,-151000,-151000
061783,友達群益9B購01  ,0,0,0,0,0,0,0,0,0,-151000,0,0,0,279000,430000,-151000,-151000
07014P,華通元大99售04  ,0,0,0,0,0,0,0,0,0,-151000,0,0,0,63000,214000,-151000,-151000
00875,國泰網路資安    ,38000,0,38000,0,0,0,0,0,0,-190000,0,0,0,225000,415000,-190000,-152000
054188,欣興永豐96購03  ,0,0,0,0,0,0,0,0,0,-152000,0,0,0,7000,159000,-152000,-152000
07957P,晶技群益9B售02  ,0,0,0,0,0,0,0,0,0,-152000,0,0,0,65000,217000,-152000,-152000
063247,信邦元大9B購02  ,0,0,0,0,0,0,0,0,0,-153000,0,0,0,0,153000,-153000,-153000
08119P,南亞科統一9C售03,0,0,0,0,0,0,0,0,0,-153000,0,0,0,0,153000,-153000,-153000
06583P,可成凱基98售07  ,0,0,0,0,0,0,0,0,0,-153000,0,0,0,0,153000,-153000,-153000
06576P,台光電群益98售03,0,0,0,0,0,0,0,0,0,-153000,0,0,0,0,153000,-153000,-153000
06693P,臺股指凱基98售01,0,0,0,0,0,0,0,0,0,-153000,0,0,0,22000,175000,-153000,-153000
1103,嘉泥            ,629000,783000,-154000,0,0,0,0,0,0,0,0,0,0,0,0,0,-154000
056489,S&P反1國泰9A購01,0,0,0,0,0,0,0,0,0,-155000,0,0,0,0,155000,-155000,-155000
060633,玉晶光富邦02購01,0,0,0,0,0,0,0,0,0,-155000,0,0,0,203000,358000,-155000,-155000
060761,南亞科元大9A購05,0,0,0,0,0,0,0,0,0,-155000,0,0,0,69000,224000,-155000,-155000
8011,台通            ,110000,265000,-155000,0,0,0,0,0,0,0,0,0,0,0,0,0,-155000
3563,牧德            ,72199,120000,-47801,0,0,0,0,90000,-90000,-18000,1000,16000,-15000,9000,12000,-3000,-155801
062662,友達群益9B購02  ,0,0,0,0,0,0,0,0,0,-156000,0,0,0,44000,200000,-156000,-156000
054214,京鼎國票97購02  ,0,0,0,0,0,0,0,0,0,-156000,0,0,0,0,156000,-156000,-156000
6452,康友-KY         ,69000,215000,-146000,0,0,0,0,0,0,-10000,0,0,0,1000,11000,-10000,-156000
08059P,京鼎元大9B售02  ,0,0,0,0,0,0,0,0,0,-156000,0,0,0,0,156000,-156000,-156000
062806,世芯統一02購01  ,0,0,0,0,0,0,0,0,0,-157000,0,0,0,54000,211000,-157000,-157000
062306,華通凱基9B購01  ,0,0,0,0,0,0,0,0,0,-157000,0,0,0,14000,171000,-157000,-157000
063210,百和統一9C購01  ,0,0,0,0,0,0,0,0,0,-157000,0,0,0,23000,180000,-157000,-157000
056849,瀚宇博元富98購01,0,0,0,0,0,0,0,0,0,-157000,0,0,0,248000,405000,-157000,-157000
058587,台積電中信9C購03,0,0,0,0,0,0,0,0,0,-157000,0,0,0,0,157000,-157000,-157000
059943,信邦永豐99購01  ,0,0,0,0,0,0,0,0,0,-157000,0,0,0,152000,309000,-157000,-157000
060809,康友群益9A購01  ,0,0,0,0,0,0,0,0,0,-158000,0,0,0,0,158000,-158000,-158000
05977P,旺宏永豐96售06  ,0,0,0,0,0,0,0,0,0,-158000,0,0,0,0,158000,-158000,-158000
063069,道瓊銀富邦05購01,0,0,0,0,0,0,0,0,0,-159000,0,0,0,8000,167000,-159000,-159000
3530,晶相光          ,74000,193000,-119000,0,0,0,0,0,0,-40000,0,0,0,0,40000,-40000,-159000
062396,華通永豐9B購01  ,0,0,0,0,0,0,0,0,0,-160000,0,0,0,1000,161000,-160000,-160000
054742,京鼎凱基99購01  ,0,0,0,0,0,0,0,0,0,-160000,0,0,0,3000,163000,-160000,-160000
058660,樺漢中信9A購01  ,0,0,0,0,0,0,0,0,0,-160000,0,0,0,230000,390000,-160000,-160000
060388,世紀鋼凱基9B購01,0,0,0,0,0,0,0,0,0,-160000,0,0,0,195000,355000,-160000,-160000
062707,致伸元大9B購01  ,0,0,0,0,0,0,0,0,0,-161000,0,0,0,20000,181000,-161000,-161000
053770,元金2X元大98購01,0,0,0,0,0,0,0,0,0,-161000,0,0,0,0,161000,-161000,-161000
059830,台郡凱基99購05  ,0,0,0,0,0,0,0,0,0,-161000,0,0,0,20000,181000,-161000,-161000
057499,奇鋐群益98購01  ,0,0,0,0,0,0,0,0,0,-161000,0,0,0,4000,165000,-161000,-161000
06436P,台光電國票98售04,0,0,0,0,0,0,0,0,0,-162000,0,0,0,131000,293000,-162000,-162000
00752,中信中國50      ,0,1000,-1000,0,0,0,0,0,0,-161000,0,0,0,623000,784000,-161000,-162000
056378,欣興元富98購01  ,0,0,0,0,0,0,0,0,0,-162000,0,0,0,23000,185000,-162000,-162000
057747,致新永豐98購01  ,0,0,0,0,0,0,0,0,0,-162000,0,0,0,105000,267000,-162000,-162000
06960P,國巨凱基99售08  ,0,0,0,0,0,0,0,0,0,-162000,0,0,0,0,162000,-162000,-162000
2204,中華            ,212000,493800,-281800,0,0,0,0,0,0,119000,119000,0,119000,0,0,0,-162800
061774,T50反1國票9B購06,0,0,0,0,0,0,0,0,0,-163000,0,0,0,60000,223000,-163000,-163000
056101,光磊永豐98購01  ,0,0,0,0,0,0,0,0,0,-163000,0,0,0,0,163000,-163000,-163000
057595,健鼎兆豐98購01  ,0,0,0,0,0,0,0,0,0,-163000,0,0,0,31000,194000,-163000,-163000
058196,台塑中信99購01  ,0,0,0,0,0,0,0,0,0,-163000,0,0,0,50000,213000,-163000,-163000
5264,鎧勝-KY         ,286000,452000,-166000,0,0,0,0,0,0,3000,0,0,0,6000,3000,3000,-163000
2723,美食-KY         ,223000,375000,-152000,0,0,0,0,0,0,-11000,0,0,0,4000,15000,-11000,-163000
06564P,國巨富邦9A售04  ,0,0,0,0,0,0,0,0,0,-163000,0,0,0,0,163000,-163000,-163000
055934,景碩群益98購03  ,0,0,0,0,0,0,0,0,0,-164000,0,0,0,99000,263000,-164000,-164000
055181,日電貿統一97購01,0,0,0,0,0,0,0,0,0,-164000,0,0,0,35000,199000,-164000,-164000
059865,國巨凱基01購01  ,0,0,0,0,0,0,0,0,0,-164000,0,0,0,15000,179000,-164000,-164000
057170,瑞昱元大98購01  ,0,0,0,0,0,0,0,0,0,-164000,0,0,0,11000,175000,-164000,-164000
5388,中磊            ,49000,183000,-134000,0,0,0,0,0,0,-30000,0,0,0,20000,50000,-30000,-164000
2867,三商壽          ,647000,812794,-165794,0,0,0,0,0,0,0,0,0,0,0,0,0,-165794
060862,美律永豐9A購01  ,0,0,0,0,0,0,0,0,0,-166000,0,0,0,0,166000,-166000,-166000
06370P,貿聯凱基97售03  ,0,0,0,0,0,0,0,0,0,-166000,0,0,0,150000,316000,-166000,-166000
062369,創意元大9B購01  ,0,0,0,0,0,0,0,0,0,-166000,0,0,0,5000,171000,-166000,-166000
056786,亞光群益98購03  ,0,0,0,0,0,0,0,0,0,-166000,0,0,0,10000,176000,-166000,-166000
910861,神州-DR         ,0,166000,-166000,0,0,0,0,0,0,0,0,0,0,0,0,0,-166000
06262P,國巨凱基97售07  ,0,0,0,0,0,0,0,0,0,-167000,0,0,0,17000,184000,-167000,-167000
063113,聯茂兆豐9B購01  ,0,0,0,0,0,0,0,0,0,-167000,0,0,0,50000,217000,-167000,-167000
052047,建準凱基96購01  ,0,0,0,0,0,0,0,0,0,-167000,0,0,0,0,167000,-167000,-167000
05905P,晶技統一97售01  ,0,0,0,0,0,0,0,0,0,-167000,0,0,0,25000,192000,-167000,-167000
058531,華通元富99購01  ,0,0,0,0,0,0,0,0,0,-167000,0,0,0,200000,367000,-167000,-167000
06515P,國巨凱基98售06  ,0,0,0,0,0,0,0,0,0,-167000,0,0,0,3000,170000,-167000,-167000
06535P,可成群益99售02  ,0,0,0,0,0,0,0,0,0,-167000,0,0,0,9000,176000,-167000,-167000
07131P,緯穎元大99售06  ,0,0,0,0,0,0,0,0,0,-167000,0,0,0,13000,180000,-167000,-167000
08092P,仁寶元富9B售02  ,0,0,0,0,0,0,0,0,0,-167000,0,0,0,28000,195000,-167000,-167000
062379,致新元大9B購01  ,0,0,0,0,0,0,0,0,0,-168000,0,0,0,250000,418000,-168000,-168000
060833,道瓊反國票9A購01,0,0,0,0,0,0,0,0,0,-168000,0,0,0,30000,198000,-168000,-168000
061247,玉晶光群益9A購09,0,0,0,0,0,0,0,0,0,-168000,0,0,0,13000,181000,-168000,-168000
058136,景碩元大99購02  ,0,0,0,0,0,0,0,0,0,-168000,0,0,0,0,168000,-168000,-168000
059560,T50反1凱基99購08,0,0,0,0,0,0,0,0,0,-168000,0,0,0,60000,228000,-168000,-168000
2461,光群雷          ,220000,388000,-168000,0,0,0,0,0,0,0,0,0,0,0,0,0,-168000
060868,致伸永豐9A購01  ,0,0,0,0,0,0,0,0,0,-169000,0,0,0,0,169000,-169000,-169000
06434P,超眾群益98售02  ,0,0,0,0,0,0,0,0,0,-169000,0,0,0,51000,220000,-169000,-169000
059082,華通元大99購06  ,0,0,0,0,0,0,0,0,0,-169000,0,0,0,8000,177000,-169000,-169000
058118,瑞昱群益99購01  ,0,0,0,0,0,0,0,0,0,-169000,0,0,0,10000,179000,-169000,-169000
6285,啟碁            ,405000,500000,-95000,0,0,0,50000,0,50000,-124000,6000,22000,-16000,0,108000,-108000,-169000
063300,華通凱基9B購05  ,0,0,0,0,0,0,0,0,0,-170000,0,0,0,24000,194000,-170000,-170000
062297,億豐永豐9B購01  ,0,0,0,0,0,0,0,0,0,-170000,0,0,0,0,170000,-170000,-170000
061732,智邦中信9B購01  ,0,0,0,0,0,0,0,0,0,-170000,0,0,0,20000,190000,-170000,-170000
062116,元金2X第一9B購01,0,0,0,0,0,0,0,0,0,-170000,0,0,0,43000,213000,-170000,-170000
00672L,元大S&P原油正2  ,0,0,0,0,0,0,0,0,0,-170000,0,0,0,150000,320000,-170000,-170000
058298,聯茂凱基99購05  ,0,0,0,0,0,0,0,0,0,-170000,0,0,0,0,170000,-170000,-170000
057684,聯茂日盛99購01  ,0,0,0,0,0,0,0,0,0,-170000,0,0,0,0,170000,-170000,-170000
6552,易華電          ,41000,207000,-166000,0,0,0,0,0,0,-4000,0,0,0,0,4000,-4000,-170000
2399,映泰            ,67000,237000,-170000,0,0,0,0,0,0,0,0,0,0,0,0,0,-170000
07751P,世紀鋼凱基9A售02,100000,300000,-200000,0,0,0,0,0,0,30000,0,0,0,310000,280000,30000,-170000
062775,大成鋼元大9B購02,0,0,0,0,0,0,0,0,0,-171000,0,0,0,129000,300000,-171000,-171000
054932,台肥元大97購01  ,0,0,0,0,0,0,0,0,0,-171000,0,0,0,0,171000,-171000,-171000
056787,健鼎群益98購01  ,0,0,0,0,0,0,0,0,0,-171000,0,0,0,39000,210000,-171000,-171000
07850P,健策群益9A售06  ,0,0,0,0,0,0,0,0,0,-171000,0,0,0,0,171000,-171000,-171000
3060,銘異            ,228000,399000,-171000,0,0,0,0,0,0,0,0,0,0,0,0,0,-171000
6168,宏齊            ,22000,193000,-171000,0,0,0,0,0,0,0,0,0,0,0,0,0,-171000
06323P,台郡統一97售01  ,0,0,0,0,0,0,0,0,0,-172000,0,0,0,0,172000,-172000,-172000
2022,聚亨            ,7000,35000,-28000,0,0,0,0,0,0,-144000,0,144000,-144000,0,0,0,-172000
2006,東和鋼鐵        ,135000,307000,-172000,0,0,0,0,0,0,0,0,0,0,0,0,0,-172000
063091,聯電中信9B購01  ,0,0,0,0,0,0,0,0,0,-173000,0,0,0,85000,258000,-173000,-173000
06239P,奇力新元大97售08,0,0,0,0,0,0,0,0,0,-173000,0,0,0,2000,175000,-173000,-173000
061553,南電群益9A購03  ,0,0,0,0,0,0,0,0,0,-173000,0,0,0,28000,201000,-173000,-173000
058188,華擎永豐99購01  ,0,0,0,0,0,0,0,0,0,-173000,0,0,0,282000,455000,-173000,-173000
058507,美律元大9A購01  ,0,0,0,0,0,0,0,0,0,-173000,0,0,0,10000,183000,-173000,-173000
07707P,玉山金元大9A售03,0,0,0,0,0,0,0,0,0,-173000,0,0,0,0,173000,-173000,-173000
055444,致新台新97購01  ,0,0,0,0,0,0,0,0,0,-174000,0,0,0,0,174000,-174000,-174000
06667P,鴻海凱基98售11  ,0,0,0,0,0,0,0,0,0,-174000,0,0,0,13000,187000,-174000,-174000
2428,興勤            ,22000,137000,-115000,0,0,0,0,0,0,-59000,0,0,0,0,59000,-59000,-174000
5534,長虹            ,52000,241000,-189000,0,0,0,0,0,0,13000,13000,0,13000,0,0,0,-176000
8210,勤誠            ,81000,247000,-166000,0,0,0,0,0,0,-10000,40000,35000,5000,0,15000,-15000,-176000
061056,臺指反國票02購01,0,0,0,0,0,0,0,0,0,-177000,0,0,0,18000,195000,-177000,-177000
059080,亞泥元大99購01  ,0,0,0,0,0,0,0,0,0,-177000,0,0,0,23000,200000,-177000,-177000
05708P,奇力新國票97售04,0,0,0,0,0,0,0,0,0,-177000,0,0,0,30000,207000,-177000,-177000
2351,順德            ,93000,242000,-149000,0,0,0,0,27000,-27000,-1000,0,1000,-1000,0,0,0,-177000
051745,玉晶光國泰97購06,0,0,0,0,0,0,0,0,0,-178000,0,0,0,17000,195000,-178000,-178000
060360,南亞科元富9A購02,0,0,0,0,0,0,0,0,0,-178000,0,0,0,68000,246000,-178000,-178000
2836,高雄銀          ,50000,228000,-178000,0,0,0,0,0,0,0,0,0,0,0,0,0,-178000
060720,嘉聯益永豐9A購02,0,0,0,0,0,0,0,0,0,-179000,0,0,0,0,179000,-179000,-179000
053279,景碩元大97購01  ,0,0,0,0,0,0,0,0,0,-180000,0,0,0,0,180000,-180000,-180000
056583,昇陽半元大98購02,0,0,0,0,0,0,0,0,0,-180000,0,0,0,0,180000,-180000,-180000
056805,元石油統一9B購01,0,0,0,0,0,0,0,0,0,-180000,0,0,0,0,180000,-180000,-180000
055464,聚陽凱基97購01  ,0,0,0,0,0,0,0,0,0,-180000,0,0,0,0,180000,-180000,-180000
057623,友訊國泰99購01  ,0,0,0,0,0,0,0,0,0,-180000,0,0,0,50000,230000,-180000,-180000
062916,智易元大9B購01  ,0,0,0,0,0,0,0,0,0,-181000,0,0,0,116000,297000,-181000,-181000
056638,臺股指日盛98購01,0,0,0,0,0,0,0,0,0,-181000,0,0,0,281000,462000,-181000,-181000
060296,和碩元大9A購01  ,0,0,0,0,0,0,0,0,0,-181000,0,0,0,0,181000,-181000,-181000
060254,世紀鋼元大9A購01,0,0,0,0,0,0,0,0,0,-181000,0,0,0,106000,287000,-181000,-181000
2929,淘帝-KY         ,127000,309059,-182059,0,0,0,0,0,0,231,0,0,0,2000,1769,231,-181828
062162,世紀鋼凱基9B購03,0,0,0,0,0,0,0,0,0,-182000,0,0,0,9000,191000,-182000,-182000
2838,聯邦銀          ,54000,236000,-182000,0,0,0,0,0,0,0,0,0,0,0,0,0,-182000
3015,全漢            ,23000,203000,-180000,0,0,0,0,0,0,-2000,0,2000,-2000,0,0,0,-182000
07370P,南亞科凱基99售08,0,0,0,0,0,0,0,0,0,-182000,0,0,0,20000,202000,-182000,-182000
07608P,台灣50國票9C售03,0,0,0,0,0,0,0,0,0,-182000,0,0,0,0,182000,-182000,-182000
07842P,力成元大9A售01  ,0,0,0,0,0,0,0,0,0,-182000,0,0,0,0,182000,-182000,-182000
07825P,健策國泰9B售04  ,0,0,0,0,0,0,0,0,0,-182000,0,0,0,99000,281000,-182000,-182000
061361,世紀鋼兆豐9A購01,0,0,0,0,0,0,0,0,0,-183000,0,0,0,422000,605000,-183000,-183000
062986,T50反1中信02購01,0,0,0,0,0,0,0,0,0,-183000,0,0,0,10000,193000,-183000,-183000
063063,泰鼎元富9B購01  ,0,0,0,0,0,0,0,0,0,-183000,0,0,0,109000,292000,-183000,-183000
062898,華通元大9B購05  ,0,0,0,0,0,0,0,0,0,-183000,0,0,0,0,183000,-183000,-183000
062875,瑞昱兆豐9C購01  ,0,0,0,0,0,0,0,0,0,-183000,0,0,0,11000,194000,-183000,-183000
059042,世紀鋼群益99購02,0,0,0,0,0,0,0,0,0,-183000,0,0,0,115000,298000,-183000,-183000
06736P,新日興凱基98售03,0,0,0,0,0,0,0,0,0,-183000,0,0,0,22000,205000,-183000,-183000
06737P,台郡凱基98售07  ,0,0,0,0,0,0,0,0,0,-183000,0,0,0,31000,214000,-183000,-183000
2332,友訊            ,571000,824000,-253000,0,0,0,0,0,0,70000,18000,4000,14000,71000,15000,56000,-183000
061799,奇鋐永豐9B購01  ,0,0,0,0,0,0,0,0,0,-184000,0,0,0,0,184000,-184000,-184000
2617,台航            ,144000,328000,-184000,0,0,0,0,0,0,0,0,0,0,0,0,0,-184000
06582P,可成凱基98售06  ,0,0,0,0,0,0,0,0,0,-184000,0,0,0,0,184000,-184000,-184000
062133,大成鋼群益9B購01,0,0,0,0,0,0,0,0,0,-185000,0,0,0,19000,204000,-185000,-185000
056705,超眾國泰99購01  ,0,0,0,0,0,0,0,0,0,-185000,0,0,0,16000,201000,-185000,-185000
054166,日電貿凱基98購01,0,0,0,0,0,0,0,0,0,-185000,0,0,0,23000,208000,-185000,-185000
053827,漢唐麥證9A購01  ,0,0,0,25000,210000,-185000,0,0,0,-185000,0,0,0,25000,210000,-185000,-185000
059160,華通凱基99購03  ,0,0,0,0,0,0,0,0,0,-185000,0,0,0,0,185000,-185000,-185000
054756,世紀鋼凱基99購01,0,0,0,0,0,0,0,0,0,-186000,0,0,0,59000,245000,-186000,-186000
057798,貿聯兆豐99購01  ,0,0,0,0,0,0,0,0,0,-186000,0,0,0,360000,546000,-186000,-186000
061008,群創兆豐9A購02  ,0,0,0,0,0,0,0,0,0,-187000,0,0,0,0,187000,-187000,-187000
06680P,智邦元大98售06  ,0,0,0,0,0,0,0,0,0,-187000,0,0,0,15000,202000,-187000,-187000
062404,新唐永豐9B購01  ,0,0,0,0,0,0,0,0,0,-188000,0,0,0,20000,208000,-188000,-188000
060754,華通元大9A購04  ,0,0,0,0,0,0,0,0,0,-188000,0,0,0,0,188000,-188000,-188000
3588,通嘉            ,303000,489000,-186000,0,0,0,0,0,0,-2000,0,2000,-2000,0,0,0,-188000
063030,華通凱基9B購03  ,0,0,0,0,0,0,0,0,0,-189000,0,0,0,10000,199000,-189000,-189000
059816,聯電凱基99購03  ,0,0,0,0,0,0,0,0,0,-189000,0,0,0,0,189000,-189000,-189000
3665,貿聯-KY         ,451000,699000,-248000,0,0,0,55000,0,55000,4000,30000,25000,5000,51000,52000,-1000,-189000
3030,德律            ,134000,328000,-194000,0,0,0,0,0,0,5000,5000,0,5000,0,0,0,-189000
058842,元油2X群益9C購01,0,0,0,0,0,0,0,0,0,-190000,0,0,0,0,190000,-190000,-190000
07695P,台郡元大9A售02  ,0,0,0,0,0,0,0,0,0,-190000,0,0,0,10000,200000,-190000,-190000
05915P,聯發科元大96售19,0,0,0,0,0,0,0,0,0,-191000,0,0,0,0,191000,-191000,-191000
059307,T50反1元大99購06,0,0,0,0,0,0,0,0,0,-192000,0,0,0,141000,333000,-192000,-192000
07788P,華新科群益9A售08,0,0,0,0,0,0,0,0,0,-192000,0,0,0,0,192000,-192000,-192000
058526,鈺齊元大99購02  ,0,0,0,0,0,0,0,0,0,-193000,0,0,0,34000,227000,-193000,-193000
062503,玉晶光群益01購03,0,0,0,0,0,0,0,0,0,-194000,0,0,0,15000,209000,-194000,-194000
00670L,富邦NASDAQ正2   ,34000,25000,9000,0,0,0,0,0,0,-203000,0,421000,-421000,849000,631000,218000,-194000
07880P,可成群益9B售05  ,0,0,0,0,0,0,0,0,0,-194000,0,0,0,3000,197000,-194000,-194000
07904P,聯發科群益9B售05,0,0,0,0,0,0,0,0,0,-194000,0,0,0,51000,245000,-194000,-194000
2634,漢翔            ,418000,724000,-306000,0,0,0,0,0,0,112000,100000,0,100000,57000,45000,12000,-194000
062912,新日興元大9B購01,0,0,0,0,0,0,0,0,0,-195000,0,0,0,69000,264000,-195000,-195000
062089,矽創元大9B購02  ,0,0,0,0,0,0,0,0,0,-195000,0,0,0,232000,427000,-195000,-195000
060047,道瓊反凱基99購01,0,0,0,0,0,0,0,0,0,-195000,0,0,0,80000,275000,-195000,-195000
4564,元翎            ,72000,265000,-193000,0,0,0,0,0,0,-2000,1000,0,1000,0,3000,-3000,-195000
061956,和大統一01購01  ,0,0,0,0,0,0,0,0,0,-196000,0,0,0,0,196000,-196000,-196000
062483,致新國票9B購01  ,0,0,0,0,0,0,0,0,0,-196000,0,0,0,19000,215000,-196000,-196000
059975,元金2X元大99購02,0,0,0,0,0,0,0,0,0,-196000,0,0,0,105000,301000,-196000,-196000
08003P,國巨國泰9B售07  ,0,0,0,0,0,0,0,0,0,-196000,0,0,0,0,196000,-196000,-196000
07334P,臺股指國票99售19,0,0,0,0,0,0,0,0,0,-196000,0,0,0,130000,326000,-196000,-196000
4968,立積            ,392440,553000,-160560,0,0,0,0,0,0,-36000,0,0,0,9000,45000,-36000,-196560
2360,致茂            ,304194,504000,-199806,0,0,0,10000,0,10000,-7000,0,2000,-2000,0,5000,-5000,-196806
063196,力成元富9B購01  ,0,0,0,0,0,0,0,0,0,-197000,0,0,0,119000,316000,-197000,-197000
061375,華通永豐9A購02  ,0,0,0,0,0,0,0,0,0,-197000,0,0,0,80000,277000,-197000,-197000
060032,利勤永豐99購01  ,0,0,0,0,0,0,0,0,0,-197000,0,0,0,53000,250000,-197000,-197000
060146,健策國票9A購03  ,0,0,0,0,0,0,0,0,0,-197000,0,0,0,151000,348000,-197000,-197000
059836,大立光國泰9B購02,0,0,0,0,0,0,0,0,0,-197000,0,0,0,14000,211000,-197000,-197000
2538,基泰            ,3000,200000,-197000,0,0,0,0,0,0,0,0,0,0,0,0,0,-197000
07471P,南亞科元大9A售01,0,0,0,0,0,0,0,0,0,-197000,0,0,0,1000,198000,-197000,-197000
07023P,南電永豐99售02  ,0,0,0,0,0,0,0,0,0,-197000,0,0,0,0,197000,-197000,-197000
03680C,臺股指凱基9A牛26,0,0,0,0,0,0,0,0,0,-199000,0,0,0,393000,592000,-199000,-199000
05242P,群創國泰97售01  ,0,0,0,0,0,0,0,0,0,-199000,0,0,0,65000,264000,-199000,-199000
07394P,國巨群益99售12  ,0,0,0,0,0,0,0,0,0,-199000,0,0,0,0,199000,-199000,-199000
06542P,台光電國票98售05,0,0,0,0,0,0,0,0,0,-199000,0,0,0,0,199000,-199000,-199000
08084P,台表科元大9B售06,0,0,0,0,0,0,0,0,0,-199000,0,0,0,0,199000,-199000,-199000
07906P,中租群益9B售02  ,0,0,0,0,0,0,0,0,0,-199000,0,0,0,0,199000,-199000,-199000
061416,聯茂群益9A購01  ,0,0,0,0,0,0,0,0,0,-200000,0,0,0,20000,220000,-200000,-200000
062119,世紀鋼中信9B購01,0,0,0,0,0,0,0,0,0,-200000,0,0,0,0,200000,-200000,-200000
06389P,聯發科兆豐97售01,0,0,0,0,0,0,0,0,0,-200000,0,0,0,0,200000,-200000,-200000
05631P,國巨富邦9A售01  ,0,0,0,0,0,0,0,0,0,-200000,0,0,0,0,200000,-200000,-200000
05519P,上証2X凱基98售01,0,0,0,0,0,0,0,0,0,-200000,0,0,0,0,200000,-200000,-200000
056121,勤誠群益97購01  ,0,0,0,0,0,0,0,0,0,-200000,0,0,0,0,200000,-200000,-200000
059043,聯電日盛99購01  ,0,0,0,0,0,0,0,0,0,-200000,0,0,0,0,200000,-200000,-200000
059044,聯電日盛99購02  ,0,0,0,0,0,0,0,0,0,-200000,0,0,0,0,200000,-200000,-200000
059647,超眾凱基99購04  ,0,0,0,0,0,0,0,0,0,-200000,0,0,0,0,200000,-200000,-200000
05710P,禾伸堂國票97售02,0,0,0,0,0,0,0,0,0,-200000,0,0,0,0,200000,-200000,-200000
060564,南亞科富邦9C購01,0,0,0,0,0,0,0,0,0,-200000,0,0,0,0,200000,-200000,-200000
060016,廣達康和99購01  ,0,0,0,0,0,0,0,0,0,-200000,0,0,0,0,200000,-200000,-200000
07749P,台郡凱基9A售01  ,0,0,0,0,0,0,0,0,0,-200000,0,0,0,0,200000,-200000,-200000
07775P,國巨群益9A售10  ,0,0,0,0,0,0,0,0,0,-200000,0,0,0,0,200000,-200000,-200000
07776P,國巨群益9B售02  ,0,0,0,0,0,0,0,0,0,-200000,0,0,0,11000,211000,-200000,-200000
07577P,華新科元大9A售09,0,0,0,0,0,0,0,0,0,-200000,0,0,0,0,200000,-200000,-200000
07640P,國巨群益9A售07  ,0,0,0,0,0,0,0,0,0,-200000,0,0,0,0,200000,-200000,-200000
07667P,亞德客元大9A售05,0,0,0,0,0,0,0,0,0,-200000,0,0,0,10000,210000,-200000,-200000
07402P,瑞昱凱基99售02  ,0,0,0,0,0,0,0,0,0,-200000,0,0,0,0,200000,-200000,-200000
07124P,台積電元大99售21,0,0,0,0,0,0,0,0,0,-200000,0,0,0,0,200000,-200000,-200000
6271,同欣電          ,435000,597000,-162000,0,0,0,3000,0,3000,-41000,39000,42000,-3000,5000,43000,-38000,-200000
062184,奇鋐元大9B購02  ,0,0,0,0,0,0,0,0,0,-201000,0,0,0,118000,319000,-201000,-201000
057455,景碩國泰99購01  ,0,0,0,0,0,0,0,0,0,-201000,0,0,0,10000,211000,-201000,-201000
06655P,TPK元大98售02   ,0,0,0,0,0,0,0,0,0,-201000,0,0,0,96000,297000,-201000,-201000
07847P,國巨群益9A售13  ,0,0,0,0,0,0,0,0,0,-201000,0,0,0,40000,241000,-201000,-201000
07574P,國巨元大9A售12  ,0,0,0,0,0,0,0,0,0,-202000,0,0,0,0,202000,-202000,-202000
08094P,華新科元富9B售05,0,0,0,0,0,0,0,0,0,-202000,0,0,0,0,202000,-202000,-202000
5225,東科-KY         ,191000,394000,-203000,0,0,0,0,0,0,1000,1000,0,1000,0,0,0,-202000
4935,茂林-KY         ,497000,399376,97624,0,0,0,0,94000,-94000,-206000,40000,60000,-20000,0,186000,-186000,-202376
062058,瑞昱統一01購01  ,0,0,0,0,0,0,0,0,0,-203000,0,0,0,17000,220000,-203000,-203000
061094,彩晶統一9B購02  ,0,0,0,0,0,0,0,0,0,-203000,0,0,0,0,203000,-203000,-203000
062934,大成鋼凱基9B購02,0,0,0,0,0,0,0,0,0,-203000,0,0,0,0,203000,-203000,-203000
053694,創意元大96購03  ,0,0,0,0,0,0,0,0,0,-203000,0,0,0,50000,253000,-203000,-203000
059540,新光金日盛99購01,0,0,0,0,0,0,0,0,0,-203000,0,0,0,15000,218000,-203000,-203000
06962P,華新科永豐99售01,0,0,0,0,0,0,0,0,0,-203000,0,0,0,6000,209000,-203000,-203000
056669,貿聯國票99購01  ,0,0,0,0,0,0,0,0,0,-204000,0,0,0,82000,286000,-204000,-204000
058523,聯茂元大99購08  ,0,0,0,0,0,0,0,0,0,-204000,0,0,0,130000,334000,-204000,-204000
061052,和大群益9A購01  ,0,0,0,0,0,0,0,0,0,-205000,0,0,0,24000,229000,-205000,-205000
048651,美利達元大96購05,0,0,0,0,0,0,0,0,0,-205000,0,0,0,5000,210000,-205000,-205000
057484,南亞科元大98購06,0,0,0,0,0,0,0,0,0,-205000,0,0,0,0,205000,-205000,-205000
060327,美律群益9A購02  ,0,0,0,0,0,0,0,0,0,-205000,0,0,0,85000,290000,-205000,-205000
059350,樺漢凱基9A購01  ,0,0,0,0,0,0,0,0,0,-206000,0,0,0,21000,227000,-206000,-206000
059397,T50反1元富99購05,0,0,0,0,0,0,0,0,0,-206000,0,0,0,0,206000,-206000,-206000
08035P,國巨群益9C售04  ,0,0,0,0,0,0,0,0,0,-206000,0,0,0,0,206000,-206000,-206000
2642,宅配通          ,100000,114000,-14000,0,0,0,0,192000,-192000,0,0,0,0,0,0,0,-206000
061308,元金2X中信9A購01,0,0,0,0,0,0,0,0,0,-207000,0,0,0,26000,233000,-207000,-207000
061798,晶豪科永豐9B購01,0,0,0,0,0,0,0,0,0,-207000,0,0,0,0,207000,-207000,-207000
063137,瑞昱統一01購02  ,0,0,0,0,0,0,0,0,0,-207000,0,0,0,12000,219000,-207000,-207000
3437,榮創            ,209000,416000,-207000,0,0,0,0,0,0,0,0,0,0,0,0,0,-207000
055835,華邦電元大97購03,0,0,0,0,0,0,0,0,0,-208000,0,0,0,0,208000,-208000,-208000
055681,奇鋐凱基98購03  ,0,0,0,0,0,0,0,0,0,-208000,0,0,0,37000,245000,-208000,-208000
06516P,國巨凱基98售08  ,0,0,0,0,0,0,0,0,0,-209000,0,0,0,11000,220000,-209000,-209000
060733,和大統一9C購01  ,0,0,0,0,0,0,0,0,0,-210000,0,0,0,0,210000,-210000,-210000
06836P,玉晶光國票99售06,0,0,0,0,0,0,0,0,0,-210000,0,0,0,20000,230000,-210000,-210000
06230P,亞德客永豐97售03,0,0,0,0,0,0,0,0,0,-211000,0,0,0,0,211000,-211000,-211000
050170,臺指反元大97購02,0,0,0,0,0,0,0,0,0,-212000,0,0,0,158000,370000,-212000,-212000
4526,東台            ,8000,220000,-212000,0,0,0,0,0,0,0,0,0,0,0,0,0,-212000
2489,瑞軒            ,210000,432000,-222000,0,0,0,0,0,0,10000,10000,0,10000,0,0,0,-212000
063135,國巨統一9B購16  ,0,0,0,0,0,0,0,0,0,-213000,0,0,0,5000,218000,-213000,-213000
061801,祥碩永豐9B購01  ,0,0,0,0,0,0,0,0,0,-213000,0,0,0,1000,214000,-213000,-213000
060576,欣興中信9B購01  ,0,0,0,0,0,0,0,0,0,-213000,0,0,0,18000,231000,-213000,-213000
058555,矽創永豐9A購01  ,0,0,0,0,0,0,0,0,0,-213000,0,0,0,55000,268000,-213000,-213000
057523,大成鋼元大99購01,0,0,0,0,0,0,0,0,0,-213000,0,0,0,237000,450000,-213000,-213000
058645,康控富邦01購01  ,0,0,0,0,0,0,0,0,0,-213000,0,0,0,0,213000,-213000,-213000
07669P,華新科元大9A售14,0,0,0,0,0,0,0,0,0,-213000,0,0,0,0,213000,-213000,-213000
07855P,旺宏凱基9A售09  ,0,0,0,0,0,0,0,0,0,-213000,0,0,0,5000,218000,-213000,-213000
00753L,中信中國50正2   ,394000,455000,-61000,0,0,0,0,0,0,-153000,0,0,0,927000,1080000,-153000,-214000
08002P,大毅國票9B售03  ,0,0,0,0,0,0,0,0,0,-214000,0,0,0,62000,276000,-214000,-214000
06855P,聯發科富邦9A售01,0,0,0,0,0,0,0,0,0,-214000,0,0,0,0,214000,-214000,-214000
1319,東陽            ,308000,347528,-39528,0,0,0,0,200000,-200000,25000,55000,30000,25000,0,0,0,-214528
062166,致新國泰01購01  ,0,0,0,0,0,0,0,0,0,-215000,0,0,0,3000,218000,-215000,-215000
06921P,台光電凱基98售06,0,0,0,0,0,0,0,0,0,-215000,0,0,0,10000,225000,-215000,-215000
057602,聯茂群益98購02  ,0,0,0,0,0,0,0,0,0,-216000,0,0,0,0,216000,-216000,-216000
057356,彩晶統一98購04  ,0,0,0,0,0,0,0,0,0,-216000,0,0,0,0,216000,-216000,-216000
057119,微星康和98購01  ,0,0,0,0,0,0,0,0,0,-217000,0,0,0,0,217000,-217000,-217000
2302,麗正            ,0,217000,-217000,0,0,0,0,0,0,0,0,0,0,0,0,0,-217000
061478,奇鋐元大9A購01  ,0,0,0,0,0,0,0,0,0,-218000,0,0,0,101000,319000,-218000,-218000
063136,智邦統一9B購02  ,0,0,0,0,0,0,0,0,0,-218000,0,0,0,323000,541000,-218000,-218000
00717,富邦美國特別股  ,0,0,0,0,0,0,0,0,0,-218000,0,0,0,470000,688000,-218000,-218000
03857P,聯發科元富99售02,0,0,0,0,0,0,0,0,0,-218000,0,0,0,0,218000,-218000,-218000
062183,奇鋐元大9B購01  ,0,0,0,0,0,0,0,0,0,-219000,0,0,0,0,219000,-219000,-219000
058085,景碩群益9A購01  ,0,0,0,0,0,0,0,0,0,-219000,0,0,0,0,219000,-219000,-219000
061631,SP黃豆元大9A購05,0,0,0,0,0,0,0,0,0,-220000,0,0,0,0,220000,-220000,-220000
06619P,聯發科元大98售06,0,0,0,0,0,0,0,0,0,-220000,0,0,0,410000,630000,-220000,-220000
061433,華通麥證9A購03  ,0,0,0,0,221000,-221000,0,0,0,-221000,0,0,0,0,221000,-221000,-221000
061232,和大元大9A購03  ,0,0,0,0,0,0,0,0,0,-221000,0,0,0,11000,232000,-221000,-221000
063200,瑞昱統一9C購01  ,0,0,0,0,0,0,0,0,0,-221000,0,0,0,63000,284000,-221000,-221000
06332P,世紀鋼群益98售01,0,0,0,0,0,0,0,0,0,-221000,0,0,0,0,221000,-221000,-221000
056641,華通凱基98購03  ,0,0,0,0,0,0,0,0,0,-221000,0,0,0,23000,244000,-221000,-221000
07660P,聯茂凱基9A售03  ,0,0,0,0,0,0,0,0,0,-221000,0,0,0,0,221000,-221000,-221000
061278,和大統一9A購01  ,0,0,0,0,0,0,0,0,0,-222000,0,0,0,34000,256000,-222000,-222000
062200,臺指反國票03購01,0,0,0,0,0,0,0,0,0,-222000,0,0,0,0,222000,-222000,-222000
058886,元石油元大9C購03,0,0,0,0,0,0,0,0,0,-222000,0,0,0,0,222000,-222000,-222000
2704,國賓            ,29000,251000,-222000,0,0,0,0,0,0,0,0,0,0,0,0,0,-222000
062328,南亞科統一9C購01,0,0,0,0,0,0,0,0,0,-223000,0,0,0,53000,276000,-223000,-223000
057940,和大國票99購01  ,0,0,0,0,0,0,0,0,0,-223000,0,0,0,6000,229000,-223000,-223000
062266,世紀鋼元大9B購02,0,0,0,0,0,0,0,0,0,-224000,0,0,0,240000,464000,-224000,-224000
058838,國巨中信99購03  ,0,0,0,0,0,0,0,0,0,-224000,0,0,0,183000,407000,-224000,-224000
056385,創意國泰99購01  ,0,0,0,0,0,0,0,0,0,-224000,0,0,0,108000,332000,-224000,-224000
060794,景碩永豐9A購02  ,0,0,0,0,0,0,0,0,0,-224000,0,0,0,10000,234000,-224000,-224000
6202,盛群            ,106000,329000,-223000,0,0,0,0,0,0,-1000,0,1000,-1000,0,0,0,-224000
1736,喬山            ,591000,734000,-143000,0,0,0,100000,0,100000,-182000,5000,92000,-87000,4000,99000,-95000,-225000
08077P,亞德客國票9B售02,0,0,0,0,0,0,0,0,0,-225000,0,0,0,30000,255000,-225000,-225000
9944,新麗            ,244000,469000,-225000,0,0,0,0,0,0,-1000,0,1000,-1000,0,0,0,-226000
062463,世紀鋼麥證9B購01,0,0,0,311000,538000,-227000,0,0,0,-227000,0,0,0,311000,538000,-227000,-227000
061021,聯電國泰9B購01  ,0,0,0,0,0,0,0,0,0,-227000,0,0,0,296000,523000,-227000,-227000
057894,華通元富02購02  ,0,0,0,0,0,0,0,0,0,-227000,0,0,0,285000,512000,-227000,-227000
062281,奇鋐群益9B購01  ,0,0,0,0,0,0,0,0,0,-228000,0,0,0,199000,427000,-228000,-228000
058424,滬深2X元富99購04,0,0,0,0,0,0,0,0,0,-228000,0,0,0,112000,340000,-228000,-228000
057327,玉晶光群益9A購04,0,0,0,0,0,0,0,0,0,-229000,0,0,0,3000,232000,-229000,-229000
057689,南亞科凱基99購02,0,0,0,0,0,0,0,0,0,-229000,0,0,0,0,229000,-229000,-229000
063057,祥碩統一03購01  ,0,0,0,0,0,0,0,0,0,-230000,0,0,0,2000,232000,-230000,-230000
060831,T50反1國票9B購03,0,0,0,0,0,0,0,0,0,-230000,0,0,0,0,230000,-230000,-230000
053973,晶豪科元大96購01,0,0,0,0,0,0,0,0,0,-230000,0,0,0,0,230000,-230000,-230000
061456,玉晶光凱基9B購05,0,0,0,0,0,0,0,0,0,-232000,0,0,0,37000,269000,-232000,-232000
058676,聯茂群益99購01  ,0,0,0,0,0,0,0,0,0,-232000,0,0,0,17000,249000,-232000,-232000
060628,和大富邦9B購01  ,0,0,0,0,0,0,0,0,0,-232000,0,0,0,0,232000,-232000,-232000
061024,南電國泰9B購01  ,0,0,0,0,0,0,0,0,0,-233000,0,0,0,5000,238000,-233000,-233000
00675L,富邦臺灣加權正2 ,45000,116000,-71000,0,0,0,0,0,0,-162000,0,0,0,121000,283000,-162000,-233000
059765,嘉聯益永豐99購02,0,0,0,0,0,0,0,0,0,-233000,0,0,0,3000,236000,-233000,-233000
6120,達運            ,190000,423000,-233000,0,0,0,0,0,0,0,0,0,0,0,0,0,-233000
07130P,台郡元大9B售01  ,0,0,0,0,0,0,0,0,0,-233000,0,0,0,20000,253000,-233000,-233000
063432,金寶元富9B購01  ,0,0,0,0,0,0,0,0,0,-234000,0,0,0,0,234000,-234000,-234000
054349,同欣電國票97購02,0,0,0,0,0,0,0,0,0,-234000,0,0,0,30000,264000,-234000,-234000
059618,台積電日盛99購01,0,0,0,0,0,0,0,0,0,-234000,0,0,0,138000,372000,-234000,-234000
060234,凱美元大9C購01  ,0,0,0,0,0,0,0,0,0,-234000,0,0,0,194000,428000,-234000,-234000
1734,杏輝            ,65000,299000,-234000,0,0,0,0,0,0,0,0,0,0,0,0,0,-234000
4942,嘉彰            ,85000,319000,-234000,0,0,0,0,0,0,0,0,0,0,0,0,0,-234000
056417,欣興中信98購01  ,0,0,0,0,0,0,0,0,0,-235000,0,0,0,20000,255000,-235000,-235000
056420,台表科元富98購01,0,0,0,0,0,0,0,0,0,-235000,0,0,0,1129000,1364000,-235000,-235000
07060P,台表科國票9A售01,0,0,0,0,0,0,0,0,0,-235000,0,0,0,20000,255000,-235000,-235000
058497,新日興群益9B購01,0,0,0,0,0,0,0,0,0,-236000,0,0,0,4000,240000,-236000,-236000
07981P,上銀群益9B售04  ,0,0,0,0,0,0,0,0,0,-236000,0,0,0,17000,253000,-236000,-236000
07976P,聯發科群益9C售02,0,0,0,0,0,0,0,0,0,-236000,0,0,0,37000,273000,-236000,-236000
063207,聯茂統一01購01  ,0,0,0,0,0,0,0,0,0,-237000,0,0,0,20000,257000,-237000,-237000
057085,立積統一9B購02  ,0,0,0,0,0,0,0,0,0,-237000,0,0,0,348000,585000,-237000,-237000
1701,中化            ,402000,631000,-229000,0,0,0,0,0,0,-8000,3000,11000,-8000,0,0,0,-237000
07067P,旺宏台新99售02  ,0,0,0,0,0,0,0,0,0,-237000,0,0,0,56000,293000,-237000,-237000
061005,可成兆豐9A購01  ,0,0,0,0,0,0,0,0,0,-238000,0,0,0,3000,241000,-238000,-238000
056286,奇鋐永豐97購01  ,0,0,0,0,0,0,0,0,0,-238000,0,0,0,37000,275000,-238000,-238000
03662C,FBVIX凱基03牛01 ,0,0,0,0,0,0,0,0,0,-238000,0,0,0,10000,248000,-238000,-238000
059242,南亞科凱基99購06,0,0,0,0,0,0,0,0,0,-238000,0,0,0,14000,252000,-238000,-238000
2331,精英            ,95000,341000,-246000,0,0,0,0,0,0,8000,20000,12000,8000,0,0,0,-238000
056507,創意永豐98購02  ,0,0,0,0,0,0,0,0,0,-239000,0,0,0,60000,299000,-239000,-239000
07819P,旺宏國票9B售01  ,0,0,0,0,0,0,0,0,0,-239000,0,0,0,221000,460000,-239000,-239000
062760,漢唐凱基9B購01  ,0,0,0,0,0,0,0,0,0,-240000,0,0,0,0,240000,-240000,-240000
1313,聯成            ,97000,337000,-240000,0,0,0,0,0,0,0,0,0,0,0,0,0,-240000
3017,奇鋐            ,2787369,3782000,-994631,0,0,0,0,0,0,754000,0,60000,-60000,890000,76000,814000,-240631
062744,超眾國泰9C購01  ,0,0,0,0,0,0,0,0,0,-241000,0,0,0,15000,256000,-241000,-241000
061469,瑞祺群益9A購02  ,0,0,0,0,0,0,0,0,0,-241000,0,0,0,274000,515000,-241000,-241000
057173,南亞科元大98購04,0,0,0,0,0,0,0,0,0,-241000,0,0,0,11000,252000,-241000,-241000
058854,樺漢群益9B購01  ,0,0,0,0,0,0,0,0,0,-243000,0,0,0,201000,444000,-243000,-243000
056094,大立光元富97購03,0,0,0,0,0,0,0,0,0,-243000,0,0,0,40000,283000,-243000,-243000
07071P,立積元富99售01  ,0,0,0,0,0,0,0,0,0,-243000,0,0,0,37000,280000,-243000,-243000
062757,華通凱基9B購02  ,0,0,0,0,0,0,0,0,0,-244000,0,0,0,0,244000,-244000,-244000
063220,建準群益9B購01  ,0,0,0,0,0,0,0,0,0,-244000,0,0,0,146000,390000,-244000,-244000
055207,致新中信99購01  ,0,0,0,0,0,0,0,0,0,-244000,0,0,0,6000,250000,-244000,-244000
063365,義隆富邦01購01  ,0,0,0,0,0,0,0,0,0,-245000,0,0,0,9000,254000,-245000,-245000
08015P,可成凱基9B售05  ,0,0,0,0,0,0,0,0,0,-245000,0,0,0,0,245000,-245000,-245000
061363,儒鴻國票9B購01  ,0,0,0,0,0,0,0,0,0,-247000,0,0,0,169000,416000,-247000,-247000
054059,欣興國票97購03  ,0,0,0,0,0,0,0,0,0,-247000,0,0,0,0,247000,-247000,-247000
07864P,可成元大9B售01  ,0,0,0,0,0,0,0,0,0,-247000,0,0,0,54000,301000,-247000,-247000
4551,智伸科          ,142000,438000,-296000,0,0,0,90000,0,90000,-41000,10000,6000,4000,1000,46000,-45000,-247000
062017,京鼎永豐9B購01  ,0,0,0,0,0,0,0,0,0,-248000,0,0,0,0,248000,-248000,-248000
06047P,聯發科富邦99售04,0,0,0,0,0,0,0,0,0,-248000,0,0,0,10000,258000,-248000,-248000
062460,京鼎群益9C購01  ,0,0,0,0,0,0,0,0,0,-249000,0,0,0,68000,317000,-249000,-249000
054819,裕民元大9A購01  ,0,0,0,0,0,0,0,0,0,-249000,0,0,0,220000,469000,-249000,-249000
058763,和碩群益99購01  ,0,0,0,0,0,0,0,0,0,-249000,0,0,0,50000,299000,-249000,-249000
9802,鈺齊-KY         ,914000,1893000,-979000,0,0,0,584000,0,584000,146000,127000,56000,71000,110000,35000,75000,-249000
061578,玉晶光元大9A購16,0,0,0,0,0,0,0,0,0,-250000,0,0,0,27000,277000,-250000,-250000
054826,復盛元大9A購01  ,0,0,0,0,0,0,0,0,0,-250000,0,0,0,47000,297000,-250000,-250000
06010P,國泰金元富96售01,0,0,0,0,0,0,0,0,0,-250000,0,0,0,100000,350000,-250000,-250000
057649,嘉聯益元大99購04,0,0,0,0,0,0,0,0,0,-250000,0,0,0,70000,320000,-250000,-250000
2369,菱生            ,215000,465000,-250000,0,0,0,0,0,0,0,0,0,0,0,0,0,-250000
061192,奇鋐永豐9A購01  ,0,0,0,0,0,0,0,0,0,-251000,0,0,0,0,251000,-251000,-251000
00654R,富邦印度反1     ,0,208000,-208000,0,0,0,0,0,0,-43000,0,0,0,0,43000,-43000,-251000
1718,中纖            ,903000,1154000,-251000,0,0,0,0,0,0,0,0,0,0,0,0,0,-251000
057269,鈺齊兆豐98購01  ,0,0,0,0,0,0,0,0,0,-252000,0,0,0,0,252000,-252000,-252000
08095P,大立光元富9B售03,0,0,0,0,0,0,0,0,0,-252000,0,0,0,121000,373000,-252000,-252000
2534,宏盛            ,150000,402200,-252200,0,0,0,0,0,0,0,0,0,0,0,0,0,-252200
054472,道瓊反中信9A購01,0,0,0,0,0,0,0,0,0,-253000,0,0,0,0,253000,-253000,-253000
055259,玉晶光統一9A購01,0,0,0,0,0,0,0,0,0,-254000,0,0,0,0,254000,-254000,-254000
05982P,漢唐國票96售03  ,0,0,0,0,0,0,0,0,0,-254000,0,0,0,50000,304000,-254000,-254000
9907,統一實          ,89000,343000,-254000,0,0,0,0,0,0,0,0,0,0,0,0,0,-254000
00728,第一金工業30    ,0,0,0,0,0,0,0,0,0,-255000,0,0,0,123000,378000,-255000,-255000
057985,華通元富02購03  ,0,0,0,0,0,0,0,0,0,-255000,0,0,0,207000,462000,-255000,-255000
057174,南亞科元大98購05,0,0,0,0,0,0,0,0,0,-255000,0,0,0,2000,257000,-255000,-255000
059005,嘉晶元大99購06  ,0,0,0,0,0,0,0,0,0,-255000,0,0,0,94000,349000,-255000,-255000
4943,康控-KY         ,167000,416000,-249000,0,0,0,0,0,0,-6000,0,0,0,7000,13000,-6000,-255000
062888,漢唐群益9B購01  ,0,0,0,0,0,0,0,0,0,-256000,0,0,0,5000,261000,-256000,-256000
060804,T50反1群益9A購02,0,0,0,0,0,0,0,0,0,-256000,0,0,0,14000,270000,-256000,-256000
060608,玉晶光凱基9A購08,0,0,0,0,0,0,0,0,0,-257000,0,0,0,0,257000,-257000,-257000
1802,台玻            ,437000,694000,-257000,0,0,0,0,0,0,0,0,0,0,0,0,0,-257000
8105,凌巨            ,191000,449000,-258000,0,0,0,0,0,0,0,0,0,0,0,0,0,-258000
06338P,亞德客統一97售02,0,0,0,0,0,0,0,0,0,-259000,0,0,0,160000,419000,-259000,-259000
07816P,聯發科群益9A售02,0,0,0,0,0,0,0,0,0,-259000,0,0,0,0,259000,-259000,-259000
056376,玉晶光統一98購01,0,0,0,0,0,0,0,0,0,-260000,0,0,0,0,260000,-260000,-260000
3338,泰碩            ,162000,204000,-42000,0,0,0,0,124000,-124000,-94000,3000,24000,-21000,8000,81000,-73000,-260000
062617,京鼎元大9B購01  ,0,0,0,0,0,0,0,0,0,-261000,0,0,0,52000,313000,-261000,-261000
057647,欣興元大98購10  ,0,0,0,0,0,0,0,0,0,-261000,0,0,0,16000,277000,-261000,-261000
4960,誠美材          ,281000,541000,-260000,0,0,0,0,0,0,-1000,0,1000,-1000,0,0,0,-261000
061137,晶技統一9B購01  ,0,0,0,0,0,0,0,0,0,-263000,0,0,0,236000,499000,-263000,-263000
058955,台積電國票9A購04,0,0,0,0,0,0,0,0,0,-263000,0,0,0,23000,286000,-263000,-263000
07588P,滬深2X國票9C售01,0,0,0,0,0,0,0,0,0,-263000,0,0,0,40000,303000,-263000,-263000
062036,致新群益9B購01  ,0,0,0,0,0,0,0,0,0,-264000,0,0,0,509000,773000,-264000,-264000
058245,訊連元大99購01  ,0,0,0,0,0,0,0,0,0,-264000,0,0,0,6000,270000,-264000,-264000
062409,巨大永豐9B購02  ,0,0,0,0,0,0,0,0,0,-265000,0,0,0,116000,381000,-265000,-265000
059176,臺股指凱基99購27,0,0,0,0,0,0,0,0,0,-265000,0,0,0,62000,327000,-265000,-265000
062594,祥碩統一01購02  ,0,0,0,0,0,0,0,0,0,-266000,0,0,0,62000,328000,-266000,-266000
061464,瑞昱群益9A購01  ,0,0,0,0,0,0,0,0,0,-266000,0,0,0,310000,576000,-266000,-266000
056943,華通統一99購01  ,0,0,0,0,0,0,0,0,0,-266000,0,0,0,78000,344000,-266000,-266000
060406,瑞祺國泰9B購01  ,0,0,0,0,0,0,0,0,0,-266000,0,0,0,10000,276000,-266000,-266000
07466P,亞德客元大9A售02,0,0,0,0,0,0,0,0,0,-266000,0,0,0,51000,317000,-266000,-266000
3576,聯合再生        ,203000,469000,-266000,0,0,0,0,0,0,0,0,0,0,0,0,0,-266000
2338,光罩            ,217000,423000,-206000,0,0,0,0,0,0,-61000,0,15000,-15000,11000,57000,-46000,-267000
06624P,訊芯元大98售06  ,0,0,0,0,0,0,0,0,0,-267000,0,0,0,160000,427000,-267000,-267000
063238,漢唐元大9B購02  ,0,0,0,0,0,0,0,0,0,-268000,0,0,0,46000,314000,-268000,-268000
062935,華通凱基9C購02  ,0,0,0,0,0,0,0,0,0,-268000,0,0,0,8000,276000,-268000,-268000
058808,大成鋼統一9B購01,0,0,0,0,0,0,0,0,0,-268000,0,0,0,18000,286000,-268000,-268000
056855,祥碩中信98購02  ,0,0,0,0,0,0,0,0,0,-268000,0,0,0,292000,560000,-268000,-268000
058405,訊連元大99購02  ,0,0,0,0,0,0,0,0,0,-268000,0,0,0,0,268000,-268000,-268000
07898P,國巨國泰9C售02  ,0,0,0,0,0,0,0,0,0,-268000,0,0,0,207000,475000,-268000,-268000
061293,聯茂統一9A購01  ,0,0,0,0,0,0,0,0,0,-269000,0,0,0,238000,507000,-269000,-269000
060046,S&P反1凱基99購02,0,0,0,0,0,0,0,0,0,-270000,0,0,0,120000,390000,-270000,-270000
059631,京元電凱基99購02,0,0,0,0,0,0,0,0,0,-270000,0,0,0,0,270000,-270000,-270000
06869P,金融類元大99售01,0,0,0,0,0,0,0,0,0,-270000,0,0,0,0,270000,-270000,-270000
07279P,台灣50台新99售02,0,0,0,0,0,0,0,0,0,-270000,0,0,0,20000,290000,-270000,-270000
00639,富邦深100       ,141000,18000,123000,0,0,0,0,0,0,-393536,0,0,0,1025464,1419000,-393536,-270536
061432,世紀鋼元大9A購05,0,0,0,0,0,0,0,0,0,-271000,0,0,0,89000,360000,-271000,-271000
062534,力成統一01購01  ,0,0,0,0,0,0,0,0,0,-271000,0,0,0,0,271000,-271000,-271000
06165P,臺股指凱基9A售03,0,0,0,0,0,0,0,0,0,-272000,0,0,0,1109000,1381000,-272000,-272000
060093,友達元大03購01  ,0,0,0,0,0,0,0,0,0,-272000,0,0,0,4000,276000,-272000,-272000
08089P,嘉澤凱基9B售03  ,0,0,0,0,0,0,0,0,0,-272000,0,0,0,16000,288000,-272000,-272000
2342,茂矽            ,1395000,1517000,-122000,0,0,0,0,0,0,-150000,0,150000,-150000,0,0,0,-272000
4956,光鋐            ,170000,443000,-273000,0,0,0,0,0,0,0,0,0,0,0,0,0,-273000
6112,聚碩            ,96000,369000,-273000,0,0,0,0,0,0,0,0,0,0,0,0,0,-273000
07494P,葡萄王元大9A售03,0,0,0,0,0,0,0,0,0,-273000,0,0,0,0,273000,-273000,-273000
058761,欣興群益99購02  ,0,0,0,0,0,0,0,0,0,-274000,0,0,0,2000,276000,-274000,-274000
3653,健策            ,506000,554000,-48000,0,0,0,60000,191000,-131000,-95000,122000,82000,40000,158000,293000,-135000,-274000
061907,裕隆中信9B購01  ,0,0,0,0,0,0,0,0,0,-276000,0,0,0,22000,298000,-276000,-276000
057214,瑞昱群益98購01  ,0,0,0,0,0,0,0,0,0,-276000,0,0,0,0,276000,-276000,-276000
057717,友訊元富98購02  ,0,0,0,0,0,0,0,0,0,-276000,0,0,0,128000,404000,-276000,-276000
061762,台塑元大9B購01  ,0,0,0,0,0,0,0,0,0,-277000,0,0,0,0,277000,-277000,-277000
062467,國巨凱基9B購08  ,0,0,0,0,0,0,0,0,0,-277000,0,0,0,1000,278000,-277000,-277000
062830,玉晶光群益01購05,0,0,0,0,0,0,0,0,0,-277000,0,0,0,0,277000,-277000,-277000
2485,兆赫            ,68000,348000,-280000,0,0,0,0,0,0,3000,5000,2000,3000,0,0,0,-277000
057516,和鑫元富98購01  ,0,0,0,0,0,0,0,0,0,-278000,0,0,0,254000,532000,-278000,-278000
06662P,玉晶光中信9A售01,0,0,0,0,0,0,0,0,0,-278000,0,0,0,146000,424000,-278000,-278000
063208,鈺齊統一9C購01  ,0,0,0,0,0,0,0,0,0,-279000,0,0,0,460000,739000,-279000,-279000
056098,矽創元富97購02  ,0,0,0,0,0,0,0,0,0,-279000,0,0,0,200000,479000,-279000,-279000
055725,嘉聯益元大98購03,0,0,0,0,0,0,0,0,0,-279000,0,0,0,0,279000,-279000,-279000
03657C,T50反1元大99牛01,0,0,0,0,0,0,0,0,0,-279000,0,0,0,160000,439000,-279000,-279000
07578P,高鐵元大9A售02  ,0,0,0,0,0,0,0,0,0,-279000,0,0,0,20000,299000,-279000,-279000
061248,健策群益9A購03  ,0,0,0,0,0,0,0,0,0,-281000,0,0,0,558000,839000,-281000,-281000
061168,力成兆豐9A購01  ,0,0,0,0,0,0,0,0,0,-281000,0,0,0,186000,467000,-281000,-281000
054994,建準元富97購01  ,0,0,0,0,0,0,0,0,0,-281000,0,0,0,40000,321000,-281000,-281000
063045,國巨兆豐9C購02  ,0,0,0,0,0,0,0,0,0,-282000,0,0,0,8000,290000,-282000,-282000
056288,健鼎永豐97購01  ,0,0,0,0,0,0,0,0,0,-282000,0,0,0,0,282000,-282000,-282000
00850,元大臺灣ESG永續 ,0,0,0,0,0,0,0,0,0,-282000,0,0,0,682000,964000,-282000,-282000
061583,矽創元大9A購01  ,0,0,0,0,0,0,0,0,0,-285000,0,0,0,181000,466000,-285000,-285000
063463,瑞昱元大9B購05  ,0,0,0,0,0,0,0,0,0,-287000,0,0,0,30000,317000,-287000,-287000
057733,嘉聯益國泰99購01,0,0,0,0,0,0,0,0,0,-287000,0,0,0,0,287000,-287000,-287000
5203,訊連            ,95000,383000,-288000,0,0,0,0,0,0,1000,0,0,0,3000,2000,1000,-287000
063100,聚陽群益9C購02  ,0,0,0,0,0,0,0,0,0,-288000,0,0,0,80000,368000,-288000,-288000
058397,大成鋼元大99購02,0,0,0,0,0,0,0,0,0,-289000,0,0,0,79000,368000,-289000,-289000
062364,瑞昱元大9B購04  ,0,0,0,0,0,0,0,0,0,-290000,0,0,0,97000,387000,-290000,-290000
06004P,奇力新永豐96售02,0,0,0,0,0,0,0,0,0,-290000,0,0,0,10000,300000,-290000,-290000
059039,致伸群益99購01  ,0,0,0,0,0,0,0,0,0,-290000,0,0,0,8000,298000,-290000,-290000
06594P,立積元大98售01  ,0,0,0,0,0,0,0,0,0,-290000,0,0,0,38000,328000,-290000,-290000
055197,致新元富97購02  ,0,0,0,0,0,0,0,0,0,-291000,0,0,0,183000,474000,-291000,-291000
2406,國碩            ,195000,486000,-291000,0,0,0,0,0,0,0,0,0,0,0,0,0,-291000
062486,瑞昱富邦9B購01  ,0,0,0,0,0,0,0,0,0,-292000,0,0,0,365000,657000,-292000,-292000
062950,貿聯富邦01購01  ,0,0,0,0,0,0,0,0,0,-292000,0,0,0,557000,849000,-292000,-292000
9917,中保科          ,61000,379000,-318000,0,0,0,0,0,0,26000,26000,0,26000,0,0,0,-292000
062720,南亞科凱基9B購03,0,0,0,0,0,0,0,0,0,-293000,0,0,0,45000,338000,-293000,-293000
06421P,嘉澤統一97售02  ,0,0,0,0,0,0,0,0,0,-294000,0,0,0,233000,527000,-294000,-294000
2537,聯上發          ,88000,382000,-294000,0,0,0,0,0,0,0,0,0,0,0,0,0,-294000
1710,東聯            ,265000,559000,-294000,0,0,0,0,0,0,0,0,0,0,0,0,0,-294000
063454,瑞儀統一9B購01  ,0,0,0,0,0,0,0,0,0,-296000,0,0,0,0,296000,-296000,-296000
2547,日勝生          ,161000,457000,-296000,0,0,0,0,0,0,0,0,0,0,0,0,0,-296000
07677P,祥碩永豐9A售01  ,0,0,0,0,0,0,0,0,0,-297000,0,0,0,82000,379000,-297000,-297000
055235,金寶台新98購01  ,0,0,0,0,0,0,0,0,0,-298000,0,0,0,200000,498000,-298000,-298000
059181,世紀鋼元富9C購01,0,0,0,0,0,0,0,0,0,-298000,0,0,0,437000,735000,-298000,-298000
060732,玉晶光群益9C購02,0,0,0,0,0,0,0,0,0,-298000,0,0,0,0,298000,-298000,-298000
6165,捷泰            ,43000,341000,-298000,0,0,0,0,0,0,0,0,0,0,0,0,0,-298000
062273,國巨群益9C購02  ,0,0,0,0,0,0,0,0,0,-299000,0,0,0,65000,364000,-299000,-299000
060534,友達麥證9A購01  ,0,0,0,0,300000,-300000,0,0,0,-300000,0,0,0,0,300000,-300000,-300000
057609,友訊元富98購01  ,0,0,0,0,0,0,0,0,0,-300000,0,0,0,128000,428000,-300000,-300000
062681,全新統一01購01  ,0,0,0,0,0,0,0,0,0,-301000,0,0,0,0,301000,-301000,-301000
055730,建準元富97購02  ,0,0,0,0,0,0,0,0,0,-301000,0,0,0,35000,336000,-301000,-301000
2614,東森            ,408000,709000,-301000,0,0,0,0,0,0,0,0,0,0,0,0,0,-301000
1611,中電            ,7000,308000,-301000,0,0,0,0,0,0,0,0,0,0,0,0,0,-301000
062560,奇鋐凱基9B購02  ,0,0,0,0,0,0,0,0,0,-302000,0,0,0,25000,327000,-302000,-302000
060572,景碩永豐9A購01  ,0,0,0,0,0,0,0,0,0,-304000,0,0,0,0,304000,-304000,-304000
062970,智邦元富9B購01  ,0,0,0,0,0,0,0,0,0,-305000,0,0,0,106000,411000,-305000,-305000
063148,建準元富9B購01  ,0,0,0,0,0,0,0,0,0,-305000,0,0,0,45000,350000,-305000,-305000
059944,欣興永豐99購03  ,0,0,0,0,0,0,0,0,0,-305000,0,0,0,0,305000,-305000,-305000
062797,瑞昱統一9B購01  ,0,0,0,0,0,0,0,0,0,-306000,0,0,0,29000,335000,-306000,-306000
3035,智原            ,386000,686000,-300000,0,0,0,0,0,0,-6000,6000,4000,2000,15000,23000,-8000,-306000
062351,瑞祺群益9C購01  ,0,0,0,0,0,0,0,0,0,-307000,0,0,0,398000,705000,-307000,-307000
058499,滬深2X元大9C購01,0,0,0,0,0,0,0,0,0,-307000,0,0,0,5000,312000,-307000,-307000
061013,台積電麥證9A購03,0,0,0,0,309000,-309000,0,0,0,-309000,0,0,0,0,309000,-309000,-309000
055877,奇鋐元富97購01  ,0,0,0,0,0,0,0,0,0,-309000,0,0,0,128000,437000,-309000,-309000
00762,元大全球AI      ,0,0,0,0,0,0,0,0,0,-309000,0,0,0,76000,385000,-309000,-309000
07032P,聯發科統一9C售02,0,0,0,0,0,0,0,0,0,-310000,0,0,0,584000,894000,-310000,-310000
058385,創意中信99購01  ,0,0,0,0,0,0,0,0,0,-313000,0,0,0,10000,323000,-313000,-313000
3515,華擎            ,456000,885816,-429816,0,0,0,140000,36000,104000,12000,35000,32000,3000,92000,83000,9000,-313816
061274,臺股指凱基9A購24,0,0,0,0,0,0,0,0,0,-314000,0,0,0,152000,466000,-314000,-314000
061258,華通凱基9A購06  ,0,0,0,0,0,0,0,0,0,-314000,0,0,0,0,314000,-314000,-314000
054709,宏達電統一97購01,0,0,0,0,0,0,0,0,0,-314000,0,0,0,10000,324000,-314000,-314000
061661,京鼎永豐9A購02  ,0,0,0,0,0,0,0,0,0,-315000,0,0,0,15000,330000,-315000,-315000
056411,緯穎國票99購01  ,0,0,0,0,0,0,0,0,0,-316000,0,0,0,85000,401000,-316000,-316000
07536P,華新科元富9A售04,0,0,0,0,0,0,0,0,0,-316000,0,0,0,0,316000,-316000,-316000
06939P,國巨永豐98售09  ,0,0,0,0,0,0,0,0,0,-316000,0,0,0,20000,336000,-316000,-316000
063292,致新元大9B購02  ,0,0,0,0,0,0,0,0,0,-317000,0,0,0,222000,539000,-317000,-317000
06626P,大立光統一9A售01,0,0,0,0,0,0,0,0,0,-318000,0,0,0,0,318000,-318000,-318000
07954P,台表科元大9B售02,0,0,0,0,0,0,0,0,0,-319000,0,0,0,5000,324000,-319000,-319000
062648,聯茂富邦9B購01  ,0,0,0,0,0,0,0,0,0,-320000,0,0,0,0,320000,-320000,-320000
056461,樺漢凱基98購02  ,0,0,0,0,0,0,0,0,0,-320000,0,0,0,0,320000,-320000,-320000
07102P,南電元大99售03  ,0,0,0,0,0,0,0,0,0,-321000,0,0,0,25000,346000,-321000,-321000
054693,神基永豐97購01  ,0,0,0,0,0,0,0,0,0,-322000,0,0,0,20000,342000,-322000,-322000
057329,緯穎群益98購02  ,0,0,0,0,0,0,0,0,0,-324000,0,0,0,89000,413000,-324000,-324000
055094,智易群益98購01  ,0,0,0,0,0,0,0,0,0,-325000,0,0,0,213000,538000,-325000,-325000
063227,祥碩群益9B購06  ,0,0,0,0,0,0,0,0,0,-327000,0,0,0,76000,403000,-327000,-327000
056844,欣興元富98購03  ,0,0,0,0,0,0,0,0,0,-327000,0,0,0,96000,423000,-327000,-327000
063343,美律統一9C購01  ,0,0,0,0,0,0,0,0,0,-328000,0,0,0,11000,339000,-328000,-328000
062173,世紀鋼永豐9B購01,0,0,0,0,0,0,0,0,0,-328000,0,0,0,0,328000,-328000,-328000
060807,新光金群益9A購01,0,0,0,0,0,0,0,0,0,-329000,0,0,0,21000,350000,-329000,-329000
08108P,聯發科元富9B售03,0,0,0,0,0,0,0,0,0,-329000,0,0,0,0,329000,-329000,-329000
062393,智邦富邦9B購01  ,0,0,0,0,0,0,0,0,0,-330000,0,0,0,169000,499000,-330000,-330000
055736,宏達電元富99購01,0,0,0,0,0,0,0,0,0,-330000,0,0,0,200000,530000,-330000,-330000
051561,玉晶光國泰97購04,0,0,0,0,0,0,0,0,0,-330000,0,0,0,91000,421000,-330000,-330000
062766,台郡凱基9B購02  ,0,0,0,0,0,0,0,0,0,-331000,0,0,0,48000,379000,-331000,-331000
00770,國泰北美科技    ,221000,0,221000,0,0,0,0,0,0,-553000,0,0,0,330000,883000,-553000,-332000
00674R,元大S&P黃金反1  ,0,0,0,0,0,0,0,0,0,-334000,0,0,0,62000,396000,-334000,-334000
3380,明泰            ,604000,805000,-201000,0,0,0,0,0,0,-134000,0,60000,-60000,30000,104000,-74000,-335000
2328,廣宇            ,238000,576000,-338000,0,0,0,0,0,0,2000,2000,0,2000,0,0,0,-336000
055442,矽創國票98購02  ,0,0,0,0,0,0,0,0,0,-337000,0,0,0,61000,398000,-337000,-337000
058692,華邦電國票9B購01,0,0,0,0,0,0,0,0,0,-338000,0,0,0,382000,720000,-338000,-338000
057670,欣興元大99購02  ,0,0,0,0,0,0,0,0,0,-338000,0,0,0,12000,350000,-338000,-338000
061044,世紀鋼永豐9A購02,0,0,0,0,0,0,0,0,0,-339000,0,0,0,17000,356000,-339000,-339000
063336,大成鋼統一9C購02,0,0,0,0,0,0,0,0,0,-344000,0,0,0,70000,414000,-344000,-344000
08111P,臺股指中信01售06,0,0,0,0,0,0,0,0,0,-344000,0,0,0,10000,354000,-344000,-344000
07917P,可成永豐9B售01  ,0,0,0,0,0,0,0,0,0,-344000,0,0,0,22000,366000,-344000,-344000
06240P,奇力新元富97售03,0,0,0,0,0,0,0,0,0,-346000,0,0,0,0,346000,-346000,-346000
057463,華邦電永豐98購01,0,0,0,0,0,0,0,0,0,-346000,0,0,0,40000,386000,-346000,-346000
058714,美律統一9B購01  ,0,0,0,0,0,0,0,0,0,-347000,0,0,0,18000,365000,-347000,-347000
060625,華擎元大9A購01  ,0,0,0,0,0,0,0,0,0,-347000,0,0,0,115000,462000,-347000,-347000
054835,致新中信97購01  ,0,0,0,0,0,0,0,0,0,-348000,0,0,0,35000,383000,-348000,-348000
060162,碩天永豐9A購01  ,0,0,0,0,0,0,0,0,0,-348000,0,0,0,0,348000,-348000,-348000
058803,世紀鋼元大99購03,0,0,0,0,0,0,0,0,0,-350000,0,0,0,402000,752000,-350000,-350000
07469P,台達電元大9A售01,0,0,0,0,0,0,0,0,0,-350000,0,0,0,87000,437000,-350000,-350000
055257,景碩統一97購01  ,0,0,0,0,0,0,0,0,0,-351000,0,0,0,87000,438000,-351000,-351000
07804P,美律永豐9A售02  ,0,0,0,0,0,0,0,0,0,-354000,0,0,0,20000,374000,-354000,-354000
058160,奇鋐元富99購01  ,0,0,0,0,0,0,0,0,0,-356000,0,0,0,104000,460000,-356000,-356000
07774P,台灣50群益9A售16,0,0,0,0,0,0,0,0,0,-356000,0,0,0,109000,465000,-356000,-356000
05859P,台表科國票97售04,0,0,0,0,0,0,0,0,0,-358000,0,0,0,10000,368000,-358000,-358000
058372,欣興凱基99購03  ,0,0,0,0,0,0,0,0,0,-359000,0,0,0,25000,384000,-359000,-359000
5243,乙盛-KY         ,24000,384000,-360000,0,0,0,0,0,0,1000,1000,0,1000,0,0,0,-359000
056835,聯電元富99購01  ,0,0,0,0,0,0,0,0,0,-360000,0,0,0,143000,503000,-360000,-360000
054803,味全元大9A購01  ,0,0,0,0,0,0,0,0,0,-360000,0,0,0,68000,428000,-360000,-360000
061156,玉晶光群益9A購07,0,0,0,0,0,0,0,0,0,-361000,0,0,0,0,361000,-361000,-361000
07996P,亞德客凱基9B售03,0,0,0,0,0,0,0,0,0,-362000,0,0,0,208000,570000,-362000,-362000
07472P,和碩元大9A售03  ,0,0,0,0,0,0,0,0,0,-362000,0,0,0,60000,422000,-362000,-362000
07086P,力成元富9C售01  ,0,0,0,0,0,0,0,0,0,-363000,0,0,0,4000,367000,-363000,-363000
060561,台積電富邦04購01,0,0,0,0,0,0,0,0,0,-364000,0,0,0,137000,501000,-364000,-364000
056991,牧德兆豐98購01  ,0,0,0,0,0,0,0,0,0,-365000,0,0,0,15000,380000,-365000,-365000
06847P,奇力新元大98售05,0,0,0,0,0,0,0,0,0,-365000,0,0,0,22000,387000,-365000,-365000
2107,厚生            ,15000,380000,-365000,0,0,0,0,0,0,0,0,0,0,0,0,0,-365000
058725,美律富邦9A購01  ,0,0,0,0,0,0,0,0,0,-366000,0,0,0,0,366000,-366000,-366000
2609,陽明            ,39000,406000,-367000,0,0,0,0,0,0,0,0,0,0,0,0,0,-367000
06683P,訊芯元大98售07  ,0,0,0,0,0,0,0,0,0,-368000,0,0,0,0,368000,-368000,-368000
062539,可成國泰01購01  ,0,0,0,0,0,0,0,0,0,-370000,0,0,0,250000,620000,-370000,-370000
063439,正隆統一01購01  ,0,0,0,0,0,0,0,0,0,-371000,0,0,0,0,371000,-371000,-371000
057289,力成元大98購03  ,0,0,0,0,0,0,0,0,0,-371000,0,0,0,0,371000,-371000,-371000
2101,南港            ,439000,784000,-345000,0,0,0,0,0,0,-28000,26000,9000,17000,17000,62000,-45000,-373000
1210,大成            ,386000,570568,-184568,0,0,0,0,223000,-223000,30000,30000,0,30000,0,0,0,-377568
063451,漢翔統一9C購01  ,0,0,0,0,0,0,0,0,0,-379000,0,0,0,0,379000,-379000,-379000
061091,奇力新統一9C購02,0,0,0,0,0,0,0,0,0,-379000,0,0,0,29000,408000,-379000,-379000
2912,統一超          ,482984,847000,-364016,0,0,0,0,50000,-50000,35000,38000,3000,35000,0,0,0,-379016
061466,創意群益9A購01  ,0,0,0,0,0,0,0,0,0,-380000,0,0,0,0,380000,-380000,-380000
056791,嘉聯益群益98購01,0,0,0,0,0,0,0,0,0,-380000,0,0,0,0,380000,-380000,-380000
06674P,祥碩群益98售02  ,0,0,0,0,0,0,0,0,0,-380000,0,0,0,165000,545000,-380000,-380000
057624,新日興國泰99購01,0,0,0,0,0,0,0,0,0,-383000,0,0,0,12000,395000,-383000,-383000
8163,達方            ,165000,522000,-357000,0,0,0,0,0,0,-26000,4000,10000,-6000,0,20000,-20000,-383000
07837P,華邦電元大9A售01,0,0,0,0,0,0,0,0,0,-384000,0,0,0,149000,533000,-384000,-384000
00701,國泰股利精選30  ,0,0,0,0,0,0,0,0,0,-385000,0,0,0,390000,775000,-385000,-385000
1409,新纖            ,373000,758000,-385000,0,0,0,0,0,0,0,0,0,0,0,0,0,-385000
00715L,街口布蘭特油正2 ,0,0,0,0,0,0,0,0,0,-386000,0,0,0,10000,396000,-386000,-386000
057141,嘉聯益兆豐99購01,0,0,0,0,0,0,0,0,0,-386000,0,0,0,0,386000,-386000,-386000
5876,上海商銀        ,2587930,2967000,-379070,0,0,0,0,0,0,-8000,0,1000,-1000,0,7000,-7000,-387070
07576P,可成元大9A售01  ,0,0,0,0,0,0,0,0,0,-390000,0,0,0,0,390000,-390000,-390000
056961,凱美永豐98購01  ,0,0,0,0,0,0,0,0,0,-391000,0,0,0,74000,465000,-391000,-391000
060623,玉晶光元大9C購01,0,0,0,0,0,0,0,0,0,-393000,0,0,0,2000,395000,-393000,-393000
057719,欣興元富02購01  ,0,0,0,0,0,0,0,0,0,-395000,0,0,0,13000,408000,-395000,-395000
07248P,可成凱基99售06  ,0,0,0,0,0,0,0,0,0,-396000,0,0,0,0,396000,-396000,-396000
061517,瑞祺永豐9A購03  ,0,0,0,0,0,0,0,0,0,-399000,0,0,0,180000,579000,-399000,-399000
051929,GIS中信96購01   ,0,0,0,0,0,0,0,0,0,-400000,0,0,0,0,400000,-400000,-400000
062731,力成凱基9B購02  ,0,0,0,0,0,0,0,0,0,-401000,0,0,0,16000,417000,-401000,-401000
056909,嘉聯益元大99購03,0,0,0,0,0,0,0,0,0,-401000,0,0,0,20000,421000,-401000,-401000
2897,王道銀行        ,42000,443000,-401000,0,0,0,0,0,0,0,0,0,0,0,0,0,-401000
062386,京鼎國泰9C購01  ,0,0,0,0,0,0,0,0,0,-402000,0,0,0,0,402000,-402000,-402000
1447,力鵬            ,114000,517664,-403664,0,0,0,0,0,0,0,0,0,0,0,0,0,-403664
062070,金寶元大9B購01  ,0,0,0,0,0,0,0,0,0,-406000,0,0,0,60000,466000,-406000,-406000
062498,華通群益9C購04  ,0,0,0,0,0,0,0,0,0,-408000,0,0,0,26000,434000,-408000,-408000
1515,力山            ,312000,519000,-207000,0,0,0,0,0,0,-201000,8000,151000,-143000,21000,79000,-58000,-408000
061900,志超永豐9B購01  ,0,0,0,0,0,0,0,0,0,-409000,0,0,0,381000,790000,-409000,-409000
4916,事欣科          ,20000,433000,-413000,0,0,0,0,0,0,4000,4000,0,4000,0,0,0,-409000
061723,嘉聯益永豐9A購03,0,0,0,0,0,0,0,0,0,-411000,0,0,0,20000,431000,-411000,-411000
3019,亞光            ,244000,573000,-329000,0,0,0,0,0,0,-83000,19000,102000,-83000,18000,18000,0,-412000
060395,儒鴻國票9A購01  ,0,0,0,0,0,0,0,0,0,-414000,0,0,0,25000,439000,-414000,-414000
1707,葡萄王          ,221300,483000,-261700,0,0,0,0,94000,-94000,-61000,2000,60000,-58000,0,3000,-3000,-416700
055536,嘉聯益群益99購02,0,0,0,0,0,0,0,0,0,-417000,0,0,0,0,417000,-417000,-417000
03050X,元展47          ,0,0,0,0,0,0,0,0,0,-417000,0,0,0,0,417000,-417000,-417000
058324,嘉聯益永豐9A購01,0,0,0,0,0,0,0,0,0,-418000,0,0,0,10000,428000,-418000,-418000
059932,世紀鋼富邦9A購02,0,0,0,0,0,0,0,0,0,-420000,0,0,0,418000,838000,-420000,-420000
057816,欣興元大98購13  ,0,0,0,0,0,0,0,0,0,-421000,0,0,0,35000,456000,-421000,-421000
060967,鈺齊凱基9A購02  ,0,0,0,0,0,0,0,0,0,-422000,0,0,0,70000,492000,-422000,-422000
062913,創意元大9B購02  ,0,0,0,0,0,0,0,0,0,-423000,0,0,0,54000,477000,-423000,-423000
059931,緯穎富邦9A購01  ,0,0,0,0,0,0,0,0,0,-423000,0,0,0,74000,497000,-423000,-423000
063545,華通兆豐9B購03  ,0,0,0,0,0,0,0,0,0,-425000,0,0,0,0,425000,-425000,-425000
060204,矽創元富9A購01  ,0,0,0,0,0,0,0,0,0,-425000,0,0,0,97000,522000,-425000,-425000
9938,百和            ,419000,774000,-355000,0,0,0,0,0,0,-70000,24000,46000,-22000,25000,73000,-48000,-425000
061899,復盛永豐9B購01  ,0,0,0,0,0,0,0,0,0,-426000,0,0,0,5000,431000,-426000,-426000
063151,奇鋐元富9B購01  ,0,0,0,0,0,0,0,0,0,-428000,0,0,0,42000,470000,-428000,-428000
053485,矽創國票97購04  ,0,0,0,0,0,0,0,0,0,-430000,0,0,0,500000,930000,-430000,-430000
2436,偉詮電          ,102000,533000,-431000,0,0,0,0,0,0,0,0,0,0,0,0,0,-431000
06914P,南茂元大98售03  ,0,0,0,0,0,0,0,0,0,-431000,0,0,0,0,431000,-431000,-431000
06150P,奇力新元大97售06,0,0,0,0,0,0,0,0,0,-432000,0,0,0,0,432000,-432000,-432000
063202,南亞科統一9C購02,0,0,0,0,0,0,0,0,0,-433000,0,0,0,79000,512000,-433000,-433000
1307,三芳            ,39000,473000,-434000,0,0,0,0,0,0,0,0,0,0,0,0,0,-434000
06801P,技嘉群益99售02  ,0,0,0,0,0,0,0,0,0,-439000,0,0,0,182000,621000,-439000,-439000
060111,臻鼎元大99購04  ,0,0,0,0,0,0,0,0,0,-440000,0,0,0,15000,455000,-440000,-440000
058322,玉晶光永豐99購02,0,0,0,0,0,0,0,0,0,-440000,0,0,0,14000,454000,-440000,-440000
057012,康控中信98購01  ,0,0,0,0,0,0,0,0,0,-440000,0,0,0,0,440000,-440000,-440000
07630P,臺股指凱基9A售11,0,0,0,0,0,0,0,0,0,-440000,0,0,0,460000,900000,-440000,-440000
054130,漢唐元大97購02  ,0,0,0,0,0,0,0,0,0,-441000,0,0,0,212000,653000,-441000,-441000
6288,聯嘉            ,473000,914000,-441000,0,0,0,0,0,0,0,4000,4000,0,0,0,0,-441000
057517,矽創元富98購02  ,0,0,0,0,0,0,0,0,0,-442000,0,0,0,14000,456000,-442000,-442000
056419,欣興元富98購02  ,0,0,0,0,0,0,0,0,0,-443000,0,0,0,43000,486000,-443000,-443000
056524,欣興中信98購02  ,0,0,0,0,0,0,0,0,0,-445000,0,0,0,31000,476000,-445000,-445000
06750P,聯發科元富02售03,0,0,0,0,0,0,0,0,0,-445000,0,0,0,0,445000,-445000,-445000
06833P,矽力群益99售01  ,0,0,0,0,0,0,0,0,0,-448000,0,0,0,0,448000,-448000,-448000
053865,欣興元大97購02  ,0,0,0,0,0,0,0,0,0,-449000,0,0,0,11000,460000,-449000,-449000
062946,祥碩國泰9C購02  ,0,0,0,0,0,0,0,0,0,-455000,0,0,0,154000,609000,-455000,-455000
061544,大毅群益9B購02  ,0,0,0,0,0,0,0,0,0,-457000,0,0,0,54000,511000,-457000,-457000
055670,矽創群益98購02  ,0,0,0,0,0,0,0,0,0,-457000,0,0,0,100000,557000,-457000,-457000
6196,帆宣            ,478000,867000,-389000,0,0,0,0,0,0,-68000,0,20000,-20000,20000,68000,-48000,-457000
058819,華通國泰9B購01  ,0,0,0,0,0,0,0,0,0,-458000,0,0,0,103000,561000,-458000,-458000
060719,瀚宇博永豐9A購01,0,0,0,0,0,0,0,0,0,-458000,0,0,0,80000,538000,-458000,-458000
3708,上緯投控        ,261000,689000,-428000,0,0,0,0,0,0,-30000,1000,0,1000,28000,59000,-31000,-458000
061188,大成鋼富邦9B購01,0,0,0,0,0,0,0,0,0,-459000,0,0,0,270000,729000,-459000,-459000
3040,遠見            ,166000,626000,-460000,0,0,0,0,0,0,0,0,0,0,0,0,0,-460000
052738,聯電元大98購02  ,0,0,0,0,0,0,0,0,0,-461000,0,0,0,0,461000,-461000,-461000
07420P,可成元大99售07  ,0,0,0,0,0,0,0,0,0,-461000,0,0,0,30000,491000,-461000,-461000
058210,臺股指凱基9C購04,0,0,0,0,0,0,0,0,0,-462000,0,0,0,120000,582000,-462000,-462000
07856P,力成凱基9A售02  ,0,0,0,0,0,0,0,0,0,-462000,0,0,0,0,462000,-462000,-462000
2392,正崴            ,277208,726000,-448792,0,0,0,0,0,0,-14000,30000,33000,-3000,6000,17000,-11000,-462792
058429,欣興元富99購01  ,0,0,0,0,0,0,0,0,0,-463000,0,0,0,10000,473000,-463000,-463000
1909,榮成            ,3439000,4868000,-1429000,0,0,0,650000,0,650000,316000,330000,38000,292000,24000,0,24000,-463000
063108,世紀鋼群益9C購01,0,0,0,0,0,0,0,0,0,-464000,0,0,0,7000,471000,-464000,-464000
06503P,臺股指中信9A售02,0,0,0,0,0,0,0,0,0,-466000,0,0,0,106000,572000,-466000,-466000
060489,世紀鋼群益9A購01,0,0,0,0,0,0,0,0,0,-468000,0,0,0,0,468000,-468000,-468000
2442,新美齊          ,134000,604000,-470000,0,0,0,0,0,0,-2000,0,2000,-2000,0,0,0,-472000
057298,旭富永豐98購01  ,0,0,0,0,0,0,0,0,0,-477000,0,0,0,37000,514000,-477000,-477000
07883P,可成凱基9B售03  ,0,0,0,0,0,0,0,0,0,-477000,0,0,0,124000,601000,-477000,-477000
038489,T50反1台新9A購01,0,0,0,0,0,0,0,0,0,-480000,0,0,0,160000,640000,-480000,-480000
08027P,嘉晶元大9B售03  ,0,0,0,0,0,0,0,0,0,-481000,0,0,0,109000,590000,-481000,-481000
063503,香港反中信9C購01,0,0,0,0,0,0,0,0,0,-482000,0,0,0,0,482000,-482000,-482000
00643,群益深証中小    ,53000,226000,-173000,0,0,0,0,0,0,-309000,0,0,0,70000,379000,-309000,-482000
1476,儒鴻            ,270969,742000,-471031,0,0,0,13000,0,13000,-24000,38000,60000,-22000,19000,21000,-2000,-482031
3036,文曄            ,134000,545249,-411249,0,0,0,0,0,0,-71000,0,71000,-71000,0,0,0,-482249
046628,大立光統一98購01,0,0,0,0,0,0,0,0,0,-483000,0,0,0,0,483000,-483000,-483000
2855,統一證          ,105000,588000,-483000,0,0,0,0,0,0,0,0,0,0,0,0,0,-483000
060716,新唐永豐9A購01  ,0,0,0,0,0,0,0,0,0,-485000,0,0,0,2000,487000,-485000,-485000
055433,嘉聯益群益99購01,0,0,0,0,0,0,0,0,0,-486000,0,0,0,98000,584000,-486000,-486000
4927,泰鼎-KY         ,585000,1128000,-543000,0,0,0,110000,0,110000,-57000,1000,30000,-29000,20000,48000,-28000,-490000
07421P,國泰金元大99售01,0,0,0,0,0,0,0,0,0,-492000,0,0,0,220000,712000,-492000,-492000
063348,祥碩統一01購04  ,0,0,0,0,0,0,0,0,0,-493000,0,0,0,30000,523000,-493000,-493000
1310,台苯            ,45000,538000,-493000,0,0,0,0,0,0,0,0,0,0,0,0,0,-493000
055976,台積電統一99購03,0,0,0,0,0,0,0,0,0,-495000,0,0,0,120000,615000,-495000,-495000
4967,十銓            ,260000,761000,-501000,0,0,0,0,0,0,5000,5000,0,5000,0,0,0,-496000
9945,潤泰新          ,932248,1443000,-510752,0,0,0,0,0,0,14000,5000,4000,1000,13000,0,13000,-496752
063347,祥碩統一01購03  ,0,0,0,0,0,0,0,0,0,-498000,0,0,0,0,498000,-498000,-498000
063005,道瓊反元大9B購02,0,0,0,0,0,0,0,0,0,-499000,0,0,0,0,499000,-499000,-499000
061538,SP黃豆群益9A購03,0,0,0,0,0,0,0,0,0,-499000,0,0,0,0,499000,-499000,-499000
051510,新光金中信97購01,0,0,0,0,0,0,0,0,0,-499000,0,0,0,0,499000,-499000,-499000
057137,鈺齊凱基98購01  ,0,0,0,0,0,0,0,0,0,-499000,0,0,0,0,499000,-499000,-499000
050846,緯創國票96購01  ,0,0,0,0,0,0,0,0,0,-500000,0,0,0,0,500000,-500000,-500000
062896,中興電元大9B購01,0,0,0,0,0,0,0,0,0,-502000,0,0,0,558000,1060000,-502000,-502000
060133,牧德群益9B購01  ,0,0,0,0,0,0,0,0,0,-502000,0,0,0,74000,576000,-502000,-502000
07818P,台積電國票9C售01,0,0,0,0,0,0,0,0,0,-502000,0,0,0,10000,512000,-502000,-502000
062882,新日興兆豐9C購01,0,0,0,0,0,0,0,0,0,-504000,0,0,0,132000,636000,-504000,-504000
2323,中環            ,712000,2158174,-1446174,0,0,0,0,0,0,939000,960000,6000,954000,28000,43000,-15000,-507174
5522,遠雄            ,854000,1432850,-578850,0,0,0,0,0,0,70000,70000,0,70000,0,0,0,-508850
07659P,中租凱基9A售02  ,0,0,0,0,0,0,0,0,0,-509000,0,0,0,65000,574000,-509000,-509000
2329,華泰            ,503000,1213000,-710000,0,0,0,200000,0,200000,0,0,0,0,0,0,0,-510000
1444,力麗            ,295000,806000,-511000,0,0,0,0,0,0,0,0,0,0,0,0,0,-511000
063339,智邦統一01購01  ,0,0,0,0,0,0,0,0,0,-512000,0,0,0,53000,565000,-512000,-512000
061882,矽創元大9B購01  ,0,0,0,0,0,0,0,0,0,-514000,0,0,0,227000,741000,-514000,-514000
062748,祥碩永豐9B購02  ,0,0,0,0,0,0,0,0,0,-517000,0,0,0,33000,550000,-517000,-517000
061775,臺指反國票9B購04,0,0,0,0,0,0,0,0,0,-520000,0,0,0,10000,530000,-520000,-520000
061740,華新科凱基03購01,0,0,0,0,0,0,0,0,0,-521000,0,0,0,0,521000,-521000,-521000
05361P,聯發科富邦97售01,0,0,0,0,0,0,0,0,0,-522000,0,0,0,65000,587000,-522000,-522000
061491,嘉聯益兆豐9B購01,0,0,0,0,0,0,0,0,0,-525000,0,0,0,53000,578000,-525000,-525000
062496,矽創中信9B購01  ,0,0,0,0,0,0,0,0,0,-525000,0,0,0,267000,792000,-525000,-525000
057383,玉晶光富邦9A購01,0,0,0,0,0,0,0,0,0,-532000,0,0,0,0,532000,-532000,-532000
054708,華通統一97購02  ,0,0,0,0,0,0,0,0,0,-533000,0,0,0,0,533000,-533000,-533000
062543,華通富邦9C購01  ,0,0,0,0,0,0,0,0,0,-536000,0,0,0,70000,606000,-536000,-536000
1227,佳格            ,322139,893653,-571514,0,0,0,0,0,0,20000,20000,0,20000,0,0,0,-551514
048383,元金2X國票99購01,0,0,0,0,0,0,0,0,0,-552000,0,0,0,104000,656000,-552000,-552000
6116,彩晶            ,2841000,3547000,-706000,0,0,0,0,0,0,154000,31000,98000,-67000,435000,214000,221000,-552000
061197,矽創永豐9A購02  ,0,0,0,0,0,0,0,0,0,-553000,0,0,0,518000,1071000,-553000,-553000
1325,恆大            ,12000,278000,-266000,0,0,0,0,340000,-340000,53000,8000,13000,-5000,60000,2000,58000,-553000
062871,大成鋼兆豐9B購01,0,0,0,0,0,0,0,0,0,-555000,0,0,0,0,555000,-555000,-555000
061004,友達兆豐9A購01  ,0,0,0,0,0,0,0,0,0,-559000,0,0,0,41000,600000,-559000,-559000
3062,建漢            ,524000,1083000,-559000,0,0,0,0,0,0,0,0,0,0,0,0,0,-559000
063453,創意統一9C購01  ,0,0,0,0,0,0,0,0,0,-562000,0,0,0,104000,666000,-562000,-562000
4119,旭富            ,154000,543000,-389000,0,0,0,0,192000,-192000,17000,1000,0,1000,27000,11000,16000,-564000
055245,凱美統一99購01  ,0,0,0,0,0,0,0,0,0,-565000,0,0,0,26000,591000,-565000,-565000
6504,南六            ,97000,439500,-342500,0,0,0,60000,351000,-291000,68000,93000,8000,85000,7000,24000,-17000,-565500
056724,臻鼎中信9A購01  ,0,0,0,0,0,0,0,0,0,-566000,0,0,0,305000,871000,-566000,-566000
06748P,智邦台新98售02  ,0,0,0,0,0,0,0,0,0,-567000,0,0,0,23000,590000,-567000,-567000
061610,力成統一9C購01  ,0,0,0,0,0,0,0,0,0,-568000,0,0,0,186000,754000,-568000,-568000
07457P,宏達電元大9A售01,0,0,0,0,0,0,0,0,0,-568000,0,0,0,77000,645000,-568000,-568000
056404,嘉聯益群益9A購01,0,0,0,0,0,0,0,0,0,-569000,0,0,0,40000,609000,-569000,-569000
054343,世紀鋼元富96購02,0,0,0,0,0,0,0,0,0,-569000,0,0,0,316000,885000,-569000,-569000
1308,亞聚            ,48000,621000,-573000,0,0,0,0,0,0,0,0,0,0,0,0,0,-573000
062060,奇鋐統一9C購01  ,0,0,0,0,0,0,0,0,0,-574000,0,0,0,84000,658000,-574000,-574000
0050,元大台灣50      ,722000,1302000,-580000,0,0,0,0,0,0,3000,418000,0,418000,2259000,2674000,-415000,-577000
060467,神基元大9A購01  ,0,0,0,0,0,0,0,0,0,-578000,0,0,0,257000,835000,-578000,-578000
6005,群益證          ,193000,775000,-582000,0,0,0,0,0,0,0,0,0,0,0,0,0,-582000
2412,中華電          ,2861172,3431806,-570634,0,0,0,0,0,0,-13000,9000,11000,-2000,0,11000,-11000,-583634
062575,景碩群益9B購01  ,0,0,0,0,0,0,0,0,0,-587000,0,0,0,0,587000,-587000,-587000
3702,大聯大          ,1522642,1988000,-465358,0,0,0,0,0,0,-122000,37000,79000,-42000,27000,107000,-80000,-587358
060946,世紀鋼國票9A購02,0,0,0,0,0,0,0,0,0,-591000,0,0,0,45000,636000,-591000,-591000
058054,台積電統一9C購01,0,0,0,0,0,0,0,0,0,-593000,0,0,0,595000,1188000,-593000,-593000
063075,祥碩永豐9B購04  ,0,0,0,0,0,0,0,0,0,-594000,0,0,0,88000,682000,-594000,-594000
063274,鈺齊兆豐9B購01  ,0,0,0,0,0,0,0,0,0,-595000,0,0,0,86000,681000,-595000,-595000
5607,遠雄港          ,234000,802000,-568000,0,0,0,0,0,0,-28000,0,28000,-28000,0,0,0,-596000
063006,道瓊反元大9C購01,0,0,0,0,0,0,0,0,0,-599000,0,0,0,0,599000,-599000,-599000
061193,玉晶光永豐9B購02,0,0,0,0,0,0,0,0,0,-602000,0,0,0,0,602000,-602000,-602000
061808,聯發科統一01購02,0,0,0,0,0,0,0,0,0,-604000,0,0,0,125000,729000,-604000,-604000
2371,大同            ,2551690,3137000,-585310,0,0,0,0,0,0,-20000,92000,112000,-20000,0,0,0,-605310
9933,中鼎            ,200000,816000,-616000,0,0,0,0,0,0,10000,10000,0,10000,0,0,0,-606000
1434,福懋            ,560900,1168000,-607100,0,0,0,0,0,0,1000,2000,1000,1000,0,0,0,-606100
060437,宏全永豐9A購01  ,0,0,0,0,0,0,0,0,0,-610000,0,0,0,0,610000,-610000,-610000
1907,永豐餘          ,775000,1469000,-694000,0,0,0,0,0,0,84000,91000,7000,84000,0,0,0,-610000
2820,華票            ,124000,740180,-616180,0,0,0,0,0,0,0,0,0,0,0,0,0,-616180
4976,佳凌            ,137000,766000,-629000,0,0,0,0,0,0,4000,4000,0,4000,0,0,0,-625000
2317,鴻海            ,9326604,12655397,-3328793,0,0,0,3493000,0,3493000,-793000,222000,334000,-112000,150000,831000,-681000,-628793
054558,劍麟群益99購01  ,0,0,0,0,0,0,0,0,0,-629000,0,0,0,0,629000,-629000,-629000
058877,T50反1國泰9B購01,0,0,0,0,0,0,0,0,0,-629000,0,0,0,0,629000,-629000,-629000
062666,和碩群益9B購01  ,0,0,0,0,0,0,0,0,0,-630000,0,0,0,66000,696000,-630000,-630000
053630,奇鋐兆豐97購01  ,0,0,0,0,0,0,0,0,0,-630000,0,0,0,12000,642000,-630000,-630000
059125,台積電第一03購02,0,0,0,0,0,0,0,0,0,-632000,0,0,0,0,632000,-632000,-632000
2383,台光電          ,1333030,1351000,-17970,0,0,0,0,303000,-303000,-312000,147000,446000,-299000,10000,23000,-13000,-632970
054860,台積電群益98購01,0,0,0,0,0,0,0,0,0,-633000,0,0,0,0,633000,-633000,-633000
8039,台虹            ,79000,612000,-533000,0,0,0,0,0,0,-100000,0,1000,-1000,11000,110000,-99000,-633000
056603,嘉聯益國泰9A購01,0,0,0,0,0,0,0,0,0,-636000,0,0,0,0,636000,-636000,-636000
060236,精元元大9C購01  ,8000,0,8000,0,0,0,0,0,0,-651000,0,0,0,101000,752000,-651000,-643000
060639,玉晶光永豐9A購05,0,0,0,0,0,0,0,0,0,-649000,0,0,0,0,649000,-649000,-649000
063277,大成鋼元大9B購03,0,0,0,0,0,0,0,0,0,-652000,0,0,0,199000,851000,-652000,-652000
061134,大成鋼統一9C購01,0,0,0,0,0,0,0,0,0,-654000,0,0,0,3000,657000,-654000,-654000
07234P,台灣50元大9B售04,0,0,0,0,0,0,0,0,0,-655000,0,0,0,5000,660000,-655000,-655000
058263,大成鋼永豐99購01,0,0,0,0,0,0,0,0,0,-659000,0,0,0,0,659000,-659000,-659000
2314,台揚            ,365000,1027000,-662000,0,0,0,0,0,0,3000,3000,0,3000,0,0,0,-659000
3711,日月光投控      ,4128981,4717565,-588584,0,0,0,223000,0,223000,-294000,14000,308000,-294000,0,0,0,-659584
059938,凱美永豐99購01  ,0,0,0,0,0,0,0,0,0,-661000,0,0,0,0,661000,-661000,-661000
06668P,祥碩凱基98售02  ,0,0,0,0,0,0,0,0,0,-661000,0,0,0,180000,841000,-661000,-661000
3045,台灣大          ,1166545,1816100,-649555,0,0,0,0,0,0,-14000,0,14000,-14000,0,0,0,-663555
063176,南亞科兆豐9B購01,0,0,0,0,0,0,0,0,0,-666000,0,0,0,12000,678000,-666000,-666000
2402,毅嘉            ,282000,948000,-666000,0,0,0,0,0,0,0,0,0,0,0,0,0,-666000
08088P,義隆凱基9B售03  ,0,0,0,0,0,0,0,0,0,-666000,0,0,0,0,666000,-666000,-666000
3003,健和興          ,450000,1125000,-675000,0,0,0,0,0,0,-7000,5000,1000,4000,19000,30000,-11000,-682000
061069,嘉聯益凱基9A購01,0,0,0,0,0,0,0,0,0,-683000,0,0,0,70000,753000,-683000,-683000
058822,樺漢國泰9B購01  ,0,0,0,0,0,0,0,0,0,-687000,0,0,0,0,687000,-687000,-687000
2889,國票金          ,297000,993000,-696000,0,0,0,0,0,0,0,0,0,0,0,0,0,-696000
1589,永冠-KY         ,131000,885000,-754000,0,0,0,0,0,0,57000,58000,1000,57000,0,0,0,-697000
054369,鴻海中信9C購01  ,0,0,0,0,0,0,0,0,0,-701000,0,0,0,0,701000,-701000,-701000
061944,聯電群益9B購01  ,0,0,0,0,0,0,0,0,0,-707000,0,0,0,10000,717000,-707000,-707000
3044,健鼎            ,542150,1278690,-736540,0,0,0,87000,0,87000,-60000,86000,164000,-78000,23000,5000,18000,-709540
061132,志超永豐9A購01  ,0,0,0,0,0,0,0,0,0,-721000,0,0,0,175000,896000,-721000,-721000
08066P,南亞科凱基9B售04,0,0,0,0,0,0,0,0,0,-731000,0,0,0,44000,775000,-731000,-731000
2903,遠百            ,15000,749000,-734000,0,0,0,0,0,0,0,0,0,0,0,0,0,-734000
057696,聯電群益9A購01  ,0,0,0,0,0,0,0,0,0,-740000,0,0,0,20000,760000,-740000,-740000
9904,寶成            ,19372762,20685000,-1312238,0,0,0,618000,0,618000,-52000,10000,101000,-91000,55000,16000,39000,-746238
3038,全台            ,489000,585000,-96000,0,0,0,0,871000,-871000,220000,335000,115000,220000,0,0,0,-747000
2448,晶電            ,3892000,4172000,-280000,0,0,0,0,0,0,-472000,424000,896000,-472000,0,0,0,-752000
058516,健鼎元大99購02  ,0,0,0,0,0,0,0,0,0,-761000,0,0,0,20000,781000,-761000,-761000
03443B,臺股指凱基9A熊27,80000,0,80000,0,0,0,0,0,0,-849000,0,0,0,1384000,2233000,-849000,-769000
3704,合勤控          ,149000,730000,-581000,0,0,0,0,0,0,-194000,0,0,0,0,194000,-194000,-775000
061373,華通富邦9A購02  ,0,0,0,0,0,0,0,0,0,-782000,0,0,0,165000,947000,-782000,-782000
2492,華新科          ,1226619,1908000,-681381,0,0,0,0,0,0,-101000,20000,19000,1000,40000,142000,-102000,-782381
061642,創意元大9A購04  ,0,0,0,0,0,0,0,0,0,-788000,0,0,0,259000,1047000,-788000,-788000
07482P,南亞科元富9A售04,0,0,0,0,0,0,0,0,0,-790000,0,0,0,28000,818000,-790000,-790000
1229,聯華            ,170000,869686,-699686,0,0,0,0,0,0,-100000,11000,111000,-100000,0,0,0,-799686
062485,華通國泰01購01  ,0,0,0,0,0,0,0,0,0,-804000,0,0,0,137000,941000,-804000,-804000
059623,聯電凱基99購02  ,0,0,0,0,0,0,0,0,0,-816000,0,0,0,21000,837000,-816000,-816000
047962,T50反1中信96購02,0,0,0,0,0,0,0,0,0,-817000,0,0,0,1167000,1984000,-817000,-817000
051847,香港反中信99購01,0,0,0,0,0,0,0,0,0,-817000,0,0,0,45000,862000,-817000,-817000
2354,鴻準            ,677168,1488439,-811271,0,0,0,0,0,0,-11000,10000,21000,-11000,0,0,0,-822271
3682,亞太電          ,338000,1163000,-825000,0,0,0,0,0,0,0,0,0,0,0,0,0,-825000
07658P,國泰金凱基9A售01,0,0,0,0,0,0,0,0,0,-827000,0,0,0,160000,987000,-827000,-827000
2481,強茂            ,252000,1139000,-887000,0,0,0,0,0,0,58000,70000,0,70000,1000,13000,-12000,-829000
07853P,國巨凱基9A售19  ,0,0,0,0,0,0,0,0,0,-840000,0,0,0,0,840000,-840000,-840000
057567,嘉聯益富邦9A購01,0,0,0,0,0,0,0,0,0,-848000,0,0,0,91000,939000,-848000,-848000
4958,臻鼎-KY         ,1229670,2153000,-923330,0,0,0,57000,0,57000,8000,70000,64000,6000,23000,21000,2000,-858330
1305,華夏            ,185000,1054519,-869519,0,0,0,0,0,0,3000,3000,0,3000,0,0,0,-866519
6239,力成            ,1577686,2985442,-1407756,0,0,0,458000,62000,396000,144000,131000,20000,111000,51000,18000,33000,-867756
00631L,元大台灣50正2   ,743000,529000,214000,0,0,0,0,0,0,-1086000,50000,4000,46000,1608000,2740000,-1132000,-872000
062981,祥碩元富9B購01  ,0,0,0,0,0,0,0,0,0,-874000,0,0,0,24000,898000,-874000,-874000
063072,裕隆永豐9B購01  ,0,0,0,0,0,0,0,0,0,-878000,0,0,0,0,878000,-878000,-878000
2498,宏達電          ,820000,1585000,-765000,0,0,0,0,0,0,-115000,68000,116000,-48000,18000,85000,-67000,-880000
057656,大成鋼兆豐98購01,0,0,0,0,0,0,0,0,0,-882000,0,0,0,0,882000,-882000,-882000
8046,南電            ,1914000,2677000,-763000,0,0,0,566000,683000,-117000,-9000,31000,12000,19000,131000,159000,-28000,-889000
063107,矽創群益9B購01  ,0,0,0,0,0,0,0,0,0,-912000,0,0,0,123000,1035000,-912000,-912000
08000P,奇鋐凱基9B售03  ,0,0,0,0,0,0,0,0,0,-913000,0,0,0,102000,1015000,-913000,-913000
2845,遠東銀          ,403600,1320869,-917269,0,0,0,0,0,0,0,0,0,0,0,0,0,-917269
6251,定穎            ,899000,1229000,-330000,0,0,0,0,143000,-143000,-450000,0,450000,-450000,0,0,0,-923000
2601,益航            ,134000,1076000,-942000,0,0,0,0,0,0,0,0,0,0,0,0,0,-942000
062423,聯發科統一9C購07,0,0,0,0,0,0,0,0,0,-954000,0,0,0,262000,1216000,-954000,-954000
061589,世紀鋼富邦9B購01,0,0,0,0,0,0,0,0,0,-971000,0,0,0,710000,1681000,-971000,-971000
1303,南亞            ,2921616,3823537,-901921,0,0,0,0,0,0,-80000,2000,82000,-80000,0,0,0,-981921
8110,華東            ,65000,1103000,-1038000,0,0,0,0,0,0,47000,47000,0,47000,0,0,0,-991000
053118,大立光中信9C購01,0,0,0,0,0,0,0,0,0,-995000,0,0,0,15000,1010000,-995000,-995000
063054,健鼎統一01購01  ,0,0,0,0,0,0,0,0,0,-1008000,0,0,0,30000,1038000,-1008000,-1008000
07743P,智邦凱基9A售03  ,0,0,0,0,0,0,0,0,0,-1015000,0,0,0,147000,1162000,-1015000,-1015000
1709,和益            ,446000,1463000,-1017000,0,0,0,0,0,0,-5000,2000,7000,-5000,0,0,0,-1022000
07106P,國巨統一9B售05  ,0,0,0,0,0,0,0,0,0,-1025000,0,0,0,0,1025000,-1025000,-1025000
06991P,矽創群益99售01  ,0,0,0,0,0,0,0,0,0,-1032000,0,0,0,23000,1055000,-1032000,-1032000
060290,興富發元大9C購01,0,0,0,0,0,0,0,0,0,-1033000,0,0,0,4000,1037000,-1033000,-1033000
053082,聯電元大98購03  ,0,0,0,0,0,0,0,0,0,-1035000,0,0,0,207000,1242000,-1035000,-1035000
063483,致新元大9B購03  ,1000,0,1000,0,0,0,0,0,0,-1041000,0,0,0,130000,1171000,-1041000,-1040000
2393,億光            ,371000,1628000,-1257000,0,0,0,164000,0,164000,48000,44000,0,44000,6000,2000,4000,-1045000
059503,大立光富邦9B購04,0,0,0,0,0,0,0,0,0,-1047000,0,0,0,50000,1097000,-1047000,-1047000
2809,京城銀          ,702000,1859000,-1157000,0,0,0,0,0,0,96000,96000,0,96000,0,0,0,-1061000
061685,道瓊反群益9A購03,0,0,0,0,0,0,0,0,0,-1076000,0,0,0,0,1076000,-1076000,-1076000
057266,TPK兆豐98購02   ,0,0,0,0,0,0,0,0,0,-1091000,0,0,0,549000,1640000,-1091000,-1091000
07648P,祥碩國票9B售01  ,0,0,0,0,0,0,0,0,0,-1107000,0,0,0,500000,1607000,-1107000,-1107000
4934,太極            ,109000,1229000,-1120000,0,0,0,0,0,0,0,0,0,0,0,0,0,-1120000
3005,神基            ,133000,1478000,-1345000,0,0,0,0,0,0,211000,197000,3000,194000,103000,86000,17000,-1134000
08031P,臺股指元大9B售38,0,0,0,0,0,0,0,0,0,-1138000,0,0,0,10000,1148000,-1138000,-1138000
2915,潤泰全          ,1427376,2493729,-1066353,0,0,0,0,0,0,-94000,23000,46000,-23000,20000,91000,-71000,-1160353
2841,台開            ,279000,575000,-296000,0,0,0,0,0,0,-883000,0,883000,-883000,0,0,0,-1179000
06903P,技嘉凱基98售04  ,0,0,0,0,0,0,0,0,0,-1179000,0,0,0,157000,1336000,-1179000,-1179000
00650L,FH香港正2       ,13000,16000,-3000,0,0,0,0,0,0,-1190000,0,0,0,1155000,2345000,-1190000,-1193000
3042,晶技            ,1317000,1934677,-617677,0,0,0,70000,455000,-385000,-221000,35000,25000,10000,35000,266000,-231000,-1223677
4904,遠傳            ,1382623,2610000,-1227377,0,0,0,0,0,0,-9000,15000,4000,11000,0,20000,-20000,-1236377
063134,裕隆統一01購01  ,0,0,0,0,0,0,0,0,0,-1238000,0,0,0,133000,1371000,-1238000,-1238000
2023,燁輝            ,535000,1782660,-1247660,0,0,0,0,0,0,0,0,0,0,0,0,0,-1247660
053033,智易兆豐97購01  ,0,0,0,0,0,0,0,0,0,-1258000,0,0,0,198000,1456000,-1258000,-1258000
060023,T50反1國泰9A購03,0,0,0,0,0,0,0,0,0,-1275000,0,0,0,50000,1325000,-1275000,-1275000
2105,正新            ,1759037,2956000,-1196963,0,0,0,0,0,0,-82000,3000,73000,-70000,2000,14000,-12000,-1278963
062808,祥碩統一9C購01  ,0,0,0,0,0,0,0,0,0,-1285000,0,0,0,878000,2163000,-1285000,-1285000
062819,奇鋐兆豐9B購01  ,0,0,0,0,0,0,0,0,0,-1306000,0,0,0,46000,1352000,-1306000,-1306000
2349,錸德            ,40000,1352000,-1312000,0,0,0,0,0,0,0,0,0,0,0,0,0,-1312000
058209,臺股指凱基01購01,0,0,0,0,0,0,0,0,0,-1344000,0,0,0,74000,1418000,-1344000,-1344000
2637,慧洋-KY         ,606800,806000,-199200,0,0,0,0,0,0,-1162000,18000,0,18000,0,1180000,-1180000,-1361200
3545,敦泰            ,308000,1678759,-1370759,0,0,0,0,0,0,0,0,0,0,0,0,0,-1370759
062126,創意統一9B購01  ,0,0,0,0,0,0,0,0,0,-1375000,0,0,0,195000,1570000,-1375000,-1375000
053799,矽創中信9A購01  ,0,0,0,0,0,0,0,0,0,-1393000,0,0,0,445000,1838000,-1393000,-1393000
1504,東元            ,485000,1740356,-1255356,0,0,0,0,0,0,-153000,4000,0,4000,126000,283000,-157000,-1408356
07963P,智邦統一9B售01  ,0,0,0,0,0,0,0,0,0,-1419000,0,0,0,284000,1703000,-1419000,-1419000
2401,凌陽            ,450000,1859000,-1409000,0,0,0,0,0,0,-20000,8000,28000,-20000,0,0,0,-1429000
6191,精成科          ,450000,1881000,-1431000,0,0,0,0,0,0,0,0,0,0,0,0,0,-1431000
5469,瀚宇博          ,399000,1570347,-1171347,0,0,0,0,152203,-152203,-131000,0,61000,-61000,150000,220000,-70000,-1454550
2615,萬海            ,101000,1769000,-1668000,0,0,0,200000,0,200000,0,0,0,0,0,0,0,-1468000
057475,聯電元大9A購01  ,0,0,0,0,0,0,0,0,0,-1500000,0,0,0,426000,1926000,-1500000,-1500000
00671R,富邦NASDAQ反1   ,52000,0,52000,0,0,0,0,0,0,-1590000,0,0,0,752000,2342000,-1590000,-1538000
063055,創意統一9B購02  ,0,0,0,0,0,0,0,0,0,-1626000,0,0,0,152000,1778000,-1626000,-1626000
2201,裕隆            ,2116000,4315000,-2199000,0,0,0,0,0,0,514000,203000,0,203000,345000,34000,311000,-1685000
2014,中鴻            ,446000,2177000,-1731000,0,0,0,0,0,0,-1000,0,1000,-1000,0,0,0,-1732000
1402,遠東新          ,3125690,6079000,-2953310,0,0,0,1086000,0,1086000,134000,160000,19000,141000,0,7000,-7000,-1733310
3049,和鑫            ,476000,2289662,-1813662,0,0,0,0,0,0,64000,3000,0,3000,107000,46000,61000,-1749662
1314,中石化          ,1295000,3076000,-1781000,0,0,0,0,0,0,6100,10000,0,10000,7000,10900,-3900,-1774900
054713,國巨中信9B購01  ,0,0,0,0,0,0,0,0,0,-1832000,0,0,0,0,1832000,-1832000,-1832000
052959,聯電凱基97購01  ,0,0,0,0,0,0,0,0,0,-1834000,0,0,0,0,1834000,-1834000,-1834000
8150,南茂            ,524650,2798790,-2274140,0,0,0,500000,0,500000,-84000,0,0,0,40000,124000,-84000,-1858140
6505,台塑化          ,1966132,3868511,-1902379,0,0,0,38000,0,38000,-5000,25000,30000,-5000,0,0,0,-1869379
063516,香港反凱基03購01,0,0,0,0,0,0,0,0,0,-1874000,0,0,0,0,1874000,-1874000,-1874000
2363,矽統            ,1918000,3807000,-1889000,0,0,0,0,0,0,0,0,0,0,0,0,0,-1889000
1312,國喬            ,718983,2715000,-1996017,0,0,0,0,0,0,5000,10000,16000,-6000,14000,3000,11000,-1991017
8112,至上            ,323000,2357000,-2034000,0,0,0,0,0,0,-1000,0,1000,-1000,0,0,0,-2035000
1326,台化            ,1639041,3655685,-2016644,0,0,0,0,0,0,-53000,9000,37000,-28000,9000,34000,-25000,-2069644
00642U,元大S&P石油     ,59000,4000,55000,0,0,0,0,0,0,-2126000,0,0,0,402000,2528000,-2126000,-2071000
2301,光寶科          ,2620580,6135000,-3514420,0,0,0,720000,52000,668000,721000,837000,7000,830000,21000,130000,-109000,-2125420
053564,台積電富邦99購01,0,0,0,0,0,0,0,0,0,-2166000,0,0,0,0,2166000,-2166000,-2166000
1216,統一            ,5423641,7471346,-2047705,0,0,0,0,25000,-25000,-108000,4000,112000,-108000,0,0,0,-2180705
5880,合庫金          ,5992185,8118000,-2125815,0,0,0,0,0,0,-88000,0,86000,-86000,0,2000,-2000,-2213815
061372,世紀鋼國泰9C購01,0,0,0,0,0,0,0,0,0,-2333000,0,0,0,863000,3196000,-2333000,-2333000
2456,奇力新          ,1002000,2524000,-1522000,0,0,0,0,762000,-762000,-62000,25000,11000,14000,1000,77000,-76000,-2346000
2308,台達電          ,1490615,3898528,-2407913,0,0,0,0,0,0,42000,33000,1000,32000,14000,4000,10000,-2365913
2610,華航            ,2334147,4816000,-2481853,0,0,0,0,0,0,3000,4000,1000,3000,48000,48000,0,-2478853
2327,國巨            ,874158,2948000,-2073842,0,0,0,38000,239000,-201000,-219000,153000,283000,-130000,63000,152000,-89000,-2493842
2887,台新金          ,7998506,10637926,-2639420,0,0,0,0,0,0,-85000,1000,86000,-85000,0,0,0,-2724420
2801,彰銀            ,3180461,6332751,-3152290,0,0,0,0,0,0,-52000,0,52000,-52000,0,0,0,-3204290
2408,南亞科          ,5980247,9237000,-3256753,0,0,0,64000,545000,-481000,67000,480000,456000,24000,149000,106000,43000,-3670753
2880,華南金          ,3087580,6997000,-3909420,0,0,0,0,0,0,-37000,0,37000,-37000,0,0,0,-3946420
2892,第一金          ,8370888,12519270,-4148382,0,0,0,80000,0,80000,-68000,1000,41000,-40000,0,28000,-28000,-4136382
2881,富邦金          ,3967452,8263803,-4296351,0,0,0,0,0,0,-23000,7000,40000,-33000,22000,12000,10000,-4319351
1102,亞泥            ,1572381,6197000,-4624619,0,0,0,97000,0,97000,-42000,4000,0,4000,48000,94000,-46000,-4569619
00651R,FH香港反1       ,19000,409000,-390000,0,0,0,0,0,0,-4375000,0,0,0,2319000,6694000,-4375000,-4765000
4938,和碩            ,2522745,7590681,-5067936,0,0,0,292000,0,292000,-28000,5000,42000,-37000,62000,53000,9000,-4803936
00669R,國泰美國道瓊反1 ,5000,88000,-83000,0,0,0,0,0,0,-4733000,0,0,0,3006000,7739000,-4733000,-4816000
3481,群創            ,14249581,19080395,-4830814,0,0,0,0,0,0,-41000,109000,65000,44000,185000,270000,-85000,-4871814
1605,華新            ,3143000,7862000,-4719000,0,0,0,0,0,0,-507000,105000,184000,-79000,330000,758000,-428000,-5226000
1301,台塑            ,5193693,11054844,-5861151,0,0,0,585000,0,585000,-87000,69000,162000,-93000,12000,6000,6000,-5363151
2368,金像電          ,5947000,10712343,-4765343,0,0,0,0,356000,-356000,-299000,810000,1080000,-270000,64000,93000,-29000,-5420343
2823,中壽            ,1760329,7966000,-6205671,0,0,0,0,0,0,502000,175000,0,175000,347000,20000,327000,-5703671
1101,台泥            ,5845906,11176501,-5330595,0,0,0,0,430000,-430000,-77000,30000,8000,22000,31000,130000,-99000,-5837595
2834,臺企銀          ,4528470,10363000,-5834530,0,0,0,0,0,0,-11000,8000,3000,5000,7000,23000,-16000,-5845530
2886,兆豐金          ,8240758,14709632,-6468874,0,0,0,0,0,0,-209000,0,127000,-127000,27000,109000,-82000,-6677874
2324,仁寶            ,4180452,11906000,-7725548,0,0,0,0,0,0,-212000,6000,41000,-35000,48000,225000,-177000,-7937548
2890,永豐金          ,8358638,16310000,-7951362,0,0,0,0,0,0,-46000,2000,47000,-45000,1000,2000,-1000,-7997362
2618,長榮航          ,2779525,10871113,-8091588,0,0,0,0,0,0,-156000,197000,117000,80000,40000,276000,-236000,-8247588
2883,開發金          ,7051681,15140000,-8088319,0,0,0,0,0,0,-201000,1000,72000,-71000,0,130000,-130000,-8289319
2885,元大金          ,13195993,21743000,-8547007,0,0,0,0,252000,-252000,-348058,1000,31000,-30000,0,318058,-318058,-9147065
2888,新光金          ,6387566,15643638,-9256072,0,0,0,0,0,0,-314000,22000,304000,-282000,200000,232000,-32000,-9570072
2882,國泰金          ,3488153,14883423,-11395270,0,0,0,0,0,0,-74000,60000,60000,0,40000,114000,-74000,-11469270
2337,旺宏            ,4428000,12035000,-7607000,0,0,0,0,3146000,-3146000,-1722000,170000,792000,-622000,101000,1201000,-1100000,-12475000
2344,華邦電          ,13435993,25407000,-11971007,0,0,0,0,0,0,-2278000,141000,1282000,-1141000,457000,1594000,-1137000,-14249007
2891,中信金          ,21192070,36161673,-14969603,0,0,0,0,115805,-115805,4000,9000,9000,0,10000,6000,4000,-15081408
2449,京元電子        ,1574364,14777000,-13202636,0,0,0,0,2646000,-2646000,-122000,2000,42000,-40000,75000,157000,-82000,-15970636
2884,玉山金          ,8165788,35003613,-26837825,0,0,0,0,0,0,-3000,0,7000,-7000,5000,1000,4000,-26840825
00677U,富邦VIX         ,5008000,44331000,-39323000,0,0,0,0,0,0,-73526000,400000,4010000,-3610000,4704000,74620000,-69916000,-112849000
