證券代號,證券名稱,外陸資買進股數(不含外資自營商),外陸資賣出股數(不含外資自營商),外陸資買賣超股數(不含外資自營商),外資自營商買進股數,外資自營商賣出股數,外資自營商買賣超股數,投信買進股數,投信賣出股數,投信買賣超股數,自營商買賣超股數,自營商買進股數(自行買賣),自營商賣出股數(自行買賣),自營商買賣超股數(自行買賣),自營商買進股數(避險),自營商賣出股數(避險),自營商買賣超股數(避險),三大法人買賣超股數
00677U,富邦VIX         ,148103000,6561000,141542000,0,0,0,0,0,0,94020000,400000,3565000,-3165000,102836000,5651000,97185000,235562000
00632R,元大台灣50反1   ,290000,1908000,-1618000,0,0,0,0,0,0,47888000,4191000,2000000,2191000,47750000,2053000,45697000,46270000
2409,友達            ,34865000,15556223,19308777,0,0,0,71000,675000,-604000,-814092,660000,1542000,-882000,448000,380092,67908,17890685
3037,欣興            ,8188000,1627000,6561000,0,0,0,1081000,0,1081000,-205000,43000,521000,-478000,362000,89000,273000,7437000
3189,景碩            ,6132000,2007000,4125000,0,0,0,342000,93000,249000,1421000,120000,36000,84000,1577000,240000,1337000,5795000
048269,瀚宇博國泰95購01,0,0,0,0,0,0,0,0,0,4209000,0,0,0,4219000,10000,4209000,4209000
3042,晶技            ,3094000,211000,2883000,0,0,0,363000,0,363000,819000,137000,39000,98000,1118000,397000,721000,4065000
00708L,元大S&P黃金正2  ,2000,0,2000,0,0,0,0,0,0,3837000,0,0,0,7172000,3335000,3837000,3839000
6213,聯茂            ,2026000,1034000,992000,0,0,0,2004000,191000,1813000,1024000,679000,252000,427000,630000,33000,597000,3829000
06572P,台積電永昌99售01,0,0,0,0,0,0,0,0,0,3725000,0,0,0,8198000,4473000,3725000,3725000
3706,神達            ,4920000,3102000,1818000,0,0,0,1573000,0,1573000,59000,430000,1294000,-864000,1268000,345000,923000,3450000
00664R,國泰臺灣加權反1 ,0,0,0,0,0,0,0,0,0,3156000,0,0,0,3727000,571000,3156000,3156000
054658,道瓊銀元大9A購01,0,0,0,0,0,0,0,0,0,2801000,0,0,0,3071000,270000,2801000,2801000
00643,群益深証中小    ,2007000,2000,2005000,0,0,0,0,0,0,477000,0,0,0,1512000,1035000,477000,2482000
050363,臺指反元大98購04,0,2000,-2000,0,0,0,0,0,0,2151000,0,0,0,2356000,205000,2151000,2149000
00783,富邦中証500     ,969000,0,969000,0,0,0,0,0,0,1119000,0,0,0,2323000,1204000,1119000,2088000
08663P,台灣50元大96售01,0,0,0,0,0,0,0,0,0,2048000,0,0,0,2048000,0,2048000,2048000
05650P,台積電富邦96售01,0,0,0,0,0,0,0,0,0,1880000,0,0,0,1880000,0,1880000,1880000
00639,富邦深100       ,947000,0,947000,0,0,0,0,0,0,909000,0,0,0,2142000,1233000,909000,1856000
2376,技嘉            ,2959000,1224000,1735000,0,0,0,1000,199000,-198000,282000,112000,73000,39000,344000,101000,243000,1819000
1909,榮成            ,2654000,2110000,544000,0,0,0,1000000,0,1000000,210000,212000,2000,210000,0,0,0,1754000
8046,南電            ,2974000,2280000,694000,0,0,0,1826000,0,1826000,-836000,170000,105000,65000,685000,1586000,-901000,1684000
3545,敦泰            ,2036000,383616,1652384,0,0,0,0,0,0,-2000,0,2000,-2000,0,0,0,1650384
06222P,致茂元富97售02  ,0,0,0,0,0,0,0,0,0,1620000,0,0,0,1636000,16000,1620000,1620000
052474,T50反1群益95購04,0,0,0,0,0,0,0,0,0,1600000,0,0,0,1600000,0,1600000,1600000
054556,世芯凱基99購01  ,0,0,0,0,0,0,0,0,0,1567000,0,0,0,1928000,361000,1567000,1567000
053612,T50反1群益96購01,0,0,0,0,0,0,0,0,0,1510000,0,0,0,1515000,5000,1510000,1510000
006205,富邦上証        ,526000,20000,506000,0,0,0,0,0,0,903000,0,0,0,2214000,1311000,903000,1409000
048754,瀚宇博元富97購01,0,0,0,0,0,0,0,0,0,1374000,0,0,0,1374000,0,1374000,1374000
06193P,台積電元富97售04,0,0,0,0,0,0,0,0,0,1363000,0,0,0,1698000,335000,1363000,1363000
05871P,全新凱基96售04  ,0,0,0,0,0,0,0,0,0,1344000,0,0,0,1344000,0,1344000,1344000
048628,T50反1元大96購03,0,0,0,0,0,0,0,0,0,1344000,0,0,0,1344000,0,1344000,1344000
052798,滬深2X元大96購07,0,0,0,0,0,0,0,0,0,1339000,0,0,0,1915000,576000,1339000,1339000
3090,日電貿          ,1193000,71000,1122000,0,0,0,0,0,0,209000,0,4000,-4000,283000,70000,213000,1331000
00669R,國泰美國道瓊反1 ,2000,0,2000,0,0,0,0,0,0,1328000,0,0,0,2432000,1104000,1328000,1330000
049216,華邦電國票95購01,0,0,0,0,0,0,0,0,0,1318000,0,0,0,1318000,0,1318000,1318000
053036,聯電凱基98購01  ,0,0,0,0,0,0,0,0,0,1239000,0,0,0,1239000,0,1239000,1239000
06426P,T50正2元大9B售01,0,0,0,0,0,0,0,0,0,1225000,0,0,0,1287000,62000,1225000,1225000
053465,聯電元大96購05  ,0,0,0,0,0,0,0,0,0,1211000,0,0,0,1313000,102000,1211000,1211000
056112,勤誠永豐97購02  ,0,0,0,0,0,0,0,0,0,1196000,0,0,0,1800000,604000,1196000,1196000
2421,建準            ,1623000,414000,1209000,0,0,0,0,0,0,-26000,0,47000,-47000,97000,76000,21000,1183000
03413B,臺股指凱基94熊19,0,0,0,0,0,0,0,0,0,1145000,0,0,0,2701000,1556000,1145000,1145000
05015P,臺股指元大95售06,0,0,0,0,0,0,0,0,0,1142000,0,0,0,1540000,398000,1142000,1142000
06113P,台積電群益97售01,0,0,0,0,0,0,0,0,0,1112000,0,0,0,1122000,10000,1112000,1112000
05033P,T50反1元大98售01,0,0,0,0,0,0,0,0,0,1101000,0,0,0,1158000,57000,1101000,1101000
06195P,台積電元富97售06,0,0,0,0,0,0,0,0,0,1092000,0,0,0,1373000,281000,1092000,1092000
049122,元油2X元富94購07,0,0,0,0,0,0,0,0,0,1083000,0,0,0,1083000,0,1083000,1083000
051113,聯電元富95購01  ,0,0,0,0,0,0,0,0,0,1067000,0,0,0,1087000,20000,1067000,1067000
00638R,元大滬深300反1  ,170000,58000,112000,0,0,0,0,0,0,949000,2376000,0,2376000,1035000,2462000,-1427000,1061000
00673R,元大S&P原油反1  ,0,3502000,-3502000,0,0,0,0,0,0,4549000,0,0,0,5569000,1020000,4549000,1047000
03686P,大立光統一98售02,0,0,0,0,0,0,0,0,0,1043000,0,0,0,1074000,31000,1043000,1043000
2408,南亞科          ,3946000,4068000,-122000,0,0,0,736000,100000,636000,508000,249000,127000,122000,417000,31000,386000,1022000
05374P,台積電國票96售07,0,0,0,0,0,0,0,0,0,1010000,0,0,0,1101000,91000,1010000,1010000
08637P,台灣50中信96售03,0,0,0,0,0,0,0,0,0,991000,0,0,0,2120000,1129000,991000,991000
04749P,臺股指元大94售25,0,0,0,0,0,0,0,0,0,981000,0,0,0,982000,1000,981000,981000
051810,欣興凱基95購03  ,0,0,0,0,0,0,0,0,0,972000,0,0,0,998000,26000,972000,972000
047206,元金2X國泰94購01,0,0,0,0,0,0,0,0,0,965000,0,0,0,965000,0,965000,965000
04995P,台達電凱基96售03,0,0,0,0,0,0,0,0,0,944000,0,0,0,966000,22000,944000,944000
04747P,臺股指元大94售22,0,0,0,0,0,0,0,0,0,942000,0,0,0,1464000,522000,942000,942000
3019,亞光            ,1117000,333000,784000,0,0,0,0,0,0,151000,132000,95000,37000,138000,24000,114000,935000
6239,力成            ,2105000,1363789,741211,0,0,0,218000,0,218000,-36000,6000,62000,-56000,42000,22000,20000,923211
05091P,台積電元大95售11,0,0,0,0,0,0,0,0,0,920000,0,0,0,2060000,1140000,920000,920000
04289P,臺股指中信95售07,0,0,0,0,0,0,0,0,0,916000,0,0,0,1251000,335000,916000,916000
3036,文曄            ,1116530,135000,981530,0,0,0,3000,163000,-160000,91000,319000,244000,75000,16000,0,16000,912530
06338P,亞德客統一97售02,0,0,0,0,0,0,0,0,0,906000,0,0,0,962000,56000,906000,906000
05229P,台積電群益95售05,0,0,0,0,0,0,0,0,0,893000,0,0,0,899000,6000,893000,893000
04437P,滬深2X群益98售03,0,0,0,0,0,0,0,0,0,877000,0,0,0,1001000,124000,877000,877000
06549P,大立光元大98售11,0,0,0,0,0,0,0,0,0,873000,0,0,0,893000,20000,873000,873000
053242,聯電國票96購04  ,0,0,0,0,0,0,0,0,0,862000,0,0,0,876000,14000,862000,862000
06644P,亞德客元大98售03,0,0,0,0,0,0,0,0,0,852000,0,0,0,853000,1000,852000,852000
044291,群創凱基93購06  ,0,0,0,0,0,0,0,0,0,844000,0,0,0,948000,104000,844000,844000
2344,華邦電          ,11131000,9924000,1207000,0,0,0,226000,0,226000,-593000,100000,551000,-451000,383000,525000,-142000,840000
00636,國泰中國A50     ,132000,0,132000,0,0,0,0,0,0,690000,0,0,0,1756000,1066000,690000,822000
3026,禾伸堂          ,1028000,253000,775000,0,0,0,0,0,0,42000,103000,4000,99000,67000,124000,-57000,817000
057085,立積統一9B購02  ,0,0,0,0,0,0,0,0,0,810000,0,0,0,813000,3000,810000,810000
049870,南電兆豐94購01  ,0,0,0,0,0,0,0,0,0,801000,0,0,0,1567000,766000,801000,801000
03576P,台灣50元富06售01,0,0,0,0,0,0,0,0,0,782000,0,0,0,880000,98000,782000,782000
046205,明基材凱基93購01,0,0,0,0,0,0,0,0,0,760000,0,0,0,760000,0,760000,760000
051316,T50反1國票95購02,0,0,0,0,0,0,0,0,0,760000,0,0,0,790000,30000,760000,760000
055052,凱美永豐97購01  ,0,0,0,0,0,0,0,0,0,744000,0,0,0,878000,134000,744000,744000
047867,旺宏永豐93購02  ,0,0,0,0,0,0,0,0,0,742000,0,0,0,742000,0,742000,742000
06219P,國巨元富97售05  ,0,0,0,0,0,0,0,0,0,740000,0,0,0,750000,10000,740000,740000
049812,致伸元大94購03  ,0,0,0,0,0,0,0,0,0,737000,0,0,0,749000,12000,737000,737000
055194,昇陽半元富97購01,0,0,0,0,0,0,0,0,0,735000,0,0,0,735000,0,735000,735000
050765,鴻海元大96購02  ,0,0,0,0,0,0,0,0,0,733000,0,0,0,1442000,709000,733000,733000
049891,T50反1富邦94購02,0,0,0,0,0,0,0,0,0,721000,0,0,0,721000,0,721000,721000
3016,嘉晶            ,892000,213000,679000,0,0,0,0,0,0,38000,0,3000,-3000,198000,157000,41000,717000
041527,T50反1中信96購01,0,0,0,0,0,0,0,0,0,716000,0,0,0,716000,0,716000,716000
2027,大成鋼          ,1009000,389000,620000,0,0,0,0,0,0,95000,1000,1000,0,185000,90000,95000,715000
06201P,可成元大97售01  ,0,0,0,0,0,0,0,0,0,712000,0,0,0,825000,113000,712000,712000
05014P,臺股指元大95售05,0,0,0,0,0,0,0,0,0,710000,0,0,0,755000,45000,710000,710000
050349,中環群益94購01  ,0,0,0,0,0,0,0,0,0,710000,0,0,0,710000,0,710000,710000
05780P,台積電統一96售07,0,0,0,0,0,0,0,0,0,709000,0,0,0,736000,27000,709000,709000
08218P,滬深2X凱基96售01,0,0,0,0,0,0,0,0,0,705000,0,0,0,770000,65000,705000,705000
056004,南電永豐97購02  ,0,0,0,0,0,0,0,0,0,692000,0,0,0,710000,18000,692000,692000
006207,FH滬深          ,1000,213000,-212000,0,0,0,0,0,0,900000,0,0,0,1373000,473000,900000,688000
051983,道瓊反元大95購01,0,0,0,0,0,0,0,0,0,678000,0,0,0,1180000,502000,678000,678000
05501P,健策國票97售01  ,0,0,0,0,0,0,0,0,0,670000,0,0,0,947000,277000,670000,670000
06459P,亞德客元富98售01,0,0,0,0,0,0,0,0,0,661000,0,0,0,740000,79000,661000,661000
048007,明基材元大96購01,0,0,0,0,0,0,0,0,0,653000,0,0,0,782000,129000,653000,653000
047487,南電凱基94購01  ,0,0,0,0,0,0,0,0,0,652000,0,0,0,668000,16000,652000,652000
054081,聯電元富96購01  ,0,0,0,0,0,0,0,0,0,647000,0,0,0,819000,172000,647000,647000
047681,滬深反中信95購01,0,0,0,0,0,0,0,0,0,643000,0,0,0,963000,320000,643000,643000
03242P,聯電統一02售04  ,0,0,0,0,0,0,0,0,0,642000,0,0,0,642000,0,642000,642000
049212,T50反1國票94購04,0,137000,-137000,0,0,0,0,0,0,777000,0,0,0,1919000,1142000,777000,640000
055306,燿華群益97購01  ,0,0,0,0,0,0,0,0,0,640000,0,0,0,640000,0,640000,640000
052814,上証2X永豐96購02,0,0,0,0,0,0,0,0,0,639000,0,0,0,957000,318000,639000,639000
6282,康舒            ,956000,243000,713000,0,0,0,0,0,0,-77000,2000,39000,-37000,38000,78000,-40000,636000
03638C,T50反1元大94牛03,0,0,0,0,0,0,0,0,0,632000,0,0,0,762000,130000,632000,632000
054713,國巨中信9B購01  ,0,0,0,0,0,0,0,0,0,625000,0,0,0,3242000,2617000,625000,625000
00656R,國泰中國A50反1  ,139000,0,139000,0,0,0,0,0,0,485000,250000,0,250000,943000,708000,235000,624000
0061,元大寶滬深      ,540000,0,540000,0,0,0,0,0,0,82000,10000,0,10000,141000,69000,72000,622000
053228,康友台新97購01  ,0,0,0,0,0,0,0,0,0,620000,0,0,0,670000,50000,620000,620000
051165,可成元大95購01  ,0,0,0,0,0,0,0,0,0,617000,0,0,0,695000,78000,617000,617000
057478,智邦元大99購01  ,0,0,0,0,0,0,0,0,0,615000,0,0,0,722000,107000,615000,615000
2478,大毅            ,1132250,695000,437250,0,0,0,0,0,0,177000,60000,0,60000,131000,14000,117000,614250
00676R,富邦臺灣加權反1 ,0,0,0,0,0,0,0,0,0,614000,0,0,0,1323000,709000,614000,614000
04373P,滬深2X元大97售01,0,0,0,0,0,0,0,0,0,614000,0,0,0,826000,212000,614000,614000
054398,牧德永豐96購03  ,0,0,0,0,0,0,0,0,0,605000,0,0,0,709000,104000,605000,605000
05405P,大立光群益95售04,0,0,0,0,0,0,0,0,0,604000,0,0,0,614000,10000,604000,604000
2535,達欣工          ,702000,138000,564000,0,0,0,0,0,0,30000,60000,30000,30000,0,0,0,594000
05145P,道瓊反元大98售01,0,0,0,0,0,0,0,0,0,592000,0,0,0,600000,8000,592000,592000
055392,凱美統一97購03  ,0,0,0,0,0,0,0,0,0,583000,0,0,0,643000,60000,583000,583000
050944,智邦群益95購01  ,0,0,0,0,0,0,0,0,0,582000,0,0,0,592000,10000,582000,582000
06196P,元上證元大97售01,0,0,0,0,0,0,0,0,0,581000,0,0,0,626000,45000,581000,581000
047212,宏達電富邦97購01,0,0,0,0,0,0,0,0,0,574000,0,0,0,604000,30000,574000,574000
054998,玉晶光元富97購02,0,0,0,0,0,0,0,0,0,566000,0,0,0,579000,13000,566000,566000
053510,聯電群益97購01  ,0,0,0,0,0,0,0,0,0,565000,0,0,0,726000,161000,565000,565000
05234P,美食康和95售01  ,0,0,0,0,0,0,0,0,0,562000,0,0,0,612000,50000,562000,562000
05551P,電子類元大96售01,0,0,0,0,0,0,0,0,0,562000,0,0,0,631000,69000,562000,562000
053572,彩晶統一96購01  ,0,0,0,0,0,0,0,0,0,561000,0,0,0,561000,0,561000,561000
057354,聯鈞統一99購03  ,0,0,0,0,0,0,0,0,0,554000,0,0,0,571000,17000,554000,554000
055148,鴻海元大98購02  ,0,0,0,0,0,0,0,0,0,553000,0,0,0,658000,105000,553000,553000
00739,元大MSCI A股    ,149000,0,149000,0,0,0,0,0,0,400000,0,0,0,845000,445000,400000,549000
054942,凱美元大97購02  ,0,0,0,0,0,0,0,0,0,546000,0,0,0,725000,179000,546000,546000
06153P,健策元大97售04  ,0,0,0,0,0,0,0,0,0,545000,0,0,0,552000,7000,545000,545000
055104,台達電凱基98購01,0,0,0,0,0,0,0,0,0,543000,0,0,0,560000,17000,543000,543000
057317,技嘉凱基98購02  ,0,0,0,0,0,0,0,0,0,541000,0,0,0,1171000,630000,541000,541000
052269,T50反1日盛9B購01,0,0,0,0,0,0,0,0,0,541000,0,0,0,541000,0,541000,541000
053768,S&P反1元大99購01,0,0,0,0,0,0,0,0,0,540000,0,0,0,540000,0,540000,540000
04980P,臺股指凱基96售08,0,0,0,0,0,0,0,0,0,539000,0,0,0,1869000,1330000,539000,539000
054574,美律元大99購01  ,0,0,0,0,0,0,0,0,0,538000,0,0,0,629000,91000,538000,538000
053770,元金2X元大98購01,0,15000,-15000,0,0,0,0,0,0,544000,0,0,0,608000,64000,544000,529000
05783P,嘉澤元富96售01  ,0,0,0,0,0,0,0,0,0,528000,0,0,0,580000,52000,528000,528000
04511P,臺股指元大94售06,0,0,0,0,0,0,0,0,0,526000,0,0,0,640000,114000,526000,526000
047505,元金2X國票9B購01,0,0,0,0,0,0,0,0,0,525000,0,0,0,657000,132000,525000,525000
05529P,臺股指群益96售02,0,0,0,0,0,0,0,0,0,524000,0,0,0,626000,102000,524000,524000
056961,凱美永豐98購01  ,0,0,0,0,0,0,0,0,0,522000,0,0,0,585000,63000,522000,522000
053371,滬深2X元大99購01,0,0,0,0,0,0,0,0,0,522000,0,0,0,720000,198000,522000,522000
03497P,金像電凱基02售06,0,0,0,0,0,0,0,0,0,521000,0,0,0,521000,0,521000,521000
06233P,訊芯永豐97售03  ,0,0,0,0,0,0,0,0,0,521000,0,0,0,631000,110000,521000,521000
04966P,台表科元大94售04,0,0,0,0,0,0,0,0,0,519000,0,0,0,519000,0,519000,519000
056413,上証反中信9A購01,0,0,0,0,0,0,0,0,0,518000,0,0,0,543000,25000,518000,518000
05306P,泰碩國泰97售01  ,0,0,0,0,0,0,0,0,0,516000,0,0,0,521000,5000,516000,516000
9958,世紀鋼          ,440000,141000,299000,0,0,0,283000,0,283000,-66000,5000,1000,4000,7000,77000,-70000,516000
04655P,臺股指凱基94售14,0,0,0,0,0,0,0,0,0,510000,0,0,0,810000,300000,510000,510000
051682,元黃金凱基97購01,0,0,0,0,0,0,0,0,0,510000,0,0,0,564000,54000,510000,510000
04687P,全新凱基94售02  ,0,0,0,0,0,0,0,0,0,508000,0,0,0,694000,186000,508000,508000
00648R,元大S&P500反1   ,31000,0,31000,0,0,0,0,0,0,474000,0,0,0,484000,10000,474000,505000
2360,致茂            ,807000,285500,521500,0,0,0,0,0,0,-17000,27000,41000,-14000,0,3000,-3000,504500
04023P,臺股指元富99售02,0,0,0,0,0,0,0,0,0,502000,0,0,0,554000,52000,502000,502000
050172,臺指反元大98購02,0,0,0,0,0,0,0,0,0,502000,0,0,0,1599000,1097000,502000,502000
050359,T50反1元大94購05,0,0,0,0,0,0,0,0,0,502000,0,0,0,602000,100000,502000,502000
05702P,矽創凱基96售02  ,0,0,0,0,0,0,0,0,0,501000,0,0,0,501000,0,501000,501000
053917,友達國票97購03  ,0,0,0,0,0,0,0,0,0,501000,0,0,0,558000,57000,501000,501000
057303,喬山兆豐99購01  ,0,0,0,0,0,0,0,0,0,500000,0,0,0,665000,165000,500000,500000
06460P,亞德客元富98售02,0,0,0,0,0,0,0,0,0,500000,0,0,0,510000,10000,500000,500000
053089,貿聯元大97購02  ,0,0,0,0,0,0,0,0,0,499000,0,0,0,501000,2000,499000,499000
054598,鴻海台新98購01  ,0,0,0,0,0,0,0,0,0,498000,0,0,0,498000,0,498000,498000
06118P,上証2X凱基98售03,0,0,0,0,0,0,0,0,0,497000,0,0,0,579000,82000,497000,497000
055959,美律元大97購03  ,0,0,0,0,0,0,0,0,0,495000,0,0,0,495000,0,495000,495000
05167P,百和元富95售03  ,0,0,0,0,0,0,0,0,0,491000,0,0,0,516000,25000,491000,491000
05403P,台積電富邦95售08,0,0,0,0,0,0,0,0,0,491000,0,0,0,491000,0,491000,491000
06573P,台積電永昌99售02,0,0,0,0,0,0,0,0,0,489000,0,0,0,499000,10000,489000,489000
057298,旭富永豐98購01  ,0,0,0,0,0,0,0,0,0,487000,0,0,0,603000,116000,487000,487000
048965,佳世達元大94購01,0,0,0,0,0,0,0,0,0,486000,0,0,0,560000,74000,486000,486000
053683,上証2X元大96購03,0,0,0,0,0,0,0,0,0,486000,0,0,0,486000,0,486000,486000
054204,元金2X國票9B購02,0,0,0,0,0,0,0,0,0,485000,0,0,0,650000,165000,485000,485000
8131,福懋科          ,591000,98000,493000,0,0,0,2000,0,2000,-10000,0,6000,-6000,11000,15000,-4000,485000
052370,滬深2X元大95購04,0,0,0,0,0,0,0,0,0,477000,0,0,0,477000,0,477000,477000
05103P,臺股指凱基96售10,0,0,0,0,0,0,0,0,0,477000,0,0,0,626000,149000,477000,477000
054996,聯陽元富97購01  ,0,0,0,0,0,0,0,0,0,476000,0,0,0,1497000,1021000,476000,476000
047885,元金2X富邦99購01,0,0,0,0,0,0,0,0,0,474000,0,0,0,590000,116000,474000,474000
056315,同欣電元大97購05,0,0,0,0,0,0,0,0,0,473000,0,0,0,604000,131000,473000,473000
057109,信邦群益98購01  ,0,0,0,0,0,0,0,0,0,470000,0,0,0,490000,20000,470000,470000
052937,國巨兆豐97購01  ,0,0,0,0,0,0,0,0,0,469000,0,0,0,672000,203000,469000,469000
050027,義隆元大94購03  ,0,0,0,0,0,0,0,0,0,468000,0,0,0,468000,0,468000,468000
055843,美律元大97購02  ,0,0,0,0,0,0,0,0,0,466000,0,0,0,466000,0,466000,466000
052642,滬深2X永豐96購03,0,0,0,0,0,0,0,0,0,462000,0,0,0,513000,51000,462000,462000
053528,南電中信9A購01  ,0,0,0,0,0,0,0,0,0,462000,0,0,0,690000,228000,462000,462000
047968,南電國泰94購01  ,0,0,0,0,0,0,0,0,0,461000,0,0,0,461000,0,461000,461000
052385,滬深2X群益99購05,0,0,0,0,0,0,0,0,0,455000,0,0,0,607000,152000,455000,455000
048073,南電元富93購02  ,0,0,0,0,0,0,0,0,0,452000,0,0,0,579000,127000,452000,452000
053334,訊芯永豐96購01  ,0,0,0,0,0,0,0,0,0,452000,0,0,0,452000,0,452000,452000
05235P,健鼎康和95售02  ,0,0,0,0,0,0,0,0,0,450000,0,0,0,514000,64000,450000,450000
048893,南電元富94購01  ,0,0,0,0,0,0,0,0,0,450000,0,0,0,628000,178000,450000,450000
05283P,健鼎元大95售04  ,0,0,0,0,0,0,0,0,0,450000,0,0,0,578000,128000,450000,450000
00865B,國泰US短期公債  ,0,0,0,0,0,0,0,0,0,449000,0,0,0,464000,15000,449000,449000
2406,國碩            ,543000,94000,449000,0,0,0,0,0,0,0,1000,1000,0,0,0,0,449000
044298,南電凱基93購01  ,0,0,0,0,0,0,0,0,0,447000,0,0,0,544000,97000,447000,447000
044429,元金2X元大94購04,0,0,0,0,0,0,0,0,0,443000,0,0,0,794000,351000,443000,443000
053650,華邦電凱基98購01,0,0,0,0,0,0,0,0,0,442000,0,0,0,442000,0,442000,442000
8039,台虹            ,651000,141000,510000,0,0,0,0,0,0,-70000,0,4000,-4000,3000,69000,-66000,440000
051246,美律元大96購01  ,0,0,0,0,0,0,0,0,0,436000,0,0,0,476000,40000,436000,436000
056187,京鼎統一97購01  ,0,0,0,0,0,0,0,0,0,435000,0,0,0,435000,0,435000,435000
045683,泰鼎元大93購03  ,0,0,0,0,0,0,0,0,0,428000,0,0,0,459000,31000,428000,428000
05347P,滬深2X元富9B售02,0,0,0,0,0,0,0,0,0,421000,0,0,0,451000,30000,421000,421000
05538P,玉晶光國票97售02,0,0,0,0,0,0,0,0,0,417000,0,0,0,417000,0,417000,417000
8112,至上            ,695000,287000,408000,0,0,0,8000,0,8000,1000,2000,1000,1000,0,0,0,417000
055737,開發金元富97購01,0,0,0,0,0,0,0,0,0,415000,0,0,0,425000,10000,415000,415000
057190,立積元大9A購02  ,0,0,0,0,0,0,0,0,0,410000,0,0,0,560000,150000,410000,410000
04269P,華通國票93售03  ,0,0,0,0,0,0,0,0,0,410000,0,0,0,410000,0,410000,410000
054395,華新科永豐96購03,0,0,0,0,0,0,0,0,0,408000,0,0,0,684000,276000,408000,408000
05791P,臺股指中信99售06,0,0,0,0,0,0,0,0,0,406000,0,0,0,605000,199000,406000,406000
9946,三發地產        ,648000,243000,405000,0,0,0,0,0,0,0,0,0,0,0,0,0,405000
057432,T50反1國票9B購01,0,0,0,0,0,0,0,0,0,400000,0,0,0,400000,0,400000,400000
056101,光磊永豐98購01  ,0,0,0,0,0,0,0,0,0,400000,0,0,0,450000,50000,400000,400000
045749,智邦富邦93購01  ,0,0,0,0,0,0,0,0,0,400000,0,0,0,400000,0,400000,400000
04532P,臺股指凱基94售04,0,0,0,0,0,0,0,0,0,400000,0,0,0,400000,0,400000,400000
052272,T50反1群益95購03,0,0,0,0,0,0,0,0,0,400000,0,0,0,400000,0,400000,400000
049469,元金2X永豐94購01,0,0,0,0,0,0,0,0,0,400000,0,0,0,400000,0,400000,400000
06030P,友達兆豐96售02  ,0,0,0,0,0,0,0,0,0,399000,0,0,0,409000,10000,399000,399000
056498,A50正2富邦9B購01,0,0,0,0,0,0,0,0,0,397000,0,0,0,473000,76000,397000,397000
04809P,台光電群益94售04,0,0,0,0,0,0,0,0,0,396000,0,0,0,472000,76000,396000,396000
055896,南電統一97購02  ,0,0,0,0,0,0,0,0,0,395000,0,0,0,858000,463000,395000,395000
055720,宏達電元大97購05,0,0,0,0,0,0,0,0,0,395000,0,0,0,395000,0,395000,395000
04748P,臺股指元大94售23,0,0,0,0,0,0,0,0,0,395000,0,0,0,400000,5000,395000,395000
049602,南電元大95購01  ,0,0,0,0,0,0,0,0,0,394000,0,0,0,595000,201000,394000,394000
052794,群創兆豐97購01  ,0,0,0,0,0,0,0,0,0,393000,0,0,0,412000,19000,393000,393000
052115,T50反1國票95購03,0,0,0,0,0,0,0,0,0,392000,0,0,0,735000,343000,392000,392000
055729,金寶元富99購01  ,0,0,0,0,0,0,0,0,0,390000,0,0,0,483000,93000,390000,390000
044340,TPK統一93購01   ,0,0,0,0,0,0,0,0,0,390000,0,0,0,390000,0,390000,390000
052310,聯電富邦95購01  ,0,0,0,0,0,0,0,0,0,390000,0,0,0,400000,10000,390000,390000
047248,奇鋐群益95購01  ,0,0,0,0,0,0,0,0,0,386000,0,0,0,386000,0,386000,386000
052233,台郡凱基96購01  ,0,0,0,0,0,0,0,0,0,385000,0,0,0,445000,60000,385000,385000
039550,滬深反凱基94購01,0,0,0,0,0,0,0,0,0,383000,0,0,0,383000,0,383000,383000
056059,美律元大98購02  ,0,0,0,0,0,0,0,0,0,382000,0,0,0,489000,107000,382000,382000
05721P,全新群益98售02  ,0,0,0,0,0,0,0,0,0,378000,0,0,0,709000,331000,378000,378000
044289,群創凱基93購04  ,0,0,0,0,0,0,0,0,0,378000,0,0,0,668000,290000,378000,378000
052985,美律元大96購02  ,0,0,0,0,0,0,0,0,0,377000,0,0,0,524000,147000,377000,377000
052030,GIS群益95購04   ,0,0,0,0,0,0,0,0,0,375000,0,0,0,375000,0,375000,375000
053298,SP黃豆凱基99購01,0,0,0,0,0,0,0,0,0,374000,0,0,0,374000,0,374000,374000
03636C,元油2X元富04牛01,4000,0,4000,0,0,0,0,0,0,368000,0,0,0,418000,50000,368000,372000
055416,欣興富邦98購01  ,0,0,0,0,0,0,0,0,0,371000,0,0,0,435000,64000,371000,371000
06299P,可成元大97售04  ,0,0,0,0,0,0,0,0,0,371000,0,0,0,446000,75000,371000,371000
05448P,臺股指元大95售25,0,0,0,0,0,0,0,0,0,370000,0,0,0,430000,60000,370000,370000
049801,可成元大94購09  ,0,0,0,0,0,0,0,0,0,369000,0,0,0,457000,88000,369000,369000
054689,華新科永豐97購01,0,0,0,0,0,0,0,0,0,369000,0,0,0,455000,86000,369000,369000
056007,上銀中信97購02  ,0,0,0,0,0,0,0,0,0,367000,0,0,0,800000,433000,367000,367000
055574,美律統一97購01  ,0,0,0,0,0,0,0,0,0,365000,0,0,0,365000,0,365000,365000
05763P,致新永豐96售01  ,0,0,0,0,0,0,0,0,0,365000,0,0,0,419000,54000,365000,365000
054350,美律國泰98購01  ,0,0,0,0,0,0,0,0,0,365000,0,0,0,365000,0,365000,365000
04366P,全新元富95售01  ,0,0,0,0,0,0,0,0,0,363000,0,0,0,548000,185000,363000,363000
054614,玉晶光永豐97購03,0,0,0,0,0,0,0,0,0,363000,0,0,0,583000,220000,363000,363000
05585P,臺股指凱基96售14,0,0,0,0,0,0,0,0,0,362000,0,0,0,467000,105000,362000,362000
047466,新光金國泰95購01,0,0,0,0,0,0,0,0,0,361000,0,0,0,361000,0,361000,361000
05711P,茂林國票97售03  ,0,0,0,0,0,0,0,0,0,360000,0,0,0,375000,15000,360000,360000
054987,凱美元富97購01  ,0,0,0,0,0,0,0,0,0,358000,0,0,0,429000,71000,358000,358000
05877P,大立光群益96售06,0,0,0,0,0,0,0,0,0,357000,0,0,0,439000,82000,357000,357000
3041,揚智            ,512000,154000,358000,0,0,0,0,0,0,-1000,0,1000,-1000,0,0,0,357000
042754,元黃金元大93購01,0,0,0,0,0,0,0,0,0,356000,0,0,0,356000,0,356000,356000
054988,凱美元富97購02  ,0,0,0,0,0,0,0,0,0,356000,0,0,0,366000,10000,356000,356000
054228,貿聯元富96購03  ,0,0,0,0,0,0,0,0,0,355000,0,0,0,392000,37000,355000,355000
057697,國巨群益98購09  ,0,0,0,0,0,0,0,0,0,353000,0,0,0,396000,43000,353000,353000
05948P,茂林元大96售03  ,0,0,0,0,0,0,0,0,0,352000,0,0,0,387000,35000,352000,352000
053244,光磊國票97購01  ,0,0,0,0,0,0,0,0,0,352000,0,0,0,352000,0,352000,352000
050100,台積電永昌96購02,0,0,0,0,0,0,0,0,0,351000,0,0,0,1219000,868000,351000,351000
048688,瑞昱群益94購01  ,0,0,0,0,0,0,0,0,0,350000,0,0,0,350000,0,350000,350000
052679,致伸富邦98購01  ,0,0,0,0,0,0,0,0,0,350000,0,0,0,350000,0,350000,350000
04554P,可成中信94售01  ,0,0,0,0,0,0,0,0,0,349000,0,0,0,359000,10000,349000,349000
056190,昇陽半統一97購01,0,0,0,0,0,0,0,0,0,348000,0,0,0,348000,0,348000,348000
056612,台積電永豐98購01,0,0,0,0,0,0,0,0,0,347000,0,0,0,599000,252000,347000,347000
04828P,聯發科凱基94售15,0,0,0,0,0,0,0,0,0,345000,0,0,0,350000,5000,345000,345000
055988,矽力元富97購01  ,0,0,0,0,0,0,0,0,0,344000,0,0,0,385000,41000,344000,344000
04198P,滬深2X群益95售04,0,0,0,0,0,0,0,0,0,344000,0,0,0,559000,215000,344000,344000
052760,盟立群益96購01  ,0,0,0,0,0,0,0,0,0,342000,0,0,0,372000,30000,342000,342000
049724,南電第一94購01  ,0,0,0,0,0,0,0,0,0,342000,0,0,0,427000,85000,342000,342000
05677P,玉晶光群益98售03,0,0,0,0,0,0,0,0,0,340000,0,0,0,430000,90000,340000,340000
055469,台光電凱基97購01,0,0,0,0,0,0,0,0,0,340000,0,0,0,340000,0,340000,340000
052878,台虹凱基96購01  ,0,0,0,0,0,0,0,0,0,339000,0,0,0,339000,0,339000,339000
05444P,大立光元大95售10,0,0,0,0,0,0,0,0,0,338000,0,0,0,340000,2000,338000,338000
051888,國巨元富95購05  ,0,0,0,0,0,0,0,0,0,337000,0,0,0,1158000,821000,337000,337000
048810,玉晶光第一94購01,0,0,0,0,0,0,0,0,0,334000,0,0,0,349000,15000,334000,334000
047969,台達電富邦97購01,0,0,0,0,0,0,0,0,0,334000,0,0,0,500000,166000,334000,334000
053522,臺股指群益99購01,0,0,0,0,0,0,0,0,0,334000,0,0,0,810000,476000,334000,334000
06194P,台積電元富97售05,0,0,0,0,0,0,0,0,0,332000,0,0,0,450000,118000,332000,332000
05041P,大立光凱基95售09,0,0,0,0,0,0,0,0,0,327000,0,0,0,407000,80000,327000,327000
051527,台郡凱基95購03  ,0,0,0,0,0,0,0,0,0,326000,0,0,0,360000,34000,326000,326000
00671R,富邦NASDAQ反1   ,0,4000,-4000,0,0,0,0,0,0,329000,0,0,0,1211000,882000,329000,325000
05356P,臺股指元富95售10,0,0,0,0,0,0,0,0,0,325000,0,0,0,325000,0,325000,325000
052663,奇鋐國票97購01  ,0,0,0,0,0,0,0,0,0,324000,0,0,0,324000,0,324000,324000
04755P,大立光元富94售07,0,0,0,0,0,0,0,0,0,322000,0,0,0,324000,2000,322000,322000
05096P,台積電日盛95售01,0,0,0,0,0,0,0,0,0,322000,0,0,0,344000,22000,322000,322000
057526,智邦元大98購10  ,0,0,0,0,0,0,0,0,0,321000,0,0,0,342000,21000,321000,321000
056844,欣興元富98購03  ,0,0,0,0,0,0,0,0,0,321000,0,0,0,445000,124000,321000,321000
044049,元金2X元大94購03,0,0,0,0,0,0,0,0,0,321000,0,0,0,321000,0,321000,321000
049848,聯發科群益94購06,0,0,0,0,0,0,0,0,0,321000,0,0,0,331000,10000,321000,321000
05176P,台積電凱基95售11,0,0,0,0,0,0,0,0,0,321000,0,0,0,341000,20000,321000,321000
047047,旺宏國票95購01  ,0,0,0,0,0,0,0,0,0,320000,0,0,0,320000,0,320000,320000
049557,南電元富94購02  ,0,0,0,0,0,0,0,0,0,320000,0,0,0,385000,65000,320000,320000
055045,台肥永豐97購01  ,0,0,0,0,0,0,0,0,0,320000,0,0,0,320000,0,320000,320000
04103P,臺股指國票93售10,0,0,0,0,0,0,0,0,0,319000,0,0,0,319000,0,319000,319000
052942,聯發科中信97購04,0,0,0,0,0,0,0,0,0,318000,0,0,0,1271000,953000,318000,318000
2492,華新科          ,1754000,1561000,193000,0,0,0,79000,104000,-25000,150000,175000,99000,76000,260000,186000,74000,318000
2449,京元電子        ,2126000,1883372,242628,0,0,0,3000,55000,-52000,127000,57000,91000,-34000,204000,43000,161000,317628
05863P,滬深2X元大96售09,0,0,0,0,0,0,0,0,0,317000,0,0,0,596000,279000,317000,317000
06208P,台郡凱基97售03  ,0,0,0,0,0,0,0,0,0,317000,0,0,0,420000,103000,317000,317000
057617,國巨凱基99購06  ,0,0,0,0,0,0,0,0,0,314000,0,0,0,327000,13000,314000,314000
1103,嘉泥            ,920000,596000,324000,0,0,0,0,0,0,-10000,0,10000,-10000,0,0,0,314000
00686R,群益臺灣加權反1 ,0,0,0,0,0,0,0,0,0,313000,0,0,0,353000,40000,313000,313000
044242,宏達電統一93購01,0,0,0,0,0,0,0,0,0,313000,0,0,0,313000,0,313000,313000
055340,華新科日盛97購01,0,0,0,0,0,0,0,0,0,313000,0,0,0,1294000,981000,313000,313000
04644P,全新凱基94售01  ,0,0,0,0,0,0,0,0,0,312000,0,0,0,322000,10000,312000,312000
08703P,華碩凱基01售02  ,0,0,0,0,0,0,0,0,0,312000,0,0,0,312000,0,312000,312000
054889,京鼎統一99購01  ,0,0,0,0,0,0,0,0,0,311000,0,0,0,311000,0,311000,311000
04731P,臺股指中信96售03,0,0,0,0,0,0,0,0,0,310000,0,0,0,365000,55000,310000,310000
04785P,鴻海永豐94售03  ,0,0,0,0,0,0,0,0,0,310000,0,0,0,340000,30000,310000,310000
050248,臻鼎凱基94購03  ,0,0,0,0,0,0,0,0,0,309000,0,0,0,320000,11000,309000,309000
06498P,臺股指元大9A售03,0,0,0,0,0,0,0,0,0,309000,0,0,0,420000,111000,309000,309000
05598P,國巨元富96售03  ,0,0,0,0,0,0,0,0,0,308000,0,0,0,408000,100000,308000,308000
054941,凱美元大97購01  ,0,0,0,0,0,0,0,0,0,307000,0,0,0,307000,0,307000,307000
047861,臺股指國票93購16,0,0,0,0,0,0,0,0,0,306000,0,0,0,316000,10000,306000,306000
053409,和碩兆豐96購02  ,0,0,0,0,0,0,0,0,0,306000,0,0,0,306000,0,306000,306000
06375P,矽力元大97售06  ,0,0,0,0,0,0,0,0,0,306000,0,0,0,491000,185000,306000,306000
06618P,智邦元大98售04  ,0,0,0,0,0,0,0,0,0,306000,0,0,0,453000,147000,306000,306000
055805,矽力永豐97購01  ,0,0,0,0,0,0,0,0,0,305000,0,0,0,330000,25000,305000,305000
054477,聯發科中信9C購02,0,0,0,0,0,0,0,0,0,303000,0,0,0,487000,184000,303000,303000
048641,美律元大94購01  ,0,0,0,0,0,0,0,0,0,302000,0,0,0,302000,0,302000,302000
050725,光磊國票96購01  ,0,0,0,0,0,0,0,0,0,302000,0,0,0,302000,0,302000,302000
048105,滬深2X群益99購02,0,0,0,0,0,0,0,0,0,301000,0,0,0,302000,1000,301000,301000
05490P,鴻海元大95售23  ,0,0,0,0,0,0,0,0,0,301000,0,0,0,310000,9000,301000,301000
05483P,國巨凱基95售07  ,0,0,0,0,0,0,0,0,0,301000,0,0,0,301000,0,301000,301000
053229,南電台新97購01  ,0,0,0,0,0,0,0,0,0,301000,0,0,0,383000,82000,301000,301000
04362P,聯詠統一94售01  ,0,0,0,0,0,0,0,0,0,300000,0,0,0,300000,0,300000,300000
04604P,華新科國票95售01,0,0,0,0,0,0,0,0,0,300000,0,0,0,300000,0,300000,300000
04566P,GIS凱基94售04   ,0,0,0,0,0,0,0,0,0,300000,0,0,0,300000,0,300000,300000
051916,和碩元大95購02  ,0,0,0,0,0,0,0,0,0,300000,0,0,0,410000,110000,300000,300000
05244P,台積電元大95售17,0,0,0,0,0,0,0,0,0,300000,0,0,0,1930000,1630000,300000,300000
051249,潤泰全元大95購01,0,0,0,0,0,0,0,0,0,300000,0,0,0,633000,333000,300000,300000
05305P,華新科國泰97售01,0,0,0,0,0,0,0,0,0,300000,0,0,0,300000,0,300000,300000
050128,旺宏凱基94購04  ,0,0,0,0,0,0,0,0,0,299000,0,0,0,577000,278000,299000,299000
055871,群創台新97購02  ,0,0,0,0,0,0,0,0,0,298000,0,0,0,298000,0,298000,298000
05569P,漢唐統一97售01  ,0,0,0,0,0,0,0,0,0,298000,0,0,0,298000,0,298000,298000
048386,華新國票94購01  ,0,0,0,0,0,0,0,0,0,297000,0,0,0,300000,3000,297000,297000
4119,旭富            ,316000,64000,252000,0,0,0,45000,0,45000,0,20000,0,20000,9000,29000,-20000,297000
05712P,友達統一97售03  ,0,0,0,0,0,0,0,0,0,296000,0,0,0,383000,87000,296000,296000
04795P,聯發科元大94售09,0,0,0,0,0,0,0,0,0,296000,0,0,0,298000,2000,296000,296000
044645,元金2X群益93購01,0,0,0,0,0,0,0,0,0,296000,0,0,0,303000,7000,296000,296000
056919,英業達兆豐98購01,0,0,0,0,0,0,0,0,0,295000,0,0,0,485000,190000,295000,295000
4934,太極            ,716000,421729,294271,0,0,0,0,0,0,0,0,0,0,0,0,0,294271
055075,南電永豐97購01  ,0,0,0,0,0,0,0,0,0,294000,0,0,0,573000,279000,294000,294000
054497,國巨永豐96購05  ,0,0,0,0,0,0,0,0,0,292000,0,0,0,403000,111000,292000,292000
053638,信邦永豐96購01  ,0,0,0,0,0,0,0,0,0,292000,0,0,0,367000,75000,292000,292000
057471,昇陽半永豐98購02,0,0,0,0,0,0,0,0,0,290000,0,0,0,306000,16000,290000,290000
055997,矽創國泰99購01  ,0,0,0,0,0,0,0,0,0,290000,0,0,0,375000,85000,290000,290000
04923P,GIS凱基94售06   ,0,0,0,0,0,0,0,0,0,290000,0,0,0,290000,0,290000,290000
05472P,國巨統一96售02  ,0,0,0,0,0,0,0,0,0,290000,0,0,0,400000,110000,290000,290000
054332,世芯永豐97購01  ,0,0,0,0,0,0,0,0,0,289000,0,0,0,289000,0,289000,289000
051971,元金2X凱基97購02,0,0,0,0,0,0,0,0,0,287000,0,0,0,554000,267000,287000,287000
055029,帆宣國泰99購01  ,0,0,0,0,0,0,0,0,0,287000,0,0,0,422000,135000,287000,287000
055677,喬山凱基97購01  ,0,0,0,0,0,0,0,0,0,284000,0,0,0,319000,35000,284000,284000
047875,南電永豐93購02  ,0,0,0,0,0,0,0,0,0,284000,0,0,0,390000,106000,284000,284000
04049P,大立光元大95售02,0,0,0,0,0,0,0,0,0,283000,0,0,0,448000,165000,283000,283000
05245P,台積電元大95售18,0,0,0,0,0,0,0,0,0,282000,0,0,0,1486000,1204000,282000,282000
045996,南電富邦94購01  ,0,0,0,0,0,0,0,0,0,281000,0,0,0,311000,30000,281000,281000
052817,楠梓電永豐96購02,0,0,0,0,0,0,0,0,0,281000,0,0,0,856000,575000,281000,281000
053968,華邦電元大97購01,0,0,0,0,0,0,0,0,0,281000,0,0,0,321000,40000,281000,281000
2456,奇力新          ,1027000,639000,388000,0,0,0,0,99000,-99000,-8000,26000,19000,7000,45000,60000,-15000,281000
05027P,南電群益95售01  ,0,0,0,0,0,0,0,0,0,280000,0,0,0,311000,31000,280000,280000
054798,超眾群益97購01  ,0,0,0,0,0,0,0,0,0,280000,0,0,0,380000,100000,280000,280000
8996,高力            ,587000,456000,131000,0,0,0,92000,0,92000,57000,133000,76000,57000,0,0,0,280000
056906,玉晶光元大9B購01,0,0,0,0,0,0,0,0,0,279000,0,0,0,335000,56000,279000,279000
046180,裕隆凱基93購01  ,0,0,0,0,0,0,0,0,0,279000,0,0,0,292000,13000,279000,279000
048860,玉晶光群益96購03,0,0,0,0,0,0,0,0,0,279000,0,0,0,461000,182000,279000,279000
04767P,台積電國泰95售04,0,0,0,0,0,0,0,0,0,278000,0,0,0,287000,9000,278000,278000
040760,T50反1凱基95購01,0,0,0,0,0,0,0,0,0,278000,0,0,0,278000,0,278000,278000
2498,宏達電          ,1086000,542000,544000,0,0,0,2000,0,2000,-268000,12000,29000,-17000,41000,292000,-251000,278000
054495,滬深2X永豐97購02,0,0,0,0,0,0,0,0,0,277000,0,0,0,493000,216000,277000,277000
6670,復盛應用        ,548000,289000,259000,0,0,0,24000,0,24000,-6000,0,2000,-2000,0,4000,-4000,277000
057074,立積永豐98購01  ,0,0,0,0,0,0,0,0,0,276000,0,0,0,435000,159000,276000,276000
03647C,T50反1元富99牛02,0,0,0,0,0,0,0,0,0,276000,0,0,0,3418000,3142000,276000,276000
054907,帆宣康和97購01  ,0,0,0,0,0,0,0,0,0,276000,0,0,0,297000,21000,276000,276000
057091,華新科元富9A購01,0,0,0,0,0,0,0,0,0,275000,0,0,0,439000,164000,275000,275000
055399,超眾統一99購01  ,0,0,0,0,0,0,0,0,0,275000,0,0,0,320000,45000,275000,275000
054927,帆宣凱基97購01  ,0,0,0,0,0,0,0,0,0,273000,0,0,0,336000,63000,273000,273000
055648,可成元富97購01  ,0,0,0,0,0,0,0,0,0,272000,0,0,0,437000,165000,272000,272000
057292,國巨國泰9B購01  ,0,0,0,0,0,0,0,0,0,270000,0,0,0,693000,423000,270000,270000
05332P,臺股指國票95售01,0,0,0,0,0,0,0,0,0,270000,0,0,0,320000,50000,270000,270000
044408,聯茂凱基93購02  ,0,0,0,0,0,0,0,0,0,269000,0,0,0,560000,291000,269000,269000
08602P,台灣50凱基96售04,0,0,0,0,0,0,0,0,0,269000,0,0,0,269000,0,269000,269000
03427P,聯電元大02售11  ,0,0,0,0,0,0,0,0,0,268000,0,0,0,918000,650000,268000,268000
06316P,臺股指元富97售03,0,0,0,0,0,0,0,0,0,268000,0,0,0,268000,0,268000,268000
057082,玉晶光統一9A購04,0,0,0,0,0,0,0,0,0,266000,0,0,0,324000,58000,266000,266000
053086,宏達電元大97購01,0,0,0,0,0,0,0,0,0,266000,0,0,0,340000,74000,266000,266000
048962,宏全康和94購01  ,0,0,0,0,0,0,0,0,0,265000,0,0,0,265000,0,265000,265000
04490P,聯發科台新94售02,0,0,0,0,0,0,0,0,0,263000,0,0,0,299000,36000,263000,263000
03960P,新日興元富96售02,0,0,0,0,0,0,0,0,0,260000,0,0,0,260000,0,260000,260000
044190,聯詠富邦93購01  ,0,0,0,0,0,0,0,0,0,260000,0,0,0,260000,0,260000,260000
06624P,訊芯元大98售06  ,0,0,0,0,0,0,0,0,0,260000,0,0,0,280000,20000,260000,260000
056556,南電凱基98購01  ,0,0,0,0,0,0,0,0,0,259000,0,0,0,302000,43000,259000,259000
055817,京鼎國票99購01  ,0,0,0,0,0,0,0,0,0,258000,0,0,0,278000,20000,258000,258000
036805,國巨元富93購02  ,0,0,0,0,0,0,0,0,0,258000,0,0,0,258000,0,258000,258000
054948,聯發科元大97購14,0,0,0,0,0,0,0,0,0,258000,0,0,0,400000,142000,258000,258000
054810,中橡元大9A購01  ,0,0,0,0,0,0,0,0,0,256000,0,0,0,287000,31000,256000,256000
056784,南亞科群益98購01,0,0,0,0,0,0,0,0,0,255000,0,0,0,336000,81000,255000,255000
043916,群創凱基93購01  ,0,0,0,0,0,0,0,0,0,255000,0,0,0,275000,20000,255000,255000
048465,南電台新93購01  ,0,0,0,0,0,0,0,0,0,255000,0,0,0,293000,38000,255000,255000
047926,可成凱基94購02  ,0,0,0,0,0,0,0,0,0,255000,0,0,0,287000,32000,255000,255000
06536P,臺股指群益98售04,0,0,0,0,0,0,0,0,0,255000,0,0,0,255000,0,255000,255000
03414B,臺股指凱基99熊01,0,0,0,0,0,0,0,0,0,254000,0,0,0,291000,37000,254000,254000
055172,凱美統一97購02  ,0,0,0,0,0,0,0,0,0,254000,0,0,0,282000,28000,254000,254000
4766,南寶            ,316000,62000,254000,0,0,0,0,0,0,0,0,0,0,0,0,0,254000
056767,大毅元大99購01  ,0,0,0,0,0,0,0,0,0,253000,0,0,0,814000,561000,253000,253000
056976,喬山群益98購01  ,0,0,0,0,0,0,0,0,0,253000,0,0,0,330000,77000,253000,253000
06120P,大立光凱基98售05,0,0,0,0,0,0,0,0,0,253000,0,0,0,267000,14000,253000,253000
048261,鴻海元富95購01  ,0,0,0,0,0,0,0,0,0,252000,0,0,0,367000,115000,252000,252000
053841,美律統一96購01  ,0,0,0,0,0,0,0,0,0,251000,0,0,0,251000,0,251000,251000
4943,康控-KY         ,384000,111000,273000,0,0,0,0,0,0,-22000,0,9000,-9000,12000,25000,-13000,251000
05821P,臺股指凱基96售18,0,0,0,0,0,0,0,0,0,250000,0,0,0,431000,181000,250000,250000
047317,聯詠元大93購06  ,0,0,0,0,0,0,0,0,0,250000,0,0,0,250000,0,250000,250000
052351,中環元富95購01  ,0,0,0,0,0,0,0,0,0,250000,0,0,0,250000,0,250000,250000
043972,大立光富邦93購02,0,0,0,0,0,0,0,0,0,250000,0,0,0,250000,0,250000,250000
053029,國巨第一96購01  ,0,0,0,0,0,0,0,0,0,250000,0,0,0,639000,389000,250000,250000
05451P,臺股指元大95售28,0,0,0,0,0,0,0,0,0,250000,0,0,0,250000,0,250000,250000
6153,嘉聯益          ,739000,332000,407000,0,0,0,0,0,0,-157770,0,11000,-11000,1000,147770,-146770,249230
06576P,台光電群益98售03,0,0,0,0,0,0,0,0,0,248000,0,0,0,268000,20000,248000,248000
052608,欣興元大97購01  ,0,0,0,0,0,0,0,0,0,247000,0,0,0,256000,9000,247000,247000
053181,滬深2X元富99購02,0,0,0,0,0,0,0,0,0,247000,0,0,0,488000,241000,247000,247000
055902,同欣電中信99購01,0,0,0,0,0,0,0,0,0,246000,0,0,0,282000,36000,246000,246000
052337,臺股指日盛95購02,0,0,0,0,0,0,0,0,0,246000,0,0,0,308000,62000,246000,246000
05255P,義隆凱基95售01  ,0,0,0,0,0,0,0,0,0,245000,0,0,0,245000,0,245000,245000
049191,元油2X永豐95購01,0,0,0,0,0,0,0,0,0,245000,0,0,0,455000,210000,245000,245000
053054,禾伸堂國票97購01,0,0,0,0,0,0,0,0,0,245000,0,0,0,291000,46000,245000,245000
05366P,鴻海元富95售12  ,0,0,0,0,0,0,0,0,0,245000,0,0,0,290000,45000,245000,245000
053464,喬山元大96購01  ,0,0,0,0,0,0,0,0,0,244000,0,0,0,457000,213000,244000,244000
06454P,緯穎元大98售04  ,0,0,0,0,0,0,0,0,0,244000,0,0,0,244000,0,244000,244000
051445,可成元大95購06  ,0,0,0,0,0,0,0,0,0,243000,0,0,0,332000,89000,243000,243000
051027,楠梓電元富95購01,0,0,0,0,0,0,0,0,0,243000,0,0,0,834000,591000,243000,243000
053855,康友國泰98購01  ,0,0,0,0,0,0,0,0,0,243000,0,0,0,270000,27000,243000,243000
044457,滬深2X國票97購01,0,0,0,0,0,0,0,0,0,242000,0,0,0,672000,430000,242000,242000
08795P,聯發科凱基01售11,0,0,0,0,0,0,0,0,0,242000,0,0,0,260000,18000,242000,242000
1227,佳格            ,1391000,1146000,245000,0,0,0,1000,0,1000,-4000,0,4000,-4000,0,0,0,242000
049022,聯詠群益94購01  ,0,0,0,0,0,0,0,0,0,241000,0,0,0,241000,0,241000,241000
04907P,超眾國票95售01  ,0,0,0,0,0,0,0,0,0,241000,0,0,0,251000,10000,241000,241000
047141,宏達電兆豐94購01,0,0,0,0,0,0,0,0,0,240000,0,0,0,240000,0,240000,240000
050710,元黃金中信96購01,0,0,0,0,0,0,0,0,0,240000,0,0,0,241000,1000,240000,240000
051177,可成凱基95購05  ,0,0,0,0,0,0,0,0,0,240000,0,0,0,240000,0,240000,240000
05383P,鴻海富邦95售06  ,0,0,0,0,0,0,0,0,0,240000,0,0,0,1238000,998000,240000,240000
053271,喬山元大97購01  ,0,0,0,0,0,0,0,0,0,240000,0,0,0,400000,160000,240000,240000
05835P,臺股指元富96售07,0,0,0,0,0,0,0,0,0,239000,0,0,0,239000,0,239000,239000
051166,可成元大95購02  ,0,0,0,0,0,0,0,0,0,238000,0,0,0,360000,122000,238000,238000
049210,昇陽半群益94購02,0,0,0,0,0,0,0,0,0,238000,0,0,0,251000,13000,238000,238000
06431P,新日興元大97售05,0,0,0,0,0,0,0,0,0,237000,0,0,0,237000,0,237000,237000
055938,矽力群益97購01  ,0,0,0,0,0,0,0,0,0,236000,0,0,0,393000,157000,236000,236000
054688,兆赫永豐97購01  ,0,0,0,0,0,0,0,0,0,236000,0,0,0,236000,0,236000,236000
04850P,全新永豐94售03  ,0,0,0,0,0,0,0,0,0,235000,0,0,0,267000,32000,235000,235000
054999,玉晶光元富97購03,0,0,0,0,0,0,0,0,0,235000,0,0,0,665000,430000,235000,235000
2809,京城銀          ,441000,641000,-200000,0,0,0,155000,0,155000,280000,290000,10000,280000,0,0,0,235000
056996,矽力日盛99購01  ,0,0,0,0,0,0,0,0,0,234000,0,0,0,292000,58000,234000,234000
05724P,致茂永豐96售01  ,0,0,0,0,0,0,0,0,0,231000,0,0,0,312000,81000,231000,231000
04228P,貿聯永豐93售03  ,0,0,0,0,0,0,0,0,0,230000,0,0,0,230000,0,230000,230000
05178P,大立光凱基96售05,0,0,0,0,0,0,0,0,0,230000,0,0,0,230000,0,230000,230000
055257,景碩統一97購01  ,0,0,0,0,0,0,0,0,0,230000,0,0,0,330000,100000,230000,230000
06405P,億光元富97售02  ,0,0,0,0,0,0,0,0,0,230000,0,0,0,260000,30000,230000,230000
05633P,台表科群益96售04,0,0,0,0,0,0,0,0,0,229000,0,0,0,239000,10000,229000,229000
054683,川湖永豐97購01  ,0,0,0,0,0,0,0,0,0,229000,0,0,0,229000,0,229000,229000
04603P,訊芯凱基94售03  ,0,0,0,0,0,0,0,0,0,228000,0,0,0,228000,0,228000,228000
055852,聯鈞元大98購01  ,0,0,0,0,0,0,0,0,0,227000,0,0,0,365000,138000,227000,227000
04543P,鴻海富邦95售03  ,0,0,0,0,0,0,0,0,0,227000,0,0,0,227000,0,227000,227000
05496P,聯詠統一95售04  ,0,0,0,0,0,0,0,0,0,227000,0,0,0,266000,39000,227000,227000
054390,智邦元富96購03  ,0,0,0,0,0,0,0,0,0,227000,0,0,0,311000,84000,227000,227000
8926,台汽電          ,298000,125000,173000,0,0,0,3000,0,3000,51000,52000,1000,51000,0,0,0,227000
04890P,台積電元大95售05,0,0,0,0,0,0,0,0,0,226000,0,0,0,226000,0,226000,226000
04938P,亞德客國票95售01,0,0,0,0,0,0,0,0,0,226000,0,0,0,226000,0,226000,226000
053717,聯發科凱基96購17,0,0,0,0,0,0,0,0,0,226000,0,0,0,236000,10000,226000,226000
049968,麗豐國票95購01  ,0,0,0,0,0,0,0,0,0,224000,0,0,0,224000,0,224000,224000
051889,智邦元富95購02  ,0,0,0,0,0,0,0,0,0,224000,0,0,0,261000,37000,224000,224000
06041P,全新永豐96售03  ,0,0,0,0,0,0,0,0,0,224000,0,0,0,244000,20000,224000,224000
055796,南電國泰98購01  ,0,0,0,0,0,0,0,0,0,223000,0,0,0,318000,95000,223000,223000
052595,奇力新群益96購01,0,0,0,0,0,0,0,0,0,223000,0,0,0,286000,63000,223000,223000
052851,滬深2X元富96購02,0,0,0,0,0,0,0,0,0,223000,0,0,0,354000,131000,223000,223000
052943,奇力新國票96購02,0,0,0,0,0,0,0,0,0,223000,0,0,0,238000,15000,223000,223000
053640,上緯控永豐96購01,0,0,0,0,0,0,0,0,0,222000,0,0,0,222000,0,222000,222000
06376P,上銀統一99售01  ,0,0,0,0,0,0,0,0,0,221000,0,0,0,282000,61000,221000,221000
055784,TPK凱基97購02   ,0,0,0,0,0,0,0,0,0,220000,0,0,0,220000,0,220000,220000
056874,友達凱基98購08  ,0,0,0,0,0,0,0,0,0,220000,0,0,0,340000,120000,220000,220000
05814P,臺股指國票96售07,0,0,0,0,0,0,0,0,0,220000,0,0,0,230000,10000,220000,220000
05839P,臺股指富邦96售06,0,0,0,0,0,0,0,0,0,220000,0,0,0,236000,16000,220000,220000
057517,矽創元富98購02  ,0,0,0,0,0,0,0,0,0,220000,0,0,0,220000,0,220000,220000
048894,光罩國泰94購01  ,0,0,0,0,0,0,0,0,0,220000,0,0,0,260000,40000,220000,220000
03219P,台積電康和02售01,0,0,0,0,0,0,0,0,0,220000,0,0,0,220000,0,220000,220000
054644,A50正2群益9B購01,0,0,0,0,0,0,0,0,0,220000,0,0,0,255000,35000,220000,220000
05543P,鴻海元富96售04  ,0,0,0,0,0,0,0,0,0,220000,0,0,0,221000,1000,220000,220000
051872,矽力凱基96購01  ,0,0,0,0,0,0,0,0,0,219000,0,0,0,224000,5000,219000,219000
051456,鈺齊元大95購01  ,0,0,0,0,0,0,0,0,0,219000,0,0,0,299000,80000,219000,219000
050494,可成永昌96購01  ,0,0,0,0,0,0,0,0,0,219000,0,0,0,365000,146000,219000,219000
056180,南茂元富97購01  ,0,0,0,0,0,0,0,0,0,218000,0,0,0,227000,9000,218000,218000
05430P,台積電統一95售07,0,0,0,0,0,0,0,0,0,218000,0,0,0,218000,0,218000,218000
06503P,臺股指中信9A售02,0,0,0,0,0,0,0,0,0,218000,0,0,0,339000,121000,218000,218000
06094P,台達電中信97售01,0,0,0,0,0,0,0,0,0,218000,0,0,0,228000,10000,218000,218000
03567P,可成凱基02售06  ,0,0,0,0,0,0,0,0,0,217000,0,0,0,239000,22000,217000,217000
053857,宏達電富邦97購02,0,0,0,0,0,0,0,0,0,217000,0,0,0,229000,12000,217000,217000
055722,聯鈞元大97購03  ,0,0,0,0,0,0,0,0,0,216000,0,0,0,447000,231000,216000,216000
057482,微星元大98購03  ,0,0,0,0,0,0,0,0,0,216000,0,0,0,216000,0,216000,216000
00712,FH富時不動產    ,0,167000,-167000,0,0,0,0,0,0,383000,0,0,0,456000,73000,383000,216000
06300P,緯穎元大97售04  ,0,0,0,0,0,0,0,0,0,216000,0,0,0,216000,0,216000,216000
05824P,臺股指凱基96售21,0,0,0,0,0,0,0,0,0,214000,0,0,0,229000,15000,214000,214000
054385,矽創群益98購01  ,0,0,0,0,0,0,0,0,0,214000,0,0,0,340000,126000,214000,214000
055826,中石化元大97購01,0,0,0,0,0,0,0,0,0,213000,0,0,0,213000,0,213000,213000
056070,新日興元大97購04,0,0,0,0,0,0,0,0,0,213000,0,0,0,231000,18000,213000,213000
050882,華泰國泰96購01  ,0,0,0,0,0,0,0,0,0,213000,0,0,0,213000,0,213000,213000
055391,光罩統一97購02  ,0,0,0,0,0,0,0,0,0,213000,0,0,0,222000,9000,213000,213000
05154P,台積電兆豐95售05,0,0,0,0,0,0,0,0,0,212000,0,0,0,212000,0,212000,212000
054219,楠梓電統一97購01,0,0,0,0,0,0,0,0,0,211000,0,0,0,211000,0,211000,211000
042857,臺指反國票93購01,0,0,0,0,0,0,0,0,0,210000,0,0,0,210000,0,210000,210000
048270,T50反1富邦99購01,0,0,0,0,0,0,0,0,0,210000,0,0,0,210000,0,210000,210000
047991,元油反元大96購05,0,0,0,0,0,0,0,0,0,210000,0,0,0,220000,10000,210000,210000
049778,宏達電統一94購02,0,0,0,0,0,0,0,0,0,210000,0,0,0,210000,0,210000,210000
057353,玉晶光統一99購01,0,0,0,0,0,0,0,0,0,209000,0,0,0,264000,55000,209000,209000
05086P,鴻海凱基95售13  ,0,0,0,0,0,0,0,0,0,209000,0,0,0,210000,1000,209000,209000
057703,矽力群益98購01  ,0,0,0,0,0,0,0,0,0,208000,0,0,0,219000,11000,208000,208000
06163P,聯詠群益97售01  ,0,0,0,0,0,0,0,0,0,208000,0,0,0,216000,8000,208000,208000
055906,大立光兆豐97購03,0,0,0,0,0,0,0,0,0,206000,0,0,0,231000,25000,206000,206000
05078P,義隆永豐95售01  ,0,0,0,0,0,0,0,0,0,206000,0,0,0,313000,107000,206000,206000
054970,帆宣元大97購01  ,0,0,0,0,0,0,0,0,0,206000,0,0,0,270000,64000,206000,206000
05834P,臺股指元富96售06,0,0,0,0,0,0,0,0,0,205000,0,0,0,205000,0,205000,205000
047922,聯發科凱基94購01,0,0,0,0,0,0,0,0,0,205000,0,0,0,205000,0,205000,205000
03657C,T50反1元大99牛01,0,0,0,0,0,0,0,0,0,205000,0,0,0,365000,160000,205000,205000
06270P,致伸凱基97售03  ,0,0,0,0,0,0,0,0,0,205000,0,0,0,320000,115000,205000,205000
2812,台中銀          ,710000,584000,126000,0,0,0,60000,0,60000,19000,19000,0,19000,0,0,0,205000
05822P,臺股指凱基96售19,0,0,0,0,0,0,0,0,0,204000,0,0,0,204000,0,204000,204000
050218,世紀鋼統一94購02,0,0,0,0,0,0,0,0,0,204000,0,0,0,205000,1000,204000,204000
054962,玉晶光元大99購02,0,0,0,0,0,0,0,0,0,204000,0,0,0,243000,39000,204000,204000
05510P,燿華元富96售01  ,0,0,0,0,0,0,0,0,0,203000,0,0,0,237000,34000,203000,203000
044965,大立光中信95購01,0,0,0,0,0,0,0,0,0,201000,0,0,0,251000,50000,201000,201000
08897P,國巨群益01售10  ,0,0,0,0,0,0,0,0,0,201000,0,0,0,201000,0,201000,201000
05843P,台積電元大96售16,0,0,0,0,0,0,0,0,0,200000,0,0,0,552000,352000,200000,200000
047578,新光金群益93購01,0,0,0,0,0,0,0,0,0,200000,0,0,0,200000,0,200000,200000
04862P,台積電元大94售26,0,0,0,0,0,0,0,0,0,200000,0,0,0,200000,0,200000,200000
044496,群創元大93購02  ,0,0,0,0,0,0,0,0,0,200000,0,0,0,200000,0,200000,200000
044592,元油2X國票93購02,0,0,0,0,0,0,0,0,0,200000,0,0,0,200000,0,200000,200000
047416,台泥富邦94購01  ,0,0,0,0,0,0,0,0,0,200000,0,0,0,320000,120000,200000,200000
03109P,台積電元大01售41,0,0,0,0,0,0,0,0,0,200000,0,0,0,200000,0,200000,200000
047642,宏達電元大93購08,0,0,0,0,0,0,0,0,0,200000,0,0,0,200000,0,200000,200000
046648,和鑫國泰94購01  ,0,0,0,0,0,0,0,0,0,200000,0,0,0,200000,0,200000,200000
050468,矽格中信94購01  ,0,0,0,0,0,0,0,0,0,200000,0,0,0,200000,0,200000,200000
050565,矽格元富94購01  ,0,0,0,0,0,0,0,0,0,200000,0,0,0,200000,0,200000,200000
050683,智原元富94購02  ,0,0,0,0,0,0,0,0,0,200000,0,0,0,200000,0,200000,200000
051654,致新永豐95購01  ,0,0,0,0,0,0,0,0,0,200000,0,0,0,200000,0,200000,200000
052347,GIS凱基95購05   ,0,0,0,0,0,0,0,0,0,200000,0,0,0,200000,0,200000,200000
052420,道瓊反國票9B購01,0,0,0,0,0,0,0,0,0,200000,0,0,0,300000,100000,200000,200000
054901,群光康和97購01  ,0,0,0,0,0,0,0,0,0,200000,0,0,0,200000,0,200000,200000
053402,A50正2群益9A購02,0,0,0,0,0,0,0,0,0,200000,0,0,0,200000,0,200000,200000
06698P,玉晶光國票99售05,0,0,0,0,0,0,0,0,0,200000,0,0,0,200000,0,200000,200000
053357,可成統一96購02  ,0,0,0,0,0,0,0,0,0,199000,0,0,0,753000,554000,199000,199000
055518,華新科中信99購01,0,0,0,0,0,0,0,0,0,199000,0,0,0,515000,316000,199000,199000
056098,矽創元富97購02  ,0,0,0,0,0,0,0,0,0,198000,0,0,0,244000,46000,198000,198000
049149,華新科元大95購03,0,0,0,0,0,0,0,0,0,198000,0,0,0,666000,468000,198000,198000
052070,GIS兆豐95購03   ,0,0,0,0,0,0,0,0,0,198000,0,0,0,198000,0,198000,198000
044105,聯詠中信95購01  ,0,0,0,0,0,0,0,0,0,198000,0,0,0,218000,20000,198000,198000
04950P,上証2X中信96售02,0,0,0,0,0,0,0,0,0,198000,0,0,0,278000,80000,198000,198000
049242,佳世達元富96購01,0,0,0,0,0,0,0,0,0,198000,0,0,0,208000,10000,198000,198000
051014,智邦凱基95購01  ,0,0,0,0,0,0,0,0,0,198000,0,0,0,302000,104000,198000,198000
1513,中興電          ,315000,82000,233000,0,0,0,0,0,0,-35000,3000,38000,-35000,0,0,0,198000
055668,欣興群益97購01  ,0,0,0,0,0,0,0,0,0,197000,0,0,0,242000,45000,197000,197000
053449,超眾凱基98購01  ,0,0,0,0,0,0,0,0,0,197000,0,0,0,273000,76000,197000,197000
056761,元油2X元大98購07,0,0,0,0,0,0,0,0,0,196000,0,0,0,368000,172000,196000,196000
046573,上緯控國泰94購01,0,0,0,0,0,0,0,0,0,196000,0,0,0,196000,0,196000,196000
049024,玉晶光群益97購01,0,0,0,0,0,0,0,0,0,196000,0,0,0,343000,147000,196000,196000
051072,強茂國票95購02  ,0,0,0,0,0,0,0,0,0,196000,0,0,0,226000,30000,196000,196000
049425,喬山兆豐95購01  ,0,0,0,0,0,0,0,0,0,196000,0,0,0,256000,60000,196000,196000
051891,智邦元富95購04  ,0,0,0,0,0,0,0,0,0,196000,0,0,0,216000,20000,196000,196000
054546,玉晶光中信9B購01,0,0,0,0,0,0,0,0,0,196000,0,0,0,251000,55000,196000,196000
056102,億光永豐97購02  ,0,0,0,0,0,0,0,0,0,195000,0,0,0,200000,5000,195000,195000
03418P,大毅群益02售03  ,0,0,0,0,0,0,0,0,0,195000,0,0,0,195000,0,195000,195000
051866,聯發科凱基96購05,0,0,0,0,0,0,0,0,0,195000,0,0,0,230000,35000,195000,195000
051470,玉晶光日盛95購01,0,0,0,0,0,0,0,0,0,195000,0,0,0,274000,79000,195000,195000
05577P,上銀凱基96售02  ,0,0,0,0,0,0,0,0,0,194000,0,0,0,194000,0,194000,194000
05994P,奇鋐元大96售02  ,0,0,0,0,0,0,0,0,0,194000,0,0,0,227000,33000,194000,194000
051139,康友永豐95購01  ,0,0,0,0,0,0,0,0,0,194000,0,0,0,199000,5000,194000,194000
05261P,鴻海元大95售20  ,0,0,0,0,0,0,0,0,0,194000,0,0,0,531000,337000,194000,194000
2845,遠東銀          ,423000,276000,147000,0,0,0,47000,0,47000,0,0,0,0,0,0,0,194000
054694,聯鈞永豐97購01  ,0,0,0,0,0,0,0,0,0,193000,0,0,0,193000,0,193000,193000
054046,義隆元大96購02  ,0,0,0,0,0,0,0,0,0,193000,0,0,0,435000,242000,193000,193000
1905,華紙            ,387000,182000,205000,0,0,0,0,0,0,-12000,0,12000,-12000,0,0,0,193000
6155,鈞寶            ,306000,112000,194000,0,0,0,0,0,0,-1000,0,1000,-1000,0,0,0,193000
03831P,臺股指中信95售02,0,0,0,0,0,0,0,0,0,192000,0,0,0,192000,0,192000,192000
05719P,可成元大96售03  ,0,0,0,0,0,0,0,0,0,191000,0,0,0,608000,417000,191000,191000
04674P,全新統一95售01  ,0,0,0,0,0,0,0,0,0,191000,0,0,0,191000,0,191000,191000
052755,滬深2X群益9A購01,0,0,0,0,0,0,0,0,0,191000,0,0,0,191000,0,191000,191000
055492,華新科元大97購08,0,0,0,0,0,0,0,0,0,191000,0,0,0,516000,325000,191000,191000
06274P,臺股指凱基97售06,0,0,0,0,0,0,0,0,0,191000,0,0,0,191000,0,191000,191000
06275P,臺股指凱基97售07,0,0,0,0,0,0,0,0,0,191000,0,0,0,191000,0,191000,191000
056002,嘉晶永豐97購01  ,0,0,0,0,0,0,0,0,0,190000,0,0,0,212000,22000,190000,190000
051468,智邦日盛95購01  ,0,0,0,0,0,0,0,0,0,190000,0,0,0,200000,10000,190000,190000
055006,晶相光元富9A購01,0,0,0,0,0,0,0,0,0,190000,0,0,0,190000,0,190000,190000
06256P,臺股指群益97售09,0,0,0,0,0,0,0,0,0,190000,0,0,0,200000,10000,190000,190000
06823P,台灣50永豐98售02,0,0,0,0,0,0,0,0,0,190000,0,0,0,210000,20000,190000,190000
055907,台虹兆豐98購01  ,0,0,0,0,0,0,0,0,0,189000,0,0,0,189000,0,189000,189000
055491,奇力新元大98購03,0,0,0,0,0,0,0,0,0,189000,0,0,0,189000,0,189000,189000
054540,泰鼎國票99購01  ,0,0,0,0,0,0,0,0,0,189000,0,0,0,220000,31000,189000,189000
054432,台積電台新96購05,0,0,0,0,0,0,0,0,0,189000,0,0,0,225000,36000,189000,189000
049570,華新科統一94購04,0,0,0,0,0,0,0,0,0,188000,0,0,0,301000,113000,188000,188000
06279P,臺股指凱基97售11,0,0,0,0,0,0,0,0,0,188000,0,0,0,188000,0,188000,188000
042903,金寶元大94購01  ,0,0,0,0,0,0,0,0,0,187000,0,0,0,252000,65000,187000,187000
053641,正文永豐96購01  ,0,0,0,0,0,0,0,0,0,187000,0,0,0,187000,0,187000,187000
056993,GIS兆豐99購01   ,0,0,0,0,0,0,0,0,0,186000,0,0,0,191000,5000,186000,186000
055301,台虹元大97購01  ,0,0,0,0,0,0,0,0,0,186000,0,0,0,186000,0,186000,186000
049119,元油2X元富94購04,0,0,0,0,0,0,0,0,0,185000,0,0,0,210000,25000,185000,185000
049529,華新科中信95購01,0,0,0,0,0,0,0,0,0,185000,0,0,0,356000,171000,185000,185000
056201,華新科永豐98購01,0,0,0,0,0,0,0,0,0,184000,0,0,0,204000,20000,184000,184000
05171P,臺股指元大95售15,0,0,0,0,0,0,0,0,0,183000,0,0,0,185000,2000,183000,183000
052919,鈺齊富邦98購01  ,0,0,0,0,0,0,0,0,0,183000,0,0,0,203000,20000,183000,183000
055783,群創凱基99購03  ,0,0,0,0,0,0,0,0,0,182000,0,0,0,200000,18000,182000,182000
046960,台新金中信95購01,0,0,0,0,0,0,0,0,0,182000,0,0,0,252000,70000,182000,182000
04287P,A50正2中信96售01,0,0,0,0,0,0,0,0,0,182000,0,0,0,202000,20000,182000,182000
055214,聯電凱基97購02  ,0,0,0,0,0,0,0,0,0,182000,0,0,0,365000,183000,182000,182000
06277P,臺股指凱基97售09,0,0,0,0,0,0,0,0,0,182000,0,0,0,187000,5000,182000,182000
06414P,矽力凱基97售03  ,0,0,0,0,0,0,0,0,0,182000,0,0,0,278000,96000,182000,182000
056923,奇力新兆豐99購02,0,0,0,0,0,0,0,0,0,181000,0,0,0,237000,56000,181000,181000
050467,力成中信94購01  ,0,0,0,0,0,0,0,0,0,181000,0,0,0,301000,120000,181000,181000
050031,嘉澤元大95購01  ,0,0,0,0,0,0,0,0,0,181000,0,0,0,280000,99000,181000,181000
055195,昇陽半元富97購02,0,0,0,0,0,0,0,0,0,181000,0,0,0,181000,0,181000,181000
054971,帆宣元大97購02  ,0,0,0,0,0,0,0,0,0,181000,0,0,0,286000,105000,181000,181000
2383,台光電          ,1121800,757000,364800,0,0,0,27000,218000,-191000,7000,109000,90000,19000,38000,50000,-12000,180800
05891P,聯發科中信98售03,0,0,0,0,0,0,0,0,0,180000,0,0,0,222000,42000,180000,180000
05586P,臺股指凱基96售15,0,0,0,0,0,0,0,0,0,180000,0,0,0,180000,0,180000,180000
04682P,臺股指統一96售01,0,0,0,0,0,0,0,0,0,180000,0,0,0,400000,220000,180000,180000
051993,和碩元大95購03  ,0,0,0,0,0,0,0,0,0,180000,0,0,0,200000,20000,180000,180000
055207,致新中信99購01  ,0,0,0,0,0,0,0,0,0,180000,0,0,0,200000,20000,180000,180000
052970,美律群益96購01  ,0,0,0,0,0,0,0,0,0,180000,0,0,0,190000,10000,180000,180000
053406,國巨兆豐96購02  ,0,0,0,0,0,0,0,0,0,180000,0,0,0,180000,0,180000,180000
057022,智邦凱基98購04  ,0,0,0,0,0,0,0,0,0,179000,0,0,0,292000,113000,179000,179000
049125,禾伸堂元富94購01,0,0,0,0,0,0,0,0,0,179000,0,0,0,355000,176000,179000,179000
050390,聯發科統一94購09,0,0,0,0,0,0,0,0,0,179000,0,0,0,199000,20000,179000,179000
052516,臺股指凱基95購20,0,0,0,0,0,0,0,0,0,179000,0,0,0,179000,0,179000,179000
052922,國巨永豐96購01  ,0,0,0,0,0,0,0,0,0,179000,0,0,0,461000,282000,179000,179000
053009,大成鋼統一96購02,0,0,0,0,0,0,0,0,0,178000,0,0,0,178000,0,178000,178000
05411P,台積電國票96售08,0,0,0,0,0,0,0,0,0,178000,0,0,0,178000,0,178000,178000
4906,正文            ,479000,161000,318000,0,0,0,0,0,0,-140000,7000,1000,6000,0,146000,-146000,178000
057398,台郡中信99購01  ,0,0,0,0,0,0,0,0,0,177000,0,0,0,277000,100000,177000,177000
055842,建準元大98購01  ,0,0,0,0,0,0,0,0,0,177000,0,0,0,207000,30000,177000,177000
056247,台郡群益97購01  ,0,0,0,0,0,0,0,0,0,177000,0,0,0,239000,62000,177000,177000
054257,揚明光元大96購02,0,0,0,0,0,0,0,0,0,177000,0,0,0,187000,10000,177000,177000
05489P,臺股指凱基95售22,0,0,0,0,0,0,0,0,0,177000,0,0,0,200000,23000,177000,177000
054711,禾伸堂元富97購01,0,0,0,0,0,0,0,0,0,177000,0,0,0,645000,468000,177000,177000
6412,群電            ,417000,237000,180000,0,0,0,2000,0,2000,-5000,3000,7000,-4000,0,1000,-1000,177000
056942,昇陽半元富98購01,0,0,0,0,0,0,0,0,0,176000,0,0,0,206000,30000,176000,176000
05825P,臺股指凱基96售22,0,0,0,0,0,0,0,0,0,176000,0,0,0,191000,15000,176000,176000
047529,嘉晶元大94購02  ,0,0,0,0,0,0,0,0,0,176000,0,0,0,396000,220000,176000,176000
055258,玉晶光統一97購03,0,0,0,0,0,0,0,0,0,176000,0,0,0,308000,132000,176000,176000
3596,智易            ,444000,180049,263951,0,0,0,4000,47168,-43168,-45000,7000,3000,4000,4000,53000,-49000,175783
043973,元金2X元大94購02,0,0,0,0,0,0,0,0,0,175000,0,0,0,175000,0,175000,175000
049074,光罩凱基94購02  ,0,0,0,0,0,0,0,0,0,175000,0,0,0,175000,0,175000,175000
054623,華新科第一97購01,0,0,0,0,0,0,0,0,0,175000,0,0,0,219000,44000,175000,175000
05325P,臺股指凱基95售09,0,0,0,0,0,0,0,0,0,175000,0,0,0,220000,45000,175000,175000
2332,友訊            ,345000,982000,-637000,0,0,0,0,0,0,812000,596000,13000,583000,231000,2000,229000,175000
05874P,台積電群益96售10,0,0,0,0,0,0,0,0,0,174000,0,0,0,234000,60000,174000,174000
057569,光磊永豐98購03  ,0,0,0,0,0,0,0,0,0,174000,0,0,0,174000,0,174000,174000
057083,立積統一98購01  ,0,0,0,0,0,0,0,0,0,174000,0,0,0,202000,28000,174000,174000
056048,同欣電兆豐97購01,0,0,0,0,0,0,0,0,0,174000,0,0,0,174000,0,174000,174000
051003,中環中信97購01  ,0,0,0,0,0,0,0,0,0,174000,0,0,0,194000,20000,174000,174000
06104P,大立光凱基97售04,0,0,0,0,0,0,0,0,0,174000,0,0,0,177000,3000,174000,174000
056399,上証2X群益9C購01,0,0,0,0,0,0,0,0,0,173000,0,0,0,275000,102000,173000,173000
057386,聯發科永豐98購04,0,0,0,0,0,0,0,0,0,173000,0,0,0,241000,68000,173000,173000
052058,臺股指凱基95購16,0,0,0,0,0,0,0,0,0,173000,0,0,0,193000,20000,173000,173000
049976,台積電凱基94購28,0,0,0,0,0,0,0,0,0,173000,0,0,0,203000,30000,173000,173000
05312P,臺股指群益95售11,0,0,0,0,0,0,0,0,0,173000,0,0,0,173000,0,173000,173000
053166,聯詠群益96購02  ,0,0,0,0,0,0,0,0,0,172000,0,0,0,222000,50000,172000,172000
051832,復盛元大95購01  ,0,0,0,0,0,0,0,0,0,171000,0,0,0,181000,10000,171000,171000
049389,元石油中信97購02,0,0,0,0,0,0,0,0,0,171000,0,0,0,344000,173000,171000,171000
056010,力成中信97購01  ,0,0,0,0,0,0,0,0,0,170000,0,0,0,270000,100000,170000,170000
056110,嘉聯益永豐97購02,0,0,0,0,0,0,0,0,0,170000,0,0,0,206000,36000,170000,170000
047028,新日興元大93購02,0,0,0,0,0,0,0,0,0,170000,0,0,0,170000,0,170000,170000
051960,美食永豐95購01  ,0,0,0,0,0,0,0,0,0,170000,0,0,0,170000,0,170000,170000
05616P,台光電永豐96售01,0,0,0,0,0,0,0,0,0,169000,0,0,0,169000,0,169000,169000
03642C,臺股指元大94牛27,0,0,0,0,0,0,0,0,0,169000,0,0,0,170000,1000,169000,169000
050337,南電國泰95購01  ,0,0,0,0,0,0,0,0,0,169000,0,0,0,511000,342000,169000,169000
05151P,台光電群益95售02,0,0,0,0,0,0,0,0,0,169000,0,0,0,175000,6000,169000,169000
053463,可成富邦98購01  ,0,0,0,0,0,0,0,0,0,169000,0,0,0,302000,133000,169000,169000
054914,億光凱基98購01  ,0,0,0,0,0,0,0,0,0,169000,0,0,0,212000,43000,169000,169000
055385,昇陽半元大98購01,0,0,0,0,0,0,0,0,0,169000,0,0,0,392000,223000,169000,169000
06411P,晶相光永豐97售03,0,0,0,0,0,0,0,0,0,169000,0,0,0,169000,0,169000,169000
3338,泰碩            ,238000,121000,117000,0,0,0,67000,0,67000,-15000,11000,40000,-29000,40000,26000,14000,169000
057447,智邦元富02購01  ,0,0,0,0,0,0,0,0,0,168000,0,0,0,168000,0,168000,168000
056137,聯鈞元大9A購01  ,0,0,0,0,0,0,0,0,0,167000,0,0,0,320000,153000,167000,167000
056573,華新科元大99購06,0,0,0,0,0,0,0,0,0,167000,0,0,0,281000,114000,167000,167000
049802,可成元大94購10  ,0,0,0,0,0,0,0,0,0,167000,0,0,0,249000,82000,167000,167000
054386,鴻海統一98購03  ,0,0,0,0,0,0,0,0,0,167000,0,0,0,214000,47000,167000,167000
04230P,臺股指中信95售06,0,0,0,0,0,0,0,0,0,166000,0,0,0,166000,0,166000,166000
046877,燿華國泰94購01  ,0,0,0,0,0,0,0,0,0,166000,0,0,0,201000,35000,166000,166000
052796,和碩兆豐96購01  ,0,0,0,0,0,0,0,0,0,166000,0,0,0,200000,34000,166000,166000
054873,帆宣群益99購01  ,0,0,0,0,0,0,0,0,0,166000,0,0,0,166000,0,166000,166000
055259,玉晶光統一9A購01,0,0,0,0,0,0,0,0,0,166000,0,0,0,166000,0,166000,166000
054072,台積電富邦98購02,0,0,0,0,0,0,0,0,0,166000,0,0,0,471000,305000,166000,166000
1907,永豐餘          ,890000,719000,171000,0,0,0,0,0,0,-5000,0,5000,-5000,0,0,0,166000
049612,香港反中信96購01,0,0,0,0,0,0,0,0,0,165000,0,0,0,195000,30000,165000,165000
054736,南亞科凱基98購01,0,0,0,0,0,0,0,0,0,165000,0,0,0,265000,100000,165000,165000
054426,國泰金富邦97購02,0,0,0,0,0,0,0,0,0,165000,0,0,0,170000,5000,165000,165000
054510,S&P反1元大98購01,0,0,0,0,0,0,0,0,0,165000,0,0,0,165000,0,165000,165000
05620P,大立光富邦9B售01,0,0,0,0,0,0,0,0,0,164000,0,0,0,208000,44000,164000,164000
056179,康友元富97購02  ,0,0,0,0,0,0,0,0,0,164000,0,0,0,186000,22000,164000,164000
048928,華新科永豐94購02,0,0,0,0,0,0,0,0,0,164000,0,0,0,284000,120000,164000,164000
053269,同欣電群益96購01,0,0,0,0,0,0,0,0,0,164000,0,0,0,254000,90000,164000,164000
006206,元大上證50      ,2000,24000,-22000,0,0,0,0,0,0,185000,0,10000,-10000,441000,246000,195000,163000
04433P,上証2X國票95售01,0,0,0,0,0,0,0,0,0,163000,0,0,0,1757000,1594000,163000,163000
052286,力成凱基95購02  ,30000,0,30000,0,0,0,0,0,0,133000,0,0,0,173000,40000,133000,163000
055048,台積電永豐97購04,0,0,0,0,0,0,0,0,0,163000,0,0,0,183000,20000,163000,163000
055371,正崴元大97購02  ,0,0,0,0,0,0,0,0,0,163000,0,0,0,174000,11000,163000,163000
06248P,國巨統一97售07  ,0,0,0,0,0,0,0,0,0,163000,0,0,0,173000,10000,163000,163000
05774P,臺股指凱基99售04,0,0,0,0,0,0,0,0,0,162000,0,0,0,424000,262000,162000,162000
042168,台灣50凱基96購01,0,0,0,0,0,0,0,0,0,162000,0,0,0,162000,0,162000,162000
04768P,大立光國泰96售03,0,0,0,0,0,0,0,0,0,162000,0,0,0,227000,65000,162000,162000
049864,聯發科兆豐94購01,0,0,0,0,0,0,0,0,0,162000,0,0,0,176000,14000,162000,162000
052827,昇陽半永豐97購01,0,0,0,0,0,0,0,0,0,162000,0,0,0,172000,10000,162000,162000
05556P,全新國票96售04  ,0,0,0,0,0,0,0,0,0,162000,0,0,0,172000,10000,162000,162000
048442,友訊凱基94購01  ,0,0,0,0,0,0,0,0,0,161000,0,0,0,841000,680000,161000,161000
049997,聯發科永豐94購04,0,0,0,0,0,0,0,0,0,161000,0,0,0,341000,180000,161000,161000
054103,T50反1凱基99購04,0,0,0,0,0,0,0,0,0,161000,0,0,0,166000,5000,161000,161000
6672,騰輝電子-KY     ,179000,18000,161000,0,0,0,0,0,0,0,0,0,0,0,0,0,161000
056700,華新科國泰99購03,0,0,0,0,0,0,0,0,0,160000,0,0,0,178000,18000,160000,160000
05673P,台積電群益96售05,0,0,0,0,0,0,0,0,0,160000,0,0,0,160000,0,160000,160000
04206P,臺股指元大93售46,0,0,0,0,0,0,0,0,0,160000,0,0,0,160000,0,160000,160000
04670P,臺股指國票94售09,0,0,0,0,0,0,0,0,0,160000,0,0,0,210000,50000,160000,160000
052142,滬深2X群益99購04,0,0,0,0,0,0,0,0,0,160000,0,0,0,204000,44000,160000,160000
049922,禾伸堂元大95購01,0,0,0,0,0,0,0,0,0,160000,0,0,0,339000,179000,160000,160000
052424,泰碩國票97購01  ,0,0,0,0,0,0,0,0,0,160000,0,0,0,160000,0,160000,160000
050495,大立光永昌96購01,0,0,0,0,0,0,0,0,0,160000,0,0,0,215000,55000,160000,160000
05527P,聯茂群益96售01  ,0,0,0,0,0,0,0,0,0,160000,0,0,0,160000,0,160000,160000
054709,宏達電統一97購01,0,0,0,0,0,0,0,0,0,160000,0,0,0,160000,0,160000,160000
6230,超眾            ,276000,60000,216000,0,0,0,40000,69000,-29000,-27000,22000,40000,-18000,33000,42000,-9000,160000
06019P,緯穎凱基96售03  ,0,0,0,0,0,0,0,0,0,160000,0,0,0,160000,0,160000,160000
057215,友達群益98購03  ,0,0,0,0,0,0,0,0,0,159000,0,0,0,230000,71000,159000,159000
057144,南電兆豐98購01  ,0,0,0,0,0,0,0,0,0,159000,0,0,0,172000,13000,159000,159000
051032,南電元富95購01  ,0,0,0,0,0,0,0,0,0,159000,0,0,0,161000,2000,159000,159000
050104,元石油元大97購02,0,0,0,0,0,0,0,0,0,159000,0,0,0,304000,145000,159000,159000
06036P,台表科凱基96售04,0,0,0,0,0,0,0,0,0,159000,0,0,0,175000,16000,159000,159000
06332P,世紀鋼群益98售01,0,0,0,0,0,0,0,0,0,159000,0,0,0,200000,41000,159000,159000
04886P,臺股指凱基94售20,0,0,0,0,0,0,0,0,0,158000,0,0,0,240000,82000,158000,158000
04851P,創意永豐94售02  ,0,0,0,0,0,0,0,0,0,158000,0,0,0,158000,0,158000,158000
051429,智邦元富95購01  ,0,0,0,0,0,0,0,0,0,158000,0,0,0,348000,190000,158000,158000
054726,台積電日盛97購01,0,0,0,0,0,0,0,0,0,158000,0,0,0,318000,160000,158000,158000
053200,華邦電日盛96購01,0,0,0,0,0,0,0,0,0,158000,0,0,0,240000,82000,158000,158000
06070P,漢唐永豐97售01  ,0,0,0,0,0,0,0,0,0,157000,0,0,0,252000,95000,157000,157000
03857P,聯發科元富99售02,0,0,0,0,0,0,0,0,0,156000,0,0,0,159000,3000,156000,156000
049668,大立光國泰96購02,0,0,0,0,0,0,0,0,0,156000,0,0,0,289000,133000,156000,156000
05521P,創意永豐96售01  ,0,0,0,0,0,0,0,0,0,156000,0,0,0,156000,0,156000,156000
056981,全新群益99購03  ,0,0,0,0,0,0,0,0,0,155000,0,0,0,203000,48000,155000,155000
057462,光磊永豐98購02  ,0,0,0,0,0,0,0,0,0,155000,0,0,0,232000,77000,155000,155000
056818,正崴永豐98購01  ,0,0,0,0,0,0,0,0,0,155000,0,0,0,192000,37000,155000,155000
06489P,台積電元富98售06,0,0,0,0,0,0,0,0,0,155000,0,0,0,415000,260000,155000,155000
055039,神達富邦99購01  ,0,0,0,0,0,0,0,0,0,154000,0,0,0,527000,373000,154000,154000
048467,南電康和93購01  ,0,0,0,0,0,0,0,0,0,153000,0,0,0,272000,119000,153000,153000
046869,聯發科統一95購01,0,0,0,0,0,0,0,0,0,153000,0,0,0,354000,201000,153000,153000
054670,康友元富97購01  ,0,0,0,0,0,0,0,0,0,153000,0,0,0,223000,70000,153000,153000
06476P,臺股指永豐98售01,0,0,0,0,0,0,0,0,0,153000,0,0,0,213000,60000,153000,153000
5264,鎧勝-KY         ,431000,266000,165000,0,0,0,0,0,0,-12000,0,12000,-12000,0,0,0,153000
05888P,友達元大97售01  ,0,0,0,0,0,0,0,0,0,152000,0,0,0,152000,0,152000,152000
05999P,世芯元大96售01  ,0,0,0,0,0,0,0,0,0,152000,0,0,0,307000,155000,152000,152000
05226P,智邦統一95售01  ,0,0,0,0,0,0,0,0,0,152000,0,0,0,188000,36000,152000,152000
2419,仲琦            ,210000,54000,156000,0,0,0,0,0,0,-4000,0,4000,-4000,0,0,0,152000
05593P,鴻海國票97售03  ,0,0,0,0,0,0,0,0,0,151000,0,0,0,151000,0,151000,151000
045883,元油2X元大95購07,0,0,0,0,0,0,0,0,0,151000,0,0,0,151000,0,151000,151000
049661,喬山永豐94購01  ,0,0,0,0,0,0,0,0,0,151000,0,0,0,151000,0,151000,151000
056065,奇鋐元大97購01  ,0,0,0,0,0,0,0,0,0,150000,0,0,0,150000,0,150000,150000
055862,矽力元大97購04  ,0,0,0,0,0,0,0,0,0,150000,0,0,0,181000,31000,150000,150000
05945P,聯詠中信96售01  ,0,0,0,0,0,0,0,0,0,150000,0,0,0,150000,0,150000,150000
05736P,臺股指統一96售06,0,0,0,0,0,0,0,0,0,150000,0,0,0,150000,0,150000,150000
04226P,宏達電元富93售01,0,0,0,0,0,0,0,0,0,150000,0,0,0,150000,0,150000,150000
04462P,全新元富96售01  ,0,0,0,0,0,0,0,0,0,150000,0,0,0,170000,20000,150000,150000
044987,宏達電統一94購01,0,0,0,0,0,0,0,0,0,150000,0,0,0,150000,0,150000,150000
05220P,台積電元大95售16,0,0,0,0,0,0,0,0,0,150000,0,0,0,150000,0,150000,150000
048891,傳奇元富97購02  ,0,0,0,0,0,0,0,0,0,150000,0,0,0,160000,10000,150000,150000
05149P,緯穎國泰96售01  ,0,0,0,0,0,0,0,0,0,150000,0,0,0,150000,0,150000,150000
05157P,全新台新96售01  ,0,0,0,0,0,0,0,0,0,150000,0,0,0,150000,0,150000,150000
052745,欣興元大96購04  ,0,0,0,0,0,0,0,0,0,150000,0,0,0,181000,31000,150000,150000
055101,台肥凱基97購01  ,0,0,0,0,0,0,0,0,0,150000,0,0,0,252000,102000,150000,150000
05328P,臺股指凱基95售12,0,0,0,0,0,0,0,0,0,150000,0,0,0,150000,0,150000,150000
06321P,台積電統一98售03,0,0,0,0,0,0,0,0,0,150000,0,0,0,150000,0,150000,150000
046557,亞泥凱基93購02  ,0,0,0,0,0,0,0,0,0,149000,0,0,0,300000,151000,149000,149000
051524,貿聯凱基95購02  ,0,0,0,0,0,0,0,0,0,149000,0,0,0,300000,151000,149000,149000
056358,友訊元大99購01  ,0,0,0,0,0,0,0,0,0,148000,0,0,0,150000,2000,148000,148000
051149,可成凱基95購04  ,0,0,0,0,0,0,0,0,0,148000,0,0,0,253000,105000,148000,148000
050424,鴻海凱基96購03  ,0,0,0,0,0,0,0,0,0,148000,0,0,0,248000,100000,148000,148000
053224,矽力凱基96購02  ,0,0,0,0,0,0,0,0,0,148000,0,0,0,178000,30000,148000,148000
055256,日電貿統一99購01,0,0,0,0,0,0,0,0,0,148000,0,0,0,324000,176000,148000,148000
05638P,國巨統一96售04  ,0,0,0,0,0,0,0,0,0,147000,0,0,0,644000,497000,147000,147000
055658,南電元富97購01  ,0,0,0,0,0,0,0,0,0,147000,0,0,0,692000,545000,147000,147000
057527,億光元大98購01  ,0,0,0,0,0,0,0,0,0,147000,0,0,0,148000,1000,147000,147000
05013P,台積電元大96售05,0,0,0,0,0,0,0,0,0,147000,0,0,0,177000,30000,147000,147000
052928,美律元大98購01  ,0,0,0,0,0,0,0,0,0,147000,0,0,0,147000,0,147000,147000
054299,南電元大96購03  ,0,0,0,0,0,0,0,0,0,147000,0,0,0,342000,195000,147000,147000
048462,南電凱基93購06  ,0,0,0,0,0,0,0,0,0,146000,0,0,0,214000,68000,146000,146000
048534,貿聯國票94購01  ,0,0,0,0,0,0,0,0,0,146000,0,0,0,164000,18000,146000,146000
055234,昇陽半國票98購02,0,0,0,0,0,0,0,0,0,146000,0,0,0,206000,60000,146000,146000
06693P,臺股指凱基98售01,0,0,0,0,0,0,0,0,0,146000,0,0,0,188000,42000,146000,146000
050900,台郡元大95購02  ,0,0,0,0,0,0,0,0,0,145000,0,0,0,145000,0,145000,145000
05046P,台光電永豐95售02,0,0,0,0,0,0,0,0,0,145000,0,0,0,145000,0,145000,145000
052428,嘉晶永豐95購01  ,0,0,0,0,0,0,0,0,0,145000,0,0,0,145000,0,145000,145000
049537,元石油群益97購01,0,0,0,0,0,0,0,0,0,145000,0,0,0,170000,25000,145000,145000
051304,緯創凱基96購01  ,0,0,0,0,0,0,0,0,0,145000,0,0,0,150000,5000,145000,145000
05351P,臺股指元富95售05,0,0,0,0,0,0,0,0,0,145000,0,0,0,145000,0,145000,145000
2882A,國泰特          ,0,0,0,0,0,0,0,0,0,145000,155000,10000,145000,0,0,0,145000
057729,華新科國泰99購04,0,0,0,0,0,0,0,0,0,144000,0,0,0,469000,325000,144000,144000
056688,聯詠統一98購01  ,0,0,0,0,0,0,0,0,0,143000,0,0,0,143000,0,143000,143000
056188,晶相光統一99購01,0,0,0,0,0,0,0,0,0,142000,0,0,0,187000,45000,142000,142000
05692P,聯發科中信9A售02,0,0,0,0,0,0,0,0,0,142000,0,0,0,158000,16000,142000,142000
053082,聯電元大98購03  ,0,0,0,0,0,0,0,0,0,142000,0,0,0,247000,105000,142000,142000
051025,晶華統一95購01  ,0,0,0,0,0,0,0,0,0,142000,0,0,0,142000,0,142000,142000
054681,味全永豐97購01  ,0,0,0,0,0,0,0,0,0,142000,0,0,0,168000,26000,142000,142000
06717P,可成元大98售09  ,0,0,0,0,0,0,0,0,0,142000,0,0,0,185000,43000,142000,142000
6531,愛普            ,270000,129000,141000,0,0,0,0,0,0,1000,8000,7000,1000,0,0,0,142000
047355,世紀鋼凱基94購01,0,0,0,0,0,0,0,0,0,141000,0,0,0,141000,0,141000,141000
054961,玉晶光元大99購01,0,0,0,0,0,0,0,0,0,141000,0,0,0,251000,110000,141000,141000
053215,禾伸堂凱基96購01,0,0,0,0,0,0,0,0,0,141000,0,0,0,175000,34000,141000,141000
06226P,聯發科麥證97售03,0,0,0,159000,18000,141000,0,0,0,141000,0,0,0,159000,18000,141000,141000
05925P,晶技永豐96售03  ,0,0,0,0,0,0,0,0,0,140000,0,0,0,142000,2000,140000,140000
048949,昇陽半永豐94購01,0,0,0,0,0,0,0,0,0,140000,0,0,0,140000,0,140000,140000
052006,康友富邦98購01  ,0,0,0,0,0,0,0,0,0,140000,0,0,0,202000,62000,140000,140000
050974,大成鋼統一95購01,0,0,0,0,0,0,0,0,0,140000,0,0,0,140000,0,140000,140000
051293,鴻海元富95購05  ,0,0,0,0,0,0,0,0,0,140000,0,0,0,460000,320000,140000,140000
057206,立積元富98購01  ,0,0,0,0,0,0,0,0,0,139000,0,0,0,141000,2000,139000,139000
055774,台光電凱基97購02,0,0,0,0,0,0,0,0,0,139000,0,0,0,154000,15000,139000,139000
049745,國巨永豐94購04  ,5000,0,5000,0,0,0,0,0,0,134000,0,0,0,389000,255000,134000,139000
055262,台虹國泰98購01  ,0,0,0,0,0,0,0,0,0,139000,0,0,0,184000,45000,139000,139000
055157,晶豪科元大97購01,0,0,0,0,0,0,0,0,0,139000,0,0,0,157000,18000,139000,139000
06205P,台積電群益97售03,0,0,0,0,0,0,0,0,0,139000,0,0,0,159000,20000,139000,139000
4977,眾達-KY         ,481000,86000,395000,0,0,0,0,180000,-180000,-76000,14000,90000,-76000,0,0,0,139000
055712,金寶元大97購02  ,0,0,0,0,0,0,0,0,0,138000,0,0,0,140000,2000,138000,138000
048872,玉晶光國票94購02,0,0,0,0,0,0,0,0,0,138000,0,0,0,162000,24000,138000,138000
048713,美利達康和94購01,0,0,0,0,0,0,0,0,0,138000,0,0,0,138000,0,138000,138000
057659,台表科兆豐98購01,0,0,0,0,0,0,0,0,0,137000,0,0,0,147000,10000,137000,137000
050214,嘉晶台新94購01  ,0,0,0,0,0,0,0,0,0,137000,0,0,0,137000,0,137000,137000
050790,昇陽半國泰96購02,0,0,0,0,0,0,0,0,0,137000,0,0,0,158000,21000,137000,137000
055164,矽創元大98購01  ,0,0,0,0,0,0,0,0,0,137000,0,0,0,341000,204000,137000,137000
054844,華邦電兆豐98購01,0,0,0,0,0,0,0,0,0,137000,0,0,0,143000,6000,137000,137000
05447P,臺股指元大95售24,0,0,0,0,0,0,0,0,0,137000,0,0,0,147000,10000,137000,137000
06737P,台郡凱基98售07  ,0,0,0,0,0,0,0,0,0,137000,0,0,0,268000,131000,137000,137000
057201,華擎元富98購01  ,0,0,0,0,0,0,0,0,0,136000,0,0,0,211000,75000,136000,136000
057141,嘉聯益兆豐99購01,0,0,0,0,0,0,0,0,0,136000,0,0,0,136000,0,136000,136000
055575,華新科統一98購01,0,0,0,0,0,0,0,0,0,136000,0,0,0,254000,118000,136000,136000
056807,元油2X統一9B購01,0,0,0,0,0,0,0,0,0,136000,0,0,0,145000,9000,136000,136000
045462,美律元大93購04  ,0,0,0,0,0,0,0,0,0,136000,0,0,0,136000,0,136000,136000
03763P,聯發科元富96售01,0,0,0,0,0,0,0,0,0,135000,0,0,0,635000,500000,135000,135000
04410P,大立光統一94售05,0,0,0,0,0,0,0,0,0,135000,0,0,0,143000,8000,135000,135000
05067P,欣興兆豐96售02  ,0,0,0,0,0,0,0,0,0,135000,0,0,0,135000,0,135000,135000
051360,緯創元大95購03  ,0,0,0,0,0,0,0,0,0,135000,0,0,0,150000,15000,135000,135000
052978,貿聯麥證97購01  ,0,0,0,135000,0,135000,0,0,0,135000,0,0,0,135000,0,135000,135000
053523,T50反1中信9A購01,0,0,0,0,0,0,0,0,0,135000,0,0,0,155000,20000,135000,135000
05397P,大立光凱基96售08,0,0,0,0,0,0,0,0,0,135000,0,0,0,175000,40000,135000,135000
2359,所羅門          ,155000,17000,138000,0,0,0,0,0,0,-3000,0,3000,-3000,0,0,0,135000
044864,道瓊反國票96購01,0,0,0,0,0,0,0,0,0,134000,0,0,0,210000,76000,134000,134000
06043P,創意永豐96售06  ,0,0,0,0,0,0,0,0,0,134000,0,0,0,175000,41000,134000,134000
055621,國巨國泰98購03  ,0,0,0,0,0,0,0,0,0,133000,0,0,0,254000,121000,133000,133000
048279,聯鈞永豐93購01  ,0,0,0,0,0,0,0,0,0,133000,0,0,0,187000,54000,133000,133000
049522,華通兆豐94購02  ,0,0,0,0,0,0,0,0,0,133000,0,0,0,173000,40000,133000,133000
053184,世紀鋼元富96購01,0,0,0,0,0,0,0,0,0,133000,0,0,0,815000,682000,133000,133000
05914P,友達元大96售04  ,0,0,0,0,0,0,0,0,0,132000,0,0,0,157000,25000,132000,132000
05980P,台積電永昌96售09,0,0,0,0,0,0,0,0,0,132000,0,0,0,5394000,5262000,132000,132000
05804P,美律永豐96售01  ,0,0,0,0,0,0,0,0,0,132000,0,0,0,142000,10000,132000,132000
04707P,喬山元大94售01  ,0,0,0,0,0,0,0,0,0,132000,0,0,0,132000,0,132000,132000
053032,國巨兆豐97購02  ,0,0,0,0,0,0,0,0,0,132000,0,0,0,180000,48000,132000,132000
06211P,鴻海元大98售04  ,0,0,0,0,0,0,0,0,0,132000,0,0,0,207000,75000,132000,132000
3029,零壹            ,177000,45000,132000,0,0,0,0,0,0,0,0,0,0,0,0,0,132000
05970P,超眾永豐96售03  ,0,0,0,0,0,0,0,0,0,131000,0,0,0,131000,0,131000,131000
056299,友達元大9B購04  ,0,0,0,0,0,0,0,0,0,131000,0,0,0,210000,79000,131000,131000
05000P,臺股指永豐95售01,0,0,0,0,0,0,0,0,0,131000,0,0,0,170000,39000,131000,131000
050984,大立光國泰97購01,0,0,0,0,0,0,0,0,0,131000,0,0,0,271000,140000,131000,131000
05005P,台表科統一95售01,0,0,0,0,0,0,0,0,0,131000,0,0,0,178000,47000,131000,131000
052467,嘉聯益統一96購01,0,0,0,0,0,0,0,0,0,131000,0,0,0,131000,0,131000,131000
056079,世紀鋼元大97購02,0,0,0,0,0,0,0,0,0,130000,0,0,0,140000,10000,130000,130000
04875P,台積電中信94售04,0,0,0,0,0,0,0,0,0,130000,0,0,0,130000,0,130000,130000
04626P,聯發科元大94售07,0,0,0,0,0,0,0,0,0,130000,0,0,0,243000,113000,130000,130000
044588,元金2X統一93購01,0,0,0,0,0,0,0,0,0,130000,0,0,0,130000,0,130000,130000
044354,奇鋐元大93購02  ,0,0,0,0,0,0,0,0,0,130000,0,0,0,130000,0,130000,130000
049890,嘉澤國泰95購01  ,0,0,0,0,0,0,0,0,0,130000,0,0,0,130000,0,130000,130000
050562,瑞昱元富94購02  ,0,0,0,0,0,0,0,0,0,130000,0,0,0,146000,16000,130000,130000
053802,南亞科凱基96購04,0,0,0,0,0,0,0,0,0,130000,0,0,0,150000,20000,130000,130000
055790,南電凱基97購01  ,0,0,0,0,0,0,0,0,0,129000,0,0,0,420000,291000,129000,129000
04699P,臺股指元富94售05,0,0,0,0,0,0,0,0,0,129000,0,0,0,130000,1000,129000,129000
048777,瀚宇博凱基94購02,0,0,0,0,0,0,0,0,0,129000,0,0,0,129000,0,129000,129000
051338,揚明光永豐95購02,0,0,0,0,0,0,0,0,0,129000,0,0,0,171000,42000,129000,129000
051495,玉晶光第一95購02,0,0,0,0,0,0,0,0,0,129000,0,0,0,139000,10000,129000,129000
049259,聯發科元大94購04,0,0,0,0,0,0,0,0,0,129000,0,0,0,246000,117000,129000,129000
1710,東聯            ,316000,196000,120000,0,0,0,11000,0,11000,-2000,0,2000,-2000,0,0,0,129000
08852P,台灣50台新01售01,0,0,0,0,0,0,0,0,0,129000,0,0,0,129000,0,129000,129000
056320,京鼎群益99購01  ,0,0,0,0,0,0,0,0,0,128000,0,0,0,148000,20000,128000,128000
04669P,臺股指國票94售08,0,0,0,0,0,0,0,0,0,128000,0,0,0,128000,0,128000,128000
049432,聯詠國票95購01  ,0,0,0,0,0,0,0,0,0,128000,0,0,0,149000,21000,128000,128000
049785,華新科兆豐95購01,0,0,0,0,0,0,0,0,0,128000,0,0,0,692000,564000,128000,128000
050983,新光金國泰97購01,0,0,0,0,0,0,0,0,0,127000,0,0,0,137000,10000,127000,127000
051059,康普群益95購01  ,0,0,0,0,0,0,0,0,0,127000,0,0,0,127000,0,127000,127000
052747,京鼎元大97購01  ,0,0,0,0,0,0,0,0,0,127000,0,0,0,151000,24000,127000,127000
053847,美律元富96購02  ,0,0,0,0,0,0,0,0,0,127000,0,0,0,134000,7000,127000,127000
05449P,臺股指元大95售26,0,0,0,0,0,0,0,0,0,127000,0,0,0,328000,201000,127000,127000
05546P,全新元大97售01  ,0,0,0,0,0,0,0,0,0,127000,0,0,0,275000,148000,127000,127000
04808P,訊芯永豐94售02  ,0,0,0,0,0,0,0,0,0,126000,0,0,0,180000,54000,126000,126000
048483,可成國泰95購01  ,0,0,0,0,0,0,0,0,0,126000,0,0,0,131000,5000,126000,126000
03026X,元展23          ,0,0,0,0,0,0,0,0,0,126000,0,0,0,126000,0,126000,126000
055387,世紀鋼元大97購01,0,0,0,0,0,0,0,0,0,126000,0,0,0,136000,10000,126000,126000
1514,亞力            ,299000,172000,127000,0,0,0,0,0,0,-1000,0,1000,-1000,0,0,0,126000
06653P,美食元大98售02  ,0,0,0,0,0,0,0,0,0,126000,0,0,0,183000,57000,126000,126000
06387P,緯穎永豐97售02  ,0,0,0,0,0,0,0,0,0,126000,0,0,0,141000,15000,126000,126000
056721,台灣50永昌9A購01,0,0,0,0,0,0,0,0,0,125000,0,0,0,199000,74000,125000,125000
056577,玉晶光元大99購06,0,0,0,0,0,0,0,0,0,125000,0,0,0,397000,272000,125000,125000
05894P,友達群益98售02  ,0,0,0,0,0,0,0,0,0,125000,0,0,0,132000,7000,125000,125000
056927,T50反1台新02購01,0,0,0,0,0,0,0,0,0,125000,0,0,0,130000,5000,125000,125000
049914,瑞昱元大94購06  ,0,0,0,0,0,0,0,0,0,125000,0,0,0,143000,18000,125000,125000
050226,華新科中信94購01,0,0,0,0,0,0,0,0,0,125000,0,0,0,318000,193000,125000,125000
054123,易華電永豐96購03,0,0,0,0,0,0,0,0,0,125000,0,0,0,130000,5000,125000,125000
06406P,可成元富97售04  ,0,0,0,0,0,0,0,0,0,125000,0,0,0,130000,5000,125000,125000
06590P,大立光元大98售13,0,0,0,0,0,0,0,0,0,125000,0,0,0,125000,0,125000,125000
045861,智邦統一93購02  ,0,0,0,0,0,0,0,0,0,124000,0,0,0,152000,28000,124000,124000
04429P,和鑫元大94售01  ,0,0,0,0,0,0,0,0,0,124000,0,0,0,186000,62000,124000,124000
053637,強茂永豐96購01  ,0,0,0,0,0,0,0,0,0,124000,0,0,0,180000,56000,124000,124000
055314,華邦電中信99購01,0,0,0,0,0,0,0,0,0,124000,0,0,0,212000,88000,124000,124000
1611,中電            ,219000,95000,124000,0,0,0,0,0,0,0,1000,1000,0,0,0,0,124000
056924,亞光兆豐98購01  ,0,0,0,0,0,0,0,0,0,123000,0,0,0,133000,10000,123000,123000
056793,臺股指群益98購03,0,0,0,0,0,0,0,0,0,123000,0,0,0,243000,120000,123000,123000
055693,南茂凱基97購01  ,0,0,0,0,0,0,0,0,0,123000,0,0,0,137000,14000,123000,123000
048602,上緯控國票96購01,0,0,0,0,0,0,0,0,0,123000,0,0,0,123000,0,123000,123000
050787,致伸國泰96購01  ,0,0,0,0,0,0,0,0,0,123000,0,0,0,123000,0,123000,123000
053951,T50反1台新06購02,0,0,0,0,0,0,0,0,0,123000,0,0,0,202000,79000,123000,123000
055922,台郡凱基98購03  ,0,0,0,0,0,0,0,0,0,122000,0,0,0,214000,92000,122000,122000
050454,嘉澤元大94購04  ,0,0,0,0,0,0,0,0,0,122000,0,0,0,131000,9000,122000,122000
050870,旭富永豐95購01  ,0,0,0,0,0,0,0,0,0,122000,0,0,0,132000,10000,122000,122000
05131P,聯詠統一97售01  ,0,0,0,0,0,0,0,0,0,122000,0,0,0,122000,0,122000,122000
053627,宏碁兆豐97購01  ,0,0,0,0,0,0,0,0,0,122000,0,0,0,142000,20000,122000,122000
053578,華新元大98購01  ,0,0,0,0,0,0,0,0,0,122000,0,0,0,200000,78000,122000,122000
057494,玉晶光元大99購09,0,0,0,0,0,0,0,0,0,121000,0,0,0,137000,16000,121000,121000
052223,聯電凱基96購02  ,0,0,0,0,0,0,0,0,0,121000,0,0,0,231000,110000,121000,121000
051907,台積電元大97購05,0,0,0,0,0,0,0,0,0,121000,0,0,0,455000,334000,121000,121000
051214,大立光統一95購02,0,0,0,0,0,0,0,0,0,121000,0,0,0,121000,0,121000,121000
051657,台郡元富98購01  ,0,0,0,0,0,0,0,0,0,121000,0,0,0,178000,57000,121000,121000
06353P,電子類富邦99售02,0,0,0,0,0,0,0,0,0,121000,0,0,0,121000,0,121000,121000
05749P,臺股指群益99售03,0,0,0,0,0,0,0,0,0,120000,0,0,0,421000,301000,120000,120000
05772P,景碩凱基96售02  ,0,0,0,0,0,0,0,0,0,120000,0,0,0,325000,205000,120000,120000
055596,新光金元大9B購02,0,0,0,0,0,0,0,0,0,120000,0,0,0,125000,5000,120000,120000
044299,南電凱基93購02  ,0,0,0,0,0,0,0,0,0,120000,0,0,0,227000,107000,120000,120000
049378,聯詠元大94購02  ,0,0,0,0,0,0,0,0,0,120000,0,0,0,120000,0,120000,120000
05070P,鴻海統一96售04  ,0,0,0,0,0,0,0,0,0,120000,0,0,0,121000,1000,120000,120000
051104,鈺齊元大96購01  ,0,0,0,0,0,0,0,0,0,120000,0,0,0,200000,80000,120000,120000
05281P,南亞科元大95售03,0,0,0,0,0,0,0,0,0,120000,0,0,0,120000,0,120000,120000
054674,台光電台新97購01,0,0,0,0,0,0,0,0,0,120000,0,0,0,120000,0,120000,120000
06122P,亞光元大98售01  ,0,0,0,0,0,0,0,0,0,120000,0,0,0,122000,2000,120000,120000
06743P,創意永豐98售03  ,0,0,0,0,0,0,0,0,0,120000,0,0,0,182000,62000,120000,120000
055680,美律凱基99購01  ,0,0,0,0,0,0,0,0,0,119000,0,0,0,171000,52000,119000,119000
056739,美律凱基98購04  ,0,0,0,0,0,0,0,0,0,119000,0,0,0,119000,0,119000,119000
05953P,台積電國票98售02,0,0,0,0,0,0,0,0,0,119000,0,0,0,135000,16000,119000,119000
056904,大立光元大99購05,0,0,0,0,0,0,0,0,0,119000,0,0,0,120000,1000,119000,119000
050184,信邦元大94購01  ,0,0,0,0,0,0,0,0,0,119000,0,0,0,119000,0,119000,119000
9907,統一實          ,239000,118000,121000,0,0,0,0,0,0,-2000,0,2000,-2000,0,0,0,119000
044822,南電兆豐93購01  ,0,0,0,0,0,0,0,0,0,118000,0,0,0,131000,13000,118000,118000
048350,世紀鋼元大95購01,0,0,0,0,0,0,0,0,0,118000,0,0,0,118000,0,118000,118000
048992,昇陽半元大94購02,0,0,0,0,0,0,0,0,0,118000,0,0,0,130000,12000,118000,118000
046855,嘉晶元大94購01  ,0,0,0,0,0,0,0,0,0,118000,0,0,0,338000,220000,118000,118000
049667,大立光國泰96購01,0,0,0,0,0,0,0,0,0,118000,0,0,0,123000,5000,118000,118000
05162P,玉晶光國票96售03,0,0,0,0,0,0,0,0,0,118000,0,0,0,220000,102000,118000,118000
055573,國巨統一97購06  ,0,0,0,0,0,0,0,0,0,117000,0,0,0,217000,100000,117000,117000
055748,GIS元富97購01   ,0,0,0,0,0,0,0,0,0,117000,0,0,0,120000,3000,117000,117000
047154,新光金國票95購01,0,0,0,0,0,0,0,0,0,117000,0,0,0,117000,0,117000,117000
051039,台表科康和95購01,0,0,0,0,0,0,0,0,0,117000,0,0,0,233000,116000,117000,117000
051954,矽力元富95購04  ,0,0,0,0,0,0,0,0,0,117000,0,0,0,132000,15000,117000,117000
3006,晶豪科          ,259000,114000,145000,0,0,0,0,0,0,-28000,2000,13000,-11000,12000,29000,-17000,117000
056364,亞光元大99購02  ,0,0,0,0,0,0,0,0,0,116000,0,0,0,234000,118000,116000,116000
052254,康友永豐95購03  ,0,0,0,0,0,0,0,0,0,116000,0,0,0,149000,33000,116000,116000
052134,智邦凱基95購09  ,0,0,0,0,0,0,0,0,0,116000,0,0,0,201000,85000,116000,116000
043851,國泰金永昌93購01,0,0,0,0,0,0,0,0,0,116000,0,0,0,120000,4000,116000,116000
050301,矽創凱基94購03  ,0,0,0,0,0,0,0,0,0,116000,0,0,0,116000,0,116000,116000
053876,可成永昌98購01  ,0,0,0,0,0,0,0,0,0,116000,0,0,0,245000,129000,116000,116000
1762,中化生          ,284000,178000,106000,0,0,0,0,0,0,10000,10000,0,10000,0,0,0,116000
056539,新光金凱基9A購01,0,0,0,0,0,0,0,0,0,115000,0,0,0,115000,0,115000,115000
056643,奇力新凱基99購01,0,0,0,0,0,0,0,0,0,115000,0,0,0,228000,113000,115000,115000
055645,技嘉元富97購01  ,0,0,0,0,0,0,0,0,0,115000,0,0,0,208000,93000,115000,115000
056881,台灣50康和9A購01,0,0,0,0,0,0,0,0,0,115000,0,0,0,189000,74000,115000,115000
057075,嘉聯益永豐98購01,0,0,0,0,0,0,0,0,0,115000,0,0,0,119000,4000,115000,115000
057212,台積電群益98購03,0,0,0,0,0,0,0,0,0,115000,0,0,0,137000,22000,115000,115000
05896P,宏達電群益96售03,0,0,0,0,0,0,0,0,0,115000,0,0,0,115000,0,115000,115000
044270,群創中信95購02  ,0,0,0,0,0,0,0,0,0,115000,0,0,0,145000,30000,115000,115000
044927,聯詠國泰94購01  ,0,0,0,0,0,0,0,0,0,115000,0,0,0,115000,0,115000,115000
047864,信邦康和93購01  ,0,0,0,0,0,0,0,0,0,115000,0,0,0,115000,0,115000,115000
050525,嘉晶元大95購02  ,0,0,0,0,0,0,0,0,0,115000,0,0,0,402000,287000,115000,115000
050749,道瓊銀統一96購03,0,0,0,0,0,0,0,0,0,115000,0,0,0,130000,15000,115000,115000
056628,矽創永豐98購01  ,0,0,0,0,0,0,0,0,0,114000,0,0,0,209000,95000,114000,114000
048627,T50反1元大96購02,0,0,0,0,0,0,0,0,0,114000,0,0,0,295000,181000,114000,114000
049364,燿華元大94購02  ,0,0,0,0,0,0,0,0,0,114000,0,0,0,114000,0,114000,114000
051408,台積電國票95購03,0,0,0,0,0,0,0,0,0,114000,0,0,0,318000,204000,114000,114000
051439,川湖元大95購01  ,0,0,0,0,0,0,0,0,0,114000,0,0,0,114000,0,114000,114000
054090,瑞昱群益97購01  ,0,0,0,0,0,0,0,0,0,114000,0,0,0,163000,49000,114000,114000
05669P,嘉晶永豐96售03  ,0,0,0,0,0,0,0,0,0,113000,0,0,0,113000,0,113000,113000
057004,滬深反中信9A購01,0,0,0,0,0,0,0,0,0,113000,0,0,0,113000,0,113000,113000
04544P,欣興富邦96售02  ,0,0,0,0,0,0,0,0,0,113000,0,0,0,113000,0,113000,113000
052014,光罩永豐95購01  ,0,0,0,0,0,0,0,0,0,113000,0,0,0,118000,5000,113000,113000
050077,臺股指凱基99購02,0,0,0,0,0,0,0,0,0,113000,0,0,0,331000,218000,113000,113000
051051,鴻海群益95購04  ,0,0,0,0,0,0,0,0,0,113000,0,0,0,113000,0,113000,113000
053536,明泰永豐96購01  ,0,0,0,0,0,0,0,0,0,113000,0,0,0,123000,10000,113000,113000
06750P,聯發科元富02售03,0,0,0,0,0,0,0,0,0,113000,0,0,0,136000,23000,113000,113000
06075P,智邦凱基97售02  ,0,0,0,0,0,0,0,0,0,113000,0,0,0,123000,10000,113000,113000
056971,麗豐永豐98購01  ,0,0,0,0,0,0,0,0,0,112000,0,0,0,112000,0,112000,112000
057167,台積電元大99購03,0,0,0,0,0,0,0,0,0,112000,0,0,0,374000,262000,112000,112000
048287,嘉晶兆豐94購01  ,0,0,0,0,0,0,0,0,0,112000,0,0,0,172000,60000,112000,112000
048902,昇陽半國泰96購01,0,0,0,0,0,0,0,0,0,112000,0,0,0,152000,40000,112000,112000
04536P,長榮航統一94售01,0,0,0,0,0,0,0,0,0,112000,0,0,0,112000,0,112000,112000
051462,世芯國泰97購01  ,0,0,0,0,0,0,0,0,0,112000,0,0,0,112000,0,112000,112000
05307P,光寶科中信95售01,0,0,0,0,0,0,0,0,0,112000,0,0,0,225000,113000,112000,112000
053813,友達群益9A購03  ,0,0,0,0,0,0,0,0,0,112000,0,0,0,179000,67000,112000,112000
055379,牧德元大97購03  ,0,0,0,0,0,0,0,0,0,112000,0,0,0,132000,20000,112000,112000
056718,GIS永豐98購01   ,0,0,0,0,0,0,0,0,0,111000,0,0,0,113000,2000,111000,111000
056116,義隆群益97購02  ,0,0,0,0,0,0,0,0,0,111000,0,0,0,111000,0,111000,111000
052147,上緯控群益95購01,0,0,0,0,0,0,0,0,0,111000,0,0,0,111000,0,111000,111000
052593,台積電群益96購02,0,0,0,0,0,0,0,0,0,111000,0,0,0,310000,199000,111000,111000
049549,瀚宇博群益94購01,0,0,0,0,0,0,0,0,0,111000,0,0,0,111000,0,111000,111000
050755,和大元富94購01  ,0,0,0,0,0,0,0,0,0,111000,0,0,0,123000,12000,111000,111000
053063,力山群益98購01  ,0,0,0,0,0,0,0,0,0,111000,0,0,0,122000,11000,111000,111000
06034P,世芯凱基96售03  ,0,0,0,0,0,0,0,0,0,111000,0,0,0,124000,13000,111000,111000
06313P,訊芯元富97售01  ,0,0,0,0,0,0,0,0,0,111000,0,0,0,327000,216000,111000,111000
06399P,台表科凱基97售05,0,0,0,0,0,0,0,0,0,111000,0,0,0,111000,0,111000,111000
9933,中鼎            ,266000,136000,130000,0,0,0,0,0,0,-19000,0,19000,-19000,0,0,0,111000
055873,聚陽元富97購01  ,0,0,0,0,0,0,0,0,0,110000,0,0,0,120000,10000,110000,110000
05672P,鴻海群益96售03  ,0,0,0,0,0,0,0,0,0,110000,0,0,0,120000,10000,110000,110000
057031,滬深反元大9B購02,0,0,0,0,0,0,0,0,0,110000,0,0,0,110000,0,110000,110000
048821,光磊凱基95購01  ,0,0,0,0,0,0,0,0,0,110000,0,0,0,110000,0,110000,110000
04882P,鴻海凱基94售19  ,0,0,0,0,0,0,0,0,0,110000,0,0,0,113000,3000,110000,110000
049054,禾伸堂永豐94購01,0,0,0,0,0,0,0,0,0,110000,0,0,0,394000,284000,110000,110000
03909P,奇鋐元大93售04  ,0,0,0,0,0,0,0,0,0,110000,0,0,0,110000,0,110000,110000
043580,大立光元富94購01,0,0,0,0,0,0,0,0,0,110000,0,0,0,128000,18000,110000,110000
046208,滬深2X元富95購03,0,0,0,0,0,0,0,0,0,110000,0,0,0,190000,80000,110000,110000
04940P,台積電國票95售02,0,0,0,0,0,0,0,0,0,110000,0,0,0,215000,105000,110000,110000
051848,元金2X中信98購02,0,0,0,0,0,0,0,0,0,110000,0,0,0,110000,0,110000,110000
051995,矽力元大95購03  ,0,0,0,0,0,0,0,0,0,110000,0,0,0,137000,27000,110000,110000
051467,GIS富邦96購01   ,0,0,0,0,0,0,0,0,0,110000,0,0,0,110000,0,110000,110000
051842,大成鋼富邦97購01,0,0,0,0,0,0,0,0,0,110000,0,0,0,230000,120000,110000,110000
053392,致新元大96購01  ,0,0,0,0,0,0,0,0,0,110000,0,0,0,110000,0,110000,110000
053805,奇鋐凱基98購02  ,0,0,0,0,0,0,0,0,0,110000,0,0,0,120000,10000,110000,110000
05393P,鴻海統一95售14  ,0,0,0,0,0,0,0,0,0,110000,0,0,0,110000,0,110000,110000
054117,宏全康和96購01  ,0,0,0,0,0,0,0,0,0,110000,0,0,0,246000,136000,110000,110000
054519,禾伸堂元大97購02,0,0,0,0,0,0,0,0,0,110000,0,0,0,267000,157000,110000,110000
057193,力成元大98購02  ,0,0,0,0,0,0,0,0,0,109000,0,0,0,119000,10000,109000,109000
055892,國巨統一99購01  ,0,0,0,0,0,0,0,0,0,109000,0,0,0,280000,171000,109000,109000
049108,玉晶光富邦96購02,0,0,0,0,0,0,0,0,0,109000,0,0,0,119000,10000,109000,109000
05223P,臻鼎凱基95售02  ,0,0,0,0,0,0,0,0,0,109000,0,0,0,165000,56000,109000,109000
052326,滬深反中信99購01,0,0,0,0,0,0,0,0,0,109000,0,0,0,129000,20000,109000,109000
054317,昇陽半凱基98購01,0,0,0,0,0,0,0,0,0,109000,0,0,0,120000,11000,109000,109000
054329,華新科永豐96購02,0,0,0,0,0,0,0,0,0,109000,0,0,0,129000,20000,109000,109000
055333,晶豪科兆豐97購01,0,0,0,0,0,0,0,0,0,109000,0,0,0,109000,0,109000,109000
055725,嘉聯益元大98購03,0,0,0,0,0,0,0,0,0,108000,0,0,0,236000,128000,108000,108000
03454P,台積電凱基03售14,0,0,0,0,0,0,0,0,0,108000,0,0,0,108000,0,108000,108000
049452,新光金統一94購02,0,0,0,0,0,0,0,0,0,108000,0,0,0,108000,0,108000,108000
055245,凱美統一99購01  ,0,0,0,0,0,0,0,0,0,108000,0,0,0,196000,88000,108000,108000
055673,旺宏日盛97購01  ,0,0,0,0,0,0,0,0,0,107000,0,0,0,138000,31000,107000,107000
05683P,矽創元大96售01  ,0,0,0,0,0,0,0,0,0,107000,0,0,0,336000,229000,107000,107000
05928P,華邦電康和96售01,0,0,0,0,0,0,0,0,0,107000,0,0,0,107000,0,107000,107000
052296,TPK國票96購01   ,0,0,0,0,0,0,0,0,0,107000,0,0,0,1228000,1121000,107000,107000
053187,國巨統一96購05  ,0,0,0,0,0,0,0,0,0,107000,0,0,0,195000,88000,107000,107000
056777,矽力元大98購02  ,0,0,0,0,0,0,0,0,0,106000,0,0,0,117000,11000,106000,106000
056473,奇力新元大99購02,0,0,0,0,0,0,0,0,0,106000,0,0,0,129000,23000,106000,106000
050137,臺指反國票96購01,0,0,0,0,0,0,0,0,0,106000,0,0,0,106000,0,106000,106000
049493,可成元大94購05  ,0,0,0,0,0,0,0,0,0,106000,0,0,0,169000,63000,106000,106000
051317,亞德客國票96購01,0,0,0,0,0,0,0,0,0,106000,0,0,0,166000,60000,106000,106000
053078,昇陽半永豐97購02,0,0,0,0,0,0,0,0,0,106000,0,0,0,110000,4000,106000,106000
057371,可成元大98購08  ,0,0,0,0,0,0,0,0,0,105000,0,0,0,126000,21000,105000,105000
04025P,宏達電國泰94售01,0,0,0,0,0,0,0,0,0,105000,0,0,0,105000,0,105000,105000
04181P,嘉晶國票93售04  ,0,0,0,0,0,0,0,0,0,105000,0,0,0,105000,0,105000,105000
047557,麗豐凱基94購02  ,0,0,0,0,0,0,0,0,0,105000,0,0,0,105000,0,105000,105000
050325,台積電永豐94購05,0,0,0,0,0,0,0,0,0,105000,0,0,0,160000,55000,105000,105000
050281,台積電日盛94購03,0,0,0,0,0,0,0,0,0,105000,0,0,0,213000,108000,105000,105000
050158,上海銀群益96購01,0,0,0,0,0,0,0,0,0,105000,0,0,0,135000,30000,105000,105000
053262,華邦電群益96購02,0,0,0,0,0,0,0,0,0,105000,0,0,0,105000,0,105000,105000
053914,國巨國票96購08  ,0,0,0,0,0,0,0,0,0,105000,0,0,0,191000,86000,105000,105000
055131,茂林康和97購01  ,0,0,0,0,0,0,0,0,0,105000,0,0,0,105000,0,105000,105000
055569,聚陽統一98購01  ,0,0,0,0,0,0,0,0,0,105000,0,0,0,256000,151000,105000,105000
06308P,國巨元富97售06  ,0,0,0,0,0,0,0,0,0,105000,0,0,0,105000,0,105000,105000
044615,聯茂兆豐93購01  ,0,0,0,0,0,0,0,0,0,104000,0,0,0,104000,0,104000,104000
051075,智邦國泰97購01  ,0,0,0,0,0,0,0,0,0,104000,0,0,0,211000,107000,104000,104000
05502P,台表科國票97售01,0,0,0,0,0,0,0,0,0,104000,0,0,0,149000,45000,104000,104000
053888,和大群益97購01  ,0,0,0,0,0,0,0,0,0,104000,0,0,0,268000,164000,104000,104000
056335,微星凱基98購01  ,0,0,0,0,0,0,0,0,0,103000,0,0,0,194000,91000,103000,103000
055772,致茂凱基97購01  ,0,0,0,0,0,0,0,0,0,103000,0,0,0,143000,40000,103000,103000
050124,元金2X凱基95購01,0,0,0,0,0,0,0,0,0,103000,0,0,0,103000,0,103000,103000
056503,楠梓電永豐98購01,0,0,0,0,0,0,0,0,0,102000,0,0,0,293000,191000,102000,102000
056966,嘉晶永豐98購01  ,0,0,0,0,0,0,0,0,0,102000,0,0,0,102000,0,102000,102000
057545,國巨凱基99購05  ,0,0,0,0,0,0,0,0,0,102000,0,0,0,302000,200000,102000,102000
044836,宏達電元大93購05,0,0,0,0,0,0,0,0,0,102000,0,0,0,102000,0,102000,102000
051526,超眾凱基95購02  ,0,0,0,0,0,0,0,0,0,102000,0,0,0,115000,13000,102000,102000
054243,國喬元大96購01  ,0,0,0,0,0,0,0,0,0,102000,0,0,0,102000,0,102000,102000
05321P,鴻海凱基95售17  ,0,0,0,0,0,0,0,0,0,102000,0,0,0,105000,3000,102000,102000
053143,昇陽半永豐96購03,0,0,0,0,0,0,0,0,0,102000,0,0,0,113000,11000,102000,102000
05314P,臺股指群益95售13,0,0,0,0,0,0,0,0,0,102000,0,0,0,108000,6000,102000,102000
06368P,台積電凱基97售15,0,0,0,0,0,0,0,0,0,102000,0,0,0,106000,4000,102000,102000
06719P,台灣50群益9A售01,0,0,0,0,0,0,0,0,0,102000,0,0,0,142000,40000,102000,102000
05808P,臺股指國票96售01,0,0,0,0,0,0,0,0,0,101000,0,0,0,103000,2000,101000,101000
048805,瀚宇博富邦95購01,0,0,0,0,0,0,0,0,0,101000,0,0,0,101000,0,101000,101000
054153,宏達電國泰97購01,0,0,0,0,0,0,0,0,0,101000,0,0,0,131000,30000,101000,101000
055313,南電群益97購01  ,0,0,0,0,0,0,0,0,0,101000,0,0,0,222000,121000,101000,101000
055372,宏達電元大97購04,0,0,0,0,0,0,0,0,0,101000,0,0,0,103000,2000,101000,101000
05540P,亞德客凱基96售01,0,0,0,0,0,0,0,0,0,101000,0,0,0,171000,70000,101000,101000
054331,世芯永豐96購03  ,0,0,0,0,0,0,0,0,0,101000,0,0,0,398000,297000,101000,101000
054607,台積電永豐97購03,0,0,0,0,0,0,0,0,0,101000,0,0,0,178000,77000,101000,101000
06111P,上銀兆豐98售01  ,0,0,0,0,0,0,0,0,0,101000,0,0,0,105000,4000,101000,101000
05815P,台積電凱基97售06,0,0,0,0,0,0,0,0,0,100000,0,0,0,220000,120000,100000,100000
057567,嘉聯益富邦9A購01,0,0,0,0,0,0,0,0,0,100000,0,0,0,100000,0,100000,100000
056861,美律群益99購01  ,0,0,0,0,0,0,0,0,0,100000,0,0,0,120000,20000,100000,100000
057073,康控永豐98購01  ,0,0,0,0,0,0,0,0,0,100000,0,0,0,185000,85000,100000,100000
056270,群創統一98購04  ,0,0,0,0,0,0,0,0,0,100000,0,0,0,490000,390000,100000,100000
05563P,台積電元大97售07,0,0,0,0,0,0,0,0,0,100000,0,0,0,130000,30000,100000,100000
055954,南港元大97購02  ,0,0,0,0,0,0,0,0,0,100000,0,0,0,100000,0,100000,100000
056202,國揚永豐97購01  ,0,0,0,0,0,0,0,0,0,100000,0,0,0,100000,0,100000,100000
056136,京鼎元大98購01  ,0,0,0,0,0,0,0,0,0,100000,0,0,0,100000,0,100000,100000
048963,川湖元大94購01  ,0,0,0,0,0,0,0,0,0,100000,0,0,0,100000,0,100000,100000
047998,美律元大93購06  ,0,0,0,0,0,0,0,0,0,100000,0,0,0,100000,0,100000,100000
047188,聯詠元大93購04  ,0,0,0,0,0,0,0,0,0,100000,0,0,0,100000,0,100000,100000
047734,欣興兆豐94購02  ,0,0,0,0,0,0,0,0,0,100000,0,0,0,105000,5000,100000,100000
046931,聯詠統一93購01  ,0,0,0,0,0,0,0,0,0,100000,0,0,0,100000,0,100000,100000
04475P,欣興元大94售03  ,0,0,0,0,0,0,0,0,0,100000,0,0,0,100000,0,100000,100000
045484,聯電亞東94購01  ,0,0,0,0,0,0,0,0,0,100000,0,0,0,100000,0,100000,100000
03978P,瑞儀元大93售01  ,0,0,0,0,0,0,0,0,0,100000,0,0,0,100000,0,100000,100000
03921P,亞光凱基94售01  ,0,0,0,0,0,0,0,0,0,100000,0,0,0,100000,0,100000,100000
04146P,可成凱基93售14  ,0,0,0,0,0,0,0,0,0,100000,0,0,0,100000,0,100000,100000
04203P,超眾元大93售04  ,0,0,0,0,0,0,0,0,0,100000,0,0,0,100000,0,100000,100000
04273P,上証反凱基99售01,0,0,0,0,0,0,0,0,0,100000,0,0,0,100000,0,100000,100000
044487,元油2X元大94購01,0,0,0,0,0,0,0,0,0,100000,0,0,0,100000,0,100000,100000
047442,聯詠元大93購09  ,0,0,0,0,0,0,0,0,0,100000,0,0,0,100000,0,100000,100000
047604,智原國泰95購01  ,0,0,0,0,0,0,0,0,0,100000,0,0,0,100000,0,100000,100000
046389,百和凱基93購04  ,0,0,0,0,0,0,0,0,0,100000,0,0,0,100000,0,100000,100000
051578,智邦元大96購01  ,0,0,0,0,0,0,0,0,0,100000,0,0,0,208000,108000,100000,100000
05156P,群創兆豐95售01  ,0,0,0,0,0,0,0,0,0,100000,0,0,0,100000,0,100000,100000
051442,正崴元大95購02  ,0,0,0,0,0,0,0,0,0,100000,0,0,0,100000,0,100000,100000
051447,新光金元大97購01,0,0,0,0,0,0,0,0,0,100000,0,0,0,100000,0,100000,100000
050362,深中小元大94購04,0,0,0,0,0,0,0,0,0,100000,0,0,0,100000,0,100000,100000
04925P,和碩元大94售03  ,0,0,0,0,0,0,0,0,0,100000,0,0,0,100000,0,100000,100000
051998,昇陽半元大96購02,0,0,0,0,0,0,0,0,0,100000,0,0,0,110000,10000,100000,100000
050883,嘉聯益國泰96購01,0,0,0,0,0,0,0,0,0,100000,0,0,0,100000,0,100000,100000
049369,義隆元大95購01  ,0,0,0,0,0,0,0,0,0,100000,0,0,0,100000,0,100000,100000
051686,宏達電凱基95購04,0,0,0,0,0,0,0,0,0,100000,0,0,0,193000,93000,100000,100000
04964P,鴻海元大94售26  ,0,0,0,0,0,0,0,0,0,100000,0,0,0,101000,1000,100000,100000
049859,味全兆豐95購01  ,0,50000,-50000,0,0,0,0,0,0,150000,0,0,0,210000,60000,150000,100000
05108P,欣興中信95售02  ,0,0,0,0,0,0,0,0,0,100000,0,0,0,100000,0,100000,100000
051091,聯發科元大95購07,0,0,0,0,0,0,0,0,0,100000,0,0,0,100000,0,100000,100000
049489,美律元大94購05  ,0,0,0,0,0,0,0,0,0,100000,0,0,0,100000,0,100000,100000
050994,欣興元大96購03  ,0,0,0,0,0,0,0,0,0,100000,0,0,0,123000,23000,100000,100000
05023P,和碩凱基95售01  ,0,0,0,0,0,0,0,0,0,100000,0,0,0,100000,0,100000,100000
049981,臺企銀凱基94購01,0,0,0,0,0,0,0,0,0,100000,0,0,0,100000,0,100000,100000
05450P,臺股指元大95售27,0,0,0,0,0,0,0,0,0,100000,0,0,0,229000,129000,100000,100000
054525,奇鋐元富96購01  ,0,0,0,0,0,0,0,0,0,100000,0,0,0,100000,0,100000,100000
054424,大成鋼富邦97購02,0,0,0,0,0,0,0,0,0,100000,0,0,0,100000,0,100000,100000
054397,創意永豐96購05  ,0,0,0,0,0,0,0,0,0,100000,0,0,0,100000,0,100000,100000
054459,鈺齊群益96購01  ,0,0,0,0,0,0,0,0,0,100000,0,0,0,111000,11000,100000,100000
055219,啟碁凱基98購01  ,0,0,0,0,0,0,0,0,0,100000,0,0,0,100000,0,100000,100000
054227,宏達電元富96購02,0,0,0,0,0,0,0,0,0,100000,0,0,0,100000,0,100000,100000
054091,晶豪科群益96購01,0,0,0,0,0,0,0,0,0,100000,0,0,0,105000,5000,100000,100000
054039,元油反元大96購08,0,0,0,0,0,0,0,0,0,100000,0,0,0,2096000,1996000,100000,100000
053933,大立光統一96購06,0,0,0,0,0,0,0,0,0,100000,0,0,0,100000,0,100000,100000
053828,貿聯麥證96購01  ,0,0,0,120000,20000,100000,0,0,0,100000,0,0,0,120000,20000,100000,100000
053386,聯詠元大96購03  ,0,0,0,0,0,0,0,0,0,100000,0,0,0,100000,0,100000,100000
053555,日月光凱基97購01,0,0,0,0,0,0,0,0,0,100000,0,0,0,100000,0,100000,100000
053471,正崴元大96購01  ,0,0,0,0,0,0,0,0,0,100000,0,0,0,100000,0,100000,100000
056997,台灣50康和9A購02,0,0,0,0,0,0,0,0,0,99000,0,0,0,136000,37000,99000,99000
057592,美律兆豐99購01  ,0,0,0,0,0,0,0,0,0,99000,0,0,0,172000,73000,99000,99000
05770P,聯發科凱基96售16,0,0,0,0,0,0,0,0,0,99000,0,0,0,110000,11000,99000,99000
05798P,臺股指群益96售12,0,0,0,0,0,0,0,0,0,99000,0,0,0,110000,11000,99000,99000
044463,全新兆豐93購01  ,0,0,0,0,0,0,0,0,0,99000,0,0,0,100000,1000,99000,99000
04028P,燿華凱基94售02  ,0,0,0,0,0,0,0,0,0,99000,0,0,0,100000,1000,99000,99000
05089P,亞德客元大95售01,0,0,0,0,0,0,0,0,0,99000,0,0,0,109000,10000,99000,99000
052792,大立光兆豐96購01,0,0,0,0,0,0,0,0,0,99000,0,0,0,105000,6000,99000,99000
051492,臻鼎凱基95購01  ,0,0,0,0,0,0,0,0,0,99000,0,0,0,100000,1000,99000,99000
054121,奇鋐永豐96購02  ,0,0,0,0,0,0,0,0,0,99000,0,0,0,100000,1000,99000,99000
055375,京鼎元大97購03  ,0,0,0,0,0,0,0,0,0,99000,0,0,0,166000,67000,99000,99000
054349,同欣電國票97購02,0,0,0,0,0,0,0,0,0,99000,0,0,0,110000,11000,99000,99000
057107,華新科群益98購06,0,0,0,0,0,0,0,0,0,98000,0,0,0,746000,648000,98000,98000
056160,智易凱基97購03  ,0,0,0,0,0,0,0,0,0,98000,0,0,0,98000,0,98000,98000
055571,鴻海統一97購03  ,0,0,0,0,0,0,0,0,0,98000,0,0,0,108000,10000,98000,98000
055684,京鼎凱基97購01  ,0,0,0,0,0,0,0,0,0,98000,0,0,0,128000,30000,98000,98000
055759,技嘉群益98購02  ,0,0,0,0,0,0,0,0,0,98000,0,0,0,219000,121000,98000,98000
04417P,光罩國泰95售02  ,0,0,0,0,0,0,0,0,0,98000,0,0,0,240000,142000,98000,98000
046696,可成凱基93購02  ,0,0,0,0,0,0,0,0,0,98000,0,0,0,123000,25000,98000,98000
048735,美利達麥證95購01,0,0,0,98000,0,98000,0,0,0,98000,0,0,0,98000,0,98000,98000
051607,緯創群益96購02  ,0,0,0,0,0,0,0,0,0,98000,0,0,0,98000,0,98000,98000
050116,嘉澤元大94購03  ,0,0,0,0,0,0,0,0,0,98000,0,0,0,102000,4000,98000,98000
051676,康舒元大95購01  ,0,0,0,0,0,0,0,0,0,98000,0,0,0,100000,2000,98000,98000
054783,國巨群益98購04  ,0,0,0,0,0,0,0,0,0,98000,0,0,0,185000,87000,98000,98000
054884,友達統一99購01  ,0,0,0,0,0,0,0,0,0,98000,0,0,0,133000,35000,98000,98000
054199,大立光永昌96購07,0,0,0,0,0,0,0,0,0,98000,0,0,0,108000,10000,98000,98000
053757,聯發科國泰96購04,0,0,0,0,0,0,0,0,0,98000,0,0,0,98000,0,98000,98000
053447,京鼎凱基96購03  ,0,0,0,0,0,0,0,0,0,98000,0,0,0,98000,0,98000,98000
053061,GIS富邦97購01   ,0,0,0,0,0,0,0,0,0,98000,0,0,0,98000,0,98000,98000
06553P,訊芯元大98售05  ,0,0,0,0,0,0,0,0,0,98000,0,0,0,148000,50000,98000,98000
055776,宏達電凱基98購02,0,0,0,0,0,0,0,0,0,97000,0,0,0,107000,10000,97000,97000
056401,國巨群益98購07  ,0,0,0,0,0,0,0,0,0,97000,0,0,0,110000,13000,97000,97000
057328,京鼎群益99購02  ,0,0,0,0,0,0,0,0,0,97000,0,0,0,97000,0,97000,97000
047445,創意元大93購04  ,0,0,0,0,0,0,0,0,0,97000,0,0,0,97000,0,97000,97000
045456,鴻海元大93購04  ,0,0,0,0,0,0,0,0,0,97000,0,0,0,97000,0,97000,97000
051508,元黃金中信97購01,0,0,0,0,0,0,0,0,0,97000,0,0,0,100000,3000,97000,97000
051426,道瓊反統一95購02,0,0,0,0,0,0,0,0,0,97000,0,0,0,100000,3000,97000,97000
05036P,義隆元大95售03  ,0,0,0,0,0,0,0,0,0,97000,0,0,0,97000,0,97000,97000
053651,台光電凱基98購01,0,0,0,0,0,0,0,0,0,97000,0,0,0,118000,21000,97000,97000
054458,復盛群益96購01  ,0,0,0,0,0,0,0,0,0,97000,0,0,0,107000,10000,97000,97000
055540,京鼎台新97購01  ,0,0,0,0,0,0,0,0,0,97000,0,0,0,97000,0,97000,97000
06280P,臺股指凱基97售12,0,0,0,0,0,0,0,0,0,97000,0,0,0,97000,0,97000,97000
4746,台耀            ,183000,87000,96000,0,0,0,0,0,0,1000,5000,4000,1000,0,0,0,97000
049101,聯詠國泰95購01  ,0,0,0,0,0,0,0,0,0,96000,0,0,0,112000,16000,96000,96000
049159,同欣電中信96購01,0,0,0,0,0,0,0,0,0,96000,0,0,0,126000,30000,96000,96000
048856,高鐵群益94購01  ,0,0,0,0,0,0,0,0,0,96000,0,0,0,97000,1000,96000,96000
049512,可成凱基94購06  ,0,0,0,0,0,0,0,0,0,96000,0,0,0,300000,204000,96000,96000
050197,矽格元大94購04  ,0,0,0,0,0,0,0,0,0,96000,0,0,0,101000,5000,96000,96000
054647,禾伸堂群益99購01,0,0,0,0,0,0,0,0,0,96000,0,0,0,461000,365000,96000,96000
054639,台新金中信99購01,0,0,0,0,0,0,0,0,0,96000,0,0,0,96000,0,96000,96000
053442,光罩凱基96購01  ,0,0,0,0,0,0,0,0,0,96000,0,0,0,96000,0,96000,96000
6706,惠特            ,155000,53000,102000,0,0,0,0,0,0,-6000,0,6000,-6000,0,0,0,96000
1712,興農            ,203000,102000,101000,0,0,0,0,0,0,-5000,0,5000,-5000,0,0,0,96000
045640,嘉晶凱基93購01  ,0,0,0,0,0,0,0,0,0,95000,0,0,0,111000,16000,95000,95000
052806,玉晶光元大98購04,0,0,0,0,0,0,0,0,0,95000,0,0,0,259000,164000,95000,95000
052005,矽力國泰97購02  ,0,0,0,0,0,0,0,0,0,95000,0,0,0,162000,67000,95000,95000
052513,大立光凱基95購13,0,0,0,0,0,0,0,0,0,95000,0,0,0,95000,0,95000,95000
053550,聯發科凱基96購15,0,0,0,0,0,0,0,0,0,95000,0,0,0,118000,23000,95000,95000
05436P,台積電群益95售07,0,0,0,0,0,0,0,0,0,95000,0,0,0,120000,25000,95000,95000
055435,佳世達中信99購01,0,0,0,0,0,0,0,0,0,95000,0,0,0,135000,40000,95000,95000
05703P,矽力群益96售03  ,0,0,0,0,0,0,0,0,0,94000,0,0,0,141000,47000,94000,94000
057690,美律凱基99購03  ,0,0,0,0,0,0,0,0,0,94000,0,0,0,94000,0,94000,94000
056366,玉晶光元大99購04,0,0,0,0,0,0,0,0,0,94000,0,0,0,108000,14000,94000,94000
04491P,光磊康和94售01  ,0,0,0,0,0,0,0,0,0,94000,0,0,0,94000,0,94000,94000
047536,正崴日盛93購01  ,0,0,0,0,0,0,0,0,0,94000,0,0,0,94000,0,94000,94000
046268,嘉晶凱基93購02  ,0,0,0,0,0,0,0,0,0,94000,0,0,0,164000,70000,94000,94000
046722,智邦元大93購02  ,0,0,0,0,0,0,0,0,0,94000,0,0,0,94000,0,94000,94000
052652,台虹永豐96購01  ,0,0,0,0,0,0,0,0,0,94000,0,0,0,174000,80000,94000,94000
049499,康控元大96購01  ,0,0,0,0,0,0,0,0,0,94000,0,0,0,169000,75000,94000,94000
049525,華新科兆豐94購01,0,0,0,0,0,0,0,0,0,94000,0,0,0,94000,0,94000,94000
05062P,大立光富邦98售03,0,0,0,0,0,0,0,0,0,94000,0,0,0,95000,1000,94000,94000
055389,國巨統一98購02  ,0,0,0,0,0,0,0,0,0,94000,0,0,0,94000,0,94000,94000
2363,矽統            ,244000,145000,99000,0,0,0,0,0,0,-5000,0,5000,-5000,0,0,0,94000
06263P,燿華凱基97售04  ,0,0,0,0,0,0,0,0,0,94000,0,0,0,95000,1000,94000,94000
055721,聯詠元大97購04  ,0,0,0,0,0,0,0,0,0,93000,0,0,0,93000,0,93000,93000
056892,旺宏元大9A購02  ,0,0,0,0,0,0,0,0,0,93000,0,0,0,152000,59000,93000,93000
03253P,台灣50國泰03售02,0,0,0,0,0,0,0,0,0,93000,0,0,0,100000,7000,93000,93000
050760,矽力元富94購03  ,0,0,0,0,0,0,0,0,0,93000,0,0,0,93000,0,93000,93000
053967,華邦電元大96購03,0,0,0,0,0,0,0,0,0,93000,0,0,0,402000,309000,93000,93000
3380,明泰            ,132000,197000,-65000,0,0,0,0,0,0,158000,108000,14000,94000,69000,5000,64000,93000
3504,揚明光          ,176000,62000,114000,0,0,0,0,0,0,-21000,0,0,0,0,21000,-21000,93000
056890,國巨元大98購11  ,0,0,0,0,0,0,0,0,0,92000,0,0,0,300000,208000,92000,92000
057563,旭富國泰9A購01  ,0,0,0,0,0,0,0,0,0,92000,0,0,0,187000,95000,92000,92000
057531,禾伸堂元大99購04,0,0,0,0,0,0,0,0,0,92000,0,0,0,216000,124000,92000,92000
056513,臻鼎亞東99購01  ,0,0,0,0,0,0,0,0,0,92000,0,0,0,92000,0,92000,92000
03415B,臺股指元大93熊49,0,0,0,0,0,0,0,0,0,92000,0,0,0,134000,42000,92000,92000
03416B,臺股指凱基95熊05,0,0,0,0,0,0,0,0,0,92000,0,0,0,136000,44000,92000,92000
048177,臺指反富邦99購01,0,0,0,0,0,0,0,0,0,92000,0,0,0,92000,0,92000,92000
05423P,聯電亞東95售02  ,0,0,0,0,0,0,0,0,0,92000,0,0,0,92000,0,92000,92000
06557P,台積電兆豐98售02,0,0,0,0,0,0,0,0,0,92000,0,0,0,106000,14000,92000,92000
2108,南帝            ,258000,165000,93000,0,0,0,0,0,0,-1000,0,1000,-1000,0,0,0,92000
05694P,台積電凱基96售09,0,0,0,0,0,0,0,0,0,91000,0,0,0,206000,115000,91000,91000
048057,宏達電國泰94購02,0,0,0,0,0,0,0,0,0,91000,0,0,0,91000,0,91000,91000
055488,華邦電元大98購01,0,0,0,0,0,0,0,0,0,91000,0,0,0,117000,26000,91000,91000
054803,味全元大9A購01  ,0,0,0,0,0,0,0,0,0,91000,0,0,0,102000,11000,91000,91000
054812,鴻海元大97購08  ,0,0,0,0,0,0,0,0,0,91000,0,0,0,511000,420000,91000,91000
057333,智邦國票99購01  ,0,0,0,0,0,0,0,0,0,90000,0,0,0,124000,34000,90000,90000
056379,玉晶光元富98購01,0,0,0,0,0,0,0,0,0,90000,0,0,0,109000,19000,90000,90000
056001,美食永豐97購01  ,0,0,0,0,0,0,0,0,0,90000,0,0,0,90000,0,90000,90000
048048,大立光永豐93購03,0,0,0,0,0,0,0,0,0,90000,0,0,0,140000,50000,90000,90000
048249,嘉澤兆豐94購01  ,0,0,0,0,0,0,0,0,0,90000,0,0,0,110000,20000,90000,90000
047194,世紀鋼元大96購01,0,0,0,0,0,0,0,0,0,90000,0,0,0,90000,0,90000,90000
049130,臺指反元大98購01,0,0,0,0,0,0,0,0,0,90000,0,0,0,90000,0,90000,90000
048991,昇陽半元大94購01,0,0,0,0,0,0,0,0,0,90000,0,0,0,90000,0,90000,90000
040160,SP黃豆元富95購01,0,0,0,0,0,0,0,0,0,90000,0,0,0,100000,10000,90000,90000
044759,新日興凱基93購01,0,0,0,0,0,0,0,0,0,90000,0,0,0,90000,0,90000,90000
044997,信邦國泰93購01  ,0,0,0,0,0,0,0,0,0,90000,0,0,0,90000,0,90000,90000
049734,瑞昱群益94購02  ,0,0,0,0,0,0,0,0,0,90000,0,0,0,101000,11000,90000,90000
049693,可成元大94購08  ,0,0,0,0,0,0,0,0,0,90000,0,0,0,217000,127000,90000,90000
051618,智邦凱基95購06  ,0,0,0,0,0,0,0,0,0,90000,0,0,0,159000,69000,90000,90000
050327,泰鼎永豐94購03  ,0,0,0,0,0,0,0,0,0,90000,0,0,0,100000,10000,90000,90000
054964,智易元大99購01  ,0,0,0,0,0,0,0,0,0,90000,0,0,0,90000,0,90000,90000
055396,瑞儀統一97購01  ,0,0,0,0,0,0,0,0,0,90000,0,0,0,148000,58000,90000,90000
055348,旺宏凱基97購01  ,0,0,0,0,0,0,0,0,0,90000,0,0,0,90000,0,90000,90000
055128,致新兆豐97購01  ,0,0,0,0,0,0,0,0,0,90000,0,0,0,90000,0,90000,90000
053619,和碩群益96購01  ,0,0,0,0,0,0,0,0,0,90000,0,0,0,130000,40000,90000,90000
05323P,瑞昱凱基96售02  ,0,0,0,0,0,0,0,0,0,90000,0,0,0,91000,1000,90000,90000
06124P,超眾元大97售03  ,0,0,0,0,0,0,0,0,0,90000,0,0,0,100000,10000,90000,90000
06151P,華新科元大97售07,0,0,0,0,0,0,0,0,0,90000,0,0,0,90000,0,90000,90000
6165,捷泰            ,101000,11000,90000,0,0,0,0,0,0,0,0,0,0,0,0,0,90000
056049,奇力新國票98購01,0,0,0,0,0,0,0,0,0,89000,0,0,0,125000,36000,89000,89000
057170,瑞昱元大98購01  ,0,0,0,0,0,0,0,0,0,89000,0,0,0,132000,43000,89000,89000
056967,奇鋐永豐98購01  ,0,0,0,0,0,0,0,0,0,89000,0,0,0,89000,0,89000,89000
05956P,漢唐國票96售02  ,0,0,0,0,0,0,0,0,0,89000,0,0,0,89000,0,89000,89000
03765P,大立光元富96售01,0,0,0,0,0,0,0,0,0,89000,0,0,0,89000,0,89000,89000
048010,嘉聯益富邦97購01,0,0,0,0,0,0,0,0,0,89000,0,0,0,140000,51000,89000,89000
051823,矽力元富95購02  ,0,0,0,0,0,0,0,0,0,89000,0,0,0,104000,15000,89000,89000
05132P,鴻海元富95售07  ,0,0,0,0,0,0,0,0,0,89000,0,0,0,89000,0,89000,89000
053079,世紀鋼永豐96購01,0,0,0,0,0,0,0,0,0,89000,0,0,0,89000,0,89000,89000
053319,可成群益96購04  ,0,0,0,0,0,0,0,0,0,89000,0,0,0,150000,61000,89000,89000
055155,奇力新元大99購01,0,0,0,0,0,0,0,0,0,89000,0,0,0,89000,0,89000,89000
05488P,臺股指凱基95售21,0,0,0,0,0,0,0,0,0,89000,0,0,0,89000,0,89000,89000
054834,帆宣中信97購01  ,0,0,0,0,0,0,0,0,0,89000,0,0,0,89000,0,89000,89000
06028P,智邦台新97售01  ,0,0,0,0,0,0,0,0,0,89000,0,0,0,89000,0,89000,89000
057578,可成中信99購01  ,0,0,0,0,0,0,0,0,0,88000,0,0,0,286000,198000,88000,88000
056075,瀚宇博元大97購03,0,0,0,0,0,0,0,0,0,88000,0,0,0,132000,44000,88000,88000
047837,嘉晶元大93購01  ,0,0,0,0,0,0,0,0,0,88000,0,0,0,98000,10000,88000,88000
048645,創意元大94購02  ,0,0,0,0,0,0,0,0,0,88000,0,0,0,88000,0,88000,88000
03935P,可成富邦95售01  ,0,0,0,0,0,0,0,0,0,88000,0,0,0,88000,0,88000,88000
048612,嘉晶凱基93購05  ,0,0,0,0,0,0,0,0,0,88000,0,0,0,94000,6000,88000,88000
051298,智邦凱基95購03  ,0,0,0,0,0,0,0,0,0,88000,0,0,0,88000,0,88000,88000
053125,宏達電凱基96購01,0,0,0,0,0,0,0,0,0,88000,0,0,0,88000,0,88000,88000
053977,新日興元大96購03,0,0,0,0,0,0,0,0,0,88000,0,0,0,96000,8000,88000,88000
06477P,緯穎國票99售02  ,0,0,0,0,0,0,0,0,0,88000,0,0,0,88000,0,88000,88000
9939,宏全            ,134000,184000,-50000,0,0,0,180000,0,180000,-42000,19000,50000,-31000,13000,24000,-11000,88000
056086,奇力新統一98購01,0,0,0,0,0,0,0,0,0,87000,0,0,0,218000,131000,87000,87000
056567,瀚宇博群益98購02,0,0,0,0,0,0,0,0,0,87000,0,0,0,115000,28000,87000,87000
057579,長榮航中信9A購01,0,0,0,0,0,0,0,0,0,87000,0,0,0,100000,13000,87000,87000
057816,欣興元大98購13  ,0,0,0,0,0,0,0,0,0,87000,0,0,0,116000,29000,87000,87000
048622,南電凱基93購07  ,0,0,0,0,0,0,0,0,0,87000,0,0,0,282000,195000,87000,87000
04854P,鴻海國泰96售04  ,0,0,0,0,0,0,0,0,0,87000,0,0,0,420000,333000,87000,87000
048670,華新科永豐93購03,0,0,0,0,0,0,0,0,0,87000,0,0,0,167000,80000,87000,87000
054784,順德群益9A購01  ,0,0,0,0,0,0,0,0,0,87000,0,0,0,87000,0,87000,87000
05439P,聯發科國票95售06,0,0,0,0,0,0,0,0,0,87000,0,0,0,109000,22000,87000,87000
5305,敦南            ,188000,98000,90000,0,0,0,0,0,0,-3000,0,3000,-3000,0,0,0,87000
06273P,台表科凱基97售04,0,0,0,0,0,0,0,0,0,87000,0,0,0,87000,0,87000,87000
06822P,上銀富邦99售03  ,0,0,0,0,0,0,0,0,0,87000,0,0,0,177000,90000,87000,87000
055861,矽力元大97購03  ,0,0,0,0,0,0,0,0,0,86000,0,0,0,96000,10000,86000,86000
044578,緯創凱基93購02  ,0,0,0,0,0,0,0,0,0,86000,0,0,0,86000,0,86000,86000
051826,智邦元大95購03  ,0,0,0,0,0,0,0,0,0,86000,0,0,0,201000,115000,86000,86000
051545,裕隆康和95購01  ,60000,0,60000,0,0,0,0,0,0,26000,0,0,0,86000,60000,26000,86000
050897,嘉晶元大95購03  ,0,0,0,0,0,0,0,0,0,86000,0,0,0,202000,116000,86000,86000
049365,美律元大94購04  ,0,0,0,0,0,0,0,0,0,86000,0,0,0,86000,0,86000,86000
050546,可成凱基94購13  ,0,0,0,0,0,0,0,0,0,86000,0,0,0,91000,5000,86000,86000
054830,世芯國泰99購01  ,0,0,0,0,0,0,0,0,0,86000,0,0,0,86000,0,86000,86000
05375P,健策國票96售02  ,0,0,0,0,0,0,0,0,0,86000,0,0,0,210000,124000,86000,86000
06600P,貿聯永豐98售01  ,0,0,0,0,0,0,0,0,0,86000,0,0,0,86000,0,86000,86000
06671P,台積電群益98售04,0,0,0,0,0,0,0,0,0,86000,0,0,0,571000,485000,86000,86000
056651,聯茂凱基98購04  ,0,0,0,0,0,0,0,0,0,85000,0,0,0,306000,221000,85000,85000
056808,台積電統一98購06,0,0,0,0,0,0,0,0,0,85000,0,0,0,288000,203000,85000,85000
056751,和大兆豐98購01  ,0,0,0,0,0,0,0,0,0,85000,0,0,0,90000,5000,85000,85000
043656,上証反元大94購01,0,0,0,0,0,0,0,0,0,85000,0,0,0,185000,100000,85000,85000
049005,可成中信95購01  ,0,0,0,0,0,0,0,0,0,85000,0,0,0,140000,55000,85000,85000
052133,華邦電凱基9B購01,0,0,0,0,0,0,0,0,0,85000,0,0,0,97000,12000,85000,85000
049587,美律元大95購01  ,0,0,0,0,0,0,0,0,0,85000,0,0,0,130000,45000,85000,85000
052548,旺宏亞東96購01  ,0,0,0,0,0,0,0,0,0,85000,0,0,0,110000,25000,85000,85000
053870,正文元大96購01  ,0,0,0,0,0,0,0,0,0,85000,0,0,0,114000,29000,85000,85000
053341,聯發科國票97購03,0,0,0,0,0,0,0,0,0,85000,0,0,0,620000,535000,85000,85000
053594,京鼎元大96購02  ,0,0,0,0,0,0,0,0,0,85000,0,0,0,85000,0,85000,85000
055154,聯發科元大98購01,0,0,0,0,0,0,0,0,0,85000,0,0,0,103000,18000,85000,85000
05516P,台積電元大96售12,0,0,0,0,0,0,0,0,0,85000,0,0,0,174000,89000,85000,85000
055239,帆宣台新97購01  ,0,0,0,0,0,0,0,0,0,85000,0,0,0,117000,32000,85000,85000
08388P,台灣50中信03售09,0,0,0,0,0,0,0,0,0,85000,0,0,0,85000,0,85000,85000
8021,尖點            ,160000,74000,86000,0,0,0,0,0,0,-1000,0,1000,-1000,0,0,0,85000
057265,聯詠兆豐98購01  ,0,0,0,0,0,0,0,0,0,84000,0,0,0,85000,1000,84000,84000
048000,義隆元大93購03  ,0,0,0,0,0,0,0,0,0,84000,0,0,0,84000,0,84000,84000
03520P,臺股指國票02售09,0,0,0,0,0,0,0,0,0,84000,0,0,0,84000,0,84000,84000
050176,正崴元大94購03  ,0,0,0,0,0,0,0,0,0,84000,0,0,0,90000,6000,84000,84000
054893,帆宣統一99購01  ,0,0,0,0,0,0,0,0,0,84000,0,0,0,94000,10000,84000,84000
05419P,矽力永豐95售02  ,0,0,0,0,0,0,0,0,0,84000,0,0,0,108000,24000,84000,84000
9911,櫻花            ,361000,278000,83000,0,0,0,0,0,0,1000,1000,0,1000,0,0,0,84000
3518,柏騰            ,159000,75000,84000,0,0,0,0,0,0,0,0,0,0,0,0,0,84000
06017P,亞光凱基96售04  ,0,0,0,0,0,0,0,0,0,84000,0,0,0,84000,0,84000,84000
056909,嘉聯益元大99購03,0,0,0,0,0,0,0,0,0,83000,0,0,0,113000,30000,83000,83000
057003,立積國票98購01  ,0,0,0,0,0,0,0,0,0,83000,0,0,0,83000,0,83000,83000
055989,矽力元富9A購01  ,0,0,0,0,0,0,0,0,0,83000,0,0,0,145000,62000,83000,83000
04439P,聯發科群益94售04,0,0,0,0,0,0,0,0,0,83000,0,0,0,101000,18000,83000,83000
048453,嘉澤凱基93購05  ,0,0,0,0,0,0,0,0,0,83000,0,0,0,83000,0,83000,83000
050791,聯發科富邦96購01,0,0,0,0,0,0,0,0,0,83000,0,0,0,120000,37000,83000,83000
050445,鴻海元大94購21  ,0,0,0,0,0,0,0,0,0,83000,0,0,0,629000,546000,83000,83000
049586,正崴元大94購01  ,0,0,0,0,0,0,0,0,0,83000,0,0,0,136000,53000,83000,83000
051862,旺宏凱基95購05  ,0,0,0,0,0,0,0,0,0,83000,0,0,0,100000,17000,83000,83000
051769,矽力元大95購01  ,0,0,0,0,0,0,0,0,0,82000,0,0,0,82000,0,82000,82000
06062P,宏達電元富97售01,0,0,0,0,0,0,0,0,0,82000,0,0,0,82000,0,82000,82000
056998,麗豐康和98購01  ,0,0,0,0,0,0,0,0,0,81000,0,0,0,81000,0,81000,81000
048555,技嘉元大93購02  ,0,0,0,0,0,0,0,0,0,81000,0,0,0,171000,90000,81000,81000
03421B,臺股指元大99熊01,0,0,0,0,0,0,0,0,0,81000,0,0,0,81000,0,81000,81000
052179,康友元大95購03  ,0,0,0,0,0,0,0,0,0,81000,0,0,0,184000,103000,81000,81000
050685,緯穎元富94購02  ,0,0,0,0,0,0,0,0,0,81000,0,0,0,115000,34000,81000,81000
051645,光寶科永豐95購01,0,0,0,0,0,0,0,0,0,81000,0,0,0,131000,50000,81000,81000
051150,宏達電凱基95購02,0,0,0,0,0,0,0,0,0,81000,0,0,0,81000,0,81000,81000
05310P,智原永豐95售04  ,0,0,0,0,0,0,0,0,0,81000,0,0,0,101000,20000,81000,81000
06410P,祥碩統一97售01  ,0,0,0,0,0,0,0,0,0,81000,0,0,0,81000,0,81000,81000
057412,臺股指群益99購06,0,0,0,0,0,0,0,0,0,80000,0,0,0,100000,20000,80000,80000
05972P,瑞昱元大96售01  ,0,0,0,0,0,0,0,0,0,80000,0,0,0,85000,5000,80000,80000
05923P,旺宏元富96售05  ,0,0,0,0,0,0,0,0,0,80000,0,0,0,100000,20000,80000,80000
05214P,台積電國票97售02,0,0,0,0,0,0,0,0,0,80000,0,0,0,80000,0,80000,80000
049154,玉晶光元大95購02,0,0,0,0,0,0,0,0,0,80000,0,0,0,102000,22000,80000,80000
04833P,鴻海元大94售16  ,0,0,0,0,0,0,0,0,0,80000,0,0,0,132000,52000,80000,80000
048237,致茂國票94購01  ,0,0,0,0,0,0,0,0,0,80000,0,0,0,80000,0,80000,80000
047343,台達電中信95購01,0,0,0,0,0,0,0,0,0,80000,0,0,0,85000,5000,80000,80000
04250P,嘉晶統一95售02  ,0,0,0,0,0,0,0,0,0,80000,0,0,0,100000,20000,80000,80000
04638P,臺股指群益94售13,0,0,0,0,0,0,0,0,0,80000,0,0,0,80000,0,80000,80000
052538,和大統一95購02  ,0,0,0,0,0,0,0,0,0,80000,0,0,0,80000,0,80000,80000
049269,超眾元大96購02  ,0,0,0,0,0,0,0,0,0,80000,0,0,0,80000,0,80000,80000
052744,聯詠元大97購01  ,0,0,0,0,0,0,0,0,0,80000,0,0,0,100000,20000,80000,80000
051570,和碩富邦97購01  ,0,0,0,0,0,0,0,0,0,80000,0,0,0,212000,132000,80000,80000
05129P,鴻海兆豐95售02  ,0,0,0,0,0,0,0,0,0,80000,0,0,0,80000,0,80000,80000
049355,元油2X富邦96購04,0,0,0,0,0,0,0,0,0,80000,0,0,0,190000,110000,80000,80000
050174,技嘉元大94購01  ,0,0,0,0,0,0,0,0,0,80000,0,0,0,95000,15000,80000,80000
049475,高鐵永豐94購01  ,0,0,0,0,0,0,0,0,0,80000,0,0,0,80000,0,80000,80000
051114,鈺齊中信95購01  ,0,0,0,0,0,0,0,0,0,80000,0,0,0,162000,82000,80000,80000
054188,欣興永豐96購03  ,0,0,0,0,0,0,0,0,0,80000,0,0,0,156000,76000,80000,80000
054120,奇力新永豐96購01,0,0,0,0,0,0,0,0,0,80000,0,0,0,82000,2000,80000,80000
053385,聯詠元大96購02  ,0,0,0,0,0,0,0,0,0,80000,0,0,0,90000,10000,80000,80000
053458,聯詠國泰97購01  ,0,0,0,0,0,0,0,0,0,80000,0,0,0,80000,0,80000,80000
053315,漢唐群益96購02  ,0,0,0,0,0,0,0,0,0,80000,0,0,0,80000,0,80000,80000
052964,台表科凱基96購03,0,0,0,0,0,0,0,0,0,80000,0,0,0,80000,0,80000,80000
054932,台肥元大97購01  ,0,0,0,0,0,0,0,0,0,80000,0,0,0,90000,10000,80000,80000
054745,智易凱基97購01  ,0,0,0,0,0,0,0,0,0,80000,0,0,0,100000,20000,80000,80000
055032,億光富邦99購01  ,0,0,0,0,0,0,0,0,0,80000,0,0,0,140000,60000,80000,80000
06675P,國巨國票99售02  ,0,0,0,0,0,0,0,0,0,80000,0,0,0,147000,67000,80000,80000
055964,正文元大97購02  ,0,0,0,0,0,0,0,0,0,79000,0,0,0,128000,49000,79000,79000
05621P,聯電中信96售01  ,0,0,0,0,0,0,0,0,0,79000,0,0,0,225000,146000,79000,79000
056362,聯發科元大99購01,0,0,0,0,0,0,0,0,0,79000,0,0,0,731000,652000,79000,79000
048509,上証反凱基99購02,0,0,0,0,0,0,0,0,0,79000,0,0,0,80000,1000,79000,79000
051116,可成麥證95購01  ,0,0,0,130000,51000,79000,0,0,0,79000,0,0,0,130000,51000,79000,79000
055261,帆宣統一98購01  ,0,0,0,0,0,0,0,0,0,79000,0,0,0,79000,0,79000,79000
055508,矽力元大97購01  ,0,0,0,0,0,0,0,0,0,79000,0,0,0,94000,15000,79000,79000
054972,聯茂元大97購02  ,0,0,0,0,0,0,0,0,0,79000,0,0,0,581000,502000,79000,79000
06501P,臺股指元大9A售06,0,0,0,0,0,0,0,0,0,79000,0,0,0,80000,1000,79000,79000
056231,嘉聯益凱基97購02,0,0,0,0,0,0,0,0,0,78000,0,0,0,99000,21000,78000,78000
056432,鴻海凱基98購08  ,0,0,0,0,0,0,0,0,0,78000,0,0,0,267000,189000,78000,78000
056042,京鼎凱基97購02  ,0,0,0,0,0,0,0,0,0,78000,0,0,0,78000,0,78000,78000
055876,美食元富9A購01  ,0,0,0,0,0,0,0,0,0,78000,0,0,0,127000,49000,78000,78000
055799,致茂永豐97購02  ,0,0,0,0,0,0,0,0,0,78000,0,0,0,78000,0,78000,78000
055714,智邦元大97購03  ,0,0,0,0,0,0,0,0,0,78000,0,0,0,111000,33000,78000,78000
055579,健策統一9A購01  ,0,0,0,0,0,0,0,0,0,78000,0,0,0,178000,100000,78000,78000
05850P,台積電兆豐96售06,0,0,0,0,0,0,0,0,0,78000,0,0,0,93000,15000,78000,78000
057685,台灣50凱基9C購01,0,0,0,0,0,0,0,0,0,78000,0,0,0,224000,146000,78000,78000
057618,台光電凱基99購01,0,0,0,0,0,0,0,0,0,78000,0,0,0,81000,3000,78000,78000
057294,台灣50永豐99購01,0,0,0,0,0,0,0,0,0,78000,0,0,0,411000,333000,78000,78000
048125,和鑫元大96購01  ,0,0,0,0,0,0,0,0,0,78000,0,0,0,80000,2000,78000,78000
05073P,臺股指中信95售09,0,0,0,0,0,0,0,0,0,78000,0,0,0,78000,0,78000,78000
050075,南電凱基94購04  ,0,0,0,0,0,0,0,0,0,78000,0,0,0,305000,227000,78000,78000
054016,嘉晶永豐96購04  ,0,0,0,0,0,0,0,0,0,78000,0,0,0,147000,69000,78000,78000
046191,新光金凱基98購01,0,0,0,0,0,0,0,0,0,77000,0,0,0,90000,13000,77000,77000
045585,欣興元大93購03  ,0,0,0,0,0,0,0,0,0,77000,0,0,0,96000,19000,77000,77000
050642,和大凱基94購03  ,0,0,0,0,0,0,0,0,0,77000,0,0,0,77000,0,77000,77000
053626,台積電兆豐96購03,0,0,0,0,0,0,0,0,0,77000,0,0,0,579000,502000,77000,77000
052892,大成鋼群益96購01,0,0,0,0,0,0,0,0,0,77000,0,0,0,98000,21000,77000,77000
053073,技嘉康和96購01  ,0,0,0,0,0,0,0,0,0,77000,0,0,0,87000,10000,77000,77000
054336,台積電統一96購11,0,0,0,0,0,0,0,0,0,77000,0,0,0,212000,135000,77000,77000
055465,和大凱基97購03  ,0,0,0,0,0,0,0,0,0,77000,0,0,0,77000,0,77000,77000
05531P,臺股指群益96售04,0,0,0,0,0,0,0,0,0,77000,0,0,0,77000,0,77000,77000
056862,聯發科群益98購03,0,0,0,0,0,0,0,0,0,76000,0,0,0,120000,44000,76000,76000
05790P,臺股指永昌96售07,0,0,0,0,0,0,0,0,0,76000,370000,0,370000,196000,490000,-294000,76000
05920P,力成元大96售04  ,0,0,0,0,0,0,0,0,0,76000,0,0,0,76000,0,76000,76000
055837,致茂元大97購02  ,0,0,0,0,0,0,0,0,0,76000,0,0,0,80000,4000,76000,76000
056206,泰鼎永豐97購01  ,0,0,0,0,0,0,0,0,0,76000,0,0,0,187000,111000,76000,76000
056241,緯創群益97購01  ,0,0,0,0,0,0,0,0,0,76000,0,0,0,98000,22000,76000,76000
04625P,燿華元大94售03  ,0,0,0,0,0,0,0,0,0,76000,0,0,0,76000,0,76000,76000
04360P,易華電永豐94售01,0,0,0,0,0,0,0,0,0,76000,0,0,0,76000,0,76000,76000
048973,禾伸堂元大94購01,0,0,0,0,0,0,0,0,0,76000,0,0,0,116000,40000,76000,76000
052087,鴻海元大96購09  ,0,0,0,0,0,0,0,0,0,76000,0,0,0,76000,0,76000,76000
050665,南電台新94購01  ,0,0,0,0,0,0,0,0,0,76000,0,0,0,450000,374000,76000,76000
050833,台郡凱基95購01  ,0,0,0,0,0,0,0,0,0,76000,0,0,0,101000,25000,76000,76000
049686,T50反1元大94購02,0,0,0,0,0,0,0,0,0,76000,0,0,0,76000,0,76000,76000
050292,可成凱基94購11  ,0,0,0,0,0,0,0,0,0,76000,0,0,0,80000,4000,76000,76000
055525,國巨群益98購05  ,0,0,0,0,0,0,0,0,0,76000,0,0,0,235000,159000,76000,76000
055030,帆宣國泰99購02  ,0,0,0,0,0,0,0,0,0,76000,0,0,0,139000,63000,76000,76000
054575,聯鈞元大97購01  ,0,0,0,0,0,0,0,0,0,76000,0,0,0,147000,71000,76000,76000
054189,貿聯永豐96購03  ,0,0,0,0,0,0,0,0,0,76000,0,0,0,76000,0,76000,76000
056430,鴻海凱基98購06  ,0,0,0,0,0,0,0,0,0,75000,0,0,0,98000,23000,75000,75000
049142,智邦元大94購01  ,0,0,0,0,0,0,0,0,0,75000,0,0,0,75000,0,75000,75000
047179,台積電元大93購17,0,0,0,0,0,0,0,0,0,75000,0,0,0,307000,232000,75000,75000
044038,群創群益93購02  ,0,0,0,0,0,0,0,0,0,75000,0,0,0,75000,0,75000,75000
04518P,高鐵群益95售01  ,0,0,0,0,0,0,0,0,0,75000,0,0,0,116000,41000,75000,75000
048611,宏達電凱基93購04,0,0,0,0,0,0,0,0,0,75000,0,0,0,75000,0,75000,75000
041210,群創元富93購01  ,0,0,0,0,0,0,0,0,0,75000,0,0,0,75000,0,75000,75000
051288,可成統一95購03  ,0,0,0,0,0,0,0,0,0,75000,0,0,0,96000,21000,75000,75000
051461,聯詠國泰96購01  ,0,0,0,0,0,0,0,0,0,75000,0,0,0,90000,15000,75000,75000
052598,滬深2X元大96購05,0,0,0,0,0,0,0,0,0,75000,0,0,0,100000,25000,75000,75000
050959,元金2X永豐95購02,0,0,0,0,0,0,0,0,0,75000,0,0,0,173000,98000,75000,75000
052456,滬深2X元富9B購03,0,0,0,0,0,0,0,0,0,75000,0,0,0,745000,670000,75000,75000
053438,玉晶光麥證97購02,0,0,0,77000,2000,75000,0,0,0,75000,0,0,0,77000,2000,75000,75000
056416,華新科中信98購01,0,0,0,0,0,0,0,0,0,74000,0,0,0,113000,39000,74000,74000
056347,GIS凱基9A購01   ,0,0,0,0,0,0,0,0,0,74000,0,0,0,211000,137000,74000,74000
05583P,訊芯凱基96售01  ,0,0,0,0,0,0,0,0,0,74000,0,0,0,76000,2000,74000,74000
052838,新唐國泰98購01  ,0,0,0,0,0,0,0,0,0,74000,0,0,0,140000,66000,74000,74000
052849,可成統一97購01  ,0,0,0,0,0,0,0,0,0,74000,0,0,0,112000,38000,74000,74000
054613,大立光永豐97購02,0,0,0,0,0,0,0,0,0,74000,0,0,0,74000,0,74000,74000
054874,帆宣群益99購02  ,0,0,0,0,0,0,0,0,0,74000,0,0,0,74000,0,74000,74000
05532P,臺股指群益96售05,0,0,0,0,0,0,0,0,0,74000,0,0,0,86000,12000,74000,74000
06133P,帆宣元富97售02  ,0,0,0,0,0,0,0,0,0,74000,0,0,0,77000,3000,74000,74000
2368,金像電          ,1504000,2343000,-839000,0,0,0,990000,0,990000,-77000,650000,727000,-77000,0,0,0,74000
055893,大立光統一97購07,0,0,0,0,0,0,0,0,0,73000,0,0,0,73000,0,73000,73000
056395,玉晶光永豐9B購01,0,0,0,0,0,0,0,0,0,73000,0,0,0,75000,2000,73000,73000
05915P,聯發科元大96售19,0,0,0,0,0,0,0,0,0,73000,0,0,0,86000,13000,73000,73000
05862P,大立光國泰98售01,0,0,0,0,0,0,0,0,0,73000,0,0,0,185000,112000,73000,73000
055386,致新元大97購02  ,0,0,0,0,0,0,0,0,0,73000,0,0,0,73000,0,73000,73000
055089,金寶群益98購01  ,0,0,0,0,0,0,0,0,0,73000,0,0,0,188000,115000,73000,73000
05480P,滬深2X凱基96售05,0,0,0,0,0,0,0,0,0,73000,0,0,0,104000,31000,73000,73000
054718,可成永豐97購01  ,0,0,0,0,0,0,0,0,0,73000,0,0,0,128000,55000,73000,73000
05471P,聯電統一95售01  ,0,0,0,0,0,0,0,0,0,73000,0,0,0,118000,45000,73000,73000
054532,強茂國泰98購01  ,0,0,0,0,0,0,0,0,0,73000,0,0,0,104000,31000,73000,73000
053003,國巨永豐96購02  ,0,0,0,0,0,0,0,0,0,73000,0,0,0,105000,32000,73000,73000
054035,聯詠麥證96購01  ,0,0,0,113000,40000,73000,0,0,0,73000,0,0,0,113000,40000,73000,73000
1718,中纖            ,325000,252000,73000,0,0,0,0,0,0,0,0,0,0,0,0,0,73000
05878P,創意群益98售01  ,0,0,0,0,0,0,0,0,0,72000,0,0,0,73000,1000,72000,72000
056306,晶相光元大98購01,0,0,0,0,0,0,0,0,0,72000,0,0,0,115000,43000,72000,72000
056265,國泰金統一97購01,0,0,0,0,0,0,0,0,0,72000,0,0,0,72000,0,72000,72000
055618,麗豐國票98購01  ,0,0,0,0,0,0,0,0,0,72000,0,0,0,72000,0,72000,72000
04430P,晶相光元大94售04,0,0,0,0,0,0,0,0,0,72000,0,0,0,72000,0,72000,72000
051405,世芯永豐95購01  ,0,0,0,0,0,0,0,0,0,72000,0,0,0,626000,554000,72000,72000
050876,復盛永豐95購01  ,0,0,0,0,0,0,0,0,0,72000,0,0,0,72000,0,72000,72000
054017,茂林永豐96購02  ,0,0,0,0,0,0,0,0,0,72000,0,0,0,143000,71000,72000,72000
052966,光磊群益96購01  ,0,0,0,0,0,0,0,0,0,72000,0,0,0,72000,0,72000,72000
05346P,臺股指統一95售06,0,0,0,0,0,0,0,0,0,72000,0,0,0,81000,9000,72000,72000
054364,智伸科凱基96購01,0,0,0,0,0,0,0,0,0,72000,0,0,0,77000,5000,72000,72000
055844,大毅元大98購01  ,0,0,0,0,0,0,0,0,0,71000,0,0,0,482000,411000,71000,71000
055736,宏達電元富99購01,0,0,0,0,0,0,0,0,0,71000,0,0,0,71000,0,71000,71000
055926,國巨群益98購06  ,0,0,0,0,0,0,0,0,0,71000,0,0,0,231000,160000,71000,71000
056242,緯創群益9A購01  ,0,0,0,0,0,0,0,0,0,71000,0,0,0,104000,33000,71000,71000
056626,同欣電永豐98購01,0,0,0,0,0,0,0,0,0,71000,0,0,0,81000,10000,71000,71000
05924P,超眾元富96售04  ,0,0,0,0,0,0,0,0,0,71000,0,0,0,74000,3000,71000,71000
047526,可成元大93購08  ,0,0,0,0,0,0,0,0,0,71000,0,0,0,71000,0,71000,71000
03177P,國巨群益01售12  ,0,0,0,0,0,0,0,0,0,71000,0,0,0,71000,0,71000,71000
047641,可成元大93購09  ,0,0,0,0,0,0,0,0,0,71000,0,0,0,71000,0,71000,71000
050177,聯發科元大94購11,0,0,0,0,0,0,0,0,0,71000,0,0,0,126000,55000,71000,71000
050641,上証反凱基96購01,0,0,0,0,0,0,0,0,0,71000,0,0,0,71000,0,71000,71000
052527,泰鼎元大96購02  ,0,0,0,0,0,0,0,0,0,71000,0,0,0,158000,87000,71000,71000
054922,文曄凱基98購01  ,0,0,0,0,0,0,0,0,0,71000,0,0,0,81000,10000,71000,71000
055005,晶相光元富97購01,0,5000,-5000,0,0,0,0,0,0,76000,0,0,0,99000,23000,76000,71000
055279,華邦電元大97購02,0,0,0,0,0,0,0,0,0,71000,0,0,0,71000,0,71000,71000
06009P,宏達電元富96售03,0,0,0,0,0,0,0,0,0,70000,0,0,0,70000,0,70000,70000
057666,奇力新元大9A購01,0,0,0,0,0,0,0,0,0,70000,0,0,0,110000,40000,70000,70000
057561,大立光兆豐98購02,0,0,0,0,0,0,0,0,0,70000,0,0,0,70000,0,70000,70000
056893,智邦元大98購02  ,0,0,0,0,0,0,0,0,0,70000,0,0,0,109000,39000,70000,70000
057055,立積元大99購01  ,0,0,0,0,0,0,0,0,0,70000,0,0,0,99000,29000,70000,70000
057081,大立光統一98購07,0,0,0,0,0,0,0,0,0,70000,0,0,0,70000,0,70000,70000
057250,大立光統一98購08,0,0,0,0,0,0,0,0,0,70000,0,0,0,70000,0,70000,70000
05722P,玉晶光國票97售03,0,0,0,0,0,0,0,0,0,70000,0,0,0,164000,94000,70000,70000
057453,矽創元富98購01  ,0,0,0,0,0,0,0,0,0,70000,0,0,0,120000,50000,70000,70000
05730P,臺股指凱基97售03,0,0,0,0,0,0,0,0,0,70000,0,0,0,70000,0,70000,70000
057350,全新統一98購03  ,0,0,0,0,0,0,0,0,0,70000,0,0,0,70000,0,70000,70000
057355,彩晶統一98購03  ,0,0,0,0,0,0,0,0,0,70000,0,0,0,70000,0,70000,70000
05596P,可成統一96售01  ,0,0,0,0,0,0,0,0,0,70000,0,0,0,70000,0,70000,70000
055727,矽力元大97購02  ,0,0,0,0,0,0,0,0,0,70000,0,0,0,80000,10000,70000,70000
055857,嘉聯益元大97購04,0,0,0,0,0,0,0,0,0,70000,0,0,0,70000,0,70000,70000
046790,康友永豐93購01  ,0,0,0,0,0,0,0,0,0,70000,0,0,0,70000,0,70000,70000
047074,大立光兆豐94購02,0,0,0,0,0,0,0,0,0,70000,0,0,0,80000,10000,70000,70000
048243,儒鴻兆豐94購01  ,0,0,0,0,0,0,0,0,0,70000,0,0,0,220000,150000,70000,70000
047797,臺股指群益93購08,0,0,0,0,0,0,0,0,0,70000,0,0,0,70000,0,70000,70000
05209P,鴻海凱基96售09  ,0,0,0,0,0,0,0,0,0,70000,0,0,0,70000,0,70000,70000
052175,可成元大95購10  ,0,0,0,0,0,0,0,0,0,70000,0,0,0,80000,10000,70000,70000
03029X,元展26          ,0,0,0,0,0,0,0,0,0,70000,0,0,0,70000,0,70000,70000
04172P,大立光凱基93售34,0,0,0,0,0,0,0,0,0,70000,0,0,0,70000,0,70000,70000
045803,旺宏國票93購01  ,0,0,0,0,0,0,0,0,0,70000,0,0,0,70000,0,70000,70000
044805,旭富凱基93購01  ,0,0,0,0,0,0,0,0,0,70000,0,0,0,80000,10000,70000,70000
044763,瀚宇博凱基93購01,0,0,0,0,0,0,0,0,0,70000,0,0,0,80000,10000,70000,70000
04590P,元石油元大97售01,0,0,0,0,0,0,0,0,0,70000,0,0,0,80000,10000,70000,70000
04512P,臺股指元大94售07,0,0,0,0,0,0,0,0,0,70000,0,0,0,70000,0,70000,70000
046344,超眾國票94購01  ,0,0,0,0,0,0,0,0,0,70000,0,0,0,70000,0,70000,70000
046396,矽創國泰93購01  ,0,0,0,0,0,0,0,0,0,70000,0,0,0,85000,15000,70000,70000
04639P,臺股指群益94售14,0,0,0,0,0,0,0,0,0,70000,0,0,0,70000,0,70000,70000
04339P,欣興元大93售08  ,0,0,0,0,0,0,0,0,0,70000,0,0,0,70000,0,70000,70000
052695,台表科中信98購01,0,0,0,0,0,0,0,0,0,70000,0,0,0,70000,0,70000,70000
051383,京鼎群益96購02  ,0,0,0,0,0,0,0,0,0,70000,0,0,0,70000,0,70000,70000
051833,昇陽半元大96購01,0,0,0,0,0,0,0,0,0,70000,0,0,0,132000,62000,70000,70000
051457,寶成元大95購01  ,0,0,0,0,0,0,0,0,0,70000,0,0,0,70000,0,70000,70000
051875,聯發科兆豐95購04,0,0,0,0,0,0,0,0,0,70000,0,0,0,70000,0,70000,70000
050752,美律統一94購05  ,0,0,0,0,0,0,0,0,0,70000,0,0,0,100000,30000,70000,70000
051758,瑞昱元大95購01  ,0,0,0,0,0,0,0,0,0,70000,0,0,0,84000,14000,70000,70000
050118,臻鼎元大94購01  ,0,0,0,0,0,0,0,0,0,70000,0,0,0,100000,30000,70000,70000
051677,達方元大95購01  ,0,0,0,0,0,0,0,0,0,70000,0,0,0,70000,0,70000,70000
049366,聯發科元大94購05,0,0,0,0,0,0,0,0,0,70000,0,0,0,270000,200000,70000,70000
055294,智易元大98購01  ,0,0,0,0,0,0,0,0,0,70000,0,0,0,70000,0,70000,70000
055001,京鼎元富97購01  ,0,0,0,0,0,0,0,0,0,70000,0,0,0,80000,10000,70000,70000
055090,國巨群益97購03  ,0,0,0,0,0,0,0,0,0,70000,0,0,0,182000,112000,70000,70000
055120,南港兆豐97購01  ,0,0,0,0,0,0,0,0,0,70000,0,0,0,70000,0,70000,70000
055418,華通永豐97購01  ,0,0,0,0,0,0,0,0,0,70000,0,0,0,80000,10000,70000,70000
055556,奇力新凱基98購03,0,0,0,0,0,0,0,0,0,70000,0,0,0,78000,8000,70000,70000
054671,國巨國泰98購01  ,0,0,0,0,0,0,0,0,0,70000,0,0,0,72000,2000,70000,70000
053517,崇越群益97購01  ,0,0,0,0,0,0,0,0,0,70000,0,0,0,110000,40000,70000,70000
053010,鴻海統一96購11  ,0,0,0,0,0,0,0,0,0,70000,0,0,0,70000,0,70000,70000
053024,國巨富邦97購02  ,0,0,0,0,0,0,0,0,0,70000,0,0,0,313000,243000,70000,70000
053048,同欣電麥證96購01,0,0,0,70000,0,70000,0,0,0,70000,0,0,0,70000,0,70000,70000
054195,亞泥國泰98購01  ,0,0,0,0,0,0,0,0,0,70000,0,0,0,90000,20000,70000,70000
053642,瀚宇博永豐96購01,0,0,0,0,0,0,0,0,0,70000,0,0,0,70000,0,70000,70000
05377P,鴻海凱基95售18  ,0,0,0,0,0,0,0,0,0,70000,0,0,0,90000,20000,70000,70000
053946,全新富邦97購02  ,0,0,0,0,0,0,0,0,0,70000,0,0,0,70000,0,70000,70000
057205,元翎元富98購01  ,0,0,0,0,0,0,0,0,0,69000,0,0,0,144000,75000,69000,69000
056977,國巨群益9A購01  ,0,0,0,0,0,0,0,0,0,69000,0,0,0,98000,29000,69000,69000
05746P,台積電群益96售07,0,0,0,0,0,0,0,0,0,69000,0,0,0,89000,20000,69000,69000
057715,聯發科統一99購03,0,0,0,0,0,0,0,0,0,69000,0,0,0,70000,1000,69000,69000
046432,宏達電中信94購01,0,0,0,0,0,0,0,0,0,69000,0,0,0,69000,0,69000,69000
046441,儒鴻兆豐92購01  ,0,0,0,0,0,0,0,0,0,69000,0,0,0,69000,0,69000,69000
042930,大立光中信94購01,0,0,0,0,0,0,0,0,0,69000,0,0,0,70000,1000,69000,69000
046798,元油2X元大96購01,0,0,0,0,0,0,0,0,0,69000,0,0,0,69000,0,69000,69000
050151,台積電群益94購12,0,0,0,0,0,0,0,0,0,69000,0,0,0,88000,19000,69000,69000
050657,宏達電麥證94購01,0,0,0,69000,0,69000,0,0,0,69000,0,0,0,69000,0,69000,69000
050393,樺漢統一94購01  ,0,0,0,0,0,0,0,0,0,69000,0,0,0,109000,40000,69000,69000
053041,可成凱基96購02  ,0,0,0,0,0,0,0,0,0,69000,0,0,0,113000,44000,69000,69000
052463,聯電統一96購01  ,0,0,0,0,0,0,0,0,0,69000,0,0,0,69000,0,69000,69000
05297P,臻鼎凱基95售04  ,0,0,0,0,0,0,0,0,0,69000,0,0,0,69000,0,69000,69000
057518,世紀鋼元富98購01,0,0,0,0,0,0,0,0,0,68000,0,0,0,68000,0,68000,68000
056958,喬山永豐98購01  ,0,0,0,0,0,0,0,0,0,68000,0,0,0,68000,0,68000,68000
056860,正崴群益98購01  ,0,0,0,0,0,0,0,0,0,68000,0,0,0,115000,47000,68000,68000
056849,瀚宇博元富98購01,0,0,0,0,0,0,0,0,0,68000,0,0,0,76000,8000,68000,68000
057301,嘉聯益永豐98購02,0,0,0,0,0,0,0,0,0,68000,0,0,0,88000,20000,68000,68000
057455,景碩國泰99購01  ,0,0,0,0,0,0,0,0,0,68000,0,0,0,122000,54000,68000,68000
056038,可成凱基97購01  ,0,0,0,0,0,0,0,0,0,68000,0,0,0,69000,1000,68000,68000
056131,鴻海元大97購12  ,0,0,0,0,0,0,0,0,0,68000,0,0,0,87000,19000,68000,68000
056674,華邦電元富98購01,0,0,0,0,0,0,0,0,0,68000,0,0,0,190000,122000,68000,68000
056304,創意元大97購03  ,0,0,0,0,0,0,0,0,0,68000,0,0,0,68000,0,68000,68000
056505,聯發科永豐98購01,0,0,0,0,0,0,0,0,0,68000,0,0,0,691000,623000,68000,68000
048667,旺宏永豐94購02  ,0,0,0,0,0,0,0,0,0,68000,0,0,0,68000,0,68000,68000
048032,可成凱基93購13  ,0,0,0,0,0,0,0,0,0,68000,0,0,0,68000,0,68000,68000
052160,美律永豐95購03  ,0,0,0,0,0,0,0,0,0,68000,0,0,0,68000,0,68000,68000
052051,京鼎凱基95購01  ,0,0,0,0,0,0,0,0,0,68000,0,0,0,68000,0,68000,68000
052052,嘉澤凱基95購02  ,0,0,0,0,0,0,0,0,0,68000,0,0,0,68000,0,68000,68000
049080,可成凱基94購03  ,0,0,0,0,0,0,0,0,0,68000,0,0,0,68000,0,68000,68000
049106,大立光富邦94購01,0,0,0,0,0,0,0,0,0,68000,0,0,0,68000,0,68000,68000
048984,上緯控元大94購01,0,0,0,0,0,0,0,0,0,68000,0,0,0,68000,0,68000,68000
048336,光磊元大93購02  ,0,0,0,0,0,0,0,0,0,68000,0,0,0,68000,0,68000,68000
051236,鴻海元大96購05  ,0,0,0,0,0,0,0,0,0,68000,0,0,0,68000,0,68000,68000
052525,聯詠元大95購06  ,0,0,0,0,0,0,0,0,0,68000,0,0,0,69000,1000,68000,68000
052872,智易凱基96購01  ,0,0,0,0,0,0,0,0,0,68000,0,0,0,68000,0,68000,68000
051253,緯創元大95購02  ,0,0,0,0,0,0,0,0,0,68000,0,0,0,88000,20000,68000,68000
052877,矽創凱基96購01  ,0,0,0,0,0,0,0,0,0,68000,0,0,0,68000,0,68000,68000
052820,宏達電永豐96購01,0,0,0,0,0,0,0,0,0,68000,0,0,0,68000,0,68000,68000
049200,元黃金群益98購01,0,0,0,0,0,0,0,0,0,68000,0,0,0,118000,50000,68000,68000
051441,鴻海元大95購13  ,0,0,0,0,0,0,0,0,0,68000,0,0,0,68000,0,68000,68000
051581,聯發科元大95購12,0,0,0,0,0,0,0,0,0,68000,0,0,0,68000,0,68000,68000
051588,聯詠元大95購03  ,0,0,0,0,0,0,0,0,0,68000,0,0,0,68000,0,68000,68000
051412,奇力新國票96購01,0,0,0,0,0,0,0,0,0,68000,0,0,0,74000,6000,68000,68000
051329,智邦永豐95購01  ,0,0,0,0,0,0,0,0,0,68000,0,0,0,68000,0,68000,68000
051363,矽創元大95購03  ,0,0,0,0,0,0,0,0,0,68000,0,0,0,68000,0,68000,68000
050740,旺宏永豐94購03  ,0,0,0,0,0,0,0,0,0,68000,0,0,0,68000,0,68000,68000
050462,寶成元大94購01  ,0,0,0,0,0,0,0,0,0,68000,0,0,0,68000,0,68000,68000
050133,鈺齊凱基94購01  ,0,0,0,0,0,0,0,0,0,68000,0,0,0,68000,0,68000,68000
051621,欣興凱基95購02  ,0,0,0,0,0,0,0,0,0,68000,0,0,0,68000,0,68000,68000
049689,正崴元大94購02  ,0,0,0,0,0,0,0,0,0,68000,0,0,0,68000,0,68000,68000
049645,台積電凱基94購22,0,0,0,0,0,0,0,0,0,68000,0,0,0,68000,0,68000,68000
053305,聯詠凱基96購02  ,0,0,0,0,0,0,0,0,0,68000,0,0,0,68000,0,68000,68000
053337,聯電國票97購01  ,0,0,0,0,0,0,0,0,0,68000,0,0,0,68000,0,68000,68000
053376,鴻海元大96購19  ,0,0,0,0,0,0,0,0,0,68000,0,0,0,176000,108000,68000,68000
053750,致伸永豐96購02  ,0,0,0,0,0,0,0,0,0,68000,0,0,0,68000,0,68000,68000
054251,聯發科元大96購21,0,0,0,0,0,0,0,0,0,68000,0,0,0,68000,0,68000,68000
054262,瀚宇博元大96購03,0,0,0,0,0,0,0,0,0,68000,0,0,0,103000,35000,68000,68000
054041,鴻海元大96購22  ,0,0,0,0,0,0,0,0,0,68000,0,0,0,168000,100000,68000,68000
053985,矽創元大96購02  ,0,0,0,0,0,0,0,0,0,68000,0,0,0,68000,0,68000,68000
054936,鴻海元大97購10  ,0,0,0,0,0,0,0,0,0,68000,0,0,0,168000,100000,68000,68000
054394,奇力新永豐96購03,0,0,0,0,0,0,0,0,0,68000,0,0,0,68000,0,68000,68000
054612,慧洋永豐97購01  ,0,0,0,0,0,0,0,0,0,68000,0,0,0,68000,0,68000,68000
055147,鴻海元大97購11  ,0,0,0,0,0,0,0,0,0,68000,0,0,0,168000,100000,68000,68000
055208,京鼎康和97購02  ,0,0,0,0,0,0,0,0,0,68000,0,0,0,68000,0,68000,68000
056619,強茂永豐98購01  ,0,0,0,0,0,0,0,0,0,67000,0,0,0,105000,38000,67000,67000
057451,大立光元富9B購01,0,0,0,0,0,0,0,0,0,67000,0,0,0,77000,10000,67000,67000
057389,玉晶光永豐98購06,0,0,0,0,0,0,0,0,0,67000,0,0,0,94000,27000,67000,67000
057207,立積元富98購02  ,0,0,0,0,0,0,0,0,0,67000,0,0,0,96000,29000,67000,67000
057551,華新科凱基98購06,0,0,0,0,0,0,0,0,0,67000,0,0,0,72000,5000,67000,67000
057649,嘉聯益元大99購04,0,0,0,0,0,0,0,0,0,67000,0,0,0,77000,10000,67000,67000
048281,矽力永豐93購02  ,0,0,0,0,0,0,0,0,0,67000,0,0,0,103000,36000,67000,67000
04869P,鴻海元富95售02  ,0,0,0,0,0,0,0,0,0,67000,0,0,0,72000,5000,67000,67000
046642,南電永豐93購01  ,0,0,0,0,0,0,0,0,0,67000,0,0,0,67000,0,67000,67000
04705P,臺股指統一95售02,0,0,0,0,0,0,0,0,0,67000,0,0,0,327000,260000,67000,67000
048505,滬深2X群益99購03,0,0,0,0,0,0,0,0,0,67000,0,0,0,87000,20000,67000,67000
044584,世紀鋼凱基93購05,0,0,0,0,0,0,0,0,0,67000,0,0,0,67000,0,67000,67000
053113,瀚宇博兆豐97購01,0,0,0,0,0,0,0,0,0,67000,0,0,0,70000,3000,67000,67000
055183,聯鈞統一97購01  ,0,0,0,0,0,0,0,0,0,67000,0,0,0,145000,78000,67000,67000
055401,亞光元富9A購01  ,0,0,0,0,0,0,0,0,0,67000,0,0,0,238000,171000,67000,67000
054577,世芯元大98購01  ,0,0,0,0,0,0,0,0,0,67000,0,0,0,103000,36000,67000,67000
054460,和大凱基97購01  ,0,0,0,0,0,0,0,0,0,67000,0,0,0,77000,10000,67000,67000
054756,世紀鋼凱基99購01,0,0,0,0,0,0,0,0,0,67000,0,0,0,87000,20000,67000,67000
2451,創見            ,214000,205000,9000,0,0,0,1000,0,1000,57000,0,5000,-5000,62000,0,62000,67000
2461,光群雷          ,127000,56000,71000,0,0,0,0,0,0,-4000,0,4000,-4000,0,0,0,67000
06063P,玉晶光元富97售01,0,0,0,0,0,0,0,0,0,67000,0,0,0,80000,13000,67000,67000
06728P,全新元大98售03  ,0,0,0,0,0,0,0,0,0,67000,0,0,0,170000,103000,67000,67000
6668,中揚光          ,123000,52000,71000,0,0,0,0,0,0,-4000,0,4000,-4000,0,0,0,67000
056817,國巨永豐98購04  ,0,0,0,0,0,0,0,0,0,66000,0,0,0,68000,2000,66000,66000
056185,全新統一98購01  ,0,0,0,0,0,0,0,0,0,66000,0,0,0,118000,52000,66000,66000
055967,臻鼎元大97購01  ,0,0,0,0,0,0,0,0,0,66000,0,0,0,184000,118000,66000,66000
04754P,宏達電元富94售02,0,0,0,0,0,0,0,0,0,66000,0,0,0,76000,10000,66000,66000
049185,南電凱基94購03  ,0,0,0,0,0,0,0,0,0,66000,0,0,0,257000,191000,66000,66000
054635,台達電中信98購01,0,0,0,0,0,0,0,0,0,66000,0,0,0,70000,4000,66000,66000
06244P,智易元富97售02  ,0,0,0,0,0,0,0,0,0,66000,0,0,0,66000,0,66000,66000
056080,世紀鋼元大97購03,0,0,0,0,0,0,0,0,0,65000,0,0,0,90000,25000,65000,65000
05651P,大立光元大97售02,0,0,0,0,0,0,0,0,0,65000,0,0,0,100000,35000,65000,65000
056485,同欣電元大98購01,0,0,0,0,0,0,0,0,0,65000,0,0,0,78000,13000,65000,65000
05984P,台積電統一98售01,0,0,0,0,0,0,0,0,0,65000,0,0,0,75000,10000,65000,65000
05989P,健策元富96售01  ,0,0,0,0,0,0,0,0,0,65000,0,0,0,103000,38000,65000,65000
05903P,聯發科統一96售09,0,0,0,0,0,0,0,0,0,65000,0,0,0,70000,5000,65000,65000
05800P,台積電兆豐96售04,0,0,0,0,0,0,0,0,0,65000,0,0,0,65000,0,65000,65000
049123,可成元富94購01  ,0,0,0,0,0,0,0,0,0,65000,0,0,0,111000,46000,65000,65000
052156,滬深2X永豐95購03,0,0,0,0,0,0,0,0,0,65000,0,0,0,100000,35000,65000,65000
052271,力成日盛95購02  ,0,0,0,0,0,0,0,0,0,65000,0,0,0,65000,0,65000,65000
04852P,臻鼎永豐94售02  ,0,0,0,0,0,0,0,0,0,65000,0,0,0,65000,0,65000,65000
048476,同欣電永豐93購01,0,0,0,0,0,0,0,0,0,65000,0,0,0,65000,0,65000,65000
048484,大立光國泰95購02,0,0,0,0,0,0,0,0,0,65000,0,0,0,85000,20000,65000,65000
045142,聯茂兆豐93購02  ,0,0,0,0,0,0,0,0,0,65000,0,0,0,65000,0,65000,65000
04607P,A50中信94售01   ,0,0,0,0,0,0,0,0,0,65000,0,0,0,65000,0,65000,65000
049681,旺宏統一94購04  ,0,0,0,0,0,0,0,0,0,65000,0,0,0,116000,51000,65000,65000
051673,玉晶光元大96購04,0,0,0,0,0,0,0,0,0,65000,0,0,0,124000,59000,65000,65000
050663,麗豐元大96購03  ,0,0,0,0,0,0,0,0,0,65000,0,0,0,65000,0,65000,65000
06752P,訊芯凱基98售05  ,0,0,0,0,0,0,0,0,0,65000,0,0,0,270000,205000,65000,65000
04428P,台光電元大94售02,0,0,0,0,0,0,0,0,0,64000,0,0,0,64000,0,64000,64000
048561,可成元大93購13  ,0,0,0,0,0,0,0,0,0,64000,0,0,0,84000,20000,64000,64000
050121,南電元大95購02  ,60000,0,60000,0,0,0,0,0,0,4000,0,0,0,660000,656000,4000,64000
052640,台表科凱基97購01,0,0,0,0,0,0,0,0,0,64000,0,0,0,75000,11000,64000,64000
04927P,大立光凱基95售06,0,0,0,0,0,0,0,0,0,64000,0,0,0,65000,1000,64000,64000
055127,台虹兆豐97購01  ,0,0,0,0,0,0,0,0,0,64000,0,0,0,64000,0,64000,64000
053547,台積電凱基96購14,0,0,0,0,0,0,0,0,0,64000,0,0,0,268000,204000,64000,64000
6278,台表科          ,422000,535000,-113000,0,0,0,130000,80000,50000,127000,168000,42000,126000,33000,32000,1000,64000
2345,智邦            ,1616500,1362000,254500,0,0,0,84000,64000,20000,-211000,121000,274000,-153000,38000,96000,-58000,63500
057817,景碩元大98購01  ,0,0,0,0,0,0,0,0,0,63000,0,0,0,513000,450000,63000,63000
056715,瀚宇博永豐98購01,0,0,0,0,0,0,0,0,0,63000,0,0,0,138000,75000,63000,63000
04343P,啟碁永豐93售02  ,0,0,0,0,0,0,0,0,0,63000,0,0,0,75000,12000,63000,63000
052079,康友元富98購01  ,0,0,0,0,0,0,0,0,0,63000,0,0,0,139000,76000,63000,63000
049408,旺宏日盛94購01  ,0,0,0,0,0,0,0,0,0,63000,0,0,0,161000,98000,63000,63000
054218,S&P反1統一98購02,0,0,0,0,0,0,0,0,0,63000,0,0,0,96000,33000,63000,63000
055177,宏達電統一99購01,0,0,0,0,0,0,0,0,0,63000,0,0,0,63000,0,63000,63000
06669P,緯穎凱基98售05  ,0,0,0,0,0,0,0,0,0,63000,0,0,0,80000,17000,63000,63000
056731,國巨凱基98購04  ,0,0,0,0,0,0,0,0,0,62000,0,0,0,72000,10000,62000,62000
05675P,美律群益97售01  ,0,0,0,0,0,0,0,0,0,62000,0,0,0,70000,8000,62000,62000
056515,燿華兆豐99購01  ,0,0,0,0,0,0,0,0,0,62000,0,0,0,87000,25000,62000,62000
057049,新日興元大98購02,0,0,0,0,0,0,0,0,0,62000,0,0,0,224000,162000,62000,62000
04616P,臺股指群益95售02,0,0,0,0,0,0,0,0,0,62000,0,0,0,62000,0,62000,62000
050552,禾伸堂凱基94購05,0,0,0,0,0,0,0,0,0,62000,0,0,0,164000,102000,62000,62000
050470,智邦台新94購01  ,0,0,0,0,0,0,0,0,0,62000,0,0,0,100000,38000,62000,62000
050062,聯發科凱基94購08,0,0,0,0,0,0,0,0,0,62000,0,0,0,62000,0,62000,62000
050201,光磊群益94購01  ,0,0,0,0,0,0,0,0,0,62000,0,0,0,62000,0,62000,62000
055122,國巨兆豐98購01  ,0,0,0,0,0,0,0,0,0,62000,0,0,0,357000,295000,62000,62000
052464,大立光統一95購05,0,0,0,0,0,0,0,0,0,62000,0,0,0,62000,0,62000,62000
053251,世紀鋼國票97購02,0,0,0,0,0,0,0,0,0,62000,0,0,0,62000,0,62000,62000
056845,揚明光元富98購01,0,0,0,0,0,0,0,0,0,61000,0,0,0,80000,19000,61000,61000
056868,奇力新麥證98購01,0,0,0,71000,10000,61000,0,0,0,61000,0,0,0,71000,10000,61000,61000
057225,華新凱基98購01  ,0,0,0,0,0,0,0,0,0,61000,0,0,0,61000,0,61000,61000
057387,奇力新永豐98購03,0,0,0,0,0,0,0,0,0,61000,0,0,0,71000,10000,61000,61000
056044,同欣電凱基97購03,0,0,0,0,0,0,0,0,0,61000,0,0,0,144000,83000,61000,61000
055576,嘉晶統一98購01  ,0,0,0,0,0,0,0,0,0,61000,0,0,0,80000,19000,61000,61000
046240,中鋼中信94購01  ,0,0,0,0,0,0,0,0,0,61000,0,0,0,68000,7000,61000,61000
04420P,奇鋐永豐94售01  ,0,0,0,0,0,0,0,0,0,61000,0,0,0,61000,0,61000,61000
043730,旭富國泰93購01  ,0,0,0,0,0,0,0,0,0,61000,0,0,0,61000,0,61000,61000
044639,京元電元富94購01,0,0,0,0,0,0,0,0,0,61000,0,0,0,93000,32000,61000,61000
049056,玉晶光永豐95購03,0,0,0,0,0,0,0,0,0,61000,0,0,0,71000,10000,61000,61000
048402,聯茂兆豐95購01  ,0,0,0,0,0,0,0,0,0,61000,0,0,0,61000,0,61000,61000
047025,可成元大93購05  ,0,0,0,0,0,0,0,0,0,61000,0,0,0,61000,0,61000,61000
051463,世芯國泰97購02  ,0,0,0,0,0,0,0,0,0,61000,0,0,0,101000,40000,61000,61000
054486,漢唐台新96購01  ,0,0,0,0,0,0,0,0,0,61000,0,0,0,61000,0,61000,61000
05473P,聯詠統一97售02  ,0,0,0,0,0,0,0,0,0,61000,0,0,0,61000,0,61000,61000
06336P,鴻海元大98售05  ,0,0,0,0,0,0,0,0,0,61000,0,0,0,61000,0,61000,61000
056146,台虹元大98購01  ,0,0,0,0,0,0,0,0,0,60000,0,0,0,60000,0,60000,60000
056234,GIS麥證97購01   ,0,0,0,60000,0,60000,0,0,0,60000,0,0,0,60000,0,60000,60000
057427,華通兆豐99購01  ,0,0,0,0,0,0,0,0,0,60000,0,0,0,70000,10000,60000,60000
057007,奇力新中信98購04,0,0,0,0,0,0,0,0,0,60000,0,0,0,60000,0,60000,60000
05796P,臺股指群益96售10,0,0,0,0,0,0,0,0,0,60000,0,0,0,110000,50000,60000,60000
05827P,台積電統一96售10,0,0,0,0,0,0,0,0,0,60000,0,0,0,60000,0,60000,60000
06000P,GIS元大96售04   ,0,0,0,0,0,0,0,0,0,60000,0,0,0,60000,0,60000,60000
057549,台光電凱基98購05,0,0,0,0,0,0,0,0,0,60000,0,0,0,60000,0,60000,60000
046905,新光金凱基99購01,0,0,0,0,0,0,0,0,0,60000,0,0,0,60000,0,60000,60000
048387,台達電國票94購01,0,0,0,0,0,0,0,0,0,60000,0,0,0,60000,0,60000,60000
044514,亞光凱基93購02  ,0,0,0,0,0,0,0,0,0,60000,0,0,0,60000,0,60000,60000
047598,深中小統一94購01,0,0,0,0,0,0,0,0,0,60000,0,0,0,60000,0,60000,60000
047583,深中小永豐94購01,0,0,0,0,0,0,0,0,0,60000,0,0,0,60000,0,60000,60000
046509,中壽元大92購01  ,0,0,0,0,0,0,0,0,0,60000,0,0,0,60000,0,60000,60000
045543,百和群益94購01  ,0,0,0,0,0,0,0,0,0,60000,0,0,0,60000,0,60000,60000
03267P,台灣50元大02售06,0,0,0,0,0,0,0,0,0,60000,0,0,0,60000,0,60000,60000
03769P,聯發科元大93售04,0,0,0,0,0,0,0,0,0,60000,0,0,0,60000,0,60000,60000
042502,上銀凱基93購01  ,0,0,0,0,0,0,0,0,0,60000,0,0,0,60000,0,60000,60000
051844,宏達電富邦96購01,0,0,0,0,0,0,0,0,0,60000,0,0,0,170000,110000,60000,60000
05037P,華新科元大95售09,0,0,0,0,0,0,0,0,0,60000,0,0,0,100000,40000,60000,60000
053094,聯電統一97購02  ,0,0,0,0,0,0,0,0,0,60000,0,0,0,80000,20000,60000,60000
049370,可成元大94購03  ,0,0,0,0,0,0,0,0,0,60000,0,0,0,194000,134000,60000,60000
050902,南電元大96購01  ,0,0,0,0,0,0,0,0,0,60000,0,0,0,296000,236000,60000,60000
051626,可成麥證95購02  ,0,0,0,90000,30000,60000,0,0,0,60000,0,0,0,90000,30000,60000,60000
05466P,旺宏富邦97售01  ,0,0,0,0,0,0,0,0,0,60000,0,0,0,70000,10000,60000,60000
054516,國巨元大97購02  ,0,0,0,0,0,0,0,0,0,60000,0,0,0,401000,341000,60000,60000
054544,統一中信97購01  ,0,0,0,0,0,0,0,0,0,60000,0,0,0,60000,0,60000,60000
054568,訊芯群益97購01  ,0,0,0,0,0,0,0,0,0,60000,0,0,0,60000,0,60000,60000
055329,百和國票98購01  ,0,0,0,0,0,0,0,0,0,60000,0,0,0,230000,170000,60000,60000
053223,台郡凱基96購02  ,0,0,0,0,0,0,0,0,0,60000,0,0,0,60000,0,60000,60000
053197,超眾元富96購02  ,0,0,0,0,0,0,0,0,0,60000,0,0,0,93000,33000,60000,60000
053568,智伸科富邦98購01,0,0,0,0,0,0,0,0,0,60000,0,0,0,130000,70000,60000,60000
054174,宏達電台新97購01,0,0,0,0,0,0,0,0,0,60000,0,0,0,70000,10000,60000,60000
053724,聯詠凱基96購04  ,0,0,0,0,0,0,0,0,0,60000,0,0,0,60000,0,60000,60000
053614,台積電群益96購08,0,0,0,0,0,0,0,0,0,60000,0,0,0,310000,250000,60000,60000
06370P,貿聯凱基97售03  ,0,0,0,0,0,0,0,0,0,60000,0,0,0,60000,0,60000,60000
6209,今國光          ,95000,35000,60000,0,0,0,0,0,0,0,0,0,0,0,0,0,60000
057460,楠梓電永豐98購03,0,0,0,0,0,0,0,0,0,59000,0,0,0,356000,297000,59000,59000
056333,台積電日盛9B購01,0,0,0,0,0,0,0,0,0,59000,0,0,0,165000,106000,59000,59000
056385,創意國泰99購01  ,0,0,0,0,0,0,0,0,0,59000,0,0,0,59000,0,59000,59000
05641P,貿聯元富96售02  ,0,0,0,0,0,0,0,0,0,59000,0,0,0,59000,0,59000,59000
056717,康友永豐98購01  ,0,0,0,0,0,0,0,0,0,59000,0,0,0,76000,17000,59000,59000
047408,嘉晶統一95購01  ,0,0,0,0,0,0,0,0,0,59000,0,0,0,249000,190000,59000,59000
04667P,臺股指國票94售06,0,0,0,0,0,0,0,0,0,59000,0,0,0,59000,0,59000,59000
051013,旺宏凱基95購03  ,0,0,0,0,0,0,0,0,0,59000,0,0,0,79000,20000,59000,59000
049967,華新科國票94購07,0,0,0,0,0,0,0,0,0,59000,0,0,0,157000,98000,59000,59000
053769,香港反元大99購01,0,0,0,0,0,0,0,0,0,59000,0,0,0,60000,1000,59000,59000
054285,國巨元大98購02  ,0,0,0,0,0,0,0,0,0,59000,0,0,0,68000,9000,59000,59000
055452,台積電元富97購03,0,0,0,0,0,0,0,0,0,59000,0,0,0,98000,39000,59000,59000
055563,智易凱基97購02  ,0,0,0,0,0,0,0,0,0,59000,0,0,0,59000,0,59000,59000
055185,晶相光統一97購01,0,0,0,0,0,0,0,0,0,59000,0,0,0,60000,1000,59000,59000
06023P,超眾國票96售03  ,0,0,0,0,0,0,0,0,0,59000,0,0,0,70000,11000,59000,59000
2425,承啟            ,240000,169000,71000,0,0,0,0,0,0,-12000,0,12000,-12000,0,0,0,59000
3645,達邁            ,103900,38000,65900,0,0,0,0,0,0,-7000,0,7000,-7000,0,0,0,58900
056290,正文永豐98購01  ,0,0,0,0,0,0,0,0,0,58000,0,0,0,68000,10000,58000,58000
056142,超眾元大97購06  ,0,0,0,0,0,0,0,0,0,58000,0,0,0,70000,12000,58000,58000
055812,台積電國票99購02,0,0,0,0,0,0,0,0,0,58000,0,0,0,454000,396000,58000,58000
057450,國泰金元富98購01,0,0,0,0,0,0,0,0,0,58000,0,0,0,78000,20000,58000,58000
04765P,宏達電永豐94售02,0,0,0,0,0,0,0,0,0,58000,0,0,0,58000,0,58000,58000
04800P,聯茂元大94售08  ,0,0,0,0,0,0,0,0,0,58000,0,0,0,58000,0,58000,58000
048102,矽力凱基94購01  ,0,0,0,0,0,0,0,0,0,58000,0,0,0,58000,0,58000,58000
052107,台積電統一95購06,0,0,0,0,0,0,0,0,0,58000,0,0,0,126000,68000,58000,58000
050040,鴻海中信94購04  ,0,0,0,0,0,0,0,0,0,58000,0,0,0,68000,10000,58000,58000
044641,上証2X國票93購02,0,0,0,0,0,0,0,0,0,58000,0,0,0,58000,0,58000,58000
04427P,滬深2X元大97售02,0,0,0,0,0,0,0,0,0,58000,0,0,0,61000,3000,58000,58000
050677,光寶科統一94購01,0,0,0,0,0,0,0,0,0,58000,0,0,0,58000,0,58000,58000
051097,嘉聯益元大96購02,0,0,0,0,0,0,0,0,0,58000,0,0,0,100000,42000,58000,58000
052723,新唐統一97購01  ,0,0,0,0,0,0,0,0,0,58000,0,0,0,58000,0,58000,58000
04919P,聯詠凱基94售05  ,0,0,0,0,0,0,0,0,0,58000,0,0,0,68000,10000,58000,58000
055111,宏盛凱基97購01  ,0,0,0,0,0,0,0,0,0,58000,0,0,0,108000,50000,58000,58000
055350,聯發科凱基97購02,0,0,0,0,0,0,0,0,0,58000,0,0,0,68000,10000,58000,58000
054002,GIS群益96購03   ,0,0,0,0,0,0,0,0,0,58000,0,0,0,58000,0,58000,58000
06269P,群創凱基98售10  ,0,0,0,0,0,0,0,0,0,58000,0,0,0,58000,0,58000,58000
05713P,大立光統一96售05,0,0,0,0,0,0,0,0,0,57000,0,0,0,77000,20000,57000,57000
056935,華新科元富98購02,0,0,0,0,0,0,0,0,0,57000,0,0,0,80000,23000,57000,57000
055587,智邦元大97購02  ,0,0,0,0,0,0,0,0,0,57000,0,0,0,81000,24000,57000,57000
04308P,京元電凱基93售06,0,0,0,0,0,0,0,0,0,57000,0,0,0,61000,4000,57000,57000
047003,鴻海統一93購05  ,0,0,0,0,0,0,0,0,0,57000,0,0,0,57000,0,57000,57000
05485P,旺宏凱基95售08  ,0,0,0,0,0,0,0,0,0,57000,0,0,0,57000,0,57000,57000
1707,葡萄王          ,334000,235000,99000,0,0,0,30000,0,30000,-72000,21000,99000,-78000,6000,0,6000,57000
055789,台虹凱基97購01  ,0,0,0,0,0,0,0,0,0,56000,0,0,0,176000,120000,56000,56000
056611,國巨永豐98購03  ,0,0,0,0,0,0,0,0,0,56000,0,0,0,179000,123000,56000,56000
057135,立積凱基98購01  ,0,0,0,0,0,0,0,0,0,56000,0,0,0,98000,42000,56000,56000
057090,奇力新元富98購02,0,0,0,0,0,0,0,0,0,56000,0,0,0,69000,13000,56000,56000
048422,瑞昱元富96購02  ,0,0,0,0,0,0,0,0,0,56000,0,0,0,56000,0,56000,56000
03635C,滬深2X元富99牛01,0,0,0,0,0,0,0,0,0,56000,0,0,0,106000,50000,56000,56000
052772,台虹群益96購01  ,0,0,0,0,0,0,0,0,0,56000,0,0,0,56000,0,56000,56000
049888,智邦國泰96購01  ,0,0,0,0,0,0,0,0,0,56000,0,0,0,115000,59000,56000,56000
052315,廣宇元大95購02  ,0,0,0,0,0,0,0,0,0,56000,0,0,0,56000,0,56000,56000
055553,聯發科凱基97購05,0,0,0,0,0,0,0,0,0,56000,0,0,0,60000,4000,56000,56000
054000,訊芯群益96購02  ,0,0,0,0,0,0,0,0,0,56000,0,0,0,105000,49000,56000,56000
054092,大立光群益97購01,0,0,0,0,0,0,0,0,0,56000,0,0,0,115000,59000,56000,56000
053017,世紀鋼統一96購02,0,0,0,0,0,0,0,0,0,56000,0,0,0,61000,5000,56000,56000
053045,國巨中信97購01  ,0,0,0,0,0,0,0,0,0,56000,0,0,0,99000,43000,56000,56000
06474P,鴻海富邦98售03  ,0,0,0,0,0,0,0,0,0,56000,0,0,0,64000,8000,56000,56000
06703P,新日興元富98售02,0,0,0,0,0,0,0,0,0,56000,0,0,0,71000,15000,56000,56000
06682P,玉晶光元大99售08,0,0,0,0,0,0,0,0,0,56000,0,0,0,56000,0,56000,56000
06597P,國巨富邦9A售05  ,0,0,0,0,0,0,0,0,0,56000,0,0,0,296000,240000,56000,56000
056799,群創麥證98購01  ,0,0,0,65000,10000,55000,0,0,0,55000,0,0,0,65000,10000,55000,55000
056479,玉晶光元大99購05,0,0,0,0,0,0,0,0,0,55000,0,0,0,71000,16000,55000,55000
03412P,滬深2X群益98售01,0,0,0,0,0,0,0,0,0,55000,0,0,0,170000,115000,55000,55000
045635,建準凱基93購02  ,0,0,0,0,0,0,0,0,0,55000,0,0,0,55000,0,55000,55000
04327P,台積電國泰95售01,0,0,0,0,0,0,0,0,0,55000,0,0,0,85000,30000,55000,55000
04617P,臺股指群益95售03,0,0,0,0,0,0,0,0,0,55000,0,0,0,55000,0,55000,55000
048562,宏達電元大95購01,0,0,0,0,0,0,0,0,0,55000,0,0,0,55000,0,55000,55000
048855,華新科群益94購02,0,0,0,0,0,0,0,0,0,55000,0,0,0,126000,71000,55000,55000
052761,可成群益96購02  ,0,0,0,0,0,0,0,0,0,55000,0,0,0,164000,109000,55000,55000
05183P,台積電元富95售07,0,0,0,0,0,0,0,0,0,55000,0,0,0,55000,0,55000,55000
05300P,健策元大95售02  ,0,0,0,0,0,0,0,0,0,55000,0,0,0,75000,20000,55000,55000
05296P,牧德凱基96售01  ,0,0,0,0,0,0,0,0,0,55000,0,0,0,60000,5000,55000,55000
054254,晶豪科元大96購02,0,0,0,0,0,0,0,0,0,55000,0,0,0,55000,0,55000,55000
05550P,臺股指元大96售07,0,0,0,0,0,0,0,0,0,55000,0,0,0,55000,0,55000,55000
055374,明泰元大97購01  ,0,0,0,0,0,0,0,0,0,55000,0,0,0,59000,4000,55000,55000
055334,禾伸堂兆豐97購01,0,0,0,0,0,0,0,0,0,55000,0,0,0,55000,0,55000,55000
054818,奇力新元大97購05,0,0,0,0,0,0,0,0,0,55000,0,0,0,310000,255000,55000,55000
054319,世紀鋼凱基96購02,0,0,0,0,0,0,0,0,0,55000,0,0,0,60000,5000,55000,55000
06434P,超眾群益98售02  ,0,0,0,0,0,0,0,0,0,55000,0,0,0,76000,21000,55000,55000
06081P,深中小元大97售02,0,0,0,0,0,0,0,0,0,55000,0,0,0,260000,205000,55000,55000
06139P,台積電中信99售02,0,0,0,0,0,0,0,0,0,55000,0,0,0,76000,21000,55000,55000
2103,台橡            ,207000,150000,57000,0,0,0,0,0,0,-2000,0,2000,-2000,0,0,0,55000
055839,瑞昱元大97購04  ,0,0,0,0,0,0,0,0,0,54000,0,0,0,65000,11000,54000,54000
056060,宏達電元大99購01,0,0,0,0,0,0,0,0,0,54000,0,0,0,54000,0,54000,54000
05686P,臺股指元大96售11,0,0,0,0,0,0,0,0,0,54000,0,0,0,235000,181000,54000,54000
057341,技嘉台新98購01  ,0,0,0,0,0,0,0,0,0,54000,0,0,0,263000,209000,54000,54000
057302,福懋科中信98購01,0,0,0,0,0,0,0,0,0,54000,0,0,0,54000,0,54000,54000
057248,台積電統一98購08,0,0,0,0,0,0,0,0,0,54000,0,0,0,183000,129000,54000,54000
048864,昇陽半群益94購01,0,0,0,0,0,0,0,0,0,54000,0,0,0,76000,22000,54000,54000
051968,勤誠永豐95購01  ,0,0,0,0,0,0,0,0,0,54000,0,0,0,100000,46000,54000,54000
05034P,台積電元大95售08,0,0,0,0,0,0,0,0,0,54000,0,0,0,64000,10000,54000,54000
049740,禾伸堂群益94購01,0,0,0,0,0,0,0,0,0,54000,0,0,0,226000,172000,54000,54000
05104P,智邦台新95售02  ,0,0,0,0,0,0,0,0,0,54000,0,0,0,91000,37000,54000,54000
054354,技嘉富邦97購01  ,0,0,0,0,0,0,0,0,0,54000,0,0,0,70000,16000,54000,54000
054930,群電凱基98購01  ,0,0,0,0,0,0,0,0,0,54000,0,0,0,54000,0,54000,54000
06467P,旺宏統一98售01  ,0,0,0,0,0,0,0,0,0,54000,0,0,0,74000,20000,54000,54000
3557,嘉威            ,66000,12000,54000,0,0,0,0,0,0,0,0,0,0,0,0,0,54000
057198,智伸科統一9B購01,0,0,0,0,0,0,0,0,0,53000,0,0,0,53000,0,53000,53000
057069,台積電永豐98購02,0,0,0,0,0,0,0,0,0,53000,0,0,0,445000,392000,53000,53000
056107,智易永豐97購02  ,0,0,0,0,0,0,0,0,0,53000,0,0,0,54000,1000,53000,53000
056279,新日興富邦99購01,0,0,0,0,0,0,0,0,0,53000,0,0,0,93000,40000,53000,53000
056617,美律永豐98購01  ,0,0,0,0,0,0,0,0,0,53000,0,0,0,77000,24000,53000,53000
046628,大立光統一98購01,0,0,0,0,0,0,0,0,0,53000,0,0,0,73000,20000,53000,53000
04453P,聯發科富邦94售04,0,0,0,0,0,0,0,0,0,53000,0,0,0,305000,252000,53000,53000
046149,宏達電國票93購01,0,0,0,0,0,0,0,0,0,53000,0,0,0,53000,0,53000,53000
045447,鴻海國泰94購02  ,0,0,0,0,0,0,0,0,0,53000,0,0,0,112000,59000,53000,53000
049935,南電元大94購08  ,0,0,0,0,0,0,0,0,0,53000,0,0,0,416000,363000,53000,53000
050713,矽格麥證94購01  ,0,0,0,73000,20000,53000,0,0,0,53000,0,0,0,73000,20000,53000,53000
052523,奇力新元大97購01,0,0,0,0,0,0,0,0,0,53000,0,0,0,60000,7000,53000,53000
05495P,大立光統一95售07,0,0,0,0,0,0,0,0,0,53000,0,0,0,165000,112000,53000,53000
054699,復盛永豐97購01  ,0,0,0,0,0,0,0,0,0,53000,0,0,0,75000,22000,53000,53000
054152,漢唐國泰98購02  ,0,0,0,0,0,0,0,0,0,53000,0,0,0,136000,83000,53000,53000
053632,新唐兆豐96購01  ,0,0,0,0,0,0,0,0,0,53000,0,0,0,53000,0,53000,53000
053941,國巨國泰96購05  ,0,0,0,0,0,0,0,0,0,53000,0,0,0,53000,0,53000,53000
056768,宏達電元大99購03,0,0,0,0,0,0,0,0,0,52000,0,0,0,52000,0,52000,52000
056272,嘉澤統一99購01  ,0,0,0,0,0,0,0,0,0,52000,0,0,0,132000,80000,52000,52000
057133,京鼎凱基98購02  ,0,0,0,0,0,0,0,0,0,52000,0,0,0,62000,10000,52000,52000
057572,明泰永豐98購01  ,0,0,0,0,0,0,0,0,0,52000,0,0,0,52000,0,52000,52000
047514,亞光國票94購01  ,0,0,0,0,0,0,0,0,0,52000,0,0,0,122000,70000,52000,52000
047986,明泰群益93購01  ,0,0,0,0,0,0,0,0,0,52000,0,0,0,62000,10000,52000,52000
051602,南茂兆豐96購01  ,0,0,0,0,0,0,0,0,0,52000,0,0,0,70000,18000,52000,52000
051057,信邦群益95購01  ,0,0,0,0,0,0,0,0,0,52000,0,0,0,52000,0,52000,52000
049601,矽創元大95購02  ,0,0,0,0,0,0,0,0,0,52000,0,0,0,380000,328000,52000,52000
052297,旭富國票96購01  ,0,0,0,0,0,0,0,0,0,52000,0,0,0,87000,35000,52000,52000
050899,旭富元大95購01  ,0,0,0,0,0,0,0,0,0,52000,0,0,0,292000,240000,52000,52000
052893,聯電群益98購01  ,0,0,0,0,0,0,0,0,0,52000,0,0,0,123000,71000,52000,52000
053432,世紀鋼永豐96購02,0,0,0,0,0,0,0,0,0,52000,0,0,0,112000,60000,52000,52000
055426,旺宏群益99購02  ,0,0,0,0,0,0,0,0,0,52000,0,0,0,52000,0,52000,52000
055140,晶相光永豐97購01,0,0,0,0,0,0,0,0,0,52000,0,0,0,76000,24000,52000,52000
6414,樺漢            ,18000,51000,-33000,0,0,0,100000,0,100000,-15000,5000,3000,2000,6000,23000,-17000,52000
057154,易華電國泰99購01,0,0,0,0,0,0,0,0,0,51000,0,0,0,51000,0,51000,51000
057179,可成元大98購04  ,0,0,0,0,0,0,0,0,0,51000,0,0,0,178000,127000,51000,51000
057269,鈺齊兆豐98購01  ,0,0,0,0,0,0,0,0,0,51000,0,0,0,127000,76000,51000,51000
03560P,台積電兆豐03售10,0,0,0,0,0,0,0,0,0,51000,0,0,0,100000,49000,51000,51000
052274,大立光群益95購03,0,0,0,0,0,0,0,0,0,51000,0,0,0,51000,0,51000,51000
050743,京鼎永豐94購02  ,0,0,0,0,0,0,0,0,0,51000,0,0,0,51000,0,51000,51000
055486,國巨元大98購06  ,0,0,0,0,0,0,0,0,0,51000,0,0,0,287000,236000,51000,51000
054351,華新科國泰97購03,0,0,0,0,0,0,0,0,0,51000,0,0,0,115000,64000,51000,51000
052947,晶技國票97購01  ,0,0,0,0,0,0,0,0,0,51000,0,0,0,61000,10000,51000,51000
4571,鈞興-KY         ,0,0,0,0,0,0,0,0,0,51000,52000,1000,51000,0,0,0,51000
3047,訊舟            ,64000,12000,52000,0,0,0,0,0,0,-1000,0,1000,-1000,0,0,0,51000
057196,茂林台新98購01  ,0,0,0,0,0,0,0,0,0,50000,0,0,0,50000,0,50000,50000
057364,國巨元大98購18  ,0,0,0,0,0,0,0,0,0,50000,0,0,0,52000,2000,50000,50000
057334,技嘉國票98購02  ,0,0,0,0,0,0,0,0,0,50000,0,0,0,50000,0,50000,50000
057441,奇力新統一98購03,0,0,0,0,0,0,0,0,0,50000,0,0,0,213000,163000,50000,50000
05951P,台積電國票97售05,0,0,0,0,0,0,0,0,0,50000,0,0,0,60000,10000,50000,50000
05913P,國巨元大96售11  ,0,0,0,0,0,0,0,0,0,50000,0,0,0,50000,0,50000,50000
056355,台積電元大98購08,0,0,0,0,0,0,0,0,0,50000,0,0,0,461000,411000,50000,50000
056602,嘉澤國泰99購01  ,0,0,0,0,0,0,0,0,0,50000,0,0,0,50000,0,50000,50000
056538,國泰金凱基98購01,0,0,0,0,0,0,0,0,0,50000,0,0,0,50000,0,50000,50000
05600P,玉晶光台新96售04,0,0,0,0,0,0,0,0,0,50000,0,0,0,50000,0,50000,50000
055885,大成鋼統一97購02,0,0,0,0,0,0,0,0,0,50000,0,0,0,50000,0,50000,50000
055595,宏達電元大98購02,0,0,0,0,0,0,0,0,0,50000,0,0,0,97000,47000,50000,50000
055632,群創永豐98購01  ,0,0,0,0,0,0,0,0,0,50000,0,0,0,72000,22000,50000,50000
055656,新唐元富97購01  ,0,0,0,0,0,0,0,0,0,50000,0,0,0,50000,0,50000,50000
046584,可成元大92購11  ,0,0,0,0,0,0,0,0,0,50000,0,0,0,50000,0,50000,50000
042801,達邁元大93購01  ,0,0,0,0,0,0,0,0,0,50000,0,0,0,50000,0,50000,50000
03047X,元展44          ,0,0,0,0,0,0,0,0,0,50000,0,0,0,50000,0,50000,50000
04041P,大立光統一94售03,0,0,0,0,0,0,0,0,0,50000,0,0,0,50000,0,50000,50000
047517,元油反元大96購01,0,0,0,0,0,0,0,0,0,50000,0,0,0,50000,0,50000,50000
047541,深中小凱基94購01,0,0,0,0,0,0,0,0,0,50000,0,0,0,50000,0,50000,50000
044461,滬深2X兆豐93購01,0,0,0,0,0,0,0,0,0,50000,0,0,0,50000,0,50000,50000
047356,貿聯兆豐94購01  ,0,0,0,0,0,0,0,0,0,50000,0,0,0,50000,0,50000,50000
04337P,台積電元大93售25,0,0,0,0,0,0,0,0,0,50000,0,0,0,50000,0,50000,50000
042997,新光鋼元大94購01,0,0,0,0,0,0,0,0,0,50000,0,0,0,50000,0,50000,50000
045018,矽創元大93購01  ,0,0,0,0,0,0,0,0,0,50000,0,0,0,50000,0,50000,50000
044013,友達凱基93購01  ,0,0,0,0,0,0,0,0,0,50000,0,0,0,60000,10000,50000,50000
048176,美利達國泰94購01,0,0,0,0,0,0,0,0,0,50000,0,0,0,50000,0,50000,50000
048662,京元電統一93購04,0,0,0,0,0,0,0,0,0,50000,0,0,0,50000,0,50000,50000
048724,台達電日盛94購01,0,0,0,0,0,0,0,0,0,50000,0,0,0,114000,64000,50000,50000
047638,瑞昱元大93購11  ,0,0,0,0,0,0,0,0,0,50000,0,0,0,50000,0,50000,50000
047112,聯發科元大93購11,0,0,0,0,0,0,0,0,0,50000,0,0,0,50000,0,50000,50000
048836,牧德凱基94購03  ,0,0,0,0,0,0,0,0,0,50000,0,0,0,52000,2000,50000,50000
048822,燿華凱基94購03  ,0,0,0,0,0,0,0,0,0,50000,0,0,0,50000,0,50000,50000
048383,元金2X國票99購01,0,0,0,0,0,0,0,0,0,50000,0,0,0,50000,0,50000,50000
048403,聯發科群益93購10,0,0,0,0,0,0,0,0,0,50000,0,0,0,50000,0,50000,50000
048994,南電元大94購03  ,0,0,0,0,0,0,0,0,0,50000,0,0,0,147000,97000,50000,50000
052255,T50反1國泰96購01,0,0,0,0,0,0,0,0,0,50000,0,0,0,50000,0,50000,50000
052250,光磊永豐95購01  ,0,0,0,0,0,0,0,0,0,50000,0,0,0,86000,36000,50000,50000
052236,聯發科國票96購03,0,0,0,0,0,0,0,0,0,50000,0,0,0,50000,0,50000,50000
052196,TPK元富95購01   ,0,0,0,0,0,0,0,0,0,50000,0,0,0,200000,150000,50000,50000
052200,台光電統一95購02,0,0,0,0,0,0,0,0,0,50000,0,0,0,50000,0,50000,50000
050806,華新科日盛95購01,0,0,0,0,0,0,0,0,0,50000,0,0,0,256000,206000,50000,50000
051755,台積電元大96購08,0,0,0,0,0,0,0,0,0,50000,0,0,0,355000,305000,50000,50000
049414,台積電凱基94購18,0,0,0,0,0,0,0,0,0,50000,0,0,0,50000,0,50000,50000
051023,S&P反1統一95購02,0,0,0,0,0,0,0,0,0,50000,0,0,0,50000,0,50000,50000
05047P,強茂永豐95售02  ,0,0,0,0,0,0,0,0,0,50000,0,0,0,50000,0,50000,50000
050489,聯詠元富94購01  ,0,0,0,0,0,0,0,0,0,50000,0,0,0,60000,10000,50000,50000
049924,欣興元大95購04  ,0,0,0,0,0,0,0,0,0,50000,0,0,0,73000,23000,50000,50000
049377,聯詠元大94購01  ,0,0,0,0,0,0,0,0,0,50000,0,0,0,50000,0,50000,50000
049394,T50反1群益94購01,0,0,0,0,0,0,0,0,0,50000,0,0,0,50000,0,50000,50000
049637,元石油凱基94購01,0,0,0,0,0,0,0,0,0,50000,0,0,0,50000,0,50000,50000
051448,聯詠元大95購02  ,0,0,0,0,0,0,0,0,0,50000,0,0,0,50000,0,50000,50000
051812,臻鼎凱基95購03  ,0,0,0,0,0,0,0,0,0,50000,0,0,0,50000,0,50000,50000
051366,康友國泰97購01  ,0,0,0,0,0,0,0,0,0,50000,0,0,0,261000,211000,50000,50000
05140P,台表科國票96售01,0,0,0,0,0,0,0,0,0,50000,0,0,0,70000,20000,50000,50000
051852,啟碁群益95購01  ,0,0,0,0,0,0,0,0,0,50000,0,0,0,50000,0,50000,50000
05039P,鴻海凱基95售10  ,0,0,0,0,0,0,0,0,0,50000,0,0,0,53000,3000,50000,50000
052699,友達國票97購01  ,0,0,0,0,0,0,0,0,0,50000,0,0,0,50000,0,50000,50000
052596,群創群益98購05  ,0,0,0,0,0,0,0,0,0,50000,0,0,0,50000,0,50000,50000
052669,群創群益98購06  ,0,0,0,0,0,0,0,0,0,50000,0,0,0,271000,221000,50000,50000
052866,大立光凱基96購12,0,0,0,0,0,0,0,0,0,50000,0,0,0,65000,15000,50000,50000
053035,台表科兆豐97購01,0,0,0,0,0,0,0,0,0,50000,0,0,0,70000,20000,50000,50000
053476,冠德元大96購03  ,0,0,0,0,0,0,0,0,0,50000,0,0,0,50000,0,50000,50000
053411,深中小國票9B購01,0,0,0,0,0,0,0,0,0,50000,0,0,0,50000,0,50000,50000
053275,燿華元大97購01  ,0,0,0,0,0,0,0,0,0,50000,0,0,0,50000,0,50000,50000
053873,力成元大96購03  ,0,0,0,0,0,0,0,0,0,50000,0,0,0,50000,0,50000,50000
053785,聯詠元大96購05  ,0,0,0,0,0,0,0,0,0,50000,0,0,0,50000,0,50000,50000
053673,超眾元富96購03  ,0,0,0,0,0,0,0,0,0,50000,0,0,0,58000,8000,50000,50000
053662,矽力凱基97購01  ,0,0,0,0,0,0,0,0,0,50000,0,0,0,50000,0,50000,50000
054148,矽創元大96購03  ,0,0,0,0,0,0,0,0,0,50000,0,0,0,99000,49000,50000,50000
054165,亞光凱基96購02  ,0,0,0,0,0,0,0,0,0,50000,0,0,0,50000,0,50000,50000
054362,亞光凱基96購03  ,0,0,0,0,0,0,0,0,0,50000,0,0,0,80000,30000,50000,50000
05443P,宏達電元大95售05,0,0,0,0,0,0,0,0,0,50000,0,0,0,50000,0,50000,50000
054526,道瓊反統一98購01,0,0,0,0,0,0,0,0,0,50000,0,0,0,50000,0,50000,50000
054934,金寶元大97購01  ,0,0,0,0,0,0,0,0,0,50000,0,0,0,100000,50000,50000,50000
054825,康友元大97購01  ,0,0,0,0,0,0,0,0,0,50000,0,0,0,79000,29000,50000,50000
055141,牧德永豐98購02  ,0,0,0,0,0,0,0,0,0,50000,0,0,0,50000,0,50000,50000
055036,中工富邦9B購01  ,0,0,0,0,0,0,0,0,0,50000,0,0,0,50000,0,50000,50000
055186,正文統一97購01  ,0,0,0,0,0,0,0,0,0,50000,0,0,0,50000,0,50000,50000
06455P,上銀統一99售03  ,0,0,0,0,0,0,0,0,0,50000,0,0,0,50000,0,50000,50000
06016P,京元電凱基96售03,0,0,0,0,0,0,0,0,0,50000,0,0,0,50000,0,50000,50000
3014,聯陽            ,1337000,1255000,82000,0,0,0,0,0,0,-32000,0,15000,-15000,53000,70000,-17000,50000
06853P,華擎元富98售03  ,0,0,0,0,0,0,0,0,0,50000,0,0,0,50000,0,50000,50000
055629,華新科永豐97購04,0,0,0,0,0,0,0,0,0,49000,0,0,0,117000,68000,49000,49000
056583,昇陽半元大98購02,0,0,0,0,0,0,0,0,0,49000,0,0,0,309000,260000,49000,49000
056787,健鼎群益98購01  ,0,0,0,0,0,0,0,0,0,49000,0,0,0,213000,164000,49000,49000
05847P,大立光元大96售08,0,0,0,0,0,0,0,0,0,49000,0,0,0,67000,18000,49000,49000
05748P,臺股指群益99售02,0,0,0,0,0,0,0,0,0,49000,0,0,0,52000,3000,49000,49000
057327,玉晶光群益9A購04,0,0,0,0,0,0,0,0,0,49000,0,0,0,112000,63000,49000,49000
057319,奇力新凱基99購02,0,0,0,0,0,0,0,0,0,49000,0,0,0,50000,1000,49000,49000
052113,漢唐中信98購01  ,0,0,0,0,0,0,0,0,0,49000,0,0,0,49000,0,49000,49000
047901,復盛群益93購01  ,0,0,0,0,0,0,0,0,0,49000,0,0,0,50000,1000,49000,49000
04746P,臺股指元大94售17,0,0,0,0,0,0,0,0,0,49000,0,0,0,70000,21000,49000,49000
052672,世紀鋼群益96購02,0,0,0,0,0,0,0,0,0,49000,0,0,0,79000,30000,49000,49000
050357,南電群益94購02  ,0,0,0,0,0,0,0,0,0,49000,0,0,0,145000,96000,49000,49000
051802,同欣電永豐95購02,0,0,0,0,0,0,0,0,0,49000,0,0,0,60000,11000,49000,49000
049820,世紀鋼元大96購03,0,0,0,0,0,0,0,0,0,49000,0,0,0,54000,5000,49000,49000
05361P,聯發科富邦97售01,0,0,0,0,0,0,0,0,0,49000,0,0,0,99000,50000,49000,49000
053845,和大元富96購01  ,0,0,0,0,0,0,0,0,0,49000,0,0,0,62000,13000,49000,49000
05384P,大立光永豐95售02,0,0,0,0,0,0,0,0,0,49000,0,0,0,49000,0,49000,49000
06150P,奇力新元大97售06,0,0,0,0,0,0,0,0,0,49000,0,0,0,83000,34000,49000,49000
06736P,新日興凱基98售03,0,0,0,0,0,0,0,0,0,49000,0,0,0,49000,0,49000,49000
8150,南茂            ,865000,794000,71000,0,0,0,0,0,0,-22000,0,4000,-4000,149000,167000,-18000,49000
8411,福貞-KY         ,50000,0,50000,0,0,0,0,0,0,-1000,0,1000,-1000,0,0,0,49000
057346,鴻海統一98購13  ,0,0,0,0,0,0,0,0,0,48000,0,0,0,48000,0,48000,48000
057351,奇力新統一98購02,0,0,0,0,0,0,0,0,0,48000,0,0,0,48000,0,48000,48000
056838,旺宏元富98購01  ,0,0,0,0,0,0,0,0,0,48000,0,0,0,48000,0,48000,48000
056969,智易永豐98購01  ,0,0,0,0,0,0,0,0,0,48000,0,0,0,68000,20000,48000,48000
05817P,可成凱基96售07  ,0,0,0,0,0,0,0,0,0,48000,0,0,0,73000,25000,48000,48000
056590,樺漢統一9A購01  ,0,0,0,0,0,0,0,0,0,48000,0,0,0,48000,0,48000,48000
056352,鴻海元大99購01  ,0,0,0,0,0,0,0,0,0,48000,0,0,0,78000,30000,48000,48000
056262,台積電統一98購04,0,0,0,0,0,0,0,0,0,48000,0,0,0,148000,100000,48000,48000
056463,台虹凱基98購02  ,0,0,0,0,0,0,0,0,0,48000,0,0,0,52000,4000,48000,48000
056421,鴻海統一98購08  ,0,0,0,0,0,0,0,0,0,48000,0,0,0,52000,4000,48000,48000
055570,華通統一98購03  ,0,0,0,0,0,0,0,0,0,48000,0,0,0,48000,0,48000,48000
055908,GIS日盛97購01   ,0,0,0,0,0,0,0,0,0,48000,0,0,0,48000,0,48000,48000
048097,聯詠凱基93購07  ,0,0,0,0,0,0,0,0,0,48000,0,0,0,60000,12000,48000,48000
052240,臻鼎國票96購03  ,0,0,0,0,0,0,0,0,0,48000,0,0,0,58000,10000,48000,48000
050270,景碩元大94購01  ,0,0,0,0,0,0,0,0,0,48000,0,0,0,140000,92000,48000,48000
051015,南亞科凱基95購04,0,0,0,0,0,0,0,0,0,48000,0,0,0,52000,4000,48000,48000
05077P,智易群益95售02  ,0,0,0,0,0,0,0,0,0,48000,0,0,0,48000,0,48000,48000
051902,T50反1元大97購01,0,0,0,0,0,0,0,0,0,48000,0,0,0,58000,10000,48000,48000
052603,鴻海元大96購15  ,0,0,0,0,0,0,0,0,0,48000,0,0,0,68000,20000,48000,48000
052818,智邦永豐96購01  ,0,0,0,0,0,0,0,0,0,48000,0,0,0,140000,92000,48000,48000
050411,聯發科永豐94購05,0,0,0,0,0,0,0,0,0,48000,0,0,0,68000,20000,48000,48000
051247,可成元大95購04  ,0,0,0,0,0,0,0,0,0,48000,0,0,0,78000,30000,48000,48000
051273,可成亞東95購01  ,0,0,0,0,0,0,0,0,0,48000,0,0,0,48000,0,48000,48000
053844,GIS統一96購01   ,0,0,0,0,0,0,0,0,0,48000,0,0,0,48000,0,48000,48000
053574,奇力新元富99購01,0,0,0,0,0,0,0,0,0,48000,0,0,0,109000,61000,48000,48000
052469,宏碁亞東95購01  ,0,0,0,0,0,0,0,0,0,48000,0,0,0,48000,0,48000,48000
053156,緯創元大96購02  ,0,0,0,0,0,0,0,0,0,48000,0,0,0,68000,20000,48000,48000
055182,京鼎統一98購01  ,0,0,0,0,0,0,0,0,0,48000,0,0,0,48000,0,48000,48000
055265,玉晶光永豐98購03,0,0,0,0,0,0,0,0,0,48000,0,0,0,58000,10000,48000,48000
055088,聯詠亞東97購01  ,0,0,0,0,0,0,0,0,0,48000,0,0,0,48000,0,48000,48000
05467P,聯電元大95售02  ,0,0,0,0,0,0,0,0,0,48000,0,0,0,67000,19000,48000,48000
054483,聯電台新96購01  ,0,0,0,0,0,0,0,0,0,48000,0,0,0,48000,0,48000,48000
5269,祥碩            ,60000,0,60000,0,0,0,1000,13000,-12000,-682,0,0,0,0,682,-682,47318
055653,聯詠元富01購02  ,0,0,0,0,0,0,0,0,0,47000,0,0,0,57000,10000,47000,47000
055746,同欣電元富97購01,0,0,0,0,0,0,0,0,0,47000,0,0,0,47000,0,47000,47000
056714,晶相光永豐98購02,0,0,0,0,0,0,0,0,0,47000,0,0,0,77000,30000,47000,47000
05954P,旺宏國票97售03  ,0,0,0,0,0,0,0,0,0,47000,0,0,0,51000,4000,47000,47000
057626,技嘉富邦9A購01  ,0,0,0,0,0,0,0,0,0,47000,0,0,0,72000,25000,47000,47000
057023,美律凱基99購02  ,0,0,0,0,0,0,0,0,0,47000,0,0,0,53000,6000,47000,47000
05202P,鴻海元大95售16  ,0,0,0,0,0,0,0,0,0,47000,0,0,0,47000,0,47000,47000
048034,大立光凱基93購29,0,0,0,0,0,0,0,0,0,47000,0,0,0,47000,0,47000,47000
047246,華新科群益93購01,0,0,0,0,0,0,0,0,0,47000,0,0,0,47000,0,47000,47000
044683,聯鈞凱基93購01  ,0,0,0,0,0,0,0,0,0,47000,0,0,0,71000,24000,47000,47000
04434P,玉晶光國票96售02,0,0,0,0,0,0,0,0,0,47000,0,0,0,148000,101000,47000,47000
043642,元金2X國票97購01,0,0,0,0,0,0,0,0,0,47000,0,0,0,48000,1000,47000,47000
04517P,宏達電群益95售01,0,0,0,0,0,0,0,0,0,47000,0,0,0,62000,15000,47000,47000
00743,國泰中國A150    ,37000,0,37000,0,0,0,0,0,0,10000,0,0,0,10000,0,10000,47000
04243P,大立光永昌93售08,0,0,0,0,0,0,0,0,0,47000,0,0,0,47000,0,47000,47000
051339,智易永豐95購02  ,0,0,0,0,0,0,0,0,0,47000,0,0,0,47000,0,47000,47000
050632,國巨群益94購07  ,0,0,0,0,0,0,0,0,0,47000,0,0,0,47000,0,47000,47000
054795,合勤控群益98購01,0,0,0,0,0,0,0,0,0,47000,0,0,0,215000,168000,47000,47000
055198,奇力新第一97購01,0,0,0,0,0,0,0,0,0,47000,0,0,0,109000,62000,47000,47000
055377,揚明光元大98購01,0,0,0,0,0,0,0,0,0,47000,0,0,0,115000,68000,47000,47000
053313,世紀鋼凱基96購01,0,0,0,0,0,0,0,0,0,47000,0,0,0,60000,13000,47000,47000
3532,台勝科          ,595000,752000,-157000,0,0,0,84000,0,84000,120000,32000,8000,24000,98000,2000,96000,47000
06749P,技嘉元富98售03  ,0,0,0,0,0,0,0,0,0,47000,0,0,0,175000,128000,47000,47000
06238P,台積電元大98售07,0,0,0,0,0,0,0,0,0,47000,0,0,0,272000,225000,47000,47000
057348,台積電統一98購09,0,0,0,0,0,0,0,0,0,46000,0,0,0,71000,25000,46000,46000
057383,玉晶光富邦9A購01,0,0,0,0,0,0,0,0,0,46000,0,0,0,56000,10000,46000,46000
057188,佐登元大98購01  ,0,0,0,0,0,0,0,0,0,46000,0,0,0,86000,40000,46000,46000
056423,奇鋐統一98購01  ,0,0,0,0,0,0,0,0,0,46000,0,0,0,151000,105000,46000,46000
04422P,玉晶光永豐94售03,0,0,0,0,0,0,0,0,0,46000,0,0,0,46000,0,46000,46000
052055,緯穎凱基95購03  ,0,0,0,0,0,0,0,0,0,46000,0,0,0,67000,21000,46000,46000
04834P,鴻海元大94售17  ,0,0,0,0,0,0,0,0,0,46000,0,0,0,176000,130000,46000,46000
05118P,超眾元大96售04  ,0,0,0,0,0,0,0,0,0,46000,0,0,0,46000,0,46000,46000
053274,旺宏元大98購03  ,0,0,0,0,0,0,0,0,0,46000,0,0,0,60000,14000,46000,46000
053077,同欣電永豐96購01,0,0,0,0,0,0,0,0,0,46000,0,0,0,46000,0,46000,46000
05416P,喬山永豐95售04  ,0,0,0,0,0,0,0,0,0,46000,0,0,0,53000,7000,46000,46000
054031,中鋼中信98購01  ,0,0,0,0,0,0,0,0,0,46000,0,0,0,100000,54000,46000,46000
06461P,玉晶光國泰9A售01,0,0,0,0,0,0,0,0,0,46000,0,0,0,55000,9000,46000,46000
056386,TPK國泰99購01   ,0,0,0,0,0,0,0,0,0,45000,0,0,0,89000,44000,45000,45000
055761,創意群益97購01  ,0,0,0,0,0,0,0,0,0,45000,0,0,0,45000,0,45000,45000
055707,聯鈞永豐98購01  ,0,0,0,0,0,0,0,0,0,45000,0,0,0,162000,117000,45000,45000
05608P,聯發科凱基96售10,0,15000,-15000,0,0,0,0,0,0,60000,0,0,0,60000,0,60000,45000
057335,技嘉國票99購01  ,0,0,0,0,0,0,0,0,0,45000,0,0,0,53000,8000,45000,45000
057630,茂林永豐98購01  ,0,0,0,0,0,0,0,0,0,45000,0,0,0,65000,20000,45000,45000
057483,微星元大98購04  ,0,0,0,0,0,0,0,0,0,45000,0,0,0,51000,6000,45000,45000
05753P,臺股指中信99售02,0,0,0,0,0,0,0,0,0,45000,0,0,0,45000,0,45000,45000
05916P,聯發科元大96售20,0,0,0,0,0,0,0,0,0,45000,0,0,0,45000,0,45000,45000
048384,遠東新國票94購01,0,0,0,0,0,0,0,0,0,45000,0,0,0,45000,0,45000,45000
052097,GIS元大95購05   ,0,0,0,0,0,0,0,0,0,45000,0,0,0,45000,0,45000,45000
052378,矽力元大96購01  ,0,0,0,0,0,0,0,0,0,45000,0,0,0,60000,15000,45000,45000
052153,GIS富邦96購02   ,0,0,0,0,0,0,0,0,0,45000,0,0,0,50000,5000,45000,45000
047972,康控富邦95購01  ,0,0,0,0,0,0,0,0,0,45000,0,0,0,105000,60000,45000,45000
047548,友達凱基99購03  ,0,0,0,0,0,0,0,0,0,45000,0,0,0,65000,20000,45000,45000
03430B,臺股指元大9B熊01,0,0,0,0,0,0,0,0,0,45000,0,0,0,60000,15000,45000,45000
051927,國巨中信96購01  ,0,0,0,0,0,0,0,0,0,45000,0,0,0,65000,20000,45000,45000
052421,元油反國票9B購01,0,0,0,0,0,0,0,0,0,45000,0,0,0,544000,499000,45000,45000
052414,聯電麥證95購01  ,0,0,0,100000,55000,45000,0,0,0,45000,0,0,0,100000,55000,45000,45000
050315,和碩兆豐95購01  ,0,0,0,0,0,0,0,0,0,45000,0,0,0,60000,15000,45000,45000
051334,宏達電永豐95購01,0,0,0,0,0,0,0,0,0,45000,0,0,0,45000,0,45000,45000
051788,奇力新國票97購02,0,0,0,0,0,0,0,0,0,45000,0,0,0,45000,0,45000,45000
04948P,瑞儀元大94售03  ,0,0,0,0,0,0,0,0,0,45000,0,0,0,52000,7000,45000,45000
049809,聯詠元大94購04  ,0,0,0,0,0,0,0,0,0,45000,0,0,0,45000,0,45000,45000
04986P,茂林永豐94售05  ,0,0,0,0,0,0,0,0,0,45000,0,0,0,45000,0,45000,45000
052305,GIS永豐95購03   ,0,0,0,0,0,0,0,0,0,45000,0,0,0,90000,45000,45000,45000
05369P,可成元富95售04  ,0,0,0,0,0,0,0,0,0,45000,0,0,0,45000,0,45000,45000
053520,康友群益96購01  ,0,0,0,0,0,0,0,0,0,45000,0,0,0,50000,5000,45000,45000
053515,致伸群益96購02  ,0,0,0,0,0,0,0,0,0,45000,0,0,0,45000,0,45000,45000
055402,正文元富97購02  ,0,0,0,0,0,0,0,0,0,45000,0,0,0,45000,0,45000,45000
055482,聚陽元大97購02  ,0,0,0,0,0,0,0,0,0,45000,0,0,0,56000,11000,45000,45000
05491P,茂林元大95售04  ,0,0,0,0,0,0,0,0,0,45000,0,0,0,73000,28000,45000,45000
06616P,國巨元大98售15  ,0,0,0,0,0,0,0,0,0,45000,0,0,0,70000,25000,45000,45000
06225P,華新科元富97售04,0,0,0,0,0,0,0,0,0,45000,0,0,0,68000,23000,45000,45000
06099P,鴻海日盛97售03  ,0,0,0,0,0,0,0,0,0,45000,0,0,0,55000,10000,45000,45000
05897P,國巨凱基96售12  ,0,0,0,0,0,0,0,0,0,44000,0,0,0,89000,45000,44000,44000
05765P,臺股指永豐96售01,0,0,0,0,0,0,0,0,0,44000,0,0,0,45000,1000,44000,44000
057322,旺宏群益98購04  ,0,0,0,0,0,0,0,0,0,44000,0,0,0,44000,0,44000,44000
05580P,美律凱基96售03  ,0,0,0,0,0,0,0,0,0,44000,0,0,0,44000,0,44000,44000
056500,大立光富邦9B購02,0,0,0,0,0,0,0,0,0,44000,0,0,0,279000,235000,44000,44000
056738,國巨凱基9A購02  ,0,0,0,0,0,0,0,0,0,44000,0,0,0,44000,0,44000,44000
036804,國巨元富93購01  ,0,0,0,0,0,0,0,0,0,44000,0,0,0,44000,0,44000,44000
049157,矽創元大95購01  ,0,0,0,0,0,0,0,0,0,44000,0,0,0,55000,11000,44000,44000
05009P,大立光元富95售06,0,0,0,0,0,0,0,0,0,44000,0,0,0,48000,4000,44000,44000
05065P,燿華元大96售03  ,0,0,0,0,0,0,0,0,0,44000,0,0,0,45000,1000,44000,44000
051780,矽力群益95購01  ,0,0,0,0,0,0,0,0,0,44000,0,0,0,74000,30000,44000,44000
050460,GIS元大95購03   ,0,0,0,0,0,0,0,0,0,44000,0,0,0,44000,0,44000,44000
050307,欣興中信95購01  ,0,0,0,0,0,0,0,0,0,44000,0,0,0,44000,0,44000,44000
054985,光罩元富97購01  ,0,0,0,0,0,0,0,0,0,44000,0,0,0,125000,81000,44000,44000
054343,世紀鋼元富96購02,0,0,0,0,0,0,0,0,0,44000,0,0,0,44000,0,44000,44000
055149,國巨元大97購06  ,0,0,0,0,0,0,0,0,0,44000,0,0,0,333000,289000,44000,44000
052914,奇力新元富96購01,0,0,0,0,0,0,0,0,0,44000,0,0,0,211000,167000,44000,44000
054027,欣興凱基96購04  ,0,0,0,0,0,0,0,0,0,44000,0,0,0,60000,16000,44000,44000
054095,同欣電群益98購03,0,0,0,0,0,0,0,0,0,44000,0,0,0,88000,44000,44000,44000
056629,昇陽半永豐98購01,0,0,0,0,0,0,0,0,0,43000,0,0,0,192000,149000,43000,43000
056271,嘉澤統一97購01  ,0,0,0,0,0,0,0,0,0,43000,0,0,0,48000,5000,43000,43000
055734,奇力新元富97購02,0,0,0,0,0,0,0,0,0,43000,0,0,0,55000,12000,43000,43000
056191,世紀鋼統一97購01,0,0,0,0,0,0,0,0,0,43000,0,0,0,43000,0,43000,43000
057642,南亞科元大98購07,0,0,0,0,0,0,0,0,0,43000,0,0,0,66000,23000,43000,43000
047661,滬深2X永豐96購01,0,0,0,0,0,0,0,0,0,43000,0,0,0,43000,0,43000,43000
03420B,臺股指元大95熊31,0,0,0,0,0,0,0,0,0,43000,0,0,0,57000,14000,43000,43000
04534P,臻鼎元富94售03  ,0,0,0,0,0,0,0,0,0,43000,0,0,0,43000,0,43000,43000
04265P,滬深2X元富93售04,0,0,0,0,0,0,0,0,0,43000,0,0,0,45000,2000,43000,43000
052446,聯發科元大96購03,0,0,0,0,0,0,0,0,0,43000,0,0,0,77000,34000,43000,43000
05259P,臺股指凱基96售12,0,0,0,0,0,0,0,0,0,43000,0,0,0,43000,0,43000,43000
050557,台積電統一94購13,0,0,0,0,0,0,0,0,0,43000,0,0,0,48000,5000,43000,43000
049973,T50反1日盛9A購01,0,0,0,0,0,0,0,0,0,43000,0,0,0,150000,107000,43000,43000
055096,緯穎群益97購01  ,0,0,0,0,0,0,0,0,0,43000,0,0,0,91000,48000,43000,43000
06742P,可成富邦99售02  ,0,0,0,0,0,0,0,0,0,43000,0,0,0,43000,0,43000,43000
06550P,健策元大99售01  ,0,0,0,0,0,0,0,0,0,43000,0,0,0,43000,0,43000,43000
05960P,欣興統一96售01  ,0,0,0,0,0,0,0,0,0,42000,0,0,0,65000,23000,42000,42000
05990P,台積電群益96售13,0,0,0,0,0,0,0,0,0,42000,0,0,0,123000,81000,42000,42000
05985P,燿華統一96售03  ,0,0,0,0,0,0,0,0,0,42000,0,0,0,132000,90000,42000,42000
05828P,台積電統一97售02,0,0,0,0,0,0,0,0,0,42000,0,0,0,42000,0,42000,42000
05848P,臺股指元大96售24,0,0,0,0,0,0,0,0,0,42000,0,0,0,43000,1000,42000,42000
05840P,臺股指富邦96售07,0,0,0,0,0,0,0,0,0,42000,0,0,0,60000,18000,42000,42000
057218,可成群益99購03  ,0,0,0,0,0,0,0,0,0,42000,0,0,0,97000,55000,42000,42000
057030,滬深反元大9B購01,0,0,0,0,0,0,0,0,0,42000,0,0,0,66000,24000,42000,42000
057017,和大凱基98購01  ,0,0,0,0,0,0,0,0,0,42000,0,0,0,97000,55000,42000,42000
055715,智邦元大97購04  ,0,0,0,0,0,0,0,0,0,42000,0,0,0,64000,22000,42000,42000
05628P,茂林國票97售02  ,0,0,0,0,0,0,0,0,0,42000,0,0,0,42000,0,42000,42000
056732,國巨凱基98購07  ,0,0,0,0,0,0,0,0,0,42000,0,0,0,52000,10000,42000,42000
056686,可成統一98購01  ,0,0,0,0,0,0,0,0,0,42000,0,0,0,42000,0,42000,42000
052154,緯創台新95購01  ,0,0,0,0,0,0,0,0,0,42000,0,0,0,42000,0,42000,42000
052388,旺宏群益96購05  ,0,0,0,0,0,0,0,0,0,42000,0,0,0,65000,23000,42000,42000
052076,可成元富98購01  ,0,0,0,0,0,0,0,0,0,42000,0,0,0,107000,65000,42000,42000
049804,華固元大94購01  ,0,190000,-190000,0,0,0,0,0,0,232000,0,0,0,288000,56000,232000,42000
050945,致茂群益95購01  ,0,0,0,0,0,0,0,0,0,42000,0,0,0,85000,43000,42000,42000
053135,信邦國票96購01  ,0,0,0,0,0,0,0,0,0,42000,0,0,0,62000,20000,42000,42000
050407,聯詠台新94購02  ,0,0,0,0,0,0,0,0,0,42000,0,0,0,42000,0,42000,42000
050295,大立光凱基94購16,0,0,0,0,0,0,0,0,0,42000,0,0,0,42000,0,42000,42000
055443,台虹國票98購01  ,0,0,0,0,0,0,0,0,0,42000,0,0,0,42000,0,42000,42000
054900,金寶康和97購01  ,0,0,0,0,0,0,0,0,0,42000,0,0,0,191000,149000,42000,42000
054127,台積電元大96購21,0,0,0,0,0,0,0,0,0,42000,0,0,0,317000,275000,42000,42000
05412P,泰碩國票95售02  ,0,0,0,0,0,0,0,0,0,42000,0,0,0,42000,0,42000,42000
053322,京鼎群益97購01  ,0,0,0,0,0,0,0,0,0,42000,0,0,0,54000,12000,42000,42000
06499P,臺股指元大9A售04,0,0,0,0,0,0,0,0,0,42000,0,0,0,76000,34000,42000,42000
06681P,致茂元大98售02  ,0,0,0,0,0,0,0,0,0,42000,0,0,0,68000,26000,42000,42000
06191P,鴻海群益97售03  ,0,0,0,0,0,0,0,0,0,42000,0,0,0,42000,0,42000,42000
2480,敦陽科          ,77000,35000,42000,0,0,0,0,0,0,0,0,0,0,0,0,0,42000
055735,宏達電元富98購01,0,0,0,0,0,0,0,0,0,41000,0,0,0,41000,0,41000,41000
055757,大成鋼群益99購01,0,0,0,0,0,0,0,0,0,41000,0,0,0,41000,0,41000,41000
057114,台虹群益98購01  ,0,0,0,0,0,0,0,0,0,41000,0,0,0,42000,1000,41000,41000
057260,微星兆豐98購01  ,0,0,0,0,0,0,0,0,0,41000,0,0,0,41000,0,41000,41000
05794P,華邦電群益96售04,0,0,0,0,0,0,0,0,0,41000,0,0,0,61000,20000,41000,41000
048968,可成元大94購02  ,0,0,0,0,0,0,0,0,0,41000,0,0,0,231000,190000,41000,41000
047670,矽力永豐93購01  ,0,0,0,0,0,0,0,0,0,41000,0,0,0,51000,10000,41000,41000
04672P,台積電統一94售09,0,0,0,0,0,0,0,0,0,41000,0,0,0,102000,61000,41000,41000
04692P,大立光群益94售06,0,0,0,0,0,0,0,0,0,41000,0,0,0,96000,55000,41000,41000
051919,台郡元大96購02  ,0,0,0,0,0,0,0,0,0,41000,0,0,0,41000,0,41000,41000
050409,華通永豐94購01  ,0,0,0,0,0,0,0,0,0,41000,0,0,0,41000,0,41000,41000
052000,鈺齊元大95購03  ,0,0,0,0,0,0,0,0,0,41000,0,0,0,41000,0,41000,41000
049261,大立光元大94購08,0,0,0,0,0,0,0,0,0,41000,0,0,0,55000,14000,41000,41000
050982,台積電國泰96購04,0,0,0,0,0,0,0,0,0,41000,0,0,0,60000,19000,41000,41000
053158,茂林元大96購01  ,0,0,0,0,0,0,0,0,0,41000,0,0,0,48000,7000,41000,41000
052969,建準群益97購01  ,0,0,0,0,0,0,0,0,0,41000,0,0,0,117000,76000,41000,41000
054047,富邦金元大97購01,0,0,0,0,0,0,0,0,0,41000,0,0,0,131000,90000,41000,41000
054504,聯鈞永豐96購01  ,0,0,0,0,0,0,0,0,0,41000,0,0,0,146000,105000,41000,41000
06328P,台積電中信01售02,0,0,0,0,0,0,0,0,0,41000,0,0,0,85000,44000,41000,41000
06740P,台灣50國泰9A售02,0,0,0,0,0,0,0,0,0,41000,0,0,0,121000,80000,41000,41000
06542P,台光電國票98售05,0,0,0,0,0,0,0,0,0,41000,0,0,0,41000,0,41000,41000
3705,永信            ,80000,35000,45000,0,0,0,0,0,0,-4000,0,4000,-4000,0,0,0,41000
05793P,臺股指中信99售08,0,0,0,0,0,0,0,0,0,40000,0,0,0,45000,5000,40000,40000
05717P,鴻海元大97售07  ,0,0,0,0,0,0,0,0,0,40000,0,0,0,43000,3000,40000,40000
056891,國巨元大99購03  ,0,0,0,0,0,0,0,0,0,40000,0,0,0,293000,253000,40000,40000
055867,臺股指元大97購05,0,0,0,0,0,0,0,0,0,40000,0,0,0,150000,110000,40000,40000
055585,國巨元大98購08  ,0,0,0,0,0,0,0,0,0,40000,0,0,0,180000,140000,40000,40000
05589P,大立光中信9A售01,0,0,0,0,0,0,0,0,0,40000,0,0,0,40000,0,40000,40000
056553,啟碁凱基98購02  ,0,0,0,0,0,0,0,0,0,40000,0,0,0,50000,10000,40000,40000
056341,宏達電凱基9A購01,0,0,0,0,0,0,0,0,0,40000,0,0,0,40000,0,40000,40000
056501,貿聯富邦99購01  ,0,0,0,0,0,0,0,0,0,40000,0,0,0,200000,160000,40000,40000
056488,致新元大99購01  ,0,0,0,0,0,0,0,0,0,40000,0,0,0,52000,12000,40000,40000
056509,晶相光永豐98購01,0,0,0,0,0,0,0,0,0,40000,0,0,0,60000,20000,40000,40000
046858,群創元大94購02  ,0,0,0,0,0,0,0,0,0,40000,0,0,0,50000,10000,40000,40000
047277,晶技永豐93購01  ,0,0,0,0,0,0,0,0,0,40000,0,0,0,40000,0,40000,40000
048112,宏達電群益93購05,0,0,0,0,0,0,0,0,0,40000,0,0,0,40000,0,40000,40000
047924,可成凱基93購10  ,0,0,0,0,0,0,0,0,0,40000,0,0,0,110000,70000,40000,40000
048700,和鑫國票95購01  ,0,0,0,0,0,0,0,0,0,40000,0,0,0,40000,0,40000,40000
047755,麗豐元富93購01  ,0,0,0,0,0,0,0,0,0,40000,0,0,0,40000,0,40000,40000
052061,樺漢國票96購01  ,0,0,0,0,0,0,0,0,0,40000,0,0,0,60000,20000,40000,40000
052032,臺股指群益95購05,0,0,0,0,0,0,0,0,0,40000,0,0,0,44000,4000,40000,40000
045448,宏達電國泰93購02,0,0,0,0,0,0,0,0,0,40000,0,0,0,40000,0,40000,40000
048536,南電國票93購04  ,0,0,0,0,0,0,0,0,0,40000,0,0,0,65000,25000,40000,40000
043750,美律元大93購01  ,0,0,0,0,0,0,0,0,0,40000,0,0,0,40000,0,40000,40000
04637P,臺股指群益94售12,0,0,0,0,0,0,0,0,0,40000,0,0,0,40000,0,40000,40000
051729,華新國票96購01  ,0,0,0,0,0,0,0,0,0,40000,0,0,0,40000,0,40000,40000
049596,智伸科元大95購01,0,0,0,0,0,0,0,0,0,40000,0,0,0,140000,100000,40000,40000
049807,新光金元大96購02,0,0,0,0,0,0,0,0,0,40000,0,0,0,40000,0,40000,40000
049695,新光金元大9A購01,0,0,0,0,0,0,0,0,0,40000,0,0,0,40000,0,40000,40000
050901,樺漢元大95購02  ,0,0,0,0,0,0,0,0,0,40000,0,0,0,96000,56000,40000,40000
050497,臺指反凱基96購02,0,0,0,0,0,0,0,0,0,40000,0,0,0,40000,0,40000,40000
051019,大立光凱基95購08,0,0,0,0,0,0,0,0,0,40000,0,0,0,40000,0,40000,40000
051110,可成統一95購01  ,0,0,0,0,0,0,0,0,0,40000,0,0,0,40000,0,40000,40000
050793,大立光富邦96購03,0,0,0,0,0,0,0,0,0,40000,0,0,0,40000,0,40000,40000
049479,矽格永豐94購01  ,0,0,0,0,0,0,0,0,0,40000,0,0,0,40000,0,40000,40000
049272,世紀鋼元大96購02,0,0,0,0,0,0,0,0,0,40000,0,0,0,80000,40000,40000,40000
052648,茂林永豐96購01  ,0,0,0,0,0,0,0,0,0,40000,0,0,0,65000,25000,40000,40000
052714,義隆凱基96購02  ,0,0,0,0,0,0,0,0,0,40000,0,0,0,40000,0,40000,40000
052857,大成鋼凱基96購01,0,0,0,0,0,0,0,0,0,40000,0,0,0,40000,0,40000,40000
04954P,健策國票96售01  ,0,0,0,0,0,0,0,0,0,40000,0,0,0,40000,0,40000,40000
051806,華通凱基96購02  ,0,0,0,0,0,0,0,0,0,40000,0,0,0,40000,0,40000,40000
051279,喬山兆豐96購01  ,0,0,0,0,0,0,0,0,0,40000,0,0,0,40000,0,40000,40000
05153P,台表科群益96售01,0,0,0,0,0,0,0,0,0,40000,0,0,0,40000,0,40000,40000
054550,旺宏凱基98購02  ,0,0,0,0,0,0,0,0,0,40000,0,0,0,50000,10000,40000,40000
055024,興勤國泰98購01  ,0,0,0,0,0,0,0,0,0,40000,0,0,0,40000,0,40000,40000
05364P,臺股指富邦95售04,0,0,0,0,0,0,0,0,0,40000,0,0,0,40000,0,40000,40000
052461,和大統一95購01  ,0,0,0,0,0,0,0,0,0,40000,0,0,0,40000,0,40000,40000
05349P,可成元富98售03  ,0,0,0,0,0,0,0,0,0,40000,0,0,0,40000,0,40000,40000
06518P,奇力新兆豐99售01,0,0,0,0,0,0,0,0,0,40000,0,0,0,40000,0,40000,40000
06364P,鴻海凱基97售08  ,0,0,0,0,0,0,0,0,0,40000,0,0,0,55000,15000,40000,40000
1582,信錦            ,128000,86000,42000,0,0,0,0,0,0,-2000,0,2000,-2000,0,0,0,40000
056475,宏達電元大99購02,0,0,0,0,0,0,0,0,0,39000,0,0,0,61000,22000,39000,39000
056523,光寶科中信98購01,0,0,0,0,0,0,0,0,0,39000,0,0,0,49000,10000,39000,39000
05727P,新光金日盛96售02,0,0,0,0,0,0,0,0,0,39000,0,0,0,57000,18000,39000,39000
05820P,臺股指凱基96售17,0,0,0,0,0,0,0,0,0,39000,0,0,0,39000,0,39000,39000
05940P,聯發科凱基96售21,0,0,0,0,0,0,0,0,0,39000,0,0,0,39000,0,39000,39000
052018,京鼎永豐95購02  ,0,0,0,0,0,0,0,0,0,39000,0,0,0,62000,23000,39000,39000
052220,T50反1凱基98購01,0,10000,-10000,0,0,0,0,0,0,49000,0,0,0,49000,0,49000,39000
051614,元金2X凱基97購01,0,0,0,0,0,0,0,0,0,39000,0,0,0,81000,42000,39000,39000
050123,群臺反凱基96購01,0,0,0,0,0,0,0,0,0,39000,0,0,0,41000,2000,39000,39000
05301P,矽力元大95售02  ,0,0,0,0,0,0,0,0,0,39000,0,0,0,160000,121000,39000,39000
053897,台郡群益96購01  ,0,0,0,0,0,0,0,0,0,39000,0,0,0,59000,20000,39000,39000
053989,奇力新兆豐97購01,0,0,0,0,0,0,0,0,0,39000,0,0,0,47000,8000,39000,39000
055025,華新科國泰98購02,0,0,0,0,0,0,0,0,0,39000,0,0,0,39000,0,39000,39000
055007,晶相光元富9A購02,0,0,0,0,0,0,0,0,0,39000,0,0,0,49000,10000,39000,39000
054645,奇力新群益97購04,0,0,0,0,0,0,0,0,0,39000,0,0,0,41000,2000,39000,39000
2499,東貝            ,215000,176000,39000,0,0,0,0,0,0,0,0,0,0,0,0,0,39000
2608,嘉里大榮        ,74000,33000,41000,0,0,0,0,0,0,-2000,0,2000,-2000,0,0,0,39000
06105P,國巨國票98售02  ,0,0,0,0,0,0,0,0,0,39000,0,0,0,66000,27000,39000,39000
06110P,國巨國泰98售02  ,0,0,0,0,0,0,0,0,0,39000,0,0,0,329000,290000,39000,39000
4763,材料-KY         ,45000,6000,39000,0,0,0,0,0,0,0,0,0,0,0,0,0,39000
057374,禾伸堂元大99購03,0,0,0,0,0,0,0,0,0,38000,0,0,0,215000,177000,38000,38000
056962,技嘉永豐98購01  ,0,0,0,0,0,0,0,0,0,38000,0,0,0,153000,115000,38000,38000
05653P,華邦電統一96售02,0,0,0,0,0,0,0,0,0,38000,0,0,0,76000,38000,38000,38000
056762,亞德客元大98購01,0,0,0,0,0,0,0,0,0,38000,0,0,0,40000,2000,38000,38000
056476,智原元大98購02  ,0,30000,-30000,0,0,0,0,0,0,68000,0,0,0,84000,16000,68000,38000
049132,大成鋼元大94購01,0,0,0,0,0,0,0,0,0,38000,0,0,0,68000,30000,38000,38000
048139,南電國票94購02  ,0,0,0,0,0,0,0,0,0,38000,0,0,0,38000,0,38000,38000
046725,可成元大93購02  ,0,0,0,0,0,0,0,0,0,38000,0,0,0,38000,0,38000,38000
04293P,滬深2X元大96售02,0,0,0,0,0,0,0,0,0,38000,0,0,0,110000,72000,38000,38000
04454P,大立光富邦98售02,0,0,0,0,0,0,0,0,0,38000,0,0,0,44000,6000,38000,38000
050144,宏達電台新95購01,0,0,0,0,0,0,0,0,0,38000,0,0,0,58000,20000,38000,38000
050856,智邦台新95購01  ,0,0,0,0,0,0,0,0,0,38000,0,0,0,38000,0,38000,38000
05230P,京元電群益95售01,0,0,0,0,0,0,0,0,0,38000,0,0,0,38000,0,38000,38000
049692,可成元大94購07  ,0,0,0,0,0,0,0,0,0,38000,0,0,0,121000,83000,38000,38000
050639,GIS國票96購01   ,0,0,0,0,0,0,0,0,0,38000,0,0,0,38000,0,38000,38000
051817,元金2X統一95購01,0,0,0,0,0,0,0,0,0,38000,0,0,0,50000,12000,38000,38000
052886,世紀鋼兆豐96購01,0,0,0,0,0,0,0,0,0,38000,0,0,0,48000,10000,38000,38000
054602,聯詠台新97購01  ,0,0,0,0,0,0,0,0,0,38000,0,0,0,39000,1000,38000,38000
054589,聯鈞國泰99購01  ,0,0,0,0,0,0,0,0,0,38000,0,0,0,296000,258000,38000,38000
05431P,台光電統一97售01,0,0,0,0,0,0,0,0,0,38000,0,0,0,58000,20000,38000,38000
054347,上緯控國票96購02,0,0,0,0,0,0,0,0,0,38000,0,0,0,113000,75000,38000,38000
054418,茂林元大97購01  ,0,0,0,0,0,0,0,0,0,38000,0,0,0,103000,65000,38000,38000
054777,昇陽半國票98購01,0,0,0,0,0,0,0,0,0,38000,0,0,0,138000,100000,38000,38000
055290,玉晶光元大98購08,0,0,0,0,0,0,0,0,0,38000,0,0,0,156000,118000,38000,38000
055512,聯詠兆豐97購01  ,0,0,0,0,0,0,0,0,0,38000,0,0,0,38000,0,38000,38000
056227,奇力新凱基98購04,0,0,0,0,0,0,0,0,0,37000,0,0,0,37000,0,37000,37000
05681P,大立光元大96售05,0,0,0,0,0,0,0,0,0,37000,0,0,0,55000,18000,37000,37000
055971,矽力元大97購05  ,0,0,0,0,0,0,0,0,0,37000,0,0,0,88000,51000,37000,37000
056199,美律永豐97購01  ,0,0,0,0,0,0,0,0,0,37000,0,0,0,37000,0,37000,37000
057734,訊芯國泰9A購01  ,0,0,0,0,0,0,0,0,0,37000,0,0,0,50000,13000,37000,37000
047628,新光金國票95購02,0,0,0,0,0,0,0,0,0,37000,0,0,0,37000,0,37000,37000
048179,臻鼎富邦97購01  ,0,0,0,0,0,0,0,0,0,37000,0,0,0,90000,53000,37000,37000
04903P,全新永豐94售05  ,0,0,0,0,0,0,0,0,0,37000,0,0,0,74000,37000,37000,37000
051248,華固元大95購01  ,0,190000,-190000,0,0,0,0,0,0,227000,0,0,0,329000,102000,227000,37000
05155P,聯發科兆豐95售03,0,0,0,0,0,0,0,0,0,37000,0,0,0,81000,44000,37000,37000
05018P,臺股指元大95售09,0,0,0,0,0,0,0,0,0,37000,0,0,0,87000,50000,37000,37000
054956,宏盛元大97購01  ,0,0,0,0,0,0,0,0,0,37000,0,0,0,105000,68000,37000,37000
054311,世芯凱基96購02  ,0,0,0,0,0,0,0,0,0,37000,0,0,0,37000,0,37000,37000
053827,漢唐麥證9A購01  ,0,0,0,42000,5000,37000,0,0,0,37000,0,0,0,42000,5000,37000,37000
052459,道瓊反統一95購04,0,0,0,0,0,0,0,0,0,37000,0,0,0,37000,0,37000,37000
06106P,國巨群益97售02  ,0,0,0,0,0,0,0,0,0,37000,0,0,0,199000,162000,37000,37000
06754P,台積電永豐98售03,0,0,0,0,0,0,0,0,0,37000,0,0,0,49000,12000,37000,37000
057730,聯鈞國泰9A購01  ,0,0,0,0,0,0,0,0,0,36000,0,0,0,193000,157000,36000,36000
056239,宏達電群益98購01,0,0,0,0,0,0,0,0,0,36000,0,0,0,38000,2000,36000,36000
056493,晶技國泰99購01  ,0,0,0,0,0,0,0,0,0,36000,0,0,0,158000,122000,36000,36000
048852,旺宏群益96購02  ,0,0,0,0,0,0,0,0,0,36000,0,0,0,46000,10000,36000,36000
048880,昇陽半國票94購01,0,0,0,0,0,0,0,0,0,36000,0,0,0,136000,100000,36000,36000
04889P,華通元大94售03  ,0,0,0,0,0,0,0,0,0,36000,0,0,0,56000,20000,36000,36000
04961P,貿聯凱基94售03  ,0,0,0,0,0,0,0,0,0,36000,0,0,0,36000,0,36000,36000
051425,昇陽半國票97購01,0,0,0,0,0,0,0,0,0,36000,0,0,0,36000,0,36000,36000
054308,嘉晶凱基98購01  ,0,0,0,0,0,0,0,0,0,36000,0,0,0,449000,413000,36000,36000
054528,台光電統一96購02,0,0,0,0,0,0,0,0,0,36000,0,0,0,97000,61000,36000,36000
8081,致新            ,117000,85000,32000,0,0,0,5000,0,5000,-1000,1000,1000,0,12000,13000,-1000,36000
056378,欣興元富98購01  ,0,0,0,0,0,0,0,0,0,35000,0,0,0,134000,99000,35000,35000
056827,元油2X富邦02購01,0,0,0,0,0,0,0,0,0,35000,0,0,0,50000,15000,35000,35000
05963P,貿聯國票97售02  ,0,0,0,0,0,0,0,0,0,35000,0,0,0,35000,0,35000,35000
05805P,義隆永豐96售02  ,0,0,0,0,0,0,0,0,0,35000,0,0,0,40000,5000,35000,35000
05782P,聯詠元富96售02  ,0,0,0,0,0,0,0,0,0,35000,0,0,0,35000,0,35000,35000
056949,義隆統一98購01  ,0,0,0,0,0,0,0,0,0,35000,0,0,0,35000,0,35000,35000
05200P,臺股指永豐95售03,0,0,0,0,0,0,0,0,0,35000,0,0,0,35000,0,35000,35000
046727,新光金元大93購03,0,0,0,0,0,0,0,0,0,35000,0,0,0,35000,0,35000,35000
045630,技嘉凱基93購02  ,0,0,0,0,0,0,0,0,0,35000,0,0,0,65000,30000,35000,35000
051900,臻鼎富邦95購01  ,0,0,0,0,0,0,0,0,0,35000,0,0,0,35000,0,35000,35000
05264P,微星元大95售02  ,0,0,0,0,0,0,0,0,0,35000,0,0,0,35000,0,35000,35000
052875,樺漢凱基96購02  ,0,0,0,0,0,0,0,0,0,35000,0,0,0,35000,0,35000,35000
052429,禾伸堂永豐95購02,0,0,0,0,0,0,0,0,0,35000,0,0,0,89000,54000,35000,35000
051687,大立光凱基95購12,0,0,0,0,0,0,0,0,0,35000,0,0,0,80000,45000,35000,35000
049410,統一凱基94購02  ,0,0,0,0,0,0,0,0,0,35000,0,0,0,35000,0,35000,35000
054381,世芯群益98購01  ,0,0,0,0,0,0,0,0,0,35000,0,0,0,40000,5000,35000,35000
054419,嘉聯益元大98購02,0,0,0,0,0,0,0,0,0,35000,0,0,0,104000,69000,35000,35000
055487,國巨元大98購07  ,0,0,0,0,0,0,0,0,0,35000,0,0,0,274000,239000,35000,35000
055142,健策永豐98購01  ,0,0,0,0,0,0,0,0,0,35000,0,0,0,61000,26000,35000,35000
053069,同欣電群益98購01,0,0,0,0,0,0,0,0,0,35000,0,0,0,102000,67000,35000,35000
053487,台泥兆豐97購01  ,0,0,0,0,0,0,0,0,0,35000,0,0,0,35000,0,35000,35000
053575,聯詠元富96購01  ,0,0,0,0,0,0,0,0,0,35000,0,0,0,100000,65000,35000,35000
054201,聯詠富邦97購02  ,0,0,0,0,0,0,0,0,0,35000,0,0,0,170000,135000,35000,35000
054232,台積電群益96購12,0,0,0,0,0,0,0,0,0,35000,0,0,0,91000,56000,35000,35000
3055,蔚華科          ,35000,15000,20000,0,0,0,0,0,0,15000,15000,0,15000,0,0,0,35000
1449,佳和            ,39000,4000,35000,0,0,0,0,0,0,0,0,0,0,0,0,0,35000
2501,國建            ,173000,136000,37000,0,0,0,0,0,0,-2000,0,2000,-2000,0,0,0,35000
06463P,大立光富邦9A售01,0,0,0,0,0,0,0,0,0,35000,0,0,0,45000,10000,35000,35000
056916,台達電兆豐98購02,0,0,0,0,0,0,0,0,0,34000,0,0,0,44000,10000,34000,34000
057128,台光電凱基98購03,0,0,0,0,0,0,0,0,0,34000,0,0,0,110000,76000,34000,34000
05705P,上証2X永豐96售03,0,0,0,0,0,0,0,0,0,34000,0,0,0,60000,26000,34000,34000
05959P,聯發科國票98售01,0,0,0,0,0,0,0,0,0,34000,0,0,0,34000,0,34000,34000
05766P,A50正2凱基99售01,0,0,0,0,0,0,0,0,0,34000,0,0,0,352000,318000,34000,34000
056428,台達電凱基99購01,0,0,0,0,0,0,0,0,0,34000,0,0,0,89000,55000,34000,34000
055987,台表科元富97購01,0,0,0,0,0,0,0,0,0,34000,0,0,0,54000,20000,34000,34000
055689,台郡凱基99購01  ,0,0,0,0,0,0,0,0,0,34000,0,0,0,34000,0,34000,34000
046831,大立光群益94購01,0,0,0,0,0,0,0,0,0,34000,0,0,0,34000,0,34000,34000
046886,喬山群益93購01  ,0,0,0,0,0,0,0,0,0,34000,0,0,0,34000,0,34000,34000
048345,緯創元大94購01  ,0,0,0,0,0,0,0,0,0,34000,0,0,0,34000,0,34000,34000
049020,可成群益94購02  ,0,0,0,0,0,0,0,0,0,34000,0,0,0,72000,38000,34000,34000
050022,鴻海元大94購11  ,0,0,0,0,0,0,0,0,0,34000,0,0,0,61000,27000,34000,34000
052344,台表科凱基98購01,0,0,0,0,0,0,0,0,0,34000,0,0,0,49000,15000,34000,34000
052537,力成富邦95購01  ,0,0,0,0,0,0,0,0,0,34000,0,0,0,36000,2000,34000,34000
054185,喬山永豐96購02  ,0,0,0,0,0,0,0,0,0,34000,0,0,0,54000,20000,34000,34000
053806,鎧勝凱基96購02  ,0,0,0,0,0,0,0,0,0,34000,0,0,0,34000,0,34000,34000
053210,華邦電凱基97購02,0,0,0,0,0,0,0,0,0,34000,0,0,0,34000,0,34000,34000
055064,碩天永豐97購01  ,0,28000,-28000,0,0,0,0,0,0,62000,0,0,0,62000,0,62000,34000
055305,旺宏群益99購01  ,0,0,0,0,0,0,0,0,0,34000,0,0,0,44000,10000,34000,34000
055568,緯穎凱基97購02  ,0,0,0,0,0,0,0,0,0,34000,0,0,0,34000,0,34000,34000
055455,健策國泰98購02  ,0,0,0,0,0,0,0,0,0,34000,0,0,0,169000,135000,34000,34000
054538,台光電國票98購01,0,0,0,0,0,0,0,0,0,34000,0,0,0,100000,66000,34000,34000
054743,聯鈞凱基99購01  ,0,0,0,0,0,0,0,0,0,34000,0,0,0,327000,293000,34000,34000
2642,宅配通          ,54000,20000,34000,0,0,0,0,0,0,0,0,0,0,0,0,0,34000
1809,中釉            ,43000,9000,34000,0,0,0,0,0,0,0,0,0,0,0,0,0,34000
6504,南六            ,107000,139000,-32000,0,0,0,0,0,0,66000,118000,52000,66000,0,0,0,34000
9919,康那香          ,541000,707000,-166000,0,0,0,0,0,0,200000,200000,0,200000,0,0,0,34000
056754,智易兆豐99購01  ,0,0,0,0,0,0,0,0,0,33000,0,0,0,35000,2000,33000,33000
056676,國產元富98購01  ,0,0,0,0,0,0,0,0,0,33000,0,0,0,53000,20000,33000,33000
056649,智易凱基98購01  ,0,0,0,0,0,0,0,0,0,33000,0,0,0,59000,26000,33000,33000
05918P,大立光元大96售11,0,0,0,0,0,0,0,0,0,33000,0,0,0,71000,38000,33000,33000
04837P,華新科元大94售05,0,0,0,0,0,0,0,0,0,33000,0,0,0,33000,0,33000,33000
047848,可成統一93購01  ,0,0,0,0,0,0,0,0,0,33000,0,0,0,33000,0,33000,33000
04578P,微星富邦96售01  ,0,0,0,0,0,0,0,0,0,33000,0,0,0,35000,2000,33000,33000
047588,大立光永豐94購01,0,0,0,0,0,0,0,0,0,33000,0,0,0,33000,0,33000,33000
052839,上海銀國泰97購01,0,0,0,0,0,0,0,0,0,33000,0,0,0,49000,16000,33000,33000
052776,力山國票97購01  ,0,0,0,0,0,0,0,0,0,33000,0,0,0,52000,19000,33000,33000
049691,可成元大94購06  ,0,0,0,0,0,0,0,0,0,33000,0,0,0,167000,134000,33000,33000
049817,南電元大94購07  ,0,0,0,0,0,0,0,0,0,33000,0,0,0,193000,160000,33000,33000
050825,嘉澤凱基95購01  ,0,0,0,0,0,0,0,0,0,33000,0,0,0,33000,0,33000,33000
05454P,奇鋐群益95售04  ,0,0,0,0,0,0,0,0,0,33000,0,0,0,38000,5000,33000,33000
055537,康友群益97購03  ,0,0,0,0,0,0,0,0,0,33000,0,0,0,70000,37000,33000,33000
05549P,臺股指元大96售03,0,0,0,0,0,0,0,0,0,33000,0,0,0,182000,149000,33000,33000
055264,國巨永豐98購01  ,0,0,0,0,0,0,0,0,0,33000,0,0,0,114000,81000,33000,33000
053753,啟碁永豐96購01  ,0,0,0,0,0,0,0,0,0,33000,0,0,0,37000,4000,33000,33000
06763P,技嘉元大98售05  ,0,0,0,0,0,0,0,0,0,33000,0,0,0,33000,0,33000,33000
057120,茂林康和98購01  ,0,0,0,0,0,0,0,0,0,32000,0,0,0,100000,68000,32000,32000
056453,禾伸堂凱基99購02,0,0,0,0,0,0,0,0,0,32000,0,0,0,52000,20000,32000,32000
045958,技嘉凱基93購04  ,0,0,0,0,0,0,0,0,0,32000,0,0,0,102000,70000,32000,32000
046391,上海銀統一94購01,0,0,0,0,0,0,0,0,0,32000,0,0,0,34000,2000,32000,32000
04402P,TPK兆豐95售01   ,0,0,0,0,0,0,0,0,0,32000,0,0,0,182000,150000,32000,32000
046619,可成凱基93購01  ,0,0,0,0,0,0,0,0,0,32000,0,0,0,72000,40000,32000,32000
03932P,欣興統一93售01  ,0,0,0,0,0,0,0,0,0,32000,0,0,0,37000,5000,32000,32000
047051,可成國票94購01  ,0,0,0,0,0,0,0,0,0,32000,0,0,0,32000,0,32000,32000
047117,禾伸堂元大93購02,0,0,0,0,0,0,0,0,0,32000,0,0,0,32000,0,32000,32000
047068,南電凱基93購04  ,0,0,0,0,0,0,0,0,0,32000,0,0,0,44000,12000,32000,32000
052092,貿聯元大96購02  ,0,0,0,0,0,0,0,0,0,32000,0,0,0,32000,0,32000,32000
05057P,鴻海國票96售01  ,0,0,0,0,0,0,0,0,0,32000,0,0,0,42000,10000,32000,32000
050084,宏達電元富94購03,0,0,0,0,0,0,0,0,0,32000,0,0,0,32000,0,32000,32000
052888,台表科中信9A購01,0,0,0,0,0,0,0,0,0,32000,0,0,0,32000,0,32000,32000
050397,力成元富94購01  ,0,0,0,0,0,0,0,0,0,32000,0,0,0,67000,35000,32000,32000
051315,同欣電麥證95購01,0,0,0,52000,20000,32000,0,0,0,32000,0,0,0,52000,20000,32000,32000
051594,和碩元大96購01  ,0,0,0,0,0,0,0,0,0,32000,0,0,0,100000,68000,32000,32000
051513,台積電凱基95購13,0,0,0,0,0,0,0,0,0,32000,0,0,0,102000,70000,32000,32000
054406,旺宏國票98購01  ,0,0,0,0,0,0,0,0,0,32000,0,0,0,32000,0,32000,32000
054763,宏達電國票99購01,0,0,0,0,0,0,0,0,0,32000,0,0,0,32000,0,32000,32000
054865,可成群益97購01  ,0,0,0,0,0,0,0,0,0,32000,0,0,0,115000,83000,32000,32000
06478P,臺股指日盛9A售01,0,0,0,0,0,0,0,0,0,32000,0,0,0,33000,1000,32000,32000
06423P,亞光台新97售01  ,0,0,0,0,0,0,0,0,0,32000,0,0,0,32000,0,32000,32000
06127P,泰碩元富97售01  ,0,0,0,0,0,0,0,0,0,32000,0,0,0,32000,0,32000,32000
6715,嘉基            ,56000,19000,37000,0,0,0,0,0,0,-5000,0,5000,-5000,0,0,0,32000
3443,創意            ,67000,69000,-2000,0,0,0,64000,56000,8000,26000,0,2000,-2000,31000,3000,28000,32000
056245,嘉澤群益97購01  ,0,0,0,0,0,0,0,0,0,31000,0,0,0,35000,4000,31000,31000
056719,台虹永豐98購01  ,0,0,0,0,0,0,0,0,0,31000,0,0,0,39000,8000,31000,31000
056819,奇力新永豐98購01,0,0,0,0,0,0,0,0,0,31000,0,0,0,33000,2000,31000,31000
055719,可成元大97購03  ,0,0,0,0,0,0,0,0,0,31000,0,0,0,85000,54000,31000,31000
057413,臺股指群益9C購04,0,0,0,0,0,0,0,0,0,31000,0,0,0,42000,11000,31000,31000
06011P,貿聯元富96售04  ,0,0,0,0,0,0,0,0,0,31000,0,0,0,72000,41000,31000,31000
05856P,A50正2中信99售01,0,0,0,0,0,0,0,0,0,31000,0,0,0,33000,2000,31000,31000
04838P,宏達電元大95售02,0,0,0,0,0,0,0,0,0,31000,0,0,0,31000,0,31000,31000
048938,玉晶光永豐95購02,0,0,0,0,0,0,0,0,0,31000,0,0,0,34000,3000,31000,31000
047342,T50反1中信99購01,0,0,0,0,0,0,0,0,0,31000,0,0,0,31000,0,31000,31000
047925,可成凱基94購01  ,0,0,0,0,0,0,0,0,0,31000,0,0,0,64000,33000,31000,31000
04276P,聯發科凱基93售33,0,0,0,0,0,0,0,0,0,31000,0,0,0,36000,5000,31000,31000
045231,南電元大94購01  ,0,0,0,0,0,0,0,0,0,31000,0,0,0,31000,0,31000,31000
042927,道瓊反中信94購01,0,0,0,0,0,0,0,0,0,31000,0,0,0,31000,0,31000,31000
049565,楠梓電統一94購01,0,0,0,0,0,0,0,0,0,31000,0,0,0,31000,0,31000,31000
05282P,可成元大95售09  ,0,0,0,0,0,0,0,0,0,31000,0,0,0,142000,111000,31000,31000
050091,喬山永豐94購02  ,0,0,0,0,0,0,0,0,0,31000,0,0,0,33000,2000,31000,31000
051761,富邦金元大96購01,0,0,0,0,0,0,0,0,0,31000,0,0,0,31000,0,31000,31000
054469,同欣電凱基97購01,0,0,0,0,0,0,0,0,0,31000,0,0,0,31000,0,31000,31000
054353,世紀鋼國泰98購01,0,0,0,0,0,0,0,0,0,31000,0,0,0,41000,10000,31000,31000
054323,旺宏台新96購02  ,0,0,0,0,0,0,0,0,0,31000,0,0,0,35000,4000,31000,31000
055566,台表科凱基97購03,0,0,0,0,0,0,0,0,0,31000,0,0,0,31000,0,31000,31000
052961,國巨凱基97購02  ,0,0,0,0,0,0,0,0,0,31000,0,0,0,127000,96000,31000,31000
4994,傳奇            ,60000,19000,41000,0,0,0,0,0,0,-10000,0,2000,-2000,0,8000,-8000,31000
06285P,台積電國票98售04,0,0,0,0,0,0,0,0,0,31000,0,0,0,31000,0,31000,31000
057605,旺宏統一99購03  ,0,0,0,0,0,0,0,0,0,30000,0,0,0,50000,20000,30000,30000
057229,友達凱基9B購02  ,0,0,0,0,0,0,0,0,0,30000,0,0,0,30000,0,30000,30000
05689P,滬深2X中信97售02,0,0,0,0,0,0,0,0,0,30000,0,0,0,30000,0,30000,30000
056884,元油2X元大99購02,0,0,0,0,0,0,0,0,0,30000,0,0,0,31000,1000,30000,30000
056988,聚陽兆豐98購01  ,0,0,0,0,0,0,0,0,0,30000,0,0,0,50000,20000,30000,30000
055671,世紀鋼群益97購01,0,0,0,0,0,0,0,0,0,30000,0,0,0,30000,0,30000,30000
056726,友達日盛9A購01  ,0,0,0,0,0,0,0,0,0,30000,0,0,0,80000,50000,30000,30000
056699,光罩國泰99購01  ,0,0,0,0,0,0,0,0,0,30000,0,0,0,30000,0,30000,30000
056480,京鼎元大98購02  ,0,0,0,0,0,0,0,0,0,30000,0,0,0,30000,0,30000,30000
046242,大立光中信93購02,0,0,0,0,0,0,0,0,0,30000,0,0,0,290000,260000,30000,30000
04404P,玉晶光國票94售01,0,0,0,0,0,0,0,0,0,30000,0,0,0,30000,0,30000,30000
046300,嘉聯益富邦94購01,0,0,0,0,0,0,0,0,0,30000,0,0,0,30000,0,30000,30000
048569,台虹元大93購03  ,0,0,0,0,0,0,0,0,0,30000,0,0,0,30000,0,30000,30000
03788P,聯發科群益94售02,0,0,0,0,0,0,0,0,0,30000,0,0,0,30000,0,30000,30000
03899P,滬深2X群益95售03,0,0,0,0,0,0,0,0,0,30000,0,0,0,30000,0,30000,30000
046571,瑞昱國泰93購01  ,0,0,0,0,0,0,0,0,0,30000,0,0,0,30000,0,30000,30000
045679,欣興元大94購01  ,0,0,0,0,0,0,0,0,0,30000,0,0,0,50000,20000,30000,30000
04288P,台積電中信95售06,0,0,0,0,0,0,0,0,0,30000,0,0,0,30000,0,30000,30000
045454,上銀元大93購01  ,0,0,0,0,0,0,0,0,0,30000,0,0,0,30000,0,30000,30000
04871P,力成元富94售02  ,0,0,0,0,0,0,0,0,0,30000,0,0,0,30000,0,30000,30000
047860,臺股指國票93購15,0,0,0,0,0,0,0,0,0,30000,0,0,0,30000,0,30000,30000
047754,嘉澤元富93購02  ,0,0,0,0,0,0,0,0,0,30000,0,0,0,30000,0,30000,30000
048185,台郡群益93購04  ,0,0,0,0,0,0,0,0,0,30000,0,0,0,30000,0,30000,30000
048058,大立光國泰95購01,0,0,0,0,0,0,0,0,0,30000,0,0,0,30000,0,30000,30000
048051,大立光中信94購03,0,0,0,0,0,0,0,0,0,30000,0,0,0,30000,0,30000,30000
047640,聯發科元大93購17,0,0,0,0,0,0,0,0,0,30000,0,0,0,30000,0,30000,30000
047169,滬深2X永豐95購01,0,0,0,0,0,0,0,0,0,30000,0,0,0,50000,20000,30000,30000
047289,啟碁統一97購01  ,0,0,0,0,0,0,0,0,0,30000,0,0,0,30000,0,30000,30000
046836,聯茂群益93購01  ,0,0,0,0,0,0,0,0,0,30000,0,0,0,30000,0,30000,30000
049014,台達電群益94購02,0,0,0,0,0,0,0,0,0,30000,0,0,0,30000,0,30000,30000
049140,台積電元大94購07,0,0,0,0,0,0,0,0,0,30000,0,0,0,30000,0,30000,30000
049126,玉晶光元富94購02,0,0,0,0,0,0,0,0,0,30000,0,0,0,40000,10000,30000,30000
049082,晶豪科凱基94購01,0,0,0,0,0,0,0,0,0,30000,0,0,0,30000,0,30000,30000
049067,元油2X凱基94購02,0,0,0,0,0,0,0,0,0,30000,0,0,0,50000,20000,30000,30000
048320,聯詠凱基93購08  ,0,0,0,0,0,0,0,0,0,30000,0,0,0,30000,0,30000,30000
048929,裕民永豐94購01  ,0,0,0,0,0,0,0,0,0,30000,0,0,0,30000,0,30000,30000
048911,玉晶光富邦96購01,0,0,0,0,0,0,0,0,0,30000,0,0,0,50000,20000,30000,30000
052165,訊芯永豐95購03  ,0,0,0,0,0,0,0,0,0,30000,0,0,0,30000,0,30000,30000
051106,華通統一95購02  ,0,0,0,0,0,0,0,0,0,30000,0,0,0,100000,70000,30000,30000
050801,元金2X群益98購01,0,0,0,0,0,0,0,0,0,30000,0,0,0,42000,12000,30000,30000
050792,可成富邦96購01  ,0,0,0,0,0,0,0,0,0,30000,0,0,0,398000,368000,30000,30000
049413,台達電凱基94購06,0,0,0,0,0,0,0,0,0,30000,0,0,0,30000,0,30000,30000
050246,大立光凱基94購13,0,0,0,0,0,0,0,0,0,30000,0,0,0,30000,0,30000,30000
04999P,南電永豐95售01  ,0,0,0,0,0,0,0,0,0,30000,0,0,0,57000,27000,30000,30000
049946,智邦兆豐95購01  ,0,0,0,0,0,0,0,0,0,30000,0,0,0,50000,20000,30000,30000
049909,國巨元大95購01  ,0,0,0,0,0,0,0,0,0,30000,0,0,0,40000,10000,30000,30000
050523,義隆元大94購05  ,0,0,0,0,0,0,0,0,0,30000,0,0,0,30000,0,30000,30000
051609,貿聯群益95購03  ,0,0,0,0,0,0,0,0,0,30000,0,0,0,30000,0,30000,30000
050880,大立光元富95購03,0,0,0,0,0,0,0,0,0,30000,0,0,0,124000,94000,30000,30000
050167,T50反1富邦96購01,0,0,0,0,0,0,0,0,0,30000,0,0,0,30000,0,30000,30000
049845,台積電麥證94購01,0,0,0,30000,0,30000,0,0,0,30000,0,0,0,30000,0,30000,30000
049672,臺股指富邦94購01,0,0,0,0,0,0,0,0,0,30000,0,0,0,30000,0,30000,30000
05097P,聯發科日盛95售01,0,0,0,0,0,0,0,0,0,30000,0,0,0,30000,0,30000,30000
049595,麗豐元大95購01  ,0,0,0,0,0,0,0,0,0,30000,0,0,0,60000,30000,30000,30000
049590,華新科元大94購01,0,0,0,0,0,0,0,0,0,30000,0,0,0,69000,39000,30000,30000
050175,台光電元大94購08,0,0,0,0,0,0,0,0,0,30000,0,0,0,42000,12000,30000,30000
050928,日月光凱基95購01,0,0,0,0,0,0,0,0,0,30000,0,0,0,30000,0,30000,30000
050957,T50反1台新05購01,0,0,0,0,0,0,0,0,0,30000,0,0,0,50000,20000,30000,30000
050977,聯發科統一95購02,0,0,0,0,0,0,0,0,0,30000,0,0,0,30000,0,30000,30000
052573,智伸科凱基97購01,0,0,0,0,0,0,0,0,0,30000,0,0,0,30000,0,30000,30000
052615,鴻海國泰98購01  ,0,0,0,0,0,0,0,0,0,30000,0,0,0,30000,0,30000,30000
050384,嘉澤國票94購02  ,0,0,0,0,0,0,0,0,0,30000,0,0,0,30000,0,30000,30000
05263P,台積電元大96售09,0,0,0,0,0,0,0,0,0,30000,0,0,0,45000,15000,30000,30000
050341,光寶科元富94購01,0,0,0,0,0,0,0,0,0,30000,0,0,0,30000,0,30000,30000
051853,京元電亞東95購01,0,0,0,0,0,0,0,0,0,30000,0,0,0,30000,0,30000,30000
051914,健策元大96購06  ,0,0,0,0,0,0,0,0,0,30000,0,0,0,56000,26000,30000,30000
051985,智邦元大95購05  ,0,0,0,0,0,0,0,0,0,30000,0,0,0,32000,2000,30000,30000
051603,深中小群益99購03,0,0,0,0,0,0,0,0,0,30000,0,0,0,30000,0,30000,30000
053165,大立光群益96購03,0,0,0,0,0,0,0,0,0,30000,0,0,0,60000,30000,30000,30000
053145,元黃金元大96購02,0,0,0,0,0,0,0,0,0,30000,0,0,0,30000,0,30000,30000
052935,康友元大96購03  ,0,0,0,0,0,0,0,0,0,30000,0,0,0,181000,151000,30000,30000
052899,和大國票97購01  ,0,0,0,0,0,0,0,0,0,30000,0,0,0,30000,0,30000,30000
052490,禾伸堂國票95購01,0,0,0,0,0,0,0,0,0,30000,0,0,0,30000,0,30000,30000
053196,康控元富96購01  ,0,0,0,0,0,0,0,0,0,30000,0,0,0,50000,20000,30000,30000
053046,智易中信96購01  ,0,0,0,0,0,0,0,0,0,30000,0,0,0,30000,0,30000,30000
053482,矽力元大96購03  ,0,0,0,0,0,0,0,0,0,30000,0,0,0,30000,0,30000,30000
053451,致新凱基96購02  ,0,0,0,0,0,0,0,0,0,30000,0,0,0,30000,0,30000,30000
053290,元油反中信97購01,0,0,0,0,0,0,0,0,0,30000,0,0,0,30000,0,30000,30000
053369,T50反1元大96購06,0,0,0,0,0,0,0,0,0,30000,0,0,0,30000,0,30000,30000
053635,技嘉永豐96購01  ,0,0,0,0,0,0,0,0,0,30000,0,0,0,80000,50000,30000,30000
054274,智易中信96購02  ,0,0,0,0,0,0,0,0,0,30000,0,0,0,30000,0,30000,30000
054070,創意國泰96購02  ,0,0,0,0,0,0,0,0,0,30000,0,0,0,30000,0,30000,30000
055269,和大元大97購02  ,0,0,0,0,0,0,0,0,0,30000,0,0,0,40000,10000,30000,30000
054656,深中小元大97購01,0,0,0,0,0,0,0,0,0,30000,0,0,0,30000,0,30000,30000
054506,矽格永豐96購01  ,0,0,0,0,0,0,0,0,0,30000,0,0,0,30000,0,30000,30000
054878,和大統一97購02  ,0,0,0,0,0,0,0,0,0,30000,0,0,0,50000,20000,30000,30000
054909,福懋科康和97購01,0,0,0,0,0,0,0,0,0,30000,0,0,0,30000,0,30000,30000
054676,牧德台新98購01  ,0,0,0,0,0,0,0,0,0,30000,0,0,0,30000,0,30000,30000
06327P,台積電中信01售01,0,0,0,0,0,0,0,0,0,30000,0,0,0,30000,0,30000,30000
06259P,臺股指群益97售12,0,0,0,0,0,0,0,0,0,30000,0,0,0,30000,0,30000,30000
06112P,台積電兆豐97售01,0,0,0,0,0,0,0,0,0,30000,0,0,0,30000,0,30000,30000
06119P,大立光凱基98售04,0,0,0,0,0,0,0,0,0,30000,0,0,0,30000,0,30000,30000
06152P,玉晶光元大98售06,0,0,0,0,0,0,0,0,0,30000,0,0,0,133000,103000,30000,30000
06515P,國巨凱基98售06  ,0,0,0,0,0,0,0,0,0,30000,0,0,0,30000,0,30000,30000
06544P,鴻海元大98售09  ,0,0,0,0,0,0,0,0,0,30000,0,0,0,273000,243000,30000,30000
08749P,鴻海台新01售02  ,0,0,0,0,0,0,0,0,0,30000,0,0,0,30000,0,30000,30000
1439,中和            ,42000,12000,30000,0,0,0,0,0,0,0,0,0,0,0,0,0,30000
056232,瑞儀凱基98購01  ,0,0,0,0,0,0,0,0,0,29000,0,0,0,69000,40000,29000,29000
056603,嘉聯益國泰9A購01,0,0,0,0,0,0,0,0,0,29000,0,0,0,60000,31000,29000,29000
056118,聯詠群益97購03  ,0,0,0,0,0,0,0,0,0,29000,0,0,0,32000,3000,29000,29000
057136,立積凱基98購02  ,0,0,0,0,0,0,0,0,0,29000,0,0,0,29000,0,29000,29000
057270,遠東新元大98購01,0,0,0,0,0,0,0,0,0,29000,0,0,0,29000,0,29000,29000
057599,技嘉群益9A購01  ,0,0,0,0,0,0,0,0,0,29000,0,0,0,106000,77000,29000,29000
057640,台積電元大98購16,0,0,0,0,0,0,0,0,0,29000,0,0,0,232000,203000,29000,29000
057743,華擎永豐98購03  ,0,0,0,0,0,0,0,0,0,29000,0,0,0,188000,159000,29000,29000
052186,宏達電群益95購04,0,0,0,0,0,0,0,0,0,29000,0,0,0,89000,60000,29000,29000
048936,玉晶光永豐94購05,0,0,0,0,0,0,0,0,0,29000,0,0,0,284000,255000,29000,29000
047115,可成元大93購06  ,0,0,0,0,0,0,0,0,0,29000,0,0,0,29000,0,29000,29000
04801P,矽力元大94售02  ,0,0,0,0,0,0,0,0,0,29000,0,0,0,53000,24000,29000,29000
048145,大立光統一93購10,0,0,0,0,0,0,0,0,0,29000,0,0,0,29000,0,29000,29000
051446,中壽元大96購01  ,0,0,0,0,0,0,0,0,0,29000,0,0,0,50000,21000,29000,29000
053130,聯發科麥證96購01,0,0,0,40000,11000,29000,0,0,0,29000,0,0,0,40000,11000,29000,29000
052864,奇力新凱基96購02,0,0,0,0,0,0,0,0,0,29000,0,0,0,29000,0,29000,29000
050946,瑞昱群益95購01  ,0,0,0,0,0,0,0,0,0,29000,0,0,0,91000,62000,29000,29000
04972P,緯穎元富94售03  ,0,0,0,0,0,0,0,0,0,29000,0,0,0,29000,0,29000,29000
052345,矽力凱基95購01  ,0,0,0,0,0,0,0,0,0,29000,0,0,0,44000,15000,29000,29000
05044P,亞德客永豐95售01,0,0,0,0,0,0,0,0,0,29000,0,0,0,30000,1000,29000,29000
054553,宏達電凱基99購01,0,0,0,0,0,0,0,0,0,29000,0,0,0,30000,1000,29000,29000
054464,奇力新凱基98購02,0,0,0,0,0,0,0,0,0,29000,0,0,0,54000,25000,29000,29000
055108,智邦凱基98購01  ,0,0,0,0,0,0,0,0,0,29000,0,0,0,107000,78000,29000,29000
053884,緯穎第一96購01  ,0,0,0,0,0,0,0,0,0,29000,0,0,0,56000,27000,29000,29000
06059P,泰碩元大97售02  ,0,0,0,0,0,0,0,0,0,29000,0,0,0,29000,0,29000,29000
06345P,臺股指統一9A售01,0,0,0,0,0,0,0,0,0,29000,0,0,0,29000,0,29000,29000
06360P,台積電群益97售05,0,0,0,0,0,0,0,0,0,29000,0,0,0,29000,0,29000,29000
3588,通嘉            ,63000,34000,29000,0,0,0,0,0,0,0,0,0,0,0,0,0,29000
05826P,臺股指凱基96售23,0,0,0,0,0,0,0,0,0,28000,0,0,0,276000,248000,28000,28000
06008P,燿華統一96售04  ,0,0,0,0,0,0,0,0,0,28000,0,0,0,68000,40000,28000,28000
056078,勤誠元大97購01  ,0,0,0,0,0,0,0,0,0,28000,0,0,0,28000,0,28000,28000
056226,聯發科凱基97購10,0,0,0,0,0,0,0,0,0,28000,0,0,0,68000,40000,28000,28000
049152,大立光元大95購06,0,0,0,0,0,0,0,0,0,28000,0,0,0,30000,2000,28000,28000
048851,台達電群益94購01,0,0,0,0,0,0,0,0,0,28000,0,0,0,28000,0,28000,28000
052124,京鼎國票95購01  ,0,0,0,0,0,0,0,0,0,28000,0,0,0,65000,37000,28000,28000
052029,矽力群益95購02  ,0,0,0,0,0,0,0,0,0,28000,0,0,0,28000,0,28000,28000
051063,台郡群益95購01  ,0,0,0,0,0,0,0,0,0,28000,0,0,0,69000,41000,28000,28000
049341,旺宏統一95購01  ,0,0,0,0,0,0,0,0,0,28000,0,0,0,112000,84000,28000,28000
049400,可成群益94購03  ,0,0,0,0,0,0,0,0,0,28000,0,0,0,55000,27000,28000,28000
051650,矽力永豐95購01  ,0,0,0,0,0,0,0,0,0,28000,0,0,0,98000,70000,28000,28000
052432,康友永豐95購04  ,0,0,0,0,0,0,0,0,0,28000,0,0,0,44000,16000,28000,28000
053120,復盛中信9A購01  ,0,0,0,0,0,0,0,0,0,28000,0,0,0,60000,32000,28000,28000
05379P,可成凱基95售11  ,0,0,0,0,0,0,0,0,0,28000,0,0,0,30000,2000,28000,28000
053752,超眾永豐96購02  ,0,0,0,0,0,0,0,0,0,28000,0,0,0,28000,0,28000,28000
053745,康友國票97購01  ,0,0,0,0,0,0,0,0,0,28000,0,0,0,50000,22000,28000,28000
054113,奇力新台新97購01,0,0,0,0,0,0,0,0,0,28000,0,0,0,48000,20000,28000,28000
054202,樺漢富邦97購01  ,0,0,0,0,0,0,0,0,0,28000,0,0,0,98000,70000,28000,28000
053195,玉晶光元富96購02,0,0,0,0,0,0,0,0,0,28000,0,0,0,30000,2000,28000,28000
055498,大立光元大97購07,0,0,0,0,0,0,0,0,0,28000,0,0,0,178000,150000,28000,28000
054632,緯穎凱基9A購01  ,0,0,0,0,0,0,0,0,0,28000,0,0,0,133000,105000,28000,28000
054628,可成凱基98購01  ,0,0,0,0,0,0,0,0,0,28000,0,0,0,66000,38000,28000,28000
06356P,啟碁永豐97售01  ,0,0,0,0,0,0,0,0,0,28000,0,0,0,125000,97000,28000,28000
06314P,GIS元富97售02   ,0,0,0,0,0,0,0,0,0,28000,0,0,0,38000,10000,28000,28000
06359P,上銀群益97售03  ,0,0,0,0,0,0,0,0,0,28000,0,0,0,28000,0,28000,28000
06727P,台光電元大98售05,0,0,0,0,0,0,0,0,0,28000,0,0,0,29000,1000,28000,28000
056248,康友群益97購04  ,0,0,0,0,0,0,0,0,0,27000,0,0,0,163000,136000,27000,27000
055990,矽創元富97購01  ,0,0,0,0,0,0,0,0,0,27000,0,0,0,110000,83000,27000,27000
05952P,台積電國票97售06,0,0,0,0,0,0,0,0,0,27000,0,0,0,53000,26000,27000,27000
05799P,臺股指群益96售13,0,0,0,0,0,0,0,0,0,27000,0,0,0,42000,15000,27000,27000
057556,智易凱基99購01  ,0,0,0,0,0,0,0,0,0,27000,0,0,0,32000,5000,27000,27000
057046,奇力新元大99購03,0,0,0,0,0,0,0,0,0,27000,0,0,0,56000,29000,27000,27000
04817P,創意國票95售02  ,0,0,0,0,0,0,0,0,0,27000,0,0,0,27000,0,27000,27000
047646,貿聯元大94購01  ,0,0,0,0,0,0,0,0,0,27000,0,0,0,30000,3000,27000,27000
03956P,欣興統一93售02  ,0,0,0,0,0,0,0,0,0,27000,0,0,0,68000,41000,27000,27000
04213P,台光電凱基93售11,0,0,0,0,0,0,0,0,0,27000,0,0,0,38000,11000,27000,27000
053084,國巨元大98購01  ,0,0,0,0,0,0,0,0,0,27000,0,0,0,28000,1000,27000,27000
052578,大立光統一97購01,0,0,0,0,0,0,0,0,0,27000,0,0,0,27000,0,27000,27000
051535,新日興國票96購01,0,0,0,0,0,0,0,0,0,27000,0,0,0,55000,28000,27000,27000
051789,嘉澤國票96購01  ,0,0,0,0,0,0,0,0,0,27000,0,0,0,27000,0,27000,27000
051162,楠梓電元大95購01,0,0,0,0,0,0,0,0,0,27000,0,0,0,27000,0,27000,27000
052323,矽力元大95購04  ,0,0,0,0,0,0,0,0,0,27000,0,0,0,45000,18000,27000,27000
050485,國巨統一96購01  ,0,0,0,0,0,0,0,0,0,27000,0,0,0,27000,0,27000,27000
055445,旺宏統一99購01  ,0,0,0,0,0,0,0,0,0,27000,0,0,0,85000,58000,27000,27000
053018,旺宏元富96購02  ,0,0,0,0,0,0,0,0,0,27000,0,0,0,83000,56000,27000,27000
05348P,美律元富98售01  ,0,0,0,0,0,0,0,0,0,27000,0,0,0,127000,100000,27000,27000
053539,智易永豐96購01  ,0,0,0,0,0,0,0,0,0,27000,0,0,0,54000,27000,27000,27000
057054,立積元大98購03  ,0,0,0,0,0,0,0,0,0,26000,0,0,0,288000,262000,26000,26000
056968,揚明光永豐98購02,0,0,0,0,0,0,0,0,0,26000,0,0,0,26000,0,26000,26000
057575,世紀鋼永豐98購02,0,0,0,0,0,0,0,0,0,26000,0,0,0,26000,0,26000,26000
05797P,臺股指群益96售11,0,0,0,0,0,0,0,0,0,26000,0,0,0,26000,0,26000,26000
055912,宏達電凱基98購03,0,0,0,0,0,0,0,0,0,26000,0,0,0,46000,20000,26000,26000
056084,漢唐統一97購03  ,0,0,0,0,0,0,0,0,0,26000,0,0,0,26000,0,26000,26000
056285,可成永豐97購02  ,0,0,0,0,0,0,0,0,0,26000,0,0,0,106000,80000,26000,26000
056457,嘉澤凱基98購01  ,0,0,0,0,0,0,0,0,0,26000,0,0,0,28000,2000,26000,26000
056508,揚明光永豐98購01,0,0,0,0,0,0,0,0,0,26000,0,0,0,56000,30000,26000,26000
056400,道瓊反群益9C購01,0,0,0,0,0,0,0,0,0,26000,0,0,0,26000,0,26000,26000
04654P,臺股指凱基94售13,0,0,0,0,0,0,0,0,0,26000,0,0,0,826000,800000,26000,26000
04750P,臺股指元大94售26,0,0,0,0,0,0,0,0,0,26000,0,0,0,26000,0,26000,26000
052080,康友元富98購02  ,0,0,0,0,0,0,0,0,0,26000,0,0,0,48000,22000,26000,26000
048867,台積電兆豐95購01,0,0,0,0,0,0,0,0,0,26000,0,0,0,36000,10000,26000,26000
050499,台達電凱基94購11,0,0,0,0,0,0,0,0,0,26000,0,0,0,26000,0,26000,26000
049998,奇力新永豐94購03,0,0,0,0,0,0,0,0,0,26000,0,0,0,26000,0,26000,26000
051668,智邦元大95購02  ,0,0,0,0,0,0,0,0,0,26000,0,0,0,87000,61000,26000,26000
052614,聯電國泰97購01  ,0,0,0,0,0,0,0,0,0,26000,0,0,0,27000,1000,26000,26000
052871,群創凱基98購07  ,0,0,0,0,0,0,0,0,0,26000,0,0,0,68000,42000,26000,26000
053519,力成群益96購02  ,0,0,0,0,0,0,0,0,0,26000,0,0,0,26000,0,26000,26000
053012,國巨統一96購03  ,0,0,0,0,0,0,0,0,0,26000,0,0,0,26000,0,26000,26000
053232,友達永豐97購02  ,0,0,0,0,0,0,0,0,0,26000,0,0,0,70000,44000,26000,26000
053247,麗豐國票97購01  ,0,0,0,0,0,0,0,0,0,26000,0,0,0,26000,0,26000,26000
052901,台達電國票97購01,0,0,0,0,0,0,0,0,0,26000,0,0,0,26000,0,26000,26000
054172,易華電凱基98購01,0,0,0,0,0,0,0,0,0,26000,0,0,0,26000,0,26000,26000
054183,亞光康和96購01  ,0,0,0,0,0,0,0,0,0,26000,0,0,0,26000,0,26000,26000
055028,佐登國泰98購01  ,0,0,0,0,0,0,0,0,0,26000,0,0,0,26000,0,26000,26000
055280,智邦元大97購01  ,0,0,0,0,0,0,0,0,0,26000,0,0,0,83000,57000,26000,26000
054966,貿聯元大98購02  ,0,0,0,0,0,0,0,0,0,26000,0,0,0,28000,2000,26000,26000
06552P,茂林元大99售02  ,0,0,0,0,0,0,0,0,0,26000,0,0,0,26000,0,26000,26000
06171P,台積電統一97售06,0,0,0,0,0,0,0,0,0,26000,0,0,0,26000,0,26000,26000
3708,上緯投控        ,82000,48000,34000,0,0,0,1000,0,1000,-9000,0,0,0,0,9000,-9000,26000
5388,中磊            ,159000,136000,23000,0,0,0,0,0,0,3000,5000,11000,-6000,22000,13000,9000,26000
4739,康普            ,36000,10000,26000,0,0,0,0,0,0,0,0,0,0,0,0,0,26000
6112,聚碩            ,35000,9000,26000,0,0,0,0,0,0,0,0,0,0,0,0,0,26000
056724,臻鼎中信9A購01  ,0,0,0,0,0,0,0,0,0,25000,0,0,0,118000,93000,25000,25000
056798,華新科麥證98購01,0,0,0,75000,50000,25000,0,0,0,25000,0,0,0,75000,50000,25000,25000
055631,創意永豐98購01  ,0,0,0,0,0,0,0,0,0,25000,0,0,0,25000,0,25000,25000
055733,奇力新元富97購01,0,0,0,0,0,0,0,0,0,25000,0,0,0,65000,40000,25000,25000
05833P,臺股指元富96售05,0,0,0,0,0,0,0,0,0,25000,0,0,0,25000,0,25000,25000
05955P,台光電國票97售02,0,0,0,0,0,0,0,0,0,25000,0,0,0,25000,0,25000,25000
057621,崇越凱基98購01  ,0,0,0,0,0,0,0,0,0,25000,0,0,0,25000,0,25000,25000
057024,義隆凱基99購01  ,0,0,0,0,0,0,0,0,0,25000,0,0,0,25000,0,25000,25000
057182,禾伸堂元大99購02,0,0,0,0,0,0,0,0,0,25000,0,0,0,222000,197000,25000,25000
057325,可成群益9A購01  ,0,0,0,0,0,0,0,0,0,25000,0,0,0,130000,105000,25000,25000
048908,慧洋富邦95購01  ,0,0,0,0,0,0,0,0,0,25000,0,0,0,30000,5000,25000,25000
048337,致茂元大93購04  ,0,0,0,0,0,0,0,0,0,25000,0,0,0,25000,0,25000,25000
05218P,大立光永昌96售04,0,0,0,0,0,0,0,0,0,25000,0,0,0,173000,148000,25000,25000
047231,大立光凱基95購03,0,0,0,0,0,0,0,0,0,25000,0,0,0,118000,93000,25000,25000
046856,健鼎元大93購01  ,0,0,0,0,0,0,0,0,0,25000,0,0,0,25000,0,25000,25000
048498,嘉澤元大94購01  ,0,0,0,0,0,0,0,0,0,25000,0,0,0,29000,4000,25000,25000
044507,燿華凱基93購03  ,0,0,0,0,0,0,0,0,0,25000,0,0,0,25000,0,25000,25000
043655,微星富邦93購01  ,0,0,0,0,0,0,0,0,0,25000,0,0,0,25000,0,25000,25000
046248,技嘉群益93購02  ,0,0,0,0,0,0,0,0,0,25000,0,0,0,75000,50000,25000,25000
045150,聯發科凱基93購03,0,0,0,0,0,0,0,0,0,25000,0,0,0,28000,3000,25000,25000
044834,旺宏元大93購02  ,0,0,0,0,0,0,0,0,0,25000,0,0,0,55000,30000,25000,25000
045428,彩晶凱基94購01  ,0,0,0,0,0,0,0,0,0,25000,0,0,0,25000,0,25000,25000
03418B,臺股指元大95熊20,0,0,0,0,0,0,0,0,0,25000,0,0,0,204000,179000,25000,25000
03409P,台積電元大02售26,0,0,0,0,0,0,0,0,0,25000,0,0,0,25000,0,25000,25000
04195P,上海銀永豐93售01,0,0,0,0,0,0,0,0,0,25000,0,0,0,25000,0,25000,25000
049264,奇鋐元大95購01  ,0,0,0,0,0,0,0,0,0,25000,0,0,0,25000,0,25000,25000
052870,玉晶光凱基96購03,0,0,0,0,0,0,0,0,0,25000,0,0,0,69000,44000,25000,25000
04953P,台積電群益94售13,0,0,0,0,0,0,0,0,0,25000,0,0,0,40000,15000,25000,25000
04934P,鴻海中信94售05  ,0,0,0,0,0,0,0,0,0,25000,0,0,0,29000,4000,25000,25000
050056,國巨凱基94購04  ,0,0,0,0,0,0,0,0,0,25000,0,0,0,25000,0,25000,25000
050088,禾伸堂台新94購01,0,0,0,0,0,0,0,0,0,25000,0,0,0,25000,0,25000,25000
050061,聯發科凱基94購07,0,0,0,0,0,0,0,0,0,25000,0,0,0,60000,35000,25000,25000
049756,瀚宇博永豐94購01,0,0,0,0,0,0,0,0,0,25000,0,0,0,25000,0,25000,25000
050182,淘帝元大94購01  ,0,0,0,0,0,0,0,0,0,25000,0,0,0,30000,5000,25000,25000
050189,旭富元大94購01  ,0,0,0,0,0,0,0,0,0,25000,0,0,0,28000,3000,25000,25000
05051P,鴻海群益95售05  ,0,0,0,0,0,0,0,0,0,25000,0,0,0,25000,0,25000,25000
054980,國巨元富97購01  ,0,0,0,0,0,0,0,0,0,25000,0,0,0,436000,411000,25000,25000
054792,揚明光群益97購01,0,0,0,0,0,0,0,0,0,25000,0,0,0,75000,50000,25000,25000
05456P,鴻海凱基95售19  ,0,0,0,0,0,0,0,0,0,25000,0,0,0,75000,50000,25000,25000
05519P,上証2X凱基98售01,0,0,0,0,0,0,0,0,0,25000,0,0,0,35000,10000,25000,25000
055367,台積電元大97購23,0,0,0,0,0,0,0,0,0,25000,0,0,0,255000,230000,25000,25000
05530P,臺股指群益96售03,0,0,0,0,0,0,0,0,0,25000,0,0,0,36000,11000,25000,25000
054234,可成群益96購05  ,0,0,0,0,0,0,0,0,0,25000,0,0,0,77000,52000,25000,25000
054045,奇力新元大97購03,0,0,0,0,0,0,0,0,0,25000,0,0,0,32000,7000,25000,25000
053709,台達電凱基96購04,0,0,0,0,0,0,0,0,0,25000,0,0,0,45000,20000,25000,25000
053761,健策國泰98購01  ,0,0,0,0,0,0,0,0,0,25000,0,0,0,410000,385000,25000,25000
053797,台積電中信98購01,0,0,0,0,0,0,0,0,0,25000,0,0,0,168000,143000,25000,25000
052924,旺宏永豐96購01  ,0,0,0,0,0,0,0,0,0,25000,0,0,0,65000,40000,25000,25000
053253,友達國泰97購02  ,0,0,0,0,0,0,0,0,0,25000,0,0,0,25000,0,25000,25000
053430,樺漢永豐96購01  ,0,0,0,0,0,0,0,0,0,25000,0,0,0,45000,20000,25000,25000
053407,台積電兆豐96購02,0,0,0,0,0,0,0,0,0,25000,0,0,0,40000,15000,25000,25000
910322,康師傅-DR       ,25000,0,25000,0,0,0,0,0,0,0,0,0,0,0,0,0,25000
06438P,玉晶光國票99售02,0,0,0,0,0,0,0,0,0,25000,0,0,0,36000,11000,25000,25000
06005P,晶豪科永豐96售04,0,0,0,0,0,0,0,0,0,24000,0,0,0,24000,0,24000,24000
056753,群創兆豐98購02  ,0,0,0,0,0,0,0,0,0,24000,0,0,0,24000,0,24000,24000
05662P,景碩元富96售01  ,0,0,0,0,0,0,0,0,0,24000,0,0,0,44000,20000,24000,24000
03417B,臺股指凱基95熊19,0,0,0,0,0,0,0,0,0,24000,0,0,0,25000,1000,24000,24000
044859,南電亞東93購01  ,0,0,0,0,0,0,0,0,0,24000,0,0,0,60000,36000,24000,24000
043665,和鑫元大93購01  ,0,0,0,0,0,0,0,0,0,24000,0,0,0,50000,26000,24000,24000
044531,欣興富邦93購01  ,0,0,0,0,0,0,0,0,0,24000,0,0,0,34000,10000,24000,24000
05058P,燿華國票97售01  ,0,0,0,0,0,0,0,0,0,24000,0,0,0,29000,5000,24000,24000
05092P,全新元大95售03  ,0,0,0,0,0,0,0,0,0,24000,0,0,0,75000,51000,24000,24000
052957,T50反1凱基99購01,0,0,0,0,0,0,0,0,0,24000,0,0,0,24000,0,24000,24000
05338P,臺股指國票95售07,0,0,0,0,0,0,0,0,0,24000,0,0,0,25000,1000,24000,24000
055454,華邦電元富97購02,0,0,0,0,0,0,0,0,0,24000,0,0,0,630000,606000,24000,24000
054313,麗豐凱基96購02  ,0,0,0,0,0,0,0,0,0,24000,0,0,0,34000,10000,24000,24000
054337,智邦統一96購01  ,0,0,0,0,0,0,0,0,0,24000,0,0,0,64000,40000,24000,24000
054754,昇陽半凱基98購02,0,0,0,0,0,0,0,0,0,24000,0,0,0,57000,33000,24000,24000
054965,健策元大98購04  ,0,0,0,0,0,0,0,0,0,24000,0,0,0,24000,0,24000,24000
054833,京鼎中信97購01  ,0,0,0,0,0,0,0,0,0,24000,0,0,0,96000,72000,24000,24000
06039P,亞光台新96售03  ,0,0,0,0,0,0,0,0,0,24000,0,0,0,24000,0,24000,24000
06048P,大立光富邦96售05,0,0,0,0,0,0,0,0,0,24000,0,0,0,31000,7000,24000,24000
06284P,台積電國票98售03,0,0,0,0,0,0,0,0,0,24000,0,0,0,24000,0,24000,24000
06296P,燿華元大98售01  ,0,0,0,0,0,0,0,0,0,24000,0,0,0,57000,33000,24000,24000
1783,和康生          ,26000,2000,24000,0,0,0,0,0,0,0,0,0,0,0,0,0,24000
3617,碩天            ,35000,16000,19000,0,0,0,0,0,0,5000,5000,0,5000,0,0,0,24000
056560,旺宏群益98購03  ,0,0,0,0,0,0,0,0,0,23000,0,0,0,38000,15000,23000,23000
056783,國巨群益99購01  ,0,0,0,0,0,0,0,0,0,23000,0,0,0,136000,113000,23000,23000
056740,大立光凱基98購13,0,0,0,0,0,0,0,0,0,23000,0,0,0,76000,53000,23000,23000
056472,美律元大99購03  ,0,0,0,0,0,0,0,0,0,23000,0,0,0,112000,89000,23000,23000
055726,台表科元大98購03,0,0,0,0,0,0,0,0,0,23000,0,0,0,23000,0,23000,23000
056178,嘉澤元富97購02  ,0,0,0,0,0,0,0,0,0,23000,0,0,0,38000,15000,23000,23000
057658,玉晶光兆豐99購02,0,0,0,0,0,0,0,0,0,23000,0,0,0,87000,64000,23000,23000
057594,宏達電兆豐99購01,0,0,0,0,0,0,0,0,0,23000,0,0,0,23000,0,23000,23000
057331,台積電國票99購04,0,0,0,0,0,0,0,0,0,23000,0,0,0,34000,11000,23000,23000
05742P,可成元大96售04  ,0,0,0,0,0,0,0,0,0,23000,0,0,0,682000,659000,23000,23000
057140,宏達電兆豐98購01,0,0,0,0,0,0,0,0,0,23000,0,0,0,23000,0,23000,23000
045957,技嘉凱基93購03  ,0,0,0,0,0,0,0,0,0,23000,0,0,0,102000,79000,23000,23000
045086,玉晶光元大94購02,0,0,0,0,0,0,0,0,0,23000,0,0,0,111000,88000,23000,23000
046758,聯發科凱基93購05,0,0,0,0,0,0,0,0,0,23000,0,0,0,23000,0,23000,23000
051931,美律國票96購02  ,0,0,0,0,0,0,0,0,0,23000,0,0,0,23000,0,23000,23000
051790,貿聯國票95購03  ,0,0,0,0,0,0,0,0,0,23000,0,0,0,200000,177000,23000,23000
049847,旺宏群益94購04  ,0,0,0,0,0,0,0,0,0,23000,0,0,0,35000,12000,23000,23000
049828,華新科凱基94購06,0,0,0,0,0,0,0,0,0,23000,0,0,0,63000,40000,23000,23000
049312,亞光凱基94購02  ,0,0,0,0,0,0,0,0,0,23000,0,0,0,51000,28000,23000,23000
052343,同欣電凱基95購03,0,0,0,0,0,0,0,0,0,23000,0,0,0,23000,0,23000,23000
050673,旺宏富邦96購02  ,0,0,0,0,0,0,0,0,0,23000,0,0,0,44000,21000,23000,23000
054352,世芯國泰98購01  ,0,0,0,0,0,0,0,0,0,23000,0,0,0,43000,20000,23000,23000
054585,禾伸堂國泰99購01,0,0,0,0,0,0,0,0,0,23000,0,0,0,57000,34000,23000,23000
054537,南亞科亞東97購01,0,0,0,0,0,0,0,0,0,23000,0,0,0,305000,282000,23000,23000
055368,台積電元大97購24,0,0,0,0,0,0,0,0,0,23000,0,0,0,1015000,992000,23000,23000
055360,台表科凱基97購02,0,0,0,0,0,0,0,0,0,23000,0,0,0,66000,43000,23000,23000
05352P,臺股指元富95售06,0,0,0,0,0,0,0,0,0,23000,0,0,0,23000,0,23000,23000
053173,矽格群益97購01  ,0,0,0,0,0,0,0,0,0,23000,0,0,0,29000,6000,23000,23000
053617,宏達電群益96購02,0,0,0,0,0,0,0,0,0,23000,0,0,0,94000,71000,23000,23000
054240,訊芯群益96購03  ,0,0,0,0,0,0,0,0,0,23000,0,0,0,50000,27000,23000,23000
054287,台積電元大97購11,0,0,0,0,0,0,0,0,0,23000,0,0,0,126000,103000,23000,23000
06697P,台積電國票99售05,0,0,0,0,0,0,0,0,0,23000,0,0,0,23000,0,23000,23000
057087,台郡統一99購01  ,0,0,0,0,0,0,0,0,0,22000,0,0,0,70000,48000,22000,22000
057178,可成元大98購03  ,0,0,0,0,0,0,0,0,0,22000,0,0,0,51000,29000,22000,22000
05957P,友達國票97售04  ,0,0,0,0,0,0,0,0,0,22000,0,0,0,52000,30000,22000,22000
05917P,宏達電元大96售02,0,0,0,0,0,0,0,0,0,22000,0,0,0,23000,1000,22000,22000
048732,台勝科麥證95購01,0,0,0,26000,4000,22000,0,0,0,22000,0,0,0,26000,4000,22000,22000
04412P,欣興元富94售01  ,0,0,0,0,0,0,0,0,0,22000,0,0,0,22000,0,22000,22000
04450P,京元電凱基94售01,0,0,0,0,0,0,0,0,0,22000,0,0,0,28000,6000,22000,22000
03896P,長榮航凱基95售01,0,0,0,0,0,0,0,0,0,22000,0,0,0,42000,20000,22000,22000
03874P,臺股指群益95售01,0,0,0,0,0,0,0,0,0,22000,0,0,0,22000,0,22000,22000
050533,致新元大94購03  ,0,0,0,0,0,0,0,0,0,22000,0,0,0,71000,49000,22000,22000
049961,GIS統一94購01   ,0,0,0,0,0,0,0,0,0,22000,0,0,0,130000,108000,22000,22000
050245,大立光凱基94購12,0,0,0,0,0,0,0,0,0,22000,0,0,0,22000,0,22000,22000
052334,大成鋼日盛95購01,0,0,0,0,0,0,0,0,0,22000,0,0,0,22000,0,22000,22000
050101,台積電永昌96購03,20000,0,20000,0,0,0,0,0,0,2000,0,0,0,210000,208000,2000,22000
049733,旺宏群益94購03  ,0,0,0,0,0,0,0,0,0,22000,0,0,0,22000,0,22000,22000
051558,元金2X國泰97購01,0,0,0,0,0,0,0,0,0,22000,0,0,0,22000,0,22000,22000
051590,玉晶光元大96購02,0,0,0,0,0,0,0,0,0,22000,0,0,0,156000,134000,22000,22000
051926,聯電中信97購01  ,0,0,0,0,0,0,0,0,0,22000,0,0,0,32000,10000,22000,22000
051921,南茂元大95購04  ,0,0,0,0,0,0,0,0,0,22000,0,0,0,32000,10000,22000,22000
049554,禾伸堂富邦96購01,0,0,0,0,0,0,0,0,0,22000,0,0,0,42000,20000,22000,22000
05121P,創意國泰96售01  ,0,0,0,0,0,0,0,0,0,22000,0,0,0,67000,45000,22000,22000
053639,禾伸堂永豐96購01,0,0,0,0,0,0,0,0,0,22000,0,0,0,42000,20000,22000,22000
05370P,矽創元富95售01  ,0,0,0,0,0,0,0,0,0,22000,0,0,0,122000,100000,22000,22000
053953,群創台新97購01  ,0,0,0,0,0,0,0,0,0,22000,0,0,0,30000,8000,22000,22000
053456,大立光元富96購04,0,0,0,0,0,0,0,0,0,22000,0,0,0,36000,14000,22000,22000
053291,旺宏中信9A購01  ,0,0,0,0,0,0,0,0,0,22000,0,0,0,220000,198000,22000,22000
05553P,智原群益96售01  ,0,0,0,0,0,0,0,0,0,22000,0,0,0,33000,11000,22000,22000
054695,世芯永豐98購01  ,0,0,0,0,0,0,0,0,0,22000,0,0,0,22000,0,22000,22000
06525P,上証2X國泰99售01,0,0,0,0,0,0,0,0,0,22000,0,0,0,344000,322000,22000,22000
06535P,可成群益99售02  ,0,0,0,0,0,0,0,0,0,22000,0,0,0,22000,0,22000,22000
1734,杏輝            ,111000,89000,22000,0,0,0,0,0,0,0,0,0,0,0,0,0,22000
2739,寒舍            ,25000,0,25000,0,0,0,0,0,0,-3000,0,3000,-3000,0,0,0,22000
2429,銘旺科          ,50000,28000,22000,0,0,0,0,0,0,0,0,0,0,0,0,0,22000
057208,上海銀元富98購01,0,0,0,0,0,0,0,0,0,21000,0,0,0,52000,31000,21000,21000
057414,華新科日盛9A購01,0,0,0,0,0,0,0,0,0,21000,0,0,0,61000,40000,21000,21000
056994,緯穎兆豐98購02  ,0,0,0,0,0,0,0,0,0,21000,0,0,0,31000,10000,21000,21000
056134,可成元大97購06  ,0,0,0,0,0,0,0,0,0,21000,0,0,0,366000,345000,21000,21000
055758,旺宏群益97購01  ,0,0,0,0,0,0,0,0,0,21000,0,0,0,72000,51000,21000,21000
056237,智邦群益97購02  ,0,0,0,0,0,0,0,0,0,21000,0,0,0,116000,95000,21000,21000
03875P,滬深2X國票05售01,0,0,0,0,0,0,0,0,0,21000,0,0,0,21000,0,21000,21000
047232,禾伸堂凱基93購02,0,0,0,0,0,0,0,0,0,21000,0,0,0,31000,10000,21000,21000
051604,喬山群益95購01  ,0,0,0,0,0,0,0,0,0,21000,0,0,0,22000,1000,21000,21000
050420,鴻海凱基95購03  ,0,0,0,0,0,0,0,0,0,21000,0,0,0,89000,68000,21000,21000
05124P,華新科富邦97售02,0,0,0,0,0,0,0,0,0,21000,0,0,0,36000,15000,21000,21000
052766,玉晶光群益9A購01,0,0,0,0,0,0,0,0,0,21000,0,0,0,52000,31000,21000,21000
051450,世芯元大95購02  ,0,0,0,0,0,0,0,0,0,21000,0,0,0,21000,0,21000,21000
051501,康友群益95購02  ,0,0,0,0,0,0,0,0,0,21000,0,0,0,75000,54000,21000,21000
049897,華新科統一94購07,0,0,0,0,0,0,0,0,0,21000,0,0,0,76000,55000,21000,21000
05469P,台積電元大95售24,0,0,0,0,0,0,0,0,0,21000,0,0,0,1157000,1136000,21000,21000
054561,奇力新群益97購03,0,0,0,0,0,0,0,0,0,21000,0,0,0,82000,61000,21000,21000
055464,聚陽凱基97購01  ,0,0,0,0,0,0,0,0,0,21000,0,0,0,99000,78000,21000,21000
055527,旺宏群益99購03  ,0,0,0,0,0,0,0,0,0,21000,0,0,0,21000,0,21000,21000
055370,旺宏元大97購05  ,0,0,0,0,0,0,0,0,0,21000,0,0,0,21000,0,21000,21000
055332,奇力新兆豐98購01,0,0,0,0,0,0,0,0,0,21000,0,0,0,71000,50000,21000,21000
055307,瑞昱群益97購02  ,0,0,0,0,0,0,0,0,0,21000,0,0,0,120000,99000,21000,21000
055260,晶相光統一98購01,0,0,0,0,0,0,0,0,0,21000,0,0,0,121000,100000,21000,21000
053252,華邦電國泰98購01,0,0,0,0,0,0,0,0,0,21000,0,0,0,43000,22000,21000,21000
054085,華新科統一96購04,0,0,0,0,0,0,0,0,0,21000,0,0,0,26000,5000,21000,21000
3003,健和興          ,125000,102000,23000,0,0,0,0,0,0,-2000,0,0,0,1000,3000,-2000,21000
06739P,聯詠兆豐98售02  ,0,0,0,0,0,0,0,0,0,21000,0,0,0,23000,2000,21000,21000
06265P,美律凱基97售01  ,0,0,0,0,0,0,0,0,0,21000,0,0,0,21000,0,21000,21000
06232P,智易永豐97售01  ,0,0,0,0,0,0,0,0,0,21000,0,0,0,21000,0,21000,21000
06190P,玉晶光永豐97售05,0,0,0,0,0,0,0,0,0,21000,0,0,0,103000,82000,21000,21000
06212P,華新科元大97售11,0,0,0,0,0,0,0,0,0,21000,0,0,0,63000,42000,21000,21000
5907,大洋-KY         ,85000,64000,21000,0,0,0,0,0,0,0,0,0,0,0,0,0,21000
9943,好樂迪          ,43000,22000,21000,0,0,0,0,0,0,0,0,0,0,0,0,0,21000
056494,緯創國泰99購01  ,0,0,0,0,0,0,0,0,0,20000,0,0,0,30000,10000,20000,20000
056499,鴻海富邦98購02  ,0,0,0,0,0,0,0,0,0,20000,0,0,0,21000,1000,20000,20000
056361,美律元大99購02  ,0,0,0,0,0,0,0,0,0,20000,0,0,0,107000,87000,20000,20000
056375,玉晶光統一01購01,0,0,0,0,0,0,0,0,0,20000,0,0,0,20000,0,20000,20000
056380,麗豐元富98購01  ,0,0,0,0,0,0,0,0,0,20000,0,0,0,20000,0,20000,20000
056785,可成群益99購01  ,0,0,0,0,0,0,0,0,0,20000,0,0,0,166000,146000,20000,20000
056570,旺宏元大98購07  ,0,0,0,0,0,0,0,0,0,20000,0,0,0,21000,1000,20000,20000
056653,元石油元大98購01,0,0,0,0,0,0,0,0,0,20000,0,0,0,41000,21000,20000,20000
055874,中環元富9A購01  ,0,0,0,0,0,0,0,0,0,20000,0,0,0,20000,0,20000,20000
055875,光罩元富97購02  ,0,0,0,0,0,0,0,0,0,20000,0,0,0,20000,0,20000,20000
055814,晶豪科國票97購02,0,0,0,0,0,0,0,0,0,20000,0,0,0,20000,0,20000,20000
05559P,臺股指麥證96售01,0,0,0,20000,0,20000,0,0,0,20000,0,0,0,20000,0,20000,20000
056127,致新國票98購02  ,0,0,0,0,0,0,0,0,0,20000,0,0,0,30000,10000,20000,20000
05615P,臺股指康和96售04,0,0,0,0,0,0,0,0,0,20000,0,0,0,20000,0,20000,20000
055951,大成鋼元大97購02,0,0,0,0,0,0,0,0,0,20000,0,0,0,20000,0,20000,20000
055993,致茂國泰99購01  ,0,0,0,0,0,0,0,0,0,20000,0,0,0,32000,12000,20000,20000
05597P,鴻海元富96售06  ,0,0,0,0,0,0,0,0,0,20000,0,0,0,21000,1000,20000,20000
056040,亞光凱基98購01  ,0,0,0,0,0,0,0,0,0,20000,0,0,0,20000,0,20000,20000
056925,群創兆豐98購03  ,0,0,0,0,0,0,0,0,0,20000,0,0,0,40000,20000,20000,20000
056852,矽格元富98購01  ,0,0,0,0,0,0,0,0,0,20000,0,0,0,20000,0,20000,20000
057150,貿聯國票99購02  ,0,0,0,0,0,0,0,0,0,20000,0,0,0,30000,10000,20000,20000
057314,全新麥證98購01  ,0,0,0,50000,30000,20000,0,0,0,20000,0,0,0,50000,30000,20000,20000
057241,超眾凱基99購02  ,0,0,0,0,0,0,0,0,0,20000,0,0,0,20000,0,20000,20000
06006P,欣興永豐96售04  ,0,0,0,0,0,0,0,0,0,20000,0,0,0,80000,60000,20000,20000
05841P,華通元大96售04  ,0,0,0,0,0,0,0,0,0,20000,0,0,0,20000,0,20000,20000
057610,致茂元富98購02  ,0,0,0,0,0,0,0,0,0,20000,0,0,0,20000,0,20000,20000
057667,可成元大99購01  ,0,0,0,0,0,0,0,0,0,20000,0,0,0,112000,92000,20000,20000
052047,建準凱基96購01  ,0,0,0,0,0,0,0,0,0,20000,0,0,0,20000,0,20000,20000
052185,奇力新群益95購03,0,0,0,0,0,0,0,0,0,20000,0,0,0,20000,0,20000,20000
052215,樺漢元大96購02  ,0,0,0,0,0,0,0,0,0,20000,0,0,0,20000,0,20000,20000
052206,燿華中信95購02  ,0,0,0,0,0,0,0,0,0,20000,0,0,0,20000,0,20000,20000
048381,T50反1國票94購03,0,135000,-135000,0,0,0,0,0,0,155000,0,0,0,165000,10000,155000,20000
048842,矽格凱基94購01  ,0,0,0,0,0,0,0,0,0,20000,0,0,0,20000,0,20000,20000
048797,美律國泰95購02  ,0,0,0,0,0,0,0,0,0,20000,0,0,0,46000,26000,20000,20000
048787,義隆元大94購02  ,0,0,0,0,0,0,0,0,0,20000,0,0,0,20000,0,20000,20000
049093,昇陽半凱基94購01,0,0,0,0,0,0,0,0,0,20000,0,0,0,46000,26000,20000,20000
04912P,可成元富94售06  ,0,0,0,0,0,0,0,0,0,20000,0,0,0,20000,0,20000,20000
048969,兆赫元大94購01  ,0,0,0,0,0,0,0,0,0,20000,0,0,0,20000,0,20000,20000
047685,嘉聯益國泰95購01,0,0,0,0,0,0,0,0,0,20000,0,0,0,50000,30000,20000,20000
047690,美律富邦97購01  ,0,0,0,0,0,0,0,0,0,20000,0,0,0,20000,0,20000,20000
04769P,高股息元大94售01,0,0,0,0,0,0,0,0,0,20000,0,0,0,20000,0,20000,20000
046694,智邦凱基93購01  ,0,0,0,0,0,0,0,0,0,20000,0,0,0,20000,0,20000,20000
046785,禾伸堂永豐93購01,0,0,0,0,0,0,0,0,0,20000,0,0,0,50000,30000,20000,20000
046950,隆達元大93購01  ,0,0,0,0,0,0,0,0,0,20000,0,0,0,20000,0,20000,20000
046933,台泥元富93購01  ,0,0,0,0,0,0,0,0,0,20000,0,0,0,70000,50000,20000,20000
048733,台勝科麥證95購02,0,0,0,103000,83000,20000,0,0,0,20000,0,0,0,103000,83000,20000,20000
047879,台積電中信93購04,0,0,0,0,0,0,0,0,0,20000,0,0,0,34000,14000,20000,20000
047955,南亞科永豐93購01,0,0,0,0,0,0,0,0,0,20000,0,0,0,20000,0,20000,20000
047856,GIS國票94購01   ,0,0,0,0,0,0,0,0,0,20000,0,0,0,20000,0,20000,20000
047862,超眾台新93購01  ,0,0,0,0,0,0,0,0,0,20000,0,0,0,20000,0,20000,20000
048668,奇力新永豐93購04,0,0,0,0,0,0,0,0,0,20000,0,0,0,20000,0,20000,20000
048162,矽力麥證93購01  ,0,0,0,30000,30000,0,0,0,0,20000,0,0,0,50000,30000,20000,20000
048163,南亞科台新93購01,0,0,0,0,0,0,0,0,0,20000,0,0,0,32000,12000,20000,20000
048189,臺指反元大96購06,0,0,0,0,0,0,0,0,0,20000,0,0,0,20000,0,20000,20000
048137,力成國票93購01  ,0,0,0,0,0,0,0,0,0,20000,0,0,0,30000,10000,20000,20000
048242,統一兆豐93購01  ,0,0,0,0,0,0,0,0,0,20000,0,0,0,20000,0,20000,20000
047971,南亞科富邦95購01,0,0,0,0,0,0,0,0,0,20000,0,0,0,20000,0,20000,20000
048052,力成中信93購01  ,0,0,0,0,0,0,0,0,0,20000,0,0,0,20000,0,20000,20000
03871P,智邦群益93售02  ,0,0,0,0,0,0,0,0,0,20000,0,0,0,20000,0,20000,20000
03824P,燿華元大94售01  ,0,0,0,0,0,0,0,0,0,20000,0,0,0,20000,0,20000,20000
03945P,欣興群益94售01  ,0,0,0,0,0,0,0,0,0,20000,0,0,0,20000,0,20000,20000
03424B,臺股指元大96熊26,0,0,0,0,0,0,0,0,0,20000,0,0,0,20000,0,20000,20000
045449,嘉聯益國泰94購01,0,0,0,0,0,0,0,0,0,20000,0,0,0,20000,0,20000,20000
046575,GIS國泰93購01   ,0,0,0,0,0,0,0,0,0,20000,0,0,0,20000,0,20000,20000
044784,華邦電中信96購01,0,0,0,0,0,0,0,0,0,20000,0,0,0,20000,0,20000,20000
045785,揚明光元大93購04,0,0,0,0,0,0,0,0,0,20000,0,0,0,20000,0,20000,20000
04104P,臺股指國票93售11,0,0,0,0,0,0,0,0,0,20000,0,0,0,20000,0,20000,20000
042527,台灣50永豐94購01,0,0,0,0,0,0,0,0,0,20000,0,0,0,20000,0,20000,20000
04253P,聯發科元富93售01,0,0,0,0,0,0,0,0,0,20000,0,0,0,20000,0,20000,20000
03102P,臺股指凱基03售08,0,0,0,0,0,0,0,0,0,20000,0,0,0,20000,0,20000,20000
01004T,土銀富邦R2      ,0,0,0,0,0,0,0,0,0,20000,20000,0,20000,0,0,0,20000
0053,元大電子        ,0,0,0,0,0,0,0,0,0,20000,0,0,0,21000,1000,20000,20000
04842P,群創元大96售02  ,0,0,0,0,0,0,0,0,0,20000,0,0,0,20000,0,20000,20000
04847P,聯發科凱基94售17,0,0,0,0,0,0,0,0,0,20000,0,0,0,20000,0,20000,20000
047495,新日興元富96購01,0,0,0,0,0,0,0,0,0,20000,0,0,0,60000,40000,20000,20000
047545,智邦凱基93購05  ,0,0,0,0,0,0,0,0,0,20000,0,0,0,20000,0,20000,20000
048610,華新科凱基94購04,0,0,0,0,0,0,0,0,0,20000,0,0,0,35000,15000,20000,20000
04760P,旺宏凱基94售02  ,0,0,0,0,0,0,0,0,0,20000,0,0,0,20000,0,20000,20000
044126,奇力新凱基93購01,0,0,0,0,0,0,0,0,0,20000,0,0,0,20000,0,20000,20000
044216,華新科凱基93購02,0,0,0,0,0,0,0,0,0,20000,0,0,0,20000,0,20000,20000
046446,技嘉麥證92購01  ,0,0,0,20000,0,20000,0,0,0,20000,0,0,0,20000,0,20000,20000
046462,康控凱基92購01  ,0,0,0,0,0,0,0,0,0,20000,0,0,0,20000,0,20000,20000
046375,友達凱基98購01  ,0,0,0,0,0,0,0,0,0,20000,0,0,0,20000,0,20000,20000
046390,旺宏統一94購02  ,0,0,0,0,0,0,0,0,0,20000,0,0,0,20000,0,20000,20000
046299,大立光富邦93購04,0,0,0,0,0,0,0,0,0,20000,0,0,0,20000,0,20000,20000
045115,玉晶光永豐94購01,0,0,0,0,0,0,0,0,0,20000,0,0,0,21000,1000,20000,20000
044966,台表科中信94購01,0,0,0,0,0,0,0,0,0,20000,0,0,0,30000,10000,20000,20000
04528P,智原凱基94售01  ,0,0,0,0,0,0,0,0,0,20000,0,0,0,61000,41000,20000,20000
04320P,亞德客元大93售07,0,0,0,0,0,0,0,0,0,20000,0,0,0,20000,0,20000,20000
049417,奇力新凱基94購02,0,0,0,0,0,0,0,0,0,20000,0,0,0,20000,0,20000,20000
049445,遠東新統一94購01,0,0,0,0,0,0,0,0,0,20000,0,0,0,140000,120000,20000,20000
049771,GIS元富94購02   ,0,0,0,0,0,0,0,0,0,20000,0,0,0,20000,0,20000,20000
049727,台積電中信94購02,0,0,0,0,0,0,0,0,0,20000,0,0,0,20000,0,20000,20000
051684,瑞昱凱基95購02  ,0,0,0,0,0,0,0,0,0,20000,0,0,0,49000,29000,20000,20000
051710,和碩群益95購01  ,0,0,0,0,0,0,0,0,0,20000,0,0,0,20000,0,20000,20000
050098,嘉聯益國泰95購02,0,0,0,0,0,0,0,0,0,20000,0,0,0,120000,100000,20000,20000
050085,國泰金元富94購01,0,0,0,0,0,0,0,0,0,20000,0,0,0,30000,10000,20000,20000
05006P,華通元富95售01  ,0,0,0,0,0,0,0,0,0,20000,0,0,0,20000,0,20000,20000
050072,京鼎凱基94購02  ,0,0,0,0,0,0,0,0,0,20000,0,0,0,20000,0,20000,20000
049357,微星富邦94購01  ,0,0,0,0,0,0,0,0,0,20000,0,0,0,20000,0,20000,20000
049363,旺宏元大94購07  ,0,0,0,0,0,0,0,0,0,20000,0,0,0,20000,0,20000,20000
051647,華新科永豐95購02,0,0,0,0,0,0,0,0,0,20000,0,0,0,45000,25000,20000,20000
051460,S&P反1國泰97購01,0,0,0,0,0,0,0,0,0,20000,0,0,0,20000,0,20000,20000
051597,T50反1中信99購02,0,0,0,0,0,0,0,0,0,20000,0,0,0,120000,100000,20000,20000
051523,牧德凱基95購02  ,0,0,0,0,0,0,0,0,0,20000,0,0,0,31000,11000,20000,20000
051798,國巨永豐95購03  ,0,0,0,0,0,0,0,0,0,20000,0,0,0,45000,25000,20000,20000
051824,華通元大95購07  ,0,0,0,0,0,0,0,0,0,20000,0,0,0,20000,0,20000,20000
051876,宏達電國票96購01,0,0,0,0,0,0,0,0,0,20000,0,0,0,30000,10000,20000,20000
051930,國泰金兆豐97購01,0,0,0,0,0,0,0,0,0,20000,0,0,0,70000,50000,20000,20000
050346,康友元富94購03  ,0,0,0,0,0,0,0,0,0,20000,0,0,0,20000,0,20000,20000
052613,易華電元大96購01,0,0,0,0,0,0,0,0,0,20000,0,0,0,20000,0,20000,20000
052845,旺宏統一97購01  ,0,0,0,0,0,0,0,0,0,20000,0,0,0,20000,0,20000,20000
05311P,臺股指群益95售10,0,0,0,0,0,0,0,0,0,20000,0,0,0,20000,0,20000,20000
052558,新唐國票97購01  ,0,0,0,0,0,0,0,0,0,20000,0,0,0,20000,0,20000,20000
05123P,鴻海永昌96售07  ,0,0,0,0,0,0,0,0,0,20000,0,0,0,194000,174000,20000,20000
050377,華通第一94購01  ,0,0,0,0,0,0,0,0,0,20000,0,0,0,129000,109000,20000,20000
05406P,台光電凱基95售02,0,0,0,0,0,0,0,0,0,20000,0,0,0,20000,0,20000,20000
05409P,京元電元富95售05,0,1000,-1000,0,0,0,0,0,0,21000,0,0,0,21000,0,21000,20000
054006,智易統一97購01  ,0,0,0,0,0,0,0,0,0,20000,0,0,0,20000,0,20000,20000
053945,國巨富邦98購02  ,0,65000,-65000,0,0,0,0,0,0,85000,0,0,0,787000,702000,85000,20000
05394P,聯詠中信95售02  ,0,0,0,0,0,0,0,0,0,20000,0,0,0,20000,0,20000,20000
053874,台表科元大96購05,0,0,0,0,0,0,0,0,0,20000,0,0,0,20000,0,20000,20000
05371P,臺股指中信95售10,0,0,0,0,0,0,0,0,0,20000,0,0,0,20000,0,20000,20000
053735,矽力中信97購01  ,0,0,0,0,0,0,0,0,0,20000,0,0,0,40000,20000,20000,20000
053721,國泰金凱基97購01,0,0,0,0,0,0,0,0,0,20000,0,0,0,20000,0,20000,20000
053772,大成鋼元大96購02,0,0,0,0,0,0,0,0,0,20000,0,0,0,20000,0,20000,20000
053220,瀚宇博凱基98購01,0,0,0,0,0,0,0,0,0,20000,0,0,0,20000,0,20000,20000
053203,智易日盛96購01  ,0,0,0,0,0,0,0,0,0,20000,0,0,0,20000,0,20000,20000
053075,欣興永豐96購01  ,0,0,0,0,0,0,0,0,0,20000,0,0,0,40000,20000,20000,20000
053066,欣興群益96購02  ,0,0,0,0,0,0,0,0,0,20000,0,0,0,38000,18000,20000,20000
053175,矽力群益96購01  ,0,0,0,0,0,0,0,0,0,20000,0,0,0,30000,10000,20000,20000
053161,康友元大96購04  ,0,0,0,0,0,0,0,0,0,20000,0,0,0,26000,6000,20000,20000
052987,華新科元大99購01,0,0,0,0,0,0,0,0,0,20000,0,0,0,20000,0,20000,20000
05298P,上銀元大95售03  ,0,0,0,0,0,0,0,0,0,20000,0,0,0,20000,0,20000,20000
052907,嘉澤國票97購01  ,0,0,0,0,0,0,0,0,0,20000,0,0,0,20000,0,20000,20000
052908,大成鋼統一96購01,0,0,0,0,0,0,0,0,0,20000,0,0,0,20000,0,20000,20000
05333P,臺股指國票95售02,0,0,0,0,0,0,0,0,0,20000,0,0,0,20000,0,20000,20000
053495,聯發科兆豐96購02,0,0,0,0,0,0,0,0,0,20000,0,0,0,30000,10000,20000,20000
053546,台積電凱基96購13,0,0,0,0,0,0,0,0,0,20000,0,0,0,20000,0,20000,20000
053600,同欣電元大96購04,0,0,0,0,0,0,0,0,0,20000,0,0,0,260000,240000,20000,20000
05360P,健策元大95售03  ,0,0,0,0,0,0,0,0,0,20000,0,0,0,20000,0,20000,20000
055015,帆宣元富97購01  ,0,0,0,0,0,0,0,0,0,20000,0,0,0,20000,0,20000,20000
055376,群創元大01購01  ,0,0,0,0,0,0,0,0,0,20000,0,0,0,325000,305000,20000,20000
05545P,台表科國泰98售01,0,0,0,0,0,0,0,0,0,20000,0,0,0,20000,0,20000,20000
055419,國巨永豐97購03  ,0,0,0,0,0,0,0,0,0,20000,0,0,0,20000,0,20000,20000
055528,華邦電群益97購01,0,0,0,0,0,0,0,0,0,20000,0,0,0,91000,71000,20000,20000
055519,茂林中信99購01  ,0,0,0,0,0,0,0,0,0,20000,0,0,0,40000,20000,20000,20000
054562,亞光群益98購01  ,0,0,0,0,0,0,0,0,0,20000,0,0,0,20000,0,20000,20000
054559,台光電群益99購01,0,0,0,0,0,0,0,0,0,20000,0,0,0,55000,35000,20000,20000
054494,訊芯台新96購01  ,0,0,0,0,0,0,0,0,0,20000,0,0,0,20000,0,20000,20000
05460P,台郡凱基95售05  ,0,0,0,0,0,0,0,0,0,20000,0,0,0,20000,0,20000,20000
05463P,創意國票96售04  ,0,0,0,0,0,0,0,0,0,20000,0,0,0,20000,0,20000,20000
054391,宏達電元富96購04,0,0,0,0,0,0,0,0,0,20000,0,0,0,26000,6000,20000,20000
054673,京鼎國泰98購01  ,0,0,0,0,0,0,0,0,0,20000,0,0,0,20000,0,20000,20000
054666,強茂元富97購01  ,0,0,0,0,0,0,0,0,0,20000,0,0,0,30000,10000,20000,20000
054802,高股息元大97購01,0,0,0,0,0,0,0,0,0,20000,0,0,0,20000,0,20000,20000
054836,勤誠中信97購01  ,0,0,0,0,0,0,0,0,0,20000,0,0,0,20000,0,20000,20000
054856,得力群益99購01  ,0,0,0,0,0,0,0,0,0,20000,0,0,0,20000,0,20000,20000
3702A,大聯大甲特      ,0,0,0,0,0,0,0,0,0,20000,20000,0,20000,0,0,0,20000
3018,同開            ,174000,189000,-15000,0,0,0,0,0,0,35000,35000,0,35000,0,0,0,20000
06204P,鴻海群益97售04  ,0,0,0,0,0,0,0,0,0,20000,0,0,0,30000,10000,20000,20000
06085P,義隆台新97售01  ,0,0,0,0,0,0,0,0,0,20000,0,0,0,25000,5000,20000,20000
06734P,智邦凱基98售05  ,0,0,0,0,0,0,0,0,0,20000,0,0,0,20000,0,20000,20000
06637P,大立光凱基98售15,0,0,0,0,0,0,0,0,0,20000,0,0,0,20000,0,20000,20000
06485P,玉晶光群益9A售02,0,0,0,0,0,0,0,0,0,20000,0,0,0,20000,0,20000,20000
06473P,鴻海元大99售03  ,0,0,0,0,0,0,0,0,0,20000,0,0,0,20000,0,20000,20000
06428P,國巨元大97售17  ,0,0,0,0,0,0,0,0,0,20000,0,0,0,34000,14000,20000,20000
06380P,臺股指統一98售02,0,0,0,0,0,0,0,0,0,20000,0,0,0,20000,0,20000,20000
06776P,鴻海元大99售05  ,0,0,0,0,0,0,0,0,0,20000,0,0,0,20000,0,20000,20000
057283,欣興元大98購07  ,0,0,0,0,0,0,0,0,0,19000,0,0,0,38000,19000,19000,19000
056008,全新中信9B購01  ,0,0,0,0,0,0,0,0,0,19000,0,0,0,383000,364000,19000,19000
056477,欣興元大98購02  ,0,0,0,0,0,0,0,0,0,19000,0,0,0,79000,60000,19000,19000
04059P,臺股指群益93售13,0,0,0,0,0,0,0,0,0,19000,0,0,0,19000,0,19000,19000
048233,南電凱基93購05  ,0,0,0,0,0,0,0,0,0,19000,0,0,0,203000,184000,19000,19000
046896,臻鼎群益94購01  ,0,0,0,0,0,0,0,0,0,19000,0,0,0,111000,92000,19000,19000
047066,力成凱基93購04  ,0,0,0,0,0,0,0,0,0,19000,0,0,0,20000,1000,19000,19000
05206P,南茂元大95售01  ,0,0,0,0,0,0,0,0,0,19000,0,0,0,28000,9000,19000,19000
05201P,玉晶光國泰97售02,0,0,0,0,0,0,0,0,0,19000,0,0,0,19000,0,19000,19000
049561,道瓊銀統一96購01,0,0,0,0,0,0,0,0,0,19000,0,0,0,229000,210000,19000,19000
050149,東元群益94購01  ,0,0,0,0,0,0,0,0,0,19000,0,0,0,20000,1000,19000,19000
050850,訊連國票96購01  ,0,0,0,0,0,0,0,0,0,19000,0,0,0,19000,0,19000,19000
050732,台虹國票94購01  ,0,0,0,0,0,0,0,0,0,19000,0,0,0,24000,5000,19000,19000
050763,楠梓電元大94購03,0,0,0,0,0,0,0,0,0,19000,0,0,0,206000,187000,19000,19000
054891,聯鈞統一99購02  ,0,0,0,0,0,0,0,0,0,19000,0,0,0,35000,16000,19000,19000
054411,光磊元大97購02  ,0,0,0,0,0,0,0,0,0,19000,0,0,0,19000,0,19000,19000
054517,高鐵元大96購01  ,0,0,0,0,0,0,0,0,0,19000,0,0,0,20000,1000,19000,19000
055291,京鼎元大97購02  ,0,0,0,0,0,0,0,0,0,19000,0,0,0,19000,0,19000,19000
055176,大毅統一98購02  ,0,0,0,0,0,0,0,0,0,19000,0,0,0,22000,3000,19000,19000
053345,欣興國票97購02  ,0,0,0,0,0,0,0,0,0,19000,0,0,0,26000,7000,19000,19000
052478,大立光群益95購05,0,0,0,0,0,0,0,0,0,19000,0,0,0,20000,1000,19000,19000
05428P,滬深2X統一95售01,0,0,0,0,0,0,0,0,0,19000,0,0,0,19000,0,19000,19000
1721,三晃            ,28000,9000,19000,0,0,0,0,0,0,0,0,0,0,0,0,0,19000
2414,精技            ,24000,5000,19000,0,0,0,0,0,0,0,0,0,0,0,0,0,19000
06416P,大立光群益97售06,0,0,0,0,0,0,0,0,0,19000,0,0,0,50000,31000,19000,19000
06746P,聯發科群益99售02,0,0,0,0,0,0,0,0,0,19000,0,0,0,19000,0,19000,19000
06206P,台積電凱基97售11,0,0,0,0,0,0,0,0,0,19000,0,0,0,101000,82000,19000,19000
4545,銘鈺            ,26000,7000,19000,0,0,0,0,0,0,0,0,0,0,0,0,0,19000
6449,鈺邦            ,46000,29000,17000,0,0,0,0,0,0,2000,3000,1000,2000,0,0,0,19000
8261,富鼎            ,38000,18000,20000,0,0,0,0,0,0,-1000,0,1000,-1000,0,0,0,19000
056354,國巨元大98購10  ,0,0,0,0,0,0,0,0,0,18000,0,0,0,18000,0,18000,18000
055996,矽力國泰99購01  ,0,0,0,0,0,0,0,0,0,18000,0,0,0,163000,145000,18000,18000
055697,牧德國票98購01  ,0,0,0,0,0,0,0,0,0,18000,0,0,0,20000,2000,18000,18000
05684P,臺股指元大96售09,0,0,0,0,0,0,0,0,0,18000,0,0,0,151000,133000,18000,18000
05775P,台積電國泰98售02,0,0,0,0,0,0,0,0,0,18000,0,0,0,28000,10000,18000,18000
05776P,鴻海統一98售02  ,0,0,0,0,0,0,0,0,0,18000,0,0,0,18000,0,18000,18000
057512,華邦電台新98購01,0,0,0,0,0,0,0,0,0,18000,0,0,0,28000,10000,18000,18000
04915P,鴻海永昌96售02  ,0,0,0,0,0,0,0,0,0,18000,0,0,0,91000,73000,18000,18000
03612C,臺股指元大95牛01,0,0,0,0,0,0,0,0,0,18000,0,0,0,20000,2000,18000,18000
04505P,佳世達元富96售03,0,0,0,0,0,0,0,0,0,18000,0,0,0,28000,10000,18000,18000
047584,元金2X永豐95購01,0,0,0,0,0,0,0,0,0,18000,0,0,0,386000,368000,18000,18000
047576,技嘉群益94購01  ,0,0,0,0,0,0,0,0,0,18000,0,0,0,109000,91000,18000,18000
04451P,可成凱基94售04  ,0,0,0,0,0,0,0,0,0,18000,0,0,0,24000,6000,18000,18000
050771,華新科元大94購06,0,0,0,0,0,0,0,0,0,18000,0,0,0,62000,44000,18000,18000
049892,國巨富邦96購01  ,0,0,0,0,0,0,0,0,0,18000,0,0,0,23000,5000,18000,18000
049569,光磊統一94購02  ,0,0,0,0,0,0,0,0,0,18000,0,0,0,18000,0,18000,18000
053133,華邦電國票97購01,0,0,0,0,0,0,0,0,0,18000,0,0,0,36000,18000,18000,18000
052625,南電亞東97購01  ,0,0,0,0,0,0,0,0,0,18000,0,0,0,68000,50000,18000,18000
054245,鴻海元大96購23  ,0,0,0,0,0,0,0,0,0,18000,0,0,0,18000,0,18000,18000
054130,漢唐元大97購02  ,0,0,0,0,0,0,0,0,0,18000,0,0,0,52000,34000,18000,18000
05407P,超眾凱基95售04  ,0,0,0,0,0,0,0,0,0,18000,0,0,0,22000,4000,18000,18000
053207,SP黃豆凱基96購01,0,0,0,0,0,0,0,0,0,18000,0,0,0,18000,0,18000,18000
053216,京鼎凱基96購02  ,0,0,0,0,0,0,0,0,0,18000,0,0,0,18000,0,18000,18000
05331P,上証2X國票96售01,0,0,0,0,0,0,0,0,0,18000,0,0,0,534000,516000,18000,18000
055117,臻鼎凱基98購02  ,0,0,0,0,0,0,0,0,0,18000,0,0,0,30000,12000,18000,18000
054511,香港反元大98購01,0,0,0,0,0,0,0,0,0,18000,0,0,0,18000,0,18000,18000
06255P,臺股指群益97售08,0,0,0,0,0,0,0,0,0,18000,0,0,0,20000,2000,18000,18000
06303P,臺股指元大97售09,0,0,0,0,0,0,0,0,0,18000,0,0,0,42000,24000,18000,18000
06561P,台灣50國泰9A售01,0,0,0,0,0,0,0,0,0,18000,0,0,0,202000,184000,18000,18000
1474,弘裕            ,31000,12000,19000,0,0,0,0,0,0,-1000,0,1000,-1000,0,0,0,18000
06780P,義隆元大98售02  ,0,0,0,0,0,0,0,0,0,18000,0,0,0,18000,0,18000,18000
057560,華新科兆豐99購01,0,0,0,0,0,0,0,0,0,17000,0,0,0,17000,0,17000,17000
056837,國巨元富98購02  ,0,0,0,0,0,0,0,0,0,17000,0,0,0,314000,297000,17000,17000
056905,欣興元大98購03  ,0,0,0,0,0,0,0,0,0,17000,0,0,0,62000,45000,17000,17000
056995,華新科日盛99購01,0,0,0,0,0,0,0,0,0,17000,0,0,0,74000,57000,17000,17000
057234,宏達電凱基98購05,0,0,0,0,0,0,0,0,0,17000,0,0,0,21000,4000,17000,17000
057199,台達電元富02購01,0,0,0,0,0,0,0,0,0,17000,0,0,0,27000,10000,17000,17000
057224,和碩日盛9A購01  ,0,0,0,0,0,0,0,0,0,17000,0,0,0,17000,0,17000,17000
05715P,創意元富96售05  ,0,0,0,0,0,0,0,0,0,17000,0,0,0,17000,0,17000,17000
055955,微星元大97購01  ,0,0,0,0,0,0,0,0,0,17000,0,0,0,20000,3000,17000,17000
056466,臺股指凱基99購08,0,0,0,0,0,0,0,0,0,17000,0,0,0,21000,4000,17000,17000
044224,超眾凱基93購01  ,0,0,0,0,0,0,0,0,0,17000,0,0,0,23000,6000,17000,17000
048959,凌華康和94購01  ,0,0,0,0,0,0,0,0,0,17000,0,0,0,17000,0,17000,17000
04695P,正崴康和94售01  ,0,0,0,0,0,0,0,0,0,17000,0,0,0,17000,0,17000,17000
048245,台積電兆豐93購07,0,0,0,0,0,0,0,0,0,17000,0,0,0,17000,0,17000,17000
051234,南電群益95購02  ,0,0,0,0,0,0,0,0,0,17000,0,0,0,164000,147000,17000,17000
052413,上証反中信97購01,0,0,0,0,0,0,0,0,0,17000,0,0,0,17000,0,17000,17000
051319,光磊國票96購02  ,0,0,0,0,0,0,0,0,0,17000,0,0,0,27000,10000,17000,17000
050773,京鼎元大94購02  ,0,0,0,0,0,0,0,0,0,17000,0,0,0,27000,10000,17000,17000
050951,緯創群益96購01  ,0,0,0,0,0,0,0,0,0,17000,0,0,0,20000,3000,17000,17000
054565,玉晶光群益99購02,0,0,0,0,0,0,0,0,0,17000,0,0,0,119000,102000,17000,17000
054576,健策元大98購03  ,0,0,0,0,0,0,0,0,0,17000,0,0,0,33000,16000,17000,17000
054895,南電統一97購01  ,0,0,0,0,0,0,0,0,0,17000,0,0,0,22000,5000,17000,17000
055338,GIS兆豐97購01   ,0,0,0,0,0,0,0,0,0,17000,0,0,0,87000,70000,17000,17000
052983,國巨元大96購07  ,0,0,0,0,0,0,0,0,0,17000,0,0,0,208000,191000,17000,17000
054291,高鐵元大97購01  ,0,0,0,0,0,0,0,0,0,17000,0,0,0,89000,72000,17000,17000
1423,利華            ,20000,3000,17000,0,0,0,0,0,0,0,0,0,0,0,0,0,17000
06566P,華通永豐98售03  ,0,0,0,0,0,0,0,0,0,17000,0,0,0,17000,0,17000,17000
06374P,台表科元大97售06,0,0,0,0,0,0,0,0,0,17000,0,0,0,22000,5000,17000,17000
06080P,景碩群益98售02  ,0,0,0,0,0,0,0,0,0,17000,0,0,0,92000,75000,17000,17000
4104,佳醫            ,30000,13000,17000,0,0,0,0,0,0,0,0,0,0,0,0,0,17000
056360,智邦元大98購01  ,0,0,0,0,0,0,0,0,0,16000,0,0,0,43000,27000,16000,16000
056552,台表科凱基99購01,0,0,0,0,0,0,0,0,0,16000,0,0,0,71000,55000,16000,16000
05679P,台表科群益96售05,0,0,0,0,0,0,0,0,0,16000,0,0,0,38000,22000,16000,16000
056720,世紀鋼永豐98購01,0,0,0,0,0,0,0,0,0,16000,0,0,0,66000,50000,16000,16000
056207,茂林永豐97購03  ,0,0,0,0,0,0,0,0,0,16000,0,0,0,25000,9000,16000,16000
056135,緯創元大98購01  ,0,0,0,0,0,0,0,0,0,16000,0,0,0,21000,5000,16000,16000
056124,華通國票98購02  ,0,0,0,0,0,0,0,0,0,16000,0,0,0,18000,2000,16000,16000
055690,矽力凱基97購02  ,0,0,0,0,0,0,0,0,0,16000,0,0,0,26000,10000,16000,16000
055860,啟碁元大97購04  ,0,0,0,0,0,0,0,0,0,16000,0,0,0,68000,52000,16000,16000
057438,禾伸堂國票99購01,0,0,0,0,0,0,0,0,0,16000,0,0,0,46000,30000,16000,16000
056940,嘉聯益元富98購01,0,0,0,0,0,0,0,0,0,16000,0,0,0,76000,60000,16000,16000
057143,台郡兆豐98購01  ,0,0,0,0,0,0,0,0,0,16000,0,0,0,24000,8000,16000,16000
057101,新光金中信9A購01,0,0,0,0,0,0,0,0,0,16000,0,0,0,16000,0,16000,16000
05859P,台表科國票97售04,0,0,0,0,0,0,0,0,0,16000,0,0,0,18000,2000,16000,16000
05810P,臺股指國票96售03,0,0,0,0,0,0,0,0,0,16000,0,0,0,16000,0,16000,16000
06007P,世芯永豐96售01  ,0,0,0,0,0,0,0,0,0,16000,0,0,0,40000,24000,16000,16000
047055,旭富國票93購01  ,0,0,0,0,0,0,0,0,0,16000,0,0,0,16000,0,16000,16000
047696,聯發科國票94購02,0,0,0,0,0,0,0,0,0,16000,0,0,0,160000,144000,16000,16000
04727P,臺股指凱基96售03,0,0,0,0,0,0,0,0,0,16000,0,0,0,16000,0,16000,16000
048905,旺宏富邦96購01  ,0,0,0,0,0,0,0,0,0,16000,0,0,0,113000,97000,16000,16000
048316,可成凱基93購15  ,0,0,0,0,0,0,0,0,0,16000,0,0,0,66000,50000,16000,16000
052237,嘉澤國票96購02  ,0,0,0,0,0,0,0,0,0,16000,0,0,0,20000,4000,16000,16000
048630,南亞元大93購01  ,0,0,0,0,0,0,0,0,0,16000,0,0,0,77000,61000,16000,16000
05173P,臺股指元大95售17,0,0,0,0,0,0,0,0,0,16000,0,0,0,16000,0,16000,16000
049767,奇力新元富94購01,0,0,0,0,0,0,0,0,0,16000,0,0,0,16000,0,16000,16000
050730,復盛國票94購01  ,0,0,0,0,0,0,0,0,0,16000,0,0,0,23000,7000,16000,16000
050688,大立光日盛94購03,0,0,0,0,0,0,0,0,0,16000,0,0,0,68000,52000,16000,16000
050003,景碩永豐94購01  ,0,0,0,0,0,0,0,0,0,16000,0,0,0,448000,432000,16000,16000
05026P,貿聯群益95售01  ,0,0,0,0,0,0,0,0,0,16000,0,0,0,81000,65000,16000,16000
051167,京鼎元大95購01  ,0,0,0,0,0,0,0,0,0,16000,0,0,0,16000,0,16000,16000
050415,力成永豐94購01  ,0,0,0,0,0,0,0,0,0,16000,0,0,0,26000,10000,16000,16000
054122,康友永豐96購01  ,0,0,0,0,0,0,0,0,0,16000,0,0,0,26000,10000,16000,16000
053818,富邦金群益98購01,0,0,0,0,0,0,0,0,0,16000,0,0,0,86000,70000,16000,16000
053278,禾伸堂元大96購01,0,0,0,0,0,0,0,0,0,16000,0,0,0,112000,96000,16000,16000
055000,玉晶光元富97購04,0,0,0,0,0,0,0,0,0,16000,0,0,0,26000,10000,16000,16000
055244,國巨統一98購01  ,0,0,0,0,0,0,0,0,0,16000,0,0,0,162000,146000,16000,16000
054661,嘉聯益元大97購03,0,0,0,0,0,0,0,0,0,16000,0,0,0,61000,45000,16000,16000
06069P,台積電永豐97售01,0,0,0,0,0,0,0,0,0,16000,0,0,0,21000,5000,16000,16000
06606P,訊芯元富98售02  ,0,0,0,0,0,0,0,0,0,16000,0,0,0,16000,0,16000,16000
2420,新巨            ,54000,38000,16000,0,0,0,0,0,0,0,0,0,0,0,0,0,16000
05900P,臺股指凱基99售05,0,0,0,0,0,0,0,0,0,15000,0,0,0,15000,0,15000,15000
05949P,台積電國票96售09,0,0,0,0,0,0,0,0,0,15000,0,0,0,96000,81000,15000,15000
057696,聯電群益9A購01  ,0,0,0,0,0,0,0,0,0,15000,0,0,0,15000,0,15000,15000
057164,國巨元大98購14  ,0,0,0,0,0,0,0,0,0,15000,0,0,0,366000,351000,15000,15000
057235,亞光凱基98購04  ,0,0,0,0,0,0,0,0,0,15000,0,0,0,57000,42000,15000,15000
057254,友達麥證98購01  ,0,0,0,60000,45000,15000,0,0,0,15000,0,0,0,60000,45000,15000,15000
055828,上銀元大97購05  ,0,0,0,0,0,0,0,0,0,15000,0,0,0,68000,53000,15000,15000
055753,貿聯第一98購01  ,0,0,0,0,0,0,0,0,0,15000,0,0,0,15000,0,15000,15000
055675,亞德客凱基97購02,0,0,0,0,0,0,0,0,0,15000,0,0,0,15000,0,15000,15000
056117,宏達電群益97購02,0,0,0,0,0,0,0,0,0,15000,0,0,0,25000,10000,15000,15000
05594P,旺宏國票96售04  ,0,0,0,0,0,0,0,0,0,15000,0,0,0,15000,0,15000,15000
056578,智易元大99購02  ,0,0,0,0,0,0,0,0,0,15000,0,0,0,68000,53000,15000,15000
044382,嘉聯益群益94購01,0,0,0,0,0,0,0,0,0,15000,0,0,0,15000,0,15000,15000
04471P,華通元大95售03  ,0,0,0,0,0,0,0,0,0,15000,0,0,0,30000,15000,15000,15000
044016,義隆凱基93購01  ,0,0,0,0,0,0,0,0,0,15000,0,0,0,21000,6000,15000,15000
04645P,禾伸堂凱基94售03,0,0,0,0,0,0,0,0,0,15000,0,0,0,25000,10000,15000,15000
046522,樺漢元大92購03  ,0,0,0,0,0,0,0,0,0,15000,0,0,0,15000,0,15000,15000
04506P,旺宏元大94售06  ,0,0,0,0,0,0,0,0,0,15000,0,0,0,20000,5000,15000,15000
04047P,華邦電元大94售03,0,0,0,0,0,0,0,0,0,15000,0,0,0,25000,10000,15000,15000
04187P,麗豐元富93售02  ,0,0,0,0,0,0,0,0,0,15000,0,0,0,37000,22000,15000,15000
045547,滬深2X國票95購01,0,0,0,0,0,0,0,0,0,15000,0,0,0,15000,0,15000,15000
044926,聯詠國泰93購01  ,0,0,0,0,0,0,0,0,0,15000,0,0,0,15000,0,15000,15000
044875,玉晶光統一93購01,0,0,0,0,0,0,0,0,0,15000,0,0,0,15000,0,15000,15000
044879,上証2X群益93購01,0,0,0,0,0,0,0,0,0,15000,0,0,0,16000,1000,15000,15000
052232,貿聯凱基96購02  ,0,0,0,0,0,0,0,0,0,15000,0,0,0,15000,0,15000,15000
050831,超眾凱基95購01  ,0,0,0,0,0,0,0,0,0,15000,0,0,0,23000,8000,15000,15000
04898P,瑞儀中信95售01  ,0,0,0,0,0,0,0,0,0,15000,0,0,0,235000,220000,15000,15000
04770P,鴻海元大94售09  ,0,0,0,0,0,0,0,0,0,15000,0,0,0,15000,0,15000,15000
046970,聯詠群益93購01  ,0,0,0,0,0,0,0,0,0,15000,0,0,0,15000,0,15000,15000
046721,中鋼元大93購01  ,0,0,0,0,0,0,0,0,0,15000,0,0,0,15000,0,15000,15000
048054,鴻海國泰95購01  ,0,0,0,0,0,0,0,0,0,15000,0,0,0,15000,0,15000,15000
04805P,創意元富94售01  ,0,0,0,0,0,0,0,0,0,15000,0,0,0,121000,106000,15000,15000
048109,旺宏群益94購02  ,0,0,0,0,0,0,0,0,0,15000,0,0,0,21000,6000,15000,15000
051269,康友富邦97購01  ,0,0,0,0,0,0,0,0,0,15000,0,0,0,17000,2000,15000,15000
053117,大立光中信9A購02,0,0,0,0,0,0,0,0,0,15000,0,0,0,15000,0,15000,15000
052522,聯發科元大96購05,0,0,0,0,0,0,0,0,0,15000,0,0,0,15000,0,15000,15000
052854,聯詠日盛96購01  ,0,0,0,0,0,0,0,0,0,15000,0,0,0,25000,10000,15000,15000
051969,世紀鋼永豐95購01,0,0,0,0,0,0,0,0,0,15000,0,0,0,76000,61000,15000,15000
051332,奇力新永豐95購01,0,0,0,0,0,0,0,0,0,15000,0,0,0,37000,22000,15000,15000
051428,玉晶光統一96購01,0,0,0,0,0,0,0,0,0,15000,0,0,0,15000,0,15000,15000
050576,南亞科國票95購01,0,0,0,0,0,0,0,0,0,15000,0,0,0,25000,10000,15000,15000
050927,聯詠凱基95購01  ,0,0,0,0,0,0,0,0,0,15000,0,0,0,30000,15000,15000,15000
050186,京鼎元大94購01  ,0,0,0,0,0,0,0,0,0,15000,0,0,0,15000,0,15000,15000
051678,鈺齊元大95購02  ,0,0,0,0,0,0,0,0,0,15000,0,0,0,25000,10000,15000,15000
052333,嘉聯益兆豐96購01,0,0,0,0,0,0,0,0,0,15000,0,0,0,25000,10000,15000,15000
054742,京鼎凱基99購01  ,0,0,0,0,0,0,0,0,0,15000,0,0,0,19000,4000,15000,15000
054735,漢唐凱基98購01  ,0,0,0,0,0,0,0,0,0,15000,0,0,0,22000,7000,15000,15000
054897,信錦康和97購01  ,0,0,0,0,0,0,0,0,0,15000,0,0,0,15000,0,15000,15000
054850,上海銀兆豐97購01,0,0,0,0,0,0,0,0,0,15000,0,0,0,55000,40000,15000,15000
05465P,台表科永豐95售03,0,0,0,0,0,0,0,0,0,15000,0,0,0,15000,0,15000,15000
05435P,鴻海群益95售12  ,0,0,0,0,0,0,0,0,0,15000,0,0,0,15000,0,15000,15000
055233,康友國票98購01  ,0,0,0,0,0,0,0,0,0,15000,0,0,0,15000,0,15000,15000
055215,智邦凱基98購02  ,0,0,0,0,0,0,0,0,0,15000,0,0,0,176000,161000,15000,15000
055082,台郡中信97購01  ,0,0,0,0,0,0,0,0,0,15000,0,0,0,53000,38000,15000,15000
055098,臺股指群益97購01,0,0,0,0,0,0,0,0,0,15000,0,0,0,35000,20000,15000,15000
053602,台虹元大96購01  ,0,0,0,0,0,0,0,0,0,15000,0,0,0,70000,55000,15000,15000
053730,樺漢凱基98購01  ,0,0,0,0,0,0,0,0,0,15000,0,0,0,15000,0,15000,15000
054065,樺漢國票97購01  ,0,0,0,0,0,0,0,0,0,15000,0,0,0,15000,0,15000,15000
054239,台郡群益96購02  ,0,0,0,0,0,0,0,0,0,15000,0,0,0,15000,0,15000,15000
054209,台積電國票97購08,0,0,0,0,0,0,0,0,0,15000,0,0,0,25000,10000,15000,15000
06767P,台積電永昌99售03,0,0,0,0,0,0,0,0,0,15000,0,0,0,130000,115000,15000,15000
08525P,台灣50凱基96售02,0,0,0,0,0,0,0,0,0,15000,0,0,0,15000,0,15000,15000
06488P,台積電元富98售05,0,0,0,0,0,0,0,0,0,15000,0,0,0,435000,420000,15000,15000
06169P,華新科元富97售02,0,0,0,0,0,0,0,0,0,15000,0,0,0,39000,24000,15000,15000
06179P,國巨群益97售04  ,0,0,0,0,0,0,0,0,0,15000,0,0,0,105000,90000,15000,15000
06159P,牧德元富97售02  ,0,0,0,0,0,0,0,0,0,15000,0,0,0,69000,54000,15000,15000
06301P,臺股指元大97售04,0,0,0,0,0,0,0,0,0,15000,0,0,0,46000,31000,15000,15000
06302P,臺股指元大97售06,0,0,0,0,0,0,0,0,0,15000,0,0,0,15000,0,15000,15000
056546,致伸凱基98購01  ,0,0,0,0,0,0,0,0,0,14000,0,0,0,33000,19000,14000,14000
056381,台虹元富98購01  ,0,0,0,0,0,0,0,0,0,14000,0,0,0,67000,53000,14000,14000
056103,聯發科永豐97購03,0,0,0,0,0,0,0,0,0,14000,0,0,0,28000,14000,14000,14000
055615,宏達電國票99購02,0,0,0,0,0,0,0,0,0,14000,0,0,0,55000,41000,14000,14000
057503,世紀鋼群益98購02,0,0,0,0,0,0,0,0,0,14000,0,0,0,14000,0,14000,14000
05996P,華新科群益96售03,0,0,0,0,0,0,0,0,0,14000,0,0,0,48000,34000,14000,14000
046658,微星元大93購01  ,0,0,0,0,0,0,0,0,0,14000,0,0,0,14000,0,14000,14000
048998,玉晶光國票95購03,0,0,0,0,0,0,0,0,0,14000,0,0,0,50000,36000,14000,14000
044853,亞光國泰93購01  ,0,0,0,0,0,0,0,0,0,14000,0,0,0,23000,9000,14000,14000
04058P,臺股指群益93售12,0,0,0,0,0,0,0,0,0,14000,0,0,0,14000,0,14000,14000
03171P,台積電中信05售07,0,0,0,0,0,0,0,0,0,14000,0,0,0,14000,0,14000,14000
046002,美律統一93購01  ,0,0,0,0,0,0,0,0,0,14000,0,0,0,14000,0,14000,14000
050956,鈺齊群益95購01  ,0,0,0,0,0,0,0,0,0,14000,0,0,0,100000,86000,14000,14000
04963P,鴻海元大94售25  ,0,0,0,0,0,0,0,0,0,14000,0,0,0,120000,106000,14000,14000
052859,國巨凱基96購07  ,0,0,0,0,0,0,0,0,0,14000,0,0,0,174000,160000,14000,14000
05269P,臻鼎元大95售05  ,1000,0,1000,0,0,0,0,0,0,13000,0,0,0,24000,11000,13000,14000
052685,技嘉元大96購01  ,0,0,0,0,0,0,0,0,0,14000,0,0,0,14000,0,14000,14000
050395,大立光元富94購10,0,0,0,0,0,0,0,0,0,14000,0,0,0,32000,18000,14000,14000
054126,和大元大96購02  ,0,0,0,0,0,0,0,0,0,14000,0,0,0,14000,0,14000,14000
053677,同欣電國泰97購01,0,0,0,0,0,0,0,0,0,14000,0,0,0,14000,0,14000,14000
05457P,鴻海凱基95售20  ,0,0,0,0,0,0,0,0,0,14000,0,0,0,16000,2000,14000,14000
054662,同欣電元大97購02,0,0,0,0,0,0,0,0,0,14000,0,0,0,14000,0,14000,14000
054790,禾伸堂群益98購01,0,0,0,0,0,0,0,0,0,14000,0,0,0,127000,113000,14000,14000
06389P,聯發科兆豐97售01,0,0,0,0,0,0,0,0,0,14000,0,0,0,14000,0,14000,14000
6582,申豐            ,24000,10000,14000,0,0,0,0,0,0,0,0,0,0,0,0,0,14000
05778P,台積電統一96售05,0,0,0,0,0,0,0,0,0,13000,0,0,0,98000,85000,13000,13000
057271,國巨元大98購17  ,0,0,0,0,0,0,0,0,0,13000,0,0,0,230000,217000,13000,13000
057273,智邦元大98購05  ,0,0,0,0,0,0,0,0,0,13000,0,0,0,93000,80000,13000,13000
057106,美律群益98購03  ,0,0,0,0,0,0,0,0,0,13000,0,0,0,33000,20000,13000,13000
056941,台郡元富9B購01  ,0,0,0,0,0,0,0,0,0,13000,0,0,0,51000,38000,13000,13000
05643P,大立光中信98售01,0,0,0,0,0,0,0,0,0,13000,0,0,0,13000,0,13000,13000
056409,麗豐國票99購01  ,0,0,0,0,0,0,0,0,0,13000,0,0,0,13000,0,13000,13000
056350,上銀元大98購02  ,0,0,0,0,0,0,0,0,0,13000,0,0,0,44000,31000,13000,13000
056228,可成凱基97購03  ,0,0,0,0,0,0,0,0,0,13000,0,0,0,61000,48000,13000,13000
056276,同欣電國泰98購01,0,0,0,0,0,0,0,0,0,13000,0,0,0,20000,7000,13000,13000
056555,矽創凱基98購01  ,0,0,0,0,0,0,0,0,0,13000,0,0,0,13000,0,13000,13000
045293,鴻海元大94購01  ,0,0,0,0,0,0,0,0,0,13000,0,0,0,133000,120000,13000,13000
043047,永冠國泰93購01  ,0,0,0,0,0,0,0,0,0,13000,0,0,0,13000,0,13000,13000
044405,材料凱基93購01  ,0,0,0,0,0,0,0,0,0,13000,0,0,0,13000,0,13000,13000
04855P,上証2X元富94售02,0,0,0,0,0,0,0,0,0,13000,0,0,0,63000,50000,13000,13000
047491,旺宏統一94購03  ,0,0,0,0,0,0,0,0,0,13000,0,0,0,18000,5000,13000,13000
048823,漢唐凱基94購01  ,0,0,0,0,0,0,0,0,0,13000,0,0,0,13000,0,13000,13000
052368,力成國票96購01  ,0,0,0,0,0,0,0,0,0,13000,0,0,0,33000,20000,13000,13000
04685P,訊芯元大94售02  ,0,0,0,0,0,0,0,0,0,13000,0,0,0,15000,2000,13000,13000
047655,聯發科兆豐93購02,0,0,0,0,0,0,0,0,0,13000,0,0,0,13000,0,13000,13000
047191,同欣電元大93購02,0,0,0,0,0,0,0,0,0,13000,0,0,0,13000,0,13000,13000
048003,旭富元大93購01  ,0,0,0,0,0,0,0,0,0,13000,0,0,0,13000,0,13000,13000
048263,台積電元富95購01,0,0,0,0,0,0,0,0,0,13000,0,0,0,20000,7000,13000,13000
051600,新日興兆豐96購02,0,0,0,0,0,0,0,0,0,13000,0,0,0,13000,0,13000,13000
04971P,矽力元富94售02  ,0,0,0,0,0,0,0,0,0,13000,0,0,0,34000,21000,13000,13000
051040,漢唐永豐95購01  ,0,0,0,0,0,0,0,0,0,13000,0,0,0,13000,0,13000,13000
050716,可成群益96購01  ,0,0,0,0,0,0,0,0,0,13000,0,0,0,47000,34000,13000,13000
054910,信錦凱基97購01  ,0,0,0,0,0,0,0,0,0,13000,0,0,0,13000,0,13000,13000
055146,華通元大98購04  ,0,0,0,0,0,0,0,0,0,13000,0,0,0,43000,30000,13000,13000
055343,國巨凱基97購03  ,0,0,0,0,0,0,0,0,0,13000,0,0,0,113000,100000,13000,13000
053671,可成統一96購03  ,0,0,0,0,0,0,0,0,0,13000,0,0,0,32000,19000,13000,13000
05392P,鴻海統一95售13  ,0,0,0,0,0,0,0,0,0,13000,0,0,0,13000,0,13000,13000
052896,宏達電群益96購01,0,0,0,0,0,0,0,0,0,13000,0,0,0,116000,103000,13000,13000
052932,正文元大97購01  ,0,0,0,0,0,0,0,0,0,13000,0,0,0,13000,0,13000,13000
06412P,南亞科日盛97售01,0,0,0,0,0,0,0,0,0,13000,0,0,0,13000,0,13000,13000
1537,廣隆            ,14000,16000,-2000,0,0,0,15000,0,15000,0,0,0,0,0,0,0,13000
055586,旺宏元大98購06  ,0,0,0,0,0,0,0,0,0,12000,0,0,0,22000,10000,12000,12000
056166,微星台新97購01  ,0,0,0,0,0,0,0,0,0,12000,0,0,0,16000,4000,12000,12000
056152,可成凱基97購02  ,0,0,0,0,0,0,0,0,0,12000,0,0,0,12000,0,12000,12000
055934,景碩群益98購03  ,0,0,0,0,0,0,0,0,0,12000,0,0,0,68000,56000,12000,12000
055984,大立光元富97購02,0,0,0,0,0,0,0,0,0,12000,0,0,0,12000,0,12000,12000
056039,宏達電凱基97購02,0,0,0,0,0,0,0,0,0,12000,0,0,0,12000,0,12000,12000
056932,T50反1元富98購01,0,10000,-10000,0,0,0,0,0,0,22000,0,0,0,207000,185000,22000,12000
057035,元油2X元大9B購03,0,0,0,0,0,0,0,0,0,12000,0,0,0,12000,0,12000,12000
05723P,華通永豐96售03  ,0,0,0,0,0,0,0,0,0,12000,0,0,0,12000,0,12000,12000
057392,福懋科永豐98購01,0,0,0,0,0,0,0,0,0,12000,0,0,0,12000,0,12000,12000
05988P,光磊元富96售02  ,0,0,0,0,0,0,0,0,0,12000,0,0,0,32000,20000,12000,12000
05982P,漢唐國票96售03  ,0,0,0,0,0,0,0,0,0,12000,0,0,0,12000,0,12000,12000
048076,亞光第一94購01  ,0,0,0,0,0,0,0,0,0,12000,0,0,0,14000,2000,12000,12000
048049,滬深反中信96購01,0,0,0,0,0,0,0,0,0,12000,0,0,0,12000,0,12000,12000
04718P,亞德客凱基94售03,0,0,0,0,0,0,0,0,0,12000,0,0,0,13000,1000,12000,12000
052377,景碩元大96購02  ,0,0,0,0,0,0,0,0,0,12000,0,0,0,12000,0,12000,12000
052159,瑞昱永豐95購01  ,0,0,0,0,0,0,0,0,0,12000,0,0,0,38000,26000,12000,12000
05225P,鴻海統一95售09  ,0,0,0,0,0,0,0,0,0,12000,0,0,0,82000,70000,12000,12000
04856P,光磊元富94售01  ,0,0,0,0,0,0,0,0,0,12000,0,0,0,22000,10000,12000,12000
048586,美利達富邦93購01,0,0,0,0,0,0,0,0,0,12000,0,0,0,12000,0,12000,12000
04310P,京元電統一93售03,0,0,0,0,0,0,0,0,0,12000,0,0,0,24000,12000,12000,12000
043344,可成富邦93購01  ,0,0,0,0,0,0,0,0,0,12000,0,0,0,12000,0,12000,12000
04102P,臺股指國票93售09,0,0,0,0,0,0,0,0,0,12000,0,0,0,23000,11000,12000,12000
04159P,滬深2X中信95售08,0,0,0,0,0,0,0,0,0,12000,0,0,0,12000,0,12000,12000
050717,京鼎群益96購01  ,0,0,0,0,0,0,0,0,0,12000,0,0,0,12000,0,12000,12000
050457,力成元大94購01  ,0,0,0,0,0,0,0,0,0,12000,0,0,0,22000,10000,12000,12000
049913,微星元大94購01  ,0,0,0,0,0,0,0,0,0,12000,0,0,0,12000,0,12000,12000
049752,上緯控永豐94購02,0,0,0,0,0,0,0,0,0,12000,0,0,0,12000,0,12000,12000
049842,道瓊反中信98購01,0,0,0,0,0,0,0,0,0,12000,0,0,0,12000,0,12000,12000
05004P,健策統一95售01  ,0,0,0,0,0,0,0,0,0,12000,0,0,0,12000,0,12000,12000
050877,美律統一95購01  ,0,0,0,0,0,0,0,0,0,12000,0,0,0,12000,0,12000,12000
051550,日電貿永豐95購01,0,0,0,0,0,0,0,0,0,12000,0,0,0,166000,154000,12000,12000
051357,可成元大95購05  ,0,0,0,0,0,0,0,0,0,12000,0,0,0,205000,193000,12000,12000
051250,大立光元大98購01,0,0,0,0,0,0,0,0,0,12000,0,0,0,12000,0,12000,12000
052568,漢唐凱基96購02  ,0,0,0,0,0,0,0,0,0,12000,0,0,0,28000,16000,12000,12000
053142,緯穎永豐96購01  ,0,0,0,0,0,0,0,0,0,12000,0,0,0,32000,20000,12000,12000
053478,京鼎元大96購01  ,0,0,0,0,0,0,0,0,0,12000,0,0,0,113000,101000,12000,12000
053283,同欣電元大96購03,0,0,0,0,0,0,0,0,0,12000,0,0,0,22000,10000,12000,12000
053658,亞光凱基96購01  ,0,0,0,0,0,0,0,0,0,12000,0,0,0,67000,55000,12000,12000
054118,國巨永豐96購04  ,0,0,0,0,0,0,0,0,0,12000,0,0,0,127000,115000,12000,12000
054150,國巨國泰97購05  ,0,0,0,0,0,0,0,0,0,12000,0,0,0,12000,0,12000,12000
055427,技嘉群益98購01  ,0,0,0,0,0,0,0,0,0,12000,0,0,0,99000,87000,12000,12000
055004,群創元富99購06  ,0,0,0,0,0,0,0,0,0,12000,0,0,0,22000,10000,12000,12000
055168,光罩統一98購01  ,0,0,0,0,0,0,0,0,0,12000,0,0,0,12000,0,12000,12000
05497P,聯詠統一96售01  ,0,0,0,0,0,0,0,0,0,12000,0,0,0,12000,0,12000,12000
054880,華泰統一97購01  ,0,0,0,0,0,0,0,0,0,12000,0,0,0,48000,36000,12000,12000
054415,奇力新元大96購06,0,0,0,0,0,0,0,0,0,12000,0,0,0,12000,0,12000,12000
06771P,台灣50中信02售01,0,0,0,0,0,0,0,0,0,12000,0,0,0,49000,37000,12000,12000
06753P,智邦富邦98售03  ,0,0,0,0,0,0,0,0,0,12000,0,0,0,27000,15000,12000,12000
2939,凱羿-KY         ,36000,26000,10000,0,0,0,0,0,0,2000,2000,0,2000,0,0,0,12000
06551P,貿聯元大98售05  ,0,0,0,0,0,0,0,0,0,12000,0,0,0,12000,0,12000,12000
06200P,聯發科元大97售18,0,0,0,0,0,0,0,0,0,12000,0,0,0,30000,18000,12000,12000
06058P,玉晶光凱基97售04,0,0,0,0,0,0,0,0,0,12000,0,0,0,16000,4000,12000,12000
06050P,玉晶光國票98售01,0,0,0,0,0,0,0,0,0,12000,0,0,0,22000,10000,12000,12000
05992P,華通元大96售05  ,0,0,0,0,0,0,0,0,0,11000,0,0,0,11000,0,11000,11000
057768,華新科中信9A購01,0,0,0,0,0,0,0,0,0,11000,0,0,0,19000,8000,11000,11000
057323,智邦群益98購01  ,0,0,0,0,0,0,0,0,0,11000,0,0,0,43000,32000,11000,11000
056946,國巨統一98購05  ,0,0,0,0,0,0,0,0,0,11000,0,0,0,21000,10000,11000,11000
056847,佐登元富98購01  ,0,0,0,0,0,0,0,0,0,11000,0,0,0,11000,0,11000,11000
056026,智易群益97購01  ,0,0,0,0,0,0,0,0,0,11000,0,0,0,11000,0,11000,11000
055927,南亞科群益97購01,0,0,0,0,0,0,0,0,0,11000,0,0,0,42000,31000,11000,11000
05591P,義隆群益96售03  ,0,0,0,0,0,0,0,0,0,11000,0,0,0,11000,0,11000,11000
055923,矽力凱基98購01  ,0,0,0,0,0,0,0,0,0,11000,0,0,0,46000,35000,11000,11000
056543,京鼎凱基98購01  ,0,0,0,0,0,0,0,0,0,11000,0,0,0,21000,10000,11000,11000
056533,友達凱基9A購02  ,0,0,0,0,0,0,0,0,0,11000,0,0,0,11000,0,11000,11000
05655P,南亞科統一96售01,0,0,0,0,0,0,0,0,0,11000,0,0,0,12000,1000,11000,11000
05634P,玉晶光台新97售01,0,0,0,0,0,0,0,0,0,11000,0,0,0,11000,0,11000,11000
03640P,百和凱基93售05  ,0,0,0,0,0,0,0,0,0,11000,0,0,0,11000,0,11000,11000
046561,可成凱基92購11  ,0,0,0,0,0,0,0,0,0,11000,0,0,0,11000,0,11000,11000
03740P,奇鋐群益94售01  ,0,0,0,0,0,0,0,0,0,11000,0,0,0,11000,0,11000,11000
046200,上海銀凱基93購01,0,0,0,0,0,0,0,0,0,11000,0,0,0,11000,0,11000,11000
05239P,欣興永豐95售03  ,0,0,0,0,0,0,0,0,0,11000,0,0,0,11000,0,11000,11000
04913P,聯詠元富94售02  ,0,0,0,0,0,0,0,0,0,11000,0,0,0,11000,0,11000,11000
046934,智邦元富96購01  ,0,0,0,0,0,0,0,0,0,11000,0,0,0,199000,188000,11000,11000
052757,華邦電群益96購01,0,0,0,0,0,0,0,0,0,11000,0,0,0,89000,78000,11000,11000
052787,國巨中信96購02  ,0,0,0,0,0,0,0,0,0,11000,0,0,0,41000,30000,11000,11000
051264,道瓊反富邦97購01,0,0,0,0,0,0,0,0,0,11000,0,0,0,11000,0,11000,11000
049256,瑞昱元大94購04  ,0,0,0,0,0,0,0,0,0,11000,0,0,0,11000,0,11000,11000
049582,台積電元大95購03,0,0,0,0,0,0,0,0,0,11000,0,0,0,145000,134000,11000,11000
05093P,可成元大95售03  ,0,0,0,0,0,0,0,0,0,11000,0,0,0,123000,112000,11000,11000
051706,國泰金群益95購01,0,0,0,0,0,0,0,0,0,11000,0,0,0,11000,0,11000,11000
050203,美律群益94購04  ,0,0,0,0,0,0,0,0,0,11000,0,0,0,11000,0,11000,11000
05056P,訊芯群益95售01  ,0,0,0,0,0,0,0,0,0,11000,0,0,0,11000,0,11000,11000
051124,創意群益95購01  ,0,0,0,0,0,0,0,0,0,11000,0,0,0,11000,0,11000,11000
054456,華泰群益99購01  ,0,0,0,0,0,0,0,0,0,11000,0,0,0,11000,0,11000,11000
05455P,聯詠日盛95售01  ,0,0,0,0,0,0,0,0,0,11000,0,0,0,11000,0,11000,11000
055091,微星群益97購01  ,0,0,0,0,0,0,0,0,0,11000,0,0,0,11000,0,11000,11000
055433,嘉聯益群益99購01,0,0,0,0,0,0,0,0,0,11000,0,0,0,45000,34000,11000,11000
05552P,聯詠群益96售01  ,0,0,0,0,0,0,0,0,0,11000,0,0,0,11000,0,11000,11000
054279,揚明光群益98購01,0,0,0,0,0,0,0,0,0,11000,0,0,0,11000,0,11000,11000
053999,台表科群益96購06,0,0,0,0,0,0,0,0,0,11000,0,0,0,11000,0,11000,11000
05396P,台郡元大95售05  ,0,0,0,0,0,0,0,0,0,11000,0,0,0,11000,0,11000,11000
053668,鴻海統一97購01  ,0,0,0,0,0,0,0,0,0,11000,0,0,0,59000,48000,11000,11000
053898,康友群益97購01  ,0,0,0,0,0,0,0,0,0,11000,0,0,0,43000,32000,11000,11000
053814,美律群益97購02  ,0,0,0,0,0,0,0,0,0,11000,0,0,0,11000,0,11000,11000
052898,樺漢群益96購01  ,0,0,0,0,0,0,0,0,0,11000,0,0,0,11000,0,11000,11000
052975,嘉聯益群益96購01,0,0,0,0,0,0,0,0,0,11000,0,0,0,13000,2000,11000,11000
052477,美律群益98購01  ,0,0,0,0,0,0,0,0,0,11000,0,0,0,31000,20000,11000,11000
053052,旺宏國票97購02  ,0,0,0,0,0,0,0,0,0,11000,0,0,0,31000,20000,11000,11000
06060P,玉晶光元大97售03,0,0,0,0,0,0,0,0,0,11000,0,0,0,117000,106000,11000,11000
06079P,燿華群益98售02  ,0,0,0,0,0,0,0,0,0,11000,0,0,0,77000,66000,11000,11000
06177P,玉晶光元大98售07,0,0,0,0,0,0,0,0,0,11000,0,0,0,11000,0,11000,11000
06640P,國巨兆豐99售02  ,0,0,0,0,0,0,0,0,0,11000,0,0,0,48000,37000,11000,11000
06629P,台灣50第一98售01,0,0,0,0,0,0,0,0,0,11000,0,0,0,12000,1000,11000,11000
2887E,台新戊特        ,0,0,0,0,0,0,0,0,0,11000,11000,0,11000,0,0,0,11000
2034,允強            ,58000,46000,12000,0,0,0,0,0,0,-1000,0,1000,-1000,0,0,0,11000
1325,恆大            ,103000,107000,-4000,0,0,0,0,0,0,15000,15000,0,15000,0,0,0,11000
8466,美吉吉-KY       ,14000,3000,11000,0,0,0,0,0,0,0,0,0,0,0,0,0,11000
3060,銘異            ,273000,260000,13000,0,0,0,0,0,0,-2000,3000,5000,-2000,0,0,0,11000
056296,旺宏元大97購07  ,0,0,0,0,0,0,0,0,0,10000,0,0,0,10000,0,10000,10000
056434,國巨凱基98購03  ,0,0,0,0,0,0,0,0,0,10000,0,0,0,10000,0,10000,10000
056482,貿聯元大99購01  ,0,0,0,0,0,0,0,0,0,10000,0,0,0,20000,10000,10000,10000
056492,全新國泰9A購01  ,0,0,0,0,0,0,0,0,0,10000,0,0,0,10000,0,10000,10000
05648P,康控國票97售01  ,0,0,0,0,0,0,0,0,0,10000,0,0,0,10000,0,10000,10000
056625,致伸永豐98購01  ,0,0,0,0,0,0,0,0,0,10000,0,0,0,78000,68000,10000,10000
056741,大立光凱基98購14,0,0,0,0,0,0,0,0,0,10000,0,0,0,10000,0,10000,10000
056707,鴻海富邦99購03  ,0,0,0,0,0,0,0,0,0,10000,0,0,0,21000,11000,10000,10000
056677,智伸科元富98購01,0,0,0,0,0,0,0,0,0,10000,0,0,0,50000,40000,10000,10000
055960,義隆元大97購01  ,0,0,0,0,0,0,0,0,0,10000,0,0,0,10000,0,10000,10000
056024,大立光群益97購05,0,0,0,0,0,0,0,0,0,10000,0,0,0,20000,10000,10000,10000
056063,大立光元大97購13,0,0,0,0,0,0,0,0,0,10000,0,0,0,10000,0,10000,10000
056064,大立光元大97購14,0,0,0,0,0,0,0,0,0,10000,0,0,0,10000,0,10000,10000
056174,億光元富97購01  ,0,0,0,0,0,0,0,0,0,10000,0,0,0,10000,0,10000,10000
055616,智原國票97購03  ,0,0,0,0,0,0,0,0,0,10000,0,0,0,10000,0,10000,10000
055647,義隆元富97購01  ,0,0,0,0,0,0,0,0,0,10000,0,0,0,10000,0,10000,10000
055652,聯詠元富01購01  ,0,0,0,0,0,0,0,0,0,10000,0,0,0,20000,10000,10000,10000
055716,致茂元大97購01  ,0,0,0,0,0,0,0,0,0,10000,0,0,0,12000,2000,10000,10000
055740,智易元富97購01  ,0,0,0,0,0,0,0,0,0,10000,0,0,0,10000,0,10000,10000
055819,晶相光國票98購01,0,0,0,0,0,0,0,0,0,10000,0,0,0,10000,0,10000,10000
055803,鎧勝永豐97購01  ,0,0,0,0,0,0,0,0,0,10000,0,0,0,10000,0,10000,10000
056937,智原元富98購01  ,0,0,0,0,0,0,0,0,0,10000,0,0,0,10000,0,10000,10000
056903,大立光元大99購04,0,0,0,0,0,0,0,0,0,10000,0,0,0,10000,0,10000,10000
057104,康友中信99購01  ,0,0,0,0,0,0,0,0,0,10000,0,0,0,20000,10000,10000,10000
057139,華新科兆豐98購02,0,0,0,0,0,0,0,0,0,10000,0,0,0,35000,25000,10000,10000
057131,奇力新凱基98購05,0,0,0,0,0,0,0,0,0,10000,0,0,0,10000,0,10000,10000
05732P,臺股指統一96售02,0,0,0,0,0,0,0,0,0,10000,0,0,0,109000,99000,10000,10000
057307,瀚宇博兆豐99購01,0,0,0,0,0,0,0,0,0,10000,0,0,0,10000,0,10000,10000
057368,微星元大98購02  ,0,0,0,0,0,0,0,0,0,10000,0,0,0,10000,0,10000,10000
05733P,臺股指統一96售03,0,0,0,0,0,0,0,0,0,10000,0,0,0,10000,0,10000,10000
057280,大立光元大98購15,0,0,0,0,0,0,0,0,0,10000,0,0,0,10000,0,10000,10000
057732,牧德國泰9A購01  ,0,0,0,0,0,0,0,0,0,10000,0,0,0,65000,55000,10000,10000
057515,智原元富98購02  ,0,0,0,0,0,0,0,0,0,10000,0,0,0,10000,0,10000,10000
057600,大立光群益99購03,0,0,0,0,0,0,0,0,0,10000,0,0,0,10000,0,10000,10000
057589,超眾國票9A購01  ,0,0,0,0,0,0,0,0,0,10000,0,0,0,10000,0,10000,10000
05991P,聯茂群益96售05  ,0,0,0,0,0,0,0,0,0,10000,0,0,0,10000,0,10000,10000
05971P,世紀鋼永豐96售04,0,0,0,0,0,0,0,0,0,10000,0,0,0,10000,0,10000,10000
05977P,旺宏永豐96售06  ,0,0,0,0,0,0,0,0,0,10000,0,0,0,10000,0,10000,10000
05998P,台積電元大97售12,0,0,0,0,0,0,0,0,0,10000,0,0,0,222000,212000,10000,10000
05958P,聯發科國票97售04,0,0,0,0,0,0,0,0,0,10000,0,0,0,10000,0,10000,10000
05898P,旺宏凱基96售06  ,0,0,0,0,0,0,0,0,0,10000,0,0,0,10000,0,10000,10000
05902P,華通國票96售02  ,0,0,0,0,0,0,0,0,0,10000,0,0,0,10000,0,10000,10000
05811P,臺股指國票96售04,0,0,0,0,0,0,0,0,0,10000,0,0,0,10000,0,10000,10000
05806P,宏達電永豐96售03,0,0,0,0,0,0,0,0,0,10000,0,0,0,10000,0,10000,10000
05852P,嘉晶群益96售01  ,0,0,0,0,0,0,0,0,0,10000,0,0,0,10000,0,10000,10000
046938,致茂元大93購02  ,0,0,0,0,0,0,0,0,0,10000,0,0,0,10000,0,10000,10000
046921,日電貿永豐93購01,0,0,0,0,0,0,0,0,0,10000,0,0,0,10000,0,10000,10000
046929,大立光統一93購03,0,0,0,0,0,0,0,0,0,10000,0,0,0,10000,0,10000,10000
046903,友達凱基99購01  ,0,0,0,0,0,0,0,0,0,10000,0,0,0,10000,0,10000,10000
04690P,國巨群益94售06  ,0,0,0,0,0,0,0,0,0,10000,0,0,0,10000,0,10000,10000
046663,亞光元大93購02  ,0,0,0,0,0,0,0,0,0,10000,0,0,0,10000,0,10000,10000
046623,臻鼎凱基93購02  ,0,0,0,0,0,0,0,0,0,10000,0,0,0,10000,0,10000,10000
046755,瑞昱凱基93購05  ,0,0,0,0,0,0,0,0,0,10000,0,0,0,10000,0,10000,10000
046806,瀚宇博元大93購03,0,0,0,0,0,0,0,0,0,10000,0,0,0,10000,0,10000,10000
046813,聯電凱基96購01  ,0,0,0,0,0,0,0,0,0,10000,0,0,0,20000,10000,10000,10000
047234,晶技凱基93購01  ,0,0,0,0,0,0,0,0,0,10000,0,0,0,10000,0,10000,10000
047294,大立光元富93購04,0,0,0,0,0,0,0,0,0,10000,0,0,0,20000,10000,10000,10000
047222,鴻海凱基94購04  ,0,0,0,0,0,0,0,0,0,10000,0,0,0,26000,16000,10000,10000
047110,智邦元大93購05  ,0,0,0,0,0,0,0,0,0,10000,0,0,0,10000,0,10000,10000
047119,臻鼎元大93購01  ,0,0,0,0,0,0,0,0,0,10000,0,0,0,10000,0,10000,10000
047090,緯創元富93購01  ,0,0,0,0,0,0,0,0,0,10000,0,0,0,10000,0,10000,10000
047166,台達電康和93購01,0,0,0,0,0,0,0,0,0,10000,0,0,0,10000,0,10000,10000
047140,滬深2X兆豐94購01,0,0,0,0,0,0,0,0,0,10000,0,0,0,10000,0,10000,10000
047349,可成凱基93購06  ,0,0,0,0,0,0,0,0,0,10000,0,0,0,30000,20000,10000,10000
047704,智邦凱基93購06  ,0,0,0,0,0,0,0,0,0,10000,0,0,0,21000,11000,10000,10000
047721,GIS凱基93購04   ,0,0,0,0,0,0,0,0,0,10000,0,0,0,10000,0,10000,10000
047725,廣達群益93購01  ,0,0,0,0,0,0,0,0,0,10000,0,0,0,10000,0,10000,10000
048075,美利達元富93購02,0,0,0,0,0,0,0,0,0,10000,0,0,0,10000,0,10000,10000
048107,華通群益93購02  ,0,0,0,0,0,0,0,0,0,10000,0,0,0,11000,1000,10000,10000
048019,GIS麥證94購01   ,0,0,0,20000,10000,10000,0,0,0,10000,0,0,0,20000,10000,10000,10000
047973,華通兆豐94購01  ,0,0,0,0,0,0,0,0,0,10000,0,0,0,10000,0,10000,10000
048239,嘉澤國票93購01  ,0,0,0,0,0,0,0,0,0,10000,0,0,0,10000,0,10000,10000
048186,元黃金元大96購01,0,0,0,0,0,0,0,0,0,10000,0,0,0,15000,5000,10000,10000
048683,日月光富邦93購01,0,0,0,0,0,0,0,0,0,10000,0,0,0,10000,0,10000,10000
048693,GIS群益94購02   ,0,0,0,0,0,0,0,0,0,10000,0,0,0,10000,0,10000,10000
047830,智邦元大93購08  ,0,0,0,0,0,0,0,0,0,10000,0,0,0,10000,0,10000,10000
047808,智邦凱基93購07  ,0,0,0,0,0,0,0,0,0,10000,0,0,0,10000,0,10000,10000
048757,美利達元富96購01,0,0,0,0,0,0,0,0,0,10000,0,0,0,10000,0,10000,10000
048752,廣越元富95購01  ,0,0,0,0,0,0,0,0,0,10000,0,0,0,10000,0,10000,10000
048746,台達電元富94購01,0,0,0,0,0,0,0,0,0,10000,0,0,0,46000,36000,10000,10000
049137,華通元大95購02  ,0,0,0,0,0,0,0,0,0,10000,0,0,0,10000,0,10000,10000
049102,智伸科國泰96購01,0,0,0,0,0,0,0,0,0,10000,0,0,0,10000,0,10000,10000
049086,晶相光凱基94購01,0,0,0,0,0,0,0,0,0,10000,0,0,0,10000,0,10000,10000
049019,美律群益94購02  ,0,0,0,0,0,0,0,0,0,10000,0,0,0,11000,1000,10000,10000
04901P,臺股指麥證94售02,0,0,0,10000,0,10000,0,0,0,10000,0,0,0,10000,0,10000,10000
048940,晶相光永豐94購01,0,0,0,0,0,0,0,0,0,10000,0,0,0,10000,0,10000,10000
048848,滬深2X群益98購02,0,0,0,0,0,0,0,0,0,10000,0,0,0,321000,311000,10000,10000
048909,聯詠富邦94購01  ,0,0,0,0,0,0,0,0,0,10000,0,0,0,10000,0,10000,10000
048344,大立光元大93購30,0,0,0,0,0,0,0,0,0,10000,0,0,0,10000,0,10000,10000
048352,嘉澤台新93購01  ,0,0,0,0,0,0,0,0,0,10000,0,0,0,10000,0,10000,10000
048376,台達電元富93購01,0,0,0,0,0,0,0,0,0,10000,0,0,0,10000,0,10000,10000
048416,台達電統一93購02,0,0,0,0,0,0,0,0,0,10000,0,0,0,10000,0,10000,10000
048769,聯鈞凱基94購01  ,0,0,0,0,0,0,0,0,0,10000,0,0,0,87000,77000,10000,10000
052400,聯詠凱基97購01  ,0,0,0,0,0,0,0,0,0,10000,0,0,0,60000,50000,10000,10000
052364,全新國票95購02  ,0,0,0,0,0,0,0,0,0,10000,0,0,0,50000,40000,10000,10000
052256,台泥國泰96購01  ,0,0,0,0,0,0,0,0,0,10000,0,0,0,10000,0,10000,10000
052267,可成亞東95購02  ,0,0,0,0,0,0,0,0,0,10000,0,0,0,10000,0,10000,10000
052176,景碩元大96購01  ,0,0,0,0,0,0,0,0,0,10000,0,0,0,10000,0,10000,10000
052177,京鼎元大95購02  ,0,0,0,0,0,0,0,0,0,10000,0,0,0,174000,164000,10000,10000
052238,智易國票96購01  ,0,0,0,0,0,0,0,0,0,10000,0,0,0,10000,0,10000,10000
052226,旺宏凱基95購06  ,0,0,0,0,0,0,0,0,0,10000,0,0,0,11000,1000,10000,10000
052204,台泥中信96購01  ,0,0,0,0,0,0,0,0,0,10000,0,0,0,10000,0,10000,10000
052209,深中小元大95購02,0,0,0,0,0,0,0,0,0,10000,0,0,0,10000,0,10000,10000
052213,富邦金元大95購01,0,0,0,0,0,0,0,0,0,10000,0,0,0,10000,0,10000,10000
04624P,台積電元大94售14,0,0,0,0,0,0,0,0,0,10000,0,0,0,10000,0,10000,10000
043396,世紀鋼元大93購01,0,0,0,0,0,0,0,0,0,10000,0,0,0,10000,0,10000,10000
04296P,技嘉元大93售01  ,0,0,0,0,0,0,0,0,0,10000,0,0,0,100000,90000,10000,10000
045162,玉晶光國泰94購04,0,0,0,0,0,0,0,0,0,10000,0,0,0,10000,0,10000,10000
04596P,臺股指元大94售14,0,0,0,0,0,0,0,0,0,10000,0,0,0,10000,0,10000,10000
046492,旺宏富邦94購02  ,0,0,0,0,0,0,0,0,0,10000,0,0,0,20000,10000,10000,10000
04652P,臺股指凱基94售11,0,0,0,0,0,0,0,0,0,10000,0,0,0,20000,10000,10000,10000
046433,康友中信92購01  ,0,0,0,0,0,0,0,0,0,10000,0,0,0,20000,10000,10000,10000
046348,嘉澤兆豐93購01  ,0,0,0,0,0,0,0,0,0,10000,0,0,0,10000,0,10000,10000
043961,道瓊反國泰94購01,0,0,0,0,0,0,0,0,0,10000,0,0,0,10000,0,10000,10000
043735,元金2X元大94購01,0,0,0,0,0,0,0,0,0,10000,0,0,0,61000,51000,10000,10000
044285,鴻海凱基93購06  ,0,0,0,0,0,0,0,0,0,10000,0,0,0,10000,0,10000,10000
044217,華新科凱基93購03,0,0,0,0,0,0,0,0,0,10000,0,0,0,10000,0,10000,10000
044124,燿華凱基93購01  ,0,0,0,0,0,0,0,0,0,10000,0,0,0,10000,0,10000,10000
048607,上銀凱基93購11  ,0,0,0,0,0,0,0,0,0,10000,0,0,0,10000,0,10000,10000
048619,台表科凱基93購07,0,0,0,0,0,0,0,0,0,10000,0,0,0,10000,0,10000,10000
047565,美律國票93購02  ,0,0,0,0,0,0,0,0,0,10000,0,0,0,10000,0,10000,10000
047522,微星元大93購02  ,0,0,0,0,0,0,0,0,0,10000,0,0,0,14000,4000,10000,10000
04849P,GIS中信94售01   ,0,0,0,0,0,0,0,0,0,10000,0,0,0,10000,0,10000,10000
048501,GIS元大94購02   ,0,0,0,0,0,0,0,0,0,10000,0,0,0,10000,0,10000,10000
048524,GIS元富94購01   ,0,0,0,0,0,0,0,0,0,10000,0,0,0,10000,0,10000,10000
048511,美律凱基93購07  ,0,0,0,0,0,0,0,0,0,10000,0,0,0,10000,0,10000,10000
048514,嘉澤凱基93購06  ,0,0,0,0,0,0,0,0,0,10000,0,0,0,10000,0,10000,10000
044510,台光電凱基93購04,0,0,0,0,0,0,0,0,0,10000,0,0,0,10000,0,10000,10000
04463P,可成元富94售03  ,0,0,0,0,0,0,0,0,0,10000,0,0,0,10000,0,10000,10000
04472P,中環元大94售01  ,0,0,0,0,0,0,0,0,0,10000,0,0,0,10000,0,10000,10000
047417,台塑富邦97購01  ,0,0,0,0,0,0,0,0,0,10000,0,0,0,10000,0,10000,10000
048432,全新國票95購01  ,0,0,0,0,0,0,0,0,0,10000,0,0,0,10000,0,10000,10000
048441,台積電凱基93購29,0,0,0,0,0,0,0,0,0,10000,0,0,0,10000,0,10000,10000
047478,旺宏凱基93購04  ,0,0,0,0,0,0,0,0,0,10000,0,0,0,10000,0,10000,10000
03833P,台光電群益93售01,0,0,0,0,0,0,0,0,0,10000,0,0,0,10000,0,10000,10000
03973P,高鐵元大93售01  ,0,0,0,0,0,0,0,0,0,10000,0,0,0,10000,0,10000,10000
04542P,致伸永豐94售01  ,0,0,0,0,0,0,0,0,0,10000,0,0,0,30000,20000,10000,10000
045349,大立光凱基93購07,0,0,0,0,0,0,0,0,0,10000,0,0,0,10000,0,10000,10000
045854,貿聯富邦93購01  ,0,0,0,0,0,0,0,0,0,10000,0,0,0,10000,0,10000,10000
046591,康舒元大92購01  ,0,0,0,0,0,0,0,0,0,10000,0,0,0,10000,0,10000,10000
046597,可成亞東93購01  ,0,0,0,0,0,0,0,0,0,10000,0,0,0,30000,20000,10000,10000
044801,微星凱基93購01  ,0,0,0,0,0,0,0,0,0,10000,0,0,0,10000,0,10000,10000
044898,旺宏凱基93購01  ,0,0,0,0,0,0,0,0,0,10000,0,0,0,10000,0,10000,10000
044950,玉晶光群益94購01,0,0,0,0,0,0,0,0,0,10000,0,0,0,92000,82000,10000,10000
042897,大立光永昌93購04,0,0,0,0,0,0,0,0,0,10000,0,0,0,10000,0,10000,10000
045503,群創凱基93購09  ,0,0,0,0,0,0,0,0,0,10000,0,0,0,10000,0,10000,10000
03154P,華新科群益01售07,0,0,0,0,0,0,0,0,0,10000,0,0,0,10000,0,10000,10000
03162P,泰碩元大01售02  ,0,0,0,0,0,0,0,0,0,10000,0,0,0,20000,10000,10000,10000
03033P,微星國票03售01  ,0,0,0,0,0,0,0,0,0,10000,0,0,0,10000,0,10000,10000
042679,群創元大92購02  ,0,0,0,0,0,0,0,0,0,10000,0,0,0,10000,0,10000,10000
04267P,康控元富93售04  ,0,0,0,0,0,0,0,0,0,10000,0,0,0,20000,10000,10000,10000
04194P,欣興永豐93售05  ,0,0,0,0,0,0,0,0,0,10000,0,0,0,20000,10000,10000,10000
04254P,亞德客國票93售03,0,0,0,0,0,0,0,0,0,10000,0,0,0,10000,0,10000,10000
05107P,鴻海兆豐96售02  ,0,0,0,0,0,0,0,0,0,10000,0,0,0,10000,0,10000,10000
049449,宏碁統一94購01  ,0,0,0,0,0,0,0,0,0,10000,0,0,0,10000,0,10000,10000
050669,嘉晶永豐96購01  ,0,0,0,0,0,0,0,0,0,10000,0,0,0,10000,0,10000,10000
050628,美律中信94購02  ,0,0,0,0,0,0,0,0,0,10000,0,0,0,10000,0,10000,10000
050455,貿聯元大94購02  ,0,0,0,0,0,0,0,0,0,10000,0,0,0,22000,12000,10000,10000
05106P,鴻海永豐95售02  ,0,0,0,0,0,0,0,0,0,10000,0,0,0,11000,1000,10000,10000
051012,台積電凱基95購04,0,0,0,0,0,0,0,0,0,10000,0,0,0,110000,100000,10000,10000
051029,緯創元富95購01  ,0,0,0,0,0,0,0,0,0,10000,0,0,0,10000,0,10000,10000
051030,康友元富95購01  ,0,0,0,0,0,0,0,0,0,10000,0,0,0,10000,0,10000,10000
050209,華通國票95購01  ,0,0,0,0,0,0,0,0,0,10000,0,0,0,10000,0,10000,10000
050268,智原元大95購03  ,0,0,0,0,0,0,0,0,0,10000,0,0,0,10000,0,10000,10000
050269,欣興元大94購09  ,0,0,0,0,0,0,0,0,0,10000,0,0,0,21000,11000,10000,10000
049930,上海銀元大94購02,0,0,0,0,0,0,0,0,0,10000,0,0,0,11000,1000,10000,10000
049917,華新科元大94購02,0,0,0,0,0,0,0,0,0,10000,0,0,0,62000,52000,10000,10000
049833,正文凱基94購05  ,0,0,0,0,0,0,0,0,0,10000,0,0,0,10000,0,10000,10000
049806,臺企銀元大94購01,0,0,0,0,0,0,0,0,0,10000,0,0,0,10000,0,10000,10000
049770,康控元富95購01  ,0,0,0,0,0,0,0,0,0,10000,0,0,0,20000,10000,10000,10000
049713,鴻海凱基94購17  ,0,0,0,0,0,0,0,0,0,10000,0,0,0,11000,1000,10000,10000
049619,宏達電群益95購02,0,0,0,0,0,0,0,0,0,10000,0,0,0,30000,20000,10000,10000
05084P,嘉聯益永豐95售02,0,0,0,0,0,0,0,0,0,10000,0,0,0,10000,0,10000,10000
050846,緯創國票96購01  ,0,0,0,0,0,0,0,0,0,10000,0,0,0,10000,0,10000,10000
050907,臺股指元大95購14,0,0,0,0,0,0,0,0,0,10000,0,0,0,30000,20000,10000,10000
051674,臻鼎元大95購02  ,0,0,0,0,0,0,0,0,0,10000,0,0,0,10000,0,10000,10000
050164,揚明光國泰95購01,0,0,0,0,0,0,0,0,0,10000,0,0,0,10000,0,10000,10000
051640,GIS國票96購03   ,0,0,0,0,0,0,0,0,0,10000,0,0,0,20000,10000,10000,10000
051625,聯發科麥證95購01,0,0,0,10000,0,10000,0,0,0,10000,0,0,0,10000,0,10000,10000
051636,嘉晶國票95購02  ,0,0,0,0,0,0,0,0,0,10000,0,0,0,10000,0,10000,10000
051639,康友國票96購02  ,0,0,0,0,0,0,0,0,0,10000,0,0,0,35000,25000,10000,10000
051622,和碩凱基96購01  ,0,0,0,0,0,0,0,0,0,10000,0,0,0,10000,0,10000,10000
050057,國巨凱基94購05  ,0,0,0,0,0,0,0,0,0,10000,0,0,0,10000,0,10000,10000
049397,台達電群益94購03,0,0,0,0,0,0,0,0,0,10000,0,0,0,10000,0,10000,10000
049372,華新科元大95購04,0,0,0,0,0,0,0,0,0,10000,0,0,0,126000,116000,10000,10000
052422,聯電國票96購03  ,0,0,0,0,0,0,0,0,0,10000,0,0,0,10000,0,10000,10000
051865,聯發科凱基96購04,0,0,0,0,0,0,0,0,0,10000,0,0,0,10000,0,10000,10000
051906,國巨元大95購09  ,0,0,0,0,0,0,0,0,0,10000,0,0,0,10000,0,10000,10000
051898,富邦金國泰97購01,0,0,0,0,0,0,0,0,0,10000,0,0,0,20000,10000,10000,10000
049523,微星兆豐94購02  ,0,0,0,0,0,0,0,0,0,10000,0,0,0,10000,0,10000,10000
049515,同欣電凱基94購01,0,0,0,0,0,0,0,0,0,10000,0,0,0,10000,0,10000,10000
051967,康友永豐95購02  ,0,0,0,0,0,0,0,0,0,10000,0,0,0,10000,0,10000,10000
049213,滬深2X國票94購02,0,0,0,0,0,0,0,0,0,10000,0,0,0,20000,10000,10000,10000
05195P,南茂康和95售01  ,0,0,0,0,0,0,0,0,0,10000,0,0,0,10000,0,10000,10000
051939,同欣電群益97購01,0,0,0,0,0,0,0,0,0,10000,0,0,0,20000,10000,10000,10000
050353,華擎群益95購01  ,0,0,0,0,0,0,0,0,0,10000,0,0,0,24000,14000,10000,10000
051368,國泰金富邦97購01,0,0,0,0,0,0,0,0,0,10000,0,0,0,10000,0,10000,10000
051418,智易國票97購01  ,0,0,0,0,0,0,0,0,0,10000,0,0,0,10000,0,10000,10000
051419,麗豐國票96購01  ,0,0,0,0,0,0,0,0,0,10000,0,0,0,10000,0,10000,10000
05141P,華通台新96售01  ,0,0,0,0,0,0,0,0,0,10000,0,0,0,10000,0,10000,10000
051386,富邦金麥證96購01,0,0,0,10000,0,10000,0,0,0,10000,0,0,0,10000,0,10000,10000
051313,緯創麥證95購02  ,0,0,0,10000,0,10000,0,0,0,10000,0,0,0,10000,0,10000,10000
051310,台達電麥證95購01,0,0,0,18000,0,18000,0,0,0,10000,0,0,0,18000,8000,10000,10000
051529,東元國票96購01  ,0,0,0,0,0,0,0,0,0,10000,0,0,0,10000,0,10000,10000
051580,宏碁元大95購02  ,0,0,0,0,0,0,0,0,0,10000,0,0,0,147000,137000,10000,10000
051569,緯創富邦95購02  ,0,0,0,0,0,0,0,0,0,10000,0,0,0,10000,0,10000,10000
049246,大成鋼元大94購02,0,0,0,0,0,0,0,0,0,10000,0,0,0,10000,0,10000,10000
049266,和碩元大94購01  ,0,0,0,0,0,0,0,0,0,10000,0,0,0,10000,0,10000,10000
04929P,同欣電凱基95售01,0,0,0,0,0,0,0,0,0,10000,0,0,0,10000,0,10000,10000
050385,貿聯國票95購02  ,0,0,0,0,0,0,0,0,0,10000,0,0,0,10000,0,10000,10000
050421,鴻海凱基95購04  ,0,0,0,0,0,0,0,0,0,10000,0,0,0,10000,0,10000,10000
051245,南亞科元大95購01,0,0,0,0,0,0,0,0,0,10000,0,0,0,20000,10000,10000,10000
05125P,鴻海群益95售06  ,0,0,0,0,0,0,0,0,0,10000,0,0,0,20000,10000,10000,10000
05252P,華通凱基95售01  ,0,0,0,0,0,0,0,0,0,10000,0,0,0,10000,0,10000,10000
052550,鴻海國票97購02  ,0,0,0,0,0,0,0,0,0,10000,0,0,0,60000,50000,10000,10000
052534,貿聯國泰96購02  ,0,0,0,0,0,0,0,0,0,10000,0,0,0,50000,40000,10000,10000
052545,康控元富95購02  ,0,0,0,0,0,0,0,0,0,10000,0,0,0,10000,0,10000,10000
052836,旺宏國泰98購01  ,0,0,0,0,0,0,0,0,0,10000,0,0,0,67000,57000,10000,10000
052690,台表科元大97購01,0,0,0,0,0,0,0,0,0,10000,0,0,0,10000,0,10000,10000
052712,旺宏凱基96購02  ,0,0,0,0,0,0,0,0,0,10000,0,0,0,53000,43000,10000,10000
05272P,臻鼎中信97售03  ,0,0,0,0,0,0,0,0,0,10000,0,0,0,20000,10000,10000,10000
052673,T50反1國泰97購01,0,0,0,0,0,0,0,0,0,10000,0,0,0,10000,0,10000,10000
052675,新光金國泰98購01,0,0,0,0,0,0,0,0,0,10000,0,0,0,10000,0,10000,10000
05302P,華通國泰96售01  ,0,0,0,0,0,0,0,0,0,10000,0,0,0,10000,0,10000,10000
05303P,華通國泰97售01  ,0,0,0,0,0,0,0,0,0,10000,0,0,0,10000,0,10000,10000
053204,旺宏麥證96購01  ,0,0,0,10000,0,10000,0,0,0,10000,0,0,0,10000,0,10000,10000
052503,大成鋼日盛95購02,0,0,0,0,0,0,0,0,0,10000,0,0,0,10000,0,10000,10000
052963,智邦凱基96購02  ,0,0,0,0,0,0,0,0,0,10000,0,0,0,55000,45000,10000,10000
052958,T50反1凱基99購02,0,0,0,0,0,0,0,0,0,10000,0,0,0,10000,0,10000,10000
052890,FB上証群益9B購01,0,0,0,0,0,0,0,0,0,10000,0,0,0,10000,0,10000,10000
052949,智易國票97購02  ,0,0,0,0,0,0,0,0,0,10000,0,0,0,10000,0,10000,10000
053292,美律中信98購01  ,0,0,0,0,0,0,0,0,0,10000,0,0,0,10000,0,10000,10000
053246,聯詠國票97購02  ,0,0,0,0,0,0,0,0,0,10000,0,0,0,10000,0,10000,10000
05334P,臺股指國票95售03,0,0,0,0,0,0,0,0,0,10000,0,0,0,25000,15000,10000,10000
053365,彩晶國泰98購01  ,0,0,0,0,0,0,0,0,0,10000,0,0,0,10000,0,10000,10000
053391,嘉聯益元大99購01,0,0,0,0,0,0,0,0,0,10000,0,0,0,10000,0,10000,10000
053412,台達電國票97購02,0,0,0,0,0,0,0,0,0,10000,0,0,0,18000,8000,10000,10000
053440,台積電凱基96購12,0,0,0,0,0,0,0,0,0,10000,0,0,0,10000,0,10000,10000
053584,友達元大9B購02  ,0,0,0,0,0,0,0,0,0,10000,0,0,0,12000,2000,10000,10000
053586,建準元大96購01  ,0,0,0,0,0,0,0,0,0,10000,0,0,0,22000,12000,10000,10000
053560,漢唐國泰98購01  ,0,0,0,0,0,0,0,0,0,10000,0,0,0,10000,0,10000,10000
053534,微星永豐96購02  ,0,0,0,0,0,0,0,0,0,10000,0,0,0,10000,0,10000,10000
053800,華通凱基97購03  ,0,0,0,0,0,0,0,0,0,10000,0,0,0,10000,0,10000,10000
053890,華新科群益98購01,0,0,0,0,0,0,0,0,0,10000,0,0,0,10000,0,10000,10000
05386P,臺股指永豐95售05,0,0,0,0,0,0,0,0,0,10000,0,0,0,10000,0,10000,10000
053928,智易國票97購03  ,0,0,0,0,0,0,0,0,0,10000,0,0,0,48000,38000,10000,10000
05368P,可成元富95售03  ,0,0,0,0,0,0,0,0,0,10000,0,0,0,10000,0,10000,10000
053749,揚明光永豐97購01,0,0,0,0,0,0,0,0,0,10000,0,0,0,10000,0,10000,10000
05399P,GIS國票95售03   ,0,0,0,0,0,0,0,0,0,10000,0,0,0,20000,10000,10000,10000
054010,致伸元富96購01  ,0,0,0,0,0,0,0,0,0,10000,0,0,0,10000,0,10000,10000
054042,華泰元大96購01  ,0,0,0,0,0,0,0,0,0,10000,0,0,0,10000,0,10000,10000
054104,T50反1凱基9A購02,0,0,0,0,0,0,0,0,0,10000,0,0,0,10000,0,10000,10000
054290,奇力新元大96購05,0,0,0,0,0,0,0,0,0,10000,0,0,0,10000,0,10000,10000
054270,寶滬深中信98購01,0,0,0,0,0,0,0,0,0,10000,0,0,0,20000,10000,10000,10000
054305,光磊凱基98購01  ,0,0,0,0,0,0,0,0,0,10000,0,0,0,10000,0,10000,10000
054226,燿華元富96購02  ,0,0,0,0,0,0,0,0,0,10000,0,0,0,10000,0,10000,10000
054169,上緯控凱基98購01,0,0,0,0,0,0,0,0,0,10000,0,0,0,10000,0,10000,10000
054207,國巨國票98購01  ,0,0,0,0,0,0,0,0,0,10000,0,0,0,10000,0,10000,10000
054205,華新國票97購02  ,0,0,0,0,0,0,0,0,0,10000,0,0,0,10000,0,10000,10000
055550,華邦電凱基97購03,0,0,0,0,0,0,0,0,0,10000,0,0,0,10000,0,10000,10000
055485,國巨元大97購09  ,0,0,0,0,0,0,0,0,0,10000,0,0,0,10000,0,10000,10000
055408,力成國泰98購01  ,0,0,0,0,0,0,0,0,0,10000,0,0,0,10000,0,10000,10000
055405,華泰國泰98購01  ,0,0,0,0,0,0,0,0,0,10000,0,0,0,70000,60000,10000,10000
055359,超眾凱基97購01  ,0,0,0,0,0,0,0,0,0,10000,0,0,0,17000,7000,10000,10000
054989,精元元富97購01  ,0,0,0,0,0,0,0,0,0,10000,0,0,0,10000,0,10000,10000
05505P,聯發科凱基96售09,0,0,0,0,0,0,0,0,0,10000,0,0,0,11000,1000,10000,10000
055167,友訊統一97購01  ,0,0,0,0,0,0,0,0,0,10000,0,0,0,20000,10000,10000,10000
055231,大毅國票98購02  ,0,0,0,0,0,0,0,0,0,10000,0,0,0,10000,0,10000,10000
055266,京鼎永豐97購01  ,0,0,0,0,0,0,0,0,0,10000,0,0,0,10000,0,10000,10000
055273,華泰元大97購01  ,0,0,0,0,0,0,0,0,0,10000,0,0,0,10000,0,10000,10000
055297,啟碁元大97購01  ,0,0,0,0,0,0,0,0,0,10000,0,0,0,15000,5000,10000,10000
054484,仁寶台新96購01  ,0,0,0,0,0,0,0,0,0,10000,0,0,0,10000,0,10000,10000
054650,南亞麥證97購01  ,0,0,0,30000,20000,10000,0,0,0,10000,0,0,0,30000,20000,10000,10000
054360,智邦凱基96購03  ,0,0,0,0,0,0,0,0,0,10000,0,0,0,30000,20000,10000,10000
054824,同欣電元大97購04,0,0,0,0,0,0,0,0,0,10000,0,0,0,12000,2000,10000,10000
054789,高鐵群益98購01  ,0,0,0,0,0,0,0,0,0,10000,0,0,0,11000,1000,10000,10000
054801,康友群益97購02  ,0,0,0,0,0,0,0,0,0,10000,0,0,0,71000,61000,10000,10000
054663,同欣電元大97購03,0,0,0,0,0,0,0,0,0,10000,0,0,0,10000,0,10000,10000
08625P,台灣50凱基96售05,0,0,0,0,0,0,0,0,0,10000,0,0,0,10000,0,10000,10000
06627P,華新科元富99售01,0,0,0,0,0,0,0,0,0,10000,0,0,0,10000,0,10000,10000
06589P,台積電元大98售12,0,0,0,0,0,0,0,0,0,10000,0,0,0,110000,100000,10000,10000
06384P,訊芯元富97售03  ,0,0,0,0,0,0,0,0,0,10000,0,0,0,10000,0,10000,10000
06407P,創意元富97售02  ,0,0,0,0,0,0,0,0,0,10000,0,0,0,48000,38000,10000,10000
06366P,鴻海凱基97售10  ,0,0,0,0,0,0,0,0,0,10000,0,0,0,12000,2000,10000,10000
06267P,大立光凱基97售12,0,0,0,0,0,0,0,0,0,10000,0,0,0,32000,22000,10000,10000
06092P,嘉聯益統一97售01,0,0,0,0,0,0,0,0,0,10000,0,0,0,10000,0,10000,10000
06051P,嘉聯益國票97售04,0,0,0,0,0,0,0,0,0,10000,0,0,0,10000,0,10000,10000
06146P,S&P反1元大97售03,0,0,0,0,0,0,0,0,0,10000,0,0,0,10000,0,10000,10000
06182P,群創兆豐97售03  ,0,0,0,0,0,0,0,0,0,10000,0,0,0,10000,0,10000,10000
06166P,大立光國票98售01,0,0,0,0,0,0,0,0,0,10000,0,0,0,10000,0,10000,10000
06102P,智邦凱基97售03  ,0,0,0,0,0,0,0,0,0,10000,0,0,0,20000,10000,10000,10000
06135P,志超元富97售01  ,0,0,0,0,0,0,0,0,0,10000,0,0,0,10000,0,10000,10000
06138P,台積電中信99售01,0,0,0,0,0,0,0,0,0,10000,0,0,0,21000,11000,10000,10000
05845P,大立光元大96售06,0,0,0,0,0,0,0,0,0,9000,0,0,0,170000,161000,9000,9000
05795P,華邦電群益96售05,0,0,0,0,0,0,0,0,0,9000,0,0,0,10000,1000,9000,9000
05946P,和碩中信96售01  ,0,0,0,0,0,0,0,0,0,9000,0,0,0,97000,88000,9000,9000
057612,瑞昱元富02購01  ,0,0,0,0,0,0,0,0,0,9000,0,0,0,11000,2000,9000,9000
057523,大成鋼元大99購01,0,0,0,0,0,0,0,0,0,9000,0,0,0,78000,69000,9000,9000
057748,華通國票98購04  ,0,0,0,0,0,0,0,0,0,9000,0,0,0,9000,0,9000,9000
057370,可成元大98購07  ,0,0,0,0,0,0,0,0,0,9000,0,0,0,86000,77000,9000,9000
05731P,創意統一96售03  ,0,0,0,0,0,0,0,0,0,9000,0,0,0,9000,0,9000,9000
057039,元油2X元大9B購07,0,0,0,0,0,0,0,0,0,9000,0,0,0,10000,1000,9000,9000
055638,上銀元富97購01  ,0,0,0,0,0,0,0,0,0,9000,0,0,0,100000,91000,9000,9000
055599,TPK元大97購01   ,0,0,0,0,0,0,0,0,0,9000,0,0,0,109000,100000,9000,9000
056125,旺宏國票98購02  ,0,0,0,0,0,0,0,0,0,9000,0,0,0,10000,1000,9000,9000
056597,宏碁元富98購01  ,0,0,0,0,0,0,0,0,0,9000,0,0,0,50000,41000,9000,9000
05658P,日月光元富96售02,0,0,0,0,0,0,0,0,0,9000,0,0,0,57000,48000,9000,9000
05652P,臻鼎群益96售01  ,0,0,0,0,0,0,0,0,0,9000,0,0,0,40000,31000,9000,9000
056474,華新科元大99購05,0,0,0,0,0,0,0,0,0,9000,0,0,0,59000,50000,9000,9000
056331,聯鈞國票99購01  ,0,0,0,0,0,0,0,0,0,9000,0,0,0,383000,374000,9000,9000
056219,T50反1日盛02購01,0,0,0,0,0,0,0,0,0,9000,0,0,0,39000,30000,9000,9000
056223,華邦電凱基97購04,0,0,0,0,0,0,0,0,0,9000,0,0,0,21000,12000,9000,9000
04235P,鴻海群益93售08  ,0,0,0,0,0,0,0,0,0,9000,0,0,0,47000,38000,9000,9000
045401,大立光兆豐93購01,0,0,0,0,0,0,0,0,0,9000,0,0,0,10000,1000,9000,9000
048552,鴻海元大94購03  ,0,0,0,0,0,0,0,0,0,9000,0,0,0,41000,32000,9000,9000
048557,瑞昱元大94購01  ,0,0,0,0,0,0,0,0,0,9000,0,0,0,30000,21000,9000,9000
043696,瑞儀兆豐93購01  ,0,0,0,0,0,0,0,0,0,9000,0,0,0,9000,0,9000,9000
052086,鴻海元大96購08  ,0,0,0,0,0,0,0,0,0,9000,0,0,0,14000,5000,9000,9000
052119,漢唐國票96購01  ,0,0,0,0,0,0,0,0,0,9000,0,0,0,9000,0,9000,9000
048988,聯茂元大94購02  ,0,0,0,0,0,0,0,0,0,9000,0,0,0,80000,71000,9000,9000
047895,台積電群益94購04,0,0,0,0,0,0,0,0,0,9000,0,0,0,119000,110000,9000,9000
047009,大立光統一93購07,0,0,0,0,0,0,0,0,0,9000,0,0,0,10000,1000,9000,9000
05250P,臻鼎國票96售01  ,0,0,0,0,0,0,0,0,0,9000,0,0,0,9000,0,9000,9000
051266,國巨富邦99購01  ,0,0,0,0,0,0,0,0,0,9000,0,0,0,212000,203000,9000,9000
051384,康友群益95購01  ,0,0,0,0,0,0,0,0,0,9000,0,0,0,55000,46000,9000,9000
05113P,臺股指元富95售01,0,0,0,0,0,0,0,0,0,9000,0,0,0,10000,1000,9000,9000
051180,喬山永豐95購03  ,0,0,0,0,0,0,0,0,0,9000,0,0,0,9000,0,9000,9000
049636,上証反凱基9A購01,0,0,0,0,0,0,0,0,0,9000,0,0,0,10000,1000,9000,9000
051681,日月光兆豐95購01,0,0,0,0,0,0,0,0,0,9000,0,0,0,9000,0,9000,9000
04958P,和大凱基94售04  ,0,0,0,0,0,0,0,0,0,9000,0,0,0,90000,81000,9000,9000
050194,臻鼎元大94購03  ,0,0,0,0,0,0,0,0,0,9000,0,0,0,10000,1000,9000,9000
050547,華新科凱基95購01,0,0,0,0,0,0,0,0,0,9000,0,0,0,34000,25000,9000,9000
049488,智邦元大95購01  ,0,0,0,0,0,0,0,0,0,9000,0,0,0,12000,3000,9000,9000
051130,百和群益96購01  ,0,0,0,0,0,0,0,0,0,9000,0,0,0,11000,2000,9000,9000
051772,玉山金中信95購01,0,0,0,0,0,0,0,0,0,9000,0,0,0,10000,1000,9000,9000
054829,亞光國泰99購01  ,0,0,0,0,0,0,0,0,0,9000,0,0,0,10000,1000,9000,9000
054439,健策台新96購03  ,0,0,0,0,0,0,0,0,0,9000,0,0,0,21000,12000,9000,9000
055253,大立光統一97購06,0,0,0,0,0,0,0,0,0,9000,0,0,0,90000,81000,9000,9000
05499P,聯詠元富95售02  ,0,0,0,0,0,0,0,0,0,9000,0,0,0,21000,12000,9000,9000
055325,佐登國票98購01  ,0,0,0,0,0,0,0,0,0,9000,0,0,0,9000,0,9000,9000
055551,致茂凱基98購01  ,0,0,0,0,0,0,0,0,0,9000,0,0,0,21000,12000,9000,9000
054146,康友元大96購06  ,0,0,0,0,0,0,0,0,0,9000,0,0,0,46000,37000,9000,9000
054281,世芯群益97購01  ,0,0,0,0,0,0,0,0,0,9000,0,0,0,21000,12000,9000,9000
053543,臺股指永豐96購02,0,0,0,0,0,0,0,0,0,9000,0,0,0,60000,51000,9000,9000
053585,友達元大9C購03  ,0,0,0,0,0,0,0,0,0,9000,0,0,0,28000,19000,9000,9000
053582,英業達元大97購01,0,0,0,0,0,0,0,0,0,9000,0,0,0,253000,244000,9000,9000
053382,友達元大9C購02  ,0,0,0,0,0,0,0,0,0,9000,0,0,0,9000,0,9000,9000
06164P,臺股指凱基97售04,0,0,0,0,0,0,0,0,0,9000,0,0,0,195000,186000,9000,9000
06420P,大立光統一98售06,0,0,0,0,0,0,0,0,0,9000,0,0,0,10000,1000,9000,9000
06469P,臺股指凱基99售09,0,0,0,0,0,0,0,0,0,9000,0,0,0,9000,0,9000,9000
06577P,聯發科日盛9A售02,0,0,0,0,0,0,0,0,0,9000,0,0,0,9000,0,9000,9000
06748P,智邦台新98售02  ,0,0,0,0,0,0,0,0,0,9000,0,0,0,21000,12000,9000,9000
06726P,欣興元富98售04  ,0,0,0,0,0,0,0,0,0,9000,0,0,0,9000,0,9000,9000
6142,友勁            ,0,5000,-5000,0,0,0,0,0,0,14000,19000,5000,14000,0,0,0,9000
056704,健策國泰99購01  ,0,0,0,0,0,0,0,0,0,8000,0,0,0,33000,25000,8000,8000
056062,大立光元大97購12,0,0,0,0,0,0,0,0,0,8000,0,0,0,10000,2000,8000,8000
056149,亞光康和97購01  ,0,0,0,0,0,0,0,0,0,8000,0,0,0,13000,5000,8000,8000
05575P,玉晶光元富96售01,0,0,0,0,0,0,0,0,0,8000,0,0,0,16000,8000,8000,8000
056939,康控元富98購01  ,0,0,0,0,0,0,0,0,0,8000,0,0,0,28000,20000,8000,8000
056934,國巨元富98購04  ,0,0,0,0,0,0,0,0,0,8000,0,0,0,492000,484000,8000,8000
056907,群創元大9C購04  ,0,0,0,0,0,0,0,0,0,8000,0,0,0,170000,162000,8000,8000
057277,可成元大98購05  ,0,0,0,0,0,0,0,0,0,8000,0,0,0,38000,30000,8000,8000
057698,奇力新群益98購02,0,0,0,0,0,0,0,0,0,8000,0,0,0,136000,128000,8000,8000
057507,貿聯國票98購02  ,0,0,0,0,0,0,0,0,0,8000,0,0,0,45000,37000,8000,8000
046947,禾伸堂元大93購01,0,0,0,0,0,0,0,0,0,8000,0,0,0,21000,13000,8000,8000
046639,嘉晶永豐93購01  ,0,0,0,0,0,0,0,0,0,8000,0,0,0,38000,30000,8000,8000
048117,南電群益93購02  ,0,0,0,0,0,0,0,0,0,8000,0,0,0,128000,120000,8000,8000
049092,聯茂凱基94購07  ,0,0,0,0,0,0,0,0,0,8000,0,0,0,105000,97000,8000,8000
048832,玉晶光凱基95購02,0,0,0,0,0,0,0,0,0,8000,0,0,0,26000,18000,8000,8000
052369,矽力國票96購02  ,0,0,0,0,0,0,0,0,0,8000,0,0,0,8000,0,8000,8000
052353,高鐵群益97購01  ,0,0,0,0,0,0,0,0,0,8000,0,0,0,40000,32000,8000,8000
05215P,台積電台新95售03,0,0,0,0,0,0,0,0,0,8000,0,0,0,8000,0,8000,8000
046108,A50正2元大95購02,0,0,0,0,0,0,0,0,0,8000,0,0,0,28000,20000,8000,8000
048429,旺宏國票94購02  ,0,0,0,0,0,0,0,0,0,8000,0,0,0,30000,22000,8000,8000
04452P,超眾國泰95售01  ,0,0,0,0,0,0,0,0,0,8000,0,0,0,110000,102000,8000,8000
04548P,大立光元大94售14,0,0,0,0,0,0,0,0,0,8000,0,0,0,9000,1000,8000,8000
045695,英業達兆豐93購01,0,0,0,0,0,0,0,0,0,8000,0,0,0,13000,5000,8000,8000
00652,富邦印度        ,0,0,0,0,0,0,0,0,0,8000,0,0,0,40000,32000,8000,8000
00774B,新光中國政金綠債,0,0,0,0,0,0,0,0,0,8000,0,0,0,10000,2000,8000,8000
00703,台新MSCI中國    ,1000,1000,0,0,0,0,0,0,0,8000,0,0,0,144000,136000,8000,8000
051135,建準永豐95購01  ,0,0,0,0,0,0,0,0,0,8000,0,0,0,10000,2000,8000,8000
05111P,台積電統一95售04,0,0,0,0,0,0,0,0,0,8000,0,0,0,109000,101000,8000,8000
050624,鈺齊元大94購01  ,0,0,0,0,0,0,0,0,0,8000,0,0,0,85000,77000,8000,8000
050199,南電元大94購09  ,0,0,0,0,0,0,0,0,0,8000,0,0,0,425000,417000,8000,8000
050069,禾伸堂凱基94購04,0,0,0,0,0,0,0,0,0,8000,0,0,0,26000,18000,8000,8000
049318,樺漢凱基94購01  ,0,0,0,0,0,0,0,0,0,8000,0,0,0,8000,0,8000,8000
052319,可成元大95購12  ,0,0,0,0,0,0,0,0,0,8000,0,0,0,213000,205000,8000,8000
05228P,大立光元富95售09,0,0,0,0,0,0,0,0,0,8000,0,0,0,8000,0,8000,8000
050893,鴻海元大96購03  ,0,0,0,0,0,0,0,0,0,8000,0,0,0,214000,206000,8000,8000
050284,台泥凱基94購01  ,0,0,0,0,0,0,0,0,0,8000,0,0,0,8000,0,8000,8000
051378,奇力新群益95購01,0,0,0,0,0,0,0,0,0,8000,0,0,0,30000,22000,8000,8000
051430,瑞昱元富95購02  ,0,0,0,0,0,0,0,0,0,8000,0,0,0,12000,4000,8000,8000
053116,華新科中信96購01,0,0,0,0,0,0,0,0,0,8000,0,0,0,32000,24000,8000,8000
052616,鴻海國泰98購02  ,0,0,0,0,0,0,0,0,0,8000,0,0,0,8000,0,8000,8000
052768,泰鼎群益96購01  ,0,0,0,0,0,0,0,0,0,8000,0,0,0,43000,35000,8000,8000
052804,淘帝元大96購01  ,0,0,0,0,0,0,0,0,0,8000,0,0,0,20000,12000,8000,8000
053287,臺股指元大96購15,0,0,0,0,0,0,0,0,0,8000,0,0,0,8000,0,8000,8000
053472,漢唐元大96購02  ,0,0,0,0,0,0,0,0,0,8000,0,0,0,28000,20000,8000,8000
053183,大立光元富96購03,0,0,0,0,0,0,0,0,0,8000,0,0,0,61000,53000,8000,8000
053211,漢唐凱基96購03  ,0,0,0,0,0,0,0,0,0,8000,0,0,0,41000,33000,8000,8000
053704,國巨群益96購06  ,0,0,0,0,0,0,0,0,0,8000,0,0,0,26000,18000,8000,8000
055026,健和興國泰98購01,0,0,0,0,0,0,0,0,0,8000,0,0,0,18000,10000,8000,8000
055106,台積電凱基98購05,0,0,0,0,0,0,0,0,0,8000,0,0,0,123000,115000,8000,8000
054578,世芯元大99購01  ,0,0,0,0,0,0,0,0,0,8000,0,0,0,20000,12000,8000,8000
054714,和鑫台新98購01  ,0,0,0,0,0,0,0,0,0,8000,0,0,0,49000,41000,8000,8000
6216,居易            ,13000,5000,8000,0,0,0,0,0,0,0,0,0,0,0,0,0,8000
4976,佳凌            ,42000,34000,8000,0,0,0,0,0,0,0,3000,3000,0,0,0,0,8000
4960,誠美材          ,13000,5000,8000,0,0,0,0,0,0,0,0,0,0,0,0,0,8000
8249,菱光            ,36000,23000,13000,0,0,0,0,0,0,-5000,0,5000,-5000,0,0,0,8000
06692P,瑞昱凱基98售03  ,0,0,0,0,0,0,0,0,0,8000,0,0,0,89000,81000,8000,8000
06067P,華新科康和97售01,0,0,0,0,0,0,0,0,0,8000,0,0,0,8000,0,8000,8000
06294P,臺股指國票97售08,0,0,0,0,0,0,0,0,0,8000,0,0,0,10000,2000,8000,8000
06326P,鴻海中信01售01  ,0,0,0,0,0,0,0,0,0,8000,0,0,0,85000,77000,8000,8000
06331P,南亞科群益97售04,0,0,0,0,0,0,0,0,0,8000,0,0,0,8000,0,8000,8000
06339P,上銀統一97售06  ,0,0,0,0,0,0,0,0,0,8000,0,0,0,140000,132000,8000,8000
06192P,高股息中信98售01,0,0,0,0,0,0,0,0,0,8000,0,0,0,18000,10000,8000,8000
2312,金寶            ,1200000,788000,412000,0,0,0,0,0,0,-404000,0,317000,-317000,43000,130000,-87000,8000
2911,麗嬰房          ,9000,0,9000,0,0,0,0,0,0,-1000,0,1000,-1000,0,0,0,8000
057643,聯發科元大99購03,0,0,0,0,0,0,0,0,0,7000,0,0,0,239000,232000,7000,7000
057293,力成國泰99購01  ,0,0,0,0,0,0,0,0,0,7000,0,0,0,37000,30000,7000,7000
057189,康控元大98購02  ,0,0,0,0,0,0,0,0,0,7000,0,0,0,14000,7000,7000,7000
056910,超眾元大99購02  ,0,0,0,0,0,0,0,0,0,7000,0,0,0,20000,13000,7000,7000
055754,和大兆豐97購01  ,0,0,0,0,0,0,0,0,0,7000,0,0,0,112000,105000,7000,7000
055883,樺漢元富97購01  ,0,0,0,0,0,0,0,0,0,7000,0,0,0,7000,0,7000,7000
05558P,鴻海麥證96售01  ,0,0,0,18000,10000,8000,0,0,0,7000,0,0,0,18000,11000,7000,7000
055572,鴻海統一98購04  ,0,0,0,0,0,0,0,0,0,7000,0,0,0,7000,0,7000,7000
056153,華新科凱基97購02,0,0,0,0,0,0,0,0,0,7000,0,0,0,52000,45000,7000,7000
056121,勤誠群益97購01  ,0,0,0,0,0,0,0,0,0,7000,0,0,0,7000,0,7000,7000
05592P,可成群益96售03  ,0,0,0,0,0,0,0,0,0,7000,0,0,0,32000,25000,7000,7000
056644,宏達電凱基98購04,0,0,0,0,0,0,0,0,0,7000,0,0,0,34000,27000,7000,7000
056249,鴻海兆豐97購05  ,0,0,0,0,0,0,0,0,0,7000,0,0,0,7000,0,7000,7000
056420,台表科元富98購01,0,0,0,0,0,0,0,0,0,7000,0,0,0,17000,10000,7000,7000
04305P,A50反1凱基93售02,0,0,0,0,0,0,0,0,0,7000,0,0,0,7000,0,7000,7000
052042,台積電日盛95購02,0,0,0,0,0,0,0,0,0,7000,0,0,0,134000,127000,7000,7000
048967,凌陽元大95購01  ,0,0,0,0,0,0,0,0,0,7000,0,0,0,10000,3000,7000,7000
046962,群創中信95購03  ,0,0,0,0,0,0,0,0,0,7000,0,0,0,10000,3000,7000,7000
047098,大毅國泰94購01  ,0,0,0,0,0,0,0,0,0,7000,0,0,0,7000,0,7000,7000
053081,上銀元大97購02  ,0,0,0,0,0,0,0,0,0,7000,0,0,0,77000,70000,7000,7000
05133P,臺股指日盛95售01,0,0,0,0,0,0,0,0,0,7000,0,0,0,2803000,2796000,7000,7000
05189P,新光金凱基97售02,0,0,0,0,0,0,0,0,0,7000,0,0,0,33000,26000,7000,7000
051894,嘉聯益元富95購03,0,0,0,0,0,0,0,0,0,7000,0,0,0,10000,3000,7000,7000
049544,台積電群益94購08,0,0,0,0,0,0,0,0,0,7000,0,0,0,159000,152000,7000,7000
051973,華新科凱基96購04,0,0,0,0,0,0,0,0,0,7000,0,0,0,32000,25000,7000,7000
051653,南電永豐95購02  ,0,0,0,0,0,0,0,0,0,7000,0,0,0,352000,345000,7000,7000
050063,聯發科凱基94購09,0,0,0,0,0,0,0,0,0,7000,0,0,0,7000,0,7000,7000
050064,華新科凱基94購08,0,0,0,0,0,0,0,0,0,7000,0,0,0,12000,5000,7000,7000
049869,訊芯兆豐94購01  ,0,0,0,0,0,0,0,0,0,7000,0,0,0,7000,0,7000,7000
049423,臺股指凱基95購02,0,0,0,0,0,0,0,0,0,7000,0,0,0,98000,91000,7000,7000
05461P,台積電亞東97售01,0,0,0,0,0,0,0,0,0,7000,0,0,0,7000,0,7000,7000
055248,可成統一97購02  ,0,0,0,0,0,0,0,0,0,7000,0,0,0,21000,14000,7000,7000
055274,華泰元大97購02  ,0,0,0,0,0,0,0,0,0,7000,0,0,0,7000,0,7000,7000
053725,晶相光凱基96購01,0,0,0,0,0,0,0,0,0,7000,0,0,0,7000,0,7000,7000
05363P,臺股指富邦95售03,0,0,0,0,0,0,0,0,0,7000,0,0,0,106000,99000,7000,7000
053613,元油反群益9A購02,0,0,0,0,0,0,0,0,0,7000,0,0,0,7000,0,7000,7000
05387P,鴻海元大95售21  ,0,0,0,0,0,0,0,0,0,7000,0,0,0,7000,0,7000,7000
05421P,鴻海元大96售12  ,0,0,0,0,0,0,0,0,0,7000,0,0,0,278000,271000,7000,7000
054032,上銀中信96購01  ,0,0,0,0,0,0,0,0,0,7000,0,0,0,11000,4000,7000,7000
05315P,鴻海永昌96售08  ,0,0,0,0,0,0,0,0,0,7000,0,0,0,162000,155000,7000,7000
05350P,可成元富98售04  ,0,0,0,0,0,0,0,0,0,7000,0,0,0,10000,3000,7000,7000
2882B,國泰金乙特      ,0,0,0,0,0,0,0,0,0,7000,7000,0,7000,0,0,0,7000
1440,南紡            ,195000,185000,10000,0,0,0,0,0,0,-3000,0,3000,-3000,0,0,0,7000
1906,寶隆            ,26000,19000,7000,0,0,0,0,0,0,0,0,0,0,0,0,0,7000
06723P,台灣50麥證99售01,0,0,0,88000,81000,7000,0,0,0,7000,0,0,0,88000,81000,7000,7000
06651P,華新科元大99售09,0,0,0,0,0,0,0,0,0,7000,0,0,0,12000,5000,7000,7000
06470P,臺股指凱基99售10,0,0,0,0,0,0,0,0,0,7000,0,0,0,172000,165000,7000,7000
06398P,禾伸堂凱基97售02,0,0,0,0,0,0,0,0,0,7000,0,0,0,20000,13000,7000,7000
06388P,鴻海兆豐97售04  ,0,0,0,0,0,0,0,0,0,7000,0,0,0,7000,0,7000,7000
056406,建準國票99購01  ,0,0,0,0,0,0,0,0,0,6000,0,0,0,30000,24000,6000,6000
056371,樺漢元大98購03  ,0,0,0,0,0,0,0,0,0,6000,0,0,0,40000,34000,6000,6000
056450,可成凱基98購05  ,0,0,0,0,0,0,0,0,0,6000,0,0,0,23000,17000,6000,6000
056451,可成凱基99購01  ,0,0,0,0,0,0,0,0,0,6000,0,0,0,40000,34000,6000,6000
056582,易華電元大98購01,0,0,0,0,0,0,0,0,0,6000,0,0,0,36000,30000,6000,6000
056067,智原元大97購01  ,0,0,0,0,0,0,0,0,0,6000,0,0,0,6000,0,6000,6000
05687P,臺股指元大96售12,0,0,0,0,0,0,0,0,0,6000,0,0,0,6000,0,6000,6000
057223,富邦金日盛99購01,0,0,0,0,0,0,0,0,0,6000,0,0,0,57000,51000,6000,6000
057311,玉晶光日盛9A購01,0,0,0,0,0,0,0,0,0,6000,0,0,0,6000,0,6000,6000
057650,力成元大98購04  ,0,0,0,0,0,0,0,0,0,6000,0,0,0,6000,0,6000,6000
05750P,臺股指群益99售04,0,0,0,0,0,0,0,0,0,6000,0,0,0,6000,0,6000,6000
05961P,鴻海群益97售01  ,0,0,0,0,0,0,0,0,0,6000,0,0,0,6000,0,6000,6000
047703,台積電凱基93購19,0,0,0,0,0,0,0,0,0,6000,0,0,0,15000,9000,6000,6000
047339,臺股指元大93購34,0,0,0,0,0,0,0,0,0,6000,0,0,0,6000,0,6000,6000
046693,台積電凱基93購03,0,0,0,0,0,0,0,0,0,6000,0,0,0,49000,43000,6000,6000
04814P,健策元大96售01  ,0,0,0,0,0,0,0,0,0,6000,0,0,0,9000,3000,6000,6000
047916,台積電凱基93購22,0,0,0,0,0,0,0,0,0,6000,0,0,0,10000,4000,6000,6000
047960,鈺齊永豐93購01  ,0,0,0,0,0,0,0,0,0,6000,0,0,0,16000,10000,6000,6000
048726,儒鴻麥證95購01  ,0,0,0,16000,10000,6000,0,0,0,6000,0,0,0,16000,10000,6000,6000
048711,台郡台新94購01  ,0,0,0,0,0,0,0,0,0,6000,0,0,0,10000,4000,6000,6000
048684,上海銀富邦93購02,0,0,0,0,0,0,0,0,0,6000,0,0,0,6000,0,6000,6000
049176,漢唐凱基94購02  ,0,0,0,0,0,0,0,0,0,6000,0,0,0,6000,0,6000,6000
052374,瑞昱元大95購02  ,0,0,0,0,0,0,0,0,0,6000,0,0,0,10000,4000,6000,6000
04515P,元油2X群益97售02,0,0,0,0,0,0,0,0,0,6000,0,0,0,6000,0,6000,6000
047481,可成凱基93購08  ,0,0,0,0,0,0,0,0,0,6000,0,0,0,6000,0,6000,6000
047368,南電群益93購01  ,0,0,0,0,0,0,0,0,0,6000,0,0,0,6000,0,6000,6000
00866,新光Shiller CAPE,0,0,0,0,0,0,0,0,0,6000,0,0,0,33000,27000,6000,6000
01002T,土銀國泰R1      ,6000,0,6000,0,0,0,0,0,0,0,0,0,0,0,0,0,6000
00683L,元大美元指數正2 ,0,0,0,0,0,0,0,0,0,6000,0,0,0,129000,123000,6000,6000
0054,元大台商50      ,0,0,0,0,0,0,0,0,0,6000,0,0,0,8000,2000,6000,6000
04188P,康控元富93售03  ,0,0,0,0,0,0,0,0,0,6000,0,0,0,6000,0,6000,6000
04164P,滬深2X元富93售03,0,0,0,0,0,0,0,0,0,6000,0,0,0,22000,16000,6000,6000
046574,泰鼎國泰94購01  ,0,0,0,0,0,0,0,0,0,6000,0,0,0,57000,51000,6000,6000
03912P,臺股指元大93售36,0,0,0,0,0,0,0,0,0,6000,0,0,0,6000,0,6000,6000
05061P,鴻海富邦96售03  ,0,0,0,0,0,0,0,0,0,6000,0,0,0,6000,0,6000,6000
050594,康友永豐94購01  ,0,0,0,0,0,0,0,0,0,6000,0,0,0,6000,0,6000,6000
051087,國巨元大97購01  ,0,0,0,0,0,0,0,0,0,6000,0,0,0,6000,0,6000,6000
050726,可成國票96購01  ,0,0,0,0,0,0,0,0,0,6000,0,0,0,46000,40000,6000,6000
050748,道瓊銀統一94購04,0,0,0,0,0,0,0,0,0,6000,0,0,0,16000,10000,6000,6000
049742,日月光群益94購02,0,0,0,0,0,0,0,0,0,6000,0,0,0,6000,0,6000,6000
051742,欣興國票96購01  ,0,0,0,0,0,0,0,0,0,6000,0,0,0,16000,10000,6000,6000
052278,國巨凱基95購06  ,0,0,0,0,0,0,0,0,0,6000,0,0,0,21000,15000,6000,6000
05165P,欣興元富95售03  ,0,0,0,0,0,0,0,0,0,6000,0,0,0,6000,0,6000,6000
05085P,鴻海日盛95售01  ,0,0,0,0,0,0,0,0,0,6000,0,0,0,63000,57000,6000,6000
050832,力成凱基95購01  ,0,0,0,0,0,0,0,0,0,6000,0,0,0,6000,0,6000,6000
049518,宏達電國票95購02,0,0,0,0,0,0,0,0,0,6000,0,0,0,6000,0,6000,6000
051845,世紀鋼富邦96購01,0,0,0,0,0,0,0,0,0,6000,0,0,0,50000,44000,6000,6000
051243,微星元大95購01  ,0,0,0,0,0,0,0,0,0,6000,0,0,0,6000,0,6000,6000
052610,貿聯元大97購01  ,0,0,0,0,0,0,0,0,0,6000,0,0,0,6000,0,6000,6000
052992,冠德台新96購01  ,0,0,0,0,0,0,0,0,0,6000,0,0,0,11000,5000,6000,6000
052889,致伸麥證97購01  ,0,0,0,16000,10000,6000,0,0,0,6000,0,0,0,16000,10000,6000,6000
052955,國巨日盛96購01  ,0,0,0,0,0,0,0,0,0,6000,0,0,0,199000,193000,6000,6000
052661,奇力新國票97購03,0,0,0,0,0,0,0,0,0,6000,0,0,0,6000,0,6000,6000
053901,T50反1凱基99購03,0,153000,-153000,0,0,0,0,0,0,159000,0,0,0,233000,74000,159000,6000
055354,宏達電凱基98購01,0,0,0,0,0,0,0,0,0,6000,0,0,0,18000,12000,6000,6000
055440,矽力國票98購01  ,0,0,0,0,0,0,0,0,0,6000,0,0,0,31000,25000,6000,6000
054428,禾伸堂富邦98購01,0,0,0,0,0,0,0,0,0,6000,0,0,0,6000,0,6000,6000
054715,中橡康和97購01  ,0,0,0,0,0,0,0,0,0,6000,0,0,0,10000,4000,6000,6000
06462P,鴻海富邦98售01  ,0,0,0,0,0,0,0,0,0,6000,0,0,0,6000,0,6000,6000
06234P,亞德客元大97售02,0,0,0,0,0,0,0,0,0,6000,0,0,0,197000,191000,6000,6000
06340P,鴻海統一98售06  ,0,0,0,0,0,0,0,0,0,6000,0,0,0,6000,0,6000,6000
06089P,矽創永豐97售01  ,0,0,0,0,0,0,0,0,0,6000,0,0,0,56000,50000,6000,6000
06101P,聯發科日盛97售03,0,0,0,0,0,0,0,0,0,6000,0,0,0,6000,0,6000,6000
1410,南染            ,6000,0,6000,0,0,0,0,0,0,0,0,0,0,0,0,0,6000
2723,美食-KY         ,362000,362000,0,0,0,0,0,0,0,6000,0,1000,-1000,14000,7000,7000,6000
2838A,聯邦銀甲特      ,0,0,0,0,0,0,0,0,0,6000,6000,0,6000,0,0,0,6000
2486,一詮            ,11000,3000,8000,0,0,0,0,0,0,-2000,0,2000,-2000,0,0,0,6000
6243,迅杰            ,6000,0,6000,0,0,0,0,0,0,0,0,0,0,0,0,0,6000
05973P,聯詠元大96售06  ,0,0,0,0,0,0,0,0,0,5000,0,0,0,5000,0,5000,5000
05836P,臺股指元富96售08,0,0,0,0,0,0,0,0,0,5000,0,0,0,5000,0,5000,5000
05818P,大立光凱基96售14,0,0,0,0,0,0,0,0,0,5000,0,0,0,10000,5000,5000,5000
056899,可成元大98購01  ,0,0,0,0,0,0,0,0,0,5000,0,0,0,75000,70000,5000,5000
057044,旺宏元大98購08  ,0,0,0,0,0,0,0,0,0,5000,0,0,0,10000,5000,5000,5000
057034,道瓊反元大9B購01,0,0,0,0,0,0,0,0,0,5000,0,0,0,5000,0,5000,5000
05612P,台積電元大96售13,0,0,0,0,0,0,0,0,0,5000,0,0,0,5000,0,5000,5000
055818,晶相光國票97購02,0,0,0,0,0,0,0,0,0,5000,0,0,0,15000,10000,5000,5000
056586,光罩統一98購02  ,0,0,0,0,0,0,0,0,0,5000,0,0,0,43000,38000,5000,5000
056744,麗豐凱基9A購01  ,0,0,0,0,0,0,0,0,0,5000,0,0,0,10000,5000,5000,5000
056804,T50反1統一9A購03,0,0,0,0,0,0,0,0,0,5000,0,0,0,5000,0,5000,5000
056824,元石油富邦9B購01,0,0,0,0,0,0,0,0,0,5000,0,0,0,5000,0,5000,5000
056781,元油2X群益9B購02,0,0,0,0,0,0,0,0,0,5000,0,0,0,5000,0,5000,5000
056470,旺宏元大99購01  ,0,0,0,0,0,0,0,0,0,5000,0,0,0,5000,0,5000,5000
056394,晶豪科永豐98購01,0,0,0,0,0,0,0,0,0,5000,0,0,0,5000,0,5000,5000
05623P,台積電中信96售03,0,0,0,0,0,0,0,0,0,5000,0,0,0,5000,0,5000,5000
05629P,聯發科永昌99售02,0,0,0,0,0,0,0,0,0,5000,0,0,0,73000,68000,5000,5000
03799P,京元電元大94售01,0,0,0,0,0,0,0,0,0,5000,0,0,0,5000,0,5000,5000
03501P,奇鋐國票03售02  ,0,0,0,0,0,0,0,0,0,5000,0,0,0,5000,0,5000,5000
045549,國巨國票93購01  ,0,0,0,0,0,0,0,0,0,5000,0,0,0,5000,0,5000,5000
042787,新日興兆豐93購01,0,0,0,0,0,0,0,0,0,5000,0,0,0,5000,0,5000,5000
03643C,臺股指元富99牛04,0,0,0,0,0,0,0,0,0,5000,0,0,0,151000,146000,5000,5000
00711B,FH彭博新興債    ,0,0,0,0,0,0,0,0,0,5000,0,0,0,106000,101000,5000,5000
047454,滬深2X群益96購03,0,0,0,0,0,0,0,0,0,5000,0,0,0,5000,0,5000,5000
044509,台光電凱基93購03,0,0,0,0,0,0,0,0,0,5000,0,0,0,5000,0,5000,5000
044296,嘉聯益凱基93購01,0,0,0,0,0,0,0,0,0,5000,0,0,0,5000,0,5000,5000
048631,遠東新元大93購01,0,0,0,0,0,0,0,0,0,5000,0,0,0,79000,74000,5000,5000
048547,訊芯永豐93購03  ,0,0,0,0,0,0,0,0,0,5000,0,0,0,5000,0,5000,5000
047614,台郡群益93購02  ,0,0,0,0,0,0,0,0,0,5000,0,0,0,5000,0,5000,5000
048494,瑞昱元大93購13  ,0,0,0,0,0,0,0,0,0,5000,0,0,0,5000,0,5000,5000
047518,儒鴻元大93購07  ,0,0,0,0,0,0,0,0,0,5000,0,0,0,5000,0,5000,5000
045087,玉晶光元大95購01,0,0,0,0,0,0,0,0,0,5000,0,0,0,7000,2000,5000,5000
043784,鴻海凱基94購01  ,0,0,0,0,0,0,0,0,0,5000,0,0,0,26000,21000,5000,5000
046404,友達元大93購02  ,0,0,0,0,0,0,0,0,0,5000,0,0,0,5000,0,5000,5000
046469,瀚宇博台新92購01,0,0,0,0,0,0,0,0,0,5000,0,0,0,5000,0,5000,5000
052373,鴻海元大95購22  ,0,0,0,0,0,0,0,0,0,5000,0,0,0,5000,0,5000,5000
05213P,台積電國票96售05,0,0,0,0,0,0,0,0,0,5000,0,0,0,7000,2000,5000,5000
052193,國巨元富95購06  ,0,0,0,0,0,0,0,0,0,5000,0,0,0,5000,0,5000,5000
049016,國巨群益94購02  ,0,0,0,0,0,0,0,0,0,5000,0,0,0,5000,0,5000,5000
04776P,聯發科凱基94售06,0,0,0,0,0,0,0,0,0,5000,0,0,0,5000,0,5000,5000
048710,奇力新台新94購01,0,0,0,0,0,0,0,0,0,5000,0,0,0,5000,0,5000,5000
048731,創意麥證94購01  ,0,0,0,5000,0,5000,0,0,0,5000,0,0,0,5000,0,5000,5000
048118,百和群益94購03  ,0,0,0,0,0,0,0,0,0,5000,0,0,0,11000,6000,5000,5000
046956,矽力國票93購01  ,0,0,0,0,0,0,0,0,0,5000,0,0,0,5000,0,5000,5000
047164,亞光台新93購01  ,0,0,0,0,0,0,0,0,0,5000,0,0,0,5000,0,5000,5000
047249,欣興群益93購03  ,0,0,0,0,0,0,0,0,0,5000,0,0,0,5000,0,5000,5000
05274P,嘉聯益亞東95售01,0,0,0,0,0,0,0,0,0,5000,0,0,0,5000,0,5000,5000
052786,S&P500中信96購01,0,0,0,0,0,0,0,0,0,5000,0,0,0,10000,5000,5000,5000
053118,大立光中信9C購01,0,0,0,0,0,0,0,0,0,5000,0,0,0,105000,100000,5000,5000
051222,世紀鋼元富95購01,0,0,0,0,0,0,0,0,0,5000,0,0,0,20000,15000,5000,5000
049260,華新科元大96購01,0,0,0,0,0,0,0,0,0,5000,0,0,0,125000,120000,5000,5000
049257,南亞科元大94購03,0,0,0,0,0,0,0,0,0,5000,0,0,0,10000,5000,5000,5000
051451,世芯元大95購03  ,0,0,0,0,0,0,0,0,0,5000,0,0,0,10000,5000,5000,5000
05147P,鴻海元大95售11  ,0,0,0,0,0,0,0,0,0,5000,0,0,0,434000,429000,5000,5000
051381,玉晶光群益98購01,0,0,0,0,0,0,0,0,0,5000,0,0,0,34000,29000,5000,5000
051286,國巨統一97購01  ,0,0,0,0,0,0,0,0,0,5000,0,0,0,5000,0,5000,5000
050340,鴻海統一94購07  ,0,0,0,0,0,0,0,0,0,5000,0,0,0,31000,26000,5000,5000
051974,華新科凱基96購05,0,0,0,0,0,0,0,0,0,5000,0,0,0,74000,69000,5000,5000
050368,國巨元大94購14  ,0,0,0,0,0,0,0,0,0,5000,0,0,0,20000,15000,5000,5000
051663,鴻海元大95購18  ,0,0,0,0,0,0,0,0,0,5000,0,0,0,5000,0,5000,5000
050165,泰鼎國泰95購02  ,0,0,0,0,0,0,0,0,0,5000,0,0,0,5000,0,5000,5000
050150,國巨群益95購01  ,0,0,0,0,0,0,0,0,0,5000,0,0,0,5000,0,5000,5000
050143,臻鼎元富94購05  ,0,0,0,0,0,0,0,0,0,5000,0,0,0,5000,0,5000,5000
050130,華新科凱基94購09,0,0,0,0,0,0,0,0,0,5000,0,0,0,45000,40000,5000,5000
049313,晶技凱基94購01  ,0,0,0,0,0,0,0,0,0,5000,0,0,0,40000,35000,5000,5000
050921,旺宏凱基95購02  ,0,0,0,0,0,0,0,0,0,5000,0,0,0,15000,10000,5000,5000
049871,T50反1台新9A購02,0,0,0,0,0,0,0,0,0,5000,0,0,0,5000,0,5000,5000
049632,臺股指群益94購05,0,0,0,0,0,0,0,0,0,5000,0,0,0,6000,1000,5000,5000
050283,T50反1凱基9A購01,0,0,0,0,0,0,0,0,0,5000,0,0,0,5000,0,5000,5000
051001,緯穎元大96購02  ,0,0,0,0,0,0,0,0,0,5000,0,0,0,30000,25000,5000,5000
054725,國巨日盛97購01  ,0,0,0,0,0,0,0,0,0,5000,0,0,0,480000,475000,5000,5000
05487P,台表科凱基95售02,0,0,0,0,0,0,0,0,0,5000,0,0,0,5000,0,5000,5000
054448,矽力兆豐96購01  ,0,0,0,0,0,0,0,0,0,5000,0,0,0,5000,0,5000,5000
055344,國巨凱基97購04  ,0,0,0,0,0,0,0,0,0,5000,0,0,0,8000,3000,5000,5000
055522,道瓊反群益01購01,0,0,0,0,0,0,0,0,0,5000,0,0,0,7000,2000,5000,5000
055087,瑞昱亞東97購01  ,0,0,0,0,0,0,0,0,0,5000,0,0,0,5000,0,5000,5000
053900,T50反1日盛99購01,0,0,0,0,0,0,0,0,0,5000,0,0,0,5000,0,5000,5000
053881,南亞科中信97購01,0,0,0,0,0,0,0,0,0,5000,0,0,0,5000,0,5000,5000
05382P,電子類群益95售02,0,0,0,0,0,0,0,0,0,5000,0,0,0,5000,0,5000,5000
053629,玉山金兆豐96購01,0,0,0,0,0,0,0,0,0,5000,0,0,0,5000,0,5000,5000
053688,燿華元大96購05  ,0,0,0,0,0,0,0,0,0,5000,0,0,0,25000,20000,5000,5000
054015,晶豪科永豐96購03,0,0,0,0,0,0,0,0,0,5000,0,0,0,15000,10000,5000,5000
054051,貿聯元大97購03  ,0,0,0,0,0,0,0,0,0,5000,0,0,0,27000,22000,5000,5000
054135,大立光元大97購04,0,0,0,0,0,0,0,0,0,5000,0,0,0,105000,100000,5000,5000
054161,友訊凱基98購01  ,0,0,0,0,0,0,0,0,0,5000,0,0,0,25000,20000,5000,5000
053068,智伸科群益96購01,0,0,0,0,0,0,0,0,0,5000,0,0,0,10000,5000,5000,5000
053056,同欣電國票97購01,0,0,0,0,0,0,0,0,0,5000,0,0,0,15000,10000,5000,5000
052471,華固亞東95購01  ,0,350000,-350000,0,0,0,0,0,0,355000,0,0,0,355000,0,355000,5000
052980,上銀元大96購03  ,0,0,0,0,0,0,0,0,0,5000,0,0,0,35000,30000,5000,5000
053493,智邦兆豐97購02  ,0,0,0,0,0,0,0,0,0,5000,0,0,0,5000,0,5000,5000
05345P,臺股指統一95售05,0,0,0,0,0,0,0,0,0,5000,0,0,0,5000,0,5000,5000
053431,志超永豐96購01  ,0,0,0,0,0,0,0,0,0,5000,0,0,0,5000,0,5000,5000
053580,國巨元大96購10  ,0,0,0,0,0,0,0,0,0,5000,0,0,0,14000,9000,5000,5000
053595,創意元大96購02  ,0,0,0,0,0,0,0,0,0,5000,0,0,0,5000,0,5000,5000
4438,廣越            ,25000,20000,5000,0,0,0,0,0,0,0,0,0,0,0,0,0,5000
1540,喬福            ,10000,5000,5000,0,0,0,0,0,0,0,0,0,0,0,0,0,5000
1615,大山            ,10000,5000,5000,0,0,0,0,0,0,0,0,0,0,0,0,0,5000
1101B,台泥乙特        ,0,0,0,0,0,0,0,0,0,5000,5000,0,5000,0,0,0,5000
06773P,台灣50兆豐9A售01,0,0,0,0,0,0,0,0,0,5000,0,0,0,15000,10000,5000,5000
06317P,臺股指元富97售04,0,0,0,0,0,0,0,0,0,5000,0,0,0,5000,0,5000,5000
06306P,臺股指元大97售12,0,0,0,0,0,0,0,0,0,5000,0,0,0,5000,0,5000,5000
06286P,世芯國票97售02  ,0,0,0,0,0,0,0,0,0,5000,0,0,0,51000,46000,5000,5000
06188P,大立光元富97售01,0,0,0,0,0,0,0,0,0,5000,0,0,0,12000,7000,5000,5000
06491P,台積電富邦99售02,0,0,0,0,0,0,0,0,0,5000,0,0,0,5000,0,5000,5000
06381P,臺股指統一98售03,0,0,0,0,0,0,0,0,0,5000,0,0,0,5000,0,5000,5000
06377P,華通統一97售04  ,0,0,0,0,0,0,0,0,0,5000,0,0,0,11000,6000,5000,5000
06437P,玉晶光國票99售01,0,0,0,0,0,0,0,0,0,5000,0,0,0,5000,0,5000,5000
06578P,華新科國票98售02,0,0,0,0,0,0,0,0,0,5000,0,0,0,5000,0,5000,5000
06660P,大立光富邦9B售03,0,0,0,0,0,0,0,0,0,5000,0,0,0,8000,3000,5000,5000
056229,可成凱基97購04  ,0,0,0,0,0,0,0,0,0,4000,0,0,0,27000,23000,4000,4000
056519,創意國票99購01  ,0,0,0,0,0,0,0,0,0,4000,0,0,0,33000,29000,4000,4000
056596,光磊元富98購01  ,0,0,0,0,0,0,0,0,0,4000,0,0,0,74000,70000,4000,4000
05582P,群創凱基98售06  ,0,0,0,0,0,0,0,0,0,4000,0,0,0,4000,0,4000,4000
055886,上銀統一97購02  ,0,0,0,0,0,0,0,0,0,4000,0,0,0,5000,1000,4000,4000
055592,奇力新元大97購07,0,0,0,0,0,0,0,0,0,4000,0,0,0,11000,7000,4000,4000
055606,矽創元大97購01  ,0,0,0,0,0,0,0,0,0,4000,0,0,0,99000,95000,4000,4000
055933,欣興群益98購02  ,0,0,0,0,0,0,0,0,0,4000,0,0,0,65000,61000,4000,4000
057038,元油2X元大9B購06,0,0,0,0,0,0,0,0,0,4000,0,0,0,24000,20000,4000,4000
056989,鴻海兆豐98購02  ,0,0,0,0,0,0,0,0,0,4000,0,0,0,12000,8000,4000,4000
057415,和碩日盛98購01  ,0,0,0,0,0,0,0,0,0,4000,0,0,0,29000,25000,4000,4000
057220,鈺齊群益98購01  ,0,0,0,0,0,0,0,0,0,4000,0,0,0,93000,89000,4000,4000
057216,聯發科群益99購01,0,0,0,0,0,0,0,0,0,4000,0,0,0,114000,110000,4000,4000
05786P,臺股指永昌96售03,0,0,0,0,0,0,0,0,0,4000,290000,96000,194000,350000,540000,-190000,4000
057461,國巨永豐98購07  ,0,0,0,0,0,0,0,0,0,4000,0,0,0,42000,38000,4000,4000
05754P,臺股指中信99售03,0,0,0,0,0,0,0,0,0,4000,0,0,0,4000,0,4000,4000
057657,國巨兆豐98購04  ,0,0,0,0,0,0,0,0,0,4000,0,0,0,4000,0,4000,4000
057638,上銀元大99購01  ,0,0,0,0,0,0,0,0,0,4000,0,0,0,4000,0,4000,4000
057778,大立光群益98購02,0,0,0,0,0,0,0,0,0,4000,0,0,0,4000,0,4000,4000
047040,台勝科群益93購01,0,0,0,0,0,0,0,0,0,4000,0,0,0,13000,9000,4000,4000
049127,上海銀元富94購01,0,0,0,0,0,0,0,0,0,4000,0,0,0,4000,0,4000,4000
043513,台灣50元大96購05,0,0,0,0,0,0,0,0,0,4000,0,0,0,20000,16000,4000,4000
04595P,臺股指元大94售13,0,0,0,0,0,0,0,0,0,4000,0,0,0,14000,10000,4000,4000
01003T,兆豐新光R1      ,7000,3000,4000,0,0,0,0,0,0,0,0,0,0,0,0,0,4000
040381,元金2X元富95購01,0,0,0,0,0,0,0,0,0,4000,0,0,0,4000,0,4000,4000
04148P,GIS凱基93售05   ,0,0,0,0,0,0,0,0,0,4000,0,0,0,170000,166000,4000,4000
045535,A50正2群益94購01,0,0,0,0,0,0,0,0,0,4000,0,0,0,60000,56000,4000,4000
03387P,台積電凱基03售11,0,0,0,0,0,0,0,0,0,4000,0,0,0,4000,0,4000,4000
03892P,元油2X中信95售01,0,0,0,0,0,0,0,0,0,4000,0,0,0,24000,20000,4000,4000
03992P,臺股指統一93售06,0,0,0,0,0,0,0,0,0,4000,0,0,0,4000,0,4000,4000
050464,華通國泰95購01  ,0,0,0,0,0,0,0,0,0,4000,0,0,0,4000,0,4000,4000
050524,宏達電元大95購04,0,0,0,0,0,0,0,0,0,4000,0,0,0,4000,0,4000,4000
05001P,華通統一95售01  ,0,0,0,0,0,0,0,0,0,4000,0,0,0,4000,0,4000,4000
049694,華新科元大95購06,0,0,0,0,0,0,0,0,0,4000,0,0,0,4000,0,4000,4000
050949,亞光群益96購01  ,0,0,0,0,0,0,0,0,0,4000,0,0,0,47000,43000,4000,4000
050891,喬山元大95購01  ,0,0,0,0,0,0,0,0,0,4000,0,0,0,5000,1000,4000,4000
051192,緯創兆豐96購01  ,0,0,0,0,0,0,0,0,0,4000,0,0,0,4000,0,4000,4000
051892,台光電元富95購03,0,0,0,0,0,0,0,0,0,4000,0,0,0,7000,3000,4000,4000
051886,道瓊反統一95購03,0,0,0,0,0,0,0,0,0,4000,0,0,0,8000,4000,4000,4000
051999,勤誠元大95購01  ,0,0,0,0,0,0,0,0,0,4000,0,0,0,4000,0,4000,4000
050429,漢唐凱基94購04  ,0,0,0,0,0,0,0,0,0,4000,0,0,0,29000,25000,4000,4000
052676,聯發科永昌98購01,0,0,0,0,0,0,0,0,0,4000,0,0,0,443000,439000,4000,4000
053589,宏達電元大97購02,0,0,0,0,0,0,0,0,0,4000,0,0,0,4000,0,4000,4000
05329P,臺股指凱基95售13,0,0,0,0,0,0,0,0,0,4000,0,0,0,4000,0,4000,4000
053065,大立光群益96購01,0,0,0,0,0,0,0,0,0,4000,0,0,0,20000,16000,4000,4000
054080,微星中信98購01  ,0,0,0,0,0,0,0,0,0,4000,0,0,0,14000,10000,4000,4000
054043,漢唐元大97購01  ,0,0,0,0,0,0,0,0,0,4000,0,0,0,25000,21000,4000,4000
053679,緯創富邦96購01  ,0,0,0,0,0,0,0,0,0,4000,0,0,0,4000,0,4000,4000
053896,麗豐群益97購01  ,0,0,0,0,0,0,0,0,0,4000,0,0,0,14000,10000,4000,4000
055112,晶豪科凱基98購01,0,0,0,0,0,0,0,0,0,4000,0,0,0,12000,8000,4000,4000
055355,大立光凱基97購05,0,0,0,0,0,0,0,0,0,4000,0,0,0,48000,44000,4000,4000
06663P,鴻海兆豐98售03  ,0,0,0,0,0,0,0,0,0,4000,0,0,0,4000,0,4000,4000
06582P,可成凱基98售06  ,0,0,0,0,0,0,0,0,0,4000,0,0,0,8000,4000,4000,4000
06144P,台光電永豐97售01,0,0,0,0,0,0,0,0,0,4000,0,0,0,74000,70000,4000,4000
06161P,聯發科群益97售03,0,0,0,0,0,0,0,0,0,4000,0,0,0,19000,15000,4000,4000
06093P,華通元富97售03  ,0,0,0,0,0,0,0,0,0,4000,0,0,0,4000,0,4000,4000
06778P,台積電元大99售06,0,0,0,0,0,0,0,0,0,4000,0,0,0,329000,325000,4000,4000
1733,五鼎            ,31000,27000,4000,0,0,0,0,0,0,0,2000,2000,0,0,0,0,4000
1529,樂士            ,0,6000,-6000,0,0,0,0,0,0,10000,10000,0,10000,0,0,0,4000
2460,建通            ,0,3000,-3000,0,0,0,0,0,0,7000,12000,5000,7000,0,0,0,4000
2516,新建            ,4000,0,4000,0,0,0,0,0,0,0,0,0,0,0,0,0,4000
2428,興勤            ,78000,68000,10000,0,0,0,0,0,0,-6000,0,0,0,0,6000,-6000,4000
3167,大量            ,14000,11000,3000,0,0,0,1000,0,1000,0,0,0,0,0,0,0,4000
057741,超眾富邦98購01  ,0,0,0,0,0,0,0,0,0,3000,0,0,0,4000,1000,3000,3000
057597,華通群益9A購02  ,0,0,0,0,0,0,0,0,0,3000,0,0,0,25000,22000,3000,3000
057584,國巨亞東99購01  ,0,0,0,0,0,0,0,0,0,3000,0,0,0,79000,76000,3000,3000
05879P,台積電台新96售03,0,0,0,0,0,0,0,0,0,3000,0,0,0,3000,0,3000,3000
05899P,臺股指凱基96售30,0,0,0,0,0,0,0,0,0,3000,0,0,0,3000,0,3000,3000
05890P,彩晶元大99售01  ,0,0,0,0,0,0,0,0,0,3000,0,0,0,3000,0,3000,3000
057158,義隆永豐99購01  ,0,0,0,0,0,0,0,0,0,3000,0,0,0,5000,2000,3000,3000
057385,光罩永豐99購01  ,0,0,0,0,0,0,0,0,0,3000,0,0,0,19000,16000,3000,3000
056834,華新元富99購01  ,0,0,0,0,0,0,0,0,0,3000,0,0,0,23000,20000,3000,3000
057137,鈺齊凱基98購01  ,0,0,0,0,0,0,0,0,0,3000,0,0,0,6000,3000,3000,3000
055991,鈺齊元富97購01  ,0,0,0,0,0,0,0,0,0,3000,0,0,0,3000,0,3000,3000
056018,旺宏群益97購02  ,0,0,0,0,0,0,0,0,0,3000,0,0,0,13000,10000,3000,3000
056189,樺漢統一97購02  ,0,0,0,0,0,0,0,0,0,3000,0,0,0,3000,0,3000,3000
05587P,鴻海凱基96售12  ,0,0,0,0,0,0,0,0,0,3000,0,0,0,13000,10000,3000,3000
056329,上銀國票98購02  ,0,0,0,0,0,0,0,0,0,3000,0,0,0,3000,0,3000,3000
03422B,臺股指凱基96熊28,0,0,0,0,0,0,0,0,0,3000,0,0,0,3000,0,3000,3000
046590,同欣電元大92購02,0,0,0,0,0,0,0,0,0,3000,0,0,0,3000,0,3000,3000
04489P,大立光凱基94售03,0,0,0,0,0,0,0,0,0,3000,0,0,0,3000,0,3000,3000
04647P,上海銀凱基94售04,0,0,0,0,0,0,0,0,0,3000,0,0,0,6000,3000,3000,3000
048843,台郡凱基94購01  ,0,0,0,0,0,0,0,0,0,3000,0,0,0,3000,0,3000,3000
048770,揚明光凱基94購01,0,0,0,0,0,0,0,0,0,3000,0,0,0,3000,0,3000,3000
048374,味全元富94購01  ,0,0,0,0,0,0,0,0,0,3000,0,0,0,3000,0,3000,3000
05207P,高股息中信97售03,0,0,0,0,0,0,0,0,0,3000,0,0,0,3000,0,3000,3000
052375,奇力新元大96購02,0,0,0,0,0,0,0,0,0,3000,0,0,0,34000,31000,3000,3000
047078,上海銀兆豐93購01,0,0,0,0,0,0,0,0,0,3000,0,0,0,4000,1000,3000,3000
047714,禾伸堂凱基93購03,0,0,0,0,0,0,0,0,0,3000,0,0,0,70000,67000,3000,3000
04796P,聯發科元大94售10,0,0,0,0,0,0,0,0,0,3000,0,0,0,3000,0,3000,3000
048033,大立光凱基93購28,0,0,0,0,0,0,0,0,0,3000,0,0,0,118000,115000,3000,3000
048100,貿聯凱基93購02  ,0,0,0,0,0,0,0,0,0,3000,0,0,0,3000,0,3000,3000
048722,台表科永豐94購01,0,0,0,0,0,0,0,0,0,3000,0,0,0,3000,0,3000,3000
047760,元油反元大96購03,0,0,0,0,0,0,0,0,0,3000,0,0,0,3000,0,3000,3000
052701,群創國票96購01  ,0,0,0,0,0,0,0,0,0,3000,0,0,0,3000,0,3000,3000
052855,群創日盛99購01  ,0,0,0,0,0,0,0,0,0,3000,0,0,0,23000,20000,3000,3000
05286P,矽力統一95售02  ,0,0,0,0,0,0,0,0,0,3000,0,0,0,9000,6000,3000,3000
051237,鴻海元大97購01  ,0,0,0,0,0,0,0,0,0,3000,0,0,0,80000,77000,3000,3000
053087,冠德元大96購02  ,0,0,0,0,0,0,0,0,0,3000,0,0,0,4000,1000,3000,3000
05185P,鴻海中信95售04  ,0,0,0,0,0,0,0,0,0,3000,0,0,0,5000,2000,3000,3000
050335,正崴國泰96購01  ,0,0,0,0,0,0,0,0,0,3000,0,0,0,3000,0,3000,3000
051385,矽創群益95購01  ,0,0,0,0,0,0,0,0,0,3000,0,0,0,3000,0,3000,3000
049656,臺股指凱基94購17,0,0,0,0,0,0,0,0,0,3000,0,0,0,5000,2000,3000,3000
049706,世紀鋼元大95購02,0,0,0,0,0,0,0,0,0,3000,0,0,0,28000,25000,3000,3000
049854,超眾群益94購02  ,0,0,0,0,0,0,0,0,0,3000,0,0,0,4000,1000,3000,3000
049843,康友中信95購01  ,0,0,0,0,0,0,0,0,0,3000,0,0,0,35000,32000,3000,3000
050014,國巨富邦98購01  ,0,0,0,0,0,0,0,0,0,3000,0,0,0,3000,0,3000,3000
050261,國巨元大95購04  ,0,0,0,0,0,0,0,0,0,3000,0,0,0,55000,52000,3000,3000
050601,台表科國泰96購01,0,0,0,0,0,0,0,0,0,3000,0,0,0,3000,0,3000,3000
049463,華新科富邦97購01,0,0,0,0,0,0,0,0,0,3000,0,0,0,39000,36000,3000,3000
055384,緯穎元大98購02  ,0,0,0,0,0,0,0,0,0,3000,0,0,0,28000,25000,3000,3000
055277,旺宏元大97購04  ,0,0,0,0,0,0,0,0,0,3000,0,0,0,3000,0,3000,3000
055187,彩晶統一98購01  ,0,0,0,0,0,0,0,0,0,3000,0,0,0,53000,50000,3000,3000
055200,和大群益98購01  ,0,0,0,0,0,0,0,0,0,3000,0,0,0,47000,44000,3000,3000
054468,台郡凱基98購01  ,0,0,0,0,0,0,0,0,0,3000,0,0,0,3000,0,3000,3000
054955,宏達電元大98購01,0,0,0,0,0,0,0,0,0,3000,0,0,0,24000,21000,3000,3000
05479P,華新科台新96售01,0,0,0,0,0,0,0,0,0,3000,0,0,0,10000,7000,3000,3000
053825,南電群益96購02  ,0,0,0,0,0,0,0,0,0,3000,0,0,0,464000,461000,3000,3000
05378P,台積電凱基96售02,0,0,0,0,0,0,0,0,0,3000,0,0,0,3000,0,3000,3000
053790,嘉聯益元大99購02,0,0,0,0,0,0,0,0,0,3000,0,0,0,3000,0,3000,3000
053620,臺股指群益96購06,0,0,0,0,0,0,0,0,0,3000,0,0,0,96000,93000,3000,3000
054074,健策富邦98購01  ,0,0,0,0,0,0,0,0,0,3000,0,0,0,43000,40000,3000,3000
054110,群創凱基98購09  ,0,0,0,0,0,0,0,0,0,3000,0,0,0,3000,0,3000,3000
054139,揚明光元大96購01,0,0,0,0,0,0,0,0,0,3000,0,0,0,3000,0,3000,3000
054194,國巨麥證96購02  ,0,0,0,13000,12000,1000,0,0,0,3000,0,0,0,15000,12000,3000,3000
05248P,矽創群益96售01  ,0,0,0,0,0,0,0,0,0,3000,0,0,0,82000,79000,3000,3000
053159,同欣電元大96購02,0,0,0,0,0,0,0,0,0,3000,0,0,0,3000,0,3000,3000
053180,同欣電統一96購01,0,0,0,0,0,0,0,0,0,3000,0,0,0,3000,0,3000,3000
053259,卜蜂群益97購01  ,0,0,0,0,0,0,0,0,0,3000,0,0,0,3000,0,3000,3000
053425,京鼎永豐96購01  ,0,0,0,0,0,0,0,0,0,3000,0,0,0,3000,0,3000,3000
053353,玉晶光兆豐97購03,0,0,0,0,0,0,0,0,0,3000,0,0,0,3000,0,3000,3000
3669,圓展            ,85000,69000,16000,0,0,0,15000,0,15000,-28000,0,28000,-28000,0,0,0,3000
4560,強信-KY         ,32000,29000,3000,0,0,0,0,0,0,0,0,0,0,0,0,0,3000
5288,豐祥-KY         ,6000,3000,3000,0,0,0,0,0,0,0,0,0,0,0,0,0,3000
2477,美隆電          ,21000,14000,7000,0,0,0,0,0,0,-4000,0,4000,-4000,0,0,0,3000
2481,強茂            ,267000,247000,20000,0,0,0,0,0,0,-17000,0,10000,-10000,14000,21000,-7000,3000
2881B,富邦金乙特      ,0,0,0,0,0,0,0,0,0,3000,3000,0,3000,0,0,0,3000
1323,永裕            ,12000,9000,3000,0,0,0,0,0,0,0,0,0,0,0,0,0,3000
06076P,大立光凱基98售03,0,0,0,0,0,0,0,0,0,3000,0,0,0,5000,2000,3000,3000
06134P,緯穎元富97售03  ,0,0,0,0,0,0,0,0,0,3000,0,0,0,4000,1000,3000,3000
06626P,大立光統一9A售01,0,0,0,0,0,0,0,0,0,3000,0,0,0,3000,0,3000,3000
056224,聯發科凱基97購08,0,0,0,0,0,0,0,0,0,2000,0,0,0,4000,2000,2000,2000
05640P,旺宏元富96售03  ,0,0,0,0,0,0,0,0,0,2000,0,0,0,2000,0,2000,2000
05659P,A50正2中信97售01,0,0,0,0,0,0,0,0,0,2000,0,0,0,2000,0,2000,2000
055775,友達凱基9A購01  ,0,0,0,0,0,0,0,0,0,2000,0,0,0,2000,0,2000,2000
056115,奇力新群益97購06,0,0,0,0,0,0,0,0,0,2000,0,0,0,171000,169000,2000,2000
056037,美律凱基98購03  ,0,0,0,0,0,0,0,0,0,2000,0,0,0,2000,0,2000,2000
057151,易華電國票99購01,0,0,0,0,0,0,0,0,0,2000,0,0,0,5000,3000,2000,2000
057006,國巨中信98購03  ,0,0,0,0,0,0,0,0,0,2000,0,0,0,80000,78000,2000,2000
056858,國巨群益99購03  ,0,0,0,0,0,0,0,0,0,2000,0,0,0,201000,199000,2000,2000
056960,光罩永豐98購01  ,0,0,0,0,0,0,0,0,0,2000,0,0,0,87000,85000,2000,2000
057169,微星元大98購01  ,0,0,0,0,0,0,0,0,0,2000,0,0,0,12000,10000,2000,2000
05995P,T50正2中信9C售01,0,0,0,0,0,0,0,0,0,2000,0,0,0,47000,45000,2000,2000
06001P,樺漢台新96售01  ,0,0,0,0,0,0,0,0,0,2000,0,0,0,30000,28000,2000,2000
05857P,旺宏中信98售02  ,0,0,0,0,0,0,0,0,0,2000,0,0,0,2000,0,2000,2000
05838P,臺股指富邦96售05,0,0,0,0,0,0,0,0,0,2000,0,0,0,2000,0,2000,2000
05771P,大立光凱基96售13,0,0,0,0,0,0,0,0,0,2000,0,0,0,2000,0,2000,2000
048707,南電國票95購01  ,0,0,0,0,0,0,0,0,0,2000,0,0,0,38000,36000,2000,2000
047319,晶技元大93購02  ,0,0,0,0,0,0,0,0,0,2000,0,0,0,105000,103000,2000,2000
047127,臻鼎中信95購01  ,0,0,0,0,0,0,0,0,0,2000,0,0,0,100000,98000,2000,2000
047063,漢唐凱基95購01  ,0,0,0,0,0,0,0,0,0,2000,0,0,0,2000,0,2000,2000
046972,同欣電群益93購01,0,0,0,0,0,0,0,0,0,2000,0,0,0,2000,0,2000,2000
052166,元油反元大95購01,0,0,0,0,0,0,0,0,0,2000,0,0,0,2000,0,2000,2000
048339,友達元大95購01  ,0,0,0,0,0,0,0,0,0,2000,0,0,0,2000,0,2000,2000
048788,華新科元大95購02,0,0,0,0,0,0,0,0,0,2000,0,0,0,39000,37000,2000,2000
04636P,臺股指群益94售11,0,0,0,0,0,0,0,0,0,2000,0,0,0,2000,0,2000,2000
04394P,臻鼎凱基94售01  ,0,0,0,0,0,0,0,0,0,2000,0,0,0,6000,4000,2000,2000
044247,道瓊反元富97購01,0,0,0,0,0,0,0,0,0,2000,0,0,0,2000,0,2000,2000
045955,宏碁凱基93購01  ,0,0,0,0,0,0,0,0,0,2000,0,0,0,2000,0,2000,2000
04527P,大立光凱基94售04,0,0,0,0,0,0,0,0,0,2000,0,0,0,2000,0,2000,2000
045073,可成元大93購01  ,0,0,0,0,0,0,0,0,0,2000,0,0,0,2000,0,2000,2000
04497P,元油2X富邦97售03,0,0,0,0,0,0,0,0,0,2000,0,0,0,2000,0,2000,2000
043156,大立光統一94購01,0,0,0,0,0,0,0,0,0,2000,0,0,0,102000,100000,2000,2000
048506,華通群益94購03  ,0,0,0,0,0,0,0,0,0,2000,0,0,0,71000,69000,2000,2000
044601,旺宏國泰93購03  ,0,0,0,0,0,0,0,0,0,2000,0,0,0,17000,15000,2000,2000
044698,奇力新元大93購01,0,0,0,0,0,0,0,0,0,2000,0,0,0,2000,0,2000,2000
04551P,台表科元大94售02,0,0,0,0,0,0,0,0,0,2000,0,0,0,2000,0,2000,2000
03431B,元油2X凱基9B熊03,0,0,0,0,0,0,0,0,0,2000,0,0,0,2000,0,2000,2000
03993P,滬深2X中信94售03,0,0,0,0,0,0,0,0,0,2000,0,0,0,25000,23000,2000,2000
03064P,台灣50群益01售14,0,0,0,0,0,0,0,0,0,2000,0,0,0,2000,0,2000,2000
04247P,宏達電永豐93售02,0,0,0,0,0,0,0,0,0,2000,0,0,0,2000,0,2000,2000
00666R,富邦恒生國企反1 ,0,0,0,0,0,0,0,0,0,2000,0,0,0,75000,73000,2000,2000
00660,元大歐洲50      ,0,0,0,0,0,0,0,0,0,2000,0,0,0,5000,3000,2000,2000
05060P,台達電富邦97售02,0,0,0,0,0,0,0,0,0,2000,0,0,0,2000,0,2000,2000
051090,光磊元大96購01  ,0,0,0,0,0,0,0,0,0,2000,0,0,0,2000,0,2000,2000
05109P,臺股指麥證95售01,0,0,0,2000,0,2000,0,0,0,2000,0,0,0,2000,0,2000,2000
051760,奇力新元大95購04,0,0,0,0,0,0,0,0,0,2000,0,0,0,2000,0,2000,2000
050224,台泥中信94購01  ,0,0,0,0,0,0,0,0,0,2000,0,0,0,2000,0,2000,2000
050016,緯穎富邦95購01  ,0,0,0,0,0,0,0,0,0,2000,0,0,0,2000,0,2000,2000
049937,臺股指元大94購18,0,0,0,0,0,0,0,0,0,2000,0,0,0,4000,2000,2000,2000
049939,臺股指元大94購20,0,0,0,0,0,0,0,0,0,2000,0,0,0,2000,0,2000,2000
049846,台泥群益94購01  ,0,0,0,0,0,0,0,0,0,2000,0,0,0,22000,20000,2000,2000
049714,國巨凱基94購02  ,0,0,0,0,0,0,0,0,0,2000,0,0,0,2000,0,2000,2000
049723,緯穎凱基94購04  ,0,0,0,0,0,0,0,0,0,2000,0,0,0,2000,0,2000,2000
049622,聯詠群益94購02  ,0,0,0,0,0,0,0,0,0,2000,0,0,0,37000,35000,2000,2000
049629,臺股指群益94購02,0,0,0,0,0,0,0,0,0,2000,0,0,0,2000,0,2000,2000
049593,群創元大9A購01  ,0,0,0,0,0,0,0,0,0,2000,0,0,0,193000,191000,2000,2000
051698,旺宏麥證95購01  ,0,0,0,2000,0,2000,0,0,0,2000,0,0,0,2000,0,2000,2000
051667,光磊元大96購02  ,0,0,0,0,0,0,0,0,0,2000,0,0,0,143000,141000,2000,2000
051620,可成凱基95購10  ,0,0,0,0,0,0,0,0,0,2000,0,0,0,2000,0,2000,2000
052325,高股息中信99購01,0,0,0,0,0,0,0,0,0,2000,0,0,0,10000,8000,2000,2000
051299,致茂凱基95購01  ,0,0,0,0,0,0,0,0,0,2000,0,0,0,4000,2000,2000,2000
051485,玉晶光凱基97購02,0,0,0,0,0,0,0,0,0,2000,0,0,0,161000,159000,2000,2000
051532,潤泰全國票96購01,0,0,0,0,0,0,0,0,0,2000,0,0,0,2000,0,2000,2000
051169,瀚宇博元大95購05,0,0,0,0,0,0,0,0,0,2000,0,0,0,2000,0,2000,2000
051847,香港反中信99購01,0,0,0,0,0,0,0,0,0,2000,0,0,0,2000,0,2000,2000
051871,同欣電凱基95購02,0,0,0,0,0,0,0,0,0,2000,0,0,0,17000,15000,2000,2000
052853,友達日盛99購01  ,0,0,0,0,0,0,0,0,0,2000,0,0,0,2000,0,2000,2000
053349,台郡國票97購02  ,0,0,0,0,0,0,0,0,0,2000,0,0,0,42000,40000,2000,2000
05326P,臺股指凱基95售10,0,0,0,0,0,0,0,0,0,2000,0,0,0,2000,0,2000,2000
053469,光磊元大97購01  ,0,0,0,0,0,0,0,0,0,2000,0,0,0,2000,0,2000,2000
053212,友達凱基99購04  ,0,0,0,0,0,0,0,0,0,2000,0,0,0,2000,0,2000,2000
05422P,大立光中信97售02,0,0,0,0,0,0,0,0,0,2000,0,0,0,2000,0,2000,2000
053676,新光金國泰98購02,0,0,0,0,0,0,0,0,0,2000,0,0,0,2000,0,2000,2000
053719,可成凱基96購08  ,0,0,0,0,0,0,0,0,0,2000,0,0,0,41000,39000,2000,2000
05475P,聯茂亞東95售01  ,0,0,0,0,0,0,0,0,0,2000,0,0,0,2000,0,2000,2000
054672,華新科國泰99購01,0,0,0,0,0,0,0,0,0,2000,0,0,0,118000,116000,2000,2000
05442P,鴻海元大96售13  ,0,0,0,0,0,0,0,0,0,2000,0,0,0,498000,496000,2000,2000
054328,台化康和96購01  ,0,0,0,0,0,0,0,0,0,2000,0,0,0,2000,0,2000,2000
054524,華通元富96購03  ,0,0,0,0,0,0,0,0,0,2000,0,0,0,2000,0,2000,2000
05544P,台表科元富96售01,0,0,0,0,0,0,0,0,0,2000,0,0,0,2000,0,2000,2000
055365,華通元大97購03  ,0,0,0,0,0,0,0,0,0,2000,0,0,0,39000,37000,2000,2000
06596P,元油2X富邦02售03,0,0,0,0,0,0,0,0,0,2000,0,0,0,2000,0,2000,2000
06673P,大立光群益98售01,0,0,0,0,0,0,0,0,0,2000,0,0,0,32000,30000,2000,2000
06685P,鴻海國泰9A售01  ,0,0,0,0,0,0,0,0,0,2000,0,0,0,2000,0,2000,2000
06403P,鴻海元富97售15  ,0,0,0,0,0,0,0,0,0,2000,0,0,0,12000,10000,2000,2000
06123P,玉晶光元大97售04,0,0,0,0,0,0,0,0,0,2000,0,0,0,393000,391000,2000,2000
06185P,台表科元大97售05,0,0,0,0,0,0,0,0,0,2000,0,0,0,22000,20000,2000,2000
06165P,臺股指凱基9A售03,0,0,0,0,0,0,0,0,0,2000,0,0,0,2000,0,2000,2000
06084P,宏達電元富97售02,0,0,0,0,0,0,0,0,0,2000,0,0,0,100000,98000,2000,2000
06765P,欣興元大98售11  ,0,0,0,0,0,0,0,0,0,2000,0,0,0,5000,3000,2000,2000
06758P,鴻海元大98售10  ,0,0,0,0,0,0,0,0,0,2000,0,0,0,86000,84000,2000,2000
06838P,台積電統一99售05,0,0,0,0,0,0,0,0,0,2000,0,0,0,2000,0,2000,2000
1414,東和            ,4000,2000,2000,0,0,0,0,0,0,0,0,0,0,0,0,0,2000
2936,客思達-KY       ,3000,1000,2000,0,0,0,0,0,0,0,0,0,0,0,0,0,2000
2607,榮運            ,113000,111000,2000,0,0,0,0,0,0,0,0,0,0,0,0,0,2000
2038,海光            ,7000,5000,2000,0,0,0,0,0,0,0,0,0,0,0,0,0,2000
4999,鑫禾            ,3000,1000,2000,0,0,0,0,0,0,0,0,0,0,0,0,0,2000
4144,康聯-KY         ,2000,0,2000,0,0,0,0,0,0,0,0,0,0,0,0,0,2000
9941A,裕融甲特        ,0,0,0,0,0,0,0,0,0,2000,2000,0,2000,0,0,0,2000
008201,BP上證50        ,0,0,0,0,0,0,0,0,0,1900,0,0,0,1900,0,1900,1900
057739,新日興富邦9B購01,0,0,0,0,0,0,0,0,0,1000,0,0,0,1000,0,1000,1000
057780,台郡群益98購02  ,0,0,0,0,0,0,0,0,0,1000,0,0,0,52000,51000,1000,1000
05756P,臺股指中信99售05,0,0,0,0,0,0,0,0,0,1000,0,0,0,1000,0,1000,1000
05747P,漢唐群益96售03  ,0,0,0,0,0,0,0,0,0,1000,0,0,0,62000,61000,1000,1000
05866P,致伸元大96售01  ,0,0,0,0,0,0,0,0,0,1000,0,0,0,34000,33000,1000,1000
05781P,臺股指統一99售02,0,0,0,0,0,0,0,0,0,1000,0,0,0,1000,0,1000,1000
05921P,同欣電元大96售06,0,0,0,0,0,0,0,0,0,1000,0,0,0,2000,1000,1000,1000
05967P,臺股指麥證96售02,0,0,0,1000,0,1000,0,0,0,1000,0,0,0,1000,0,1000,1000
05926P,智易永豐96售02  ,0,0,0,0,0,0,0,0,0,1000,0,0,0,1000,0,1000,1000
057222,鴻海國票99購04  ,0,0,0,0,0,0,0,0,0,1000,0,0,0,1000,0,1000,1000
057408,台郡群益98購01  ,0,0,0,0,0,0,0,0,0,1000,0,0,0,33000,32000,1000,1000
05682P,大立光元大98售03,0,0,0,0,0,0,0,0,0,1000,0,0,0,55000,54000,1000,1000
057059,易華電元大99購01,0,0,0,0,0,0,0,0,0,1000,0,0,0,31000,30000,1000,1000
05602P,國巨元大96售06  ,0,0,0,0,0,0,0,0,0,1000,0,0,0,1000,0,1000,1000
055904,貿聯亞東99購01  ,0,0,0,0,0,0,0,0,0,1000,0,0,0,1000,0,1000,1000
056159,牧德凱基99購01  ,0,0,0,0,0,0,0,0,0,1000,0,0,0,2000,1000,1000,1000
055723,康控元大97購04  ,0,0,0,0,0,0,0,0,0,1000,0,0,0,58000,57000,1000,1000
055853,群創元大98購03  ,0,0,0,0,0,0,0,0,0,1000,0,0,0,1000,0,1000,1000
05564P,玉晶光元大97售02,0,0,0,0,0,0,0,0,0,1000,0,0,0,16000,15000,1000,1000
055670,矽創群益98購02  ,0,0,0,0,0,0,0,0,0,1000,0,0,0,81000,80000,1000,1000
056613,旺宏永豐98購01  ,0,0,0,0,0,0,0,0,0,1000,0,0,0,1000,0,1000,1000
056545,TPK凱基98購02   ,0,0,0,0,0,0,0,0,0,1000,0,0,0,37000,36000,1000,1000
05654P,台光電統一96售01,0,0,0,0,0,0,0,0,0,1000,0,0,0,18000,17000,1000,1000
056791,嘉聯益群益98購01,0,0,0,0,0,0,0,0,0,1000,0,0,0,44000,43000,1000,1000
056750,元油2X兆豐9A購01,0,0,0,0,0,0,0,0,0,1000,0,0,0,1000,0,1000,1000
056424,泰碩統一98購01  ,0,0,0,0,0,0,0,0,0,1000,0,0,0,1000,0,1000,1000
01001T,土銀富邦R1      ,1000,0,1000,0,0,0,0,0,0,0,0,0,0,0,0,0,1000
00702,國泰標普低波高息,0,0,0,0,0,0,0,0,0,1000,0,0,0,9000,8000,1000,1000
00691R,兆豐藍籌30反1   ,0,0,0,0,0,0,0,0,0,1000,0,0,0,1000,0,1000,1000
04193P,智原永豐93售01  ,0,0,0,0,0,0,0,0,0,1000,0,0,0,91000,90000,1000,1000
041308,群創群益92購01  ,0,0,0,0,0,0,0,0,0,1000,0,0,0,1000,0,1000,1000
04201P,智原群益93售01  ,0,0,0,0,0,0,0,0,0,1000,0,0,0,1000,0,1000,1000
040215,上証反凱基95購01,0,0,0,0,0,0,0,0,0,1000,0,0,0,1000,0,1000,1000
04021P,寶滬深元富93售01,0,0,0,0,0,0,0,0,0,1000,0,0,0,1000,0,1000,1000
03366P,TPK元大02售03   ,0,0,0,0,0,0,0,0,0,1000,0,0,0,11000,10000,1000,1000
04541P,智易永豐94售03  ,0,0,0,0,0,0,0,0,0,1000,0,0,0,1000,0,1000,1000
045385,華新科元大93購04,0,0,0,0,0,0,0,0,0,1000,0,0,0,1000,0,1000,1000
03557P,欣興元大02售17  ,0,0,0,0,0,0,0,0,0,1000,0,0,0,1000,0,1000,1000
047447,台郡元大94購02  ,0,0,0,0,0,0,0,0,0,1000,0,0,0,1000,0,1000,1000
048455,上緯控凱基94購01,0,0,0,0,0,0,0,0,0,1000,0,0,0,1000,0,1000,1000
042916,佐登元大94購01  ,0,0,0,0,0,0,0,0,0,1000,0,0,0,1000,0,1000,1000
046275,台表科凱基94購01,0,0,0,0,0,0,0,0,0,1000,0,0,0,1000,0,1000,1000
044255,群創元大93購01  ,350000,0,350000,0,0,0,0,0,0,-349000,0,0,0,1000,350000,-349000,1000
043854,華新科富邦93購01,0,0,0,0,0,0,0,0,0,1000,0,0,0,1000,0,1000,1000
04367P,滬深2X凱基95售04,0,0,0,0,0,0,0,0,0,1000,0,0,0,1000,0,1000,1000
046465,GIS凱基95購01   ,0,0,0,0,0,0,0,0,0,1000,0,0,0,1000,0,1000,1000
048871,晶豪科國票94購01,0,0,0,0,0,0,0,0,0,1000,0,0,0,1000,0,1000,1000
048389,國巨國票94購01  ,0,0,0,0,0,0,0,0,0,1000,0,0,0,1000,0,1000,1000
049113,大立光統一94購06,0,0,0,0,0,0,0,0,0,1000,0,0,0,61000,60000,1000,1000
049078,瑞昱凱基94購02  ,0,0,0,0,0,0,0,0,0,1000,0,0,0,42000,41000,1000,1000
052197,台郡元富95購03  ,0,0,0,0,0,0,0,0,0,1000,0,0,0,1000,0,1000,1000
052046,漢唐凱基96購01  ,0,0,0,0,0,0,0,0,0,1000,0,0,0,1000,0,1000,1000
052031,臺股指群益95購04,0,0,0,0,0,0,0,0,0,1000,0,0,0,1000,0,1000,1000
052093,麗豐元大96購04  ,0,0,0,0,0,0,0,0,0,1000,0,0,0,1000,0,1000,1000
052116,T50反1國票97購01,0,0,0,0,0,0,0,0,0,1000,0,0,0,1000,0,1000,1000
046944,奇力新元大96購01,0,0,0,0,0,0,0,0,0,1000,0,0,0,7000,6000,1000,1000
046652,上銀元大93購02  ,0,0,0,0,0,0,0,0,0,1000,0,0,0,1000,0,1000,1000
046808,臺股指元大93購28,0,0,0,0,0,0,0,0,0,1000,0,0,0,1000,0,1000,1000
046829,義隆群益93購01  ,0,0,0,0,0,0,0,0,0,1000,0,0,0,1000,0,1000,1000
047318,聯詠元大93購07  ,0,0,0,0,0,0,0,0,0,1000,0,0,0,1000,0,1000,1000
047724,智邦群益93購03  ,0,0,0,0,0,0,0,0,0,1000,0,0,0,11000,10000,1000,1000
047671,T50反1統一93購04,0,0,0,0,0,0,0,0,0,1000,0,0,0,1000,0,1000,1000
047923,聯發科凱基94購02,0,0,0,0,0,0,0,0,0,1000,0,0,0,1000,0,1000,1000
047772,泰鼎元大93購05  ,0,0,0,0,0,0,0,0,0,1000,0,0,0,12000,11000,1000,1000
048687,旺宏群益96購01  ,0,0,0,0,0,0,0,0,0,1000,0,0,0,1000,0,1000,1000
047984,禾伸堂群益93購01,0,0,0,0,0,0,0,0,0,1000,0,0,0,1000,0,1000,1000
052856,滬深2X凱基98購01,0,0,0,0,0,0,0,0,0,1000,0,0,0,1000,0,1000,1000
05278P,台郡元富95售02  ,0,0,0,0,0,0,0,0,0,1000,0,0,0,6000,5000,1000,1000
052743,華新科元大97購01,0,0,0,0,0,0,0,0,0,1000,0,0,0,1000,0,1000,1000
052627,中壽中信98購01  ,0,0,0,0,0,0,0,0,0,1000,0,0,0,1000,0,1000,1000
052623,台郡兆豐96購01  ,0,0,0,0,0,0,0,0,0,1000,0,0,0,1000,0,1000,1000
052539,華邦電統一95購01,0,0,0,0,0,0,0,0,0,1000,0,0,0,1000,0,1000,1000
05122P,鴻海永昌96售06  ,0,0,0,0,0,0,0,0,0,1000,0,0,0,300000,299000,1000,1000
051233,力成群益97購01  ,0,0,0,0,0,0,0,0,0,1000,0,0,0,51000,50000,1000,1000
051861,鴻海凱基98購01  ,0,0,0,0,0,0,0,0,0,1000,0,0,0,1000,0,1000,1000
049506,可成日盛94購02  ,0,0,0,0,0,0,0,0,0,1000,0,0,0,1000,0,1000,1000
05029P,鴻海元富95售04  ,0,0,0,0,0,0,0,0,0,1000,0,0,0,15000,14000,1000,1000
049224,致新國票95購01  ,0,0,0,0,0,0,0,0,0,1000,0,0,0,1000,0,1000,1000
051452,貿聯元大95購04  ,0,0,0,0,0,0,0,0,0,1000,0,0,0,14000,13000,1000,1000
05182P,嘉晶統一95售03  ,0,0,0,0,0,0,0,0,0,1000,0,0,0,1000,0,1000,1000
051402,玉晶光永豐95購04,0,0,0,0,0,0,0,0,0,1000,0,0,0,54000,53000,1000,1000
052291,鴻海元富97購02  ,0,0,0,0,0,0,0,0,0,1000,0,0,0,1000,0,1000,1000
051619,智邦凱基95購07  ,0,0,0,0,0,0,0,0,0,1000,0,0,0,51000,50000,1000,1000
049878,宏達電永豐94購01,0,0,0,0,0,0,0,0,0,1000,0,0,0,1000,0,1000,1000
050026,友達元大96購01  ,0,0,0,0,0,0,0,0,0,1000,0,0,0,1000,0,1000,1000
050263,旺宏元大94購10  ,0,0,0,0,0,0,0,0,0,1000,0,0,0,11000,10000,1000,1000
051115,華通麥證96購01  ,0,0,0,15000,14000,1000,0,0,0,1000,0,0,0,15000,14000,1000,1000
050620,和碩元大94購04  ,0,0,0,0,0,0,0,0,0,1000,0,0,0,1000,0,1000,1000
055523,道瓊銀群益9A購01,0,0,0,0,0,0,0,0,0,1000,0,0,0,1000,0,1000,1000
055507,樺漢元大98購02  ,0,0,0,0,0,0,0,0,0,1000,0,0,0,10000,9000,1000,1000
055461,TPK永豐97購01   ,0,0,0,0,0,0,0,0,0,1000,0,0,0,1000,0,1000,1000
055309,冠德群益97購01  ,0,0,0,0,0,0,0,0,0,1000,0,0,0,7000,6000,1000,1000
055071,群電永豐97購01  ,0,0,0,0,0,0,0,0,0,1000,0,0,0,1000,0,1000,1000
055093,京鼎群益98購01  ,0,0,0,0,0,0,0,0,0,1000,0,0,0,1000,0,1000,1000
055009,合勤控元富97購01,0,0,0,0,0,0,0,0,0,1000,0,0,0,51000,50000,1000,1000
054348,康控國票97購03  ,0,0,0,0,0,0,0,0,0,1000,0,0,0,20000,19000,1000,1000
05437P,聯詠永豐95售02  ,0,0,0,0,0,0,0,0,0,1000,0,0,0,1000,0,1000,1000
054978,堤維西元富97購01,0,0,0,0,0,0,0,0,0,1000,0,0,0,16000,15000,1000,1000
054929,群電凱基97購01  ,0,0,0,0,0,0,0,0,0,1000,0,0,0,1000,0,1000,1000
054859,鴻海群益97購02  ,0,0,0,0,0,0,0,0,0,1000,0,0,0,99000,98000,1000,1000
053727,麗豐凱基97購01  ,0,0,0,0,0,0,0,0,0,1000,0,0,0,1000,0,1000,1000
053618,新唐群益96購01  ,0,0,0,0,0,0,0,0,0,1000,0,0,0,11000,10000,1000,1000
053921,嘉晶國票97購03  ,0,0,0,0,0,0,0,0,0,1000,0,0,0,29000,28000,1000,1000
054260,貿聯元大96購03  ,0,0,0,0,0,0,0,0,0,1000,0,0,0,11000,10000,1000,1000
05398P,康控國票96售03  ,0,0,0,0,0,0,0,0,0,1000,0,0,0,1000,0,1000,1000
053248,智伸科國票97購01,0,0,0,0,0,0,0,0,0,1000,0,0,0,21000,20000,1000,1000
053454,創意統一96購02  ,0,0,0,0,0,0,0,0,0,1000,0,0,0,1000,0,1000,1000
053484,國巨國票97購03  ,0,0,0,0,0,0,0,0,0,1000,0,0,0,1000,0,1000,1000
053284,樺漢元大97購01  ,0,0,0,0,0,0,0,0,0,1000,0,0,0,1000,0,1000,1000
8488,吉源-KY         ,1000,0,1000,0,0,0,0,0,0,0,0,0,0,0,0,0,1000
8497,格威傳媒        ,2000,1000,1000,0,0,0,0,0,0,0,0,0,0,0,0,0,1000
8467,波力-KY         ,1000,1000,0,0,0,0,0,0,0,1000,1000,0,1000,0,0,0,1000
6625,必應            ,1000,0,1000,0,0,0,0,0,0,0,0,0,0,0,0,0,1000
4106,雃博            ,2000,1000,1000,0,0,0,0,0,0,0,0,0,0,0,0,0,1000
3432,台端            ,1000,0,1000,0,0,0,0,0,0,0,0,0,0,0,0,0,1000
3311,閎暉            ,2000,1000,1000,0,0,0,0,0,0,0,0,0,0,0,0,0,1000
3046,建碁            ,2000,1000,1000,0,0,0,0,0,0,0,0,0,0,0,0,0,1000
6409,旭隼            ,29000,29000,0,0,0,0,1000,0,1000,0,0,0,0,0,0,0,1000
6442,光聖            ,2000,1000,1000,0,0,0,0,0,0,0,0,0,0,0,0,0,1000
6277,宏正            ,10000,9000,1000,0,0,0,0,0,0,0,0,0,0,0,0,0,1000
6117,迎廣            ,1000,0,1000,0,0,0,0,0,0,0,0,0,0,0,0,0,1000
3011,今皓            ,1000,0,1000,0,0,0,0,0,0,0,0,0,0,0,0,0,1000
2891C,中信金丙特      ,0,0,0,0,0,0,0,0,0,1000,1000,0,1000,0,0,0,1000
1445,大宇            ,1000,0,1000,0,0,0,0,0,0,0,0,0,0,0,0,0,1000
1530,亞崴            ,2000,1000,1000,0,0,0,0,0,0,0,0,0,0,0,0,0,1000
1524,耿鼎            ,1000,0,1000,0,0,0,0,0,0,0,0,0,0,0,0,0,1000
1506,正道            ,0,0,0,0,0,0,0,0,0,1000,1000,0,1000,0,0,0,1000
2002A,中鋼特          ,0,0,0,0,0,0,0,0,0,1000,1000,0,1000,0,0,0,1000
06830P,臺股指國票98售06,0,0,0,0,0,0,0,0,0,1000,0,0,0,1000,0,1000,1000
1256,鮮活果汁-KY     ,8000,7000,1000,0,0,0,0,0,0,0,0,0,0,0,0,0,1000
06054P,臺股指中信9A售01,0,0,0,0,0,0,0,0,0,1000,0,0,0,1000,0,1000,1000
06056P,台積電凱基98售02,0,0,0,0,0,0,0,0,0,1000,0,0,0,1000,0,1000,1000
06045P,臺股指永豐96售03,0,0,0,0,0,0,0,0,0,1000,0,0,0,3000,2000,1000,1000
06315P,臺股指元富97售02,0,0,0,0,0,0,0,0,0,1000,0,0,0,1000,0,1000,1000
06333P,臺股指群益9C售02,0,0,0,0,0,0,0,0,0,1000,0,0,0,1000,0,1000,1000
06424P,大成鋼永豐97售01,0,0,0,0,0,0,0,0,0,1000,0,0,0,1000,0,1000,1000
06391P,上銀中信97售03  ,0,0,0,0,0,0,0,0,0,1000,0,0,0,19000,18000,1000,1000
06479P,聯發科中信99售02,0,0,0,0,0,0,0,0,0,1000,0,0,0,2000,1000,1000,1000
06506P,台郡國票99售02  ,0,0,0,0,0,0,0,0,0,1000,0,0,0,1000,0,1000,1000
06599P,宏達電永豐98售02,0,0,0,0,0,0,0,0,0,1000,0,0,0,1000,0,1000,1000
06615P,鴻海元大9C售02  ,0,0,0,0,0,0,0,0,0,1000,0,0,0,1000,0,1000,1000
06638P,鴻海統一99售02  ,0,0,0,0,0,0,0,0,0,1000,0,0,0,2000,1000,1000,1000
056440,智邦凱基98購03  ,0,0,0,0,0,0,0,0,0,0,0,0,0,23000,23000,0,0
056404,嘉聯益群益9A購01,0,0,0,0,0,0,0,0,0,0,0,0,0,69000,69000,0,0
056390,台積電富邦9B購01,0,0,0,0,0,0,0,0,0,0,0,0,0,160000,160000,0,0
056520,鴻海日盛99購01  ,0,0,0,0,0,0,0,0,0,0,0,0,0,6000,6000,0,0
05645P,聯發科凱基96售13,0,0,0,0,0,0,0,0,0,0,0,0,0,4000,4000,0,0
056215,華新科國票97購03,0,0,0,0,0,0,0,0,0,0,0,0,0,51000,51000,0,0
056332,台郡國票99購01  ,0,0,0,0,0,0,0,0,0,0,0,0,0,10000,10000,0,0
056298,億光元大97購02  ,0,0,0,0,0,0,0,0,0,0,0,0,0,68000,68000,0,0
056317,華通群益99購02  ,0,0,0,0,0,0,0,0,0,0,0,0,0,10000,10000,0,0
056766,義隆元大98購01  ,0,0,0,0,0,0,0,0,0,0,0,0,0,7000,7000,0,0
056792,訊芯群益98購01  ,0,0,0,0,0,0,0,0,0,0,0,0,0,11000,11000,0,0
056789,和碩群益98購01  ,0,0,0,0,0,0,0,0,0,0,0,0,0,20000,20000,0,0
056823,智伸科永豐98購01,0,0,0,0,0,0,0,0,0,0,0,0,0,5000,5000,0,0
056743,貿聯凱基98購04  ,0,0,0,0,0,0,0,0,0,0,0,0,0,18000,18000,0,0
056685,光罩統一98購03  ,0,0,0,0,0,0,0,0,0,0,0,0,0,48000,48000,0,0
056548,瀚宇博凱基98購02,0,0,0,0,0,0,0,0,0,0,0,0,0,30000,30000,0,0
056549,嘉聯益凱基98購04,0,0,0,0,0,0,0,0,0,0,0,0,0,88000,88000,0,0
056530,旺宏凱基98購06  ,0,0,0,0,0,0,0,0,0,0,0,0,0,1000,1000,0,0
056536,義隆凱基98購04  ,0,0,0,0,0,0,0,0,0,0,0,0,0,2000,2000,0,0
056571,燿華元大98購02  ,0,0,0,0,0,0,0,0,0,0,0,0,0,33000,33000,0,0
056561,台光電群益98購02,0,0,0,0,0,0,0,0,0,0,0,0,0,62000,62000,0,0
056558,台達電群益98購01,0,0,0,0,0,0,0,0,0,0,0,0,0,10000,10000,0,0
055657,超眾元富97購02  ,0,0,0,0,0,0,0,0,0,0,0,0,0,7000,7000,0,0
055669,緯穎群益97購02  ,0,0,0,0,0,0,0,0,0,0,0,0,0,35000,35000,0,0
055664,和大群益98購02  ,0,0,0,0,0,0,0,0,0,0,0,0,0,11000,11000,0,0
055710,亞德客元大97購03,0,0,0,0,0,0,0,0,0,0,0,0,0,36000,36000,0,0
055711,上銀元大97購04  ,0,0,0,0,0,0,0,0,0,0,0,0,0,33000,33000,0,0
055602,康控元大97購03  ,0,0,0,0,0,0,0,0,0,0,0,0,0,7000,7000,0,0
055598,欣興元大97購03  ,0,0,0,0,0,0,0,0,0,0,0,0,0,20000,20000,0,0
055850,聯詠元大97購06  ,0,0,0,0,0,0,0,0,0,0,0,0,0,3000,3000,0,0
055731,美律元富97購01  ,0,0,0,0,0,0,0,0,0,0,0,0,0,10000,10000,0,0
055780,禾伸堂凱基99購01,0,0,0,0,0,0,0,0,0,0,0,0,0,10000,10000,0,0
055762,智伸科群益97購01,0,0,0,0,0,0,0,0,0,0,0,0,0,5000,5000,0,0
05578P,鴻海凱基96售11  ,0,0,0,0,0,0,0,0,0,0,0,0,0,3000,3000,0,0
056161,康控凱基98購02  ,0,0,0,0,0,0,0,0,0,0,0,0,0,7000,7000,0,0
056177,嘉澤元富97購01  ,0,0,0,0,0,0,0,0,0,0,0,0,0,10000,10000,0,0
056126,台郡國票98購02  ,0,0,0,0,0,0,0,0,0,0,0,0,0,10000,10000,0,0
056119,欣興群益97購02  ,0,0,0,0,0,0,0,0,0,0,0,0,0,23000,23000,0,0
05611P,康控群益96售02  ,0,0,0,0,0,0,0,0,0,0,0,0,0,20000,20000,0,0
056068,欣興元大97購05  ,0,0,0,0,0,0,0,0,0,0,0,0,0,19000,19000,0,0
056071,創意元大97購02  ,0,0,0,0,0,0,0,0,0,0,0,0,0,16000,16000,0,0
055911,可成凱基98購02  ,0,0,0,0,0,0,0,0,0,0,0,0,0,36000,36000,0,0
055963,欣興元大97購04  ,0,0,0,0,0,0,0,0,0,0,0,0,0,26000,26000,0,0
057077,國巨統一98購06  ,0,0,0,0,0,0,0,0,0,0,0,0,0,5000,5000,0,0
057045,美律元大99購04  ,0,0,0,0,0,0,0,0,0,0,0,0,0,58000,58000,0,0
057042,台積電元大98購10,0,0,0,0,0,0,0,0,0,0,0,0,0,289000,289000,0,0
057050,群創元大99購03  ,0,0,0,0,0,0,0,0,0,0,0,0,0,11000,11000,0,0
057051,群創元大9B購03  ,0,0,0,0,0,0,0,0,0,0,0,0,0,85000,85000,0,0
057016,中石化凱基9B購01,0,0,0,0,0,0,0,0,0,0,0,0,0,6000,6000,0,0
05709P,大立光國票97售01,0,0,0,0,0,0,0,0,0,0,0,0,0,17000,17000,0,0
057096,緯穎元富98購01  ,0,0,0,0,0,0,0,0,0,0,0,0,0,15000,15000,0,0
056959,鴻海永豐98購03  ,0,0,0,0,0,0,0,0,0,0,0,0,0,68000,68000,0,0
057377,康控元大99購02  ,0,0,0,0,0,0,0,0,0,0,0,0,0,7000,7000,0,0
057378,康友元大98購02  ,0,0,0,0,0,0,0,0,0,0,0,0,0,26000,26000,0,0
057312,美律麥證98購01  ,0,0,0,30000,30000,0,0,0,0,0,0,0,0,30000,30000,0,0
057313,聯發科麥證99購01,0,0,0,10000,10000,0,0,0,0,0,0,0,0,10000,10000,0,0
057320,玉晶光凱基98購01,0,0,0,0,0,0,0,0,0,0,0,0,0,12000,12000,0,0
057365,智邦元大98購07  ,0,0,0,0,0,0,0,0,0,0,0,0,0,20000,20000,0,0
057366,智邦元大98購08  ,0,0,0,0,0,0,0,0,0,0,0,0,0,14000,14000,0,0
057217,奇力新群益99購01,0,0,0,0,0,0,0,0,0,0,0,0,0,33000,33000,0,0
057202,TPK元富98購02   ,0,0,0,0,0,0,0,0,0,0,0,0,0,70000,70000,0,0
057200,技嘉元富98購01  ,0,0,0,0,0,0,0,0,0,0,0,0,0,136000,136000,0,0
057162,上銀元大98購03  ,0,0,0,0,0,0,0,0,0,0,0,0,0,22000,22000,0,0
057184,群創元大98購05  ,0,0,0,0,0,0,0,0,0,0,0,0,0,12000,12000,0,0
057240,茂林凱基9A購01  ,0,0,0,0,0,0,0,0,0,0,0,0,0,50000,50000,0,0
057238,群創凱基9B購03  ,0,0,0,0,0,0,0,0,0,0,0,0,0,10000,10000,0,0
057228,友達凱基9B購01  ,0,0,0,0,0,0,0,0,0,0,0,0,0,10000,10000,0,0
057255,聯發科麥證98購02,0,0,0,20000,20000,0,0,0,0,0,0,0,0,20000,20000,0,0
05912P,和大元大96售01  ,0,0,0,0,0,0,0,0,0,0,0,0,0,100000,100000,0,0
05904P,大立光統一96售07,0,0,0,0,0,0,0,0,0,0,0,0,0,1000,1000,0,0
05908P,大立光元富96售05,0,0,0,0,0,0,0,0,0,0,0,0,0,17000,17000,0,0
05892P,大立光中信98售03,0,0,0,0,0,0,0,0,0,0,0,0,0,5000,5000,0,0
057830,T50反1台新02購02,0,0,0,0,0,0,0,0,0,0,0,0,0,100000,100000,0,0
057827,康友元大98購03  ,0,0,0,0,0,0,0,0,0,0,0,0,0,20000,20000,0,0
057838,台郡國泰99購01  ,0,0,0,0,0,0,0,0,0,0,0,0,0,41000,41000,0,0
057788,嘉聯益國票99購01,0,0,0,0,0,0,0,0,0,0,0,0,0,20000,20000,0,0
057872,旺宏元大99購06  ,0,0,0,0,0,0,0,0,0,0,0,0,0,1000,1000,0,0
057878,台郡元大99購04  ,0,0,0,0,0,0,0,0,0,0,0,0,0,16000,16000,0,0
05787P,臺股指永昌96售04,0,0,0,0,0,0,0,0,0,0,330000,150000,180000,360000,540000,-180000,0
057882,華通群益9A購03  ,0,0,0,0,0,0,0,0,0,0,0,0,0,16000,16000,0,0
057884,華邦電群益98購02,0,0,0,0,0,0,0,0,0,0,0,0,0,35000,35000,0,0
05869P,旺宏凱基96售05  ,0,0,0,0,0,0,0,0,0,0,0,0,0,66000,66000,0,0
05872P,大立光凱基96售15,0,0,0,0,0,0,0,0,0,0,0,0,0,5000,5000,0,0
05842P,台積電元大96售15,0,0,0,0,0,0,0,0,0,0,0,0,0,676000,676000,0,0
057489,奇力新元大99購06,0,0,0,0,0,0,0,0,0,0,0,0,0,12000,12000,0,0
057486,美律元大98購04  ,0,0,0,0,0,0,0,0,0,0,0,0,0,8000,8000,0,0
057463,華邦電永豐98購01,0,0,0,0,0,0,0,0,0,0,0,0,0,84000,84000,0,0
057468,台郡永豐98購01  ,0,0,0,0,0,0,0,0,0,0,0,0,0,16000,16000,0,0
057475,聯電元大9A購01  ,0,0,0,0,0,0,0,0,0,0,0,0,0,50000,50000,0,0
057476,國巨元大98購19  ,0,0,0,0,0,0,0,0,0,0,0,0,0,126000,126000,0,0
057477,智邦元大98購09  ,0,0,0,0,0,0,0,0,0,0,0,0,0,24000,24000,0,0
057495,牧德元大99購04  ,0,0,0,0,0,0,0,0,0,0,0,0,0,16000,16000,0,0
057498,台郡元大98購04  ,0,0,0,0,0,0,0,0,0,0,0,0,0,20000,20000,0,0
057525,光磊元大99購01  ,0,0,0,0,0,0,0,0,0,0,0,0,0,50000,50000,0,0
057530,奇鋐元大99購01  ,0,0,0,0,0,0,0,0,0,0,0,0,0,3000,3000,0,0
05758P,光罩永豐96售02  ,0,0,0,0,0,0,0,0,0,0,0,0,0,90000,90000,0,0
057598,鴻海群益98購07  ,0,0,0,0,0,0,0,0,0,0,0,0,0,19000,19000,0,0
057616,聯電凱基99購01  ,0,0,0,0,0,0,0,0,0,0,0,0,0,60000,60000,0,0
057536,康控元大99購03  ,0,0,0,0,0,0,0,0,0,0,0,0,0,7000,7000,0,0
057554,新日興凱基99購02,0,0,0,0,0,0,0,0,0,0,0,0,0,3000,3000,0,0
057774,台光電群益99購02,0,0,0,0,0,0,0,0,0,0,0,0,0,17000,17000,0,0
057747,致新永豐98購01  ,0,0,0,0,0,0,0,0,0,0,0,0,0,27000,27000,0,0
057763,康控凱基99購02  ,0,0,0,0,0,0,0,0,0,0,0,0,0,6000,6000,0,0
057771,鴻海群益99購01  ,0,0,0,0,0,0,0,0,0,0,0,0,0,72000,72000,0,0
057757,鴻海凱基98購13  ,0,0,0,0,0,0,0,0,0,0,0,0,0,30000,30000,0,0
057758,鴻海凱基99購03  ,0,0,0,0,0,0,0,0,0,0,0,0,0,11000,11000,0,0
057759,聯發科凱基98購17,0,0,0,0,0,0,0,0,0,0,0,0,0,22000,22000,0,0
057719,欣興元富02購01  ,0,0,0,0,0,0,0,0,0,0,0,0,0,10000,10000,0,0
05769P,台積電凱基96售16,0,0,0,0,0,0,0,0,0,0,0,0,0,1000,1000,0,0
057701,嘉聯益群益98購02,0,0,0,0,0,0,0,0,0,0,0,0,0,4000,4000,0,0
057652,欣興永昌9C購01  ,0,0,0,0,0,0,0,0,0,0,0,0,0,20000,20000,0,0
05764P,世紀鋼永豐96售03,0,0,0,0,0,0,0,0,0,0,0,0,0,20000,20000,0,0
057631,康控永豐98購02  ,0,0,0,0,0,0,0,0,0,0,0,0,0,6000,6000,0,0
048023,鴻海凱基93購28  ,0,0,0,0,0,0,0,0,0,0,0,0,0,10000,10000,0,0
048025,鴻海凱基93購30  ,0,0,0,0,0,0,0,0,0,0,0,0,0,470000,470000,0,0
047978,元油反群益97購01,0,0,0,0,0,0,0,0,0,0,0,0,0,1000,1000,0,0
048001,中工元大96購01  ,0,0,0,0,0,0,0,0,0,0,0,0,0,90000,90000,0,0
048094,大立光凱基93購31,0,0,0,0,0,0,0,0,0,0,0,0,0,60000,60000,0,0
048111,奇力新群益93購06,0,0,0,0,0,0,0,0,0,0,0,0,0,3000,3000,0,0
048113,欣興群益93購08  ,0,0,0,0,0,0,0,0,0,0,0,0,0,21000,21000,0,0
048144,華固統一93購01  ,0,0,0,0,0,0,0,0,0,0,0,0,0,10000,10000,0,0
048200,欣興元大93購07  ,0,0,0,0,0,0,0,0,0,0,0,0,0,21000,21000,0,0
048276,旺宏永豐94購01  ,0,0,0,0,0,0,0,0,0,0,0,0,0,50000,50000,0,0
048691,智伸科群益94購01,0,0,0,0,0,0,0,0,0,0,0,0,0,6000,6000,0,0
047847,鴻海統一93購07  ,0,0,0,0,0,0,0,0,0,0,0,0,0,198000,198000,0,0
047855,美律國票94購01  ,0,0,0,0,0,0,0,0,0,0,0,0,0,10000,10000,0,0
047780,友達中信96購01  ,0,0,0,0,0,0,0,0,0,0,0,0,0,20000,20000,0,0
047788,欣興群益93購05  ,0,0,0,0,0,0,0,0,0,0,0,0,0,15000,15000,0,0
047809,瑞昱凱基93購08  ,0,0,0,0,0,0,0,0,0,0,0,0,0,10000,10000,0,0
047801,臺股指兆豐93購01,0,0,0,0,0,0,0,0,0,0,0,0,0,20000,20000,0,0
047826,台泥元大93購01  ,0,0,0,0,0,0,0,0,0,0,0,0,0,100000,100000,0,0
047911,晶技麥證94購01  ,0,0,0,0,7000,-7000,0,0,0,0,0,0,0,7000,7000,0,0
047904,臺指反元大96購01,0,0,0,0,0,0,0,0,0,0,0,0,0,1000,1000,0,0
047883,臺股指永昌93購01,0,0,0,0,0,0,0,0,0,0,0,0,0,40000,40000,0,0
048728,台達電麥證94購01,0,0,0,34000,0,34000,0,0,0,0,0,0,0,34000,34000,0,0
047675,群創元富96購03  ,0,0,0,0,0,0,0,0,0,0,0,0,0,1000,1000,0,0
047309,鴻海元大93購13  ,0,0,0,0,0,0,0,0,0,0,0,0,0,10000,10000,0,0
047663,亞德客永豐93購03,0,0,0,0,0,0,0,0,0,0,0,0,0,10000,10000,0,0
047647,麗豐元大93購03  ,0,0,0,0,0,0,0,0,0,0,0,0,0,34000,34000,0,0
047636,台達電元大93購03,0,0,0,0,0,0,0,0,0,0,0,0,0,1000,1000,0,0
047167,農林康和93購01  ,0,0,0,0,0,0,0,0,0,0,0,0,0,6000,6000,0,0
047288,台郡統一93購01  ,0,0,0,0,0,0,0,0,0,0,0,0,0,10000,10000,0,0
04681P,臺股指統一94售06,0,0,0,0,0,0,0,0,0,0,0,0,0,50000,50000,0,0
046844,旺宏永豐93購01  ,0,0,0,0,0,0,0,0,0,0,0,0,0,100000,100000,0,0
046804,群創元大94購01  ,0,0,0,0,0,0,0,0,0,0,0,0,0,21000,21000,0,0
046756,廣達凱基93購01  ,0,0,0,0,0,0,0,0,0,0,0,0,0,80000,80000,0,0
046650,台表科國泰94購01,0,0,0,0,0,0,0,0,0,0,0,0,0,10000,10000,0,0
046685,世紀鋼群益93購02,0,0,0,0,0,0,0,0,0,0,0,0,0,78000,78000,0,0
046986,台積電凱基93購09,0,0,0,0,0,0,0,0,0,0,0,0,0,10000,10000,0,0
046965,復盛中信93購01  ,0,0,0,0,0,0,0,0,0,0,0,0,0,20000,20000,0,0
04703P,樺漢統一95售01  ,0,0,0,0,0,0,0,0,0,0,0,0,0,108000,108000,0,0
052137,台表科凱基96購02,0,0,0,0,0,0,0,0,0,0,0,0,0,30000,30000,0,0
052148,康友群益95購03  ,0,0,0,0,0,0,0,0,0,0,0,0,0,6000,6000,0,0
052122,新光金國票96購01,0,0,0,0,0,0,0,0,0,0,0,0,0,100000,100000,0,0
052026,漢唐群益95購01  ,0,0,0,0,0,0,0,0,0,0,0,0,0,42000,42000,0,0
052044,華通凱基97購01  ,0,0,0,0,0,0,0,0,0,0,0,0,0,10000,10000,0,0
052010,兆豐金中信95購01,0,0,0,0,0,0,0,0,0,0,0,0,0,50000,50000,0,0
052011,欣興中信96購01  ,0,0,0,0,0,0,0,0,0,0,0,0,0,35000,35000,0,0
052349,鴻海統一95購15  ,0,0,0,0,0,0,0,0,0,0,0,0,0,48000,48000,0,0
04930P,國巨統一94售08  ,0,0,0,0,0,0,0,0,0,0,0,0,0,30000,30000,0,0
05219P,鴻海元大95售17  ,0,0,0,0,0,0,0,0,0,0,0,0,0,185000,185000,0,0
052201,超眾統一96購01  ,0,0,0,0,0,0,0,0,0,0,0,0,0,13000,13000,0,0
052210,華夏元大95購01  ,0,0,0,0,0,0,0,0,0,0,0,0,0,20000,20000,0,0
052230,大立光凱基96購09,0,0,0,0,0,0,0,0,0,0,0,0,0,4000,4000,0,0
052188,欣興群益95購03  ,0,0,0,0,0,0,0,0,0,0,0,0,0,16000,16000,0,0
052173,廣達元大95購02  ,0,0,0,0,0,0,0,0,0,0,0,0,0,128000,128000,0,0
05217P,鴻海統一95售08  ,0,0,0,0,0,0,0,0,0,0,0,0,0,1000,1000,0,0
049156,緯穎元大96購01  ,0,0,0,0,0,0,0,0,0,0,0,0,0,8000,8000,0,0
049030,凌華群益94購01  ,0,0,0,0,0,0,0,0,0,0,0,0,0,10000,10000,0,0
049031,矽格群益94購01  ,0,0,0,0,0,0,0,0,0,0,0,0,0,7000,7000,0,0
048989,矽格元大94購02  ,0,0,0,0,0,0,0,0,0,0,0,0,0,9000,9000,0,0
048983,牧德元大95購01  ,0,0,0,0,0,0,0,0,0,0,0,0,0,17000,17000,0,0
048406,欣興群益93購09  ,0,0,0,0,0,0,0,0,0,0,0,0,0,22000,22000,0,0
04839P,大立光元大94售17,0,0,0,0,0,0,0,0,0,0,0,0,0,100000,100000,0,0
048334,A50正2元大96購01,0,0,0,0,0,0,0,0,0,0,0,0,0,25000,25000,0,0
04891P,友達元大94售01  ,0,0,0,0,0,0,0,0,0,0,0,0,0,50000,50000,0,0
048831,玉晶光凱基95購01,0,0,0,0,0,0,0,0,0,0,0,0,0,1000,1000,0,0
048837,牧德凱基94購04  ,0,0,0,0,0,0,0,0,0,0,0,0,0,19000,19000,0,0
048839,牧德凱基95購01  ,0,0,0,0,0,0,0,0,0,0,0,0,0,30000,30000,0,0
046537,聯發科群益93購02,0,0,0,0,0,0,0,0,0,0,0,0,0,16000,16000,0,0
046493,緯創富邦93購01  ,0,0,0,0,0,0,0,0,0,0,0,0,0,10000,10000,0,0
046487,鴻海永昌92購01  ,0,0,0,0,0,0,0,0,0,0,0,0,0,61000,61000,0,0
046491,滬深2X富邦95購02,0,0,0,0,0,0,0,0,0,0,0,0,0,2000,2000,0,0
046521,台郡元大92購06  ,0,0,0,0,0,0,0,0,0,0,0,0,0,10000,10000,0,0
046356,智伸科群益93購01,0,0,0,0,0,0,0,0,0,0,0,0,0,5000,5000,0,0
04344P,台達電國泰94售01,0,0,0,0,0,0,0,0,0,0,0,0,0,80000,80000,0,0
04341P,美律永豐93售03  ,0,0,0,0,0,0,0,0,0,0,0,0,0,120000,120000,0,0
043757,欣興元大93購01  ,0,0,0,0,0,0,0,0,0,0,0,0,0,12000,12000,0,0
043912,華新科凱基93購01,0,0,0,0,0,0,0,0,0,0,0,0,0,10000,10000,0,0
046148,友達中信94購01  ,0,0,0,0,0,0,0,0,0,0,0,0,0,30000,30000,0,0
042994,葡萄王元大94購02,0,0,0,0,0,0,0,0,0,0,0,0,0,30000,30000,0,0
045015,玉晶光元大94購01,0,0,0,0,0,0,0,0,0,0,0,0,0,18000,18000,0,0
04597P,為升凱基94售02  ,0,0,0,0,0,0,0,0,0,0,0,0,0,85000,85000,0,0
048475,台郡永豐93購02  ,0,0,0,0,0,0,0,0,0,0,0,0,0,10000,10000,0,0
048525,華通國票94購02  ,0,0,0,0,0,0,0,0,0,0,0,0,0,10000,10000,0,0
04853P,易華電永豐94售03,0,0,0,0,0,0,0,0,0,0,0,0,0,27000,27000,0,0
048544,欣興永豐94購01  ,0,0,0,0,0,0,0,0,0,0,0,0,0,18000,18000,0,0
047533,瑞儀元大93購02  ,0,0,0,0,0,0,0,0,0,0,0,0,0,15000,15000,0,0
047546,瑞昱凱基93購06  ,0,0,0,0,0,0,0,0,0,0,0,0,0,10000,10000,0,0
047617,瑞昱凱基93購07  ,0,0,0,0,0,0,0,0,0,0,0,0,0,10000,10000,0,0
048563,明泰元大94購01  ,0,0,0,0,0,0,0,0,0,0,0,0,0,68000,68000,0,0
048636,鴻海元大94購05  ,0,0,0,0,0,0,0,0,0,0,0,0,0,43000,43000,0,0
047437,旺宏元大94購02  ,0,0,0,0,0,0,0,0,0,0,0,0,0,25000,25000,0,0
047477,台積電凱基93購15,0,0,0,0,0,0,0,0,0,0,0,0,0,10000,10000,0,0
047353,台郡凱基93購03  ,0,0,0,0,0,0,0,0,0,0,0,0,0,10000,10000,0,0
047412,鴻海永昌93購05  ,0,0,0,0,0,0,0,0,0,0,0,0,0,335000,335000,0,0
03543P,台泥中信02售01  ,0,0,0,0,0,0,0,0,0,0,0,0,0,100000,100000,0,0
03583P,微星元大02售03  ,0,0,0,0,0,0,0,0,0,0,0,0,0,1000,1000,0,0
03351P,台積電麥證02售07,0,0,0,0,0,0,0,0,0,0,0,0,0,6000,6000,0,0
03656C,臺股指凱基99牛12,0,0,0,0,0,0,0,0,0,0,0,0,0,4000,4000,0,0
036628,統一台新99購01  ,0,0,0,0,0,0,0,0,0,0,0,0,0,1000,1000,0,0
045634,友達凱基93購02  ,0,0,0,0,0,0,0,0,0,0,0,0,0,10000,10000,0,0
045660,欣興富邦93購03  ,0,0,0,0,0,0,0,0,0,0,0,0,0,9000,9000,0,0
045818,鴻海凱基93購10  ,0,0,0,0,0,0,0,0,0,0,0,0,0,10000,10000,0,0
045782,欣興元大93購04  ,0,0,0,0,0,0,0,0,0,0,0,0,0,19000,19000,0,0
044908,玉晶光凱基93購01,0,0,0,0,0,0,0,0,0,0,0,0,0,108000,108000,0,0
044909,玉晶光凱基93購02,0,0,0,0,0,0,0,0,0,0,0,0,0,27000,27000,0,0
04478P,元油2X中信95售03,0,0,0,0,0,0,0,0,0,0,0,0,0,20000,20000,0,0
044758,玉山金凱基93購01,0,0,0,0,0,0,0,0,0,0,0,0,0,20000,20000,0,0
00700,富邦恒生國企    ,0,0,0,0,0,0,0,0,0,0,0,0,0,100000,100000,0,0
00707R,元大S&P日圓反1  ,0,0,0,0,0,0,0,0,0,0,0,0,0,1000,1000,0,0
00775B,新光投等債15+   ,0,0,0,0,0,0,0,0,0,0,0,0,0,2000,2000,0,0
00776,新光ICE美國權值 ,0,0,0,0,0,0,0,0,0,0,0,0,0,2000,2000,0,0
00767,FH美國金融股    ,0,0,0,0,0,0,0,0,0,0,0,0,0,2000,2000,0,0
00657K,國泰日經225+U   ,0,0,0,0,0,0,0,0,0,0,0,0,0,1000,1000,0,0
00682U,元大美元指數    ,0,0,0,0,0,0,0,0,0,0,0,0,0,40000,40000,0,0
00668K,國泰美國道瓊+U  ,0,0,0,0,0,0,0,0,0,0,0,0,0,100,100,0,0
0057,富邦摩台        ,0,0,0,0,0,0,0,0,0,0,0,0,0,22000,22000,0,0
00625K,富邦上証+R      ,0,0,0,0,0,0,0,0,0,0,0,0,0,50000,50000,0,0
00636K,國泰中國A50+U   ,0,0,0,0,0,0,0,0,0,0,0,0,0,100,100,0,0
050615,奇力新元大95購03,0,0,0,0,0,0,0,0,0,0,0,0,0,1000,1000,0,0
050610,鴻海元大94購24  ,0,0,0,0,0,0,0,0,0,0,0,0,0,69000,69000,0,0
050609,鴻海元大94購23  ,0,0,0,0,0,0,0,0,0,0,0,0,0,5000,5000,0,0
050670,牧德永豐94購03  ,0,0,0,0,0,0,0,0,0,0,0,0,0,15000,15000,0,0
050660,欣興元大96購02  ,0,0,0,0,0,0,0,0,0,0,0,0,0,22000,22000,0,0
050652,大立光凱基96購03,0,0,0,0,0,0,0,0,0,0,0,0,0,4000,4000,0,0
049407,台積電日盛94購02,0,0,0,0,0,0,0,0,0,0,0,0,0,110000,110000,0,0
049455,上海銀統一94購02,0,0,0,0,0,0,0,0,0,0,0,0,0,10000,10000,0,0
049487,智邦元大94購03  ,0,0,0,0,0,0,0,0,0,0,0,0,0,1000,1000,0,0
050690,台達電凱基96購01,0,0,0,0,0,0,0,0,0,0,0,0,0,12000,12000,0,0
051108,鴻海統一96購02  ,0,0,0,0,0,0,0,0,0,0,0,0,0,10000,10000,0,0
051100,同欣電元大95購01,0,0,0,0,0,0,0,0,0,0,0,0,0,2000,2000,0,0
051098,矽格元大95購01  ,0,0,0,0,0,0,0,0,0,0,0,0,0,2000,2000,0,0
051094,健策元大96購03  ,0,0,0,0,0,0,0,0,0,0,0,0,0,16000,16000,0,0
051764,欣興元大95購07  ,0,0,0,0,0,0,0,0,0,0,0,0,0,15000,15000,0,0
051137,聯詠永豐95購01  ,0,0,0,0,0,0,0,0,0,0,0,0,0,20000,20000,0,0
050722,聯電國票96購01  ,0,0,0,0,0,0,0,0,0,0,0,0,0,10000,10000,0,0
050774,健策元大96購02  ,0,0,0,0,0,0,0,0,0,0,0,0,0,2000,2000,0,0
050804,和大日盛95購01  ,0,0,0,0,0,0,0,0,0,0,0,0,0,10000,10000,0,0
050809,鴻海凱基95購08  ,0,0,0,0,0,0,0,0,0,0,0,0,0,24000,24000,0,0
050813,旺宏凱基96購01  ,0,0,0,0,0,0,0,0,0,0,0,0,0,10000,10000,0,0
050818,華新科凱基95購02,0,0,0,0,0,0,0,0,0,0,0,0,0,25000,25000,0,0
050259,鴻海元大94購14  ,0,0,0,0,0,0,0,0,0,0,0,0,0,7000,7000,0,0
05025P,聯發科群益95售02,0,0,0,0,0,0,0,0,0,0,0,0,0,5000,5000,0,0
050238,瑞昱凱基94購05  ,0,0,0,0,0,0,0,0,0,0,0,0,0,5000,5000,0,0
050204,華新科群益94購05,0,0,0,0,0,0,0,0,0,0,0,0,0,50000,50000,0,0
050028,華新科元大94購03,0,0,0,0,0,0,0,0,0,0,0,0,0,3000,3000,0,0
050036,矽格元大94購03  ,0,0,0,0,0,0,0,0,0,0,0,0,0,7000,7000,0,0
049911,智邦元大94購05  ,0,0,0,0,0,0,0,0,0,0,0,0,0,76000,76000,0,0
04990P,臻鼎元大94售04  ,0,0,0,0,0,0,0,0,0,0,0,0,0,10000,10000,0,0
049908,鴻海元大94購08  ,0,0,0,0,0,0,0,0,0,0,0,0,0,42000,42000,0,0
049934,緯穎元大94購08  ,0,0,0,0,0,0,0,0,0,0,0,0,0,15000,15000,0,0
049977,瑞昱凱基94購03  ,0,0,0,0,0,0,0,0,0,0,0,0,0,1000,1000,0,0
050516,華通元大95購05  ,0,0,0,0,0,0,0,0,0,0,0,0,0,32000,32000,0,0
050512,台泥元大94購01  ,0,0,0,0,0,0,0,0,0,0,0,0,0,7000,7000,0,0
050553,緯穎凱基94購06  ,0,0,0,0,0,0,0,0,0,0,0,0,0,5000,5000,0,0
050522,聯發科元大95購03,0,0,0,0,0,0,0,0,0,0,0,0,0,362000,362000,0,0
05054P,臻鼎群益95售02  ,0,0,0,0,0,0,0,0,0,0,0,0,0,10000,10000,0,0
051007,台光電麥證95購01,0,0,0,10000,10000,0,0,0,0,0,0,0,0,10000,10000,0,0
051637,嘉聯益國票96購01,0,0,0,0,0,0,0,0,0,0,0,0,0,81000,81000,0,0
051661,華新科永昌96購01,0,0,0,0,0,0,0,0,0,0,0,0,0,2000,2000,0,0
049403,欣興群益94購03  ,0,0,0,0,0,0,0,0,0,0,0,0,0,22000,22000,0,0
050869,健策永豐95購01  ,0,0,0,0,0,0,0,0,0,0,0,0,0,10000,10000,0,0
051608,新日興群益96購01,0,0,0,0,0,0,0,0,0,0,0,0,0,10000,10000,0,0
051611,鈺齊群益95購02  ,0,0,0,0,0,0,0,0,0,0,0,0,0,11000,11000,0,0
050836,緯穎凱基95購01  ,0,0,0,0,0,0,0,0,0,0,0,0,0,5000,5000,0,0
050113,欣興元大95購05  ,0,0,0,0,0,0,0,0,0,0,0,0,0,23000,23000,0,0
050119,瀚宇博元大95購03,0,0,0,0,0,0,0,0,0,0,0,0,0,8000,8000,0,0
052313,聯電元大98購01  ,0,0,0,0,0,0,0,0,0,0,0,0,0,20000,20000,0,0
052342,茂林凱基96購01  ,0,0,0,0,0,0,0,0,0,0,0,0,0,10000,10000,0,0
049344,華固統一94購01  ,0,0,0,0,0,0,0,0,0,0,0,0,0,10000,10000,0,0
049345,富邦金統一94購02,0,0,0,0,0,0,0,0,0,0,0,0,0,10000,10000,0,0
050059,旺宏凱基94購03  ,0,0,0,0,0,0,0,0,0,0,0,0,0,1000,1000,0,0
049381,欣興元大94購05  ,0,0,0,0,0,0,0,0,0,0,0,0,0,18000,18000,0,0
051714,健鼎台新95購01  ,0,0,0,0,0,0,0,0,0,0,0,0,0,10000,10000,0,0
049598,超眾元大95購03  ,0,0,0,0,0,0,0,0,0,0,0,0,0,20000,20000,0,0
049600,緯穎元大95購02  ,0,0,0,0,0,0,0,0,0,0,0,0,0,5000,5000,0,0
049592,欣興元大96購01  ,0,0,0,0,0,0,0,0,0,0,0,0,0,24000,24000,0,0
050920,旺宏凱基95購01  ,0,0,0,0,0,0,0,0,0,0,0,0,0,25000,25000,0,0
050978,鴻海元富95購03  ,0,0,0,0,0,0,0,0,0,0,0,0,0,30000,30000,0,0
050187,群創元大94購03  ,0,0,0,0,0,0,0,0,0,0,0,0,0,40000,40000,0,0
050188,貿聯元大96購01  ,0,0,0,0,0,0,0,0,0,0,0,0,0,21000,21000,0,0
049700,瀚宇博元大97購01,0,0,0,0,0,0,0,0,0,0,0,0,0,15000,15000,0,0
049810,欣興元大95購03  ,0,0,0,0,0,0,0,0,0,0,0,0,0,22000,22000,0,0
049795,華通元大96購02  ,0,0,0,0,0,0,0,0,0,0,0,0,0,10000,10000,0,0
051404,牧德永豐96購01  ,0,0,0,0,0,0,0,0,0,0,0,0,0,15000,15000,0,0
051424,緯穎國票97購01  ,0,0,0,0,0,0,0,0,0,0,0,0,0,3000,3000,0,0
05138P,嘉聯益凱基96售02,0,0,0,0,0,0,0,0,0,0,0,0,0,60000,60000,0,0
051337,欣興永豐95購02  ,0,0,0,0,0,0,0,0,0,0,0,0,0,23000,23000,0,0
051352,南亞科元大95購02,0,0,0,0,0,0,0,0,0,0,0,0,0,30000,30000,0,0
05135P,鴻海凱基96售07  ,0,0,0,0,0,0,0,0,0,0,0,0,0,1000,1000,0,0
05180P,玉晶光凱基95售04,0,0,0,0,0,0,0,0,0,0,0,0,0,20000,20000,0,0
051312,國泰金麥證95購01,0,0,0,10000,10000,0,0,0,0,0,0,0,0,10000,10000,0,0
05146P,鴻海元大95售10  ,0,0,0,0,0,0,0,0,0,0,0,0,0,388000,388000,0,0
05148P,臻鼎元大95售01  ,0,0,0,0,0,0,0,0,0,0,0,0,0,10000,10000,0,0
051474,智邦凱基95購04  ,0,0,0,0,0,0,0,0,0,0,0,0,0,20000,20000,0,0
05152P,玉晶光群益96售05,0,0,0,0,0,0,0,0,0,0,0,0,0,20000,20000,0,0
051539,瀚宇博國票97購01,0,0,0,0,0,0,0,0,0,0,0,0,0,35000,35000,0,0
051553,牧德永豐96購02  ,0,0,0,0,0,0,0,0,0,0,0,0,0,15000,15000,0,0
051560,玉晶光國泰97購03,0,0,0,0,0,0,0,0,0,0,0,0,0,114000,114000,0,0
051575,國巨元大96購03  ,0,0,0,0,0,0,0,0,0,0,0,0,0,10000,10000,0,0
051579,宏碁元大95購01  ,0,0,0,0,0,0,0,0,0,0,0,0,0,22000,22000,0,0
049208,台郡群益94購01  ,0,0,0,0,0,0,0,0,0,0,0,0,0,30000,30000,0,0
049204,京元電群益94購02,0,0,0,0,0,0,0,0,0,0,0,0,0,10000,10000,0,0
051984,台塑元大95購01  ,0,0,0,0,0,0,0,0,0,0,0,0,0,128000,128000,0,0
051934,緯穎國票96購01  ,0,0,0,0,0,0,0,0,0,0,0,0,0,1000,1000,0,0
051171,T50反1第一95購01,0,0,0,0,0,0,0,0,0,0,0,0,0,3000,3000,0,0
051201,台積電麥證95購02,0,0,0,630000,630000,0,0,0,0,0,0,0,0,630000,630000,0,0
050352,欣興群益95購01  ,0,0,0,0,0,0,0,0,0,0,0,0,0,20000,20000,0,0
050356,緯穎群益94購05  ,0,0,0,0,0,0,0,0,0,0,0,0,0,19000,19000,0,0
050366,鴻海元大94購19  ,0,0,0,0,0,0,0,0,0,0,0,0,0,3000,3000,0,0
050367,鴻海元大94購20  ,0,0,0,0,0,0,0,0,0,0,0,0,0,194000,194000,0,0
050339,鴻海統一94購06  ,0,0,0,0,0,0,0,0,0,0,0,0,0,48000,48000,0,0
050329,超眾永豐94購03  ,0,0,0,0,0,0,0,0,0,0,0,0,0,20000,20000,0,0
051899,欣興國泰97購01  ,0,0,0,0,0,0,0,0,0,0,0,0,0,25000,25000,0,0
051905,道瓊銀元大95購01,0,0,0,0,0,0,0,0,0,0,0,0,0,29000,29000,0,0
049495,欣興元大94購06  ,0,0,0,0,0,0,0,0,0,0,0,0,0,23000,23000,0,0
051849,旺宏中信98購01  ,0,0,0,0,0,0,0,0,0,0,0,0,0,3000,3000,0,0
051873,緯穎凱基95購02  ,0,0,0,0,0,0,0,0,0,0,0,0,0,13000,13000,0,0
05187P,力山凱基95售01  ,0,0,0,0,0,0,0,0,0,0,0,0,0,25000,25000,0,0
050402,緯穎中信96購01  ,0,0,0,0,0,0,0,0,0,0,0,0,0,11000,11000,0,0
050404,元大金麥證94購01,0,0,0,20000,20000,0,0,0,0,0,0,0,0,20000,20000,0,0
050405,新光金麥證94購01,0,0,0,5000,5000,0,0,0,0,0,0,0,0,5000,5000,0,0
050396,欣興元富94購02  ,0,0,0,0,0,0,0,0,0,0,0,0,0,100000,100000,0,0
049308,台達電凱基94購04,0,0,0,0,0,0,0,0,0,0,0,0,0,6000,6000,0,0
052001,寶成元大95購02  ,0,0,0,0,0,0,0,0,0,0,0,0,0,68000,68000,0,0
049249,台達電元大94購05,0,0,0,0,0,0,0,0,0,0,0,0,0,13000,13000,0,0
049231,鴻海富邦95購02  ,0,0,0,0,0,0,0,0,0,0,0,0,0,10000,10000,0,0
049268,聯茂元大94購03  ,0,0,0,0,0,0,0,0,0,0,0,0,0,40000,40000,0,0
052543,聯詠元富95購01  ,0,0,0,0,0,0,0,0,0,0,0,0,0,10000,10000,0,0
053122,美律凱基98購01  ,0,0,0,0,0,0,0,0,0,0,0,0,0,20000,20000,0,0
053129,緯穎凱基96購01  ,0,0,0,0,0,0,0,0,0,0,0,0,0,25000,25000,0,0
052636,大立光凱基96購10,0,0,0,0,0,0,0,0,0,0,0,0,0,85000,85000,0,0
052637,欣興凱基97購01  ,0,0,0,0,0,0,0,0,0,0,0,0,0,100000,100000,0,0
052638,緯創凱基96購02  ,0,0,0,0,0,0,0,0,0,0,0,0,0,68000,68000,0,0
052633,國巨凱基96購05  ,0,0,0,0,0,0,0,0,0,0,0,0,0,34000,34000,0,0
053093,緯穎元大96購06  ,0,0,0,0,0,0,0,0,0,0,0,0,0,88000,88000,0,0
053099,正崴元富96購01  ,0,0,0,0,0,0,0,0,0,0,0,0,0,6000,6000,0,0
053101,創意元富96購03  ,0,0,0,0,0,0,0,0,0,0,0,0,0,10000,10000,0,0
053107,旺宏兆豐97購01  ,0,0,0,0,0,0,0,0,0,0,0,0,0,14000,14000,0,0
052702,群創國票97購03  ,0,0,0,0,0,0,0,0,0,0,0,0,0,20000,20000,0,0
052696,玉晶光麥證97購01,0,0,0,10000,10000,0,0,0,0,0,0,0,0,10000,10000,0,0
052670,茂林群益96購02  ,0,0,0,0,0,0,0,0,0,0,0,0,0,187000,187000,0,0
052667,漢唐群益96購01  ,0,0,0,0,0,0,0,0,0,0,0,0,0,53000,53000,0,0
052566,國巨凱基96購04  ,0,0,0,0,0,0,0,0,0,0,0,0,0,10000,10000,0,0
052604,建準元大97購01  ,0,0,0,0,0,0,0,0,0,0,0,0,0,23000,23000,0,0
052784,緯穎國票97購02  ,0,0,0,0,0,0,0,0,0,0,0,0,0,6000,6000,0,0
05243P,鴻海元大95售19  ,0,0,0,0,0,0,0,0,0,0,0,0,0,198000,198000,0,0
05330P,臺股指凱基95售14,0,0,0,0,0,0,0,0,0,0,0,0,0,1000,1000,0,0
053328,滬深2X永豐99購01,0,0,0,0,0,0,0,0,0,0,0,0,0,40000,40000,0,0
053323,群創群益98購07  ,0,0,0,0,0,0,0,0,0,0,0,0,0,78000,78000,0,0
053366,樺漢國泰98購01  ,0,0,0,0,0,0,0,0,0,0,0,0,0,21000,21000,0,0
053370,上証2X元大97購03,0,0,0,0,0,0,0,0,0,0,0,0,0,5000,5000,0,0
053374,台達電元大96購03,0,0,0,0,0,0,0,0,0,0,0,0,0,10000,10000,0,0
053375,鴻海元大96購18  ,0,0,0,0,0,0,0,0,0,0,0,0,0,44000,44000,0,0
053505,瑞儀兆豐97購01  ,0,0,0,0,0,0,0,0,0,0,0,0,0,10000,10000,0,0
053590,新光金元大9A購02,0,0,0,0,0,0,0,0,0,0,0,0,0,9000,9000,0,0
053545,上銀凱基96購03  ,0,0,0,0,0,0,0,0,0,0,0,0,0,7000,7000,0,0
053548,旺宏凱基96購04  ,0,0,0,0,0,0,0,0,0,0,0,0,0,10000,10000,0,0
053194,緯穎統一99購01  ,0,0,0,0,0,0,0,0,0,0,0,0,0,3000,3000,0,0
053198,亞德客日盛96購01,0,0,0,0,0,0,0,0,0,0,0,0,0,2000,2000,0,0
053199,旺宏日盛96購01  ,0,0,0,0,0,0,0,0,0,0,0,0,0,23000,23000,0,0
053060,大立光永昌96購05,0,0,0,0,0,0,0,0,0,0,0,0,0,4000,4000,0,0
052662,華新科國票97購01,0,0,0,0,0,0,0,0,0,0,0,0,0,21000,21000,0,0
05265P,正崴元大95售03  ,1000,0,1000,0,0,0,0,0,0,-1000,0,0,0,0,1000,-1000,0
053015,緯創統一96購01  ,0,0,0,0,0,0,0,0,0,0,0,0,0,48000,48000,0,0
053185,友達中信99購01  ,0,0,0,0,0,0,0,0,0,0,0,0,0,20000,20000,0,0
053151,華新科元大96購04,0,0,0,0,0,0,0,0,0,0,0,0,0,15000,15000,0,0
052990,超眾元大97購01  ,0,0,0,0,0,0,0,0,0,0,0,0,0,5000,5000,0,0
052988,智易元大96購02  ,0,0,0,0,0,0,0,0,0,0,0,0,0,3000,3000,0,0
05318P,臺股指永昌95售03,0,0,0,0,0,0,0,0,0,0,130000,0,130000,80000,210000,-130000,0
052910,鴻海統一96購10  ,0,0,0,0,0,0,0,0,0,0,0,0,0,48000,48000,0,0
052921,大成鋼永豐96購01,0,0,0,0,0,0,0,0,0,0,0,0,0,68000,68000,0,0
052455,樺漢元大96購03  ,0,0,0,0,0,0,0,0,0,0,0,0,0,40000,40000,0,0
054050,創意元大96購06  ,0,0,0,0,0,0,0,0,0,0,0,0,0,9000,9000,0,0
054111,緯穎凱基97購01  ,0,0,0,0,0,0,0,0,0,0,0,0,0,45000,45000,0,0
054100,致伸國票97購03  ,0,0,0,0,0,0,0,0,0,0,0,0,0,10000,10000,0,0
054134,強茂元大96購01  ,0,0,0,0,0,0,0,0,0,0,0,0,0,243000,243000,0,0
054068,華通國泰96購02  ,0,0,0,0,0,0,0,0,0,0,0,0,0,10000,10000,0,0
054261,智伸科元大96購03,0,0,0,0,0,0,0,0,0,0,0,0,0,64000,64000,0,0
054258,牧德元大97購01  ,0,0,0,0,0,0,0,0,0,0,0,0,0,31000,31000,0,0
054250,漢唐元大96購04  ,0,0,0,0,0,0,0,0,0,0,0,0,0,4000,4000,0,0
054256,創意元大96購07  ,0,0,0,0,0,0,0,0,0,0,0,0,0,17000,17000,0,0
054242,元油反元大98購02,0,0,0,0,0,0,0,0,0,0,0,0,0,200000,200000,0,0
054246,國巨元大96購12  ,0,0,0,0,0,0,0,0,0,0,0,0,0,69000,69000,0,0
054283,元油反元大99購02,0,0,0,0,0,0,0,0,0,0,0,0,0,998000,998000,0,0
05426P,聯發科凱基95售12,0,0,0,0,0,0,0,0,0,0,0,0,0,4000,4000,0,0
054292,欣興元大96購06  ,0,0,0,0,0,0,0,0,0,0,0,0,0,20000,20000,0,0
054162,光罩凱基98購01  ,0,0,0,0,0,0,0,0,0,0,0,0,0,17000,17000,0,0
053937,光磊元富96購01  ,0,0,0,0,0,0,0,0,0,0,0,0,0,50000,50000,0,0
053944,亞泥富邦97購01  ,0,0,0,0,0,0,0,0,0,0,0,0,0,20000,20000,0,0
053891,欣興群益98購01  ,0,0,0,0,0,0,0,0,0,0,0,0,0,15000,15000,0,0
053902,S&P反1凱基97購01,0,0,0,0,0,0,0,0,0,0,0,0,0,394000,394000,0,0
053905,華新科凱基96購10,0,0,0,0,0,0,0,0,0,0,0,0,0,5000,5000,0,0
053784,奇力新元大97購02,0,0,0,0,0,0,0,0,0,0,0,0,0,7000,7000,0,0
053861,台光電元大98購01,0,0,0,0,0,0,0,0,0,0,0,0,0,21000,21000,0,0
053867,創意元大96購04  ,0,0,0,0,0,0,0,0,0,0,0,0,0,81000,81000,0,0
053647,臺股指國票96購10,0,0,0,0,0,0,0,0,0,0,0,0,0,70000,70000,0,0
053653,京元電凱基96購02,0,0,0,0,0,0,0,0,0,0,0,0,0,4000,4000,0,0
053692,聯詠元大96購04  ,0,0,0,0,0,0,0,0,0,0,0,0,0,400000,400000,0,0
053684,台積電元大96購17,0,0,0,0,0,0,0,0,0,0,0,0,0,300000,300000,0,0
053672,嘉澤元富96購02  ,0,0,0,0,0,0,0,0,0,0,0,0,0,10000,10000,0,0
053778,旺宏元大97購03  ,0,0,0,0,0,0,0,0,0,0,0,0,0,272000,272000,0,0
053781,友達元大9B購03  ,0,0,0,0,0,0,0,0,0,0,0,0,0,10000,10000,0,0
054855,得力群益98購01  ,0,0,0,0,0,0,0,0,0,0,0,0,0,20000,20000,0,0
054858,台肥群益97購01  ,0,0,0,0,0,0,0,0,0,0,0,0,0,11000,11000,0,0
054826,復盛元大9A購01  ,0,0,0,0,0,0,0,0,0,0,0,0,0,10000,10000,0,0
054939,台積電元大97購15,0,0,0,0,0,0,0,0,0,0,0,0,0,193000,193000,0,0
054940,台積電元大97購16,0,0,0,0,0,0,0,0,0,0,0,0,0,300000,300000,0,0
054669,凌華元富97購01  ,0,0,0,0,0,0,0,0,0,0,0,0,0,20000,20000,0,0
05470P,康控元大95售05  ,0,0,0,0,0,0,0,0,0,0,0,0,0,80000,80000,0,0
054814,台積電元大97購13,0,0,0,0,0,0,0,0,0,0,0,0,0,206000,206000,0,0
054809,大成鋼元大97購01,0,0,0,0,0,0,0,0,0,0,0,0,0,5000,5000,0,0
054366,和大中信98購01  ,0,0,0,0,0,0,0,0,0,0,0,0,0,40000,40000,0,0
054310,牧德凱基98購01  ,0,0,0,0,0,0,0,0,0,0,0,0,0,21000,21000,0,0
054314,嘉聯益凱基97購01,0,0,0,0,0,0,0,0,0,0,0,0,0,10000,10000,0,0
054420,緯穎元大96購08  ,0,0,0,0,0,0,0,0,0,0,0,0,0,45000,45000,0,0
054387,台積電統一98購02,0,0,0,0,0,0,0,0,0,0,0,0,0,20000,20000,0,0
054409,亞光國票97購02  ,0,0,0,0,0,0,0,0,0,0,0,0,0,10000,10000,0,0
054522,康友元大96購07  ,0,0,0,0,0,0,0,0,0,0,0,0,0,41000,41000,0,0
054507,鈺齊永豐96購01  ,0,0,0,0,0,0,0,0,0,0,0,0,0,68000,68000,0,0
054480,和碩中信98購01  ,0,0,0,0,0,0,0,0,0,0,0,0,0,30000,30000,0,0
054651,台化麥證97購01  ,0,0,0,20000,20000,0,0,0,0,0,0,0,0,20000,20000,0,0
054588,玉晶光國泰99購02,0,0,0,0,0,0,0,0,0,0,0,0,0,27000,27000,0,0
055139,欣興永豐97購01  ,0,0,0,0,0,0,0,0,0,0,0,0,0,11000,11000,0,0
055299,康友元大97購02  ,0,0,0,0,0,0,0,0,0,0,0,0,0,28000,28000,0,0
055295,瀚宇博元大97購02,0,0,0,0,0,0,0,0,0,0,0,0,0,85000,85000,0,0
055293,晶相光元大97購01,0,0,0,0,0,0,0,0,0,0,0,0,0,100000,100000,0,0
055281,台光電元大98購03,0,0,0,0,0,0,0,0,0,0,0,0,0,5000,5000,0,0
05520P,聯詠凱基96售01  ,0,0,0,0,0,0,0,0,0,0,0,0,0,10000,10000,0,0
05517P,臻鼎元大96售01  ,0,0,0,0,0,0,0,0,0,0,0,0,0,3000,3000,0,0
055466,台達電凱基97購03,0,0,0,0,0,0,0,0,0,0,0,0,0,10000,10000,0,0
055484,華通元大97購04  ,0,0,0,0,0,0,0,0,0,0,0,0,0,29000,29000,0,0
055552,瑞昱凱基97購02  ,0,0,0,0,0,0,0,0,0,0,0,0,0,48000,48000,0,0
055536,嘉聯益群益99購02,0,0,0,0,0,0,0,0,0,0,0,0,0,4000,4000,0,0
055548,旺宏凱基97購02  ,0,0,0,0,0,0,0,0,0,0,0,0,0,10000,10000,0,0
05535P,台積電元大97售06,0,0,0,0,0,0,0,0,0,0,0,0,0,950000,950000,0,0
055441,緯穎國票98購01  ,0,0,0,0,0,0,0,0,0,0,0,0,0,1000,1000,0,0
055425,聚陽群益99購01  ,0,0,0,0,0,0,0,0,0,0,0,0,0,51000,51000,0,0
06650P,聯發科元大98售09,0,0,0,0,0,0,0,0,0,0,0,0,0,5000,5000,0,0
06613P,華新科富邦9A售03,0,0,0,0,0,0,0,0,0,0,0,0,0,100000,100000,0,0
06620P,聯發科元大98售07,0,0,0,0,0,0,0,0,0,0,0,0,0,5000,5000,0,0
06575P,大立光永昌99售02,0,0,0,0,0,0,0,0,0,0,0,0,0,17000,17000,0,0
06558P,旺宏元富98售02  ,0,0,0,0,0,0,0,0,0,0,0,0,0,3000,3000,0,0
06672P,聯發科群益98售05,0,0,0,0,0,0,0,0,0,0,0,0,0,5000,5000,0,0
06661P,玉晶光永豐98售05,0,0,0,0,0,0,0,0,0,0,0,0,0,18000,18000,0,0
06546P,聯發科元大98售05,0,0,0,0,0,0,0,0,0,0,0,0,0,5000,5000,0,0
06534P,聯發科群益98售04,0,0,0,0,0,0,0,0,0,0,0,0,0,5000,5000,0,0
06481P,台積電凱基98售12,0,0,0,0,0,0,0,0,0,0,0,0,0,5000,5000,0,0
06494P,鴻海永昌98售03  ,0,0,0,0,0,0,0,0,0,0,0,0,0,81000,81000,0,0
06373P,聯發科元大97售22,0,0,0,0,0,0,0,0,0,0,0,0,0,5000,5000,0,0
06415P,台積電群益97售07,0,0,0,0,0,0,0,0,0,0,0,0,0,10000,10000,0,0
06444P,大立光凱基98售08,0,0,0,0,0,0,0,0,0,0,0,0,0,40000,40000,0,0
06349P,臺股指台新99售01,0,0,0,0,0,0,0,0,0,0,0,0,0,1000,1000,0,0
06231P,台積電永豐97售05,0,0,0,0,0,0,0,0,0,0,0,0,0,136000,136000,0,0
06242P,大立光元富9A售02,0,0,0,0,0,0,0,0,0,0,0,0,0,13000,13000,0,0
06254P,臺股指群益97售07,0,0,0,0,0,0,0,0,0,0,0,0,0,10000,10000,0,0
06246P,茂林元富97售03  ,0,0,0,0,0,0,0,0,0,0,0,0,0,33000,33000,0,0
06042P,華新科永豐96售04,0,0,0,0,0,0,0,0,0,0,0,0,0,40000,40000,0,0
06074P,台積電凱基98售04,0,0,0,0,0,0,0,0,0,0,0,0,0,1000,1000,0,0
06064P,台積電台新98售01,0,0,0,0,0,0,0,0,0,0,0,0,0,100000,100000,0,0
06140P,華新科群益97售06,0,0,0,0,0,0,0,0,0,0,0,0,0,11000,11000,0,0
06137P,玉晶光永豐97售04,0,0,0,0,0,0,0,0,0,0,0,0,0,17000,17000,0,0
08890P,為升元大01售04  ,0,0,0,0,0,0,0,0,0,0,0,0,0,100000,100000,0,0
06835P,台灣50國票9A售01,0,0,0,0,0,0,0,0,0,0,0,0,0,4000,4000,0,0
06814P,臺股指元富98售03,0,0,0,0,0,0,0,0,0,0,0,0,0,10000,10000,0,0
06812P,台灣50元富9C售01,0,0,0,0,0,0,0,0,0,0,0,0,0,4000,4000,0,0
06845P,億光元大98售02  ,0,0,0,0,0,0,0,0,0,0,0,0,0,50000,50000,0,0
06777P,鴻海元大99售06  ,0,0,0,0,0,0,0,0,0,0,0,0,0,481000,481000,0,0
06764P,聯發科元大98售11,0,0,0,0,0,0,0,0,0,0,0,0,0,5000,5000,0,0
06800P,台灣50群益9A售02,0,0,0,0,0,0,0,0,0,0,0,0,0,4000,4000,0,0
06779P,智邦元大98售12  ,0,0,0,0,0,0,0,0,0,0,0,0,0,22000,22000,0,0
06783P,亞光元大98售03  ,0,0,0,0,0,0,0,0,0,0,0,0,0,16000,16000,0,0
1587,吉茂            ,2000,2000,0,0,0,0,0,0,0,0,0,0,0,0,0,0,0
1463,強盛            ,1000,2000,-1000,0,0,0,0,0,0,1000,1000,0,1000,0,0,0,0
1466,聚隆            ,0,0,0,0,0,0,0,0,0,0,1000,1000,0,0,0,0,0
2616,山隆            ,6000,5000,1000,0,0,0,0,0,0,-1000,0,1000,-1000,0,0,0,0
2611,志信            ,2000,2000,0,0,0,0,0,0,0,0,0,0,0,0,0,0,0
2022,聚亨            ,7000,7000,0,0,0,0,0,0,0,0,0,0,0,0,0,0,0
2024,志聯            ,1000,1000,0,0,0,0,0,0,0,0,0,0,0,0,0,0,0
6172,互億            ,3000,2000,1000,0,0,0,0,0,0,-1000,0,1000,-1000,0,0,0,0
6215,和椿            ,3000,3000,0,0,0,0,0,0,0,0,0,0,0,0,0,0,0
5284,jpp-KY          ,1000,1000,0,0,0,0,0,0,0,0,0,0,0,0,0,0,0
4557,永新-KY         ,1000,1000,0,0,0,0,0,0,0,0,0,0,0,0,0,0,0
3050,鈺德            ,24000,24000,0,0,0,0,0,0,0,0,0,0,0,0,0,0,0
3027,盛達            ,3000,3000,0,0,0,0,0,0,0,0,0,0,0,0,0,0,0
3032,偉訓            ,3000,3000,0,0,0,0,0,0,0,0,0,0,0,0,0,0,0
3058,立德            ,2000,2000,0,0,0,0,0,0,0,0,0,0,0,0,0,0,0
4133,亞諾法          ,1000,1000,0,0,0,0,0,0,0,0,0,0,0,0,0,0,0
4439,冠星-KY         ,0,1000,-1000,0,0,0,0,0,0,1000,1000,0,1000,0,0,0,0
6573,虹揚-KY         ,1000,1000,0,0,0,0,0,0,0,0,0,0,0,0,0,0,0
8442,威宏-KY         ,2000,2000,0,0,0,0,0,0,0,0,0,0,0,0,0,0,0
057648,和碩元大98購01  ,0,0,0,0,0,0,0,0,0,-1000,0,0,0,0,1000,-1000,-1000
05767P,國巨凱基96售11  ,0,0,0,0,0,0,0,0,0,-1000,0,0,0,39000,40000,-1000,-1000
057535,泰鼎元大99購01  ,0,0,0,0,0,0,0,0,0,-1000,0,0,0,33000,34000,-1000,-1000
057533,晶相光元大98購02,0,0,0,0,0,0,0,0,0,-1000,0,0,0,28000,29000,-1000,-1000
057508,康控國票99購03  ,0,0,0,0,0,0,0,0,0,-1000,0,0,0,18000,19000,-1000,-1000
05846P,大立光元大96售07,0,0,0,0,0,0,0,0,0,-1000,0,0,0,201000,202000,-1000,-1000
05865P,大立光元大96售09,0,0,0,0,0,0,0,0,0,-1000,0,0,0,150000,151000,-1000,-1000
05830P,滬深2X元富99售03,0,0,0,0,0,0,0,0,0,-1000,0,0,0,77000,78000,-1000,-1000
05784P,臺股指元大96售18,0,0,0,0,0,0,0,0,0,-1000,0,0,0,0,1000,-1000,-1000
057815,信邦元大98購01  ,0,0,0,0,0,0,0,0,0,-1000,0,0,0,0,1000,-1000,-1000
05929P,宏達電康和96售01,0,0,0,0,0,0,0,0,0,-1000,0,0,0,0,1000,-1000,-1000
057284,新日興元大98購03,0,0,0,0,0,0,0,0,0,-1000,0,0,0,0,1000,-1000,-1000
057192,力成元大98購01  ,0,0,0,0,0,0,0,0,0,-1000,0,0,0,0,1000,-1000,-1000
057316,國巨凱基99購04  ,0,0,0,0,0,0,0,0,0,-1000,0,0,0,0,1000,-1000,-1000
056835,聯電元富99購01  ,0,0,0,0,0,0,0,0,0,-1000,0,0,0,20000,21000,-1000,-1000
057021,台積電凱基9A購02,0,0,0,0,0,0,0,0,0,-1000,0,0,0,0,1000,-1000,-1000
057064,華新科富邦9B購01,0,0,0,0,0,0,0,0,0,-1000,0,0,0,194000,195000,-1000,-1000
05609P,國泰金凱基96售01,0,0,0,0,0,0,0,0,0,-1000,0,0,0,0,1000,-1000,-1000
055739,健鼎元富97購01  ,0,0,0,0,0,0,0,0,0,-1000,0,0,0,65000,66000,-1000,-1000
055625,亞光富邦98購01  ,0,0,0,0,0,0,0,0,0,-1000,0,0,0,0,1000,-1000,-1000
05568P,台積電統一96售03,0,0,0,0,0,0,0,0,0,-1000,0,0,0,0,1000,-1000,-1000
05624P,同欣電中信98售01,0,0,0,0,0,0,0,0,0,-1000,0,0,0,0,1000,-1000,-1000
05626P,景碩國票97售03  ,0,0,0,0,0,0,0,0,0,-1000,0,0,0,22000,23000,-1000,-1000
056504,國巨永豐98購02  ,0,0,0,0,0,0,0,0,0,-1000,0,0,0,38000,39000,-1000,-1000
056444,南亞科凱基99購01,0,0,0,0,0,0,0,0,0,-1000,0,0,0,14000,15000,-1000,-1000
056410,康控國票99購01  ,0,0,0,0,0,0,0,0,0,-1000,0,0,0,5000,6000,-1000,-1000
056414,國巨中信98購02  ,0,0,0,0,0,0,0,0,0,-1000,0,0,0,15000,16000,-1000,-1000
006204,永豐臺灣加權    ,0,0,0,0,0,0,0,0,0,-1000,0,0,0,0,1000,-1000,-1000
04043P,復盛元富93售02  ,0,0,0,0,0,0,0,0,0,-1000,0,0,0,0,1000,-1000,-1000
03010X,元展10          ,0,0,0,0,0,0,0,0,0,-1000,0,0,0,0,1000,-1000,-1000
042281,元油2X富邦96購02,0,0,0,0,0,0,0,0,0,-1000,0,0,0,0,1000,-1000,-1000
041534,T50反1凱基96購01,0,0,0,0,0,0,0,0,0,-1000,0,0,0,0,1000,-1000,-1000
042692,台灣50凱基96購09,0,0,0,0,0,0,0,0,0,-1000,0,0,0,0,1000,-1000,-1000
04284P,瀚宇博永豐93售01,0,0,0,0,0,0,0,0,0,-1000,0,0,0,0,1000,-1000,-1000
03022X,富展01          ,0,0,0,0,0,0,0,0,0,-1000,0,0,0,1000,2000,-1000,-1000
03071X,元展66          ,0,0,0,0,0,0,0,0,0,-1000,0,0,0,0,1000,-1000,-1000
03039X,元展36          ,0,0,0,0,0,0,0,0,0,-1000,0,0,0,0,1000,-1000,-1000
044860,元油2X中信93購01,0,0,0,0,0,0,0,0,0,-1000,0,0,0,0,1000,-1000,-1000
044872,旺宏統一93購02  ,0,0,0,0,0,0,0,0,0,-1000,0,0,0,0,1000,-1000,-1000
045728,大立光亞東93購01,0,0,0,0,0,0,0,0,0,-1000,0,0,0,0,1000,-1000,-1000
03180P,台灣50元大01售39,0,0,0,0,0,0,0,0,0,-1000,0,0,0,18000,19000,-1000,-1000
03926P,麗豐元大93售02  ,0,0,0,0,0,0,0,0,0,-1000,0,0,0,0,1000,-1000,-1000
045443,群創元富98購01  ,0,0,0,0,0,0,0,0,0,-1000,0,0,0,0,1000,-1000,-1000
045451,聯發科富邦93購01,0,0,0,0,0,0,0,0,0,-1000,0,0,0,0,1000,-1000,-1000
047396,力成元大93購01  ,0,0,0,0,0,0,0,0,0,-1000,0,0,0,0,1000,-1000,-1000
04459P,元油2X元富94售08,0,0,0,0,0,0,0,0,0,-1000,0,0,0,0,1000,-1000,-1000
047528,高鐵元大93購03  ,0,0,0,0,0,0,0,0,0,-1000,0,0,0,0,1000,-1000,-1000
047544,台積電凱基93購17,0,0,0,0,0,0,0,0,0,-1000,0,0,0,0,1000,-1000,-1000
044988,玉晶光統一95購01,0,0,0,0,0,0,0,0,0,-1000,0,0,0,59000,60000,-1000,-1000
045124,臺股指元大93購10,0,0,0,0,0,0,0,0,0,-1000,0,0,0,0,1000,-1000,-1000
04379P,大立光元大94售06,0,0,0,0,0,0,0,0,0,-1000,0,0,0,0,1000,-1000,-1000
04418P,燿華永豐94售01  ,0,0,0,0,0,0,0,0,0,-1000,0,0,0,0,1000,-1000,-1000
048349,美利達元大96購02,0,0,0,0,0,0,0,0,0,-1000,0,0,0,12000,13000,-1000,-1000
048401,南電國票93購03  ,0,0,0,0,0,0,0,0,0,-1000,0,0,0,15000,16000,-1000,-1000
048982,牧德元大94購02  ,0,0,0,0,0,0,0,0,0,-1000,0,0,0,0,1000,-1000,-1000
049175,台積電凱基94購12,0,0,0,0,0,0,0,0,0,-1000,0,0,0,0,1000,-1000,-1000
049179,高鐵凱基94購01  ,0,0,0,0,0,0,0,0,0,-1000,0,0,0,0,1000,-1000,-1000
049136,華通元大95購01  ,0,0,0,0,0,0,0,0,0,-1000,0,0,0,32000,33000,-1000,-1000
052168,鴻海元大96購10  ,0,0,0,0,0,0,0,0,0,-1000,0,0,0,0,1000,-1000,-1000
052229,奇力新凱基96購01,0,0,0,0,0,0,0,0,0,-1000,0,0,0,0,1000,-1000,-1000
052195,健策元富95購01  ,0,0,0,0,0,0,0,0,0,-1000,0,0,0,0,1000,-1000,-1000
052387,台積電群益95購08,0,0,0,0,0,0,0,0,0,-1000,0,0,0,438000,439000,-1000,-1000
04734P,上海銀兆豐94售02,0,0,0,0,0,0,0,0,0,-1000,0,0,0,0,1000,-1000,-1000
052829,上銀群益96購01  ,0,0,0,0,0,0,0,0,0,-1000,0,0,0,14000,15000,-1000,-1000
052799,上銀元大96購01  ,0,0,0,0,0,0,0,0,0,-1000,0,0,0,60000,61000,-1000,-1000
052688,新日興元大96購01,0,0,0,0,0,0,0,0,0,-1000,0,0,0,10000,11000,-1000,-1000
05126P,牧德群益95售01  ,0,0,0,0,0,0,0,0,0,-1000,0,0,0,0,1000,-1000,-1000
052528,茂林元大95購05  ,0,0,0,0,0,0,0,0,0,-1000,0,0,0,10000,11000,-1000,-1000
052529,力成元大95購03  ,0,0,0,0,0,0,0,0,0,-1000,0,0,0,0,1000,-1000,-1000
049274,臺股指元大94購09,0,0,0,0,0,0,0,0,0,-1000,0,0,0,2000,3000,-1000,-1000
049293,友訊群益95購01  ,0,0,0,0,0,0,0,0,0,-1000,0,0,0,28000,29000,-1000,-1000
051856,亞德客凱基95購01,0,0,0,0,0,0,0,0,0,-1000,0,0,0,0,1000,-1000,-1000
049507,和大凱基94購01  ,0,0,0,0,0,0,0,0,0,-1000,0,0,0,0,1000,-1000,-1000
050326,正崴永豐94購03  ,0,0,0,0,0,0,0,0,0,-1000,0,0,0,0,1000,-1000,-1000
05117P,瑞昱群益95售02  ,0,0,0,0,0,0,0,0,0,-1000,0,0,0,0,1000,-1000,-1000
051499,康控群益95購02  ,0,0,0,0,0,0,0,0,0,-1000,0,0,0,0,1000,-1000,-1000
051302,可成凱基95購06  ,0,0,0,0,0,0,0,0,0,-1000,0,0,0,0,1000,-1000,-1000
05128P,聯發科中信97售03,0,0,0,0,0,0,0,0,0,-1000,0,0,0,0,1000,-1000,-1000
049793,為升元大94購04  ,0,0,0,0,0,0,0,0,0,-1000,0,0,0,0,1000,-1000,-1000
049819,百和元大94購02  ,0,0,0,0,0,0,0,0,0,-1000,0,0,0,0,1000,-1000,-1000
050179,全新元大96購02  ,0,0,0,0,0,0,0,0,0,-1000,0,0,0,0,1000,-1000,-1000
051737,瑞昱國票96購01  ,0,0,0,0,0,0,0,0,0,-1000,0,0,0,18000,19000,-1000,-1000
051725,緯穎永豐95購02  ,0,0,0,0,0,0,0,0,0,-1000,0,0,0,0,1000,-1000,-1000
051707,欣興群益95購02  ,0,0,0,0,0,0,0,0,0,-1000,0,0,0,18000,19000,-1000,-1000
05169P,玉晶光元大95售03,0,0,0,0,0,0,0,0,0,-1000,0,0,0,0,1000,-1000,-1000
049356,台積電富邦94購05,0,0,0,0,0,0,0,0,0,-1000,0,0,0,89000,90000,-1000,-1000
050107,鴻海元大94購12  ,0,0,0,0,0,0,0,0,0,-1000,0,0,0,0,1000,-1000,-1000
050112,高鐵元大94購02  ,0,0,0,0,0,0,0,0,0,-1000,0,0,0,4000,5000,-1000,-1000
05088P,大立光富邦99售01,0,0,0,0,0,0,0,0,0,-1000,0,0,0,0,1000,-1000,-1000
050995,貿聯元大95購02  ,0,0,0,0,0,0,0,0,0,-1000,0,0,0,36000,37000,-1000,-1000
049980,奇力新凱基94購04,0,0,0,0,0,0,0,0,0,-1000,0,0,0,0,1000,-1000,-1000
049926,智易元大95購02  ,0,0,0,0,0,0,0,0,0,-1000,0,0,0,0,1000,-1000,-1000
050829,臻鼎凱基96購01  ,0,0,0,0,0,0,0,0,0,-1000,0,0,0,0,1000,-1000,-1000
050734,台積電台新94購02,0,0,0,0,0,0,0,0,0,-1000,0,0,0,1000,2000,-1000,-1000
05110P,上銀統一95售01  ,0,0,0,0,0,0,0,0,0,-1000,0,0,0,5000,6000,-1000,-1000
049477,泰鼎永豐94購01  ,0,0,0,0,0,0,0,0,0,-1000,0,0,0,49000,50000,-1000,-1000
050666,道瓊銀永豐94購01,0,0,0,0,0,0,0,0,0,-1000,0,0,0,10000,11000,-1000,-1000
050586,康友國票94購01  ,0,0,0,0,0,0,0,0,0,-1000,0,0,0,0,1000,-1000,-1000
050617,神基元大94購01  ,0,0,0,0,0,0,0,0,0,-1000,0,0,0,0,1000,-1000,-1000
050627,華通中信94購02  ,0,0,0,0,0,0,0,0,0,-1000,0,0,0,0,1000,-1000,-1000
055565,祥碩凱基97購01  ,0,0,0,0,0,0,0,0,0,-1000,0,0,0,0,1000,-1000,-1000
055496,高鐵元大97購02  ,0,0,0,0,0,0,0,0,0,-1000,0,0,0,0,1000,-1000,-1000
055114,新日興凱基98購01,0,0,0,0,0,0,0,0,0,-1000,0,0,0,25000,26000,-1000,-1000
055046,上銀永豐97購01  ,0,0,0,0,0,0,0,0,0,-1000,0,0,0,0,1000,-1000,-1000
054637,智邦中信98購01  ,0,0,0,0,0,0,0,0,0,-1000,0,0,0,19000,20000,-1000,-1000
05452P,亞德客群益95售02,0,0,0,0,0,0,0,0,0,-1000,0,0,0,0,1000,-1000,-1000
054309,禾伸堂凱基98購01,0,0,0,0,0,0,0,0,0,-1000,0,0,0,9000,10000,-1000,-1000
054307,高鐵凱基98購01  ,0,0,0,0,0,0,0,0,0,-1000,0,0,0,0,1000,-1000,-1000
054808,東元元大9A購01  ,0,0,0,0,0,0,0,0,0,-1000,0,0,0,33000,34000,-1000,-1000
054687,建準永豐97購02  ,0,0,0,0,0,0,0,0,0,-1000,0,0,0,0,1000,-1000,-1000
054969,亞翔元大97購01  ,0,0,0,0,0,0,0,0,0,-1000,0,0,0,20000,21000,-1000,-1000
05494P,華邦電統一95售02,0,0,0,0,0,0,0,0,0,-1000,0,0,0,0,1000,-1000,-1000
054841,亞德客兆豐97購01,0,0,0,0,0,0,0,0,0,-1000,0,0,0,3000,4000,-1000,-1000
053656,可成凱基96購06  ,0,0,0,0,0,0,0,0,0,-1000,0,0,0,67000,68000,-1000,-1000
053808,大成鋼群益97購01,0,0,0,0,0,0,0,0,0,-1000,0,0,0,10000,11000,-1000,-1000
053959,晶豪科永豐96購02,0,0,0,0,0,0,0,0,0,-1000,0,0,0,0,1000,-1000,-1000
054184,A50正2永豐96購01,0,0,0,0,0,0,0,0,0,-1000,0,0,0,0,1000,-1000,-1000
054138,晶技元大98購02  ,0,0,0,0,0,0,0,0,0,-1000,0,0,0,42000,43000,-1000,-1000
054259,健策元大97購03  ,0,0,0,0,0,0,0,0,0,-1000,0,0,0,105000,106000,-1000,-1000
054078,鴻海中信98購01  ,0,0,0,0,0,0,0,0,0,-1000,0,0,0,0,1000,-1000,-1000
053994,微星群益96購01  ,0,0,0,0,0,0,0,0,0,-1000,0,0,0,21000,22000,-1000,-1000
05293P,廣達凱基95售01  ,0,0,0,0,0,0,0,0,0,-1000,0,0,0,0,1000,-1000,-1000
053062,緯穎富邦97購01  ,0,0,0,0,0,0,0,0,0,-1000,0,0,0,13000,14000,-1000,-1000
053193,超眾統一97購01  ,0,0,0,0,0,0,0,0,0,-1000,0,0,0,1000,2000,-1000,-1000
05335P,臺股指國票95售04,0,0,0,0,0,0,0,0,0,-1000,0,0,0,0,1000,-1000,-1000
053327,彩晶台新97購01  ,0,0,0,0,0,0,0,0,0,-1000,0,0,0,77000,78000,-1000,-1000
053295,奇力新中信96購01,0,0,0,0,0,0,0,0,0,-1000,0,0,0,20000,21000,-1000,-1000
053261,國巨群益96購05  ,0,0,0,0,0,0,0,0,0,-1000,0,0,0,39000,40000,-1000,-1000
8271,宇瞻            ,177000,181000,-4000,0,0,0,0,0,0,3000,3000,0,3000,0,0,0,-1000
6655,科定            ,0,1000,-1000,0,0,0,0,0,0,0,0,0,0,0,0,0,-1000
6671,三能-KY         ,0,1000,-1000,0,0,0,0,0,0,0,0,0,0,0,0,0,-1000
8480,泰昇-KY         ,1000,2000,-1000,0,0,0,0,0,0,0,0,0,0,0,0,0,-1000
911616,杜康-DR         ,3000,4000,-1000,0,0,0,0,0,0,0,0,0,0,0,0,0,-1000
9136,巨騰-DR         ,0,1000,-1000,0,0,0,0,0,0,0,0,0,0,0,0,0,-1000
9917,中保科          ,107000,124000,-17000,0,0,0,5000,0,5000,11000,11000,0,11000,0,0,0,-1000
3607,谷崧            ,3000,4000,-1000,0,0,0,0,0,0,0,0,0,0,0,0,0,-1000
3528,安馳            ,4000,5000,-1000,0,0,0,0,0,0,0,0,0,0,0,0,0,-1000
4764,雙鍵            ,2000,3000,-1000,0,0,0,0,0,0,0,0,0,0,0,0,0,-1000
4989,榮科            ,12000,14000,-2000,0,0,0,0,0,0,1000,7000,6000,1000,0,0,0,-1000
5258,虹堡            ,6000,7000,-1000,0,0,0,0,0,0,0,0,0,0,0,0,0,-1000
6281,全國電          ,2000,4000,-2000,0,0,0,0,0,0,1000,1000,0,1000,0,0,0,-1000
6183,關貿            ,11000,9000,2000,0,0,0,0,0,0,-3000,2000,5000,-3000,0,0,0,-1000
2028,威致            ,0,0,0,0,0,0,0,0,0,-1000,0,1000,-1000,0,0,0,-1000
2114,鑫永銓          ,2000,3000,-1000,0,0,0,0,0,0,0,0,0,0,0,0,0,-1000
2443,億麗            ,0,1000,-1000,0,0,0,0,0,0,0,0,0,0,0,0,0,-1000
2453,凌群            ,42000,43000,-1000,0,0,0,0,0,0,0,0,0,0,0,0,0,-1000
2543,皇昌            ,0,1000,-1000,0,0,0,0,0,0,0,0,0,0,0,0,0,-1000
2497,怡利電          ,1000,2000,-1000,0,0,0,0,0,0,0,0,0,0,0,0,0,-1000
2901,欣欣            ,0,1000,-1000,0,0,0,0,0,0,0,0,0,0,0,0,0,-1000
1453,大將            ,0,1000,-1000,0,0,0,0,0,0,0,0,0,0,0,0,0,-1000
1459,聯發            ,0,0,0,0,0,0,0,0,0,-1000,0,1000,-1000,0,0,0,-1000
1435,中福            ,0,1000,-1000,0,0,0,0,0,0,0,0,0,0,0,0,0,-1000
1541,錩泰            ,1000,2000,-1000,0,0,0,0,0,0,0,0,0,0,0,0,0,-1000
2007,燁興            ,0,0,0,0,0,0,0,0,0,-1000,0,1000,-1000,0,0,0,-1000
2008,高興昌          ,0,1000,-1000,0,0,0,0,0,0,0,0,0,0,0,0,0,-1000
1616,億泰            ,0,0,0,0,0,0,0,0,0,-1000,0,1000,-1000,0,0,0,-1000
1617,榮星            ,0,1000,-1000,0,0,0,0,0,0,0,0,0,0,0,0,0,-1000
06775P,臺股指兆豐98售03,0,0,0,0,0,0,0,0,0,-1000,0,0,0,0,1000,-1000,-1000
1235,興泰            ,0,1000,-1000,0,0,0,0,0,0,0,0,0,0,0,0,0,-1000
1324,地球            ,0,1000,-1000,0,0,0,0,0,0,0,0,0,0,0,0,0,-1000
1340,勝悅-KY         ,6000,7000,-1000,0,0,0,0,0,0,0,0,0,0,0,0,0,-1000
06183P,大立光元大97售05,0,0,0,0,0,0,0,0,0,-1000,0,0,0,0,1000,-1000,-1000
06184P,大立光元大97售06,0,0,0,0,0,0,0,0,0,-1000,0,0,0,50000,51000,-1000,-1000
06168P,台表科國票97售06,0,0,0,0,0,0,0,0,0,-1000,0,0,0,0,1000,-1000,-1000
06172P,台虹永豐97售02  ,0,0,0,0,0,0,0,0,0,-1000,0,0,0,2000,3000,-1000,-1000
06318P,臺股指元富97售05,0,0,0,0,0,0,0,0,0,-1000,0,0,0,0,1000,-1000,-1000
06304P,臺股指元大97售10,0,0,0,0,0,0,0,0,0,-1000,0,0,0,0,1000,-1000,-1000
06484P,聯發科凱基98售11,0,0,0,0,0,0,0,0,0,-1000,0,0,0,0,1000,-1000,-1000
06490P,鴻海富邦99售02  ,0,0,0,0,0,0,0,0,0,-1000,0,0,0,50000,51000,-1000,-1000
06529P,貿聯富邦99售03  ,0,0,0,0,0,0,0,0,0,-1000,0,0,0,2000,3000,-1000,-1000
06657P,寶成元大98售01  ,0,0,0,0,0,0,0,0,0,-1000,0,0,0,0,1000,-1000,-1000
06731P,聯茂元大98售05  ,0,0,0,0,0,0,0,0,0,-1000,0,0,0,24000,25000,-1000,-1000
06708P,臺股指台新99售05,0,0,0,0,0,0,0,0,0,-1000,0,0,0,5000,6000,-1000,-1000
06608P,立積群益99售02  ,0,0,0,0,0,0,0,0,0,-1000,0,0,0,0,1000,-1000,-1000
06648P,華邦電元大98售03,0,0,0,0,0,0,0,0,0,-1000,0,0,0,0,1000,-1000,-1000
056433,鴻海凱基98購09  ,0,0,0,0,0,0,0,0,0,-2000,0,0,0,39000,41000,-2000,-2000
056388,勤誠國泰99購01  ,0,0,0,0,0,0,0,0,0,-2000,0,0,0,1000,3000,-2000,-2000
056449,義隆凱基98購03  ,0,0,0,0,0,0,0,0,0,-2000,0,0,0,0,2000,-2000,-2000
056326,TPK兆豐98購01   ,0,0,0,0,0,0,0,0,0,-2000,0,0,0,0,2000,-2000,-2000
056534,京元電凱基98購01,0,0,0,0,0,0,0,0,0,-2000,0,0,0,29000,31000,-2000,-2000
056609,楠梓電永豐98購02,0,0,0,0,0,0,0,0,0,-2000,0,0,0,157000,159000,-2000,-2000
056826,A50正2富邦9B購02,0,0,0,0,0,0,0,0,0,-2000,0,0,0,0,2000,-2000,-2000
055661,亞德客中信98購01,0,0,0,0,0,0,0,0,0,-2000,0,0,0,0,2000,-2000,-2000
055609,旺宏國票99購01  ,0,0,0,0,0,0,0,0,0,-2000,0,0,0,89000,91000,-2000,-2000
055637,亞德客元富97購01,0,0,0,0,0,0,0,0,0,-2000,0,0,0,0,2000,-2000,-2000
056027,樺漢群益97購02  ,0,0,0,0,0,0,0,0,0,-2000,0,0,0,0,2000,-2000,-2000
057102,亞光中信9A購01  ,0,0,0,0,0,0,0,0,0,-2000,0,0,0,8000,10000,-2000,-2000
05741P,聯發科元大96售14,0,0,0,0,0,0,0,0,0,-2000,0,0,0,446000,448000,-2000,-2000
05720P,可成中信98售01  ,0,0,0,0,0,0,0,0,0,-2000,0,0,0,0,2000,-2000,-2000
05726P,易華電永豐96售02,0,0,0,0,0,0,0,0,0,-2000,0,0,0,11000,13000,-2000,-2000
057296,智原永豐98購01  ,0,0,0,0,0,0,0,0,0,-2000,0,0,0,0,2000,-2000,-2000
05938P,旺宏凱基96售07  ,0,0,0,0,0,0,0,0,0,-2000,0,0,0,4000,6000,-2000,-2000
05807P,泰鼎永豐96售03  ,0,0,0,0,0,0,0,0,0,-2000,0,0,0,90000,92000,-2000,-2000
05851P,力山群益97售01  ,0,0,0,0,0,0,0,0,0,-2000,0,0,0,0,2000,-2000,-2000
057736,鴻海富邦99購04  ,0,0,0,0,0,0,0,0,0,-2000,0,0,0,0,2000,-2000,-2000
057746,同欣電永豐98購02,0,0,0,0,0,0,0,0,0,-2000,0,0,0,0,2000,-2000,-2000
047235,嘉澤凱基93購01  ,0,0,0,0,0,0,0,0,0,-2000,0,0,0,0,2000,-2000,-2000
04714P,上海銀元大94售01,0,0,0,0,0,0,0,0,0,-2000,0,0,0,0,2000,-2000,-2000
047035,華邦電群益94購02,0,0,0,0,0,0,0,0,0,-2000,0,0,0,10000,12000,-2000,-2000
047897,可成群益94購01  ,0,0,0,0,0,0,0,0,0,-2000,0,0,0,93000,95000,-2000,-2000
04792P,智邦元大94售06  ,0,0,0,0,0,0,0,0,0,-2000,0,0,0,110000,112000,-2000,-2000
047953,台積電永豐93購04,0,0,0,0,0,0,0,0,0,-2000,0,0,0,0,2000,-2000,-2000
052192,SP黃豆元富95購04,0,0,0,0,0,0,0,0,0,-2000,0,0,0,0,2000,-2000,-2000
052252,大立光永豐95購03,0,0,0,0,0,0,0,0,0,-2000,0,0,0,0,2000,-2000,-2000
049139,台積電元大94購06,0,0,0,0,0,0,0,0,0,-2000,0,0,0,163000,165000,-2000,-2000
04916P,大立光永昌96售02,0,0,0,0,0,0,0,0,0,-2000,0,0,0,29000,31000,-2000,-2000
049049,玉晶光康和94購02,0,0,0,0,0,0,0,0,0,-2000,0,0,0,44000,46000,-2000,-2000
048421,聯茂統一93購01  ,0,0,0,0,0,0,0,0,0,-2000,0,0,0,0,2000,-2000,-2000
048410,和碩群益93購01  ,0,0,0,0,0,0,0,0,0,-2000,0,0,0,8000,10000,-2000,-2000
04340P,易華電元大94售02,0,0,0,0,0,0,0,0,0,-2000,0,0,0,89000,91000,-2000,-2000
04499P,滬深2X統一94售03,0,0,0,0,0,0,0,0,0,-2000,0,0,0,10000,12000,-2000,-2000
04592P,台積電元大94售10,0,0,0,0,0,0,0,0,0,-2000,0,0,0,0,2000,-2000,-2000
046113,旺宏元大93購04  ,0,0,0,0,0,0,0,0,0,-2000,0,0,0,0,2000,-2000,-2000
046291,友達統一94購01  ,0,0,0,0,0,0,0,0,0,-2000,0,0,0,0,2000,-2000,-2000
048531,大立光國票93購05,0,0,0,0,0,0,0,0,0,-2000,0,0,0,0,2000,-2000,-2000
044604,嘉聯益國泰93購01,0,0,0,0,0,0,0,0,0,-2000,0,0,0,0,2000,-2000,-2000
044671,台積電兆豐93購01,0,0,0,0,0,0,0,0,0,-2000,0,0,0,0,2000,-2000,-2000
035275,台積電台新97購01,0,0,0,0,0,0,0,0,0,-2000,0,0,0,0,2000,-2000,-2000
03977P,上海銀元大93售01,0,0,0,0,0,0,0,0,0,-2000,0,0,0,0,2000,-2000,-2000
03902P,義隆國票94售01  ,0,0,0,0,0,0,0,0,0,-2000,0,0,0,0,2000,-2000,-2000
03085P,台積電元大01售34,0,0,0,0,0,0,0,0,0,-2000,0,0,0,0,2000,-2000,-2000
04245P,上海銀元大93售03,0,0,0,0,0,0,0,0,0,-2000,0,0,0,0,2000,-2000,-2000
00732,國泰RMB短期報酬 ,0,0,0,0,0,0,0,0,0,-2000,0,0,0,100000,102000,-2000,-2000
050650,大立光凱基96購01,0,0,0,0,0,0,0,0,0,-2000,0,0,0,0,2000,-2000,-2000
049490,京元電元大95購02,0,0,0,0,0,0,0,0,0,-2000,0,0,0,12000,14000,-2000,-2000
051779,大立光群益95購02,0,0,0,0,0,0,0,0,0,-2000,0,0,0,0,2000,-2000,-2000
049885,緯穎永豐94購01  ,0,0,0,0,0,0,0,0,0,-2000,0,0,0,0,2000,-2000,-2000
04998P,京元電永豐95售01,0,0,0,0,0,0,0,0,0,-2000,0,0,0,0,2000,-2000,-2000
05021P,瑞昱凱基95售01  ,0,0,0,0,0,0,0,0,0,-2000,0,0,0,0,2000,-2000,-2000
050250,台郡凱基94購03  ,0,0,0,0,0,0,0,0,0,-2000,0,0,0,8000,10000,-2000,-2000
050881,大立光元富95購04,0,0,0,0,0,0,0,0,0,-2000,0,0,0,0,2000,-2000,-2000
050131,新光金凱基94購01,0,0,0,0,0,0,0,0,0,-2000,0,0,0,3000,5000,-2000,-2000
049398,微星群益94購02  ,0,0,0,0,0,0,0,0,0,-2000,0,0,0,0,2000,-2000,-2000
050058,國巨凱基94購06  ,0,0,0,0,0,0,0,0,0,-2000,0,0,0,2000,4000,-2000,-2000
051690,超眾凱基95購03  ,0,0,0,0,0,0,0,0,0,-2000,0,0,0,0,2000,-2000,-2000
049631,臺股指群益94購04,0,0,0,0,0,0,0,0,0,-2000,0,0,0,0,2000,-2000,-2000
051314,嘉聯益麥證96購01,0,0,0,0,2000,-2000,0,0,0,-2000,0,0,0,0,2000,-2000,-2000
051318,上銀國票96購01  ,0,0,0,0,0,0,0,0,0,-2000,0,0,0,0,2000,-2000,-2000
051829,玉晶光元大98購02,0,0,0,0,0,0,0,0,0,-2000,0,0,0,1000,3000,-2000,-2000
051388,大立光麥證95購03,0,0,0,2000,4000,-2000,0,0,0,-2000,0,0,0,2000,4000,-2000,-2000
051536,玉晶光國票97購01,0,0,0,0,0,0,0,0,0,-2000,0,0,0,8000,10000,-2000,-2000
051208,GIS麥證95購01   ,0,0,0,0,2000,-2000,0,0,0,-2000,0,0,0,0,2000,-2000,-2000
051864,聯發科凱基96購03,0,0,0,0,0,0,0,0,0,-2000,0,0,0,0,2000,-2000,-2000
049273,臺股指元大94購08,0,0,0,0,0,0,0,0,0,-2000,0,0,0,12000,14000,-2000,-2000
051239,國巨元大96購02  ,0,0,0,0,0,0,0,0,0,-2000,0,0,0,0,2000,-2000,-2000
052519,旺宏元大95購05  ,0,0,0,0,0,0,0,0,0,-2000,0,0,0,246000,248000,-2000,-2000
052628,樺漢中信96購01  ,0,0,0,0,0,0,0,0,0,-2000,0,0,0,0,2000,-2000,-2000
052634,華邦電凱基96購01,0,0,0,0,0,0,0,0,0,-2000,0,0,0,10000,12000,-2000,-2000
051261,鴻海永昌96購05  ,0,0,0,0,0,0,0,0,0,-2000,0,0,0,1000,3000,-2000,-2000
052754,上証2X群益9A購01,0,0,0,0,0,0,0,0,0,-2000,0,0,0,0,2000,-2000,-2000
052682,上銀元大97購01  ,0,0,0,0,0,0,0,0,0,-2000,0,0,0,0,2000,-2000,-2000
053422,可成永豐96購01  ,0,0,0,0,0,0,0,0,0,-2000,0,0,0,71000,73000,-2000,-2000
053524,聯電中信97購02  ,0,0,0,0,0,0,0,0,0,-2000,0,0,0,0,2000,-2000,-2000
053573,臺股指統一99購01,0,0,0,0,0,0,0,0,0,-2000,0,0,0,0,2000,-2000,-2000
053521,緯穎群益96購02  ,0,0,0,0,0,0,0,0,0,-2000,0,0,0,23000,25000,-2000,-2000
053475,華新科元大96購05,0,0,0,0,0,0,0,0,0,-2000,0,0,0,0,2000,-2000,-2000
053249,致伸國票97購02  ,0,0,0,0,0,0,0,0,0,-2000,0,0,0,38000,40000,-2000,-2000
053169,貿聯群益97購01  ,0,0,0,0,0,0,0,0,0,-2000,0,0,0,18000,20000,-2000,-2000
053182,大立光元富96購02,0,0,0,0,0,0,0,0,0,-2000,0,0,0,0,2000,-2000,-2000
054252,奇力新元大96購04,0,0,0,0,0,0,0,0,0,-2000,0,0,0,19000,21000,-2000,-2000
054154,智易國泰97購01  ,0,0,0,0,0,0,0,0,0,-2000,0,0,0,0,2000,-2000,-2000
054217,台表科國票97購05,0,0,0,0,0,0,0,0,0,-2000,0,0,0,18000,20000,-2000,-2000
053939,台表科元富96購03,0,0,0,0,0,0,0,0,0,-2000,0,0,0,0,2000,-2000,-2000
053858,台達電元大96購05,0,0,0,0,0,0,0,0,0,-2000,0,0,0,0,2000,-2000,-2000
053774,台達電元大96購04,0,0,0,0,0,0,0,0,0,-2000,0,0,0,1000,3000,-2000,-2000
054846,瑞昱兆豐97購01  ,0,0,0,0,0,0,0,0,0,-2000,0,0,0,0,2000,-2000,-2000
054778,世紀鋼國票99購01,0,0,0,0,0,0,0,0,0,-2000,0,0,0,20000,22000,-2000,-2000
054509,上証反元大99購01,0,0,0,0,0,0,0,0,0,-2000,0,0,0,16000,18000,-2000,-2000
054638,國泰金中信99購01,0,0,0,0,0,0,0,0,0,-2000,0,0,0,48000,50000,-2000,-2000
055100,得力凱基97購01  ,0,0,0,0,0,0,0,0,0,-2000,0,0,0,0,2000,-2000,-2000
055480,元上證元大97購02,0,0,0,0,0,0,0,0,0,-2000,0,0,0,0,2000,-2000,-2000
055468,智邦凱基97購04  ,0,0,0,0,0,0,0,0,0,-2000,0,0,0,5000,7000,-2000,-2000
055544,鴻海凱基97購05  ,0,0,0,0,0,0,0,0,0,-2000,0,0,0,105000,107000,-2000,-2000
055407,祥碩國泰98購01  ,0,0,0,0,0,0,0,0,0,-2000,0,0,0,0,2000,-2000,-2000
055326,緯穎國票97購06  ,0,0,0,0,0,0,0,0,0,-2000,0,0,0,0,2000,-2000,-2000
055327,致新國票98購01  ,0,0,0,0,0,0,0,0,0,-2000,0,0,0,13000,15000,-2000,-2000
06720P,智邦亞東99售01  ,0,0,0,0,0,0,0,0,0,-2000,0,0,0,0,2000,-2000,-2000
06371P,茂林國票98售04  ,0,0,0,0,0,0,0,0,0,-2000,0,0,0,6000,8000,-2000,-2000
06311P,嘉聯益元富97售02,0,0,0,0,0,0,0,0,0,-2000,0,0,0,40000,42000,-2000,-2000
06334P,臺股指群益9C售03,0,0,0,0,0,0,0,0,0,-2000,0,0,0,3000,5000,-2000,-2000
06781P,大立光元大98售19,0,0,0,0,0,0,0,0,0,-2000,0,0,0,0,2000,-2000,-2000
1516,川飛            ,7000,9000,-2000,0,0,0,0,0,0,0,0,0,0,0,0,0,-2000
2712,遠雄來          ,1000,3000,-2000,0,0,0,0,0,0,0,0,0,0,0,0,0,-2000
2597,潤弘            ,2000,5000,-3000,0,0,0,0,0,0,1000,1000,0,1000,0,0,0,-2000
2613,中櫃            ,1000,3000,-2000,0,0,0,0,0,0,0,0,0,0,0,0,0,-2000
2465,麗臺            ,0,2000,-2000,0,0,0,0,0,0,0,0,0,0,0,0,0,-2000
2468,華經            ,4000,6000,-2000,0,0,0,0,0,0,0,0,0,0,0,0,0,-2000
2444,兆勁            ,6000,8000,-2000,0,0,0,0,0,0,0,0,0,0,0,0,0,-2000
2032,新鋼            ,2000,3000,-1000,0,0,0,0,0,0,-1000,0,1000,-1000,0,0,0,-2000
6201,亞弘電          ,0,2000,-2000,0,0,0,0,0,0,0,0,0,0,0,0,0,-2000
6136,富爾特          ,0,2000,-2000,0,0,0,0,0,0,0,0,0,0,0,0,0,-2000
5906,台南-KY         ,2000,4000,-2000,0,0,0,0,0,0,0,0,0,0,0,0,0,-2000
5608,四維航          ,4000,5000,-1000,0,0,0,0,0,0,-1000,0,1000,-1000,0,0,0,-2000
4807,日成-KY         ,0,2000,-2000,0,0,0,0,0,0,0,0,0,0,0,0,0,-2000
4722,國精化          ,0,1000,-1000,0,0,0,0,0,0,-1000,0,1000,-1000,0,0,0,-2000
4555,氣立            ,1000,4000,-3000,0,0,0,0,0,0,1000,1000,0,1000,0,0,0,-2000
4572,駐龍            ,0,2000,-2000,0,0,0,0,0,0,0,0,0,0,0,0,0,-2000
3296,勝德            ,2000,0,2000,0,0,0,0,0,0,-4000,0,4000,-4000,0,0,0,-2000
3416,融程電          ,0,2000,-2000,0,0,0,0,0,0,0,0,0,0,0,0,0,-2000
8481,政伸            ,4000,6000,-2000,0,0,0,0,0,0,0,0,0,0,0,0,0,-2000
6674,鋐寶科技        ,0,2000,-2000,0,0,0,0,0,0,0,0,0,0,0,0,0,-2000
8222,寶一            ,0,2000,-2000,0,0,0,0,0,0,0,0,0,0,0,0,0,-2000
057773,技嘉群益9A購02  ,0,0,0,0,0,0,0,0,0,-3000,0,0,0,48000,51000,-3000,-3000
057681,T50反1日盛9C購01,0,0,0,0,0,0,0,0,0,-3000,0,0,0,0,3000,-3000,-3000
057622,元油2X國泰99購03,0,0,0,0,0,0,0,0,0,-3000,0,0,0,0,3000,-3000,-3000
057828,緯穎元大99購02  ,0,0,0,0,0,0,0,0,0,-3000,0,0,0,0,3000,-3000,-3000
057855,晶技國票99購01  ,0,0,0,0,0,0,0,0,0,-3000,0,0,0,0,3000,-3000,-3000
057262,友達兆豐98購03  ,0,0,0,0,0,0,0,0,0,-3000,0,0,0,127000,130000,-3000,-3000
057089,奇力新元富98購01,0,0,0,0,0,0,0,0,0,-3000,0,0,0,50000,53000,-3000,-3000
057129,聯發科凱基99購03,0,0,0,0,0,0,0,0,0,-3000,0,0,0,0,3000,-3000,-3000
05696P,南亞科凱基96售01,0,0,0,0,0,0,0,0,0,-3000,0,0,0,0,3000,-3000,-3000
056987,南茂群益98購01  ,0,0,0,0,0,0,0,0,0,-3000,0,0,0,32000,35000,-3000,-3000
05562P,鴻海元大96售16  ,0,0,0,0,0,0,0,0,0,-3000,0,0,0,28000,31000,-3000,-3000
055597,禾伸堂元大98購02,0,0,0,0,0,0,0,0,0,-3000,0,0,0,61000,64000,-3000,-3000
055699,康控國票97購04  ,0,0,0,0,0,0,0,0,0,-3000,0,0,0,15000,18000,-3000,-3000
05664P,國巨凱基96售09  ,0,0,0,0,0,0,0,0,0,-3000,0,0,0,7000,10000,-3000,-3000
056259,T50反1統一9A購01,0,0,0,0,0,0,0,0,0,-3000,0,0,0,0,3000,-3000,-3000
056367,祥碩元大98購01  ,0,0,0,0,0,0,0,0,0,-3000,0,0,0,0,3000,-3000,-3000
03009X,元展09          ,0,0,0,0,0,0,0,0,0,-3000,0,0,0,0,3000,-3000,-3000
006203,元大MSCI台灣    ,2000,2000,0,0,0,0,0,0,0,-3000,0,0,0,0,3000,-3000,-3000
00684R,元大美元指數反1 ,0,0,0,0,0,0,0,0,0,-3000,0,0,0,40000,43000,-3000,-3000
03126P,旭富凱基01售04  ,0,0,0,0,0,0,0,0,0,-3000,0,0,0,2000,5000,-3000,-3000
04264P,宏碁統一93售01  ,0,0,0,0,0,0,0,0,0,-3000,0,0,0,0,3000,-3000,-3000
03779P,力山凱基93售01  ,0,0,0,0,0,0,0,0,0,-3000,0,0,0,0,3000,-3000,-3000
03252P,台積電台新02售01,0,0,0,0,0,0,0,0,0,-3000,0,0,0,0,3000,-3000,-3000
03432B,臺股指凱基98熊13,0,0,0,0,0,0,0,0,0,-3000,0,0,0,0,3000,-3000,-3000
048443,旺宏凱基93購08  ,0,0,0,0,0,0,0,0,0,-3000,0,0,0,30000,33000,-3000,-3000
048591,台郡兆豐94購01  ,0,0,0,0,0,0,0,0,0,-3000,0,0,0,0,3000,-3000,-3000
04857P,美律元富94售01  ,0,0,0,0,0,0,0,0,0,-3000,0,0,0,15000,18000,-3000,-3000
046147,道瓊指中信96購02,0,0,0,0,0,0,0,0,0,-3000,0,0,0,0,3000,-3000,-3000
048803,大立光富邦96購01,0,0,0,0,0,0,0,0,0,-3000,0,0,0,0,3000,-3000,-3000
049025,華擎群益94購01  ,0,0,0,0,0,0,0,0,0,-3000,0,0,0,0,3000,-3000,-3000
052132,旺宏凱基9B購01  ,0,0,0,0,0,0,0,0,0,-3000,0,0,0,25000,28000,-3000,-3000
047870,嘉澤永豐93購02  ,0,0,0,0,0,0,0,0,0,-3000,0,0,0,0,3000,-3000,-3000
048747,華通元富97購01  ,0,0,0,0,0,0,0,0,0,-3000,0,0,0,210000,213000,-3000,-3000
047824,臺股指凱基93購18,0,0,0,0,0,0,0,0,0,-3000,0,0,0,0,3000,-3000,-3000
048267,元金反中信93購01,0,0,0,0,0,0,0,0,0,-3000,0,0,0,0,3000,-3000,-3000
048193,旺宏元大94購05  ,0,0,0,0,0,0,0,0,0,-3000,0,0,0,0,3000,-3000,-3000
046919,大毅永豐93購01  ,0,0,0,0,0,0,0,0,0,-3000,0,0,0,1000,4000,-3000,-3000
04673P,友達統一94售04  ,0,0,0,0,0,0,0,0,0,-3000,0,0,0,0,3000,-3000,-3000
052753,電子類元大96購02,0,0,0,0,0,0,0,0,0,-3000,0,0,0,0,3000,-3000,-3000
052828,滬深2X群益9A購02,0,0,0,0,0,0,0,0,0,-3000,0,0,0,137000,140000,-3000,-3000
051251,信邦元大95購01  ,0,0,0,0,0,0,0,0,0,-3000,0,0,0,7000,10000,-3000,-3000
053083,中環元大99購01  ,0,0,0,0,0,0,0,0,0,-3000,0,0,0,0,3000,-3000,-3000
052546,友達中信98購01  ,0,0,0,0,0,0,0,0,0,-3000,0,0,0,10000,13000,-3000,-3000
05254P,瑞昱凱基95售04  ,0,0,0,0,0,0,0,0,0,-3000,0,0,0,0,3000,-3000,-3000
051232,貿聯群益95購02  ,0,0,0,0,0,0,0,0,0,-3000,0,0,0,19000,22000,-3000,-3000
049258,美律元大94購03  ,0,0,0,0,0,0,0,0,0,-3000,0,0,0,1000,4000,-3000,-3000
051860,為升凱基95購01  ,0,0,0,0,0,0,0,0,0,-3000,0,0,0,0,3000,-3000,-3000
051869,康控凱基96購01  ,0,0,0,0,0,0,0,0,0,-3000,0,0,0,0,3000,-3000,-3000
051801,牧德永豐95購04  ,0,0,0,0,0,0,0,0,0,-3000,0,0,0,17000,20000,-3000,-3000
051827,智邦元大95購04  ,0,0,0,0,0,0,0,0,0,-3000,0,0,0,195000,198000,-3000,-3000
04962P,易華電凱基96售01,0,0,0,0,0,0,0,0,0,-3000,0,0,0,0,3000,-3000,-3000
049799,旺宏元大96購01  ,0,0,0,0,0,0,0,0,0,-3000,0,0,0,20000,23000,-3000,-3000
049735,台光電群益94購03,0,0,0,0,0,0,0,0,0,-3000,0,0,0,30000,33000,-3000,-3000
049759,元黃金富邦9A購01,0,0,0,0,0,0,0,0,0,-3000,0,0,0,57000,60000,-3000,-3000
051736,旺宏國票96購01  ,0,0,0,0,0,0,0,0,0,-3000,0,0,0,0,3000,-3000,-3000
050896,華新科元大96購02,0,0,0,0,0,0,0,0,0,-3000,0,0,0,2000,5000,-3000,-3000
050865,欣興永豐95購01  ,0,0,0,0,0,0,0,0,0,-3000,0,0,0,10000,13000,-3000,-3000
050013,淘帝國泰95購01  ,0,0,0,0,0,0,0,0,0,-3000,0,0,0,7000,10000,-3000,-3000
049907,鴻海元大94購07  ,0,0,0,0,0,0,0,0,0,-3000,0,0,0,68000,71000,-3000,-3000
050280,國巨日盛94購01  ,0,0,0,0,0,0,0,0,0,-3000,0,0,0,0,3000,-3000,-3000
050477,矽力永豐94購01  ,0,0,0,0,0,0,0,0,0,-3000,0,0,0,82000,85000,-3000,-3000
051785,臻鼎兆豐96購01  ,0,0,0,0,0,0,0,0,0,-3000,0,0,0,0,3000,-3000,-3000
050587,緯穎國票94購02  ,0,0,0,0,0,0,0,0,0,-3000,0,0,0,0,3000,-3000,-3000
055094,智易群益98購01  ,0,0,0,0,0,0,0,0,0,-3000,0,0,0,0,3000,-3000,-3000
055137,GIS富邦98購01   ,0,0,0,0,0,0,0,0,0,-3000,0,0,0,0,3000,-3000,-3000
054984,華泰元富97購01  ,0,0,0,0,0,0,0,0,0,-3000,0,0,0,30000,33000,-3000,-3000
054620,南茂永豐97購01  ,0,0,0,0,0,0,0,0,0,-3000,0,0,0,0,3000,-3000,-3000
054542,台表科國票98購01,0,0,0,0,0,0,0,0,0,-3000,0,0,0,11000,14000,-3000,-3000
054341,燿華元富96購03  ,0,0,0,0,0,0,0,0,0,-3000,0,0,0,0,3000,-3000,-3000
054815,台積電元大97購14,0,0,0,0,0,0,0,0,0,-3000,0,0,0,32000,35000,-3000,-3000
054935,華通元大98購03  ,0,0,0,0,0,0,0,0,0,-3000,0,0,0,84000,87000,-3000,-3000
053742,創意國票97購01  ,0,0,0,0,0,0,0,0,0,-3000,0,0,0,49000,52000,-3000,-3000
054266,緯穎元大96購07  ,0,0,0,0,0,0,0,0,0,-3000,0,0,0,35000,38000,-3000,-3000
052452,茂林元大95購03  ,0,0,0,0,0,0,0,0,0,-3000,0,0,0,16000,19000,-3000,-3000
053227,晶技台新96購01  ,0,0,0,0,0,0,0,0,0,-3000,0,0,0,160000,163000,-3000,-3000
053477,大立光元大97購03,0,0,0,0,0,0,0,0,0,-3000,0,0,0,50000,53000,-3000,-3000
053395,致茂中信96購01  ,0,0,0,0,0,0,0,0,0,-3000,0,0,0,1000,4000,-3000,-3000
8072,陞泰            ,0,0,0,0,0,0,0,0,0,-3000,0,3000,-3000,0,0,0,-3000
8427,基勝-KY         ,0,3000,-3000,0,0,0,0,0,0,0,0,0,0,0,0,0,-3000
6581,鋼聯            ,1000,4000,-3000,0,0,0,0,0,0,0,0,0,0,0,0,0,-3000
9931,欣高            ,0,3000,-3000,0,0,0,0,0,0,0,0,0,0,0,0,0,-3000
3021,鴻名            ,1000,4000,-3000,0,0,0,0,0,0,0,0,0,0,0,0,0,-3000
4562,穎漢            ,0,3000,-3000,0,0,0,0,0,0,0,0,0,0,0,0,0,-3000
4164,承業醫          ,8000,11000,-3000,0,0,0,0,0,0,0,0,0,0,0,0,0,-3000
3591,艾笛森          ,2000,5000,-3000,0,0,0,0,0,0,0,0,0,0,0,0,0,-3000
5706,鳳凰            ,6000,9000,-3000,0,0,0,0,0,0,0,0,0,0,0,0,0,-3000
2305,全友            ,0,3000,-3000,0,0,0,0,0,0,0,0,0,0,0,0,0,-3000
2423,固緯            ,9000,12000,-3000,0,0,0,0,0,0,0,0,0,0,0,0,0,-3000
2540,愛山林          ,0,3000,-3000,0,0,0,0,0,0,0,0,0,0,0,0,0,-3000
2910,統領            ,0,3000,-3000,0,0,0,0,0,0,0,0,0,0,0,0,0,-3000
3002,歐格            ,2000,5000,-3000,0,0,0,0,0,0,0,0,0,0,0,0,0,-3000
1525,江申            ,0,3000,-3000,0,0,0,0,0,0,0,0,0,0,0,0,0,-3000
1535,中宇            ,2000,5000,-3000,0,0,0,0,0,0,0,1000,1000,0,0,0,0,-3000
1583,程泰            ,0,3000,-3000,0,0,0,0,0,0,0,0,0,0,0,0,0,-3000
1603,華電            ,0,4000,-4000,0,0,0,0,0,0,1000,2000,1000,1000,0,0,0,-3000
1776,展宇            ,0,0,0,0,0,0,0,0,0,-3000,0,3000,-3000,0,0,0,-3000
06873P,嘉晶元富98售02  ,0,0,0,0,0,0,0,0,0,-3000,0,0,0,0,3000,-3000,-3000
1312A,國喬特          ,0,0,0,0,0,0,0,0,0,-3000,0,3000,-3000,0,0,0,-3000
1108,幸福            ,3000,4000,-1000,0,0,0,0,0,0,-2000,0,2000,-2000,0,0,0,-3000
06319P,臺股指元富97售06,0,0,0,0,0,0,0,0,0,-3000,0,0,0,0,3000,-3000,-3000
06143P,鴻海永豐97售02  ,0,0,0,0,0,0,0,0,0,-3000,0,0,0,27000,30000,-3000,-3000
06712P,臺股指台新99售09,0,0,0,0,0,0,0,0,0,-3000,0,0,0,0,3000,-3000,-3000
056419,欣興元富98購02  ,0,0,0,0,0,0,0,0,0,-4000,0,0,0,95000,99000,-4000,-4000
056572,義隆元大99購01  ,0,0,0,0,0,0,0,0,0,-4000,0,0,0,0,4000,-4000,-4000
056691,元油2X群益9B購01,0,0,0,0,0,0,0,0,0,-4000,0,0,0,22000,26000,-4000,-4000
05571P,大立光統一96售03,0,0,0,0,0,0,0,0,0,-4000,0,0,0,9000,13000,-4000,-4000
055594,華新科元大98購02,0,0,0,0,0,0,0,0,0,-4000,0,0,0,35000,39000,-4000,-4000
055614,華新科國票97購02,0,0,0,0,0,0,0,0,0,-4000,0,0,0,131000,135000,-4000,-4000
05590P,臺股指中信96售05,0,0,0,0,0,0,0,0,0,-4000,0,0,0,0,4000,-4000,-4000
056882,華邦電康和98購01,0,0,0,0,0,0,0,0,0,-4000,0,0,0,40000,44000,-4000,-4000
056865,樺漢群益98購01  ,0,0,0,0,0,0,0,0,0,-4000,0,0,0,6000,10000,-4000,-4000
057115,元油2X日盛9A購01,0,0,0,0,0,0,0,0,0,-4000,0,0,0,0,4000,-4000,-4000
057032,A50反1元大9B購01,0,0,0,0,0,0,0,0,0,-4000,0,0,0,0,4000,-4000,-4000
057256,元油2X兆豐98購01,0,0,0,0,0,0,0,0,0,-4000,0,0,0,0,4000,-4000,-4000
057166,國巨元大99購06  ,0,0,0,0,0,0,0,0,0,-4000,0,0,0,117000,121000,-4000,-4000
057864,奇力新凱基99購03,0,0,0,0,0,0,0,0,0,-4000,0,0,0,0,4000,-4000,-4000
057692,臺股指凱基98購10,0,0,0,0,0,0,0,0,0,-4000,0,0,0,0,4000,-4000,-4000
05768P,台積電凱基96售15,0,0,0,0,0,0,0,0,0,-4000,0,0,0,261000,265000,-4000,-4000
057502,訊芯群益98購02  ,0,0,0,0,0,0,0,0,0,-4000,0,0,0,83000,87000,-4000,-4000
057467,祥碩永豐98購04  ,0,0,0,0,0,0,0,0,0,-4000,0,0,0,0,4000,-4000,-4000
057484,南亞科元大98購06,0,0,0,0,0,0,0,0,0,-4000,0,0,0,1000,5000,-4000,-4000
057564,台積電富邦9B購03,0,0,0,0,0,0,0,0,0,-4000,0,0,0,46000,50000,-4000,-4000
047083,大立光永豐93購01,0,0,0,0,0,0,0,0,0,-4000,0,0,0,0,4000,-4000,-4000
047769,大立光元大96購01,0,0,0,0,0,0,0,0,0,-4000,0,0,0,0,4000,-4000,-4000
052235,聯發科國票96購02,0,0,0,0,0,0,0,0,0,-4000,0,0,0,0,4000,-4000,-4000
052184,台光電群益95購03,0,0,0,0,0,0,0,0,0,-4000,0,0,0,60000,64000,-4000,-4000
049141,旺宏元大95購01  ,0,0,0,0,0,0,0,0,0,-4000,0,0,0,19000,23000,-4000,-4000
048874,玉晶光國票96購01,0,0,0,0,0,0,0,0,0,-4000,0,0,0,27000,31000,-4000,-4000
048379,台郡元富96購01  ,0,0,0,0,0,0,0,0,0,-4000,0,0,0,10000,14000,-4000,-4000
048295,泰鼎群益93購01  ,0,0,0,0,0,0,0,0,0,-4000,0,0,0,36000,40000,-4000,-4000
045213,A50正2元大95購01,0,0,0,0,0,0,0,0,0,-4000,0,0,0,30000,34000,-4000,-4000
045001,旺宏富邦94購01  ,0,0,0,0,0,0,0,0,0,-4000,0,0,0,0,4000,-4000,-4000
04503P,元油2X元富98售09,0,0,0,0,0,0,0,0,0,-4000,0,0,0,2000,6000,-4000,-4000
042993,葡萄王元大94購01,0,0,0,0,0,0,0,0,0,-4000,0,0,0,292000,296000,-4000,-4000
044264,大立光富邦93購03,0,0,0,0,0,0,0,0,0,-4000,0,0,0,111000,115000,-4000,-4000
039212,台達電台新9A購01,0,0,0,0,0,0,0,0,0,-4000,0,0,0,0,4000,-4000,-4000
045750,鈺齊富邦94購01  ,0,0,0,0,0,0,0,0,0,-4000,0,0,0,6000,10000,-4000,-4000
045700,道瓊指中信94購01,0,0,0,0,0,0,0,0,0,-4000,0,0,0,2000,6000,-4000,-4000
03064X,元展59          ,0,0,0,0,0,0,0,0,0,-4000,0,0,0,0,4000,-4000,-4000
042116,元油2X國票97購01,0,0,0,0,0,0,0,0,0,-4000,0,0,0,0,4000,-4000,-4000
00685L,群益臺灣加權正2 ,0,0,0,0,0,0,0,0,0,-4000,0,0,0,10000,14000,-4000,-4000
00742,新光內需收益    ,0,0,0,0,0,0,0,0,0,-4000,0,0,0,0,4000,-4000,-4000
00688L,國泰20年美債正2 ,0,0,0,0,0,0,0,0,0,-4000,0,0,0,109000,113000,-4000,-4000
049470,楠梓電永豐94購03,0,0,0,0,0,0,0,0,0,-4000,0,0,0,0,4000,-4000,-4000
04945P,鴻海永豐94售06  ,0,0,0,0,0,0,0,0,0,-4000,0,0,0,0,4000,-4000,-4000
049419,欣興凱基94購04  ,0,0,0,0,0,0,0,0,0,-4000,0,0,0,0,4000,-4000,-4000
049343,華新科統一94購03,0,0,0,0,0,0,0,0,0,-4000,0,0,0,56000,60000,-4000,-4000
050918,南亞科日盛95購01,0,0,0,0,0,0,0,0,0,-4000,0,0,0,22000,26000,-4000,-4000
049803,華新科元大95購07,0,0,0,0,0,0,0,0,0,-4000,0,0,0,0,4000,-4000,-4000
051341,訊連永豐95購02  ,0,0,0,0,0,0,0,0,0,-4000,0,0,0,0,4000,-4000,-4000
051572,上銀元大95購01  ,0,0,0,0,0,0,0,0,0,-4000,0,0,0,37000,41000,-4000,-4000
051591,玉晶光元大97購01,0,0,0,0,0,0,0,0,0,-4000,0,0,0,293000,297000,-4000,-4000
051480,大立光凱基97購01,0,0,0,0,0,0,0,0,0,-4000,0,0,0,0,4000,-4000,-4000
051484,玉晶光凱基97購01,0,0,0,0,0,0,0,0,0,-4000,0,0,0,125000,129000,-4000,-4000
051229,亞光群益95購01  ,0,0,0,0,0,0,0,0,0,-4000,0,0,0,62000,66000,-4000,-4000
051218,聯發科元富9B購02,0,0,0,0,0,0,0,0,0,-4000,0,0,0,0,4000,-4000,-4000
053359,矽力統一96購02  ,0,0,0,0,0,0,0,0,0,-4000,0,0,0,6000,10000,-4000,-4000
053363,旺宏國泰98購02  ,0,0,0,0,0,0,0,0,0,-4000,0,0,0,40000,44000,-4000,-4000
053350,台表科國票97購02,0,0,0,0,0,0,0,0,0,-4000,0,0,0,14000,18000,-4000,-4000
053014,旺宏統一97購02  ,0,0,0,0,0,0,0,0,0,-4000,0,0,0,88000,92000,-4000,-4000
05420P,大立光國泰97售03,0,0,0,0,0,0,0,0,0,-4000,0,0,0,138000,142000,-4000,-4000
054056,華新科國票96購02,0,0,0,0,0,0,0,0,0,-4000,0,0,0,1000,5000,-4000,-4000
054109,南亞科凱基96購05,0,0,0,0,0,0,0,0,0,-4000,0,0,0,2000,6000,-4000,-4000
053824,樺漢群益96購02  ,0,0,0,0,0,0,0,0,0,-4000,0,0,0,6000,10000,-4000,-4000
054912,群光凱基97購01  ,0,0,0,0,0,0,0,0,0,-4000,0,0,0,0,4000,-4000,-4000
054876,群電群益97購02  ,0,0,0,0,0,0,0,0,0,-4000,0,0,0,0,4000,-4000,-4000
054680,華新科康和97購02,0,0,0,0,0,0,0,0,0,-4000,0,0,0,79000,83000,-4000,-4000
05468P,鴻海元大96售14  ,0,0,0,0,0,0,0,0,0,-4000,0,0,0,363000,367000,-4000,-4000
054643,上証2X群益9B購01,0,0,0,0,0,0,0,0,0,-4000,0,0,0,182000,186000,-4000,-4000
055058,大毅永豐97購01  ,0,0,0,0,0,0,0,0,0,-4000,0,0,0,29000,33000,-4000,-4000
055500,京鼎元大97購04  ,0,0,0,0,0,0,0,0,0,-4000,0,0,0,6000,10000,-4000,-4000
06709P,臺股指台新99售06,0,0,0,0,0,0,0,0,0,-4000,0,0,0,0,4000,-4000,-4000
06497P,大立光凱基98售11,0,0,0,0,0,0,0,0,0,-4000,0,0,0,0,4000,-4000,-4000
1233,天仁            ,0,4000,-4000,0,0,0,0,0,0,0,0,0,0,0,0,0,-4000
1786,科妍            ,3000,10000,-7000,0,0,0,0,0,0,3000,3000,0,3000,0,0,0,-4000
1713,國化            ,0,4000,-4000,0,0,0,0,0,0,0,0,0,0,0,0,0,-4000
1465,偉全            ,0,3000,-3000,0,0,0,0,0,0,-1000,0,1000,-1000,0,0,0,-4000
2906,高林            ,0,4000,-4000,0,0,0,0,0,0,0,0,0,0,0,0,0,-4000
2888A,新光金甲特      ,0,4000,-4000,0,0,0,0,0,0,0,0,0,0,0,0,0,-4000
2482,連宇            ,2000,4000,-2000,0,0,0,0,0,0,-2000,0,2000,-2000,0,0,0,-4000
2466,冠西電          ,2000,6000,-4000,0,0,0,0,0,0,0,0,0,0,0,0,0,-4000
2243,宏旭-KY         ,0,1000,-1000,0,0,0,0,0,0,-3000,0,3000,-3000,0,0,0,-4000
2069,運錩            ,0,4000,-4000,0,0,0,0,0,0,0,0,0,0,0,0,0,-4000
4912,聯德控股-KY     ,4000,8000,-4000,0,0,0,0,0,0,0,0,0,0,0,0,0,-4000
6464,台數科          ,0,4000,-4000,0,0,0,0,0,0,0,0,0,0,0,0,0,-4000
3054,立萬利          ,0,3000,-3000,0,0,0,0,0,0,-1000,0,1000,-1000,0,0,0,-4000
3040,遠見            ,0,4000,-4000,0,0,0,0,0,0,0,0,0,0,0,0,0,-4000
3419,譁裕            ,10000,14000,-4000,0,0,0,0,0,0,0,0,0,0,0,0,0,-4000
3130,一零四          ,1000,5000,-4000,0,0,0,0,0,0,0,0,0,0,0,0,0,-4000
9918,欣天然          ,1000,5000,-4000,0,0,0,0,0,0,0,0,0,0,0,0,0,-4000
6641,基士德-KY       ,1000,5000,-4000,0,0,0,0,0,0,0,0,0,0,0,0,0,-4000
8478,東哥遊艇        ,1000,5000,-4000,0,0,0,0,0,0,0,0,0,0,0,0,0,-4000
05751P,台積電中信96售05,0,0,0,0,0,0,0,0,0,-5000,0,0,0,0,5000,-5000,-5000
057744,健策永豐98購02  ,0,0,0,0,0,0,0,0,0,-5000,0,0,0,0,5000,-5000,-5000
05785P,臺股指元大96售19,0,0,0,0,0,0,0,0,0,-5000,0,0,0,0,5000,-5000,-5000
05789P,臺股指永昌96售06,0,0,0,0,0,0,0,0,0,-5000,450000,0,450000,115000,570000,-455000,-5000
057829,臺股指元大98購12,0,0,0,0,0,0,0,0,0,-5000,0,0,0,0,5000,-5000,-5000
05853P,欣興群益96售05  ,0,0,0,0,0,0,0,0,0,-5000,0,0,0,0,5000,-5000,-5000
05939P,聯發科凱基96售20,0,0,0,0,0,0,0,0,0,-5000,0,0,0,8000,13000,-5000,-5000
057187,群創元大9B購04  ,0,0,0,0,0,0,0,0,0,-5000,0,0,0,4000,9000,-5000,-5000
057191,祥碩元大98購05  ,0,0,0,0,0,0,0,0,0,-5000,0,0,0,0,5000,-5000,-5000
057214,瑞昱群益98購01  ,0,0,0,0,0,0,0,0,0,-5000,0,0,0,43000,48000,-5000,-5000
057337,聯發科國票99購02,0,0,0,0,0,0,0,0,0,-5000,0,0,0,0,5000,-5000,-5000
057105,致茂群益9A購01  ,0,0,0,0,0,0,0,0,0,-5000,0,0,0,12000,17000,-5000,-5000
056853,元油2X中信9B購02,0,0,0,0,0,0,0,0,0,-5000,0,0,0,0,5000,-5000,-5000
055797,華通富邦98購01  ,0,0,0,0,0,0,0,0,0,-5000,0,0,0,0,5000,-5000,-5000
055823,臺股指國票97購10,0,0,0,0,0,0,0,0,0,-5000,0,0,0,0,5000,-5000,-5000
055824,臺股指國票97購11,0,0,0,0,0,0,0,0,0,-5000,0,0,0,0,5000,-5000,-5000
056678,力成元富98購01  ,0,0,0,0,0,0,0,0,0,-5000,0,0,0,32000,37000,-5000,-5000
056735,國巨凱基99購02  ,0,0,0,0,0,0,0,0,0,-5000,0,0,0,15000,20000,-5000,-5000
056559,華通群益98購02  ,0,0,0,0,0,0,0,0,0,-5000,0,0,0,10000,15000,-5000,-5000
056579,麗豐元大99購01  ,0,0,0,0,0,0,0,0,0,-5000,0,0,0,0,5000,-5000,-5000
056437,台積電凱基98購11,0,0,0,0,0,0,0,0,0,-5000,0,0,0,0,5000,-5000,-5000
056447,聯發科凱基98購09,0,0,0,0,0,0,0,0,0,-5000,0,0,0,10000,15000,-5000,-5000
056280,上証2X永豐98購01,0,0,0,0,0,0,0,0,0,-5000,0,0,0,0,5000,-5000,-5000
056301,開發金元大9A購01,0,0,0,0,0,0,0,0,0,-5000,0,0,0,0,5000,-5000,-5000
056307,貿聯元大97購05  ,0,0,0,0,0,0,0,0,0,-5000,0,0,0,0,5000,-5000,-5000
00689R,國泰20年美債反1 ,0,0,0,0,0,0,0,0,0,-5000,0,0,0,100000,105000,-5000,-5000
00706L,元大S&P日圓正2  ,0,0,0,0,0,0,0,0,0,-5000,0,0,0,22000,27000,-5000,-5000
03012X,元展12          ,0,0,0,0,0,0,0,0,0,-5000,0,0,0,0,5000,-5000,-5000
020011,統一微波高息20N ,0,0,0,0,0,0,0,0,0,-5000,0,0,0,1000,6000,-5000,-5000
00657,國泰日經225     ,0,0,0,0,0,0,0,0,0,-5000,0,0,0,257000,262000,-5000,-5000
04121P,宏碁凱基93售02  ,0,0,0,0,0,0,0,0,0,-5000,0,0,0,0,5000,-5000,-5000
03103P,聯發科元富01售02,0,0,0,0,0,0,0,0,0,-5000,0,0,0,15000,20000,-5000,-5000
04558P,瑞昱日盛94售01  ,0,0,0,0,0,0,0,0,0,-5000,0,0,0,0,5000,-5000,-5000
03296P,台積電統一02售13,0,0,0,0,0,0,0,0,0,-5000,0,0,0,0,5000,-5000,-5000
04383P,泰鼎國泰95售01  ,0,0,0,0,0,0,0,0,0,-5000,0,0,0,10000,15000,-5000,-5000
043641,深中小國票94購01,0,0,0,0,0,0,0,0,0,-5000,0,0,0,0,5000,-5000,-5000
046159,群創群益98購04  ,0,0,0,0,0,0,0,0,0,-5000,0,0,0,8000,13000,-5000,-5000
045287,元油2X元大95購01,0,0,0,0,0,0,0,0,0,-5000,0,0,0,0,5000,-5000,-5000
04599P,南亞科凱基94售03,0,0,0,0,0,0,0,0,0,-5000,0,0,0,50000,55000,-5000,-5000
048532,大立光國票93購06,0,0,0,0,0,0,0,0,0,-5000,0,0,0,0,5000,-5000,-5000
047521,台積電元大94購03,0,0,0,0,0,0,0,0,0,-5000,0,0,0,17000,22000,-5000,-5000
047479,美律凱基94購01  ,0,0,0,0,0,0,0,0,0,-5000,0,0,0,0,5000,-5000,-5000
04468P,元油2X元大94售04,0,0,0,0,0,0,0,0,0,-5000,0,0,0,0,5000,-5000,-5000
04467P,元油2X元大94售03,0,0,0,0,0,0,0,0,0,-5000,0,0,0,0,5000,-5000,-5000
04909P,鴻海統一94售10  ,0,0,0,0,0,0,0,0,0,-5000,0,0,0,0,5000,-5000,-5000
048981,牧德元大94購01  ,0,0,0,0,0,0,0,0,0,-5000,0,0,0,17000,22000,-5000,-5000
04896P,上証2X中信95售01,0,0,0,0,0,0,0,0,0,-5000,0,0,0,0,5000,-5000,-5000
052071,臺股指兆豐95購01,0,0,0,0,0,0,0,0,0,-5000,0,0,0,0,5000,-5000,-5000
052072,健策統一95購02  ,0,0,0,0,0,0,0,0,0,-5000,0,0,0,1000,6000,-5000,-5000
052073,矽力統一95購03  ,0,0,0,0,0,0,0,0,0,-5000,0,0,0,10000,15000,-5000,-5000
047782,燿華國泰95購01  ,0,0,0,0,0,0,0,0,0,-5000,0,0,0,0,5000,-5000,-5000
048659,國巨統一94購02  ,0,0,0,0,0,0,0,0,0,-5000,0,0,0,0,5000,-5000,-5000
048130,美利達元大96購01,0,0,0,0,0,0,0,0,0,-5000,0,0,0,10000,15000,-5000,-5000
048040,百和凱基93購07  ,0,0,0,0,0,0,0,0,0,-5000,0,0,0,40000,45000,-5000,-5000
047995,台達電元大96購01,0,0,0,0,0,0,0,0,0,-5000,0,0,0,0,5000,-5000,-5000
047151,台積電國票94購02,0,0,0,0,0,0,0,0,0,-5000,0,0,0,12000,17000,-5000,-5000
047722,南電凱基94購02  ,0,0,0,0,0,0,0,0,0,-5000,0,0,0,162000,167000,-5000,-5000
04680P,臺股指統一94售05,0,0,0,0,0,0,0,0,0,-5000,0,0,0,299000,304000,-5000,-5000
051231,健策群益97購01  ,0,0,0,0,0,0,0,0,0,-5000,0,0,0,15000,20000,-5000,-5000
050376,百和元大95購01  ,0,0,0,0,0,0,0,0,0,-5000,0,0,0,0,5000,-5000,-5000
052813,T50正2永豐96購01,0,0,0,0,0,0,0,0,0,-5000,0,0,0,80000,85000,-5000,-5000
052439,寶成富邦97購01  ,0,0,0,0,0,0,0,0,0,-5000,0,0,0,3000,8000,-5000,-5000
052746,泰碩元大97購01  ,0,0,0,0,0,0,0,0,0,-5000,0,0,0,0,5000,-5000,-5000
052724,力成統一97購01  ,0,0,0,0,0,0,0,0,0,-5000,0,0,0,10000,15000,-5000,-5000
052727,仁寶元富96購01  ,0,0,0,0,0,0,0,0,0,-5000,0,0,0,0,5000,-5000,-5000
05270P,台表科元大95售05,0,0,0,0,0,0,0,0,0,-5000,0,0,0,0,5000,-5000,-5000
051491,貿聯凱基95購01  ,0,0,0,0,0,0,0,0,0,-5000,0,0,0,0,5000,-5000,-5000
051596,超眾元大95購05  ,0,0,0,0,0,0,0,0,0,-5000,0,0,0,0,5000,-5000,-5000
051518,富邦金凱基95購01,0,0,0,0,0,0,0,0,0,-5000,0,0,0,0,5000,-5000,-5000
051355,聯發科元大96購01,0,0,0,0,0,0,0,0,0,-5000,0,0,0,310000,315000,-5000,-5000
051834,南電元大96購02  ,0,0,0,0,0,0,0,0,0,-5000,0,0,0,237000,242000,-5000,-5000
051291,聯詠統一95購01  ,0,0,0,0,0,0,0,0,0,-5000,0,0,0,0,5000,-5000,-5000
051879,健策台新96購01  ,0,0,0,0,0,0,0,0,0,-5000,0,0,0,0,5000,-5000,-5000
051868,貿聯凱基96購01  ,0,0,0,0,0,0,0,0,0,-5000,0,0,0,5000,10000,-5000,-5000
051146,旺宏凱基95購04  ,0,0,0,0,0,0,0,0,0,-5000,0,0,0,0,5000,-5000,-5000
050360,T50反1元大94購06,0,0,0,0,0,0,0,0,0,-5000,0,0,0,0,5000,-5000,-5000
049189,訊芯康和94購01  ,0,0,0,0,0,0,0,0,0,-5000,0,0,0,5000,10000,-5000,-5000
049797,台積電元大94購17,0,0,0,0,0,0,0,0,0,-5000,0,0,0,140000,145000,-5000,-5000
049763,美食國泰96購01  ,0,0,0,0,0,0,0,0,0,-5000,0,0,0,0,5000,-5000,-5000
049800,瑞昱元大94購05  ,0,0,0,0,0,0,0,0,0,-5000,0,0,0,56000,61000,-5000,-5000
04984P,臺股指康和94售04,0,0,0,0,0,0,0,0,0,-5000,0,0,0,0,5000,-5000,-5000
049696,欣興元大95購02  ,0,0,0,0,0,0,0,0,0,-5000,0,0,0,17000,22000,-5000,-5000
049671,上証2X富邦95購01,0,0,0,0,0,0,0,0,0,-5000,0,0,0,0,5000,-5000,-5000
049679,臺股指國票94購12,0,0,0,0,0,0,0,0,0,-5000,0,0,0,2000,7000,-5000,-5000
050948,華固群益95購01  ,0,120000,-120000,0,0,0,0,0,0,115000,0,0,0,140000,25000,115000,-5000
051748,超眾國泰96購01  ,0,0,0,0,0,0,0,0,0,-5000,0,0,0,0,5000,-5000,-5000
051695,元金2X中信98購01,0,0,0,0,0,0,0,0,0,-5000,0,0,0,1000,6000,-5000,-5000
051705,富邦金群益97購01,0,0,0,0,0,0,0,0,0,-5000,0,0,0,0,5000,-5000,-5000
052322,力成元大96購01  ,0,0,0,0,0,0,0,0,0,-5000,0,0,0,7000,12000,-5000,-5000
052275,日月光群益95購01,0,0,0,0,0,0,0,0,0,-5000,0,0,0,0,5000,-5000,-5000
050909,華夏中信95購01  ,0,0,0,0,0,0,0,0,0,-5000,0,0,0,0,5000,-5000,-5000
051664,鴻海元大96購07  ,0,0,0,0,0,0,0,0,0,-5000,0,0,0,0,5000,-5000,-5000
049427,瑞昱兆豐94購01  ,0,0,0,0,0,0,0,0,0,-5000,0,0,0,0,5000,-5000,-5000
050618,緯創元大95購01  ,0,0,0,0,0,0,0,0,0,-5000,0,0,0,0,5000,-5000,-5000
051778,全新群益95購01  ,0,0,0,0,0,0,0,0,0,-5000,0,0,0,701000,706000,-5000,-5000
050481,泰鼎國票96購01  ,0,0,0,0,0,0,0,0,0,-5000,0,0,0,10000,15000,-5000,-5000
050566,高股息中信97購02,0,0,0,0,0,0,0,0,0,-5000,0,0,0,0,5000,-5000,-5000
050993,聯發科元大95購05,0,0,0,0,0,0,0,0,0,-5000,0,0,0,0,5000,-5000,-5000
049910,智邦元大94購04  ,0,0,0,0,0,0,0,0,0,-5000,0,0,0,0,5000,-5000,-5000
049948,聯發科麥證94購01,0,0,0,0,5000,-5000,0,0,0,-5000,0,0,0,0,5000,-5000,-5000
050018,高股息元大94購02,0,0,0,0,0,0,0,0,0,-5000,0,0,0,0,5000,-5000,-5000
050023,國巨元大94購12  ,0,0,0,0,0,0,0,0,0,-5000,0,0,0,5000,10000,-5000,-5000
050227,大立光中信96購01,0,0,0,0,0,0,0,0,0,-5000,0,0,0,0,5000,-5000,-5000
055447,華新科統一97購04,0,0,0,0,0,0,0,0,0,-5000,0,0,0,0,5000,-5000,-5000
055056,億光永豐97購01  ,0,0,0,0,0,0,0,0,0,-5000,0,0,0,0,5000,-5000,-5000
055179,大立光統一97購04,0,0,0,0,0,0,0,0,0,-5000,0,0,0,10000,15000,-5000,-5000
055210,S&P正2凱基97購01,0,0,0,0,0,0,0,0,0,-5000,0,0,0,0,5000,-5000,-5000
05458P,台積電凱基97售02,0,0,0,0,0,0,0,0,0,-5000,0,0,0,1000,6000,-5000,-5000
054580,樺漢元大98購01  ,0,0,0,0,0,0,0,0,0,-5000,0,0,0,0,5000,-5000,-5000
054433,南亞科台新96購02,0,0,0,0,0,0,0,0,0,-5000,0,0,0,5000,10000,-5000,-5000
054679,台積電康和99購01,0,0,0,0,0,0,0,0,0,-5000,0,0,0,68000,73000,-5000,-5000
054806,台化元大9A購01  ,0,0,0,0,0,0,0,0,0,-5000,0,0,0,0,5000,-5000,-5000
054796,康普群益98購01  ,0,0,0,0,0,0,0,0,0,-5000,0,0,0,5000,10000,-5000,-5000
053810,台達電群益96購01,0,0,0,0,0,0,0,0,0,-5000,0,0,0,25000,30000,-5000,-5000
053848,聯發科元富96購03,0,0,0,0,0,0,0,0,0,-5000,0,0,0,0,5000,-5000,-5000
053908,貿聯凱基98購01  ,0,0,0,0,0,0,0,0,0,-5000,0,0,0,0,5000,-5000,-5000
053722,新光金凱基9C購01,0,0,0,0,0,0,0,0,0,-5000,0,0,0,0,5000,-5000,-5000
054058,晶豪科國票98購01,0,0,0,0,0,0,0,0,0,-5000,0,0,0,0,5000,-5000,-5000
053975,大立光元大98購04,0,0,0,0,0,0,0,0,0,-5000,0,0,0,0,5000,-5000,-5000
054193,鴻海麥證96購02  ,0,0,0,0,5000,-5000,0,0,0,-5000,0,0,0,0,5000,-5000,-5000
054151,瑞昱國泰97購01  ,0,0,0,0,0,0,0,0,0,-5000,0,0,0,5000,10000,-5000,-5000
054158,國巨日盛99購01  ,0,0,0,0,0,0,0,0,0,-5000,0,0,0,252000,257000,-5000,-5000
053020,貿聯元富96購01  ,0,0,0,0,0,0,0,0,0,-5000,0,0,0,0,5000,-5000,-5000
05304P,國巨國泰97售02  ,0,0,0,0,0,0,0,0,0,-5000,0,0,0,15000,20000,-5000,-5000
053241,元油反國票9A購01,0,0,0,0,0,0,0,0,0,-5000,0,0,0,0,5000,-5000,-5000
05249P,臻鼎國票95售01  ,0,0,0,0,0,0,0,0,0,-5000,0,0,0,5000,10000,-5000,-5000
053466,華通元大98購01  ,0,0,0,0,0,0,0,0,0,-5000,0,0,0,15000,20000,-5000,-5000
053566,大立光富邦99購03,0,0,0,0,0,0,0,0,0,-5000,0,0,0,35000,40000,-5000,-5000
053530,聯發科康和96購01,0,0,0,0,0,0,0,0,0,-5000,0,0,0,0,5000,-5000,-5000
8103,瀚荃            ,2000,2000,0,0,0,0,0,0,0,-5000,0,5000,-5000,0,0,0,-5000
9912,偉聯            ,0,3000,-3000,0,0,0,0,0,0,-2000,0,2000,-2000,0,0,0,-5000
912000,晨訊科-DR       ,0,5000,-5000,0,0,0,0,0,0,0,0,0,0,0,0,0,-5000
4148,全宇生技-KY     ,2000,7000,-5000,0,0,0,0,0,0,0,0,0,0,0,0,0,-5000
2471,資通            ,6000,11000,-5000,0,0,0,0,0,0,0,0,0,0,0,0,0,-5000
2496,卓越            ,3000,8000,-5000,0,0,0,0,0,0,0,0,0,0,0,0,0,-5000
2904,匯僑            ,0,5000,-5000,0,0,0,0,0,0,0,0,0,0,0,0,0,-5000
1539,巨庭            ,2000,7000,-5000,0,0,0,0,0,0,0,0,0,0,0,0,0,-5000
1568,倉佑            ,1000,6000,-5000,0,0,0,0,0,0,0,0,0,0,0,0,0,-5000
1521,大億            ,0,5000,-5000,0,0,0,0,0,0,0,0,0,0,0,0,0,-5000
1817,凱撒衛          ,1000,6000,-5000,0,0,0,0,0,0,0,0,0,0,0,0,0,-5000
06866P,聯發科元大98售13,0,0,0,0,0,0,0,0,0,-5000,0,0,0,5000,10000,-5000,-5000
06408P,聯茂元富97售02  ,0,0,0,0,0,0,0,0,0,-5000,0,0,0,3000,8000,-5000,-5000
06445P,大立光凱基98售09,0,0,0,0,0,0,0,0,0,-5000,0,0,0,0,5000,-5000,-5000
06433P,大立光群益99售01,0,0,0,0,0,0,0,0,0,-5000,0,0,0,2000,7000,-5000,-5000
06430P,大立光元大97售16,0,0,0,0,0,0,0,0,0,-5000,0,0,0,0,5000,-5000,-5000
06751P,旺宏凱基98售10  ,0,0,0,0,0,0,0,0,0,-5000,0,0,0,5000,10000,-5000,-5000
06670P,鴻海群益98售06  ,0,0,0,0,0,0,0,0,0,-5000,0,0,0,0,5000,-5000,-5000
06704P,玉晶光元富98售05,0,0,0,0,0,0,0,0,0,-5000,0,0,0,5000,10000,-5000,-5000
06357P,臺股指永豐97售03,0,0,0,0,0,0,0,0,0,-5000,0,0,0,0,5000,-5000,-5000
06278P,臺股指凱基97售10,0,0,0,0,0,0,0,0,0,-5000,0,0,0,187000,192000,-5000,-5000
056258,訊芯元富97購04  ,0,0,0,0,0,0,0,0,0,-6000,0,0,0,0,6000,-6000,-6000
056557,世紀鋼凱基98購02,0,0,0,0,0,0,0,0,0,-6000,0,0,0,10000,16000,-6000,-6000
055672,國巨日盛97購02  ,0,0,0,0,0,0,0,0,0,-6000,0,0,0,0,6000,-6000,-6000
056879,旺宏國票99購02  ,0,0,0,0,0,0,0,0,0,-6000,0,0,0,4000,10000,-6000,-6000
057138,亞德客兆豐98購01,0,0,0,0,0,0,0,0,0,-6000,0,0,0,16000,22000,-6000,-6000
05983P,聯詠國票96售02  ,0,0,0,0,0,0,0,0,0,-6000,0,0,0,0,6000,-6000,-6000
057839,台積電富邦9A購02,0,0,0,0,0,0,0,0,0,-6000,0,0,0,0,6000,-6000,-6000
057540,緯穎日盛99購01  ,0,0,0,0,0,0,0,0,0,-6000,0,0,0,70000,76000,-6000,-6000
057539,南茂元大98購02  ,0,0,0,0,0,0,0,0,0,-6000,0,0,0,32000,38000,-6000,-6000
047643,新光金元大95購02,0,0,0,0,0,0,0,0,0,-6000,0,0,0,0,6000,-6000,-6000
052155,百和台新95購01  ,0,0,0,0,0,0,0,0,0,-6000,0,0,0,88000,94000,-6000,-6000
049112,可成統一94購01  ,0,0,0,0,0,0,0,0,0,-6000,0,0,0,24000,30000,-6000,-6000
048412,台勝科亞東93購01,0,0,0,0,0,0,0,0,0,-6000,0,0,0,0,6000,-6000,-6000
048875,晶相光國票94購01,0,0,0,0,0,0,0,0,0,-6000,0,0,0,28000,34000,-6000,-6000
04860P,鴻海群益94售07  ,0,0,0,0,0,0,0,0,0,-6000,0,0,0,4000,10000,-6000,-6000
04500P,燿華統一94售01  ,0,0,0,0,0,0,0,0,0,-6000,0,0,0,0,6000,-6000,-6000
043938,華邦電兆豐93購01,0,0,0,0,0,0,0,0,0,-6000,0,0,0,0,6000,-6000,-6000
04537P,新光金統一94售01,0,0,0,0,0,0,0,0,0,-6000,0,0,0,0,6000,-6000,-6000
044820,臻鼎兆豐93購02  ,0,0,0,0,0,0,0,0,0,-6000,0,0,0,0,6000,-6000,-6000
046600,鴻海群益94購01  ,0,0,0,0,0,0,0,0,0,-6000,0,0,0,29000,35000,-6000,-6000
042501,台灣50凱基96購06,0,0,0,0,0,0,0,0,0,-6000,0,0,0,0,6000,-6000,-6000
050005,京鼎永豐94購01  ,0,0,0,0,0,0,0,0,0,-6000,0,0,0,10000,16000,-6000,-6000
051004,台新金中信95購02,0,0,0,0,0,0,0,0,0,-6000,0,0,0,94000,100000,-6000,-6000
050520,凌陽元大94購02  ,0,0,0,0,0,0,0,0,0,-6000,0,0,0,0,6000,-6000,-6000
050581,美食國票94購02  ,0,0,0,0,0,0,0,0,0,-6000,0,0,0,0,6000,-6000,-6000
05012P,台積電元大95售07,0,0,0,0,0,0,0,0,0,-6000,0,0,0,4000,10000,-6000,-6000
049346,新光金統一95購01,0,0,0,0,0,0,0,0,0,-6000,0,0,0,0,6000,-6000,-6000
050093,國巨永豐94購05  ,0,0,0,0,0,0,0,0,0,-6000,0,0,0,16000,22000,-6000,-6000
05094P,大立光元大95售07,0,0,0,0,0,0,0,0,0,-6000,0,0,0,64000,70000,-6000,-6000
05115P,T50反1群益95售02,0,0,0,0,0,0,0,0,0,-6000,0,0,0,0,6000,-6000,-6000
051857,喬山凱基95購01  ,0,0,0,0,0,0,0,0,0,-6000,0,0,0,0,6000,-6000,-6000
049534,華擎永豐94購02  ,0,0,0,0,0,0,0,0,0,-6000,0,0,0,0,6000,-6000,-6000
052666,瑞昱群益96購01  ,0,0,0,0,0,0,0,0,0,-6000,0,0,0,10000,16000,-6000,-6000
050439,新日興凱基94購01,0,0,0,0,0,0,0,0,0,-6000,0,0,0,1000,7000,-6000,-6000
051211,道瓊反統一95購01,0,0,0,0,0,0,0,0,0,-6000,0,0,0,41000,47000,-6000,-6000
053131,華通國票97購03  ,0,0,0,0,0,0,0,0,0,-6000,0,0,0,299000,305000,-6000,-6000
053310,彩晶凱基98購02  ,0,0,0,0,0,0,0,0,0,-6000,0,0,0,0,6000,-6000,-6000
053773,上銀元大96購04  ,0,0,0,0,0,0,0,0,0,-6000,0,0,0,32000,38000,-6000,-6000
053850,嘉澤元富96購03  ,0,0,0,0,0,0,0,0,0,-6000,0,0,0,44000,50000,-6000,-6000
054837,欣興第一97購01  ,0,0,0,0,0,0,0,0,0,-6000,0,0,0,0,6000,-6000,-6000
054445,技嘉兆豐96購01  ,0,0,0,0,0,0,0,0,0,-6000,0,0,0,0,6000,-6000,-6000
054572,國巨元大98購03  ,0,0,0,0,0,0,0,0,0,-6000,0,0,0,295000,301000,-6000,-6000
05459P,聯詠凱基95售03  ,0,0,0,0,0,0,0,0,0,-6000,0,0,0,1000,7000,-6000,-6000
055483,和大元大97購03  ,0,0,0,0,0,0,0,0,0,-6000,0,0,0,4000,10000,-6000,-6000
06258P,臺股指群益97售11,0,0,0,0,0,0,0,0,0,-6000,0,0,0,6000,12000,-6000,-6000
06312P,樺漢元富97售02  ,0,0,0,0,0,0,0,0,0,-6000,0,0,0,20000,26000,-6000,-6000
06632P,創意群益98售03  ,0,0,0,0,0,0,0,0,0,-6000,0,0,0,10000,16000,-6000,-6000
06564P,國巨富邦9A售04  ,0,0,0,0,0,0,0,0,0,-6000,0,0,0,19000,25000,-6000,-6000
06844P,智邦元大98售13  ,0,0,0,0,0,0,0,0,0,-6000,0,0,0,18000,24000,-6000,-6000
1711,永光            ,33000,39000,-6000,0,0,0,0,0,0,0,0,0,0,0,0,0,-6000
1726,永記            ,2000,7000,-5000,0,0,0,0,0,0,-1000,0,1000,-1000,0,0,0,-6000
1452,宏益            ,5000,11000,-6000,0,0,0,0,0,0,0,0,0,0,0,0,0,-6000
2426,鼎元            ,66000,71000,-5000,0,0,0,0,0,0,-1000,0,1000,-1000,0,0,0,-6000
2427,三商電          ,0,4000,-4000,0,0,0,0,0,0,-2000,0,2000,-2000,0,0,0,-6000
2430,燦坤            ,0,6000,-6000,0,0,0,0,0,0,0,0,0,0,0,0,0,-6000
2115,六暉-KY         ,0,6000,-6000,0,0,0,0,0,0,0,0,0,0,0,0,0,-6000
3346,麗清            ,8000,14000,-6000,0,0,0,0,0,0,0,0,0,0,0,0,0,-6000
6477,安集            ,4000,11000,-7000,0,0,0,1000,0,1000,0,0,0,0,0,0,0,-6000
6133,金橋            ,0,4000,-4000,0,0,0,0,0,0,-2000,1000,3000,-2000,0,0,0,-6000
4755,三福化          ,0,6000,-6000,0,0,0,0,0,0,0,0,0,0,0,0,0,-6000
5538,東明-KY         ,0,6000,-6000,0,0,0,0,0,0,0,0,0,0,0,0,0,-6000
6579,研揚            ,0,6000,-6000,0,0,0,0,0,0,0,0,0,0,0,0,0,-6000
057565,可成富邦99購01  ,0,0,0,0,0,0,0,0,0,-7000,0,0,0,78000,85000,-7000,-7000
057516,和鑫元富98購01  ,0,0,0,0,0,0,0,0,0,-7000,0,0,0,33000,40000,-7000,-7000
057641,旺宏元大98購10  ,0,0,0,0,0,0,0,0,0,-7000,0,0,0,13000,20000,-7000,-7000
057805,華通元大98購06  ,0,0,0,0,0,0,0,0,0,-7000,0,0,0,64000,71000,-7000,-7000
05907P,聯發科元富96售05,0,0,0,0,0,0,0,0,0,-7000,0,0,0,48000,55000,-7000,-7000
056866,矽創群益98購03  ,0,0,0,0,0,0,0,0,0,-7000,0,0,0,20000,27000,-7000,-7000
056964,聯發科永豐98購03,0,0,0,0,0,0,0,0,0,-7000,0,0,0,68000,75000,-7000,-7000
057336,聯發科國票99購01,0,0,0,0,0,0,0,0,0,-7000,0,0,0,0,7000,-7000,-7000
055695,大毅國票98購03  ,0,0,0,0,0,0,0,0,0,-7000,0,0,0,11000,18000,-7000,-7000
056057,華邦電元大97購05,0,0,0,0,0,0,0,0,0,-7000,0,0,0,227000,234000,-7000,-7000
056184,南亞科統一97購03,0,0,0,0,0,0,0,0,0,-7000,0,0,0,5000,12000,-7000,-7000
056535,全新凱基99購02  ,0,0,0,0,0,0,0,0,0,-7000,0,0,0,0,7000,-7000,-7000
056614,智邦永豐98購01  ,0,0,0,0,0,0,0,0,0,-7000,0,0,0,69000,76000,-7000,-7000
03038X,元展35          ,0,0,0,0,0,0,0,0,0,-7000,0,0,0,0,7000,-7000,-7000
04411P,智易統一96售01  ,0,0,0,0,0,0,0,0,0,-7000,0,0,0,94000,101000,-7000,-7000
04297P,微星元大93售03  ,0,0,0,0,0,0,0,0,0,-7000,0,0,0,0,7000,-7000,-7000
048634,華通元大94購01  ,0,0,0,0,0,0,0,0,0,-7000,0,0,0,54000,61000,-7000,-7000
048522,A50正2元富95購02,0,0,0,0,0,0,0,0,0,-7000,0,0,0,0,7000,-7000,-7000
047559,彩晶凱基94購03  ,0,0,0,0,0,0,0,0,0,-7000,0,0,0,0,7000,-7000,-7000
047366,台表科群益93購01,0,0,0,0,0,0,0,0,0,-7000,0,0,0,0,7000,-7000,-7000
048390,國巨國票94購02  ,0,0,0,0,0,0,0,0,0,-7000,0,0,0,0,7000,-7000,-7000
052110,可成元富95購02  ,0,0,0,0,0,0,0,0,0,-7000,0,0,0,20000,27000,-7000,-7000
047109,華邦電元大94購01,0,0,0,0,0,0,0,0,0,-7000,0,0,0,7000,14000,-7000,-7000
052621,台郡富邦97購01  ,0,0,0,0,0,0,0,0,0,-7000,0,0,0,40000,47000,-7000,-7000
052693,微星中信96購01  ,0,0,0,0,0,0,0,0,0,-7000,0,0,0,0,7000,-7000,-7000
051912,健鼎元大96購01  ,0,0,0,0,0,0,0,0,0,-7000,0,0,0,56000,63000,-7000,-7000
05116P,台積電群益95售03,0,0,0,0,0,0,0,0,0,-7000,0,0,0,0,7000,-7000,-7000
049221,健策國票95購02  ,0,0,0,0,0,0,0,0,0,-7000,0,0,0,0,7000,-7000,-7000
050980,欣興元富95購02  ,0,0,0,0,0,0,0,0,0,-7000,0,0,0,0,7000,-7000,-7000
051740,可成國票96購04  ,0,0,0,0,0,0,0,0,0,-7000,0,0,0,21000,28000,-7000,-7000
049630,臺股指群益94購03,0,0,0,0,0,0,0,0,0,-7000,0,0,0,0,7000,-7000,-7000
051665,台積電元大96購07,0,0,0,0,0,0,0,0,0,-7000,0,0,0,101000,108000,-7000,-7000
050697,冠德凱基96購01  ,0,0,0,0,0,0,0,0,0,-7000,0,0,0,0,7000,-7000,-7000
051053,台光電群益95購01,0,0,0,0,0,0,0,0,0,-7000,0,0,0,58000,65000,-7000,-7000
050021,鴻海元大94購10  ,0,0,0,0,0,0,0,0,0,-7000,0,0,0,2000,9000,-7000,-7000
055562,欣興凱基97購06  ,0,0,0,0,0,0,0,0,0,-7000,0,0,0,33000,40000,-7000,-7000
055412,旺宏富邦99購01  ,0,0,0,0,0,0,0,0,0,-7000,0,0,0,0,7000,-7000,-7000
055339,緯穎兆豐98購01  ,0,0,0,0,0,0,0,0,0,-7000,0,0,0,1000,8000,-7000,-7000
055197,致新元富97購02  ,0,0,0,0,0,0,0,0,0,-7000,0,0,0,10000,17000,-7000,-7000
054339,聯詠統一96購02  ,0,0,0,0,0,0,0,0,0,-7000,0,0,0,51000,58000,-7000,-7000
054908,群電康和97購01  ,0,0,0,0,0,0,0,0,0,-7000,0,0,0,7000,14000,-7000,-7000
053787,健策元大97購02  ,0,0,0,0,0,0,0,0,0,-7000,0,0,0,11000,18000,-7000,-7000
053942,超眾國泰96購02  ,0,0,0,0,0,0,0,0,0,-7000,0,0,0,3000,10000,-7000,-7000
053940,康友元富96購01  ,0,0,0,0,0,0,0,0,0,-7000,0,0,0,77000,84000,-7000,-7000
053644,台表科國票97購03,0,0,0,0,0,0,0,0,0,-7000,0,0,0,18000,25000,-7000,-7000
054001,康友群益96購02  ,0,0,0,0,0,0,0,0,0,-7000,0,0,0,48000,55000,-7000,-7000
053302,國巨凱基96購10  ,0,0,0,0,0,0,0,0,0,-7000,0,0,0,150000,157000,-7000,-7000
053494,南亞科兆豐96購02,0,0,0,0,0,0,0,0,0,-7000,0,0,0,3000,10000,-7000,-7000
05317P,臺股指永昌95售02,0,0,0,0,0,0,0,0,0,-7000,623000,0,623000,1030000,1660000,-630000,-7000
052991,台積電台新96購01,0,0,0,0,0,0,0,0,0,-7000,0,0,0,16000,23000,-7000,-7000
8367,建新國際        ,3000,10000,-7000,0,0,0,0,0,0,0,0,0,0,0,0,0,-7000
9926,新海            ,0,7000,-7000,0,0,0,0,0,0,0,0,0,0,0,0,0,-7000
6128,上福            ,1000,8000,-7000,0,0,0,0,0,0,0,0,0,0,0,0,0,-7000
6235,華孚            ,5000,10000,-5000,0,0,0,0,0,0,-2000,0,2000,-2000,0,0,0,-7000
3057,喬鼎            ,0,7000,-7000,0,0,0,0,0,0,0,0,0,0,0,0,0,-7000
4108,懷特            ,4000,10000,-6000,0,0,0,0,0,0,-1000,0,1000,-1000,0,0,0,-7000
4576,大銀微系統      ,5000,12000,-7000,0,0,0,0,0,0,0,0,0,0,0,0,0,-7000
2239,英利-KY         ,1000,9000,-8000,0,0,0,0,0,0,1000,1000,0,1000,0,0,0,-7000
1454,台富            ,3000,10000,-7000,0,0,0,0,0,0,0,0,0,0,0,0,0,-7000
1467,南緯            ,0,6000,-6000,0,0,0,0,0,0,-1000,0,1000,-1000,0,0,0,-7000
1528,恩德            ,2000,9000,-7000,0,0,0,0,0,0,0,0,0,0,0,0,0,-7000
1720,生達            ,30000,36000,-6000,0,0,0,0,0,0,-1000,0,1000,-1000,0,0,0,-7000
06854P,鴻海富邦99售05  ,0,0,0,0,0,0,0,0,0,-7000,0,0,0,5000,12000,-7000,-7000
1339,昭輝            ,27000,34000,-7000,0,0,0,0,0,0,0,0,0,0,0,0,0,-7000
06580P,元油2X凱基9A售06,0,0,0,0,0,0,0,0,0,-7000,0,0,0,0,7000,-7000,-7000
06018P,康控凱基96售03  ,0,0,0,0,0,0,0,0,0,-7000,0,0,0,102000,109000,-7000,-7000
056778,元石油群益9B購01,0,0,0,0,0,0,0,0,0,-8000,0,0,0,0,8000,-8000,-8000
056460,同欣電凱基99購01,0,0,0,0,0,0,0,0,0,-8000,0,0,0,2000,10000,-8000,-8000
056496,康控國泰99購01  ,0,0,0,0,0,0,0,0,0,-8000,0,0,0,9000,17000,-8000,-8000
05617P,大立光統一97售02,0,0,0,0,0,0,0,0,0,-8000,0,0,0,12000,20000,-8000,-8000
055829,上銀元大97購06  ,0,0,0,0,0,0,0,0,0,-8000,0,0,0,75000,83000,-8000,-8000
057395,旺宏中信98購03  ,0,0,0,0,0,0,0,0,0,-8000,0,0,0,0,8000,-8000,-8000
056875,亞光凱基98購03  ,0,0,0,0,0,0,0,0,0,-8000,0,0,0,34000,42000,-8000,-8000
056836,國巨元富98購01  ,0,0,0,0,0,0,0,0,0,-8000,0,0,0,98000,106000,-8000,-8000
05930P,景碩康和96售01  ,0,0,0,0,0,0,0,0,0,-8000,0,0,0,0,8000,-8000,-8000
05755P,臺股指中信99售04,0,0,0,0,0,0,0,0,0,-8000,0,0,0,2000,10000,-8000,-8000
046791,台郡統一96購01  ,0,0,0,0,0,0,0,0,0,-8000,0,0,0,0,8000,-8000,-8000
048114,景碩群益93購02  ,0,0,0,0,0,0,0,0,0,-8000,0,0,0,48000,56000,-8000,-8000
048181,A50正2群益95購01,0,0,0,0,0,0,0,0,0,-8000,0,0,0,0,8000,-8000,-8000
052075,旺宏元富95購03  ,0,0,0,0,0,0,0,0,0,-8000,0,0,0,5000,13000,-8000,-8000
048582,國泰金富邦93購01,0,0,0,0,0,0,0,0,0,-8000,0,0,0,0,8000,-8000,-8000
04618P,電子類群益94售02,0,0,0,0,0,0,0,0,0,-8000,0,0,0,0,8000,-8000,-8000
042280,元石油富邦96購01,0,0,0,0,0,0,0,0,0,-8000,0,0,0,0,8000,-8000,-8000
00714,群益道瓊美國地產,40000,0,40000,0,0,0,0,0,0,-48000,0,0,0,100000,148000,-48000,-8000
049904,矽力元富94購01  ,0,0,0,0,0,0,0,0,0,-8000,0,0,0,47000,55000,-8000,-8000
051085,鴻海元大95購03  ,0,0,0,0,0,0,0,0,0,-8000,0,0,0,81000,89000,-8000,-8000
052321,華擎元大95購01  ,0,0,0,0,0,0,0,0,0,-8000,0,0,0,42000,50000,-8000,-8000
049607,台積電兆豐94購04,0,0,0,0,0,0,0,0,0,-8000,0,0,0,10000,18000,-8000,-8000
051738,全新國票96購02  ,0,0,0,0,0,0,0,0,0,-8000,0,0,0,30000,38000,-8000,-8000
050915,健策中信98購01  ,0,0,0,0,0,0,0,0,0,-8000,0,0,0,2000,10000,-8000,-8000
049584,台積電元大96購04,0,0,0,0,0,0,0,0,0,-8000,0,0,0,324000,332000,-8000,-8000
052778,智原國票97購01  ,0,0,0,0,0,0,0,0,0,-8000,0,0,0,2000,10000,-8000,-8000
050433,華新科凱基94購11,0,0,0,0,0,0,0,0,0,-8000,0,0,0,17000,25000,-8000,-8000
053256,上銀富邦98購01  ,0,0,0,0,0,0,0,0,0,-8000,0,0,0,8000,16000,-8000,-8000
05355P,臺股指元富95售09,0,0,0,0,0,0,0,0,0,-8000,0,0,0,2000,10000,-8000,-8000
053311,同欣電凱基96購01,0,0,0,0,0,0,0,0,0,-8000,0,0,0,2000,10000,-8000,-8000
053312,緯穎凱基96購02  ,0,0,0,0,0,0,0,0,0,-8000,0,0,0,0,8000,-8000,-8000
054293,健策元大98購02  ,0,0,0,0,0,0,0,0,0,-8000,0,0,0,14000,22000,-8000,-8000
053713,漢唐凱基96購04  ,0,0,0,0,0,0,0,0,0,-8000,0,0,0,33000,41000,-8000,-8000
053919,可成國票97購02  ,0,0,0,0,0,0,0,0,0,-8000,0,0,0,0,8000,-8000,-8000
054975,福懋科元大97購01,0,0,0,0,0,0,0,0,0,-8000,0,0,0,57000,65000,-8000,-8000
054759,台化國票98購01  ,0,0,0,0,0,0,0,0,0,-8000,0,0,0,42000,50000,-8000,-8000
05445P,聯詠元大95售05  ,0,0,0,0,0,0,0,0,0,-8000,0,0,0,1000,9000,-8000,-8000
054545,奇力新中信98購01,0,0,0,0,0,0,0,0,0,-8000,0,0,0,22000,30000,-8000,-8000
055027,牧德國泰99購01  ,0,0,0,0,0,0,0,0,0,-8000,0,0,0,153000,161000,-8000,-8000
055542,亞德客凱基97購01,0,0,0,0,0,0,0,0,0,-8000,0,0,0,17000,25000,-8000,-8000
06335P,台積電麥證97售02,0,0,0,1000,9000,-8000,0,0,0,-8000,0,0,0,1000,9000,-8000,-8000
06241P,大立光元富9A售01,0,0,0,0,0,0,0,0,0,-8000,0,0,0,17000,25000,-8000,-8000
06715P,台積電元大99售04,0,0,0,0,0,0,0,0,0,-8000,0,0,0,361000,369000,-8000,-8000
1203,味王            ,6000,14000,-8000,0,0,0,0,0,0,0,0,0,0,0,0,0,-8000
06809P,電子類群益98售03,0,0,0,0,0,0,0,0,0,-8000,0,0,0,0,8000,-8000,-8000
1417,嘉裕            ,13000,21000,-8000,0,0,0,0,0,0,0,0,0,0,0,0,0,-8000
2450,神腦            ,17000,22000,-5000,0,0,0,0,0,0,-3000,0,3000,-3000,0,0,0,-8000
3454,晶睿            ,43000,51000,-8000,0,0,0,0,0,0,0,0,0,0,0,0,0,-8000
3025,星通            ,1000,7000,-6000,0,0,0,0,0,0,-2000,2000,4000,-2000,0,0,0,-8000
5515,建國            ,1000,9000,-8000,0,0,0,0,0,0,0,0,0,0,0,0,0,-8000
8201,無敵            ,0,5000,-5000,0,0,0,0,0,0,-3000,0,3000,-3000,0,0,0,-8000
6591,動力-KY         ,52000,53000,-1000,0,0,0,0,0,0,-7000,0,7000,-7000,0,0,0,-8000
8033,雷虎            ,0,8000,-8000,0,0,0,0,0,0,0,0,0,0,0,0,0,-8000
05934P,國巨凱基96售13  ,0,0,0,0,0,0,0,0,0,-9000,0,0,0,66000,75000,-9000,-9000
057402,嘉晶群益98購02  ,0,0,0,0,0,0,0,0,0,-9000,0,0,0,77000,86000,-9000,-9000
057433,上銀國票98購04  ,0,0,0,0,0,0,0,0,0,-9000,0,0,0,0,9000,-9000,-9000
055816,新日興國票98購01,0,0,0,0,0,0,0,0,0,-9000,0,0,0,0,9000,-9000,-9000
055584,國巨元大97購11  ,0,0,0,0,0,0,0,0,0,-9000,0,0,0,40000,49000,-9000,-9000
055917,禾伸堂凱基98購02,0,0,0,0,0,0,0,0,0,-9000,0,0,0,16000,25000,-9000,-9000
056403,茂林群益98購01  ,0,0,0,0,0,0,0,0,0,-9000,0,0,0,141000,150000,-9000,-9000
056618,京元電永豐98購01,0,0,0,0,0,0,0,0,0,-9000,0,0,0,55000,64000,-9000,-9000
056670,樺漢國票99購01  ,0,0,0,0,0,0,0,0,0,-9000,0,0,0,0,9000,-9000,-9000
056575,禾伸堂元大99購01,0,0,0,0,0,0,0,0,0,-9000,0,0,0,6000,15000,-9000,-9000
04283P,麗豐永豐93售03  ,0,0,0,0,0,0,0,0,0,-9000,0,0,0,2000,11000,-9000,-9000
052067,中磊兆豐96購01  ,0,0,0,0,0,0,0,0,0,-9000,0,0,0,10000,19000,-9000,-9000
052016,神基永豐95購01  ,0,0,0,0,0,0,0,0,0,-9000,0,0,0,0,9000,-9000,-9000
048825,華新科凱基94購05,0,0,0,0,0,0,0,0,0,-9000,0,0,0,12000,21000,-9000,-9000
047741,鴻海統一93購06  ,0,0,0,0,0,0,0,0,0,-9000,0,0,0,20000,29000,-9000,-9000
047144,華通群益94購01  ,0,0,0,0,0,0,0,0,0,-9000,0,0,0,17000,26000,-9000,-9000
047213,新日興富邦97購01,0,0,0,0,0,0,0,0,0,-9000,0,0,0,70000,79000,-9000,-9000
049304,元油2X凱基95購05,0,0,0,0,0,0,0,0,0,-9000,0,0,0,0,9000,-9000,-9000
049250,華通元大95購04  ,0,0,0,0,0,0,0,0,0,-9000,0,0,0,64000,73000,-9000,-9000
05257P,欣興凱基95售04  ,0,0,0,0,0,0,0,0,0,-9000,0,0,0,1000,10000,-9000,-9000
051287,台積電統一95購05,0,0,0,0,0,0,0,0,0,-9000,0,0,0,1000,10000,-9000,-9000
051830,健策元大97購01  ,0,0,0,0,0,0,0,0,0,-9000,0,0,0,15000,24000,-9000,-9000
051582,聯發科元大97購02,0,0,0,0,0,0,0,0,0,-9000,0,0,0,153000,162000,-9000,-9000
049615,香港2X群益98購01,0,0,0,0,0,0,0,0,0,-9000,0,0,0,0,9000,-9000,-9000
052295,揚明光國票96購03,0,0,0,0,0,0,0,0,0,-9000,0,0,0,0,9000,-9000,-9000
051669,建準元大95購01  ,0,0,0,0,0,0,0,0,0,-9000,0,0,0,18000,27000,-9000,-9000
051624,智邦麥證95購02  ,0,0,0,2000,19000,-17000,0,0,0,-9000,0,0,0,11000,20000,-9000,-9000
050728,新日興國票94購01,0,0,0,0,0,0,0,0,0,-9000,0,0,0,1000,10000,-9000,-9000
050714,深中小群益98購01,0,0,0,0,0,0,0,0,0,-9000,0,0,0,700000,709000,-9000,-9000
04947P,聯詠元大94售05  ,0,0,0,0,0,0,0,0,0,-9000,0,0,0,1000,10000,-9000,-9000
051008,大立光麥證95購01,0,0,0,1000,10000,-9000,0,0,0,-9000,0,0,0,1000,10000,-9000,-9000
055272,國巨元大98購04  ,0,0,0,0,0,0,0,0,0,-9000,0,0,0,278000,287000,-9000,-9000
054417,牧德元大96購01  ,0,0,0,0,0,0,0,0,0,-9000,0,0,0,0,9000,-9000,-9000
054886,大毅統一97購01  ,0,0,0,0,0,0,0,0,0,-9000,0,0,0,1000,10000,-9000,-9000
053744,台郡國票97購03  ,0,0,0,0,0,0,0,0,0,-9000,0,0,0,0,9000,-9000,-9000
053631,欣興兆豐97購01  ,0,0,0,0,0,0,0,0,0,-9000,0,0,0,25000,34000,-9000,-9000
053074,嘉晶永豐96購02  ,0,0,0,0,0,0,0,0,0,-9000,0,0,0,217000,226000,-9000,-9000
052979,上銀元大96購02  ,0,0,0,0,0,0,0,0,0,-9000,0,0,0,85000,94000,-9000,-9000
052945,嘉晶國票97購01  ,0,0,0,0,0,0,0,0,0,-9000,0,0,0,11000,20000,-9000,-9000
052894,國巨群益96購03  ,0,0,0,0,0,0,0,0,0,-9000,0,0,0,49000,58000,-9000,-9000
2462,良得電          ,0,9000,-9000,0,0,0,0,0,0,0,0,0,0,0,0,0,-9000
2528,皇普            ,0,10000,-10000,0,0,0,0,0,0,1000,2000,1000,1000,0,0,0,-9000
1436,華友聯          ,7000,16000,-9000,0,0,0,0,0,0,0,0,0,0,0,0,0,-9000
1618,合機            ,0,7000,-7000,0,0,0,0,0,0,-2000,0,2000,-2000,0,0,0,-9000
06762P,智邦元大98售11  ,0,0,0,0,0,0,0,0,0,-9000,0,0,0,18000,27000,-9000,-9000
06372P,聯發科元大97售21,0,0,0,0,0,0,0,0,0,-9000,0,0,0,9000,18000,-9000,-9000
06245P,健策元富97售03  ,0,0,0,0,0,0,0,0,0,-9000,0,0,0,98000,107000,-9000,-9000
06095P,燿華永豐97售01  ,0,0,0,0,0,0,0,0,0,-9000,0,0,0,37000,46000,-9000,-9000
056537,冠德凱基98購01  ,0,0,0,0,0,0,0,0,0,-10000,0,0,0,0,10000,-10000,-10000
056658,美食元大98購01  ,0,0,0,0,0,0,0,0,0,-10000,0,0,0,0,10000,-10000,-10000
056640,元油2X凱基9A購01,0,0,0,0,0,0,0,0,0,-10000,0,0,0,0,10000,-10000,-10000
056633,鴻海永昌98購02  ,0,0,0,0,0,0,0,0,0,-10000,0,0,0,80000,90000,-10000,-10000
056736,國巨凱基99購03  ,0,0,0,0,0,0,0,0,0,-10000,0,0,0,0,10000,-10000,-10000
056746,超眾凱基99購01  ,0,0,0,0,0,0,0,0,0,-10000,0,0,0,0,10000,-10000,-10000
056705,超眾國泰99購01  ,0,0,0,0,0,0,0,0,0,-10000,0,0,0,0,10000,-10000,-10000
056442,瑞昱凱基98購02  ,0,0,0,0,0,0,0,0,0,-10000,0,0,0,33000,43000,-10000,-10000
05639P,欣興統一97售01  ,0,0,0,0,0,0,0,0,0,-10000,0,0,0,0,10000,-10000,-10000
056506,晶豪科永豐98購02,0,0,0,0,0,0,0,0,0,-10000,0,0,0,20000,30000,-10000,-10000
05649P,矽創國票97售03  ,0,0,0,0,0,0,0,0,0,-10000,0,0,0,36000,46000,-10000,-10000
056490,台積電國泰99購01,0,0,0,0,0,0,0,0,0,-10000,0,0,0,0,10000,-10000,-10000
056458,日月光凱基98購02,0,0,0,0,0,0,0,0,0,-10000,0,0,0,20000,30000,-10000,-10000
05647P,聯發科國票97售02,0,0,0,0,0,0,0,0,0,-10000,0,0,0,0,10000,-10000,-10000
056336,南亞科凱基98購02,0,0,0,0,0,0,0,0,0,-10000,0,0,0,21000,31000,-10000,-10000
056343,高鐵凱基98購02  ,0,0,0,0,0,0,0,0,0,-10000,0,0,0,0,10000,-10000,-10000
055899,群創中信99購01  ,0,0,0,0,0,0,0,0,0,-10000,0,0,0,0,10000,-10000,-10000
055943,瑞昱麥證97購01  ,0,0,0,15000,28000,-13000,0,0,0,-10000,0,0,0,23000,33000,-10000,-10000
056056,旺宏元大97購06  ,0,0,0,0,0,0,0,0,0,-10000,0,0,0,0,10000,-10000,-10000
056029,國巨麥證98購01  ,0,0,0,20000,30000,-10000,0,0,0,-10000,0,0,0,20000,30000,-10000,-10000
056035,鴻海凱基97購06  ,0,0,0,0,0,0,0,0,0,-10000,0,0,0,75000,85000,-10000,-10000
056016,鴻海群益97購06  ,0,0,0,0,0,0,0,0,0,-10000,0,0,0,178000,188000,-10000,-10000
056109,彩晶永豐98購01  ,0,0,0,0,0,0,0,0,0,-10000,0,0,0,0,10000,-10000,-10000
05606P,TPK國票97售02   ,0,0,0,0,0,0,0,0,0,-10000,0,0,0,0,10000,-10000,-10000
055666,鴻海群益97購05  ,0,0,0,0,0,0,0,0,0,-10000,0,0,0,0,10000,-10000,-10000
055833,華通元大98購05  ,0,0,0,0,0,0,0,0,0,-10000,0,0,0,30000,40000,-10000,-10000
055808,世紀鋼永豐97購01,0,0,0,0,0,0,0,0,0,-10000,0,0,0,71000,81000,-10000,-10000
055743,TPK元富98購01   ,0,0,0,0,0,0,0,0,0,-10000,0,0,0,0,10000,-10000,-10000
057424,訊芯凱基98購04  ,0,0,0,0,0,0,0,0,0,-10000,0,0,0,0,10000,-10000,-10000
057454,上銀國泰99購02  ,0,0,0,0,0,0,0,0,0,-10000,0,0,0,0,10000,-10000,-10000
057390,台表科永豐98購01,0,0,0,0,0,0,0,0,0,-10000,0,0,0,16000,26000,-10000,-10000
057338,群創國票99購01  ,0,0,0,0,0,0,0,0,0,-10000,0,0,0,0,10000,-10000,-10000
057236,聯詠凱基98購03  ,0,0,0,0,0,0,0,0,0,-10000,0,0,0,0,10000,-10000,-10000
057242,台郡凱基98購05  ,0,0,0,0,0,0,0,0,0,-10000,0,0,0,0,10000,-10000,-10000
056830,友達富邦99購01  ,0,0,0,0,0,0,0,0,0,-10000,0,0,0,5000,15000,-10000,-10000
056840,友達元富98購02  ,0,0,0,0,0,0,0,0,0,-10000,0,0,0,30000,40000,-10000,-10000
056843,冠德元富98購01  ,0,0,0,0,0,0,0,0,0,-10000,0,0,0,10000,20000,-10000,-10000
056870,全新日盛9A購01  ,0,0,0,0,0,0,0,0,0,-10000,0,0,0,0,10000,-10000,-10000
056880,緯穎國票98購02  ,0,0,0,0,0,0,0,0,0,-10000,0,0,0,0,10000,-10000,-10000
056950,亞光統一99購01  ,0,0,0,0,0,0,0,0,0,-10000,0,0,0,0,10000,-10000,-10000
056953,智邦富邦98購02  ,0,0,0,0,0,0,0,0,0,-10000,0,0,0,0,10000,-10000,-10000
057130,全新凱基98購03  ,0,0,0,0,0,0,0,0,0,-10000,0,0,0,0,10000,-10000,-10000
057033,A50反1元大9B購02,0,0,0,0,0,0,0,0,0,-10000,0,0,0,0,10000,-10000,-10000
057028,台郡凱基99購02  ,0,0,0,0,0,0,0,0,0,-10000,0,0,0,0,10000,-10000,-10000
05704P,矽力群益96售04  ,0,0,0,0,0,0,0,0,0,-10000,0,0,0,11000,21000,-10000,-10000
05932P,鴻海凱基96售16  ,0,0,0,0,0,0,0,0,0,-10000,0,0,0,0,10000,-10000,-10000
05933P,鴻海凱基97售03  ,0,0,0,0,0,0,0,0,0,-10000,0,0,0,0,10000,-10000,-10000
057852,國巨國票99購05  ,0,0,0,0,0,0,0,0,0,-10000,0,0,0,0,10000,-10000,-10000
057897,華通富邦99購01  ,0,0,0,0,0,0,0,0,0,-10000,0,0,0,0,10000,-10000,-10000
057902,嘉晶永豐98購02  ,0,0,0,0,0,0,0,0,0,-10000,0,0,0,0,10000,-10000,-10000
057885,台光電群益98購04,0,0,0,0,0,0,0,0,0,-10000,0,0,0,30000,40000,-10000,-10000
05788P,臺股指永昌96售05,0,0,0,0,0,0,0,0,0,-10000,470000,30000,440000,110000,560000,-450000,-10000
057879,電子類元大99購02,0,0,0,0,0,0,0,0,0,-10000,0,0,0,0,10000,-10000,-10000
057865,富邦金凱基98購01,0,0,0,0,0,0,0,0,0,-10000,0,0,0,0,10000,-10000,-10000
057544,鴻海凱基02購01  ,0,0,0,0,0,0,0,0,0,-10000,0,0,0,18000,28000,-10000,-10000
057601,中磊群益98購01  ,0,0,0,0,0,0,0,0,0,-10000,0,0,0,31000,41000,-10000,-10000
057604,鴻海統一9C購01  ,0,0,0,0,0,0,0,0,0,-10000,0,0,0,0,10000,-10000,-10000
057639,國巨元大99購07  ,0,0,0,0,0,0,0,0,0,-10000,0,0,0,136000,146000,-10000,-10000
057647,欣興元大98購10  ,0,0,0,0,0,0,0,0,0,-10000,0,0,0,20000,30000,-10000,-10000
057624,新日興國泰99購01,0,0,0,0,0,0,0,0,0,-10000,0,0,0,0,10000,-10000,-10000
057632,傳奇永豐98購01  ,0,0,0,0,0,0,0,0,0,-10000,0,0,0,0,10000,-10000,-10000
057689,南亞科凱基99購02,0,0,0,0,0,0,0,0,0,-10000,0,0,0,30000,40000,-10000,-10000
057671,群創元大9B購06  ,0,0,0,0,0,0,0,0,0,-10000,0,0,0,192000,202000,-10000,-10000
057665,技嘉元大99購01  ,0,0,0,0,0,0,0,0,0,-10000,0,0,0,16000,26000,-10000,-10000
057752,臺股指國票98購08,0,0,0,0,0,0,0,0,0,-10000,0,0,0,0,10000,-10000,-10000
057770,亞德客群益98購01,0,0,0,0,0,0,0,0,0,-10000,0,0,0,0,10000,-10000,-10000
057733,嘉聯益國泰99購01,0,0,0,0,0,0,0,0,0,-10000,0,0,0,48000,58000,-10000,-10000
047236,智伸科凱基93購05,0,0,0,0,0,0,0,0,0,-10000,0,0,0,0,10000,-10000,-10000
047239,瀚宇博凱基94購01,0,0,0,0,0,0,0,0,0,-10000,0,0,0,0,10000,-10000,-10000
047227,華新科凱基94購01,0,0,0,0,0,0,0,0,0,-10000,0,0,0,2000,12000,-10000,-10000
047138,智伸科凱基93購04,0,0,0,0,0,0,0,0,0,-10000,0,0,0,0,10000,-10000,-10000
04710P,台積電元大94售16,0,0,0,0,0,0,0,0,0,-10000,0,0,0,140000,150000,-10000,-10000
047082,元上證永豐93購01,0,0,0,0,0,0,0,0,0,-10000,0,0,0,0,10000,-10000,-10000
047634,亞德客元大93購01,0,0,0,0,0,0,0,0,0,-10000,0,0,0,0,10000,-10000,-10000
047650,矽力元大93購01  ,0,0,0,0,0,0,0,0,0,-10000,0,0,0,0,10000,-10000,-10000
047345,鴻海凱基94購06  ,0,0,0,0,0,0,0,0,0,-10000,0,0,0,0,10000,-10000,-10000
047711,華新科凱基94購03,0,0,0,0,0,0,0,0,0,-10000,0,0,0,0,10000,-10000,-10000
047686,元油反富邦94購02,0,0,0,0,0,0,0,0,0,-10000,0,0,0,0,10000,-10000,-10000
046750,鴻海凱基93購17  ,0,0,0,0,0,0,0,0,0,-10000,0,0,0,10000,20000,-10000,-10000
046826,統一群益94購01  ,0,0,0,0,0,0,0,0,0,-10000,0,0,0,0,10000,-10000,-10000
04668P,臺股指國票94售07,0,0,0,0,0,0,0,0,0,-10000,0,0,0,0,10000,-10000,-10000
046699,臻鼎凱基93購03  ,0,0,0,0,0,0,0,0,0,-10000,0,0,0,20000,30000,-10000,-10000
046700,台郡凱基93購02  ,0,0,0,0,0,0,0,0,0,-10000,0,0,0,4000,14000,-10000,-10000
046656,華邦電元大93購02,0,0,0,0,0,0,0,0,0,-10000,0,0,0,0,10000,-10000,-10000
046657,燿華元大93購01  ,0,0,0,0,0,0,0,0,0,-10000,0,0,0,0,10000,-10000,-10000
046620,智伸科凱基93購01,0,0,0,0,0,0,0,0,0,-10000,0,0,0,0,10000,-10000,-10000
046915,禾伸堂台新93購01,0,0,0,0,0,0,0,0,0,-10000,0,0,0,10000,20000,-10000,-10000
046865,鴻海統一95購01  ,0,0,0,0,0,0,0,0,0,-10000,0,0,0,0,10000,-10000,-10000
046872,全新元富93購02  ,0,0,0,0,0,0,0,0,0,-10000,0,0,0,0,10000,-10000,-10000
047046,台積電國票94購01,0,0,0,0,0,0,0,0,0,-10000,0,0,0,43000,53000,-10000,-10000
046988,南亞科凱基93購02,0,0,0,0,0,0,0,0,0,-10000,0,0,0,0,10000,-10000,-10000
046973,矽力群益93購01  ,0,0,0,0,0,0,0,0,0,-10000,0,0,0,10000,20000,-10000,-10000
047818,台郡凱基93購04  ,0,0,0,0,0,0,0,0,0,-10000,0,0,0,0,10000,-10000,-10000
047919,技嘉凱基93購06  ,0,0,0,0,0,0,0,0,0,-10000,0,0,0,0,10000,-10000,-10000
048274,矽力台新93購01  ,0,0,0,0,0,0,0,0,0,-10000,0,0,0,0,10000,-10000,-10000
048283,亞德客中信94購01,0,0,0,0,0,0,0,0,0,-10000,0,0,0,10000,20000,-10000,-10000
04820P,聯茂永豐94售02  ,0,0,0,0,0,0,0,0,0,-10000,0,0,0,0,10000,-10000,-10000
048213,群創麥證93購02  ,0,0,0,0,10000,-10000,0,0,0,-10000,0,0,0,0,10000,-10000,-10000
048220,鴻海凱基93購35  ,0,0,0,0,0,0,0,0,0,-10000,0,0,0,4000,14000,-10000,-10000
048236,A50正2國票97購02,0,0,0,0,0,0,0,0,0,-10000,0,0,0,0,10000,-10000,-10000
048088,台積電凱基93購23,0,0,0,0,0,0,0,0,0,-10000,0,0,0,0,10000,-10000,-10000
047988,志超群益93購02  ,0,0,0,0,0,0,0,0,0,-10000,0,0,0,0,10000,-10000,-10000
048814,上銀凱基94購01  ,0,0,0,0,0,0,0,0,0,-10000,0,0,0,0,10000,-10000,-10000
048789,大立光元大95購04,0,0,0,0,0,0,0,0,0,-10000,0,0,0,0,10000,-10000,-10000
048847,A50群益98購01   ,0,0,0,0,0,0,0,0,0,-10000,0,0,0,0,10000,-10000,-10000
048865,世紀鋼群益94購01,0,0,0,0,0,0,0,0,0,-10000,0,0,0,0,10000,-10000,-10000
048892,台郡元富97購01  ,0,0,0,0,0,0,0,0,0,-10000,0,0,0,0,10000,-10000,-10000
048895,光罩國泰95購01  ,0,0,0,0,0,0,0,0,0,-10000,0,0,0,30000,40000,-10000,-10000
048923,國巨永豐94購02  ,0,0,0,0,0,0,0,0,0,-10000,0,0,0,78000,88000,-10000,-10000
048898,晶相光國泰96購01,0,0,0,0,0,0,0,0,0,-10000,0,0,0,18000,28000,-10000,-10000
048378,貿聯元富93購01  ,0,0,0,0,0,0,0,0,0,-10000,0,0,0,0,10000,-10000,-10000
048288,T50反1群益93購05,0,0,0,0,0,0,0,0,0,-10000,0,0,0,0,10000,-10000,-10000
048293,聯詠群益93購04  ,0,0,0,0,0,0,0,0,0,-10000,0,0,0,3000,13000,-10000,-10000
048354,滬深2X永豐93購03,0,0,0,0,0,0,0,0,0,-10000,0,0,0,0,10000,-10000,-10000
049000,元油2X中信95購02,0,0,0,0,0,0,0,0,0,-10000,0,0,0,0,10000,-10000,-10000
049009,南亞科麥證94購01,0,0,0,0,10000,-10000,0,0,0,-10000,0,0,0,0,10000,-10000,-10000
049059,超眾永豐94購01  ,0,0,0,0,0,0,0,0,0,-10000,0,0,0,0,10000,-10000,-10000
049046,同欣電兆豐94購01,0,0,0,0,0,0,0,0,0,-10000,0,0,0,10000,20000,-10000,-10000
052077,可成元富98購02  ,0,0,0,0,0,0,0,0,0,-10000,0,0,0,80000,90000,-10000,-10000
052105,南亞科兆豐95購01,0,0,0,0,0,0,0,0,0,-10000,0,0,0,0,10000,-10000,-10000
052171,台積電元大95購21,0,0,0,0,0,0,0,0,0,-10000,0,0,0,191000,201000,-10000,-10000
04260P,亞德客群益93售01,0,0,0,0,0,0,0,0,0,-10000,0,0,0,0,10000,-10000,-10000
04275P,南亞科凱基93售08,0,0,0,0,0,0,0,0,0,-10000,0,0,0,0,10000,-10000,-10000
03607P,滬深2X富邦95售01,0,0,0,0,0,0,0,0,0,-10000,0,0,0,0,10000,-10000,-10000
03659C,元油2X元大98牛13,0,0,0,0,0,0,0,0,0,-10000,0,0,0,0,10000,-10000,-10000
041990,A50正2國票97購01,0,0,0,0,0,0,0,0,0,-10000,0,0,0,0,10000,-10000,-10000
04131P,裕隆群益93售01  ,0,0,0,0,0,0,0,0,0,-10000,0,0,0,0,10000,-10000,-10000
04138P,智邦國票93售02  ,0,0,0,0,0,0,0,0,0,-10000,0,0,0,0,10000,-10000,-10000
00735,國泰臺韓科技    ,0,0,0,0,0,0,0,0,0,-10000,0,0,0,138000,148000,-10000,-10000
046604,康控群益93購02  ,0,0,0,0,0,0,0,0,0,-10000,0,0,0,0,10000,-10000,-10000
045856,南亞科國泰94購01,0,0,0,0,0,0,0,0,0,-10000,0,0,0,0,10000,-10000,-10000
045866,南茂統一94購01  ,0,0,0,0,0,0,0,0,0,-10000,0,0,0,0,10000,-10000,-10000
044901,聯發科凱基93購01,0,0,0,0,0,0,0,0,0,-10000,0,0,0,0,10000,-10000,-10000
045568,上証2X元大95購01,0,0,0,0,0,0,0,0,0,-10000,0,0,0,5000,15000,-10000,-10000
045626,上銀凱基93購05  ,0,0,0,0,0,0,0,0,0,-10000,0,0,0,0,10000,-10000,-10000
045643,臻鼎凱基93購01  ,0,0,0,0,0,0,0,0,0,-10000,0,0,0,10000,20000,-10000,-10000
045694,智邦兆豐93購05  ,0,0,0,0,0,0,0,0,0,-10000,0,0,0,0,10000,-10000,-10000
045817,滬深2X凱基95購02,0,0,0,0,0,0,0,0,0,-10000,0,0,0,0,10000,-10000,-10000
045379,智邦元大93購01  ,0,0,0,0,0,0,0,0,0,-10000,0,0,0,0,10000,-10000,-10000
03450P,元油2X元富98售05,0,0,0,0,0,0,0,0,0,-10000,0,0,0,11000,21000,-10000,-10000
045361,鈺齊凱基93購01  ,0,0,0,0,0,0,0,0,0,-10000,0,0,0,0,10000,-10000,-10000
03398P,瑞昱中信06售03  ,0,0,0,0,0,0,0,0,0,-10000,0,0,0,0,10000,-10000,-10000
03996P,旺宏國泰95售01  ,0,0,0,0,0,0,0,0,0,-10000,0,0,0,0,10000,-10000,-10000
03689P,TPK元富93售01   ,0,0,0,0,0,0,0,0,0,-10000,0,0,0,0,10000,-10000,-10000
046182,燿華凱基93購04  ,0,0,0,0,0,0,0,0,0,-10000,0,0,0,0,10000,-10000,-10000
046155,道瓊反群益94購01,0,0,0,0,0,0,0,0,0,-10000,0,0,0,0,10000,-10000,-10000
042901,中纖元大94購01  ,0,0,0,0,0,0,0,0,0,-10000,0,0,0,0,10000,-10000,-10000
04628P,欣興元大95售01  ,0,0,0,0,0,0,0,0,0,-10000,0,0,0,0,10000,-10000,-10000
045149,聯發科凱基93購02,0,0,0,0,0,0,0,0,0,-10000,0,0,0,0,10000,-10000,-10000
045963,新光金凱基93購01,0,0,0,0,0,0,0,0,0,-10000,0,0,0,0,10000,-10000,-10000
045280,儒鴻富邦94購01  ,0,0,0,0,0,0,0,0,0,-10000,0,0,0,0,10000,-10000,-10000
045906,鴻海中信94購01  ,0,0,0,0,0,0,0,0,0,-10000,0,0,0,20000,30000,-10000,-10000
045228,泰鼎元大93購01  ,0,0,0,0,0,0,0,0,0,-10000,0,0,0,0,10000,-10000,-10000
045161,玉晶光國泰94購03,0,0,0,0,0,0,0,0,0,-10000,0,0,0,75000,85000,-10000,-10000
045173,A50正2國票95購01,0,0,0,0,0,0,0,0,0,-10000,0,0,0,0,10000,-10000,-10000
044221,群創凱基93購03  ,0,0,0,0,0,0,0,0,0,-10000,0,0,0,0,10000,-10000,-10000
04391P,玉晶光凱基95售03,0,0,0,0,0,0,0,0,0,-10000,0,0,0,30000,40000,-10000,-10000
043909,台光電凱基93購01,0,0,0,0,0,0,0,0,0,-10000,0,0,0,10000,20000,-10000,-10000
046453,台積電凱基92購21,0,0,0,0,0,0,0,0,0,-10000,0,0,0,0,10000,-10000,-10000
043605,創意元大93購01  ,0,0,0,0,0,0,0,0,0,-10000,0,0,0,0,10000,-10000,-10000
046370,全新麥證93購01  ,0,0,0,0,10000,-10000,0,0,0,-10000,0,0,0,0,10000,-10000,-10000
048570,鈺齊元大93購01  ,0,0,0,0,0,0,0,0,0,-10000,0,0,0,0,10000,-10000,-10000
048545,嘉澤永豐93購03  ,0,0,0,0,0,0,0,0,0,-10000,0,0,0,0,10000,-10000,-10000
047599,大立光統一93購08,0,0,0,0,0,0,0,0,0,-10000,0,0,0,0,10000,-10000,-10000
048535,超眾國票94購02  ,0,0,0,0,0,0,0,0,0,-10000,0,0,0,0,10000,-10000,-10000
048530,大立光國票93購04,0,0,0,0,0,0,0,0,0,-10000,0,0,0,0,10000,-10000,-10000
048480,FB上証中信94購01,0,0,0,0,0,0,0,0,0,-10000,0,0,0,100000,110000,-10000,-10000
044567,華通凱基93購03  ,0,0,0,0,0,0,0,0,0,-10000,0,0,0,0,10000,-10000,-10000
044302,智邦兆豐93購02  ,0,0,0,0,0,0,0,0,0,-10000,0,0,0,0,10000,-10000,-10000
044396,燿華凱基93購02  ,0,0,0,0,0,0,0,0,0,-10000,0,0,0,0,10000,-10000,-10000
051011,國巨凱基95購03  ,0,0,0,0,0,0,0,0,0,-10000,0,0,0,0,10000,-10000,-10000
050521,聯發科元大94購15,0,0,0,0,0,0,0,0,0,-10000,0,0,0,90000,100000,-10000,-10000
050482,台郡國票94購04  ,0,0,0,0,0,0,0,0,0,-10000,0,0,0,0,10000,-10000,-10000
050479,上証2X國票95購02,0,0,0,0,0,0,0,0,0,-10000,0,0,0,0,10000,-10000,-10000
050550,大立光凱基95購04,0,0,0,0,0,0,0,0,0,-10000,0,0,0,0,10000,-10000,-10000
050560,聯詠統一94購02  ,0,0,0,0,0,0,0,0,0,-10000,0,0,0,0,10000,-10000,-10000
050541,智邦凱基94購04  ,0,0,0,0,0,0,0,0,0,-10000,0,0,0,400000,410000,-10000,-10000
049927,健策元大94購02  ,0,0,0,0,0,0,0,0,0,-10000,0,0,0,0,10000,-10000,-10000
049880,健策永豐94購02  ,0,0,0,0,0,0,0,0,0,-10000,0,0,0,0,10000,-10000,-10000
049949,燿華群益96購01  ,0,0,0,0,0,0,0,0,0,-10000,0,0,0,0,10000,-10000,-10000
049955,崇越群益95購01  ,0,0,0,0,0,0,0,0,0,-10000,0,0,0,0,10000,-10000,-10000
050211,貿聯國票95購01  ,0,0,0,0,0,0,0,0,0,-10000,0,0,0,10000,20000,-10000,-10000
050243,華新科凱基94購10,0,0,0,0,0,0,0,0,0,-10000,0,0,0,85000,95000,-10000,-10000
050699,京鼎凱基96購01  ,0,0,0,0,0,0,0,0,0,-10000,0,0,0,0,10000,-10000,-10000
049453,新日興統一94購01,0,0,0,0,0,0,0,0,0,-10000,0,0,0,0,10000,-10000,-10000
050633,義隆群益96購02  ,0,0,0,0,0,0,0,0,0,-10000,0,0,0,0,10000,-10000,-10000
050637,欣興國票94購02  ,0,0,0,0,0,0,0,0,0,-10000,0,0,0,0,10000,-10000,-10000
050649,華新科凱基96購01,0,0,0,0,0,0,0,0,0,-10000,0,0,0,25000,35000,-10000,-10000
049406,T50反1日盛97購01,0,0,0,0,0,0,0,0,0,-10000,0,0,0,0,10000,-10000,-10000
050686,欣興兆豐96購01  ,0,0,0,0,0,0,0,0,0,-10000,0,0,0,0,10000,-10000,-10000
050684,台郡元富94購02  ,0,0,0,0,0,0,0,0,0,-10000,0,0,0,0,10000,-10000,-10000
050750,上銀統一94購02  ,0,0,0,0,0,0,0,0,0,-10000,0,0,0,0,10000,-10000,-10000
050782,台積電國泰96購03,0,0,0,0,0,0,0,0,0,-10000,0,0,0,5000,15000,-10000,-10000
050785,全新國泰96購01  ,0,0,0,0,0,0,0,0,0,-10000,0,0,0,0,10000,-10000,-10000
051077,台郡國泰96購02  ,0,0,0,0,0,0,0,0,0,-10000,0,0,0,45000,55000,-10000,-10000
051109,美律統一95購02  ,0,0,0,0,0,0,0,0,0,-10000,0,0,0,0,10000,-10000,-10000
05164P,南亞科元富95售04,0,0,0,0,0,0,0,0,0,-10000,0,0,0,0,10000,-10000,-10000
052402,健策凱基97購01  ,0,0,0,0,0,0,0,0,0,-10000,0,0,0,0,10000,-10000,-10000
050154,可成群益94購05  ,0,0,0,0,0,0,0,0,0,-10000,0,0,0,0,10000,-10000,-10000
050903,臺股指元大95購10,0,0,0,0,0,0,0,0,0,-10000,0,0,0,0,10000,-10000,-10000
050910,楠梓電中信95購01,0,0,0,0,0,0,0,0,0,-10000,0,0,0,0,10000,-10000,-10000
05160P,國巨國票96售03  ,0,0,0,0,0,0,0,0,0,-10000,0,0,0,10000,20000,-10000,-10000
050842,旺宏國票97購01  ,0,0,0,0,0,0,0,0,0,-10000,0,0,0,0,10000,-10000,-10000
050843,富邦金國票96購01,0,0,0,0,0,0,0,0,0,-10000,0,0,0,38000,48000,-10000,-10000
052290,鴻海元富97購01  ,0,0,0,0,0,0,0,0,0,-10000,0,0,0,0,10000,-10000,-10000
052304,可成永豐95購03  ,0,0,0,0,0,0,0,0,0,-10000,0,0,0,0,10000,-10000,-10000
05231P,GIS群益95售03   ,0,0,0,0,0,0,0,0,0,-10000,0,0,0,6000,16000,-10000,-10000
049342,聯發科統一94購05,0,0,0,0,0,0,0,0,0,-10000,0,0,0,0,10000,-10000,-10000
049333,深中小統一94購03,0,0,0,0,0,0,0,0,0,-10000,0,0,0,0,10000,-10000,-10000
049338,台達電統一94購04,0,0,0,0,0,0,0,0,0,-10000,0,0,0,10000,20000,-10000,-10000
049340,鴻海統一94購03  ,0,0,0,0,0,0,0,0,0,-10000,0,0,0,0,10000,-10000,-10000
050090,鈺齊康和94購01  ,0,0,0,0,0,0,0,0,0,-10000,0,0,0,0,10000,-10000,-10000
05010P,台郡元富95售01  ,0,0,0,0,0,0,0,0,0,-10000,0,0,0,50000,60000,-10000,-10000
050073,傳奇凱基94購02  ,0,0,0,0,0,0,0,0,0,-10000,0,0,0,0,10000,-10000,-10000
049618,美律群益94購03  ,0,0,0,0,0,0,0,0,0,-10000,0,0,0,10000,20000,-10000,-10000
049685,T50反1元大94購01,0,0,0,0,0,0,0,0,0,-10000,0,0,0,0,10000,-10000,-10000
049728,正崴中信94購01  ,0,0,0,0,0,0,0,0,0,-10000,0,0,0,0,10000,-10000,-10000
049710,大成鋼凱基94購03,0,0,0,0,0,0,0,0,0,-10000,0,0,0,0,10000,-10000,-10000
049787,麗豐兆豐94購01  ,0,0,0,0,0,0,0,0,0,-10000,0,0,0,0,10000,-10000,-10000
050968,超眾永豐95購01  ,0,0,0,0,0,0,0,0,0,-10000,0,0,0,0,10000,-10000,-10000
050196,嘉聯益元大97購01,0,0,0,0,0,0,0,0,0,-10000,0,0,0,0,10000,-10000,-10000
05016P,臺股指元大95售07,0,0,0,0,0,0,0,0,0,-10000,0,0,0,0,10000,-10000,-10000
051743,揚明光國票96購02,0,0,0,0,0,0,0,0,0,-10000,0,0,0,0,10000,-10000,-10000
051719,鴻海永豐95購04  ,0,0,0,0,0,0,0,0,0,-10000,0,0,0,0,10000,-10000,-10000
051703,台積電群益95購04,0,0,0,0,0,0,0,0,0,-10000,0,0,0,101000,111000,-10000,-10000
051694,A50正2中信96購03,0,0,0,0,0,0,0,0,0,-10000,0,0,0,0,10000,-10000,-10000
051519,國泰金凱基95購02,5000,0,5000,0,0,0,0,0,0,-15000,0,0,0,0,15000,-15000,-10000
051562,玉晶光國泰97購05,0,0,0,0,0,0,0,0,0,-10000,0,0,0,0,10000,-10000,-10000
051494,中環兆豐95購01  ,0,0,0,0,0,0,0,0,0,-10000,0,0,0,30000,40000,-10000,-10000
051791,智伸科國票96購01,0,0,0,0,0,0,0,0,0,-10000,0,0,0,0,10000,-10000,-10000
051290,大立光統一96購02,0,0,0,0,0,0,0,0,0,-10000,0,0,0,0,10000,-10000,-10000
051294,鴻海元富95購06  ,0,0,0,0,0,0,0,0,0,-10000,0,0,0,0,10000,-10000,-10000
051326,聯發科台新95購01,0,0,0,0,0,0,0,0,0,-10000,0,0,0,0,10000,-10000,-10000
051327,元油2X永豐95購02,0,0,0,0,0,0,0,0,0,-10000,0,0,0,0,10000,-10000,-10000
051375,道瓊反群益9A購01,0,0,0,0,0,0,0,0,0,-10000,0,0,0,0,10000,-10000,-10000
051423,GIS國票97購01   ,0,0,0,0,0,0,0,0,0,-10000,0,0,0,0,10000,-10000,-10000
051420,康控國票95購05  ,0,0,0,0,0,0,0,0,0,-10000,0,0,0,0,10000,-10000,-10000
049560,香港反統一95購01,0,0,0,0,0,0,0,0,0,-10000,0,0,0,0,10000,-10000,-10000
049532,同欣電台新94購01,0,0,0,0,0,0,0,0,0,-10000,0,0,0,0,10000,-10000,-10000
050286,為升凱基94購05  ,0,0,0,0,0,0,0,0,0,-10000,0,0,0,0,10000,-10000,-10000
049498,茂林元大95購01  ,0,0,0,0,0,0,0,0,0,-10000,0,0,0,56000,66000,-10000,-10000
049508,上銀凱基94購04  ,0,0,0,0,0,0,0,0,0,-10000,0,0,0,0,10000,-10000,-10000
049500,聯茂元大94購04  ,0,0,0,0,0,0,0,0,0,-10000,0,0,0,0,10000,-10000,-10000
051940,康舒群益95購01  ,0,0,0,0,0,0,0,0,0,-10000,0,0,0,30000,40000,-10000,-10000
052581,訊芯元富98購01  ,0,0,0,0,0,0,0,0,0,-10000,0,0,0,0,10000,-10000,-10000
052570,華新科凱基96購06,0,0,0,0,0,0,0,0,0,-10000,0,0,0,7000,17000,-10000,-10000
052592,華通群益98購01  ,0,0,0,0,0,0,0,0,0,-10000,0,0,0,0,10000,-10000,-10000
052711,滬深2X凱基97購01,0,0,0,0,0,0,0,0,0,-10000,0,0,0,0,10000,-10000,-10000
052777,燿華國票98購01  ,0,0,0,0,0,0,0,0,0,-10000,0,0,0,0,10000,-10000,-10000
052762,欣興群益96購01  ,0,0,0,0,0,0,0,0,0,-10000,0,0,0,22000,32000,-10000,-10000
052781,瀚宇博國票97購03,0,0,0,0,0,0,0,0,0,-10000,0,0,0,0,10000,-10000,-10000
052834,彩晶群益96購01  ,0,0,0,0,0,0,0,0,0,-10000,0,0,0,0,10000,-10000,-10000
052846,智邦統一97購01  ,0,0,0,0,0,0,0,0,0,-10000,0,0,0,0,10000,-10000,-10000
049238,元油2X元富96購08,0,0,0,0,0,0,0,0,0,-10000,0,0,0,20000,30000,-10000,-10000
049285,宏碁兆豐94購01  ,0,0,0,0,0,0,0,0,0,-10000,0,0,0,0,10000,-10000,-10000
050378,上証2X群益98購02,0,0,0,0,0,0,0,0,0,-10000,0,0,0,0,10000,-10000,-10000
050427,台積電凱基94購34,0,0,0,0,0,0,0,0,0,-10000,0,0,0,0,10000,-10000,-10000
052551,台積電國票97購03,0,0,0,0,0,0,0,0,0,-10000,0,0,0,738000,748000,-10000,-10000
052520,南亞科元大95購06,0,0,0,0,0,0,0,0,0,-10000,0,0,0,0,10000,-10000,-10000
053085,華新科元大97購04,0,0,0,0,0,0,0,0,0,-10000,0,0,0,0,10000,-10000,-10000
053112,中磊兆豐97購01  ,0,0,0,0,0,0,0,0,0,-10000,0,0,0,10000,20000,-10000,-10000
05313P,臺股指群益95售12,0,0,0,0,0,0,0,0,0,-10000,0,0,0,0,10000,-10000,-10000
053057,聯電國泰97購02  ,0,0,0,0,0,0,0,0,0,-10000,0,0,0,2000,12000,-10000,-10000
052950,超眾國票98購01  ,0,0,0,0,0,0,0,0,0,-10000,0,0,0,17000,27000,-10000,-10000
052998,拓凱康和96購01  ,0,0,0,0,0,0,0,0,0,-10000,0,0,0,0,10000,-10000,-10000
053217,群創凱基99購02  ,0,0,0,0,0,0,0,0,0,-10000,0,0,0,10000,20000,-10000,-10000
053208,鴻海凱基96購13  ,0,0,0,0,0,0,0,0,0,-10000,0,0,0,0,10000,-10000,-10000
05247P,上銀群益95售01  ,0,0,0,0,0,0,0,0,0,-10000,0,0,0,0,10000,-10000,-10000
053332,創意永豐96購03  ,0,0,0,0,0,0,0,0,0,-10000,0,0,0,0,10000,-10000,-10000
053324,康舒群益96購01  ,0,0,0,0,0,0,0,0,0,-10000,0,0,0,0,10000,-10000,-10000
053266,全新群益98購01  ,0,0,0,0,0,0,0,0,0,-10000,0,0,0,0,10000,-10000,-10000
05340P,臺股指國票95售08,0,0,0,0,0,0,0,0,0,-10000,0,0,0,5000,15000,-10000,-10000
053533,光罩永豐96購03  ,0,0,0,0,0,0,0,0,0,-10000,0,0,0,10000,20000,-10000,-10000
053554,欣興凱基97購02  ,0,0,0,0,0,0,0,0,0,-10000,0,0,0,0,10000,-10000,-10000
053500,新日興兆豐97購01,0,0,0,0,0,0,0,0,0,-10000,0,0,0,0,10000,-10000,-10000
053652,友達凱基98購04  ,0,0,0,0,0,0,0,0,0,-10000,0,0,0,0,10000,-10000,-10000
053628,微星兆豐96購01  ,0,0,0,0,0,0,0,0,0,-10000,0,0,0,0,10000,-10000,-10000
053678,南亞科富邦97購01,0,0,0,0,0,0,0,0,0,-10000,0,0,0,0,10000,-10000,-10000
053714,南亞科凱基96購03,0,0,0,0,0,0,0,0,0,-10000,0,0,0,0,10000,-10000,-10000
053718,全新凱基97購02  ,0,0,0,0,0,0,0,0,0,-10000,0,0,0,10000,20000,-10000,-10000
053739,A50正2國票9A購01,0,0,0,0,0,0,0,0,0,-10000,0,0,0,0,10000,-10000,-10000
053924,京鼎國票97購01  ,0,0,0,0,0,0,0,0,0,-10000,0,0,0,10000,20000,-10000,-10000
053913,華新國票97購01  ,0,0,0,0,0,0,0,0,0,-10000,0,0,0,10000,20000,-10000,-10000
053826,光磊麥證97購01  ,0,0,0,0,10000,-10000,0,0,0,-10000,0,0,0,0,10000,-10000,-10000
053829,力成麥證96購01  ,0,0,0,0,10000,-10000,0,0,0,-10000,0,0,0,0,10000,-10000,-10000
054196,台光電國泰97購02,0,0,0,0,0,0,0,0,0,-10000,0,0,0,13000,23000,-10000,-10000
054213,欣興國票97購04  ,0,0,0,0,0,0,0,0,0,-10000,0,0,0,10000,20000,-10000,-10000
053997,健策群益97購02  ,0,0,0,0,0,0,0,0,0,-10000,0,0,0,4000,14000,-10000,-10000
053988,友達亞東96購01  ,0,0,0,0,0,0,0,0,0,-10000,0,0,0,0,10000,-10000,-10000
053978,創意元大96購05  ,0,0,0,0,0,0,0,0,0,-10000,0,0,0,16000,26000,-10000,-10000
053970,聯發科元大97購08,0,0,0,0,0,0,0,0,0,-10000,0,0,0,0,10000,-10000,-10000
054023,和大康和96購01  ,0,0,0,0,0,0,0,0,0,-10000,0,0,0,0,10000,-10000,-10000
054094,創意群益96購02  ,0,0,0,0,0,0,0,0,0,-10000,0,0,0,11000,21000,-10000,-10000
054888,泰碩統一97購01  ,0,0,0,0,0,0,0,0,0,-10000,0,0,0,0,10000,-10000,-10000
054951,大毅元大97購01  ,0,0,0,0,0,0,0,0,0,-10000,0,0,0,27000,37000,-10000,-10000
05492P,聯茂元大95售02  ,0,0,0,0,0,0,0,0,0,-10000,0,0,0,0,10000,-10000,-10000
054746,貿聯凱基98購02  ,0,0,0,0,0,0,0,0,0,-10000,0,0,0,0,10000,-10000,-10000
05476P,聯發科群益95售06,0,0,0,0,0,0,0,0,0,-10000,0,0,0,5000,15000,-10000,-10000
054707,聯茂亞東97購01  ,0,0,0,0,0,0,0,0,0,-10000,0,0,0,0,10000,-10000,-10000
054724,鴻海日盛97購02  ,0,0,0,0,0,0,0,0,0,-10000,0,0,0,100000,110000,-10000,-10000
054739,義隆凱基98購02  ,0,0,0,0,0,0,0,0,0,-10000,0,0,0,40000,50000,-10000,-10000
054463,瑞昱凱基97購01  ,0,0,0,0,0,0,0,0,0,-10000,0,0,0,4000,14000,-10000,-10000
054470,緯穎國票97購04  ,0,0,0,0,0,0,0,0,0,-10000,0,0,0,0,10000,-10000,-10000
054452,華通亞東96購01  ,0,0,0,0,0,0,0,0,0,-10000,0,0,0,0,10000,-10000,-10000
054340,大成鋼元富96購01,0,0,0,0,0,0,0,0,0,-10000,0,0,0,0,10000,-10000,-10000
054380,世芯群益97購02  ,0,0,0,0,0,0,0,0,0,-10000,0,0,0,53000,63000,-10000,-10000
054375,貿聯中信99購01  ,0,0,0,0,0,0,0,0,0,-10000,0,0,0,0,10000,-10000,-10000
054481,鎧勝中信96購01  ,0,0,0,0,0,0,0,0,0,-10000,0,0,0,90000,100000,-10000,-10000
054476,聯發科中信96購03,0,0,0,0,0,0,0,0,0,-10000,0,0,0,0,10000,-10000,-10000
054479,緯創中信98購01  ,0,0,0,0,0,0,0,0,0,-10000,0,0,0,38000,48000,-10000,-10000
054587,玉晶光國泰99購01,0,0,0,0,0,0,0,0,0,-10000,0,0,0,82000,92000,-10000,-10000
054569,GIS群益98購01   ,0,0,0,0,0,0,0,0,0,-10000,0,0,0,11000,21000,-10000,-10000
05462P,美律亞東97售01  ,0,0,0,0,0,0,0,0,0,-10000,0,0,0,0,10000,-10000,-10000
055213,大成鋼凱基98購01,0,0,0,0,0,0,0,0,0,-10000,0,0,0,0,10000,-10000,-10000
055228,聯發科國票98購03,0,0,0,0,0,0,0,0,0,-10000,0,0,0,0,10000,-10000,-10000
055170,光磊統一97購01  ,0,0,0,0,0,0,0,0,0,-10000,0,0,0,58000,68000,-10000,-10000
054997,文曄元富97購01  ,0,0,0,0,0,0,0,0,0,-10000,0,0,0,0,10000,-10000,-10000
05500P,臺股指中信96售04,0,0,0,0,0,0,0,0,0,-10000,0,0,0,0,10000,-10000,-10000
055014,達興元富97購01  ,0,0,0,0,0,0,0,0,0,-10000,0,0,0,0,10000,-10000,-10000
055126,嘉澤兆豐97購01  ,0,0,0,0,0,0,0,0,0,-10000,0,0,0,0,10000,-10000,-10000
055072,康友永豐97購02  ,0,0,0,0,0,0,0,0,0,-10000,0,0,0,0,10000,-10000,-10000
055067,禾聯碩永豐97購01,0,0,0,0,0,0,0,0,0,-10000,0,0,0,0,10000,-10000,-10000
055083,康友中信97購01  ,0,0,0,0,0,0,0,0,0,-10000,0,0,0,0,10000,-10000,-10000
055557,華新科凱基97購01,0,0,0,0,0,0,0,0,0,-10000,0,0,0,25000,35000,-10000,-10000
05548P,臺股指元大96售02,0,0,0,0,0,0,0,0,0,-10000,0,0,0,0,10000,-10000,-10000
055513,旺宏亞東98購01  ,0,0,0,0,0,0,0,0,0,-10000,0,0,0,0,10000,-10000,-10000
055514,亞光麥證97購01  ,0,0,0,0,10000,-10000,0,0,0,-10000,0,0,0,0,10000,-10000,-10000
055322,欣興國票97購06  ,0,0,0,0,0,0,0,0,0,-10000,0,0,0,0,10000,-10000,-10000
055364,矽創凱基97購03  ,0,0,0,0,0,0,0,0,0,-10000,0,0,0,0,10000,-10000,-10000
055356,大立光凱基97購06,0,0,0,0,0,0,0,0,0,-10000,0,0,0,0,10000,-10000,-10000
055383,GIS元大97購02   ,0,0,0,0,0,0,0,0,0,-10000,0,0,0,0,10000,-10000,-10000
06083P,華通統一98售02  ,0,0,0,0,0,0,0,0,0,-10000,0,0,0,0,10000,-10000,-10000
06173P,華通元大97售02  ,0,0,0,0,0,0,0,0,0,-10000,0,0,0,0,10000,-10000,-10000
06132P,正文元富97售01  ,0,0,0,0,0,0,0,0,0,-10000,0,0,0,0,10000,-10000,-10000
06107P,美律群益98售02  ,0,0,0,0,0,0,0,0,0,-10000,0,0,0,10000,20000,-10000,-10000
06240P,奇力新元富97售03,0,0,0,0,0,0,0,0,0,-10000,0,0,0,22000,32000,-10000,-10000
06329P,大立光兆豐97售04,0,0,0,0,0,0,0,0,0,-10000,0,0,0,0,10000,-10000,-10000
06429P,大立光元大97售15,0,0,0,0,0,0,0,0,0,-10000,0,0,0,0,10000,-10000,-10000
06436P,台光電國票98售04,0,0,0,0,0,0,0,0,0,-10000,0,0,0,19000,29000,-10000,-10000
06502P,A50中信98售01   ,0,0,0,0,0,0,0,0,0,-10000,0,0,0,10000,20000,-10000,-10000
06605P,玉晶光元富98售03,0,0,0,0,0,0,0,0,0,-10000,0,0,0,0,10000,-10000,-10000
06559P,玉晶光元富98售02,0,0,0,0,0,0,0,0,0,-10000,0,0,0,0,10000,-10000,-10000
06831P,臺股指國票98售07,0,0,0,0,0,0,0,0,0,-10000,0,0,0,0,10000,-10000,-10000
06858P,道瓊指中信9B售01,0,0,0,0,0,0,0,0,0,-10000,0,0,0,0,10000,-10000,-10000
08672P,聯發科統一01售09,0,0,0,0,0,0,0,0,0,-10000,0,0,0,0,10000,-10000,-10000
1316,上曜            ,33000,43000,-10000,0,0,0,0,0,0,0,0,0,0,0,0,0,-10000
1231,聯華食          ,6000,16000,-10000,0,0,0,0,0,0,0,0,0,0,0,0,0,-10000
2509,全坤建          ,0,10000,-10000,0,0,0,0,0,0,0,0,0,0,0,0,0,-10000
8473,山林水          ,6000,16000,-10000,0,0,0,0,0,0,0,0,0,0,0,0,0,-10000
5215,科嘉-KY         ,43000,53000,-10000,0,0,0,0,0,0,0,0,0,0,0,0,0,-10000
3028,增你強          ,14000,24000,-10000,0,0,0,0,0,0,0,0,0,0,0,0,0,-10000
4526,東台            ,0,10000,-10000,0,0,0,0,0,0,0,0,0,0,0,0,0,-10000
057785,智邦國票99購02  ,0,0,0,0,0,0,0,0,0,-11000,0,0,0,0,11000,-11000,-11000
056869,國巨日盛99購03  ,0,0,0,0,0,0,0,0,0,-11000,0,0,0,14000,25000,-11000,-11000
057219,群創群益98購10  ,0,0,0,0,0,0,0,0,0,-11000,0,0,0,126000,137000,-11000,-11000
057369,奇力新元大99購05,0,0,0,0,0,0,0,0,0,-11000,0,0,0,22000,33000,-11000,-11000
055683,晶技凱基99購01  ,0,0,0,0,0,0,0,0,0,-11000,0,0,0,52000,63000,-11000,-11000
055640,鴻海元富97購03  ,0,0,0,0,0,0,0,0,0,-11000,0,0,0,0,11000,-11000,-11000
056072,群創元大97購01  ,0,0,0,0,0,0,0,0,0,-11000,0,0,0,132000,143000,-11000,-11000
055935,創意群益97購02  ,0,0,0,0,0,0,0,0,0,-11000,0,0,0,0,11000,-11000,-11000
056243,創意群益97購03  ,0,0,0,0,0,0,0,0,0,-11000,0,0,0,0,11000,-11000,-11000
05678P,群創群益97售01  ,0,0,0,0,0,0,0,0,0,-11000,0,0,0,0,11000,-11000,-11000
056565,欣興群益98購03  ,0,0,0,0,0,0,0,0,0,-11000,0,0,0,25000,36000,-11000,-11000
047383,鴻海元大95購01  ,0,0,0,0,0,0,0,0,0,-11000,0,0,0,17000,28000,-11000,-11000
04333P,儒鴻凱基93售06  ,0,0,0,0,0,0,0,0,0,-11000,0,0,0,0,11000,-11000,-11000
03810P,大立光富邦98售01,0,0,0,0,0,0,0,0,0,-11000,0,0,0,0,11000,-11000,-11000
04555P,元油2X群益95售01,0,0,0,0,0,0,0,0,0,-11000,0,0,0,0,11000,-11000,-11000
04552P,南電元大94售06  ,0,0,0,0,0,0,0,0,0,-11000,0,0,0,0,11000,-11000,-11000
045500,聯發科凱基93購04,0,0,0,0,0,0,0,0,0,-11000,0,0,0,10000,21000,-11000,-11000
046602,新日興群益94購01,0,0,0,0,0,0,0,0,0,-11000,0,0,0,20000,31000,-11000,-11000
00766L,台新MSCI中國正2 ,0,0,0,0,0,0,0,0,0,-11000,0,0,0,652000,663000,-11000,-11000
042752,台灣50元大96購03,0,0,0,0,0,0,0,0,0,-11000,0,0,0,24000,35000,-11000,-11000
052138,易華電凱基97購01,0,0,0,0,0,0,0,0,0,-11000,0,0,0,0,11000,-11000,-11000
052064,臺股指國票95購11,0,0,0,0,0,0,0,0,0,-11000,0,0,0,0,11000,-11000,-11000
048108,鴻海群益93購07  ,0,0,0,0,0,0,0,0,0,-11000,0,0,0,4000,15000,-11000,-11000
050444,卜蜂元大94購03  ,0,0,0,0,0,0,0,0,0,-11000,0,0,0,0,11000,-11000,-11000
04922P,日月光凱基94售02,0,0,0,0,0,0,0,0,0,-11000,0,0,0,0,11000,-11000,-11000
052782,超眾國票96購02  ,0,0,0,0,0,0,0,0,0,-11000,0,0,0,7000,18000,-11000,-11000
052807,貿聯元大98購01  ,0,0,0,0,0,0,0,0,0,-11000,0,0,0,12000,23000,-11000,-11000
052759,京元電群益96購01,0,0,0,0,0,0,0,0,0,-11000,0,0,0,0,11000,-11000,-11000
049198,聯鈞永豐94購01  ,0,0,0,0,0,0,0,0,0,-11000,0,0,0,0,11000,-11000,-11000
051840,康友國泰97購02  ,0,0,0,0,0,0,0,0,0,-11000,0,0,0,2000,13000,-11000,-11000
049605,旺宏第一94購01  ,0,0,0,0,0,0,0,0,0,-11000,0,0,0,99000,110000,-11000,-11000
049392,臺股指麥證94購01,0,0,0,220000,231000,-11000,0,0,0,-11000,0,0,0,220000,231000,-11000,-11000
051020,健策凱基96購02  ,0,0,0,0,0,0,0,0,0,-11000,0,0,0,0,11000,-11000,-11000
055431,和鑫群益98購01  ,0,0,0,0,0,0,0,0,0,-11000,0,0,0,0,11000,-11000,-11000
055196,致新元富97購01  ,0,0,0,0,0,0,0,0,0,-11000,0,0,0,9000,20000,-11000,-11000
054648,智原群益98購01  ,0,0,0,0,0,0,0,0,0,-11000,0,0,0,0,11000,-11000,-11000
054515,華通元大98購02  ,0,0,0,0,0,0,0,0,0,-11000,0,0,0,22000,33000,-11000,-11000
05453P,智邦群益95售03  ,0,0,0,0,0,0,0,0,0,-11000,0,0,0,18000,29000,-11000,-11000
054527,國巨統一97購03  ,0,0,0,0,0,0,0,0,0,-11000,0,0,0,0,11000,-11000,-11000
054781,台化群益99購01  ,0,0,0,0,0,0,0,0,0,-11000,0,0,0,0,11000,-11000,-11000
054952,大毅元大97購02  ,0,0,0,0,0,0,0,0,0,-11000,0,0,0,37000,48000,-11000,-11000
054979,南港元富97購01  ,0,0,0,0,0,0,0,0,0,-11000,0,0,0,10000,21000,-11000,-11000
054867,華航群益99購01  ,0,0,0,0,0,0,0,0,0,-11000,0,0,0,0,11000,-11000,-11000
054088,華新群益98購02  ,0,0,0,0,0,0,0,0,0,-11000,0,0,0,11000,22000,-11000,-11000
05390P,康友群益95售04  ,0,0,0,0,0,0,0,0,0,-11000,0,0,0,0,11000,-11000,-11000
053737,華新科麥證96購01,0,0,0,60000,71000,-11000,0,0,0,-11000,0,0,0,60000,71000,-11000,-11000
053481,同欣電元大97購01,0,0,0,0,0,0,0,0,0,-11000,0,0,0,3000,14000,-11000,-11000
052934,中磊元大96購01  ,0,0,0,0,0,0,0,0,0,-11000,0,0,0,29000,40000,-11000,-11000
3030,德律            ,164000,170000,-6000,0,0,0,0,0,0,-5000,0,5000,-5000,0,0,0,-11000
3062,建漢            ,102000,112000,-10000,0,0,0,0,0,0,-1000,0,1000,-1000,0,0,0,-11000
4919,新唐            ,59000,58000,1000,0,0,0,1000,0,1000,-13000,0,1000,-1000,12000,24000,-12000,-11000
9902,台火            ,4000,14000,-10000,0,0,0,0,0,0,-1000,0,1000,-1000,0,0,0,-11000
2493,揚博            ,1000,12000,-11000,0,0,0,0,0,0,0,0,0,0,0,0,0,-11000
2433,互盛電          ,6000,17000,-11000,0,0,0,0,0,0,0,0,0,0,0,0,0,-11000
1702,南僑            ,60000,71000,-11000,0,0,0,0,0,0,0,0,0,0,0,0,0,-11000
1737,臺鹽            ,19000,29000,-10000,0,0,0,0,0,0,-1000,0,1000,-1000,0,0,0,-11000
06393P,台積電元大97售27,0,0,0,0,0,0,0,0,0,-11000,0,0,0,4000,15000,-11000,-11000
06170P,禾伸堂元富97售02,0,0,0,0,0,0,0,0,0,-11000,0,0,0,90000,101000,-11000,-11000
06160P,台達電群益97售01,0,0,0,0,0,0,0,0,0,-11000,0,0,0,34000,45000,-11000,-11000
056635,亞德客日盛99購01,0,0,0,0,0,0,0,0,0,-12000,0,0,0,17000,29000,-12000,-12000
056772,欣興元大99購01  ,0,0,0,0,0,0,0,0,0,-12000,0,0,0,179000,191000,-12000,-12000
056811,健策統一9B購01  ,0,0,0,0,0,0,0,0,0,-12000,0,0,0,23000,35000,-12000,-12000
056230,可成凱基98購03  ,0,0,0,0,0,0,0,0,0,-12000,0,0,0,20000,32000,-12000,-12000
056469,國巨元大99購01  ,0,0,0,0,0,0,0,0,0,-12000,0,0,0,19000,31000,-12000,-12000
055980,祥碩統一98購01  ,0,0,0,0,0,0,0,0,0,-12000,0,0,0,0,12000,-12000,-12000
056091,百和統一97購01  ,0,0,0,0,0,0,0,0,0,-12000,0,0,0,76000,88000,-12000,-12000
056147,鴻海日盛97購05  ,0,0,0,0,0,0,0,0,0,-12000,0,0,0,0,12000,-12000,-12000
055864,臺股指元大97購01,0,0,0,0,0,0,0,0,0,-12000,0,0,0,10000,22000,-12000,-12000
057347,國巨統一9A購03  ,0,0,0,0,0,0,0,0,0,-12000,0,0,0,10000,22000,-12000,-12000
057267,康控兆豐99購01  ,0,0,0,0,0,0,0,0,0,-12000,0,0,0,0,12000,-12000,-12000
057282,大立光元大99購06,0,0,0,0,0,0,0,0,0,-12000,0,0,0,0,12000,-12000,-12000
057804,為升元大98購01  ,0,0,0,0,0,0,0,0,0,-12000,0,0,0,50000,62000,-12000,-12000
057874,可成元大99購02  ,0,0,0,0,0,0,0,0,0,-12000,0,0,0,29000,41000,-12000,-12000
05792P,臺股指中信99售07,0,0,0,0,0,0,0,0,0,-12000,0,0,0,0,12000,-12000,-12000
05922P,京元電兆豐96售01,0,0,0,0,0,0,0,0,0,-12000,0,0,0,0,12000,-12000,-12000
057670,欣興元大99購02  ,0,0,0,0,0,0,0,0,0,-12000,0,0,0,36000,48000,-12000,-12000
048122,台達電元大96購02,0,0,0,0,0,0,0,0,0,-12000,0,0,0,0,12000,-12000,-12000
047917,台積電凱基94購01,0,0,0,0,0,0,0,0,0,-12000,0,0,0,0,12000,-12000,-12000
048755,志超元富96購01  ,0,0,0,0,0,0,0,0,0,-12000,0,0,0,20000,32000,-12000,-12000
047730,矽力群益93購02  ,0,0,0,0,0,0,0,0,0,-12000,0,0,0,7000,19000,-12000,-12000
049018,光罩群益94購01  ,0,0,0,0,0,0,0,0,0,-12000,0,0,0,10000,22000,-12000,-12000
04261P,大立光群益93售12,0,0,0,0,0,0,0,0,0,-12000,0,0,0,0,12000,-12000,-12000
03481P,欣興群益02售08  ,0,0,0,0,0,0,0,0,0,-12000,0,0,0,0,12000,-12000,-12000
04313P,國巨元富95售03  ,0,0,0,0,0,0,0,0,0,-12000,0,0,0,0,12000,-12000,-12000
046450,鴻海凱基93購12  ,0,0,0,0,0,0,0,0,0,-12000,0,0,0,0,12000,-12000,-12000
044750,鴻海凱基93購07  ,0,0,0,0,0,0,0,0,0,-12000,0,0,0,8000,20000,-12000,-12000
047595,元石油元富97購01,0,0,0,0,0,0,0,0,0,-12000,0,0,0,0,12000,-12000,-12000
051033,台積電兆豐95購03,0,0,0,0,0,0,0,0,0,-12000,0,0,0,0,12000,-12000,-12000
050789,矽創國泰96購01  ,0,0,0,0,0,0,0,0,0,-12000,0,0,0,0,12000,-12000,-12000
05076P,深中小群益99售02,0,0,0,0,0,0,0,0,0,-12000,0,0,0,0,12000,-12000,-12000
050097,可成國泰96購02  ,0,0,0,0,0,0,0,0,0,-12000,0,0,0,38000,50000,-12000,-12000
052276,力成群益96購01  ,0,0,0,0,0,0,0,0,0,-12000,0,0,0,26000,38000,-12000,-12000
050114,群創元大95購01  ,0,0,0,0,0,0,0,0,0,-12000,0,0,0,46000,58000,-12000,-12000
049712,為升凱基94購03  ,0,0,0,0,0,0,0,0,0,-12000,0,0,0,10000,22000,-12000,-12000
051406,泰鼎永豐96購01  ,0,0,0,0,0,0,0,0,0,-12000,0,0,0,0,12000,-12000,-12000
052883,百和亞東97購01  ,0,0,0,0,0,0,0,0,0,-12000,0,0,0,20000,32000,-12000,-12000
049229,台化富邦94購01  ,0,0,0,0,0,0,0,0,0,-12000,0,0,0,0,12000,-12000,-12000
05043P,佳世達元富95售01,0,0,0,0,0,0,0,0,0,-12000,0,0,0,13000,25000,-12000,-12000
053846,友達元富99購02  ,0,0,0,0,0,0,0,0,0,-12000,0,0,0,30000,42000,-12000,-12000
053868,群創元大99購02  ,0,0,0,0,0,0,0,0,0,-12000,0,0,0,36000,48000,-12000,-12000
054133,奇力新元大97購04,0,0,0,0,0,0,0,0,0,-12000,0,0,0,10000,22000,-12000,-12000
053996,晶相光群益97購01,0,0,0,0,0,0,0,0,0,-12000,0,0,0,44000,56000,-12000,-12000
054264,超眾元大97購02  ,0,0,0,0,0,0,0,0,0,-12000,0,0,0,56000,68000,-12000,-12000
054861,智邦群益97購01  ,0,0,0,0,0,0,0,0,0,-12000,0,0,0,91000,103000,-12000,-12000
054548,鴻海凱基98購03  ,0,0,0,0,0,0,0,0,0,-12000,0,0,0,73000,85000,-12000,-12000
055220,緯穎凱基98購02  ,0,0,0,0,0,0,0,0,0,-12000,0,0,0,14000,26000,-12000,-12000
055099,可成日盛97購01  ,0,0,0,0,0,0,0,0,0,-12000,0,0,0,16000,28000,-12000,-12000
055529,華邦電群益97購02,0,0,0,0,0,0,0,0,0,-12000,0,0,0,0,12000,-12000,-12000
06149P,台積電元大97售18,0,0,0,0,0,0,0,0,0,-12000,0,0,0,205000,217000,-12000,-12000
06236P,台積電元大97售25,0,0,0,0,0,0,0,0,0,-12000,0,0,0,7000,19000,-12000,-12000
06658P,台灣50富邦9C售01,0,0,0,0,0,0,0,0,0,-12000,0,0,0,0,12000,-12000,-12000
06802P,緯穎群益98售03  ,0,0,0,0,0,0,0,0,0,-12000,0,0,0,2000,14000,-12000,-12000
06755P,大立光永豐98售03,0,0,0,0,0,0,0,0,0,-12000,0,0,0,0,12000,-12000,-12000
2302,麗正            ,0,12000,-12000,0,0,0,0,0,0,0,0,0,0,0,0,0,-12000
8374,羅昇            ,2000,14000,-12000,0,0,0,0,0,0,0,0,0,0,0,0,0,-12000
6666,羅麗芬-KY       ,4000,16000,-12000,0,0,0,0,0,0,0,0,0,0,0,0,0,-12000
5533,皇鼎            ,1000,13000,-12000,0,0,0,0,0,0,0,0,0,0,0,0,0,-12000
3164,景岳            ,1000,12000,-11000,0,0,0,0,0,0,-1000,0,1000,-1000,0,0,0,-12000
057274,友達元大98購03  ,0,0,0,0,0,0,0,0,0,-13000,0,0,0,50000,63000,-13000,-13000
057213,華邦電群益98購01,0,0,0,0,0,0,0,0,0,-13000,0,0,0,98000,111000,-13000,-13000
057177,奇力新元大99購04,0,0,0,0,0,0,0,0,0,-13000,0,0,0,8000,21000,-13000,-13000
057174,南亞科元大98購05,0,0,0,0,0,0,0,0,0,-13000,0,0,0,25000,38000,-13000,-13000
056895,技嘉元大98購01  ,0,0,0,0,0,0,0,0,0,-13000,0,0,0,34000,47000,-13000,-13000
055820,矽力國票98購02  ,0,0,0,0,0,0,0,0,0,-13000,0,0,0,36000,49000,-13000,-13000
055643,宏碁元富97購01  ,0,0,0,0,0,0,0,0,0,-13000,0,0,0,12000,25000,-13000,-13000
056169,鴻海元富97購08  ,0,0,0,0,0,0,0,0,0,-13000,0,0,0,10000,23000,-13000,-13000
056076,超眾元大97購05  ,0,0,0,0,0,0,0,0,0,-13000,0,0,0,70000,83000,-13000,-13000
056210,矽創永豐97購02  ,0,0,0,0,0,0,0,0,0,-13000,0,0,0,68000,81000,-13000,-13000
056665,上証2X國票99購02,0,0,0,0,0,0,0,0,0,-13000,0,0,0,0,13000,-13000,-13000
04456P,日月光統一94售01,0,0,0,0,0,0,0,0,0,-13000,0,0,0,16000,29000,-13000,-13000
03033X,元展30          ,0,0,0,0,0,0,0,0,0,-13000,0,0,0,0,13000,-13000,-13000
052131,台積電凱基96購01,0,0,0,0,0,0,0,0,0,-13000,0,0,0,0,13000,-13000,-13000
052363,廣達國票96購01  ,0,0,0,0,0,0,0,0,0,-13000,0,0,0,210000,223000,-13000,-13000
04693P,超眾群益95售01  ,0,0,0,0,0,0,0,0,0,-13000,0,0,0,0,13000,-13000,-13000
048192,華通元大96購01  ,0,0,0,0,0,0,0,0,0,-13000,0,0,0,54000,67000,-13000,-13000
052705,超眾國票97購01  ,0,0,0,0,0,0,0,0,0,-13000,0,0,0,17000,30000,-13000,-13000
051382,玉晶光群益98購02,0,0,0,0,0,0,0,0,0,-13000,0,0,0,28000,41000,-13000,-13000
051752,緯穎富邦96購01  ,0,0,0,0,0,0,0,0,0,-13000,0,0,0,26000,39000,-13000,-13000
050988,廣達富邦95購01  ,0,0,0,0,0,0,0,0,0,-13000,0,0,0,100000,113000,-13000,-13000
050815,南亞科凱基95購01,0,0,0,0,0,0,0,0,0,-13000,0,0,0,0,13000,-13000,-13000
04946P,華通元大94售04  ,0,0,0,0,0,0,0,0,0,-13000,0,0,0,10000,23000,-13000,-13000
050702,崇越凱基94購01  ,0,0,0,0,0,0,0,0,0,-13000,0,0,0,17000,30000,-13000,-13000
050692,鴻海凱基96購04  ,0,0,0,0,0,0,0,0,0,-13000,0,0,0,1000,14000,-13000,-13000
050024,旺宏元大94購09  ,0,0,0,0,0,0,0,0,0,-13000,0,0,0,28000,41000,-13000,-13000
049903,大立光元富94購06,0,0,0,0,0,0,0,0,0,-13000,0,0,0,100000,113000,-13000,-13000
055467,國巨凱基97購05  ,0,0,0,0,0,0,0,0,0,-13000,0,0,0,74000,87000,-13000,-13000
055311,健策群益98購02  ,0,0,0,0,0,0,0,0,0,-13000,0,0,0,2000,15000,-13000,-13000
054049,亞光元大96購03  ,0,0,0,0,0,0,0,0,0,-13000,0,0,0,43000,56000,-13000,-13000
4737,華廣            ,7000,20000,-13000,0,0,0,0,0,0,0,0,0,0,0,0,0,-13000
1225,福懋油          ,2000,14000,-12000,0,0,0,0,0,0,-1000,0,1000,-1000,0,0,0,-13000
06570P,大立光永豐98售01,0,0,0,0,0,0,0,0,0,-13000,0,0,0,0,13000,-13000,-13000
06029P,聯發科台新96售02,0,0,0,0,0,0,0,0,0,-13000,0,0,0,21000,34000,-13000,-13000
056581,超眾元大99購01  ,0,0,0,0,0,0,0,0,0,-14000,0,0,0,0,14000,-14000,-14000
056353,鴻海元大99購02  ,0,0,0,0,0,0,0,0,0,-14000,0,0,0,87000,101000,-14000,-14000
056093,大毅元富97購01  ,0,0,0,0,0,0,0,0,0,-14000,0,0,0,36000,50000,-14000,-14000
05573P,仁寶元富96售02  ,0,0,0,0,0,0,0,0,0,-14000,0,0,0,6000,20000,-14000,-14000
057543,華通凱基99購02  ,0,0,0,0,0,0,0,0,0,-14000,0,0,0,20000,34000,-14000,-14000
057818,泰碩元大9A購01  ,0,0,0,0,0,0,0,0,0,-14000,0,0,0,0,14000,-14000,-14000
03652C,臺股指元大03牛01,0,0,0,0,0,0,0,0,0,-14000,0,0,0,0,14000,-14000,-14000
041916,大立光中信93購01,0,0,0,0,0,0,0,0,0,-14000,0,0,0,0,14000,-14000,-14000
00710B,FH彭博高收益債  ,2000,20000,-18000,0,0,0,0,0,0,4000,0,0,0,114000,110000,4000,-14000
04547P,高鐵元大94售01  ,0,0,0,0,0,0,0,0,0,-14000,0,0,0,100000,114000,-14000,-14000
045627,聯電凱基93購03  ,0,0,0,0,0,0,0,0,0,-14000,0,0,0,7000,21000,-14000,-14000
04329P,TPK群益93售04   ,0,0,0,0,0,0,0,0,0,-14000,0,0,0,6000,20000,-14000,-14000
045013,大立光元大93購04,0,0,0,0,0,0,0,0,0,-14000,0,0,0,5000,19000,-14000,-14000
050234,國巨凱基94購10  ,0,0,0,0,0,0,0,0,0,-14000,0,0,0,1000,15000,-14000,-14000
051031,康友元富95購02  ,0,0,0,0,0,0,0,0,0,-14000,0,0,0,65000,79000,-14000,-14000
049792,元油2X元大94購08,0,0,0,0,0,0,0,0,0,-14000,0,0,0,0,14000,-14000,-14000
051616,鴻海凱基96購08  ,0,0,0,0,0,0,0,0,0,-14000,0,0,0,75000,89000,-14000,-14000
052561,矽創國票97購01  ,0,0,0,0,0,0,0,0,0,-14000,0,0,0,22000,36000,-14000,-14000
054214,京鼎國票97購02  ,0,0,0,0,0,0,0,0,0,-14000,0,0,0,0,14000,-14000,-14000
052984,漢唐元大96購01  ,0,0,0,0,0,0,0,0,0,-14000,0,0,0,18000,32000,-14000,-14000
052660,京元電國票97購01,0,0,0,0,0,0,0,0,0,-14000,0,0,0,20000,34000,-14000,-14000
053273,國巨元大96購08  ,0,0,0,0,0,0,0,0,0,-14000,0,0,0,15000,29000,-14000,-14000
053286,臺股指元大96購14,0,0,0,0,0,0,0,0,0,-14000,0,0,0,6000,20000,-14000,-14000
055521,S&P反1群益01購01,0,0,0,0,0,0,0,0,0,-14000,0,0,0,0,14000,-14000,-14000
055008,隆達元富97購01  ,0,0,0,0,0,0,0,0,0,-14000,0,0,0,37000,51000,-14000,-14000
055230,大毅國票98購01  ,0,0,0,0,0,0,0,0,0,-14000,0,0,0,11000,25000,-14000,-14000
054412,智邦元大96購03  ,0,0,0,0,0,0,0,0,0,-14000,0,0,0,26000,40000,-14000,-14000
06145P,華新科永豐97售02,0,0,0,0,0,0,0,0,0,-14000,0,0,0,0,14000,-14000,-14000
06362P,臺股指麥證97售01,0,0,0,6000,20000,-14000,0,0,0,-14000,0,0,0,6000,20000,-14000,-14000
06839P,玉晶光統一9A售05,0,0,0,0,0,0,0,0,0,-14000,0,0,0,0,14000,-14000,-14000
1526,日馳            ,5000,19000,-14000,0,0,0,0,0,0,0,0,0,0,0,0,0,-14000
2397,友通            ,1000,15000,-14000,0,0,0,0,0,0,0,0,0,0,0,0,0,-14000
2705,六福            ,0,14000,-14000,0,0,0,0,0,0,0,0,0,0,0,0,0,-14000
3013,晟銘電          ,15000,28000,-13000,0,0,0,0,0,0,-1000,8000,9000,-1000,0,0,0,-14000
6214,精誠            ,123000,134000,-11000,0,0,0,0,0,0,-3000,0,3000,-3000,0,0,0,-14000
6152,百一            ,1000,15000,-14000,0,0,0,0,0,0,0,0,0,0,0,0,0,-14000
3257,虹冠電          ,3000,16000,-13000,0,0,0,0,0,0,-1000,0,1000,-1000,0,0,0,-14000
4536,拓凱            ,34000,46000,-12000,0,0,0,0,0,0,-2000,0,1000,-1000,0,1000,-1000,-14000
8070,長華*           ,13000,33000,-20000,0,0,0,0,0,0,6000,6000,0,6000,0,0,0,-14000
057673,臻鼎元大98購01  ,0,0,0,0,0,0,0,0,0,-15000,0,0,0,15000,30000,-15000,-15000
057695,S&P反1群益9B購01,0,0,0,0,0,0,0,0,0,-15000,0,0,0,0,15000,-15000,-15000
056863,義隆群益98購01  ,0,0,0,0,0,0,0,0,0,-15000,0,0,0,8000,23000,-15000,-15000
057152,緯穎國票99購03  ,0,0,0,0,0,0,0,0,0,-15000,0,0,0,20000,35000,-15000,-15000
057286,群創元大9B購05  ,0,0,0,0,0,0,0,0,0,-15000,0,0,0,12000,27000,-15000,-15000
057448,致茂元富98購01  ,0,0,0,0,0,0,0,0,0,-15000,0,0,0,25000,40000,-15000,-15000
057442,玉晶光統一98購03,0,0,0,0,0,0,0,0,0,-15000,0,0,0,153000,168000,-15000,-15000
055830,上銀元大97購07  ,0,0,0,0,0,0,0,0,0,-15000,0,0,0,54000,69000,-15000,-15000
056483,TPK元大98購01   ,0,0,0,0,0,0,0,0,0,-15000,0,0,0,83000,98000,-15000,-15000
056445,聯發科凱基98購07,0,0,0,0,0,0,0,0,0,-15000,0,0,0,2000,17000,-15000,-15000
056563,華新科群益98購04,0,0,0,0,0,0,0,0,0,-15000,0,0,0,15000,30000,-15000,-15000
056697,緯穎群益98購01  ,0,0,0,0,0,0,0,0,0,-15000,0,0,0,28000,43000,-15000,-15000
04414P,牧德元富94售04  ,0,0,0,0,0,0,0,0,0,-15000,0,0,0,0,15000,-15000,-15000
047457,旺宏群益95購01  ,0,0,0,0,0,0,0,0,0,-15000,0,0,0,151000,166000,-15000,-15000
047460,富邦金群益95購01,0,0,0,0,0,0,0,0,0,-15000,0,0,0,5000,20000,-15000,-15000
047547,友達凱基99購02  ,0,0,0,0,0,0,0,0,0,-15000,0,0,0,10000,25000,-15000,-15000
044961,聯電中信94購01  ,0,0,0,0,0,0,0,0,0,-15000,0,0,0,40000,55000,-15000,-15000
045312,矽創元大93購02  ,0,0,0,0,0,0,0,0,0,-15000,0,0,0,0,15000,-15000,-15000
047975,緯創兆豐93購01  ,0,0,0,0,0,0,0,0,0,-15000,0,0,0,50000,65000,-15000,-15000
047250,日月光群益94購01,0,0,0,0,0,0,0,0,0,-15000,0,0,0,10000,25000,-15000,-15000
047292,台光電元富96購01,0,0,0,0,0,0,0,0,0,-15000,0,0,0,0,15000,-15000,-15000
052371,元金2X元大95購01,0,0,0,0,0,0,0,0,0,-15000,0,0,0,2000,17000,-15000,-15000
052033,臺股指群益95購06,0,0,0,0,0,0,0,0,0,-15000,0,0,0,0,15000,-15000,-15000
052091,緯創元大95購04  ,0,0,0,0,0,0,0,0,0,-15000,0,0,0,184000,199000,-15000,-15000
052227,瑞昱凱基95購05  ,0,0,0,0,0,0,0,0,0,-15000,0,0,0,42000,57000,-15000,-15000
04835P,鴻海元大94售18  ,0,0,0,0,0,0,0,0,0,-15000,0,0,0,5000,20000,-15000,-15000
048869,光罩國票94購01  ,0,0,0,0,0,0,0,0,0,-15000,0,0,0,10000,25000,-15000,-15000
048834,牧德凱基94購01  ,0,0,0,0,0,0,0,0,0,-15000,0,0,0,15000,30000,-15000,-15000
052434,茂林國泰97購01  ,0,0,0,0,0,0,0,0,0,-15000,0,0,0,21000,36000,-15000,-15000
050419,鴻海凱基95購02  ,0,0,0,0,0,0,0,0,0,-15000,0,0,0,0,15000,-15000,-15000
050423,鴻海凱基96購02  ,0,0,0,0,0,0,0,0,0,-15000,0,0,0,68000,83000,-15000,-15000
050370,台積電元大94購24,0,0,0,0,0,0,0,0,0,-15000,0,0,0,206000,221000,-15000,-15000
050371,台積電元大94購25,0,0,0,0,0,0,0,0,0,-15000,0,0,0,240000,255000,-15000,-15000
051997,康友元大95購02  ,0,0,0,0,0,0,0,0,0,-15000,0,0,0,35000,50000,-15000,-15000
051260,鴻海永昌96購04  ,0,0,0,0,0,0,0,0,0,-15000,0,0,0,2000,17000,-15000,-15000
052536,聯茂國泰97購01  ,0,0,0,0,0,0,0,0,0,-15000,0,0,0,30000,45000,-15000,-15000
053134,南亞科國票97購01,0,0,0,0,0,0,0,0,0,-15000,0,0,0,7000,22000,-15000,-15000
051410,京元電國票96購01,0,0,0,0,0,0,0,0,0,-15000,0,0,0,188000,203000,-15000,-15000
051990,泰碩元大95購01  ,0,0,0,0,0,0,0,0,0,-15000,0,0,0,0,15000,-15000,-15000
051145,台積電凱基95購05,0,0,0,0,0,0,0,0,0,-15000,0,0,0,0,15000,-15000,-15000
050365,中石化元大94購02,0,0,0,0,0,0,0,0,0,-15000,0,0,0,0,15000,-15000,-15000
050168,緯創富邦95購01  ,0,0,0,0,0,0,0,0,0,-15000,0,0,0,35000,50000,-15000,-15000
049310,台積電凱基94購15,0,0,0,0,0,0,0,0,0,-15000,0,0,0,1000,16000,-15000,-15000
049380,欣興元大94購04  ,0,0,0,0,0,0,0,0,0,-15000,0,0,0,16000,31000,-15000,-15000
050922,南亞科凱基95購02,0,0,0,0,0,0,0,0,0,-15000,0,0,0,7000,22000,-15000,-15000
050976,台光電統一95購01,0,0,0,0,0,0,0,0,0,-15000,0,0,0,294000,309000,-15000,-15000
050704,復盛凱基94購03  ,0,0,0,0,0,0,0,0,0,-15000,0,0,0,34000,49000,-15000,-15000
050720,上証2X國票94購02,0,0,0,0,0,0,0,0,0,-15000,0,0,0,0,15000,-15000,-15000
051078,力山富邦97購01  ,0,0,0,0,0,0,0,0,0,-15000,0,0,0,0,15000,-15000,-15000
051787,燿華國票96購02  ,0,0,0,0,0,0,0,0,0,-15000,0,0,0,0,15000,-15000,-15000
054573,漢唐元大98購01  ,0,0,0,0,0,0,0,0,0,-15000,0,0,0,15000,30000,-15000,-15000
055222,臺股指凱基97購05,0,0,0,0,0,0,0,0,0,-15000,0,0,0,0,15000,-15000,-15000
055049,智邦永豐97購01  ,0,0,0,0,0,0,0,0,0,-15000,0,0,0,8000,23000,-15000,-15000
055390,國巨統一98購03  ,0,0,0,0,0,0,0,0,0,-15000,0,0,0,25000,40000,-15000,-15000
053346,群創國票97購04  ,0,0,0,0,0,0,0,0,0,-15000,0,0,0,0,15000,-15000,-15000
053338,台光電國票97購01,0,0,0,0,0,0,0,0,0,-15000,0,0,0,0,15000,-15000,-15000
053342,全新國票99購01  ,0,0,0,0,0,0,0,0,0,-15000,0,0,0,50000,65000,-15000,-15000
053356,聯發科統一96購07,0,0,0,0,0,0,0,0,0,-15000,0,0,0,81000,96000,-15000,-15000
053603,臺股指元大96購20,0,0,0,0,0,0,0,0,0,-15000,0,0,0,0,15000,-15000,-15000
053176,矽力群益96購02  ,0,0,0,0,0,0,0,0,0,-15000,0,0,0,50000,65000,-15000,-15000
054142,致伸元大97購01  ,0,0,0,0,0,0,0,0,0,-15000,0,0,0,6000,21000,-15000,-15000
053819,大立光群益96購04,0,0,0,0,0,0,0,0,0,-15000,0,0,0,0,15000,-15000,-15000
053783,聯發科元大96購17,0,0,0,0,0,0,0,0,0,-15000,0,0,0,0,15000,-15000,-15000
053687,智邦元大96購02  ,0,0,0,0,0,0,0,0,0,-15000,0,0,0,15000,30000,-15000,-15000
3406,玉晶光          ,666000,771000,-105000,0,0,0,25000,40000,-15000,105000,141000,38000,103000,37000,35000,2000,-15000
6288,聯嘉            ,124000,139000,-15000,0,0,0,0,0,0,0,0,0,0,0,0,0,-15000
2748,雲品            ,0,15000,-15000,0,0,0,0,0,0,0,0,0,0,0,0,0,-15000
2506,太設            ,1000,16000,-15000,0,0,0,0,0,0,0,0,0,0,0,0,0,-15000
2206,三陽工業        ,113000,128000,-15000,0,0,0,0,0,0,0,0,0,0,0,0,0,-15000
1533,車王電          ,2000,17000,-15000,0,0,0,0,0,0,0,0,0,0,0,0,0,-15000
1232,大統益          ,4000,19000,-15000,0,0,0,0,0,0,0,0,0,0,0,0,0,-15000
1338,廣華-KY         ,12000,27000,-15000,0,0,0,0,0,0,0,0,0,0,0,0,0,-15000
06448P,華通元大99售01  ,0,0,0,0,0,0,0,0,0,-15000,0,0,0,4000,19000,-15000,-15000
06449P,台積電元大98售09,0,0,0,0,0,0,0,0,0,-15000,0,0,0,152000,167000,-15000,-15000
06647P,台積電元大98售13,0,0,0,0,0,0,0,0,0,-15000,0,0,0,75000,90000,-15000,-15000
06705P,臻鼎元富98售03  ,0,0,0,0,0,0,0,0,0,-15000,0,0,0,5000,20000,-15000,-15000
06690P,玉晶光群益9A售05,0,0,0,0,0,0,0,0,0,-15000,0,0,0,0,15000,-15000,-15000
06735P,奇力新凱基98售07,0,0,0,0,0,0,0,0,0,-15000,0,0,0,6000,21000,-15000,-15000
06055P,華通凱基97售04  ,0,0,0,0,0,0,0,0,0,-15000,0,0,0,0,15000,-15000,-15000
06264P,友達凱基98售06  ,0,0,0,0,0,0,0,0,0,-15000,0,0,0,1000,16000,-15000,-15000
06347P,祥碩元富97售02  ,0,15000,-15000,0,0,0,0,0,0,0,0,0,0,0,0,0,-15000
056244,群創群益98購09  ,0,0,0,0,0,0,0,0,0,-16000,0,0,0,0,16000,-16000,-16000
056158,新日興凱基98購02,0,0,0,0,0,0,0,0,0,-16000,0,0,0,53000,69000,-16000,-16000
04888P,臺股指凱基95售03,0,0,0,0,0,0,0,0,0,-16000,0,0,0,74000,90000,-16000,-16000
049023,玉晶光群益96購04,0,0,0,0,0,0,0,0,0,-16000,0,0,0,232000,248000,-16000,-16000
049104,元油2X富邦97購02,0,0,0,0,0,0,0,0,0,-16000,0,0,0,4000,20000,-16000,-16000
052244,廣達康和95購01  ,0,0,0,0,0,0,0,0,0,-16000,0,0,0,0,16000,-16000,-16000
052028,健策群益95購02  ,0,0,0,0,0,0,0,0,0,-16000,0,0,0,10000,26000,-16000,-16000
052383,臺股指元大95購29,0,0,0,0,0,0,0,0,0,-16000,0,0,0,0,16000,-16000,-16000
048766,禾伸堂凱基94購01,0,0,0,0,0,0,0,0,0,-16000,0,0,0,0,16000,-16000,-16000
04585P,楠梓電永豐94售02,0,0,0,0,0,0,0,0,0,-16000,0,0,0,0,16000,-16000,-16000
044530,台積電富邦94購01,0,0,0,0,0,0,0,0,0,-16000,0,0,0,0,16000,-16000,-16000
04432P,昇陽半元大94售04,0,0,0,0,0,0,0,0,0,-16000,0,0,0,0,16000,-16000,-16000
04629P,康控元大94售05  ,0,0,0,0,0,0,0,0,0,-16000,0,0,0,100000,116000,-16000,-16000
050579,聯發科國票95購04,0,0,0,0,0,0,0,0,0,-16000,0,0,0,22000,38000,-16000,-16000
049873,華新科台新94購02,0,0,0,0,0,0,0,0,0,-16000,0,0,0,0,16000,-16000,-16000
051946,健策統一98購01  ,0,0,0,0,0,0,0,0,0,-16000,0,0,0,5000,21000,-16000,-16000
052885,高鐵兆豐98購01  ,0,0,0,0,0,0,0,0,0,-16000,0,0,0,3000,19000,-16000,-16000
052863,友達凱基98購02  ,0,0,0,0,0,0,0,0,0,-16000,0,0,0,59000,75000,-16000,-16000
054268,健策第一96購01  ,0,0,0,0,0,0,0,0,0,-16000,0,0,0,40000,56000,-16000,-16000
054028,臻鼎凱基96購03  ,0,0,0,0,0,0,0,0,0,-16000,0,0,0,101000,117000,-16000,-16000
053006,玉晶光永豐96購03,0,0,0,0,0,0,0,0,0,-16000,0,0,0,26000,42000,-16000,-16000
055477,同欣電凱基98購01,0,0,0,0,0,0,0,0,0,-16000,0,0,0,2000,18000,-16000,-16000
054478,可成中信97購01  ,0,0,0,0,0,0,0,0,0,-16000,0,0,0,24000,40000,-16000,-16000
06747P,大立光群益99售04,0,0,0,0,0,0,0,0,0,-16000,0,0,0,4000,20000,-16000,-16000
06521P,矽力元大98售01  ,0,0,0,0,0,0,0,0,0,-16000,0,0,0,61000,77000,-16000,-16000
06540P,聯發科凱基98售13,0,0,0,0,0,0,0,0,0,-16000,0,0,0,0,16000,-16000,-16000
06801P,技嘉群益99售02  ,0,0,0,0,0,0,0,0,0,-16000,0,0,0,36000,52000,-16000,-16000
1437,勤益控          ,7000,23000,-16000,0,0,0,0,0,0,0,0,0,0,0,0,0,-16000
1419,新紡            ,0,16000,-16000,0,0,0,0,0,0,0,0,0,0,0,0,0,-16000
1732,毛寶            ,117000,133000,-16000,0,0,0,0,0,0,0,0,0,0,0,0,0,-16000
2358,廷鑫            ,17000,33000,-16000,0,0,0,0,0,0,0,0,0,0,0,0,0,-16000
2413,環科            ,5000,21000,-16000,0,0,0,0,0,0,0,0,0,0,0,0,0,-16000
056073,智伸科元大97購01,0,0,0,0,0,0,0,0,0,-17000,0,0,0,18000,35000,-17000,-17000
056028,GIS群益97購02   ,0,0,0,0,0,0,0,0,0,-17000,0,0,0,13000,30000,-17000,-17000
055619,同欣電國票98購02,0,0,0,0,0,0,0,0,0,-17000,0,0,0,0,17000,-17000,-17000
056365,欣興元大98購01  ,0,0,0,0,0,0,0,0,0,-17000,0,0,0,145000,162000,-17000,-17000
056800,臺股指麥證98購01,0,0,0,8000,25000,-17000,0,0,0,-17000,0,0,0,8000,25000,-17000,-17000
057340,玉晶光元富98購04,0,0,0,0,0,0,0,0,0,-17000,0,0,0,10000,27000,-17000,-17000
057506,聯鈞國票99購02  ,0,0,0,0,0,0,0,0,0,-17000,0,0,0,100000,117000,-17000,-17000
057797,大立光兆豐99購01,0,0,0,0,0,0,0,0,0,-17000,0,0,0,3000,20000,-17000,-17000
057849,南茂永豐98購02  ,0,0,0,0,0,0,0,0,0,-17000,0,0,0,0,17000,-17000,-17000
045504,群創凱基94購01  ,0,0,0,0,0,0,0,0,0,-17000,0,0,0,10000,27000,-17000,-17000
045308,泰鼎元大93購02  ,0,0,0,0,0,0,0,0,0,-17000,0,0,0,45000,62000,-17000,-17000
00733,富邦臺灣中小    ,0,0,0,0,0,0,0,0,0,-17000,0,0,0,201000,218000,-17000,-17000
0051,元大中型100     ,0,1000,-1000,0,0,0,0,0,0,-16000,0,0,0,1000,17000,-16000,-17000
047217,臺股指中信93購05,0,0,0,0,0,0,0,0,0,-17000,0,0,0,15000,32000,-17000,-17000
046870,大立光統一95購01,0,0,0,0,0,0,0,0,0,-17000,0,0,0,28000,45000,-17000,-17000
046740,大立光群益95購01,0,0,0,0,0,0,0,0,0,-17000,0,0,0,7000,24000,-17000,-17000
052393,康友群益95購05  ,0,0,0,0,0,0,0,0,0,-17000,0,0,0,56000,73000,-17000,-17000
049120,元油2X元富94購05,0,0,0,0,0,0,0,0,0,-17000,0,0,0,0,17000,-17000,-17000
052532,台積電國泰96購07,0,0,0,0,0,0,0,0,0,-17000,0,0,0,113000,130000,-17000,-17000
051160,亞德客元大95購02,0,0,0,0,0,0,0,0,0,-17000,0,0,0,13000,30000,-17000,-17000
051458,臺股指元大95購18,0,0,0,0,0,0,0,0,0,-17000,0,0,0,3000,20000,-17000,-17000
051587,大立光元大95購08,0,0,0,0,0,0,0,0,0,-17000,0,0,0,0,17000,-17000,-17000
050911,光磊中信98購01  ,0,0,0,0,0,0,0,0,0,-17000,0,0,0,0,17000,-17000,-17000
050779,超眾元大96購03  ,0,0,0,0,0,0,0,0,0,-17000,0,0,0,33000,50000,-17000,-17000
050020,為升元大94購06  ,0,0,0,0,0,0,0,0,0,-17000,0,0,0,3000,20000,-17000,-17000
049899,台積電元富94購05,0,0,0,0,0,0,0,0,0,-17000,0,0,0,0,17000,-17000,-17000
049931,矽力元大94購01  ,0,0,0,0,0,0,0,0,0,-17000,0,0,0,13000,30000,-17000,-17000
054416,禾伸堂元大97購01,0,0,0,0,0,0,0,0,0,-17000,0,0,0,38000,55000,-17000,-17000
054297,台郡元大98購01  ,0,0,0,0,0,0,0,0,0,-17000,0,0,0,1000,18000,-17000,-17000
054879,大成鋼統一97購01,0,0,0,0,0,0,0,0,0,-17000,0,0,0,31000,48000,-17000,-17000
054771,茂林國票98購02  ,0,0,0,0,0,0,0,0,0,-17000,0,0,0,13000,30000,-17000,-17000
055393,華新科統一97購03,0,0,0,0,0,0,0,0,0,-17000,0,0,0,0,17000,-17000,-17000
053304,可成凱基96購03  ,0,0,0,0,0,0,0,0,0,-17000,0,0,0,99000,116000,-17000,-17000
053282,彩晶元大9C購01  ,0,0,0,0,0,0,0,0,0,-17000,0,0,0,0,17000,-17000,-17000
054203,滬深2X國票96購03,0,0,0,0,0,0,0,0,0,-17000,0,0,0,0,17000,-17000,-17000
053621,臺股指群益96購07,0,0,0,0,0,0,0,0,0,-17000,0,0,0,0,17000,-17000,-17000
053843,訊芯統一96購01  ,0,0,0,0,0,0,0,0,0,-17000,0,0,0,0,17000,-17000,-17000
2701,萬企            ,0,19000,-19000,0,0,0,0,0,0,2000,2000,0,2000,0,0,0,-17000
3015,全漢            ,9000,25000,-16000,0,0,0,0,0,0,-1000,0,1000,-1000,0,0,0,-17000
1903,士紙            ,0,16000,-16000,0,0,0,0,0,0,-1000,0,1000,-1000,0,0,0,-17000
06243P,亞光元富97售01  ,0,0,0,0,0,0,0,0,0,-17000,0,0,0,43000,60000,-17000,-17000
06087P,國巨永豐97售01  ,0,0,0,0,0,0,0,0,0,-17000,0,0,0,30000,47000,-17000,-17000
6192,巨路            ,4000,20000,-16000,0,0,0,0,0,0,-1000,0,0,0,0,1000,-1000,-17000
6184,大豐電          ,1000,18000,-17000,0,0,0,0,0,0,0,0,0,0,0,0,0,-17000
4952,凌通            ,2000,19000,-17000,0,0,0,0,0,0,0,0,0,0,0,0,0,-17000
3305,昇貿            ,5000,22000,-17000,0,0,0,0,0,0,0,0,0,0,0,0,0,-17000
8210,勤誠            ,332000,294000,38000,0,0,0,0,4000,-4000,-51000,18000,33000,-15000,1000,37000,-36000,-17000
057772,台積電群益99購01,0,0,0,0,0,0,0,0,0,-18000,0,0,0,483000,501000,-18000,-18000
057783,台積電國票9A購01,0,0,0,0,0,0,0,0,0,-18000,0,0,0,0,18000,-18000,-18000
057092,健策元富98購01  ,0,0,0,0,0,0,0,0,0,-18000,0,0,0,69000,87000,-18000,-18000
056883,美食康和98購01  ,0,0,0,0,0,0,0,0,0,-18000,0,0,0,52000,70000,-18000,-18000
056507,創意永豐98購02  ,0,0,0,0,0,0,0,0,0,-18000,0,0,0,27000,45000,-18000,-18000
055831,台達電元大97購01,0,0,0,0,0,0,0,0,0,-18000,0,0,0,0,18000,-18000,-18000
055913,中信金凱基97購01,0,0,0,0,0,0,0,0,0,-18000,0,0,0,16000,34000,-18000,-18000
048333,大立光富邦95購01,0,0,0,0,0,0,0,0,0,-18000,0,0,0,0,18000,-18000,-18000
048425,聯茂元富96購02  ,0,0,0,0,0,0,0,0,0,-18000,0,0,0,0,18000,-18000,-18000
052384,臺股指元大95購30,0,0,0,0,0,0,0,0,0,-18000,0,0,0,0,18000,-18000,-18000
052128,聯發科日盛95購03,0,0,0,0,0,0,0,0,0,-18000,0,0,0,0,18000,-18000,-18000
04691P,智邦群益94售02  ,0,0,0,0,0,0,0,0,0,-18000,0,0,0,18000,36000,-18000,-18000
03893P,為升凱基93售03  ,0,0,0,0,0,0,0,0,0,-18000,0,0,0,0,18000,-18000,-18000
04600P,可成凱基94售07  ,0,0,0,0,0,0,0,0,0,-18000,0,0,0,0,18000,-18000,-18000
047385,華邦電元大94購02,0,0,0,0,0,0,0,0,0,-18000,0,0,0,2000,20000,-18000,-18000
050450,富邦金元大94購03,0,0,0,0,0,0,0,0,0,-18000,0,0,0,12000,30000,-18000,-18000
050486,可成元富94購05  ,0,0,0,0,0,0,0,0,0,-18000,0,0,0,133000,151000,-18000,-18000
049762,華邦電國泰95購01,0,0,0,0,0,0,0,0,0,-18000,0,0,0,20000,38000,-18000,-18000
052515,矽力凱基95購02  ,0,0,0,0,0,0,0,0,0,-18000,0,0,0,22000,40000,-18000,-18000
053854,聯茂國泰97購02  ,0,0,0,0,0,0,0,0,0,-18000,0,0,0,30000,48000,-18000,-18000
053693,欣興元大96購05  ,0,0,0,0,0,0,0,0,0,-18000,0,0,0,21000,39000,-18000,-18000
054284,和大元大96購03  ,0,0,0,0,0,0,0,0,0,-18000,0,0,0,2000,20000,-18000,-18000
054063,聯茂國票97購02  ,0,0,0,0,0,0,0,0,0,-18000,0,0,0,5000,23000,-18000,-18000
053280,群創元大9C購01  ,0,0,0,0,0,0,0,0,0,-18000,0,0,0,169000,187000,-18000,-18000
053506,南茂兆豐97購01  ,0,0,0,0,0,0,0,0,0,-18000,0,0,0,32000,50000,-18000,-18000
052996,聯電康和96購01  ,0,0,0,0,0,0,0,0,0,-18000,0,0,0,50000,68000,-18000,-18000
055069,帆宣永豐97購01  ,0,0,0,0,0,0,0,0,0,-18000,0,0,0,6000,24000,-18000,-18000
055159,玉晶光元大98購05,0,0,0,0,0,0,0,0,0,-18000,0,0,0,2000,20000,-18000,-18000
054403,同欣電永豐96購02,0,0,0,0,0,0,0,0,0,-18000,0,0,0,3000,21000,-18000,-18000
054659,亞光元大97購02  ,0,0,0,0,0,0,0,0,0,-18000,0,0,0,0,18000,-18000,-18000
8163,達方            ,132000,169000,-37000,0,0,0,2000,0,2000,17000,22000,5000,17000,0,0,0,-18000
911868,同方友友-DR     ,0,18000,-18000,0,0,0,0,0,0,0,0,0,0,0,0,0,-18000
06543P,鴻海元大98售08  ,0,0,0,0,0,0,0,0,0,-18000,0,0,0,20000,38000,-18000,-18000
06458P,玉晶光統一9A售02,0,0,0,0,0,0,0,0,0,-18000,0,0,0,0,18000,-18000,-18000
06363P,臺股指麥證97售02,0,0,0,12000,30000,-18000,0,0,0,-18000,0,0,0,12000,30000,-18000,-18000
1441,大東            ,4000,22000,-18000,0,0,0,0,0,0,0,0,0,0,0,0,0,-18000
1531,高林股          ,1000,19000,-18000,0,0,0,0,0,0,0,0,0,0,0,0,0,-18000
056066,奇鋐元大98購02  ,0,0,0,0,0,0,0,0,0,-19000,0,0,0,0,19000,-19000,-19000
056106,晶相光永豐97購02,0,0,0,0,0,0,0,0,0,-19000,0,0,0,1000,20000,-19000,-19000
056512,易華電永豐98購01,0,0,0,0,0,0,0,0,0,-19000,0,0,0,21000,40000,-19000,-19000
056407,嘉晶國票99購01  ,0,0,0,0,0,0,0,0,0,-19000,0,0,0,39000,58000,-19000,-19000
056805,元石油統一9B購01,0,0,0,0,0,0,0,0,0,-19000,0,0,0,51000,70000,-19000,-19000
056527,大成鋼凱基98購03,0,0,0,0,0,0,0,0,0,-19000,0,0,0,1000,20000,-19000,-19000
056547,臻鼎凱基99購01  ,0,0,0,0,0,0,0,0,0,-19000,0,0,0,1000,20000,-19000,-19000
057289,力成元大98購03  ,0,0,0,0,0,0,0,0,0,-19000,0,0,0,9000,28000,-19000,-19000
057268,臻鼎兆豐99購01  ,0,0,0,0,0,0,0,0,0,-19000,0,0,0,0,19000,-19000,-19000
057796,鴻海兆豐99購03  ,0,0,0,0,0,0,0,0,0,-19000,0,0,0,0,19000,-19000,-19000
048521,華通統一93購05  ,0,0,0,0,0,0,0,0,0,-19000,0,0,0,0,19000,-19000,-19000
038489,T50反1台新9A購01,0,19000,-19000,0,0,0,0,0,0,0,0,0,0,0,0,0,-19000
048850,聯電群益96購01  ,0,0,0,0,0,0,0,0,0,-19000,0,0,0,15000,34000,-19000,-19000
051996,康友元大95購01  ,0,0,0,0,0,0,0,0,0,-19000,0,0,0,49000,68000,-19000,-19000
050383,超眾兆豐95購01  ,0,0,0,0,0,0,0,0,0,-19000,0,0,0,0,19000,-19000,-19000
051542,南茂國票96購01  ,0,0,0,0,0,0,0,0,0,-19000,0,0,0,20000,39000,-19000,-19000
050348,鴻海群益94購06  ,0,0,0,0,0,0,0,0,0,-19000,0,0,0,33000,52000,-19000,-19000
04949P,致新元大94售04  ,0,0,0,0,0,0,0,0,0,-19000,0,0,0,81000,100000,-19000,-19000
050288,台積電凱基94購32,0,0,0,0,0,0,0,0,0,-19000,0,0,0,0,19000,-19000,-19000
052404,臻鼎凱基95購05  ,0,0,0,0,0,0,0,0,0,-19000,0,0,0,2000,21000,-19000,-19000
050943,楠梓電群益96購01,0,0,0,0,0,0,0,0,0,-19000,0,0,0,11000,30000,-19000,-19000
050923,南亞科凱基95購03,0,0,0,0,0,0,0,0,0,-19000,0,0,0,8000,27000,-19000,-19000
051688,大立光凱基97購02,0,0,0,0,0,0,0,0,0,-19000,0,0,0,108000,127000,-19000,-19000
051088,台積電元大95購09,0,0,0,0,0,0,0,0,0,-19000,0,0,0,142000,161000,-19000,-19000
054355,上海銀富邦98購01,0,0,0,0,0,0,0,0,0,-19000,0,0,0,2000,21000,-19000,-19000
054357,可成兆豐97購02  ,0,0,0,0,0,0,0,0,0,-19000,0,0,0,52000,71000,-19000,-19000
054782,國巨群益97購01  ,0,0,0,0,0,0,0,0,0,-19000,0,0,0,138000,157000,-19000,-19000
054761,台光電國票98購02,0,0,0,0,0,0,0,0,0,-19000,0,0,0,4000,23000,-19000,-19000
055205,京鼎中信99購01  ,0,0,0,0,0,0,0,0,0,-19000,0,0,0,1000,20000,-19000,-19000
055119,力成凱基98購01  ,0,0,0,0,0,0,0,0,0,-19000,0,0,0,0,19000,-19000,-19000
055366,國巨元大98購05  ,0,0,0,0,0,0,0,0,0,-19000,0,0,0,15000,34000,-19000,-19000
053025,燿華富邦98購02  ,0,0,0,0,0,0,0,0,0,-19000,0,0,0,10000,29000,-19000,-19000
053055,聯詠國票97購01  ,0,0,0,0,0,0,0,0,0,-19000,0,0,0,21000,40000,-19000,-19000
053335,易華電永豐96購01,0,0,0,0,0,0,0,0,0,-19000,0,0,0,1000,20000,-19000,-19000
054026,台積電凱基97購08,0,0,0,0,0,0,0,0,0,-19000,0,0,0,1000,20000,-19000,-19000
054275,華通群益97購03  ,0,0,0,0,0,0,0,0,0,-19000,0,0,0,21000,40000,-19000,-19000
05417P,燿華永豐95售07  ,0,0,0,0,0,0,0,0,0,-19000,0,0,0,37000,56000,-19000,-19000
053782,京元電元大98購02,0,0,0,0,0,0,0,0,0,-19000,0,0,0,0,19000,-19000,-19000
1337,再生-KY         ,6000,25000,-19000,0,0,0,0,0,0,0,0,0,0,0,0,0,-19000
2727,王品            ,26000,45000,-19000,0,0,0,0,0,0,0,0,0,0,0,0,0,-19000
2373,震旦行          ,1000,19000,-18000,0,0,0,0,0,0,-1000,0,1000,-1000,0,0,0,-19000
2020,美亞            ,1000,20000,-19000,0,0,0,0,0,0,0,0,0,0,0,0,0,-19000
06422P,勤誠統一98售01  ,0,0,0,0,0,0,0,0,0,-19000,0,0,0,10000,29000,-19000,-19000
06505P,康控國票99售02  ,0,0,0,0,0,0,0,0,0,-19000,0,0,0,42000,61000,-19000,-19000
06568P,國巨永豐98售05  ,0,0,0,0,0,0,0,0,0,-19000,0,0,0,0,19000,-19000,-19000
06607P,友達台新98售02  ,0,0,0,0,0,0,0,0,0,-19000,0,0,0,133000,152000,-19000,-19000
06061P,訊芯統一97售01  ,0,0,0,0,0,0,0,0,0,-19000,0,0,0,0,19000,-19000,-19000
9930,中聯資源        ,8000,27000,-19000,0,0,0,0,0,0,0,0,0,0,0,0,0,-19000
3266,昇陽            ,1000,19000,-18000,0,0,0,0,0,0,-1000,0,1000,-1000,0,0,0,-19000
3694,海華            ,7000,26000,-19000,0,0,0,0,0,0,0,0,0,0,0,0,0,-19000
6168,宏齊            ,16000,36000,-20000,0,0,0,0,0,0,1000,5000,4000,1000,0,0,0,-19000
057836,南亞科國泰9A購01,0,0,0,0,0,0,0,0,0,-20000,0,0,0,30000,50000,-20000,-20000
057840,健策富邦99購01  ,0,0,0,0,0,0,0,0,0,-20000,0,0,0,0,20000,-20000,-20000
05802P,臺股指兆豐96售02,0,0,0,0,0,0,0,0,0,-20000,0,0,0,0,20000,-20000,-20000
05944P,富邦金中信96售01,0,0,0,0,0,0,0,0,0,-20000,0,0,0,0,20000,-20000,-20000
057776,京元電群益98購02,0,0,0,0,0,0,0,0,0,-20000,0,0,0,0,20000,-20000,-20000
057528,南亞科元大99購01,0,0,0,0,0,0,0,0,0,-20000,0,0,0,50000,70000,-20000,-20000
057505,健策麥證98購01  ,0,0,0,0,20000,-20000,0,0,0,-20000,0,0,0,0,20000,-20000,-20000
057550,聯發科凱基02購01,0,0,0,0,0,0,0,0,0,-20000,0,0,0,10000,30000,-20000,-20000
057576,南亞科第一9C購01,0,0,0,0,0,0,0,0,0,-20000,0,0,0,1000,21000,-20000,-20000
057285,群創元大98購07  ,0,0,0,0,0,0,0,0,0,-20000,0,0,0,0,20000,-20000,-20000
05716P,T50反1元大98售03,0,0,0,0,0,0,0,0,0,-20000,0,0,0,0,20000,-20000,-20000
057163,上銀元大98購04  ,0,0,0,0,0,0,0,0,0,-20000,0,0,0,5000,25000,-20000,-20000
057343,道瓊反統一9A購01,0,0,0,0,0,0,0,0,0,-20000,0,0,0,0,20000,-20000,-20000
057367,技嘉元大98購02  ,0,0,0,0,0,0,0,0,0,-20000,0,0,0,22000,42000,-20000,-20000
057376,新日興元大98購04,0,0,0,0,0,0,0,0,0,-20000,0,0,0,0,20000,-20000,-20000
056831,元油2X元富98購11,0,0,0,0,0,0,0,0,0,-20000,0,0,0,0,20000,-20000,-20000
056986,超眾群益98購03  ,0,0,0,0,0,0,0,0,0,-20000,0,0,0,10000,30000,-20000,-20000
057145,上銀國票98購03  ,0,0,0,0,0,0,0,0,0,-20000,0,0,0,0,20000,-20000,-20000
057036,元油2X元大9B購04,0,0,0,0,0,0,0,0,0,-20000,0,0,0,0,20000,-20000,-20000
057012,康控中信98購01  ,0,0,0,0,0,0,0,0,0,-20000,0,0,0,0,20000,-20000,-20000
056526,力山凱基98購01  ,0,0,0,0,0,0,0,0,0,-20000,0,0,0,0,20000,-20000,-20000
056631,臺股指永豐98購03,0,0,0,0,0,0,0,0,0,-20000,0,0,0,0,20000,-20000,-20000
056599,臻鼎元富98購01  ,0,0,0,0,0,0,0,0,0,-20000,0,0,0,60000,80000,-20000,-20000
056809,旺宏統一98購03  ,0,0,0,0,0,0,0,0,0,-20000,0,0,0,48000,68000,-20000,-20000
05676P,欣興群益96售04  ,0,0,0,0,0,0,0,0,0,-20000,0,0,0,0,20000,-20000,-20000
05663P,創意元富96售04  ,0,0,0,0,0,0,0,0,0,-20000,0,0,0,20000,40000,-20000,-20000
056383,上銀國泰99購01  ,0,0,0,0,0,0,0,0,0,-20000,0,0,0,0,20000,-20000,-20000
056283,鴻海永豐97購03  ,0,0,0,0,0,0,0,0,0,-20000,0,0,0,0,20000,-20000,-20000
056168,鴻海元富97購07  ,0,0,0,0,0,0,0,0,0,-20000,0,0,0,0,20000,-20000,-20000
056170,鴻海元富97購09  ,0,0,0,0,0,0,0,0,0,-20000,0,0,0,10000,30000,-20000,-20000
056144,GIS元大98購01   ,0,0,0,0,0,0,0,0,0,-20000,0,0,0,0,20000,-20000,-20000
05613P,臻鼎台新96售01  ,0,0,0,0,0,0,0,0,0,-20000,0,0,0,49000,69000,-20000,-20000
055889,鴻海統一97購05  ,0,0,0,0,0,0,0,0,0,-20000,0,0,0,30000,50000,-20000,-20000
055939,GIS群益97購01   ,0,0,0,0,0,0,0,0,0,-20000,0,0,0,0,20000,-20000,-20000
055869,臺股指元大97購08,0,0,0,0,0,0,0,0,0,-20000,0,0,0,0,20000,-20000,-20000
055682,智原凱基98購02  ,0,0,0,0,0,0,0,0,0,-20000,0,0,0,0,20000,-20000,-20000
055704,亞德客永豐97購04,0,0,0,0,0,0,0,0,0,-20000,0,0,0,0,20000,-20000,-20000
055713,國巨元大98購09  ,0,0,0,0,0,0,0,0,0,-20000,0,0,0,0,20000,-20000,-20000
048890,傳奇元富97購01  ,0,0,0,0,0,0,0,0,0,-20000,0,0,0,0,20000,-20000,-20000
048897,日電貿國泰95購01,0,0,0,0,0,0,0,0,0,-20000,0,0,0,0,20000,-20000,-20000
048918,上証2X永豐94購01,0,0,0,0,0,0,0,0,0,-20000,0,0,0,0,20000,-20000,-20000
048315,聯發科凱基93購32,0,0,0,0,0,0,0,0,0,-20000,0,0,0,4000,24000,-20000,-20000
049187,義隆台新94購01  ,0,0,0,0,0,0,0,0,0,-20000,0,0,0,0,20000,-20000,-20000
04897P,喬山中信94售01  ,0,0,0,0,0,0,0,0,0,-20000,0,0,0,0,20000,-20000,-20000
048926,燿華永豐95購01  ,0,0,0,0,0,0,0,0,0,-20000,0,0,0,0,20000,-20000,-20000
052389,聯發科群益95購05,0,0,0,0,0,0,0,0,0,-20000,0,0,0,0,20000,-20000,-20000
052379,鈺齊元大95購04  ,0,0,0,0,0,0,0,0,0,-20000,0,0,0,103000,123000,-20000,-20000
052398,瑞昱凱基95購06  ,0,0,0,0,0,0,0,0,0,-20000,0,0,0,0,20000,-20000,-20000
052024,臺股指永豐95購04,0,0,0,0,0,0,0,0,0,-20000,0,0,0,0,20000,-20000,-20000
05221P,玉晶光元大95售04,0,0,0,0,0,0,0,0,0,-20000,0,0,0,0,20000,-20000,-20000
046719,元石油元大95購02,0,0,0,0,0,0,0,0,0,-20000,0,0,0,0,20000,-20000,-20000
046814,鴻海凱基93購20  ,0,0,0,0,0,0,0,0,0,-20000,0,0,0,10000,30000,-20000,-20000
046630,京元電元富95購03,0,0,0,0,0,0,0,0,0,-20000,0,0,0,10000,30000,-20000,-20000
046672,聯茂元大93購01  ,0,0,0,0,0,0,0,0,0,-20000,0,0,0,0,20000,-20000,-20000
046692,鴻海凱基93購15  ,0,0,0,0,0,0,0,0,0,-20000,0,0,0,3000,23000,-20000,-20000
04729P,臺股指中信96售01,0,0,0,0,0,0,0,0,0,-20000,0,0,0,0,20000,-20000,-20000
048719,亞光永豐94購01  ,0,0,0,0,0,0,0,0,0,-20000,0,0,0,7000,27000,-20000,-20000
047928,禾伸堂凱基93購04,0,0,0,0,0,0,0,0,0,-20000,0,0,0,38000,58000,-20000,-20000
047959,南電永豐93購03  ,0,0,0,0,0,0,0,0,0,-20000,0,0,0,0,20000,-20000,-20000
047804,鴻海凱基93購26  ,0,0,0,0,0,0,0,0,0,-20000,0,0,0,10000,30000,-20000,-20000
04778P,可成凱基94售10  ,0,0,0,0,0,0,0,0,0,-20000,0,0,0,0,20000,-20000,-20000
048654,滬深2X元富93購05,0,0,0,0,0,0,0,0,0,-20000,0,0,0,0,20000,-20000,-20000
048035,聯詠凱基93購06  ,0,0,0,0,0,0,0,0,0,-20000,0,0,0,0,20000,-20000,-20000
048045,上銀永豐93購02  ,0,0,0,0,0,0,0,0,0,-20000,0,0,0,0,20000,-20000,-20000
04816P,台積電兆豐94售06,0,0,0,0,0,0,0,0,0,-20000,0,0,0,0,20000,-20000,-20000
03939P,康控元大95售02  ,0,0,0,0,0,0,0,0,0,-20000,0,0,0,20000,40000,-20000,-20000
045377,華邦電元大93購01,0,0,0,0,0,0,0,0,0,-20000,0,0,0,0,20000,-20000,-20000
045479,T50反1中信95購01,0,0,0,0,0,0,0,0,0,-20000,0,0,0,0,20000,-20000,-20000
045651,力成凱基93購01  ,0,0,0,0,0,0,0,0,0,-20000,0,0,0,0,20000,-20000,-20000
046538,大立光群益93購06,0,0,0,0,0,0,0,0,0,-20000,0,0,0,6000,26000,-20000,-20000
04120P,智邦凱基93售09  ,0,0,0,0,0,0,0,0,0,-20000,0,0,0,0,20000,-20000,-20000
048593,華新科群益93購04,0,0,0,0,0,0,0,0,0,-20000,0,0,0,0,20000,-20000,-20000
047476,鴻海凱基94購08  ,0,0,0,0,0,0,0,0,0,-20000,0,0,0,33000,53000,-20000,-20000
047482,新光金凱基99購03,0,0,0,0,0,0,0,0,0,-20000,0,0,0,0,20000,-20000,-20000
044468,台積電群益93購01,0,0,0,0,0,0,0,0,0,-20000,0,0,0,0,20000,-20000,-20000
046290,儒鴻統一93購01  ,0,0,0,0,0,0,0,0,0,-20000,0,0,0,0,20000,-20000,-20000
043460,台積電元大93購01,0,0,0,0,0,0,0,0,0,-20000,0,0,0,0,20000,-20000,-20000
046479,群創元富94購01  ,0,0,0,0,0,0,0,0,0,-20000,0,0,0,10000,30000,-20000,-20000
04372P,臺股指凱基94售02,0,0,0,0,0,0,0,0,0,-20000,0,0,0,0,20000,-20000,-20000
051771,上銀中信95購01  ,0,0,0,0,0,0,0,0,0,-20000,0,0,0,0,20000,-20000,-20000
050747,道瓊銀統一94購03,0,0,0,0,0,0,0,0,0,-20000,0,0,0,0,20000,-20000,-20000
050509,元油2X元大94購09,0,0,0,0,0,0,0,0,0,-20000,0,0,0,0,20000,-20000,-20000
050568,為升中信97購01  ,0,0,0,0,0,0,0,0,0,-20000,0,0,0,0,20000,-20000,-20000
050449,宏達電元大95購03,0,0,0,0,0,0,0,0,0,-20000,0,0,0,0,20000,-20000,-20000
051049,亞德客群益95購01,0,0,0,0,0,0,0,0,0,-20000,0,0,0,14000,34000,-20000,-20000
049902,大立光元富94購05,0,0,0,0,0,0,0,0,0,-20000,0,0,0,0,20000,-20000,-20000
052426,國巨台新96購01  ,0,0,0,0,0,0,0,0,0,-20000,0,0,0,0,20000,-20000,-20000
050236,旺宏凱基94購06  ,0,0,0,0,0,0,0,0,0,-20000,0,0,0,0,20000,-20000,-20000
050239,廣達凱基94購01  ,0,0,0,0,0,0,0,0,0,-20000,0,0,0,0,20000,-20000,-20000
051747,貿聯國泰96購01  ,0,0,0,0,0,0,0,0,0,-20000,0,0,0,22000,42000,-20000,-20000
049808,聯詠元大94購03  ,0,0,0,0,0,0,0,0,0,-20000,0,0,0,30000,50000,-20000,-20000
049701,聯茂元大94購05  ,0,0,0,0,0,0,0,0,0,-20000,0,0,0,0,20000,-20000,-20000
050162,中環國泰95購01  ,0,0,0,0,0,0,0,0,0,-20000,0,0,0,0,20000,-20000,-20000
051615,華通凱基96購01  ,0,0,0,0,0,0,0,0,0,-20000,0,0,0,0,20000,-20000,-20000
049386,嘉聯益元大95購01,0,0,0,0,0,0,0,0,0,-20000,0,0,0,0,20000,-20000,-20000
050078,臺指反統一97購01,0,0,0,0,0,0,0,0,0,-20000,0,0,0,0,20000,-20000,-20000
049330,元上證統一94購03,0,0,0,0,0,0,0,0,0,-20000,0,0,0,0,20000,-20000,-20000
049331,元石油統一94購01,0,0,0,0,0,0,0,0,0,-20000,0,0,0,10000,30000,-20000,-20000
052308,大立光國泰97購02,0,0,0,0,0,0,0,0,0,-20000,0,0,0,65000,85000,-20000,-20000
049547,新光金群益94購01,0,0,0,0,0,0,0,0,0,-20000,0,0,0,15000,35000,-20000,-20000
050331,鈺齊永豐94購02  ,0,0,0,0,0,0,0,0,0,-20000,0,0,0,0,20000,-20000,-20000
049527,國巨中信95購01  ,0,0,0,0,0,0,0,0,0,-20000,0,0,0,0,20000,-20000,-20000
051854,鴻海麥證95購04  ,0,0,0,0,20000,-20000,0,0,0,-20000,0,0,0,0,20000,-20000,-20000
051187,晶相光永豐95購01,0,0,0,0,0,0,0,0,0,-20000,0,0,0,0,20000,-20000,-20000
051202,智邦麥證95購01  ,0,0,0,10000,30000,-20000,0,0,0,-20000,0,0,0,10000,30000,-20000,-20000
051203,微星麥證95購01  ,0,0,0,0,20000,-20000,0,0,0,-20000,0,0,0,0,20000,-20000,-20000
051196,喬山麥證95購01  ,0,0,0,1000,21000,-20000,0,0,0,-20000,0,0,0,1000,21000,-20000,-20000
051937,廣達群益95購01  ,0,0,0,0,0,0,0,0,0,-20000,0,0,0,129000,149000,-20000,-20000
051564,和碩國泰96購01  ,0,0,0,0,0,0,0,0,0,-20000,0,0,0,0,20000,-20000,-20000
051434,中磊元富95購02  ,0,0,0,0,0,0,0,0,0,-20000,0,0,0,10000,30000,-20000,-20000
051436,訊芯元富95購01  ,0,0,0,0,0,0,0,0,0,-20000,0,0,0,0,20000,-20000,-20000
051285,鴻海統一95購07  ,0,0,0,0,0,0,0,0,0,-20000,0,0,0,0,20000,-20000,-20000
052004,泰碩國泰97購03  ,0,0,0,0,0,0,0,0,0,-20000,0,0,0,100000,120000,-20000,-20000
049286,美律兆豐94購01  ,0,0,0,0,0,0,0,0,0,-20000,0,0,0,0,20000,-20000,-20000
049288,聯茂兆豐95購02  ,0,0,0,0,0,0,0,0,0,-20000,0,0,0,0,20000,-20000,-20000
04928P,大立光凱基95售07,0,0,0,0,0,0,0,0,0,-20000,0,0,0,0,20000,-20000,-20000
049294,南亞科群益94購01,0,0,0,0,0,0,0,0,0,-20000,0,0,0,24000,44000,-20000,-20000
049291,華通群益94購04  ,0,0,0,0,0,0,0,0,0,-20000,0,0,0,21000,41000,-20000,-20000
050414,泰鼎永豐94購04  ,0,0,0,0,0,0,0,0,0,-20000,0,0,0,0,20000,-20000,-20000
050441,和碩凱基94購01  ,0,0,0,0,0,0,0,0,0,-20000,0,0,0,23000,43000,-20000,-20000
05251P,喬山台新95售02  ,0,0,0,0,0,0,0,0,0,-20000,0,0,0,40000,60000,-20000,-20000
052526,智伸科元大96購02,0,0,0,0,0,0,0,0,0,-20000,0,0,0,0,20000,-20000,-20000
051262,A50富邦96購01   ,0,0,0,0,0,0,0,0,0,-20000,0,0,0,0,20000,-20000,-20000
051263,深中小富邦96購01,0,0,0,0,0,0,0,0,0,-20000,0,0,0,0,20000,-20000,-20000
053115,滬深2X中信97購01,0,0,0,0,0,0,0,0,0,-20000,0,0,0,0,20000,-20000,-20000
052728,上証2X國泰97購01,0,0,0,0,0,0,0,0,0,-20000,0,0,0,0,20000,-20000,-20000
052742,可成元大96購01  ,0,0,0,0,0,0,0,0,0,-20000,0,0,0,58000,78000,-20000,-20000
052737,滬深2X元大96購06,0,0,0,0,0,0,0,0,0,-20000,0,0,0,0,20000,-20000,-20000
053728,茂林凱基97購01  ,0,0,0,0,0,0,0,0,0,-20000,0,0,0,0,20000,-20000,-20000
05367P,鴻海元富95售13  ,0,0,0,0,0,0,0,0,0,-20000,0,0,0,0,20000,-20000,-20000
053685,台積電元大96購18,0,0,0,0,0,0,0,0,0,-20000,0,0,0,80000,100000,-20000,-20000
053622,臺股指群益96購08,0,0,0,0,0,0,0,0,0,-20000,0,0,0,0,20000,-20000,-20000
053853,康控國泰97購02  ,0,0,0,0,0,0,0,0,0,-20000,0,0,0,0,20000,-20000,-20000
053859,台積電元大97購09,0,0,0,0,0,0,0,0,0,-20000,0,0,0,500000,520000,-20000,-20000
053864,義隆元大96購01  ,0,0,0,0,0,0,0,0,0,-20000,0,0,0,0,20000,-20000,-20000
053886,亞光兆豐96購01  ,0,0,0,0,0,0,0,0,0,-20000,0,0,0,0,20000,-20000,-20000
053918,美律國票97購01  ,0,0,0,0,0,0,0,0,0,-20000,0,0,0,0,20000,-20000,-20000
054210,台光電國票97購03,0,0,0,0,0,0,0,0,0,-20000,0,0,0,0,20000,-20000,-20000
054225,華新元富96購01  ,0,0,0,0,0,0,0,0,0,-20000,0,0,0,0,20000,-20000,-20000
053964,上銀元大96購05  ,0,0,0,0,0,0,0,0,0,-20000,0,0,0,69000,89000,-20000,-20000
053995,奇力新群益97購02,0,0,0,0,0,0,0,0,0,-20000,0,0,0,51000,71000,-20000,-20000
053354,康控兆豐97購02  ,0,0,0,0,0,0,0,0,0,-20000,0,0,0,0,20000,-20000,-20000
053264,南亞科群益96購01,0,0,0,0,0,0,0,0,0,-20000,0,0,0,52000,72000,-20000,-20000
053318,全新群益99購01  ,0,0,0,0,0,0,0,0,0,-20000,0,0,0,0,20000,-20000,-20000
053441,旺宏凱基98購01  ,0,0,0,0,0,0,0,0,0,-20000,0,0,0,20000,40000,-20000,-20000
05358P,大立光元大95售09,0,0,0,0,0,0,0,0,0,-20000,0,0,0,0,20000,-20000,-20000
053044,南茂凱基96購02  ,0,0,0,0,0,0,0,0,0,-20000,0,0,0,15000,35000,-20000,-20000
053030,南亞科第一96購01,0,0,0,0,0,0,0,0,0,-20000,0,0,0,2000,22000,-20000,-20000
053022,欣興國泰98購01  ,0,0,0,0,0,0,0,0,0,-20000,0,0,0,41000,61000,-20000,-20000
053037,國巨凱基96購08  ,0,0,0,0,0,0,0,0,0,-20000,0,0,0,37000,57000,-20000,-20000
052951,GIS國票97購02   ,0,0,0,0,0,0,0,0,0,-20000,0,0,0,10000,30000,-20000,-20000
05320P,華通凱基96售03  ,0,0,0,0,0,0,0,0,0,-20000,0,0,0,0,20000,-20000,-20000
053233,大立光永豐96購01,0,0,0,0,0,0,0,0,0,-20000,0,0,0,0,20000,-20000,-20000
052939,富邦金兆豐96購01,0,0,0,0,0,0,0,0,0,-20000,0,0,0,0,20000,-20000,-20000
055524,鴻海群益98購01  ,0,0,0,0,0,0,0,0,0,-20000,0,0,0,282000,302000,-20000,-20000
055501,創意元大97購01  ,0,0,0,0,0,0,0,0,0,-20000,0,0,0,21000,41000,-20000,-20000
055541,聚陽凱基98購01  ,0,0,0,0,0,0,0,0,0,-20000,0,0,0,0,20000,-20000,-20000
055535,緯創群益98購01  ,0,0,0,0,0,0,0,0,0,-20000,0,0,0,13000,33000,-20000,-20000
055097,福懋科群益97購01,0,0,0,0,0,0,0,0,0,-20000,0,0,0,8000,28000,-20000,-20000
055035,興勤富邦98購01  ,0,0,0,0,0,0,0,0,0,-20000,0,0,0,0,20000,-20000,-20000
054776,矽創國票98購01  ,0,0,0,0,0,0,0,0,0,-20000,0,0,0,241000,261000,-20000,-20000
054741,亞光凱基99購01  ,0,0,0,0,0,0,0,0,0,-20000,0,0,0,0,20000,-20000,-20000
054654,全新麥證99購01  ,0,0,0,10000,30000,-20000,0,0,0,-20000,0,0,0,10000,30000,-20000,-20000
054931,緯穎凱基98購01  ,0,0,0,0,0,0,0,0,0,-20000,0,0,0,0,20000,-20000,-20000
05493P,華新科富邦99售02,0,0,0,0,0,0,0,0,0,-20000,0,0,0,0,20000,-20000,-20000
054359,南亞科日盛96購02,0,0,0,0,0,0,0,0,0,-20000,0,0,0,0,20000,-20000,-20000
054335,緯穎永豐96購02  ,0,0,0,0,0,0,0,0,0,-20000,0,0,0,0,20000,-20000,-20000
054401,康普永豐96購01  ,0,0,0,0,0,0,0,0,0,-20000,0,0,0,0,20000,-20000,-20000
054421,臺股指元大99購03,0,0,0,0,0,0,0,0,0,-20000,0,0,0,0,20000,-20000,-20000
054449,中環第一96購01  ,0,0,0,0,0,0,0,0,0,-20000,0,0,0,0,20000,-20000,-20000
054642,訊芯中信9A購01  ,0,0,0,0,0,0,0,0,0,-20000,0,0,0,0,20000,-20000,-20000
054582,致新元大97購01  ,0,0,0,0,0,0,0,0,0,-20000,0,0,0,9000,29000,-20000,-20000
054592,美律永昌9A購01  ,0,0,0,0,0,0,0,0,0,-20000,0,0,0,0,20000,-20000,-20000
6189,豐藝            ,5000,25000,-20000,0,0,0,0,0,0,0,0,0,0,0,0,0,-20000
3501,維熹            ,0,20000,-20000,0,0,0,0,0,0,0,0,0,0,0,0,0,-20000
4720,德淵            ,10000,20000,-10000,0,0,0,0,0,0,-10000,4000,14000,-10000,0,0,0,-20000
06223P,漢唐元富97售02  ,0,0,0,0,0,0,0,0,0,-20000,0,0,0,20000,40000,-20000,-20000
06689P,鴻海中信9C售02  ,0,0,0,0,0,0,0,0,0,-20000,0,0,0,0,20000,-20000,-20000
2062,橋椿            ,3000,24000,-21000,0,0,0,0,0,0,1000,1000,0,1000,0,0,0,-20000
2534,宏盛            ,141000,162000,-21000,0,0,0,0,0,0,1000,0,0,0,8000,7000,1000,-20000
1219,福壽            ,1000,21000,-20000,0,0,0,0,0,0,0,0,0,0,0,0,0,-20000
06837P,上銀統一9A售02  ,0,0,0,0,0,0,0,0,0,-20000,0,0,0,0,20000,-20000,-20000
1773,勝一            ,24000,42000,-18000,0,0,0,0,0,0,-2000,0,2000,-2000,0,0,0,-20000
2459,敦吉            ,15000,35800,-20800,0,0,0,0,0,0,0,0,0,0,0,0,0,-20800
055931,冠德群益97購02  ,0,0,0,0,0,0,0,0,0,-21000,0,0,0,200000,221000,-21000,-21000
056321,創意群益98購02  ,0,0,0,0,0,0,0,0,0,-21000,0,0,0,0,21000,-21000,-21000
056318,鴻海群益98購02  ,0,0,0,0,0,0,0,0,0,-21000,0,0,0,0,21000,-21000,-21000
056915,上銀兆豐99購01  ,0,0,0,0,0,0,0,0,0,-21000,0,0,0,149000,170000,-21000,-21000
057406,茂林群益98購03  ,0,0,0,0,0,0,0,0,0,-21000,0,0,0,35000,56000,-21000,-21000
057155,元油2X富邦9B購02,0,0,0,0,0,0,0,0,0,-21000,0,0,0,10000,31000,-21000,-21000
057221,華通國票98購03  ,0,0,0,0,0,0,0,0,0,-21000,0,0,0,0,21000,-21000,-21000
057750,神達國票99購01  ,0,100000,-100000,0,0,0,0,0,0,79000,0,0,0,327000,248000,79000,-21000
057704,台虹群益98購03  ,0,0,0,0,0,0,0,0,0,-21000,0,0,0,0,21000,-21000,-21000
05881P,彩晶康和96售01  ,0,0,0,0,0,0,0,0,0,-21000,0,0,0,34000,55000,-21000,-21000
043442,大立光台新01購01,0,0,0,0,0,0,0,0,0,-21000,0,0,0,35000,56000,-21000,-21000
047494,華邦電元富96購01,0,0,0,0,0,0,0,0,0,-21000,0,0,0,50000,71000,-21000,-21000
03094X,大立光元大68展08,0,0,0,0,0,0,0,0,0,-21000,0,0,0,0,21000,-21000,-21000
046568,臻鼎元富95購01  ,0,0,0,0,0,0,0,0,0,-21000,0,0,0,80000,101000,-21000,-21000
03999P,鴻海凱基94售11  ,0,0,0,0,0,0,0,0,0,-21000,0,0,0,0,21000,-21000,-21000
048221,鴻海凱基95購01  ,0,0,0,0,0,0,0,0,0,-21000,0,0,0,50000,71000,-21000,-21000
047145,鴻海群益95購01  ,0,0,0,0,0,0,0,0,0,-21000,0,0,0,87000,108000,-21000,-21000
052208,力成麥證95購01  ,0,0,0,10000,31000,-21000,0,0,0,-21000,0,0,0,10000,31000,-21000,-21000
048966,佳世達元大95購01,0,0,0,0,0,0,0,0,0,-21000,0,0,0,47000,68000,-21000,-21000
048985,茂林元大94購01  ,0,0,0,0,0,0,0,0,0,-21000,0,0,0,1000,22000,-21000,-21000
049007,玉晶光中信96購01,0,0,0,0,0,0,0,0,0,-21000,0,0,0,184000,205000,-21000,-21000
04908P,南電國票95售03  ,0,0,0,0,0,0,0,0,0,-21000,0,0,0,12000,33000,-21000,-21000
049075,光磊凱基94購01  ,0,0,0,0,0,0,0,0,0,-21000,0,0,0,0,21000,-21000,-21000
052560,康舒國票97購01  ,0,0,0,0,0,0,0,0,0,-21000,0,0,0,38000,59000,-21000,-21000
049307,上銀凱基94購03  ,0,0,0,0,0,0,0,0,0,-21000,0,0,0,10000,31000,-21000,-21000
051380,禾伸堂群益95購01,0,0,0,0,0,0,0,0,0,-21000,0,0,0,11000,32000,-21000,-21000
051551,新日興永豐95購01,0,0,0,0,0,0,0,0,0,-21000,0,0,0,0,21000,-21000,-21000
051935,味全群益95購01  ,0,0,0,0,0,0,0,0,0,-21000,0,0,0,0,21000,-21000,-21000
05120P,聯發科國泰97售01,0,0,0,0,0,0,0,0,0,-21000,0,0,0,61000,82000,-21000,-21000
052423,宏達電國票96購02,0,0,0,0,0,0,0,0,0,-21000,0,0,0,0,21000,-21000,-21000
052320,緯創元大95購05  ,0,0,0,0,0,0,0,0,0,-21000,0,0,0,50000,71000,-21000,-21000
050936,國巨國票95購04  ,0,0,0,0,0,0,0,0,0,-21000,0,0,0,53000,74000,-21000,-21000
050459,台表科元大94購03,0,0,0,0,0,0,0,0,0,-21000,0,0,0,9000,30000,-21000,-21000
054890,聯鈞統一99購01  ,0,0,0,0,0,0,0,0,0,-21000,0,0,0,34000,55000,-21000,-21000
054788,華新科群益98購02,0,0,0,0,0,0,0,0,0,-21000,0,0,0,77000,98000,-21000,-21000
055212,和大凱基97購02  ,0,0,0,0,0,0,0,0,0,-21000,0,0,0,12000,33000,-21000,-21000
055292,聯鈞元大97購02  ,0,0,0,0,0,0,0,0,0,-21000,0,0,0,207000,228000,-21000,-21000
055520,矽力中信97購02  ,0,0,0,0,0,0,0,0,0,-21000,0,0,0,201000,222000,-21000,-21000
055316,上銀國票98購01  ,0,0,0,0,0,0,0,0,0,-21000,0,0,0,549000,570000,-21000,-21000
055388,華通統一97購03  ,0,0,0,0,0,0,0,0,0,-21000,0,0,0,0,21000,-21000,-21000
055429,華新科群益99購01,0,0,0,0,0,0,0,0,0,-21000,0,0,0,88000,109000,-21000,-21000
052454,力成元大95購02  ,0,0,0,0,0,0,0,0,0,-21000,0,0,0,0,21000,-21000,-21000
053028,康控富邦98購01  ,0,0,0,0,0,0,0,0,0,-21000,0,0,0,30000,51000,-21000,-21000
053468,鴻海元大98購01  ,0,0,0,0,0,0,0,0,0,-21000,0,0,0,0,21000,-21000,-21000
053823,茂林群益96購06  ,0,0,0,0,0,0,0,0,0,-21000,0,0,0,102000,123000,-21000,-21000
2908,特力            ,3000,24000,-21000,0,0,0,0,0,0,0,0,0,0,0,0,0,-21000
1604,聲寶            ,39000,60000,-21000,0,0,0,0,0,0,0,0,0,0,0,0,0,-21000
1473,台南            ,29000,49000,-20000,0,0,0,0,0,0,-1000,0,1000,-1000,0,0,0,-21000
06813P,友訊元富98售03  ,0,0,0,0,0,0,0,0,0,-21000,0,0,0,0,21000,-21000,-21000
06706P,智原台新98售02  ,0,0,0,0,0,0,0,0,0,-21000,0,0,0,0,21000,-21000,-21000
06666P,台積電日盛9A售02,0,0,0,0,0,0,0,0,0,-21000,0,0,0,152000,173000,-21000,-21000
06227P,大立光群益97售04,0,0,0,0,0,0,0,0,0,-21000,0,0,0,37000,58000,-21000,-21000
3535,晶彩科          ,55000,76000,-21000,0,0,0,0,0,0,0,0,0,0,0,0,0,-21000
3209,全科            ,23000,43000,-20000,0,0,0,0,0,0,-1000,0,1000,-1000,0,0,0,-21000
6115,鎰勝            ,1000,21000,-20000,0,0,0,0,0,0,-1000,0,1000,-1000,0,0,0,-21000
05997P,嘉聯益群益96售02,0,0,0,0,0,0,0,0,0,-22000,0,0,0,60000,82000,-22000,-22000
057749,華新科國票99購01,0,0,0,0,0,0,0,0,0,-22000,0,0,0,17000,39000,-22000,-22000
057682,台積電日盛9A購03,0,0,0,0,0,0,0,0,0,-22000,0,0,0,0,22000,-22000,-22000
057582,亞光中信9A購02  ,0,0,0,0,0,0,0,0,0,-22000,0,0,0,10000,32000,-22000,-22000
057264,新光金兆豐98購01,0,0,0,0,0,0,0,0,0,-22000,0,0,0,88000,110000,-22000,-22000
057375,欣興元大98購09  ,0,0,0,0,0,0,0,0,0,-22000,0,0,0,35000,57000,-22000,-22000
057020,台積電凱基99購02,0,0,0,0,0,0,0,0,0,-22000,0,0,0,0,22000,-22000,-22000
056516,晶豪科兆豐98購01,0,0,0,0,0,0,0,0,0,-22000,0,0,0,38000,60000,-22000,-22000
056598,京元電元富98購01,0,0,0,0,0,0,0,0,0,-22000,0,0,0,68000,90000,-22000,-22000
056568,台表科群益98購01,0,0,0,0,0,0,0,0,0,-22000,0,0,0,11000,33000,-22000,-22000
056092,亞德客元富97購02,0,0,0,0,0,0,0,0,0,-22000,0,0,0,17000,39000,-22000,-22000
047806,旺宏凱基93購05  ,0,0,0,0,0,0,0,0,0,-22000,0,0,0,10000,32000,-22000,-22000
050006,華擎永豐94購03  ,0,0,0,0,0,0,0,0,0,-22000,0,0,0,0,22000,-22000,-22000
051777,聯發科群益95購04,0,0,0,0,0,0,0,0,0,-22000,0,0,0,66000,88000,-22000,-22000
051119,光寶科群益95購01,0,0,0,0,0,0,0,0,0,-22000,0,0,0,0,22000,-22000,-22000
049436,義隆國泰96購02  ,0,0,0,0,0,0,0,0,0,-22000,0,0,0,0,22000,-22000,-22000
051701,華通群益97購01  ,0,0,0,0,0,0,0,0,0,-22000,0,0,0,34000,56000,-22000,-22000
049811,聯鈞元大94購01  ,0,0,0,0,0,0,0,0,0,-22000,0,0,0,24000,46000,-22000,-22000
049385,茂林元大94購03  ,0,0,0,0,0,0,0,0,0,-22000,0,0,0,0,22000,-22000,-22000
051641,矽創國票96購01  ,0,0,0,0,0,0,0,0,0,-22000,0,0,0,42000,64000,-22000,-22000
051601,群創兆豐95購02  ,0,0,0,0,0,0,0,0,0,-22000,0,0,0,0,22000,-22000,-22000
049255,旺宏元大97購02  ,0,0,0,0,0,0,0,0,0,-22000,0,0,0,9000,31000,-22000,-22000
053910,嘉聯益凱基98購01,0,0,0,0,0,0,0,0,0,-22000,0,0,0,0,22000,-22000,-22000
053979,健策元大98購01  ,0,0,0,0,0,0,0,0,0,-22000,0,0,0,27000,49000,-22000,-22000
054238,聯茂群益96購04  ,0,0,0,0,0,0,0,0,0,-22000,0,0,0,3000,25000,-22000,-22000
054215,創意國票97購02  ,0,0,0,0,0,0,0,0,0,-22000,0,0,0,0,22000,-22000,-22000
053532,台積電永豐96購03,0,0,0,0,0,0,0,0,0,-22000,0,0,0,0,22000,-22000,-22000
053270,台塑元大96購01  ,0,0,0,0,0,0,0,0,0,-22000,0,0,0,68000,90000,-22000,-22000
055312,台虹群益99購01  ,0,0,0,0,0,0,0,0,0,-22000,0,0,0,18000,40000,-22000,-22000
054678,麗豐台新98購02  ,0,0,0,0,0,0,0,0,0,-22000,0,0,0,0,22000,-22000,-22000
054374,信邦中信96購01  ,0,0,0,0,0,0,0,0,0,-22000,0,0,0,155000,177000,-22000,-22000
9937,全國            ,0,21000,-21000,0,0,0,0,0,0,-1000,0,1000,-1000,0,0,0,-22000
8499,鼎炫-KY         ,7000,25000,-18000,0,0,0,0,0,0,-4000,0,4000,-4000,0,0,0,-22000
9955,佳龍            ,91000,113000,-22000,0,0,0,0,0,0,0,0,0,0,0,0,0,-22000
8429,金麗-KY         ,10000,31000,-21000,0,0,0,0,0,0,-1000,0,1000,-1000,0,0,0,-22000
06202P,大立光元大98售06,0,0,0,0,0,0,0,0,0,-22000,0,0,0,17000,39000,-22000,-22000
06032P,健策群益97售03  ,0,0,0,0,0,0,0,0,0,-22000,0,0,0,0,22000,-22000,-22000
06116P,臺股指日盛97售01,0,0,0,0,0,0,0,0,0,-22000,0,0,0,3000,25000,-22000,-22000
06532P,友達元富98售04  ,0,0,0,0,0,0,0,0,0,-22000,0,0,0,50000,72000,-22000,-22000
1592,英瑞-KY         ,0,22000,-22000,0,0,0,0,0,0,0,0,0,0,0,0,0,-22000
1614,三洋電          ,2000,23000,-21000,0,0,0,0,0,0,-1000,0,1000,-1000,0,0,0,-22000
2009,第一銅          ,1000,23000,-22000,0,0,0,0,0,0,0,0,0,0,0,0,0,-22000
055771,台積電日盛97購04,0,0,0,0,0,0,0,0,0,-23000,0,0,0,0,23000,-23000,-23000
056621,宏達電永豐98購01,0,0,0,0,0,0,0,0,0,-23000,0,0,0,23000,46000,-23000,-23000
056695,景碩群益99購01  ,0,0,0,0,0,0,0,0,0,-23000,0,0,0,48000,71000,-23000,-23000
057118,欣興日盛9A購01  ,0,0,0,0,0,0,0,0,0,-23000,0,0,0,55000,78000,-23000,-23000
056842,全新元富98購01  ,0,0,0,0,0,0,0,0,0,-23000,0,0,0,10000,33000,-23000,-23000
057204,利勤元富98購01  ,0,0,0,0,0,0,0,0,0,-23000,0,0,0,17000,40000,-23000,-23000
04867P,美律統一94售03  ,0,0,0,0,0,0,0,0,0,-23000,0,0,0,0,23000,-23000,-23000
048217,亞德客凱基93購06,0,0,0,0,0,0,0,0,0,-23000,0,0,0,0,23000,-23000,-23000
049128,滬深2X元大97購03,0,0,0,0,0,0,0,0,0,-23000,0,0,0,0,23000,-23000,-23000
052060,旺宏國票96購02  ,0,0,0,0,0,0,0,0,0,-23000,0,0,0,15000,38000,-23000,-23000
048460,盛群凱基94購01  ,0,0,0,0,0,0,0,0,0,-23000,0,0,0,18000,41000,-23000,-23000
048635,鴻海元大94購04  ,0,0,0,0,0,0,0,0,0,-23000,0,0,0,20000,43000,-23000,-23000
051567,台積電富邦95購06,30000,0,30000,0,0,0,0,0,0,-53000,0,0,0,0,53000,-53000,-23000
051528,亞泥國票96購01  ,0,0,0,0,0,0,0,0,0,-23000,0,0,0,22000,45000,-23000,-23000
050656,瑞儀凱基96購01  ,0,0,0,0,0,0,0,0,0,-23000,0,0,0,0,23000,-23000,-23000
050220,台積電元富96購01,0,0,0,0,0,0,0,0,0,-23000,0,0,0,17000,40000,-23000,-23000
05099P,台積電凱基95售06,0,0,0,0,0,0,0,0,0,-23000,0,0,0,28000,51000,-23000,-23000
054946,億光元大97購01  ,0,0,0,0,0,0,0,0,0,-23000,0,0,0,47000,70000,-23000,-23000
054949,奇力新元大98購01,0,0,0,0,0,0,0,0,0,-23000,0,0,0,40000,63000,-23000,-23000
055346,國巨凱基98購02  ,0,0,0,0,0,0,0,0,0,-23000,0,0,0,299000,322000,-23000,-23000
055434,樺漢群益97購01  ,0,0,0,0,0,0,0,0,0,-23000,0,0,0,1000,24000,-23000,-23000
053188,旺宏統一97購03  ,0,0,0,0,0,0,0,0,0,-23000,0,0,0,85000,108000,-23000,-23000
053767,臻鼎富邦97購02  ,0,0,0,0,0,0,0,0,0,-23000,0,0,0,3000,26000,-23000,-23000
1432,大魯閣          ,0,22000,-22000,0,0,0,0,0,0,-1000,0,1000,-1000,0,0,0,-23000
9925,新保            ,17000,38000,-21000,0,0,0,0,0,0,-2000,0,2000,-2000,0,0,0,-23000
6416,瑞祺電通        ,40000,54000,-14000,0,0,0,0,10000,-10000,1000,2000,1000,1000,0,0,0,-23000
5234,達興材料        ,9000,31000,-22000,0,0,0,0,0,0,-1000,1000,0,1000,0,2000,-2000,-23000
3094,聯傑            ,23000,46000,-23000,0,0,0,0,0,0,0,0,0,0,0,0,0,-23000
3679,新至陞          ,1000,23000,-22000,0,0,0,0,0,0,-1000,0,1000,-1000,0,0,0,-23000
057194,南電元大98購01  ,0,0,0,0,0,0,0,0,0,-24000,0,0,0,323000,347000,-24000,-24000
057321,台泥群益98購01  ,0,0,0,0,0,0,0,0,0,-24000,0,0,0,18000,42000,-24000,-24000
057449,華新科元富99購02,0,0,0,0,0,0,0,0,0,-24000,0,0,0,19000,43000,-24000,-24000
057410,南電群益98購01  ,0,0,0,0,0,0,0,0,0,-24000,0,0,0,378000,402000,-24000,-24000
057623,友訊國泰99購01  ,0,0,0,0,0,0,0,0,0,-24000,0,0,0,0,24000,-24000,-24000
056681,鴻海統一98購09  ,0,0,0,0,0,0,0,0,0,-24000,0,0,0,48000,72000,-24000,-24000
056322,臺股指群益98購01,0,0,0,0,0,0,0,0,0,-24000,0,0,0,0,24000,-24000,-24000
055612,台光電國票97購04,0,0,0,0,0,0,0,0,0,-24000,0,0,0,0,24000,-24000,-24000
047354,訊芯凱基94購01  ,0,0,0,0,0,0,0,0,0,-24000,0,0,0,5000,29000,-24000,-24000
03314P,台積電元大02售16,0,0,0,0,0,0,0,0,0,-24000,0,0,0,366000,390000,-24000,-24000
045768,大立光元富95購02,0,0,0,0,0,0,0,0,0,-24000,0,0,0,0,24000,-24000,-24000
00736,國泰新興市場    ,0,0,0,0,0,0,0,0,0,-24000,0,0,0,165000,189000,-24000,-24000
052089,聯發科元大96購02,0,0,0,0,0,0,0,0,0,-24000,0,0,0,101000,125000,-24000,-24000
052207,台郡中信95購02  ,0,0,0,0,0,0,0,0,0,-24000,0,0,0,163000,187000,-24000,-24000
048697,華新科國票94購06,0,0,0,0,0,0,0,0,0,-24000,0,0,0,26000,50000,-24000,-24000
048704,台表科國票95購01,0,0,0,0,0,0,0,0,0,-24000,0,0,0,10000,34000,-24000,-24000
047202,欣興元富96購01  ,0,0,0,0,0,0,0,0,0,-24000,0,0,0,2000,26000,-24000,-24000
047049,聯發科國票94購01,0,0,0,0,0,0,0,0,0,-24000,0,0,0,9000,33000,-24000,-24000
052309,健策國泰97購01  ,0,0,0,0,0,0,0,0,0,-24000,0,0,0,0,24000,-24000,-24000
04932P,香港2X中信96售01,0,0,0,0,0,0,0,0,0,-24000,0,0,0,76000,100000,-24000,-24000
051533,健鼎國票96購02  ,0,0,0,0,0,0,0,0,0,-24000,0,0,0,0,24000,-24000,-24000
051179,臺股指凱基95購04,0,0,0,0,0,0,0,0,0,-24000,0,0,0,1000,25000,-24000,-24000
049240,華通元富94購01  ,0,0,0,0,0,0,0,0,0,-24000,0,0,0,2000,26000,-24000,-24000
053091,同欣電元大96購01,0,0,0,0,0,0,0,0,0,-24000,0,0,0,6000,30000,-24000,-24000
052441,亞泥元大95購01  ,0,0,0,0,0,0,0,0,0,-24000,0,0,0,382000,406000,-24000,-24000
053836,亞光永豐96購02  ,0,0,0,0,0,0,0,0,0,-24000,0,0,0,33000,57000,-24000,-24000
053178,南亞科統一98購01,0,0,0,0,0,0,0,0,0,-24000,0,0,0,1000,25000,-24000,-24000
05288P,寶成元富95售02  ,0,0,0,0,0,0,0,0,0,-24000,0,0,0,10000,34000,-24000,-24000
055516,上銀中信97購01  ,0,0,0,0,0,0,0,0,0,-24000,0,0,0,70000,94000,-24000,-24000
055173,瑞昱統一97購01  ,0,0,0,0,0,0,0,0,0,-24000,0,0,0,0,24000,-24000,-24000
054668,傳奇元富97購03  ,0,0,0,0,0,0,0,0,0,-24000,0,0,0,10000,34000,-24000,-24000
05433P,智原元富95售02  ,0,0,0,0,0,0,0,0,0,-24000,0,0,0,26000,50000,-24000,-24000
4566,時碩工業        ,6000,30000,-24000,0,0,0,0,0,0,0,0,0,0,0,0,0,-24000
9905,大華            ,3000,27000,-24000,0,0,0,0,0,0,0,0,0,0,0,0,0,-24000
2013,中鋼構          ,3000,26000,-23000,0,0,0,0,0,0,-1000,0,1000,-1000,0,0,0,-24000
1806,冠軍            ,0,24000,-24000,0,0,0,0,0,0,0,0,0,0,0,0,0,-24000
06856P,台灣50永豐99售03,0,0,0,0,0,0,0,0,0,-24000,0,0,0,0,24000,-24000,-24000
06725P,聯電元富98售01  ,0,0,0,0,0,0,0,0,0,-24000,0,0,0,37000,61000,-24000,-24000
06126P,凌陽元富97售02  ,0,0,0,0,0,0,0,0,0,-24000,0,0,0,45000,69000,-24000,-24000
06158P,玉晶光元富97售08,0,0,0,0,0,0,0,0,0,-24000,0,0,0,38000,62000,-24000,-24000
06024P,台郡國票97售05  ,0,0,0,0,0,0,0,0,0,-24000,0,0,0,70000,94000,-24000,-24000
056439,華邦電凱基98購02,0,0,0,0,0,0,0,0,0,-25000,0,0,0,118000,143000,-25000,-25000
057397,茂林中信9A購01  ,0,0,0,0,0,0,0,0,0,-25000,0,0,0,55000,80000,-25000,-25000
057381,微星國泰9A購01  ,0,0,0,0,0,0,0,0,0,-25000,0,0,0,5000,30000,-25000,-25000
057197,立積台新98購01  ,0,0,0,0,0,0,0,0,0,-25000,0,0,0,175000,200000,-25000,-25000
057172,南亞科元大98購03,0,0,0,0,0,0,0,0,0,-25000,0,0,0,24000,49000,-25000,-25000
057233,聯發科凱基98購14,0,0,0,0,0,0,0,0,0,-25000,0,0,0,0,25000,-25000,-25000
056896,南亞科元大98購01,0,0,0,0,0,0,0,0,0,-25000,0,0,0,16000,41000,-25000,-25000
057125,國巨凱基98購12  ,0,0,0,0,0,0,0,0,0,-25000,0,0,0,40000,65000,-25000,-25000
047966,華通國泰94購01  ,0,0,0,0,0,0,0,0,0,-25000,0,0,0,6000,31000,-25000,-25000
052181,南茂元大95購05  ,0,0,0,0,0,0,0,0,0,-25000,0,0,0,0,25000,-25000,-25000
052259,深100富邦95購01 ,0,0,0,0,0,0,0,0,0,-25000,0,0,0,0,25000,-25000,-25000
052056,緯穎凱基95購04  ,0,0,0,0,0,0,0,0,0,-25000,0,0,0,0,25000,-25000,-25000
052359,百和永豐95購01  ,0,0,0,0,0,0,0,0,0,-25000,0,0,0,68000,93000,-25000,-25000
049061,元油2X日盛94購01,0,0,0,0,0,0,0,0,0,-25000,0,0,0,0,25000,-25000,-25000
00770,國泰北美科技    ,141000,0,141000,0,0,0,0,0,0,-166000,0,0,0,201000,367000,-166000,-25000
0055,元大MSCI金融    ,0,0,0,0,0,0,0,0,0,-25000,0,0,0,0,25000,-25000,-25000
03641C,臺股指凱基95牛18,0,0,0,0,0,0,0,0,0,-25000,0,0,0,0,25000,-25000,-25000
03953P,易華電凱基94售01,0,0,0,0,0,0,0,0,0,-25000,0,0,0,0,25000,-25000,-25000
043970,為升富邦94購01  ,0,0,0,0,0,0,0,0,0,-25000,0,0,0,0,25000,-25000,-25000
052443,台積電元大95購23,0,0,0,0,0,0,0,0,0,-25000,0,0,0,500000,525000,-25000,-25000
052445,南亞科元大95購05,0,0,0,0,0,0,0,0,0,-25000,0,0,0,23000,48000,-25000,-25000
05285P,同欣電群益95售02,0,0,0,0,0,0,0,0,0,-25000,0,0,0,30000,55000,-25000,-25000
052868,緯創凱基96購03  ,0,0,0,0,0,0,0,0,0,-25000,0,0,0,75000,100000,-25000,-25000
050416,高股息凱基96購02,0,0,0,0,0,0,0,0,0,-25000,0,0,0,1000,26000,-25000,-25000
051453,智伸科元大95購02,0,0,0,0,0,0,0,0,0,-25000,0,0,0,0,25000,-25000,-25000
051440,鴻海元大95購12  ,0,0,0,0,0,0,0,0,0,-25000,0,0,0,0,25000,-25000,-25000
050044,聯詠兆豐94購02  ,0,0,0,0,0,0,0,0,0,-25000,0,0,0,10000,35000,-25000,-25000
051691,台表科凱基95購01,0,0,0,0,0,0,0,0,0,-25000,0,0,0,0,25000,-25000,-25000
05100P,智邦凱基95售02  ,0,0,0,0,0,0,0,0,0,-25000,0,0,0,0,25000,-25000,-25000
050264,聯發科元大94購13,0,0,0,0,0,0,0,0,0,-25000,0,0,0,150000,175000,-25000,-25000
049941,臺股指元大94購24,0,0,0,0,0,0,0,0,0,-25000,0,0,0,0,25000,-25000,-25000
05063P,聯電元大96售03  ,0,0,0,0,0,0,0,0,0,-25000,0,0,0,0,25000,-25000,-25000
054454,滬深2X群益96購04,0,0,0,0,0,0,0,0,0,-25000,0,0,0,0,25000,-25000,-25000
054606,台積電永豐97購02,0,0,0,0,0,0,0,0,0,-25000,0,0,0,1218000,1243000,-25000,-25000
054712,上証2X中信98購02,0,0,0,0,0,0,0,0,0,-25000,0,0,0,0,25000,-25000,-25000
054958,亞光元大97購03  ,0,0,0,0,0,0,0,0,0,-25000,0,0,0,5000,30000,-25000,-25000
05482P,鴻海凱基95售22  ,0,0,0,0,0,0,0,0,0,-25000,0,0,0,0,25000,-25000,-25000
05503P,智邦日盛96售01  ,0,0,0,0,0,0,0,0,0,-25000,0,0,0,0,25000,-25000,-25000
05514P,康舒永豐96售01  ,0,0,0,0,0,0,0,0,0,-25000,0,0,0,10000,35000,-25000,-25000
053427,鎧勝永豐96購02  ,0,0,0,0,0,0,0,0,0,-25000,0,0,0,0,25000,-25000,-25000
053661,嘉澤凱基97購01  ,0,0,0,0,0,0,0,0,0,-25000,0,0,0,0,25000,-25000,-25000
054011,旺宏永豐96購05  ,0,0,0,0,0,0,0,0,0,-25000,0,0,0,238000,263000,-25000,-25000
06260P,臺股指群益97售13,0,0,0,0,0,0,0,0,0,-25000,0,0,0,25000,50000,-25000,-25000
06664P,聯發科兆豐98售02,0,0,0,0,0,0,0,0,0,-25000,0,0,0,0,25000,-25000,-25000
06500P,臺股指元大9A售05,0,0,0,0,0,0,0,0,0,-25000,0,0,0,0,25000,-25000,-25000
06761P,台積電元大99售05,0,0,0,0,0,0,0,0,0,-25000,0,0,0,500000,525000,-25000,-25000
1612,宏泰            ,0,24000,-24000,0,0,0,0,0,0,-1000,0,1000,-1000,0,0,0,-25000
2832,台產            ,19000,44000,-25000,0,0,0,0,0,0,0,0,0,0,0,0,0,-25000
2527,宏璟            ,2000,26000,-24000,0,0,0,0,0,0,-1000,0,1000,-1000,0,0,0,-25000
2546,根基            ,6000,31000,-25000,0,0,0,0,0,0,0,0,0,0,0,0,0,-25000
2029,盛餘            ,2000,27000,-25000,0,0,0,0,0,0,0,0,0,0,0,0,0,-25000
3312,弘憶股          ,39000,64000,-25000,0,0,0,0,0,0,0,0,0,0,0,0,0,-25000
3033,威健            ,26000,51000,-25000,0,0,0,0,0,0,0,0,0,0,0,0,0,-25000
057111,立積群益98購02  ,0,0,0,0,0,0,0,0,0,-26000,0,0,0,12000,38000,-26000,-26000
057609,友訊元富98購01  ,0,0,0,0,0,0,0,0,0,-26000,0,0,0,4000,30000,-26000,-26000
056487,康友元大98購01  ,0,0,0,0,0,0,0,0,0,-26000,0,0,0,124000,150000,-26000,-26000
056694,欣興群益98購04  ,0,0,0,0,0,0,0,0,0,-26000,0,0,0,26000,52000,-26000,-26000
056760,元油2X元大98購06,0,0,0,0,0,0,0,0,0,-26000,0,0,0,0,26000,-26000,-26000
056820,欣興永豐98購02  ,0,0,0,0,0,0,0,0,0,-26000,0,0,0,12000,38000,-26000,-26000
055605,緯穎元大97購02  ,0,0,0,0,0,0,0,0,0,-26000,0,0,0,31000,57000,-26000,-26000
055700,緯穎國泰98購02  ,0,0,0,0,0,0,0,0,0,-26000,0,0,0,32000,58000,-26000,-26000
055952,上銀元大97購08  ,0,0,0,0,0,0,0,0,0,-26000,0,0,0,58000,84000,-26000,-26000
056020,義隆群益97購01  ,0,0,0,0,0,0,0,0,0,-26000,0,0,0,0,26000,-26000,-26000
056058,建準元大97購02  ,0,0,0,0,0,0,0,0,0,-26000,0,0,0,28000,54000,-26000,-26000
042929,台積電中信95購02,0,0,0,0,0,0,0,0,0,-26000,0,0,0,0,26000,-26000,-26000
047468,為升中信95購01  ,0,0,0,0,0,0,0,0,0,-26000,0,0,0,0,26000,-26000,-26000
042387,台積電永昌93購02,0,0,0,0,0,0,0,0,0,-26000,0,0,0,2000,28000,-26000,-26000
052253,康控永豐95購04  ,0,0,0,0,0,0,0,0,0,-26000,0,0,0,42000,68000,-26000,-26000
05224P,華通統一95售03  ,0,0,0,0,0,0,0,0,0,-26000,0,0,0,16000,42000,-26000,-26000
04786P,鴻海永昌96售01  ,0,0,0,0,0,0,0,0,0,-26000,0,0,0,100000,126000,-26000,-26000
048744,儒鴻元富97購01  ,0,0,0,0,0,0,0,0,0,-26000,0,0,0,0,26000,-26000,-26000
048273,南電富邦97購01  ,0,0,0,0,0,0,0,0,0,-26000,0,0,0,86000,112000,-26000,-26000
047033,日月光中信95購01,0,0,0,0,0,0,0,0,0,-26000,0,0,0,23000,49000,-26000,-26000
04970P,中環元富94售02  ,0,0,0,0,0,0,0,0,0,-26000,0,0,0,14000,40000,-26000,-26000
052406,力成凱基95購03  ,0,0,0,0,0,0,0,0,0,-26000,0,0,0,0,26000,-26000,-26000
052801,友達元大9A購01  ,0,0,0,0,0,0,0,0,0,-26000,0,0,0,125000,151000,-26000,-26000
053966,旺宏元大96購08  ,150000,0,150000,0,0,0,0,0,0,-176000,0,0,0,88000,264000,-176000,-26000
053780,南亞科元大96購03,0,0,0,0,0,0,0,0,0,-26000,0,0,0,35000,61000,-26000,-26000
05376P,聯發科日盛95售04,0,0,0,0,0,0,0,0,0,-26000,0,0,0,0,26000,-26000,-26000
053765,智邦富邦96購01  ,0,0,0,0,0,0,0,0,0,-26000,0,0,0,4000,30000,-26000,-26000
053384,聯發科元大96購13,0,0,0,0,0,0,0,0,0,-26000,0,0,0,376000,402000,-26000,-26000
053552,華新科凱基96購08,0,0,0,0,0,0,0,0,0,-26000,0,0,0,64000,90000,-26000,-26000
053492,華邦電兆豐97購01,0,0,0,0,0,0,0,0,0,-26000,0,0,0,5000,31000,-26000,-26000
055053,瑞昱永豐97購01  ,0,0,0,0,0,0,0,0,0,-26000,0,0,0,0,26000,-26000,-26000
055217,緯創凱基97購02  ,0,0,0,0,0,0,0,0,0,-26000,0,0,0,42000,68000,-26000,-26000
055428,友達群益9C購01  ,0,0,0,0,0,0,0,0,0,-26000,0,0,0,0,26000,-26000,-26000
3622,洋華            ,10000,35000,-25000,0,0,0,0,0,0,-1000,0,1000,-1000,0,0,0,-26000
5007,三星            ,1000,27000,-26000,0,0,0,0,0,0,0,0,0,0,0,0,0,-26000
2514,龍邦            ,3000,28000,-25000,0,0,0,0,0,0,-1000,0,1000,-1000,0,0,0,-26000
1730,花仙子          ,64000,143000,-79000,0,0,0,0,0,0,53000,53000,0,53000,0,0,0,-26000
1503,士電            ,2000,27000,-25000,0,0,0,0,0,0,-1000,0,1000,-1000,0,0,0,-26000
06386P,欣興永豐97售03  ,0,0,0,0,0,0,0,0,0,-26000,0,0,0,9000,35000,-26000,-26000
2474,可成            ,1286779,1431718,-144939,0,0,0,363000,0,363000,-245000,54000,145000,-91000,127000,281000,-154000,-26939
055603,超眾元大97購04  ,0,0,0,0,0,0,0,0,0,-27000,0,0,0,7000,34000,-27000,-27000
056684,旺宏統一98購02  ,0,0,0,0,0,0,0,0,0,-27000,0,0,0,48000,75000,-27000,-27000
056606,華新科富邦9A購02,0,0,0,0,0,0,0,0,0,-27000,0,0,0,13000,40000,-27000,-27000
056462,訊芯凱基98購03  ,0,0,0,0,0,0,0,0,0,-27000,0,0,0,9000,36000,-27000,-27000
057731,華擎國泰9A購02  ,0,0,0,0,0,0,0,0,0,-27000,0,0,0,38000,65000,-27000,-27000
06010P,國泰金元富96售01,0,0,0,0,0,0,0,0,0,-27000,0,0,0,25000,52000,-27000,-27000
05981P,可成永昌98售02  ,0,0,0,0,0,0,0,0,0,-27000,0,0,0,108000,135000,-27000,-27000
05886P,華通元富96售01  ,0,0,0,0,0,0,0,0,0,-27000,0,0,0,7000,34000,-27000,-27000
056908,牧德元大99購03  ,0,0,0,0,0,0,0,0,0,-27000,0,0,0,14000,41000,-27000,-27000
056979,微星群益98購01  ,0,0,0,0,0,0,0,0,0,-27000,0,0,0,0,27000,-27000,-27000
057431,京鼎兆豐98購02  ,0,0,0,0,0,0,0,0,0,-27000,0,0,0,0,27000,-27000,-27000
047992,東陽元大96購01  ,0,0,0,0,0,0,0,0,0,-27000,0,0,0,10000,37000,-27000,-27000
048941,牧德永豐94購02  ,0,0,0,0,0,0,0,0,0,-27000,0,0,0,3000,30000,-27000,-27000
049079,聯發科凱基94購04,0,0,0,0,0,0,0,0,0,-27000,0,0,0,0,27000,-27000,-27000
042556,台灣50中信96購04,0,0,0,0,0,0,0,0,0,-27000,0,0,0,0,27000,-27000,-27000
00668,國泰美國道瓊    ,0,3000,-3000,0,0,0,0,0,0,-24000,0,0,0,58000,82000,-24000,-27000
047410,上銀元富96購01  ,0,0,0,0,0,0,0,0,0,-27000,0,0,0,0,27000,-27000,-27000
044201,群創國票95購01  ,0,0,0,0,0,0,0,0,0,-27000,0,0,0,682000,709000,-27000,-27000
05275P,國巨凱基95售05  ,0,0,0,0,0,0,0,0,0,-27000,0,0,0,0,27000,-27000,-27000
049773,臺股指元富94購02,0,0,0,0,0,0,0,0,0,-27000,0,0,0,0,27000,-27000,-27000
052314,鴻海元大96購11  ,0,0,0,0,0,0,0,0,0,-27000,0,0,0,135000,162000,-27000,-27000
050240,聯發科凱基94購13,0,0,0,0,0,0,0,0,0,-27000,0,0,0,0,27000,-27000,-27000
051069,智邦國票96購01  ,0,0,0,0,0,0,0,0,0,-27000,0,0,0,3000,30000,-27000,-27000
055403,泰鼎元富97購01  ,0,0,0,0,0,0,0,0,0,-27000,0,0,0,80000,107000,-27000,-27000
055353,華新科凱基98購03,0,0,0,0,0,0,0,0,0,-27000,0,0,0,35000,62000,-27000,-27000
054868,國泰金群益9A購01,0,0,0,0,0,0,0,0,0,-27000,0,0,0,1000,28000,-27000,-27000
054769,創意國票98購01  ,0,0,0,0,0,0,0,0,0,-27000,0,0,0,0,27000,-27000,-27000
053889,致茂群益97購01  ,0,0,0,0,0,0,0,0,0,-27000,0,0,0,21000,48000,-27000,-27000
053880,智邦中信96購01  ,0,0,0,0,0,0,0,0,0,-27000,0,0,0,13000,40000,-27000,-27000
1808,潤隆            ,58000,85000,-27000,0,0,0,0,0,0,0,0,0,0,0,0,0,-27000
06824P,台灣50國票99售02,0,0,0,0,0,0,0,0,0,-27000,0,0,0,41000,68000,-27000,-27000
06622P,牧德元大98售01  ,0,0,0,0,0,0,0,0,0,-27000,0,0,0,85000,112000,-27000,-27000
06020P,燿華元富96售04  ,0,0,0,0,0,0,0,0,0,-27000,0,0,0,30000,57000,-27000,-27000
6177,達麗            ,33000,60000,-27000,0,0,0,0,0,0,0,0,0,0,0,0,0,-27000
3583,辛耘            ,44000,68000,-24000,0,0,0,0,0,0,-3000,0,3000,-3000,0,0,0,-27000
057372,華新科元大99購10,0,0,0,0,0,0,0,0,0,-28000,0,0,0,233000,261000,-28000,-28000
057342,玉晶光台新98購01,0,0,0,0,0,0,0,0,0,-28000,0,0,0,10000,38000,-28000,-28000
057272,台積電元大98購14,0,0,0,0,0,0,0,0,0,-28000,0,0,0,63000,91000,-28000,-28000
056518,美律國票99購01  ,0,0,0,0,0,0,0,0,0,-28000,0,0,0,0,28000,-28000,-28000
05661P,聯發科統一96售06,0,0,0,0,0,0,0,0,0,-28000,0,0,0,0,28000,-28000,-28000
046528,聯詠中信94購01  ,0,0,0,0,0,0,0,0,0,-28000,0,0,0,10000,38000,-28000,-28000
047493,旺宏元富96購01  ,0,0,0,0,0,0,0,0,0,-28000,0,0,0,113000,141000,-28000,-28000
045736,台積電群益94購01,0,0,0,0,0,0,0,0,0,-28000,0,0,0,0,28000,-28000,-28000
052149,電子類群益95購01,0,0,0,0,0,0,0,0,0,-28000,0,0,0,0,28000,-28000,-28000
048070,聯發科元富99購03,0,0,0,0,0,0,0,0,0,-28000,0,0,0,0,28000,-28000,-28000
048142,聯電統一93購01  ,0,0,0,0,0,0,0,0,0,-28000,0,0,0,0,28000,-28000,-28000
049352,泰鼎永豐95購01  ,0,0,0,0,0,0,0,0,0,-28000,0,0,0,0,28000,-28000,-28000
050867,聯鈞永豐95購01  ,0,0,0,0,0,0,0,0,0,-28000,0,0,0,172000,200000,-28000,-28000
052843,鴻海統一96購09  ,0,0,0,0,0,0,0,0,0,-28000,0,0,0,30000,58000,-28000,-28000
049566,鴻海統一94購04  ,0,0,0,0,0,0,0,0,0,-28000,0,0,0,0,28000,-28000,-28000
051989,華固元大95購02  ,0,190000,-190000,0,0,0,0,0,0,162000,0,0,0,230000,68000,162000,-28000
051351,台積電元大95購15,0,0,0,0,0,0,0,0,0,-28000,0,0,0,80000,108000,-28000,-28000
051340,健策永豐95購03  ,0,0,0,0,0,0,0,0,0,-28000,0,0,0,20000,48000,-28000,-28000
051284,上銀統一95購02  ,0,0,0,0,0,0,0,0,0,-28000,0,0,0,0,28000,-28000,-28000
053669,台積電統一96購08,0,0,0,0,0,0,0,0,0,-28000,0,0,0,51000,79000,-28000,-28000
054055,全新國票99購02  ,0,0,0,0,0,0,0,0,0,-28000,0,0,0,26000,54000,-28000,-28000
054820,新日興元大97購01,0,0,0,0,0,0,0,0,0,-28000,0,0,0,9000,37000,-28000,-28000
055188,亞翔統一97購01  ,0,0,0,0,0,0,0,0,0,-28000,0,0,0,0,28000,-28000,-28000
4141,龍燈-KY         ,1000,29000,-28000,0,0,0,0,0,0,0,0,0,0,0,0,0,-28000
8104,錸寶            ,8000,36000,-28000,0,0,0,0,0,0,0,1000,1000,0,0,0,0,-28000
06855P,聯發科富邦9A售01,0,0,0,0,0,0,0,0,0,-28000,0,0,0,8000,36000,-28000,-28000
1760,寶齡富錦        ,111000,146000,-35000,0,0,0,0,0,0,7000,0,0,0,7000,0,7000,-28000
055730,建準元富97購02  ,0,0,0,0,0,0,0,0,0,-29000,0,0,0,10000,39000,-29000,-29000
05976P,國巨凱基96售14  ,0,0,0,0,0,0,0,0,0,-29000,0,0,0,0,29000,-29000,-29000
057651,矽力元大98購03  ,0,0,0,0,0,0,0,0,0,-29000,0,0,0,0,29000,-29000,-29000
048652,巨大元大96購01  ,0,0,0,0,0,0,0,0,0,-29000,0,0,0,0,29000,-29000,-29000
047135,可成凱基93購05  ,0,0,0,0,0,0,0,0,0,-29000,0,0,0,11000,40000,-29000,-29000
047680,上証反中信96購01,0,0,0,0,0,0,0,0,0,-29000,0,0,0,0,29000,-29000,-29000
048944,茂林永豐94購01  ,0,0,0,0,0,0,0,0,0,-29000,0,0,0,0,29000,-29000,-29000
049040,亞光兆豐95購01  ,0,0,0,0,0,0,0,0,0,-29000,0,0,0,2000,31000,-29000,-29000
048900,精成科國泰95購01,0,0,0,0,0,0,0,0,0,-29000,0,0,0,0,29000,-29000,-29000
00663L,國泰臺灣加權正2 ,40000,11000,29000,0,0,0,0,0,0,-58000,0,0,0,11000,69000,-58000,-29000
051343,鴻海元大95購07  ,0,0,0,0,0,0,0,0,0,-29000,0,0,0,0,29000,-29000,-29000
051401,華新科永豐95購01,0,0,0,0,0,0,0,0,0,-29000,0,0,0,42000,71000,-29000,-29000
051483,玉晶光凱基96購02,0,0,0,0,0,0,0,0,0,-29000,0,0,0,230000,259000,-29000,-29000
052299,T50反1台新05購03,0,0,0,0,0,0,0,0,0,-29000,0,0,0,12000,41000,-29000,-29000
051756,台積電元大97購04,0,0,0,0,0,0,0,0,0,-29000,0,0,0,109000,138000,-29000,-29000
054755,世紀鋼凱基98購01,0,0,0,0,0,0,0,0,0,-29000,0,0,0,76000,105000,-29000,-29000
054224,亞光統一98購01  ,0,0,0,0,0,0,0,0,0,-29000,0,0,0,0,29000,-29000,-29000
1558,伸興            ,4000,33000,-29000,0,0,0,0,0,0,0,0,0,0,0,0,0,-29000
1234,黑松            ,3000,31000,-28000,0,0,0,0,0,0,-1000,0,1000,-1000,0,0,0,-29000
2706,第一店          ,1000,30000,-29000,0,0,0,0,0,0,0,0,0,0,0,0,0,-29000
06108P,奇力新群益97售05,0,0,0,0,0,0,0,0,0,-29000,0,0,0,56000,85000,-29000,-29000
06427P,鴻海元大97售13  ,0,0,0,0,0,0,0,0,0,-29000,0,0,0,36000,65000,-29000,-29000
6698,旭暉應材        ,7000,8000,-1000,0,0,0,0,0,0,-28000,0,28000,-28000,0,0,0,-29000
057724,亞德客國泰99購01,0,0,0,0,0,0,0,0,0,-30000,0,0,0,0,30000,-30000,-30000
057726,華通國泰9A購01  ,0,0,0,0,0,0,0,0,0,-30000,0,0,0,31000,61000,-30000,-30000
057500,神達群益98購01  ,0,0,0,0,0,0,0,0,0,-30000,0,0,0,2000,32000,-30000,-30000
05974P,國巨富邦97售03  ,0,0,0,0,0,0,0,0,0,-30000,0,0,0,0,30000,-30000,-30000
057195,南茂元大98購01  ,0,0,0,0,0,0,0,0,0,-30000,0,0,0,49000,79000,-30000,-30000
057363,華通元大99購02  ,0,0,0,0,0,0,0,0,0,-30000,0,0,0,11000,41000,-30000,-30000
056900,可成元大98購02  ,0,0,0,0,0,0,0,0,0,-30000,0,0,0,33000,63000,-30000,-30000
057116,鴻海日盛9A購01  ,0,0,0,0,0,0,0,0,0,-30000,0,0,0,0,30000,-30000,-30000
057147,新日興國票99購01,0,0,0,0,0,0,0,0,0,-30000,0,0,0,0,30000,-30000,-30000
057018,亞德客凱基98購01,0,0,0,0,0,0,0,0,0,-30000,0,0,0,0,30000,-30000,-30000
055578,群創統一98購03  ,0,0,0,0,0,0,0,0,0,-30000,0,0,0,0,30000,-30000,-30000
055623,貿聯國泰99購01  ,0,0,0,0,0,0,0,0,0,-30000,0,0,0,15000,45000,-30000,-30000
055937,康舒群益97購01  ,0,0,0,0,0,0,0,0,0,-30000,0,0,0,0,30000,-30000,-30000
055895,群創統一97購04  ,0,0,0,0,0,0,0,0,0,-30000,0,0,0,0,30000,-30000,-30000
056097,訊芯元富97購02  ,0,0,0,0,0,0,0,0,0,-30000,0,0,0,0,30000,-30000,-30000
056128,和大中信99購01  ,0,0,0,0,0,0,0,0,0,-30000,0,0,0,20000,50000,-30000,-30000
056650,彩晶凱基9A購01  ,0,0,0,0,0,0,0,0,0,-30000,0,0,0,0,30000,-30000,-30000
056511,超眾永豐98購01  ,0,0,0,0,0,0,0,0,0,-30000,0,0,0,0,30000,-30000,-30000
05644P,大立光中信9A售03,0,0,0,0,0,0,0,0,0,-30000,0,0,0,0,30000,-30000,-30000
056455,群創凱基9A購01  ,0,0,0,0,0,0,0,0,0,-30000,0,0,0,0,30000,-30000,-30000
056436,台積電凱基98購10,0,0,0,0,0,0,0,0,0,-30000,0,0,0,209000,239000,-30000,-30000
056295,國巨元大97購16  ,0,0,0,0,0,0,0,0,0,-30000,0,0,0,0,30000,-30000,-30000
056330,玉晶光國票99購03,0,0,0,0,0,0,0,0,0,-30000,0,0,0,0,30000,-30000,-30000
056260,鴻海統一98購07  ,0,0,0,0,0,0,0,0,0,-30000,0,0,0,30000,60000,-30000,-30000
045760,鴻海統一93購02  ,0,0,0,0,0,0,0,0,0,-30000,0,0,0,0,30000,-30000,-30000
046618,南亞科凱基93購01,0,0,0,0,0,0,0,0,0,-30000,0,0,0,10000,40000,-30000,-30000
044850,南亞科統一94購01,0,0,0,0,0,0,0,0,0,-30000,0,0,0,48000,78000,-30000,-30000
04003P,麗豐凱基94售03  ,0,0,0,0,0,0,0,0,0,-30000,0,0,0,6000,36000,-30000,-30000
045435,鴻海統一94購01  ,0,0,0,0,0,0,0,0,0,-30000,0,0,0,10000,40000,-30000,-30000
03564P,為升群益02售02  ,0,0,0,0,0,0,0,0,0,-30000,0,0,0,70000,100000,-30000,-30000
047444,晶技元大93購03  ,0,0,0,0,0,0,0,0,0,-30000,0,0,0,0,30000,-30000,-30000
04461P,燿華元富94售01  ,0,0,0,0,0,0,0,0,0,-30000,0,0,0,0,30000,-30000,-30000
04348P,燿華國票94售01  ,0,0,0,0,0,0,0,0,0,-30000,0,0,0,0,30000,-30000,-30000
044011,鴻海凱基93購03  ,0,0,0,0,0,0,0,0,0,-30000,0,0,0,39000,69000,-30000,-30000
043144,台肥統一93購01  ,0,0,0,0,0,0,0,0,0,-30000,0,0,0,0,30000,-30000,-30000
046187,友達凱基93購03  ,0,0,0,0,0,0,0,0,0,-30000,0,0,0,0,30000,-30000,-30000
045106,玉晶光群益95購01,0,0,0,0,0,0,0,0,0,-30000,0,0,0,16000,46000,-30000,-30000
048824,聯發科凱基94購03,0,0,0,0,0,0,0,0,0,-30000,0,0,0,10000,40000,-30000,-30000
052145,京元電群益95購02,0,0,0,0,0,0,0,0,0,-30000,0,0,0,0,30000,-30000,-30000
052108,鴻海元富95購11  ,0,0,0,0,0,0,0,0,0,-30000,0,0,0,0,30000,-30000,-30000
052163,康舒永豐95購02  ,0,0,0,0,0,0,0,0,0,-30000,0,0,0,0,30000,-30000,-30000
047626,全新國票94購01  ,0,0,0,0,0,0,0,0,0,-30000,0,0,0,18000,48000,-30000,-30000
047134,聯發科凱基93購10,0,0,0,0,0,0,0,0,0,-30000,0,0,0,10000,40000,-30000,-30000
047161,世紀鋼國票94購01,0,0,0,0,0,0,0,0,0,-30000,0,0,0,0,30000,-30000,-30000
047032,台虹元大93購01  ,0,0,0,0,0,0,0,0,0,-30000,0,0,0,0,30000,-30000,-30000
048069,南亞科元富95購02,0,0,0,0,0,0,0,0,0,-30000,0,0,0,0,30000,-30000,-30000
048028,聯發科凱基93購25,0,0,0,0,0,0,0,0,0,-30000,0,0,0,0,30000,-30000,-30000
048018,南亞科麥證93購01,0,0,0,0,30000,-30000,0,0,0,-30000,0,0,0,0,30000,-30000,-30000
048705,GIS國票95購01   ,0,0,0,0,0,0,0,0,0,-30000,0,0,0,0,30000,-30000,-30000
047921,南亞科凱基93購05,0,0,0,0,0,0,0,0,0,-30000,0,0,0,22000,52000,-30000,-30000
047915,鴻海凱基93購27  ,0,0,0,0,0,0,0,0,0,-30000,0,0,0,0,30000,-30000,-30000
047906,中石化元大94購01,0,0,0,0,0,0,0,0,0,-30000,0,0,0,0,30000,-30000,-30000
047761,亞德客元大93購02,0,0,0,0,0,0,0,0,0,-30000,0,0,0,0,30000,-30000,-30000
051766,泰鼎元大95購02  ,0,0,0,0,0,0,0,0,0,-30000,0,0,0,1000,31000,-30000,-30000
051105,台光電國票96購01,0,0,0,0,0,0,0,0,0,-30000,0,0,0,0,30000,-30000,-30000
050723,楠梓電國票94購01,0,0,0,0,0,0,0,0,0,-30000,0,0,0,60000,90000,-30000,-30000
051076,緯創國泰96購01  ,0,0,0,0,0,0,0,0,0,-30000,0,0,0,15000,45000,-30000,-30000
050600,瑞儀國泰95購01  ,0,0,0,0,0,0,0,0,0,-30000,0,0,0,10000,40000,-30000,-30000
050659,宏達電元大96購01,0,0,0,0,0,0,0,0,0,-30000,0,0,0,0,30000,-30000,-30000
049443,元石油統一94購02,0,0,0,0,0,0,0,0,0,-30000,0,0,0,0,30000,-30000,-30000
05069P,鴻海統一96售03  ,0,0,0,0,0,0,0,0,0,-30000,0,0,0,0,30000,-30000,-30000
050709,嘉聯益第一96購01,0,0,0,0,0,0,0,0,0,-30000,0,0,0,0,30000,-30000,-30000
049486,旺宏元大94購08  ,0,0,0,0,0,0,0,0,0,-30000,0,0,0,14000,44000,-30000,-30000
050229,鴻海麥證94購02  ,0,0,0,0,30000,-30000,0,0,0,-30000,0,0,0,0,30000,-30000,-30000
049893,日月光富邦98購01,0,0,0,0,0,0,0,0,0,-30000,0,0,0,0,30000,-30000,-30000
049915,瑞昱元大94購07  ,0,0,0,0,0,0,0,0,0,-30000,0,0,0,2000,32000,-30000,-30000
049393,世紀鋼第一94購01,0,0,0,0,0,0,0,0,0,-30000,0,0,0,0,30000,-30000,-30000
050906,臺股指元大95購13,0,0,0,0,0,0,0,0,0,-30000,0,0,0,0,30000,-30000,-30000
050839,楠梓電國票96購01,0,0,0,0,0,0,0,0,0,-30000,0,0,0,60000,90000,-30000,-30000
04979P,臺股指凱基96售07,0,0,0,0,0,0,0,0,0,-30000,0,0,0,20000,50000,-30000,-30000
051433,中磊元富95購01  ,0,0,0,0,0,0,0,0,0,-30000,0,0,0,46000,76000,-30000,-30000
051541,GIS國票96購02   ,0,0,0,0,0,0,0,0,0,-30000,0,0,0,0,30000,-30000,-30000
051387,新光金麥證96購01,0,0,0,0,30000,-30000,0,0,0,-30000,0,0,0,0,30000,-30000,-30000
051422,超眾國票96購01  ,0,0,0,0,0,0,0,0,0,-30000,0,0,0,0,30000,-30000,-30000
051796,和碩康和95購01  ,0,0,0,0,0,0,0,0,0,-30000,0,0,0,0,30000,-30000,-30000
049206,大立光群益94購04,0,0,0,0,0,0,0,0,0,-30000,0,0,0,0,30000,-30000,-30000
04921P,TPK凱基94售05   ,0,0,0,0,0,0,0,0,0,-30000,0,0,0,0,30000,-30000,-30000
051943,台積電麥證95購03,0,0,0,10000,40000,-30000,0,0,0,-30000,0,0,0,10000,40000,-30000,-30000
051965,傳奇永豐95購01  ,0,0,0,0,0,0,0,0,0,-30000,0,0,0,0,30000,-30000,-30000
051205,華新科麥證95購02,0,0,0,0,30000,-30000,0,0,0,-30000,0,0,0,0,30000,-30000,-30000
051191,可成兆豐96購01  ,0,0,0,0,0,0,0,0,0,-30000,0,0,0,0,30000,-30000,-30000
050343,鴻海元富94購01  ,0,0,0,0,0,0,0,0,0,-30000,0,0,0,13000,43000,-30000,-30000
051147,南亞科凱基95購05,0,0,0,0,0,0,0,0,0,-30000,0,0,0,0,30000,-30000,-30000
049571,華固統一94購02  ,0,0,0,0,0,0,0,0,0,-30000,0,0,0,20000,50000,-30000,-30000
052415,台表科麥證95購02,0,0,0,0,30000,-30000,0,0,0,-30000,0,0,0,0,30000,-30000,-30000
050312,大立光兆豐94購04,0,0,0,0,0,0,0,0,0,-30000,0,0,0,0,30000,-30000,-30000
049517,台光電國票94購02,0,0,0,0,0,0,0,0,0,-30000,0,0,0,0,30000,-30000,-30000
052580,高鐵元富96購01  ,0,0,0,0,0,0,0,0,0,-30000,0,0,0,0,30000,-30000,-30000
052620,上証2X富邦97購02,0,0,0,0,0,0,0,0,0,-30000,0,0,0,0,30000,-30000,-30000
051241,台積電元大95購13,0,0,0,0,0,0,0,0,0,-30000,0,0,0,80000,110000,-30000,-30000
053104,台表科元富96購02,0,0,0,0,0,0,0,0,0,-30000,0,0,0,0,30000,-30000,-30000
05429P,鴻海統一95售16  ,0,0,0,0,0,0,0,0,0,-30000,0,0,0,0,30000,-30000,-30000
054089,台積電群益96購11,0,0,0,0,0,0,0,0,0,-30000,0,0,0,66000,96000,-30000,-30000
054112,台積電麥證96購02,0,0,0,30000,60000,-30000,0,0,0,-30000,0,0,0,30000,60000,-30000,-30000
054005,旺宏統一97購04  ,0,0,0,0,0,0,0,0,0,-30000,0,0,0,0,30000,-30000,-30000
053746,彰銀康和96購01  ,0,0,0,0,0,0,0,0,0,-30000,0,0,0,38000,68000,-30000,-30000
053715,美律凱基96購04  ,0,0,0,0,0,0,0,0,0,-30000,0,0,0,0,30000,-30000,-30000
053922,亞光國票96購01  ,0,0,0,0,0,0,0,0,0,-30000,0,0,0,2000,32000,-30000,-30000
053788,泰鼎元大97購01  ,0,0,0,0,0,0,0,0,0,-30000,0,0,0,14000,44000,-30000,-30000
053483,嘉澤第一96購01  ,0,0,0,0,0,0,0,0,0,-30000,0,0,0,0,30000,-30000,-30000
053542,超眾永豐96購01  ,0,0,0,0,0,0,0,0,0,-30000,0,0,0,10000,40000,-30000,-30000
053192,創意統一96購01  ,0,0,0,0,0,0,0,0,0,-30000,0,0,0,0,30000,-30000,-30000
05299P,旺宏元大95售04  ,0,0,0,0,0,0,0,0,0,-30000,0,0,0,0,30000,-30000,-30000
053226,國巨台新97購02  ,0,0,0,0,0,0,0,0,0,-30000,0,0,0,0,30000,-30000,-30000
052481,利勤群益95購01  ,0,0,0,0,0,0,0,0,0,-30000,0,0,0,10000,40000,-30000,-30000
054765,亞光國票98購02  ,0,0,0,0,0,0,0,0,0,-30000,0,0,0,70000,100000,-30000,-30000
054701,宏全永豐97購01  ,0,0,0,0,0,0,0,0,0,-30000,0,0,0,0,30000,-30000,-30000
054977,SP黃豆元富9B購01,0,0,0,0,0,0,0,0,0,-30000,0,0,0,20000,50000,-30000,-30000
054560,全新群益98購03  ,0,0,0,0,0,0,0,0,0,-30000,0,0,0,0,30000,-30000,-30000
054503,京鼎永豐96購04  ,0,0,0,0,0,0,0,0,0,-30000,0,0,0,0,30000,-30000,-30000
055224,鴻海國票99購02  ,0,0,0,0,0,0,0,0,0,-30000,0,0,0,0,30000,-30000,-30000
055031,南港富邦99購01  ,0,0,0,0,0,0,0,0,0,-30000,0,0,0,0,30000,-30000,-30000
055079,台光電中信97購01,0,0,0,0,0,0,0,0,0,-30000,0,0,0,0,30000,-30000,-30000
055394,健策統一97購01  ,0,0,0,0,0,0,0,0,0,-30000,0,0,0,0,30000,-30000,-30000
9914,美利達          ,82000,123000,-41000,0,0,0,0,0,0,11000,15000,1000,14000,0,3000,-3000,-30000
9908,大台北          ,1000,30000,-29000,0,0,0,0,0,0,-1000,0,1000,-1000,0,0,0,-30000
3530,晶相光          ,126000,139000,-13000,0,0,0,0,0,0,-17000,0,1000,-1000,8000,24000,-16000,-30000
6024,群益期          ,4000,34000,-30000,0,0,0,0,0,0,0,0,0,0,0,0,0,-30000
06744P,嘉聯益永豐98售03,0,0,0,0,0,0,0,0,0,-30000,0,0,0,0,30000,-30000,-30000
06109P,華新科群益97售05,0,0,0,0,0,0,0,0,0,-30000,0,0,0,20000,50000,-30000,-30000
2539,櫻花建          ,0,29000,-29000,0,0,0,0,0,0,-1000,0,1000,-1000,0,0,0,-30000
05625P,國巨國票97售01  ,0,0,0,0,0,0,0,0,0,-31000,0,0,0,0,31000,-31000,-31000
056293,上銀元大97購10  ,0,0,0,0,0,0,0,0,0,-31000,0,0,0,4000,35000,-31000,-31000
05637P,聯電元大96售04  ,0,0,0,0,0,0,0,0,0,-31000,0,0,0,38000,69000,-31000,-31000
056745,聯茂凱基99購03  ,0,0,0,0,0,0,0,0,0,-31000,0,0,0,110000,141000,-31000,-31000
056123,鈺齊群益97購01  ,0,0,0,0,0,0,0,0,0,-31000,0,0,0,0,31000,-31000,-31000
055770,欣興麥證97購01  ,0,0,0,280000,311000,-31000,0,0,0,-31000,0,0,0,280000,311000,-31000,-31000
056897,南亞科元大98購02,0,0,0,0,0,0,0,0,0,-31000,0,0,0,25000,56000,-31000,-31000
057493,聯詠元大98購02  ,0,0,0,0,0,0,0,0,0,-31000,0,0,0,77000,108000,-31000,-31000
048068,南亞科元富95購01,0,0,0,0,0,0,0,0,0,-31000,0,0,0,46000,77000,-31000,-31000
052101,滬深2X兆豐96購01,0,0,0,0,0,0,0,0,0,-31000,0,0,0,0,31000,-31000,-31000
052065,臺股指國票95購12,0,0,0,0,0,0,0,0,0,-31000,0,0,0,0,31000,-31000,-31000
048811,鴻海日盛94購01  ,0,0,0,0,0,0,0,0,0,-31000,0,0,0,4000,35000,-31000,-31000
047558,臻鼎凱基93購06  ,0,0,0,0,0,0,0,0,0,-31000,0,0,0,20000,51000,-31000,-31000
048533,景碩國票94購01  ,0,0,0,0,0,0,0,0,0,-31000,0,0,0,36000,67000,-31000,-31000
00763U,街口道瓊銅      ,0,0,0,0,0,0,0,0,0,-31000,0,0,0,0,31000,-31000,-31000
053090,新唐元大96購01  ,0,0,0,0,0,0,0,0,0,-31000,0,0,0,0,31000,-31000,-31000
052779,欣興國票97購01  ,0,0,0,0,0,0,0,0,0,-31000,0,0,0,0,31000,-31000,-31000
050417,喬山凱基94購01  ,0,0,0,0,0,0,0,0,0,-31000,0,0,0,0,31000,-31000,-31000
050290,南亞科凱基94購06,0,0,0,0,0,0,0,0,0,-31000,0,0,0,0,31000,-31000,-31000
051522,玉晶光凱基95購05,0,0,0,0,0,0,0,0,0,-31000,0,0,0,83000,114000,-31000,-31000
051489,世芯凱基95購01  ,0,0,0,0,0,0,0,0,0,-31000,0,0,0,81000,112000,-31000,-31000
049649,信邦凱基94購01  ,0,0,0,0,0,0,0,0,0,-31000,0,0,0,50000,81000,-31000,-31000
051634,大立光國票96購03,0,0,0,0,0,0,0,0,0,-31000,0,0,0,94000,125000,-31000,-31000
050543,聯發科凱基95購01,0,0,0,0,0,0,0,0,0,-31000,0,0,0,30000,61000,-31000,-31000
049434,茂林國票95購01  ,0,0,0,0,0,0,0,0,0,-31000,0,0,0,0,31000,-31000,-31000
05536P,奇力新元大96售03,0,0,0,0,0,0,0,0,0,-31000,0,0,0,0,31000,-31000,-31000
054660,禾伸堂元大97購03,0,0,0,0,0,0,0,0,0,-31000,0,0,0,147000,178000,-31000,-31000
054437,欣興台新97購02  ,0,0,0,0,0,0,0,0,0,-31000,0,0,0,26000,57000,-31000,-31000
054472,道瓊反中信9A購01,0,0,0,0,0,0,0,0,0,-31000,0,0,0,37000,68000,-31000,-31000
054933,南港元大97購01  ,0,0,0,0,0,0,0,0,0,-31000,0,0,0,30000,61000,-31000,-31000
05246P,南電元大95售04  ,0,0,0,0,0,0,0,0,0,-31000,0,0,0,30000,61000,-31000,-31000
053236,群創永豐97購02  ,0,0,0,0,0,0,0,0,0,-31000,0,0,0,7000,38000,-31000,-31000
053170,茂林群益96購04  ,0,0,0,0,0,0,0,0,0,-31000,0,0,0,54000,85000,-31000,-31000
052450,嘉澤元大95購03  ,0,0,0,0,0,0,0,0,0,-31000,0,0,0,40000,71000,-31000,-31000
053281,茂林元大96購02  ,0,0,0,0,0,0,0,0,0,-31000,0,0,0,46000,77000,-31000,-31000
054230,上銀群益96購03  ,0,0,0,0,0,0,0,0,0,-31000,0,0,0,76000,107000,-31000,-31000
2495,普安            ,0,31000,-31000,0,0,0,0,0,0,0,0,0,0,0,0,0,-31000
06198P,台積電元大98售06,0,0,0,0,0,0,0,0,0,-31000,0,0,0,706000,737000,-31000,-31000
06305P,臺股指元大97售11,0,0,0,0,0,0,0,0,0,-31000,0,0,0,24000,55000,-31000,-31000
06514P,國巨凱基98售05  ,0,0,0,0,0,0,0,0,0,-31000,0,0,0,0,31000,-31000,-31000
3044,健鼎            ,762700,844288,-81588,0,0,0,0,0,0,50000,24000,4000,20000,37000,7000,30000,-31588
057738,旺宏富邦9A購01  ,0,0,0,0,0,0,0,0,0,-32000,0,0,0,0,32000,-32000,-32000
057230,建準凱基98購02  ,0,0,0,0,0,0,0,0,0,-32000,0,0,0,0,32000,-32000,-32000
055866,臺股指元大97購03,0,0,0,0,0,0,0,0,0,-32000,0,0,0,3000,35000,-32000,-32000
055679,華通凱基99購01  ,0,0,0,0,0,0,0,0,0,-32000,0,0,0,210000,242000,-32000,-32000
056082,旺宏統一99購02  ,0,0,0,0,0,0,0,0,0,-32000,0,0,0,0,32000,-32000,-32000
055925,上銀群益97購01  ,0,0,0,0,0,0,0,0,0,-32000,0,0,0,64000,96000,-32000,-32000
056825,深中小富邦9B購01,0,0,0,0,0,0,0,0,0,-32000,0,0,0,0,32000,-32000,-32000
056794,上銀麥證98購01  ,0,0,0,0,32000,-32000,0,0,0,-32000,0,0,0,0,32000,-32000,-32000
03904P,啟碁統一93售01  ,0,0,0,0,0,0,0,0,0,-32000,0,0,0,13000,45000,-32000,-32000
044188,超眾國泰93購01  ,0,0,0,0,0,0,0,0,0,-32000,0,0,0,8000,40000,-32000,-32000
052063,臺股指國票95購10,0,0,0,0,0,0,0,0,0,-32000,0,0,0,0,32000,-32000,-32000
052239,泰鼎國票97購01  ,0,0,0,0,0,0,0,0,0,-32000,0,0,0,41000,73000,-32000,-32000
046667,晶技元大93購01  ,0,0,0,0,0,0,0,0,0,-32000,0,0,0,0,32000,-32000,-32000
05066P,康控元大95售03  ,0,0,0,0,0,0,0,0,0,-32000,0,0,0,0,32000,-32000,-32000
051638,聯茂國票96購01  ,0,0,0,0,0,0,0,0,0,-32000,0,0,0,177000,209000,-32000,-32000
051392,玉山金兆豐95購01,0,0,0,0,0,0,0,0,0,-32000,0,0,0,0,32000,-32000,-32000
049505,臺股指元大94購16,0,0,0,0,0,0,0,0,0,-32000,0,0,0,0,32000,-32000,-32000
051182,旺宏永豐95購01  ,0,0,0,0,0,0,0,0,0,-32000,0,0,0,78000,110000,-32000,-32000
051175,國巨凱基95購04  ,0,0,0,0,0,0,0,0,0,-32000,0,0,0,32000,64000,-32000,-32000
053926,晶相光國票97購01,0,0,0,0,0,0,0,0,0,-32000,0,0,0,12000,44000,-32000,-32000
053417,上銀永豐96購02  ,0,0,0,0,0,0,0,0,0,-32000,0,0,0,0,32000,-32000,-32000
053535,宏達電永豐96購02,0,0,0,0,0,0,0,0,0,-32000,0,0,0,18000,50000,-32000,-32000
054710,東元元富97購01  ,0,0,0,0,0,0,0,0,0,-32000,0,0,0,0,32000,-32000,-32000
054772,康控國票98購02  ,0,0,0,0,0,0,0,0,0,-32000,0,0,0,0,32000,-32000,-32000
054811,裕隆元大9A購01  ,0,0,0,0,0,0,0,0,0,-32000,0,0,0,136000,168000,-32000,-32000
054367,鴻海中信98購03  ,0,0,0,0,0,0,0,0,0,-32000,0,0,0,0,32000,-32000,-32000
055406,大毅國泰99購01  ,0,0,0,0,0,0,0,0,0,-32000,0,0,0,10000,42000,-32000,-32000
055263,華新科富邦9A購01,0,0,0,0,0,0,0,0,0,-32000,0,0,0,388000,420000,-32000,-32000
055243,國巨統一97購04  ,0,0,0,0,0,0,0,0,0,-32000,0,0,0,153000,185000,-32000,-32000
06136P,華新科國泰99售02,0,0,0,0,0,0,0,0,0,-32000,0,0,0,282000,314000,-32000,-32000
06071P,大立光永豐97售01,0,0,0,0,0,0,0,0,0,-32000,0,0,0,15000,47000,-32000,-32000
06088P,建準永豐97售01  ,0,0,0,0,0,0,0,0,0,-32000,0,0,0,0,32000,-32000,-32000
2488,漢平            ,4000,35000,-31000,0,0,0,0,0,0,-1000,0,1000,-1000,0,0,0,-32000
2365,昆盈            ,2000,34000,-32000,0,0,0,0,0,0,0,0,0,0,0,0,0,-32000
1110,東泥            ,1000,33000,-32000,0,0,0,0,0,0,0,0,0,0,0,0,0,-32000
1708,東鹼            ,15000,46000,-31000,0,0,0,0,0,0,-1000,0,1000,-1000,0,0,0,-32000
056816,華通永豐98購02  ,0,0,0,0,0,0,0,0,0,-33000,0,0,0,0,33000,-33000,-33000
056786,亞光群益98購03  ,0,0,0,0,0,0,0,0,0,-33000,0,0,0,23000,56000,-33000,-33000
056211,南港國票98購01  ,0,0,0,0,0,0,0,0,0,-33000,0,0,0,10000,43000,-33000,-33000
055983,全新元富9A購02  ,0,0,0,0,0,0,0,0,0,-33000,0,0,0,10000,43000,-33000,-33000
057183,玉晶光元大99購07,0,0,0,0,0,0,0,0,0,-33000,0,0,0,271000,304000,-33000,-33000
057679,臺股指元大98購09,0,0,0,0,0,0,0,0,0,-33000,0,0,0,0,33000,-33000,-33000
04806P,臻鼎元富94售06  ,0,0,0,0,0,0,0,0,0,-33000,0,0,0,10000,43000,-33000,-33000
048258,國泰金統一93購01,0,0,0,0,0,0,0,0,0,-33000,0,0,0,17000,50000,-33000,-33000
052040,臺股指永昌95購01,0,0,0,0,0,0,0,0,0,-33000,0,0,0,0,33000,-33000,-33000
049134,為升元大95購01  ,0,0,0,0,0,0,0,0,0,-33000,0,0,0,0,33000,-33000,-33000
052684,旺宏元大98購01  ,0,0,0,0,0,0,0,0,0,-33000,0,0,0,30000,63000,-33000,-33000
052826,嘉聯益永豐96購01,0,0,0,0,0,0,0,0,0,-33000,0,0,0,147000,180000,-33000,-33000
050744,健策永豐94購04  ,0,0,0,0,0,0,0,0,0,-33000,0,0,0,0,33000,-33000,-33000
054382,康控群益96購03  ,0,0,0,0,0,0,0,0,0,-33000,0,0,0,7000,40000,-33000,-33000
054750,聯茂凱基98購02  ,0,0,0,0,0,0,0,0,0,-33000,0,0,0,13000,46000,-33000,-33000
054737,京元電凱基99購01,0,0,0,0,0,0,0,0,0,-33000,0,0,0,15000,48000,-33000,-33000
053871,臻鼎元大96購03  ,0,0,0,0,0,0,0,0,0,-33000,0,0,0,118000,151000,-33000,-33000
053872,臻鼎元大96購04  ,0,0,0,0,0,0,0,0,0,-33000,0,0,0,18000,51000,-33000,-33000
2012,春雨            ,0,32000,-32000,0,0,0,0,0,0,-1000,0,1000,-1000,0,0,0,-33000
06772P,國巨中信99售01  ,0,0,0,0,0,0,0,0,0,-33000,0,0,0,0,33000,-33000,-33000
2109,華豐            ,0,32000,-32000,0,0,0,0,0,0,-1000,0,1000,-1000,0,0,0,-33000
2530,華建            ,1000,33000,-32000,0,0,0,0,0,0,-1000,0,1000,-1000,0,0,0,-33000
06510P,燿華永豐98售03  ,0,0,0,0,0,0,0,0,0,-33000,0,0,0,47000,80000,-33000,-33000
06659P,T50正2富邦9A售01,0,0,0,0,0,0,0,0,0,-33000,0,0,0,0,33000,-33000,-33000
3048,益登            ,28000,60000,-32000,0,0,0,0,0,0,-1000,0,1000,-1000,0,0,0,-33000
3022,威強電          ,14000,47000,-33000,0,0,0,0,0,0,0,0,0,0,0,0,0,-33000
4155,訊映            ,35000,67000,-32000,0,0,0,0,0,0,-1000,0,1000,-1000,0,0,0,-33000
05861P,瀚宇博永豐96售02,0,0,0,0,0,0,0,0,0,-34000,0,0,0,0,34000,-34000,-34000
055644,致茂元富97購01  ,0,0,0,0,0,0,0,0,0,-34000,0,0,0,38000,72000,-34000,-34000
056212,台光電國票98購03,0,0,0,0,0,0,0,0,0,-34000,0,0,0,8000,42000,-34000,-34000
056634,為升兆豐99購01  ,0,0,0,0,0,0,0,0,0,-34000,0,0,0,0,34000,-34000,-34000
056531,佳世達凱基98購01,0,0,0,0,0,0,0,0,0,-34000,0,0,0,36000,70000,-34000,-34000
048154,旺宏兆豐94購01  ,0,0,0,0,0,0,0,0,0,-34000,0,0,0,16000,50000,-34000,-34000
04807P,聯茂元富94售01  ,0,0,0,0,0,0,0,0,0,-34000,0,0,0,8000,42000,-34000,-34000
050519,旺宏元大95購03  ,0,0,0,0,0,0,0,0,0,-34000,0,0,0,107000,141000,-34000,-34000
052282,宏達電凱基95購05,0,0,0,0,0,0,0,0,0,-34000,0,0,0,116000,150000,-34000,-34000
04974P,聯發科凱基96售02,0,0,0,0,0,0,0,0,0,-34000,0,0,0,33000,67000,-34000,-34000
049277,臺股指元大94購12,0,0,0,0,0,0,0,0,0,-34000,0,0,0,19000,53000,-34000,-34000
051321,建準國票96購01  ,0,0,0,0,0,0,0,0,0,-34000,0,0,0,0,34000,-34000,-34000
053885,全新兆豐96購01  ,0,0,0,0,0,0,0,0,0,-34000,0,0,0,20000,54000,-34000,-34000
053616,奇力新群益97購01,0,0,0,0,0,0,0,0,0,-34000,0,0,0,49000,83000,-34000,-34000
054854,台積電麥證97購01,0,0,0,0,34000,-34000,0,0,0,-34000,0,0,0,0,34000,-34000,-34000
055296,康舒元大97購02  ,0,0,0,0,0,0,0,0,0,-34000,0,0,0,34000,68000,-34000,-34000
055318,華通國票98購01  ,0,0,0,0,0,0,0,0,0,-34000,0,0,0,10000,44000,-34000,-34000
4552,力達-KY         ,13000,47000,-34000,0,0,0,0,0,0,0,0,0,0,0,0,0,-34000
06453P,群創元大9B售02  ,0,0,0,0,0,0,0,0,0,-34000,0,0,0,0,34000,-34000,-34000
06090P,旺宏統一97售06  ,0,0,0,0,0,0,0,0,0,-34000,0,0,0,51000,85000,-34000,-34000
1904,正隆            ,2100000,2521000,-421000,0,0,0,500000,0,500000,-113000,65000,201000,-136000,23000,0,23000,-34000
056795,鴻海麥證98購01  ,0,0,0,20000,55000,-35000,0,0,0,-35000,0,0,0,20000,55000,-35000,-35000
055582,亞德客元大97購01,0,0,0,0,0,0,0,0,0,-35000,0,0,0,76000,111000,-35000,-35000
055915,大立光凱基98購07,0,0,0,0,0,0,0,0,0,-35000,0,0,0,0,35000,-35000,-35000
057057,立積元大9A購01  ,0,0,0,0,0,0,0,0,0,-35000,0,0,0,22000,57000,-35000,-35000
048061,鴻海統一95購03  ,0,0,0,0,0,0,0,0,0,-35000,0,0,0,76000,111000,-35000,-35000
048026,瑞昱凱基94購01  ,0,0,0,0,0,0,0,0,0,-35000,0,0,0,8000,43000,-35000,-35000
047898,嘉澤群益93購02  ,0,0,0,0,0,0,0,0,0,-35000,0,0,0,20000,55000,-35000,-35000
046717,世紀鋼國泰94購01,0,0,0,0,0,0,0,0,0,-35000,0,0,0,0,35000,-35000,-35000
047629,深中小元大96購01,0,0,0,0,0,0,0,0,0,-35000,0,0,0,255000,290000,-35000,-35000
048987,崇越元大94購01  ,0,0,0,0,0,0,0,0,0,-35000,0,0,0,0,35000,-35000,-35000
052399,台光電凱基95購03,0,0,0,0,0,0,0,0,0,-35000,0,0,0,6000,41000,-35000,-35000
052242,台達電台新96購01,0,0,0,0,0,0,0,0,0,-35000,0,0,0,0,35000,-35000,-35000
044995,大立光國泰94購01,0,0,0,0,0,0,0,0,0,-35000,0,0,0,15000,50000,-35000,-35000
051256,中磊元大95購01  ,0,0,0,0,0,0,0,0,0,-35000,0,0,0,0,35000,-35000,-35000
051268,創意富邦97購01  ,0,0,0,0,0,0,0,0,0,-35000,0,0,0,5000,40000,-35000,-35000
052719,致新凱基96購01  ,0,0,0,0,0,0,0,0,0,-35000,0,0,0,0,35000,-35000,-35000
05271P,國巨富邦97售01  ,0,0,0,0,0,0,0,0,0,-35000,0,0,0,0,35000,-35000,-35000
052722,群創統一97購02  ,0,0,0,0,0,0,0,0,0,-35000,0,0,0,0,35000,-35000,-35000
052575,茂林凱基96購04  ,0,0,0,0,0,0,0,0,0,-35000,0,0,0,33000,68000,-35000,-35000
049849,欣興群益94購04  ,0,0,0,0,0,0,0,0,0,-35000,0,0,0,20000,55000,-35000,-35000
049613,華通中信94購01  ,0,0,0,0,0,0,0,0,0,-35000,0,0,0,0,35000,-35000,-35000
050844,大立光國票96購01,0,0,0,0,0,0,0,0,0,-35000,0,0,0,0,35000,-35000,-35000
050530,台表科元大95購04,0,0,0,0,0,0,0,0,0,-35000,0,0,0,15000,50000,-35000,-35000
05068P,鴻海統一95售06  ,0,0,0,0,0,0,0,0,0,-35000,0,0,0,10000,45000,-35000,-35000
055506,台郡元大99購02  ,0,0,0,0,0,0,0,0,0,-35000,0,0,0,0,35000,-35000,-35000
055271,鴻海元大98購03  ,0,0,0,0,0,0,0,0,0,-35000,0,0,0,195000,230000,-35000,-35000
055229,大毅國票97購02  ,0,0,0,0,0,0,0,0,0,-35000,0,0,0,66000,101000,-35000,-35000
054911,敬鵬凱基97購01  ,0,0,0,0,0,0,0,0,0,-35000,0,0,0,5000,40000,-35000,-35000
053738,群創麥證96購01  ,0,0,0,0,35000,-35000,0,0,0,-35000,0,0,0,0,35000,-35000,-35000
053863,聯發科元大96購18,0,0,0,0,0,0,0,0,0,-35000,0,0,0,180000,215000,-35000,-35000
053950,緯穎富邦97購02  ,0,0,0,0,0,0,0,0,0,-35000,0,0,0,0,35000,-35000,-35000
053837,貿聯永豐96購02  ,0,0,0,0,0,0,0,0,0,-35000,0,0,0,39000,74000,-35000,-35000
054303,國巨凱基96購15  ,0,0,0,0,0,0,0,0,0,-35000,0,0,0,21000,56000,-35000,-35000
054304,台積電凱基96購23,0,0,0,0,0,0,0,0,0,-35000,0,0,0,0,35000,-35000,-35000
05413P,台郡國票96售02  ,0,0,0,0,0,0,0,0,0,-35000,0,0,0,10000,45000,-35000,-35000
053379,南亞科元大96購01,0,0,0,0,0,0,0,0,0,-35000,0,0,0,0,35000,-35000,-35000
1810,和成            ,10000,43000,-33000,0,0,0,0,0,0,-2000,0,2000,-2000,0,0,0,-35000
06810P,國巨統一99售03  ,0,0,0,0,0,0,0,0,0,-35000,0,0,0,11000,46000,-35000,-35000
3005,神基            ,339000,414000,-75000,0,0,0,1000,0,1000,39000,25000,19000,6000,124000,91000,33000,-35000
06216P,上銀元富97售03  ,0,0,0,0,0,0,0,0,0,-35000,0,0,0,36000,71000,-35000,-35000
06509P,鴻海群益98售03  ,0,0,0,0,0,0,0,0,0,-35000,0,0,0,0,35000,-35000,-35000
5283,禾聯碩          ,2000,37000,-35000,0,0,0,0,0,0,0,0,0,0,0,0,0,-35000
8011,台通            ,1000,35000,-34000,0,0,0,0,0,0,-1000,0,1000,-1000,0,0,0,-35000
3023,信邦            ,201800,210970,-9170,0,0,0,1000,0,1000,-27000,1000,13000,-12000,0,15000,-15000,-35170
057469,康友永豐98購02  ,0,0,0,0,0,0,0,0,0,-36000,0,0,0,49000,85000,-36000,-36000
056776,聯茂元大99購01  ,0,0,0,0,0,0,0,0,0,-36000,0,0,0,0,36000,-36000,-36000
056311,泰鼎元大98購01  ,0,0,0,0,0,0,0,0,0,-36000,0,0,0,203000,239000,-36000,-36000
047469,華通中信93購01  ,0,0,0,0,0,0,0,0,0,-36000,0,0,0,40000,76000,-36000,-36000
04033P,啟碁凱基93售04  ,0,0,0,0,0,0,0,0,0,-36000,0,0,0,31000,67000,-36000,-36000
0052,富邦科技        ,2000,1000,1000,0,0,0,0,0,0,-37000,0,0,0,21000,58000,-37000,-36000
052106,明泰兆豐95購01  ,0,0,0,0,0,0,0,0,0,-36000,0,0,0,2000,38000,-36000,-36000
052808,矽力元大96購02  ,0,0,0,0,0,0,0,0,0,-36000,0,0,0,14000,50000,-36000,-36000
051583,可成元大95購07  ,0,0,0,0,0,0,0,0,0,-36000,0,0,0,104000,140000,-36000,-36000
053525,台積電中信96購04,0,0,0,0,0,0,0,0,0,-36000,0,0,0,10000,46000,-36000,-36000
053245,全新國票97購01  ,0,0,0,0,0,0,0,0,0,-36000,0,0,0,34000,70000,-36000,-36000
054441,力成台新96購01  ,0,0,0,0,0,0,0,0,0,-36000,0,0,0,2000,38000,-36000,-36000
055163,訊芯元大98購01  ,0,0,0,0,0,0,0,0,0,-36000,0,0,0,29000,65000,-36000,-36000
055022,精元國泰99購01  ,0,0,0,0,0,0,0,0,0,-36000,0,0,0,35000,71000,-36000,-36000
055463,國喬凱基97購01  ,0,0,0,0,0,0,0,0,0,-36000,0,0,0,4000,40000,-36000,-36000
4540,全球傳動        ,42000,78000,-36000,0,0,0,0,0,0,0,0,0,0,0,0,0,-36000
2913,農林            ,157000,191000,-34000,0,0,0,0,0,0,-2000,8000,0,8000,0,10000,-10000,-36000
1902,台紙            ,166000,252000,-86000,0,0,0,50000,0,50000,0,0,0,0,0,0,0,-36000
056532,技嘉凱基98購01  ,0,0,0,0,0,0,0,0,0,-37000,0,0,0,214000,251000,-37000,-37000
057485,友達元大9C購04  ,0,0,0,0,0,0,0,0,0,-37000,0,0,0,0,37000,-37000,-37000
057712,南亞科統一9A購01,0,0,0,0,0,0,0,0,0,-37000,0,0,0,0,37000,-37000,-37000
057856,聯鈞國票99購03  ,0,0,0,0,0,0,0,0,0,-37000,0,0,0,0,37000,-37000,-37000
048939,華擎永豐94購01  ,0,0,0,0,0,0,0,0,0,-37000,0,0,0,2000,39000,-37000,-37000
048603,中磊國票94購02  ,0,0,0,0,0,0,0,0,0,-37000,0,0,0,60000,97000,-37000,-37000
050313,大立光兆豐94購05,0,0,0,0,0,0,0,0,0,-37000,0,0,0,0,37000,-37000,-37000
055019,福懋科元富97購01,0,0,0,0,0,0,0,0,0,-37000,0,0,0,0,37000,-37000,-37000
055038,華航富邦99購01  ,0,0,0,0,0,0,0,0,0,-37000,0,0,0,20000,57000,-37000,-37000
055193,世芯元富97購02  ,0,0,0,0,0,0,0,0,0,-37000,0,0,0,13000,50000,-37000,-37000
053013,台積電統一97購01,0,0,0,0,0,0,0,0,0,-37000,0,0,0,0,37000,-37000,-37000
2850,新產            ,15000,52000,-37000,0,0,0,0,0,0,0,0,0,0,0,0,0,-37000
2704,國賓            ,28000,68000,-40000,0,0,0,0,0,0,3000,3000,0,3000,0,0,0,-37000
2348,海悅            ,5000,43000,-38000,0,0,0,0,0,0,1000,1000,0,1000,0,0,0,-37000
06452P,大立光元大98售08,0,0,0,0,0,0,0,0,0,-37000,0,0,0,0,37000,-37000,-37000
06115P,台積電統一97售04,0,0,0,0,0,0,0,0,0,-37000,0,0,0,33000,70000,-37000,-37000
6283,淳安            ,4000,41000,-37000,0,0,0,0,0,0,0,0,0,0,0,0,0,-37000
8404,百和興業-KY     ,27000,64000,-37000,0,0,0,0,0,0,0,0,0,0,0,0,0,-37000
057112,立積群益99購01  ,0,0,0,0,0,0,0,0,0,-38000,0,0,0,16000,54000,-38000,-38000
056841,友達元富98購03  ,0,0,0,0,0,0,0,0,0,-38000,0,0,0,80000,118000,-38000,-38000
056930,晶豪科台新98購01,0,0,0,0,0,0,0,0,0,-38000,0,0,0,0,38000,-38000,-38000
057329,緯穎群益98購02  ,0,0,0,0,0,0,0,0,0,-38000,0,0,0,48000,86000,-38000,-38000
056687,元大金統一98購01,0,0,0,0,0,0,0,0,0,-38000,0,0,0,40000,78000,-38000,-38000
056468,鴻海元大98購07  ,0,0,0,0,0,0,0,0,0,-38000,0,0,0,73000,111000,-38000,-38000
055580,南茂統一97購01  ,0,0,0,0,0,0,0,0,0,-38000,0,0,0,70000,108000,-38000,-38000
03826P,瀚宇博元大95售01,0,0,0,0,0,0,0,0,0,-38000,0,0,0,0,38000,-38000,-38000
052354,健策群益96購02  ,0,0,0,0,0,0,0,0,0,-38000,0,0,0,8000,46000,-38000,-38000
052380,臺股指元大95購21,0,0,0,0,0,0,0,0,0,-38000,0,0,0,0,38000,-38000,-38000
052260,為升富邦97購02  ,0,0,0,0,0,0,0,0,0,-38000,0,0,0,150000,188000,-38000,-38000
047296,日月光元富96購01,0,0,0,0,0,0,0,0,0,-38000,0,0,0,2000,40000,-38000,-38000
04726P,TPK凱基94售04   ,0,0,0,0,0,0,0,0,0,-38000,0,0,0,61000,99000,-38000,-38000
048703,康控國票95購01  ,0,0,0,0,0,0,0,0,0,-38000,0,0,0,0,38000,-38000,-38000
051825,中環元大95購01  ,0,0,0,0,0,0,0,0,0,-38000,0,0,0,17000,55000,-38000,-38000
052819,義隆永豐96購01  ,0,0,0,0,0,0,0,0,0,-38000,0,0,0,0,38000,-38000,-38000
052601,大成鋼元大96購01,0,0,0,0,0,0,0,0,0,-38000,0,0,0,79000,117000,-38000,-38000
053108,南亞科兆豐96購01,0,0,0,0,0,0,0,0,0,-38000,0,0,0,38000,76000,-38000,-38000
053138,華邦電富邦96購01,0,0,0,0,0,0,0,0,0,-38000,0,0,0,16000,54000,-38000,-38000
051136,可成永豐95購02  ,0,0,0,0,0,0,0,0,0,-38000,0,0,0,0,38000,-38000,-38000
052926,旺宏元大98購02  ,0,15000,-15000,0,0,0,0,0,0,-23000,0,0,0,172000,195000,-23000,-38000
052967,智邦群益96購01  ,0,0,0,0,0,0,0,0,0,-38000,0,0,0,89000,127000,-38000,-38000
053277,大立光元大96購04,0,0,0,0,0,0,0,0,0,-38000,0,0,0,0,38000,-38000,-38000
055178,晶豪科統一97購01,0,0,0,0,0,0,0,0,0,-38000,0,0,0,0,38000,-38000,-38000
054447,國泰金兆豐96購01,0,0,0,0,0,0,0,0,0,-38000,0,0,0,0,38000,-38000,-38000
054365,遠東新中信96購01,0,0,0,0,0,0,0,0,0,-38000,0,0,0,0,38000,-38000,-38000
06465P,國巨統一98售04  ,0,0,0,0,0,0,0,0,0,-38000,0,0,0,15000,53000,-38000,-38000
06439P,上銀凱基98售02  ,0,0,0,0,0,0,0,0,0,-38000,0,0,0,100000,138000,-38000,-38000
2030,彰源            ,6000,44000,-38000,0,0,0,0,0,0,0,0,0,0,0,0,0,-38000
2707,晶華            ,31000,65000,-34000,0,0,0,0,0,0,-4000,0,0,0,0,4000,-4000,-38000
06757P,台灣50元大9B售01,0,0,0,0,0,0,0,0,0,-38000,0,0,0,48000,86000,-38000,-38000
07866P,上証2X國票97售01,0,0,0,0,0,0,0,0,0,-38000,0,0,0,0,38000,-38000,-38000
055979,聯鈞統一97購03  ,0,0,0,0,0,0,0,0,0,-39000,0,0,0,525000,564000,-39000,-39000
056165,矽力凱基98購02  ,0,0,0,0,0,0,0,0,0,-39000,0,0,0,78000,117000,-39000,-39000
056281,深中小永豐97購01,0,0,0,0,0,0,0,0,0,-39000,0,0,0,82000,121000,-39000,-39000
056734,國巨凱基99購01  ,0,0,0,0,0,0,0,0,0,-39000,0,0,0,0,39000,-39000,-39000
056661,臺股指元大9A購08,0,0,0,0,0,0,0,0,0,-39000,0,0,0,80000,119000,-39000,-39000
057444,台泥元富98購01  ,0,0,0,0,0,0,0,0,0,-39000,0,0,0,11000,50000,-39000,-39000
057244,鈺齊凱基99購01  ,0,0,0,0,0,0,0,0,0,-39000,0,0,0,0,39000,-39000,-39000
057275,友達元大9A購04  ,0,0,0,0,0,0,0,0,0,-39000,0,0,0,50000,89000,-39000,-39000
056894,佳世達元大99購01,0,0,0,0,0,0,0,0,0,-39000,0,0,0,24000,63000,-39000,-39000
05867P,友達兆豐97售02  ,0,0,0,0,0,0,0,0,0,-39000,0,0,0,61000,100000,-39000,-39000
048740,富邦金統一94購01,0,0,0,0,0,0,0,0,0,-39000,0,0,0,10000,49000,-39000,-39000
052095,彩晶元大97購01  ,0,0,0,0,0,0,0,0,0,-39000,0,0,0,0,39000,-39000,-39000
049173,鴻海凱基94購15  ,0,0,0,0,0,0,0,0,0,-39000,0,0,0,14000,53000,-39000,-39000
042388,大立光永昌93購02,0,0,0,0,0,0,0,0,0,-39000,0,0,0,21000,60000,-39000,-39000
04863P,技嘉元大94售02  ,0,0,0,0,0,0,0,0,0,-39000,0,0,0,2000,41000,-39000,-39000
044605,超眾國泰93購02  ,0,0,0,0,0,0,0,0,0,-39000,0,0,0,0,39000,-39000,-39000
050939,健鼎國票96購01  ,0,0,0,0,0,0,0,0,0,-39000,0,0,0,0,39000,-39000,-39000
051962,晶相光永豐95購02,0,0,0,0,0,0,0,0,0,-39000,0,0,0,31000,70000,-39000,-39000
054995,宏盛元富97購01  ,0,0,0,0,0,0,0,0,0,-39000,0,0,0,11000,50000,-39000,-39000
05327P,臺股指凱基95售11,0,0,0,0,0,0,0,0,0,-39000,0,0,0,1000,40000,-39000,-39000
053387,緯創元大97購01  ,0,0,0,0,0,0,0,0,0,-39000,0,0,0,204000,243000,-39000,-39000
05359P,嘉澤元大95售02  ,0,0,0,0,0,0,0,0,0,-39000,0,0,0,161000,200000,-39000,-39000
052976,台表科群益96購03,0,0,0,0,0,0,0,0,0,-39000,0,0,0,1000,40000,-39000,-39000
052658,友達元富9C購01  ,0,0,0,0,0,0,0,0,0,-39000,0,0,0,11000,50000,-39000,-39000
053205,台光電麥證96購01,0,0,0,53000,92000,-39000,0,0,0,-39000,0,0,0,53000,92000,-39000,-39000
053912,T50反1國票97購02,0,0,0,0,0,0,0,0,0,-39000,0,0,0,618000,657000,-39000,-39000
1307,三芳            ,3000,41000,-38000,0,0,0,0,0,0,-1000,0,1000,-1000,0,0,0,-39000
2524,京城            ,35000,74000,-39000,0,0,0,0,0,0,0,0,0,0,0,0,0,-39000
06545P,致茂元大98售01  ,0,0,0,0,0,0,0,0,0,-39000,0,0,0,61000,100000,-39000,-39000
06623P,立積元大98售04  ,0,0,0,0,0,0,0,0,0,-39000,0,0,0,224000,263000,-39000,-39000
05837P,臺股指富邦96售04,0,0,0,0,0,0,0,0,0,-40000,0,0,0,10000,50000,-40000,-40000
057717,友訊元富98購02  ,0,0,0,0,0,0,0,0,0,-40000,0,0,0,10000,50000,-40000,-40000
057705,臺股指群益98購05,0,0,0,0,0,0,0,0,0,-40000,0,0,0,0,40000,-40000,-40000
057675,同欣電元大98購02,0,0,0,0,0,0,0,0,0,-40000,0,0,0,20000,60000,-40000,-40000
057636,上銀元大98購06  ,0,0,0,0,0,0,0,0,0,-40000,0,0,0,0,40000,-40000,-40000
057473,T50反1元大98購08,0,0,0,0,0,0,0,0,0,-40000,0,0,0,1987000,2027000,-40000,-40000
057097,致新元富98購01  ,0,0,0,0,0,0,0,0,0,-40000,0,0,0,0,40000,-40000,-40000
057019,台積電凱基98購14,0,0,0,0,0,0,0,0,0,-40000,0,0,0,60000,100000,-40000,-40000
057029,緯穎凱基98購04  ,0,0,0,0,0,0,0,0,0,-40000,0,0,0,0,40000,-40000,-40000
057278,可成元大98購06  ,0,0,0,0,0,0,0,0,0,-40000,0,0,0,74000,114000,-40000,-40000
057149,京鼎國票99購02  ,0,0,0,0,0,0,0,0,0,-40000,0,0,0,7000,47000,-40000,-40000
057176,全新元大99購02  ,0,0,0,0,0,0,0,0,0,-40000,0,0,0,0,40000,-40000,-40000
057456,道瓊銀富邦9C購01,0,0,0,0,0,0,0,0,0,-40000,0,0,0,0,40000,-40000,-40000
047582,滬深2X永豐95購02,0,0,0,0,0,0,0,0,0,-40000,0,0,0,0,40000,-40000,-40000
047603,瑞昱國泰94購01  ,0,0,0,0,0,0,0,0,0,-40000,0,0,0,0,40000,-40000,-40000
04291P,鴻海富邦93售04  ,0,0,0,0,0,0,0,0,0,-40000,0,0,0,0,40000,-40000,-40000
04403P,景碩國票95售01  ,0,0,0,0,0,0,0,0,0,-40000,0,0,0,0,40000,-40000,-40000
042558,瑞昱中信94購01  ,0,0,0,0,0,0,0,0,0,-40000,0,0,0,10000,50000,-40000,-40000
04076P,臺股指凱基93售12,0,0,0,0,0,0,0,0,0,-40000,0,0,0,80000,120000,-40000,-40000
03007X,元展07          ,0,0,0,0,0,0,0,0,0,-40000,0,0,0,0,40000,-40000,-40000
03444P,道瓊銀群益02售04,0,0,0,0,0,0,0,0,0,-40000,0,0,0,0,40000,-40000,-40000
049062,華新科日盛94購01,0,0,0,0,0,0,0,0,0,-40000,0,0,0,48000,88000,-40000,-40000
048786,瑞昱元大94購02  ,0,0,0,0,0,0,0,0,0,-40000,0,0,0,0,40000,-40000,-40000
052098,臺股指富邦95購01,0,0,0,0,0,0,0,0,0,-40000,0,0,0,0,40000,-40000,-40000
052249,大成鋼永豐95購01,0,0,0,0,0,0,0,0,0,-40000,0,0,0,47000,87000,-40000,-40000
048678,統一富邦93購01  ,0,0,0,0,0,0,0,0,0,-40000,0,0,0,10000,50000,-40000,-40000
047701,鴻海凱基94購12  ,0,0,0,0,0,0,0,0,0,-40000,0,0,0,29000,69000,-40000,-40000
047736,聯發科台新94購01,0,0,0,0,0,0,0,0,0,-40000,0,0,0,0,40000,-40000,-40000
047708,聯發科凱基93購17,0,0,0,0,0,0,0,0,0,-40000,0,0,0,10000,50000,-40000,-40000
046753,台積電凱基93購04,0,0,0,0,0,0,0,0,0,-40000,0,0,0,10000,50000,-40000,-40000
046668,嘉澤元大93購01  ,0,0,0,0,0,0,0,0,0,-40000,0,0,0,0,40000,-40000,-40000
046961,大立光中信95購02,0,0,0,0,0,0,0,0,0,-40000,0,0,0,1000,41000,-40000,-40000
050351,華新科群益95購02,0,0,0,0,0,0,0,0,0,-40000,0,0,0,25000,65000,-40000,-40000
04957P,上証2X凱基96售02,0,0,0,0,0,0,0,0,0,-40000,0,0,0,0,40000,-40000,-40000
051910,大立光元大97購01,0,0,0,0,0,0,0,0,0,-40000,0,0,0,0,40000,-40000,-40000
051511,鈺齊中信97購01  ,0,0,0,0,0,0,0,0,0,-40000,0,0,0,0,40000,-40000,-40000
051517,可成凱基95購08  ,0,0,0,0,0,0,0,0,0,-40000,0,0,0,41000,81000,-40000,-40000
053110,大立光兆豐97購01,0,0,0,0,0,0,0,0,0,-40000,0,0,0,0,40000,-40000,-40000
052579,亞泥元富96購01  ,0,0,0,0,0,0,0,0,0,-40000,0,0,0,90000,130000,-40000,-40000
052858,華通凱基97購02  ,0,0,0,0,0,0,0,0,0,-40000,0,0,0,0,40000,-40000,-40000
050969,台郡永豐95購01  ,0,0,0,0,0,0,0,0,0,-40000,0,0,0,0,40000,-40000,-40000
049597,泰鼎元大96購01  ,0,0,0,0,0,0,0,0,0,-40000,0,0,0,31000,71000,-40000,-40000
049718,南亞科凱基94購04,0,0,0,0,0,0,0,0,0,-40000,0,0,0,0,40000,-40000,-40000
050115,群創元大96購01  ,0,0,0,0,0,0,0,0,0,-40000,0,0,0,211000,251000,-40000,-40000
049322,志超凱基94購02  ,0,0,0,0,0,0,0,0,0,-40000,0,0,0,10000,50000,-40000,-40000
049325,智邦元富94購02  ,0,0,0,0,0,0,0,0,0,-40000,0,0,0,223000,263000,-40000,-40000
051765,健鼎元大95購03  ,0,0,0,0,0,0,0,0,0,-40000,0,0,0,0,40000,-40000,-40000
050766,燿華元大96購02  ,0,0,0,0,0,0,0,0,0,-40000,0,0,0,0,40000,-40000,-40000
050812,台積電凱基95購01,0,0,0,0,0,0,0,0,0,-40000,0,0,0,10000,50000,-40000,-40000
049424,中石化兆豐94購01,0,0,0,0,0,0,0,0,0,-40000,0,0,0,0,40000,-40000,-40000
050564,臻鼎元富94購08  ,0,0,0,0,0,0,0,0,0,-40000,0,0,0,0,40000,-40000,-40000
050510,元油2X元大94購10,0,0,0,0,0,0,0,0,0,-40000,0,0,0,0,40000,-40000,-40000
050503,聯發科凱基94購22,0,0,0,0,0,0,0,0,0,-40000,0,0,0,0,40000,-40000,-40000
05049P,矽創永豐95售01  ,0,0,0,0,0,0,0,0,0,-40000,0,0,0,242000,282000,-40000,-40000
051062,超眾群益95購02  ,0,0,0,0,0,0,0,0,0,-40000,0,0,0,17000,57000,-40000,-40000
051024,南亞科統一95購01,0,0,0,0,0,0,0,0,0,-40000,0,0,0,0,40000,-40000,-40000
053957,瑞昱永豐96購01  ,0,0,0,0,0,0,0,0,0,-40000,0,0,0,0,40000,-40000,-40000
053681,臺股指富邦96購02,0,0,0,0,0,0,0,0,0,-40000,0,0,0,12000,52000,-40000,-40000
054286,台積電元大96購22,0,0,0,0,0,0,0,0,0,-40000,0,0,0,91000,131000,-40000,-40000
054012,廣達永豐96購01  ,0,0,0,0,0,0,0,0,0,-40000,0,0,0,0,40000,-40000,-40000
054096,佳世達國票97購01,0,0,0,0,0,0,0,0,0,-40000,0,0,0,0,40000,-40000,-40000
053206,聯發科麥證96購02,0,0,0,0,40000,-40000,0,0,0,-40000,0,0,0,0,40000,-40000,-40000
052482,茂林群益95購01  ,0,0,0,0,0,0,0,0,0,-40000,0,0,0,0,40000,-40000,-40000
052457,日月光元富95購01,0,0,0,0,0,0,0,0,0,-40000,0,0,0,10000,50000,-40000,-40000
052902,鴻海國票97購04  ,0,0,0,0,0,0,0,0,0,-40000,0,0,0,0,40000,-40000,-40000
052905,潤泰全國票97購01,0,0,0,0,0,0,0,0,0,-40000,0,0,0,0,40000,-40000,-40000
053389,彩晶元大98購01  ,0,0,0,0,0,0,0,0,0,-40000,0,0,0,130000,170000,-40000,-40000
053423,亞光永豐96購01  ,0,0,0,0,0,0,0,0,0,-40000,0,0,0,69000,109000,-40000,-40000
055181,日電貿統一97購01,0,0,0,0,0,0,0,0,0,-40000,0,0,0,70000,110000,-40000,-40000
05522P,友達元富96售02  ,0,0,0,0,0,0,0,0,0,-40000,0,0,0,0,40000,-40000,-40000
055444,致新台新97購01  ,0,0,0,0,0,0,0,0,0,-40000,0,0,0,0,40000,-40000,-40000
054344,景碩國票97購04  ,0,0,0,0,0,0,0,0,0,-40000,0,0,0,47000,87000,-40000,-40000
054541,康控國票98購01  ,0,0,0,0,0,0,0,0,0,-40000,0,0,0,0,40000,-40000,-40000
054928,帆宣凱基98購01  ,0,0,0,0,0,0,0,0,0,-40000,0,0,0,0,40000,-40000,-40000
054883,億光統一97購01  ,0,0,0,0,0,0,0,0,0,-40000,0,0,0,20000,60000,-40000,-40000
054723,鴻海日盛97購01  ,0,0,0,0,0,0,0,0,0,-40000,0,0,0,0,40000,-40000,-40000
054813,鴻海元大97購09  ,0,0,0,0,0,0,0,0,0,-40000,0,0,0,502000,542000,-40000,-40000
06630P,國巨群益98售08  ,0,0,0,0,0,0,0,0,0,-40000,0,0,0,10000,50000,-40000,-40000
06677P,牧德國票98售02  ,0,0,0,0,0,0,0,0,0,-40000,0,0,0,10000,50000,-40000,-40000
06696P,台灣50國票99售01,0,0,0,0,0,0,0,0,0,-40000,0,0,0,42000,82000,-40000,-40000
06516P,國巨凱基98售08  ,0,0,0,0,0,0,0,0,0,-40000,0,0,0,10000,50000,-40000,-40000
06382P,大毅元富97售02  ,0,0,0,0,0,0,0,0,0,-40000,0,0,0,60000,100000,-40000,-40000
06220P,廣宇元富97售02  ,0,0,0,0,0,0,0,0,0,-40000,0,0,0,0,40000,-40000,-40000
06209P,旺宏統一97售07  ,0,0,0,0,0,0,0,0,0,-40000,0,0,0,10000,50000,-40000,-40000
2472,立隆電          ,24000,81000,-57000,0,0,0,0,0,0,17000,19000,2000,17000,0,0,0,-40000
5225,東科-KY         ,10000,50000,-40000,0,0,0,0,0,0,0,0,0,0,0,0,0,-40000
057306,玉晶光兆豐99購01,0,0,0,0,0,0,0,0,0,-41000,0,0,0,9000,50000,-41000,-41000
057171,台光電元大9B購01,0,0,0,0,0,0,0,0,0,-41000,0,0,0,39000,80000,-41000,-41000
057056,立積元大99購02  ,0,0,0,0,0,0,0,0,0,-41000,0,0,0,24000,65000,-41000,-41000
056680,華通統一98購04  ,0,0,0,0,0,0,0,0,0,-41000,0,0,0,0,41000,-41000,-41000
047763,旺宏元大94購04  ,0,0,0,0,0,0,0,0,0,-41000,0,0,0,0,41000,-41000,-41000
048153,台積電兆豐94購01,0,0,0,0,0,0,0,0,0,-41000,0,0,0,0,41000,-41000,-41000
04893P,創意元大94售03  ,0,0,0,0,0,0,0,0,0,-41000,0,0,0,29000,70000,-41000,-41000
044817,可成兆豐93購01  ,0,0,0,0,0,0,0,0,0,-41000,0,0,0,104000,145000,-41000,-41000
04924P,元油2X元大94售12,0,0,0,0,0,0,0,0,0,-41000,0,0,0,100000,141000,-41000,-41000
051278,臻鼎中信97購02  ,0,0,0,0,0,0,0,0,0,-41000,0,0,0,0,41000,-41000,-41000
05130P,聯發科統一95售03,0,0,0,0,0,0,0,0,0,-41000,0,0,0,79000,120000,-41000,-41000
051283,亞德客統一95購01,0,0,0,0,0,0,0,0,0,-41000,0,0,0,0,41000,-41000,-41000
051890,智邦元富95購03  ,0,0,0,0,0,0,0,0,0,-41000,0,0,0,20000,61000,-41000,-41000
054551,聯發科凱基98購02,0,0,0,0,0,0,0,0,0,-41000,0,0,0,0,41000,-41000,-41000
055543,為升凱基97購01  ,0,0,0,0,0,0,0,0,0,-41000,0,0,0,24000,65000,-41000,-41000
055275,台積電元大97購19,0,0,0,0,0,0,0,0,0,-41000,0,0,0,464000,505000,-41000,-41000
055023,億光國泰98購01  ,0,0,0,0,0,0,0,0,0,-41000,0,0,0,10000,51000,-41000,-41000
053551,可成凱基96購05  ,0,0,0,0,0,0,0,0,0,-41000,0,0,0,36000,77000,-41000,-41000
053443,智邦凱基97購01  ,0,0,0,0,0,0,0,0,0,-41000,0,0,0,98000,139000,-41000,-41000
053209,台積電凱基96購07,0,0,0,0,0,0,0,0,0,-41000,0,0,0,13000,54000,-41000,-41000
053754,英業達元富96購02,0,0,0,0,0,0,0,0,0,-41000,0,0,0,136000,177000,-41000,-41000
9942,茂順            ,1000,42000,-41000,0,0,0,0,0,0,0,0,0,0,0,0,0,-41000
2227,裕日車          ,9000,52000,-43000,0,0,0,2000,0,2000,0,0,0,0,0,0,0,-41000
1218,泰山            ,65000,108000,-43000,0,0,0,0,0,0,2000,3000,1000,2000,0,0,0,-41000
056669,貿聯國票99購01  ,0,0,0,0,0,0,0,0,0,-42000,0,0,0,28000,70000,-42000,-42000
056659,泰碩元大99購01  ,0,0,0,0,0,0,0,0,0,-42000,0,0,0,0,42000,-42000,-42000
056338,聯發科凱基99購01,0,0,0,0,0,0,0,0,0,-42000,0,0,0,0,42000,-42000,-42000
055930,可成群益98購01  ,0,0,0,0,0,0,0,0,0,-42000,0,0,0,99000,141000,-42000,-42000
056933,國巨元富98購03  ,0,0,0,0,0,0,0,0,0,-42000,0,0,0,218000,260000,-42000,-42000
057459,臺股指富邦99購03,0,0,0,0,0,0,0,0,0,-42000,0,0,0,0,42000,-42000,-42000
046061,中石化凱基98購01,0,0,0,0,0,0,0,0,0,-42000,0,0,0,8000,50000,-42000,-42000
052211,台積電元大95購22,0,0,0,0,0,0,0,0,0,-42000,0,0,0,178000,220000,-42000,-42000
052130,國巨凱基9B購01  ,0,0,0,0,0,0,0,0,0,-42000,0,0,0,61000,103000,-42000,-42000
047618,義隆凱基94購02  ,0,0,0,0,0,0,0,0,0,-42000,0,0,0,0,42000,-42000,-42000
047207,晶技國泰94購01  ,0,0,0,0,0,0,0,0,0,-42000,0,0,0,95000,137000,-42000,-42000
051896,柏文元富95購01  ,0,0,0,0,0,0,0,0,0,-42000,0,0,0,0,42000,-42000,-42000
051209,百和麥證95購01  ,0,0,0,0,42000,-42000,0,0,0,-42000,0,0,0,0,42000,-42000,-42000
052431,茂林永豐95購03  ,0,0,0,0,0,0,0,0,0,-42000,0,0,0,0,42000,-42000,-42000
050925,可成凱基95購02  ,0,0,0,0,0,0,0,0,0,-42000,0,0,0,128000,170000,-42000,-42000
055442,矽創國票98購02  ,0,0,0,0,0,0,0,0,0,-42000,0,0,0,22000,64000,-42000,-42000
054682,東元永豐97購01  ,0,0,0,0,0,0,0,0,0,-42000,0,0,0,26000,68000,-42000,-42000
1598,岱宇            ,10000,53000,-43000,0,0,0,0,0,0,1000,1000,0,1000,0,0,0,-42000
2816,旺旺保          ,5000,47000,-42000,0,0,0,0,0,0,0,0,0,0,0,0,0,-42000
8422,可寧衛          ,21000,66000,-45000,0,0,0,0,0,0,3000,0,0,0,3000,0,3000,-42000
057161,亞德客元大98購02,0,0,0,0,0,0,0,0,0,-43000,0,0,0,0,43000,-43000,-43000
057437,可成國票99購01  ,0,0,0,0,0,0,0,0,0,-43000,0,0,0,72000,115000,-43000,-43000
056053,和大元大97購05  ,0,0,0,0,0,0,0,0,0,-43000,0,0,0,0,43000,-43000,-43000
055642,廣宇元富97購01  ,0,0,0,0,0,0,0,0,0,-43000,0,0,0,7000,50000,-43000,-43000
056713,華擎永豐98購01  ,0,0,0,0,0,0,0,0,0,-43000,0,0,0,115000,158000,-43000,-43000
047196,上銀統一97購01  ,0,0,0,0,0,0,0,0,0,-43000,0,0,0,70000,113000,-43000,-43000
048203,矽力元大93購02  ,0,0,0,0,0,0,0,0,0,-43000,0,0,0,17000,60000,-43000,-43000
048012,嘉晶國票94購01  ,0,0,0,0,0,0,0,0,0,-43000,0,0,0,79000,122000,-43000,-43000
047880,聯發科國泰94購03,0,0,0,0,0,0,0,0,0,-43000,0,0,0,6000,49000,-43000,-43000
048986,訊連元大94購01  ,0,0,0,0,0,0,0,0,0,-43000,0,0,0,17000,60000,-43000,-43000
044187,泰鼎國泰93購01  ,0,0,0,0,0,0,0,0,0,-43000,0,0,0,12000,55000,-43000,-43000
04426P,佳世達康和94售02,0,0,0,0,0,0,0,0,0,-43000,0,0,0,0,43000,-43000,-43000
00680L,元大美債20正2   ,0,0,0,0,0,0,0,0,0,-43000,0,0,0,210000,253000,-43000,-43000
051697,康友中信95購02  ,0,0,0,0,0,0,0,0,0,-43000,0,0,0,5000,48000,-43000,-43000
050456,聯茂元大94購09  ,0,0,0,0,0,0,0,0,0,-43000,0,0,0,20000,63000,-43000,-43000
049986,嘉澤凱基94購02  ,0,0,0,0,0,0,0,0,0,-43000,0,0,0,10000,53000,-43000,-43000
049459,全新元富95購02  ,0,0,0,0,0,0,0,0,0,-43000,0,0,0,10000,53000,-43000,-43000
050784,美律國泰96購01  ,0,0,0,0,0,0,0,0,0,-43000,0,0,0,10000,53000,-43000,-43000
051101,台表科元大96購02,0,0,0,0,0,0,0,0,0,-43000,0,0,0,0,43000,-43000,-43000
051272,嘉晶群益95購01  ,0,0,0,0,0,0,0,0,0,-43000,0,0,0,156000,199000,-43000,-43000
055320,建準國票98購01  ,0,0,0,0,0,0,0,0,0,-43000,0,0,0,0,43000,-43000,-43000
05555P,健策群益98售01  ,0,0,0,0,0,0,0,0,0,-43000,0,0,0,0,43000,-43000,-43000
055509,訊芯元大97購03  ,0,0,0,0,0,0,0,0,0,-43000,0,0,0,9000,52000,-43000,-43000
055503,健策元大98購05  ,0,0,0,0,0,0,0,0,0,-43000,0,0,0,100000,143000,-43000,-43000
053798,台積電中信98購02,0,0,0,0,0,0,0,0,0,-43000,0,0,0,117000,160000,-43000,-43000
054061,晶技國票97購03  ,0,0,0,0,0,0,0,0,0,-43000,0,0,0,60000,103000,-43000,-43000
6491,晶碩            ,0,43000,-43000,0,0,0,0,0,0,0,0,0,0,0,0,0,-43000
2010,春源            ,1000,43000,-42000,0,0,0,0,0,0,-1000,0,1000,-1000,0,0,0,-43000
1451,年興            ,3000,45000,-42000,0,0,0,0,0,0,-1000,0,1000,-1000,0,0,0,-43000
4938,和碩            ,3076000,3298505,-222505,0,0,0,55000,0,55000,124000,176000,8000,168000,64000,108000,-44000,-43505
056348,S&P反1元大9A購01,0,0,0,0,0,0,0,0,0,-44000,0,0,0,23000,67000,-44000,-44000
056314,力成元大97購01  ,0,0,0,0,0,0,0,0,0,-44000,0,0,0,0,44000,-44000,-44000
057027,祥碩凱基98購01  ,0,0,0,0,0,0,0,0,0,-44000,0,0,0,0,44000,-44000,-44000
042317,台灣50永豐96購01,0,0,0,0,0,0,0,0,0,-44000,0,0,0,53000,97000,-44000,-44000
045669,華通元大93購02  ,0,0,0,0,0,0,0,0,0,-44000,0,0,0,18000,62000,-44000,-44000
046383,群創凱基98購01  ,0,0,0,0,0,0,0,0,0,-44000,0,0,0,0,44000,-44000,-44000
048780,臺股指凱基94購03,0,0,0,0,0,0,0,0,0,-44000,0,0,0,5000,49000,-44000,-44000
048128,超眾元大95購01  ,0,0,0,0,0,0,0,0,0,-44000,0,0,0,9000,53000,-44000,-44000
047177,上銀元大93購05  ,0,0,0,0,0,0,0,0,0,-44000,0,0,0,0,44000,-44000,-44000
052533,聯發科國泰96購03,0,0,0,0,0,0,0,0,0,-44000,0,0,0,0,44000,-44000,-44000
051482,玉晶光凱基96購01,0,0,0,0,0,0,0,0,0,-44000,0,0,0,177000,221000,-44000,-44000
050505,可成凱基94購12  ,0,0,0,0,0,0,0,0,0,-44000,0,0,0,24000,68000,-44000,-44000
050535,台表科群益94購02,0,0,0,0,0,0,0,0,0,-44000,0,0,0,35000,79000,-44000,-44000
055437,禾伸堂中信99購01,0,0,0,0,0,0,0,0,0,-44000,0,0,0,52000,96000,-44000,-44000
055284,全新元大99購01  ,0,0,0,0,0,0,0,0,0,-44000,0,0,0,0,44000,-44000,-44000
055209,勤誠康和97購01  ,0,0,0,0,0,0,0,0,0,-44000,0,0,0,0,44000,-44000,-44000
3031,佰鴻            ,28000,74000,-46000,0,0,0,0,0,0,2000,4000,2000,2000,0,0,0,-44000
6525,捷敏-KY         ,17000,61000,-44000,0,0,0,0,0,0,0,0,0,0,0,0,0,-44000
2476,鉅祥            ,1000,45000,-44000,0,0,0,0,0,0,0,0,0,0,0,0,0,-44000
06247P,同欣電元富97售02,0,0,0,0,0,0,0,0,0,-44000,0,0,0,20000,64000,-44000,-44000
057396,健鼎中信99購01  ,0,0,0,0,0,0,0,0,0,-45000,0,0,0,60000,105000,-45000,-45000
057266,TPK兆豐98購02   ,0,0,0,0,0,0,0,0,0,-45000,0,0,0,5000,50000,-45000,-45000
057559,可成兆豐99購02  ,0,0,0,0,0,0,0,0,0,-45000,0,0,0,104000,149000,-45000,-45000
056250,瑞昱兆豐97購02  ,0,0,0,0,0,0,0,0,0,-45000,0,0,0,70000,115000,-45000,-45000
056771,嘉晶元大99購01  ,0,0,0,0,0,0,0,0,0,-45000,0,0,0,137000,182000,-45000,-45000
055698,茂林國票98購03  ,0,0,0,0,0,0,0,0,0,-45000,0,0,0,17000,62000,-45000,-45000
056172,鴻海元富97購11  ,0,0,0,0,0,0,0,0,0,-45000,0,0,0,10000,55000,-45000,-45000
048426,超眾元富93購01  ,0,0,0,0,0,0,0,0,0,-45000,0,0,0,34000,79000,-45000,-45000
044184,南亞科國泰93購01,0,0,0,0,0,0,0,0,0,-45000,0,0,0,0,45000,-45000,-45000
044465,元油2X群益97購01,0,0,0,0,0,0,0,0,0,-45000,0,0,0,10000,55000,-45000,-45000
044362,元油2X中信94購01,0,0,0,0,0,0,0,0,0,-45000,0,0,0,0,45000,-45000,-45000
03821P,上海銀統一95售01,0,0,0,0,0,0,0,0,0,-45000,0,0,0,0,45000,-45000,-45000
050823,信邦凱基95購01  ,0,0,0,0,0,0,0,0,0,-45000,0,0,0,110000,155000,-45000,-45000
049705,緯穎元大94購05  ,0,0,0,0,0,0,0,0,0,-45000,0,0,0,8000,53000,-45000,-45000
051487,健策凱基96購03  ,0,0,0,0,0,0,0,0,0,-45000,0,0,0,30000,75000,-45000,-45000
051592,健策元大96購05  ,0,0,0,0,0,0,0,0,0,-45000,0,0,0,9000,54000,-45000,-45000
051193,新日興兆豐96購01,0,0,0,0,0,0,0,0,0,-45000,0,0,0,5000,50000,-45000,-45000
052715,可成凱基96購01  ,0,0,0,0,0,0,0,0,0,-45000,0,0,0,56000,101000,-45000,-45000
055564,茂林凱基98購01  ,0,0,0,0,0,0,0,0,0,-45000,0,0,0,0,45000,-45000,-45000
054730,上証2X凱基98購02,0,0,0,0,0,0,0,0,0,-45000,0,0,0,0,45000,-45000,-45000
054731,S&P反1凱基98購01,0,0,0,0,0,0,0,0,0,-45000,0,0,0,0,45000,-45000,-45000
054132,聯發科元大97購10,0,0,0,0,0,0,0,0,0,-45000,0,0,0,82000,127000,-45000,-45000
054143,茂林元大96購04  ,0,0,0,0,0,0,0,0,0,-45000,0,0,0,68000,113000,-45000,-45000
053509,華新群益98購01  ,0,0,0,0,0,0,0,0,0,-45000,0,0,0,11000,56000,-45000,-45000
053293,聯發科中信9B購01,0,0,0,0,0,0,0,0,0,-45000,0,0,0,0,45000,-45000,-45000
2059,川湖            ,100000,148000,-48000,0,0,0,0,0,0,3000,10000,2000,8000,0,5000,-5000,-45000
2731,雄獅            ,7000,52000,-45000,0,0,0,0,0,0,0,0,0,0,0,0,0,-45000
2702,華園            ,17000,62000,-45000,0,0,0,0,0,0,0,0,0,0,0,0,0,-45000
8462,柏文            ,20000,17000,3000,0,0,0,0,48000,-48000,0,0,0,0,0,0,0,-45000
9941,裕融            ,38000,85000,-47000,0,0,0,2000,0,2000,0,0,0,0,0,0,0,-45000
3024,憶聲            ,0,44000,-44000,0,0,0,0,0,0,-1000,0,1000,-1000,0,0,0,-45000
5243,乙盛-KY         ,32000,78000,-46000,0,0,0,0,0,0,1000,3000,2000,1000,0,0,0,-45000
056141,聯茂元大97購05  ,0,0,0,0,0,0,0,0,0,-46000,0,0,0,63000,109000,-46000,-46000
056050,晶技國票98購01  ,0,0,0,0,0,0,0,0,0,-46000,0,0,0,0,46000,-46000,-46000
05630P,大立光永昌96售06,0,0,0,0,0,0,0,0,0,-46000,0,0,0,159000,205000,-46000,-46000
056431,鴻海凱基98購07  ,0,0,0,0,0,0,0,0,0,-46000,0,0,0,23000,69000,-46000,-46000
056422,全新統一98購02  ,0,0,0,0,0,0,0,0,0,-46000,0,0,0,70000,116000,-46000,-46000
057588,南亞科國票99購01,0,0,0,0,0,0,0,0,0,-46000,0,0,0,0,46000,-46000,-46000
057159,晶技永豐98購01  ,0,0,0,0,0,0,0,0,0,-46000,0,0,0,24000,70000,-46000,-46000
057457,華邦電富邦98購01,0,0,0,0,0,0,0,0,0,-46000,0,0,0,63000,109000,-46000,-46000
04322P,可成元大94售01  ,0,0,0,0,0,0,0,0,0,-46000,0,0,0,0,46000,-46000,-46000
049003,智邦中信95購01  ,0,0,0,0,0,0,0,0,0,-46000,0,0,0,102000,148000,-46000,-46000
04694P,TPK台新94售02   ,0,0,0,0,0,0,0,0,0,-46000,0,0,0,0,46000,-46000,-46000
051138,訊連永豐95購01  ,0,0,0,0,0,0,0,0,0,-46000,0,0,0,3000,49000,-46000,-46000
051577,台積電元大97購03,0,0,0,0,0,0,0,0,0,-46000,0,0,0,235000,281000,-46000,-46000
051704,智邦群益95購02  ,0,0,0,0,0,0,0,0,0,-46000,0,0,0,33000,79000,-46000,-46000
04941P,台達電台新94售02,0,0,0,0,0,0,0,0,0,-46000,0,0,0,0,46000,-46000,-46000
050033,日月光元大94購01,0,0,0,0,0,0,0,0,0,-46000,0,0,0,4000,50000,-46000,-46000
053496,義隆兆豐96購02  ,0,0,0,0,0,0,0,0,0,-46000,0,0,0,0,46000,-46000,-46000
052977,奇力新麥證97購01,0,0,0,46000,92000,-46000,0,0,0,-46000,0,0,0,46000,92000,-46000,-46000
052962,台積電凱基97購03,0,0,0,0,0,0,0,0,0,-46000,0,0,0,0,46000,-46000,-46000
054845,智邦兆豐98購01  ,0,0,0,0,0,0,0,0,0,-46000,0,0,0,169000,215000,-46000,-46000
055337,超眾兆豐98購01  ,0,0,0,0,0,0,0,0,0,-46000,0,0,0,270000,316000,-46000,-46000
8215,明基材          ,452000,359000,93000,0,0,0,0,0,0,-139000,0,3000,-3000,0,136000,-136000,-46000
6605,帝寶            ,7000,53000,-46000,0,0,0,0,0,0,0,0,0,0,0,0,0,-46000
1723,中碳            ,30000,76000,-46000,0,0,0,0,0,0,0,0,0,0,0,0,0,-46000
06261P,上銀凱基97售03  ,0,0,0,0,0,0,0,0,0,-46000,0,0,0,61000,107000,-46000,-46000
06520P,元油2X元大98售04,0,0,0,0,0,0,0,0,0,-46000,0,0,0,51000,97000,-46000,-46000
057318,台光電凱基9A購01,0,0,0,0,0,0,0,0,0,-47000,0,0,0,33000,80000,-47000,-47000
057237,群創凱基9B購02  ,0,0,0,0,0,0,0,0,0,-47000,0,0,0,0,47000,-47000,-47000
05708P,奇力新國票97售04,0,0,0,0,0,0,0,0,0,-47000,0,0,0,0,47000,-47000,-47000
056871,新日興日盛99購01,0,0,0,0,0,0,0,0,0,-47000,0,0,0,21000,68000,-47000,-47000
05884P,旺宏統一96售01  ,0,0,0,0,0,0,0,0,0,-47000,0,0,0,63000,110000,-47000,-47000
05895P,奇力新群益96售03,0,0,0,0,0,0,0,0,0,-47000,0,0,0,63000,110000,-47000,-47000
056324,南亞科兆豐98購01,0,0,0,0,0,0,0,0,0,-47000,0,0,0,22000,69000,-47000,-47000
056806,元油2X統一98購02,0,0,0,0,0,0,0,0,0,-47000,0,0,0,2000,49000,-47000,-47000
056133,可成元大97購05  ,0,0,0,0,0,0,0,0,0,-47000,0,0,0,71000,118000,-47000,-47000
046770,聯發科國泰94購01,0,0,0,0,0,0,0,0,0,-47000,0,0,0,57000,104000,-47000,-47000
048653,巨大元大96購02  ,0,0,0,0,0,0,0,0,0,-47000,0,0,0,50000,97000,-47000,-47000
044426,欣興國泰93購02  ,0,0,0,0,0,0,0,0,0,-47000,0,0,0,23000,70000,-47000,-47000
047393,景碩元大93購02  ,0,0,0,0,0,0,0,0,0,-47000,0,0,0,23000,70000,-47000,-47000
055546,台積電凱基97購12,0,0,0,0,0,0,0,0,0,-47000,0,0,0,20000,67000,-47000,-47000
052903,致茂國票97購01  ,0,0,0,0,0,0,0,0,0,-47000,0,0,0,4000,51000,-47000,-47000
053485,矽創國票97購04  ,0,0,0,0,0,0,0,0,0,-47000,0,0,0,25000,72000,-47000,-47000
054167,揚明光凱基98購01,0,0,0,0,0,0,0,0,0,-47000,0,0,0,3000,50000,-47000,-47000
054106,元油反凱基9C購01,0,0,0,0,0,0,0,0,0,-47000,0,0,0,22000,69000,-47000,-47000
054007,貿聯統一96購01  ,0,0,0,0,0,0,0,0,0,-47000,0,0,0,1000,48000,-47000,-47000
06492P,上銀永豐98售01  ,0,0,0,0,0,0,0,0,0,-47000,0,0,0,165000,212000,-47000,-47000
06213P,大立光元大98售07,0,0,0,0,0,0,0,0,0,-47000,0,0,0,322000,369000,-47000,-47000
2436,偉詮電          ,20000,67000,-47000,0,0,0,0,0,0,0,0,0,0,0,0,0,-47000
2431,聯昌            ,24000,69000,-45000,0,0,0,0,0,0,-2000,0,2000,-2000,0,0,0,-47000
6541,泰福-KY         ,84000,131000,-47000,0,0,0,0,0,0,0,0,0,0,0,0,0,-47000
6108,競國            ,33000,80000,-47000,0,0,0,0,0,0,0,0,0,0,0,0,0,-47000
4532,瑞智            ,35000,82000,-47000,0,0,0,0,0,0,0,0,0,0,0,0,0,-47000
4306,炎洲            ,21000,70000,-49000,0,0,0,0,0,0,2000,4000,2000,2000,0,0,0,-47000
6552,易華電          ,62000,98050,-36050,0,0,0,0,0,0,-11000,5000,0,5000,0,16000,-16000,-47050
056025,嘉晶群益97購01  ,0,0,0,0,0,0,0,0,0,-48000,0,0,0,101000,149000,-48000,-48000
055974,上銀統一97購05  ,0,0,0,0,0,0,0,0,0,-48000,0,0,0,0,48000,-48000,-48000
055717,聯發科元大97購19,0,0,0,0,0,0,0,0,0,-48000,0,0,0,32000,80000,-48000,-48000
055749,智邦永昌9C購01  ,0,0,0,0,0,0,0,0,0,-48000,0,0,0,0,48000,-48000,-48000
056683,台積電統一98購05,0,0,0,0,0,0,0,0,0,-48000,0,0,0,0,48000,-48000,-48000
05670P,台積電國票98售01,0,0,0,0,0,0,0,0,0,-48000,0,0,0,2000,50000,-48000,-48000
056642,旺宏凱基98購07  ,0,0,0,0,0,0,0,0,0,-48000,0,0,0,113000,161000,-48000,-48000
056277,上銀富邦99購02  ,0,0,0,0,0,0,0,0,0,-48000,0,0,0,11000,59000,-48000,-48000
056267,文曄統一97購02  ,0,0,0,0,0,0,0,0,0,-48000,0,0,0,0,48000,-48000,-48000
056376,玉晶光統一98購01,0,0,0,0,0,0,0,0,0,-48000,0,0,0,206000,254000,-48000,-48000
05858P,矽力中信96售01  ,0,0,0,0,0,0,0,0,0,-48000,0,0,0,109000,157000,-48000,-48000
057727,華邦電國泰9A購01,0,0,0,0,0,0,0,0,0,-48000,0,0,0,62000,110000,-48000,-48000
056980,建準群益98購02  ,0,0,0,0,0,0,0,0,0,-48000,0,0,0,2000,50000,-48000,-48000
057231,美律凱基98購05  ,0,0,0,0,0,0,0,0,0,-48000,0,0,0,20000,68000,-48000,-48000
048450,聯詠凱基93購09  ,0,0,0,0,0,0,0,0,0,-48000,0,0,0,0,48000,-48000,-48000
044852,華邦電國泰93購02,0,0,0,0,0,0,0,0,0,-48000,0,0,0,0,48000,-48000,-48000
04772P,欣興元大94售08  ,0,0,0,0,0,0,0,0,0,-48000,0,0,0,0,48000,-48000,-48000
048305,深100凱基96購01 ,0,0,0,0,0,0,0,0,0,-48000,0,0,0,96000,144000,-48000,-48000
050500,台積電凱基94購36,0,0,0,0,0,0,0,0,0,-48000,0,0,0,92000,140000,-48000,-48000
051000,台郡元大96購01  ,0,0,0,0,0,0,0,0,0,-48000,0,0,0,40000,88000,-48000,-48000
051112,台郡統一95購01  ,0,0,0,0,0,0,0,0,0,-48000,0,0,0,38000,86000,-48000,-48000
050919,台積電凱基95購03,0,0,0,0,0,0,0,0,0,-48000,0,0,0,220000,268000,-48000,-48000
055232,泰碩國票98購01  ,0,0,0,0,0,0,0,0,0,-48000,0,0,0,27000,75000,-48000,-48000
054816,聯發科元大97購12,0,0,0,0,0,0,0,0,0,-48000,0,0,0,50000,98000,-48000,-48000
054535,旺宏富邦97購02  ,0,0,0,0,0,0,0,0,0,-48000,0,0,0,5000,53000,-48000,-48000
9927,泰銘            ,1000,49000,-48000,0,0,0,0,0,0,0,0,0,0,0,0,0,-48000
2374,佳能            ,19000,65000,-46000,0,0,0,0,0,0,-2000,0,2000,-2000,0,0,0,-48000
06309P,光罩元富97售03  ,0,0,0,0,0,0,0,0,0,-48000,0,0,0,12000,60000,-48000,-48000
06167P,欣興國票97售05  ,0,0,0,0,0,0,0,0,0,-48000,0,0,0,0,48000,-48000,-48000
057132,華新科凱基98購05,0,0,0,0,0,0,0,0,0,-49000,0,0,0,15000,64000,-49000,-49000
056294,上銀元大97購11  ,0,0,0,0,0,0,0,0,0,-49000,0,0,0,17000,66000,-49000,-49000
056639,國產康和98購01  ,0,0,0,0,0,0,0,0,0,-49000,0,0,0,0,49000,-49000,-49000
056780,元油2X群益9A購03,0,0,0,0,0,0,0,0,0,-49000,0,0,0,2000,51000,-49000,-49000
055755,禾伸堂兆豐97購02,0,0,0,0,0,0,0,0,0,-49000,0,0,0,51000,100000,-49000,-49000
055949,亞德客元大97購04,0,0,0,0,0,0,0,0,0,-49000,0,0,0,29000,78000,-49000,-49000
055932,玉山金群益99購01,0,0,0,0,0,0,0,0,0,-49000,0,0,0,30000,79000,-49000,-49000
056183,南亞科統一97購02,0,0,0,0,0,0,0,0,0,-49000,0,0,0,0,49000,-49000,-49000
046949,群創元大99購01  ,0,0,0,0,0,0,0,0,0,-49000,0,0,0,160000,209000,-49000,-49000
048471,旭富永豐93購01  ,0,0,0,0,0,0,0,0,0,-49000,0,0,0,36000,85000,-49000,-49000
04466P,大立光元富94售04,0,0,0,0,0,0,0,0,0,-49000,0,0,0,1000,50000,-49000,-49000
046480,群創元富96購01  ,0,0,0,0,0,0,0,0,0,-49000,0,0,0,71000,120000,-49000,-49000
050192,康控元大97購01  ,0,0,0,0,0,0,0,0,0,-49000,0,0,0,10000,59000,-49000,-49000
050082,聯發科統一94購08,0,0,0,0,0,0,0,0,0,-49000,0,0,0,0,49000,-49000,-49000
051081,聯茂富邦96購01  ,0,0,0,0,0,0,0,0,0,-49000,0,0,0,3000,52000,-49000,-49000
05284P,鴻海兆豐95售04  ,0,0,0,0,0,0,0,0,0,-49000,0,0,0,21000,70000,-49000,-49000
053501,明泰兆豐96購01  ,0,0,0,0,0,0,0,0,0,-49000,0,0,0,0,49000,-49000,-49000
052952,矽創國票97購02  ,0,0,0,0,0,0,0,0,0,-49000,0,0,0,37000,86000,-49000,-49000
06680P,智邦元大98售06  ,0,0,0,0,0,0,0,0,0,-49000,0,0,0,158000,207000,-49000,-49000
4942,嘉彰            ,16000,65000,-49000,0,0,0,0,0,0,0,0,0,0,0,0,0,-49000
056132,台光電元大97購03,0,0,0,0,0,0,0,0,0,-50000,0,0,0,46000,96000,-50000,-50000
055956,瑞昱元大97購05  ,0,0,0,0,0,0,0,0,0,-50000,0,0,0,0,50000,-50000,-50000
056041,禾伸堂凱基98購03,0,0,0,0,0,0,0,0,0,-50000,0,0,0,10000,60000,-50000,-50000
05601P,鴻海元大97售04  ,0,0,0,0,0,0,0,0,0,-50000,0,0,0,524000,574000,-50000,-50000
055742,健策元富97購02  ,0,0,0,0,0,0,0,0,0,-50000,0,0,0,10000,60000,-50000,-50000
055872,亞泥元富97購01  ,0,0,0,0,0,0,0,0,0,-50000,0,0,0,50000,100000,-50000,-50000
055877,奇鋐元富97購01  ,0,0,0,0,0,0,0,0,0,-50000,0,0,0,20000,70000,-50000,-50000
05665P,台積電凱基96售08,0,0,0,0,0,0,0,0,0,-50000,0,0,0,61000,111000,-50000,-50000
056253,京鼎兆豐98購01  ,0,0,0,0,0,0,0,0,0,-50000,0,0,0,0,50000,-50000,-50000
05701P,彩晶凱基96售01  ,0,0,0,0,0,0,0,0,0,-50000,0,0,0,100000,150000,-50000,-50000
056851,瑞儀元富98購01  ,0,0,0,0,0,0,0,0,0,-50000,0,0,0,10000,60000,-50000,-50000
057173,南亞科元大98購04,0,0,0,0,0,0,0,0,0,-50000,0,0,0,20000,70000,-50000,-50000
057620,康控凱基99購01  ,0,0,0,0,0,0,0,0,0,-50000,0,0,0,0,50000,-50000,-50000
057634,道瓊反元大99購01,0,0,0,0,0,0,0,0,0,-50000,0,0,0,0,50000,-50000,-50000
05993P,國巨元大96售13  ,0,0,0,0,0,0,0,0,0,-50000,0,0,0,0,50000,-50000,-50000
044643,滬深2X群益96購01,0,0,0,0,0,0,0,0,0,-50000,0,0,0,0,50000,-50000,-50000
04474P,聯發科元大94售03,0,0,0,0,0,0,0,0,0,-50000,0,0,0,30000,80000,-50000,-50000
048616,智伸科凱基93購07,0,0,0,0,0,0,0,0,0,-50000,0,0,0,0,50000,-50000,-50000
044809,道瓊反國票93購01,0,0,0,0,0,0,0,0,0,-50000,0,0,0,0,50000,-50000,-50000
03202P,聯電凱基01售03  ,0,0,0,0,0,0,0,0,0,-50000,0,0,0,0,50000,-50000,-50000
03917P,鴻海凱基94售07  ,0,0,0,0,0,0,0,0,0,-50000,0,0,0,0,50000,-50000,-50000
04141P,啟碁國票93售01  ,0,0,0,0,0,0,0,0,0,-50000,0,0,0,10000,60000,-50000,-50000
03629C,元油2X元富98牛06,0,0,0,0,0,0,0,0,0,-50000,0,0,0,1000,51000,-50000,-50000
04773P,金融類元大94售01,0,0,0,0,0,0,0,0,0,-50000,0,0,0,0,50000,-50000,-50000
048131,全新國票94購02  ,0,0,0,0,0,0,0,0,0,-50000,0,0,0,0,50000,-50000,-50000
048259,新日興統一93購01,0,0,0,0,0,0,0,0,0,-50000,0,0,0,0,50000,-50000,-50000
048302,上証反凱基93購01,0,0,0,0,0,0,0,0,0,-50000,0,0,0,0,50000,-50000,-50000
048348,矽力元大93購03  ,0,0,0,0,0,0,0,0,0,-50000,0,0,0,10000,60000,-50000,-50000
052396,台積電凱基97購01,0,0,0,0,0,0,0,0,0,-50000,0,0,0,0,50000,-50000,-50000
052752,臺股指元大96購06,0,0,0,0,0,0,0,0,0,-50000,0,0,0,0,50000,-50000,-50000
052521,友達元大9B購01  ,0,0,0,0,0,0,0,0,0,-50000,0,0,0,73000,123000,-50000,-50000
049292,鴻海群益94購04  ,0,0,0,0,0,0,0,0,0,-50000,0,0,0,1000,51000,-50000,-50000
050446,鴻海元大94購22  ,0,0,0,0,0,0,0,0,0,-50000,0,0,0,11000,61000,-50000,-50000
051534,景碩國票97購01  ,0,0,0,0,0,0,0,0,0,-50000,0,0,0,65000,115000,-50000,-50000
051289,大立光統一96購01,0,0,0,0,0,0,0,0,0,-50000,0,0,0,0,50000,-50000,-50000
051421,彩晶國票95購01  ,0,0,0,0,0,0,0,0,0,-50000,0,0,0,0,50000,-50000,-50000
049501,台郡元大95購01  ,0,0,0,0,0,0,0,0,0,-50000,0,0,0,0,50000,-50000,-50000
049579,鴻海元大94購06  ,0,0,0,0,0,0,0,0,0,-50000,0,0,0,0,50000,-50000,-50000
049542,鴻海群益94購05  ,0,0,0,0,0,0,0,0,0,-50000,0,0,0,0,50000,-50000,-50000
051945,智邦統一95購03  ,0,0,0,0,0,0,0,0,0,-50000,0,0,0,0,50000,-50000,-50000
051096,日月光元大95購01,0,0,0,0,0,0,0,0,0,-50000,0,0,0,0,50000,-50000,-50000
051120,南亞科群益95購01,0,0,0,0,0,0,0,0,0,-50000,0,0,0,24000,74000,-50000,-50000
04944P,元油2X永豐94售06,0,0,0,0,0,0,0,0,0,-50000,0,0,0,11000,61000,-50000,-50000
050513,亞泥元大94購02  ,0,0,0,0,0,0,0,0,0,-50000,0,0,0,0,50000,-50000,-50000
050561,上証2X元富97購01,0,0,0,0,0,0,0,0,0,-50000,0,0,0,0,50000,-50000,-50000
050241,聯發科凱基94購14,0,0,0,0,0,0,0,0,0,-50000,0,0,0,0,50000,-50000,-50000
050004,明泰永豐94購01  ,0,0,0,0,0,0,0,0,0,-50000,0,0,0,0,50000,-50000,-50000
049884,訊芯永豐94購01  ,0,0,0,0,0,0,0,0,0,-50000,0,0,0,0,50000,-50000,-50000
049641,台達電凱基94購08,0,0,0,0,0,0,0,0,0,-50000,0,0,0,10000,60000,-50000,-50000
053067,牧德群益96購01  ,0,0,0,0,0,0,0,0,0,-50000,0,0,0,57000,107000,-50000,-50000
052906,緯創國票97購01  ,0,0,0,0,0,0,0,0,0,-50000,0,0,0,0,50000,-50000,-50000
053152,大立光元大99購01,0,0,0,0,0,0,0,0,0,-50000,0,0,0,20000,70000,-50000,-50000
053491,鴻海兆豐97購02  ,0,0,0,0,0,0,0,0,0,-50000,0,0,0,0,50000,-50000,-50000
053309,泰鼎凱基96購03  ,0,0,0,0,0,0,0,0,0,-50000,0,0,0,0,50000,-50000,-50000
053381,友達元大9A購02  ,0,0,0,0,0,0,0,0,0,-50000,0,0,0,71000,121000,-50000,-50000
054008,大立光元富96購06,0,0,0,0,0,0,0,0,0,-50000,0,0,0,4000,54000,-50000,-50000
053993,旺宏群益98購02  ,0,0,0,0,0,0,0,0,0,-50000,0,0,0,43000,93000,-50000,-50000
054216,聯茂國票97購03  ,0,0,0,0,0,0,0,0,0,-50000,0,0,0,10000,60000,-50000,-50000
054269,台光電亞東98購01,0,0,0,0,0,0,0,0,0,-50000,0,0,0,0,50000,-50000,-50000
054634,FB上証中信99購01,0,0,0,0,0,0,0,0,0,-50000,0,0,0,20000,70000,-50000,-50000
05432P,國巨元富95售07  ,0,0,0,0,0,0,0,0,0,-50000,0,0,0,0,50000,-50000,-50000
054446,美食兆豐97購01  ,0,0,0,0,0,0,0,0,0,-50000,0,0,0,0,50000,-50000,-50000
054467,隆達凱基97購01  ,0,0,0,0,0,0,0,0,0,-50000,0,0,0,0,50000,-50000,-50000
054413,台光電元大96購03,0,0,0,0,0,0,0,0,0,-50000,0,0,0,0,50000,-50000,-50000
054817,聯發科元大97購13,0,0,0,0,0,0,0,0,0,-50000,0,0,0,0,50000,-50000,-50000
054804,南亞元大9A購01  ,0,0,0,0,0,0,0,0,0,-50000,0,0,0,100000,150000,-50000,-50000
054764,亞光國票98購01  ,0,0,0,0,0,0,0,0,0,-50000,0,0,0,0,50000,-50000,-50000
055240,京元電元富97購01,0,0,0,0,0,0,0,0,0,-50000,0,0,0,0,50000,-50000,-50000
05524P,瀚宇博國票97售02,0,0,0,0,0,0,0,0,0,-50000,0,0,0,0,50000,-50000,-50000
055160,玉晶光元大99購03,0,0,0,0,0,0,0,0,0,-50000,0,0,0,306000,356000,-50000,-50000
055153,台光電元大98購02,0,0,0,0,0,0,0,0,0,-50000,0,0,0,5000,55000,-50000,-50000
054990,凌陽元富97購01  ,0,0,0,0,0,0,0,0,0,-50000,0,0,0,0,50000,-50000,-50000
055010,佐登元富97購01  ,0,0,0,0,0,0,0,0,0,-50000,0,0,0,0,50000,-50000,-50000
055567,訊芯凱基98購02  ,0,0,0,0,0,0,0,0,0,-50000,0,0,0,0,50000,-50000,-50000
6206,飛捷            ,23000,73000,-50000,0,0,0,0,0,0,0,0,0,0,0,0,0,-50000
06679P,旺宏元大98售09  ,0,0,0,0,0,0,0,0,0,-50000,0,0,0,0,50000,-50000,-50000
06466P,台積電統一9B售01,0,0,0,0,0,0,0,0,0,-50000,0,0,0,0,50000,-50000,-50000
06369P,台積電凱基97售16,0,0,0,0,0,0,0,0,0,-50000,0,0,0,0,50000,-50000,-50000
06450P,聯發科元大98售03,0,0,0,0,0,0,0,0,0,-50000,0,0,0,21000,71000,-50000,-50000
06330P,南亞科群益97售03,0,0,0,0,0,0,0,0,0,-50000,0,0,0,11000,61000,-50000,-50000
06262P,國巨凱基97售07  ,0,0,0,0,0,0,0,0,0,-50000,0,0,0,0,50000,-50000,-50000
1447,力鵬            ,21000,70000,-49000,0,0,0,0,0,0,-1000,0,1000,-1000,0,0,0,-50000
056984,嘉晶群益98購01  ,0,0,0,0,0,0,0,0,0,-51000,0,0,0,19000,70000,-51000,-51000
057153,祥碩國泰99購01  ,0,0,0,0,0,0,0,0,0,-51000,0,0,0,0,51000,-51000,-51000
056464,臺股指凱基99購06,0,0,0,0,0,0,0,0,0,-51000,0,0,0,90000,141000,-51000,-51000
056752,國巨兆豐98購02  ,0,0,0,0,0,0,0,0,0,-51000,0,0,0,9000,60000,-51000,-51000
052270,力成日盛95購01  ,0,0,0,0,0,0,0,0,0,-51000,0,0,0,44000,95000,-51000,-51000
047822,臺股指凱基93購16,0,0,0,0,0,0,0,0,0,-51000,0,0,0,8000,59000,-51000,-51000
047886,京元電富邦95購01,0,0,0,0,0,0,0,0,0,-51000,0,0,0,1000,52000,-51000,-51000
042089,台灣50中信94購03,0,0,0,0,0,0,0,0,0,-51000,0,0,0,40000,91000,-51000,-51000
03976P,智原元大93售02  ,0,0,0,0,0,0,0,0,0,-51000,0,0,0,0,51000,-51000,-51000
045662,華邦電統一94購02,0,0,0,0,0,0,0,0,0,-51000,0,0,0,1000,52000,-51000,-51000
051052,台積電群益95購01,0,0,0,0,0,0,0,0,0,-51000,0,0,0,33000,84000,-51000,-51000
051224,華通群益96購03  ,0,0,0,0,0,0,0,0,0,-51000,0,0,0,20000,71000,-51000,-51000
052833,康控群益96購01  ,0,0,0,0,0,0,0,0,0,-51000,0,0,0,17000,68000,-51000,-51000
054786,全新群益99購02  ,0,0,0,0,0,0,0,0,0,-51000,0,0,0,0,51000,-51000,-51000
054579,聯茂元大97購01  ,0,0,0,0,0,0,0,0,0,-51000,0,0,0,114000,165000,-51000,-51000
054179,上海銀台新97購01,0,0,0,0,0,0,0,0,0,-51000,0,0,0,10000,61000,-51000,-51000
053189,聯發科統一96購05,0,0,0,0,0,0,0,0,0,-51000,0,0,0,0,51000,-51000,-51000
06282P,聯鈞永豐97售02  ,0,0,0,0,0,0,0,0,0,-51000,0,0,0,0,51000,-51000,-51000
8463,潤泰材          ,58000,109000,-51000,0,0,0,0,0,0,0,0,0,0,0,0,0,-51000
8454,富邦媒          ,114000,183000,-69000,0,0,0,1000,0,1000,17000,17000,0,17000,0,0,0,-51000
057629,泰碩永豐98購02  ,0,0,0,0,0,0,0,0,0,-52000,0,0,0,0,52000,-52000,-52000
00771,元大US高息特別股,0,0,0,0,0,0,0,0,0,-52000,0,0,0,7000,59000,-52000,-52000
00709,富邦歐洲        ,0,0,0,0,0,0,0,0,0,-52000,0,0,0,120000,172000,-52000,-52000
046627,高鐵統一95購01  ,0,0,0,0,0,0,0,0,0,-52000,0,0,0,48000,100000,-52000,-52000
05267P,欣興元大95售08  ,0,0,0,0,0,0,0,0,0,-52000,0,0,0,27000,79000,-52000,-52000
051584,可成元大95購08  ,0,0,0,0,0,0,0,0,0,-52000,0,0,0,119000,171000,-52000,-52000
051095,貿聯元大95購03  ,0,0,0,0,0,0,0,0,0,-52000,0,0,0,49000,101000,-52000,-52000
054097,淘帝國票97購01  ,0,0,0,0,0,0,0,0,0,-52000,0,0,0,0,52000,-52000,-52000
3149,正達            ,0,51000,-51000,0,0,0,0,0,0,-1000,0,1000,-1000,0,0,0,-52000
06348P,鈺齊元富97售02  ,0,0,0,0,0,0,0,0,0,-52000,0,0,0,508000,560000,-52000,-52000
06157P,聯鈞統一97售02  ,0,0,0,0,0,0,0,0,0,-52000,0,0,0,2000,54000,-52000,-52000
1308,亞聚            ,26000,76000,-50000,0,0,0,0,0,0,-2000,0,2000,-2000,0,0,0,-52000
1229,聯華            ,410000,463000,-53000,0,0,0,2000,0,2000,-1000,0,1000,-1000,0,0,0,-52000
2102,泰豐            ,38000,89000,-51000,0,0,0,0,0,0,-1000,0,1000,-1000,0,0,0,-52000
2881A,富邦特          ,0,0,0,0,0,0,0,0,0,-52000,153000,205000,-52000,0,0,0,-52000
05693P,滬深2X凱基98售02,0,0,0,0,0,0,0,0,0,-53000,0,0,0,11000,64000,-53000,-53000
056854,友達中信9A購01  ,0,0,0,0,0,0,0,0,0,-53000,0,0,0,225000,278000,-53000,-53000
057394,台積電中信9C購02,0,0,0,0,0,0,0,0,0,-53000,0,0,0,0,53000,-53000,-53000
056154,宏達電凱基97購03,0,0,0,0,0,0,0,0,0,-53000,0,0,0,15000,68000,-53000,-53000
052057,臺股指凱基95購15,0,0,0,0,0,0,0,0,0,-53000,0,0,0,218000,271000,-53000,-53000
044963,台積電中信96購01,0,0,0,0,0,0,0,0,0,-53000,0,0,0,51000,104000,-53000,-53000
04301P,微星中信93售01  ,0,0,0,0,0,0,0,0,0,-53000,0,0,0,0,53000,-53000,-53000
049644,台積電凱基94購21,0,0,0,0,0,0,0,0,0,-53000,0,0,0,0,53000,-53000,-53000
052619,茂林國泰99購01  ,0,0,0,0,0,0,0,0,0,-53000,0,0,0,10000,63000,-53000,-53000
053095,台光電統一98購01,0,0,0,0,0,0,0,0,0,-53000,0,0,0,3000,56000,-53000,-53000
054208,台積電國票97購07,0,0,0,0,0,0,0,0,0,-53000,0,0,0,139000,192000,-53000,-53000
054277,亞光群益97購01  ,0,0,0,0,0,0,0,0,0,-53000,0,0,0,43000,96000,-53000,-53000
053786,新日興元大96購02,0,0,0,0,0,0,0,0,0,-53000,0,0,0,0,53000,-53000,-53000
053070,訊芯群益96購01  ,0,0,0,0,0,0,0,0,0,-53000,0,0,0,25000,78000,-53000,-53000
053490,為升兆豐97購01  ,0,0,0,0,0,0,0,0,0,-53000,0,0,0,0,53000,-53000,-53000
054843,中環兆豐97購01  ,0,0,0,0,0,0,0,0,0,-53000,0,0,0,50000,103000,-53000,-53000
054827,宏全元大9A購01  ,0,0,0,0,0,0,0,0,0,-53000,0,0,0,25000,78000,-53000,-53000
055460,華擎永豐97購01  ,0,0,0,0,0,0,0,0,0,-53000,0,0,0,0,53000,-53000,-53000
054991,南亞科元富97購01,0,0,0,0,0,0,0,0,0,-53000,0,0,0,43000,96000,-53000,-53000
2485,兆赫            ,79000,110000,-31000,0,0,0,0,0,0,-22000,0,8000,-8000,0,14000,-14000,-53000
06821P,臺股指元富98售10,0,0,0,0,0,0,0,0,0,-53000,0,0,0,0,53000,-53000,-53000
1446,宏和            ,3000,56000,-53000,0,0,0,0,0,0,0,0,0,0,0,0,0,-53000
06174P,國巨元大97售07  ,0,0,0,0,0,0,0,0,0,-53000,0,0,0,60000,113000,-53000,-53000
06142P,台虹康和97售02  ,0,0,0,0,0,0,0,0,0,-53000,0,0,0,0,53000,-53000,-53000
06724P,台灣50國票98售01,0,0,0,0,0,0,0,0,0,-53000,0,0,0,67000,120000,-53000,-53000
6558,興能高          ,56600,70000,-13400,0,0,0,0,40000,-40000,0,0,0,0,0,0,0,-53400
056696,茂林群益98購02  ,0,0,0,0,0,0,0,0,0,-54000,0,0,0,101000,155000,-54000,-54000
056655,旺宏元大99購02  ,0,0,0,0,0,0,0,0,0,-54000,0,0,0,6000,60000,-54000,-54000
056454,欣興凱基98購02  ,0,0,0,0,0,0,0,0,0,-54000,0,0,0,0,54000,-54000,-54000
056209,超眾永豐97購02  ,0,0,0,0,0,0,0,0,0,-54000,0,0,0,19000,73000,-54000,-54000
056300,聯發科元大97購23,0,0,0,0,0,0,0,0,0,-54000,0,0,0,179000,233000,-54000,-54000
056349,道瓊銀元大9B購01,0,0,0,0,0,0,0,0,0,-54000,0,0,0,0,54000,-54000,-54000
057175,美律元大98購03  ,0,0,0,0,0,0,0,0,0,-54000,0,0,0,223000,277000,-54000,-54000
04529P,正文凱基94售04  ,0,0,0,0,0,0,0,0,0,-54000,0,0,0,0,54000,-54000,-54000
042326,元油2X國票94購01,0,0,0,0,0,0,0,0,0,-54000,0,0,0,0,54000,-54000,-54000
050841,國巨國票96購02  ,0,0,0,0,0,0,0,0,0,-54000,0,0,0,22000,76000,-54000,-54000
050864,亞光永豐95購01  ,0,0,0,0,0,0,0,0,0,-54000,0,0,0,4000,58000,-54000,-54000
050282,T50反1凱基97購01,0,0,0,0,0,0,0,0,0,-54000,0,0,0,420000,474000,-54000,-54000
049900,台積電元富94購06,0,0,0,0,0,0,0,0,0,-54000,0,0,0,406000,460000,-54000,-54000
050233,香港2X凱基96購01,0,0,0,0,0,0,0,0,0,-54000,0,0,0,0,54000,-54000,-54000
050260,鴻海元大94購15  ,0,0,0,0,0,0,0,0,0,-54000,0,0,0,433000,487000,-54000,-54000
055251,華新科統一99購01,0,0,0,0,0,0,0,0,0,-54000,0,0,0,108000,162000,-54000,-54000
054791,泰碩群益99購02  ,0,0,0,0,0,0,0,0,0,-54000,0,0,0,2000,56000,-54000,-54000
054608,致茂永豐97購01  ,0,0,0,0,0,0,0,0,0,-54000,0,0,0,26000,80000,-54000,-54000
053059,聯發科永昌99購01,0,0,0,0,0,0,0,0,0,-54000,0,0,0,52000,106000,-54000,-54000
054288,華邦電元大96購05,0,0,0,0,0,0,0,0,0,-54000,0,0,0,116000,170000,-54000,-54000
06129P,玉晶光元富97售06,0,0,0,0,0,0,0,0,0,-54000,0,0,0,16000,70000,-54000,-54000
06759P,台積電元大98售17,0,0,0,0,0,0,0,0,0,-54000,0,0,0,225000,279000,-54000,-54000
057683,技嘉日盛98購01  ,0,0,0,0,0,0,0,0,0,-55000,0,0,0,35000,90000,-55000,-55000
057735,台灣50富邦9C購02,0,0,0,0,0,0,0,0,0,-55000,0,0,0,164000,219000,-55000,-55000
056528,為升凱基98購01  ,0,0,0,0,0,0,0,0,0,-55000,0,0,0,50000,105000,-55000,-55000
055854,群創元大98購04  ,0,0,0,0,0,0,0,0,0,-55000,0,0,0,5000,60000,-55000,-55000
055821,勤誠國票98購01  ,0,0,0,0,0,0,0,0,0,-55000,0,0,0,160000,215000,-55000,-55000
00681R,元大美債20反1   ,0,0,0,0,0,0,0,0,0,-55000,0,0,0,10000,65000,-55000,-55000
035277,景碩台新97購01  ,0,0,0,0,0,0,0,0,0,-55000,0,0,0,57000,112000,-55000,-55000
045907,鴻海中信94購02  ,0,0,0,0,0,0,0,0,0,-55000,0,0,0,34000,89000,-55000,-55000
044347,上証2X元大94購01,0,0,0,0,0,0,0,0,0,-55000,0,0,0,45000,100000,-55000,-55000
052013,台積電永豐95購04,0,0,0,0,0,0,0,0,0,-55000,0,0,0,1020000,1075000,-55000,-55000
049039,富邦金兆豐94購01,0,0,0,0,0,0,0,0,0,-55000,0,0,0,0,55000,-55000,-55000
049178,宏達電凱基94購02,0,0,0,0,0,0,0,0,0,-55000,0,0,0,321000,376000,-55000,-55000
046670,彩晶元大93購02  ,0,0,0,0,0,0,0,0,0,-55000,0,0,0,0,55000,-55000,-55000
048240,嘉聯益國票94購03,0,0,0,0,0,0,0,0,0,-55000,0,0,0,0,55000,-55000,-55000
051066,台積電國票96購02,0,0,0,0,0,0,0,0,0,-55000,0,0,0,0,55000,-55000,-55000
05052P,友達群益97售01  ,0,0,0,0,0,0,0,0,0,-55000,0,0,0,0,55000,-55000,-55000
049491,聯發科元大95購01,0,0,0,0,0,0,0,0,0,-55000,0,0,0,210000,265000,-55000,-55000
050653,聯鈞凱基96購01  ,0,0,0,0,0,0,0,0,0,-55000,0,0,0,21000,76000,-55000,-55000
050965,揚明光永豐96購01,0,0,0,0,0,0,0,0,0,-55000,0,0,0,13000,68000,-55000,-55000
053111,緯創兆豐97購01  ,0,0,0,0,0,0,0,0,0,-55000,0,0,0,50000,105000,-55000,-55000
052435,滬深2X富邦96購05,0,0,0,0,0,0,0,0,0,-55000,0,0,0,0,55000,-55000,-55000
051918,聯茂元大95購01  ,0,0,0,0,0,0,0,0,0,-55000,0,0,0,97000,152000,-55000,-55000
051850,臻鼎中信96購01  ,0,0,0,0,0,0,0,0,0,-55000,0,0,0,0,55000,-55000,-55000
054212,聯詠國票97購03  ,0,0,0,0,0,0,0,0,0,-55000,0,0,0,78000,133000,-55000,-55000
054156,聯電亞東98購01  ,0,0,0,0,0,0,0,0,0,-55000,0,0,0,0,55000,-55000,-55000
053665,臺股指凱基96購26,0,0,0,0,0,0,0,0,0,-55000,0,0,0,5000,60000,-55000,-55000
053459,康控國泰97購01  ,0,0,0,0,0,0,0,0,0,-55000,0,0,0,0,55000,-55000,-55000
053563,台積電富邦97購01,0,0,0,0,0,0,0,0,0,-55000,0,0,0,714000,769000,-55000,-55000
054493,同欣電台新96購01,0,0,0,0,0,0,0,0,0,-55000,0,0,0,0,55000,-55000,-55000
054316,矽創凱基97購01  ,0,0,0,0,0,0,0,0,0,-55000,0,0,0,0,55000,-55000,-55000
055526,台積電群益97購02,0,0,0,0,0,0,0,0,0,-55000,0,0,0,10000,65000,-55000,-55000
06811P,聯發科統一98售06,0,0,0,0,0,0,0,0,0,-55000,0,0,0,0,55000,-55000,-55000
1532,勤美            ,39000,93000,-54000,0,0,0,0,0,0,-1000,0,1000,-1000,0,0,0,-55000
2031,新光鋼          ,81000,112000,-31000,0,0,0,0,0,0,-24000,11000,35000,-24000,0,0,0,-55000
06323P,台郡統一97售01  ,0,0,0,0,0,0,0,0,0,-55000,0,0,0,45000,100000,-55000,-55000
06733P,鴻海凱基99售02  ,0,0,0,0,0,0,0,0,0,-55000,0,0,0,0,55000,-55000,-55000
055747,康舒元富97購01  ,0,0,0,0,0,0,0,0,0,-56000,0,0,0,0,56000,-56000,-56000
055627,亞德客永豐97購02,0,0,0,0,0,0,0,0,0,-56000,0,0,0,0,56000,-56000,-56000
056540,聯詠凱基98購02  ,0,0,0,0,0,0,0,0,0,-56000,0,0,0,47000,103000,-56000,-56000
057751,神達國票99購02  ,0,0,0,0,0,0,0,0,0,-56000,0,0,0,13000,69000,-56000,-56000
057625,泰鼎國泰9A購01  ,0,0,0,0,0,0,0,0,0,-56000,0,0,0,1000,57000,-56000,-56000
057571,泰碩永豐98購01  ,0,0,0,0,0,0,0,0,0,-56000,0,0,0,0,56000,-56000,-56000
057793,群創統一99購02  ,0,0,0,0,0,0,0,0,0,-56000,0,0,0,0,56000,-56000,-56000
057445,華通元富02購01  ,0,0,0,0,0,0,0,0,0,-56000,0,0,0,32000,88000,-56000,-56000
057067,元油2X永豐9B購01,0,0,0,0,0,0,0,0,0,-56000,0,0,0,0,56000,-56000,-56000
04715P,聯茂元大94售06  ,0,0,0,0,0,0,0,0,0,-56000,0,0,0,0,56000,-56000,-56000
049437,可成國泰96購01  ,0,0,0,0,0,0,0,0,0,-56000,0,0,0,85000,141000,-56000,-56000
050491,旺宏國泰96購01  ,0,0,0,0,0,0,0,0,0,-56000,0,0,0,25000,81000,-56000,-56000
055473,禾伸堂凱基97購01,0,0,0,0,0,0,0,0,0,-56000,0,0,0,7000,63000,-56000,-56000
053597,牧德元大99購01  ,0,0,0,0,0,0,0,0,0,-56000,0,0,0,4000,60000,-56000,-56000
053258,上証2X群益9A購03,0,0,0,0,0,0,0,0,0,-56000,0,0,0,41000,97000,-56000,-56000
053756,亞光元富96購02  ,0,0,0,0,0,0,0,0,0,-56000,0,0,0,0,56000,-56000,-56000
053899,矽創群益96購02  ,0,0,0,0,0,0,0,0,0,-56000,0,0,0,11000,67000,-56000,-56000
054071,泰鼎國泰97購02  ,0,0,0,0,0,0,0,0,0,-56000,0,0,0,15000,71000,-56000,-56000
057305,南亞科兆豐98購02,0,0,0,0,0,0,0,0,0,-57000,0,0,0,16000,73000,-57000,-57000
055639,上銀元富97購02  ,0,0,0,0,0,0,0,0,0,-57000,0,0,0,71000,128000,-57000,-57000
056055,國巨元大97購15  ,0,0,0,0,0,0,0,0,0,-57000,0,0,0,140000,197000,-57000,-57000
047014,元油反元大99購01,0,0,0,0,0,0,0,0,0,-57000,0,0,0,0,57000,-57000,-57000
020000,富邦特選蘋果N   ,0,0,0,0,0,0,0,0,0,-57000,0,0,0,52000,109000,-57000,-57000
050155,華新科群益95購01,0,0,0,0,0,0,0,0,0,-57000,0,0,0,46000,103000,-57000,-57000
051488,健策凱基96購04  ,0,0,0,0,0,0,0,0,0,-57000,0,0,0,55000,112000,-57000,-57000
052731,宏達電國泰98購01,0,0,0,0,0,0,0,0,0,-57000,0,0,0,32000,89000,-57000,-57000
054237,茂林群益97購01  ,0,0,0,0,0,0,0,0,0,-57000,0,0,0,70000,127000,-57000,-57000
053005,微星永豐96購01  ,0,0,0,0,0,0,0,0,0,-57000,0,0,0,29000,86000,-57000,-57000
053361,友達元富99購01  ,0,0,0,0,0,0,0,0,0,-57000,0,0,0,23000,80000,-57000,-57000
053306,晶技凱基97購01  ,0,0,0,0,0,0,0,0,0,-57000,0,0,0,219000,276000,-57000,-57000
054586,健鼎國泰99購01  ,0,0,0,0,0,0,0,0,0,-57000,0,0,0,0,57000,-57000,-57000
06539P,聯發科凱基98售12,0,0,0,0,0,0,0,0,0,-57000,0,0,0,18000,75000,-57000,-57000
2851,中再保          ,1000,58000,-57000,0,0,0,0,0,0,0,0,0,0,0,0,0,-57000
9938,百和            ,308000,758000,-450000,0,0,0,0,0,0,393000,71000,0,71000,323000,1000,322000,-57000
3703,欣陸            ,65000,121000,-56000,0,0,0,0,0,0,-1000,0,1000,-1000,0,0,0,-57000
056069,新日興元大97購03,0,0,0,0,0,0,0,0,0,-58000,0,0,0,56000,114000,-58000,-58000
055628,旺宏永豐97購01  ,0,0,0,0,0,0,0,0,0,-58000,0,0,0,10000,68000,-58000,-58000
05584P,臺股指凱基96售13,0,0,0,0,0,0,0,0,0,-58000,0,0,0,171000,229000,-58000,-58000
056264,聯發科統一98購02,0,0,0,0,0,0,0,0,0,-58000,0,0,0,0,58000,-58000,-58000
056287,亞光永豐97購02  ,0,0,0,0,0,0,0,0,0,-58000,0,0,0,43000,101000,-58000,-58000
056484,聯茂元大98購02  ,0,0,0,0,0,0,0,0,0,-58000,0,0,0,0,58000,-58000,-58000
056514,訊芯亞東99購01  ,0,0,0,0,0,0,0,0,0,-58000,0,0,0,0,58000,-58000,-58000
057480,技嘉元大98購03  ,0,0,0,0,0,0,0,0,0,-58000,0,0,0,20000,78000,-58000,-58000
045371,元石油元大95購01,0,0,0,0,0,0,0,0,0,-58000,0,0,0,0,58000,-58000,-58000
04576P,上海銀統一94售04,0,0,0,0,0,0,0,0,0,-58000,0,0,0,6000,64000,-58000,-58000
04696P,亞德客國泰95售02,0,0,0,0,0,0,0,0,0,-58000,0,0,0,273000,331000,-58000,-58000
047630,元油反元大96購02,0,0,0,0,0,0,0,0,0,-58000,0,0,0,0,58000,-58000,-58000
049124,可成元富94購02  ,0,0,0,0,0,0,0,0,0,-58000,0,0,0,87000,145000,-58000,-58000
048974,日電貿元大94購01,0,0,0,0,0,0,0,0,0,-58000,0,0,0,8000,66000,-58000,-58000
052167,亞泥元大96購01  ,0,0,0,0,0,0,0,0,0,-58000,0,0,0,70000,128000,-58000,-58000
052194,旺宏元富95購04  ,0,0,0,0,0,0,0,0,0,-58000,0,0,0,50000,108000,-58000,-58000
051207,聯茂麥證95購01  ,0,0,0,40000,98000,-58000,0,0,0,-58000,0,0,0,40000,98000,-58000,-58000
049744,亞德客永豐94購01,0,0,0,0,0,0,0,0,0,-58000,0,0,0,0,58000,-58000,-58000
05547P,群創元大96售03  ,0,0,0,0,0,0,0,0,0,-58000,0,0,0,0,58000,-58000,-58000
055457,聚陽永豐97購01  ,0,0,0,0,0,0,0,0,0,-58000,0,0,0,10000,68000,-58000,-58000
053154,聯詠元大96購01  ,0,0,0,0,0,0,0,0,0,-58000,0,0,0,106000,164000,-58000,-58000
5525,順天            ,2000,59000,-57000,0,0,0,0,0,0,-1000,0,1000,-1000,0,0,0,-58000
2601,益航            ,189000,165000,24000,0,0,0,0,0,0,-82000,4000,1000,3000,0,85000,-85000,-58000
057627,和大永豐98購01  ,0,0,0,0,0,0,0,0,0,-59000,0,0,0,16000,75000,-59000,-59000
057405,麗豐群益98購01  ,0,0,0,0,0,0,0,0,0,-59000,0,0,0,21000,80000,-59000,-59000
057093,臻鼎元富98購02  ,0,0,0,0,0,0,0,0,0,-59000,0,0,0,42000,101000,-59000,-59000
056171,鴻海元富97購10  ,0,0,0,0,0,0,0,0,0,-59000,0,0,0,30000,89000,-59000,-59000
05222P,致伸凱基95售02  ,0,0,0,0,0,0,0,0,0,-59000,0,0,0,29000,88000,-59000,-59000
052104,英業達兆豐96購01,0,0,0,0,0,0,0,0,0,-59000,0,0,0,16000,75000,-59000,-59000
047187,亞光元大94購01  ,0,0,0,0,0,0,0,0,0,-59000,0,0,0,24000,83000,-59000,-59000
048271,可成富邦95購02  ,0,0,0,0,0,0,0,0,0,-59000,0,0,0,721000,780000,-59000,-59000
00757,統一FANG+       ,0,0,0,0,0,0,0,0,0,-59000,0,0,0,226000,285000,-59000,-59000
051649,中磊永豐95購02  ,0,0,0,0,0,0,0,0,0,-59000,0,0,0,30000,89000,-59000,-59000
050083,旺宏元富94購01  ,0,0,0,0,0,0,0,0,0,-59000,0,0,0,10000,69000,-59000,-59000
050442,復盛凱基94購01  ,0,0,0,0,0,0,0,0,0,-59000,0,0,0,113000,172000,-59000,-59000
054060,晶技國票97購02  ,0,0,0,0,0,0,0,0,0,-59000,0,0,0,106000,165000,-59000,-59000
053701,台積電兆豐96購05,0,0,0,0,0,0,0,0,0,-59000,0,0,0,86000,145000,-59000,-59000
053698,中磊元大96購02  ,0,0,0,0,0,0,0,0,0,-59000,0,0,0,132000,191000,-59000,-59000
055378,晶相光元大97購02,0,0,0,0,0,0,0,0,0,-59000,0,0,0,64000,123000,-59000,-59000
2390,云辰            ,83000,86000,-3000,0,0,0,0,0,0,-56000,0,56000,-56000,0,0,0,-59000
1589,永冠-KY         ,121000,180000,-59000,0,0,0,0,0,0,0,5000,4000,1000,0,1000,-1000,-59000
1731,美吾華          ,140000,192000,-52000,0,0,0,0,0,0,-7000,0,7000,-7000,0,0,0,-59000
06354P,大立光永豐97售04,0,0,0,0,0,0,0,0,0,-59000,0,0,0,118000,177000,-59000,-59000
06047P,聯發科富邦99售04,0,0,0,0,0,0,0,0,0,-59000,0,0,0,143000,202000,-59000,-59000
056095,臻鼎元富9A購01  ,0,0,0,0,0,0,0,0,0,-60000,0,0,0,80000,140000,-60000,-60000
055944,日月光麥證97購01,0,0,0,0,60000,-60000,0,0,0,-60000,0,0,0,0,60000,-60000,-60000
055777,冠德凱基97購01  ,0,0,0,0,0,0,0,0,0,-60000,0,0,0,15000,75000,-60000,-60000
055665,亞德客群益97購01,0,0,0,0,0,0,0,0,0,-60000,0,0,0,10000,70000,-60000,-60000
056790,彩晶群益98購03  ,0,0,0,0,0,0,0,0,0,-60000,0,0,0,21000,81000,-60000,-60000
056821,日電貿永豐98購01,0,0,0,0,0,0,0,0,0,-60000,0,0,0,197000,257000,-60000,-60000
057079,台積電統一9A購02,0,0,0,0,0,0,0,0,0,-60000,0,0,0,48000,108000,-60000,-60000
057110,立積群益98購01  ,0,0,0,0,0,0,0,0,0,-60000,0,0,0,2000,62000,-60000,-60000
057001,華邦電國票99購02,0,0,0,0,0,0,0,0,0,-60000,0,0,0,0,60000,-60000,-60000
057290,元油2X國泰99購02,0,0,0,0,0,0,0,0,0,-60000,0,0,0,30000,90000,-60000,-60000
057185,群創元大98購06  ,0,0,0,0,0,0,0,0,0,-60000,0,0,0,47000,107000,-60000,-60000
057488,聯發科元大99購02,0,0,0,0,0,0,0,0,0,-60000,0,0,0,24000,84000,-60000,-60000
05883P,致伸永豐96售03  ,0,0,0,0,0,0,0,0,0,-60000,0,0,0,0,60000,-60000,-60000
04234P,華通群益94售02  ,0,0,0,0,0,0,0,0,0,-60000,0,0,0,0,60000,-60000,-60000
041546,群創統一93購01  ,0,0,0,0,0,0,0,0,0,-60000,0,0,0,0,60000,-60000,-60000
045870,元油2X元富96購02,0,0,0,0,0,0,0,0,0,-60000,0,0,0,0,60000,-60000,-60000
03832P,臺股指中信95售03,0,0,0,0,0,0,0,0,0,-60000,0,0,0,0,60000,-60000,-60000
044722,滬深2X永豐93購01,0,0,0,0,0,0,0,0,0,-60000,0,0,0,0,60000,-60000,-60000
04826P,華新科麥證95售01,0,0,0,0,60000,-60000,0,0,0,-60000,0,0,0,0,60000,-60000,-60000
048133,臻鼎國票94購01  ,0,0,0,0,0,0,0,0,0,-60000,0,0,0,60000,120000,-60000,-60000
048197,義隆元大93購04  ,0,0,0,0,0,0,0,0,0,-60000,0,0,0,90000,150000,-60000,-60000
047332,訊芯元大93購04  ,0,0,0,0,0,0,0,0,0,-60000,0,0,0,0,60000,-60000,-60000
046629,群創統一98購01  ,0,0,0,0,0,0,0,0,0,-60000,0,0,0,0,60000,-60000,-60000
048373,A50正2元富95購01,0,0,0,0,0,0,0,0,0,-60000,0,0,0,0,60000,-60000,-60000
052569,聯發科凱基96購08,0,0,0,0,0,0,0,0,0,-60000,0,0,0,125000,185000,-60000,-60000
051156,鴻海富邦97購01  ,0,0,0,0,0,0,0,0,0,-60000,0,0,0,0,60000,-60000,-60000
051870,台郡凱基95購04  ,0,0,0,0,0,0,0,0,0,-60000,0,0,0,120000,180000,-60000,-60000
051822,和碩元富95購01  ,0,0,0,0,0,0,0,0,0,-60000,0,0,0,40000,100000,-60000,-60000
051617,台積電凱基95購14,0,0,0,0,0,0,0,0,0,-60000,0,0,0,0,60000,-60000,-60000
050538,鴻海凱基95購06  ,0,0,0,0,0,0,0,0,0,-60000,0,0,0,0,60000,-60000,-60000
050039,鴻海中信94購03  ,0,0,0,0,0,0,0,0,0,-60000,0,0,0,20000,80000,-60000,-60000
051128,台表科群益95購02,0,0,0,0,0,0,0,0,0,-60000,0,0,0,0,60000,-60000,-60000
050822,亞光凱基95購01  ,0,0,0,0,0,0,0,0,0,-60000,0,0,0,20000,80000,-60000,-60000
055328,鈺齊國票98購01  ,0,0,0,0,0,0,0,0,0,-60000,0,0,0,0,60000,-60000,-60000
055430,宏達電群益97購01,0,0,0,0,0,0,0,0,0,-60000,0,0,0,44000,104000,-60000,-60000
055489,瑞昱元大97購02  ,0,0,0,0,0,0,0,0,0,-60000,0,0,0,30000,90000,-60000,-60000
054600,中壽台新97購01  ,0,0,0,0,0,0,0,0,0,-60000,0,0,0,20000,80000,-60000,-60000
054496,為升永豐96購01  ,0,0,0,0,0,0,0,0,0,-60000,0,0,0,0,60000,-60000,-60000
054322,國巨台新96購02  ,0,0,0,0,0,0,0,0,0,-60000,0,0,0,0,60000,-60000,-60000
054693,神基永豐97購01  ,0,0,0,0,0,0,0,0,0,-60000,0,0,0,57000,117000,-60000,-60000
054847,創意兆豐97購01  ,0,0,0,0,0,0,0,0,0,-60000,0,0,0,0,60000,-60000,-60000
054986,藍天元富97購01  ,0,0,0,0,0,0,0,0,0,-60000,0,0,0,0,60000,-60000,-60000
053760,牧德國泰98購01  ,0,0,0,0,0,0,0,0,0,-60000,0,0,0,57000,117000,-60000,-60000
053983,樺漢元大97購02  ,0,0,0,0,0,0,0,0,0,-60000,0,0,0,0,60000,-60000,-60000
054296,世芯元大97購01  ,0,0,0,0,0,0,0,0,0,-60000,0,0,0,10000,70000,-60000,-60000
06187P,國巨統一97售05  ,0,0,0,0,0,0,0,0,0,-60000,0,0,0,0,60000,-60000,-60000
06394P,台積電元大97售28,0,0,0,0,0,0,0,0,0,-60000,0,0,0,180000,240000,-60000,-60000
06683P,訊芯元大98售07  ,0,0,0,0,0,0,0,0,0,-60000,0,0,0,614000,674000,-60000,-60000
06649P,聯發科元大98售08,0,0,0,0,0,0,0,0,0,-60000,0,0,0,29000,89000,-60000,-60000
06593P,欣興元大98售05  ,0,0,0,0,0,0,0,0,0,-60000,0,0,0,0,60000,-60000,-60000
06851P,鈺齊元大98售01  ,0,0,0,0,0,0,0,0,0,-60000,0,0,0,100000,160000,-60000,-60000
6456,GIS-KY          ,214000,192000,22000,0,0,0,0,0,0,-82000,0,16000,-16000,19000,85000,-66000,-60000
057380,技嘉國泰9A購01  ,0,0,0,0,0,0,0,0,0,-61000,0,0,0,62000,123000,-61000,-61000
056254,為升元富97購01  ,0,0,0,0,0,0,0,0,0,-61000,0,0,0,0,61000,-61000,-61000
056305,群創元大9A購03  ,0,0,0,0,0,0,0,0,0,-61000,0,0,0,259000,320000,-61000,-61000
047316,大立光元大94購01,0,0,0,0,0,0,0,0,0,-61000,0,0,0,0,61000,-61000,-61000
048699,嘉晶國票95購01  ,0,0,0,0,0,0,0,0,0,-61000,0,0,0,28000,89000,-61000,-61000
04233P,儒鴻兆豐93售01  ,0,0,0,0,0,0,0,0,0,-61000,0,0,0,0,61000,-61000,-61000
00690,兆豐藍籌30      ,0,0,0,0,0,0,0,0,0,-61000,0,0,0,150000,211000,-61000,-61000
050030,嘉晶元大94購03  ,0,0,0,0,0,0,0,0,0,-61000,0,0,0,197000,258000,-61000,-61000
04988P,楠梓電元大94售01,0,0,0,0,0,0,0,0,0,-61000,0,0,0,0,61000,-61000,-61000
051071,聯發科國票96購01,0,0,0,0,0,0,0,0,0,-61000,0,0,0,0,61000,-61000,-61000
052327,聯詠中信95購03  ,0,0,0,0,0,0,0,0,0,-61000,0,0,0,67000,128000,-61000,-61000
051372,樺漢富邦96購01  ,0,0,0,0,0,0,0,0,0,-61000,0,0,0,0,61000,-61000,-61000
051586,國泰金元大96購01,0,0,0,0,0,0,0,0,0,-61000,0,0,0,7000,68000,-61000,-61000
051242,台積電元大96購06,0,0,0,0,0,0,0,0,0,-61000,0,0,0,148000,209000,-61000,-61000
053126,健策凱基97購02  ,0,0,0,0,0,0,0,0,0,-61000,0,0,0,4000,65000,-61000,-61000
054059,欣興國票97購03  ,0,0,0,0,0,0,0,0,0,-61000,0,0,0,25000,86000,-61000,-61000
053697,臻鼎元大96購02  ,0,0,0,0,0,0,0,0,0,-61000,0,0,0,40000,101000,-61000,-61000
053167,欣興群益96購03  ,0,0,0,0,0,0,0,0,0,-61000,0,0,0,335000,396000,-61000,-61000
054744,晶相光凱基99購01,0,0,0,0,0,0,0,0,0,-61000,0,0,0,77000,138000,-61000,-61000
054333,茂林永豐96購03  ,0,0,0,0,0,0,0,0,0,-61000,0,0,0,0,61000,-61000,-61000
06096P,全新永豐97售02  ,0,0,0,0,0,0,0,0,0,-61000,0,0,0,40000,101000,-61000,-61000
056963,建準永豐98購01  ,0,0,0,0,0,0,0,0,0,-62000,0,0,0,0,62000,-62000,-62000
057611,技嘉元富98購02  ,0,0,0,0,0,0,0,0,0,-62000,0,0,0,28000,90000,-62000,-62000
048002,景碩元大93購04  ,0,0,0,0,0,0,0,0,0,-62000,0,0,0,182000,244000,-62000,-62000
052725,為升元富96購01  ,0,0,0,0,0,0,0,0,0,-62000,0,0,0,0,62000,-62000,-62000
052830,台光電群益96購01,0,0,0,0,0,0,0,0,0,-62000,0,0,0,153000,215000,-62000,-62000
051350,台積電元大95購14,0,0,0,0,0,0,0,0,0,-62000,0,0,0,130000,192000,-62000,-62000
051307,康舒凱基95購01  ,0,0,0,0,0,0,0,0,0,-62000,0,0,0,0,62000,-62000,-62000
049226,元石油富邦95購01,0,0,0,0,0,0,0,0,0,-62000,0,0,0,0,62000,-62000,-62000
054994,建準元富97購01  ,0,0,0,0,0,0,0,0,0,-62000,0,0,0,0,62000,-62000,-62000
053418,旺宏永豐96購02  ,0,0,0,0,0,0,0,0,0,-62000,0,0,0,195000,257000,-62000,-62000
2612,中航            ,14000,74000,-60000,0,0,0,0,0,0,-2000,0,2000,-2000,0,0,0,-62000
056418,台光電元富98購01,0,0,0,0,0,0,0,0,0,-63000,0,0,0,79000,142000,-63000,-63000
055782,新日興凱基99購01,0,0,0,0,0,0,0,0,0,-63000,0,0,0,49000,112000,-63000,-63000
044129,群創凱基93購02  ,0,0,0,0,0,0,0,0,0,-63000,0,0,0,10000,73000,-63000,-63000
051364,鴻海國泰97購03  ,0,0,0,0,0,0,0,0,0,-63000,0,0,0,0,63000,-63000,-63000
05143P,臻鼎台新95售01  ,0,0,0,0,0,0,0,0,0,-63000,0,0,0,4000,67000,-63000,-63000
053982,臻鼎元大96購05  ,0,0,0,0,0,0,0,0,0,-63000,0,0,0,44000,107000,-63000,-63000
054249,技嘉元大96購03  ,0,0,0,0,0,0,0,0,0,-63000,0,0,0,28000,91000,-63000,-63000
055221,矽創凱基97購02  ,0,0,0,0,0,0,0,0,0,-63000,0,0,0,0,63000,-63000,-63000
055321,大立光國票98購02,0,0,0,0,0,0,0,0,0,-63000,0,0,0,0,63000,-63000,-63000
6269,台郡            ,1653412,1480412,173000,0,0,0,89000,145000,-56000,-180000,19000,178000,-159000,11000,32000,-21000,-63000
057226,上銀凱基98購06  ,0,0,0,0,0,0,0,0,0,-64000,0,0,0,22000,86000,-64000,-64000
047676,臺股指元富99購01,0,0,0,0,0,0,0,0,0,-64000,0,0,0,11000,75000,-64000,-64000
046864,和大統一97購01  ,0,0,0,0,0,0,0,0,0,-64000,0,0,0,216000,280000,-64000,-64000
048924,光罩永豐94購01  ,0,0,0,0,0,0,0,0,0,-64000,0,0,0,0,64000,-64000,-64000
049048,玉晶光台新94購01,0,0,0,0,0,0,0,0,0,-64000,0,0,0,30000,94000,-64000,-64000
050079,元油2X統一94購06,0,0,0,0,0,0,0,0,0,-64000,0,0,0,216000,280000,-64000,-64000
054294,世芯元大96購02  ,0,0,0,0,0,0,0,0,0,-64000,0,0,0,36000,100000,-64000,-64000
054107,上銀凱基97購01  ,0,0,0,0,0,0,0,0,0,-64000,0,0,0,45000,109000,-64000,-64000
9940,信義            ,27000,88000,-61000,0,0,0,0,0,0,-3000,0,3000,-3000,0,0,0,-64000
1795,美時            ,50000,116000,-66000,0,0,0,0,0,0,2000,2000,0,2000,0,0,0,-64000
06635P,聯發科凱基98售15,0,0,0,0,0,0,0,0,0,-64000,0,0,0,128000,192000,-64000,-64000
06645P,上銀元大98售05  ,0,0,0,0,0,0,0,0,0,-64000,0,0,0,36000,100000,-64000,-64000
057403,亞光群益98購04  ,0,0,0,0,0,0,0,0,0,-65000,0,0,0,57000,122000,-65000,-65000
056978,技嘉群益99購01  ,0,0,0,0,0,0,0,0,0,-65000,0,0,0,60000,125000,-65000,-65000
057008,華新科中信99購02,0,0,0,0,0,0,0,0,0,-65000,0,0,0,64000,129000,-65000,-65000
05760P,京鼎永豐96售02  ,0,0,0,0,0,0,0,0,0,-65000,0,0,0,0,65000,-65000,-65000
057520,元油2X元大98購15,0,0,0,0,0,0,0,0,0,-65000,0,0,0,0,65000,-65000,-65000
057846,神達永豐98購01  ,0,0,0,0,0,0,0,0,0,-65000,0,0,0,213000,278000,-65000,-65000
056730,元油2X凱基9A購04,0,0,0,0,0,0,0,0,0,-65000,0,0,0,20000,85000,-65000,-65000
049091,訊連凱基94購01  ,0,0,0,0,0,0,0,0,0,-65000,0,0,0,14000,79000,-65000,-65000
050838,為升國票96購01  ,0,0,0,0,0,0,0,0,0,-65000,0,0,0,0,65000,-65000,-65000
050518,台積電元大94購28,0,0,0,0,0,0,0,0,0,-65000,0,0,0,288000,353000,-65000,-65000
050230,聯發科麥證94購02,0,0,0,10000,75000,-65000,0,0,0,-65000,0,0,0,10000,75000,-65000,-65000
052559,茂林國票97購01  ,0,0,0,0,0,0,0,0,0,-65000,0,0,0,0,65000,-65000,-65000
049287,可成兆豐95購01  ,0,0,0,0,0,0,0,0,0,-65000,0,0,0,21000,86000,-65000,-65000
054053,聯茂元大96購01  ,0,0,0,0,0,0,0,0,0,-65000,0,0,0,138000,203000,-65000,-65000
053998,泰鼎群益98購01  ,0,0,0,0,0,0,0,0,0,-65000,0,0,0,63000,128000,-65000,-65000
054222,大立光統一98購03,0,0,0,0,0,0,0,0,0,-65000,0,0,0,0,65000,-65000,-65000
053887,聯茂兆豐97購02  ,0,0,0,0,0,0,0,0,0,-65000,0,0,0,141000,206000,-65000,-65000
055158,亞光元大99購01  ,0,0,0,0,0,0,0,0,0,-65000,0,0,0,11000,76000,-65000,-65000
055138,大毅永豐97購02  ,0,0,0,0,0,0,0,0,0,-65000,0,0,0,35000,100000,-65000,-65000
054410,國巨元大96購14  ,0,0,0,0,0,0,0,0,0,-65000,0,0,0,344000,409000,-65000,-65000
054508,臺股指永豐96購04,0,0,0,0,0,0,0,0,0,-65000,0,0,0,0,65000,-65000,-65000
054762,奇力新國票99購01,0,0,0,0,0,0,0,0,0,-65000,0,0,0,200000,265000,-65000,-65000
06053P,緯穎國票97售05  ,0,0,0,0,0,0,0,0,0,-65000,0,0,0,0,65000,-65000,-65000
06291P,臺股指國票97售05,0,0,0,0,0,0,0,0,0,-65000,0,0,0,0,65000,-65000,-65000
1527,鑽全            ,53000,118000,-65000,0,0,0,0,0,0,0,0,0,0,0,0,0,-65000
3010,華立            ,20000,84000,-64000,0,0,0,0,0,0,-1000,0,1000,-1000,0,0,0,-65000
056303,亞光元大97購04  ,0,0,0,0,0,0,0,0,0,-66000,0,0,0,87000,153000,-66000,-66000
057903,聯鈞永豐99購01  ,0,0,0,0,0,0,0,0,0,-66000,0,0,0,0,66000,-66000,-66000
056867,華通麥證98購01  ,0,0,0,10000,76000,-66000,0,0,0,-66000,0,0,0,10000,76000,-66000,-66000
057339,群創國票99購02  ,0,0,0,0,0,0,0,0,0,-66000,0,0,0,0,66000,-66000,-66000
049047,台達電台新94購01,0,0,0,0,0,0,0,0,0,-66000,0,0,0,0,66000,-66000,-66000
048828,禾伸堂凱基94購02,0,0,0,0,0,0,0,0,0,-66000,0,0,0,67000,133000,-66000,-66000
048367,華邦電統一93購01,0,0,0,0,0,0,0,0,0,-66000,0,0,0,0,66000,-66000,-66000
047789,景碩群益93購01  ,0,0,0,0,0,0,0,0,0,-66000,0,0,0,50000,116000,-66000,-66000
042793,台積電台新9C購01,0,0,0,0,0,0,0,0,0,-66000,0,0,0,0,66000,-66000,-66000
050258,為升元大94購08  ,0,0,0,0,0,0,0,0,0,-66000,0,0,0,22000,88000,-66000,-66000
050757,聯發科元富94購03,0,0,0,0,0,0,0,0,0,-66000,0,0,0,10000,76000,-66000,-66000
049438,嘉晶國泰96購01  ,0,0,0,0,0,0,0,0,0,-66000,0,0,0,135000,201000,-66000,-66000
054967,神達元大97購01  ,0,0,0,0,0,0,0,0,0,-66000,0,0,0,122000,188000,-66000,-66000
055113,大立光凱基98購06,0,0,0,0,0,0,0,0,0,-66000,0,0,0,122000,188000,-66000,-66000
053660,群創凱基98購08  ,0,0,0,0,0,0,0,0,0,-66000,0,0,0,0,66000,-66000,-66000
053690,南亞科元大96購02,0,0,0,0,0,0,0,0,0,-66000,0,0,0,25000,91000,-66000,-66000
053623,臺股指群益96購09,0,0,0,0,0,0,0,0,0,-66000,0,0,0,5000,71000,-66000,-66000
053377,台積電元大98購01,0,0,0,0,0,0,0,0,0,-66000,0,0,0,245000,311000,-66000,-66000
3712,永崴投控        ,3000,68000,-65000,0,0,0,0,0,0,-1000,0,1000,-1000,0,0,0,-66000
1215,卜蜂            ,36000,97000,-61000,0,0,0,0,0,0,-5000,0,0,0,0,5000,-5000,-66000
057146,技嘉國票98購01  ,0,0,0,0,0,0,0,0,0,-67000,0,0,0,49000,116000,-67000,-67000
057861,台積電凱基98購16,0,0,0,0,0,0,0,0,0,-67000,0,0,0,0,67000,-67000,-67000
056308,TPK元大97購02   ,0,0,0,0,0,0,0,0,0,-67000,0,0,0,1000,68000,-67000,-67000
055732,全新元富9A購01  ,0,0,0,0,0,0,0,0,0,-67000,0,0,0,13000,80000,-67000,-67000
055649,華新科元富97購03,0,0,0,0,0,0,0,0,0,-67000,0,0,0,79000,146000,-67000,-67000
048614,欣興凱基93購05  ,0,0,0,0,0,0,0,0,0,-67000,0,0,0,0,67000,-67000,-67000
047839,景碩元大93購03  ,0,0,0,0,0,0,0,0,0,-67000,0,0,0,3000,70000,-67000,-67000
049327,台郡元富94購01  ,0,0,0,0,0,0,0,0,0,-67000,0,0,0,43000,110000,-67000,-67000
050955,達方群益97購01  ,0,0,0,0,0,0,0,0,0,-67000,0,0,0,33000,100000,-67000,-67000
053351,A50正2兆豐97購01,0,0,0,0,0,0,0,0,0,-67000,0,0,0,8000,75000,-67000,-67000
052944,宏達電國票97購01,0,0,0,0,0,0,0,0,0,-67000,0,0,0,34000,101000,-67000,-67000
053734,友達中信98購02  ,0,0,0,0,0,0,0,0,0,-67000,0,0,0,369000,436000,-67000,-67000
054098,嘉晶國票97購04  ,0,0,0,0,0,0,0,0,0,-67000,0,0,0,38000,105000,-67000,-67000
9924,福興            ,13000,80000,-67000,0,0,0,0,0,0,0,0,0,0,0,0,0,-67000
055650,華新科元富98購01,0,0,0,0,0,0,0,0,0,-68000,0,0,0,330000,398000,-68000,-68000
055806,致新永豐97購02  ,0,0,0,0,0,0,0,0,0,-68000,0,0,0,0,68000,-68000,-68000
055856,新唐元大97購03  ,0,0,0,0,0,0,0,0,0,-68000,0,0,0,0,68000,-68000,-68000
055961,國泰金元大97購01,0,0,0,0,0,0,0,0,0,-68000,0,0,0,0,68000,-68000,-68000
055918,和鑫凱基97購01  ,0,0,0,0,0,0,0,0,0,-68000,0,0,0,0,68000,-68000,-68000
056061,國泰金元大97購02,0,0,0,0,0,0,0,0,0,-68000,0,0,0,0,68000,-68000,-68000
056139,貿聯元大97購04  ,0,0,0,0,0,0,0,0,0,-68000,0,0,0,17000,85000,-68000,-68000
056337,聯發科凱基98購06,0,0,0,0,0,0,0,0,0,-68000,0,0,0,0,68000,-68000,-68000
056370,台郡元大98購03  ,0,0,0,0,0,0,0,0,0,-68000,0,0,0,35000,103000,-68000,-68000
056372,訊芯元大98購04  ,0,0,0,0,0,0,0,0,0,-68000,0,0,0,0,68000,-68000,-68000
056775,康控元大99購01  ,0,0,0,0,0,0,0,0,0,-68000,0,0,0,7000,75000,-68000,-68000
057053,立積元大98購02  ,0,0,0,0,0,0,0,0,0,-68000,0,0,0,11000,79000,-68000,-68000
057379,寶成元大98購02  ,0,0,0,0,0,0,0,0,0,-68000,0,0,0,0,68000,-68000,-68000
04868P,可成統一94售03  ,0,0,0,0,0,0,0,0,0,-68000,0,0,0,0,68000,-68000,-68000
048642,聯發科元大94購02,0,0,0,0,0,0,0,0,0,-68000,0,0,0,0,68000,-68000,-68000
044407,聯茂凱基93購01  ,0,0,0,0,0,0,0,0,0,-68000,0,0,0,89000,157000,-68000,-68000
00645,富邦日本        ,0,0,0,0,0,0,0,0,0,-68000,0,0,0,20000,88000,-68000,-68000
050181,富邦金元大94購02,0,0,0,0,0,0,0,0,0,-68000,0,0,0,0,68000,-68000,-68000
050110,京元電元大94購03,0,0,0,0,0,0,0,0,0,-68000,0,0,0,0,68000,-68000,-68000
050111,全新元大95購02  ,0,0,0,0,0,0,0,0,0,-68000,0,0,0,0,68000,-68000,-68000
050769,聯發科元大94購17,0,0,0,0,0,0,0,0,0,-68000,0,0,0,20000,88000,-68000,-68000
051093,聯詠元大95購01  ,0,0,0,0,0,0,0,0,0,-68000,0,0,0,0,68000,-68000,-68000
051754,廣宇元大95購01  ,0,0,0,0,0,0,0,0,0,-68000,0,0,0,0,68000,-68000,-68000
050554,百和凱基95購01  ,0,0,0,0,0,0,0,0,0,-68000,0,0,0,254000,322000,-68000,-68000
053123,京元電凱基96購01,0,0,0,0,0,0,0,0,0,-68000,0,0,0,2000,70000,-68000,-68000
052511,聯發科凱基95購14,0,0,0,0,0,0,0,0,0,-68000,0,0,0,0,68000,-68000,-68000
052447,聯發科元大96購04,0,0,0,0,0,0,0,0,0,-68000,0,0,0,0,68000,-68000,-68000
051593,和碩元大95購01  ,0,0,0,0,0,0,0,0,0,-68000,0,0,0,0,68000,-68000,-68000
051555,聯茂永豐95購01  ,0,0,0,0,0,0,0,0,0,-68000,0,0,0,0,68000,-68000,-68000
053961,揚明光永豐96購04,0,0,0,0,0,0,0,0,0,-68000,0,0,0,0,68000,-68000,-68000
053981,康控元大96購05  ,0,0,0,0,0,0,0,0,0,-68000,0,0,0,0,68000,-68000,-68000
054025,鴻海凱基96購17  ,0,0,0,0,0,0,0,0,0,-68000,0,0,0,0,68000,-68000,-68000
053771,華新元大97購01  ,0,0,0,0,0,0,0,0,0,-68000,0,0,0,0,68000,-68000,-68000
053775,鴻海元大96購21  ,0,0,0,0,0,0,0,0,0,-68000,0,0,0,0,68000,-68000,-68000
053809,上銀群益96購02  ,0,0,0,0,0,0,0,0,0,-68000,0,0,0,66000,134000,-68000,-68000
053852,南亞科國泰98購01,0,0,0,0,0,0,0,0,0,-68000,0,0,0,122000,190000,-68000,-68000
053598,日月光元大96購04,0,0,0,0,0,0,0,0,0,-68000,0,0,0,0,68000,-68000,-68000
053467,鴻海元大96購20  ,0,0,0,0,0,0,0,0,0,-68000,0,0,0,100000,168000,-68000,-68000
055246,美律統一98購01  ,0,0,0,0,0,0,0,0,0,-68000,0,0,0,0,68000,-68000,-68000
055351,聯發科凱基97購03,0,0,0,0,0,0,0,0,0,-68000,0,0,0,0,68000,-68000,-68000
054708,華通統一97購02  ,0,0,0,0,0,0,0,0,0,-68000,0,0,0,0,68000,-68000,-68000
054499,台光電永豐96購02,0,0,0,0,0,0,0,0,0,-68000,0,0,0,0,68000,-68000,-68000
054547,鴻海凱基98購02  ,0,0,0,0,0,0,0,0,0,-68000,0,0,0,0,68000,-68000,-68000
054618,訊芯永豐97購01  ,0,0,0,0,0,0,0,0,0,-68000,0,0,0,0,68000,-68000,-68000
06272P,台郡凱基97售04  ,0,0,0,0,0,0,0,0,0,-68000,0,0,0,16000,84000,-68000,-68000
06346P,聯鈞元富97售02  ,0,0,0,0,0,0,0,0,0,-68000,0,0,0,10000,78000,-68000,-68000
057288,聯茂元大98購03  ,0,0,0,0,0,0,0,0,0,-69000,0,0,0,14000,83000,-69000,-69000
05803P,臺股指兆豐96售03,0,0,0,0,0,0,0,0,0,-69000,0,0,0,0,69000,-69000,-69000
05978P,麗豐永豐96售02  ,0,0,0,0,0,0,0,0,0,-69000,0,0,0,10000,79000,-69000,-69000
056000,佳世達永豐97購01,0,0,0,0,0,0,0,0,0,-69000,0,0,0,0,69000,-69000,-69000
04832P,為升元大94售09  ,0,0,0,0,0,0,0,0,0,-69000,0,0,0,37000,106000,-69000,-69000
049228,台塑富邦94購01  ,0,0,0,0,0,0,0,0,0,-69000,0,0,0,21000,90000,-69000,-69000
049972,南電國票95購02  ,0,0,0,0,0,0,0,0,0,-69000,0,0,0,85000,154000,-69000,-69000
054377,臺股指中信99購09,0,0,0,0,0,0,0,0,0,-69000,0,0,0,267000,336000,-69000,-69000
055302,達方元大97購01  ,0,0,0,0,0,0,0,0,0,-69000,0,0,0,10000,79000,-69000,-69000
053343,宏達電國票97購02,0,0,0,0,0,0,0,0,0,-69000,0,0,0,14000,83000,-69000,-69000
053400,緯穎中信9A購01  ,0,0,0,0,0,0,0,0,0,-69000,0,0,0,46000,115000,-69000,-69000
053720,宏達電凱基97購01,0,0,0,0,0,0,0,0,0,-69000,0,0,0,195000,264000,-69000,-69000
06249P,億光統一97售02  ,0,0,0,0,0,0,0,0,0,-69000,0,0,0,0,69000,-69000,-69000
2467,志聖            ,7000,75000,-68000,0,0,0,0,0,0,-1000,0,1000,-1000,0,0,0,-69000
055832,台達電元大97購02,0,0,0,0,0,0,0,0,0,-70000,0,0,0,0,70000,-70000,-70000
056608,力山永豐98購01  ,0,0,0,0,0,0,0,0,0,-70000,0,0,0,0,70000,-70000,-70000
05642P,玉晶光兆豐97售02,0,0,0,0,0,0,0,0,0,-70000,0,0,0,20000,90000,-70000,-70000
056495,泰鼎國泰99購01  ,0,0,0,0,0,0,0,0,0,-70000,0,0,0,6000,76000,-70000,-70000
05987P,健策統一96售02  ,0,0,0,0,0,0,0,0,0,-70000,0,0,0,0,70000,-70000,-70000
05819P,臺股指凱基96售16,0,0,0,0,0,0,0,0,0,-70000,0,0,0,0,70000,-70000,-70000
057877,神達元大99購01  ,0,0,0,0,0,0,0,0,0,-70000,0,0,0,80000,150000,-70000,-70000
057789,上銀統一9A購01  ,0,0,0,0,0,0,0,0,0,-70000,0,0,0,0,70000,-70000,-70000
057814,聯發科元大98購12,0,0,0,0,0,0,0,0,0,-70000,0,0,0,121000,191000,-70000,-70000
057487,聯發科元大98購10,0,0,0,0,0,0,0,0,0,-70000,0,0,0,180000,250000,-70000,-70000
057279,國揚元大98購01  ,0,0,0,0,0,0,0,0,0,-70000,0,0,0,0,70000,-70000,-70000
05718P,國巨元大96售09  ,0,0,0,0,0,0,0,0,0,-70000,0,0,0,120000,190000,-70000,-70000
057388,奇鋐永豐98購02  ,0,0,0,0,0,0,0,0,0,-70000,0,0,0,68000,138000,-70000,-70000
05685P,臺股指元大96售10,0,0,0,0,0,0,0,0,0,-70000,0,0,0,210000,280000,-70000,-70000
048167,旺宏永豐93購04  ,0,0,0,0,0,0,0,0,0,-70000,0,0,0,0,70000,-70000,-70000
048149,泰鼎元富95購01  ,0,0,0,0,0,0,0,0,0,-70000,0,0,0,80000,150000,-70000,-70000
04229P,臺股指中信95售05,0,0,0,0,0,0,0,0,0,-70000,0,0,0,0,70000,-70000,-70000
050257,為升元大94購07  ,0,0,0,0,0,0,0,0,0,-70000,0,0,0,0,70000,-70000,-70000
050537,鴻海凱基95購05  ,0,0,0,0,0,0,0,0,0,-70000,0,0,0,14000,84000,-70000,-70000
051042,中磊永豐95購01  ,0,0,0,0,0,0,0,0,0,-70000,0,0,0,0,70000,-70000,-70000
050768,聯發科元大94購16,0,0,0,0,0,0,0,0,0,-70000,0,0,0,0,70000,-70000,-70000
050783,旺宏國泰96購02  ,0,0,0,0,0,0,0,0,0,-70000,0,0,0,20000,90000,-70000,-70000
04935P,鴻海中信96售01  ,0,0,0,0,0,0,0,0,0,-70000,0,0,0,10000,80000,-70000,-70000
049371,可成元大94購04  ,0,0,0,0,0,0,0,0,0,-70000,0,0,0,70000,140000,-70000,-70000
051735,台積電國票96購06,0,0,0,0,0,0,0,0,0,-70000,0,0,0,628000,698000,-70000,-70000
049650,啟碁凱基94購03  ,0,0,0,0,0,0,0,0,0,-70000,0,0,0,40000,110000,-70000,-70000
049617,光罩群益94購03  ,0,0,0,0,0,0,0,0,0,-70000,0,0,0,10000,80000,-70000,-70000
049306,元油2X凱基96購01,0,0,0,0,0,0,0,0,0,-70000,0,0,0,100000,170000,-70000,-70000
054178,中磊台新97購01  ,0,0,0,0,0,0,0,0,0,-70000,0,0,0,1000,71000,-70000,-70000
053297,鎧勝中信98購01  ,0,0,0,0,0,0,0,0,0,-70000,0,0,0,0,70000,-70000,-70000
055278,旺宏元大98購05  ,0,0,0,0,0,0,0,0,0,-70000,0,0,0,40000,110000,-70000,-70000
055133,致新康和97購01  ,0,0,0,0,0,0,0,0,0,-70000,0,0,0,0,70000,-70000,-70000
055135,聯發科富邦99購05,0,0,0,0,0,0,0,0,0,-70000,0,0,0,0,70000,-70000,-70000
054318,台虹凱基98購01  ,0,0,0,0,0,0,0,0,0,-70000,0,0,0,41000,111000,-70000,-70000
054902,億光康和97購01  ,0,0,0,0,0,0,0,0,0,-70000,0,0,0,0,70000,-70000,-70000
1321,大洋            ,23000,93000,-70000,0,0,0,0,0,0,0,0,0,0,0,0,0,-70000
6197,佳必琪          ,84000,148000,-64000,0,0,0,0,0,0,-6000,0,6000,-6000,0,0,0,-70000
056833,和大元富9B購01  ,0,0,0,0,0,0,0,0,0,-71000,0,0,0,20000,91000,-71000,-71000
057723,臺股指元富98購02,0,0,0,0,0,0,0,0,0,-71000,0,0,0,0,71000,-71000,-71000
057859,神達康和98購01  ,0,0,0,0,0,0,0,0,0,-71000,0,0,0,200000,271000,-71000,-71000
055800,欣興永豐97購02  ,0,0,0,0,0,0,0,0,0,-71000,0,0,0,27000,98000,-71000,-71000
055929,聯發科群益97購05,0,0,0,0,0,0,0,0,0,-71000,0,0,0,80000,151000,-71000,-71000
049738,神基群益94購01  ,0,0,0,0,0,0,0,0,0,-71000,0,0,0,10000,81000,-71000,-71000
050950,健鼎群益96購01  ,0,0,0,0,0,0,0,0,0,-71000,0,0,0,0,71000,-71000,-71000
050661,景碩元大94購02  ,0,0,0,0,0,0,0,0,0,-71000,0,0,0,351000,422000,-71000,-71000
054539,欣興國票98購01  ,0,0,0,0,0,0,0,0,0,-71000,0,0,0,0,71000,-71000,-71000
054101,茂林國票97購04  ,0,0,0,0,0,0,0,0,0,-71000,0,0,0,10000,81000,-71000,-71000
053655,全新凱基98購02  ,0,0,0,0,0,0,0,0,0,-71000,0,0,0,0,71000,-71000,-71000
06271P,彩晶凱基97售01  ,0,0,0,0,0,0,0,0,0,-71000,0,0,0,14000,85000,-71000,-71000
056151,建準凱基97購01  ,0,0,0,0,0,0,0,0,0,-72000,0,0,0,0,72000,-72000,-72000
055745,臻鼎元富97購01  ,0,0,0,0,0,0,0,0,0,-72000,0,0,0,30000,102000,-72000,-72000
05887P,友達元富99售03  ,0,0,0,0,0,0,0,0,0,-72000,0,0,0,24000,96000,-72000,-72000
056839,台光電元富98購02,0,0,0,0,0,0,0,0,0,-72000,0,0,0,42000,114000,-72000,-72000
056943,華通統一99購01  ,0,0,0,0,0,0,0,0,0,-72000,0,0,0,0,72000,-72000,-72000
04813P,智邦元大94售07  ,0,0,0,0,0,0,0,0,0,-72000,0,0,0,21000,93000,-72000,-72000
05042P,GIS凱基95售03   ,0,0,0,0,0,0,0,0,0,-72000,0,0,0,115000,187000,-72000,-72000
052831,華固群益96購01  ,0,150000,-150000,0,0,0,0,0,0,78000,0,0,0,150000,72000,78000,-72000
052861,台光電凱基96購03,0,0,0,0,0,0,0,0,0,-72000,0,0,0,144000,216000,-72000,-72000
053705,滬深2X凱基99購01,0,0,0,0,0,0,0,0,0,-72000,0,0,0,10000,82000,-72000,-72000
053414,臻鼎國票97購01  ,0,0,0,0,0,0,0,0,0,-72000,0,0,0,30000,102000,-72000,-72000
053445,可成凱基96購04  ,0,0,0,0,0,0,0,0,0,-72000,0,0,0,16000,88000,-72000,-72000
054943,群光元大97購01  ,0,0,0,0,0,0,0,0,0,-72000,0,0,0,13000,85000,-72000,-72000
06228P,亞德客凱基97售04,0,0,0,0,0,0,0,0,0,-72000,0,0,0,91000,163000,-72000,-72000
5434,崇越            ,68000,147000,-79000,0,0,0,4000,0,4000,3000,1000,5000,-4000,8000,1000,7000,-72000
6533,晶心科          ,23000,95000,-72000,0,0,0,0,0,0,0,1000,1000,0,0,0,0,-72000
056982,華新科群益98購05,0,0,0,0,0,0,0,0,0,-73000,0,0,0,1092000,1165000,-73000,-73000
056517,茂林兆豐99購01  ,0,0,0,0,0,0,0,0,0,-73000,0,0,0,27000,100000,-73000,-73000
056803,群創台新99購02  ,0,0,0,0,0,0,0,0,0,-73000,0,0,0,0,73000,-73000,-73000
048781,臺股指凱基96購01,0,0,0,0,0,0,0,0,0,-73000,0,0,0,140000,213000,-73000,-73000
04565P,聯詠凱基94售01  ,0,0,0,0,0,0,0,0,0,-73000,0,0,0,11000,84000,-73000,-73000
053034,上海銀兆豐96購01,0,0,0,0,0,0,0,0,0,-73000,0,0,0,3000,76000,-73000,-73000
8482,商億-KY         ,10000,83000,-73000,0,0,0,0,0,0,0,0,0,0,0,0,0,-73000
2233,宇隆            ,2000,75000,-73000,0,0,0,0,0,0,0,0,0,0,0,0,0,-73000
056749,滬深2X兆豐99購01,0,0,0,0,0,0,0,0,0,-74000,0,0,0,0,74000,-74000,-74000
056624,景碩永豐98購01  ,0,0,0,0,0,0,0,0,0,-74000,0,0,0,84000,158000,-74000,-74000
05688P,臺股指元大96售13,0,0,0,0,0,0,0,0,0,-74000,0,0,0,164000,238000,-74000,-74000
057062,立積國泰99購01  ,0,0,0,0,0,0,0,0,0,-74000,0,0,0,242000,316000,-74000,-74000
057245,福懋科台新98購01,0,0,0,0,0,0,0,0,0,-74000,0,0,0,0,74000,-74000,-74000
057263,可成兆豐99購01  ,0,0,0,0,0,0,0,0,0,-74000,0,0,0,181000,255000,-74000,-74000
05761P,嘉澤永豐96售01  ,0,0,0,0,0,0,0,0,0,-74000,0,0,0,60000,134000,-74000,-74000
049052,台積電永豐94購02,0,0,0,0,0,0,0,0,0,-74000,0,0,0,15000,89000,-74000,-74000
052109,可成元富95購01  ,0,0,0,0,0,0,0,0,0,-74000,0,0,0,40000,114000,-74000,-74000
052247,深中小永豐95購01,0,0,0,0,0,0,0,0,0,-74000,0,0,0,0,74000,-74000,-74000
047993,鑽全元大96購01  ,0,0,0,0,0,0,0,0,0,-74000,0,0,0,46000,120000,-74000,-74000
052589,群創永豐97購01  ,0,0,0,0,0,0,0,0,0,-74000,0,0,0,0,74000,-74000,-74000
050817,可成凱基95購01  ,0,0,0,0,0,0,0,0,0,-74000,0,0,0,82000,156000,-74000,-74000
053265,南亞科群益96購02,0,0,0,0,0,0,0,0,0,-74000,0,0,0,3000,77000,-74000,-74000
055084,國巨第一97購01  ,0,0,0,0,0,0,0,0,0,-74000,0,0,0,14000,88000,-74000,-74000
2231,為升            ,64000,174000,-110000,0,0,0,0,0,0,36000,25000,5000,20000,24000,8000,16000,-74000
06652P,長榮航元大98售01,0,0,0,0,0,0,0,0,0,-74000,0,0,0,140000,214000,-74000,-74000
057514,華新科元富99購03,0,0,0,0,0,0,0,0,0,-75000,0,0,0,29000,104000,-75000,-75000
057409,台虹群益98購02  ,0,0,0,0,0,0,0,0,0,-75000,0,0,0,0,75000,-75000,-75000
05668P,滬深2X永豐96售04,0,0,0,0,0,0,0,0,0,-75000,0,0,0,55000,130000,-75000,-75000
055728,緯穎元大97購03  ,0,0,0,0,0,0,0,0,0,-75000,0,0,0,12000,87000,-75000,-75000
055765,臺股指群益97購03,0,0,0,0,0,0,0,0,0,-75000,0,0,0,0,75000,-75000,-75000
055890,鴻海統一99購01  ,0,0,0,0,0,0,0,0,0,-75000,0,0,0,48000,123000,-75000,-75000
049143,智邦元大94購02  ,0,0,0,0,0,0,0,0,0,-75000,0,0,0,12000,87000,-75000,-75000
050700,健策凱基96購01  ,0,0,0,0,0,0,0,0,0,-75000,0,0,0,0,75000,-75000,-75000
050556,道瓊銀統一95購01,0,0,0,0,0,0,0,0,0,-75000,0,0,0,0,75000,-75000,-75000
050081,聯發科統一94購07,0,0,0,0,0,0,0,0,0,-75000,0,0,0,0,75000,-75000,-75000
052437,聯發科富邦99購02,0,0,0,0,0,0,0,0,0,-75000,0,0,0,30000,105000,-75000,-75000
055152,旺宏元大98購04  ,0,0,0,0,0,0,0,0,0,-75000,0,0,0,27000,102000,-75000,-75000
054555,欣興凱基98購01  ,0,0,0,0,0,0,0,0,0,-75000,0,0,0,198000,273000,-75000,-75000
053294,聯發科中信9C購01,0,0,0,0,0,0,0,0,0,-75000,0,0,0,0,75000,-75000,-75000
053549,南亞科凱基96購02,0,0,0,0,0,0,0,0,0,-75000,0,0,0,43000,118000,-75000,-75000
2484,希華            ,11000,81000,-70000,0,0,0,0,0,0,-5000,0,5000,-5000,0,0,0,-75000
2852,第一保          ,0,75000,-75000,0,0,0,0,0,0,0,0,0,0,0,0,0,-75000
055825,臺股指國票97購12,0,0,0,0,0,0,0,0,0,-76000,0,0,0,0,76000,-76000,-76000
056542,緯創凱基98購01  ,0,0,0,0,0,0,0,0,0,-76000,0,0,0,53000,129000,-76000,-76000
057891,華新科統一9A購01,0,0,0,0,0,0,0,0,0,-76000,0,0,0,0,76000,-76000,-76000
052191,超眾群益96購01  ,0,0,0,0,0,0,0,0,0,-76000,0,0,0,10000,86000,-76000,-76000
052824,揚明光永豐96購02,0,0,0,0,0,0,0,0,0,-76000,0,0,0,0,76000,-76000,-76000
051361,泰鼎元大95購01  ,0,0,0,0,0,0,0,0,0,-76000,0,0,0,9000,85000,-76000,-76000
049996,元油2X永豐94購05,0,0,0,0,0,0,0,0,0,-76000,0,0,0,0,76000,-76000,-76000
049982,嘉晶凱基94購01  ,0,0,0,0,0,0,0,0,0,-76000,0,0,0,247000,323000,-76000,-76000
051089,旺宏元大96購04  ,0,0,0,0,0,0,0,0,0,-76000,0,0,0,55000,131000,-76000,-76000
051086,鴻海元大96購04  ,0,0,0,0,0,0,0,0,0,-76000,0,0,0,50000,126000,-76000,-76000
054797,臻鼎群益97購01  ,0,0,0,0,0,0,0,0,0,-76000,0,0,0,22000,98000,-76000,-76000
055115,日月光凱基98購01,0,0,0,0,0,0,0,0,0,-76000,0,0,0,0,76000,-76000,-76000
055397,超眾統一97購02  ,0,0,0,0,0,0,0,0,0,-76000,0,0,0,0,76000,-76000,-76000
2923,鼎固-KY         ,0,76000,-76000,0,0,0,0,0,0,0,0,0,0,0,0,0,-76000
2355,敬鵬            ,142000,206000,-64000,0,0,0,0,0,0,-12000,0,7000,-7000,0,5000,-5000,-76000
1560,中砂            ,20000,96000,-76000,0,0,0,0,0,0,0,0,0,0,0,0,0,-76000
057850,上銀兆豐99購02  ,0,0,0,0,0,0,0,0,0,-77000,0,0,0,0,77000,-77000,-77000
057440,台積電統一98購10,0,0,0,0,0,0,0,0,0,-77000,0,0,0,5000,82000,-77000,-77000
057025,華新科凱基98購04,0,0,0,0,0,0,0,0,0,-77000,0,0,0,3000,80000,-77000,-77000
047678,景碩台新93購01  ,0,0,0,0,0,0,0,0,0,-77000,0,0,0,16000,93000,-77000,-77000
047450,南茂元大93購05  ,0,0,0,0,0,0,0,0,0,-77000,0,0,0,20000,97000,-77000,-77000
046257,A50正2國票94購01,0,0,0,0,0,0,0,0,0,-77000,0,0,0,0,77000,-77000,-77000
054345,世芯國票96購02  ,0,0,0,0,0,0,0,0,0,-77000,0,0,0,30000,107000,-77000,-77000
053969,瑞昱元大97購01  ,0,0,0,0,0,0,0,0,0,-77000,0,0,0,16000,93000,-77000,-77000
2208,台船            ,37000,113000,-76000,0,0,0,0,0,0,-1000,0,1000,-1000,0,0,0,-77000
06397P,T50反1凱基9A售03,0,0,0,0,0,0,0,0,0,-77000,0,0,0,0,77000,-77000,-77000
056944,鴻海統一98購11  ,0,0,0,0,0,0,0,0,0,-78000,0,0,0,48000,126000,-78000,-78000
056945,鴻海統一98購12  ,0,0,0,0,0,0,0,0,0,-78000,0,0,0,384000,462000,-78000,-78000
057400,全新群益9A購01  ,0,0,0,0,0,0,0,0,0,-78000,0,0,0,0,78000,-78000,-78000
057181,亞光元大98購02  ,0,0,0,0,0,0,0,0,0,-78000,0,0,0,42000,120000,-78000,-78000
05919P,京鼎元大96售03  ,0,0,0,0,0,0,0,0,0,-78000,0,0,0,32000,110000,-78000,-78000
056742,玉晶光凱基9A購01,0,0,0,0,0,0,0,0,0,-78000,0,0,0,11000,89000,-78000,-78000
056164,聯茂凱基98購03  ,0,0,0,0,0,0,0,0,0,-78000,0,0,0,0,78000,-78000,-78000
045088,康控元大94購02  ,0,0,0,0,0,0,0,0,0,-78000,0,0,0,0,78000,-78000,-78000
047616,鴻海凱基94購10  ,0,0,0,0,0,0,0,0,0,-78000,0,0,0,20000,98000,-78000,-78000
00653L,富邦印度正2     ,0,0,0,0,0,0,0,0,0,-78000,0,0,0,72000,150000,-78000,-78000
051633,可成國票96購03  ,0,0,0,0,0,0,0,0,0,-78000,0,0,0,127000,205000,-78000,-78000
051988,台光電元大95購01,0,0,0,0,0,0,0,0,0,-78000,0,0,0,44000,122000,-78000,-78000
052780,玉晶光國票96購04,0,0,0,0,0,0,0,0,0,-78000,0,0,0,0,78000,-78000,-78000
052629,訊芯中信99購01  ,0,0,0,0,0,0,0,0,0,-78000,0,0,0,0,78000,-78000,-78000
051255,康控元大96購04  ,0,0,0,0,0,0,0,0,0,-78000,0,0,0,0,78000,-78000,-78000
053645,臺股指國票96購08,0,0,0,0,0,0,0,0,0,-78000,0,0,0,0,78000,-78000,-78000
053149,京元電元大96購02,0,0,0,0,0,0,0,0,0,-78000,0,0,0,20000,98000,-78000,-78000
054753,復盛凱基98購01  ,0,0,0,0,0,0,0,0,0,-78000,0,0,0,113000,191000,-78000,-78000
055347,台積電凱基97購10,0,0,0,0,0,0,0,0,0,-78000,0,0,0,0,78000,-78000,-78000
055192,世芯元富97購01  ,0,0,0,0,0,0,0,0,0,-78000,0,0,0,67000,145000,-78000,-78000
05657P,樺漢統一97售01  ,0,0,0,0,0,0,0,0,0,-79000,0,0,0,112000,191000,-79000,-79000
056275,國巨國泰98購04  ,0,0,0,0,0,0,0,0,0,-79000,0,0,0,400000,479000,-79000,-79000
055286,晶技元大98購03  ,0,0,0,0,0,0,0,0,0,-79000,0,0,0,326000,405000,-79000,-79000
054793,牧德群益9A購01  ,0,0,0,0,0,0,0,0,0,-79000,0,0,0,59000,138000,-79000,-79000
054717,亞德客永豐97購01,0,0,0,0,0,0,0,0,0,-79000,0,0,0,0,79000,-79000,-79000
054571,楠梓電元大99購01,0,0,0,0,0,0,0,0,0,-79000,0,0,0,358000,437000,-79000,-79000
053174,同欣電群益98購02,0,0,0,0,0,0,0,0,0,-79000,0,0,0,1000,80000,-79000,-79000
06383P,聯茂元富97售01  ,0,0,0,0,0,0,0,0,0,-79000,0,0,0,12000,91000,-79000,-79000
06633P,國巨國票99售01  ,0,0,0,0,0,0,0,0,0,-79000,0,0,0,0,79000,-79000,-79000
06619P,聯發科元大98售06,0,0,0,0,0,0,0,0,0,-79000,0,0,0,45000,124000,-79000,-79000
06732P,台灣50日盛9A售01,0,0,0,0,0,0,0,0,0,-79000,0,0,0,1000,80000,-79000,-79000
06199P,聯發科元大97售17,0,0,0,0,0,0,0,0,0,-79000,0,0,0,0,79000,-79000,-79000
8114,振樺電          ,4000,81000,-77000,0,0,0,0,0,0,-2000,0,2000,-2000,0,0,0,-79000
4916,事欣科          ,1000,80000,-79000,0,0,0,0,0,0,0,0,0,0,0,0,0,-79000
056363,華新科元大99購04,0,0,0,0,0,0,0,0,0,-80000,0,0,0,56000,136000,-80000,-80000
056662,臺股指元大9A購09,0,0,0,0,0,0,0,0,0,-80000,0,0,0,0,80000,-80000,-80000
057871,國巨元大99購09  ,0,0,0,0,0,0,0,0,0,-80000,0,0,0,100000,180000,-80000,-80000
057822,牧德元大9A購01  ,0,0,0,0,0,0,0,0,0,-80000,0,0,0,17000,97000,-80000,-80000
056901,華新科元大98購03,0,0,0,0,0,0,0,0,0,-80000,0,0,0,40000,120000,-80000,-80000
04263P,南電群益93售03  ,0,0,0,0,0,0,0,0,0,-80000,0,0,0,0,80000,-80000,-80000
04014P,聯發科元大93售18,0,0,0,0,0,0,0,0,0,-80000,0,0,0,20000,100000,-80000,-80000
04744P,臻鼎元富94售04  ,0,0,0,0,0,0,0,0,0,-80000,0,0,0,0,80000,-80000,-80000
043538,元石油國票97購01,0,0,0,0,0,0,0,0,0,-80000,0,0,0,0,80000,-80000,-80000
052084,台泥元大95購01  ,0,0,0,0,0,0,0,0,0,-80000,0,0,0,40000,120000,-80000,-80000
049145,南亞科元大94購01,0,0,0,0,0,0,0,0,0,-80000,0,0,0,0,80000,-80000,-80000
052553,技嘉國票96購01  ,0,0,0,0,0,0,0,0,0,-80000,0,0,0,59000,139000,-80000,-80000
049209,GIS群益94購03   ,0,0,0,0,0,0,0,0,0,-80000,0,0,0,0,80000,-80000,-80000
051163,鴻海元大95購04  ,0,0,0,0,0,0,0,0,0,-80000,0,0,0,0,80000,-80000,-80000
050932,台塑國票96購01  ,0,0,0,0,0,0,0,0,0,-80000,0,0,0,58000,138000,-80000,-80000
050979,鴻海元富96購02  ,0,0,0,0,0,0,0,0,0,-80000,0,0,0,10000,90000,-80000,-80000
049440,T50反1統一94購04,0,0,0,0,0,0,0,0,0,-80000,0,0,0,0,80000,-80000,-80000
053162,緯穎元大97購01  ,0,0,0,0,0,0,0,0,0,-80000,0,0,0,33000,113000,-80000,-80000
05295P,緯創凱基95售01  ,0,0,0,0,0,0,0,0,0,-80000,0,0,0,0,80000,-80000,-80000
052953,百和國票97購01  ,0,0,0,0,0,0,0,0,0,-80000,0,0,0,0,80000,-80000,-80000
053250,百和國票97購02  ,0,0,0,0,0,0,0,0,0,-80000,0,0,0,10000,90000,-80000,-80000
053439,台積電凱基96購11,0,0,0,0,0,0,0,0,0,-80000,0,0,0,110000,190000,-80000,-80000
053832,聯發科台新96購01,0,0,0,0,0,0,0,0,0,-80000,0,0,0,0,80000,-80000,-80000
054289,聯發科元大97購11,0,0,0,0,0,0,0,0,0,-80000,0,0,0,10000,90000,-80000,-80000
054372,南亞科中信96購01,0,0,0,0,0,0,0,0,0,-80000,0,0,0,0,80000,-80000,-80000
055424,聚陽群益98購01  ,0,0,0,0,0,0,0,0,0,-80000,0,0,0,118000,198000,-80000,-80000
8101,華冠            ,1000,80000,-79000,0,0,0,0,0,0,-1000,0,1000,-1000,0,0,0,-80000
9188,精熙-DR         ,0,80000,-80000,0,0,0,0,0,0,0,0,0,0,0,0,0,-80000
06268P,聯詠凱基97售02  ,0,0,0,0,0,0,0,0,0,-80000,0,0,0,18000,98000,-80000,-80000
06625P,華新科統一98售03,0,0,0,0,0,0,0,0,0,-80000,0,0,0,0,80000,-80000,-80000
057117,開發金日盛9B購01,0,0,0,0,0,0,0,0,0,-81000,0,0,0,0,81000,-81000,-81000
055764,臺股指群益97購02,0,0,0,0,0,0,0,0,0,-81000,0,0,0,194000,275000,-81000,-81000
055760,新日興群益98購02,0,0,0,0,0,0,0,0,0,-81000,0,0,0,109000,190000,-81000,-81000
049084,欣興凱基94購03  ,0,0,0,0,0,0,0,0,0,-81000,0,0,0,10000,91000,-81000,-81000
04581P,楠梓電康和94售03,0,0,0,0,0,0,0,0,0,-81000,0,0,0,87000,168000,-81000,-81000
00647L,元大S&P500正2   ,0,16000,-16000,0,0,0,0,0,0,-65000,0,0,0,0,65000,-65000,-81000
050767,京元電元大96購01,0,0,0,0,0,0,0,0,0,-81000,0,0,0,2000,83000,-81000,-81000
049825,台積電凱基94購26,40000,0,40000,0,0,0,0,0,0,-121000,0,0,0,69000,190000,-121000,-81000
051959,台郡台新95購03  ,0,0,0,0,0,0,0,0,0,-81000,0,0,0,10000,91000,-81000,-81000
053949,康控富邦9A購01  ,0,0,0,0,0,0,0,0,0,-81000,0,0,0,35000,116000,-81000,-81000
053457,旺宏國泰98購03  ,0,0,0,0,0,0,0,0,0,-81000,0,0,0,74000,155000,-81000,-81000
052959,聯電凱基97購01  ,0,0,0,0,0,0,0,0,0,-81000,0,0,0,330000,411000,-81000,-81000
053141,景碩永豐96購02  ,0,0,0,0,0,0,0,0,0,-81000,0,0,0,156000,237000,-81000,-81000
06358P,力成中信97售02  ,0,0,0,0,0,0,0,0,0,-81000,0,0,0,19000,100000,-81000,-81000
2362,藍天            ,111000,199000,-88000,0,0,0,0,0,0,7000,18000,11000,7000,0,0,0,-81000
3059,華晶科          ,39000,119000,-80000,0,0,0,0,0,0,-1000,0,1000,-1000,0,0,0,-81000
056566,臻鼎群益98購01  ,0,0,0,0,0,0,0,0,0,-82000,0,0,0,92000,174000,-82000,-82000
05268P,玉晶光元大98售01,0,0,0,0,0,0,0,0,0,-82000,0,0,0,205000,287000,-82000,-82000
051127,同欣電群益95購01,0,0,0,0,0,0,0,0,0,-82000,0,0,0,11000,93000,-82000,-82000
053378,台積電元大98購02,0,0,0,0,0,0,0,0,0,-82000,0,0,0,126000,208000,-82000,-82000
055517,國巨中信97購03  ,0,0,0,0,0,0,0,0,0,-82000,0,0,0,71000,153000,-82000,-82000
4190,佐登-KY         ,34000,62000,-28000,0,0,0,0,0,0,-54000,1000,40000,-39000,0,15000,-15000,-82000
06131P,京鼎元富97售02  ,0,0,0,0,0,0,0,0,0,-82000,0,0,0,0,82000,-82000,-82000
056255,華新科元富97購05,0,0,0,0,0,0,0,0,0,-83000,0,0,0,97000,180000,-83000,-83000
055815,亞光國票99購01  ,0,0,0,0,0,0,0,0,0,-83000,0,0,0,0,83000,-83000,-83000
057510,泰碩統一98購02  ,0,0,0,0,0,0,0,0,0,-83000,0,0,0,0,83000,-83000,-83000
03957P,創意統一94售02  ,0,0,0,0,0,0,0,0,0,-83000,0,0,0,23000,106000,-83000,-83000
047219,美律麥證94購01  ,0,0,0,10000,93000,-83000,0,0,0,-83000,0,0,0,10000,93000,-83000,-83000
050848,日月光國票95購01,0,0,0,0,0,0,0,0,0,-83000,0,0,0,237000,320000,-83000,-83000
055310,聯詠群益97購02  ,0,0,0,0,0,0,0,0,0,-83000,0,0,0,121000,204000,-83000,-83000
055037,宏盛富邦99購01  ,0,0,0,0,0,0,0,0,0,-83000,0,0,0,20000,103000,-83000,-83000
053428,中磊永豐96購02  ,0,0,0,0,0,0,0,0,0,-83000,0,0,0,0,83000,-83000,-83000
054282,泰鼎群益98購02  ,0,0,0,0,0,0,0,0,0,-83000,0,0,0,68000,151000,-83000,-83000
06598P,奇力新永豐98售02,0,0,0,0,0,0,0,0,0,-83000,0,0,0,3000,86000,-83000,-83000
2023,燁輝            ,186000,266000,-80000,0,0,0,0,0,0,-3000,0,3000,-3000,0,0,0,-83000
057356,彩晶統一98購04  ,0,0,0,0,0,0,0,0,0,-84000,0,0,0,70000,154000,-84000,-84000
055763,鎧勝群益97購01  ,0,0,0,0,0,0,0,0,0,-84000,0,0,0,14000,98000,-84000,-84000
055696,華新科國票98購01,0,0,0,0,0,0,0,0,0,-84000,0,0,0,21000,105000,-84000,-84000
056197,友訊永豐97購01  ,0,0,0,0,0,0,0,0,0,-84000,0,0,0,75000,159000,-84000,-84000
056615,燿華永豐98購02  ,0,0,0,0,0,0,0,0,0,-84000,0,0,0,0,84000,-84000,-84000
042792,T50反1台新9C購01,0,0,0,0,0,0,0,0,0,-84000,0,0,0,20000,104000,-84000,-84000
04470P,為升元大94售01  ,0,0,0,0,0,0,0,0,0,-84000,0,0,0,20000,104000,-84000,-84000
051158,嘉晶富邦96購01  ,0,0,0,0,0,0,0,0,0,-84000,0,0,0,16000,100000,-84000,-84000
06033P,可成凱基96售09  ,0,0,0,0,0,0,0,0,0,-84000,0,0,0,250000,334000,-84000,-84000
3356,奇偶            ,20000,103000,-83000,0,0,0,0,0,0,-1000,0,1000,-1000,0,0,0,-84000
056576,晶技元大99購02  ,0,0,0,0,0,0,0,0,0,-85000,0,0,0,297000,382000,-85000,-85000
056081,T50反1統一99購02,0,0,0,0,0,0,0,0,0,-85000,0,0,0,0,85000,-85000,-85000
057362,元油2X元大98購12,0,0,0,0,0,0,0,0,0,-85000,0,0,0,20000,105000,-85000,-85000
05710P,禾伸堂國票97售02,0,0,0,0,0,0,0,0,0,-85000,0,0,0,0,85000,-85000,-85000
047395,聯茂元大94購01  ,0,0,0,0,0,0,0,0,0,-85000,0,0,0,20000,105000,-85000,-85000
048590,貿聯兆豐94購02  ,0,0,0,0,0,0,0,0,0,-85000,0,0,0,285000,370000,-85000,-85000
04384P,上証2X中信96售01,0,0,0,0,0,0,0,0,0,-85000,0,0,0,36000,121000,-85000,-85000
051400,國巨永豐95購01  ,0,0,0,0,0,0,0,0,0,-85000,0,0,0,122000,207000,-85000,-85000
051309,卜蜂麥證95購01  ,0,0,0,5000,90000,-85000,0,0,0,-85000,0,0,0,5000,90000,-85000,-85000
050682,南亞科元富94購02,0,0,0,0,0,0,0,0,0,-85000,0,0,0,41000,126000,-85000,-85000
050514,聯電元大94購01  ,0,0,0,0,0,0,0,0,0,-85000,0,0,0,7000,92000,-85000,-85000
053611,聯茂麥證96購01  ,0,0,0,115000,276000,-161000,0,0,0,-85000,0,0,0,191000,276000,-85000,-85000
054720,禾伸堂永豐97購01,0,0,0,0,0,0,0,0,0,-85000,0,0,0,73000,158000,-85000,-85000
056088,台郡統一97購02  ,0,0,0,0,0,0,0,0,0,-86000,0,0,0,0,86000,-86000,-86000
056810,群創統一9A購01  ,0,0,0,0,0,0,0,0,0,-86000,0,0,0,0,86000,-86000,-86000
03646C,臺股指元大95牛32,0,0,0,0,0,0,0,0,0,-86000,0,0,0,0,86000,-86000,-86000
041991,元油2X國票98購01,0,0,0,0,0,0,0,0,0,-86000,0,0,0,30000,116000,-86000,-86000
048227,亞光凱基93購05  ,0,0,0,0,0,0,0,0,0,-86000,0,0,0,0,86000,-86000,-86000
051734,台積電國票95購04,0,0,0,0,0,0,0,0,0,-86000,0,0,0,64000,150000,-86000,-86000
051161,喬山元大95購02  ,0,0,0,0,0,0,0,0,0,-86000,0,0,0,0,86000,-86000,-86000
051958,貿聯台新95購01  ,0,0,0,0,0,0,0,0,0,-86000,0,0,0,0,86000,-86000,-86000
052668,聯發科群益97購01,0,0,0,0,0,0,0,0,0,-86000,0,0,0,0,86000,-86000,-86000
055373,聯詠元大97購03  ,0,0,0,0,0,0,0,0,0,-86000,0,0,0,52000,138000,-86000,-86000
05427P,聯發科凱基96售07,0,0,0,0,0,0,0,0,0,-86000,0,0,0,189000,275000,-86000,-86000
053984,康友元大96購05  ,0,0,0,0,0,0,0,0,0,-86000,0,0,0,55000,141000,-86000,-86000
06189P,華新科永豐97售03,0,0,0,0,0,0,0,0,0,-86000,0,0,0,5000,91000,-86000,-86000
056709,華通永豐98購01  ,0,0,0,0,0,0,0,0,0,-87000,0,0,0,31000,118000,-87000,-87000
056351,鴻海元大98購06  ,0,0,0,0,0,0,0,0,0,-87000,0,0,0,19000,106000,-87000,-87000
057688,國巨凱基99購07  ,0,0,0,0,0,0,0,0,0,-87000,0,0,0,208000,295000,-87000,-87000
047716,晶技凱基93購03  ,0,0,0,0,0,0,0,0,0,-87000,0,0,0,247000,334000,-87000,-87000
049485,台積電元大96購03,0,0,0,0,0,0,0,0,0,-87000,0,0,0,155000,242000,-87000,-87000
053285,臺股指元大96購08,0,0,0,0,0,0,0,0,0,-87000,0,0,0,20000,107000,-87000,-87000
06760P,台積電元大98售18,0,0,0,0,0,0,0,0,0,-87000,0,0,0,531000,618000,-87000,-87000
5285,界霖            ,11000,95000,-84000,0,0,0,0,0,0,-3000,0,3000,-3000,0,0,0,-87000
6271,同欣電          ,224000,238000,-14000,0,0,0,0,31000,-31000,-42000,38000,72000,-34000,10000,18000,-8000,-87000
056990,聯發科兆豐98購01,0,0,0,0,0,0,0,0,0,-88000,0,0,0,80000,168000,-88000,-88000
057382,聯發科國泰9A購01,0,0,0,0,0,0,0,0,0,-88000,0,0,0,62000,150000,-88000,-88000
056357,台積電元大9A購01,0,0,0,0,0,0,0,0,0,-88000,0,0,0,452000,540000,-88000,-88000
056587,聯發科統一9A購01,0,0,0,0,0,0,0,0,0,-88000,0,0,0,0,88000,-88000,-88000
056077,矽力元大97購07  ,0,0,0,0,0,0,0,0,0,-88000,0,0,0,108000,196000,-88000,-88000
055965,泰鼎元大97購03  ,0,0,0,0,0,0,0,0,0,-88000,0,0,0,121000,209000,-88000,-88000
055973,亞德客統一97購01,0,0,0,0,0,0,0,0,0,-88000,0,0,0,0,88000,-88000,-88000
055667,致茂群益98購01  ,0,0,0,0,0,0,0,0,0,-88000,0,0,0,23000,111000,-88000,-88000
055838,致茂元大97購03  ,0,0,0,0,0,0,0,0,0,-88000,0,0,0,59000,147000,-88000,-88000
051065,台積電國票96購01,0,0,0,0,0,0,0,0,0,-88000,0,0,0,43000,131000,-88000,-88000
051700,深中小群益99購04,0,0,0,0,0,0,0,0,0,-88000,0,0,0,64000,152000,-88000,-88000
050309,亞泥兆豐94購01  ,0,0,0,0,0,0,0,0,0,-88000,0,0,0,0,88000,-88000,-88000
053177,華邦電統一96購01,0,0,0,0,0,0,0,0,0,-88000,0,0,0,48000,136000,-88000,-88000
06417P,台積電兆豐97售03,0,0,0,0,0,0,0,0,0,-88000,0,0,0,149000,237000,-88000,-88000
05574P,英業達元富96售01,0,0,0,0,0,0,0,0,0,-89000,0,0,0,13000,102000,-89000,-89000
05570P,聯發科統一96售04,0,0,0,0,0,0,0,0,0,-89000,0,0,0,75000,164000,-89000,-89000
055958,台光電元大97購02,0,0,0,0,0,0,0,0,0,-89000,0,0,0,19000,108000,-89000,-89000
056023,晶豪科群益97購01,0,0,0,0,0,0,0,0,0,-89000,0,0,0,10000,99000,-89000,-89000
056085,聯發科統一97購01,0,0,0,0,0,0,0,0,0,-89000,0,0,0,0,89000,-89000,-89000
056550,瑞儀凱基99購01  ,0,0,0,0,0,0,0,0,0,-89000,0,0,0,0,89000,-89000,-89000
056292,統一元大97購01  ,0,0,0,0,0,0,0,0,0,-89000,0,0,0,19000,108000,-89000,-89000
056384,玉晶光國泰9A購02,0,0,0,0,0,0,0,0,0,-89000,0,0,0,246000,335000,-89000,-89000
057384,台灣50永豐99購02,0,0,0,0,0,0,0,0,0,-89000,0,0,0,100000,189000,-89000,-89000
057013,聯發科麥證98購01,0,0,0,10000,99000,-89000,0,0,0,-89000,0,0,0,10000,99000,-89000,-89000
057041,國巨元大99購04  ,0,0,0,0,0,0,0,0,0,-89000,0,0,0,154000,243000,-89000,-89000
057529,嘉晶元大99購02  ,0,0,0,0,0,0,0,0,0,-89000,0,0,0,121000,210000,-89000,-89000
057574,中磊永豐98購01  ,0,0,0,0,0,0,0,0,0,-89000,0,0,0,0,89000,-89000,-89000
046999,康控富邦99購01  ,0,0,0,0,0,0,0,0,0,-89000,0,0,0,1000,90000,-89000,-89000
052390,聯詠群益95購03  ,0,0,0,0,0,0,0,0,0,-89000,0,0,0,11000,100000,-89000,-89000
048550,中鴻元大96購01  ,0,0,0,0,0,0,0,0,0,-89000,0,0,0,15000,104000,-89000,-89000
048566,上海銀元大93購04,0,0,0,0,0,0,0,0,0,-89000,0,0,0,11000,100000,-89000,-89000
051948,滬深2X元富9B購01,0,0,0,0,0,0,0,0,0,-89000,0,0,0,181000,270000,-89000,-89000
051979,群創凱基97購01  ,0,0,0,0,0,0,0,0,0,-89000,0,0,0,82000,171000,-89000,-89000
052994,群創台新99購01  ,0,0,0,0,0,0,0,0,0,-89000,0,0,0,10000,99000,-89000,-89000
053923,亞光國票97購01  ,0,0,0,0,0,0,0,0,0,-89000,0,0,0,0,89000,-89000,-89000
3004,豐達科          ,3000,92000,-89000,0,0,0,0,0,0,0,0,0,0,0,0,0,-89000
4725,信昌化          ,114000,202000,-88000,0,0,0,0,0,0,-1000,0,1000,-1000,0,0,0,-89000
057026,長榮航凱基98購01,0,0,0,0,0,0,0,0,0,-90000,0,0,0,0,90000,-90000,-90000
057126,台積電凱基99購03,0,0,0,0,0,0,0,0,0,-90000,0,0,0,10000,100000,-90000,-90000
056952,元油2X國泰99購01,0,0,0,0,0,0,0,0,0,-90000,0,0,0,10000,100000,-90000,-90000
056213,建準國票98購02  ,0,0,0,0,0,0,0,0,0,-90000,0,0,0,0,90000,-90000,-90000
056130,新日興麥證97購01,0,0,0,40000,130000,-90000,0,0,0,-90000,0,0,0,40000,130000,-90000,-90000
055694,光罩國票98購01  ,0,0,0,0,0,0,0,0,0,-90000,0,0,0,50000,140000,-90000,-90000
047419,聯發科富邦95購01,0,0,0,0,0,0,0,0,0,-90000,0,0,0,0,90000,-90000,-90000
046486,樺漢國泰94購01  ,0,0,0,0,0,0,0,0,0,-90000,0,0,0,0,90000,-90000,-90000
045522,滬深2X永豐94購01,0,0,0,0,0,0,0,0,0,-90000,0,0,0,308000,398000,-90000,-90000
048995,宏全元大94購01  ,0,0,0,0,0,0,0,0,0,-90000,0,0,0,0,90000,-90000,-90000
048782,亞泥元大94購01  ,0,0,0,0,0,0,0,0,0,-90000,0,0,0,10000,100000,-90000,-90000
047694,SP黃豆國票9B購01,0,0,0,0,0,0,0,0,0,-90000,0,0,0,0,90000,-90000,-90000
052860,旺宏凱基96購03  ,0,0,0,0,0,0,0,0,0,-90000,0,0,0,1000,91000,-90000,-90000
04939P,國巨國票95售03  ,0,0,0,0,0,0,0,0,0,-90000,0,0,0,0,90000,-90000,-90000
049985,華擎凱基94購01  ,0,0,0,0,0,0,0,0,0,-90000,0,0,0,23000,113000,-90000,-90000
051762,國泰金元大95購01,0,0,0,0,0,0,0,0,0,-90000,0,0,0,0,90000,-90000,-90000
050780,台表科元大96購01,0,0,0,0,0,0,0,0,0,-90000,0,0,0,11000,101000,-90000,-90000
053340,建準國票97購01  ,0,0,0,0,0,0,0,0,0,-90000,0,0,0,0,90000,-90000,-90000
053433,友達日盛99購06  ,0,0,0,0,0,0,0,0,0,-90000,0,0,0,10000,100000,-90000,-90000
055317,金寶國票98購01  ,0,0,0,0,0,0,0,0,0,-90000,0,0,0,130000,220000,-90000,-90000
055554,聯發科凱基97購06,0,0,0,0,0,0,0,0,0,-90000,0,0,0,0,90000,-90000,-90000
054992,南亞科元富97購02,0,0,0,0,0,0,0,0,0,-90000,0,0,0,10000,100000,-90000,-90000
055206,台虹中信97購01  ,0,0,0,0,0,0,0,0,0,-90000,0,0,0,0,90000,-90000,-90000
055174,精元統一97購01  ,0,0,0,0,0,0,0,0,0,-90000,0,0,0,0,90000,-90000,-90000
9934,成霖            ,58000,147000,-89000,0,0,0,0,0,0,-1000,0,1000,-1000,0,0,0,-90000
08164P,滬深2X中信95售04,0,0,0,0,0,0,0,0,0,-90000,0,0,0,0,90000,-90000,-90000
06441P,台積電凱基98售08,0,0,0,0,0,0,0,0,0,-90000,0,0,0,11000,101000,-90000,-90000
055588,瑞昱元大97購03  ,0,0,0,0,0,0,0,0,0,-91000,0,0,0,190000,281000,-91000,-91000
055593,華新科元大97購10,0,0,0,0,0,0,0,0,0,-91000,0,0,0,160000,251000,-91000,-91000
056200,大毅永豐98購01  ,0,0,0,0,0,0,0,0,0,-91000,0,0,0,71000,162000,-91000,-91000
056426,上証2X凱基9A購01,0,0,0,0,0,0,0,0,0,-91000,0,0,0,0,91000,-91000,-91000
056467,上証2X元大98購02,0,0,0,0,0,0,0,0,0,-91000,0,0,0,10000,101000,-91000,-91000
057148,玉晶光國票99購04,0,0,0,0,0,0,0,0,0,-91000,0,0,0,13000,104000,-91000,-91000
00851,台新全球AI      ,0,0,0,0,0,0,0,0,0,-91000,0,0,0,46000,137000,-91000,-91000
051126,訊連群益95購01  ,0,0,0,0,0,0,0,0,0,-91000,0,0,0,318000,409000,-91000,-91000
050590,晶技永豐95購01  ,0,0,0,0,0,0,0,0,0,-91000,0,0,0,68000,159000,-91000,-91000
049606,可成第一94購01  ,0,0,0,0,0,0,0,0,0,-91000,0,0,0,76000,167000,-91000,-91000
051944,智邦統一95購02  ,0,0,0,0,0,0,0,0,0,-91000,0,0,0,2000,93000,-91000,-91000
054752,易華電凱基97購02,0,0,0,0,0,0,0,0,0,-91000,0,0,0,19000,110000,-91000,-91000
053894,創意群益96購01  ,0,0,0,0,0,0,0,0,0,-91000,0,0,0,10000,101000,-91000,-91000
054108,台積電凱基96購22,0,0,0,0,0,0,0,0,0,-91000,0,0,0,0,91000,-91000,-91000
06156P,大立光統一97售05,0,0,0,0,0,0,0,0,0,-91000,0,0,0,10000,101000,-91000,-91000
8341,日友            ,26000,127000,-101000,0,0,0,11000,0,11000,-1000,0,1000,-1000,0,0,0,-91000
00731,FH富時高息低波  ,0,0,0,0,0,0,0,0,0,-92000,0,0,0,64000,156000,-92000,-92000
046293,聯發科統一94購01,0,0,0,0,0,0,0,0,0,-92000,0,0,0,0,92000,-92000,-92000
04756P,大立光元富94售08,0,0,0,0,0,0,0,0,0,-92000,0,0,0,61000,153000,-92000,-92000
047766,聯發科元大93購19,0,0,0,0,0,0,0,0,0,-92000,0,0,0,0,92000,-92000,-92000
052535,日月光國泰96購01,0,0,0,0,0,0,0,0,0,-92000,0,0,0,1000,93000,-92000,-92000
053408,友達兆豐98購01  ,0,0,0,0,0,0,0,0,0,-92000,0,0,0,81000,173000,-92000,-92000
054963,牧德元大97購02  ,0,0,0,0,0,0,0,0,0,-92000,0,0,0,138000,230000,-92000,-92000
055308,聯發科群益97購04,0,0,0,0,0,0,0,0,0,-92000,0,0,0,271000,363000,-92000,-92000
06513P,鴻海凱基98售10  ,0,0,0,0,0,0,0,0,0,-92000,0,0,0,27000,119000,-92000,-92000
1507,永大            ,11000,103000,-92000,0,0,0,0,0,0,0,0,0,0,0,0,0,-92000
057009,信邦中信99購01  ,0,0,0,0,0,0,0,0,0,-93000,0,0,0,351000,444000,-93000,-93000
04784P,超眾元富94售01  ,0,0,0,0,0,0,0,0,0,-93000,0,0,0,32000,125000,-93000,-93000
047386,南亞科元大93購01,0,0,0,0,0,0,0,0,0,-93000,0,0,0,0,93000,-93000,-93000
052602,聯電元大97購01  ,0,0,0,0,0,0,0,0,0,-93000,0,0,0,5000,98000,-93000,-93000
051099,台郡元大95購03  ,0,0,0,0,0,0,0,0,0,-93000,0,0,0,33000,126000,-93000,-93000
054253,宏達電元大97購03,0,0,0,0,0,0,0,0,0,-93000,0,0,0,2000,95000,-93000,-93000
00662,富邦NASDAQ      ,0,8000,-8000,0,0,0,0,0,0,-86000,0,0,0,67000,153000,-86000,-94000
050463,百和元大94購04  ,0,0,0,0,0,0,0,0,0,-94000,0,0,0,313000,407000,-94000,-94000
050895,聯發科元大97購01,0,0,0,0,0,0,0,0,0,-94000,0,0,0,120000,214000,-94000,-94000
049524,可成兆豐95購02  ,0,0,0,0,0,0,0,0,0,-94000,0,0,0,20000,114000,-94000,-94000
054034,景碩中信96購01  ,0,0,0,0,0,0,0,0,0,-94000,0,0,0,130000,224000,-94000,-94000
1305,華夏            ,97000,190000,-93000,0,0,0,0,0,0,-1000,0,1000,-1000,0,0,0,-94000
057052,華擎元大98購01  ,0,0,0,0,0,0,0,0,0,-95000,0,0,0,28000,123000,-95000,-95000
057418,台光電凱基98購04,0,0,0,0,0,0,0,0,0,-95000,0,0,0,105000,200000,-95000,-95000
057781,國巨國票99購04  ,56000,20000,36000,0,0,0,0,0,0,-131000,0,0,0,26000,157000,-131000,-95000
05986P,大立光統一97售03,0,0,0,0,0,0,0,0,0,-95000,0,0,0,5000,100000,-95000,-95000
056340,可成凱基98購04  ,0,0,0,0,0,0,0,0,0,-95000,0,0,0,68000,163000,-95000,-95000
056140,康控元大98購01  ,0,0,0,0,0,0,0,0,0,-95000,0,0,0,99000,194000,-95000,-95000
055651,富邦金元富97購01,0,0,0,0,0,0,0,0,0,-95000,0,0,0,20000,115000,-95000,-95000
045021,臺股指中信94購02,0,0,0,0,0,0,0,0,0,-95000,0,0,0,85000,180000,-95000,-95000
04782P,智伸科統一96售01,0,0,0,0,0,0,0,0,0,-95000,0,0,0,28000,123000,-95000,-95000
052085,聯電元大95購01  ,0,0,0,0,0,0,0,0,0,-95000,0,0,0,0,95000,-95000,-95000
052821,晶技永豐96購01  ,0,0,0,0,0,0,0,0,0,-95000,0,0,0,0,95000,-95000,-95000
052508,矽力日盛95購02  ,0,0,0,0,0,0,0,0,0,-95000,0,0,0,105000,200000,-95000,-95000
04931P,臻鼎元富94售09  ,0,0,0,0,0,0,0,0,0,-95000,0,0,0,13000,108000,-95000,-95000
054235,欣興群益96購06  ,0,0,0,0,0,0,0,0,0,-95000,0,0,0,83000,178000,-95000,-95000
05388P,南亞科元大95售04,0,5000,-5000,0,0,0,0,0,0,-90000,0,0,0,5000,95000,-90000,-95000
053399,創意中信96購01  ,0,0,0,0,0,0,0,0,0,-95000,0,0,0,5000,100000,-95000,-95000
052453,崇越元大95購01  ,0,0,0,0,0,0,0,0,0,-95000,0,0,0,5000,100000,-95000,-95000
055129,鈺齊兆豐97購01  ,0,0,0,0,0,0,0,0,0,-95000,0,0,0,116000,211000,-95000,-95000
055358,臻鼎凱基97購01  ,0,0,0,0,0,0,0,0,0,-95000,0,0,0,0,95000,-95000,-95000
057490,可成元大98購10  ,0,0,0,0,0,0,0,0,0,-96000,0,0,0,17000,113000,-96000,-96000
057211,鴻海群益98購05  ,0,0,0,0,0,0,0,0,0,-96000,0,0,0,70000,166000,-96000,-96000
045897,泰鼎元大93購04  ,0,0,0,0,0,0,0,0,0,-96000,0,0,0,0,96000,-96000,-96000
04377P,大立光元大94售04,0,0,0,0,0,0,0,0,0,-96000,0,0,0,0,96000,-96000,-96000
047556,群創凱基95購01  ,0,0,0,0,0,0,0,0,0,-96000,0,0,0,0,96000,-96000,-96000
00654R,富邦印度反1     ,0,0,0,0,0,0,0,0,0,-96000,0,0,0,0,96000,-96000,-96000
045470,康控元大94購03  ,0,0,0,0,0,0,0,0,0,-96000,0,0,0,0,96000,-96000,-96000
053325,GIS群益96購02   ,0,0,0,0,0,0,0,0,0,-96000,0,0,0,0,96000,-96000,-96000
2636,台驊投控        ,1000,12000,-11000,0,0,0,0,85000,-85000,0,0,0,0,0,0,0,-96000
2402,毅嘉            ,99000,189000,-90000,0,0,0,0,0,0,-6000,0,6000,-6000,0,0,0,-96000
06504P,麗豐國票99售02  ,0,0,0,0,0,0,0,0,0,-96000,0,0,0,0,96000,-96000,-96000
6224,聚鼎            ,31000,103000,-72000,0,0,0,0,0,0,-24000,0,24000,-24000,0,0,0,-96000
056812,泰鼎統一98購01  ,0,0,0,0,0,0,0,0,0,-97000,0,0,0,206000,303000,-97000,-97000
044996,嘉晶國泰95購01  ,0,0,0,0,0,0,0,0,0,-97000,0,0,0,45000,142000,-97000,-97000
048340,聯發科元大93購25,0,0,0,0,0,0,0,0,0,-97000,0,0,0,0,97000,-97000,-97000
052289,為升元富95購02  ,0,0,0,0,0,0,0,0,0,-97000,0,0,0,146000,243000,-97000,-97000
051728,道瓊反國票97購01,0,0,0,0,0,0,0,0,0,-97000,0,0,0,200000,297000,-97000,-97000
049877,南亞科永豐94購01,0,0,0,0,0,0,0,0,0,-97000,0,0,0,33000,130000,-97000,-97000
049298,矽格群益95購01  ,0,0,0,0,0,0,0,0,0,-97000,0,0,0,18000,115000,-97000,-97000
051576,台積電元大97購02,0,0,0,0,0,0,0,0,0,-97000,0,0,0,164000,261000,-97000,-97000
053415,聯茂國票97購01  ,0,0,0,0,0,0,0,0,0,-97000,0,0,0,255000,352000,-97000,-97000
053776,台積電元大96購19,0,0,0,0,0,0,0,0,0,-97000,0,0,0,33000,130000,-97000,-97000
054581,訊芯元大97購02  ,0,0,0,0,0,0,0,0,0,-97000,0,0,0,159000,256000,-97000,-97000
3052,夆典            ,5000,102000,-97000,0,0,0,0,0,0,0,0,0,0,0,0,0,-97000
06322P,超眾統一97售04  ,0,0,0,0,0,0,0,0,0,-97000,0,0,0,171000,268000,-97000,-97000
056284,台積電永豐97購06,0,0,0,0,0,0,0,0,0,-98000,0,0,0,8000,106000,-98000,-98000
057401,晶豪科群益99購01,0,0,0,0,0,0,0,0,0,-98000,0,0,0,0,98000,-98000,-98000
056985,智原群益98購03  ,0,0,0,0,0,0,0,0,0,-98000,0,0,0,0,98000,-98000,-98000
048896,凌陽國泰95購01  ,0,0,0,0,0,0,0,0,0,-98000,0,0,0,0,98000,-98000,-98000
043391,康控元大94購01  ,0,0,0,0,0,0,0,0,0,-98000,0,0,0,2000,100000,-98000,-98000
042093,台灣50群益94購02,0,0,0,0,0,0,0,0,0,-98000,0,0,0,164000,262000,-98000,-98000
041452,滬深2X元富93購01,0,0,0,0,0,0,0,0,0,-98000,0,0,0,415000,513000,-98000,-98000
05159P,聯發科永豐95售04,0,0,0,0,0,0,0,0,0,-98000,0,0,0,0,98000,-98000,-98000
053103,瀚宇博元富96購01,0,0,0,0,0,0,0,0,0,-98000,0,0,0,0,98000,-98000,-98000
052678,群創富邦96購01  ,0,0,0,0,0,0,0,0,0,-98000,0,0,0,0,98000,-98000,-98000
054384,瀚宇博群益96購02,0,0,0,0,0,0,0,0,0,-98000,0,0,0,0,98000,-98000,-98000
054872,瀚宇博群益98購01,0,0,0,0,0,0,0,0,0,-98000,0,0,0,0,98000,-98000,-98000
054866,宏盛群益98購01  ,0,0,0,0,0,0,0,0,0,-98000,0,0,0,0,98000,-98000,-98000
055422,康控永豐97購01  ,0,0,0,0,0,0,0,0,0,-98000,0,0,0,6000,104000,-98000,-98000
055449,超眾統一9A購01  ,0,0,0,0,0,0,0,0,0,-98000,0,0,0,10000,108000,-98000,-98000
055161,貿聯元大98購03  ,0,0,0,0,0,0,0,0,0,-98000,0,0,0,22000,120000,-98000,-98000
052974,瀚宇博群益96購01,0,0,0,0,0,0,0,0,0,-98000,0,0,0,0,98000,-98000,-98000
1442,名軒            ,10000,107000,-97000,0,0,0,0,0,0,-1000,0,1000,-1000,0,0,0,-98000
1722,台肥            ,598000,661000,-63000,0,0,0,12000,0,12000,-47000,1000,1000,0,5000,52000,-47000,-98000
057251,泰鼎統一98購02  ,0,0,0,0,0,0,0,0,0,-99000,0,0,0,0,99000,-99000,-99000
055985,聯鈞元富97購01  ,0,0,0,0,0,0,0,0,0,-99000,0,0,0,60000,159000,-99000,-99000
048446,南亞科凱基93購07,0,0,0,0,0,0,0,0,0,-99000,0,0,0,0,99000,-99000,-99000
047838,亞光元大93購03  ,0,0,0,0,0,0,0,0,0,-99000,0,0,0,5000,104000,-99000,-99000
053121,上証2X凱基9C購01,0,0,0,0,0,0,0,0,0,-99000,0,0,0,0,99000,-99000,-99000
049244,亞光元富94購01  ,0,0,0,0,0,0,0,0,0,-99000,0,0,0,30000,129000,-99000,-99000
04956P,臺股指日盛94售02,0,0,0,0,0,0,0,0,0,-99000,0,0,0,215000,314000,-99000,-99000
049858,百和群益94購05  ,0,0,0,0,0,0,0,0,0,-99000,0,0,0,32000,131000,-99000,-99000
049708,滬深2X凱基94購02,0,0,0,0,0,0,0,0,0,-99000,0,0,0,0,99000,-99000,-99000
053591,大立光元大99購03,0,0,0,0,0,0,0,0,0,-99000,0,0,0,0,99000,-99000,-99000
053835,南亞科永豐96購02,0,0,0,0,0,0,0,0,0,-99000,0,0,0,21000,120000,-99000,-99000
054429,中石化台新97購01,0,0,0,0,0,0,0,0,0,-99000,0,0,0,0,99000,-99000,-99000
4956,光鋐            ,47000,146000,-99000,0,0,0,0,0,0,0,0,0,0,0,0,0,-99000
055948,道瓊銀元大98購02,0,0,0,0,0,0,0,0,0,-100000,0,0,0,0,100000,-100000,-100000
055630,聯詠永豐97購02  ,0,0,0,0,0,0,0,0,0,-100000,0,0,0,0,100000,-100000,-100000
055581,和大元大97購04  ,0,0,0,0,0,0,0,0,0,-100000,0,0,0,0,100000,-100000,-100000
056297,台光電元大97購04,0,0,0,0,0,0,0,0,0,-100000,0,0,0,28000,128000,-100000,-100000
056425,聯發科日盛9A購01,0,0,0,0,0,0,0,0,0,-100000,0,0,0,0,100000,-100000,-100000
056765,友達元大9B購05  ,0,0,0,0,0,0,0,0,0,-100000,0,0,0,50000,150000,-100000,-100000
056554,GIS凱基99購01   ,0,0,0,0,0,0,0,0,0,-100000,0,0,0,42000,142000,-100000,-100000
056660,臺股指元大9A購07,0,0,0,0,0,0,0,0,0,-100000,0,0,0,0,100000,-100000,-100000
057247,元油2X統一9A購01,0,0,0,0,0,0,0,0,0,-100000,0,0,0,0,100000,-100000,-100000
057186,群創元大99購04  ,0,0,0,0,0,0,0,0,0,-100000,0,0,0,0,100000,-100000,-100000
057407,超眾群益99購01  ,0,0,0,0,0,0,0,0,0,-100000,0,0,0,0,100000,-100000,-100000
057361,元油2X元大98購11,0,0,0,0,0,0,0,0,0,-100000,0,0,0,0,100000,-100000,-100000
056991,牧德兆豐98購01  ,0,0,0,0,0,0,0,0,0,-100000,0,0,0,0,100000,-100000,-100000
057065,牧德富邦99購01  ,0,0,0,0,0,0,0,0,0,-100000,0,0,0,0,100000,-100000,-100000
057005,元油2X中信9C購01,0,0,0,0,0,0,0,0,0,-100000,0,0,0,0,100000,-100000,-100000
057570,技嘉永豐98購02  ,0,0,0,0,0,0,0,0,0,-100000,0,0,0,0,100000,-100000,-100000
057680,臺股指元大98購10,0,0,0,0,0,0,0,0,0,-100000,0,0,0,0,100000,-100000,-100000
057812,友達元大9A購05  ,0,0,0,0,0,0,0,0,0,-100000,0,0,0,95000,195000,-100000,-100000
057845,晶相光永豐98購03,0,0,0,0,0,0,0,0,0,-100000,0,0,0,0,100000,-100000,-100000
057900,南亞科永豐98購01,0,0,0,0,0,0,0,0,0,-100000,0,0,0,0,100000,-100000,-100000
05823P,臺股指凱基96售20,0,0,0,0,0,0,0,0,0,-100000,0,0,0,0,100000,-100000,-100000
047765,瑞昱元大93購12  ,0,0,0,0,0,0,0,0,0,-100000,0,0,0,0,100000,-100000,-100000
047773,超眾元大96購01  ,0,0,0,0,0,0,0,0,0,-100000,0,0,0,0,100000,-100000,-100000
048196,聯發科元大93購24,0,0,0,0,0,0,0,0,0,-100000,0,0,0,0,100000,-100000,-100000
04892P,聯發科元大94售14,0,0,0,0,0,0,0,0,0,-100000,0,0,0,0,100000,-100000,-100000
048901,矽格國泰95購01  ,0,0,0,0,0,0,0,0,0,-100000,0,0,0,0,100000,-100000,-100000
049138,台積電元大94購05,0,0,0,0,0,0,0,0,0,-100000,0,0,0,180000,280000,-100000,-100000
052205,台積電中信95購09,0,0,0,0,0,0,0,0,0,-100000,0,0,0,0,100000,-100000,-100000
04843P,致新元大94售02  ,0,0,0,0,0,0,0,0,0,-100000,0,0,0,0,100000,-100000,-100000
048435,致新國票93購01  ,0,0,0,0,0,0,0,0,0,-100000,0,0,0,0,100000,-100000,-100000
047516,深中小第一93購01,0,0,0,0,0,0,0,0,0,-100000,0,0,0,0,100000,-100000,-100000
048638,台光電元大94購01,0,0,0,0,0,0,0,0,0,-100000,0,0,0,0,100000,-100000,-100000
04314P,聯茂元富93售01  ,0,0,0,0,0,0,0,0,0,-100000,0,0,0,6000,106000,-100000,-100000
04619P,華新統一94售02  ,0,0,0,0,0,0,0,0,0,-100000,0,0,0,0,100000,-100000,-100000
045288,元油2X元大95購02,0,0,0,0,0,0,0,0,0,-100000,0,0,0,0,100000,-100000,-100000
045795,瀚宇博兆豐94購01,0,0,0,0,0,0,0,0,0,-100000,0,0,0,0,100000,-100000,-100000
04553P,S&P正2中信95售01,0,0,0,0,0,0,0,0,0,-100000,0,0,0,0,100000,-100000,-100000
03243P,台積電統一02售08,0,0,0,0,0,0,0,0,0,-100000,0,0,0,0,100000,-100000,-100000
049616,卜蜂群益94購01  ,0,0,0,0,0,0,0,0,0,-100000,0,0,0,0,100000,-100000,-100000
049772,臺股指元富94購01,0,0,0,0,0,0,0,0,0,-100000,0,0,0,0,100000,-100000,-100000
051623,和碩凱基96購02  ,0,0,0,0,0,0,0,0,0,-100000,0,0,0,10000,110000,-100000,-100000
049947,S&P反1中信97購01,0,0,0,0,0,0,0,0,0,-100000,0,0,0,0,100000,-100000,-100000
050205,牧德群益94購02  ,0,0,0,0,0,0,0,0,0,-100000,0,0,0,34000,134000,-100000,-100000
051061,中磊群益95購01  ,0,0,0,0,0,0,0,0,0,-100000,0,0,0,18000,118000,-100000,-100000
051028,台光電元富95購02,0,0,0,0,0,0,0,0,0,-100000,0,0,0,40000,140000,-100000,-100000
05079P,可成永豐95售01  ,0,0,0,0,0,0,0,0,0,-100000,0,0,0,0,100000,-100000,-100000
050761,華通元大94購05  ,0,0,0,0,0,0,0,0,0,-100000,0,0,0,28000,128000,-100000,-100000
050680,上銀元富94購01  ,0,0,0,0,0,0,0,0,0,-100000,0,0,0,300000,400000,-100000,-100000
051455,樺漢元大96購01  ,0,0,0,0,0,0,0,0,0,-100000,0,0,0,0,100000,-100000,-100000
051358,台新金元大95購01,0,0,0,0,0,0,0,0,0,-100000,0,0,0,0,100000,-100000,-100000
051344,鴻海元大95購08  ,0,0,0,0,0,0,0,0,0,-100000,0,0,0,50000,150000,-100000,-100000
049305,元油2X凱基95購06,0,0,0,0,0,0,0,0,0,-100000,0,0,0,0,100000,-100000,-100000
051228,聯發科群益95購03,0,0,0,0,0,0,0,0,0,-100000,0,0,0,0,100000,-100000,-100000
052549,喬山國票97購01  ,0,0,0,0,0,0,0,0,0,-100000,0,0,0,0,100000,-100000,-100000
052841,群創富邦96購02  ,0,0,0,0,0,0,0,0,0,-100000,0,0,0,0,100000,-100000,-100000
054356,可成兆豐97購01  ,0,0,0,0,0,0,0,0,0,-100000,0,0,0,31000,131000,-100000,-100000
054657,道瓊銀元大97購01,0,0,0,0,0,0,0,0,0,-100000,0,0,0,0,100000,-100000,-100000
054848,群創兆豐98購01  ,0,0,0,0,0,0,0,0,0,-100000,0,0,0,40000,140000,-100000,-100000
05484P,台積電凱基95售18,0,0,0,0,0,0,0,0,0,-100000,0,0,0,0,100000,-100000,-100000
054799,超眾群益98購01  ,0,0,0,0,0,0,0,0,0,-100000,0,0,0,0,100000,-100000,-100000
05498P,友達元富95售02  ,0,0,0,0,0,0,0,0,0,-100000,0,0,0,0,100000,-100000,-100000
055034,建準富邦99購01  ,0,0,0,0,0,0,0,0,0,-100000,0,0,0,0,100000,-100000,-100000
055409,元黃金富邦01購01,0,0,0,0,0,0,0,0,0,-100000,0,0,0,0,100000,-100000,-100000
055490,台光電元大97購01,0,0,0,0,0,0,0,0,0,-100000,0,0,0,0,100000,-100000,-100000
055481,聚陽元大97購01  ,0,0,0,0,0,0,0,0,0,-100000,0,0,0,0,100000,-100000,-100000
055472,大立光凱基97購07,0,0,0,0,0,0,0,0,0,-100000,0,0,0,0,100000,-100000,-100000
053909,致伸凱基97購01  ,0,0,0,0,0,0,0,0,0,-100000,0,0,0,0,100000,-100000,-100000
054276,國巨群益96購07  ,0,0,0,0,0,0,0,0,0,-100000,0,0,0,5000,105000,-100000,-100000
054182,台積電康和96購01,0,0,0,0,0,0,0,0,0,-100000,0,0,0,68000,168000,-100000,-100000
053576,智原元富96購01  ,0,0,0,0,0,0,0,0,0,-100000,0,0,0,0,100000,-100000,-100000
053455,台光電元富96購02,0,0,0,0,0,0,0,0,0,-100000,0,0,0,350000,450000,-100000,-100000
053511,鴻海群益96購04  ,0,0,0,0,0,0,0,0,0,-100000,0,0,0,0,100000,-100000,-100000
053260,喬山群益96購01  ,0,0,0,0,0,0,0,0,0,-100000,0,0,0,1000,101000,-100000,-100000
3698,隆達            ,153000,216000,-63000,0,0,0,0,0,0,-37000,0,3000,-3000,0,34000,-34000,-100000
06295P,國巨元大97售14  ,0,0,0,0,0,0,0,0,0,-100000,0,0,0,0,100000,-100000,-100000
06031P,新光金兆豐96售02,0,0,0,0,0,0,0,0,0,-100000,0,0,0,13000,113000,-100000,-100000
06086P,台積電康和97售01,0,0,0,0,0,0,0,0,0,-100000,0,0,0,0,100000,-100000,-100000
056711,亞光永豐98購01  ,0,0,0,0,0,0,0,0,0,-101000,0,0,0,32000,133000,-101000,-101000
055941,百和群益98購02  ,0,0,0,0,0,0,0,0,0,-101000,0,0,0,0,101000,-101000,-101000
055905,可成兆豐97購03  ,0,0,0,0,0,0,0,0,0,-101000,0,0,0,119000,220000,-101000,-101000
04358P,TPK永豐94售01   ,0,0,0,0,0,0,0,0,0,-101000,0,0,0,9000,110000,-101000,-101000
047840,新日興元大93購03,0,0,0,0,0,0,0,0,0,-101000,0,0,0,4000,105000,-101000,-101000
047004,台積電統一99購01,0,0,0,0,0,0,0,0,0,-101000,0,0,0,2000,103000,-101000,-101000
053516,茂林群益96購05  ,0,0,0,0,0,0,0,0,0,-101000,0,0,0,51000,152000,-101000,-101000
053164,台光電群益96購02,0,0,0,0,0,0,0,0,0,-101000,0,0,0,30000,131000,-101000,-101000
055538,鴻海日盛97購04  ,0,0,0,0,0,0,0,0,0,-101000,0,0,0,15000,116000,-101000,-101000
055446,奇力新統一9A購01,0,0,0,0,0,0,0,0,0,-101000,0,0,0,26000,127000,-101000,-101000
055250,華新科統一97購02,0,0,0,0,0,0,0,0,0,-101000,0,0,0,48000,149000,-101000,-101000
06432P,上銀群益98售01  ,0,0,0,0,0,0,0,0,0,-101000,0,0,0,50000,151000,-101000,-101000
6451,訊芯-KY         ,164000,143000,21000,0,0,0,0,131000,-131000,9000,4000,3000,1000,19000,11000,8000,-101000
04584P,楠梓電永豐94售01,0,0,0,0,0,0,0,0,0,-102000,0,0,0,0,102000,-102000,-102000
049241,智邦元富94購01  ,0,0,0,0,0,0,0,0,0,-102000,0,0,0,1000,103000,-102000,-102000
051464,彩晶國泰96購01  ,0,0,0,0,0,0,0,0,0,-102000,0,0,0,10000,112000,-102000,-102000
050759,貿聯元富94購02  ,0,0,0,0,0,0,0,0,0,-102000,0,0,0,62000,164000,-102000,-102000
050517,台積電元大94購27,0,0,0,0,0,0,0,0,0,-102000,0,0,0,199000,301000,-102000,-102000
055095,啟碁群益98購01  ,0,0,0,0,0,0,0,0,0,-102000,0,0,0,0,102000,-102000,-102000
054652,裕隆麥證97購01  ,0,54000,-54000,105000,153000,-48000,0,0,0,-48000,0,0,0,105000,153000,-48000,-102000
054624,台積電凱基98購03,0,0,0,0,0,0,0,0,0,-102000,0,0,0,97000,199000,-102000,-102000
054129,技嘉元大96購02  ,0,0,0,0,0,0,0,0,0,-102000,0,0,0,120000,222000,-102000,-102000
053960,晶技永豐96購02  ,0,0,0,0,0,0,0,0,0,-102000,0,0,0,48000,150000,-102000,-102000
055924,深中小群益9B購01,0,0,0,0,0,0,0,0,0,-103000,0,0,0,1081000,1184000,-103000,-103000
057702,同欣電群益99購01,0,0,0,0,0,0,0,0,0,-103000,0,0,0,0,103000,-103000,-103000
057562,奇鋐兆豐98購01  ,0,0,0,0,0,0,0,0,0,-103000,0,0,0,0,103000,-103000,-103000
057547,技嘉凱基99購01  ,0,0,0,0,0,0,0,0,0,-103000,0,0,0,138000,241000,-103000,-103000
057425,臺股指凱基9C購02,0,0,0,0,0,0,0,0,0,-103000,0,0,0,0,103000,-103000,-103000
03050X,元展47          ,0,0,0,0,0,0,0,0,0,-103000,0,0,0,0,103000,-103000,-103000
047380,統一元大93購01  ,0,0,0,0,0,0,0,0,0,-103000,0,0,0,0,103000,-103000,-103000
047882,超眾國泰94購01  ,0,0,0,0,0,0,0,0,0,-103000,0,0,0,2000,105000,-103000,-103000
053882,聯發科中信98購02,0,0,0,0,0,0,0,0,0,-103000,0,0,0,0,103000,-103000,-103000
053777,台積電元大96購20,0,0,0,0,0,0,0,0,0,-103000,0,0,0,55000,158000,-103000,-103000
054330,世芯永豐96購02  ,0,0,0,0,0,0,0,0,0,-103000,0,0,0,0,103000,-103000,-103000
06148P,台積電元大97售17,0,0,0,0,0,0,0,0,0,-103000,0,0,0,293000,396000,-103000,-103000
08484P,台灣50中信96售01,0,0,0,0,0,0,0,0,0,-103000,0,0,0,0,103000,-103000,-103000
057458,TPK富邦9A購01   ,0,0,0,0,0,0,0,0,0,-104000,0,0,0,0,104000,-104000,-104000
055940,致新群益98購01  ,0,0,0,0,0,0,0,0,0,-104000,0,0,0,10000,114000,-104000,-104000
056163,嘉聯益凱基98購03,0,0,0,0,0,0,0,0,0,-104000,0,0,0,76000,180000,-104000,-104000
056574,亞光元大99購03  ,0,0,0,0,0,0,0,0,0,-104000,0,0,0,51000,155000,-104000,-104000
048767,欣興凱基94購01  ,0,0,0,0,0,0,0,0,0,-104000,0,0,0,0,104000,-104000,-104000
00737,國泰AI+Robo     ,97000,0,97000,0,0,0,0,0,0,-201000,0,0,0,184000,385000,-201000,-104000
00753L,中信中國50正2   ,0,0,0,0,0,0,0,0,0,-104000,0,0,0,320000,424000,-104000,-104000
050231,聯發科麥證94購03,0,0,0,10000,114000,-104000,0,0,0,-104000,0,0,0,10000,114000,-104000,-104000
052741,聯發科元大96購08,0,0,0,0,0,0,0,0,0,-104000,0,0,0,81000,185000,-104000,-104000
053424,欣興永豐96購02  ,0,0,0,0,0,0,0,0,0,-104000,0,0,0,21000,125000,-104000,-104000
1217,愛之味          ,342000,445000,-103000,0,0,0,0,0,0,-1000,0,1000,-1000,0,0,0,-104000
1457,宜進            ,11000,115000,-104000,0,0,0,0,0,0,0,0,0,0,0,0,0,-104000
056802,友達台新98購01  ,0,0,0,0,0,0,0,0,0,-105000,0,0,0,0,105000,-105000,-105000
056220,上証2X凱基99購01,0,0,0,0,0,0,0,0,0,-105000,0,0,0,0,105000,-105000,-105000
056204,嘉澤永豐97購01  ,0,0,0,0,0,0,0,0,0,-105000,0,0,0,0,105000,-105000,-105000
055660,台光電兆豐97購01,0,0,0,0,0,0,0,0,0,-105000,0,0,0,97000,202000,-105000,-105000
057068,國巨永豐98購06  ,0,0,0,0,0,0,0,0,0,-105000,0,0,0,208000,313000,-105000,-105000
057060,緯穎元大98購05  ,0,0,0,0,0,0,0,0,0,-105000,0,0,0,13000,118000,-105000,-105000
057566,欣興富邦99購01  ,0,0,0,0,0,0,0,0,0,-105000,0,0,0,19000,124000,-105000,-105000
057767,緯穎凱基98購06  ,0,0,0,0,0,0,0,0,0,-105000,0,0,0,0,105000,-105000,-105000
047673,瑞昱元富96購01  ,0,0,0,0,0,0,0,0,0,-105000,0,0,0,168000,273000,-105000,-105000
053565,台光電富邦98購01,0,0,0,0,0,0,0,0,0,-105000,0,0,0,20000,125000,-105000,-105000
053883,大立光中信98購02,0,0,0,0,0,0,0,0,0,-105000,0,0,0,0,105000,-105000,-105000
054465,亞光凱基97購01  ,0,0,0,0,0,0,0,0,0,-105000,0,0,0,100000,205000,-105000,-105000
055156,華新科元大99購02,0,0,0,0,0,0,0,0,0,-105000,0,0,0,48000,153000,-105000,-105000
055499,大立光元大98購05,0,0,0,0,0,0,0,0,0,-105000,0,0,0,8000,113000,-105000,-105000
06591P,大立光元大98售14,0,0,0,0,0,0,0,0,0,-105000,0,0,0,8000,113000,-105000,-105000
057124,為升凱基98購02  ,0,0,0,0,0,0,0,0,0,-106000,0,0,0,53000,159000,-106000,-106000
057423,台郡凱基98購06  ,0,0,0,0,0,0,0,0,0,-106000,0,0,0,0,106000,-106000,-106000
056702,欣興國泰9A購01  ,0,0,0,0,0,0,0,0,0,-106000,0,0,0,73000,179000,-106000,-106000
052391,瑞儀群益95購01  ,0,0,0,0,0,0,0,0,0,-106000,0,0,0,290000,396000,-106000,-106000
03660C,元油2X富邦02牛04,0,0,0,0,0,0,0,0,0,-106000,0,0,0,8000,114000,-106000,-106000
052530,台郡元大96購04  ,0,0,0,0,0,0,0,0,0,-106000,0,0,0,31000,137000,-106000,-106000
050937,可成國票96購02  ,0,0,0,0,0,0,0,0,0,-106000,0,0,0,2000,108000,-106000,-106000
054860,台積電群益98購01,0,0,0,0,0,0,0,0,0,-106000,0,0,0,515000,621000,-106000,-106000
05291P,鴻海凱基95售16  ,0,0,0,0,0,0,0,0,0,-106000,0,0,0,40000,146000,-106000,-106000
057417,國巨凱基9A購03  ,0,0,0,0,0,0,0,0,0,-107000,0,0,0,16000,123000,-107000,-107000
047572,深中小群益95購01,0,0,0,0,0,0,0,0,0,-107000,0,0,0,40000,147000,-107000,-107000
047689,瑞昱富邦97購01  ,0,0,0,0,0,0,0,0,0,-107000,0,0,0,8000,115000,-107000,-107000
050219,台積電元富95購03,0,0,0,0,0,0,0,0,0,-107000,0,0,0,11000,118000,-107000,-107000
052844,台積電統一96購02,0,0,0,0,0,0,0,0,0,-107000,0,0,0,28000,135000,-107000,-107000
051938,旭富群益95購01  ,0,0,0,0,0,0,0,0,0,-107000,0,0,0,14000,121000,-107000,-107000
05418P,瑞昱永豐95售02  ,0,0,0,0,0,0,0,0,0,-107000,0,0,0,1000,108000,-107000,-107000
2106,建大            ,62000,178000,-116000,0,0,0,0,0,0,9000,10000,1000,9000,0,0,0,-107000
057481,技嘉元大98購04  ,0,0,0,0,0,0,0,0,0,-108000,0,0,0,102000,210000,-108000,-108000
057466,泰鼎永豐98購01  ,0,0,0,0,0,0,0,0,0,-108000,0,0,0,92000,200000,-108000,-108000
056764,友達元大9A購03  ,0,0,0,0,0,0,0,0,0,-108000,0,0,0,79000,187000,-108000,-108000
056319,智原群益98購02  ,0,0,0,0,0,0,0,0,0,-108000,0,0,0,0,108000,-108000,-108000
056373,上銀統一99購02  ,0,0,0,0,0,0,0,0,0,-108000,0,0,0,0,108000,-108000,-108000
056208,崇越永豐97購01  ,0,0,0,0,0,0,0,0,0,-108000,0,0,0,0,108000,-108000,-108000
047767,聯發科元大93購20,0,0,0,0,0,0,0,0,0,-108000,0,0,0,0,108000,-108000,-108000
049219,聯發科國票95購01,0,0,0,0,0,0,0,0,0,-108000,0,0,0,159000,267000,-108000,-108000
049300,南電群益94購01  ,0,0,0,0,0,0,0,0,0,-108000,0,0,0,261000,369000,-108000,-108000
052280,聯發科凱基95購11,0,0,0,0,0,0,0,0,0,-108000,0,0,0,10000,118000,-108000,-108000
054136,亞光元大96購04  ,0,0,0,0,0,0,0,0,0,-108000,0,0,0,43000,151000,-108000,-108000
053186,健策中信9C購01  ,0,0,0,0,0,0,0,0,0,-108000,0,0,0,1000,109000,-108000,-108000
054768,泰碩國票99購02  ,0,0,0,0,0,0,0,0,0,-108000,0,0,0,0,108000,-108000,-108000
06215P,康控永豐97售02  ,0,0,0,0,0,0,0,0,0,-108000,0,0,0,0,108000,-108000,-108000
056580,泰鼎元大9A購01  ,0,0,0,0,0,0,0,0,0,-109000,0,0,0,509000,618000,-109000,-109000
05927P,正文永豐96售03  ,0,0,0,0,0,0,0,0,0,-109000,0,0,0,0,109000,-109000,-109000
03644C,臺股指元大94牛28,0,0,0,0,0,0,0,0,0,-109000,0,0,0,8000,117000,-109000,-109000
04987P,昇陽半永豐94售04,0,0,0,0,0,0,0,0,0,-109000,0,0,0,0,109000,-109000,-109000
052790,智邦兆豐97購01  ,0,0,0,0,0,0,0,0,0,-109000,0,0,0,0,109000,-109000,-109000
054785,建準群益98購01  ,0,0,0,0,0,0,0,0,0,-109000,0,0,0,35000,144000,-109000,-109000
054831,緯穎國泰98購01  ,0,0,0,0,0,0,0,0,0,-109000,0,0,0,5000,114000,-109000,-109000
05542P,滬深2X元富96售01,0,0,0,0,0,0,0,0,0,-109000,0,0,0,81000,190000,-109000,-109000
053518,聯茂群益96購03  ,0,0,0,0,0,0,0,0,0,-109000,0,0,0,20000,129000,-109000,-109000
053865,欣興元大97購02  ,0,0,0,0,0,0,0,0,0,-109000,0,0,0,30000,139000,-109000,-109000
053736,友達麥證96購01  ,0,0,0,181000,290000,-109000,0,0,0,-109000,0,0,0,181000,290000,-109000,-109000
053630,奇鋐兆豐97購01  ,0,0,0,0,0,0,0,0,0,-109000,0,0,0,0,109000,-109000,-109000
06425P,TPK永豐97售02   ,0,0,0,0,0,0,0,0,0,-109000,0,0,0,11000,120000,-109000,-109000
057672,茂林元大98購02  ,0,0,0,0,0,0,0,0,0,-110000,0,0,0,28000,138000,-110000,-110000
056779,元油2X群益9A購02,0,0,0,0,0,0,0,0,0,-110000,0,0,0,0,110000,-110000,-110000
056716,康舒永豐98購01  ,0,0,0,0,0,0,0,0,0,-110000,0,0,0,0,110000,-110000,-110000
056459,茂林凱基99購01  ,0,0,0,0,0,0,0,0,0,-110000,0,0,0,0,110000,-110000,-110000
056238,聯發科群益98購02,0,0,0,0,0,0,0,0,0,-110000,0,0,0,143000,253000,-110000,-110000
055969,彩晶元大99購02  ,0,0,0,0,0,0,0,0,0,-110000,0,0,0,0,110000,-110000,-110000
055741,健策元富97購01  ,0,0,0,0,0,0,0,0,0,-110000,0,0,0,71000,181000,-110000,-110000
055793,臺股指凱基97購16,0,0,0,0,0,0,0,0,0,-110000,0,0,0,10000,120000,-110000,-110000
04136P,智邦元大93售09  ,0,0,0,0,0,0,0,0,0,-110000,0,0,0,0,110000,-110000,-110000
04738P,揚明光永豐94售03,0,0,0,0,0,0,0,0,0,-110000,0,0,0,90000,200000,-110000,-110000
04513P,元石油中信94售01,0,0,0,0,0,0,0,0,0,-110000,0,0,0,0,110000,-110000,-110000
047245,聯發科群益94購03,0,0,0,0,0,0,0,0,0,-110000,0,0,0,0,110000,-110000,-110000
046716,欣興國泰93購03  ,0,0,0,0,0,0,0,0,0,-110000,0,0,0,9000,119000,-110000,-110000
052140,鈺齊凱基95購02  ,0,0,0,0,0,0,0,0,0,-110000,0,0,0,0,110000,-110000,-110000
049038,高鐵兆豐94購01  ,0,0,0,0,0,0,0,0,0,-110000,0,0,0,0,110000,-110000,-110000
052567,台積電凱基96購05,0,0,0,0,0,0,0,0,0,-110000,0,0,0,0,110000,-110000,-110000
049267,瀚宇博元大95購02,0,0,0,0,0,0,0,0,0,-110000,0,0,0,54000,164000,-110000,-110000
049635,臺股指群益94購08,0,0,0,0,0,0,0,0,0,-110000,0,0,0,83000,193000,-110000,-110000
054280,牧德群益98購01  ,0,0,0,0,0,0,0,0,0,-110000,0,0,0,22000,132000,-110000,-110000
053190,聯發科統一99購01,0,0,0,0,0,0,0,0,0,-110000,0,0,0,130000,240000,-110000,-110000
054461,台積電凱基97購09,0,0,0,0,0,0,0,0,0,-110000,0,0,0,0,110000,-110000,-110000
08801P,聯發科元大01售13,0,0,0,0,0,0,0,0,0,-110000,0,0,0,0,110000,-110000,-110000
052043,瑞昱日盛95購01  ,0,0,0,0,0,0,0,0,0,-111000,0,0,0,155000,266000,-111000,-111000
047637,旺宏元大94購03  ,0,0,0,0,0,0,0,0,0,-111000,0,0,0,23000,134000,-111000,-111000
054396,日電貿永豐96購02,0,0,0,0,0,0,0,0,0,-111000,0,0,0,52000,163000,-111000,-111000
054488,禾伸堂台新96購01,0,0,0,0,0,0,0,0,0,-111000,0,0,0,153000,264000,-111000,-111000
053588,聯發科元大97購07,0,0,0,0,0,0,0,0,0,-111000,0,0,0,50000,161000,-111000,-111000
053373,台泥元大96購01  ,0,0,0,0,0,0,0,0,0,-111000,0,0,0,42000,153000,-111000,-111000
6415,矽力-KY         ,222108,320000,-97892,0,0,0,18000,11000,7000,-21000,1000,4000,-3000,2000,20000,-18000,-111892
057504,技嘉麥證98購01  ,0,0,0,24000,124000,-100000,0,0,0,-112000,0,0,0,26000,138000,-112000,-112000
057791,可成統一99購01  ,0,0,0,0,0,0,0,0,0,-112000,0,0,0,0,112000,-112000,-112000
056857,國巨群益99購02  ,0,0,0,0,0,0,0,0,0,-112000,0,0,0,39000,151000,-112000,-112000
046460,聯鈞凱基93購02  ,0,0,0,0,0,0,0,0,0,-112000,0,0,0,74000,186000,-112000,-112000
050647,聯發科凱基96購01,0,0,0,0,0,0,0,0,0,-112000,0,0,0,10000,122000,-112000,-112000
053137,旺宏富邦98購01  ,0,0,0,0,0,0,0,0,0,-112000,0,0,0,40000,152000,-112000,-112000
052597,茂林群益96購01  ,0,0,0,0,0,0,0,0,0,-112000,0,0,0,18000,130000,-112000,-112000
052591,康友永豐97購01  ,0,0,0,0,0,0,0,0,0,-112000,0,0,0,18000,130000,-112000,-112000
053401,臺股指中信99購01,0,0,0,0,0,0,0,0,0,-112000,0,0,0,195000,307000,-112000,-112000
052476,台光電群益98購01,0,0,0,0,0,0,0,0,0,-112000,0,0,0,38000,150000,-112000,-112000
054220,國巨統一97購02  ,0,0,0,0,0,0,0,0,0,-112000,0,0,0,28000,140000,-112000,-112000
055345,國巨凱基98購01  ,0,0,0,0,0,0,0,0,0,-112000,0,0,0,142000,254000,-112000,-112000
055795,茂林國泰98購01  ,0,0,0,0,0,0,0,0,0,-113000,0,0,0,53000,166000,-113000,-113000
056359,旺宏元大9A購01  ,0,0,0,0,0,0,0,0,0,-113000,0,0,0,69000,182000,-113000,-113000
056402,智易群益98購02  ,0,0,0,0,0,0,0,0,0,-113000,0,0,0,11000,124000,-113000,-113000
046298,聯發科富邦94購01,0,0,0,0,0,0,0,0,0,-113000,0,0,0,155000,268000,-113000,-113000
048556,技嘉元大93購03  ,0,0,0,0,0,0,0,0,0,-113000,0,0,0,48000,161000,-113000,-113000
050195,上海銀元大94購03,0,0,0,0,0,0,0,0,0,-113000,0,0,0,12000,125000,-113000,-113000
055928,南亞科群益97購02,0,0,0,0,0,0,0,0,0,-114000,0,0,0,0,114000,-114000,-114000
056033,T50正2凱基99購02,0,0,0,0,0,0,0,0,0,-114000,0,0,0,0,114000,-114000,-114000
03639C,元油2X元大9B牛01,0,0,0,0,0,0,0,0,0,-114000,0,0,0,14000,128000,-114000,-114000
051074,矽力國票96購01  ,0,0,0,0,0,0,0,0,0,-114000,0,0,0,0,114000,-114000,-114000
052706,台虹國票97購01  ,0,0,0,0,0,0,0,0,0,-114000,0,0,0,0,114000,-114000,-114000
051459,臺股指元大95購19,0,0,0,0,0,0,0,0,0,-114000,0,0,0,30000,144000,-114000,-114000
054617,超眾永豐97購01  ,0,0,0,0,0,0,0,0,0,-114000,0,0,0,6000,120000,-114000,-114000
054849,日月光兆豐97購01,0,0,0,0,0,0,0,0,0,-114000,0,0,0,0,114000,-114000,-114000
054170,泰鼎凱基98購01  ,0,0,0,0,0,0,0,0,0,-114000,0,0,0,137000,251000,-114000,-114000
053936,旺宏元富96購04  ,0,0,0,0,0,0,0,0,0,-114000,0,0,0,76000,190000,-114000,-114000
055654,景碩元富97購01  ,0,0,0,0,0,0,0,0,0,-115000,0,0,0,199000,314000,-115000,-115000
056591,S&P正2元富9A購01,0,0,0,0,0,0,0,0,0,-115000,0,0,0,0,115000,-115000,-115000
057810,技嘉元大98購06  ,0,0,0,0,0,0,0,0,0,-115000,0,0,0,27000,142000,-115000,-115000
057674,台郡元大99購03  ,0,0,0,0,0,0,0,0,0,-115000,0,0,0,93000,208000,-115000,-115000
00665L,富邦恒生國企正2 ,0,45000,-45000,0,0,0,0,0,0,-70000,0,0,0,121000,191000,-70000,-115000
04421P,玉晶光永豐94售02,0,0,0,0,0,0,0,0,0,-115000,0,0,0,20000,135000,-115000,-115000
047846,滬深2X統一93購04,0,0,0,0,0,0,0,0,0,-115000,0,0,0,0,115000,-115000,-115000
053139,滬深2X永豐98購01,0,0,0,0,0,0,0,0,0,-115000,0,0,0,0,115000,-115000,-115000
049814,超眾元大95購04  ,0,0,0,0,0,0,0,0,0,-115000,0,0,0,49000,164000,-115000,-115000
054870,新日興群益98購01,0,0,0,0,0,0,0,0,0,-115000,0,0,0,147000,262000,-115000,-115000
6191,精成科          ,217000,324000,-107000,0,0,0,0,0,0,-8000,5000,14000,-9000,3000,2000,1000,-115000
2511,太子            ,58000,172000,-114000,0,0,0,0,0,0,-1000,0,1000,-1000,0,0,0,-115000
2849,安泰銀          ,0,115000,-115000,0,0,0,0,0,0,0,0,0,0,0,0,0,-115000
2207,和泰車          ,218000,340275,-122275,0,0,0,5000,0,5000,2000,2000,0,2000,0,0,0,-115275
057349,聯發科統一98購04,0,0,0,0,0,0,0,0,0,-116000,0,0,0,100000,216000,-116000,-116000
057308,同欣電兆豐99購01,0,0,0,0,0,0,0,0,0,-116000,0,0,0,10000,126000,-116000,-116000
056443,南亞科凱基98購03,0,0,0,0,0,0,0,0,0,-116000,0,0,0,34000,150000,-116000,-116000
041824,元油2X國票96購01,0,0,0,0,0,0,0,0,0,-116000,0,0,0,15000,131000,-116000,-116000
049388,南電元大94購05  ,0,0,0,0,0,0,0,0,0,-116000,0,0,0,92000,208000,-116000,-116000
050853,南電國票96購01  ,0,0,0,0,0,0,0,0,0,-116000,0,0,0,217000,333000,-116000,-116000
052823,創意永豐96購02  ,0,0,0,0,0,0,0,0,0,-116000,0,0,0,0,116000,-116000,-116000
054338,全新統一96購01  ,0,0,0,0,0,0,0,0,0,-116000,0,0,0,0,116000,-116000,-116000
054192,國巨中信98購01  ,0,0,0,0,0,0,0,0,0,-116000,0,0,0,61000,177000,-116000,-116000
06617P,智邦元大98售03  ,0,0,0,0,0,0,0,0,0,-116000,0,0,0,19000,135000,-116000,-116000
049004,聯發科中信96購01,0,0,0,0,0,0,0,0,0,-117000,0,0,0,45000,162000,-117000,-117000
050372,全新元大96購03  ,0,0,0,0,0,0,0,0,0,-117000,0,0,0,100000,217000,-117000,-117000
050173,旺宏元大96購02  ,0,0,0,0,0,0,0,0,0,-117000,0,0,0,242000,359000,-117000,-117000
051082,上証2X元大98購01,0,0,0,0,0,0,0,0,0,-117000,0,0,0,170000,287000,-117000,-117000
054594,國巨麥證97購01  ,0,0,0,45000,162000,-117000,0,0,0,-117000,0,0,0,45000,162000,-117000,-117000
06154P,超眾元大98售01  ,0,0,0,0,0,0,0,0,0,-117000,0,0,0,43000,160000,-117000,-117000
2314,台揚            ,103000,206000,-103000,0,0,0,0,0,0,-14000,0,14000,-14000,0,0,0,-117000
2388,威盛            ,23000,139000,-116000,0,0,0,1000,0,1000,-2000,0,2000,-2000,0,0,0,-117000
6452,康友-KY         ,79000,166000,-87000,0,0,0,0,0,0,-30000,0,0,0,1000,31000,-30000,-117000
057558,致新凱基98購01  ,0,0,0,0,0,0,0,0,0,-118000,0,0,0,0,118000,-118000,-118000
05966P,矽力凱基96售03  ,0,0,0,0,0,0,0,0,0,-118000,0,0,0,117000,235000,-118000,-118000
045517,元油2X元富98購01,0,0,0,0,0,0,0,0,0,-118000,0,0,0,6000,124000,-118000,-118000
051486,玉晶光凱基97購03,0,0,0,0,0,0,0,0,0,-118000,0,0,0,83000,201000,-118000,-118000
054749,聯茂凱基98購01  ,0,0,0,0,0,0,0,0,0,-118000,0,0,0,0,118000,-118000,-118000
055494,華新科元大98購01,0,0,0,0,0,0,0,0,0,-118000,0,0,0,128000,246000,-118000,-118000
055105,鴻海凱基98購05  ,0,0,0,0,0,0,0,0,0,-118000,0,0,0,0,118000,-118000,-118000
2836,高雄銀          ,13000,131000,-118000,0,0,0,0,0,0,0,0,0,0,0,0,0,-118000
06057P,大立光凱基98售01,0,0,0,0,0,0,0,0,0,-118000,0,0,0,10000,128000,-118000,-118000
056918,台積電兆豐98購01,0,0,0,0,0,0,0,0,0,-119000,0,0,0,139000,258000,-119000,-119000
056637,台光電日盛9A購01,0,0,0,0,0,0,0,0,0,-119000,0,0,0,163000,282000,-119000,-119000
056600,聯茂元富98購01  ,0,0,0,0,0,0,0,0,0,-119000,0,0,0,104000,223000,-119000,-119000
056083,億光統一97購03  ,0,0,0,0,0,0,0,0,0,-119000,0,0,0,48000,167000,-119000,-119000
046384,群創凱基98購02  ,0,0,0,0,0,0,0,0,0,-119000,0,0,0,60000,179000,-119000,-119000
05197P,智原永豐95售02  ,0,0,0,0,0,0,0,0,0,-119000,0,0,0,136000,255000,-119000,-119000
049669,訊芯國泰95購01  ,0,0,0,0,0,0,0,0,0,-119000,0,0,0,10000,129000,-119000,-119000
054800,訊芯群益99購01  ,0,0,0,0,0,0,0,0,0,-119000,0,0,0,0,119000,-119000,-119000
054704,玉晶光第一97購01,0,0,0,0,0,0,0,0,0,-119000,0,0,0,61000,180000,-119000,-119000
053474,聯發科元大97購06,0,0,0,0,0,0,0,0,0,-119000,0,0,0,116000,235000,-119000,-119000
05619P,創意元富96售02  ,0,0,0,0,0,0,0,0,0,-120000,0,0,0,113000,233000,-120000,-120000
056374,聯發科統一9B購01,0,0,0,0,0,0,0,0,0,-120000,0,0,0,0,120000,-120000,-120000
05779P,台積電統一96售06,0,0,0,0,0,0,0,0,0,-120000,0,0,0,0,120000,-120000,-120000
048560,聯發科元大94購01,0,0,0,0,0,0,0,0,0,-120000,0,0,0,0,120000,-120000,-120000
049165,元油2X凱基97購01,0,0,0,0,0,0,0,0,0,-120000,0,0,0,0,120000,-120000,-120000
050228,中磊中信96購01  ,0,0,0,0,0,0,0,0,0,-120000,0,0,0,0,120000,-120000,-120000
050447,廣達元大94購01  ,0,0,0,0,0,0,0,0,0,-120000,0,0,0,30000,150000,-120000,-120000
05035P,聯發科元大95售06,0,0,0,0,0,0,0,0,0,-120000,0,0,0,556000,676000,-120000,-120000
05028P,康控永豐95售02  ,0,0,0,0,0,0,0,0,0,-120000,0,0,0,0,120000,-120000,-120000
051573,鴻海元大95購15  ,0,0,0,0,0,0,0,0,0,-120000,0,0,0,0,120000,-120000,-120000
052750,臺股指元大96購04,0,0,0,0,0,0,0,0,0,-120000,0,0,0,0,120000,-120000,-120000
05260P,和碩元富95售02  ,0,0,0,0,0,0,0,0,0,-120000,0,0,0,22000,142000,-120000,-120000
053053,京元電國票97購02,0,0,0,0,0,0,0,0,0,-120000,0,0,0,0,120000,-120000,-120000
054159,T50正2凱基99購01,0,0,0,0,0,0,0,0,0,-120000,0,0,0,5000,125000,-120000,-120000
054009,欣興元富96購03  ,0,0,0,0,0,0,0,0,0,-120000,0,0,0,40000,160000,-120000,-120000
053931,楠梓電統一96購01,0,0,0,0,0,0,0,0,0,-120000,0,0,0,108000,228000,-120000,-120000
053689,台光電元大96購01,0,0,0,0,0,0,0,0,0,-120000,0,0,0,9000,129000,-120000,-120000
054950,奇力新元大98購02,0,0,0,0,0,0,0,0,0,-120000,0,0,0,0,120000,-120000,-120000
055459,建準永豐97購03  ,0,0,0,0,0,0,0,0,0,-120000,0,0,0,50000,170000,-120000,-120000
06790P,台積電凱基9A售04,0,0,0,0,0,0,0,0,0,-120000,0,0,0,0,120000,-120000,-120000
056876,群創凱基98購11  ,0,0,0,0,0,0,0,0,0,-121000,0,0,0,0,121000,-121000,-121000
051155,聯發科國泰96購01,0,0,0,0,0,0,0,0,0,-121000,0,0,0,5000,126000,-121000,-121000
050092,鴻海永豐94購04  ,0,0,0,0,0,0,0,0,0,-121000,0,0,0,43000,164000,-121000,-121000
05706P,TPK永豐96售02   ,0,0,0,0,0,0,0,0,0,-122000,0,0,0,5000,127000,-122000,-122000
057663,國巨元大99購08  ,0,0,0,0,0,0,0,0,0,-122000,0,0,0,115000,237000,-122000,-122000
055180,文曄統一97購01  ,0,0,0,0,0,0,0,0,0,-122000,0,0,0,92000,214000,-122000,-122000
054665,華通元富97購02  ,0,0,0,0,0,0,0,0,0,-122000,0,0,0,33000,155000,-122000,-122000
053925,群創國票98購01  ,0,0,0,0,0,0,0,0,0,-122000,0,0,0,321000,443000,-122000,-122000
053171,中磊群益96購01  ,0,0,0,0,0,0,0,0,0,-122000,0,0,0,95000,217000,-122000,-122000
06180P,禾伸堂群益97售01,0,0,0,0,0,0,0,0,0,-122000,0,0,0,49000,171000,-122000,-122000
055887,上銀統一97購03  ,0,0,0,0,0,0,0,0,0,-123000,0,0,0,0,123000,-123000,-123000
04848P,康控凱基94售02  ,0,0,0,0,0,0,0,0,0,-123000,0,0,0,0,123000,-123000,-123000
045101,玉晶光中信94購01,0,0,0,0,0,0,0,0,0,-123000,0,0,0,10000,133000,-123000,-123000
050569,英業達中信94購01,0,0,0,0,0,0,0,0,0,-123000,0,0,0,59000,182000,-123000,-123000
056623,禾伸堂永豐98購01,0,0,0,0,0,0,0,0,0,-124000,0,0,0,61000,185000,-124000,-124000
05910P,力山永豐96售02  ,0,0,0,0,0,0,0,0,0,-124000,0,0,0,0,124000,-124000,-124000
04294P,台積電元大95售01,0,0,0,0,0,0,0,0,0,-124000,0,0,0,319000,443000,-124000,-124000
047965,景碩中信93購01  ,0,0,0,0,0,0,0,0,0,-124000,0,0,0,67000,191000,-124000,-124000
057452,新日興元富98購01,0,0,0,0,0,0,0,0,0,-125000,0,0,0,0,125000,-125000,-125000
055624,聯發科富邦99購07,0,0,0,0,0,0,0,0,0,-125000,0,0,0,0,125000,-125000,-125000
056011,矽力中信99購01  ,0,0,0,0,0,0,0,0,0,-125000,0,0,0,313000,438000,-125000,-125000
055953,上銀元大97購09  ,0,0,0,0,0,0,0,0,0,-125000,0,0,0,31000,156000,-125000,-125000
050578,聯發科國票95購03,0,0,0,0,0,0,0,0,0,-125000,0,0,0,105000,230000,-125000,-125000
050548,華固凱基95購01  ,0,350000,-350000,0,0,0,0,0,0,225000,0,0,0,294000,69000,225000,-125000
050129,聯發科凱基94購11,0,0,0,0,0,0,0,0,0,-125000,0,0,0,0,125000,-125000,-125000
051472,台積電凱基95購09,0,0,0,0,0,0,0,0,0,-125000,0,0,0,10000,135000,-125000,-125000
051816,臺股指凱基95購07,0,0,0,0,0,0,0,0,0,-125000,0,0,0,0,125000,-125000,-125000
052572,群創凱基99購01  ,0,0,0,0,0,0,0,0,0,-125000,0,0,0,0,125000,-125000,-125000
053019,禾伸堂元富96購01,0,0,0,0,0,0,0,0,0,-125000,0,0,0,187000,312000,-125000,-125000
055420,欣興永豐98購01  ,0,0,0,0,0,0,0,0,0,-125000,0,0,0,57000,182000,-125000,-125000
1522,堤維西          ,9000,133000,-124000,0,0,0,0,0,0,-1000,0,1000,-1000,0,0,0,-125000
051696,新日興中信96購01,0,0,0,0,0,0,0,0,0,-126000,0,0,0,52000,178000,-126000,-126000
054557,臻鼎凱基98購01  ,0,0,0,0,0,0,0,0,0,-126000,0,0,0,7000,133000,-126000,-126000
056478,晶技元大99購01  ,0,0,0,0,0,0,0,0,0,-127000,0,0,0,159000,286000,-127000,-127000
051058,景碩群益96購01  ,0,0,0,0,0,0,0,0,0,-127000,0,0,0,139000,266000,-127000,-127000
052574,茂林凱基96購02  ,0,0,0,0,0,0,0,0,0,-127000,0,0,0,35000,162000,-127000,-127000
051913,緯創元大96購01  ,0,0,0,0,0,0,0,0,0,-127000,0,0,0,88000,215000,-127000,-127000
054779,台塑群益98購01  ,0,0,0,0,0,0,0,0,0,-127000,0,0,0,98000,225000,-127000,-127000
055369,友訊元大97購01  ,0,0,0,0,0,0,0,0,0,-127000,0,0,0,4000,131000,-127000,-127000
055530,聯發科群益98購01,0,0,0,0,0,0,0,0,0,-127000,0,0,0,98000,225000,-127000,-127000
054263,聯茂元大96購02  ,0,0,0,0,0,0,0,0,0,-127000,0,0,0,6000,133000,-127000,-127000
4551,智伸科          ,8000,63000,-55000,0,0,0,0,20000,-20000,-52000,3000,52000,-49000,2000,5000,-3000,-127000
052234,GIS凱基97購01   ,0,0,0,0,0,0,0,0,0,-128000,0,0,0,0,128000,-128000,-128000
050296,亞光凱基94購03  ,0,0,0,0,0,0,0,0,0,-128000,0,0,0,0,128000,-128000,-128000
051466,玉晶光富邦97購01,0,0,0,0,0,0,0,0,0,-128000,0,0,0,0,128000,-128000,-128000
050762,楠梓電元大94購02,0,0,0,0,0,0,0,0,0,-128000,0,0,0,72000,200000,-128000,-128000
049646,旺宏凱基94購01  ,0,0,0,0,0,0,0,0,0,-128000,0,0,0,0,128000,-128000,-128000
055017,緯穎元富97購01  ,0,0,0,0,0,0,0,0,0,-128000,0,0,0,13000,141000,-128000,-128000
054346,世芯國票97購01  ,0,0,0,0,0,0,0,0,0,-128000,0,0,0,10000,138000,-128000,-128000
2457,飛宏            ,19000,136000,-117000,0,0,0,0,0,0,-11000,0,11000,-11000,0,0,0,-128000
05618P,聯發科元富96售02,0,0,0,0,0,0,0,0,0,-129000,0,0,0,5000,134000,-129000,-129000
046703,瑞昱元富95購01  ,0,0,0,0,0,0,0,0,0,-129000,0,0,0,49000,178000,-129000,-129000
050252,聯發科國泰95購01,0,0,0,0,0,0,0,0,0,-129000,0,0,0,119000,248000,-129000,-129000
051493,台郡凱基95購02  ,0,0,0,0,0,0,0,0,0,-129000,0,0,0,67000,196000,-129000,-129000
053587,京元電元大98購01,0,0,0,0,0,0,0,0,0,-129000,0,0,0,135000,264000,-129000,-129000
1444,力麗            ,245000,372000,-127000,0,0,0,0,0,0,-2000,0,2000,-2000,0,0,0,-129000
3533,嘉澤            ,133000,176000,-43000,0,0,0,15000,50000,-35000,-51000,44000,87000,-43000,14000,22000,-8000,-129000
4967,十銓            ,234000,456000,-222000,0,0,0,150000,0,150000,-57000,48000,117000,-69000,12000,0,12000,-129000
055957,瑞昱元大97購06  ,0,0,0,0,0,0,0,0,0,-130000,0,0,0,35000,165000,-130000,-130000
055709,深中小元大97購03,0,0,0,0,0,0,0,0,0,-130000,0,0,0,110000,240000,-130000,-130000
056316,訊芯元大98購03  ,0,0,0,0,0,0,0,0,0,-130000,0,0,0,30000,160000,-130000,-130000
056920,友達兆豐98購02  ,0,0,0,0,0,0,0,0,0,-130000,0,0,0,70000,200000,-130000,-130000
03181P,台灣50元大01售40,0,0,0,0,0,0,0,0,0,-130000,0,0,0,0,130000,-130000,-130000
052577,台積電統一96購01,0,0,0,0,0,0,0,0,0,-130000,0,0,0,30000,160000,-130000,-130000
052713,智邦凱基96購01  ,0,0,0,0,0,0,0,0,0,-130000,0,0,0,11000,141000,-130000,-130000
052832,益航群益96購01  ,0,0,0,0,0,0,0,0,0,-130000,0,0,0,150000,280000,-130000,-130000
052876,GIS凱基96購03   ,0,0,0,0,0,0,0,0,0,-130000,0,0,0,0,130000,-130000,-130000
050775,TPK元大96購01   ,0,0,0,0,0,0,0,0,0,-130000,0,0,0,0,130000,-130000,-130000
055076,福懋科永豐97購01,0,0,0,0,0,0,0,0,0,-130000,0,0,0,8000,138000,-130000,-130000
05515P,台積電群益96售03,0,0,0,0,0,0,0,0,0,-130000,0,0,0,740000,870000,-130000,-130000
8016,矽創            ,261000,313000,-52000,0,0,0,0,36000,-36000,-42000,0,0,0,3000,45000,-42000,-130000
1608,華榮            ,21000,149000,-128000,0,0,0,0,0,0,-2000,0,2000,-2000,0,0,0,-130000
06870P,台灣50群益9A售03,0,0,0,0,0,0,0,0,0,-130000,0,0,0,0,130000,-130000,-130000
057843,晶技永豐98購02  ,0,0,0,0,0,0,0,0,0,-131000,0,0,0,0,131000,-131000,-131000
057664,台積電元大9A購03,0,0,0,0,0,0,0,0,0,-131000,0,0,0,693000,824000,-131000,-131000
055835,華邦電元大97購03,0,0,0,0,0,0,0,0,0,-131000,0,0,0,69000,200000,-131000,-131000
051280,台積電兆豐95購04,0,0,0,0,0,0,0,0,0,-131000,0,0,0,0,131000,-131000,-131000
054921,文曄凱基97購01  ,0,0,0,0,0,0,0,0,0,-131000,0,0,0,20000,151000,-131000,-131000
056345,嘉聯益凱基99購01,0,0,0,0,0,0,0,0,0,-132000,0,0,0,100000,232000,-132000,-132000
057669,嘉晶元大99購03  ,0,0,0,0,0,0,0,0,0,-132000,0,0,0,220000,352000,-132000,-132000
057700,新日興群益9A購01,0,0,0,0,0,0,0,0,0,-132000,0,0,0,21000,153000,-132000,-132000
056965,全新永豐98購01  ,0,0,0,0,0,0,0,0,0,-132000,0,0,0,8000,140000,-132000,-132000
06214P,國巨國票98售04  ,0,0,0,0,0,0,0,0,0,-132000,0,0,0,275000,407000,-132000,-132000
057862,智邦凱基99購01  ,0,0,0,0,0,0,0,0,0,-133000,0,0,0,0,133000,-133000,-133000
052607,大立光元大96購03,0,0,0,0,0,0,0,0,0,-133000,0,0,0,16000,149000,-133000,-133000
053625,國巨兆豐96購03  ,0,0,0,0,0,0,0,0,0,-133000,0,0,0,90000,223000,-133000,-133000
05666P,聯發科凱基96售14,0,0,0,0,0,0,0,0,0,-134000,0,0,0,22000,156000,-134000,-134000
056009,奇力新中信98購03,0,0,0,0,0,0,0,0,0,-134000,0,0,0,41000,175000,-134000,-134000
048495,南亞科元大93購04,0,0,0,0,0,0,0,0,0,-134000,0,0,0,150000,284000,-134000,-134000
050049,華通群益96購01  ,0,0,0,0,0,0,0,0,0,-134000,0,0,0,61000,195000,-134000,-134000
053892,景碩群益96購02  ,0,0,0,0,0,0,0,0,0,-134000,0,0,0,124000,258000,-134000,-134000
06799P,臺股指凱基98售09,0,0,0,0,0,0,0,0,0,-134000,0,0,0,0,134000,-134000,-134000
3563,牧德            ,79000,151000,-72000,0,0,0,0,0,0,-62000,2000,33000,-31000,13000,44000,-31000,-134000
056173,廣達元富97購01  ,0,0,0,0,0,0,0,0,0,-135000,0,0,0,80000,215000,-135000,-135000
056145,緯穎元大98購03  ,0,0,0,0,0,0,0,0,0,-135000,0,0,0,7000,142000,-135000,-135000
052884,台積電兆豐96購01,0,0,0,0,0,0,0,0,0,-135000,0,0,0,879000,1014000,-135000,-135000
049297,日電貿群益95購01,0,0,0,0,0,0,0,0,0,-135000,0,0,0,78000,213000,-135000,-135000
050291,聯發科凱基94購16,0,0,0,0,0,0,0,0,0,-135000,0,0,0,0,135000,-135000,-135000
055315,晶技麥證97購01  ,0,0,0,30000,165000,-135000,0,0,0,-135000,0,0,0,30000,165000,-135000,-135000
5534,長虹            ,50000,219000,-169000,0,0,0,35000,0,35000,-1000,0,1000,-1000,0,0,0,-135000
06687P,A50正2中信9A售01,0,0,0,0,0,0,0,0,0,-135000,0,0,0,0,135000,-135000,-135000
056593,台積電元富98購02,0,0,0,0,0,0,0,0,0,-136000,0,0,0,1426000,1562000,-136000,-136000
00713,元大台灣高息低波,0,55000,-55000,0,0,0,0,0,0,-81000,0,0,0,0,81000,-81000,-136000
050451,嘉晶元大95購01  ,0,0,0,0,0,0,0,0,0,-136000,0,0,0,555000,691000,-136000,-136000
4961,天鈺            ,32000,166000,-134000,0,0,0,0,0,0,-2000,0,1000,-1000,0,1000,-1000,-136000
055976,台積電統一99購03,0,0,0,0,0,0,0,0,0,-137000,0,0,0,273000,410000,-137000,-137000
057552,禾伸堂凱基98購05,0,0,0,0,0,0,0,0,0,-137000,0,0,0,130000,267000,-137000,-137000
047287,貿聯統一95購01  ,0,0,0,0,0,0,0,0,0,-137000,0,0,0,0,137000,-137000,-137000
054722,傳奇永豐97購01  ,0,0,0,0,0,0,0,0,0,-137000,0,0,0,0,137000,-137000,-137000
053592,亞光元大96購01  ,0,0,0,0,0,0,0,0,0,-137000,0,0,0,45000,182000,-137000,-137000
06686P,麗豐永豐98售02  ,0,0,0,0,0,0,0,0,0,-137000,0,0,0,1000,138000,-137000,-137000
06235P,國巨元大97售12  ,0,0,0,0,0,0,0,0,0,-137000,0,0,0,111000,248000,-137000,-137000
056970,TPK永豐98購01   ,0,0,0,0,0,0,0,0,0,-138000,0,0,0,34000,172000,-138000,-138000
049233,聯發科統一94購04,0,0,0,0,0,0,0,0,0,-138000,0,0,0,30000,168000,-138000,-138000
055381,茂林元大97購02  ,0,0,0,0,0,0,0,0,0,-138000,0,0,0,72000,210000,-138000,-138000
05509P,智邦元富96售02  ,0,0,0,0,0,0,0,0,0,-138000,0,0,0,96000,234000,-138000,-138000
057499,奇鋐群益98購01  ,0,0,0,0,0,0,0,0,0,-139000,0,0,0,11000,150000,-139000,-139000
055282,聯發科元大97購15,0,0,0,0,0,0,0,0,0,-139000,0,0,0,41000,180000,-139000,-139000
055855,牧德元大99購02  ,0,0,0,0,0,0,0,0,0,-140000,0,0,0,210000,350000,-140000,-140000
056701,國產國泰9A購01  ,0,0,0,0,0,0,0,0,0,-140000,0,0,0,0,140000,-140000,-140000
046793,聯發科元富99購01,0,0,0,0,0,0,0,0,0,-140000,0,0,0,15000,155000,-140000,-140000
048062,南亞科統一93購05,0,0,0,0,0,0,0,0,0,-140000,0,0,0,28000,168000,-140000,-140000
04449P,智邦凱基94售01  ,0,0,0,0,0,0,0,0,0,-140000,0,0,0,0,140000,-140000,-140000
044602,大立光國泰93購01,0,0,0,0,0,0,0,0,0,-140000,0,0,0,3000,143000,-140000,-140000
04598P,光罩凱基94售03  ,0,0,0,0,0,0,0,0,0,-140000,0,0,0,126000,266000,-140000,-140000
055150,台積電元大98購04,0,0,0,0,0,0,0,0,0,-140000,0,0,0,188000,328000,-140000,-140000
055341,台達電凱基97購02,0,0,0,0,0,0,0,0,0,-140000,0,0,0,0,140000,-140000,-140000
053316,友達群益9A購01  ,0,0,0,0,0,0,0,0,0,-140000,0,0,0,0,140000,-140000,-140000
053331,玉晶光永豐97購02,0,0,0,0,0,0,0,0,0,-140000,0,0,0,39000,179000,-140000,-140000
03016P,滬深2X群益01售09,0,0,0,0,0,0,0,0,0,-141000,0,0,0,0,141000,-141000,-141000
05481P,鴻海凱基95售21  ,0,0,0,0,0,0,0,0,0,-141000,0,0,0,53000,194000,-141000,-141000
054567,拓凱群益98購01  ,0,0,0,0,0,0,0,0,0,-141000,0,0,0,0,141000,-141000,-141000
06078P,臺股指凱基9A售01,0,0,0,0,0,0,0,0,0,-141000,0,0,0,87000,228000,-141000,-141000
055787,聯茂凱基99購01  ,0,0,0,0,0,0,0,0,0,-142000,0,0,0,176000,318000,-142000,-142000
056015,華通群益99購01  ,0,0,0,0,0,0,0,0,0,-142000,0,0,0,32000,174000,-142000,-142000
057779,禾伸堂群益98購02,0,0,0,0,0,0,0,0,0,-142000,0,0,0,6000,148000,-142000,-142000
045537,華新群益94購01  ,0,0,0,0,0,0,0,0,0,-142000,0,0,0,0,142000,-142000,-142000
048178,上銀富邦95購02  ,0,0,0,0,0,0,0,0,0,-142000,0,0,0,132000,274000,-142000,-142000
053807,T50反1群益96購02,0,0,0,0,0,0,0,0,0,-142000,0,0,0,0,142000,-142000,-142000
056391,大立光富邦9C購01,0,0,0,0,0,0,0,0,0,-143000,0,0,0,5000,148000,-143000,-143000
046385,群創凱基98購03  ,0,0,0,0,0,0,0,0,0,-143000,0,0,0,8000,151000,-143000,-143000
050687,上銀日盛94購01  ,0,0,0,0,0,0,0,0,0,-143000,0,0,0,77000,220000,-143000,-143000
053935,華通元富96購02  ,0,0,0,0,0,0,0,0,0,-143000,0,0,0,35000,178000,-143000,-143000
053314,A50正2群益9A購01,0,0,0,0,0,0,0,0,0,-143000,0,0,0,160000,303000,-143000,-143000
052895,台積電群益96購04,0,0,0,0,0,0,0,0,0,-143000,0,0,0,454000,597000,-143000,-143000
054471,T50反1中信9C購01,0,0,0,0,0,0,0,0,0,-143000,0,0,0,7000,150000,-143000,-143000
056604,鴻海富邦9A購01  ,0,0,0,0,0,0,0,0,0,-144000,0,0,0,0,144000,-144000,-144000
06004P,奇力新永豐96售02,0,0,0,0,0,0,0,0,0,-144000,0,0,0,10000,154000,-144000,-144000
048346,智易元大95購01  ,0,0,0,0,0,0,0,0,0,-144000,0,0,0,100000,244000,-144000,-144000
05762P,昇陽半永豐96售04,0,0,0,0,0,0,0,0,0,-145000,0,0,0,0,145000,-145000,-145000
056663,臺股指元大9A購10,0,0,0,0,0,0,0,0,0,-145000,0,0,0,40000,185000,-145000,-145000
050344,鴻海元富96購01  ,0,0,0,0,0,0,0,0,0,-145000,0,0,0,355000,500000,-145000,-145000
051414,新光金國票95購04,0,0,0,0,0,0,0,0,0,-145000,0,0,0,0,145000,-145000,-145000
055331,國巨兆豐99購01  ,0,0,0,0,0,0,0,0,0,-145000,0,0,0,3000,148000,-145000,-145000
052948,景碩國票97購02  ,0,0,0,0,0,0,0,0,0,-145000,0,0,0,280000,425000,-145000,-145000
056344,嘉晶凱基98購02  ,0,0,0,0,0,0,0,0,0,-146000,0,0,0,557000,703000,-146000,-146000
048841,聯茂凱基94購06  ,0,0,0,0,0,0,0,0,0,-146000,0,0,0,110000,256000,-146000,-146000
03958P,嘉聯益統一93售01,0,0,0,0,0,0,0,0,0,-146000,0,0,0,0,146000,-146000,-146000
055475,臻鼎凱基97購02  ,0,0,0,0,0,0,0,0,0,-146000,0,0,0,4000,150000,-146000,-146000
055151,台積電元大98購05,0,0,0,0,0,0,0,0,0,-146000,0,0,0,490000,636000,-146000,-146000
054361,技嘉凱基96購01  ,0,0,0,0,0,0,0,0,0,-146000,0,0,0,230000,376000,-146000,-146000
06646P,國巨元大98售16  ,0,0,0,0,0,0,0,0,0,-146000,0,0,0,16000,162000,-146000,-146000
4414,如興            ,204000,351000,-147000,0,0,0,0,0,0,1000,2000,1000,1000,0,0,0,-146000
056182,台光電統一97購03,0,0,0,0,0,0,0,0,0,-147000,0,0,0,106000,253000,-147000,-147000
055659,百和元富97購01  ,0,0,0,0,0,0,0,0,0,-147000,0,0,0,0,147000,-147000,-147000
05889P,群創元大98售02  ,0,0,0,0,0,0,0,0,0,-147000,0,0,0,0,147000,-147000,-147000
04586P,光罩永豐94售02  ,0,0,0,0,0,0,0,0,0,-147000,0,0,0,0,147000,-147000,-147000
050719,世紀鋼群益96購01,0,0,0,0,0,0,0,0,0,-147000,0,0,0,60000,207000,-147000,-147000
054864,聯發科群益97購02,0,0,0,0,0,0,0,0,0,-147000,0,0,0,0,147000,-147000,-147000
3376,新日興          ,422000,110000,312000,0,0,0,0,479000,-479000,20000,2000,9000,-7000,35000,8000,27000,-147000
06791P,聯發科凱基98售16,0,0,0,0,0,0,0,0,0,-147000,0,0,0,17000,164000,-147000,-147000
3665,貿聯-KY         ,315000,405751,-90751,0,0,0,1000,3000,-2000,-55000,19000,17000,2000,11000,68000,-57000,-147751
049042,玉晶光兆豐95購01,0,0,0,0,0,0,0,0,0,-148000,0,0,0,12000,160000,-148000,-148000
054457,強茂群益96購01  ,0,0,0,0,0,0,0,0,0,-148000,0,0,0,23000,171000,-148000,-148000
053751,康控永豐96購02  ,0,0,0,0,0,0,0,0,0,-148000,0,0,0,0,148000,-148000,-148000
1460,宏遠            ,3000,149000,-146000,0,0,0,0,0,0,-2000,0,2000,-2000,0,0,0,-148000
05844P,旺宏元大96售07  ,0,0,0,0,0,0,0,0,0,-149000,0,0,0,190000,339000,-149000,-149000
057546,台積電凱基02購01,0,0,0,0,0,0,0,0,0,-149000,0,0,0,11000,160000,-149000,-149000
057180,華新科元大99購08,0,0,0,0,0,0,0,0,0,-149000,0,0,0,286000,435000,-149000,-149000
056090,康舒統一97購01  ,0,0,0,0,0,0,0,0,0,-149000,0,0,0,0,149000,-149000,-149000
04363P,儒鴻元富94售01  ,0,0,0,0,0,0,0,0,0,-149000,0,0,0,1000,150000,-149000,-149000
050758,聯發科元富9B購01,0,0,0,0,0,0,0,0,0,-149000,0,0,0,0,149000,-149000,-149000
051170,南電元大95購03  ,0,0,0,0,0,0,0,0,0,-149000,0,0,0,265000,414000,-149000,-149000
052770,聯茂群益96購02  ,0,0,0,0,0,0,0,0,0,-149000,0,0,0,102000,251000,-149000,-149000
053708,道瓊反凱基98購01,0,0,0,0,0,0,0,0,0,-149000,0,0,0,131000,280000,-149000,-149000
055303,鈺齊元大97購01  ,0,0,0,0,0,0,0,0,0,-149000,0,0,0,120000,269000,-149000,-149000
1313,聯成            ,127000,275000,-148000,0,0,0,0,0,0,-1000,0,1000,-1000,0,0,0,-149000
056195,群創富邦98購01  ,0,0,0,0,0,0,0,0,0,-150000,0,0,0,0,150000,-150000,-150000
05566P,景碩永豐96售01  ,0,0,0,0,0,0,0,0,0,-150000,0,0,0,0,150000,-150000,-150000
056588,聯發科統一9A購02,0,0,0,0,0,0,0,0,0,-150000,0,0,0,286000,436000,-150000,-150000
05698P,群創凱基96售01  ,0,0,0,0,0,0,0,0,0,-150000,0,0,0,30000,180000,-150000,-150000
044964,旺宏中信94購01  ,0,0,0,0,0,0,0,0,0,-150000,0,0,0,120000,270000,-150000,-150000
04492P,元油2X永豐94售03,0,0,0,0,0,0,0,0,0,-150000,0,0,0,50000,200000,-150000,-150000
045567,滬深2X富邦93購01,0,0,0,0,0,0,0,0,0,-150000,0,0,0,0,150000,-150000,-150000
00635U,元大S&P黃金     ,152000,576000,-424000,0,0,0,0,0,0,274000,810000,0,810000,554000,1090000,-536000,-150000
042470,元油2X元大93購04,0,0,0,0,0,0,0,0,0,-150000,0,0,0,0,150000,-150000,-150000
049121,元油2X元富94購06,0,0,0,0,0,0,0,0,0,-150000,0,0,0,0,150000,-150000,-150000
052169,鴻海元大97購02  ,0,0,0,0,0,0,0,0,0,-150000,0,0,0,0,150000,-150000,-150000
052114,華固中信95購01  ,0,0,0,0,0,0,0,0,0,-150000,0,0,0,0,150000,-150000,-150000
048644,華固元大93購01  ,0,0,0,0,0,0,0,0,0,-150000,0,0,0,30000,180000,-150000,-150000
052587,景碩永豐97購01  ,0,0,0,0,0,0,0,0,0,-150000,0,0,0,0,150000,-150000,-150000
051473,台積電凱基95購10,60000,0,60000,0,0,0,0,0,0,-210000,0,0,0,10000,220000,-210000,-150000
051490,世芯凱基96購01  ,0,0,0,0,0,0,0,0,0,-150000,0,0,0,50000,200000,-150000,-150000
051017,聯發科凱基95購04,0,0,0,0,0,0,0,0,0,-150000,0,0,0,40000,190000,-150000,-150000
052324,康友元大96購02  ,0,0,0,0,0,0,0,0,0,-150000,0,0,0,28000,178000,-150000,-150000
049726,道瓊反中信96購01,0,0,0,0,0,0,0,0,0,-150000,0,0,0,0,150000,-150000,-150000
055511,大立光兆豐97購02,0,0,0,0,0,0,0,0,0,-150000,0,0,0,0,150000,-150000,-150000
054740,強茂凱基99購01  ,0,0,0,0,0,0,0,0,0,-150000,0,0,0,0,150000,-150000,-150000
054233,聯發科群益96購04,0,0,0,0,0,0,0,0,0,-150000,0,0,0,0,150000,-150000,-150000
6139,亞翔            ,98000,241000,-143000,0,0,0,0,0,0,-7000,1000,13000,-12000,5000,0,5000,-150000
057694,臺股指凱基98購12,0,0,0,0,0,0,0,0,0,-151000,0,0,0,100000,251000,-151000,-151000
048256,鴻海統一93購08  ,0,0,0,0,0,0,0,0,0,-151000,0,0,0,30000,181000,-151000,-151000
053344,嘉晶國票97購02  ,0,0,0,0,0,0,0,0,0,-151000,0,0,0,57000,208000,-151000,-151000
053601,台表科元大98購01,0,0,0,0,0,0,0,0,0,-151000,0,0,0,34000,185000,-151000,-151000
055515,聚陽中信9A購01  ,0,0,0,0,0,0,0,0,0,-151000,0,0,0,9000,160000,-151000,-151000
1626,艾美特-KY       ,45000,196000,-151000,0,0,0,0,0,0,0,0,0,0,0,0,0,-151000
2637,慧洋-KY         ,315000,443000,-128000,0,0,0,3000,0,3000,-26000,0,1000,-1000,0,25000,-25000,-151000
06538P,國巨凱基98售11  ,0,0,0,0,0,0,0,0,0,-151000,0,0,0,0,151000,-151000,-151000
055881,康控元富97購01  ,0,0,0,0,0,0,0,0,0,-152000,0,0,0,60000,212000,-152000,-152000
056089,同欣電統一98購01,0,0,0,0,0,0,0,0,0,-152000,0,0,0,0,152000,-152000,-152000
047908,南亞科元大93購02,0,0,0,0,0,0,0,0,0,-152000,0,0,0,0,152000,-152000,-152000
048698,宏達電國票95購01,0,0,0,0,0,0,0,0,0,-152000,0,0,0,76000,228000,-152000,-152000
047058,聯茂國票94購01  ,0,0,0,0,0,0,0,0,0,-152000,0,0,0,0,152000,-152000,-152000
020008,元大特股高息N   ,0,0,0,0,0,0,0,0,0,-152000,0,0,0,26000,178000,-152000,-152000
051118,台塑群益95購01  ,0,0,0,0,0,0,0,0,0,-152000,0,0,0,20000,172000,-152000,-152000
050611,鴻海元大95購02  ,0,0,0,0,0,0,0,0,0,-152000,0,0,0,552000,704000,-152000,-152000
051178,大立光凱基95購10,0,0,0,0,0,0,0,0,0,-152000,0,0,0,30000,182000,-152000,-152000
054450,聯茂第一96購01  ,0,0,0,0,0,0,0,0,0,-152000,0,0,0,80000,232000,-152000,-152000
053470,華邦電元大96購02,0,0,0,0,0,0,0,0,0,-152000,0,0,0,1089000,1241000,-152000,-152000
052941,康控兆豐97購01  ,0,0,0,0,0,0,0,0,0,-152000,0,0,0,3000,155000,-152000,-152000
6592,和潤企業        ,16000,168000,-152000,0,0,0,0,0,0,0,0,0,0,0,0,0,-152000
05632P,大立光群益96售02,0,0,0,0,0,0,0,0,0,-153000,0,0,0,30000,183000,-153000,-153000
057330,台積電國票99購03,0,0,0,0,0,0,0,0,0,-153000,0,0,0,19000,172000,-153000,-153000
048575,旺宏國泰94購04  ,0,0,0,0,0,0,0,0,0,-153000,0,0,0,30000,183000,-153000,-153000
051438,喬山元大95購03  ,0,0,0,0,0,0,0,0,0,-153000,0,0,0,45000,198000,-153000,-153000
053980,泰鼎元大97購02  ,0,0,0,0,0,0,0,0,0,-153000,0,0,0,116000,269000,-153000,-153000
054925,神達凱基97購01  ,0,0,0,0,0,0,0,0,0,-153000,0,0,0,442000,595000,-153000,-153000
054960,新日興元大97購02,0,0,0,0,0,0,0,0,0,-153000,0,0,0,9000,162000,-153000,-153000
051092,禾伸堂元大95購02,0,0,0,0,0,0,0,0,0,-154000,0,0,0,8000,162000,-154000,-154000
055531,華新科群益98購03,0,0,0,0,0,0,0,0,0,-154000,0,0,0,156000,310000,-154000,-154000
056356,台積電元大99購01,0,0,0,0,0,0,0,0,0,-155000,0,0,0,1015000,1170000,-155000,-155000
055970,聯茂元大97購04  ,0,0,0,0,0,0,0,0,0,-155000,0,0,0,10000,165000,-155000,-155000
052763,晶技群益97購01  ,0,0,0,0,0,0,0,0,0,-155000,0,0,0,606000,761000,-155000,-155000
053537,玉晶光永豐98購02,0,0,0,0,0,0,0,0,0,-155000,0,0,0,42000,197000,-155000,-155000
056627,訊芯永豐98購01  ,0,0,0,0,0,0,0,0,0,-156000,0,0,0,0,156000,-156000,-156000
057541,台灣50康和9A購04,0,0,0,0,0,0,0,0,0,-156000,0,0,0,1000,157000,-156000,-156000
046645,技嘉國泰94購01  ,0,0,0,0,0,0,0,0,0,-156000,0,0,0,247000,403000,-156000,-156000
053239,崇越永豐96購01  ,0,0,0,0,0,0,0,0,0,-156000,0,0,0,20000,176000,-156000,-156000
054383,傳奇群益97購01  ,0,0,0,0,0,0,0,0,0,-156000,0,0,0,10000,166000,-156000,-156000
056310,神達元大97購02  ,0,0,0,0,0,0,0,0,0,-157000,0,0,0,207000,364000,-157000,-157000
052869,新日興凱基96購01,0,0,0,0,0,0,0,0,0,-157000,0,0,0,22000,179000,-157000,-157000
050253,百和國泰96購01  ,0,0,0,0,0,0,0,0,0,-157000,0,0,0,0,157000,-157000,-157000
052483,超眾群益95購03  ,0,0,0,0,0,0,0,0,0,-157000,0,0,0,21000,178000,-157000,-157000
052372,台泥元大95購02  ,0,0,0,0,0,0,0,0,0,-158000,0,0,0,10000,168000,-158000,-158000
053221,彩晶凱基98購01  ,0,0,0,0,0,0,0,0,0,-158000,0,0,0,0,158000,-158000,-158000
2545,皇翔            ,11000,169000,-158000,0,0,0,0,0,0,0,0,0,0,0,0,0,-158000
057809,英業達元大98購01,0,0,0,0,0,0,0,0,0,-159000,0,0,0,0,159000,-159000,-159000
052103,台積電兆豐95購06,0,0,0,0,0,0,0,0,0,-159000,0,0,0,5000,164000,-159000,-159000
00641R,富邦日本反1     ,0,0,0,0,0,0,0,0,0,-159000,0,0,0,104000,263000,-159000,-159000
053155,晶技元大97購02  ,0,0,0,0,0,0,0,0,0,-159000,0,0,0,133000,292000,-159000,-159000
053604,臺股指元大96購21,0,0,0,0,0,0,0,0,0,-159000,0,0,0,0,159000,-159000,-159000
053333,新唐永豐96購01  ,0,0,0,0,0,0,0,0,0,-159000,0,0,0,25000,184000,-159000,-159000
053686,台積電元大97購08,0,0,0,0,0,0,0,0,0,-159000,0,0,0,81000,240000,-159000,-159000
055398,超眾統一97購03  ,0,0,0,0,0,0,0,0,0,-159000,0,0,0,42000,201000,-159000,-159000
6120,達運            ,126000,284000,-158000,0,0,0,0,0,0,-1000,0,1000,-1000,0,0,0,-159000
056198,台光電永豐97購02,0,0,0,0,0,0,0,0,0,-160000,0,0,0,21000,181000,-160000,-160000
055706,大立光永豐97購03,0,0,0,0,0,0,0,0,0,-160000,0,0,0,0,160000,-160000,-160000
050508,上証2X元大97購01,0,0,0,0,0,0,0,0,0,-160000,0,0,0,0,160000,-160000,-160000
050742,新日興永豐94購01,0,0,0,0,0,0,0,0,0,-160000,0,0,0,140000,300000,-160000,-160000
057820,華擎元大98購02  ,0,0,0,0,0,0,0,0,0,-161000,0,0,0,0,161000,-161000,-161000
057534,旭富元大98購01  ,0,0,0,0,0,0,0,0,0,-161000,0,0,0,0,161000,-161000,-161000
057048,新日興元大98購01,0,0,0,0,0,0,0,0,0,-161000,0,0,0,215000,376000,-161000,-161000
03959P,義隆元富96售01  ,0,0,0,0,0,0,0,0,0,-161000,0,0,0,94000,255000,-161000,-161000
049585,旺宏元大95購02  ,0,0,0,0,0,0,0,0,0,-161000,0,0,0,122000,283000,-161000,-161000
055283,聯發科元大97購16,0,0,0,0,0,0,0,0,0,-161000,0,0,0,65000,226000,-161000,-161000
056864,新日興群益99購01,0,0,0,0,0,0,0,0,0,-162000,0,0,0,116000,278000,-162000,-162000
057297,新日興永豐98購01,0,0,0,0,0,0,0,0,0,-162000,0,0,0,5000,167000,-162000,-162000
048945,訊連永豐94購01  ,0,0,0,0,0,0,0,0,0,-162000,0,0,0,30000,192000,-162000,-162000
052867,晶技凱基96購01  ,0,0,0,0,0,0,0,0,0,-162000,0,0,0,228000,390000,-162000,-162000
052848,聯發科統一96購03,0,0,0,0,0,0,0,0,0,-162000,0,0,0,0,162000,-162000,-162000
049638,A50反1凱基94購01,0,0,0,0,0,0,0,0,0,-162000,0,0,0,0,162000,-162000,-162000
06859P,元金2X中信9C售01,0,0,0,0,0,0,0,0,0,-162000,0,0,0,0,162000,-162000,-162000
05849P,臺股指元大96售25,0,0,0,0,0,0,0,0,0,-163000,0,0,0,42000,205000,-163000,-163000
056193,聯發科富邦99購08,0,0,0,0,0,0,0,0,0,-163000,0,0,0,0,163000,-163000,-163000
056113,新日興兆豐98購01,0,0,0,0,0,0,0,0,0,-163000,0,0,0,39000,202000,-163000,-163000
048829,欣興凱基94購02  ,0,0,0,0,0,0,0,0,0,-163000,0,0,0,0,163000,-163000,-163000
048584,欣興富邦95購01  ,0,0,0,0,0,0,0,0,0,-163000,0,0,0,28000,191000,-163000,-163000
055534,晶技群益97購03  ,0,0,0,0,0,0,0,0,0,-163000,0,0,0,203000,366000,-163000,-163000
053561,玉晶光國泰98購01,0,0,0,0,0,0,0,0,0,-163000,0,0,0,251000,414000,-163000,-163000
00717,富邦美國特別股  ,0,0,0,0,0,0,0,0,0,-164000,0,0,0,476000,640000,-164000,-164000
04117P,聯發科元大93售21,0,0,0,0,0,0,0,0,0,-164000,0,0,0,0,164000,-164000,-164000
6443,元晶            ,25000,189000,-164000,0,0,0,0,0,0,0,0,0,0,0,0,0,-164000
3321,同泰            ,11000,49000,-38000,0,0,0,0,80000,-80000,-46000,0,46000,-46000,0,0,0,-164000
055738,玉山金元富97購01,0,0,0,0,0,0,0,0,0,-165000,0,0,0,115000,280000,-165000,-165000
057422,欣興凱基98購04  ,0,0,0,0,0,0,0,0,0,-165000,0,0,0,36000,201000,-165000,-165000
046940,瑞昱元大93購07  ,0,0,0,0,0,0,0,0,0,-165000,0,0,0,0,165000,-165000,-165000
051644,聯茂康和95購01  ,0,0,0,0,0,0,0,0,0,-165000,0,0,0,21000,186000,-165000,-165000
049420,日電貿凱基94購01,0,0,0,0,0,0,0,0,0,-165000,0,0,0,12000,177000,-165000,-165000
052956,聯發科日盛96購01,0,0,0,0,0,0,0,0,0,-165000,0,0,0,0,165000,-165000,-165000
051507,彩晶元富95購01  ,0,0,0,0,0,0,0,0,0,-165000,0,0,0,0,165000,-165000,-165000
054425,聯發科富邦99購03,0,0,0,0,0,0,0,0,0,-165000,0,0,0,414000,579000,-165000,-165000
054667,神基元富97購01  ,0,0,0,0,0,0,0,0,0,-165000,0,0,0,22000,187000,-165000,-165000
054702,智邦第一97購01  ,0,0,0,0,0,0,0,0,0,-165000,0,0,0,207000,372000,-165000,-165000
057357,超眾統一98購01  ,0,0,0,0,0,0,0,0,0,-166000,0,0,0,1000,167000,-166000,-166000
052622,貿聯兆豐97購01  ,0,0,0,0,0,0,0,0,0,-166000,0,0,0,35000,201000,-166000,-166000
055012,茂林元富97購01  ,0,0,0,0,0,0,0,0,0,-166000,0,0,0,530000,696000,-166000,-166000
053168,晶技群益98購01  ,0,0,0,0,0,0,0,0,0,-166000,0,0,0,137000,303000,-166000,-166000
1717,長興            ,107000,288000,-181000,0,0,0,16000,0,16000,-1000,0,1000,-1000,0,0,0,-166000
049146,南亞科元大94購02,0,0,0,0,0,0,0,0,0,-167000,0,0,0,1000,168000,-167000,-167000
06641P,智邦兆豐99售01  ,0,0,0,0,0,0,0,0,0,-167000,0,0,0,81000,248000,-167000,-167000
1319,東陽            ,34665,191000,-156335,0,0,0,0,0,0,-11000,0,11000,-11000,0,0,0,-167335
049528,台積電中信94購01,0,0,0,0,0,0,0,0,0,-168000,0,0,0,40000,208000,-168000,-168000
053930,S&P反1統一98購01,0,0,0,0,0,0,0,0,0,-168000,0,0,0,0,168000,-168000,-168000
053862,南亞科元大97購02,0,0,0,0,0,0,0,0,0,-168000,0,0,0,2000,170000,-168000,-168000
057501,超眾群益98購04  ,0,0,0,0,0,0,0,0,0,-169000,0,0,0,0,169000,-169000,-169000
057538,緯穎元大98購07  ,0,0,0,0,0,0,0,0,0,-169000,0,0,0,36000,205000,-169000,-169000
056156,禾伸堂凱基98購04,0,0,0,0,0,0,0,0,0,-169000,0,0,0,0,169000,-169000,-169000
05604P,聯發科元大96售10,0,0,0,0,0,0,0,0,0,-169000,0,0,0,326000,495000,-169000,-169000
045882,滬深2X元大95購01,0,0,0,0,0,0,0,0,0,-169000,0,0,0,30000,199000,-169000,-169000
046011,欣興元富95購01  ,0,0,0,0,0,0,0,0,0,-169000,0,0,0,0,169000,-169000,-169000
053710,華通凱基96購05  ,0,0,0,0,0,0,0,0,0,-169000,0,0,0,33000,202000,-169000,-169000
054128,台積電元大97購10,0,0,0,0,0,0,0,0,0,-169000,0,0,0,200000,369000,-169000,-169000
054378,楠梓電群益98購01,0,0,0,0,0,0,0,0,0,-169000,0,0,0,89000,258000,-169000,-169000
3038,全台            ,70000,241000,-171000,0,0,0,0,0,0,2000,2000,0,2000,0,0,0,-169000
055633,牧德永豐97購02  ,0,0,0,0,0,0,0,0,0,-170000,0,0,0,0,170000,-170000,-170000
049153,大立光元大96購02,0,0,0,0,0,0,0,0,0,-170000,0,0,0,234000,404000,-170000,-170000
046792,京元電元富96購01,0,0,0,0,0,0,0,0,0,-170000,0,0,0,10000,180000,-170000,-170000
051951,聯發科元富95購02,0,0,0,0,0,0,0,0,0,-170000,0,0,0,150000,320000,-170000,-170000
050676,道瓊銀統一96購02,0,0,0,0,0,0,0,0,0,-170000,0,0,0,0,170000,-170000,-170000
051050,鴻海群益95購03  ,0,0,0,0,0,0,0,0,0,-170000,0,0,0,10000,180000,-170000,-170000
050076,百和凱基94購02  ,0,0,0,0,0,0,0,0,0,-170000,0,0,0,0,170000,-170000,-170000
054155,美律第一96購01  ,0,0,0,0,0,0,0,0,0,-170000,0,0,0,0,170000,-170000,-170000
8110,華東            ,182000,354000,-172000,0,0,0,0,0,0,2000,14000,12000,2000,0,0,0,-170000
05631P,國巨富邦9A售01  ,0,0,0,0,0,0,0,0,0,-171000,0,0,0,0,171000,-171000,-171000
056502,A50正2永豐98購01,0,0,0,0,0,0,0,0,0,-171000,0,0,0,94000,265000,-171000,-171000
047735,華邦電台新94購01,0,0,0,0,0,0,0,0,0,-171000,0,0,0,0,171000,-171000,-171000
051953,矽力元富95購03  ,0,0,0,0,0,0,0,0,0,-171000,0,0,0,222000,393000,-171000,-171000
054255,亞光元大96購05  ,0,0,0,0,0,0,0,0,0,-171000,0,0,0,37000,208000,-171000,-171000
053444,奇力新凱基96購03,0,0,0,0,0,0,0,0,0,-171000,0,0,0,136000,307000,-171000,-171000
055077,臺股指永豐97購02,0,0,0,0,0,0,0,0,0,-171000,0,0,0,0,171000,-171000,-171000
2006,東和鋼鐵        ,158000,523000,-365000,0,0,0,5000,0,5000,189000,191000,2000,189000,0,0,0,-171000
2015,豐興            ,58000,228382,-170382,0,0,0,0,0,0,-1000,0,1000,-1000,0,0,0,-171382
056954,聯詠富邦9A購01  ,0,0,0,0,0,0,0,0,0,-172000,0,0,0,178000,350000,-172000,-172000
052444,友訊元大95購01  ,0,0,0,0,0,0,0,0,0,-172000,0,0,0,62000,234000,-172000,-172000
052655,群創統一97購01  ,0,0,0,0,0,0,0,0,0,-172000,0,0,0,0,172000,-172000,-172000
055124,建準兆豐97購01  ,0,0,0,0,0,0,0,0,0,-172000,0,0,0,0,172000,-172000,-172000
055357,欣興凱基97購04  ,0,0,0,0,0,0,0,0,0,-172000,0,0,0,0,172000,-172000,-172000
054079,鴻海中信98購02  ,0,0,0,0,0,0,0,0,0,-172000,0,0,0,105000,277000,-172000,-172000
2442,新美齊          ,81000,253000,-172000,0,0,0,1000,0,1000,-1000,0,1000,-1000,0,0,0,-172000
06181P,國巨中信97售02  ,0,0,0,0,0,0,0,0,0,-172000,0,0,0,124000,296000,-172000,-172000
05083P,麗豐永豐95售02  ,0,0,0,0,0,0,0,0,0,-173000,0,0,0,1000,174000,-173000,-173000
050202,建準群益95購01  ,0,0,0,0,0,0,0,0,0,-173000,0,0,0,8000,181000,-173000,-173000
053839,華通統一96購01  ,0,0,0,0,0,0,0,0,0,-173000,0,0,0,0,173000,-173000,-173000
052491,泰碩國票99購01  ,0,0,0,0,0,0,0,0,0,-173000,0,0,0,20000,193000,-173000,-173000
048937,玉晶光永豐95購01,0,0,0,0,0,0,0,0,0,-174000,0,0,0,422000,596000,-174000,-174000
050671,超眾永豐94購04  ,0,0,0,0,0,0,0,0,0,-174000,0,0,0,25000,199000,-174000,-174000
053071,南電群益96購01  ,0,0,0,0,0,0,0,0,0,-174000,0,0,0,222000,396000,-174000,-174000
07480P,FBVIX凱基94售01 ,0,0,0,0,0,0,0,0,0,-174000,0,0,0,0,174000,-174000,-174000
056525,T50反1凱基99購06,0,0,0,0,0,0,0,0,0,-175000,0,0,0,7000,182000,-175000,-175000
050342,華通元富94購02  ,0,0,0,0,0,0,0,0,0,-175000,0,0,0,4000,179000,-175000,-175000
053562,玉晶光國泰98購02,0,0,0,0,0,0,0,0,0,-175000,0,0,0,269000,444000,-175000,-175000
055285,華新科元大99購03,0,0,0,0,0,0,0,0,0,-175000,0,0,0,73000,248000,-175000,-175000
054389,為升元富96購02  ,0,0,0,0,0,0,0,0,0,-175000,0,0,0,25000,200000,-175000,-175000
1455,集盛            ,53000,226000,-173000,0,0,0,0,0,0,-2000,0,2000,-2000,0,0,0,-175000
055688,力成凱基98購02  ,0,0,0,0,0,0,0,0,0,-176000,0,0,0,47000,223000,-176000,-176000
057835,華擎元富9B購01  ,0,0,0,0,0,0,0,0,0,-176000,0,0,0,0,176000,-176000,-176000
057813,京元電元大98購03,0,0,0,0,0,0,0,0,0,-176000,0,0,0,0,176000,-176000,-176000
051911,大立光元大98購02,0,0,0,0,0,0,0,0,0,-176000,0,0,0,81000,257000,-176000,-176000
05040P,聯發科凱基95售05,0,0,0,0,0,0,0,0,0,-176000,0,0,0,18000,194000,-176000,-176000
053759,晶相光國泰98購01,0,0,0,0,0,0,0,0,0,-176000,0,0,0,8000,184000,-176000,-176000
057295,可成永豐98購02  ,0,0,0,0,0,0,0,0,0,-177000,0,0,0,65000,242000,-177000,-177000
056646,奇鋐凱基99購02  ,0,0,0,0,0,0,0,0,0,-177000,0,0,0,23000,200000,-177000,-177000
053801,台積電凱基96購18,0,0,0,0,0,0,0,0,0,-177000,0,0,0,164000,341000,-177000,-177000
055070,聯茂永豐97購01  ,0,0,0,0,0,0,0,0,0,-177000,0,0,0,0,177000,-177000,-177000
05975P,國巨日盛99售02  ,0,0,0,0,0,0,0,0,0,-178000,0,0,0,15000,193000,-178000,-178000
047997,南亞科元大93購03,0,0,0,0,0,0,0,0,0,-178000,0,0,0,0,178000,-178000,-178000
049234,可成統一94購02  ,0,0,0,0,0,0,0,0,0,-178000,0,0,0,143000,321000,-178000,-178000
049457,彩晶統一94購02  ,0,0,0,0,0,0,0,0,0,-178000,0,0,0,0,178000,-178000,-178000
049492,聯發科元大95購02,0,0,0,0,0,0,0,0,0,-178000,0,0,0,17000,195000,-178000,-178000
050753,百和統一94購01  ,0,0,0,0,0,0,0,0,0,-178000,0,0,0,40000,218000,-178000,-178000
055276,台積電元大97購20,0,0,0,0,0,0,0,0,0,-178000,0,0,0,632000,810000,-178000,-178000
9935,慶豐富          ,72000,255000,-183000,0,0,0,0,0,0,5000,5000,0,5000,0,0,0,-178000
056620,華新科永豐98購02,0,0,0,0,0,0,0,0,0,-179000,0,0,0,15000,194000,-179000,-179000
052352,力成元富95購01  ,0,0,0,0,0,0,0,0,0,-179000,0,0,0,30000,209000,-179000,-179000
051227,技嘉群益97購01  ,0,0,0,0,0,0,0,0,0,-179000,0,0,0,147000,326000,-179000,-179000
055768,臺股指群益97購06,0,0,0,0,0,0,0,0,0,-180000,0,0,0,20000,200000,-180000,-180000
057553,景碩凱基98購03  ,0,0,0,0,0,0,0,0,0,-180000,0,0,0,16000,196000,-180000,-180000
049148,全新元大95購01  ,0,0,0,0,0,0,0,0,0,-180000,0,0,0,40000,220000,-180000,-180000
047989,深中小元大96購02,0,0,0,0,0,0,0,0,0,-180000,0,0,0,0,180000,-180000,-180000
048143,聯發科統一94購03,0,0,0,0,0,0,0,0,0,-180000,0,0,0,0,180000,-180000,-180000
046882,智易富邦97購01  ,0,0,0,0,0,0,0,0,0,-180000,0,0,0,0,180000,-180000,-180000
047483,新光金凱基99購04,0,0,0,0,0,0,0,0,0,-180000,0,0,0,150000,330000,-180000,-180000
051863,技嘉凱基95購01  ,0,0,0,0,0,0,0,0,0,-180000,0,0,0,564000,744000,-180000,-180000
050493,聯發科永昌96購01,0,0,0,0,0,0,0,0,0,-180000,0,0,0,210000,390000,-180000,-180000
050964,晶技永豐95購02  ,0,0,0,0,0,0,0,0,0,-180000,0,0,0,60000,240000,-180000,-180000
05438P,康控永豐95售05  ,0,0,0,0,0,0,0,0,0,-180000,0,0,0,0,180000,-180000,-180000
06395P,台積電元大97售29,0,0,0,0,0,0,0,0,0,-180000,0,0,0,105000,285000,-180000,-180000
057555,玉晶光凱基9A購02,0,0,0,0,0,0,0,0,0,-181000,0,0,0,0,181000,-181000,-181000
050894,旺宏元大96購03  ,0,0,0,0,0,0,0,0,0,-181000,0,0,0,1000,182000,-181000,-181000
052647,晶技永豐97購01  ,0,0,0,0,0,0,0,0,0,-181000,0,0,0,32000,213000,-181000,-181000
06486P,麗豐元大98售02  ,0,0,0,0,0,0,0,0,0,-181000,0,0,0,11000,192000,-181000,-181000
06797P,臺股指凱基98售07,0,0,0,0,0,0,0,0,0,-181000,0,0,0,0,181000,-181000,-181000
042912,凌陽元大94購01  ,0,0,0,0,0,0,0,0,0,-182000,0,0,0,30000,212000,-182000,-182000
047910,全新麥證94購01  ,0,0,0,10000,192000,-182000,0,0,0,-182000,0,0,0,10000,192000,-182000,-182000
04993P,上銀兆豐96售01  ,0,0,0,0,0,0,0,0,0,-182000,0,0,0,56000,238000,-182000,-182000
055304,瑞昱第一98購01  ,0,0,0,0,0,0,0,0,0,-182000,0,0,0,25000,207000,-182000,-182000
055342,鴻海凱基97購04  ,0,0,0,0,0,0,0,0,0,-182000,0,0,0,12000,194000,-182000,-182000
055547,台積電凱基97購13,0,0,0,0,0,0,0,0,0,-182000,0,0,0,50000,232000,-182000,-182000
053383,京元電元大97購01,0,0,0,0,0,0,0,0,0,-182000,0,0,0,4000,186000,-182000,-182000
06794P,臺股指凱基98售04,0,0,0,0,0,0,0,0,0,-182000,0,0,0,0,182000,-182000,-182000
055879,神達元富97購01  ,0,0,0,0,0,0,0,0,0,-183000,0,0,0,53000,236000,-183000,-183000
055919,景碩凱基98購02  ,0,0,0,0,0,0,0,0,0,-183000,0,0,0,25000,208000,-183000,-183000
056196,聯茂富邦98購02  ,0,0,0,0,0,0,0,0,0,-183000,0,0,0,15000,198000,-183000,-183000
056120,聯茂群益97購02  ,0,0,0,0,0,0,0,0,0,-183000,0,0,0,32000,215000,-183000,-183000
053779,台光電元大96購02,0,0,0,0,0,0,0,0,0,-183000,0,0,0,10000,193000,-183000,-183000
053729,聯茂凱基96購05  ,0,0,0,0,0,0,0,0,0,-183000,0,0,0,0,183000,-183000,-183000
055555,全新凱基9A購01  ,0,0,0,0,0,0,0,0,0,-183000,0,0,0,10000,193000,-183000,-183000
1109,信大            ,84000,267500,-183500,0,0,0,0,0,0,0,0,0,0,0,0,0,-183500
056616,台光電永豐98購01,0,0,0,0,0,0,0,0,0,-184000,0,0,0,33000,217000,-184000,-184000
048427,百和元富95購01  ,0,0,0,0,0,0,0,0,0,-184000,0,0,0,235000,419000,-184000,-184000
054131,南亞科元大96購04,0,0,0,0,0,0,0,0,0,-184000,0,0,0,50000,234000,-184000,-184000
6166,凌華            ,103000,285000,-182000,0,0,0,0,0,0,-2000,0,1000,-1000,0,1000,-1000,-184000
056926,日月光兆豐98購01,0,0,0,0,0,0,0,0,0,-185000,0,0,0,34000,219000,-185000,-185000
04646P,TPK凱基94售03   ,0,0,0,0,0,0,0,0,0,-185000,0,0,0,60000,245000,-185000,-185000
051799,台積電永豐96購01,0,0,0,0,0,0,0,0,0,-185000,0,0,0,30000,215000,-185000,-185000
054558,劍麟群益99購01  ,0,0,0,0,0,0,0,0,0,-185000,0,0,0,6000,191000,-185000,-185000
06793P,臺股指凱基98售03,0,0,0,0,0,0,0,0,0,-185000,0,0,0,0,185000,-185000,-185000
06044P,同欣電永豐96售03,0,0,0,0,0,0,0,0,0,-185000,0,0,0,0,185000,-185000,-185000
06012P,世芯國票96售01  ,0,0,0,0,0,0,0,0,0,-186000,0,0,0,64000,250000,-186000,-186000
056569,T50正2元大9B購02,0,0,0,0,0,0,0,0,0,-186000,0,0,0,0,186000,-186000,-186000
048370,可成統一93購04  ,0,0,0,0,0,0,0,0,0,-186000,0,0,0,73000,259000,-186000,-186000
051359,中信金元大95購01,0,0,0,0,0,0,0,0,0,-186000,0,0,0,197000,383000,-186000,-186000
2228,劍麟            ,94000,173000,-79000,0,0,0,0,96000,-96000,-11000,0,9000,-9000,10000,12000,-2000,-186000
057708,臺股指群益98購08,0,0,0,0,0,0,0,0,0,-187000,0,0,0,0,187000,-187000,-187000
056848,泰鼎元富98購01  ,0,0,0,0,0,0,0,0,0,-187000,0,0,0,138000,325000,-187000,-187000
057080,華新科統一99購02,0,0,0,0,0,0,0,0,0,-187000,0,0,0,136000,323000,-187000,-187000
00728,第一金工業30    ,0,0,0,0,0,0,0,0,0,-187000,0,0,0,493000,680000,-187000,-187000
055414,奇力新富邦9B購01,0,0,0,0,0,0,0,0,0,-187000,0,0,0,16000,203000,-187000,-187000
06798P,臺股指凱基98售08,0,0,0,0,0,0,0,0,0,-187000,0,0,0,0,187000,-187000,-187000
04751P,智邦兆豐95售02  ,0,0,0,0,0,0,0,0,0,-188000,0,0,0,162000,350000,-188000,-188000
052386,鴻海群益96購02  ,0,0,0,0,0,0,0,0,0,-188000,0,0,0,55000,243000,-188000,-188000
053132,國巨國票97購02  ,0,0,0,0,0,0,0,0,0,-188000,0,0,0,80000,268000,-188000,-188000
055453,華邦電元富97購01,0,0,0,0,0,0,0,0,0,-188000,0,0,0,0,188000,-188000,-188000
053150,聯發科元大96購11,0,0,0,0,0,0,0,0,0,-188000,0,0,0,5000,193000,-188000,-188000
057811,南亞科元大98購08,0,0,0,0,0,0,0,0,0,-189000,0,0,0,55000,244000,-189000,-189000
056043,力成凱基97購01  ,0,0,0,0,0,0,0,0,0,-189000,0,0,0,27000,216000,-189000,-189000
049688,台光電元大94購04,0,0,0,0,0,0,0,0,0,-189000,0,0,0,10000,199000,-189000,-189000
055175,建準統一97購01  ,0,0,0,0,0,0,0,0,0,-189000,0,0,0,0,189000,-189000,-189000
054775,復盛國票98購01  ,0,0,0,0,0,0,0,0,0,-189000,0,0,0,16000,205000,-189000,-189000
06795P,臺股指凱基98售05,0,0,0,0,0,0,0,0,0,-189000,0,0,0,0,189000,-189000,-189000
5531,鄉林            ,34000,222000,-188000,0,0,0,0,0,0,-1000,0,1000,-1000,0,0,0,-189000
044439,南電元大93購01  ,0,0,0,0,0,0,0,0,0,-190000,0,0,0,47000,237000,-190000,-190000
050166,彩晶國泰95購01  ,0,0,0,0,0,0,0,0,0,-190000,0,0,0,0,190000,-190000,-190000
054514,道瓊銀元大98購01,0,0,0,0,0,0,0,0,0,-190000,0,0,0,164000,354000,-190000,-190000
056671,台灣50元富9A購01,0,0,0,0,0,0,0,0,0,-191000,0,0,0,311000,502000,-191000,-191000
048527,鴻海國票94購02  ,0,0,0,0,0,0,0,0,0,-191000,0,0,0,95000,286000,-191000,-191000
049906,光寶科元大94購03,0,0,0,0,0,0,0,0,0,-191000,0,0,0,0,191000,-191000,-191000
055448,健策統一97購02  ,0,0,0,0,0,0,0,0,0,-191000,0,0,0,19000,210000,-191000,-191000
056175,可成元富97購03  ,0,0,0,0,0,0,0,0,0,-192000,0,0,0,139000,331000,-192000,-192000
057613,瑞昱元富02購02  ,0,0,0,0,0,0,0,0,0,-192000,0,0,0,10000,202000,-192000,-192000
046680,上証反群益95購01,0,0,0,0,0,0,0,0,0,-192000,0,0,0,35000,227000,-192000,-192000
05170P,世芯元大95售01  ,0,0,0,0,0,0,0,0,0,-192000,0,0,0,416000,608000,-192000,-192000
049299,矽創群益94購01  ,0,0,0,0,0,0,0,0,0,-192000,0,0,0,11000,203000,-192000,-192000
054774,同欣電國票98購01,0,0,0,0,0,0,0,0,0,-192000,0,0,0,110000,302000,-192000,-192000
046848,和大元大93購01  ,0,0,0,0,0,0,0,0,0,-193000,0,0,0,0,193000,-193000,-193000
2464,盟立            ,32000,241000,-209000,0,0,0,0,0,0,16000,17000,1000,16000,0,0,0,-193000
06073P,健策永豐97售01  ,0,0,0,0,0,0,0,0,0,-193000,0,0,0,58000,251000,-193000,-193000
056672,元油2X元富98購10,0,0,0,0,0,0,0,0,0,-194000,0,0,0,5000,199000,-194000,-194000
047783,聯茂國泰94購02  ,0,0,0,0,0,0,0,0,0,-194000,0,0,0,46000,240000,-194000,-194000
05238P,禾伸堂永豐95售01,0,0,0,0,0,0,0,0,0,-194000,0,0,0,6000,200000,-194000,-194000
051311,瑞昱麥證95購01  ,0,0,0,44000,246000,-202000,0,0,0,-194000,0,0,0,52000,246000,-194000,-194000
056222,台積電凱基9A購01,0,0,0,0,0,0,0,0,0,-195000,0,0,0,267000,462000,-195000,-195000
057043,台積電元大99購02,0,0,0,0,0,0,0,0,0,-195000,0,0,0,700000,895000,-195000,-195000
047418,智邦富邦97購01  ,0,0,0,0,0,0,0,0,0,-195000,0,0,0,68000,263000,-195000,-195000
03828P,致茂中信95售01  ,0,0,0,0,0,0,0,0,0,-195000,0,0,0,0,195000,-195000,-195000
051215,大立光統一95購03,0,0,0,0,0,0,0,0,0,-195000,0,0,0,4000,199000,-195000,-195000
055107,旺宏凱基98購04  ,0,0,0,0,0,0,0,0,0,-195000,0,0,0,5000,200000,-195000,-195000
053051,楠梓電國票97購01,0,0,0,0,0,0,0,0,0,-195000,0,0,0,113000,308000,-195000,-195000
06217P,鴻海元富97售05  ,0,0,0,0,0,0,0,0,0,-195000,0,0,0,55000,250000,-195000,-195000
056157,聯詠凱基97購03  ,0,0,0,0,0,0,0,0,0,-196000,0,0,0,10000,206000,-196000,-196000
047869,景碩永豐93購01  ,0,0,0,0,0,0,0,0,0,-196000,0,0,0,105000,301000,-196000,-196000
052674,智邦國泰98購01  ,0,0,0,0,0,0,0,0,0,-196000,0,0,0,63000,259000,-196000,-196000
1519,華城            ,121000,317000,-196000,0,0,0,0,0,0,0,0,0,0,0,0,0,-196000
050496,鴻海富邦96購01  ,0,0,0,0,0,0,0,0,0,-197000,0,0,0,398000,595000,-197000,-197000
052917,大立光富邦99購02,0,0,0,0,0,0,0,0,0,-197000,0,0,0,279000,476000,-197000,-197000
054629,華新科凱基98購01,0,0,0,0,0,0,0,0,0,-197000,0,0,0,391000,588000,-197000,-197000
054315,訊芯凱基98購01  ,0,0,0,0,0,0,0,0,0,-197000,0,0,0,10000,207000,-197000,-197000
2458,義隆            ,292000,541000,-249000,0,0,0,1000,0,1000,51000,83000,16000,67000,8000,24000,-16000,-197000
057061,華擎國泰9A購01  ,0,0,0,0,0,0,0,0,0,-198000,0,0,0,73000,271000,-198000,-198000
052170,台積電元大95購20,0,0,0,0,0,0,0,0,0,-198000,0,0,0,107000,305000,-198000,-198000
050306,聯發科中信97購01,0,0,0,0,0,0,0,0,0,-198000,0,0,0,0,198000,-198000,-198000
053263,華邦電群益96購03,0,0,0,0,0,0,0,0,0,-198000,0,0,0,8000,206000,-198000,-198000
053559,台積電國泰98購01,0,0,0,0,0,0,0,0,0,-198000,0,0,0,101000,299000,-198000,-198000
2404,漢唐            ,25000,216000,-191000,0,0,0,0,0,0,-7000,0,6000,-6000,37000,38000,-1000,-198000
05211P,國巨國票96售05  ,0,0,0,0,0,0,0,0,0,-199000,0,0,0,0,199000,-199000,-199000
048768,景碩凱基94購02  ,0,0,0,0,0,0,0,0,0,-199000,0,0,0,48000,247000,-199000,-199000
042942,永冠國票94購01  ,0,0,0,0,0,0,0,0,0,-199000,0,0,0,0,199000,-199000,-199000
052617,景碩國泰98購01  ,0,0,0,0,0,0,0,0,0,-199000,0,0,0,68000,267000,-199000,-199000
053255,貿聯國泰97購01  ,0,0,0,0,0,0,0,0,0,-199000,0,0,0,130000,329000,-199000,-199000
3605,宏致            ,49000,242000,-193000,0,0,0,0,0,0,-6000,0,6000,-6000,0,0,0,-199000
057156,元油2X富邦9C購01,0,0,0,0,0,0,0,0,0,-200000,0,0,0,10000,210000,-200000,-200000
057756,瑞昱日盛99購01  ,0,0,0,0,0,0,0,0,0,-200000,0,0,0,0,200000,-200000,-200000
057792,群創統一99購01  ,0,0,0,0,0,0,0,0,0,-200000,0,0,0,0,200000,-200000,-200000
044003,聯發科兆豐93購01,0,0,0,0,0,0,0,0,0,-200000,0,0,0,55000,255000,-200000,-200000
045829,滬深2X群益95購02,0,0,0,0,0,0,0,0,0,-200000,0,0,0,0,200000,-200000,-200000
04177P,富邦金元大94售01,0,0,0,0,0,0,0,0,0,-200000,0,0,0,10000,210000,-200000,-200000
048391,友訊國票94購01  ,0,0,0,0,0,0,0,0,0,-200000,0,0,0,95000,295000,-200000,-200000
052381,臺股指元大95購22,0,0,0,0,0,0,0,0,0,-200000,0,0,0,0,200000,-200000,-200000
04723P,美律凱基94售06  ,0,0,0,0,0,0,0,0,0,-200000,0,0,0,0,200000,-200000,-200000
052594,友訊群益98購01  ,0,0,0,0,0,0,0,0,0,-200000,0,0,0,214000,414000,-200000,-200000
052771,GIS群益96購01   ,0,0,0,0,0,0,0,0,0,-200000,0,0,0,0,200000,-200000,-200000
05273P,國巨群益95售02  ,0,0,0,0,0,0,0,0,0,-200000,0,0,0,0,200000,-200000,-200000
052785,滬深2X中信99購03,0,0,0,0,0,0,0,0,0,-200000,0,0,0,15000,215000,-200000,-200000
050432,聯發科凱基94購19,0,0,0,0,0,0,0,0,0,-200000,0,0,0,10000,210000,-200000,-200000
051168,訊連元大95購02  ,0,0,0,0,0,0,0,0,0,-200000,0,0,0,387000,587000,-200000,-200000
053976,亞光元大96購02  ,0,0,0,0,0,0,0,0,0,-200000,0,0,0,58000,258000,-200000,-200000
054306,聯發科凱基96購23,0,0,0,0,0,0,0,0,0,-200000,0,0,0,0,200000,-200000,-200000
053947,義隆富邦97購01  ,0,0,0,0,0,0,0,0,0,-200000,0,0,0,0,200000,-200000,-200000
05474P,智邦亞東95售01  ,0,0,0,0,0,0,0,0,0,-200000,0,0,0,0,200000,-200000,-200000
055021,亞德客國泰98購01,0,0,0,0,0,0,0,0,0,-200000,0,0,0,53000,253000,-200000,-200000
055211,A50反1凱基9A購01,0,0,0,0,0,0,0,0,0,-200000,0,0,0,118000,318000,-200000,-200000
055268,和大元大97購01  ,0,0,0,0,0,0,0,0,0,-200000,0,0,0,10000,210000,-200000,-200000
055561,奇鋐凱基97購01  ,0,0,0,0,0,0,0,0,0,-200000,0,0,0,0,200000,-200000,-200000
6251,定穎            ,671000,417000,254000,0,0,0,188000,0,188000,-642000,5000,647000,-642000,0,0,0,-200000
2331,精英            ,56000,261000,-205000,0,0,0,0,0,0,5000,9000,4000,5000,0,0,0,-200000
06077P,GIS凱基97售02   ,0,0,0,0,0,0,0,0,0,-200000,0,0,0,0,200000,-200000,-200000
057066,緯穎富邦99購01  ,0,0,0,0,0,0,0,0,0,-201000,0,0,0,112000,313000,-201000,-201000
04568P,瑞昱兆豐94售02  ,0,0,0,0,0,0,0,0,0,-201000,0,0,0,0,201000,-201000,-201000
047485,景碩凱基94購01  ,0,0,0,0,0,0,0,0,0,-201000,0,0,0,13000,214000,-201000,-201000
050544,聯發科凱基95購02,0,0,0,0,0,0,0,0,0,-201000,0,0,0,0,201000,-201000,-201000
055300,緯穎元大98購01  ,0,0,0,0,0,0,0,0,0,-201000,0,0,0,64000,265000,-201000,-201000
054649,聯茂群益97購01  ,0,0,0,0,0,0,0,0,0,-201000,0,0,0,20000,221000,-201000,-201000
053288,臺股指元大96購16,0,0,0,0,0,0,0,0,0,-201000,0,0,0,0,201000,-201000,-201000
2548,華固            ,229000,538000,-309000,0,0,0,5000,0,5000,103000,108000,0,108000,11000,16000,-5000,-201000
5203,訊連            ,149000,477000,-328000,0,0,0,62000,0,62000,65000,0,11000,-11000,76000,0,76000,-201000
06230P,亞德客永豐97售03,0,0,0,0,0,0,0,0,0,-202000,0,0,0,0,202000,-202000,-202000
056240,嘉晶群益97購02  ,0,0,0,0,0,0,0,0,0,-203000,0,0,0,142000,345000,-203000,-203000
056286,奇鋐永豐97購01  ,0,0,0,0,0,0,0,0,0,-203000,0,0,0,0,203000,-203000,-203000
00678,群益NBI生技     ,0,0,0,0,0,0,0,0,0,-203000,0,0,0,416000,619000,-203000,-203000
050998,訊連元大95購01  ,0,0,0,0,0,0,0,0,0,-203000,0,0,0,17000,220000,-203000,-203000
049290,元油2X群益94購02,0,0,0,0,0,0,0,0,0,-203000,0,0,0,0,203000,-203000,-203000
2399,映泰            ,17000,219000,-202000,0,0,0,0,0,0,-1000,0,1000,-1000,0,0,0,-203000
056947,國巨統一9A購01  ,0,0,0,0,0,0,0,0,0,-204000,0,0,0,0,204000,-204000,-204000
057315,台灣50康和9A購03,0,0,0,0,0,0,0,0,0,-204000,0,0,0,0,204000,-204000,-204000
052925,日電貿永豐96購01,0,0,0,0,0,0,0,0,0,-204000,0,0,0,47000,251000,-204000,-204000
6226,光鼎            ,19000,223000,-204000,0,0,0,0,0,0,0,0,0,0,0,0,0,-204000
057711,台積電統一9A購03,0,0,0,0,0,0,0,0,0,-205000,0,0,0,0,205000,-205000,-205000
051258,鈺齊國泰97購01  ,0,0,0,0,0,0,0,0,0,-205000,0,0,0,30000,235000,-205000,-205000
053799,矽創中信9A購01  ,0,0,0,0,0,0,0,0,0,-205000,0,0,0,0,205000,-205000,-205000
056859,台積電群益98購02,0,0,0,0,0,0,0,0,0,-206000,0,0,0,454000,660000,-206000,-206000
056263,友訊統一99購01  ,0,0,0,0,0,0,0,0,0,-206000,0,0,0,0,206000,-206000,-206000
055663,崇越中信97購01  ,0,0,0,0,0,0,0,0,0,-206000,0,0,0,9000,215000,-206000,-206000
051670,欣興元大95購06  ,0,0,0,0,0,0,0,0,0,-206000,0,0,0,24000,230000,-206000,-206000
06072P,牧德永豐97售01  ,0,0,0,0,0,0,0,0,0,-206000,0,0,0,100000,306000,-206000,-206000
056632,鴻海永昌98購01  ,0,0,0,0,0,0,0,0,0,-207000,0,0,0,45000,252000,-207000,-207000
056601,鈺齊元富98購01  ,0,0,0,0,0,0,0,0,0,-207000,0,0,0,0,207000,-207000,-207000
2537,聯上發          ,28000,234000,-206000,0,0,0,0,0,0,-1000,0,1000,-1000,0,0,0,-207000
04831P,聯詠富邦96售01  ,0,0,0,0,0,0,0,0,0,-208000,0,0,0,0,208000,-208000,-208000
053106,鴻海兆豐98購01  ,0,0,0,0,0,0,0,0,0,-208000,0,0,0,27000,235000,-208000,-208000
051435,聯茂元富95購01  ,0,0,0,0,0,0,0,0,0,-208000,0,0,0,187000,395000,-208000,-208000
054905,國揚康和97購01  ,0,0,0,0,0,0,0,0,0,-208000,0,0,0,2000,210000,-208000,-208000
2820,華票            ,74000,282000,-208000,0,0,0,0,0,0,0,0,0,0,0,0,0,-208000
1536,和大            ,496000,192000,304000,0,0,0,0,392000,-392000,-120000,8000,100000,-92000,6000,34000,-28000,-208000
056334,台積電凱基98購06,0,0,0,0,0,0,0,0,0,-209000,0,0,0,1000,210000,-209000,-209000
049670,鈺齊國泰96購01  ,0,0,0,0,0,0,0,0,0,-209000,0,0,0,10000,219000,-209000,-209000
056584,鴻海統一9B購01  ,0,0,0,0,0,0,0,0,0,-210000,0,0,0,11000,221000,-210000,-210000
05680P,聯發科元大96售12,0,0,0,0,0,0,0,0,0,-210000,0,0,0,4000,214000,-210000,-210000
057728,瑞昱國泰99購01  ,0,0,0,0,0,0,0,0,0,-210000,0,0,0,62000,272000,-210000,-210000
048778,聯茂凱基94購04  ,0,0,0,0,0,0,0,0,0,-210000,0,0,0,0,210000,-210000,-210000
048215,A50正2凱基95購01,0,0,0,0,0,0,0,0,0,-210000,0,0,0,0,210000,-210000,-210000
049721,晶技凱基94購02  ,0,0,0,0,0,0,0,0,0,-210000,0,0,0,351000,561000,-210000,-210000
049588,聯發科元大94購06,0,0,0,0,0,0,0,0,0,-210000,0,0,0,1000,211000,-210000,-210000
050764,鴻海元大94購27  ,0,0,0,0,0,0,0,0,0,-210000,0,0,0,97000,307000,-210000,-210000
051184,聯發科永豐95購03,0,0,0,0,0,0,0,0,0,-210000,0,0,0,0,210000,-210000,-210000
052809,訊芯元大97購01  ,0,0,0,0,0,0,0,0,0,-210000,0,0,0,0,210000,-210000,-210000
054698,同欣電永豐97購01,0,0,0,0,0,0,0,0,0,-210000,0,0,0,10000,220000,-210000,-210000
055255,欣興統一97購02  ,0,0,0,0,0,0,0,0,0,-210000,0,0,0,128000,338000,-210000,-210000
053812,台積電群益96購09,0,0,0,0,0,0,0,0,0,-210000,0,0,0,5000,215000,-210000,-210000
06237P,台積電元大97售26,0,0,0,0,0,0,0,0,0,-210000,0,0,0,135000,345000,-210000,-210000
056788,日月光群益98購01,0,0,0,0,0,0,0,0,0,-211000,0,0,0,0,211000,-211000,-211000
044402,景碩凱基93購01  ,0,0,0,0,0,0,0,0,0,-211000,0,0,0,197000,408000,-211000,-211000
053670,台積電統一96購09,0,0,0,0,0,0,0,0,0,-211000,0,0,0,50000,261000,-211000,-211000
055415,禾伸堂富邦9B購01,0,0,0,0,0,0,0,0,0,-211000,0,0,0,9000,220000,-211000,-211000
054821,貿聯元大9A購01  ,0,0,0,0,0,0,0,0,0,-211000,0,0,0,20000,231000,-211000,-211000
06738P,瑞昱兆豐98售02  ,0,0,0,0,0,0,0,0,0,-211000,0,0,0,141000,352000,-211000,-211000
056221,鴻海凱基99購01  ,0,0,0,0,0,0,0,0,0,-212000,0,0,0,197000,409000,-212000,-212000
057842,緯穎富邦99購02  ,0,0,0,0,0,0,0,0,0,-212000,0,0,0,7000,219000,-212000,-212000
057249,華邦電統一9A購01,0,0,0,0,0,0,0,0,0,-212000,0,0,0,60000,272000,-212000,-212000
06367P,台積電凱基97售14,0,0,0,0,0,0,0,0,0,-212000,0,0,0,547000,759000,-212000,-212000
047753,景碩元富93購01  ,0,0,0,0,0,0,0,0,0,-213000,0,0,0,166000,379000,-213000,-213000
047298,聯茂元富96購01  ,0,0,0,0,0,0,0,0,0,-213000,0,0,0,23000,236000,-213000,-213000
050431,聯發科凱基94購18,0,0,0,0,0,0,0,0,0,-213000,0,0,0,0,213000,-213000,-213000
049583,台積電元大95購04,0,0,0,0,0,0,0,0,0,-213000,0,0,0,391000,604000,-213000,-213000
05186P,鈺齊中信95售02  ,0,0,0,0,0,0,0,0,0,-213000,0,0,0,121000,334000,-213000,-213000
06833P,矽力群益99售01  ,0,0,0,0,0,0,0,0,0,-213000,0,0,0,0,213000,-213000,-213000
055601,茂林元大97購03  ,0,0,0,0,0,0,0,0,0,-214000,0,0,0,4000,218000,-214000,-214000
050990,T50反1元大95購01,0,0,0,0,0,0,0,0,0,-214000,0,0,0,0,214000,-214000,-214000
2889,國票金          ,360000,566000,-206000,0,0,0,0,0,0,-8000,0,8000,-8000,0,0,0,-214000
046771,聯發科國泰94購02,0,0,0,0,0,0,0,0,0,-215000,0,0,0,0,215000,-215000,-215000
049837,臺股指凱基96購02,0,0,0,0,0,0,0,0,0,-215000,0,0,0,15000,230000,-215000,-215000
051297,台積電凱基95購07,0,0,0,0,0,0,0,0,0,-215000,0,0,0,10000,225000,-215000,-215000
052793,健鼎兆豐96購01  ,0,0,0,0,0,0,0,0,0,-216000,0,0,0,0,216000,-216000,-216000
054630,聯鈞凱基98購01  ,0,0,0,0,0,0,0,0,0,-216000,0,0,0,59000,275000,-216000,-216000
054583,玉晶光統一97購02,0,0,0,0,0,0,0,0,0,-216000,0,0,0,2000,218000,-216000,-216000
2538,基泰            ,5000,220000,-215000,0,0,0,0,0,0,-1000,0,1000,-1000,0,0,0,-216000
051598,瑞昱兆豐95購01  ,0,0,0,0,0,0,0,0,0,-217000,0,0,0,0,217000,-217000,-217000
2897,王道銀行        ,35000,260000,-225000,0,0,0,11000,0,11000,-3000,0,3000,-3000,0,0,0,-217000
8105,凌巨            ,114000,331000,-217000,0,0,0,0,0,0,0,0,0,0,0,0,0,-217000
047542,華通凱基94購02  ,0,0,0,0,0,0,0,0,0,-218000,0,0,0,2000,220000,-218000,-218000
051980,樺漢凱基96購01  ,0,0,0,0,0,0,0,0,0,-218000,0,0,0,1000,219000,-218000,-218000
050602,訊芯國泰96購01  ,0,0,0,0,0,0,0,0,0,-218000,0,0,0,2000,220000,-218000,-218000
044516,景碩凱基93購02  ,0,0,0,0,0,0,0,0,0,-219000,0,0,0,261000,480000,-219000,-219000
047376,南電國票94購01  ,0,0,0,0,0,0,0,0,0,-219000,0,0,0,304000,523000,-219000,-219000
2841,台開            ,119000,335000,-216000,0,0,0,0,0,0,-3000,0,3000,-3000,0,0,0,-219000
2505,國揚            ,107000,357000,-250000,0,0,0,0,0,0,31000,3000,1000,2000,44000,15000,29000,-219000
06361P,聯發科群益97售06,0,0,0,0,0,0,0,0,0,-219000,0,0,0,86000,305000,-219000,-219000
055981,臺股指統一97購03,0,0,0,0,0,0,0,0,0,-220000,0,0,0,0,220000,-220000,-220000
046797,T50反1元大96購01,0,0,0,0,0,0,0,0,0,-220000,0,0,0,100000,320000,-220000,-220000
053581,台積電元大96購14,0,0,0,0,0,0,0,0,0,-220000,0,0,0,116000,336000,-220000,-220000
06307P,聚陽元富97售02  ,0,0,0,0,0,0,0,0,0,-220000,0,0,0,0,220000,-220000,-220000
06378P,國巨統一97售08  ,0,0,0,0,0,0,0,0,0,-220000,0,0,0,9000,229000,-220000,-220000
2905,三商            ,148000,367000,-219000,0,0,0,0,0,0,-1000,0,1000,-1000,0,0,0,-220000
048284,臺股指中信95購04,0,0,0,0,0,0,0,0,0,-221000,0,0,0,0,221000,-221000,-221000
052707,景碩台新96購01  ,0,0,0,0,0,0,0,0,0,-221000,0,0,0,151000,372000,-221000,-221000
4927,泰鼎-KY         ,962000,1186000,-224000,0,0,0,0,100000,-100000,103000,23000,100000,-77000,210000,30000,180000,-221000
047929,景碩凱基93購03  ,0,0,0,0,0,0,0,0,0,-222000,0,0,0,25000,247000,-222000,-222000
05199P,訊芯永豐95售02  ,0,0,0,0,0,0,0,0,0,-222000,0,0,0,10000,232000,-222000,-222000
051749,矽力國泰97購01  ,0,0,0,0,0,0,0,0,0,-222000,0,0,0,89000,311000,-222000,-222000
054371,台積電中信9C購01,0,0,0,0,0,0,0,0,0,-222000,0,0,0,15000,237000,-222000,-222000
049994,聯茂台新94購02  ,0,0,0,0,0,0,0,0,0,-223000,0,0,0,20000,243000,-223000,-223000
05381P,聯詠群益95售02  ,0,0,0,0,0,0,0,0,0,-223000,0,0,0,1000,224000,-223000,-223000
2441,超豐            ,265000,487000,-222000,0,0,0,3000,0,3000,-4000,7000,11000,-4000,0,0,0,-223000
06594P,立積元大98售01  ,0,0,0,0,0,0,0,0,0,-224000,0,0,0,112000,336000,-224000,-224000
4137,麗豐-KY         ,75000,288000,-213000,0,0,0,0,0,0,-11000,0,1000,-1000,0,10000,-10000,-224000
047999,聯發科元大93購22,0,0,0,0,0,0,0,0,0,-225000,0,0,0,0,225000,-225000,-225000
044764,聯茂凱基93購03  ,0,0,0,0,0,0,0,0,0,-225000,0,0,0,0,225000,-225000,-225000
050391,大立光統一94購07,0,0,0,0,0,0,0,0,0,-225000,0,0,0,10000,235000,-225000,-225000
051226,英業達群益95購01,0,0,0,0,0,0,0,0,0,-225000,0,0,0,89000,314000,-225000,-225000
053766,友達富邦97購01  ,0,0,0,0,0,0,0,0,0,-225000,0,0,0,2000,227000,-225000,-225000
06579P,臺股指麥證98售03,0,0,0,0,225000,-225000,0,0,0,-225000,0,0,0,0,225000,-225000,-225000
049614,聯茂中信94購01  ,0,0,0,0,0,0,0,0,0,-226000,0,0,0,0,226000,-226000,-226000
055604,訊芯元大98購02  ,0,0,0,0,0,0,0,0,0,-227000,0,0,0,68000,295000,-227000,-227000
05855P,滬深2X中信9C售01,0,0,0,0,0,0,0,0,0,-227000,0,0,0,0,227000,-227000,-227000
050223,聯茂元富94購02  ,0,0,0,0,0,0,0,0,0,-227000,0,0,0,0,227000,-227000,-227000
051391,聯發科兆豐95購02,0,0,0,0,0,0,0,0,0,-227000,0,0,0,20000,247000,-227000,-227000
055474,欣興凱基97購05  ,0,0,0,0,0,0,0,0,0,-227000,0,0,0,194000,421000,-227000,-227000
057259,台積電兆豐98購03,0,0,0,0,0,0,0,0,0,-229000,0,0,0,243000,472000,-229000,-229000
056074,茂林元大97購04  ,0,0,0,0,0,0,0,0,0,-229000,0,0,0,36000,265000,-229000,-229000
00675L,富邦臺灣加權正2 ,30000,4000,26000,0,0,0,0,0,0,-255000,0,0,0,21000,276000,-255000,-229000
05204P,TPK元大95售03   ,0,0,0,0,0,0,0,0,0,-229000,0,0,0,415000,644000,-229000,-229000
050035,聯茂元大94購07  ,0,0,0,0,0,0,0,0,0,-229000,0,0,0,111000,340000,-229000,-229000
053404,致新群益96購01  ,0,0,0,0,0,0,0,0,0,-229000,0,0,0,33000,262000,-229000,-229000
052912,日月光統一96購01,0,0,0,0,0,0,0,0,0,-229000,0,0,0,56000,285000,-229000,-229000
06574P,大立光永昌99售01,0,0,0,0,0,0,0,0,0,-229000,0,0,0,14000,243000,-229000,-229000
2405,浩鑫            ,6000,234000,-228000,0,0,0,0,0,0,-1000,0,1000,-1000,0,0,0,-229000
056099,上銀永豐97購02  ,0,0,0,0,0,0,0,0,0,-230000,0,0,0,20000,250000,-230000,-230000
055681,奇鋐凱基98購03  ,0,0,0,0,0,0,0,0,0,-230000,0,0,0,0,230000,-230000,-230000
055791,臺股指凱基97購14,0,0,0,0,0,0,0,0,0,-230000,0,0,0,10000,240000,-230000,-230000
050526,貿聯元大95購01  ,0,0,0,0,0,0,0,0,0,-230000,0,0,0,0,230000,-230000,-230000
050437,聯詠凱基94購04  ,0,0,0,0,0,0,0,0,0,-230000,0,0,0,40000,270000,-230000,-230000
053696,日月光元大96購05,0,0,0,0,0,0,0,0,0,-230000,0,0,0,20000,250000,-230000,-230000
055225,華邦電國票99購01,0,0,0,0,0,0,0,0,0,-230000,0,0,0,0,230000,-230000,-230000
057261,瑞昱兆豐98購01  ,0,0,0,0,0,0,0,0,0,-231000,0,0,0,11000,242000,-231000,-231000
05893P,國巨兆豐96售04  ,0,0,0,0,0,0,0,0,0,-232000,0,0,0,0,232000,-232000,-232000
05759P,智邦永豐96售02  ,0,0,0,0,0,0,0,0,0,-232000,0,0,0,168000,400000,-232000,-232000
042953,鴻海台新01購01  ,0,0,0,0,0,0,0,0,0,-232000,0,0,0,5000,237000,-232000,-232000
051225,台積電群益95購02,0,0,0,0,0,0,0,0,0,-232000,0,0,0,454000,686000,-232000,-232000
050805,光寶科日盛95購01,0,0,0,0,0,0,0,0,0,-232000,0,0,0,0,232000,-232000,-232000
056087,世芯統一97購01  ,0,0,0,0,0,0,0,0,0,-233000,0,0,0,2000,235000,-233000,-233000
054102,百和國票97購04  ,0,0,0,0,0,0,0,0,0,-233000,0,0,0,6000,239000,-233000,-233000
2328,廣宇            ,135000,163000,-28000,0,0,0,0,200000,-200000,-5000,0,4000,-4000,0,1000,-1000,-233000
4142,國光生          ,992000,1241426,-249426,0,0,0,0,0,0,16000,0,2000,-2000,18000,0,18000,-233426
052367,聯茂國票96購02  ,0,0,0,0,0,0,0,0,0,-234000,0,0,0,10000,244000,-234000,-234000
5521,工信            ,81000,313000,-232000,0,0,0,0,0,0,-2000,0,2000,-2000,0,0,0,-234000
03751P,旺宏富邦95售01  ,0,0,0,0,0,0,0,0,0,-235000,0,0,0,0,235000,-235000,-235000
053243,楠梓電國票97購02,0,0,0,0,0,0,0,0,0,-235000,0,0,0,64000,299000,-235000,-235000
056922,全新兆豐99購01  ,0,0,0,0,0,0,0,0,0,-236000,0,0,0,0,236000,-236000,-236000
052099,臺股指富邦95購02,0,0,0,0,0,0,0,0,0,-236000,0,0,0,10000,246000,-236000,-236000
051164,鴻海元大95購05  ,0,0,0,0,0,0,0,0,0,-236000,0,0,0,13000,249000,-236000,-236000
2617,台航            ,6000,241000,-235000,0,0,0,0,0,0,-1000,0,1000,-1000,0,0,0,-236000
052815,滬深2X永豐97購01,0,0,0,0,0,0,0,0,0,-237000,0,0,0,488000,725000,-237000,-237000
1802,台玻            ,241000,475000,-234000,0,0,0,0,0,0,-3000,0,3000,-3000,0,0,0,-237000
05729P,臺股指凱基97售02,0,0,0,0,0,0,0,0,0,-238000,0,0,0,106000,344000,-238000,-238000
057596,聯茂兆豐99購01  ,0,0,0,0,0,0,0,0,0,-239000,0,0,0,254000,493000,-239000,-239000
052121,全新國票96購03  ,0,0,0,0,0,0,0,0,0,-239000,0,0,0,10000,249000,-239000,-239000
052231,景碩凱基96購01  ,0,0,0,0,0,0,0,0,0,-239000,0,0,0,53000,292000,-239000,-239000
050443,復盛凱基94購02  ,0,0,0,0,0,0,0,0,0,-239000,0,0,0,12000,251000,-239000,-239000
051928,大立光中信96購03,0,0,0,0,0,0,0,0,0,-239000,0,0,0,11000,250000,-239000,-239000
053866,景碩元大97購02  ,0,0,0,0,0,0,0,0,0,-239000,0,0,0,245000,484000,-239000,-239000
055462,華邦電日盛97購01,0,0,0,0,0,0,0,0,0,-239000,0,0,0,210000,449000,-239000,-239000
06421P,嘉澤統一97售02  ,0,0,0,0,0,0,0,0,0,-239000,0,0,0,36000,275000,-239000,-239000
055858,聯茂元大97購03  ,0,0,0,0,0,0,0,0,0,-240000,0,0,0,295000,535000,-240000,-240000
049283,滬深2X中信95購10,0,0,0,0,0,0,0,0,0,-240000,0,0,0,0,240000,-240000,-240000
053124,聯發科凱基96購12,0,0,0,0,0,0,0,0,0,-240000,0,0,0,0,240000,-240000,-240000
050558,台積電統一94購14,0,0,0,0,0,0,0,0,0,-240000,0,0,0,18000,258000,-240000,-240000
055249,大毅統一99購01  ,0,0,0,0,0,0,0,0,0,-240000,0,0,0,74000,314000,-240000,-240000
054923,晶技凱基98購01  ,0,0,0,0,0,0,0,0,0,-240000,0,0,0,50000,290000,-240000,-240000
053191,奇鋐統一96購01  ,0,0,0,0,0,0,0,0,0,-240000,0,0,0,0,240000,-240000,-240000
06310P,精元元富97售02  ,0,0,0,0,0,0,0,0,0,-240000,0,0,0,18000,258000,-240000,-240000
051730,為升國票96購02  ,0,0,0,0,0,0,0,0,0,-241000,0,0,0,0,241000,-241000,-241000
2107,厚生            ,4000,244000,-240000,0,0,0,0,0,0,-1000,0,1000,-1000,0,0,0,-241000
04496P,國巨國泰96售02  ,0,0,0,0,0,0,0,0,0,-242000,0,0,0,0,242000,-242000,-242000
050674,瑞昱富邦94購02  ,0,0,0,0,0,0,0,0,0,-242000,0,0,0,5000,247000,-242000,-242000
053610,矽力中信98購01  ,0,0,0,0,0,0,0,0,0,-242000,0,0,0,150000,392000,-242000,-242000
049950,南亞科群益94購02,0,0,0,0,0,0,0,0,0,-243000,0,0,0,30000,273000,-243000,-243000
051718,上証2X永豐95購01,0,0,0,0,0,0,0,0,0,-243000,0,0,0,47000,290000,-243000,-243000
056194,聯發科富邦9B購01,0,0,0,0,0,0,0,0,0,-245000,0,0,0,20000,265000,-245000,-245000
057615,元油2X凱基98購02,0,0,0,0,0,0,0,0,0,-245000,0,0,0,0,245000,-245000,-245000
051733,中環國票96購02  ,0,0,0,0,0,0,0,0,0,-245000,0,0,0,5000,250000,-245000,-245000
049401,可成群益94購04  ,0,0,0,0,0,0,0,0,0,-245000,0,0,0,35000,280000,-245000,-245000
051396,健鼎兆豐95購01  ,0,0,0,0,0,0,0,0,0,-245000,0,0,0,0,245000,-245000,-245000
054466,欣興凱基97購03  ,0,0,0,0,0,0,0,0,0,-245000,0,0,0,0,245000,-245000,-245000
2393,億光            ,429000,527000,-98000,0,0,0,0,0,0,-147000,55000,181000,-126000,65000,86000,-21000,-245000
04272P,元上證凱基94售01,0,0,0,0,0,0,0,0,0,-246000,0,0,0,30000,276000,-246000,-246000
049324,臺股指凱基94購06,0,0,0,0,0,0,0,0,0,-246000,0,0,0,10000,256000,-246000,-246000
051741,可成國票97購01  ,0,0,0,0,0,0,0,0,0,-246000,0,0,0,208000,454000,-246000,-246000
051774,聯茂中信96購01  ,0,0,0,0,0,0,0,0,0,-246000,0,0,0,52000,298000,-246000,-246000
1309,台達化          ,12000,257000,-245000,0,0,0,0,0,0,-1000,0,1000,-1000,0,0,0,-246000
8028,昇陽半導體      ,129000,298000,-169000,0,0,0,28000,0,28000,-105000,2000,0,2000,5000,112000,-107000,-246000
051655,欣興元富95購04  ,0,0,0,0,0,0,0,0,0,-247000,0,0,0,51000,298000,-247000,-247000
054533,泰碩國泰98購01  ,0,0,0,0,0,0,0,0,0,-247000,0,0,0,0,247000,-247000,-247000
049236,元油2X元富96購06,0,0,0,0,0,0,0,0,0,-248000,0,0,0,181000,429000,-248000,-248000
05725P,嘉聯益永豐96售02,0,0,0,0,0,0,0,0,0,-249000,0,0,0,1000,250000,-249000,-249000
046476,鴻海統一96購01  ,0,0,0,0,0,0,0,0,0,-249000,0,0,0,87000,336000,-249000,-249000
048503,百和元大93購02  ,0,0,0,0,0,0,0,0,0,-249000,0,0,0,0,249000,-249000,-249000
051240,台積電元大95購12,0,0,0,0,0,0,0,0,0,-249000,0,0,0,225000,474000,-249000,-249000
050926,禾伸堂凱基95購01,0,0,0,0,0,0,0,0,0,-249000,0,0,0,32000,281000,-249000,-249000
6141,柏承            ,28000,279000,-251000,0,0,0,0,0,0,2000,2000,0,2000,0,0,0,-249000
057326,景碩群益99購02  ,0,0,0,0,0,0,0,0,0,-250000,0,0,0,248000,498000,-250000,-250000
057740,茂林富邦9A購01  ,0,0,0,0,0,0,0,0,0,-250000,0,0,0,0,250000,-250000,-250000
05603P,聯發科元大96售09,0,0,0,0,0,0,0,0,0,-250000,0,0,0,4000,254000,-250000,-250000
051915,日月光元大96購01,0,0,0,0,0,0,0,0,0,-250000,0,0,0,0,250000,-250000,-250000
051198,鴻海麥證95購02  ,0,0,0,0,250000,-250000,0,0,0,-250000,0,0,0,0,250000,-250000,-250000
1709,和益            ,81000,330000,-249000,0,0,0,0,0,0,-1000,0,1000,-1000,0,0,0,-250000
053830,台積電台新96購02,0,0,0,0,0,0,0,0,0,-251000,0,0,0,0,251000,-251000,-251000
1315,達新            ,41000,292000,-251000,0,0,0,0,0,0,0,0,0,0,0,0,0,-251000
056562,奇力新群益98購01,0,0,0,0,0,0,0,0,0,-252000,0,0,0,43000,295000,-252000,-252000
054938,國巨元大97購04  ,0,0,0,0,0,0,0,0,0,-252000,0,0,0,274000,526000,-252000,-252000
055676,亞德客凱基97購03,0,0,0,0,0,0,0,0,0,-253000,0,0,0,14000,267000,-253000,-253000
057645,華新科元大99購11,0,0,0,0,0,0,0,0,0,-253000,0,0,0,101000,354000,-253000,-253000
045685,康控元大95購01  ,0,0,0,0,0,0,0,0,0,-253000,0,0,0,42000,295000,-253000,-253000
050388,鴻海統一94購09  ,0,0,0,0,0,0,0,0,0,-253000,0,0,0,2000,255000,-253000,-253000
054455,楠梓電群益98購02,0,0,0,0,0,0,0,0,0,-253000,0,0,0,41000,294000,-253000,-253000
052936,華通兆豐98購01  ,0,0,0,0,0,0,0,0,0,-253000,0,0,0,7000,260000,-253000,-253000
055662,上銀中信99購01  ,0,0,0,0,0,0,0,0,0,-254000,0,0,0,105000,359000,-254000,-254000
053948,大立光富邦99購04,0,0,0,0,0,0,0,0,0,-254000,0,0,0,0,254000,-254000,-254000
053747,滬深2X永豐96購05,0,0,0,0,0,0,0,0,0,-254000,0,0,0,465000,719000,-254000,-254000
054564,玉晶光群益99購01,0,0,0,0,0,0,0,0,0,-254000,0,0,0,229000,483000,-254000,-254000
054959,禾伸堂元大98購01,0,0,0,0,0,0,0,0,0,-254000,0,0,0,196000,450000,-254000,-254000
2313,華通            ,989000,1308000,-319000,0,0,0,0,0,0,65000,119000,100000,19000,226000,180000,46000,-254000
056595,台積電元富98購04,0,0,0,0,0,0,0,0,0,-255000,0,0,0,799000,1054000,-255000,-255000
047654,鴻海兆豐93購01  ,0,0,0,0,0,0,0,0,0,-255000,0,0,0,0,255000,-255000,-255000
052805,晶技元大97購01  ,0,0,0,0,0,0,0,0,0,-255000,0,0,0,691000,946000,-255000,-255000
052920,景碩台新96購02  ,0,0,0,0,0,0,0,0,0,-255000,0,0,0,404000,659000,-255000,-255000
056610,鴻海永豐98購01  ,0,0,0,0,0,0,0,0,0,-257000,0,0,0,279000,536000,-257000,-257000
052749,日月光元大96購02,0,0,0,0,0,0,0,0,0,-257000,0,0,0,0,257000,-257000,-257000
050330,南電永豐94購01  ,0,0,0,0,0,0,0,0,0,-257000,0,0,0,31000,288000,-257000,-257000
051512,超眾麥證95購01  ,0,0,0,3000,260000,-257000,0,0,0,-257000,0,0,0,3000,260000,-257000,-257000
5471,松翰            ,595000,830000,-235000,0,0,0,0,0,0,-22000,0,22000,-22000,0,0,0,-257000
6202,盛群            ,52000,309000,-257000,0,0,0,0,0,0,-1000,0,1000,-1000,0,0,0,-258000
055977,南亞科統一97購01,0,0,0,0,0,0,0,0,0,-259000,0,0,0,53000,312000,-259000,-259000
00651R,FH香港反1       ,0,0,0,0,0,0,0,0,0,-259000,100000,0,100000,484000,843000,-359000,-259000
051732,華通國票97購01  ,0,0,0,0,0,0,0,0,0,-259000,0,0,0,0,259000,-259000,-259000
053649,台積電凱基97購05,0,0,0,0,0,0,0,0,0,-259000,0,0,0,0,259000,-259000,-259000
055336,茂林兆豐98購01  ,0,0,0,0,0,0,0,0,0,-259000,0,0,0,19000,278000,-259000,-259000
06229P,欣興凱基97售07  ,0,0,0,0,0,0,0,0,0,-259000,0,0,0,83000,342000,-259000,-259000
06379P,群創統一97售05  ,0,0,0,0,0,0,0,0,0,-259000,0,0,0,197000,456000,-259000,-259000
056256,聯茂元富97購03  ,0,0,0,0,0,0,0,0,0,-260000,0,0,0,97000,357000,-260000,-260000
049050,崇越康和94購01  ,0,0,0,0,0,0,0,0,0,-260000,0,0,0,100000,360000,-260000,-260000
053268,日月光群益96購01,0,0,0,0,0,0,0,0,0,-260000,0,0,0,10000,270000,-260000,-260000
057078,國巨統一9A購02  ,0,0,0,0,0,0,0,0,0,-261000,0,0,0,68000,329000,-261000,-261000
053279,景碩元大97購01  ,0,0,0,0,0,0,0,0,0,-261000,0,0,0,97000,358000,-261000,-261000
048629,滬深2X元大96購04,0,0,0,0,0,0,0,0,0,-262000,0,0,0,0,262000,-262000,-262000
05095P,景碩元大95售01  ,0,0,0,0,0,0,0,0,0,-262000,0,0,0,100000,362000,-262000,-262000
1515,力山            ,56000,313000,-257000,0,0,0,0,0,0,-5000,0,0,0,9000,14000,-5000,-262000
2395,研華            ,154000,420832,-266832,0,0,0,11000,0,11000,-7000,0,7000,-7000,0,0,0,-262832
057103,禾伸堂中信9A購01,0,0,0,0,0,0,0,0,0,-263000,0,0,0,65000,328000,-263000,-263000
057399,滬深反群益9C購01,0,0,0,0,0,0,0,0,0,-263000,0,0,0,75000,338000,-263000,-263000
057602,聯茂群益98購02  ,0,0,0,0,0,0,0,0,0,-264000,0,0,0,262000,526000,-264000,-264000
055978,大立光統一98購05,0,0,0,0,0,0,0,0,0,-264000,0,0,0,0,264000,-264000,-264000
050884,聯茂國泰96購01  ,0,0,0,0,0,0,0,0,0,-265000,0,0,0,50000,315000,-265000,-265000
050099,台積電永昌96購01,0,0,0,0,0,0,0,0,0,-265000,0,0,0,267000,532000,-265000,-265000
055836,華邦電元大97購04,0,0,0,0,0,0,0,0,0,-267000,0,0,0,68000,335000,-267000,-267000
056405,聯茂群益98購01  ,0,0,0,0,0,0,0,0,0,-267000,0,0,0,184000,451000,-267000,-267000
051895,聯茂元富95購02  ,0,0,0,0,0,0,0,0,0,-267000,0,0,0,0,267000,-267000,-267000
05277P,深中小統一95售02,0,0,0,0,0,0,0,0,0,-268000,0,0,0,0,268000,-268000,-268000
053098,國巨元富96購04  ,0,0,0,0,0,0,0,0,0,-268000,0,0,0,53000,321000,-268000,-268000
3008,大立光          ,148003,397285,-249282,0,0,0,199,14000,-13801,-5000,0,1000,-1000,3000,7000,-4000,-268083
055319,國巨國票98購03  ,0,0,0,0,0,0,0,0,0,-269000,0,0,0,15000,284000,-269000,-269000
2417,圓剛            ,101000,364000,-263000,0,0,0,0,0,0,-6000,1000,7000,-6000,0,0,0,-269000
055801,景碩永豐97購02  ,0,0,0,0,0,0,0,0,0,-270000,0,0,0,158000,428000,-270000,-270000
047433,鴻海元大93購16  ,0,0,0,0,0,0,0,0,0,-271000,0,0,0,89000,360000,-271000,-271000
048059,欣興國泰95購01  ,0,0,0,0,0,0,0,0,0,-271000,0,0,0,170000,441000,-271000,-271000
051479,兆豐金凱基95購01,0,0,0,0,0,0,0,0,0,-271000,0,0,0,21000,292000,-271000,-271000
05174P,元金2X富邦9B售01,0,0,0,0,0,0,0,0,0,-271000,0,0,0,173000,444000,-271000,-271000
051083,A50正2元大98購01,0,0,0,0,0,0,0,0,0,-271000,0,0,0,10000,281000,-271000,-271000
052923,台積電永豐96購02,0,0,0,0,0,0,0,0,0,-271000,0,0,0,138000,409000,-271000,-271000
056647,晶技凱基98購02  ,0,0,0,0,0,0,0,0,0,-272000,0,0,0,127000,399000,-272000,-272000
056398,南茂永豐98購01  ,0,0,0,0,0,0,0,0,0,-273000,0,0,0,210000,483000,-273000,-273000
054069,亞光國泰98購01  ,0,0,0,0,0,0,0,0,0,-273000,0,0,0,114000,387000,-273000,-273000
054853,TPK國票98購02   ,0,0,0,0,0,0,0,0,0,-273000,0,0,0,2000,275000,-273000,-273000
06475P,牧德永豐98售03  ,0,0,0,0,0,0,0,0,0,-273000,0,0,0,56000,329000,-273000,-273000
055910,瑞昱凱基98購01  ,0,0,0,0,0,0,0,0,0,-274000,0,0,0,0,274000,-274000,-274000
055493,華新科元大97購09,0,0,0,0,0,0,0,0,0,-274000,0,0,0,143000,417000,-274000,-274000
06695P,群創兆豐98售04  ,0,0,0,0,0,0,0,0,0,-274000,0,0,0,66000,340000,-274000,-274000
06014P,聯發科富邦97售02,0,0,0,0,0,0,0,0,0,-274000,0,0,0,219000,493000,-274000,-274000
055794,聯發科國泰99購01,0,0,0,0,0,0,0,0,0,-275000,0,0,0,0,275000,-275000,-275000
054937,國巨元大97購03  ,0,0,0,0,0,0,0,0,0,-275000,0,0,0,314000,589000,-275000,-275000
054166,日電貿凱基98購01,0,0,0,0,0,0,0,0,0,-275000,0,0,0,25000,300000,-275000,-275000
06655P,TPK元大98售02   ,0,0,0,0,0,0,0,0,0,-275000,0,0,0,10000,285000,-275000,-275000
2351,順德            ,37000,167000,-130000,0,0,0,15000,150000,-135000,-10000,0,8000,-8000,0,2000,-2000,-275000
2614,東森            ,395000,673000,-278000,0,0,0,0,0,0,3000,4000,1000,3000,0,0,0,-275000
1476,儒鴻            ,41000,319000,-278000,0,0,0,1000,0,1000,2000,10000,0,10000,4000,12000,-8000,-275000
051846,S&P反1中信96購02,0,0,0,0,0,0,0,0,0,-276000,0,0,0,17000,293000,-276000,-276000
053421,南亞科永豐96購01,0,0,0,0,0,0,0,0,0,-276000,0,0,0,33000,309000,-276000,-276000
055011,元翎元富97購01  ,0,0,0,0,0,0,0,0,0,-276000,0,0,0,42000,318000,-276000,-276000
056710,漢唐永豐98購01  ,0,0,0,0,0,0,0,0,0,-277000,0,0,0,77000,354000,-277000,-277000
054342,亞光元富99購01  ,0,0,0,0,0,0,0,0,0,-277000,0,0,0,0,277000,-277000,-277000
053666,臺股指凱基96購29,0,0,0,0,0,0,0,0,0,-277000,0,0,0,289000,566000,-277000,-277000
2377,微星            ,844900,1193789,-348889,0,0,0,36000,0,36000,35000,130000,123000,7000,60000,32000,28000,-277889
9802,鈺齊-KY         ,508000,505000,3000,0,0,0,44000,290000,-246000,-35000,1000,3000,-2000,20000,53000,-33000,-278000
056813,聯茂統一99購01  ,0,0,0,0,0,0,0,0,0,-279000,0,0,0,65000,344000,-279000,-279000
03950P,聯發科中信93售03,0,0,0,0,0,0,0,0,0,-279000,0,0,0,0,279000,-279000,-279000
057693,臺股指凱基98購11,0,0,0,0,0,0,0,0,0,-280000,0,0,0,0,280000,-280000,-280000
057088,上銀元富98購01  ,0,0,0,0,0,0,0,0,0,-280000,0,0,0,28000,308000,-280000,-280000
04730P,臺股指中信96售02,0,0,0,0,0,0,0,0,0,-280000,0,0,0,0,280000,-280000,-280000
055362,GIS凱基97購03   ,0,0,0,0,0,0,0,0,0,-280000,0,0,0,104000,384000,-280000,-280000
2204,中華            ,165000,448000,-283000,0,0,0,4000,0,4000,-1000,0,1000,-1000,0,0,0,-280000
06257P,臺股指群益97售10,0,0,0,0,0,0,0,0,0,-280000,0,0,0,20000,300000,-280000,-280000
047719,聯茂凱基94購01  ,0,0,0,0,0,0,0,0,0,-281000,0,0,0,0,281000,-281000,-281000
044466,和大群益93購01  ,0,0,0,0,0,0,0,0,0,-281000,0,0,0,9000,290000,-281000,-281000
054295,世芯元大96購03  ,0,0,0,0,0,0,0,0,0,-281000,0,0,0,254000,535000,-281000,-281000
057537,聯茂元大98購04  ,0,0,0,0,0,0,0,0,0,-282000,0,0,0,0,282000,-282000,-282000
045055,聯發科元富98購03,0,0,0,0,0,0,0,0,0,-282000,0,0,0,33000,315000,-282000,-282000
052068,瑞儀兆豐96購01  ,0,0,0,0,0,0,0,0,0,-282000,0,0,0,0,282000,-282000,-282000
2369,菱生            ,84000,359000,-275000,0,0,0,0,0,0,-7000,0,7000,-7000,0,0,0,-282000
052355,為升永豐95購02  ,0,0,0,0,0,0,0,0,0,-283000,0,0,0,39000,322000,-283000,-283000
052182,鴻海群益96購01  ,0,0,0,0,0,0,0,0,0,-283000,0,0,0,4000,287000,-283000,-283000
048762,寶齡凱基94購01  ,0,0,0,0,0,0,0,0,0,-284000,0,0,0,5000,289000,-284000,-284000
2340,光磊            ,174000,238000,-64000,0,0,0,0,0,0,-220000,1000,17000,-16000,10000,214000,-204000,-284000
3413,京鼎            ,72000,130000,-58000,0,0,0,1000,104000,-103000,-123000,4000,52000,-48000,0,75000,-75000,-284000
056656,華邦電元大98購02,0,0,0,0,0,0,0,0,0,-285000,0,0,0,66000,351000,-285000,-285000
055478,訊芯凱基97購01  ,0,0,0,0,0,0,0,0,0,-285000,0,0,0,10000,295000,-285000,-285000
052680,T50反1元大96購04,0,0,0,0,0,0,0,0,0,-286000,0,0,0,0,286000,-286000,-286000
05674P,瑞昱群益96售02  ,0,0,0,0,0,0,0,0,0,-287000,0,0,0,0,287000,-287000,-287000
05119P,聯發科國泰96售02,0,0,0,0,0,0,0,0,0,-287000,0,0,0,264000,551000,-287000,-287000
053557,聯茂凱基96購04  ,0,0,0,0,0,0,0,0,0,-287000,0,0,0,16000,303000,-287000,-287000
050754,元金2X元富9B購01,0,0,0,0,0,0,0,0,0,-288000,0,0,0,808000,1096000,-288000,-288000
050992,台積電元大97購01,0,0,0,0,0,0,0,0,0,-288000,0,0,0,193000,481000,-288000,-288000
055840,南亞科元大97購03,0,0,0,0,0,0,0,0,0,-289000,0,0,0,64000,353000,-289000,-289000
052172,致茂元大95購01  ,0,0,0,0,0,0,0,0,0,-289000,0,0,0,1000,290000,-289000,-289000
054924,景碩凱基98購01  ,0,0,0,0,0,0,0,0,0,-289000,0,0,0,349000,638000,-289000,-289000
056108,麗豐永豐97購01  ,0,0,0,0,0,0,0,0,0,-290000,0,0,0,0,290000,-290000,-290000
052074,鴻海元富95購10  ,0,0,0,0,0,0,0,0,0,-290000,0,0,0,0,290000,-290000,-290000
047360,鴻海群益95購02  ,0,0,0,0,0,0,0,0,0,-290000,0,0,0,0,290000,-290000,-290000
054584,貿聯元富97購01  ,0,0,0,0,0,0,0,0,0,-290000,0,0,0,40000,330000,-290000,-290000
053296,貿聯中信98購01  ,0,0,0,0,0,0,0,0,0,-290000,0,0,0,0,290000,-290000,-290000
2547,日勝生          ,229000,517000,-288000,0,0,0,0,0,0,-2000,0,2000,-2000,0,0,0,-290000
06046P,健策統一96售03  ,0,0,0,0,0,0,0,0,0,-290000,0,0,0,319000,609000,-290000,-290000
06508P,台灣50統一98售01,0,0,0,0,0,0,0,0,0,-290000,0,0,0,219000,509000,-290000,-290000
055891,鴻海統一9A購01  ,0,0,0,0,0,0,0,0,0,-292000,0,0,0,1164000,1456000,-292000,-292000
052152,創意富邦98購01  ,0,0,0,0,0,0,0,0,0,-292000,0,0,0,0,292000,-292000,-292000
049720,欣興凱基94購05  ,0,0,0,0,0,0,0,0,0,-292000,0,0,0,0,292000,-292000,-292000
4426,利勤            ,16000,308000,-292000,0,0,0,0,0,0,0,0,0,0,0,0,0,-292000
056313,聯茂元大98購01  ,0,0,0,0,0,0,0,0,0,-293000,0,0,0,313000,606000,-293000,-293000
050691,楠梓電凱基96購01,0,0,0,0,0,0,0,0,0,-293000,0,0,0,0,293000,-293000,-293000
053380,南亞科元大97購01,0,0,0,0,0,0,0,0,0,-293000,0,0,0,33000,326000,-293000,-293000
056773,晶技元大99購03  ,0,0,0,0,0,0,0,0,0,-294000,0,0,0,812000,1106000,-294000,-294000
054473,鴻海中信96購02  ,0,0,0,0,0,0,0,0,0,-294000,0,0,0,48000,342000,-294000,-294000
2605,新興            ,146000,439000,-293000,0,0,0,0,0,0,-1000,0,1000,-1000,0,0,0,-294000
05163P,聯發科統一96售02,0,0,0,0,0,0,0,0,0,-295000,0,0,0,404000,699000,-295000,-295000
3704,合勤控          ,144000,434000,-290000,0,0,0,0,0,0,-5000,0,0,0,0,5000,-5000,-295000
054767,日電貿國票98購01,0,0,0,0,0,0,0,0,0,-296000,0,0,0,10000,306000,-296000,-296000
055439,台表科國票98購02,0,0,0,0,0,0,0,0,0,-296000,0,0,0,46000,342000,-296000,-296000
050400,臻鼎中信97購01  ,0,0,0,0,0,0,0,0,0,-297000,0,0,0,499000,796000,-297000,-297000
052003,泰碩國泰97購02  ,0,0,0,0,0,0,0,0,0,-297000,0,0,0,0,297000,-297000,-297000
048436,聯茂日盛93購01  ,0,0,0,0,0,0,0,0,0,-298000,0,0,0,50000,348000,-298000,-298000
03388P,元油2X元富98售02,0,0,0,0,0,0,0,0,0,-298000,0,0,0,45000,343000,-298000,-298000
045858,元油2X統一94購02,0,0,0,0,0,0,0,0,0,-298000,0,0,0,0,298000,-298000,-298000
042433,元油2X永豐96購01,0,0,0,0,0,0,0,0,0,-298000,0,0,0,322000,620000,-298000,-298000
08488P,臺股指群益9C售19,0,0,0,0,0,0,0,0,0,-298000,0,0,0,0,298000,-298000,-298000
06702P,智邦元富98售01  ,0,0,0,0,0,0,0,0,0,-298000,0,0,0,26000,324000,-298000,-298000
055798,聯茂富邦98購01  ,0,0,0,0,0,0,0,0,0,-299000,0,0,0,22000,321000,-299000,-299000
052765,新日興群益97購01,0,0,0,0,0,0,0,0,0,-299000,0,0,0,44000,343000,-299000,-299000
050772,美食元大94購06  ,0,0,0,0,0,0,0,0,0,-299000,0,0,0,0,299000,-299000,-299000
050487,美食元富94購01  ,0,0,0,0,0,0,0,0,0,-299000,0,0,0,0,299000,-299000,-299000
050465,神基中信94購01  ,0,0,0,0,0,0,0,0,0,-299000,0,0,0,0,299000,-299000,-299000
055685,日月光凱基97購02,0,0,0,0,0,0,0,0,0,-300000,0,0,0,0,300000,-300000,-300000
056491,南亞科國泰99購01,0,0,0,0,0,0,0,0,0,-300000,0,0,0,0,300000,-300000,-300000
045937,臻鼎群益93購02  ,0,0,0,0,0,0,0,0,0,-300000,0,0,0,0,300000,-300000,-300000
047000,和大統一93購01  ,0,0,0,0,0,0,0,0,0,-300000,0,0,0,0,300000,-300000,-300000
049473,光罩永豐94購03  ,0,0,0,0,0,0,0,0,0,-300000,0,0,0,0,300000,-300000,-300000
050410,燿華永豐95購03  ,0,0,0,0,0,0,0,0,0,-300000,0,0,0,0,300000,-300000,-300000
051235,鴻海元大95購06  ,0,0,0,0,0,0,0,0,0,-300000,0,0,0,0,300000,-300000,-300000
2609,陽明            ,194000,494000,-300000,0,0,0,0,0,0,0,0,0,0,0,0,0,-300000
057063,立積國泰9A購01  ,0,0,0,0,0,0,0,0,0,-301000,0,0,0,79000,380000,-301000,-301000
054770,健策國票98購01  ,0,0,0,0,0,0,0,0,0,-301000,0,0,0,110000,411000,-301000,-301000
054549,台積電凱基98購01,0,0,0,0,0,0,0,0,0,-301000,0,0,0,10000,311000,-301000,-301000
053904,漢唐凱基97購01  ,0,0,0,0,0,0,0,0,0,-301000,0,0,0,23000,324000,-301000,-301000
1701,中化            ,64000,366000,-302000,0,0,0,0,0,0,0,0,0,0,0,0,0,-302000
052212,可成元大95購11  ,0,0,0,0,0,0,0,0,0,-303000,0,0,0,210000,513000,-303000,-303000
3682,亞太電          ,257000,560000,-303000,0,0,0,0,0,0,0,0,0,0,0,0,0,-303000
050614,聯發科元大95購04,0,0,0,0,0,0,0,0,0,-304000,0,0,0,152000,456000,-304000,-304000
050132,日電貿凱基94購02,0,0,0,0,0,0,0,0,0,-304000,0,0,0,267000,571000,-304000,-304000
056706,元油2X富邦9B購01,0,0,0,0,0,0,0,0,0,-305000,0,0,0,0,305000,-305000,-305000
056564,亞光群益98購02  ,0,0,0,0,0,0,0,0,0,-305000,0,0,0,43000,348000,-305000,-305000
055841,南亞科元大97購04,0,0,0,0,0,0,0,0,0,-305000,0,0,0,7000,312000,-305000,-305000
050693,鴻海凱基96購05  ,0,0,0,0,0,0,0,0,0,-305000,0,0,0,0,305000,-305000,-305000
04704P,臺股指統一95售01,0,0,0,0,0,0,0,0,0,-307000,0,0,0,0,307000,-307000,-307000
054926,神達凱基98購01  ,0,0,0,0,0,0,0,0,0,-307000,0,0,0,180000,487000,-307000,-307000
057393,台積電中信02購01,0,0,0,0,0,0,0,0,0,-308000,0,0,0,0,308000,-308000,-308000
055470,南亞科凱基97購01,0,0,0,0,0,0,0,0,0,-309000,0,0,0,83000,392000,-309000,-309000
054082,楠梓電元富96購01,0,0,0,0,0,0,0,0,0,-309000,0,0,0,418000,727000,-309000,-309000
03266P,寶成國票04售01  ,0,0,0,0,0,0,0,0,0,-310000,0,0,0,0,310000,-310000,-310000
053147,楠梓電元大98購01,0,0,0,0,0,0,0,0,0,-310000,0,0,0,200000,510000,-310000,-310000
054376,聯茂中信97購01  ,0,0,0,0,0,0,0,0,0,-310000,0,0,0,10000,320000,-310000,-310000
057309,南茂兆豐99購01  ,0,0,0,0,0,0,0,0,0,-312000,0,0,0,221000,533000,-312000,-312000
06100P,台積電日盛97售03,0,0,0,0,0,0,0,0,0,-314000,0,0,0,2158000,2472000,-314000,-314000
057010,景碩中信98購01  ,0,0,0,0,0,0,0,0,0,-315000,0,0,0,98000,413000,-315000,-315000
048248,聯發科兆豐95購01,0,0,0,0,0,0,0,0,0,-315000,0,0,0,255000,570000,-315000,-315000
049798,台積電元大94購18,0,0,0,0,0,0,0,0,0,-315000,0,0,0,379000,694000,-315000,-315000
051390,京元電兆豐95購01,0,0,0,0,0,0,0,0,0,-315000,0,0,0,0,315000,-315000,-315000
053990,晶技兆豐96購01  ,0,0,0,0,0,0,0,0,0,-315000,0,0,0,43000,358000,-315000,-315000
03882P,鴻海元大93售10  ,0,0,0,0,0,0,0,0,0,-316000,0,0,0,105000,421000,-316000,-316000
053962,聯茂永豐96購01  ,0,0,0,0,0,0,0,0,0,-316000,0,0,0,75000,391000,-316000,-316000
049538,元油2X群益98購01,0,100000,-100000,0,0,0,0,0,0,-219000,0,0,0,105000,324000,-219000,-319000
052427,上証2X永豐96購01,0,0,0,0,0,0,0,0,0,-319000,0,0,0,0,319000,-319000,-319000
053153,大立光元大99購02,0,0,0,0,0,0,0,0,0,-319000,0,0,0,48000,367000,-319000,-319000
055559,大立光凱基97購09,0,0,0,0,0,0,0,0,0,-319000,0,0,0,0,319000,-319000,-319000
057142,力成兆豐98購01  ,0,0,0,0,0,0,0,0,0,-320000,0,0,0,355000,675000,-320000,-320000
057121,立積康和98購01  ,0,0,0,0,0,0,0,0,0,-320000,0,0,0,0,320000,-320000,-320000
057782,台積電國票99購07,0,0,0,0,0,0,0,0,0,-320000,0,0,0,0,320000,-320000,-320000
056291,聯茂永豐97購03  ,0,0,0,0,0,0,0,0,0,-320000,0,0,0,344000,664000,-320000,-320000
048935,玉晶光永豐94購04,0,0,0,0,0,0,0,0,0,-320000,0,0,0,32000,352000,-320000,-320000
052284,日月光凱基96購01,0,0,0,0,0,0,0,0,0,-320000,0,0,0,0,320000,-320000,-320000
051987,廣達元大95購01  ,0,0,0,0,0,0,0,0,0,-320000,0,0,0,37000,357000,-320000,-320000
055085,大毅國票97購01  ,0,0,0,0,0,0,0,0,0,-320000,0,0,0,14000,334000,-320000,-320000
04742P,瑞昱統一94售01  ,0,0,0,0,0,0,0,0,0,-321000,0,0,0,0,321000,-321000,-321000
049302,聯茂日盛94購01  ,0,0,0,0,0,0,0,0,0,-321000,0,0,0,0,321000,-321000,-321000
054794,貿聯群益98購01  ,0,0,0,0,0,0,0,0,0,-321000,0,0,0,10000,331000,-321000,-321000
054370,台積電中信9A購01,0,0,0,0,0,0,0,0,0,-322000,0,0,0,192000,514000,-322000,-322000
055613,全新國票98購01  ,0,0,0,0,0,0,0,0,0,-323000,0,0,0,0,323000,-323000,-323000
052882,南電凱基96購02  ,0,0,0,0,0,0,0,0,0,-324000,0,0,0,794000,1118000,-324000,-324000
054278,晶技群益97購02  ,0,0,0,0,0,0,0,0,0,-324000,0,0,0,195000,519000,-324000,-324000
052880,台積電凱基96購06,0,0,0,0,0,0,0,0,0,-325000,0,0,0,292000,617000,-325000,-325000
2101,南港            ,458000,754000,-296000,0,0,0,0,0,0,-30000,1000,11000,-10000,0,20000,-20000,-326000
056712,京鼎永豐98購01  ,0,0,0,0,0,0,0,0,0,-328000,0,0,0,0,328000,-328000,-328000
057745,泰鼎永豐99購01  ,0,0,0,0,0,0,0,0,0,-328000,0,0,0,10000,338000,-328000,-328000
052451,旭富元大95購02  ,0,0,0,0,0,0,0,0,0,-329000,0,0,0,119000,448000,-329000,-329000
2855,統一證          ,153000,482000,-329000,0,0,0,0,0,0,0,0,0,0,0,0,0,-329000
3034,聯詠            ,2299200,2503791,-204591,0,0,0,14000,112000,-98000,-27000,32000,38000,-6000,28000,49000,-21000,-329591
055851,智原元大98購01  ,0,0,0,0,0,0,0,0,0,-330000,0,0,0,0,330000,-330000,-330000
050319,康控國票95購04  ,0,0,0,0,0,0,0,0,0,-330000,0,0,0,0,330000,-330000,-330000
05090P,國巨元大95售05  ,0,0,0,0,0,0,0,0,0,-330000,0,0,0,10000,340000,-330000,-330000
055003,群創元富99購05  ,0,0,0,0,0,0,0,0,0,-331000,0,0,0,50000,381000,-331000,-331000
2606,裕民            ,49000,369000,-320000,0,0,0,11000,0,11000,-25000,6000,31000,-25000,0,0,0,-334000
056936,禾伸堂元富98購01,0,0,0,0,0,0,0,0,0,-337000,0,0,0,307000,644000,-337000,-337000
2915,潤泰全          ,180000,585000,-405000,0,0,0,0,0,0,68000,2000,1000,1000,89000,22000,67000,-337000
057660,訊芯兆豐98購02  ,0,0,0,0,0,0,0,0,0,-338000,0,0,0,0,338000,-338000,-338000
049446,為升統一94購01  ,0,0,0,0,0,0,0,0,0,-338000,0,0,0,0,338000,-338000,-338000
1736,喬山            ,152000,407000,-255000,0,0,0,0,0,0,-83000,0,6000,-6000,11000,88000,-77000,-338000
045871,元油2X元富96購03,0,0,0,0,0,0,0,0,0,-339000,0,0,0,0,339000,-339000,-339000
2536,宏普            ,20000,359000,-339000,0,0,0,0,0,0,0,0,0,0,0,0,0,-339000
03627P,大立光兆豐93售03,0,0,0,0,0,0,0,0,0,-340000,0,0,0,0,340000,-340000,-340000
03399P,欣興中信02售03  ,0,0,0,0,0,0,0,0,0,-341000,0,0,0,170000,511000,-341000,-341000
049680,臺股指國票94購13,0,0,0,0,0,0,0,0,0,-341000,0,0,0,45000,386000,-341000,-341000
055287,日電貿元大97購01,0,0,0,0,0,0,0,0,0,-341000,0,0,0,263000,604000,-341000,-341000
2401,凌陽            ,48000,400000,-352000,0,0,0,0,0,0,9000,10000,9000,1000,9000,1000,8000,-343000
056017,台積電群益97購04,0,0,0,0,0,0,0,0,0,-345000,0,0,0,684000,1029000,-345000,-345000
051195,台郡中信95購01  ,0,0,0,0,0,0,0,0,0,-345000,0,0,0,193000,538000,-345000,-345000
5519,隆大            ,4000,310000,-306000,0,0,0,0,0,0,-39000,0,39000,-39000,0,0,0,-345000
055718,可成元大97購02  ,1000,0,1000,0,0,0,0,0,0,-347000,0,0,0,312000,659000,-347000,-346000
057304,為升兆豐99購02  ,0,0,0,0,0,0,0,0,0,-346000,0,0,0,0,346000,-346000,-346000
054206,鴻海國票99購01  ,0,0,0,0,0,0,0,0,0,-347000,0,0,0,136000,483000,-347000,-347000
051559,宏達電國泰96購01,5000,0,5000,0,0,0,0,0,0,-353000,0,0,0,32000,385000,-353000,-348000
04495P,台積電國票95售01,0,0,0,0,0,0,0,0,0,-349000,0,0,0,0,349000,-349000,-349000
050571,美食中信95購01  ,0,0,0,0,0,0,0,0,0,-349000,0,0,0,0,349000,-349000,-349000
057291,國巨國泰9A購01  ,0,0,0,0,0,0,0,0,0,-350000,0,0,0,406000,756000,-350000,-350000
055802,新日興永豐97購01,0,0,0,0,0,0,0,0,0,-350000,0,0,0,25000,375000,-350000,-350000
048392,宏碁國票94購01  ,0,0,0,0,0,0,0,0,0,-350000,0,0,0,0,350000,-350000,-350000
050207,百和群益95購01  ,0,0,0,0,0,0,0,0,0,-350000,0,0,0,0,350000,-350000,-350000
051354,聯發科元大95購09,0,0,0,0,0,0,0,0,0,-350000,0,0,0,150000,500000,-350000,-350000
055063,玉晶光永豐99購01,0,0,0,0,0,0,0,0,0,-350000,0,0,0,10000,360000,-350000,-350000
6669,緯穎            ,155200,373000,-217800,0,0,0,0,126000,-126000,-7000,1000,8000,-7000,4000,4000,0,-350800
057716,神達統一98購01  ,0,0,0,0,0,0,0,0,0,-352000,0,0,0,80000,432000,-352000,-352000
055065,神達永豐97購01  ,0,0,0,0,0,0,0,0,0,-352000,0,0,0,186000,538000,-352000,-352000
053358,晶技統一98購01  ,0,0,0,0,0,0,0,0,0,-352000,0,0,0,15000,367000,-352000,-352000
2387,精元            ,190000,510000,-320000,0,0,0,0,40000,-40000,8000,0,1000,-1000,13000,4000,9000,-352000
056921,京元電兆豐98購01,0,0,0,0,0,0,0,0,0,-353000,0,0,0,0,353000,-353000,-353000
048792,瑞儀元大94購01  ,0,0,0,0,0,0,0,0,0,-354000,0,0,0,0,354000,-354000,-354000
049118,元油2X元富94購03,0,0,0,0,0,0,0,0,0,-354000,0,0,0,251000,605000,-354000,-354000
04477P,南電元大94售04  ,0,0,0,0,0,0,0,0,0,-354000,0,0,0,21000,375000,-354000,-354000
055288,日電貿元大97購02,0,0,0,0,0,0,0,0,0,-354000,0,0,0,317000,671000,-354000,-354000
056725,鴻海國票99購03  ,0,0,0,0,0,0,0,0,0,-355000,0,0,0,5000,360000,-355000,-355000
051917,瑞儀元大95購01  ,0,0,0,0,0,0,0,0,0,-356000,0,0,0,0,356000,-356000,-356000
052341,泰鼎凱基96購02  ,0,0,0,0,0,0,0,0,0,-356000,0,0,0,133000,489000,-356000,-356000
052683,鴻海元大97購03  ,0,0,0,0,0,0,0,0,0,-357000,0,0,0,98000,455000,-357000,-357000
1104,環泥            ,21000,379000,-358000,0,0,0,0,0,0,0,0,0,0,0,0,0,-358000
055646,漢唐元富97購01  ,0,0,0,0,0,0,0,0,0,-359000,0,0,0,18000,377000,-359000,-359000
045054,聯發科元富98購02,0,0,0,0,0,0,0,0,0,-360000,0,0,0,264000,624000,-360000,-360000
050890,南電富邦99購01  ,0,0,0,0,0,0,0,0,0,-360000,0,0,0,62000,422000,-360000,-360000
056346,聯茂凱基99購02  ,0,0,0,0,0,0,0,0,0,-361000,0,0,0,520000,881000,-361000,-361000
056917,國巨兆豐98購03  ,0,0,0,0,0,0,0,0,0,-361000,0,0,0,9000,370000,-361000,-361000
057614,華新科元富99購04,0,0,0,0,0,0,0,0,0,-361000,0,0,0,101000,462000,-361000,-361000
06155P,智邦統一97售02  ,0,0,0,0,0,0,0,0,0,-361000,0,0,0,109000,470000,-361000,-361000
054073,群創富邦96購03  ,0,0,0,0,0,0,0,0,0,-362000,0,0,0,48000,410000,-362000,-362000
055880,神達元富97購02  ,0,0,0,0,0,0,0,0,0,-364000,0,0,0,302000,666000,-364000,-364000
3437,榮創            ,87000,451000,-364000,0,0,0,0,0,0,-1000,0,1000,-1000,0,0,0,-365000
3515,華擎            ,301000,451000,-150000,0,0,0,0,277000,-277000,62000,51000,22000,29000,53000,20000,33000,-365000
9105,泰金寶-DR       ,0,366000,-366000,0,0,0,0,0,0,0,0,0,0,0,0,0,-366000
1789,神隆            ,437000,887000,-450000,0,0,0,0,0,0,84000,85000,1000,84000,0,0,0,-366000
00650L,FH香港正2       ,0,0,0,0,0,0,0,0,0,-367000,0,0,0,50000,417000,-367000,-367000
049965,矽創元富94購01  ,0,0,0,0,0,0,0,0,0,-367000,0,0,0,3000,370000,-367000,-367000
05139P,臺股指凱基95售06,0,0,0,0,0,0,0,0,0,-367000,0,0,0,8000,375000,-367000,-367000
048286,滬深2X兆豐94購04,0,0,0,0,0,0,0,0,0,-370000,0,0,0,0,370000,-370000,-370000
2392,正崴            ,79000,375000,-296000,0,0,0,0,0,0,-74000,0,12000,-12000,1000,63000,-62000,-370000
2929,淘帝-KY         ,41000,410000,-369000,0,0,0,0,0,0,-1000,0,0,0,0,1000,-1000,-370000
8464,億豐            ,71000,408400,-337400,0,0,0,2000,87000,-85000,52000,52000,0,52000,0,0,0,-370400
046380,神基凱基93購01  ,0,0,0,0,0,0,0,0,0,-371000,0,0,0,0,371000,-371000,-371000
04633P,旺宏群益96售04  ,0,0,0,0,0,0,0,0,0,-371000,0,0,0,29000,400000,-371000,-371000
057557,聯茂凱基99購04  ,0,0,0,0,0,0,0,0,0,-372000,0,0,0,260000,632000,-372000,-372000
1464,得力            ,30000,401000,-371000,0,0,0,0,0,0,-1000,1000,0,1000,0,2000,-2000,-372000
055744,茂林元富97購02  ,0,0,0,0,0,0,0,0,0,-373000,0,0,0,204000,577000,-373000,-373000
052405,聯茂凱基95購01  ,0,0,0,0,0,0,0,0,0,-373000,0,0,0,0,373000,-373000,-373000
044104,鴻海中信95購03  ,0,0,0,0,0,0,0,0,0,-374000,0,0,0,50000,424000,-374000,-374000
056657,華邦電元大99購01,0,0,0,0,0,0,0,0,0,-376000,0,0,0,8000,384000,-376000,-376000
056452,亞光凱基98購02  ,0,0,0,0,0,0,0,0,0,-377000,0,0,0,12000,389000,-377000,-377000
052852,國巨元富96購02  ,0,65000,-65000,0,0,0,0,0,0,-315000,0,0,0,2122000,2437000,-315000,-380000
056111,力成永豐97購01  ,0,0,0,0,0,0,0,0,0,-383000,0,0,0,115000,498000,-383000,-383000
048665,欣興統一93購07  ,0,0,0,0,0,0,0,0,0,-384000,0,0,0,0,384000,-384000,-384000
047379,元油2X元大96購03,0,0,0,0,0,0,0,0,0,-385000,0,0,0,0,385000,-385000,-385000
052606,聯發科元大97購04,0,0,0,0,0,0,0,0,0,-385000,0,0,0,50000,435000,-385000,-385000
057071,華擎永豐98購02  ,0,0,0,0,0,0,0,0,0,-386000,0,0,0,388000,774000,-386000,-386000
054369,鴻海中信9C購01  ,0,0,0,0,0,0,0,0,0,-386000,0,0,0,135000,521000,-386000,-386000
044717,旺宏統一94購01  ,0,0,0,0,0,0,0,0,0,-388000,0,0,0,458000,846000,-388000,-388000
054684,裕隆永豐97購01  ,0,0,0,0,0,0,0,0,0,-388000,0,0,0,17000,405000,-388000,-388000
054052,日月光元大96購06,0,0,0,0,0,0,0,0,0,-388000,0,0,0,0,388000,-388000,-388000
053654,聯發科凱基98購01,0,0,0,0,0,0,0,0,0,-388000,0,0,0,193000,581000,-388000,-388000
2439,美律            ,313000,694000,-381000,0,0,0,0,0,0,-8000,19000,43000,-24000,35000,19000,16000,-389000
056047,台積電兆豐97購02,0,0,0,0,0,0,0,0,0,-390000,0,0,0,30000,420000,-390000,-390000
057434,國巨國票99購03  ,0,0,0,0,0,0,0,0,0,-391000,0,0,0,58000,449000,-391000,-391000
047571,滬深2X群益99購01,0,0,0,0,0,0,0,0,0,-393000,0,0,0,65000,458000,-393000,-393000
2515,中工            ,442000,813000,-371000,0,0,0,0,0,0,-23000,46000,1000,45000,6000,74000,-68000,-394000
057684,聯茂日盛99購01  ,0,0,0,0,0,0,0,0,0,-395000,0,0,0,100000,495000,-395000,-395000
053039,聯發科凱基96購11,0,0,0,0,0,0,0,0,0,-395000,0,0,0,5000,400000,-395000,-395000
052066,華邦電兆豐96購01,0,0,0,0,0,0,0,0,0,-398000,0,0,0,109000,507000,-398000,-398000
043040,永冠元富94購01  ,0,0,0,0,0,0,0,0,0,-399000,0,0,0,0,399000,-399000,-399000
042196,元油2X元大93購02,0,0,0,0,0,0,0,0,0,-399000,0,0,0,1000,400000,-399000,-399000
049991,臺股指凱基96購04,0,0,0,0,0,0,0,0,0,-400000,0,0,0,0,400000,-400000,-400000
052425,華通台新95購02  ,0,0,0,0,0,0,0,0,0,-400000,0,0,0,0,400000,-400000,-400000
050053,訊芯群益94購03  ,0,0,0,0,0,0,0,0,0,-400000,0,0,0,0,400000,-400000,-400000
1312,國喬            ,509000,868000,-359000,0,0,0,0,0,0,-41000,0,41000,-41000,0,0,0,-400000
06796P,臺股指凱基98售06,0,0,0,0,0,0,0,0,0,-400000,0,0,0,129000,529000,-400000,-400000
00646,元大S&P500      ,0,6000,-6000,0,0,0,0,0,0,-395000,0,0,0,48000,443000,-395000,-401000
057416,T50反1凱基9C購01,0,0,0,0,0,0,0,0,0,-402000,0,0,0,0,402000,-402000,-402000
049167,元油2X凱基97購03,0,0,0,0,0,0,0,0,0,-402000,0,0,0,0,402000,-402000,-402000
051543,鈺齊國票96購01  ,0,0,0,0,0,0,0,0,0,-402000,0,0,0,0,402000,-402000,-402000
056955,台灣50永豐98購01,0,0,0,0,0,0,0,0,0,-403000,0,0,0,286000,689000,-403000,-403000
055590,聯發科元大98購02,0,0,0,0,0,0,0,0,0,-403000,0,0,0,448000,851000,-403000,-403000
049111,元油2X統一94購03,0,0,0,0,0,0,0,0,0,-404000,0,0,0,0,404000,-404000,-404000
052228,聯發科凱基96購06,0,0,0,0,0,0,0,0,0,-404000,0,0,0,10000,414000,-404000,-404000
045572,元油2X元大98購01,0,0,0,0,0,0,0,0,0,-404000,0,0,0,55000,459000,-404000,-404000
3056,總太            ,95000,498000,-403000,0,0,0,0,0,0,-1000,1000,2000,-1000,0,0,0,-404000
056654,元油2X元大98購02,0,0,0,0,0,0,0,0,0,-405000,0,0,0,20000,425000,-405000,-405000
056236,台積電群益97購06,0,0,0,0,0,0,0,0,0,-406000,0,0,0,302000,708000,-406000,-406000
051415,晶技國票96購01  ,0,0,0,0,0,0,0,0,0,-406000,0,0,0,32000,438000,-406000,-406000
054247,華邦電元大96購04,0,0,0,0,0,0,0,0,0,-406000,0,0,0,54000,460000,-406000,-406000
051157,華新科富邦98購01,0,0,0,0,0,0,0,0,0,-408000,0,0,0,65000,473000,-408000,-408000
047967,南亞科國泰95購01,0,0,0,0,0,0,0,0,0,-409000,0,0,0,72000,481000,-409000,-409000
051514,智邦凱基95購05  ,0,0,0,0,0,0,0,0,0,-410000,0,0,0,400000,810000,-410000,-410000
049444,元石油統一94購03,0,0,0,0,0,0,0,0,0,-410000,0,0,0,0,410000,-410000,-410000
053971,聯發科元大97購09,0,0,0,0,0,0,0,0,0,-410000,0,0,0,0,410000,-410000,-410000
053816,聯發科群益96購02,0,0,0,0,0,0,0,0,0,-410000,0,0,0,0,410000,-410000,-410000
053791,同欣電元大96購05,0,0,0,0,0,0,0,0,0,-410000,0,0,0,90000,500000,-410000,-410000
2342,茂矽            ,469000,874000,-405000,0,0,0,0,0,0,-5000,0,5000,-5000,0,0,0,-410000
055942,臺股指群益9C購01,0,0,0,0,0,0,0,0,0,-412000,0,0,0,18000,430000,-412000,-412000
055451,台積電元富97購02,0,0,0,0,0,0,0,0,0,-412000,0,0,0,1000,413000,-412000,-412000
050797,聯發科中信99購01,0,0,0,0,0,0,0,0,0,-414000,0,0,0,45000,459000,-414000,-414000
052316,台積電元大96購10,0,0,0,0,0,0,0,0,0,-414000,0,0,0,158000,572000,-414000,-414000
057595,健鼎兆豐98購01  ,0,0,0,0,0,0,0,0,0,-419000,0,0,0,50000,469000,-419000,-419000
051173,元油2X凱基98購01,0,0,0,0,0,0,0,0,0,-419000,0,0,0,0,419000,-419000,-419000
057668,華新科元大9A購01,0,0,0,0,0,0,0,0,0,-420000,0,0,0,86000,506000,-420000,-420000
055081,健鼎中信97購01  ,0,0,0,0,0,0,0,0,0,-420000,0,0,0,0,420000,-420000,-420000
053755,亞光元富96購01  ,0,0,0,0,0,0,0,0,0,-421000,0,0,0,131000,552000,-421000,-421000
056192,智邦富邦98購01  ,0,0,0,0,0,0,0,0,0,-422000,0,0,0,25000,447000,-422000,-422000
052498,台積電永豐95購06,0,0,0,0,0,0,0,0,0,-425000,0,0,0,393000,818000,-425000,-425000
1590,亞德客-KY       ,600000,1036000,-436000,0,0,0,26000,44000,-18000,29000,19000,4000,15000,18000,4000,14000,-425000
051216,為升元富95購01  ,0,0,0,0,0,0,0,0,0,-426000,0,0,0,0,426000,-426000,-426000
050914,健鼎中信95購01  ,0,0,0,0,0,0,0,0,0,-427000,0,0,0,0,427000,-427000,-427000
051751,聯茂富邦95購01  ,0,0,0,0,0,0,0,0,0,-428000,0,0,0,9000,437000,-428000,-428000
050559,聯發科統一94購10,0,0,0,0,0,0,0,0,0,-428000,0,0,0,269000,697000,-428000,-428000
052687,國泰金元大96購03,0,0,0,0,0,0,0,0,0,-428000,0,0,0,0,428000,-428000,-428000
053512,台積電群益96購06,0,0,0,0,0,0,0,0,0,-428000,0,0,0,240000,668000,-428000,-428000
2615,萬海            ,227000,376000,-149000,0,0,0,22000,300000,-278000,-1000,3000,4000,-1000,0,0,0,-428000
04787P,台積電永昌96售04,0,0,0,0,0,0,0,0,0,-433000,0,0,0,177000,610000,-433000,-433000
052328,台表科中信99購01,0,0,0,0,0,0,0,0,0,-433000,0,0,0,22000,455000,-433000,-433000
053763,T50反1富邦98購01,0,0,0,0,0,0,0,0,0,-433000,0,0,0,499000,932000,-433000,-433000
05011P,南電國泰96售01  ,0,0,0,0,0,0,0,0,0,-434000,0,0,0,188000,622000,-434000,-434000
054067,百和國票97購03  ,0,0,0,0,0,0,0,0,0,-434000,0,0,0,24000,458000,-434000,-434000
056446,聯發科凱基98購08,0,0,0,0,0,0,0,0,0,-437000,0,0,0,24000,461000,-437000,-437000
06603P,立積統一99售01  ,0,0,0,0,0,0,0,0,0,-437000,0,0,0,10000,447000,-437000,-437000
051505,台積電元富95購05,0,0,0,0,0,0,0,0,0,-438000,0,0,0,0,438000,-438000,-438000
049539,元油2X群益9A購01,0,0,0,0,0,0,0,0,0,-439000,0,0,0,34000,473000,-439000,-439000
056747,致新凱基99購01  ,0,0,0,0,0,0,0,0,0,-441000,0,0,0,1000,442000,-441000,-441000
051322,國泰金國票96購01,0,0,0,0,0,0,0,0,0,-444000,0,0,0,26000,470000,-444000,-444000
051277,聯發科中信9A購01,0,0,0,0,0,0,0,0,0,-444000,0,0,0,676000,1120000,-444000,-444000
045516,聯茂統一94購01  ,0,0,0,0,0,0,0,0,0,-445000,0,0,0,34000,479000,-445000,-445000
8213,志超            ,20000,453000,-433000,0,0,0,0,0,0,-14000,0,12000,-12000,0,2000,-2000,-447000
050705,南電凱基96購01  ,0,0,0,0,0,0,0,0,0,-452000,0,0,0,231000,683000,-452000,-452000
053222,聯茂凱基96購03  ,0,0,0,0,0,0,0,0,0,-452000,0,0,0,74000,526000,-452000,-452000
1434,福懋            ,548000,1029000,-481000,0,0,0,26000,0,26000,2000,10000,8000,2000,0,0,0,-453000
045053,聯發科元富98購01,20000,15000,5000,0,0,0,0,0,0,-460000,0,0,0,277000,737000,-460000,-455000
5522,遠雄            ,213000,668000,-455000,0,0,0,0,0,0,0,102000,102000,0,0,0,0,-455000
055849,聯詠元大97購05  ,0,0,0,0,0,0,0,0,0,-456000,0,0,0,0,456000,-456000,-456000
052036,臺股指群益95購09,0,0,0,0,0,0,0,0,0,-460000,0,0,0,106000,566000,-460000,-460000
056312,茂林元大98購01  ,0,0,0,0,0,0,0,0,0,-462000,0,0,0,6000,468000,-462000,-462000
057720,日電貿元富98購01,0,0,0,0,0,0,0,0,0,-462000,0,0,0,300000,762000,-462000,-462000
054906,神達康和97購01  ,0,0,0,0,0,0,0,0,0,-462000,0,0,0,169000,631000,-462000,-462000
050314,晶技兆豐94購01  ,0,0,0,0,0,0,0,0,0,-463000,0,0,0,0,463000,-463000,-463000
051370,聯詠富邦97購01  ,0,0,0,0,0,0,0,0,0,-465000,0,0,0,0,465000,-465000,-465000
055495,長榮航元大97購01,0,0,0,0,0,0,0,0,0,-467000,0,0,0,113000,580000,-467000,-467000
056592,台積電元富98購01,0,0,0,0,0,0,0,0,0,-469000,0,0,0,1223000,1692000,-469000,-469000
053792,百和元大96購01  ,0,0,0,0,0,0,0,0,0,-469000,0,0,0,145000,614000,-469000,-469000
06013P,世芯國泰97售03  ,0,0,0,0,0,0,0,0,0,-473000,0,0,0,25000,498000,-473000,-473000
057823,神達元大98購01  ,0,0,0,0,0,0,0,0,0,-474000,0,0,0,346000,820000,-474000,-474000
052738,聯電元大98購02  ,0,0,0,0,0,0,0,0,0,-476000,0,0,0,44000,520000,-476000,-476000
054301,楠梓電凱基98購01,0,0,0,0,0,0,0,0,0,-478000,0,0,0,458000,936000,-478000,-478000
050603,致新國泰96購01  ,0,0,0,0,0,0,0,0,0,-479000,0,0,0,6000,485000,-479000,-479000
052981,鴻海元大97購05  ,0,0,0,0,0,0,0,0,0,-479000,0,0,0,248000,727000,-479000,-479000
043231,鴻海中信95購01  ,0,0,0,0,0,0,0,0,0,-480000,0,0,0,0,480000,-480000,-480000
055577,晶技統一97購02  ,0,0,0,0,0,0,0,0,0,-481000,0,0,0,48000,529000,-481000,-481000
056100,楠梓電永豐97購02,0,0,0,0,0,0,0,0,0,-481000,0,0,0,546000,1027000,-481000,-481000
048595,儒鴻國票96購01  ,0,0,0,0,0,0,0,0,0,-482000,0,0,0,40000,522000,-482000,-482000
052022,南電永豐95購03  ,0,0,0,0,0,0,0,0,0,-482000,0,0,0,518000,1000000,-482000,-482000
1409,新纖            ,385000,867000,-482000,0,0,0,0,0,0,-1000,0,1000,-1000,0,0,0,-483000
057299,立積永豐98購02  ,0,0,0,0,0,0,0,0,0,-484000,0,0,0,121000,605000,-484000,-484000
052224,楠梓電凱基97購01,0,0,0,0,0,0,0,0,0,-486000,0,0,0,226000,712000,-486000,-486000
05745P,富邦金兆豐96售02,0,0,0,0,0,0,0,0,0,-487000,0,0,0,0,487000,-487000,-487000
04821P,臺股指永豐94售01,0,0,0,0,0,0,0,0,0,-490000,0,0,0,5000,495000,-490000,-490000
055966,茂林元大99購01  ,0,0,0,0,0,0,0,0,0,-492000,0,0,0,362000,854000,-492000,-492000
054621,華新科兆豐98購01,0,0,0,0,0,0,0,0,0,-495000,0,0,0,299000,794000,-495000,-495000
048813,元黃金凱基94購01,0,0,0,0,0,0,0,0,0,-496000,0,0,0,15000,511000,-496000,-496000
00730,富邦臺灣優質高息,0,0,0,0,0,0,0,0,0,-496000,0,0,0,225000,721000,-496000,-496000
050975,楠梓電統一95購01,0,0,0,0,0,0,0,0,0,-497000,0,0,0,283000,780000,-497000,-497000
053452,臺股指凱基97購01,0,0,0,0,0,0,0,0,0,-498000,0,0,0,270000,768000,-498000,-498000
03438P,群創群益98售03  ,0,0,0,0,0,0,0,0,0,-499000,0,0,0,0,499000,-499000,-499000
051727,S&P反1國票97購01,0,0,0,0,0,0,0,0,0,-499000,0,0,0,0,499000,-499000,-499000
049774,元油2X統一94購05,0,0,0,0,0,0,0,0,0,-499000,0,0,0,0,499000,-499000,-499000
05038P,牧德元大95售03  ,0,0,0,0,0,0,0,0,0,-499000,0,0,0,0,499000,-499000,-499000
053001,力山永豐96購01  ,0,0,0,0,0,0,0,0,0,-499000,0,0,0,0,499000,-499000,-499000
05237P,為升永豐95售01  ,0,0,0,0,0,0,0,0,0,-500000,0,0,0,20000,520000,-500000,-500000
051397,聯茂兆豐95購03  ,0,0,0,0,0,0,0,0,0,-501000,0,0,0,257000,758000,-501000,-501000
00693U,街口S&P黃豆     ,308000,0,308000,0,0,0,0,0,0,-810000,0,0,0,10000,820000,-810000,-502000
053148,華邦電元大96購01,0,0,0,0,0,0,0,0,0,-506000,0,0,0,110000,616000,-506000,-506000
055289,泰碩元大98購01  ,0,0,0,0,0,0,0,0,0,-506000,0,0,0,0,506000,-506000,-506000
049889,欣興國泰96購01  ,0,0,0,0,0,0,0,0,0,-508000,0,0,0,21000,529000,-508000,-508000
052740,聯發科元大96購07,0,0,0,0,0,0,0,0,0,-509000,0,0,0,32000,541000,-509000,-509000
055691,訊芯凱基97購02  ,0,0,0,0,0,0,0,0,0,-510000,0,0,0,15000,525000,-510000,-510000
057687,中502X凱基98購01,0,0,0,0,0,0,0,0,0,-511000,0,0,0,0,511000,-511000,-511000
057896,嘉晶元富98購01  ,0,0,0,0,0,0,0,0,0,-512000,0,0,0,0,512000,-512000,-512000
052053,泰鼎凱基96購01  ,0,0,0,0,0,0,0,0,0,-512000,0,0,0,112000,624000,-512000,-512000
047504,滬深2X國票9A購01,0,0,0,0,0,0,0,0,0,-514000,0,0,0,1000,515000,-514000,-514000
05885P,牧德統一96售01  ,0,0,0,0,0,0,0,0,0,-515000,0,0,0,25000,540000,-515000,-515000
055102,上銀凱基98購01  ,0,0,0,0,0,0,0,0,0,-516000,0,0,0,23000,539000,-516000,-516000
03840P,台積電統一99售02,0,0,0,0,0,0,0,0,0,-518000,0,0,0,790000,1308000,-518000,-518000
046241,聯發科中信94購02,0,0,0,0,0,0,0,0,0,-521000,0,0,0,40000,561000,-521000,-521000
2316,楠梓電          ,1666000,2657000,-991000,0,0,0,0,0,0,468000,81000,8000,73000,777000,382000,395000,-523000
056828,國巨富邦9A購03  ,0,0,0,0,0,0,0,0,0,-525000,0,0,0,129000,654000,-525000,-525000
050866,景碩永豐95購01  ,0,0,0,0,0,0,0,0,0,-527000,0,0,0,293000,820000,-527000,-527000
3653,健策            ,429000,85000,344000,0,0,0,0,662000,-662000,-211000,22000,172000,-150000,21000,82000,-61000,-529000
054871,明泰群益98購01  ,0,0,0,0,0,0,0,0,0,-531000,0,0,0,0,531000,-531000,-531000
2338,光罩            ,150000,419000,-269000,0,0,0,0,0,0,-263000,0,1000,-1000,8000,270000,-262000,-532000
052020,聯茂永豐95購02  ,0,0,0,0,0,0,0,0,0,-533000,0,0,0,100000,633000,-533000,-533000
051367,可成富邦97購01  ,0,0,0,0,0,0,0,0,0,-534000,0,0,0,44000,578000,-534000,-534000
06496P,台灣50日盛98售01,0,0,0,0,0,0,0,0,0,-535000,0,0,0,789000,1324000,-535000,-535000
056605,台積電富邦9B購02,0,0,0,0,0,0,0,0,0,-537000,0,0,0,45000,582000,-537000,-537000
056155,嘉晶凱基97購01  ,0,0,0,0,0,0,0,0,0,-537000,0,0,0,36000,573000,-537000,-537000
00640L,富邦日本正2     ,0,0,0,0,0,0,0,0,0,-538000,0,0,0,114000,652000,-538000,-538000
4564,元翎            ,43000,581000,-538000,0,0,0,0,0,0,0,0,0,0,0,0,0,-538000
051506,台積電元富95購06,0,0,0,0,0,0,0,0,0,-543000,0,0,0,1666000,2209000,-543000,-543000
051675,瑞儀元大96購02  ,0,0,0,0,0,0,0,0,0,-543000,0,0,0,0,543000,-543000,-543000
054993,南亞科元富97購03,0,0,0,0,0,0,0,0,0,-544000,0,0,0,10000,554000,-544000,-544000
056675,聯發科元富02購01,0,0,0,0,0,0,0,0,0,-545000,0,0,0,20000,565000,-545000,-545000
00852L,國泰美國道瓊正2 ,0,0,0,0,0,0,0,0,0,-548000,0,0,0,99000,647000,-548000,-548000
03658C,T50反1元大9A牛02,0,0,0,0,0,0,0,0,0,-550000,0,0,0,0,550000,-550000,-550000
052605,聯發科元大96購06,0,0,0,0,0,0,0,0,0,-550000,0,0,0,0,550000,-550000,-550000
052913,鴻海元富96購05  ,0,0,0,0,0,0,0,0,0,-550000,0,0,0,0,550000,-550000,-550000
054918,華新科凱基98購02,0,0,0,0,0,0,0,0,0,-554000,0,0,0,20000,574000,-554000,-554000
056797,台積電麥證98購01,0,0,0,0,555000,-555000,0,0,0,-555000,0,0,0,0,555000,-555000,-555000
053043,嘉晶凱基96購01  ,0,0,0,0,0,0,0,0,0,-555000,0,0,0,162000,717000,-555000,-555000
054197,台積電永昌96購07,0,0,0,0,0,0,0,0,0,-556000,0,0,0,1909000,2465000,-556000,-556000
055994,聯發科國泰99購02,0,0,0,0,0,0,0,0,0,-557000,0,0,0,23000,580000,-557000,-557000
055701,亞德客富邦99購01,0,0,0,0,0,0,0,0,0,-559000,0,0,0,0,559000,-559000,-559000
04207P,臺股指元大93售47,0,0,0,0,0,0,0,0,0,-560000,0,0,0,40000,600000,-560000,-560000
052734,台表科國泰98購02,0,0,0,0,0,0,0,0,0,-560000,0,0,0,0,560000,-560000,-560000
055002,群創元富99購04  ,0,0,0,0,0,0,0,0,0,-562000,0,0,0,27000,589000,-562000,-562000
054896,聯茂日盛97購01  ,0,0,0,0,0,0,0,0,0,-563000,0,0,0,122000,685000,-563000,-563000
051858,上銀凱基95購01  ,0,0,0,0,0,0,0,0,0,-568000,0,0,0,12000,580000,-568000,-568000
054427,潤泰全富邦97購01,0,0,0,0,0,0,0,0,0,-570000,0,0,0,0,570000,-570000,-570000
053691,聯發科元大96購16,0,0,0,0,0,0,0,0,0,-570000,0,0,0,0,570000,-570000,-570000
051259,鴻海永昌96購03  ,0,0,0,0,0,0,0,0,0,-571000,0,0,0,349000,920000,-571000,-571000
056856,華通群益9A購01  ,0,0,0,0,0,0,0,0,0,-572000,0,0,0,41000,613000,-572000,-572000
052929,可成元大96購02  ,0,0,0,0,0,0,0,0,0,-572000,0,0,0,153000,725000,-572000,-572000
055792,臺股指凱基97購15,0,0,0,0,0,0,0,0,0,-574000,0,0,0,60000,634000,-574000,-574000
2104,國際中橡        ,108000,706000,-598000,0,0,0,0,0,0,24000,28000,4000,24000,0,0,0,-574000
04168P,元金2X凱基99售01,0,0,0,0,0,0,0,0,0,-579000,0,0,0,250000,829000,-579000,-579000
045618,元油2X永豐98購01,0,0,0,0,0,0,0,0,0,-581000,0,0,0,0,581000,-581000,-581000
052653,臺股指永豐97購01,0,0,0,0,0,0,0,0,0,-583000,0,0,0,151000,734000,-583000,-583000
047586,聯發科永豐94購01,0,0,0,0,0,0,0,0,0,-585000,0,0,0,0,585000,-585000,-585000
045663,元油2X元富94購01,0,0,0,0,0,0,0,0,0,-587000,0,0,0,0,587000,-587000,-587000
049783,元油2X兆豐95購01,0,0,0,0,0,0,0,0,0,-589000,0,0,0,1000,590000,-589000,-589000
052417,聯發科兆豐9B購01,0,0,0,0,0,0,0,0,0,-590000,0,0,0,0,590000,-590000,-590000
052764,景碩群益98購01  ,0,0,0,0,0,0,0,0,0,-592000,0,0,0,216000,808000,-592000,-592000
051843,聯發科富邦99購01,0,0,0,0,0,0,0,0,0,-594000,0,0,0,645000,1239000,-594000,-594000
057542,上銀凱基99購01  ,0,0,0,0,0,0,0,0,0,-596000,0,0,0,16000,612000,-596000,-596000
9910,豐泰            ,402600,960900,-558300,0,0,0,7000,0,7000,-45000,0,45000,-45000,0,0,0,-596300
06125P,楠梓電元富99售01,0,0,0,0,0,0,0,0,0,-599000,0,0,0,0,599000,-599000,-599000
047470,聯發科中信94購03,0,0,0,0,0,0,0,0,0,-600000,0,0,0,100000,700000,-600000,-600000
050835,GIS凱基96購01   ,0,0,0,0,0,0,0,0,0,-600000,0,0,0,0,600000,-600000,-600000
055184,群創統一98購02  ,0,0,0,0,0,0,0,0,0,-600000,0,0,0,48000,648000,-600000,-600000
054462,旺宏凱基96購08  ,0,0,0,0,0,0,0,0,0,-601000,0,0,0,20000,621000,-601000,-601000
03651C,臺股指凱基97牛17,0,0,0,0,0,0,0,0,0,-603000,0,0,0,29000,632000,-603000,-603000
057699,可成群益9A購02  ,0,0,0,0,0,0,0,0,0,-607000,0,0,0,90000,697000,-607000,-607000
00674R,元大S&P黃金反1  ,0,0,0,0,0,0,0,0,0,-607000,0,0,0,10000,617000,-607000,-607000
2049,上銀            ,253000,910120,-657120,0,0,0,12000,0,12000,38000,63000,13000,50000,29000,41000,-12000,-607120
1310,台苯            ,257000,876000,-619000,0,0,0,12000,0,12000,-1000,0,1000,-1000,0,0,0,-608000
9944,新麗            ,165000,770000,-605000,0,0,0,0,0,0,-3000,0,3000,-3000,0,0,0,-608000
054981,國巨元富97購02  ,0,0,0,0,0,0,0,0,0,-611000,0,0,0,676000,1287000,-611000,-611000
6257,矽格            ,128000,502000,-374000,0,0,0,0,244435,-244435,5000,63000,22000,41000,11000,47000,-36000,-613435
056257,聯茂元富97購04  ,0,0,0,0,0,0,0,0,0,-614000,0,0,0,54000,668000,-614000,-614000
055060,聯陽永豐97購01  ,0,0,0,0,0,0,0,0,0,-614000,0,0,0,50000,664000,-614000,-614000
057300,訊連永豐98購01  ,0,0,0,0,0,0,0,0,0,-615000,0,0,0,126000,741000,-615000,-615000
055013,訊連元富97購01  ,0,0,0,0,0,0,0,0,0,-616000,0,0,0,332000,948000,-616000,-616000
048364,臺股指永豐93購04,0,0,0,0,0,0,0,0,0,-617000,0,0,0,0,617000,-617000,-617000
054733,鴻海凱基98購04  ,0,0,0,0,0,0,0,0,0,-617000,0,0,0,18000,635000,-617000,-617000
057472,T50正2元大9B購03,0,0,0,0,0,0,0,0,0,-618000,0,0,0,0,618000,-618000,-618000
057047,華新科元大99購07,0,0,0,0,0,0,0,0,0,-621000,0,0,0,35000,656000,-621000,-621000
056585,台積電統一9A購01,0,0,0,0,0,0,0,0,0,-623000,0,0,0,65000,688000,-623000,-623000
054727,台積電日盛97購02,0,0,0,0,0,0,0,0,0,-624000,0,0,0,300000,924000,-624000,-624000
054114,新光金台新97購01,0,0,0,0,0,0,0,0,0,-627000,0,0,0,0,627000,-627000,-627000
049271,百和元大94購01  ,0,0,0,0,0,0,0,0,0,-631000,0,0,0,0,631000,-631000,-631000
4935,茂林-KY         ,191000,483961,-292961,0,0,0,0,27000,-27000,-317000,44000,378000,-334000,22000,5000,17000,-636961
044693,滬深2X元大94購01,0,0,0,0,0,0,0,0,0,-638000,0,0,0,10000,648000,-638000,-638000
050708,臺股指凱基96購06,0,0,0,0,0,0,0,0,0,-638000,0,0,0,22000,660000,-638000,-638000
1304,台聚            ,157000,508000,-351000,0,0,0,0,266000,-266000,-23000,10000,33000,-23000,0,0,0,-640000
054534,台積電富邦98購03,0,0,0,0,0,0,0,0,0,-647000,0,0,0,0,647000,-647000,-647000
048745,儒鴻元富97購02  ,0,0,0,0,0,0,0,0,0,-653000,0,0,0,0,653000,-653000,-653000
053179,大立光統一96購04,0,0,0,0,0,0,0,0,0,-665000,0,0,0,0,665000,-665000,-665000
1210,大成            ,178000,593000,-415000,0,0,0,0,256000,-256000,4000,4000,0,4000,0,0,0,-667000
055655,群創元富99購07  ,0,0,0,0,0,0,0,0,0,-670000,0,0,0,660000,1330000,-670000,-670000
6176,瑞儀            ,325600,1046000,-720400,0,0,0,0,0,0,48000,14000,31000,-17000,71000,6000,65000,-672400
055202,神達群益97購01  ,0,153000,-153000,0,0,0,0,0,0,-523000,0,0,0,223000,746000,-523000,-676000
055982,T50反1元富97購01,0,0,0,0,0,0,0,0,0,-678000,0,0,0,0,678000,-678000,-678000
053911,臺股指凱基96購31,0,0,0,0,0,0,0,0,0,-678000,0,0,0,8000,686000,-678000,-678000
2385,群光            ,438000,1164197,-726197,0,0,0,16000,0,16000,32000,2000,10000,-8000,51000,11000,40000,-678197
052576,聯茂凱基96購01  ,0,0,0,0,0,0,0,0,0,-681000,0,0,0,278000,959000,-681000,-681000
055190,華新科元富97購01,0,0,0,0,0,0,0,0,0,-686000,0,0,0,23000,709000,-686000,-686000
054137,聯詠元大97購02  ,0,0,0,0,0,0,0,0,0,-688000,0,0,0,257000,945000,-688000,-688000
006208,富邦台50        ,0,0,0,0,0,0,0,0,0,-692000,0,0,0,256000,948000,-692000,-692000
2357,華碩            ,312000,1040158,-728158,0,0,0,14000,0,14000,22000,8000,4000,4000,19000,1000,18000,-692158
3661,世芯-KY         ,736000,1201000,-465000,0,0,0,0,183000,-183000,-46000,9000,10000,-1000,3000,48000,-45000,-694000
03648C,T50反1元大96牛07,0,0,0,0,0,0,0,0,0,-695000,0,0,0,5000,700000,-695000,-695000
1201,味全            ,164000,832000,-668000,0,0,0,0,0,0,-28000,0,0,0,0,28000,-28000,-696000
052069,聯茂兆豐96購01  ,0,0,0,0,0,0,0,0,0,-699000,0,0,0,1000,700000,-699000,-699000
2375,凱美            ,99050,568000,-468950,0,0,0,0,0,0,-241000,0,0,0,44000,285000,-241000,-709950
2455,全新            ,407000,328000,79000,0,0,0,0,736000,-736000,-53000,18000,42000,-24000,16000,45000,-29000,-710000
049766,滬深2X元富94購02,0,0,0,0,0,0,0,0,0,-712000,0,0,0,131000,843000,-712000,-712000
2903,遠百            ,209000,943000,-734000,0,0,0,0,0,0,22000,23000,1000,22000,0,0,0,-712000
051924,聯茂日盛95購01  ,0,0,0,0,0,0,0,0,0,-714000,0,0,0,45000,759000,-714000,-714000
051679,百和元大95購02  ,0,0,0,0,0,0,0,0,0,-718000,0,0,0,25000,743000,-718000,-718000
055868,臺股指元大97購07,0,0,0,0,0,0,0,0,0,-719000,0,0,0,0,719000,-719000,-719000
044290,群創凱基93購05  ,0,0,0,0,0,0,0,0,0,-720000,0,0,0,0,720000,-720000,-720000
052644,聯發科永豐96購01,0,0,0,0,0,0,0,0,0,-728000,0,0,0,7000,735000,-728000,-728000
052708,楠梓電永豐97購01,0,0,0,0,0,0,0,0,0,-729000,0,0,0,40000,769000,-729000,-729000
055421,玉晶光永豐98購04,0,0,0,0,0,0,0,0,0,-730000,0,0,0,102000,832000,-730000,-730000
049545,台積電群益94購09,0,0,0,0,0,0,0,0,0,-731000,0,0,0,150000,881000,-731000,-731000
04914P,國巨國泰95售06  ,0,0,0,0,0,0,0,0,0,-732000,0,0,0,607000,1339000,-732000,-732000
00670L,富邦NASDAQ正2   ,1000,0,1000,0,0,0,0,0,0,-738000,0,0,0,110000,848000,-738000,-737000
053172,瑞儀群益97購01  ,0,0,0,0,0,0,0,0,0,-739000,0,0,0,0,739000,-739000,-739000
055703,緯穎富邦98購01  ,0,0,0,0,0,0,0,0,0,-741000,0,0,0,125000,866000,-741000,-741000
053869,嘉澤元大96購02  ,0,0,0,0,0,0,0,0,0,-747000,0,0,0,85000,832000,-747000,-747000
00762,元大全球AI      ,0,0,0,0,0,0,0,0,0,-748000,0,0,0,13000,761000,-748000,-748000
1609,大亞            ,38000,790000,-752000,0,0,0,3000,0,3000,-1000,0,1000,-1000,0,0,0,-750000
053413,台積電國票99購01,0,0,0,0,0,0,0,0,0,-753000,0,0,0,20000,773000,-753000,-753000
056594,台積電元富98購03,0,0,0,0,0,0,0,0,0,-755000,0,0,0,1348000,2103000,-755000,-755000
3450,聯鈞            ,572000,1336000,-764000,0,0,0,67000,0,67000,-62000,222000,179000,43000,156000,261000,-105000,-759000
047285,鴻海統一95購02  ,0,0,0,0,0,0,0,0,0,-761000,0,0,0,62000,823000,-761000,-761000
1504,東元            ,1390000,2161000,-771000,0,0,0,38000,0,38000,-29000,4000,3000,1000,0,30000,-30000,-762000
057777,可成群益9A購03  ,0,0,0,0,0,0,0,0,0,-765000,0,0,0,68000,833000,-765000,-765000
045189,大立光元富98購01,0,0,0,0,0,0,0,0,0,-765000,0,0,0,46000,811000,-765000,-765000
05289P,鴻海永豐95售05  ,0,0,0,0,0,0,0,0,0,-766000,0,0,0,95000,861000,-766000,-766000
057737,國巨富邦99購02  ,0,0,0,0,0,0,0,0,0,-767000,0,0,0,5000,772000,-767000,-767000
050613,台光電元大94購09,0,0,0,0,0,0,0,0,0,-768000,0,0,0,0,768000,-768000,-768000
052317,台積電元大96購11,0,0,0,0,0,0,0,0,0,-772000,0,0,0,241000,1013000,-772000,-772000
6196,帆宣            ,124000,744000,-620000,0,0,0,0,0,0,-157000,18000,26000,-8000,1000,150000,-149000,-777000
050715,台積電群益96購01,0,0,0,0,0,0,0,0,0,-787000,0,0,0,1170000,1957000,-787000,-787000
053596,嘉澤元大96購01  ,0,0,0,0,0,0,0,0,0,-789000,0,0,0,0,789000,-789000,-789000
051835,百和元大95購03  ,0,0,0,0,0,0,0,0,0,-795000,0,0,0,0,795000,-795000,-795000
1477,聚陽            ,91000,733000,-642000,0,0,0,0,257100,-257100,104000,101000,0,101000,5000,2000,3000,-795100
057721,華擎元富98購02  ,0,0,0,0,0,0,0,0,0,-800000,0,0,0,111000,911000,-800000,-800000
045873,元油2X元富98購04,0,0,0,0,0,0,0,0,0,-800000,0,0,0,77000,877000,-800000,-800000
052306,鴻海國泰97購05  ,0,0,0,0,0,0,0,0,0,-800000,0,0,0,0,800000,-800000,-800000
053436,聯茂日盛96購01  ,0,0,0,0,0,0,0,0,0,-801000,0,0,0,28000,829000,-801000,-801000
049114,玉晶光統一94購02,0,0,0,0,0,0,0,0,0,-803000,0,0,0,399000,1202000,-803000,-803000
056829,台積電富邦9A購01,0,0,0,0,0,0,0,0,0,-805000,0,0,0,690000,1495000,-805000,-805000
054552,聯發科凱基98購03,0,0,0,0,0,0,0,0,0,-805000,0,0,0,112000,917000,-805000,-805000
5469,瀚宇博          ,831000,1196000,-365000,0,0,0,0,0,0,-449000,6000,7000,-1000,9000,457000,-448000,-814000
2489,瑞軒            ,124000,934000,-810000,0,0,0,0,0,0,-10000,0,10000,-10000,0,0,0,-820000
052497,楠梓電永豐96購01,0,0,0,0,0,0,0,0,0,-823000,0,0,0,30000,853000,-823000,-823000
051500,聯茂群益95購01  ,0,0,0,0,0,0,0,0,0,-834000,0,0,0,146000,980000,-834000,-834000
053507,百和兆豐96購01  ,0,0,0,0,0,0,0,0,0,-834000,0,0,0,43000,877000,-834000,-834000
4968,立積            ,138000,859000,-721000,0,0,0,0,0,0,-122000,12000,114000,-102000,32000,52000,-20000,-843000
057806,國巨元大98購20  ,0,0,0,0,0,0,0,0,0,-846000,0,0,0,65000,911000,-846000,-846000
03650C,T50反1元大98牛05,0,0,0,0,0,0,0,0,0,-850000,0,0,0,0,850000,-850000,-850000
052681,T50反1元大98購02,0,0,0,0,0,0,0,0,0,-863000,0,0,0,51000,914000,-863000,-863000
2327,國巨            ,2271250,3421000,-1149750,0,0,0,122000,20000,102000,170000,324000,258000,66000,221000,117000,104000,-877750
047421,聯茂富邦97購01  ,0,0,0,0,0,0,0,0,0,-891000,0,0,0,91000,982000,-891000,-891000
055678,上銀凱基97購02  ,0,0,0,0,0,0,0,0,0,-898000,0,0,0,7000,905000,-898000,-898000
050254,大立光富邦96購02,0,0,0,0,0,0,0,0,0,-900000,0,0,0,0,900000,-900000,-900000
054640,健策中信9B購01  ,0,0,0,0,0,0,0,0,0,-906000,0,0,0,74000,980000,-906000,-906000
055018,緯穎元富97購02  ,0,0,0,0,0,0,0,0,0,-906000,0,0,0,10000,916000,-906000,-906000
049576,元油2X元大94購06,0,0,0,0,0,0,0,0,0,-913000,0,0,0,60000,973000,-913000,-913000
2520,冠德            ,260000,614000,-354000,0,0,0,0,449000,-449000,-116000,0,0,0,0,116000,-116000,-919000
051142,臺股指永豐95購02,0,0,0,0,0,0,0,0,0,-920000,0,0,0,319000,1239000,-920000,-920000
050991,元油2X元大96購04,0,0,0,0,0,0,0,0,0,-920000,0,0,0,336000,1256000,-920000,-920000
3702,大聯大          ,446000,1483000,-1037000,0,0,0,12000,0,12000,103000,10000,53000,-43000,147000,1000,146000,-922000
5607,遠雄港          ,4000,927000,-923000,0,0,0,0,0,0,0,0,0,0,0,0,0,-923000
05950P,台積電國票97售04,0,0,0,0,0,0,0,0,0,-940000,0,0,0,23000,963000,-940000,-940000
05901P,臺股指凱基9C售01,0,0,0,0,0,0,0,0,0,-941000,0,0,0,171000,1112000,-941000,-941000
057429,華新科兆豐98購03,0,0,0,0,0,0,0,0,0,-944000,0,0,0,157000,1101000,-944000,-944000
2542,興富發          ,520000,1472000,-952000,0,0,0,0,0,0,6000,22000,14000,8000,0,2000,-2000,-946000
055998,臺股指富邦99購01,0,0,0,0,0,0,0,0,0,-951000,0,0,0,0,951000,-951000,-951000
4915,致伸            ,225000,1144008,-919008,0,0,0,0,0,0,-35000,0,5000,-5000,0,30000,-30000,-954008
049214,台達電國票95購01,0,0,0,0,0,0,0,0,0,-959000,0,0,0,40000,999000,-959000,-959000
3035,智原            ,496000,700000,-204000,0,0,0,1000,719000,-718000,-38000,4000,27000,-23000,20000,35000,-15000,-960000
9945,潤泰新          ,152000,1165000,-1013000,0,0,0,0,0,0,49000,36000,1000,35000,14000,0,14000,-964000
05777P,台積電統一96售04,0,0,0,0,0,0,0,0,0,-973000,0,0,0,25000,998000,-973000,-973000
053114,聯茂兆豐97購01  ,0,0,0,0,0,0,0,0,0,-973000,0,0,0,120000,1093000,-973000,-973000
054038,T50反1元大98購04,0,0,0,0,0,0,0,0,0,-973000,0,0,0,494000,1467000,-973000,-973000
050142,聯發科元富9A購01,0,0,0,0,0,0,0,0,0,-974000,0,0,0,156000,1130000,-974000,-974000
052048,景碩凱基95購01  ,0,0,0,0,0,0,0,0,0,-975000,0,0,0,151000,1126000,-975000,-975000
4958,臻鼎-KY         ,797200,1803000,-1005800,0,0,0,4000,0,4000,26000,242000,244000,-2000,44000,16000,28000,-975800
050171,臺指反元大97購03,0,0,0,0,0,0,0,0,0,-986000,0,0,0,0,986000,-986000,-986000
056703,群創國泰9A購01  ,0,0,0,0,0,0,0,0,0,-993000,0,0,0,57000,1050000,-993000,-993000
00715L,街口布蘭特油正2 ,0,0,0,0,0,0,0,0,0,-993000,0,0,0,1000,994000,-993000,-993000
054877,百和群益98購01  ,0,0,0,0,0,0,0,0,0,-998000,0,0,0,29000,1027000,-998000,-998000
053860,台積電元大98購03,0,0,0,0,0,0,0,0,0,-1001000,0,0,0,17000,1018000,-1001000,-1001000
054198,台積電永昌96購08,0,0,0,0,0,0,0,0,0,-1004000,0,0,0,340000,1344000,-1004000,-1004000
052677,景碩富邦97購01  ,0,0,0,0,0,0,0,0,0,-1008000,0,0,0,357000,1365000,-1008000,-1008000
056756,T50反1元大98購06,0,0,0,0,0,0,0,0,0,-1009000,0,0,0,468000,1477000,-1009000,-1009000
055223,和大國票98購01  ,0,0,0,0,0,0,0,0,0,-1015000,0,0,0,5000,1020000,-1015000,-1015000
2014,中鴻            ,293000,1309000,-1016000,0,0,0,0,0,0,0,2000,2000,0,0,0,0,-1016000
055863,緯穎元大97購05  ,0,0,0,0,0,0,0,0,0,-1022000,0,0,0,153000,1175000,-1022000,-1022000
052135,聯發科凱基9B購01,0,0,0,0,0,0,0,0,0,-1031000,0,0,0,373000,1404000,-1031000,-1031000
055417,健策富邦98購02  ,0,0,0,0,0,0,0,0,0,-1035000,0,0,0,35000,1070000,-1035000,-1035000
050885,T50反1富邦95購01,0,0,0,0,0,0,0,0,0,-1036000,0,0,0,0,1036000,-1036000,-1036000
051923,聯發科日盛95購02,0,0,0,0,0,0,0,0,0,-1045000,0,0,0,0,1045000,-1045000,-1045000
6005,群益證          ,421000,1506000,-1085000,0,0,0,34000,0,34000,0,0,0,0,0,0,0,-1051000
9921,巨大            ,371000,1286000,-915000,0,0,0,7000,145000,-138000,-1000,0,1000,-1000,0,0,0,-1054000
053699,臺股指元大96購22,0,0,0,0,0,0,0,0,0,-1058000,0,0,0,90000,1148000,-1058000,-1058000
00830,國泰費城半導體  ,2000,435000,-433000,0,0,0,0,0,0,-632000,0,0,0,63000,695000,-632000,-1065000
2371,大同            ,1771000,2766000,-995000,0,0,0,6000,0,6000,-85000,15000,100000,-85000,0,0,0,-1074000
055432,臻鼎群益97購02  ,0,0,0,0,0,0,0,0,0,-1076000,0,0,0,42000,1118000,-1076000,-1076000
2349,錸德            ,135000,1222000,-1087000,0,0,0,4000,0,4000,-3000,0,3000,-3000,0,0,0,-1086000
2448,晶電            ,849000,1959000,-1110000,0,0,0,3000,0,3000,19000,146000,127000,19000,0,0,0,-1088000
055450,台積電元富97購01,0,0,0,0,0,0,0,0,0,-1095000,0,0,0,370000,1465000,-1095000,-1095000
6505,台塑化          ,464000,1903453,-1439453,0,0,0,73000,0,73000,269000,13000,14000,-1000,270000,0,270000,-1097453
2379,瑞昱            ,539050,1459233,-920183,0,0,0,2000,160000,-158000,-22000,34000,39000,-5000,21000,38000,-17000,-1100183
2354,鴻準            ,657000,1754000,-1097000,0,0,0,3000,0,3000,-12000,4000,16000,-12000,0,0,0,-1106000
052986,聯發科元大97購05,0,0,0,0,0,0,0,0,0,-1108000,0,0,0,101000,1209000,-1108000,-1108000
3017,奇鋐            ,1647000,1854000,-207000,0,0,0,0,964000,-964000,56000,0,1000,-1000,76000,19000,57000,-1115000
043958,臻鼎元富94購01  ,0,0,0,0,0,0,0,0,0,-1120000,0,0,0,240000,1360000,-1120000,-1120000
2329,華泰            ,97000,1155000,-1058000,0,0,0,0,0,0,-66000,0,14000,-14000,20000,72000,-52000,-1124000
054037,T50反1元大96購09,0,0,0,0,0,0,0,0,0,-1134000,0,0,0,1430000,2564000,-1134000,-1134000
051305,訊連凱基96購01  ,0,0,0,0,0,0,0,0,0,-1142000,0,0,0,35000,1177000,-1142000,-1142000
056782,鴻海群益98購04  ,0,0,0,0,0,0,0,0,0,-1161000,0,0,0,116000,1277000,-1161000,-1161000
044269,群創中信95購01  ,0,0,0,0,0,0,0,0,0,-1185000,0,0,0,259000,1444000,-1185000,-1185000
05660P,玉晶光第一96售01,0,0,0,0,0,0,0,0,0,-1192000,0,0,0,20000,1212000,-1192000,-1192000
2634,漢翔            ,113000,1311000,-1198000,0,0,0,4000,0,4000,-1000,0,1000,-1000,0,0,0,-1195000
051520,新光金凱基97購01,0,0,0,0,0,0,0,0,0,-1200000,0,0,0,0,1200000,-1200000,-1200000
054982,國巨元富97購03  ,0,0,0,0,0,0,0,0,0,-1203000,0,0,0,314000,1517000,-1203000,-1203000
050169,臺指反元大97購01,0,0,0,0,0,0,0,0,0,-1207000,0,0,0,50000,1257000,-1207000,-1207000
054685,國巨永豐97購02  ,0,0,0,0,0,0,0,0,0,-1207000,0,0,0,278000,1485000,-1207000,-1207000
049875,台積電永豐94購04,0,0,0,0,0,0,0,0,0,-1237000,0,0,0,41000,1278000,-1237000,-1237000
041973,台灣50中信94購01,0,0,0,0,0,0,0,0,0,-1241000,0,0,0,2248000,3489000,-1241000,-1241000
00861,元大全球未來通訊,54000,2000,52000,0,0,0,0,0,0,-1296000,0,0,0,1348000,2644000,-1296000,-1244000
055145,T50反1元大97購04,0,11000,-11000,0,0,0,0,0,0,-1260000,0,0,0,1252000,2512000,-1260000,-1271000
055166,台積電統一97購05,0,0,0,0,0,0,0,0,0,-1292000,0,0,0,364000,1656000,-1292000,-1292000
1314,中石化          ,908000,2172000,-1264000,0,0,0,15000,0,15000,-62000,15000,73000,-58000,10000,14000,-4000,-1311000
2504,國產            ,786000,2028000,-1242000,0,0,0,0,254000,-254000,180000,134000,1000,133000,57000,10000,47000,-1316000
054633,臺股指凱基9A購02,0,0,0,0,0,0,0,0,0,-1318000,0,0,0,44000,1362000,-1318000,-1318000
06440P,台積電凱基98售07,0,0,0,0,0,0,0,0,0,-1370000,0,0,0,210000,1580000,-1370000,-1370000
056181,百和元富97購02  ,0,0,0,0,0,0,0,0,0,-1404000,0,0,0,6000,1410000,-1404000,-1404000
057474,T50反1元大98購09,0,0,0,0,0,0,0,0,0,-1425000,0,0,0,0,1425000,-1425000,-1425000
2308,台達電          ,1866958,3322476,-1455518,0,0,0,52000,0,52000,-43000,34000,67000,-33000,21000,31000,-10000,-1446518
055144,T50反1元大97購03,0,0,0,0,0,0,0,0,0,-1455000,0,0,0,842000,2297000,-1455000,-1455000
054036,T50反1元大96購08,0,0,0,0,0,0,0,0,0,-1460000,0,0,0,461000,1921000,-1460000,-1460000
056757,T50反1元大98購07,0,0,0,0,0,0,0,0,0,-1473000,0,0,0,0,1473000,-1473000,-1473000
2867,三商壽          ,92000,1556933,-1464933,0,0,0,0,0,0,-34000,0,34000,-34000,0,0,0,-1498933
056051,T50反1元大97購05,0,0,0,0,0,0,0,0,0,-1502000,0,0,0,1637000,3139000,-1502000,-1502000
2367,燿華            ,692000,2037000,-1345000,0,0,0,0,0,0,-171000,0,3000,-3000,33000,201000,-168000,-1516000
2105,正新            ,427000,2056368,-1629368,0,0,0,35000,0,35000,2000,4000,2000,2000,0,0,0,-1592368
2912,統一超          ,316000,1948742,-1632742,0,0,0,15000,0,15000,1000,2000,1000,1000,0,0,0,-1616742
054983,國巨元富97購04  ,0,0,0,0,0,0,0,0,0,-1643000,0,0,0,755000,2398000,-1643000,-1643000
00634R,富邦上証反1     ,232000,4066000,-3834000,0,0,0,0,0,0,2142000,1000000,0,1000000,2686000,1544000,1142000,-1692000
052736,T50反1元大96購05,0,0,0,0,0,0,0,0,0,-1713000,0,0,0,0,1713000,-1713000,-1713000
3673,TPK-KY          ,433000,2029000,-1596000,0,0,0,5000,0,5000,-137000,28000,44000,-16000,19000,140000,-121000,-1728000
3049,和鑫            ,133000,1757000,-1624000,0,0,0,0,0,0,-108000,0,2000,-2000,2000,108000,-106000,-1732000
00752,中信中國50      ,0,0,0,0,0,0,0,0,0,-1770000,0,0,0,448000,2218000,-1770000,-1770000
2347,聯強            ,1045000,2983000,-1938000,0,0,0,4000,0,4000,110000,0,19000,-19000,129000,0,129000,-1824000
2323,中環            ,607000,2261000,-1654000,0,0,0,4000,0,4000,-230000,5000,22000,-17000,3000,216000,-213000,-1880000
3576,聯合再生        ,54000,1970000,-1916000,0,0,0,0,0,0,-6000,0,6000,-6000,0,0,0,-1922000
6285,啟碁            ,194000,2339000,-2145000,0,0,0,1000,0,1000,100000,110000,6000,104000,2000,6000,-4000,-2044000
055411,國巨富邦9A購02  ,0,0,0,0,0,0,0,0,0,-2089000,0,0,0,248000,2337000,-2089000,-2089000
5876,上海商銀        ,1528000,3818700,-2290700,0,0,0,10000,50000,-40000,235000,252000,0,252000,21000,38000,-17000,-2095700
056052,T50反1元大97購06,0,0,0,0,0,0,0,0,0,-2171000,0,0,0,296000,2467000,-2171000,-2171000
2352,佳世達          ,373000,2406000,-2033000,0,0,0,13000,0,13000,-166000,0,36000,-36000,0,130000,-130000,-2186000
3711,日月光投控      ,4799000,7329430,-2530430,0,0,0,93000,117000,-24000,335000,172000,69000,103000,242000,10000,232000,-2219430
056005,臺股指永豐97購04,0,0,0,0,0,0,0,0,0,-2268000,0,0,0,297000,2565000,-2268000,-2268000
1102,亞泥            ,3573000,6189281,-2616281,0,0,0,59000,0,59000,289000,227000,16000,211000,141000,63000,78000,-2268281
1714,和桐            ,593000,2884000,-2291000,0,0,0,0,0,0,-2000,12000,14000,-2000,0,0,0,-2293000
05400P,台積電永豐95售05,0,20000,-20000,0,0,0,0,0,0,-2341000,0,0,0,953000,3294000,-2341000,-2361000
1303,南亞            ,1790000,4592880,-2802880,0,0,0,281000,0,281000,-21000,6000,7000,-1000,0,20000,-20000,-2542880
00655L,國泰中國A50正2  ,65000,0,65000,0,0,0,0,0,0,-2649000,0,0,0,3166000,5815000,-2649000,-2584000
3231,緯創            ,2185000,4748690,-2563690,0,0,0,66000,0,66000,-108000,2000,37000,-35000,159000,232000,-73000,-2605690
2201,裕隆            ,900000,3606000,-2706000,0,0,0,25000,0,25000,73000,0,1000,-1000,90000,16000,74000,-2608000
2303,聯電            ,29315000,30711361,-1396361,0,0,0,295000,0,295000,-1577000,332000,898000,-566000,2000,1013000,-1011000,-2678361
2301,光寶科          ,2694765,5540129,-2845364,0,0,0,41000,0,41000,99000,38000,8000,30000,92000,23000,69000,-2705364
2353,宏碁            ,1872000,4549332,-2677332,0,0,0,55000,0,55000,-111000,48000,96000,-48000,8000,71000,-63000,-2733332
2412,中華電          ,1150000,4277999,-3127999,0,0,0,351000,0,351000,-19000,0,18000,-18000,0,1000,-1000,-2795999
2838,聯邦銀          ,167000,3008000,-2841000,0,0,0,0,0,0,3000,3000,0,3000,0,0,0,-2838000
2633,台灣高鐵        ,1425000,4392745,-2967745,0,0,0,50000,0,50000,-24000,26000,12000,14000,11000,49000,-38000,-2941745
00738U,元大道瓊白銀    ,45000,685000,-640000,0,0,0,0,0,0,-2410000,0,0,0,1034000,3444000,-2410000,-3050000
2324,仁寶            ,2139000,5907209,-3768209,0,0,0,194000,0,194000,499000,304000,65000,239000,260000,0,260000,-3075209
00631L,元大台灣50正2   ,22000,167000,-145000,0,0,0,0,0,0,-3013000,8000,0,8000,660000,3681000,-3021000,-3158000
1101,台泥            ,2090300,6198625,-4108325,0,0,0,703000,0,703000,185000,299000,215000,84000,148000,47000,101000,-3220325
055809,T50反1國票98購02,0,0,0,0,0,0,0,0,0,-3296000,0,0,0,0,3296000,-3296000,-3296000
056698,T50反1國泰9A購01,0,0,0,0,0,0,0,0,0,-3360000,0,0,0,15000,3375000,-3360000,-3360000
1216,統一            ,13943000,17582491,-3639491,0,0,0,266000,15000,251000,4000,14000,4000,10000,9000,15000,-6000,-3384491
052150,台積電富邦95購07,0,0,0,0,0,0,0,0,0,-3473000,0,0,0,0,3473000,-3473000,-3473000
1326,台化            ,1099000,4949650,-3850650,0,0,0,201000,0,201000,47000,4000,2000,2000,46000,1000,45000,-3602650
2801,彰銀            ,1184000,5122258,-3938258,0,0,0,305000,0,305000,-27000,0,2000,-2000,22000,47000,-25000,-3660258
00692,富邦公司治理    ,1000,1000,0,0,0,0,0,0,0,-3817000,0,0,0,1101000,4918000,-3817000,-3817000
9904,寶成            ,868400,4857164,-3988764,0,0,0,126000,0,126000,-8000,0,8000,-8000,0,0,0,-3870764
1605,華新            ,470000,4574000,-4104000,0,0,0,14000,0,14000,198000,11000,2000,9000,467000,278000,189000,-3892000
00701,國泰股利精選30  ,11000,0,11000,0,0,0,0,0,0,-3961000,0,0,0,0,3961000,-3961000,-3950000
051133,台積電永豐95購02,0,0,0,0,0,0,0,0,0,-4085000,0,0,0,1999000,6084000,-4085000,-4085000
053564,台積電富邦99購01,40000,0,40000,0,0,0,0,0,0,-4184000,0,0,0,0,4184000,-4184000,-4144000
2887,台新金          ,2368000,6997821,-4629821,0,0,0,475000,0,475000,1000,1000,6000,-5000,6000,0,6000,-4153821
2886,兆豐金          ,5040000,11289000,-6249000,0,0,0,518000,0,518000,1501000,1340000,7000,1333000,168000,0,168000,-4230000
1301,台塑            ,1164000,5514045,-4350045,0,0,0,52000,70000,-18000,28000,43000,2000,41000,6000,19000,-13000,-4340045
1402,遠東新          ,725000,5325087,-4600087,0,0,0,187000,0,187000,66000,88000,4000,84000,29000,47000,-18000,-4347087
3045,台灣大          ,722100,5169564,-4447464,0,0,0,47000,0,47000,-23000,7000,30000,-23000,0,0,0,-4423464
4904,遠傳            ,488000,5032260,-4544260,0,0,0,45000,0,45000,6000,18000,12000,6000,0,0,0,-4493260
2888,新光金          ,12251563,16483747,-4232184,0,0,0,271000,0,271000,-588000,0,57000,-57000,433000,964000,-531000,-4549184
2382,廣達            ,1192500,6000042,-4807542,0,0,0,140000,5000,135000,31000,40000,77000,-37000,80000,12000,68000,-4641542
2454,聯發科          ,3062000,7513604,-4451604,0,0,0,53000,181000,-128000,-102000,132000,104000,28000,46000,176000,-130000,-4681604
5871,中租-KY         ,2120800,6779459,-4658659,0,0,0,28000,144520,-116520,12000,19000,7000,12000,0,0,0,-4763179
00642U,元大S&P石油     ,1027000,2499000,-1472000,0,0,0,0,0,0,-3390000,95000,45000,50000,4324000,7764000,-3440000,-4862000
053675,臺股指元富96購02,0,0,0,0,0,0,0,0,0,-4870000,0,0,0,264000,5134000,-4870000,-4870000
2618,長榮航          ,2208000,7991004,-5783004,0,0,0,127000,0,127000,86000,498000,512000,-14000,100000,0,100000,-5570004
2603,長榮            ,704000,6558699,-5854699,0,0,0,60000,0,60000,137000,147000,10000,137000,0,0,0,-5657699
2823,中壽            ,1554000,7387000,-5833000,0,0,0,75000,45000,30000,-6000,9000,1000,8000,32000,46000,-14000,-5809000
2337,旺宏            ,10195000,17226000,-7031000,0,0,0,2018000,608000,1410000,-248000,290000,552000,-262000,298000,284000,14000,-5869000
2892,第一金          ,2281000,8748928,-6467928,0,0,0,476000,0,476000,6000,8000,2000,6000,0,0,0,-5985928
0056,元大高股息      ,2000,2000,0,0,0,0,0,0,0,-6266000,225000,0,225000,42000,6533000,-6491000,-6266000
2890,永豐金          ,3891000,10875000,-6984000,0,0,0,495000,0,495000,15000,6000,3000,3000,12000,0,12000,-6474000
2610,華航            ,3933000,10572749,-6639749,0,0,0,65000,0,65000,-84000,1000,29000,-28000,0,56000,-56000,-6658749
00850,元大臺灣ESG永續 ,7000,0,7000,0,0,0,0,0,0,-6772000,0,0,0,318000,7090000,-6772000,-6765000
053856,台積電富邦98購01,0,0,0,0,0,0,0,0,0,-6927000,0,0,0,0,6927000,-6927000,-6927000
045872,元油2X元富98購03,0,0,0,0,0,0,0,0,0,-6939000,0,0,0,239000,7178000,-6939000,-6939000
2834,臺企銀          ,1137445,9378130,-8240685,0,0,0,228000,0,228000,30000,10000,10000,0,40000,10000,30000,-7982685
5880,合庫金          ,2053000,10535500,-8482500,0,0,0,451000,0,451000,-1000,2000,3000,-1000,0,0,0,-8032500
00633L,富邦上証正2     ,159000,4624000,-4465000,0,0,0,0,0,0,-3633000,0,71000,-71000,4717000,8279000,-3562000,-8098000
2356,英業達          ,879000,9956799,-9077799,0,0,0,104000,0,104000,305000,117000,26000,91000,283000,69000,214000,-8668799
2002,中鋼            ,2564000,11845285,-9281285,0,0,0,590000,0,590000,-7000,3000,10000,-7000,0,0,0,-8698285
2885,元大金          ,4597664,14473535,-9875871,0,0,0,524000,0,524000,631000,620000,4000,616000,34000,19000,15000,-8720871
2880,華南金          ,843635,10023335,-9179700,0,0,0,438000,0,438000,9000,9000,0,9000,0,0,0,-8732700
2884,玉山金          ,3313280,13952534,-10639254,0,0,0,523000,0,523000,1004000,1100000,102000,998000,16000,10000,6000,-9112254
6116,彩晶            ,690000,10658000,-9968000,0,0,0,0,0,0,37000,28000,24000,4000,271000,238000,33000,-9931000
0050,元大台灣50      ,15000,9332000,-9317000,0,0,0,35000,0,35000,-1071990,262000,257000,5000,1324000,2400990,-1076990,-10353990
2882,國泰金          ,1916730,12851247,-10934517,0,0,0,415000,0,415000,-54000,11000,0,11000,10000,75000,-65000,-10573517
2317,鴻海            ,8405200,19508193,-11102993,0,0,0,225000,262000,-37000,-330000,76000,87000,-11000,340000,659000,-319000,-11469993
2881,富邦金          ,1382000,13391738,-12009738,0,0,0,362000,0,362000,80000,109000,18000,91000,51000,62000,-11000,-11567738
2891,中信金          ,8656000,21327763,-12671763,0,0,0,877000,0,877000,-360000,206000,401000,-195000,6000,171000,-165000,-12154763
2883,開發金          ,3441000,18225704,-14784704,0,0,0,654000,0,654000,-52000,48000,5000,43000,35000,130000,-95000,-14182704
2330,台積電          ,8760493,35236729,-26476236,0,0,0,496000,265000,231000,49025,1146000,497000,649000,145000,744975,-599975,-26196211
3481,群創            ,45920000,81129227,-35209227,0,0,0,1937000,3011000,-1074000,-581000,1182000,2462000,-1280000,2290000,1591000,699000,-36864227
00637L,元大滬深300正2  ,3176000,30224000,-27048000,0,0,0,0,0,0,-10840000,0,181000,-181000,26652000,37311000,-10659000,-37888000
00672L,元大S&P原油正2  ,6646000,20806000,-14160000,0,0,0,0,0,0,-87418000,800000,0,800000,11434000,99652000,-88218000,-101578000
