證券代號,證券名稱,外陸資買進股數(不含外資自營商),外陸資賣出股數(不含外資自營商),外陸資買賣超股數(不含外資自營商),外資自營商買進股數,外資自營商賣出股數,外資自營商買賣超股數,投信買進股數,投信賣出股數,投信買賣超股數,自營商買賣超股數,自營商買進股數(自行買賣),自營商賣出股數(自行買賣),自營商買賣超股數(自行買賣),自營商買進股數(避險),自營商賣出股數(避險),自營商買賣超股數(避險),三大法人買賣超股數
00876,元大未來關鍵科技,27000,5075000,-5048000,0,0,0,0,0,0,36012000,0,0,0,38392000,2380000,36012000,30964000
00637L,元大滬深300正2  ,18979000,19268000,-289000,0,0,0,0,15000,-15000,23654000,1670000,490000,1180000,67834000,45360000,22474000,23350000
2303,聯電            ,44865312,25235775,19629537,0,0,0,0,336000,-336000,7000,1312000,1234000,78000,515000,586000,-71000,19300537
2330,台積電          ,30830992,19056076,11774916,0,0,0,93000,297000,-204000,73000,384000,233000,151000,662000,740000,-78000,11643916
2317,鴻海            ,34036487,22541951,11494536,0,0,0,0,311000,-311000,99000,201000,95000,106000,428000,435000,-7000,11282536
00852L,國泰美國道瓊正2 ,2335000,261000,2074000,0,0,0,0,0,0,9195000,0,0,0,11350000,2155000,9195000,11269000
00636,國泰中國A50     ,781000,21000,760000,0,0,0,0,0,0,10103000,949000,599000,350000,10370000,617000,9753000,10863000
00633L,富邦上証正2     ,6998000,1506000,5492000,0,0,0,0,0,0,5085000,753000,100000,653000,14400000,9968000,4432000,10577000
3481,群創            ,46080077,39429194,6650883,0,0,0,10584000,0,10584000,-8177000,942000,362000,580000,1846000,10603000,-8757000,9057883
2449,京元電子        ,7983000,4349000,3634000,0,0,0,3300000,26000,3274000,-293000,125000,200000,-75000,235000,453000,-218000,6615000
0050,元大台灣50      ,3021522,287000,2734522,0,0,0,189000,0,189000,3137000,357000,53000,304000,4841000,2008000,2833000,6060522
00653L,富邦印度正2     ,3619000,1604000,2015000,0,0,0,0,0,0,3264000,0,0,0,5830000,2566000,3264000,5279000
2324,仁寶            ,8620979,5260492,3360487,0,0,0,0,152000,-152000,1765000,1907000,5000,1902000,86000,223000,-137000,4973487
056829,台積電富邦9A購01,0,0,0,0,0,0,0,0,0,4804000,0,0,0,5699000,895000,4804000,4804000
2448,晶電            ,7851000,3899000,3952000,0,0,0,100000,0,100000,569000,909000,300000,609000,0,40000,-40000,4621000
00861,元大全球未來通訊,16000,18000,-2000,0,0,0,0,0,0,4583000,0,0,0,4628000,45000,4583000,4581000
2885,元大金          ,19408167,15115228,4292939,0,0,0,0,72000,-72000,230000,298000,3000,295000,0,65000,-65000,4450939
2504,國產            ,6049000,1255000,4794000,0,0,0,0,0,0,-486000,0,304000,-304000,21000,203000,-182000,4308000
0061,元大寶滬深      ,1765000,265000,1500000,0,0,0,0,0,0,2773000,1060000,30000,1030000,1761000,18000,1743000,4273000
2603,長榮            ,5819069,5100767,718302,0,0,0,5128000,2032000,3096000,260000,264000,5000,259000,1000,0,1000,4074302
2412,中華電          ,6205566,2345215,3860351,0,0,0,0,30000,-30000,-29000,29000,7000,22000,0,51000,-51000,3801351
053564,台積電富邦99購01,0,0,0,0,0,0,0,0,0,3611000,0,0,0,3611000,0,3611000,3611000
2618,長榮航          ,9578925,6238775,3340150,0,0,0,0,17000,-17000,224000,0,151000,-151000,410000,35000,375000,3547150
2891,中信金          ,25525789,14235015,11290774,0,0,0,484000,417000,67000,-7896000,54000,8002000,-7948000,121000,69000,52000,3461774
00850,元大臺灣ESG永續 ,200000,0,200000,0,0,0,0,0,0,3222000,0,0,0,3948000,726000,3222000,3422000
2347,聯強            ,6774521,3410101,3364420,0,0,0,0,0,0,-14000,4000,8000,-4000,33000,43000,-10000,3350420
00643,群益深証中小    ,256000,238000,18000,0,0,0,0,0,0,3303000,190000,70000,120000,3975000,792000,3183000,3321000
2633,台灣高鐵        ,3446691,1369913,2076778,0,0,0,530000,13000,517000,717000,445000,2000,443000,298000,24000,274000,3310778
006205,富邦上証        ,190000,44000,146000,0,0,0,0,0,0,2746000,260000,270000,-10000,4942000,2186000,2756000,2892000
057315,台灣50康和9A購03,0,0,0,0,0,0,0,0,0,2761000,0,0,0,2766000,5000,2761000,2761000
8046,南電            ,4333000,1441000,2892000,0,0,0,90000,63000,27000,-282000,138000,422000,-284000,199000,197000,2000,2637000
2377,微星            ,3597752,945184,2652568,0,0,0,20000,239000,-219000,102000,182000,81000,101000,84000,83000,1000,2535568
1402,遠東新          ,5147744,2553921,2593823,0,0,0,0,27000,-27000,-33000,37000,4000,33000,2000,68000,-66000,2533823
3545,敦泰            ,5770000,3373750,2396250,0,0,0,0,0,0,117000,100000,60000,40000,77000,0,77000,2513250
058645,康控富邦01購01  ,0,0,0,0,0,0,0,0,0,2440000,0,0,0,2926000,486000,2440000,2440000
00783,富邦中証500     ,0,0,0,0,0,0,0,0,0,2403000,0,0,0,3778000,1375000,2403000,2403000
00639,富邦深100       ,542000,408000,134000,0,0,0,0,0,0,2258000,140000,140000,0,3021000,763000,2258000,2392000
2615,萬海            ,1022000,1894000,-872000,0,0,0,3286000,7000,3279000,-69000,0,69000,-69000,0,0,0,2338000
2337,旺宏            ,10970303,8224000,2746303,0,0,0,0,0,0,-498000,33000,103000,-70000,240000,668000,-428000,2248303
063054,健鼎統一01購01  ,0,0,0,0,0,0,0,0,0,2220000,0,0,0,2534000,314000,2220000,2220000
00692,富邦公司治理    ,41000,40000,1000,0,0,0,0,0,0,2195000,0,0,0,3363000,1168000,2195000,2196000
2454,聯發科          ,8145332,6446281,1699051,0,0,0,205000,309000,-104000,558000,348000,83000,265000,378000,85000,293000,2153051
00739,元大MSCI A股    ,15000,15000,0,0,0,0,0,0,0,2087000,0,0,0,2819000,732000,2087000,2087000
064052,創意統一01購02  ,0,0,0,0,0,0,0,0,0,2056000,0,0,0,2334000,278000,2056000,2056000
4968,立積            ,3633000,2115000,1518000,0,0,0,695000,0,695000,-216000,74000,189000,-115000,176000,277000,-101000,1997000
062163,大毅國泰01購01  ,0,0,0,0,0,0,0,0,0,1993000,0,0,0,2070000,77000,1993000,1993000
063143,嘉澤統一9B購02  ,0,0,0,0,0,0,0,0,0,1921000,0,0,0,1970000,49000,1921000,1921000
1309,台達化          ,4296000,2512000,1784000,0,0,0,0,0,0,69000,70000,1000,69000,0,0,0,1853000
3443,創意            ,2441000,1318000,1123000,0,0,0,860000,0,860000,-164000,208000,321000,-113000,69000,120000,-51000,1819000
2881,富邦金          ,9577826,7623845,1953981,0,0,0,0,50000,-50000,-182000,0,2000,-2000,5000,185000,-180000,1721981
053945,國巨富邦98購02  ,0,0,0,0,0,0,0,0,0,1712000,0,0,0,1712000,0,1712000,1712000
6213,聯茂            ,3550200,1594466,1955734,0,0,0,10000,47000,-37000,-210000,4000,38000,-34000,146000,322000,-176000,1708734
063437,聚陽統一01購01  ,0,0,0,0,0,0,0,0,0,1680000,0,0,0,1954000,274000,1680000,1680000
2408,南亞科          ,9368369,7380467,1987902,0,0,0,0,239000,-239000,-76000,154000,63000,91000,28000,195000,-167000,1672902
5471,松翰            ,2409000,919000,1490000,0,0,0,0,0,0,82000,0,0,0,83000,1000,82000,1572000
2327,國巨            ,4688547,3337083,1351464,0,0,0,0,27000,-27000,237000,159000,103000,56000,254000,73000,181000,1561464
061920,台積電凱基9C購02,0,0,0,0,0,0,0,0,0,1541000,0,0,0,1600000,59000,1541000,1541000
058928,國巨統一9C購01  ,0,0,0,0,0,0,0,0,0,1526000,0,0,0,3055000,1529000,1526000,1526000
053797,台積電中信98購01,0,0,0,0,0,0,0,0,0,1522000,0,0,0,2179000,657000,1522000,1522000
2605,新興            ,1057000,253000,804000,0,0,0,0,0,0,704000,660000,1000,659000,45000,0,45000,1508000
00708L,元大S&P黃金正2  ,0,0,0,0,0,0,0,0,0,1458000,0,0,0,1741000,283000,1458000,1458000
064257,台勝科國泰01購01,0,0,0,0,0,0,0,0,0,1431000,0,0,0,1496000,65000,1431000,1431000
064055,台郡統一02購01  ,0,0,0,0,0,0,0,0,0,1426000,0,0,0,1546000,120000,1426000,1426000
058769,友達兆豐99購01  ,0,0,0,0,0,0,0,0,0,1247000,0,0,0,1425000,178000,1247000,1247000
065984,緯創富邦03購01  ,0,0,0,0,0,0,0,0,0,1245000,0,0,0,1499000,254000,1245000,1245000
052542,友達元富98購01  ,0,0,0,0,0,0,0,0,0,1241000,0,0,0,1431000,190000,1241000,1241000
9938,百和            ,1692000,534000,1158000,0,0,0,0,0,0,71000,56000,5000,51000,45000,25000,20000,1229000
2049,上銀            ,2005799,818657,1187142,0,0,0,21000,1000,20000,18000,45000,11000,34000,50000,66000,-16000,1225142
3376,新日興          ,1818000,977000,841000,0,0,0,140000,0,140000,238000,276000,38000,238000,172000,172000,0,1219000
056465,臺股指凱基99購07,0,0,0,0,0,0,0,0,0,1218000,0,0,0,1228000,10000,1218000,1218000
064988,志超元大9C購01  ,0,0,0,0,0,0,0,0,0,1198000,0,0,0,1200000,2000,1198000,1198000
062540,茂林國泰9C購01  ,0,0,0,0,0,0,0,0,0,1179000,0,0,0,1295000,116000,1179000,1179000
3698,隆達            ,1722000,1137000,585000,0,0,0,0,0,0,588000,475000,7000,468000,120000,0,120000,1173000
057287,彩晶元大9C購03  ,0,0,0,0,0,0,0,0,0,1167000,0,0,0,1177000,10000,1167000,1167000
065013,矽創國泰02購01  ,0,0,0,0,0,0,0,0,0,1158000,0,0,0,1348000,190000,1158000,1158000
057839,台積電富邦9A購02,0,0,0,0,0,0,0,0,0,1156000,0,0,0,1557000,401000,1156000,1156000
064094,達新群益9C購01  ,0,0,0,0,0,0,0,0,0,1152000,0,0,0,1152000,0,1152000,1152000
060976,SP黃豆元大9A購03,0,0,0,0,0,0,0,0,0,1150000,0,0,0,1200000,50000,1150000,1150000
5880,合庫金          ,5171311,3961671,1209640,0,0,0,0,63000,-63000,-2000,0,2000,-2000,0,0,0,1144640
065539,瑞儀統一01購01  ,0,0,0,0,0,0,0,0,0,1143000,0,0,0,1439000,296000,1143000,1143000
3338,泰碩            ,2069000,1007000,1062000,0,0,0,0,68000,-68000,149000,0,202000,-202000,815000,464000,351000,1143000
1590,亞德客-KY       ,2545202,1435226,1109976,0,0,0,0,38000,-38000,60000,22000,3000,19000,86000,45000,41000,1131976
08644P,臺股指中信02售02,0,0,0,0,0,0,0,0,0,1131000,0,0,0,2000000,869000,1131000,1131000
2105,正新            ,1870119,745165,1124954,0,0,0,0,10000,-10000,-34000,0,28000,-28000,0,6000,-6000,1080954
063259,廣達富邦9C購01  ,0,0,0,0,0,0,0,0,0,1079000,0,0,0,1211000,132000,1079000,1079000
046628,大立光統一98購01,0,0,0,0,0,0,0,0,0,1053000,0,0,0,1628000,575000,1053000,1053000
00752,中信中國50      ,11000,3000,8000,0,0,0,0,0,0,1042000,0,0,0,1594000,552000,1042000,1050000
065020,友達富邦01購02  ,0,0,0,0,0,0,0,0,0,1044000,0,0,0,1044000,0,1044000,1044000
6285,啟碁            ,1478000,416000,1062000,0,0,0,175000,0,175000,-209000,1000,168000,-167000,18000,60000,-42000,1028000
065904,群創富邦02購01  ,0,0,0,0,0,0,0,0,0,1021000,0,0,0,1192000,171000,1021000,1021000
065955,健鼎統一01購03  ,0,0,0,0,0,0,0,0,0,1010000,0,0,0,1059000,49000,1010000,1010000
062534,力成統一01購01  ,0,0,0,0,0,0,0,0,0,981000,0,0,0,1055000,74000,981000,981000
064252,嘉澤元富9C購01  ,0,0,0,0,0,0,0,0,0,979000,0,0,0,1071000,92000,979000,979000
059395,T50反1元富99購03,0,0,0,0,0,0,0,0,0,973000,0,0,0,998000,25000,973000,973000
065376,京鼎元大9C購02  ,0,0,0,0,0,0,0,0,0,970000,0,0,0,1154000,184000,970000,970000
052080,康友元富98購02  ,0,0,0,0,0,0,0,0,0,970000,0,0,0,970000,0,970000,970000
056301,開發金元大9A購01,0,0,0,0,0,0,0,0,0,962000,0,0,0,1002000,40000,962000,962000
064919,嘉晶統一02購02  ,0,0,0,0,0,0,0,0,0,940000,0,0,0,1211000,271000,940000,940000
059849,興勤永豐99購01  ,0,0,0,0,0,0,0,0,0,937000,0,0,0,1150000,213000,937000,937000
1598,岱宇            ,1164000,278000,886000,0,0,0,0,0,0,49000,26000,0,26000,23000,0,23000,935000
064204,瑞儀兆豐01購01  ,0,0,0,0,0,0,0,0,0,924000,0,0,0,1030000,106000,924000,924000
064157,健鼎統一01購02  ,0,0,0,0,0,0,0,0,0,920000,0,0,0,968000,48000,920000,920000
061900,志超永豐9B購01  ,0,0,0,0,0,0,0,0,0,916000,0,0,0,976000,60000,916000,916000
006207,FH滬深          ,81000,31000,50000,0,0,0,0,0,0,862000,310000,210000,100000,1536000,774000,762000,912000
060437,宏全永豐9A購01  ,0,0,0,0,0,0,0,0,0,907000,0,0,0,1039000,132000,907000,907000
065405,華新科富邦03購01,0,0,0,0,0,0,0,0,0,905000,0,0,0,1200000,295000,905000,905000
3515,華擎            ,1886000,838000,1048000,0,0,0,70000,0,70000,-213000,83000,296000,-213000,284000,284000,0,905000
061129,文曄永豐9A購01  ,0,0,0,0,0,0,0,0,0,897000,0,0,0,907000,10000,897000,897000
063159,嘉澤國泰01購01  ,0,0,0,0,0,0,0,0,0,895000,0,0,0,915000,20000,895000,895000
061563,群創國票9B購02  ,0,0,0,0,0,0,0,0,0,878000,0,0,0,903000,25000,878000,878000
057719,欣興元富02購01  ,0,0,0,0,0,0,0,0,0,876000,0,0,0,1262000,386000,876000,876000
064240,群創統一02購02  ,0,0,0,0,0,0,0,0,0,873000,0,0,0,903000,30000,873000,873000
07774P,台灣50群益9A售16,0,0,0,0,0,0,0,0,0,872000,0,0,0,1018000,146000,872000,872000
064927,瀚宇博統一02購01,0,0,0,0,0,0,0,0,0,863000,0,0,0,973000,110000,863000,863000
058537,彩晶統一9B購01  ,0,0,0,0,0,0,0,0,0,855000,0,0,0,1151000,296000,855000,855000
046629,群創統一98購01  ,0,0,0,0,0,0,0,0,0,849000,0,0,0,942000,93000,849000,849000
07792P,牧德元大9A售04  ,0,0,0,0,0,0,0,0,0,840000,0,0,0,920000,80000,840000,840000
063824,S&P反1國票9C購01,0,0,0,0,0,0,0,0,0,838000,0,0,0,998000,160000,838000,838000
056475,宏達電元大99購02,0,0,0,0,0,0,0,0,0,820000,0,0,0,1959000,1139000,820000,820000
064362,友達統一01購02  ,0,0,0,0,0,0,0,0,0,808000,0,0,0,921000,113000,808000,808000
065457,旭富元富03購01  ,0,0,0,0,0,0,0,0,0,807000,0,0,0,807000,0,807000,807000
054893,帆宣統一99購01  ,0,0,0,0,0,0,0,0,0,806000,0,0,0,1255000,449000,806000,806000
064704,嘉晶國泰01購01  ,0,0,0,0,0,0,0,0,0,804000,0,0,0,868000,64000,804000,804000
052003,泰碩國泰97購02  ,0,0,0,0,0,0,0,0,0,800000,0,0,0,800000,0,800000,800000
054574,美律元大99購01  ,0,0,0,0,0,0,0,0,0,795000,0,0,0,795000,0,795000,795000
062386,京鼎國泰9C購01  ,0,0,0,0,0,0,0,0,0,792000,0,0,0,806000,14000,792000,792000
053082,聯電元大98購03  ,0,0,0,0,0,0,0,0,0,785000,0,0,0,835000,50000,785000,785000
058776,台積電國票9A購03,0,0,0,0,0,0,0,0,0,785000,0,0,0,1088000,303000,785000,785000
060699,華新科國泰9B購03,0,0,0,0,0,0,0,0,0,784000,0,0,0,1165000,381000,784000,784000
064933,矽創統一01購01  ,0,0,0,0,0,0,0,0,0,778000,0,0,0,890000,112000,778000,778000
057199,台達電元富02購01,0,0,0,0,0,0,0,0,0,777000,0,0,0,811000,34000,777000,777000
063392,聯電群益9B購02  ,0,0,0,0,0,0,0,0,0,777000,0,0,0,779000,2000,777000,777000
063690,健鼎永豐9B購01  ,0,0,0,0,0,0,0,0,0,777000,0,0,0,808000,31000,777000,777000
5243,乙盛-KY         ,396000,393000,3000,0,0,0,0,0,0,765000,765000,0,765000,0,0,0,768000
064248,億光元富9C購01  ,0,0,0,0,0,0,0,0,0,767000,0,0,0,893000,126000,767000,767000
3576,聯合再生        ,1731000,964000,767000,0,0,0,0,0,0,0,0,0,0,0,0,0,767000
063049,上海銀兆豐9B購01,0,0,0,0,0,0,0,0,0,766000,0,0,0,766000,0,766000,766000
046949,群創元大99購01  ,0,0,0,0,0,0,0,0,0,765000,0,0,0,2371000,1606000,765000,765000
056487,康友元大98購01  ,0,0,0,0,0,0,0,0,0,762000,0,0,0,762000,0,762000,762000
064366,群創統一01購01  ,0,0,0,0,0,0,0,0,0,761000,0,0,0,761000,0,761000,761000
063819,致新群益9C購01  ,0,0,0,0,0,0,0,0,0,759000,0,0,0,834000,75000,759000,759000
3041,揚智            ,5356000,4608090,747910,0,0,0,0,0,0,7000,7000,0,7000,0,0,0,754910
053117,大立光中信9A購02,0,0,0,0,0,0,0,0,0,750000,0,0,0,830000,80000,750000,750000
065348,中壽統一9C購02  ,0,0,0,0,0,0,0,0,0,745000,0,0,0,745000,0,745000,745000
062976,嘉澤元富9B購01  ,0,0,0,0,0,0,0,0,0,742000,0,0,0,828000,86000,742000,742000
062698,台積電元大01購01,0,0,0,0,0,0,0,0,0,738000,0,0,0,1496000,758000,738000,738000
058312,大毅國泰9B購01  ,0,0,0,0,0,0,0,0,0,736000,0,0,0,757000,21000,736000,736000
063100,聚陽群益9C購02  ,0,0,0,0,0,0,0,0,0,735000,0,0,0,776000,41000,735000,735000
057286,群創元大9B購05  ,0,0,0,0,0,0,0,0,0,733000,0,0,0,912000,179000,733000,733000
062693,中石化元大02購01,0,0,0,0,0,0,0,0,0,726000,0,0,0,763000,37000,726000,726000
054567,拓凱群益98購01  ,0,0,0,0,0,0,0,0,0,725000,0,0,0,753000,28000,725000,725000
060284,南港元大01購01  ,0,0,0,0,0,0,0,0,0,720000,0,0,0,880000,160000,720000,720000
063179,群創兆豐9B購01  ,0,0,0,0,0,0,0,0,0,715000,0,0,0,736000,21000,715000,715000
4904,遠傳            ,2670171,2008536,661635,0,0,0,0,13000,-13000,66000,70000,2000,68000,0,2000,-2000,714635
063846,智邦元大9C購01  ,0,0,0,0,0,0,0,0,0,710000,0,0,0,876000,166000,710000,710000
058156,超眾統一9A購02  ,0,0,0,0,0,0,0,0,0,708000,0,0,0,793000,85000,708000,708000
6177,達麗            ,861000,156000,705000,0,0,0,0,0,0,-1000,0,1000,-1000,0,0,0,704000
065538,健鼎統一9C購01  ,0,0,0,0,0,0,0,0,0,701000,0,0,0,774000,73000,701000,701000
062591,新日興統一9C購01,0,0,0,0,0,0,0,0,0,700000,0,0,0,822000,122000,700000,700000
059095,訊芯元大99購01  ,0,0,0,0,0,0,0,0,0,699000,0,0,0,699000,0,699000,699000
064835,嘉晶統一02購01  ,0,0,0,0,0,0,0,0,0,696000,0,0,0,766000,70000,696000,696000
053361,友達元富99購01  ,0,0,0,0,0,0,0,0,0,695000,0,0,0,933000,238000,695000,695000
065448,緯創統一9C購01  ,0,0,0,0,0,0,0,0,0,693000,0,0,0,798000,105000,693000,693000
064239,群創統一02購01  ,0,0,0,0,0,0,0,0,0,693000,0,0,0,844000,151000,693000,693000
064531,旭富兆豐9C購01  ,0,0,0,0,0,0,0,0,0,691000,0,0,0,1671000,980000,691000,691000
065342,華邦電統一02購01,0,0,0,0,0,0,0,0,0,689000,0,0,0,777000,88000,689000,689000
057203,麗豐元富98購02  ,0,0,0,0,0,0,0,0,0,688000,0,0,0,688000,0,688000,688000
065152,燿華群益9C購02  ,0,0,0,0,0,0,0,0,0,687000,0,0,0,687000,0,687000,687000
064452,微星統一01購02  ,0,0,0,0,0,0,0,0,0,686000,0,0,0,787000,101000,686000,686000
060811,亞德客凱基9A購02,0,0,0,0,0,0,0,0,0,684000,0,0,0,937000,253000,684000,684000
065505,健鼎永豐9C購01  ,0,0,0,0,0,0,0,0,0,680000,0,0,0,780000,100000,680000,680000
062906,全新元大9B購03  ,0,0,0,0,0,0,0,0,0,676000,0,0,0,708000,32000,676000,676000
064991,友達兆豐9C購01  ,0,0,0,0,0,0,0,0,0,673000,0,0,0,695000,22000,673000,673000
061538,SP黃豆群益9A購03,0,0,0,0,0,0,0,0,0,672000,0,0,0,697000,25000,672000,672000
053282,彩晶元大9C購01  ,0,0,0,0,0,0,0,0,0,656000,0,0,0,699000,43000,656000,656000
064384,聯電富邦01購01  ,0,0,0,0,0,0,0,0,0,655000,0,0,0,970000,315000,655000,655000
063773,可成富邦9C購01  ,0,0,0,0,0,0,0,0,0,655000,0,0,0,795000,140000,655000,655000
064978,群創元大9C購07  ,0,0,0,0,0,0,0,0,0,653000,0,0,0,796000,143000,653000,653000
056955,台灣50永豐98購01,0,0,0,0,0,0,0,0,0,653000,0,0,0,653000,0,653000,653000
065779,台勝科國泰01購02,0,0,0,0,0,0,0,0,0,649000,0,0,0,888000,239000,649000,649000
064379,TPK元富9C購01   ,0,0,0,0,0,0,0,0,0,642000,0,0,0,663000,21000,642000,642000
062644,中環國泰9C購01  ,0,0,0,0,0,0,0,0,0,641000,0,0,0,782000,141000,641000,641000
060072,國巨元富99購04  ,0,0,0,0,0,0,0,0,0,639000,0,0,0,679000,40000,639000,639000
064700,致新群益9C購02  ,0,0,0,0,0,0,0,0,0,638000,0,0,0,750000,112000,638000,638000
8464,億豐            ,1588247,939662,648585,0,0,0,0,40000,-40000,29000,22000,3000,19000,14000,4000,10000,637585
064183,聯茂富邦01購01  ,0,0,0,0,0,0,0,0,0,637000,0,0,0,987000,350000,637000,637000
2505,國揚            ,1515000,813000,702000,0,0,0,0,0,0,-65000,0,32000,-32000,52000,85000,-33000,637000
064735,群創元富9C購02  ,0,0,0,0,0,0,0,0,0,636000,0,0,0,869000,233000,636000,636000
064827,友達統一02購02  ,0,0,0,0,0,0,0,0,0,630000,0,0,0,814000,184000,630000,630000
055399,超眾統一99購01  ,0,0,0,0,0,0,0,0,0,629000,0,0,0,640000,11000,629000,629000
064177,立積國泰01購01  ,0,0,0,0,0,0,0,0,0,628000,0,0,0,853000,225000,628000,628000
060307,南港永豐9A購01  ,0,0,0,0,0,0,0,0,0,627000,0,0,0,654000,27000,627000,627000
060719,瀚宇博永豐9A購01,0,0,0,0,0,0,0,0,0,626000,0,0,0,706000,80000,626000,626000
058898,台積電元大99購20,0,0,0,0,0,0,0,0,0,625000,0,0,0,1090000,465000,625000,625000
2388,威盛            ,1264000,640000,624000,0,0,0,0,0,0,0,0,0,0,0,0,0,624000
045873,元油2X元富98購04,0,0,0,0,0,0,0,0,0,622000,0,0,0,622000,0,622000,622000
059509,奇力新永豐99購02,0,0,0,0,0,0,0,0,0,622000,0,0,0,662000,40000,622000,622000
064950,美律凱基02購01  ,0,0,0,0,0,0,0,0,0,620000,0,0,0,671000,51000,620000,620000
057674,台郡元大99購03  ,0,0,0,0,0,0,0,0,0,620000,0,0,0,620000,0,620000,620000
060404,台勝科國泰9B購01,0,0,0,0,0,0,0,0,0,619000,0,0,0,865000,246000,619000,619000
00631L,元大台灣50正2   ,292000,756000,-464000,0,0,0,0,0,0,1077000,0,0,0,3275000,2198000,1077000,613000
059016,晶相光元富99購03,0,0,0,0,0,0,0,0,0,604000,0,0,0,604000,0,604000,604000
064153,中壽統一9C購01  ,0,0,0,0,0,0,0,0,0,598000,0,0,0,601000,3000,598000,598000
6443,元晶            ,1044000,446000,598000,0,0,0,0,0,0,0,0,0,0,0,0,0,598000
061769,晶技元大9B購03  ,0,0,0,0,0,0,0,0,0,596000,0,0,0,706000,110000,596000,596000
064730,超眾統一02購02  ,0,0,0,0,0,0,0,0,0,593000,0,0,0,649000,56000,593000,593000
062879,美食兆豐9B購01  ,0,0,0,0,0,0,0,0,0,593000,0,0,0,837000,244000,593000,593000
03649C,T50反1凱基99牛05,0,0,0,0,0,0,0,0,0,591000,0,0,0,595000,4000,591000,591000
060195,旭富元富9A購02  ,0,0,0,0,0,0,0,0,0,590000,0,0,0,590000,0,590000,590000
064357,中橡統一9C購01  ,0,0,0,0,0,0,0,0,0,588000,0,0,0,616000,28000,588000,588000
065652,超眾元大01購02  ,0,0,0,0,0,0,0,0,0,586000,0,0,0,708000,122000,586000,586000
057533,晶相光元大98購02,0,0,0,0,0,0,0,0,0,584000,0,0,0,665000,81000,584000,584000
064140,台達電統一01購01,0,0,0,0,0,0,0,0,0,580000,0,0,0,587000,7000,580000,580000
056005,臺股指永豐97購04,0,0,0,0,0,0,0,0,0,579000,0,0,0,579000,0,579000,579000
061005,可成兆豐9A購01  ,0,0,0,0,0,0,0,0,0,578000,0,0,0,826000,248000,578000,578000
9921,巨大            ,1827429,1377073,450356,0,0,0,103000,19000,84000,40000,14000,1000,13000,41000,14000,27000,574356
056096,超眾元富9A購01  ,0,0,0,0,0,0,0,0,0,574000,0,0,0,667000,93000,574000,574000
060306,台肥永豐9A購01  ,0,0,0,0,0,0,0,0,0,574000,0,0,0,604000,30000,574000,574000
064861,緯創富邦9C購01  ,0,0,0,0,0,0,0,0,0,573000,0,0,0,593000,20000,573000,573000
063148,建準元富9B購01  ,0,0,0,0,0,0,0,0,0,572000,0,0,0,744000,172000,572000,572000
063354,茂林元富9B購02  ,0,0,0,0,0,0,0,0,0,571000,0,0,0,676000,105000,571000,571000
03658C,T50反1元大9A牛02,0,0,0,0,0,0,0,0,0,570000,0,0,0,600000,30000,570000,570000
056302,大立光元大97購17,0,0,0,0,0,0,0,0,0,566000,0,0,0,566000,0,566000,566000
057087,台郡統一99購01  ,0,0,0,0,0,0,0,0,0,566000,0,0,0,601000,35000,566000,566000
2436,偉詮電          ,1213000,649000,564000,0,0,0,0,0,0,0,0,0,0,0,0,0,564000
2314,台揚            ,799000,236000,563000,0,0,0,0,0,0,0,0,0,0,0,0,0,563000
063976,正崴兆豐9C購01  ,0,0,0,0,0,0,0,0,0,562000,0,0,0,646000,84000,562000,562000
060451,中石化元大9C購02,0,0,0,0,0,0,0,0,0,558000,0,0,0,716000,158000,558000,558000
059261,華邦電中信01購01,0,0,0,0,0,0,0,0,0,558000,0,0,0,587000,29000,558000,558000
065455,金寶元富9C購01  ,0,0,0,0,0,0,0,0,0,556000,0,0,0,741000,185000,556000,556000
1904,正隆            ,744000,328000,416000,0,0,0,0,0,0,140000,215000,3000,212000,0,72000,-72000,556000
5871,中租-KY         ,2313001,1737306,575695,0,0,0,27000,8000,19000,-39000,0,22000,-22000,13000,30000,-17000,555695
065537,健鼎統一02購05  ,0,0,0,0,0,0,0,0,0,555000,0,0,0,557000,2000,555000,555000
064705,新光金富邦01購01,0,0,0,0,0,0,0,0,0,555000,0,0,0,555000,0,555000,555000
064378,群創元富9C購01  ,0,0,0,0,0,0,0,0,0,554000,0,0,0,753000,199000,554000,554000
063788,矽創統一02購01  ,0,0,0,0,0,0,0,0,0,554000,0,0,0,658000,104000,554000,554000
054679,台積電康和99購01,0,0,0,0,0,0,0,0,0,553000,0,0,0,560000,7000,553000,553000
064369,彩晶統一01購01  ,0,0,0,0,0,0,0,0,0,553000,0,0,0,553000,0,553000,553000
064626,聯茂元大9C購01  ,0,0,0,0,0,0,0,0,0,552000,0,0,0,674000,122000,552000,552000
065743,宏達電麥證9C購02,0,0,0,571000,20000,551000,0,0,0,551000,0,0,0,571000,20000,551000,551000
062680,微星統一01購01  ,0,0,0,0,0,0,0,0,0,551000,0,0,0,990000,439000,551000,551000
062855,嘉澤永豐9B購02  ,0,0,0,0,0,0,0,0,0,550000,0,0,0,550000,0,550000,550000
062699,台積電元大01購02,0,0,0,0,0,0,0,0,0,549000,0,0,0,1649000,1100000,549000,549000
1477,聚陽            ,1460000,847000,613000,0,0,0,139000,50000,89000,-153000,77000,187000,-110000,82000,125000,-43000,549000
054827,宏全元大9A購01  ,0,0,0,0,0,0,0,0,0,548000,0,0,0,942000,394000,548000,548000
057696,聯電群益9A購01  ,0,0,0,0,0,0,0,0,0,545000,0,0,0,545000,0,545000,545000
1802,台玻            ,926000,373000,553000,0,0,0,0,0,0,-8000,0,8000,-8000,0,0,0,545000
064841,彩晶統一02購02  ,0,0,0,0,0,0,0,0,0,544000,0,0,0,723000,179000,544000,544000
057468,台郡永豐98購01  ,0,0,0,0,0,0,0,0,0,544000,0,0,0,610000,66000,544000,544000
063944,建準元大9C購01  ,0,0,0,0,0,0,0,0,0,543000,0,0,0,682000,139000,543000,543000
5521,工信            ,983000,441000,542000,0,0,0,0,0,0,-1000,0,1000,-1000,0,0,0,541000
065078,台積電元大02購01,0,0,0,0,0,0,0,0,0,539000,0,0,0,1082000,543000,539000,539000
063874,志超永豐9C購01  ,0,0,0,0,0,0,0,0,0,539000,0,0,0,539000,0,539000,539000
063020,奇力新元大9B購04,0,0,0,0,0,0,0,0,0,539000,0,0,0,554000,15000,539000,539000
2102,泰豐            ,1702000,1316000,386000,0,0,0,0,0,0,152000,122000,2000,120000,32000,0,32000,538000
07630P,臺股指凱基9A售11,0,0,0,0,0,0,0,0,0,537000,0,0,0,629000,92000,537000,537000
053882,聯發科中信98購02,0,0,0,0,0,0,0,0,0,534000,0,0,0,613000,79000,534000,534000
06706P,智原台新98售02  ,0,0,0,0,0,0,0,0,0,533000,0,0,0,543000,10000,533000,533000
064818,華新統一01購01  ,0,0,0,0,0,0,0,0,0,533000,0,0,0,533000,0,533000,533000
061970,大立光統一9C購03,0,0,0,0,0,0,0,0,0,532000,0,0,0,627000,95000,532000,532000
064234,正崴統一01購01  ,0,0,0,0,0,0,0,0,0,530000,0,0,0,646000,116000,530000,530000
061451,南電中信9A購03  ,0,0,0,0,0,0,0,0,0,528000,0,0,0,739000,211000,528000,528000
064464,台郡統一01購01  ,0,0,0,0,0,0,0,0,0,528000,0,0,0,726000,198000,528000,528000
006206,元大上證50      ,118000,84000,34000,0,0,0,0,0,0,492000,90000,100000,-10000,1276000,774000,502000,526000
059949,啟碁永豐99購01  ,0,0,0,0,0,0,0,0,0,526000,0,0,0,769000,243000,526000,526000
055894,欣興統一97購03  ,0,0,0,0,0,0,0,0,0,525000,0,0,0,588000,63000,525000,525000
2481,強茂            ,1301000,752000,549000,0,0,0,0,0,0,-25000,0,20000,-20000,11000,16000,-5000,524000
057428,正崴兆豐98購01  ,0,0,0,0,0,0,0,0,0,521000,0,0,0,564000,43000,521000,521000
065981,超眾元大02購01  ,0,0,0,0,0,0,0,0,0,519000,0,0,0,539000,20000,519000,519000
052853,友達日盛99購01  ,0,0,0,0,0,0,0,0,0,516000,0,0,0,551000,35000,516000,516000
3413,京鼎            ,1365000,746000,619000,0,0,0,0,0,0,-108000,37000,55000,-18000,23000,113000,-90000,511000
062067,滬深2X元大9B購01,0,0,0,0,0,0,0,0,0,509000,0,0,0,529000,20000,509000,509000
058613,茂林元大99購03  ,0,0,0,0,0,0,0,0,0,508000,0,0,0,576000,68000,508000,508000
063674,力山國泰01購02  ,0,0,0,0,0,0,0,0,0,507000,0,0,0,715000,208000,507000,507000
056870,全新日盛9A購01  ,0,0,0,0,0,0,0,0,0,505000,0,0,0,530000,25000,505000,505000
065785,奇力新永豐9C購02,0,0,0,0,0,0,0,0,0,503000,0,0,0,612000,109000,503000,503000
062885,臻鼎兆豐9C購01  ,0,0,0,0,0,0,0,0,0,503000,0,0,0,781000,278000,503000,503000
065973,嘉晶元大01購03  ,0,0,0,0,0,0,0,0,0,502000,0,0,0,502000,0,502000,502000
056378,欣興元富98購01  ,0,0,0,0,0,0,0,0,0,502000,0,0,0,532000,30000,502000,502000
060121,新光金富邦99購01,0,0,0,0,0,0,0,0,0,502000,0,0,0,532000,30000,502000,502000
065688,緯創元富9C購02  ,0,0,0,0,0,0,0,0,0,501000,0,0,0,620000,119000,501000,501000
065563,T50反1群益9C購04,0,0,0,0,0,0,0,0,0,499000,0,0,0,659000,160000,499000,499000
06779P,智邦元大98售12  ,0,0,0,0,0,0,0,0,0,499000,0,0,0,499000,0,499000,499000
057723,臺股指元富98購02,0,0,0,0,0,0,0,0,0,499000,200000,0,200000,299000,0,299000,499000
051728,道瓊反國票97購01,0,0,0,0,0,0,0,0,0,499000,0,0,0,499000,0,499000,499000
053381,友達元大9A購02  ,0,0,0,0,0,0,0,0,0,496000,0,0,0,646000,150000,496000,496000
065377,群創元大02購02  ,0,0,0,0,0,0,0,0,0,495000,0,0,0,652000,157000,495000,495000
057207,立積元富98購02  ,0,0,0,0,0,0,0,0,0,495000,0,0,0,506000,11000,495000,495000
06392P,T50反1元大9A售01,0,0,0,0,0,0,0,0,0,495000,0,0,0,495000,0,495000,495000
064987,勤誠元大9C購02  ,0,0,0,0,0,0,0,0,0,494000,0,0,0,500000,6000,494000,494000
064723,大立光統一02購04,0,0,0,0,0,0,0,0,0,493000,0,0,0,501000,8000,493000,493000
2906,高林            ,674000,181000,493000,0,0,0,0,0,0,0,0,0,0,0,0,0,493000
064386,友達富邦01購01  ,0,0,0,0,0,0,0,0,0,492000,0,0,0,492000,0,492000,492000
056211,南港國票98購01  ,0,0,0,0,0,0,0,0,0,488000,0,0,0,488000,0,488000,488000
064342,晶技元大9C購01  ,0,0,0,0,0,0,0,0,0,487000,0,0,0,494000,7000,487000,487000
065296,國巨統一01購10  ,0,0,0,0,0,0,0,0,0,485000,0,0,0,534000,49000,485000,485000
064725,緯創統一02購01  ,0,0,0,0,0,0,0,0,0,485000,0,0,0,536000,51000,485000,485000
065753,正崴元大9C購02  ,0,0,0,0,0,0,0,0,0,484000,0,0,0,674000,190000,484000,484000
063022,嘉晶元大9B購04  ,0,0,0,0,0,0,0,0,0,484000,0,0,0,494000,10000,484000,484000
061197,矽創永豐9A購02  ,0,0,0,0,0,0,0,0,0,483000,0,0,0,551000,68000,483000,483000
065851,京鼎元大02購01  ,0,0,0,0,0,0,0,0,0,480000,0,0,0,558000,78000,480000,480000
056161,康控凱基98購02  ,0,0,0,0,0,0,0,0,0,480000,0,0,0,480000,0,480000,480000
064914,友達統一02購03  ,0,0,0,0,0,0,0,0,0,479000,0,0,0,974000,495000,479000,479000
060124,奇力新永豐99購03,0,0,0,0,0,0,0,0,0,479000,0,0,0,479000,0,479000,479000
058534,友達統一9B購01  ,0,0,0,0,0,0,0,0,0,478000,0,0,0,690000,212000,478000,478000
063360,茂林國泰9C購02  ,0,0,0,0,0,0,0,0,0,478000,0,0,0,605000,127000,478000,478000
064147,瑞昱統一01購04  ,0,0,0,0,0,0,0,0,0,478000,0,0,0,1181000,703000,478000,478000
063661,聚陽統一9C購02  ,0,0,0,0,0,0,0,0,0,478000,0,0,0,719000,241000,478000,478000
054153,宏達電國泰97購01,0,0,0,0,0,0,0,0,0,476000,0,0,0,476000,0,476000,476000
056459,茂林凱基99購01  ,0,0,0,0,0,0,0,0,0,475000,0,0,0,553000,78000,475000,475000
3563,牧德            ,529000,140000,389000,0,0,0,0,0,0,84000,18000,8000,10000,92000,18000,74000,473000
063657,茂林元富9B購04  ,0,0,0,0,0,0,0,0,0,472000,0,0,0,557000,85000,472000,472000
063271,中磊兆豐9C購01  ,0,0,0,0,0,0,0,0,0,471000,0,0,0,489000,18000,471000,471000
07996P,亞德客凱基9B售03,0,0,0,0,0,0,0,0,0,470000,0,0,0,480000,10000,470000,470000
056673,中石化元富9B購01,0,0,0,0,0,0,0,0,0,470000,0,0,0,628000,158000,470000,470000
00670L,富邦NASDAQ正2   ,3000,48000,-45000,0,0,0,0,0,0,514000,51000,0,51000,653000,190000,463000,469000
057681,T50反1日盛9C購01,0,0,0,0,0,0,0,0,0,467000,0,0,0,517000,50000,467000,467000
058154,泰碩統一9A購01  ,0,0,0,0,0,0,0,0,0,467000,0,0,0,1551000,1084000,467000,467000
062526,友達統一01購01  ,0,0,0,0,0,0,0,0,0,467000,0,0,0,646000,179000,467000,467000
065752,正崴元大9C購01  ,0,0,0,0,0,0,0,0,0,466000,0,0,0,702000,236000,466000,466000
058774,台郡兆豐9A購01  ,0,0,0,0,0,0,0,0,0,466000,0,0,0,859000,393000,466000,466000
6533,晶心科          ,859000,393000,466000,0,0,0,0,0,0,0,0,0,0,0,0,0,466000
057730,聯鈞國泰9A購01  ,0,0,0,0,0,0,0,0,0,465000,0,0,0,835000,370000,465000,465000
065663,凌華永豐9C購01  ,0,0,0,0,0,0,0,0,0,463000,0,0,0,463000,0,463000,463000
06701P,臺股指統一99售06,0,0,0,0,0,0,0,0,0,462000,0,0,0,622000,160000,462000,462000
064557,鴻海群益9C購04  ,0,0,0,0,0,0,0,0,0,462000,0,0,0,467000,5000,462000,462000
061659,信邦永豐9A購01  ,0,0,0,0,0,0,0,0,0,459000,0,0,0,503000,44000,459000,459000
063356,台表科元富02購01,0,0,0,0,0,0,0,0,0,459000,0,0,0,545000,86000,459000,459000
064426,群創兆豐9C購01  ,0,0,0,0,0,0,0,0,0,458000,0,0,0,492000,34000,458000,458000
00651R,FH香港反1       ,24000,69000,-45000,0,0,0,0,0,0,502000,0,0,0,1167000,665000,502000,457000
057973,神達富邦9A購01  ,0,0,0,0,0,0,0,0,0,455000,0,0,0,459000,4000,455000,455000
056767,大毅元大99購01  ,0,0,0,0,0,0,0,0,0,454000,0,0,0,686000,232000,454000,454000
064258,臻鼎國泰01購02  ,0,0,0,0,0,0,0,0,0,454000,0,0,0,475000,21000,454000,454000
064318,彩晶群益9C購01  ,0,0,0,0,0,0,0,0,0,453000,0,0,0,548000,95000,453000,453000
061550,聯鈞群益9A購03  ,0,0,0,0,0,0,0,0,0,451000,0,0,0,533000,82000,451000,451000
2606,裕民            ,810000,364000,446000,0,0,0,0,3000,-3000,8000,10000,2000,8000,0,0,0,451000
058714,美律統一9B購01  ,0,0,0,0,0,0,0,0,0,450000,0,0,0,504000,54000,450000,450000
064659,台達電元大9C購02,0,0,0,0,0,0,0,0,0,450000,0,0,0,618000,168000,450000,450000
064459,創意統一02購01  ,0,0,0,0,0,0,0,0,0,448000,0,0,0,534000,86000,448000,448000
056142,超眾元大97購06  ,0,0,0,0,0,0,0,0,0,447000,0,0,0,492000,45000,447000,447000
060243,潤泰全元大9C購02,0,0,0,0,0,0,0,0,0,447000,0,0,0,480000,33000,447000,447000
061796,興勤永豐9B購01  ,0,0,0,0,0,0,0,0,0,446000,0,0,0,663000,217000,446000,446000
063768,華新科國泰9C購03,0,0,0,0,0,0,0,0,0,446000,0,0,0,664000,218000,446000,446000
065451,台表科統一02購04,0,0,0,0,0,0,0,0,0,445000,0,0,0,526000,81000,445000,445000
056271,嘉澤統一97購01  ,0,0,0,0,0,0,0,0,0,445000,0,0,0,449000,4000,445000,445000
061157,聯鈞群益9A購02  ,0,0,0,0,0,0,0,0,0,444000,0,0,0,533000,89000,444000,444000
3596,智易            ,802000,289619,512381,0,0,0,0,0,0,-70000,0,3000,-3000,89000,156000,-67000,442381
065336,華新統一02購01  ,0,0,0,0,0,0,0,0,0,442000,0,0,0,487000,45000,442000,442000
060783,亞德客富邦9B購01,0,0,0,0,0,0,0,0,0,441000,0,0,0,1148000,707000,441000,441000
065357,立積元富03購01  ,0,0,0,0,0,0,0,0,0,439000,0,0,0,627000,188000,439000,439000
062080,奇力新元大9B購02,0,0,0,0,0,0,0,0,0,439000,0,0,0,475000,36000,439000,439000
064000,台郡兆豐9C購01  ,0,0,0,0,0,0,0,0,0,438000,0,0,0,608000,170000,438000,438000
064279,新光金元大01購01,0,0,0,0,0,0,0,0,0,438000,0,0,0,443000,5000,438000,438000
6412,群電            ,543000,108000,435000,0,0,0,0,1000,-1000,4000,3000,0,3000,6000,5000,1000,438000
2357,華碩            ,3974854,3548225,426629,0,0,0,0,4000,-4000,15000,6000,11000,-5000,31000,11000,20000,437629
056138,群創元大9B購01  ,0,0,0,0,0,0,0,0,0,436000,0,0,0,647000,211000,436000,436000
063062,群創元富9B購01  ,0,0,0,0,0,0,0,0,0,436000,0,0,0,469000,33000,436000,436000
064839,旭富統一9C購01  ,0,0,0,0,0,0,0,0,0,435000,0,0,0,455000,20000,435000,435000
2492,華新科          ,3132481,2229137,903344,0,0,0,0,296000,-296000,-173000,26000,98000,-72000,136000,237000,-101000,434344
064036,矽創元大9C購01  ,0,0,0,0,0,0,0,0,0,434000,0,0,0,549000,115000,434000,434000
063900,GIS群益9C購03   ,0,0,0,0,0,0,0,0,0,434000,0,0,0,444000,10000,434000,434000
1532,勤美            ,495000,61000,434000,0,0,0,0,0,0,-1000,0,1000,-1000,0,0,0,433000
064624,群創元大02購01  ,0,0,0,0,0,0,0,0,0,432000,0,0,0,578000,146000,432000,432000
061770,泰碩元大9B購02  ,0,0,0,0,0,0,0,0,0,430000,0,0,0,996000,566000,430000,430000
060918,康友國泰9C購01  ,0,0,0,0,0,0,0,0,0,430000,0,0,0,699000,269000,430000,430000
065021,貿聯富邦03購01  ,0,0,0,0,0,0,0,0,0,429000,0,0,0,475000,46000,429000,429000
063220,建準群益9B購01  ,0,0,0,0,0,0,0,0,0,429000,0,0,0,611000,182000,429000,429000
063537,華擎統一9C購03  ,0,0,0,0,0,0,0,0,0,429000,0,0,0,775000,346000,429000,429000
065975,緯創元大02購01  ,0,0,0,0,0,0,0,0,0,428000,0,0,0,749000,321000,428000,428000
045189,大立光元富98購01,0,0,0,0,0,0,0,0,0,428000,0,0,0,428000,0,428000,428000
063176,南亞科兆豐9B購01,0,0,0,0,0,0,0,0,0,428000,0,0,0,438000,10000,428000,428000
065756,緯創元大9C購05  ,0,0,0,0,0,0,0,0,0,427000,0,0,0,648000,221000,427000,427000
064840,彩晶統一02購01  ,0,0,0,0,0,0,0,0,0,427000,0,0,0,503000,76000,427000,427000
058646,聯茂富邦9A購01  ,0,0,0,0,0,0,0,0,0,427000,0,0,0,546000,119000,427000,427000
064356,矽創元大01購01  ,0,20000,-20000,0,0,0,0,0,0,447000,0,0,0,624000,177000,447000,427000
6214,精誠            ,367000,156000,211000,0,0,0,0,0,0,216000,230000,14000,216000,0,0,0,427000
057961,茂林元大9A購01  ,0,0,0,0,0,0,0,0,0,425000,0,0,0,508000,83000,425000,425000
063689,可成永豐9B購04  ,0,0,0,0,0,0,0,0,0,425000,0,0,0,425000,0,425000,425000
3708,上緯投控        ,513000,129000,384000,0,0,0,0,0,0,41000,0,0,0,45000,4000,41000,425000
057453,矽創元富98購01  ,0,0,0,0,0,0,0,0,0,424000,0,0,0,660000,236000,424000,424000
061536,華擎統一9C購02  ,0,0,0,0,0,0,0,0,0,423000,0,0,0,911000,488000,423000,423000
058688,矽創凱基9A購01  ,0,0,0,0,0,0,0,0,0,421000,0,0,0,421000,0,421000,421000
063650,矽創元大9B購03  ,0,0,0,0,0,0,0,0,0,421000,0,0,0,587000,166000,421000,421000
062915,嘉澤元大9B購03  ,0,0,0,0,0,0,0,0,0,421000,0,0,0,578000,157000,421000,421000
057354,聯鈞統一99購03  ,0,0,0,0,0,0,0,0,0,419000,0,0,0,906000,487000,419000,419000
051277,聯發科中信9A購01,0,0,0,0,0,0,0,0,0,419000,0,0,0,552000,133000,419000,419000
1609,大亞            ,782000,361000,421000,0,0,0,0,0,0,-2000,0,2000,-2000,0,0,0,419000
065134,中石化凱基01購01,0,0,0,0,0,0,0,0,0,418000,0,0,0,418000,0,418000,418000
060249,正文元大9C購01  ,0,0,0,0,0,0,0,0,0,418000,0,0,0,433000,15000,418000,418000
064189,TPK永豐9C購01   ,0,0,0,0,0,0,0,0,0,418000,0,0,0,424000,6000,418000,418000
050378,上証2X群益98購02,0,0,0,0,0,0,0,0,0,417000,0,0,0,417000,0,417000,417000
058054,台積電統一9C購01,0,0,0,0,0,0,0,0,0,416000,0,0,0,2751000,2335000,416000,416000
063439,正隆統一01購01  ,0,0,0,0,0,0,0,0,0,415000,0,0,0,435000,20000,415000,415000
058180,華新科國泰9A購01,0,0,0,0,0,0,0,0,0,414000,0,0,0,414000,0,414000,414000
064895,奇力新群益9C購02,0,0,0,0,0,0,0,0,0,412000,0,0,0,530000,118000,412000,412000
065689,群創元富9C購04  ,0,0,0,0,0,0,0,0,0,411000,0,0,0,559000,148000,411000,411000
065536,健鼎統一02購04  ,0,0,0,0,0,0,0,0,0,410000,0,0,0,445000,35000,410000,410000
065344,瑞昱統一01購05  ,0,0,0,0,0,0,0,0,0,410000,0,0,0,444000,34000,410000,410000
06755P,大立光永豐98售03,0,0,0,0,0,0,0,0,0,410000,0,0,0,410000,0,410000,410000
063239,建準元大9B購01  ,0,0,0,0,0,0,0,0,0,410000,0,0,0,525000,115000,410000,410000
062975,京鼎元富9B購01  ,0,0,0,0,0,0,0,0,0,410000,0,0,0,554000,144000,410000,410000
061023,茂林國泰9B購02  ,0,0,0,0,0,0,0,0,0,408000,0,0,0,408000,0,408000,408000
060369,滬深2X元富01購01,0,0,0,0,0,0,0,0,0,408000,0,0,0,408000,0,408000,408000
064375,智邦元富03購01  ,0,0,0,0,0,0,0,0,0,406000,0,0,0,514000,108000,406000,406000
062697,國巨元大9C購01  ,0,0,0,0,0,0,0,0,0,405000,0,0,0,423000,18000,405000,405000
063483,致新元大9B購03  ,0,0,0,0,0,0,0,0,0,403000,0,0,0,495000,92000,403000,403000
065950,正崴統一03購01  ,0,0,0,0,0,0,0,0,0,402000,0,0,0,482000,80000,402000,402000
063350,台表科統一02購02,0,0,0,0,0,0,0,0,0,402000,0,0,0,414000,12000,402000,402000
062258,奇力新元大9B購03,0,0,0,0,0,0,0,0,0,401000,0,0,0,401000,0,401000,401000
054644,A50正2群益9B購01,0,0,0,0,0,0,0,0,0,400000,0,0,0,400000,0,400000,400000
061171,大立光麥證9A購01,0,0,0,400000,0,400000,0,0,0,400000,0,0,0,400000,0,400000,400000
059656,T50反1元大99購11,0,0,0,0,0,0,0,0,0,400000,0,0,0,560000,160000,400000,400000
064596,台表科統一01購03,0,0,0,0,0,0,0,0,0,400000,0,0,0,402000,2000,400000,400000
063989,大立光永豐9C購01,0,0,0,0,0,0,0,0,0,398000,0,0,0,400000,2000,398000,398000
063373,晶技永豐9B購02  ,0,0,0,0,0,0,0,0,0,396000,0,0,0,519000,123000,396000,396000
6416,瑞祺電通        ,838000,374000,464000,0,0,0,0,0,0,-69000,106000,84000,22000,14000,105000,-91000,395000
065983,亞德客國泰03購01,0,0,0,0,0,0,0,0,0,393000,0,0,0,841000,448000,393000,393000
065819,京鼎元富03購01  ,0,0,0,0,0,0,0,0,0,392000,0,0,0,655000,263000,392000,392000
054377,臺股指中信99購09,1000,0,1000,0,0,0,0,0,0,391000,0,0,0,391000,0,391000,392000
061493,T50反1國票9B購04,0,0,0,0,0,0,0,0,0,392000,0,0,0,392000,0,392000,392000
056605,台積電富邦9B購02,0,0,0,0,0,0,0,0,0,391000,0,0,0,870000,479000,391000,391000
064131,群創元大01購02  ,0,0,0,0,0,0,0,0,0,390000,0,0,0,785000,395000,390000,390000
064595,超眾統一02購01  ,0,0,0,0,0,0,0,0,0,390000,0,0,0,420000,30000,390000,390000
054072,台積電富邦98購02,0,0,0,0,0,0,0,0,0,388000,0,0,0,528000,140000,388000,388000
063575,矽格元大9B購02  ,0,0,0,0,0,0,0,0,0,387000,0,0,0,462000,75000,387000,387000
063510,台表科群益9C購01,0,0,0,0,0,0,0,0,0,387000,0,0,0,387000,0,387000,387000
057166,國巨元大99購06  ,0,0,0,0,0,0,0,0,0,384000,0,0,0,442000,58000,384000,384000
061204,國巨元大9A購16  ,0,0,0,0,0,0,0,0,0,384000,0,0,0,501000,117000,384000,384000
064026,建準元大9C購02  ,0,0,0,0,0,0,0,0,0,384000,0,0,0,515000,131000,384000,384000
061094,彩晶統一9B購02  ,0,0,0,0,0,0,0,0,0,383000,0,0,0,529000,146000,383000,383000
062653,正隆永豐9B購01  ,0,0,0,0,0,0,0,0,0,383000,0,0,0,427000,44000,383000,383000
062819,奇鋐兆豐9B購01  ,0,0,0,0,0,0,0,0,0,383000,0,0,0,439000,56000,383000,383000
065820,瑞祺元富03購01  ,0,0,0,0,0,0,0,0,0,381000,0,0,0,445000,64000,381000,381000
056417,欣興中信98購01  ,0,0,0,0,0,0,0,0,0,380000,0,0,0,395000,15000,380000,380000
058222,玉晶光統一9B購01,0,0,0,0,0,0,0,0,0,380000,0,0,0,487000,107000,380000,380000
063449,全新統一9B購02  ,0,0,0,0,0,0,0,0,0,380000,0,0,0,515000,135000,380000,380000
058424,滬深2X元富99購04,0,0,0,0,0,0,0,0,0,377000,0,0,0,387000,10000,377000,377000
065464,健鼎中信9C購01  ,0,0,0,0,0,0,0,0,0,375000,0,0,0,375000,0,375000,375000
062062,貿聯統一01購01  ,0,0,0,0,0,0,0,0,0,375000,0,0,0,431000,56000,375000,375000
063902,志超群益9C購01  ,0,0,0,0,0,0,0,0,0,375000,0,0,0,375000,0,375000,375000
064447,喬山統一02購01  ,0,0,0,0,0,0,0,0,0,375000,0,0,0,375000,0,375000,375000
065216,群創國泰01購02  ,0,0,0,0,0,0,0,0,0,374000,0,0,0,563000,189000,374000,374000
063924,致新元富9C購01  ,0,0,0,0,0,0,0,0,0,374000,0,0,0,896000,522000,374000,374000
065586,嘉聯益富邦03購01,0,0,0,0,0,0,0,0,0,373000,0,0,0,447000,74000,373000,373000
063282,奇力新元大9B購06,0,0,0,0,0,0,0,0,0,373000,0,0,0,423000,50000,373000,373000
060431,復盛永豐9A購01  ,0,0,0,0,0,0,0,0,0,372000,0,0,0,375000,3000,372000,372000
062817,富邦金兆豐9B購01,0,0,0,0,0,0,0,0,0,372000,0,0,0,373000,1000,372000,372000
059294,宏達電元富9B購02,0,0,0,0,0,0,0,0,0,371000,0,0,0,384000,13000,371000,371000
047504,滬深2X國票9A購01,0,0,0,0,0,0,0,0,0,371000,0,0,0,553000,182000,371000,371000
064150,全新統一01購03  ,0,0,0,0,0,0,0,0,0,371000,0,0,0,407000,36000,371000,371000
064256,玉晶光國泰02購02,0,0,0,0,0,0,0,0,0,370000,0,0,0,458000,88000,370000,370000
064578,TPK國泰02購01   ,0,0,0,0,0,0,0,0,0,370000,0,0,0,428000,58000,370000,370000
064465,台表科統一01購02,0,0,0,0,0,0,0,0,0,368000,0,0,0,614000,246000,368000,368000
9911,櫻花            ,522000,129000,393000,0,0,0,0,36000,-36000,11000,14000,3000,11000,0,0,0,368000
053358,晶技統一98購01  ,0,0,0,0,0,0,0,0,0,367000,0,0,0,373000,6000,367000,367000
059942,全新永豐99購04  ,0,0,0,0,0,0,0,0,0,367000,0,0,0,386000,19000,367000,367000
056591,S&P正2元富9A購01,0,0,0,0,0,0,0,0,0,366000,0,0,0,366000,0,366000,366000
062343,中石化群益9B購01,0,0,0,0,0,0,0,0,0,366000,0,0,0,423000,57000,366000,366000
057356,彩晶統一98購04  ,0,0,0,0,0,0,0,0,0,365000,0,0,0,365000,0,365000,365000
064084,群創中信06購02  ,0,0,0,0,0,0,0,0,0,365000,0,0,0,365000,0,365000,365000
2886,兆豐金          ,10253084,9927291,325793,0,0,0,0,167000,-167000,206000,220000,2000,218000,41000,53000,-12000,364793
064821,聯電統一02購01  ,0,0,0,0,0,0,0,0,0,364000,0,0,0,452000,88000,364000,364000
061021,聯電國泰9B購01  ,0,0,0,0,0,0,0,0,0,364000,0,0,0,564000,200000,364000,364000
064562,友達群益9C購03  ,0,0,0,0,0,0,0,0,0,364000,0,0,0,364000,0,364000,364000
063369,聚陽永豐9B購01  ,0,0,0,0,0,0,0,0,0,364000,0,0,0,552000,188000,364000,364000
063484,達方元大9B購01  ,0,0,0,0,0,0,0,0,0,363000,0,0,0,667000,304000,363000,363000
063667,全新統一01購02  ,0,0,0,0,0,0,0,0,0,363000,0,0,0,436000,73000,363000,363000
061577,泰碩元大9A購03  ,0,0,0,0,0,0,0,0,0,362000,0,0,0,1224000,862000,362000,362000
065853,智伸科元大9C購02,0,1000,-1000,0,0,0,0,0,0,362000,0,0,0,417000,55000,362000,361000
065977,旭富元大02購01  ,0,0,0,0,0,0,0,0,0,361000,0,0,0,427000,66000,361000,361000
053764,A50正2富邦99購01,0,0,0,0,0,0,0,0,0,361000,0,0,0,438000,77000,361000,361000
064360,台積電統一9C購12,0,0,0,0,0,0,0,0,0,361000,0,0,0,436000,75000,361000,361000
062528,全新統一9C購01  ,0,0,0,0,0,0,0,0,0,360000,0,0,0,360000,0,360000,360000
061042,致新永豐9A購02  ,0,0,0,0,0,0,0,0,0,359000,0,0,0,739000,380000,359000,359000
063348,祥碩統一01購04  ,0,0,0,0,0,0,0,0,0,359000,0,0,0,359000,0,359000,359000
056356,台積電元大99購01,0,0,0,0,0,0,0,0,0,358000,0,0,0,550000,192000,358000,358000
063265,瑞祺永豐9B購01  ,0,0,0,0,0,0,0,0,0,358000,0,0,0,413000,55000,358000,358000
8081,致新            ,735000,536000,199000,0,0,0,350000,0,350000,-191000,0,71000,-71000,42000,162000,-120000,358000
056659,泰碩元大99購01  ,0,0,0,0,0,0,0,0,0,357000,0,0,0,362000,5000,357000,357000
059948,正文永豐99購01  ,0,0,0,0,0,0,0,0,0,357000,0,0,0,470000,113000,357000,357000
063208,鈺齊統一9C購01  ,0,0,0,0,0,0,0,0,0,357000,0,0,0,392000,35000,357000,357000
062573,大毅群益9B購03  ,0,0,0,0,0,0,0,0,0,356000,0,0,0,405000,49000,356000,356000
064763,祥碩凱基02購01  ,0,0,0,0,0,0,0,0,0,356000,0,0,0,421000,65000,356000,356000
063809,矽創兆豐01購01  ,0,0,0,0,0,0,0,0,0,356000,0,0,0,426000,70000,356000,356000
6196,帆宣            ,799000,367000,432000,0,0,0,0,0,0,-76000,5000,0,5000,25000,106000,-81000,356000
065349,玉晶光統一9C購05,0,0,0,0,0,0,0,0,0,355000,0,0,0,411000,56000,355000,355000
057546,台積電凱基02購01,0,0,0,0,0,0,0,0,0,355000,0,0,0,355000,0,355000,355000
056841,友達元富98購03  ,0,0,0,0,0,0,0,0,0,355000,0,0,0,380000,25000,355000,355000
062633,亞光國票9B購01  ,0,0,0,0,0,0,0,0,0,355000,0,0,0,880000,525000,355000,355000
063290,GIS元大9B購02   ,0,0,0,0,0,0,0,0,0,354000,0,0,0,523000,169000,354000,354000
4722,國精化          ,522000,168000,354000,0,0,0,0,0,0,0,0,0,0,0,0,0,354000
061673,仁寶元大9B購01  ,0,0,0,0,0,0,0,0,0,353000,0,0,0,465000,112000,353000,353000
062755,茂林麥證9B購01  ,0,0,0,353000,0,353000,0,0,0,353000,0,0,0,353000,0,353000,353000
065758,嘉澤元大9C購03  ,0,0,0,0,0,0,0,0,0,352000,0,0,0,467000,115000,352000,352000
061819,茂林群益9B購01  ,0,0,0,0,0,0,0,0,0,352000,0,0,0,457000,105000,352000,352000
063450,華新科統一02購01,0,0,0,0,0,0,0,0,0,352000,0,0,0,836000,484000,352000,352000
064441,嘉澤凱基9C購02  ,0,0,0,0,0,0,0,0,0,352000,0,0,0,374000,22000,352000,352000
08185P,華新科永豐9B售01,0,0,0,0,0,0,0,0,0,351000,0,0,0,351000,0,351000,351000
00646,元大S&P500      ,5000,0,5000,0,0,0,0,0,0,346000,0,0,0,487000,141000,346000,351000
060990,新光金元大9B購03,0,0,0,0,0,0,0,0,0,351000,0,0,0,401000,50000,351000,351000
065470,聚陽元大01購01  ,0,0,0,0,0,0,0,0,0,350000,0,0,0,436000,86000,350000,350000
065174,華新科元大02購02,0,0,0,0,0,0,0,0,0,350000,0,0,0,578000,228000,350000,350000
065083,南亞科元大01購01,0,0,0,0,0,0,0,0,0,350000,0,0,0,370000,20000,350000,350000
058615,矽創元大99購01  ,0,0,0,0,0,0,0,0,0,350000,0,0,0,681000,331000,350000,350000
063124,奇力新元大9B購05,0,0,0,0,0,0,0,0,0,350000,0,0,0,350000,0,350000,350000
00738U,元大道瓊白銀    ,25000,25000,0,0,0,0,0,0,0,349000,0,0,0,701000,352000,349000,349000
059093,旭富元大99購01  ,0,0,0,0,0,0,0,0,0,349000,0,0,0,557000,208000,349000,349000
064563,全新群益02購01  ,0,0,0,0,0,0,0,0,0,349000,0,0,0,478000,129000,349000,349000
00641R,富邦日本反1     ,2000,0,2000,0,0,0,0,0,0,346000,0,0,0,495000,149000,346000,348000
062046,矽格凱基9B購01  ,0,0,0,0,0,0,0,0,0,347000,0,0,0,371000,24000,347000,347000
060632,可成富邦9B購01  ,0,0,0,0,0,0,0,0,0,347000,0,0,0,374000,27000,347000,347000
064053,祥碩統一02購01  ,0,0,0,0,0,0,0,0,0,346000,0,0,0,469000,123000,346000,346000
063398,信邦群益9B購02  ,0,0,0,0,0,0,0,0,0,344000,0,0,0,374000,30000,344000,344000
057956,全新元大99購04  ,0,0,0,0,0,0,0,0,0,342000,0,0,0,342000,0,342000,342000
057118,欣興日盛9A購01  ,0,0,0,0,0,0,0,0,0,342000,0,0,0,422000,80000,342000,342000
058794,旺宏元大99購09  ,0,0,0,0,0,0,0,0,0,342000,0,0,0,374000,32000,342000,342000
056550,瑞儀凱基99購01  ,0,0,0,0,0,0,0,0,0,341000,0,0,0,391000,50000,341000,341000
060308,劍麟永豐9A購01  ,0,0,0,0,0,0,0,0,0,341000,0,0,0,343000,2000,341000,341000
054370,台積電中信9A購01,0,0,0,0,0,0,0,0,0,340000,0,0,0,550000,210000,340000,340000
058536,群創統一9B購01  ,0,0,0,0,0,0,0,0,0,340000,0,0,0,405000,65000,340000,340000
063592,瑞祺永豐9B購02  ,0,0,0,0,0,0,0,0,0,340000,0,0,0,361000,21000,340000,340000
056290,正文永豐98購01  ,0,0,0,0,0,0,0,0,0,339000,0,0,0,450000,111000,339000,339000
060720,嘉聯益永豐9A購02,0,0,0,0,0,0,0,0,0,339000,0,0,0,339000,0,339000,339000
058146,勤誠元大99購01  ,0,0,0,0,0,0,0,0,0,339000,0,0,0,359000,20000,339000,339000
063671,GIS統一01購01   ,0,0,0,0,0,0,0,0,0,339000,0,0,0,478000,139000,339000,339000
064293,勤誠元大9C購01  ,0,0,0,0,0,0,0,0,0,339000,0,0,0,439000,100000,339000,339000
062427,嘉澤統一01購01  ,0,0,0,0,0,0,0,0,0,339000,0,0,0,510000,171000,339000,339000
065557,中磊凱基9C購01  ,0,0,0,0,0,0,0,0,0,338000,0,0,0,495000,157000,338000,338000
064593,鈺齊永豐9C購01  ,0,0,0,0,0,0,0,0,0,338000,0,0,0,443000,105000,338000,338000
056688,聯詠統一98購01  ,0,0,0,0,0,0,0,0,0,337000,0,0,0,337000,0,337000,337000
058445,旺宏富邦9C購01  ,0,0,0,0,0,0,0,0,0,336000,0,0,0,572000,236000,336000,336000
059293,宏達電元富9B購01,0,0,0,0,0,0,0,0,0,335000,0,0,0,610000,275000,335000,335000
055652,聯詠元富01購01  ,0,0,0,0,0,0,0,0,0,335000,0,0,0,540000,205000,335000,335000
061398,力成中信9A購01  ,0,0,0,0,0,0,0,0,0,335000,0,0,0,343000,8000,335000,335000
064547,宏達電凱基9C購01,0,0,0,0,0,0,0,0,0,335000,0,0,0,374000,39000,335000,335000
08149P,祥碩群益9B售07  ,0,0,0,0,0,0,0,0,0,334000,0,0,0,335000,1000,334000,334000
057620,康控凱基99購01  ,0,0,0,0,0,0,0,0,0,334000,0,0,0,400000,66000,334000,334000
063688,建準永豐9B購03  ,0,0,0,0,0,0,0,0,0,334000,0,0,0,394000,60000,334000,334000
062360,華邦電元大9B購01,0,0,0,0,0,0,0,0,0,334000,0,0,0,468000,134000,334000,334000
062834,立積群益9B購02  ,0,0,0,0,0,0,0,0,0,333000,0,0,0,390000,57000,333000,333000
065754,健鼎元大9C購06  ,0,0,0,0,0,0,0,0,0,332000,0,0,0,468000,136000,332000,332000
064867,華新科永豐9C購03,0,0,0,0,0,0,0,0,0,332000,0,0,0,821000,489000,332000,332000
065124,燿華永豐9C購03  ,0,0,0,0,0,0,0,0,0,332000,0,0,0,332000,0,332000,332000
052328,台表科中信99購01,0,0,0,0,0,0,0,0,0,332000,0,0,0,332000,0,332000,332000
00830,國泰費城半導體  ,14000,15000,-1000,0,0,0,0,0,0,333000,0,0,0,342000,9000,333000,332000
063473,茂林元大9B購05  ,0,0,0,0,0,0,0,0,0,332000,0,0,0,332000,0,332000,332000
064235,美律統一9C購02  ,0,0,0,0,0,0,0,0,0,332000,0,0,0,342000,10000,332000,332000
1773,勝一            ,401000,156000,245000,0,0,0,0,0,0,86000,77000,19000,58000,28000,0,28000,331000
051683,A50正2凱基97購01,0,0,0,0,0,0,0,0,0,330000,0,0,0,330000,0,330000,330000
055435,佳世達中信99購01,0,0,0,0,0,0,0,0,0,330000,0,0,0,330000,0,330000,330000
063197,遠東新統一9C購01,0,0,0,0,0,0,0,0,0,328000,0,0,0,328000,0,328000,328000
061571,奇力新元大9A購03,0,0,0,0,0,0,0,0,0,326000,0,0,0,378000,52000,326000,326000
08157P,大立光元富9B售06,0,0,0,0,0,0,0,0,0,325000,0,0,0,433000,108000,325000,325000
057656,大成鋼兆豐98購01,0,0,0,0,0,0,0,0,0,325000,0,0,0,325000,0,325000,325000
061896,景碩永豐9B購01  ,0,0,0,0,0,0,0,0,0,325000,0,0,0,381000,56000,325000,325000
061476,大毅元大9A購02  ,0,0,0,0,0,0,0,0,0,325000,0,0,0,378000,53000,325000,325000
063573,茂林元大9B購06  ,0,0,0,0,0,0,0,0,0,324000,0,0,0,483000,159000,324000,324000
063984,華邦電國泰02購01,0,0,0,0,0,0,0,0,0,324000,0,0,0,408000,84000,324000,324000
065684,超眾統一03購01  ,0,0,0,0,0,0,0,0,0,323000,0,0,0,358000,35000,323000,323000
059938,凱美永豐99購01  ,0,0,0,0,0,0,0,0,0,323000,0,0,0,323000,0,323000,323000
064618,南亞科元大9C購04,0,0,0,0,0,0,0,0,0,323000,0,0,0,396000,73000,323000,323000
062828,聯詠群益9B購02  ,0,0,0,0,0,0,0,0,0,323000,0,0,0,341000,18000,323000,323000
065846,華新科元大03購01,0,0,0,0,0,0,0,0,0,322000,0,0,0,602000,280000,322000,322000
065092,健鼎元大9C購02  ,0,0,0,0,0,0,0,0,0,322000,0,0,0,351000,29000,322000,322000
057987,大立光元富98購02,0,0,0,0,0,0,0,0,0,322000,0,0,0,1540000,1218000,322000,322000
056849,瀚宇博元富98購01,0,0,0,0,0,0,0,0,0,320000,0,0,0,320000,0,320000,320000
058145,聯茂元大99購03  ,0,0,0,0,0,0,0,0,0,320000,0,0,0,674000,354000,320000,320000
058637,晶技兆豐99購01  ,0,0,0,0,0,0,0,0,0,320000,0,0,0,320000,0,320000,320000
057060,緯穎元大98購05  ,0,0,0,0,0,0,0,0,0,319000,0,0,0,399000,80000,319000,319000
062786,立積元大9C購03  ,0,0,0,0,0,0,0,0,0,319000,0,0,0,361000,42000,319000,319000
064163,康控統一01購01  ,0,0,0,0,0,0,0,0,0,319000,0,0,0,441000,122000,319000,319000
1434,福懋            ,2830300,2485900,344400,0,0,0,0,7000,-7000,-19000,0,4000,-4000,45000,60000,-15000,318400
064787,和潤群益9C購01  ,0,0,0,0,0,0,0,0,0,318000,0,0,0,318000,0,318000,318000
065897,凌華統一03購01  ,0,0,0,0,0,0,0,0,0,318000,0,0,0,338000,20000,318000,318000
065449,中租統一9C購01  ,0,0,0,0,0,0,0,0,0,318000,0,0,0,348000,30000,318000,318000
057793,群創統一99購02  ,0,0,0,0,0,0,0,0,0,318000,0,0,0,318000,0,318000,318000
062033,瀚宇博群益9B購01,0,0,0,0,0,0,0,0,0,318000,0,0,0,328000,10000,318000,318000
051432,群創元富99購03  ,0,0,0,0,0,0,0,0,0,317000,0,0,0,317000,0,317000,317000
061768,晶技元大9B購02  ,0,0,0,0,0,0,0,0,0,317000,0,0,0,322000,5000,317000,317000
061015,旺宏麥證9A購03  ,0,0,0,325000,8000,317000,0,0,0,317000,0,0,0,325000,8000,317000,317000
063807,超眾兆豐01購01  ,0,0,0,0,0,0,0,0,0,317000,0,0,0,327000,10000,317000,317000
062658,聯茂第一9B購01  ,0,0,0,0,0,0,0,0,0,317000,0,0,0,469000,152000,317000,317000
065657,智邦富邦9C購01  ,0,0,0,0,0,0,0,0,0,316000,0,0,0,321000,5000,316000,316000
064925,和碩統一02購01  ,0,0,0,0,0,0,0,0,0,316000,0,0,0,337000,21000,316000,316000
062186,晶技元大9B購05  ,0,0,0,0,0,0,0,0,0,316000,0,0,0,320000,4000,316000,316000
064377,宏達電元富9C購01,0,0,0,0,0,0,0,0,0,316000,0,0,0,317000,1000,316000,316000
065465,麗豐中信9C購01  ,0,0,0,0,0,0,0,0,0,315000,0,0,0,347000,32000,315000,315000
056456,群創凱基9B購01  ,0,0,0,0,0,0,0,0,0,315000,0,0,0,315000,0,315000,315000
061676,新光金元大9A購03,0,0,0,0,0,0,0,0,0,315000,0,0,0,335000,20000,315000,315000
060214,茂林康和9A購01  ,0,0,0,0,0,0,0,0,0,315000,0,0,0,315000,0,315000,315000
060450,南亞元大9A購02  ,0,0,0,0,0,0,0,0,0,314000,0,0,0,336000,22000,314000,314000
056517,茂林兆豐99購01  ,0,0,0,0,0,0,0,0,0,314000,0,0,0,324000,10000,314000,314000
061680,崇越元大9A購01  ,0,0,0,0,0,0,0,0,0,314000,0,0,0,495000,181000,314000,314000
064463,聯茂統一01購02  ,0,0,0,0,0,0,0,0,0,314000,0,0,0,675000,361000,314000,314000
064520,京鼎群益02購01  ,0,0,0,0,0,0,0,0,0,314000,0,0,0,321000,7000,314000,314000
056850,彩晶元富99購01  ,0,0,0,0,0,0,0,0,0,313000,0,0,0,313000,0,313000,313000
062279,晶豪科群益9B購01,0,0,0,0,0,0,0,0,0,313000,0,0,0,314000,1000,313000,313000
08156P,大立光元富9B售05,0,0,0,0,0,0,0,0,0,312000,0,0,0,402000,90000,312000,312000
064516,華通群益02購01  ,0,0,0,0,0,0,0,0,0,312000,0,0,0,328000,16000,312000,312000
060100,新光金元大9C購01,0,0,0,0,0,0,0,0,0,311000,0,0,0,321000,10000,311000,311000
063852,瀚宇博元大9C購01,0,0,0,0,0,0,0,0,0,311000,0,0,0,449000,138000,311000,311000
063362,台表科國泰01購03,0,0,0,0,0,0,0,0,0,311000,0,0,0,315000,4000,311000,311000
055578,群創統一98購03  ,0,0,0,0,0,0,0,0,0,310000,0,0,0,543000,233000,310000,310000
03050X,元展47          ,0,0,0,0,0,0,0,0,0,310000,0,0,0,361000,51000,310000,310000
057303,喬山兆豐99購01  ,0,0,0,0,0,0,0,0,0,310000,0,0,0,310000,0,310000,310000
055331,國巨兆豐99購01  ,0,0,0,0,0,0,0,0,0,309000,0,0,0,571000,262000,309000,309000
064083,群創中信06購01  ,0,0,0,0,0,0,0,0,0,309000,0,0,0,310000,1000,309000,309000
063978,美食兆豐9C購01  ,0,0,0,0,0,0,0,0,0,308000,0,0,0,446000,138000,308000,308000
065595,鴻海元大9C購15  ,0,0,0,0,0,0,0,0,0,307000,0,0,0,517000,210000,307000,307000
065843,瑞昱元大9C購03  ,0,0,0,0,0,0,0,0,0,307000,0,0,0,539000,232000,307000,307000
055907,台虹兆豐98購01  ,0,0,0,0,0,0,0,0,0,307000,0,0,0,307000,0,307000,307000
058308,全新元大9B購01  ,0,0,0,0,0,0,0,0,0,307000,0,0,0,378000,71000,307000,307000
062835,瑞儀群益9B購01  ,0,0,0,0,0,0,0,0,0,307000,0,0,0,318000,11000,307000,307000
058140,臻鼎元大99購02  ,0,0,0,0,0,0,0,0,0,306000,0,0,0,306000,0,306000,306000
062089,矽創元大9B購02  ,0,0,0,0,0,0,0,0,0,306000,0,0,0,430000,124000,306000,306000
059754,訊芯群益9A購01  ,0,0,0,0,0,0,0,0,0,306000,0,0,0,360000,54000,306000,306000
062428,超眾統一9B購01  ,0,0,0,0,0,0,0,0,0,306000,0,0,0,440000,134000,306000,306000
063025,超眾元大9B購01  ,0,0,0,0,0,0,0,0,0,306000,0,0,0,329000,23000,306000,306000
058771,神達兆豐99購01  ,0,0,0,0,0,0,0,0,0,305000,0,0,0,399000,94000,305000,305000
3029,零壹            ,745000,427000,318000,0,0,0,0,0,0,-14000,1000,15000,-14000,0,0,0,304000
064969,達新元大9C購01  ,0,0,0,0,0,0,0,0,0,303000,0,0,0,367000,64000,303000,303000
054426,國泰金富邦97購02,0,0,0,0,0,0,0,0,0,303000,0,0,0,360000,57000,303000,303000
056555,矽創凱基98購01  ,0,0,0,0,0,0,0,0,0,303000,0,0,0,310000,7000,303000,303000
064236,奇力新統一01購04,0,0,0,0,0,0,0,0,0,303000,0,0,0,311000,8000,303000,303000
065742,宏達電麥證9C購01,0,0,0,302000,0,302000,0,0,0,302000,0,0,0,302000,0,302000,302000
00635U,元大S&P黃金     ,1000,0,1000,0,0,0,0,0,0,301000,0,0,0,382000,81000,301000,302000
058926,勤誠元富99購01  ,0,0,0,0,0,0,0,0,0,302000,0,0,0,302000,0,302000,302000
062560,奇鋐凱基9B購02  ,0,0,0,0,0,0,0,0,0,302000,0,0,0,343000,41000,302000,302000
063076,柏文永豐9B購02  ,0,0,0,0,0,0,0,0,0,301000,0,0,0,431000,130000,301000,301000
064718,友達統一02購01  ,0,0,0,0,0,0,0,0,0,301000,0,0,0,1421000,1120000,301000,301000
065531,聯電統一01購01  ,0,0,0,0,0,0,0,0,0,300000,0,0,0,398000,98000,300000,300000
051979,群創凱基97購01  ,0,0,0,0,0,0,0,0,0,300000,0,0,0,300000,0,300000,300000
054088,華新群益98購02  ,0,0,0,0,0,0,0,0,0,300000,0,0,0,303000,3000,300000,300000
060239,國揚元大9C購01  ,0,0,0,0,0,0,0,0,0,300000,0,0,0,404000,104000,300000,300000
058806,道瓊銀統一9B購01,0,0,0,0,0,0,0,0,0,300000,0,0,0,300000,0,300000,300000
064629,和潤元大9C購01  ,0,0,0,0,0,0,0,0,0,300000,0,0,0,418000,118000,300000,300000
063658,瑞祺元富9B購01  ,0,0,0,0,0,0,0,0,0,300000,0,0,0,499000,199000,300000,300000
059290,全新元富99購01  ,0,0,0,0,0,0,0,0,0,299000,0,0,0,664000,365000,299000,299000
054977,SP黃豆元富9B購01,0,0,0,0,0,0,0,0,0,298000,0,0,0,298000,0,298000,298000
061873,友達元大9C購07  ,0,0,0,0,0,0,0,0,0,298000,0,0,0,405000,107000,298000,298000
058324,嘉聯益永豐9A購01,0,0,0,0,0,0,0,0,0,298000,0,0,0,366000,68000,298000,298000
063916,瀚宇博凱基01購01,0,0,0,0,0,0,0,0,0,298000,0,0,0,336000,38000,298000,298000
065270,TPK元大01購01   ,0,0,0,0,0,0,0,0,0,297000,0,0,0,309000,12000,297000,297000
062955,立積永豐9B購02  ,0,0,0,0,0,0,0,0,0,297000,0,0,0,532000,235000,297000,297000
065491,華新科國泰02購01,0,0,0,0,0,0,0,0,0,296000,0,0,0,833000,537000,296000,296000
08095P,大立光元富9B售03,0,0,0,0,0,0,0,0,0,296000,0,0,0,417000,121000,296000,296000
057972,群創富邦9C購01  ,0,0,0,0,0,0,0,0,0,296000,0,0,0,415000,119000,296000,296000
062093,台積電富邦9C購11,0,0,0,0,0,0,0,0,0,296000,0,0,0,300000,4000,296000,296000
063871,瀚宇博永豐9C購01,0,0,0,0,0,0,0,0,0,296000,0,0,0,319000,23000,296000,296000
065593,達新元大9C購02  ,0,0,0,0,0,0,0,0,0,295000,0,0,0,300000,5000,295000,295000
065956,緯創統一01購01  ,0,0,0,0,0,0,0,0,0,295000,0,0,0,305000,10000,295000,295000
00753L,中信中國50正2   ,0,0,0,0,0,0,0,0,0,295000,0,0,0,697000,402000,295000,295000
063606,TPK凱基9C購01   ,0,0,0,0,0,0,0,0,0,295000,0,0,0,318000,23000,295000,295000
6451,訊芯-KY         ,628000,618000,10000,0,0,0,223000,0,223000,62000,4000,11000,-7000,83000,14000,69000,295000
061749,群創統一9C購02  ,0,0,0,0,0,0,0,0,0,294000,0,0,0,294000,0,294000,294000
064560,技嘉群益01購01  ,0,0,0,0,0,0,0,0,0,294000,0,0,0,314000,20000,294000,294000
020012,富邦行動通訊N   ,0,0,0,0,0,0,0,0,0,293000,0,0,0,427000,134000,293000,293000
061716,瑞儀凱基9B購01  ,0,0,0,0,0,0,0,0,0,293000,0,0,0,403000,110000,293000,293000
063709,上銀凱基9B購07  ,0,0,0,0,0,0,0,0,0,293000,0,0,0,293000,0,293000,293000
060351,滬深2X元富9A購01,0,0,0,0,0,0,0,0,0,292000,0,0,0,292000,0,292000,292000
065884,智原元富9C購02  ,0,0,0,0,0,0,0,0,0,291000,0,0,0,303000,12000,291000,291000
058722,台郡元富99購01  ,0,0,0,0,0,0,0,0,0,291000,0,0,0,296000,5000,291000,291000
065825,鴻海凱基02購02  ,0,0,0,0,0,0,0,0,0,290000,0,0,0,307000,17000,290000,290000
064993,嘉澤兆豐9C購01  ,0,0,0,0,0,0,0,0,0,290000,0,0,0,305000,15000,290000,290000
064935,寶成統一02購02  ,0,0,0,0,0,0,0,0,0,290000,0,0,0,290000,0,290000,290000
066021,華通群益02購03  ,0,0,0,0,0,0,0,0,0,290000,0,0,0,300000,10000,290000,290000
056726,友達日盛9A購01  ,0,0,0,0,0,0,0,0,0,290000,0,0,0,500000,210000,290000,290000
061879,超眾元大9C購01  ,0,0,0,0,0,0,0,0,0,290000,0,0,0,303000,13000,290000,290000
058390,樺漢國票9A購01  ,0,0,0,0,0,0,0,0,0,290000,0,0,0,290000,0,290000,290000
064469,臻鼎元富9C購01  ,0,0,0,0,0,0,0,0,0,290000,0,0,0,441000,151000,290000,290000
08656P,大立光群益9C售07,0,0,0,0,0,0,0,0,0,290000,0,0,0,290000,0,290000,290000
065762,台表科元大9C購13,0,0,0,0,0,0,0,0,0,289000,0,0,0,885000,596000,289000,289000
055063,玉晶光永豐99購01,0,0,0,0,0,0,0,0,0,289000,0,0,0,611000,322000,289000,289000
064810,嘉晶元大01購01  ,0,0,0,0,0,0,0,0,0,288000,0,0,0,322000,34000,288000,288000
061084,京元電兆豐9A購02,0,0,0,0,0,0,0,0,0,288000,0,0,0,381000,93000,288000,288000
058878,旭富國泰9B購01  ,0,0,0,0,0,0,0,0,0,288000,0,0,0,292000,4000,288000,288000
061036,晶技永豐9A購03  ,0,0,0,0,0,0,0,0,0,287000,0,0,0,298000,11000,287000,287000
063534,鴻海統一9B購07  ,0,0,0,0,0,0,0,0,0,287000,0,0,0,292000,5000,287000,287000
062406,臻鼎永豐9B購01  ,0,0,0,0,0,0,0,0,0,287000,0,0,0,288000,1000,287000,287000
065831,緯創凱基9C購03  ,0,0,0,0,0,0,0,0,0,286000,0,0,0,312000,26000,286000,286000
064724,健鼎統一02購02  ,0,0,0,0,0,0,0,0,0,286000,0,0,0,574000,288000,286000,286000
064692,嘉晶群益9C購03  ,0,0,0,0,0,0,0,0,0,285000,0,0,0,388000,103000,285000,285000
064338,美食元大9C購01  ,0,0,0,0,0,0,0,0,0,285000,0,0,0,413000,128000,285000,285000
065902,燿華富邦02購01  ,0,0,0,0,0,0,0,0,0,284000,0,0,0,297000,13000,284000,284000
054828,正崴國泰99購01  ,0,0,0,0,0,0,0,0,0,284000,0,0,0,475000,191000,284000,284000
058772,茂林兆豐9A購01  ,0,0,0,0,0,0,0,0,0,284000,0,0,0,319000,35000,284000,284000
062775,大成鋼元大9B購02,0,0,0,0,0,0,0,0,0,284000,0,0,0,612000,328000,284000,284000
065461,台光電中信9C購01,0,0,0,0,0,0,0,0,0,283000,0,0,0,335000,52000,283000,283000
065237,茂林凱基01購01  ,0,0,0,0,0,0,0,0,0,283000,0,0,0,340000,57000,283000,283000
062388,旭富國泰01購01  ,0,0,0,0,0,0,0,0,0,283000,0,0,0,357000,74000,283000,283000
064398,聚陽凱基01購01  ,0,0,0,0,0,0,0,0,0,283000,0,0,0,616000,333000,283000,283000
065268,嘉澤元大9C購02  ,0,0,0,0,0,0,0,0,0,282000,0,0,0,427000,145000,282000,282000
065362,華通元大9C購06  ,0,0,0,0,0,0,0,0,0,282000,0,0,0,319000,37000,282000,282000
066060,超眾元大01購03  ,0,0,0,0,0,0,0,0,0,282000,0,0,0,305000,23000,282000,282000
066223,拓凱國泰03購01  ,0,0,0,0,0,0,0,0,0,282000,0,0,0,451000,169000,282000,282000
055962,晶豪科元大97購02,0,0,0,0,0,0,0,0,0,282000,0,0,0,285000,3000,282000,282000
064627,矽格元大9C購01  ,0,0,0,0,0,0,0,0,0,282000,0,0,0,1212000,930000,282000,282000
6706,惠特            ,529000,260000,269000,0,0,0,0,0,0,13000,10000,4000,6000,9000,2000,7000,282000
065380,緯穎元大9C購02  ,0,0,0,0,0,0,0,0,0,281000,0,0,0,436000,155000,281000,281000
056810,群創統一9A購01  ,0,0,0,0,0,0,0,0,0,281000,0,0,0,349000,68000,281000,281000
059902,滬深2X元大9C購08,0,0,0,0,0,0,0,0,0,281000,0,0,0,281000,0,281000,281000
060807,新光金群益9A購01,0,0,0,0,0,0,0,0,0,281000,0,0,0,281000,0,281000,281000
057490,可成元大98購10  ,0,0,0,0,0,0,0,0,0,280000,0,0,0,290000,10000,280000,280000
062126,創意統一9B購01  ,0,0,0,0,0,0,0,0,0,280000,0,0,0,588000,308000,280000,280000
061583,矽創元大9A購01  ,0,0,0,0,0,0,0,0,0,280000,0,0,0,457000,177000,280000,280000
062496,矽創中信9B購01  ,0,0,0,0,0,0,0,0,0,280000,0,0,0,625000,345000,280000,280000
061190,力山永豐9A購02  ,0,0,0,0,0,0,0,0,0,279000,0,0,0,300000,21000,279000,279000
063492,台積電富邦02購02,0,0,0,0,0,0,0,0,0,279000,0,0,0,281000,2000,279000,279000
065609,嘉澤元大01購02  ,0,0,0,0,0,0,0,0,0,278000,0,0,0,380000,102000,278000,278000
057567,嘉聯益富邦9A購01,0,0,0,0,0,0,0,0,0,278000,0,0,0,480000,202000,278000,278000
061584,勤誠元大9A購01  ,0,0,0,0,0,0,0,0,0,278000,0,0,0,441000,163000,278000,278000
063673,GIS統一9C購02   ,0,0,0,0,0,0,0,0,0,278000,0,0,0,280000,2000,278000,278000
2360,致茂            ,618000,284000,334000,0,0,0,0,9000,-9000,-47000,1000,36000,-35000,4000,16000,-12000,278000
05634P,玉晶光台新97售01,0,0,0,0,0,0,0,0,0,277000,0,0,0,277000,0,277000,277000
00647L,元大S&P500正2   ,12000,0,12000,0,0,0,0,0,0,265000,0,0,0,677000,412000,265000,277000
058648,聯陽永豐99購01  ,0,0,0,0,0,0,0,0,0,277000,0,0,0,404000,127000,277000,277000
064033,茂林元大9C購02  ,0,0,0,0,0,0,0,0,0,277000,0,0,0,277000,0,277000,277000
058202,鴻海凱基9A購04  ,0,0,0,0,0,0,0,0,0,276000,0,0,0,276000,0,276000,276000
060923,全新永豐9A購01  ,0,0,0,0,0,0,0,0,0,276000,0,0,0,286000,10000,276000,276000
064071,台郡永豐9C購01  ,0,0,0,0,0,0,0,0,0,276000,0,0,0,456000,180000,276000,276000
064702,百和群益01購01  ,0,0,0,0,0,0,0,0,0,276000,0,0,0,374000,98000,276000,276000
064475,台積電國泰02購03,0,0,0,0,0,0,0,0,0,275000,0,0,0,780000,505000,275000,275000
065554,群創凱基02購02  ,0,0,0,0,0,0,0,0,0,274000,0,0,0,552000,278000,274000,274000
055721,聯詠元大97購04  ,0,0,0,0,0,0,0,0,0,274000,0,0,0,296000,22000,274000,274000
057260,微星兆豐98購01  ,0,0,0,0,0,0,0,0,0,274000,0,0,0,274000,0,274000,274000
060286,佳世達元大9C購01,0,0,0,0,0,0,0,0,0,274000,0,0,0,340000,66000,274000,274000
060692,鴻海麥證9A購01  ,0,0,0,279000,0,279000,0,0,0,274000,0,0,0,279000,5000,274000,274000
061170,南茂兆豐9B購01  ,0,0,0,0,0,0,0,0,0,274000,0,0,0,274000,0,274000,274000
064830,可成統一9C購04  ,0,0,0,0,0,0,0,0,0,273000,0,0,0,276000,3000,273000,273000
08161P,台表科元富9B售02,0,0,0,0,0,0,0,0,0,273000,0,0,0,539000,266000,273000,273000
056269,新日興統一98購01,0,0,0,0,0,0,0,0,0,273000,0,0,0,1036000,763000,273000,273000
065378,嘉澤元大01購01  ,0,0,0,0,0,0,0,0,0,272000,0,0,0,390000,118000,272000,272000
064736,超眾元富9C購04  ,0,0,0,0,0,0,0,0,0,272000,0,0,0,322000,50000,272000,272000
064622,晶技元大01購01  ,0,0,0,0,0,0,0,0,0,272000,0,0,0,372000,100000,272000,272000
063806,瀚宇博兆豐01購01,0,0,0,0,0,0,0,0,0,272000,0,0,0,350000,78000,272000,272000
062942,嘉澤凱基9B購02  ,0,0,0,0,0,0,0,0,0,271000,0,0,0,280000,9000,271000,271000
057538,緯穎元大98購07  ,0,0,0,0,0,0,0,0,0,270000,0,0,0,338000,68000,270000,270000
057626,技嘉富邦9A購01  ,0,0,0,0,0,0,0,0,0,270000,0,0,0,422000,152000,270000,270000
058285,牧德群益9A購02  ,0,0,0,0,0,0,0,0,0,270000,0,0,0,270000,0,270000,270000
058911,茂林元大99購04  ,0,0,0,0,0,0,0,0,0,270000,0,0,0,270000,0,270000,270000
065173,可成元大9C購10  ,0,0,0,0,0,0,0,0,0,269000,0,0,0,276000,7000,269000,269000
065133,SP黃豆凱基02購01,0,0,0,0,0,0,0,0,0,269000,0,0,0,319000,50000,269000,269000
07536P,華新科元富9A售04,0,0,0,0,0,0,0,0,0,269000,0,0,0,296000,27000,269000,269000
063613,全新群益9C購01  ,0,0,0,0,0,0,0,0,0,269000,0,0,0,355000,86000,269000,269000
065044,大立光凱基9C購06,0,0,0,0,0,0,0,0,0,268000,0,0,0,331000,63000,268000,268000
053860,台積電元大98購03,0,0,0,0,0,0,0,0,0,268000,0,0,0,292000,24000,268000,268000
064765,緯穎凱基9C購02  ,0,0,0,0,0,0,0,0,0,268000,0,0,0,556000,288000,268000,268000
1308,亞聚            ,453000,240000,213000,0,0,0,0,0,0,55000,0,2000,-2000,57000,0,57000,268000
060303,宏達電富邦9B購01,0,0,0,0,0,0,0,0,0,267000,0,0,0,425000,158000,267000,267000
057187,群創元大9B購04  ,0,0,0,0,0,0,0,0,0,267000,0,0,0,548000,281000,267000,267000
058750,緯穎凱基9A購03  ,0,0,0,0,0,0,0,0,0,267000,0,0,0,268000,1000,267000,267000
062292,旭富永豐9B購01  ,0,0,0,0,0,0,0,0,0,267000,0,0,0,267000,0,267000,267000
062798,台光電統一9B購01,0,0,0,0,0,0,0,0,0,267000,0,0,0,287000,20000,267000,267000
058927,勤誠元富99購02  ,0,0,0,0,0,0,0,0,0,266000,0,0,0,309000,43000,266000,266000
06242P,大立光元富9A售02,0,0,0,0,0,0,0,0,0,266000,0,0,0,337000,71000,266000,266000
08352P,大立光群益01售02,0,0,0,0,0,0,0,0,0,266000,0,0,0,266000,0,266000,266000
5215,科嘉-KY         ,908000,475000,433000,0,0,0,20000,187000,-167000,0,0,0,0,0,0,0,266000
064836,群創統一9C購04  ,0,0,0,0,0,0,0,0,0,265000,0,0,0,313000,48000,265000,265000
056943,華通統一99購01  ,0,0,0,0,0,0,0,0,0,265000,0,0,0,529000,264000,265000,265000
00737,國泰AI+Robo     ,0,0,0,0,0,0,0,0,0,265000,0,0,0,340000,75000,265000,265000
063187,全新凱基9B購02  ,0,0,0,0,0,0,0,0,0,265000,0,0,0,306000,41000,265000,265000
064070,祥碩永豐9C購01  ,0,0,0,0,0,0,0,0,0,265000,0,0,0,285000,20000,265000,265000
056578,智易元大99購02  ,0,0,0,0,0,0,0,0,0,264000,0,0,0,314000,50000,264000,264000
059278,群創元大9A購04  ,0,0,0,0,0,0,0,0,0,264000,0,0,0,481000,217000,264000,264000
065683,嘉聯益統一03購01,0,0,0,0,0,0,0,0,0,262000,0,0,0,330000,68000,262000,262000
07034P,大立光元富99售03,0,0,0,0,0,0,0,0,0,262000,0,0,0,283000,21000,262000,262000
057196,茂林台新98購01  ,0,0,0,0,0,0,0,0,0,262000,0,0,0,325000,63000,262000,262000
061306,瑞祺永豐9A購02  ,0,0,0,0,0,0,0,0,0,262000,0,0,0,399000,137000,262000,262000
061492,超眾兆豐9B購01  ,0,0,0,0,0,0,0,0,0,262000,0,0,0,281000,19000,262000,262000
063339,智邦統一01購01  ,0,0,0,0,0,0,0,0,0,261000,0,0,0,305000,44000,261000,261000
065578,台郡群益9C購02  ,0,0,0,0,0,0,0,0,0,260000,0,0,0,323000,63000,260000,260000
057677,臺股指元大98購07,0,0,0,0,0,0,0,0,0,260000,0,0,0,260000,0,260000,260000
061070,超眾凱基9C購01  ,0,0,0,0,0,0,0,0,0,260000,0,0,0,260000,0,260000,260000
061646,力成元大9A購02  ,0,0,0,0,0,0,0,0,0,260000,0,0,0,260000,0,260000,260000
062914,嘉澤元大9B購02  ,0,0,0,0,0,0,0,0,0,260000,0,0,0,334000,74000,260000,260000
062477,聯詠國票9B購01  ,0,0,0,0,0,0,0,0,0,260000,0,0,0,261000,1000,260000,260000
064180,國巨富邦02購03  ,0,0,0,0,0,0,0,0,0,260000,0,0,0,342000,82000,260000,260000
08394P,大立光群益9C售05,0,0,0,0,0,0,0,0,0,260000,0,0,0,264000,4000,260000,260000
064809,冠德元大9C購01  ,0,0,0,0,0,0,0,0,0,259000,0,0,0,774000,515000,259000,259000
062293,麗豐永豐9B購01  ,0,0,0,0,0,0,0,0,0,259000,0,0,0,259000,0,259000,259000
065340,旺宏統一9C購04  ,0,0,0,0,0,0,0,0,0,258000,0,0,0,270000,12000,258000,258000
056483,TPK元大98購01   ,0,0,0,0,0,0,0,0,0,258000,0,0,0,304000,46000,258000,258000
061081,宏碁兆豐9A購01  ,0,0,0,0,0,0,0,0,0,258000,0,0,0,349000,91000,258000,258000
065608,緯創元大9C購04  ,0,0,0,0,0,0,0,0,0,257000,0,0,0,374000,117000,257000,257000
08096P,大立光元富9B售04,0,0,0,0,0,0,0,0,0,257000,0,0,0,375000,118000,257000,257000
061903,宏全永豐9B購01  ,0,0,0,0,0,0,0,0,0,257000,0,0,0,428000,171000,257000,257000
063355,超眾元富9B購01  ,0,0,0,0,0,0,0,0,0,257000,0,0,0,342000,85000,257000,257000
062690,華擎統一9B購01  ,0,0,0,0,0,0,0,0,0,256000,0,0,0,476000,220000,256000,256000
064028,大毅元大01購01  ,0,0,0,0,0,0,0,0,0,256000,0,0,0,274000,18000,256000,256000
064865,美律永豐9C購02  ,0,0,0,0,0,0,0,0,0,255000,0,0,0,255000,0,255000,255000
061882,矽創元大9B購01  ,5000,0,5000,0,0,0,0,0,0,250000,0,0,0,405000,155000,250000,255000
065665,鴻海凱基9C購04  ,0,0,0,0,0,0,0,0,0,254000,0,0,0,259000,5000,254000,254000
065517,緯創群益9C購02  ,0,0,0,0,0,0,0,0,0,254000,0,0,0,345000,91000,254000,254000
062016,美食永豐9B購01  ,0,0,0,0,0,0,0,0,0,254000,0,0,0,378000,124000,254000,254000
061643,嘉澤元大9A購05  ,0,0,0,0,0,0,0,0,0,254000,0,0,0,356000,102000,254000,254000
057791,可成統一99購01  ,0,0,0,0,0,0,0,0,0,253000,0,0,0,253000,0,253000,253000
063642,茂林元大9B購08  ,0,0,0,0,0,0,0,0,0,253000,0,0,0,324000,71000,253000,253000
058896,中環元大99購03  ,0,0,0,0,0,0,0,0,0,252000,0,0,0,354000,102000,252000,252000
064306,和潤兆豐01購01  ,0,0,0,0,0,0,0,0,0,252000,0,0,0,301000,49000,252000,252000
062936,鴻海凱基9B購07  ,0,0,0,0,0,0,0,0,0,252000,0,0,0,259000,7000,252000,252000
065582,景碩國泰01購01  ,0,0,0,0,0,0,0,0,0,251000,0,0,0,333000,82000,251000,251000
058495,元大金群益9B購01,0,0,0,0,0,0,0,0,0,251000,0,0,0,251000,0,251000,251000
2610,華航            ,2878899,3057457,-178558,0,0,0,0,6000,-6000,435000,0,14000,-14000,449000,0,449000,250442
066345,正文永豐01購01  ,0,0,0,0,0,0,0,0,0,250000,0,0,0,250000,0,250000,250000
056322,臺股指群益98購01,0,0,0,0,0,0,0,0,0,250000,0,0,0,250000,0,250000,250000
055354,宏達電凱基98購01,0,0,0,0,0,0,0,0,0,250000,0,0,0,250000,0,250000,250000
063294,美律麥證9B購01  ,0,0,0,260000,10000,250000,0,0,0,250000,0,0,0,260000,10000,250000,250000
07531P,大立光國泰9B售03,0,0,0,0,0,0,0,0,0,249000,0,0,0,298000,49000,249000,249000
054935,華通元大98購03  ,0,0,0,0,0,0,0,0,0,249000,0,0,0,299000,50000,249000,249000
057276,全新元大99購03  ,0,0,0,0,0,0,0,0,0,249000,0,0,0,249000,0,249000,249000
058721,立積元富9C購01  ,0,0,0,0,0,0,0,0,0,249000,0,0,0,258000,9000,249000,249000
065099,聯茂元大9C購03  ,0,0,0,0,0,0,0,0,0,248000,0,0,0,398000,150000,248000,248000
052755,滬深2X群益9A購01,0,0,0,0,0,0,0,0,0,248000,0,0,0,266000,18000,248000,248000
062036,致新群益9B購01  ,0,0,0,0,0,0,0,0,0,248000,0,0,0,354000,106000,248000,248000
062451,瀚宇博元大9B購02,0,0,0,0,0,0,0,0,0,248000,0,0,0,442000,194000,248000,248000
062401,信邦永豐9B購01  ,0,0,0,0,0,0,0,0,0,248000,0,0,0,248000,0,248000,248000
064585,中壽永豐9C購01  ,0,0,0,0,0,0,0,0,0,248000,0,0,0,248000,0,248000,248000
065159,臻鼎群益9C購02  ,0,0,0,0,0,0,0,0,0,247000,0,0,0,247000,0,247000,247000
065845,友達元大9C購12  ,0,0,0,0,0,0,0,0,0,247000,0,0,0,350000,103000,247000,247000
057234,宏達電凱基98購05,0,0,0,0,0,0,0,0,0,246000,0,0,0,251000,5000,246000,246000
064392,喬山永豐9C購01  ,0,0,0,0,0,0,0,0,0,246000,0,0,0,251000,5000,246000,246000
061349,嘉澤元大9A購02  ,0,0,0,0,0,0,0,0,0,245000,0,0,0,352000,107000,245000,245000
063845,旺宏元大9C購03  ,0,0,0,0,0,0,0,0,0,245000,0,0,0,300000,55000,245000,245000
062523,世紀鋼元大9C購03,0,0,0,0,0,0,0,0,0,245000,0,0,0,508000,263000,245000,245000
065662,台勝科永豐9C購01,0,0,0,0,0,0,0,0,0,244000,0,0,0,244000,0,244000,244000
065369,瑞昱元大9C購01  ,0,0,0,0,0,0,0,0,0,244000,0,0,0,267000,23000,244000,244000
054872,瀚宇博群益98購01,0,0,0,0,0,0,0,0,0,244000,0,0,0,244000,0,244000,244000
057888,貿聯群益98購02  ,0,0,0,0,0,0,0,0,0,244000,0,0,0,244000,0,244000,244000
058047,可成元大98購11  ,0,0,0,0,0,0,0,0,0,244000,0,0,0,244000,0,244000,244000
061137,晶技統一9B購01  ,0,0,0,0,0,0,0,0,0,244000,0,0,0,258000,14000,244000,244000
061661,京鼎永豐9A購02  ,0,0,0,0,0,0,0,0,0,243000,0,0,0,328000,85000,243000,243000
062672,兆豐金中信03購01,0,0,0,0,0,0,0,0,0,243000,0,0,0,275000,32000,243000,243000
062057,華邦電統一01購01,0,0,0,0,0,0,0,0,0,242000,0,0,0,413000,171000,242000,242000
059786,全新元大99購06  ,0,0,0,0,0,0,0,0,0,242000,0,0,0,288000,46000,242000,242000
060712,建準永豐9A購01  ,0,0,0,0,0,0,0,0,0,242000,0,0,0,360000,118000,242000,242000
064144,智邦統一01購02  ,0,0,0,0,0,0,0,0,0,242000,0,0,0,306000,64000,242000,242000
064107,友達兆豐01購01  ,0,0,0,0,0,0,0,0,0,242000,0,0,0,297000,55000,242000,242000
064283,奇鋐元大9C購02  ,0,0,0,0,0,0,0,0,0,242000,0,0,0,242000,0,242000,242000
065739,正崴麥證9C購01  ,0,0,0,409000,168000,241000,0,0,0,241000,0,0,0,409000,168000,241000,241000
061370,晶技國泰9C購01  ,0,0,0,0,0,0,0,0,0,241000,0,0,0,299000,58000,241000,241000
063206,貿聯統一9C購02  ,0,0,0,0,0,0,0,0,0,241000,0,0,0,347000,106000,241000,241000
065109,台勝科國票01購01,0,0,0,0,0,0,0,0,0,240000,0,0,0,380000,140000,240000,240000
056521,群創日盛98購01  ,0,0,0,0,0,0,0,0,0,240000,0,0,0,270000,30000,240000,240000
058163,道瓊反凱基9B購01,0,0,0,0,0,0,0,0,0,240000,0,0,0,240000,0,240000,240000
058363,全新凱基9A購02  ,0,0,0,0,0,0,0,0,0,240000,0,0,0,240000,0,240000,240000
059177,臺股指凱基99購28,0,0,0,0,0,0,0,0,0,240000,0,0,0,240000,0,240000,240000
057792,群創統一99購01  ,0,0,0,0,0,0,0,0,0,239000,0,0,0,435000,196000,239000,239000
046383,群創凱基98購01  ,0,0,0,0,0,0,0,0,0,239000,0,0,0,358000,119000,239000,239000
064098,正崴群益9C購01  ,0,0,0,0,0,0,0,0,0,239000,0,0,0,458000,219000,239000,239000
065978,臻鼎元大02購01  ,0,0,0,0,0,0,0,0,0,238000,0,0,0,399000,161000,238000,238000
064648,臻鼎凱基9C購02  ,0,0,0,0,0,0,0,0,0,238000,0,0,0,289000,51000,238000,238000
058732,矽格永豐99購01  ,0,0,0,0,0,0,0,0,0,237000,0,0,0,455000,218000,237000,237000
061773,和潤元大9B購01  ,0,0,0,0,0,0,0,0,0,237000,0,0,0,372000,135000,237000,237000
065949,瑞昱統一01購06  ,0,0,0,0,0,0,0,0,0,236000,0,0,0,460000,224000,236000,236000
066081,文曄國泰03購01  ,0,0,0,0,0,0,0,0,0,236000,0,0,0,236000,0,236000,236000
056699,光罩國泰99購01  ,0,0,0,0,0,0,0,0,0,236000,0,0,0,296000,60000,236000,236000
060188,華新科元富9A購03,0,0,0,0,0,0,0,0,0,235000,0,0,0,388000,153000,235000,235000
064264,智伸科永豐9C購01,0,0,0,0,0,0,0,0,0,235000,0,0,0,235000,0,235000,235000
07849P,大立光群益9A售06,0,0,0,0,0,0,0,0,0,234000,0,0,0,234000,0,234000,234000
065370,瑞昱元大9C購02  ,0,0,0,0,0,0,0,0,0,234000,0,0,0,323000,89000,234000,234000
056508,揚明光永豐98購01,0,0,0,0,0,0,0,0,0,234000,0,0,0,234000,0,234000,234000
058930,華新科統一9B購01,0,0,0,0,0,0,0,0,0,234000,0,0,0,329000,95000,234000,234000
064171,燿華元富9C購01  ,0,0,0,0,0,0,0,0,0,234000,0,0,0,234000,0,234000,234000
063286,嘉澤元大9B購04  ,0,0,0,0,0,0,0,0,0,234000,0,0,0,320000,86000,234000,234000
056136,京鼎元大98購01  ,0,0,0,0,0,0,0,0,0,233000,0,0,0,308000,75000,233000,233000
057776,京元電群益98購02,0,0,0,0,0,0,0,0,0,233000,0,0,0,336000,103000,233000,233000
060636,大毅永豐9A購02  ,0,0,0,0,0,0,0,0,0,233000,0,0,0,233000,0,233000,233000
064350,茂林元大01購01  ,0,0,0,0,0,0,0,0,0,233000,0,0,0,285000,52000,233000,233000
064650,台表科凱基03購01,0,0,0,0,0,0,0,0,0,233000,0,0,0,321000,88000,233000,233000
057369,奇力新元大99購05,0,0,0,0,0,0,0,0,0,232000,0,0,0,232000,0,232000,232000
057563,旭富國泰9A購01  ,0,0,0,0,0,0,0,0,0,232000,0,0,0,243000,11000,232000,232000
061899,復盛永豐9B購01  ,0,0,0,0,0,0,0,0,0,232000,0,0,0,232000,0,232000,232000
064529,友達中信01購03  ,0,0,0,0,0,0,0,0,0,232000,0,0,0,316000,84000,232000,232000
065012,燿華國泰02購01  ,0,0,0,0,0,0,0,0,0,231000,0,0,0,332000,101000,231000,231000
065858,台表科元大03購01,0,0,0,0,0,0,0,0,0,231000,0,0,0,376000,145000,231000,231000
060432,達方永豐9A購01  ,0,0,0,0,0,0,0,0,0,231000,0,0,0,477000,246000,231000,231000
062049,亞德客統一01購01,0,0,0,0,0,0,0,0,0,231000,0,0,0,253000,22000,231000,231000
064431,台積電凱基01購05,0,0,0,0,0,0,0,0,0,231000,0,0,0,464000,233000,231000,231000
065039,國巨凱基02購02  ,0,0,0,0,0,0,0,0,0,230000,0,0,0,230000,0,230000,230000
07686P,祥碩凱基9A售02  ,0,0,0,0,0,0,0,0,0,230000,0,0,0,230000,0,230000,230000
057448,致茂元富98購01  ,0,0,0,0,0,0,0,0,0,230000,0,0,0,230000,0,230000,230000
050398,上証2X中信97購01,0,0,0,0,0,0,0,0,0,230000,0,0,0,330000,100000,230000,230000
059061,晶技凱基9A購01  ,0,0,0,0,0,0,0,0,0,230000,0,0,0,307000,77000,230000,230000
9914,美利達          ,1334000,1437000,-103000,0,0,0,423000,40000,383000,-50000,47000,133000,-86000,39000,3000,36000,230000
065709,瀚宇博群益9C購01,0,0,0,0,0,0,0,0,0,229000,0,0,0,332000,103000,229000,229000
00728,第一金工業30    ,0,0,0,0,0,0,0,0,0,229000,0,0,0,285000,56000,229000,229000
060876,國巨中信9A購04  ,0,0,0,0,0,0,0,0,0,229000,0,0,0,230000,1000,229000,229000
058103,台積電永豐98購06,0,0,0,0,0,0,0,0,0,229000,0,0,0,316000,87000,229000,229000
063441,台達電統一9C購01,0,0,0,0,0,0,0,0,0,229000,0,0,0,229000,0,229000,229000
065540,台表科統一02購05,0,0,0,0,0,0,0,0,0,228000,0,0,0,228000,0,228000,228000
065447,緯創統一02購02  ,0,0,0,0,0,0,0,0,0,228000,0,0,0,323000,95000,228000,228000
065411,旺宏永豐9C購02  ,0,0,0,0,0,0,0,0,0,228000,0,0,0,228000,0,228000,228000
056266,開發金統一9A購01,0,0,0,0,0,0,0,0,0,228000,0,0,0,516000,288000,228000,228000
061178,晶技凱基9B購01  ,0,0,0,0,0,0,0,0,0,228000,0,0,0,248000,20000,228000,228000
063158,瑞昱台新9B購02  ,0,0,0,0,0,0,0,0,0,228000,0,0,0,228000,0,228000,228000
062520,晶豪科元大9B購02,0,0,0,0,0,0,0,0,0,228000,0,0,0,228000,0,228000,228000
065646,健鼎元大9C購04  ,0,0,0,0,0,0,0,0,0,227000,0,0,0,227000,0,227000,227000
057397,茂林中信9A購01  ,0,0,0,0,0,0,0,0,0,227000,0,0,0,337000,110000,227000,227000
058091,欣興元大99購03  ,0,3000,-3000,0,0,0,0,0,0,230000,0,0,0,286000,56000,230000,227000
060034,立積永豐99購04  ,0,0,0,0,0,0,0,0,0,227000,0,0,0,227000,0,227000,227000
061898,茂林永豐9B購01  ,0,0,0,0,0,0,0,0,0,227000,0,0,0,227000,0,227000,227000
063466,美食元大9B購02  ,0,0,0,0,0,0,0,0,0,227000,0,0,0,303000,76000,227000,227000
064639,聚陽凱基02購01  ,0,0,0,0,0,0,0,0,0,227000,0,0,0,434000,207000,227000,227000
051614,元金2X凱基97購01,0,0,0,0,0,0,0,0,0,226000,0,0,0,226000,0,226000,226000
060156,光磊永豐9A購01  ,0,0,0,0,0,0,0,0,0,226000,0,0,0,311000,85000,226000,226000
057992,大立光日盛98購01,0,0,0,0,0,0,0,0,0,225000,0,0,0,225000,0,225000,225000
065755,日電貿元大9C購02,0,0,0,0,0,0,0,0,0,224000,0,0,0,367000,143000,224000,224000
064813,祥碩元大9C購05  ,0,0,0,0,0,0,0,0,0,224000,0,0,0,342000,118000,224000,224000
056571,燿華元大98購02  ,0,0,0,0,0,0,0,0,0,224000,0,0,0,290000,66000,224000,224000
058189,嘉澤永豐99購01  ,0,0,0,0,0,0,0,0,0,224000,0,0,0,298000,74000,224000,224000
065400,華擎群益01購02  ,0,0,0,0,0,0,0,0,0,223000,0,0,0,252000,29000,223000,223000
060430,和潤永豐9A購01  ,0,0,0,0,0,0,0,0,0,223000,0,0,0,275000,52000,223000,223000
053276,友達元大9C購01  ,0,0,0,0,0,0,0,0,0,223000,0,0,0,627000,404000,223000,223000
055265,玉晶光永豐98購03,0,0,0,0,0,0,0,0,0,223000,0,0,0,344000,121000,223000,223000
055207,致新中信99購01  ,0,0,0,0,0,0,0,0,0,223000,0,0,0,223000,0,223000,223000
060364,奇力新元富9A購01,0,0,0,0,0,0,0,0,0,223000,0,0,0,341000,118000,223000,223000
063201,廣達統一01購01  ,0,0,0,0,0,0,0,0,0,223000,0,0,0,491000,268000,223000,223000
065261,技嘉元大9C購03  ,0,0,0,0,0,0,0,0,0,222000,0,0,0,255000,33000,222000,222000
062851,建準永豐9B購02  ,0,0,0,0,0,0,0,0,0,222000,0,0,0,232000,10000,222000,222000
064049,信邦統一01購01  ,0,0,0,0,0,0,0,0,0,222000,0,0,0,417000,195000,222000,222000
065703,大毅群益9C購01  ,0,0,0,0,0,0,0,0,0,221000,0,0,0,262000,41000,221000,221000
059453,奇力新永豐99購01,0,0,0,0,0,0,0,0,0,221000,0,0,0,230000,9000,221000,221000
044457,滬深2X國票97購01,0,0,0,0,0,0,0,0,0,220000,0,0,0,220000,0,220000,220000
051536,玉晶光國票97購01,0,0,0,0,0,0,0,0,0,220000,0,0,0,220000,0,220000,220000
055501,創意元大97購01  ,0,0,0,0,0,0,0,0,0,220000,0,0,0,220000,0,220000,220000
061357,寶成元大9A購01  ,0,0,0,0,0,0,0,0,0,220000,0,0,0,305000,85000,220000,220000
058831,茂林永豐99購01  ,0,0,0,0,0,0,0,0,0,220000,0,0,0,262000,42000,220000,220000
062803,嘉晶統一9B購02  ,0,0,0,0,0,0,0,0,0,220000,0,0,0,220000,0,220000,220000
06259P,臺股指群益97售12,0,0,0,0,0,0,0,0,0,220000,0,0,0,239000,19000,220000,220000
4977,眾達-KY         ,787000,735000,52000,0,0,0,0,0,0,168000,48000,0,48000,131000,11000,120000,220000
063611,儒鴻群益9B購03  ,0,0,0,0,0,0,0,0,0,219000,0,0,0,219000,0,219000,219000
064679,晶技兆豐9C購01  ,0,0,0,0,0,0,0,0,0,219000,0,0,0,263000,44000,219000,219000
08316P,祥碩元大9C售04  ,0,0,0,0,0,0,0,0,0,219000,0,0,0,591000,372000,219000,219000
065288,華新科群益02購02,0,0,0,0,0,0,0,0,0,218000,0,0,0,233000,15000,218000,218000
061174,鴻海凱基9A購23  ,0,0,0,0,0,0,0,0,0,218000,0,0,0,223000,5000,218000,218000
064286,TPK元大9C購02   ,0,0,0,0,0,0,0,0,0,218000,0,0,0,277000,59000,218000,218000
063670,美食統一9C購01  ,0,0,0,0,0,0,0,0,0,218000,0,0,0,218000,0,218000,218000
063760,聯詠統一9C購02  ,0,0,0,0,0,0,0,0,0,218000,0,0,0,301000,83000,218000,218000
062398,建準永豐9B購01  ,0,0,0,0,0,0,0,0,0,218000,0,0,0,672000,454000,218000,218000
062937,旺宏凱基9B購08  ,0,0,0,0,0,0,0,0,0,218000,0,0,0,243000,25000,218000,218000
063393,華通群益9C購05  ,0,0,0,0,0,0,0,0,0,218000,0,0,0,227000,9000,218000,218000
065597,旺宏元大01購03  ,10000,0,10000,0,0,0,0,0,0,207000,0,0,0,306000,99000,207000,217000
065723,新日興兆豐01購01,0,0,0,0,0,0,0,0,0,217000,0,0,0,495000,278000,217000,217000
03650C,T50反1元大98牛05,0,0,0,0,0,0,0,0,0,217000,0,0,0,347000,130000,217000,217000
061348,聯鈞元大9A購05  ,0,0,0,0,0,0,0,0,0,217000,0,0,0,485000,268000,217000,217000
058181,華新科國泰9B購01,0,0,0,0,0,0,0,0,0,217000,0,0,0,266000,49000,217000,217000
064430,鴻海凱基03購04  ,0,0,0,0,0,0,0,0,0,217000,0,0,0,242000,25000,217000,217000
056835,聯電元富99購01  ,0,0,0,0,0,0,0,0,0,215000,0,0,0,316000,101000,215000,215000
060228,亞德客元大9A購01,0,0,0,0,0,0,0,0,0,215000,0,0,0,403000,188000,215000,215000
060880,中壽中信9C購01  ,0,0,0,0,0,0,0,0,0,215000,0,0,0,215000,0,215000,215000
061901,柏文永豐9B購01  ,0,0,0,0,0,0,0,0,0,215000,0,0,0,220000,5000,215000,215000
064488,台達電元大9C購01,0,0,0,0,0,0,0,0,0,215000,0,0,0,271000,56000,215000,215000
064410,超眾凱基02購01  ,0,0,0,0,0,0,0,0,0,215000,0,0,0,233000,18000,215000,215000
064727,群創統一02購03  ,0,0,0,0,0,0,0,0,0,215000,0,0,0,231000,16000,215000,215000
060428,瑞祺永豐9A購01  ,0,0,0,0,0,0,0,0,0,214000,0,0,0,466000,252000,214000,214000
057229,友達凱基9B購02  ,0,0,0,0,0,0,0,0,0,214000,0,0,0,243000,29000,214000,214000
053781,友達元大9B購03  ,0,0,0,0,0,0,0,0,0,214000,0,0,0,214000,0,214000,214000
056177,嘉澤元富97購01  ,0,0,0,0,0,0,0,0,0,213000,0,0,0,213000,0,213000,213000
062087,瑞祺元大9B購02  ,0,0,0,0,0,0,0,0,0,213000,0,0,0,248000,35000,213000,213000
061574,大毅元大9B購01  ,0,0,0,0,0,0,0,0,0,213000,0,0,0,231000,18000,213000,213000
060659,鴻海凱基9B購03  ,0,0,0,0,0,0,0,0,0,213000,0,0,0,218000,5000,213000,213000
064673,南茂元大9C購01  ,0,0,0,0,0,0,0,0,0,213000,0,0,0,320000,107000,213000,213000
063804,華邦電兆豐01購01,0,0,0,0,0,0,0,0,0,213000,0,0,0,263000,50000,213000,213000
065018,台達電富邦03購01,0,0,0,0,0,0,0,0,0,212000,0,0,0,410000,198000,212000,212000
055775,友達凱基9A購01  ,0,0,0,0,0,0,0,0,0,212000,0,0,0,225000,13000,212000,212000
064305,健鼎兆豐9C購02  ,0,0,0,0,0,0,0,0,0,212000,0,0,0,222000,10000,212000,212000
08464P,牧德永豐9C售02  ,0,0,0,0,0,0,0,0,0,212000,0,0,0,227000,15000,212000,212000
065032,TPK兆豐01購01   ,0,0,0,0,0,0,0,0,0,211000,0,0,0,211000,0,211000,211000
065711,矽格群益9C購02  ,0,0,0,0,0,0,0,0,0,211000,0,0,0,271000,60000,211000,211000
065559,超眾凱基9C購03  ,0,0,0,0,0,0,0,0,0,211000,0,0,0,211000,0,211000,211000
055942,臺股指群益9C購01,0,0,0,0,0,0,0,0,0,210000,0,0,0,210000,0,210000,210000
054542,台表科國票98購01,0,0,0,0,0,0,0,0,0,210000,0,0,0,272000,62000,210000,210000
055401,亞光元富9A購01  ,0,0,0,0,0,0,0,0,0,210000,0,0,0,210000,0,210000,210000
057385,光罩永豐99購01  ,0,0,0,0,0,0,0,0,0,210000,0,0,0,240000,30000,210000,210000
060792,信錦永豐9A購01  ,0,0,0,0,0,0,0,0,0,210000,0,0,0,310000,100000,210000,210000
060764,華擎元大9A購03  ,0,0,0,0,0,0,0,0,0,210000,0,0,0,349000,139000,210000,210000
062061,台勝科統一01購01,0,0,0,0,0,0,0,0,0,210000,0,0,0,220000,10000,210000,210000
064006,晶技凱基9C購02  ,0,0,0,0,0,0,0,0,0,210000,0,0,0,275000,65000,210000,210000
062190,瀚宇博元大9B購01,0,4000,-4000,0,0,0,0,0,0,214000,0,0,0,399000,185000,214000,210000
061025,創意富邦9B購01  ,0,0,0,0,0,0,0,0,0,209000,0,0,0,230000,21000,209000,209000
060309,佳世達永豐9A購01,0,0,0,0,0,0,0,0,0,209000,0,0,0,259000,50000,209000,209000
062215,華通統一9B購01  ,0,0,0,0,0,0,0,0,0,209000,0,0,0,625000,416000,209000,209000
063295,京元電麥證9B購01,0,0,0,230000,21000,209000,0,0,0,209000,0,0,0,230000,21000,209000,209000
064435,聯發科凱基02購03,0,0,0,0,0,0,0,0,0,209000,0,0,0,209000,0,209000,209000
065104,南茂元大9C購02  ,0,0,0,0,0,0,0,0,0,208000,0,0,0,271000,63000,208000,208000
06954P,大立光元富99售01,0,0,0,0,0,0,0,0,0,208000,0,0,0,288000,80000,208000,208000
055795,茂林國泰98購01  ,0,0,0,0,0,0,0,0,0,208000,0,0,0,208000,0,208000,208000
064760,玉晶光凱基01購02,0,0,0,0,0,0,0,0,0,208000,0,0,0,315000,107000,208000,208000
064045,南亞科統一9C購04,0,0,0,0,0,0,0,0,0,208000,0,0,0,276000,68000,208000,208000
062661,華通群益9B購05  ,0,0,0,0,0,0,0,0,0,208000,0,0,0,208000,0,208000,208000
6112,聚碩            ,404000,198000,206000,0,0,0,0,0,0,2000,1000,0,1000,1000,0,1000,208000
060483,友達富邦9A購01  ,0,0,0,0,0,0,0,0,0,207000,0,0,0,207000,0,207000,207000
060123,光罩永豐99購02  ,0,0,0,0,0,0,0,0,0,207000,0,0,0,487000,280000,207000,207000
064135,復盛元大9C購01  ,0,0,0,0,0,0,0,0,0,206000,0,0,0,210000,4000,206000,206000
063849,奇鋐元大9C購01  ,0,0,0,0,0,0,0,0,0,206000,0,0,0,221000,15000,206000,206000
057355,彩晶統一98購03  ,0,0,0,0,0,0,0,0,0,205000,0,0,0,215000,10000,205000,205000
050400,臻鼎中信97購01  ,0,0,0,0,0,0,0,0,0,205000,0,0,0,205000,0,205000,205000
062226,臻鼎統一9B購01  ,0,0,0,0,0,0,0,0,0,205000,0,0,0,439000,234000,205000,205000
063170,智邦第一9B購01  ,0,0,0,0,0,0,0,0,0,205000,0,0,0,265000,60000,205000,205000
061989,晶技元大9B購04  ,0,0,0,0,0,0,0,0,0,204000,0,0,0,208000,4000,204000,204000
060862,美律永豐9A購01  ,0,0,0,0,0,0,0,0,0,204000,0,0,0,204000,0,204000,204000
063883,超眾元富9C購02  ,0,0,0,0,0,0,0,0,0,204000,0,0,0,264000,60000,204000,204000
057056,立積元大99購02  ,0,0,0,0,0,0,0,0,0,203000,0,0,0,203000,0,203000,203000
061427,旭富元大9A購02  ,0,0,0,0,0,0,0,0,0,203000,0,0,0,249000,46000,203000,203000
061572,奇力新元大9A購04,0,0,0,0,0,0,0,0,0,203000,0,0,0,254000,51000,203000,203000
063867,全新永豐9C購01  ,0,0,0,0,0,0,0,0,0,203000,0,0,0,214000,11000,203000,203000
063624,GIS兆豐9B購01   ,0,0,0,0,0,0,0,0,0,203000,0,0,0,471000,268000,203000,203000
063630,智邦元大9B購09  ,0,0,0,0,0,0,0,0,0,203000,0,0,0,239000,36000,203000,203000
064709,瑞祺永豐9C購01  ,0,0,0,0,0,0,0,0,0,203000,0,0,0,355000,152000,203000,203000
064365,美食統一01購02  ,0,0,0,0,0,0,0,0,0,203000,0,0,0,203000,0,203000,203000
065131,晶技兆豐01購01  ,0,0,0,0,0,0,0,0,0,202000,0,0,0,255000,53000,202000,202000
056941,台郡元富9B購01  ,0,0,0,0,0,0,0,0,0,202000,0,0,0,202000,0,202000,202000
052505,友達日盛9B購02  ,0,0,0,0,0,0,0,0,0,202000,0,0,0,202000,0,202000,202000
058525,台虹元大99購02  ,0,0,0,0,0,0,0,0,0,202000,0,0,0,202000,0,202000,202000
2913,農林            ,452000,250000,202000,0,0,0,0,0,0,0,2000,2000,0,0,0,0,202000
065650,旭富元大9C購07  ,0,0,0,0,0,0,0,0,0,201000,0,0,0,271000,70000,201000,201000
08223P,臺股指凱基9B售18,0,0,0,0,0,0,0,0,0,201000,0,0,0,414000,213000,201000,201000
047571,滬深2X群益99購01,0,0,0,0,0,0,0,0,0,201000,0,0,0,228000,27000,201000,201000
057641,旺宏元大98購10  ,0,0,0,0,0,0,0,0,0,201000,0,0,0,201000,0,201000,201000
056272,嘉澤統一99購01  ,0,0,0,0,0,0,0,0,0,201000,0,0,0,201000,0,201000,201000
061117,美律國泰9C購01  ,0,0,0,0,0,0,0,0,0,201000,0,0,0,201000,0,201000,201000
058693,旭富國票9A購01  ,0,0,0,0,0,0,0,0,0,201000,0,0,0,211000,10000,201000,201000
062123,台積電統一9B購13,0,0,0,0,0,0,0,0,0,201000,0,0,0,201000,0,201000,201000
058749,康控凱基99購03  ,0,0,0,0,0,0,0,0,0,201000,0,0,0,281000,80000,201000,201000
064368,日月光統一01購01,0,0,0,0,0,0,0,0,0,201000,0,0,0,201000,0,201000,201000
1907,永豐餘          ,688000,483000,205000,0,0,0,0,0,0,-4000,0,4000,-4000,0,0,0,201000
1303,南亞            ,3871552,3222320,649232,0,0,0,0,40000,-40000,-409000,1000,298000,-297000,0,112000,-112000,200232
07422P,大立光元大99售32,0,0,0,0,0,0,0,0,0,200000,0,0,0,200000,0,200000,200000
064856,GIS國泰02購01   ,0,0,0,0,0,0,0,0,0,200000,0,0,0,278000,78000,200000,200000
056687,元大金統一98購01,0,0,0,0,0,0,0,0,0,200000,0,0,0,200000,0,200000,200000
056885,元油2X元大99購03,0,0,0,0,0,0,0,0,0,200000,0,0,0,200000,0,200000,200000
054848,群創兆豐98購01  ,0,0,0,0,0,0,0,0,0,200000,0,0,0,200000,0,200000,200000
055029,帆宣國泰99購01  ,0,0,0,0,0,0,0,0,0,200000,0,0,0,280000,80000,200000,200000
055524,鴻海群益98購01  ,0,0,0,0,0,0,0,0,0,200000,0,0,0,200000,0,200000,200000
058798,大立光元大99購11,0,0,0,0,0,0,0,0,0,200000,0,0,0,248000,48000,200000,200000
058338,康友元富99購01  ,0,0,0,0,0,0,0,0,0,200000,0,0,0,260000,60000,200000,200000
062754,台勝科麥證9B購01,0,0,0,238000,38000,200000,0,0,0,200000,0,0,0,238000,38000,200000,200000
2467,志聖            ,395000,195000,200000,0,0,0,0,0,0,0,0,0,0,0,0,0,200000
064837,TPK統一9C購02   ,0,0,0,0,0,0,0,0,0,199000,0,0,0,251000,52000,199000,199000
07133P,臺股指元大9A售27,0,0,0,0,0,0,0,0,0,199000,0,0,0,299000,100000,199000,199000
061110,超眾元大9A購03  ,0,0,0,0,0,0,0,0,0,199000,0,0,0,223000,24000,199000,199000
063198,仁寶統一01購02  ,0,0,0,0,0,0,0,0,0,199000,0,0,0,199000,0,199000,199000
3712,永崴投控        ,29000,64000,-35000,0,0,0,0,0,0,234000,6000,0,6000,276000,48000,228000,199000
07102P,南電元大99售03  ,0,0,0,0,0,0,0,0,0,198000,0,0,0,220000,22000,198000,198000
00762,元大全球AI      ,0,0,0,0,0,0,0,0,0,198000,0,0,0,283000,85000,198000,198000
061043,百和永豐9A購01  ,0,0,0,0,0,0,0,0,0,198000,0,0,0,198000,0,198000,198000
062968,仁寶元富9B購01  ,0,0,0,0,0,0,0,0,0,198000,0,0,0,198000,0,198000,198000
062704,大毅元大9C購01  ,0,0,0,0,0,0,0,0,0,198000,0,0,0,200000,2000,198000,198000
062246,力山元大9B購02  ,0,0,0,0,0,0,0,0,0,198000,0,0,0,198000,0,198000,198000
6205,詮欣            ,242000,94000,148000,0,0,0,0,0,0,50000,50000,0,50000,0,0,0,198000
065023,大毅永豐9C購01  ,0,0,0,0,0,0,0,0,0,197000,0,0,0,197000,0,197000,197000
065341,華邦電統一01購02,0,0,0,0,0,0,0,0,0,197000,0,0,0,268000,71000,197000,197000
065855,瀚宇博元大9C購03,0,0,0,0,0,0,0,0,0,197000,0,0,0,461000,264000,197000,197000
057923,晶豪科凱基98購02,0,0,0,0,0,0,0,0,0,197000,0,0,0,309000,112000,197000,197000
061516,力成永豐9A購02  ,0,0,0,0,0,0,0,0,0,197000,0,0,0,203000,6000,197000,197000
059188,京元電富邦9B購01,0,0,0,0,0,0,0,0,0,197000,0,0,0,224000,27000,197000,197000
062395,台表科富邦9C購01,0,0,0,0,0,0,0,0,0,197000,0,0,0,197000,0,197000,197000
064518,華新科群益02購01,0,0,0,0,0,0,0,0,0,197000,0,0,0,329000,132000,197000,197000
3706,神達            ,3933000,2304000,1629000,0,0,0,0,945000,-945000,-487000,11000,170000,-159000,22000,350000,-328000,197000
065169,華邦電元大9C購03,0,0,0,0,0,0,0,0,0,196000,0,0,0,473000,277000,196000,196000
057840,健策富邦99購01  ,0,0,0,0,0,0,0,0,0,196000,0,0,0,196000,0,196000,196000
056883,美食康和98購01  ,0,0,0,0,0,0,0,0,0,196000,0,0,0,234000,38000,196000,196000
064586,緯創永豐9C購01  ,0,0,0,0,0,0,0,0,0,196000,0,0,0,247000,51000,196000,196000
064408,TPK凱基02購01   ,0,0,0,0,0,0,0,0,0,196000,0,0,0,214000,18000,196000,196000
064483,瑞儀永豐9C購01  ,0,0,0,0,0,0,0,0,0,196000,0,0,0,196000,0,196000,196000
063651,金像電台新9B購01,0,0,0,0,0,0,0,0,0,196000,0,0,0,246000,50000,196000,196000
062908,晶豪科元大9B購03,0,0,0,0,0,0,0,0,0,196000,0,0,0,254000,58000,196000,196000
063301,鴻海凱基9B購08  ,0,0,0,0,0,0,0,0,0,196000,0,0,0,202000,6000,196000,196000
065543,緯穎元富01購01  ,0,0,0,0,0,0,0,0,0,195000,0,0,0,283000,88000,195000,195000
03687C,臺股指凱基9C牛22,0,0,0,0,0,0,0,0,0,195000,0,0,0,482000,287000,195000,195000
060423,智易永豐9A購01  ,0,0,0,0,0,0,0,0,0,195000,0,0,0,238000,43000,195000,195000
060130,瀚宇博永豐99購02,0,0,0,0,0,0,0,0,0,195000,0,0,0,195000,0,195000,195000
060640,京鼎永豐9A購01  ,0,0,0,0,0,0,0,0,0,195000,0,0,0,239000,44000,195000,195000
062498,華通群益9C購04  ,0,0,0,0,0,0,0,0,0,195000,0,0,0,281000,86000,195000,195000
065480,旭富元大9C購06  ,0,0,0,0,0,0,0,0,0,194000,0,0,0,242000,48000,194000,194000
060246,晶相光元大9C購03,0,0,0,0,0,0,0,0,0,194000,0,0,0,348000,154000,194000,194000
056920,友達兆豐98購02  ,0,0,0,0,0,0,0,0,0,194000,0,0,0,196000,2000,194000,194000
053035,台表科兆豐97購01,0,0,0,0,0,0,0,0,0,194000,0,0,0,194000,0,194000,194000
060315,易華電永豐9A購01,0,0,0,0,0,0,0,0,0,194000,0,0,0,198000,4000,194000,194000
062846,國泰金富邦9C購01,0,0,0,0,0,0,0,0,0,194000,0,0,0,194000,0,194000,194000
064057,緯穎統一02購01  ,0,0,0,0,0,0,0,0,0,194000,0,0,0,225000,31000,194000,194000
065914,智邦凱基02購03  ,0,0,0,0,0,0,0,0,0,193000,0,0,0,201000,8000,193000,193000
056320,京鼎群益99購01  ,0,0,0,0,0,0,0,0,0,193000,0,0,0,301000,108000,193000,193000
065472,華新元大01購01  ,0,0,0,0,0,0,0,0,0,192000,0,0,0,207000,15000,192000,192000
056676,國產元富98購01  ,0,0,0,0,0,0,0,0,0,192000,0,0,0,244000,52000,192000,192000
061269,嘉澤凱基9A購01  ,0,0,0,0,0,0,0,0,0,192000,0,0,0,225000,33000,192000,192000
060028,國揚永豐99購01  ,0,0,0,0,0,0,0,0,0,192000,0,0,0,274000,82000,192000,192000
063359,泰鼎國泰01購01  ,0,0,0,0,0,0,0,0,0,192000,0,0,0,608000,416000,192000,192000
065080,燿華元大01購01  ,0,0,0,0,0,0,0,0,0,191000,0,0,0,259000,68000,191000,191000
065019,華邦電富邦9C購01,0,0,0,0,0,0,0,0,0,191000,0,0,0,263000,72000,191000,191000
066052,景碩元大02購01  ,0,0,0,0,0,0,0,0,0,191000,0,0,0,198000,7000,191000,191000
057843,晶技永豐98購02  ,0,0,0,0,0,0,0,0,0,191000,0,0,0,209000,18000,191000,191000
059024,大立光統一9B購04,0,0,0,0,0,0,0,0,0,191000,0,0,0,206000,15000,191000,191000
065509,上銀群益9C購04  ,0,0,0,0,0,0,0,0,0,190000,0,0,0,238000,48000,190000,190000
065734,凌華凱基9C購01  ,0,0,0,0,0,0,0,0,0,190000,0,0,0,190000,0,190000,190000
057373,大立光元大98購17,0,0,0,0,0,0,0,0,0,190000,0,0,0,268000,78000,190000,190000
057516,和鑫元富98購01  ,0,0,0,0,0,0,0,0,0,190000,0,0,0,240000,50000,190000,190000
057141,嘉聯益兆豐99購01,0,0,0,0,0,0,0,0,0,190000,0,0,0,190000,0,190000,190000
053745,康友國票97購01  ,0,0,0,0,0,0,0,0,0,190000,0,0,0,190000,0,190000,190000
054097,淘帝國票97購01  ,0,0,0,0,0,0,0,0,0,190000,0,0,0,190000,0,190000,190000
060132,滬深2X群益9C購02,0,0,0,0,0,0,0,0,0,190000,0,0,0,190000,0,190000,190000
061876,明泰元大9B購01  ,0,0,0,0,0,0,0,0,0,190000,0,0,0,218000,28000,190000,190000
058523,聯茂元大99購08  ,0,0,0,0,0,0,0,0,0,190000,0,0,0,416000,226000,190000,190000
063494,金像電富邦9B購01,0,0,0,0,0,0,0,0,0,190000,0,0,0,200000,10000,190000,190000
064761,神達凱基9C購01  ,0,0,0,0,0,0,0,0,0,190000,0,0,0,201000,11000,190000,190000
060982,旺宏元大9A購09  ,0,0,0,0,0,0,0,0,0,189000,0,0,0,214000,25000,189000,189000
061265,富邦金凱基9B購01,0,0,0,0,0,0,0,0,0,189000,0,0,0,218000,29000,189000,189000
061878,茂林元大9B購01  ,0,0,0,0,0,0,0,0,0,189000,0,0,0,189000,0,189000,189000
064409,彩晶凱基04購01  ,0,0,0,0,0,0,0,0,0,189000,0,0,0,189000,0,189000,189000
063569,美食元大9B購03  ,0,0,0,0,0,0,0,0,0,189000,0,0,0,311000,122000,189000,189000
062219,燿華統一9B購01  ,0,0,0,0,0,0,0,0,0,189000,0,0,0,403000,214000,189000,189000
065847,嘉晶元大9C購03  ,0,0,0,0,0,0,0,0,0,188000,0,0,0,215000,27000,188000,188000
065523,茂林群益9C購03  ,0,0,0,0,0,0,0,0,0,188000,0,0,0,188000,0,188000,188000
054371,台積電中信9C購01,0,0,0,0,0,0,0,0,0,188000,0,0,0,420000,232000,188000,188000
053297,鎧勝中信98購01  ,0,0,0,0,0,0,0,0,0,188000,0,0,0,208000,20000,188000,188000
057189,康控元大98購02  ,0,0,0,0,0,0,0,0,0,188000,0,0,0,203000,15000,188000,188000
057280,大立光元大98購15,0,0,0,0,0,0,0,0,0,188000,0,0,0,200000,12000,188000,188000
059452,全新永豐99購03  ,0,0,0,0,0,0,0,0,0,188000,0,0,0,188000,0,188000,188000
060352,滬深2X元富9A購02,0,0,0,0,0,0,0,0,0,188000,0,0,0,188000,0,188000,188000
060676,京元電元大9A購03,0,0,0,0,0,0,0,0,0,188000,0,0,0,503000,315000,188000,188000
063210,百和統一9C購01  ,0,0,0,0,0,0,0,0,0,188000,0,0,0,484000,296000,188000,188000
064455,美食統一01購03  ,0,0,0,0,0,0,0,0,0,188000,0,0,0,188000,0,188000,188000
2834,臺企銀          ,10784108,10584328,199780,0,0,0,0,32000,-32000,20000,20000,2000,18000,2000,0,2000,187780
065435,臻鼎凱基02購01  ,0,0,0,0,0,0,0,0,0,187000,0,0,0,187000,0,187000,187000
065822,緯創台新9C購01  ,0,0,0,0,0,0,0,0,0,187000,0,0,0,199000,12000,187000,187000
061353,康控元大9A購01  ,0,0,0,0,0,0,0,0,0,187000,0,0,0,457000,270000,187000,187000
061293,聯茂統一9A購01  ,0,0,0,0,0,0,0,0,0,187000,0,0,0,194000,7000,187000,187000
063051,仁寶統一01購01  ,0,0,0,0,0,0,0,0,0,187000,0,0,0,187000,0,187000,187000
065516,健鼎群益9C購02  ,0,0,0,0,0,0,0,0,0,186000,0,0,0,264000,78000,186000,186000
065654,台表科元大9C購12,0,0,0,0,0,0,0,0,0,186000,0,0,0,256000,70000,186000,186000
064974,燿華元大9C購03  ,0,0,0,0,0,0,0,0,0,186000,0,0,0,186000,0,186000,186000
065177,旭富元大9C購05  ,0,0,0,0,0,0,0,0,0,186000,0,0,0,239000,53000,186000,186000
065258,華邦電元大01購01,0,0,0,0,0,0,0,0,0,186000,0,0,0,347000,161000,186000,186000
061374,力山永豐9A購04  ,0,0,0,0,0,0,0,0,0,186000,0,0,0,316000,130000,186000,186000
058035,旭富永豐98購02  ,0,0,0,0,0,0,0,0,0,186000,0,0,0,224000,38000,186000,186000
060706,群創富邦9A購01  ,0,0,0,0,0,0,0,0,0,186000,0,0,0,269000,83000,186000,186000
059189,國泰金富邦9B購01,0,0,0,0,0,0,0,0,0,186000,0,0,0,186000,0,186000,186000
065837,臺指反元大03購05,0,0,0,0,0,0,0,0,0,185000,0,0,0,185000,0,185000,185000
054222,大立光統一98購03,0,0,0,0,0,0,0,0,0,185000,0,0,0,185000,0,185000,185000
060602,京元電凱基9A購01,0,0,0,0,0,0,0,0,0,184000,0,0,0,220000,36000,184000,184000
062813,台積電兆豐9B購01,0,0,0,0,0,0,0,0,0,184000,0,0,0,265000,81000,184000,184000
064707,群創富邦9C購02  ,0,0,0,0,0,0,0,0,0,184000,0,0,0,184000,0,184000,184000
065910,立積永豐9C購02  ,0,0,0,0,0,0,0,0,0,183000,0,0,0,277000,94000,183000,183000
058309,大毅元大99購02  ,0,0,0,0,0,0,0,0,0,183000,0,0,0,201000,18000,183000,183000
061491,嘉聯益兆豐9B購01,0,0,0,0,0,0,0,0,0,183000,0,0,0,184000,1000,183000,183000
059984,華新科元大99購21,0,0,0,0,0,0,0,0,0,183000,0,0,0,201000,18000,183000,183000
062017,京鼎永豐9B購01  ,0,0,0,0,0,0,0,0,0,183000,0,0,0,183000,0,183000,183000
062449,臻鼎元大9B購01  ,0,0,0,0,0,0,0,0,0,183000,0,0,0,241000,58000,183000,183000
056369,彩晶元大01購01  ,0,0,0,0,0,0,0,0,0,182000,0,0,0,182000,0,182000,182000
058854,樺漢群益9B購01  ,0,0,0,0,0,0,0,0,0,182000,0,0,0,304000,122000,182000,182000
058026,上銀富邦9A購01  ,0,0,0,0,0,0,0,0,0,182000,0,0,0,425000,243000,182000,182000
062797,瑞昱統一9B購01  ,0,0,0,0,0,0,0,0,0,182000,0,0,0,217000,35000,182000,182000
063993,華通群益01購01  ,0,0,0,0,0,0,0,0,0,182000,0,0,0,191000,9000,182000,182000
065479,新日興元大9C購05,0,0,0,0,0,0,0,0,0,181000,0,0,0,380000,199000,181000,181000
066139,拓凱群益01購01  ,0,0,0,0,0,0,0,0,0,181000,0,0,0,183000,2000,181000,181000
053782,京元電元大98購02,0,0,0,0,0,0,0,0,0,181000,0,0,0,475000,294000,181000,181000
061488,奇力新兆豐9A購01,0,0,0,0,0,0,0,0,0,181000,0,0,0,201000,20000,181000,181000
064004,全新凱基01購01  ,0,0,0,0,0,0,0,0,0,181000,0,0,0,221000,40000,181000,181000
066268,宏達電元大01購02,0,0,0,0,0,0,0,0,0,180000,0,0,0,214000,34000,180000,180000
06682P,玉晶光元大99售08,0,0,0,0,0,0,0,0,0,180000,0,0,0,180000,0,180000,180000
065733,茂林凱基9C購03  ,0,0,0,0,0,0,0,0,0,180000,0,0,0,215000,35000,180000,180000
065714,矽創群益9C購02  ,0,0,0,0,0,0,0,0,0,180000,0,0,0,357000,177000,180000,180000
057240,茂林凱基9A購01  ,0,0,0,0,0,0,0,0,0,180000,0,0,0,228000,48000,180000,180000
055336,茂林兆豐98購01  ,0,0,0,0,0,0,0,0,0,180000,0,0,0,190000,10000,180000,180000
053686,台積電元大97購08,0,0,0,0,0,0,0,0,0,180000,0,0,0,180000,0,180000,180000
055569,聚陽統一98購01  ,0,0,0,0,0,0,0,0,0,180000,0,0,0,180000,0,180000,180000
057897,華通富邦99購01  ,0,0,0,0,0,0,0,0,0,180000,0,0,0,180000,0,180000,180000
057145,上銀國票98購03  ,0,0,0,0,0,0,0,0,0,180000,0,0,0,190000,10000,180000,180000
059100,元油2X統一9C購02,0,0,0,0,0,0,0,0,0,180000,0,0,0,238000,58000,180000,180000
062308,旺宏凱基9B購04  ,0,0,0,0,0,0,0,0,0,180000,0,0,0,180000,0,180000,180000
057931,正崴群益98購02  ,0,0,0,0,0,0,0,0,0,179000,0,0,0,535000,356000,179000,179000
056906,玉晶光元大9B購01,0,0,0,0,0,0,0,0,0,179000,0,0,0,190000,11000,179000,179000
057662,上銀元大9A購01  ,0,0,0,0,0,0,0,0,0,179000,0,0,0,296000,117000,179000,179000
055949,亞德客元大97購04,0,0,0,0,0,0,0,0,0,179000,0,0,0,544000,365000,179000,179000
055979,聯鈞統一97購03  ,0,0,0,0,0,0,0,0,0,179000,0,0,0,179000,0,179000,179000
062702,可成元大9C購01  ,0,0,0,0,0,0,0,0,0,179000,0,0,0,284000,105000,179000,179000
064122,國巨元大9C購17  ,0,0,0,0,0,0,0,0,0,179000,0,0,0,259000,80000,179000,179000
064696,群創群益9C購02  ,0,0,0,0,0,0,0,0,0,179000,0,0,0,251000,72000,179000,179000
07035P,大立光元富99售04,0,0,0,0,0,0,0,0,0,178000,0,0,0,333000,155000,178000,178000
057085,立積統一9B購02  ,0,0,0,0,0,0,0,0,0,178000,0,0,0,1801000,1623000,178000,178000
063465,友達元大9C購10  ,0,0,0,0,0,0,0,0,0,178000,0,0,0,234000,56000,178000,178000
064880,神達兆豐9C購01  ,0,0,0,0,0,0,0,0,0,177000,0,0,0,242000,65000,177000,177000
060654,大毅群益9B購01  ,0,0,0,0,0,0,0,0,0,177000,0,0,0,193000,16000,177000,177000
064407,貿聯凱基02購02  ,0,0,0,0,0,0,0,0,0,177000,0,0,0,235000,58000,177000,177000
064158,健鼎統一02購01  ,0,0,0,0,0,0,0,0,0,177000,0,0,0,299000,122000,177000,177000
063933,TPK統一01購01   ,0,0,0,0,0,0,0,0,0,177000,0,0,0,177000,0,177000,177000
063956,神達元大9C購01  ,0,0,0,0,0,0,0,0,0,177000,0,0,0,279000,102000,177000,177000
063820,華邦電麥證01購01,0,0,0,176000,0,176000,0,0,0,176000,0,0,0,176000,0,176000,176000
065353,GIS統一02購03   ,0,0,0,0,0,0,0,0,0,175000,0,0,0,245000,70000,175000,175000
065896,智易統一02購01  ,0,0,0,0,0,0,0,0,0,175000,0,0,0,339000,164000,175000,175000
06788P,臺股指元大98售05,0,0,0,0,0,0,0,0,0,175000,0,0,0,185000,10000,175000,175000
06050P,玉晶光國票98售01,0,0,0,0,0,0,0,0,0,175000,0,0,0,175000,0,175000,175000
060954,國泰金群益9A購02,0,0,0,0,0,0,0,0,0,175000,0,0,0,175000,0,175000,175000
063876,華新元富9C購01  ,0,0,0,0,0,0,0,0,0,175000,0,0,0,275000,100000,175000,175000
064087,華新科凱基9C購03,0,0,0,0,0,0,0,0,0,175000,0,0,0,253000,78000,175000,175000
062716,鴻海凱基9B購06  ,0,0,0,0,0,0,0,0,0,175000,0,0,0,180000,5000,175000,175000
2331,精英            ,213000,53000,160000,0,0,0,0,0,0,15000,17000,2000,15000,0,0,0,175000
2354,鴻準            ,2121726,1944306,177420,0,0,0,0,0,0,-3000,3000,4000,-1000,0,2000,-2000,174420
065708,中磊群益9C購01  ,0,0,0,0,0,0,0,0,0,174000,0,0,0,294000,120000,174000,174000
065351,中租統一02購02  ,0,0,0,0,0,0,0,0,0,174000,0,0,0,432000,258000,174000,174000
064892,台達電群益9C購02,0,0,0,0,0,0,0,0,0,174000,0,0,0,174000,0,174000,174000
060466,玉山金元大9A購01,0,0,0,0,0,0,0,0,0,174000,0,0,0,248000,74000,174000,174000
058456,京鼎永豐99購01  ,0,0,0,0,0,0,0,0,0,174000,0,0,0,244000,70000,174000,174000
060911,大毅元大9A購01  ,0,0,0,0,0,0,0,0,0,174000,0,0,0,175000,1000,174000,174000
060641,聯鈞永豐9A購01  ,0,0,0,0,0,0,0,0,0,174000,0,0,0,195000,21000,174000,174000
059986,宏達電元大99購08,0,0,0,0,0,0,0,0,0,174000,0,0,0,203000,29000,174000,174000
062015,喬山永豐9B購01  ,0,0,0,0,0,0,0,0,0,174000,0,0,0,174000,0,174000,174000
062260,華新科元大9B購09,0,0,0,0,0,0,0,0,0,174000,0,0,0,224000,50000,174000,174000
063378,茂林永豐9B購02  ,0,0,0,0,0,0,0,0,0,174000,0,0,0,174000,0,174000,174000
1460,宏遠            ,257000,82000,175000,0,0,0,0,0,0,-1000,0,1000,-1000,0,0,0,174000
065189,台郡統一9C購03  ,0,0,0,0,0,0,0,0,0,173000,0,0,0,173000,0,173000,173000
059288,旺宏元富99購03  ,0,0,0,0,0,0,0,0,0,173000,0,0,0,178000,5000,173000,173000
056267,文曄統一97購02  ,0,0,0,0,0,0,0,0,0,173000,0,0,0,173000,0,173000,173000
058985,可成凱基99購03  ,0,0,0,0,0,0,0,0,0,173000,0,0,0,223000,50000,173000,173000
061106,群創元大9B購09  ,0,0,0,0,0,0,0,0,0,173000,0,0,0,333000,160000,173000,173000
062972,京元電元富9B購01,0,0,0,0,0,0,0,0,0,173000,0,0,0,693000,520000,173000,173000
062383,大立光國泰01購01,0,0,0,0,0,0,0,0,0,173000,0,0,0,212000,39000,173000,173000
062780,旺宏元大01購01  ,0,0,0,0,0,0,0,0,0,173000,0,0,0,213000,40000,173000,173000
064401,台達電凱基06購01,0,0,0,0,0,0,0,0,0,173000,0,0,0,239000,66000,173000,173000
064883,GIS兆豐01購01   ,0,0,0,0,0,0,0,0,0,172000,0,0,0,287000,115000,172000,172000
065069,臺股指群益9C購17,0,0,0,0,0,0,0,0,0,172000,0,0,0,176000,4000,172000,172000
065838,鴻海元大03購01  ,0,0,0,0,0,0,0,0,0,172000,0,0,0,222000,50000,172000,172000
060416,神隆永豐9A購01  ,0,0,0,0,0,0,0,0,0,172000,0,0,0,253000,81000,172000,172000
020016,統一MSCI美科技N ,0,0,0,0,0,0,0,0,0,172000,0,0,0,228000,56000,172000,172000
058048,群創元大9B購07  ,0,0,0,0,0,0,0,0,0,172000,0,0,0,294000,122000,172000,172000
061753,南亞科台新9B購01,0,0,0,0,0,0,0,0,0,172000,0,0,0,172000,0,172000,172000
064575,鈺齊群益9C購01  ,0,0,0,0,0,0,0,0,0,172000,0,0,0,253000,81000,172000,172000
063572,麗豐元大9B購01  ,0,0,0,0,0,0,0,0,0,172000,0,0,0,225000,53000,172000,172000
063177,友達兆豐9B購01  ,0,0,0,0,0,0,0,0,0,172000,0,0,0,248000,76000,172000,172000
08655P,大立光群益02售02,0,0,0,0,0,0,0,0,0,172000,0,0,0,340000,168000,172000,172000
065854,臻鼎元大9C購05  ,0,0,0,0,0,0,0,0,0,171000,0,0,0,277000,106000,171000,171000
065514,建準群益9C購01  ,0,0,0,0,0,0,0,0,0,171000,0,0,0,379000,208000,171000,171000
063205,貿聯統一9C購01  ,0,0,0,0,0,0,0,0,0,171000,0,0,0,216000,45000,171000,171000
063527,美食凱基01購01  ,0,0,0,0,0,0,0,0,0,171000,0,0,0,191000,20000,171000,171000
062392,國巨富邦02購01  ,0,0,0,0,0,0,0,0,0,171000,0,0,0,407000,236000,171000,171000
063829,晶技國票01購01  ,0,0,0,0,0,0,0,0,0,171000,0,0,0,481000,310000,171000,171000
064429,鴻海凱基03購03  ,0,0,0,0,0,0,0,0,0,171000,0,0,0,243000,72000,171000,171000
066047,嘉晶元大01購04  ,0,0,0,0,0,0,0,0,0,170000,0,0,0,170000,0,170000,170000
060425,凌華永豐9A購01  ,0,0,0,0,0,0,0,0,0,170000,0,0,0,207000,37000,170000,170000
062185,禾伸堂元大9B購01,0,0,0,0,0,0,0,0,0,170000,0,0,0,240000,70000,170000,170000
062297,億豐永豐9B購01  ,0,0,0,0,0,0,0,0,0,170000,0,0,0,360000,190000,170000,170000
063505,奇力新群益9B購03,0,0,0,0,0,0,0,0,0,170000,0,0,0,180000,10000,170000,170000
063260,信邦富邦9B購01  ,0,0,0,0,0,0,0,0,0,170000,0,0,0,205000,35000,170000,170000
055670,矽創群益98購02  ,0,0,0,0,0,0,0,0,0,169000,0,0,0,201000,32000,169000,169000
055933,欣興群益98購02  ,0,0,0,0,0,0,0,0,0,169000,0,0,0,215000,46000,169000,169000
058881,全新永豐99購01  ,0,0,0,0,0,0,0,0,0,169000,0,0,0,307000,138000,169000,169000
060031,旭富永豐99購02  ,0,0,0,0,0,0,0,0,0,169000,0,0,0,243000,74000,169000,169000
060913,宏達電元大9A購03,0,0,0,0,0,0,0,0,0,169000,0,0,0,214000,45000,169000,169000
062787,超眾元大9C購02  ,0,0,0,0,0,0,0,0,0,169000,0,0,0,243000,74000,169000,169000
07033P,大立光統一9B售03,0,0,0,0,0,0,0,0,0,168000,0,0,0,168000,0,168000,168000
065431,大立光凱基02購02,0,0,0,0,0,0,0,0,0,168000,0,0,0,370000,202000,168000,168000
065685,同欣電統一01購04,0,0,0,0,0,0,0,0,0,168000,0,0,0,248000,80000,168000,168000
065338,旺宏統一01購07  ,30000,0,30000,0,0,0,0,0,0,138000,0,0,0,168000,30000,138000,168000
055176,大毅統一98購02  ,0,0,0,0,0,0,0,0,0,168000,0,0,0,205000,37000,168000,168000
056899,可成元大98購01  ,0,0,0,0,0,0,0,0,0,168000,0,0,0,168000,0,168000,168000
062910,亞光元大9B購01  ,0,0,0,0,0,0,0,0,0,168000,0,0,0,566000,398000,168000,168000
062565,漢唐中信9C購01  ,0,0,0,0,0,0,0,0,0,168000,0,0,0,168000,0,168000,168000
063559,力山元大9B購04  ,0,0,0,0,0,0,0,0,0,168000,0,0,0,228000,60000,168000,168000
064352,嘉聯益元大9C購01,0,0,0,0,0,0,0,0,0,168000,0,0,0,254000,86000,168000,168000
064625,健策元大01購02  ,0,0,0,0,0,0,0,0,0,168000,0,0,0,441000,273000,168000,168000
064691,友達群益9C購04  ,0,0,0,0,0,0,0,0,0,168000,0,0,0,168000,0,168000,168000
2308,台達電          ,4081613,4623346,-541733,0,0,0,77000,84000,-7000,716000,935000,91000,844000,16000,144000,-128000,167267
065166,台達電元大9C購04,0,0,0,0,0,0,0,0,0,167000,0,0,0,240000,73000,167000,167000
066040,友訊元大01購02  ,0,0,0,0,0,0,0,0,0,167000,0,0,0,167000,0,167000,167000
054628,可成凱基98購01  ,0,0,0,0,0,0,0,0,0,167000,0,0,0,167000,0,167000,167000
057524,旺宏元大99購04  ,0,0,0,0,0,0,0,0,0,167000,0,0,0,167000,0,167000,167000
061132,志超永豐9A購01  ,0,0,0,0,0,0,0,0,0,167000,0,0,0,167000,0,167000,167000
061237,晶技元大9A購01  ,0,0,0,0,0,0,0,0,0,167000,0,0,0,177000,10000,167000,167000
064555,力山群益01購01  ,0,0,0,0,0,0,0,0,0,167000,0,0,0,197000,30000,167000,167000
063081,技嘉凱基9B購02  ,0,0,0,0,0,0,0,0,0,167000,0,0,0,198000,31000,167000,167000
065645,嘉晶元大01購02  ,0,0,0,0,0,0,0,0,0,166000,0,0,0,333000,167000,166000,166000
065499,京元電富邦01購01,0,0,0,0,0,0,0,0,0,166000,0,0,0,998000,832000,166000,166000
058510,全新元大9B購02  ,0,0,0,0,0,0,0,0,0,166000,0,0,0,183000,17000,166000,166000
063426,茂林凱基9B購03  ,0,0,0,0,0,0,0,0,0,166000,0,0,0,204000,38000,166000,166000
062919,聯茂元大9B購01  ,0,0,0,0,0,0,0,0,0,166000,0,0,0,286000,120000,166000,166000
063685,鴻海永豐9B購03  ,0,0,0,0,0,0,0,0,0,166000,0,0,0,171000,5000,166000,166000
065651,中磊元大9C購01  ,0,0,0,0,0,0,0,0,0,165000,0,0,0,860000,695000,165000,165000
064838,旭富統一01購01  ,0,0,0,0,0,0,0,0,0,165000,0,0,0,337000,172000,165000,165000
006208,富邦台50        ,5000,5000,0,0,0,0,0,0,0,165000,0,0,0,537000,372000,165000,165000
058650,台虹永豐9A購01  ,0,0,0,0,0,0,0,0,0,165000,0,0,0,168000,3000,165000,165000
059787,奇力新元大9A購02,0,0,0,0,0,0,0,0,0,165000,0,0,0,186000,21000,165000,165000
059064,緯穎凱基99購02  ,0,0,0,0,0,0,0,0,0,165000,0,0,0,175000,10000,165000,165000
064500,國泰金元大9C購01,0,0,0,0,0,0,0,0,0,165000,0,0,0,170000,5000,165000,165000
065985,金像電永豐01購02,0,0,0,0,0,0,0,0,0,164000,0,0,0,167000,3000,164000,164000
08210P,健策元富9B售02  ,0,0,0,0,0,0,0,0,0,164000,0,0,0,341000,177000,164000,164000
056852,矽格元富98購01  ,0,0,0,0,0,0,0,0,0,164000,0,0,0,237000,73000,164000,164000
059865,國巨凱基01購01  ,0,0,0,0,0,0,0,0,0,164000,0,0,0,428000,264000,164000,164000
061379,鈺齊永豐9A購02  ,0,0,0,0,0,0,0,0,0,164000,0,0,0,264000,100000,164000,164000
063958,瑞祺元大9C購01  ,0,0,0,0,0,0,0,0,0,164000,0,0,0,173000,9000,164000,164000
062337,台表科統一01購01,0,0,0,0,0,0,0,0,0,164000,0,0,0,217000,53000,164000,164000
07676P,華新科永豐9A售02,0,0,0,0,0,0,0,0,0,163000,0,0,0,163000,0,163000,163000
058474,鴻海凱基9A購06  ,0,0,0,0,0,0,0,0,0,163000,0,0,0,240000,77000,163000,163000
057572,明泰永豐98購01  ,0,0,0,0,0,0,0,0,0,163000,0,0,0,163000,0,163000,163000
063724,亞德客元大9B購03,0,0,0,0,0,0,0,0,0,163000,0,0,0,473000,310000,163000,163000
066181,泰鼎凱基01購01  ,0,0,0,0,0,0,0,0,0,162000,0,0,0,204000,42000,162000,162000
065584,華通富邦01購01  ,0,0,0,0,0,0,0,0,0,162000,0,0,0,260000,98000,162000,162000
065483,聯茂元大9C購06  ,0,0,0,0,0,0,0,0,0,162000,0,0,0,332000,170000,162000,162000
064847,金像電元富9C購01,0,0,0,0,0,0,0,0,0,162000,0,0,0,222000,60000,162000,162000
064981,致伸元大9C購01  ,0,0,0,0,0,0,0,0,0,162000,0,0,0,262000,100000,162000,162000
061391,晶技群益9A購02  ,0,0,0,0,0,0,0,0,0,162000,0,0,0,229000,67000,162000,162000
060367,緯穎元富9A購02  ,0,0,0,0,0,0,0,0,0,162000,0,0,0,311000,149000,162000,162000
059360,全新永豐99購02  ,0,0,0,0,0,0,0,0,0,162000,0,0,0,162000,0,162000,162000
059954,華新科康和99購01,0,0,0,0,0,0,0,0,0,162000,0,0,0,287000,125000,162000,162000
060015,國巨康和99購03  ,0,0,0,0,0,0,0,0,0,162000,0,0,0,172000,10000,162000,162000
063812,智邦群益9C購02  ,0,0,0,0,0,0,0,0,0,162000,0,0,0,172000,10000,162000,162000
062270,上銀群益9B購03  ,0,0,0,0,0,0,0,0,0,162000,0,0,0,162000,0,162000,162000
063390,嘉晶兆豐9B購01  ,0,0,0,0,0,0,0,0,0,162000,0,0,0,272000,110000,162000,162000
063063,泰鼎元富9B購01  ,0,0,0,0,0,0,0,0,0,162000,0,0,0,174000,12000,162000,162000
08341P,國泰金台新9C售01,0,0,0,0,0,0,0,0,0,162000,0,0,0,212000,50000,162000,162000
065046,玉晶光凱基01購03,0,0,0,0,0,0,0,0,0,161000,0,0,0,202000,41000,161000,161000
065388,華擎兆豐01購01  ,0,0,0,0,0,0,0,0,0,161000,0,0,0,443000,282000,161000,161000
057899,台積電永豐98購04,0,0,0,0,0,0,0,0,0,161000,0,0,0,169000,8000,161000,161000
057915,台泥凱基98購01  ,0,0,0,0,0,0,0,0,0,161000,0,0,0,223000,62000,161000,161000
058899,旺宏元大99購10  ,0,0,0,0,0,0,0,0,0,161000,0,0,0,283000,122000,161000,161000
061125,億光永豐9A購01  ,0,0,0,0,0,0,0,0,0,161000,0,0,0,216000,55000,161000,161000
063544,華新科台新9B購02,0,0,0,0,0,0,0,0,0,161000,0,0,0,233000,72000,161000,161000
062655,漢唐永豐9B購01  ,0,0,0,0,0,0,0,0,0,161000,0,0,0,174000,13000,161000,161000
065583,超眾國泰02購01  ,0,0,0,0,0,0,0,0,0,160000,0,0,0,166000,6000,160000,160000
056178,嘉澤元富97購02  ,0,0,0,0,0,0,0,0,0,160000,0,0,0,170000,10000,160000,160000
054487,京元電台新97購01,0,0,0,0,0,0,0,0,0,160000,0,0,0,160000,0,160000,160000
061238,晶技元大9A購02  ,0,0,0,0,0,0,0,0,0,160000,0,0,0,362000,202000,160000,160000
061352,茂林元大9A購04  ,0,0,0,0,0,0,0,0,0,160000,0,0,0,207000,47000,160000,160000
058421,國泰金麥證01購01,0,0,0,160000,0,160000,0,0,0,160000,0,0,0,160000,0,160000,160000
058797,大毅元大99購03  ,0,0,0,0,0,0,0,0,0,160000,0,0,0,176000,16000,160000,160000
062539,可成國泰01購01  ,0,0,0,0,0,0,0,0,0,160000,0,0,0,371000,211000,160000,160000
063270,喬山兆豐9C購01  ,0,0,0,0,0,0,0,0,0,160000,0,0,0,160000,0,160000,160000
063708,上銀凱基9B購06  ,0,0,0,0,0,0,0,0,0,160000,0,0,0,170000,10000,160000,160000
063663,台光電統一9C購01,0,0,0,0,0,0,0,0,0,160000,0,0,0,192000,32000,160000,160000
064721,國泰金統一02購01,0,0,0,0,0,0,0,0,0,160000,0,0,0,218000,58000,160000,160000
064314,信邦群益9C購01  ,0,0,0,0,0,0,0,0,0,160000,0,0,0,191000,31000,160000,160000
060653,全新群益9A購02  ,0,0,0,0,0,0,0,0,0,159000,0,0,0,159000,0,159000,159000
064343,健鼎元大9C購01  ,0,0,0,0,0,0,0,0,0,159000,0,0,0,224000,65000,159000,159000
064460,健策統一9C購03  ,10000,40000,-30000,0,0,0,0,0,0,189000,0,0,0,445000,256000,189000,159000
063291,緯穎元大01購01  ,0,0,0,0,0,0,0,0,0,159000,0,0,0,159000,0,159000,159000
065659,華新科永豐9C購04,0,0,0,0,0,0,0,0,0,158000,0,0,0,963000,805000,158000,158000
065943,台表科元富01購01,0,0,0,0,0,0,0,0,0,158000,0,0,0,243000,85000,158000,158000
065886,中磊元富9C購01  ,0,0,0,0,0,0,0,0,0,158000,0,0,0,489000,331000,158000,158000
00771,元大US高息特別股,0,0,0,0,0,0,0,0,0,158000,0,0,0,175000,17000,158000,158000
060509,宏達電元大9A購02,0,0,0,0,0,0,0,0,0,158000,0,0,0,284000,126000,158000,158000
061020,超眾國票9A購02  ,0,0,0,0,0,0,0,0,0,158000,0,0,0,158000,0,158000,158000
058652,SGBR2X中信01購01,0,0,0,0,0,0,0,0,0,158000,0,0,0,188000,30000,158000,158000
061341,華新科元大9A購16,0,0,0,0,0,0,0,0,0,158000,0,0,0,208000,50000,158000,158000
064272,鴻海元大9C購09  ,0,0,0,0,0,0,0,0,0,158000,0,0,0,186000,28000,158000,158000
065857,嘉聯益元大9C購03,0,0,0,0,0,0,0,0,0,157000,0,0,0,235000,78000,157000,157000
064854,祥碩麥證9C購01  ,0,0,0,245000,88000,157000,0,0,0,157000,0,0,0,245000,88000,157000,157000
060631,微星富邦9B購01  ,0,0,0,0,0,0,0,0,0,157000,0,0,0,157000,0,157000,157000
064466,聯電元富9C購01  ,0,0,0,0,0,0,0,0,0,157000,0,0,0,345000,188000,157000,157000
064497,可成元大01購02  ,0,0,0,0,0,0,0,0,0,157000,0,0,0,163000,6000,157000,157000
062353,亞德客元大9B購01,0,0,0,0,0,0,0,0,0,157000,0,0,0,315000,158000,157000,157000
065381,緯穎元大9C購03  ,0,0,0,0,0,0,0,0,0,156000,0,0,0,156000,0,156000,156000
065783,友訊永豐9C購02  ,0,0,0,0,0,0,0,0,0,156000,0,0,0,164000,8000,156000,156000
060571,京元電永豐9A購01,0,0,0,0,0,0,0,0,0,156000,0,0,0,303000,147000,156000,156000
061886,力山國泰01購01  ,0,0,0,0,0,0,0,0,0,156000,0,0,0,231000,75000,156000,156000
064767,宏全凱基9C購01  ,0,0,0,0,0,0,0,0,0,156000,0,0,0,196000,40000,156000,156000
064699,臻鼎群益9C購01  ,0,0,0,0,0,0,0,0,0,156000,0,0,0,206000,50000,156000,156000
064667,大立光元大02購01,0,0,0,0,0,0,0,0,0,156000,0,0,0,242000,86000,156000,156000
063817,GIS群益9C購01   ,0,0,0,0,0,0,0,0,0,156000,0,0,0,178000,22000,156000,156000
065363,國巨元大01購04  ,0,0,0,0,0,0,0,0,0,155000,0,0,0,292000,137000,155000,155000
061971,力山元大9C購02  ,0,0,0,0,0,0,0,0,0,155000,0,0,0,185000,30000,155000,155000
064186,燿華永豐9C購01  ,0,0,0,0,0,0,0,0,0,155000,0,0,0,155000,0,155000,155000
064682,嘉聯益兆豐01購01,0,0,0,0,0,0,0,0,0,155000,0,0,0,336000,181000,155000,155000
064376,美律元富9C購01  ,0,0,0,0,0,0,0,0,0,155000,0,0,0,240000,85000,155000,155000
064858,鴻海富邦01購01  ,0,0,0,0,0,0,0,0,0,154000,0,0,0,174000,20000,154000,154000
065677,南亞科統一03購02,0,0,0,0,0,0,0,0,0,154000,0,0,0,172000,18000,154000,154000
056395,玉晶光永豐9B購01,0,0,0,0,0,0,0,0,0,154000,0,0,0,174000,20000,154000,154000
059917,華新科元大99購19,0,0,0,0,0,0,0,0,0,154000,0,0,0,223000,69000,154000,154000
060722,矽格永豐9A購01  ,0,0,0,0,0,0,0,0,0,154000,0,0,0,174000,20000,154000,154000
061417,力成群益9A購01  ,0,0,0,0,0,0,0,0,0,154000,0,0,0,209000,55000,154000,154000
064068,義隆永豐9C購01  ,0,0,0,0,0,0,0,0,0,154000,0,0,0,225000,71000,154000,154000
062543,華通富邦9C購01  ,0,0,0,0,0,0,0,0,0,154000,0,0,0,434000,280000,154000,154000
062607,美食凱基9B購01  ,0,0,0,0,0,0,0,0,0,154000,0,0,0,189000,35000,154000,154000
063394,金像電群益9B購01,0,0,0,0,0,0,0,0,0,154000,0,0,0,261000,107000,154000,154000
063246,嘉晶元大9C購01  ,0,0,0,0,0,0,0,0,0,154000,0,0,0,178000,24000,154000,154000
065272,聯茂元大9C購05  ,0,0,0,0,0,0,0,0,0,153000,0,0,0,318000,165000,153000,153000
066016,台表科元富01購02,0,0,0,0,0,0,0,0,0,153000,0,0,0,153000,0,153000,153000
00743,國泰中國A150    ,0,0,0,0,0,0,0,0,0,153000,0,0,0,205000,52000,153000,153000
057249,華邦電統一9A購01,0,0,0,0,0,0,0,0,0,153000,0,0,0,153000,0,153000,153000
062019,嘉澤永豐9B購01  ,0,0,0,0,0,0,0,0,0,153000,0,0,0,243000,90000,153000,153000
065630,台積電國票9C購09,0,0,0,0,0,0,0,0,0,152000,0,0,0,152000,0,152000,152000
058507,美律元大9A購01  ,0,0,0,0,0,0,0,0,0,152000,0,0,0,215000,63000,152000,152000
063538,神達統一9C購01  ,0,0,0,0,0,0,0,0,0,152000,0,0,0,207000,55000,152000,152000
065251,宏達電國泰02購01,0,0,0,0,0,0,0,0,0,151000,0,0,0,191000,40000,151000,151000
060283,台肥元大9C購01  ,0,0,0,0,0,0,0,0,0,151000,0,0,0,310000,159000,151000,151000
060422,台勝科永豐9A購01,0,0,0,0,0,0,0,0,0,151000,0,0,0,151000,0,151000,151000
054428,禾伸堂富邦98購01,0,0,0,0,0,0,0,0,0,151000,0,0,0,160000,9000,151000,151000
058829,華新科永豐99購04,0,0,0,0,0,0,0,0,0,151000,0,0,0,217000,66000,151000,151000
062533,嘉澤統一9C購01  ,0,0,0,0,0,0,0,0,0,151000,0,0,0,151000,0,151000,151000
062405,泰鼎永豐9B購02  ,0,0,0,0,0,0,0,0,0,151000,0,0,0,388000,237000,151000,151000
064881,聯茂兆豐01購02  ,0,0,0,0,0,0,0,0,0,150000,0,0,0,1192000,1042000,150000,150000
065577,超眾群益9C購02  ,0,0,0,0,0,0,0,0,0,150000,0,0,0,165000,15000,150000,150000
06959P,鴻海凱基9A售02  ,0,0,0,0,0,0,0,0,0,150000,0,0,0,150000,0,150000,150000
07257P,臺股指凱基99售37,0,0,0,0,0,0,0,0,0,150000,0,0,0,150000,0,150000,150000
055163,訊芯元大98購01  ,0,0,0,0,0,0,0,0,0,150000,0,0,0,150000,0,150000,150000
03064X,元展59          ,0,0,0,0,0,0,0,0,0,150000,0,0,0,150000,0,150000,150000
053584,友達元大9B購02  ,0,0,0,0,0,0,0,0,0,150000,0,0,0,311000,161000,150000,150000
056734,國巨凱基99購01  ,0,0,0,0,0,0,0,0,0,150000,0,0,0,150000,0,150000,150000
061926,晶技凱基9B購02  ,0,0,0,0,0,0,0,0,0,150000,0,0,0,243000,93000,150000,150000
061307,和潤永豐9A購02  ,0,0,0,0,0,0,0,0,0,150000,0,0,0,184000,34000,150000,150000
062878,宏達電兆豐9B購01,0,0,0,0,0,0,0,0,0,150000,0,0,0,150000,0,150000,150000
063261,康控富邦03購01  ,0,0,0,0,0,0,0,0,0,150000,0,0,0,273000,123000,150000,150000
063061,華新科元富9B購04,0,0,0,0,0,0,0,0,0,150000,0,0,0,250000,100000,150000,150000
064195,晶豪科群益9C購01,0,0,0,0,0,0,0,0,0,150000,0,0,0,207000,57000,150000,150000
065556,旭富凱基9C購02  ,0,0,0,0,0,0,0,0,0,149000,0,0,0,154000,5000,149000,149000
065284,旺宏群益9C購03  ,0,0,0,0,0,0,0,0,0,149000,0,0,0,149000,0,149000,149000
061325,晶技凱基9A購03  ,0,0,0,0,0,0,0,0,0,149000,0,0,0,149000,0,149000,149000
058720,旭富元富99購01  ,0,0,0,0,0,0,0,0,0,149000,0,0,0,159000,10000,149000,149000
063664,漢唐統一9C購01  ,0,0,0,0,0,0,0,0,0,149000,0,0,0,149000,0,149000,149000
063230,緯穎群益9B購02  ,0,0,0,0,0,0,0,0,0,149000,0,0,0,193000,44000,149000,149000
063111,TPK兆豐9B購01   ,0,0,0,0,0,0,0,0,0,149000,0,0,0,149000,0,149000,149000
2395,研華            ,1225468,998594,226874,0,0,0,0,8000,-8000,-70000,2000,72000,-70000,0,0,0,148874
07982P,全新群益9B售04  ,0,0,0,0,0,0,0,0,0,148000,0,0,0,200000,52000,148000,148000
057043,台積電元大99購02,0,0,0,0,0,0,0,0,0,148000,0,0,0,400000,252000,148000,148000
060030,晶相光永豐99購03,0,0,0,0,0,0,0,0,0,148000,0,0,0,161000,13000,148000,148000
059146,貿聯國票9A購02  ,0,0,0,0,0,0,0,0,0,148000,0,0,0,148000,0,148000,148000
061514,泰碩永豐9A購02  ,0,0,0,0,0,0,0,0,0,148000,0,0,0,173000,25000,148000,148000
060376,瑞祺元富9A購01  ,0,0,0,0,0,0,0,0,0,148000,0,0,0,148000,0,148000,148000
056998,麗豐康和98購01  ,0,0,0,0,0,0,0,0,0,147000,0,0,0,147000,0,147000,147000
056715,瀚宇博永豐98購01,0,0,0,0,0,0,0,0,0,147000,0,0,0,517000,370000,147000,147000
056683,台積電統一98購05,0,0,0,0,0,0,0,0,0,147000,0,0,0,147000,0,147000,147000
060916,金像電國泰9C購01,0,0,0,0,0,0,0,0,0,147000,0,0,0,266000,119000,147000,147000
063151,奇鋐元富9B購01  ,0,0,0,0,0,0,0,0,0,147000,0,0,0,229000,82000,147000,147000
062917,旭富元大9C購03  ,0,0,0,0,0,0,0,0,0,147000,0,0,0,216000,69000,147000,147000
062178,上銀元大9B購03  ,0,0,0,0,0,0,0,0,0,147000,0,0,0,175000,28000,147000,147000
060801,滬深2X中信01購01,0,0,0,0,0,0,0,0,0,146000,0,0,0,196000,50000,146000,146000
061477,晶豪科元大9A購01,0,0,0,0,0,0,0,0,0,146000,0,0,0,233000,87000,146000,146000
061187,瀚宇博國泰9C購01,0,0,0,0,0,0,0,0,0,146000,0,0,0,147000,1000,146000,146000
061732,智邦中信9B購01  ,0,0,0,0,0,0,0,0,0,146000,0,0,0,176000,30000,146000,146000
063031,鴻海凱基9C購01  ,0,0,0,0,0,0,0,0,0,146000,0,0,0,179000,33000,146000,146000
062939,奇力新凱基9B購02,0,0,0,0,0,0,0,0,0,146000,0,0,0,156000,10000,146000,146000
065698,旺宏群益9C購08  ,0,0,0,0,0,0,0,0,0,145000,0,0,0,150000,5000,145000,145000
065777,正崴國泰03購01  ,0,0,0,0,0,0,0,0,0,145000,0,0,0,145000,0,145000,145000
063191,台表科凱基9B購03,0,0,0,0,0,0,0,0,0,145000,0,0,0,222000,77000,145000,145000
064243,TPK統一02購02   ,0,0,0,0,0,0,0,0,0,145000,0,0,0,145000,0,145000,145000
065873,信邦群益02購01  ,0,0,0,0,0,0,0,0,0,144000,0,0,0,144000,0,144000,144000
065215,義隆國泰02購02  ,0,0,0,0,0,0,0,0,0,144000,0,0,0,423000,279000,144000,144000
064904,茂林群益9C購02  ,0,0,0,0,0,0,0,0,0,144000,0,0,0,144000,0,144000,144000
056466,臺股指凱基99購08,0,0,0,0,0,0,0,0,0,144000,0,0,0,164000,20000,144000,144000
056155,嘉晶凱基97購01  ,0,0,0,0,0,0,0,0,0,144000,0,0,0,184000,40000,144000,144000
062548,智易永豐9B購01  ,0,0,0,0,0,0,0,0,0,144000,0,0,0,144000,0,144000,144000
065905,聯茂富邦02購01  ,0,0,0,0,0,0,0,0,0,143000,0,0,0,255000,112000,143000,143000
065473,鴻海元大9C購14  ,0,0,0,0,0,0,0,0,0,143000,0,0,0,198000,55000,143000,143000
055104,台達電凱基98購01,0,0,0,0,0,0,0,0,0,143000,0,0,0,157000,14000,143000,143000
057782,台積電國票99購07,0,0,0,0,0,0,0,0,0,143000,0,0,0,263000,120000,143000,143000
061664,上銀中信9A購01  ,0,0,0,0,0,0,0,0,0,143000,0,0,0,143000,0,143000,143000
058909,神達元大99購03  ,0,0,0,0,0,0,0,0,0,143000,0,0,0,226000,83000,143000,143000
061165,美律兆豐9A購01  ,0,0,0,0,0,0,0,0,0,143000,0,0,0,143000,0,143000,143000
062268,力山群益9B購01  ,0,0,0,0,0,0,0,0,0,143000,0,0,0,188000,45000,143000,143000
062564,矽創凱基9B購01  ,0,0,0,0,0,0,0,0,0,143000,0,0,0,183000,40000,143000,143000
063476,台表科元大9C購03,0,0,0,0,0,0,0,0,0,143000,0,0,0,189000,46000,143000,143000
064494,南亞科元大9C購02,0,0,0,0,0,0,0,0,0,143000,0,0,0,143000,0,143000,143000
064086,旺宏凱基9C購01  ,0,0,0,0,0,0,0,0,0,143000,0,0,0,204000,61000,143000,143000
8454,富邦媒          ,173000,73000,100000,0,0,0,25000,0,25000,18000,19000,1000,18000,0,0,0,143000
065660,晶豪科永豐9C購01,0,0,0,0,0,0,0,0,0,142000,0,0,0,142000,0,142000,142000
064926,臻鼎統一02購01  ,0,0,0,0,0,0,0,0,0,142000,0,0,0,191000,49000,142000,142000
065098,致伸元大9C購02  ,0,0,0,0,0,0,0,0,0,142000,0,0,0,158000,16000,142000,142000
056232,瑞儀凱基98購01  ,0,0,0,0,0,0,0,0,0,142000,0,0,0,207000,65000,142000,142000
057466,泰鼎永豐98購01  ,0,0,0,0,0,0,0,0,0,142000,0,0,0,231000,89000,142000,142000
060236,精元元大9C購01  ,0,0,0,0,0,0,0,0,0,142000,0,0,0,153000,11000,142000,142000
061124,微星永豐9A購02  ,0,0,0,0,0,0,0,0,0,142000,0,0,0,142000,0,142000,142000
058924,晶相光元富99購02,0,0,0,0,0,0,0,0,0,142000,0,0,0,182000,40000,142000,142000
059980,台積電元大99購50,0,0,0,0,0,0,0,0,0,142000,0,0,0,142000,0,142000,142000
064103,大立光群益9C購03,0,0,0,0,0,0,0,0,0,142000,0,0,0,220000,78000,142000,142000
064756,友達凱基02購02  ,0,0,0,0,0,0,0,0,0,142000,0,0,0,167000,25000,142000,142000
064732,GIS統一01購03   ,0,0,0,0,0,0,0,0,0,142000,0,0,0,142000,0,142000,142000
063565,旺宏元大9B購08  ,0,0,0,0,0,0,0,0,0,142000,0,0,0,240000,98000,142000,142000
062354,台達電元大9B購01,0,0,0,0,0,0,0,0,0,142000,0,0,0,184000,42000,142000,142000
065666,旺宏凱基9C購03  ,0,0,0,0,0,0,0,0,0,141000,0,0,0,142000,1000,141000,141000
07164P,臺股指群益99售15,0,0,0,0,0,0,0,0,0,141000,0,0,0,241000,100000,141000,141000
060414,中興電永豐9A購01,0,0,0,0,0,0,0,0,0,141000,0,0,0,259000,118000,141000,141000
056820,欣興永豐98購02  ,0,0,0,0,0,0,0,0,0,141000,0,0,0,171000,30000,141000,141000
061943,上銀群益9B購02  ,0,0,0,0,0,0,0,0,0,141000,0,0,0,141000,0,141000,141000
058532,禾伸堂元富99購01,0,0,0,0,0,0,0,0,0,141000,0,0,0,203000,62000,141000,141000
058139,臻鼎元大99購01  ,0,0,0,0,0,0,0,0,0,141000,0,0,0,141000,0,141000,141000
062335,茂林統一01購01  ,0,0,0,0,0,0,0,0,0,141000,0,0,0,141000,0,141000,141000
063376,神達永豐9B購01  ,0,0,0,0,0,0,0,0,0,141000,0,0,0,142000,1000,141000,141000
062974,奇力新元富9B購01,0,0,0,0,0,0,0,0,0,141000,0,0,0,161000,20000,141000,141000
063713,麗豐凱基9B購01  ,0,0,0,0,0,0,0,0,0,141000,0,0,0,171000,30000,141000,141000
6166,凌華            ,295000,122000,173000,0,0,0,0,0,0,-32000,0,0,0,0,32000,-32000,141000
065234,旭富凱基01購01  ,0,0,0,0,0,0,0,0,0,140000,0,0,0,173000,33000,140000,140000
065306,泰鼎元富9C購02  ,0,0,0,0,0,0,0,0,0,140000,0,0,0,417000,277000,140000,140000
065375,神基元大03購01  ,0,0,0,0,0,0,0,0,0,140000,0,0,0,154000,14000,140000,140000
064891,台達電群益9C購01,0,0,0,0,0,0,0,0,0,140000,0,0,0,162000,22000,140000,140000
055823,臺股指國票97購10,0,0,0,0,0,0,0,0,0,140000,0,0,0,140000,0,140000,140000
056399,上証2X群益9C購01,0,0,0,0,0,0,0,0,0,140000,0,0,0,140000,0,140000,140000
058861,國巨凱基9A購08  ,0,0,0,0,0,0,0,0,0,140000,0,0,0,150000,10000,140000,140000
063679,群創國泰01購01  ,0,0,0,0,0,0,0,0,0,140000,0,0,0,176000,36000,140000,140000
063934,寶成統一02購01  ,0,0,0,0,0,0,0,0,0,140000,0,0,0,240000,100000,140000,140000
064521,群創群益02購01  ,0,0,0,0,0,0,0,0,0,140000,0,0,0,161000,21000,140000,140000
062971,英業達元富9B購01,0,0,0,0,0,0,0,0,0,140000,0,0,0,288000,148000,140000,140000
063136,智邦統一9B購02  ,0,0,0,0,0,0,0,0,0,140000,0,0,0,626000,486000,140000,140000
062542,南電國泰9C購01  ,0,0,0,0,0,0,0,0,0,140000,0,0,0,156000,16000,140000,140000
3605,宏致            ,381000,185000,196000,0,0,0,0,0,0,-56000,14000,70000,-56000,0,0,0,140000
065051,和碩凱基02購01  ,0,0,0,0,0,0,0,0,0,139000,0,0,0,151000,12000,139000,139000
065265,景碩元大9C購02  ,0,1000,-1000,0,0,0,0,0,0,140000,0,0,0,168000,28000,140000,139000
060234,凱美元大9C購01  ,0,0,0,0,0,0,0,0,0,139000,0,0,0,159000,20000,139000,139000
056579,麗豐元大99購01  ,0,0,0,0,0,0,0,0,0,139000,0,0,0,211000,72000,139000,139000
00703,台新MSCI中國    ,0,0,0,0,0,0,0,0,0,139000,0,0,0,326000,187000,139000,139000
054427,潤泰全富邦97購01,0,0,0,0,0,0,0,0,0,139000,0,0,0,272000,133000,139000,139000
058747,友達凱基9A購03  ,0,0,0,0,0,0,0,0,0,139000,0,0,0,155000,16000,139000,139000
059164,旺宏凱基99購06  ,0,0,0,0,0,0,0,0,0,139000,0,0,0,139000,0,139000,139000
062750,可成中信9B購01  ,0,0,0,0,0,0,0,0,0,139000,0,0,0,139000,0,139000,139000
063388,台光電兆豐9C購01,0,0,0,0,0,0,0,0,0,139000,0,0,0,194000,55000,139000,139000
063497,東元永豐9B購01  ,0,0,0,0,0,0,0,0,0,139000,0,0,0,159000,20000,139000,139000
063618,智邦兆豐9C購01  ,0,0,0,0,0,0,0,0,0,139000,0,0,0,162000,23000,139000,139000
063837,亞德客元大01購01,0,0,0,0,0,0,0,0,0,139000,0,0,0,139000,0,139000,139000
063715,鈺齊凱基9C購01  ,0,0,0,0,0,0,0,0,0,139000,0,0,0,189000,50000,139000,139000
00662,富邦NASDAQ      ,5000,0,5000,0,0,0,0,100000,-100000,233000,0,0,0,234000,1000,233000,138000
057392,福懋科永豐98購01,0,0,0,0,0,0,0,0,0,138000,0,0,0,138000,0,138000,138000
060064,華新科兆豐99購07,0,0,0,0,0,0,0,0,0,138000,0,0,0,206000,68000,138000,138000
061958,鴻海統一01購01  ,0,0,0,0,0,0,0,0,0,138000,0,0,0,145000,7000,138000,138000
058244,神達元大99購02  ,0,0,0,0,0,0,0,0,0,138000,0,0,0,184000,46000,138000,138000
064671,聯茂元大9C購02  ,0,0,0,0,0,0,0,0,0,138000,0,0,0,326000,188000,138000,138000
063387,台積電兆豐9B購03,0,0,0,0,0,0,0,0,0,138000,0,0,0,182000,44000,138000,138000
062341,台表科麥證9C購01,0,0,0,138000,0,138000,0,0,0,138000,0,0,0,138000,0,138000,138000
065390,達新群益9C購02  ,0,0,0,0,0,0,0,0,0,137000,0,0,0,160000,23000,137000,137000
057163,上銀元大98購04  ,0,0,0,0,0,0,0,0,0,137000,0,0,0,287000,150000,137000,137000
055698,茂林國票98購03  ,0,0,0,0,0,0,0,0,0,137000,0,0,0,137000,0,137000,137000
060625,華擎元大9A購01  ,0,0,0,0,0,0,0,0,0,137000,0,0,0,294000,157000,137000,137000
064752,台達電凱基01購01,0,0,0,0,0,0,0,0,0,137000,0,0,0,222000,85000,137000,137000
063887,香港2X中信02購01,0,0,0,0,0,0,0,0,0,137000,0,0,0,212000,75000,137000,137000
064979,華擎元大9C購04  ,0,0,0,0,0,0,0,0,0,136000,0,0,0,679000,543000,136000,136000
08069P,大立光國泰01售02,0,0,0,0,0,0,0,0,0,136000,0,0,0,206000,70000,136000,136000
057671,群創元大9B購06  ,0,0,0,0,0,0,0,0,0,136000,0,0,0,383000,247000,136000,136000
058552,欣興永豐99購01  ,0,0,0,0,0,0,0,0,0,136000,0,0,0,315000,179000,136000,136000
061092,可成統一9C購02  ,0,0,0,0,0,0,0,0,0,136000,0,0,0,136000,0,136000,136000
060203,緯穎元富9A購01  ,0,0,0,0,0,0,0,0,0,136000,0,0,0,136000,0,136000,136000
062717,華邦電凱基9C購01,0,0,0,0,0,0,0,0,0,136000,0,0,0,156000,20000,136000,136000
062011,上銀富邦9C購01  ,0,0,0,0,0,0,0,0,0,135000,0,0,0,282000,147000,135000,135000
061866,力山元大9C購01  ,0,0,0,0,0,0,0,0,0,135000,0,0,0,145000,10000,135000,135000
059975,元金2X元大99購02,0,0,0,0,0,0,0,0,0,135000,0,0,0,135000,0,135000,135000
059068,台虹國票9A購01  ,0,0,0,0,0,0,0,0,0,135000,0,0,0,285000,150000,135000,135000
060784,鴻海富邦9C購01  ,0,0,0,0,0,0,0,0,0,135000,0,0,0,136000,1000,135000,135000
059364,昇陽半永豐99購02,0,0,0,0,0,0,0,0,0,135000,0,0,0,161000,26000,135000,135000
058313,台積電富邦9B購04,0,0,0,0,0,0,0,0,0,135000,0,0,0,176000,41000,135000,135000
058013,SP黃豆凱基9A購01,0,0,0,0,0,0,0,0,0,135000,0,0,0,136000,1000,135000,135000
062685,華新科統一9C購03,0,0,0,0,0,0,0,0,0,135000,0,0,0,224000,89000,135000,135000
062561,瀚宇博凱基9B購01,0,0,0,0,0,0,0,0,0,135000,0,0,0,497000,362000,135000,135000
063508,緯創群益9B購01  ,0,0,0,0,0,0,0,0,0,135000,0,0,0,195000,60000,135000,135000
063739,台勝科元大9B購03,0,0,0,0,0,0,0,0,0,135000,0,0,0,135000,0,135000,135000
2338,光罩            ,880000,652000,228000,0,0,0,0,0,0,-93000,0,0,0,26000,119000,-93000,135000
065788,緯創永豐9C購02  ,0,0,0,0,0,0,0,0,0,134000,0,0,0,207000,73000,134000,134000
061986,晶豪科元大9B購01,0,0,0,0,0,0,0,0,0,134000,0,0,0,216000,82000,134000,134000
060183,南亞科元富9A購01,0,0,0,0,0,0,0,0,0,134000,0,0,0,180000,46000,134000,134000
064288,瀚宇博元大9C購02,0,0,0,0,0,0,0,0,0,134000,0,0,0,278000,144000,134000,134000
062679,技嘉統一01購01  ,0,0,0,0,0,0,0,0,0,134000,0,0,0,207000,73000,134000,134000
5203,訊連            ,314000,180000,134000,0,0,0,0,0,0,0,1000,6000,-5000,7000,2000,5000,134000
065419,立積國票01購03  ,0,0,0,0,0,0,0,0,0,133000,0,0,0,337000,204000,133000,133000
065352,GIS統一01購04   ,0,0,0,0,0,0,0,0,0,133000,0,0,0,178000,45000,133000,133000
056535,全新凱基99購02  ,0,0,0,0,0,0,0,0,0,133000,0,0,0,151000,18000,133000,133000
056909,嘉聯益元大99購03,0,0,0,0,0,0,0,0,0,133000,0,0,0,146000,13000,133000,133000
056900,可成元大98購02  ,0,0,0,0,0,0,0,0,0,133000,0,0,0,133000,0,133000,133000
061526,宏達電凱基9A購04,0,0,0,0,0,0,0,0,0,133000,0,0,0,182000,49000,133000,133000
062094,台積電富邦9C購12,0,0,0,0,0,0,0,0,0,133000,0,0,0,133000,0,133000,133000
059594,奇力新元大9B購01,0,0,0,0,0,0,0,0,0,133000,0,0,0,133000,0,133000,133000
059618,台積電日盛99購01,0,0,0,0,0,0,0,0,0,133000,0,0,0,249000,116000,133000,133000
058323,泰鼎永豐9A購01  ,0,0,0,0,0,0,0,0,0,133000,0,0,0,285000,152000,133000,133000
061198,世紀鋼永豐9A購03,0,0,0,0,0,0,0,0,0,133000,0,0,0,133000,0,133000,133000
063682,達新永豐9B購01  ,0,0,0,0,0,0,0,0,0,133000,0,0,0,138000,5000,133000,133000
3669,圓展            ,453000,330000,123000,0,0,0,0,0,0,10000,10000,0,10000,0,0,0,133000
056468,鴻海元大98購07  ,0,0,0,0,0,0,0,0,0,132000,0,0,0,132000,0,132000,132000
056506,晶豪科永豐98購02,0,0,0,0,0,0,0,0,0,132000,0,0,0,144000,12000,132000,132000
061662,瑞儀永豐9A購02  ,0,0,0,0,0,0,0,0,0,132000,0,0,0,162000,30000,132000,132000
064099,億光群益9C購01  ,0,0,0,0,0,0,0,0,0,132000,0,0,0,208000,76000,132000,132000
063222,群創群益9B購03  ,0,0,0,0,0,0,0,0,0,132000,0,0,0,195000,63000,132000,132000
065240,矽創凱基01購01  ,0,0,0,0,0,0,0,0,0,131000,0,0,0,157000,26000,131000,131000
065478,緯創元大9C購03  ,0,0,0,0,0,0,0,0,0,131000,0,0,0,391000,260000,131000,131000
057745,泰鼎永豐99購01  ,0,0,0,0,0,0,0,0,0,131000,0,0,0,276000,145000,131000,131000
055688,力成凱基98購02  ,0,0,0,0,0,0,0,0,0,131000,0,0,0,131000,0,131000,131000
059118,晶技永豐9A購01  ,0,0,0,0,0,0,0,0,0,131000,0,0,0,131000,0,131000,131000
061347,創意元大9A購02  ,0,0,0,0,0,0,0,0,0,131000,0,0,0,174000,43000,131000,131000
058589,群創中信01購01  ,0,0,0,0,0,0,0,0,0,131000,0,0,0,149000,18000,131000,131000
062970,智邦元富9B購01  ,0,0,0,0,0,0,0,0,0,131000,0,0,0,147000,16000,131000,131000
064303,新光金兆豐01購01,0,0,0,0,0,0,0,0,0,131000,0,0,0,131000,0,131000,131000
064561,友達群益9C購02  ,0,0,0,0,0,0,0,0,0,131000,0,0,0,258000,127000,131000,131000
065626,華新科兆豐9C購02,0,0,0,0,0,0,0,0,0,130000,0,0,0,190000,60000,130000,130000
065252,玉晶光永豐9C購08,0,0,0,0,0,0,0,0,0,130000,0,0,0,150000,20000,130000,130000
064929,台表科統一02購03,0,0,0,0,0,0,0,0,0,130000,0,0,0,213000,83000,130000,130000
07771P,義隆國票9A售01  ,0,0,0,0,0,0,0,0,0,130000,0,0,0,130000,0,130000,130000
045837,群創群益98購02  ,0,0,0,0,0,0,0,0,0,130000,0,0,0,130000,0,130000,130000
057401,晶豪科群益99購01,0,0,0,0,0,0,0,0,0,130000,0,0,0,132000,2000,130000,130000
057011,日月光中信99購01,0,0,0,0,0,0,0,0,0,130000,0,0,0,198000,68000,130000,130000
061639,晶豪科元大9A購02,0,0,0,0,0,0,0,0,0,130000,0,0,0,220000,90000,130000,130000
064289,台郡元大9C購01  ,0,0,0,0,0,0,0,0,0,130000,0,0,0,178000,48000,130000,130000
064388,緯穎富邦9C購01  ,0,0,0,0,0,0,0,0,0,130000,0,0,0,250000,120000,130000,130000
064190,新光金第一9C購01,0,0,0,0,0,0,0,0,0,130000,0,0,0,130000,0,130000,130000
063654,上銀元富9B購05  ,0,0,0,0,0,0,0,0,0,130000,0,0,0,210000,80000,130000,130000
062608,智易凱基9B購01  ,0,0,0,0,0,0,0,0,0,130000,0,0,0,230000,100000,130000,130000
057720,日電貿元富98購01,0,0,0,0,0,0,0,0,0,129000,0,0,0,179000,50000,129000,129000
056772,欣興元大99購01  ,0,0,0,0,0,0,0,0,0,129000,0,0,0,219000,90000,129000,129000
061782,智邦群益9B購01  ,0,0,0,0,0,0,0,0,0,129000,0,0,0,130000,1000,129000,129000
059581,日月光元富99購02,0,0,0,0,0,0,0,0,0,129000,0,0,0,278000,149000,129000,129000
061153,奇力新群益9A購02,0,0,0,0,0,0,0,0,0,129000,0,0,0,129000,0,129000,129000
058093,神達元大9A購01  ,0,0,0,0,0,0,0,0,0,129000,0,0,0,139000,10000,129000,129000
063950,信邦元大9C購01  ,0,0,0,0,0,0,0,0,0,129000,0,0,0,129000,0,129000,129000
064745,聯鈞國票01購01  ,0,0,0,0,0,0,0,0,0,129000,0,0,0,243000,114000,129000,129000
6505,台塑化          ,1075365,892139,183226,0,0,0,0,18000,-18000,-37000,145000,182000,-37000,0,0,0,128226
065562,同欣電麥證9C購04,0,0,0,128000,0,128000,0,0,0,128000,0,0,0,128000,0,128000,128000
055006,晶相光元富9A購01,0,0,0,0,0,0,0,0,0,128000,0,0,0,293000,165000,128000,128000
061367,瑞祺國票9A購01  ,0,0,0,0,0,0,0,0,0,128000,0,0,0,150000,22000,128000,128000
056741,大立光凱基98購14,0,0,0,0,0,0,0,0,0,127000,0,0,0,128000,1000,127000,127000
058377,茂林凱基9A購03  ,0,0,0,0,0,0,0,0,0,127000,0,0,0,137000,10000,127000,127000
060896,晶技凱基9A購02  ,0,0,0,0,0,0,0,0,0,127000,0,0,0,130000,3000,127000,127000
058802,矽創元大99購02  ,0,0,0,0,0,0,0,0,0,127000,0,0,0,211000,84000,127000,127000
059742,富邦金元富99購01,0,0,0,0,0,0,0,0,0,127000,0,0,0,127000,0,127000,127000
064712,聚陽統一02購03  ,0,0,0,0,0,0,0,0,0,127000,0,0,0,720000,593000,127000,127000
064412,緯穎凱基01購01  ,0,0,0,0,0,0,0,0,0,127000,0,0,0,130000,3000,127000,127000
07504P,聯詠元大9A售02  ,0,0,0,0,0,0,0,0,0,126000,0,0,0,136000,10000,126000,126000
056206,泰鼎永豐97購01  ,0,0,0,0,0,0,0,0,0,126000,0,0,0,171000,45000,126000,126000
062063,世紀鋼統一9C購01,0,0,0,0,0,0,0,0,0,126000,0,0,0,141000,15000,126000,126000
061140,華擎統一9C購01  ,0,0,0,0,0,0,0,0,0,126000,0,0,0,233000,107000,126000,126000
061210,玉山金元大9A購02,0,0,0,0,0,0,0,0,0,126000,0,0,0,160000,34000,126000,126000
064573,復盛群益9C購01  ,0,0,0,0,0,0,0,0,0,126000,0,0,0,126000,0,126000,126000
063213,智伸科國票9C購01,0,0,0,0,0,0,0,0,0,126000,0,0,0,185000,59000,126000,126000
063128,智伸科元大9B購01,0,0,0,0,0,0,0,0,0,126000,0,0,0,180000,54000,126000,126000
063548,同欣電兆豐9B購01,0,0,0,0,0,0,0,0,0,126000,0,0,0,286000,160000,126000,126000
1589,永冠-KY         ,295000,149000,146000,0,0,0,0,0,0,-20000,0,20000,-20000,0,0,0,126000
065446,宏達電統一9C購02,0,0,0,0,0,0,0,0,0,125000,0,0,0,125000,0,125000,125000
065100,聯茂元大9C購04  ,0,0,0,0,0,0,0,0,0,125000,0,0,0,288000,163000,125000,125000
061105,宏達電元大9A購04,0,0,0,0,0,0,0,0,0,125000,0,0,0,230000,105000,125000,125000
061194,聯鈞永豐9A購02  ,0,0,0,0,0,0,0,0,0,125000,0,0,0,191000,66000,125000,125000
061389,華新科群益9B購01,0,0,0,0,0,0,0,0,0,125000,0,0,0,183000,58000,125000,125000
058887,元石油元大9C購04,0,0,0,0,0,0,0,0,0,125000,0,0,0,125000,0,125000,125000
063278,國巨元大9C購04  ,0,0,0,0,0,0,0,0,0,125000,0,0,0,127000,2000,125000,125000
063085,嘉澤凱基9C購01  ,0,0,0,0,0,0,0,0,0,125000,0,0,0,165000,40000,125000,125000
062562,瑞儀凱基9B購02  ,0,0,0,0,0,0,0,0,0,125000,0,0,0,133000,8000,125000,125000
064647,致伸凱基9C購01  ,0,0,0,0,0,0,0,0,0,125000,0,0,0,133000,8000,125000,125000
064121,國巨元大9C購16  ,0,0,0,0,0,0,0,0,0,125000,0,0,0,253000,128000,125000,125000
063766,南茂元富9B購01  ,0,0,0,0,0,0,0,0,0,125000,0,0,0,180000,55000,125000,125000
065141,國巨凱基9C購10  ,0,0,0,0,0,0,0,0,0,124000,0,0,0,221000,97000,124000,124000
065267,聯鈞元大9C購02  ,0,0,0,0,0,0,0,0,0,124000,0,0,0,268000,144000,124000,124000
064924,健策統一9C購05  ,0,0,0,0,0,0,0,0,0,124000,0,0,0,387000,263000,124000,124000
064851,勤誠元富03購01  ,0,0,0,0,0,0,0,0,0,124000,0,0,0,124000,0,124000,124000
065627,貿聯兆豐9C購02  ,0,0,0,0,0,0,0,0,0,124000,0,0,0,149000,25000,124000,124000
065817,聯發科元富03購08,0,0,0,0,0,0,0,0,0,124000,0,0,0,218000,94000,124000,124000
065870,正崴群益02購01  ,0,0,0,0,0,0,0,0,0,124000,0,0,0,248000,124000,124000,124000
058457,創意永豐99購01  ,0,0,0,0,0,0,0,0,0,124000,0,0,0,139000,15000,124000,124000
058752,鈺齊凱基9A購01  ,0,0,0,0,0,0,0,0,0,124000,0,0,0,167000,43000,124000,124000
060819,國巨統一9C購04  ,0,0,0,0,0,0,0,0,0,124000,0,0,0,164000,40000,124000,124000
064301,漢唐兆豐01購01  ,0,0,0,0,0,0,0,0,0,124000,0,0,0,124000,0,124000,124000
064253,貿聯元富9C購01  ,0,0,0,0,0,0,0,0,0,124000,0,0,0,229000,105000,124000,124000
062682,全新統一9B購01  ,0,0,0,0,0,0,0,0,0,124000,0,0,0,289000,165000,124000,124000
062904,台光電元大9B購06,0,0,0,0,0,0,0,0,0,124000,0,0,0,200000,76000,124000,124000
062189,康控元大9B購02  ,0,0,0,0,0,0,0,0,0,124000,0,0,0,270000,146000,124000,124000
2204,中華            ,254000,128000,126000,0,0,0,0,0,0,-2000,0,2000,-2000,0,0,0,124000
065987,大毅永豐01購01  ,0,0,0,0,0,0,0,0,0,123000,0,0,0,123000,0,123000,123000
064983,力成元大9C購04  ,0,0,0,0,0,0,0,0,0,123000,0,0,0,144000,21000,123000,123000
07946P,華通統一9B售02  ,0,0,0,0,0,0,0,0,0,123000,0,0,0,180000,57000,123000,123000
057077,國巨統一98購06  ,0,0,0,0,0,0,0,0,0,123000,0,0,0,138000,15000,123000,123000
055972,GIS元大97購04   ,0,0,0,0,0,0,0,0,0,123000,0,0,0,243000,120000,123000,123000
055244,國巨統一98購01  ,0,0,0,0,0,0,0,0,0,123000,0,0,0,127000,4000,123000,123000
060934,台汽電永豐9A購02,0,0,0,0,0,0,0,0,0,123000,0,0,0,123000,0,123000,123000
059791,超眾元大99購06  ,0,0,0,0,0,0,0,0,0,123000,0,0,0,178000,55000,123000,123000
062282,禾伸堂群益9B購01,0,0,0,0,0,0,0,0,0,123000,0,0,0,173000,50000,123000,123000
063306,聯茂凱基9C購01  ,0,0,0,0,0,0,0,0,0,123000,0,0,0,200000,77000,123000,123000
065759,TPK元大9C購05   ,0,0,0,0,0,0,0,0,0,122000,0,0,0,161000,39000,122000,122000
056209,超眾永豐97購02  ,0,0,0,0,0,0,0,0,0,122000,0,0,0,122000,0,122000,122000
057875,京鼎元大98購03  ,0,0,0,0,0,0,0,0,0,122000,0,0,0,259000,137000,122000,122000
060890,大立光統一01購01,0,0,0,0,0,0,0,0,0,122000,0,0,0,136000,14000,122000,122000
061159,同欣電群益9A購01,0,0,0,0,0,0,0,0,0,122000,0,0,0,124000,2000,122000,122000
058584,百和群益9A購01  ,0,0,0,0,0,0,0,0,0,122000,0,0,0,296000,174000,122000,122000
063057,祥碩統一03購01  ,0,0,0,0,0,0,0,0,0,122000,0,0,0,1016000,894000,122000,122000
062344,力山群益9B購02  ,0,0,0,0,0,0,0,0,0,122000,0,0,0,144000,22000,122000,122000
062808,祥碩統一9C購01  ,0,0,0,0,0,0,0,0,0,122000,0,0,0,132000,10000,122000,122000
058315,TPK富邦9C購01   ,0,0,0,0,0,0,0,0,0,121000,0,0,0,133000,12000,121000,121000
058082,美律群益98購05  ,0,0,0,0,0,0,0,0,0,121000,0,0,0,122000,1000,121000,121000
059198,華新科永豐99購06,0,0,0,0,0,0,0,0,0,121000,0,0,0,131000,10000,121000,121000
058986,華新科凱基9A購03,0,0,0,0,0,0,0,0,0,121000,0,0,0,121000,0,121000,121000
060189,宏達電元富9B購03,0,0,0,0,0,0,0,0,0,121000,0,0,0,141000,20000,121000,121000
062802,宏達電統一9B購01,0,0,0,0,0,0,0,0,0,121000,0,0,0,320000,199000,121000,121000
064574,達方群益01購01  ,0,0,0,0,0,0,0,0,0,121000,0,0,0,171000,50000,121000,121000
064187,亞光永豐9C購01  ,0,0,0,0,0,0,0,0,0,121000,0,0,0,233000,112000,121000,121000
064205,台灣50凱基01購14,0,0,0,0,0,0,0,0,0,121000,0,0,0,297000,176000,121000,121000
063937,上銀元大9C購02  ,0,0,0,0,0,0,0,0,0,121000,0,0,0,164000,43000,121000,121000
065304,台勝科元富03購01,0,0,0,0,0,0,0,0,0,120000,0,0,0,120000,0,120000,120000
065321,瑞昱凱基9C購01  ,0,0,0,0,0,0,0,0,0,120000,0,0,0,166000,46000,120000,120000
07979P,大立光凱基9B售05,0,0,0,0,0,0,0,0,0,120000,0,0,0,120000,0,120000,120000
056981,全新群益99購03  ,0,0,0,0,0,0,0,0,0,120000,0,0,0,120000,0,120000,120000
055973,亞德客統一97購01,1050000,0,1050000,0,0,0,0,0,0,-930000,0,0,0,165000,1095000,-930000,120000
00851,台新全球AI      ,0,0,0,0,0,0,0,0,0,120000,0,0,0,264000,144000,120000,120000
053364,友達國泰98購01  ,0,0,0,0,0,0,0,0,0,120000,0,0,0,120000,0,120000,120000
061953,台積電台新9B購04,0,0,0,0,0,0,0,0,0,120000,0,0,0,120000,0,120000,120000
061833,華新科凱基02購01,0,0,0,0,0,0,0,0,0,120000,0,0,0,130000,10000,120000,120000
059778,上証2X元大9C購03,0,0,0,0,0,0,0,0,0,120000,0,0,0,120000,0,120000,120000
059646,聯茂凱基99購06  ,0,0,0,0,0,0,0,0,0,120000,0,0,0,122000,2000,120000,120000
058071,大立光凱基98購19,0,0,0,0,0,0,0,0,0,120000,0,0,0,120000,0,120000,120000
060823,旺宏元大9A購05  ,0,0,0,0,0,0,0,0,0,120000,0,0,0,120000,0,120000,120000
060818,上銀統一9C購01  ,0,0,0,0,0,0,0,0,0,120000,0,0,0,120000,0,120000,120000
064164,祥碩統一01購05  ,0,0,0,0,0,0,0,0,0,120000,0,0,0,140000,20000,120000,120000
063860,旺宏國泰02購01  ,0,0,0,0,0,0,0,0,0,120000,0,0,0,131000,11000,120000,120000
063188,TPK凱基9B購01   ,0,0,0,0,0,0,0,0,0,120000,0,0,0,148000,28000,120000,120000
063236,旺宏元大9B購07  ,0,0,0,0,0,0,0,0,0,120000,0,0,0,168000,48000,120000,120000
063245,富邦金元大9B購03,0,0,0,0,0,0,0,0,0,120000,0,0,0,123000,3000,120000,120000
06936P,瑞儀元大98售01  ,0,0,0,0,0,0,0,0,0,119000,0,0,0,435000,316000,119000,119000
06782P,大立光元大99售07,0,0,0,0,0,0,0,0,0,119000,0,0,0,119000,0,119000,119000
065343,智邦統一01購03  ,0,0,0,0,0,0,0,0,0,119000,0,0,0,277000,158000,119000,119000
065139,華通凱基03購01  ,0,0,0,0,0,0,0,0,0,119000,0,0,0,156000,37000,119000,119000
065087,可成元大9C購08  ,0,0,0,0,0,0,0,0,0,119000,0,0,0,136000,17000,119000,119000
064826,南亞科統一01購03,0,0,0,0,0,0,0,0,0,119000,0,0,0,119000,0,119000,119000
065712,緯穎群益9C購03  ,0,0,0,0,0,0,0,0,0,119000,0,0,0,146000,27000,119000,119000
00690,兆豐藍籌30      ,0,0,0,0,0,0,0,0,0,119000,0,0,0,320000,201000,119000,119000
045444,群創元富98購02  ,0,0,0,0,0,0,0,0,0,119000,0,0,0,119000,0,119000,119000
056840,友達元富98購02  ,0,0,0,0,0,0,0,0,0,119000,0,0,0,439000,320000,119000,119000
056994,緯穎兆豐98購02  ,0,0,0,0,0,0,0,0,0,119000,0,0,0,229000,110000,119000,119000
057275,友達元大9A購04  ,0,0,0,0,0,0,0,0,0,119000,0,0,0,187000,68000,119000,119000
058504,台積電元大99購07,0,0,0,0,0,0,0,0,0,119000,0,0,0,144000,25000,119000,119000
060411,達新永豐9A購01  ,0,0,0,0,0,0,0,0,0,119000,0,0,0,139000,20000,119000,119000
056740,大立光凱基98購13,0,0,0,0,0,0,0,0,0,119000,0,0,0,122000,3000,119000,119000
063144,超眾統一9C購02  ,0,0,0,0,0,0,0,0,0,119000,0,0,0,179000,60000,119000,119000
062374,茂林元大9B購03  ,0,0,0,0,0,0,0,0,0,119000,0,0,0,119000,0,119000,119000
063880,可成元富9C購01  ,0,0,0,0,0,0,0,0,0,119000,0,0,0,122000,3000,119000,119000
064007,嘉澤凱基02購01  ,0,0,0,0,0,0,0,0,0,119000,0,0,0,189000,70000,119000,119000
064757,義隆凱基01購02  ,0,0,0,0,0,0,0,0,0,119000,0,0,0,125000,6000,119000,119000
064242,TPK統一02購01   ,0,0,0,0,0,0,0,0,0,119000,0,0,0,156000,37000,119000,119000
08302P,長榮航國泰02售01,0,0,0,0,0,0,0,0,0,119000,0,0,0,139000,20000,119000,119000
065849,景碩元大9C購03  ,0,0,0,0,0,0,0,0,0,118000,0,0,0,267000,149000,118000,118000
065676,臻鼎凱基9C購04  ,0,0,0,0,0,0,0,0,0,118000,0,0,0,163000,45000,118000,118000
064916,玉山金統一02購01,0,0,0,0,0,0,0,0,0,118000,0,0,0,145000,27000,118000,118000
066061,超眾元大01購04  ,0,0,0,0,0,0,0,0,0,118000,0,0,0,128000,10000,118000,118000
057002,友達國票98購01  ,0,0,0,0,0,0,0,0,0,118000,0,0,0,118000,0,118000,118000
00668,國泰美國道瓊    ,0,0,0,0,0,0,0,0,0,118000,0,0,0,175000,57000,118000,118000
058522,聯茂元大99購07  ,0,0,0,0,0,0,0,0,0,118000,0,0,0,332000,214000,118000,118000
062396,華通永豐9B購01  ,0,0,0,0,0,0,0,0,0,118000,0,0,0,118000,0,118000,118000
062423,聯發科統一9C購07,0,0,0,0,0,0,0,0,0,118000,0,0,0,148000,30000,118000,118000
064833,新光金統一02購01,0,0,0,0,0,0,0,0,0,117000,0,0,0,117000,0,117000,117000
057716,神達統一98購01  ,0,0,0,0,0,0,0,0,0,117000,0,0,0,165000,48000,117000,117000
061481,嘉澤元大9A購03  ,0,0,0,0,0,0,0,0,0,117000,0,0,0,198000,81000,117000,117000
059023,可成統一9B購02  ,0,0,0,0,0,0,0,0,0,117000,0,0,0,125000,8000,117000,117000
062287,康友群益9B購02  ,0,0,0,0,0,0,0,0,0,117000,0,0,0,122000,5000,117000,117000
063225,茂林群益9B購04  ,0,0,0,0,0,0,0,0,0,117000,0,0,0,198000,81000,117000,117000
064604,聯茂元富9C購01  ,0,0,0,0,0,0,0,0,0,117000,0,0,0,260000,143000,117000,117000
08295P,長榮航元大9C售01,0,0,0,0,0,0,0,0,0,117000,0,0,0,117000,0,117000,117000
08409P,臺股指元大9C售15,0,0,0,0,0,0,0,0,0,117000,0,0,0,120000,3000,117000,117000
064791,友達國票9C購01  ,0,0,0,0,0,0,0,0,0,116000,0,0,0,222000,106000,116000,116000
056346,聯茂凱基99購02  ,0,0,0,0,0,0,0,0,0,116000,0,0,0,211000,95000,116000,116000
060240,富邦金元大9A購01,0,0,0,0,0,0,0,0,0,116000,0,0,0,119000,3000,116000,116000
060061,旺宏兆豐99購02  ,0,0,0,0,0,0,0,0,0,116000,0,0,0,116000,0,116000,116000
061973,上銀元大9B購01  ,0,0,0,0,0,0,0,0,0,116000,0,0,0,144000,28000,116000,116000
062025,台達電群益9B購01,0,0,0,0,0,0,0,0,0,116000,0,0,0,116000,0,116000,116000
061744,超眾凱基9B購02  ,0,0,0,0,0,0,0,0,0,116000,0,0,0,116000,0,116000,116000
062487,中興電永豐9B購01,0,0,0,0,0,0,0,0,0,116000,0,0,0,216000,100000,116000,116000
062617,京鼎元大9B購01  ,0,0,0,0,0,0,0,0,0,116000,0,0,0,129000,13000,116000,116000
064986,GIS元大9C購07   ,0,0,0,0,0,0,0,0,0,115000,0,0,0,390000,275000,115000,115000
065354,金像電元富03購01,0,0,0,0,0,0,0,0,0,115000,0,0,0,151000,36000,115000,115000
065548,台達電凱基01購02,0,0,0,0,0,0,0,0,0,115000,0,0,0,145000,30000,115000,115000
06645P,上銀元大98售05  ,0,0,0,0,0,0,0,0,0,115000,0,0,0,115000,0,115000,115000
059267,群創中信01購02  ,0,0,0,0,0,0,0,0,0,115000,0,0,0,115000,0,115000,115000
057556,智易凱基99購01  ,0,0,0,0,0,0,0,0,0,115000,0,0,0,217000,102000,115000,115000
054751,GIS凱基98購01   ,0,0,0,0,0,0,0,0,0,115000,0,0,0,148000,33000,115000,115000
053063,力山群益98購01  ,0,0,0,0,0,0,0,0,0,115000,0,0,0,215000,100000,115000,115000
062165,聯茂國泰01購01  ,0,0,0,0,0,0,0,0,0,115000,0,0,0,138000,23000,115000,115000
062703,可成元大9C購02  ,0,0,0,0,0,0,0,0,0,115000,0,0,0,145000,30000,115000,115000
062876,全新兆豐9B購01  ,0,0,0,0,0,0,0,0,0,115000,0,0,0,127000,12000,115000,115000
08492P,大立光元大9C售22,0,0,0,0,0,0,0,0,0,115000,0,0,0,210000,95000,115000,115000
07667P,亞德客元大9A售05,0,0,0,0,0,0,0,0,0,114000,0,0,0,115000,1000,114000,114000
065477,健鼎元大9C購03  ,0,0,0,0,0,0,0,0,0,114000,0,0,0,359000,245000,114000,114000
054885,建準統一98購01  ,0,0,0,0,0,0,0,0,0,114000,0,0,0,116000,2000,114000,114000
057539,南茂元大98購02  ,0,0,0,0,0,0,0,0,0,114000,0,0,0,142000,28000,114000,114000
057063,立積國泰9A購01  ,0,0,0,0,0,0,0,0,0,114000,0,0,0,144000,30000,114000,114000
060541,正隆凱基9A購01  ,0,0,0,0,0,0,0,0,0,114000,0,0,0,114000,0,114000,114000
058936,國喬中信99購01  ,0,0,0,0,0,0,0,0,0,114000,0,0,0,129000,15000,114000,114000
062509,SP黃豆國票9B購03,0,0,0,0,0,0,0,0,0,114000,0,0,0,121000,7000,114000,114000
063091,聯電中信9B購01  ,0,0,0,0,0,0,0,0,0,114000,0,0,0,291000,177000,114000,114000
063444,金像電統一03購01,0,0,0,0,0,0,0,0,0,114000,0,0,0,169000,55000,114000,114000
064551,鈺齊凱基9C購02  ,0,0,0,0,0,0,0,0,0,114000,0,0,0,277000,163000,114000,114000
064198,超眾群益9C購01  ,0,0,0,0,0,0,0,0,0,114000,0,0,0,183000,69000,114000,114000
063580,立積國泰9C購01  ,0,0,0,0,0,0,0,0,0,114000,0,0,0,114000,0,114000,114000
065011,智邦國泰02購01  ,0,0,0,0,0,0,0,0,0,113000,0,0,0,209000,96000,113000,113000
08159P,日月光元富9B售01,0,0,0,0,0,0,0,0,0,113000,0,0,0,227000,114000,113000,113000
056365,欣興元大98購01  ,0,0,0,0,0,0,0,0,0,113000,0,0,0,121000,8000,113000,113000
057307,瀚宇博兆豐99購01,0,0,0,0,0,0,0,0,0,113000,0,0,0,198000,85000,113000,113000
054418,茂林元大97購01  ,0,0,0,0,0,0,0,0,0,113000,0,0,0,113000,0,113000,113000
057649,嘉聯益元大99購04,0,0,0,0,0,0,0,0,0,113000,0,0,0,182000,69000,113000,113000
064137,台泥統一02購01  ,0,0,0,0,0,0,0,0,0,113000,0,0,0,502000,389000,113000,113000
063344,臺企銀統一9C購01,0,0,0,0,0,0,0,0,0,113000,0,0,0,118000,5000,113000,113000
063247,信邦元大9B購02  ,0,0,0,0,0,0,0,0,0,113000,0,0,0,212000,99000,113000,113000
063196,力成元富9B購01  ,0,0,0,0,0,0,0,0,0,113000,0,0,0,113000,0,113000,113000
07130P,台郡元大9B售01  ,0,0,0,0,0,0,0,0,0,112000,0,0,0,112000,0,112000,112000
065721,中壽兆豐9C購01  ,0,0,0,0,0,0,0,0,0,112000,0,0,0,137000,25000,112000,112000
056818,正崴永豐98購01  ,0,0,0,0,0,0,0,0,0,112000,0,0,0,128000,16000,112000,112000
054472,道瓊反中信9A購01,0,0,0,0,0,0,0,0,0,112000,0,0,0,577000,465000,112000,112000
061472,台積電元大9A購32,0,0,0,0,0,0,0,0,0,112000,0,0,0,139000,27000,112000,112000
061241,晶技兆豐9A購01  ,0,0,0,0,0,0,0,0,0,112000,0,0,0,268000,156000,112000,112000
060570,南亞科永豐9A購01,0,0,0,0,0,0,0,0,0,112000,0,0,0,131000,19000,112000,112000
063218,台塑群益9B購01  ,0,0,0,0,0,0,0,0,0,112000,0,0,0,123000,11000,112000,112000
062183,奇鋐元大9B購01  ,0,0,0,0,0,0,0,0,0,112000,0,0,0,120000,8000,112000,112000
064064,義隆富邦03購01  ,0,0,0,0,0,0,0,0,0,112000,0,0,0,146000,34000,112000,112000
064034,台表科元大9C購07,0,0,0,0,0,0,0,0,0,112000,0,0,0,124000,12000,112000,112000
064812,旭富元大9C購04  ,0,0,0,0,0,0,0,0,0,111000,0,0,0,157000,46000,111000,111000
07060P,台表科國票9A售01,0,0,0,0,0,0,0,0,0,111000,0,0,0,131000,20000,111000,111000
057111,立積群益98購02  ,0,0,0,0,0,0,0,0,0,111000,0,0,0,111000,0,111000,111000
059851,晶相光永豐99購02,0,0,0,0,0,0,0,0,0,111000,0,0,0,118000,7000,111000,111000
063578,瑞祺元大9B購03  ,0,0,0,0,0,0,0,0,0,111000,0,0,0,141000,30000,111000,111000
064273,華邦電元大9C購02,0,0,0,0,0,0,0,0,0,111000,0,0,0,179000,68000,111000,111000
063126,TPK元大9B購01   ,0,0,0,0,0,0,0,0,0,111000,0,0,0,125000,14000,111000,111000
062994,祥碩群益9B購05  ,0,0,0,0,0,0,0,0,0,111000,0,0,0,131000,20000,111000,111000
063434,和潤元富9B購01  ,0,0,0,0,0,0,0,0,0,111000,0,0,0,152000,41000,111000,111000
063487,國巨國泰01購02  ,0,0,0,0,0,0,0,0,0,111000,0,0,0,122000,11000,111000,111000
06900P,FBVIX國票12售01 ,0,0,0,0,0,0,0,0,0,110000,0,0,0,110000,0,110000,110000
060302,台積電富邦02購01,0,0,0,0,0,0,0,0,0,110000,0,0,0,145000,35000,110000,110000
057405,麗豐群益98購01  ,0,0,0,0,0,0,0,0,0,110000,0,0,0,110000,0,110000,110000
057777,可成群益9A購03  ,0,0,0,0,0,0,0,0,0,110000,0,0,0,110000,0,110000,110000
020000,富邦特選蘋果N   ,0,0,0,0,0,0,0,0,0,110000,0,0,0,114000,4000,110000,110000
055738,玉山金元富97購01,0,0,0,0,0,0,0,0,0,110000,0,0,0,110000,0,110000,110000
046385,群創凱基98購03  ,0,0,0,0,0,0,0,0,0,110000,0,0,0,111000,1000,110000,110000
046906,新光金凱基99購02,0,0,0,0,0,0,0,0,0,110000,0,0,0,110000,0,110000,110000
058847,國巨群益99購05  ,0,0,0,0,0,0,0,0,0,110000,0,0,0,129000,19000,110000,110000
061996,矽格元大9B購01  ,0,0,0,0,0,0,0,0,0,110000,0,0,0,164000,54000,110000,110000
061582,麗豐元大9A購01  ,0,0,0,0,0,0,0,0,0,110000,0,0,0,155000,45000,110000,110000
061420,國巨元大9A購22  ,0,0,0,0,0,0,0,0,0,110000,0,0,0,112000,2000,110000,110000
061457,TPK凱基9A購01   ,0,0,0,0,0,0,0,0,0,110000,0,0,0,111000,1000,110000,110000
063328,京元電國票9C購02,0,0,0,0,0,0,0,0,0,110000,0,0,0,110000,0,110000,110000
063048,聯詠兆豐9B購01  ,0,0,0,0,0,0,0,0,0,110000,0,0,0,110000,0,110000,110000
062636,聯鈞國票9B購01  ,0,0,0,0,0,0,0,0,0,110000,0,0,0,123000,13000,110000,110000
064380,超眾元富9C購03  ,0,0,0,0,0,0,0,0,0,110000,0,0,0,167000,57000,110000,110000
063884,台表科元富03購01,0,0,0,0,0,0,0,0,0,110000,0,0,0,110000,0,110000,110000
063840,鴻海元大01購01  ,0,0,0,0,0,0,0,0,0,110000,0,0,0,115000,5000,110000,110000
08535P,和大國票01售02  ,0,0,0,0,0,0,0,0,0,110000,0,0,0,110000,0,110000,110000
064975,南亞科元大9C購07,0,0,0,0,0,0,0,0,0,109000,0,0,0,167000,58000,109000,109000
065308,葡萄王國票01購01,0,0,0,0,0,0,0,0,0,109000,0,0,0,109000,0,109000,109000
065178,和碩元大9C購01  ,0,0,0,0,0,0,0,0,0,109000,0,0,0,110000,1000,109000,109000
065715,勤誠群益9C購01  ,0,0,0,0,0,0,0,0,0,109000,0,0,0,109000,0,109000,109000
056937,智原元富98購01  ,0,0,0,0,0,0,0,0,0,109000,0,0,0,122000,13000,109000,109000
058438,大立光統一9B購01,0,0,0,0,0,0,0,0,0,109000,0,0,0,109000,0,109000,109000
060790,日月光富邦9A購01,0,0,0,0,0,0,0,0,0,109000,0,0,0,534000,425000,109000,109000
058728,SP黃豆永豐99購01,0,0,0,0,0,0,0,0,0,109000,0,0,0,109000,0,109000,109000
063833,致新國票01購01  ,0,0,0,0,0,0,0,0,0,109000,0,0,0,250000,141000,109000,109000
064241,貿聯統一02購02  ,0,0,0,0,0,0,0,0,0,109000,0,0,0,182000,73000,109000,109000
062184,奇鋐元大9B購02  ,0,0,0,0,0,0,0,0,0,109000,0,0,0,164000,55000,109000,109000
063132,台表科元大9C購02,0,0,0,0,0,0,0,0,0,109000,0,0,0,124000,15000,109000,109000
065401,立積群益9C購01  ,0,0,0,0,0,0,0,0,0,108000,0,0,0,108000,0,108000,108000
057051,群創元大9B購03  ,0,0,0,0,0,0,0,0,0,108000,0,0,0,224000,116000,108000,108000
057510,泰碩統一98購02  ,0,0,0,0,0,0,0,0,0,108000,0,0,0,485000,377000,108000,108000
00730,富邦臺灣優質高息,9000,3000,6000,0,0,0,0,0,0,102000,0,0,0,457000,355000,102000,108000
061535,群創統一9C購01  ,0,0,0,0,0,0,0,0,0,108000,0,0,0,108000,0,108000,108000
063107,矽創群益9B購01  ,0,0,0,0,0,0,0,0,0,108000,0,0,0,108000,0,108000,108000
063231,台泥元大9B購01  ,0,0,0,0,0,0,0,0,0,108000,0,0,0,303000,195000,108000,108000
063341,燿華統一9C購01  ,0,0,0,0,0,0,0,0,0,108000,0,0,0,108000,0,108000,108000
062265,南茂元大9B購01  ,0,0,0,0,0,0,0,0,0,108000,0,0,0,156000,48000,108000,108000
064784,祥碩群益9C購01  ,0,0,0,0,0,0,0,0,0,107000,0,0,0,116000,9000,107000,107000
057391,樺漢永豐98購01  ,0,0,0,0,0,0,0,0,0,107000,0,0,0,362000,255000,107000,107000
060033,臻鼎永豐99購01  ,0,0,0,0,0,0,0,0,0,107000,0,0,0,107000,0,107000,107000
059756,奇力新富邦9C購01,0,0,0,0,0,0,0,0,0,107000,0,0,0,108000,1000,107000,107000
059127,國巨中信99購04  ,0,0,0,0,0,0,0,0,0,107000,0,0,0,107000,0,107000,107000
060763,聯鈞元大9A購03  ,0,0,0,0,0,0,0,0,0,107000,0,0,0,135000,28000,107000,107000
061509,SP黃豆富邦9C購01,0,0,0,0,0,0,0,0,0,107000,0,0,0,120000,13000,107000,107000
061229,緯穎中信9B購01  ,0,0,0,0,0,0,0,0,0,107000,0,0,0,137000,30000,107000,107000
063591,麗豐永豐9B購02  ,0,0,0,0,0,0,0,0,0,107000,0,0,0,142000,35000,107000,107000
063641,泰鼎元大9B購04  ,0,0,0,0,0,0,0,0,0,107000,0,0,0,336000,229000,107000,107000
3026,禾伸堂          ,753000,656000,97000,0,0,0,0,0,0,10000,3000,0,3000,73000,66000,7000,107000
4746,台耀            ,522000,419000,103000,0,0,0,0,0,0,4000,7000,3000,4000,0,0,0,107000
065047,群創凱基9C購01  ,0,0,0,0,0,0,0,0,0,106000,0,0,0,218000,112000,106000,106000
07202P,台灣50凱基9C售04,0,0,0,0,0,0,0,0,0,106000,0,0,0,106000,0,106000,106000
066186,台郡凱基02購01  ,0,0,0,0,0,0,0,0,0,106000,0,0,0,123000,17000,106000,106000
057498,台郡元大98購04  ,0,0,0,0,0,0,0,0,0,106000,0,0,0,173000,67000,106000,106000
057367,技嘉元大98購02  ,0,0,0,0,0,0,0,0,0,106000,0,0,0,150000,44000,106000,106000
054826,復盛元大9A購01  ,0,0,0,0,0,0,0,0,0,106000,0,0,0,126000,20000,106000,106000
061979,友達元大9C購08  ,0,0,0,0,0,0,0,0,0,106000,0,0,0,138000,32000,106000,106000
064054,中租統一02購01  ,0,0,0,0,0,0,0,0,0,106000,0,0,0,213000,107000,106000,106000
064337,大毅元大01購02  ,0,0,0,0,0,0,0,0,0,106000,0,0,0,146000,40000,106000,106000
062594,祥碩統一01購02  ,0,0,0,0,0,0,0,0,0,106000,0,0,0,114000,8000,106000,106000
063386,國巨兆豐9B購04  ,0,0,0,0,0,0,0,0,0,106000,0,0,0,186000,80000,106000,106000
063013,技嘉元大9B購02  ,0,0,0,0,0,0,0,0,0,106000,0,0,0,207000,101000,106000,106000
3705,永信            ,289000,213000,76000,0,0,0,0,0,0,30000,0,1000,-1000,31000,0,31000,106000
08207P,金像電群益9B售05,0,0,0,0,0,0,0,0,0,105000,0,0,0,140000,35000,105000,105000
065005,台光電國票01購02,0,0,0,0,0,0,0,0,0,105000,0,0,0,120000,15000,105000,105000
064848,金像電元富9C購02,0,0,0,0,0,0,0,0,0,105000,0,0,0,190000,85000,105000,105000
064876,旺宏兆豐9C購01  ,0,0,0,0,0,0,0,0,0,105000,0,0,0,185000,80000,105000,105000
065555,旭富凱基01購02  ,0,0,0,0,0,0,0,0,0,105000,0,0,0,150000,45000,105000,105000
057206,立積元富98購01  ,0,0,0,0,0,0,0,0,0,105000,0,0,0,105000,0,105000,105000
057721,華擎元富98購02  ,0,0,0,0,0,0,0,0,0,105000,0,0,0,123000,18000,105000,105000
057747,致新永豐98購01  ,0,0,0,0,0,0,0,0,0,105000,0,0,0,222000,117000,105000,105000
061271,聯茂凱基9A購04  ,0,0,0,0,0,0,0,0,0,105000,0,0,0,105000,0,105000,105000
060757,台積電元大9A購18,0,0,0,0,0,0,0,0,0,105000,0,0,0,105000,0,105000,105000
064424,華新科兆豐01購01,0,0,0,0,0,0,0,0,0,105000,0,0,0,105000,0,105000,105000
064437,可成凱基02購01  ,0,0,0,0,0,0,0,0,0,105000,0,0,0,111000,6000,105000,105000
064173,國產元富9C購01  ,0,0,0,0,0,0,0,0,0,105000,0,0,0,211000,106000,105000,105000
063648,台表科元大9C購05,0,0,0,0,0,0,0,0,0,105000,0,0,0,121000,16000,105000,105000
065793,旭富永豐9C購02  ,0,0,0,0,0,0,0,0,0,104000,0,0,0,114000,10000,104000,104000
065262,義隆元大9C購06  ,0,25000,-25000,0,0,0,0,0,0,129000,0,0,0,146000,17000,129000,104000
07766P,美律群益9A售03  ,0,0,0,0,0,0,0,0,0,104000,0,0,0,104000,0,104000,104000
057727,華邦電國泰9A購01,0,0,0,0,0,0,0,0,0,104000,0,0,0,202000,98000,104000,104000
060777,茂林凱基9C購01  ,0,0,0,0,0,0,0,0,0,104000,0,0,0,226000,122000,104000,104000
061800,泰鼎永豐9B購01  ,0,0,0,0,0,0,0,0,0,104000,0,0,0,240000,136000,104000,104000
059920,宏達電元大99購07,0,0,0,0,0,0,0,0,0,104000,0,0,0,269000,165000,104000,104000
064414,臺股指凱基9C購10,0,0,0,0,0,0,0,0,0,104000,0,0,0,128000,24000,104000,104000
064261,力山永豐9C購01  ,0,0,0,0,0,0,0,0,0,104000,0,0,0,104000,0,104000,104000
064770,開發金中信01購01,0,0,0,0,0,0,0,0,0,104000,0,0,0,152000,48000,104000,104000
063428,矽創凱基9B購02  ,0,0,0,0,0,0,0,0,0,104000,0,0,0,111000,7000,104000,104000
065158,和碩群益9C購01  ,0,0,0,0,0,0,0,0,0,103000,0,0,0,120000,17000,103000,103000
065495,上銀富邦01購02  ,0,0,0,0,0,0,0,0,0,103000,0,0,0,518000,415000,103000,103000
065610,牧德元大02購01  ,0,0,0,0,0,0,0,0,0,103000,0,0,0,350000,247000,103000,103000
065606,可成元大01購05  ,6000,10000,-4000,0,0,0,0,0,0,107000,0,0,0,371000,264000,107000,103000
053057,聯電國泰97購02  ,0,0,0,0,0,0,0,0,0,103000,0,0,0,103000,0,103000,103000
056954,聯詠富邦9A購01  ,0,0,0,0,0,0,0,0,0,103000,0,0,0,389000,286000,103000,103000
056573,華新科元大99購06,0,0,0,0,0,0,0,0,0,103000,0,0,0,241000,138000,103000,103000
060714,晶技永豐9A購02  ,0,0,0,0,0,0,0,0,0,103000,0,0,0,118000,15000,103000,103000
063401,中租群益9B購03  ,0,0,0,0,0,0,0,0,0,103000,0,0,0,245000,142000,103000,103000
064420,台積電兆豐9C購03,0,0,0,0,0,0,0,0,0,103000,0,0,0,194000,91000,103000,103000
065043,新光金凱基02購01,0,0,0,0,0,0,0,0,0,102000,0,0,0,102000,0,102000,102000
060427,聯茂永豐9A購01  ,0,0,0,0,0,0,0,0,0,102000,0,0,0,127000,25000,102000,102000
057440,台積電統一98購10,0,0,0,0,0,0,0,0,0,102000,0,0,0,102000,0,102000,102000
062128,祥碩統一01購01  ,0,0,0,0,0,0,0,0,0,102000,0,0,0,102000,0,102000,102000
064397,旭富永豐9C購01  ,0,0,0,0,0,0,0,0,0,102000,0,0,0,102000,0,102000,102000
064290,GIS元大9C購04   ,0,0,0,0,0,0,0,0,0,102000,0,0,0,112000,10000,102000,102000
063289,台表科元大9B購07,0,0,0,0,0,0,0,0,0,102000,0,0,0,113000,11000,102000,102000
064957,台表科凱基02購02,0,0,0,0,0,0,0,0,0,101000,0,0,0,121000,20000,101000,101000
065366,英業達元大9C購02,0,0,0,0,0,0,0,0,0,101000,0,0,0,171000,70000,101000,101000
065979,立積元大03購01  ,0,0,0,0,0,0,0,0,0,101000,0,0,0,591000,490000,101000,101000
07754P,日月光元大9A售02,0,0,0,0,0,0,0,0,0,101000,0,0,0,101000,0,101000,101000
07614P,華新科群益9A售04,0,0,0,0,0,0,0,0,0,101000,0,0,0,101000,0,101000,101000
057062,立積國泰99購01  ,0,0,0,0,0,0,0,0,0,101000,0,0,0,101000,0,101000,101000
056428,台達電凱基99購01,0,0,0,0,0,0,0,0,0,101000,0,0,0,101000,0,101000,101000
059246,奇力新凱基9A購02,0,0,0,0,0,0,0,0,0,101000,0,0,0,101000,0,101000,101000
046942,友達元大99購01  ,0,0,0,0,0,0,0,0,0,101000,0,0,0,125000,24000,101000,101000
053917,友達國票97購03  ,0,0,0,0,0,0,0,0,0,101000,0,0,0,101000,0,101000,101000
058622,國巨國票99購07  ,0,0,0,0,0,0,0,0,0,101000,0,0,0,133000,32000,101000,101000
064291,南六元大9C購04  ,0,0,0,0,0,0,0,0,0,101000,0,0,0,166000,65000,101000,101000
064348,TPK元大9C購03   ,0,0,0,0,0,0,0,0,0,101000,0,0,0,107000,6000,101000,101000
063909,旺宏凱基02購01  ,0,0,0,0,0,0,0,0,0,101000,0,0,0,132000,31000,101000,101000
07687P,上銀元大9A售06  ,0,0,0,0,0,0,0,0,0,100000,0,0,0,100000,0,100000,100000
07265P,大立光元大99售16,0,0,0,0,0,0,0,0,0,100000,0,0,0,100000,0,100000,100000
07918P,玉晶光永豐9B售04,0,0,0,0,0,0,0,0,0,100000,0,0,0,100000,0,100000,100000
08098P,大立光凱基9B售09,0,0,0,0,0,0,0,0,0,100000,0,0,0,100000,0,100000,100000
06624P,訊芯元大98售06  ,0,0,0,0,0,0,0,0,0,100000,0,0,0,100000,0,100000,100000
06848P,聯詠元大98售04  ,0,0,0,0,0,0,0,0,0,100000,0,0,0,100000,0,100000,100000
06681P,致茂元大98售02  ,0,0,0,0,0,0,0,0,0,100000,0,0,0,100000,0,100000,100000
065963,鴻海元大01購05  ,0,0,0,0,0,0,0,0,0,100000,0,0,0,100000,0,100000,100000
065878,麗豐群益02購01  ,0,0,0,0,0,0,0,0,0,100000,0,0,0,100000,0,100000,100000
065201,世芯元富9C購02  ,0,0,0,0,0,0,0,0,0,100000,0,0,0,100000,0,100000,100000
055983,全新元富9A購02  ,0,0,0,0,0,0,0,0,0,100000,0,0,0,100000,0,100000,100000
055911,可成凱基98購02  ,0,0,0,0,0,0,0,0,0,100000,0,0,0,100000,0,100000,100000
055916,奇鋐凱基99購01  ,0,0,0,0,0,0,0,0,0,100000,0,0,0,100000,0,100000,100000
057762,全新凱基99購03  ,0,0,0,0,0,0,0,0,0,100000,0,0,0,100000,0,100000,100000
057737,國巨富邦99購02  ,0,0,0,0,0,0,0,0,0,100000,0,0,0,140000,40000,100000,100000
057767,緯穎凱基98購06  ,0,0,0,0,0,0,0,0,0,100000,0,0,0,100000,0,100000,100000
057629,泰碩永豐98購02  ,0,0,0,0,0,0,0,0,0,100000,0,0,0,361000,261000,100000,100000
057636,上銀元大98購06  ,0,0,0,0,0,0,0,0,0,100000,0,0,0,100000,0,100000,100000
055334,禾伸堂兆豐97購01,0,0,0,0,0,0,0,0,0,100000,0,0,0,100000,0,100000,100000
055510,GIS元大97購03   ,0,0,0,0,0,0,0,0,0,100000,0,0,0,100000,0,100000,100000
055449,超眾統一9A購01  ,0,0,0,0,0,0,0,0,0,100000,0,0,0,100000,0,100000,100000
051431,群創元富99購02  ,0,0,0,0,0,0,0,0,0,100000,0,0,0,135000,35000,100000,100000
055710,亞德客元大97購03,0,0,0,0,0,0,0,0,0,100000,0,0,0,100000,0,100000,100000
055703,緯穎富邦98購01  ,0,0,0,0,0,0,0,0,0,100000,0,0,0,100000,0,100000,100000
055812,台積電國票99購02,0,0,0,0,0,0,0,0,0,100000,0,0,0,100000,0,100000,100000
053484,國巨國票97購03  ,0,0,0,0,0,0,0,0,0,100000,0,0,0,100000,0,100000,100000
053627,宏碁兆豐97購01  ,0,0,0,0,0,0,0,0,0,100000,0,0,0,100000,0,100000,100000
053036,聯電凱基98購01  ,0,0,0,0,0,0,0,0,0,100000,0,0,0,140000,40000,100000,100000
020007,凱基臺灣500N    ,0,0,0,0,0,0,0,0,0,100000,0,0,0,100000,0,100000,100000
056351,鴻海元大98購06  ,0,0,0,0,0,0,0,0,0,100000,0,0,0,100000,0,100000,100000
056053,和大元大97購05  ,0,0,0,0,0,0,0,0,0,100000,0,0,0,100000,0,100000,100000
056067,智原元大97購01  ,0,0,0,0,0,0,0,0,0,100000,0,0,0,100000,0,100000,100000
057464,大立光永豐98購02,0,0,0,0,0,0,0,0,0,100000,0,0,0,100000,0,100000,100000
057292,國巨國泰9B購01  ,0,0,0,0,0,0,0,0,0,100000,0,0,0,100000,0,100000,100000
057963,緯穎元大98購08  ,0,0,0,0,0,0,0,0,0,100000,0,0,0,122000,22000,100000,100000
061316,台積電凱基9A購24,0,0,0,0,0,0,0,0,0,100000,0,0,0,101000,1000,100000,100000
058028,國巨富邦99購04  ,0,0,0,0,0,0,0,0,0,100000,0,0,0,100000,0,100000,100000
058170,國巨凱基9A購06  ,0,0,0,0,0,0,0,0,0,100000,0,0,0,100000,0,100000,100000
058185,國巨永豐99購01  ,0,0,0,0,0,0,0,0,0,100000,0,0,0,100000,0,100000,100000
058689,元油2X國票99購03,0,0,0,0,0,0,0,0,0,100000,0,0,0,100000,0,100000,100000
061918,上銀凱基9B購02  ,0,0,0,0,0,0,0,0,0,100000,0,0,0,170000,70000,100000,100000
061712,旺宏凱基9A購08  ,0,0,0,0,0,0,0,0,0,100000,0,0,0,100000,0,100000,100000
059922,大立光元大99購25,0,0,0,0,0,0,0,0,0,100000,0,0,0,105000,5000,100000,100000
059853,超眾永豐99購03  ,0,0,0,0,0,0,0,0,0,100000,0,0,0,100000,0,100000,100000
060084,聯電元大99購02  ,0,0,0,0,0,0,0,0,0,100000,0,0,0,100000,0,100000,100000
058984,全新凱基9A購03  ,0,0,0,0,0,0,0,0,0,100000,0,0,0,100000,0,100000,100000
063596,嘉澤中信9B購01  ,0,0,0,0,0,0,0,0,0,100000,0,0,0,100000,0,100000,100000
064665,南亞科元大9C購06,0,0,0,0,0,0,0,0,0,100000,0,0,0,125000,25000,100000,100000
062596,緯穎統一01購02  ,0,0,0,0,0,0,0,0,0,100000,0,0,0,100000,0,100000,100000
062288,南六群益9B購01  ,0,0,0,0,0,0,0,0,0,100000,0,0,0,100000,0,100000,100000
062474,台表科凱基9C購01,0,0,0,0,0,0,0,0,0,100000,0,0,0,100000,0,100000,100000
062394,大立光富邦02購01,0,0,0,0,0,0,0,0,0,100000,0,0,0,100000,0,100000,100000
3703,欣陸            ,117000,161000,-44000,0,0,0,0,0,0,144000,145000,1000,144000,0,0,0,100000
2608,嘉里大榮        ,113000,15000,98000,0,0,0,0,0,0,2000,2000,0,2000,0,0,0,100000
08346P,大立光元大9C售15,0,0,0,0,0,0,0,0,0,100000,0,0,0,100000,0,100000,100000
065161,矽格群益9C購01  ,0,0,0,0,0,0,0,0,0,99000,0,0,0,146000,47000,99000,99000
065970,燿華元大02購01  ,0,0,0,0,0,0,0,0,0,99000,0,0,0,100000,1000,99000,99000
057847,聯茂永豐98購01  ,0,0,0,0,0,0,0,0,0,99000,0,0,0,99000,0,99000,99000
052856,滬深2X凱基98購01,0,0,0,0,0,0,0,0,0,99000,0,0,0,99000,0,99000,99000
061677,泰碩元大9A購05  ,0,0,0,0,0,0,0,0,0,99000,0,0,0,603000,504000,99000,99000
061678,玉晶光元大9B購04,0,0,0,0,0,0,0,0,0,99000,0,0,0,99000,0,99000,99000
062883,智易兆豐9C購01  ,0,0,0,0,0,0,0,0,0,99000,0,0,0,432000,333000,99000,99000
064421,技嘉兆豐01購01  ,0,0,0,0,0,0,0,0,0,99000,0,0,0,227000,128000,99000,99000
063705,臻鼎群益9B購03  ,0,0,0,0,0,0,0,0,0,99000,0,0,0,189000,90000,99000,99000
063808,台表科兆豐9C購01,0,0,0,0,0,0,0,0,0,99000,0,0,0,143000,44000,99000,99000
064118,喬山元大01購01  ,0,0,0,0,0,0,0,0,0,99000,0,0,0,99000,0,99000,99000
08549P,大立光元大9C售25,0,0,0,0,0,0,0,0,0,99000,0,0,0,133000,34000,99000,99000
065320,技嘉凱基9C購02  ,0,0,0,0,0,0,0,0,0,98000,0,0,0,108000,10000,98000,98000
065300,燿華元富9C購03  ,0,0,0,0,0,0,0,0,0,98000,0,0,0,114000,16000,98000,98000
065055,臺股指凱基02購04,0,0,0,0,0,0,0,0,0,98000,0,0,0,531000,433000,98000,98000
055725,嘉聯益元大98購03,0,0,0,0,0,0,0,0,0,98000,0,0,0,101000,3000,98000,98000
055433,嘉聯益群益99購01,0,0,0,0,0,0,0,0,0,98000,0,0,0,98000,0,98000,98000
057934,華新科群益98購07,0,0,0,0,0,0,0,0,0,98000,0,0,0,98000,0,98000,98000
061791,康友群益9B購01  ,0,0,0,0,0,0,0,0,0,98000,0,0,0,98000,0,98000,98000
060884,超眾中信9B購01  ,0,0,0,0,0,0,0,0,0,98000,0,0,0,250000,152000,98000,98000
062274,台積電群益9B購04,0,0,0,0,0,0,0,0,0,98000,0,0,0,100000,2000,98000,98000
063377,泰鼎永豐9B購03  ,0,0,0,0,0,0,0,0,0,98000,0,0,0,301000,203000,98000,98000
063244,華新科元大9B購11,0,0,0,0,0,0,0,0,0,98000,0,0,0,301000,203000,98000,98000
064846,旺宏元富03購01  ,0,0,0,0,0,0,0,0,0,97000,0,0,0,126000,29000,97000,97000
065675,茂林凱基03購01  ,0,0,0,0,0,0,0,0,0,97000,0,0,0,127000,30000,97000,97000
065700,京元電群益9C購01,0,0,0,0,0,0,0,0,0,97000,0,0,0,162000,65000,97000,97000
066042,正崴元大02購01  ,0,0,0,0,0,0,0,0,0,97000,0,0,0,342000,245000,97000,97000
07416P,台積電元大99售53,0,0,0,0,0,0,0,0,0,97000,0,0,0,120000,23000,97000,97000
057980,聯詠永豐98購01  ,0,0,0,0,0,0,0,0,0,97000,0,0,0,125000,28000,97000,97000
057595,健鼎兆豐98購01  ,0,0,0,0,0,0,0,0,0,97000,0,0,0,124000,27000,97000,97000
056922,全新兆豐99購01  ,0,0,0,0,0,0,0,0,0,97000,0,0,0,192000,95000,97000,97000
057690,美律凱基99購03  ,0,0,0,0,0,0,0,0,0,97000,0,0,0,98000,1000,97000,97000
050508,上証2X元大97購01,0,0,0,0,0,0,0,0,0,97000,0,0,0,97000,0,97000,97000
060760,南亞科元大9A購04,0,0,0,0,0,0,0,0,0,97000,0,0,0,144000,47000,97000,97000
060799,茂林永豐9A購01  ,0,0,0,0,0,0,0,0,0,97000,0,0,0,97000,0,97000,97000
058554,瀚宇博永豐99購01,0,0,0,0,0,0,0,0,0,97000,0,0,0,236000,139000,97000,97000
058685,TPK凱基99購01   ,0,0,0,0,0,0,0,0,0,97000,0,0,0,104000,7000,97000,97000
061270,彩晶凱基9A購02  ,0,0,0,0,0,0,0,0,0,97000,0,0,0,117000,20000,97000,97000
061533,友達統一9C購02  ,0,0,0,0,0,0,0,0,0,97000,0,0,0,97000,0,97000,97000
059115,美食永豐99購01  ,0,0,0,0,0,0,0,0,0,97000,0,0,0,107000,10000,97000,97000
062944,茂林凱基9B購02  ,0,0,0,0,0,0,0,0,0,97000,0,0,0,147000,50000,97000,97000
064176,京元電國泰01購01,0,0,0,0,0,0,0,0,0,97000,0,0,0,200000,103000,97000,97000
064532,聯茂兆豐01購01  ,0,0,0,0,0,0,0,0,0,97000,0,0,0,385000,288000,97000,97000
2201,裕隆            ,3538000,4162000,-624000,0,0,0,0,600000,-600000,1321000,100000,5000,95000,1337000,111000,1226000,97000
6541,泰福-KY         ,130000,32000,98000,0,0,0,0,0,0,-1000,0,1000,-1000,0,0,0,97000
065118,國巨富邦01購02  ,0,0,0,0,0,0,0,0,0,96000,0,0,0,1286000,1190000,96000,96000
03028X,元展25          ,0,0,0,0,0,0,0,0,0,96000,0,0,0,96000,0,96000,96000
055261,帆宣統一98購01  ,0,0,0,0,0,0,0,0,0,96000,0,0,0,223000,127000,96000,96000
055337,超眾兆豐98購01  ,0,0,0,0,0,0,0,0,0,96000,0,0,0,106000,10000,96000,96000
057370,可成元大98購07  ,0,0,0,0,0,0,0,0,0,96000,0,0,0,101000,5000,96000,96000
056585,台積電統一9A購01,0,0,0,0,0,0,0,0,0,96000,0,0,0,96000,0,96000,96000
060418,中橡永豐9A購01  ,0,0,0,0,0,0,0,0,0,96000,0,0,0,96000,0,96000,96000
061947,旺宏群益9B購02  ,0,0,0,0,0,0,0,0,0,96000,0,0,0,106000,10000,96000,96000
064450,致茂統一01購01  ,0,0,0,0,0,0,0,0,0,96000,0,0,0,312000,216000,96000,96000
063669,宏達電統一9C購01,0,0,0,0,0,0,0,0,0,96000,0,0,0,128000,32000,96000,96000
062328,南亞科統一9C購01,0,0,0,0,0,0,0,0,0,96000,0,0,0,112000,16000,96000,96000
062748,祥碩永豐9B購02  ,0,0,0,0,0,0,0,0,0,96000,0,0,0,126000,30000,96000,96000
064803,智邦元大9C購05  ,0,0,0,0,0,0,0,0,0,95000,0,0,0,205000,110000,95000,95000
065433,緯創凱基9C購01  ,0,0,0,0,0,0,0,0,0,95000,0,0,0,189000,94000,95000,95000
056545,TPK凱基98購02   ,0,0,0,0,0,0,0,0,0,95000,0,0,0,95000,0,95000,95000
057803,上銀元大98購08  ,0,0,0,0,0,0,0,0,0,95000,0,0,0,201000,106000,95000,95000
056762,亞德客元大98購01,0,0,0,0,0,0,0,0,0,95000,0,0,0,291000,196000,95000,95000
057734,訊芯國泰9A購01  ,0,0,0,0,0,0,0,0,0,95000,0,0,0,240000,145000,95000,95000
058327,大毅統一9B購01  ,0,0,0,0,0,0,0,0,0,95000,0,0,0,193000,98000,95000,95000
058297,茂林凱基9A購02  ,0,0,0,0,0,0,0,0,0,95000,0,0,0,144000,49000,95000,95000
060906,旺宏元大9A購07  ,0,0,0,0,0,0,0,0,0,95000,0,0,0,95000,0,95000,95000
062742,技嘉國泰01購01  ,0,0,0,0,0,0,0,0,0,95000,0,0,0,95000,0,95000,95000
062708,立積元大9B購01  ,0,0,0,0,0,0,0,0,0,95000,0,0,0,252000,157000,95000,95000
063233,國巨元大9B購19  ,0,0,0,0,0,0,0,0,0,95000,0,0,0,143000,48000,95000,95000
063175,燿華兆豐9C購01  ,0,0,0,0,0,0,0,0,0,95000,0,0,0,95000,0,95000,95000
064193,華新群益9C購01  ,0,0,0,0,0,0,0,0,0,95000,0,0,0,95000,0,95000,95000
2478,大毅            ,1215000,744000,471000,0,0,0,0,0,0,-376000,4000,0,4000,26000,406000,-380000,95000
08315P,台積電元大9C售08,0,0,0,0,0,0,0,0,0,95000,0,0,0,391000,296000,95000,95000
3704,合勤控          ,754000,649440,104560,0,0,0,0,0,0,-10000,1000,1000,0,14000,24000,-10000,94560
065988,晶技永豐01購01  ,0,0,0,0,0,0,0,0,0,94000,0,0,0,94000,0,94000,94000
065773,鴻海國票03購01  ,0,0,0,0,0,0,0,0,0,94000,0,0,0,109000,15000,94000,94000
064806,微星元大01購01  ,0,0,0,0,0,0,0,0,0,94000,0,0,0,273000,179000,94000,94000
064866,義隆永豐9C購02  ,0,0,0,0,0,0,0,0,0,94000,0,0,0,202000,108000,94000,94000
065307,矽格元富9C購01  ,0,0,0,0,0,0,0,0,0,94000,0,0,0,242000,148000,94000,94000
065274,南茂元大9C購03  ,0,0,0,0,0,0,0,0,0,94000,0,0,0,284000,190000,94000,94000
065396,微星群益01購01  ,0,0,0,0,0,0,0,0,0,94000,0,0,0,111000,17000,94000,94000
055974,上銀統一97購05  ,0,0,0,0,0,0,0,0,0,94000,0,0,0,94000,0,94000,94000
055755,禾伸堂兆豐97購02,0,0,0,0,0,0,0,0,0,94000,0,0,0,94000,0,94000,94000
060493,美律元富01購01  ,0,0,0,0,0,0,0,0,0,94000,0,0,0,185000,91000,94000,94000
058337,日月光元富99購01,0,0,0,0,0,0,0,0,0,94000,0,0,0,244000,150000,94000,94000
059945,嘉澤永豐99購03  ,0,0,0,0,0,0,0,0,0,94000,0,0,0,114000,20000,94000,94000
063988,華通永豐9C購01  ,0,0,0,0,0,0,0,0,0,94000,0,0,0,94000,0,94000,94000
063888,TPK中信01購01   ,0,0,0,0,0,0,0,0,0,94000,0,0,0,94000,0,94000,94000
063464,廣達元大9B購02  ,0,0,0,0,0,0,0,0,0,94000,0,0,0,474000,380000,94000,94000
065091,亞光元大9C購01  ,0,0,0,0,0,0,0,0,0,93000,0,0,0,646000,553000,93000,93000
064822,台達電統一01購03,0,0,0,0,0,0,0,0,0,93000,0,0,0,165000,72000,93000,93000
07527P,台灣50凱基9B售02,0,0,0,0,0,0,0,0,0,93000,0,0,0,253000,160000,93000,93000
057865,富邦金凱基98購01,0,0,0,0,0,0,0,0,0,93000,0,0,0,120000,27000,93000,93000
057684,聯茂日盛99購01  ,0,0,0,0,0,0,0,0,0,93000,0,0,0,320000,227000,93000,93000
057265,聯詠兆豐98購01  ,0,0,0,0,0,0,0,0,0,93000,0,0,0,103000,10000,93000,93000
058641,鴻海麥證99購02  ,0,0,0,93000,0,93000,0,0,0,93000,0,0,0,93000,0,93000,93000
060675,南亞科元大9A購02,0,0,0,0,0,0,0,0,0,93000,0,0,0,93000,0,93000,93000
063938,上銀元大9C購03  ,0,0,0,0,0,0,0,0,0,93000,0,0,0,261000,168000,93000,93000
063955,TPK元大9C購01   ,0,0,0,0,0,0,0,0,0,93000,0,0,0,113000,20000,93000,93000
064102,宏達電群益9C購01,0,0,0,0,0,0,0,0,0,93000,0,0,0,127000,34000,93000,93000
07834P,聯詠群益9A售03  ,0,0,0,0,0,0,0,0,0,92000,0,0,0,298000,206000,92000,92000
06852P,臺股指元大98售11,0,0,0,0,0,0,0,0,0,92000,0,0,0,92000,0,92000,92000
065235,旭富凱基02購01  ,0,0,0,0,0,0,0,0,0,92000,0,0,0,102000,10000,92000,92000
056755,聯茂兆豐98購01  ,0,0,0,0,0,0,0,0,0,92000,0,0,0,92000,0,92000,92000
060299,友訊國泰9B購01  ,0,0,0,0,0,0,0,0,0,92000,0,0,0,92000,0,92000,92000
060651,瑞儀中信9B購01  ,0,0,0,0,0,0,0,0,0,92000,0,0,0,112000,20000,92000,92000
061138,晶技統一9C購01  ,0,0,0,0,0,0,0,0,0,92000,0,0,0,301000,209000,92000,92000
058380,臺股指凱基99購15,0,0,0,0,0,0,0,0,0,92000,0,0,0,102000,10000,92000,92000
062058,瑞昱統一01購01  ,0,0,0,0,0,0,0,0,0,92000,0,0,0,92000,0,92000,92000
060106,旭富元大99購02  ,0,0,0,0,0,0,0,0,0,92000,0,0,0,152000,60000,92000,92000
064302,美律兆豐01購01  ,0,0,0,0,0,0,0,0,0,92000,0,0,0,97000,5000,92000,92000
063528,元大金凱基9B購01,0,0,0,0,0,0,0,0,0,92000,0,0,0,102000,10000,92000,92000
062450,臻鼎元大9B購02  ,0,0,0,0,0,0,0,0,0,92000,0,0,0,125000,33000,92000,92000
08449P,華新科群益9C售03,0,0,0,0,0,0,0,0,0,92000,0,0,0,92000,0,92000,92000
065460,嘉聯益台新9C購01,0,0,0,0,0,0,0,0,0,91000,0,0,0,91000,0,91000,91000
057751,神達國票99購02  ,0,0,0,0,0,0,0,0,0,91000,0,0,0,174000,83000,91000,91000
059008,鈺齊元大99購03  ,0,0,0,0,0,0,0,0,0,91000,0,0,0,150000,59000,91000,91000
061308,元金2X中信9A購01,0,0,0,0,0,0,0,0,0,91000,0,0,0,120000,29000,91000,91000
060889,國泰金統一9C購01,0,0,0,0,0,0,0,0,0,91000,0,0,0,91000,0,91000,91000
060851,國巨國泰9C購01  ,0,0,0,0,0,0,0,0,0,91000,0,0,0,155000,64000,91000,91000
060855,華新科富邦01購01,0,0,0,0,0,0,0,0,0,91000,0,0,0,91000,0,91000,91000
060361,南亞科元富9A購03,0,0,0,0,0,0,0,0,0,91000,0,0,0,112000,21000,91000,91000
059396,T50反1元富99購04,0,0,0,0,0,0,0,0,0,91000,0,0,0,101000,10000,91000,91000
063351,億豐統一9B購01  ,0,0,0,0,0,0,0,0,0,91000,0,0,0,101000,10000,91000,91000
063382,南茂永豐9B購01  ,0,0,0,0,0,0,0,0,0,91000,0,0,0,106000,15000,91000,91000
064442,嘉聯益凱基9C購01,0,0,0,0,0,0,0,0,0,91000,0,0,0,278000,187000,91000,91000
064132,神達元大9C購02  ,0,0,0,0,0,0,0,0,0,91000,0,0,0,123000,32000,91000,91000
064149,美律統一02購01  ,0,0,0,0,0,0,0,0,0,91000,0,0,0,91000,0,91000,91000
063735,華新科元大9B購15,0,0,0,0,0,0,0,0,0,91000,0,0,0,226000,135000,91000,91000
063570,嘉晶元大9C購02  ,0,0,0,0,0,0,0,0,0,91000,0,0,0,141000,50000,91000,91000
6120,達運            ,784000,694000,90000,0,0,0,0,0,0,1000,2000,1000,1000,0,0,0,91000
065596,鴻海元大9C購16  ,0,0,0,0,0,0,0,0,0,90000,0,0,0,251000,161000,90000,90000
065964,鴻海元大02購01  ,0,0,0,0,0,0,0,0,0,90000,0,0,0,100000,10000,90000,90000
065942,燿華元富01購01  ,0,0,0,0,0,0,0,0,0,90000,0,0,0,90000,0,90000,90000
065879,瑞祺群益9C購02  ,0,0,0,0,0,0,0,0,0,90000,0,0,0,90000,0,90000,90000
065086,可成元大01購04  ,0,0,0,0,0,0,0,0,0,90000,0,0,0,116000,26000,90000,90000
07529P,國巨凱基9A售11  ,0,0,0,0,0,0,0,0,0,90000,0,0,0,100000,10000,90000,90000
057269,鈺齊兆豐98購01  ,0,0,0,0,0,0,0,0,0,90000,0,0,0,90000,0,90000,90000
055106,台積電凱基98購05,0,0,0,0,0,0,0,0,0,90000,0,0,0,90000,0,90000,90000
054624,台積電凱基98購03,0,0,0,0,0,0,0,0,0,90000,0,0,0,90000,0,90000,90000
056546,致伸凱基98購01  ,0,0,0,0,0,0,0,0,0,90000,0,0,0,90000,0,90000,90000
059454,亞光永豐99購01  ,0,0,0,0,0,0,0,0,0,90000,0,0,0,242000,152000,90000,90000
059355,國巨富邦9B購03  ,0,0,0,0,0,0,0,0,0,90000,0,0,0,94000,4000,90000,90000
060930,超眾永豐9A購03  ,0,0,0,0,0,0,0,0,0,90000,0,0,0,90000,0,90000,90000
060770,宏達電麥證9A購01,0,0,0,98000,8000,90000,0,0,0,90000,0,0,0,98000,8000,90000,90000
061150,國巨群益9A購09  ,0,0,0,0,0,0,0,0,0,90000,0,0,0,163000,73000,90000,90000
06119P,大立光凱基98售04,0,0,0,0,0,0,0,0,0,90000,0,0,0,100000,10000,90000,90000
058616,台虹元大9A購01  ,0,0,0,0,0,0,0,0,0,90000,0,0,0,135000,45000,90000,90000
058406,聯茂元大99購06  ,0,0,0,0,0,0,0,0,0,90000,0,0,0,281000,191000,90000,90000
063583,GIS國泰01購01   ,0,0,0,0,0,0,0,0,0,90000,0,0,0,137000,47000,90000,90000
063982,TPK兆豐9C購01   ,0,0,0,0,0,0,0,0,0,90000,0,0,0,90000,0,90000,90000
064037,寶成元大9C購02  ,0,0,0,0,0,0,0,0,0,90000,0,0,0,175000,85000,90000,90000
064266,聯茂永豐9C購01  ,0,0,0,0,0,0,0,0,0,90000,0,0,0,329000,239000,90000,90000
062261,嘉晶元大9B購02  ,0,0,0,0,0,0,0,0,0,90000,0,0,0,90000,0,90000,90000
062605,上銀凱基9B購03  ,0,0,0,0,0,0,0,0,0,90000,0,0,0,110000,20000,90000,90000
2634,漢翔            ,235000,129000,106000,0,0,0,0,1000,-1000,-15000,0,3000,-3000,9000,21000,-12000,90000
08441P,同欣電元富9C售01,0,0,0,0,0,0,0,0,0,90000,0,0,0,136000,46000,90000,90000
08196P,上銀元大9B售07  ,0,0,0,0,0,0,0,0,0,89000,0,0,0,100000,11000,89000,89000
066044,京元電元大01購01,0,0,0,0,0,0,0,0,0,89000,0,0,0,363000,274000,89000,89000
065214,友達國泰01購01  ,0,0,0,0,0,0,0,0,0,89000,0,0,0,226000,137000,89000,89000
065361,上銀元大9C購11  ,0,0,0,0,0,0,0,0,0,89000,0,0,0,196000,107000,89000,89000
065814,健策統一9C購08  ,0,0,0,0,0,0,0,0,0,89000,0,0,0,89000,0,89000,89000
056907,群創元大9C購04  ,0,0,0,0,0,0,0,0,0,89000,0,0,0,200000,111000,89000,89000
058631,鈺齊國票9A購01  ,0,0,0,0,0,0,0,0,0,89000,0,0,0,102000,13000,89000,89000
061035,亞光永豐9A購01  ,0,0,0,0,0,0,0,0,0,89000,0,0,0,189000,100000,89000,89000
060709,緯穎富邦9B購01  ,0,0,0,0,0,0,0,0,0,89000,0,0,0,89000,0,89000,89000
062916,智易元大9B購01  ,0,0,0,0,0,0,0,0,0,89000,0,0,0,319000,230000,89000,89000
062404,新唐永豐9B購01  ,0,0,0,0,0,0,0,0,0,89000,0,0,0,92000,3000,89000,89000
062969,旺宏元富9B購01  ,0,0,0,0,0,0,0,0,0,89000,0,0,0,157000,68000,89000,89000
2439,美律            ,666000,503000,163000,0,0,0,0,0,0,-74000,62000,80000,-18000,16000,72000,-56000,89000
06564P,國巨富邦9A售04  ,0,0,0,0,0,0,0,0,0,88000,0,0,0,119000,31000,88000,88000
065489,臺股指元大9C購31,0,0,0,0,0,0,0,0,0,88000,0,0,0,88000,0,88000,88000
065518,聯鈞群益9C購02  ,0,0,0,0,0,0,0,0,0,88000,0,0,0,237000,149000,88000,88000
065250,同欣電麥證9C購01,0,0,0,88000,0,88000,0,0,0,88000,0,0,0,88000,0,88000,88000
057964,緯穎元大99購03  ,0,0,0,0,0,0,0,0,0,88000,0,0,0,92000,4000,88000,88000
056146,台虹元大98購01  ,0,0,0,0,0,0,0,0,0,88000,0,0,0,88000,0,88000,88000
056448,全新凱基99購01  ,0,0,0,0,0,0,0,0,0,88000,0,0,0,126000,38000,88000,88000
061283,智邦統一9A購01  ,0,0,0,0,0,0,0,0,0,88000,0,0,0,107000,19000,88000,88000
058247,聯茂元大99購04  ,0,0,0,0,0,0,0,0,0,88000,0,0,0,238000,150000,88000,88000
058250,台虹元大99購01  ,0,0,0,0,0,0,0,0,0,88000,0,0,0,134000,46000,88000,88000
059533,富邦金凱基99購01,0,0,0,0,0,0,0,0,0,88000,0,0,0,95000,7000,88000,88000
061549,泰碩群益9A購01  ,0,0,0,0,0,0,0,0,0,88000,0,0,0,417000,329000,88000,88000
061675,華新科元大9A購23,0,0,0,0,0,0,0,0,0,88000,0,0,0,138000,50000,88000,88000
062133,大成鋼群益9B購01,0,0,0,0,0,0,0,0,0,88000,0,0,0,88000,0,88000,88000
063381,和潤永豐9B購01  ,0,0,0,0,0,0,0,0,0,88000,0,0,0,103000,15000,88000,88000
062486,瑞昱富邦9B購01  ,0,0,0,0,0,0,0,0,0,88000,0,0,0,98000,10000,88000,88000
062212,臻鼎台新9B購01  ,0,0,0,0,0,0,0,0,0,88000,0,0,0,88000,0,88000,88000
062318,台郡凱基9B購01  ,0,0,0,0,0,0,0,0,0,88000,0,0,0,98000,10000,88000,88000
062705,美食元大9B購01  ,0,0,0,0,0,0,0,0,0,88000,0,0,0,88000,0,88000,88000
064277,可成元大9C購04  ,0,0,0,0,0,0,0,0,0,88000,0,0,0,119000,31000,88000,88000
064482,微星永豐9C購01  ,0,0,0,0,0,0,0,0,0,88000,0,0,0,173000,85000,88000,88000
064589,聯鈞永豐9C購01  ,0,0,0,0,0,0,0,0,0,88000,0,0,0,154000,66000,88000,88000
063647,超眾元大9B購02  ,0,0,0,0,0,0,0,0,0,88000,0,0,0,105000,17000,88000,88000
1506,正道            ,114000,26000,88000,0,0,0,0,0,0,0,0,0,0,0,0,0,88000
057531,禾伸堂元大99購04,0,0,0,0,0,0,0,0,0,87000,0,0,0,211000,124000,87000,87000
056541,智原凱基98購03  ,0,0,0,0,0,0,0,0,0,87000,0,0,0,222000,135000,87000,87000
056677,智伸科元富98購01,0,0,0,0,0,0,0,0,0,87000,0,0,0,127000,40000,87000,87000
057907,台達電亞東99購01,0,0,0,0,0,0,0,0,0,87000,0,0,0,87000,0,87000,87000
057103,禾伸堂中信9A購01,0,0,0,0,0,0,0,0,0,87000,0,0,0,157000,70000,87000,87000
056848,泰鼎元富98購01  ,0,0,0,0,0,0,0,0,0,87000,0,0,0,104000,17000,87000,87000
00757,統一FANG+       ,2000,0,2000,0,0,0,0,0,0,85000,0,0,0,291000,206000,85000,87000
061818,富邦金群益9C購01,0,0,0,0,0,0,0,0,0,87000,0,0,0,87000,0,87000,87000
061762,台塑元大9B購01  ,0,0,0,0,0,0,0,0,0,87000,0,0,0,92000,5000,87000,87000
061544,大毅群益9B購02  ,0,0,0,0,0,0,0,0,0,87000,0,0,0,93000,6000,87000,87000
058246,帆宣元大99購01  ,0,0,0,0,0,0,0,0,0,87000,0,0,0,104000,17000,87000,87000
058373,晶技凱基99購02  ,0,0,0,0,0,0,0,0,0,87000,0,0,0,87000,0,87000,87000
061095,台積電台新9B購03,0,0,0,0,0,0,0,0,0,87000,0,0,0,87000,0,87000,87000
060333,金寶康和9A購01  ,0,0,0,0,0,0,0,0,0,87000,0,0,0,186000,99000,87000,87000
061004,友達兆豐9A購01  ,0,0,0,0,0,0,0,0,0,87000,0,0,0,87000,0,87000,87000
063947,大毅元大9C購02  ,0,0,0,0,0,0,0,0,0,87000,0,0,0,265000,178000,87000,87000
063912,信邦凱基01購01  ,0,0,0,0,0,0,0,0,0,87000,0,0,0,88000,1000,87000,87000
064270,華通元大9C購03  ,0,0,0,0,0,0,0,0,0,87000,0,0,0,89000,2000,87000,87000
064461,致伸統一01購01  ,0,0,0,0,0,0,0,0,0,87000,0,0,0,260000,173000,87000,87000
063347,祥碩統一01購03  ,0,0,0,0,0,0,0,0,0,87000,0,0,0,423000,336000,87000,87000
065504,宏達電永豐9C購01,0,0,0,0,0,0,0,0,0,86000,0,0,0,101000,15000,86000,86000
065430,可成凱基02購03  ,0,0,0,0,0,0,0,0,0,86000,0,0,0,137000,51000,86000,86000
065761,中租元大9C購02  ,0,0,0,0,0,0,0,0,0,86000,0,0,0,96000,10000,86000,86000
065912,瑞祺永豐9C購02  ,0,0,0,0,0,0,0,0,0,86000,0,0,0,86000,0,86000,86000
056764,友達元大9A購03  ,0,0,0,0,0,0,0,0,0,86000,0,0,0,243000,157000,86000,86000
057784,台積電國票9B購01,0,0,0,0,0,0,0,0,0,86000,0,0,0,116000,30000,86000,86000
057958,禾伸堂元大99購05,0,20000,-20000,0,0,0,0,0,0,106000,0,0,0,173000,67000,106000,86000
056650,彩晶凱基9A購01  ,0,0,0,0,0,0,0,0,0,86000,0,0,0,136000,50000,86000,86000
059282,嘉聯益永豐99購01,0,0,0,0,0,0,0,0,0,86000,0,0,0,86000,0,86000,86000
060900,超眾凱基9B購01  ,0,0,0,0,0,0,0,0,0,86000,0,0,0,101000,15000,86000,86000
061693,華新科群益9B購02,0,0,0,0,0,0,0,0,0,86000,0,0,0,90000,4000,86000,86000
058833,台表科永豐99購01,0,0,0,0,0,0,0,0,0,86000,0,0,0,86000,0,86000,86000
059999,緯穎元富99購01  ,0,0,0,0,0,0,0,0,0,86000,0,0,0,131000,45000,86000,86000
063274,鈺齊兆豐9B購01  ,0,0,0,0,0,0,0,0,0,86000,0,0,0,116000,30000,86000,86000
062393,智邦富邦9B購01  ,0,0,0,0,0,0,0,0,0,86000,0,0,0,157000,71000,86000,86000
064491,金像電元大9C購03,0,0,0,0,0,0,0,0,0,86000,0,0,0,87000,1000,86000,86000
063905,健策麥證02購01  ,0,0,0,198000,112000,86000,0,0,0,86000,0,0,0,198000,112000,86000,86000
063971,健鼎國票01購01  ,0,0,0,0,0,0,0,0,0,86000,0,0,0,118000,32000,86000,86000
064075,台積電中信06購01,0,0,0,0,0,0,0,0,0,86000,0,0,0,231000,145000,86000,86000
3062,建漢            ,519000,433000,86000,0,0,0,0,0,0,0,0,0,0,0,0,0,86000
065786,神基永豐9C購01  ,0,0,0,0,0,0,0,0,0,85000,0,0,0,85000,0,85000,85000
064948,致茂凱基01購01  ,0,0,0,0,0,0,0,0,0,85000,0,0,0,107000,22000,85000,85000
064995,世紀鋼兆豐9C購01,0,0,0,0,0,0,0,0,0,85000,0,0,0,85000,0,85000,85000
064870,中租永豐9C購01  ,0,0,0,0,0,0,0,0,0,85000,0,0,0,115000,30000,85000,85000
056433,鴻海凱基98購09  ,0,0,0,0,0,0,0,0,0,85000,0,0,0,102000,17000,85000,85000
057230,建準凱基98購02  ,0,0,0,0,0,0,0,0,0,85000,0,0,0,97000,12000,85000,85000
054308,嘉晶凱基98購01  ,0,0,0,0,0,0,0,0,0,85000,0,0,0,179000,94000,85000,85000
054130,漢唐元大97購02  ,0,0,0,0,0,0,0,0,0,85000,0,0,0,85000,0,85000,85000
061827,台灣50凱基02購01,0,0,0,0,0,0,0,0,0,85000,0,0,0,85000,0,85000,85000
060931,GIS永豐9A購01   ,0,0,0,0,0,0,0,0,0,85000,0,0,0,86000,1000,85000,85000
060865,創意永豐9A購01  ,0,0,0,0,0,0,0,0,0,85000,0,0,0,121000,36000,85000,85000
058106,神達統一98購02  ,0,0,0,0,0,0,0,0,0,85000,0,0,0,100000,15000,85000,85000
064155,大立光統一01購05,0,0,0,0,0,0,0,0,0,85000,0,0,0,90000,5000,85000,85000
064394,全新永豐9C購02  ,0,0,0,0,0,0,0,0,0,85000,0,0,0,105000,20000,85000,85000
064359,華通統一9C購05  ,0,0,0,0,0,0,0,0,0,85000,0,0,0,117000,32000,85000,85000
064232,鴻海統一01購04  ,0,0,0,0,0,0,0,0,0,85000,0,0,0,115000,30000,85000,85000
063272,GIS兆豐9C購01   ,0,0,0,0,0,0,0,0,0,85000,0,0,0,135000,50000,85000,85000
063501,旭富永豐9B購02  ,0,0,0,0,0,0,0,0,0,85000,0,0,0,85000,0,85000,85000
08334P,智邦永豐9C售01  ,0,0,0,0,0,0,0,0,0,85000,0,0,0,85000,0,85000,85000
065294,創意群益9C購03  ,0,0,0,0,0,0,0,0,0,84000,0,0,0,86000,2000,84000,84000
065327,台表科凱基9C購02,0,0,0,0,0,0,0,0,0,84000,0,0,0,112000,28000,84000,84000
065168,台積電元大02購02,0,0,0,0,0,0,0,0,0,84000,0,0,0,124000,40000,84000,84000
065145,貿聯凱基9C購02  ,0,0,0,0,0,0,0,0,0,84000,0,0,0,99000,15000,84000,84000
066011,華通元富01購01  ,0,0,0,0,0,0,0,0,0,84000,0,0,0,85000,1000,84000,84000
065519,台勝科群益9C購02,0,0,0,0,0,0,0,0,0,84000,0,0,0,151000,67000,84000,84000
066071,台光電凱基02購01,0,0,0,0,0,0,0,0,0,84000,0,0,0,100000,16000,84000,84000
06962P,華新科永豐99售01,0,0,0,0,0,0,0,0,0,84000,0,0,0,134000,50000,84000,84000
055874,中環元富9A購01  ,0,0,0,0,0,0,0,0,0,84000,0,0,0,397000,313000,84000,84000
053744,台郡國票97購03  ,0,0,0,0,0,0,0,0,0,84000,0,0,0,84000,0,84000,84000
060528,友達中信9C購01  ,0,0,0,0,0,0,0,0,0,84000,0,0,0,84000,0,84000,84000
058137,玉晶光元大99購11,0,0,0,0,0,0,0,0,0,84000,0,0,0,84000,0,84000,84000
061266,國泰金凱基9B購01,0,0,0,0,0,0,0,0,0,84000,0,0,0,86000,2000,84000,84000
061666,友達中信01購01  ,0,0,0,0,0,0,0,0,0,84000,0,0,0,134000,50000,84000,84000
061730,旺宏統一01購02  ,0,0,0,0,0,0,0,0,0,84000,0,0,0,104000,20000,84000,84000
063472,茂林元大9B購04  ,0,0,0,0,0,0,0,0,0,84000,0,0,0,254000,170000,84000,84000
063433,臻鼎元富9B購01  ,0,0,0,0,0,0,0,0,0,84000,0,0,0,259000,175000,84000,84000
062991,台光電群益9B購03,0,0,0,0,0,0,0,0,0,84000,0,0,0,89000,5000,84000,84000
062400,晶豪科永豐9B購02,0,0,0,0,0,0,0,0,0,84000,0,0,0,84000,0,84000,84000
062316,康控凱基9B購03  ,0,0,0,0,0,0,0,0,0,84000,0,0,0,130000,46000,84000,84000
062731,力成凱基9B購02  ,0,0,0,0,0,0,0,0,0,84000,0,0,0,99000,15000,84000,84000
064411,台表科凱基02購01,0,0,0,0,0,0,0,0,0,84000,0,0,0,84000,0,84000,84000
064493,南亞科元大9C購01,0,0,0,0,0,0,0,0,0,84000,0,0,0,152000,68000,84000,84000
063966,大毅國票01購01  ,0,0,0,0,0,0,0,0,0,84000,0,0,0,143000,59000,84000,84000
3321,同泰            ,89000,5000,84000,0,0,0,0,0,0,0,0,0,0,0,0,0,84000
065445,台光電統一01購05,0,0,0,0,0,0,0,0,0,83000,0,0,0,88000,5000,83000,83000
065937,大毅群益02購01  ,0,0,0,0,0,0,0,0,0,83000,0,0,0,108000,25000,83000,83000
065765,GIS元大9C購09   ,0,0,0,0,0,0,0,0,0,83000,0,0,0,113000,30000,83000,83000
065236,旭富凱基9C購01  ,0,0,0,0,0,0,0,0,0,83000,0,0,0,93000,10000,83000,83000
065233,TPK凱基01購01   ,0,0,0,0,0,0,0,0,0,83000,0,0,0,84000,1000,83000,83000
056058,建準元大97購02  ,0,0,0,0,0,0,0,0,0,83000,0,0,0,94000,11000,83000,83000
056765,友達元大9B購05  ,0,0,0,0,0,0,0,0,0,83000,0,0,0,255000,172000,83000,83000
061718,GIS凱基9B購01   ,0,0,0,0,0,0,0,0,0,83000,0,0,0,98000,15000,83000,83000
061609,華新科統一9C購01,0,0,0,0,0,0,0,0,0,83000,0,0,0,200000,117000,83000,83000
061978,旺宏元大9C購01  ,0,0,0,0,0,0,0,0,0,83000,0,0,0,118000,35000,83000,83000
058105,旺宏統一9A購02  ,0,0,0,0,0,0,0,0,0,83000,0,0,0,118000,35000,83000,83000
063779,華邦電永豐9B購01,0,0,0,0,0,0,0,0,0,83000,0,0,0,118000,35000,83000,83000
063799,華邦電凱基9C購02,0,0,0,0,0,0,0,0,0,83000,0,0,0,83000,0,83000,83000
064446,聚陽統一02購02  ,0,0,0,0,0,0,0,0,0,83000,0,0,0,1056000,973000,83000,83000
064292,南茂元大01購01  ,0,0,0,0,0,0,0,0,0,83000,0,0,0,151000,68000,83000,83000
062495,友達中信01購02  ,0,0,0,0,0,0,0,0,0,83000,0,0,0,144000,61000,83000,83000
063545,華通兆豐9B購03  ,0,0,0,0,0,0,0,0,0,83000,0,0,0,105000,22000,83000,83000
065383,南電元大01購02  ,0,0,0,0,0,0,0,0,0,82000,0,0,0,130000,48000,82000,82000
065894,漢翔統一03購01  ,0,0,0,0,0,0,0,0,0,82000,0,0,0,82000,0,82000,82000
066058,TPK元大01購02   ,0,0,0,0,0,0,0,0,0,82000,0,0,0,91000,9000,82000,82000
08094P,華新科元富9B售05,0,0,0,0,0,0,0,0,0,82000,0,0,0,127000,45000,82000,82000
07953P,健策元大9B售07  ,0,0,0,0,0,0,0,0,0,82000,0,0,0,165000,83000,82000,82000
058160,奇鋐元富99購01  ,0,0,0,0,0,0,0,0,0,82000,0,0,0,89000,7000,82000,82000
058144,聯茂元大99購02  ,0,0,0,0,0,0,0,0,0,82000,0,0,0,220000,138000,82000,82000
058008,禾伸堂國票99購02,0,0,0,0,0,0,0,0,0,82000,0,0,0,116000,34000,82000,82000
058370,聯詠凱基99購01  ,0,0,0,0,0,0,0,0,0,82000,0,0,0,159000,77000,82000,82000
061026,南電富邦9B購01  ,0,0,0,0,0,0,0,0,0,82000,0,0,0,196000,114000,82000,82000
061767,信邦元大9B購01  ,0,0,0,0,0,0,0,0,0,82000,0,0,0,231000,149000,82000,82000
063167,同欣電永豐9B購03,0,0,0,0,0,0,0,0,0,82000,0,0,0,91000,9000,82000,82000
062452,A50正2群益01購04,0,0,0,0,0,0,0,0,0,82000,0,0,0,82000,0,82000,82000
064564,義隆群益9C購02  ,0,0,0,0,0,0,0,0,0,82000,0,0,0,106000,24000,82000,82000
064614,友訊元大9C購02  ,0,0,0,0,0,0,0,0,0,82000,0,0,0,82000,0,82000,82000
064670,智伸科元大9C購01,0,0,0,0,0,0,0,0,0,82000,0,0,0,204000,122000,82000,82000
063704,麗豐群益9B購01  ,0,0,0,0,0,0,0,0,0,82000,0,0,0,82000,0,82000,82000
064029,宏達電元大9C購01,0,0,0,0,0,0,0,0,0,82000,0,0,0,137000,55000,82000,82000
064201,新光金兆豐9C購01,0,0,0,0,0,0,0,0,0,82000,0,0,0,82000,0,82000,82000
065730,新日興凱基9C購01,0,0,0,0,0,0,0,0,0,81000,0,0,0,345000,264000,81000,81000
065382,緯穎元大9C購04  ,0,0,0,0,0,0,0,0,0,81000,0,0,0,158000,77000,81000,81000
065142,華邦電凱基01購01,0,0,0,0,0,0,0,0,0,81000,0,0,0,120000,39000,81000,81000
049442,滬深2X統一99購01,0,0,0,0,0,0,0,0,0,81000,0,0,0,81000,0,81000,81000
056345,嘉聯益凱基99購01,0,0,0,0,0,0,0,0,0,81000,0,0,0,81000,0,81000,81000
061625,聯茂群益9A購02  ,0,0,0,0,0,0,0,0,0,81000,0,0,0,121000,40000,81000,81000
061985,富邦金元大9B購01,0,0,0,0,0,0,0,0,0,81000,0,0,0,91000,10000,81000,81000
060016,廣達康和99購01  ,0,0,0,0,0,0,0,0,0,81000,0,0,0,173000,92000,81000,81000
059544,創意亞東99購01  ,0,0,0,0,0,0,0,0,0,81000,0,0,0,81000,0,81000,81000
061038,TPK永豐9A購01   ,0,0,0,0,0,0,0,0,0,81000,0,0,0,123000,42000,81000,81000
058588,致茂中信9B購01  ,0,0,0,0,0,0,0,0,0,81000,0,0,0,129000,48000,81000,81000
060665,康控凱基9A購01  ,0,0,0,0,0,0,0,0,0,81000,0,0,0,247000,166000,81000,81000
058072,大立光凱基98購20,0,0,0,0,0,0,0,0,0,81000,0,0,0,126000,45000,81000,81000
064550,南茂凱基01購01  ,0,0,0,0,0,0,0,0,0,81000,0,0,0,103000,22000,81000,81000
062494,中石化中信9C購01,0,0,0,0,0,0,0,0,0,81000,0,0,0,129000,48000,81000,81000
062801,宏達電統一01購01,0,0,0,0,0,0,0,0,0,81000,0,0,0,368000,287000,81000,81000
063140,聯發科統一9B購08,0,0,0,0,0,0,0,0,0,81000,0,0,0,299000,218000,81000,81000
062982,同欣電元富9B購01,0,0,0,0,0,0,0,0,0,81000,0,0,0,175000,94000,81000,81000
062967,上銀元富9B購01  ,0,0,0,0,0,0,0,0,0,81000,0,0,0,126000,45000,81000,81000
063073,瑞昱永豐9B購01  ,0,0,0,0,0,0,0,0,0,81000,0,0,0,126000,45000,81000,81000
6415,矽力-KY         ,241078,139954,101124,0,0,0,0,19000,-19000,-2000,2000,1000,1000,0,3000,-3000,80124
065226,華通凱基01購01  ,0,0,0,0,0,0,0,0,0,80000,0,0,0,130000,50000,80000,80000
064994,南電兆豐01購01  ,0,0,0,0,0,0,0,0,0,80000,0,0,0,94000,14000,80000,80000
065808,力成群益9C購02  ,0,0,0,0,0,0,0,0,0,80000,0,0,0,80000,0,80000,80000
07023P,南電永豐99售02  ,0,0,0,0,0,0,0,0,0,80000,0,0,0,80000,0,80000,80000
06652P,長榮航元大98售01,0,0,0,0,0,0,0,0,0,80000,0,0,0,80000,0,80000,80000
056911,緯穎元大99購01  ,0,0,0,0,0,0,0,0,0,80000,0,0,0,108000,28000,80000,80000
060534,友達麥證9A購01  ,0,0,0,80000,0,80000,0,0,0,80000,0,0,0,80000,0,80000,80000
056593,台積電元富98購02,0,0,0,0,0,0,0,0,0,80000,0,0,0,100000,20000,80000,80000
056619,強茂永豐98購01  ,0,0,0,0,0,0,0,0,0,80000,0,0,0,260000,180000,80000,80000
056520,鴻海日盛99購01  ,0,0,0,0,0,0,0,0,0,80000,0,0,0,132000,52000,80000,80000
053133,華邦電國票97購01,0,0,0,0,0,0,0,0,0,80000,0,0,0,80000,0,80000,80000
056854,友達中信9A購01  ,0,0,0,0,0,0,0,0,0,80000,0,0,0,80000,0,80000,80000
053875,GIS元大97購01   ,0,0,0,0,0,0,0,0,0,80000,0,0,0,80000,0,80000,80000
060342,台積電統一02購01,0,0,0,0,0,0,0,0,0,80000,0,0,0,95000,15000,80000,80000
060957,SP黃豆凱基9A購04,0,0,0,0,0,0,0,0,0,80000,0,0,0,137000,57000,80000,80000
061071,復盛凱基9A購01  ,0,0,0,0,0,0,0,0,0,80000,0,0,0,100000,20000,80000,80000
058791,鴻海元大99購17  ,0,0,0,0,0,0,0,0,0,80000,0,0,0,100000,20000,80000,80000
062154,國巨凱基9C購02  ,0,0,0,0,0,0,0,0,0,80000,0,0,0,80000,0,80000,80000
061605,華新科凱基9A購14,0,0,0,0,0,0,0,0,0,80000,0,0,0,110000,30000,80000,80000
063475,同欣電元大9C購01,0,0,0,0,0,0,0,0,0,80000,0,0,0,143000,63000,80000,80000
062826,奇力新群益9C購01,0,0,0,0,0,0,0,0,0,80000,0,0,0,80000,0,80000,80000
062816,華新科兆豐9B購01,0,0,0,0,0,0,0,0,0,80000,0,0,0,80000,0,80000,80000
064492,技嘉元大9C購01  ,0,0,0,0,0,0,0,0,0,80000,0,0,0,102000,22000,80000,80000
064271,鴻海元大9C購08  ,0,0,0,0,0,0,0,0,0,80000,0,0,0,85000,5000,80000,80000
064382,台積電國泰01購01,0,0,0,0,0,0,0,0,0,80000,0,0,0,105000,25000,80000,80000
064096,台積電群益9C購07,0,0,0,0,0,0,0,0,0,80000,0,0,0,80000,0,80000,80000
063716,旺宏兆豐9B購01  ,0,0,0,0,0,0,0,0,0,80000,0,0,0,110000,30000,80000,80000
063818,矽創群益9C購01  ,0,0,0,0,0,0,0,0,0,80000,0,0,0,165000,85000,80000,80000
065710,嘉聯益群益9C購02,0,0,0,0,0,0,0,0,0,79000,0,0,0,113000,34000,79000,79000
065038,上銀凱基9C購02  ,0,0,0,0,0,0,0,0,0,79000,0,0,0,126000,47000,79000,79000
065246,旭富兆豐01購01  ,0,0,0,0,0,0,0,0,0,79000,0,0,0,79000,0,79000,79000
057895,全新元富9B購01  ,0,0,0,0,0,0,0,0,0,79000,0,0,0,79000,0,79000,79000
056196,聯茂富邦98購02  ,0,0,0,0,0,0,0,0,0,79000,0,0,0,79000,0,79000,79000
058925,旭富元富99購02  ,0,0,0,0,0,0,0,0,0,79000,0,0,0,85000,6000,79000,79000
059823,奇力新凱基99購07,0,0,0,0,0,0,0,0,0,79000,0,0,0,79000,0,79000,79000
058266,宏達電永豐99購01,0,0,0,0,0,0,0,0,0,79000,0,0,0,85000,6000,79000,79000
063881,嘉晶元富9C購01  ,0,0,0,0,0,0,0,0,0,79000,0,0,0,87000,8000,79000,79000
063753,矽創國票9C購01  ,0,0,0,0,0,0,0,0,0,79000,0,0,0,79000,0,79000,79000
064009,超眾凱基01購01  ,0,0,0,0,0,0,0,0,0,79000,0,0,0,79000,0,79000,79000
063940,國巨元大01購02  ,0,0,0,0,0,0,0,0,0,79000,0,0,0,155000,76000,79000,79000
064462,致伸統一02購01  ,0,0,0,0,0,0,0,0,0,79000,0,0,0,89000,10000,79000,79000
062547,玉晶光永豐9B購05,0,0,0,0,0,0,0,0,0,79000,0,0,0,195000,116000,79000,79000
062203,燿華國票9C購01  ,0,0,0,0,0,0,0,0,0,79000,0,0,0,80000,1000,79000,79000
063226,康控群益9B購03  ,0,0,0,0,0,0,0,0,0,79000,0,0,0,102000,23000,79000,79000
06570P,大立光永豐98售01,0,0,0,0,0,0,0,0,0,78000,0,0,0,78000,0,78000,78000
065744,華新元大9C購01  ,0,0,0,0,0,0,0,0,0,78000,0,0,0,78000,0,78000,78000
057867,大立光凱基98購17,0,0,0,0,0,0,0,0,0,78000,0,0,0,98000,20000,78000,78000
057917,台積電凱基98購17,0,0,0,0,0,0,0,0,0,78000,0,0,0,78000,0,78000,78000
057960,聯鈞元大98購02  ,0,0,0,0,0,0,0,0,0,78000,0,0,0,155000,77000,78000,78000
057119,微星康和98購01  ,0,0,0,0,0,0,0,0,0,78000,0,0,0,78000,0,78000,78000
056611,國巨永豐98購03  ,0,0,0,0,0,0,0,0,0,78000,0,0,0,78000,0,78000,78000
060912,華新科元大9A購10,0,0,0,0,0,0,0,0,0,78000,0,0,0,83000,5000,78000,78000
058568,宏達電凱基9A購02,0,0,0,0,0,0,0,0,0,78000,0,0,0,128000,50000,78000,78000
059172,台郡凱基99購03  ,0,0,0,0,0,0,0,0,0,78000,0,0,0,79000,1000,78000,78000
061619,大立光群益9B購01,0,0,0,0,0,0,0,0,0,78000,0,0,0,78000,0,78000,78000
061731,旺宏統一9B購06  ,0,0,0,0,0,0,0,0,0,78000,0,0,0,84000,6000,78000,78000
061804,國巨中信9B購02  ,0,0,0,0,0,0,0,0,0,78000,0,0,0,78000,0,78000,78000
061836,華新科凱基05購01,0,0,0,0,0,0,0,0,0,78000,0,0,0,202000,124000,78000,78000
063074,創意永豐9B購02  ,0,0,0,0,0,0,0,0,0,78000,0,0,0,85000,7000,78000,78000
062929,SP黃豆統一9B購01,0,0,0,0,0,0,0,0,0,78000,0,0,0,78000,0,78000,78000
063488,金像電國泰01購01,0,0,0,0,0,0,0,0,0,78000,0,0,0,369000,291000,78000,78000
062821,華擎兆豐9C購01  ,0,0,0,0,0,0,0,0,0,78000,0,0,0,78000,0,78000,78000
062841,臺股指群益9B購08,0,0,0,0,0,0,0,0,0,78000,0,0,0,80000,2000,78000,78000
062638,茂林國票9C購01  ,0,0,0,0,0,0,0,0,0,78000,0,0,0,78000,0,78000,78000
064568,聯鈞群益9C購01  ,0,0,0,0,0,0,0,0,0,78000,0,0,0,164000,86000,78000,78000
3557,嘉威            ,310000,232000,78000,0,0,0,0,0,0,0,0,0,0,0,0,0,78000
2939,凱羿-KY         ,155000,77000,78000,0,0,0,0,0,0,0,0,0,0,0,0,0,78000
064918,中信金統一02購01,0,0,0,0,0,0,0,0,0,77000,0,0,0,281000,204000,77000,77000
066015,健策元富01購01  ,0,0,0,0,0,0,0,0,0,77000,0,0,0,135000,58000,77000,77000
07677P,祥碩永豐9A售01  ,0,0,0,0,0,0,0,0,0,77000,0,0,0,77000,0,77000,77000
057547,技嘉凱基99購01  ,0,0,0,0,0,0,0,0,0,77000,0,0,0,166000,89000,77000,77000
061713,華邦電凱基9A購01,0,0,0,0,0,0,0,0,0,77000,0,0,0,92000,15000,77000,77000
059607,台積電富邦9C購04,0,0,0,0,0,0,0,0,0,77000,0,0,0,77000,0,77000,77000
060314,元翎永豐9A購01  ,0,0,0,0,0,0,0,0,0,77000,0,0,0,105000,28000,77000,77000
064588,玉晶光永豐9C購05,0,0,0,0,0,0,0,0,0,77000,0,0,0,77000,0,77000,77000
063615,瑞祺群益9B購03  ,0,0,0,0,0,0,0,0,0,77000,0,0,0,77000,0,77000,77000
062550,啟碁永豐9B購01  ,0,0,0,0,0,0,0,0,0,77000,0,0,0,230000,153000,77000,77000
062252,華邦電元大9C購01,0,0,0,0,0,0,0,0,0,77000,0,0,0,345000,268000,77000,77000
063086,祥碩凱基9C購01  ,0,0,0,0,0,0,0,0,0,77000,0,0,0,123000,46000,77000,77000
063250,同欣電元大9B購03,0,0,0,0,0,0,0,0,0,77000,0,0,0,211000,134000,77000,77000
06666P,台積電日盛9A售02,0,0,0,0,0,0,0,0,0,76000,0,0,0,76000,0,76000,76000
065108,建準國票01購01  ,0,0,0,0,0,0,0,0,0,76000,0,0,0,150000,74000,76000,76000
065292,緯創群益9C購01  ,0,0,0,0,0,0,0,0,0,76000,0,0,0,127000,51000,76000,76000
056165,矽力凱基98購02  ,0,0,0,0,0,0,0,0,0,76000,0,0,0,81000,5000,76000,76000
057028,台郡凱基99購02  ,0,0,0,0,0,0,0,0,0,76000,0,0,0,93000,17000,76000,76000
056665,上証2X國票99購02,0,0,0,0,0,0,0,0,0,76000,0,0,0,87000,11000,76000,76000
052847,漢唐統一99購01  ,0,0,0,0,0,0,0,0,0,76000,0,0,0,76000,0,76000,76000
048847,A50群益98購01   ,0,0,0,0,0,0,0,0,0,76000,0,0,0,76000,0,76000,76000
059873,華新科凱基99購09,0,0,0,0,0,0,0,0,0,76000,0,0,0,130000,54000,76000,76000
061853,晶技國票9B購02  ,0,0,0,0,0,0,0,0,0,76000,0,0,0,76000,0,76000,76000
062098,億光永豐9B購01  ,0,0,0,0,0,0,0,0,0,76000,0,0,0,76000,0,76000,76000
063202,南亞科統一9C購02,0,0,0,0,0,0,0,0,0,76000,0,0,0,92000,16000,76000,76000
063543,技嘉台新9B購02  ,0,0,0,0,0,0,0,0,0,76000,0,0,0,77000,1000,76000,76000
062912,新日興元大9B購01,0,0,0,0,0,0,0,0,0,76000,0,0,0,161000,85000,76000,76000
063571,TPK元大9B購03   ,0,0,0,0,0,0,0,0,0,76000,0,0,0,82000,6000,76000,76000
063727,鴻海元大9C購05  ,0,0,0,0,0,0,0,0,0,76000,0,0,0,81000,5000,76000,76000
064200,華通兆豐01購01  ,0,0,0,0,0,0,0,0,0,76000,0,0,0,78000,2000,76000,76000
6136,富爾特          ,146000,70000,76000,0,0,0,0,0,0,0,0,0,0,0,0,0,76000
064804,英業達元大9C購01,0,0,0,0,0,0,0,0,0,75000,0,0,0,335000,260000,75000,75000
065940,立積群益02購01  ,0,0,0,0,0,0,0,0,0,75000,0,0,0,232000,157000,75000,75000
065436,力成凱基02購01  ,0,0,0,0,0,0,0,0,0,75000,0,0,0,90000,15000,75000,75000
07000P,T50反1元大99售03,0,0,0,0,0,0,0,0,0,75000,0,0,0,75000,0,75000,75000
045836,群創群益98購01  ,0,0,0,0,0,0,0,0,0,75000,0,0,0,85000,10000,75000,75000
055924,深中小群益9B購01,0,0,0,0,0,0,0,0,0,75000,0,0,0,75000,0,75000,75000
054589,聯鈞國泰99購01  ,0,0,0,0,0,0,0,0,0,75000,0,0,0,146000,71000,75000,75000
055102,上銀凱基98購01  ,0,0,0,0,0,0,0,0,0,75000,0,0,0,84000,9000,75000,75000
056786,亞光群益98購03  ,0,0,0,0,0,0,0,0,0,75000,0,0,0,75000,0,75000,75000
057772,台積電群益99購01,0,0,0,0,0,0,0,0,0,75000,0,0,0,87000,12000,75000,75000
056405,聯茂群益98購01  ,0,0,0,0,0,0,0,0,0,75000,0,0,0,92000,17000,75000,75000
062052,華通統一01購01  ,0,0,0,0,0,0,0,0,0,75000,0,0,0,93000,18000,75000,75000
060191,亞光元富9A購02  ,0,0,0,0,0,0,0,0,0,75000,0,0,0,706000,631000,75000,75000
060363,美律元富9A購01  ,0,0,0,0,0,0,0,0,0,75000,0,0,0,181000,106000,75000,75000
061028,聚陽永豐9A購01  ,0,0,0,0,0,0,0,0,0,75000,0,0,0,133000,58000,75000,75000
061030,喬山永豐9A購01  ,0,0,0,0,0,0,0,0,0,75000,0,0,0,75000,0,75000,75000
061372,世紀鋼國泰9C購01,0,0,0,0,0,0,0,0,0,75000,0,0,0,296000,221000,75000,75000
064025,友達元大02購01  ,0,0,0,0,0,0,0,0,0,75000,0,0,0,224000,149000,75000,75000
063728,國巨元大9B購21  ,0,0,0,0,0,0,0,0,0,75000,0,0,0,102000,27000,75000,75000
063741,GIS元大9B購04   ,0,0,0,0,0,0,0,0,0,75000,0,0,0,125000,50000,75000,75000
064517,國巨群益02購01  ,0,0,0,0,0,0,0,0,0,75000,0,0,0,75000,0,75000,75000
062832,嘉澤群益9B購02  ,0,0,0,0,0,0,0,0,0,75000,0,0,0,77000,2000,75000,75000
062805,台勝科統一9C購01,0,0,0,0,0,0,0,0,0,75000,0,0,0,126000,51000,75000,75000
062606,聯電凱基9C購02  ,0,0,0,0,0,0,0,0,0,75000,0,0,0,251000,176000,75000,75000
062230,緯穎統一01購01  ,0,0,0,0,0,0,0,0,0,75000,0,0,0,75000,0,75000,75000
062980,康控元富9B購01  ,0,0,0,0,0,0,0,0,0,75000,0,0,0,735000,660000,75000,75000
2328,廣宇            ,553000,483000,70000,0,0,0,0,0,0,5000,5000,0,5000,0,0,0,75000
08259P,華新科元大9C售04,0,0,0,0,0,0,0,0,0,75000,0,0,0,100000,25000,75000,75000
08276P,可成元富9C售02  ,0,0,0,0,0,0,0,0,0,75000,0,0,0,180000,105000,75000,75000
07258P,台灣50台新9A售01,0,0,0,0,0,0,0,0,0,74000,0,0,0,284000,210000,74000,74000
065264,亞光元大9C購02  ,0,0,0,0,0,0,0,0,0,74000,0,0,0,649000,575000,74000,74000
065146,帆宣凱基9C購01  ,0,0,0,0,0,0,0,0,0,74000,0,0,0,146000,72000,74000,74000
065180,台表科元大9C購10,0,0,0,0,0,0,0,0,0,74000,0,0,0,90000,16000,74000,74000
061531,奇鋐台新9A購01  ,0,0,0,0,0,0,0,0,0,74000,0,0,0,74000,0,74000,74000
061835,華新科凱基02購03,0,0,0,0,0,0,0,0,0,74000,0,0,0,141000,67000,74000,74000
061922,瑞昱凱基9B購01  ,0,0,0,0,0,0,0,0,0,74000,0,0,0,98000,24000,74000,74000
058741,欣興日盛99購01  ,0,0,0,0,0,0,0,0,0,74000,0,0,0,75000,1000,74000,74000
062529,可成統一9C購03  ,0,0,0,0,0,0,0,0,0,74000,0,0,0,74000,0,74000,74000
062862,瑞儀國票9B購01  ,0,0,0,0,0,0,0,0,0,74000,0,0,0,74000,0,74000,74000
064619,南亞科元大9C購05,0,0,0,0,0,0,0,0,0,74000,0,0,0,87000,13000,74000,74000
063752,瑞祺國票9C購01  ,0,0,0,0,0,0,0,0,0,74000,0,0,0,94000,20000,74000,74000
1449,佳和            ,243000,169000,74000,0,0,0,0,0,0,0,0,0,0,0,0,0,74000
2401,凌陽            ,907000,829000,78000,0,0,0,0,0,0,-4000,40000,44000,-4000,0,0,0,74000
065669,義隆凱基01購03  ,0,0,0,0,0,0,0,0,0,73000,0,0,0,95000,22000,73000,73000
065673,嘉晶凱基01購02  ,0,0,0,0,0,0,0,0,0,73000,0,0,0,76000,3000,73000,73000
065953,宏達電統一03購01,0,0,0,0,0,0,0,0,0,73000,0,0,0,73000,0,73000,73000
056655,旺宏元大99購02  ,0,0,0,0,0,0,0,0,0,73000,0,0,0,159000,86000,73000,73000
054586,健鼎國泰99購01  ,0,0,0,0,0,0,0,0,0,73000,0,0,0,111000,38000,73000,73000
055525,國巨群益98購05  ,0,0,0,0,0,0,0,0,0,73000,0,0,0,77000,4000,73000,73000
055732,全新元富9A購01  ,0,0,0,0,0,0,0,0,0,73000,0,0,0,73000,0,73000,73000
055661,亞德客中信98購01,0,0,0,0,0,0,0,0,0,73000,0,0,0,107000,34000,73000,73000
061586,智邦富邦9A購02  ,0,0,0,0,0,0,0,0,0,73000,0,0,0,73000,0,73000,73000
061634,遠東新元大9A購01,0,0,0,0,0,0,0,0,0,73000,0,0,0,99000,26000,73000,73000
061754,晶技麥證9B購01  ,0,0,0,73000,0,73000,0,0,0,73000,0,0,0,73000,0,73000,73000
061245,晶技群益9A購01  ,0,0,0,0,0,0,0,0,0,73000,0,0,0,171000,98000,73000,73000
061127,美食永豐9A購01  ,0,0,0,0,0,0,0,0,0,73000,0,0,0,110000,37000,73000,73000
060347,大立光統一02購01,0,0,0,0,0,0,0,0,0,73000,0,0,0,176000,103000,73000,73000
063740,矽格元大9B購03  ,0,0,0,0,0,0,0,0,0,73000,0,0,0,329000,256000,73000,73000
063895,新光金群益01購01,0,0,0,0,0,0,0,0,0,73000,0,0,0,80000,7000,73000,73000
063656,台光電元富03購01,0,0,0,0,0,0,0,0,0,73000,0,0,0,106000,33000,73000,73000
1604,聲寶            ,317000,243000,74000,0,0,0,0,0,0,-1000,0,1000,-1000,0,0,0,73000
065041,金像電凱基02購02,0,0,0,0,0,0,0,0,0,72000,0,0,0,100000,28000,72000,72000
065015,上証2X富邦01購01,0,0,0,0,0,0,0,0,0,72000,0,0,0,77000,5000,72000,72000
08179P,華新科元大9B售13,0,0,0,0,0,0,0,0,0,72000,0,0,0,72000,0,72000,72000
08130P,義隆元大9B售05  ,0,0,0,0,0,0,0,0,0,72000,0,0,0,156000,84000,72000,72000
057694,臺股指凱基98購12,0,0,0,0,0,0,0,0,0,72000,0,0,0,84000,12000,72000,72000
060238,強茂元大9C購01  ,0,0,0,0,0,0,0,0,0,72000,0,0,0,82000,10000,72000,72000
057019,台積電凱基98購14,0,0,0,0,0,0,0,0,0,72000,0,0,0,72000,0,72000,72000
061318,智邦凱基9B購01  ,0,0,0,0,0,0,0,0,0,72000,0,0,0,141000,69000,72000,72000
058344,旺宏群益99購05  ,0,0,0,0,0,0,0,0,0,72000,0,0,0,72000,0,72000,72000
061723,嘉聯益永豐9A購03,0,0,0,0,0,0,0,0,0,72000,0,0,0,72000,0,72000,72000
063694,貿聯永豐9B購01  ,0,0,0,0,0,0,0,0,0,72000,0,0,0,82000,10000,72000,72000
063698,上銀群益9B購05  ,0,0,0,0,0,0,0,0,0,72000,0,0,0,170000,98000,72000,72000
064506,康控元大9C購02  ,0,0,0,0,0,0,0,0,0,72000,0,0,0,268000,196000,72000,72000
064559,旺宏群益01購02  ,0,0,0,0,0,0,0,0,0,72000,0,0,0,101000,29000,72000,72000
064538,鈺齊國票01購01  ,0,0,0,0,0,0,0,0,0,72000,0,0,0,90000,18000,72000,72000
064744,創意國票01購02  ,0,0,0,0,0,0,0,0,0,72000,0,0,0,92000,20000,72000,72000
064374,旺宏元富9C購01  ,0,0,0,0,0,0,0,0,0,72000,0,0,0,118000,46000,72000,72000
064385,台積電富邦03購02,0,0,0,0,0,0,0,0,0,72000,0,0,0,415000,343000,72000,72000
062757,華通凱基9B購02  ,0,0,0,0,0,0,0,0,0,72000,0,0,0,153000,81000,72000,72000
062589,友達統一9C購03  ,0,0,0,0,0,0,0,0,0,72000,0,0,0,72000,0,72000,72000
062549,中租永豐9B購01  ,0,0,0,0,0,0,0,0,0,72000,0,0,0,136000,64000,72000,72000
063014,技嘉元大9B購03  ,0,0,0,0,0,0,0,0,0,72000,0,0,0,152000,80000,72000,72000
063192,技嘉台新9B購01  ,0,0,0,0,0,0,0,0,0,72000,0,0,0,72000,0,72000,72000
065125,奇力新永豐9C購01,0,0,0,0,0,0,0,0,0,71000,0,0,0,81000,10000,71000,71000
065612,聯茂元大9C購07  ,0,0,0,0,0,0,0,0,0,71000,0,0,0,185000,114000,71000,71000
065501,旭富富邦9C購01  ,0,0,0,0,0,0,0,0,0,71000,0,0,0,81000,10000,71000,71000
057003,立積國票98購01  ,0,0,0,0,0,0,0,0,0,71000,0,0,0,71000,0,71000,71000
053798,台積電中信98購02,0,0,0,0,0,0,0,0,0,71000,0,0,0,519000,448000,71000,71000
060093,友達元大03購01  ,0,0,0,0,0,0,0,0,0,71000,0,0,0,71000,0,71000,71000
062068,滬深2X元大9B購02,0,0,0,0,0,0,0,0,0,71000,0,0,0,71000,0,71000,71000
060316,福懋科永豐9A購01,0,0,0,0,0,0,0,0,0,71000,0,0,0,142000,71000,71000,71000
063482,緯穎元大9B購09  ,0,0,0,0,0,0,0,0,0,71000,0,0,0,101000,30000,71000,71000
062886,中興電群益9B購01,0,0,0,0,0,0,0,0,0,71000,0,0,0,160000,89000,71000,71000
065877,TPK群益9C購05   ,0,0,0,0,0,0,0,0,0,70000,0,0,0,82000,12000,70000,70000
07473P,祥碩元大9A售01  ,0,0,0,0,0,0,0,0,0,70000,0,0,0,159000,89000,70000,70000
066089,文曄永豐01購01  ,0,0,0,0,0,0,0,0,0,70000,0,0,0,71000,1000,70000,70000
056877,群創凱基99購04  ,0,0,0,0,0,0,0,0,0,70000,0,0,0,232000,162000,70000,70000
056792,訊芯群益98購01  ,0,0,0,0,0,0,0,0,0,70000,0,0,0,70000,0,70000,70000
052626,上証2X中信9A購01,0,0,0,0,0,0,0,0,0,70000,0,0,0,70000,0,70000,70000
056341,宏達電凱基9A購01,0,0,0,0,0,0,0,0,0,70000,0,0,0,70000,0,70000,70000
056392,玉晶光富邦9C購01,0,0,0,0,0,0,0,0,0,70000,0,0,0,383000,313000,70000,70000
056962,技嘉永豐98購01  ,0,0,0,0,0,0,0,0,0,70000,0,0,0,90000,20000,70000,70000
056971,麗豐永豐98購01  ,0,0,0,0,0,0,0,0,0,70000,0,0,0,120000,50000,70000,70000
058476,旺宏凱基9A購01  ,0,0,0,0,0,0,0,0,0,70000,0,0,0,80000,10000,70000,70000
061462,國巨群益9A購11  ,0,0,0,0,0,0,0,0,0,70000,0,0,0,73000,3000,70000,70000
062035,瑞祺群益9B購01  ,0,0,0,0,0,0,0,0,0,70000,0,0,0,75000,5000,70000,70000
062028,晶技群益9B購01  ,0,0,0,0,0,0,0,0,0,70000,0,0,0,275000,205000,70000,70000
061741,新光金凱基9B購01,0,0,0,0,0,0,0,0,0,70000,0,0,0,70000,0,70000,70000
059532,華新科凱基9B購03,0,0,0,0,0,0,0,0,0,70000,0,0,0,158000,88000,70000,70000
058864,欣興凱基99購04  ,0,0,0,0,0,0,0,0,0,70000,0,0,0,83000,13000,70000,70000
062897,上銀元大9B購06  ,0,0,0,0,0,0,0,0,0,70000,0,0,0,220000,150000,70000,70000
063546,國巨兆豐9C購03  ,0,0,0,0,0,0,0,0,0,70000,0,0,0,80000,10000,70000,70000
063353,上銀元富9B購03  ,0,0,0,0,0,0,0,0,0,70000,0,0,0,143000,73000,70000,70000
062984,致新元富9B購01  ,0,0,0,0,0,0,0,0,0,70000,0,0,0,415000,345000,70000,70000
064415,群創麥證9C購01  ,0,0,0,70000,0,70000,0,0,0,70000,0,0,0,70000,0,70000,70000
064433,金像電凱基02購01,0,0,0,0,0,0,0,0,0,70000,0,0,0,80000,10000,70000,70000
064753,英業達凱基9C購01,0,0,0,0,0,0,0,0,0,70000,0,0,0,80000,10000,70000,70000
07768P,緯穎群益9A售02  ,0,0,0,0,0,0,0,0,0,69000,0,0,0,100000,31000,69000,69000
08006P,長榮航中信03售01,0,0,0,0,0,0,0,0,0,69000,0,0,0,69000,0,69000,69000
065474,旺宏元大9C購06  ,0,0,0,0,0,0,0,0,0,69000,0,0,0,169000,100000,69000,69000
065286,瑞昱群益9C購03  ,0,0,0,0,0,0,0,0,0,69000,0,0,0,71000,2000,69000,69000
065339,旺宏統一01購08  ,0,0,0,0,0,0,0,0,0,69000,0,0,0,69000,0,69000,69000
060420,神基永豐9A購01  ,0,0,0,0,0,0,0,0,0,69000,0,0,0,79000,10000,69000,69000
056543,京鼎凱基98購01  ,0,0,0,0,0,0,0,0,0,69000,0,0,0,115000,46000,69000,69000
056540,聯詠凱基98購02  ,0,0,0,0,0,0,0,0,0,69000,0,0,0,69000,0,69000,69000
058435,旺宏統一9B購02  ,0,0,0,0,0,0,0,0,0,69000,0,0,0,69000,0,69000,69000
057515,智原元富98購02  ,0,0,0,0,0,0,0,0,0,69000,0,0,0,189000,120000,69000,69000
047004,台積電統一99購01,0,0,0,0,0,0,0,0,0,69000,0,0,0,79000,10000,69000,69000
054874,帆宣群益99購02  ,0,0,0,0,0,0,0,0,0,69000,0,0,0,79000,10000,69000,69000
058766,力山兆豐99購01  ,0,0,0,0,0,0,0,0,0,69000,0,0,0,155000,86000,69000,69000
061995,超眾元大01購01  ,0,0,0,0,0,0,0,0,0,69000,0,0,0,69000,0,69000,69000
058299,同欣電凱基9A購01,0,0,0,0,0,0,0,0,0,69000,0,0,0,100000,31000,69000,69000
064405,美食凱基01購02  ,0,0,0,0,0,0,0,0,0,69000,0,0,0,83000,14000,69000,69000
064396,創意永豐9C購01  ,0,0,0,0,0,0,0,0,0,69000,0,0,0,84000,15000,69000,69000
064113,新日興國票01購01,0,0,0,0,0,0,0,0,0,69000,0,0,0,147000,78000,69000,69000
064114,南茂國票01購01  ,0,0,0,0,0,0,0,0,0,69000,0,0,0,72000,3000,69000,69000
063420,奇力新凱基9B購03,0,0,0,0,0,0,0,0,0,69000,0,0,0,159000,90000,69000,69000
065335,玉晶光台新9C購03,0,0,0,0,0,0,0,0,0,68000,0,0,0,68000,0,68000,68000
065611,嘉聯益元大9C購02,0,0,0,0,0,0,0,0,0,68000,0,0,0,251000,183000,68000,68000
065720,義隆兆豐9C購03  ,0,0,0,0,0,0,0,0,0,68000,0,0,0,108000,40000,68000,68000
08003P,國巨國泰9B售07  ,0,0,0,0,0,0,0,0,0,68000,0,0,0,88000,20000,68000,68000
07334P,臺股指國票99售19,0,0,0,0,0,0,0,0,0,68000,0,0,0,68000,0,68000,68000
066082,康友國泰03購01  ,0,0,0,0,0,0,0,0,0,68000,0,0,0,173000,105000,68000,68000
054771,茂林國票98購02  ,0,0,0,0,0,0,0,0,0,68000,0,0,0,108000,40000,68000,68000
00731,FH富時高息低波  ,0,1000,-1000,0,0,0,0,0,0,69000,0,0,0,1148000,1079000,69000,68000
057542,上銀凱基99購01  ,0,0,0,0,0,0,0,0,0,68000,0,0,0,68000,0,68000,68000
057841,茂林富邦9A購02  ,0,0,0,0,0,0,0,0,0,68000,0,0,0,70000,2000,68000,68000
056361,美律元大99購02  ,0,0,0,0,0,0,0,0,0,68000,0,0,0,68000,0,68000,68000
059298,大立光元富9C購02,0,0,0,0,0,0,0,0,0,68000,0,0,0,166000,98000,68000,68000
062021,康控永豐9B購01  ,0,0,0,0,0,0,0,0,0,68000,0,0,0,68000,0,68000,68000
061790,中租群益9B購01  ,0,0,0,0,0,0,0,0,0,68000,0,0,0,68000,0,68000,68000
058874,聯鈞國票9A購01  ,0,0,0,0,0,0,0,0,0,68000,0,0,0,68000,0,68000,68000
063403,鈺齊群益9B購01  ,0,0,0,0,0,0,0,0,0,68000,0,0,0,78000,10000,68000,68000
062488,台光電永豐9B購02,0,0,0,0,0,0,0,0,0,68000,0,0,0,68000,0,68000,68000
062372,旭富元大9B購01  ,0,0,0,0,0,0,0,0,0,68000,0,0,0,128000,60000,68000,68000
062172,南六永豐9B購01  ,0,0,0,0,0,0,0,0,0,68000,0,0,0,68000,0,68000,68000
063841,國巨元大01購01  ,0,0,0,0,0,0,0,0,0,68000,0,0,0,277000,209000,68000,68000
063777,儒鴻永豐9B購02  ,0,0,0,0,0,0,0,0,0,68000,0,0,0,68000,0,68000,68000
064287,日月光元大9C購01,0,0,0,0,0,0,0,0,0,68000,0,0,0,91000,23000,68000,68000
06433P,大立光群益99售01,0,0,0,0,0,0,0,0,0,68000,0,0,0,70000,2000,68000,68000
064612,聯電元大01購01  ,0,0,0,0,0,0,0,0,0,68000,0,0,0,170000,102000,68000,68000
08363P,南亞科凱基01售01,0,0,0,0,0,0,0,0,0,68000,0,0,0,90000,22000,68000,68000
3494,誠研            ,76000,8000,68000,0,0,0,0,0,0,0,0,0,0,0,0,0,68000
066090,泰鼎永豐01購01  ,0,0,0,0,0,0,0,0,0,67000,0,0,0,132000,65000,67000,67000
06789P,鴻海凱基98售12  ,0,0,0,0,0,0,0,0,0,67000,0,0,0,67000,0,67000,67000
08018P,牧德國票9B售04  ,0,0,0,0,0,0,0,0,0,67000,0,0,0,97000,30000,67000,67000
065722,緯創兆豐9C購02  ,0,0,0,0,0,0,0,0,0,67000,0,0,0,668000,601000,67000,67000
065965,國巨元大01購05  ,0,0,0,0,0,0,0,0,0,67000,0,0,0,168000,101000,67000,67000
060413,東元永豐9A購01  ,0,0,0,0,0,0,0,0,0,67000,0,0,0,79000,12000,67000,67000
056702,欣興國泰9A購01  ,0,0,0,0,0,0,0,0,0,67000,0,0,0,87000,20000,67000,67000
057357,超眾統一98購01  ,0,0,0,0,0,0,0,0,0,67000,0,0,0,67000,0,67000,67000
053705,滬深2X凱基99購01,0,0,0,0,0,0,0,0,0,67000,0,0,0,67000,0,67000,67000
05348P,美律元富98售01  ,0,0,0,0,0,0,0,0,0,67000,0,0,0,90000,23000,67000,67000
061638,國泰金元大9A購03,0,0,0,0,0,0,0,0,0,67000,0,0,0,67000,0,67000,67000
062070,金寶元大9B購01  ,0,0,0,0,0,0,0,0,0,67000,0,0,0,68000,1000,67000,67000
061207,美律元大9A購04  ,0,6000,-6000,0,0,0,0,0,0,73000,0,0,0,81000,8000,73000,67000
064669,健策元大01購03  ,0,0,0,0,0,0,0,0,0,67000,0,0,0,431000,364000,67000,67000
064105,南茂群益9C購01  ,0,0,0,0,0,0,0,0,0,67000,0,0,0,67000,0,67000,67000
063991,南六永豐9C購02  ,0,0,0,0,0,0,0,0,0,67000,0,0,0,68000,1000,67000,67000
063493,金像電富邦01購01,0,0,0,0,0,0,0,0,0,67000,0,0,0,446000,379000,67000,67000
1808,潤隆            ,107000,39000,68000,0,0,0,0,0,0,-1000,0,1000,-1000,0,0,0,67000
910322,康師傅-DR       ,69000,2000,67000,0,0,0,0,0,0,0,0,0,0,0,0,0,67000
065776,鴻海國泰03購01  ,0,0,0,0,0,0,0,0,0,66000,0,0,0,111000,45000,66000,66000
065613,GIS元大9C購08   ,0,0,0,0,0,0,0,0,0,66000,0,0,0,139000,73000,66000,66000
065408,華通永豐9C購02  ,0,0,0,0,0,0,0,0,0,66000,0,0,0,74000,8000,66000,66000
065198,玉晶光元富06購01,0,0,0,0,0,0,0,0,0,66000,0,0,0,136000,70000,66000,66000
064984,同欣電元大9C購06,0,0,0,0,0,0,0,0,0,66000,0,0,0,101000,35000,66000,66000
064940,智伸科元富9C購01,0,0,0,0,0,0,0,0,0,66000,0,0,0,326000,260000,66000,66000
042953,鴻海台新01購01  ,0,0,0,0,0,0,0,0,0,66000,0,0,0,66000,0,66000,66000
057691,健策凱基99購01  ,0,0,0,0,0,0,0,0,0,66000,0,0,0,68000,2000,66000,66000
057321,台泥群益98購01  ,0,0,0,0,0,0,0,0,0,66000,0,0,0,66000,0,66000,66000
057601,中磊群益98購01  ,0,0,0,0,0,0,0,0,0,66000,0,0,0,158000,92000,66000,66000
056411,緯穎國票99購01  ,0,0,0,0,0,0,0,0,0,66000,0,0,0,160000,94000,66000,66000
056700,華新科國泰99購03,0,0,0,0,0,0,0,0,0,66000,0,0,0,226000,160000,66000,66000
059295,大立光元富99購05,0,0,0,0,0,0,0,0,0,66000,0,0,0,141000,75000,66000,66000
060926,宏達電永豐9A購01,0,0,0,0,0,0,0,0,0,66000,0,0,0,66000,0,66000,66000
060861,漢唐永豐9A購01  ,0,0,0,0,0,0,0,0,0,66000,0,0,0,66000,0,66000,66000
061929,嘉澤凱基9B購01  ,0,0,0,0,0,0,0,0,0,66000,0,0,0,66000,0,66000,66000
061667,友達中信9A購02  ,0,0,0,0,0,0,0,0,0,66000,0,0,0,66000,0,66000,66000
061679,健策元大9B購04  ,0,0,0,0,0,0,0,0,0,66000,0,0,0,225000,159000,66000,66000
059689,南亞科永豐99購02,0,0,0,0,0,0,0,0,0,66000,0,0,0,128000,62000,66000,66000
062744,超眾國泰9C購01  ,0,0,0,0,0,0,0,0,0,66000,0,0,0,66000,0,66000,66000
062641,瀚宇博國票9B購01,0,0,0,0,0,0,0,0,0,66000,0,0,0,88000,22000,66000,66000
062647,南電國泰9C購02  ,0,0,0,0,0,0,0,0,0,66000,0,0,0,126000,60000,66000,66000
064081,國產中信06購01  ,0,0,0,0,0,0,0,0,0,66000,0,0,0,186000,120000,66000,66000
063763,上銀元富9B購07  ,0,0,0,0,0,0,0,0,0,66000,0,0,0,81000,15000,66000,66000
063714,超眾凱基9B購03  ,0,0,0,0,0,0,0,0,0,66000,0,0,0,67000,1000,66000,66000
5305,敦南            ,94000,28000,66000,0,0,0,0,0,0,0,0,0,0,0,0,0,66000
064877,可成兆豐9C購02  ,0,0,0,0,0,0,0,0,0,65000,0,0,0,70000,5000,65000,65000
064862,創意富邦03購01  ,0,0,0,0,0,0,0,0,0,65000,0,0,0,65000,0,65000,65000
065508,大成鋼群益01購01,0,0,0,0,0,0,0,0,0,65000,0,0,0,65000,0,65000,65000
065694,國巨群益9C購19  ,0,0,0,0,0,0,0,0,0,65000,0,0,0,68000,3000,65000,65000
065668,南亞科凱基9C購02,0,0,0,0,0,0,0,0,0,65000,0,0,0,148000,83000,65000,65000
07836P,大成鋼元大9A售01,0,0,0,0,0,0,0,0,0,65000,0,0,0,65000,0,65000,65000
057740,茂林富邦9A購01  ,0,0,0,0,0,0,0,0,0,65000,0,0,0,294000,229000,65000,65000
055246,美律統一98購01  ,0,0,0,0,0,0,0,0,0,65000,0,0,0,65000,0,65000,65000
054795,合勤控群益98購01,0,0,0,0,0,0,0,0,0,65000,0,0,0,70000,5000,65000,65000
052695,台表科中信98購01,0,0,0,0,0,0,0,0,0,65000,0,0,0,70000,5000,65000,65000
047676,臺股指元富99購01,0,0,0,0,0,0,0,0,0,65000,0,0,0,65000,0,65000,65000
059844,大立光富邦9C購04,0,0,0,0,0,0,0,0,0,65000,0,0,0,65000,0,65000,65000
060878,奇力新中信9C購01,0,0,0,0,0,0,0,0,0,65000,0,0,0,70000,5000,65000,65000
060915,旭富元大9A購01  ,0,0,0,0,0,0,0,0,0,65000,0,0,0,154000,89000,65000,65000
063761,嘉澤統一02購01  ,0,0,0,0,0,0,0,0,0,65000,0,0,0,65000,0,65000,65000
063901,緯穎群益9C購01  ,0,0,0,0,0,0,0,0,0,65000,0,0,0,132000,67000,65000,65000
064499,可成元大9C購07  ,0,0,0,0,0,0,0,0,0,65000,0,0,0,71000,6000,65000,65000
064298,台灣50兆豐01購02,0,0,0,0,0,0,0,0,0,65000,0,0,0,102000,37000,65000,65000
4989,榮科            ,103000,38000,65000,0,0,0,0,0,0,0,0,0,0,0,0,0,65000
08362P,國巨凱基02售01  ,0,0,0,0,0,0,0,0,0,65000,0,0,0,70000,5000,65000,65000
07747P,晶技凱基9A售04  ,0,0,0,0,0,0,0,0,0,64000,0,0,0,64000,0,64000,64000
065546,景碩兆豐01購01  ,0,0,0,0,0,0,0,0,0,64000,0,0,0,83000,19000,64000,64000
065535,健鼎統一02購03  ,0,0,0,0,0,0,0,0,0,64000,0,0,0,90000,26000,64000,64000
064896,華新科群益01購02,0,0,0,0,0,0,0,0,0,64000,0,0,0,309000,245000,64000,64000
064953,嘉晶凱基9C購02  ,0,0,0,0,0,0,0,0,0,64000,0,0,0,64000,0,64000,64000
065212,瑞儀國票01購01  ,0,0,0,0,0,0,0,0,0,64000,0,0,0,96000,32000,64000,64000
065190,緯穎統一9C購02  ,0,0,0,0,0,0,0,0,0,64000,0,0,0,84000,20000,64000,64000
065231,宏達電凱基01購01,0,0,0,0,0,0,0,0,0,64000,0,0,0,92000,28000,64000,64000
065228,南亞科凱基01購03,0,0,0,0,0,0,0,0,0,64000,0,0,0,116000,52000,64000,64000
065333,冠德國票01購01  ,0,0,0,0,0,0,0,0,0,64000,0,0,0,64000,0,64000,64000
054172,易華電凱基98購01,0,0,0,0,0,0,0,0,0,64000,0,0,0,64000,0,64000,64000
056187,京鼎統一97購01  ,0,0,0,0,0,0,0,0,0,64000,0,0,0,88000,24000,64000,64000
057421,智原凱基98購04  ,0,0,0,0,0,0,0,0,0,64000,0,0,0,79000,15000,64000,64000
060565,大立光富邦01購01,0,0,0,0,0,0,0,0,0,64000,0,0,0,80000,16000,64000,64000
059425,SGBR2X元大9A購02,0,0,0,0,0,0,0,0,0,64000,0,0,0,84000,20000,64000,64000
061798,晶豪科永豐9B購01,0,0,0,0,0,0,0,0,0,64000,0,0,0,164000,100000,64000,64000
061610,力成統一9C購01  ,0,0,0,0,0,0,0,0,0,64000,0,0,0,444000,380000,64000,64000
061525,華新科凱基9A購13,0,0,0,0,0,0,0,0,0,64000,0,0,0,64000,0,64000,64000
064330,燿華元大9C購02  ,0,0,0,0,0,0,0,0,0,64000,0,0,0,93000,29000,64000,64000
064616,智邦元大9C購04  ,0,0,0,0,0,0,0,0,0,64000,0,0,0,81000,17000,64000,64000
063816,TPK群益9C購01   ,0,0,0,0,0,0,0,0,0,64000,0,0,0,89000,25000,64000,64000
062491,矽創永豐9B購01  ,0,0,0,0,0,0,0,0,0,64000,0,0,0,109000,45000,64000,64000
063522,技嘉凱基9B購03  ,0,0,0,0,0,0,0,0,0,64000,0,0,0,103000,39000,64000,64000
063121,友達元大9C購09  ,0,0,0,0,0,0,0,0,0,64000,0,0,0,74000,10000,64000,64000
063084,可成凱基9C購01  ,0,0,0,0,0,0,0,0,0,64000,0,0,0,73000,9000,64000,64000
08610P,鴻海凱基9C售05  ,0,0,0,0,0,0,0,0,0,64000,0,0,0,64000,0,64000,64000
2101,南港            ,775000,532000,243000,0,0,0,0,0,0,-179000,5000,5000,0,24000,203000,-179000,64000
4306,炎洲            ,227000,161000,66000,0,0,0,0,0,0,-2000,0,2000,-2000,0,0,0,64000
065256,上銀元大9C購10  ,0,0,0,0,0,0,0,0,0,63000,0,0,0,365000,302000,63000,63000
065238,聯茂凱基02購01  ,0,0,0,0,0,0,0,0,0,63000,0,0,0,126000,63000,63000,63000
066041,台光電元大01購02,0,0,0,0,0,0,0,0,0,63000,0,0,0,63000,0,63000,63000
056712,京鼎永豐98購01  ,0,0,0,0,0,0,0,0,0,63000,0,0,0,101000,38000,63000,63000
057136,立積凱基98購02  ,0,0,0,0,0,0,0,0,0,63000,0,0,0,63000,0,63000,63000
055230,大毅國票98購01  ,0,0,0,0,0,0,0,0,0,63000,0,0,0,63000,0,63000,63000
053095,台光電統一98購01,0,0,0,0,0,0,0,0,0,63000,0,0,0,63000,0,63000,63000
059006,樺漢元大99購01  ,0,0,0,0,0,0,0,0,0,63000,0,0,0,81000,18000,63000,63000
059363,超眾永豐99購02  ,0,0,0,0,0,0,0,0,0,63000,0,0,0,63000,0,63000,63000
058061,貿聯元富9B購01  ,0,0,0,0,0,0,0,0,0,63000,0,0,0,91000,28000,63000,63000
063563,國巨元大9C購07  ,0,0,0,0,0,0,0,0,0,63000,0,0,0,89000,26000,63000,63000
062460,京鼎群益9C購01  ,0,0,0,0,0,0,0,0,0,63000,0,0,0,93000,30000,63000,63000
063999,日月光兆豐9C購01,0,0,0,0,0,0,0,0,0,63000,0,0,0,63000,0,63000,63000
064050,景碩統一01購01  ,0,0,0,0,0,0,0,0,0,63000,0,0,0,63000,0,63000,63000
064646,群創凱基02購01  ,0,0,0,0,0,0,0,0,0,63000,0,0,0,264000,201000,63000,63000
064766,矽創凱基9C購01  ,0,0,0,0,0,0,0,0,0,63000,0,0,0,165000,102000,63000,63000
1536,和大            ,669000,979000,-310000,0,0,0,150000,0,150000,223000,83000,27000,56000,189000,22000,167000,63000
08471P,日月光凱基9C售02,0,0,0,0,0,0,0,0,0,63000,0,0,0,63000,0,63000,63000
6669,緯穎            ,553091,307113,245978,0,0,0,22000,186000,-164000,-19000,21000,10000,11000,5000,35000,-30000,62978
065112,台表科國票02購01,0,0,0,0,0,0,0,0,0,62000,0,0,0,62000,0,62000,62000
065282,國巨群益9C購14  ,0,0,0,0,0,0,0,0,0,62000,0,0,0,68000,6000,62000,62000
065372,漢唐元大9C購02  ,10000,0,10000,0,0,0,0,0,0,52000,0,0,0,163000,111000,52000,62000
064985,台表科元大9C購09,0,0,0,0,0,0,0,0,0,62000,0,0,0,116000,54000,62000,62000
052838,新唐國泰98購01  ,0,0,0,0,0,0,0,0,0,62000,0,0,0,70000,8000,62000,62000
055519,茂林中信99購01  ,0,0,0,0,0,0,0,0,0,62000,0,0,0,110000,48000,62000,62000
057709,電子類群益98購01,0,0,0,0,0,0,0,0,0,62000,0,0,0,62000,0,62000,62000
060506,京元電元大9A購02,0,0,0,0,0,0,0,0,0,62000,0,0,0,268000,206000,62000,62000
056277,上銀富邦99購02  ,0,0,0,0,0,0,0,0,0,62000,0,0,0,187000,125000,62000,62000
061296,台積電國泰9C購01,0,0,0,0,0,0,0,0,0,62000,0,0,0,75000,13000,62000,62000
061822,和潤群益9B購01  ,0,0,0,0,0,0,0,0,0,62000,0,0,0,72000,10000,62000,62000
061776,晶技國票9B購01  ,0,0,0,0,0,0,0,0,0,62000,0,0,0,79000,17000,62000,62000
064120,鴻海元大9C購07  ,0,0,0,0,0,0,0,0,0,62000,0,0,0,68000,6000,62000,62000
064162,貿聯統一02購01  ,0,0,0,0,0,0,0,0,0,62000,0,0,0,107000,45000,62000,62000
063802,南茂凱基9C購01  ,0,0,0,0,0,0,0,0,0,62000,0,0,0,156000,94000,62000,62000
063639,華擎元大9C購03  ,0,0,0,0,0,0,0,0,0,62000,0,0,0,268000,206000,62000,62000
062434,華通元大9B購04  ,0,0,0,0,0,0,0,0,0,62000,0,0,0,106000,44000,62000,62000
062310,南亞科凱基9B購02,0,0,0,0,0,0,0,0,0,62000,0,0,0,130000,68000,62000,62000
063515,香港2X凱基01購01,0,0,0,0,0,0,0,0,0,62000,0,0,0,121000,59000,62000,62000
063258,緯穎國泰9C購01  ,0,0,0,0,0,0,0,0,0,62000,0,0,0,82000,20000,62000,62000
3032,偉訓            ,76000,14000,62000,0,0,0,0,0,0,0,0,0,0,0,0,0,62000
6189,豐藝            ,83000,21000,62000,0,0,0,0,0,0,0,0,0,0,0,0,0,62000
064900,景碩群益01購01  ,0,0,0,0,0,0,0,0,0,61000,0,0,0,61000,0,61000,61000
065615,南電元大01購03  ,0,0,0,0,0,0,0,0,0,61000,0,0,0,111000,50000,61000,61000
065731,群創凱基03購02  ,0,0,0,0,0,0,0,0,0,61000,0,0,0,124000,63000,61000,61000
065737,南茂凱基9C購02  ,0,0,0,0,0,0,0,0,0,61000,0,0,0,149000,88000,61000,61000
07922P,大立光群益9B售05,0,0,0,0,0,0,0,0,0,61000,0,0,0,72000,11000,61000,61000
057390,台表科永豐98購01,0,0,0,0,0,0,0,0,0,61000,0,0,0,131000,70000,61000,61000
058487,晶技國票9A購01  ,0,0,0,0,0,0,0,0,0,61000,0,0,0,62000,1000,61000,61000
056581,超眾元大99購01  ,0,0,0,0,0,0,0,0,0,61000,0,0,0,61000,0,61000,61000
056813,聯茂統一99購01  ,0,0,0,0,0,0,0,0,0,61000,0,0,0,269000,208000,61000,61000
055689,台郡凱基99購01  ,0,0,0,0,0,0,0,0,0,61000,0,0,0,110000,49000,61000,61000
059094,臻鼎元大99購03  ,0,0,0,0,0,0,0,0,0,61000,0,0,0,111000,50000,61000,61000
059947,貿聯永豐99購03  ,0,0,0,0,0,0,0,0,0,61000,0,0,0,61000,0,61000,61000
059765,嘉聯益永豐99購02,0,0,0,0,0,0,0,0,0,61000,0,0,0,86000,25000,61000,61000
059815,SP黃豆凱基9A購03,0,0,0,0,0,0,0,0,0,61000,0,0,0,61000,0,61000,61000
059169,可成凱基99購04  ,0,0,0,0,0,0,0,0,0,61000,0,0,0,61000,0,61000,61000
061511,緯穎富邦9B購02  ,0,0,0,0,0,0,0,0,0,61000,0,0,0,211000,150000,61000,61000
058059,晶技元富98購01  ,0,0,0,0,0,0,0,0,0,61000,0,0,0,71000,10000,61000,61000
058570,臻鼎凱基9A購01  ,0,0,0,0,0,0,0,0,0,61000,0,0,0,111000,50000,61000,61000
060869,超眾永豐9A購02  ,0,0,0,0,0,0,0,0,0,61000,0,0,0,61000,0,61000,61000
063460,智邦元大9B購08  ,0,0,0,0,0,0,0,0,0,61000,0,0,0,87000,26000,61000,61000
062574,美食群益9B購02  ,0,0,0,0,0,0,0,0,0,61000,0,0,0,61000,0,61000,61000
064591,臻鼎永豐9C購01  ,0,0,0,0,0,0,0,0,0,61000,0,0,0,64000,3000,61000,61000
06438P,玉晶光國票99售02,0,0,0,0,0,0,0,0,0,61000,0,0,0,61000,0,61000,61000
064406,健策凱基03購01  ,0,0,0,0,0,0,0,0,0,61000,0,0,0,169000,108000,61000,61000
06938P,南電元大98售03  ,0,0,0,0,0,0,0,0,0,60000,0,0,0,60000,0,60000,60000
065713,緯穎群益9C購04  ,0,0,0,0,0,0,0,0,0,60000,0,0,0,73000,13000,60000,60000
065697,旺宏群益9C購07  ,0,0,0,0,0,0,0,0,0,60000,0,0,0,60000,0,60000,60000
065136,正隆凱基9C購01  ,0,0,0,0,0,0,0,0,0,60000,0,0,0,60000,0,60000,60000
065239,超眾凱基02購02  ,0,0,0,0,0,0,0,0,0,60000,0,0,0,118000,58000,60000,60000
052828,滬深2X群益9A購02,0,0,0,0,0,0,0,0,0,60000,0,0,0,70000,10000,60000,60000
052928,美律元大98購01  ,0,0,0,0,0,0,0,0,0,60000,0,0,0,60000,0,60000,60000
053307,泰碩凱基97購01  ,0,0,0,0,0,0,0,0,0,60000,0,0,0,60000,0,60000,60000
01009T,王道圓滿R1      ,0,0,0,0,0,0,0,0,0,60000,60000,0,60000,0,0,0,60000
055421,玉晶光永豐98購04,0,0,0,0,0,0,0,0,0,60000,0,0,0,60000,0,60000,60000
054231,國巨群益98購03  ,0,0,0,0,0,0,0,0,0,60000,0,0,0,60000,0,60000,60000
057891,華新科統一9A購01,0,0,0,0,0,0,0,0,0,60000,0,0,0,60000,0,60000,60000
059236,鴻海凱基99購09  ,0,0,0,0,0,0,0,0,0,60000,0,0,0,64000,4000,60000,60000
060233,宏碁元大9A購01  ,0,0,0,0,0,0,0,0,0,60000,0,0,0,80000,20000,60000,60000
057838,台郡國泰99購01  ,0,0,0,0,0,0,0,0,0,60000,0,0,0,60000,0,60000,60000
057871,國巨元大99購09  ,0,0,0,0,0,0,0,0,0,60000,0,0,0,60000,0,60000,60000
056397,彩晶永豐99購01  ,0,0,0,0,0,0,0,0,0,60000,0,0,0,60000,0,60000,60000
061144,玉晶光中信9B購02,0,0,0,0,0,0,0,0,0,60000,0,0,0,60000,0,60000,60000
058184,鴻海永豐99購01  ,0,0,0,0,0,0,0,0,0,60000,0,0,0,60000,0,60000,60000
058177,華新科凱基99購02,0,0,0,0,0,0,0,0,0,60000,0,0,0,60000,0,60000,60000
058356,華邦電凱基99購01,0,0,0,0,0,0,0,0,0,60000,0,0,0,72000,12000,60000,60000
059926,世紀鋼國泰9B購01,0,0,0,0,0,0,0,0,0,60000,0,0,0,60000,0,60000,60000
059880,世紀鋼凱基99購02,0,0,0,0,0,0,0,0,0,60000,0,0,0,60000,0,60000,60000
059870,全新凱基99購05  ,2000,0,2000,0,0,0,0,0,0,58000,0,0,0,70000,12000,58000,60000
058987,華新科凱基9B購01,0,0,0,0,0,0,0,0,0,60000,0,0,0,60000,0,60000,60000
058941,華新科中信99購03,0,0,0,0,0,0,0,0,0,60000,0,0,0,140000,80000,60000,60000
061720,智邦國泰9C購01  ,0,0,0,0,0,0,0,0,0,60000,0,0,0,72000,12000,60000,60000
061849,國巨國票9B購08  ,0,0,0,0,0,0,0,0,0,60000,0,0,0,65000,5000,60000,60000
062037,華新凱基9B購01  ,0,0,0,0,0,0,0,0,0,60000,0,0,0,90000,30000,60000,60000
064402,宏碁凱基01購01  ,0,0,0,0,0,0,0,0,0,60000,0,0,0,60000,0,60000,60000
064645,義隆凱基03購01  ,0,0,0,0,0,0,0,0,0,60000,0,0,0,108000,48000,60000,60000
064537,健鼎國票01購02  ,0,0,0,0,0,0,0,0,0,60000,0,0,0,107000,47000,60000,60000
064678,嘉晶兆豐01購01  ,0,0,0,0,0,0,0,0,0,60000,0,0,0,162000,102000,60000,60000
063864,健策富邦01購01  ,0,0,0,0,0,0,0,0,0,60000,0,0,0,259000,199000,60000,60000
064145,宏碁統一02購01  ,0,0,0,0,0,0,0,0,0,60000,0,0,0,70000,10000,60000,60000
064066,達新永豐9C購01  ,0,0,0,0,0,0,0,0,0,60000,0,0,0,60000,0,60000,60000
062600,可成台新9B購01  ,0,0,0,0,0,0,0,0,0,60000,0,0,0,60000,0,60000,60000
06286P,世芯國票97售02  ,0,0,0,0,0,0,0,0,0,60000,0,0,0,60000,0,60000,60000
063509,超眾群益9B購03  ,0,0,0,0,0,0,0,0,0,60000,0,0,0,60000,0,60000,60000
06353P,電子類富邦99售02,0,0,0,0,0,0,0,0,0,60000,0,0,0,140000,80000,60000,60000
063342,台光電統一9B購02,0,0,0,0,0,0,0,0,0,60000,0,0,0,60000,0,60000,60000
063127,TPK元大9B購02   ,0,0,0,0,0,0,0,0,0,60000,0,0,0,72000,12000,60000,60000
062923,緯穎元大9B購06  ,0,0,0,0,0,0,0,0,0,60000,0,0,0,60000,0,60000,60000
06294P,臺股指國票97售08,0,0,0,0,0,0,0,0,0,60000,0,0,0,60000,0,60000,60000
2486,一詮            ,130000,71000,59000,0,0,0,0,0,0,1000,1000,0,1000,0,0,0,60000
08312P,旺宏國票01售01  ,0,0,0,0,0,0,0,0,0,60000,0,0,0,60000,0,60000,60000
2109,華豐            ,113000,52000,61000,0,0,0,0,0,0,-1000,0,1000,-1000,0,0,0,60000
065208,義隆國票01購01  ,0,0,0,0,0,0,0,0,0,59000,0,0,0,65000,6000,59000,59000
065869,微星群益02購01  ,0,0,0,0,0,0,0,0,0,59000,0,0,0,69000,10000,59000,59000
066269,宏達電元大01購03,0,0,0,0,0,0,0,0,0,59000,0,0,0,96000,37000,59000,59000
056288,健鼎永豐97購01  ,0,0,0,0,0,0,0,0,0,59000,0,0,0,76000,17000,59000,59000
060232,友訊元大9C購01  ,0,0,0,0,0,0,0,0,0,59000,0,0,0,60000,1000,59000,59000
054437,欣興台新97購02  ,0,0,0,0,0,0,0,0,0,59000,0,0,0,154000,95000,59000,59000
055271,鴻海元大98購03  ,0,0,0,0,0,0,0,0,0,59000,0,0,0,122000,63000,59000,59000
055564,茂林凱基98購01  ,0,0,0,0,0,0,0,0,0,59000,0,0,0,104000,45000,59000,59000
061906,統一中信9B購01  ,0,0,0,0,0,0,0,0,0,59000,0,0,0,59000,0,59000,59000
059499,滬深2X元富9C購07,0,0,0,0,0,0,0,0,0,59000,0,0,0,211000,152000,59000,59000
059116,晶豪科永豐99購01,0,0,0,0,0,0,0,0,0,59000,0,0,0,59000,0,59000,59000
059635,華新科凱基9A購06,0,0,0,0,0,0,0,0,0,59000,0,0,0,62000,3000,59000,59000
061019,大毅國票9A購01  ,0,0,0,0,0,0,0,0,0,59000,0,0,0,110000,51000,59000,59000
061054,台積電群益9A購04,0,0,0,0,0,0,0,0,0,59000,0,0,0,60000,1000,59000,59000
060955,大立光群益9A購02,0,0,0,0,0,0,0,0,0,59000,0,0,0,99000,40000,59000,59000
059456,智易永豐99購01  ,0,0,0,0,0,0,0,0,0,59000,0,0,0,78000,19000,59000,59000
060617,華新科元大9A購08,0,0,0,0,0,0,0,0,0,59000,0,0,0,200000,141000,59000,59000
063539,世紀鋼統一9B購02,0,0,0,0,0,0,0,0,0,59000,0,0,0,79000,20000,59000,59000
063458,正隆元大9B購01  ,0,0,0,0,0,0,0,0,0,59000,0,0,0,77000,18000,59000,59000
062277,廣達群益9B購01  ,0,0,0,0,0,0,0,0,0,59000,0,0,0,84000,25000,59000,59000
064020,華通元大01購01  ,0,0,0,0,0,0,0,0,0,59000,0,0,0,61000,2000,59000,59000
064230,上銀統一01購04  ,0,0,0,0,0,0,0,0,0,59000,0,0,0,423000,364000,59000,59000
06763P,技嘉元大98售05  ,0,0,0,0,0,0,0,0,0,58000,0,0,0,58000,0,58000,58000
065839,鴻海元大9C購17  ,0,0,0,0,0,0,0,0,0,58000,0,0,0,100000,42000,58000,58000
064899,大立光群益9C購06,0,0,0,0,0,0,0,0,0,58000,0,0,0,63000,5000,58000,58000
064808,國產元大9C購02  ,0,0,0,0,0,0,0,0,0,58000,0,0,0,132000,74000,58000,58000
065084,南亞科元大9C購08,0,0,0,0,0,0,0,0,0,58000,0,0,0,96000,38000,58000,58000
050797,聯發科中信99購01,0,0,0,0,0,0,0,0,0,58000,0,0,0,58000,0,58000,58000
060419,漢翔永豐9A購01  ,0,0,0,0,0,0,0,0,0,58000,0,0,0,58000,0,58000,58000
060485,華新科富邦9C購04,0,0,0,0,0,0,0,0,0,58000,0,0,0,60000,2000,58000,58000
056114,台達電群益97購02,0,0,0,0,0,0,0,0,0,58000,0,0,0,75000,17000,58000,58000
056432,鴻海凱基98購08  ,0,0,0,0,0,0,0,0,0,58000,0,0,0,67000,9000,58000,58000
057849,南茂永豐98購02  ,0,0,0,0,0,0,0,0,0,58000,0,0,0,158000,100000,58000,58000
057548,微星凱基99購01  ,0,0,0,0,0,0,0,0,0,58000,0,0,0,108000,50000,58000,58000
057320,玉晶光凱基98購01,0,0,0,0,0,0,0,0,0,58000,0,0,0,61000,3000,58000,58000
058596,旺宏台新99購01  ,0,0,0,0,0,0,0,0,0,58000,0,0,0,58000,0,58000,58000
058600,國巨元大99購15  ,0,0,0,0,0,0,0,0,0,58000,0,0,0,308000,250000,58000,58000
061285,大立光統一9A購04,0,0,0,0,0,0,0,0,0,58000,0,0,0,58000,0,58000,58000
059814,SP黃豆凱基9A購02,0,0,0,0,0,0,0,0,0,58000,0,0,0,63000,5000,58000,58000
059516,TPK永豐99購01   ,0,0,0,0,0,0,0,0,0,58000,0,0,0,65000,7000,58000,58000
061553,南電群益9A購03  ,0,0,0,0,0,0,0,0,0,58000,0,0,0,80000,22000,58000,58000
063836,台塑元大9C購01  ,0,0,0,0,0,0,0,0,0,58000,0,0,0,93000,35000,58000,58000
063396,金像電群益9C購01,0,0,0,0,0,0,0,0,0,58000,0,0,0,138000,80000,58000,58000
063273,緯穎兆豐9C購01  ,0,0,0,0,0,0,0,0,0,58000,0,0,0,58000,0,58000,58000
063169,台汽電永豐9B購01,0,0,0,0,0,0,0,0,0,58000,0,0,0,58000,0,58000,58000
2239,英利-KY         ,155000,98000,57000,0,0,0,0,0,0,1000,0,0,0,1000,0,1000,58000
2612,中航            ,52000,13000,39000,0,0,0,0,0,0,19000,19000,0,19000,0,0,0,58000
065881,京元電台新9C購01,0,0,0,0,0,0,0,0,0,57000,0,0,0,57000,0,57000,57000
065558,嘉聯益凱基9C購02,0,0,0,0,0,0,0,0,0,57000,0,0,0,57000,0,57000,57000
065427,台積電凱基02購04,0,0,0,0,0,0,0,0,0,57000,0,0,0,240000,183000,57000,57000
066074,文曄凱基01購01  ,0,0,0,0,0,0,0,0,0,57000,0,0,0,78000,21000,57000,57000
060296,和碩元大9A購01  ,0,0,0,0,0,0,0,0,0,57000,0,0,0,64000,7000,57000,57000
056703,群創國泰9A購01  ,0,0,0,0,0,0,0,0,0,57000,0,0,0,118000,61000,57000,57000
053500,新日興兆豐97購01,0,0,0,0,0,0,0,0,0,57000,0,0,0,57000,0,57000,57000
056860,正崴群益98購01  ,0,0,0,0,0,0,0,0,0,57000,0,0,0,57000,0,57000,57000
059503,大立光富邦9B購04,0,0,0,0,0,0,0,0,0,57000,0,0,0,85000,28000,57000,57000
058973,麗豐永豐99購01  ,0,0,0,0,0,0,0,0,0,57000,0,0,0,139000,82000,57000,57000
058929,可成統一9C購01  ,0,0,0,0,0,0,0,0,0,57000,0,0,0,79000,22000,57000,57000
061244,和碩兆豐9A購01  ,0,0,0,0,0,0,0,0,0,57000,0,0,0,57000,0,57000,57000
061003,南亞科兆豐9A購01,0,0,0,0,0,0,0,0,0,57000,0,0,0,71000,14000,57000,57000
063337,國巨統一02購02  ,0,0,0,0,0,0,0,0,0,57000,0,0,0,104000,47000,57000,57000
062236,信邦凱基9B購01  ,0,0,0,0,0,0,0,0,0,57000,0,0,0,147000,90000,57000,57000
063586,燿華永豐9B購02  ,0,0,0,0,0,0,0,0,0,57000,0,0,0,58000,1000,57000,57000
064172,義隆元富9C購01  ,0,0,0,0,0,0,0,0,0,57000,0,0,0,156000,99000,57000,57000
064615,智邦元大01購01  ,0,0,0,0,0,0,0,0,0,57000,0,0,0,67000,10000,57000,57000
064577,大立光國泰02購01,0,0,0,0,0,0,0,0,0,57000,0,0,0,67000,10000,57000,57000
2704,國賓            ,78000,21000,57000,0,0,0,0,0,0,0,0,0,0,0,0,0,57000
08231P,上銀元富9B售10  ,0,0,0,0,0,0,0,0,0,56000,0,0,0,324000,268000,56000,56000
065580,鈺齊群益01購01  ,0,0,0,0,0,0,0,0,0,56000,0,0,0,56000,0,56000,56000
066010,凌華統一04購01  ,0,0,0,0,0,0,0,0,0,56000,0,0,0,56000,0,56000,56000
065802,義隆群益9C購05  ,0,0,0,0,0,0,0,0,0,56000,0,0,0,58000,2000,56000,56000
055707,聯鈞永豐98購01  ,0,0,0,0,0,0,0,0,0,56000,0,0,0,89000,33000,56000,56000
052658,友達元富9C購01  ,0,0,0,0,0,0,0,0,0,56000,0,0,0,56000,0,56000,56000
056511,超眾永豐98購01  ,0,0,0,0,0,0,0,0,0,56000,0,0,0,56000,0,56000,56000
057162,上銀元大98購03  ,0,0,0,0,0,0,0,0,0,56000,0,0,0,81000,25000,56000,56000
057442,玉晶光統一98購03,0,0,0,0,0,0,0,0,0,56000,0,0,0,56000,0,56000,56000
057874,可成元大99購02  ,0,0,0,0,0,0,0,0,0,56000,0,0,0,100000,44000,56000,56000
056457,嘉澤凱基98購01  ,0,0,0,0,0,0,0,0,0,56000,0,0,0,62000,6000,56000,56000
060870,旭富群益9A購01  ,0,0,0,0,0,0,0,0,0,56000,0,0,0,56000,0,56000,56000
060707,台郡富邦9A購01  ,0,0,0,0,0,0,0,0,0,56000,0,0,0,84000,28000,56000,56000
058209,臺股指凱基01購01,0,0,0,0,0,0,0,0,0,56000,0,0,0,1214000,1158000,56000,56000
058900,旺宏元大99購11  ,0,0,0,0,0,0,0,0,0,56000,0,0,0,56000,0,56000,56000
058931,玉晶光統一9C購01,0,0,0,0,0,0,0,0,0,56000,0,0,0,78000,22000,56000,56000
059125,台積電第一03購02,0,0,0,0,0,0,0,0,0,56000,0,0,0,56000,0,56000,56000
059677,大立光台新99購01,0,0,0,0,0,0,0,0,0,56000,0,0,0,56000,0,56000,56000
061633,統一元大9A購01  ,0,0,0,0,0,0,0,0,0,56000,0,0,0,86000,30000,56000,56000
062032,崇越群益9B購01  ,0,0,0,0,0,0,0,0,0,56000,0,0,0,127000,71000,56000,56000
065706,奇鋐群益9C購02  ,0,0,0,0,0,0,0,0,0,55000,0,0,0,55000,0,55000,55000
065397,宏達電群益9C購03,0,0,0,0,0,0,0,0,0,55000,0,0,0,79000,24000,55000,55000
065318,聯電凱基9C購03  ,0,0,0,0,0,0,0,0,0,55000,0,0,0,80000,25000,55000,55000
057569,光磊永豐98購03  ,0,0,0,0,0,0,0,0,0,55000,0,0,0,55000,0,55000,55000
057447,智邦元富02購01  ,0,0,0,0,0,0,0,0,0,55000,0,0,0,75000,20000,55000,55000
057353,玉晶光統一99購01,0,0,0,0,0,0,0,0,0,55000,0,0,0,55000,0,55000,55000
056649,智易凱基98購01  ,0,0,0,0,0,0,0,0,0,55000,0,0,0,55000,0,55000,55000
055467,國巨凱基97購05  ,0,0,0,0,0,0,0,0,0,55000,0,0,0,55000,0,55000,55000
055262,台虹國泰98購01  ,0,0,0,0,0,0,0,0,0,55000,0,0,0,55000,0,55000,55000
061976,國巨元大9B購01  ,0,0,0,0,0,0,0,0,0,55000,0,0,0,57000,2000,55000,55000
061793,上銀永豐9B購01  ,0,0,0,0,0,0,0,0,0,55000,0,0,0,66000,11000,55000,55000
059925,可成國泰9B購01  ,0,0,0,0,0,0,0,0,0,55000,0,0,0,58000,3000,55000,55000
058276,道瓊指中信9C購01,0,0,0,0,0,0,0,0,0,55000,0,0,0,55000,0,55000,55000
058068,旺宏凱基98購11  ,0,0,0,0,0,0,0,0,0,55000,0,0,0,55000,0,55000,55000
061375,華通永豐9A購02  ,0,0,0,0,0,0,0,0,0,55000,0,0,0,83000,28000,55000,55000
061463,智邦群益9A購02  ,0,0,0,0,0,0,0,0,0,55000,0,0,0,81000,26000,55000,55000
058546,玉晶光富邦9B購01,0,0,0,0,0,0,0,0,0,55000,0,0,0,83000,28000,55000,55000
064297,台郡國票01購01  ,0,0,0,0,0,0,0,0,0,55000,0,0,0,86000,31000,55000,55000
063941,國巨元大9C購12  ,0,0,0,0,0,0,0,0,0,55000,0,0,0,249000,194000,55000,55000
062307,華通凱基9C購01  ,0,0,0,0,0,0,0,0,0,55000,0,0,0,90000,35000,55000,55000
062615,亞德客元大9B購02,0,0,0,0,0,0,0,0,0,55000,0,0,0,177000,122000,55000,55000
08390P,旺宏凱基9C售02  ,0,0,0,0,0,0,0,0,0,55000,0,0,0,60000,5000,55000,55000
065303,國泰金元富9C購01,0,0,0,0,0,0,0,0,0,54000,0,0,0,63000,9000,54000,54000
065600,友達元大9C購11  ,0,0,0,0,0,0,0,0,0,54000,0,0,0,137000,83000,54000,54000
065895,台勝科統一02購01,0,0,0,0,0,0,0,0,0,54000,0,0,0,227000,173000,54000,54000
060285,聯電元大9C購01  ,0,0,0,0,0,0,0,0,0,54000,0,0,0,86000,32000,54000,54000
060265,宏達電國票9A購02,0,0,0,0,0,0,0,0,0,54000,0,0,0,54000,0,54000,54000
058077,超眾凱基98購02  ,0,0,0,0,0,0,0,0,0,54000,0,0,0,74000,20000,54000,54000
058248,聯茂元大99購05  ,0,0,0,0,0,0,0,0,0,54000,0,0,0,203000,149000,54000,54000
058398,中環元大99購02  ,0,0,0,0,0,0,0,0,0,54000,0,0,0,150000,96000,54000,54000
059102,聯鈞元富99購01  ,0,0,0,0,0,0,0,0,0,54000,0,0,0,94000,40000,54000,54000
062654,技嘉永豐9B購01  ,0,0,0,0,0,0,0,0,0,54000,0,0,0,66000,12000,54000,54000
063992,大立光中信9C購03,0,0,0,0,0,0,0,0,0,54000,0,0,0,140000,86000,54000,54000
063635,漢唐元大9B購04  ,0,0,0,0,0,0,0,0,0,54000,0,0,0,104000,50000,54000,54000
063706,台虹群益9B購01  ,0,0,0,0,0,0,0,0,0,54000,0,0,0,68000,14000,54000,54000
063738,奇鋐元大9B購03  ,0,0,0,0,0,0,0,0,0,54000,0,0,0,54000,0,54000,54000
064556,華通群益02購02  ,0,0,0,0,0,0,0,0,0,54000,0,0,0,101000,47000,54000,54000
3686,達能            ,71000,17000,54000,0,0,0,0,0,0,0,0,0,0,0,0,0,54000
065907,南亞科永豐9C購01,0,0,0,0,0,0,0,0,0,53000,0,0,0,61000,8000,53000,53000
065795,康友永豐9C購02  ,0,0,0,0,0,0,0,0,0,53000,0,0,0,54000,1000,53000,53000
065844,南亞科元大9C購09,0,0,0,0,0,0,0,0,0,53000,0,0,0,74000,21000,53000,53000
065735,矽格凱基01購02  ,0,0,0,0,0,0,0,0,0,53000,0,0,0,86000,33000,53000,53000
065682,健策統一9C購07  ,0,0,0,0,0,0,0,0,0,53000,0,0,0,557000,504000,53000,53000
065045,信邦凱基9C購01  ,0,0,0,0,0,0,0,0,0,53000,0,0,0,53000,0,53000,53000
065028,亞德客兆豐9C購02,0,0,0,0,0,0,0,0,0,53000,0,0,0,53000,0,53000,53000
064788,台汽電群益9C購01,0,0,0,0,0,0,0,0,0,53000,0,0,0,68000,15000,53000,53000
08092P,仁寶元富9B售02  ,0,0,0,0,0,0,0,0,0,53000,0,0,0,103000,50000,53000,53000
07767P,華新科群益9A售07,0,0,0,0,0,0,0,0,0,53000,0,0,0,53000,0,53000,53000
057236,聯詠凱基98購03  ,0,0,0,0,0,0,0,0,0,53000,0,0,0,60000,7000,53000,53000
055830,上銀元大97購07  ,0,0,0,0,0,0,0,0,0,53000,0,0,0,53000,0,53000,53000
060022,勤誠康和99購01  ,0,0,0,0,0,0,0,0,0,53000,0,0,0,63000,10000,53000,53000
059058,可成凱基9B購01  ,0,0,0,0,0,0,0,0,0,53000,0,0,0,53000,0,53000,53000
058863,可成凱基99購02  ,0,0,0,0,0,0,0,0,0,53000,0,0,0,53000,0,53000,53000
058768,南港兆豐99購01  ,0,0,0,0,0,0,0,0,0,53000,0,0,0,113000,60000,53000,53000
062086,瑞祺元大9B購01  ,0,0,0,0,0,0,0,0,0,53000,0,0,0,68000,15000,53000,53000
058197,國巨中信99購02  ,0,0,0,0,0,0,0,0,0,53000,0,0,0,423000,370000,53000,53000
060824,旺宏元大9A購06  ,0,0,0,0,0,0,0,0,0,53000,0,0,0,53000,0,53000,53000
060981,旺宏元大9A購08  ,0,0,0,0,0,0,0,0,0,53000,0,0,0,53000,0,53000,53000
063034,致茂凱基9B購01  ,0,0,0,0,0,0,0,0,0,53000,0,0,0,89000,36000,53000,53000
2820,華票            ,192000,137000,55000,0,0,0,0,0,0,-2000,0,2000,-2000,0,0,0,53000
2207,和泰車          ,316429,262247,54182,0,0,0,0,1000,-1000,-1000,5000,4000,1000,0,2000,-2000,52182
07363P,大立光元大99售26,0,0,0,0,0,0,0,0,0,52000,0,0,0,100000,48000,52000,52000
07921P,鴻海群益9B售04  ,0,0,0,0,0,0,0,0,0,52000,0,0,0,52000,0,52000,52000
065974,智原元大01購01  ,0,0,0,0,0,0,0,0,0,52000,0,0,0,212000,160000,52000,52000
054213,欣興國票97購04  ,0,0,0,0,0,0,0,0,0,52000,0,0,0,52000,0,52000,52000
056576,晶技元大99購02  ,0,0,0,0,0,0,0,0,0,52000,0,0,0,52000,0,52000,52000
060815,茂林凱基9B購01  ,0,0,0,0,0,0,0,0,0,52000,0,0,0,102000,50000,52000,52000
061415,健策群益9A購04  ,0,0,0,0,0,0,0,0,0,52000,0,0,0,61000,9000,52000,52000
062146,大毅國票9B購01  ,0,0,0,0,0,0,0,0,0,52000,0,0,0,93000,41000,52000,52000
060017,全新康和99購01  ,0,0,0,0,0,0,0,0,0,52000,0,0,0,52000,0,52000,52000
059957,中信金康和99購01,0,0,0,0,0,0,0,0,0,52000,0,0,0,59000,7000,52000,52000
059940,微星永豐99購01  ,0,0,0,0,0,0,0,0,0,52000,0,0,0,133000,81000,52000,52000
063075,祥碩永豐9B購04  ,0,0,0,0,0,0,0,0,0,52000,0,0,0,62000,10000,52000,52000
063406,麗豐國票9C購01  ,0,0,0,0,0,0,0,0,0,52000,0,0,0,67000,15000,52000,52000
062578,超眾群益9B購01  ,0,0,0,0,0,0,0,0,0,52000,0,0,0,155000,103000,52000,52000
064542,聯電凱基02購01  ,0,0,0,0,0,0,0,0,0,52000,0,0,0,118000,66000,52000,52000
064526,臺股指群益9C購11,0,0,0,0,0,0,0,0,0,52000,0,0,0,103000,51000,52000,52000
064300,英業達兆豐9C購01,0,0,0,0,0,0,0,0,0,52000,0,0,0,174000,122000,52000,52000
6152,百一            ,64000,12000,52000,0,0,0,0,0,0,0,0,0,0,0,0,0,52000
065944,大成鋼統一02購01,0,0,0,0,0,0,0,0,0,51000,0,0,0,51000,0,51000,51000
065462,聯發科中信03購02,0,0,0,0,0,0,0,0,0,51000,0,0,0,74000,23000,51000,51000
065266,創意元大9C購05  ,0,0,0,0,0,0,0,0,0,51000,0,0,0,114000,63000,51000,51000
066048,奇鋐元大01購01  ,0,0,0,0,0,0,0,0,0,51000,0,0,0,51000,0,51000,51000
057887,智原群益98購04  ,0,0,0,0,0,0,0,0,0,51000,0,0,0,51000,0,51000,51000
058513,宏達電元大99購05,0,0,0,0,0,0,0,0,0,51000,0,0,0,142000,91000,51000,51000
056159,牧德凱基99購01  ,0,0,0,0,0,0,0,0,0,51000,0,0,0,51000,0,51000,51000
057743,華擎永豐98購03  ,0,0,0,0,0,0,0,0,0,51000,0,0,0,74000,23000,51000,51000
055700,緯穎國泰98購02  ,0,0,0,0,0,0,0,0,0,51000,0,0,0,51000,0,51000,51000
055681,奇鋐凱基98購03  ,0,0,0,0,0,0,0,0,0,51000,0,0,0,51000,0,51000,51000
050014,國巨富邦98購01  ,0,0,0,0,0,0,0,0,0,51000,0,0,0,51000,0,51000,51000
052313,聯電元大98購01  ,0,0,0,0,0,0,0,0,0,51000,0,0,0,184000,133000,51000,51000
061963,台積電統一01購04,0,0,0,0,0,0,0,0,0,51000,0,0,0,146000,95000,51000,51000
061601,台積電凱基9A購26,0,0,0,0,0,0,0,0,0,51000,0,0,0,101000,50000,51000,51000
059460,GIS永豐99購02   ,0,0,0,0,0,0,0,0,0,51000,0,0,0,51000,0,51000,51000
064467,南亞科元富9C購02,0,0,0,0,0,0,0,0,0,51000,0,0,0,71000,20000,51000,51000
063582,瑞祺國泰9C購01  ,0,0,0,0,0,0,0,0,0,51000,0,0,0,66000,15000,51000,51000
062776,鴻海元大9B購03  ,0,0,0,0,0,0,0,0,0,51000,0,0,0,56000,5000,51000,51000
062759,旺宏凱基9B購07  ,0,0,0,0,0,0,0,0,0,51000,0,0,0,62000,11000,51000,51000
062346,智邦群益9B購02  ,0,0,0,0,0,0,0,0,0,51000,0,0,0,51000,0,51000,51000
5515,建國            ,61000,37000,24000,0,0,0,0,0,0,27000,28000,1000,27000,0,0,0,51000
066092,億豐永豐01購01  ,0,0,0,0,0,0,0,0,0,50000,0,0,0,50000,0,50000,50000
066087,大毅永豐01購02  ,0,0,0,0,0,0,0,0,0,50000,0,0,0,50000,0,50000,50000
066180,正文凱基01購01  ,0,0,0,0,0,0,0,0,0,50000,0,0,0,50000,0,50000,50000
06747P,大立光群益99售04,0,0,0,0,0,0,0,0,0,50000,0,0,0,50000,0,50000,50000
07195P,大立光元大99售12,0,0,0,0,0,0,0,0,0,50000,0,0,0,50000,0,50000,50000
07196P,大立光元大99售13,0,0,0,0,0,0,0,0,0,50000,0,0,0,50000,0,50000,50000
08058P,華新科元大9B售10,0,0,0,0,0,0,0,0,0,50000,0,0,0,50000,0,50000,50000
07423P,大立光元大99售33,0,0,0,0,0,0,0,0,0,50000,0,0,0,50000,0,50000,50000
065316,大成鋼凱基9C購01,0,0,0,0,0,0,0,0,0,50000,0,0,0,50000,0,50000,50000
065129,上銀兆豐01購01  ,0,0,0,0,0,0,0,0,0,50000,0,0,0,50000,0,50000,50000
064890,聯電群益9C購02  ,0,0,0,0,0,0,0,0,0,50000,0,0,0,50000,0,50000,50000
065001,中橡國票9C購01  ,0,0,0,0,0,0,0,0,0,50000,0,0,0,50000,0,50000,50000
065502,康友富邦03購01  ,0,0,0,0,0,0,0,0,0,50000,0,0,0,50000,0,50000,50000
06592P,欣興元大98售04  ,0,0,0,0,0,0,0,0,0,50000,0,0,0,50000,0,50000,50000
065874,智原群益9C購01  ,0,0,0,0,0,0,0,0,0,50000,0,0,0,84000,34000,50000,50000
046999,康控富邦99購01  ,0,0,0,0,0,0,0,0,0,50000,0,0,0,50000,0,50000,50000
055776,宏達電凱基98購02,0,0,0,0,0,0,0,0,0,50000,0,0,0,50000,0,50000,50000
055597,禾伸堂元大98購02,0,0,0,0,0,0,0,0,0,50000,0,0,0,50000,0,50000,50000
05306P,泰碩國泰97售01  ,0,0,0,0,0,0,0,0,0,50000,0,0,0,50000,0,50000,50000
053153,大立光元大99購02,0,0,0,0,0,0,0,0,0,50000,0,0,0,50000,0,50000,50000
052572,群創凱基99購01  ,0,0,0,0,0,0,0,0,0,50000,0,0,0,226000,176000,50000,50000
057683,技嘉日盛98購01  ,0,0,0,0,0,0,0,0,0,50000,0,0,0,51000,1000,50000,50000
055345,國巨凱基98購01  ,0,0,0,0,0,0,0,0,0,50000,0,0,0,50000,0,50000,50000
054160,華泰凱基98購01  ,0,0,0,0,0,0,0,0,0,50000,0,0,0,50000,0,50000,50000
054162,光罩凱基98購01  ,0,0,0,0,0,0,0,0,0,50000,0,0,0,50000,0,50000,50000
055998,臺股指富邦99購01,0,0,0,0,0,0,0,0,0,50000,0,0,0,50000,0,50000,50000
055093,京鼎群益98購01  ,0,0,0,0,0,0,0,0,0,50000,0,0,0,50000,0,50000,50000
054572,國巨元大98購03  ,0,0,0,0,0,0,0,0,0,50000,0,0,0,50000,0,50000,50000
054585,禾伸堂國泰99購01,0,0,0,0,0,0,0,0,0,50000,0,0,0,50000,0,50000,50000
056163,嘉聯益凱基98購03,0,0,0,0,0,0,0,0,0,50000,0,0,0,50000,0,50000,50000
056942,昇陽半元富98購01,0,0,0,0,0,0,0,0,0,50000,0,0,0,50000,0,50000,50000
056366,玉晶光元大99購04,0,0,0,0,0,0,0,0,0,50000,0,0,0,70000,20000,50000,50000
057288,聯茂元大98購03  ,0,0,0,0,0,0,0,0,0,50000,0,0,0,50000,0,50000,50000
057289,力成元大98購03  ,0,0,0,0,0,0,0,0,0,50000,0,0,0,152000,102000,50000,50000
057445,華通元富02購01  ,0,0,0,0,0,0,0,0,0,50000,0,0,0,65000,15000,50000,50000
057422,欣興凱基98購04  ,0,0,0,0,0,0,0,0,0,50000,0,0,0,50000,0,50000,50000
057598,鴻海群益98購07  ,0,0,0,0,0,0,0,0,0,50000,0,0,0,80000,30000,50000,50000
057612,瑞昱元富02購01  ,0,0,0,0,0,0,0,0,0,50000,0,0,0,52000,2000,50000,50000
058477,億光凱基9A購01  ,0,0,0,0,0,0,0,0,0,50000,0,0,0,274000,224000,50000,50000
060277,道瓊反元大9A購02,0,0,0,0,0,0,0,0,0,50000,0,0,0,50000,0,50000,50000
056739,美律凱基98購04  ,0,0,0,0,0,0,0,0,0,50000,0,0,0,50000,0,50000,50000
056621,宏達電永豐98購01,0,0,0,0,0,0,0,0,0,50000,0,0,0,52000,2000,50000,50000
056648,牧德凱基99購02  ,0,0,0,0,0,0,0,0,0,50000,0,0,0,50000,0,50000,50000
056481,創意元大98購01  ,0,0,0,0,0,0,0,0,0,50000,0,0,0,70000,20000,50000,50000
056559,華通群益98購02  ,0,0,0,0,0,0,0,0,0,50000,0,0,0,50000,0,50000,50000
056561,台光電群益98購02,0,0,0,0,0,0,0,0,0,50000,0,0,0,50000,0,50000,50000
05856P,A50正2中信99售01,0,0,0,0,0,0,0,0,0,50000,0,0,0,50000,0,50000,50000
060373,元金2X元富9A購01,0,0,0,0,0,0,0,0,0,50000,0,0,0,50000,0,50000,50000
060612,世紀鋼凱基9A購01,0,0,0,0,0,0,0,0,0,50000,0,0,0,50000,0,50000,50000
060646,南電永豐9A購01  ,0,0,0,0,0,0,0,0,0,50000,0,0,0,50000,0,50000,50000
060569,台積電永豐9A購01,0,0,0,0,0,0,0,0,0,50000,0,0,0,50000,0,50000,50000
060960,金像電凱基9B購01,0,0,0,0,0,0,0,0,0,50000,0,0,0,50000,0,50000,50000
060984,南亞科元大9A購07,0,0,0,0,0,0,0,0,0,50000,0,0,0,50000,0,50000,50000
058683,可成凱基9A購01  ,0,0,0,0,0,0,0,0,0,50000,0,0,0,50000,0,50000,50000
061603,瑞昱凱基9A購02  ,0,0,0,0,0,0,0,0,0,50000,0,0,0,50000,0,50000,50000
061600,聯電凱基9B購01  ,0,0,0,0,0,0,0,0,0,50000,0,0,0,102000,52000,50000,50000
060134,鈺齊群益9A購01  ,0,0,0,0,0,0,0,0,0,50000,0,0,0,50000,0,50000,50000
061983,華新科元大9B購04,0,0,0,0,0,0,0,0,0,50000,0,0,0,101000,51000,50000,50000
062147,大毅國票9B購02  ,0,0,0,0,0,0,0,0,0,50000,0,0,0,59000,9000,50000,50000
059961,T50反1凱基99購09,0,0,0,0,0,0,0,0,0,50000,0,0,0,50000,0,50000,50000
059560,T50反1凱基99購08,0,0,0,0,0,0,0,0,0,50000,0,0,0,50000,0,50000,50000
059534,國泰金凱基99購01,0,0,0,0,0,0,0,0,0,50000,0,0,0,50000,0,50000,50000
058736,鈺齊永豐99購02  ,0,0,0,0,0,0,0,0,0,50000,0,0,0,50000,0,50000,50000
058751,南茂凱基9A購01  ,0,0,0,0,0,0,0,0,0,50000,0,0,0,54000,4000,50000,50000
062760,漢唐凱基9B購01  ,0,0,0,0,0,0,0,0,0,50000,0,0,0,50000,0,50000,50000
062777,鴻海元大9C購03  ,0,0,0,0,0,0,0,0,0,50000,0,0,0,55000,5000,50000,50000
062796,技嘉統一9C購01  ,0,0,0,0,0,0,0,0,0,50000,0,0,0,50000,0,50000,50000
062822,力成兆豐9B購01  ,0,0,0,0,0,0,0,0,0,50000,0,0,0,444000,394000,50000,50000
062837,復盛群益9B購01  ,0,0,0,0,0,0,0,0,0,50000,0,0,0,83000,33000,50000,50000
062888,漢唐群益9B購01  ,0,0,0,0,0,0,0,0,0,50000,0,0,0,50000,0,50000,50000
062598,華通台新9B購02  ,0,0,0,0,0,0,0,0,0,50000,0,0,0,66000,16000,50000,50000
063307,同欣電凱基9B購02,0,0,0,0,0,0,0,0,0,50000,0,0,0,50000,0,50000,50000
063308,緯穎凱基9B購05  ,0,0,0,0,0,0,0,0,0,50000,0,0,0,50000,0,50000,50000
063298,統一凱基9B購01  ,0,0,0,0,0,0,0,0,0,50000,0,0,0,53000,3000,50000,50000
063119,華通元大9B購07  ,0,0,0,0,0,0,0,0,0,50000,0,0,0,53000,3000,50000,50000
063217,元金2X群益9B購03,0,0,0,0,0,0,0,0,0,50000,0,0,0,50000,0,50000,50000
063601,金像電凱基01購01,0,0,0,0,0,0,0,0,0,50000,0,0,0,50000,0,50000,50000
063700,台積電群益9B購09,0,0,0,0,0,0,0,0,0,50000,0,0,0,75000,25000,50000,50000
063839,華通元大9C購02  ,0,0,0,0,0,0,0,0,0,50000,0,0,0,54000,4000,50000,50000
064082,緯創中信06購01  ,0,0,0,0,0,0,0,0,0,50000,0,0,0,80000,30000,50000,50000
064133,力成元大9C購01  ,0,0,0,0,0,0,0,0,0,50000,0,0,0,71000,21000,50000,50000
064104,TPK群益9C購02   ,0,0,0,0,0,0,0,0,0,50000,0,0,0,52000,2000,50000,50000
064092,世紀鋼凱基9C購03,0,0,0,0,0,0,0,0,0,50000,0,0,0,50000,0,50000,50000
064400,大成鋼凱基01購01,0,0,0,0,0,0,0,0,0,50000,0,0,0,50000,0,50000,50000
06429P,大立光元大97售15,0,0,0,0,0,0,0,0,0,50000,0,0,0,50000,0,50000,50000
064495,南亞科元大9C購03,0,0,0,0,0,0,0,0,0,50000,0,0,0,50000,0,50000,50000
064663,鴻海元大9C購11  ,0,0,0,0,0,0,0,0,0,50000,0,0,0,55000,5000,50000,50000
2836,高雄銀          ,69000,19000,50000,0,0,0,0,0,0,0,0,0,0,0,0,0,50000
08395P,燿華永豐9C售02  ,0,0,0,0,0,0,0,0,0,50000,0,0,0,50000,0,50000,50000
08418P,大立光元大01售04,0,0,0,0,0,0,0,0,0,50000,0,0,0,50000,0,50000,50000
08358P,大立光元大9C售18,0,0,0,0,0,0,0,0,0,50000,0,0,0,50000,0,50000,50000
08527P,大立光元大01售06,0,0,0,0,0,0,0,0,0,50000,0,0,0,50000,0,50000,50000
08614P,聯發科統一9C售18,0,0,0,0,0,0,0,0,0,50000,0,0,0,50000,0,50000,50000
08634P,大立光元大9C售26,0,0,0,0,0,0,0,0,0,50000,0,0,0,50000,0,50000,50000
065921,GIS凱基01購02   ,0,0,0,0,0,0,0,0,0,49000,0,0,0,71000,22000,49000,49000
065938,文曄群益01購01  ,0,0,0,0,0,0,0,0,0,49000,0,0,0,159000,110000,49000,49000
064989,鈺齊元大01購01  ,0,0,0,0,0,0,0,0,0,49000,0,0,0,99000,50000,49000,49000
057962,超眾元大99購03  ,0,0,0,0,0,0,0,0,0,49000,0,0,0,62000,13000,49000,49000
059248,華新科凱基99購04,0,0,0,0,0,0,0,0,0,49000,0,0,0,182000,133000,49000,49000
057969,緯穎國泰99購01  ,0,0,0,0,0,0,0,0,0,49000,0,0,0,60000,11000,49000,49000
057383,玉晶光富邦9A購01,0,0,0,0,0,0,0,0,0,49000,0,0,0,52000,3000,49000,49000
052863,友達凱基98購02  ,0,0,0,0,0,0,0,0,0,49000,0,0,0,49000,0,49000,49000
055858,聯茂元大97購03  ,0,0,0,0,0,0,0,0,0,49000,0,0,0,49000,0,49000,49000
064208,智邦凱基02購01  ,0,0,0,0,0,0,0,0,0,49000,0,0,0,118000,69000,49000,49000
063794,亞德客凱基9C購01,0,0,0,0,0,0,0,0,0,49000,0,0,0,108000,59000,49000,49000
063703,晶豪科群益9B購02,0,0,0,0,0,0,0,0,0,49000,0,0,0,151000,102000,49000,49000
063166,超眾永豐9B購01  ,0,0,0,0,0,0,0,0,0,49000,0,0,0,49000,0,49000,49000
063346,TPK統一9C購01   ,0,0,0,0,0,0,0,0,0,49000,0,0,0,49000,0,49000,49000
063489,新日興國泰01購01,0,0,0,0,0,0,0,0,0,49000,0,0,0,62000,13000,49000,49000
062836,同欣電群益9B購02,0,0,0,0,0,0,0,0,0,49000,0,0,0,59000,10000,49000,49000
062327,燿華統一9B購02  ,0,0,0,0,0,0,0,0,0,49000,0,0,0,79000,30000,49000,49000
062441,華新科元大9C購01,0,0,0,0,0,0,0,0,0,49000,0,0,0,168000,119000,49000,49000
065007,群創國票01購01  ,0,0,0,0,0,0,0,0,0,48000,0,0,0,48000,0,48000,48000
065346,台光電統一02購01,0,0,0,0,0,0,0,0,0,48000,0,0,0,48000,0,48000,48000
06591P,大立光元大98售14,0,0,0,0,0,0,0,0,0,48000,0,0,0,48000,0,48000,48000
065648,華擎元大01購02  ,0,0,0,0,0,0,0,0,0,48000,0,0,0,442000,394000,48000,48000
053377,台積電元大98購01,0,0,0,0,0,0,0,0,0,48000,0,0,0,48000,0,48000,48000
057242,台郡凱基98購05  ,0,0,0,0,0,0,0,0,0,48000,0,0,0,53000,5000,48000,48000
057258,中環兆豐98購01  ,0,0,0,0,0,0,0,0,0,48000,0,0,0,58000,10000,48000,48000
056192,智邦富邦98購01  ,0,0,0,0,0,0,0,0,0,48000,0,0,0,48000,0,48000,48000
062122,國巨統一02購01  ,0,0,0,0,0,0,0,0,0,48000,0,0,0,52000,4000,48000,48000
061865,力山元大9B購01  ,0,0,0,0,0,0,0,0,0,48000,0,0,0,101000,53000,48000,48000
061295,台積電國泰9B購02,0,0,0,0,0,0,0,0,0,48000,0,0,0,48000,0,48000,48000
061228,聯茂中信9A購01  ,0,0,0,0,0,0,0,0,0,48000,0,0,0,116000,68000,48000,48000
061027,儒鴻永豐9A購02  ,0,0,0,0,0,0,0,0,0,48000,0,0,0,119000,71000,48000,48000
061126,京元電永豐9A購02,0,0,0,0,0,0,0,0,0,48000,0,0,0,105000,57000,48000,48000
063422,奇鋐凱基9B購04  ,0,0,0,0,0,0,0,0,0,48000,0,0,0,62000,14000,48000,48000
063280,燿華元大9B購05  ,0,0,0,0,0,0,0,0,0,48000,0,0,0,49000,1000,48000,48000
063173,矽格中信9B購01  ,0,0,0,0,0,0,0,0,0,48000,0,0,0,48000,0,48000,48000
063805,技嘉兆豐9C購01  ,0,0,0,0,0,0,0,0,0,48000,0,0,0,98000,50000,48000,48000
064328,華通元大9C購04  ,0,0,0,0,0,0,0,0,0,48000,0,0,0,50000,2000,48000,48000
064457,禾伸堂統一01購02,0,0,0,0,0,0,0,0,0,48000,0,0,0,68000,20000,48000,48000
065524,康控群益01購01  ,0,0,0,0,0,0,0,0,0,47000,0,0,0,105000,58000,47000,47000
065794,麗豐永豐9C購01  ,0,0,0,0,0,0,0,0,0,47000,0,0,0,106000,59000,47000,47000
065379,立積元大01購01  ,0,0,0,0,0,0,0,0,0,47000,0,0,0,62000,15000,47000,47000
064913,燿華統一02購01  ,0,0,0,0,0,0,0,0,0,47000,0,0,0,48000,1000,47000,47000
056236,台積電群益97購06,0,0,0,0,0,0,0,0,0,47000,0,0,0,47000,0,47000,47000
058473,上銀凱基9A購03  ,0,0,0,0,0,0,0,0,0,47000,0,0,0,59000,12000,47000,47000
055032,億光富邦99購01  ,0,0,0,0,0,0,0,0,0,47000,0,0,0,60000,13000,47000,47000
061048,國巨中信9A購05  ,0,0,0,0,0,0,0,0,0,47000,0,0,0,110000,63000,47000,47000
062045,崇越凱基9B購01  ,0,0,0,0,0,0,0,0,0,47000,0,0,0,153000,106000,47000,47000
058875,台表科國票9A購02,0,0,0,0,0,0,0,0,0,47000,0,0,0,54000,7000,47000,47000
064390,台塑永豐9C購01  ,0,0,0,0,0,0,0,0,0,47000,0,0,0,49000,2000,47000,47000
064664,微星元大9C購04  ,0,0,0,0,0,0,0,0,0,47000,0,0,0,50000,3000,47000,47000
064569,群創群益9C購01  ,0,0,0,0,0,0,0,0,0,47000,0,0,0,1153000,1106000,47000,47000
063781,健策永豐9B購08  ,0,0,0,0,0,0,0,0,0,47000,0,0,0,53000,6000,47000,47000
063574,茂林元大9B購07  ,0,0,0,0,0,0,0,0,0,47000,0,0,0,49000,2000,47000,47000
064211,友達凱基02購01  ,0,0,0,0,0,0,0,0,0,47000,0,0,0,69000,22000,47000,47000
064146,瑞昱統一01購03  ,0,0,0,0,0,0,0,0,0,47000,0,0,0,52000,5000,47000,47000
064079,英業達中信9C購01,0,0,0,0,0,0,0,0,0,47000,0,0,0,186000,139000,47000,47000
064062,創意國泰01購01  ,0,0,0,0,0,0,0,0,0,47000,0,0,0,57000,10000,47000,47000
064035,GIS元大9C購03   ,0,0,0,0,0,0,0,0,0,47000,0,0,0,49000,2000,47000,47000
063238,漢唐元大9B購02  ,0,0,0,0,0,0,0,0,0,47000,0,0,0,52000,5000,47000,47000
062541,臻鼎國泰01購01  ,0,0,0,0,0,0,0,0,0,47000,0,0,0,52000,5000,47000,47000
062918,祥碩元大9C購02  ,0,0,0,0,0,0,0,0,0,47000,0,0,0,49000,2000,47000,47000
062761,嘉晶凱基9C購01  ,0,0,0,0,0,0,0,0,0,47000,0,0,0,63000,16000,47000,47000
062751,華擎中信9C購01  ,0,0,0,0,0,0,0,0,0,47000,0,0,0,243000,196000,47000,47000
08505P,臺股指國票9C售07,0,0,0,0,0,0,0,0,0,47000,0,0,0,159000,112000,47000,47000
065088,可成元大9C購09  ,0,0,0,0,0,0,0,0,0,46000,0,0,0,54000,8000,46000,46000
065368,技嘉元大9C購04  ,0,0,0,0,0,0,0,0,0,46000,0,0,0,63000,17000,46000,46000
065305,泰鼎元富9C購01  ,0,0,0,0,0,0,0,0,0,46000,0,0,0,344000,298000,46000,46000
065931,瑞祺國票02購01  ,0,0,0,0,0,0,0,0,0,46000,0,0,0,115000,69000,46000,46000
06849P,欣興元大98售12  ,0,0,0,0,0,0,0,0,0,46000,0,0,0,199000,153000,46000,46000
066084,國巨富邦05購01  ,0,0,0,0,0,0,0,0,0,46000,0,0,0,146000,100000,46000,46000
055910,瑞昱凱基98購01  ,0,0,0,0,0,0,0,0,0,46000,0,0,0,46000,0,46000,46000
060289,京元電元大9A購01,0,0,0,0,0,0,0,0,0,46000,0,0,0,56000,10000,46000,46000
060468,聯鈞元大9A購02  ,0,0,0,0,0,0,0,0,0,46000,0,0,0,95000,49000,46000,46000
056969,智易永豐98購01  ,0,0,0,0,0,0,0,0,0,46000,0,0,0,86000,40000,46000,46000
057408,台郡群益98購01  ,0,0,0,0,0,0,0,0,0,46000,0,0,0,48000,2000,46000,46000
057444,台泥元富98購01  ,0,0,0,0,0,0,0,0,0,46000,0,0,0,169000,123000,46000,46000
059120,致伸永豐99購01  ,0,0,0,0,0,0,0,0,0,46000,0,0,0,114000,68000,46000,46000
061855,台郡國票9B購01  ,0,0,0,0,0,0,0,0,0,46000,0,0,0,46000,0,46000,46000
062018,台勝科永豐9B購01,0,0,0,0,0,0,0,0,0,46000,0,0,0,56000,10000,46000,46000
060688,世紀鋼元大9C購01,0,0,0,0,0,0,0,0,0,46000,0,0,0,68000,22000,46000,46000
061471,台積電元大9A購31,0,0,0,0,0,0,0,0,0,46000,0,0,0,56000,10000,46000,46000
061423,廣達元大9A購01  ,0,0,0,0,0,0,0,0,0,46000,0,0,0,371000,325000,46000,46000
062349,新日興群益9B購02,0,0,0,0,0,0,0,0,0,46000,0,0,0,193000,147000,46000,46000
062289,緯穎群益9B購01  ,0,0,0,0,0,0,0,0,0,46000,0,0,0,76000,30000,46000,46000
062925,建準國票9B購01  ,0,0,0,0,0,0,0,0,0,46000,0,0,0,56000,10000,46000,46000
064184,矽格富邦02購01  ,0,0,0,0,0,0,0,0,0,46000,0,0,0,59000,13000,46000,46000
063604,群創凱基01購02  ,0,0,0,0,0,0,0,0,0,46000,0,0,0,111000,65000,46000,46000
08403P,上銀元大9C售07  ,0,0,0,0,0,0,0,0,0,46000,0,0,0,55000,9000,46000,46000
5258,虹堡            ,101000,56000,45000,0,0,0,0,0,0,1000,1000,0,1000,0,0,0,46000
066279,拓凱元大01購01  ,0,0,0,0,0,0,0,0,0,45000,0,0,0,263000,218000,45000,45000
06859P,元金2X中信9C售01,0,0,0,0,0,0,0,0,0,45000,0,0,0,45000,0,45000,45000
08061P,大毅國票9B售04  ,0,0,0,0,0,0,0,0,0,45000,0,0,0,51000,6000,45000,45000
065210,健策國票01購03  ,0,0,0,0,0,0,0,0,0,45000,0,0,0,45000,0,45000,45000
065230,義隆凱基02購01  ,0,0,0,0,0,0,0,0,0,45000,0,0,0,46000,1000,45000,45000
057828,緯穎元大99購02  ,0,0,0,0,0,0,0,0,0,45000,0,0,0,360000,315000,45000,45000
057544,鴻海凱基02購01  ,0,0,0,0,0,0,0,0,0,45000,0,0,0,707000,662000,45000,45000
056291,聯茂永豐97購03  ,0,0,0,0,0,0,0,0,0,45000,0,0,0,123000,78000,45000,45000
056247,台郡群益97購01  ,0,0,0,0,0,0,0,0,0,45000,0,0,0,55000,10000,45000,45000
056390,台積電富邦9B購01,0,0,0,0,0,0,0,0,0,45000,0,0,0,45000,0,45000,45000
056426,上証2X凱基9A購01,0,0,0,0,0,0,0,0,0,45000,0,0,0,45000,0,45000,45000
056334,台積電凱基98購06,0,0,0,0,0,0,0,0,0,45000,0,0,0,45000,0,45000,45000
055912,宏達電凱基98購03,0,0,0,0,0,0,0,0,0,45000,0,0,0,50000,5000,45000,45000
061337,台積電元大9A購27,0,0,0,0,0,0,0,0,0,45000,0,0,0,55000,10000,45000,45000
058036,南電永豐98購01  ,0,0,0,0,0,0,0,0,0,45000,0,0,0,45000,0,45000,45000
058005,茂林群益98購04  ,0,0,0,0,0,0,0,0,0,45000,0,0,0,45000,0,45000,45000
060056,大立光凱基9B購01,0,0,0,0,0,0,0,0,0,45000,0,0,0,45000,0,45000,45000
063038,富邦金凱基9B購02,0,0,0,0,0,0,0,0,0,45000,0,0,0,124000,79000,45000,45000
063281,京元電元大9B購01,0,0,0,0,0,0,0,0,0,45000,0,0,0,142000,97000,45000,45000
063425,台勝科凱基9B購02,0,0,0,0,0,0,0,0,0,45000,0,0,0,57000,12000,45000,45000
062485,華通國泰01購01  ,0,0,0,0,0,0,0,0,0,45000,0,0,0,94000,49000,45000,45000
062620,台表科元大9B購04,0,0,0,0,0,0,0,0,0,45000,0,0,0,74000,29000,45000,45000
2912,統一超          ,497754,435163,62591,0,0,0,0,26000,-26000,8000,11000,3000,8000,0,0,0,44591
065285,宏碁群益01購01  ,0,0,0,0,0,0,0,0,0,44000,0,0,0,44000,0,44000,44000
065549,智邦凱基9C購03  ,0,0,0,0,0,0,0,0,0,44000,0,0,0,94000,50000,44000,44000
065434,台勝科凱基01購01,0,0,0,0,0,0,0,0,0,44000,0,0,0,84000,40000,44000,44000
057248,台積電統一98購08,0,0,0,0,0,0,0,0,0,44000,0,0,0,44000,0,44000,44000
053341,聯發科國票97購03,0,0,0,0,0,0,0,0,0,44000,0,0,0,45000,1000,44000,44000
057325,可成群益9A購01  ,0,0,0,0,0,0,0,0,0,44000,0,0,0,55000,11000,44000,44000
059291,華新科元富9B購01,0,0,0,0,0,0,0,0,0,44000,0,0,0,116000,72000,44000,44000
057928,鈺齊凱基98購02  ,0,0,0,0,0,0,0,0,0,44000,0,0,0,44000,0,44000,44000
059985,華新科元大99購22,0,0,0,0,0,0,0,0,0,44000,0,0,0,179000,135000,44000,44000
059197,可成永豐99購02  ,0,0,0,0,0,0,0,0,0,44000,0,0,0,44000,0,44000,44000
061839,華新科凱基05購04,0,0,0,0,0,0,0,0,0,44000,0,0,0,175000,131000,44000,44000
062026,華邦電群益9B購01,0,0,0,0,0,0,0,0,0,44000,0,0,0,164000,120000,44000,44000
062100,矽格永豐9B購01  ,0,0,0,0,0,0,0,0,0,44000,0,0,0,45000,1000,44000,44000
058343,台積電群益99購02,0,0,0,0,0,0,0,0,0,44000,0,0,0,44000,0,44000,44000
061222,台灣50中信9A購02,0,0,0,0,0,0,0,0,0,44000,0,0,0,49000,5000,44000,44000
061517,瑞祺永豐9A購03  ,0,0,0,0,0,0,0,0,0,44000,0,0,0,295000,251000,44000,44000
061501,嘉澤國票9A購01  ,0,0,0,0,0,0,0,0,0,44000,0,0,0,45000,1000,44000,44000
060562,旺宏富邦9C購02  ,0,0,0,0,0,0,0,0,0,44000,0,0,0,184000,140000,44000,44000
060821,SP黃豆元大9A購02,0,0,0,0,0,0,0,0,0,44000,0,0,0,195000,151000,44000,44000
062512,美食國票9B購01  ,0,0,0,0,0,0,0,0,0,44000,0,0,0,44000,0,44000,44000
063634,台光電元大9B購09,0,0,0,0,0,0,0,0,0,44000,0,0,0,61000,17000,44000,44000
063859,國巨國泰01購03  ,0,0,0,0,0,0,0,0,0,44000,0,0,0,137000,93000,44000,44000
063986,聯發科富邦02購01,0,0,0,0,0,0,0,0,0,44000,0,0,0,64000,20000,44000,44000
064498,可成元大01購03  ,0,0,0,0,0,0,0,0,0,44000,0,0,0,57000,13000,44000,44000
066003,台表科國票02購02,0,0,0,0,0,0,0,0,0,43000,0,0,0,43000,0,43000,43000
065995,台虹永豐01購01  ,0,0,0,0,0,0,0,0,0,43000,0,0,0,168000,125000,43000,43000
065259,燿華元大9C購05  ,0,0,0,0,0,0,0,0,0,43000,0,0,0,49000,6000,43000,43000
066062,同欣電元大01購02,0,0,0,0,0,0,0,0,0,43000,0,0,0,46000,3000,43000,43000
066138,健策群益01購05  ,0,0,0,0,0,0,0,0,0,43000,0,0,0,64000,21000,43000,43000
058505,台積電元大99購08,0,0,0,0,0,0,0,0,0,43000,0,0,0,43000,0,43000,43000
060467,神基元大9A購01  ,0,0,0,0,0,0,0,0,0,43000,0,0,0,192000,149000,43000,43000
060477,和潤元大9A購01  ,0,0,0,0,0,0,0,0,0,43000,0,0,0,77000,34000,43000,43000
057530,奇鋐元大99購01  ,0,0,0,0,0,0,0,0,0,43000,0,0,0,45000,2000,43000,43000
057491,美食元大98購03  ,0,0,0,0,0,0,0,0,0,43000,0,0,0,43000,0,43000,43000
055030,帆宣國泰99購02  ,0,0,0,0,0,0,0,0,0,43000,0,0,0,43000,0,43000,43000
061037,嘉澤永豐9A購01  ,0,0,0,0,0,0,0,0,0,43000,0,0,0,105000,62000,43000,43000
061100,SP黃豆元大9A購04,0,0,0,0,0,0,0,0,0,43000,0,0,0,43000,0,43000,43000
061503,臻鼎國票9B購01  ,0,0,0,0,0,0,0,0,0,43000,0,0,0,44000,1000,43000,43000
058203,信邦凱基99購01  ,0,0,0,0,0,0,0,0,0,43000,0,0,0,43000,0,43000,43000
061972,華新元大9B購01  ,0,0,0,0,0,0,0,0,0,43000,0,0,0,63000,20000,43000,43000
061642,創意元大9A購04  ,0,0,0,0,0,0,0,0,0,43000,0,0,0,43000,0,43000,43000
059919,宏達電元大99購06,0,0,0,0,0,0,0,0,0,43000,0,0,0,140000,97000,43000,43000
064505,康控元大9C購01  ,0,0,0,0,0,0,0,0,0,43000,0,0,0,248000,205000,43000,43000
064758,可成凱基02購02  ,0,0,0,0,0,0,0,0,0,43000,0,0,0,53000,10000,43000,43000
064728,健策統一9C購04  ,0,0,0,0,0,0,0,0,0,43000,0,0,0,744000,701000,43000,43000
064737,中石化國票01購01,0,0,0,0,0,0,0,0,0,43000,0,0,0,43000,0,43000,43000
064353,力成元大9C購02  ,0,0,0,0,0,0,0,0,0,43000,0,0,0,118000,75000,43000,43000
063605,健策凱基9C購02  ,0,0,0,0,0,0,0,0,0,43000,0,0,0,86000,43000,43000,43000
062259,可成元大9B購03  ,0,0,0,0,0,0,0,0,0,43000,0,0,0,201000,158000,43000,43000
062609,帆宣凱基9B購01  ,0,0,0,0,0,0,0,0,0,43000,0,0,0,103000,60000,43000,43000
2465,麗臺            ,87000,44000,43000,0,0,0,0,0,0,0,0,0,0,0,0,0,43000
08345P,大立光元大9C售14,0,0,0,0,0,0,0,0,0,43000,0,0,0,50000,7000,43000,43000
08260P,大立光元大9C售08,0,0,0,0,0,0,0,0,0,43000,0,0,0,50000,7000,43000,43000
065022,同欣電富邦01購01,0,0,0,0,0,0,0,0,0,42000,0,0,0,60000,18000,42000,42000
065040,燿華凱基9C購01  ,0,0,0,0,0,0,0,0,0,42000,0,0,0,92000,50000,42000,42000
064887,嘉晶中信9C購02  ,0,0,0,0,0,0,0,0,0,42000,0,0,0,42000,0,42000,42000
065792,TPK永豐9C購02   ,0,0,0,0,0,0,0,0,0,42000,0,0,0,47000,5000,42000,42000
055615,宏達電國票99購02,0,0,0,0,0,0,0,0,0,42000,0,0,0,102000,60000,42000,42000
053559,台積電國泰98購01,0,0,0,0,0,0,0,0,0,42000,0,0,0,42000,0,42000,42000
055570,華通統一98購03  ,0,0,0,0,0,0,0,0,0,42000,0,0,0,43000,1000,42000,42000
057338,群創國票99購01  ,0,0,0,0,0,0,0,0,0,42000,0,0,0,42000,0,42000,42000
057161,亞德客元大98購02,0,0,0,0,0,0,0,0,0,42000,0,0,0,262000,220000,42000,42000
059732,超眾元大9A購01  ,0,0,0,0,0,0,0,0,0,42000,0,0,0,115000,73000,42000,42000
058803,世紀鋼元大99購03,0,0,0,0,0,0,0,0,0,42000,0,0,0,82000,40000,42000,42000
058795,可成元大99購03  ,0,0,0,0,0,0,0,0,0,42000,0,0,0,104000,62000,42000,42000
061540,台積電群益9A購07,0,0,0,0,0,0,0,0,0,42000,0,0,0,61000,19000,42000,42000
058700,鴻海元大99購15  ,0,0,0,0,0,0,0,0,0,42000,0,0,0,58000,16000,42000,42000
061231,聚陽元大9A購02  ,0,0,0,0,0,0,0,0,0,42000,0,0,0,42000,0,42000,42000
060673,旺宏元大9A購04  ,0,0,0,0,0,0,0,0,0,42000,0,0,0,43000,1000,42000,42000
061109,臻鼎元大9A購03  ,0,0,0,0,0,0,0,0,0,42000,0,0,0,100000,58000,42000,42000
063446,台光電統一01購02,0,0,0,0,0,0,0,0,0,42000,0,0,0,48000,6000,42000,42000
063168,台表科永豐9B購01,0,0,0,0,0,0,0,0,0,42000,0,0,0,210000,168000,42000,42000
063692,華擎永豐9B購02  ,0,0,0,0,0,0,0,0,0,42000,0,0,0,122000,80000,42000,42000
063733,聯發科元大9B購27,0,0,0,0,0,0,0,0,0,42000,0,0,0,116000,74000,42000,42000
064244,GIS統一02購01   ,0,0,0,0,0,0,0,0,0,42000,0,0,0,42000,0,42000,42000
064224,玉晶光國票01購04,0,0,0,0,0,0,0,0,0,42000,0,0,0,65000,23000,42000,42000
064508,力成元大9C購03  ,0,0,0,0,0,0,0,0,0,42000,0,0,0,73000,31000,42000,42000
064617,台光電元大01購01,0,0,0,0,0,0,0,0,0,42000,0,0,0,42000,0,42000,42000
2069,運錩            ,43000,1000,42000,0,0,0,0,0,0,0,0,0,0,0,0,0,42000
2010,春源            ,60000,18000,42000,0,0,0,0,0,0,0,0,0,0,0,0,0,42000
065766,南電元大9C購08  ,0,0,0,0,0,0,0,0,0,41000,0,0,0,160000,119000,41000,41000
065750,智邦元大9C購09  ,0,0,0,0,0,0,0,0,0,41000,0,0,0,55000,14000,41000,41000
065757,新日興元大9C購06,1000,0,1000,0,0,0,0,0,0,40000,0,0,0,232000,192000,40000,41000
06548P,大立光元大98售10,0,0,0,0,0,0,0,0,0,41000,0,0,0,41000,0,41000,41000
064831,宏達電統一02購01,0,0,0,0,0,0,0,0,0,41000,0,0,0,91000,50000,41000,41000
065082,台光電元大9C購04,0,0,0,0,0,0,0,0,0,41000,0,0,0,106000,65000,41000,41000
065367,技嘉元大01購01  ,0,0,0,0,0,0,0,0,0,41000,0,0,0,140000,99000,41000,41000
06854P,鴻海富邦99售05  ,0,0,0,0,0,0,0,0,0,41000,0,0,0,41000,0,41000,41000
07952P,富邦金元大9B售02,0,0,0,0,0,0,0,0,0,41000,0,0,0,50000,9000,41000,41000
07442P,華航康和9A售02  ,0,0,0,0,0,0,0,0,0,41000,0,0,0,41000,0,41000,41000
07745P,華新科凱基9A售10,0,0,0,0,0,0,0,0,0,41000,0,0,0,41000,0,41000,41000
059297,大立光元富9C購01,0,0,0,0,0,0,0,0,0,41000,0,0,0,83000,42000,41000,41000
057525,光磊元大99購01  ,0,0,0,0,0,0,0,0,0,41000,0,0,0,42000,1000,41000,41000
056054,亞德客元大97購05,0,0,0,0,0,0,0,0,0,41000,0,0,0,146000,105000,41000,41000
054552,聯發科凱基98購03,0,0,0,0,0,0,0,0,0,41000,0,0,0,151000,110000,41000,41000
057675,同欣電元大98購02,0,0,0,0,0,0,0,0,0,41000,0,0,0,162000,121000,41000,41000
060967,鈺齊凱基9A購02  ,0,0,0,0,0,0,0,0,0,41000,0,0,0,81000,40000,41000,41000
058107,全新台新99購01  ,0,0,0,0,0,0,0,0,0,41000,0,0,0,41000,0,41000,41000
060089,台積電元大99購54,0,0,0,0,0,0,0,0,0,41000,0,0,0,41000,0,41000,41000
059128,友達中信99購02  ,0,0,0,0,0,0,0,0,0,41000,0,0,0,51000,10000,41000,41000
064423,義隆兆豐9C購02  ,0,0,0,0,0,0,0,0,0,41000,0,0,0,47000,6000,41000,41000
063154,南六元富9B購02  ,0,0,0,0,0,0,0,0,0,41000,0,0,0,63000,22000,41000,41000
063180,台塑凱基9B購01  ,0,0,0,0,0,0,0,0,0,41000,0,0,0,48000,7000,41000,41000
063480,南六元大9C購01  ,0,0,0,0,0,0,0,0,0,41000,0,0,0,79000,38000,41000,41000
063361,台表科國泰01購02,0,0,0,0,0,0,0,0,0,41000,0,0,0,62000,21000,41000,41000
062311,奇力新凱基9B購01,0,0,0,0,0,0,0,0,0,41000,0,0,0,41000,0,41000,41000
06246P,茂林元富97售03  ,0,0,0,0,0,0,0,0,0,41000,0,0,0,41000,0,41000,41000
1903,士紙            ,156000,115000,41000,0,0,0,0,0,0,0,0,0,0,0,0,0,41000
08461P,長榮航國票9C售01,0,0,0,0,0,0,0,0,0,41000,0,0,0,41000,0,41000,41000
2538,基泰            ,99000,58000,41000,0,0,0,0,0,0,0,0,0,0,0,0,0,41000
9937,全國            ,48000,7000,41000,0,0,0,0,0,0,0,0,0,0,0,0,0,41000
07255P,國巨凱基99售15  ,0,0,0,0,0,0,0,0,0,40000,0,0,0,45000,5000,40000,40000
07997P,上銀凱基9B售04  ,0,0,0,0,0,0,0,0,0,40000,0,0,0,40000,0,40000,40000
08154P,上銀元富9B售04  ,0,0,0,0,0,0,0,0,0,40000,0,0,0,100000,60000,40000,40000
08175P,金像電統一9B售02,0,0,0,0,0,0,0,0,0,40000,0,0,0,50000,10000,40000,40000
06937P,GIS元大98售03   ,0,0,0,0,0,0,0,0,0,40000,0,0,0,126000,86000,40000,40000
06925P,致茂群益9A售02  ,0,0,0,0,0,0,0,0,0,40000,0,0,0,40000,0,40000,40000
065287,華新科群益01購03,0,0,0,0,0,0,0,0,0,40000,0,0,0,40000,0,40000,40000
065182,南電元大9C購05  ,0,0,0,0,0,0,0,0,0,40000,0,0,0,70000,30000,40000,40000
064868,嘉晶永豐9C購02  ,0,0,0,0,0,0,0,0,0,40000,0,0,0,40000,0,40000,40000
064928,同欣電統一01購02,0,0,0,0,0,0,0,0,0,40000,0,0,0,75000,35000,40000,40000
065670,華新科凱基01購02,0,0,0,0,0,0,0,0,0,40000,0,0,0,150000,110000,40000,40000
065883,康友台新9C購01  ,0,0,0,0,0,0,0,0,0,40000,0,0,0,76000,36000,40000,40000
055383,GIS元大97購02   ,0,0,0,0,0,0,0,0,0,40000,0,0,0,40000,0,40000,40000
055420,欣興永豐98購01  ,0,0,0,0,0,0,0,0,0,40000,0,0,0,40000,0,40000,40000
055278,旺宏元大98購05  ,0,0,0,0,0,0,0,0,0,40000,0,0,0,40000,0,40000,40000
057770,亞德客群益98購01,0,0,0,0,0,0,0,0,0,40000,0,0,0,40000,0,40000,40000
057202,TPK元富98購02   ,0,0,0,0,0,0,0,0,0,40000,0,0,0,40000,0,40000,40000
053805,奇鋐凱基98購02  ,0,0,0,0,0,0,0,0,0,40000,0,0,0,40000,0,40000,40000
053925,群創國票98購01  ,0,0,0,0,0,0,0,0,0,40000,0,0,0,40000,0,40000,40000
048070,聯發科元富99購03,0,0,0,0,0,0,0,0,0,40000,0,0,0,40000,0,40000,40000
055849,聯詠元大97購05  ,0,0,0,0,0,0,0,0,0,40000,0,0,0,40000,0,40000,40000
053366,樺漢國泰98購01  ,0,0,0,0,0,0,0,0,0,40000,0,0,0,40000,0,40000,40000
053221,彩晶凱基98購01  ,0,0,0,0,0,0,0,0,0,40000,0,0,0,40000,0,40000,40000
052994,群創台新99購01  ,0,0,0,0,0,0,0,0,0,40000,0,0,0,40000,0,40000,40000
052536,聯茂國泰97購01  ,0,0,0,0,0,0,0,0,0,40000,0,0,0,40000,0,40000,40000
00678,群益NBI生技     ,0,0,0,0,0,0,0,0,0,40000,0,0,0,341000,301000,40000,40000
056213,建準國票98購02  ,0,0,0,0,0,0,0,0,0,40000,0,0,0,40000,0,40000,40000
057480,技嘉元大98購03  ,0,0,0,0,0,0,0,0,0,40000,0,0,0,40000,0,40000,40000
057335,技嘉國票99購01  ,0,0,0,0,0,0,0,0,0,40000,0,0,0,98000,58000,40000,40000
057377,康控元大99購02  ,0,0,0,0,0,0,0,0,0,40000,0,0,0,243000,203000,40000,40000
059283,康友永豐99購02  ,0,0,0,0,0,0,0,0,0,40000,0,0,0,40000,0,40000,40000
059247,可成凱基99購05  ,0,0,0,0,0,0,0,0,0,40000,0,0,0,40000,0,40000,40000
059204,台灣50元大01購02,0,0,0,0,0,0,0,0,0,40000,0,0,0,40000,0,40000,40000
05714P,群創統一97售03  ,0,0,0,0,0,0,0,0,0,40000,0,0,0,40000,0,40000,40000
056594,台積電元富98購03,0,0,0,0,0,0,0,0,0,40000,0,0,0,40000,0,40000,40000
059647,超眾凱基99購04  ,0,0,0,0,0,0,0,0,0,40000,0,0,0,50000,10000,40000,40000
059836,大立光國泰9B購02,0,0,0,0,0,0,0,0,0,40000,0,0,0,95000,55000,40000,40000
058838,國巨中信99購03  ,0,0,0,0,0,0,0,0,0,40000,0,0,0,40000,0,40000,40000
059569,旺宏凱基99購09  ,0,0,0,0,0,0,0,0,0,40000,0,0,0,40000,0,40000,40000
059020,元油2X統一9B購02,0,0,0,0,0,0,0,0,0,40000,0,0,0,50000,10000,40000,40000
059021,台積電統一9B購07,0,0,0,0,0,0,0,0,0,40000,0,0,0,40000,0,40000,40000
061696,南茂群益9A購01  ,0,0,0,0,0,0,0,0,0,40000,0,0,0,44000,4000,40000,40000
058702,國巨元大99購16  ,0,0,0,0,0,0,0,0,0,40000,0,0,0,40000,0,40000,40000
061262,智邦凱基9A購02  ,0,0,0,0,0,0,0,0,0,40000,0,0,0,40000,0,40000,40000
061340,義隆元大9A購01  ,0,0,0,0,0,0,0,0,0,40000,0,0,0,50000,10000,40000,40000
061354,瑞儀元大9A購01  ,0,0,0,0,0,0,0,0,0,40000,0,0,0,40000,0,40000,40000
060744,鴻海國票9A購04  ,0,0,0,0,0,0,0,0,0,40000,0,0,0,62000,22000,40000,40000
060737,瑞儀統一9C購01  ,0,0,0,0,0,0,0,0,0,40000,0,0,0,40000,0,40000,40000
060887,台積電統一01購01,0,0,0,0,0,0,0,0,0,40000,0,0,0,50000,10000,40000,40000
062382,燿華國泰9C購01  ,0,0,0,0,0,0,0,0,0,40000,0,0,0,43000,3000,40000,40000
062727,華擎凱基9B購03  ,0,0,0,0,0,0,0,0,0,40000,0,0,0,65000,25000,40000,40000
063317,大立光群益9B購06,0,0,0,0,0,0,0,0,0,40000,0,0,0,40000,0,40000,40000
063463,瑞昱元大9B購05  ,0,0,0,0,0,0,0,0,0,40000,0,0,0,45000,5000,40000,40000
063557,聚陽元大9B購01  ,0,0,0,0,0,0,0,0,0,40000,0,0,0,81000,41000,40000,40000
062941,大立光凱基9B購07,0,0,0,0,0,0,0,0,0,40000,0,0,0,60000,20000,40000,40000
063995,健鼎群益9C購01  ,0,0,0,0,0,0,0,0,0,40000,0,0,0,75000,35000,40000,40000
063919,大立光元富03購01,0,0,0,0,0,0,0,0,0,40000,0,0,0,71000,31000,40000,40000
2852,第一保          ,59000,19000,40000,0,0,0,0,0,0,0,0,0,0,0,0,0,40000
3023,信邦            ,514000,426000,88000,0,0,0,0,15000,-15000,-33000,0,20000,-20000,9000,22000,-13000,40000
08430P,友達凱基01售01  ,0,0,0,0,0,0,0,0,0,40000,0,0,0,40000,0,40000,40000
065748,台積電元大01購05,0,0,0,0,0,0,0,0,0,39000,0,0,0,39000,0,39000,39000
07054P,華新科兆豐99售04,0,0,0,0,0,0,0,0,0,39000,0,0,0,59000,20000,39000,39000
08190P,宏達電元富9B售04,0,0,0,0,0,0,0,0,0,39000,0,0,0,41000,2000,39000,39000
060410,台苯永豐9A購01  ,0,0,0,0,0,0,0,0,0,39000,0,0,0,40000,1000,39000,39000
057768,華新科中信9A購01,0,0,0,0,0,0,0,0,0,39000,0,0,0,59000,20000,39000,39000
060759,南亞科元大9A購03,0,0,0,0,0,0,0,0,0,39000,0,0,0,107000,68000,39000,39000
061136,可成統一9A購01  ,0,0,0,0,0,0,0,0,0,39000,0,0,0,50000,11000,39000,39000
060698,旺宏國泰9C購01  ,0,0,0,0,0,0,0,0,0,39000,0,0,0,168000,129000,39000,39000
060721,瑞儀永豐9A購01  ,0,0,0,0,0,0,0,0,0,39000,0,0,0,68000,29000,39000,39000
060637,玉晶光永豐9A購03,0,0,0,0,0,0,0,0,0,39000,0,0,0,39000,0,39000,39000
058004,大立光群益98購03,0,0,0,0,0,0,0,0,0,39000,0,0,0,119000,80000,39000,39000
060731,奇力新群益9A購01,0,0,0,0,0,0,0,0,0,39000,0,0,0,39000,0,39000,39000
061595,智易永豐9A購02  ,0,0,0,0,0,0,0,0,0,39000,0,0,0,50000,11000,39000,39000
058983,旺宏凱基99購05  ,0,0,0,0,0,0,0,0,0,39000,0,0,0,39000,0,39000,39000
059867,華邦電凱基99購02,0,0,0,0,0,0,0,0,0,39000,0,0,0,49000,10000,39000,39000
059613,泰鼎永豐99購02  ,0,0,0,0,0,0,0,0,0,39000,0,0,0,59000,20000,39000,39000
063725,聯電元大9C購03  ,0,0,0,0,0,0,0,0,0,39000,0,0,0,113000,74000,39000,39000
063821,南亞科麥證9C購01,0,0,0,110000,71000,39000,0,0,0,39000,0,0,0,110000,71000,39000,39000
064524,GIS群益02購01   ,0,0,0,0,0,0,0,0,0,39000,0,0,0,123000,84000,39000,39000
064779,義隆群益9C購03  ,0,0,0,0,0,0,0,0,0,39000,0,0,0,229000,190000,39000,39000
063088,緯穎凱基9B購04  ,0,0,0,0,0,0,0,0,0,39000,0,0,0,59000,20000,39000,39000
063248,創意元大9C購01  ,0,0,0,0,0,0,0,0,0,39000,0,0,0,149000,110000,39000,39000
062619,台表科元大9B購03,0,0,0,0,0,0,0,0,0,39000,0,0,0,130000,91000,39000,39000
065917,全新凱基02購01  ,0,0,0,0,0,0,0,0,0,38000,0,0,0,185000,147000,38000,38000
055584,國巨元大97購11  ,0,0,0,0,0,0,0,0,0,38000,0,0,0,38000,0,38000,38000
060241,國泰金元大9A購01,0,0,0,0,0,0,0,0,0,38000,0,0,0,94000,56000,38000,38000
057935,晶技群益98購02  ,0,0,0,0,0,0,0,0,0,38000,0,0,0,64000,26000,38000,38000
058433,台積電統一9B購04,0,0,0,0,0,0,0,0,0,38000,0,0,0,39000,1000,38000,38000
057586,台積電國票99購06,0,0,0,0,0,0,0,0,0,38000,0,0,0,38000,0,38000,38000
056910,超眾元大99購02  ,0,0,0,0,0,0,0,0,0,38000,0,0,0,55000,17000,38000,38000
056921,京元電兆豐98購01,0,0,0,0,0,0,0,0,0,38000,0,0,0,43000,5000,38000,38000
057009,信邦中信99購01  ,0,0,0,0,0,0,0,0,0,38000,0,0,0,113000,75000,38000,38000
059195,國巨永豐99購04  ,0,0,0,0,0,0,0,0,0,38000,0,0,0,45000,7000,38000,38000
059062,群創凱基99購05  ,0,0,0,0,0,0,0,0,0,38000,0,0,0,192000,154000,38000,38000
059504,台灣50永豐99購08,0,0,0,0,0,0,0,0,0,38000,0,0,0,38000,0,38000,38000
058783,臺股指國票99購02,0,0,0,0,0,0,0,0,0,38000,0,0,0,72000,34000,38000,38000
061681,南電元大9A購08  ,0,0,0,0,0,0,0,0,0,38000,0,0,0,178000,140000,38000,38000
062002,鴻海國泰01購01  ,0,0,0,0,0,0,0,0,0,38000,0,0,0,63000,25000,38000,38000
061902,百和永豐9B購01  ,0,0,0,0,0,0,0,0,0,38000,0,0,0,66000,28000,38000,38000
062106,華邦電國票9B購02,0,0,0,0,0,0,0,0,0,38000,0,0,0,40000,2000,38000,38000
062097,台光電永豐9B購01,0,0,0,0,0,0,0,0,0,38000,0,0,0,63000,25000,38000,38000
058050,台郡元大99購05  ,0,0,0,0,0,0,0,0,0,38000,0,0,0,110000,72000,38000,38000
063137,瑞昱統一01購02  ,0,0,0,0,0,0,0,0,0,38000,0,0,0,49000,11000,38000,38000
063504,國巨群益9C購06  ,0,0,0,0,0,0,0,0,0,38000,0,0,0,73000,35000,38000,38000
063445,金像電統一9B購01,0,0,0,0,0,0,0,0,0,38000,0,0,0,79000,41000,38000,38000
063330,神達國票9C購01  ,0,0,0,0,0,0,0,0,0,38000,0,0,0,38000,0,38000,38000
063379,帆宣永豐9B購01  ,0,0,0,0,0,0,0,0,0,38000,0,0,0,38000,0,38000,38000
064510,GIS元大01購01   ,0,0,0,0,0,0,0,0,0,38000,0,0,0,46000,8000,38000,38000
064263,貿聯永豐9C購01  ,0,0,0,0,0,0,0,0,0,38000,0,0,0,38000,0,38000,38000
063834,滬深2X元大01購03,0,0,0,0,0,0,0,0,0,38000,0,0,0,70000,32000,38000,38000
063838,上銀元大9C購01  ,0,0,0,0,0,0,0,0,0,38000,0,0,0,155000,117000,38000,38000
063872,嘉聯益永豐9C購01,0,0,0,0,0,0,0,0,0,38000,0,0,0,42000,4000,38000,38000
063691,聯鈞永豐9B購01  ,0,0,0,0,0,0,0,0,0,38000,0,0,0,59000,21000,38000,38000
063965,漢唐國票01購01  ,0,0,0,0,0,0,0,0,0,38000,0,0,0,38000,0,38000,38000
063987,台灣50永豐9C購01,0,0,0,0,0,0,0,0,0,38000,0,0,0,38000,0,38000,38000
064021,國巨元大9C購15  ,0,0,0,0,0,0,0,0,0,38000,0,0,0,109000,71000,38000,38000
8404,百和興業-KY     ,80000,41000,39000,0,0,0,0,0,0,-1000,0,1000,-1000,0,0,0,38000
06568P,國巨永豐98售05  ,0,0,0,0,0,0,0,0,0,37000,0,0,0,37000,0,37000,37000
065494,滬深2X富邦01購01,0,0,0,0,0,0,0,0,0,37000,0,0,0,37000,0,37000,37000
065532,台光電統一02購02,0,0,0,0,0,0,0,0,0,37000,0,0,0,55000,18000,37000,37000
066237,京鼎富邦04購01  ,0,0,0,0,0,0,0,0,0,37000,0,0,0,122000,85000,37000,37000
056375,玉晶光統一01購01,0,0,0,0,0,0,0,0,0,37000,0,0,0,467000,430000,37000,37000
057494,玉晶光元大99購09,0,0,0,0,0,0,0,0,0,37000,0,0,0,56000,19000,37000,37000
056590,樺漢統一9A購01  ,0,0,0,0,0,0,0,0,0,37000,0,0,0,42000,5000,37000,37000
060293,緯創元大9A購01  ,0,0,0,0,0,0,0,0,0,37000,0,0,0,44000,7000,37000,37000
048236,A50正2國票97購02,0,0,0,0,0,0,0,0,0,37000,0,0,0,110000,73000,37000,37000
006203,元大MSCI台灣    ,0,1000,-1000,0,0,0,0,0,0,38000,0,0,0,38000,0,38000,37000
053280,群創元大9C購01  ,0,0,0,0,0,0,0,0,0,37000,0,0,0,37000,0,37000,37000
056851,瑞儀元富98購01  ,0,0,0,0,0,0,0,0,0,37000,0,0,0,47000,10000,37000,37000
056791,嘉聯益群益98購01,0,0,0,0,0,0,0,0,0,37000,0,0,0,37000,0,37000,37000
054539,欣興國票98購01  ,0,0,0,0,0,0,0,0,0,37000,0,0,0,42000,5000,37000,37000
060727,高股息中信9C購02,0,0,0,0,0,0,0,0,0,37000,0,0,0,57000,20000,37000,37000
061695,群創群益9A購01  ,0,0,0,0,0,0,0,0,0,37000,0,0,0,39000,2000,37000,37000
061655,微星國票9A購01  ,0,0,0,0,0,0,0,0,0,37000,0,0,0,37000,0,37000,37000
064024,漢唐元大9C購01  ,0,0,0,0,0,0,0,0,0,37000,0,0,0,47000,10000,37000,37000
063579,GIS元大9C購01   ,0,0,0,0,0,0,0,0,0,37000,0,0,0,56000,19000,37000,37000
062576,華擎群益9B購02  ,0,0,0,0,0,0,0,0,0,37000,0,0,0,75000,38000,37000,37000
062674,百和中信03購01  ,0,0,0,0,0,0,0,0,0,37000,0,0,0,156000,119000,37000,37000
062378,台表科元大9C購01,0,0,0,0,0,0,0,0,0,37000,0,0,0,53000,16000,37000,37000
066037,華通元大01購03  ,0,0,0,0,0,0,0,0,0,36000,0,0,0,71000,35000,36000,36000
06939P,國巨永豐98售09  ,0,0,0,0,0,0,0,0,0,36000,0,0,0,36000,0,36000,36000
07088P,訊芯永豐99售02  ,0,0,0,0,0,0,0,0,0,36000,0,0,0,42000,6000,36000,36000
06724P,台灣50國票98售01,0,0,0,0,0,0,0,0,0,36000,0,0,0,40000,4000,36000,36000
065525,瑞儀群益01購01  ,0,0,0,0,0,0,0,0,0,36000,0,0,0,45000,9000,36000,36000
065605,義隆元大01購02  ,0,0,0,0,0,0,0,0,0,36000,0,0,0,131000,95000,36000,36000
064937,英業達元富9C購01,0,0,0,0,0,0,0,0,0,36000,0,0,0,127000,91000,36000,36000
064952,國泰金凱基9C購01,0,0,0,0,0,0,0,0,0,36000,0,0,0,36000,0,36000,36000
065128,大成鋼兆豐9C購01,0,0,0,0,0,0,0,0,0,36000,0,0,0,36000,0,36000,36000
065110,嘉澤國票01購01  ,0,0,0,0,0,0,0,0,0,36000,0,0,0,42000,6000,36000,36000
056773,晶技元大99購03  ,0,0,0,0,0,0,0,0,0,36000,0,0,0,36000,0,36000,36000
052385,滬深2X群益99購05,0,0,0,0,0,0,0,0,0,36000,0,0,0,36000,0,36000,36000
057140,宏達電兆豐98購01,0,0,0,0,0,0,0,0,0,36000,0,0,0,36000,0,36000,36000
056738,國巨凱基9A購02  ,0,0,0,0,0,0,0,0,0,36000,0,0,0,117000,81000,36000,36000
056431,鴻海凱基98購07  ,0,0,0,0,0,0,0,0,0,36000,0,0,0,46000,10000,36000,36000
056156,禾伸堂凱基98購04,0,0,0,0,0,0,0,0,0,36000,0,0,0,36000,0,36000,36000
059147,矽創國票99購01  ,0,0,0,0,0,0,0,0,0,36000,0,0,0,93000,57000,36000,36000
059830,台郡凱基99購05  ,0,0,0,0,0,0,0,0,0,36000,0,0,0,36000,0,36000,36000
060583,南亞科元富9A購05,0,0,0,0,0,0,0,0,0,36000,0,0,0,46000,10000,36000,36000
060552,群創凱基9B購05  ,0,0,0,0,0,0,0,0,0,36000,0,0,0,99000,63000,36000,36000
061013,台積電麥證9A購03,0,0,0,36000,0,36000,0,0,0,36000,0,0,0,36000,0,36000,36000
061273,臺股指凱基9A購23,0,0,0,0,0,0,0,0,0,36000,0,0,0,60000,24000,36000,36000
063155,緯穎元富9B購03  ,0,0,0,0,0,0,0,0,0,36000,0,0,0,37000,1000,36000,36000
062996,致茂國票9C購01  ,0,0,0,0,0,0,0,0,0,36000,0,0,0,36000,0,36000,36000
063628,華通元大9B購09  ,0,0,0,0,0,0,0,0,0,36000,0,0,0,69000,33000,36000,36000
064708,帆宣永豐9C購01  ,0,0,0,0,0,0,0,0,0,36000,0,0,0,36000,0,36000,36000
065172,義隆元大9C購05  ,0,0,0,0,0,0,0,0,0,35000,0,0,0,44000,9000,35000,35000
064898,國產群益9C購01  ,0,0,0,0,0,0,0,0,0,35000,0,0,0,39000,4000,35000,35000
065909,大立光永豐9C購02,0,0,0,0,0,0,0,0,0,35000,0,0,0,43000,8000,35000,35000
065911,超眾永豐9C購01  ,0,0,0,0,0,0,0,0,0,35000,0,0,0,35000,0,35000,35000
065751,台光電元大9C購06,0,0,0,0,0,0,0,0,0,35000,0,0,0,53000,18000,35000,35000
06679P,旺宏元大98售09  ,0,0,0,0,0,0,0,0,0,35000,0,0,0,75000,40000,35000,35000
066178,拓凱凱基01購01  ,0,0,0,0,0,0,0,0,0,35000,0,0,0,37000,2000,35000,35000
07287P,全新群益9B售01  ,0,0,0,0,0,0,0,0,0,35000,0,0,0,35000,0,35000,35000
07649P,金像電永豐9A售02,0,0,0,0,0,0,0,0,0,35000,0,0,0,37000,2000,35000,35000
057611,技嘉元富98購02  ,0,0,0,0,0,0,0,0,0,35000,0,0,0,35000,0,35000,35000
059281,創意永豐99購02  ,0,0,0,0,0,0,0,0,0,35000,0,0,0,35000,0,35000,35000
059203,勤誠永豐99購02  ,0,0,0,0,0,0,0,0,0,35000,0,0,0,45000,10000,35000,35000
060511,群創元大9B購08  ,0,0,0,0,0,0,0,0,0,35000,0,0,0,86000,51000,35000,35000
053088,奇鋐元大98購01  ,0,0,0,0,0,0,0,0,0,35000,0,0,0,116000,81000,35000,35000
051911,大立光元大98購02,0,0,0,0,0,0,0,0,0,35000,0,0,0,39000,4000,35000,35000
057197,立積台新98購01  ,0,0,0,0,0,0,0,0,0,35000,0,0,0,35000,0,35000,35000
054477,聯發科中信9C購02,0,0,0,0,0,0,0,0,0,35000,0,0,0,37000,2000,35000,35000
053876,可成永昌98購01  ,0,0,0,0,0,0,0,0,0,35000,0,0,0,35000,0,35000,35000
061286,大立光統一9A購05,0,0,0,0,0,0,0,0,0,35000,0,0,0,37000,2000,35000,35000
058111,健鼎元富98購01  ,0,0,0,0,0,0,0,0,0,35000,0,0,0,42000,7000,35000,35000
059821,美律凱基99購08  ,0,0,0,0,0,0,0,0,0,35000,0,0,0,35000,0,35000,35000
059536,新光金凱基99購05,0,0,0,0,0,0,0,0,0,35000,0,0,0,35000,0,35000,35000
060122,亞德客永豐99購02,0,0,0,0,0,0,0,0,0,35000,0,0,0,104000,69000,35000,35000
064361,旺宏統一01購06  ,0,0,0,0,0,0,0,0,0,35000,0,0,0,85000,50000,35000,35000
063623,祥碩兆豐9B購02  ,0,0,0,0,0,0,0,0,0,35000,0,0,0,38000,3000,35000,35000
064032,群創元大9C購06  ,0,0,0,0,0,0,0,0,0,35000,0,0,0,62000,27000,35000,35000
064061,GIS麥證01購01   ,0,0,0,35000,0,35000,0,0,0,35000,0,0,0,35000,0,35000,35000
062361,智邦元大9B購06  ,0,0,0,0,0,0,0,0,0,35000,0,0,0,52000,17000,35000,35000
062584,鴻海統一9C購13  ,0,0,0,0,0,0,0,0,0,35000,0,0,0,35000,0,35000,35000
062746,致伸永豐9B購01  ,0,0,0,0,0,0,0,0,0,35000,0,0,0,100000,65000,35000,35000
08428P,GIS國票01售01   ,0,0,0,0,0,0,0,0,0,35000,0,0,0,40000,5000,35000,35000
065760,和碩元大9C購02  ,0,0,0,0,0,0,0,0,0,34000,0,0,0,102000,68000,34000,34000
065842,技嘉元大9C購05  ,0,0,0,0,0,0,0,0,0,34000,0,0,0,64000,30000,34000,34000
066007,大立光統一02購06,0,0,0,0,0,0,0,0,0,34000,0,0,0,41000,7000,34000,34000
064828,聯發科統一01購06,0,0,0,0,0,0,0,0,0,34000,0,0,0,99000,65000,34000,34000
065196,技嘉元富06購01  ,0,0,0,0,0,0,0,0,0,34000,0,0,0,34000,0,34000,34000
057725,台達電國泰9A購01,0,0,0,0,0,0,0,0,0,34000,0,0,0,34000,0,34000,34000
052730,華新科國泰98購01,0,0,0,0,0,0,0,0,0,34000,0,0,0,40000,6000,34000,34000
057959,欣興元大98購14  ,0,0,0,0,0,0,0,0,0,34000,0,0,0,126000,92000,34000,34000
057981,臻鼎永豐98購01  ,0,0,0,0,0,0,0,0,0,34000,0,0,0,84000,50000,34000,34000
057859,神達康和98購01  ,0,0,0,0,0,0,0,0,0,34000,0,0,0,102000,68000,34000,34000
056034,華通凱基98購01  ,0,0,0,0,0,0,0,0,0,34000,0,0,0,633000,599000,34000,34000
059165,南亞科凱基99購04,0,0,0,0,0,0,0,0,0,34000,0,0,0,121000,87000,34000,34000
059762,禾伸堂永豐99購02,0,0,0,0,0,0,0,0,0,34000,0,0,0,34000,0,34000,34000
060343,台積電統一9C購02,0,0,0,0,0,0,0,0,0,34000,0,0,0,34000,0,34000,34000
063229,台表科群益9B購04,0,0,0,0,0,0,0,0,0,34000,0,0,0,34000,0,34000,34000
063969,晶豪科國票01購01,0,0,0,0,0,0,0,0,0,34000,0,0,0,34000,0,34000,34000
063915,祥碩凱基01購01  ,0,0,0,0,0,0,0,0,0,34000,0,0,0,114000,80000,34000,34000
064299,宏碁兆豐9C購01  ,0,0,0,0,0,0,0,0,0,34000,0,0,0,120000,86000,34000,34000
08393P,鴻海群益9C售05  ,0,0,0,0,0,0,0,0,0,34000,0,0,0,55000,21000,34000,34000
08273P,國巨元富9C售02  ,0,0,0,0,0,0,0,0,0,34000,0,0,0,34000,0,34000,34000
1225,福懋油          ,59000,25000,34000,0,0,0,0,0,0,0,0,0,0,0,0,0,34000
065221,神隆永豐9C購01  ,0,0,0,0,0,0,0,0,0,33000,0,0,0,33000,0,33000,33000
065090,大立光元大9C購24,0,0,0,0,0,0,0,0,0,33000,0,0,0,40000,7000,33000,33000
064930,南六統一02購02  ,0,0,0,0,0,0,0,0,0,33000,0,0,0,33000,0,33000,33000
066001,景碩國票02購01  ,0,0,0,0,0,0,0,0,0,33000,0,0,0,33000,0,33000,33000
07944P,華新科元大9B售08,0,0,0,0,0,0,0,0,0,33000,0,0,0,54000,21000,33000,33000
057977,台光電永豐98購02,0,0,0,0,0,0,0,0,0,33000,0,0,0,33000,0,33000,33000
057930,旺宏群益99購04  ,0,0,0,0,0,0,0,0,0,33000,0,0,0,43000,10000,33000,33000
056603,嘉聯益國泰9A購01,0,0,0,0,0,0,0,0,0,33000,0,0,0,33000,0,33000,33000
058379,臺股指凱基99購14,0,0,0,0,0,0,0,0,0,33000,0,0,0,33000,0,33000,33000
061409,力成國票9A購02  ,0,0,0,0,0,0,0,0,0,33000,0,0,0,33000,0,33000,33000
060153,A50正2永豐9A購01,0,0,0,0,0,0,0,0,0,33000,0,0,0,142000,109000,33000,33000
061528,超眾凱基9A購04  ,0,0,0,0,0,0,0,0,0,33000,0,0,0,33000,0,33000,33000
064751,亞德客凱基9C購02,0,0,0,0,0,0,0,0,0,33000,0,0,0,200000,167000,33000,33000
063832,矽創國票01購01  ,0,0,0,0,0,0,0,0,0,33000,0,0,0,70000,37000,33000,33000
062170,健策永豐9B購04  ,0,0,0,0,0,0,0,0,0,33000,0,0,0,55000,22000,33000,33000
062470,智邦凱基9C購01  ,0,0,0,0,0,0,0,0,0,33000,0,0,0,33000,0,33000,33000
062511,台光電國票9B購02,0,0,0,0,0,0,0,0,0,33000,0,0,0,33000,0,33000,33000
5533,皇鼎            ,35000,1000,34000,0,0,0,0,0,0,-1000,0,1000,-1000,0,0,0,33000
4952,凌通            ,116000,83000,33000,0,0,0,0,0,0,0,0,0,0,0,0,0,33000
06889P,臺股指元大98售13,0,0,0,0,0,0,0,0,0,32000,0,0,0,32000,0,32000,32000
06984P,上銀富邦9B售01  ,0,0,0,0,0,0,0,0,0,32000,0,0,0,212000,180000,32000,32000
065918,可成凱基01購01  ,0,0,0,0,0,0,0,0,0,32000,0,0,0,32000,0,32000,32000
065891,聯發科統一02購03,0,0,0,0,0,0,0,0,0,32000,0,0,0,74000,42000,32000,32000
065576,泰鼎群益9C購02  ,0,0,0,0,0,0,0,0,0,32000,0,0,0,36000,4000,32000,32000
065696,旺宏群益9C購06  ,0,0,0,0,0,0,0,0,0,32000,0,0,0,147000,115000,32000,32000
064869,景碩永豐9C購01  ,0,0,0,0,0,0,0,0,0,32000,0,0,0,32000,0,32000,32000
057181,亞光元大98購02  ,0,0,0,0,0,0,0,0,0,32000,0,0,0,283000,251000,32000,32000
059214,國巨元大99購20  ,0,0,0,0,0,0,0,0,0,32000,0,0,0,52000,20000,32000,32000
060247,牧德元大9A購02  ,0,0,0,0,0,0,0,0,0,32000,0,0,0,38000,6000,32000,32000
057384,台灣50永豐99購02,0,0,0,0,0,0,0,0,0,32000,0,0,0,32000,0,32000,32000
052277,台達電凱基97購01,0,0,0,0,0,0,0,0,0,32000,0,0,0,51000,19000,32000,32000
053537,玉晶光永豐98購02,0,0,0,0,0,0,0,0,0,32000,0,0,0,47000,15000,32000,32000
057757,鴻海凱基98購13  ,0,0,0,0,0,0,0,0,0,32000,0,0,0,61000,29000,32000,32000
056811,健策統一9B購01  ,0,0,0,0,0,0,0,0,0,32000,0,0,0,35000,3000,32000,32000
061875,華新科元大9B購03,0,0,0,0,0,0,0,0,0,32000,0,0,0,132000,100000,32000,32000
061881,緯穎元大9B購02  ,0,0,0,0,0,0,0,0,0,32000,0,0,0,72000,40000,32000,32000
061851,智邦國票9B購01  ,0,0,0,0,0,0,0,0,0,32000,0,0,0,67000,35000,32000,32000
061977,國巨元大9B購02  ,0,0,0,0,0,0,0,0,0,32000,0,0,0,163000,131000,32000,32000
059662,旭富元大9C購01  ,0,0,0,0,0,0,0,0,0,32000,0,0,0,118000,86000,32000,32000
059931,緯穎富邦9A購01  ,0,0,0,0,0,0,0,0,0,32000,0,0,0,263000,231000,32000,32000
060065,大立光兆豐9B購01,0,0,0,0,0,0,0,0,0,32000,0,0,0,37000,5000,32000,32000
060014,中鋼康和99購01  ,0,0,0,0,0,0,0,0,0,32000,0,0,0,32000,0,32000,32000
059037,宏達電群益99購02,0,0,0,0,0,0,0,0,0,32000,0,0,0,55000,23000,32000,32000
061401,華擎兆豐9B購01  ,0,0,0,0,0,0,0,0,0,32000,0,0,0,32000,0,32000,32000
060716,新唐永豐9A購01  ,0,0,0,0,0,0,0,0,0,32000,0,0,0,177000,145000,32000,32000
060909,金像電元大9B購01,0,0,0,0,0,0,0,0,0,32000,0,0,0,121000,89000,32000,32000
062204,京元電國票9C購01,0,0,0,0,0,0,0,0,0,32000,0,0,0,70000,38000,32000,32000
062728,健策凱基9B購04  ,0,0,0,0,0,0,0,0,0,32000,0,0,0,131000,99000,32000,32000
063142,奇力新統一9C購04,0,0,0,0,0,0,0,0,0,32000,0,0,0,80000,48000,32000,32000
063541,華擎元富9B購02  ,0,0,0,0,0,0,0,0,0,32000,0,0,0,428000,396000,32000,32000
063645,瑞儀元大9B購02  ,0,0,0,0,0,0,0,0,0,32000,0,0,0,55000,23000,32000,32000
064011,嘉晶國票9C購01  ,0,0,0,0,0,0,0,0,0,32000,0,0,0,33000,1000,32000,32000
064285,貿聯元大9C購02  ,0,0,0,0,0,0,0,0,0,32000,0,0,0,62000,30000,32000,32000
064265,嘉聯益永豐9C購02,0,0,0,0,0,0,0,0,0,32000,0,0,0,90000,58000,32000,32000
3028,增你強          ,44000,12000,32000,0,0,0,0,0,0,0,0,0,0,0,0,0,32000
1529,樂士            ,59000,27000,32000,0,0,0,0,0,0,0,0,0,0,0,0,0,32000
08332P,智邦台新9C售03  ,0,0,0,0,0,0,0,0,0,32000,0,0,0,32000,0,32000,32000
064955,健策凱基9C購03  ,0,0,0,0,0,0,0,0,0,31000,0,0,0,42000,11000,31000,31000
065314,矽創國票01購02  ,0,0,0,0,0,0,0,0,0,31000,0,0,0,111000,80000,31000,31000
065374,義隆元大9C購07  ,0,0,0,0,0,0,0,0,0,31000,0,0,0,221000,190000,31000,31000
065695,友訊群益01購02  ,0,0,0,0,0,0,0,0,0,31000,0,0,0,31000,0,31000,31000
065810,台表科群益9C購05,0,0,0,0,0,0,0,0,0,31000,0,0,0,77000,46000,31000,31000
057667,可成元大99購01  ,0,0,0,0,0,0,0,0,0,31000,0,0,0,31000,0,31000,31000
054375,貿聯中信99購01  ,0,0,0,0,0,0,0,0,0,31000,0,0,0,31000,0,31000,31000
00875,國泰網路資安    ,0,0,0,0,0,0,0,0,0,31000,0,0,0,235000,204000,31000,31000
057055,立積元大99購01  ,0,0,0,0,0,0,0,0,0,31000,0,0,0,31000,0,31000,31000
058430,滬深2X統一99購02,0,0,0,0,0,0,0,0,0,31000,0,0,0,31000,0,31000,31000
061055,康控群益9A購01  ,0,0,0,0,0,0,0,0,0,31000,0,0,0,90000,59000,31000,31000
060723,致新永豐9A購01  ,0,0,0,0,0,0,0,0,0,31000,0,0,0,76000,45000,31000,31000
061272,超眾凱基9A購03  ,0,0,0,0,0,0,0,0,0,31000,0,0,0,31000,0,31000,31000
058175,旺宏凱基99購03  ,0,0,0,0,0,0,0,0,0,31000,0,0,0,31000,0,31000,31000
059000,台積電元大99購25,0,0,0,0,0,0,0,0,0,31000,0,0,0,31000,0,31000,31000
061928,群創凱基9B購06  ,0,0,0,0,0,0,0,0,0,31000,0,0,0,90000,59000,31000,31000
064217,GIS凱基02購02   ,0,0,0,0,0,0,0,0,0,31000,0,0,0,36000,5000,31000,31000
064238,玉晶光統一01購08,0,0,0,0,0,0,0,0,0,31000,0,0,0,67000,36000,31000,31000
064782,健策群益9C購02  ,0,0,0,0,0,0,0,0,0,31000,0,0,0,124000,93000,31000,31000
064580,統一永豐9C購01  ,0,0,0,0,0,0,0,0,0,31000,0,0,0,99000,68000,31000,31000
064015,立積國票01購01  ,0,0,0,0,0,0,0,0,0,31000,0,0,0,37000,6000,31000,31000
063726,鴻海元大9B購04  ,0,0,0,0,0,0,0,0,0,31000,0,0,0,36000,5000,31000,31000
063550,可成國票9C購01  ,0,0,0,0,0,0,0,0,0,31000,0,0,0,51000,20000,31000,31000
063500,嘉晶永豐9B購02  ,0,0,0,0,0,0,0,0,0,31000,0,0,0,41000,10000,31000,31000
062628,廣達國票9B購01  ,0,0,0,0,0,0,0,0,0,31000,0,0,0,34000,3000,31000,31000
1614,三洋電          ,66000,34000,32000,0,0,0,0,0,0,-1000,0,1000,-1000,0,0,0,31000
065575,神達群益01購01  ,0,0,0,0,0,0,0,0,0,30000,0,0,0,32000,2000,30000,30000
065421,康友國票01購01  ,0,0,0,0,0,0,0,0,0,30000,0,0,0,80000,50000,30000,30000
065328,緯穎凱基9C購03  ,0,0,0,0,0,0,0,0,0,30000,0,0,0,30000,0,30000,30000
065127,世芯永豐9C購03  ,0,0,0,0,0,0,0,0,0,30000,0,0,0,30000,0,30000,30000
064855,聯發科國泰02購01,0,0,0,0,0,0,0,0,0,30000,0,0,0,51000,21000,30000,30000
07011P,宏達電凱基99售02,0,0,0,0,0,0,0,0,0,30000,0,0,0,55000,25000,30000,30000
066161,力山凱基01購01  ,0,0,0,0,0,0,0,0,0,30000,0,0,0,30000,0,30000,30000
066075,景碩凱基02購01  ,0,0,0,0,0,0,0,0,0,30000,0,0,0,31000,1000,30000,30000
08045P,健策國票9B售01  ,0,0,0,0,0,0,0,0,0,30000,0,0,0,30000,0,30000,30000
08220P,華邦電凱基9B售02,0,0,0,0,0,0,0,0,0,30000,0,0,0,60000,30000,30000,30000
07840P,康控元大9A售02  ,0,0,0,0,0,0,0,0,0,30000,0,0,0,139000,109000,30000,30000
07492P,臺股指國票9A售10,0,0,0,0,0,0,0,0,0,30000,0,0,0,30000,0,30000,30000
07560P,台積電國泰9B售01,0,0,0,0,0,0,0,0,0,30000,0,0,0,30000,0,30000,30000
057948,嘉聯益國票99購02,0,0,0,0,0,0,0,0,0,30000,0,0,0,30000,0,30000,30000
057114,台虹群益98購01  ,0,0,0,0,0,0,0,0,0,30000,0,0,0,30000,0,30000,30000
056473,奇力新元大99購02,0,0,0,0,0,0,0,0,0,30000,0,0,0,30000,0,30000,30000
060253,昇陽半元大9C購01,0,0,0,0,0,0,0,0,0,30000,0,0,0,33000,3000,30000,30000
060230,台積電元大9A購07,0,0,0,0,0,0,0,0,0,30000,0,0,0,30000,0,30000,30000
060540,南亞凱基9A購01  ,0,0,0,0,0,0,0,0,0,30000,0,0,0,30000,0,30000,30000
060417,正隆永豐9A購01  ,0,0,0,0,0,0,0,0,0,30000,0,0,0,108000,78000,30000,30000
060474,中租元大9B購01  ,0,0,0,0,0,0,0,0,0,30000,0,0,0,30000,0,30000,30000
057101,新光金中信9A購01,0,0,0,0,0,0,0,0,0,30000,0,0,0,30000,0,30000,30000
056986,超眾群益98購03  ,0,0,0,0,0,0,0,0,0,30000,0,0,0,30000,0,30000,30000
056233,超眾凱基97購02  ,0,0,0,0,0,0,0,0,0,30000,0,0,0,30000,0,30000,30000
057378,康友元大98購02  ,0,0,0,0,0,0,0,0,0,30000,0,0,0,30000,0,30000,30000
057436,義隆國票99購02  ,0,0,0,0,0,0,0,0,0,30000,0,0,0,30000,0,30000,30000
052927,友達元大98購02  ,0,0,0,0,0,0,0,0,0,30000,0,0,0,30000,0,30000,30000
053317,友達群益9A購02  ,0,0,0,0,0,0,0,0,0,30000,0,0,0,30000,0,30000,30000
053323,群創群益98購07  ,0,0,0,0,0,0,0,0,0,30000,0,0,0,70000,40000,30000,30000
055798,聯茂富邦98購01  ,0,0,0,0,0,0,0,0,0,30000,0,0,0,30000,0,30000,30000
051688,大立光凱基97購02,0,0,0,0,0,0,0,0,0,30000,0,0,0,30000,0,30000,30000
051292,牧德統一97購01  ,0,0,0,0,0,0,0,0,0,30000,0,0,0,30000,0,30000,30000
051055,友達群益98購01  ,0,0,0,0,0,0,0,0,0,30000,0,0,0,30000,0,30000,30000
051286,國巨統一97購01  ,0,0,0,0,0,0,0,0,0,30000,0,0,0,30000,0,30000,30000
054192,國巨中信98購01  ,0,0,0,0,0,0,0,0,0,30000,0,0,0,30000,0,30000,30000
054642,訊芯中信9A購01  ,0,0,0,0,0,0,0,0,0,30000,0,0,0,30000,0,30000,30000
055020,上証2X國泰98購01,0,0,0,0,0,0,0,0,0,30000,0,0,0,30000,0,30000,30000
055114,新日興凱基98購01,0,0,0,0,0,0,0,0,0,30000,0,0,0,30000,0,30000,30000
054931,緯穎凱基98購01  ,0,0,0,0,0,0,0,0,0,30000,0,0,0,30000,0,30000,30000
057657,國巨兆豐98購04  ,0,0,0,0,0,0,0,0,0,30000,0,0,0,30000,0,30000,30000
056816,華通永豐98購02  ,0,0,0,0,0,0,0,0,0,30000,0,0,0,180000,150000,30000,30000
056787,健鼎群益98購01  ,0,0,0,0,0,0,0,0,0,30000,0,0,0,40000,10000,30000,30000
055408,力成國泰98購01  ,0,0,0,0,0,0,0,0,0,30000,0,0,0,30000,0,30000,30000
057798,貿聯兆豐99購01  ,0,0,0,0,0,0,0,0,0,30000,0,0,0,96000,66000,30000,30000
062065,台灣50元大9B購14,0,0,0,0,0,0,0,0,0,30000,0,0,0,30000,0,30000,30000
060107,旭富元大99購03  ,0,0,0,0,0,0,0,0,0,30000,0,0,0,57000,27000,30000,30000
061668,信邦中信9B購01  ,0,0,0,0,0,0,0,0,0,30000,0,0,0,155000,125000,30000,30000
061722,健策永豐9B購03  ,0,0,0,0,0,0,0,0,0,30000,0,0,0,34000,4000,30000,30000
061752,瑞昱台新9B購01  ,0,0,0,0,0,0,0,0,0,30000,0,0,0,30000,0,30000,30000
058995,台達電元大99購01,0,0,0,0,0,0,0,0,0,30000,0,0,0,30000,0,30000,30000
058996,台達電元大99購02,0,0,0,0,0,0,0,0,0,30000,0,0,0,39000,9000,30000,30000
058746,華通凱基9A購02  ,0,0,0,0,0,0,0,0,0,30000,0,0,0,33000,3000,30000,30000
058723,元石油國泰9A購01,0,0,0,0,0,0,0,0,0,30000,0,0,0,30000,0,30000,30000
059932,世紀鋼富邦9A購02,0,0,0,0,0,0,0,0,0,30000,0,0,0,50000,20000,30000,30000
059664,立積元大9C購01  ,0,0,0,0,0,0,0,0,0,30000,0,0,0,30000,0,30000,30000
059730,晶相光元大9C購02,0,0,0,0,0,0,0,0,0,30000,0,0,0,783000,753000,30000,30000
058151,台積電統一9A購04,0,0,0,0,0,0,0,0,0,30000,0,0,0,30000,0,30000,30000
058096,南電元大98購04  ,0,0,0,0,0,0,0,0,0,30000,0,0,0,30000,0,30000,30000
058025,聯茂國泰99購01  ,0,0,0,0,0,0,0,0,0,30000,0,0,0,30000,0,30000,30000
058053,上銀統一9B購01  ,0,0,0,0,0,0,0,0,0,30000,0,0,0,112000,82000,30000,30000
058319,大毅永豐9A購01  ,0,0,0,0,0,0,0,0,0,30000,0,0,0,50000,20000,30000,30000
058272,超眾永豐9A購01  ,0,0,0,0,0,0,0,0,0,30000,0,0,0,30000,0,30000,30000
061275,臺股指凱基9A購25,0,0,0,0,0,0,0,0,0,30000,0,0,0,50000,20000,30000,30000
061284,友達統一9C購01  ,0,0,0,0,0,0,0,0,0,30000,0,0,0,30000,0,30000,30000
061470,鈺齊群益9A購02  ,0,0,0,0,0,0,0,0,0,30000,0,0,0,54000,24000,30000,30000
058518,玉晶光元大99購13,0,0,0,0,0,0,0,0,0,30000,0,0,0,30000,0,30000,30000
061135,聯發科統一9C購03,0,0,0,0,0,0,0,0,0,30000,0,0,0,30000,0,30000,30000
060881,玉山金中信02購01,0,0,0,0,0,0,0,0,0,30000,0,0,0,37000,7000,30000,30000
060752,上銀元大9A購04  ,0,0,0,0,0,0,0,0,0,30000,0,0,0,30000,0,30000,30000
062673,台新金中信03購01,0,0,0,0,0,0,0,0,0,30000,0,0,0,30000,0,30000,30000
062804,玉晶光統一9C購04,0,0,0,0,0,0,0,0,0,30000,0,0,0,30000,0,30000,30000
062298,國巨第一9B購01  ,0,0,0,0,0,0,0,0,0,30000,0,0,0,30000,0,30000,30000
063349,台郡統一9C購01  ,0,0,0,0,0,0,0,0,0,30000,0,0,0,30000,0,30000,30000
063326,正隆國票9B購01  ,0,0,0,0,0,0,0,0,0,30000,0,0,0,30000,0,30000,30000
063053,聯發科統一01購04,0,0,0,0,0,0,0,0,0,30000,0,0,0,185000,155000,30000,30000
063750,和鑫國票9B購01  ,0,0,0,0,0,0,0,0,0,30000,0,0,0,30000,0,30000,30000
063646,帆宣元大9B購02  ,0,0,0,0,0,0,0,0,0,30000,0,0,0,35000,5000,30000,30000
063687,金像電永豐9B購04,0,0,0,0,0,0,0,0,0,30000,0,0,0,30000,0,30000,30000
063967,華新科國票01購01,0,0,0,0,0,0,0,0,0,30000,0,0,0,34000,4000,30000,30000
064108,創意兆豐9C購01  ,0,0,0,0,0,0,0,0,0,30000,0,0,0,30000,0,30000,30000
064643,瑞昱凱基04購01  ,0,0,0,0,0,0,0,0,0,30000,0,0,0,40000,10000,30000,30000
06430P,大立光元大97售16,0,0,0,0,0,0,0,0,0,30000,0,0,0,30000,0,30000,30000
064312,大立光群益01購01,0,0,0,0,0,0,0,0,0,30000,0,0,0,30000,0,30000,30000
08258P,旺宏元大9C售04  ,0,0,0,0,0,0,0,0,0,30000,0,0,0,30000,0,30000,30000
08465P,玉晶光兆豐01售02,0,0,0,0,0,0,0,0,0,30000,0,0,0,40000,10000,30000,30000
08456P,聯發科元大9C售13,0,0,0,0,0,0,0,0,0,30000,0,0,0,75000,45000,30000,30000
08514P,華新科凱基9C售05,0,0,0,0,0,0,0,0,0,30000,0,0,0,30000,0,30000,30000
4956,光鋐            ,483000,453000,30000,0,0,0,0,0,0,0,0,0,0,0,0,0,30000
07456P,華新科元大9A售06,0,0,0,0,0,0,0,0,0,29000,0,0,0,30000,1000,29000,29000
06916P,聯鈞元富98售02  ,0,0,0,0,0,0,0,0,0,29000,0,0,0,29000,0,29000,29000
07172P,臺股指國票99售09,0,0,0,0,0,0,0,0,0,29000,0,0,0,29000,0,29000,29000
065371,漢唐元大01購01  ,0,0,0,0,0,0,0,0,0,29000,0,0,0,40000,11000,29000,29000
065667,台光電凱基01購01,0,0,0,0,0,0,0,0,0,29000,0,0,0,50000,21000,29000,29000
065718,健策中信9C購02  ,0,0,0,0,0,0,0,0,0,29000,0,0,0,30000,1000,29000,29000
055021,亞德客國泰98購01,0,0,0,0,0,0,0,0,0,29000,0,0,0,29000,0,29000,29000
051843,聯發科富邦99購01,0,0,0,0,0,0,0,0,0,29000,0,0,0,29000,0,29000,29000
056243,創意群益97購03  ,0,0,0,0,0,0,0,0,0,29000,0,0,0,39000,10000,29000,29000
060294,嘉澤元大9A購01  ,0,0,0,0,0,0,0,0,0,29000,0,0,0,84000,55000,29000,29000
056533,友達凱基9A購02  ,0,0,0,0,0,0,0,0,0,29000,0,0,0,42000,13000,29000,29000
061069,嘉聯益凱基9A購01,0,0,0,0,0,0,0,0,0,29000,0,0,0,148000,119000,29000,29000
061083,京元電兆豐9A購01,0,0,0,0,0,0,0,0,0,29000,0,0,0,29000,0,29000,29000
060995,泰鼎元大9A購03  ,0,0,0,0,0,0,0,0,0,29000,0,0,0,37000,8000,29000,29000
059347,京鼎凱基99購02  ,0,0,0,0,0,0,0,0,0,29000,0,0,0,29000,0,29000,29000
061478,奇鋐元大9A購01  ,0,0,0,0,0,0,0,0,0,29000,0,0,0,44000,15000,29000,29000
058342,鴻海群益9A購01  ,0,0,0,0,0,0,0,0,0,29000,0,0,0,152000,123000,29000,29000
058070,華新科凱基98購07,0,0,0,0,0,0,0,0,0,29000,0,0,0,70000,41000,29000,29000
059665,嘉聯益元大99購06,0,0,0,0,0,0,0,0,0,29000,0,0,0,29000,0,29000,29000
059924,世紀鋼元大99購06,0,0,0,0,0,0,0,0,0,29000,0,0,0,48000,19000,29000,29000
059085,鴻海元大99購25  ,0,0,0,0,0,0,0,0,0,29000,0,0,0,74000,45000,29000,29000
063113,聯茂兆豐9B購01  ,0,0,0,0,0,0,0,0,0,29000,0,0,0,183000,154000,29000,29000
063506,嘉晶群益9B購01  ,0,0,0,0,0,0,0,0,0,29000,0,0,0,100000,71000,29000,29000
063468,聯詠元大9B購04  ,0,0,0,0,0,0,0,0,0,29000,0,0,0,69000,40000,29000,29000
062369,創意元大9B購01  ,0,0,0,0,0,0,0,0,0,29000,0,0,0,34000,5000,29000,29000
062739,嘉晶國票9B購02  ,0,0,0,0,0,0,0,0,0,29000,0,0,0,50000,21000,29000,29000
2425,承啟            ,271000,246000,25000,0,0,0,0,0,0,4000,4000,0,4000,0,0,0,29000
08518P,世芯群益9C售03  ,0,0,0,0,0,0,0,0,0,29000,0,0,0,30000,1000,29000,29000
064884,台表科第一9C購01,0,0,0,0,0,0,0,0,0,28000,0,0,0,82000,54000,28000,28000
065064,創意群益9C購02  ,0,0,0,0,0,0,0,0,0,28000,0,0,0,42000,14000,28000,28000
06752P,訊芯凱基98售05  ,0,0,0,0,0,0,0,0,0,28000,0,0,0,40000,12000,28000,28000
08174P,國巨統一9B售17  ,0,0,0,0,0,0,0,0,0,28000,0,0,0,28000,0,28000,28000
08145P,台灣50群益9B售11,0,0,0,0,0,0,0,0,0,28000,0,0,0,39000,11000,28000,28000
056671,台灣50元富9A購01,0,0,0,0,0,0,0,0,0,28000,0,0,0,81000,53000,28000,28000
057073,康控永豐98購01  ,0,0,0,0,0,0,0,0,0,28000,0,0,0,28000,0,28000,28000
056394,晶豪科永豐98購01,0,0,0,0,0,0,0,0,0,28000,0,0,0,28000,0,28000,28000
042793,台積電台新9C購01,0,0,0,0,0,0,0,0,0,28000,0,0,0,33000,5000,28000,28000
052748,群創元大9A購02  ,0,0,0,0,0,0,0,0,0,28000,0,0,0,28000,0,28000,28000
054773,台郡國票98購01  ,0,0,0,0,0,0,0,0,0,28000,0,0,0,28000,0,28000,28000
055855,牧德元大99購02  ,0,0,0,0,0,0,0,0,0,28000,0,0,0,28000,0,28000,28000
058942,南茂中信99購01  ,0,0,0,0,0,0,0,0,0,28000,0,0,0,35000,7000,28000,28000
059784,台光電元大9A購01,0,0,0,0,0,0,0,0,0,28000,0,0,0,38000,10000,28000,28000
061750,台達電台新9B購01,0,0,0,0,0,0,0,0,0,28000,0,0,0,28000,0,28000,28000
060154,堤維西永豐9A購01,0,0,0,0,0,0,0,0,0,28000,0,0,0,40000,12000,28000,28000
058274,世紀鋼永豐99購01,0,0,0,0,0,0,0,0,0,28000,0,0,0,45000,17000,28000,28000
062860,華擎國票9B購02  ,0,0,0,0,0,0,0,0,0,28000,0,0,0,52000,24000,28000,28000
062665,智易群益9B購01  ,0,0,0,0,0,0,0,0,0,28000,0,0,0,44000,16000,28000,28000
063285,華擎元大9B購03  ,0,0,0,0,0,0,0,0,0,28000,0,0,0,362000,334000,28000,28000
063215,台表科國票9C購02,0,0,0,0,0,0,0,0,0,28000,0,0,0,28000,0,28000,28000
063932,世芯統一01購01  ,0,0,0,0,0,0,0,0,0,28000,0,0,0,28000,0,28000,28000
063907,華通凱基9C購03  ,0,0,0,0,0,0,0,0,0,28000,0,0,0,49000,21000,28000,28000
064023,智邦元大9C購02  ,0,0,0,0,0,0,0,0,0,28000,0,0,0,56000,28000,28000,28000
064785,康友群益9C購01  ,0,0,0,0,0,0,0,0,0,27000,0,0,0,36000,9000,27000,27000
065140,國巨凱基01購02  ,0,0,0,0,0,0,0,0,0,27000,0,0,0,80000,53000,27000,27000
065402,漢唐國泰02購01  ,0,0,0,0,0,0,0,0,0,27000,0,0,0,42000,15000,27000,27000
054916,聯發科凱基98購04,0,0,0,0,0,0,0,0,0,27000,0,0,0,30000,3000,27000,27000
052917,大立光富邦99購02,0,0,0,0,0,0,0,0,0,27000,0,0,0,27000,0,27000,27000
056126,台郡國票98購02  ,0,0,0,0,0,0,0,0,0,27000,0,0,0,27000,0,27000,27000
056151,建準凱基97購01  ,0,0,0,0,0,0,0,0,0,27000,0,0,0,77000,50000,27000,27000
056109,彩晶永豐98購01  ,0,0,0,0,0,0,0,0,0,27000,0,0,0,27000,0,27000,27000
057861,台積電凱基98購16,0,0,0,0,0,0,0,0,0,27000,0,0,0,38000,11000,27000,27000
057154,易華電國泰99購01,0,0,0,0,0,0,0,0,0,27000,0,0,0,30000,3000,27000,27000
058007,南電群益98購02  ,0,0,0,0,0,0,0,0,0,27000,0,0,0,38000,11000,27000,27000
061264,全新凱基9B購01  ,0,0,0,0,0,0,0,0,0,27000,0,0,0,57000,30000,27000,27000
061303,玉晶光永豐9B購03,0,0,0,0,0,0,0,0,0,27000,0,0,0,37000,10000,27000,27000
060381,元黃金凱基9A購01,0,0,0,0,0,0,0,0,0,27000,0,0,0,27000,0,27000,27000
060573,力成永豐9A購01  ,0,0,0,0,0,0,0,0,0,27000,0,0,0,49000,22000,27000,27000
062113,瑞祺國票9B購01  ,0,0,0,0,0,0,0,0,0,27000,0,0,0,28000,1000,27000,27000
064334,可成元大01購01  ,0,0,0,0,0,0,0,0,0,27000,0,0,0,120000,93000,27000,27000
064228,同欣電國票01購01,0,0,0,0,0,0,0,0,0,27000,0,0,0,82000,55000,27000,27000
064367,貿聯統一01購02  ,0,0,0,0,0,0,0,0,0,27000,0,0,0,1025000,998000,27000,27000
064389,台泥永豐9C購01  ,0,0,0,0,0,0,0,0,0,27000,0,0,0,39000,12000,27000,27000
064567,晶技群益01購01  ,0,0,0,0,0,0,0,0,0,27000,0,0,0,114000,87000,27000,27000
063008,華通元大9B購06  ,0,0,0,0,0,0,0,0,0,27000,0,0,0,56000,29000,27000,27000
063283,華新科元大9C購03,0,0,0,0,0,0,0,0,0,27000,0,0,0,291000,264000,27000,27000
062180,瑞昱元大9B購03  ,0,0,0,0,0,0,0,0,0,27000,0,0,0,28000,1000,27000,27000
5907,大洋-KY         ,65000,38000,27000,0,0,0,0,0,0,0,0,0,0,0,0,0,27000
4144,康聯-KY         ,139000,112000,27000,0,0,0,0,0,0,0,0,0,0,0,0,0,27000
6674,鋐寶科技        ,57000,30000,27000,0,0,0,0,0,0,0,0,0,0,0,0,0,27000
1476,儒鴻            ,512273,580574,-68301,0,0,0,0,1000,-1000,96000,74000,11000,63000,35000,2000,33000,26699
008201,BP上證50        ,0,0,0,0,0,0,0,0,0,26400,0,0,0,26400,0,26400,26400
065728,嘉晶凱基9C購04  ,0,0,0,0,0,0,0,0,0,26000,0,0,0,94000,68000,26000,26000
065871,南亞科群益9C購03,0,0,0,0,0,0,0,0,0,26000,0,0,0,52000,26000,26000,26000
065993,立積永豐01購02  ,0,0,0,0,0,0,0,0,0,26000,0,0,0,37000,11000,26000,26000
065291,日電貿群益01購01,0,0,0,0,0,0,0,0,0,26000,0,0,0,36000,10000,26000,26000
066036,神隆元大02購01  ,0,0,0,0,0,0,0,0,0,26000,0,0,0,28000,2000,26000,26000
056674,華邦電元富98購01,0,0,0,0,0,0,0,0,0,26000,0,0,0,61000,35000,26000,26000
058494,可成群益9B購01  ,0,0,0,0,0,0,0,0,0,26000,0,0,0,166000,140000,26000,26000
057589,超眾國票9A購01  ,0,0,0,0,0,0,0,0,0,26000,0,0,0,26000,0,26000,26000
057052,華擎元大98購01  ,0,0,0,0,0,0,0,0,0,26000,0,0,0,26000,0,26000,26000
061594,玉晶光永豐9A購08,0,0,0,0,0,0,0,0,0,26000,0,0,0,56000,30000,26000,26000
059816,聯電凱基99購03  ,0,0,0,0,0,0,0,0,0,26000,0,0,0,26000,0,26000,26000
059107,南茂國泰9A購01  ,0,0,0,0,0,0,0,0,0,26000,0,0,0,36000,10000,26000,26000
059877,康控凱基99購05  ,0,0,0,0,0,0,0,0,0,26000,0,0,0,36000,10000,26000,26000
059063,康控凱基99購04  ,0,0,0,0,0,0,0,0,0,26000,0,0,0,130000,104000,26000,26000
059075,FBVIX元大99購01 ,0,0,0,0,0,0,0,0,0,26000,0,0,0,50000,24000,26000,26000
061205,旺宏元大9A購11  ,0,0,0,0,0,0,0,0,0,26000,0,0,0,58000,32000,26000,26000
058167,鴻海凱基9A購03  ,0,0,0,0,0,0,0,0,0,26000,0,0,0,31000,5000,26000,26000
058295,欣興凱基99購02  ,0,0,0,0,0,0,0,0,0,26000,0,0,0,132000,106000,26000,26000
063263,高鐵永豐9B購01  ,0,0,0,0,0,0,0,0,0,26000,0,0,0,29000,3000,26000,26000
063325,SP黃豆國票9C購02,0,0,0,0,0,0,0,0,0,26000,0,0,0,126000,100000,26000,26000
06339P,上銀統一97售06  ,0,0,0,0,0,0,0,0,0,26000,0,0,0,26000,0,26000,26000
064486,聚陽元大9C購01  ,0,0,0,0,0,0,0,0,0,26000,0,0,0,116000,90000,26000,26000
064213,大立光凱基03購01,0,0,0,0,0,0,0,0,0,26000,0,0,0,26000,0,26000,26000
064251,緯創元富9C購01  ,0,0,0,0,0,0,0,0,0,26000,0,0,0,39000,13000,26000,26000
063964,瑞昱國票01購01  ,0,0,0,0,0,0,0,0,0,26000,0,0,0,26000,0,26000,26000
063789,智邦台新9C購01  ,0,0,0,0,0,0,0,0,0,26000,0,0,0,64000,38000,26000,26000
06388P,鴻海兆豐97售04  ,0,0,0,0,0,0,0,0,0,26000,0,0,0,26000,0,26000,26000
08666P,智邦國票02售01  ,0,0,0,0,0,0,0,0,0,26000,0,0,0,40000,14000,26000,26000
06879P,長榮航凱基98售02,0,0,0,0,0,0,0,0,0,25000,0,0,0,35000,10000,25000,25000
07211P,南亞科凱基99售05,0,0,0,0,0,0,0,0,0,25000,0,0,0,25000,0,25000,25000
065547,同欣電兆豐01購01,0,0,0,0,0,0,0,0,0,25000,0,0,0,25000,0,25000,25000
065511,台積電群益01購02,0,0,0,0,0,0,0,0,0,25000,0,0,0,75000,50000,25000,25000
065640,聯電元大01購02  ,0,0,0,0,0,0,0,0,0,25000,0,0,0,120000,95000,25000,25000
056930,晶豪科台新98購01,0,0,0,0,0,0,0,0,0,25000,0,0,0,25000,0,25000,25000
056918,台積電兆豐98購01,0,0,0,0,0,0,0,0,0,25000,0,0,0,25000,0,25000,25000
060219,聯發科凱基9A購09,0,0,0,0,0,0,0,0,0,25000,0,0,0,30000,5000,25000,25000
056614,智邦永豐98購01  ,0,0,0,0,0,0,0,0,0,25000,0,0,0,25000,0,25000,25000
056592,台積電元富98購01,0,0,0,0,0,0,0,0,0,25000,0,0,0,102000,77000,25000,25000
056557,世紀鋼凱基98購02,0,0,0,0,0,0,0,0,0,25000,0,0,0,25000,0,25000,25000
00866,新光Shiller CAPE,0,0,0,0,0,0,0,0,0,25000,0,0,0,51000,26000,25000,25000
052754,上証2X群益9A購01,0,0,0,0,0,0,0,0,0,25000,0,0,0,25000,0,25000,25000
055151,台積電元大98購05,0,0,0,0,0,0,0,0,0,25000,0,0,0,25000,0,25000,25000
058296,明泰凱基99購01  ,0,0,0,0,0,0,0,0,0,25000,0,0,0,25000,0,25000,25000
058017,漢唐凱基99購01  ,0,0,0,0,0,0,0,0,0,25000,0,0,0,30000,5000,25000,25000
061327,台郡凱基9A購02  ,0,0,0,0,0,0,0,0,0,25000,0,0,0,35000,10000,25000,25000
061365,國巨國票9B購05  ,0,0,0,0,0,0,0,0,0,25000,0,0,0,43000,18000,25000,25000
059850,日電貿永豐99購01,0,0,0,0,0,0,0,0,0,25000,0,0,0,40000,15000,25000,25000
059630,美律凱基99購07  ,0,0,0,0,0,0,0,0,0,25000,0,0,0,25000,0,25000,25000
059673,玉山金元富99購01,0,0,0,0,0,0,0,0,0,25000,0,0,0,29000,4000,25000,25000
062073,國巨元大9B購06  ,0,0,0,0,0,0,0,0,0,25000,0,0,0,53000,28000,25000,25000
061910,台積電中信05購03,0,0,0,0,0,0,0,0,0,25000,0,0,0,25000,0,25000,25000
063842,國巨元大9C購10  ,0,0,0,0,0,0,0,0,0,25000,0,0,0,84000,59000,25000,25000
063710,光寶科凱基9C購01,0,0,0,0,0,0,0,0,0,25000,0,0,0,25000,0,25000,25000
063957,臻鼎元大9C購01  ,0,0,0,0,0,0,0,0,0,25000,0,0,0,35000,10000,25000,25000
063911,大立光凱基9C購03,0,0,0,0,0,0,0,0,0,25000,0,0,0,42000,17000,25000,25000
064347,貿聯元大9C購03  ,0,0,0,0,0,0,0,0,0,25000,0,0,0,96000,71000,25000,25000
06453P,群創元大9B售02  ,0,0,0,0,0,0,0,0,0,25000,0,0,0,32000,7000,25000,25000
064773,FBVIX群益9C購05 ,0,0,0,0,0,0,0,0,0,25000,0,0,0,25000,0,25000,25000
063041,貿聯凱基9B購01  ,0,0,0,0,0,0,0,0,0,25000,0,0,0,40000,15000,25000,25000
063092,聯發科中信9B購03,0,0,0,0,0,0,0,0,0,25000,0,0,0,46000,21000,25000,25000
063219,友達群益9B購03  ,0,0,0,0,0,0,0,0,0,25000,0,0,0,169000,144000,25000,25000
062676,南六台新9B購01  ,0,0,0,0,0,0,0,0,0,25000,0,0,0,35000,10000,25000,25000
08665P,鴻海國票02售01  ,0,0,0,0,0,0,0,0,0,25000,0,0,0,25000,0,25000,25000
08490P,上銀元大9C售08  ,0,0,0,0,0,0,0,0,0,25000,0,0,0,100000,75000,25000,25000
08271P,華通元富9C售01  ,0,0,0,0,0,0,0,0,0,25000,0,0,0,25000,0,25000,25000
08411P,技嘉凱基9C售01  ,0,0,0,0,0,0,0,0,0,25000,0,0,0,45000,20000,25000,25000
2443,億麗            ,43000,18000,25000,0,0,0,0,0,0,0,0,0,0,0,0,0,25000
9925,新保            ,30000,5000,25000,0,0,0,0,0,0,0,0,0,0,0,0,0,25000
3035,智原            ,2475032,1728000,747032,0,0,0,0,895000,-895000,172000,290000,71000,219000,30000,77000,-47000,24032
065948,燿華統一01購02  ,0,0,0,0,0,0,0,0,0,24000,0,0,0,69000,45000,24000,24000
064905,嘉聯益群益9C購01,0,0,0,0,0,0,0,0,0,24000,0,0,0,39000,15000,24000,24000
065077,鴻海元大01購03  ,0,0,0,0,0,0,0,0,0,24000,0,0,0,40000,16000,24000,24000
06952P,大立光統一9A售03,0,0,0,0,0,0,0,0,0,24000,0,0,0,24000,0,24000,24000
07466P,亞德客元大9A售02,0,0,0,0,0,0,0,0,0,24000,0,0,0,77000,53000,24000,24000
055380,智易元大98購02  ,0,0,0,0,0,0,0,0,0,24000,0,0,0,24000,0,24000,24000
057645,華新科元大99購11,0,0,0,0,0,0,0,0,0,24000,0,0,0,58000,34000,24000,24000
057704,台虹群益98購03  ,0,0,0,0,0,0,0,0,0,24000,0,0,0,24000,0,24000,24000
054961,玉晶光元大99購01,0,0,0,0,0,0,0,0,0,24000,0,0,0,41000,17000,24000,24000
057534,旭富元大98購01  ,0,0,0,0,0,0,0,0,0,24000,0,0,0,41000,17000,24000,24000
061998,緯穎元大9B購03  ,0,0,0,0,0,0,0,0,0,24000,0,0,0,38000,14000,24000,24000
059755,宏達電國泰9A購01,0,0,0,0,0,0,0,0,0,24000,0,0,0,83000,59000,24000,24000
059860,台積電群益9A購02,0,0,0,0,0,0,0,0,0,24000,0,0,0,24000,0,24000,24000
058963,華新科兆豐99購05,0,0,0,0,0,0,0,0,0,24000,0,0,0,24000,0,24000,24000
059531,華新科凱基9B購02,0,0,0,0,0,0,0,0,0,24000,0,0,0,70000,46000,24000,24000
058624,台積電國票99購09,0,0,0,0,0,0,0,0,0,24000,0,0,0,56000,32000,24000,24000
058143,瑞儀元大99購02  ,0,0,0,0,0,0,0,0,0,24000,0,0,0,24000,0,24000,24000
058249,緯穎元大99購04  ,0,0,0,0,0,0,0,0,0,24000,0,0,0,53000,29000,24000,24000
058227,台灣50元大9C購01,0,0,0,0,0,0,0,0,0,24000,0,0,0,24000,0,24000,24000
058531,華通元富99購01  ,0,0,0,0,0,0,0,0,0,24000,0,0,0,34000,10000,24000,24000
062253,燿華元大9B購02  ,0,0,0,0,0,0,0,0,0,24000,0,0,0,24000,0,24000,24000
062350,台表科群益9B購01,0,0,0,0,0,0,0,0,0,24000,0,0,0,56000,32000,24000,24000
062321,力成台新9B購01  ,0,0,0,0,0,0,0,0,0,24000,0,0,0,24000,0,24000,24000
064214,群創凱基03購01  ,0,0,0,0,0,0,0,0,0,24000,0,0,0,238000,214000,24000,24000
064178,台郡國泰01購01  ,0,0,0,0,0,0,0,0,0,24000,0,0,0,24000,0,24000,24000
063717,宏達電兆豐9B購02,0,0,0,0,0,0,0,0,0,24000,0,0,0,24000,0,24000,24000
08445P,臺股指麥證9C售03,0,0,0,26000,2000,24000,0,0,0,24000,0,0,0,26000,2000,24000,24000
08575P,長榮航凱基9C售02,0,0,0,0,0,0,0,0,0,24000,0,0,0,24000,0,24000,24000
08670P,健策統一01售01  ,0,0,0,0,0,0,0,0,0,24000,0,0,0,25000,1000,24000,24000
06781P,大立光元大98售19,0,0,0,0,0,0,0,0,0,23000,0,0,0,27000,4000,23000,23000
065034,玉晶光統一01購11,0,0,0,0,0,0,0,0,0,23000,0,0,0,30000,7000,23000,23000
064886,燿華中信01購01  ,0,0,0,0,0,0,0,0,0,23000,0,0,0,48000,25000,23000,23000
065805,京鼎群益01購01  ,0,0,0,0,0,0,0,0,0,23000,0,0,0,53000,30000,23000,23000
057574,中磊永豐98購01  ,0,0,0,0,0,0,0,0,0,23000,0,0,0,37000,14000,23000,23000
057882,華通群益9A購03  ,0,0,0,0,0,0,0,0,0,23000,0,0,0,58000,35000,23000,23000
056735,國巨凱基99購02  ,0,0,0,0,0,0,0,0,0,23000,0,0,0,23000,0,23000,23000
058506,台積電元大99購09,0,0,0,0,0,0,0,0,0,23000,0,0,0,51000,28000,23000,23000
060390,聯鈞群益9A購01  ,0,0,0,0,0,0,0,0,0,23000,0,0,0,338000,315000,23000,23000
046384,群創凱基98購02  ,0,0,0,0,0,0,0,0,0,23000,0,0,0,168000,145000,23000,23000
046881,智原富邦99購01  ,0,0,0,0,0,0,0,0,0,23000,0,0,0,242000,219000,23000,23000
053723,奇鋐凱基98購01  ,0,0,0,0,0,0,0,0,0,23000,0,0,0,23000,0,23000,23000
060591,富邦金台新9A購01,0,0,0,0,0,0,0,0,0,23000,0,0,0,23000,0,23000,23000
060548,友達凱基9B購03  ,0,0,0,0,0,0,0,0,0,23000,0,0,0,43000,20000,23000,23000
060717,康控永豐9A購01  ,0,0,0,0,0,0,0,0,0,23000,0,0,0,68000,45000,23000,23000
061014,台積電麥證9A購04,0,0,0,23000,0,23000,0,0,0,23000,0,0,0,23000,0,23000,23000
061168,力成兆豐9A購01  ,0,0,0,0,0,0,0,0,0,23000,0,0,0,23000,0,23000,23000
058289,奇鋐國票9A購01  ,0,0,0,0,0,0,0,0,0,23000,0,0,0,23000,0,23000,23000
058049,帆宣元大98購01  ,0,0,0,0,0,0,0,0,0,23000,0,0,0,23000,0,23000,23000
058610,欣興元大99購05  ,0,0,0,0,0,0,0,0,0,23000,0,0,0,24000,1000,23000,23000
061422,台積電元大9A購30,0,0,0,0,0,0,0,0,0,23000,0,0,0,101000,78000,23000,23000
058775,台積電國票9A購02,0,0,0,0,0,0,0,0,0,23000,0,0,0,23000,0,23000,23000
059918,華新科元大99購20,0,0,0,0,0,0,0,0,0,23000,0,0,0,74000,51000,23000,23000
059943,信邦永豐99購01  ,0,0,0,0,0,0,0,0,0,23000,0,0,0,31000,8000,23000,23000
060057,欣興凱基9B購01  ,0,0,0,0,0,0,0,0,0,23000,0,0,0,33000,10000,23000,23000
061589,世紀鋼富邦9B購01,0,0,0,0,0,0,0,0,0,23000,0,0,0,23000,0,23000,23000
061604,台光電凱基9B購01,0,0,0,0,0,0,0,0,0,23000,0,0,0,63000,40000,23000,23000
061820,康控群益9B購02  ,0,0,0,0,0,0,0,0,0,23000,0,0,0,92000,69000,23000,23000
063814,嘉晶群益9C購01  ,0,0,0,0,0,0,0,0,0,23000,0,0,0,27000,4000,23000,23000
063892,旺宏群益01購01  ,0,0,0,0,0,0,0,0,0,23000,0,0,0,23000,0,23000,23000
064019,上銀元大9C購05  ,0,0,0,0,0,0,0,0,0,23000,0,0,0,77000,54000,23000,23000
064345,創意元大9C購03  ,0,0,0,0,0,0,0,0,0,23000,0,0,0,221000,198000,23000,23000
064346,貿聯元大01購01  ,0,0,0,0,0,0,0,0,0,23000,0,0,0,55000,32000,23000,23000
064370,聯茂統一02購01  ,0,0,0,0,0,0,0,0,0,23000,0,0,0,555000,532000,23000,23000
064771,貿聯中信01購01  ,0,0,0,0,0,0,0,0,0,23000,0,0,0,23000,0,23000,23000
062195,聚陽中信9C購01  ,0,0,0,0,0,0,0,0,0,23000,0,0,0,23000,0,23000,23000
062384,聯詠國泰9C購01  ,0,0,0,0,0,0,0,0,0,23000,0,0,0,30000,7000,23000,23000
062667,立積群益9B購01  ,0,0,0,0,0,0,0,0,0,23000,0,0,0,34000,11000,23000,23000
062882,新日興兆豐9C購01,0,0,0,0,0,0,0,0,0,23000,0,0,0,43000,20000,23000,23000
08647P,鴻海凱基9C售06  ,0,0,0,0,0,0,0,0,0,23000,0,0,0,86000,63000,23000,23000
1307,三芳            ,63000,39000,24000,0,0,0,0,0,0,-1000,0,1000,-1000,0,0,0,23000
065704,華新科群益9C購05,0,0,0,0,0,0,0,0,0,22000,0,0,0,59000,37000,22000,22000
065699,南亞科群益9C購02,0,0,0,0,0,0,0,0,0,22000,0,0,0,32000,10000,22000,22000
065623,瑞昱中信04購01  ,0,0,0,0,0,0,0,0,0,22000,0,0,0,67000,45000,22000,22000
065269,貿聯元大9C購05  ,0,0,0,0,0,0,0,0,0,22000,0,0,0,105000,83000,22000,22000
06847P,奇力新元大98售05,0,0,0,0,0,0,0,0,0,22000,0,0,0,22000,0,22000,22000
06999P,玉晶光國票9B售01,0,0,0,0,0,0,0,0,0,22000,0,0,0,32000,10000,22000,22000
07076P,鴻海凱基9A售08  ,0,0,0,0,0,0,0,0,0,22000,0,0,0,23000,1000,22000,22000
07884P,華新科凱基9B售08,0,0,0,0,0,0,0,0,0,22000,0,0,0,22000,0,22000,22000
07986P,大成鋼統一9B售02,0,0,0,0,0,0,0,0,0,22000,0,0,0,22000,0,22000,22000
055621,國巨國泰98購03  ,0,0,0,0,0,0,0,0,0,22000,0,0,0,22000,0,22000,22000
054742,京鼎凱基99購01  ,0,0,0,0,0,0,0,0,0,22000,0,0,0,82000,60000,22000,22000
057646,玉山金元大98購01,0,0,0,0,0,0,0,0,0,22000,0,0,0,22000,0,22000,22000
057664,台積電元大9A購03,0,0,0,0,0,0,0,0,0,22000,0,0,0,386000,364000,22000,22000
056770,國產元大98購02  ,0,0,0,0,0,0,0,0,0,22000,0,0,0,22000,0,22000,22000
055437,禾伸堂中信99購01,0,0,0,0,0,0,0,0,0,22000,0,0,0,149000,127000,22000,22000
060434,台汽電永豐9A購01,0,1000,-1000,0,0,0,0,0,0,23000,0,0,0,23000,0,23000,22000
060530,聯發科中信9C購03,0,0,0,0,0,0,0,0,0,22000,0,0,0,22000,0,22000,22000
056642,旺宏凱基98購07  ,0,0,0,0,0,0,0,0,0,22000,0,0,0,24000,2000,22000,22000
061669,崇越中信9A購01  ,0,0,0,0,0,0,0,0,0,22000,0,0,0,202000,180000,22000,22000
061565,滬深2X元大9A購08,0,0,0,0,0,0,0,0,0,22000,0,0,0,62000,40000,22000,22000
061857,康友國票9B購01  ,0,0,0,0,0,0,0,0,0,22000,0,0,0,41000,19000,22000,22000
062069,喬山元大9B購01  ,0,0,0,0,0,0,0,0,0,22000,0,0,0,57000,35000,22000,22000
059912,國巨元大99購28  ,0,0,0,0,0,0,0,0,0,22000,0,0,0,44000,22000,22000,22000
059103,旭富元富99購03  ,0,0,0,0,0,0,0,0,0,22000,0,0,0,22000,0,22000,22000
058817,嘉聯益台新99購01,0,0,0,0,0,0,0,0,0,22000,0,0,0,60000,38000,22000,22000
061206,旺宏元大9A購12  ,0,0,0,0,0,0,0,0,0,22000,0,0,0,61000,39000,22000,22000
058402,欣興元大99購04  ,0,0,0,0,0,0,0,0,0,22000,0,0,0,28000,6000,22000,22000
060782,道瓊指富邦9C購01,0,0,0,0,0,0,0,0,0,22000,0,0,0,25000,3000,22000,22000
060928,明泰永豐9A購01  ,0,0,0,0,0,0,0,0,0,22000,0,0,0,22000,0,22000,22000
060681,華擎元大9A購02  ,0,0,0,0,0,0,0,0,0,22000,0,0,0,184000,162000,22000,22000
062524,鴻海統一9C購09  ,0,0,0,0,0,0,0,0,0,22000,0,0,0,22000,0,22000,22000
063163,京元電永豐9B購01,0,0,0,0,0,0,0,0,0,22000,0,0,0,144000,122000,22000,22000
063104,大立光群益9C購02,0,0,0,0,0,0,0,0,0,22000,0,0,0,50000,28000,22000,22000
064651,GIS凱基9C購02   ,0,0,0,0,0,0,0,0,0,22000,0,0,0,22000,0,22000,22000
064641,神隆凱基9C購01  ,0,0,0,0,0,0,0,0,0,22000,0,0,0,30000,8000,22000,22000
064077,台積電中信06購03,0,0,0,0,0,0,0,0,0,22000,0,0,0,22000,0,22000,22000
063626,聚陽元大9B購03  ,0,0,0,0,0,0,0,0,0,22000,0,0,0,138000,116000,22000,22000
1592,英瑞-KY         ,60000,38000,22000,0,0,0,0,0,0,0,0,0,0,0,0,0,22000
08613P,同欣電凱基9C售04,0,0,0,0,0,0,0,0,0,22000,0,0,0,22000,0,22000,22000
08297P,寶成元大9C售01  ,0,0,0,0,0,0,0,0,0,22000,0,0,0,47000,25000,22000,22000
4532,瑞智            ,185000,161000,24000,0,0,0,0,0,0,-2000,0,2000,-2000,0,0,0,22000
064805,金像電元大9C購04,0,0,0,0,0,0,0,0,0,21000,0,0,0,80000,59000,21000,21000
065690,台苯群益9C購01  ,0,0,0,0,0,0,0,0,0,21000,0,0,0,22000,1000,21000,21000
058434,旺宏統一9B購01  ,0,0,0,0,0,0,0,0,0,21000,0,0,0,71000,50000,21000,21000
057190,立積元大9A購02  ,0,0,0,0,0,0,0,0,0,21000,0,0,0,21000,0,21000,21000
060490,華新科台新9A購01,0,0,0,0,0,0,0,0,0,21000,0,0,0,55000,34000,21000,21000
057499,奇鋐群益98購01  ,0,0,0,0,0,0,0,0,0,21000,0,0,0,41000,20000,21000,21000
055026,健和興國泰98購01,0,0,0,0,0,0,0,0,0,21000,0,0,0,21000,0,21000,21000
03678C,臺股指凱基01牛02,0,0,0,0,0,0,0,0,0,21000,0,0,0,34000,13000,21000,21000
052546,友達中信98購01  ,0,0,0,0,0,0,0,0,0,21000,0,0,0,21000,0,21000,21000
060713,聯詠永豐9A購01  ,0,0,0,0,0,0,0,0,0,21000,0,0,0,23000,2000,21000,21000
059438,群創元大99購06  ,0,0,0,0,0,0,0,0,0,21000,0,0,0,37000,16000,21000,21000
058100,聯茂國泰99購02  ,0,0,0,0,0,0,0,0,0,21000,0,0,0,31000,10000,21000,21000
058108,台郡台新99購01  ,0,0,0,0,0,0,0,0,0,21000,0,0,0,21000,0,21000,21000
058173,台積電凱基99購04,0,0,0,0,0,0,0,0,0,21000,0,0,0,22000,1000,21000,21000
061483,TPK元大9A購01   ,0,0,0,0,0,0,0,0,0,21000,0,0,0,86000,65000,21000,21000
059952,旺宏康和99購01  ,0,0,0,0,0,0,0,0,0,21000,0,0,0,21000,0,21000,21000
061872,友達元大9C購06  ,0,0,0,0,0,0,0,0,0,21000,0,0,0,21000,0,21000,21000
062008,南亞科國泰9C購01,0,0,0,0,0,0,0,0,0,21000,0,0,0,21000,0,21000,21000
060187,華新科元富9A購02,0,0,0,0,0,0,0,0,0,21000,0,0,0,337000,316000,21000,21000
061801,祥碩永豐9B購01  ,0,0,0,0,0,0,0,0,0,21000,0,0,0,21000,0,21000,21000
063643,臻鼎元大9B購03  ,0,0,0,0,0,0,0,0,0,21000,0,0,0,253000,232000,21000,21000
063922,大立光元富9C購04,0,0,0,0,0,0,0,0,0,21000,0,0,0,97000,76000,21000,21000
063954,世芯元大01購02  ,0,0,0,0,0,0,0,0,0,21000,0,0,0,31000,10000,21000,21000
064726,創意統一01購03  ,0,0,0,0,0,0,0,0,0,21000,0,0,0,415000,394000,21000,21000
064476,金像電國泰02購01,0,0,0,0,0,0,0,0,0,21000,0,0,0,148000,127000,21000,21000
064282,大立光元大9C購13,0,0,0,0,0,0,0,0,0,21000,0,0,0,43000,22000,21000,21000
063096,勤誠國票9B購02  ,0,0,0,0,0,0,0,0,0,21000,0,0,0,30000,9000,21000,21000
063332,矽格國票9B購01  ,0,0,0,0,0,0,0,0,0,21000,0,0,0,32000,11000,21000,21000
062220,台光電統一01購01,0,0,0,0,0,0,0,0,0,21000,0,0,0,46000,25000,21000,21000
062645,國巨國泰9B購08  ,0,0,0,0,0,0,0,0,0,21000,0,0,0,21000,0,21000,21000
2528,皇普            ,27000,6000,21000,0,0,0,0,0,0,0,0,0,0,0,0,0,21000
065406,緯穎富邦9C購02  ,0,0,0,0,0,0,0,0,0,20000,0,0,0,20000,0,20000,20000
065747,華通元大9C購07  ,0,0,0,0,0,0,0,0,0,20000,0,0,0,20000,0,20000,20000
064852,智邦台新9C購04  ,0,0,0,0,0,0,0,0,0,20000,0,0,0,20000,0,20000,20000
064864,金像電永豐01購01,0,0,0,0,0,0,0,0,0,20000,0,0,0,20000,0,20000,20000
064893,金像電群益01購02,0,0,0,0,0,0,0,0,0,20000,0,0,0,118000,98000,20000,20000
064939,健策元富9C購03  ,0,0,0,0,0,0,0,0,0,20000,0,0,0,30000,10000,20000,20000
065004,瑞昱國票01購02  ,0,0,0,0,0,0,0,0,0,20000,0,0,0,20000,0,20000,20000
065170,智邦元大9C購07  ,0,0,0,0,0,0,0,0,0,20000,0,0,0,67000,47000,20000,20000
08054P,臺股指國票9B售19,0,0,0,0,0,0,0,0,0,20000,0,0,0,40000,20000,20000,20000
08191P,鴻海台新9B售03  ,0,0,0,0,0,0,0,0,0,20000,0,0,0,20000,0,20000,20000
08193P,同欣電國票9C售02,0,0,0,0,0,0,0,0,0,20000,0,0,0,20000,0,20000,20000
07819P,旺宏國票9B售01  ,0,0,0,0,0,0,0,0,0,20000,0,0,0,20000,0,20000,20000
07618P,大立光中信9A售06,0,0,0,0,0,0,0,0,0,20000,0,0,0,20000,0,20000,20000
07458P,長榮航元大9A售01,0,0,0,0,0,0,0,0,0,20000,0,0,0,20000,0,20000,20000
07500P,微星元大9A售01  ,0,0,0,0,0,0,0,0,0,20000,0,0,0,20000,0,20000,20000
07173P,臺股指國票99售10,0,0,0,0,0,0,0,0,0,20000,0,0,0,20000,0,20000,20000
07026P,超眾凱基99售03  ,0,0,0,0,0,0,0,0,0,20000,0,0,0,20000,0,20000,20000
07030P,鈺齊群益99售01  ,0,0,0,0,0,0,0,0,0,20000,0,0,0,20000,0,20000,20000
06970P,旺宏元大99售08  ,0,0,0,0,0,0,0,0,0,20000,0,0,0,20000,0,20000,20000
06699P,台積電統一98售11,0,0,0,0,0,0,0,0,0,20000,0,0,0,20000,0,20000,20000
06636P,可成凱基98售08  ,0,0,0,0,0,0,0,0,0,20000,0,0,0,20000,0,20000,20000
03682C,臺股指凱基9C牛07,0,0,0,0,0,0,0,0,0,20000,0,0,0,36000,16000,20000,20000
042116,元油2X國票97購01,0,0,0,0,0,0,0,0,0,20000,0,0,0,20000,0,20000,20000
03049X,元展46          ,0,0,0,0,0,0,0,0,0,20000,0,0,0,20000,0,20000,20000
035276,南亞科台新97購01,0,0,0,0,0,0,0,0,0,20000,0,0,0,20000,0,20000,20000
052669,群創群益98購06  ,0,0,0,0,0,0,0,0,0,20000,0,0,0,20000,0,20000,20000
052919,鈺齊富邦98購01  ,0,0,0,0,0,0,0,0,0,20000,0,0,0,20000,0,20000,20000
053027,玉晶光富邦98購01,0,0,0,0,0,0,0,0,0,20000,0,0,0,20000,0,20000,20000
053190,聯發科統一99購01,0,0,0,0,0,0,0,0,0,20000,0,0,0,20000,0,20000,20000
053651,台光電凱基98購01,0,0,0,0,0,0,0,0,0,20000,0,0,0,20000,0,20000,20000
055828,上銀元大97購05  ,0,0,0,0,0,0,0,0,0,20000,0,0,0,20000,0,20000,20000
053412,台達電國票97購02,0,0,0,0,0,0,0,0,0,20000,0,0,0,20000,0,20000,20000
045872,元油2X元富98購03,0,0,0,0,0,0,0,0,0,20000,0,0,0,20000,0,20000,20000
051047,深中小群益99購01,0,0,0,0,0,0,0,0,0,20000,0,0,0,82000,62000,20000,20000
055462,華邦電日盛97購01,0,0,0,0,0,0,0,0,0,20000,0,0,0,20000,0,20000,20000
055497,開發金元大97購01,0,0,0,0,0,0,0,0,0,20000,0,0,0,20000,0,20000,20000
055526,台積電群益97購02,0,0,0,0,0,0,0,0,0,20000,0,0,0,20000,0,20000,20000
050754,元金2X元富9B購01,0,0,0,0,0,0,0,0,0,20000,0,0,0,20000,0,20000,20000
047969,台達電富邦97購01,0,0,0,0,0,0,0,0,0,20000,0,0,0,20000,0,20000,20000
055007,晶相光元富9A購02,0,0,0,0,0,0,0,0,0,20000,0,0,0,20000,0,20000,20000
054973,台郡元大98購02  ,0,0,0,0,0,0,0,0,0,20000,0,0,0,20000,0,20000,20000
055119,力成凱基98購01  ,0,0,0,0,0,0,0,0,0,20000,0,0,0,40000,20000,20000,20000
054559,台光電群益99購01,0,0,0,0,0,0,0,0,0,20000,0,0,0,20000,0,20000,20000
055975,鴻海統一98購05  ,0,0,0,0,0,0,0,0,0,20000,0,0,0,20000,0,20000,20000
056001,美食永豐97購01  ,0,0,0,0,0,0,0,0,0,20000,0,0,0,20000,0,20000,20000
054212,聯詠國票97購03  ,0,0,0,0,0,0,0,0,0,20000,0,0,0,20000,0,20000,20000
054111,緯穎凱基97購01  ,0,0,0,0,0,0,0,0,0,20000,0,0,0,20000,0,20000,20000
054069,亞光國泰98購01  ,0,0,0,0,0,0,0,0,0,20000,0,0,0,20000,0,20000,20000
055375,京鼎元大97購03  ,0,0,0,0,0,0,0,0,0,20000,0,0,0,20000,0,20000,20000
055366,國巨元大98購05  ,0,0,0,0,0,0,0,0,0,20000,0,0,0,20000,0,20000,20000
055218,彩晶凱基99購01  ,0,0,0,0,0,0,0,0,0,20000,0,0,0,20000,0,20000,20000
057685,台灣50凱基9C購01,0,0,0,0,0,0,0,0,0,20000,0,0,0,20000,0,20000,20000
057433,上銀國票98購04  ,0,0,0,0,0,0,0,0,0,20000,0,0,0,20000,0,20000,20000
057420,美食凱基98購01  ,0,0,0,0,0,0,0,0,0,20000,0,0,0,20000,0,20000,20000
057463,華邦電永豐98購01,0,0,0,0,0,0,0,0,0,20000,0,0,0,30000,10000,20000,20000
057398,台郡中信99購01  ,0,0,0,0,0,0,0,0,0,20000,0,0,0,20000,0,20000,20000
057298,旭富永豐98購01  ,0,0,0,0,0,0,0,0,0,20000,0,0,0,120000,100000,20000,20000
057537,聯茂元大98購04  ,0,0,0,0,0,0,0,0,0,20000,0,0,0,41000,21000,20000,20000
057835,華擎元富9B購01  ,0,0,0,0,0,0,0,0,0,20000,0,0,0,421000,401000,20000,20000
057807,友訊元大98購02  ,0,0,0,0,0,0,0,0,0,20000,0,0,0,20000,0,20000,20000
056936,禾伸堂元富98購01,0,0,0,0,0,0,0,0,0,20000,0,0,0,20000,0,20000,20000
056070,新日興元大97購04,0,0,0,0,0,0,0,0,0,20000,0,0,0,20000,0,20000,20000
056987,南茂群益98購01  ,0,0,0,0,0,0,0,0,0,20000,0,0,0,20000,0,20000,20000
056221,鴻海凱基99購01  ,0,0,0,0,0,0,0,0,0,20000,0,0,0,20000,0,20000,20000
056380,麗豐元富98購01  ,0,0,0,0,0,0,0,0,0,20000,0,0,0,20000,0,20000,20000
060531,大立光中信9A購04,0,0,0,0,0,0,0,0,0,20000,0,0,0,25000,5000,20000,20000
058449,台積電永豐99購01,0,0,0,0,0,0,0,0,0,20000,0,0,0,28000,8000,20000,20000
059275,可成元大99購05  ,0,0,0,0,0,0,0,0,0,20000,0,0,0,20000,0,20000,20000
059265,美律中信01購01  ,0,0,0,0,0,0,0,0,0,20000,0,0,0,30000,10000,20000,20000
060260,京鼎凱基9C購01  ,0,0,0,0,0,0,0,0,0,20000,0,0,0,20000,0,20000,20000
056721,台灣50永昌9A購01,0,0,0,0,0,0,0,0,0,20000,0,0,0,24000,4000,20000,20000
057177,奇力新元大99購04,0,0,0,0,0,0,0,0,0,20000,0,0,0,20000,0,20000,20000
057179,可成元大98購04  ,0,0,0,0,0,0,0,0,0,20000,0,0,0,20000,0,20000,20000
056595,台積電元富98購04,0,0,0,0,0,0,0,0,0,20000,0,0,0,20000,0,20000,20000
056623,禾伸堂永豐98購01,0,0,0,0,0,0,0,0,0,20000,0,0,0,20000,0,20000,20000
061742,奇鋐凱基9B購01  ,0,0,0,0,0,0,0,0,0,20000,0,0,0,20000,0,20000,20000
061704,景碩國票9A購01  ,0,0,0,0,0,0,0,0,0,20000,0,0,0,20000,0,20000,20000
061701,友達國票9B購02  ,0,0,0,0,0,0,0,0,0,20000,0,0,0,20000,0,20000,20000
061702,奇鋐國票9A購02  ,0,0,0,0,0,0,0,0,0,20000,0,0,0,58000,38000,20000,20000
061624,中租群益9A購01  ,0,0,0,0,0,0,0,0,0,20000,0,0,0,30000,10000,20000,20000
060159,健和興永豐9A購01,0,0,0,0,0,0,0,0,0,20000,0,0,0,21000,1000,20000,20000
060104,新日興元大99購03,0,0,0,0,0,0,0,0,0,20000,0,0,0,20000,0,20000,20000
061566,華通元大9A購10  ,0,0,0,0,0,0,0,0,0,20000,0,0,0,20000,0,20000,20000
061555,聯電國票9B購01  ,0,0,0,0,0,0,0,0,0,20000,0,0,0,20000,0,20000,20000
061557,台積電國票9C購02,0,0,0,0,0,0,0,0,0,20000,0,0,0,20000,0,20000,20000
061931,力山國票9B購02  ,0,0,0,0,0,0,0,0,0,20000,0,0,0,20000,0,20000,20000
061880,台郡元大9B購02  ,0,0,0,0,0,0,0,0,0,20000,0,0,0,20000,0,20000,20000
061859,勤誠國票9B購01  ,0,0,0,0,0,0,0,0,0,20000,0,0,0,45000,25000,20000,20000
061869,智邦元大9B購01  ,0,0,0,0,0,0,0,0,0,20000,0,0,0,41000,21000,20000,20000
062105,國巨國票9C購03  ,0,0,0,0,0,0,0,0,0,20000,0,0,0,33000,13000,20000,20000
062030,旭富群益9B購01  ,0,0,0,0,0,0,0,0,0,20000,0,0,0,20000,0,20000,20000
062145,億光國票9B購01  ,0,0,0,0,0,0,0,0,0,20000,0,0,0,30000,10000,20000,20000
062162,世紀鋼凱基9B購03,0,0,0,0,0,0,0,0,0,20000,0,0,0,20000,0,20000,20000
060042,台積電群益99購12,0,0,0,0,0,0,0,0,0,20000,0,0,0,20000,0,20000,20000
059826,欣興凱基99購06  ,0,0,0,0,0,0,0,0,0,20000,0,0,0,20000,0,20000,20000
059119,華擎永豐99購02  ,0,0,0,0,0,0,0,0,0,20000,0,0,0,20000,0,20000,20000
059744,禾伸堂元富99購02,0,0,0,0,0,0,0,0,0,20000,0,0,0,20000,0,20000,20000
059746,聯鈞元富99購03  ,0,0,0,0,0,0,0,0,0,20000,0,0,0,20000,0,20000,20000
059529,華新科凱基9A購04,0,0,0,0,0,0,0,0,0,20000,0,0,0,42000,22000,20000,20000
059053,鴻海凱基99購07  ,0,0,0,0,0,0,0,0,0,20000,0,0,0,45000,25000,20000,20000
061496,華新科國票9A購07,0,0,0,0,0,0,0,0,0,20000,0,0,0,20000,0,20000,20000
061490,茂林兆豐9B購01  ,0,0,0,0,0,0,0,0,0,20000,0,0,0,20000,0,20000,20000
061430,致新元大9A購01  ,0,0,0,0,0,0,0,0,0,20000,0,0,0,30000,10000,20000,20000
061267,玉山金凱基9B購01,0,0,0,0,0,0,0,0,0,20000,0,0,0,20000,0,20000,20000
061243,麗豐兆豐9A購01  ,0,0,0,0,0,0,0,0,0,20000,0,0,0,20000,0,20000,20000
061336,國巨元大9A購20  ,0,0,0,0,0,0,0,0,0,20000,0,0,0,73000,53000,20000,20000
061288,大立光統一9C購01,0,0,0,0,0,0,0,0,0,20000,0,0,0,20000,0,20000,20000
058016,智邦凱基98購06  ,0,0,0,0,0,0,0,0,0,20000,0,0,0,40000,20000,20000,20000
057997,旺宏第一9C購01  ,0,0,0,0,0,0,0,0,0,20000,0,0,0,20000,0,20000,20000
058662,禾伸堂兆豐99購01,0,0,0,0,0,0,0,0,0,20000,0,0,0,20000,0,20000,20000
058345,台光電群益99購03,0,0,0,0,0,0,0,0,0,20000,0,0,0,20000,0,20000,20000
058304,鴻海元大99購12  ,0,0,0,0,0,0,0,0,0,20000,0,0,0,20000,0,20000,20000
058320,華新科永豐99購02,0,0,0,0,0,0,0,0,0,20000,0,0,0,60000,40000,20000,20000
058275,S&P500中信9B購01,0,0,0,0,0,0,0,0,0,20000,0,0,0,20000,0,20000,20000
059461,鈺齊永豐99購03  ,0,0,0,0,0,0,0,0,0,20000,0,0,0,20000,0,20000,20000
058585,S&P正2中信9B購02,0,0,0,0,0,0,0,0,0,20000,0,0,0,20000,0,20000,20000
060695,同欣電麥證9A購01,0,0,0,30000,10000,20000,0,0,0,20000,0,0,0,30000,10000,20000,20000
060551,大立光凱基9B購02,0,0,0,0,0,0,0,0,0,20000,0,0,0,20000,0,20000,20000
060572,景碩永豐9A購01  ,0,0,0,0,0,0,0,0,0,20000,0,0,0,30000,10000,20000,20000
060886,國巨統一01購03  ,0,0,0,0,0,0,0,0,0,20000,0,0,0,35000,15000,20000,20000
060774,南亞科凱基9A購01,0,0,0,0,0,0,0,0,0,20000,0,0,0,20000,0,20000,20000
061091,奇力新統一9C購02,0,0,0,0,0,0,0,0,0,20000,0,0,0,20000,0,20000,20000
062583,鴻海統一9C購12  ,0,0,0,0,0,0,0,0,0,20000,0,0,0,20000,0,20000,20000
062712,晶技麥證9B購02  ,0,0,0,20000,0,20000,0,0,0,20000,0,0,0,20000,0,20000,20000
062909,大立光元大9C購04,0,0,0,0,0,0,0,0,0,20000,0,0,0,100000,80000,20000,20000
062169,禾伸堂永豐9B購01,0,0,0,0,0,0,0,0,0,20000,0,0,0,20000,0,20000,20000
062468,台積電凱基9B購06,0,0,0,0,0,0,0,0,0,20000,0,0,0,20000,0,20000,20000
062480,茂林國票9B購01  ,0,0,0,0,0,0,0,0,0,20000,0,0,0,20000,0,20000,20000
062399,神基永豐9B購01  ,0,0,0,0,0,0,0,0,0,20000,0,0,0,60000,40000,20000,20000
063400,華擎群益9B購03  ,0,0,0,0,0,0,0,0,0,20000,0,0,0,80000,60000,20000,20000
06338P,亞德客統一97售02,0,0,0,0,0,0,0,0,0,20000,0,0,0,20000,0,20000,20000
063035,燿華凱基9B購02  ,0,0,0,0,0,0,0,0,0,20000,0,0,0,20000,0,20000,20000
063005,道瓊反元大9B購02,0,0,0,0,0,0,0,0,0,20000,0,0,0,20000,0,20000,20000
064480,聚陽永豐9C購01  ,0,0,0,0,0,0,0,0,0,20000,0,0,0,190000,170000,20000,20000
064425,華新科兆豐9C購01,0,0,0,0,0,0,0,0,0,20000,0,0,0,20000,0,20000,20000
064440,大立光凱基03購03,0,0,0,0,0,0,0,0,0,20000,0,0,0,20000,0,20000,20000
064660,華通元大9C購05  ,0,0,0,0,0,0,0,0,0,20000,0,0,0,50000,30000,20000,20000
064695,京鼎群益02購02  ,0,0,0,0,0,0,0,0,0,20000,0,0,0,70000,50000,20000,20000
064540,神達麥證01購01  ,0,0,0,21000,1000,20000,0,0,0,20000,0,0,0,21000,1000,20000,20000
064545,智邦凱基9C購02  ,0,0,0,0,0,0,0,0,0,20000,0,0,0,34000,14000,20000,20000
064134,瑞祺元大9C購02  ,0,0,0,0,0,0,0,0,0,20000,0,0,0,38000,18000,20000,20000
064202,景碩兆豐9C購01  ,0,0,0,0,0,0,0,0,0,20000,0,0,0,20000,0,20000,20000
064152,義隆統一02購02  ,0,0,0,0,0,0,0,0,0,20000,0,0,0,30000,10000,20000,20000
063621,華新科兆豐9B購02,0,0,0,0,0,0,0,0,0,20000,0,0,0,20000,0,20000,20000
063614,美食群益9B購03  ,0,0,0,0,0,0,0,0,0,20000,0,0,0,20000,0,20000,20000
063889,滬深2X群益02購01,0,0,0,0,0,0,0,0,0,20000,0,0,0,20000,0,20000,20000
08382P,國巨群益01售02  ,0,0,0,0,0,0,0,0,0,20000,0,0,0,30000,10000,20000,20000
08587P,聯發科中信01售05,0,0,0,0,0,0,0,0,0,20000,0,0,0,20000,0,20000,20000
08467P,長榮航統一9C售01,0,0,0,0,0,0,0,0,0,20000,0,0,0,20000,0,20000,20000
6531,愛普            ,11000,2000,9000,0,0,0,0,0,0,11000,1000,0,1000,10000,0,10000,20000
06765P,欣興元大98售11  ,0,0,0,0,0,0,0,0,0,19000,0,0,0,55000,36000,19000,19000
07892P,臺股指國票9B售02,0,0,0,0,0,0,0,0,0,19000,0,0,0,19000,0,19000,19000
065980,中租元大02購01  ,0,0,0,0,0,0,0,0,0,19000,0,0,0,19000,0,19000,19000
065429,微星凱基02購02  ,0,0,0,0,0,0,0,0,0,19000,0,0,0,29000,10000,19000,19000
065512,友訊群益01購01  ,0,0,0,0,0,0,0,0,0,19000,0,0,0,32000,13000,19000,19000
065655,緯穎元大9C購05  ,0,0,0,0,0,0,0,0,0,19000,0,0,0,50000,31000,19000,19000
065628,台積電國票01購03,0,0,0,0,0,0,0,0,0,19000,0,0,0,19000,0,19000,19000
056470,旺宏元大99購01  ,0,0,0,0,0,0,0,0,0,19000,0,0,0,68000,49000,19000,19000
059241,旺宏凱基99購07  ,0,0,0,0,0,0,0,0,0,19000,0,0,0,19000,0,19000,19000
056427,上銀凱基98購03  ,0,0,0,0,0,0,0,0,0,19000,0,0,0,19000,0,19000,19000
056304,創意元大97購03  ,0,0,0,0,0,0,0,0,0,19000,0,0,0,93000,74000,19000,19000
056335,微星凱基98購01  ,0,0,0,0,0,0,0,0,0,19000,0,0,0,19000,0,19000,19000
055381,茂林元大97購02  ,0,0,0,0,0,0,0,0,0,19000,0,0,0,19000,0,19000,19000
054059,欣興國票97購03  ,0,0,0,0,0,0,0,0,0,19000,0,0,0,19000,0,19000,19000
054556,世芯凱基99購01  ,0,0,0,0,0,0,0,0,0,19000,0,0,0,19000,0,19000,19000
061018,台積電國票9B購05,0,0,0,0,0,0,0,0,0,19000,0,0,0,19000,0,19000,19000
058069,美律凱基99購05  ,0,0,0,0,0,0,0,0,0,19000,0,0,0,50000,31000,19000,19000
061469,瑞祺群益9A購02  ,0,0,0,0,0,0,0,0,0,19000,0,0,0,27000,8000,19000,19000
061506,瑞祺國票9A購02  ,0,0,0,0,0,0,0,0,0,19000,0,0,0,19000,0,19000,19000
058937,仁寶中信99購01  ,0,0,0,0,0,0,0,0,0,19000,0,0,0,19000,0,19000,19000
059519,台郡永豐99購01  ,0,0,0,0,0,0,0,0,0,19000,0,0,0,19000,0,19000,19000
059139,全新兆豐9A購01  ,0,0,0,0,0,0,0,0,0,19000,0,0,0,19000,0,19000,19000
059976,道瓊銀元大99購01,0,0,0,0,0,0,0,0,0,19000,0,0,0,30000,11000,19000,19000
061611,南六統一01購01  ,0,0,0,0,0,0,0,0,0,19000,0,0,0,20000,1000,19000,19000
060109,茂林元大99購05  ,0,0,0,0,0,0,0,0,0,19000,0,0,0,69000,50000,19000,19000
060126,創意永豐99購04  ,0,0,0,0,0,0,0,0,0,19000,0,0,0,19000,0,19000,19000
063878,國巨元富9C購01  ,0,0,0,0,0,0,0,0,0,19000,0,0,0,19000,0,19000,19000
063827,國巨國票02購01  ,5000,0,5000,0,0,0,0,0,0,14000,0,0,0,54000,40000,14000,19000
063638,華新科元大9B購14,0,0,0,0,0,0,0,0,0,19000,0,0,0,150000,131000,19000,19000
064136,致新元大9C購01  ,0,0,0,0,0,0,0,0,0,19000,0,0,0,323000,304000,19000,19000
064206,鴻海凱基03購02  ,0,0,0,0,0,0,0,0,0,19000,0,0,0,282000,263000,19000,19000
064519,聯詠群益9C購01  ,0,0,0,0,0,0,0,0,0,19000,0,0,0,32000,13000,19000,19000
064754,漢唐凱基02購01  ,0,0,0,0,0,0,0,0,0,19000,0,0,0,20000,1000,19000,19000
064759,景碩凱基9C購01  ,0,0,0,0,0,0,0,0,0,19000,0,0,0,47000,28000,19000,19000
062432,上銀元大9B購04  ,0,0,0,0,0,0,0,0,0,19000,0,0,0,64000,45000,19000,19000
062537,聯電國泰9C購01  ,0,0,0,0,0,0,0,0,0,19000,0,0,0,501000,482000,19000,19000
08397P,國巨元富9C售04  ,0,0,0,0,0,0,0,0,0,19000,0,0,0,40000,21000,19000,19000
065930,矽格國票02購01  ,0,0,0,0,0,0,0,0,0,18000,0,0,0,27000,9000,18000,18000
065389,聯茂兆豐9C購01  ,0,0,0,0,0,0,0,0,0,18000,0,0,0,169000,151000,18000,18000
064823,台積電統一01購09,0,0,0,0,0,0,0,0,0,18000,0,0,0,517000,499000,18000,18000
06888P,日月光元大98售02,0,0,0,0,0,0,0,0,0,18000,0,0,0,70000,52000,18000,18000
066176,華擎凱基01購01  ,0,0,0,0,0,0,0,0,0,18000,0,0,0,51000,33000,18000,18000
054550,旺宏凱基98購02  ,0,0,0,0,0,0,0,0,0,18000,0,0,0,18000,0,18000,18000
054468,台郡凱基98購01  ,0,0,0,0,0,0,0,0,0,18000,0,0,0,18000,0,18000,18000
054161,友訊凱基98購01  ,0,0,0,0,0,0,0,0,0,18000,0,0,0,18000,0,18000,18000
056842,全新元富98購01  ,0,0,0,0,0,0,0,0,0,18000,0,0,0,18000,0,18000,18000
051682,元黃金凱基97購01,0,0,0,0,0,0,0,0,0,18000,0,0,0,18000,0,18000,18000
051370,聯詠富邦97購01  ,0,0,0,0,0,0,0,0,0,18000,0,0,0,18000,0,18000,18000
03026X,元展23          ,0,0,0,0,0,0,0,0,0,18000,0,0,0,18000,0,18000,18000
056437,台積電凱基98購11,0,0,0,0,0,0,0,0,0,18000,0,0,0,18000,0,18000,18000
057343,道瓊反統一9A購01,0,0,0,0,0,0,0,0,0,18000,0,0,0,18000,0,18000,18000
057409,台虹群益98購02  ,0,0,0,0,0,0,0,0,0,18000,0,0,0,18000,0,18000,18000
056464,臺股指凱基99購06,0,0,0,0,0,0,0,0,0,18000,0,0,0,35000,17000,18000,18000
056551,台郡凱基98購04  ,0,0,0,0,0,0,0,0,0,18000,0,0,0,18000,0,18000,18000
056657,華邦電元大99購01,0,0,0,0,0,0,0,0,0,18000,0,0,0,128000,110000,18000,18000
061530,智邦台新9A購02  ,0,0,0,0,0,0,0,0,0,18000,0,0,0,18000,0,18000,18000
061657,智原國票9A購01  ,0,0,0,0,0,0,0,0,0,18000,0,0,0,88000,70000,18000,18000
059181,世紀鋼元富9C購01,0,0,0,0,0,0,0,0,0,18000,0,0,0,18000,0,18000,18000
059695,聯鈞永豐99購02  ,0,0,0,0,0,0,0,0,0,18000,0,0,0,54000,36000,18000,18000
059069,臺指反元大9C購01,0,0,0,0,0,0,0,0,0,18000,0,0,0,18000,0,18000,18000
061240,華新科兆豐9A購01,0,0,0,0,0,0,0,0,0,18000,0,0,0,20000,2000,18000,18000
061224,道瓊反中信01購01,0,0,0,0,0,0,0,0,0,18000,0,0,0,18000,0,18000,18000
058375,群創凱基9B購04  ,0,0,0,0,0,0,0,0,0,18000,0,0,0,213000,195000,18000,18000
061134,大成鋼統一9C購01,0,0,0,0,0,0,0,0,0,18000,0,0,0,66000,48000,18000,18000
060747,聯鈞國票9A購02  ,0,0,0,0,0,0,0,0,0,18000,0,0,0,41000,23000,18000,18000
060871,台灣50中信01購03,0,0,0,0,0,0,0,0,0,18000,0,0,0,18000,0,18000,18000
060677,京元電元大9A購04,0,0,0,0,0,0,0,0,0,18000,0,0,0,282000,264000,18000,18000
062850,友訊永豐9B購01  ,0,0,0,0,0,0,0,0,0,18000,0,0,0,106000,88000,18000,18000
062701,漢唐元大9B購01  ,0,0,0,0,0,0,0,0,0,18000,0,0,0,21000,3000,18000,18000
062718,技嘉凱基9B購01  ,0,0,0,0,0,0,0,0,0,18000,0,0,0,48000,30000,18000,18000
08323P,華新科凱基9C售04,0,0,0,0,0,0,0,0,0,18000,0,0,0,18000,0,18000,18000
2431,聯昌            ,163000,146000,17000,0,0,0,0,0,0,1000,1000,0,1000,0,0,0,18000
8103,瀚荃            ,154000,136000,18000,0,0,0,0,0,0,0,1000,1000,0,0,0,0,18000
06700P,臺股指統一99售05,0,0,0,0,0,0,0,0,0,17000,0,0,0,47000,30000,17000,17000
07923P,元金2X凱基02售02,0,0,0,0,0,0,0,0,0,17000,0,0,0,20000,3000,17000,17000
065552,聯發科凱基9C購12,0,0,0,0,0,0,0,0,0,17000,0,0,0,63000,46000,17000,17000
056542,緯創凱基98購01  ,0,0,0,0,0,0,0,0,0,17000,0,0,0,20000,3000,17000,17000
058462,台積電兆豐99購01,0,0,0,0,0,0,0,0,0,17000,0,0,0,17000,0,17000,17000
060424,中租永豐9A購01  ,0,0,0,0,0,0,0,0,0,17000,0,0,0,17000,0,17000,17000
057406,茂林群益98購03  ,0,0,0,0,0,0,0,0,0,17000,0,0,0,20000,3000,17000,17000
057568,友訊永豐99購01  ,0,0,0,0,0,0,0,0,0,17000,0,0,0,120000,103000,17000,17000
056068,欣興元大97購05  ,0,0,0,0,0,0,0,0,0,17000,0,0,0,42000,25000,17000,17000
053293,聯發科中信9B購01,0,0,0,0,0,0,0,0,0,17000,0,0,0,17000,0,17000,17000
03680C,臺股指凱基9A牛26,0,0,0,0,0,0,0,0,0,17000,0,0,0,18000,1000,17000,17000
00684R,元大美元指數反1 ,0,0,0,0,0,0,0,0,0,17000,0,0,0,20000,3000,17000,17000
054479,緯創中信98購01  ,0,0,0,0,0,0,0,0,0,17000,0,0,0,35000,18000,17000,17000
055034,建準富邦99購01  ,0,0,0,0,0,0,0,0,0,17000,0,0,0,17000,0,17000,17000
059324,智易元大99購04  ,0,0,0,0,0,0,0,0,0,17000,0,0,0,30000,13000,17000,17000
060735,鴻海統一9C購03  ,0,0,0,0,0,0,0,0,0,17000,0,0,0,30000,13000,17000,17000
060849,力成國票9A購01  ,0,0,0,0,0,0,0,0,0,17000,0,0,0,17000,0,17000,17000
058396,力山元大99購01  ,0,0,0,0,0,0,0,0,0,17000,0,0,0,20000,3000,17000,17000
058216,TPK群益99購01   ,0,0,0,0,0,0,0,0,0,17000,0,0,0,22000,5000,17000,17000
061439,寶成凱基9A購01  ,0,0,0,0,0,0,0,0,0,17000,0,0,0,59000,42000,17000,17000
062167,燿華永豐9B購01  ,0,0,0,0,0,0,0,0,0,17000,0,0,0,17000,0,17000,17000
062048,義隆台新9B購01  ,0,0,0,0,0,0,0,0,0,17000,0,0,0,17000,0,17000,17000
061848,國巨國票9B購07  ,0,0,0,0,0,0,0,0,0,17000,0,0,0,22000,5000,17000,17000
062513,玉晶光國票9C購01,0,0,0,0,0,0,0,0,0,17000,0,0,0,21000,4000,17000,17000
062325,鴻海統一9B購05  ,0,0,0,0,0,0,0,0,0,17000,0,0,0,29000,12000,17000,17000
063103,技嘉群益9B購01  ,0,0,0,0,0,0,0,0,0,17000,0,0,0,63000,46000,17000,17000
063454,瑞儀統一9B購01  ,0,0,0,0,0,0,0,0,0,17000,0,0,0,17000,0,17000,17000
064747,彩晶國票01購01  ,0,0,0,0,0,0,0,0,0,17000,0,0,0,26000,9000,17000,17000
06446P,大立光凱基98售10,0,0,0,0,0,0,0,0,0,17000,0,0,0,18000,1000,17000,17000
063610,儒鴻群益9B購02  ,0,0,0,0,0,0,0,0,0,17000,0,0,0,111000,94000,17000,17000
8443,阿瘦            ,24000,11000,13000,0,0,0,0,0,0,4000,4000,0,4000,0,0,0,17000
6128,上福            ,23000,6000,17000,0,0,0,0,0,0,0,0,0,0,0,0,0,17000
1626,艾美特-KY       ,50000,33000,17000,0,0,0,0,0,0,0,0,0,0,0,0,0,17000
08690P,友訊中信05售03  ,0,0,0,0,0,0,0,0,0,17000,0,0,0,20000,3000,17000,17000
065347,聯發科統一9C購15,0,0,0,0,0,0,0,0,0,16000,0,0,0,82000,66000,16000,16000
065260,金像電元大9C購07,0,0,0,0,0,0,0,0,0,16000,0,0,0,36000,20000,16000,16000
065255,上銀元大01購01  ,0,0,0,0,0,0,0,0,0,16000,0,0,0,195000,179000,16000,16000
07424P,大立光元大9B售01,0,0,0,0,0,0,0,0,0,16000,0,0,0,16000,0,16000,16000
07428P,華新科國票9A售01,0,0,0,0,0,0,0,0,0,16000,0,0,0,26000,10000,16000,16000
07328P,FBVIX國泰9B售01 ,0,0,0,0,0,0,0,0,0,16000,0,0,0,20000,4000,16000,16000
066032,矽格群益01購01  ,0,0,0,0,0,0,0,0,0,16000,0,0,0,16000,0,16000,16000
054758,南亞國票9A購01  ,0,0,0,0,0,0,0,0,0,16000,0,0,0,16000,0,16000,16000
057744,健策永豐98購02  ,0,0,0,0,0,0,0,0,0,16000,0,0,0,17000,1000,16000,16000
056958,喬山永豐98購01  ,0,0,0,0,0,0,0,0,0,16000,0,0,0,16000,0,16000,16000
057057,立積元大9A購01  ,0,0,0,0,0,0,0,0,0,16000,0,0,0,107000,91000,16000,16000
058485,智邦國票9A購01  ,0,0,0,0,0,0,0,0,0,16000,0,0,0,16000,0,16000,16000
062108,晶豪科國票9B購01,0,0,0,0,0,0,0,0,0,16000,0,0,0,41000,25000,16000,16000
061740,華新科凱基03購01,0,0,0,0,0,0,0,0,0,16000,0,0,0,41000,25000,16000,16000
060155,友訊永豐9A購01  ,0,0,0,0,0,0,0,0,0,16000,0,0,0,16000,0,16000,16000
058920,SGBR2X元富99購06,0,0,0,0,0,0,0,0,0,16000,0,0,0,16000,0,16000,16000
059511,宏達電永豐99購02,0,0,0,0,0,0,0,0,0,16000,0,0,0,38000,22000,16000,16000
061411,T50反1群益9A購05,0,0,0,0,0,0,0,0,0,16000,0,0,0,20000,4000,16000,16000
058242,玉晶光元大9A購01,0,0,0,0,0,0,0,0,0,16000,0,0,0,20000,4000,16000,16000
061033,台光電永豐9A購01,0,0,0,0,0,0,0,0,0,16000,0,0,0,32000,16000,16000,16000
059349,台郡凱基99購04  ,0,0,0,0,0,0,0,0,0,16000,0,0,0,16000,0,16000,16000
058586,鴻海中信01購02  ,0,0,0,0,0,0,0,0,0,16000,0,0,0,36000,20000,16000,16000
060666,聯茂凱基9A購02  ,0,0,0,0,0,0,0,0,0,16000,0,0,0,90000,74000,16000,16000
063659,世紀鋼元富9B購01,0,0,0,0,0,0,0,0,0,16000,0,0,0,50000,34000,16000,16000
063712,高鐵凱基9C購01  ,0,0,0,0,0,0,0,0,0,16000,0,0,0,16000,0,16000,16000
063678,友達國泰9C購01  ,0,0,0,0,0,0,0,0,0,16000,0,0,0,17000,1000,16000,16000
063847,聯發科元大9C購03,0,0,0,0,0,0,0,0,0,16000,0,0,0,31000,15000,16000,16000
063754,道瓊指統一9B購01,0,0,0,0,0,0,0,0,0,16000,0,0,0,36000,20000,16000,16000
064091,台郡凱基01購01  ,0,0,0,0,0,0,0,0,0,16000,0,0,0,226000,210000,16000,16000
064017,道瓊反元大9C購03,0,0,0,0,0,0,0,0,0,16000,0,0,0,16000,0,16000,16000
064274,燿華元大9C購01  ,0,0,0,0,0,0,0,0,0,16000,0,0,0,35000,19000,16000,16000
064509,台表科元大9C購08,0,0,0,0,0,0,0,0,0,16000,0,0,0,91000,75000,16000,16000
063459,華通元大9B購08  ,0,0,0,0,0,0,0,0,0,16000,0,0,0,24000,8000,16000,16000
062965,FBVIX元富9C購01 ,0,0,0,0,0,0,0,0,0,16000,0,0,0,16000,0,16000,16000
062235,億光凱基9B購01  ,0,0,0,0,0,0,0,0,0,16000,0,0,0,61000,45000,16000,16000
062454,華通群益9C購03  ,0,0,0,0,0,0,0,0,0,16000,0,0,0,46000,30000,16000,16000
062794,鴻海統一9C購15  ,0,0,0,0,0,0,0,0,0,16000,0,0,0,48000,32000,16000,16000
1219,福壽            ,23000,7000,16000,0,0,0,0,0,0,0,0,0,0,0,0,0,16000
08648P,健策凱基9C售05  ,0,0,0,0,0,0,0,0,0,16000,0,0,0,199000,183000,16000,16000
066174,京鼎凱基01購01  ,0,0,0,0,0,0,0,0,0,15000,0,0,0,19000,4000,15000,15000
066310,長興永豐01購01  ,0,0,0,0,0,0,0,0,0,15000,0,0,0,151000,136000,15000,15000
07636P,鴻海國票9A售05  ,0,0,0,0,0,0,0,0,0,15000,0,0,0,15000,0,15000,15000
08228P,華擎國票9C售01  ,0,0,0,0,0,0,0,0,0,15000,0,0,0,27000,12000,15000,15000
08246P,亞德客群益01售01,0,0,0,0,0,0,0,0,0,15000,0,0,0,106000,91000,15000,15000
065293,玉晶光群益01購07,0,0,0,0,0,0,0,0,0,15000,0,0,0,55000,40000,15000,15000
065223,旺宏中信01購01  ,0,0,0,0,0,0,0,0,0,15000,0,0,0,20000,5000,15000,15000
065035,世芯統一01購03  ,0,0,0,0,0,0,0,0,0,15000,0,0,0,21000,6000,15000,15000
065616,臺股指元大9C購34,0,0,0,0,0,0,0,0,0,15000,0,0,0,15000,0,15000,15000
065968,國巨元大02購01  ,0,0,0,0,0,0,0,0,0,15000,0,0,0,51000,36000,15000,15000
060475,瑞祺元大9A購01  ,0,0,0,0,0,0,0,0,0,15000,0,0,0,15000,0,15000,15000
056709,華通永豐98購01  ,0,0,0,0,0,0,0,0,0,15000,0,0,0,106000,91000,15000,15000
057968,可成國泰9A購01  ,0,0,0,0,0,0,0,0,0,15000,0,0,0,55000,40000,15000,15000
055416,欣興富邦98購01  ,0,0,0,0,0,0,0,0,0,15000,0,0,0,15000,0,15000,15000
054673,京鼎國泰98購01  ,0,0,0,0,0,0,0,0,0,15000,0,0,0,15000,0,15000,15000
054463,瑞昱凱基97購01  ,0,0,0,0,0,0,0,0,0,15000,0,0,0,15000,0,15000,15000
0054,元大台商50      ,0,0,0,0,0,0,0,0,0,15000,0,0,0,28000,13000,15000,15000
041990,A50正2國票97購01,0,0,0,0,0,0,0,0,0,15000,0,0,0,15000,0,15000,15000
053054,禾伸堂國票97購01,0,0,0,0,0,0,0,0,0,15000,0,0,0,15000,0,15000,15000
052618,群創國泰98購01  ,0,0,0,0,0,0,0,0,0,15000,0,0,0,15000,0,15000,15000
048414,滬深2X統一98購01,0,0,0,0,0,0,0,0,0,15000,0,0,0,15000,0,15000,15000
050801,元金2X群益98購01,0,0,0,0,0,0,0,0,0,15000,0,0,0,15000,0,15000,15000
055780,禾伸堂凱基99購01,0,0,0,0,0,0,0,0,0,15000,0,0,0,19000,4000,15000,15000
060661,台積電凱基9A購18,0,0,0,0,0,0,0,0,0,15000,0,0,0,15000,0,15000,15000
060310,瑞昱永豐9A購01  ,0,0,0,0,0,0,0,0,0,15000,0,0,0,25000,10000,15000,15000
060607,玉晶光凱基9A購06,0,0,0,0,0,0,0,0,0,15000,0,0,0,15000,0,15000,15000
058581,大立光群益99購05,0,0,0,0,0,0,0,0,0,15000,0,0,0,27000,12000,15000,15000
060355,元金2X元富9C購01,0,0,0,0,0,0,0,0,0,15000,0,0,0,15000,0,15000,15000
061139,玉晶光統一9C購02,0,0,0,0,0,0,0,0,0,15000,0,0,0,15000,0,15000,15000
061072,南電凱基9B購01  ,0,0,0,0,0,0,0,0,0,15000,0,0,0,45000,30000,15000,15000
058225,旺宏元富99購01  ,0,0,0,0,0,0,0,0,0,15000,0,0,0,15000,0,15000,15000
058011,台虹國票99購01  ,0,0,0,0,0,0,0,0,0,15000,0,0,0,55000,40000,15000,15000
061192,奇鋐永豐9A購01  ,0,0,0,0,0,0,0,0,0,15000,0,0,0,15000,0,15000,15000
059539,緯穎凱基99購03  ,0,0,0,0,0,0,0,0,0,15000,0,0,0,25000,10000,15000,15000
059470,華新科元大99購16,0,0,0,0,0,0,0,0,0,15000,0,0,0,23000,8000,15000,15000
059566,台積電凱基9A購11,0,0,0,0,0,0,0,0,0,15000,0,0,0,15000,0,15000,15000
059631,京元電凱基99購02,0,0,0,0,0,0,0,0,0,15000,0,0,0,65000,50000,15000,15000
059955,美食康和99購01  ,0,0,0,0,0,0,0,0,0,15000,0,0,0,15000,0,15000,15000
059829,超眾凱基99購05  ,0,0,0,0,0,0,0,0,0,15000,0,0,0,25000,10000,15000,15000
061830,元金2X凱基01購01,0,0,0,0,0,0,0,0,0,15000,0,0,0,15000,0,15000,15000
062869,帆宣中信9B購01  ,0,0,0,0,0,0,0,0,0,15000,0,0,0,47000,32000,15000,15000
062871,大成鋼兆豐9B購01,0,0,0,0,0,0,0,0,0,15000,0,0,0,15000,0,15000,15000
062907,可成元大9C購03  ,0,0,0,0,0,0,0,0,0,15000,0,0,0,75000,60000,15000,15000
062675,台積電台新9B購06,0,0,0,0,0,0,0,0,0,15000,0,0,0,15000,0,15000,15000
062611,台灣50元大9B購18,0,0,0,0,0,0,0,0,0,15000,0,0,0,15000,0,15000,15000
062510,台積電國票01購01,0,0,0,0,0,0,0,0,0,15000,0,0,0,15000,0,15000,15000
062459,聯詠群益9B購01  ,0,0,0,0,0,0,0,0,0,15000,0,0,0,15000,0,15000,15000
062202,國巨國票9C購04  ,0,0,0,0,0,0,0,0,0,15000,0,0,0,20000,5000,15000,15000
06340P,鴻海統一98售06  ,0,0,0,0,0,0,0,0,0,15000,0,0,0,15000,0,15000,15000
064688,國巨群益9C購11  ,0,0,0,0,0,0,0,0,0,15000,0,0,0,15000,0,15000,15000
064226,TPK國票01購01   ,0,0,0,0,0,0,0,0,0,15000,0,0,0,24000,9000,15000,15000
064233,燿華統一9C購02  ,0,0,0,0,0,0,0,0,0,15000,0,0,0,50000,35000,15000,15000
064403,正崴凱基01購01  ,0,0,0,0,0,0,0,0,0,15000,0,0,0,409000,394000,15000,15000
063803,世紀鋼凱基01購01,0,0,0,0,0,0,0,0,0,15000,0,0,0,50000,35000,15000,15000
063770,台灣50富邦03購01,0,0,0,0,0,0,0,0,0,15000,0,0,0,15000,0,15000,15000
063848,大立光元大9C購09,0,0,0,0,0,0,0,0,0,15000,0,0,0,66000,51000,15000,15000
063655,華通元富9B購01  ,0,0,0,0,0,0,0,0,0,15000,0,0,0,16000,1000,15000,15000
1457,宜進            ,30000,15000,15000,0,0,0,0,0,0,0,0,0,0,0,0,0,15000
08432P,台勝科凱基9C售02,0,0,0,0,0,0,0,0,0,15000,0,0,0,45000,30000,15000,15000
6165,捷泰            ,53000,38000,15000,0,0,0,0,0,0,0,0,0,0,0,0,0,15000
2739,寒舍            ,40000,25000,15000,0,0,0,0,0,0,0,0,0,0,0,0,0,15000
3004,豐達科          ,70000,55000,15000,0,0,0,0,0,0,0,0,0,0,0,0,0,15000
065664,矽格永豐9C購01  ,0,0,0,0,0,0,0,0,0,14000,0,0,0,77000,63000,14000,14000
066235,大毅富邦04購01  ,0,0,0,0,0,0,0,0,0,14000,0,0,0,20000,6000,14000,14000
066156,建準康和01購01  ,0,0,0,0,0,0,0,0,0,14000,0,0,0,14000,0,14000,14000
07027P,台積電群益99售04,0,0,0,0,0,0,0,0,0,14000,0,0,0,120000,106000,14000,14000
053413,台積電國票99購01,0,0,0,0,0,0,0,0,0,14000,0,0,0,14000,0,14000,14000
055438,鴻海國票98購01  ,0,0,0,0,0,0,0,0,0,14000,0,0,0,115000,101000,14000,14000
055443,台虹國票98購01  ,0,0,0,0,0,0,0,0,0,14000,0,0,0,14000,0,14000,14000
055332,奇力新兆豐98購01,0,0,0,0,0,0,0,0,0,14000,0,0,0,14000,0,14000,14000
057712,南亞科統一9A購01,0,0,0,0,0,0,0,0,0,14000,0,0,0,15000,1000,14000,14000
057394,台積電中信9C購02,0,0,0,0,0,0,0,0,0,14000,0,0,0,150000,136000,14000,14000
057317,技嘉凱基98購02  ,0,0,0,0,0,0,0,0,0,14000,0,0,0,74000,60000,14000,14000
057082,玉晶光統一9A購04,0,0,0,0,0,0,0,0,0,14000,0,0,0,14000,0,14000,14000
056602,嘉澤國泰99購01  ,0,0,0,0,0,0,0,0,0,14000,0,0,0,77000,63000,14000,14000
056501,貿聯富邦99購01  ,0,0,0,0,0,0,0,0,0,14000,0,0,0,14000,0,14000,14000
057175,美律元大98購03  ,0,0,0,0,0,0,0,0,0,14000,0,0,0,212000,198000,14000,14000
057906,福懋科中信99購01,0,0,0,0,0,0,0,0,0,14000,0,0,0,84000,70000,14000,14000
057957,嘉晶元大98購01  ,0,0,0,0,0,0,0,0,0,14000,0,0,0,15000,1000,14000,14000
060244,大立光元大9B購02,0,0,0,0,0,0,0,0,0,14000,0,0,0,75000,61000,14000,14000
060144,全新國票9B購01  ,0,0,0,0,0,0,0,0,0,14000,0,0,0,50000,36000,14000,14000
061698,智邦國票9A購04  ,0,0,0,0,0,0,0,0,0,14000,0,0,0,14000,0,14000,14000
059841,國巨富邦9C購01  ,0,0,0,0,0,0,0,0,0,14000,0,0,0,99000,85000,14000,14000
059121,瑞儀永豐99購01  ,0,0,0,0,0,0,0,0,0,14000,0,0,0,17000,3000,14000,14000
059721,旺宏元大99購16  ,0,0,0,0,0,0,0,0,0,14000,0,0,0,22000,8000,14000,14000
058796,可成元大99購04  ,0,0,0,0,0,0,0,0,0,14000,0,0,0,120000,106000,14000,14000
059067,上銀國票9A購02  ,0,0,0,0,0,0,0,0,0,14000,0,0,0,14000,0,14000,14000
061287,大立光統一9B購06,0,0,0,0,0,0,0,0,0,14000,0,0,0,23000,9000,14000,14000
057991,健策統一9C購01  ,0,0,0,0,0,0,0,0,0,14000,0,0,0,14000,0,14000,14000
060836,上銀國票9A購03  ,0,0,0,0,0,0,0,0,0,14000,0,0,0,24000,10000,14000,14000
060867,智伸科永豐9A購01,0,0,0,0,0,0,0,0,0,14000,0,0,0,20000,6000,14000,14000
058590,南電中信9A購02  ,0,0,0,0,0,0,0,0,0,14000,0,0,0,44000,30000,14000,14000
060650,奇力新中信9A購01,0,0,0,0,0,0,0,0,0,14000,0,0,0,14000,0,14000,14000
063798,台積電凱基02購03,0,0,0,0,0,0,0,0,0,14000,0,0,0,17000,3000,14000,14000
064774,聚陽群益9C購04  ,0,0,0,0,0,0,0,0,0,14000,0,0,0,85000,71000,14000,14000
064598,國巨元富9C購03  ,0,0,0,0,0,0,0,0,0,14000,0,0,0,31000,17000,14000,14000
062492,牧德第一9B購01  ,0,0,0,0,0,0,0,0,0,14000,0,0,0,14000,0,14000,14000
062872,華通兆豐9C購01  ,0,0,0,0,0,0,0,0,0,14000,0,0,0,14000,0,14000,14000
062792,臺股指元大9B購35,0,0,0,0,0,0,0,0,0,14000,0,0,0,14000,0,14000,14000
2849,安泰銀          ,18000,4000,14000,0,0,0,0,0,0,0,0,0,0,0,0,0,14000
6243,迅杰            ,42000,28000,14000,0,0,0,0,0,0,0,0,0,0,0,0,0,14000
4551,智伸科          ,227000,105000,122000,0,0,0,0,42000,-42000,-66000,0,54000,-54000,8000,20000,-12000,14000
1560,中砂            ,118000,126000,-8000,0,0,0,0,0,0,22000,22000,0,22000,0,0,0,14000
06698P,玉晶光國票99售05,0,0,0,0,0,0,0,0,0,13000,0,0,0,13000,0,13000,13000
08224P,臺股指凱基9B售19,0,0,0,0,0,0,0,0,0,13000,0,0,0,83000,70000,13000,13000
07920P,大立光中信01售01,0,0,0,0,0,0,0,0,0,13000,0,0,0,97000,84000,13000,13000
07975P,國巨元大9B售15  ,0,0,0,0,0,0,0,0,0,13000,0,0,0,17000,4000,13000,13000
065568,台積電群益01購04,0,0,0,0,0,0,0,0,0,13000,0,0,0,105000,92000,13000,13000
065412,金像電永豐9C購01,0,0,0,0,0,0,0,0,0,13000,0,0,0,40000,27000,13000,13000
059234,台灣50凱基9C購03,0,0,0,0,0,0,0,0,0,13000,0,0,0,13000,0,13000,13000
056855,祥碩中信98購02  ,0,0,0,0,0,0,0,0,0,13000,0,0,0,13000,0,13000,13000
053888,和大群益97購01  ,0,0,0,0,0,0,0,0,0,13000,0,0,0,13000,0,13000,13000
00700,富邦恒生國企    ,0,0,0,0,0,0,0,0,0,13000,0,0,0,84000,71000,13000,13000
00733,富邦臺灣中小    ,0,0,0,0,0,0,0,0,0,13000,0,0,0,227000,214000,13000,13000
060609,玉晶光凱基9B購01,0,0,0,0,0,0,0,0,0,13000,0,0,0,13000,0,13000,13000
060324,台積電群益9B購02,0,0,0,0,0,0,0,0,0,13000,0,0,0,13000,0,13000,13000
061142,南電統一9A購01  ,0,0,0,0,0,0,0,0,0,13000,0,0,0,59000,46000,13000,13000
058292,上銀凱基9A購01  ,0,0,0,0,0,0,0,0,0,13000,0,0,0,23000,10000,13000,13000
058298,聯茂凱基99購05  ,0,0,0,0,0,0,0,0,0,13000,0,0,0,31000,18000,13000,13000
061233,國巨元大9A購17  ,0,0,0,0,0,0,0,0,0,13000,0,0,0,14000,1000,13000,13000
061388,台積電群益9A購05,0,0,0,0,0,0,0,0,0,13000,0,0,0,13000,0,13000,13000
058603,台積電元大99購12,0,0,0,0,0,0,0,0,0,13000,0,0,0,13000,0,13000,13000
058970,鴻海永豐99購02  ,0,0,0,0,0,0,0,0,0,13000,0,0,0,18000,5000,13000,13000
058972,新日興永豐9A購01,0,0,0,0,0,0,0,0,0,13000,0,0,0,156000,143000,13000,13000
058977,SGBR2X凱基03購01,0,0,0,0,0,0,0,0,0,13000,0,0,0,13000,0,13000,13000
061856,台郡國票9B購02  ,0,0,0,0,0,0,0,0,0,13000,0,0,0,13000,0,13000,13000
062800,奇力新統一01購02,0,0,0,0,0,0,0,0,0,13000,0,0,0,16000,3000,13000,13000
062806,世芯統一02購01  ,0,0,0,0,0,0,0,0,0,13000,0,0,0,13000,0,13000,13000
063130,聯茂元大9B購02  ,0,0,0,0,0,0,0,0,0,13000,0,0,0,47000,34000,13000,13000
064514,喬山群益9C購01  ,0,0,0,0,0,0,0,0,0,13000,0,0,0,13000,0,13000,13000
063786,瑞昱中信06購01  ,0,0,0,0,0,0,0,0,0,13000,0,0,0,58000,45000,13000,13000
063894,漢唐群益9C購01  ,0,0,0,0,0,0,0,0,0,13000,0,0,0,19000,6000,13000,13000
1541,錩泰            ,23000,4000,19000,0,0,0,0,0,0,-6000,0,6000,-6000,0,0,0,13000
1783,和康生          ,104000,91000,13000,0,0,0,0,0,0,0,0,0,0,0,0,0,13000
2062,橋椿            ,169000,156000,13000,0,0,0,0,0,0,0,0,0,0,0,0,0,13000
08486P,富邦金群益9C售02,0,0,0,0,0,0,0,0,0,13000,0,0,0,20000,7000,13000,13000
08250P,GIS群益9C售02   ,0,0,0,0,0,0,0,0,0,13000,0,0,0,22000,9000,13000,13000
6206,飛捷            ,31000,17000,14000,0,0,0,0,0,0,-1000,0,1000,-1000,0,0,0,13000
4572,駐龍            ,26000,13000,13000,0,0,0,0,0,0,0,0,0,0,0,0,0,13000
065481,臻鼎元大9C購04  ,0,0,0,0,0,0,0,0,0,12000,0,0,0,401000,389000,12000,12000
065553,聯詠凱基9C購03  ,0,0,0,0,0,0,0,0,0,12000,0,0,0,101000,89000,12000,12000
065492,台灣50富邦03購02,0,0,0,0,0,0,0,0,0,12000,0,0,0,37000,25000,12000,12000
065008,TPK國票01購02   ,0,0,0,0,0,0,0,0,0,12000,0,0,0,12000,0,12000,12000
064815,台表科元大01購01,0,0,0,0,0,0,0,0,0,12000,0,0,0,148000,136000,12000,12000
07955P,大成鋼群益9B售02,0,0,0,0,0,0,0,0,0,12000,0,0,0,12000,0,12000,12000
08110P,臺股指中信01售05,0,0,0,0,0,0,0,0,0,12000,0,0,0,50000,38000,12000,12000
07875P,祥碩群益9B售01  ,0,0,0,0,0,0,0,0,0,12000,0,0,0,130000,118000,12000,12000
00706L,元大S&P日圓正2  ,0,0,0,0,0,0,0,0,0,12000,0,0,0,12000,0,12000,12000
00680L,元大美債20正2   ,0,0,0,0,0,0,0,0,0,12000,0,0,0,25000,13000,12000,12000
043642,元金2X國票97購01,0,0,0,0,0,0,0,0,0,12000,0,0,0,12000,0,12000,12000
051577,台積電元大97購03,0,0,0,0,0,0,0,0,0,12000,0,0,0,14000,2000,12000,12000
053827,漢唐麥證9A購01  ,0,0,0,12000,0,12000,0,0,0,12000,0,0,0,12000,0,12000,12000
054159,T50正2凱基99購01,0,0,0,0,0,0,0,0,0,12000,0,0,0,12000,0,12000,12000
054640,健策中信9B購01  ,0,0,0,0,0,0,0,0,0,12000,0,0,0,319000,307000,12000,12000
054626,建準凱基98購01  ,0,0,0,0,0,0,0,0,0,12000,0,0,0,36000,24000,12000,12000
054750,聯茂凱基98購02  ,0,0,0,0,0,0,0,0,0,12000,0,0,0,12000,0,12000,12000
057742,喬山永豐98購02  ,0,0,0,0,0,0,0,0,0,12000,0,0,0,12000,0,12000,12000
055220,緯穎凱基98購02  ,0,0,0,0,0,0,0,0,0,12000,0,0,0,12000,0,12000,12000
057665,技嘉元大99購01  ,0,0,0,0,0,0,0,0,0,12000,0,0,0,15000,3000,12000,12000
060503,技嘉元大9A購01  ,0,0,0,0,0,0,0,0,0,12000,0,0,0,12000,0,12000,12000
056526,力山凱基98購01  ,0,0,0,0,0,0,0,0,0,12000,0,0,0,12000,0,12000,12000
057079,台積電統一9A購02,0,0,0,0,0,0,0,0,0,12000,0,0,0,12000,0,12000,12000
056385,創意國泰99購01  ,0,0,0,0,0,0,0,0,0,12000,0,0,0,12000,0,12000,12000
056124,華通國票98購02  ,0,0,0,0,0,0,0,0,0,12000,0,0,0,12000,0,12000,12000
056164,聯茂凱基98購03  ,0,0,0,0,0,0,0,0,0,12000,0,0,0,73000,61000,12000,12000
057318,台光電凱基9A購01,0,0,0,0,0,0,0,0,0,12000,0,0,0,67000,55000,12000,12000
056904,大立光元大99購05,0,0,0,0,0,0,0,0,0,12000,0,0,0,60000,48000,12000,12000
061834,華新科凱基02購02,0,0,0,0,0,0,0,0,0,12000,0,0,0,90000,78000,12000,12000
061916,元金2X凱基02購01,0,0,0,0,0,0,0,0,0,12000,0,0,0,13000,1000,12000,12000
062153,智邦麥證9B購01  ,0,0,0,12000,0,12000,0,0,0,12000,0,0,0,12000,0,12000,12000
062156,美律凱基9B購01  ,0,0,0,0,0,0,0,0,0,12000,0,0,0,74000,62000,12000,12000
061708,同欣電國票9A購02,0,0,0,0,0,0,0,0,0,12000,0,0,0,67000,55000,12000,12000
061656,華新科國票9A購08,0,0,0,0,0,0,0,0,0,12000,0,0,0,12000,0,12000,12000
059691,大立光永豐99購02,0,0,0,0,0,0,0,0,0,12000,0,0,0,12000,0,12000,12000
059838,茂林國泰9B購01  ,0,0,0,0,0,0,0,0,0,12000,0,0,0,12000,0,12000,12000
059827,晶技凱基99購03  ,0,0,0,0,0,0,0,0,0,12000,0,0,0,12000,0,12000,12000
059996,美律元富99購01  ,0,0,0,0,0,0,0,0,0,12000,0,0,0,12000,0,12000,12000
061402,矽創兆豐9B購01  ,0,0,0,0,0,0,0,0,0,12000,0,0,0,22000,10000,12000,12000
061213,群創元大9A購05  ,0,0,0,0,0,0,0,0,0,12000,0,0,0,75000,63000,12000,12000
061355,康友元大9A購03  ,0,0,0,0,0,0,0,0,0,12000,0,0,0,17000,5000,12000,12000
058372,欣興凱基99購03  ,0,0,0,0,0,0,0,0,0,12000,0,0,0,12000,0,12000,12000
058704,台積電元大99購17,0,0,0,0,0,0,0,0,0,12000,0,0,0,12000,0,12000,12000
058654,鴻海中信03購01  ,0,0,0,0,0,0,0,0,0,12000,0,0,0,17000,5000,12000,12000
058118,瑞昱群益99購01  ,0,0,0,0,0,0,0,0,0,12000,0,0,0,12000,0,12000,12000
060943,宏達電國票9B購02,0,0,0,0,0,0,0,0,0,12000,0,0,0,12000,0,12000,12000
060596,元黃金凱基9A購02,0,0,0,0,0,0,0,0,0,12000,0,0,0,12000,0,12000,12000
06371P,茂林國票98售04  ,0,0,0,0,0,0,0,0,0,12000,0,0,0,12000,0,12000,12000
064603,和碩元富9C購01  ,0,0,0,0,0,0,0,0,0,12000,0,0,0,160000,148000,12000,12000
063116,大立光麥證9C購01,0,0,0,12000,0,12000,0,0,0,12000,0,0,0,12000,0,12000,12000
063023,華擎元大9B購02  ,0,0,0,0,0,0,0,0,0,12000,0,0,0,62000,50000,12000,12000
063385,可成中信9C購01  ,0,0,0,0,0,0,0,0,0,12000,0,0,0,14000,2000,12000,12000
062807,和碩統一9B購01  ,0,0,0,0,0,0,0,0,0,12000,0,0,0,32000,20000,12000,12000
062766,台郡凱基9B購02  ,0,0,0,0,0,0,0,0,0,12000,0,0,0,12000,0,12000,12000
062479,TPK國票9B購01   ,0,0,0,0,0,0,0,0,0,12000,0,0,0,12000,0,12000,12000
062471,國泰金凱基9B購02,0,0,0,0,0,0,0,0,0,12000,0,0,0,102000,90000,12000,12000
3057,喬鼎            ,28000,16000,12000,0,0,0,0,0,0,0,0,0,0,0,0,0,12000
2002A,中鋼特          ,0,0,0,0,0,0,0,0,0,12000,14000,2000,12000,0,0,0,12000
1474,弘裕            ,12000,0,12000,0,0,0,0,0,0,0,0,0,0,0,0,0,12000
1456,怡華            ,14000,2000,12000,0,0,0,0,0,0,0,0,0,0,0,0,0,12000
08687P,南六永豐01售02  ,0,0,0,0,0,0,0,0,0,12000,0,0,0,12000,0,12000,12000
07800P,華新科國泰9B售04,0,0,0,0,0,0,0,0,0,11000,0,0,0,35000,24000,11000,11000
06822P,上銀富邦99售03  ,0,0,0,0,0,0,0,0,0,11000,0,0,0,60000,49000,11000,11000
07094P,華通國票9A售03  ,0,0,0,0,0,0,0,0,0,11000,0,0,0,11000,0,11000,11000
066290,台塑化元大01購01,0,0,0,0,0,0,0,0,0,11000,0,0,0,25000,14000,11000,11000
064800,鴻海元大9C購12  ,0,0,0,0,0,0,0,0,0,11000,0,0,0,17000,6000,11000,11000
065620,金融類元大9C購03,0,0,0,0,0,0,0,0,0,11000,0,0,0,11000,0,11000,11000
056135,緯創元大98購01  ,0,0,0,0,0,0,0,0,0,11000,0,0,0,24000,13000,11000,11000
056598,京元電元富98購01,0,0,0,0,0,0,0,0,0,11000,0,0,0,16000,5000,11000,11000
057924,健策凱基98購02  ,0,0,0,0,0,0,0,0,0,11000,0,0,0,19000,8000,11000,11000
056745,聯茂凱基99購03  ,0,0,0,0,0,0,0,0,0,11000,0,0,0,26000,15000,11000,11000
060392,華擎群益9C購02  ,0,0,0,0,0,0,0,0,0,11000,0,0,0,11000,0,11000,11000
060245,聯陽元大9C購01  ,0,0,0,0,0,0,0,0,0,11000,0,0,0,11000,0,11000,11000
056865,樺漢群益98購01  ,0,0,0,0,0,0,0,0,0,11000,0,0,0,11000,0,11000,11000
054733,鴻海凱基98購04  ,0,0,0,0,0,0,0,0,0,11000,0,0,0,50000,39000,11000,11000
054555,欣興凱基98購01  ,0,0,0,0,0,0,0,0,0,11000,0,0,0,15000,4000,11000,11000
055931,冠德群益97購02  ,0,0,0,0,0,0,0,0,0,11000,0,0,0,11000,0,11000,11000
050142,聯發科元富9A購01,0,0,0,0,0,0,0,0,0,11000,0,0,0,11000,0,11000,11000
055591,全新元大98購01  ,0,0,0,0,0,0,0,0,0,11000,0,0,0,11000,0,11000,11000
052775,滬深2X國票99購02,0,0,0,0,0,0,0,0,0,11000,0,0,0,11000,0,11000,11000
061080,華邦電兆豐9B購01,0,0,0,0,0,0,0,0,0,11000,0,0,0,373000,362000,11000,11000
057985,華通元富02購03  ,0,0,0,0,0,0,0,0,0,11000,0,0,0,11000,0,11000,11000
061497,大立光國票9A購09,0,0,0,0,0,0,0,0,0,11000,0,0,0,11000,0,11000,11000
061474,瑞昱元大9A購04  ,0,0,0,0,0,0,0,0,0,11000,0,0,0,15000,4000,11000,11000
059862,全新群益99購04  ,0,0,0,0,0,0,0,0,0,11000,0,0,0,96000,85000,11000,11000
059889,華新科國票99購04,0,0,0,0,0,0,0,0,0,11000,0,0,0,26000,15000,11000,11000
059626,台積電凱基01購01,0,0,0,0,0,0,0,0,0,11000,0,0,0,11000,0,11000,11000
060185,聯發科元富04購01,0,0,0,0,0,0,0,0,0,11000,0,0,0,11000,0,11000,11000
061596,健策永豐9A購03  ,0,0,0,0,0,0,0,0,0,11000,0,0,0,32000,21000,11000,11000
061912,台積電中信05購05,0,0,0,0,0,0,0,0,0,11000,0,0,0,11000,0,11000,11000
061932,上銀國票9B購01  ,0,0,0,0,0,0,0,0,0,11000,0,0,0,22000,11000,11000,11000
062264,南六元大9B購02  ,0,0,0,0,0,0,0,0,0,11000,0,0,0,12000,1000,11000,11000
062187,台勝科元大9B購02,0,0,0,0,0,0,0,0,0,11000,0,0,0,100000,89000,11000,11000
062818,大立光兆豐9C購01,0,0,0,0,0,0,0,0,0,11000,0,0,0,12000,1000,11000,11000
062623,元金2X國票01購01,0,0,0,0,0,0,0,0,0,11000,0,0,0,11000,0,11000,11000
062660,神隆群益9B購02  ,0,0,0,0,0,0,0,0,0,11000,0,0,0,55000,44000,11000,11000
063300,華通凱基9B購05  ,0,0,0,0,0,0,0,0,0,11000,0,0,0,23000,12000,11000,11000
063452,創意統一01購01  ,0,0,0,0,0,0,0,0,0,11000,0,0,0,38000,27000,11000,11000
063524,瑞昱凱基9B購05  ,0,0,0,0,0,0,0,0,0,11000,0,0,0,11000,0,11000,11000
063566,台光電元大9B購08,0,0,0,0,0,0,0,0,0,11000,0,0,0,41000,30000,11000,11000
064597,鴻海元富9C購03  ,0,0,0,0,0,0,0,0,0,11000,0,0,0,91000,80000,11000,11000
064268,緯穎永豐9C購01  ,0,0,0,0,0,0,0,0,0,11000,0,0,0,20000,9000,11000,11000
063765,上銀元富9B購09  ,0,0,0,0,0,0,0,0,0,11000,0,0,0,11000,0,11000,11000
063879,台積電元富9C購01,0,0,0,0,0,0,0,0,0,11000,0,0,0,11000,0,11000,11000
063893,微星群益9C購01  ,0,0,0,0,0,0,0,0,0,11000,0,0,0,86000,75000,11000,11000
063693,智易永豐9B購02  ,0,0,0,0,0,0,0,0,0,11000,0,0,0,166000,155000,11000,11000
08293P,國巨元大9C售13  ,0,0,0,0,0,0,0,0,0,11000,0,0,0,11000,0,11000,11000
08504P,臺股指國票9C售06,0,0,0,0,0,0,0,0,0,11000,0,0,0,21000,10000,11000,11000
9905,大華            ,23000,12000,11000,0,0,0,0,0,0,0,0,0,0,0,0,0,11000
065629,台積電國票01購04,0,0,0,0,0,0,0,0,0,10000,0,0,0,10000,0,10000,10000
065579,南茂群益9C購02  ,0,0,0,0,0,0,0,0,0,10000,0,0,0,10000,0,10000,10000
065637,台灣50元大9C購50,0,0,0,0,0,0,0,0,0,10000,0,0,0,40000,30000,10000,10000
065705,嘉晶群益9C購05  ,0,0,0,0,0,0,0,0,0,10000,0,0,0,10000,0,10000,10000
065469,FBVIX元大9C購05 ,0,0,0,0,0,0,0,0,0,10000,0,0,0,10000,0,10000,10000
065428,旺宏凱基03購01  ,0,0,0,0,0,0,0,0,0,10000,0,0,0,10000,0,10000,10000
065438,緯穎凱基9C購04  ,0,0,0,0,0,0,0,0,0,10000,0,0,0,17000,7000,10000,10000
065969,台積電元大01購06,0,0,0,0,0,0,0,0,0,10000,0,0,0,60000,50000,10000,10000
065986,金像電永豐01購03,0,0,0,0,0,0,0,0,0,10000,0,0,0,10000,0,10000,10000
065926,金像電國票02購01,0,0,0,0,0,0,0,0,0,10000,0,0,0,10000,0,10000,10000
065890,台積電統一03購01,0,0,0,0,0,0,0,0,0,10000,0,0,0,15000,5000,10000,10000
065774,旭富國票01購01  ,0,0,0,0,0,0,0,0,0,10000,0,0,0,55000,45000,10000,10000
065009,勤誠國票01購01  ,0,0,0,0,0,0,0,0,0,10000,0,0,0,10000,0,10000,10000
065000,和大國票02購01  ,0,0,0,0,0,0,0,0,0,10000,0,0,0,58000,48000,10000,10000
064963,T50反1元大9C購09,0,0,0,0,0,0,0,0,0,10000,0,0,0,50000,40000,10000,10000
064949,南亞科凱基9C購01,0,0,0,0,0,0,0,0,0,10000,0,0,0,42000,32000,10000,10000
065063,玉晶光群益02購04,0,0,0,0,0,0,0,0,0,10000,0,0,0,33000,23000,10000,10000
065217,世芯國泰02購01  ,0,0,0,0,0,0,0,0,0,10000,0,0,0,10000,0,10000,10000
065187,聯發科統一02購02,0,0,0,0,0,0,0,0,0,10000,0,0,0,10000,0,10000,10000
065101,力成元大9C購05  ,0,0,0,0,0,0,0,0,0,10000,0,0,0,20000,10000,10000,10000
065302,聯發科元富03購04,0,0,0,0,0,0,0,0,0,10000,0,0,0,10000,0,10000,10000
065387,台光電兆豐9C購02,0,0,0,0,0,0,0,0,0,10000,0,0,0,10000,0,10000,10000
066231,友訊富邦02購01  ,0,0,0,0,0,0,0,0,0,10000,0,0,0,20000,10000,10000,10000
06615P,鴻海元大9C售02  ,0,0,0,0,0,0,0,0,0,10000,0,0,0,10000,0,10000,10000
066137,智易群益01購01  ,0,0,0,0,0,0,0,0,0,10000,0,0,0,10000,0,10000,10000
066028,嘉澤群益01購01  ,0,0,0,0,0,0,0,0,0,10000,0,0,0,10000,0,10000,10000
066020,東元群益01購01  ,0,0,0,0,0,0,0,0,0,10000,0,0,0,20000,10000,10000,10000
07129P,華新科元大99售14,0,0,0,0,0,0,0,0,0,10000,0,0,0,45000,35000,10000,10000
07110P,台灣50群益9B售03,0,0,0,0,0,0,0,0,0,10000,0,0,0,10000,0,10000,10000
07067P,旺宏台新99售02  ,0,0,0,0,0,0,0,0,0,10000,0,0,0,15000,5000,10000,10000
07218P,臺股指凱基99售31,0,0,0,0,0,0,0,0,0,10000,0,0,0,20000,10000,10000,10000
07197P,臺股指元大99售13,0,0,0,0,0,0,0,0,0,10000,0,0,0,10000,0,10000,10000
07050P,宏達電中信9B售01,0,0,0,0,0,0,0,0,0,10000,0,0,0,30000,20000,10000,10000
06914P,南茂元大98售03  ,0,0,0,0,0,0,0,0,0,10000,0,0,0,10000,0,10000,10000
06773P,台灣50兆豐9A售01,0,0,0,0,0,0,0,0,0,10000,0,0,0,10000,0,10000,10000
06744P,嘉聯益永豐98售03,0,0,0,0,0,0,0,0,0,10000,0,0,0,40000,30000,10000,10000
06653P,美食元大98售02  ,0,0,0,0,0,0,0,0,0,10000,0,0,0,10000,0,10000,10000
07856P,力成凱基9A售02  ,0,0,0,0,0,0,0,0,0,10000,0,0,0,10000,0,10000,10000
07746P,華新科凱基9A售11,0,0,0,0,0,0,0,0,0,10000,0,0,0,10000,0,10000,10000
07737P,華通永豐9A售01  ,0,0,0,0,0,0,0,0,0,10000,0,0,0,10000,0,10000,10000
07690P,華新科元大9A售15,0,0,0,0,0,0,0,0,0,10000,0,0,0,10000,0,10000,10000
07358P,鴻海元大99售39  ,0,0,0,0,0,0,0,0,0,10000,0,0,0,20000,10000,10000,10000
07400P,國巨凱基99售20  ,0,0,0,0,0,0,0,0,0,10000,0,0,0,10000,0,10000,10000
07299P,台灣50元大9C售13,0,0,0,0,0,0,0,0,0,10000,0,0,0,10000,0,10000,10000
07519P,臺股指元大9B售10,0,0,0,0,0,0,0,0,0,10000,0,0,0,10000,0,10000,10000
08104P,晶技元大9B售06  ,0,0,0,0,0,0,0,0,0,10000,0,0,0,20000,10000,10000,10000
08087P,聯發科凱基9B售12,0,0,0,0,0,0,0,0,0,10000,0,0,0,10000,0,10000,10000
07992P,玉晶光群益01售04,0,0,0,0,0,0,0,0,0,10000,0,0,0,39000,29000,10000,10000
08010P,大成鋼元大9B售01,0,0,0,0,0,0,0,0,0,10000,0,0,0,10000,0,10000,10000
052871,群創凱基98購07  ,0,0,0,0,0,0,0,0,0,10000,0,0,0,10000,0,10000,10000
052615,鴻海國泰98購01  ,0,0,0,0,0,0,0,0,0,10000,0,0,0,10000,0,10000,10000
052697,滬深2X國票98購01,0,0,0,0,0,0,0,0,0,10000,0,0,0,10000,0,10000,10000
053022,欣興國泰98購01  ,0,0,0,0,0,0,0,0,0,10000,0,0,0,10000,0,10000,10000
053217,群創凱基99購02  ,0,0,0,0,0,0,0,0,0,10000,0,0,0,10000,0,10000,10000
053152,大立光元大99購01,0,0,0,0,0,0,0,0,0,10000,0,0,0,10000,0,10000,10000
053236,群創永豐97購02  ,0,0,0,0,0,0,0,0,0,10000,0,0,0,10000,0,10000,10000
03669C,滬深2X元富09牛01,0,0,0,0,0,0,0,0,0,10000,0,0,0,10000,0,10000,10000
03604P,群創凱基98售05  ,0,0,0,0,0,0,0,0,0,10000,0,0,0,10000,0,10000,10000
00642U,元大S&P石油     ,0,20000,-20000,0,0,0,0,0,0,30000,0,0,0,47000,17000,30000,10000
052344,台表科凱基98購01,0,0,0,0,0,0,0,0,0,10000,0,0,0,10000,0,10000,10000
053368,京元電富邦98購01,0,0,0,0,0,0,0,0,0,10000,0,0,0,10000,0,10000,10000
055695,大毅國票98購03  ,0,0,0,0,0,0,0,0,0,10000,0,0,0,10000,0,10000,10000
055744,茂林元富97購02  ,0,0,0,0,0,0,0,0,0,10000,0,0,0,10000,0,10000,10000
055745,臻鼎元富97購01  ,0,0,0,0,0,0,0,0,0,10000,0,0,0,10000,0,10000,10000
053433,友達日盛99購06  ,0,0,0,0,0,0,0,0,0,10000,0,0,0,10000,0,10000,10000
053402,A50正2群益9A購02,0,0,0,0,0,0,0,0,0,10000,0,0,0,10000,0,10000,10000
053481,同欣電元大97購01,0,0,0,0,0,0,0,0,0,10000,0,0,0,10000,0,10000,10000
053505,瑞儀兆豐97購01  ,0,0,0,0,0,0,0,0,0,10000,0,0,0,10000,0,10000,10000
053587,京元電元大98購01,0,0,0,0,0,0,0,0,0,10000,0,0,0,10000,0,10000,10000
055844,大毅元大98購01  ,0,0,0,0,0,0,0,0,0,10000,0,0,0,10000,0,10000,10000
047482,新光金凱基99購03,0,0,0,0,0,0,0,0,0,10000,0,0,0,10000,0,10000,10000
049591,開發金元大98購01,0,0,0,0,0,0,0,0,0,10000,0,0,0,10000,0,10000,10000
055450,台積電元富97購01,0,0,0,0,0,0,0,0,0,10000,0,0,0,10000,0,10000,10000
051530,鴻海國票97購01  ,0,0,0,0,0,0,0,0,0,10000,0,0,0,10000,0,10000,10000
052112,滬深2X中信99購01,0,0,0,0,0,0,0,0,0,10000,0,0,0,10000,0,10000,10000
052113,漢唐中信98購01  ,0,0,0,0,0,0,0,0,0,10000,0,0,0,10000,0,10000,10000
052135,聯發科凱基9B購01,0,2000,-2000,0,0,0,0,0,0,12000,0,0,0,12000,0,12000,10000
054061,晶技國票97購03  ,0,0,0,0,0,0,0,0,0,10000,0,0,0,10000,0,10000,10000
055890,鴻海統一99購01  ,0,0,0,0,0,0,0,0,0,10000,0,0,0,10000,0,10000,10000
054150,國巨國泰97購05  ,0,0,0,0,0,0,0,0,0,10000,0,0,0,10000,0,10000,10000
054137,聯詠元大97購02  ,0,0,0,0,0,0,0,0,0,10000,0,0,0,10000,0,10000,10000
054170,泰鼎凱基98購01  ,0,0,0,0,0,0,0,0,0,10000,0,0,0,10000,0,10000,10000
054237,茂林群益97購01  ,0,0,0,0,0,0,0,0,0,10000,0,0,0,10000,0,10000,10000
054272,華通中信98購01  ,0,0,0,0,0,0,0,0,0,10000,0,0,0,56000,46000,10000,10000
054297,台郡元大98購01  ,0,0,0,0,0,0,0,0,0,10000,0,0,0,10000,0,10000,10000
054767,日電貿國票98購01,0,0,0,0,0,0,0,0,0,10000,0,0,0,10000,0,10000,10000
054772,康控國票98購02  ,0,0,0,0,0,0,0,0,0,10000,0,0,0,10000,0,10000,10000
05511P,T50反1台新06售01,0,0,0,0,0,0,0,0,0,10000,0,0,0,10000,0,10000,10000
055164,矽創元大98購01  ,0,0,0,0,0,0,0,0,0,10000,0,0,0,10000,0,10000,10000
057748,華通國票98購04  ,0,0,0,0,0,0,0,0,0,10000,0,0,0,10000,0,10000,10000
057221,華通國票98購03  ,0,0,0,0,0,0,0,0,0,10000,0,0,0,10000,0,10000,10000
057785,智邦國票99購02  ,0,0,0,0,0,0,0,0,0,10000,0,0,0,19000,9000,10000,10000
057261,瑞昱兆豐98購01  ,0,0,0,0,0,0,0,0,0,10000,0,0,0,10000,0,10000,10000
05722P,玉晶光國票97售03,0,0,0,0,0,0,0,0,0,10000,0,0,0,10000,0,10000,10000
057225,華新凱基98購01  ,0,0,0,0,0,0,0,0,0,10000,0,0,0,10000,0,10000,10000
057228,友達凱基9B購01  ,0,0,0,0,0,0,0,0,0,10000,0,0,0,10000,0,10000,10000
055330,上銀兆豐98購02  ,0,0,0,0,0,0,0,0,0,10000,0,0,0,10000,0,10000,10000
055338,GIS兆豐97購01   ,0,0,0,0,0,0,0,0,0,10000,0,0,0,10000,0,10000,10000
055304,瑞昱第一98購01  ,0,0,0,0,0,0,0,0,0,10000,0,0,0,10000,0,10000,10000
055426,旺宏群益99購02  ,0,0,0,0,0,0,0,0,0,10000,0,0,0,10000,0,10000,10000
056747,致新凱基99購01  ,0,0,0,0,0,0,0,0,0,10000,0,0,0,24000,14000,10000,10000
05537P,群創中信98售01  ,0,0,0,0,0,0,0,0,0,10000,0,0,0,10000,0,10000,10000
055376,群創元大01購01  ,0,0,0,0,0,0,0,0,0,10000,0,0,0,10000,0,10000,10000
055371,正崴元大97購02  ,0,0,0,0,0,0,0,0,0,10000,0,0,0,10000,0,10000,10000
055385,昇陽半元大98購01,0,0,0,0,0,0,0,0,0,10000,0,0,0,10000,0,10000,10000
055390,國巨統一98購03  ,0,0,0,0,0,0,0,0,0,10000,0,0,0,30000,20000,10000,10000
059263,瑞昱中信01購01  ,0,0,0,0,0,0,0,0,0,10000,0,0,0,10000,0,10000,10000
060220,華新科凱基9A購08,0,0,0,0,0,0,0,0,0,10000,0,0,0,10000,0,10000,10000
059244,聯發科凱基99購13,0,0,0,0,0,0,0,0,0,10000,0,0,0,10000,0,10000,10000
058512,宏達電元大99購04,0,0,0,0,0,0,0,0,0,10000,0,0,0,102000,92000,10000,10000
060461,鴻海元大9A購09  ,0,0,0,0,0,0,0,0,0,10000,0,0,0,15000,5000,10000,10000
057149,京鼎國票99購02  ,0,0,0,0,0,0,0,0,0,10000,0,0,0,10000,0,10000,10000
057151,易華電國票99購01,0,0,0,0,0,0,0,0,0,10000,0,0,0,20000,10000,10000,10000
057927,勤誠凱基98購01  ,0,0,0,0,0,0,0,0,0,10000,0,0,0,15000,5000,10000,10000
057919,技嘉凱基98購03  ,0,0,0,0,0,0,0,0,0,10000,0,0,0,10000,0,10000,10000
057904,矽力永豐98購01  ,0,0,0,0,0,0,0,0,0,10000,0,0,0,10000,0,10000,10000
057909,台光電兆豐98購01,0,0,0,0,0,0,0,0,0,10000,0,0,0,10000,0,10000,10000
057936,健策群益99購01  ,0,0,0,0,0,0,0,0,0,10000,0,0,0,12000,2000,10000,10000
057937,神達群益98購02  ,0,0,0,0,0,0,0,0,0,10000,0,0,0,11000,1000,10000,10000
056601,鈺齊元富98購01  ,0,0,0,0,0,0,0,0,0,10000,0,0,0,10000,0,10000,10000
056624,景碩永豐98購01  ,0,0,0,0,0,0,0,0,0,10000,0,0,0,10000,0,10000,10000
056632,鴻海永昌98購01  ,0,0,0,0,0,0,0,0,0,10000,0,0,0,10000,0,10000,10000
056680,華通統一98購04  ,0,0,0,0,0,0,0,0,0,10000,0,0,0,10000,0,10000,10000
056641,華通凱基98購03  ,0,0,0,0,0,0,0,0,0,10000,0,0,0,10000,0,10000,10000
056544,貿聯凱基98購03  ,0,0,0,0,0,0,0,0,0,10000,0,0,0,10000,0,10000,10000
056492,全新國泰9A購01  ,0,0,0,0,0,0,0,0,0,10000,0,0,0,10000,0,10000,10000
056498,A50正2富邦9B購01,0,0,0,0,0,0,0,0,0,10000,0,0,0,10000,0,10000,10000
056133,可成元大97購05  ,0,0,0,0,0,0,0,0,0,10000,0,0,0,10000,0,10000,10000
056137,聯鈞元大9A購01  ,0,0,0,0,0,0,0,0,0,10000,0,0,0,10000,0,10000,10000
056182,台光電統一97購03,0,0,0,0,0,0,0,0,0,10000,0,0,0,10000,0,10000,10000
056245,嘉澤群益97購01  ,0,0,0,0,0,0,0,0,0,10000,0,0,0,10000,0,10000,10000
056250,瑞昱兆豐97購02  ,0,0,0,0,0,0,0,0,0,10000,0,0,0,10000,0,10000,10000
056104,義隆永豐97購01  ,0,0,0,0,0,0,0,0,0,10000,0,0,0,10000,0,10000,10000
056071,創意元大97購02  ,0,0,0,0,0,0,0,0,0,10000,0,0,0,10000,0,10000,10000
056080,世紀鋼元大97購03,0,0,0,0,0,0,0,0,0,10000,0,0,0,10000,0,10000,10000
056061,國泰金元大97購02,0,0,0,0,0,0,0,0,0,10000,0,0,0,149000,139000,10000,10000
056940,嘉聯益元富98購01,0,0,0,0,0,0,0,0,0,10000,0,0,0,10000,0,10000,10000
056926,日月光兆豐98購01,0,0,0,0,0,0,0,0,0,10000,0,0,0,10000,0,10000,10000
056358,友訊元大99購01  ,0,0,0,0,0,0,0,0,0,10000,0,0,0,10000,0,10000,10000
056454,欣興凱基98購02  ,0,0,0,0,0,0,0,0,0,10000,0,0,0,10000,0,10000,10000
056455,群創凱基9A購01  ,0,0,0,0,0,0,0,0,0,10000,0,0,0,252000,242000,10000,10000
056444,南亞科凱基99購01,0,0,0,0,0,0,0,0,0,10000,0,0,0,10000,0,10000,10000
056410,康控國票99購01  ,0,0,0,0,0,0,0,0,0,10000,0,0,0,10000,0,10000,10000
056319,智原群益98購02  ,0,0,0,0,0,0,0,0,0,10000,0,0,0,20000,10000,10000,10000
056323,旺宏兆豐98購01  ,0,0,0,0,0,0,0,0,0,10000,0,0,0,10000,0,10000,10000
056325,群創兆豐9A購01  ,0,0,0,0,0,0,0,0,0,10000,0,0,0,10000,0,10000,10000
057092,健策元富98購01  ,0,0,0,0,0,0,0,0,0,10000,0,0,0,10000,0,10000,10000
057093,臻鼎元富98購02  ,0,0,0,0,0,0,0,0,0,10000,0,0,0,20000,10000,10000,10000
057078,國巨統一9A購02  ,0,0,0,0,0,0,0,0,0,10000,0,0,0,10000,0,10000,10000
056905,欣興元大98購03  ,0,0,0,0,0,0,0,0,0,10000,0,0,0,20000,10000,10000,10000
057858,T50正2康和98購01,0,0,0,0,0,0,0,0,0,10000,0,0,0,10000,0,10000,10000
057833,聯發科元富02購06,0,0,0,0,0,0,0,0,0,10000,0,0,0,10000,0,10000,10000
057842,緯穎富邦99購02  ,0,0,0,0,0,0,0,0,0,10000,0,0,0,10000,0,10000,10000
057603,樺漢群益98購02  ,0,0,0,0,0,0,0,0,0,10000,0,0,0,30000,20000,10000,10000
057423,台郡凱基98購06  ,0,0,0,0,0,0,0,0,0,10000,0,0,0,81000,71000,10000,10000
057431,京鼎兆豐98購02  ,0,0,0,0,0,0,0,0,0,10000,0,0,0,10000,0,10000,10000
061939,中租國票9B購01  ,0,0,0,0,0,0,0,0,0,10000,0,0,0,10000,0,10000,10000
061927,玉晶光凱基9C購01,0,0,0,0,0,0,0,0,0,10000,0,0,0,10000,0,10000,10000
061955,FANG+統一9B購01 ,0,0,0,0,0,0,0,0,0,10000,0,0,0,10000,0,10000,10000
061950,日月光群益9B購01,0,0,0,0,0,0,0,0,0,10000,0,0,0,10000,0,10000,10000
061951,南電群益9B購01  ,0,0,0,0,0,0,0,0,0,10000,0,0,0,10000,0,10000,10000
062007,台光電國泰9C購01,0,0,0,0,0,0,0,0,0,10000,0,0,0,10000,0,10000,10000
061994,瑞儀元大9B購01  ,0,0,0,0,0,0,0,0,0,10000,0,0,0,13000,3000,10000,10000
062150,南六國票9B購01  ,0,0,0,0,0,0,0,0,0,10000,0,0,0,10000,0,10000,10000
062144,華通國票9B購01  ,0,0,0,0,0,0,0,0,0,10000,0,0,0,10000,0,10000,10000
062142,喬山國票9B購01  ,0,0,0,0,0,0,0,0,0,10000,0,0,0,10000,0,10000,10000
061559,南亞科國票9A購02,0,0,0,0,0,0,0,0,0,10000,0,0,0,10000,0,10000,10000
060166,佐登永豐9A購01  ,0,0,0,0,0,0,0,0,0,10000,0,0,0,10000,0,10000,10000
060202,康友元富9A購01  ,0,0,0,0,0,0,0,0,0,10000,0,0,0,20000,10000,10000,10000
060110,茂林元大99購06  ,0,0,0,0,0,0,0,0,0,10000,0,0,0,10000,0,10000,10000
059634,可成凱基99購07  ,0,0,0,0,0,0,0,0,0,10000,0,0,0,10000,0,10000,10000
059624,鴻海凱基01購01  ,0,0,0,0,0,0,0,0,0,10000,0,0,0,10000,0,10000,10000
059186,華通富邦9A購01  ,0,0,0,0,0,0,0,0,0,10000,0,0,0,10000,0,10000,10000
059117,禾伸堂永豐99購01,0,0,0,0,0,0,0,0,0,10000,0,0,0,20000,10000,10000,10000
059109,台積電富邦9C購03,0,0,0,0,0,0,0,0,0,10000,0,0,0,10000,0,10000,10000
059131,國巨群益99購07  ,0,0,0,0,0,0,0,0,0,10000,0,0,0,11000,1000,10000,10000
059681,華新科國泰9B購02,0,0,0,0,0,0,0,0,0,10000,0,0,0,10000,0,10000,10000
059683,康控富邦9C購01  ,0,0,0,0,0,0,0,0,0,10000,0,0,0,10000,0,10000,10000
059699,華通凱基99購04  ,0,0,0,0,0,0,0,0,0,10000,0,0,0,10000,0,10000,10000
059705,華新科凱基9A購07,0,0,0,0,0,0,0,0,0,10000,0,0,0,22000,12000,10000,10000
059708,立積凱基9A購02  ,0,0,0,0,0,0,0,0,0,10000,0,0,0,10000,0,10000,10000
059671,滬深2X元富99購05,0,0,0,0,0,0,0,0,0,10000,0,0,0,10000,0,10000,10000
059641,群創凱基99購06  ,0,0,0,0,0,0,0,0,0,10000,0,0,0,75000,65000,10000,10000
059761,國巨永豐99購06  ,0,0,0,0,0,0,0,0,0,10000,0,0,0,12000,2000,10000,10000
059820,南亞科凱基99購07,0,0,0,0,0,0,0,0,0,10000,0,0,0,10000,0,10000,10000
059913,台積電元大99購44,0,0,0,0,0,0,0,0,0,10000,0,0,0,10000,0,10000,10000
059935,國巨永豐99購07  ,0,0,0,0,0,0,0,0,0,10000,0,0,0,10000,0,10000,10000
059871,義隆凱基99購03  ,0,0,0,0,0,0,0,0,0,10000,0,0,0,10000,0,10000,10000
059876,智易凱基99購02  ,0,0,0,0,0,0,0,0,0,10000,0,0,0,10000,0,10000,10000
059847,喬山永豐99購01  ,0,0,0,0,0,0,0,0,0,10000,0,0,0,10000,0,10000,10000
060008,華邦電群益9A購01,0,0,0,0,0,0,0,0,0,10000,0,0,0,10000,0,10000,10000
060054,華新科凱基9B購04,0,0,0,0,0,0,0,0,0,10000,0,0,0,70000,60000,10000,10000
060055,宏達電凱基99購06,0,0,0,0,0,0,0,0,0,10000,0,0,0,42000,32000,10000,10000
060085,華通元大99購10  ,0,0,0,0,0,0,0,0,0,10000,0,0,0,10000,0,10000,10000
058959,南茂國票9A購01  ,0,0,0,0,0,0,0,0,0,10000,0,0,0,10000,0,10000,10000
058837,SGBR2X中信9C購01,0,0,0,0,0,0,0,0,0,10000,0,0,0,10000,0,10000,10000
058910,泰鼎元大99購03  ,0,0,0,0,0,0,0,0,0,10000,0,0,0,10000,0,10000,10000
059036,可成群益9B購03  ,0,0,0,0,0,0,0,0,0,10000,0,0,0,10000,0,10000,10000
058820,致茂國泰9B購01  ,0,0,0,0,0,0,0,0,0,10000,0,0,0,10000,0,10000,10000
058826,台積電永豐99購02,0,0,0,0,0,0,0,0,0,10000,0,0,0,10000,0,10000,10000
058848,台積電群益99購07,0,0,0,0,0,0,0,0,0,10000,0,0,0,10000,0,10000,10000
058876,南電國票9A購02  ,0,0,0,0,0,0,0,0,0,10000,0,0,0,212000,202000,10000,10000
058855,台積電兆豐99購02,0,0,0,0,0,0,0,0,0,10000,0,0,0,10000,0,10000,10000
058731,貿聯永豐99購02  ,0,0,0,0,0,0,0,0,0,10000,0,0,0,10000,0,10000,10000
059498,滬深2X元富9C購06,0,0,0,0,0,0,0,0,0,10000,0,0,0,10000,0,10000,10000
058611,欣興元大99購06  ,0,0,0,0,0,0,0,0,0,10000,0,0,0,67000,57000,10000,10000
061421,台積電元大9A購29,0,0,0,0,0,0,0,0,0,10000,0,0,0,10000,0,10000,10000
061468,神達群益9A購01  ,0,0,0,0,0,0,0,0,0,10000,0,0,0,12000,2000,10000,10000
061464,瑞昱群益9A購01  ,0,0,0,0,0,0,0,0,0,10000,0,0,0,10000,0,10000,10000
061452,大成鋼凱基9A購01,0,0,0,0,0,0,0,0,0,10000,0,0,0,20000,10000,10000,10000
061366,台勝科國票9A購01,0,0,0,0,0,0,0,0,0,10000,0,0,0,20000,10000,10000,10000
061225,台積電中信9A購04,0,0,0,0,0,0,0,0,0,10000,0,0,0,10000,0,10000,10000
057988,鈺齊元富98購02  ,0,0,0,0,0,0,0,0,0,10000,0,0,0,10000,0,10000,10000
058672,可成群益9B購02  ,0,0,0,0,0,0,0,0,0,10000,0,0,0,10000,0,10000,10000
058063,旺宏中信98購04  ,0,0,0,0,0,0,0,0,0,10000,0,0,0,10000,0,10000,10000
058078,景碩國票99購01  ,0,0,0,0,0,0,0,0,0,10000,0,0,0,14000,4000,10000,10000
058408,華通兆豐99購02  ,0,0,0,0,0,0,0,0,0,10000,0,0,0,20000,10000,10000,10000
058386,A50正2國票9B購01,0,0,0,0,0,0,0,0,0,10000,0,0,0,10000,0,10000,10000
058305,華邦電元大99購02,0,0,0,0,0,0,0,0,0,10000,0,0,0,10000,0,10000,10000
061062,和大凱基9A購02  ,0,0,0,0,0,0,0,0,0,10000,0,0,0,10000,0,10000,10000
061001,智邦兆豐9B購01  ,0,0,0,0,0,0,0,0,0,10000,0,0,0,10000,0,10000,10000
060991,京鼎元大9A購01  ,0,0,0,0,0,0,0,0,0,10000,0,0,0,10000,0,10000,10000
060932,南六永豐9A購02  ,0,0,0,0,0,0,0,0,0,10000,0,0,0,26000,16000,10000,10000
060898,世芯凱基9A購03  ,0,0,0,0,0,0,0,0,0,10000,0,0,0,10000,0,10000,10000
060841,宏達電國票9B購01,0,0,0,0,0,0,0,0,0,10000,0,0,0,10000,0,10000,10000
060554,中租凱基9A購01  ,0,0,0,0,0,0,0,0,0,10000,0,0,0,10000,0,10000,10000
060320,元金2X群益02購01,0,0,0,0,0,0,0,0,0,10000,0,0,0,10000,0,10000,10000
060667,力成凱基9A購01  ,0,0,0,0,0,0,0,0,0,10000,0,0,0,20000,10000,10000,10000
059327,南茂元大99購01  ,0,0,0,0,0,0,0,0,0,10000,0,0,0,12000,2000,10000,10000
059343,宏達電凱基99購04,0,0,0,0,0,0,0,0,0,10000,0,0,0,51000,41000,10000,10000
059459,訊芯永豐99購04  ,0,0,0,0,0,0,0,0,0,10000,0,0,0,10000,0,10000,10000
059434,全新元大99購05  ,0,0,0,0,0,0,0,0,0,10000,0,0,0,10000,0,10000,10000
059406,台灣50國票9A購08,0,0,0,0,0,0,0,0,0,10000,0,0,0,10000,0,10000,10000
058529,S&P正2元富9B購01,0,0,0,0,0,0,0,0,0,10000,0,0,0,10000,0,10000,10000
063608,力成凱基9B購03  ,0,0,0,0,0,0,0,0,0,10000,0,0,0,10000,0,10000,10000
063616,上銀兆豐9C購01  ,0,0,0,0,0,0,0,0,0,10000,0,0,0,10000,0,10000,10000
063835,滬深2X元大01購04,0,0,0,0,0,0,0,0,0,10000,0,0,0,10000,0,10000,10000
063785,華通中信06購02  ,0,0,0,0,0,0,0,0,0,10000,0,0,0,10000,0,10000,10000
063745,喬山國票9C購01  ,0,0,0,0,0,0,0,0,0,10000,0,0,0,10000,0,10000,10000
063898,旭富群益9C購01  ,0,0,0,0,0,0,0,0,0,10000,0,0,0,10000,0,10000,10000
064001,華通凱基02購01  ,0,0,0,0,0,0,0,0,0,10000,0,0,0,25000,15000,10000,10000
06405P,億光元富97售02  ,0,0,0,0,0,0,0,0,0,10000,0,0,0,10000,0,10000,10000
064124,台積電元大9C購10,0,0,0,0,0,0,0,0,0,10000,0,0,0,10000,0,10000,10000
064161,世芯統一01購02  ,0,0,0,0,0,0,0,0,0,10000,0,0,0,10000,0,10000,10000
064275,台光電元大9C購03,0,0,0,0,0,0,0,0,0,10000,0,0,0,11000,1000,10000,10000
064515,中橡群益9C購01  ,0,0,0,0,0,0,0,0,0,10000,0,0,0,10000,0,10000,10000
064533,技嘉國票01購01  ,0,0,0,0,0,0,0,0,0,10000,0,0,0,10000,0,10000,10000
064762,致伸凱基9C購02  ,0,0,0,0,0,0,0,0,0,10000,0,0,0,10000,0,10000,10000
064711,國喬統一02購01  ,0,0,0,0,0,0,0,0,0,10000,0,0,0,58000,48000,10000,10000
063531,台表科凱基9B購04,0,0,0,0,0,0,0,0,0,10000,0,0,0,10000,0,10000,10000
063499,金像電永豐9B購03,0,0,0,0,0,0,0,0,0,10000,0,0,0,10000,0,10000,10000
063416,台積電凱基9B購10,0,0,0,0,0,0,0,0,0,10000,0,0,0,19000,9000,10000,10000
063417,金像電凱基9B購03,0,0,0,0,0,0,0,0,0,10000,0,0,0,82000,72000,10000,10000
063312,台積電群益9B購07,0,0,0,0,0,0,0,0,0,10000,0,0,0,22000,12000,10000,10000
063329,健策國票9C購01  ,0,0,0,0,0,0,0,0,0,10000,0,0,0,10000,0,10000,10000
063279,國巨元大9C購05  ,0,0,0,0,0,0,0,0,0,10000,0,0,0,11000,1000,10000,10000
063395,金像電群益9B購02,0,0,0,0,0,0,0,0,0,10000,0,0,0,10000,0,10000,10000
063409,GIS國票9C購02   ,0,0,0,0,0,0,0,0,0,10000,0,0,0,10000,0,10000,10000
063033,台積電凱基9B購09,0,0,0,0,0,0,0,0,0,10000,0,0,0,10000,0,10000,10000
063037,聯發科凱基9C購02,0,0,0,0,0,0,0,0,0,10000,0,0,0,20000,10000,10000,10000
063047,大立光兆豐9B購03,0,0,0,0,0,0,0,0,0,10000,0,0,0,10000,0,10000,10000
062956,同欣電永豐9B購02,0,0,0,0,0,0,0,0,0,10000,0,0,0,10000,0,10000,10000
062945,世芯國泰01購01  ,0,0,0,0,0,0,0,0,0,10000,0,0,0,10000,0,10000,10000
062935,華通凱基9C購02  ,0,0,0,0,0,0,0,0,0,10000,0,0,0,11000,1000,10000,10000
063114,南電兆豐9B購01  ,0,0,0,0,0,0,0,0,0,10000,0,0,0,10000,0,10000,10000
063199,台積電統一01購07,0,0,0,0,0,0,0,0,0,10000,0,0,0,10000,0,10000,10000
063234,國巨元大9C購03  ,0,0,0,0,0,0,0,0,0,10000,0,0,0,26000,16000,10000,10000
063228,聯茂群益9B購01  ,0,0,0,0,0,0,0,0,0,10000,0,0,0,10000,0,10000,10000
062625,華通國票9B購02  ,0,0,0,0,0,0,0,0,0,10000,0,0,0,10000,0,10000,10000
062768,南電凱基9B購04  ,0,0,0,0,0,0,0,0,0,10000,0,0,0,65000,55000,10000,10000
062758,國巨凱基9B購09  ,0,0,0,0,0,0,0,0,0,10000,0,0,0,13000,3000,10000,10000
062902,智邦元大9B購07  ,0,0,0,0,0,0,0,0,0,10000,0,0,0,21000,11000,10000,10000
062913,創意元大9B購02  ,0,0,0,0,0,0,0,0,0,10000,0,0,0,10000,0,10000,10000
062322,元金2X統一01購01,0,0,0,0,0,0,0,0,0,10000,0,0,0,10000,0,10000,10000
062320,南電凱基9B購03  ,0,0,0,0,0,0,0,0,0,10000,0,0,0,60000,50000,10000,10000
062306,華通凱基9B購01  ,0,0,0,0,0,0,0,0,0,10000,0,0,0,26000,16000,10000,10000
062330,可成統一9B購03  ,0,0,0,0,0,0,0,0,0,10000,0,0,0,10000,0,10000,10000
062348,聯發科群益9B購06,0,0,0,0,0,0,0,0,0,10000,0,0,0,10000,0,10000,10000
062340,力成麥證9B購01  ,0,0,0,48000,38000,10000,0,0,0,10000,0,0,0,48000,38000,10000,10000
062420,台積電統一9C購08,0,0,0,0,0,0,0,0,0,10000,0,0,0,10000,0,10000,10000
062421,台積電統一9C購09,0,0,0,0,0,0,0,0,0,10000,0,0,0,10000,0,10000,10000
911868,同方友友-DR     ,10000,0,10000,0,0,0,0,0,0,0,0,0,0,0,0,0,10000
08571P,台積電兆豐9C售06,0,0,0,0,0,0,0,0,0,10000,0,0,0,50000,40000,10000,10000
08487P,同欣電群益01售01,0,0,0,0,0,0,0,0,0,10000,0,0,0,20000,10000,10000,10000
08498P,大立光國票01售02,0,0,0,0,0,0,0,0,0,10000,0,0,0,10000,0,10000,10000
3583,辛耘            ,87000,77000,10000,0,0,0,0,0,0,0,0,0,0,0,0,0,10000
6409,旭隼            ,101000,90000,11000,0,0,0,0,0,0,-1000,0,1000,-1000,0,0,0,10000
07964P,大立光統一9B售12,0,0,0,0,0,0,0,0,0,9000,0,0,0,90000,81000,9000,9000
07579P,聯茂元大9A售01  ,0,0,0,0,0,0,0,0,0,9000,0,0,0,17000,8000,9000,9000
07162P,臺股指群益99售13,0,0,0,0,0,0,0,0,0,9000,0,0,0,120000,111000,9000,9000
066185,松翰凱基01購01  ,0,0,0,0,0,0,0,0,0,9000,0,0,0,10000,1000,9000,9000
066286,瑞祺元大01購01  ,0,0,0,0,0,0,0,0,0,9000,0,0,0,9000,0,9000,9000
066272,聯陽元大01購01  ,0,0,0,0,0,0,0,0,0,9000,0,0,0,174000,165000,9000,9000
064982,新唐元大9C購01  ,0,0,0,0,0,0,0,0,0,9000,0,0,0,236000,227000,9000,9000
065725,技嘉凱基9C購03  ,0,0,0,0,0,0,0,0,0,9000,0,0,0,27000,18000,9000,9000
065414,立積永豐9C購01  ,0,0,0,0,0,0,0,0,0,9000,0,0,0,239000,230000,9000,9000
057465,智易永豐98購02  ,0,0,0,0,0,0,0,0,0,9000,0,0,0,9000,0,9000,9000
057467,祥碩永豐98購04  ,0,0,0,0,0,0,0,0,0,9000,0,0,0,9000,0,9000,9000
056113,新日興兆豐98購01,0,0,0,0,0,0,0,0,0,9000,0,0,0,197000,188000,9000,9000
056494,緯創國泰99購01  ,0,0,0,0,0,0,0,0,0,9000,0,0,0,9000,0,9000,9000
057954,宏碁元大99購01  ,0,0,0,0,0,0,0,0,0,9000,0,0,0,29000,20000,9000,9000
060505,友達元大9C購05  ,0,0,0,0,0,0,0,0,0,9000,0,0,0,27000,18000,9000,9000
058443,T50正2富邦01購01,0,0,0,0,0,0,0,0,0,9000,0,0,0,12000,3000,9000,9000
056746,超眾凱基99購01  ,0,0,0,0,0,0,0,0,0,9000,0,0,0,19000,10000,9000,9000
055323,貿聯國票98購01  ,0,0,0,0,0,0,0,0,0,9000,0,0,0,10000,1000,9000,9000
055256,日電貿統一99購01,0,0,0,0,0,0,0,0,0,9000,0,0,0,54000,45000,9000,9000
057724,亞德客國泰99購01,0,0,0,0,0,0,0,0,0,9000,0,0,0,10000,1000,9000,9000
051603,深中小群益99購03,0,0,0,0,0,0,0,0,0,9000,0,0,0,30000,21000,9000,9000
049759,元黃金富邦9A購01,0,0,0,0,0,0,0,0,0,9000,0,0,0,9000,0,9000,9000
055851,智原元大98購01  ,0,0,0,0,0,0,0,0,0,9000,0,0,0,9000,0,9000,9000
053573,臺股指統一99購01,0,0,0,0,0,0,0,0,0,9000,0,0,0,39000,30000,9000,9000
00710B,FH彭博高收益債  ,0,0,0,0,0,0,0,0,0,9000,0,0,0,129000,120000,9000,9000
059320,華新科元大99購15,0,0,0,0,0,0,0,0,0,9000,0,0,0,10000,1000,9000,9000
060708,康友富邦9B購01  ,0,0,0,0,0,0,0,0,0,9000,0,0,0,21000,12000,9000,9000
060843,大立光國票9A購06,0,0,0,0,0,0,0,0,0,9000,0,0,0,9000,0,9000,9000
060877,華邦電中信02購01,0,0,0,0,0,0,0,0,0,9000,0,0,0,10000,1000,9000,9000
058027,鴻海富邦98購04  ,0,0,0,0,0,0,0,0,0,9000,0,0,0,9000,0,9000,9000
061364,國巨國票9A購09  ,0,0,0,0,0,0,0,0,0,9000,0,0,0,30000,21000,9000,9000
061436,上銀凱基9A購07  ,0,0,0,0,0,0,0,0,0,9000,0,0,0,10000,1000,9000,9000
059571,奇力新凱基99購06,0,0,0,0,0,0,0,0,0,9000,0,0,0,10000,1000,9000,9000
058739,喬山中信99購01  ,0,0,0,0,0,0,0,0,0,9000,0,0,0,50000,41000,9000,9000
058801,致伸元大99購01  ,0,0,0,0,0,0,0,0,0,9000,0,0,0,20000,11000,9000,9000
058947,SGBR2X群益9B購02,0,0,0,0,0,0,0,0,0,9000,0,0,0,179000,170000,9000,9000
059675,大立光元富99購08,0,0,0,0,0,0,0,0,0,9000,0,0,0,11000,2000,9000,9000
059123,訊芯永豐99購03  ,0,0,0,0,0,0,0,0,0,9000,0,0,0,96000,87000,9000,9000
060215,柏文康和9A購01  ,0,0,0,0,0,0,0,0,0,9000,0,0,0,9000,0,9000,9000
061949,大立光群益9B購03,0,0,0,0,0,0,0,0,0,9000,0,0,0,9000,0,9000,9000
063067,緯穎麥證9B購01  ,0,0,0,9000,0,9000,0,0,0,9000,0,0,0,9000,0,9000,9000
063331,瑞儀國票9C購01  ,0,0,0,0,0,0,0,0,0,9000,0,0,0,9000,0,9000,9000
063453,創意統一9C購01  ,0,0,0,0,0,0,0,0,0,9000,0,0,0,43000,34000,9000,9000
064259,矽格富邦9C購01  ,0,0,0,0,0,0,0,0,0,9000,0,0,0,20000,11000,9000,9000
064349,泰鼎元大9C購02  ,0,0,0,0,0,0,0,0,0,9000,0,0,0,524000,515000,9000,9000
064333,義隆元大9C購02  ,0,0,0,0,0,0,0,0,0,9000,0,0,0,11000,2000,9000,9000
064458,玉晶光統一01購09,0,0,0,0,0,0,0,0,0,9000,0,0,0,33000,24000,9000,9000
064439,大立光凱基03購02,0,0,0,0,0,0,0,0,0,9000,0,0,0,10000,1000,9000,9000
063925,祥碩元富9C購01  ,0,0,0,0,0,0,0,0,0,9000,0,0,0,9000,0,9000,9000
063627,上銀元大9B購09  ,0,0,0,0,0,0,0,0,0,9000,0,0,0,94000,85000,9000,9000
1203,味王            ,20000,11000,9000,0,0,0,0,0,0,0,0,0,0,0,0,0,9000
8021,尖點            ,354000,345000,9000,0,0,0,0,0,0,0,0,0,0,0,0,0,9000
065827,正崴凱基9C購01  ,0,0,0,0,0,0,0,0,0,8000,0,0,0,302000,294000,8000,8000
065076,中橡元大9C購01  ,0,0,0,0,0,0,0,0,0,8000,0,0,0,8000,0,8000,8000
065093,新日興元大9C購03,0,0,0,0,0,0,0,0,0,8000,0,0,0,94000,86000,8000,8000
065263,國泰金元大9C購02,0,0,0,0,0,0,0,0,0,8000,0,0,0,8000,0,8000,8000
06613P,華新科富邦9A售03,0,0,0,0,0,0,0,0,0,8000,0,0,0,20000,12000,8000,8000
066038,台積電元大01購07,0,0,0,0,0,0,0,0,0,8000,0,0,0,8000,0,8000,8000
07028P,大立光群益99售06,0,0,0,0,0,0,0,0,0,8000,0,0,0,8000,0,8000,8000
06729P,聯詠元大98售03  ,0,0,0,0,0,0,0,0,0,8000,0,0,0,8000,0,8000,8000
07675P,全新永豐9A售02  ,0,0,0,0,0,0,0,0,0,8000,0,0,0,28000,20000,8000,8000
00711B,FH彭博新興債    ,3000,10000,-7000,0,0,0,0,0,0,15000,0,0,0,119000,104000,15000,8000
01003T,兆豐新光R1      ,14000,6000,8000,0,0,0,0,0,0,0,0,0,0,0,0,0,8000
020008,元大特股高息N   ,0,0,0,0,0,0,0,0,0,8000,0,0,0,11000,3000,8000,8000
00675L,富邦臺灣加權正2 ,124000,115000,9000,0,0,0,0,0,0,-1000,0,0,0,28000,29000,-1000,8000
035275,台積電台新97購01,0,0,0,0,0,0,0,0,0,8000,0,0,0,8000,0,8000,8000
056881,台灣50康和9A購01,0,0,0,0,0,0,0,0,0,8000,0,0,0,8000,0,8000,8000
057650,力成元大98購04  ,0,0,0,0,0,0,0,0,0,8000,0,0,0,8000,0,8000,8000
056776,聯茂元大99購01  ,0,0,0,0,0,0,0,0,0,8000,0,0,0,36000,28000,8000,8000
054842,台達電兆豐98購01,0,0,0,0,0,0,0,0,0,8000,0,0,0,12000,4000,8000,8000
054169,上緯控凱基98購01,0,0,0,0,0,0,0,0,0,8000,0,0,0,18000,10000,8000,8000
056092,亞德客元富97購02,0,0,0,0,0,0,0,0,0,8000,0,0,0,10000,2000,8000,8000
056171,鴻海元富97購10  ,0,0,0,0,0,0,0,0,0,8000,0,0,0,8000,0,8000,8000
062116,元金2X第一9B購01,0,0,0,0,0,0,0,0,0,8000,0,0,0,20000,12000,8000,8000
062104,上証2X國票9B購03,0,0,0,0,0,0,0,0,0,8000,0,0,0,12000,4000,8000,8000
061705,健策國票9A購06  ,0,0,0,0,0,0,0,0,0,8000,0,0,0,8000,0,8000,8000
061810,S&P反1群益9B購02,0,0,0,0,0,0,0,0,0,8000,0,0,0,8000,0,8000,8000
060059,鴻海兆豐99購06  ,0,0,0,0,0,0,0,0,0,8000,0,0,0,13000,5000,8000,8000
059887,華新科國票99購02,0,0,0,0,0,0,0,0,0,8000,0,0,0,8000,0,8000,8000
058955,台積電國票9A購04,0,0,0,0,0,0,0,0,0,8000,0,0,0,61000,53000,8000,8000
059027,神達台新99購02  ,0,0,0,0,0,0,0,0,0,8000,0,0,0,8000,0,8000,8000
059005,嘉晶元大99購06  ,0,0,0,0,0,0,0,0,0,8000,0,0,0,11000,3000,8000,8000
061400,可成兆豐9B購02  ,0,0,0,0,0,0,0,0,0,8000,0,0,0,14000,6000,8000,8000
058635,華新科兆豐99購03,0,0,0,0,0,0,0,0,0,8000,0,0,0,10000,2000,8000,8000
061324,華新科凱基9C購01,0,0,0,0,0,0,0,0,0,8000,0,0,0,10000,2000,8000,8000
058267,奇鋐永豐99購01  ,0,0,0,0,0,0,0,0,0,8000,0,0,0,98000,90000,8000,8000
058349,滬深2X日盛9A購01,0,0,0,0,0,0,0,0,0,8000,0,0,0,18000,10000,8000,8000
060786,聯發科富邦9B購06,0,0,0,0,0,0,0,0,0,8000,0,0,0,8000,0,8000,8000
060788,嘉晶富邦9B購01  ,0,0,0,0,0,0,0,0,0,8000,0,0,0,8000,0,8000,8000
060693,台積電麥證9A購02,0,0,0,8000,0,8000,0,0,0,8000,0,0,0,8000,0,8000,8000
060566,聯詠富邦9C購01  ,0,0,0,0,0,0,0,0,0,8000,0,0,0,8000,0,8000,8000
058520,智易元大99購03  ,0,0,0,0,0,0,0,0,0,8000,0,0,0,436000,428000,8000,8000
063632,金像電元大9B購04,0,0,0,0,0,0,0,0,0,8000,0,0,0,8000,0,8000,8000
063942,台積電元大01購03,0,0,0,0,0,0,0,0,0,8000,0,0,0,8000,0,8000,8000
063945,京元電元大9C購01,0,0,0,0,0,0,0,0,0,8000,0,0,0,20000,12000,8000,8000
064101,可成群益01購01  ,0,0,0,0,0,0,0,0,0,8000,0,0,0,8000,0,8000,8000
064260,矽創富邦9C購01  ,0,0,0,0,0,0,0,0,0,8000,0,0,0,108000,100000,8000,8000
063462,金像電元大9C購01,0,0,0,0,0,0,0,0,0,8000,0,0,0,26000,18000,8000,8000
063512,聯發科麥證9B購02,0,0,0,8000,0,8000,0,0,0,8000,0,0,0,8000,0,8000,8000
062920,康友元大9B購01  ,0,0,0,0,0,0,0,0,0,8000,0,0,0,34000,26000,8000,8000
062233,神隆凱基9B購01  ,0,0,0,0,0,0,0,0,0,8000,0,0,0,8000,0,8000,8000
062782,聯發科元大9B購12,0,0,0,0,0,0,0,0,0,8000,0,0,0,8000,0,8000,8000
062630,全新國票9B購02  ,0,0,0,0,0,0,0,0,0,8000,0,0,0,40000,32000,8000,8000
062637,智易國票9B購01  ,0,0,0,0,0,0,0,0,0,8000,0,0,0,10000,2000,8000,8000
062551,緯穎永豐9B購02  ,0,0,0,0,0,0,0,0,0,8000,0,0,0,10000,2000,8000,8000
1517,利奇            ,54000,45000,9000,0,0,0,0,0,0,-1000,0,1000,-1000,0,0,0,8000
3591,艾笛森          ,11000,4000,7000,0,0,0,0,0,0,1000,1000,0,1000,0,0,0,8000
2881B,富邦金乙特      ,0,0,0,0,0,0,0,0,0,8000,8000,0,8000,0,0,0,8000
2630,亞航            ,9000,0,9000,0,0,0,0,0,0,-1000,0,1000,-1000,0,0,0,8000
2539,櫻花建          ,40000,31000,9000,0,0,0,0,0,0,-1000,0,1000,-1000,0,0,0,8000
07948P,大成鋼凱基9B售01,0,0,0,0,0,0,0,0,0,7000,0,0,0,27000,20000,7000,7000
066070,金像電凱基01購03,0,0,0,0,0,0,0,0,0,7000,0,0,0,96000,89000,7000,7000
066133,京元電群益01購01,0,0,0,0,0,0,0,0,0,7000,0,0,0,10000,3000,7000,7000
065130,奇鋐兆豐9C購01  ,0,0,0,0,0,0,0,0,0,7000,0,0,0,12000,5000,7000,7000
065126,世芯永豐9C購02  ,0,0,0,0,0,0,0,0,0,7000,0,0,0,43000,36000,7000,7000
065192,臺股指統一9C購03,0,0,0,0,0,0,0,0,0,7000,0,0,0,7000,0,7000,7000
065443,智邦統一9C購03  ,0,0,0,0,0,0,0,0,0,7000,0,0,0,149000,142000,7000,7000
065672,嘉晶凱基01購01  ,0,0,0,0,0,0,0,0,0,7000,0,0,0,37000,30000,7000,7000
057054,立積元大98購03  ,0,0,0,0,0,0,0,0,0,7000,0,0,0,7000,0,7000,7000
057311,玉晶光日盛9A購01,0,0,0,0,0,0,0,0,0,7000,0,0,0,7000,0,7000,7000
057558,致新凱基98購01  ,0,0,0,0,0,0,0,0,0,7000,0,0,0,10000,3000,7000,7000
058471,台積電日盛9C購01,0,0,0,0,0,0,0,0,0,7000,0,0,0,70000,63000,7000,7000
060399,康友國票9A購02  ,0,0,0,0,0,0,0,0,0,7000,0,0,0,20000,13000,7000,7000
056658,美食元大98購01  ,0,0,0,0,0,0,0,0,0,7000,0,0,0,12000,5000,7000,7000
054466,欣興凱基97購03  ,0,0,0,0,0,0,0,0,0,7000,0,0,0,7000,0,7000,7000
0057,富邦摩台        ,0,0,0,0,0,0,0,0,0,7000,0,0,0,32000,25000,7000,7000
01002T,土銀國泰R1      ,17000,10000,7000,0,0,0,0,0,0,0,0,0,0,0,0,0,7000
052095,彩晶元大97購01  ,0,0,0,0,0,0,0,0,0,7000,0,0,0,7000,0,7000,7000
060350,元黃金元富9B購01,0,0,0,0,0,0,0,0,0,7000,0,0,0,7000,0,7000,7000
059391,立積凱基9A購01  ,0,0,0,0,0,0,0,0,0,7000,0,0,0,17000,10000,7000,7000
060879,華新科中信9A購02,0,0,0,0,0,0,0,0,0,7000,0,0,0,100000,93000,7000,7000
060874,中鋼中信02購01  ,0,0,0,0,0,0,0,0,0,7000,0,0,0,9000,2000,7000,7000
061145,臻鼎中信9A購02  ,0,0,0,0,0,0,0,0,0,7000,0,0,0,40000,33000,7000,7000
058694,鈺齊國票9A購02  ,0,0,0,0,0,0,0,0,0,7000,0,0,0,10000,3000,7000,7000
058278,FBVIX中信03購02 ,0,0,0,0,0,0,0,0,0,7000,0,0,0,8000,1000,7000,7000
061254,道瓊反凱基9A購02,0,0,0,0,0,0,0,0,0,7000,0,0,0,7000,0,7000,7000
061431,鈺齊元大9A購01  ,0,0,0,0,0,0,0,0,0,7000,0,0,0,25000,18000,7000,7000
058952,南茂群益99購01  ,0,0,0,0,0,0,0,0,0,7000,0,0,0,28000,21000,7000,7000
060051,台積電凱基9B購01,0,0,0,0,0,0,0,0,0,7000,0,0,0,11000,4000,7000,7000
059166,友達凱基99購05  ,0,0,0,0,0,0,0,0,0,7000,0,0,0,57000,50000,7000,7000
059680,台積電國泰9A購03,0,0,0,0,0,0,0,0,0,7000,0,0,0,9000,2000,7000,7000
061689,國巨群益9A購12  ,0,0,0,0,0,0,0,0,0,7000,0,0,0,16000,9000,7000,7000
061568,國巨元大9A購25  ,0,0,0,0,0,0,0,0,0,7000,0,0,0,52000,45000,7000,7000
062629,聯發科國票9C購01,0,0,0,0,0,0,0,0,0,7000,0,0,0,10000,3000,7000,7000
062669,微星中信03購01  ,0,0,0,0,0,0,0,0,0,7000,0,0,0,27000,20000,7000,7000
062455,鴻海群益9C購01  ,0,0,0,0,0,0,0,0,0,7000,0,0,0,24000,17000,7000,7000
062462,GIS群益9B購01   ,0,0,0,0,0,0,0,0,0,7000,0,0,0,40000,33000,7000,7000
063241,聯發科元大9B購18,0,0,0,0,0,0,0,0,0,7000,0,0,0,7000,0,7000,7000
063327,燿華國票9C購02  ,0,0,0,0,0,0,0,0,0,7000,0,0,0,10000,3000,7000,7000
063318,京鼎群益9C購02  ,0,0,0,0,0,0,0,0,0,7000,0,0,0,42000,35000,7000,7000
063374,嘉澤永豐9B購04  ,0,0,0,0,0,0,0,0,0,7000,0,0,0,7000,0,7000,7000
064254,景碩台新9C購02  ,0,0,0,0,0,0,0,0,0,7000,0,0,0,7000,0,7000,7000
064237,奇鋐統一01購01  ,0,0,0,0,0,0,0,0,0,7000,0,0,0,10000,3000,7000,7000
064644,台光電凱基9C購01,0,0,0,0,0,0,0,0,0,7000,0,0,0,12000,5000,7000,7000
064043,台積電統一9C購10,0,0,0,0,0,0,0,0,0,7000,0,0,0,67000,60000,7000,7000
064073,南電永豐9C購01  ,0,0,0,0,0,0,0,0,0,7000,0,0,0,12000,5000,7000,7000
063981,貿聯兆豐9C購01  ,0,0,0,0,0,0,0,0,0,7000,0,0,0,55000,48000,7000,7000
064031,玉晶光元大02購01,0,0,0,0,0,0,0,0,0,7000,0,0,0,7000,0,7000,7000
063731,台積電元大9B購10,0,0,0,0,0,0,0,0,0,7000,0,0,0,140000,133000,7000,7000
063790,南亞科台新9C購01,0,0,0,0,0,0,0,0,0,7000,0,0,0,23000,16000,7000,7000
2701,萬企            ,7000,0,7000,0,0,0,0,0,0,0,0,0,0,0,0,0,7000
4426,利勤            ,220000,210000,10000,0,0,0,0,0,0,-3000,0,0,0,0,3000,-3000,7000
6164,華興            ,12000,5000,7000,0,0,0,0,0,0,0,0,0,0,0,0,0,7000
1533,車王電          ,30000,23000,7000,0,0,0,0,0,0,0,0,0,0,0,0,0,7000
08628P,微星中信9C售01  ,0,0,0,0,0,0,0,0,0,7000,0,0,0,30000,23000,7000,7000
8374,羅昇            ,16000,9000,7000,0,0,0,0,0,0,0,0,0,0,0,0,0,7000
3661,世芯-KY         ,171000,148450,22550,0,0,0,0,11000,-11000,-5000,1000,5000,-4000,6000,7000,-1000,6550
065806,貿聯群益9C購05  ,0,0,0,0,0,0,0,0,0,6000,0,0,0,66000,60000,6000,6000
065209,國泰金國票01購01,0,0,0,0,0,0,0,0,0,6000,0,0,0,6000,0,6000,6000
06862P,大立光凱基98售16,0,0,0,0,0,0,0,0,0,6000,0,0,0,6000,0,6000,6000
06926P,可成群益9A售04  ,0,0,0,0,0,0,0,0,0,6000,0,0,0,6000,0,6000,6000
08114P,國巨凱基9B售11  ,0,0,0,0,0,0,0,0,0,6000,0,0,0,6000,0,6000,6000
08176P,國巨元大9B售20  ,0,0,0,0,0,0,0,0,0,6000,0,0,0,11000,5000,6000,6000
07674P,金融類元大9A售01,0,0,0,0,0,0,0,0,0,6000,0,0,0,6000,0,6000,6000
053593,晶技元大98購01  ,0,0,0,0,0,0,0,0,0,6000,0,0,0,8000,2000,6000,6000
055853,群創元大98購03  ,0,0,0,0,0,0,0,0,0,6000,0,0,0,6000,0,6000,6000
053506,南茂兆豐97購01  ,0,0,0,0,0,0,0,0,0,6000,0,0,0,6000,0,6000,6000
053566,大立光富邦99購03,0,0,0,0,0,0,0,0,0,6000,0,0,0,6000,0,6000,6000
00735,國泰臺韓科技    ,0,0,0,0,0,0,0,0,0,6000,0,0,0,224000,218000,6000,6000
03674C,臺股指元富9C牛02,0,0,0,0,0,0,0,0,0,6000,0,0,0,6000,0,6000,6000
054743,聯鈞凱基99購01  ,0,0,0,0,0,0,0,0,0,6000,0,0,0,46000,40000,6000,6000
056768,宏達電元大99購03,0,0,0,0,0,0,0,0,0,6000,0,0,0,302000,296000,6000,6000
056830,友達富邦99購01  ,0,0,0,0,0,0,0,0,0,6000,0,0,0,6000,0,6000,6000
055382,台郡元大99購01  ,0,0,0,0,0,0,0,0,0,6000,0,0,0,6000,0,6000,6000
057270,遠東新元大98購01,0,0,0,0,0,0,0,0,0,6000,0,0,0,6000,0,6000,6000
057787,TPK國票99購01   ,0,0,0,0,0,0,0,0,0,6000,0,0,0,6000,0,6000,6000
056519,創意國票99購01  ,0,0,0,0,0,0,0,0,0,6000,0,0,0,8000,2000,6000,6000
056548,瀚宇博凱基98購02,0,0,0,0,0,0,0,0,0,6000,0,0,0,75000,69000,6000,6000
057947,和碩國票99購01  ,0,0,0,0,0,0,0,0,0,6000,0,0,0,6000,0,6000,6000
057135,立積凱基98購01  ,0,0,0,0,0,0,0,0,0,6000,0,0,0,26000,20000,6000,6000
057167,台積電元大99購03,0,0,0,0,0,0,0,0,0,6000,0,0,0,11000,5000,6000,6000
060502,國巨元大9A購07  ,0,0,0,0,0,0,0,0,0,6000,0,0,0,16000,10000,6000,6000
060510,大立光元大9A購03,0,0,0,0,0,0,0,0,0,6000,0,0,0,16000,10000,6000,6000
060279,SP黃豆元大9A購01,0,0,0,0,0,0,0,0,0,6000,0,0,0,6000,0,6000,6000
057575,世紀鋼永豐98購02,0,0,0,0,0,0,0,0,0,6000,0,0,0,30000,24000,6000,6000
056253,京鼎兆豐98購01  ,0,0,0,0,0,0,0,0,0,6000,0,0,0,6000,0,6000,6000
061520,健策中信9A購01  ,0,0,0,0,0,0,0,0,0,6000,0,0,0,6000,0,6000,6000
060083,和大元大99購02  ,0,0,0,0,0,0,0,0,0,6000,0,0,0,6000,0,6000,6000
061717,力成凱基9B購01  ,0,0,0,0,0,0,0,0,0,6000,0,0,0,16000,10000,6000,6000
06212P,華新科元大97售11,0,0,0,0,0,0,0,0,0,6000,0,0,0,6000,0,6000,6000
059688,燿華永豐99購01  ,0,0,0,0,0,0,0,0,0,6000,0,0,0,6000,0,6000,6000
059790,立積元大9C購02  ,0,0,0,0,0,0,0,0,0,6000,0,0,0,6000,0,6000,6000
059785,美律元大9A購03  ,0,0,0,0,0,0,0,0,0,6000,0,0,0,6000,0,6000,6000
059129,麗豐中信99購01  ,0,0,0,0,0,0,0,0,0,6000,0,0,0,26000,20000,6000,6000
060052,宏碁凱基99購01  ,0,0,0,0,0,0,0,0,0,6000,0,0,0,6000,0,6000,6000
059833,緯穎康和99購01  ,0,0,0,0,0,0,0,0,0,6000,0,0,0,6000,0,6000,6000
058764,康友群益99購01  ,0,0,0,0,0,0,0,0,0,6000,0,0,0,98000,92000,6000,6000
05953P,台積電國票98售02,0,0,0,0,0,0,0,0,0,6000,0,0,0,26000,20000,6000,6000
061507,南電國票9A購05  ,0,0,0,0,0,0,0,0,0,6000,0,0,0,206000,200000,6000,6000
058282,聯茂中信99購01  ,0,0,0,0,0,0,0,0,0,6000,0,0,0,26000,20000,6000,6000
058334,鴻海元富99購05  ,0,0,0,0,0,0,0,0,0,6000,0,0,0,28000,22000,6000,6000
058335,鴻海元富99購06  ,0,0,0,0,0,0,0,0,0,6000,0,0,0,6000,0,6000,6000
058174,台積電凱基9A購05,0,0,0,0,0,0,0,0,0,6000,0,0,0,36000,30000,6000,6000
061154,可成群益9B購04  ,0,0,0,0,0,0,0,0,0,6000,0,0,0,9000,3000,6000,6000
061024,南電國泰9B購01  ,0,0,0,0,0,0,0,0,0,6000,0,0,0,6000,0,6000,6000
060831,T50反1國票9B購03,0,0,0,0,0,0,0,0,0,6000,0,0,0,6000,0,6000,6000
060327,美律群益9A購02  ,0,0,0,0,0,0,0,0,0,6000,0,0,0,6000,0,6000,6000
063597,健策中信9B購02  ,0,0,0,0,0,0,0,0,0,6000,0,0,0,64000,58000,6000,6000
064058,儒鴻麥證01購01  ,0,0,0,6000,0,6000,0,0,0,6000,0,0,0,6000,0,6000,6000
063962,台達電國票01購01,0,0,0,0,0,0,0,0,0,6000,0,0,0,6000,0,6000,6000
064076,台積電中信06購02,0,0,0,0,0,0,0,0,0,6000,0,0,0,6000,0,6000,6000
064130,創意元大9C購02  ,0,0,0,0,0,0,0,0,0,6000,0,0,0,219000,213000,6000,6000
064606,南電元富9C購03  ,0,0,0,0,0,0,0,0,0,6000,0,0,0,6000,0,6000,6000
064690,台光電群益9C購02,0,0,0,0,0,0,0,0,0,6000,0,0,0,61000,55000,6000,6000
063461,金像電元大9B購03,0,0,0,0,0,0,0,0,0,6000,0,0,0,6000,0,6000,6000
063214,康控國票9C購01  ,0,0,0,0,0,0,0,0,0,6000,0,0,0,6000,0,6000,6000
062983,緯穎元富9B購01  ,0,0,0,0,0,0,0,0,0,6000,0,0,0,6000,0,6000,6000
062231,台光電麥證9C購01,0,0,0,6000,0,6000,0,0,0,6000,0,0,0,6000,0,6000,6000
062305,遠東新凱基9B購01,0,0,0,0,0,0,0,0,0,6000,0,0,0,6000,0,6000,6000
062753,台積電麥證9B購01,0,0,0,45000,39000,6000,0,0,0,6000,0,0,0,45000,39000,6000,6000
062873,國巨兆豐9C購01  ,0,0,0,0,0,0,0,0,0,6000,0,0,0,7000,1000,6000,6000
062863,聯茂國票9B購01  ,0,0,0,0,0,0,0,0,0,6000,0,0,0,46000,40000,6000,6000
062864,臺股指國票9B購21,0,0,0,0,0,0,0,0,0,6000,0,0,0,16000,10000,6000,6000
3025,星通            ,32000,26000,6000,0,0,0,0,0,0,0,0,0,0,0,0,0,6000
1235,興泰            ,10000,4000,6000,0,0,0,0,0,0,0,0,0,0,0,0,0,6000
9912,偉聯            ,6000,0,6000,0,0,0,0,0,0,0,0,0,0,0,0,0,6000
07852P,臺股指國票9A售13,0,0,0,0,0,0,0,0,0,5000,0,0,0,5000,0,5000,5000
07829P,旺宏凱基9A售07  ,0,0,0,0,0,0,0,0,0,5000,0,0,0,5000,0,5000,5000
08248P,旺宏群益9C售02  ,0,0,0,0,0,0,0,0,0,5000,0,0,0,5000,0,5000,5000
08126P,臺指反元大02售15,0,0,0,0,0,0,0,0,0,5000,0,0,0,5000,0,5000,5000
07150P,和碩元大99售01  ,0,0,0,0,0,0,0,0,0,5000,0,0,0,15000,10000,5000,5000
07143P,FBVIX元大99售02 ,0,0,0,0,0,0,0,0,0,5000,0,0,0,20000,15000,5000,5000
06797P,臺股指凱基98售07,0,0,0,0,0,0,0,0,0,5000,0,0,0,8000,3000,5000,5000
066165,大毅凱基01購01  ,0,0,0,0,0,0,0,0,0,5000,0,0,0,31000,26000,5000,5000
066069,英業達凱基02購01,0,0,0,0,0,0,0,0,0,5000,0,0,0,25000,20000,5000,5000
066076,台勝科凱基01購02,0,0,0,0,0,0,0,0,0,5000,0,0,0,5000,0,5000,5000
065364,國巨元大9C購18  ,0,0,0,0,0,0,0,0,0,5000,0,0,0,81000,76000,5000,5000
065037,緯穎統一02購02  ,0,0,0,0,0,0,0,0,0,5000,0,0,0,5000,0,5000,5000
065053,南電凱基02購01  ,0,0,0,0,0,0,0,0,0,5000,0,0,0,33000,28000,5000,5000
064946,台積電凱基01購07,0,0,0,0,0,0,0,0,0,5000,0,0,0,7000,2000,5000,5000
064992,玉晶光兆豐01購01,0,0,0,0,0,0,0,0,0,5000,0,0,0,5000,0,5000,5000
065749,友訊元大9C購03  ,0,0,0,0,0,0,0,0,0,5000,0,0,0,107000,102000,5000,5000
065958,T50反1元大01購01,0,0,0,0,0,0,0,0,0,5000,0,0,0,5000,0,5000,5000
065574,創意群益9C購04  ,0,0,0,0,0,0,0,0,0,5000,0,0,0,5000,0,5000,5000
065565,神隆群益01購01  ,0,0,0,0,0,0,0,0,0,5000,0,0,0,10000,5000,5000,5000
056947,國巨統一9A購01  ,0,0,0,0,0,0,0,0,0,5000,0,0,0,20000,15000,5000,5000
057096,緯穎元富98購01  ,0,0,0,0,0,0,0,0,0,5000,0,0,0,15000,10000,5000,5000
056317,華通群益99購02  ,0,0,0,0,0,0,0,0,0,5000,0,0,0,45000,40000,5000,5000
056404,嘉聯益群益9A購01,0,0,0,0,0,0,0,0,0,5000,0,0,0,80000,75000,5000,5000
056442,瑞昱凱基98購02  ,0,0,0,0,0,0,0,0,0,5000,0,0,0,5000,0,5000,5000
057604,鴻海統一9C購01  ,0,0,0,0,0,0,0,0,0,5000,0,0,0,5000,0,5000,5000
057862,智邦凱基99購01  ,0,0,0,0,0,0,0,0,0,5000,0,0,0,11000,6000,5000,5000
056915,上銀兆豐99購01  ,0,0,0,0,0,0,0,0,0,5000,0,0,0,5000,0,5000,5000
057342,玉晶光台新98購01,0,0,0,0,0,0,0,0,0,5000,0,0,0,5000,0,5000,5000
057363,華通元大99購02  ,0,0,0,0,0,0,0,0,0,5000,0,0,0,5000,0,5000,5000
057364,國巨元大98購18  ,0,0,0,0,0,0,0,0,0,5000,0,0,0,8000,3000,5000,5000
059210,鴻海元大99購26  ,0,0,0,0,0,0,0,0,0,5000,0,0,0,35000,30000,5000,5000
059217,台積電元大99購30,0,0,0,0,0,0,0,0,0,5000,0,0,0,5000,0,5000,5000
060527,台積電中信9C購04,0,0,0,0,0,0,0,0,0,5000,0,0,0,5000,0,5000,5000
058429,欣興元富99購01  ,0,0,0,0,0,0,0,0,0,5000,0,0,0,27000,22000,5000,5000
056569,T50正2元大9B購02,0,0,0,0,0,0,0,0,0,5000,0,0,0,5000,0,5000,5000
057201,華擎元富98購01  ,0,0,0,0,0,0,0,0,0,5000,0,0,0,9000,4000,5000,5000
057272,台積電元大98購14,0,0,0,0,0,0,0,0,0,5000,0,0,0,25000,20000,5000,5000
057733,嘉聯益國泰99購01,0,0,0,0,0,0,0,0,0,5000,0,0,0,56000,51000,5000,5000
05473P,聯詠統一97售02  ,0,0,0,0,0,0,0,0,0,5000,0,0,0,5000,0,5000,5000
054766,智原國票98購01  ,0,0,0,0,0,0,0,0,0,5000,0,0,0,15000,10000,5000,5000
054783,國巨群益98購04  ,0,0,0,0,0,0,0,0,0,5000,0,0,0,5000,0,5000,5000
054425,聯發科富邦99購03,0,0,0,0,0,0,0,0,0,5000,0,0,0,105000,100000,5000,5000
054519,禾伸堂元大97購02,0,0,0,0,0,0,0,0,0,5000,0,0,0,5000,0,5000,5000
054786,全新群益99購02  ,0,0,0,0,0,0,0,0,0,5000,0,0,0,5000,0,5000,5000
054803,味全元大9A購01  ,0,0,0,0,0,0,0,0,0,5000,0,0,0,173000,168000,5000,5000
054349,同欣電國票97購02,0,0,0,0,0,0,0,0,0,5000,0,0,0,5000,0,5000,5000
054208,台積電國票97購07,0,0,0,0,0,0,0,0,0,5000,0,0,0,15000,10000,5000,5000
054138,晶技元大98購02  ,0,0,0,0,0,0,0,0,0,5000,0,0,0,10000,5000,5000,5000
054156,聯電亞東98購01  ,0,0,0,0,0,0,0,0,0,5000,0,0,0,24000,19000,5000,5000
055935,創意群益97購02  ,0,0,0,0,0,0,0,0,0,5000,0,0,0,6000,1000,5000,5000
053913,華新國票97購01  ,0,0,0,0,0,0,0,0,0,5000,0,0,0,5000,0,5000,5000
00713,元大台灣高息低波,3000,1000,2000,0,0,0,0,0,0,3000,0,0,0,39000,36000,3000,5000
00865B,國泰US短期公債  ,0,0,0,0,0,0,0,0,0,5000,0,0,0,105000,100000,5000,5000
052437,聯發科富邦99購02,0,0,0,0,0,0,0,0,0,5000,0,0,0,5000,0,5000,5000
00645,富邦日本        ,0,0,0,0,0,0,0,0,0,5000,0,0,0,117000,112000,5000,5000
053523,T50反1中信9A購01,0,0,0,0,0,0,0,0,0,5000,0,0,0,25000,20000,5000,5000
055834,國巨元大97購13  ,0,0,0,0,0,0,0,0,0,5000,0,0,0,5000,0,5000,5000
053585,友達元大9C購03  ,0,0,0,0,0,0,0,0,0,5000,0,0,0,5000,0,5000,5000
055644,致茂元富97購01  ,0,0,0,0,0,0,0,0,0,5000,0,0,0,5000,0,5000,5000
053340,建準國票97購01  ,0,0,0,0,0,0,0,0,0,5000,0,0,0,5000,0,5000,5000
051946,健策統一98購01  ,0,0,0,0,0,0,0,0,0,5000,0,0,0,5000,0,5000,5000
050561,上証2X元富97購01,0,0,0,0,0,0,0,0,0,5000,0,0,0,5000,0,5000,5000
050714,深中小群益98購01,0,0,0,0,0,0,0,0,0,5000,0,0,0,5000,0,5000,5000
055460,華擎永豐97購01  ,0,0,0,0,0,0,0,0,0,5000,0,0,0,5000,0,5000,5000
055477,同欣電凱基98購01,0,0,0,0,0,0,0,0,0,5000,0,0,0,5000,0,5000,5000
060694,旺宏麥證9A購02  ,0,0,0,5000,0,5000,0,0,0,5000,0,0,0,5000,0,5000,5000
060679,聯詠元大9A購04  ,0,0,0,0,0,0,0,0,0,5000,0,0,0,14000,9000,5000,5000
060575,大立光中信9B購02,0,0,0,0,0,0,0,0,0,5000,0,0,0,5000,0,5000,5000
060630,國巨富邦9C購03  ,0,0,0,0,0,0,0,0,0,5000,0,0,0,15000,10000,5000,5000
058558,鴻海日盛9A購02  ,0,0,0,0,0,0,0,0,0,5000,0,0,0,36000,31000,5000,5000
060805,國巨群益9A購06  ,0,0,0,0,0,0,0,0,0,5000,0,0,0,5000,0,5000,5000
061167,臻鼎兆豐9B購01  ,0,0,0,0,0,0,0,0,0,5000,0,0,0,5000,0,5000,5000
061087,國巨統一01購04  ,0,0,0,0,0,0,0,0,0,5000,0,0,0,80000,75000,5000,5000
061088,國巨統一9C購05  ,0,0,0,0,0,0,0,0,0,5000,0,0,0,5000,0,5000,5000
061066,嘉晶凱基9B購01  ,0,0,0,0,0,0,0,0,0,5000,0,0,0,30000,25000,5000,5000
058127,FBVIX元大9C購01 ,0,0,0,0,0,0,0,0,0,5000,0,0,0,5000,0,5000,5000
058037,台灣50元大9B購02,0,0,0,0,0,0,0,0,0,5000,0,0,0,7000,2000,5000,5000
058293,光寶科凱基9A購01,0,0,0,0,0,0,0,0,0,5000,0,0,0,55000,50000,5000,5000
058697,亞德客元大99購01,0,0,0,0,0,0,0,0,0,5000,0,0,0,15000,10000,5000,5000
061502,嘉澤國票9A購02  ,0,0,0,0,0,0,0,0,0,5000,0,0,0,5000,0,5000,5000
061499,嘉晶國票9A購03  ,0,0,0,0,0,0,0,0,0,5000,0,0,0,7000,2000,5000,5000
058598,T50反1元大99購04,0,0,0,0,0,0,0,0,0,5000,0,0,0,75000,70000,5000,5000
061435,元金2X凱基9C購03,0,0,0,0,0,0,0,0,0,5000,0,0,0,5000,0,5000,5000
061453,台達電凱基9B購01,0,0,0,0,0,0,0,0,0,5000,0,0,0,5000,0,5000,5000
061466,創意群益9A購01  ,0,0,0,0,0,0,0,0,0,5000,0,0,0,81000,76000,5000,5000
061282,台積電統一9C購06,0,0,0,0,0,0,0,0,0,5000,0,0,0,5000,0,5000,5000
059540,新光金日盛99購01,0,0,0,0,0,0,0,0,0,5000,0,0,0,5000,0,5000,5000
059468,智邦元大99購02  ,0,0,0,0,0,0,0,0,0,5000,0,0,0,5000,0,5000,5000
059474,元石油群益99購01,0,0,0,0,0,0,0,0,0,5000,0,0,0,5000,0,5000,5000
058967,可成麥證99購01  ,0,0,0,5000,0,5000,0,0,0,5000,0,0,0,5000,0,5000,5000
059012,臺股指元大9A購31,0,0,0,0,0,0,0,0,0,5000,0,0,0,5000,0,5000,5000
059875,信邦凱基99購02  ,0,0,0,0,0,0,0,0,0,5000,0,0,0,15000,10000,5000,5000
060060,台積電兆豐99購05,0,0,0,0,0,0,0,0,0,5000,0,0,0,15000,10000,5000,5000
060088,國巨元大99購30  ,0,0,0,0,0,0,0,0,0,5000,0,0,0,72000,67000,5000,5000
060075,台積電元富99購05,0,0,0,0,0,0,0,0,0,5000,0,0,0,5000,0,5000,5000
060077,台積電台新9B購01,0,0,0,0,0,0,0,0,0,5000,0,0,0,6000,1000,5000,5000
059145,創意國票99購02  ,0,0,0,0,0,0,0,0,0,5000,0,0,0,8000,3000,5000,5000
059162,國巨凱基99購12  ,0,0,0,0,0,0,0,0,0,5000,0,0,0,65000,60000,5000,5000
059163,台積電凱基99購10,0,0,0,0,0,0,0,0,0,5000,0,0,0,5000,0,5000,5000
059597,大立光元大99購21,0,0,0,0,0,0,0,0,0,5000,0,0,0,5000,0,5000,5000
059628,智邦凱基99購04  ,0,0,0,0,0,0,0,0,0,5000,0,0,0,5000,0,5000,5000
059643,日月光凱基99購02,0,0,0,0,0,0,0,0,0,5000,0,0,0,25000,20000,5000,5000
062166,致新國泰01購01  ,0,0,0,0,0,0,0,0,0,5000,0,0,0,5000,0,5000,5000
061974,光寶科元大9B購01,0,0,0,0,0,0,0,0,0,5000,0,0,0,15000,10000,5000,5000
061975,華通元大9B購01  ,0,0,0,0,0,0,0,0,0,5000,0,0,0,17000,12000,5000,5000
061911,台積電中信05購04,0,0,0,0,0,0,0,0,0,5000,0,0,0,5000,0,5000,5000
061797,聯發科永豐9B購01,0,0,0,0,0,0,0,0,0,5000,0,0,0,5000,0,5000,5000
06154P,超眾元大98售01  ,0,0,0,0,0,0,0,0,0,5000,0,0,0,5000,0,5000,5000
061532,和大統一9C購02  ,0,0,0,0,0,0,0,0,0,5000,0,0,0,5000,0,5000,5000
062866,臺股指國票9B購23,0,0,0,0,0,0,0,0,0,5000,0,0,0,5000,0,5000,5000
062891,台汽電群益9B購01,0,0,0,0,0,0,0,0,0,5000,0,0,0,45000,40000,5000,5000
062762,聯詠凱基9B購02  ,0,0,0,0,0,0,0,0,0,5000,0,0,0,33000,28000,5000,5000
062823,台表科兆豐9B購01,0,0,0,0,0,0,0,0,0,5000,0,0,0,5000,0,5000,5000
06281P,臺股指凱基97售13,0,0,0,0,0,0,0,0,0,5000,0,0,0,5000,0,5000,5000
062342,上証2X群益01購03,0,0,0,0,0,0,0,0,0,5000,0,0,0,5000,0,5000,5000
062234,廣達凱基9B購01  ,0,0,0,0,0,0,0,0,0,5000,0,0,0,5000,0,5000,5000
062497,遠東新群益9B購01,0,0,0,0,0,0,0,0,0,5000,0,0,0,5000,0,5000,5000
062532,聯詠統一9C購01  ,0,0,0,0,0,0,0,0,0,5000,0,0,0,40000,35000,5000,5000
062419,台積電統一9B購15,0,0,0,0,0,0,0,0,0,5000,0,0,0,26000,21000,5000,5000
062932,滬深2X凱基01購01,0,0,0,0,0,0,0,0,0,5000,0,0,0,5000,0,5000,5000
062949,聯發科富邦01購01,0,0,0,0,0,0,0,0,0,5000,0,0,0,5000,0,5000,5000
063068,聯發科國泰01購03,0,0,0,0,0,0,0,0,0,5000,0,0,0,5000,0,5000,5000
063252,緯穎元大9B購07  ,0,0,0,0,0,0,0,0,0,5000,0,0,0,110000,105000,5000,5000
063235,台積電元大9B購06,0,0,0,0,0,0,0,0,0,5000,0,0,0,5000,0,5000,5000
064694,玉晶光群益02購02,0,0,0,0,0,0,0,0,0,5000,0,0,0,5000,0,5000,5000
064658,喬山元大9C購01  ,0,0,0,0,0,0,0,0,0,5000,0,0,0,5000,0,5000,5000
06471P,臺股指凱基99售11,0,0,0,0,0,0,0,0,0,5000,0,0,0,20000,15000,5000,5000
064636,臺股指元大9C購22,0,0,0,0,0,0,0,0,0,5000,0,0,0,10000,5000,5000,5000
064599,台積電元富9C購03,0,0,0,0,0,0,0,0,0,5000,0,0,0,5000,0,5000,5000
064600,技嘉元富9C購01  ,0,0,0,0,0,0,0,0,0,5000,0,0,0,10000,5000,5000,5000
064571,帆宣群益9C購01  ,0,0,0,0,0,0,0,0,0,5000,0,0,0,5000,0,5000,5000
064227,和碩國票01購01  ,0,0,0,0,0,0,0,0,0,5000,0,0,0,5000,0,5000,5000
064284,京鼎元大9C購01  ,0,0,0,0,0,0,0,0,0,5000,0,0,0,131000,126000,5000,5000
064393,友訊永豐9C購01  ,0,0,0,0,0,0,0,0,0,5000,0,0,0,56000,51000,5000,5000
063963,鴻海國票01購01  ,0,0,0,0,0,0,0,0,0,5000,0,0,0,20000,15000,5000,5000
063961,世紀鋼元大9C購05,0,0,0,0,0,0,0,0,0,5000,0,0,0,5000,0,5000,5000
063994,台光電群益9C購01,0,0,0,0,0,0,0,0,0,5000,0,0,0,6000,1000,5000,5000
6655,科定            ,5000,0,5000,0,0,0,0,0,0,0,0,0,0,0,0,0,5000
1524,耿鼎            ,16000,11000,5000,0,0,0,0,0,0,0,0,0,0,0,0,0,5000
08508P,臺股指國票9C售09,0,0,0,0,0,0,0,0,0,5000,0,0,0,30000,25000,5000,5000
08482P,亞德客群益9C售02,0,0,0,0,0,0,0,0,0,5000,0,0,0,55000,50000,5000,5000
08322P,國巨凱基9C售08  ,0,0,0,0,0,0,0,0,0,5000,0,0,0,5000,0,5000,5000
4571,鈞興-KY         ,6000,1000,5000,0,0,0,0,0,0,0,0,0,0,0,0,0,5000
065941,超眾群益02購01  ,0,0,0,0,0,0,0,0,0,4000,0,0,0,28000,24000,4000,4000
064964,T50反1元大9C購10,0,0,0,0,0,0,0,0,0,4000,0,0,0,4000,0,4000,4000
065393,旺宏群益9C購04  ,0,0,0,0,0,0,0,0,0,4000,0,0,0,17000,13000,4000,4000
065148,滬深2X群益02購02,0,0,0,0,0,0,0,0,0,4000,0,0,0,4000,0,4000,4000
065138,上銀凱基02購01  ,0,0,0,0,0,0,0,0,0,4000,0,0,0,30000,26000,4000,4000
066053,創意元大01購01  ,0,0,0,0,0,0,0,0,0,4000,0,0,0,10000,6000,4000,4000
066013,友訊元富01購02  ,0,0,0,0,0,0,0,0,0,4000,0,0,0,115000,111000,4000,4000
06690P,玉晶光群益9A售05,0,0,0,0,0,0,0,0,0,4000,0,0,0,96000,92000,4000,4000
07070P,晶相光元富99售01,0,0,0,0,0,0,0,0,0,4000,0,0,0,11000,7000,4000,4000
07100P,華航元大99售01  ,0,0,0,0,0,0,0,0,0,4000,0,0,0,14000,10000,4000,4000
07006P,旺宏統一9B售03  ,0,0,0,0,0,0,0,0,0,4000,0,0,0,8000,4000,4000,4000
07266P,大立光元大99售19,0,0,0,0,0,0,0,0,0,4000,0,0,0,4000,0,4000,4000
052318,友達元大98購01  ,0,0,0,0,0,0,0,0,0,4000,0,0,0,4000,0,4000,4000
051466,玉晶光富邦97購01,0,0,0,0,0,0,0,0,0,4000,0,0,0,4000,0,4000,4000
055764,臺股指群益97購02,0,0,0,0,0,0,0,0,0,4000,0,0,0,4000,0,4000,4000
00685L,群益臺灣加權正2 ,0,0,0,0,0,0,0,0,0,4000,0,0,0,10000,6000,4000,4000
053292,美律中信98購01  ,0,0,0,0,0,0,0,0,0,4000,0,0,0,4000,0,4000,4000
054587,玉晶光國泰99購01,0,0,0,0,0,0,0,0,0,4000,0,0,0,15000,11000,4000,4000
054632,緯穎凱基9A購01  ,0,0,0,0,0,0,0,0,0,4000,0,0,0,9000,5000,4000,4000
055264,國巨永豐98購01  ,0,0,0,0,0,0,0,0,0,4000,0,0,0,4000,0,4000,4000
056845,揚明光元富98購01,0,0,0,0,0,0,0,0,0,4000,0,0,0,65000,61000,4000,4000
056516,晶豪科兆豐98購01,0,0,0,0,0,0,0,0,0,4000,0,0,0,4000,0,4000,4000
056638,臺股指日盛98購01,0,0,0,0,0,0,0,0,0,4000,0,0,0,9000,5000,4000,4000
057908,國泰金亞東99購01,0,0,0,0,0,0,0,0,0,4000,0,0,0,4000,0,4000,4000
059250,大立光凱基99購06,0,0,0,0,0,0,0,0,0,4000,0,0,0,10000,6000,4000,4000
057330,台積電國票99購03,0,0,0,0,0,0,0,0,0,4000,0,0,0,10000,6000,4000,4000
057481,技嘉元大98購04  ,0,0,0,0,0,0,0,0,0,4000,0,0,0,14000,10000,4000,4000
057488,聯發科元大99購02,0,0,0,0,0,0,0,0,0,4000,0,0,0,4000,0,4000,4000
056917,國巨兆豐98購03  ,0,0,0,0,0,0,0,0,0,4000,0,0,0,4000,0,4000,4000
057813,京元電元大98購03,0,0,0,0,0,0,0,0,0,4000,0,0,0,409000,405000,4000,4000
057805,華通元大98購06  ,0,0,0,0,0,0,0,0,0,4000,0,0,0,43000,39000,4000,4000
057613,瑞昱元富02購02  ,0,0,0,0,0,0,0,0,0,4000,0,0,0,45000,41000,4000,4000
057624,新日興國泰99購01,0,0,0,0,0,0,0,0,0,4000,0,0,0,24000,20000,4000,4000
056055,國巨元大97購15  ,0,0,0,0,0,0,0,0,0,4000,0,0,0,4000,0,4000,4000
061694,玉山金群益9A購01,0,0,0,0,0,0,0,0,0,4000,0,0,0,9000,5000,4000,4000
061683,台灣50群益9B購09,0,0,0,0,0,0,0,0,0,4000,0,0,0,4000,0,4000,4000
061984,華新科元大9B購05,0,0,0,0,0,0,0,0,0,4000,0,0,0,4000,0,4000,4000
062091,世紀鋼元大9B購01,0,0,0,0,0,0,0,0,0,4000,0,0,0,38000,34000,4000,4000
059660,華新科元大9A購04,0,0,0,0,0,0,0,0,0,4000,0,0,0,36000,32000,4000,4000
059848,智邦永豐99購01  ,0,0,0,0,0,0,0,0,0,4000,0,0,0,4000,0,4000,4000
058919,SGBR2X元富99購05,0,0,0,0,0,0,0,0,0,4000,0,0,0,4000,0,4000,4000
059500,鴻海元富99購11  ,0,0,0,0,0,0,0,0,0,4000,0,0,0,4000,0,4000,4000
058839,瑞儀中信99購02  ,0,0,0,0,0,0,0,0,0,4000,0,0,0,24000,20000,4000,4000
061226,台積電中信9A購05,0,0,0,0,0,0,0,0,0,4000,0,0,0,4000,0,4000,4000
061410,緯穎國票9A購03  ,0,0,0,0,0,0,0,0,0,4000,0,0,0,4000,0,4000,4000
058602,台積電元大99購11,0,0,0,0,0,0,0,0,0,4000,0,0,0,4000,0,4000,4000
058119,華新亞東99購01  ,0,0,0,0,0,0,0,0,0,4000,0,0,0,4000,0,4000,4000
058099,鴻海國泰9A購02  ,0,0,0,0,0,0,0,0,0,4000,0,0,0,4000,0,4000,4000
061090,奇力新統一9C購01,0,0,0,0,0,0,0,0,0,4000,0,0,0,4000,0,4000,4000
061040,康友永豐9A購01  ,0,0,0,0,0,0,0,0,0,4000,0,0,0,4000,0,4000,4000
060963,禾伸堂凱基9A購01,0,0,0,0,0,0,0,0,0,4000,0,0,0,34000,30000,4000,4000
060857,旭富富邦9B購01  ,0,0,0,0,0,0,0,0,0,4000,0,0,0,10000,6000,4000,4000
060921,中橡永豐9A購02  ,0,0,0,0,0,0,0,0,0,4000,0,0,0,4000,0,4000,4000
059371,聯鈞元富99購02  ,0,0,0,0,0,0,0,0,0,4000,0,0,0,4000,0,4000,4000
059336,台灣50凱基9A購02,0,0,0,0,0,0,0,0,0,4000,0,0,0,4000,0,4000,4000
060545,台積電凱基9B購02,0,0,0,0,0,0,0,0,0,4000,0,0,0,4000,0,4000,4000
063975,台積電兆豐9C購01,0,0,0,0,0,0,0,0,0,4000,0,0,0,4000,0,4000,4000
063904,大立光麥證01購01,0,0,0,7000,0,7000,0,0,0,4000,0,0,0,7000,3000,4000,4000
063749,聯發科國票9C購04,0,0,0,0,0,0,0,0,0,4000,0,0,0,4000,0,4000,4000
064484,元金2X元大9C購02,0,0,0,0,0,0,0,0,0,4000,0,0,0,4000,0,4000,4000
064631,臺股指元大9C購17,0,0,0,0,0,0,0,0,0,4000,0,0,0,4000,0,4000,4000
064654,元金2X元大9C購03,0,0,0,0,0,0,0,0,0,4000,0,0,0,4000,0,4000,4000
063012,技嘉元大9B購01  ,0,0,0,0,0,0,0,0,0,4000,0,0,0,10000,6000,4000,4000
062954,世芯永豐9B購03  ,0,0,0,0,0,0,0,0,0,4000,0,0,0,4000,0,4000,4000
063319,神達群益9B購01  ,0,0,0,0,0,0,0,0,0,4000,0,0,0,16000,12000,4000,4000
063311,喬山群益9B購01  ,0,0,0,0,0,0,0,0,0,4000,0,0,0,4000,0,4000,4000
062443,大立光元大9B購05,0,0,0,0,0,0,0,0,0,4000,0,0,0,50000,46000,4000,4000
062461,智伸科群益9B購01,0,0,0,0,0,0,0,0,0,4000,0,0,0,4000,0,4000,4000
062482,台表科國票9B購01,0,0,0,0,0,0,0,0,0,4000,0,0,0,10000,6000,4000,4000
062898,華通元大9B購05  ,0,0,0,0,0,0,0,0,0,4000,0,0,0,6000,2000,4000,4000
4737,華廣            ,22000,18000,4000,0,0,0,0,0,0,0,0,0,0,0,0,0,4000
5546,永固-KY         ,5000,1000,4000,0,0,0,0,0,0,0,0,0,0,0,0,0,4000
2891C,中信金丙特      ,0,0,0,0,0,0,0,0,0,4000,4000,0,4000,0,0,0,4000
08285P,國巨凱基9C售07  ,0,0,0,0,0,0,0,0,0,4000,0,0,0,4000,0,4000,4000
1419,新紡            ,8000,4000,4000,0,0,0,0,0,0,0,0,0,0,0,0,0,4000
1110,東泥            ,6000,2000,4000,0,0,0,0,0,0,0,0,0,0,0,0,0,4000
6579,研揚            ,6000,2000,4000,0,0,0,0,0,0,0,0,0,0,0,0,0,4000
9945,潤泰新          ,582884,846249,-263365,0,0,0,0,0,0,267000,261000,5000,256000,20000,9000,11000,3635
07965P,玉晶光群益01售02,0,0,0,0,0,0,0,0,0,3000,0,0,0,441000,438000,3000,3000
066031,力成群益01購01  ,0,0,0,0,0,0,0,0,0,3000,0,0,0,4000,1000,3000,3000
066067,台積電凱基02購05,0,0,0,0,0,0,0,0,0,3000,0,0,0,3000,0,3000,3000
066229,力山富邦04購01  ,0,0,0,0,0,0,0,0,0,3000,0,0,0,3000,0,3000,3000
06640P,國巨兆豐99售02  ,0,0,0,0,0,0,0,0,0,3000,0,0,0,3000,0,3000,3000
065156,可成群益01購02  ,0,0,0,0,0,0,0,0,0,3000,0,0,0,6000,3000,3000,3000
065218,世芯國泰02購02  ,0,0,0,0,0,0,0,0,0,3000,0,0,0,6000,3000,3000,3000
065889,鴻海統一03購02  ,0,0,0,0,0,0,0,0,0,3000,0,0,0,10000,7000,3000,3000
065830,景碩凱基9C購04  ,0,0,0,0,0,0,0,0,0,3000,0,0,0,3000,0,3000,3000
065692,國巨群益9C購17  ,0,0,0,0,0,0,0,0,0,3000,0,0,0,31000,28000,3000,3000
056263,友訊統一99購01  ,0,0,0,0,0,0,0,0,0,3000,0,0,0,3000,0,3000,3000
056321,創意群益98購02  ,0,0,0,0,0,0,0,0,0,3000,0,0,0,3000,0,3000,3000
057606,健策統一98購03  ,0,0,0,0,0,0,0,0,0,3000,0,0,0,3000,0,3000,3000
057592,美律兆豐99購01  ,0,0,0,0,0,0,0,0,0,3000,0,0,0,3000,0,3000,3000
057366,智邦元大98購08  ,0,0,0,0,0,0,0,0,0,3000,0,0,0,14000,11000,3000,3000
058455,玉晶光永豐99購03,0,0,0,0,0,0,0,0,0,3000,0,0,0,20000,17000,3000,3000
058503,鴻海元大99購14  ,0,0,0,0,0,0,0,0,0,3000,0,0,0,13000,10000,3000,3000
060463,台積電元大9A購10,0,0,0,0,0,0,0,0,0,3000,0,0,0,10000,7000,3000,3000
060454,葡萄王元大9A購01,0,0,0,0,0,0,0,0,0,3000,0,0,0,111000,108000,3000,3000
060444,滬深2X元大9A購04,0,0,0,0,0,0,0,0,0,3000,0,0,0,3000,0,3000,3000
060397,群創國票9A購01  ,0,0,0,0,0,0,0,0,0,3000,0,0,0,3000,0,3000,3000
057158,義隆永豐99購01  ,0,0,0,0,0,0,0,0,0,3000,0,0,0,3000,0,3000,3000
057142,力成兆豐98購01  ,0,0,0,0,0,0,0,0,0,3000,0,0,0,3000,0,3000,3000
056670,樺漢國票99購01  ,0,0,0,0,0,0,0,0,0,3000,0,0,0,3000,0,3000,3000
056610,鴻海永豐98購01  ,0,0,0,0,0,0,0,0,0,3000,0,0,0,3000,0,3000,3000
056577,玉晶光元大99購06,0,0,0,0,0,0,0,0,0,3000,0,0,0,3000,0,3000,3000
056523,光寶科中信98購01,0,0,0,0,0,0,0,0,0,3000,0,0,0,13000,10000,3000,3000
056794,上銀麥證98購01  ,0,0,0,60000,57000,3000,0,0,0,3000,0,0,0,60000,57000,3000,3000
055259,玉晶光統一9A購01,0,0,0,0,0,0,0,0,0,3000,0,0,0,10000,7000,3000,3000
057758,鴻海凱基99購03  ,0,0,0,0,0,0,0,0,0,3000,0,0,0,9000,6000,3000,3000
057703,矽力群益98購01  ,0,0,0,0,0,0,0,0,0,3000,0,0,0,3000,0,3000,3000
057797,大立光兆豐99購01,0,0,0,0,0,0,0,0,0,3000,0,0,0,3000,0,3000,3000
055993,致茂國泰99購01  ,0,0,0,0,0,0,0,0,0,3000,0,0,0,3000,0,3000,3000
054220,國巨統一97購02  ,0,0,0,0,0,0,0,0,0,3000,0,0,0,3000,0,3000,3000
03677C,臺股指元大05牛02,0,0,0,0,0,0,0,0,0,3000,0,0,0,3000,0,3000,3000
052588,玉晶光永豐98購01,0,0,0,0,0,0,0,0,0,3000,0,0,0,3000,0,3000,3000
020011,統一微波高息20N ,0,0,0,0,0,0,0,0,0,3000,0,0,0,22000,19000,3000,3000
055750,瑞昱永昌9C購01  ,0,0,0,0,0,0,0,0,0,3000,0,0,0,3000,0,3000,3000
053652,友達凱基98購04  ,0,0,0,0,0,0,0,0,0,3000,0,0,0,3000,0,3000,3000
055839,瑞昱元大97購04  ,0,0,0,0,0,0,0,0,0,3000,0,0,0,3000,0,3000,3000
053770,元金2X元大98購01,0,0,0,0,0,0,0,0,0,3000,0,0,0,3000,0,3000,3000
055794,聯發科國泰99購01,0,0,0,0,0,0,0,0,0,3000,0,0,0,13000,10000,3000,3000
051657,台郡元富98購01  ,0,0,0,0,0,0,0,0,0,3000,0,0,0,3000,0,3000,3000
049700,瀚宇博元大97購01,0,0,0,0,0,0,0,0,0,3000,0,0,0,3000,0,3000,3000
051218,聯發科元富9B購02,0,0,0,0,0,0,0,0,0,3000,0,0,0,3000,0,3000,3000
050672,上証2X富邦97購01,0,0,0,0,0,0,0,0,0,3000,0,0,0,3000,0,3000,3000
058591,台灣50統一9B購02,0,0,0,0,0,0,0,0,0,3000,0,0,0,3000,0,3000,3000
058574,台積電群益99購03,0,0,0,0,0,0,0,0,0,3000,0,0,0,5000,2000,3000,3000
058571,緯穎凱基9A購02  ,0,0,0,0,0,0,0,0,0,3000,0,0,0,3000,0,3000,3000
058514,潤泰全元大99購01,0,0,0,0,0,0,0,0,0,3000,0,0,0,103000,100000,3000,3000
060825,聯詠元大9A購05  ,0,0,0,0,0,0,0,0,0,3000,0,0,0,10000,7000,3000,3000
058102,楠梓電永豐98購04,0,0,0,0,0,0,0,0,0,3000,0,0,0,3000,0,3000,3000
058164,FBVIX凱基03購02 ,0,0,0,0,0,0,0,0,0,3000,0,0,0,3000,0,3000,3000
058237,嘉晶元大99購04  ,0,0,0,0,0,0,0,0,0,3000,0,0,0,4000,1000,3000,3000
058620,滬深2X國票9A購02,0,0,0,0,0,0,0,0,0,3000,0,0,0,3000,0,3000,3000
061315,滬深2X凱基9C購06,0,0,0,0,0,0,0,0,0,3000,0,0,0,3000,0,3000,3000
061344,禾伸堂元大9A購02,0,0,0,0,0,0,0,0,0,3000,0,0,0,214000,211000,3000,3000
061360,智邦兆豐9B購02  ,0,0,0,0,0,0,0,0,0,3000,0,0,0,5000,2000,3000,3000
058822,樺漢國泰9B購01  ,0,0,0,0,0,0,0,0,0,3000,0,0,0,3000,0,3000,3000
058949,上銀群益99購02  ,0,0,0,0,0,0,0,0,0,3000,0,0,0,3000,0,3000,3000
058975,台灣50凱基01購02,0,0,0,0,0,0,0,0,0,3000,0,0,0,3000,0,3000,3000
058981,國巨凱基99購10  ,0,0,0,0,0,0,0,0,0,3000,0,0,0,3000,0,3000,3000
059031,元石油中信03購01,0,0,0,0,0,0,0,0,0,3000,0,0,0,5000,2000,3000,3000
059822,聯發科凱基99購19,0,0,0,0,0,0,0,0,0,3000,0,0,0,3000,0,3000,3000
059914,台積電元大99購47,0,0,0,0,0,0,0,0,0,3000,0,0,0,3000,0,3000,3000
059944,欣興永豐99購03  ,0,0,0,0,0,0,0,0,0,3000,0,0,0,18000,15000,3000,3000
059694,創意永豐99購03  ,0,0,0,0,0,0,0,0,0,3000,0,0,0,3000,0,3000,3000
059770,A50正2群益9C購01,0,0,0,0,0,0,0,0,0,3000,0,0,0,3000,0,3000,3000
059771,台積電群益99購11,0,0,0,0,0,0,0,0,0,3000,0,0,0,3000,0,3000,3000
062090,南電元大9B購02  ,0,0,0,0,0,0,0,0,0,3000,0,0,0,34000,31000,3000,3000
062003,國巨國泰01購01  ,0,0,0,0,0,0,0,0,0,3000,0,0,0,6000,3000,3000,3000
061965,台積電統一02購02,0,0,0,0,0,0,0,0,0,3000,0,0,0,3000,0,3000,3000
061645,超眾元大9A購06  ,0,0,0,0,0,0,0,0,0,3000,0,0,0,326000,323000,3000,3000
061648,緯穎元大9A購04  ,0,0,0,0,0,0,0,0,0,3000,0,0,0,3000,0,3000,3000
061543,南亞科群益9A購01,0,0,0,0,0,0,0,0,0,3000,0,0,0,40000,37000,3000,3000
062899,鴻海元大9C購04  ,0,0,0,0,0,0,0,0,0,3000,0,0,0,3000,0,3000,3000
062900,台積電元大9B購04,0,0,0,0,0,0,0,0,0,3000,0,0,0,3000,0,3000,3000
062700,台光電元大9B購05,0,0,0,0,0,0,0,0,0,3000,0,0,0,4000,1000,3000,3000
062618,祥碩元大9B購04  ,0,0,0,0,0,0,0,0,0,3000,0,0,0,3000,0,3000,3000
062385,玉晶光國泰01購01,0,0,0,0,0,0,0,0,0,3000,0,0,0,3000,0,3000,3000
062376,中租元大9B購02  ,0,0,0,0,0,0,0,0,0,3000,0,0,0,3000,0,3000,3000
06345P,臺股指統一9A售01,0,0,0,0,0,0,0,0,0,3000,0,0,0,3000,0,3000,3000
063529,聯茂凱基9B購02  ,0,0,0,0,0,0,0,0,0,3000,0,0,0,99000,96000,3000,3000
063227,祥碩群益9B購06  ,0,0,0,0,0,0,0,0,0,3000,0,0,0,4000,1000,3000,3000
063830,智伸科國票01購01,0,0,0,0,0,0,0,0,0,3000,0,0,0,3000,0,3000,3000
063877,鴻海元富9C購01  ,0,0,0,0,0,0,0,0,0,3000,0,0,0,3000,0,3000,3000
064174,致新元富9C購02  ,0,0,0,0,0,0,0,0,0,3000,0,0,0,357000,354000,3000,3000
910861,神州-DR         ,9000,6000,3000,0,0,0,0,0,0,0,0,0,0,0,0,0,3000
8480,泰昇-KY         ,13000,10000,3000,0,0,0,0,0,0,0,0,0,0,0,0,0,3000
8222,寶一            ,6000,3000,3000,0,0,0,0,0,0,0,0,0,0,0,0,0,3000
1438,裕豐            ,3000,0,3000,0,0,0,0,0,0,0,0,0,0,0,0,0,3000
1441,大東            ,3000,0,3000,0,0,0,0,0,0,0,0,0,0,0,0,0,3000
08309P,GIS凱基9C售01   ,0,0,0,0,0,0,0,0,0,3000,0,0,0,66000,63000,3000,3000
08414P,超眾凱基9C售02  ,0,0,0,0,0,0,0,0,0,3000,0,0,0,3000,0,3000,3000
08426P,奇力新國票01售01,0,0,0,0,0,0,0,0,0,3000,0,0,0,3000,0,3000,3000
08450P,台積電統一9C售14,0,0,0,0,0,0,0,0,0,3000,0,0,0,3000,0,3000,3000
2882B,國泰金乙特      ,0,0,0,0,0,0,0,0,0,3000,3000,0,3000,0,0,0,3000
6142,友勁            ,83000,116000,-33000,0,0,0,0,0,0,36000,36000,0,36000,0,0,0,3000
6024,群益期          ,35000,32000,3000,0,0,0,0,0,0,0,0,0,0,0,0,0,3000
3679,新至陞          ,23000,20000,3000,0,0,0,0,0,0,0,0,0,0,0,0,0,3000
06583P,可成凱基98售07  ,0,0,0,0,0,0,0,0,0,2000,0,0,0,2000,0,2000,2000
065856,中租元大9C購03  ,0,0,0,0,0,0,0,0,0,2000,0,0,0,12000,10000,2000,2000
065800,技嘉群益9C購01  ,0,0,0,0,0,0,0,0,0,2000,0,0,0,2000,0,2000,2000
065999,燿華國票02購01  ,0,0,0,0,0,0,0,0,0,2000,0,0,0,2000,0,2000,2000
065056,臺股指凱基9C購20,0,0,0,0,0,0,0,0,0,2000,0,0,0,4000,2000,2000,2000
065067,億豐群益01購01  ,0,0,0,0,0,0,0,0,0,2000,0,0,0,3000,1000,2000,2000
064857,T50反1富邦01購02,0,0,0,0,0,0,0,0,0,2000,0,0,0,5000,3000,2000,2000
066336,聯陽永豐01購01  ,0,0,0,0,0,0,0,0,0,2000,0,0,0,2000,0,2000,2000
066030,超眾群益01購01  ,0,0,0,0,0,0,0,0,0,2000,0,0,0,20000,18000,2000,2000
066024,金像電群益01購04,0,0,0,0,0,0,0,0,0,2000,0,0,0,2000,0,2000,2000
07022P,嘉晶永豐99售02  ,0,0,0,0,0,0,0,0,0,2000,0,0,0,2000,0,2000,2000
06991P,矽創群益99售01  ,0,0,0,0,0,0,0,0,0,2000,0,0,0,130000,128000,2000,2000
07096P,元石油元大9C售05,0,0,0,0,0,0,0,0,0,2000,0,0,0,2000,0,2000,2000
07065P,臺股指元大9A售26,0,0,0,0,0,0,0,0,0,2000,0,0,0,2000,0,2000,2000
07891P,臺股指國票9B售01,0,0,0,0,0,0,0,0,0,2000,0,0,0,2000,0,2000,2000
07668P,旺宏元大9A售10  ,0,0,0,0,0,0,0,0,0,2000,0,0,0,12000,10000,2000,2000
052004,泰碩國泰97購03  ,0,0,0,0,0,0,0,0,0,2000,0,0,0,2000,0,2000,2000
052076,可成元富98購01  ,0,0,0,0,0,0,0,0,0,2000,0,0,0,2000,0,2000,2000
055873,聚陽元富97購01  ,0,0,0,0,0,0,0,0,0,2000,0,0,0,2000,0,2000,2000
055717,聯發科元大97購19,0,0,0,0,0,0,0,0,0,2000,0,0,0,2000,0,2000,2000
053342,全新國票99購01  ,0,0,0,0,0,0,0,0,0,2000,0,0,0,2000,0,2000,2000
053371,滬深2X元大99購01,0,0,0,0,0,0,0,0,0,2000,0,0,0,2000,0,2000,2000
055589,台光電元大98購04,0,0,0,0,0,0,0,0,0,2000,0,0,0,3000,1000,2000,2000
00625K,富邦上証+R      ,0,0,0,0,0,0,0,0,0,2000,0,0,0,52000,50000,2000,2000
03686C,臺股指元大04牛05,0,0,0,0,0,0,0,0,0,2000,0,0,0,2000,0,2000,2000
04590P,元石油元大97售01,0,0,0,0,0,0,0,0,0,2000,0,0,0,2000,0,2000,2000
053186,健策中信9C購01  ,0,0,0,0,0,0,0,0,0,2000,0,0,0,23000,21000,2000,2000
053115,滬深2X中信97購01,0,0,0,0,0,0,0,0,0,2000,0,0,0,2000,0,2000,2000
054352,世芯國泰98購01  ,0,0,0,0,0,0,0,0,0,2000,0,0,0,2000,0,2000,2000
054421,臺股指元大99購03,0,0,0,0,0,0,0,0,0,2000,0,0,0,2000,0,2000,2000
054128,台積電元大97購10,0,0,0,0,0,0,0,0,0,2000,0,0,0,2000,0,2000,2000
054565,玉晶光群益99購02,0,0,0,0,0,0,0,0,0,2000,0,0,0,2000,0,2000,2000
054811,裕隆元大9A購01  ,0,0,0,0,0,0,0,0,0,2000,0,0,0,2000,0,2000,2000
054962,玉晶光元大99購02,0,0,0,0,0,0,0,0,0,2000,0,0,0,2000,0,2000,2000
055027,牧德國泰99購01  ,0,0,0,0,0,0,0,0,0,2000,0,0,0,2000,0,2000,2000
057259,台積電兆豐98購03,0,0,0,0,0,0,0,0,0,2000,0,0,0,512000,510000,2000,2000
057693,臺股指凱基98購11,0,0,0,0,0,0,0,0,0,2000,0,0,0,2000,0,2000,2000
056890,國巨元大98購11  ,0,0,0,0,0,0,0,0,0,2000,0,0,0,11000,9000,2000,2000
055249,大毅統一99購01  ,0,0,0,0,0,0,0,0,0,2000,0,0,0,2000,0,2000,2000
055384,緯穎元大98購02  ,0,0,0,0,0,0,0,0,0,2000,0,0,0,2000,0,2000,2000
056833,和大元富9B購01  ,0,0,0,0,0,0,0,0,0,2000,0,0,0,2000,0,2000,2000
056471,台光電元大99購01,0,0,0,0,0,0,0,0,0,2000,0,0,0,3000,1000,2000,2000
057121,立積康和98購01  ,0,0,0,0,0,0,0,0,0,2000,0,0,0,2000,0,2000,2000
057170,瑞昱元大98購01  ,0,0,0,0,0,0,0,0,0,2000,0,0,0,4000,2000,2000,2000
057107,華新科群益98購06,0,0,0,0,0,0,0,0,0,2000,0,0,0,2000,0,2000,2000
056736,國巨凱基99購03  ,0,0,0,0,0,0,0,0,0,2000,0,0,0,6000,4000,2000,2000
057886,聯詠群益98購01  ,0,0,0,0,0,0,0,0,0,2000,0,0,0,62000,60000,2000,2000
057949,南電國票99購01  ,0,0,0,0,0,0,0,0,0,2000,0,0,0,2000,0,2000,2000
060408,和潤國泰9C購01  ,0,0,0,0,0,0,0,0,0,2000,0,0,0,2000,0,2000,2000
060449,元金2X元大9A購02,0,0,0,0,0,0,0,0,0,2000,0,0,0,2000,0,2000,2000
058475,台積電凱基99購06,0,0,0,0,0,0,0,0,0,2000,0,0,0,3000,1000,2000,2000
058470,台灣50日盛9B購02,0,0,0,0,0,0,0,0,0,2000,0,0,0,2000,0,2000,2000
059219,旺宏元大99購12  ,0,0,0,0,0,0,0,0,0,2000,0,0,0,22000,20000,2000,2000
060297,和碩元大9A購02  ,0,0,0,0,0,0,0,0,0,2000,0,0,0,2000,0,2000,2000
060217,國巨凱基9A購10  ,0,0,0,0,0,0,0,0,0,2000,0,0,0,2000,0,2000,2000
057331,台積電國票99購04,0,0,0,0,0,0,0,0,0,2000,0,0,0,14000,12000,2000,2000
057619,玉晶光凱基98購02,0,0,0,0,0,0,0,0,0,2000,0,0,0,2000,0,2000,2000
057540,緯穎日盛99購01  ,0,0,0,0,0,0,0,0,0,2000,0,0,0,2000,0,2000,2000
057816,欣興元大98購13  ,0,0,0,0,0,0,0,0,0,2000,0,0,0,2000,0,2000,2000
057834,聯發科元富02購07,0,0,0,0,0,0,0,0,0,2000,0,0,0,2000,0,2000,2000
056145,緯穎元大98購03  ,0,0,0,0,0,0,0,0,0,2000,0,0,0,2000,0,2000,2000
061606,景碩凱基9A購02  ,0,0,0,0,0,0,0,0,0,2000,0,0,0,2000,0,2000,2000
061607,台表科凱基9B購02,0,0,0,0,0,0,0,0,0,2000,0,0,0,10000,8000,2000,2000
061616,鴻海群益9A購07  ,0,0,0,0,0,0,0,0,0,2000,0,0,0,9000,7000,2000,2000
061788,信邦群益9B購01  ,0,0,0,0,0,0,0,0,0,2000,0,0,0,2000,0,2000,2000
061826,台郡麥證9B購01  ,0,0,0,2000,0,2000,0,0,0,2000,0,0,0,2000,0,2000,2000
059802,上証2X元富99購02,0,0,0,0,0,0,0,0,0,2000,0,0,0,2000,0,2000,2000
059807,大立光元富99購09,0,0,0,0,0,0,0,0,0,2000,0,0,0,12000,10000,2000,2000
059711,滬深2X元大9C購02,0,0,0,0,0,0,0,0,0,2000,0,0,0,2000,0,2000,2000
059712,滬深2X元大9C購03,0,0,0,0,0,0,0,0,0,2000,0,0,0,2000,0,2000,2000
059659,旺宏元大9A購03  ,0,0,0,0,0,0,0,0,0,2000,0,0,0,2000,0,2000,2000
058763,和碩群益99購01  ,0,0,0,0,0,0,0,0,0,2000,0,0,0,21000,19000,2000,2000
059513,揚明光永豐99購01,0,0,0,0,0,0,0,0,0,2000,0,0,0,2000,0,2000,2000
059490,國巨國票99購09  ,0,0,0,0,0,0,0,0,0,2000,0,0,0,2000,0,2000,2000
058290,南電國票9A購01  ,0,0,0,0,0,0,0,0,0,2000,0,0,0,7000,5000,2000,2000
058322,玉晶光永豐99購02,0,0,0,0,0,0,0,0,0,2000,0,0,0,2000,0,2000,2000
058158,台積電台新99購01,0,0,0,0,0,0,0,0,0,2000,0,0,0,65000,63000,2000,2000
058187,泰碩永豐99購01  ,0,0,0,0,0,0,0,0,0,2000,0,0,0,98000,96000,2000,2000
058019,美律凱基99購04  ,0,0,0,0,0,0,0,0,0,2000,0,0,0,50000,48000,2000,2000
060761,南亞科元大9A購05,0,0,0,0,0,0,0,0,0,2000,0,0,0,2000,0,2000,2000
060756,鴻海元大9A購16  ,0,0,0,0,0,0,0,0,0,2000,0,0,0,2000,0,2000,2000
060746,玉晶光國票9B購02,0,0,0,0,0,0,0,0,0,2000,0,0,0,2000,0,2000,2000
060939,鴻海國票9A購06  ,0,0,0,0,0,0,0,0,0,2000,0,0,0,9000,7000,2000,2000
060941,台積電國票9B購04,0,0,0,0,0,0,0,0,0,2000,0,0,0,2000,0,2000,2000
060965,中租凱基9B購01  ,0,0,0,0,0,0,0,0,0,2000,0,0,0,27000,25000,2000,2000
061039,台表科永豐9A購03,0,0,0,0,0,0,0,0,0,2000,0,0,0,12000,10000,2000,2000
061074,儒鴻兆豐9B購01  ,0,0,0,0,0,0,0,0,0,2000,0,0,0,2000,0,2000,2000
059310,元石油元大99購03,0,0,0,0,0,0,0,0,0,2000,0,0,0,2000,0,2000,2000
059350,樺漢凱基9A購01  ,0,0,0,0,0,0,0,0,0,2000,0,0,0,2000,0,2000,2000
060968,台灣50元大9C購28,0,0,0,0,0,0,0,0,0,2000,0,0,0,2000,0,2000,2000
060702,玉晶光國泰9C購02,0,0,0,0,0,0,0,0,0,2000,0,0,0,2000,0,2000,2000
064148,瑞昱統一02購01  ,0,0,0,0,0,0,0,0,0,2000,0,0,0,106000,104000,2000,2000
064003,台積電凱基01購03,0,0,0,0,0,0,0,0,0,2000,0,0,0,4000,2000,2000,2000
063998,聯發科兆豐9C購02,0,0,0,0,0,0,0,0,0,2000,0,0,0,23000,21000,2000,2000
064315,創意群益9C購01  ,0,0,0,0,0,0,0,0,0,2000,0,0,0,3000,1000,2000,2000
064329,國巨元大01購03  ,0,0,0,0,0,0,0,0,0,2000,0,0,0,10000,8000,2000,2000
062926,嘉澤國票9B購01  ,0,0,0,0,0,0,0,0,0,2000,0,0,0,2000,0,2000,2000
063046,聯發科兆豐9C購01,0,0,0,0,0,0,0,0,0,2000,0,0,0,2000,0,2000,2000
063052,國巨統一9C購10  ,0,0,0,0,0,0,0,0,0,2000,0,0,0,3000,1000,2000,2000
063043,台灣50兆豐9B購02,0,0,0,0,0,0,0,0,0,2000,0,0,0,2000,0,2000,2000
063304,大立光凱基01購02,0,0,0,0,0,0,0,0,0,2000,0,0,0,2000,0,2000,2000
062535,台積電麥證02購01,0,0,0,2000,0,2000,0,0,0,2000,0,0,0,2000,0,2000,2000
062241,滬深2X元大9B購03,0,0,0,0,0,0,0,0,0,2000,0,0,0,2000,0,2000,2000
062222,華新科統一9B購04,0,0,0,0,0,0,0,0,0,2000,0,0,0,2000,0,2000,2000
062206,緯創國票9B購01  ,0,0,0,0,0,0,0,0,0,2000,0,0,0,2000,0,2000,2000
062284,華擎群益9C購03  ,0,0,0,0,0,0,0,0,0,2000,0,0,0,2000,0,2000,2000
062711,台表科元大9B購05,0,0,0,0,0,0,0,0,0,2000,0,0,0,2000,0,2000,2000
062725,大立光凱基9B購06,0,0,0,0,0,0,0,0,0,2000,0,0,0,2000,0,2000,2000
062657,華新科第一9B購01,0,0,0,0,0,0,0,0,0,2000,0,0,0,2000,0,2000,2000
062809,同欣電統一9C購01,90000,0,90000,0,0,0,0,0,0,-88000,0,0,0,142000,230000,-88000,2000
062770,臺股指凱基9B購14,0,0,0,0,0,0,0,0,0,2000,0,0,0,2000,0,2000,2000
3543,州巧            ,60000,58000,2000,0,0,0,0,0,0,0,0,0,0,0,0,0,2000
4540,全球傳動        ,54000,52000,2000,0,0,0,0,0,0,0,0,0,0,0,0,0,2000
4108,懷特            ,217000,214000,3000,0,0,0,0,0,0,-1000,0,1000,-1000,0,0,0,2000
3054,立萬利          ,2000,0,2000,0,0,0,0,0,0,0,0,0,0,0,0,0,2000
6117,迎廣            ,6000,4000,2000,0,0,0,0,0,0,0,0,0,0,0,0,0,2000
4807,日成-KY         ,6000,4000,2000,0,0,0,0,0,0,0,0,0,0,0,0,0,2000
3015,全漢            ,103000,101000,2000,0,0,0,0,0,0,0,0,0,0,0,0,0,2000
2936,客思達-KY       ,2000,0,2000,0,0,0,0,0,0,0,0,0,0,0,0,0,2000
2910,統領            ,2000,0,2000,0,0,0,0,0,0,0,0,0,0,0,0,0,2000
2540,愛山林          ,4000,2000,2000,0,0,0,0,0,0,0,0,0,0,0,0,0,2000
1341,富林-KY         ,1000,0,1000,0,0,0,0,0,0,1000,1000,0,1000,0,0,0,2000
08638P,泰碩國票9C售01  ,0,0,0,0,0,0,0,0,0,2000,0,0,0,42000,40000,2000,2000
1583,程泰            ,2000,0,2000,0,0,0,0,0,0,0,0,0,0,0,0,0,2000
1603,華電            ,13000,12000,1000,0,0,0,0,0,0,1000,1000,0,1000,0,0,0,2000
2008,高興昌          ,2000,0,2000,0,0,0,0,0,0,0,0,0,0,0,0,0,2000
2115,六暉-KY         ,4000,2000,2000,0,0,0,0,0,0,0,0,0,0,0,0,0,2000
2012,春雨            ,3000,1000,2000,0,0,0,0,0,0,0,0,0,0,0,0,0,2000
2013,中鋼構          ,42000,39000,3000,0,0,0,0,0,0,-1000,0,1000,-1000,0,0,0,2000
6625,必應            ,2000,0,2000,0,0,0,0,0,0,0,0,0,0,0,0,0,2000
8481,政伸            ,2000,0,2000,0,0,0,0,0,0,0,0,0,0,0,0,0,2000
8467,波力-KY         ,2000,0,2000,0,0,0,0,0,0,0,0,0,0,0,0,0,2000
9941A,裕融甲特        ,0,0,0,0,0,0,0,0,0,2000,3000,1000,2000,0,0,0,2000
07808P,超眾永豐9A售04  ,0,0,0,0,0,0,0,0,0,1000,0,0,0,1000,0,1000,1000
07769P,國巨國票9A售10  ,0,0,0,0,0,0,0,0,0,1000,0,0,0,1000,0,1000,1000
07245P,台積電凱基99售16,0,0,0,0,0,0,0,0,0,1000,0,0,0,5000,4000,1000,1000
07981P,上銀群益9B售04  ,0,0,0,0,0,0,0,0,0,1000,0,0,0,1000,0,1000,1000
08057P,京鼎群益9B售01  ,0,0,0,0,0,0,0,0,0,1000,0,0,0,35000,34000,1000,1000
07148P,富邦金元大99售01,0,0,0,0,0,0,0,0,0,1000,0,0,0,1000,0,1000,1000
07132P,臺股指元大99售11,0,0,0,0,0,0,0,0,0,1000,0,0,0,1000,0,1000,1000
07142P,台灣50元大01售01,0,0,0,0,0,0,0,0,0,1000,0,0,0,35000,34000,1000,1000
07204P,鴻海凱基99售10  ,0,0,0,0,0,0,0,0,0,1000,0,0,0,1000,0,1000,1000
07052P,臺股指中信9C售02,0,0,0,0,0,0,0,0,0,1000,0,0,0,1000,0,1000,1000
06673P,大立光群益98售01,0,0,0,0,0,0,0,0,0,1000,0,0,0,1000,0,1000,1000
06746P,聯發科群益99售02,0,0,0,0,0,0,0,0,0,1000,0,0,0,11000,10000,1000,1000
064888,景碩中信9C購01  ,0,0,0,0,0,0,0,0,0,1000,0,0,0,2000,1000,1000,1000
06504P,麗豐國票99售02  ,0,0,0,0,0,0,0,0,0,1000,0,0,0,1000,0,1000,1000
065227,金像電凱基9C購01,0,0,0,0,0,0,0,0,0,1000,0,0,0,41000,40000,1000,1000
065243,聯發科兆豐01購03,0,0,0,0,0,0,0,0,0,1000,0,0,0,16000,15000,1000,1000
065191,南電統一01購03  ,0,0,0,0,0,0,0,0,0,1000,0,0,0,2000,1000,1000,1000
06517P,國巨凱基98售09  ,0,0,0,0,0,0,0,0,0,1000,0,0,0,1000,0,1000,1000
065801,瑞昱群益9C購04  ,0,0,0,0,0,0,0,0,0,1000,0,0,0,94000,93000,1000,1000
065618,電子類元大9C購01,0,0,0,0,0,0,0,0,0,1000,0,0,0,1000,0,1000,1000
065441,義隆麥證9C購01  ,0,0,0,1000,0,1000,0,0,0,1000,0,0,0,1000,0,1000,1000
056150,台光電凱基98購02,0,0,0,0,0,0,0,0,0,1000,0,0,0,4000,3000,1000,1000
056193,聯發科富邦99購08,0,0,0,0,0,0,0,0,0,1000,0,0,0,1000,0,1000,1000
056252,聯發科兆豐97購03,0,0,0,0,0,0,0,0,0,1000,0,0,0,1000,0,1000,1000
056230,可成凱基98購03  ,0,0,0,0,0,0,0,0,0,1000,0,0,0,1000,0,1000,1000
056089,同欣電統一98購01,0,0,0,0,0,0,0,0,0,1000,0,0,0,2000,1000,1000,1000
056977,國巨群益9A購01  ,0,0,0,0,0,0,0,0,0,1000,0,0,0,1000,0,1000,1000
056978,技嘉群益99購01  ,0,0,0,0,0,0,0,0,0,1000,0,0,0,1000,0,1000,1000
056979,微星群益98購01  ,0,0,0,0,0,0,0,0,0,1000,0,0,0,1000,0,1000,1000
057029,緯穎凱基98購04  ,0,0,0,0,0,0,0,0,0,1000,0,0,0,1000,0,1000,1000
057040,國巨元大98購12  ,0,0,0,0,0,0,0,0,0,1000,0,0,0,5000,4000,1000,1000
056295,國巨元大97購16  ,0,0,0,0,0,0,0,0,0,1000,0,0,0,10000,9000,1000,1000
057022,智邦凱基98購04  ,0,0,0,0,0,0,0,0,0,1000,0,0,0,1000,0,1000,1000
057006,國巨中信98購03  ,0,0,0,0,0,0,0,0,0,1000,0,0,0,1000,0,1000,1000
056421,鴻海統一98購08  ,0,0,0,0,0,0,0,0,0,1000,0,0,0,1000,0,1000,1000
056414,國巨中信98購02  ,0,0,0,0,0,0,0,0,0,1000,0,0,0,1000,0,1000,1000
056340,可成凱基98購04  ,0,0,0,0,0,0,0,0,0,1000,0,0,0,1000,0,1000,1000
056379,玉晶光元富98購01,0,0,0,0,0,0,0,0,0,1000,0,0,0,1000,0,1000,1000
057832,聯發科元富02購05,0,0,0,0,0,0,0,0,0,1000,0,0,0,1000,0,1000,1000
057868,大立光凱基98購18,0,0,0,0,0,0,0,0,0,1000,0,0,0,1000,0,1000,1000
057573,京鼎永豐98購02  ,0,0,0,0,0,0,0,0,0,1000,0,0,0,3000,2000,1000,1000
057297,新日興永豐98購01,0,0,0,0,0,0,0,0,0,1000,0,0,0,2000,1000,1000,1000
057314,全新麥證98購01  ,0,0,0,10000,9000,1000,0,0,0,1000,0,0,0,10000,9000,1000,1000
057308,同欣電兆豐99購01,0,0,0,0,0,0,0,0,0,1000,0,0,0,1000,0,1000,1000
057501,超眾群益98購04  ,0,0,0,0,0,0,0,0,0,1000,0,0,0,1000,0,1000,1000
057472,T50正2元大9B購03,0,0,0,0,0,0,0,0,0,1000,0,0,0,1000,0,1000,1000
060301,國巨富邦9C購02  ,0,0,0,0,0,0,0,0,0,1000,0,0,0,1000,0,1000,1000
060254,世紀鋼元大9A購01,0,0,0,0,0,0,0,0,0,1000,0,0,0,34000,33000,1000,1000
059230,滬深2X國票9B購02,0,0,0,0,0,0,0,0,0,1000,0,0,0,1000,0,1000,1000
059215,台積電元大99購28,0,0,0,0,0,0,0,0,0,1000,0,0,0,1000,0,1000,1000
059252,聯詠凱基99購03  ,0,0,0,0,0,0,0,0,0,1000,0,0,0,1000,0,1000,1000
060522,鴻海中信9A購03  ,0,0,0,0,0,0,0,0,0,1000,0,0,0,1000,0,1000,1000
060529,聯發科中信9A購04,0,0,0,0,0,0,0,0,0,1000,0,0,0,1000,0,1000,1000
058439,玉晶光統一01購02,0,0,0,0,0,0,0,0,0,1000,0,0,0,1000,0,1000,1000
057126,台積電凱基99購03,0,0,0,0,0,0,0,0,0,1000,0,0,0,1000,0,1000,1000
056502,A50正2永豐98購01,0,0,0,0,0,0,0,0,0,1000,0,0,0,1000,0,1000,1000
056552,台表科凱基99購01,0,0,0,0,0,0,0,0,0,1000,0,0,0,1000,0,1000,1000
056616,台光電永豐98購01,0,0,0,0,0,0,0,0,0,1000,0,0,0,1000,0,1000,1000
056681,鴻海統一98購09  ,0,0,0,0,0,0,0,0,0,1000,0,0,0,505000,504000,1000,1000
057654,A50正2中信98購01,0,0,0,0,0,0,0,0,0,1000,0,0,0,1000,0,1000,1000
056749,滬深2X兆豐99購01,0,0,0,0,0,0,0,0,0,1000,0,0,0,1000,0,1000,1000
055417,健策富邦98購02  ,0,0,0,0,0,0,0,0,0,1000,0,0,0,14000,13000,1000,1000
055305,旺宏群益99購01  ,0,0,0,0,0,0,0,0,0,1000,0,0,0,1000,0,1000,1000
055311,健策群益98購02  ,0,0,0,0,0,0,0,0,0,1000,0,0,0,2000,1000,1000,1000
055290,玉晶光元大98購08,0,0,0,0,0,0,0,0,0,1000,0,0,0,1000,0,1000,1000
057753,臺股指國票98購09,0,0,0,0,0,0,0,0,0,1000,0,0,0,1000,0,1000,1000
056875,亞光凱基98購03  ,0,0,0,0,0,0,0,0,0,1000,0,0,0,1000,0,1000,1000
057273,智邦元大98購05  ,0,0,0,0,0,0,0,0,0,1000,0,0,0,1000,0,1000,1000
054770,健策國票98購01  ,0,0,0,0,0,0,0,0,0,1000,0,0,0,1000,0,1000,1000
054495,滬深2X永豐97購02,0,0,0,0,0,0,0,0,0,1000,0,0,0,1000,0,1000,1000
054259,健策元大97購03  ,0,0,0,0,0,0,0,0,0,1000,0,0,0,1000,0,1000,1000
055995,華擎國泰99購01  ,0,0,0,0,0,0,0,0,0,1000,0,0,0,1000,0,1000,1000
053258,上証2X群益9A購03,0,0,0,0,0,0,0,0,0,1000,0,0,0,1000,0,1000,1000
052788,開發金中信98購02,0,0,0,0,0,0,0,0,0,1000,0,0,0,1000,0,1000,1000
045053,聯發科元富98購01,0,0,0,0,0,0,0,0,0,1000,0,0,0,1623000,1622000,1000,1000
03039X,元展36          ,0,0,0,0,0,0,0,0,0,1000,0,0,0,1000,0,1000,1000
03094X,大立光元大68展08,0,0,0,0,0,0,0,0,0,1000,0,0,0,1000,0,1000,1000
03027X,元展24          ,0,0,0,0,0,0,0,0,0,1000,0,0,0,1000,0,1000,1000
03429B,臺股指元富97熊07,0,0,0,0,0,0,0,0,0,1000,0,0,0,1000,0,1000,1000
006204,永豐臺灣加權    ,0,0,0,0,0,0,0,0,0,1000,0,0,0,4000,3000,1000,1000
00681R,元大美債20反1   ,0,0,0,0,0,0,0,0,0,1000,0,0,0,1000,0,1000,1000
00657,國泰日經225     ,0,0,0,0,0,0,0,0,0,1000,0,0,0,101000,100000,1000,1000
020006,永昌中小300N    ,0,0,0,0,0,0,0,0,0,1000,0,0,0,1000,0,1000,1000
052417,聯發科兆豐9B購01,0,0,0,0,0,0,0,0,0,1000,0,0,0,1000,0,1000,1000
055579,健策統一9A購01  ,0,0,0,0,0,0,0,0,0,1000,0,0,0,13000,12000,1000,1000
053351,A50正2兆豐97購01,0,0,0,0,0,0,0,0,0,1000,0,0,0,1000,0,1000,1000
053401,臺股指中信99購01,0,0,0,0,0,0,0,0,0,1000,0,0,0,19000,18000,1000,1000
053522,臺股指群益99購01,0,0,0,0,0,0,0,0,0,1000,0,0,0,1000,0,1000,1000
052142,滬深2X群益99購04,0,0,0,0,0,0,0,0,0,1000,0,0,0,1000,0,1000,1000
051907,台積電元大97購05,0,0,0,0,0,0,0,0,0,1000,0,0,0,1000,0,1000,1000
051576,台積電元大97購02,0,0,0,0,0,0,0,0,0,1000,0,0,0,1000,0,1000,1000
051469,友達日盛9B購01  ,0,0,0,0,0,0,0,0,0,1000,0,0,0,1000,0,1000,1000
046159,群創群益98購04  ,0,0,0,0,0,0,0,0,0,1000,0,0,0,1000,0,1000,1000
050316,上証2X國票98購01,0,0,0,0,0,0,0,0,0,1000,0,0,0,1000,0,1000,1000
049593,群創元大9A購01  ,0,0,0,0,0,0,0,0,0,1000,0,0,0,1000,0,1000,1000
055482,聚陽元大97購02  ,0,0,0,0,0,0,0,0,0,1000,0,0,0,1000,0,1000,1000
055512,聯詠兆豐97購01  ,0,0,0,0,0,0,0,0,0,1000,0,0,0,51000,50000,1000,1000
055456,上銀富邦99購01  ,0,0,0,0,0,0,0,0,0,1000,0,0,0,1000,0,1000,1000
055523,道瓊銀群益9A購01,0,0,0,0,0,0,0,0,0,1000,0,0,0,1000,0,1000,1000
060718,中磊永豐9A購01  ,0,0,0,0,0,0,0,0,0,1000,0,0,0,207000,206000,1000,1000
060547,瑞昱凱基9A購01  ,0,0,0,0,0,0,0,0,0,1000,0,0,0,1000,0,1000,1000
060595,台灣50凱基04購04,0,0,0,0,0,0,0,0,0,1000,0,0,0,21000,20000,1000,1000
059351,台虹凱基99購01  ,0,0,0,0,0,0,0,0,0,1000,0,0,0,80000,79000,1000,1000
058550,南亞科永豐99購01,0,0,0,0,0,0,0,0,0,1000,0,0,0,24000,23000,1000,1000
060962,義隆凱基9B購01  ,0,0,0,0,0,0,0,0,0,1000,0,0,0,21000,20000,1000,1000
060942,智邦國票9A購02  ,0,0,0,0,0,0,0,0,0,1000,0,0,0,1000,0,1000,1000
060937,T50反1國票9A購10,0,0,0,0,0,0,0,0,0,1000,0,0,0,1000,0,1000,1000
058024,台積電國泰9A購01,0,0,0,0,0,0,0,0,0,1000,0,0,0,1000,0,1000,1000
058062,上銀中信98購01  ,0,0,0,0,0,0,0,0,0,1000,0,0,0,101000,100000,1000,1000
058109,台灣50元富9B購01,0,0,0,0,0,0,0,0,0,1000,0,0,0,1000,0,1000,1000
058095,昇陽半元大98購03,0,0,0,0,0,0,0,0,0,1000,0,0,0,17000,16000,1000,1000
058698,華通元大99購05  ,0,0,0,0,0,0,0,0,0,1000,0,0,0,10000,9000,1000,1000
058354,台積電凱基9A購06,0,0,0,0,0,0,0,0,0,1000,0,0,0,1000,0,1000,1000
058358,技嘉凱基9A購01  ,0,0,0,0,0,0,0,0,0,1000,0,0,0,2000,1000,1000,1000
061363,儒鴻國票9B購01  ,0,0,0,0,0,0,0,0,0,1000,0,0,0,11000,10000,1000,1000
061326,新日興凱基9B購01,0,0,0,0,0,0,0,0,0,1000,0,0,0,110000,109000,1000,1000
061292,玉晶光統一01購06,0,0,0,0,0,0,0,0,0,1000,0,0,0,1000,0,1000,1000
061298,華新科富邦01購02,0,0,0,0,0,0,0,0,0,1000,0,0,0,1000,0,1000,1000
061247,玉晶光群益9A購09,0,0,0,0,0,0,0,0,0,1000,0,0,0,2000,1000,1000,1000
058625,旺宏國票9A購01  ,0,0,0,0,0,0,0,0,0,1000,0,0,0,21000,20000,1000,1000
058633,台灣50兆豐99購01,0,0,0,0,0,0,0,0,0,1000,0,0,0,1000,0,1000,1000
058597,瑞昱台新99購01  ,0,0,0,0,0,0,0,0,0,1000,0,0,0,1000,0,1000,1000
061390,大立光群益9A購04,0,0,0,0,0,0,0,0,0,1000,0,0,0,1000,0,1000,1000
061450,嘉晶中信9A購01  ,0,0,0,0,0,0,0,0,0,1000,0,0,0,1000,0,1000,1000
061425,華新科元大9A購19,0,0,0,0,0,0,0,0,0,1000,0,0,0,71000,70000,1000,1000
059505,上証2X永豐99購02,0,0,0,0,0,0,0,0,0,1000,0,0,0,1000,0,1000,1000
059019,元石油統一9B購03,0,0,0,0,0,0,0,0,0,1000,0,0,0,1000,0,1000,1000
058938,台積電中信01購03,0,0,0,0,0,0,0,0,0,1000,0,0,0,21000,20000,1000,1000
059640,聯詠凱基99購04  ,0,0,0,0,0,0,0,0,0,1000,0,0,0,1000,0,1000,1000
059702,台積電凱基9A購14,0,0,0,0,0,0,0,0,0,1000,0,0,0,1000,0,1000,1000
059758,滬深2X永豐99購05,0,0,0,0,0,0,0,0,0,1000,0,0,0,1000,0,1000,1000
059731,康控元大99購04  ,0,0,0,0,0,0,0,0,0,1000,0,0,0,6000,5000,1000,1000
059608,聯發科富邦9B購04,0,0,0,0,0,0,0,0,0,1000,0,0,0,1000,0,1000,1000
059591,台積電元大9A購04,0,0,0,0,0,0,0,0,0,1000,0,0,0,1000,0,1000,1000
059114,華新科永豐99購05,0,0,0,0,0,0,0,0,0,1000,0,0,0,1000,0,1000,1000
059941,聯發科永豐99購04,0,0,0,0,0,0,0,0,0,1000,0,0,0,1000,0,1000,1000
059892,台灣50台新9A購02,0,0,0,0,0,0,0,0,0,1000,0,0,0,1000,0,1000,1000
059993,上銀元富99購01  ,0,0,0,0,0,0,0,0,0,1000,0,0,0,1000,0,1000,1000
062071,華通元大9B購02  ,0,0,0,0,0,0,0,0,0,1000,0,0,0,28000,27000,1000,1000
062141,遠東新國票9B購01,0,0,0,0,0,0,0,0,0,1000,0,0,0,1000,0,1000,1000
061794,國巨永豐9B購01  ,0,0,0,0,0,0,0,0,0,1000,0,0,0,1000,0,1000,1000
061777,臺指反群益9B購01,0,0,0,0,0,0,0,0,0,1000,0,0,0,1000,0,1000,1000
061585,台積電富邦9B購06,0,0,0,0,0,0,0,0,0,1000,0,0,0,1000,0,1000,1000
060103,聯詠元大99購01  ,0,0,0,0,0,0,0,0,0,1000,0,0,0,1000,0,1000,1000
060160,聯陽永豐9A購01  ,0,0,0,0,0,0,0,0,0,1000,0,0,0,1000,0,1000,1000
062771,臺股指凱基9B購15,0,0,0,0,0,0,0,0,0,1000,0,0,0,1000,0,1000,1000
06291P,臺股指國票97售05,0,0,0,0,0,0,0,0,0,1000,0,0,0,1000,0,1000,1000
062646,聯發科國泰01購02,0,0,0,0,0,0,0,0,0,1000,0,0,0,1000,0,1000,1000
062357,國巨元大9B購11  ,0,0,0,0,0,0,0,0,0,1000,0,0,0,1000,0,1000,1000
062176,元金2X元大9B購01,0,0,0,0,0,0,0,0,0,1000,0,0,0,1000,0,1000,1000
062499,鴻海群益01購01  ,0,0,0,0,0,0,0,0,0,1000,0,0,0,52000,51000,1000,1000
062500,國巨群益01購01  ,0,0,0,0,0,0,0,0,0,1000,0,0,0,21000,20000,1000,1000
062415,聯茂中信9C購01  ,0,0,0,0,0,0,0,0,0,1000,0,0,0,60000,59000,1000,1000
063266,聯發科第一9B購01,0,0,0,0,0,0,0,0,0,1000,0,0,0,1000,0,1000,1000
063292,致新元大9B購02  ,0,0,0,0,0,0,0,0,0,1000,0,0,0,292000,291000,1000,1000
063523,微星凱基9B購03  ,0,0,0,0,0,0,0,0,0,1000,0,0,0,1000,0,1000,1000
06292P,臺股指國票97售06,0,0,0,0,0,0,0,0,0,1000,0,0,0,1000,0,1000,1000
062979,茂林元富9B購01  ,0,0,0,0,0,0,0,0,0,1000,0,0,0,10000,9000,1000,1000
064215,康控凱基02購01  ,0,0,0,0,0,0,0,0,0,1000,0,0,0,161000,160000,1000,1000
064231,鴻海統一01購03  ,0,0,0,0,0,0,0,0,0,1000,0,0,0,11000,10000,1000,1000
06435P,臺股指群益98售02,0,0,0,0,0,0,0,0,0,1000,0,0,0,8000,7000,1000,1000
064534,京元電國票01購01,0,0,0,0,0,0,0,0,0,1000,0,0,0,10000,9000,1000,1000
064041,國巨統一01購07  ,0,0,0,0,0,0,0,0,0,1000,0,0,0,30000,29000,1000,1000
063972,緯創國票9C購01  ,0,0,0,0,0,0,0,0,0,1000,0,0,0,7000,6000,1000,1000
063823,T50反1國票01購02,0,0,0,0,0,0,0,0,0,1000,0,0,0,1000,0,1000,1000
063784,華通中信06購01  ,0,0,0,0,0,0,0,0,0,1000,0,0,0,50000,49000,1000,1000
063599,智邦凱基9B購04  ,0,0,0,0,0,0,0,0,0,1000,0,0,0,28000,27000,1000,1000
063576,台表科元大9B購08,0,0,0,0,0,0,0,0,0,1000,0,0,0,89000,88000,1000,1000
063695,上銀第一9B購01  ,0,0,0,0,0,0,0,0,0,1000,0,0,0,1000,0,1000,1000
9931,欣高            ,1000,0,1000,0,0,0,0,0,0,0,0,0,0,0,0,0,1000
8482,商億-KY         ,1000,0,1000,0,0,0,0,0,0,0,0,0,0,0,0,0,1000
8497,格威傳媒        ,1000,0,1000,0,0,0,0,0,0,0,0,0,0,0,0,0,1000
8940,新天地          ,2000,1000,1000,0,0,0,0,0,0,0,0,0,0,0,0,0,1000
6464,台數科          ,1000,0,1000,0,0,0,0,0,0,0,0,0,0,0,0,0,1000
8427,基勝-KY         ,1000,0,1000,0,0,0,0,0,0,0,0,0,0,0,0,0,1000
8101,華冠            ,0,0,0,0,0,0,0,0,0,1000,1000,0,1000,0,0,0,1000
2028,威致            ,1000,0,1000,0,0,0,0,0,0,0,0,0,0,0,0,0,1000
2024,志聯            ,2000,1000,1000,0,0,0,0,0,0,0,0,0,0,0,0,0,1000
2033,佳大            ,2000,2000,0,0,0,0,0,0,0,1000,1000,0,1000,0,0,0,1000
1727,中華化          ,1000,0,1000,0,0,0,0,0,0,0,0,0,0,0,0,0,1000
1446,宏和            ,10000,9000,1000,0,0,0,0,0,0,0,0,0,0,0,0,0,1000
1465,偉全            ,2000,1000,1000,0,0,0,0,0,0,0,0,0,0,0,0,0,1000
1236,宏亞            ,1000,0,1000,0,0,0,0,0,0,0,0,0,0,0,0,0,1000
08497P,華新科國票01售02,0,0,0,0,0,0,0,0,0,1000,0,0,0,1000,0,1000,1000
08369P,鴻海凱基01售04  ,0,0,0,0,0,0,0,0,0,1000,0,0,0,1000,0,1000,1000
2543,皇昌            ,3000,2000,1000,0,0,0,0,0,0,0,0,0,0,0,0,0,1000
2702,華園            ,10000,9000,1000,0,0,0,0,0,0,0,0,0,0,0,0,0,1000
2712,遠雄來          ,1000,0,1000,0,0,0,0,0,0,0,0,0,0,0,0,0,1000
3021,鴻名            ,0,1000,-1000,0,0,0,0,0,0,2000,2000,0,2000,0,0,0,1000
3010,華立            ,110000,109000,1000,0,0,0,0,0,0,0,0,0,0,0,0,0,1000
2438,翔耀            ,1000,0,1000,0,0,0,0,0,0,0,0,0,0,0,0,0,1000
5538,東明-KY         ,1000,0,1000,0,0,0,0,0,0,0,0,0,0,0,0,0,1000
3058,立德            ,3000,2000,1000,0,0,0,0,0,0,0,0,0,0,0,0,0,1000
4133,亞諾法          ,35000,33000,2000,0,0,0,0,0,0,-1000,1000,2000,-1000,0,0,0,1000
00636K,國泰中國A50+U   ,0,0,0,0,0,0,0,0,0,400,0,0,0,400,0,400,400
065392,華通群益01購02  ,0,0,0,0,0,0,0,0,0,0,0,0,0,9000,9000,0,0
065410,國巨永豐9C購01  ,0,0,0,0,0,0,0,0,0,0,0,0,0,2000,2000,0,0
065594,華通元大01購02  ,0,0,0,0,0,0,0,0,0,0,0,0,0,15000,15000,0,0
065691,國巨群益9C購16  ,0,0,0,0,0,0,0,0,0,0,0,0,0,11000,11000,0,0
065798,華通群益01購03  ,0,0,0,0,0,0,0,0,0,0,0,0,0,9000,9000,0,0
065763,台表科元大9C購14,0,0,0,0,0,0,0,0,0,0,0,0,0,22000,22000,0,0
065867,鴻海群益9C購08  ,0,0,0,0,0,0,0,0,0,0,0,0,0,5000,5000,0,0
065868,燿華群益02購01  ,0,0,0,0,0,0,0,0,0,0,0,0,0,100000,100000,0,0
065860,南電元大02購01  ,0,0,0,0,0,0,0,0,0,0,0,0,0,50000,50000,0,0
065934,智邦群益01購02  ,0,0,0,0,0,0,0,0,0,0,0,0,0,65000,65000,0,0
065935,金像電群益01購03,0,0,0,0,0,0,0,0,0,0,0,0,0,51000,51000,0,0
065181,南電元大01購01  ,0,0,0,0,0,0,0,0,0,0,0,0,0,1000,1000,0,0
065197,景碩元富06購01  ,0,0,0,0,0,0,0,0,0,0,0,0,0,30000,30000,0,0
065232,健策凱基02購01  ,0,0,0,0,0,0,0,0,0,0,0,0,0,1000,1000,0,0
065149,遠東新群益9C購01,0,0,0,0,0,0,0,0,0,0,0,0,0,6000,6000,0,0
065254,大成鋼元大9C購01,0,0,0,0,0,0,0,0,0,0,0,0,0,24000,24000,0,0
06527P,T50正2富邦9C售01,0,0,0,0,0,0,0,0,0,0,0,0,0,10000,10000,0,0
065298,健策統一9C購06  ,0,0,0,0,0,0,0,0,0,0,0,0,0,200000,200000,0,0
065066,南電群益9C購02  ,0,0,0,0,0,0,0,0,0,0,0,0,0,50000,50000,0,0
064966,FBVIX元大9C購03 ,0,0,0,0,0,0,0,0,0,0,0,0,0,175000,175000,0,0
064932,緯穎統一01購04  ,0,0,0,0,0,0,0,0,0,0,0,0,0,9000,9000,0,0
064912,國巨統一01購09  ,0,0,0,0,0,0,0,0,0,0,0,0,0,1000,1000,0,0
06758P,鴻海元大98售10  ,0,0,0,0,0,0,0,0,0,0,0,0,0,10000,10000,0,0
06806P,臺股指群益98售12,0,0,0,0,0,0,0,0,0,0,0,0,0,3000,3000,0,0
06777P,鴻海元大99售06  ,0,0,0,0,0,0,0,0,0,0,0,0,0,8000,8000,0,0
06876P,台灣50兆豐9B售01,0,0,0,0,0,0,0,0,0,0,0,0,0,20000,20000,0,0
06714P,台積電元大98售15,0,0,0,0,0,0,0,0,0,0,0,0,0,100000,100000,0,0
06647P,台積電元大98售13,0,0,0,0,0,0,0,0,0,0,0,0,0,100000,100000,0,0
066494,旺宏國泰03購01  ,0,0,0,0,0,0,0,0,0,0,0,0,0,100000,100000,0,0
066427,牧德元大02購03  ,0,0,0,0,0,0,0,0,0,0,0,0,0,16000,16000,0,0
066437,台泥群益02購01  ,0,0,0,0,0,0,0,0,0,0,0,0,0,56000,56000,0,0
06930P,台積電元大98售19,0,0,0,0,0,0,0,0,0,0,0,0,0,160000,160000,0,0
07190P,臺股指富邦9C售02,0,0,0,0,0,0,0,0,0,0,0,0,0,2000,2000,0,0
066029,神達群益02購01  ,0,0,0,0,0,0,0,0,0,0,0,0,0,1000,1000,0,0
066166,大毅凱基02購01  ,0,0,0,0,0,0,0,0,0,0,0,0,0,9000,9000,0,0
066167,強茂凱基01購01  ,0,0,0,0,0,0,0,0,0,0,0,0,0,19000,19000,0,0
066134,強茂群益01購01  ,0,0,0,0,0,0,0,0,0,0,0,0,0,10000,10000,0,0
066109,南電國票02購01  ,0,0,0,0,0,0,0,0,0,0,0,0,0,200000,200000,0,0
066131,群光群益02購01  ,0,0,0,0,0,0,0,0,0,0,0,0,0,33000,33000,0,0
066182,康控凱基01購01  ,0,0,0,0,0,0,0,0,0,0,0,0,0,74000,74000,0,0
066201,大毅統一02購01  ,0,0,0,0,0,0,0,0,0,0,0,0,0,20000,20000,0,0
06631P,玉晶光群益9A售03,0,0,0,0,0,0,0,0,0,0,0,0,0,100000,100000,0,0
066418,京元電元大01購02,0,0,0,0,0,0,0,0,0,0,0,0,0,25000,25000,0,0
06638P,鴻海統一99售02  ,0,0,0,0,0,0,0,0,0,0,0,0,0,1000,1000,0,0
066399,聯鈞凱基01購02  ,0,0,0,0,0,0,0,0,0,0,0,0,0,4000,4000,0,0
066400,健策凱基02購02  ,0,0,0,0,0,0,0,0,0,0,0,0,0,10000,10000,0,0
066368,聯鈞中信01購01  ,0,0,0,0,0,0,0,0,0,0,0,0,0,4000,4000,0,0
066266,強茂元大01購01  ,0,0,0,0,0,0,0,0,0,0,0,0,0,18000,18000,0,0
08029P,臺股指元大9B售36,0,0,0,0,0,0,0,0,0,0,0,0,0,15000,15000,0,0
07903P,台積電群益9B售03,0,0,0,0,0,0,0,0,0,0,0,0,0,46000,46000,0,0
08222P,南六凱基9B售05  ,0,0,0,0,0,0,0,0,0,0,0,0,0,30000,30000,0,0
08235P,南電國泰9C售03  ,0,0,0,0,0,0,0,0,0,0,0,0,0,100000,100000,0,0
08158P,嘉澤元富9B售03  ,0,0,0,0,0,0,0,0,0,0,0,0,0,75000,75000,0,0
08139P,華新科元大9B售12,0,0,0,0,0,0,0,0,0,0,0,0,0,4000,4000,0,0
07298P,台灣50元大9C售12,0,0,0,0,0,0,0,0,0,0,0,0,0,30000,30000,0,0
07381P,鴻海群益99售05  ,0,0,0,0,0,0,0,0,0,0,0,0,0,20000,20000,0,0
07352P,台積電國票99售11,0,0,0,0,0,0,0,0,0,0,0,0,0,5000,5000,0,0
07583P,台積電富邦9B售05,0,0,0,0,0,0,0,0,0,0,0,0,0,50000,50000,0,0
07587P,台灣50國票9A售11,0,0,0,0,0,0,0,0,0,0,0,0,0,50000,50000,0,0
07482P,南亞科元富9A售04,0,0,0,0,0,0,0,0,0,0,0,0,0,10000,10000,0,0
07791P,奇鋐元大9A售02  ,0,0,0,0,0,0,0,0,0,0,0,0,0,15000,15000,0,0
07886P,國巨國票9B售06  ,0,0,0,0,0,0,0,0,0,0,0,0,0,1000,1000,0,0
07843P,緯穎元大9A售05  ,0,0,0,0,0,0,0,0,0,0,0,0,0,50000,50000,0,0
07648P,祥碩國票9B售01  ,0,0,0,0,0,0,0,0,0,0,0,0,0,80000,80000,0,0
07673P,電子類元大9A售01,0,0,0,0,0,0,0,0,0,0,0,0,0,10000,10000,0,0
07728P,臺股指凱基9A售20,0,0,0,0,0,0,0,0,0,0,0,0,0,25000,25000,0,0
07749P,台郡凱基9A售01  ,0,0,0,0,0,0,0,0,0,0,0,0,0,40000,40000,0,0
00657K,國泰日經225+U   ,0,0,0,0,0,0,0,0,0,0,0,0,0,100,100,0,0
00668K,國泰美國道瓊+U  ,0,0,0,0,0,0,0,0,0,0,0,0,0,100,100,0,0
00689R,國泰20年美債反1 ,0,0,0,0,0,0,0,0,0,0,0,0,0,100000,100000,0,0
00732,國泰RMB短期報酬 ,1000,1000,0,0,0,0,0,0,0,0,0,0,0,101000,101000,0,0
00707R,元大S&P日圓反1  ,0,0,0,0,0,0,0,0,0,0,0,0,0,1000,1000,0,0
03603P,群創凱基98售04  ,0,0,0,0,0,0,0,0,0,0,0,0,0,50000,50000,0,0
03681C,台灣50凱基02牛02,0,0,0,0,0,0,0,0,0,0,0,0,0,3000,3000,0,0
052766,玉晶光群益9A購01,0,0,0,0,0,0,0,0,0,0,0,0,0,2000,2000,0,0
052676,聯發科永昌98購01,0,0,0,0,0,0,0,0,0,0,0,0,0,20000,20000,0,0
053092,台表科元大97購02,0,260000,-260000,0,0,0,0,0,0,260000,0,0,0,260000,0,260000,0
051756,台積電元大97購04,0,0,0,0,0,0,0,0,0,0,0,0,0,2000,2000,0,0
053474,聯發科元大97購06,0,0,0,0,0,0,0,0,0,0,0,0,0,20000,20000,0,0
053582,英業達元大97購01,0,0,0,0,0,0,0,0,0,0,0,0,0,1000,1000,0,0
053630,奇鋐兆豐97購01  ,0,0,0,0,0,0,0,0,0,0,0,0,0,12000,12000,0,0
053378,台積電元大98購02,0,0,0,0,0,0,0,0,0,0,0,0,0,20000,20000,0,0
055667,致茂群益98購01  ,0,0,0,0,0,0,0,0,0,0,0,0,0,93000,93000,0,0
055590,聯發科元大98購02,0,0,0,0,0,0,0,0,0,0,0,0,0,200000,200000,0,0
055595,宏達電元大98購02,0,0,0,0,0,0,0,0,0,0,0,0,0,6000,6000,0,0
055770,欣興麥證97購01  ,0,0,0,10000,0,10000,0,0,0,0,0,0,0,10000,10000,0,0
055986,祥碩元富97購01  ,0,0,0,0,0,0,0,0,0,0,0,0,0,83000,83000,0,0
055987,台表科元富97購01,0,60000,-60000,0,0,0,0,0,0,60000,0,0,0,60000,0,60000,0
053969,瑞昱元大97購01  ,0,0,0,0,0,0,0,0,0,0,0,0,0,4000,4000,0,0
054387,台積電統一98購02,0,0,0,0,0,0,0,0,0,0,0,0,0,20000,20000,0,0
054080,微星中信98購01  ,0,0,0,0,0,0,0,0,0,0,0,0,0,20000,20000,0,0
05420P,大立光國泰97售03,0,0,0,0,0,0,0,0,0,0,0,0,0,30000,30000,0,0
055092,開發金群益9B購01,0,0,0,0,0,0,0,0,0,0,0,0,0,14000,14000,0,0
057252,牧德元富98購01  ,0,0,0,0,0,0,0,0,0,0,0,0,0,300000,300000,0,0
057241,超眾凱基99購02  ,0,0,0,0,0,0,0,0,0,0,0,0,0,10000,10000,0,0
057790,台積電統一99購04,0,0,0,0,0,0,0,0,0,0,0,0,0,499000,499000,0,0
057222,鴻海國票99購04  ,0,0,0,0,0,0,0,0,0,0,0,0,0,5000,5000,0,0
057218,可成群益99購03  ,0,0,0,0,0,0,0,0,0,0,0,0,0,30000,30000,0,0
057788,嘉聯益國票99購01,0,0,0,0,0,0,0,0,0,0,0,0,0,50000,50000,0,0
057699,可成群益9A購02  ,0,0,0,0,0,0,0,0,0,0,0,0,0,40000,40000,0,0
057700,新日興群益9A購01,0,0,0,0,0,0,0,0,0,0,0,0,0,10000,10000,0,0
056895,技嘉元大98購01  ,0,0,0,0,0,0,0,0,0,0,0,0,0,12000,12000,0,0
057726,華通國泰9A購01  ,0,0,0,0,0,0,0,0,0,0,0,0,0,220000,220000,0,0
057640,台積電元大98購16,0,0,0,0,0,0,0,0,0,0,0,0,0,2000,2000,0,0
057672,茂林元大98購02  ,0,0,0,0,0,0,0,0,0,0,0,0,0,68000,68000,0,0
056795,鴻海麥證98購01  ,0,0,0,3000,0,3000,0,0,0,0,0,0,0,3000,3000,0,0
056796,國巨麥證98購02  ,0,0,0,3000,0,3000,0,0,0,0,0,0,0,3000,3000,0,0
056800,臺股指麥證98購01,0,0,0,14000,14000,0,0,0,0,0,0,0,0,14000,14000,0,0
056682,鴻海統一98購10  ,0,0,0,0,0,0,0,0,0,0,0,0,0,5000,5000,0,0
056667,上銀國票99購01  ,0,0,0,0,0,0,0,0,0,0,0,0,0,1000,1000,0,0
056580,泰鼎元大9A購01  ,0,0,0,0,0,0,0,0,0,0,0,0,0,10000,10000,0,0
056532,技嘉凱基98購01  ,0,0,0,0,0,0,0,0,0,0,0,0,0,2000,2000,0,0
05651P,大立光元大97售02,0,0,0,0,0,0,0,0,0,0,0,0,0,50000,50000,0,0
056504,國巨永豐98購02  ,0,0,0,0,0,0,0,0,0,0,0,0,0,2000,2000,0,0
056518,美律國票99購01  ,0,0,0,0,0,0,0,0,0,0,0,0,0,10000,10000,0,0
056484,聯茂元大98購02  ,0,0,0,0,0,0,0,0,0,0,0,0,0,10000,10000,0,0
057133,京鼎凱基98購02  ,0,0,0,0,0,0,0,0,0,0,0,0,0,60000,60000,0,0
056737,國巨凱基9A購01  ,0,0,0,0,0,0,0,0,0,0,0,0,0,4000,4000,0,0
05793P,臺股指中信99售08,0,0,0,0,0,0,0,0,0,0,0,0,0,3000,3000,0,0
060542,上銀凱基9A購04  ,0,0,0,0,0,0,0,0,0,0,0,0,0,10000,10000,0,0
060462,鴻海元大9A購10  ,0,0,0,0,0,0,0,0,0,0,0,0,0,6000,6000,0,0
059259,FBVIX中信03購06 ,0,0,0,0,0,0,0,0,0,0,0,0,0,12000,12000,0,0
059237,鴻海凱基9A購10  ,0,0,0,0,0,0,0,0,0,0,0,0,0,7000,7000,0,0
059301,華新科群益99購04,0,0,0,0,0,0,0,0,0,0,0,0,0,3000,3000,0,0
059273,臺指反元大9C購03,0,0,0,0,0,0,0,0,0,0,0,0,0,10000,10000,0,0
059276,可成元大99購06  ,0,0,0,0,0,0,0,0,0,0,0,0,0,10000,10000,0,0
057477,智邦元大98購09  ,0,0,0,0,0,0,0,0,0,0,0,0,0,4000,4000,0,0
057505,健策麥證98購01  ,0,0,0,20000,0,20000,0,0,0,0,0,0,0,20000,20000,0,0
057526,智邦元大98購10  ,0,0,0,0,0,0,0,0,0,0,0,0,0,2000,2000,0,0
057557,聯茂凱基99購04  ,0,0,0,0,0,0,0,0,0,0,0,0,0,4000,4000,0,0
057984,聯發科台新98購01,0,0,0,0,0,0,0,0,0,0,0,0,0,10000,10000,0,0
057815,信邦元大98購01  ,0,0,0,0,0,0,0,0,0,0,0,0,0,27000,27000,0,0
056354,國巨元大98購10  ,0,0,0,0,0,0,0,0,0,0,0,0,0,5000,5000,0,0
056430,鴻海凱基98購06  ,0,0,0,0,0,0,0,0,0,0,0,0,0,6000,6000,0,0
056326,TPK兆豐98購01   ,0,0,0,0,0,0,0,0,0,0,0,0,0,120000,120000,0,0
056330,玉晶光國票99購03,0,0,0,0,0,0,0,0,0,0,0,0,0,10000,10000,0,0
056307,貿聯元大97購05  ,0,0,0,0,0,0,0,0,0,0,0,0,0,45000,45000,0,0
056076,超眾元大97購05  ,0,0,0,0,0,0,0,0,0,0,0,0,0,8000,8000,0,0
056065,奇鋐元大97購01  ,0,0,0,0,0,0,0,0,0,0,0,0,0,100000,100000,0,0
056041,禾伸堂凱基98購03,0,0,0,0,0,0,0,0,0,0,0,0,0,23000,23000,0,0
060165,上緯控永豐9A購01,0,0,0,0,0,0,0,0,0,0,0,0,0,40000,40000,0,0
060091,技嘉元大99購03  ,0,0,0,0,0,0,0,0,0,0,0,0,0,1000,1000,0,0
061581,貿聯元大9A購05  ,0,0,0,0,0,0,0,0,0,0,0,0,0,65000,65000,0,0
061558,旺宏國票9B購02  ,0,0,0,0,0,0,0,0,0,0,0,0,0,8000,8000,0,0
061545,華新科群益9A購09,0,0,0,0,0,0,0,0,0,0,0,0,0,1000,1000,0,0
061529,國巨台新9A購02  ,0,0,0,0,0,0,0,0,0,0,0,0,0,1000,1000,0,0
061772,健策元大9B購06  ,0,0,0,0,0,0,0,0,0,0,0,0,0,3000,3000,0,0
061644,健策元大9C購02  ,0,0,0,0,0,0,0,0,0,0,0,0,0,80000,80000,0,0
061707,超眾國票9B購01  ,0,0,0,0,0,0,0,0,0,0,0,0,0,4000,4000,0,0
061710,國巨凱基9A購18  ,0,0,0,0,0,0,0,0,0,0,0,0,0,5000,5000,0,0
062135,國巨群益9B購05  ,0,0,0,0,0,0,0,0,0,0,0,0,0,1000,1000,0,0
062118,華新科中信9B購02,0,0,0,0,0,0,0,0,0,0,0,0,0,10000,10000,0,0
062124,大立光統一9B購09,0,0,0,0,0,0,0,0,0,0,0,0,0,3000,3000,0,0
062083,健策元大9C購03  ,0,0,0,0,0,0,0,0,0,0,0,0,0,14000,14000,0,0
062095,旺宏富邦9C購03  ,0,0,0,0,0,0,0,0,0,0,0,0,0,10000,10000,0,0
062053,華通統一9C購02  ,0,1000,-1000,0,0,0,0,0,0,1000,0,0,0,1000,0,1000,0
062047,緯穎凱基9B購01  ,0,0,0,0,0,0,0,0,0,0,0,0,0,80000,80000,0,0
06202P,大立光元大98售06,0,0,0,0,0,0,0,0,0,0,0,0,0,150000,150000,0,0
061850,國巨國票9C購02  ,0,0,0,0,0,0,0,0,0,0,0,0,0,1000,1000,0,0
061858,南電國票9B購02  ,0,0,0,0,0,0,0,0,0,0,0,0,0,1000,1000,0,0
061870,智邦元大9B購02  ,0,0,0,0,0,0,0,0,0,0,0,0,0,6000,6000,0,0
061871,瑞昱元大9B購01  ,0,0,0,0,0,0,0,0,0,0,0,0,0,2000,2000,0,0
061964,台積電統一01購05,0,0,0,0,0,0,0,0,0,0,0,0,0,75000,75000,0,0
061946,鴻海群益9B購03  ,0,0,0,0,0,0,0,0,0,0,0,0,0,6000,6000,0,0
061959,鴻海統一9B購04  ,0,0,0,0,0,0,0,0,0,0,0,0,0,108000,108000,0,0
060037,鴻海國票99購10  ,0,0,0,0,0,0,0,0,0,0,0,0,0,5000,5000,0,0
059864,亞德客凱基99購01,0,0,0,0,0,0,0,0,0,0,0,0,0,2000,2000,0,0
059161,鴻海凱基9A購09  ,0,0,0,0,0,0,0,0,0,0,0,0,0,4000,4000,0,0
059156,台灣50凱基01購03,0,0,0,0,0,0,0,0,0,0,0,0,0,20000,20000,0,0
059588,鴻海元大99購32  ,0,0,0,0,0,0,0,0,0,0,0,0,0,5000,5000,0,0
059788,華新科元大9A購05,0,0,0,0,0,0,0,0,0,0,0,0,0,24000,24000,0,0
059716,鴻海元大99購35  ,0,0,0,0,0,0,0,0,0,0,0,0,0,11000,11000,0,0
059717,國巨元大99購21  ,0,0,0,0,0,0,0,0,0,0,0,0,0,5000,5000,0,0
058980,鴻海凱基99購06  ,0,0,0,0,0,0,0,0,0,0,0,0,0,16000,16000,0,0
058998,鴻海元大99購22  ,0,0,0,0,0,0,0,0,0,0,0,0,0,8000,8000,0,0
059056,技嘉凱基99購02  ,0,0,0,0,0,0,0,0,0,0,0,0,0,1000,1000,0,0
059073,元油2X元大9C購14,0,0,0,0,0,0,0,0,0,0,0,0,0,4000,4000,0,0
059084,鴻海元大99購24  ,0,0,0,0,0,0,0,0,0,0,0,0,0,1000,1000,0,0
05952P,台積電國票97售06,0,0,0,0,0,0,0,0,0,0,0,0,0,3000,3000,0,0
059572,華新科凱基99購08,0,0,0,0,0,0,0,0,0,0,0,0,0,3000,3000,0,0
059562,上銀凱基99購09  ,0,0,0,0,0,0,0,0,0,0,0,0,0,10000,10000,0,0
058743,可成康和99購01  ,0,0,0,0,0,0,0,0,0,0,0,0,0,3000,3000,0,0
059467,旺宏元大99購15  ,0,0,0,0,0,0,0,0,0,0,0,0,0,2000,2000,0,0
058735,南茂永豐99購01  ,0,0,0,0,0,0,0,0,0,0,0,0,0,341000,341000,0,0
058729,國巨永豐99購03  ,0,0,0,0,0,0,0,0,0,0,0,0,0,2000,2000,0,0
058799,晶技元大99購04  ,0,0,0,0,0,0,0,0,0,0,0,0,0,6000,6000,0,0
058792,鴻海元大99購18  ,0,0,0,0,0,0,0,0,0,0,0,0,0,8000,8000,0,0
058793,鴻海元大99購19  ,0,0,0,0,0,0,0,0,0,0,0,0,0,6000,6000,0,0
058786,元黃金元大99購01,0,0,0,0,0,0,0,0,0,0,0,0,0,100000,100000,0,0
058850,華新科群益99購03,0,0,0,0,0,0,0,0,0,0,0,0,0,2000,2000,0,0
061424,華新科元大9A購18,0,0,0,0,0,0,0,0,0,0,0,0,0,101000,101000,0,0
061446,鴻海中信04購01  ,0,0,0,0,0,0,0,0,0,0,0,0,0,1000,1000,0,0
061387,鴻海群益9A購05  ,0,0,0,0,0,0,0,0,0,0,0,0,0,6000,6000,0,0
061419,國巨元大9A購21  ,0,0,0,0,0,0,0,0,0,0,0,0,0,52000,52000,0,0
061512,國巨永豐9A購04  ,0,0,0,0,0,0,0,0,0,0,0,0,0,1000,1000,0,0
058649,健策永豐99購01  ,0,0,0,0,0,0,0,0,0,0,0,0,0,1000,1000,0,0
061280,國巨統一9C購06  ,0,0,0,0,0,0,0,0,0,0,0,0,0,1000,1000,0,0
061281,台積電統一9C購05,0,0,0,0,0,0,0,0,0,0,0,0,0,10000,10000,0,0
061215,健策元大9A購06  ,0,0,0,0,0,0,0,0,0,0,0,0,0,2000,2000,0,0
061319,聯發科凱基9A購16,0,0,0,0,0,0,0,0,0,0,0,0,0,2000,2000,0,0
061333,華通元大9A購08  ,0,0,0,0,0,0,0,0,0,0,0,0,0,2000,2000,0,0
061362,台塑國票9B購01  ,0,0,0,0,0,0,0,0,0,0,0,0,0,10000,10000,0,0
058387,國巨國票9A購03  ,0,0,0,0,0,0,0,0,0,0,0,0,0,14000,14000,0,0
058388,健策國票9A購01  ,0,0,0,0,0,0,0,0,0,0,0,0,0,702000,702000,0,0
059466,國巨元大99購26  ,0,0,0,0,0,0,0,0,0,0,0,0,0,2000,2000,0,0
058287,國巨國票9A購02  ,0,0,0,0,0,0,0,0,0,0,0,0,0,636000,636000,0,0
058084,大立光群益98購04,0,0,0,0,0,0,0,0,0,0,0,0,0,90000,90000,0,0
058086,鴻海元大98購14  ,0,0,0,0,0,0,0,0,0,0,0,0,0,2000,2000,0,0
058042,鴻海元大98購12  ,0,0,0,0,0,0,0,0,0,0,0,0,0,6000,6000,0,0
058044,鴻海元大99購07  ,0,0,0,0,0,0,0,0,0,0,0,0,0,8000,8000,0,0
057998,玉晶光麥證9A購01,0,0,0,1000,0,1000,0,0,0,0,0,0,0,1000,1000,0,0
058009,智易國票99購01  ,0,0,0,0,0,0,0,0,0,0,0,0,0,38000,38000,0,0
058010,帆宣國票98購01  ,0,0,0,0,0,0,0,0,0,0,0,0,0,38000,38000,0,0
058658,瑞儀中信99購01  ,0,0,0,0,0,0,0,0,0,0,0,0,0,20000,20000,0,0
060933,南電永豐9A購02  ,0,0,0,0,0,0,0,0,0,0,0,0,0,10000,10000,0,0
060953,富邦金群益9A購01,0,0,0,0,0,0,0,0,0,0,0,0,0,10000,10000,0,0
060893,台灣50凱基01購07,0,0,0,0,0,0,0,0,0,0,0,0,0,20000,20000,0,0
060789,禾伸堂富邦9B購02,0,0,0,0,0,0,0,0,0,0,0,0,0,6000,6000,0,0
060806,華新科群益9A購03,0,0,0,0,0,0,0,0,0,0,0,0,0,1000,1000,0,0
060979,國巨元大9A購14  ,0,0,0,0,0,0,0,0,0,0,0,0,0,1000,1000,0,0
061012,國巨麥證9A購03  ,0,0,0,11000,10000,1000,0,0,0,0,0,0,0,11000,11000,0,0
061064,可成凱基9B購02  ,0,0,0,0,0,0,0,0,0,0,0,0,0,10000,10000,0,0
06110P,國巨國泰98售02  ,0,0,0,0,0,0,0,0,0,0,0,0,0,60000,60000,0,0
058519,嘉澤元大99購01  ,0,0,0,0,0,0,0,0,0,0,0,0,0,59000,59000,0,0
059465,台灣50元大9C購09,0,0,0,0,0,0,0,0,0,0,0,0,0,1000,1000,0,0
059427,國巨元大99購24  ,0,0,0,0,0,0,0,0,0,0,0,0,0,7000,7000,0,0
059404,鴻海台新99購03  ,0,0,0,0,0,0,0,0,0,0,0,0,0,3000,3000,0,0
060544,國巨凱基9B購03  ,0,0,0,0,0,0,0,0,0,0,0,0,0,3000,3000,0,0
060624,玉晶光元大9C購02,0,0,0,0,0,0,0,0,0,0,0,0,0,1000,1000,0,0
060601,技嘉凱基9A購02  ,0,0,0,0,0,0,0,0,0,0,0,0,0,1000,1000,0,0
060655,國巨統一9B購06  ,0,0,0,0,0,0,0,0,0,0,0,0,0,1000,1000,0,0
060644,泰鼎永豐9A購02  ,0,0,0,0,0,0,0,0,0,0,0,0,0,20000,20000,0,0
060729,國巨群益9A購05  ,0,0,0,0,0,0,0,0,0,0,0,0,0,1000,1000,0,0
060330,台灣50麥證9A購03,0,0,0,5000,5000,0,0,0,0,0,0,0,0,5000,5000,0,0
060697,鴻海國泰9C購01  ,0,0,0,0,0,0,0,0,0,0,0,0,0,5000,5000,0,0
063686,國巨永豐9B購04  ,0,0,0,0,0,0,0,0,0,0,0,0,0,1000,1000,0,0
063595,燿華中信9B購02  ,0,0,0,0,0,0,0,0,0,0,0,0,0,90000,90000,0,0
063636,聯發科元大9B購26,0,0,0,0,0,0,0,0,0,0,0,0,0,5000,5000,0,0
063607,中租凱基9B購02  ,0,0,0,0,0,0,0,0,0,0,0,0,0,19000,19000,0,0
063767,義隆國泰02購01  ,0,0,0,0,0,0,0,0,0,0,0,0,0,7000,7000,0,0
063756,鴻海統一9B購09  ,0,0,0,0,0,0,0,0,0,0,0,0,0,5000,5000,0,0
063813,瑞昱群益9C購02  ,0,0,0,0,0,0,0,0,0,0,0,0,0,17000,17000,0,0
063885,南六元富9C購01  ,0,0,0,0,0,0,0,0,0,0,0,0,0,1000,1000,0,0
063960,南電元大9C購03  ,0,0,0,0,0,0,0,0,0,0,0,0,0,10000,10000,0,0
063943,台光電元大9C購02,0,0,0,0,0,0,0,0,0,0,0,0,0,1000,1000,0,0
063921,大立光元富9C購03,0,0,0,0,0,0,0,0,0,0,0,0,0,154000,154000,0,0
064042,國巨統一9C購12  ,0,0,0,0,0,0,0,0,0,0,0,0,0,63000,63000,0,0
064027,義隆元大9C購01  ,0,0,0,0,0,0,0,0,0,0,0,0,0,2000,2000,0,0
064112,宏碁國票01購01  ,0,0,0,0,0,0,0,0,0,0,0,0,0,10000,10000,0,0
064554,儒鴻群益9C購01  ,0,0,0,0,0,0,0,0,0,0,0,0,0,3000,3000,0,0
064570,TPK群益9C購03   ,0,0,0,0,0,0,0,0,0,0,0,0,0,1000,1000,0,0
06465P,國巨統一98售04  ,0,0,0,0,0,0,0,0,0,0,0,0,0,16000,16000,0,0
064764,聯茂凱基01購01  ,0,0,0,0,0,0,0,0,0,0,0,0,0,151000,151000,0,0
064781,嘉晶群益9C購04  ,0,0,0,0,0,0,0,0,0,0,0,0,0,2000,2000,0,0
064416,南亞科中信01購01,0,0,0,0,0,0,0,0,0,0,0,0,0,21000,21000,0,0
064316,貿聯群益9C購02  ,0,0,0,0,0,0,0,0,0,0,0,0,0,10000,10000,0,0
063000,緯穎國票9B購03  ,0,0,0,0,0,0,0,0,0,0,0,0,0,5000,5000,0,0
063010,國巨元大9C購02  ,0,0,0,0,0,0,0,0,0,0,0,0,0,1000,1000,0,0
063030,華通凱基9B購03  ,0,0,0,0,0,0,0,0,0,0,0,0,0,1000,1000,0,0
063017,台光電元大9B購07,0,0,0,0,0,0,0,0,0,0,0,0,0,1000,1000,0,0
063105,健策群益9C購01  ,0,0,0,0,0,0,0,0,0,0,0,0,0,15000,15000,0,0
063240,聯發科元大9B購17,0,0,0,0,0,0,0,0,0,0,0,0,0,12000,12000,0,0
063131,聯茂元大9B購03  ,0,0,0,0,0,0,0,0,0,0,0,0,0,1000,1000,0,0
063189,臻鼎凱基9B購01  ,0,0,0,0,0,0,0,0,0,0,0,0,0,53000,53000,0,0
063467,大立光元大9C購06,0,0,0,0,0,0,0,0,0,0,0,0,0,165000,165000,0,0
063438,聚陽統一9C購01  ,0,0,0,0,0,0,0,0,0,0,0,0,0,217000,217000,0,0
063423,聯詠凱基9C購02  ,0,0,0,0,0,0,0,0,0,0,0,0,0,6000,6000,0,0
063370,國巨永豐9B購03  ,0,0,0,0,0,0,0,0,0,0,0,0,0,1000,1000,0,0
062413,台光電中信9B購02,0,0,0,0,0,0,0,0,0,0,0,0,0,5000,5000,0,0
062446,聯詠元大9B購02  ,0,0,0,0,0,0,0,0,0,0,0,0,0,29000,29000,0,0
062439,聯發科元大9B購10,0,0,0,0,0,0,0,0,0,0,0,0,0,9000,9000,0,0
062501,台積電群益9C購03,0,0,0,0,0,0,0,0,0,0,0,0,0,1000,1000,0,0
062467,國巨凱基9B購08  ,0,0,0,0,0,0,0,0,0,0,0,0,0,3000,3000,0,0
062181,義隆元大9B購03  ,0,0,0,0,0,0,0,0,0,0,0,0,0,7000,7000,0,0
062254,台光電元大9B購02,0,0,0,0,0,0,0,0,0,0,0,0,0,1000,1000,0,0
062273,國巨群益9C購02  ,0,0,0,0,0,0,0,0,0,0,0,0,0,3000,3000,0,0
062239,台汽電凱基9B購01,0,0,0,0,0,0,0,0,0,0,0,0,0,50000,50000,0,0
062358,國巨元大9B購12  ,0,0,0,0,0,0,0,0,0,0,0,0,0,2000,2000,0,0
062356,國巨元大9B購10  ,0,0,0,0,0,0,0,0,0,0,0,0,0,1000,1000,0,0
062364,瑞昱元大9B購04  ,0,0,0,0,0,0,0,0,0,0,0,0,0,1000,1000,0,0
062365,台光電元大9B購03,0,0,0,0,0,0,0,0,0,0,0,0,0,1000,1000,0,0
062315,健策凱基9C購01  ,0,0,0,0,0,0,0,0,0,0,0,0,0,4000,4000,0,0
062553,台積電凱基9B購07,0,0,0,0,0,0,0,0,0,0,0,0,0,6000,6000,0,0
062559,嘉晶凱基9B購02  ,0,0,0,0,0,0,0,0,0,0,0,0,0,2000,2000,0,0
062586,國巨統一01購06  ,0,0,0,0,0,0,0,0,0,0,0,0,0,1000,1000,0,0
062730,致伸凱基9B購01  ,0,0,0,0,0,0,0,0,0,0,0,0,0,120000,120000,0,0
062696,國巨元大9B購16  ,0,0,0,0,0,0,0,0,0,0,0,0,0,1000,1000,0,0
06269P,群創凱基98售10  ,0,0,0,0,0,0,0,0,0,0,0,0,0,50000,50000,0,0
062905,聯發科元大9B購13,0,0,0,0,0,0,0,0,0,0,0,0,0,3000,3000,0,0
062854,日電貿永豐9B購01,0,0,0,0,0,0,0,0,0,0,0,0,0,62000,62000,0,0
062865,臺股指國票9B購22,0,0,0,0,0,0,0,0,0,0,0,0,0,5000,5000,0,0
062778,國巨元大9B購17  ,0,0,0,0,0,0,0,0,0,0,0,0,0,52000,52000,0,0
062795,國巨統一9B購15  ,0,0,0,0,0,0,0,0,0,0,0,0,0,1000,1000,0,0
062799,聯發科統一9C購09,0,0,0,0,0,0,0,0,0,0,0,0,0,20000,20000,0,0
4764,雙鍵            ,1000,1000,0,0,0,0,0,0,0,0,0,0,0,0,0,0,0
6201,亞弘電          ,2000,2000,0,0,0,0,0,0,0,0,0,0,0,0,0,0,0
2483,百容            ,9000,9000,0,0,0,0,0,0,0,0,0,0,0,0,0,0,0
2491,吉祥全          ,5000,4000,1000,0,0,0,0,0,0,-1000,0,1000,-1000,0,0,0,0
2901,欣欣            ,1000,1000,0,0,0,0,0,0,0,0,0,0,0,0,0,0,0
08412P,群創凱基01售03  ,0,0,0,0,0,0,0,0,0,0,0,0,0,50000,50000,0,0
08280P,臺股指中信02售01,0,0,0,0,0,0,0,0,0,0,0,0,0,3000,3000,0,0
08478P,臺股指凱基9C售16,0,0,0,0,0,0,0,0,0,0,0,0,0,120000,120000,0,0
08468P,台郡統一9C售02  ,0,0,0,0,0,0,0,0,0,0,0,0,0,40000,40000,0,0
1233,天仁            ,1000,1000,0,0,0,0,0,0,0,0,0,0,0,0,0,0,0
1443,立益            ,1000,1000,0,0,0,0,0,0,0,0,0,0,0,0,0,0,0
08632P,聯發科元大9C售19,0,0,0,0,0,0,0,0,0,0,0,0,0,100000,100000,0,0
08650P,臺股指元大9C售36,0,0,0,0,0,0,0,0,0,0,0,0,0,2000,2000,0,0
1776,展宇            ,4000,4000,0,0,0,0,0,0,0,0,0,0,0,0,0,0,0
1516,川飛            ,1000,1000,0,0,0,0,0,0,0,0,0,0,0,0,0,0,0
8411,福貞-KY         ,2000,1000,1000,0,0,0,0,0,0,-1000,0,1000,-1000,0,0,0,0
8473,山林水          ,7000,6000,1000,0,0,0,0,0,0,-1000,0,1000,-1000,0,0,0,0
8478,東哥遊艇        ,30000,30000,0,0,0,0,0,0,0,0,0,0,0,0,0,0,0
9908,大台北          ,4000,1000,3000,0,0,0,0,0,0,-3000,0,3000,-3000,0,0,0,0
9918,欣天然          ,1000,0,1000,0,0,0,0,0,0,-1000,0,1000,-1000,0,0,0,0
07688P,華通元大9A售07  ,0,0,0,0,0,0,0,0,0,-1000,0,0,0,5000,6000,-1000,-1000
07692P,玉晶光元大9A售11,0,0,0,0,0,0,0,0,0,-1000,0,0,0,0,1000,-1000,-1000
07599P,台灣50凱基04售05,0,0,0,0,0,0,0,0,0,-1000,0,0,0,0,1000,-1000,-1000
07876P,台灣50國泰01售01,0,0,0,0,0,0,0,0,0,-1000,0,0,0,0,1000,-1000,-1000
07790P,台灣50元大9A售19,0,0,0,0,0,0,0,0,0,-1000,0,0,0,0,1000,-1000,-1000
07558P,玉晶光元大9A售10,0,0,0,0,0,0,0,0,0,-1000,0,0,0,0,1000,-1000,-1000
07370P,南亞科凱基99售08,0,0,0,0,0,0,0,0,0,-1000,0,0,0,11000,12000,-1000,-1000
07234P,台灣50元大9B售04,0,0,0,0,0,0,0,0,0,-1000,0,0,0,0,1000,-1000,-1000
066241,瑞祺富邦03購01  ,0,0,0,0,0,0,0,0,0,-1000,0,0,0,0,1000,-1000,-1000
066387,FBVIX凱基03購03 ,0,0,0,0,0,0,0,0,0,-1000,0,0,0,0,1000,-1000,-1000
066325,可成永豐01購01  ,0,0,0,0,0,0,0,0,0,-1000,0,0,0,0,1000,-1000,-1000
066077,健策凱基01購01  ,0,0,0,0,0,0,0,0,0,-1000,0,0,0,8000,9000,-1000,-1000
07181P,臺股指凱基99售23,0,0,0,0,0,0,0,0,0,-1000,0,0,0,0,1000,-1000,-1000
07107P,臺股指統一99售07,0,0,0,0,0,0,0,0,0,-1000,0,0,0,20000,21000,-1000,-1000
07061P,台積電元大99售14,0,0,0,0,0,0,0,0,0,-1000,0,0,0,0,1000,-1000,-1000
066483,瑞昱元富01購01  ,0,0,0,0,0,0,0,0,0,-1000,0,0,0,0,1000,-1000,-1000
06801P,技嘉群益99售02  ,0,0,0,0,0,0,0,0,0,-1000,0,0,0,0,1000,-1000,-1000
06722P,臺股指中信9A售04,0,0,0,0,0,0,0,0,0,-1000,0,0,0,0,1000,-1000,-1000
064786,GIS群益9C購04   ,0,0,0,0,0,0,0,0,0,-1000,0,0,0,0,1000,-1000,-1000
064968,道瓊銀元大01購02,0,0,0,0,0,0,0,0,0,-1000,0,0,0,0,1000,-1000,-1000
064947,台積電凱基01購08,0,0,0,0,0,0,0,0,0,-1000,0,0,0,2000,3000,-1000,-1000
065151,國巨群益9C購13  ,0,0,0,0,0,0,0,0,0,-1000,0,0,0,1000,2000,-1000,-1000
065716,道瓊反中信03購01,0,0,0,0,0,0,0,0,0,-1000,0,0,0,0,1000,-1000,-1000
065686,同欣電統一03購01,0,0,0,0,0,0,0,0,0,-1000,0,0,0,0,1000,-1000,-1000
065545,華通兆豐9C購03  ,0,0,0,0,0,0,0,0,0,-1000,0,0,0,0,1000,-1000,-1000
065528,FBVIX中信04購01 ,0,0,0,0,0,0,0,0,0,-1000,0,0,0,0,1000,-1000,-1000
056242,緯創群益9A購01  ,0,0,0,0,0,0,0,0,0,-1000,0,0,0,0,1000,-1000,-1000
057076,緯穎永豐98購01  ,0,0,0,0,0,0,0,0,0,-1000,0,0,0,0,1000,-1000,-1000
057023,美律凱基99購02  ,0,0,0,0,0,0,0,0,0,-1000,0,0,0,0,1000,-1000,-1000
056450,可成凱基98購05  ,0,0,0,0,0,0,0,0,0,-1000,0,0,0,9000,10000,-1000,-1000
056902,大立光元大98購12,0,0,0,0,0,0,0,0,0,-1000,0,0,0,0,1000,-1000,-1000
057554,新日興凱基99購02,0,0,0,0,0,0,0,0,0,-1000,0,0,0,31000,32000,-1000,-1000
057456,道瓊銀富邦9C購01,0,0,0,0,0,0,0,0,0,-1000,0,0,0,0,1000,-1000,-1000
057295,可成永豐98購02  ,0,0,0,0,0,0,0,0,0,-1000,0,0,0,0,1000,-1000,-1000
059251,大立光凱基9A購04,0,0,0,0,0,0,0,0,0,-1000,0,0,0,0,1000,-1000,-1000
059218,台積電元大99購31,0,0,0,0,0,0,0,0,0,-1000,0,0,0,0,1000,-1000,-1000
058446,新光金富邦9C購01,0,0,0,0,0,0,0,0,0,-1000,0,0,0,0,1000,-1000,-1000
060492,元黃金元富9A購01,0,0,0,0,0,0,0,0,0,-1000,0,0,0,0,1000,-1000,-1000
056713,華擎永豐98購01  ,0,0,0,0,0,0,0,0,0,-1000,0,0,0,49000,50000,-1000,-1000
056617,美律永豐98購01  ,0,0,0,0,0,0,0,0,0,-1000,0,0,0,0,1000,-1000,-1000
057638,上銀元大99購01  ,0,0,0,0,0,0,0,0,0,-1000,0,0,0,139000,140000,-1000,-1000
055312,台虹群益99購01  ,0,0,0,0,0,0,0,0,0,-1000,0,0,0,49000,50000,-1000,-1000
057706,臺股指群益98購06,0,0,0,0,0,0,0,0,0,-1000,0,0,0,0,1000,-1000,-1000
054527,國巨統一97購03  ,0,0,0,0,0,0,0,0,0,-1000,0,0,0,0,1000,-1000,-1000
054270,寶滬深中信98購01,0,0,0,0,0,0,0,0,0,-1000,0,0,0,0,1000,-1000,-1000
055919,景碩凱基98購02  ,0,0,0,0,0,0,0,0,0,-1000,0,0,0,1000,2000,-1000,-1000
055623,貿聯國泰99購01  ,0,0,0,0,0,0,0,0,0,-1000,0,0,0,20000,21000,-1000,-1000
053739,A50正2國票9A購01,0,0,0,0,0,0,0,0,0,-1000,0,0,0,0,1000,-1000,-1000
051484,玉晶光凱基97購01,0,0,0,0,0,0,0,0,0,-1000,0,0,0,0,1000,-1000,-1000
051695,元金2X中信98購01,0,0,0,0,0,0,0,0,0,-1000,0,0,0,0,1000,-1000,-1000
03684C,臺股指元大06牛01,0,0,0,0,0,0,0,0,0,-1000,0,0,0,2000,3000,-1000,-1000
03679C,臺股指元大04牛04,0,0,0,0,0,0,0,0,0,-1000,0,0,0,0,1000,-1000,-1000
03022X,富展01          ,0,0,0,0,0,0,0,0,0,-1000,0,0,0,1000,2000,-1000,-1000
052424,泰碩國票97購01  ,0,0,0,0,0,0,0,0,0,-1000,0,0,0,0,1000,-1000,-1000
052400,聯詠凱基97購01  ,0,0,0,0,0,0,0,0,0,-1000,0,0,0,0,1000,-1000,-1000
02001L,富邦蘋果正二N   ,0,0,0,0,0,0,0,0,0,-1000,0,0,0,0,1000,-1000,-1000
00688L,國泰20年美債正2 ,0,0,0,0,0,0,0,0,0,-1000,0,0,0,100000,101000,-1000,-1000
060700,華新科國泰9C購01,0,0,0,0,0,0,0,0,0,-1000,0,0,0,659000,660000,-1000,-1000
060658,台灣50凱基01購04,0,0,0,0,0,0,0,0,0,-1000,0,0,0,9000,10000,-1000,-1000
060568,SP黃豆永豐9A購01,0,0,0,0,0,0,0,0,0,-1000,0,0,0,0,1000,-1000,-1000
059359,精元永豐99購01  ,0,0,0,0,0,0,0,0,0,-1000,0,0,0,31000,32000,-1000,-1000
061169,GIS兆豐9A購01   ,0,0,0,0,0,0,0,0,0,-1000,0,0,0,2000,3000,-1000,-1000
061047,大立光第一9A購01,0,0,0,0,0,0,0,0,0,-1000,0,0,0,32000,33000,-1000,-1000
060998,華通兆豐9A購01  ,0,0,0,0,0,0,0,0,0,-1000,0,0,0,9000,10000,-1000,-1000
060766,世芯元大9A購02  ,0,0,0,0,0,0,0,0,0,-1000,0,0,0,0,1000,-1000,-1000
060738,矽格統一9C購01  ,0,0,0,0,0,0,0,0,0,-1000,0,0,0,32000,33000,-1000,-1000
058684,健策凱基99購02  ,0,0,0,0,0,0,0,0,0,-1000,0,0,0,8000,9000,-1000,-1000
058347,玉晶光群益9B購01,0,0,0,0,0,0,0,0,0,-1000,0,0,0,2000,3000,-1000,-1000
061378,南六永豐9A購03  ,0,0,0,0,0,0,0,0,0,-1000,0,0,0,13000,14000,-1000,-1000
058651,FBVIX中信9C購01 ,0,0,0,0,0,0,0,0,0,-1000,0,0,0,39000,40000,-1000,-1000
058640,台灣50麥證9A購01,0,0,0,25000,26000,-1000,0,0,0,-1000,0,0,0,25000,26000,-1000,-1000
061386,道瓊銀群益9A購03,0,0,0,0,0,0,0,0,0,-1000,0,0,0,0,1000,-1000,-1000
059077,FBVIX元大99購05 ,0,0,0,0,0,0,0,0,0,-1000,0,0,0,67000,68000,-1000,-1000
058893,元油2X元大9C購10,0,0,0,0,0,0,0,0,0,-1000,0,0,0,0,1000,-1000,-1000
059176,臺股指凱基99購27,0,0,0,0,0,0,0,0,0,-1000,0,0,0,0,1000,-1000,-1000
059905,A50正2元大9C購06,0,0,0,0,0,0,0,0,0,-1000,0,0,0,0,1000,-1000,-1000
060011,臺股指群益9C購06,0,0,0,0,0,0,0,0,0,-1000,0,0,0,2000,3000,-1000,-1000
060073,台積電元富99購03,0,0,0,0,0,0,0,0,0,-1000,0,0,0,0,1000,-1000,-1000
061841,晶技凱基9C購01  ,0,0,0,0,0,0,0,0,0,-1000,0,0,0,145000,146000,-1000,-1000
062044,健策凱基9B購02  ,0,0,0,0,0,0,0,0,0,-1000,0,0,0,10000,11000,-1000,-1000
061685,道瓊反群益9A購03,0,0,0,0,0,0,0,0,0,-1000,0,0,0,0,1000,-1000,-1000
06165P,臺股指凱基9A售03,0,0,0,0,0,0,0,0,0,-1000,0,0,0,0,1000,-1000,-1000
061765,義隆元大9B購01  ,0,0,0,0,0,0,0,0,0,-1000,0,0,0,18000,19000,-1000,-1000
061786,義隆群益9B購01  ,0,0,0,0,0,0,0,0,0,-1000,0,0,0,0,1000,-1000,-1000
060090,台積電元大99購55,0,0,0,0,0,0,0,0,0,-1000,0,0,0,0,1000,-1000,-1000
06289P,臺股指國票97售03,0,0,0,0,0,0,0,0,0,-1000,0,0,0,0,1000,-1000,-1000
06264P,友達凱基98售06  ,0,0,0,0,0,0,0,0,0,-1000,0,0,0,0,1000,-1000,-1000
062683,可成統一9B購04  ,0,0,0,0,0,0,0,0,0,-1000,0,0,0,0,1000,-1000,-1000
062587,國巨統一9B購13  ,0,0,0,0,0,0,0,0,0,-1000,0,0,0,0,1000,-1000,-1000
062592,牧德統一01購01  ,0,0,0,0,0,0,0,0,0,-1000,0,0,0,0,1000,-1000,-1000
062355,華通元大9B購03  ,0,0,0,0,0,0,0,0,0,-1000,0,0,0,113000,114000,-1000,-1000
062237,緯創凱基9B購01  ,0,0,0,0,0,0,0,0,0,-1000,0,0,0,56000,57000,-1000,-1000
062191,台郡元大9B購05  ,0,0,0,0,0,0,0,0,0,-1000,0,0,0,52000,53000,-1000,-1000
062440,聯發科元大9B購11,0,0,0,0,0,0,0,0,0,-1000,0,0,0,12000,13000,-1000,-1000
06241P,大立光元富9A售01,0,0,0,0,0,0,0,0,0,-1000,0,0,0,0,1000,-1000,-1000
062438,台光電元大9B購04,0,0,0,0,0,0,0,0,0,-1000,0,0,0,75000,76000,-1000,-1000
062408,致新永豐9B購01  ,0,0,0,0,0,0,0,0,0,-1000,0,0,0,394000,395000,-1000,-1000
063323,同欣電群益9B購03,0,0,0,0,0,0,0,0,0,-1000,0,0,0,0,1000,-1000,-1000
063415,台積電凱基03購01,0,0,0,0,0,0,0,0,0,-1000,0,0,0,1000,2000,-1000,-1000
063249,祥碩元大9B購06  ,0,0,0,0,0,0,0,0,0,-1000,0,0,0,1000,2000,-1000,-1000
063098,台灣50群益01購02,0,0,0,0,0,0,0,0,0,-1000,0,0,0,0,1000,-1000,-1000
062989,鴻海群益9B購07  ,0,0,0,0,0,0,0,0,0,-1000,0,0,0,0,1000,-1000,-1000
062957,鴻海麥證9C購01  ,0,0,0,0,1000,-1000,0,0,0,-1000,0,0,0,0,1000,-1000,-1000
064332,聯發科元大01購01,0,0,0,0,0,0,0,0,0,-1000,0,0,0,205000,206000,-1000,-1000
064344,緯創元大9C購01  ,0,0,0,0,0,0,0,0,0,-1000,0,0,0,31000,32000,-1000,-1000
064661,鴻海元大01購02  ,0,0,0,0,0,0,0,0,0,-1000,0,0,0,5000,6000,-1000,-1000
064592,同欣電永豐9C購01,0,0,0,0,0,0,0,0,0,-1000,0,0,0,0,1000,-1000,-1000
064151,義隆統一01購01  ,0,0,0,0,0,0,0,0,0,-1000,0,0,0,3000,4000,-1000,-1000
064142,國巨統一9C購13  ,0,0,0,0,0,0,0,0,0,-1000,0,0,0,3000,4000,-1000,-1000
063936,道瓊反元大9C購02,0,0,0,0,0,0,0,0,0,-1000,0,0,0,0,1000,-1000,-1000
063873,南六永豐9C購01  ,0,0,0,0,0,0,0,0,0,-1000,0,0,0,4000,5000,-1000,-1000
063681,深中小永豐9B購01,0,0,0,0,0,0,0,0,0,-1000,0,0,0,2000,3000,-1000,-1000
8466,美吉吉-KY       ,0,1000,-1000,0,0,0,0,0,0,0,0,0,0,0,0,0,-1000
9926,新海            ,1000,0,1000,0,0,0,0,0,0,-2000,0,2000,-2000,0,0,0,-1000
9940,信義            ,98000,70000,28000,0,0,0,0,0,0,-29000,0,29000,-29000,0,0,0,-1000
8442,威宏-KY         ,0,1000,-1000,0,0,0,0,0,0,0,0,0,0,0,0,0,-1000
8201,無敵            ,8000,9000,-1000,0,0,0,0,0,0,0,0,0,0,0,0,0,-1000
08852P,台灣50台新01售01,0,1000,-1000,0,0,0,0,0,0,0,0,0,0,0,0,0,-1000
1232,大統益          ,8000,9000,-1000,0,0,0,0,0,0,0,0,0,0,0,0,0,-1000
1312A,國喬特          ,0,0,0,0,0,0,0,0,0,-1000,0,1000,-1000,0,0,0,-1000
08442P,臺股指麥證01售01,0,0,0,0,1000,-1000,0,0,0,-1000,0,0,0,0,1000,-1000,-1000
08330P,聯發科統一9C售13,0,0,0,0,0,0,0,0,0,-1000,0,0,0,0,1000,-1000,-1000
08401P,玉晶光元富9C售04,0,0,0,0,0,0,0,0,0,-1000,0,0,0,0,1000,-1000,-1000
2891B,中信金乙特      ,0,0,0,0,0,0,0,0,0,-1000,0,1000,-1000,0,0,0,-1000
2748,雲品            ,1000,2000,-1000,0,0,0,0,0,0,0,0,0,0,0,0,0,-1000
2358,廷鑫            ,7000,8000,-1000,0,0,0,0,0,0,0,0,0,0,0,0,0,-1000
4912,聯德控股-KY     ,4000,5000,-1000,0,0,0,0,0,0,0,0,0,0,0,0,0,-1000
4562,穎漢            ,0,1000,-1000,0,0,0,0,0,0,0,0,0,0,0,0,0,-1000
3528,安馳            ,1000,2000,-1000,0,0,0,0,0,0,0,0,0,0,0,0,0,-1000
3130,一零四          ,0,1000,-1000,0,0,0,0,0,0,0,0,0,0,0,0,0,-1000
065409,鴻海永豐9C購01  ,0,0,0,0,0,0,0,0,0,-2000,0,0,0,5000,7000,-2000,-2000
065799,友訊群益01購03  ,0,0,0,0,0,0,0,0,0,-2000,0,0,0,39000,41000,-2000,-2000
065120,臺股指富邦9C購03,0,0,0,0,0,0,0,0,0,-2000,0,0,0,0,2000,-2000,-2000
065319,鴻海凱基9C購03  ,0,0,0,0,0,0,0,0,0,-2000,0,0,0,3000,5000,-2000,-2000
065273,南電元大9C購06  ,0,0,0,0,0,0,0,0,0,-2000,0,0,0,32000,34000,-2000,-2000
066499,台郡國泰02購01  ,0,0,0,0,0,0,0,0,0,-2000,0,0,0,0,2000,-2000,-2000
066429,矽格元大01購01  ,0,0,0,0,0,0,0,0,0,-2000,0,0,0,0,2000,-2000,-2000
06716P,台積電元大9A售02,0,0,0,0,0,0,0,0,0,-2000,0,0,0,100000,102000,-2000,-2000
07187P,臺股指台新99售10,0,0,0,0,0,0,0,0,0,-2000,0,0,0,0,2000,-2000,-2000
066386,宏全康和01購01  ,0,0,0,0,0,0,0,0,0,-2000,0,0,0,0,2000,-2000,-2000
06626P,大立光統一9A售01,0,0,0,0,0,0,0,0,0,-2000,0,0,0,3000,5000,-2000,-2000
07171P,臺股指國票99售08,0,0,0,0,0,0,0,0,0,-2000,0,0,0,0,2000,-2000,-2000
07544P,大立光凱基9A售09,0,0,0,0,0,0,0,0,0,-2000,0,0,0,0,2000,-2000,-2000
07616P,瑞昱中信02售01  ,0,0,0,0,0,0,0,0,0,-2000,0,0,0,0,2000,-2000,-2000
07665P,台灣50元大9C售31,0,0,0,0,0,0,0,0,0,-2000,0,0,0,0,2000,-2000,-2000
07701P,玉晶光第一9A售02,0,0,0,0,0,0,0,0,0,-2000,0,0,0,0,2000,-2000,-2000
07730P,臺股指凱基9A售22,0,0,0,0,0,0,0,0,0,-2000,0,0,0,0,2000,-2000,-2000
08188P,群創群益9B售04  ,0,0,0,0,0,0,0,0,0,-2000,0,0,0,0,2000,-2000,-2000
07962P,聯詠中信05售03  ,0,0,0,0,0,0,0,0,0,-2000,0,0,0,476000,478000,-2000,-2000
053314,A50正2群益9A購01,0,0,0,0,0,0,0,0,0,-2000,0,0,0,0,2000,-2000,-2000
03033X,元展30          ,0,0,0,0,0,0,0,0,0,-2000,0,0,0,0,2000,-2000,-2000
03430B,臺股指元大9B熊01,0,0,0,0,0,0,0,0,0,-2000,0,0,0,0,2000,-2000,-2000
049790,滬深2X元大97購04,0,0,0,0,0,0,0,0,0,-2000,0,0,0,0,2000,-2000,-2000
053732,S&P反1中信9C購01,0,0,0,0,0,0,0,0,0,-2000,0,0,0,0,2000,-2000,-2000
053561,玉晶光國泰98購01,0,0,0,0,0,0,0,0,0,-2000,0,0,0,0,2000,-2000,-2000
055622,群創國泰99購01  ,0,0,0,0,0,0,0,0,0,-2000,0,0,0,0,2000,-2000,-2000
055792,臺股指凱基97購15,0,0,0,0,0,0,0,0,0,-2000,0,0,0,0,2000,-2000,-2000
055801,景碩永豐97購02  ,0,0,0,0,0,0,0,0,0,-2000,0,0,0,0,2000,-2000,-2000
056856,華通群益9A購01  ,0,0,0,0,0,0,0,0,0,-2000,0,0,0,0,2000,-2000,-2000
057773,技嘉群益9A購02  ,0,0,0,0,0,0,0,0,0,-2000,0,0,0,0,2000,-2000,-2000
055342,鴻海凱基97購04  ,0,0,0,0,0,0,0,0,0,-2000,0,0,0,0,2000,-2000,-2000
056825,深中小富邦9B購01,0,0,0,0,0,0,0,0,0,-2000,0,0,0,0,2000,-2000,-2000
056507,創意永豐98購02  ,0,0,0,0,0,0,0,0,0,-2000,0,0,0,0,2000,-2000,-2000
057430,富邦金兆豐98購01,0,0,0,0,0,0,0,0,0,-2000,0,0,0,0,2000,-2000,-2000
057506,聯鈞國票99購02  ,0,0,0,0,0,0,0,0,0,-2000,0,0,0,44000,46000,-2000,-2000
057799,世紀鋼兆豐98購01,0,0,0,0,0,0,0,0,0,-2000,0,0,0,0,2000,-2000,-2000
056347,GIS凱基9A購01   ,0,0,0,0,0,0,0,0,0,-2000,0,0,0,41000,43000,-2000,-2000
060125,強茂永豐99購01  ,0,0,0,0,0,0,0,0,0,-2000,0,0,0,3000,5000,-2000,-2000
060152,上証2X永豐9A購02,0,0,0,0,0,0,0,0,0,-2000,0,0,0,0,2000,-2000,-2000
061541,旺宏群益9A購03  ,0,0,0,0,0,0,0,0,0,-2000,0,0,0,18000,20000,-2000,-2000
061567,華通元大9A購11  ,0,0,0,0,0,0,0,0,0,-2000,0,0,0,48000,50000,-2000,-2000
061629,FBVIX元大9A購01 ,0,0,0,0,0,0,0,0,0,-2000,0,0,0,0,2000,-2000,-2000
061635,台積電元大9A購34,0,0,0,0,0,0,0,0,0,-2000,0,0,0,0,2000,-2000,-2000
062075,智邦元大9B購03  ,0,0,0,0,0,0,0,0,0,-2000,0,0,0,13000,15000,-2000,-2000
061829,T50反1凱基9C購02,0,0,0,0,0,0,0,0,0,-2000,0,0,0,0,2000,-2000,-2000
059990,健策元大9A購01  ,0,0,0,0,0,0,0,0,0,-2000,0,0,0,26000,28000,-2000,-2000
059074,元油2X元大9C購15,0,0,0,0,0,0,0,0,0,-2000,0,0,0,3000,5000,-2000,-2000
058758,台積電群益99購05,0,0,0,0,0,0,0,0,0,-2000,0,0,0,0,2000,-2000,-2000
061394,FBVIX統一9B購01 ,0,0,0,0,0,0,0,0,0,-2000,0,0,0,0,2000,-2000,-2000
061255,道瓊反凱基9C購01,0,0,0,0,0,0,0,0,0,-2000,0,0,0,0,2000,-2000,-2000
058404,貿聯元大99購02  ,0,0,0,0,0,0,0,0,0,-2000,0,0,0,0,2000,-2000,-2000
060734,華通統一9C購01  ,0,0,0,0,0,0,0,0,0,-2000,0,0,0,5000,7000,-2000,-2000
060987,華新科元大9A購11,0,0,0,0,0,0,0,0,0,-2000,0,0,0,184000,186000,-2000,-2000
061160,瑞祺群益9A購01  ,0,0,0,0,0,0,0,0,0,-2000,0,0,0,0,2000,-2000,-2000
059375,道瓊反群益9C購02,0,0,0,0,0,0,0,0,0,-2000,0,0,0,4000,6000,-2000,-2000
059377,台積電群益99購09,0,0,0,0,0,0,0,0,0,-2000,0,0,0,0,2000,-2000,-2000
058564,元金2X凱基9C購01,0,0,0,0,0,0,0,0,0,-2000,0,0,0,0,2000,-2000,-2000
060329,鎧勝群益9B購01  ,0,0,0,0,0,0,0,0,0,-2000,0,0,0,0,2000,-2000,-2000
063744,儒鴻國票9C購01  ,0,0,0,0,0,0,0,0,0,-2000,0,0,0,2000,4000,-2000,-2000
063769,玉晶光國泰02購01,0,0,0,0,0,0,0,0,0,-2000,0,0,0,0,2000,-2000,-2000
063970,大立光國票01購01,0,0,0,0,0,0,0,0,0,-2000,0,0,0,1000,3000,-2000,-2000
064175,華通國泰02購01  ,0,0,0,0,0,0,0,0,0,-2000,0,0,0,99000,101000,-2000,-2000
064194,燿華群益9C購01  ,0,0,0,0,0,0,0,0,0,-2000,0,0,0,70000,72000,-2000,-2000
064095,鴻海群益01購02  ,0,0,0,0,0,0,0,0,0,-2000,0,0,0,285000,287000,-2000,-2000
064078,台積電中信06購04,0,0,0,0,0,0,0,0,0,-2000,0,0,0,16000,18000,-2000,-2000
064662,鴻海元大9C購10  ,0,0,0,0,0,0,0,0,0,-2000,0,0,0,55000,57000,-2000,-2000
064683,台表科兆豐9C購02,0,0,0,0,0,0,0,0,0,-2000,0,0,0,93000,95000,-2000,-2000
064710,元金2X統一03購01,0,0,0,0,0,0,0,0,0,-2000,0,0,0,0,2000,-2000,-2000
064780,義隆群益9C購04  ,0,0,0,0,0,0,0,0,0,-2000,0,0,0,11000,13000,-2000,-2000
063153,南六元富9B購01  ,0,0,0,0,0,0,0,0,0,-2000,0,0,0,0,2000,-2000,-2000
063141,聯發科統一9C購10,0,0,0,0,0,0,0,0,0,-2000,0,0,0,0,2000,-2000,-2000
063429,南電凱基01購01  ,0,0,0,0,0,0,0,0,0,-2000,0,0,0,17000,19000,-2000,-2000
063447,聯發科統一9B購12,0,0,0,0,0,0,0,0,0,-2000,0,0,0,0,2000,-2000,-2000
063520,上銀凱基9B購05  ,0,0,0,0,0,0,0,0,0,-2000,0,0,0,10000,12000,-2000,-2000
063408,茂林國票9C購02  ,0,0,0,0,0,0,0,0,0,-2000,0,0,0,0,2000,-2000,-2000
063380,台表科永豐9B購03,0,0,0,0,0,0,0,0,0,-2000,0,0,0,18000,20000,-2000,-2000
062228,南六統一02購01  ,0,0,0,0,0,0,0,0,0,-2000,0,0,0,0,2000,-2000,-2000
062314,玉晶光凱基9B購06,0,0,0,0,0,0,0,0,0,-2000,0,0,0,0,2000,-2000,-2000
062643,緯穎國票9B購01  ,0,0,0,0,0,0,0,0,0,-2000,0,0,0,28000,30000,-2000,-2000
062649,緯穎富邦9B購03  ,0,0,0,0,0,0,0,0,0,-2000,0,0,0,0,2000,-2000,-2000
3229,晟鈦            ,0,1000,-1000,0,0,0,0,0,0,-1000,0,1000,-1000,0,0,0,-2000
3701,大眾控          ,0,2000,-2000,0,0,0,0,0,0,0,0,0,0,0,0,0,-2000
5706,鳳凰            ,9000,11000,-2000,0,0,0,0,0,0,0,0,0,0,0,0,0,-2000
6216,居易            ,6000,8000,-2000,0,0,0,0,0,0,0,0,0,0,0,0,0,-2000
6442,光聖            ,8000,10000,-2000,0,0,0,0,0,0,0,0,0,0,0,0,0,-2000
2243,宏旭-KY         ,2000,4000,-2000,0,0,0,0,0,0,0,0,0,0,0,0,0,-2000
08542P,台勝科國票02售01,0,0,0,0,0,0,0,0,0,-2000,0,0,0,10000,12000,-2000,-2000
1432,大魯閣          ,0,2000,-2000,0,0,0,0,0,0,0,0,0,0,0,0,0,-2000
08679P,台灣50元大01售15,0,0,0,0,0,0,0,0,0,-2000,0,0,0,0,2000,-2000,-2000
1568,倉佑            ,3000,5000,-2000,0,0,0,0,0,0,0,0,0,0,0,0,0,-2000
1525,江申            ,0,2000,-2000,0,0,0,0,0,0,0,0,0,0,0,0,0,-2000
1817,凱撒衛          ,1000,3000,-2000,0,0,0,0,0,0,0,0,0,0,0,0,0,-2000
6641,基士德-KY       ,2000,4000,-2000,0,0,0,0,0,0,0,0,0,0,0,0,0,-2000
9917,中保科          ,226000,225000,1000,0,0,0,0,2000,-2000,-1000,0,1000,-1000,0,0,0,-2000
08077P,亞德客國票9B售02,0,0,0,0,0,0,0,0,0,-3000,0,0,0,0,3000,-3000,-3000
07752P,台灣50元大9C售33,0,0,0,0,0,0,0,0,0,-3000,0,0,0,0,3000,-3000,-3000
07744P,奇力新凱基9A售05,0,0,0,0,0,0,0,0,0,-3000,0,0,0,0,3000,-3000,-3000
07415P,台積電元大99售52,0,0,0,0,0,0,0,0,0,-3000,0,0,0,663000,666000,-3000,-3000
066249,生達元大01購01  ,0,0,0,0,0,0,0,0,0,-3000,0,0,0,0,3000,-3000,-3000
066385,巨大康和01購01  ,0,0,0,0,0,0,0,0,0,-3000,0,0,0,0,3000,-3000,-3000
066340,敦泰永豐01購01  ,0,0,0,0,0,0,0,0,0,-3000,0,0,0,0,3000,-3000,-3000
07078P,鴻海群益99售02  ,0,0,0,0,0,0,0,0,0,-3000,0,0,0,0,3000,-3000,-3000
07014P,華通元大99售04  ,0,0,0,0,0,0,0,0,0,-3000,0,0,0,16000,19000,-3000,-3000
06865P,亞德客元大98售04,0,0,0,0,0,0,0,0,0,-3000,0,0,0,0,3000,-3000,-3000
065384,南電元大9C購07  ,0,0,0,0,0,0,0,0,0,-3000,0,0,0,99000,102000,-3000,-3000
065466,台表科中信01購03,0,0,0,0,0,0,0,0,0,-3000,0,0,0,225000,228000,-3000,-3000
056217,A50正2中信99購02,0,0,0,0,0,0,0,0,0,-3000,0,0,0,0,3000,-3000,-3000
057616,聯電凱基99購01  ,0,0,0,0,0,0,0,0,0,-3000,0,0,0,65000,68000,-3000,-3000
057577,廣宇中信9A購01  ,0,0,0,0,0,0,0,0,0,-3000,0,0,0,45000,48000,-3000,-3000
057511,健策統一98購02  ,0,0,0,0,0,0,0,0,0,-3000,0,0,0,23000,26000,-3000,-3000
056534,京元電凱基98購01,0,0,0,0,0,0,0,0,0,-3000,0,0,0,27000,30000,-3000,-3000
057147,新日興國票99購01,0,0,0,0,0,0,0,0,0,-3000,0,0,0,20000,23000,-3000,-3000
060533,臺股指中信9B購05,0,0,0,0,0,0,0,0,0,-3000,0,0,0,0,3000,-3000,-3000
059223,大立光元大99購14,0,0,0,0,0,0,0,0,0,-3000,0,0,0,1000,4000,-3000,-3000
060287,燿華元大9A購01  ,0,0,0,0,0,0,0,0,0,-3000,0,0,0,24000,27000,-3000,-3000
056837,國巨元富98購02  ,0,0,0,0,0,0,0,0,0,-3000,0,0,0,0,3000,-3000,-3000
057244,鈺齊凱基99購01  ,0,0,0,0,0,0,0,0,0,-3000,0,0,0,0,3000,-3000,-3000
057250,大立光統一98購08,0,0,0,0,0,0,0,0,0,-3000,0,0,0,0,3000,-3000,-3000
054098,嘉晶國票97購04  ,0,0,0,0,0,0,0,0,0,-3000,0,0,0,305000,308000,-3000,-3000
053388,群創元大9C購02  ,0,0,0,0,0,0,0,0,0,-3000,0,0,0,0,3000,-3000,-3000
055536,嘉聯益群益99購02,0,0,0,0,0,0,0,0,0,-3000,0,0,0,0,3000,-3000,-3000
060683,泰鼎元大9A購02  ,0,0,0,0,0,0,0,0,0,-3000,0,0,0,0,3000,-3000,-3000
059418,上証反元大9C購02,0,0,0,0,0,0,0,0,0,-3000,0,0,0,0,3000,-3000,-3000
059334,A50正2國票9A購02,0,0,0,0,0,0,0,0,0,-3000,0,0,0,54000,57000,-3000,-3000
060983,南亞科元大9A購06,0,0,0,0,0,0,0,0,0,-3000,0,0,0,64000,67000,-3000,-3000
061057,華新科國票9A購04,0,0,0,0,0,0,0,0,0,-3000,0,0,0,10000,13000,-3000,-3000
060908,金像電元大9A購03,0,0,0,0,0,0,0,0,0,-3000,0,0,0,122000,125000,-3000,-3000
058701,鴻海元大99購16  ,0,0,0,0,0,0,0,0,0,-3000,0,0,0,76000,79000,-3000,-3000
058074,欣興凱基99購01  ,0,0,0,0,0,0,0,0,0,-3000,0,0,0,17000,20000,-3000,-3000
061358,世紀鋼元大9A購04,0,0,0,0,0,0,0,0,0,-3000,0,0,0,3000,6000,-3000,-3000
061309,鴻海統一9C購05  ,0,0,0,0,0,0,0,0,0,-3000,0,0,0,0,3000,-3000,-3000
061395,健策統一9C購02  ,0,0,0,0,0,0,0,0,0,-3000,0,0,0,0,3000,-3000,-3000
061397,上銀台新9A購01  ,0,0,0,0,0,0,0,0,0,-3000,0,0,0,0,3000,-3000,-3000
058779,大立光國票9A購02,0,0,0,0,0,0,0,0,0,-3000,0,0,0,18000,21000,-3000,-3000
058808,大成鋼統一9B購01,0,0,0,0,0,0,0,0,0,-3000,0,0,0,0,3000,-3000,-3000
059059,宏達電凱基99購03,0,0,0,0,0,0,0,0,0,-3000,0,0,0,75000,78000,-3000,-3000
059082,華通元大99購06  ,0,0,0,0,0,0,0,0,0,-3000,0,0,0,0,3000,-3000,-3000
058999,台積電元大99購24,0,0,0,0,0,0,0,0,0,-3000,0,0,0,0,3000,-3000,-3000
058993,滬深反元大9C購01,0,0,0,0,0,0,0,0,0,-3000,0,0,0,0,3000,-3000,-3000
059859,國巨群益9A購03  ,0,0,0,0,0,0,0,0,0,-3000,0,0,0,0,3000,-3000,-3000
059157,元石油凱基9C購01,0,0,0,0,0,0,0,0,0,-3000,0,0,0,0,3000,-3000,-3000
059663,旭富元大9C購02  ,0,0,0,0,0,0,0,0,0,-3000,0,0,0,12000,15000,-3000,-3000
061852,大立光國票9B購02,0,0,0,0,0,0,0,0,0,-3000,0,0,0,1000,4000,-3000,-3000
061518,達方永豐9A購02  ,0,0,0,0,0,0,0,0,0,-3000,0,0,0,197000,200000,-3000,-3000
060163,健策永豐9B購01  ,0,0,0,0,0,0,0,0,0,-3000,0,0,0,0,3000,-3000,-3000
060197,臻鼎元富9A購02  ,0,0,0,0,0,0,0,0,0,-3000,0,0,0,2000,5000,-3000,-3000
062635,創意國票9B購01  ,0,0,0,0,0,0,0,0,0,-3000,0,0,0,1000,4000,-3000,-3000
062614,臺指反元大02購11,0,0,0,0,0,0,0,0,0,-3000,0,0,0,0,3000,-3000,-3000
063551,美食國票9B購02  ,0,0,0,0,0,0,0,0,0,-3000,0,0,0,50000,53000,-3000,-3000
063039,大立光凱基9C購02,0,0,0,0,0,0,0,0,0,-3000,0,0,0,63000,66000,-3000,-3000
063045,國巨兆豐9C購02  ,0,0,0,0,0,0,0,0,0,-3000,0,0,0,5000,8000,-3000,-3000
06448P,華通元大99售01  ,0,0,0,0,0,0,0,0,0,-3000,0,0,0,0,3000,-3000,-3000
064229,台表科國票01購01,0,0,0,0,0,0,0,0,0,-3000,0,0,0,10000,13000,-3000,-3000
064481,技嘉永豐9C購01  ,0,0,0,0,0,0,0,0,0,-3000,0,0,0,14000,17000,-3000,-3000
064419,鴻海兆豐9C購01  ,0,0,0,0,0,0,0,0,0,-3000,0,0,0,4000,7000,-3000,-3000
064060,同欣電麥證01購01,0,0,0,0,3000,-3000,0,0,0,-3000,0,0,0,0,3000,-3000,-3000
064106,國巨兆豐9C購04  ,0,0,0,0,0,0,0,0,0,-3000,0,0,0,45000,48000,-3000,-3000
064179,上銀富邦01購01  ,0,0,0,0,0,0,0,0,0,-3000,0,0,0,215000,218000,-3000,-3000
063985,香港反富邦02購01,0,0,0,0,0,0,0,0,0,-3000,0,0,0,0,3000,-3000,-3000
063891,國巨群益9C購07  ,60000,30000,30000,0,0,0,0,0,0,-33000,0,0,0,55000,88000,-33000,-3000
1530,亞崴            ,0,3000,-3000,0,0,0,0,0,0,0,0,0,0,0,0,0,-3000
1435,中福            ,0,3000,-3000,0,0,0,0,0,0,0,0,0,0,0,0,0,-3000
08433P,臺股指凱基03售01,0,0,0,0,0,0,0,0,0,-3000,0,0,0,0,3000,-3000,-3000
08532P,國巨元富06售02  ,0,0,0,0,0,0,0,0,0,-3000,0,0,0,134000,137000,-3000,-3000
2236,百達-KY         ,1000,4000,-3000,0,0,0,0,0,0,0,0,0,0,0,0,0,-3000
2227,裕日車          ,16000,17000,-1000,0,0,0,0,1000,-1000,-1000,0,1000,-1000,0,0,0,-3000
2488,漢平            ,6000,9000,-3000,0,0,0,0,0,0,0,0,0,0,0,0,0,-3000
2405,浩鑫            ,65000,68000,-3000,0,0,0,0,0,0,0,0,0,0,0,0,0,-3000
2506,太設            ,4000,7000,-3000,0,0,0,0,0,0,0,0,0,0,0,0,0,-3000
2851,中再保          ,8000,11000,-3000,0,0,0,0,0,0,0,0,0,0,0,0,0,-3000
2832,台產            ,3000,6000,-3000,0,0,0,0,0,0,0,0,0,0,0,0,0,-3000
5484,慧友            ,0,3000,-3000,0,0,0,0,0,0,0,0,0,0,0,0,0,-3000
5284,jpp-KY          ,2000,5000,-3000,0,0,0,0,0,0,0,0,0,0,0,0,0,-3000
4557,永新-KY         ,0,3000,-3000,0,0,0,0,0,0,0,0,0,0,0,0,0,-3000
3046,建碁            ,0,3000,-3000,0,0,0,0,0,0,0,0,0,0,0,0,0,-3000
065350,華擎統一01購04  ,1000,0,1000,0,0,0,0,0,0,-5000,0,0,0,121000,126000,-5000,-4000
06712P,臺股指台新99售09,0,0,0,0,0,0,0,0,0,-4000,0,0,0,0,4000,-4000,-4000
066440,南帝群益01購01  ,0,0,0,0,0,0,0,0,0,-4000,0,0,0,0,4000,-4000,-4000
06932P,大立光元大98售21,0,0,0,0,0,0,0,0,0,-4000,0,0,0,0,4000,-4000,-4000
066191,惠特凱基01購02  ,0,0,0,0,0,0,0,0,0,-4000,0,0,0,0,4000,-4000,-4000
07444P,聯發科凱基9A售10,0,0,0,0,0,0,0,0,0,-4000,0,0,0,0,4000,-4000,-4000
07638P,長榮航國票9A售01,0,0,0,0,0,0,0,0,0,-4000,0,0,0,6000,10000,-4000,-4000
08080P,祥碩國票9B售03  ,0,0,0,0,0,0,0,0,0,-4000,0,0,0,24000,28000,-4000,-4000
08206P,鴻海群益9C售03  ,0,0,0,0,0,0,0,0,0,-4000,0,0,0,0,4000,-4000,-4000
047547,友達凱基99購02  ,0,0,0,0,0,0,0,0,0,-4000,0,0,0,26000,30000,-4000,-4000
055582,亞德客元大97購01,0,0,0,0,0,0,0,0,0,-4000,0,0,0,0,4000,-4000,-4000
055112,晶豪科凱基98購01,0,0,0,0,0,0,0,0,0,-4000,0,0,0,0,4000,-4000,-4000
056763,國巨元大99購02  ,0,0,0,0,0,0,0,0,0,-4000,0,0,0,101000,105000,-4000,-4000
060489,世紀鋼群益9A購01,0,0,0,0,0,0,0,0,0,-4000,0,0,0,0,4000,-4000,-4000
057110,立積群益98購01  ,0,0,0,0,0,0,0,0,0,-4000,0,0,0,4000,8000,-4000,-4000
057925,貿聯凱基99購01  ,0,0,0,0,0,0,0,0,0,-4000,0,0,0,31000,35000,-4000,-4000
057553,景碩凱基98購03  ,0,0,0,0,0,0,0,0,0,-4000,0,0,0,65000,69000,-4000,-4000
057852,國巨國票99購05  ,0,0,0,0,0,0,0,0,0,-4000,0,0,0,1000,5000,-4000,-4000
057017,和大凱基98購01  ,0,0,0,0,0,0,0,0,0,-4000,0,0,0,0,4000,-4000,-4000
056309,合勤控元大97購01,0,0,0,0,0,0,0,0,0,-4000,0,0,0,104000,108000,-4000,-4000
060200,同欣電元富9A購01,0,0,0,0,0,0,0,0,0,-4000,0,0,0,0,4000,-4000,-4000
061795,智邦永豐9B購01  ,0,0,0,0,0,0,0,0,0,-4000,0,0,0,74000,78000,-4000,-4000
061915,T50反1凱基02購02,0,0,0,0,0,0,0,0,0,-4000,0,0,0,40000,44000,-4000,-4000
062005,旺宏國泰01購01  ,0,0,0,0,0,0,0,0,0,-4000,0,0,0,56000,60000,-4000,-4000
059153,臺股指國票99購16,0,0,0,0,0,0,0,0,0,-4000,0,0,0,6000,10000,-4000,-4000
059968,世紀鋼凱基99購03,0,0,0,0,0,0,0,0,0,-4000,0,0,0,0,4000,-4000,-4000
059039,致伸群益99購01  ,0,0,0,0,0,0,0,0,0,-4000,0,0,0,94000,98000,-4000,-4000
058982,台積電凱基99購08,0,0,0,0,0,0,0,0,0,-4000,0,0,0,17000,21000,-4000,-4000
058932,FBVIX台新99購01 ,0,0,0,0,0,0,0,0,0,-4000,0,0,0,0,4000,-4000,-4000
058788,喬山元大99購01  ,0,0,0,0,0,0,0,0,0,-4000,0,0,0,8000,12000,-4000,-4000
059476,道瓊指群益9C購01,0,0,0,0,0,0,0,0,0,-4000,0,0,0,0,4000,-4000,-4000
05950P,台積電國票97售04,0,0,0,0,0,0,0,0,0,-4000,0,0,0,0,4000,-4000,-4000
061418,世紀鋼群益9A購02,0,0,0,0,0,0,0,0,0,-4000,0,0,0,8000,12000,-4000,-4000
061406,華通國票9A購06  ,0,0,0,0,0,0,0,0,0,-4000,0,0,0,63000,67000,-4000,-4000
058376,貿聯凱基9A購01  ,0,0,0,0,0,0,0,0,0,-4000,0,0,0,45000,49000,-4000,-4000
058364,奇力新凱基99購04,0,0,0,0,0,0,0,0,0,-4000,0,0,0,0,4000,-4000,-4000
060854,台積電富邦9C購08,0,0,0,0,0,0,0,0,0,-4000,0,0,0,6000,10000,-4000,-4000
060621,玉晶光元大9A購05,0,0,0,0,0,0,0,0,0,-4000,0,0,0,1000,5000,-4000,-4000
06380P,臺股指統一98售02,0,0,0,0,0,0,0,0,0,-4000,0,0,0,6000,10000,-4000,-4000
064014,貿聯國票01購01  ,0,0,0,0,0,0,0,0,0,-4000,0,0,0,16000,20000,-4000,-4000
06443P,台積電凱基99售01,0,0,0,0,0,0,0,0,0,-4000,0,0,0,2000,6000,-4000,-4000
062952,台積電永豐9B購02,0,0,0,0,0,0,0,0,0,-4000,0,0,0,0,4000,-4000,-4000
063157,鴻海台新9B購02  ,0,0,0,0,0,0,0,0,0,-4000,0,0,0,5000,9000,-4000,-4000
063200,瑞昱統一9C購01  ,0,0,0,0,0,0,0,0,0,-4000,0,0,0,0,4000,-4000,-4000
063511,南電群益9B購02  ,0,0,0,0,0,0,0,0,0,-4000,0,0,0,0,4000,-4000,-4000
063268,GIS中信9B購01   ,0,0,0,0,0,0,0,0,0,-4000,0,0,0,110000,114000,-4000,-4000
062706,大立光元大9B購06,0,0,0,0,0,0,0,0,0,-4000,0,0,0,0,4000,-4000,-4000
062302,聯詠中信05購02  ,0,0,0,0,0,0,0,0,0,-4000,0,0,0,39000,43000,-4000,-4000
062506,巨大群益9C購01  ,0,0,0,0,0,0,0,0,0,-4000,0,0,0,5000,9000,-4000,-4000
6133,金橋            ,0,4000,-4000,0,0,0,0,0,0,0,0,0,0,0,0,0,-4000
3011,今皓            ,2000,6000,-4000,0,0,0,0,0,0,0,0,0,0,0,0,0,-4000
2460,建通            ,2000,6000,-4000,0,0,0,0,0,0,0,0,0,0,0,0,0,-4000
08396P,鴻海元富9C售04  ,0,0,0,0,0,0,0,0,0,-4000,0,0,0,20000,24000,-4000,-4000
08422P,玉晶光群益02售03,0,0,0,0,0,0,0,0,0,-4000,0,0,0,225000,229000,-4000,-4000
08373P,大立光凱基01售05,0,0,0,0,0,0,0,0,0,-4000,0,0,0,0,4000,-4000,-4000
1436,華友聯          ,0,4000,-4000,0,0,0,0,0,0,0,0,0,0,0,0,0,-4000
1535,中宇            ,2000,6000,-4000,0,0,0,0,0,0,0,0,0,0,0,0,0,-4000
1472,三洋紡          ,5000,8000,-3000,0,0,0,0,0,0,-1000,0,1000,-1000,0,0,0,-4000
1616,億泰            ,2000,6000,-4000,0,0,0,0,0,0,0,0,0,0,0,0,0,-4000
1617,榮星            ,0,4000,-4000,0,0,0,0,0,0,0,0,0,0,0,0,0,-4000
2007,燁興            ,5000,6000,-1000,0,0,0,0,0,0,-3000,0,3000,-3000,0,0,0,-4000
1726,永記            ,3000,7000,-4000,0,0,0,0,0,0,0,0,0,0,0,0,0,-4000
2032,新鋼            ,1000,5000,-4000,0,0,0,0,0,0,0,0,0,0,0,0,0,-4000
6666,羅麗芬-KY       ,2000,6000,-4000,0,0,0,0,0,0,0,0,0,0,0,0,0,-4000
8367,建新國際        ,1000,5000,-4000,0,0,0,0,0,0,0,0,0,0,0,0,0,-4000
07609P,台灣50國票9C售04,0,0,0,0,0,0,0,0,0,-5000,0,0,0,0,5000,-5000,-5000
07702P,台積電中信9A售06,0,0,0,0,0,0,0,0,0,-5000,0,0,0,0,5000,-5000,-5000
07557P,玉晶光元大9A售09,0,0,0,0,0,0,0,0,0,-5000,0,0,0,0,5000,-5000,-5000
07304P,臺股指元大9A售37,0,0,0,0,0,0,0,0,0,-5000,0,0,0,10000,15000,-5000,-5000
066162,泰豐凱基01購01  ,0,0,0,0,0,0,0,0,0,-5000,0,0,0,0,5000,-5000,-5000
06610P,台積電凱基9A售03,0,0,0,0,0,0,0,0,0,-5000,0,0,0,1000,6000,-5000,-5000
066025,宏達電群益01購01,0,0,0,0,0,0,0,0,0,-5000,0,0,0,28000,33000,-5000,-5000
066329,達欣工永豐01購01,0,0,0,0,0,0,0,0,0,-5000,0,0,0,0,5000,-5000,-5000
066409,勤誠凱基01購01  ,0,0,0,0,0,0,0,0,0,-5000,0,0,0,0,5000,-5000,-5000
07055P,景碩群益9A售02  ,0,0,0,0,0,0,0,0,0,-5000,0,0,0,50000,55000,-5000,-5000
06697P,台積電國票99售05,0,0,0,0,0,0,0,0,0,-5000,0,0,0,5000,10000,-5000,-5000
06885P,國巨國票99售06  ,0,0,0,0,0,0,0,0,0,-5000,0,0,0,5000,10000,-5000,-5000
06835P,台灣50國票9A售01,0,0,0,0,0,0,0,0,0,-5000,0,0,0,0,5000,-5000,-5000
06759P,台積電元大98售17,0,0,0,0,0,0,0,0,0,-5000,0,0,0,0,5000,-5000,-5000
06757P,台灣50元大9B售01,0,0,0,0,0,0,0,0,0,-5000,0,0,0,0,5000,-5000,-5000
065153,金像電群益9C購03,0,0,0,0,0,0,0,0,0,-5000,0,0,0,0,5000,-5000,-5000
065036,世芯統一02購02  ,0,0,0,0,0,0,0,0,0,-5000,0,0,0,5000,10000,-5000,-5000
065567,台積電群益01購03,0,0,0,0,0,0,0,0,0,-5000,0,0,0,0,5000,-5000,-5000
065622,鴻海中信06購01  ,0,0,0,0,0,0,0,0,0,-5000,0,0,0,5000,10000,-5000,-5000
065813,華擎統一03購01  ,0,0,0,0,0,0,0,0,0,-5000,0,0,0,630000,635000,-5000,-5000
065899,神基麥證9C購02  ,0,0,0,76000,65000,11000,0,0,0,-5000,0,0,0,76000,81000,-5000,-5000
065866,鴻海群益9C購07  ,0,0,0,0,0,0,0,0,0,-5000,0,0,0,5000,10000,-5000,-5000
065954,大立光統一03購01,0,0,0,0,0,0,0,0,0,-5000,0,0,0,3000,8000,-5000,-5000
056339,聯發科凱基99購02,0,0,0,0,0,0,0,0,0,-5000,0,0,0,0,5000,-5000,-5000
057010,景碩中信98購01  ,0,0,0,0,0,0,0,0,0,-5000,0,0,0,0,5000,-5000,-5000
056991,牧德兆豐98購01  ,0,0,0,0,0,0,0,0,0,-5000,0,0,0,0,5000,-5000,-5000
056120,聯茂群益97購02  ,0,0,0,0,0,0,0,0,0,-5000,0,0,0,5000,10000,-5000,-5000
057535,泰鼎元大99購01  ,0,0,0,0,0,0,0,0,0,-5000,0,0,0,0,5000,-5000,-5000
057425,臺股指凱基9C購02,0,0,0,0,0,0,0,0,0,-5000,0,0,0,215000,220000,-5000,-5000
057455,景碩國泰99購01  ,0,0,0,0,0,0,0,0,0,-5000,0,0,0,5000,10000,-5000,-5000
057403,亞光群益98購04  ,0,0,0,0,0,0,0,0,0,-5000,0,0,0,5000,10000,-5000,-5000
057941,聯電國票99購01  ,0,0,0,0,0,0,0,0,0,-5000,0,0,0,30000,35000,-5000,-5000
056486,樺漢元大98購04  ,0,0,0,0,0,0,0,0,0,-5000,0,0,0,10000,15000,-5000,-5000
056497,GIS國泰99購01   ,0,0,0,0,0,0,0,0,0,-5000,0,0,0,0,5000,-5000,-5000
060435,鈺齊永豐9A購01  ,0,0,0,0,0,0,0,0,0,-5000,0,0,0,49000,54000,-5000,-5000
060227,和大元大9A購01  ,0,0,0,0,0,0,0,0,0,-5000,0,0,0,5000,10000,-5000,-5000
059213,國巨元大99購19  ,0,0,0,0,0,0,0,0,0,-5000,0,0,0,7000,12000,-5000,-5000
058502,鴻海元大99購13  ,0,0,0,0,0,0,0,0,0,-5000,0,0,0,11000,16000,-5000,-5000
057783,台積電國票9A購01,0,0,0,0,0,0,0,0,0,-5000,0,0,0,8000,13000,-5000,-5000
057679,臺股指元大98購09,0,0,0,0,0,0,0,0,0,-5000,0,0,0,0,5000,-5000,-5000
054805,台苯元大9A購01  ,0,0,0,0,0,0,0,0,0,-5000,0,0,0,0,5000,-5000,-5000
054756,世紀鋼凱基99購01,0,0,0,0,0,0,0,0,0,-5000,0,0,0,10000,15000,-5000,-5000
054293,健策元大98購02  ,0,0,0,0,0,0,0,0,0,-5000,0,0,0,5000,10000,-5000,-5000
056011,矽力中信99購01  ,0,0,0,0,0,0,0,0,0,-5000,0,0,0,0,5000,-5000,-5000
053818,富邦金群益98購01,0,5000,-5000,0,0,0,0,0,0,0,0,0,0,0,0,0,-5000
055816,新日興國票98購01,0,0,0,0,0,0,0,0,0,-5000,0,0,0,10000,15000,-5000,-5000
055455,健策國泰98購02  ,0,0,0,0,0,0,0,0,0,-5000,0,0,0,0,5000,-5000,-5000
053121,上証2X凱基9C購01,0,0,0,0,0,0,0,0,0,-5000,0,0,0,5000,10000,-5000,-5000
060360,南亞科元富9A購02,0,0,0,0,0,0,0,0,0,-5000,0,0,0,74000,79000,-5000,-5000
058366,元大金凱基99購01,0,0,0,0,0,0,0,0,0,-5000,0,0,0,100000,105000,-5000,-5000
058414,大立光兆豐99購02,0,0,0,0,0,0,0,0,0,-5000,0,0,0,5000,10000,-5000,-5000
058235,大立光元大99購08,0,0,0,0,0,0,0,0,0,-5000,0,0,0,0,5000,-5000,-5000
058079,鴻海群益98購08  ,0,0,0,0,0,0,0,0,0,-5000,0,0,0,21000,26000,-5000,-5000
058043,鴻海元大98購13  ,0,0,0,0,0,0,0,0,0,-5000,0,0,0,51000,56000,-5000,-5000
058663,瑞儀兆豐9A購01  ,0,0,0,0,0,0,0,0,0,-5000,0,0,0,0,5000,-5000,-5000
058207,南茂凱基99購01  ,0,0,0,0,0,0,0,0,0,-5000,0,0,0,44000,49000,-5000,-5000
058155,牧德統一9A購01  ,0,0,0,0,0,0,0,0,0,-5000,0,0,0,0,5000,-5000,-5000
061301,華新科永豐9A購03,0,0,0,0,0,0,0,0,0,-5000,0,0,0,0,5000,-5000,-5000
061297,台積電富邦9C購09,0,0,0,0,0,0,0,0,0,-5000,0,0,0,0,5000,-5000,-5000
061260,台積電凱基9A購23,0,0,0,0,0,0,0,0,0,-5000,0,0,0,15000,20000,-5000,-5000
06118P,上証2X凱基98售03,0,0,0,0,0,0,0,0,0,-5000,0,0,0,0,5000,-5000,-5000
059052,為升凱基99購01  ,0,0,0,0,0,0,0,0,0,-5000,0,0,0,5000,10000,-5000,-5000
058990,GIS凱基99購02   ,0,0,0,0,0,0,0,0,0,-5000,0,0,0,0,5000,-5000,-5000
05901P,臺股指凱基9C售01,0,0,0,0,0,0,0,0,0,-5000,0,0,0,0,5000,-5000,-5000
059014,SGBR2X元富03購01,0,0,0,0,0,0,0,0,0,-5000,0,0,0,0,5000,-5000,-5000
059824,大立光凱基99購13,0,0,0,0,0,0,0,0,0,-5000,0,0,0,0,5000,-5000,-5000
059707,健策凱基9A購03  ,0,0,0,0,0,0,0,0,0,-5000,0,0,0,0,5000,-5000,-5000
059693,智原永豐99購01  ,0,0,0,0,0,0,0,0,0,-5000,0,0,0,0,5000,-5000,-5000
061952,臺股指群益9B購01,0,0,0,0,0,0,0,0,0,-5000,0,0,0,0,5000,-5000,-5000
061940,世紀鋼國票9C購01,0,0,0,0,0,0,0,0,0,-5000,0,0,0,10000,15000,-5000,-5000
062143,大成鋼國票9B購01,0,0,0,0,0,0,0,0,0,-5000,0,0,0,40000,45000,-5000,-5000
060164,合勤控永豐9A購01,0,0,0,0,0,0,0,0,0,-5000,0,0,0,0,5000,-5000,-5000
061546,大立光群益9A購05,0,0,0,0,0,0,0,0,0,-5000,0,0,0,5000,10000,-5000,-5000
061570,瑞昱元大9A購05  ,0,0,0,0,0,0,0,0,0,-5000,0,0,0,0,5000,-5000,-5000
062425,可成統一01購01  ,0,0,0,0,0,0,0,0,0,-5000,0,0,0,0,5000,-5000,-5000
062371,健策元大9B購08  ,0,0,0,0,0,0,0,0,0,-5000,0,0,0,16000,21000,-5000,-5000
062247,國巨元大9B購07  ,0,0,0,0,0,0,0,0,0,-5000,0,0,0,54000,59000,-5000,-5000
062272,鴻海群益9B購05  ,0,0,0,0,0,0,0,0,0,-5000,0,0,0,11000,16000,-5000,-5000
062603,台化凱基9B購01  ,0,0,0,0,0,0,0,0,0,-5000,0,0,0,0,5000,-5000,-5000
062558,義隆凱基9B購02  ,0,0,0,0,0,0,0,0,0,-5000,0,0,0,16000,21000,-5000,-5000
062880,大立光兆豐9B購02,0,0,0,0,0,0,0,0,0,-5000,0,0,0,0,5000,-5000,-5000
062861,世芯國票9C購01  ,0,0,0,0,0,0,0,0,0,-5000,0,0,0,1000,6000,-5000,-5000
063383,億豐永豐9B購02  ,0,0,0,0,0,0,0,0,0,-5000,0,0,0,129000,134000,-5000,-5000
063367,GIS富邦9B購01   ,0,0,0,0,0,0,0,0,0,-5000,0,0,0,0,5000,-5000,-5000
063533,緯穎凱基9B購06  ,0,0,0,0,0,0,0,0,0,-5000,0,0,0,0,5000,-5000,-5000
063082,瑞昱凱基9B購04  ,0,0,0,0,0,0,0,0,0,-5000,0,0,0,75000,80000,-5000,-5000
064489,宏碁元大9C購01  ,0,0,0,0,0,0,0,0,0,-5000,0,0,0,5000,10000,-5000,-5000
06461P,玉晶光國泰9A售01,0,0,0,0,0,0,0,0,0,-5000,0,0,0,0,5000,-5000,-5000
06470P,臺股指凱基99售10,0,0,0,0,0,0,0,0,0,-5000,0,0,0,0,5000,-5000,-5000
064040,鴻海統一9C購18  ,0,0,0,0,0,0,0,0,0,-5000,0,0,0,5000,10000,-5000,-5000
063939,上銀元大9C購04  ,0,0,0,0,0,0,0,0,0,-5000,0,0,0,58000,63000,-5000,-5000
063858,鴻海國泰02購01  ,0,0,0,0,0,0,0,0,0,-5000,0,0,0,5000,10000,-5000,-5000
063602,金像電凱基9B購04,0,0,0,0,0,0,0,0,0,-5000,0,0,0,75000,80000,-5000,-5000
6581,鋼聯            ,5000,10000,-5000,0,0,0,0,0,0,0,0,0,0,0,0,0,-5000
1473,台南            ,62000,67000,-5000,0,0,0,0,0,0,0,0,0,0,0,0,0,-5000
1521,大億            ,6000,11000,-5000,0,0,0,0,0,0,0,0,0,0,0,0,0,-5000
1539,巨庭            ,0,5000,-5000,0,0,0,0,0,0,0,0,0,0,0,0,0,-5000
1256,鮮活果汁-KY     ,2000,7000,-5000,0,0,0,0,0,0,0,0,0,0,0,0,0,-5000
08660P,台灣50麥證9C售02,0,0,0,0,5000,-5000,0,0,0,-5000,0,0,0,0,5000,-5000,-5000
08661P,台灣50麥證9C售03,0,0,0,0,5000,-5000,0,0,0,-5000,0,0,0,0,5000,-5000,-5000
08700P,瑞昱康和01售01  ,0,0,0,0,0,0,0,0,0,-5000,0,0,0,0,5000,-5000,-5000
08417P,聯發科元大9C售12,0,0,0,0,0,0,0,0,0,-5000,0,0,0,0,5000,-5000,-5000
08516P,技嘉群益01售02  ,0,0,0,0,0,0,0,0,0,-5000,0,0,0,0,5000,-5000,-5000
08489P,臺股指群益9C售20,0,0,0,0,0,0,0,0,0,-5000,0,0,0,0,5000,-5000,-5000
08577P,臺指2X中信03售01,0,0,0,0,0,0,0,0,0,-5000,0,0,0,0,5000,-5000,-5000
08582P,臺股指元大9C售30,0,0,0,0,0,0,0,0,0,-5000,0,0,0,22000,27000,-5000,-5000
08620P,聯發科群益9C售15,0,0,0,0,0,0,0,0,0,-5000,0,0,0,0,5000,-5000,-5000
08603P,電子類元大9C售02,0,0,0,0,0,0,0,0,0,-5000,0,0,0,0,5000,-5000,-5000
2881A,富邦特          ,0,0,0,0,0,0,0,0,0,-5000,5000,10000,-5000,0,0,0,-5000
6172,互億            ,0,5000,-5000,0,0,0,0,0,0,0,0,0,0,0,0,0,-5000
4566,時碩工業        ,10000,15000,-5000,0,0,0,0,0,0,0,0,0,0,0,0,0,-5000
3550,聯穎            ,2000,8000,-6000,0,0,0,0,0,0,1000,1000,0,1000,0,0,0,-5000
065415,台積電兆豐9C購05,0,0,0,0,0,0,0,0,0,-6000,0,0,0,212000,218000,-6000,-6000
066398,京鼎凱基01購02  ,0,0,0,0,0,0,0,0,0,-6000,0,0,0,0,6000,-6000,-6000
066363,美律中信05購01  ,0,0,0,0,0,0,0,0,0,-6000,0,0,0,0,6000,-6000,-6000
066051,景碩元大01購01  ,0,0,0,0,0,0,0,0,0,-6000,0,0,0,51000,57000,-6000,-6000
066205,京鼎統一03購01  ,0,0,0,0,0,0,0,0,0,-6000,0,0,0,1050000,1056000,-6000,-6000
07595P,台灣50中信03售07,0,0,0,0,0,0,0,0,0,-6000,0,0,0,0,6000,-6000,-6000
08128P,聯發科元大9B售22,0,0,0,0,0,0,0,0,0,-6000,0,0,0,0,6000,-6000,-6000
08043P,電子類群益9B售01,0,0,0,0,0,0,0,0,0,-6000,0,0,0,0,6000,-6000,-6000
08067P,大立光凱基9B售08,0,0,0,0,0,0,0,0,0,-6000,0,0,0,0,6000,-6000,-6000
07987P,大立光統一9B售13,0,0,0,0,0,0,0,0,0,-6000,0,0,0,0,6000,-6000,-6000
07977P,華新科群益01售01,0,0,0,0,0,0,0,0,0,-6000,0,0,0,4000,10000,-6000,-6000
0053,元大電子        ,0,0,0,0,0,0,0,0,0,-6000,0,0,0,4000,10000,-6000,-6000
053821,群創群益98購08  ,0,0,0,0,0,0,0,0,0,-6000,0,0,0,0,6000,-6000,-6000
057763,康控凱基99購02  ,0,0,0,0,0,0,0,0,0,-6000,0,0,0,14000,20000,-6000,-6000
059277,群創元大99購05  ,0,0,0,0,0,0,0,0,0,-6000,0,0,0,26000,32000,-6000,-6000
057165,國巨元大99購05  ,0,0,0,0,0,0,0,0,0,-6000,0,0,0,5000,11000,-6000,-6000
057596,聯茂兆豐99購01  ,0,0,0,0,0,0,0,0,0,-6000,0,0,0,30000,36000,-6000,-6000
061626,超眾群益9A購02  ,0,0,0,0,0,0,0,0,0,-6000,0,0,0,59000,65000,-6000,-6000
062012,燿華富邦9C購01  ,0,0,0,0,0,0,0,0,0,-6000,0,0,0,0,6000,-6000,-6000
059155,台表科日盛99購01,0,0,0,0,0,0,0,0,0,-6000,0,0,0,14000,20000,-6000,-6000
059032,元石油群益9C購03,0,0,0,0,0,0,0,0,0,-6000,0,0,0,0,6000,-6000,-6000
059065,南電凱基9A購01  ,0,0,0,0,0,0,0,0,0,-6000,0,0,0,0,6000,-6000,-6000
058055,華擎統一9A購01  ,0,0,0,0,0,0,0,0,0,-6000,0,0,0,65000,71000,-6000,-6000
058517,景碩元大99購06  ,0,0,0,0,0,0,0,0,0,-6000,0,0,0,0,6000,-6000,-6000
060634,矽創富邦9B購01  ,0,0,0,0,0,0,0,0,0,-6000,0,0,0,0,6000,-6000,-6000
063730,台積電元大9B購09,0,0,0,0,0,0,0,0,0,-6000,0,0,0,50000,56000,-6000,-6000
064734,大立光元富9C購05,0,0,0,0,0,0,0,0,0,-6000,0,0,0,0,6000,-6000,-6000
064422,聯發科兆豐01購02,0,0,0,0,0,0,0,0,0,-6000,0,0,0,0,6000,-6000,-6000
064280,大立光元大9C購11,0,0,0,0,0,0,0,0,0,-6000,0,0,0,0,6000,-6000,-6000
062931,上証2X凱基01購01,0,0,0,0,0,0,0,0,0,-6000,0,0,0,1000,7000,-6000,-6000
063184,台光電凱基9B購03,0,0,0,0,0,0,0,0,0,-6000,0,0,0,20000,26000,-6000,-6000
063108,世紀鋼群益9C購01,0,0,0,0,0,0,0,0,0,-6000,0,0,0,0,6000,-6000,-6000
062266,世紀鋼元大9B購02,0,0,0,0,0,0,0,0,0,-6000,0,0,0,0,6000,-6000,-6000
062458,全新群益9B購03  ,0,0,0,0,0,0,0,0,0,-6000,0,0,0,0,6000,-6000,-6000
062473,同欣電凱基9B購01,0,0,0,0,0,0,0,0,0,-6000,0,0,0,59000,65000,-6000,-6000
062475,道瓊反國票9B購02,0,0,0,0,0,0,0,0,0,-6000,0,0,0,0,6000,-6000,-6000
5525,順天            ,1000,6000,-5000,0,0,0,0,0,0,-1000,0,1000,-1000,0,0,0,-6000
2838,聯邦銀          ,302000,308000,-6000,0,0,0,0,0,0,0,0,0,0,0,0,0,-6000
2706,第一店          ,6000,12000,-6000,0,0,0,0,0,0,0,0,0,0,0,0,0,-6000
2613,中櫃            ,0,6000,-6000,0,0,0,0,0,0,0,0,0,0,0,0,0,-6000
08604P,金融類元大9C售01,0,0,0,0,0,0,0,0,0,-6000,0,0,0,0,6000,-6000,-6000
08586P,台積電第一9C售02,0,0,0,0,0,0,0,0,0,-6000,0,0,0,19000,25000,-6000,-6000
08693P,宏達電群益01售02,0,0,0,0,0,0,0,0,0,-6000,0,0,0,19000,25000,-6000,-6000
08683P,大立光凱基02售03,0,0,0,0,0,0,0,0,0,-6000,0,0,0,0,6000,-6000,-6000
1323,永裕            ,10000,16000,-6000,0,0,0,0,0,0,0,0,0,0,0,0,0,-6000
1453,大將            ,0,4000,-4000,0,0,0,0,0,0,-2000,0,2000,-2000,0,0,0,-6000
07940P,國巨群益9B售06  ,0,0,0,0,0,0,0,0,0,-7000,0,0,0,13000,20000,-7000,-7000
08165P,台表科永豐9B售02,0,0,0,0,0,0,0,0,0,-7000,0,0,0,0,7000,-7000,-7000
08203P,同欣電永豐9B售04,0,0,0,0,0,0,0,0,0,-7000,0,0,0,0,7000,-7000,-7000
07783P,聯發科富邦9C售03,0,0,0,0,0,0,0,0,0,-7000,0,0,0,0,7000,-7000,-7000
066252,南港元大01購02  ,0,0,0,0,0,0,0,0,0,-7000,0,0,0,0,7000,-7000,-7000
065835,台灣50元大9C購52,0,0,0,0,0,0,0,0,0,-7000,0,0,0,0,7000,-7000,-7000
064922,玉晶光統一01購10,0,0,0,0,0,0,0,0,0,-7000,0,0,0,16000,23000,-7000,-7000
056226,聯發科凱基97購10,0,0,0,0,0,0,0,0,0,-7000,0,0,0,0,7000,-7000,-7000
057059,易華電元大99購01,0,0,0,0,0,0,0,0,0,-7000,0,0,0,0,7000,-7000,-7000
056312,茂林元大98購01  ,0,0,0,0,0,0,0,0,0,-7000,0,0,0,0,7000,-7000,-7000
057069,台積電永豐98購02,0,0,0,0,0,0,0,0,0,-7000,0,0,0,51000,58000,-7000,-7000
056458,日月光凱基98購02,0,0,0,0,0,0,0,0,0,-7000,0,0,0,13000,20000,-7000,-7000
060226,道瓊反元大9A購01,0,0,0,0,0,0,0,0,0,-7000,0,0,0,0,7000,-7000,-7000
054216,聯茂國票97購03  ,0,0,0,0,0,0,0,0,0,-7000,0,0,0,0,7000,-7000,-7000
052692,滬深2X中信99購02,0,0,0,0,0,0,0,0,0,-7000,0,0,0,1000,8000,-7000,-7000
052619,茂林國泰99購01  ,0,0,0,0,0,0,0,0,0,-7000,0,0,0,146000,153000,-7000,-7000
046937,聯電元大99購01  ,0,0,0,0,0,0,0,0,0,-7000,0,0,0,3000,10000,-7000,-7000
060336,南電康和9A購01  ,0,0,0,0,0,0,0,0,0,-7000,0,0,0,203000,210000,-7000,-7000
059415,台灣50元大9A購03,0,0,0,0,0,0,0,0,0,-7000,0,0,0,0,7000,-7000,-7000
058670,鴻海群益9A購03  ,0,0,0,0,0,0,0,0,0,-7000,0,0,0,50000,57000,-7000,-7000
061257,上銀凱基9A購06  ,0,0,0,0,0,0,0,0,0,-7000,0,0,0,4000,11000,-7000,-7000
061392,泰鼎群益9A購02  ,0,0,0,0,0,0,0,0,0,-7000,0,0,0,0,7000,-7000,-7000
061455,京元電凱基9B購01,0,0,0,0,0,0,0,0,0,-7000,0,0,0,85000,92000,-7000,-7000
059493,國巨國票9B購01  ,0,0,0,0,0,0,0,0,0,-7000,0,0,0,3000,10000,-7000,-7000
059728,聯鈞元大99購01  ,0,0,0,0,0,0,0,0,0,-7000,0,0,0,39000,46000,-7000,-7000
062031,臻鼎群益9B購01  ,0,0,0,0,0,0,0,0,0,-7000,0,0,0,51000,58000,-7000,-7000
060099,宏達電元大99購09,0,0,0,0,0,0,0,0,0,-7000,0,0,0,5000,12000,-7000,-7000
062197,聯發科中信01購03,0,0,0,0,0,0,0,0,0,-7000,0,0,0,22000,29000,-7000,-7000
063050,葡萄王統一01購01,0,0,0,0,0,0,0,0,0,-7000,0,0,0,0,7000,-7000,-7000
063036,聯發科凱基9B購11,0,0,0,0,0,0,0,0,0,-7000,0,0,0,0,7000,-7000,-7000
063498,金像電永豐9B購02,0,0,0,0,0,0,0,0,0,-7000,0,0,0,0,7000,-7000,-7000
063284,大立光元大9B購07,0,0,0,0,0,0,0,0,0,-7000,0,0,0,25000,32000,-7000,-7000
064281,大立光元大9C購12,0,0,0,0,0,0,0,0,0,-7000,0,0,0,0,7000,-7000,-7000
064339,大立光元大01購01,0,0,0,0,0,0,0,0,0,-7000,0,0,0,0,7000,-7000,-7000
064549,神基凱基9C購01  ,0,0,0,0,0,0,0,0,0,-7000,0,0,0,116000,123000,-7000,-7000
063600,燿華凱基9B購04  ,0,0,0,0,0,0,0,0,0,-7000,0,0,0,21000,28000,-7000,-7000
1445,大宇            ,10000,17000,-7000,0,0,0,0,0,0,0,0,0,0,0,0,0,-7000
1724,台硝            ,0,7000,-7000,0,0,0,0,0,0,0,0,0,0,0,0,0,-7000
2923,鼎固-KY         ,11000,18000,-7000,0,0,0,0,0,0,0,0,0,0,0,0,0,-7000
2342,茂矽            ,2094000,2101000,-7000,0,0,0,0,0,0,0,0,0,0,0,0,0,-7000
4576,大銀微系統      ,35000,42000,-7000,0,0,0,0,0,0,0,0,0,0,0,0,0,-7000
4755,三福化          ,33000,40000,-7000,0,0,0,0,0,0,0,0,0,0,0,0,0,-7000
6215,和椿            ,87000,106000,-19000,0,0,0,0,0,0,12000,12000,0,12000,0,0,0,-7000
4438,廣越            ,13000,20000,-7000,0,0,0,0,0,0,0,0,0,0,0,0,0,-7000
3296,勝德            ,0,7000,-7000,0,0,0,0,0,0,0,0,0,0,0,0,0,-7000
3383,新世紀          ,1000,8000,-7000,0,0,0,0,0,0,0,0,0,0,0,0,0,-7000
064792,美律國票9C購01  ,0,0,0,0,0,0,0,0,0,-8000,0,0,0,27000,35000,-8000,-8000
065025,健策永豐9C購02  ,0,0,0,0,0,0,0,0,0,-8000,0,0,0,5000,13000,-8000,-8000
065089,大立光元大9C購23,0,0,0,0,0,0,0,0,0,-8000,0,0,0,68000,76000,-8000,-8000
065811,億豐群益9C購01  ,0,0,0,0,0,0,0,0,0,-8000,0,0,0,7000,15000,-8000,-8000
065581,寶成群益9C購01  ,0,0,0,0,0,0,0,0,0,-8000,0,0,0,0,8000,-8000,-8000
065636,台表科國票01購03,0,0,0,0,0,0,0,0,0,-8000,0,0,0,30000,38000,-8000,-8000
066354,緯穎永豐01購01  ,0,0,0,0,0,0,0,0,0,-8000,0,0,0,0,8000,-8000,-8000
066125,得力群益01購01  ,0,0,0,0,0,0,0,0,0,-8000,0,0,0,0,8000,-8000,-8000
066454,金像電統一01購03,0,0,0,0,0,0,0,0,0,-8000,0,0,0,0,8000,-8000,-8000
06919P,臺股指日盛98售02,0,0,0,0,0,0,0,0,0,-8000,0,0,0,32000,40000,-8000,-8000
07079P,台積電群益99售06,0,0,0,0,0,0,0,0,0,-8000,0,0,0,4000,12000,-8000,-8000
07877P,晶技永豐9B售01  ,0,0,0,0,0,0,0,0,0,-8000,0,0,0,0,8000,-8000,-8000
07664P,台灣50元大9C售30,0,0,0,0,0,0,0,0,0,-8000,0,0,0,0,8000,-8000,-8000
054588,玉晶光國泰99購02,0,0,0,0,0,0,0,0,0,-8000,0,0,0,0,8000,-8000,-8000
058464,矽創兆豐9A購01  ,0,0,0,0,0,0,0,0,0,-8000,0,0,0,0,8000,-8000,-8000
060526,台積電中信9A購02,0,0,0,0,0,0,0,0,0,-8000,0,0,0,0,8000,-8000,-8000
057943,可成國票99購03  ,0,0,0,0,0,0,0,0,0,-8000,0,0,0,2000,10000,-8000,-8000
056607,貿聯富邦99購02  ,0,0,0,0,0,0,0,0,0,-8000,0,0,0,7000,15000,-8000,-8000
056637,台光電日盛9A購01,0,0,0,0,0,0,0,0,0,-8000,0,0,0,0,8000,-8000,-8000
057075,嘉聯益永豐98購01,0,0,0,0,0,0,0,0,0,-8000,0,0,0,92000,100000,-8000,-8000
061933,光寶科國票9B購01,0,0,0,0,0,0,0,0,0,-8000,0,0,0,0,8000,-8000,-8000
059842,台積電富邦9C購05,0,0,0,0,0,0,0,0,0,-8000,0,0,0,0,8000,-8000,-8000
059979,台積電元大99購49,0,0,0,0,0,0,0,0,0,-8000,0,0,0,0,8000,-8000,-8000
060040,康控國票99購04  ,0,0,0,0,0,0,0,0,0,-8000,0,0,0,0,8000,-8000,-8000
058567,華新科凱基9A購02,0,0,0,0,0,0,0,0,0,-8000,0,0,0,0,8000,-8000,-8000
063589,美食永豐9B購02  ,0,0,0,0,0,0,0,0,0,-8000,0,0,0,60000,68000,-8000,-8000
063640,貿聯元大9B購03  ,0,0,0,0,0,0,0,0,0,-8000,0,0,0,41000,49000,-8000,-8000
063649,南六元大9C購02  ,0,0,0,0,0,0,0,0,0,-8000,0,0,0,52000,60000,-8000,-8000
064294,和大中信9C購01  ,0,0,0,0,0,0,0,0,0,-8000,0,0,0,85000,93000,-8000,-8000
062531,大立光統一9C購06,0,0,0,0,0,0,0,0,0,-8000,0,0,0,0,8000,-8000,-8000
3416,融程電          ,0,8000,-8000,0,0,0,0,0,0,0,0,0,0,0,0,0,-8000
2373,震旦行          ,9000,17000,-8000,0,0,0,0,0,0,0,0,0,0,0,0,0,-8000
2429,銘旺科          ,1000,9000,-8000,0,0,0,0,0,0,0,0,0,0,0,0,0,-8000
3002,歐格            ,0,8000,-8000,0,0,0,0,0,0,0,0,0,0,0,0,0,-8000
2497,怡利電          ,2000,10000,-8000,0,0,0,0,0,0,0,0,0,0,0,0,0,-8000
1805,寶徠            ,1000,9000,-8000,0,0,0,0,0,0,0,0,0,0,0,0,0,-8000
2114,鑫永銓          ,23000,31000,-8000,0,0,0,0,0,0,0,0,0,0,0,0,0,-8000
1468,昶和            ,0,8000,-8000,0,0,0,0,0,0,0,0,0,0,0,0,0,-8000
07634P,金像電元大9A售01,0,0,0,0,0,0,0,0,0,-9000,0,0,0,10000,19000,-9000,-9000
08173P,金像電凱基9B售02,0,0,0,0,0,0,0,0,0,-9000,0,0,0,102000,111000,-9000,-9000
066348,松翰永豐01購01  ,0,0,0,0,0,0,0,0,0,-9000,0,0,0,0,9000,-9000,-9000
065945,鴻海統一02購01  ,0,0,0,0,0,0,0,0,0,-9000,0,0,0,2515000,2524000,-9000,-9000
065116,臺股指國票9C購13,0,0,0,0,0,0,0,0,0,-9000,0,0,0,11000,20000,-9000,-9000
056420,台表科元富98購01,0,0,0,0,0,0,0,0,0,-9000,0,0,0,39000,48000,-9000,-9000
056945,鴻海統一98購12  ,0,0,0,0,0,0,0,0,0,-9000,0,0,0,11000,20000,-9000,-9000
057495,牧德元大99購04  ,0,0,0,0,0,0,0,0,0,-9000,0,0,0,70000,79000,-9000,-9000
056583,昇陽半元大98購02,0,0,0,0,0,0,0,0,0,-9000,0,0,0,0,9000,-9000,-9000
056553,啟碁凱基98購02  ,0,0,0,0,0,0,0,0,0,-9000,0,0,0,0,9000,-9000,-9000
056549,嘉聯益凱基98購04,0,0,0,0,0,0,0,0,0,-9000,0,0,0,2000,11000,-9000,-9000
055926,國巨群益98購06  ,0,0,0,0,0,0,0,0,0,-9000,0,0,0,4000,13000,-9000,-9000
056869,國巨日盛99購03  ,0,0,0,0,0,0,0,0,0,-9000,0,0,0,1000,10000,-9000,-9000
055518,華新科中信99購01,0,0,0,0,0,0,0,0,0,-9000,0,0,0,0,9000,-9000,-9000
00682U,元大美元指數    ,0,0,0,0,0,0,0,0,0,-9000,0,0,0,0,9000,-9000,-9000
00702,國泰標普低波高息,0,0,0,0,0,0,0,0,0,-9000,0,0,0,0,9000,-9000,-9000
00742,新光內需收益    ,0,1000,-1000,0,0,0,0,0,0,-8000,250000,250000,0,1110000,1118000,-8000,-9000
059304,華新科兆豐99購06,0,0,0,0,0,0,0,0,0,-9000,0,0,0,155000,164000,-9000,-9000
061310,華新科麥證9A購01,0,0,0,3000,12000,-9000,0,0,0,-9000,0,0,0,3000,12000,-9000,-9000
059998,華航元富99購02  ,0,0,0,0,0,0,0,0,0,-9000,0,0,0,0,9000,-9000,-9000
059878,聯茂凱基99購07  ,0,0,0,0,0,0,0,0,0,-9000,0,0,0,11000,20000,-9000,-9000
061576,華新科元大9A購21,0,0,0,0,0,0,0,0,0,-9000,0,0,0,101000,110000,-9000,-9000
061579,京鼎元大9A購02  ,0,0,0,0,0,0,0,0,0,-9000,0,0,0,171000,180000,-9000,-9000
061580,華擎元大9A購06  ,0,0,0,0,0,0,0,0,0,-9000,0,0,0,55000,64000,-9000,-9000
062275,燿華群益9B購01  ,0,0,0,0,0,0,0,0,0,-9000,0,0,0,16000,25000,-9000,-9000
062783,大立光元大9C購03,0,0,0,0,0,0,0,0,0,-9000,0,0,0,0,9000,-9000,-9000
063554,GIS國票9C購03   ,0,0,0,0,0,0,0,0,0,-9000,0,0,0,0,9000,-9000,-9000
064304,信邦兆豐01購01  ,0,0,0,0,0,0,0,0,0,-9000,0,0,0,81000,90000,-9000,-9000
064247,廣達元富9C購01  ,0,0,0,0,0,0,0,0,0,-9000,0,0,0,499000,508000,-9000,-9000
064383,SP黃豆富邦01購01,0,0,0,0,0,0,0,0,0,-9000,0,0,0,0,9000,-9000,-9000
064496,聯發科元大9C購10,0,0,0,0,0,0,0,0,0,-9000,0,0,0,111000,120000,-9000,-9000
06379P,群創統一97售05  ,0,0,0,0,0,0,0,0,0,-9000,0,0,0,0,9000,-9000,-9000
064167,緯穎統一01購03  ,0,0,0,0,0,0,0,0,0,-9000,0,0,0,17000,26000,-9000,-9000
1503,士電            ,7000,16000,-9000,0,0,0,0,0,0,0,0,0,0,0,0,0,-9000
08287P,茂林凱基9C售02  ,0,0,0,0,0,0,0,0,0,-9000,0,0,0,0,9000,-9000,-9000
2462,良得電          ,4000,13000,-9000,0,0,0,0,0,0,0,0,0,0,0,0,0,-9000
2305,全友            ,4000,14000,-10000,0,0,0,0,0,0,1000,1000,0,1000,0,0,0,-9000
4545,銘鈺            ,5000,15000,-10000,0,0,0,0,0,0,1000,1000,0,1000,0,0,0,-9000
5283,禾聯碩          ,2000,11000,-9000,0,0,0,0,0,0,0,0,0,0,0,0,0,-9000
8114,振樺電          ,18000,27000,-9000,0,0,0,0,0,0,0,0,0,0,0,0,0,-9000
9927,泰銘            ,16000,25000,-9000,0,0,0,0,0,0,0,0,0,0,0,0,0,-9000
9942,茂順            ,5000,14000,-9000,0,0,0,0,0,0,0,0,0,0,0,0,0,-9000
065122,電子類富邦9C購01,0,0,0,0,0,0,0,0,0,-10000,0,0,0,0,10000,-10000,-10000
065211,世芯國票01購03  ,0,0,0,0,0,0,0,0,0,-10000,0,0,0,10000,20000,-10000,-10000
065359,台灣50元大9C購49,0,0,0,0,0,0,0,0,0,-10000,0,0,0,0,10000,-10000,-10000
065271,日月光元大9C購02,0,0,0,0,0,0,0,0,0,-10000,0,0,0,56000,66000,-10000,-10000
06528P,台積電富邦99售03,0,0,0,0,0,0,0,0,0,-10000,0,0,0,0,10000,-10000,-10000
065317,上銀凱基9C購03  ,0,0,0,0,0,0,0,0,0,-10000,0,0,0,0,10000,-10000,-10000
065075,葡萄王元大01購01,0,0,0,0,0,0,0,0,0,-10000,0,0,0,0,10000,-10000,-10000
065042,國產凱基02購01  ,0,0,0,0,0,0,0,0,0,-10000,0,0,0,68000,78000,-10000,-10000
064972,台積電元大9C購11,0,0,0,0,0,0,0,0,0,-10000,0,0,0,1000,11000,-10000,-10000
064973,智邦元大9C購06  ,0,0,0,0,0,0,0,0,0,-10000,0,0,0,19000,29000,-10000,-10000
064824,台積電統一02購03,0,0,0,0,0,0,0,0,0,-10000,0,0,0,2000,12000,-10000,-10000
06485P,玉晶光群益9A售02,0,0,0,0,0,0,0,0,0,-10000,0,0,0,0,10000,-10000,-10000
064907,緯穎群益9C購02  ,0,0,0,0,0,0,0,0,0,-10000,0,0,0,0,10000,-10000,-10000
065861,台汽電元大9C購01,0,0,0,0,0,0,0,0,0,-10000,0,0,0,93000,103000,-10000,-10000
065863,臺股指元大9C購37,0,0,0,0,0,0,0,0,0,-10000,0,0,0,0,10000,-10000,-10000
065887,巨大元富9C購01  ,0,0,0,0,0,0,0,0,0,-10000,0,0,0,0,10000,-10000,-10000
06589P,台積電元大98售12,0,0,0,0,0,0,0,0,0,-10000,0,0,0,0,10000,-10000,-10000
065812,寶成群益9C購02  ,0,0,0,0,0,0,0,0,0,-10000,0,0,0,88000,98000,-10000,-10000
065724,國巨凱基9C購11  ,0,0,0,0,0,0,0,0,0,-10000,0,0,0,0,10000,-10000,-10000
065770,元黃金國票01購01,0,0,0,0,0,0,0,0,0,-10000,0,0,0,5000,15000,-10000,-10000
065771,道瓊反國票01購01,0,0,0,0,0,0,0,0,0,-10000,0,0,0,0,10000,-10000,-10000
065589,景碩永豐9C購02  ,0,0,0,0,0,0,0,0,0,-10000,0,0,0,0,10000,-10000,-10000
065468,FBVIX元大9C購04 ,0,0,0,0,0,0,0,0,0,-10000,0,0,0,0,10000,-10000,-10000
066318,友訊永豐01購01  ,0,0,0,0,0,0,0,0,0,-10000,0,0,0,0,10000,-10000,-10000
066401,智伸科凱基01購02,0,0,0,0,0,0,0,0,0,-10000,0,0,0,0,10000,-10000,-10000
066267,強茂元大01購02  ,0,0,0,0,0,0,0,0,0,-10000,0,0,0,18000,28000,-10000,-10000
06627P,華新科元富99售01,0,0,0,0,0,0,0,0,0,-10000,0,0,0,10000,20000,-10000,-10000
066277,敦泰元大01購02  ,0,0,0,0,0,0,0,0,0,-10000,0,0,0,0,10000,-10000,-10000
066283,鎧勝元大01購02  ,0,0,0,0,0,0,0,0,0,-10000,0,0,0,0,10000,-10000,-10000
066175,聯鈞凱基01購01  ,0,0,0,0,0,0,0,0,0,-10000,0,0,0,64000,74000,-10000,-10000
066164,精元凱基01購01  ,0,0,0,0,0,0,0,0,0,-10000,0,0,0,0,10000,-10000,-10000
066035,南電群益01購01  ,0,0,0,0,0,0,0,0,0,-10000,0,0,0,1000,11000,-10000,-10000
07101P,台郡元大99售06  ,0,0,0,0,0,0,0,0,0,-10000,0,0,0,0,10000,-10000,-10000
07200P,臺股指元大99售16,0,0,0,0,0,0,0,0,0,-10000,0,0,0,0,10000,-10000,-10000
06908P,健策國泰99售02  ,0,0,0,0,0,0,0,0,0,-10000,0,0,0,40000,50000,-10000,-10000
06978P,聯發科富邦9B售02,0,0,0,0,0,0,0,0,0,-10000,0,0,0,0,10000,-10000,-10000
06971P,台光電元大99售03,0,0,0,0,0,0,0,0,0,-10000,0,0,0,0,10000,-10000,-10000
066423,智原元大01購02  ,0,0,0,0,0,0,0,0,0,-10000,0,0,0,13000,23000,-10000,-10000
066443,智原群益01購01  ,0,0,0,0,0,0,0,0,0,-10000,0,0,0,0,10000,-10000,-10000
066446,健策群益01購06  ,0,0,0,0,0,0,0,0,0,-10000,0,0,0,11000,21000,-10000,-10000
066507,和碩富邦03購01  ,0,0,0,0,0,0,0,0,0,-10000,0,0,0,18000,28000,-10000,-10000
06739P,聯詠兆豐98售02  ,0,0,0,0,0,0,0,0,0,-10000,0,0,0,0,10000,-10000,-10000
06844P,智邦元大98售13  ,0,0,0,0,0,0,0,0,0,-10000,0,0,0,0,10000,-10000,-10000
08131P,立積元大9B售02  ,0,0,0,0,0,0,0,0,0,-10000,0,0,0,0,10000,-10000,-10000
08008P,華新科統一9B售05,0,0,0,0,0,0,0,0,0,-10000,0,0,0,0,10000,-10000,-10000
08025P,臺股指凱基9B售11,0,0,0,0,0,0,0,0,0,-10000,0,0,0,0,10000,-10000,-10000
08040P,臺股指群益9B售13,0,0,0,0,0,0,0,0,0,-10000,0,0,0,0,10000,-10000,-10000
08042P,臺股指群益9B售15,0,0,0,0,0,0,0,0,0,-10000,0,0,0,0,10000,-10000,-10000
07710P,華擎元大9A售05  ,0,0,0,0,0,0,0,0,0,-10000,0,0,0,0,10000,-10000,-10000
07841P,臻鼎元大9A售04  ,0,0,0,0,0,0,0,0,0,-10000,0,0,0,15000,25000,-10000,-10000
07847P,國巨群益9A售13  ,0,0,0,0,0,0,0,0,0,-10000,0,0,0,0,10000,-10000,-10000
07541P,國巨凱基9A售12  ,0,0,0,0,0,0,0,0,0,-10000,0,0,0,0,10000,-10000,-10000
07524P,臺股指中信9B售06,0,0,0,0,0,0,0,0,0,-10000,0,0,0,30000,40000,-10000,-10000
07431P,臺股指國票9A售03,0,0,0,0,0,0,0,0,0,-10000,0,0,0,0,10000,-10000,-10000
07306P,台灣50凱基9A售09,0,0,0,0,0,0,0,0,0,-10000,0,0,0,0,10000,-10000,-10000
07344P,鴻海富邦9A售03  ,0,0,0,0,0,0,0,0,0,-10000,0,0,0,0,10000,-10000,-10000
07250P,台灣50永豐99售07,0,0,0,0,0,0,0,0,0,-10000,0,0,0,0,10000,-10000,-10000
07291P,臺股指凱基99售43,0,0,0,0,0,0,0,0,0,-10000,0,0,0,0,10000,-10000,-10000
07264P,台積電元大99售38,0,0,0,0,0,0,0,0,0,-10000,0,0,0,0,10000,-10000,-10000
052629,訊芯中信99購01  ,0,0,0,0,0,0,0,0,0,-10000,0,0,0,0,10000,-10000,-10000
052987,華新科元大99購01,0,0,0,0,0,0,0,0,0,-10000,0,0,0,0,10000,-10000,-10000
052893,聯電群益98購01  ,0,0,0,0,0,0,0,0,0,-10000,0,0,0,0,10000,-10000,-10000
053220,瀚宇博凱基98購01,0,0,0,0,0,0,0,0,0,-10000,0,0,0,0,10000,-10000,-10000
053181,滬深2X元富99購02,0,0,0,0,0,0,0,0,0,-10000,0,0,0,8000,18000,-10000,-10000
03419B,臺股指元富99熊03,0,0,0,0,0,0,0,0,0,-10000,0,0,0,0,10000,-10000,-10000
052299,T50反1台新05購03,0,0,0,0,0,0,0,0,0,-10000,0,0,0,0,10000,-10000,-10000
047211,華新科富邦99購01,0,0,0,0,0,0,0,0,0,-10000,0,0,0,0,10000,-10000,-10000
053742,創意國票97購01  ,0,0,0,0,0,0,0,0,0,-10000,0,0,0,0,10000,-10000,-10000
056858,國巨群益99購03  ,0,0,0,0,0,0,0,0,0,-10000,0,0,0,0,10000,-10000,-10000
057775,南亞科群益98購02,0,0,0,0,0,0,0,0,0,-10000,0,0,0,0,10000,-10000,-10000
057637,上銀元大98購07  ,0,0,0,0,0,0,0,0,0,-10000,0,0,0,0,10000,-10000,-10000
056012,勤誠中信99購01  ,0,0,0,0,0,0,0,0,0,-10000,0,0,0,0,10000,-10000,-10000
054166,日電貿凱基98購01,0,0,0,0,0,0,0,0,0,-10000,0,0,0,0,10000,-10000,-10000
054158,國巨日盛99購01  ,0,0,0,0,0,0,0,0,0,-10000,0,0,0,50000,60000,-10000,-10000
054285,國巨元大98購02  ,0,0,0,0,0,0,0,0,0,-10000,0,0,0,0,10000,-10000,-10000
054532,強茂國泰98購01  ,0,0,0,0,0,0,0,0,0,-10000,0,0,0,0,10000,-10000,-10000
054763,宏達電國票99購01,0,0,0,0,0,0,0,0,0,-10000,0,0,0,0,10000,-10000,-10000
054769,創意國票98購01  ,0,0,0,0,0,0,0,0,0,-10000,0,0,0,0,10000,-10000,-10000
054796,康普群益98購01  ,0,0,0,0,0,0,0,0,0,-10000,0,0,0,0,10000,-10000,-10000
054856,得力群益99購01  ,0,0,0,0,0,0,0,0,0,-10000,0,0,0,0,10000,-10000,-10000
055117,臻鼎凱基98購02  ,0,0,0,0,0,0,0,0,0,-10000,0,0,0,0,10000,-10000,-10000
055078,亞泥中信98購01  ,0,0,0,0,0,0,0,0,0,-10000,0,0,0,0,10000,-10000,-10000
055080,正崴中信99購01  ,0,0,0,0,0,0,0,0,0,-10000,0,0,0,10000,20000,-10000,-10000
054976,上証2X元富9A購01,0,0,0,0,0,0,0,0,0,-10000,0,0,0,9000,19000,-10000,-10000
056718,GIS永豐98購01   ,0,0,0,0,0,0,0,0,0,-10000,0,0,0,0,10000,-10000,-10000
056711,亞光永豐98購01  ,0,0,0,0,0,0,0,0,0,-10000,0,0,0,0,10000,-10000,-10000
056727,滬深反凱基9B購01,0,0,0,0,0,0,0,0,0,-10000,0,0,0,0,10000,-10000,-10000
060452,儒鴻元大9A購01  ,0,0,0,0,0,0,0,0,0,-10000,0,0,0,6000,16000,-10000,-10000
060453,儒鴻元大9A購02  ,0,0,0,0,0,0,0,0,0,-10000,0,0,0,8000,18000,-10000,-10000
060389,世紀鋼凱基9B購02,0,0,0,0,0,0,0,0,0,-10000,0,0,0,0,10000,-10000,-10000
058497,新日興群益9B購01,0,0,0,0,0,0,0,0,0,-10000,0,0,0,14000,24000,-10000,-10000
058511,華新科元大9B購01,0,0,0,0,0,0,0,0,0,-10000,0,0,0,0,10000,-10000,-10000
059231,華通國票9A購04  ,0,0,0,0,0,0,0,0,0,-10000,0,0,0,0,10000,-10000,-10000
059254,台表科凱基9A購02,0,0,0,0,0,0,0,0,0,-10000,0,0,0,0,10000,-10000,-10000
059262,致茂中信01購01  ,0,0,0,0,0,0,0,0,0,-10000,0,0,0,21000,31000,-10000,-10000
057500,神達群益98購01  ,0,0,0,0,0,0,0,0,0,-10000,0,0,0,0,10000,-10000,-10000
057293,力成國泰99購01  ,0,0,0,0,0,0,0,0,0,-10000,0,0,0,0,10000,-10000,-10000
057279,國揚元大98購01  ,0,0,0,0,0,0,0,0,0,-10000,0,0,0,10000,20000,-10000,-10000
057855,晶技國票99購01  ,0,0,0,0,0,0,0,0,0,-10000,0,0,0,10000,20000,-10000,-10000
056970,TPK永豐98購01   ,0,0,0,0,0,0,0,0,0,-10000,0,0,0,70000,80000,-10000,-10000
056259,T50反1統一9A購01,0,0,0,0,0,0,0,0,0,-10000,0,0,0,0,10000,-10000,-10000
056186,智原統一97購01  ,0,0,0,0,0,0,0,0,0,-10000,0,0,0,0,10000,-10000,-10000
056429,華通凱基98購02  ,0,0,0,0,0,0,0,0,0,-10000,0,0,0,6000,16000,-10000,-10000
056381,台虹元富98購01  ,0,0,0,0,0,0,0,0,0,-10000,0,0,0,0,10000,-10000,-10000
057086,立積統一9C購01  ,0,0,0,0,0,0,0,0,0,-10000,0,0,0,16000,26000,-10000,-10000
061537,SP黃豆群益9A購02,0,0,0,0,0,0,0,0,0,-10000,0,0,0,0,10000,-10000,-10000
061789,群創群益9B購01  ,0,0,0,0,0,0,0,0,0,-10000,0,0,0,26000,36000,-10000,-10000
061787,華新科群益9C購01,0,0,0,0,0,0,0,0,0,-10000,0,0,0,41000,51000,-10000,-10000
061813,鴻海群益9B購02  ,0,0,0,0,0,0,0,0,0,-10000,0,0,0,0,10000,-10000,-10000
061757,T50反1元大9B購01,0,0,0,0,0,0,0,0,0,-10000,0,0,0,0,10000,-10000,-10000
061944,聯電群益9B購01  ,0,0,0,0,0,0,0,0,0,-10000,0,0,0,2000,12000,-10000,-10000
061921,旺宏凱基9B購03  ,0,0,0,0,0,0,0,0,0,-10000,0,0,0,0,10000,-10000,-10000
062054,鴻海統一9C購06  ,0,0,0,0,0,0,0,0,0,-10000,0,0,0,499000,509000,-10000,-10000
059879,GIS凱基99購03   ,0,0,0,0,0,0,0,0,0,-10000,0,0,0,0,10000,-10000,-10000
059811,高股息凱基99購02,0,0,0,0,0,0,0,0,0,-10000,0,0,0,0,10000,-10000,-10000
059783,旺宏元大99購17  ,0,0,0,0,0,0,0,0,0,-10000,0,0,0,6000,16000,-10000,-10000
059734,T50正2元富99購05,0,0,0,0,0,0,0,0,0,-10000,0,0,0,0,10000,-10000,-10000
059766,同欣電永豐99購03,0,0,0,0,0,0,0,0,0,-10000,0,0,0,10000,20000,-10000,-10000
059610,上銀永豐99購02  ,0,0,0,0,0,0,0,0,0,-10000,0,0,0,0,10000,-10000,-10000
059622,上銀凱基99購10  ,0,0,0,0,0,0,0,0,0,-10000,0,0,0,0,10000,-10000,-10000
058856,新光金兆豐99購01,0,0,0,0,0,0,0,0,0,-10000,0,0,0,0,10000,-10000,-10000
059083,華通元大99購07  ,0,0,0,0,0,0,0,0,0,-10000,0,0,0,8000,18000,-10000,-10000
05894P,友達群益98售02  ,0,0,0,0,0,0,0,0,0,-10000,0,0,0,0,10000,-10000,-10000
058923,華新科元富99購06,0,0,0,0,0,0,0,0,0,-10000,0,0,0,157000,167000,-10000,-10000
06136P,華新科國泰99售02,0,0,0,0,0,0,0,0,0,-10000,0,0,0,0,10000,-10000,-10000
061368,南六國票9A購01  ,0,0,0,0,0,0,0,0,0,-10000,0,0,0,20000,30000,-10000,-10000
06125P,楠梓電元富99售01,0,0,0,0,0,0,0,0,0,-10000,0,0,0,0,10000,-10000,-10000
061191,可成永豐9A購02  ,0,0,0,0,0,0,0,0,0,-10000,0,0,0,0,10000,-10000,-10000
061458,臻鼎凱基9A購02  ,0,0,0,0,0,0,0,0,0,-10000,0,0,0,10000,20000,-10000,-10000
061448,旺宏中信9A購02  ,0,0,0,0,0,0,0,0,0,-10000,0,0,0,0,10000,-10000,-10000
061449,大立光中信9C購02,0,0,0,0,0,0,0,0,0,-10000,0,0,0,0,10000,-10000,-10000
058612,健策元大99購02  ,0,0,0,0,0,0,0,0,0,-10000,0,0,0,10000,20000,-10000,-10000
058671,旺宏群益9A購01  ,0,0,0,0,0,0,0,0,0,-10000,0,0,0,0,10000,-10000,-10000
058075,貿聯凱基99購02  ,0,0,0,0,0,0,0,0,0,-10000,0,0,0,8000,18000,-10000,-10000
058045,鴻海元大99購08  ,0,0,0,0,0,0,0,0,0,-10000,0,0,0,0,10000,-10000,-10000
058046,國巨元大9A購01  ,0,0,0,0,0,0,0,0,0,-10000,0,0,0,20000,30000,-10000,-10000
058147,鈺齊元大99購01  ,0,0,0,0,0,0,0,0,0,-10000,0,0,0,0,10000,-10000,-10000
058716,華新科台新99購02,0,0,0,0,0,0,0,0,0,-10000,0,0,0,0,10000,-10000,-10000
058707,泰鼎元大99購02  ,0,0,0,0,0,0,0,0,0,-10000,0,0,0,10000,20000,-10000,-10000
058355,旺宏凱基99購04  ,0,0,0,0,0,0,0,0,0,-10000,0,0,0,0,10000,-10000,-10000
058346,嘉晶群益99購01  ,0,0,0,0,0,0,0,0,0,-10000,0,0,0,0,10000,-10000,-10000
059386,上銀凱基99購07  ,0,0,0,0,0,0,0,0,0,-10000,0,0,0,0,10000,-10000,-10000
059401,牧德元富99購01  ,0,0,0,0,0,0,0,0,0,-10000,0,0,0,0,10000,-10000,-10000
059339,上銀凱基99購06  ,0,0,0,0,0,0,0,0,0,-10000,0,0,0,0,10000,-10000,-10000
059346,新日興凱基99購03,0,0,0,0,0,0,0,0,0,-10000,0,0,0,10000,20000,-10000,-10000
058577,南亞科群益99購02,0,0,0,0,0,0,0,0,0,-10000,0,0,0,30000,40000,-10000,-10000
060587,牧德元富9A購01  ,0,0,0,0,0,0,0,0,0,-10000,0,0,0,0,10000,-10000,-10000
060555,台表科凱基9A購03,0,0,0,0,0,0,0,0,0,-10000,0,0,0,0,10000,-10000,-10000
060557,南電凱基9A購02  ,0,0,0,0,0,0,0,0,0,-10000,0,0,0,0,10000,-10000,-10000
060715,日電貿永豐9A購01,0,0,0,0,0,0,0,0,0,-10000,0,0,0,59000,69000,-10000,-10000
060929,健策永豐9A購01  ,0,0,0,0,0,0,0,0,0,-10000,0,0,0,0,10000,-10000,-10000
060940,國巨國票9B購03  ,0,0,0,0,0,0,0,0,0,-10000,0,0,0,18000,28000,-10000,-10000
060817,華邦電台新9A購01,0,0,0,0,0,0,0,0,0,-10000,0,0,0,40000,50000,-10000,-10000
060812,智邦凱基9A購01  ,0,0,0,0,0,0,0,0,0,-10000,0,0,0,0,10000,-10000,-10000
060974,滬深2X元大01購01,0,0,0,0,0,0,0,0,0,-10000,0,0,0,0,10000,-10000,-10000
061173,T50反1凱基04購01,0,0,0,0,0,0,0,0,0,-10000,0,0,0,0,10000,-10000,-10000
061143,道瓊指中信9C購04,0,0,0,0,0,0,0,0,0,-10000,0,0,0,0,10000,-10000,-10000
061086,FBVIX統一01購01 ,0,0,0,0,0,0,0,0,0,-10000,0,0,0,0,10000,-10000,-10000
064063,健策國泰01購02  ,0,0,0,0,0,0,0,0,0,-10000,0,0,0,87000,97000,-10000,-10000
063946,聯發科元大9C購04,0,0,0,0,0,0,0,0,0,-10000,0,0,0,3000,13000,-10000,-10000
064047,義隆統一02購01  ,0,0,0,0,0,0,0,0,0,-10000,0,0,0,0,10000,-10000,-10000
063983,麗豐兆豐9C購01  ,0,0,0,0,0,0,0,0,0,-10000,0,0,0,0,10000,-10000,-10000
063795,上銀凱基9C購01  ,0,0,0,0,0,0,0,0,0,-10000,0,0,0,0,10000,-10000,-10000
063652,國泰金台新9B購01,0,0,0,0,0,0,0,0,0,-10000,0,0,0,0,10000,-10000,-10000
064742,奇鋐國票01購02  ,0,0,0,0,0,0,0,0,0,-10000,0,0,0,0,10000,-10000,-10000
064777,南亞科群益9C購01,0,0,0,0,0,0,0,0,0,-10000,0,0,0,0,10000,-10000,-10000
064686,鴻海群益01購03  ,0,0,0,0,0,0,0,0,0,-10000,0,0,0,12000,22000,-10000,-10000
064668,大立光元大9C購21,0,0,0,0,0,0,0,0,0,-10000,0,0,0,0,10000,-10000,-10000
06424P,大成鋼永豐97售01,0,0,0,0,0,0,0,0,0,-10000,0,0,0,0,10000,-10000,-10000
064308,國巨群益9C購09  ,0,0,0,0,0,0,0,0,0,-10000,0,0,0,0,10000,-10000,-10000
064296,奇鋐國票01購01  ,0,0,0,0,0,0,0,0,0,-10000,0,0,0,45000,55000,-10000,-10000
064317,日月光群益9C購01,0,0,0,0,0,0,0,0,0,-10000,0,0,0,0,10000,-10000,-10000
063530,同欣電凱基9C購02,0,0,0,0,0,0,0,0,0,-10000,0,0,0,0,10000,-10000,-10000
063478,GIS元大9B購03   ,0,0,0,0,0,0,0,0,0,-10000,0,0,0,129000,139000,-10000,-10000
062950,貿聯富邦01購01  ,0,0,0,0,0,0,0,0,0,-10000,0,0,0,0,10000,-10000,-10000
062986,T50反1中信02購01,0,0,0,0,0,0,0,0,0,-10000,0,0,0,15000,25000,-10000,-10000
063221,京元電群益9B購02,0,0,0,0,0,0,0,0,0,-10000,0,0,0,10000,20000,-10000,-10000
062858,微星國票9B購01  ,0,0,0,0,0,0,0,0,0,-10000,0,0,0,56000,66000,-10000,-10000
06260P,臺股指群益97售13,0,0,0,0,0,0,0,0,0,-10000,0,0,0,0,10000,-10000,-10000
062678,華通統一9C購04  ,0,0,0,0,0,0,0,0,0,-10000,0,0,0,499000,509000,-10000,-10000
062280,大立光群益9C購01,0,0,0,0,0,0,0,0,0,-10000,0,0,0,0,10000,-10000,-10000
062366,義隆元大9B購04  ,0,0,0,0,0,0,0,0,0,-10000,0,0,0,2000,12000,-10000,-10000
062269,葡萄王群益9B購01,0,0,0,0,0,0,0,0,0,-10000,0,0,0,0,10000,-10000,-10000
062227,南六統一01購02  ,0,0,0,0,0,0,0,0,0,-10000,0,0,0,0,10000,-10000,-10000
062407,同欣電永豐9B購01,0,0,0,0,0,0,0,0,0,-10000,0,0,0,0,10000,-10000,-10000
9906,欣巴巴          ,0,10000,-10000,0,0,0,0,0,0,0,0,0,0,0,0,0,-10000
8341,日友            ,51000,61000,-10000,0,0,0,0,0,0,0,0,0,0,0,0,0,-10000
4526,東台            ,26000,35000,-9000,0,0,0,0,0,0,-1000,0,1000,-1000,0,0,0,-10000
3055,蔚華科          ,11000,27000,-16000,0,0,0,0,0,0,6000,6000,0,6000,0,0,0,-10000
2509,全坤建          ,3000,12000,-9000,0,0,0,0,0,0,-1000,0,1000,-1000,0,0,0,-10000
2904,匯僑            ,0,10000,-10000,0,0,0,0,0,0,0,0,0,0,0,0,0,-10000
08427P,義隆國票9C售01  ,0,0,0,0,0,0,0,0,0,-10000,0,0,0,40000,50000,-10000,-10000
08420P,國巨群益9C售12  ,0,0,0,0,0,0,0,0,0,-10000,0,0,0,11000,21000,-10000,-10000
08460P,台灣50國票9C售05,0,0,0,0,0,0,0,0,0,-10000,0,0,0,0,10000,-10000,-10000
2022,聚亨            ,7000,24000,-17000,0,0,0,0,0,0,7000,7000,0,7000,0,0,0,-10000
1810,和成            ,57000,67000,-10000,0,0,0,0,0,0,0,0,0,0,0,0,0,-10000
1442,名軒            ,67000,76000,-9000,0,0,0,0,0,0,-1000,0,1000,-1000,0,0,0,-10000
07385P,緯穎群益99售04  ,0,0,0,0,0,0,0,0,0,-11000,0,0,0,0,11000,-11000,-11000
07867P,晶技元大9B售01  ,0,0,0,0,0,0,0,0,0,-11000,0,0,0,0,11000,-11000,-11000
08074P,緯穎元富9B售02  ,0,0,0,0,0,0,0,0,0,-11000,0,0,0,0,11000,-11000,-11000
07137P,大立光中信9B售01,0,0,0,0,0,0,0,0,0,-11000,0,0,0,9000,20000,-11000,-11000
065484,康友元大9C購01  ,0,0,0,0,0,0,0,0,0,-11000,0,0,0,5000,16000,-11000,-11000
065833,中租凱基02購01  ,0,0,0,0,0,0,0,0,0,-11000,0,0,0,22000,33000,-11000,-11000
064908,世紀鋼群益01購02,0,0,0,0,0,0,0,0,0,-11000,0,0,0,0,11000,-11000,-11000
065225,神隆凱基01購01  ,0,0,0,0,0,0,0,0,0,-11000,0,0,0,9000,20000,-11000,-11000
056387,智伸科國泰99購01,0,0,0,0,0,0,0,0,0,-11000,0,0,0,10000,21000,-11000,-11000
057820,華擎元大98購02  ,0,0,0,0,0,0,0,0,0,-11000,0,0,0,0,11000,-11000,-11000
057396,健鼎中信99購01  ,0,0,0,0,0,0,0,0,0,-11000,0,0,0,0,11000,-11000,-11000
057346,鴻海統一98購13  ,0,0,0,0,0,0,0,0,0,-11000,0,0,0,5000,16000,-11000,-11000
055923,矽力凱基98購01  ,0,0,0,0,0,0,0,0,0,-11000,0,0,0,1000,12000,-11000,-11000
055957,瑞昱元大97購06  ,0,0,0,0,0,0,0,0,0,-11000,0,0,0,9000,20000,-11000,-11000
057633,緯穎永豐98購02  ,0,0,0,0,0,0,0,0,0,-11000,0,0,0,0,11000,-11000,-11000
056843,冠德元富98購01  ,0,0,0,0,0,0,0,0,0,-11000,0,0,0,14000,25000,-11000,-11000
057670,欣興元大99購02  ,0,0,0,0,0,0,0,0,0,-11000,0,0,0,9000,20000,-11000,-11000
061032,金像電永豐9A購03,0,0,0,0,0,0,0,0,0,-11000,0,0,0,8000,19000,-11000,-11000
060745,京元電國票9A購01,0,0,0,0,0,0,0,0,0,-11000,0,0,0,273000,284000,-11000,-11000
060626,貿聯元大9A購04  ,0,0,0,0,0,0,0,0,0,-11000,0,0,0,0,11000,-11000,-11000
058573,鴻海群益9A購02  ,0,0,0,0,0,0,0,0,0,-11000,0,0,0,70000,81000,-11000,-11000
058112,神達元富98購01  ,0,0,0,0,0,0,0,0,0,-11000,0,0,0,10000,21000,-11000,-11000
058660,樺漢中信9A購01  ,0,0,0,0,0,0,0,0,0,-11000,0,0,0,0,11000,-11000,-11000
061510,嘉澤富邦9C購01  ,0,0,0,0,0,0,0,0,0,-11000,0,0,0,0,11000,-11000,-11000
061202,和大元大9A購02  ,0,0,0,0,0,0,0,0,0,-11000,0,0,0,10000,21000,-11000,-11000
061980,聯發科元大9B購01,0,0,0,0,0,0,0,0,0,-11000,0,0,0,0,11000,-11000,-11000
062684,華新科統一01購02,0,0,0,0,0,0,0,0,0,-11000,0,0,0,0,11000,-11000,-11000
062721,美律凱基9B購02  ,0,0,0,0,0,0,0,0,0,-11000,0,0,0,31000,42000,-11000,-11000
062632,嘉晶國票9B購01  ,0,0,0,0,0,0,0,0,0,-11000,0,0,0,15000,26000,-11000,-11000
063302,國巨凱基9C購05  ,0,0,0,0,0,0,0,0,0,-11000,0,0,0,9000,20000,-11000,-11000
08654P,台積電群益9C售13,0,0,0,0,0,0,0,0,0,-11000,0,0,0,0,11000,-11000,-11000
1220,台榮            ,3000,14000,-11000,0,0,0,0,0,0,0,0,0,0,0,0,0,-11000
08368P,台積電兆豐9C售04,0,0,0,0,0,0,0,0,0,-11000,0,0,0,0,11000,-11000,-11000
3033,威健            ,38000,50000,-12000,0,0,0,0,0,0,1000,1000,0,1000,0,0,0,-11000
065167,華通元大02購01  ,0,0,0,0,0,0,0,0,0,-12000,0,0,0,10000,22000,-12000,-12000
064871,緯穎永豐9C購03  ,0,0,0,0,0,0,0,0,0,-12000,0,0,0,0,12000,-12000,-12000
065732,健策凱基9C購04  ,0,0,0,0,0,0,0,0,0,-12000,0,0,0,4000,16000,-12000,-12000
066086,東元永豐01購01  ,0,0,0,0,0,0,0,0,0,-12000,0,0,0,0,12000,-12000,-12000
066254,南帝元大01購01  ,0,0,0,0,0,0,0,0,0,-12000,0,0,0,0,12000,-12000,-12000
066263,華碩元大02購01  ,0,0,0,0,0,0,0,0,0,-12000,0,0,0,0,12000,-12000,-12000
066352,晶碩永豐01購01  ,0,0,0,0,0,0,0,0,0,-12000,0,0,0,0,12000,-12000,-12000
08236P,國巨富邦03售01  ,0,0,0,0,0,0,0,0,0,-12000,0,0,0,10000,22000,-12000,-12000
07758P,台積電國票9A售06,0,0,0,0,0,0,0,0,0,-12000,0,0,0,3000,15000,-12000,-12000
07235P,T50正2元大9C售02,0,0,0,0,0,0,0,0,0,-12000,0,0,0,4000,16000,-12000,-12000
057692,臺股指凱基98購10,0,0,0,0,0,0,0,0,0,-12000,0,0,0,110000,122000,-12000,-12000
054309,禾伸堂凱基98購01,0,0,0,0,0,0,0,0,0,-12000,0,0,0,38000,50000,-12000,-12000
054926,神達凱基98購01  ,0,0,0,0,0,0,0,0,0,-12000,0,0,0,24000,36000,-12000,-12000
055842,建準元大98購01  ,0,0,0,0,0,0,0,0,0,-12000,0,0,0,20000,32000,-12000,-12000
055572,鴻海統一98購04  ,0,0,0,0,0,0,0,0,0,-12000,0,0,0,5000,17000,-12000,-12000
052731,宏達電國泰98購01,0,0,0,0,0,0,0,0,0,-12000,0,0,0,145000,157000,-12000,-12000
057328,京鼎群益99購02  ,0,0,0,0,0,0,0,0,0,-12000,0,0,0,45000,57000,-12000,-12000
057550,聯發科凱基02購01,0,0,0,0,0,0,0,0,0,-12000,0,0,0,0,12000,-12000,-12000
057566,欣興富邦99購01  ,0,0,0,0,0,0,0,0,0,-12000,0,0,0,42000,54000,-12000,-12000
057555,玉晶光凱基9A購02,0,0,0,0,0,0,0,0,0,-12000,0,0,0,541000,553000,-12000,-12000
060436,巨大永豐9A購01  ,0,0,0,0,0,0,0,0,0,-12000,0,0,0,0,12000,-12000,-12000
056743,貿聯凱基98購04  ,0,0,0,0,0,0,0,0,0,-12000,0,0,0,18000,30000,-12000,-12000
056710,漢唐永豐98購01  ,0,0,0,0,0,0,0,0,0,-12000,0,0,0,45000,57000,-12000,-12000
062096,神隆永豐9B購01  ,0,0,0,0,0,0,0,0,0,-12000,0,0,0,52000,64000,-12000,-12000
061592,義隆永豐9A購03  ,0,0,0,0,0,0,0,0,0,-12000,0,0,0,0,12000,-12000,-12000
060101,大立光元大99購31,0,0,0,0,0,0,0,0,0,-12000,0,0,0,0,12000,-12000,-12000
059780,滬深2X元大9C購06,0,0,0,0,0,0,0,0,0,-12000,0,0,0,2000,14000,-12000,-12000
058712,鴻海統一9B購03  ,0,0,0,0,0,0,0,0,0,-12000,0,0,0,0,12000,-12000,-12000
058528,世紀鋼元大99購02,0,0,0,0,0,0,0,0,0,-12000,0,0,0,2000,14000,-12000,-12000
060561,台積電富邦04購01,0,0,0,0,0,0,0,0,0,-12000,0,0,0,61000,73000,-12000,-12000
063190,聯茂凱基9B購01  ,0,0,0,0,0,0,0,0,0,-12000,0,0,0,28000,40000,-12000,-12000
062927,同欣電國票9B購02,0,0,0,0,0,0,0,0,0,-12000,0,0,0,18000,30000,-12000,-12000
062875,瑞昱兆豐9C購01  ,0,0,0,0,0,0,0,0,0,-12000,0,0,0,0,12000,-12000,-12000
063778,亞德客永豐9B購02,0,0,0,0,0,0,0,0,0,-12000,0,0,0,10000,22000,-12000,-12000
063742,道瓊指國票9C購01,0,0,0,0,0,0,0,0,0,-12000,0,0,0,10000,22000,-12000,-12000
063979,健鼎兆豐9C購01  ,0,0,0,0,0,0,0,0,0,-12000,0,0,0,1000,13000,-12000,-12000
064080,宏達電中信06購01,0,0,0,0,0,0,0,0,0,-12000,0,0,0,21000,33000,-12000,-12000
064129,新日興元大9C購02,0,0,0,0,0,0,0,0,0,-12000,0,0,0,114000,126000,-12000,-12000
08324P,大立光凱基9C售05,0,0,0,0,0,0,0,0,0,-12000,0,0,0,50000,62000,-12000,-12000
08619P,國巨群益9C售21  ,0,0,0,0,0,0,0,0,0,-12000,0,0,0,0,12000,-12000,-12000
08657P,牧德群益9C售02  ,0,0,0,0,0,0,0,0,0,-12000,0,0,0,30000,42000,-12000,-12000
2038,海光            ,20000,31000,-11000,0,0,0,0,0,0,-1000,0,1000,-1000,0,0,0,-12000
1612,宏泰            ,54000,66000,-12000,0,0,0,0,0,0,0,0,0,0,0,0,0,-12000
1721,三晃            ,3000,15000,-12000,0,0,0,0,0,0,0,0,0,0,0,0,0,-12000
6605,帝寶            ,11000,23000,-12000,0,0,0,0,0,0,0,0,0,0,0,0,0,-12000
8488,吉源-KY         ,0,12000,-12000,0,0,0,0,0,0,0,0,0,0,0,0,0,-12000
07389P,臺股指群益9C售08,0,0,0,0,0,0,0,0,0,-13000,0,0,0,0,13000,-13000,-13000
07505P,台勝科元大9A售01,0,0,0,0,0,0,0,0,0,-13000,0,0,0,0,13000,-13000,-13000
08209P,上銀元富9B售06  ,0,0,0,0,0,0,0,0,0,-13000,0,0,0,100000,113000,-13000,-13000
07999P,台達電凱基9B售02,0,0,0,0,0,0,0,0,0,-13000,0,0,0,0,13000,-13000,-13000
066292,惠特元大01購02  ,0,0,0,0,0,0,0,0,0,-13000,0,0,0,0,13000,-13000,-13000
066129,佳世達群益01購01,0,0,0,0,0,0,0,0,0,-13000,0,0,0,0,13000,-13000,-13000
07058P,台積電凱基9A售07,0,0,0,0,0,0,0,0,0,-13000,0,0,0,0,13000,-13000,-13000
066476,禾伸堂麥證01購01,0,0,0,0,13000,-13000,0,0,0,-13000,0,0,0,0,13000,-13000,-13000
06691P,臺股指群益9C售05,0,0,0,0,0,0,0,0,0,-13000,0,0,0,0,13000,-13000,-13000
065924,東元國票02購01  ,0,0,0,0,0,0,0,0,0,-13000,0,0,0,0,13000,-13000,-13000
064850,智原元富9C購01  ,0,0,0,0,0,0,0,0,0,-13000,0,0,0,26000,39000,-13000,-13000
065188,玉晶光統一02購01,0,0,0,0,0,0,0,0,0,-13000,0,0,0,115000,128000,-13000,-13000
060264,華新科國票9A購02,0,0,0,0,0,0,0,0,0,-13000,0,0,0,10000,23000,-13000,-13000
056377,智伸科統一9A購01,0,0,0,0,0,0,0,0,0,-13000,0,0,0,0,13000,-13000,-13000
057071,華擎永豐98購02  ,0,0,0,0,0,0,0,0,0,-13000,0,0,0,2000,15000,-13000,-13000
056963,建準永豐98購01  ,0,0,0,0,0,0,0,0,0,-13000,0,0,0,255000,268000,-13000,-13000
00652,富邦印度        ,12000,12000,0,0,0,0,0,0,0,-13000,0,0,0,138000,151000,-13000,-13000
054923,晶技凱基98購01  ,0,0,0,0,0,0,0,0,0,-13000,0,0,0,2000,15000,-13000,-13000
058669,上銀群益99購01  ,0,0,0,0,0,0,0,0,0,-13000,0,0,0,23000,36000,-13000,-13000
059009,世紀鋼元大99購04,0,0,0,0,0,0,0,0,0,-13000,0,0,0,124000,137000,-13000,-13000
060208,卜蜂康和9A購01  ,0,0,0,0,0,0,0,0,0,-13000,0,0,0,6000,19000,-13000,-13000
063801,GIS凱基01購01   ,0,0,0,0,0,0,0,0,0,-13000,0,0,0,66000,79000,-13000,-13000
064309,聯發科群益9C購07,0,0,0,0,0,0,0,0,0,-13000,0,0,0,0,13000,-13000,-13000
064358,台達電統一01購02,0,0,0,0,0,0,0,0,0,-13000,0,0,0,79000,92000,-13000,-13000
062852,聯發科永豐9B購02,0,0,0,0,0,0,0,0,0,-13000,0,0,0,0,13000,-13000,-13000
062577,泰鼎群益9B購01  ,0,0,0,0,0,0,0,0,0,-13000,0,0,0,1000,14000,-13000,-13000
062444,大立光元大9C購01,0,0,0,0,0,0,0,0,0,-13000,0,0,0,93000,106000,-13000,-13000
063334,復盛國票9B購01  ,0,0,0,0,0,0,0,0,0,-13000,0,0,0,0,13000,-13000,-13000
9924,福興            ,43000,55000,-12000,0,0,0,0,0,0,-1000,0,1000,-1000,0,0,0,-13000
8072,陞泰            ,3000,16000,-13000,0,0,0,0,0,0,0,0,0,0,0,0,0,-13000
08668P,燿華群益01售01  ,0,0,0,0,0,0,0,0,0,-13000,0,0,0,0,13000,-13000,-13000
08608P,臺股指富邦9C售06,0,0,0,0,0,0,0,0,0,-13000,0,0,0,0,13000,-13000,-13000
08389P,技嘉國票9C售01  ,0,0,0,0,0,0,0,0,0,-13000,0,0,0,10000,23000,-13000,-13000
3167,大量            ,9000,22000,-13000,0,0,0,0,0,0,0,0,0,0,0,0,0,-13000
2397,友通            ,40000,53000,-13000,0,0,0,0,0,0,0,0,0,0,0,0,0,-13000
065175,大立光元大01購05,0,0,0,0,0,0,0,0,0,-14000,0,0,0,18000,32000,-14000,-14000
064849,大立光元富9C購06,0,0,0,0,0,0,0,0,0,-14000,0,0,0,43000,57000,-14000,-14000
064999,T50反1國票9C購03,0,0,0,0,0,0,0,0,0,-14000,0,0,0,1000000,1014000,-14000,-14000
065033,和碩兆豐9C購01  ,0,0,0,0,0,0,0,0,0,-14000,0,0,0,83000,97000,-14000,-14000
065068,臺股指群益9C購16,0,0,0,0,0,0,0,0,0,-14000,0,0,0,0,14000,-14000,-14000
065059,神隆群益9C購01  ,0,0,0,0,0,0,0,0,0,-14000,0,0,0,6000,20000,-14000,-14000
065997,元黃金國票03購01,0,0,0,0,0,0,0,0,0,-14000,0,0,0,0,14000,-14000,-14000
065437,台表科凱基9C購03,0,0,0,0,0,0,0,0,0,-14000,0,0,0,200000,214000,-14000,-14000
065569,智邦群益01購01  ,0,0,0,0,0,0,0,0,0,-14000,0,0,0,24000,38000,-14000,-14000
06687P,A50正2中信9A售01,0,0,0,0,0,0,0,0,0,-14000,0,0,0,20000,34000,-14000,-14000
066187,瑞祺凱基01購01  ,0,0,0,0,0,0,0,0,0,-14000,0,0,0,4000,18000,-14000,-14000
066251,川湖元大01購01  ,0,0,0,0,0,0,0,0,0,-14000,0,0,0,0,14000,-14000,-14000
08105P,景碩元大9B售01  ,0,0,0,0,0,0,0,0,0,-14000,0,0,0,0,14000,-14000,-14000
07471P,南亞科元大9A售01,0,0,0,0,0,0,0,0,0,-14000,0,0,0,51000,65000,-14000,-14000
07770P,台積電國票9A售07,0,0,0,0,0,0,0,0,0,-14000,0,0,0,0,14000,-14000,-14000
07845P,南亞科元大9A售08,0,0,0,0,0,0,0,0,0,-14000,0,0,0,67000,81000,-14000,-14000
055039,神達富邦99購01  ,0,0,0,0,0,0,0,0,0,-14000,0,0,0,1000,15000,-14000,-14000
056644,宏達電凱基98購04,0,0,0,0,0,0,0,0,0,-14000,0,0,0,32000,46000,-14000,-14000
060204,矽創元富9A購01  ,0,0,0,0,0,0,0,0,0,-14000,0,0,0,121000,135000,-14000,-14000
061524,華通凱基9A購07  ,0,0,0,0,0,0,0,0,0,-14000,0,0,0,36000,50000,-14000,-14000
062040,玉晶光凱基01購01,0,0,0,0,0,0,0,0,0,-14000,0,0,0,13000,27000,-14000,-14000
061837,華新科凱基05購02,0,0,0,0,0,0,0,0,0,-14000,0,0,0,81000,95000,-14000,-14000
058157,華通台新99購01  ,0,0,0,0,0,0,0,0,0,-14000,0,0,0,0,14000,-14000,-14000
058190,貿聯永豐99購01  ,0,0,0,0,0,0,0,0,0,-14000,0,0,0,59000,73000,-14000,-14000
058351,上銀凱基9A購02  ,0,0,0,0,0,0,0,0,0,-14000,0,0,0,199000,213000,-14000,-14000
058352,鴻海凱基9A購05  ,0,0,0,0,0,0,0,0,0,-14000,0,0,0,6000,20000,-14000,-14000
058399,美律元大99購05  ,0,0,0,0,0,0,0,0,0,-14000,0,0,0,89000,103000,-14000,-14000
061227,日月光中信9B購01,0,0,0,0,0,0,0,0,0,-14000,0,0,0,21000,35000,-14000,-14000
060322,卜蜂群益9A購01  ,0,0,0,0,0,0,0,0,0,-14000,0,0,0,0,14000,-14000,-14000
060384,葡萄王凱基9B購01,0,0,0,0,0,0,0,0,0,-14000,0,0,0,6000,20000,-14000,-14000
059390,華新科凱基99購05,0,0,0,0,0,0,0,0,0,-14000,0,0,0,10000,24000,-14000,-14000
060847,康控國票9A購01  ,0,0,0,0,0,0,0,0,0,-14000,0,0,0,21000,35000,-14000,-14000
062182,華新科元大9B購07,0,0,0,0,0,0,0,0,0,-14000,0,0,0,110000,124000,-14000,-14000
062743,微星國泰01購01  ,0,0,0,0,0,0,0,0,0,-14000,0,0,0,46000,60000,-14000,-14000
064501,大立光元大01購02,0,0,0,0,0,0,0,0,0,-14000,0,0,0,3000,17000,-14000,-14000
063622,健策兆豐9B購01  ,0,0,0,0,0,0,0,0,0,-14000,0,0,0,0,14000,-14000,-14000
2231,為升            ,88000,141000,-53000,0,0,0,0,0,0,39000,0,8000,-8000,50000,3000,47000,-14000
2882A,國泰特          ,0,0,0,0,0,0,0,0,0,-14000,21000,35000,-14000,0,0,0,-14000
3036,文曄            ,203000,123000,80000,0,0,0,0,1000,-1000,-93000,13000,1000,12000,0,105000,-105000,-14000
3702A,大聯大甲特      ,0,14000,-14000,0,0,0,0,0,0,0,0,0,0,0,0,0,-14000
6281,全國電          ,16000,30000,-14000,0,0,0,0,0,0,0,0,0,0,0,0,0,-14000
08380P,GIS元大9C售06   ,0,0,0,0,0,0,0,0,0,-14000,0,0,0,71000,85000,-14000,-14000
07703P,玉晶光中信9B售03,0,0,0,0,0,0,0,0,0,-15000,0,0,0,0,15000,-15000,-15000
07596P,上証2X中信01售01,0,0,0,0,0,0,0,0,0,-15000,0,0,0,150000,165000,-15000,-15000
07251P,台灣50元富01售04,0,0,0,0,0,0,0,0,0,-15000,0,0,0,0,15000,-15000,-15000
08172P,台積電凱基03售02,0,0,0,0,0,0,0,0,0,-15000,0,0,0,0,15000,-15000,-15000
08138P,台灣50元大9B售25,0,0,0,0,0,0,0,0,0,-15000,0,0,0,0,15000,-15000,-15000
08226P,台灣50元大9B售26,0,0,0,0,0,0,0,0,0,-15000,0,0,0,0,15000,-15000,-15000
066291,惠特元大01購01  ,0,0,0,0,0,0,0,0,0,-15000,0,0,0,0,15000,-15000,-15000
066256,華通元大02購02  ,0,0,0,0,0,0,0,0,0,-15000,0,0,0,14000,29000,-15000,-15000
066376,聯詠兆豐01購01  ,0,0,0,0,0,0,0,0,0,-15000,0,0,0,0,15000,-15000,-15000
066420,宏達電元大02購01,0,0,0,0,0,0,0,0,0,-15000,0,0,0,0,15000,-15000,-15000
066303,泰山永豐01購01  ,0,0,0,0,0,0,0,0,0,-15000,0,0,0,0,15000,-15000,-15000
066099,大立光中信05購01,0,0,0,0,0,0,0,0,0,-15000,0,0,0,5000,20000,-15000,-15000
066462,智伸科統一04購02,0,0,0,0,0,0,0,0,0,-15000,0,0,0,0,15000,-15000,-15000
065467,臺指反元大03購03,0,0,0,0,0,0,0,0,0,-15000,0,0,0,0,15000,-15000,-15000
065456,義隆元富9C購03  ,0,0,0,0,0,0,0,0,0,-15000,0,0,0,143000,158000,-15000,-15000
06597P,國巨富邦9A售05  ,0,0,0,0,0,0,0,0,0,-15000,0,0,0,115000,130000,-15000,-15000
065746,光寶科元大9C購01,0,0,0,0,0,0,0,0,0,-15000,0,0,0,0,15000,-15000,-15000
064958,GIS凱基02購03   ,0,0,0,0,0,0,0,0,0,-15000,0,0,0,41000,56000,-15000,-15000
064834,大立光統一02購05,0,0,0,0,0,0,0,0,0,-15000,0,0,0,0,15000,-15000,-15000
057916,國巨凱基98購13  ,0,0,0,0,0,0,0,0,0,-15000,0,0,0,0,15000,-15000,-15000
057183,玉晶光元大99購07,0,0,0,0,0,0,0,0,0,-15000,0,0,0,0,15000,-15000,-15000
058488,華擎國票9A購01  ,0,0,0,0,0,0,0,0,0,-15000,0,0,0,53000,68000,-15000,-15000
054571,楠梓電元大99購01,0,0,0,0,0,0,0,0,0,-15000,0,0,0,0,15000,-15000,-15000
053887,聯茂兆豐97購02  ,0,0,0,0,0,0,0,0,0,-15000,0,0,0,0,15000,-15000,-15000
00660,元大歐洲50      ,0,0,0,0,0,0,0,0,0,-15000,0,0,0,10000,25000,-15000,-15000
042792,T50反1台新9C購01,0,0,0,0,0,0,0,0,0,-15000,0,0,0,0,15000,-15000,-15000
055620,樺漢國票98購01  ,0,0,0,0,0,0,0,0,0,-15000,0,0,0,5000,20000,-15000,-15000
055787,聯茂凱基99購01  ,0,0,0,0,0,0,0,0,0,-15000,0,0,0,292000,307000,-15000,-15000
060785,國巨富邦9B購04  ,0,0,0,0,0,0,0,0,0,-15000,0,0,0,35000,50000,-15000,-15000
060772,FBVIX凱基9A購03 ,0,0,0,0,0,0,0,0,0,-15000,0,0,0,0,15000,-15000,-15000
061152,微星群益9A購01  ,0,0,0,0,0,0,0,0,0,-15000,0,0,0,0,15000,-15000,-15000
058587,台積電中信9C購03,0,0,0,0,0,0,0,0,0,-15000,0,0,0,105000,120000,-15000,-15000
061259,台積電凱基9A購21,0,0,0,0,0,0,0,0,0,-15000,0,0,0,0,15000,-15000,-15000
058314,欣興富邦9B購01  ,0,0,0,0,0,0,0,0,0,-15000,0,0,0,42000,57000,-15000,-15000
061552,南六群益9A購02  ,0,0,0,0,0,0,0,0,0,-15000,0,0,0,5000,20000,-15000,-15000
060733,和大統一9C購01  ,0,0,0,0,0,0,0,0,0,-15000,0,0,0,0,15000,-15000,-15000
061703,信邦國票9A購01  ,0,0,0,0,0,0,0,0,0,-15000,0,0,0,20000,35000,-15000,-15000
058939,台積電中信9B購01,0,0,0,0,0,0,0,0,0,-15000,0,0,0,0,15000,-15000,-15000
058944,元石油群益9C購02,0,0,0,0,0,0,0,0,0,-15000,0,0,0,8000,23000,-15000,-15000
060025,台積電富邦9C購06,0,0,0,0,0,0,0,0,0,-15000,0,0,0,0,15000,-15000,-15000
063696,T50反1群益9B購03,0,0,0,0,0,0,0,0,0,-15000,0,0,0,0,15000,-15000,-15000
063866,聯發科永豐9C購01,0,0,0,0,0,0,0,0,0,-15000,0,0,0,0,15000,-15000,-15000
064605,GIS元富9C購01   ,0,0,0,0,0,0,0,0,0,-15000,0,0,0,85000,100000,-15000,-15000
064775,和大群益01購01  ,0,0,0,0,0,0,0,0,0,-15000,0,0,0,210000,225000,-15000,-15000
064220,力山國票01購01  ,0,0,0,0,0,0,0,0,0,-15000,0,0,0,0,15000,-15000,-15000
062519,元金2X元大9B購03,0,0,0,0,0,0,0,0,0,-15000,0,0,0,0,15000,-15000,-15000
063316,聯發科群益9C購03,0,0,0,0,0,0,0,0,0,-15000,0,0,0,5000,20000,-15000,-15000
063412,寶成國票9C購01  ,0,0,0,0,0,0,0,0,0,-15000,0,0,0,0,15000,-15000,-15000
062990,台積電群益9B購06,0,0,0,0,0,0,0,0,0,-15000,0,0,0,7000,22000,-15000,-15000
062988,儒鴻群益9B購01  ,0,0,0,0,0,0,0,0,0,-15000,0,0,0,6000,21000,-15000,-15000
063018,聯發科元大9B購14,0,0,0,0,0,0,0,0,0,-15000,0,0,0,12000,27000,-15000,-15000
063193,聯發科台新9B購02,0,0,0,0,0,0,0,0,0,-15000,0,0,0,5000,20000,-15000,-15000
08410P,臺股指元大9C售16,0,0,0,0,0,0,0,0,0,-15000,0,0,0,0,15000,-15000,-15000
08337P,台灣50凱基01售15,0,0,0,0,0,0,0,0,0,-15000,0,0,0,150000,165000,-15000,-15000
08292P,華新科台新9C售01,0,0,0,0,0,0,0,0,0,-15000,0,0,0,5000,20000,-15000,-15000
08688P,台灣50中信04售02,0,0,0,0,0,0,0,0,0,-15000,0,0,0,0,15000,-15000,-15000
4555,氣立            ,7000,22000,-15000,0,0,0,0,0,0,0,0,0,0,0,0,0,-15000
2887F,台新戊特二      ,0,0,0,0,0,0,0,0,0,-15000,0,15000,-15000,0,0,0,-15000
2597,潤弘            ,61000,86000,-25000,0,0,0,0,0,0,10000,10000,0,10000,0,0,0,-15000
2722,夏都            ,7000,22000,-15000,0,0,0,0,0,0,0,0,0,0,0,0,0,-15000
2477,美隆電          ,11000,26000,-15000,0,0,0,0,0,0,0,0,0,0,0,0,0,-15000
064956,麗豐凱基9C購01  ,0,0,0,0,0,0,0,0,0,-16000,0,0,0,216000,232000,-16000,-16000
065094,新日興元大9C購04,0,0,0,0,0,0,0,0,0,-16000,0,0,0,197000,213000,-16000,-16000
065787,奇鋐永豐9C購01  ,0,0,0,0,0,0,0,0,0,-16000,0,0,0,9000,25000,-16000,-16000
065571,神基群益01購01  ,0,0,0,0,0,0,0,0,0,-16000,0,0,0,149000,165000,-16000,-16000
07121P,華新科凱基99售03,0,0,0,0,0,0,0,0,0,-16000,0,0,0,43000,59000,-16000,-16000
066043,美律元大01購01  ,0,0,0,0,0,0,0,0,0,-16000,0,0,0,4000,20000,-16000,-16000
066296,昇陽半元大01購02,0,0,0,0,0,0,0,0,0,-16000,0,0,0,5000,21000,-16000,-16000
07994P,臺股指群益9B售04,0,0,0,0,0,0,0,0,0,-16000,0,0,0,120000,136000,-16000,-16000
07585P,台灣50中信03售06,0,0,0,0,0,0,0,0,0,-16000,0,0,0,0,16000,-16000,-16000
07644P,南電凱基9A售03  ,0,0,0,0,0,0,0,0,0,-16000,0,0,0,2000,18000,-16000,-16000
00654R,富邦印度反1     ,0,0,0,0,0,0,0,0,0,-16000,0,0,0,5000,21000,-16000,-16000
00736,國泰新興市場    ,0,0,0,0,0,0,0,0,0,-16000,0,0,0,107000,123000,-16000,-16000
058498,世紀鋼群益99購01,0,0,0,0,0,0,0,0,0,-16000,0,0,0,0,16000,-16000,-16000
057892,上証2X元富02購01,0,0,0,0,0,0,0,0,0,-16000,0,0,0,3000,19000,-16000,-16000
056331,聯鈞國票99購01  ,0,0,0,0,0,0,0,0,0,-16000,0,0,0,36000,52000,-16000,-16000
059087,台積電元大99購26,0,0,0,0,0,0,0,0,0,-16000,0,0,0,24000,40000,-16000,-16000
058810,國巨統一9B購04  ,0,0,0,0,0,0,0,0,0,-16000,0,0,0,0,16000,-16000,-16000
062060,奇鋐統一9C購01  ,0,0,0,0,0,0,0,0,0,-16000,0,0,0,99000,115000,-16000,-16000
061263,微星凱基9A購01  ,0,0,0,0,0,0,0,0,0,-16000,0,0,0,16000,32000,-16000,-16000
061428,南六元大9A購01  ,0,0,0,0,0,0,0,0,0,-16000,0,0,0,31000,47000,-16000,-16000
060574,高股息中信9C購01,0,0,0,0,0,0,0,0,0,-16000,0,0,0,2000,18000,-16000,-16000
063181,聚陽凱基9B購01  ,0,0,0,0,0,0,0,0,0,-16000,0,0,0,2000,18000,-16000,-16000
063421,可成凱基9C購02  ,0,0,0,0,0,0,0,0,0,-16000,0,0,0,7000,23000,-16000,-16000
062248,國巨元大9B購08  ,0,0,0,0,0,0,0,0,0,-16000,0,0,0,61000,77000,-16000,-16000
062251,旺宏元大9B購06  ,0,0,0,0,0,0,0,0,0,-16000,0,0,0,0,16000,-16000,-16000
064739,智邦國票01購01  ,0,0,0,0,0,0,0,0,0,-16000,0,0,0,10000,26000,-16000,-16000
064623,創意元大9C購04  ,0,0,0,0,0,0,0,0,0,-16000,0,0,0,0,16000,-16000,-16000
064584,英業達永豐9C購01,0,0,0,0,0,0,0,0,0,-16000,0,0,0,11000,27000,-16000,-16000
064072,康友永豐9C購01  ,0,0,0,0,0,0,0,0,0,-16000,0,0,0,11000,27000,-16000,-16000
063913,貿聯凱基02購01  ,0,0,0,0,0,0,0,0,0,-16000,0,0,0,164000,180000,-16000,-16000
2420,新巨            ,18000,34000,-16000,0,0,0,0,0,0,0,0,0,0,0,0,0,-16000
4141,龍燈-KY         ,2000,17000,-15000,0,0,0,0,0,0,-1000,0,1000,-1000,0,0,0,-16000
3501,維熹            ,28000,44000,-16000,0,0,0,0,0,0,0,0,0,0,0,0,0,-16000
08659P,聯發科統一9C售20,0,0,0,0,0,0,0,0,0,-16000,0,0,0,0,16000,-16000,-16000
08357P,聯發科元大9C售09,0,0,0,0,0,0,0,0,0,-16000,0,0,0,84000,100000,-16000,-16000
08443P,臺股指麥證01售02,0,0,0,40000,56000,-16000,0,0,0,-16000,0,0,0,40000,56000,-16000,-16000
08496P,金像電國票01售02,0,0,0,0,0,0,0,0,0,-16000,0,0,0,0,16000,-16000,-16000
08510P,大立光富邦03售04,0,0,0,0,0,0,0,0,0,-16000,0,0,0,0,16000,-16000,-16000
6698,旭暉應材        ,21000,37000,-16000,0,0,0,0,0,0,0,0,0,0,0,0,0,-16000
08127P,聯發科元大9B售21,0,0,0,0,0,0,0,0,0,-17000,0,0,0,33000,50000,-17000,-17000
056980,建準群益98購02  ,0,0,0,0,0,0,0,0,0,-17000,0,0,0,6000,23000,-17000,-17000
056651,聯茂凱基98購04  ,0,0,0,0,0,0,0,0,0,-17000,0,0,0,0,17000,-17000,-17000
058481,玉晶光凱基9A購04,0,0,0,0,0,0,0,0,0,-17000,0,0,0,3000,20000,-17000,-17000
00709,富邦歐洲        ,0,0,0,0,0,0,0,0,0,-17000,0,0,0,83000,100000,-17000,-17000
057771,鴻海群益99購01  ,0,0,0,0,0,0,0,0,0,-17000,0,0,0,3000,20000,-17000,-17000
060705,台光電富邦9B購01,0,0,0,0,0,0,0,0,0,-17000,0,0,0,0,17000,-17000,-17000
061735,上銀凱基9B購01  ,0,0,0,0,0,0,0,0,0,-17000,0,0,0,10000,27000,-17000,-17000
059524,FBVIX凱基9A購02 ,0,0,0,0,0,0,0,0,0,-17000,0,0,0,5000,22000,-17000,-17000
064772,FBVIX群益9C購04 ,0,0,0,0,0,0,0,0,0,-17000,0,0,0,2000,19000,-17000,-17000
062263,康控元大9B購03  ,0,0,0,0,0,0,0,0,0,-17000,0,0,0,282000,299000,-17000,-17000
063019,聯發科元大9C購01,0,0,0,0,0,0,0,0,0,-17000,0,0,0,0,17000,-17000,-17000
8070,長華*           ,7000,24000,-17000,0,0,0,0,0,0,0,0,0,0,0,0,0,-17000
08631P,臺股指麥證9C售06,0,0,0,0,17000,-17000,0,0,0,-17000,0,0,0,0,17000,-17000,-17000
1537,廣隆            ,45000,62000,-17000,0,0,0,0,0,0,0,0,0,0,0,0,0,-17000
3454,晶睿            ,34000,51000,-17000,0,0,0,0,0,0,0,0,0,0,0,0,0,-17000
3266,昇陽            ,1000,17000,-16000,0,0,0,0,0,0,-1000,0,1000,-1000,0,0,0,-17000
4720,德淵            ,38000,55000,-17000,0,0,0,0,0,0,0,0,0,0,0,0,0,-17000
07998P,聯電凱基9C售01  ,0,0,0,0,0,0,0,0,0,-18000,0,0,0,34000,52000,-18000,-18000
08230P,台表科國票9C售03,0,0,0,0,0,0,0,0,0,-18000,0,0,0,6000,24000,-18000,-18000
066163,友訊凱基01購01  ,0,0,0,0,0,0,0,0,0,-18000,0,0,0,35000,53000,-18000,-18000
065994,南六永豐01購01  ,0,0,0,0,0,0,0,0,0,-18000,0,0,0,0,18000,-18000,-18000
057717,友訊元富98購02  ,0,0,0,0,0,0,0,0,0,-18000,0,0,0,59000,77000,-18000,-18000
054760,台化國票9A購01  ,0,0,0,0,0,0,0,0,0,-18000,0,0,0,20000,38000,-18000,-18000
054739,義隆凱基98購02  ,0,0,0,0,0,0,0,0,0,-18000,0,0,0,62000,80000,-18000,-18000
060242,潤泰全元大9C購01,0,0,0,0,0,0,0,0,0,-18000,0,0,0,100000,118000,-18000,-18000
056075,瀚宇博元大97購03,0,0,0,0,0,0,0,0,0,-18000,0,0,0,22000,40000,-18000,-18000
060020,康控康和99購01  ,0,0,0,0,0,0,0,0,0,-18000,0,0,0,0,18000,-18000,-18000
059612,奇鋐永豐99購02  ,0,0,0,0,0,0,0,0,0,-18000,0,0,0,0,18000,-18000,-18000
060097,華新科元大99購23,0,0,0,0,0,0,0,0,0,-18000,0,0,0,39000,57000,-18000,-18000
062023,寶成永豐9B購01  ,0,0,0,0,0,0,0,0,0,-18000,0,0,0,0,18000,-18000,-18000
062138,力成群益9B購01  ,0,0,0,0,0,0,0,0,0,-18000,0,0,0,7000,25000,-18000,-18000
061868,旺宏元大9B購03  ,0,0,0,0,0,0,0,0,0,-18000,0,0,0,0,18000,-18000,-18000
061877,貿聯元大9B購01  ,0,0,0,0,0,0,0,0,0,-18000,0,0,0,47000,65000,-18000,-18000
060684,同欣電元大9A購01,0,0,0,0,0,0,0,0,0,-18000,0,0,0,0,18000,-18000,-18000
060959,金像電凱基9A購01,0,0,0,0,0,0,0,0,0,-18000,0,0,0,222000,240000,-18000,-18000
061376,瑞昱永豐9A購02  ,0,0,0,0,0,0,0,0,0,-18000,0,0,0,57000,75000,-18000,-18000
062223,大立光統一9C購04,0,0,0,0,0,0,0,0,0,-18000,0,0,0,0,18000,-18000,-18000
062639,臻鼎國票9C購01  ,0,0,0,0,0,0,0,0,0,-18000,0,0,0,20000,38000,-18000,-18000
064445,聚陽統一02購01  ,0,0,0,0,0,0,0,0,0,-18000,0,0,0,346000,364000,-18000,-18000
063920,大立光元富03購02,0,0,0,0,0,0,0,0,0,-18000,0,0,0,48000,66000,-18000,-18000
063949,大立光元大9C購10,0,0,0,0,0,0,0,0,0,-18000,0,0,0,32000,50000,-18000,-18000
064115,高股息元大9C購01,0,0,0,0,0,0,0,0,0,-18000,0,0,0,0,18000,-18000,-18000
064119,上銀元大9C購06  ,0,0,0,0,0,0,0,0,0,-18000,0,0,0,133000,151000,-18000,-18000
2546,根基            ,48000,77000,-29000,0,0,0,0,0,0,11000,11000,0,11000,0,0,0,-18000
2029,盛餘            ,4000,20000,-16000,0,0,0,0,0,0,-2000,0,2000,-2000,0,0,0,-18000
08641P,台灣50群益9C售08,0,0,0,0,0,0,0,0,0,-18000,0,0,0,2000,20000,-18000,-18000
1413,宏洲            ,1000,19000,-18000,0,0,0,0,0,0,0,0,0,0,0,0,0,-18000
9188,精熙-DR         ,5000,23000,-18000,0,0,0,0,0,0,0,0,0,0,0,0,0,-18000
066293,惠特元大02購01  ,0,0,0,0,0,0,0,0,0,-19000,0,0,0,1000,20000,-19000,-19000
08170P,緯穎群益9B售03  ,0,0,0,0,0,0,0,0,0,-19000,0,0,0,0,19000,-19000,-19000
08178P,南亞科元大9B售01,0,0,0,0,0,0,0,0,0,-19000,0,0,0,52000,71000,-19000,-19000
07655P,台灣50凱基01售09,0,0,0,0,0,0,0,0,0,-19000,0,0,0,0,19000,-19000,-19000
07740P,臺股指永豐9A售01,0,0,0,0,0,0,0,0,0,-19000,0,0,0,0,19000,-19000,-19000
05693P,滬深2X凱基98售02,0,0,0,0,0,0,0,0,0,-19000,0,0,0,0,19000,-19000,-19000
057048,新日興元大98購01,0,0,0,0,0,0,0,0,0,-19000,0,0,0,135000,154000,-19000,-19000
060455,葡萄王元大9A購02,0,0,0,0,0,0,0,0,0,-19000,0,0,0,85000,104000,-19000,-19000
054807,台化元大9A購02  ,0,0,0,0,0,0,0,0,0,-19000,0,0,0,36000,55000,-19000,-19000
00714,群益道瓊美國地產,0,0,0,0,0,0,0,0,0,-19000,0,0,0,2000,21000,-19000,-19000
0051,元大中型100     ,3000,3000,0,0,0,0,0,0,0,-19000,0,0,0,13000,32000,-19000,-19000
053411,深中小國票9B購01,0,0,0,0,0,0,0,0,0,-19000,0,0,0,1000,20000,-19000,-19000
061343,大立光元大9A購04,0,0,0,0,0,0,0,0,0,-19000,0,0,0,0,19000,-19000,-19000
061988,大立光元大9B購04,0,0,0,0,0,0,0,0,0,-19000,0,0,0,0,19000,-19000,-19000
062088,緯穎元大9B購04  ,0,0,0,0,0,0,0,0,0,-19000,0,0,0,75000,94000,-19000,-19000
059535,玉山金凱基99購01,0,0,0,0,0,0,0,0,0,-19000,0,0,0,10000,29000,-19000,-19000
058950,國巨群益99購06  ,0,0,0,0,0,0,0,0,0,-19000,0,0,0,14000,33000,-19000,-19000
062940,華新科凱基9C購02,0,0,0,0,0,0,0,0,0,-19000,0,0,0,98000,117000,-19000,-19000
08569P,玉晶光永豐9C售09,0,0,0,0,0,0,0,0,0,-19000,0,0,0,0,19000,-19000,-19000
3504,揚明光          ,522000,535000,-13000,0,0,0,0,0,0,-6000,1000,0,1000,0,7000,-7000,-19000
3645,達邁            ,101000,120100,-19100,0,0,0,0,0,0,0,0,0,0,0,0,0,-19100
07835P,台表科群益9A售02,0,0,0,0,0,0,0,0,0,-20000,0,0,0,60000,80000,-20000,-20000
07528P,鴻海凱基9A售19  ,0,0,0,0,0,0,0,0,0,-20000,0,0,0,0,20000,-20000,-20000
07468P,聯電元大9A售02  ,0,0,0,0,0,0,0,0,0,-20000,0,0,0,0,20000,-20000,-20000
07478P,南電康和9A售02  ,0,0,0,0,0,0,0,0,0,-20000,0,0,0,0,20000,-20000,-20000
07267P,臺股指元大99售23,0,0,0,0,0,0,0,0,0,-20000,0,0,0,0,20000,-20000,-20000
07315P,台積電台新99售06,0,0,0,0,0,0,0,0,0,-20000,0,0,0,0,20000,-20000,-20000
07317P,T50正2凱基9B售02,0,0,0,0,0,0,0,0,0,-20000,0,0,0,0,20000,-20000,-20000
08181P,華新科國泰9C售02,0,0,0,0,0,0,0,0,0,-20000,0,0,0,0,20000,-20000,-20000
08183P,聯發科永豐9B售04,0,0,0,0,0,0,0,0,0,-20000,0,0,0,0,20000,-20000,-20000
08240P,華通中信06售03  ,0,0,0,0,0,0,0,0,0,-20000,0,0,0,0,20000,-20000,-20000
08015P,可成凱基9B售05  ,0,0,0,0,0,0,0,0,0,-20000,0,0,0,20000,40000,-20000,-20000
08017P,華新科國票9B售01,0,0,0,0,0,0,0,0,0,-20000,0,0,0,0,20000,-20000,-20000
07967P,力山元大9B售03  ,0,0,0,0,0,0,0,0,0,-20000,0,0,0,0,20000,-20000,-20000
07954P,台表科元大9B售02,0,0,0,0,0,0,0,0,0,-20000,0,0,0,0,20000,-20000,-20000
07935P,臺股指國票9B售07,0,0,0,0,0,0,0,0,0,-20000,0,0,0,0,20000,-20000,-20000
08108P,聯發科元富9B售03,0,0,0,0,0,0,0,0,0,-20000,0,0,0,0,20000,-20000,-20000
08047P,臺股指國票9B售12,0,0,0,0,0,0,0,0,0,-20000,0,0,0,40000,60000,-20000,-20000
066312,川湖永豐01購01  ,0,0,0,0,0,0,0,0,0,-20000,0,0,0,0,20000,-20000,-20000
066320,順德永豐01購01  ,0,0,0,0,0,0,0,0,0,-20000,0,0,0,0,20000,-20000,-20000
066209,聯鈞統一03購01  ,0,0,0,0,0,0,0,0,0,-20000,0,0,0,41000,61000,-20000,-20000
066066,鴻海凱基01購05  ,0,0,0,0,0,0,0,0,0,-20000,0,0,0,1000,21000,-20000,-20000
07080P,健策群益9A售01  ,0,0,0,0,0,0,0,0,0,-20000,0,0,0,30000,50000,-20000,-20000
07040P,台灣50元大9C售02,0,0,0,0,0,0,0,0,0,-20000,0,0,0,0,20000,-20000,-20000
06977P,臺股指元大9A售15,0,0,0,0,0,0,0,0,0,-20000,0,0,0,0,20000,-20000,-20000
066487,聯詠元富01購03  ,0,0,0,0,0,0,0,0,0,-20000,0,0,0,0,20000,-20000,-20000
06693P,臺股指凱基98售01,0,0,0,0,0,0,0,0,0,-20000,0,0,0,20000,40000,-20000,-20000
065875,創意群益9C購05  ,0,0,0,0,0,0,0,0,0,-20000,0,0,0,0,20000,-20000,-20000
065432,景碩凱基9C購03  ,0,0,0,0,0,0,0,0,0,-20000,0,0,0,142000,162000,-20000,-20000
06506P,台郡國票99售02  ,0,0,0,0,0,0,0,0,0,-20000,0,0,0,0,20000,-20000,-20000
06478P,臺股指日盛9A售01,0,0,0,0,0,0,0,0,0,-20000,0,0,0,2000,22000,-20000,-20000
064906,台表科群益9C購02,0,0,0,0,0,0,0,0,0,-20000,0,0,0,10000,30000,-20000,-20000
065143,聯發科凱基9C購07,0,0,0,0,0,0,0,0,0,-20000,0,0,0,0,20000,-20000,-20000
06533P,上証2X中信9B售01,0,0,0,0,0,0,0,0,0,-20000,0,0,0,0,20000,-20000,-20000
053394,鴻海中信9A購01  ,0,0,0,0,0,0,0,0,0,-20000,0,0,0,0,20000,-20000,-20000
053609,華新中信9A購01  ,0,0,0,0,0,0,0,0,0,-20000,0,0,0,0,20000,-20000,-20000
05579P,友達凱基98售03  ,0,0,0,0,0,0,0,0,0,-20000,0,0,0,0,20000,-20000,-20000
055551,致茂凱基98購01  ,0,0,0,0,0,0,0,0,0,-20000,0,0,0,20000,40000,-20000,-20000
055515,聚陽中信9A購01  ,0,0,0,0,0,0,0,0,0,-20000,0,0,0,10000,30000,-20000,-20000
052326,滬深反中信99購01,0,0,0,0,0,0,0,0,0,-20000,0,0,0,0,20000,-20000,-20000
05174P,元金2X富邦9B售01,0,0,0,0,0,0,0,0,0,-20000,0,0,0,15000,35000,-20000,-20000
051597,T50反1中信99購02,0,0,0,0,0,0,0,0,0,-20000,0,0,0,0,20000,-20000,-20000
046191,新光金凱基98購01,0,0,0,0,0,0,0,0,0,-20000,0,0,0,0,20000,-20000,-20000
052888,台表科中信9A購01,0,0,0,0,0,0,0,0,0,-20000,0,0,0,3000,23000,-20000,-20000
055002,群創元富99購04  ,0,0,0,0,0,0,0,0,0,-20000,0,0,0,0,20000,-20000,-20000
055022,精元國泰99購01  ,0,0,0,0,0,0,0,0,0,-20000,0,0,0,0,20000,-20000,-20000
054778,世紀鋼國票99購01,0,0,0,0,0,0,0,0,0,-20000,0,0,0,70000,90000,-20000,-20000
054780,中石化群益99購01,0,0,0,0,0,0,0,0,0,-20000,0,0,0,0,20000,-20000,-20000
054312,TPK凱基98購01   ,0,0,0,0,0,0,0,0,0,-20000,0,0,0,3000,23000,-20000,-20000
054368,鴻海中信9A購02  ,0,0,0,0,0,0,0,0,0,-20000,0,0,0,0,20000,-20000,-20000
056608,力山永豐98購01  ,0,0,0,0,0,0,0,0,0,-20000,0,0,0,0,20000,-20000,-20000
056488,致新元大99購01  ,0,0,0,0,0,0,0,0,0,-20000,0,0,0,0,20000,-20000,-20000
057893,亞德客元富98購03,0,0,0,0,0,0,0,0,0,-20000,0,0,0,0,20000,-20000,-20000
057945,京鼎國票99購03  ,0,0,0,0,0,0,0,0,0,-20000,0,0,0,35000,55000,-20000,-20000
057116,鴻海日盛9A購01  ,0,0,0,0,0,0,0,0,0,-20000,0,0,0,0,20000,-20000,-20000
057117,開發金日盛9B購01,0,0,0,0,0,0,0,0,0,-20000,0,0,0,0,20000,-20000,-20000
057024,義隆凱基99購01  ,0,0,0,0,0,0,0,0,0,-20000,0,0,0,14000,34000,-20000,-20000
057848,台表科永豐98購02,0,0,0,0,0,0,0,0,0,-20000,0,0,0,0,20000,-20000,-20000
057856,聯鈞國票99購03  ,0,0,0,0,0,0,0,0,0,-20000,0,0,0,14000,34000,-20000,-20000
057277,可成元大98購05  ,0,0,0,0,0,0,0,0,0,-20000,0,0,0,68000,88000,-20000,-20000
057479,致茂元大98購03  ,0,0,0,0,0,0,0,0,0,-20000,0,0,0,0,20000,-20000,-20000
057460,楠梓電永豐98購03,0,0,0,0,0,0,0,0,0,-20000,0,0,0,0,20000,-20000,-20000
059525,上銀凱基99購08  ,0,0,0,0,0,0,0,0,0,-20000,0,0,0,0,20000,-20000,-20000
059517,茂林永豐99購02  ,0,0,0,0,0,0,0,0,0,-20000,0,0,0,0,20000,-20000,-20000
058782,臺股指國票99購01,0,0,0,0,0,0,0,0,0,-20000,0,0,0,0,20000,-20000,-20000
059637,大立光凱基01購01,0,0,0,0,0,0,0,0,0,-20000,0,0,0,0,20000,-20000,-20000
059743,開發金元富99購01,0,0,0,0,0,0,0,0,0,-20000,0,0,0,0,20000,-20000,-20000
059882,臺股指凱基9C購06,0,0,0,0,0,0,0,0,0,-20000,0,0,0,16000,36000,-20000,-20000
062148,奇鋐國票9B購01  ,0,0,0,0,0,0,0,0,0,-20000,0,0,0,10000,30000,-20000,-20000
062158,禾伸堂凱基9B購01,0,0,0,0,0,0,0,0,0,-20000,0,0,0,0,20000,-20000,-20000
062155,國巨凱基9C購03  ,0,0,0,0,0,0,0,0,0,-20000,0,0,0,0,20000,-20000,-20000
061967,旺宏統一01購04  ,0,0,0,0,0,0,0,0,0,-20000,0,0,0,0,20000,-20000,-20000
061331,T50反1元大9A購15,0,0,0,0,0,0,0,0,0,-20000,0,0,0,0,20000,-20000,-20000
061235,台積電元大9A購23,0,0,0,0,0,0,0,0,0,-20000,0,0,0,30000,50000,-20000,-20000
061443,大立光統一9C購02,0,0,0,0,0,0,0,0,0,-20000,0,0,0,1000,21000,-20000,-20000
058389,聯茂國票9A購01  ,0,0,0,0,0,0,0,0,0,-20000,0,0,0,17000,37000,-20000,-20000
060966,台表科凱基9B購01,0,0,0,0,0,0,0,0,0,-20000,0,0,0,0,20000,-20000,-20000
060833,道瓊反國票9A購01,0,0,0,0,0,0,0,0,0,-20000,0,0,0,0,20000,-20000,-20000
060670,臺指反元大01購03,0,0,0,0,0,0,0,0,0,-20000,0,0,0,0,20000,-20000,-20000
060556,緯穎凱基9A購04  ,0,0,0,0,0,0,0,0,0,-20000,0,0,0,125000,145000,-20000,-20000
060656,國巨統一9C購03  ,0,0,0,0,0,0,0,0,0,-20000,0,0,0,1000,21000,-20000,-20000
059307,T50反1元大99購06,0,0,0,0,0,0,0,0,0,-20000,0,0,0,0,20000,-20000,-20000
059381,TPK亞東99購01   ,0,0,0,0,0,0,0,0,0,-20000,0,0,0,0,20000,-20000,-20000
060346,華新科統一01購01,0,0,0,0,0,0,0,0,0,-20000,0,0,0,119000,139000,-20000,-20000
063026,南六元大9B購04  ,0,0,0,0,0,0,0,0,0,-20000,0,0,0,97000,117000,-20000,-20000
063182,國巨凱基9B購10  ,0,0,0,0,0,0,0,0,0,-20000,0,0,0,60000,80000,-20000,-20000
063118,中鋼元大9C購01  ,0,0,0,0,0,0,0,0,0,-20000,0,0,0,0,20000,-20000,-20000
063402,GIS群益9B購02   ,0,0,0,0,0,0,0,0,0,-20000,0,0,0,30000,50000,-20000,-20000
063368,遠東新永豐9B購01,0,0,0,0,0,0,0,0,0,-20000,0,0,0,0,20000,-20000,-20000
062668,國巨中信9B購04  ,0,0,0,0,0,0,0,0,0,-20000,0,0,0,0,20000,-20000,-20000
062884,康控兆豐9C購01  ,0,0,0,0,0,0,0,0,0,-20000,0,0,0,561000,581000,-20000,-20000
062188,貿聯元大9B購02  ,0,0,0,0,0,0,0,0,0,-20000,0,0,0,35000,55000,-20000,-20000
062285,台勝科群益9B購01,0,0,0,0,0,0,0,0,0,-20000,0,0,0,0,20000,-20000,-20000
062299,台積電第一9B購01,0,0,0,0,0,0,0,0,0,-20000,0,0,0,10000,30000,-20000,-20000
062380,巨大元大9B購01  ,0,0,0,0,0,0,0,0,0,-20000,0,0,0,0,20000,-20000,-20000
063737,大立光元大9C購07,0,0,0,0,0,0,0,0,0,-20000,0,0,0,20000,40000,-20000,-20000
064310,華新科群益9C購02,0,0,0,0,0,0,0,0,0,-20000,0,0,0,0,20000,-20000,-20000
064740,台光電國票01購01,0,0,0,0,0,0,0,0,0,-20000,0,0,0,40000,60000,-20000,-20000
064755,南亞科凱基01購02,0,0,0,0,0,0,0,0,0,-20000,0,0,0,42000,62000,-20000,-20000
064706,嘉晶富邦01購01  ,0,0,0,0,0,0,0,0,0,-20000,0,0,0,5000,25000,-20000,-20000
064528,國巨中信02購01  ,0,0,0,0,0,0,0,0,0,-20000,0,0,0,1000,21000,-20000,-20000
3164,景岳            ,17000,37000,-20000,0,0,0,0,0,0,0,0,0,0,0,0,0,-20000
4930,燦星網          ,2000,22000,-20000,0,0,0,0,0,0,0,0,0,0,0,0,0,-20000
6449,鈺邦            ,3000,24000,-21000,0,0,0,0,0,0,1000,1000,0,1000,0,0,0,-20000
2413,環科            ,60000,81000,-21000,0,0,0,0,0,0,1000,1000,0,1000,0,0,0,-20000
08583P,鴻海群益01售05  ,0,0,0,0,0,0,0,0,0,-20000,0,0,0,0,20000,-20000,-20000
08548P,台勝科凱基9C售03,0,0,0,0,0,0,0,0,0,-20000,0,0,0,0,20000,-20000,-20000
08495P,同欣電元大9C售08,0,0,0,0,0,0,0,0,0,-20000,0,0,0,10000,30000,-20000,-20000
08522P,智邦元大9C售08  ,0,0,0,0,0,0,0,0,0,-20000,0,0,0,5000,25000,-20000,-20000
08284P,鴻海凱基01售03  ,0,0,0,0,0,0,0,0,0,-20000,0,0,0,0,20000,-20000,-20000
08279P,南電元富9C售02  ,0,0,0,0,0,0,0,0,0,-20000,0,0,0,0,20000,-20000,-20000
08307P,台積電凱基9C售03,0,0,0,0,0,0,0,0,0,-20000,0,0,0,40000,60000,-20000,-20000
1454,台富            ,5000,25000,-20000,0,0,0,0,0,0,0,0,0,0,0,0,0,-20000
08680P,聯發科元大01售10,0,0,0,0,0,0,0,0,0,-20000,0,0,0,94000,114000,-20000,-20000
6591,動力-KY         ,147000,145000,2000,0,0,0,0,0,0,-22000,0,22000,-22000,0,0,0,-20000
06529P,貿聯富邦99售03  ,0,0,0,0,0,0,0,0,0,-21000,0,0,0,0,21000,-21000,-21000
07010P,T50正2凱基9C售01,0,0,0,0,0,0,0,0,0,-21000,0,0,0,0,21000,-21000,-21000
066189,和潤凱基01購01  ,0,0,0,0,0,0,0,0,0,-21000,0,0,0,0,21000,-21000,-21000
08115P,聯發科凱基9B售13,0,0,0,0,0,0,0,0,0,-21000,0,0,0,0,21000,-21000,-21000
08233P,國泰金元富9B售01,0,0,0,0,0,0,0,0,0,-21000,0,0,0,93000,114000,-21000,-21000
07338P,滬深2X凱基99售02,0,0,0,0,0,0,0,0,0,-21000,0,0,0,0,21000,-21000,-21000
07611P,大立光國票9A售05,0,0,0,0,0,0,0,0,0,-21000,0,0,0,0,21000,-21000,-21000
056376,玉晶光統一98購01,0,0,0,0,0,0,0,0,0,-21000,0,0,0,2000,23000,-21000,-21000
056401,國巨群益98購07  ,0,0,0,0,0,0,0,0,0,-21000,0,0,0,0,21000,-21000,-21000
056413,上証反中信9A購01,0,0,0,0,0,0,0,0,0,-21000,0,0,0,0,21000,-21000,-21000
060521,鴻海中信01購03  ,0,0,0,0,0,0,0,0,0,-21000,0,0,0,4000,25000,-21000,-21000
054890,聯鈞統一99購01  ,0,0,0,0,0,0,0,0,0,-21000,0,0,0,79000,100000,-21000,-21000
061184,大立光國泰9C購01,0,0,0,0,0,0,0,0,0,-21000,0,0,0,12000,33000,-21000,-21000
060182,旺宏元富9A購01  ,0,0,0,0,0,0,0,0,0,-21000,0,0,0,20000,41000,-21000,-21000
064451,技嘉統一01購02  ,0,0,0,0,0,0,0,0,0,-21000,0,0,0,0,21000,-21000,-21000
063736,大立光元大9B購08,0,0,0,0,0,0,0,0,0,-21000,0,0,0,0,21000,-21000,-21000
063371,南亞科永豐9B購01,0,0,0,0,0,0,0,0,0,-21000,0,0,0,0,21000,-21000,-21000
063451,漢翔統一9C購01  ,0,0,0,0,0,0,0,0,0,-21000,0,0,0,110000,131000,-21000,-21000
9930,中聯資源        ,5000,26000,-21000,0,0,0,0,0,0,0,0,0,0,0,0,0,-21000
1540,喬福            ,3000,24000,-21000,0,0,0,0,0,0,0,0,0,0,0,0,0,-21000
08310P,南電凱基9C售01  ,0,0,0,0,0,0,0,0,0,-21000,0,0,0,0,21000,-21000,-21000
08291P,智邦台新9C售02  ,0,0,0,0,0,0,0,0,0,-21000,0,0,0,0,21000,-21000,-21000
08556P,臺股指中信01售08,0,0,0,0,0,0,0,0,0,-21000,0,0,0,100000,121000,-21000,-21000
2387,精元            ,879000,1063000,-184000,0,0,0,0,0,0,163000,113000,20000,93000,81000,11000,70000,-21000
2516,新建            ,8000,29000,-21000,0,0,0,0,0,0,0,0,0,0,0,0,0,-21000
2548,華固            ,608000,515000,93000,0,0,0,0,0,0,-114000,0,114000,-114000,0,0,0,-21000
2616,山隆            ,9000,30000,-21000,0,0,0,0,0,0,0,0,0,0,0,0,0,-21000
6115,鎰勝            ,24000,45000,-21000,0,0,0,0,0,0,0,0,0,0,0,0,0,-21000
07314P,T50正2元大9C售03,0,0,0,0,0,0,0,0,0,-22000,0,0,0,0,22000,-22000,-22000
07545P,玉晶光凱基9A售07,0,0,0,0,0,0,0,0,0,-22000,0,0,0,0,22000,-22000,-22000
07958P,華擎群益9B售01  ,0,0,0,0,0,0,0,0,0,-22000,0,0,0,20000,42000,-22000,-22000
07090P,台灣50凱基01售01,0,0,0,0,0,0,0,0,0,-22000,0,0,0,0,22000,-22000,-22000
07127P,精元元大99售01  ,0,0,0,0,0,0,0,0,0,-22000,0,0,0,0,22000,-22000,-22000
06807P,臺股指群益98售13,0,0,0,0,0,0,0,0,0,-22000,0,0,0,0,22000,-22000,-22000
065206,旺宏國票01購02  ,0,0,0,0,0,0,0,0,0,-22000,0,0,0,39000,61000,-22000,-22000
064817,鈺齊元大9C購02  ,0,0,0,0,0,0,0,0,0,-22000,0,0,0,61000,83000,-22000,-22000
064954,奇鋐凱基9C購01  ,0,0,0,0,0,0,0,0,0,-22000,0,0,0,140000,162000,-22000,-22000
065859,GIS元大9C購10   ,0,0,0,0,0,0,0,0,0,-22000,0,0,0,136000,158000,-22000,-22000
06586P,鴻海元大9C售01  ,0,0,0,0,0,0,0,0,0,-22000,0,0,0,0,22000,-22000,-22000
054214,京鼎國票97購02  ,0,0,0,0,0,0,0,0,0,-22000,0,0,0,0,22000,-22000,-22000
053294,聯發科中信9C購01,0,0,0,0,0,0,0,0,0,-22000,0,0,0,129000,151000,-22000,-22000
00763U,街口道瓊銅      ,0,0,0,0,0,0,0,0,0,-22000,0,0,0,25000,47000,-22000,-22000
047548,友達凱基99購03  ,0,0,0,0,0,0,0,0,0,-22000,0,0,0,15000,37000,-22000,-22000
059296,大立光元富99購06,0,0,0,0,0,0,0,0,0,-22000,0,0,0,23000,45000,-22000,-22000
058499,滬深2X元大9C購01,0,0,0,0,0,0,0,0,0,-22000,0,0,0,269000,291000,-22000,-22000
056537,冠德凱基98購01  ,0,0,0,0,0,0,0,0,0,-22000,0,0,0,30000,52000,-22000,-22000
057376,新日興元大98購04,0,0,0,0,0,0,0,0,0,-22000,0,0,0,0,22000,-22000,-22000
061990,台勝科元大9C購01,0,0,0,0,0,0,0,0,0,-22000,0,0,0,335000,357000,-22000,-22000
059543,可成亞東99購02  ,0,0,0,0,0,0,0,0,0,-22000,0,0,0,0,22000,-22000,-22000
058614,台郡元大9A購01  ,0,0,0,0,0,0,0,0,0,-22000,0,0,0,38000,60000,-22000,-22000
058718,台灣50元富03購01,0,0,0,0,0,0,0,0,0,-22000,0,0,0,22000,44000,-22000,-22000
058681,大立光康和9B購01,0,0,0,0,0,0,0,0,0,-22000,0,0,0,0,22000,-22000,-22000
063352,上銀元富9B購02  ,0,0,0,0,0,0,0,0,0,-22000,0,0,0,150000,172000,-22000,-22000
063016,微星元大9C購02  ,0,0,0,0,0,0,0,0,0,-22000,0,0,0,43000,65000,-22000,-22000
062694,遠東新元大9B購01,0,0,0,0,0,0,0,0,0,-22000,0,0,0,3000,25000,-22000,-22000
063620,奇力新兆豐9B購01,0,0,0,0,0,0,0,0,0,-22000,0,0,0,0,22000,-22000,-22000
063598,國巨凱基9B購14  ,0,0,0,0,0,0,0,0,0,-22000,0,0,0,36000,58000,-22000,-22000
064169,南電統一9C購01  ,0,0,0,0,0,0,0,0,0,-22000,0,0,0,108000,130000,-22000,-22000
06425P,TPK永豐97售02   ,0,0,0,0,0,0,0,0,0,-22000,0,0,0,0,22000,-22000,-22000
064544,國巨凱基9C購09  ,0,0,0,0,0,0,0,0,0,-22000,0,0,0,27000,49000,-22000,-22000
3346,麗清            ,15000,37000,-22000,0,0,0,0,0,0,0,0,0,0,0,0,0,-22000
08483P,金像電群益9C售02,0,0,0,0,0,0,0,0,0,-22000,0,0,0,0,22000,-22000,-22000
08676P,泰碩群益04售01  ,0,0,0,0,0,0,0,0,0,-22000,0,0,0,0,22000,-22000,-22000
1321,大洋            ,18000,40000,-22000,0,0,0,0,0,0,0,0,0,0,0,0,0,-22000
065775,神隆國泰03購01  ,0,0,0,0,0,0,0,0,0,-23000,0,0,0,9000,32000,-23000,-23000
065204,神隆國票01購01  ,0,0,0,0,0,0,0,0,0,-23000,0,0,0,40000,63000,-23000,-23000
08048P,臺股指國票9B售13,0,0,0,0,0,0,0,0,0,-23000,0,0,0,0,23000,-23000,-23000
07797P,大立光國票9A售08,0,0,0,0,0,0,0,0,0,-23000,0,0,0,0,23000,-23000,-23000
057296,智原永豐98購01  ,0,0,0,0,0,0,0,0,0,-23000,0,0,0,61000,84000,-23000,-23000
057527,億光元大98購01  ,0,0,0,0,0,0,0,0,0,-23000,0,0,0,176000,199000,-23000,-23000
056118,聯詠群益97購03  ,0,0,0,0,0,0,0,0,0,-23000,0,0,0,8000,31000,-23000,-23000
0055,元大MSCI金融    ,0,0,0,0,0,0,0,0,0,-23000,0,0,0,0,23000,-23000,-23000
00663L,國泰臺灣加權正2 ,19000,20000,-1000,0,0,0,0,0,0,-22000,0,0,0,1000,23000,-22000,-23000
061486,國巨兆豐9B購02  ,0,0,0,0,0,0,0,0,0,-23000,0,0,0,12000,35000,-23000,-23000
061454,國巨凱基9A購16  ,0,0,0,0,0,0,0,0,0,-23000,0,0,0,11000,34000,-23000,-23000
061214,華擎元大9A購04  ,0,0,0,0,0,0,0,0,0,-23000,0,0,0,22000,45000,-23000,-23000
060604,宏達電凱基9B購01,0,0,0,0,0,0,0,0,0,-23000,0,0,0,99000,122000,-23000,-23000
058780,牧德國票9A購01  ,0,0,0,0,0,0,0,0,0,-23000,0,0,0,41000,64000,-23000,-23000
061613,南六統一9C購01  ,0,0,0,0,0,0,0,0,0,-23000,0,0,0,12000,35000,-23000,-23000
064621,大立光元大9C購20,0,0,0,0,0,0,0,0,0,-23000,0,0,0,0,23000,-23000,-23000
064188,玉晶光永豐9C購02,0,0,0,0,0,0,0,0,0,-23000,0,0,0,9000,32000,-23000,-23000
064039,亞德客統一02購01,0,0,0,0,0,0,0,0,0,-23000,0,0,0,17000,40000,-23000,-23000
063826,中興電國票01購01,0,0,0,0,0,0,0,0,0,-23000,0,0,0,83000,106000,-23000,-23000
062309,燿華凱基9B購01  ,0,0,0,0,0,0,0,0,0,-23000,0,0,0,7000,30000,-23000,-23000
062196,聯發科中信01購02,0,0,0,0,0,0,0,0,0,-23000,0,0,0,0,23000,-23000,-23000
063343,美律統一9C購01  ,0,0,0,0,0,0,0,0,0,-23000,0,0,0,92000,115000,-23000,-23000
063397,廣達群益9B購02  ,0,0,0,0,0,0,0,0,0,-23000,0,0,0,212000,235000,-23000,-23000
063552,晶技國票9B購03  ,0,0,0,0,0,0,0,0,0,-23000,0,0,0,30000,53000,-23000,-23000
1587,吉茂            ,23000,46000,-23000,0,0,0,0,0,0,0,0,0,0,0,0,0,-23000
08272P,鴻海元富9C售02  ,0,0,0,0,0,0,0,0,0,-23000,0,0,0,5000,28000,-23000,-23000
4739,康普            ,326000,349000,-23000,0,0,0,0,0,0,0,0,0,0,0,0,0,-23000
2514,龍邦            ,10000,32000,-22000,0,0,0,0,0,0,-1000,0,1000,-1000,0,0,0,-23000
2816,旺旺保          ,4000,27000,-23000,0,0,0,0,0,0,0,0,0,0,0,0,0,-23000
08137P,台灣50元大9B售24,0,0,0,0,0,0,0,0,0,-24000,0,0,0,0,24000,-24000,-24000
066337,聯陽永豐01購02  ,0,0,0,0,0,0,0,0,0,-24000,0,0,0,13000,37000,-24000,-24000
065222,玉晶光永豐9C購07,0,0,0,0,0,0,0,0,0,-24000,0,0,0,14000,38000,-24000,-24000
060412,儒鴻永豐9A購01  ,0,0,0,0,0,0,0,0,0,-24000,0,0,0,0,24000,-24000,-24000
061640,智原元大9A購01  ,0,0,0,0,0,0,0,0,0,-24000,0,0,0,33000,57000,-24000,-24000
062020,智伸科永豐9B購01,0,0,0,0,0,0,0,0,0,-24000,0,0,0,111000,135000,-24000,-24000
062027,國泰金群益9B購01,0,0,0,0,0,0,0,0,0,-24000,0,0,0,18000,42000,-24000,-24000
059348,日月光凱基99購01,0,0,0,0,0,0,0,0,0,-24000,0,0,0,28000,52000,-24000,-24000
061195,健策永豐9B購02  ,0,0,0,0,0,0,0,0,0,-24000,0,0,0,17000,41000,-24000,-24000
058636,亞光兆豐9A購01  ,0,0,0,0,0,0,0,0,0,-24000,0,0,0,6000,30000,-24000,-24000
063517,遠東新凱基01購01,0,0,0,0,0,0,0,0,0,-24000,0,0,0,6000,30000,-24000,-24000
063194,華新科台新9B購01,0,0,0,0,0,0,0,0,0,-24000,0,0,0,82000,106000,-24000,-24000
062707,致伸元大9B購01  ,0,0,0,0,0,0,0,0,0,-24000,0,0,0,143000,167000,-24000,-24000
062867,東元中信9B購01  ,0,0,0,0,0,0,0,0,0,-24000,0,0,0,0,24000,-24000,-24000
063959,GIS元大9C購02   ,0,0,0,0,0,0,0,0,0,-24000,0,0,0,87000,111000,-24000,-24000
064341,聯詠元大9C購01  ,0,0,0,0,0,0,0,0,0,-24000,0,0,0,96000,120000,-24000,-24000
064456,禾伸堂統一01購01,0,0,0,0,0,0,0,0,0,-24000,0,0,0,150000,174000,-24000,-24000
064373,和大元富03購01  ,0,0,0,0,0,0,0,0,0,-24000,0,0,0,56000,80000,-24000,-24000
2495,普安            ,1000,25000,-24000,0,0,0,0,0,0,0,0,0,0,0,0,0,-24000
4581,光隆精密-KY     ,1000,25000,-24000,0,0,0,0,0,0,0,0,0,0,0,0,0,-24000
5285,界霖            ,33000,57000,-24000,0,0,0,0,0,0,0,0,0,0,0,0,0,-24000
6184,大豐電          ,2000,26000,-24000,0,0,0,0,0,0,0,0,0,0,0,0,0,-24000
1906,寶隆            ,17000,40000,-23000,0,0,0,0,0,0,-1000,0,1000,-1000,0,0,0,-24000
065932,世紀鋼國票02購01,0,0,0,0,0,0,0,0,0,-25000,0,0,0,10000,35000,-25000,-25000
066012,友訊元富01購01  ,0,0,0,0,0,0,0,0,0,-25000,0,0,0,86000,111000,-25000,-25000
065420,中租國票01購01  ,0,0,0,0,0,0,0,0,0,-25000,0,0,0,10000,35000,-25000,-25000
066374,臺股指中信04購01,0,0,0,0,0,0,0,0,0,-25000,0,0,0,0,25000,-25000,-25000
066179,智伸科凱基01購01,0,0,0,0,0,0,0,0,0,-25000,0,0,0,48000,73000,-25000,-25000
07068P,欣興台新99售01  ,0,0,0,0,0,0,0,0,0,-25000,0,0,0,28000,53000,-25000,-25000
06981P,台灣50麥證99售02,0,0,0,0,25000,-25000,0,0,0,-25000,0,0,0,0,25000,-25000,-25000
07753P,台灣50元大9C售34,0,0,0,0,0,0,0,0,0,-25000,0,0,0,0,25000,-25000,-25000
056141,聯茂元大97購05  ,0,0,0,0,0,0,0,0,0,-25000,0,0,0,0,25000,-25000,-25000
056355,台積電元大98購08,0,0,0,0,0,0,0,0,0,-25000,0,0,0,26000,51000,-25000,-25000
053528,南電中信9A購01  ,0,0,0,0,0,0,0,0,0,-25000,0,0,0,0,25000,-25000,-25000
055118,嘉聯益凱基98購02,0,0,0,0,0,0,0,0,0,-25000,0,0,0,5000,30000,-25000,-25000
05721P,全新群益98售02  ,0,0,0,0,0,0,0,0,0,-25000,0,0,0,0,25000,-25000,-25000
061403,滬深2X國票9A購06,0,0,0,0,0,0,0,0,0,-25000,0,0,0,1000,26000,-25000,-25000
058205,神達凱基9B購01  ,0,0,0,0,0,0,0,0,0,-25000,0,0,0,0,25000,-25000,-25000
059358,旺宏永豐99購02  ,0,0,0,0,0,0,0,0,0,-25000,0,0,0,20000,45000,-25000,-25000
060907,金像電元大9A購02,0,0,0,0,0,0,0,0,0,-25000,0,0,0,105000,130000,-25000,-25000
061627,台表科群益9A購01,0,0,0,0,0,0,0,0,0,-25000,0,0,0,0,25000,-25000,-25000
058989,茂林凱基99購02  ,0,0,0,0,0,0,0,0,0,-25000,0,0,0,37000,62000,-25000,-25000
059054,國巨凱基99購11  ,0,0,0,0,0,0,0,0,0,-25000,0,0,0,93000,118000,-25000,-25000
059159,上銀凱基99購05  ,0,0,0,0,0,0,0,0,0,-25000,0,0,0,0,25000,-25000,-25000
064010,GIS凱基02購01   ,0,0,0,0,0,0,0,0,0,-25000,0,0,0,22000,47000,-25000,-25000
064005,義隆凱基01購01  ,0,0,0,0,0,0,0,0,0,-25000,0,0,0,2000,27000,-25000,-25000
062435,國巨元大9B購13  ,0,0,0,0,0,0,0,0,0,-25000,0,0,0,2000,27000,-25000,-25000
062481,同欣電國票9B購01,0,0,0,0,0,0,0,0,0,-25000,0,0,0,16000,41000,-25000,-25000
063558,聚陽元大9B購02  ,0,0,0,0,0,0,0,0,0,-25000,0,0,0,143000,168000,-25000,-25000
08385P,臺股指群益9C售13,0,0,0,0,0,0,0,0,0,-25000,0,0,0,0,25000,-25000,-25000
08406P,緯穎元大9C售01  ,0,0,0,0,0,0,0,0,0,-25000,0,0,0,0,25000,-25000,-25000
2459,敦吉            ,53000,78000,-25000,0,0,0,0,0,0,0,0,0,0,0,0,0,-25000
912398,友佳-DR         ,0,25000,-25000,0,0,0,0,0,0,0,0,0,0,0,0,0,-25000
8463,潤泰材          ,12000,37000,-25000,0,0,0,0,0,0,0,0,0,0,0,0,0,-25000
6670,復盛應用        ,75000,88000,-13000,0,0,0,0,0,0,-12000,0,6000,-6000,0,6000,-6000,-25000
07402P,瑞昱凱基99售02  ,0,0,0,0,0,0,0,0,0,-26000,0,0,0,0,26000,-26000,-26000
08049P,臺股指國票9B售14,0,0,0,0,0,0,0,0,0,-26000,0,0,0,30000,56000,-26000,-26000
06853P,華擎元富98售03  ,0,0,0,0,0,0,0,0,0,-26000,0,0,0,210000,236000,-26000,-26000
066466,晶碩統一02購01  ,0,0,0,0,0,0,0,0,0,-26000,0,0,0,0,26000,-26000,-26000
066098,華碩中信02購01  ,0,0,0,0,0,0,0,0,0,-26000,0,0,0,0,26000,-26000,-26000
065096,世芯元大9C購03  ,0,0,0,0,0,0,0,0,0,-26000,0,0,0,34000,60000,-26000,-26000
057257,台泥兆豐99購01  ,0,0,0,0,0,0,0,0,0,-26000,0,0,0,152000,178000,-26000,-26000
056398,南茂永豐98購01  ,0,0,0,0,0,0,0,0,0,-26000,0,0,0,82000,108000,-26000,-26000
061763,聯電元大9C購02  ,0,0,0,0,0,0,0,0,0,-26000,0,0,0,122000,148000,-26000,-26000
062134,國巨群益9B購04  ,0,0,0,0,0,0,0,0,0,-26000,0,0,0,0,26000,-26000,-26000
060344,聯發科統一01購01,0,0,0,0,0,0,0,0,0,-26000,0,0,0,0,26000,-26000,-26000
060558,億豐凱基9A購01  ,0,0,0,0,0,0,0,0,0,-26000,0,0,0,0,26000,-26000,-26000
058608,華新科元大99購13,0,0,0,0,0,0,0,0,0,-26000,0,0,0,50000,76000,-26000,-26000
061268,玉晶光凱基9B購04,0,0,0,0,0,0,0,0,0,-26000,0,0,0,16000,42000,-26000,-26000
063567,漢唐元大9B購03  ,0,0,0,0,0,0,0,0,0,-26000,0,0,0,25000,51000,-26000,-26000
062445,大立光元大9C購02,0,0,0,0,0,0,0,0,0,-26000,0,0,0,3000,29000,-26000,-26000
064013,創意國票01購01  ,0,0,0,0,0,0,0,0,0,-26000,0,0,0,17000,43000,-26000,-26000
063968,新光金國票01購01,0,0,0,0,0,0,0,0,0,-26000,0,0,0,0,26000,-26000,-26000
064689,台積電群益9C購09,0,0,0,0,0,0,0,0,0,-26000,0,0,0,50000,76000,-26000,-26000
08481P,臺股指凱基9C售19,0,0,0,0,0,0,0,0,0,-26000,0,0,0,0,26000,-26000,-26000
1618,合機            ,14000,39000,-25000,0,0,0,0,0,0,-1000,0,1000,-1000,0,0,0,-26000
064951,聯發科凱基01購04,0,0,0,0,0,0,0,0,0,-27000,0,0,0,0,27000,-27000,-27000
065048,世芯凱基01購01  ,0,0,0,0,0,0,0,0,0,-27000,0,0,0,63000,90000,-27000,-27000
064872,南電永豐9C購02  ,0,0,0,0,0,0,0,0,0,-27000,0,0,0,27000,54000,-27000,-27000
065804,大立光群益01購04,0,0,0,0,0,0,0,0,0,-27000,0,0,0,0,27000,-27000,-27000
065829,嘉晶凱基9C購05  ,0,0,0,0,0,0,0,0,0,-27000,0,0,0,0,27000,-27000,-27000
066328,國揚永豐01購01  ,0,0,0,0,0,0,0,0,0,-27000,0,0,0,0,27000,-27000,-27000
066261,華碩元大01購01  ,0,0,0,0,0,0,0,0,0,-27000,0,0,0,0,27000,-27000,-27000
06658P,台灣50富邦9C售01,0,0,0,0,0,0,0,0,0,-27000,0,0,0,20000,47000,-27000,-27000
06793P,臺股指凱基98售03,0,0,0,0,0,0,0,0,0,-27000,0,0,0,0,27000,-27000,-27000
08101P,超眾群益9B售02  ,0,0,0,0,0,0,0,0,0,-27000,0,0,0,15000,42000,-27000,-27000
08124P,臻鼎群益9B售02  ,0,0,0,0,0,0,0,0,0,-27000,0,0,0,0,27000,-27000,-27000
08162P,台灣50台新9C售06,0,0,0,0,0,0,0,0,0,-27000,0,0,0,0,27000,-27000,-27000
07233P,台灣50元大99售04,0,0,0,0,0,0,0,0,0,-27000,0,0,0,25000,52000,-27000,-27000
07462P,臺股指元大9B售05,0,0,0,0,0,0,0,0,0,-27000,0,0,0,2000,29000,-27000,-27000
07803P,南亞科永豐9A售02,0,0,0,0,0,0,0,0,0,-27000,0,0,0,0,27000,-27000,-27000
059274,國巨元大99購22  ,0,0,0,0,0,0,0,0,0,-27000,0,0,0,13000,40000,-27000,-27000
054891,聯鈞統一99購02  ,0,0,0,0,0,0,0,0,0,-27000,0,0,0,26000,53000,-27000,-27000
054060,晶技國票97購02  ,0,0,0,0,0,0,0,0,0,-27000,0,0,0,20000,47000,-27000,-27000
055505,新唐元大97購02  ,0,0,0,0,0,0,0,0,0,-27000,0,0,0,3000,30000,-27000,-27000
052659,上証2X國票99購01,0,0,0,0,0,0,0,0,0,-27000,0,0,0,4000,31000,-27000,-27000
061381,台灣50群益9B購07,0,0,0,0,0,0,0,0,0,-27000,0,0,0,32000,59000,-27000,-27000
060798,旭富永豐9A購01  ,0,0,0,0,0,0,0,0,0,-27000,0,0,0,0,27000,-27000,-27000
058914,元油2X元富01購02,0,0,0,0,0,0,0,0,0,-27000,0,0,0,0,27000,-27000,-27000
064404,奇力新凱基02購01,0,0,0,0,0,0,0,0,0,-27000,0,0,0,10000,37000,-27000,-27000
064443,同欣電凱基03購01,0,0,0,0,0,0,0,0,0,-27000,0,0,0,158000,185000,-27000,-27000
063665,南亞科統一01購02,0,0,0,0,0,0,0,0,0,-27000,0,0,0,191000,218000,-27000,-27000
062192,南六元大9B購01  ,0,0,0,0,0,0,0,0,0,-27000,0,0,0,7000,34000,-27000,-27000
062666,和碩群益9B購01  ,0,0,0,0,0,0,0,0,0,-27000,0,0,0,61000,88000,-27000,-27000
08349P,南六元大9C售03  ,0,0,0,0,0,0,0,0,0,-27000,0,0,0,2000,29000,-27000,-27000
08304P,大立光中信02售01,0,0,0,0,0,0,0,0,0,-27000,0,0,0,30000,57000,-27000,-27000
07795P,美律國票9A售03  ,0,0,0,0,0,0,0,0,0,-28000,0,0,0,6000,34000,-28000,-28000
07700P,臺股指元大9A售53,0,0,0,0,0,0,0,0,0,-28000,0,0,0,0,28000,-28000,-28000
07683P,宏達電凱基9A售03,0,0,0,0,0,0,0,0,0,-28000,0,0,0,0,28000,-28000,-28000
06725P,聯電元富98售01  ,0,0,0,0,0,0,0,0,0,-28000,0,0,0,140000,168000,-28000,-28000
06933P,禾伸堂元大98售03,0,0,0,0,0,0,0,0,0,-28000,0,0,0,0,28000,-28000,-28000
07059P,華通國票9A售02  ,0,0,0,0,0,0,0,0,0,-28000,0,0,0,110000,138000,-28000,-28000
065738,國巨麥證9C購04  ,0,0,0,0,28000,-28000,0,0,0,-28000,0,0,0,0,28000,-28000,-28000
065113,南電國票01購02  ,0,0,0,0,0,0,0,0,0,-28000,0,0,0,5000,33000,-28000,-28000
065245,國泰金兆豐9C購01,0,0,0,0,0,0,0,0,0,-28000,0,0,0,10000,38000,-28000,-28000
065200,健策元富9C購04  ,0,0,0,0,0,0,0,0,0,-28000,0,0,0,245000,273000,-28000,-28000
057232,京元電凱基98購02,0,0,0,0,0,0,0,0,0,-28000,0,0,0,66000,94000,-28000,-28000
056214,義隆國票99購01  ,0,0,0,0,0,0,0,0,0,-28000,0,0,0,11000,39000,-28000,-28000
057454,上銀國泰99購02  ,0,0,0,0,0,0,0,0,0,-28000,0,0,0,52000,80000,-28000,-28000
059477,FBVIX群益99購01 ,0,0,0,0,0,0,0,0,0,-28000,0,0,0,0,28000,-28000,-28000
059997,華航元富99購01  ,0,0,0,0,0,0,0,0,0,-28000,0,0,0,0,28000,-28000,-28000
061564,華擎國票9A購02  ,0,0,0,0,0,0,0,0,0,-28000,0,0,0,72000,100000,-28000,-28000
060850,康友國票9A購03  ,0,0,0,0,0,0,0,0,0,-28000,0,0,0,10000,38000,-28000,-28000
058182,日電貿國泰9A購01,0,0,0,0,0,0,0,0,0,-28000,0,0,0,42000,70000,-28000,-28000
062741,立積國票9B購02  ,0,0,0,0,0,0,0,0,0,-28000,0,0,0,65000,93000,-28000,-28000
063547,大立光兆豐9B購04,0,0,0,0,0,0,0,0,0,-28000,0,0,0,43000,71000,-28000,-28000
063424,新日興凱基01購01,0,0,0,0,0,0,0,0,0,-28000,0,0,0,40000,68000,-28000,-28000
063481,緯穎元大9B購08  ,0,0,0,0,0,0,0,0,0,-28000,0,0,0,50000,78000,-28000,-28000
063106,台表科群益9B購03,0,0,0,0,0,0,0,0,0,-28000,0,0,0,2000,30000,-28000,-28000
063868,嘉晶永豐9C購01  ,0,0,0,0,0,0,0,0,0,-28000,0,0,0,0,28000,-28000,-28000
08301P,台積電兆豐9C售02,0,0,0,0,0,0,0,0,0,-28000,0,0,0,0,28000,-28000,-28000
1519,華城            ,334000,366000,-32000,0,0,0,0,0,0,4000,1000,1000,0,4000,0,4000,-28000
064790,金像電國票01購01,0,0,0,0,0,0,0,0,0,-29000,0,0,0,9000,38000,-29000,-29000
065541,GIS統一01購05   ,0,0,0,0,0,0,0,0,0,-29000,0,0,0,85000,114000,-29000,-29000
07057P,大立光康和9B售02,0,0,0,0,0,0,0,0,0,-29000,0,0,0,90000,119000,-29000,-29000
06824P,台灣50國票99售02,0,0,0,0,0,0,0,0,0,-29000,0,0,0,1000,30000,-29000,-29000
066273,晶技元大01購02  ,0,0,0,0,0,0,0,0,0,-29000,0,0,0,0,29000,-29000,-29000
066327,強茂永豐01購01  ,0,0,0,0,0,0,0,0,0,-29000,0,0,0,0,29000,-29000,-29000
07685P,玉晶光凱基9B售03,0,0,0,0,0,0,0,0,0,-29000,0,0,0,70000,99000,-29000,-29000
07507P,國巨國票9B售02  ,0,0,0,0,0,0,0,0,0,-29000,0,0,0,1000,30000,-29000,-29000
057278,可成元大98購06  ,0,0,0,0,0,0,0,0,0,-29000,0,0,0,67000,96000,-29000,-29000
05629P,聯發科永昌99售02,0,0,0,0,0,0,0,0,0,-29000,0,0,0,0,29000,-29000,-29000
060513,緯穎元大9B購01  ,0,0,0,0,0,0,0,0,0,-29000,0,0,0,7000,36000,-29000,-29000
052491,泰碩國票99購01  ,0,0,0,0,0,0,0,0,0,-29000,0,0,0,0,29000,-29000,-29000
058022,樺漢凱基99購02  ,0,0,0,0,0,0,0,0,0,-29000,0,0,0,0,29000,-29000,-29000
061413,台勝科群益9A購01,10000,20000,-10000,0,0,0,0,0,0,-19000,0,0,0,242000,261000,-19000,-29000
061141,臻鼎統一9A購01  ,0,0,0,0,0,0,0,0,0,-29000,0,0,0,0,29000,-29000,-29000
060642,華擎永豐9A購02  ,0,0,0,0,0,0,0,0,0,-29000,0,0,0,112000,141000,-29000,-29000
061802,勤誠永豐9B購01  ,0,0,0,0,0,0,0,0,0,-29000,0,0,0,71000,100000,-29000,-29000
061649,緯穎元大9A購06  ,0,0,0,0,0,0,0,0,0,-29000,0,0,0,80000,109000,-29000,-29000
058738,FBVIX中信03購04 ,0,0,0,0,0,0,0,0,0,-29000,0,0,0,3000,32000,-29000,-29000
063850,玉晶光元大9C購07,0,0,0,0,0,0,0,0,0,-29000,0,0,0,23000,52000,-29000,-29000
063619,聯發科兆豐01購01,0,0,0,0,0,0,0,0,0,-29000,0,0,0,29000,58000,-29000,-29000
064335,可成元大9C購05  ,0,0,0,0,0,0,0,0,0,-29000,0,0,0,4000,33000,-29000,-29000
063125,華擎元大9C購02  ,0,0,0,0,0,0,0,0,0,-29000,0,0,0,283000,312000,-29000,-29000
063470,泰鼎元大9B購03  ,0,0,0,0,0,0,0,0,0,-29000,0,0,0,758000,787000,-29000,-29000
062733,巨大凱基9B購01  ,0,0,0,0,0,0,0,0,0,-29000,0,0,0,0,29000,-29000,-29000
062503,玉晶光群益01購03,0,0,0,0,0,0,0,0,0,-29000,0,0,0,11000,40000,-29000,-29000
9902,台火            ,3000,32000,-29000,0,0,0,0,0,0,0,0,0,0,0,0,0,-29000
07457P,宏達電元大9A售01,0,0,0,0,0,0,0,0,0,-30000,0,0,0,20000,50000,-30000,-30000
07418P,聯發科元大99售45,0,0,0,0,0,0,0,0,0,-30000,0,0,0,0,30000,-30000,-30000
07243P,台灣50凱基9A售04,0,0,0,0,0,0,0,0,0,-30000,0,0,0,0,30000,-30000,-30000
07282P,聯發科凱基99售17,0,0,0,0,0,0,0,0,0,-30000,0,0,0,0,30000,-30000,-30000
07289P,台灣50凱基99售07,0,0,0,0,0,0,0,0,0,-30000,0,0,0,0,30000,-30000,-30000
07743P,智邦凱基9A售03  ,0,0,0,0,0,0,0,0,0,-30000,0,0,0,0,30000,-30000,-30000
07941P,國巨凱基9B售07  ,0,0,0,0,0,0,0,0,0,-30000,0,0,0,0,30000,-30000,-30000
07905P,大立光群益9B售04,0,0,0,0,0,0,0,0,0,-30000,0,0,0,0,30000,-30000,-30000
066331,東森永豐01購01  ,0,0,0,0,0,0,0,0,0,-30000,0,0,0,0,30000,-30000,-30000
06633P,國巨國票99售01  ,0,0,0,0,0,0,0,0,0,-30000,0,0,0,0,30000,-30000,-30000
066412,神隆元大01購01  ,0,0,0,0,0,0,0,0,0,-30000,0,0,0,0,30000,-30000,-30000
066289,晶碩元大02購01  ,0,0,0,0,0,0,0,0,0,-30000,0,0,0,0,30000,-30000,-30000
066059,帆宣元大01購01  ,0,0,0,0,0,0,0,0,0,-30000,0,0,0,5000,35000,-30000,-30000
06861P,台積電國票99售08,0,0,0,0,0,0,0,0,0,-30000,0,0,0,0,30000,-30000,-30000
06766P,玉晶光元大99售10,0,0,0,0,0,0,0,0,0,-30000,0,0,0,20000,50000,-30000,-30000
066452,晶碩群益01購01  ,0,0,0,0,0,0,0,0,0,-30000,0,0,0,0,30000,-30000,-30000
07031P,台灣50中信03售02,0,0,0,0,0,0,0,0,0,-30000,0,0,0,0,30000,-30000,-30000
07226P,貿聯富邦9B售01  ,0,0,0,0,0,0,0,0,0,-30000,0,0,0,0,30000,-30000,-30000
065424,華新凱基02購01  ,0,0,0,0,0,0,0,0,0,-30000,0,0,0,40000,70000,-30000,-30000
065998,友訊國票01購02  ,0,0,0,0,0,0,0,0,0,-30000,0,0,0,5000,35000,-30000,-30000
064863,台積電永豐9C購01,0,0,0,0,0,0,0,0,0,-30000,0,0,0,40000,70000,-30000,-30000
064945,中橡凱基9C購01  ,0,0,0,0,0,0,0,0,0,-30000,0,0,0,40000,70000,-30000,-30000
064976,景碩元大9C購01  ,0,0,0,0,0,0,0,0,0,-30000,0,0,0,140000,170000,-30000,-30000
06498P,臺股指元大9A售03,0,0,0,0,0,0,0,0,0,-30000,0,0,0,0,30000,-30000,-30000
00683L,元大美元指數正2 ,0,0,0,0,0,0,0,0,0,-30000,0,0,0,0,30000,-30000,-30000
00673R,元大S&P原油反1  ,0,0,0,0,0,0,0,0,0,-30000,0,0,0,158000,188000,-30000,-30000
051887,上証2X元富98購01,0,0,0,0,0,0,0,0,0,-30000,0,0,0,0,30000,-30000,-30000
051971,元金2X凱基97購02,0,0,0,0,0,0,0,0,0,-30000,0,0,0,0,30000,-30000,-30000
046903,友達凱基99購01  ,0,0,0,0,0,0,0,0,0,-30000,0,0,0,0,30000,-30000,-30000
057780,台郡群益98購02  ,0,0,0,0,0,0,0,0,0,-30000,0,0,0,0,30000,-30000,-30000
057718,旺宏元富02購02  ,0,0,0,0,0,0,0,0,0,-30000,0,0,0,0,30000,-30000,-30000
057746,同欣電永豐98購02,0,0,0,0,0,0,0,0,0,-30000,0,0,0,0,30000,-30000,-30000
053971,聯發科元大97購09,0,0,0,0,0,0,0,0,0,-30000,0,0,0,0,30000,-30000,-30000
054357,可成兆豐97購02  ,0,0,0,0,0,0,0,0,0,-30000,0,0,0,150000,180000,-30000,-30000
055135,聯發科富邦99購05,0,0,0,0,0,0,0,0,0,-30000,0,0,0,0,30000,-30000,-30000
056463,台虹凱基98購02  ,0,0,0,0,0,0,0,0,0,-30000,0,0,0,15000,45000,-30000,-30000
056924,亞光兆豐98購01  ,0,0,0,0,0,0,0,0,0,-30000,0,0,0,0,30000,-30000,-30000
057291,國巨國泰9A購01  ,0,0,0,0,0,0,0,0,0,-30000,0,0,0,20000,50000,-30000,-30000
057388,奇鋐永豐98購02  ,0,0,0,0,0,0,0,0,0,-30000,0,0,0,0,30000,-30000,-30000
058742,鴻海康和99購01  ,0,0,0,0,0,0,0,0,0,-30000,0,0,0,0,30000,-30000,-30000
058727,嘉晶富邦9A購01  ,0,0,0,0,0,0,0,0,0,-30000,0,0,0,12000,42000,-30000,-30000
058979,上銀凱基99購04  ,0,0,0,0,0,0,0,0,0,-30000,0,0,0,40000,70000,-30000,-30000
059060,大立光凱基9A購03,0,0,0,0,0,0,0,0,0,-30000,0,0,0,5000,35000,-30000,-30000
059956,玉山金康和99購01,0,0,0,0,0,0,0,0,0,-30000,0,0,0,80000,110000,-30000,-30000
060039,大立光國票99購04,0,0,0,0,0,0,0,0,0,-30000,0,0,0,10000,40000,-30000,-30000
059909,鴻海元大99購36  ,0,0,0,0,0,0,0,0,0,-30000,0,0,0,0,30000,-30000,-30000
059623,聯電凱基99購02  ,0,0,0,0,0,0,0,0,0,-30000,0,0,0,60000,90000,-30000,-30000
062099,牧德永豐9B購01  ,0,0,0,0,0,0,0,0,0,-30000,0,0,0,0,30000,-30000,-30000
060550,可成凱基9A購02  ,0,0,0,0,0,0,0,0,0,-30000,0,0,0,20000,50000,-30000,-30000
060340,國巨統一01購02  ,0,0,0,0,0,0,0,0,0,-30000,0,0,0,46000,76000,-30000,-30000
058540,嘉聯益國泰9A購02,0,0,0,0,0,0,0,0,0,-30000,0,0,0,0,30000,-30000,-30000
058583,臻鼎群益99購01  ,0,0,0,0,0,0,0,0,0,-30000,0,0,0,0,30000,-30000,-30000
061077,國巨兆豐9B購01  ,0,0,0,0,0,0,0,0,0,-30000,0,0,0,57000,87000,-30000,-30000
060980,台積電元大9A購21,0,0,0,0,0,0,0,0,0,-30000,0,0,0,0,30000,-30000,-30000
060736,旺宏統一01購01  ,0,0,0,0,0,0,0,0,0,-30000,0,0,0,80000,110000,-30000,-30000
058080,台積電群益98購06,0,0,0,0,0,0,0,0,0,-30000,0,0,0,26000,56000,-30000,-30000
058383,道瓊指中信9C購02,0,0,0,0,0,0,0,0,0,-30000,0,0,0,30000,60000,-30000,-30000
062557,台光電凱基9B購02,0,0,0,0,0,0,0,0,0,-30000,0,0,0,57000,87000,-30000,-30000
063399,智原群益9B購01  ,0,0,0,0,0,0,0,0,0,-30000,0,0,0,66000,96000,-30000,-30000
063178,聯發科兆豐9B購04,0,0,0,0,0,0,0,0,0,-30000,0,0,0,15000,45000,-30000,-30000
063243,聯發科元大9B購20,0,0,0,0,0,0,0,0,0,-30000,0,0,0,9000,39000,-30000,-30000
063028,巨大元大9B購02  ,0,0,0,0,0,0,0,0,0,-30000,0,0,0,0,30000,-30000,-30000
063631,燿華元大9B購06  ,0,0,0,0,0,0,0,0,0,-30000,0,0,0,20000,50000,-30000,-30000
063585,台積電永豐9B購03,0,0,0,0,0,0,0,0,0,-30000,0,0,0,0,30000,-30000,-30000
064123,台積電元大9C購09,0,0,0,0,0,0,0,0,0,-30000,0,0,0,5000,35000,-30000,-30000
064126,聯發科元大9C購05,0,0,0,0,0,0,0,0,0,-30000,0,0,0,0,30000,-30000,-30000
1615,大山            ,4000,34000,-30000,0,0,0,0,0,0,0,0,0,0,0,0,0,-30000
1452,宏益            ,0,30000,-30000,0,0,0,0,0,0,0,0,0,0,0,0,0,-30000
08649P,聯發科元大9C售21,0,0,0,0,0,0,0,0,0,-30000,0,0,0,0,30000,-30000,-30000
08319P,台積電統一9C售11,0,0,0,0,0,0,0,0,0,-30000,0,0,0,0,30000,-30000,-30000
08413P,臻鼎凱基9C售03  ,0,0,0,0,0,0,0,0,0,-30000,0,0,0,0,30000,-30000,-30000
08423P,台積電統一9C售13,0,0,0,0,0,0,0,0,0,-30000,0,0,0,10000,40000,-30000,-30000
2208,台船            ,128000,157000,-29000,0,0,0,0,0,0,-1000,0,1000,-1000,0,0,0,-30000
2302,麗正            ,18000,48000,-30000,0,0,0,0,0,0,0,0,0,0,0,0,0,-30000
3617,碩天            ,6000,36000,-30000,0,0,0,0,0,0,0,0,0,0,0,0,0,-30000
07106P,國巨統一9B售05  ,0,0,0,0,0,0,0,0,0,-31000,0,0,0,0,31000,-31000,-31000
066150,國巨麥證01購02  ,0,0,0,3000,32000,-29000,0,0,0,-31000,0,0,0,3000,34000,-31000,-31000
066419,聯發科元大01購11,0,0,0,0,0,0,0,0,0,-31000,0,0,0,8000,39000,-31000,-31000
08002P,大毅國票9B售03  ,0,0,0,0,0,0,0,0,0,-31000,0,0,0,0,31000,-31000,-31000
08186P,泰碩永豐9B售03  ,0,0,0,0,0,0,0,0,0,-31000,0,0,0,0,31000,-31000,-31000
07782P,寶成凱基9A售02  ,0,0,0,0,0,0,0,0,0,-31000,0,0,0,0,31000,-31000,-31000
054768,泰碩國票99購02  ,0,0,0,0,0,0,0,0,0,-31000,0,0,0,254000,285000,-31000,-31000
057198,智伸科統一9B購01,0,0,0,0,0,0,0,0,0,-31000,0,0,0,0,31000,-31000,-31000
05855P,滬深2X中信9C售01,0,0,0,0,0,0,0,0,0,-31000,0,0,0,0,31000,-31000,-31000
060379,T50反1凱基9A購07,0,0,0,0,0,0,0,0,0,-31000,0,0,0,0,31000,-31000,-31000
061831,智邦凱基9B購02  ,0,0,0,0,0,0,0,0,0,-31000,0,0,0,99000,130000,-31000,-31000
061823,勤誠群益9B購01  ,0,0,0,0,0,0,0,0,0,-31000,0,0,0,24000,55000,-31000,-31000
059049,元油2X凱基9A購12,0,0,0,0,0,0,0,0,0,-31000,0,0,0,0,31000,-31000,-31000
064209,燿華凱基01購01  ,0,0,0,0,0,0,0,0,0,-31000,0,0,0,14000,45000,-31000,-31000
063729,國巨元大9C購08  ,0,0,0,0,0,0,0,0,0,-31000,0,0,0,66000,97000,-31000,-31000
06376P,上銀統一99售01  ,0,0,0,0,0,0,0,0,0,-31000,0,0,0,10000,41000,-31000,-31000
063485,巨大元大9B購04  ,0,0,0,0,0,0,0,0,0,-31000,0,0,0,124000,155000,-31000,-31000
062719,微星凱基9B購01  ,0,0,0,0,0,0,0,0,0,-31000,0,0,0,29000,60000,-31000,-31000
062720,南亞科凱基9B購03,0,0,0,0,0,0,0,0,0,-31000,0,0,0,90000,121000,-31000,-31000
5234,達興材料        ,88000,120000,-32000,0,0,0,0,0,0,1000,1000,0,1000,0,0,0,-31000
08629P,緯創凱基9C售02  ,0,0,0,0,0,0,0,0,0,-31000,0,0,0,16000,47000,-31000,-31000
08672P,聯發科統一01售09,0,0,0,0,0,0,0,0,0,-31000,0,0,0,0,31000,-31000,-31000
1414,東和            ,8000,39000,-31000,0,0,0,0,0,0,0,0,0,0,0,0,0,-31000
1708,東鹼            ,93000,124000,-31000,0,0,0,0,0,0,0,0,0,0,0,0,0,-31000
1528,恩德            ,6000,36000,-30000,0,0,0,0,0,0,-1000,0,1000,-1000,0,0,0,-31000
1732,毛寶            ,86000,119000,-33000,0,0,0,0,0,0,2000,2000,0,2000,0,0,0,-31000
07734P,台積電富邦9C售10,0,0,0,0,0,0,0,0,0,-32000,0,0,0,0,32000,-32000,-32000
08019P,緯穎國票9B售02  ,0,0,0,0,0,0,0,0,0,-32000,0,0,0,0,32000,-32000,-32000
066394,建準凱基01購01  ,0,0,0,0,0,0,0,0,0,-32000,0,0,0,0,32000,-32000,-32000
065784,正崴永豐9C購01  ,0,0,0,0,0,0,0,0,0,-32000,0,0,0,51000,83000,-32000,-32000
057239,貿聯凱基98購05  ,0,0,0,0,0,0,0,0,0,-32000,0,0,0,0,32000,-32000,-32000
053396,漢唐中信9A購01  ,0,0,0,0,0,0,0,0,0,-32000,0,0,0,0,32000,-32000,-32000
058733,同欣電永豐99購02,0,0,0,0,0,0,0,0,0,-32000,0,0,0,26000,58000,-32000,-32000
058773,和碩兆豐99購01  ,0,0,0,0,0,0,0,0,0,-32000,0,0,0,62000,94000,-32000,-32000
059886,可成國票99購04  ,0,0,0,0,0,0,0,0,0,-32000,0,0,0,49000,81000,-32000,-32000
061960,國巨統一01購05  ,0,0,0,0,0,0,0,0,0,-32000,0,0,0,43000,75000,-32000,-32000
061961,台積電統一01購02,0,0,0,0,0,0,0,0,0,-32000,0,0,0,18000,50000,-32000,-32000
061923,友達凱基9B購04  ,0,0,0,0,0,0,0,0,0,-32000,0,0,0,18000,50000,-32000,-32000
058361,美律凱基99購06  ,0,0,0,0,0,0,0,0,0,-32000,0,0,0,29000,61000,-32000,-32000
061294,奇力新麥證9A購01,0,0,0,23000,55000,-32000,0,0,0,-32000,0,0,0,23000,55000,-32000,-32000
062566,嘉晶中信9C購01  ,0,0,0,0,0,0,0,0,0,-32000,0,0,0,15000,47000,-32000,-32000
062616,玉晶光元大9C購06,0,0,0,0,0,0,0,0,0,-32000,0,0,0,157000,189000,-32000,-32000
062453,聚陽群益9C購01  ,0,0,0,0,0,0,0,0,0,-32000,0,0,0,20000,52000,-32000,-32000
063560,力山元大9B購05  ,0,0,0,0,0,0,0,0,0,-32000,0,0,0,98000,130000,-32000,-32000
062995,聚陽國票9C購01  ,0,0,0,0,0,0,0,0,0,-32000,0,0,0,0,32000,-32000,-32000
063149,聯發科元富05購02,0,0,0,0,0,0,0,0,0,-32000,0,0,0,10000,42000,-32000,-32000
063672,GIS統一9C購01   ,0,0,0,0,0,0,0,0,0,-32000,0,0,0,95000,127000,-32000,-32000
063910,漢唐凱基9C購01  ,0,0,0,0,0,0,0,0,0,-32000,0,0,0,10000,42000,-32000,-32000
08642P,華新科群益9C售06,0,0,0,0,0,0,0,0,0,-32000,0,0,0,0,32000,-32000,-32000
08375P,聯電元富9C售02  ,0,0,0,0,0,0,0,0,0,-32000,0,0,0,161000,193000,-32000,-32000
08321P,世芯永豐9C售01  ,0,0,0,0,0,0,0,0,0,-32000,0,0,0,4000,36000,-32000,-32000
08261P,玉晶光元大9C售08,10000,0,10000,0,0,0,0,0,0,-42000,0,0,0,140000,182000,-42000,-32000
065144,大立光凱基01購06,0,0,0,0,0,0,0,0,0,-33000,0,0,0,0,33000,-33000,-33000
065290,奇鋐群益9C購01  ,0,0,0,0,0,0,0,0,0,-33000,0,0,0,0,33000,-33000,-33000
066350,達麗永豐01購01  ,0,0,0,0,0,0,0,0,0,-33000,0,0,0,0,33000,-33000,-33000
066259,聯強元大01購01  ,0,0,0,0,0,0,0,0,0,-33000,0,0,0,0,33000,-33000,-33000
066073,奇鋐凱基01購01  ,0,0,0,0,0,0,0,0,0,-33000,0,0,0,5000,38000,-33000,-33000
07174P,臺股指國票99售11,0,0,0,0,0,0,0,0,0,-33000,0,0,0,0,33000,-33000,-33000
08192P,大毅國票9B售05  ,0,0,0,0,0,0,0,0,0,-33000,0,0,0,0,33000,-33000,-33000
07368P,國巨凱基99售19  ,0,0,0,0,0,0,0,0,0,-33000,0,0,0,0,33000,-33000,-33000
057729,華新科國泰99購04,0,0,0,0,0,0,0,0,0,-33000,0,0,0,155000,188000,-33000,-33000
055205,京鼎中信99購01  ,0,0,0,0,0,0,0,0,0,-33000,0,0,0,30000,63000,-33000,-33000
054480,和碩中信98購01  ,0,0,0,0,0,0,0,0,0,-33000,0,0,0,30000,63000,-33000,-33000
057618,台光電凱基99購01,0,0,0,0,0,0,0,0,0,-33000,0,0,0,53000,86000,-33000,-33000
061447,鴻海中信04購02  ,0,0,0,0,0,0,0,0,0,-33000,0,0,0,17000,50000,-33000,-33000
060945,緯穎國票9A購02  ,0,0,0,0,0,0,0,0,0,-33000,0,0,0,92000,125000,-33000,-33000
061131,崇越永豐9A購01  ,0,0,0,0,0,0,0,0,0,-33000,0,0,0,45000,78000,-33000,-33000
061913,宏碁中信9B購01  ,0,0,0,0,0,0,0,0,0,-33000,0,0,0,21000,54000,-33000,-33000
061687,大成鋼群益9A購01,0,0,0,0,0,0,0,0,0,-33000,0,0,0,69000,102000,-33000,-33000
064327,金寶元大01購01  ,0,0,0,0,0,0,0,0,0,-33000,0,0,0,198000,231000,-33000,-33000
064216,矽格凱基01購01  ,0,1000,-1000,0,0,0,0,0,0,-32000,0,0,0,39000,71000,-32000,-33000
062177,上銀元大9B購02  ,0,0,0,0,0,0,0,0,0,-33000,0,0,0,78000,111000,-33000,-33000
08372P,大立光凱基01售04,0,0,0,0,0,0,0,0,0,-33000,0,0,0,15000,48000,-33000,-33000
08388P,台灣50中信03售09,0,0,0,0,0,0,0,0,0,-33000,0,0,0,0,33000,-33000,-33000
1439,中和            ,52000,85000,-33000,0,0,0,0,0,0,0,0,0,0,0,0,0,-33000
2015,豐興            ,8000,39000,-31000,0,0,0,0,0,0,-2000,0,2000,-2000,0,0,0,-33000
2316,楠梓電          ,1698000,2239000,-541000,0,0,0,0,0,0,508000,0,35000,-35000,654000,111000,543000,-33000
2482,連宇            ,57000,90000,-33000,0,0,0,0,0,0,0,1000,1000,0,0,0,0,-33000
08055P,臺股指國票9B售20,0,0,0,0,0,0,0,0,0,-34000,0,0,0,12000,46000,-34000,-34000
066260,聯強元大01購02  ,0,0,0,0,0,0,0,0,0,-34000,0,0,0,0,34000,-34000,-34000
065103,南六元大9C購06  ,0,0,0,0,0,0,0,0,0,-34000,0,0,0,106000,140000,-34000,-34000
065229,友達凱基02購03  ,0,0,0,0,0,0,0,0,0,-34000,0,0,0,87000,121000,-34000,-34000
01001T,土銀富邦R1      ,0,0,0,0,0,0,0,0,0,-34000,0,34000,-34000,0,0,0,-34000
059869,友達凱基99購07  ,0,0,0,0,0,0,0,0,0,-34000,0,0,0,51000,85000,-34000,-34000
061203,國巨元大9A購15  ,0,0,0,0,0,0,0,0,0,-34000,0,0,0,0,34000,-34000,-34000
063899,同欣電群益9C購01,0,0,0,0,0,0,0,0,0,-34000,0,0,0,50000,84000,-34000,-34000
064143,旺宏統一01購05  ,0,0,0,0,0,0,0,0,0,-34000,0,0,0,57000,91000,-34000,-34000
2471,資通            ,106000,140000,-34000,0,0,0,0,0,0,0,0,0,0,0,0,0,-34000
2423,固緯            ,0,37000,-37000,0,0,0,0,0,0,3000,3000,0,3000,0,0,0,-34000
6209,今國光          ,3000,37000,-34000,0,0,0,0,0,0,0,0,0,0,0,0,0,-34000
3311,閎暉            ,17000,51000,-34000,0,0,0,0,0,0,0,1000,1000,0,0,0,0,-34000
08447P,緯穎永豐9C售02  ,0,0,0,0,0,0,0,0,0,-34000,0,0,0,0,34000,-34000,-34000
065070,臺股指群益9C購18,0,0,0,0,0,0,0,0,0,-35000,0,0,0,0,35000,-35000,-35000
066050,亞光元大01購01  ,0,0,0,0,0,0,0,0,0,-35000,0,0,0,874000,909000,-35000,-35000
066101,微星國票02購01  ,0,0,0,0,0,0,0,0,0,-35000,0,0,0,0,35000,-35000,-35000
066118,台郡兆豐01購01  ,0,0,0,0,0,0,0,0,0,-35000,0,0,0,3000,38000,-35000,-35000
07024P,臺股指永豐99售02,0,0,0,0,0,0,0,0,0,-35000,0,0,0,0,35000,-35000,-35000
08081P,台灣50元大9B售20,0,0,0,0,0,0,0,0,0,-35000,0,0,0,0,35000,-35000,-35000
07341P,台積電凱基99售18,0,0,0,0,0,0,0,0,0,-35000,0,0,0,85000,120000,-35000,-35000
07564P,臺股指中信01售01,0,0,0,0,0,0,0,0,0,-35000,0,0,0,0,35000,-35000,-35000
00770,國泰北美科技    ,0,0,0,0,0,0,0,0,0,-35000,0,0,0,151000,186000,-35000,-35000
054164,強茂凱基98購01  ,0,0,0,0,0,0,0,0,0,-35000,0,0,0,112000,147000,-35000,-35000
058675,康控群益9B購01  ,0,0,0,0,0,0,0,0,0,-35000,0,0,0,0,35000,-35000,-35000
061056,臺指反國票02購01,0,0,0,0,0,0,0,0,0,-35000,0,0,0,0,35000,-35000,-35000
060605,大立光凱基9C購01,0,0,0,0,0,0,0,0,0,-35000,0,0,0,5000,40000,-35000,-35000
059528,華新科凱基99購06,0,0,0,0,0,0,0,0,0,-35000,0,0,0,12000,47000,-35000,-35000
061542,旺宏群益9A購04  ,0,0,0,0,0,0,0,0,0,-35000,0,0,0,20000,55000,-35000,-35000
061838,華新科凱基05購03,0,0,0,0,0,0,0,0,0,-35000,0,0,0,116000,151000,-35000,-35000
063676,上銀國泰9C購02  ,0,0,0,0,0,0,0,0,0,-35000,0,0,0,318000,353000,-35000,-35000
06431P,新日興元大97售05,0,0,0,0,0,0,0,0,0,-35000,0,0,0,0,35000,-35000,-35000
064413,世紀鋼凱基02購01,0,0,0,0,0,0,0,0,0,-35000,0,0,0,0,35000,-35000,-35000
064594,奇力新統一01購05,0,0,0,0,0,0,0,0,0,-35000,0,0,0,0,35000,-35000,-35000
062436,國巨元大9B購14  ,0,0,0,0,0,0,0,0,0,-35000,0,0,0,0,35000,-35000,-35000
063079,儒鴻凱基9B購01  ,0,0,0,0,0,0,0,0,0,-35000,0,0,0,2000,37000,-35000,-35000
08459P,聯發科兆豐9C售04,0,0,0,0,0,0,0,0,0,-35000,0,0,0,10000,45000,-35000,-35000
08536P,台積電國票9C售08,0,0,0,0,0,0,0,0,0,-35000,0,0,0,20000,55000,-35000,-35000
08574P,聯發科凱基02售04,0,0,0,0,0,0,0,0,0,-35000,0,0,0,0,35000,-35000,-35000
08561P,台表科國票01售02,0,0,0,0,0,0,0,0,0,-35000,0,0,0,0,35000,-35000,-35000
08263P,台表科元大9C售06,0,0,0,0,0,0,0,0,0,-35000,0,0,0,500000,535000,-35000,-35000
08264P,南電元大9C售02  ,0,0,0,0,0,0,0,0,0,-35000,0,0,0,85000,120000,-35000,-35000
08313P,健策國票01售01  ,0,0,0,0,0,0,0,0,0,-35000,0,0,0,100000,135000,-35000,-35000
2496,卓越            ,0,35000,-35000,0,0,0,0,0,0,0,0,0,0,0,0,0,-35000
066349,聚碩永豐01購01  ,0,0,0,0,0,0,0,0,0,-36000,0,0,0,0,36000,-36000,-36000
065604,聯發科元大9C購17,0,0,0,0,0,0,0,0,0,-36000,0,0,0,391000,427000,-36000,-36000
065598,微星元大01購02  ,0,0,0,0,0,0,0,0,0,-36000,0,0,0,4000,40000,-36000,-36000
065701,聯發科群益9C購13,0,0,0,0,0,0,0,0,0,-36000,0,0,0,18000,54000,-36000,-36000
00666R,富邦恒生國企反1 ,0,0,0,0,0,0,0,0,0,-36000,0,0,0,188000,224000,-36000,-36000
057570,技嘉永豐98購02  ,0,0,0,0,0,0,0,0,0,-36000,0,0,0,142000,178000,-36000,-36000
056264,聯發科統一98購02,0,0,0,0,0,0,0,0,0,-36000,0,0,0,4000,40000,-36000,-36000
056646,奇鋐凱基99購02  ,0,0,0,0,0,0,0,0,0,-36000,0,0,0,0,36000,-36000,-36000
059901,滬深2X元大9C購07,0,0,0,0,0,0,0,0,0,-36000,0,0,0,0,36000,-36000,-36000
060978,國巨元大9A購13  ,0,0,0,0,0,0,0,0,0,-36000,0,0,0,32000,68000,-36000,-36000
061177,大立光凱基9A購10,0,0,0,0,0,0,0,0,0,-36000,0,0,0,33000,69000,-36000,-36000
061179,華擎凱基9A購01  ,0,0,0,0,0,0,0,0,0,-36000,0,0,0,20000,56000,-36000,-36000
061479,泰碩元大9A購02  ,0,0,0,0,0,0,0,0,0,-36000,0,0,0,1097000,1133000,-36000,-36000
063007,儒鴻元大9B購01  ,0,0,0,0,0,0,0,0,0,-36000,0,0,0,14000,50000,-36000,-36000
063224,泰鼎群益9B購02  ,0,0,0,0,0,0,0,0,0,-36000,0,0,0,0,36000,-36000,-36000
063495,台光電富邦9C購01,0,0,0,0,0,0,0,0,0,-36000,0,0,0,25000,61000,-36000,-36000
063313,南亞科群益9B購02,0,0,0,0,0,0,0,0,0,-36000,0,0,0,62000,98000,-36000,-36000
06238P,台積電元大98售07,0,0,0,0,0,0,0,0,0,-36000,0,0,0,0,36000,-36000,-36000
062414,臻鼎中信01購01  ,0,0,0,0,0,0,0,0,0,-36000,0,0,0,23000,59000,-36000,-36000
062478,牧德國票9B購03  ,0,0,0,0,0,0,0,0,0,-36000,0,0,0,0,36000,-36000,-36000
062827,神基群益9B購01  ,0,0,0,0,0,0,0,0,0,-36000,0,0,0,30000,66000,-36000,-36000
064504,玉晶光元大01購02,0,0,0,0,0,0,0,0,0,-36000,0,0,0,1000,37000,-36000,-36000
064649,同欣電凱基01購01,0,0,0,0,0,0,0,0,0,-36000,0,0,0,80000,116000,-36000,-36000
064196,健策群益01購01  ,0,0,0,0,0,0,0,0,0,-36000,0,0,0,73000,109000,-36000,-36000
064088,大立光凱基02購01,0,0,0,0,0,0,0,0,0,-36000,0,0,0,2000,38000,-36000,-36000
2450,神腦            ,3000,39000,-36000,0,0,0,0,0,0,0,0,0,0,0,0,0,-36000
3305,昇貿            ,8000,44000,-36000,0,0,0,0,0,0,0,0,0,0,0,0,0,-36000
4999,鑫禾            ,16000,48000,-32000,0,0,0,0,0,0,-4000,0,4000,-4000,0,0,0,-36000
08328P,國巨國票9C售07  ,0,0,0,0,0,0,0,0,0,-36000,0,0,0,16000,52000,-36000,-36000
1701,中化            ,535000,570000,-35000,0,0,0,0,0,0,-1000,0,1000,-1000,0,0,0,-36000
065599,台光電元大9C購05,0,0,0,0,0,0,0,0,0,-37000,0,0,0,25000,62000,-37000,-37000
066234,群光富邦04購01  ,0,0,0,0,0,0,0,0,0,-37000,0,0,0,12000,49000,-37000,-37000
07145P,為升元大99售03  ,0,0,0,0,0,0,0,0,0,-37000,0,0,0,36000,73000,-37000,-37000
06677P,牧德國票98售02  ,0,0,0,0,0,0,0,0,0,-37000,0,0,0,33000,70000,-37000,-37000
059292,華新科元富9B購02,0,0,0,0,0,0,0,0,0,-37000,0,0,0,36000,73000,-37000,-37000
057049,新日興元大98購02,0,0,0,0,0,0,0,0,0,-37000,0,0,0,212000,249000,-37000,-37000
056894,佳世達元大99購01,0,0,0,0,0,0,0,0,0,-37000,0,0,0,53000,90000,-37000,-37000
058051,同欣電元大98購03,0,0,0,0,0,0,0,0,0,-37000,0,0,0,35000,72000,-37000,-37000
059450,和大永豐99購01  ,0,0,0,0,0,0,0,0,0,-37000,0,0,0,67000,104000,-37000,-37000
058851,大立光群益99購07,0,0,0,0,0,0,0,0,0,-37000,0,0,0,5000,42000,-37000,-37000
058852,貿聯群益99購04  ,0,0,0,0,0,0,0,0,0,-37000,0,0,0,0,37000,-37000,-37000
063862,世紀鋼國泰02購01,0,0,0,0,0,0,0,0,0,-37000,0,0,0,54000,91000,-37000,-37000
064351,中租元大9C購01  ,0,0,0,0,0,0,0,0,0,-37000,0,0,0,44000,81000,-37000,-37000
064223,日電貿國票01購01,0,0,0,0,0,0,0,0,0,-37000,0,0,0,10000,47000,-37000,-37000
062476,神隆國票9B購01  ,0,0,0,0,0,0,0,0,0,-37000,0,0,0,0,37000,-37000,-37000
062363,燿華元大9B購03  ,0,0,0,0,0,0,0,0,0,-37000,0,0,0,56000,93000,-37000,-37000
062437,廣達元大9B購01  ,0,0,0,0,0,0,0,0,0,-37000,0,0,0,132000,169000,-37000,-37000
1316,上曜            ,16000,53000,-37000,0,0,0,0,0,0,0,0,0,0,0,0,0,-37000
1231,聯華食          ,6000,43000,-37000,0,0,0,0,0,0,0,0,0,0,0,0,0,-37000
08408P,臺股指元大9C售14,0,0,0,0,0,0,0,0,0,-37000,0,0,0,8000,45000,-37000,-37000
4190,佐登-KY         ,14000,51000,-37000,0,0,0,0,0,0,0,0,0,0,0,0,0,-37000
08063P,立積國票9B售03  ,0,0,0,0,0,0,0,0,0,-38000,0,0,0,0,38000,-38000,-38000
07906P,中租群益9B售02  ,0,0,0,0,0,0,0,0,0,-38000,0,0,0,30000,68000,-38000,-38000
08177P,金像電元大9B售02,0,0,0,0,0,0,0,0,0,-38000,0,0,0,303000,341000,-38000,-38000
065572,泰碩群益01購01  ,0,0,0,0,0,0,0,0,0,-38000,0,0,0,465000,503000,-38000,-38000
065635,智伸科國票01購02,0,0,0,0,0,0,0,0,0,-38000,0,0,0,0,38000,-38000,-38000
055917,禾伸堂凱基98購02,0,0,0,0,0,0,0,0,0,-38000,0,0,0,12000,50000,-38000,-38000
055817,京鼎國票99購01  ,0,0,0,0,0,0,0,0,0,-38000,0,0,0,51000,89000,-38000,-38000
06025P,臺股指元大99售02,0,0,0,0,0,0,0,0,0,-38000,0,0,0,53000,91000,-38000,-38000
056480,京鼎元大98購02  ,0,0,0,0,0,0,0,0,0,-38000,0,0,0,10000,48000,-38000,-38000
058544,FBVIX富邦9B購01 ,0,0,0,0,0,0,0,0,0,-38000,0,0,0,5000,43000,-38000,-38000
060771,滬深2X凱基9B購02,0,0,0,0,0,0,0,0,0,-38000,0,0,0,0,38000,-38000,-38000
058166,鴻海凱基9A購01  ,0,0,0,0,0,0,0,0,0,-38000,0,0,0,11000,49000,-38000,-38000
062324,上銀統一9B購04  ,0,0,0,0,0,0,0,0,0,-38000,0,0,0,67000,105000,-38000,-38000
064418,鴻海兆豐01購02  ,0,0,0,0,0,0,0,0,0,-38000,0,0,0,2000,40000,-38000,-38000
064477,南六國泰02購01  ,0,0,0,0,0,0,0,0,0,-38000,0,0,0,65000,103000,-38000,-38000
063629,台積電元大9B購08,0,0,0,0,0,0,0,0,0,-38000,0,0,0,0,38000,-38000,-38000
064141,國巨統一01購08  ,0,0,0,0,0,0,0,0,0,-38000,0,0,0,25000,63000,-38000,-38000
063914,和碩凱基9C購01  ,0,0,0,0,0,0,0,0,0,-38000,0,0,0,12000,50000,-38000,-38000
2433,互盛電          ,3000,41000,-38000,0,0,0,0,0,0,0,0,0,0,0,0,0,-38000
08399P,技嘉元富9C售02  ,0,0,0,0,0,0,0,0,0,-38000,0,0,0,0,38000,-38000,-38000
08275P,南亞科元富9C售01,0,0,0,0,0,0,0,0,0,-38000,0,0,0,104000,142000,-38000,-38000
1437,勤益控          ,5000,43000,-38000,0,0,0,0,0,0,0,0,0,0,0,0,0,-38000
1531,高林股          ,1000,38000,-37000,0,0,0,0,0,0,-1000,0,1000,-1000,0,0,0,-38000
1730,花仙子          ,13000,51000,-38000,0,0,0,0,0,0,0,0,0,0,0,0,0,-38000
065939,創意群益01購01  ,0,0,0,0,0,0,0,0,0,-39000,0,0,0,65000,104000,-39000,-39000
064875,國巨兆豐01購01  ,0,0,0,0,0,0,0,0,0,-39000,0,0,0,0,39000,-39000,-39000
08244P,同欣電凱基9C售03,0,0,0,0,0,0,0,0,0,-39000,0,0,0,19000,58000,-39000,-39000
07084P,S&P正2元富9B售02,0,0,0,0,0,0,0,0,0,-39000,0,0,0,0,39000,-39000,-39000
057894,華通元富02購02  ,0,0,0,0,0,0,0,0,0,-39000,0,0,0,1000,40000,-39000,-39000
056383,上銀國泰99購01  ,0,0,0,0,0,0,0,0,0,-39000,0,0,0,0,39000,-39000,-39000
056079,世紀鋼元大97購02,0,0,0,0,0,0,0,0,0,-39000,0,0,0,26000,65000,-39000,-39000
055679,華通凱基99購01  ,0,0,0,0,0,0,0,0,0,-39000,0,0,0,28000,67000,-39000,-39000
054633,臺股指凱基9A購02,0,0,0,0,0,0,0,0,0,-39000,0,0,0,806000,845000,-39000,-39000
054917,聯發科凱基98購05,0,0,0,0,0,0,0,0,0,-39000,0,0,0,6000,45000,-39000,-39000
058946,SGBR2X群益9B購01,0,0,0,0,0,0,0,0,0,-39000,0,0,0,76000,115000,-39000,-39000
059148,百和國票9A購01  ,0,0,0,0,0,0,0,0,0,-39000,0,0,0,23000,62000,-39000,-39000
062076,美律元大9B購02  ,0,0,0,0,0,0,0,0,0,-39000,0,0,0,0,39000,-39000,-39000
064553,臺指反群益9C購01,0,0,0,0,0,0,0,0,0,-39000,0,0,0,515000,554000,-39000,-39000
063277,大成鋼元大9B購03,0,0,0,0,0,0,0,0,0,-39000,0,0,0,2000,41000,-39000,-39000
1234,黑松            ,13000,51000,-38000,0,0,0,0,0,0,-1000,0,1000,-1000,0,0,0,-39000
2442,新美齊          ,202000,241000,-39000,0,0,0,0,0,0,0,1000,1000,0,0,0,0,-39000
2911,麗嬰房          ,6000,45000,-39000,0,0,0,0,0,0,0,0,0,0,0,0,0,-39000
4763,材料-KY         ,14000,42000,-28000,0,0,0,0,10000,-10000,-1000,0,1000,-1000,0,0,0,-39000
07225P,台積電元大99售33,0,0,0,0,0,0,0,0,0,-40000,0,0,0,0,40000,-40000,-40000
06994P,台光電凱基99售02,0,0,0,0,0,0,0,0,0,-40000,0,0,0,0,40000,-40000,-40000
06742P,可成富邦99售02  ,0,0,0,0,0,0,0,0,0,-40000,0,0,0,20000,60000,-40000,-40000
066216,南電統一03購01  ,0,0,0,0,0,0,0,0,0,-40000,0,0,0,1000,41000,-40000,-40000
066207,聯鈞統一01購02  ,0,0,0,0,0,0,0,0,0,-40000,0,0,0,4000,44000,-40000,-40000
07978P,茂林群益9B售02  ,0,0,0,0,0,0,0,0,0,-40000,0,0,0,0,40000,-40000,-40000
07392P,台積電國泰02售01,0,0,0,0,0,0,0,0,0,-40000,0,0,0,0,40000,-40000,-40000
07359P,台積電元大99售45,0,0,0,0,0,0,0,0,0,-40000,0,0,0,0,40000,-40000,-40000
07319P,台積電凱基01售02,0,0,0,0,0,0,0,0,0,-40000,0,0,0,0,40000,-40000,-40000
07249P,T50正2富邦03售02,0,0,0,0,0,0,0,0,0,-40000,0,0,0,0,40000,-40000,-40000
07786P,南電中信9C售01  ,0,0,0,0,0,0,0,0,0,-40000,0,0,0,0,40000,-40000,-40000
064807,義隆元大9C購03  ,0,0,0,0,0,0,0,0,0,-40000,0,0,0,141000,181000,-40000,-40000
065275,台灣50群益02購02,0,0,0,0,0,0,0,0,0,-40000,0,0,0,10000,50000,-40000,-40000
06594P,立積元大98售01  ,0,0,0,0,0,0,0,0,0,-40000,0,0,0,0,40000,-40000,-40000
065796,T50反1群益01購02,0,0,0,0,0,0,0,0,0,-40000,0,0,0,0,40000,-40000,-40000
065417,嘉晶國票01購02  ,0,0,0,0,0,0,0,0,0,-40000,0,0,0,1000,41000,-40000,-40000
054799,超眾群益98購01  ,0,0,0,0,0,0,0,0,0,-40000,0,0,0,0,40000,-40000,-40000
053488,中石化兆豐97購01,0,0,0,0,0,0,0,0,0,-40000,0,0,0,0,40000,-40000,-40000
053569,漢唐統一98購01  ,0,0,0,0,0,0,0,0,0,-40000,0,0,0,0,40000,-40000,-40000
02001R,富邦蘋果反一N   ,0,0,0,0,0,0,0,0,0,-40000,0,0,0,0,40000,-40000,-40000
03428B,臺股指凱基97熊18,0,0,0,0,0,0,0,0,0,-40000,0,0,0,0,40000,-40000,-40000
03433B,臺股指元大9C熊01,0,0,0,0,0,0,0,0,0,-40000,0,0,0,15000,55000,-40000,-40000
03688C,T50反1凱基03牛02,0,0,0,0,0,0,0,0,0,-40000,0,0,0,0,40000,-40000,-40000
057108,潤泰全群益98購01,0,0,0,0,0,0,0,0,0,-40000,0,0,0,10000,50000,-40000,-40000
056719,台虹永豐98購01  ,0,0,0,0,0,0,0,0,0,-40000,0,0,0,0,40000,-40000,-40000
062149,牧德國票9B購01  ,0,0,0,0,0,0,0,0,0,-40000,0,0,0,59000,99000,-40000,-40000
061617,微星群益9A購02  ,0,0,0,0,0,0,0,0,0,-40000,0,0,0,0,40000,-40000,-40000
059872,華新科凱基01購01,0,0,0,0,0,0,0,0,0,-40000,0,0,0,20000,60000,-40000,-40000
060048,元金2X凱基99購03,0,0,0,0,0,0,0,0,0,-40000,0,0,0,0,40000,-40000,-40000
058865,群創凱基01購01  ,0,0,0,0,0,0,0,0,0,-40000,0,0,0,196000,236000,-40000,-40000
059076,FBVIX元大99購04 ,0,0,0,0,0,0,0,0,0,-40000,0,0,0,40000,80000,-40000,-40000
058834,GIS永豐99購01   ,0,0,0,0,0,0,0,0,0,-40000,0,0,0,0,40000,-40000,-40000
060845,欣興國票9A購01  ,0,0,0,0,0,0,0,0,0,-40000,0,0,0,41000,81000,-40000,-40000
060899,超眾凱基9A購01  ,0,0,0,0,0,0,0,0,0,-40000,0,0,0,60000,100000,-40000,-40000
060543,鴻海凱基9B購02  ,0,0,0,0,0,0,0,0,0,-40000,0,0,0,5000,45000,-40000,-40000
062999,聯茂國票9C購01  ,0,0,0,0,0,0,0,0,0,-40000,0,0,0,57000,97000,-40000,-40000
063087,南六凱基9C購02  ,0,0,0,0,0,0,0,0,0,-40000,0,0,0,10000,50000,-40000,-40000
062456,台積電群益9B購05,0,0,0,0,0,0,0,0,0,-40000,0,0,0,10000,50000,-40000,-40000
062464,T50反1凱基9C購03,0,0,0,0,0,0,0,0,0,-40000,0,0,0,60000,100000,-40000,-40000
064566,大立光群益9C購04,0,0,0,0,0,0,0,0,0,-40000,0,0,0,1000,41000,-40000,-40000
064620,大立光元大01購03,0,0,0,0,0,0,0,0,0,-40000,0,0,0,0,40000,-40000,-40000
064249,聯發科元富06購01,0,0,0,0,0,0,0,0,0,-40000,0,0,0,246000,286000,-40000,-40000
3356,奇偶            ,146000,186000,-40000,0,0,0,0,0,0,0,0,0,0,0,0,0,-40000
2017,官田鋼          ,122000,162000,-40000,0,0,0,0,0,0,0,0,0,0,0,0,0,-40000
065971,金像電元大02購01,0,0,0,0,0,0,0,0,0,-41000,0,0,0,0,41000,-41000,-41000
066005,國巨統一03購01  ,0,0,0,0,0,0,0,0,0,-41000,0,0,0,1000,42000,-41000,-41000
066391,國巨凱基01購04  ,0,0,0,0,0,0,0,0,0,-41000,0,0,0,0,41000,-41000,-41000
07021P,台積電富邦9C售02,0,0,0,0,0,0,0,0,0,-41000,0,0,0,329000,370000,-41000,-41000
056479,玉晶光元大99購05,0,0,0,0,0,0,0,0,0,-41000,0,0,0,40000,81000,-41000,-41000
057543,華通凱基99購02  ,0,0,0,0,0,0,0,0,0,-41000,0,0,0,44000,85000,-41000,-41000
03427B,臺股指元大9A熊02,0,0,0,0,0,0,0,0,0,-41000,0,0,0,111000,152000,-41000,-41000
054785,建準群益98購01  ,0,0,0,0,0,0,0,0,0,-41000,0,0,0,156000,197000,-41000,-41000
060758,台積電元大9A購19,0,0,0,0,0,0,0,0,0,-41000,0,0,0,41000,82000,-41000,-41000
058969,亞德客永豐99購01,0,0,0,0,0,0,0,0,0,-41000,0,0,0,64000,105000,-41000,-41000
059143,國巨國票9A購04  ,0,0,0,0,0,0,0,0,0,-41000,0,0,0,41000,82000,-41000,-41000
064536,富邦金國票01購01,0,0,0,0,0,0,0,0,0,-41000,0,0,0,20000,61000,-41000,-41000
064523,聯茂群益9C購01  ,0,0,0,0,0,0,0,0,0,-41000,0,0,0,12000,53000,-41000,-41000
064698,致伸群益9C購01  ,0,0,0,0,0,0,0,0,0,-41000,0,0,0,40000,81000,-41000,-41000
063973,緯穎國票9C購01  ,0,0,0,0,0,0,0,0,0,-41000,0,0,0,42000,83000,-41000,-41000
062993,華新科群益9B購05,0,0,0,0,0,0,0,0,0,-41000,0,0,0,12000,53000,-41000,-41000
063419,聯發科凱基03購01,0,0,0,0,0,0,0,0,0,-41000,0,0,0,53000,94000,-41000,-41000
066317,英利永豐01購01  ,0,0,0,0,0,0,0,0,0,-42000,0,0,0,0,42000,-42000,-42000
07871P,台積電群益9C售02,0,0,0,0,0,0,0,0,0,-42000,0,0,0,0,42000,-42000,-42000
08062P,華擎國票9B售03  ,0,0,0,0,0,0,0,0,0,-42000,0,0,0,21000,63000,-42000,-42000
065818,奇鋐元富9C購01  ,0,0,0,0,0,0,0,0,0,-42000,0,0,0,29000,71000,-42000,-42000
065337,華通統一01購03  ,0,0,0,0,0,0,0,0,0,-42000,0,0,0,49000,91000,-42000,-42000
065097,貿聯元大9C購04  ,0,0,0,0,0,0,0,0,0,-42000,0,0,0,97000,139000,-42000,-42000
065079,致茂元大9C購01  ,0,0,0,0,0,0,0,0,0,-42000,0,0,0,56000,98000,-42000,-42000
056563,華新科群益98購04,0,0,0,0,0,0,0,0,0,-42000,0,0,0,1000,43000,-42000,-42000
062102,T50反1國票9B購07,0,0,0,0,0,0,0,0,0,-42000,0,0,0,8000,50000,-42000,-42000
058067,台積電第一9C購01,0,0,0,0,0,0,0,0,0,-42000,0,0,0,15000,57000,-42000,-42000
058634,可成兆豐99購03  ,0,0,0,0,0,0,0,0,0,-42000,0,0,0,158000,200000,-42000,-42000
063479,南六元大9B購06  ,0,0,0,0,0,0,0,0,0,-42000,0,0,0,12000,54000,-42000,-42000
063413,台積電麥證01購01,0,0,0,35000,77000,-42000,0,0,0,-42000,0,0,0,35000,77000,-42000,-42000
063001,巨大國票9B購01  ,0,0,0,0,0,0,0,0,0,-42000,0,0,0,0,42000,-42000,-42000
064507,臻鼎元大9C購02  ,0,0,0,0,0,0,0,0,0,-42000,0,0,0,123000,165000,-42000,-42000
08623P,健策群益01售04  ,0,0,0,0,0,0,0,0,0,-42000,0,0,0,18000,60000,-42000,-42000
08037P,台表科群益9B售02,0,0,0,0,0,0,0,0,0,-43000,0,0,0,54000,97000,-43000,-43000
08111P,臺股指中信01售06,0,0,0,0,0,0,0,0,0,-43000,0,0,0,0,43000,-43000,-43000
066265,精元元大01購01  ,10000,0,10000,0,0,0,0,0,0,-53000,0,0,0,2000,55000,-53000,-43000
07013P,玉晶光群益9A售06,0,0,0,0,0,0,0,0,0,-43000,0,0,0,118000,161000,-43000,-43000
066503,台積電富邦05購02,0,0,0,0,0,0,0,0,0,-43000,0,0,0,0,43000,-43000,-43000
057580,玉山金中信9A購01,0,0,0,0,0,0,0,0,0,-43000,0,0,0,2000,45000,-43000,-43000
057819,新日興元大99購01,0,0,0,0,0,0,0,0,0,-43000,0,0,0,13000,56000,-43000,-43000
05750P,臺股指群益99售04,0,0,0,0,0,0,0,0,0,-43000,0,0,0,47000,90000,-43000,-43000
057042,台積電元大98購10,0,0,0,0,0,0,0,0,0,-43000,0,0,0,53000,96000,-43000,-43000
061917,亞德客凱基9B購02,0,0,0,0,0,0,0,0,0,-43000,0,0,0,19000,62000,-43000,-43000
062004,國巨國泰9C購03  ,0,0,0,0,0,0,0,0,0,-43000,0,0,0,32000,75000,-43000,-43000
059605,臺股指元大9A購42,0,0,0,0,0,0,0,0,0,-43000,0,0,0,0,43000,-43000,-43000
064676,聚陽兆豐9C購01  ,0,0,0,0,0,0,0,0,0,-43000,0,0,0,741000,784000,-43000,-43000
064677,金像電兆豐9C購01,0,0,0,0,0,0,0,0,0,-43000,0,0,0,52000,95000,-43000,-43000
064276,聯發科元大9C購07,0,0,0,0,0,0,0,0,0,-43000,0,0,0,24000,67000,-43000,-43000
064018,儒鴻元大9C購02  ,0,0,0,0,0,0,0,0,0,-43000,0,0,0,41000,84000,-43000,-43000
063407,泰鼎國票9C購01  ,0,0,0,0,0,0,0,0,0,-43000,0,0,0,131000,174000,-43000,-43000
08424P,群創元富9C售03  ,0,0,0,0,0,0,0,0,0,-43000,0,0,0,0,43000,-43000,-43000
1714,和桐            ,703000,744000,-41000,0,0,0,0,0,0,-2000,0,2000,-2000,0,0,0,-43000
5225,東科-KY         ,24000,67000,-43000,0,0,0,0,0,0,0,0,0,0,0,0,0,-43000
5519,隆大            ,177000,220000,-43000,0,0,0,0,0,0,0,0,0,0,0,0,0,-43000
2399,映泰            ,146000,190000,-44000,0,0,0,0,0,0,1000,1000,0,1000,0,0,0,-43000
066262,華碩元大01購02  ,0,0,0,0,0,0,0,0,0,-44000,0,0,0,5000,49000,-44000,-44000
066275,台勝科元大01購01,0,0,0,0,0,0,0,0,0,-44000,0,0,0,15000,59000,-44000,-44000
066192,嘉基凱基01購01  ,0,0,0,0,0,0,0,0,0,-44000,0,0,0,12000,56000,-44000,-44000
065207,奇力新國票9C購02,0,0,0,0,0,0,0,0,0,-44000,0,0,0,0,44000,-44000,-44000
065330,億豐凱基9C購03  ,0,0,0,0,0,0,0,0,0,-44000,0,0,0,128000,172000,-44000,-44000
065693,國巨群益9C購18  ,0,0,0,0,0,0,0,0,0,-44000,0,0,0,18000,62000,-44000,-44000
057083,立積統一98購01  ,0,0,0,0,0,0,0,0,0,-44000,0,0,0,18000,62000,-44000,-44000
058988,大立光凱基9A購02,0,0,0,0,0,0,0,0,0,-44000,0,0,0,0,44000,-44000,-44000
06334P,臺股指群益9C售03,0,0,0,0,0,0,0,0,0,-44000,0,0,0,89000,133000,-44000,-44000
063174,臺股指中信01購04,0,0,0,0,0,0,0,0,0,-44000,0,0,0,5000,49000,-44000,-44000
062367,禾伸堂元大9B購02,0,0,0,0,0,0,0,0,0,-44000,0,0,0,8000,52000,-44000,-44000
064354,同欣電元大9C購05,0,0,0,0,0,0,0,0,0,-44000,0,0,0,127000,171000,-44000,-44000
2642,宅配通          ,39000,83000,-44000,0,0,0,0,0,0,0,0,0,0,0,0,0,-44000
3312,弘憶股          ,41000,85000,-44000,0,0,0,0,0,0,0,0,0,0,0,0,0,-44000
4104,佳醫            ,150000,213000,-63000,0,0,0,0,0,0,19000,3000,0,3000,19000,3000,16000,-44000
1459,聯發            ,5000,49000,-44000,0,0,0,0,0,0,0,0,0,0,0,0,0,-44000
08651P,台灣50群益02售05,0,0,0,0,0,0,0,0,0,-44000,0,0,0,0,44000,-44000,-44000
1104,環泥            ,10000,52000,-42000,0,0,0,0,0,0,-2000,0,2000,-2000,0,0,0,-44000
065163,香港反元大03購01,0,0,0,0,0,0,0,0,0,-45000,0,0,0,0,45000,-45000,-45000
06770P,台灣50第一9C售01,0,0,0,0,0,0,0,0,0,-45000,0,0,0,0,45000,-45000,-45000
06826P,臺股指國票98售02,0,0,0,0,0,0,0,0,0,-45000,0,0,0,0,45000,-45000,-45000
06827P,臺股指國票98售03,0,0,0,0,0,0,0,0,0,-45000,0,0,0,0,45000,-45000,-45000
07007P,台灣50台新01售02,0,0,0,0,0,0,0,0,0,-45000,0,0,0,0,45000,-45000,-45000
06983P,台積電國泰9A售02,0,0,0,0,0,0,0,0,0,-45000,0,0,0,80000,125000,-45000,-45000
08060P,嘉澤元大9B售01  ,0,0,0,0,0,0,0,0,0,-45000,0,0,0,0,45000,-45000,-45000
08135P,玉晶光國泰01售02,0,0,0,0,0,0,0,0,0,-45000,0,0,0,0,45000,-45000,-45000
07837P,華邦電元大9A售01,0,0,0,0,0,0,0,0,0,-45000,0,0,0,125000,170000,-45000,-45000
057041,國巨元大99購04  ,0,0,0,0,0,0,0,0,0,-45000,0,0,0,420000,465000,-45000,-45000
056144,GIS元大98購01   ,0,0,0,0,0,0,0,0,0,-45000,0,0,0,5000,50000,-45000,-45000
057902,嘉晶永豐98購02  ,0,0,0,0,0,0,0,0,0,-45000,0,0,0,15000,60000,-45000,-45000
058441,T50反1台新03購01,0,0,0,0,0,0,0,0,0,-45000,0,0,0,0,45000,-45000,-45000
060470,台勝科元大9A購03,0,0,0,0,0,0,0,0,0,-45000,0,0,0,79000,124000,-45000,-45000
055023,億光國泰98購01  ,0,0,0,0,0,0,0,0,0,-45000,0,0,0,0,45000,-45000,-45000
059726,華新科元大99購18,0,0,0,0,0,0,0,0,0,-45000,0,0,0,2000,47000,-45000,-45000
059928,道瓊銀富邦03購01,0,0,0,0,0,0,0,0,0,-45000,0,0,0,0,45000,-45000,-45000
061658,聯茂富邦9A購03  ,0,0,0,0,0,0,0,0,0,-45000,0,0,0,681000,726000,-45000,-45000
058643,T50正2富邦03購01,0,0,0,0,0,0,0,0,0,-45000,0,0,0,4000,49000,-45000,-45000
058310,大立光元大99購10,0,0,0,0,0,0,0,0,0,-45000,0,0,0,60000,105000,-45000,-45000
06037P,超眾國票98售02  ,0,0,0,0,0,0,0,0,0,-45000,0,0,0,28000,73000,-45000,-45000
058592,聯發科統一9C購01,0,0,0,0,0,0,0,0,0,-45000,0,0,0,53000,98000,-45000,-45000
064381,道瓊銀國泰02購01,0,0,0,0,0,0,0,0,0,-45000,0,0,0,65000,110000,-45000,-45000
063917,南六凱基02購01  ,0,0,0,0,0,0,0,0,0,-45000,0,0,0,35000,80000,-45000,-45000
063577,台表科元大9C購04,0,0,0,0,0,0,0,0,0,-45000,0,0,0,61000,106000,-45000,-45000
063734,可成元大9B購04  ,0,0,0,0,0,0,0,0,0,-45000,0,0,0,4000,49000,-45000,-45000
062663,聯發科群益9B購07,0,0,0,0,0,0,0,0,0,-45000,0,0,0,6000,51000,-45000,-45000
1103,嘉泥            ,74000,117000,-43000,0,0,0,0,0,0,-2000,0,2000,-2000,0,0,0,-45000
1109,信大            ,2000,47000,-45000,0,0,0,0,0,0,0,0,0,0,0,0,0,-45000
08695P,嘉晶群益01售01  ,0,0,0,0,0,0,0,0,0,-45000,0,0,0,0,45000,-45000,-45000
3532,台勝科          ,221000,335000,-114000,0,0,0,0,1000,-1000,70000,118000,0,118000,26000,74000,-48000,-45000
9941,裕融            ,29000,73000,-44000,0,0,0,0,0,0,-1000,0,1000,-1000,0,0,0,-45000
065135,和大凱基01購01  ,0,0,0,0,0,0,0,0,0,-46000,0,0,0,1000,47000,-46000,-46000
057669,嘉晶元大99購03  ,0,0,0,0,0,0,0,0,0,-46000,0,0,0,13000,59000,-46000,-46000
060469,台勝科元大9A購02,0,0,0,0,0,0,0,0,0,-46000,0,0,0,126000,172000,-46000,-46000
060288,群光元大9C購01  ,0,0,0,0,0,0,0,0,0,-46000,0,0,0,48000,94000,-46000,-46000
057446,旺宏元富02購01  ,0,0,0,0,0,0,0,0,0,-46000,0,0,0,19000,65000,-46000,-46000
061650,南電元大9A購07  ,0,0,0,0,0,0,0,0,0,-46000,0,0,0,47000,93000,-46000,-46000
061663,南六永豐9A購05  ,0,0,0,0,0,0,0,0,0,-46000,0,0,0,18000,64000,-46000,-46000
062987,祥碩中信01購01  ,0,0,0,0,0,0,0,0,0,-46000,0,0,0,6000,52000,-46000,-46000
063951,新日興元大9C購01,0,0,0,0,0,0,0,0,0,-46000,0,0,0,153000,199000,-46000,-46000
064056,GIS統一01購02   ,0,0,0,0,0,0,0,0,0,-46000,0,0,0,147000,193000,-46000,-46000
064490,金像電元大9C購02,0,0,0,0,0,0,0,0,0,-46000,0,0,0,85000,131000,-46000,-46000
4148,全宇生技-KY     ,10000,56000,-46000,0,0,0,0,0,0,0,0,0,0,0,0,0,-46000
3050,鈺德            ,39000,85000,-46000,0,0,0,0,0,0,0,0,0,0,0,0,0,-46000
4766,南寶            ,35000,81000,-46000,0,0,0,0,0,0,0,0,0,0,0,0,0,-46000
2415,錩新            ,184000,230000,-46000,0,0,0,0,0,0,0,1000,1000,0,0,0,0,-46000
2427,三商電          ,12000,58000,-46000,0,0,0,0,0,0,0,0,0,0,0,0,0,-46000
08706P,台積電統一02售04,0,0,0,0,0,0,0,0,0,-46000,0,0,0,0,46000,-46000,-46000
08541P,景碩國票01售02  ,0,0,0,0,0,0,0,0,0,-46000,0,0,0,0,46000,-46000,-46000
08544P,和碩國票01售02  ,0,0,0,0,0,0,0,0,0,-46000,0,0,0,0,46000,-46000,-46000
065334,立積國票01購02  ,0,0,0,0,0,0,0,0,0,-47000,0,0,0,63000,110000,-47000,-47000
064845,華通元富9C購02  ,0,0,0,0,0,0,0,0,0,-47000,0,0,0,22000,69000,-47000,-47000
057863,美律凱基9A購01  ,0,0,0,0,0,0,0,0,0,-47000,0,0,0,2000,49000,-47000,-47000
059921,大立光元大99購24,0,0,0,0,0,0,0,0,0,-47000,0,0,0,10000,57000,-47000,-47000
059004,嘉晶元大99購05  ,0,0,0,0,0,0,0,0,0,-47000,0,0,0,0,47000,-47000,-47000
064749,巨大國票01購01  ,0,0,0,0,0,0,0,0,0,-47000,0,0,0,14000,61000,-47000,-47000
062820,禾伸堂兆豐9B購01,0,0,0,0,0,0,0,0,0,-47000,0,0,0,82000,129000,-47000,-47000
062409,巨大永豐9B購02  ,0,0,0,0,0,0,0,0,0,-47000,0,0,0,80000,127000,-47000,-47000
5007,三星            ,3000,49000,-46000,0,0,0,0,0,0,-1000,0,1000,-1000,0,0,0,-47000
3040,遠見            ,86000,133000,-47000,0,0,0,0,0,0,0,0,0,0,0,0,0,-47000
064794,牧德國票01購01  ,0,0,0,0,0,0,0,0,0,-48000,0,0,0,26000,74000,-48000,-48000
07593P,臺股指凱基9A售08,0,0,0,0,0,0,0,0,0,-48000,0,0,0,42000,90000,-48000,-48000
057578,可成中信99購01  ,0,0,0,0,0,0,0,0,0,-48000,0,0,0,222000,270000,-48000,-48000
060409,味全永豐9A購01  ,0,0,0,0,0,0,0,0,0,-48000,0,0,0,0,48000,-48000,-48000
054959,禾伸堂元大98購01,0,0,0,0,0,0,0,0,0,-48000,0,0,0,0,48000,-48000,-48000
051375,道瓊反群益9A購01,0,0,0,0,0,0,0,0,0,-48000,0,0,0,2000,50000,-48000,-48000
060892,超眾統一9C購01  ,0,0,0,0,0,0,0,0,0,-48000,0,0,0,2000,50000,-48000,-48000
060977,亞德客元大9A購04,0,0,0,0,0,0,0,0,0,-48000,0,0,0,113000,161000,-48000,-48000
061006,新光金兆豐9A購01,0,0,0,0,0,0,0,0,0,-48000,0,0,0,72000,120000,-48000,-48000
062373,泰鼎元大9B購01  ,0,0,0,0,0,0,0,0,0,-48000,0,0,0,21000,69000,-48000,-48000
062732,南六凱基9B購03  ,0,0,0,0,0,0,0,0,0,-48000,0,0,0,11000,59000,-48000,-48000
062868,葡萄王中信9B購01,0,0,0,0,0,0,0,0,0,-48000,0,0,0,0,48000,-48000,-48000
063171,光寶科中信9B購01,0,0,0,0,0,0,0,0,0,-48000,0,0,0,0,48000,-48000,-48000
063288,泰鼎元大9B購02  ,0,0,0,0,0,0,0,0,0,-48000,0,0,0,217000,265000,-48000,-48000
064222,玉山金國票01購01,0,0,0,0,0,0,0,0,0,-48000,0,0,0,0,48000,-48000,-48000
064199,南六群益01購01  ,0,0,0,0,0,0,0,0,0,-48000,0,0,0,0,48000,-48000,-48000
2545,皇翔            ,14000,61000,-47000,0,0,0,0,0,0,-1000,0,1000,-1000,0,0,0,-48000
1463,強盛            ,1000,49000,-48000,0,0,0,0,0,0,0,0,0,0,0,0,0,-48000
3702,大聯大          ,1891314,1953114,-61800,0,0,0,0,2000,-2000,15000,29000,0,29000,41000,55000,-14000,-48800
07830P,牧德凱基9A售03  ,0,0,0,0,0,0,0,0,0,-49000,0,0,0,31000,80000,-49000,-49000
066359,潤泰新永豐01購01,0,0,0,0,0,0,0,0,0,-49000,0,0,0,0,49000,-49000,-49000
065503,燿華永豐9C購04  ,0,0,0,0,0,0,0,0,0,-49000,0,0,0,1000,50000,-49000,-49000
055730,建準元富97購02  ,0,0,0,0,0,0,0,0,0,-49000,0,0,0,0,49000,-49000,-49000
053291,旺宏中信9A購01  ,0,0,0,0,0,0,0,0,0,-49000,0,0,0,1000,50000,-49000,-49000
057407,超眾群益99購01  ,0,0,0,0,0,0,0,0,0,-49000,0,0,0,1000,50000,-49000,-49000
060611,同欣電凱基9A購02,0,0,0,0,0,0,0,0,0,-49000,0,0,0,0,49000,-49000,-49000
058014,上銀凱基99購02  ,0,0,0,0,0,0,0,0,0,-49000,0,0,0,0,49000,-49000,-49000
061339,京元電元大9A購05,0,0,0,0,0,0,0,0,0,-49000,0,0,0,273000,322000,-49000,-49000
064245,GIS統一02購02   ,0,0,0,0,0,0,0,0,0,-49000,0,0,0,1000,50000,-49000,-49000
064546,燿華凱基02購01  ,0,0,0,0,0,0,0,0,0,-49000,0,0,0,21000,70000,-49000,-49000
062319,南六凱基9B購02  ,0,0,0,0,0,0,0,0,0,-49000,0,0,0,23000,72000,-49000,-49000
1108,幸福            ,20000,67000,-47000,0,0,0,0,0,0,-2000,0,2000,-2000,0,0,0,-49000
8499,鼎炫-KY         ,72000,91000,-19000,0,0,0,0,0,0,-30000,0,30000,-30000,0,0,0,-49000
06556P,臺股指元大99售08,0,0,0,0,0,0,0,0,0,-50000,0,0,0,0,50000,-50000,-50000
064801,鴻海元大9C購13  ,0,0,0,0,0,0,0,0,0,-50000,0,0,0,11000,61000,-50000,-50000
064894,漢唐群益9C購02  ,0,0,0,0,0,0,0,0,0,-50000,0,0,0,0,50000,-50000,-50000
065150,上銀群益9C購03  ,0,0,0,0,0,0,0,0,0,-50000,0,0,0,0,50000,-50000,-50000
066362,瑞昱中信05購01  ,0,0,0,0,0,0,0,0,0,-50000,0,0,0,0,50000,-50000,-50000
066373,美利達中信01購01,0,0,0,0,0,0,0,0,0,-50000,0,0,0,0,50000,-50000,-50000
066302,卜蜂永豐01購01  ,0,0,0,0,0,0,0,0,0,-50000,0,0,0,0,50000,-50000,-50000
066271,東森元大01購01  ,0,0,0,0,0,0,0,0,0,-50000,0,0,0,0,50000,-50000,-50000
066250,大成鋼元大01購01,0,0,0,0,0,0,0,0,0,-50000,0,0,0,0,50000,-50000,-50000
066169,晶豪科凱基01購01,0,0,0,0,0,0,0,0,0,-50000,0,0,0,33000,83000,-50000,-50000
07131P,緯穎元大99售06  ,0,0,0,0,0,0,0,0,0,-50000,0,0,0,0,50000,-50000,-50000
06845P,億光元大98售02  ,0,0,0,0,0,0,0,0,0,-50000,0,0,0,0,50000,-50000,-50000
06657P,寶成元大98售01  ,0,0,0,0,0,0,0,0,0,-50000,0,0,0,0,50000,-50000,-50000
06726P,欣興元富98售04  ,0,0,0,0,0,0,0,0,0,-50000,0,0,0,0,50000,-50000,-50000
07844P,可成國票9A售01  ,0,0,0,0,0,0,0,0,0,-50000,0,0,0,10000,60000,-50000,-50000
07604P,台灣50元大9B售09,0,0,0,0,0,0,0,0,0,-50000,0,0,0,0,50000,-50000,-50000
07704P,台積電元大9A售25,0,0,0,0,0,0,0,0,0,-50000,0,0,0,100000,150000,-50000,-50000
07406P,大立光凱基99售18,0,0,0,0,0,0,0,0,0,-50000,0,0,0,0,50000,-50000,-50000
07410P,鴻海元大99售44  ,0,0,0,0,0,0,0,0,0,-50000,0,0,0,0,50000,-50000,-50000
07509P,牧德國票9A售03  ,0,0,0,0,0,0,0,0,0,-50000,0,0,0,0,50000,-50000,-50000
07580P,緯穎元大9A售03  ,0,0,0,0,0,0,0,0,0,-50000,0,0,0,0,50000,-50000,-50000
07590P,玉晶光國票9A售03,0,0,0,0,0,0,0,0,0,-50000,0,0,0,20000,70000,-50000,-50000
07535P,上銀元富9A售03  ,0,0,0,0,0,0,0,0,0,-50000,0,0,0,0,50000,-50000,-50000
08155P,聯發科元富9B售05,0,0,0,0,0,0,0,0,0,-50000,0,0,0,0,50000,-50000,-50000
08168P,金像電群益9B售03,0,0,0,0,0,0,0,0,0,-50000,0,0,0,20000,70000,-50000,-50000
08059P,京鼎元大9B售02  ,0,0,0,0,0,0,0,0,0,-50000,0,0,0,50000,100000,-50000,-50000
057621,崇越凱基98購01  ,0,0,0,0,0,0,0,0,0,-50000,0,0,0,20000,70000,-50000,-50000
057810,技嘉元大98購06  ,0,0,0,0,0,0,0,0,0,-50000,0,0,0,0,50000,-50000,-50000
057872,旺宏元大99購06  ,0,0,0,0,0,0,0,0,0,-50000,0,0,0,0,50000,-50000,-50000
056066,奇鋐元大98購02  ,0,0,0,0,0,0,0,0,0,-50000,0,0,0,0,50000,-50000,-50000
056944,鴻海統一98購11  ,0,0,0,0,0,0,0,0,0,-50000,0,0,0,5000,55000,-50000,-50000
060388,世紀鋼凱基9B購01,0,0,0,0,0,0,0,0,0,-50000,0,0,0,0,50000,-50000,-50000
060456,正隆元大9A購01  ,0,0,0,0,0,0,0,0,0,-50000,0,0,0,130000,180000,-50000,-50000
060258,T50反1凱基9A購06,0,0,0,0,0,0,0,0,0,-50000,0,0,0,0,50000,-50000,-50000
059242,南亞科凱基99購06,0,0,0,0,0,0,0,0,0,-50000,0,0,0,73000,123000,-50000,-50000
057106,美律群益98購03  ,0,0,0,0,0,0,0,0,0,-50000,0,0,0,0,50000,-50000,-50000
057164,國巨元大98購14  ,0,0,0,0,0,0,0,0,0,-50000,0,0,0,2000,52000,-50000,-50000
056462,訊芯凱基98購03  ,0,0,0,0,0,0,0,0,0,-50000,0,0,0,0,50000,-50000,-50000
056664,上証反中信9B購01,0,0,0,0,0,0,0,0,0,-50000,0,0,0,0,50000,-50000,-50000
053660,群創凱基98購08  ,0,0,0,0,0,0,0,0,0,-50000,0,0,0,24000,74000,-50000,-50000
055575,華新科統一98購01,0,0,0,0,0,0,0,0,0,-50000,0,0,0,0,50000,-50000,-50000
055999,電子類富邦99購01,0,0,0,0,0,0,0,0,0,-50000,0,0,0,0,50000,-50000,-50000
055245,凱美統一99購01  ,0,0,0,0,0,0,0,0,0,-50000,0,0,0,0,50000,-50000,-50000
057235,亞光凱基98購04  ,0,0,0,0,0,0,0,0,0,-50000,0,0,0,0,50000,-50000,-50000
058703,台積電元大99購16,0,0,0,0,0,0,0,0,0,-50000,0,0,0,0,50000,-50000,-50000
059378,台光電群益9B購01,0,0,0,0,0,0,0,0,0,-50000,0,0,0,0,50000,-50000,-50000
058515,健鼎元大99購01  ,0,0,0,0,0,0,0,0,0,-50000,0,0,0,20000,70000,-50000,-50000
060339,國巨統一01購01  ,0,0,0,0,0,0,0,0,0,-50000,0,0,0,0,50000,-50000,-50000
061164,燿華兆豐9B購01  ,0,0,0,0,0,0,0,0,0,-50000,0,0,0,0,50000,-50000,-50000
058835,元油2X中信9C購02,0,0,0,0,0,0,0,0,0,-50000,0,0,0,0,50000,-50000,-50000
059855,緯穎永豐99購04  ,0,0,0,0,0,0,0,0,0,-50000,0,0,0,0,50000,-50000,-50000
059852,康控永豐99購02  ,0,0,0,0,0,0,0,0,0,-50000,0,0,0,65000,115000,-50000,-50000
061637,華新科元大9A購22,0,0,0,0,0,0,0,0,0,-50000,0,0,0,0,50000,-50000,-50000
062072,國巨元大9B購05  ,0,0,0,0,0,0,0,0,0,-50000,0,0,0,2000,52000,-50000,-50000
062130,T50反1群益9B購01,0,0,0,0,0,0,0,0,0,-50000,0,0,0,0,50000,-50000,-50000
062604,東元凱基9B購01  ,0,0,0,0,0,0,0,0,0,-50000,0,0,0,50000,100000,-50000,-50000
063314,美律群益9B購01  ,0,0,0,0,0,0,0,0,0,-50000,0,0,0,0,50000,-50000,-50000
06332P,世紀鋼群益98售01,0,0,0,0,0,0,0,0,0,-50000,0,0,0,0,50000,-50000,-50000
063469,牧德元大9C購02  ,0,0,0,0,0,0,0,0,0,-50000,0,0,0,0,50000,-50000,-50000
063160,牧德富邦9C購02  ,0,0,0,0,0,0,0,0,0,-50000,0,0,0,10000,60000,-50000,-50000
064417,創意中信9C購01  ,0,0,0,0,0,0,0,0,0,-50000,0,0,0,20000,70000,-50000,-50000
064065,大立光富邦02購02,0,0,0,0,0,0,0,0,0,-50000,0,0,0,1000,51000,-50000,-50000
063556,儒鴻元大9B購02  ,0,0,0,0,0,0,0,0,0,-50000,0,0,0,110000,160000,-50000,-50000
063603,友達凱基9B購05  ,0,0,0,0,0,0,0,0,0,-50000,0,0,0,81000,131000,-50000,-50000
08686P,臺股指凱基03售03,0,0,0,0,0,0,0,0,0,-50000,0,0,0,0,50000,-50000,-50000
08677P,超眾群益01售02  ,0,0,0,0,0,0,0,0,0,-50000,0,0,0,0,50000,-50000,-50000
08578P,TPK元大9C售04   ,0,0,0,0,0,0,0,0,0,-50000,0,0,0,0,50000,-50000,-50000
08512P,玉晶光永豐9C售06,0,0,0,0,0,0,0,0,0,-50000,0,0,0,0,50000,-50000,-50000
08344P,旺宏元大01售02  ,0,0,0,0,0,0,0,0,0,-50000,0,0,0,0,50000,-50000,-50000
2524,京城            ,32000,82000,-50000,0,0,0,0,0,0,0,1000,1000,0,0,0,0,-50000
07898P,國巨國泰9C售02  ,0,0,0,0,0,0,0,0,0,-51000,0,0,0,61000,112000,-51000,-51000
06906P,國巨國泰99售01  ,0,0,0,0,0,0,0,0,0,-51000,0,0,0,10000,61000,-51000,-51000
065426,台積電凱基01購09,0,0,0,0,0,0,0,0,0,-51000,0,0,0,120000,171000,-51000,-51000
053919,可成國票97購02  ,0,0,0,0,0,0,0,0,0,-51000,0,0,0,32000,83000,-51000,-51000
054258,牧德元大97購01  ,0,0,0,0,0,0,0,0,0,-51000,0,0,0,0,51000,-51000,-51000
060471,台勝科元大9B購01,0,0,0,0,0,0,0,0,0,-51000,0,0,0,8000,59000,-51000,-51000
064543,華通凱基02購02  ,0,0,0,0,0,0,0,0,0,-51000,0,0,0,20000,71000,-51000,-51000
064657,和大元大9C購02  ,0,0,0,0,0,0,0,0,0,-51000,0,0,0,0,51000,-51000,-51000
062992,聯發科群益9B購09,0,0,0,0,0,0,0,0,0,-51000,0,0,0,4000,55000,-51000,-51000
063089,巨大凱基9C購01  ,0,0,0,0,0,0,0,0,0,-51000,0,0,0,0,51000,-51000,-51000
063561,上銀元大9B購08  ,0,0,0,0,0,0,0,0,0,-51000,0,0,0,21000,72000,-51000,-51000
062331,大立光統一9B購10,0,0,0,0,0,0,0,0,0,-51000,0,0,0,0,51000,-51000,-51000
062538,台積電國泰9C購02,0,0,0,0,0,0,0,0,0,-51000,0,0,0,42000,93000,-51000,-51000
2527,宏璟            ,7000,58000,-51000,0,0,0,0,0,0,0,0,0,0,0,0,0,-51000
2374,佳能            ,23000,74000,-51000,0,0,0,0,0,0,0,0,0,0,0,0,0,-51000
6491,晶碩            ,88000,140000,-52000,0,0,0,10000,0,10000,-9000,0,9000,-9000,0,0,0,-51000
065702,聯發科群益9C購14,0,0,0,0,0,0,0,0,0,-52000,0,0,0,63000,115000,-52000,-52000
06582P,可成凱基98售06  ,0,0,0,0,0,0,0,0,0,-52000,0,0,0,0,52000,-52000,-52000
065727,冠德凱基9C購01  ,0,0,0,0,0,0,0,0,0,-52000,0,0,0,245000,297000,-52000,-52000
065002,致茂國票01購01  ,0,0,0,0,0,0,0,0,0,-52000,0,0,0,70000,122000,-52000,-52000
051266,國巨富邦99購01  ,0,0,0,0,0,0,0,0,0,-52000,0,0,0,94000,146000,-52000,-52000
05889P,群創元大98售02  ,0,0,0,0,0,0,0,0,0,-52000,0,0,0,71000,123000,-52000,-52000
064503,日電貿元大9C購01,0,0,0,0,0,0,0,0,0,-52000,0,0,0,138000,190000,-52000,-52000
063587,漢唐永豐9B購02  ,0,0,0,0,0,0,0,0,0,-52000,0,0,0,16000,68000,-52000,-52000
5607,遠雄港          ,107000,158000,-51000,0,0,0,0,0,0,-1000,0,1000,-1000,0,0,0,-52000
08429P,台達電凱基9C售01,0,0,0,0,0,0,0,0,0,-52000,0,0,0,126000,178000,-52000,-52000
08563P,金像電元富9C售03,0,0,0,0,0,0,0,0,0,-52000,0,0,0,58000,110000,-52000,-52000
064874,和大兆豐9C購01  ,0,0,0,0,0,0,0,0,0,-53000,0,0,0,76000,129000,-53000,-53000
065310,華擎國票01購01  ,0,0,0,0,0,0,0,0,0,-53000,0,0,0,140000,193000,-53000,-53000
06928P,鴻海元大99售10  ,0,0,0,0,0,0,0,0,0,-53000,0,0,0,0,53000,-53000,-53000
07005P,台積電統一9B售05,0,0,0,0,0,0,0,0,0,-53000,0,0,0,0,53000,-53000,-53000
07069P,欣興元富99售02  ,0,0,0,0,0,0,0,0,0,-53000,0,0,0,26000,79000,-53000,-53000
06836P,玉晶光國票99售06,0,0,0,0,0,0,0,0,0,-53000,0,0,0,230000,283000,-53000,-53000
066056,聯鈞元大01購02  ,0,0,0,0,0,0,0,0,0,-53000,0,0,0,5000,58000,-53000,-53000
07672P,南電元大9A售05  ,0,0,0,0,0,0,0,0,0,-53000,0,0,0,0,53000,-53000,-53000
054634,FB上証中信99購01,0,0,0,0,0,0,0,0,0,-53000,0,0,0,0,53000,-53000,-53000
059040,訊芯群益99購03  ,0,0,0,0,0,0,0,0,0,-53000,0,0,0,8000,61000,-53000,-53000
061728,華新科麥證9A購02,0,0,0,0,53000,-53000,0,0,0,-53000,0,0,0,0,53000,-53000,-53000
063890,正隆群益9C購01  ,0,0,0,0,0,0,0,0,0,-53000,0,0,0,36000,89000,-53000,-53000
08543P,世芯國票01售02  ,0,0,0,0,0,0,0,0,0,-53000,0,0,0,10000,63000,-53000,-53000
08555P,超眾國票01售01  ,0,0,0,0,0,0,0,0,0,-53000,0,0,0,0,53000,-53000,-53000
08595P,南電群益9C售03  ,0,0,0,0,0,0,0,0,0,-53000,0,0,0,23000,76000,-53000,-53000
08452P,智邦台新9C售05  ,0,0,0,0,0,0,0,0,0,-53000,0,0,0,56000,109000,-53000,-53000
08331P,義隆元富9C售02  ,0,0,0,0,0,0,0,0,0,-53000,0,0,0,22000,75000,-53000,-53000
08326P,臺股指凱基9C售09,0,0,0,0,0,0,0,0,0,-53000,0,0,0,0,53000,-53000,-53000
1507,永大            ,21000,73000,-52000,0,0,0,0,0,0,-1000,0,1000,-1000,0,0,0,-53000
08199P,大毅元大9B售02  ,0,0,0,0,0,0,0,0,0,-54000,0,0,0,0,54000,-54000,-54000
066304,聯華永豐01購01  ,0,0,0,0,0,0,0,0,0,-54000,0,0,0,0,54000,-54000,-54000
066323,精元永豐01購01  ,0,0,0,0,0,0,0,0,0,-54000,0,0,0,0,54000,-54000,-54000
066361,微星中信05購01  ,0,0,0,0,0,0,0,0,0,-54000,0,0,0,0,54000,-54000,-54000
064931,南六統一9C購05  ,0,0,0,0,0,0,0,0,0,-54000,0,0,0,10000,64000,-54000,-54000
065915,聯發科凱基01購09,0,0,0,0,0,0,0,0,0,-54000,0,0,0,0,54000,-54000,-54000
065641,台積電元大9C購12,0,0,0,0,0,0,0,0,0,-54000,0,0,0,285000,339000,-54000,-54000
065476,聯發科元大9C購14,0,0,0,0,0,0,0,0,0,-54000,0,0,0,39000,93000,-54000,-54000
056803,群創台新99購02  ,0,0,0,0,0,0,0,0,0,-54000,0,0,0,0,54000,-54000,-54000
060305,得力永豐9A購01  ,0,0,0,0,0,0,0,0,0,-54000,0,0,0,10000,64000,-54000,-54000
057940,和大國票99購01  ,0,0,0,0,0,0,0,0,0,-54000,0,0,0,1000,55000,-54000,-54000
058116,正崴中信99購02  ,0,0,0,0,0,0,0,0,0,-54000,0,0,0,221000,275000,-54000,-54000
062379,致新元大9B購01  ,0,0,0,0,0,0,0,0,0,-54000,0,0,0,233000,287000,-54000,-54000
063015,微星元大9B購01  ,0,0,0,0,0,0,0,0,0,-54000,0,0,0,6000,60000,-54000,-54000
065967,國巨元大01購07  ,0,0,0,0,0,0,0,0,0,-55000,0,0,0,101000,156000,-55000,-55000
066132,精元群益01購01  ,0,0,0,0,0,0,0,0,0,-55000,0,0,0,0,55000,-55000,-55000
066195,臺股指凱基03購04,0,0,0,0,0,0,0,0,0,-55000,0,0,0,0,55000,-55000,-55000
08241P,微星中信06售01  ,0,0,0,0,0,0,0,0,0,-55000,0,0,0,0,55000,-55000,-55000
057231,美律凱基98購05  ,0,0,0,0,0,0,0,0,0,-55000,0,0,0,43000,98000,-55000,-55000
049615,香港2X群益98購01,0,0,0,0,0,0,0,0,0,-55000,0,0,0,0,55000,-55000,-55000
055809,T50反1國票98購02,0,0,0,0,0,0,0,0,0,-55000,0,0,0,0,55000,-55000,-55000
061223,T50反1中信01購01,0,0,0,0,0,0,0,0,0,-55000,0,0,0,0,55000,-55000,-55000
061489,高鐵兆豐9A購01  ,0,0,0,0,0,0,0,0,0,-55000,0,0,0,26000,81000,-55000,-55000
061843,億豐凱基9C購01  ,0,0,0,0,0,0,0,0,0,-55000,0,0,0,86000,141000,-55000,-55000
063055,創意統一9B購02  ,0,0,0,0,0,0,0,0,0,-55000,0,0,0,9000,64000,-55000,-55000
063009,國巨元大9B購18  ,0,0,0,0,0,0,0,0,0,-55000,0,0,0,2000,57000,-55000,-55000
064089,新日興凱基02購01,0,0,0,0,0,0,0,0,0,-55000,0,0,0,102000,157000,-55000,-55000
064610,儒鴻元大9C購03  ,0,0,0,0,0,0,0,0,0,-55000,0,0,0,17000,72000,-55000,-55000
1733,五鼎            ,33000,90000,-57000,0,0,0,0,0,0,2000,2000,0,2000,0,0,0,-55000
2850,新產            ,10000,65000,-55000,0,0,0,0,0,0,0,0,0,0,0,0,0,-55000
2476,鉅祥            ,9000,64019,-55019,0,0,0,0,0,0,0,0,0,0,0,0,0,-55019
08004P,大毅永豐9B售02  ,0,0,0,0,0,0,0,0,0,-56000,0,0,0,0,56000,-56000,-56000
06675P,國巨國票99售02  ,0,0,0,0,0,0,0,0,0,-56000,0,0,0,0,56000,-56000,-56000
065936,聯發科群益02購01,0,0,0,0,0,0,0,0,0,-56000,0,0,0,0,56000,-56000,-56000
064901,牧德群益9C購01  ,0,0,0,0,0,0,0,0,0,-56000,0,0,0,0,56000,-56000,-56000
062085,同欣電元大9B購01,0,0,0,0,0,0,0,0,0,-56000,0,0,0,0,56000,-56000,-56000
059003,中壽元大99購01  ,0,0,0,0,0,0,0,0,0,-56000,0,0,0,0,56000,-56000,-56000
064170,儒鴻元富9C購01  ,0,0,0,0,0,0,0,0,0,-56000,0,0,0,1000,57000,-56000,-56000
063935,上証2X元大9C購05,0,0,0,0,0,0,0,0,0,-56000,0,0,0,2000,58000,-56000,-56000
062368,聯詠元大9B購01  ,0,0,0,0,0,0,0,0,0,-56000,0,0,0,90000,146000,-56000,-56000
1806,冠軍            ,25000,81000,-56000,0,0,0,0,0,0,0,0,0,0,0,0,0,-56000
2030,彰源            ,0,56000,-56000,0,0,0,0,0,0,0,0,0,0,0,0,0,-56000
08451P,南六統一9C售06  ,0,50000,-50000,0,0,0,0,0,0,-6000,0,0,0,65000,71000,-6000,-56000
065061,聯發科群益9C購08,0,0,0,0,0,0,0,0,0,-57000,0,0,0,9000,66000,-57000,-57000
065289,冠德群益9C購01  ,0,0,0,0,0,0,0,0,0,-57000,0,0,0,37000,94000,-57000,-57000
06761P,台積電元大99售05,0,0,0,0,0,0,0,0,0,-57000,0,0,0,0,57000,-57000,-57000
055713,國巨元大98購09  ,0,0,0,0,0,0,0,0,0,-57000,0,0,0,10000,67000,-57000,-57000
06105P,國巨國票98售02  ,0,0,0,0,0,0,0,0,0,-57000,0,0,0,45000,102000,-57000,-57000
062648,聯茂富邦9B購01  ,0,0,0,0,0,0,0,0,0,-57000,0,0,0,147000,204000,-57000,-57000
063003,滬深2X元大9B購06,0,0,0,0,0,0,0,0,0,-57000,0,0,0,0,57000,-57000,-57000
06327P,台積電中信01售01,0,0,0,0,0,0,0,0,0,-57000,0,0,0,14000,71000,-57000,-57000
8033,雷虎            ,43000,100000,-57000,0,0,0,0,0,0,0,0,0,0,0,0,0,-57000
9933,中鼎            ,235000,282000,-47000,0,0,0,0,0,0,-10000,0,1000,-1000,25000,34000,-9000,-57000
08132P,南六元大9B售05  ,0,0,0,0,0,0,0,0,0,-58000,0,0,0,138000,196000,-58000,-58000
057944,新日興國票99購02,0,0,0,0,0,0,0,0,0,-58000,0,0,0,46000,104000,-58000,-58000
057105,致茂群益9A購01  ,0,0,0,0,0,0,0,0,0,-58000,0,0,0,31000,89000,-58000,-58000
057812,友達元大9A購05  ,0,0,0,0,0,0,0,0,0,-58000,0,0,0,231000,289000,-58000,-58000
061041,南電永豐9A購03  ,0,0,0,0,0,0,0,0,0,-58000,0,0,0,0,58000,-58000,-58000
060999,國巨兆豐9A購01  ,0,0,0,0,0,0,0,0,0,-58000,0,0,0,511000,569000,-58000,-58000
061104,華新科元大9A購13,0,0,0,0,0,0,0,0,0,-58000,0,0,0,10000,68000,-58000,-58000
061212,聯鈞元大9A購04  ,0,0,0,0,0,0,0,0,0,-58000,0,0,0,150000,208000,-58000,-58000
058883,旭富永豐99購01  ,0,0,0,0,0,0,0,0,0,-58000,0,0,0,10000,68000,-58000,-58000
063772,智邦富邦9B購02  ,0,0,0,0,0,0,0,0,0,-58000,0,0,0,173000,231000,-58000,-58000
064511,GIS元大9C購05   ,0,0,0,0,0,0,0,0,0,-58000,0,0,0,58000,116000,-58000,-58000
064363,聯發科統一9C購14,0,0,0,0,0,0,0,0,0,-58000,0,0,0,65000,123000,-58000,-58000
3518,柏騰            ,93000,152000,-59000,0,0,0,0,0,0,1000,1000,0,1000,0,0,0,-58000
065789,泰碩永豐9C購02  ,0,0,0,0,0,0,0,0,0,-59000,0,0,0,154000,213000,-59000,-59000
065633,聯發科國票01購02,0,0,0,0,0,0,0,0,0,-59000,0,0,0,3000,62000,-59000,-59000
056983,大立光群益99購02,0,0,0,0,0,0,0,0,0,-59000,0,0,0,157000,216000,-59000,-59000
052890,FB上証群益9B購01,0,0,0,0,0,0,0,0,0,-59000,0,0,0,94000,153000,-59000,-59000
055966,茂林元大99購01  ,0,0,0,0,0,0,0,0,0,-59000,0,0,0,1000,60000,-59000,-59000
059644,茂林凱基99購03  ,0,0,0,0,0,0,0,0,0,-59000,0,0,0,10000,69000,-59000,-59000
062042,台勝科凱基9C購01,0,0,0,0,0,0,0,0,0,-59000,0,0,0,0,59000,-59000,-59000
063633,金像電元大9B購05,0,0,0,0,0,0,0,0,0,-59000,0,0,0,4000,63000,-59000,-59000
062552,南電永豐9B購01  ,0,0,0,0,0,0,0,0,0,-59000,0,0,0,226000,285000,-59000,-59000
062448,健策元大9C購04  ,0,0,0,0,0,0,0,0,0,-59000,0,0,0,120000,179000,-59000,-59000
6525,捷敏-KY         ,44000,103000,-59000,0,0,0,0,0,0,0,0,0,0,0,0,0,-59000
065439,台積電麥證9C購01,0,0,0,75000,135000,-60000,0,0,0,-60000,0,0,0,75000,135000,-60000,-60000
065500,健鼎富邦01購01  ,0,0,0,0,0,0,0,0,0,-60000,0,0,0,0,60000,-60000,-60000
065241,南電凱基01購02  ,0,0,0,0,0,0,0,0,0,-60000,0,0,0,268000,328000,-60000,-60000
06479P,聯發科中信99售02,0,0,0,0,0,0,0,0,0,-60000,0,0,0,0,60000,-60000,-60000
08014P,微星凱基9B售02  ,0,0,0,0,0,0,0,0,0,-60000,0,0,0,0,60000,-60000,-60000
08026P,臺股指凱基9B售12,0,0,0,0,0,0,0,0,0,-60000,0,0,0,0,60000,-60000,-60000
07720P,臺股指群益9A售09,0,0,0,0,0,0,0,0,0,-60000,0,0,0,0,60000,-60000,-60000
07312P,台灣50元大99售10,0,0,0,0,0,0,0,0,0,-60000,0,0,0,0,60000,-60000,-60000
06846P,美律元大98售05  ,0,0,0,0,0,0,0,0,0,-60000,0,0,0,0,60000,-60000,-60000
06880P,鈺齊凱基98售03  ,0,0,0,0,0,0,0,0,0,-60000,0,0,0,12000,72000,-60000,-60000
066477,鴻海元富07購01  ,0,0,0,0,0,0,0,0,0,-60000,0,0,0,0,60000,-60000,-60000
07103P,南電元大99售04  ,0,0,0,0,0,0,0,0,0,-60000,0,0,0,0,60000,-60000,-60000
06997P,台灣50中信03售01,0,0,0,0,0,0,0,0,0,-60000,0,0,0,0,60000,-60000,-60000
07053P,台灣50兆豐01售01,0,0,0,0,0,0,0,0,0,-60000,0,0,0,0,60000,-60000,-60000
066014,嘉晶元富07購01  ,0,0,0,0,0,0,0,0,0,-60000,0,0,0,25000,85000,-60000,-60000
066242,惠特富邦03購01  ,0,0,0,0,0,0,0,0,0,-60000,0,0,0,30000,90000,-60000,-60000
054569,GIS群益98購01   ,0,0,0,0,0,0,0,0,0,-60000,0,0,0,30000,90000,-60000,-60000
056783,國巨群益99購01  ,0,0,0,0,0,0,0,0,0,-60000,0,0,0,12000,72000,-60000,-60000
055439,台表科國票98購02,0,0,0,0,0,0,0,0,0,-60000,0,0,0,2000,62000,-60000,-60000
055716,致茂元大97購01  ,0,0,0,0,0,0,0,0,0,-60000,0,0,0,0,60000,-60000,-60000
056386,TPK國泰99購01   ,0,0,0,0,0,0,0,0,0,-60000,0,0,0,50000,110000,-60000,-60000
056409,麗豐國票99購01  ,0,0,0,0,0,0,0,0,0,-60000,0,0,0,0,60000,-60000,-60000
057169,微星元大98購01  ,0,0,0,0,0,0,0,0,0,-60000,0,0,0,14000,74000,-60000,-60000
058428,大立光元富99購02,0,0,0,0,0,0,0,0,0,-60000,0,0,0,33000,93000,-60000,-60000
058472,亞德客凱基9A購01,0,0,0,0,0,0,0,0,0,-60000,0,0,0,335000,395000,-60000,-60000
061587,美律富邦9A購02  ,0,0,0,0,0,0,0,0,0,-60000,0,0,0,10000,70000,-60000,-60000
059530,華新科凱基9A購05,0,0,0,0,0,0,0,0,0,-60000,0,0,0,10000,70000,-60000,-60000
05957P,友達國票97售04  ,0,0,0,0,0,0,0,0,0,-60000,0,0,0,0,60000,-60000,-60000
060988,華新科元大9A購12,0,0,0,0,0,0,0,0,0,-60000,0,0,0,102000,162000,-60000,-60000
060710,上銀永豐9A購01  ,0,0,0,0,0,0,0,0,0,-60000,0,0,0,10000,70000,-60000,-60000
058642,旺宏麥證9A購01  ,0,0,0,0,60000,-60000,0,0,0,-60000,0,0,0,0,60000,-60000,-60000
061258,華通凱基9A購06  ,0,0,0,0,0,0,0,0,0,-60000,0,0,0,1000,61000,-60000,-60000
061335,國巨元大9A購19  ,0,0,0,0,0,0,0,0,0,-60000,0,0,0,0,60000,-60000,-60000
058706,聯鈞元大9C購01  ,0,0,0,0,0,0,0,0,0,-60000,0,0,0,73000,133000,-60000,-60000
062527,美律統一01購01  ,0,0,0,0,0,0,0,0,0,-60000,0,0,0,5000,65000,-60000,-60000
063496,儒鴻永豐9B購01  ,0,0,0,0,0,0,0,0,0,-60000,0,0,0,0,60000,-60000,-60000
064364,高鐵統一9C購02  ,0,0,0,0,0,0,0,0,0,-60000,0,0,0,70000,130000,-60000,-60000
6668,中揚光          ,94000,157000,-63000,0,0,0,0,0,0,3000,6000,3000,3000,0,0,0,-60000
3653,健策            ,449000,453000,-4000,0,0,0,0,37000,-37000,-19000,1000,41000,-40000,67000,46000,21000,-60000
6141,柏承            ,439000,499000,-60000,0,0,0,0,0,0,0,0,0,0,0,0,0,-60000
2468,華經            ,91000,151000,-60000,0,0,0,0,0,0,0,0,0,0,0,0,0,-60000
2466,冠西電          ,6000,67000,-61000,0,0,0,0,0,0,1000,1000,0,1000,0,0,0,-60000
08473P,康控凱基9C售01  ,0,0,0,0,0,0,0,0,0,-60000,0,0,0,0,60000,-60000,-60000
2009,第一銅          ,15000,74000,-59000,0,0,0,0,0,0,-1000,0,1000,-1000,0,0,0,-60000
06904P,TPK凱基98售03   ,0,0,0,0,0,0,0,0,0,-61000,0,0,0,0,61000,-61000,-61000
057912,美律日盛99購01  ,0,0,0,0,0,0,0,0,0,-61000,0,0,0,44000,105000,-61000,-61000
057878,台郡元大99購04  ,0,0,0,0,0,0,0,0,0,-61000,0,0,0,70000,131000,-61000,-61000
059174,訊芯凱基99購01  ,0,0,0,0,0,0,0,0,0,-61000,0,0,0,113000,174000,-61000,-61000
064478,聚陽富邦01購01  ,0,0,0,0,0,0,0,0,0,-61000,0,0,0,90000,151000,-61000,-61000
064748,力成國票01購01  ,0,0,0,0,0,0,0,0,0,-61000,0,0,0,38000,99000,-61000,-61000
063699,國巨群益9B購07  ,0,0,0,0,0,0,0,0,0,-61000,0,0,0,15000,76000,-61000,-61000
063209,巨大統一01購01  ,0,0,0,0,0,0,0,0,0,-61000,0,0,0,653000,714000,-61000,-61000
9943,好樂迪          ,71000,132000,-61000,0,0,0,0,0,0,0,0,0,0,0,0,0,-61000
06599P,宏達電永豐98售02,0,0,0,0,0,0,0,0,0,-62000,0,0,0,0,62000,-62000,-62000
056202,國揚永豐97購01  ,0,0,0,0,0,0,0,0,0,-62000,0,0,0,10000,72000,-62000,-62000
03449B,臺股指元大01熊01,0,0,0,0,0,0,0,0,0,-62000,0,0,0,53000,115000,-62000,-62000
060158,廣達永豐9A購01  ,0,0,0,0,0,0,0,0,0,-62000,0,0,0,318000,380000,-62000,-62000
062034,同欣電群益9B購01,0,0,0,0,0,0,0,0,0,-62000,0,0,0,89000,151000,-62000,-62000
062120,國巨台新9B購01  ,0,0,0,0,0,0,0,0,0,-62000,0,0,0,68000,130000,-62000,-62000
062159,聯詠凱基9B購01  ,0,0,0,0,0,0,0,0,0,-62000,0,0,0,22000,84000,-62000,-62000
060383,葡萄王凱基9A購01,0,0,0,0,0,0,0,0,0,-62000,0,0,0,3000,65000,-62000,-62000
061113,南電元大9A購03  ,0,0,0,0,0,0,0,0,0,-62000,0,0,0,30000,92000,-62000,-62000
063115,台積電麥證9B購02,0,0,0,73000,135000,-62000,0,0,0,-62000,0,0,0,73000,135000,-62000,-62000
063064,台表科元富9B購01,0,0,0,0,0,0,0,0,0,-62000,0,0,0,149000,211000,-62000,-62000
063418,京元電凱基9B購03,0,0,0,0,0,0,0,0,0,-62000,0,0,0,132000,194000,-62000,-62000
06432P,上銀群益98售01  ,0,0,0,0,0,0,0,0,0,-62000,0,0,0,0,62000,-62000,-62000
2530,華建            ,14000,75000,-61000,0,0,0,0,0,0,-1000,0,1000,-1000,0,0,0,-62000
065450,同欣電統一01購03,0,0,0,0,0,0,0,0,0,-63000,0,0,0,344000,407000,-63000,-63000
065653,同欣電元大03購01,0,0,0,0,0,0,0,0,0,-63000,0,0,0,262000,325000,-63000,-63000
066238,聯鈞富邦03購01  ,0,0,0,0,0,0,0,0,0,-63000,0,0,0,33000,96000,-63000,-63000
08120P,南亞科國票9C售01,0,0,0,0,0,0,0,0,0,-63000,0,0,0,0,63000,-63000,-63000
08084P,台表科元大9B售06,0,0,0,0,0,0,0,0,0,-63000,0,0,0,0,63000,-63000,-63000
057045,美律元大99購04  ,0,0,0,0,0,0,0,0,0,-63000,0,0,0,10000,73000,-63000,-63000
061053,國巨群益9A購08  ,0,0,0,0,0,0,0,0,0,-63000,0,0,0,11000,74000,-63000,-63000
064687,國巨群益9C購10  ,0,0,0,0,0,0,0,0,0,-63000,0,0,0,21000,84000,-63000,-63000
063321,泰鼎群益9B購03  ,0,0,0,0,0,0,0,0,0,-63000,0,0,0,0,63000,-63000,-63000
2348,海悅            ,146000,164000,-18000,0,0,0,0,0,0,-45000,0,45000,-45000,0,0,0,-63000
2801,彰銀            ,2835058,2860911,-25853,0,0,0,0,44000,-44000,6000,8000,2000,6000,0,0,0,-63853
065515,大立光群益02購01,0,0,0,0,0,0,0,0,0,-64000,0,0,0,21000,85000,-64000,-64000
06505P,康控國票99售02  ,0,0,0,0,0,0,0,0,0,-64000,0,0,0,20000,84000,-64000,-64000
055619,同欣電國票98購02,0,0,0,0,0,0,0,0,0,-64000,0,0,0,0,64000,-64000,-64000
055318,華通國票98購01  ,0,0,0,0,0,0,0,0,0,-64000,0,0,0,32000,96000,-64000,-64000
060326,群光群益9A購01  ,0,0,0,0,0,0,0,0,0,-64000,0,0,0,3000,67000,-64000,-64000
058673,華新科群益9A購02,0,0,0,0,0,0,0,0,0,-64000,0,0,0,3000,67000,-64000,-64000
06139P,台積電中信99售02,0,0,0,0,0,0,0,0,0,-64000,0,0,0,13000,77000,-64000,-64000
060194,旭富元富9A購01  ,0,0,0,0,0,0,0,0,0,-64000,0,0,0,36000,100000,-64000,-64000
061808,聯發科統一01購02,0,0,0,0,0,0,0,0,0,-64000,0,0,0,10000,74000,-64000,-64000
059856,昇陽半永豐99購03,0,0,0,0,0,0,0,0,0,-64000,0,0,0,20000,84000,-64000,-64000
059987,大立光元大99購28,0,2000,-2000,0,0,0,0,0,0,-62000,0,0,0,52000,114000,-62000,-64000
063305,亞光凱基9B購01  ,0,0,0,0,0,0,0,0,0,-64000,0,0,0,305000,369000,-64000,-64000
063666,京元電統一9C購01,0,0,0,0,0,0,0,0,0,-64000,0,0,0,69000,133000,-64000,-64000
064125,聯發科元大02購01,0,0,0,0,0,0,0,0,0,-64000,0,0,0,10000,74000,-64000,-64000
2617,台航            ,16000,80000,-64000,0,0,0,0,0,0,0,0,0,0,0,0,0,-64000
2609,陽明            ,215000,279000,-64000,0,0,0,0,0,0,0,0,0,0,0,0,0,-64000
1526,日馳            ,361000,425000,-64000,0,0,0,0,0,0,0,0,0,0,0,0,0,-64000
064960,世紀鋼凱基03購01,0,0,0,0,0,0,0,0,0,-65000,0,0,0,0,65000,-65000,-65000
064789,和大國票01購01  ,0,0,0,0,0,0,0,0,0,-65000,0,0,0,0,65000,-65000,-65000
08097P,嘉澤永豐9B售03  ,0,0,0,0,0,0,0,0,0,-65000,0,0,0,0,65000,-65000,-65000
07391P,台灣50國泰02售01,0,0,0,0,0,0,0,0,0,-65000,0,0,0,0,65000,-65000,-65000
07577P,華新科元大9A售09,0,0,0,0,0,0,0,0,0,-65000,0,0,0,0,65000,-65000,-65000
07850P,健策群益9A售06  ,0,0,0,0,0,0,0,0,0,-65000,0,0,0,50000,115000,-65000,-65000
066309,永光永豐01購01  ,0,0,0,0,0,0,0,0,0,-65000,0,0,0,10000,75000,-65000,-65000
066151,大立光麥證01購02,0,0,0,0,65000,-65000,0,0,0,-65000,0,0,0,0,65000,-65000,-65000
066468,申豐統一02購01  ,0,0,0,0,0,0,0,0,0,-65000,0,0,0,0,65000,-65000,-65000
07208P,台積電凱基99售14,0,0,0,0,0,0,0,0,0,-65000,0,0,0,0,65000,-65000,-65000
059908,元金2X元大99購01,0,0,0,0,0,0,0,0,0,-65000,0,0,0,10000,75000,-65000,-65000
059580,大立光元富99購07,0,0,0,0,0,0,0,0,0,-65000,0,0,0,22000,87000,-65000,-65000
058971,台積電永豐99購03,0,0,0,0,0,0,0,0,0,-65000,0,0,0,10000,75000,-65000,-65000
062160,南六凱基9B購01  ,0,0,0,0,0,0,0,0,0,-65000,0,0,0,0,65000,-65000,-65000
061405,亞德客國票9B購01,0,0,0,0,0,0,0,0,0,-65000,0,0,0,22000,87000,-65000,-65000
061373,華通富邦9A購02  ,0,0,0,0,0,0,0,0,0,-65000,0,0,0,48000,113000,-65000,-65000
060800,華新科第一9A購01,0,0,0,0,0,0,0,0,0,-65000,0,0,0,0,65000,-65000,-65000
064110,國巨國票01購01  ,0,0,0,0,0,0,0,0,0,-65000,0,0,0,36000,101000,-65000,-65000
2034,允強            ,32000,97000,-65000,0,0,0,0,0,0,0,0,0,0,0,0,0,-65000
08698P,可成凱基01售02  ,0,0,0,0,0,0,0,0,0,-65000,0,0,0,0,65000,-65000,-65000
08545P,南電國泰01售02  ,0,0,0,0,0,0,0,0,0,-65000,0,0,0,25000,90000,-65000,-65000
2426,鼎元            ,212000,278000,-66000,0,0,0,0,0,0,1000,1000,0,1000,0,0,0,-65000
6477,安集            ,30000,95000,-65000,0,0,0,0,0,0,0,0,0,0,0,0,0,-65000
066288,晶碩元大01購01  ,0,0,0,0,0,0,0,0,0,-66000,0,0,0,0,66000,-66000,-66000
07951P,智邦元大9B售05  ,0,0,0,0,0,0,0,0,0,-66000,0,0,0,0,66000,-66000,-66000
065006,景碩國票01購01  ,0,0,0,0,0,0,0,0,0,-66000,0,0,0,40000,106000,-66000,-66000
065322,聯發科凱基01購05,0,0,0,0,0,0,0,0,0,-66000,0,0,0,129000,195000,-66000,-66000
065990,華擎永豐01購01  ,0,0,0,0,0,0,0,0,0,-66000,0,0,0,187000,253000,-66000,-66000
065807,智伸科群益01購01,0,0,0,0,0,0,0,0,0,-66000,0,0,0,12000,78000,-66000,-66000
01010T,京城樂富R1      ,0,0,0,0,0,0,0,0,0,-66000,0,66000,-66000,0,0,0,-66000
060895,華新科凱基9B購05,0,0,0,0,0,0,0,0,0,-66000,0,0,0,170000,236000,-66000,-66000
064776,金像電群益01購01,0,0,0,0,0,0,0,0,0,-66000,0,0,0,13000,79000,-66000,-66000
064219,滬深2X國票03購01,0,0,0,0,0,0,0,0,0,-66000,0,0,0,148000,214000,-66000,-66000
064454,華新科統一01購03,0,0,0,0,0,0,0,0,0,-66000,0,0,0,0,66000,-66000,-66000
063212,聯發科國票9C購02,0,0,0,0,0,0,0,0,0,-66000,0,0,0,0,66000,-66000,-66000
062650,南電富邦01購01  ,0,0,0,0,0,0,0,0,0,-66000,0,0,0,111000,177000,-66000,-66000
2351,順德            ,182000,98000,84000,0,0,0,0,150000,-150000,0,0,0,0,0,0,0,-66000
2731,雄獅            ,29000,103000,-74000,0,0,0,0,0,0,8000,8000,0,8000,0,0,0,-66000
4560,強信-KY         ,165000,231000,-66000,0,0,0,0,0,0,0,0,0,0,0,0,0,-66000
1558,伸興            ,5000,76637,-71637,0,0,0,0,0,0,5000,5000,0,5000,0,0,0,-66637
065726,京元電凱基9C購02,0,0,0,0,0,0,0,0,0,-67000,0,0,0,160000,227000,-67000,-67000
065885,神達元富9C購01  ,0,0,0,0,0,0,0,0,0,-67000,0,0,0,23000,90000,-67000,-67000
07134P,臺股指元大9A售28,0,0,0,0,0,0,0,0,0,-67000,0,0,0,29000,96000,-67000,-67000
052456,滬深2X元富9B購03,0,0,0,0,0,0,0,0,0,-67000,0,0,0,15000,82000,-67000,-67000
050679,上証2X元富97購02,0,0,0,0,0,0,0,0,0,-67000,0,0,0,3000,70000,-67000,-67000
056554,GIS凱基99購01   ,0,0,0,0,0,0,0,0,0,-67000,0,0,0,48000,115000,-67000,-67000
061593,智原永豐9A購01  ,0,0,0,0,0,0,0,0,0,-67000,0,0,0,298000,365000,-67000,-67000
062281,奇鋐群益9B購01  ,0,0,0,0,0,0,0,0,0,-67000,0,0,0,14000,81000,-67000,-67000
063764,上銀元富9B購08  ,0,0,0,0,0,0,0,0,0,-67000,0,0,0,66000,133000,-67000,-67000
07086P,力成元富9C售01  ,0,0,0,0,0,0,0,0,0,-68000,0,0,0,215000,283000,-68000,-68000
066160,美利達康和01購01,0,0,0,0,0,0,0,0,0,-68000,0,0,0,0,68000,-68000,-68000
066002,健策國票02購01  ,0,0,0,0,0,0,0,0,0,-68000,0,0,0,49000,117000,-68000,-68000
065513,旺宏群益9C購05  ,0,0,0,0,0,0,0,0,0,-68000,0,0,0,42000,110000,-68000,-68000
065687,華通元富9C購03  ,0,0,0,0,0,0,0,0,0,-68000,0,0,0,17000,85000,-68000,-68000
057088,上銀元富98購01  ,0,0,0,0,0,0,0,0,0,-68000,0,0,0,20000,88000,-68000,-68000
057284,新日興元大98購03,0,0,0,0,0,0,0,0,0,-68000,0,0,0,7000,75000,-68000,-68000
062161,南六凱基9C購01  ,0,0,0,0,0,0,0,0,0,-68000,0,0,0,65000,133000,-68000,-68000
064731,台郡統一01購02  ,0,2000,-2000,0,0,0,0,0,0,-66000,0,0,0,92000,158000,-66000,-68000
062709,帆宣元大9B購01  ,0,0,0,0,0,0,0,0,0,-68000,0,0,0,1000,69000,-68000,-68000
062921,GIS元大9B購01   ,0,0,0,0,0,0,0,0,0,-68000,0,0,0,9000,77000,-68000,-68000
063532,GIS凱基9B購03   ,0,0,0,0,0,0,0,0,0,-68000,0,0,0,2000,70000,-68000,-68000
1340,勝悅-KY         ,8000,76000,-68000,0,0,0,0,0,0,0,0,0,0,0,0,0,-68000
08591P,台光電凱基9C售02,0,0,0,0,0,0,0,0,0,-68000,0,0,0,0,68000,-68000,-68000
08488P,臺股指群益9C售19,0,0,0,0,0,0,0,0,0,-68000,0,0,0,0,68000,-68000,-68000
065644,義隆元大9C購08  ,0,0,0,0,0,0,0,0,0,-69000,0,0,0,38000,107000,-69000,-69000
065560,同欣電麥證9C購02,0,0,0,31000,100000,-69000,0,0,0,-69000,0,0,0,31000,100000,-69000,-69000
065872,漢翔群益9C購01  ,0,0,0,0,0,0,0,0,0,-69000,0,0,0,0,69000,-69000,-69000
07009P,臺股指中信9B售01,0,0,0,0,0,0,0,0,0,-69000,0,0,0,0,69000,-69000,-69000
056191,世紀鋼統一97購01,0,0,0,0,0,0,0,0,0,-69000,0,0,0,5000,74000,-69000,-69000
060402,神隆國泰9B購01  ,0,0,0,0,0,0,0,0,0,-69000,0,0,0,61000,130000,-69000,-69000
060162,碩天永豐9A購01  ,0,0,0,0,0,0,0,0,0,-69000,0,0,0,1000,70000,-69000,-69000
058897,國巨元大99購17  ,0,0,0,0,0,0,0,0,0,-69000,0,0,0,41000,110000,-69000,-69000
062626,台積電國票9C購04,0,0,0,0,0,0,0,0,0,-69000,0,0,0,7000,76000,-69000,-69000
062622,南電元大9B購03  ,0,0,0,0,0,0,0,0,0,-69000,0,0,0,34000,103000,-69000,-69000
062824,國巨群益9C購03  ,0,0,0,0,0,0,0,0,0,-69000,0,0,0,142000,211000,-69000,-69000
08523P,金像電元大9C售06,0,0,0,0,0,0,0,0,0,-69000,0,0,0,0,69000,-69000,-69000
08585P,台表科群益9C售04,0,0,0,0,0,0,0,0,0,-69000,0,0,0,0,69000,-69000,-69000
08673P,友訊元富01售03  ,0,0,0,0,0,0,0,0,0,-69000,0,0,0,0,69000,-69000,-69000
08681P,台灣50凱基01售16,0,0,0,0,0,0,0,0,0,-69000,0,0,0,0,69000,-69000,-69000
3030,德律            ,304000,374000,-70000,0,0,0,0,0,0,1000,1000,0,1000,0,0,0,-69000
6598,ABC-KY          ,90000,159000,-69000,0,0,0,0,0,0,0,0,0,0,0,0,0,-69000
06923P,鴻海群益98售09  ,0,0,0,0,0,0,0,0,0,-70000,0,0,0,0,70000,-70000,-70000
06901P,亞德客凱基98售02,0,0,0,0,0,0,0,0,0,-70000,0,0,0,18000,88000,-70000,-70000
06891P,緯穎富邦99售03  ,0,0,0,0,0,0,0,0,0,-70000,0,0,0,0,70000,-70000,-70000
066315,南帝永豐01購01  ,0,0,0,0,0,0,0,0,0,-70000,0,0,0,0,70000,-70000,-70000
07939P,台積電統一9B售14,0,0,0,0,0,0,0,0,0,-70000,0,0,0,0,70000,-70000,-70000
08028P,臺股指元大9B售30,0,0,0,0,0,0,0,0,0,-70000,0,0,0,0,70000,-70000,-70000
07303P,臺股指元大9A售36,0,0,0,0,0,0,0,0,0,-70000,0,0,0,140000,210000,-70000,-70000
065841,國巨元大9C購20  ,0,0,0,0,0,0,0,0,0,-70000,0,0,0,1000,71000,-70000,-70000
065297,旺宏統一02購01  ,0,0,0,0,0,0,0,0,0,-70000,0,0,0,50000,120000,-70000,-70000
065147,寶成凱基01購01  ,0,0,0,0,0,0,0,0,0,-70000,0,0,0,9000,79000,-70000,-70000
065052,南六凱基02購02  ,0,0,0,0,0,0,0,0,0,-70000,0,0,0,0,70000,-70000,-70000
064814,祥碩元大9C購06  ,0,0,0,0,0,0,0,0,0,-70000,0,0,0,495000,565000,-70000,-70000
056539,新光金凱基9A購01,0,0,0,0,0,0,0,0,0,-70000,0,0,0,0,70000,-70000,-70000
056639,國產康和98購01  ,0,0,0,0,0,0,0,0,0,-70000,0,0,0,20000,90000,-70000,-70000
057576,南亞科第一9C購01,0,0,0,0,0,0,0,0,0,-70000,0,0,0,10000,80000,-70000,-70000
055506,台郡元大99購02  ,0,0,0,0,0,0,0,0,0,-70000,0,0,0,0,70000,-70000,-70000
054055,全新國票99購02  ,0,0,0,0,0,0,0,0,0,-70000,0,0,0,10000,80000,-70000,-70000
059629,友達凱基99購06  ,0,0,0,0,0,0,0,0,0,-70000,0,0,0,20000,90000,-70000,-70000
060151,旺宏富邦9A購02  ,0,0,0,0,0,0,0,0,0,-70000,0,0,0,0,70000,-70000,-70000
061803,巨大永豐9B購01  ,0,0,0,0,0,0,0,0,0,-70000,0,0,0,0,70000,-70000,-70000
061690,旺宏群益9A購05  ,0,0,0,0,0,0,0,0,0,-70000,0,0,0,30000,100000,-70000,-70000
061907,裕隆中信9B購01  ,0,0,0,0,0,0,0,0,0,-70000,0,0,0,0,70000,-70000,-70000
060546,旺宏凱基9A購02  ,0,0,0,0,0,0,0,0,0,-70000,0,0,0,86000,156000,-70000,-70000
061438,牧德凱基9B購02  ,0,0,0,0,0,0,0,0,0,-70000,0,0,0,0,70000,-70000,-70000
061482,健策元大9C購01  ,0,0,0,0,0,0,0,0,0,-70000,0,0,0,1000,71000,-70000,-70000
064307,聚陽群益9C購03  ,0,0,0,0,0,0,0,0,0,-70000,0,0,0,123000,193000,-70000,-70000
064111,國巨國票02購02  ,0,0,0,0,0,0,0,0,0,-70000,0,0,0,11000,81000,-70000,-70000
08671P,友訊國票01售01  ,0,0,0,0,0,0,0,0,0,-70000,0,0,0,0,70000,-70000,-70000
08360P,國巨國泰02售01  ,0,0,0,0,0,0,0,0,0,-70000,0,0,0,272000,342000,-70000,-70000
07712P,茂林元大9A售03  ,0,0,0,0,0,0,0,0,0,-71000,0,0,0,0,71000,-71000,-71000
048383,元金2X國票99購01,0,0,0,0,0,0,0,0,0,-71000,0,0,0,17000,88000,-71000,-71000
057416,T50反1凱基9C購01,0,0,0,0,0,0,0,0,0,-71000,0,0,0,0,71000,-71000,-71000
060213,牧德康和9A購01  ,0,0,0,0,0,0,0,0,0,-71000,0,0,0,1000,72000,-71000,-71000
063997,泰鼎群益9C購01  ,0,0,0,0,0,0,0,0,0,-71000,0,0,0,0,71000,-71000,-71000
063870,健策永豐01購01  ,0,0,0,0,0,0,0,0,0,-71000,0,0,0,19000,90000,-71000,-71000
063486,聚陽國泰9C購01  ,0,0,0,0,0,0,0,0,0,-71000,0,0,0,61000,132000,-71000,-71000
063183,國巨凱基9B購12  ,0,0,0,0,0,0,0,0,0,-71000,0,0,0,2000,73000,-71000,-71000
08624P,力成群益9C售01  ,0,0,0,0,0,0,0,0,0,-71000,0,0,0,31000,102000,-71000,-71000
1707,葡萄王          ,261000,328000,-67000,0,0,0,0,0,0,-4000,0,0,0,0,4000,-4000,-71000
1809,中釉            ,5000,76000,-71000,0,0,0,0,0,0,0,0,0,0,0,0,0,-71000
2441,超豐            ,635000,707000,-72000,0,0,0,0,0,0,1000,1000,0,1000,0,0,0,-71000
07342P,大立光凱基99售14,0,0,0,0,0,0,0,0,0,-72000,0,0,0,6000,78000,-72000,-72000
08075P,聯電群益9C售01  ,0,0,0,0,0,0,0,0,0,-72000,0,0,0,0,72000,-72000,-72000
065299,燿華元富9C購02  ,0,0,0,0,0,0,0,0,0,-72000,0,0,0,77000,149000,-72000,-72000
052203,T50反1中信99購03,0,0,0,0,0,0,0,0,0,-72000,0,0,0,40000,112000,-72000,-72000
0052,富邦科技        ,1000,1000,0,0,0,0,1000,0,1000,-73000,0,0,0,123000,196000,-73000,-72000
054884,友達統一99購01  ,0,0,0,0,0,0,0,0,0,-72000,0,0,0,0,72000,-72000,-72000
061597,南六永豐9A購04  ,0,0,0,0,0,0,0,0,0,-72000,0,0,0,0,72000,-72000,-72000
061766,華新科元大9B購02,0,0,0,0,0,0,0,0,0,-72000,0,0,0,31000,103000,-72000,-72000
061908,台積電中信05購01,0,0,0,0,0,0,0,0,0,-72000,0,0,0,73000,145000,-72000,-72000
061432,世紀鋼元大9A購05,0,0,0,0,0,0,0,0,0,-72000,0,0,0,3000,75000,-72000,-72000
063164,聯發科永豐9B購03,0,0,0,0,0,0,0,0,0,-72000,0,0,0,306000,378000,-72000,-72000
063135,國巨統一9B購16  ,0,0,0,0,0,0,0,0,0,-72000,0,0,0,196000,268000,-72000,-72000
063918,復盛凱基9C購01  ,0,0,0,0,0,0,0,0,0,-72000,0,0,0,30000,102000,-72000,-72000
6192,巨路            ,44000,116000,-72000,0,0,0,0,0,0,0,0,0,0,0,0,0,-72000
065373,聯發科元大01購03,0,0,0,0,0,0,0,0,0,-73000,0,0,0,1000,74000,-73000,-73000
066455,聯發科統一01購10,0,0,0,0,0,0,0,0,0,-73000,0,0,0,0,73000,-73000,-73000
057243,樺漢凱基99購01  ,0,0,0,0,0,0,0,0,0,-73000,0,0,0,0,73000,-73000,-73000
00686R,群益臺灣加權反1 ,0,0,0,0,0,0,0,0,0,-73000,0,0,0,15000,88000,-73000,-73000
057021,台積電凱基9A購02,0,0,0,0,0,0,0,0,0,-73000,0,0,0,32000,105000,-73000,-73000
060032,利勤永豐99購01  ,0,0,0,0,0,0,0,0,0,-73000,0,0,0,0,73000,-73000,-73000
063147,東元元富9B購01  ,0,0,0,0,0,0,0,0,0,-73000,0,0,0,85000,158000,-73000,-73000
2705,六福            ,20000,92000,-72000,0,0,0,0,0,0,-1000,0,1000,-1000,0,0,0,-73000
1702,南僑            ,130000,202000,-72000,0,0,0,0,0,0,-1000,0,1000,-1000,0,0,0,-73000
08056P,華通群益9B售06  ,0,0,0,0,0,0,0,0,0,-74000,0,0,0,0,74000,-74000,-74000
08237P,台積電富邦03售01,0,0,0,0,0,0,0,0,0,-74000,0,0,0,0,74000,-74000,-74000
065315,玉晶光中信03購02,0,0,0,0,0,0,0,0,0,-74000,0,0,0,759000,833000,-74000,-74000
05887P,友達元富99售03  ,0,0,0,0,0,0,0,0,0,-74000,0,0,0,90000,164000,-74000,-74000
063207,聯茂統一01購01  ,0,0,0,0,0,0,0,0,0,-74000,0,0,0,810000,884000,-74000,-74000
063431,神隆元富9B購01  ,0,0,0,0,0,0,0,0,0,-74000,0,0,0,16000,90000,-74000,-74000
063519,聚陽凱基9B購02  ,0,0,0,0,0,0,0,0,0,-74000,0,0,0,0,74000,-74000,-74000
062870,亞德客兆豐9C購01,0,0,0,0,0,0,0,0,0,-74000,0,0,0,31000,105000,-74000,-74000
062433,上銀元大9B購05  ,0,0,0,0,0,0,0,0,0,-74000,0,0,0,41000,115000,-74000,-74000
064468,健策元富9C購02  ,0,0,0,0,0,0,0,0,0,-74000,0,0,0,90000,164000,-74000,-74000
3018,同開            ,40000,114000,-74000,0,0,0,0,0,0,0,0,0,0,0,0,0,-74000
065356,聯發科元富03購06,0,0,0,0,0,0,0,0,0,-75000,0,0,0,208000,283000,-75000,-75000
065933,鴻海群益01購06  ,0,0,0,0,0,0,0,0,0,-75000,0,0,0,5000,80000,-75000,-75000
057614,華新科元富99購04,0,0,0,0,0,0,0,0,0,-75000,0,0,0,0,75000,-75000,-75000
048270,T50反1富邦99購01,0,0,0,0,0,0,0,0,0,-75000,0,0,0,0,75000,-75000,-75000
064074,南茂永豐9C購01  ,0,0,0,0,0,0,0,0,0,-75000,0,0,0,5000,80000,-75000,-75000
062903,燿華元大9B購04  ,0,0,0,0,0,0,0,0,0,-75000,0,0,0,0,75000,-75000,-75000
063150,聯發科元富05購03,0,0,0,0,0,0,0,0,0,-75000,0,0,0,25000,100000,-75000,-75000
6168,宏齊            ,150000,226000,-76000,0,0,0,0,0,0,1000,1000,0,1000,0,0,0,-75000
1737,臺鹽            ,19000,91000,-72000,0,0,0,0,0,0,-3000,0,3000,-3000,0,0,0,-75000
08391P,智邦凱基02售02  ,0,0,0,0,0,0,0,0,0,-75000,0,0,0,55000,130000,-75000,-75000
8462,柏文            ,12000,79000,-67000,0,0,0,0,0,0,-8000,0,0,0,0,8000,-8000,-75000
06515P,國巨凱基98售06  ,0,0,0,0,0,0,0,0,0,-76000,0,0,0,70000,146000,-76000,-76000
07376P,聯發科元大99售39,0,0,0,0,0,0,0,0,0,-76000,0,0,0,0,76000,-76000,-76000
058261,大立光富邦03購01,0,0,0,0,0,0,0,0,0,-76000,0,0,0,0,76000,-76000,-76000
060660,國巨凱基9B購04  ,0,0,0,0,0,0,0,0,0,-76000,0,0,0,0,76000,-76000,-76000
063722,遠東新元大9B購02,0,0,0,0,0,0,0,0,0,-76000,0,0,0,5000,81000,-76000,-76000
064387,GIS富邦9C購01   ,0,0,0,0,0,0,0,0,0,-76000,0,0,0,20000,96000,-76000,-76000
07880P,可成群益9B售05  ,0,0,0,0,0,0,0,0,0,-77000,0,0,0,0,77000,-77000,-77000
08214P,南六統一9B售03  ,0,0,0,0,0,0,0,0,0,-77000,0,0,0,603000,680000,-77000,-77000
066278,健策元大02購01  ,0,0,0,0,0,0,0,0,0,-77000,0,0,0,192000,269000,-77000,-77000
065614,緯穎元大01購02  ,0,0,0,0,0,0,0,0,0,-77000,0,0,0,56000,133000,-77000,-77000
065425,國巨凱基01購03  ,0,0,0,0,0,0,0,0,0,-77000,0,0,0,3000,80000,-77000,-77000
056871,新日興日盛99購01,0,0,0,0,0,0,0,0,0,-77000,0,0,0,151000,228000,-77000,-77000
057552,禾伸堂凱基98購05,0,0,0,0,0,0,0,0,0,-77000,0,0,0,262000,339000,-77000,-77000
056547,臻鼎凱基99購01  ,0,0,0,0,0,0,0,0,0,-77000,0,0,0,115000,192000,-77000,-77000
056469,國巨元大99購01  ,0,0,0,0,0,0,0,0,0,-77000,0,0,0,193000,270000,-77000,-77000
057195,南茂元大98購01  ,0,0,0,0,0,0,0,0,0,-77000,0,0,0,15000,92000,-77000,-77000
058385,創意中信99購01  ,0,0,0,0,0,0,0,0,0,-77000,0,0,0,56000,133000,-77000,-77000
061234,國巨元大9A購18  ,0,0,0,0,0,0,0,0,0,-77000,0,0,0,81000,158000,-77000,-77000
060133,牧德群益9B購01  ,0,0,0,0,0,0,0,0,0,-77000,0,0,0,100000,177000,-77000,-77000
063843,台積電元大9C購03,0,0,0,0,0,0,0,0,0,-77000,0,0,0,25000,102000,-77000,-77000
9944,新麗            ,71000,148000,-77000,0,0,0,0,0,0,0,0,0,0,0,0,0,-77000
2233,宇隆            ,35000,42000,-7000,0,0,0,0,70000,-70000,0,0,0,0,0,0,0,-77000
056460,同欣電凱基99購01,0,0,0,0,0,0,0,0,0,-78000,0,0,0,122000,200000,-78000,-78000
057764,台表科凱基9A購01,0,0,0,0,0,0,0,0,0,-78000,0,0,0,96000,174000,-78000,-78000
053891,欣興群益98購01  ,0,0,0,0,0,0,0,0,0,-78000,0,0,0,80000,158000,-78000,-78000
060009,南亞科群益99購03,0,0,0,0,0,0,0,0,0,-78000,0,0,0,22000,100000,-78000,-78000
062998,泰碩國票01購01  ,0,0,0,0,0,0,0,0,0,-78000,0,0,0,12000,90000,-78000,-78000
08573P,台積電凱基9C售06,0,0,0,0,0,0,0,0,0,-78000,0,0,0,0,78000,-78000,-78000
065386,華通兆豐9C購02  ,0,0,0,0,0,0,0,0,0,-79000,0,0,0,21000,100000,-79000,-79000
07082P,美律元大99售06  ,0,0,0,0,0,0,0,0,0,-79000,0,0,0,21000,100000,-79000,-79000
08169P,台光電群益9B售04,0,0,0,0,0,0,0,0,0,-79000,0,0,0,55000,134000,-79000,-79000
08016P,臺股指凱基02售02,0,0,0,0,0,0,0,0,0,-79000,0,0,0,1000,80000,-79000,-79000
054223,大立光統一98購04,0,0,0,0,0,0,0,0,0,-79000,0,0,0,0,79000,-79000,-79000
057929,上銀群益98購02  ,0,0,0,0,0,0,0,0,0,-79000,0,0,0,24000,103000,-79000,-79000
061962,台積電統一01購03,0,0,0,0,0,0,0,0,0,-79000,0,0,0,26000,105000,-79000,-79000
063345,嘉晶統一9C購02  ,0,0,0,0,0,0,0,0,0,-79000,0,0,0,28000,107000,-79000,-79000
063404,金像電國票9B購01,0,0,0,0,0,0,0,0,0,-79000,0,0,0,183000,262000,-79000,-79000
063701,燿華群益9B購02  ,0,0,0,0,0,0,0,0,0,-79000,0,0,0,1000,80000,-79000,-79000
064399,和大凱基02購01  ,0,0,0,0,0,0,0,0,0,-79000,0,0,0,58000,137000,-79000,-79000
07917P,可成永豐9B售01  ,0,0,0,0,0,0,0,0,0,-80000,0,0,0,0,80000,-80000,-80000
07950P,智邦元大9B售04  ,0,0,0,0,0,0,0,0,0,-80000,0,0,0,0,80000,-80000,-80000
07961P,滬深2X中信01售02,0,0,0,0,0,0,0,0,0,-80000,0,0,0,0,80000,-80000,-80000
08201P,祥碩元大9B售09  ,0,0,0,0,0,0,0,0,0,-80000,0,0,0,160000,240000,-80000,-80000
07878P,智邦群益9C售01  ,0,0,0,0,0,0,0,0,0,-80000,0,0,0,10000,90000,-80000,-80000
07693P,群創元大9B售10  ,0,0,0,0,0,0,0,0,0,-80000,0,0,0,30000,110000,-80000,-80000
07691P,宏達電元大9A售05,0,0,0,0,0,0,0,0,0,-80000,0,0,0,20000,100000,-80000,-80000
07575P,瑞昱元大9A售02  ,0,0,0,0,0,0,0,0,0,-80000,0,0,0,10000,90000,-80000,-80000
07146P,瑞昱元大99售02  ,0,0,0,0,0,0,0,0,0,-80000,0,0,0,0,80000,-80000,-80000
064795,致伸國票01購01  ,0,0,0,0,0,0,0,0,0,-80000,0,0,0,0,80000,-80000,-80000
065058,東元群益9C購01  ,0,0,0,0,0,0,0,0,0,-80000,0,0,0,13000,93000,-80000,-80000
065764,康友元大9C購02  ,0,0,0,0,0,0,0,0,0,-80000,0,0,0,7000,87000,-80000,-80000
045842,T50反1台新98購01,0,0,0,0,0,0,0,0,0,-80000,0,0,0,0,80000,-80000,-80000
061745,南電凱基9B購02  ,0,0,0,0,0,0,0,0,0,-80000,0,0,0,50000,130000,-80000,-80000
061715,牧德凱基9B購03  ,0,0,0,0,0,0,0,0,0,-80000,0,0,0,0,80000,-80000,-80000
061620,禾伸堂群益9A購02,0,0,0,0,0,0,0,0,0,-80000,0,0,0,0,80000,-80000,-80000
058549,藍天永豐99購01  ,0,0,0,0,0,0,0,0,0,-80000,0,0,0,0,80000,-80000,-80000
061121,智邦永豐9A購02  ,0,0,0,0,0,0,0,0,0,-80000,0,0,0,104000,184000,-80000,-80000
064225,健策國票01購02  ,0,0,0,0,0,0,0,0,0,-80000,0,0,0,0,80000,-80000,-80000
06426P,T50正2元大9B售01,0,0,0,0,0,0,0,0,0,-80000,0,0,0,0,80000,-80000,-80000
063518,儒鴻凱基9B購02  ,0,0,0,0,0,0,0,0,0,-80000,0,0,0,3000,83000,-80000,-80000
063442,金像電統一01購01,0,0,0,0,0,0,0,0,0,-80000,0,0,0,0,80000,-80000,-80000
08593P,聯發科凱基9C售13,0,0,0,0,0,0,0,0,0,-80000,0,0,0,0,80000,-80000,-80000
08435P,台積電群益9C售11,0,0,0,0,0,0,0,0,0,-80000,0,0,0,11000,91000,-80000,-80000
08669P,聯發科群益02售02,0,0,0,0,0,0,0,0,0,-80000,0,0,0,0,80000,-80000,-80000
08645P,臺股指中信03售01,0,0,0,0,0,0,0,0,0,-80000,0,0,0,0,80000,-80000,-80000
6277,宏正            ,8000,89000,-81000,0,0,0,0,0,0,1000,1000,0,1000,0,0,0,-80000
066027,華擎群益02購01  ,0,0,0,0,0,0,0,0,0,-81000,0,0,0,0,81000,-81000,-81000
043442,大立光台新01購01,0,0,0,0,0,0,0,0,0,-81000,0,0,0,33000,114000,-81000,-81000
058437,可成統一9B購01  ,0,0,0,0,0,0,0,0,0,-81000,0,0,0,0,81000,-81000,-81000
060567,華擎富邦9C購01  ,0,0,0,0,0,0,0,0,0,-81000,0,0,0,70000,151000,-81000,-81000
062051,上銀統一9C購02  ,0,0,0,0,0,0,0,0,0,-81000,0,0,0,10000,91000,-81000,-81000
2362,藍天            ,35000,116000,-81000,0,0,0,0,0,0,0,0,0,0,0,0,0,-81000
9105,泰金寶-DR       ,100000,181000,-81000,0,0,0,0,0,0,0,0,0,0,0,0,0,-81000
066408,致新凱基01購02  ,0,0,0,0,0,0,0,0,0,-82000,0,0,0,0,82000,-82000,-82000
065521,貿聯群益9C購04  ,0,0,0,0,0,0,0,0,0,-82000,0,0,0,25000,107000,-82000,-82000
056891,國巨元大99購03  ,0,0,0,0,0,0,0,0,0,-82000,0,0,0,148000,230000,-82000,-82000
060098,華新科元大99購24,0,0,0,0,0,0,0,0,0,-82000,0,0,0,9000,91000,-82000,-82000
059988,大立光元大9A購02,0,0,0,0,0,0,0,0,0,-82000,0,0,0,0,82000,-82000,-82000
059051,和大凱基9A購01  ,0,0,0,0,0,0,0,0,0,-82000,0,0,0,3000,85000,-82000,-82000
058516,健鼎元大99購02  ,0,0,0,0,0,0,0,0,0,-82000,0,0,0,2000,84000,-82000,-82000
06296P,燿華元大98售01  ,0,0,0,0,0,0,0,0,0,-82000,0,0,0,22000,104000,-82000,-82000
063021,大立光元大9C購05,0,0,0,0,0,0,0,0,0,-82000,0,0,0,0,82000,-82000,-82000
064613,聯電元大9C購05  ,0,0,0,0,0,0,0,0,0,-82000,0,0,0,68000,150000,-82000,-82000
2380,虹光            ,21000,103000,-82000,0,0,0,0,0,0,0,0,0,0,0,0,0,-82000
2457,飛宏            ,418000,500000,-82000,0,0,0,0,0,0,0,0,0,0,0,0,0,-82000
2059,川湖            ,17000,99000,-82000,0,0,0,0,2000,-2000,2000,2000,0,2000,0,0,0,-82000
2707,晶華            ,31000,113053,-82053,0,0,0,0,0,0,0,0,0,0,0,0,0,-82053
4994,傳奇            ,36733,117000,-80267,0,0,0,0,0,0,-2000,0,0,0,0,2000,-2000,-82267
065081,金像電元大9C購05,0,0,0,0,0,0,0,0,0,-83000,0,0,0,71000,154000,-83000,-83000
066448,眾達群益01購01  ,0,0,0,0,0,0,0,0,0,-83000,0,0,0,0,83000,-83000,-83000
07904P,聯發科群益9B售05,0,0,0,0,0,0,0,0,0,-83000,0,0,0,15000,98000,-83000,-83000
063851,健策元大01購01  ,0,0,0,0,0,0,0,0,0,-83000,0,0,0,307000,390000,-83000,-83000
062352,南六群益9B購02  ,0,0,0,0,0,0,0,0,0,-83000,0,0,0,18000,101000,-83000,-83000
1709,和益            ,68000,150000,-82000,0,0,0,0,0,0,-1000,0,1000,-1000,0,0,0,-83000
08256P,台積電元大9C售02,0,0,0,0,0,0,0,0,0,-83000,0,0,0,169000,252000,-83000,-83000
07293P,臺股指凱基99售45,0,0,0,0,0,0,0,0,0,-84000,0,0,0,1000,85000,-84000,-84000
066301,大成永豐01購01  ,0,0,0,0,0,0,0,0,0,-84000,0,0,0,0,84000,-84000,-84000
066096,友訊中信05購02  ,0,0,0,0,0,0,0,0,0,-84000,0,0,0,0,84000,-84000,-84000
058553,合勤控永豐99購01,0,0,0,0,0,0,0,0,0,-84000,0,0,0,14000,98000,-84000,-84000
06082P,華通統一98售01  ,0,0,0,0,0,0,0,0,0,-84000,0,0,0,40000,124000,-84000,-84000
063042,同欣電凱基9C購01,0,0,0,0,0,0,0,0,0,-84000,0,0,0,40000,124000,-84000,-84000
08597P,聯發科元大9C售18,0,0,0,0,0,0,0,0,0,-84000,0,0,0,1000,85000,-84000,-84000
066143,惠特群益01購01  ,0,0,0,0,0,0,0,0,0,-85000,0,0,0,0,85000,-85000,-85000
066116,宏達電兆豐01購01,0,0,0,0,0,0,0,0,0,-85000,0,0,0,0,85000,-85000,-85000
066122,卜蜂群益03購01  ,0,0,0,0,0,0,0,0,0,-85000,0,0,0,0,85000,-85000,-85000
066112,智邦兆豐02購01  ,0,0,0,0,0,0,0,0,0,-85000,0,0,0,0,85000,-85000,-85000
066428,健策元大02購02  ,0,0,0,0,0,0,0,0,0,-85000,0,0,0,5000,90000,-85000,-85000
06828P,臺股指國票98售04,0,0,0,0,0,0,0,0,0,-85000,0,0,0,0,85000,-85000,-85000
08009P,華擎統一9B售02  ,0,0,0,0,0,0,0,0,0,-85000,0,0,0,0,85000,-85000,-85000
064885,T50反1中信04購01,0,0,0,0,0,0,0,0,0,-85000,0,0,0,20000,105000,-85000,-85000
065916,聯發科凱基01購10,0,0,0,0,0,0,0,0,0,-85000,0,0,0,0,85000,-85000,-85000
060925,華新科永豐9A購01,0,0,0,0,0,0,0,0,0,-85000,0,0,0,0,85000,-85000,-85000
060682,牧德元大9A購03  ,0,0,0,0,0,0,0,0,0,-85000,0,0,0,20000,105000,-85000,-85000
061651,世紀鋼元大9C購02,0,0,0,0,0,0,0,0,0,-85000,0,0,0,50000,135000,-85000,-85000
061660,禾伸堂永豐9A購01,0,0,0,0,0,0,0,0,0,-85000,0,0,0,326000,411000,-85000,-85000
062013,奇鋐富邦9B購01  ,0,0,0,0,0,0,0,0,0,-85000,0,0,0,20000,105000,-85000,-85000
063276,和大元大9B購01  ,0,0,0,0,0,0,0,0,0,-85000,0,0,0,1000,86000,-85000,-85000
062218,燿華統一01購01  ,0,0,0,0,0,0,0,0,0,-85000,0,0,0,65000,150000,-85000,-85000
064395,華新科永豐9C購02,0,0,0,0,0,0,0,0,0,-85000,0,0,0,0,85000,-85000,-85000
07894P,燿華元大9B售01  ,0,0,0,0,0,0,0,0,0,-86000,0,0,0,0,86000,-86000,-86000
059097,世紀鋼元大99購05,0,0,0,0,0,0,0,0,0,-86000,0,0,0,169000,255000,-86000,-86000
060686,康友元大9A購02  ,0,0,0,0,0,0,0,0,0,-86000,0,0,0,4000,90000,-86000,-86000
058526,鈺齊元大99購02  ,0,0,0,0,0,0,0,0,0,-86000,0,0,0,0,86000,-86000,-86000
063644,祥碩元大9B購10  ,0,0,0,0,0,0,0,0,0,-86000,0,0,0,96000,182000,-86000,-86000
064212,可成凱基03購01  ,0,0,0,0,0,0,0,0,0,-86000,0,0,0,114000,200000,-86000,-86000
062442,華新科元大9C購02,0,0,0,0,0,0,0,0,0,-86000,0,0,0,100000,186000,-86000,-86000
063262,南六富邦9C購01  ,0,0,0,0,0,0,0,0,0,-86000,0,0,0,121000,207000,-86000,-86000
08353P,聯電元大9C售04  ,0,0,0,0,0,0,0,0,0,-86000,0,0,0,5000,91000,-86000,-86000
08383P,智邦群益9C售03  ,0,0,0,0,0,0,0,0,0,-86000,0,0,0,0,86000,-86000,-86000
6414,樺漢            ,264000,334000,-70000,0,0,0,0,25000,-25000,9000,68000,72000,-4000,32000,19000,13000,-86000
066114,瑞昱兆豐02購01  ,0,0,0,0,0,0,0,0,0,-87000,0,0,0,0,87000,-87000,-87000
065365,國巨元大9C購19  ,0,0,0,0,0,0,0,0,0,-87000,0,0,0,210000,297000,-87000,-87000
065219,緯穎國泰01購01  ,0,0,0,0,0,0,0,0,0,-87000,0,0,0,177000,264000,-87000,-87000
059187,國巨富邦9B購02  ,0,0,0,0,0,0,0,0,0,-87000,0,0,0,1000,88000,-87000,-87000
064159,新日興統一01購02,48000,0,48000,0,0,0,0,0,0,-135000,0,0,0,777000,912000,-135000,-87000
064655,聚陽元大9C購02  ,0,0,0,0,0,0,0,0,0,-87000,0,0,0,94000,181000,-87000,-87000
3149,正達            ,20000,107000,-87000,0,0,0,0,0,0,0,0,0,0,0,0,0,-87000
08379P,台積電國泰02售02,0,0,0,0,0,0,0,0,0,-87000,0,0,0,1523000,1610000,-87000,-87000
065490,國巨國泰02購02  ,0,0,0,0,0,0,0,0,0,-88000,0,0,0,181000,269000,-88000,-88000
06856P,台灣50永豐99售03,0,0,0,0,0,0,0,0,0,-88000,0,0,0,0,88000,-88000,-88000
056496,康控國泰99購01  ,0,0,0,0,0,0,0,0,0,-88000,0,0,0,6000,94000,-88000,-88000
060680,玉晶光元大9C購03,0,0,0,0,0,0,0,0,0,-88000,0,0,0,4000,92000,-88000,-88000
058674,宏達電群益99購01,0,0,0,0,0,0,0,0,0,-88000,0,0,0,31000,119000,-88000,-88000
062546,新日興永豐9B購01,0,0,0,0,0,0,0,0,0,-88000,0,0,0,305000,393000,-88000,-88000
08454P,台灣50凱基9C售12,0,0,0,0,0,0,0,0,0,-88000,0,0,0,400000,488000,-88000,-88000
2908,特力            ,20000,107000,-87000,0,0,0,0,0,0,-1000,0,1000,-1000,0,0,0,-88000
8422,可寧衛          ,10000,98000,-88000,0,0,0,0,0,0,0,0,0,0,0,0,0,-88000
07864P,可成元大9B售01  ,0,0,0,0,0,0,0,0,0,-89000,0,0,0,0,89000,-89000,-89000
03425B,臺股指元大9A熊01,0,0,0,0,0,0,0,0,0,-89000,0,0,0,0,89000,-89000,-89000
060848,聯茂國票9A購02  ,0,0,0,0,0,0,0,0,0,-89000,0,0,0,29000,118000,-89000,-89000
8429,金麗-KY         ,116000,205000,-89000,0,0,0,0,0,0,0,0,0,0,0,0,0,-89000
07241P,台灣50國票9A售05,0,0,0,0,0,0,0,0,0,-90000,0,0,0,0,90000,-90000,-90000
07479P,A50正2元富9A售03,0,0,0,0,0,0,0,0,0,-90000,0,0,0,0,90000,-90000,-90000
08071P,臺股指富邦9B售04,0,0,0,0,0,0,0,0,0,-90000,0,0,0,0,90000,-90000,-90000
07109P,聯發科中信9B售02,0,0,0,0,0,0,0,0,0,-90000,0,0,0,0,90000,-90000,-90000
065603,聯發科元大9C購16,0,0,0,0,0,0,0,0,0,-90000,0,0,0,127000,217000,-90000,-90000
065906,瑞昱永豐9C購01  ,0,0,0,0,0,0,0,0,0,-90000,0,0,0,0,90000,-90000,-90000
057639,國巨元大99購07  ,0,0,0,0,0,0,0,0,0,-90000,0,0,0,11000,101000,-90000,-90000
057564,台積電富邦9B購03,0,0,0,0,0,0,0,0,0,-90000,0,0,0,0,90000,-90000,-90000
057438,禾伸堂國票99購01,0,0,0,0,0,0,0,0,0,-90000,0,0,0,10000,100000,-90000,-90000
056158,新日興凱基98購02,0,0,0,0,0,0,0,0,0,-90000,0,0,0,25000,115000,-90000,-90000
059113,群光永豐99購01  ,0,0,0,0,0,0,0,0,0,-90000,0,0,0,0,90000,-90000,-90000
060047,道瓊反凱基99購01,0,0,0,0,0,0,0,0,0,-90000,0,0,0,0,90000,-90000,-90000
062323,上銀統一9B購03  ,0,0,0,0,0,0,0,0,0,-90000,0,0,0,43000,133000,-90000,-90000
063927,奇力新統一02購01,0,0,0,0,0,0,0,0,0,-90000,0,0,0,5000,95000,-90000,-90000
2430,燦坤            ,0,90000,-90000,0,0,0,0,0,0,0,0,0,0,0,0,0,-90000
08355P,智邦元大9C售03  ,0,0,0,0,0,0,0,0,0,-90000,0,0,0,19000,109000,-90000,-90000
065485,巨大元大9C購02  ,0,0,0,0,0,0,0,0,0,-91000,0,0,0,19000,110000,-91000,-91000
066202,大立光統一02購07,0,0,0,0,0,0,0,0,0,-91000,0,0,0,0,91000,-91000,-91000
08229P,祥碩國票9B售04  ,0,0,0,0,0,0,0,0,0,-91000,0,0,0,15000,106000,-91000,-91000
057802,卜蜂元大98購01  ,0,0,0,0,0,0,0,0,0,-91000,0,0,0,9000,100000,-91000,-91000
054353,世紀鋼國泰98購01,0,0,0,0,0,0,0,0,0,-91000,0,0,0,130000,221000,-91000,-91000
064046,聯發科統一9C購12,0,0,0,0,0,0,0,0,0,-91000,0,0,0,0,91000,-91000,-91000
064203,康控兆豐9C購02  ,0,0,0,0,0,0,0,0,0,-91000,0,0,0,26000,117000,-91000,-91000
064246,南六統一9C購02  ,0,0,0,0,0,0,0,0,0,-91000,0,0,0,0,91000,-91000,-91000
063336,大成鋼統一9C購02,0,0,0,0,0,0,0,0,0,-91000,0,0,0,61000,152000,-91000,-91000
08365P,貿聯凱基9C售01  ,0,0,0,0,0,0,0,0,0,-91000,0,0,0,22000,113000,-91000,-91000
1201,味全            ,160000,253000,-93000,0,0,0,0,0,0,2000,0,0,0,3000,1000,2000,-91000
066493,美利達元富01購01,0,0,0,0,0,0,0,0,0,-92000,0,0,0,0,92000,-92000,-92000
065062,亞光群益9C購01  ,0,0,0,0,0,0,0,0,0,-92000,0,0,0,14000,106000,-92000,-92000
057738,旺宏富邦9A購01  ,0,0,0,0,0,0,0,0,0,-92000,0,0,0,0,92000,-92000,-92000
057267,康控兆豐99購01  ,0,0,0,0,0,0,0,0,0,-92000,0,0,0,38000,130000,-92000,-92000
057583,啟碁中信9A購01  ,0,0,0,0,0,0,0,0,0,-92000,0,0,0,97000,189000,-92000,-92000
057451,大立光元富9B購01,0,0,0,0,0,0,0,0,0,-92000,0,0,0,75000,167000,-92000,-92000
057475,聯電元大9A購01  ,0,0,0,0,0,0,0,0,0,-92000,0,0,0,299000,391000,-92000,-92000
057176,全新元大99購02  ,0,0,0,0,0,0,0,0,0,-92000,0,0,0,189000,281000,-92000,-92000
058705,長榮航元大99購01,0,0,0,0,0,0,0,0,0,-92000,0,0,0,0,92000,-92000,-92000
063139,聯發科統一9B購07,0,0,0,0,0,0,0,0,0,-92000,0,0,0,14000,106000,-92000,-92000
062457,京元電群益9B購01,0,0,0,0,0,0,0,0,0,-92000,0,0,0,0,92000,-92000,-92000
064738,裕隆國票01購01  ,0,0,0,0,0,0,0,0,0,-92000,0,0,0,40000,132000,-92000,-92000
08299P,玉晶光國票02售01,0,0,0,0,0,0,0,0,0,-92000,0,0,0,20000,112000,-92000,-92000
08457P,大毅元大9C售03  ,0,0,0,0,0,0,0,0,0,-92000,0,0,0,0,92000,-92000,-92000
2461,光群雷          ,78000,170000,-92000,0,0,0,0,0,0,0,0,0,0,0,0,0,-92000
4916,事欣科          ,16000,109000,-93000,0,0,0,0,0,0,1000,1000,0,1000,0,0,0,-92000
065840,國巨元大03購01  ,0,0,0,0,0,0,0,0,0,-93000,0,0,0,28000,121000,-93000,-93000
06728P,全新元大98售03  ,0,0,0,0,0,0,0,0,0,-93000,0,0,0,23000,116000,-93000,-93000
066147,美利達群益01購01,0,0,0,0,0,0,0,0,0,-93000,0,0,0,0,93000,-93000,-93000
058676,聯茂群益99購01  ,0,0,0,0,0,0,0,0,0,-93000,0,0,0,5000,98000,-93000,-93000
059090,台新金元大99購01,0,0,0,0,0,0,0,0,0,-93000,0,0,0,9000,102000,-93000,-93000
062296,南六永豐9B購02  ,0,0,0,0,0,0,0,0,0,-93000,0,0,0,25000,118000,-93000,-93000
065471,和大元大9C購05  ,0,0,0,0,0,0,0,0,0,-94000,0,0,0,0,94000,-94000,-94000
061123,燿華永豐9A購01  ,0,0,0,0,0,0,0,0,0,-94000,0,0,0,57000,151000,-94000,-94000
062362,致茂元大9B購01  ,0,0,0,0,0,0,0,0,0,-94000,0,0,0,48000,142000,-94000,-94000
063267,台表科中信01購02,0,0,0,0,0,0,0,0,0,-94000,0,0,0,10000,104000,-94000,-94000
064085,儒鴻凱基9C購02  ,0,0,0,0,0,0,0,0,0,-94000,0,0,0,20000,114000,-94000,-94000
063590,華擎永豐9B購01  ,0,0,0,0,0,0,0,0,0,-94000,0,0,0,34000,128000,-94000,-94000
065398,國泰金群益9C購01,0,0,0,0,0,0,0,0,0,-95000,0,0,0,3000,98000,-95000,-95000
07300P,臺股指元大9A售33,0,0,0,0,0,0,0,0,0,-95000,0,0,0,0,95000,-95000,-95000
058556,百和永豐99購01  ,0,0,0,0,0,0,0,0,0,-95000,0,0,0,0,95000,-95000,-95000
061180,華擎凱基9B購01  ,0,0,0,0,0,0,0,0,0,-95000,0,0,0,28000,123000,-95000,-95000
058877,T50反1國泰9B購01,0,0,0,0,0,0,0,0,0,-95000,0,0,0,10000,105000,-95000,-95000
062483,致新國票9B購01  ,0,0,0,0,0,0,0,0,0,-95000,0,0,0,28000,123000,-95000,-95000
2464,盟立            ,11000,106000,-95000,0,0,0,0,0,0,0,0,0,0,0,0,0,-95000
2929,淘帝-KY         ,43000,138000,-95000,0,0,0,0,0,0,0,0,0,0,0,0,0,-95000
1451,年興            ,4000,99000,-95000,0,0,0,0,0,0,0,0,0,0,0,0,0,-95000
9802,鈺齊-KY         ,628000,495000,133000,0,0,0,0,200000,-200000,-28000,14000,0,14000,5000,47000,-42000,-95000
07789P,緯穎群益9A售03  ,0,0,0,0,0,0,0,0,0,-96000,0,0,0,0,96000,-96000,-96000
07756P,台灣50國票04售01,0,0,0,0,0,0,0,0,0,-96000,0,0,0,0,96000,-96000,-96000
065385,億豐元大03購01  ,0,0,0,0,0,0,0,0,0,-96000,0,0,0,177000,273000,-96000,-96000
064911,光寶科統一02購01,0,0,0,0,0,0,0,0,0,-96000,0,0,0,4000,100000,-96000,-96000
062948,台積電富邦01購02,0,0,0,0,0,0,0,0,0,-96000,0,0,0,4000,100000,-96000,-96000
064628,南六元大9C購05  ,0,0,0,0,0,0,0,0,0,-96000,0,0,0,0,96000,-96000,-96000
065224,和大凱基02購02  ,0,0,0,0,0,0,0,0,0,-97000,0,0,0,0,97000,-97000,-97000
066284,松翰元大01購01  ,0,0,0,0,0,0,0,0,0,-97000,0,0,0,60000,157000,-97000,-97000
059515,牧德永豐99購01  ,0,0,0,0,0,0,0,0,0,-97000,0,0,0,30000,127000,-97000,-97000
058212,華新科群益9A購01,0,0,0,0,0,0,0,0,0,-97000,0,0,0,1000,98000,-97000,-97000
061031,神隆永豐9A購02  ,0,0,0,0,0,0,0,0,0,-97000,0,0,0,0,97000,-97000,-97000
064336,可成元大9C購06  ,0,0,0,0,0,0,0,0,0,-97000,0,0,0,14000,111000,-97000,-97000
063593,GIS永豐9B購01   ,0,0,0,0,0,0,0,0,0,-97000,0,0,0,11000,108000,-97000,-97000
063719,T50反1元大9B購11,0,0,0,0,0,0,0,0,0,-97000,0,0,0,3000,100000,-97000,-97000
063093,國產國票9B購01  ,0,0,0,0,0,0,0,0,0,-97000,0,0,0,97000,194000,-97000,-97000
062377,力成元大9B購01  ,0,0,0,0,0,0,0,0,0,-97000,0,0,0,33000,130000,-97000,-97000
062345,和大群益9B購01  ,0,0,0,0,0,0,0,0,0,-97000,0,0,0,42000,139000,-97000,-97000
6431,光麗-KY         ,18000,115000,-97000,0,0,0,0,0,0,0,0,0,0,0,0,0,-97000
066097,英業達中信02購01,0,0,0,0,0,0,0,0,0,-98000,0,0,0,0,98000,-98000,-98000
064897,宏達電群益9C購02,0,0,0,0,0,0,0,0,0,-98000,0,0,0,279000,377000,-98000,-98000
056693,國產群益98購01  ,0,0,0,0,0,0,0,0,0,-98000,0,0,0,12000,110000,-98000,-98000
056635,亞德客日盛99購01,0,0,0,0,0,0,0,0,0,-98000,0,0,0,139000,237000,-98000,-98000
057836,南亞科國泰9A購01,0,0,0,0,0,0,0,0,0,-98000,0,0,0,0,98000,-98000,-98000
060809,康友群益9A購01  ,0,0,0,0,0,0,0,0,0,-98000,0,0,0,5000,103000,-98000,-98000
063389,大立光兆豐9C購02,0,0,0,0,0,0,0,0,0,-98000,0,0,0,0,98000,-98000,-98000
064548,漢翔凱基9C購01  ,0,0,0,0,0,0,0,0,0,-98000,0,0,0,72000,170000,-98000,-98000
9910,豐泰            ,1121481,1018883,102598,0,0,0,0,202000,-202000,1000,0,2000,-2000,4000,1000,3000,-98402
065072,和大元大9C購03  ,0,0,0,0,0,0,0,0,0,-99000,0,0,0,25000,124000,-99000,-99000
065647,健鼎元大9C購05  ,0,0,0,0,0,0,0,0,0,-99000,0,0,0,428000,527000,-99000,-99000
066095,友訊中信05購01  ,0,0,0,0,0,0,0,0,0,-99000,0,0,0,0,99000,-99000,-99000
07366P,國巨康和99售02  ,0,0,0,0,0,0,0,0,0,-99000,0,0,0,6000,105000,-99000,-99000
07989P,玉晶光凱基9B售07,0,0,0,0,0,0,0,0,0,-99000,0,0,0,0,99000,-99000,-99000
057877,神達元大99購01  ,0,0,0,0,0,0,0,0,0,-99000,0,0,0,193000,292000,-99000,-99000
060251,易華電元大9C購01,0,0,0,0,0,0,0,0,0,-99000,0,0,0,12000,111000,-99000,-99000
061991,牧德元大9C購01  ,0,0,0,0,0,0,0,0,0,-99000,0,0,0,75000,174000,-99000,-99000
064674,鈺齊元大9C購01  ,0,0,0,0,0,0,0,0,0,-99000,0,0,0,22000,121000,-99000,-99000
064191,聯發科中信03購01,0,0,0,0,0,0,0,0,0,-99000,0,0,0,34000,133000,-99000,-99000
063242,聯發科元大9B購19,0,0,0,0,0,0,0,0,0,-99000,0,0,0,55000,154000,-99000,-99000
062313,聯詠凱基9C購01  ,0,0,0,0,0,0,0,0,0,-99000,0,0,0,9000,108000,-99000,-99000
6582,申豐            ,71000,179000,-108000,0,0,0,0,0,0,9000,15000,6000,9000,0,0,0,-99000
08469P,富邦金凱基9C售01,0,0,0,0,0,0,0,0,0,-99000,0,0,0,25000,124000,-99000,-99000
08031P,臺股指元大9B售38,0,0,0,0,0,0,0,0,0,-100000,0,0,0,0,100000,-100000,-100000
08242P,聯發科凱基9C售06,0,0,0,0,0,0,0,0,0,-100000,0,0,0,0,100000,-100000,-100000
07276P,臺股指群益99售19,0,0,0,0,0,0,0,0,0,-100000,0,0,0,0,100000,-100000,-100000
07288P,台灣50凱基99售06,0,0,0,0,0,0,0,0,0,-100000,0,0,0,0,100000,-100000,-100000
07254P,台灣50凱基9C售06,0,0,0,0,0,0,0,0,0,-100000,0,0,0,0,100000,-100000,-100000
07270P,台灣50元大01售09,0,0,0,0,0,0,0,0,0,-100000,0,0,0,0,100000,-100000,-100000
07414P,台積電元大99售51,0,0,0,0,0,0,0,0,0,-100000,0,0,0,150000,250000,-100000,-100000
07576P,可成元大9A售01  ,0,0,0,0,0,0,0,0,0,-100000,0,0,0,0,100000,-100000,-100000
07559P,祥碩元大9A售03  ,0,0,0,0,0,0,0,0,0,-100000,0,0,0,0,100000,-100000,-100000
07757P,國巨國票9B售04  ,0,0,0,0,0,0,0,0,0,-100000,0,0,0,0,100000,-100000,-100000
07879P,瑞昱群益9C售01  ,0,0,0,0,0,0,0,0,0,-100000,0,0,0,0,100000,-100000,-100000
07862P,聯發科凱基9B售05,0,0,0,0,0,0,0,0,0,-100000,0,0,0,0,100000,-100000,-100000
07825P,健策國泰9B售04  ,0,0,0,0,0,0,0,0,0,-100000,0,0,0,66000,166000,-100000,-100000
07707P,玉山金元大9A售03,0,0,0,0,0,0,0,0,0,-100000,0,0,0,0,100000,-100000,-100000
07619P,鴻海統一9A售03  ,0,0,0,0,0,0,0,0,0,-100000,0,0,0,0,100000,-100000,-100000
07647P,健策國票9A售04  ,0,0,0,0,0,0,0,0,0,-100000,0,0,0,100000,200000,-100000,-100000
066065,東元凱基04購01  ,0,0,0,0,0,0,0,0,0,-100000,0,0,0,0,100000,-100000,-100000
06603P,立積統一99售01  ,0,0,0,0,0,0,0,0,0,-100000,0,0,0,0,100000,-100000,-100000
06671P,台積電群益98售04,0,0,0,0,0,0,0,0,0,-100000,0,0,0,10000,110000,-100000,-100000
06685P,鴻海國泰9A售01  ,0,0,0,0,0,0,0,0,0,-100000,0,0,0,0,100000,-100000,-100000
06654P,欣興元大98售08  ,0,0,0,0,0,0,0,0,0,-100000,0,0,0,0,100000,-100000,-100000
06783P,亞光元大98售03  ,0,0,0,0,0,0,0,0,0,-100000,0,0,0,0,100000,-100000,-100000
07122P,欣興凱基99售05  ,0,0,0,0,0,0,0,0,0,-100000,0,0,0,10000,110000,-100000,-100000
065105,巨大元大01購01  ,0,0,0,0,0,0,0,0,0,-100000,0,0,0,0,100000,-100000,-100000
065395,致茂群益01購01  ,0,0,0,0,0,0,0,0,0,-100000,0,0,0,181000,281000,-100000,-100000
058496,文曄群益99購01  ,0,0,0,0,0,0,0,0,0,-100000,0,0,0,0,100000,-100000,-100000
056689,玉晶光統一9A購03,0,0,0,0,0,0,0,0,0,-100000,0,0,0,0,100000,-100000,-100000
057178,可成元大98購03  ,0,0,0,0,0,0,0,0,0,-100000,0,0,0,100000,200000,-100000,-100000
057914,日月光日盛9A購01,0,0,0,0,0,0,0,0,0,-100000,0,0,0,0,100000,-100000,-100000
057627,和大永豐98購01  ,0,0,0,0,0,0,0,0,0,-100000,0,0,0,0,100000,-100000,-100000
054800,訊芯群益99購01  ,0,0,0,0,0,0,0,0,0,-100000,0,0,0,0,100000,-100000,-100000
059564,鴻海凱基9A購15  ,0,0,0,0,0,0,0,0,0,-100000,0,0,0,0,100000,-100000,-100000
059473,T50反1群益99購03,0,0,0,0,0,0,0,0,0,-100000,0,0,0,0,100000,-100000,-100000
059043,聯電日盛99購01  ,0,0,0,0,0,0,0,0,0,-100000,0,0,0,0,100000,-100000,-100000
059044,聯電日盛99購02  ,0,0,0,0,0,0,0,0,0,-100000,0,0,0,0,100000,-100000,-100000
058901,美律元大99購07  ,0,0,0,0,0,0,0,0,0,-100000,0,0,0,0,100000,-100000,-100000
060002,T50反1群益9A購01,0,0,0,0,0,0,0,0,0,-100000,0,0,0,0,100000,-100000,-100000
060743,鴻海國票9A購03  ,0,0,0,0,0,0,0,0,0,-100000,0,0,0,5000,105000,-100000,-100000
060687,GIS元大9A購01   ,0,0,0,0,0,0,0,0,0,-100000,0,0,0,0,100000,-100000,-100000
058215,貿聯群益99購02  ,0,0,0,0,0,0,0,0,0,-100000,0,0,0,0,100000,-100000,-100000
061321,華新科凱基9A購09,0,0,0,0,0,0,0,0,0,-100000,0,0,0,14000,114000,-100000,-100000
062359,旺宏元大9C購02  ,0,0,0,0,0,0,0,0,0,-100000,0,0,0,0,100000,-100000,-100000
063555,SP黃豆元大9B購01,0,0,0,0,0,0,0,0,0,-100000,0,0,0,0,100000,-100000,-100000
063697,香港反群益9C購01,0,0,0,0,0,0,0,0,0,-100000,0,0,0,0,100000,-100000,-100000
064630,巨大元大9C購01  ,0,0,0,0,0,0,0,0,0,-100000,0,0,0,85000,185000,-100000,-100000
064319,南電群益9C購01  ,0,0,0,0,0,0,0,0,0,-100000,0,0,0,10000,110000,-100000,-100000
08560P,茂林國票01售01  ,0,0,0,0,0,0,0,0,0,-100000,0,0,0,0,100000,-100000,-100000
08567P,台勝科群益9C售01,0,0,0,0,0,0,0,0,0,-100000,0,0,0,0,100000,-100000,-100000
08364P,聯發科凱基02售02,0,0,0,0,0,0,0,0,0,-100000,0,0,0,0,100000,-100000,-100000
08707P,台灣50台新01售05,0,0,0,0,0,0,0,0,0,-100000,0,0,0,0,100000,-100000,-100000
065790,創意永豐9C購02  ,0,0,0,0,0,0,0,0,0,-101000,0,0,0,49000,150000,-101000,-101000
066431,台郡元大02購01  ,0,0,0,0,0,0,0,0,0,-101000,0,0,0,0,101000,-101000,-101000
066370,帆宣中信01購01  ,0,0,0,0,0,0,0,0,0,-101000,0,0,0,0,101000,-101000,-101000
07532P,台灣50中信01售02,0,0,0,0,0,0,0,0,0,-101000,0,0,0,2000,103000,-101000,-101000
07503P,禾伸堂元大9A售01,0,0,0,0,0,0,0,0,0,-101000,0,0,0,0,101000,-101000,-101000
07475P,A50正2群益9C售02,0,0,0,0,0,0,0,0,0,-101000,0,0,0,0,101000,-101000,-101000
08123P,台表科國票9C售01,0,0,0,0,0,0,0,0,0,-101000,0,0,0,0,101000,-101000,-101000
058188,華擎永豐99購01  ,0,0,0,0,0,0,0,0,0,-101000,0,0,0,326000,427000,-101000,-101000
063680,寶成富邦9C購01  ,0,0,0,0,0,0,0,0,0,-101000,0,0,0,549000,650000,-101000,-101000
2106,建大            ,70000,169000,-99000,0,0,0,0,0,0,-2000,0,2000,-2000,0,0,0,-101000
08404P,技嘉元大9C售02  ,0,0,0,0,0,0,0,0,0,-101000,0,0,0,0,101000,-101000,-101000
065027,玉晶光中信03購01,0,0,0,0,0,0,0,0,0,-102000,0,0,0,77000,179000,-102000,-102000
064917,元大金統一02購01,0,0,0,0,0,0,0,0,0,-102000,0,0,0,201000,303000,-102000,-102000
056618,京元電永豐98購01,0,0,0,0,0,0,0,0,0,-102000,0,0,0,75000,177000,-102000,-102000
061181,牧德凱基9A購01  ,0,0,0,0,0,0,0,0,0,-102000,0,0,0,0,102000,-102000,-102000
060910,聯發科元大9A購05,0,0,0,0,0,0,0,0,0,-102000,0,0,0,3000,105000,-102000,-102000
059911,國巨元大99購27  ,0,0,0,0,0,0,0,0,0,-102000,0,0,0,7000,109000,-102000,-102000
063562,國巨元大9C購06  ,0,0,0,0,0,0,0,0,0,-102000,0,0,0,85000,187000,-102000,-102000
08616P,聯發科元富9C售02,0,0,0,0,0,0,0,0,0,-102000,0,0,0,0,102000,-102000,-102000
3031,佰鴻            ,47000,150000,-103000,0,0,0,0,0,0,1000,1000,0,1000,0,0,0,-102000
2897,王道銀行        ,80000,179000,-99000,0,0,0,0,3000,-3000,0,0,0,0,0,0,0,-102000
064944,亞德客凱基9C購03,0,0,0,0,0,0,0,0,0,-103000,0,0,0,77000,180000,-103000,-103000
065220,義隆富邦01購02  ,0,0,0,0,0,0,0,0,0,-103000,0,0,0,495000,598000,-103000,-103000
08068P,宏達電國泰9C售01,0,0,0,0,0,0,0,0,0,-103000,0,0,0,0,103000,-103000,-103000
07285P,上証2X群益01售02,0,0,0,0,0,0,0,0,0,-103000,0,0,0,0,103000,-103000,-103000
07617P,聯發科中信9C售04,0,0,0,0,0,0,0,0,0,-103000,0,0,0,0,103000,-103000,-103000
066093,世紀鋼永豐01購01,0,0,0,0,0,0,0,0,0,-103000,0,0,0,96000,199000,-103000,-103000
066148,美利達群益01購02,0,0,0,0,0,0,0,0,0,-103000,0,0,0,0,103000,-103000,-103000
061647,南六元大9A購03  ,0,0,0,0,0,0,0,0,0,-103000,0,0,0,23000,126000,-103000,-103000
064156,大立光統一01購06,0,0,0,0,0,0,0,0,0,-103000,0,0,0,35000,138000,-103000,-103000
064355,南六元大01購01  ,0,0,0,0,0,0,0,0,0,-103000,0,0,0,88000,191000,-103000,-103000
2444,兆勁            ,1000,104000,-103000,0,0,0,0,0,0,0,0,0,0,0,0,0,-103000
5288,豐祥-KY         ,20000,123000,-103000,0,0,0,0,0,0,0,0,0,0,0,0,0,-103000
08551P,台積電群益9C售12,0,0,0,0,0,0,0,0,0,-103000,0,0,0,0,103000,-103000,-103000
1786,科妍            ,38000,142000,-104000,0,0,0,0,0,0,1000,5000,4000,1000,0,0,0,-103000
06721P,臺股指中信9A售03,0,0,0,0,0,0,0,0,0,-104000,0,0,0,260000,364000,-104000,-104000
07517P,台積電元大9A售17,0,0,0,0,0,0,0,0,0,-104000,0,0,0,0,104000,-104000,-104000
065179,同欣電元大02購01,0,0,0,0,0,0,0,0,0,-104000,0,0,0,74000,178000,-104000,-104000
065487,臺股指元大9C購25,0,0,0,0,0,0,0,0,0,-104000,0,0,0,0,104000,-104000,-104000
056599,臻鼎元富98購01  ,0,0,0,0,0,0,0,0,0,-104000,0,0,0,21000,125000,-104000,-104000
057514,華新科元富99購03,0,0,0,0,0,0,0,0,0,-104000,0,0,0,31000,135000,-104000,-104000
061034,晶豪科永豐9A購01,0,0,0,0,0,0,0,0,0,-104000,0,0,0,55000,159000,-104000,-104000
064729,聯茂統一02購02  ,0,0,0,0,0,0,0,0,0,-104000,0,0,0,522000,626000,-104000,-104000
063340,英業達統一9B購01,0,0,0,0,0,0,0,0,0,-104000,0,0,0,86000,190000,-104000,-104000
063195,訊連元富9B購01  ,0,0,0,0,0,0,0,0,0,-104000,0,0,0,227000,331000,-104000,-104000
063146,南六統一9B購02  ,0,0,0,0,0,0,0,0,0,-104000,0,0,0,151000,255000,-104000,-104000
065137,中鋼凱基01購01  ,0,0,0,0,0,0,0,0,0,-105000,0,0,0,0,105000,-105000,-105000
06778P,台積電元大99售06,0,0,0,0,0,0,0,0,0,-105000,0,0,0,20000,125000,-105000,-105000
066307,華城永豐01購01  ,0,0,0,0,0,0,0,0,0,-105000,0,0,0,5000,110000,-105000,-105000
055025,華新科國泰98購02,0,0,0,0,0,0,0,0,0,-105000,0,0,0,0,105000,-105000,-105000
039212,台達電台新9A購01,0,0,0,0,0,0,0,0,0,-105000,0,0,0,0,105000,-105000,-105000
060169,群電永豐9A購01  ,0,0,0,0,0,0,0,0,0,-105000,0,0,0,20000,125000,-105000,-105000
064716,國巨統一9C購14  ,0,0,0,0,0,0,0,0,0,-105000,0,0,0,0,105000,-105000,-105000
064127,聯發科元大9C購06,0,0,0,0,0,0,0,0,0,-105000,0,0,0,46000,151000,-105000,-105000
06934P,聯鈞元大98售03  ,0,0,0,0,0,0,0,0,0,-106000,0,0,0,3000,109000,-106000,-106000
07533P,臺股指中信9C售04,0,0,0,0,0,0,0,0,0,-106000,0,0,0,0,106000,-106000,-106000
057581,元大金中信9A購01,0,0,0,0,0,0,0,0,0,-106000,0,0,0,148000,254000,-106000,-106000
056139,貿聯元大97購04  ,0,0,0,0,0,0,0,0,0,-106000,0,0,0,0,106000,-106000,-106000
061714,華新科凱基9A購15,0,0,0,0,0,0,0,0,0,-106000,0,0,0,0,106000,-106000,-106000
062522,同欣電元大9B購02,0,0,0,0,0,0,0,0,0,-106000,0,0,0,23000,129000,-106000,-106000
062877,可成兆豐9C購01  ,0,0,0,0,0,0,0,0,0,-106000,0,0,0,14000,120000,-106000,-106000
07163P,臺股指群益99售14,0,0,0,0,0,0,0,0,0,-107000,0,0,0,200000,307000,-107000,-107000
06723P,台灣50麥證99售01,0,0,0,0,107000,-107000,0,0,0,-107000,0,0,0,0,107000,-107000,-107000
065848,聯詠元大9C購03  ,0,0,0,0,0,0,0,0,0,-107000,0,0,0,274000,381000,-107000,-107000
065996,T50反1第一01購01,0,0,0,0,0,0,0,0,0,-107000,0,0,0,22000,129000,-107000,-107000
060457,中橡元大9A購02  ,0,0,0,0,0,0,0,0,0,-107000,0,0,0,81000,188000,-107000,-107000
056769,國產元大98購01  ,0,0,0,0,0,0,0,0,0,-107000,0,0,0,0,107000,-107000,-107000
061527,牧德凱基9A購02  ,0,0,0,0,0,0,0,0,0,-107000,0,0,0,0,107000,-107000,-107000
063172,廣達中信9C購01  ,0,0,0,0,0,0,0,0,0,-107000,0,0,0,142000,249000,-107000,-107000
08529P,臻鼎元大9C售03  ,0,0,0,0,0,0,0,0,0,-107000,0,0,0,0,107000,-107000,-107000
065202,南電元富06購01  ,0,0,0,0,0,0,0,0,0,-108000,0,0,0,19000,127000,-108000,-108000
07694P,超眾元大9A售05  ,0,0,0,0,0,0,0,0,0,-108000,0,0,0,0,108000,-108000,-108000
00665L,富邦恒生國企正2 ,0,0,0,0,0,0,0,0,0,-108000,0,0,0,426000,534000,-108000,-108000
062111,台勝科國票9B購01,0,0,0,0,0,0,0,0,0,-108000,0,0,0,20000,128000,-108000,-108000
060643,牧德永豐9A購03  ,0,0,0,0,0,0,0,0,0,-108000,0,0,0,50000,158000,-108000,-108000
058572,百和凱基9A購01  ,0,0,0,0,0,0,0,0,0,-108000,0,0,0,58000,166000,-108000,-108000
062958,長榮航麥證9B購01,0,0,0,40000,148000,-108000,0,0,0,-108000,0,0,0,40000,148000,-108000,-108000
08440P,玉晶光國票01售05,0,0,0,0,0,0,0,0,0,-108000,0,0,0,5000,113000,-108000,-108000
08592P,聯發科凱基01售06,0,0,0,0,0,0,0,0,0,-108000,0,0,0,10000,118000,-108000,-108000
1522,堤維西          ,63000,170000,-107000,0,0,0,0,0,0,-1000,0,1000,-1000,0,0,0,-108000
07972P,大立光統一9C售05,0,0,0,0,0,0,0,0,0,-109000,0,0,0,0,109000,-109000,-109000
066240,泰鼎富邦03購01  ,0,0,0,0,0,0,0,0,0,-109000,0,0,0,0,109000,-109000,-109000
065898,神基麥證9C購01  ,0,0,0,105000,198000,-93000,0,0,0,-109000,0,0,0,105000,214000,-109000,-109000
049842,道瓊反中信98購01,0,0,0,0,0,0,0,0,0,-109000,0,0,0,0,109000,-109000,-109000
053866,景碩元大97購02  ,0,0,0,0,0,0,0,0,0,-109000,0,0,0,3000,112000,-109000,-109000
057837,康控國泰99購02  ,0,0,0,0,0,0,0,0,0,-109000,0,0,0,169000,278000,-109000,-109000
061897,泰碩永豐9B購01  ,0,0,0,0,0,0,0,0,0,-109000,0,0,0,0,109000,-109000,-109000
063897,神達群益9C購01  ,0,0,0,0,0,0,0,0,0,-109000,0,0,0,71000,180000,-109000,-109000
064371,矽格統一9C購02  ,0,0,0,0,0,0,0,0,0,-109000,0,0,0,32000,141000,-109000,-109000
064323,滬深2X元大9C購09,0,0,0,0,0,0,0,0,0,-109000,0,0,0,0,109000,-109000,-109000
08338P,台灣50凱基9C售11,0,0,0,0,0,0,0,0,0,-109000,0,0,0,23000,132000,-109000,-109000
066504,全新富邦03購01  ,0,0,0,0,0,0,0,0,0,-110000,0,0,0,0,110000,-110000,-110000
08171P,嘉澤國票9C售01  ,0,0,0,0,0,0,0,0,0,-110000,0,0,0,0,110000,-110000,-110000
07817P,同欣電群益9A售02,0,0,0,0,0,0,0,0,0,-110000,0,0,0,0,110000,-110000,-110000
07796P,聯發科國票9A售03,0,0,0,0,0,0,0,0,0,-110000,0,0,0,0,110000,-110000,-110000
057482,微星元大98購03  ,0,0,0,0,0,0,0,0,0,-110000,0,0,0,0,110000,-110000,-110000
058479,亞光凱基9A購01  ,0,0,0,0,0,0,0,0,0,-110000,0,0,0,10000,120000,-110000,-110000
054819,裕民元大9A購01  ,0,0,0,0,0,0,0,0,0,-110000,0,0,0,76000,186000,-110000,-110000
056823,智伸科永豐98購01,0,0,0,0,0,0,0,0,0,-110000,0,0,0,0,110000,-110000,-110000
062107,台光電國票9B購01,0,0,0,0,0,0,0,0,0,-110000,0,0,0,0,110000,-110000,-110000
060105,牧德元大9B購01  ,0,0,0,0,0,0,0,0,0,-110000,0,0,0,69000,179000,-110000,-110000
061778,元金2X群益9B購02,0,0,0,0,0,0,0,0,0,-110000,0,0,0,10000,120000,-110000,-110000
059900,上証反元大99購03,0,0,0,0,0,0,0,0,0,-110000,0,0,0,0,110000,-110000,-110000
058813,旺宏統一9B購04  ,0,0,0,0,0,0,0,0,0,-110000,0,0,0,247000,357000,-110000,-110000
061230,臺指反元大01購04,0,0,0,0,0,0,0,0,0,-110000,0,0,0,0,110000,-110000,-110000
064218,南六凱基01購01  ,0,0,0,0,0,0,0,0,0,-110000,0,0,0,0,110000,-110000,-110000
06477P,緯穎國票99售02  ,0,0,0,0,0,0,0,0,0,-110000,0,0,0,0,110000,-110000,-110000
064640,和大凱基03購01  ,0,0,0,0,0,0,0,0,0,-110000,0,0,0,13000,123000,-110000,-110000
08289P,智邦統一9C售01  ,0,0,0,0,0,0,0,0,0,-110000,0,0,0,1000,111000,-110000,-110000
2228,劍麟            ,57000,156000,-99000,0,0,0,0,0,0,-11000,0,3000,-3000,3000,11000,-8000,-110000
064909,華擎麥證9C購01  ,0,0,0,184000,275000,-91000,0,0,0,-111000,0,0,0,205000,316000,-111000,-111000
064878,大立光兆豐9C購03,0,0,0,0,0,0,0,0,0,-111000,0,0,0,9000,120000,-111000,-111000
060868,致伸永豐9A購01  ,0,0,0,0,0,0,0,0,0,-111000,0,0,0,40000,151000,-111000,-111000
1464,得力            ,90000,203000,-113000,0,0,0,0,0,0,2000,0,1000,-1000,3000,0,3000,-111000
8104,錸寶            ,202000,409000,-207000,0,0,0,96000,0,96000,0,0,0,0,0,0,0,-111000
065060,上銀群益9C購02  ,0,0,0,0,0,0,0,0,0,-112000,0,0,0,18000,130000,-112000,-112000
065171,燿華元大9C購04  ,0,0,0,0,0,0,0,0,0,-112000,0,0,0,169000,281000,-112000,-112000
065403,健鼎國泰02購01  ,0,0,0,0,0,0,0,0,0,-112000,0,0,0,85000,197000,-112000,-112000
065587,亞德客永豐9C購02,0,0,0,0,0,0,0,0,0,-112000,0,0,0,68000,180000,-112000,-112000
07292P,臺股指凱基99售44,0,0,0,0,0,0,0,0,0,-112000,0,0,0,0,112000,-112000,-112000
07990P,緯穎凱基9B售02  ,0,0,0,0,0,0,0,0,0,-112000,0,0,0,30000,142000,-112000,-112000
060888,金像電統一9C購01,0,0,0,0,0,0,0,0,0,-112000,0,0,0,120000,232000,-112000,-112000
064666,華新科元大02購01,0,0,0,0,0,0,0,0,0,-112000,0,0,0,160000,272000,-112000,-112000
064197,智伸科群益9C購01,0,0,0,0,0,0,0,0,0,-112000,0,0,0,64000,176000,-112000,-112000
063203,華新科統一9C購04,0,0,0,0,0,0,0,0,0,-112000,0,0,0,529000,641000,-112000,-112000
08262P,茂林元大9C售01  ,0,0,0,0,0,0,0,0,0,-112000,0,0,0,3000,115000,-112000,-112000
065566,裕隆群益9C購02  ,0,0,0,0,0,0,0,0,0,-113000,0,0,0,0,113000,-113000,-113000
065544,和大兆豐01購01  ,0,0,0,0,0,0,0,0,0,-113000,0,0,0,0,113000,-113000,-113000
064996,T50反1國票01購03,0,0,0,0,0,0,0,0,0,-113000,0,0,0,450000,563000,-113000,-113000
057493,聯詠元大98購02  ,0,0,0,0,0,0,0,0,0,-113000,0,0,0,11000,124000,-113000,-113000
057536,康控元大99購03  ,0,0,0,0,0,0,0,0,0,-113000,0,0,0,156000,269000,-113000,-113000
056261,台積電統一97購07,0,0,0,0,0,0,0,0,0,-113000,0,0,0,87000,200000,-113000,-113000
060762,長榮航元大9A購02,0,0,0,0,0,0,0,0,0,-113000,0,0,0,0,113000,-113000,-113000
063536,美食統一01購01  ,0,0,0,0,0,0,0,0,0,-113000,0,0,0,475000,588000,-113000,-113000
062874,微星兆豐9B購01  ,0,0,0,0,0,0,0,0,0,-113000,0,0,0,117000,230000,-113000,-113000
064210,台光電凱基03購01,0,0,0,0,0,0,0,0,0,-113000,0,0,0,35000,148000,-113000,-113000
063637,聯發科元大9C購02,0,0,0,0,0,0,0,0,0,-113000,0,0,0,81000,194000,-113000,-113000
6155,鈞寶            ,54000,167000,-113000,0,0,0,0,0,0,0,0,0,0,0,0,0,-113000
064811,華擎元大01購01  ,0,0,0,0,0,0,0,0,0,-114000,0,0,0,483000,597000,-114000,-114000
060375,葡萄王元富9A購01,0,0,0,0,0,0,0,0,0,-114000,0,0,0,50000,164000,-114000,-114000
062889,可成群益9C購01  ,0,0,0,0,0,0,0,0,0,-114000,0,0,0,2000,116000,-114000,-114000
062763,華擎凱基9C購02  ,0,0,0,0,0,0,0,0,0,-114000,0,0,0,71000,185000,-114000,-114000
08400P,美律元富9C售02  ,0,0,0,0,0,0,0,0,0,-114000,0,0,0,38000,152000,-114000,-114000
08599P,台表科元大9C售11,0,0,0,0,0,0,0,0,0,-114000,0,0,0,5000,119000,-114000,-114000
065355,聯發科元富03購05,0,0,0,0,0,0,0,0,0,-115000,0,0,0,221000,336000,-115000,-115000
08053P,臺股指國票9B售18,0,0,0,0,0,0,0,0,0,-115000,0,0,0,30000,145000,-115000,-115000
057600,大立光群益99購03,0,0,0,0,0,0,0,0,0,-115000,0,0,0,79000,194000,-115000,-115000
061361,世紀鋼兆豐9A購01,0,0,0,0,0,0,0,0,0,-115000,0,0,0,0,115000,-115000,-115000
058367,大立光凱基9A購01,0,0,0,0,0,0,0,0,0,-115000,0,0,0,40000,155000,-115000,-115000
064331,微星元大9C購03  ,0,0,0,0,0,0,0,0,0,-115000,0,0,0,125000,240000,-115000,-115000
08590P,智邦凱基9C售04  ,0,0,0,0,0,0,0,0,0,-115000,0,0,0,48000,163000,-115000,-115000
08559P,瑞昱國票9C售01  ,0,0,0,0,0,0,0,0,0,-115000,0,0,0,10000,125000,-115000,-115000
08463P,台灣50國泰02售02,0,0,0,0,0,0,0,0,0,-115000,0,0,0,126000,241000,-115000,-115000
08386P,臺股指群益9C售14,0,0,0,0,0,0,0,0,0,-115000,0,0,0,225000,340000,-115000,-115000
08150P,立積國票9C售01  ,0,0,0,0,0,0,0,0,0,-116000,0,0,0,200000,316000,-116000,-116000
08194P,同欣電國票9C售03,0,0,0,0,0,0,0,0,0,-116000,0,0,0,46000,162000,-116000,-116000
3607,谷崧            ,24000,140000,-116000,0,0,0,0,0,0,0,0,0,0,0,0,0,-116000
07670P,茂林元大9A售02  ,0,0,0,0,0,0,0,0,0,-117000,0,0,0,0,117000,-117000,-117000
064902,健策群益01購03  ,0,0,0,0,0,0,0,0,0,-117000,0,0,0,29000,146000,-117000,-117000
057450,國泰金元富98購01,0,0,0,0,0,0,0,0,0,-117000,0,0,0,158000,275000,-117000,-117000
057000,亞德客國票99購01,0,0,0,0,0,0,0,0,0,-117000,0,0,0,1000,118000,-117000,-117000
055024,興勤國泰98購01  ,0,0,0,0,0,0,0,0,0,-117000,0,0,0,0,117000,-117000,-117000
061256,亞德客凱基9B購01,0,0,0,0,0,0,0,0,0,-117000,0,0,0,10000,127000,-117000,-117000
058623,國巨國票99購08  ,0,0,0,0,0,0,0,0,0,-117000,0,0,0,12000,129000,-117000,-117000
059194,元金2X永豐99購01,0,0,0,0,0,0,0,0,0,-117000,0,0,0,0,117000,-117000,-117000
1416,廣豐            ,22000,139000,-117000,0,0,0,0,0,0,0,0,0,0,0,0,0,-117000
2636,台驊投控        ,254000,377639,-123639,0,0,0,0,0,0,6000,6000,0,6000,0,0,0,-117639
065176,玉晶光元大01購04,0,0,0,0,0,0,0,0,0,-118000,0,0,0,144000,262000,-118000,-118000
065961,東元元大04購01  ,0,0,0,0,0,0,0,0,0,-118000,0,0,0,82000,200000,-118000,-118000
07764P,世紀鋼永豐9A售04,0,0,0,0,0,0,0,0,0,-118000,0,0,0,0,118000,-118000,-118000
08202P,台表科國泰01售04,0,0,0,0,0,0,0,0,0,-118000,0,0,0,190000,308000,-118000,-118000
060145,牧德國票9A購02  ,0,0,0,0,0,0,0,0,0,-118000,0,0,0,21000,139000,-118000,-118000
064572,同欣電群益9C購02,0,0,0,0,0,0,0,0,0,-118000,0,0,0,80000,198000,-118000,-118000
063056,嘉澤統一9C購02  ,0,0,0,0,0,0,0,0,0,-118000,0,0,0,56000,174000,-118000,-118000
2511,太子            ,129000,244000,-115000,0,0,0,0,0,0,-3000,0,3000,-3000,0,0,0,-118000
03662C,FBVIX凱基03牛01 ,0,0,0,0,0,0,0,0,0,-119000,0,0,0,24000,143000,-119000,-119000
6224,聚鼎            ,149000,279000,-130000,0,0,0,0,0,0,11000,12000,1000,11000,0,0,0,-119000
066501,鴻海富邦03購01  ,0,0,0,0,0,0,0,0,0,-120000,0,0,0,0,120000,-120000,-120000
054740,強茂凱基99購01  ,0,0,0,0,0,0,0,0,0,-120000,0,0,0,32000,152000,-120000,-120000
056939,康控元富98購01  ,0,0,0,0,0,0,0,0,0,-120000,0,0,0,423000,543000,-120000,-120000
057004,滬深反中信9A購01,0,0,0,0,0,0,0,0,0,-120000,0,0,0,0,120000,-120000,-120000
061065,神基凱基9A購01  ,0,0,0,0,0,0,0,0,0,-120000,0,0,0,75000,195000,-120000,-120000
06333P,臺股指群益9C售02,0,0,0,0,0,0,0,0,0,-120000,0,0,0,64000,184000,-120000,-120000
054279,揚明光群益98購01,0,0,0,0,0,0,0,0,0,-121000,0,0,0,0,121000,-121000,-121000
00674R,元大S&P黃金反1  ,0,0,0,0,0,0,0,0,0,-121000,0,0,0,140000,261000,-121000,-121000
2340,光磊            ,682000,760000,-78000,0,0,0,0,0,0,-43000,1000,3000,-2000,8000,49000,-41000,-121000
2390,云辰            ,1000,122000,-121000,0,0,0,0,0,0,0,0,0,0,0,0,0,-121000
060964,日月光凱基9A購01,0,0,0,0,0,0,0,0,0,-122000,0,0,0,3000,125000,-122000,-122000
058656,燿華中信99購01  ,0,0,0,0,0,0,0,0,0,-122000,0,0,0,41000,163000,-122000,-122000
061925,禾伸堂凱基9C購01,0,0,0,0,0,0,0,0,0,-122000,0,0,0,264000,386000,-122000,-122000
6235,華孚            ,479000,601000,-122000,0,0,0,0,0,0,0,0,0,0,0,0,0,-122000
4552,力達-KY         ,9000,131000,-122000,0,0,0,0,0,0,0,0,0,0,0,0,0,-122000
08296P,同欣電元大9C售04,0,0,0,0,0,0,0,0,0,-122000,0,0,0,0,122000,-122000,-122000
065570,台光電群益01購01,0,0,0,0,0,0,0,0,0,-123000,0,0,0,60000,183000,-123000,-123000
064882,同欣電兆豐9C購01,0,0,0,0,0,0,0,0,0,-123000,0,0,0,0,123000,-123000,-123000
064934,南電統一01購02  ,0,2000,-2000,0,0,0,0,0,0,-121000,0,0,0,706000,827000,-121000,-123000
020015,統一MSCI美低波N ,0,0,0,0,0,0,0,0,0,-123000,0,0,0,6000,129000,-123000,-123000
053734,友達中信98購02  ,0,0,0,0,0,0,0,0,0,-123000,0,0,0,638000,761000,-123000,-123000
053449,超眾凱基98購01  ,0,0,0,0,0,0,0,0,0,-123000,0,0,0,22000,145000,-123000,-123000
056276,同欣電國泰98購01,0,0,0,0,0,0,0,0,0,-123000,0,0,0,30000,153000,-123000,-123000
062081,華新科元大9B購06,0,0,0,0,0,0,0,0,0,-123000,0,0,0,137000,260000,-123000,-123000
1527,鑽全            ,80000,203000,-123000,0,0,0,0,0,0,0,0,0,0,0,0,0,-123000
4106,雃博            ,358000,481000,-123000,0,0,0,0,0,0,0,0,0,0,0,0,0,-123000
4967,十銓            ,355000,477000,-122000,0,0,0,0,0,0,-1000,1000,2000,-1000,0,0,0,-123000
2376,技嘉            ,1663000,1436000,227000,0,0,0,800000,804000,-4000,-346000,86000,300000,-214000,72000,204000,-132000,-123000
065074,亞德客元大9C購03,0,0,0,0,0,0,0,0,0,-124000,0,0,0,357000,481000,-124000,-124000
06902P,聯電凱基98售02  ,0,0,0,0,0,0,0,0,0,-124000,0,0,0,26000,150000,-124000,-124000
08117P,聯發科元富9B售04,0,0,0,0,0,0,0,0,0,-124000,0,0,0,0,124000,-124000,-124000
055541,聚陽凱基98購01  ,0,0,0,0,0,0,0,0,0,-124000,0,0,0,0,124000,-124000,-124000
064166,和潤統一02購01  ,0,0,0,0,0,0,0,0,0,-124000,0,0,0,279000,403000,-124000,-124000
08562P,南電國票01售03  ,0,0,0,0,0,0,0,0,0,-124000,0,0,0,0,124000,-124000,-124000
3059,華晶科          ,1527000,1465270,61730,0,0,0,0,186000,-186000,0,1000,1000,0,0,0,0,-124270
020002,元富新中國N     ,0,0,0,0,0,0,0,0,0,-125000,0,0,0,5000,130000,-125000,-125000
058480,新日興凱基9A購01,0,0,0,0,0,0,0,0,0,-125000,0,0,0,74000,199000,-125000,-125000
061817,高鐵群益9B購01  ,0,0,0,0,0,0,0,0,0,-125000,0,0,0,66000,191000,-125000,-125000
060804,T50反1群益9A購02,0,0,0,0,0,0,0,0,0,-125000,0,0,0,0,125000,-125000,-125000
059344,長榮航凱基99購01,0,0,0,0,0,0,0,0,0,-125000,0,0,0,9000,134000,-125000,-125000
9934,成霖            ,15000,139000,-124000,0,0,0,0,0,0,-1000,0,1000,-1000,0,0,0,-125000
08219P,上銀凱基9B售08  ,0,0,0,0,0,0,0,0,0,-126000,0,0,0,10000,136000,-126000,-126000
064921,景碩統一02購01  ,0,0,0,0,0,0,0,0,0,-126000,0,0,0,29000,155000,-126000,-126000
065527,巨大群益9C購03  ,0,0,0,0,0,0,0,0,0,-126000,0,0,0,0,126000,-126000,-126000
058431,國巨統一9B購01  ,0,0,0,0,0,0,0,0,0,-126000,0,0,0,700000,826000,-126000,-126000
064552,巨大凱基01購01  ,0,0,0,0,0,0,0,0,0,-126000,0,0,0,60000,186000,-126000,-126000
1720,生達            ,129000,256000,-127000,0,0,0,0,0,0,1000,1000,0,1000,0,0,0,-126000
065602,聯發科元大9C購15,0,0,0,0,0,0,0,0,0,-127000,0,0,0,0,127000,-127000,-127000
065253,和大元大01購02  ,0,0,0,0,0,0,0,0,0,-127000,0,0,0,76000,203000,-127000,-127000
057739,新日興富邦9B購01,0,0,0,0,0,0,0,0,0,-127000,0,0,0,88000,215000,-127000,-127000
065399,新日興群益01購01,0,0,0,0,0,0,0,0,0,-128000,0,0,0,37000,165000,-128000,-128000
065780,國巨富邦03購02  ,0,0,0,0,0,0,0,0,0,-128000,0,0,0,280000,408000,-128000,-128000
057668,華新科元大9A購01,0,0,0,0,0,0,0,0,0,-128000,0,0,0,0,128000,-128000,-128000
058020,大立光凱基99購03,0,0,0,0,0,0,0,0,0,-128000,0,0,0,73000,201000,-128000,-128000
058692,華邦電國票9B購01,0,0,0,0,0,0,0,0,0,-128000,0,0,0,100000,228000,-128000,-128000
061612,南六統一9A購01  ,0,0,0,0,0,0,0,0,0,-128000,0,0,0,10000,138000,-128000,-128000
08376P,南亞科元富9C售03,0,0,0,0,0,0,0,0,0,-128000,0,0,0,5000,133000,-128000,-128000
8011,台通            ,611000,740000,-129000,0,0,0,0,0,0,1000,1000,0,1000,0,0,0,-128000
066513,精元永豐01購02  ,0,0,0,0,0,0,0,0,0,-129000,0,0,0,0,129000,-129000,-129000
066072,華新科凱基01購03,0,0,0,0,0,0,0,0,0,-129000,0,0,0,264000,393000,-129000,-129000
064522,華擎群益01購01  ,0,0,0,0,0,0,0,0,0,-129000,0,0,0,131000,260000,-129000,-129000
064590,牧德永豐9C購01  ,0,0,0,0,0,0,0,0,0,-129000,0,0,0,0,129000,-129000,-129000
063662,上銀統一01購03  ,0,0,0,0,0,0,0,0,0,-129000,0,0,0,20000,149000,-129000,-129000
063315,京元電群益9B購03,0,0,0,0,0,0,0,0,0,-129000,0,0,0,97000,226000,-129000,-129000
062333,嘉晶統一9C購01  ,0,0,0,0,0,0,0,0,0,-129000,0,0,0,273000,402000,-129000,-129000
066274,景碩元大01購02  ,0,0,0,0,0,0,0,0,0,-130000,0,0,0,0,130000,-130000,-130000
08005P,台積電群益9C售04,0,0,0,0,0,0,0,0,0,-130000,0,0,0,0,130000,-130000,-130000
057853,旺宏國票99購05  ,0,0,0,0,0,0,0,0,0,-130000,0,0,0,0,130000,-130000,-130000
063929,高鐵統一02購01  ,0,0,0,0,0,0,0,0,0,-130000,0,0,0,0,130000,-130000,-130000
08278P,玉晶光元富9C售02,0,0,0,0,0,0,0,0,0,-130000,0,0,0,20000,150000,-130000,-130000
08333P,大立光富邦02售03,0,0,0,0,0,0,0,0,0,-130000,0,0,0,0,130000,-130000,-130000
08607P,聯發科富邦03售04,0,0,0,0,0,0,0,0,0,-130000,0,0,0,100000,230000,-130000,-130000
6108,競國            ,107000,237000,-130000,0,0,0,0,0,0,0,0,0,0,0,0,0,-130000
2419,仲琦            ,99000,219000,-120000,0,0,0,0,0,0,-10000,1000,11000,-10000,0,0,0,-130000
2451,創見            ,97000,222130,-125130,0,0,0,0,0,0,-5000,1000,1000,0,14000,19000,-5000,-130130
06138P,台積電中信99售01,0,0,0,0,0,0,0,0,0,-131000,0,0,0,19000,150000,-131000,-131000
064587,泰碩永豐9C購01  ,0,0,0,0,0,0,0,0,0,-131000,0,0,0,32000,163000,-131000,-131000
063303,聯發科凱基9B購14,0,0,0,0,0,0,0,0,0,-131000,0,0,0,8000,139000,-131000,-131000
2107,厚生            ,164000,294000,-130000,0,0,0,0,0,0,-1000,0,1000,-1000,0,0,0,-131000
065989,泰碩永豐01購01  ,0,0,0,0,0,0,0,0,0,-132000,0,0,0,118000,250000,-132000,-132000
054378,楠梓電群益98購01,0,0,0,0,0,0,0,0,0,-132000,0,0,0,10000,142000,-132000,-132000
053901,T50反1凱基99購03,0,0,0,0,0,0,0,0,0,-132000,0,0,0,0,132000,-132000,-132000
055815,亞光國票99購01  ,0,0,0,0,0,0,0,0,0,-132000,0,0,0,0,132000,-132000,-132000
061515,泰碩永豐9A購03  ,0,0,0,0,0,0,0,0,0,-132000,0,0,0,366000,498000,-132000,-132000
061682,南電元大9B購01  ,0,0,0,0,0,0,0,0,0,-132000,0,0,0,51000,183000,-132000,-132000
3622,洋華            ,161000,295000,-134000,0,0,0,0,0,0,2000,2000,0,2000,0,0,0,-132000
9103,美德醫療-DR     ,71000,203000,-132000,0,0,0,0,0,0,0,0,0,0,0,0,0,-132000
066055,聯鈞元大01購01  ,0,0,0,0,0,0,0,0,0,-133000,0,0,0,6000,139000,-133000,-133000
064743,聯詠國票01購01  ,0,0,0,0,0,0,0,0,0,-133000,0,0,0,48000,181000,-133000,-133000
08513P,聯發科凱基9C售08,0,0,0,0,0,0,0,0,0,-133000,0,0,0,0,133000,-133000,-133000
08509P,臺股指國票9C售10,0,0,0,0,0,0,0,0,0,-133000,0,0,0,0,133000,-133000,-133000
065550,聯發科凱基01購07,0,0,0,0,0,0,0,0,0,-134000,0,0,0,88000,222000,-134000,-134000
064938,華新科元富9C購01,0,0,0,0,0,0,0,0,0,-134000,0,0,0,55000,189000,-134000,-134000
065024,華擎永豐9C購01  ,0,0,0,0,0,0,0,0,0,-134000,0,0,0,115000,249000,-134000,-134000
055486,國巨元大98購06  ,0,0,0,0,0,0,0,0,0,-134000,0,0,0,4000,138000,-134000,-134000
061350,牧德元大9B購03  ,0,0,0,0,0,0,0,0,0,-134000,0,0,0,0,134000,-134000,-134000
060920,超眾富邦9B購01  ,0,0,0,0,0,0,0,0,0,-134000,0,0,0,270000,404000,-134000,-134000
064672,同欣電元大01購01,0,0,0,0,0,0,0,0,0,-134000,0,0,0,204000,338000,-134000,-134000
063269,儒鴻兆豐9C購01  ,0,0,0,0,0,0,0,0,0,-134000,0,0,0,0,134000,-134000,-134000
064998,T50反1國票02購01,0,0,0,0,0,0,0,0,0,-135000,0,0,0,0,135000,-135000,-135000
08046P,臺股指國票9B售11,0,0,0,0,0,0,0,0,0,-135000,0,0,0,0,135000,-135000,-135000
055594,華新科元大98購02,0,0,0,0,0,0,0,0,0,-135000,0,0,0,0,135000,-135000,-135000
057109,信邦群益98購01  ,0,0,0,0,0,0,0,0,0,-135000,0,0,0,0,135000,-135000,-135000
059959,訊芯康和99購01  ,0,0,0,0,0,0,0,0,0,-135000,0,0,0,2000,137000,-135000,-135000
059028,嘉聯益台新99購02,0,0,0,0,0,0,0,0,0,-135000,0,0,0,0,135000,-135000,-135000
08340P,聯發科元富9C售01,0,0,0,0,0,0,0,0,0,-135000,0,0,0,0,135000,-135000,-135000
1215,卜蜂            ,61000,202000,-141000,0,0,0,0,0,0,6000,0,0,0,6000,0,6000,-135000
07913P,友達元大01售01  ,0,40000,-40000,0,0,0,0,0,0,-96000,0,0,0,101000,197000,-96000,-136000
08205P,智邦凱基9B售03  ,0,0,0,0,0,0,0,0,0,-136000,0,0,0,0,136000,-136000,-136000
065588,聯發科永豐9C購02,0,0,0,0,0,0,0,0,0,-136000,0,0,0,0,136000,-136000,-136000
065850,緯創元大9C購06  ,0,0,0,0,0,0,0,0,0,-136000,0,0,0,428000,564000,-136000,-136000
057663,國巨元大99購08  ,0,0,0,0,0,0,0,0,0,-136000,0,0,0,14000,150000,-136000,-136000
063204,高鐵統一9C購01  ,0,0,0,0,0,0,0,0,0,-136000,0,0,0,57000,193000,-136000,-136000
064048,大立光統一9C購07,0,0,0,0,0,0,0,0,0,-136000,0,0,0,456000,592000,-136000,-136000
065642,台積電元大9C購13,0,0,0,0,0,0,0,0,0,-137000,0,0,0,73000,210000,-137000,-137000
07966P,瑞祺群益9B售02  ,0,0,0,0,0,0,0,0,0,-137000,0,0,0,0,137000,-137000,-137000
055182,京鼎統一98購01  ,0,0,0,0,0,0,0,0,0,-137000,0,0,0,84000,221000,-137000,-137000
060386,台勝科凱基9B購01,0,0,0,0,0,0,0,0,0,-137000,0,0,0,32000,169000,-137000,-137000
057804,為升元大98購01  ,0,0,0,0,0,0,0,0,0,-137000,0,0,0,10000,147000,-137000,-137000
056292,統一元大97購01  ,0,0,0,0,0,0,0,0,0,-137000,0,0,0,119000,256000,-137000,-137000
1731,美吾華          ,190000,326000,-136000,0,0,0,0,0,0,-1000,0,1000,-1000,0,0,0,-137000
066397,智原凱基01購01  ,0,0,0,0,0,0,0,0,0,-138000,0,0,0,8000,146000,-138000,-138000
062214,金寶統一01購01  ,0,0,0,0,0,0,0,0,0,-138000,0,0,0,0,138000,-138000,-138000
055781,聯詠凱基98購01  ,0,0,0,0,0,0,0,0,0,-139000,0,0,0,73000,212000,-139000,-139000
06771P,台灣50中信02售01,0,0,0,0,0,0,0,0,0,-140000,0,0,0,0,140000,-140000,-140000
07407P,欣興凱基99售07  ,0,0,0,0,0,0,0,0,0,-140000,0,0,0,0,140000,-140000,-140000
065014,南電國泰01購01  ,0,0,0,0,0,0,0,0,0,-140000,0,0,0,1000,141000,-140000,-140000
057532,智原元大98購03  ,0,0,0,0,0,0,0,0,0,-140000,0,0,0,13000,153000,-140000,-140000
058809,國巨統一9B購03  ,0,0,0,0,0,0,0,0,0,-140000,0,0,0,120000,260000,-140000,-140000
05878P,創意群益98售01  ,0,0,0,0,0,0,0,0,0,-140000,0,0,0,0,140000,-140000,-140000
061000,旺宏兆豐9A購02  ,0,0,0,0,0,0,0,0,0,-140000,0,0,0,20000,160000,-140000,-140000
058655,鴻海中信03購02  ,0,0,0,0,0,0,0,0,0,-140000,0,0,0,0,140000,-140000,-140000
058201,華通凱基9A購01  ,0,0,0,0,0,0,0,0,0,-140000,0,0,0,0,140000,-140000,-140000
064109,上銀國票01購01  ,0,0,0,0,0,0,0,0,0,-140000,0,0,0,51000,191000,-140000,-140000
08252P,台積電國票9C售06,0,0,0,0,0,0,0,0,0,-140000,0,0,0,0,140000,-140000,-140000
3003,健和興          ,158000,293000,-135000,0,0,0,0,0,0,-5000,0,0,0,0,5000,-5000,-140000
2915,潤泰全          ,377000,479470,-102470,0,0,0,0,0,0,-38000,4000,10000,-6000,22000,54000,-32000,-140470
064903,新唐群益9C購01  ,0,0,0,0,0,0,0,0,0,-141000,0,0,0,22000,163000,-141000,-141000
07818P,台積電國票9C售01,0,0,0,0,0,0,0,0,0,-141000,0,0,0,100000,241000,-141000,-141000
063186,聯發科凱基9C購04,0,0,0,0,0,0,0,0,0,-141000,0,0,0,20000,161000,-141000,-141000
058677,矽格群益99購01  ,0,0,0,0,0,0,0,0,0,-142000,0,0,0,58000,200000,-142000,-142000
059091,中信金元大99購01,0,0,0,0,0,0,0,0,0,-142000,0,0,0,600000,742000,-142000,-142000
2905,三商            ,308000,447000,-139000,0,0,0,0,0,0,-3000,0,3000,-3000,0,0,0,-142000
6183,關貿            ,61000,204900,-143900,0,0,0,0,0,0,1000,1000,0,1000,0,0,0,-142900
066313,泰豐永豐01購01  ,0,0,0,0,0,0,0,0,0,-143000,0,0,0,0,143000,-143000,-143000
060290,興富發元大9C購01,0,0,0,0,0,0,0,0,0,-143000,0,0,0,3000,146000,-143000,-143000
2485,兆赫            ,224000,360000,-136000,0,0,0,0,0,0,-7000,1000,8000,-7000,0,0,0,-143000
065331,亞德客國票01購01,0,0,0,0,0,0,0,0,0,-144000,0,0,0,42000,186000,-144000,-144000
065680,聯發科統一9C購16,0,0,0,0,0,0,0,0,0,-144000,0,0,0,117000,261000,-144000,-144000
062922,南六元大9B購03  ,0,0,0,0,0,0,0,0,0,-144000,0,0,0,10000,154000,-144000,-144000
062610,啟碁凱基9B購01  ,0,0,0,0,0,0,0,0,0,-144000,0,0,0,469000,613000,-144000,-144000
063660,儒鴻統一9C購01  ,0,0,0,0,0,0,0,0,0,-144000,0,0,0,20000,164000,-144000,-144000
063625,儒鴻元大9B購03  ,0,0,0,0,0,0,0,0,0,-144000,0,0,0,77000,221000,-144000,-144000
064295,聚陽國票01購01  ,0,0,0,0,0,0,0,0,0,-144000,0,0,0,10000,154000,-144000,-144000
064853,亞德客麥證9C購01,0,0,0,120000,265000,-145000,0,0,0,-145000,0,0,0,120000,265000,-145000,-145000
03840P,台積電統一99售02,0,0,0,0,0,0,0,0,0,-145000,0,0,0,0,145000,-145000,-145000
059546,FBVIX群益99購03 ,0,0,0,0,0,0,0,0,0,-145000,0,0,0,0,145000,-145000,-145000
6197,佳必琪          ,836000,986000,-150000,0,0,0,0,0,0,5000,5000,0,5000,0,0,0,-145000
08290P,高鐵統一01售01  ,0,0,0,0,0,0,0,0,0,-145000,0,0,0,0,145000,-145000,-145000
08436P,TPK群益9C售04   ,0,0,0,0,0,0,0,0,0,-145000,0,0,0,0,145000,-145000,-145000
065085,聯發科元大01購02,0,0,0,0,0,0,0,0,0,-146000,0,0,0,52000,198000,-146000,-146000
053083,中環元大99購01  ,0,0,0,0,0,0,0,0,0,-147000,0,0,0,792000,939000,-147000,-147000
058828,大毅永豐99購01  ,0,0,0,0,0,0,0,0,0,-147000,0,0,0,125000,272000,-147000,-147000
062722,京元電凱基9B購02,0,0,0,0,0,0,0,0,0,-147000,0,0,0,443000,590000,-147000,-147000
3052,夆典            ,210000,357000,-147000,0,0,0,0,0,0,0,0,0,0,0,0,0,-147000
065607,聯詠元大9C購02  ,0,0,0,0,0,0,0,0,0,-148000,0,0,0,298000,446000,-148000,-148000
065927,智原國票02購01  ,0,0,0,0,0,0,0,0,0,-148000,0,0,0,18000,166000,-148000,-148000
08238P,嘉晶永豐9B售03  ,0,0,0,0,0,0,0,0,0,-148000,0,0,0,22000,170000,-148000,-148000
056357,台積電元大9A購01,0,0,0,0,0,0,0,0,0,-148000,0,0,0,48000,196000,-148000,-148000
058129,國巨元大99購10  ,0,0,0,0,0,0,0,0,0,-148000,0,0,0,0,148000,-148000,-148000
063926,南亞科統一03購01,0,0,0,0,0,0,0,0,0,-148000,0,0,0,60000,208000,-148000,-148000
4155,訊映            ,40000,188000,-148000,0,0,0,0,0,0,0,0,0,0,0,0,0,-148000
08308P,聯發科凱基01售03,0,0,0,0,0,0,0,0,0,-148000,0,0,0,35000,183000,-148000,-148000
061122,敬鵬永豐9A購01  ,0,0,0,0,0,0,0,0,0,-149000,0,0,0,77000,226000,-149000,-149000
059995,南亞科元富99購01,0,0,0,0,0,0,0,0,0,-149000,0,0,0,2000,151000,-149000,-149000
08381P,台灣50群益9C售06,0,0,0,0,0,0,0,0,0,-149000,0,0,0,20000,169000,-149000,-149000
07865P,可成元大9B售02  ,0,0,0,0,0,0,0,0,0,-150000,0,0,0,0,150000,-150000,-150000
06629P,台灣50第一98售01,0,0,0,0,0,0,0,0,0,-150000,0,0,0,0,150000,-150000,-150000
06743P,創意永豐98售03  ,0,0,0,0,0,0,0,0,0,-150000,0,0,0,0,150000,-150000,-150000
056574,亞光元大99購03  ,0,0,0,0,0,0,0,0,0,-150000,0,0,0,266000,416000,-150000,-150000
053246,聯詠國票97購02  ,0,0,0,0,0,0,0,0,0,-150000,0,0,0,10000,160000,-150000,-150000
056790,彩晶群益98購03  ,0,0,0,0,0,0,0,0,0,-150000,0,0,0,0,150000,-150000,-150000
063564,台積電元大9B購07,0,0,0,0,0,0,0,0,0,-150000,0,0,0,0,150000,-150000,-150000
1710,東聯            ,196000,343000,-147000,0,0,0,0,0,0,-3000,0,3000,-3000,0,0,0,-150000
8039,台虹            ,530000,842000,-312000,0,0,0,140000,0,140000,22000,223000,53000,170000,0,148000,-148000,-150000
066343,佳醫永豐01購01  ,0,0,0,0,0,0,0,0,0,-151000,0,0,0,0,151000,-151000,-151000
07472P,和碩元大9A售03  ,0,0,0,0,0,0,0,0,0,-151000,0,0,0,0,151000,-151000,-151000
065324,聯發科凱基9C購10,0,0,0,0,0,0,0,0,0,-151000,0,0,0,9000,160000,-151000,-151000
00640L,富邦日本正2     ,0,0,0,0,0,0,0,0,0,-151000,0,0,0,544000,695000,-151000,-151000
05631P,國巨富邦9A售01  ,0,0,0,0,0,0,0,0,0,-151000,0,0,0,31000,182000,-151000,-151000
9955,佳龍            ,347000,499000,-152000,0,0,0,0,0,0,1000,1000,0,1000,0,0,0,-151000
066152,大立光麥證01購03,0,0,0,19000,171000,-152000,0,0,0,-152000,0,0,0,19000,171000,-152000,-152000
060421,華擎永豐9A購01  ,0,0,0,0,0,0,0,0,0,-152000,0,0,0,168000,320000,-152000,-152000
056846,晶相光元富98購01,0,0,0,0,0,0,0,0,0,-152000,0,0,0,178000,330000,-152000,-152000
054930,群電凱基98購01  ,40000,0,40000,0,0,0,0,0,0,-192000,0,0,0,0,192000,-192000,-152000
063185,聯發科凱基9C購03,0,0,0,0,0,0,0,0,0,-152000,0,0,0,10000,162000,-152000,-152000
064434,微星凱基02購01  ,0,0,0,0,0,0,0,0,0,-152000,0,0,0,112000,264000,-152000,-152000
08692P,國巨兆豐01售02  ,0,0,0,0,0,0,0,0,0,-152000,0,0,0,0,152000,-152000,-152000
1337,再生-KY         ,23000,175000,-152000,0,0,0,0,0,0,0,0,0,0,0,0,0,-152000
055782,新日興凱基99購01,0,0,0,0,0,0,0,0,0,-153000,0,0,0,28000,181000,-153000,-153000
055876,美食元富9A購01  ,0,0,0,0,0,0,0,0,0,-153000,0,0,0,314000,467000,-153000,-153000
063440,上銀統一01購02  ,0,0,0,0,0,0,0,0,0,-153000,0,0,0,54000,207000,-153000,-153000
3189,景碩            ,2686000,2283000,403000,0,0,0,0,344000,-344000,-212000,46000,206000,-160000,45000,97000,-52000,-153000
07794P,智邦國票9A售03  ,0,0,0,0,0,0,0,0,0,-154000,0,0,0,12000,166000,-154000,-154000
065323,聯發科凱基9C購09,0,0,0,0,0,0,0,0,0,-154000,0,0,0,1000,155000,-154000,-154000
058836,FBVIX中信03購05 ,0,0,0,0,0,0,0,0,0,-154000,0,0,0,5000,159000,-154000,-154000
059080,亞泥元大99購01  ,0,0,0,0,0,0,0,0,0,-154000,0,0,0,548000,702000,-154000,-154000
060956,超眾群益9A購01  ,0,0,0,0,0,0,0,0,0,-154000,0,0,0,13000,167000,-154000,-154000
060826,牧德元大9B購02  ,0,0,0,0,0,0,0,0,0,-154000,0,0,0,55000,209000,-154000,-154000
5608,四維航          ,61000,217000,-156000,0,0,0,0,0,0,2000,2000,0,2000,0,0,0,-154000
2727,王品            ,53000,207000,-154000,0,0,0,0,0,0,0,0,0,0,0,0,0,-154000
065329,億豐凱基9C購02  ,0,0,0,0,0,0,0,0,0,-155000,0,0,0,77000,232000,-155000,-155000
055829,上銀元大97購06  ,0,0,0,0,0,0,0,0,0,-155000,0,0,0,5000,160000,-155000,-155000
05582P,群創凱基98售06  ,0,0,0,0,0,0,0,0,0,-155000,0,0,0,45000,200000,-155000,-155000
056472,美律元大99購03  ,0,0,0,0,0,0,0,0,0,-155000,0,0,0,50000,205000,-155000,-155000
061075,亞德客兆豐9A購01,0,0,0,0,0,0,0,0,0,-155000,0,0,0,227000,382000,-155000,-155000
3209,全科            ,68000,223000,-155000,0,0,0,0,0,0,0,0,0,0,0,0,0,-155000
08596P,聯發科國泰02售02,0,0,0,0,0,0,0,0,0,-155000,0,0,0,48000,203000,-155000,-155000
064825,英業達統一9C購01,0,0,0,0,0,0,0,0,0,-156000,0,0,0,1000,157000,-156000,-156000
063223,牧德群益9B購04  ,0,0,0,0,0,0,0,0,0,-156000,0,0,0,20000,176000,-156000,-156000
1326,台化            ,2426511,2570723,-144212,0,0,0,0,25000,-25000,13000,8000,1000,7000,7000,1000,6000,-156212
07751P,世紀鋼凱基9A售02,0,0,0,0,0,0,0,0,0,-157000,0,0,0,0,157000,-157000,-157000
058687,聯茂凱基9A購01  ,0,0,0,0,0,0,0,0,0,-157000,0,0,0,37000,194000,-157000,-157000
063928,可成統一01購02  ,0,0,0,0,0,0,0,0,0,-157000,0,0,0,2000,159000,-157000,-157000
08221P,台表科凱基9B售05,0,0,0,0,0,0,0,0,0,-158000,0,0,0,0,158000,-158000,-158000
065551,聯發科凱基9C購11,0,0,0,0,0,0,0,0,0,-158000,0,0,0,150000,308000,-158000,-158000
055631,創意永豐98購01  ,0,0,0,0,0,0,0,0,0,-158000,0,0,0,24000,182000,-158000,-158000
048505,滬深2X群益99購03,0,0,0,0,0,0,0,0,0,-158000,0,0,0,165000,323000,-158000,-158000
059992,S&P正2元富9B購04,0,0,0,0,0,0,0,0,0,-158000,0,0,0,17000,175000,-158000,-158000
063594,上銀中信9C購01  ,0,0,0,0,0,0,0,0,0,-158000,0,0,0,35000,193000,-158000,-158000
063581,同欣電國泰9C購01,0,0,0,0,0,0,0,0,0,-158000,0,0,0,92000,250000,-158000,-158000
065649,牧德元大03購01  ,0,0,0,0,0,0,0,0,0,-159000,0,0,0,68000,227000,-159000,-159000
065360,和大元大01購03  ,0,0,0,0,0,0,0,0,0,-159000,0,0,0,50000,209000,-159000,-159000
08320P,智邦統一9C售02  ,0,0,0,0,0,0,0,0,0,-159000,0,0,0,0,159000,-159000,-159000
065165,上銀元大9C購09  ,0,0,0,0,0,0,0,0,0,-160000,0,0,0,197000,357000,-160000,-160000
066008,大立光統一03購02,0,0,0,0,0,0,0,0,0,-160000,0,0,0,15000,175000,-160000,-160000
08234P,華擎元富9B售03  ,0,0,0,0,0,0,0,0,0,-160000,0,0,0,210000,370000,-160000,-160000
08247P,台積電群益9C售06,0,0,0,0,0,0,0,0,0,-160000,0,0,0,0,160000,-160000,-160000
066219,惠特元富01購01  ,0,0,0,0,0,0,0,0,0,-160000,0,0,0,0,160000,-160000,-160000
06825P,臺股指國票98售01,0,0,0,0,0,0,0,0,0,-160000,0,0,0,0,160000,-160000,-160000
07183P,臺股指凱基99售25,0,0,0,0,0,0,0,0,0,-160000,0,0,0,30000,190000,-160000,-160000
07105P,大毅元富99售02  ,0,0,0,0,0,0,0,0,0,-160000,0,0,0,0,160000,-160000,-160000
056995,華新科日盛99購01,0,0,0,0,0,0,0,0,0,-160000,0,0,0,0,160000,-160000,-160000
057824,日月光元大98購01,0,0,0,0,0,0,0,0,0,-160000,0,0,0,0,160000,-160000,-160000
064449,金寶統一01購02  ,0,0,0,0,0,0,0,0,0,-160000,0,0,0,86000,246000,-160000,-160000
062726,華擎凱基9B購02  ,0,0,0,0,0,0,0,0,0,-160000,0,0,0,72000,232000,-160000,-160000
08374P,緯穎凱基9C售01  ,0,0,0,0,0,0,0,0,0,-160000,0,0,0,0,160000,-160000,-160000
08462P,臻鼎國票9C售02  ,0,0,0,0,0,0,0,0,0,-160000,0,0,0,0,160000,-160000,-160000
3027,盛達            ,192000,351000,-159000,0,0,0,0,0,0,-1000,0,1000,-1000,0,0,0,-160000
07470P,國巨元大9A售06  ,0,0,0,0,0,0,0,0,0,-161000,0,0,0,1000,162000,-161000,-161000
05995P,T50正2中信9C售01,0,0,0,0,0,0,0,0,0,-161000,0,0,0,31000,192000,-161000,-161000
062043,牧德凱基9B購04  ,0,0,0,0,0,0,0,0,0,-161000,0,0,0,20000,181000,-161000,-161000
063707,儒鴻凱基9C購01  ,0,0,0,0,0,0,0,0,0,-162000,0,0,0,2000,164000,-162000,-162000
08140P,祥碩元大9B售07  ,0,0,0,0,0,0,0,0,0,-163000,0,0,0,367000,530000,-163000,-163000
065132,臻鼎兆豐01購01  ,0,0,0,0,0,0,0,0,0,-163000,0,0,0,327000,490000,-163000,-163000
061724,訊芯永豐9A購01  ,0,0,0,0,0,0,0,0,0,-163000,0,0,0,311000,474000,-163000,-163000
063653,儒鴻元富9B購01  ,0,0,0,0,0,0,0,0,0,-163000,0,0,0,83000,246000,-163000,-163000
063071,華新科富邦02購01,0,0,0,0,0,0,0,0,0,-163000,0,0,0,85000,248000,-163000,-163000
065073,亞德客元大01購02,0,0,0,0,0,0,0,0,0,-164000,0,0,0,227000,391000,-164000,-164000
07957P,晶技群益9B售02  ,0,0,0,0,0,0,0,0,0,-164000,0,0,0,20000,184000,-164000,-164000
07048P,台積電中信03售01,0,0,0,0,0,0,0,0,0,-164000,0,0,0,98000,262000,-164000,-164000
060835,亞德客國票9A購01,0,0,0,0,0,0,0,0,0,-164000,0,0,0,56000,220000,-164000,-164000
063138,聯發科統一01購05,0,0,0,0,0,0,0,0,0,-164000,0,0,0,194000,358000,-164000,-164000
08526P,義隆元大9C售04  ,0,0,0,0,0,0,0,0,0,-164000,0,0,0,26000,190000,-164000,-164000
6257,矽格            ,2030000,2177284,-147284,0,0,0,267000,0,267000,-284000,229000,168000,61000,60000,405000,-345000,-164284
08112P,臺股指中信01售07,0,0,0,0,0,0,0,0,0,-165000,0,0,0,183000,348000,-165000,-165000
065186,和大統一02購06  ,0,0,0,0,0,0,0,0,0,-165000,0,0,0,16000,181000,-165000,-165000
060370,滬深2X元富04購01,0,0,0,0,0,0,0,0,0,-165000,0,0,0,32000,197000,-165000,-165000
058527,世紀鋼元大99購01,0,0,0,0,0,0,0,0,0,-165000,0,0,0,121000,286000,-165000,-165000
063083,聯發科凱基01購02,0,0,0,0,0,0,0,0,0,-165000,0,0,0,100000,265000,-165000,-165000
065183,和大統一01購03  ,0,0,0,0,0,0,0,0,0,-166000,0,0,0,0,166000,-166000,-166000
065674,華擎凱基9C購03  ,0,0,0,0,0,0,0,0,0,-166000,0,0,0,168000,334000,-166000,-166000
065679,聯發科統一03購01,0,0,0,0,0,0,0,0,0,-166000,0,0,0,38000,204000,-166000,-166000
07016P,聯發科元大99售10,0,0,0,0,0,0,0,0,0,-166000,0,0,0,0,166000,-166000,-166000
064701,巨大群益9C購02  ,0,0,0,0,0,0,0,0,0,-166000,0,0,0,15000,181000,-166000,-166000
059170,康控凱基9B購01  ,0,0,0,0,0,0,0,0,0,-167000,0,0,0,184000,351000,-167000,-167000
063110,牧德兆豐9B購01  ,0,0,0,0,0,0,0,0,0,-167000,0,0,0,0,167000,-167000,-167000
062381,上銀國泰9C購01  ,0,0,0,0,0,0,0,0,0,-167000,0,0,0,34000,201000,-167000,-167000
4961,天鈺            ,236000,403000,-167000,0,0,0,0,0,0,0,0,0,0,0,0,0,-167000
08534P,玉晶光元富06售02,0,0,0,0,0,0,0,0,0,-167000,0,0,0,23000,190000,-167000,-167000
2031,新光鋼          ,42000,213000,-171000,0,0,0,0,0,0,4000,5000,1000,4000,0,0,0,-167000
057876,隆達元大98購01  ,0,0,0,0,0,0,0,0,0,-168000,0,0,0,70000,238000,-168000,-168000
08615P,同欣電統一9C售02,0,0,0,0,0,0,0,0,0,-168000,0,0,0,75000,243000,-168000,-168000
2404,漢唐            ,107000,254000,-147000,0,0,0,0,0,0,-21000,0,2000,-2000,6000,25000,-19000,-168000
07839P,嘉澤元大9A售04  ,0,0,0,0,0,0,0,0,0,-169000,0,0,0,0,169000,-169000,-169000
065992,立積永豐01購01  ,0,0,0,0,0,0,0,0,0,-169000,0,0,0,297000,466000,-169000,-169000
065852,創意元大9C購06  ,1000,0,1000,0,0,0,0,0,0,-170000,0,0,0,59000,229000,-170000,-169000
064943,聚陽凱基9C購01  ,0,0,0,0,0,0,0,0,0,-169000,0,0,0,20000,189000,-169000,-169000
058371,智原凱基9A購01  ,0,0,0,0,0,0,0,0,0,-169000,0,0,0,61000,230000,-169000,-169000
062681,全新統一01購01  ,0,0,0,0,0,0,0,0,0,-169000,0,0,0,60000,229000,-169000,-169000
062569,南電中信01購01  ,0,0,0,0,0,0,0,0,0,-169000,0,0,0,47000,216000,-169000,-169000
1315,達新            ,26000,151000,-125000,0,0,0,0,0,0,-44000,0,0,0,1000,45000,-44000,-169000
07851P,聯發科國票9A售05,0,0,0,0,0,0,0,0,0,-170000,0,0,0,30000,200000,-170000,-170000
07991P,鴻海群益9C售02  ,0,0,0,0,0,0,0,0,0,-170000,0,0,0,0,170000,-170000,-170000
066232,聯強富邦03購01  ,0,0,0,0,0,0,0,0,0,-170000,0,0,0,0,170000,-170000,-170000
066064,T50反1凱基03購03,0,0,0,0,0,0,0,0,0,-170000,0,0,0,152000,322000,-170000,-170000
057857,牧德國票99購01  ,0,0,0,0,0,0,0,0,0,-170000,0,0,0,0,170000,-170000,-170000
046061,中石化凱基98購01,0,0,0,0,0,0,0,0,0,-170000,0,0,0,50000,220000,-170000,-170000
058161,T50反1日盛03購01,0,0,0,0,0,0,0,0,0,-170000,0,0,0,0,170000,-170000,-170000
060385,台勝科凱基9A購01,0,0,0,0,0,0,0,0,0,-170000,0,0,0,90000,260000,-170000,-170000
062171,中磊永豐9B購01  ,0,0,0,0,0,0,0,0,0,-170000,0,0,0,129000,299000,-170000,-170000
063129,祥碩元大9C購03  ,0,0,0,0,0,0,0,0,0,-170000,0,0,0,24000,194000,-170000,-170000
08588P,緯穎元富03售01  ,0,0,0,0,0,0,0,0,0,-170000,0,0,0,0,170000,-170000,-170000
08606P,聯發科國票9C售05,0,0,0,0,0,0,0,0,0,-170000,0,0,0,20000,190000,-170000,-170000
08311P,台積電國票9C售07,0,0,0,0,0,0,0,0,0,-170000,0,0,0,0,170000,-170000,-170000
2417,圓剛            ,3078000,4213000,-1135000,0,0,0,950000,0,950000,15000,15000,0,15000,0,0,0,-170000
065095,玉晶光元大02購02,0,0,0,0,0,0,0,0,0,-171000,0,0,0,79000,250000,-171000,-171000
065529,聯發科中信01購04,0,0,0,0,0,0,0,0,0,-171000,0,0,0,381000,552000,-171000,-171000
065482,立積元大01購02  ,0,0,0,0,0,0,0,0,0,-171000,0,0,0,168000,339000,-171000,-171000
060259,潤泰全凱基9C購01,0,0,0,0,0,0,0,0,0,-171000,0,0,0,184000,355000,-171000,-171000
058559,華新科日盛99購02,0,0,0,0,0,0,0,0,0,-171000,0,0,0,65000,236000,-171000,-171000
061942,亞德客群益9B購01,0,0,0,0,0,0,0,0,0,-172000,0,0,0,1000,173000,-172000,-172000
057266,TPK兆豐98購02   ,0,0,0,0,0,0,0,0,0,-173000,0,0,0,64000,237000,-173000,-173000
062651,世紀鋼富邦9C購01,0,0,0,0,0,0,0,0,0,-173000,0,0,0,0,173000,-173000,-173000
5269,祥碩            ,262000,365000,-103000,0,0,0,59000,141000,-82000,12000,9000,8000,1000,29000,18000,11000,-173000
08557P,臺股指中信01售09,0,0,0,0,0,0,0,0,0,-173000,0,0,0,3000,176000,-173000,-173000
08537P,台光電國票01售03,0,0,0,0,0,0,0,0,0,-173000,0,0,0,11000,184000,-173000,-173000
6452,康友-KY         ,136000,250000,-114000,0,0,0,0,0,0,-59000,0,0,0,3000,62000,-59000,-173000
056723,國巨中信9A購01  ,0,0,0,0,0,0,0,0,0,-174000,0,0,0,111000,285000,-174000,-174000
061987,大立光元大9B購03,0,0,0,0,0,0,0,0,0,-174000,0,0,0,2000,176000,-174000,-174000
059510,華新科永豐99購07,0,0,0,0,0,0,0,0,0,-174000,0,0,0,82000,256000,-174000,-174000
063253,巨大元大9B購03  ,0,0,0,0,0,0,0,0,0,-174000,0,0,0,2000,176000,-174000,-174000
064250,亞光元富9C購01  ,0,0,0,0,0,0,0,0,0,-174000,0,0,0,1228000,1402000,-174000,-174000
1455,集盛            ,51000,225000,-174000,0,0,0,0,0,0,0,0,0,0,0,0,0,-174000
6153,嘉聯益          ,1073000,980000,93000,0,0,0,0,0,0,-267000,365000,240000,125000,11000,403000,-392000,-174000
065440,台積電麥證9C購02,0,0,0,0,175000,-175000,0,0,0,-175000,0,0,0,0,175000,-175000,-175000
07149P,健鼎元大99售03  ,0,0,0,0,0,0,0,0,0,-175000,0,0,0,210000,385000,-175000,-175000
057597,華通群益9A購02  ,0,0,0,0,0,0,0,0,0,-175000,0,0,0,5000,180000,-175000,-175000
1712,興農            ,44000,219000,-175000,0,0,0,0,0,0,0,0,0,0,0,0,0,-175000
08384P,臺股指群益9C售12,0,0,0,0,0,0,0,0,0,-175000,0,0,0,10000,185000,-175000,-175000
054167,揚明光凱基98購01,0,0,0,0,0,0,0,0,0,-176000,0,0,0,34000,210000,-176000,-176000
064453,微星統一02購01  ,0,0,0,0,0,0,0,0,0,-176000,0,0,0,52000,228000,-176000,-176000
08086P,燿華凱基9B售03  ,0,0,0,0,0,0,0,0,0,-177000,0,0,0,0,177000,-177000,-177000
06552P,茂林元大99售02  ,0,0,0,0,0,0,0,0,0,-177000,0,0,0,10000,187000,-177000,-177000
058148,百和元大99購01  ,0,0,0,0,0,0,0,0,0,-177000,0,0,0,193000,370000,-177000,-177000
063120,台光電元大9C購01,0,0,0,0,0,0,0,0,0,-177000,0,0,0,8000,185000,-177000,-177000
064796,緯穎國票01購01  ,0,0,0,0,0,0,0,0,0,-178000,0,0,0,91000,269000,-178000,-178000
03414B,臺股指凱基99熊01,0,0,0,0,0,0,0,0,0,-178000,0,0,0,2347000,2525000,-178000,-178000
056279,新日興富邦99購01,0,0,0,0,0,0,0,0,0,-178000,0,0,0,28000,206000,-178000,-178000
2414,精技            ,44000,222000,-178000,0,0,0,0,0,0,0,0,0,0,0,0,0,-178000
06839P,玉晶光統一9A售05,0,0,0,0,0,0,0,0,0,-179000,0,0,0,0,179000,-179000,-179000
063237,微星元大9B購02  ,0,0,0,0,0,0,0,0,0,-179000,0,0,0,76000,255000,-179000,-179000
064697,健策群益01購02  ,0,0,0,0,0,0,0,0,0,-179000,0,0,0,45000,224000,-179000,-179000
8110,華東            ,269000,458000,-189000,0,0,0,0,0,0,10000,19000,9000,10000,0,0,0,-179000
07189P,聯發科富邦9B售03,0,0,0,0,0,0,0,0,0,-180000,0,0,0,10000,190000,-180000,-180000
066285,松翰元大01購02  ,0,0,0,0,0,0,0,0,0,-180000,0,0,0,40000,220000,-180000,-180000
07308P,滬深2X凱基9A售01,0,0,0,0,0,0,0,0,0,-180000,0,0,0,0,180000,-180000,-180000
065966,國巨元大01購06  ,0,0,0,0,0,0,0,0,0,-180000,0,0,0,1000,181000,-180000,-180000
058841,深中小群益01購01,0,0,0,0,0,0,0,0,0,-180000,0,0,0,954000,1134000,-180000,-180000
061892,亞德客永豐9B購01,0,0,0,0,0,0,0,0,0,-180000,0,0,0,55000,235000,-180000,-180000
064313,嘉晶群益9C購02  ,0,0,0,0,0,0,0,0,0,-180000,0,0,0,50000,230000,-180000,-180000
063723,儒鴻元大9B購04  ,0,0,0,0,0,0,0,0,0,-180000,0,0,0,33000,213000,-180000,-180000
063930,高鐵統一02購02  ,0,0,0,0,0,0,0,0,0,-180000,0,0,0,0,180000,-180000,-180000
063931,牧德統一01購02  ,0,0,0,0,0,0,0,0,0,-180000,0,0,0,0,180000,-180000,-180000
063338,國巨統一9C購11  ,0,0,0,0,0,0,0,0,0,-180000,0,0,0,5000,185000,-180000,-180000
6504,南六            ,181000,312000,-131000,0,0,0,0,64000,-64000,15000,0,10000,-10000,37000,12000,25000,-180000
08689P,高股息中信01售01,0,0,0,0,0,0,0,0,0,-180000,0,0,0,0,180000,-180000,-180000
065717,創意中信9C購02  ,0,0,0,0,0,0,0,0,0,-181000,0,0,0,0,181000,-181000,-181000
065585,聯發科富邦03購02,0,0,0,0,0,0,0,0,0,-181000,0,0,0,639000,820000,-181000,-181000
063746,上銀國票9C購01  ,0,0,0,0,0,0,0,0,0,-182000,0,0,0,30000,212000,-182000,-182000
08187P,大毅群益9B售04  ,0,0,0,0,0,0,0,0,0,-184000,0,0,0,0,184000,-184000,-184000
064262,玉晶光永豐9C購03,0,0,0,0,0,0,0,0,0,-184000,0,0,0,45000,229000,-184000,-184000
063077,巨大永豐9B購03  ,0,0,0,0,0,0,0,0,0,-184000,0,0,0,72000,256000,-184000,-184000
08455P,台積電凱基9C售05,0,0,0,0,0,0,0,0,0,-184000,0,0,0,6000,190000,-184000,-184000
063322,台郡群益9B購02  ,0,0,0,0,0,0,0,0,0,-185000,0,0,0,346000,531000,-185000,-185000
063568,高鐵元大9B購01  ,0,0,0,0,0,0,0,0,0,-185000,0,0,0,220000,405000,-185000,-185000
062351,瑞祺群益9C購01  ,0,0,0,0,0,0,0,0,0,-185000,0,0,0,76000,261000,-185000,-185000
08553P,嘉澤群益9C售01  ,0,0,0,0,0,0,0,0,0,-185000,0,0,0,0,185000,-185000,-185000
1338,廣華-KY         ,269000,454000,-185000,0,0,0,0,0,0,0,0,0,0,0,0,0,-185000
063310,和大群益9B購02  ,0,0,0,0,0,0,0,0,0,-186000,0,0,0,0,186000,-186000,-186000
08367P,臺股指凱基9C售11,0,0,0,0,0,0,0,0,0,-186000,0,0,0,49000,235000,-186000,-186000
08070P,晶技國泰9C售02  ,0,0,0,0,0,0,0,0,0,-187000,0,0,0,0,187000,-187000,-187000
07382P,台積電群益9B售01,0,0,0,0,0,0,0,0,0,-187000,0,0,0,20000,207000,-187000,-187000
065325,亞光凱基9C購01  ,0,0,0,0,0,0,0,0,0,-187000,0,0,0,139000,326000,-187000,-187000
061842,牧德凱基9C購01  ,0,0,0,0,0,0,0,0,0,-187000,0,0,0,0,187000,-187000,-187000
058208,百和凱基99購01  ,0,0,0,0,0,0,0,0,0,-187000,0,0,0,116000,303000,-187000,-187000
061085,聯茂兆豐9A購01  ,0,0,0,0,0,0,0,0,0,-187000,0,0,0,936000,1123000,-187000,-187000
08658P,聯發科統一9C售19,0,0,0,0,0,0,0,0,0,-187000,0,0,0,0,187000,-187000,-187000
064842,南六統一9C購04  ,0,0,0,0,0,0,0,0,0,-188000,0,0,0,11000,199000,-188000,-188000
066045,聯發科元大01購08,0,0,0,0,0,0,0,0,0,-188000,0,0,0,79000,267000,-188000,-188000
066193,致新凱基01購01  ,0,0,0,0,0,0,0,0,0,-188000,0,0,0,79000,267000,-188000,-188000
055487,國巨元大98購07  ,0,0,0,0,0,0,0,0,0,-188000,0,0,0,45000,233000,-188000,-188000
064582,裕隆永豐9C購02  ,0,0,0,0,0,0,0,0,0,-188000,0,0,0,0,188000,-188000,-188000
066200,建準統一02購01  ,0,0,0,0,0,0,0,0,0,-189000,0,0,0,170000,359000,-189000,-189000
07943P,瑞昱元大9B售02  ,0,0,0,0,0,0,0,0,0,-189000,0,0,0,10000,199000,-189000,-189000
065030,亞光兆豐9C購01  ,0,0,0,0,0,0,0,0,0,-189000,0,0,0,917000,1106000,-189000,-189000
064642,裕隆凱基9C購01  ,0,0,0,0,0,0,0,0,0,-189000,0,0,0,0,189000,-189000,-189000
063521,國巨凱基03購01  ,0,0,0,0,0,0,0,0,0,-189000,0,0,0,25000,214000,-189000,-189000
2023,燁輝            ,44000,231000,-187000,0,0,0,0,0,0,-2000,0,2000,-2000,0,0,0,-189000
065281,和大群益01購02  ,0,0,0,0,0,0,0,0,0,-190000,0,0,0,0,190000,-190000,-190000
056938,泰碩元富98購01  ,0,0,0,0,0,0,0,0,0,-190000,0,0,0,0,190000,-190000,-190000
057512,華邦電台新98購01,0,0,0,0,0,0,0,0,0,-190000,0,0,0,10000,200000,-190000,-190000
058604,華邦電元大99購03,0,0,0,0,0,0,0,0,0,-190000,0,0,0,142000,332000,-190000,-190000
05959P,聯發科國票98售01,0,0,0,0,0,0,0,0,0,-190000,0,0,0,0,190000,-190000,-190000
08336P,聯發科中信9C售05,0,0,0,0,0,0,0,0,0,-190000,0,0,0,10000,200000,-190000,-190000
00766L,台新MSCI中國正2 ,0,0,0,0,0,0,0,0,0,-191000,0,0,0,211000,402000,-191000,-191000
9946,三發地產        ,14000,205000,-191000,0,0,0,0,0,0,0,0,0,0,0,0,0,-191000
08036P,嘉澤群益9B售03  ,0,0,0,0,0,0,0,0,0,-192000,0,0,0,0,192000,-192000,-192000
057437,可成國票99購01  ,0,0,0,0,0,0,0,0,0,-192000,0,0,0,20000,212000,-192000,-192000
060599,國巨凱基9C購01  ,0,0,0,0,0,0,0,0,0,-192000,0,0,0,9000,201000,-192000,-192000
064565,高鐵群益01購01  ,0,0,0,0,0,0,0,0,0,-192000,0,0,0,13000,205000,-192000,-192000
3013,晟銘電          ,27000,234000,-207000,0,0,0,0,0,0,15000,15000,0,15000,0,0,0,-192000
3008,大立光          ,242191,441746,-199555,0,0,0,5000,20300,-15300,22000,25000,5000,20000,5000,3000,2000,-192855
06500P,臺股指元大9A售05,0,0,0,0,0,0,0,0,0,-193000,0,0,0,0,193000,-193000,-193000
057789,上銀統一9A購01  ,0,0,0,0,0,0,0,0,0,-193000,0,0,0,69000,262000,-193000,-193000
062829,泰碩群益9B購01  ,0,0,0,0,0,0,0,0,0,-193000,0,0,0,124000,317000,-193000,-193000
2206,三陽工業        ,114000,304700,-190700,0,0,0,0,0,0,-3000,0,3000,-3000,0,0,0,-193700
058321,大立光永豐99購01,0,0,0,0,0,0,0,0,0,-194000,0,0,0,160000,354000,-194000,-194000
062050,亞德客統一9C購01,0,0,0,0,0,0,0,0,0,-194000,0,0,0,5000,199000,-194000,-194000
2855,統一證          ,640000,834000,-194000,0,0,0,0,0,0,0,0,0,0,0,0,0,-194000
4564,元翎            ,277000,461000,-184000,0,0,0,0,0,0,-10000,0,0,0,0,10000,-10000,-194000
065573,新日興群益01購02,0,0,0,0,0,0,0,0,0,-195000,0,0,0,8000,203000,-195000,-195000
065828,大立光凱基06購01,0,0,0,0,0,0,0,0,0,-195000,0,0,0,21000,216000,-195000,-195000
08089P,嘉澤凱基9B售03  ,0,0,0,0,0,0,0,0,0,-195000,0,0,0,10000,205000,-195000,-195000
06922P,元上證群益9C售01,0,0,0,0,0,0,0,0,0,-195000,0,0,0,50000,245000,-195000,-195000
058123,亞光國票9A購01  ,0,0,0,0,0,0,0,0,0,-195000,0,0,0,5000,200000,-195000,-195000
061414,牧德群益9B購02  ,0,0,0,0,0,0,0,0,0,-195000,0,0,0,0,195000,-195000,-195000
060816,世紀鋼凱基9C購02,0,0,0,0,0,0,0,0,0,-195000,0,0,0,5000,200000,-195000,-195000
062812,國巨兆豐9B購03  ,0,0,0,0,0,0,0,0,0,-195000,0,0,0,106000,301000,-195000,-195000
8996,高力            ,233000,407000,-174000,0,0,0,0,0,0,-21000,0,21000,-21000,0,0,0,-195000
065475,聯發科元大01購04,0,0,0,0,0,0,0,0,0,-196000,0,0,0,50000,246000,-196000,-196000
08339P,上銀統一9C售04  ,0,0,0,0,0,0,0,0,0,-196000,0,0,0,1000,197000,-196000,-196000
08696P,臺股指群益01售01,0,0,0,0,0,0,0,0,0,-196000,0,0,0,0,196000,-196000,-196000
063293,億豐元大9B購01  ,0,0,0,0,0,0,0,0,0,-197000,0,0,0,26000,223000,-197000,-197000
065404,玉晶光國泰02購03,0,0,0,0,0,0,0,0,0,-198000,0,0,0,301000,499000,-198000,-198000
065803,大立光群益01購03,0,0,0,0,0,0,0,0,0,-198000,0,0,0,20000,218000,-198000,-198000
065957,華擎統一03購02  ,0,0,0,0,0,0,0,0,0,-198000,0,0,0,619000,817000,-198000,-198000
064990,世紀鋼元大01購01,0,0,0,0,0,0,0,0,0,-198000,0,0,0,75000,273000,-198000,-198000
061155,華新科群益9A購06,0,0,0,0,0,0,0,0,0,-198000,0,0,0,2000,200000,-198000,-198000
061747,南亞科統一01購01,0,0,0,0,0,0,0,0,0,-198000,0,0,0,62000,260000,-198000,-198000
1210,大成            ,132000,621000,-489000,0,0,0,0,0,0,291000,285000,0,285000,6000,0,6000,-198000
066449,瀚宇博群益01購01,0,0,0,0,0,0,0,0,0,-199000,0,0,0,0,199000,-199000,-199000
08121P,聯發科國票9B售05,0,0,0,0,0,0,0,0,0,-199000,0,0,0,19000,218000,-199000,-199000
056265,國泰金統一97購01,0,0,0,0,0,0,0,0,0,-199000,0,0,0,0,199000,-199000,-199000
2428,興勤            ,121000,251000,-130000,0,0,0,0,0,0,-69000,0,6000,-6000,4000,67000,-63000,-199000
08072P,祥碩永豐9B售03  ,0,0,0,0,0,0,0,0,0,-200000,0,0,0,0,200000,-200000,-200000
07365P,超眾元大99售07  ,0,0,0,0,0,0,0,0,0,-200000,0,0,0,0,200000,-200000,-200000
07502P,美食元大9A售01  ,0,0,0,0,0,0,0,0,0,-200000,0,0,0,120000,320000,-200000,-200000
07091P,SGBR2X凱基9A售02,0,0,0,0,0,0,0,0,0,-200000,0,0,0,0,200000,-200000,-200000
065976,牧德元大02購02  ,0,0,0,0,0,0,0,0,0,-200000,0,0,0,0,200000,-200000,-200000
057449,華新科元富99購02,0,0,0,0,0,0,0,0,0,-200000,0,0,0,0,200000,-200000,-200000
054104,T50反1凱基9A購02,0,0,0,0,0,0,0,0,0,-200000,0,0,0,0,200000,-200000,-200000
053563,台積電富邦97購01,0,100000,-100000,0,0,0,0,0,0,-100000,0,0,0,0,100000,-100000,-200000
062014,牧德富邦9C購01  ,0,0,0,0,0,0,0,0,0,-200000,0,0,0,100000,300000,-200000,-200000
059636,宏達電凱基99購05,0,0,0,0,0,0,0,0,0,-200000,0,0,0,30000,230000,-200000,-200000
058740,T50反1日盛9B購02,0,0,0,0,0,0,0,0,0,-200000,0,0,0,0,200000,-200000,-200000
058149,百和元大99購02  ,0,0,0,0,0,0,0,0,0,-200000,0,0,0,200000,400000,-200000,-200000
064487,和大元大9C購01  ,0,0,0,0,0,0,0,0,0,-200000,0,0,0,44000,244000,-200000,-200000
063774,GIS富邦9B購02   ,0,0,0,0,0,0,0,0,0,-200000,0,0,0,30000,230000,-200000,-200000
08458P,南電元大9C售04  ,0,0,0,0,0,0,0,0,0,-200000,0,0,0,0,200000,-200000,-200000
061614,亞德客群益9A購01,0,0,0,0,0,0,0,0,0,-201000,0,0,0,13000,214000,-201000,-201000
06326P,鴻海中信01售01  ,0,0,0,0,0,0,0,0,0,-201000,0,0,0,195000,396000,-201000,-201000
07895P,美律元大9B售01  ,0,0,0,0,0,0,0,0,0,-202000,0,0,0,0,202000,-202000,-202000
061840,長榮航凱基9C購01,0,0,0,0,0,0,0,0,0,-202000,0,0,0,10000,212000,-202000,-202000
07274P,上証2X群益01售01,0,0,0,0,0,0,0,0,0,-203000,0,0,0,5000,208000,-203000,-203000
00717,富邦美國特別股  ,0,14000,-14000,0,0,0,0,0,0,-189000,0,0,0,385000,574000,-189000,-203000
062164,禾伸堂國泰01購01,0,0,0,0,0,0,0,0,0,-203000,0,0,0,81000,284000,-203000,-203000
058781,康友國票9A購01  ,0,0,0,0,0,0,0,0,0,-203000,0,0,0,148000,351000,-203000,-203000
060341,國巨統一9C購02  ,0,0,0,0,0,0,0,0,0,-203000,0,0,0,8000,211000,-203000,-203000
1313,聯成            ,29000,228000,-199000,0,0,0,0,0,0,-4000,0,4000,-4000,0,0,0,-203000
1905,華紙            ,208000,408000,-200000,0,0,0,0,0,0,-3000,0,3000,-3000,0,0,0,-203000
061304,創意永豐9A購02  ,0,0,0,0,0,0,0,0,0,-204000,0,0,0,79000,283000,-204000,-204000
063117,聯茂麥證9B購01  ,0,0,0,131000,336000,-205000,0,0,0,-204000,0,0,0,132000,336000,-204000,-204000
065242,巨大凱基01購02  ,0,0,0,0,0,0,0,0,0,-205000,0,0,0,0,205000,-205000,-205000
054806,台化元大9A購01  ,0,0,0,0,0,0,0,0,0,-205000,0,0,0,5000,210000,-205000,-205000
063299,金寶凱基9B購01  ,0,0,0,0,0,0,0,0,0,-205000,0,0,0,0,205000,-205000,-205000
8926,台汽電          ,135000,371000,-236000,0,0,0,0,1000,-1000,32000,34000,2000,32000,0,0,0,-205000
6715,嘉基            ,184000,314000,-130000,0,0,0,0,82000,-82000,7000,0,10000,-10000,18000,1000,17000,-205000
065707,聯詠群益9C購02  ,0,0,0,0,0,0,0,0,0,-206000,0,0,0,94000,300000,-206000,-206000
07474P,滬深2X群益9C售03,0,0,0,0,0,0,0,0,0,-206000,0,0,0,28000,234000,-206000,-206000
063474,康控元大9B購04  ,0,0,0,0,0,0,0,0,0,-206000,0,0,0,448000,654000,-206000,-206000
066502,國巨富邦05購02  ,0,0,0,0,0,0,0,0,0,-207000,0,0,0,0,207000,-207000,-207000
055585,國巨元大98購08  ,0,0,0,0,0,0,0,0,0,-207000,0,0,0,0,207000,-207000,-207000
064530,康控中信9C購01  ,0,0,0,0,0,0,0,0,0,-207000,0,0,0,52000,259000,-207000,-207000
07838P,泰碩元大9A售04  ,0,0,0,0,0,0,0,0,0,-208000,0,0,0,86000,294000,-208000,-208000
07713P,台郡元大9A售03  ,0,0,0,0,0,0,0,0,0,-208000,0,0,0,0,208000,-208000,-208000
065681,聯發科統一9C購17,0,0,0,0,0,0,0,0,0,-208000,0,0,0,90000,298000,-208000,-208000
061930,臺股指凱基9B購05,0,0,0,0,0,0,0,0,0,-208000,0,0,0,4000,212000,-208000,-208000
063477,訊芯元大9B購01  ,0,0,0,0,0,0,0,0,0,-208000,0,0,0,0,208000,-208000,-208000
08160P,茂林元富9B售03  ,0,0,0,0,0,0,0,0,0,-209000,0,0,0,2000,211000,-209000,-209000
060401,世紀鋼國票9B購01,0,0,0,0,0,0,0,0,0,-209000,0,0,0,10000,219000,-209000,-209000
06750P,聯發科元富02售03,0,0,0,0,0,0,0,0,0,-210000,0,0,0,0,210000,-210000,-210000
066226,惠特國泰03購01  ,0,0,0,0,0,0,0,0,0,-210000,0,0,0,0,210000,-210000,-210000
066282,鎧勝元大01購01  ,0,0,0,0,0,0,0,0,0,-210000,0,0,0,55000,265000,-210000,-210000
06593P,欣興元大98售05  ,0,0,0,0,0,0,0,0,0,-210000,0,0,0,10000,220000,-210000,-210000
06491P,台積電富邦99售02,0,0,0,0,0,0,0,0,0,-210000,0,0,0,20000,230000,-210000,-210000
057823,神達元大98購01  ,0,0,0,0,0,0,0,0,0,-210000,0,0,0,14000,224000,-210000,-210000
055232,泰碩國票98購01  ,0,0,0,0,0,0,0,0,0,-210000,0,0,0,0,210000,-210000,-210000
059072,元油2X元大9C購13,0,0,0,0,0,0,0,0,0,-210000,0,0,0,0,210000,-210000,-210000
061010,上銀麥證9A購02  ,0,0,0,21000,231000,-210000,0,0,0,-210000,0,0,0,21000,231000,-210000,-210000
063948,高鐵元大9C購01  ,0,0,0,0,0,0,0,0,0,-210000,0,0,0,56000,266000,-210000,-210000
2845,遠東銀          ,419000,613000,-194000,0,0,0,0,15000,-15000,-1000,0,1000,-1000,0,0,0,-210000
064977,玉晶光元大01購03,0,0,0,0,0,0,0,0,0,-211000,0,0,0,211000,422000,-211000,-211000
056352,鴻海元大99購01  ,0,0,0,0,0,0,0,0,0,-211000,0,0,0,103000,314000,-211000,-211000
056363,華新科元大99購04,0,0,0,0,0,0,0,0,0,-212000,0,0,0,104000,316000,-212000,-212000
055038,華航富邦99購01  ,0,0,0,0,0,0,0,0,0,-212000,0,0,0,7000,219000,-212000,-212000
062029,牧德群益9B購03  ,0,0,0,0,0,0,0,0,0,-212000,0,0,0,0,212000,-212000,-212000
1319,東陽            ,95194,298000,-202806,0,0,0,0,0,0,-10000,0,10000,-10000,0,0,0,-212806
064970,東元元大9C購01  ,0,0,0,0,0,0,0,0,0,-213000,0,0,0,0,213000,-213000,-213000
056604,鴻海富邦9A購01  ,0,0,0,0,0,0,0,0,0,-213000,0,0,0,13000,226000,-213000,-213000
063145,台表科統一02購01,0,0,0,0,0,0,0,0,0,-213000,0,0,0,296000,509000,-213000,-213000
08705P,臺股指群益01售02,0,0,0,0,0,0,0,0,0,-213000,0,0,0,0,213000,-213000,-213000
054808,東元元大9A購01  ,0,0,0,0,0,0,0,0,0,-214000,0,0,0,0,214000,-214000,-214000
066239,拓凱富邦02購01  ,0,0,0,0,0,0,0,0,0,-215000,0,0,0,0,215000,-215000,-215000
07408P,台積電兆豐99售06,0,0,0,0,0,0,0,0,0,-215000,0,0,0,0,215000,-215000,-215000
061709,SP黃豆凱基01購02,0,0,0,0,0,0,0,0,0,-215000,0,0,0,0,215000,-215000,-215000
060678,聯詠元大9A購03  ,0,0,0,0,0,0,0,0,0,-215000,0,0,0,111000,326000,-215000,-215000
1582,信錦            ,89000,294750,-205750,0,0,0,0,0,0,-10000,0,0,0,0,10000,-10000,-215750
00676R,富邦臺灣加權反1 ,0,0,0,0,0,0,0,0,0,-216000,0,0,0,1447000,1663000,-216000,-216000
4942,嘉彰            ,77000,292000,-215000,0,0,0,0,0,0,-1000,0,1000,-1000,0,0,0,-216000
07719P,臺股指群益9A售08,0,0,0,0,0,0,0,0,0,-217000,0,0,0,7000,224000,-217000,-217000
5469,瀚宇博          ,1806050,1480801,325249,0,0,0,0,0,0,-543000,208000,143000,65000,128000,736000,-608000,-217751
065678,聯發科統一01購07,0,0,0,0,0,0,0,0,0,-218000,0,0,0,29000,247000,-218000,-218000
065632,正崴國票01購01  ,0,0,0,0,0,0,0,0,0,-218000,0,0,0,255000,473000,-218000,-218000
057112,立積群益99購01  ,0,0,0,0,0,0,0,0,0,-218000,0,0,0,150000,368000,-218000,-218000
08521P,台達電元大9C售03,0,0,0,0,0,0,0,0,0,-218000,0,0,0,0,218000,-218000,-218000
08329P,台達電統一9C售02,0,0,0,0,0,0,0,0,0,-218000,0,0,0,150000,368000,-218000,-218000
055527,旺宏群益99購03  ,0,0,0,0,0,0,0,0,0,-219000,0,0,0,1000,220000,-219000,-219000
064915,美律統一02購02  ,0,0,0,0,0,0,0,0,0,-220000,0,0,0,96000,316000,-220000,-220000
07708P,玉晶光元大9A售13,0,0,0,0,0,0,0,0,0,-220000,0,0,0,95000,315000,-220000,-220000
07588P,滬深2X國票9C售01,0,0,0,0,0,0,0,0,0,-220000,0,0,0,0,220000,-220000,-220000
066344,拓凱永豐01購01  ,0,0,0,0,0,0,0,0,0,-220000,0,0,0,5000,225000,-220000,-220000
066208,聯鈞統一02購01  ,0,0,0,0,0,0,0,0,0,-220000,0,0,0,36000,256000,-220000,-220000
063908,國巨凱基9C購06  ,0,0,0,0,0,0,0,0,0,-220000,0,0,0,23000,243000,-220000,-220000
065244,聯發科兆豐9C購05,0,0,0,0,0,0,0,0,0,-222000,0,0,0,58000,280000,-222000,-222000
051948,滬深2X元富9B購01,0,0,0,0,0,0,0,0,0,-222000,0,0,0,10000,232000,-222000,-222000
054563,泰碩群益99購01  ,0,0,0,0,0,0,0,0,0,-222000,0,0,0,22000,244000,-222000,-222000
053799,矽創中信9A購01  ,0,0,0,0,0,0,0,0,0,-222000,0,0,0,30000,252000,-222000,-222000
062642,帆宣國票9B購01  ,0,0,0,0,0,0,0,0,0,-222000,0,0,0,21000,243000,-222000,-222000
1447,力鵬            ,147000,369000,-222000,0,0,0,0,0,0,0,1000,1000,0,0,0,0,-222000
07963P,智邦統一9B售01  ,0,0,0,0,0,0,0,0,0,-224000,0,0,0,70000,294000,-224000,-224000
059950,百和永豐99購02  ,0,0,0,0,0,0,0,0,0,-224000,0,0,0,177000,401000,-224000,-224000
1339,昭輝            ,128000,352000,-224000,0,0,0,0,0,0,0,0,0,0,0,0,0,-224000
08085P,華通凱基9B售04  ,0,0,0,0,0,0,0,0,0,-225000,0,0,0,0,225000,-225000,-225000
066078,南電凱基02購02  ,0,0,0,0,0,0,0,0,0,-225000,0,0,0,50000,275000,-225000,-225000
03450B,臺股指元大9C熊23,0,0,0,0,0,0,0,0,0,-225000,0,0,0,0,225000,-225000,-225000
061317,旺宏凱基9A購05  ,0,0,0,0,0,0,0,0,0,-225000,0,0,0,5000,230000,-225000,-225000
08568P,臺股指富邦9C售05,0,0,0,0,0,0,0,0,0,-225000,0,0,0,0,225000,-225000,-225000
6283,淳安            ,80000,305000,-225000,0,0,0,0,0,0,0,0,0,0,0,0,0,-225000
2535,達欣工          ,189000,513000,-324000,0,0,0,0,0,0,99000,139000,40000,99000,0,0,0,-225000
055653,聯詠元富01購02  ,0,0,0,0,0,0,0,0,0,-226000,0,0,0,649000,875000,-226000,-226000
064611,亞德客元大9C購02,0,0,0,0,0,0,0,0,0,-228000,0,0,0,110000,338000,-228000,-228000
2501,國建            ,55000,280000,-225000,0,0,0,0,0,0,-3000,0,3000,-3000,0,0,0,-228000
1467,南緯            ,500000,727000,-227000,0,0,0,0,0,0,-1000,0,1000,-1000,0,0,0,-228000
057794,T50反1兆豐99購02,0,0,0,0,0,0,0,0,0,-229000,0,0,0,0,229000,-229000,-229000
2020,美亞            ,11000,240000,-229000,0,0,0,0,0,0,0,0,0,0,0,0,0,-229000
07099P,台積電元大99售19,0,0,0,0,0,0,0,0,0,-230000,0,0,0,140000,370000,-230000,-230000
055036,中工富邦9B購01  ,0,0,0,0,0,0,0,0,0,-230000,0,0,0,50000,280000,-230000,-230000
06177P,玉晶光元大98售07,0,0,0,0,0,0,0,0,0,-230000,0,0,0,0,230000,-230000,-230000
08685P,南電凱基01售03  ,0,0,0,0,0,0,0,0,0,-230000,0,0,0,50000,280000,-230000,-230000
08361P,玉晶光永豐9C售04,0,0,0,0,0,0,0,0,0,-230000,0,0,0,0,230000,-230000,-230000
066183,眾達凱基01購01  ,0,0,0,0,0,0,0,0,0,-231000,0,0,0,14000,245000,-231000,-231000
065821,億豐元富03購01  ,0,0,0,0,0,0,0,0,0,-231000,0,0,0,134000,365000,-231000,-231000
057389,玉晶光永豐98購06,0,0,0,0,0,0,0,0,0,-231000,0,0,0,29000,260000,-231000,-231000
058192,訊芯永豐99購01  ,0,0,0,0,0,0,0,0,0,-231000,0,0,0,0,231000,-231000,-231000
08493P,嘉澤元大9C售01  ,0,0,0,0,0,0,0,0,0,-231000,0,0,0,0,231000,-231000,-231000
07883P,可成凱基9B售03  ,0,0,0,0,0,0,0,0,0,-232000,0,0,0,0,232000,-232000,-232000
060157,致茂永豐9A購02  ,0,0,0,0,0,0,0,0,0,-232000,0,0,0,17000,249000,-232000,-232000
08453P,玉晶光台新9C售02,0,0,0,0,0,0,0,0,0,-232000,0,0,0,59000,291000,-232000,-232000
1217,愛之味          ,194000,426000,-232000,0,0,0,0,0,0,0,0,0,0,0,0,0,-232000
065928,創意國票02購01  ,0,0,0,0,0,0,0,0,0,-233000,0,0,0,7000,240000,-233000,-233000
064959,巨大凱基9C購02  ,0,0,0,0,0,0,0,0,0,-233000,0,0,0,18000,251000,-233000,-233000
057084,立積統一9B購01  ,0,0,0,0,0,0,0,0,0,-234000,0,0,0,38000,272000,-234000,-234000
064325,亞德客元大9C購01,0,0,0,0,0,0,0,0,0,-234000,0,0,0,216000,450000,-234000,-234000
063384,巨大永豐9B購04  ,0,0,0,0,0,0,0,0,0,-235000,0,0,0,9000,244000,-235000,-235000
07494P,葡萄王元大9A售03,0,0,0,0,0,0,0,0,0,-236000,0,0,0,0,236000,-236000,-236000
06878P,台灣50日盛9B售01,0,0,0,0,0,0,0,0,0,-236000,0,0,0,0,236000,-236000,-236000
1305,華夏            ,65000,302000,-237000,0,0,0,0,0,0,1000,3000,2000,1000,0,0,0,-236000
066358,美利達永豐01購01,0,0,0,0,0,0,0,0,0,-237000,0,0,0,0,237000,-237000,-237000
058012,鈺齊國票99購01  ,0,0,0,0,0,0,0,0,0,-237000,0,0,0,48000,285000,-237000,-237000
2537,聯上發          ,114000,351000,-237000,0,0,0,0,0,0,0,0,0,0,0,0,0,-237000
2880,華南金          ,4780375,4955410,-175035,0,0,0,0,61000,-61000,-1000,2000,3000,-1000,0,0,0,-237035
066321,華碩永豐01購01  ,0,0,0,0,0,0,0,0,0,-239000,0,0,0,0,239000,-239000,-239000
065634,聯發科國票9C購06,35000,34000,1000,0,0,0,0,0,0,-240000,0,0,0,51000,291000,-240000,-239000
064207,國巨凱基03購02  ,0,0,0,0,0,0,0,0,0,-239000,0,0,0,106000,345000,-239000,-239000
6226,光鼎            ,644000,883000,-239000,0,0,0,0,0,0,0,0,0,0,0,0,0,-239000
1723,中碳            ,35000,273000,-238000,0,0,0,0,0,0,-1000,0,1000,-1000,0,0,0,-239000
08225P,臺股指凱基9B售20,0,0,0,0,0,0,0,0,0,-240000,0,0,0,0,240000,-240000,-240000
053868,群創元大99購02  ,0,0,0,0,0,0,0,0,0,-240000,0,0,0,0,240000,-240000,-240000
055320,建準國票98購01  ,0,0,0,0,0,0,0,0,0,-240000,0,0,0,10000,250000,-240000,-240000
064471,國巨麥證9C購02  ,0,0,0,101000,340000,-239000,0,0,0,-240000,0,0,0,101000,341000,-240000,-240000
2607,榮運            ,31000,268000,-237000,0,0,0,0,0,0,-3000,0,3000,-3000,0,0,0,-240000
059140,大立光兆豐9A購02,0,0,0,0,0,0,0,0,0,-241000,0,0,0,106000,347000,-241000,-241000
063980,智易兆豐9C購02  ,0,0,0,0,0,0,0,0,0,-241000,0,0,0,497000,738000,-241000,-241000
2614,東森            ,969000,1213000,-244000,0,0,0,0,0,0,3000,0,2000,-2000,5000,0,5000,-241000
2027,大成鋼          ,608000,707000,-99000,0,0,0,0,0,0,-142000,0,4000,-4000,0,138000,-138000,-241000
08387P,臺股指群益9C售15,0,0,0,0,0,0,0,0,0,-241000,0,0,0,354000,595000,-241000,-241000
062745,聯詠永豐9B購01  ,0,0,0,0,0,0,0,0,0,-242000,0,0,0,459000,701000,-242000,-242000
062947,國巨富邦01購01  ,0,0,0,0,0,0,0,0,0,-243000,0,0,0,70000,313000,-243000,-243000
1734,杏輝            ,0,243000,-243000,0,0,0,0,0,0,0,0,0,0,0,0,0,-243000
08189P,超眾群益9B售04  ,0,0,0,0,0,0,0,0,0,-244000,0,0,0,0,244000,-244000,-244000
059253,康控凱基9B購02  ,0,0,0,0,0,0,0,0,0,-244000,0,0,0,64000,308000,-244000,-244000
060769,國巨麥證9A購02  ,0,0,0,5000,244000,-239000,0,0,0,-244000,0,0,0,5000,249000,-244000,-244000
064513,T50反1群益9C購01,0,0,0,0,0,0,0,0,0,-244000,0,0,0,95000,339000,-244000,-244000
08674P,嘉晶元富07售02  ,0,0,0,0,0,0,0,0,0,-244000,0,0,0,0,244000,-244000,-244000
08494P,世芯元大9C售02  ,0,0,0,0,0,0,0,0,0,-244000,0,0,0,255000,499000,-244000,-244000
2536,宏普            ,47000,290000,-243000,0,0,0,0,0,0,-1000,0,1000,-1000,0,0,0,-244000
2542,興富發          ,1142118,1455674,-313556,0,0,0,0,0,0,69000,62000,3000,59000,10000,0,10000,-244556
066057,華擎元大02購01  ,0,0,0,0,0,0,0,0,0,-245000,0,0,0,110000,355000,-245000,-245000
06532P,友達元富98售04  ,0,0,0,0,0,0,0,0,0,-245000,0,0,0,0,245000,-245000,-245000
057844,新日興永豐99購01,0,0,0,0,0,0,0,0,0,-245000,0,0,0,106000,351000,-245000,-245000
058401,華航元大9A購01  ,0,0,0,0,0,0,0,0,0,-245000,0,0,0,152000,397000,-245000,-245000
08576P,嘉澤凱基9C售03  ,0,0,0,0,0,0,0,0,0,-245000,0,0,0,8000,253000,-245000,-245000
08066P,南亞科凱基9B售04,0,0,0,0,0,0,0,0,0,-246000,0,0,0,0,246000,-246000,-246000
057818,泰碩元大9A購01  ,5000,0,5000,0,0,0,0,0,0,-251000,0,0,0,619000,870000,-251000,-246000
063612,金像電群益9B購04,0,0,0,0,0,0,0,0,0,-246000,0,0,0,13000,259000,-246000,-246000
08305P,茂林群益9C售01  ,0,0,0,0,0,0,0,0,0,-246000,0,0,0,9000,255000,-246000,-246000
1229,聯華            ,229000,475000,-246000,0,0,0,0,0,0,0,0,3000,-3000,3000,0,3000,-246000
6288,聯嘉            ,940000,1127000,-187000,0,0,0,0,0,0,-59000,4000,63000,-59000,0,0,0,-246000
1760,寶齡富錦        ,511000,828000,-317000,0,0,0,0,0,0,70000,70000,0,70000,0,0,0,-247000
08715P,創意元富07售02  ,0,0,0,0,0,0,0,0,0,-248000,0,0,0,0,248000,-248000,-248000
2534,宏盛            ,98000,344000,-246000,0,0,0,0,0,0,-2000,0,2000,-2000,0,0,0,-248000
058325,昇陽半永豐99購01,0,0,0,0,0,0,0,0,0,-249000,0,0,0,27000,276000,-249000,-249000
07294P,滬深2X元富9C售08,0,0,0,0,0,0,0,0,0,-250000,0,0,0,60000,310000,-250000,-250000
07081P,南電群益9A售01  ,0,0,0,0,0,0,0,0,0,-250000,0,0,0,50000,300000,-250000,-250000
057102,亞光中信9A購01  ,0,0,0,0,0,0,0,0,0,-250000,0,0,0,445000,695000,-250000,-250000
055827,中石化元大98購01,0,0,0,0,0,0,0,0,0,-250000,0,0,0,0,250000,-250000,-250000
063211,道瓊銀國票9B購01,0,0,0,0,0,0,0,0,0,-250000,0,0,0,0,250000,-250000,-250000
06688P,鴻海中信02售01  ,0,0,0,0,0,0,0,0,0,-251000,0,0,0,0,251000,-251000,-251000
058832,立積永豐99購01  ,0,0,0,0,0,0,0,0,0,-251000,0,0,0,313000,564000,-251000,-251000
058468,聯茂中信99購02  ,0,0,0,0,0,0,0,0,0,-252000,0,0,0,352000,604000,-252000,-252000
062262,茂林元大9B購02  ,0,0,0,0,0,0,0,0,0,-252000,0,0,0,93000,345000,-252000,-252000
08216P,聯發科群益9C售05,0,0,0,0,0,0,0,0,0,-253000,0,0,0,0,253000,-253000,-253000
056724,臻鼎中信9A購01  ,0,0,0,0,0,0,0,0,0,-253000,0,0,0,459000,712000,-253000,-253000
07890P,南電國票9B售01  ,0,0,0,0,0,0,0,0,0,-254000,0,0,0,199000,453000,-254000,-254000
065900,瑞祺國泰02購01  ,0,0,0,0,0,0,0,0,0,-254000,0,0,0,125000,379000,-254000,-254000
3694,海華            ,250000,504000,-254000,0,0,0,0,0,0,0,0,0,0,0,0,0,-254000
3533,嘉澤            ,506000,602000,-96000,0,0,0,18000,22000,-4000,-154000,76000,111000,-35000,6000,125000,-119000,-254000
065729,聯詠凱基9C購04  ,0,0,0,0,0,0,0,0,0,-255000,0,0,0,48000,303000,-255000,-255000
065463,大立光中信01購02,0,0,0,0,0,0,0,0,0,-255000,0,0,0,337000,592000,-255000,-255000
07869P,台灣50群益9C售04,0,0,0,0,0,0,0,0,0,-255000,0,0,0,45000,300000,-255000,-255000
062336,茂林統一01購02  ,0,0,0,0,0,0,0,0,0,-255000,0,0,0,95000,350000,-255000,-255000
062729,神達凱基9B購02  ,0,0,0,0,0,0,0,0,0,-255000,0,0,0,293000,548000,-255000,-255000
063542,泰鼎元富9B購02  ,0,0,0,0,0,0,0,0,0,-255000,0,0,0,389000,644000,-255000,-255000
063732,建準元大9B購02  ,0,0,0,0,0,0,0,0,0,-255000,0,0,0,473000,728000,-255000,-255000
066253,泰豐元大01購01  ,0,0,0,0,0,0,0,0,0,-256000,0,0,0,48000,304000,-256000,-256000
061847,力山國票9B購01  ,0,0,0,0,0,0,0,0,0,-256000,0,0,0,31000,287000,-256000,-256000
065643,聯發科元大01購06,0,0,0,0,0,0,0,0,0,-257000,0,0,0,225000,482000,-257000,-257000
065834,億豐凱基03購01  ,0,0,0,0,0,0,0,0,0,-257000,0,0,0,70000,327000,-257000,-257000
5876,上海商銀        ,2891810,2740830,150980,0,0,0,0,0,0,-408000,0,265000,-265000,0,143000,-143000,-257020
1227,佳格            ,879964,1134363,-254399,0,0,0,0,0,0,-3000,0,3000,-3000,0,0,0,-257399
05644P,大立光中信9A售03,0,0,0,0,0,0,0,0,0,-259000,0,0,0,180000,439000,-259000,-259000
066255,英利元大01購01  ,0,0,0,0,0,0,0,0,0,-260000,0,0,0,0,260000,-260000,-260000
066228,嘉基國泰02購01  ,0,0,0,0,0,0,0,0,0,-260000,0,0,0,29000,289000,-260000,-260000
060742,臺指反國票9B購02,0,0,0,0,0,0,0,0,0,-260000,0,0,0,0,260000,-260000,-260000
065498,台積電富邦04購02,0,0,0,0,0,0,0,0,0,-261000,0,0,0,229000,490000,-261000,-261000
060922,金像電永豐9A購01,0,0,0,0,0,0,0,0,0,-261000,0,0,0,6000,267000,-261000,-261000
062238,臻鼎凱基9C購01  ,0,0,0,0,0,0,0,0,0,-263000,0,0,0,394000,657000,-263000,-263000
062426,大立光統一02購02,0,0,0,0,0,0,0,0,0,-264000,0,0,0,110000,374000,-264000,-264000
066170,聯陽凱基01購01  ,0,0,0,0,0,0,0,0,0,-265000,0,0,0,21000,286000,-265000,-265000
08540P,嘉晶國票01售01  ,0,0,0,0,0,0,0,0,0,-265000,0,0,0,0,265000,-265000,-265000
08621P,景碩群益9C售01  ,0,0,0,0,0,0,0,0,0,-265000,0,0,0,0,265000,-265000,-265000
2903,遠百            ,37000,298000,-261000,0,0,0,0,0,0,-4000,0,4000,-4000,0,0,0,-265000
07646P,世芯元大9A售04  ,0,0,0,0,0,0,0,0,0,-266000,0,0,0,10000,276000,-266000,-266000
056268,新日興統一97購01,0,0,0,0,0,0,0,0,0,-266000,0,0,0,375000,641000,-266000,-266000
060813,高鐵凱基9A購01  ,0,0,0,0,0,0,0,0,0,-266000,0,0,0,20000,286000,-266000,-266000
058664,百和兆豐99購01  ,0,0,0,0,0,0,0,0,0,-266000,0,0,0,54000,320000,-266000,-266000
062466,FBVIX凱基9B購01 ,0,0,0,0,0,0,0,0,0,-266000,0,0,0,258000,524000,-266000,-266000
066330,新興永豐01購01  ,0,0,0,0,0,0,0,0,0,-267000,0,0,0,0,267000,-267000,-267000
05749P,臺股指群益99售03,0,0,0,0,0,0,0,0,0,-267000,0,0,0,122000,389000,-267000,-267000
08377P,臻鼎元富9C售02  ,0,0,0,0,0,0,0,0,0,-267000,0,0,0,2000,269000,-267000,-267000
08093P,英業達元富9B售02,0,0,0,0,0,0,0,0,0,-268000,0,0,0,1000,269000,-268000,-268000
058210,臺股指凱基9C購04,0,0,0,0,0,0,0,0,0,-268000,0,0,0,866000,1134000,-268000,-268000
08611P,聯發科凱基01售08,0,0,0,0,0,0,0,0,0,-268000,0,0,0,0,268000,-268000,-268000
066341,永信永豐01購01  ,0,0,0,0,0,0,0,0,0,-269000,0,0,0,0,269000,-269000,-269000
065185,和大統一02購05  ,0,0,0,0,0,0,0,0,0,-269000,0,0,0,49000,318000,-269000,-269000
061725,國巨麥證9A購05  ,0,0,0,28000,292000,-264000,0,0,0,-269000,0,0,0,28000,297000,-269000,-269000
062207,牧德國票9B購02  ,0,0,0,0,0,0,0,0,0,-269000,0,0,0,26000,295000,-269000,-269000
1466,聚隆            ,66000,65000,1000,0,0,0,0,0,0,-270000,0,1000,-1000,0,269000,-269000,-269000
06718P,聯詠元大98售01  ,0,0,0,0,0,0,0,0,0,-270000,0,0,0,50000,320000,-270000,-270000
053965,聯電元大98購04  ,0,0,0,0,0,0,0,0,0,-270000,0,0,0,250000,520000,-270000,-270000
061824,聯電麥證9B購01  ,0,0,0,18000,286000,-268000,0,0,0,-270000,0,0,0,18000,288000,-270000,-270000
061969,大立光統一01購02,0,0,0,0,0,0,0,0,0,-270000,0,0,0,40000,310000,-270000,-270000
062687,華擎統一01購02  ,0,0,0,0,0,0,0,0,0,-270000,0,0,0,1185000,1455000,-270000,-270000
062849,中興電永豐9B購02,0,0,0,0,0,0,0,0,0,-270000,0,0,0,68000,338000,-270000,-270000
3022,威強電          ,26000,297000,-271000,0,0,0,0,0,0,0,0,0,0,0,0,0,-271000
064428,裕隆凱基02購01  ,0,0,0,0,0,0,0,0,0,-272000,0,0,0,0,272000,-272000,-272000
6592,和潤企業        ,56000,338000,-282000,0,0,0,0,0,0,10000,51000,1000,50000,24000,64000,-40000,-272000
057299,立積永豐98購02  ,0,0,0,0,0,0,0,0,0,-273000,0,0,0,166000,439000,-273000,-273000
060058,牧德凱基9B購01  ,0,0,0,0,0,0,0,0,0,-273000,0,0,0,71000,344000,-273000,-273000
8271,宇瞻            ,91000,313000,-222000,0,0,0,0,0,0,-53000,0,53000,-53000,0,0,0,-275000
9919,康那香          ,956000,1240000,-284000,0,0,0,0,0,0,9000,0,1000,-1000,10000,0,10000,-275000
3419,譁裕            ,69000,302000,-233000,0,0,0,0,0,0,-42000,0,42000,-42000,0,0,0,-275000
2892,第一金          ,6393670,6599360,-205690,0,0,0,0,66000,-66000,-4000,0,4000,-4000,0,0,0,-275690
2406,國碩            ,222000,444000,-222000,0,0,0,0,0,0,-54000,1000,55000,-54000,0,0,0,-276000
6558,興能高          ,351000,627000,-276000,0,0,0,0,0,0,0,0,0,0,0,0,0,-276000
060387,盛群凱基9A購01  ,0,25000,-25000,0,0,0,0,0,0,-252000,0,0,0,314000,566000,-252000,-277000
050758,聯發科元富9B購01,0,0,0,0,0,0,0,0,0,-277000,0,0,0,56000,333000,-277000,-277000
058790,楠梓電元大99購03,0,0,0,0,0,0,0,0,0,-277000,0,0,0,704000,981000,-277000,-277000
4976,佳凌            ,332000,611000,-279000,0,0,0,0,0,0,1000,1000,0,1000,0,0,0,-278000
07085P,超眾元富9C售01  ,0,0,0,0,0,0,0,0,0,-279000,0,0,0,115000,394000,-279000,-279000
060337,FBVIX統一9A購01 ,0,0,0,0,0,0,0,0,0,-279000,0,0,0,26000,305000,-279000,-279000
064474,華新科麥證01購01,0,0,0,0,279000,-279000,0,0,0,-279000,0,0,0,0,279000,-279000,-279000
063853,同欣電元大9C購02,0,0,0,0,0,0,0,0,0,-279000,0,0,0,10000,289000,-279000,-279000
065010,國巨國泰01購04  ,0,0,0,0,0,0,0,0,0,-280000,0,0,0,407000,687000,-280000,-280000
065832,貿聯凱基02購03  ,0,0,0,0,0,0,0,0,0,-280000,0,0,0,90000,370000,-280000,-280000
057749,華新科國票99購01,0,0,0,0,0,0,0,0,0,-280000,0,0,0,0,280000,-280000,-280000
056434,國巨凱基98購03  ,0,0,0,0,0,0,0,0,0,-280000,0,0,0,25000,305000,-280000,-280000
060671,亞德客元大9A購03,0,0,0,0,0,0,0,0,0,-280000,0,0,0,329000,609000,-280000,-280000
08359P,緯創元大9C售02  ,0,0,0,0,0,0,0,0,0,-280000,0,0,0,91000,371000,-280000,-280000
9935,慶豐富          ,30000,310000,-280000,0,0,0,0,0,0,0,0,0,0,0,0,0,-280000
058245,訊連元大99購01  ,0,0,0,0,0,0,0,0,0,-281000,0,0,0,38000,319000,-281000,-281000
062774,儒鴻元大9C購01  ,0,0,0,0,0,0,0,0,0,-281000,0,0,0,27000,308000,-281000,-281000
065326,華擎凱基02購01  ,0,0,0,0,0,0,0,0,0,-282000,0,0,0,224000,506000,-282000,-282000
055377,揚明光元大98購01,0,0,0,0,0,0,0,0,0,-282000,0,0,0,309000,591000,-282000,-282000
4536,拓凱            ,133000,349000,-216000,0,0,0,300000,9000,291000,-357000,56000,403000,-347000,23000,33000,-10000,-282000
065919,禾伸堂凱基02購01,0,0,0,0,0,0,0,0,0,-283000,0,0,0,148000,431000,-283000,-283000
058318,致茂永豐9A購01  ,0,0,0,0,0,0,0,0,0,-283000,0,0,0,14000,297000,-283000,-283000
064391,亞德客永豐9C購01,0,0,0,0,0,0,0,0,0,-283000,0,0,0,27000,310000,-283000,-283000
4164,承業醫          ,138000,649000,-511000,0,0,0,0,0,0,228000,229000,1000,228000,0,0,0,-283000
1218,泰山            ,64000,364000,-300000,0,0,0,0,0,0,16000,10000,0,10000,6000,0,6000,-284000
065951,聯發科統一01購08,0,0,0,0,0,0,0,0,0,-285000,0,0,0,144000,429000,-285000,-285000
056589,康控統一98購01  ,0,0,0,0,0,0,0,0,0,-285000,0,0,0,1000,286000,-285000,-285000
064527,裕隆中信01購01  ,0,0,0,0,0,0,0,0,0,-285000,0,0,0,0,285000,-285000,-285000
063549,國巨國票9C購05  ,0,0,0,0,0,0,0,0,0,-285000,0,0,0,35000,320000,-285000,-285000
9136,巨騰-DR         ,87000,423000,-336000,0,0,0,0,0,0,50000,53000,3000,50000,0,0,0,-286000
06503P,臺股指中信9A售02,0,0,0,0,0,0,0,0,0,-287000,0,0,0,530000,817000,-287000,-287000
062056,國巨統一9C購08  ,0,0,0,0,0,0,0,0,0,-287000,0,0,0,0,287000,-287000,-287000
066054,創意元大01購02  ,0,0,0,0,0,0,0,0,0,-288000,0,0,0,155000,443000,-288000,-288000
062689,華擎統一02購01  ,0,0,0,0,0,0,0,0,0,-288000,0,0,0,814000,1102000,-288000,-288000
4137,麗豐-KY         ,77000,357000,-280000,0,0,0,0,0,0,-8000,6000,0,6000,0,14000,-14000,-288000
3588,通嘉            ,676000,964000,-288000,0,0,0,0,0,0,0,0,0,0,0,0,0,-288000
06741P,台積電富邦98售04,0,0,0,0,0,0,0,0,0,-289000,0,0,0,119000,408000,-289000,-289000
060946,世紀鋼國票9A購02,0,0,0,0,0,0,0,0,0,-289000,0,0,0,10000,299000,-289000,-289000
07899P,和大凱基9B售01  ,0,0,0,0,0,0,0,0,0,-290000,0,0,0,30000,320000,-290000,-290000
064923,牧德統一02購01  ,0,0,0,0,0,0,0,0,0,-290000,0,0,0,7000,297000,-290000,-290000
061067,貿聯凱基9A購03  ,0,0,0,0,0,0,0,0,0,-291000,0,0,0,99000,390000,-291000,-291000
2480,敦陽科          ,44000,336000,-292000,0,0,0,0,0,0,1000,1000,0,1000,0,0,0,-291000
058547,世紀鋼富邦9A購01,0,0,0,0,0,0,0,0,0,-292000,0,0,0,0,292000,-292000,-292000
064030,泰碩元大01購01  ,0,0,0,0,0,0,0,0,0,-292000,0,0,0,382000,674000,-292000,-292000
08581P,臺股指元大9C售29,0,0,0,0,0,0,0,0,0,-292000,0,0,0,10000,302000,-292000,-292000
08288P,鴻海統一9C售17  ,0,0,0,0,0,0,0,0,0,-294000,0,0,0,0,294000,-294000,-294000
00672L,元大S&P原油正2  ,0,200000,-200000,0,0,0,0,0,0,-95000,0,0,0,65000,160000,-95000,-295000
058104,國巨統一9A購04  ,0,0,0,0,0,0,0,0,0,-295000,0,0,0,180000,475000,-295000,-295000
066198,華碩統一03購01  ,0,0,0,0,0,0,0,0,0,-297000,0,0,0,0,297000,-297000,-297000
08000P,奇鋐凱基9B售03  ,0,0,0,0,0,0,0,0,0,-298000,0,0,0,52000,350000,-298000,-298000
060161,牧德永豐9A購02  ,0,0,0,0,0,0,0,0,0,-298000,0,0,0,0,298000,-298000,-298000
08277P,嘉晶元富9C售02  ,0,0,0,0,0,0,0,0,0,-298000,0,0,0,0,298000,-298000,-298000
8028,昇陽半導體      ,246000,528000,-282000,0,0,0,0,0,0,-16000,0,2000,-2000,4000,18000,-14000,-298000
065164,和大元大01購01  ,0,0,0,0,0,0,0,0,0,-299000,0,0,0,72000,371000,-299000,-299000
062127,台勝科統一01購02,0,0,0,0,0,0,0,0,0,-299000,0,0,0,56000,355000,-299000,-299000
065520,台勝科群益9C購03,0,0,0,0,0,0,0,0,0,-300000,0,0,0,0,300000,-300000,-300000
07682P,聯發科凱基9A售15,0,0,0,0,0,0,0,0,0,-300000,0,0,0,0,300000,-300000,-300000
07695P,台郡元大9A售02  ,0,0,0,0,0,0,0,0,0,-300000,0,0,0,0,300000,-300000,-300000
06840P,臺股指統一98售04,0,0,0,0,0,0,0,0,0,-300000,0,0,0,0,300000,-300000,-300000
062572,元金反群益9C購01,0,0,0,0,0,0,0,0,0,-300000,0,0,0,0,300000,-300000,-300000
063432,金寶元富9B購01  ,0,0,0,0,0,0,0,0,0,-300000,0,0,0,0,300000,-300000,-300000
08366P,祥碩凱基9C售04  ,0,0,0,0,0,0,0,0,0,-300000,0,0,0,5000,305000,-300000,-300000
063471,泰鼎元大9C購01  ,0,0,0,0,0,0,0,0,0,-301000,0,0,0,306000,607000,-301000,-301000
057074,立積永豐98購01  ,0,0,0,0,0,0,0,0,0,-302000,0,0,0,562000,864000,-302000,-302000
066356,嘉基永豐01購01  ,0,0,0,0,0,0,0,0,0,-304000,0,0,0,5000,309000,-304000,-304000
4960,誠美材          ,534000,841000,-307000,0,0,0,0,0,0,3000,4000,1000,3000,0,0,0,-304000
2345,智邦            ,1784611,2080523,-295912,0,0,0,69000,11000,58000,-67000,109000,100000,9000,14000,90000,-76000,-304912
064138,亞德客統一01購02,0,0,0,0,0,0,0,0,0,-305000,0,0,0,520000,825000,-305000,-305000
08348P,貿聯元大9C售01  ,0,0,0,0,0,0,0,0,0,-305000,0,0,0,0,305000,-305000,-305000
059101,康控統一9A購01  ,0,0,0,0,0,0,0,0,0,-306000,0,0,0,467000,773000,-306000,-306000
06551P,貿聯元大98售05  ,0,0,0,0,0,0,0,0,0,-307000,0,0,0,23000,330000,-307000,-307000
03421B,臺股指元大99熊01,0,0,0,0,0,0,0,0,0,-309000,0,0,0,1000,310000,-309000,-309000
08652P,鴻海群益9C售09  ,0,0,0,0,0,0,0,0,0,-309000,0,0,0,0,309000,-309000,-309000
066105,松翰國票01購01  ,0,0,0,0,0,0,0,0,0,-310000,0,0,0,0,310000,-310000,-310000
066173,泰碩凱基02購01  ,0,0,0,0,0,0,0,0,0,-311000,0,0,0,70000,381000,-311000,-311000
065526,台表科群益9C購03,0,0,0,0,0,0,0,0,0,-311000,0,0,0,3000,314000,-311000,-311000
08554P,玉晶光國票01售06,0,0,0,0,0,0,0,0,0,-311000,0,0,0,310000,621000,-311000,-311000
07089P,臺指2X中信01售01,0,0,0,0,0,0,0,0,0,-312000,0,0,0,0,312000,-312000,-312000
1444,力麗            ,138000,448000,-310000,0,0,0,0,0,0,-2000,0,2000,-2000,0,0,0,-312000
066194,美利達凱基01購01,0,0,0,0,0,0,0,0,0,-313000,0,0,0,0,313000,-313000,-313000
053568,智伸科富邦98購01,0,0,0,0,0,0,0,0,0,-313000,0,0,0,352000,665000,-313000,-313000
6191,精成科          ,915000,1229000,-314000,0,0,0,0,0,0,1000,1000,0,1000,0,0,0,-313000
057579,長榮航中信9A購01,0,0,0,0,0,0,0,0,0,-314000,0,0,0,5000,319000,-314000,-314000
05755P,臺股指中信99售04,0,0,0,0,0,0,0,0,0,-314000,0,0,0,167000,481000,-314000,-314000
062896,中興電元大9B購01,0,0,0,0,0,0,0,0,0,-314000,0,0,0,110000,424000,-314000,-314000
08152P,祥碩統一9B售02  ,0,0,0,0,0,0,0,0,0,-315000,0,0,0,0,315000,-315000,-315000
063811,亞德客群益9C購01,0,0,0,0,0,0,0,0,0,-316000,0,0,0,0,316000,-316000,-316000
2867,三商壽          ,258000,574000,-316000,0,0,0,0,0,0,0,0,0,0,0,0,0,-316000
065920,日月光凱基02購01,0,0,0,0,0,0,0,0,0,-317000,0,0,0,10000,327000,-317000,-317000
061130,牧德永豐9A購04  ,0,0,0,0,0,0,0,0,0,-317000,0,0,0,0,317000,-317000,-317000
3094,聯傑            ,186000,503000,-317000,0,0,0,0,0,0,0,0,0,0,0,0,0,-317000
065458,立積元富03購02  ,0,0,0,0,0,0,0,0,0,-318000,0,0,0,527000,845000,-318000,-318000
07842P,力成元大9A售01  ,0,0,0,0,0,0,0,0,0,-318000,0,0,0,19000,337000,-318000,-318000
058217,新唐群益99購01  ,0,0,0,0,0,0,0,0,0,-319000,0,0,0,213000,532000,-319000,-319000
2108,南帝            ,451000,354000,97000,0,0,0,0,0,0,-416000,40000,460000,-420000,4000,0,4000,-319000
07652P,臺股指中信9A售07,0,0,0,0,0,0,0,0,0,-320000,0,0,0,9000,329000,-320000,-320000
065601,聯發科元大01購05,0,0,0,0,0,0,0,0,0,-320000,0,0,0,20000,340000,-320000,-320000
1514,亞力            ,299000,619000,-320000,0,0,0,0,0,0,0,0,0,0,0,0,0,-320000
08511P,電子類富邦9C售02,0,0,0,0,0,0,0,0,0,-320000,0,0,0,0,320000,-320000,-320000
8131,福懋科          ,137000,443000,-306000,0,0,0,0,1000,-1000,-13000,1000,0,1000,1000,15000,-14000,-320000
066294,嘉基元大01購01  ,0,0,0,0,0,0,0,0,0,-321000,0,0,0,10000,331000,-321000,-321000
057016,中石化凱基9B購01,0,0,0,0,0,0,0,0,0,-322000,0,0,0,160000,482000,-322000,-322000
058369,亞光凱基99購02  ,0,0,0,0,0,0,0,0,0,-322000,0,0,0,45000,367000,-322000,-322000
065991,牧德永豐01購01  ,0,0,0,0,0,0,0,0,0,-323000,0,0,0,0,323000,-323000,-323000
6672,騰輝電子-KY     ,93000,423195,-330195,0,0,0,0,0,0,5000,6000,1000,5000,0,0,0,-325195
065119,大立光富邦03購03,0,0,0,0,0,0,0,0,0,-328000,0,0,0,575000,903000,-328000,-328000
058101,台積電富邦9C購01,0,0,0,0,0,0,0,0,0,-328000,0,0,0,360000,688000,-328000,-328000
08011P,玉晶光元大9B售05,0,0,0,0,0,0,0,0,0,-329000,0,0,0,22000,351000,-329000,-329000
063782,致新永豐9B購02  ,0,0,0,0,0,0,0,0,0,-329000,0,0,0,150000,479000,-329000,-329000
07889P,旭富國票9B售01  ,0,0,0,0,0,0,0,0,0,-330000,0,0,0,363000,693000,-330000,-330000
03432B,臺股指凱基98熊13,0,0,0,0,0,0,0,0,0,-330000,0,0,0,5000,335000,-330000,-330000
064980,牧德元大01購01  ,0,0,0,0,0,0,0,0,0,-332000,0,0,0,30000,362000,-332000,-332000
08371P,京元電凱基9C售01,0,0,0,0,0,0,0,0,0,-332000,0,0,0,0,332000,-332000,-332000
07263P,台積電元大99售37,0,0,0,0,0,0,0,0,0,-333000,0,0,0,72000,405000,-333000,-333000
057138,亞德客兆豐98購01,0,0,0,0,0,0,0,0,0,-333000,0,0,0,47000,380000,-333000,-333000
2355,敬鵬            ,247000,601000,-354000,0,0,0,0,0,0,21000,12000,1000,11000,10000,0,10000,-333000
1325,恆大            ,371000,781000,-410000,0,0,0,0,0,0,76000,6000,0,6000,70000,0,70000,-334000
9907,統一實          ,97000,428000,-331000,0,0,0,0,0,0,-4000,0,4000,-4000,0,0,0,-335000
9939,宏全            ,51000,304000,-253000,0,0,0,0,0,0,-82000,2000,2000,0,14000,96000,-82000,-335000
08491P,全新元大9C售01  ,0,0,0,0,0,0,0,0,0,-337000,0,0,0,100000,437000,-337000,-337000
08472P,和碩凱基9C售02  ,0,0,0,0,0,0,0,0,0,-337000,0,0,0,0,337000,-337000,-337000
057582,亞光中信9A購02  ,0,0,0,0,0,0,0,0,0,-338000,0,0,0,100000,438000,-338000,-338000
2402,毅嘉            ,235000,573000,-338000,0,0,0,0,0,0,0,0,0,0,0,0,0,-338000
6552,易華電          ,140000,457000,-317000,0,0,0,0,0,0,-22000,1000,0,1000,0,23000,-23000,-339000
8215,明基材          ,476000,818000,-342000,0,0,0,0,0,0,3000,3000,0,3000,0,0,0,-339000
06893P,致新元富98售02  ,0,0,0,0,0,0,0,0,0,-340000,0,0,0,50000,390000,-340000,-340000
057508,康控國票99購03  ,0,0,0,0,0,0,0,0,0,-340000,0,0,0,68000,408000,-340000,-340000
051849,旺宏中信98購01  ,0,0,0,0,0,0,0,0,0,-340000,0,0,0,131000,471000,-340000,-340000
065816,聯發科元富03購07,0,0,0,0,0,0,0,0,0,-341000,0,0,0,261000,602000,-341000,-341000
1795,美時            ,119000,460000,-341000,0,0,0,0,0,0,0,0,0,0,0,0,0,-341000
065102,同欣電元大9C購07,0,0,0,0,0,0,0,0,0,-342000,0,0,0,8000,350000,-342000,-342000
08633P,聯發科元大9C售20,0,0,0,0,0,0,0,0,0,-342000,0,0,0,300000,642000,-342000,-342000
2349,錸德            ,2643000,2985000,-342000,0,0,0,0,0,0,0,0,0,0,0,0,0,-342000
2365,昆盈            ,37000,380000,-343000,0,0,0,0,0,0,1000,2000,1000,1000,0,0,0,-342000
6269,台郡            ,2492000,2311700,180300,0,0,0,519000,785000,-266000,-258000,509000,648000,-139000,38000,157000,-119000,-343700
058353,國巨凱基99購09  ,0,0,0,0,0,0,0,0,0,-344000,0,0,0,256000,600000,-344000,-344000
08118P,嘉澤元富9B售02  ,0,0,0,0,0,0,0,0,0,-346000,0,0,0,10000,356000,-346000,-346000
063584,南六國泰01購01  ,0,0,0,0,0,0,0,0,0,-346000,0,0,0,5000,351000,-346000,-346000
063357,聯發科國泰01購04,0,0,0,0,0,0,0,0,0,-346000,0,0,0,252000,598000,-346000,-346000
063287,嘉澤元大9B購05  ,0,0,0,0,0,0,0,0,0,-346000,0,0,0,335000,681000,-346000,-346000
4142,國光生          ,2019000,2364000,-345000,0,0,0,0,0,0,-1000,0,1000,-1000,0,0,0,-346000
065893,華新科統一02購02,0,0,0,0,0,0,0,0,0,-347000,0,0,0,98000,445000,-347000,-347000
1608,華榮            ,36000,382000,-346000,0,0,0,0,0,0,-2000,0,2000,-2000,0,0,0,-348000
2393,億光            ,192000,517000,-325000,0,0,0,0,0,0,-24000,1000,1000,0,4000,28000,-24000,-349000
065184,和大統一02購04  ,0,0,0,0,0,0,0,0,0,-350000,0,0,0,48000,398000,-350000,-350000
06851P,鈺齊元大98售01  ,0,0,0,0,0,0,0,0,0,-350000,0,0,0,10000,360000,-350000,-350000
066206,聯鈞統一01購01  ,0,0,0,0,0,0,0,0,0,-350000,0,0,0,83000,433000,-350000,-350000
058744,FBVIX凱基9C購03 ,0,0,0,0,0,0,0,0,0,-350000,0,0,0,10000,360000,-350000,-350000
063863,儒鴻富邦02購01  ,0,0,0,0,0,0,0,0,0,-350000,0,0,0,6000,356000,-350000,-350000
064733,南六統一9C購03  ,0,0,0,0,0,0,0,0,0,-350000,0,0,0,10000,360000,-350000,-350000
066128,台積電群益02購01,0,0,0,0,0,0,0,0,0,-351000,0,0,0,11000,362000,-351000,-351000
08180P,聯發科國泰01售05,0,0,0,0,0,0,0,0,0,-351000,0,0,0,59000,410000,-351000,-351000
063324,道瓊反國票9B購03,0,0,0,0,0,0,0,0,0,-351000,0,0,0,5000,356000,-351000,-351000
06935P,神達元大98售02  ,0,0,0,0,0,0,0,0,0,-353000,0,0,0,0,353000,-353000,-353000
055446,奇力新統一9A購01,0,0,0,0,0,0,0,0,0,-353000,0,0,0,0,353000,-353000,-353000
060127,牧德永豐99購02  ,0,0,0,0,0,0,0,0,0,-353000,0,0,0,38000,391000,-353000,-353000
07230P,滬深2X群益01售02,0,0,0,0,0,0,0,0,0,-354000,0,0,0,780000,1134000,-354000,-354000
07821P,臺股指國票9A售12,0,0,0,0,0,0,0,0,0,-354000,0,0,0,282000,636000,-354000,-354000
061369,T50反1國泰9B購03,0,0,0,0,0,0,0,0,0,-354000,0,0,0,1498000,1852000,-354000,-354000
063358,華擎國泰01購01  ,0,0,0,0,0,0,0,0,0,-354000,0,0,0,576000,930000,-354000,-354000
3006,晶豪科          ,576000,675000,-99000,0,0,0,0,0,0,-255000,3000,2000,1000,0,256000,-256000,-354000
066306,亞聚永豐01購01  ,0,0,0,0,0,0,0,0,0,-355000,0,0,0,0,355000,-355000,-355000
057282,大立光元大99購06,0,0,0,0,0,0,0,0,0,-355000,0,0,0,248000,603000,-355000,-355000
061547,禾伸堂群益9A購01,0,0,0,0,0,0,0,0,0,-357000,0,0,0,41000,398000,-357000,-357000
064117,中興電元大9C購01,0,0,0,0,0,0,0,0,0,-357000,0,0,0,50000,407000,-357000,-357000
054455,楠梓電群益98購02,0,0,0,0,0,0,0,0,0,-359000,0,0,0,61000,420000,-359000,-359000
3024,憶聲            ,824000,1183000,-359000,0,0,0,0,0,0,0,0,0,0,0,0,0,-359000
06608P,立積群益99售02  ,0,0,0,0,0,0,0,0,0,-360000,0,0,0,0,360000,-360000,-360000
00648R,元大S&P500反1   ,0,0,0,0,0,0,0,0,0,-360000,0,0,0,817000,1177000,-360000,-360000
06192P,高股息中信98售01,0,0,0,0,0,0,0,0,0,-360000,0,0,0,130000,490000,-360000,-360000
064680,創意兆豐01購01  ,0,0,0,0,0,0,0,0,0,-360000,0,0,0,54000,414000,-360000,-360000
061188,大成鋼富邦9B購01,0,0,0,0,0,0,0,0,0,-361000,0,0,0,40000,401000,-361000,-361000
08378P,世紀鋼元富9C售02,0,0,0,0,0,0,0,0,0,-361000,0,0,0,100000,461000,-361000,-361000
064971,裕隆元大01購01  ,0,0,0,0,0,0,0,0,0,-362000,0,0,0,248000,610000,-362000,-362000
065791,牧德永豐9C購03  ,0,0,0,0,0,0,0,0,0,-362000,0,0,0,0,362000,-362000,-362000
2601,益航            ,161000,522000,-361000,0,0,0,0,0,0,-2000,0,2000,-2000,0,0,0,-363000
065497,台積電富邦03購03,0,0,0,0,0,0,0,0,0,-366000,0,0,0,263000,629000,-366000,-366000
065054,百和凱基02購01  ,0,0,0,0,0,0,0,0,0,-366000,0,0,0,174000,540000,-366000,-366000
064192,巨大中信9C購01  ,0,0,0,0,0,0,0,0,0,-366000,0,0,0,78000,444000,-366000,-366000
058251,百和元大99購03  ,0,0,0,0,0,0,0,0,0,-367000,0,0,0,0,367000,-367000,-367000
1711,永光            ,913000,1280000,-367000,0,0,0,0,0,0,-1000,0,1000,-1000,0,0,0,-368000
2515,中工            ,194000,627000,-433000,0,0,0,0,0,0,64000,0,24000,-24000,103000,15000,88000,-369000
065391,和大群益01購03  ,0,0,0,0,0,0,0,0,0,-371000,0,0,0,65000,436000,-371000,-371000
059086,國巨元大99購18  ,0,0,0,0,0,0,0,0,0,-371000,0,0,0,44000,415000,-371000,-371000
07166P,台灣50兆豐03售01,0,0,0,0,0,0,0,0,0,-372000,0,0,0,0,372000,-372000,-372000
058328,世紀鋼統一9B購01,0,0,0,0,0,0,0,0,0,-372000,0,0,0,0,372000,-372000,-372000
063436,儒鴻統一01購03  ,0,0,0,0,0,0,0,0,0,-372000,0,0,0,30000,402000,-372000,-372000
063232,裕隆元大9B購01  ,0,0,0,0,0,0,0,0,0,-372000,0,0,0,28000,400000,-372000,-372000
066141,盛群群益01購01  ,0,0,0,0,0,0,0,0,0,-373000,0,0,0,0,373000,-373000,-373000
062747,立積永豐9B購01  ,0,0,0,0,0,0,0,0,0,-373000,0,0,0,185000,558000,-373000,-373000
066488,聯詠元富07購01  ,0,0,0,0,0,0,0,0,0,-375000,0,0,0,0,375000,-375000,-375000
08249P,聯發科群益9C售06,0,0,0,0,0,0,0,0,0,-375000,0,0,0,0,375000,-375000,-375000
3257,虹冠電          ,168000,547000,-379000,0,0,0,0,0,0,4000,4000,0,4000,0,0,0,-375000
6139,亞翔            ,199000,576000,-377000,0,0,0,0,0,0,2000,2000,0,2000,0,0,0,-375000
3056,總太            ,189000,1534000,-1345000,0,0,0,0,0,0,965000,200000,1000,199000,766000,0,766000,-380000
064444,聚陽統一01購02  ,0,0,0,0,0,0,0,0,0,-381000,0,0,0,391000,772000,-381000,-381000
066204,京鼎統一02購01  ,0,0,0,0,0,0,0,0,0,-382000,0,0,0,304000,686000,-382000,-382000
065901,台積電富邦03購04,0,0,0,0,0,0,0,0,0,-383000,0,0,0,393000,776000,-383000,-383000
059096,百和元大99購04  ,0,0,0,0,0,0,0,0,0,-383000,0,0,0,100000,483000,-383000,-383000
07170P,臺股指國票99售07,0,0,0,0,0,0,0,0,0,-385000,0,0,0,45000,430000,-385000,-385000
064843,巨大統一02購01  ,0,0,0,0,0,0,0,0,0,-387000,0,0,0,11000,398000,-387000,-387000
056353,鴻海元大99購02  ,0,0,0,0,0,0,0,0,0,-387000,0,0,0,109000,496000,-387000,-387000
5434,崇越            ,514000,899000,-385000,0,0,0,0,0,0,-2000,0,0,0,2000,4000,-2000,-387000
2723,美食-KY         ,217000,314000,-97000,0,0,0,0,211000,-211000,-79000,0,3000,-3000,24000,100000,-76000,-387000
2103,台橡            ,64000,449000,-385000,0,0,0,0,0,0,-2000,0,2000,-2000,0,0,0,-387000
063024,祥碩元大9B購05  ,0,0,0,0,0,0,0,0,0,-388000,0,0,0,92000,480000,-388000,-388000
050077,臺股指凱基99購02,0,0,0,0,0,0,0,0,0,-390000,0,0,0,923000,1313000,-390000,-390000
08470P,世芯凱基9C售02  ,0,0,0,0,0,0,0,0,0,-390000,0,0,0,40000,430000,-390000,-390000
060487,盛群富邦9B購01  ,6000,0,6000,0,0,0,0,0,0,-397000,0,0,0,7000,404000,-397000,-391000
058699,楠梓電元大99購02,0,0,0,0,0,0,0,0,0,-391000,0,0,0,77000,468000,-391000,-391000
064059,新日興麥證01購01,0,0,0,91000,483000,-392000,0,0,0,-392000,0,0,0,91000,483000,-392000,-392000
065781,創意富邦01購01  ,0,0,0,0,0,0,0,0,0,-394000,0,0,0,265000,659000,-394000,-394000
065745,裕隆元大9C購03  ,0,0,0,0,0,0,0,0,0,-396000,0,0,0,101000,497000,-396000,-396000
054471,T50反1中信9C購01,0,0,0,0,0,0,0,0,0,-396000,0,0,0,83000,479000,-396000,-396000
058229,為升元大99購02  ,0,0,0,0,0,0,0,0,0,-396000,0,0,0,171000,567000,-396000,-396000
064221,華通國票01購01  ,0,0,0,0,0,0,0,0,0,-396000,0,0,0,153000,549000,-396000,-396000
9904,寶成            ,4363017,4742022,-379005,0,0,0,0,18000,-18000,1000,23000,5000,18000,12000,29000,-17000,-396005
07044P,台積電元大99售13,0,0,0,0,0,0,0,0,0,-399000,0,0,0,0,399000,-399000,-399000
08200P,祥碩元大9B售08  ,0,0,0,0,0,0,0,0,0,-400000,0,0,0,0,400000,-400000,-400000
065249,聯發科麥證9C購04,0,0,0,0,400000,-400000,0,0,0,-400000,0,0,0,0,400000,-400000,-400000
6573,虹揚-KY         ,31000,435000,-404000,0,0,0,0,0,0,2000,2000,0,2000,0,0,0,-402000
3665,貿聯-KY         ,505000,1007000,-502000,0,0,0,18000,23000,-5000,105000,206000,48000,158000,4000,57000,-53000,-402000
064051,新日興統一01購01,0,0,0,0,0,0,0,0,0,-403000,0,0,0,195000,598000,-403000,-403000
3437,榮創            ,293000,696000,-403000,0,0,0,0,0,0,0,1000,1000,0,0,0,0,-403000
2809,京城銀          ,538000,927000,-389000,0,0,0,0,2000,-2000,-12000,0,0,0,37000,49000,-12000,-403000
2474,可成            ,899884,1193409,-293525,0,0,0,0,4000,-4000,-106000,16000,42000,-26000,21000,101000,-80000,-403525
064829,義隆統一01購02  ,0,0,0,0,0,0,0,0,0,-404000,0,0,0,172000,576000,-404000,-404000
064799,裕隆元大9C購02  ,0,0,0,0,0,0,0,0,0,-404000,0,0,0,160000,564000,-404000,-404000
08598P,立積元大9C售04  ,0,0,0,0,0,0,0,0,0,-404000,0,0,0,0,404000,-404000,-404000
06905P,上証2X國泰99售02,0,0,0,0,0,0,0,0,0,-405000,0,0,0,0,405000,-405000,-405000
066046,聯發科元大01購09,0,0,0,0,0,0,0,0,0,-410000,0,0,0,7000,417000,-410000,-410000
062844,T50反1國泰9C購01,0,0,0,0,0,0,0,0,0,-410000,0,0,0,0,410000,-410000,-410000
065199,華擎元富03購01  ,0,0,0,0,0,0,0,0,0,-411000,0,0,0,706000,1117000,-411000,-411000
1611,中電            ,140000,551000,-411000,0,0,0,0,0,0,0,0,0,0,0,0,0,-411000
065719,T50反1兆豐9C購01,0,0,0,0,0,0,0,0,0,-412000,0,0,0,0,412000,-412000,-412000
061957,上銀統一01購01  ,0,0,0,0,0,0,0,0,0,-413000,0,0,0,123000,536000,-413000,-413000
1909,榮成            ,847000,1968000,-1121000,0,0,0,0,0,0,708000,738000,30000,708000,0,0,0,-413000
08605P,聯發科中信9C售06,0,0,0,0,0,0,0,0,0,-413000,0,0,0,102000,515000,-413000,-413000
3530,晶相光          ,306000,658000,-352000,0,0,0,0,0,0,-63000,0,0,0,18000,81000,-63000,-415000
052152,創意富邦98購01  ,0,0,0,0,0,0,0,0,0,-417000,0,0,0,486000,903000,-417000,-417000
061521,亞光兆豐9A購02  ,0,0,0,0,0,0,0,0,0,-418000,0,0,0,602000,1020000,-418000,-418000
061480,泰碩元大9B購01  ,0,0,0,0,0,0,0,0,0,-418000,0,0,0,1029000,1447000,-418000,-418000
1310,台苯            ,220000,615000,-395000,0,0,0,0,0,0,-23000,0,1000,-1000,0,22000,-22000,-418000
063165,泰碩永豐9B購02  ,0,0,0,0,0,0,0,0,0,-419000,0,0,0,244000,663000,-419000,-419000
08584P,立積群益9C售02  ,0,0,0,0,0,0,0,0,0,-419000,0,0,0,20000,439000,-419000,-419000
07822P,滬深2X元大9A售09,0,0,0,0,0,0,0,0,0,-420000,0,0,0,0,420000,-420000,-420000
057182,禾伸堂元大99購02,0,0,0,0,0,0,0,0,0,-421000,0,0,0,327000,748000,-421000,-421000
064656,聚陽元大9C購03  ,40000,0,40000,0,0,0,0,0,0,-461000,0,0,0,19000,480000,-461000,-421000
064703,T50反1國泰01購01,0,0,0,0,0,0,0,0,0,-421000,0,0,0,706000,1127000,-421000,-421000
2493,揚博            ,69000,985804,-916804,0,0,0,0,0,0,494000,2000,8000,-6000,500000,0,500000,-422804
059326,康友元大99購01  ,0,0,0,0,0,0,0,0,0,-423000,0,0,0,111000,534000,-423000,-423000
057903,聯鈞永豐99購01  ,0,0,0,0,0,0,0,0,0,-424000,0,0,0,153000,577000,-424000,-424000
056095,臻鼎元富9A購01  ,0,0,0,0,0,0,0,0,0,-424000,0,0,0,308000,732000,-424000,-424000
060212,華航康和9A購01  ,0,0,0,0,0,0,0,0,0,-426000,0,0,0,0,426000,-426000,-426000
064720,長榮航統一02購01,0,0,0,0,0,0,0,0,0,-427000,0,0,0,0,427000,-427000,-427000
061780,國巨群益9C購01  ,0,0,0,0,0,0,0,0,0,-428000,0,0,0,220000,648000,-428000,-428000
2371,大同            ,568403,1457390,-888987,0,0,0,0,0,0,460000,446000,6000,440000,20000,0,20000,-428987
064714,和大統一02購02  ,0,0,0,0,0,0,0,0,0,-430000,0,0,0,61000,491000,-430000,-430000
065407,世紀鋼富邦01購01,0,0,0,0,0,0,0,0,0,-431000,0,0,0,0,431000,-431000,-431000
06328P,台積電中信01售02,0,0,0,0,0,0,0,0,0,-431000,0,0,0,1000,432000,-431000,-431000
00650L,FH香港正2       ,249000,249000,0,0,0,0,0,0,0,-433000,0,0,0,827000,1260000,-433000,-433000
066243,潤泰新富邦03購01,0,0,0,0,0,0,0,0,0,-435000,0,0,0,0,435000,-435000,-435000
061816,長榮航群益9B購02,0,0,0,0,0,0,0,0,0,-437000,0,0,0,0,437000,-437000,-437000
056609,楠梓電永豐98購02,0,0,0,0,0,0,0,0,0,-438000,0,0,0,243000,681000,-438000,-438000
056503,楠梓電永豐98購01,0,0,0,0,0,0,0,0,0,-438000,0,0,0,139000,577000,-438000,-438000
063133,喬山統一01購01  ,0,0,0,0,0,0,0,0,0,-438000,0,0,0,73000,511000,-438000,-438000
058284,滬深反群益01購01,0,0,0,0,0,0,0,0,0,-439000,0,0,0,0,439000,-439000,-439000
08431P,景碩凱基9C售02  ,0,0,0,0,0,0,0,0,0,-440000,0,0,0,0,440000,-440000,-440000
5522,遠雄            ,184000,684000,-500000,0,0,0,0,0,0,59000,61000,2000,59000,0,0,0,-441000
057485,友達元大9C購04  ,0,0,0,0,0,0,0,0,0,-442000,0,0,0,413000,855000,-442000,-442000
08425P,世紀鋼元富9C售03,0,0,0,0,0,0,0,0,0,-443000,0,0,0,0,443000,-443000,-443000
3016,嘉晶            ,1135000,910000,225000,0,0,0,0,150000,-150000,-519000,12000,102000,-90000,71000,500000,-429000,-444000
060229,楠梓電元大9C購01,0,0,0,0,0,0,0,0,0,-446000,0,0,0,210000,656000,-446000,-446000
066217,美利達統一03購01,0,0,0,0,0,0,0,0,0,-448000,0,0,0,0,448000,-448000,-448000
2375,凱美            ,135000,564000,-429000,0,0,0,0,0,0,-19000,0,0,0,1000,20000,-19000,-448000
07949P,滬深2X元大9B售04,0,0,0,0,0,0,0,0,0,-449000,0,0,0,0,449000,-449000,-449000
1417,嘉裕            ,149000,597999,-448999,0,0,0,0,0,0,-1000,0,1000,-1000,0,0,0,-449999
063435,儒鴻統一01購02  ,0,0,0,0,0,0,0,0,0,-451000,0,0,0,0,451000,-451000,-451000
5534,長虹            ,119000,527000,-408000,0,0,0,0,0,0,-45000,0,45000,-45000,0,0,0,-453000
058630,日月光國票9A購01,0,0,0,0,0,0,0,0,0,-455000,0,0,0,0,455000,-455000,-455000
062734,臺指反國票9C購03,0,0,0,0,0,0,0,0,0,-455000,0,0,0,425000,880000,-455000,-455000
08643P,和碩群益9C售02  ,0,0,0,0,0,0,0,0,0,-455000,0,0,0,2000,457000,-455000,-455000
06054P,臺股指中信9A售01,0,0,0,0,0,0,0,0,0,-457000,0,0,0,0,457000,-457000,-457000
05692P,聯發科中信9A售02,0,0,0,0,0,0,0,0,0,-459000,0,0,0,195000,654000,-459000,-459000
056775,康控元大99購01  ,0,0,0,0,0,0,0,0,0,-459000,0,0,0,179000,638000,-459000,-459000
08405P,聯發科元大9C售11,0,0,0,0,0,0,0,0,0,-459000,0,0,0,141000,600000,-459000,-459000
066495,技嘉國泰03購01  ,0,0,0,0,0,0,0,0,0,-460000,0,0,0,0,460000,-460000,-460000
064008,日月光凱基9C購01,0,0,0,0,0,0,0,0,0,-461000,0,0,0,38000,499000,-461000,-461000
066298,美利達元大01購02,0,0,0,0,0,0,0,0,0,-462000,0,0,0,16000,478000,-462000,-462000
054301,楠梓電凱基98購01,0,0,0,0,0,0,0,0,0,-462000,0,0,0,13000,475000,-462000,-462000
066287,訊芯元大01購01  ,0,0,0,0,0,0,0,0,0,-463000,0,0,0,0,463000,-463000,-463000
2458,義隆            ,1597050,2016800,-419750,0,0,0,0,146000,-146000,102000,274000,161000,113000,35000,46000,-11000,-463750
2489,瑞軒            ,90000,559000,-469000,0,0,0,0,0,0,3000,3000,0,3000,0,0,0,-466000
065345,台光電統一01購04,0,0,0,0,0,0,0,0,0,-467000,0,0,0,71000,538000,-467000,-467000
055891,鴻海統一9A購01  ,0,0,0,0,0,0,0,0,0,-468000,0,0,0,130000,598000,-468000,-468000
055921,新唐凱基98購01  ,0,0,0,0,0,0,0,0,0,-470000,0,0,0,0,470000,-470000,-470000
08617P,緯創元富9C售03  ,0,0,0,0,0,0,0,0,0,-470000,0,0,0,6000,476000,-470000,-470000
066196,南港統一03購01  ,0,0,0,0,0,0,0,0,0,-476000,0,0,0,50000,526000,-476000,-476000
3450,聯鈞            ,2073000,2561000,-488000,0,0,0,161000,0,161000,-149000,99000,48000,51000,177000,377000,-200000,-476000
06705P,臻鼎元富98售03  ,0,0,0,0,0,0,0,0,0,-478000,0,0,0,15000,493000,-478000,-478000
07051P,大立光中信99售02,0,0,0,0,0,0,0,0,0,-480000,0,0,0,20000,500000,-480000,-480000
1762,中化生          ,1368000,860482,507518,0,0,0,0,1011000,-1011000,22000,5000,0,5000,17000,0,17000,-481482
063065,聯發科麥證9C購01,0,0,0,0,482000,-482000,0,0,0,-482000,0,0,0,0,482000,-482000,-482000
1301,台塑            ,3159797,3523539,-363742,0,0,0,0,8000,-8000,-112000,0,107000,-107000,0,5000,-5000,-483742
08211P,台表科元富9B售03,0,0,0,0,0,0,0,0,0,-485000,0,0,0,140000,625000,-485000,-485000
064860,聯發科富邦03購01,0,0,0,0,0,0,0,0,0,-485000,0,0,0,27000,512000,-485000,-485000
065880,訊芯群益9C購01  ,0,0,0,0,0,0,0,0,0,-485000,0,0,0,30000,515000,-485000,-485000
065952,聯發科統一03購02,0,0,0,0,0,0,0,0,0,-485000,0,0,0,76000,561000,-485000,-485000
08027P,嘉晶元大9B售03  ,0,0,0,0,0,0,0,0,0,-488000,0,0,0,110000,598000,-488000,-488000
055415,禾伸堂富邦9B購01,0,0,0,0,0,0,0,0,0,-489000,0,0,0,26000,515000,-489000,-489000
062294,盛群永豐9B購01  ,0,0,0,0,0,0,0,0,0,-489000,0,0,0,26000,515000,-489000,-489000
08609P,世紀鋼永豐9C售03,0,0,0,0,0,0,0,0,0,-490000,0,0,0,0,490000,-490000,-490000
065213,南六國票01購03  ,0,0,0,0,0,0,0,0,0,-491000,0,0,0,0,491000,-491000,-491000
06956P,國巨日盛99售04  ,0,0,0,0,0,0,0,0,0,-492000,0,0,0,40000,532000,-492000,-492000
064255,泰碩國泰02購01  ,0,0,0,0,0,0,0,0,0,-492000,0,0,0,664000,1156000,-492000,-492000
08147P,聯發科群益9B售10,0,0,0,0,0,0,0,0,0,-493000,0,0,0,67000,560000,-493000,-493000
057571,泰碩永豐98購01  ,0,0,0,0,0,0,0,0,0,-496000,0,0,0,113000,609000,-496000,-496000
07372P,滬深2X元大99售08,0,0,0,0,0,0,0,0,0,-499000,0,0,0,0,499000,-499000,-499000
060649,國巨第一9A購01  ,0,0,0,0,0,0,0,0,0,-499000,0,0,0,5000,504000,-499000,-499000
08710P,鴻海元富07售03  ,0,0,0,0,0,0,0,0,0,-499000,0,0,0,0,499000,-499000,-499000
3047,訊舟            ,130000,629000,-499000,0,0,0,0,0,0,0,0,0,0,0,0,0,-499000
07781P,高鐵凱基9A售02  ,0,0,0,0,0,0,0,0,0,-500000,0,0,0,0,500000,-500000,-500000
060614,T50反1元大9A購06,0,0,0,0,0,0,0,0,0,-500000,0,0,0,0,500000,-500000,-500000
064472,國巨麥證9C購03  ,0,0,0,101000,600000,-499000,0,0,0,-500000,0,0,0,101000,601000,-500000,-500000
00701,國泰股利精選30  ,3000,2000,1000,0,0,0,0,0,0,-503000,0,0,0,741000,1244000,-503000,-502000
065908,聯發科永豐9C購04,0,0,0,0,0,0,0,0,0,-504000,0,0,0,15000,519000,-504000,-504000
3005,神基            ,316000,875000,-559000,0,0,0,0,0,0,54000,601000,546000,55000,31000,32000,-1000,-505000
066270,國揚元大01購01  ,0,0,0,0,0,0,0,0,0,-507000,0,0,0,6000,513000,-507000,-507000
08213P,台光電統一9B售03,0,0,0,0,0,0,0,0,0,-508000,0,0,0,58000,566000,-508000,-508000
057502,訊芯群益98購02  ,0,0,0,0,0,0,0,0,0,-508000,0,0,0,0,508000,-508000,-508000
07608P,台灣50國票9C售03,0,0,0,0,0,0,0,0,0,-509000,0,0,0,0,509000,-509000,-509000
07887P,台積電國票9C售03,0,0,0,0,0,0,0,0,0,-510000,0,0,0,0,510000,-510000,-510000
065248,聯發科麥證9C購03,0,0,0,0,511000,-511000,0,0,0,-511000,0,0,0,0,511000,-511000,-511000
066276,敦泰元大01購01  ,0,0,0,0,0,0,0,0,0,-512000,0,0,0,70000,582000,-512000,-512000
2520,冠德            ,1463000,2628000,-1165000,0,0,0,562000,0,562000,90000,271000,154000,117000,36000,63000,-27000,-513000
057393,台積電中信02購01,10000,0,10000,0,0,0,0,0,0,-525000,0,0,0,636000,1161000,-525000,-515000
3380,明泰            ,304000,789000,-485000,0,0,0,0,0,0,-30000,111000,89000,22000,5000,57000,-52000,-515000
1304,台聚            ,109000,621000,-512000,0,0,0,0,0,0,-3000,0,3000,-3000,0,0,0,-515000
00664R,國泰臺灣加權反1 ,6000,6000,0,0,0,0,0,0,0,-518000,0,0,0,1291000,1809000,-518000,-518000
08153P,台表科統一9B售01,0,0,0,0,0,0,0,0,0,-519000,0,0,0,20000,539000,-519000,-519000
065972,聯發科元大01購07,0,0,0,0,0,0,0,0,0,-519000,0,0,0,138000,657000,-519000,-519000
00712,FH富時不動產    ,58000,54000,4000,0,0,0,0,0,0,-523000,0,0,0,72000,595000,-523000,-519000
065903,聯發科富邦02購02,0,0,0,0,0,0,0,0,0,-520000,0,0,0,152000,672000,-520000,-520000
065309,亞光國票01購01  ,0,0,0,0,0,0,0,0,0,-520000,0,0,0,10000,530000,-520000,-520000
065624,聯詠中信9C購01  ,0,0,0,0,0,0,0,0,0,-526000,0,0,0,99000,625000,-526000,-526000
063675,亞德客國泰01購01,0,0,0,0,0,0,0,0,0,-526000,0,0,0,1124000,1650000,-526000,-526000
061189,可成富邦9B購02  ,0,0,0,0,0,0,0,0,0,-527000,0,0,0,0,527000,-527000,-527000
058178,國巨國泰9A購02  ,0,0,0,0,0,0,0,0,0,-532000,0,0,0,5000,537000,-532000,-532000
058405,訊連元大99購02  ,0,0,0,0,0,0,0,0,0,-533000,0,0,0,23000,556000,-533000,-533000
063490,儒鴻富邦9C購01  ,0,0,0,0,0,0,0,0,0,-533000,0,0,0,66000,599000,-533000,-533000
054533,泰碩國泰98購01  ,0,0,0,0,0,0,0,0,0,-534000,0,0,0,146000,680000,-534000,-534000
065892,聯發科統一02購04,0,0,0,0,0,0,0,0,0,-536000,0,0,0,3000,539000,-536000,-536000
065767,T50反1國票03購01,0,0,0,0,0,0,0,0,0,-536000,0,0,0,0,536000,-536000,-536000
063448,聯發科統一9C購11,0,0,0,0,0,0,0,0,0,-538000,0,0,0,76000,614000,-538000,-538000
3090,日電貿          ,232000,773000,-541000,0,0,0,0,0,0,2000,13000,0,13000,18000,29000,-11000,-539000
3406,玉晶光          ,1162000,1344000,-182000,0,0,0,16000,282000,-266000,-92000,80000,100000,-20000,36000,108000,-72000,-540000
08627P,臺股指群益9C售22,0,0,0,0,0,0,0,0,0,-544000,0,0,0,0,544000,-544000,-544000
065111,瀚宇博國票01購01,0,0,0,0,0,0,0,0,0,-545000,0,0,0,115000,660000,-545000,-545000
065247,聯發科麥證9C購02,0,0,0,4000,550000,-546000,0,0,0,-546000,0,0,0,4000,550000,-546000,-546000
064685,裕隆群益9C購01  ,0,0,0,0,0,0,0,0,0,-546000,0,0,0,0,546000,-546000,-546000
062695,華通元大9C購01  ,0,0,0,0,0,0,0,0,0,-548000,0,0,0,27000,575000,-548000,-548000
062597,世紀鋼統一01購01,0,0,0,0,0,0,0,0,0,-549000,0,0,0,30000,579000,-549000,-549000
065312,日月光國票01購01,0,0,0,0,0,0,0,0,0,-550000,0,0,0,38000,588000,-550000,-550000
065507,亞德客群益01購02,0,0,0,0,0,0,0,0,0,-553000,0,0,0,79000,632000,-553000,-553000
066085,台積電富邦05購01,0,0,0,0,0,0,0,0,0,-553000,0,0,0,525000,1078000,-553000,-553000
03451B,臺股指凱基9C熊23,0,0,0,0,0,0,0,0,0,-554000,0,0,0,21000,575000,-554000,-554000
4934,太極            ,718000,1272000,-554000,0,0,0,0,0,0,0,0,0,0,0,0,0,-554000
07976P,聯發科群益9C售02,0,0,0,0,0,0,0,0,0,-556000,0,0,0,0,556000,-556000,-556000
8105,凌巨            ,207000,765000,-558000,0,0,0,0,0,0,0,1000,1000,0,0,0,0,-558000
07347P,上証2X凱基99售02,0,0,0,0,0,0,0,0,0,-559000,0,0,0,0,559000,-559000,-559000
4958,臻鼎-KY         ,2538780,2988540,-449760,0,0,0,270000,681000,-411000,301000,423000,72000,351000,63000,113000,-50000,-559760
058410,國巨兆豐99購03  ,0,0,0,0,0,0,0,0,0,-561000,0,0,0,49000,610000,-561000,-561000
058422,百和麥證99購01  ,0,0,0,78000,639000,-561000,0,0,0,-561000,0,0,0,78000,639000,-561000,-561000
065017,和大富邦03購01  ,0,0,0,0,0,0,0,0,0,-562000,0,0,0,142000,704000,-562000,-562000
061416,聯茂群益9A購01  ,0,0,0,0,0,0,0,0,0,-562000,0,0,0,12000,574000,-562000,-562000
3682,亞太電          ,225000,788000,-563000,0,0,0,0,0,0,0,0,0,0,0,0,0,-563000
08434P,臺股指凱基03售02,0,0,0,0,0,0,0,0,0,-564000,0,0,0,314000,878000,-564000,-564000
1718,中纖            ,456000,1030000,-574000,0,0,0,0,0,0,0,2000,2000,0,0,0,0,-574000
063072,裕隆永豐9B購01  ,0,0,0,0,0,0,0,0,0,-577000,0,0,0,27000,604000,-577000,-577000
08538P,聯發科國票01售01,0,0,0,0,0,0,0,0,0,-577000,0,0,0,0,577000,-577000,-577000
061905,上証反中信03購01,0,0,0,0,0,0,0,0,0,-583000,0,0,0,0,583000,-583000,-583000
060958,儒鴻凱基9A購02  ,0,0,0,0,0,0,0,0,0,-584000,0,0,0,26000,610000,-584000,-584000
8249,菱光            ,16000,602000,-586000,0,0,0,0,0,0,0,0,0,0,0,0,0,-586000
064816,訊芯元大9C購01  ,0,0,0,0,0,0,0,0,0,-588000,0,0,0,270000,858000,-588000,-588000
065049,世芯凱基02購01  ,0,0,0,0,0,0,0,0,0,-596000,0,0,0,298000,894000,-596000,-596000
065740,聯發科麥證9C購05,0,0,0,0,596000,-596000,0,0,0,-596000,0,0,0,0,596000,-596000,-596000
063491,國巨富邦02購02  ,0,0,0,0,0,0,0,0,0,-597000,0,0,0,378000,975000,-597000,-597000
2359,所羅門          ,135000,732000,-597000,0,0,0,0,0,0,0,0,0,0,0,0,0,-597000
07307P,上証2X凱基9A售02,0,0,0,0,0,0,0,0,0,-599000,0,0,0,998000,1597000,-599000,-599000
07709P,創意元大9A售01  ,0,0,0,0,0,0,0,0,0,-599000,0,0,0,20000,619000,-599000,-599000
08662P,台積電國泰03售01,0,0,0,0,0,0,0,0,0,-600000,0,0,0,341000,941000,-600000,-600000
3048,益登            ,132000,751000,-619000,0,0,0,0,0,0,15000,15000,0,15000,0,0,0,-604000
056189,樺漢統一97購02  ,0,0,0,0,0,0,0,0,0,-607000,0,0,0,0,607000,-607000,-607000
063516,香港反凱基03購01,0,0,0,0,0,0,0,0,0,-607000,0,0,0,0,607000,-607000,-607000
064820,裕隆統一9C購01  ,0,0,0,0,0,0,0,0,0,-611000,0,0,0,0,611000,-611000,-611000
2547,日勝生          ,168000,776000,-608000,0,0,0,0,0,0,-3000,0,3000,-3000,0,0,0,-611000
066297,美利達元大01購01,0,0,0,0,0,0,0,0,0,-613000,0,0,0,0,613000,-613000,-613000
5531,鄉林            ,83000,699000,-616000,0,0,0,0,0,0,-2000,1000,3000,-2000,0,0,0,-618000
066281,眾達元大02購01  ,0,0,0,0,0,0,0,0,0,-627000,0,0,0,24000,651000,-627000,-627000
2369,菱生            ,1768000,2395000,-627000,0,0,0,0,0,0,0,1000,1000,0,0,0,0,-627000
8112,至上            ,457000,1086000,-629000,0,0,0,0,0,0,1000,1000,0,1000,0,0,0,-628000
3060,銘異            ,788000,1419000,-631000,0,0,0,0,0,0,2000,2000,0,2000,0,0,0,-629000
057347,國巨統一9A購03  ,0,0,0,0,0,0,0,0,0,-635000,0,0,0,270000,905000,-635000,-635000
063364,聯發科富邦01購02,0,0,0,0,0,0,0,0,0,-635000,0,0,0,119000,754000,-635000,-635000
063251,同欣電元大9B購04,0,0,0,0,0,0,0,0,0,-636000,0,0,0,86000,722000,-636000,-636000
057399,滬深反群益9C購01,0,0,0,0,0,0,0,0,0,-644000,0,0,0,0,644000,-644000,-644000
066026,泰碩群益03購01  ,0,0,0,0,0,0,0,0,0,-645000,0,0,0,129000,774000,-645000,-645000
065876,牧德群益02購01  ,0,0,0,0,0,0,0,0,0,-645000,0,0,0,0,645000,-645000,-645000
057971,華新科富邦9B購02,0,0,0,0,0,0,0,0,0,-645000,0,0,0,32000,677000,-645000,-645000
059403,T50反1台新03購03,0,0,0,0,0,0,0,0,0,-645000,0,0,0,0,645000,-645000,-645000
051369,新光金富邦9A購01,0,0,0,0,0,0,0,0,0,-649000,0,0,0,0,649000,-649000,-649000
3014,聯陽            ,408000,1175000,-767000,0,0,0,0,0,0,116000,182000,8000,174000,24000,82000,-58000,-651000
08325P,臺股指凱基9C售08,0,0,0,0,0,0,0,0,0,-654000,0,0,0,20000,674000,-654000,-654000
064681,牧德兆豐01購01  ,0,0,0,0,0,0,0,0,0,-657000,0,0,0,91000,748000,-657000,-657000
00655L,國泰中國A50正2  ,1092000,1438000,-346000,0,0,0,0,0,0,-312000,0,90000,-90000,10464000,10686000,-222000,-658000
047564,滬深2X國票99購01,0,0,0,0,0,0,0,0,0,-661000,0,0,0,134000,795000,-661000,-661000
064448,裕隆統一02購01  ,0,0,0,0,0,0,0,0,0,-665000,0,0,0,35000,700000,-665000,-665000
065741,聯發科麥證9C購06,0,0,0,0,666000,-666000,0,0,0,-666000,0,0,0,0,666000,-666000,-666000
066248,長興元大01購01  ,0,0,0,0,0,0,0,0,0,-667000,0,0,0,230000,897000,-667000,-667000
057796,鴻海兆豐99購03  ,0,0,0,0,0,0,0,0,0,-670000,0,0,0,10000,680000,-670000,-670000
056364,亞光元大99購02  ,0,0,0,0,0,0,0,0,0,-670000,0,0,0,70000,740000,-670000,-670000
8210,勤誠            ,112000,438000,-326000,0,0,0,0,312000,-312000,-34000,0,0,0,0,34000,-34000,-672000
063257,牧德國泰01購01  ,0,0,0,0,0,0,0,0,0,-678000,0,0,0,30000,708000,-678000,-678000
066218,美利達統一03購02,0,0,0,0,0,0,0,0,0,-681000,0,0,0,0,681000,-681000,-681000
1736,喬山            ,224000,850000,-626000,0,0,0,0,0,0,-57000,0,1000,-1000,0,56000,-56000,-683000
063747,國巨國票9C購06  ,0,0,0,0,0,0,0,0,0,-686000,0,0,0,19000,705000,-686000,-686000
1789,神隆            ,1043000,1384000,-341000,0,0,0,0,104000,-104000,-241000,0,232000,-232000,26000,35000,-9000,-686000
2453,凌群            ,80000,666000,-586000,0,0,0,0,0,0,-100000,0,100000,-100000,0,0,0,-686000
060426,盛群永豐9A購01  ,0,0,0,0,0,0,0,0,0,-687000,0,0,0,215000,902000,-687000,-687000
07714P,世紀鋼元大9A售03,0,0,0,0,0,0,0,0,0,-688000,0,0,0,0,688000,-688000,-688000
6282,康舒            ,742000,1433000,-691000,0,0,0,0,0,0,-5000,1000,6000,-5000,0,0,0,-696000
066280,眾達元大01購01  ,0,0,0,0,0,0,0,0,0,-700000,0,0,0,77000,777000,-700000,-700000
061759,上証反元大02購01,0,0,0,0,0,0,0,0,0,-700000,0,0,0,0,700000,-700000,-700000
063080,裕隆凱基9B購01  ,0,0,0,0,0,0,0,0,0,-700000,0,0,0,9000,709000,-700000,-700000
08106P,聯發科統一9B售09,0,0,0,0,0,0,0,0,0,-701000,0,0,0,0,701000,-701000,-701000
065193,和大元富03購02  ,0,0,0,0,0,0,0,0,0,-708000,0,0,0,290000,998000,-708000,-708000
064326,裕隆元大9C購01  ,0,0,0,0,0,0,0,0,0,-708000,0,0,0,55000,763000,-708000,-708000
064139,裕隆統一01購02  ,0,0,0,0,0,0,0,0,0,-710000,0,0,0,0,710000,-710000,-710000
062652,上証2X永豐9B購01,0,0,0,0,0,0,0,0,0,-713000,0,0,0,0,713000,-713000,-713000
4414,如興            ,71000,782000,-711000,0,0,0,0,0,0,-2000,0,2000,-2000,0,0,0,-713000
061844,T50反1國票9C購02,0,0,0,0,0,0,0,0,0,-714000,0,0,0,231000,945000,-714000,-714000
1312,國喬            ,1204000,1918000,-714000,0,0,0,0,0,0,-2000,0,2000,-2000,0,0,0,-716000
07435P,台積電富邦9C售07,0,0,0,0,0,0,0,0,0,-720000,0,0,0,0,720000,-720000,-720000
061956,和大統一01購01  ,0,0,0,0,0,0,0,0,0,-720000,0,0,0,203000,923000,-720000,-720000
064012,泰碩國票01購02  ,0,0,0,0,0,0,0,0,0,-724000,0,0,0,197000,921000,-724000,-724000
065194,和大元富9C購01  ,0,0,0,0,0,0,0,0,0,-731000,0,0,0,85000,816000,-731000,-731000
8213,志超            ,191000,704000,-513000,0,0,0,0,0,0,-220000,1000,1000,0,0,220000,-220000,-733000
2344,華邦電          ,10076017,9857131,218886,0,0,0,0,4000,-4000,-948000,44000,371000,-327000,114000,735000,-621000,-733114
07071P,立積元富99售01  ,0,0,0,0,0,0,0,0,0,-734000,0,0,0,5000,739000,-734000,-734000
2383,台光電          ,1426000,1397017,28983,0,0,0,0,250000,-250000,-513000,373000,869000,-496000,32000,49000,-17000,-734017
064713,和大統一02購01  ,0,0,0,0,0,0,0,0,0,-737000,0,0,0,154000,891000,-737000,-737000
066346,眾達永豐01購01  ,0,0,0,0,0,0,0,0,0,-739000,0,0,0,10000,749000,-739000,-739000
065815,微星元富9C購01  ,0,0,0,0,0,0,0,0,0,-739000,0,0,0,111000,850000,-739000,-739000
061734,全新中信9B購02  ,0,0,0,0,0,0,0,0,0,-745000,0,0,0,30000,775000,-745000,-745000
2637,慧洋-KY         ,57000,748000,-691000,0,0,0,0,6000,-6000,-52000,0,52000,-52000,0,0,0,-749000
062416,和大統一01購02  ,0,0,0,0,0,0,0,0,0,-753000,0,0,0,155000,908000,-753000,-753000
3042,晶技            ,2477000,2360000,117000,0,0,0,0,0,0,-873000,48000,418000,-370000,26000,529000,-503000,-756000
3019,亞光            ,1594000,2288000,-694000,0,0,0,0,0,0,-64000,109000,322000,-213000,503000,354000,149000,-758000
8163,達方            ,463000,1794000,-1331000,0,0,0,0,0,0,566000,69000,1000,68000,618000,120000,498000,-765000
4943,康控-KY         ,599000,1326000,-727000,0,0,0,0,0,0,-40000,0,12000,-12000,80000,108000,-28000,-767000
03448B,臺股指元大9C熊11,0,0,0,0,0,0,0,0,0,-771000,0,0,0,66000,837000,-771000,-771000
061775,臺指反國票9B購04,0,0,0,0,0,0,0,0,0,-771000,0,0,0,0,771000,-771000,-771000
064485,儒鴻元大01購01  ,0,0,0,0,0,0,0,0,0,-774000,0,0,0,158000,932000,-774000,-774000
1409,新纖            ,142000,923000,-781000,0,0,0,0,0,0,-4000,0,4000,-4000,0,0,0,-785000
3535,晶彩科          ,502000,1288000,-786000,0,0,0,0,0,0,0,0,0,0,0,0,0,-786000
062332,大立光統一9B購11,0,0,0,0,0,0,0,0,0,-787000,0,0,0,804000,1591000,-787000,-787000
06813P,友訊元富98售03  ,0,0,0,0,0,0,0,0,0,-788000,0,0,0,124000,912000,-788000,-788000
058666,上証反群益01購01,0,0,0,0,0,0,0,0,0,-789000,0,0,0,401000,1190000,-789000,-789000
4919,新唐            ,493000,1398000,-905000,0,0,0,0,0,0,114000,0,0,0,117000,3000,114000,-791000
06912P,台光電元大99售02,0,0,0,0,0,0,0,0,0,-803000,0,0,0,20000,823000,-803000,-803000
2841,台開            ,167000,973000,-806000,0,0,0,0,0,0,-2000,0,2000,-2000,0,0,0,-808000
060252,緯穎元大9A購02  ,0,0,0,0,0,0,0,0,0,-810000,0,0,0,18000,828000,-810000,-810000
05347P,滬深2X元富9B售02,0,0,0,0,0,0,0,0,0,-813000,0,0,0,250000,1063000,-813000,-813000
064185,裕隆永豐9C購01  ,0,0,0,0,0,0,0,0,0,-820000,0,0,0,50000,870000,-820000,-820000
5264,鎧勝-KY         ,893000,1474000,-581000,0,0,0,0,260000,-260000,20000,38000,0,38000,9000,27000,-18000,-821000
6202,盛群            ,1223000,2238000,-1015000,0,0,0,0,0,0,191000,0,0,0,195000,4000,191000,-824000
4119,旭富            ,97000,778000,-681000,0,0,0,0,0,0,-143000,1000,0,1000,15000,159000,-144000,-824000
2352,佳世達          ,862000,1600000,-738000,0,0,0,0,2000,-2000,-84000,6000,57000,-51000,0,33000,-33000,-824000
3673,TPK-KY          ,495000,976419,-481419,0,0,0,0,0,0,-344000,14000,42000,-28000,33000,349000,-316000,-825419
065530,亞德客統一9C購02,0,0,0,0,0,0,0,0,0,-826000,0,0,0,787000,1613000,-826000,-826000
07974P,上証2X元大9B售02,0,0,0,0,0,0,0,0,0,-833000,0,0,0,110000,943000,-833000,-833000
066233,華碩富邦02購01  ,0,0,0,0,0,0,0,0,0,-841000,0,0,0,0,841000,-841000,-841000
058268,泰碩永豐9A購01  ,0,0,0,0,0,0,0,0,0,-841000,0,0,0,215000,1056000,-841000,-841000
059760,楠梓電永豐99購01,0,0,0,0,0,0,0,0,0,-842000,0,0,0,286000,1128000,-842000,-842000
6176,瑞儀            ,6093000,3853100,2239900,0,0,0,60000,0,60000,-3178000,7000,1451000,-1444000,23000,1757000,-1734000,-878100
064684,巨大兆豐9C購01  ,0,0,0,0,0,0,0,0,0,-885000,0,0,0,86000,971000,-885000,-885000
062590,亞光統一9B購01  ,0,0,0,0,0,0,0,0,0,-885000,0,0,0,247000,1132000,-885000,-885000
6230,超眾            ,202000,665000,-463000,0,0,0,0,125000,-125000,-297000,0,140000,-140000,5000,162000,-157000,-885000
056219,T50反1日盛02購01,0,0,0,0,0,0,0,0,0,-886000,0,0,0,20000,906000,-886000,-886000
08243P,祥碩凱基9C售02  ,0,0,0,0,0,0,0,0,0,-888000,0,0,0,30000,918000,-888000,-888000
2379,瑞昱            ,2849624,3732410,-882786,0,0,0,261000,58000,203000,-214000,47000,218000,-171000,27000,70000,-43000,-893786
2889,國票金          ,847000,1807000,-960000,0,0,0,0,0,0,61000,62000,1000,61000,0,0,0,-899000
066225,松翰國泰03購01  ,0,0,0,0,0,0,0,0,0,-904000,0,0,0,0,904000,-904000,-904000
03683C,T50反1元大9C牛04,0,0,0,0,0,0,0,0,0,-906000,0,0,0,416000,1322000,-906000,-906000
065625,聯發科兆豐9C購06,0,0,0,0,0,0,0,0,0,-912000,0,0,0,180000,1092000,-912000,-912000
064832,長榮航統一01購01,20000,0,20000,0,0,0,0,0,0,-937000,0,0,0,0,937000,-937000,-917000
2006,東和鋼鐵        ,214000,786000,-572000,0,0,0,0,1000,-1000,-352000,0,352000,-352000,0,0,0,-925000
062688,華擎統一01購03  ,0,0,0,0,0,0,0,0,0,-928000,0,0,0,295000,1223000,-928000,-928000
054791,泰碩群益99購02  ,0,0,0,0,0,0,0,0,0,-930000,0,0,0,38000,968000,-930000,-930000
064160,新日興統一01購03,10000,20000,-10000,0,0,0,0,0,0,-930000,0,0,0,433000,1363000,-930000,-940000
2367,燿華            ,1611000,2285000,-674000,0,0,0,0,0,0,-275000,2000,1000,1000,68000,344000,-276000,-949000
6005,群益證          ,1182000,2120000,-938000,0,0,0,0,11000,-11000,0,0,0,0,0,0,0,-949000
08407P,臺股指元大9C售13,0,0,0,0,0,0,0,0,0,-951000,0,0,0,0,951000,-951000,-951000
055701,亞德客富邦99購01,0,0,0,0,0,0,0,0,0,-957000,0,0,0,309000,1266000,-957000,-957000
2104,國際中橡        ,148000,1026000,-878000,0,0,0,0,0,0,-80000,0,2000,-2000,4000,82000,-78000,-958000
4927,泰鼎-KY         ,893000,1198000,-305000,0,0,0,0,487000,-487000,-167000,90000,30000,60000,234000,461000,-227000,-959000
065782,健策富邦01購02  ,0,0,0,0,0,0,0,0,0,-962000,0,0,0,195000,1157000,-962000,-962000
3045,台灣大          ,2510197,3354995,-844798,0,0,0,0,13000,-13000,-109000,8000,117000,-109000,0,0,0,-966798
066188,訊芯凱基01購01  ,0,0,0,0,0,0,0,0,0,-971000,0,0,0,0,971000,-971000,-971000
3049,和鑫            ,1208000,2184000,-976000,0,0,0,0,0,0,4000,5000,1000,4000,0,0,0,-972000
064719,聯發科統一02購01,0,0,0,0,0,0,0,0,0,-985000,0,0,0,2643000,3628000,-985000,-985000
00656R,國泰中國A50反1  ,0,145000,-145000,0,0,0,0,0,0,-843000,0,0,0,189000,1032000,-843000,-988000
061186,牧德國泰9C購01  ,0,0,0,0,0,0,0,0,0,-991000,0,0,0,46000,1037000,-991000,-991000
064278,高鐵元大9C購02  ,0,0,0,0,0,0,0,0,0,-992000,0,0,0,17000,1009000,-992000,-992000
8261,富鼎            ,348000,1340000,-992000,0,0,0,0,0,0,0,0,0,0,0,0,0,-992000
1515,力山            ,420000,1289000,-869000,0,0,0,0,0,0,-126000,40000,4000,36000,6000,168000,-162000,-995000
054079,鴻海中信98購02  ,0,0,0,0,0,0,0,0,0,-996000,0,0,0,1475000,2471000,-996000,-996000
0056,元大高股息      ,461000,184300,276700,0,0,0,0,0,0,-1273000,0,0,0,1731000,3004000,-1273000,-996300
066224,眾達國泰03購01  ,0,0,0,0,0,0,0,0,0,-998000,0,0,0,342000,1340000,-998000,-998000
06993P,鴻海凱基99售05  ,0,0,0,0,0,0,0,0,0,-998000,0,0,0,0,998000,-998000,-998000
063134,裕隆統一01購01  ,0,0,0,0,0,0,0,0,0,-1011000,0,0,0,584000,1595000,-1011000,-1011000
07919P,創意永豐9B售01  ,0,0,0,0,0,0,0,0,0,-1015000,0,0,0,25000,1040000,-1015000,-1015000
055899,群創中信99購01  ,0,0,0,0,0,0,0,0,0,-1020000,0,0,0,14000,1034000,-1020000,-1020000
060791,聯茂富邦9A購02  ,0,0,0,0,0,0,0,0,0,-1021000,0,0,0,142000,1163000,-1021000,-1021000
08091P,A50正2元富9B售02,0,0,0,0,0,0,0,0,0,-1026000,0,0,0,10000,1036000,-1026000,-1026000
8150,南茂            ,2021000,2704000,-683000,0,0,0,0,0,0,-362000,1000,51000,-50000,47000,359000,-312000,-1045000
2301,光寶科          ,4498911,5483408,-984497,0,0,0,0,11000,-11000,-53000,10000,43000,-33000,35000,55000,-20000,-1048497
062710,盛群元大9B購01  ,0,0,0,0,0,0,0,0,0,-1049000,0,0,0,180000,1229000,-1049000,-1049000
064579,大立光富邦03購02,0,0,0,0,0,0,0,0,0,-1066000,0,0,0,65000,1131000,-1066000,-1066000
055902,同欣電中信99購01,0,0,0,0,0,0,0,0,0,-1079000,0,0,0,590000,1669000,-1079000,-1079000
6456,GIS-KY          ,601000,1246000,-645000,0,0,0,0,435000,-435000,-3000,99000,18000,81000,30000,114000,-84000,-1083000
2392,正崴            ,1231000,1928000,-697000,0,0,0,0,0,0,-388000,9000,22000,-13000,99000,474000,-375000,-1085000
058270,上緯控永豐99購01,0,0,0,0,0,0,0,0,0,-1086000,0,0,0,212000,1298000,-1086000,-1086000
6278,台表科          ,2396000,3200667,-804667,0,0,0,379000,228000,151000,-439000,145000,432000,-287000,21000,173000,-152000,-1092667
4906,正文            ,678000,1176000,-498000,0,0,0,0,0,0,-612000,0,329000,-329000,0,283000,-283000,-1110000
07032P,聯發科統一9C售02,0,0,0,0,0,0,0,0,0,-1124000,0,0,0,409000,1533000,-1124000,-1124000
066339,總太永豐01購01  ,0,0,0,0,0,0,0,0,0,-1128000,0,0,0,0,1128000,-1128000,-1128000
2472,立隆電          ,249000,1370000,-1121000,0,0,0,0,0,0,-15000,16000,31000,-15000,0,0,0,-1136000
2329,華泰            ,466000,1604000,-1138000,0,0,0,0,0,0,0,2000,1000,1000,0,1000,-1000,-1138000
064165,同欣電統一01購01,0,0,0,0,0,0,0,0,0,-1148000,0,0,0,124000,1272000,-1148000,-1148000
065621,聯發科第一9C購01,0,0,0,0,0,0,0,0,0,-1158000,0,0,0,296000,1454000,-1158000,-1158000
8016,矽創            ,307000,1298000,-991000,0,0,0,0,17000,-17000,-162000,1000,25000,-24000,12000,150000,-138000,-1170000
065658,聯發科富邦03購03,0,0,0,0,0,0,0,0,0,-1179000,0,0,0,162000,1341000,-1179000,-1179000
08064P,上証2X凱基9C售02,0,0,0,0,0,0,0,0,0,-1193000,0,0,0,0,1193000,-1193000,-1193000
1513,中興電          ,410000,1684000,-1274000,0,0,0,0,0,0,66000,27000,110000,-83000,178000,29000,149000,-1208000
056130,新日興麥證97購01,0,0,0,80000,1298000,-1218000,0,0,0,-1218000,0,0,0,80000,1298000,-1218000,-1218000
065313,聯茂國票01購01  ,0,0,0,0,0,0,0,0,0,-1219000,0,0,0,119000,1338000,-1219000,-1219000
2484,希華            ,355000,1620000,-1265000,0,0,0,0,0,0,0,0,0,0,0,0,0,-1265000
1605,華新            ,653000,1674000,-1021000,0,0,0,0,4000,-4000,-250000,0,8000,-8000,109000,351000,-242000,-1275000
052738,聯電元大98購02  ,0,0,0,0,0,0,0,0,0,-1284000,0,0,0,100000,1384000,-1284000,-1284000
054546,玉晶光中信9B購01,0,0,0,0,0,0,0,0,0,-1313000,0,0,0,2443000,3756000,-1313000,-1313000
2382,廣達            ,6856537,8076976,-1220439,0,0,0,0,49000,-49000,-52000,188000,157000,31000,105000,188000,-83000,-1321439
5388,中磊            ,770000,2082000,-1312000,0,0,0,32000,0,32000,-45000,15000,35000,-20000,37000,62000,-25000,-1325000
07777P,創意元大9A售03  ,0,0,0,0,0,0,0,0,0,-1329000,0,0,0,96000,1425000,-1329000,-1329000
3037,欣興            ,14963473,15595447,-631974,0,0,0,1732000,1001000,731000,-1457000,232000,722000,-490000,98000,1065000,-967000,-1357974
2812,台中銀          ,175000,1544000,-1369000,0,0,0,0,0,0,-1000,0,1000,-1000,0,0,0,-1370000
07741P,滬深2X凱基9B售04,0,0,0,0,0,0,0,0,0,-1383000,0,0,0,172000,1555000,-1383000,-1383000
07194P,聯發科元大99售25,0,0,0,0,0,0,0,0,0,-1404000,0,0,0,200000,1604000,-1404000,-1404000
6271,同欣電          ,642000,1650000,-1008000,0,0,0,0,704000,-704000,295000,246000,48000,198000,139000,42000,97000,-1417000
00671R,富邦NASDAQ反1   ,0,0,0,0,0,0,0,0,0,-1433000,0,0,0,727000,2160000,-1433000,-1433000
2014,中鴻            ,200000,1632000,-1432000,0,0,0,0,0,0,-3000,0,3000,-3000,0,0,0,-1435000
056892,旺宏元大9A購02  ,0,0,0,0,0,0,0,0,0,-1442000,0,0,0,0,1442000,-1442000,-1442000
2313,華通            ,4753000,3837000,916000,0,0,0,608000,1594000,-986000,-1379000,273000,1291000,-1018000,144000,505000,-361000,-1449000
053118,大立光中信9C購01,0,0,0,0,0,0,0,0,0,-1464000,0,0,0,1857000,3321000,-1464000,-1464000
066009,創意統一02購02  ,0,0,0,0,0,0,0,0,0,-1470000,0,0,0,257000,1727000,-1470000,-1470000
00693U,街口S&P黃豆     ,28000,509000,-481000,0,0,0,0,0,0,-1045000,0,0,0,83000,1128000,-1045000,-1526000
3038,全台            ,901000,2034000,-1133000,0,0,0,0,0,0,-422000,45000,467000,-422000,0,0,0,-1555000
6251,定穎            ,354000,1868000,-1514000,0,0,0,0,74000,-74000,1000,1000,0,1000,0,0,0,-1587000
055810,T50反1國票99購01,0,0,0,0,0,0,0,0,0,-1588000,0,0,0,500000,2088000,-1588000,-1588000
2456,奇力新          ,559000,1778000,-1219000,0,0,0,0,0,0,-381000,0,85000,-85000,6000,302000,-296000,-1600000
2887,台新金          ,7529013,10073820,-2544807,0,0,0,0,66000,-66000,1004000,0,3000,-3000,1021000,14000,1007000,-1606807
1717,長興            ,1140000,2911000,-1771000,0,0,0,0,5000,-5000,153000,350000,286000,64000,113000,24000,89000,-1623000
1101,台泥            ,4967993,6520940,-1552947,0,0,0,0,41000,-41000,-30000,50000,66000,-16000,106000,120000,-14000,-1623947
065656,聯發科國泰03購01,0,0,0,0,0,0,0,0,0,-1638000,0,0,0,102000,1740000,-1638000,-1638000
07731P,臺股指凱基9A售28,0,0,0,0,0,0,0,0,0,-1655000,0,0,0,11000,1666000,-1655000,-1655000
056584,鴻海統一9B購01  ,0,0,0,0,0,0,0,0,0,-1662000,0,0,0,864000,2526000,-1662000,-1662000
2498,宏達電          ,899000,2130000,-1231000,0,0,0,0,0,0,-431000,17000,8000,9000,58000,498000,-440000,-1662000
2888,新光金          ,12010629,13319553,-1308924,0,0,0,0,77000,-77000,-292000,400000,109000,291000,170000,753000,-583000,-1677924
064997,T50反1國票01購04,0,0,0,0,0,0,0,0,0,-1683000,0,0,0,0,1683000,-1683000,-1683000
4935,茂林-KY         ,257000,1107000,-850000,0,0,0,61000,495000,-434000,-418000,10000,120000,-110000,7000,315000,-308000,-1702000
2455,全新            ,526000,2172000,-1646000,0,0,0,0,0,0,-123000,110000,8000,102000,16000,241000,-225000,-1769000
1440,南紡            ,497000,2302000,-1805000,0,0,0,0,0,0,-5000,0,5000,-5000,0,0,0,-1810000
1722,台肥            ,521000,2341000,-1820000,0,0,0,100000,4000,96000,-87000,0,3000,-3000,0,84000,-84000,-1811000
2312,金寶            ,1617000,3384000,-1767000,0,0,0,0,0,0,-45000,0,0,0,129000,174000,-45000,-1812000
2353,宏碁            ,2669459,4630978,-1961519,0,0,0,0,15000,-15000,116000,207000,4000,203000,65000,152000,-87000,-1860519
1504,東元            ,831000,2788000,-1957000,0,0,0,0,13000,-13000,39000,4000,3000,1000,54000,16000,38000,-1931000
4938,和碩            ,5958244,7127443,-1169199,0,0,0,0,16000,-16000,-752000,26000,692000,-666000,40000,126000,-86000,-1937199
2823,中壽            ,2565393,4405499,-1840106,0,0,0,0,20000,-20000,-124000,0,1000,-1000,79000,202000,-123000,-1984106
065279,T50反1群益9C購03,0,0,0,0,0,0,0,0,0,-2069000,0,0,0,2000,2071000,-2069000,-2069000
6116,彩晶            ,3474000,3245000,229000,0,0,0,0,0,0,-2339000,54000,88000,-34000,228000,2533000,-2305000,-2110000
9958,世紀鋼          ,229000,822000,-593000,0,0,0,0,1448000,-1448000,-125000,32000,37000,-5000,68000,188000,-120000,-2166000
1314,中石化          ,754000,2629000,-1875000,0,0,0,0,4000,-4000,-292000,32000,48000,-16000,23000,299000,-276000,-2171000
2356,英業達          ,10257419,12171044,-1913625,0,0,0,50000,20000,30000,-305000,138000,262000,-124000,161000,342000,-181000,-2188625
2332,友訊            ,2632000,4719000,-2087000,0,0,0,0,0,0,-106000,64000,21000,43000,22000,171000,-149000,-2193000
058807,和大統一9B購01  ,0,0,0,0,0,0,0,0,0,-2200000,0,0,0,67000,2267000,-2200000,-2200000
2882,國泰金          ,7709958,9684705,-1974747,0,0,0,0,59000,-59000,-218000,0,0,0,54000,272000,-218000,-2251747
05830P,滬深2X元富99售03,0,0,0,0,0,0,0,0,0,-2276000,0,0,0,1386000,3662000,-2276000,-2276000
07259P,滬深2X國票01售01,0,0,0,0,0,0,0,0,0,-2317000,0,0,0,1497000,3814000,-2317000,-2317000
06696P,台灣50國票99售01,0,0,0,0,0,0,0,0,0,-2344000,0,0,0,5000,2349000,-2344000,-2344000
1102,亞泥            ,3808849,6165352,-2356503,0,0,0,0,16000,-16000,-10000,44000,88000,-44000,196000,162000,34000,-2382503
2363,矽統            ,2313000,4706000,-2393000,0,0,0,0,0,0,2000,3000,1000,2000,0,0,0,-2391000
2385,群光            ,936881,3385812,-2448931,0,0,0,0,4000,-4000,-6000,16000,20000,-4000,24000,26000,-2000,-2458931
6239,力成            ,3882576,5061766,-1179190,0,0,0,0,992000,-992000,-292000,10000,165000,-155000,13000,150000,-137000,-2463190
07597P,臺股指中信01售02,0,0,0,0,0,0,0,0,0,-2469000,0,0,0,653000,3122000,-2469000,-2469000
065496,裕隆富邦9C購01  ,0,0,0,0,0,0,0,0,0,-2476000,0,0,0,0,2476000,-2476000,-2476000
3017,奇鋐            ,2089000,4520000,-2431000,0,0,0,0,0,0,-82000,41000,0,41000,34000,157000,-123000,-2513000
07861P,台灣50中信03售08,0,0,0,0,0,0,0,0,0,-2521000,0,0,0,0,2521000,-2521000,-2521000
2421,建準            ,480000,3077000,-2597000,0,0,0,0,0,0,-168000,118000,0,118000,198000,484000,-286000,-2765000
00669R,國泰美國道瓊反1 ,31000,167000,-136000,0,0,0,0,0,0,-2801000,0,0,0,789000,3590000,-2801000,-2937000
4915,致伸            ,4052000,6992000,-2940000,0,0,0,0,0,0,-7000,1000,0,1000,10000,18000,-8000,-2947000
2002,中鋼            ,5884393,9055460,-3171067,0,0,0,0,83000,-83000,-22000,1000,23000,-22000,0,0,0,-3276067
2890,永豐金          ,12755534,15562673,-2807139,0,0,0,0,68000,-68000,-501000,3000,504000,-501000,0,0,0,-3376139
3711,日月光投控      ,9583448,13116199,-3532751,0,0,0,0,106000,-106000,63000,610000,513000,97000,86000,120000,-34000,-3575751
06604P,聯發科元富02售02,0,0,0,0,0,0,0,0,0,-3705000,0,0,0,285000,3990000,-3705000,-3705000
00632R,元大台灣50反1   ,13517000,24296000,-10779000,0,0,0,0,0,0,6985000,1933000,151000,1782000,39395000,34192000,5203000,-3794000
2323,中環            ,1170000,5047000,-3877000,0,0,0,0,0,0,-290000,109000,89000,20000,109000,419000,-310000,-4167000
3044,健鼎            ,1831000,4709000,-2878000,0,0,0,0,40000,-40000,-1782000,450000,704000,-254000,40000,1568000,-1528000,-4700000
3034,聯詠            ,3584819,8365660,-4780841,0,0,0,530000,100000,430000,-413000,219000,569000,-350000,44000,107000,-63000,-4763841
00634R,富邦上証反1     ,213000,546000,-333000,0,0,0,0,0,0,-4663000,0,0,0,859000,5522000,-4663000,-4996000
2368,金像電          ,2844000,6386000,-3542000,0,0,0,0,1315000,-1315000,-798000,110000,702000,-592000,145000,351000,-206000,-5655000
1216,統一            ,4806095,9129382,-4323287,0,0,0,0,1462000,-1462000,29000,53000,0,53000,0,24000,-24000,-5756287
00638R,元大滬深300反1  ,130000,794000,-664000,0,0,0,0,0,0,-5205000,0,0,0,684000,5889000,-5205000,-5869000
3231,緯創            ,22705067,19572060,3133007,0,0,0,0,600000,-600000,-9202000,95000,1745000,-1650000,183000,7735000,-7552000,-6668993
2884,玉山金          ,17608196,24835408,-7227212,0,0,0,0,72000,-72000,101000,94000,2000,92000,13000,4000,9000,-7198212
2883,開發金          ,19863277,27494311,-7631034,0,0,0,0,90000,-90000,-404000,6000,4000,2000,0,406000,-406000,-8125034
2409,友達            ,40875726,77176778,-36301052,0,0,0,230000,12000,218000,-2909000,4509000,836000,3673000,1766000,8348000,-6582000,-38992052
00677U,富邦VIX         ,77224000,48036000,29188000,0,0,0,0,0,0,-72941000,1383000,0,1383000,20023000,94347000,-74324000,-43753000
