證券代號,證券名稱,外陸資買進股數(不含外資自營商),外陸資賣出股數(不含外資自營商),外陸資買賣超股數(不含外資自營商),外資自營商買進股數,外資自營商賣出股數,外資自營商買賣超股數,投信買進股數,投信賣出股數,投信買賣超股數,自營商買賣超股數,自營商買進股數(自行買賣),自營商賣出股數(自行買賣),自營商買賣超股數(自行買賣),自營商買進股數(避險),自營商賣出股數(避險),自營商買賣超股數(避險),三大法人買賣超股數
2303,聯電            ,92294674,58643657,33651017,0,0,0,152000,8109000,-7957000,-4748000,425000,3149000,-2724000,625000,2649000,-2024000,20946017
2603,長榮            ,31520296,22289000,9231296,0,0,0,7346000,0,7346000,1886000,5630000,3754000,1876000,30000,20000,10000,18463296
2353,宏碁            ,24653630,7625000,17028630,0,0,0,0,0,0,-2621000,21000,2180000,-2159000,166000,628000,-462000,14407630
00852L,國泰美國道瓊正2 ,795000,0,795000,0,0,0,0,0,0,10704000,0,0,0,11216000,512000,10704000,11499000
00672L,元大S&P原油正2  ,3158000,18000,3140000,0,0,0,0,0,0,3602000,0,0,0,3960000,358000,3602000,6742000
1609,大亞            ,7760000,1914000,5846000,0,0,0,0,0,0,-12000,0,12000,-12000,0,0,0,5834000
2368,金像電          ,27066500,18359000,8707500,0,0,0,0,822000,-822000,-2090000,183000,1922000,-1739000,173000,524000,-351000,5795500
00676R,富邦臺灣加權反1 ,276000,137000,139000,0,0,0,0,0,0,5382000,0,0,0,7297000,1915000,5382000,5521000
2313,華通            ,15007000,6565000,8442000,0,0,0,153000,1726000,-1573000,-1397000,248000,949000,-701000,546000,1242000,-696000,5472000
00653L,富邦印度正2     ,786000,367000,419000,0,0,0,0,0,0,5011000,0,0,0,6421000,1410000,5011000,5430000
2201,裕隆            ,9448128,2753000,6695128,0,0,0,0,0,0,-1337000,26000,1031000,-1005000,58000,390000,-332000,5358128
3576,聯合再生        ,8938000,3923000,5015000,0,0,0,0,0,0,2000,3000,1000,2000,0,0,0,5017000
2504,國產            ,8708000,3131000,5577000,0,0,0,0,0,0,-568000,50000,154000,-104000,0,464000,-464000,5009000
2376,技嘉            ,7534000,2624000,4910000,0,0,0,304000,574000,-270000,187000,272000,421000,-149000,591000,255000,336000,4827000
1101,台泥            ,13376511,9470148,3906363,0,0,0,2344000,0,2344000,-1599000,133000,2740000,-2607000,1179000,171000,1008000,4651363
00861,元大全球未來通訊,1629000,163000,1466000,0,0,0,0,0,0,2590000,0,0,0,2835000,245000,2590000,4056000
03689C,T50反1元大02牛01,0,0,0,0,0,0,0,0,0,3737000,0,0,0,4331000,594000,3737000,3737000
6191,精成科          ,6762000,3010000,3752000,0,0,0,0,0,0,-78000,0,17000,-17000,4000,65000,-61000,3674000
4142,國光生          ,10386000,6730000,3656000,0,0,0,0,0,0,-4000,0,4000,-4000,0,0,0,3652000
2377,微星            ,6596630,3653232,2943398,0,0,0,422000,2000,420000,74000,62000,241000,-179000,366000,113000,253000,3437398
00664R,國泰臺灣加權反1 ,282000,301000,-19000,0,0,0,0,0,0,3289000,0,0,0,5571000,2282000,3289000,3270000
1312,國喬            ,6948000,4048000,2900000,0,0,0,0,0,0,365000,626000,267000,359000,99000,93000,6000,3265000
00876,元大未來關鍵科技,4000,52000,-48000,0,0,0,0,0,0,3311000,20000,0,20000,4947000,1656000,3291000,3263000
2387,精元            ,5970000,2554000,3416000,0,0,0,0,309000,-309000,51000,40000,31000,9000,58000,16000,42000,3158000
1605,華新            ,7550252,7131000,419252,0,0,0,0,0,0,2586000,225000,225000,0,3057000,471000,2586000,3005252
1102,亞泥            ,4714884,3225003,1489881,0,0,0,373000,0,373000,1033000,12000,145000,-133000,1192000,26000,1166000,2895881
2324,仁寶            ,11258094,10787312,470782,0,0,0,2000,0,2000,2206000,4000,39000,-35000,2377000,136000,2241000,2678782
06771P,台灣50中信02售01,0,0,0,0,0,0,0,0,0,2637000,0,0,0,2660000,23000,2637000,2637000
065021,貿聯富邦03購01  ,0,0,0,0,0,0,0,0,0,2519000,0,0,0,2629000,110000,2519000,2519000
2535,達欣工          ,2641000,355000,2286000,0,0,0,0,0,0,128000,800000,647000,153000,0,25000,-25000,2414000
066243,潤泰新富邦03購01,0,0,0,0,0,0,0,0,0,2406000,0,0,0,2738000,332000,2406000,2406000
067683,上緯控元大01購03,0,0,0,0,0,0,0,0,0,2393000,0,0,0,3299000,906000,2393000,2393000
3042,晶技            ,6057000,3168856,2888144,0,0,0,0,0,0,-518000,79000,478000,-399000,20000,139000,-119000,2370144
2308,台達電          ,7056318,3873000,3183318,0,0,0,10000,350000,-340000,-549000,162000,636000,-474000,44000,119000,-75000,2294318
2609,陽明            ,3513000,1240000,2273000,0,0,0,0,0,0,0,0,0,0,0,0,0,2273000
2327,國巨            ,8729719,5362712,3367007,0,0,0,2000,876000,-874000,-334000,190000,303000,-113000,178000,399000,-221000,2159007
07861P,台灣50中信03售08,0,0,0,0,0,0,0,0,0,2044000,0,0,0,2555000,511000,2044000,2044000
08091P,A50正2元富9B售02,0,0,0,0,0,0,0,0,0,2007000,0,0,0,2210000,203000,2007000,2007000
4906,正文            ,4601000,2454000,2147000,0,0,0,0,0,0,-164000,267000,204000,63000,236000,463000,-227000,1983000
6269,台郡            ,4058000,972000,3086000,0,0,0,124000,382000,-258000,-850000,77000,789000,-712000,12000,150000,-138000,1978000
1309,台達化          ,4470000,2941000,1529000,0,0,0,0,0,0,435000,531000,96000,435000,0,0,0,1964000
2417,圓剛            ,1923000,13000,1910000,0,0,0,0,70000,-70000,-34000,12000,46000,-34000,0,0,0,1806000
00634R,富邦上証反1     ,498000,224000,274000,0,0,0,0,0,0,1531000,0,0,0,1642000,111000,1531000,1805000
066236,潤泰全富邦01購01,0,0,0,0,0,0,0,0,0,1793000,0,0,0,1893000,100000,1793000,1793000
08443P,臺股指麥證01售02,0,0,0,2605000,849000,1756000,0,0,0,1756000,0,0,0,2605000,849000,1756000,1756000
066276,敦泰元大01購01  ,0,0,0,0,0,0,0,0,0,1733000,0,0,0,2303000,570000,1733000,1733000
068182,群創群益04購01  ,0,0,0,0,0,0,0,0,0,1718000,0,0,0,1989000,271000,1718000,1718000
056270,群創統一98購04  ,0,0,0,0,0,0,0,0,0,1689000,0,0,0,1689000,0,1689000,1689000
2337,旺宏            ,7886800,5567000,2319800,0,0,0,0,0,0,-656000,152000,163000,-11000,300000,945000,-645000,1663800
064703,T50反1國泰01購01,0,0,0,0,0,0,0,0,0,1656000,0,0,0,1846000,190000,1656000,1656000
08975P,欣興群益01售05  ,0,0,0,0,0,0,0,0,0,1650000,0,0,0,2069000,419000,1650000,1650000
03201P,台灣50凱基04售13,0,0,0,0,0,0,0,0,0,1641000,0,0,0,1720000,79000,1641000,1641000
08748P,台積電元富07售02,0,0,0,0,0,0,0,0,0,1638000,0,0,0,1638000,0,1638000,1638000
069693,欣興統一02購04  ,0,0,0,0,0,0,0,0,0,1636000,0,0,0,1886000,250000,1636000,1636000
07821P,臺股指國票9A售12,0,0,0,0,0,0,0,0,0,1614000,0,0,0,1614000,0,1614000,1614000
08744P,臺股指凱基02售05,0,0,0,0,0,0,0,0,0,1602000,0,0,0,2473000,871000,1602000,1602000
064450,致茂統一01購01  ,0,0,0,0,0,0,0,0,0,1583000,0,0,0,1589000,6000,1583000,1583000
08388P,台灣50中信03售09,0,0,0,0,0,0,0,0,0,1544000,0,0,0,1770000,226000,1544000,1544000
068900,上緯控元大02購01,0,0,0,0,0,0,0,0,0,1526000,0,0,0,1548000,22000,1526000,1526000
064963,T50反1元大9C購09,0,0,0,0,0,0,0,0,0,1497000,0,0,0,1497000,0,1497000,1497000
08868P,欣興凱基02售03  ,0,0,0,0,0,0,0,0,0,1496000,0,0,0,1706000,210000,1496000,1496000
6456,GIS-KY          ,4139000,2033000,2106000,0,0,0,0,100000,-100000,-522000,4000,336000,-332000,56000,246000,-190000,1484000
08375P,聯電元富9C售02  ,0,0,0,0,0,0,0,0,0,1458000,0,0,0,1458000,0,1458000,1458000
068404,建準元富04購01  ,0,0,0,0,0,0,0,0,0,1446000,0,0,0,2228000,782000,1446000,1446000
067682,上緯控元大01購02,0,0,0,0,0,0,0,0,0,1427000,0,0,0,1558000,131000,1427000,1427000
1305,華夏            ,1833000,1580000,253000,0,0,0,694000,0,694000,469000,600000,363000,237000,266000,34000,232000,1416000
055036,中工富邦9B購01  ,0,0,0,0,0,0,0,0,0,1406000,0,0,0,1412000,6000,1406000,1406000
08201P,祥碩元大9B售09  ,0,0,0,0,0,0,0,0,0,1360000,0,0,0,1823000,463000,1360000,1360000
054471,T50反1中信9C購01,0,50000,-50000,0,0,0,0,0,0,1379000,0,0,0,1630000,251000,1379000,1329000
00646,元大S&P500      ,470099,0,470099,0,0,0,0,0,0,843000,0,0,0,902000,59000,843000,1313099
063774,GIS富邦9B購02   ,0,0,0,0,0,0,0,0,0,1292000,0,0,0,1418000,126000,1292000,1292000
063439,正隆統一01購01  ,0,0,0,0,0,0,0,0,0,1291000,0,0,0,1385000,94000,1291000,1291000
08955P,台灣50凱基04售09,0,0,0,0,0,0,0,0,0,1254000,0,0,0,2186000,932000,1254000,1254000
2382,廣達            ,6293513,5949645,343868,0,0,0,641000,4000,637000,259000,225000,461000,-236000,540000,45000,495000,1239868
6209,今國光          ,2318000,1074000,1244000,0,0,0,0,0,0,-6000,0,6000,-6000,0,0,0,1238000
08867P,欣興凱基01售03  ,0,0,0,0,0,0,0,0,0,1238000,0,0,0,1293000,55000,1238000,1238000
03408P,南電國泰02售02  ,0,0,0,0,0,0,0,0,0,1234000,0,0,0,2127000,893000,1234000,1234000
08957P,聯電凱基03售02  ,0,0,0,0,0,0,0,0,0,1230000,0,0,0,1230000,0,1230000,1230000
068048,美律統一03購01  ,0,0,0,0,0,0,0,0,0,1216000,0,0,0,1677000,461000,1216000,1216000
064737,中石化國票01購01,0,0,0,0,0,0,0,0,0,1212000,0,0,0,1350000,138000,1212000,1212000
067867,冠德元大01購01  ,0,0,0,0,0,0,0,0,0,1201000,0,0,0,1674000,473000,1201000,1201000
3645,達邁            ,2307700,1115000,1192700,0,0,0,5000,0,5000,-3000,0,3000,-3000,0,0,0,1194700
066020,東元群益01購01  ,0,0,0,0,0,0,0,0,0,1194000,0,0,0,1431000,237000,1194000,1194000
08615P,同欣電統一9C售02,0,0,0,0,0,0,0,0,0,1183000,0,0,0,1189000,6000,1183000,1183000
2505,國揚            ,3017000,1635000,1382000,0,0,0,0,0,0,-216000,15000,30000,-15000,170000,371000,-201000,1166000
2347,聯強            ,2942390,2284200,658190,0,0,0,0,0,0,507000,6000,46000,-40000,899000,352000,547000,1165190
00670L,富邦NASDAQ正2   ,27000,4000,23000,0,0,0,0,0,0,1142000,0,50000,-50000,1293000,101000,1192000,1165000
1714,和桐            ,7347000,6241000,1106000,0,0,0,0,0,0,54000,94000,40000,54000,0,0,0,1160000
03452B,臺股指凱基03熊05,0,0,0,0,0,0,0,0,0,1158000,0,0,0,1894000,736000,1158000,1158000
2615,萬海            ,2114000,1665000,449000,0,0,0,500000,0,500000,201000,202000,1000,201000,0,0,0,1150000
08967P,聯電元大01售03  ,0,0,0,0,0,0,0,0,0,1144000,0,0,0,1144000,0,1144000,1144000
08882P,上証2X國票02售02,0,0,0,0,0,0,0,0,0,1140000,0,0,0,1140000,0,1140000,1140000
065897,凌華統一03購01  ,0,0,0,0,0,0,0,0,0,1134000,0,0,0,1174000,40000,1134000,1134000
064917,元大金統一02購01,0,0,0,0,0,0,0,0,0,1133000,0,0,0,1167000,34000,1133000,1133000
07060P,台表科國票9A售01,0,0,0,0,0,0,0,0,0,1130000,0,0,0,1130000,0,1130000,1130000
060309,佳世達永豐9A購01,0,0,0,0,0,0,0,0,0,1129000,0,0,0,1139000,10000,1129000,1129000
1717,長興            ,3647158,2317000,1330158,0,0,0,0,0,0,-205000,78000,147000,-69000,9000,145000,-136000,1125158
00715L,街口布蘭特油正2 ,0,0,0,0,0,0,0,0,0,1120000,0,0,0,1892000,772000,1120000,1120000
065898,神基麥證9C購01  ,0,0,0,1324000,208000,1116000,0,0,0,1116000,0,0,0,1324000,208000,1116000,1116000
07837P,華邦電元大9A售01,0,0,0,0,0,0,0,0,0,1114000,0,0,0,1849000,735000,1114000,1114000
064593,鈺齊永豐9C購01  ,0,0,0,0,0,0,0,0,0,1109000,0,0,0,1313000,204000,1109000,1109000
03292P,欣興元大02售03  ,0,0,0,0,0,0,0,0,0,1099000,0,0,0,1232000,133000,1099000,1099000
2357,華碩            ,2394480,1569000,825480,0,0,0,221000,0,221000,48000,1000,103000,-102000,214000,64000,150000,1094480
066232,聯強富邦03購01  ,0,0,0,0,0,0,0,0,0,1089000,0,0,0,1156000,67000,1089000,1089000
065853,智伸科元大9C購02,0,0,0,0,0,0,0,0,0,1079000,0,0,0,1089000,10000,1079000,1079000
064162,貿聯統一02購01  ,0,0,0,0,0,0,0,0,0,1072000,0,0,0,1214000,142000,1072000,1072000
053564,台積電富邦99購01,0,0,0,0,0,0,0,0,0,1060000,0,0,0,1074000,14000,1060000,1060000
067288,為升兆豐03購01  ,0,0,0,0,0,0,0,0,0,1046000,0,0,0,1349000,303000,1046000,1046000
03194P,國巨元富07售14  ,0,0,0,0,0,0,0,0,0,1045000,0,0,0,1048000,3000,1045000,1045000
068987,GIS元大03購01   ,0,0,0,0,0,0,0,0,0,1026000,0,0,0,1049000,23000,1026000,1026000
066770,上証2X富邦02購02,0,0,0,0,0,0,0,0,0,1018000,0,0,0,1170000,152000,1018000,1018000
068130,美律統一03購02  ,0,0,0,0,0,0,0,0,0,1016000,0,0,0,1191000,175000,1016000,1016000
066774,聯詠富邦03購01  ,0,0,0,0,0,0,0,0,0,1016000,0,0,0,1220000,204000,1016000,1016000
08431P,景碩凱基9C售02  ,0,0,0,0,0,0,0,0,0,1009000,0,0,0,1009000,0,1009000,1009000
064964,T50反1元大9C購10,0,0,0,0,0,0,0,0,0,998000,0,0,0,998000,0,998000,998000
07898P,國巨國泰9C售02  ,0,0,0,0,0,0,0,0,0,996000,0,0,0,1279000,283000,996000,996000
2449,京元電子        ,9903000,9427000,476000,0,0,0,0,7000,-7000,527000,202000,211000,-9000,1178000,642000,536000,996000
2006,東和鋼鐵        ,1563000,773000,790000,0,0,0,1000,0,1000,200000,265000,65000,200000,0,0,0,991000
00875,國泰網路資安    ,673000,204000,469000,0,0,0,0,0,0,513000,0,0,0,1104000,591000,513000,982000
05088P,大立光富邦99售01,0,0,0,0,0,0,0,0,0,982000,0,0,0,982000,0,982000,982000
069043,上銀元富08購01  ,0,0,0,0,0,0,0,0,0,976000,0,0,0,1073000,97000,976000,976000
03369P,景碩中信02售01  ,0,0,0,0,0,0,0,0,0,973000,0,0,0,1013000,40000,973000,973000
066719,滬深2X元大01購06,0,0,0,0,0,0,0,0,0,962000,0,0,0,1514000,552000,962000,962000
3665,貿聯-KY         ,1923000,658000,1265000,0,0,0,50000,1000,49000,-357000,0,108000,-108000,47000,296000,-249000,957000
069171,彩晶元大04購01  ,0,0,0,0,0,0,0,0,0,956000,0,0,0,1114000,158000,956000,956000
067511,拓凱統一01購01  ,0,0,0,0,0,0,0,0,0,949000,0,0,0,985000,36000,949000,949000
00717,富邦美國特別股  ,140000,0,140000,0,0,0,0,0,0,805000,0,0,0,1125000,320000,805000,945000
08393P,鴻海群益9C售05  ,0,40000,-40000,0,0,0,0,0,0,985000,0,0,0,2094000,1109000,985000,945000
2458,義隆            ,3186000,2257373,928627,0,0,0,3000,0,3000,9000,87000,190000,-103000,314000,202000,112000,940627
069138,佳世達永豐02購01,0,0,0,0,0,0,0,0,0,940000,0,0,0,942000,2000,940000,940000
08557P,臺股指中信01售09,0,0,0,0,0,0,0,0,0,938000,0,0,0,953000,15000,938000,938000
068877,聯詠凱基03購04  ,0,0,0,0,0,0,0,0,0,937000,0,0,0,998000,61000,937000,937000
063210,百和統一9C購01  ,0,0,0,0,0,0,0,0,0,937000,0,0,0,995000,58000,937000,937000
1229,聯華            ,2003000,1067000,936000,0,0,0,0,0,0,0,0,0,0,0,0,0,936000
08466P,旺宏統一9C售03  ,0,0,0,0,0,0,0,0,0,933000,0,0,0,1133000,200000,933000,933000
07593P,臺股指凱基9A售08,0,0,0,0,0,0,0,0,0,933000,0,0,0,944000,11000,933000,933000
064160,新日興統一01購03,0,0,0,0,0,0,0,0,0,925000,0,0,0,958000,33000,925000,925000
064159,新日興統一01購02,0,0,0,0,0,0,0,0,0,923000,0,0,0,953000,30000,923000,923000
03110P,聯發科元大01售26,0,0,0,0,0,0,0,0,0,923000,0,0,0,1775000,852000,923000,923000
068884,華通統一04購01  ,0,0,0,0,0,0,0,0,0,910000,0,0,0,1010000,100000,910000,910000
067183,友訊凱基02購01  ,0,0,0,0,0,0,0,0,0,910000,0,0,0,910000,0,910000,910000
064870,中租永豐9C購01  ,0,0,0,0,0,0,0,0,0,910000,0,0,0,915000,5000,910000,910000
4414,如興            ,3274000,2364000,910000,0,0,0,0,0,0,0,0,0,0,0,0,0,910000
00638R,元大滬深300反1  ,18000,49000,-31000,0,0,0,0,0,0,939000,0,0,0,1328000,389000,939000,908000
3698,隆達            ,3035000,1804000,1231000,0,0,0,0,0,0,-328000,149000,301000,-152000,0,176000,-176000,903000
069620,奇鋐統一02購02  ,0,0,0,0,0,0,0,0,0,901000,0,0,0,1673000,772000,901000,901000
068015,臺指反國票01購02,0,0,0,0,0,0,0,0,0,899000,0,0,0,899000,0,899000,899000
065830,景碩凱基9C購04  ,0,0,0,0,0,0,0,0,0,898000,0,0,0,1016000,118000,898000,898000
067644,康舒統一01購01  ,0,0,0,0,0,0,0,0,0,894000,0,0,0,980000,86000,894000,894000
03390P,欣興凱基02售07  ,0,0,0,0,0,0,0,0,0,891000,0,0,0,1268000,377000,891000,891000
065682,健策統一9C購07  ,0,0,0,0,0,0,0,0,0,885000,0,0,0,1202000,317000,885000,885000
066203,景碩統一03購01  ,0,0,0,0,0,0,0,0,0,885000,0,0,0,970000,85000,885000,885000
065256,上銀元大9C購10  ,0,0,0,0,0,0,0,0,0,885000,0,0,0,1058000,173000,885000,885000
3027,盛達            ,1719000,836000,883000,0,0,0,0,0,0,-2000,0,2000,-2000,0,0,0,881000
08150P,立積國票9C售01  ,0,0,0,0,0,0,0,0,0,881000,0,0,0,1766000,885000,881000,881000
08147P,聯發科群益9B售10,0,0,0,0,0,0,0,0,0,873000,0,0,0,888000,15000,873000,873000
3041,揚智            ,2170000,1293000,877000,0,0,0,0,0,0,-5000,0,5000,-5000,0,0,0,872000
00636,國泰中國A50     ,739000,47000,692000,0,0,0,0,0,0,175000,0,30000,-30000,655000,450000,205000,867000
068376,美律永豐01購01  ,0,0,0,0,0,0,0,0,0,866000,0,0,0,866000,0,866000,866000
067110,德律群益01購01  ,0,0,0,0,0,0,0,0,0,862000,0,0,0,911000,49000,862000,862000
066420,宏達電元大02購01,0,0,0,0,0,0,0,0,0,855000,0,0,0,970000,115000,855000,855000
6598,ABC-KY          ,35000,117300,-82300,0,0,0,982000,0,982000,-51000,12000,63000,-51000,0,0,0,848700
066970,T50反1群益01購05,0,0,0,0,0,0,0,0,0,848000,0,0,0,868000,20000,848000,848000
069173,康舒元大02購02  ,0,0,0,0,0,0,0,0,0,846000,0,0,0,1055000,209000,846000,846000
03191P,國巨國泰03售02  ,0,0,0,0,0,0,0,0,0,845000,0,0,0,1015000,170000,845000,845000
055876,美食元富9A購01  ,0,0,0,0,0,0,0,0,0,842000,0,0,0,882000,40000,842000,842000
08699P,南電元大01售05  ,0,0,0,0,0,0,0,0,0,839000,0,0,0,1102000,263000,839000,839000
062428,超眾統一9B購01  ,0,0,0,0,0,0,0,0,0,834000,0,0,0,968000,134000,834000,834000
064253,貿聯元富9C購01  ,0,0,0,0,0,0,0,0,0,831000,0,0,0,1039000,208000,831000,831000
08864P,欣興元大01售01  ,0,0,0,0,0,0,0,0,0,823000,0,0,0,1073000,250000,823000,823000
08750P,台灣50群益01售04,0,0,0,0,0,0,0,0,0,815000,0,0,0,1925000,1110000,815000,815000
3047,訊舟            ,2046000,1229000,817000,0,0,0,0,0,0,-3000,0,3000,-3000,0,0,0,814000
08003P,國巨國泰9B售07  ,0,0,0,0,0,0,0,0,0,813000,0,0,0,869000,56000,813000,813000
06054P,臺股指中信9A售01,0,0,0,0,0,0,0,0,0,799000,0,0,0,1084000,285000,799000,799000
08628P,微星中信9C售01  ,0,0,0,0,0,0,0,0,0,799000,0,0,0,799000,0,799000,799000
9938,百和            ,2090000,953687,1136313,0,0,0,0,0,0,-341000,2000,232000,-230000,0,111000,-111000,795313
064553,臺指反群益9C購01,0,0,0,0,0,0,0,0,0,795000,0,0,0,855000,60000,795000,795000
03113P,南電元大01售09  ,0,0,0,0,0,0,0,0,0,794000,0,0,0,974000,180000,794000,794000
064338,美食元大9C購01  ,0,0,0,0,0,0,0,0,0,793000,0,0,0,881000,88000,793000,793000
2393,億光            ,2977161,2167000,810161,0,0,0,0,0,0,-18000,49000,20000,29000,60000,107000,-47000,792161
064538,鈺齊國票01購01  ,0,0,0,0,0,0,0,0,0,792000,0,0,0,792000,0,792000,792000
068811,臺指反元大05購02,0,0,0,0,0,0,0,0,0,789000,0,0,0,3065000,2276000,789000,789000
066359,潤泰新永豐01購01,0,0,0,0,0,0,0,0,0,789000,0,0,0,866000,77000,789000,789000
069625,彩晶統一03購03  ,0,0,0,0,0,0,0,0,0,788000,0,0,0,926000,138000,788000,788000
2809,京城銀          ,1369000,1558000,-189000,0,0,0,0,0,0,973000,0,6000,-6000,1021000,42000,979000,784000
6477,安集            ,2055000,1270000,785000,0,0,0,0,0,0,-1000,0,1000,-1000,0,0,0,784000
068990,建準永豐02購01  ,0,0,0,0,0,0,0,0,0,782000,0,0,0,888000,106000,782000,782000
08606P,聯發科國票9C售05,0,0,0,0,0,0,0,0,0,774000,0,0,0,1038000,264000,774000,774000
069303,聯電凱基03購08  ,0,0,0,0,0,0,0,0,0,769000,0,0,0,941000,172000,769000,769000
060437,宏全永豐9A購01  ,0,0,0,0,0,0,0,0,0,768000,0,0,0,768000,0,768000,768000
03034P,欣興國票03售01  ,15000,0,15000,0,0,0,0,0,0,752000,0,0,0,2290000,1538000,752000,767000
069558,元大金日盛02購01,0,0,0,0,0,0,0,0,0,763000,0,0,0,770000,7000,763000,763000
08911P,力成凱基01售01  ,0,0,0,0,0,0,0,0,0,761000,0,0,0,959000,198000,761000,761000
08478P,臺股指凱基9C售16,0,0,0,0,0,0,0,0,0,760000,0,0,0,767000,7000,760000,760000
064263,貿聯永豐9C購01  ,0,0,0,0,0,0,0,0,0,759000,0,0,0,791000,32000,759000,759000
08250P,GIS群益9C售02   ,0,0,0,0,0,0,0,0,0,756000,0,0,0,831000,75000,756000,756000
064137,台泥統一02購01  ,0,0,0,0,0,0,0,0,0,755000,0,0,0,847000,92000,755000,755000
068402,群光元富03購01  ,0,0,0,0,0,0,0,0,0,750000,0,0,0,845000,95000,750000,750000
069175,惠特元大02購02  ,0,0,0,0,0,0,0,0,0,748000,0,0,0,1848000,1100000,748000,748000
067049,明泰凱基01購01  ,0,0,0,0,0,0,0,0,0,746000,0,0,0,992000,246000,746000,746000
064971,裕隆元大01購01  ,0,0,0,0,0,0,0,0,0,746000,0,0,0,746000,0,746000,746000
069413,奇鋐統一02購01  ,0,0,0,0,0,0,0,0,0,745000,0,0,0,822000,77000,745000,745000
08849P,國巨群益01售07  ,0,0,0,0,0,0,0,0,0,741000,0,0,0,754000,13000,741000,741000
00651R,FH香港反1       ,18000,24000,-6000,0,0,0,0,0,0,746000,0,0,0,1109000,363000,746000,740000
062102,T50反1國票9B購07,0,0,0,0,0,0,0,0,0,738000,0,0,0,738000,0,738000,738000
2402,毅嘉            ,2267000,1491000,776000,0,0,0,0,0,0,-39000,1000,40000,-39000,0,0,0,737000
066294,嘉基元大01購01  ,0,0,0,0,0,0,0,0,0,733000,0,0,0,778000,45000,733000,733000
065474,旺宏元大9C購06  ,0,0,0,0,0,0,0,0,0,728000,0,0,0,803000,75000,728000,728000
08180P,聯發科國泰01售05,0,0,0,0,0,0,0,0,0,728000,0,0,0,728000,0,728000,728000
3338,泰碩            ,1468000,719000,749000,0,0,0,0,0,0,-22000,33000,12000,21000,7000,50000,-43000,727000
067633,致茂永豐01購02  ,0,0,0,0,0,0,0,0,0,725000,0,0,0,725000,0,725000,725000
058156,超眾統一9A購02  ,0,0,0,0,0,0,0,0,0,725000,0,0,0,730000,5000,725000,725000
069861,南電永豐02購02  ,0,0,0,0,0,0,0,0,0,720000,0,0,0,845000,125000,720000,720000
068617,康舒國票03購01  ,0,0,0,0,0,0,0,0,0,719000,0,0,0,1699000,980000,719000,719000
065386,華通兆豐9C購02  ,0,0,0,0,0,0,0,0,0,719000,0,0,0,779000,60000,719000,719000
00739,元大MSCI A股    ,13000,13000,0,0,0,0,0,0,0,717000,0,0,0,902000,185000,717000,717000
068863,元大金元富03購01,0,0,0,0,0,0,0,0,0,714000,0,0,0,787000,73000,714000,714000
066009,創意統一02購02  ,0,0,0,0,0,0,0,0,0,712000,0,0,0,1101000,389000,712000,712000
03299P,華通元富02售04  ,0,0,0,0,0,0,0,0,0,711000,0,0,0,1161000,450000,711000,711000
067309,欣興元大01購04  ,0,0,0,0,0,0,0,0,0,710000,0,0,0,710000,0,710000,710000
06878P,台灣50日盛9B售01,0,0,0,0,0,0,0,0,0,709000,0,0,0,709000,0,709000,709000
065329,億豐凱基9C購02  ,0,0,0,0,0,0,0,0,0,707000,0,0,0,805000,98000,707000,707000
068241,力山元大01購02  ,0,0,0,0,0,0,0,0,0,704000,0,0,0,889000,185000,704000,704000
069905,欣興元大02購15  ,0,0,0,0,0,0,0,0,0,702000,0,0,0,937000,235000,702000,702000
064521,群創群益02購01  ,0,0,0,0,0,0,0,0,0,701000,0,0,0,808000,107000,701000,701000
052758,友達群益99購01  ,0,0,0,0,0,0,0,0,0,700000,0,0,0,700000,0,700000,700000
064705,新光金富邦01購01,0,0,0,0,0,0,0,0,0,700000,0,0,0,700000,0,700000,700000
058628,宏達電國票9A購01,0,0,0,0,0,0,0,0,0,699000,0,0,0,799000,100000,699000,699000
066542,臺指反元大04購02,0,0,0,0,0,0,0,0,0,699000,0,0,0,1459000,760000,699000,699000
006205,富邦上証        ,476000,19000,457000,0,0,0,0,0,0,241000,0,140000,-140000,1749000,1368000,381000,698000
069214,南電元大02購07  ,0,0,0,0,0,0,0,0,0,697000,0,0,0,797000,100000,697000,697000
07856P,力成凱基9A售02  ,0,0,0,0,0,0,0,0,0,696000,0,0,0,973000,277000,696000,696000
1455,集盛            ,1632000,919000,713000,0,0,0,0,0,0,-18000,0,18000,-18000,0,0,0,695000
068921,奇鋐元富08購01  ,0,0,0,0,0,0,0,0,0,692000,0,0,0,1741000,1049000,692000,692000
066969,可成元富07購01  ,0,0,0,0,0,0,0,0,0,692000,0,0,0,1139000,447000,692000,692000
066303,泰山永豐01購01  ,0,0,0,0,0,0,0,0,0,690000,0,0,0,718000,28000,690000,690000
03050P,台積電統一01售12,0,0,0,0,0,0,0,0,0,689000,0,0,0,1135000,446000,689000,689000
066186,台郡凱基02購01  ,0,0,0,0,0,0,0,0,0,687000,0,0,0,770000,83000,687000,687000
065940,立積群益02購01  ,0,0,0,0,0,0,0,0,0,686000,0,0,0,686000,0,686000,686000
08308P,聯發科凱基01售03,0,0,0,0,0,0,0,0,0,683000,0,0,0,709000,26000,683000,683000
068559,鴻海元大01購29  ,0,0,0,0,0,0,0,0,0,682000,0,0,0,705000,23000,682000,682000
08701P,景碩康和01售02  ,0,0,0,0,0,0,0,0,0,681000,0,0,0,893000,212000,681000,681000
061131,崇越永豐9A購01  ,0,0,0,0,0,0,0,0,0,678000,0,0,0,678000,0,678000,678000
2206,三陽工業        ,1326000,638000,688000,0,0,0,0,0,0,-11000,12000,23000,-11000,0,0,0,677000
067007,拓凱永豐01購02  ,0,0,0,0,0,0,0,0,0,676000,0,0,0,709000,33000,676000,676000
067314,新日興元大01購02,0,0,0,0,0,0,0,0,0,675000,0,0,0,695000,20000,675000,675000
065258,華邦電元大01購01,0,0,0,0,0,0,0,0,0,673000,0,0,0,712000,39000,673000,673000
066228,嘉基國泰02購01  ,0,0,0,0,0,0,0,0,0,670000,0,0,0,792000,122000,670000,670000
068529,貿聯元富07購01  ,0,0,0,0,0,0,0,0,0,667000,0,0,0,793000,126000,667000,667000
00712,FH富時不動產    ,797000,166000,631000,0,0,0,0,0,0,34000,0,0,0,674000,640000,34000,665000
064297,台郡國票01購01  ,0,0,0,0,0,0,0,0,0,665000,0,0,0,715000,50000,665000,665000
062817,富邦金兆豐9B購01,0,0,0,0,0,0,0,0,0,658000,0,0,0,789000,131000,658000,658000
068160,智易元大01購01  ,0,0,0,0,0,0,0,0,0,657000,0,0,0,714000,57000,657000,657000
065463,大立光中信01購02,0,0,0,0,0,0,0,0,0,656000,0,0,0,840000,184000,656000,656000
062928,富邦金台新9B購02,0,0,0,0,0,0,0,0,0,655000,0,0,0,705000,50000,655000,655000
065821,億豐元富03購01  ,0,0,0,0,0,0,0,0,0,653000,0,0,0,724000,71000,653000,653000
06503P,臺股指中信9A售02,0,0,0,0,0,0,0,0,0,652000,0,0,0,652000,0,652000,652000
069314,彩晶凱基02購02  ,0,0,0,0,0,0,0,0,0,651000,0,0,0,711000,60000,651000,651000
060243,潤泰全元大9C購02,0,0,0,0,0,0,0,0,0,651000,0,0,0,672000,21000,651000,651000
067825,南港兆豐03購01  ,0,0,0,0,0,0,0,0,0,648000,0,0,0,648000,0,648000,648000
069491,欣興元大02購11  ,0,0,0,0,0,0,0,0,0,647000,0,0,0,961000,314000,647000,647000
00639,富邦深100       ,688000,67000,621000,0,0,0,0,0,0,26000,0,270000,-270000,1144000,848000,296000,647000
07842P,力成元大9A售01  ,0,0,0,0,0,0,0,0,0,647000,0,0,0,788000,141000,647000,647000
065672,嘉晶凱基01購01  ,0,0,0,0,0,0,0,0,0,646000,0,0,0,701000,55000,646000,646000
2448,晶電            ,9779000,7773000,2006000,0,0,0,900000,0,900000,-2261000,217000,2478000,-2261000,0,0,0,645000
069141,美律永豐02購01  ,0,0,0,0,0,0,0,0,0,643000,0,0,0,643000,0,643000,643000
06822P,上銀富邦99售03  ,0,0,0,0,0,0,0,0,0,642000,0,0,0,642000,0,642000,642000
064718,友達統一02購01  ,0,0,0,0,0,0,0,0,0,640000,0,0,0,1074000,434000,640000,640000
3033,威健            ,1035000,396000,639000,0,0,0,0,0,0,1000,1000,0,1000,0,0,0,640000
08434P,臺股指凱基03售02,0,0,0,0,0,0,0,0,0,639000,0,0,0,1781000,1142000,639000,639000
056810,群創統一9A購01  ,0,0,0,0,0,0,0,0,0,638000,0,0,0,638000,0,638000,638000
08541P,景碩國票01售02  ,0,0,0,0,0,0,0,0,0,636000,0,0,0,763000,127000,636000,636000
068389,美律統一03購03  ,0,0,0,0,0,0,0,0,0,635000,0,0,0,635000,0,635000,635000
4133,亞諾法          ,54000,41000,13000,0,0,0,0,0,0,622000,0,1000,-1000,623000,0,623000,635000
066853,樺漢元大01購01  ,0,0,0,0,0,0,0,0,0,634000,0,0,0,873000,239000,634000,634000
063390,嘉晶兆豐9B購01  ,0,0,0,0,0,0,0,0,0,632000,0,0,0,708000,76000,632000,632000
08114P,國巨凱基9B售11  ,0,0,0,0,0,0,0,0,0,629000,0,0,0,631000,2000,629000,629000
3673,TPK-KY          ,3270590,2277000,993590,0,0,0,0,0,0,-365000,41000,236000,-195000,30000,200000,-170000,628590
4306,炎洲            ,987000,417000,570000,0,0,0,0,0,0,58000,104000,46000,58000,0,0,0,628000
067621,友達國泰02購01  ,0,0,0,0,0,0,0,0,0,626000,0,0,0,1107000,481000,626000,626000
069669,台船元大02購01  ,0,0,0,0,0,0,0,0,0,623000,0,0,0,631000,8000,623000,623000
066135,潤泰全群益02購01,0,0,0,0,0,0,0,0,0,623000,0,0,0,634000,11000,623000,623000
3034,聯詠            ,3776019,2837121,938898,0,0,0,74000,418000,-344000,28000,15000,72000,-57000,206000,121000,85000,622898
08644P,臺股指中信02售02,0,0,0,0,0,0,0,0,0,619000,0,0,0,691000,72000,619000,619000
058573,鴻海群益9A購02  ,0,0,0,0,0,0,0,0,0,618000,0,0,0,625000,7000,618000,618000
064067,美律永豐9C購01  ,0,0,0,0,0,0,0,0,0,618000,0,0,0,620000,2000,618000,618000
066344,拓凱永豐01購01  ,0,0,0,0,0,0,0,0,0,618000,0,0,0,668000,50000,618000,618000
058714,美律統一9B購01  ,0,0,0,0,0,0,0,0,0,617000,0,0,0,663000,46000,617000,617000
062603,台化凱基9B購01  ,0,0,0,0,0,0,0,0,0,616000,0,0,0,616000,0,616000,616000
065279,T50反1群益9C購03,0,0,0,0,0,0,0,0,0,616000,0,0,0,631000,15000,616000,616000
065803,大立光群益01購03,0,0,0,0,0,0,0,0,0,615000,0,0,0,995000,380000,615000,615000
056894,佳世達元大99購01,0,0,0,0,0,0,0,0,0,613000,0,0,0,658000,45000,613000,613000
067327,聯詠康和01購01  ,0,0,0,0,0,0,0,0,0,613000,0,0,0,795000,182000,613000,613000
066149,潤泰新群益01購01,0,0,0,0,0,0,0,0,0,612000,0,0,0,612000,0,612000,612000
4927,泰鼎-KY         ,1910000,985000,925000,0,0,0,0,73000,-73000,-241000,0,57000,-57000,11000,195000,-184000,611000
064788,台汽電群益9C購01,0,0,0,0,0,0,0,0,0,610000,0,0,0,610000,0,610000,610000
067070,友訊元大01購04  ,0,0,0,0,0,0,0,0,0,610000,0,0,0,965000,355000,610000,610000
069778,彩晶元大02購02  ,0,0,0,0,0,0,0,0,0,609000,0,0,0,787000,178000,609000,609000
07830P,牧德凱基9A售03  ,0,0,0,0,0,0,0,0,0,605000,0,0,0,605000,0,605000,605000
067772,超眾統一03購02  ,0,0,0,0,0,0,0,0,0,603000,0,0,0,623000,20000,603000,603000
0061,元大寶滬深      ,66000,39000,27000,0,0,0,0,0,0,576000,10000,10000,0,585000,9000,576000,603000
069283,達麗永豐02購01  ,0,0,0,0,0,0,0,0,0,602000,0,0,0,602000,0,602000,602000
063670,美食統一9C購01  ,0,0,0,0,0,0,0,0,0,602000,0,0,0,905000,303000,602000,602000
08397P,國巨元富9C售04  ,0,0,0,0,0,0,0,0,0,602000,0,0,0,612000,10000,602000,602000
08897P,國巨群益01售10  ,0,0,0,0,0,0,0,0,0,602000,0,0,0,602000,0,602000,602000
061799,奇鋐永豐9B購01  ,0,0,0,0,0,0,0,0,0,601000,0,0,0,672000,71000,601000,601000
066840,臺指反元大04購05,0,0,0,0,0,0,0,0,0,601000,0,0,0,1594000,993000,601000,601000
060454,葡萄王元大9A購01,0,0,0,0,0,0,0,0,0,600000,0,0,0,600000,0,600000,600000
063696,T50反1群益9B購03,0,0,0,0,0,0,0,0,0,600000,0,0,0,760000,160000,600000,600000
068183,彩晶群益03購02  ,0,0,0,0,0,0,0,0,0,599000,0,0,0,879000,280000,599000,599000
00640L,富邦日本正2     ,0,47000,-47000,0,0,0,0,0,0,646000,0,0,0,661000,15000,646000,599000
4725,信昌化          ,87000,28000,59000,0,0,0,0,0,0,540000,0,0,0,540000,0,540000,599000
08325P,臺股指凱基9C售08,0,0,0,0,0,0,0,0,0,598000,0,0,0,598000,0,598000,598000
067589,拓凱群益02購01  ,0,0,0,0,0,0,0,0,0,597000,0,0,0,637000,40000,597000,597000
1712,興農            ,1304000,699000,605000,0,0,0,0,0,0,-8000,0,8000,-8000,0,0,0,597000
062974,奇力新元富9B購01,0,0,0,0,0,0,0,0,0,595000,0,0,0,670000,75000,595000,595000
059181,世紀鋼元富9C購01,0,0,0,0,0,0,0,0,0,594000,0,0,0,652000,58000,594000,594000
00643,群益深証中小    ,473000,61000,412000,0,0,0,0,0,0,181000,0,40000,-40000,371000,150000,221000,593000
064704,嘉晶國泰01購01  ,0,0,0,0,0,0,0,0,0,593000,0,0,0,665000,72000,593000,593000
063976,正崴兆豐9C購01  ,0,0,0,0,0,0,0,0,0,593000,0,0,0,654000,61000,593000,593000
067496,拓凱元大01購02  ,0,0,0,0,0,0,0,0,0,593000,0,0,0,717000,124000,593000,593000
069133,神隆永豐02購01  ,0,0,0,0,0,0,0,0,0,592000,0,0,0,605000,13000,592000,592000
066996,拓凱國泰03購02  ,0,0,0,0,0,0,0,0,0,592000,0,0,0,622000,30000,592000,592000
068581,台積電永豐01購05,0,0,0,0,0,0,0,0,0,590000,0,0,0,1068000,478000,590000,590000
057577,廣宇中信9A購01  ,0,0,0,0,0,0,0,0,0,590000,0,0,0,915000,325000,590000,590000
08712P,國巨元富07售03  ,0,0,0,0,0,0,0,0,0,588000,0,0,0,699000,111000,588000,588000
066769,嘉基永豐01購02  ,0,0,0,0,0,0,0,0,0,587000,0,0,0,587000,0,587000,587000
065533,台光電統一02購03,0,0,0,0,0,0,0,0,0,585000,0,0,0,611000,26000,585000,585000
069453,南電統一02購02  ,0,0,0,0,0,0,0,0,0,584000,0,0,0,1286000,702000,584000,584000
065214,友達國泰01購01  ,0,0,0,0,0,0,0,0,0,582000,0,0,0,828000,246000,582000,582000
08000P,奇鋐凱基9B售03  ,0,0,0,0,0,0,0,0,0,582000,0,0,0,602000,20000,582000,582000
062653,正隆永豐9B購01  ,0,0,0,0,0,0,0,0,0,581000,0,0,0,759000,178000,581000,581000
07009P,臺股指中信9B售01,0,0,0,0,0,0,0,0,0,579000,0,0,0,579000,0,579000,579000
061879,超眾元大9C購01  ,0,0,0,0,0,0,0,0,0,579000,0,0,0,600000,21000,579000,579000
069215,潤泰新元大02購01,0,0,0,0,0,0,0,0,0,578000,0,0,0,660000,82000,578000,578000
9921,巨大            ,1529861,805056,724805,0,0,0,110000,243000,-133000,-15000,37000,48000,-11000,17000,21000,-4000,576805
064302,美律兆豐01購01  ,0,0,0,0,0,0,0,0,0,572000,0,0,0,572000,0,572000,572000
9933,中鼎            ,1040000,1166000,-126000,0,0,0,0,0,0,687000,0,2000,-2000,689000,0,689000,561000
068337,同欣電元大01購05,0,0,0,0,0,0,0,0,0,558000,0,0,0,885000,327000,558000,558000
064926,臻鼎統一02購01  ,0,0,0,0,0,0,0,0,0,558000,0,0,0,658000,100000,558000,558000
064204,瑞儀兆豐01購01  ,0,0,0,0,0,0,0,0,0,557000,0,0,0,732000,175000,557000,557000
07903P,台積電群益9B售03,0,0,0,0,0,0,0,0,0,557000,0,0,0,557000,0,557000,557000
069947,奇鋐國泰04購01  ,0,0,0,0,0,0,0,0,0,556000,0,0,0,556000,0,556000,556000
063444,金像電統一03購01,0,0,0,0,0,0,0,0,0,556000,0,0,0,1165000,609000,556000,556000
068865,茂林元富08購01  ,0,0,0,0,0,0,0,0,0,554000,0,0,0,604000,50000,554000,554000
00674R,元大S&P黃金反1  ,3000,3000,0,0,0,0,0,0,0,554000,0,0,0,634000,80000,554000,554000
8046,南電            ,9213000,5937000,3276000,0,0,0,0,2104000,-2104000,-618000,520000,874000,-354000,67000,331000,-264000,554000
060928,明泰永豐9A購01  ,0,0,0,0,0,0,0,0,0,552000,0,0,0,565000,13000,552000,552000
066762,總太永豐01購02  ,0,0,0,0,0,0,0,0,0,552000,0,0,0,572000,20000,552000,552000
060375,葡萄王元富9A購01,0,0,0,0,0,0,0,0,0,551000,0,0,0,561000,10000,551000,551000
08571P,台積電兆豐9C售06,0,0,0,0,0,0,0,0,0,551000,0,0,0,1015000,464000,551000,551000
069190,上銀統一03購02  ,0,0,0,0,0,0,0,0,0,550000,0,0,0,739000,189000,550000,550000
068876,聯詠凱基02購04  ,0,0,0,0,0,0,0,0,0,550000,0,0,0,550000,0,550000,550000
08026P,臺股指凱基9B售12,0,0,0,0,0,0,0,0,0,550000,0,0,0,580000,30000,550000,550000
069554,彩晶元大04購02  ,0,0,0,0,0,0,0,0,0,549000,0,0,0,762000,213000,549000,549000
066530,美律元富04購01  ,0,40000,-40000,0,0,0,0,0,0,589000,0,0,0,594000,5000,589000,549000
065992,立積永豐01購01  ,0,0,0,0,0,0,0,0,0,548000,0,0,0,638000,90000,548000,548000
08726P,台積電群益01售07,0,0,0,0,0,0,0,0,0,547000,0,0,0,547000,0,547000,547000
2352,佳世達          ,2166000,2771000,-605000,0,0,0,2001000,0,2001000,-849000,15000,388000,-373000,0,476000,-476000,547000
069036,冠德統一03購01  ,0,0,0,0,0,0,0,0,0,541000,0,0,0,541000,0,541000,541000
02001R,富邦蘋果反一N   ,0,0,0,0,0,0,0,0,0,539000,0,0,0,550000,11000,539000,539000
062916,智易元大9B購01  ,0,0,0,0,0,0,0,0,0,536000,0,0,0,596000,60000,536000,536000
069039,TPK統一04購01   ,0,0,0,0,0,0,0,0,0,535000,0,0,0,737000,202000,535000,535000
068161,智易元大01購02  ,0,0,0,0,0,0,0,0,0,535000,0,0,0,703000,168000,535000,535000
03095P,國巨凱基02售07  ,0,0,0,0,0,0,0,0,0,535000,0,0,0,550000,15000,535000,535000
063466,美食元大9B購02  ,0,0,0,0,0,0,0,0,0,534000,0,0,0,560000,26000,534000,534000
066564,智伸科元大01購01,0,0,0,0,0,0,0,0,0,534000,0,0,0,847000,313000,534000,534000
067006,德律永豐01購02  ,0,0,0,0,0,0,0,0,0,534000,0,0,0,634000,100000,534000,534000
069445,美律元富08購01  ,0,0,0,0,0,0,0,0,0,530000,0,0,0,569000,39000,530000,530000
064149,美律統一02購01  ,0,0,0,0,0,0,0,0,0,530000,0,0,0,593000,63000,530000,530000
07825P,健策國泰9B售04  ,0,0,0,0,0,0,0,0,0,530000,0,0,0,530000,0,530000,530000
058772,茂林兆豐9A購01  ,0,0,0,0,0,0,0,0,0,529000,0,0,0,579000,50000,529000,529000
066923,滬深2X國票02購01,0,0,0,0,0,0,0,0,0,529000,0,0,0,809000,280000,529000,529000
066335,潤泰全永豐01購01,0,0,0,0,0,0,0,0,0,529000,0,0,0,540000,11000,529000,529000
07777P,創意元大9A售03  ,0,0,0,0,0,0,0,0,0,529000,0,0,0,764000,235000,529000,529000
069275,欣興永豐02購04  ,0,0,0,0,0,0,0,0,0,528000,0,0,0,558000,30000,528000,528000
064626,聯茂元大9C購01  ,0,0,0,0,0,0,0,0,0,527000,0,0,0,560000,33000,527000,527000
066982,嘉晶群益02購01  ,0,0,0,0,0,0,0,0,0,526000,0,0,0,527000,1000,526000,526000
03347P,欣興台新02售01  ,0,0,0,0,0,0,0,0,0,523000,0,0,0,533000,10000,523000,523000
6582,申豐            ,911000,357000,554000,0,0,0,0,0,0,-31000,0,22000,-22000,0,9000,-9000,523000
4938,和碩            ,5946118,5389732,556386,0,0,0,10000,4000,6000,-41000,32000,617000,-585000,713000,169000,544000,521386
054827,宏全元大9A購01  ,0,0,0,0,0,0,0,0,0,521000,0,0,0,1041000,520000,521000,521000
069029,潤泰新國票03購01,0,0,0,0,0,0,0,0,0,520000,0,0,0,817000,297000,520000,520000
00650L,FH香港正2       ,93000,105000,-12000,0,0,0,0,0,0,532000,0,0,0,1389000,857000,532000,520000
062493,元金反中信9B購01,0,0,0,0,0,0,0,0,0,519000,0,0,0,519000,0,519000,519000
061633,統一元大9A購01  ,0,0,0,0,0,0,0,0,0,519000,0,0,0,740000,221000,519000,519000
08532P,國巨元富06售02  ,0,0,0,0,0,0,0,0,0,519000,0,0,0,529000,10000,519000,519000
065950,正崴統一03購01  ,0,0,0,0,0,0,0,0,0,518000,0,0,0,571000,53000,518000,518000
065190,緯穎統一9C購02  ,0,0,0,0,0,0,0,0,0,518000,0,0,0,538000,20000,518000,518000
08563P,金像電元富9C售03,0,0,0,0,0,0,0,0,0,517000,0,0,0,1240000,723000,517000,517000
2106,建大            ,1031000,494000,537000,0,0,0,0,0,0,-20000,2000,22000,-20000,0,0,0,517000
065996,T50反1第一01購01,0,0,0,0,0,0,0,0,0,516000,0,0,0,913000,397000,516000,516000
9919,康那香          ,3209000,2694531,514469,0,0,0,0,0,0,0,0,0,0,0,0,0,514469
08959P,國巨凱基01售07  ,0,0,0,0,0,0,0,0,0,514000,0,0,0,600000,86000,514000,514000
064580,統一永豐9C購01  ,0,0,0,0,0,0,0,0,0,512000,0,0,0,536000,24000,512000,512000
08420P,國巨群益9C售12  ,0,0,0,0,0,0,0,0,0,512000,0,0,0,522000,10000,512000,512000
2929,淘帝-KY         ,816000,304000,512000,0,0,0,0,0,0,0,0,0,0,0,0,0,512000
08111P,臺股指中信01售06,0,0,0,0,0,0,0,0,0,511000,0,0,0,616000,105000,511000,511000
054891,聯鈞統一99購02  ,0,0,0,0,0,0,0,0,0,510000,0,0,0,510000,0,510000,510000
03053P,台灣50中信04售03,0,0,0,0,0,0,0,0,0,510000,0,0,0,569000,59000,510000,510000
064239,群創統一02購01  ,0,0,0,0,0,0,0,0,0,510000,0,0,0,524000,14000,510000,510000
066356,嘉基永豐01購01  ,0,0,0,0,0,0,0,0,0,510000,0,0,0,719000,209000,510000,510000
08848P,國巨群益01售06  ,0,0,0,0,0,0,0,0,0,509000,0,0,0,509000,0,509000,509000
062333,嘉晶統一9C購01  ,0,0,0,0,0,0,0,0,0,508000,0,0,0,508000,0,508000,508000
066467,晶碩統一03購01  ,0,0,0,0,0,0,0,0,0,505000,0,0,0,507000,2000,505000,505000
067021,正崴中信01購01  ,0,0,0,0,0,0,0,0,0,504000,0,0,0,510000,6000,504000,504000
067223,嘉基元大01購02  ,0,0,0,0,0,0,0,0,0,504000,0,0,0,511000,7000,504000,504000
066685,T50反1元富07購02,0,0,0,0,0,0,0,0,0,503000,0,0,0,1103000,600000,503000,503000
08803P,鴻海元富07售08  ,0,0,0,0,0,0,0,0,0,501000,0,0,0,501000,0,501000,501000
2345,智邦            ,3889516,3129003,760513,0,0,0,4000,23000,-19000,-241000,29000,207000,-178000,17000,80000,-63000,500513
069779,康舒元大02購03  ,0,0,0,0,0,0,0,0,0,500000,0,0,0,750000,250000,500000,500000
064922,玉晶光統一01購10,0,0,0,0,0,0,0,0,0,500000,0,0,0,669000,169000,500000,500000
08873P,欣興永豐01售01  ,0,0,0,0,0,0,0,0,0,500000,0,0,0,579000,79000,500000,500000
068405,玉晶光元富07購01,0,0,0,0,0,0,0,0,0,499000,0,0,0,499000,0,499000,499000
057525,光磊元大99購01  ,0,0,0,0,0,0,0,0,0,499000,0,0,0,499000,0,499000,499000
067026,群創兆豐03購01  ,0,0,0,0,0,0,0,0,0,499000,0,0,0,504000,5000,499000,499000
063657,茂林元富9B購04  ,0,0,0,0,0,0,0,0,0,498000,0,0,0,519000,21000,498000,498000
03041P,玉晶光國票03售03,0,0,0,0,0,0,0,0,0,497000,0,0,0,499000,2000,497000,497000
066453,嘉基群益01購01  ,0,0,0,0,0,0,0,0,0,497000,0,0,0,542000,45000,497000,497000
064835,嘉晶統一02購01  ,0,0,0,0,0,0,0,0,0,497000,0,0,0,538000,41000,497000,497000
6443,元晶            ,2681000,2255000,426000,0,0,0,0,0,0,71000,101000,30000,71000,0,0,0,497000
6141,柏承            ,994000,499000,495000,0,0,0,0,0,0,0,0,0,0,0,0,0,495000
068824,緯創元大02購02  ,0,0,0,0,0,0,0,0,0,494000,0,0,0,550000,56000,494000,494000
08607P,聯發科富邦03售04,0,0,0,0,0,0,0,0,0,494000,0,0,0,494000,0,494000,494000
062644,中環國泰9C購01  ,0,0,0,0,0,0,0,0,0,491000,0,0,0,679000,188000,491000,491000
1477,聚陽            ,1430000,880000,550000,0,0,0,74000,0,74000,-134000,123000,249000,-126000,37000,45000,-8000,490000
3596,智易            ,1050000,788000,262000,0,0,0,321000,0,321000,-94000,41000,19000,22000,6000,122000,-116000,489000
9802,鈺齊-KY         ,1053000,670000,383000,0,0,0,195000,0,195000,-89000,153000,51000,102000,31000,222000,-191000,489000
08158P,嘉澤元富9B售03  ,0,0,0,0,0,0,0,0,0,487000,0,0,0,487000,0,487000,487000
060242,潤泰全元大9C購01,0,0,0,0,0,0,0,0,0,486000,0,0,0,500000,14000,486000,486000
069787,美食康和02購01  ,0,0,0,0,0,0,0,0,0,485000,0,0,0,510000,25000,485000,485000
069513,友達凱基02購04  ,0,0,0,0,0,0,0,0,0,484000,0,0,0,484000,0,484000,484000
064726,創意統一01購03  ,0,0,0,0,0,0,0,0,0,483000,0,0,0,689000,206000,483000,483000
066778,緯穎富邦03購01  ,0,0,0,0,0,0,0,0,0,482000,0,0,0,527000,45000,482000,482000
066902,台泥凱基01購01  ,0,0,0,0,0,0,0,0,0,482000,0,0,0,615000,133000,482000,482000
069137,光磊永豐02購01  ,0,0,0,0,0,0,0,0,0,479000,0,0,0,876000,397000,479000,479000
08713P,國巨元富07售04  ,0,0,0,0,0,0,0,0,0,479000,0,0,0,499000,20000,479000,479000
068854,超眾統一03購03  ,0,0,0,0,0,0,0,0,0,478000,0,0,0,635000,157000,478000,478000
069237,南電康和02購01  ,0,0,0,0,0,0,0,0,0,477000,0,0,0,978000,501000,477000,477000
069656,彩晶凱基03購01  ,0,0,0,0,0,0,0,0,0,477000,0,0,0,505000,28000,477000,477000
059008,鈺齊元大99購03  ,0,0,0,0,0,0,0,0,0,476000,0,0,0,476000,0,476000,476000
067642,貿聯統一01購03  ,0,0,0,0,0,0,0,0,0,475000,0,0,0,637000,162000,475000,475000
067284,華新科國票02購01,0,0,0,0,0,0,0,0,0,475000,0,0,0,535000,60000,475000,475000
065499,京元電富邦01購01,0,0,0,0,0,0,0,0,0,475000,0,0,0,840000,365000,475000,475000
064368,日月光統一01購01,0,0,0,0,0,0,0,0,0,472000,0,0,0,502000,30000,472000,472000
063133,喬山統一01購01  ,0,0,0,0,0,0,0,0,0,472000,0,0,0,851000,379000,472000,472000
066319,聯強永豐01購01  ,0,0,0,0,0,0,0,0,0,472000,0,0,0,472000,0,472000,472000
062343,中石化群益9B購01,0,0,0,0,0,0,0,0,0,471000,0,0,0,592000,121000,471000,471000
08382P,國巨群益01售02  ,0,0,0,0,0,0,0,0,0,469000,0,0,0,519000,50000,469000,469000
08204P,台灣50中信01售04,0,0,0,0,0,0,0,0,0,469000,0,0,0,470000,1000,469000,469000
03407P,華新科國泰03售02,0,0,0,0,0,0,0,0,0,467000,0,0,0,2615000,2148000,467000,467000
062526,友達統一01購01  ,0,0,0,0,0,0,0,0,0,467000,0,0,0,467000,0,467000,467000
066352,晶碩永豐01購01  ,0,0,0,0,0,0,0,0,0,467000,0,0,0,479000,12000,467000,467000
06885P,國巨國票99售06  ,0,0,0,0,0,0,0,0,0,466000,0,0,0,477000,11000,466000,466000
08426P,奇力新國票01售01,0,0,0,0,0,0,0,0,0,466000,0,0,0,588000,122000,466000,466000
069795,群光凱基02購01  ,0,0,0,0,0,0,0,0,0,465000,0,0,0,467000,2000,465000,465000
066223,拓凱國泰03購01  ,0,0,0,0,0,0,0,0,0,465000,0,0,0,476000,11000,465000,465000
068399,中興電元富03購01,0,0,0,0,0,0,0,0,0,464000,0,0,0,682000,218000,464000,464000
057240,茂林凱基9A購01  ,0,0,0,0,0,0,0,0,0,462000,0,0,0,508000,46000,462000,462000
064738,裕隆國票01購01  ,0,0,0,0,0,0,0,0,0,462000,0,0,0,525000,63000,462000,462000
03036P,玉晶光國票01售08,0,0,0,0,0,0,0,0,0,461000,0,0,0,507000,46000,461000,461000
064514,喬山群益9C購01  ,0,0,0,0,0,0,0,0,0,461000,0,0,0,584000,123000,461000,461000
064426,群創兆豐9C購01  ,0,0,0,0,0,0,0,0,0,461000,0,0,0,504000,43000,461000,461000
054532,強茂國泰98購01  ,0,0,0,0,0,0,0,0,0,460000,0,0,0,460000,0,460000,460000
08870P,鴻海群益01售09  ,0,0,0,0,0,0,0,0,0,460000,0,0,0,460000,0,460000,460000
2101,南港            ,1650000,887000,763000,0,0,0,0,0,0,-303000,3000,110000,-107000,8000,204000,-196000,460000
07114P,旺宏兆豐9A售01  ,0,0,0,0,0,0,0,0,0,458000,0,0,0,460000,2000,458000,458000
03391P,國巨兆豐03售03  ,0,0,0,0,0,0,0,0,0,456000,0,0,0,544000,88000,456000,456000
067461,晶碩永豐01購02  ,0,0,0,0,0,0,0,0,0,455000,0,0,0,519000,64000,455000,455000
063694,貿聯永豐9B購01  ,0,0,0,0,0,0,0,0,0,454000,0,0,0,470000,16000,454000,454000
069014,茂林兆豐03購01  ,0,0,0,0,0,0,0,0,0,453000,0,0,0,643000,190000,453000,453000
063536,美食統一01購01  ,0,0,0,0,0,0,0,0,0,453000,0,0,0,554000,101000,453000,453000
08065P,瑞昱凱基9B售03  ,0,0,0,0,0,0,0,0,0,453000,0,0,0,573000,120000,453000,453000
062879,美食兆豐9B購01  ,0,0,0,0,0,0,0,0,0,450000,0,0,0,450000,0,450000,450000
08120P,南亞科國票9C售01,0,0,0,0,0,0,0,0,0,449000,0,0,0,474000,25000,449000,449000
07974P,上証2X元大9B售02,0,0,0,0,0,0,0,0,0,449000,0,0,0,699000,250000,449000,449000
048270,T50反1富邦99購01,0,0,0,0,0,0,0,0,0,448000,0,0,0,448000,0,448000,448000
068807,上緯控群益02購01,0,0,0,0,0,0,0,0,0,446000,0,0,0,486000,40000,446000,446000
064245,GIS統一02購02   ,0,0,0,0,0,0,0,0,0,446000,0,0,0,531000,85000,446000,446000
064581,葡萄王永豐9C購01,0,0,0,0,0,0,0,0,0,446000,0,0,0,498000,52000,446000,446000
065702,聯發科群益9C購14,0,0,0,0,0,0,0,0,0,445000,0,0,0,526000,81000,445000,445000
08086P,燿華凱基9B售03  ,0,0,0,0,0,0,0,0,0,445000,0,0,0,738000,293000,445000,445000
03039P,玉晶光國票02售04,0,0,0,0,0,0,0,0,0,444000,0,0,0,510000,66000,444000,444000
066350,達麗永豐01購01  ,0,0,0,0,0,0,0,0,0,444000,0,0,0,463000,19000,444000,444000
07800P,華新科國泰9B售04,0,0,0,0,0,0,0,0,0,443000,0,0,0,453000,10000,443000,443000
00762,元大全球AI      ,0,0,0,0,0,0,0,0,0,442000,0,0,0,710000,268000,442000,442000
08995P,台灣50群益01售12,0,0,0,0,0,0,0,0,0,442000,0,0,0,490000,48000,442000,442000
064326,裕隆元大9C購01  ,0,0,0,0,0,0,0,0,0,441000,0,0,0,468000,27000,441000,441000
08505P,臺股指國票9C售07,0,0,0,0,0,0,0,0,0,441000,0,0,0,501000,60000,441000,441000
066963,T50反1元富07購03,0,0,0,0,0,0,0,0,0,440000,0,0,0,460000,20000,440000,440000
069176,南電元大02購04  ,0,0,0,0,0,0,0,0,0,438000,0,0,0,513000,75000,438000,438000
066773,美律富邦03購01  ,0,0,0,0,0,0,0,0,0,438000,0,0,0,492000,54000,438000,438000
6257,矽格            ,2907000,1637000,1270000,0,0,0,0,826000,-826000,-6000,411000,261000,150000,10000,166000,-156000,438000
069033,友達統一04購01  ,0,0,0,0,0,0,0,0,0,437000,0,0,0,718000,281000,437000,437000
068991,冠德永豐02購01  ,0,0,0,0,0,0,0,0,0,436000,0,0,0,516000,80000,436000,436000
063491,國巨富邦02購02  ,2000,0,2000,0,0,0,0,0,0,434000,0,0,0,722000,288000,434000,436000
08063P,立積國票9B售03  ,0,0,0,0,0,0,0,0,0,435000,0,0,0,497000,62000,435000,435000
069649,正隆凱基02購01  ,0,0,0,0,0,0,0,0,0,434000,0,0,0,434000,0,434000,434000
063664,漢唐統一9C購01  ,0,0,0,0,0,0,0,0,0,433000,0,0,0,543000,110000,433000,433000
066709,聚碩群益01購01  ,0,0,0,0,0,0,0,0,0,433000,0,0,0,448000,15000,433000,433000
1513,中興電          ,2300000,1706000,594000,0,0,0,0,0,0,-161000,34000,51000,-17000,5000,149000,-144000,433000
069092,台達電統一03購03,0,0,0,0,0,0,0,0,0,432000,0,0,0,455000,23000,432000,432000
03427B,臺股指元大9A熊02,0,72000,-72000,0,0,0,0,0,0,503000,0,0,0,700000,197000,503000,431000
066932,京元電國票02購01,0,0,0,0,0,0,0,0,0,431000,0,0,0,748000,317000,431000,431000
08621P,景碩群益9C售01  ,0,0,0,0,0,0,0,0,0,431000,0,0,0,801000,370000,431000,431000
08624P,力成群益9C售01  ,0,0,0,0,0,0,0,0,0,431000,0,0,0,431000,0,431000,431000
9939,宏全            ,964770,511000,453770,0,0,0,0,0,0,-24000,65000,27000,38000,1000,63000,-62000,429770
056266,開發金統一9A購01,0,0,0,0,0,0,0,0,0,429000,0,0,0,432000,3000,429000,429000
00652,富邦印度        ,292000,8000,284000,0,0,0,0,0,0,145000,0,0,0,205000,60000,145000,429000
060054,華新科凱基9B購04,0,0,0,0,0,0,0,0,0,429000,0,0,0,559000,130000,429000,429000
063204,高鐵統一9C購01  ,0,0,0,0,0,0,0,0,0,429000,0,0,0,499000,70000,429000,429000
068154,聯發科元大01購23,0,0,0,0,0,0,0,0,0,428000,0,0,0,567000,139000,428000,428000
064070,祥碩永豐9C購01  ,0,0,0,0,0,0,0,0,0,428000,0,0,0,446000,18000,428000,428000
069518,正文凱基02購01  ,0,0,0,0,0,0,0,0,0,427000,0,0,0,557000,130000,427000,427000
064455,美食統一01購03  ,0,0,0,0,0,0,0,0,0,427000,0,0,0,506000,79000,427000,427000
055205,京鼎中信99購01  ,0,0,0,0,0,0,0,0,0,425000,0,0,0,425000,0,425000,425000
066349,聚碩永豐01購01  ,0,0,0,0,0,0,0,0,0,425000,0,0,0,426000,1000,425000,425000
061915,T50反1凱基02購02,0,0,0,0,0,0,0,0,0,424000,0,0,0,424000,0,424000,424000
067508,奇鋐統一03購01  ,1000,2000,-1000,0,0,0,0,0,0,425000,0,0,0,568000,143000,425000,424000
08543P,世芯國票01售02  ,0,0,0,0,0,0,0,0,0,424000,0,0,0,424000,0,424000,424000
069685,嘉晶元大02購02  ,0,0,0,0,0,0,0,0,0,423000,0,0,0,501000,78000,423000,423000
069741,聯強永豐02購01  ,0,0,0,0,0,0,0,0,0,423000,0,0,0,423000,0,423000,423000
067733,力山元大01購01  ,0,0,0,0,0,0,0,0,0,423000,0,0,0,479000,56000,423000,423000
064810,嘉晶元大01購01  ,0,0,0,0,0,0,0,0,0,423000,0,0,0,473000,50000,423000,423000
067845,美食元富04購01  ,0,0,0,0,0,0,0,0,0,422000,0,0,0,457000,35000,422000,422000
064388,緯穎富邦9C購01  ,0,0,0,0,0,0,0,0,0,421000,0,0,0,549000,128000,421000,421000
2360,致茂            ,1266000,666000,600000,0,0,0,0,3000,-3000,-176000,8000,97000,-89000,4000,91000,-87000,421000
066848,健策元大01購05  ,0,0,0,0,0,0,0,0,0,420000,0,0,0,446000,26000,420000,420000
066865,滬深2X元富01購02,0,0,0,0,0,0,0,0,0,420000,0,0,0,421000,1000,420000,420000
08492P,大立光元大9C售22,0,0,0,0,0,0,0,0,0,419000,0,0,0,546000,127000,419000,419000
067415,大成凱基01購01  ,0,2000,-2000,0,0,0,0,0,0,420000,0,0,0,471000,51000,420000,418000
067613,康舒凱基01購01  ,0,0,0,0,0,0,0,0,0,417000,0,0,0,513000,96000,417000,417000
069170,正文元大02購01  ,0,0,0,0,0,0,0,0,0,417000,0,0,0,1587000,1170000,417000,417000
03018P,華邦電群益01售03,30000,0,30000,0,0,0,0,0,0,387000,0,0,0,459000,72000,387000,417000
062982,同欣電元富9B購01,0,0,0,0,0,0,0,0,0,417000,0,0,0,425000,8000,417000,417000
069490,聯詠元大02購05  ,0,0,0,0,0,0,0,0,0,415000,0,0,0,445000,30000,415000,415000
060955,大立光群益9A購02,0,0,0,0,0,0,0,0,0,415000,0,0,0,465000,50000,415000,415000
063401,中租群益9B購03  ,0,0,0,0,0,0,0,0,0,415000,0,0,0,426000,11000,415000,415000
064813,祥碩元大9C購05  ,0,0,0,0,0,0,0,0,0,415000,0,0,0,780000,365000,415000,415000
069326,瀚宇博兆豐03購02,0,0,0,0,0,0,0,0,0,414000,0,0,0,518000,104000,414000,414000
060790,日月光富邦9A購01,0,0,0,0,0,0,0,0,0,414000,0,0,0,429000,15000,414000,414000
066334,京城銀永豐01購01,0,0,0,0,0,0,0,0,0,414000,0,0,0,414000,0,414000,414000
066134,強茂群益01購01  ,0,0,0,0,0,0,0,0,0,413000,0,0,0,506000,93000,413000,413000
069633,聯詠元富08購01  ,0,0,0,0,0,0,0,0,0,412000,0,0,0,413000,1000,412000,412000
067055,上証2X元大01購03,0,0,0,0,0,0,0,0,0,412000,0,0,0,422000,10000,412000,412000
066722,臺指反元大04購04,0,0,0,0,0,0,0,0,0,411000,0,0,0,900000,489000,411000,411000
07855P,旺宏凱基9A售09  ,0,0,0,0,0,0,0,0,0,411000,0,0,0,910000,499000,411000,411000
063431,神隆元富9B購01  ,0,0,0,0,0,0,0,0,0,410000,0,0,0,465000,55000,410000,410000
066776,創意富邦03購02  ,0,0,0,0,0,0,0,0,0,410000,0,0,0,471000,61000,410000,410000
066043,美律元大01購01  ,0,0,0,0,0,0,0,0,0,410000,0,0,0,621000,211000,410000,410000
07940P,國巨群益9B售06  ,0,0,0,0,0,0,0,0,0,410000,0,0,0,414000,4000,410000,410000
068355,美律凱基01購02  ,0,0,0,0,0,0,0,0,0,409000,0,0,0,442000,33000,409000,409000
067664,台船元大01購01  ,0,0,0,0,0,0,0,0,0,408000,0,0,0,408000,0,408000,408000
03008P,玉晶光中信01售01,0,0,0,0,0,0,0,0,0,408000,0,0,0,420000,12000,408000,408000
065652,超眾元大01購02  ,0,0,0,0,0,0,0,0,0,408000,0,0,0,532000,124000,408000,408000
058972,新日興永豐9A購01,0,0,0,0,0,0,0,0,0,407000,0,0,0,412000,5000,407000,407000
4977,眾達-KY         ,1019000,338000,681000,0,0,0,0,258000,-258000,-16000,0,0,0,33000,49000,-16000,407000
065102,同欣電元大9C購07,0,0,0,0,0,0,0,0,0,405000,0,0,0,415000,10000,405000,405000
08685P,南電凱基01售03  ,0,0,0,0,0,0,0,0,0,405000,0,0,0,615000,210000,405000,405000
03010P,國巨國泰03售01  ,0,0,0,0,0,0,0,0,0,404000,0,0,0,1039000,635000,404000,404000
066941,滬深2X元大03購01,0,0,0,0,0,0,0,0,0,404000,0,0,0,612000,208000,404000,404000
08142P,國巨凱基9B售13  ,0,0,0,0,0,0,0,0,0,404000,0,0,0,421000,17000,404000,404000
068776,台積電元富08購01,0,0,0,0,0,0,0,0,0,403000,0,0,0,469000,66000,403000,403000
061490,茂林兆豐9B購01  ,0,0,0,0,0,0,0,0,0,402000,0,0,0,402000,0,402000,402000
08754P,臺股指群益01售04,0,0,0,0,0,0,0,0,0,401000,0,0,0,512000,111000,401000,401000
069680,群光元大02購01  ,0,0,0,0,0,0,0,0,0,400000,0,0,0,416000,16000,400000,400000
069226,聯陽群益02購01  ,0,0,0,0,0,0,0,0,0,400000,0,0,0,400000,0,400000,400000
07827P,台灣50中信9C售01,0,0,0,0,0,0,0,0,0,400000,0,0,0,400000,0,400000,400000
061056,臺指反國票02購01,0,0,0,0,0,0,0,0,0,399000,0,0,0,399000,0,399000,399000
064614,友訊元大9C購02  ,0,0,0,0,0,0,0,0,0,399000,0,0,0,437000,38000,399000,399000
03493P,世紀鋼元大02售02,0,0,0,0,0,0,0,0,0,398000,0,0,0,832000,434000,398000,398000
063624,GIS兆豐9B購01   ,0,0,0,0,0,0,0,0,0,398000,0,0,0,445000,47000,398000,398000
063915,祥碩凱基01購01  ,0,0,0,0,0,0,0,0,0,397000,0,0,0,473000,76000,397000,397000
060290,興富發元大9C購01,0,0,0,0,0,0,0,0,0,396000,0,0,0,513000,117000,396000,396000
08322P,國巨凱基9C售08  ,0,0,0,0,0,0,0,0,0,395000,0,0,0,400000,5000,395000,395000
062173,世紀鋼永豐9B購01,0,0,0,0,0,0,0,0,0,394000,0,0,0,466000,72000,394000,394000
066246,中化元大01購01  ,0,0,0,0,0,0,0,0,0,393000,0,0,0,408000,15000,393000,393000
08865P,欣興元大01售02  ,0,0,0,0,0,0,0,0,0,393000,0,0,0,1352000,959000,393000,393000
065959,T50反1元大01購02,0,0,0,0,0,0,0,0,0,392000,0,0,0,732000,340000,392000,392000
067750,鈺齊元大02購01  ,0,0,0,0,0,0,0,0,0,391000,0,0,0,446000,55000,391000,391000
03061P,南電凱基01售05  ,0,0,0,0,0,0,0,0,0,391000,0,0,0,448000,57000,391000,391000
067145,南港統一03購02  ,0,0,0,0,0,0,0,0,0,391000,0,0,0,415000,24000,391000,391000
08622P,緯創群益9C售03  ,0,0,0,0,0,0,0,0,0,391000,0,0,0,404000,13000,391000,391000
07788P,華新科群益9A售08,0,0,0,0,0,0,0,0,0,391000,0,0,0,549000,158000,391000,391000
067962,鴻海群益02購04  ,0,0,0,0,0,0,0,0,0,390000,0,0,0,440000,50000,390000,390000
068340,緯穎元大03購01  ,0,0,0,0,0,0,0,0,0,390000,0,0,0,778000,388000,390000,390000
067462,台灣50元大01購27,0,0,0,0,0,0,0,0,0,390000,0,0,0,390000,0,390000,390000
066412,神隆元大01購01  ,0,0,0,0,0,0,0,0,0,390000,0,0,0,453000,63000,390000,390000
3015,全漢            ,873000,483000,390000,0,0,0,0,0,0,0,0,0,0,0,0,0,390000
064228,同欣電國票01購01,0,0,0,0,0,0,0,0,0,388000,0,0,0,452000,64000,388000,388000
063433,臻鼎元富9B購01  ,0,0,0,0,0,0,0,0,0,388000,0,0,0,388000,0,388000,388000
069689,彩晶元大02購01  ,0,50000,-50000,0,0,0,0,0,0,436000,0,0,0,959000,523000,436000,386000
062979,茂林元富9B購01  ,0,0,0,0,0,0,0,0,0,386000,0,0,0,455000,69000,386000,386000
068112,宏碁元富07購01  ,0,0,0,0,0,0,0,0,0,385000,0,0,0,386000,1000,385000,385000
03288P,台灣50元大02售09,0,0,0,0,0,0,0,0,0,385000,0,0,0,417000,32000,385000,385000
08077P,亞德客國票9B售02,0,0,0,0,0,0,0,0,0,385000,0,0,0,509000,124000,385000,385000
066060,超眾元大01購03  ,0,0,0,0,0,0,0,0,0,384000,0,0,0,538000,154000,384000,384000
08620P,聯發科群益9C售15,0,0,0,0,0,0,0,0,0,384000,0,0,0,395000,11000,384000,384000
08494P,世芯元大9C售02  ,0,0,0,0,0,0,0,0,0,384000,0,0,0,1485000,1101000,384000,384000
2426,鼎元            ,1138000,755000,383000,0,0,0,0,0,0,1000,1000,0,1000,0,0,0,384000
065627,貿聯兆豐9C購02  ,0,0,0,0,0,0,0,0,0,383000,0,0,0,451000,68000,383000,383000
068937,TPK永豐02購01   ,0,0,0,0,0,0,0,0,0,382000,0,0,0,400000,18000,382000,382000
066036,神隆元大02購01  ,0,0,0,0,0,0,0,0,0,382000,0,0,0,385000,3000,382000,382000
061043,百和永豐9A購01  ,0,0,0,0,0,0,0,0,0,381000,0,0,0,402000,21000,381000,381000
070010,美食元大02購01  ,0,0,0,0,0,0,0,0,0,380000,0,0,0,400000,20000,380000,380000
03455B,臺股指凱基03熊06,0,0,0,0,0,0,0,0,0,380000,0,0,0,431000,51000,380000,380000
08618P,國巨群益9C售20  ,0,0,0,0,0,0,0,0,0,380000,0,0,0,406000,26000,380000,380000
07999P,台達電凱基9B售02,0,0,0,0,0,0,0,0,0,380000,0,0,0,401000,21000,380000,380000
068623,美律群益02購01  ,0,0,0,0,0,0,0,0,0,379000,0,0,0,479000,100000,379000,379000
07986P,大成鋼統一9B售02,0,0,0,0,0,0,0,0,0,379000,0,0,0,379000,0,379000,379000
068390,聯詠統一03購01  ,0,0,0,0,0,0,0,0,0,378000,0,0,0,523000,145000,378000,378000
066378,超眾兆豐03購01  ,0,0,0,0,0,0,0,0,0,378000,0,0,0,400000,22000,378000,378000
08275P,南亞科元富9C售01,0,0,0,0,0,0,0,0,0,378000,0,0,0,677000,299000,378000,378000
06478P,臺股指日盛9A售01,0,0,0,0,0,0,0,0,0,376000,0,0,0,1895000,1519000,376000,376000
05995P,T50正2中信9C售01,0,0,0,0,0,0,0,0,0,374000,0,0,0,616000,242000,374000,374000
06334P,臺股指群益9C售03,0,0,0,0,0,0,0,0,0,374000,0,0,0,395000,21000,374000,374000
066694,深中小群益03購01,0,0,0,0,0,0,0,0,0,373000,0,0,0,775000,402000,373000,373000
08610P,鴻海凱基9C售05  ,0,0,0,0,0,0,0,0,0,373000,0,0,0,566000,193000,373000,373000
066314,台橡永豐01購01  ,0,0,0,0,0,0,0,0,0,372000,0,0,0,402000,30000,372000,372000
064840,彩晶統一02購01  ,0,0,0,0,0,0,0,0,0,372000,0,0,0,583000,211000,372000,372000
08598P,立積元大9C售04  ,0,0,0,0,0,0,0,0,0,372000,0,0,0,846000,474000,372000,372000
069744,奇鋐永豐02購04  ,0,0,0,0,0,0,0,0,0,371000,0,0,0,431000,60000,371000,371000
062344,力山群益9B購02  ,0,0,0,0,0,0,0,0,0,371000,0,0,0,416000,45000,371000,371000
064144,智邦統一01購02  ,0,0,0,0,0,0,0,0,0,370000,0,0,0,380000,10000,370000,370000
08110P,臺股指中信01售05,0,0,0,0,0,0,0,0,0,370000,0,0,0,673000,303000,370000,370000
063359,泰鼎國泰01購01  ,0,0,0,0,0,0,0,0,0,369000,0,0,0,499000,130000,369000,369000
3703,欣陸            ,1918000,1538000,380000,0,0,0,0,0,0,-11000,0,11000,-11000,0,0,0,369000
064911,光寶科統一02購01,0,0,0,0,0,0,0,0,0,368000,0,0,0,402000,34000,368000,368000
00851,台新全球AI      ,0,0,0,0,0,0,0,0,0,367000,0,0,0,432000,65000,367000,367000
066419,聯發科元大01購11,0,0,0,0,0,0,0,0,0,367000,0,0,0,920000,553000,367000,367000
08741P,國巨凱基01售05  ,0,0,0,0,0,0,0,0,0,367000,0,0,0,430000,63000,367000,367000
069833,欣興元富02購05  ,0,0,0,0,0,0,0,0,0,366000,0,0,0,394000,28000,366000,366000
067322,達方元大01購01  ,0,0,0,0,0,0,0,0,0,366000,0,0,0,1312000,946000,366000,366000
065387,台光電兆豐9C購02,0,0,0,0,0,0,0,0,0,366000,0,0,0,710000,344000,366000,366000
068840,瑞儀永豐02購01  ,0,0,0,0,0,0,0,0,0,365000,0,0,0,365000,0,365000,365000
1734,杏輝            ,1902000,1496000,406000,0,0,0,0,0,0,-41000,0,41000,-41000,0,0,0,365000
067661,大成元大01購01  ,0,0,0,0,0,0,0,0,0,364000,0,0,0,482000,118000,364000,364000
064098,正崴群益9C購01  ,0,0,0,0,0,0,0,0,0,364000,0,0,0,364000,0,364000,364000
066768,瀚宇博永豐01購01,0,0,0,0,0,0,0,0,0,364000,0,0,0,388000,24000,364000,364000
067824,鈺齊凱基01購02  ,0,0,0,0,0,0,0,0,0,363000,0,0,0,435000,72000,363000,363000
068231,聯詠元富07購04  ,0,0,0,0,0,0,0,0,0,363000,0,0,0,474000,111000,363000,363000
059760,楠梓電永豐99購01,0,0,0,0,0,0,0,0,0,363000,0,0,0,379000,16000,363000,363000
066842,卜蜂元大01購01  ,0,0,0,0,0,0,0,0,0,363000,0,0,0,488000,125000,363000,363000
061265,富邦金凱基9B購01,0,0,0,0,0,0,0,0,0,362000,0,0,0,363000,1000,362000,362000
064940,智伸科元富9C購01,0,0,0,0,0,0,0,0,0,362000,0,0,0,451000,89000,362000,362000
08985P,台表科兆豐03售02,0,0,0,0,0,0,0,0,0,362000,0,0,0,391000,29000,362000,362000
03686P,大立光統一98售02,0,0,0,0,0,0,0,0,0,361000,0,0,0,361000,0,361000,361000
064898,國產群益9C購01  ,0,0,0,0,0,0,0,0,0,361000,0,0,0,369000,8000,361000,361000
2472,立隆電          ,1201000,874000,327000,0,0,0,0,0,0,34000,38000,4000,34000,0,0,0,361000
069362,奇鋐永豐02購03  ,0,0,0,0,0,0,0,0,0,360000,0,0,0,361000,1000,360000,360000
057749,華新科國票99購01,0,0,0,0,0,0,0,0,0,360000,0,0,0,360000,0,360000,360000
07685P,玉晶光凱基9B售03,0,0,0,0,0,0,0,0,0,360000,0,0,0,649000,289000,360000,360000
068960,建準群益02購01  ,0,0,0,0,0,0,0,0,0,359000,0,0,0,384000,25000,359000,359000
067611,拓凱凱基02購01  ,0,0,0,0,0,0,0,0,0,359000,0,0,0,414000,55000,359000,359000
057282,大立光元大99購06,0,0,0,0,0,0,0,0,0,359000,0,0,0,429000,70000,359000,359000
060877,華邦電中信02購01,0,0,0,0,0,0,0,0,0,358000,0,0,0,361000,3000,358000,358000
063451,漢翔統一9C購01  ,0,0,0,0,0,0,0,0,0,357000,0,0,0,407000,50000,357000,357000
069899,精元元大03購01  ,0,0,0,0,0,0,0,0,0,356000,0,0,0,488000,132000,356000,356000
061665,旺宏中信9C購01  ,0,0,0,0,0,0,0,0,0,356000,0,0,0,356000,0,356000,356000
068955,和鑫凱基02購01  ,0,0,0,0,0,0,0,0,0,355000,0,0,0,355000,0,355000,355000
062165,聯茂國泰01購01  ,0,0,0,0,0,0,0,0,0,355000,0,0,0,385000,30000,355000,355000
069571,欣興凱基02購09  ,0,0,0,0,0,0,0,0,0,354000,0,0,0,509000,155000,354000,354000
2365,昆盈            ,650000,312000,338000,0,0,0,0,0,0,16000,19000,3000,16000,0,0,0,354000
067188,日電貿凱基01購02,0,0,0,0,0,0,0,0,0,353000,0,0,0,353000,0,353000,353000
08994P,台灣50群益01售11,0,0,0,0,0,0,0,0,0,353000,0,0,0,405000,52000,353000,353000
068995,南六永豐02購01  ,0,0,0,0,0,0,0,0,0,352000,0,0,0,362000,10000,352000,352000
065381,緯穎元大9C購03  ,0,0,0,0,0,0,0,0,0,352000,0,0,0,383000,31000,352000,352000
07686P,祥碩凱基9A售02  ,0,0,0,0,0,0,0,0,0,352000,0,0,0,352000,0,352000,352000
065289,冠德群益9C購01  ,0,0,0,0,0,0,0,0,0,351000,0,0,0,416000,65000,351000,351000
069969,健策群益03購01  ,0,0,0,0,0,0,0,0,0,350000,0,0,0,353000,3000,350000,350000
068428,神隆凱基03購01  ,0,0,0,0,0,0,0,0,0,350000,0,0,0,353000,3000,350000,350000
057126,台積電凱基99購03,0,0,0,0,0,0,0,0,0,350000,0,0,0,350000,0,350000,350000
064746,貿聯國票01購02  ,0,0,0,0,0,0,0,0,0,350000,0,0,0,427000,77000,350000,350000
067062,神隆元大01購02  ,0,0,0,0,0,0,0,0,0,350000,0,0,0,353000,3000,350000,350000
066907,聯發科凱基03購04,0,0,0,0,0,0,0,0,0,350000,0,0,0,350000,0,350000,350000
066745,瀚宇博元大01購01,0,0,0,0,0,0,0,0,0,350000,0,0,0,458000,108000,350000,350000
06651P,華新科元大99售09,0,0,0,0,0,0,0,0,0,350000,0,0,0,350000,0,350000,350000
068219,聯發科統一03購06,0,0,0,0,0,0,0,0,0,349000,0,0,0,359000,10000,349000,349000
069144,國揚永豐02購01  ,0,0,0,0,0,0,0,0,0,349000,0,0,0,349000,0,349000,349000
069105,南電統一04購02  ,0,0,0,0,0,0,0,0,0,349000,0,0,0,809000,460000,349000,349000
057275,友達元大9A購04  ,0,0,0,0,0,0,0,0,0,349000,0,0,0,349000,0,349000,349000
066441,聯強群益01購01  ,0,0,0,0,0,0,0,0,0,349000,0,0,0,351000,2000,349000,349000
064763,祥碩凱基02購01  ,0,0,0,0,0,0,0,0,0,349000,0,0,0,837000,488000,349000,349000
07894P,燿華元大9B售01  ,0,0,0,0,0,0,0,0,0,349000,0,0,0,778000,429000,349000,349000
065481,臻鼎元大9C購04  ,0,0,0,0,0,0,0,0,0,348000,0,0,0,362000,14000,348000,348000
064369,彩晶統一01購01  ,0,0,0,0,0,0,0,0,0,347000,0,0,0,396000,49000,347000,347000
069106,南電統一04購03  ,0,0,0,0,0,0,0,0,0,345000,0,0,0,542000,197000,345000,345000
058613,茂林元大99購03  ,0,0,0,0,0,0,0,0,0,345000,0,0,0,353000,8000,345000,345000
061891,力山永豐9B購01  ,0,0,0,0,0,0,0,0,0,345000,0,0,0,365000,20000,345000,345000
08824P,微星元大01售03  ,0,0,0,0,0,0,0,0,0,345000,0,0,0,380000,35000,345000,345000
2454,聯發科          ,16810140,15620699,1189441,0,0,0,7000,517600,-510600,-334000,256000,481000,-225000,189000,298000,-109000,344841
063355,超眾元富9B購01  ,0,0,0,0,0,0,0,0,0,344000,0,0,0,364000,20000,344000,344000
08545P,南電國泰01售02  ,0,0,0,0,0,0,0,0,0,344000,0,0,0,364000,20000,344000,344000
066844,聯發科元大01購12,0,0,0,0,0,0,0,0,0,343000,0,0,0,779000,436000,343000,343000
066854,樺漢元大01購02  ,0,0,0,0,0,0,0,0,0,343000,0,0,0,745000,402000,343000,343000
064403,正崴凱基01購01  ,0,0,0,0,0,0,0,0,0,342000,0,0,0,342000,0,342000,342000
08220P,華邦電凱基9B售02,0,0,0,0,0,0,0,0,0,342000,0,0,0,394000,52000,342000,342000
069634,欣興元富08購02  ,0,0,0,0,0,0,0,0,0,341000,0,0,0,1085000,744000,341000,341000
2316,楠梓電          ,1535000,1092000,443000,0,0,0,0,0,0,-102000,0,17000,-17000,0,85000,-85000,341000
066662,建準凱基02購01  ,0,0,0,0,0,0,0,0,0,340000,0,0,0,400000,60000,340000,340000
067123,京鼎富邦05購01  ,0,230000,-230000,0,0,0,0,0,0,570000,0,0,0,570000,0,570000,340000
067307,聯詠元大01購06  ,0,0,0,0,0,0,0,0,0,340000,0,0,0,643000,303000,340000,340000
065739,正崴麥證9C購01  ,0,0,0,413000,73000,340000,0,0,0,340000,0,0,0,413000,73000,340000,340000
07055P,景碩群益9A售02  ,0,0,0,0,0,0,0,0,0,339000,0,0,0,339000,0,339000,339000
00647L,元大S&P500正2   ,19000,7000,12000,0,0,0,0,0,0,327000,0,0,0,348000,21000,327000,339000
065806,貿聯群益9C購05  ,0,0,0,0,0,0,0,0,0,339000,0,0,0,368000,29000,339000,339000
00752,中信中國50      ,0,0,0,0,0,0,0,0,0,338000,0,0,0,1583000,1245000,338000,338000
1526,日馳            ,1189000,859000,330000,0,0,0,0,0,0,8000,8000,0,8000,0,0,0,338000
056765,友達元大9B購05  ,0,0,0,0,0,0,0,0,0,337000,0,0,0,337000,0,337000,337000
067065,為升元大01購03  ,0,0,0,0,0,0,0,0,0,337000,0,0,0,780000,443000,337000,337000
066873,健策國泰02購01  ,0,0,0,0,0,0,0,0,0,337000,0,0,0,352000,15000,337000,337000
07902P,玉晶光國票01售01,0,0,0,0,0,0,0,0,0,337000,0,0,0,412000,75000,337000,337000
068498,玉晶光元大01購16,0,0,0,0,0,0,0,0,0,336000,0,0,0,532000,196000,336000,336000
064889,T50反1群益9C購02,0,0,0,0,0,0,0,0,0,336000,0,0,0,336000,0,336000,336000
067942,瑞儀凱基02購01  ,0,0,0,0,0,0,0,0,0,335000,0,0,0,375000,40000,335000,335000
068976,台光電元大02購02,0,0,0,0,0,0,0,0,0,335000,0,0,0,357000,22000,335000,335000
065981,超眾元大02購01  ,0,0,0,0,0,0,0,0,0,335000,0,0,0,377000,42000,335000,335000
08381P,台灣50群益9C售06,0,0,0,0,0,0,0,0,0,335000,0,0,0,335000,0,335000,335000
058061,貿聯元富9B購01  ,0,0,0,0,0,0,0,0,0,334000,0,0,0,421000,87000,334000,334000
066957,健策元大01購06  ,0,0,0,0,0,0,0,0,0,334000,0,0,0,501000,167000,334000,334000
068875,正崴凱基02購01  ,0,0,0,0,0,0,0,0,0,333000,0,0,0,346000,13000,333000,333000
057828,緯穎元大99購02  ,0,0,0,0,0,0,0,0,0,333000,0,0,0,333000,0,333000,333000
03304P,欣興元富02售02  ,0,0,0,0,0,0,0,0,0,333000,0,0,0,495000,162000,333000,333000
066171,德律凱基01購01  ,0,0,0,0,0,0,0,0,0,332000,0,0,0,610000,278000,332000,332000
058441,T50反1台新03購01,0,0,0,0,0,0,0,0,0,331000,0,0,0,351000,20000,331000,331000
061998,緯穎元大9B購03  ,0,0,0,0,0,0,0,0,0,331000,0,0,0,461000,130000,331000,331000
063944,建準元大9C購01  ,0,1000,-1000,0,0,0,0,0,0,332000,0,0,0,457000,125000,332000,331000
08471P,日月光凱基9C售02,0,0,0,0,0,0,0,0,0,331000,0,0,0,581000,250000,331000,331000
08619P,國巨群益9C售21  ,0,0,0,0,0,0,0,0,0,331000,0,0,0,397000,66000,331000,331000
068035,聯詠元富07購03  ,0,0,0,0,0,0,0,0,0,330000,0,0,0,382000,52000,330000,330000
03431B,元油2X凱基9B熊03,0,0,0,0,0,0,0,0,0,330000,0,0,0,330000,0,330000,330000
062205,奇力新國票9C購01,0,0,0,0,0,0,0,0,0,330000,0,0,0,330000,0,330000,330000
066427,牧德元大02購03  ,0,0,0,0,0,0,0,0,0,330000,0,0,0,330000,0,330000,330000
07575P,瑞昱元大9A售02  ,0,0,0,0,0,0,0,0,0,330000,0,0,0,330000,0,330000,330000
069322,新日興兆豐03購01,0,0,0,0,0,0,0,0,0,329000,0,0,0,636000,307000,329000,329000
061959,鴻海統一9B購04  ,0,0,0,0,0,0,0,0,0,329000,0,0,0,370000,41000,329000,329000
067484,聯詠元大01購07  ,0,0,0,0,0,0,0,0,0,329000,0,0,0,385000,56000,329000,329000
068933,奇鋐永豐02購01  ,6000,0,6000,0,0,0,0,0,0,322000,0,0,0,874000,552000,322000,328000
069053,欣興元富02購03  ,0,0,0,0,0,0,0,0,0,328000,0,0,0,525000,197000,328000,328000
067996,南亞科元大01購02,0,0,0,0,0,0,0,0,0,328000,0,0,0,349000,21000,328000,328000
059807,大立光元富99購09,0,0,0,0,0,0,0,0,0,328000,0,0,0,346000,18000,328000,328000
069235,奇鋐康和02購01  ,0,0,0,0,0,0,0,0,0,327000,0,0,0,412000,85000,327000,327000
069431,美律群益02購02  ,0,0,0,0,0,0,0,0,0,327000,0,0,0,351000,24000,327000,327000
064854,祥碩麥證9C購01  ,0,0,0,540000,213000,327000,0,0,0,327000,0,0,0,540000,213000,327000,327000
069319,正崴兆豐03購01  ,0,0,0,0,0,0,0,0,0,326000,0,0,0,344000,18000,326000,326000
069725,欣興群益02購07  ,0,0,0,0,0,0,0,0,0,326000,0,0,0,434000,108000,326000,326000
062272,鴻海群益9B購05  ,0,0,0,0,0,0,0,0,0,326000,0,0,0,326000,0,326000,326000
066161,力山凱基01購01  ,0,0,0,0,0,0,0,0,0,326000,0,0,0,326000,0,326000,326000
03469P,欣興康和02售01  ,0,0,0,0,0,0,0,0,0,324000,0,0,0,380000,56000,324000,324000
03411P,欣興元大02售08  ,0,0,0,0,0,0,0,0,0,324000,0,0,0,706000,382000,324000,324000
069435,健策群益02購03  ,0,0,0,0,0,0,0,0,0,323000,0,0,0,378000,55000,323000,323000
067255,日月光國票02購01,0,0,0,0,0,0,0,0,0,323000,0,0,0,323000,0,323000,323000
068735,康舒元大02購01  ,0,0,0,0,0,0,0,0,0,322000,0,0,0,561000,239000,322000,322000
068456,冠德國票03購01  ,0,0,0,0,0,0,0,0,0,322000,0,0,0,367000,45000,322000,322000
069848,潤泰新群益02購01,0,0,0,0,0,0,0,0,0,320000,0,0,0,320000,0,320000,320000
069552,玉晶光元大03購11,0,0,0,0,0,0,0,0,0,320000,0,0,0,503000,183000,320000,320000
069371,道瓊銀元大03購03,0,0,0,0,0,0,0,0,0,319000,0,0,0,319000,0,319000,319000
069064,友達麥證02購01  ,0,0,0,358000,39000,319000,0,0,0,319000,0,0,0,358000,39000,319000,319000
063265,瑞祺永豐9B購01  ,0,0,0,0,0,0,0,0,0,319000,0,0,0,342000,23000,319000,319000
067722,國產凱基01購01  ,0,0,0,0,0,0,0,0,0,318000,0,0,0,458000,140000,318000,318000
055449,超眾統一9A購01  ,0,0,0,0,0,0,0,0,0,317000,0,0,0,361000,44000,317000,317000
066466,晶碩統一02購01  ,0,0,0,0,0,0,0,0,0,317000,0,0,0,329000,12000,317000,317000
3583,辛耘            ,523000,201000,322000,0,0,0,0,0,0,-5000,0,5000,-5000,0,0,0,317000
068478,瑞儀群益01購02  ,0,0,0,0,0,0,0,0,0,316000,0,0,0,423000,107000,316000,316000
065933,鴻海群益01購06  ,0,0,0,0,0,0,0,0,0,316000,0,0,0,386000,70000,316000,316000
064771,貿聯中信01購01  ,0,0,0,0,0,0,0,0,0,316000,0,0,0,396000,80000,316000,316000
068858,台積電元富08購05,0,0,0,0,0,0,0,0,0,315000,0,0,0,347000,32000,315000,315000
065037,緯穎統一02購02  ,0,0,0,0,0,0,0,0,0,315000,0,0,0,333000,18000,315000,315000
03422P,GIS群益02售04   ,0,0,0,0,0,0,0,0,0,314000,0,0,0,390000,76000,314000,314000
066065,東元凱基04購01  ,0,0,0,0,0,0,0,0,0,314000,0,0,0,403000,89000,314000,314000
069094,金像電統一02購02,0,0,0,0,0,0,0,0,0,313000,0,0,0,442000,129000,313000,313000
069082,欣興凱基03購02  ,0,0,0,0,0,0,0,0,0,312000,0,0,0,640000,328000,312000,312000
061958,鴻海統一01購01  ,0,0,0,0,0,0,0,0,0,312000,0,0,0,315000,3000,312000,312000
064865,美律永豐9C購02  ,0,0,0,0,0,0,0,0,0,312000,0,0,0,312000,0,312000,312000
2399,映泰            ,1115000,800000,315000,0,0,0,0,0,0,-3000,1000,4000,-3000,0,0,0,312000
068977,建準元大02購01  ,0,0,0,0,0,0,0,0,0,311000,0,0,0,361000,50000,311000,311000
068969,台塑化群益02購01,0,0,0,0,0,0,0,0,0,311000,0,0,0,311000,0,311000,311000
061971,力山元大9C購02  ,0,0,0,0,0,0,0,0,0,311000,0,0,0,412000,101000,311000,311000
065746,光寶科元大9C購01,0,0,0,0,0,0,0,0,0,311000,0,0,0,473000,162000,311000,311000
068846,台積電統一04購06,0,0,0,0,0,0,0,0,0,310000,0,0,0,325000,15000,310000,310000
068163,緯穎元大01購07  ,0,0,0,0,0,0,0,0,0,310000,0,0,0,411000,101000,310000,310000
05174P,元金2X富邦9B售01,0,0,0,0,0,0,0,0,0,310000,0,0,0,361000,51000,310000,310000
057713,美律統一99購01  ,0,0,0,0,0,0,0,0,0,310000,0,0,0,453000,143000,310000,310000
065727,冠德凱基9C購01  ,0,0,0,0,0,0,0,0,0,310000,0,0,0,327000,17000,310000,310000
06700P,臺股指統一99售05,0,0,0,0,0,0,0,0,0,310000,0,0,0,310000,0,310000,310000
060467,神基元大9A購01  ,0,0,0,0,0,0,0,0,0,309000,0,0,0,334000,25000,309000,309000
06690P,玉晶光群益9A售05,0,0,0,0,0,0,0,0,0,309000,0,0,0,424000,115000,309000,309000
066855,樺漢元大01購03  ,0,0,0,0,0,0,0,0,0,309000,0,0,0,1300000,991000,309000,309000
067875,百和元大01購01  ,0,0,0,0,0,0,0,0,0,308000,0,0,0,599000,291000,308000,308000
08961P,大毅凱基01售03  ,0,0,0,0,0,0,0,0,0,308000,0,0,0,550000,242000,308000,308000
062049,亞德客統一01購01,0,0,0,0,0,0,0,0,0,307000,0,0,0,318000,11000,307000,307000
064244,GIS統一02購01   ,0,0,0,0,0,0,0,0,0,307000,0,0,0,408000,101000,307000,307000
066658,卜蜂凱基01購01  ,0,0,0,0,0,0,0,0,0,307000,0,0,0,392000,85000,307000,307000
08362P,國巨凱基02售01  ,0,0,0,0,0,0,0,0,0,307000,0,0,0,403000,96000,307000,307000
068217,台達電統一03購01,0,0,0,0,0,0,0,0,0,306000,0,0,0,852000,546000,306000,306000
065733,茂林凱基9C購03  ,0,0,0,0,0,0,0,0,0,306000,0,0,0,386000,80000,306000,306000
068149,旺宏元大01購05  ,0,0,0,0,0,0,0,0,0,305000,0,0,0,305000,0,305000,305000
067909,玉晶光國泰03購02,0,0,0,0,0,0,0,0,0,305000,0,0,0,305000,0,305000,305000
064780,義隆群益9C購04  ,0,0,0,0,0,0,0,0,0,305000,0,0,0,395000,90000,305000,305000
057105,致茂群益9A購01  ,0,0,0,0,0,0,0,0,0,304000,0,0,0,304000,0,304000,304000
064109,上銀國票01購01  ,0,0,0,0,0,0,0,0,0,303000,0,0,0,303000,0,303000,303000
3032,偉訓            ,751000,454000,297000,0,0,0,0,0,0,6000,15000,9000,6000,0,0,0,303000
07069P,欣興元富99售02  ,0,0,0,0,0,0,0,0,0,302000,0,0,0,302000,0,302000,302000
057581,元大金中信9A購01,0,0,0,0,0,0,0,0,0,302000,0,0,0,362000,60000,302000,302000
062499,鴻海群益01購01  ,0,0,0,0,0,0,0,0,0,302000,0,0,0,317000,15000,302000,302000
1514,亞力            ,1856000,1554000,302000,0,0,0,0,0,0,0,0,0,0,0,0,0,302000
08379P,台積電國泰02售02,0,0,0,0,0,0,0,0,0,302000,0,0,0,302000,0,302000,302000
060329,鎧勝群益9B購01  ,0,0,0,0,0,0,0,0,0,301000,0,0,0,301000,0,301000,301000
06733P,鴻海凱基99售02  ,0,0,0,0,0,0,0,0,0,301000,0,0,0,301000,0,301000,301000
070035,聯詠國泰03購01  ,0,0,0,0,0,0,0,0,0,300000,0,0,0,300000,0,300000,300000
06970P,旺宏元大99售08  ,0,0,0,0,0,0,0,0,0,300000,0,0,0,300000,0,300000,300000
060279,SP黃豆元大9A購01,0,0,0,0,0,0,0,0,0,300000,0,0,0,300000,0,300000,300000
062571,臺指反群益9B購04,0,0,0,0,0,0,0,0,0,300000,0,0,0,300000,0,300000,300000
064624,群創元大02購01  ,0,0,0,0,0,0,0,0,0,300000,0,0,0,300000,0,300000,300000
067189,牧德凱基02購02  ,0,0,0,0,0,0,0,0,0,300000,0,0,0,300000,0,300000,300000
065534,台光電統一9C購02,0,0,0,0,0,0,0,0,0,300000,0,0,0,375000,75000,300000,300000
07707P,玉山金元大9A售03,0,0,0,0,0,0,0,0,0,300000,0,0,0,600000,300000,300000,300000
060123,光罩永豐99購02  ,0,0,0,0,0,0,0,0,0,299000,0,0,0,344000,45000,299000,299000
061168,力成兆豐9A購01  ,0,0,0,0,0,0,0,0,0,299000,0,0,0,309000,10000,299000,299000
063322,台郡群益9B購02  ,0,0,0,0,0,0,0,0,0,299000,0,0,0,365000,66000,299000,299000
06696P,台灣50國票99售01,0,0,0,0,0,0,0,0,0,299000,0,0,0,309000,10000,299000,299000
066562,上緯控元大01購01,0,0,0,0,0,0,0,0,0,299000,0,0,0,414000,115000,299000,299000
058477,億光凱基9A購01  ,0,0,0,0,0,0,0,0,0,298000,0,0,0,311000,13000,298000,298000
063883,超眾元富9C購02  ,0,0,0,0,0,0,0,0,0,298000,0,0,0,299000,1000,298000,298000
066115,美律兆豐02購01  ,3000,0,3000,0,0,0,0,0,0,295000,0,0,0,296000,1000,295000,298000
069247,美律凱基03購01  ,0,0,0,0,0,0,0,0,0,297000,0,0,0,322000,25000,297000,297000
060159,健和興永豐9A購01,0,0,0,0,0,0,0,0,0,297000,0,0,0,299000,2000,297000,297000
062207,牧德國票9B購02  ,0,0,0,0,0,0,0,0,0,297000,0,0,0,307000,10000,297000,297000
067234,正崴群益01購01  ,0,0,0,0,0,0,0,0,0,297000,0,0,0,297000,0,297000,297000
08045P,健策國票9B售01  ,0,0,0,0,0,0,0,0,0,297000,0,0,0,297000,0,297000,297000
068489,技嘉元大01購05  ,0,0,0,0,0,0,0,0,0,296000,0,0,0,501000,205000,296000,296000
03282P,京元電凱基02售01,20000,0,20000,0,0,0,0,0,0,276000,0,0,0,484000,208000,276000,296000
006206,元大上證50      ,367000,82000,285000,0,0,0,0,0,0,11000,0,440000,-440000,614000,163000,451000,296000
062238,臻鼎凱基9C購01  ,0,0,0,0,0,0,0,0,0,296000,0,0,0,303000,7000,296000,296000
064555,力山群益01購01  ,0,0,0,0,0,0,0,0,0,296000,0,0,0,652000,356000,296000,296000
067486,新日興元大01購03,0,0,0,0,0,0,0,0,0,296000,0,0,0,391000,95000,296000,296000
066955,新日興元大01購01,0,0,0,0,0,0,0,0,0,296000,0,0,0,504000,208000,296000,296000
060654,大毅群益9B購01  ,0,0,0,0,0,0,0,0,0,295000,0,0,0,300000,5000,295000,295000
063136,智邦統一9B購02  ,0,0,0,0,0,0,0,0,0,295000,0,0,0,517000,222000,295000,295000
067643,台郡統一03購01  ,0,0,0,0,0,0,0,0,0,294000,0,0,0,349000,55000,294000,294000
03225P,國巨凱基02售08  ,0,0,0,0,0,0,0,0,0,294000,0,0,0,341000,47000,294000,294000
08710P,鴻海元富07售03  ,0,0,0,0,0,0,0,0,0,293000,0,0,0,317000,24000,293000,293000
057796,鴻海兆豐99購03  ,0,0,0,0,0,0,0,0,0,292000,0,0,0,562000,270000,292000,292000
063341,燿華統一9C購01  ,0,0,0,0,0,0,0,0,0,291000,0,0,0,300000,9000,291000,291000
064650,台表科凱基03購01,0,0,0,0,0,0,0,0,0,291000,0,0,0,312000,21000,291000,291000
065651,中磊元大9C購01  ,0,0,0,0,0,0,0,0,0,291000,0,0,0,658000,367000,291000,291000
069034,美律統一04購01  ,0,0,0,0,0,0,0,0,0,290000,0,0,0,300000,10000,290000,290000
07130P,台郡元大9B售01  ,0,0,0,0,0,0,0,0,0,290000,0,0,0,300000,10000,290000,290000
064337,大毅元大01購02  ,0,0,0,0,0,0,0,0,0,290000,0,0,0,300000,10000,290000,290000
065229,友達凱基02購03  ,0,0,0,0,0,0,0,0,0,290000,0,0,0,585000,295000,290000,290000
066730,致茂元大01購01  ,0,0,0,0,0,0,0,0,0,290000,0,0,0,309000,19000,290000,290000
08319P,台積電統一9C售11,0,0,0,0,0,0,0,0,0,290000,0,0,0,330000,40000,290000,290000
069846,南電群益03購02  ,0,0,0,0,0,0,0,0,0,289000,0,0,0,480000,191000,289000,289000
066177,上緯控凱基01購01,0,0,0,0,0,0,0,0,0,289000,0,0,0,335000,46000,289000,289000
069638,百和元富03購01  ,0,0,0,0,0,0,0,0,0,288000,0,0,0,490000,202000,288000,288000
064057,緯穎統一02購01  ,0,0,0,0,0,0,0,0,0,288000,0,0,0,321000,33000,288000,288000
065834,億豐凱基03購01  ,0,0,0,0,0,0,0,0,0,288000,0,0,0,288000,0,288000,288000
068688,聚陽凱基02購03  ,0,0,0,0,0,0,0,0,0,287000,0,0,0,308000,21000,287000,287000
066289,晶碩元大02購01  ,0,0,0,0,0,0,0,0,0,287000,0,0,0,328000,41000,287000,287000
069090,長興統一02購01  ,0,0,0,0,0,0,0,0,0,286000,0,0,0,296000,10000,286000,286000
063551,美食國票9B購02  ,0,0,0,0,0,0,0,0,0,286000,0,0,0,286000,0,286000,286000
063996,貿聯群益9C購01  ,0,0,0,0,0,0,0,0,0,286000,0,0,0,400000,114000,286000,286000
08487P,同欣電群益01售01,0,0,0,0,0,0,0,0,0,286000,0,0,0,341000,55000,286000,286000
068092,聯發科群益01購10,0,0,0,0,0,0,0,0,0,285000,0,0,0,593000,308000,285000,285000
064427,喬山凱基01購01  ,0,0,0,0,0,0,0,0,0,285000,0,0,0,285000,0,285000,285000
064551,鈺齊凱基9C購02  ,0,0,0,0,0,0,0,0,0,285000,0,0,0,307000,22000,285000,285000
064680,創意兆豐01購01  ,0,0,0,0,0,0,0,0,0,285000,0,0,0,289000,4000,285000,285000
065761,中租元大9C購02  ,0,0,0,0,0,0,0,0,0,285000,0,0,0,290000,5000,285000,285000
08061P,大毅國票9B售04  ,0,0,0,0,0,0,0,0,0,285000,0,0,0,361000,76000,285000,285000
060402,神隆國泰9B購01  ,0,0,0,0,0,0,0,0,0,284000,0,0,0,308000,24000,284000,284000
061212,聯鈞元大9A購04  ,0,0,0,0,0,0,0,0,0,284000,0,0,0,300000,16000,284000,284000
066331,東森永豐01購01  ,0,0,0,0,0,0,0,0,0,284000,0,0,0,284000,0,284000,284000
08952P,台積電元富07售08,0,0,0,0,0,0,0,0,0,284000,0,0,0,304000,20000,284000,284000
056096,超眾元富9A購01  ,0,0,0,0,0,0,0,0,0,283000,0,0,0,295000,12000,283000,283000
5288,豐祥-KY         ,235000,117000,118000,0,0,0,165000,0,165000,0,0,0,0,0,0,0,283000
069096,瑞昱統一02購02  ,0,0,0,0,0,0,0,0,0,282000,0,0,0,371000,89000,282000,282000
068934,聯詠永豐02購01  ,0,0,0,0,0,0,0,0,0,282000,0,0,0,303000,21000,282000,282000
065719,T50反1兆豐9C購01,0,0,0,0,0,0,0,0,0,282000,0,0,0,382000,100000,282000,282000
08951P,臺股指國票01售08,0,0,0,0,0,0,0,0,0,282000,0,0,0,492000,210000,282000,282000
068952,瑞昱凱基03購01  ,0,0,0,0,0,0,0,0,0,281000,0,0,0,316000,35000,281000,281000
069129,國揚國泰03購01  ,0,0,0,0,0,0,0,0,0,281000,0,0,0,301000,20000,281000,281000
069781,志超元大02購01  ,0,0,0,0,0,0,0,0,0,281000,0,0,0,638000,357000,281000,281000
063515,香港2X凱基01購01,0,0,0,0,0,0,0,0,0,281000,0,0,0,400000,119000,281000,281000
2013,中鋼構          ,630000,339000,291000,0,0,0,0,0,0,-10000,0,10000,-10000,0,0,0,281000
069889,正隆元大02購01  ,0,0,0,0,0,0,0,0,0,280000,0,0,0,372000,92000,280000,280000
06766P,玉晶光元大99售10,0,0,0,0,0,0,0,0,0,280000,0,0,0,280000,0,280000,280000
067863,國巨元大02購05  ,0,0,0,0,0,0,0,0,0,280000,0,0,0,346000,66000,280000,280000
068334,玉晶光元大01購14,0,0,0,0,0,0,0,0,0,280000,0,0,0,325000,45000,280000,280000
057681,T50反1日盛9C購01,0,0,0,0,0,0,0,0,0,280000,0,0,0,280000,0,280000,280000
062392,國巨富邦02購01  ,0,0,0,0,0,0,0,0,0,279000,0,0,0,321000,42000,279000,279000
064513,T50反1群益9C購01,0,0,0,0,0,0,0,0,0,279000,0,0,0,887000,608000,279000,279000
066012,友訊元富01購01  ,0,0,0,0,0,0,0,0,0,279000,0,0,0,292000,13000,279000,279000
060259,潤泰全凱基9C購01,0,0,0,0,0,0,0,0,0,278000,0,0,0,360000,82000,278000,278000
08584P,立積群益9C售02  ,0,0,0,0,0,0,0,0,0,278000,0,0,0,1123000,845000,278000,278000
062124,大立光統一9B購09,0,0,0,0,0,0,0,0,0,277000,0,0,0,545000,268000,277000,277000
065395,致茂群益01購01  ,0,0,0,0,0,0,0,0,0,277000,0,0,0,355000,78000,277000,277000
08993P,彩晶元大01售02  ,0,0,0,0,0,0,0,0,0,277000,0,0,0,362000,85000,277000,277000
08256P,台積電元大9C售02,0,0,0,0,0,0,0,0,0,277000,0,0,0,300000,23000,277000,277000
1519,華城            ,2080000,1497000,583000,0,0,0,0,0,0,-306000,0,235000,-235000,0,71000,-71000,277000
00830,國泰費城半導體  ,41000,3000,38000,0,0,0,0,0,0,238000,0,0,0,367000,129000,238000,276000
066677,台泥兆豐03購01  ,0,0,0,0,0,0,0,0,0,276000,0,0,0,341000,65000,276000,276000
08389P,技嘉國票9C售01  ,0,0,0,0,0,0,0,0,0,276000,0,0,0,276000,0,276000,276000
061828,T50反1凱基02購01,0,0,0,0,0,0,0,0,0,275000,0,0,0,280000,5000,275000,275000
065705,嘉晶群益9C購05  ,0,0,0,0,0,0,0,0,0,275000,0,0,0,278000,3000,275000,275000
08211P,台表科元富9B售03,0,0,0,0,0,0,0,0,0,275000,0,0,0,672000,397000,275000,275000
070011,欣興元大02購18  ,0,0,0,0,0,0,0,0,0,274000,0,0,0,425000,151000,274000,274000
062621,緯穎元大9B購05  ,0,0,0,0,0,0,0,0,0,274000,0,0,0,274000,0,274000,274000
069099,欣興統一04購02  ,0,0,0,0,0,0,0,0,0,272000,0,0,0,708000,436000,272000,272000
068972,力山元大02購01  ,0,0,0,0,0,0,0,0,0,272000,0,0,0,292000,20000,272000,272000
063258,緯穎國泰9C購01  ,0,0,0,0,0,0,0,0,0,272000,0,0,0,292000,20000,272000,272000
063573,茂林元大9B購06  ,0,0,0,0,0,0,0,0,0,272000,0,0,0,464000,192000,272000,272000
08457P,大毅元大9C售03  ,0,0,0,0,0,0,0,0,0,272000,0,0,0,443000,171000,272000,272000
064736,超眾元富9C購04  ,0,0,0,0,0,0,0,0,0,271000,0,0,0,305000,34000,271000,271000
066661,友達凱基03購01  ,0,0,0,0,0,0,0,0,0,271000,0,0,0,401000,130000,271000,271000
066851,瀚宇博元大01購02,0,0,0,0,0,0,0,0,0,271000,0,0,0,412000,141000,271000,271000
07305P,T50正2群益99售02,0,0,0,0,0,0,0,0,0,270000,0,0,0,270000,0,270000,270000
063220,建準群益9B購01  ,0,0,0,0,0,0,0,0,0,270000,0,0,0,307000,37000,270000,270000
066663,達欣工凱基01購01,0,0,0,0,0,0,0,0,0,270000,0,0,0,300000,30000,270000,270000
066551,大立光元大01購07,0,0,0,0,0,0,0,0,0,270000,0,0,0,516000,246000,270000,270000
03005P,旭富群益01售05  ,0,0,0,0,0,0,0,0,0,269000,0,0,0,398000,129000,269000,269000
063354,茂林元富9B購02  ,0,0,0,0,0,0,0,0,0,269000,0,0,0,319000,50000,269000,269000
03322P,景碩凱基02售02  ,0,0,0,0,0,0,0,0,0,268000,0,0,0,568000,300000,268000,268000
066515,強茂永豐01購02  ,0,0,0,0,0,0,0,0,0,268000,0,0,0,348000,80000,268000,268000
067505,微星統一03購01  ,0,0,0,0,0,0,0,0,0,268000,0,0,0,307000,39000,268000,268000
08405P,聯發科元大9C售11,0,0,0,0,0,0,0,0,0,266000,0,0,0,449000,183000,266000,266000
08891P,國巨元大01售11  ,0,0,0,0,0,0,0,0,0,266000,0,0,0,364000,98000,266000,266000
066878,牧德富邦03購01  ,0,0,0,0,0,0,0,0,0,265000,0,0,0,265000,0,265000,265000
08437P,台郡群益9C售01  ,0,0,0,0,0,0,0,0,0,265000,0,0,0,325000,60000,265000,265000
07690P,華新科元大9A售15,0,0,0,0,0,0,0,0,0,265000,0,0,0,474000,209000,265000,265000
6196,帆宣            ,1444000,882000,562000,0,0,0,0,269000,-269000,-28000,0,4000,-4000,11000,35000,-24000,265000
066360,致茂中信05購01  ,0,0,0,0,0,0,0,0,0,264000,0,0,0,342000,78000,264000,264000
067243,華擎群益01購04  ,0,0,0,0,0,0,0,0,0,264000,0,0,0,264000,0,264000,264000
065013,矽創國泰02購01  ,0,0,0,0,0,0,0,0,0,264000,0,0,0,467000,203000,264000,264000
058222,玉晶光統一9B購01,0,0,0,0,0,0,0,0,0,263000,0,0,0,1843000,1580000,263000,263000
066260,聯強元大01購02  ,0,0,0,0,0,0,0,0,0,263000,0,0,0,318000,55000,263000,263000
03380P,欣興群益02售06  ,0,0,0,0,0,0,0,0,0,262000,0,0,0,454000,192000,262000,262000
063294,美律麥證9B購01  ,0,0,0,266000,4000,262000,0,0,0,262000,0,0,0,266000,4000,262000,262000
1731,美吾華          ,776000,514000,262000,0,0,0,0,0,0,0,0,0,0,0,0,0,262000
069492,欣興元大03購03  ,5000,0,5000,0,0,0,0,0,0,256000,0,0,0,553000,297000,256000,261000
053965,聯電元大98購04  ,0,0,0,0,0,0,0,0,0,261000,0,0,0,261000,0,261000,261000
03046P,緯穎國票03售01  ,0,0,0,0,0,0,0,0,0,261000,0,0,0,348000,87000,261000,261000
00737,國泰AI+Robo     ,0,2000,-2000,0,0,0,0,0,0,263000,0,0,0,379000,116000,263000,261000
060239,國揚元大9C購01  ,0,0,0,0,0,0,0,0,0,261000,0,0,0,261000,0,261000,261000
066950,義隆元大01購03  ,0,0,0,0,0,0,0,0,0,261000,0,0,0,524000,263000,261000,261000
069159,美律元大02購04  ,0,0,0,0,0,0,0,0,0,260000,0,0,0,310000,50000,260000,260000
067784,富邦金群益02購01,0,0,0,0,0,0,0,0,0,260000,0,0,0,360000,100000,260000,260000
062651,世紀鋼富邦9C購01,0,0,0,0,0,0,0,0,0,260000,0,0,0,410000,150000,260000,260000
067293,智伸科兆豐03購01,0,0,0,0,0,0,0,0,0,260000,0,0,0,262000,2000,260000,260000
063640,貿聯元大9B購03  ,0,0,0,0,0,0,0,0,0,259000,0,0,0,443000,184000,259000,259000
063981,貿聯兆豐9C購01  ,0,0,0,0,0,0,0,0,0,259000,0,0,0,311000,52000,259000,259000
057863,美律凱基9A購01  ,0,0,0,0,0,0,0,0,0,258000,0,0,0,269000,11000,258000,258000
063022,嘉晶元大9B購04  ,0,0,0,0,0,0,0,0,0,258000,0,0,0,298000,40000,258000,258000
063051,仁寶統一01購01  ,0,0,0,0,0,0,0,0,0,258000,0,0,0,268000,10000,258000,258000
067219,瑞儀元大01購01  ,0,0,0,0,0,0,0,0,0,258000,0,0,0,378000,120000,258000,258000
066252,南港元大01購02  ,0,0,0,0,0,0,0,0,0,258000,0,0,0,307000,49000,258000,258000
066178,拓凱凱基01購01  ,0,0,0,0,0,0,0,0,0,258000,0,0,0,258000,0,258000,258000
068187,南電群益01購02  ,0,0,0,0,0,0,0,0,0,257000,0,0,0,272000,15000,257000,257000
068911,聯發科群益02購09,0,0,0,0,0,0,0,0,0,257000,0,0,0,817000,560000,257000,257000
062545,嘉晶永豐9B購01  ,0,0,0,0,0,0,0,0,0,257000,0,0,0,273000,16000,257000,257000
065330,億豐凱基9C購03  ,0,0,0,0,0,0,0,0,0,257000,0,0,0,337000,80000,257000,257000
066540,景碩兆豐01購02  ,0,0,0,0,0,0,0,0,0,257000,0,0,0,381000,124000,257000,257000
067566,台積電康和01購01,0,0,0,0,0,0,0,0,0,257000,0,0,0,302000,45000,257000,257000
07961P,滬深2X中信01售02,0,0,0,0,0,0,0,0,0,257000,0,0,0,300000,43000,257000,257000
057925,貿聯凱基99購01  ,0,0,0,0,0,0,0,0,0,256000,0,0,0,256000,0,256000,256000
057592,美律兆豐99購01  ,0,0,0,0,0,0,0,0,0,256000,0,0,0,262000,6000,256000,256000
064357,中橡統一9C購01  ,0,0,0,0,0,0,0,0,0,256000,0,0,0,256000,0,256000,256000
066345,正文永豐01購01  ,0,0,0,0,0,0,0,0,0,256000,0,0,0,294000,38000,256000,256000
068794,欣興凱基02購04  ,0,0,0,0,0,0,0,0,0,255000,0,0,0,565000,310000,255000,255000
060719,瀚宇博永豐9A購01,0,0,0,0,0,0,0,0,0,255000,0,0,0,576000,321000,255000,255000
066163,友訊凱基01購01  ,0,0,0,0,0,0,0,0,0,255000,0,0,0,255000,0,255000,255000
068073,京城銀凱基01購01,0,0,0,0,0,0,0,0,0,254000,0,0,0,308000,54000,254000,254000
069797,奇鋐凱基04購01  ,0,0,0,0,0,0,0,0,0,254000,0,0,0,280000,26000,254000,254000
066265,精元元大01購01  ,0,0,0,0,0,0,0,0,0,254000,0,0,0,257000,3000,254000,254000
066931,友達國票02購01  ,0,0,0,0,0,0,0,0,0,254000,0,0,0,417000,163000,254000,254000
068880,茂林凱基03購02  ,0,0,0,0,0,0,0,0,0,253000,0,0,0,283000,30000,253000,253000
059772,可成群益9A購05  ,0,0,0,0,0,0,0,0,0,253000,0,0,0,253000,0,253000,253000
064561,友達群益9C購02  ,0,0,0,0,0,0,0,0,0,253000,0,0,0,275000,22000,253000,253000
063275,臺指反元大02購16,0,0,0,0,0,0,0,0,0,253000,0,0,0,253000,0,253000,253000
066098,華碩中信02購01  ,0,0,0,0,0,0,0,0,0,253000,0,0,0,279000,26000,253000,253000
062268,力山群益9B購01  ,0,0,0,0,0,0,0,0,0,252000,0,0,0,252000,0,252000,252000
061227,日月光中信9B購01,0,0,0,0,0,0,0,0,0,252000,0,0,0,359000,107000,252000,252000
067133,正崴永豐01購01  ,0,0,0,0,0,0,0,0,0,252000,0,0,0,252000,0,252000,252000
066301,大成永豐01購01  ,0,0,0,0,0,0,0,0,0,252000,0,0,0,256000,4000,252000,252000
064404,奇力新凱基02購01,0,0,0,0,0,0,0,0,0,251000,0,0,0,534000,283000,251000,251000
08893P,京元電元大01售06,0,0,0,0,0,0,0,0,0,251000,0,0,0,848000,597000,251000,251000
062983,緯穎元富9B購01  ,0,0,0,0,0,0,0,0,0,250000,0,0,0,255000,5000,250000,250000
066308,中化永豐01購01  ,0,0,0,0,0,0,0,0,0,250000,0,0,0,250000,0,250000,250000
066952,亞光元大01購03  ,0,0,0,0,0,0,0,0,0,250000,0,0,0,250000,0,250000,250000
067422,微星凱基02購03  ,0,0,0,0,0,0,0,0,0,250000,0,0,0,261000,11000,250000,250000
064767,宏全凱基9C購01  ,0,0,0,0,0,0,0,0,0,250000,0,0,0,500000,250000,250000,250000
07524P,臺股指中信9B售06,0,0,0,0,0,0,0,0,0,250000,0,0,0,250000,0,250000,250000
03199P,台積電統一01售16,0,0,0,0,0,0,0,0,0,249000,0,0,0,539000,290000,249000,249000
060417,正隆永豐9A購01  ,0,0,0,0,0,0,0,0,0,249000,0,0,0,270000,21000,249000,249000
059947,貿聯永豐99購03  ,0,0,0,0,0,0,0,0,0,249000,0,0,0,249000,0,249000,249000
062088,緯穎元大9B購04  ,0,0,0,0,0,0,0,0,0,249000,0,0,0,490000,241000,249000,249000
064881,聯茂兆豐01購02  ,0,0,0,0,0,0,0,0,0,249000,0,0,0,379000,130000,249000,249000
08821P,旺宏凱基01售01  ,0,0,0,0,0,0,0,0,0,249000,0,0,0,489000,240000,249000,249000
059067,上銀國票9A購02  ,0,0,0,0,0,0,0,0,0,248000,0,0,0,250000,2000,248000,248000
067216,健策元大01購09  ,0,0,0,0,0,0,0,0,0,248000,0,0,0,275000,27000,248000,248000
08815P,聯發科國泰03售03,0,0,0,0,0,0,0,0,0,248000,0,0,0,548000,300000,248000,248000
068942,美律日盛02購01  ,0,0,0,0,0,0,0,0,0,247000,0,0,0,248000,1000,247000,247000
069804,南電凱基02購06  ,0,0,0,0,0,0,0,0,0,247000,0,0,0,257000,10000,247000,247000
068665,聯電統一02購02  ,0,0,0,0,0,0,0,0,0,247000,0,0,0,492000,245000,247000,247000
064026,建準元大9C購02  ,0,0,0,0,0,0,0,0,0,247000,0,0,0,278000,31000,247000,247000
065349,玉晶光統一9C購05,0,0,0,0,0,0,0,0,0,247000,0,0,0,347000,100000,247000,247000
066133,京元電群益01購01,0,0,0,0,0,0,0,0,0,247000,0,0,0,348000,101000,247000,247000
066006,大立光統一01購07,0,0,0,0,0,0,0,0,0,247000,0,0,0,253000,6000,247000,247000
065856,中租元大9C購03  ,0,0,0,0,0,0,0,0,0,247000,0,0,0,247000,0,247000,247000
07944P,華新科元大9B售08,0,0,0,0,0,0,0,0,0,247000,0,0,0,247000,0,247000,247000
063862,世紀鋼國泰02購01,0,0,0,0,0,0,0,0,0,246000,0,0,0,355000,109000,246000,246000
062129,世紀鋼統一02購01,0,0,0,0,0,0,0,0,0,246000,0,0,0,307000,61000,246000,246000
065449,中租統一9C購01  ,0,0,0,0,0,0,0,0,0,245000,0,0,0,251000,6000,245000,245000
056764,友達元大9A購03  ,0,0,0,0,0,0,0,0,0,244000,0,0,0,246000,2000,244000,244000
064049,信邦統一01購01  ,0,0,0,0,0,0,0,0,0,244000,0,0,0,316000,72000,244000,244000
066044,京元電元大01購01,0,0,0,0,0,0,0,0,0,244000,0,0,0,360000,116000,244000,244000
069291,為升中信04購01  ,0,0,0,0,0,0,0,0,0,243000,0,0,0,329000,86000,243000,243000
066157,晶碩康和01購01  ,0,0,0,0,0,0,0,0,0,243000,0,0,0,281000,38000,243000,243000
07838P,泰碩元大9A售04  ,0,0,0,0,0,0,0,0,0,243000,0,0,0,267000,24000,243000,243000
067671,正崴元大01購01  ,0,0,0,0,0,0,0,0,0,242000,0,0,0,350000,108000,242000,242000
066877,奇鋐富邦03購01  ,0,0,0,0,0,0,0,0,0,242000,0,0,0,253000,11000,242000,242000
03476P,鴻海元富08售04  ,0,0,0,0,0,0,0,0,0,241000,0,0,0,249000,8000,241000,241000
066885,牧德永豐01購02  ,0,0,0,0,0,0,0,0,0,241000,0,0,0,241000,0,241000,241000
066595,敦泰群益01購01  ,0,0,0,0,0,0,0,0,0,241000,0,0,0,243000,2000,241000,241000
067067,國巨元大01購08  ,0,0,0,0,0,0,0,0,0,241000,0,0,0,827000,586000,241000,241000
07653P,華新科群益9A售05,0,0,0,0,0,0,0,0,0,241000,0,0,0,254000,13000,241000,241000
03154P,華新科群益01售07,0,0,0,0,0,0,0,0,0,240000,0,0,0,265000,25000,240000,240000
062800,奇力新統一01購02,0,0,0,0,0,0,0,0,0,240000,0,0,0,295000,55000,240000,240000
064278,高鐵元大9C購02  ,0,0,0,0,0,0,0,0,0,240000,0,0,0,250000,10000,240000,240000
062549,中租永豐9B購01  ,0,0,0,0,0,0,0,0,0,240000,0,0,0,334000,94000,240000,240000
067520,健策元富01購03  ,0,0,0,0,0,0,0,0,0,238000,0,0,0,284000,46000,238000,238000
066522,建準中信01購01  ,0,0,0,0,0,0,0,0,0,238000,0,0,0,256000,18000,238000,238000
066050,亞光元大01購01  ,0,0,0,0,0,0,0,0,0,238000,0,0,0,258000,20000,238000,238000
08066P,南亞科凱基9B售04,0,0,0,0,0,0,0,0,0,238000,0,0,0,238000,0,238000,238000
069366,百和永豐02購01  ,0,0,0,0,0,0,0,0,0,237000,0,0,0,260000,23000,237000,237000
059829,超眾凱基99購05  ,0,0,0,0,0,0,0,0,0,237000,0,0,0,237000,0,237000,237000
066096,友訊中信05購02  ,0,0,0,0,0,0,0,0,0,237000,0,0,0,282000,45000,237000,237000
08360P,國巨國泰02售01  ,0,0,0,0,0,0,0,0,0,237000,0,0,0,1593000,1356000,237000,237000
068792,潤泰全凱基02購01,0,0,0,0,0,0,0,0,0,236000,0,0,0,270000,34000,236000,236000
068817,聯發科元大02購05,0,0,0,0,0,0,0,0,0,236000,0,0,0,377000,141000,236000,236000
066054,創意元大01購02  ,0,0,0,0,0,0,0,0,0,236000,0,0,0,356000,120000,236000,236000
064914,友達統一02購03  ,0,0,0,0,0,0,0,0,0,236000,0,0,0,236000,0,236000,236000
08568P,臺股指富邦9C售05,0,0,0,0,0,0,0,0,0,236000,0,0,0,236000,0,236000,236000
8213,志超            ,2457608,2121000,336608,0,0,0,0,0,0,-101000,1000,4000,-3000,29000,127000,-98000,235608
069773,奇鋐元大03購01  ,0,0,0,0,0,0,0,0,0,235000,0,0,0,668000,433000,235000,235000
057585,鴻海國票99購05  ,0,0,0,0,0,0,0,0,0,235000,0,0,0,245000,10000,235000,235000
060562,旺宏富邦9C購02  ,0,0,0,0,0,0,0,0,0,235000,0,0,0,395000,160000,235000,235000
062684,華新科統一01購02,0,0,0,0,0,0,0,0,0,235000,0,0,0,250000,15000,235000,235000
066051,景碩元大01購01  ,0,0,0,0,0,0,0,0,0,235000,0,0,0,302000,67000,235000,235000
067235,正崴群益02購02  ,0,0,0,0,0,0,0,0,0,235000,0,0,0,266000,31000,235000,235000
067085,臻鼎元大01購02  ,0,0,0,0,0,0,0,0,0,235000,0,0,0,441000,206000,235000,235000
063570,嘉晶元大9C購02  ,0,0,0,0,0,0,0,0,0,234000,0,0,0,290000,56000,234000,234000
063655,華通元富9B購01  ,0,0,0,0,0,0,0,0,0,234000,0,0,0,434000,200000,234000,234000
068703,瑞昱國票03購01  ,0,0,0,0,0,0,0,0,0,233000,0,0,0,238000,5000,233000,233000
068585,美律台新01購02  ,0,0,0,0,0,0,0,0,0,233000,0,0,0,279000,46000,233000,233000
063544,華新科台新9B購02,0,0,0,0,0,0,0,0,0,233000,0,0,0,343000,110000,233000,233000
066524,創意統一02購03  ,0,0,0,0,0,0,0,0,0,233000,0,0,0,257000,24000,233000,233000
065193,和大元富03購02  ,0,0,0,0,0,0,0,0,0,233000,0,0,0,233000,0,233000,233000
069853,光磊永豐02購02  ,0,0,0,0,0,0,0,0,0,232000,0,0,0,242000,10000,232000,232000
066277,敦泰元大01購02  ,0,0,0,0,0,0,0,0,0,232000,0,0,0,311000,79000,232000,232000
066947,聯發科元大01購15,0,0,0,0,0,0,0,0,0,232000,0,0,0,1624000,1392000,232000,232000
068040,超眾元富04購01  ,0,0,0,0,0,0,0,0,0,231000,0,0,0,242000,11000,231000,231000
058178,國巨國泰9A購02  ,0,0,0,0,0,0,0,0,0,231000,0,0,0,261000,30000,231000,231000
058122,美律國票9A購01  ,0,0,0,0,0,0,0,0,0,231000,0,0,0,231000,0,231000,231000
059112,上銀永豐99購01  ,0,0,0,0,0,0,0,0,0,231000,0,0,0,250000,19000,231000,231000
056361,美律元大99購02  ,0,0,0,0,0,0,0,0,0,231000,0,0,0,231000,0,231000,231000
066251,川湖元大01購01  ,0,0,0,0,0,0,0,0,0,231000,0,0,0,531000,300000,231000,231000
6224,聚鼎            ,563000,300000,263000,0,0,0,0,0,0,-32000,0,32000,-32000,0,0,0,231000
3437,榮創            ,1364000,1123000,241000,0,0,0,0,0,0,-10000,0,10000,-10000,0,0,0,231000
068214,嘉基凱基02購01  ,0,0,0,0,0,0,0,0,0,230000,0,0,0,240000,10000,230000,230000
068524,友達元富07購01  ,0,0,0,0,0,0,0,0,0,230000,0,0,0,381000,151000,230000,230000
068464,聯詠富邦03購02  ,0,0,0,0,0,0,0,0,0,230000,0,0,0,232000,2000,230000,230000
059095,訊芯元大99購01  ,0,0,0,0,0,0,0,0,0,230000,0,0,0,230000,0,230000,230000
062401,信邦永豐9B購01  ,0,0,0,0,0,0,0,0,0,230000,0,0,0,316000,86000,230000,230000
065847,嘉晶元大9C購03  ,0,0,0,0,0,0,0,0,0,230000,0,0,0,247000,17000,230000,230000
08512P,玉晶光永豐9C售06,0,0,0,0,0,0,0,0,0,230000,0,0,0,330000,100000,230000,230000
067780,臺指反群益02購03,0,0,0,0,0,0,0,0,0,229000,0,0,0,229000,0,229000,229000
068953,奇鋐凱基02購01  ,0,0,0,0,0,0,0,0,0,229000,0,0,0,252000,23000,229000,229000
066678,台達電兆豐03購01,0,0,0,0,0,0,0,0,0,229000,0,0,0,300000,71000,229000,229000
08832P,台表科群益01售01,0,0,0,0,0,0,0,0,0,229000,0,0,0,239000,10000,229000,229000
3533,嘉澤            ,656000,380391,275609,0,0,0,0,35000,-35000,-12000,30000,24000,6000,2000,20000,-18000,228609
062132,神隆群益9B購01  ,0,0,0,0,0,0,0,0,0,228000,0,0,0,233000,5000,228000,228000
067268,日月光永豐01購01,0,0,0,0,0,0,0,0,0,228000,0,0,0,351000,123000,228000,228000
065782,健策富邦01購02  ,0,0,0,0,0,0,0,0,0,228000,0,0,0,667000,439000,228000,228000
065757,新日興元大9C購06,0,0,0,0,0,0,0,0,0,228000,0,0,0,260000,32000,228000,228000
064799,裕隆元大9C購02  ,0,0,0,0,0,0,0,0,0,228000,0,0,0,232000,4000,228000,228000
07317P,T50正2凱基9B售02,0,0,0,0,0,0,0,0,0,228000,0,0,0,260000,32000,228000,228000
069025,建準國票03購02  ,0,0,0,0,0,0,0,0,0,227000,0,0,0,261000,34000,227000,227000
064375,智邦元富03購01  ,0,0,0,0,0,0,0,0,0,227000,0,0,0,232000,5000,227000,227000
065941,超眾群益02購01  ,0,0,0,0,0,0,0,0,0,227000,0,0,0,282000,55000,227000,227000
066434,台虹元大01購01  ,0,0,0,0,0,0,0,0,0,227000,0,0,0,389000,162000,227000,227000
08199P,大毅元大9B售02  ,0,0,0,0,0,0,0,0,0,227000,0,0,0,524000,297000,227000,227000
08801P,聯發科元大01售13,0,20000,-20000,0,0,0,0,0,0,247000,0,0,0,298000,51000,247000,227000
08576P,嘉澤凱基9C售03  ,0,0,0,0,0,0,0,0,0,227000,0,0,0,425000,198000,227000,227000
08636P,華通國票01售03  ,0,0,0,0,0,0,0,0,0,227000,0,0,0,267000,40000,227000,227000
058537,彩晶統一9B購01  ,0,0,0,0,0,0,0,0,0,226000,0,0,0,380000,154000,226000,226000
00686R,群益臺灣加權反1 ,0,0,0,0,0,0,0,0,0,226000,0,0,0,620000,394000,226000,226000
063876,華新元富9C購01  ,0,0,0,0,0,0,0,0,0,226000,0,0,0,236000,10000,226000,226000
062016,美食永豐9B購01  ,0,0,0,0,0,0,0,0,0,226000,0,0,0,253000,27000,226000,226000
066080,台光電國泰03購01,0,0,0,0,0,0,0,0,0,226000,0,0,0,437000,211000,226000,226000
069316,康舒凱基02購01  ,0,0,0,0,0,0,0,0,0,225000,0,0,0,227000,2000,225000,225000
069559,美律麥證02購01  ,0,0,0,225000,0,225000,0,0,0,225000,0,0,0,225000,0,225000,225000
053361,友達元富99購01  ,0,0,0,0,0,0,0,0,0,225000,0,0,0,225000,0,225000,225000
060303,宏達電富邦9B購01,0,0,0,0,0,0,0,0,0,225000,0,0,0,235000,10000,225000,225000
2457,飛宏            ,1084000,878000,206000,0,0,0,0,0,0,19000,19000,0,19000,0,0,0,225000
03457P,欣興凱基02售08  ,0,0,0,0,0,0,0,0,0,224000,0,0,0,291000,67000,224000,224000
062986,T50反1中信02購01,0,0,0,0,0,0,0,0,0,224000,0,0,0,250000,26000,224000,224000
066820,南茂兆豐03購01  ,0,0,0,0,0,0,0,0,0,224000,0,0,0,524000,300000,224000,224000
07929P,旺宏統一9B售07  ,0,0,0,0,0,0,0,0,0,224000,0,0,0,230000,6000,224000,224000
068507,緯穎元大01購08  ,0,0,0,0,0,0,0,0,0,223000,0,0,0,233000,10000,223000,223000
068599,台積電凱基01購27,0,0,0,0,0,0,0,0,0,223000,0,0,0,223000,0,223000,223000
063482,緯穎元大9B購09  ,0,0,0,0,0,0,0,0,0,223000,0,0,0,273000,50000,223000,223000
065708,中磊群益9C購01  ,0,0,0,0,0,0,0,0,0,223000,0,0,0,282000,59000,223000,223000
065075,葡萄王元大01購01,0,0,0,0,0,0,0,0,0,223000,0,0,0,228000,5000,223000,223000
068062,瑞昱兆豐03購01  ,0,0,0,0,0,0,0,0,0,222000,0,0,0,276000,54000,222000,222000
069786,國產康和04購01  ,0,0,0,0,0,0,0,0,0,222000,0,0,0,351000,129000,222000,222000
064980,牧德元大01購01  ,0,0,0,0,0,0,0,0,0,222000,0,0,0,322000,100000,222000,222000
066156,建準康和01購01  ,0,0,0,0,0,0,0,0,0,222000,0,0,0,232000,10000,222000,222000
067424,美律凱基02購02  ,0,0,0,0,0,0,0,0,0,222000,0,0,0,252000,30000,222000,222000
07836P,大成鋼元大9A售01,0,0,0,0,0,0,0,0,0,222000,0,0,0,404000,182000,222000,222000
03559P,南電國泰02售03  ,0,0,0,0,0,0,0,0,0,221000,0,0,0,424000,203000,221000,221000
063291,緯穎元大01購01  ,0,0,0,0,0,0,0,0,0,221000,0,0,0,221000,0,221000,221000
066826,聯發科群益02購03,0,0,0,0,0,0,0,0,0,221000,0,0,0,283000,62000,221000,221000
066139,拓凱群益01購01  ,0,0,0,0,0,0,0,0,0,221000,0,0,0,231000,10000,221000,221000
08285P,國巨凱基9C售07  ,0,0,0,0,0,0,0,0,0,221000,0,0,0,221000,0,221000,221000
08179P,華新科元大9B售13,0,0,0,0,0,0,0,0,0,221000,0,0,0,330000,109000,221000,221000
069907,智易元大02購02  ,0,0,0,0,0,0,0,0,0,220000,0,0,0,220000,0,220000,220000
069313,中磊凱基02購01  ,0,0,0,0,0,0,0,0,0,220000,0,0,0,269000,49000,220000,220000
067832,鴻海統一02購04  ,0,0,0,0,0,0,0,0,0,220000,0,0,0,220000,0,220000,220000
06770P,台灣50第一9C售01,0,0,0,0,0,0,0,0,0,220000,0,0,0,251000,31000,220000,220000
068795,上緯控凱基02購02,0,0,0,0,0,0,0,0,0,220000,0,0,0,330000,110000,220000,220000
052748,群創元大9A購02  ,0,0,0,0,0,0,0,0,0,220000,0,0,0,220000,0,220000,220000
00668,國泰美國道瓊    ,3000,0,3000,0,0,0,0,0,0,217000,0,0,0,278000,61000,217000,220000
059530,華新科凱基9A購05,0,0,0,0,0,0,0,0,0,220000,0,0,0,220000,0,220000,220000
063345,嘉晶統一9C購02  ,0,0,0,0,0,0,0,0,0,220000,0,0,0,220000,0,220000,220000
063472,茂林元大9B購04  ,0,0,0,0,0,0,0,0,0,220000,0,0,0,288000,68000,220000,220000
061550,聯鈞群益9A購03  ,0,0,0,0,0,0,0,0,0,220000,0,0,0,234000,14000,220000,220000
064868,嘉晶永豐9C購02  ,0,0,0,0,0,0,0,0,0,220000,0,0,0,220000,0,220000,220000
066288,晶碩元大01購01  ,0,0,0,0,0,0,0,0,0,220000,0,0,0,284000,64000,220000,220000
067228,華新群益01購01  ,0,0,0,0,0,0,0,0,0,220000,0,0,0,220000,0,220000,220000
067308,欣興元大01購03  ,0,0,0,0,0,0,0,0,0,220000,0,0,0,233000,13000,220000,220000
067208,瑞昱元大01購03  ,0,0,0,0,0,0,0,0,0,220000,0,0,0,312000,92000,220000,220000
3030,德律            ,929000,658000,271000,0,0,0,0,0,0,-51000,27000,24000,3000,0,54000,-54000,220000
063500,嘉晶永豐9B購02  ,0,0,0,0,0,0,0,0,0,219000,0,0,0,219000,0,219000,219000
061492,超眾兆豐9B購01  ,0,0,0,0,0,0,0,0,0,219000,0,0,0,233000,14000,219000,219000
062527,美律統一01購01  ,0,0,0,0,0,0,0,0,0,219000,0,0,0,459000,240000,219000,219000
062487,中興電永豐9B購01,0,0,0,0,0,0,0,0,0,219000,0,0,0,219000,0,219000,219000
069339,群光群益02購02  ,0,0,0,0,0,0,0,0,0,218000,0,0,0,254000,36000,218000,218000
063559,力山元大9B購04  ,0,0,0,0,0,0,0,0,0,218000,0,0,0,252000,34000,218000,218000
065852,創意元大9C購06  ,0,0,0,0,0,0,0,0,0,218000,0,0,0,249000,31000,218000,218000
08194P,同欣電國票9C售03,0,0,0,0,0,0,0,0,0,217000,0,0,0,330000,113000,217000,217000
07878P,智邦群益9C售01  ,0,0,0,0,0,0,0,0,0,217000,0,0,0,217000,0,217000,217000
1215,卜蜂            ,391000,666000,-275000,0,0,0,430000,0,430000,62000,100000,0,100000,3000,41000,-38000,217000
069506,元大金永豐02購01,0,0,0,0,0,0,0,0,0,216000,0,0,0,216000,0,216000,216000
066142,超眾群益01購03  ,0,0,0,0,0,0,0,0,0,216000,0,0,0,216000,0,216000,216000
00665L,富邦恒生國企正2 ,27000,82000,-55000,0,0,0,0,0,0,270000,0,0,0,755000,485000,270000,215000
053584,友達元大9B購02  ,0,0,0,0,0,0,0,0,0,215000,0,0,0,215000,0,215000,215000
066117,茂林兆豐02購01  ,0,0,0,0,0,0,0,0,0,215000,0,0,0,879000,664000,215000,215000
067069,友訊元大01購03  ,0,0,0,0,0,0,0,0,0,215000,0,0,0,215000,0,215000,215000
067125,健策富邦03購01  ,0,0,0,0,0,0,0,0,0,215000,0,0,0,331000,116000,215000,215000
068318,中興電元大01購01,0,0,0,0,0,0,0,0,0,214000,0,0,0,289000,75000,214000,214000
03069P,大毅群益01售04  ,0,0,0,0,0,0,0,0,0,214000,0,0,0,224000,10000,214000,214000
066282,鎧勝元大01購01  ,0,0,0,0,0,0,0,0,0,214000,0,0,0,236000,22000,214000,214000
066284,松翰元大01購01  ,0,0,0,0,0,0,0,0,0,214000,0,0,0,220000,6000,214000,214000
07834P,聯詠群益9A售03  ,0,0,0,0,0,0,0,0,0,214000,0,0,0,235000,21000,214000,214000
063647,超眾元大9B購02  ,0,0,0,0,0,0,0,0,0,213000,0,0,0,226000,13000,213000,213000
063270,喬山兆豐9C購01  ,0,0,0,0,0,0,0,0,0,213000,0,0,0,218000,5000,213000,213000
064301,漢唐兆豐01購01  ,0,0,0,0,0,0,0,0,0,213000,0,0,0,374000,161000,213000,213000
066241,瑞祺富邦03購01  ,0,0,0,0,0,0,0,0,0,213000,0,0,0,250000,37000,213000,213000
066879,智伸科富邦03購01,0,0,0,0,0,0,0,0,0,213000,0,0,0,228000,15000,213000,213000
065145,貿聯凱基9C購02  ,0,0,0,0,0,0,0,0,0,213000,0,0,0,218000,5000,213000,213000
069085,日月光凱基03購01,0,0,0,0,0,0,0,0,0,212000,0,0,0,212000,0,212000,212000
069948,創意國泰03購01  ,0,0,0,0,0,0,0,0,0,212000,0,0,0,320000,108000,212000,212000
058221,上銀統一99購04  ,0,0,0,0,0,0,0,0,0,212000,0,0,0,212000,0,212000,212000
064778,美律群益9C購01  ,0,0,0,0,0,0,0,0,0,212000,0,0,0,306000,94000,212000,212000
08174P,國巨統一9B售17  ,0,0,0,0,0,0,0,0,0,212000,0,0,0,270000,58000,212000,212000
069001,為升兆豐03購02  ,0,0,0,0,0,0,0,0,0,211000,0,0,0,343000,132000,211000,211000
068600,台積電凱基03購06,0,0,0,0,0,0,0,0,0,211000,0,0,0,211000,0,211000,211000
066781,滬深2X中信04購01,0,0,0,0,0,0,0,0,0,211000,0,0,0,350000,139000,211000,211000
066684,T50反1元富07購01,0,0,0,0,0,0,0,0,0,211000,0,0,0,221000,10000,211000,211000
07963P,智邦統一9B售01  ,0,0,0,0,0,0,0,0,0,211000,0,0,0,241000,30000,211000,211000
067663,神隆元大01購03  ,0,0,0,0,0,0,0,0,0,210000,0,0,0,315000,105000,210000,210000
067827,富邦金兆豐03購01,0,0,0,0,0,0,0,0,0,210000,0,0,0,301000,91000,210000,210000
067739,微星元大01購07  ,0,0,0,0,0,0,0,0,0,210000,0,0,0,337000,127000,210000,210000
06891P,緯穎富邦99售03  ,0,0,0,0,0,0,0,0,0,210000,0,0,0,210000,0,210000,210000
07198P,臺股指元大99售14,0,0,0,0,0,0,0,0,0,210000,0,0,0,210000,0,210000,210000
060826,牧德元大9B購02  ,0,0,0,0,0,0,0,0,0,210000,0,0,0,210000,0,210000,210000
066600,瀚宇博國泰03購01,0,0,0,0,0,0,0,0,0,210000,0,0,0,211000,1000,210000,210000
07943P,瑞昱元大9B售02  ,0,0,0,0,0,0,0,0,0,210000,0,0,0,255000,45000,210000,210000
08112P,臺股指中信01售07,0,0,0,0,0,0,0,0,0,210000,0,0,0,339000,129000,210000,210000
08556P,臺股指中信01售08,0,0,0,0,0,0,0,0,0,210000,0,0,0,230000,20000,210000,210000
063225,茂林群益9B購04  ,0,0,0,0,0,0,0,0,0,209000,0,0,0,287000,78000,209000,209000
067111,聯詠群益01購03  ,0,0,0,0,0,0,0,0,0,209000,0,0,0,331000,122000,209000,209000
08135P,玉晶光國泰01售02,0,0,0,0,0,0,0,0,0,209000,0,0,0,239000,30000,209000,209000
07660P,聯茂凱基9A售03  ,0,0,0,0,0,0,0,0,0,209000,0,0,0,209000,0,209000,209000
2442,新美齊          ,287000,360000,-73000,0,0,0,0,0,0,282000,282000,0,282000,0,0,0,209000
1476,儒鴻            ,920248,658000,262248,0,0,0,1000,0,1000,-55000,12000,33000,-21000,3000,37000,-34000,208248
069570,奇鋐凱基02購03  ,0,0,0,0,0,0,0,0,0,208000,0,0,0,320000,112000,208000,208000
068810,T50反1元大02購02,0,0,0,0,0,0,0,0,0,208000,0,0,0,546000,338000,208000,208000
063426,茂林凱基9B購03  ,0,0,0,0,0,0,0,0,0,208000,0,0,0,208000,0,208000,208000
064576,世紀鋼群益01購01,0,0,0,0,0,0,0,0,0,208000,0,0,0,222000,14000,208000,208000
03017P,深中小群益01售02,0,0,0,0,0,0,0,0,0,207000,0,0,0,805000,598000,207000,207000
062851,建準永豐9B購02  ,0,0,0,0,0,0,0,0,0,207000,0,0,0,277000,70000,207000,207000
067086,中磊元大01購01  ,0,0,0,0,0,0,0,0,0,207000,0,0,0,215000,8000,207000,207000
067097,為升群益01購01  ,0,0,0,0,0,0,0,0,0,207000,0,0,0,360000,153000,207000,207000
065445,台光電統一01購05,0,0,0,0,0,0,0,0,0,207000,0,0,0,247000,40000,207000,207000
08309P,GIS凱基9C售01   ,0,0,0,0,0,0,0,0,0,207000,0,0,0,283000,76000,207000,207000
03165P,台表科元大01售06,0,0,0,0,0,0,0,0,0,206000,0,0,0,218000,12000,206000,206000
068179,致茂群益02購01  ,0,0,0,0,0,0,0,0,0,205000,0,0,0,231000,26000,205000,205000
068171,T50反1中信05購02,0,0,0,0,0,0,0,0,0,205000,0,0,0,205000,0,205000,205000
069555,南電元大02購08  ,0,0,0,0,0,0,0,0,0,205000,0,0,0,210000,5000,205000,205000
063578,瑞祺元大9B購03  ,0,0,0,0,0,0,0,0,0,205000,0,0,0,420000,215000,205000,205000
063814,嘉晶群益9C購01  ,0,0,0,0,0,0,0,0,0,205000,0,0,0,210000,5000,205000,205000
065382,緯穎元大9C購04  ,0,0,0,0,0,0,0,0,0,205000,0,0,0,205000,0,205000,205000
066638,聚碩凱基01購01  ,0,0,0,0,0,0,0,0,0,205000,0,0,0,205000,0,205000,205000
08181P,華新科國泰9C售02,0,0,0,0,0,0,0,0,0,205000,0,0,0,1365000,1160000,205000,205000
08062P,華擎國票9B售03  ,0,0,0,0,0,0,0,0,0,205000,0,0,0,205000,0,205000,205000
08617P,緯創元富9C售03  ,0,0,0,0,0,0,0,0,0,205000,0,0,0,342000,137000,205000,205000
063959,GIS元大9C購02   ,0,0,0,0,0,0,0,0,0,204000,0,0,0,332000,128000,204000,204000
067450,聯發科國票02購01,0,0,0,0,0,0,0,0,0,204000,0,0,0,204000,0,204000,204000
066192,嘉基凱基01購01  ,0,0,0,0,0,0,0,0,0,204000,0,0,0,211000,7000,204000,204000
07133P,臺股指元大9A售27,0,0,0,0,0,0,0,0,0,203000,0,0,0,733000,530000,203000,203000
059029,旺宏兆豐99購01  ,0,0,0,0,0,0,0,0,0,203000,0,0,0,203000,0,203000,203000
060229,楠梓電元大9C購01,0,0,0,0,0,0,0,0,0,203000,0,0,0,245000,42000,203000,203000
060416,神隆永豐9A購01  ,0,0,0,0,0,0,0,0,0,203000,0,0,0,213000,10000,203000,203000
065827,正崴凱基9C購01  ,0,0,0,0,0,0,0,0,0,203000,0,0,0,205000,2000,203000,203000
065219,緯穎國泰01購01  ,0,0,0,0,0,0,0,0,0,203000,0,0,0,268000,65000,203000,203000
064783,貿聯群益9C購03  ,0,0,0,0,0,0,0,0,0,203000,0,0,0,207000,4000,203000,203000
064925,和碩統一02購01  ,0,0,0,0,0,0,0,0,0,203000,0,0,0,256000,53000,203000,203000
066555,聯詠元大01購01  ,0,0,0,0,0,0,0,0,0,203000,0,0,0,252000,49000,203000,203000
069863,志超永豐02購01  ,0,0,0,0,0,0,0,0,0,202000,0,0,0,352000,150000,202000,202000
061876,明泰元大9B購01  ,0,0,0,0,0,0,0,0,0,202000,0,0,0,270000,68000,202000,202000
00757,統一FANG+       ,1000,0,1000,0,0,0,0,0,0,201000,0,0,0,415000,214000,201000,202000
03001P,玉晶光群益02售17,0,0,0,0,0,0,0,0,0,202000,0,0,0,305000,103000,202000,202000
061587,美律富邦9A購02  ,0,0,0,0,0,0,0,0,0,202000,0,0,0,207000,5000,202000,202000
067391,健策元富01購02  ,0,0,0,0,0,0,0,0,0,202000,0,0,0,364000,162000,202000,202000
069639,金像電台新02購01,0,0,0,0,0,0,0,0,0,201000,0,0,0,223000,22000,201000,201000
07048P,台積電中信03售01,0,0,0,0,0,0,0,0,0,201000,0,0,0,201000,0,201000,201000
068748,可成群益03購01  ,0,0,0,0,0,0,0,0,0,201000,0,0,0,217000,16000,201000,201000
057404,貿聯群益99購01  ,0,0,0,0,0,0,0,0,0,201000,0,0,0,216000,15000,201000,201000
061379,鈺齊永豐9A購02  ,0,0,0,0,0,0,0,0,0,201000,0,0,0,218000,17000,201000,201000
067451,嘉晶國票02購01  ,0,0,0,0,0,0,0,0,0,201000,0,0,0,203000,2000,201000,201000
066994,聯發科國泰03購02,0,10000,-10000,0,0,0,0,0,0,211000,0,0,0,800000,589000,211000,201000
065380,緯穎元大9C購02  ,0,0,0,0,0,0,0,0,0,201000,0,0,0,231000,30000,201000,201000
066075,景碩凱基02購01  ,0,0,0,0,0,0,0,0,0,201000,0,0,0,266000,65000,201000,201000
066013,友訊元富01購02  ,0,0,0,0,0,0,0,0,0,201000,0,0,0,221000,20000,201000,201000
07994P,臺股指群益9B售04,0,0,0,0,0,0,0,0,0,201000,0,0,0,201000,0,201000,201000
07824P,國巨元大9A售24  ,0,0,0,0,0,0,0,0,0,201000,0,0,0,201000,0,201000,201000
068873,光寶科凱基03購01,0,0,0,0,0,0,0,0,0,200000,0,0,0,200000,0,200000,200000
068625,信邦群益02購02  ,0,0,0,0,0,0,0,0,0,200000,0,0,0,200000,0,200000,200000
069736,深中小國泰03購01,0,0,0,0,0,0,0,0,0,200000,0,0,0,200000,0,200000,200000
068893,友達元大04購01  ,0,0,0,0,0,0,0,0,0,200000,0,0,0,203000,3000,200000,200000
069416,景碩統一04購01  ,0,0,0,0,0,0,0,0,0,200000,0,0,0,212000,12000,200000,200000
059958,鎧勝康和99購01  ,0,0,0,0,0,0,0,0,0,200000,0,0,0,200000,0,200000,200000
058977,SGBR2X凱基03購01,0,0,0,0,0,0,0,0,0,200000,0,0,0,200000,0,200000,200000
053194,緯穎統一99購01  ,0,0,0,0,0,0,0,0,0,200000,0,0,0,200000,0,200000,200000
047504,滬深2X國票9A購01,0,0,0,0,0,0,0,0,0,200000,0,0,0,200000,0,200000,200000
049593,群創元大9A購01  ,0,0,0,0,0,0,0,0,0,200000,0,0,0,200000,0,200000,200000
058293,光寶科凱基9A購01,0,0,0,0,0,0,0,0,0,200000,0,0,0,210000,10000,200000,200000
063983,麗豐兆豐9C購01  ,0,0,0,0,0,0,0,0,0,200000,0,0,0,400000,200000,200000,200000
065661,智原永豐9C購01  ,0,0,0,0,0,0,0,0,0,200000,0,0,0,200000,0,200000,200000
065591,道瓊反元大9C購05,0,0,0,0,0,0,0,0,0,200000,0,0,0,200000,0,200000,200000
065435,臻鼎凱基02購01  ,0,0,0,0,0,0,0,0,0,200000,0,0,0,220000,20000,200000,200000
064945,中橡凱基9C購01  ,0,0,0,0,0,0,0,0,0,200000,0,0,0,200000,0,200000,200000
065006,景碩國票01購01  ,0,0,0,0,0,0,0,0,0,200000,0,0,0,279000,79000,200000,200000
067075,亞光元大01購04  ,0,0,0,0,0,0,0,0,0,200000,0,0,0,200000,0,200000,200000
067483,禾伸堂元大01購02,0,0,0,0,0,0,0,0,0,200000,0,0,0,240000,40000,200000,200000
066285,松翰元大01購02  ,0,0,0,0,0,0,0,0,0,200000,0,0,0,230000,30000,200000,200000
07474P,滬深2X群益9C售03,0,0,0,0,0,0,0,0,0,200000,0,0,0,200000,0,200000,200000
08517P,奇力新群益9C售03,0,0,0,0,0,0,0,0,0,200000,0,0,0,350000,150000,200000,200000
061716,瑞儀凱基9B購01  ,0,0,0,0,0,0,0,0,0,199000,0,0,0,200000,1000,199000,199000
062877,可成兆豐9C購01  ,0,0,0,0,0,0,0,0,0,199000,0,0,0,203000,4000,199000,199000
064314,信邦群益9C購01  ,0,0,0,0,0,0,0,0,0,199000,0,0,0,199000,0,199000,199000
069148,牧德永豐02購02  ,0,0,0,0,0,0,0,0,0,198000,0,0,0,200000,2000,198000,198000
060815,茂林凱基9B購01  ,0,0,0,0,0,0,0,0,0,198000,0,0,0,287000,89000,198000,198000
063228,聯茂群益9B購01  ,0,0,0,0,0,0,0,0,0,198000,0,0,0,206000,8000,198000,198000
065791,牧德永豐9C購03  ,0,0,0,0,0,0,0,0,0,198000,0,0,0,205000,7000,198000,198000
065777,正崴國泰03購01  ,0,0,0,0,0,0,0,0,0,198000,0,0,0,198000,0,198000,198000
066155,華碩康和01購01  ,0,0,0,0,0,0,0,0,0,198000,0,0,0,203000,5000,198000,198000
07919P,創意永豐9B售01  ,0,0,0,0,0,0,0,0,0,198000,0,0,0,218000,20000,198000,198000
069582,金像電永豐02購02,0,0,0,0,0,0,0,0,0,197000,0,0,0,278000,81000,197000,197000
063251,同欣電元大9B購04,0,0,0,0,0,0,0,0,0,197000,0,0,0,437000,240000,197000,197000
063029,喬山凱基9B購01  ,0,0,0,0,0,0,0,0,0,197000,0,0,0,197000,0,197000,197000
067082,健策元大01購07  ,0,0,0,0,0,0,0,0,0,197000,0,0,0,378000,181000,197000,197000
046949,群創元大99購01  ,0,0,0,0,0,0,0,0,0,196000,0,0,0,298000,102000,196000,196000
054371,台積電中信9C購01,0,0,0,0,0,0,0,0,0,196000,0,0,0,196000,0,196000,196000
063668,奇力新統一01購03,0,0,0,0,0,0,0,0,0,196000,0,0,0,213000,17000,196000,196000
07546P,玉晶光凱基9A售09,0,0,0,0,0,0,0,0,0,196000,0,0,0,216000,20000,196000,196000
6197,佳必琪          ,705000,510000,195000,0,0,0,0,0,0,1000,2000,1000,1000,0,0,0,196000
069329,世紀鋼兆豐04購01,0,0,0,0,0,0,0,0,0,195000,0,0,0,223000,28000,195000,195000
068306,建準國票03購01  ,0,0,0,0,0,0,0,0,0,195000,0,0,0,200000,5000,195000,195000
067946,聯發科國泰03購04,0,0,0,0,0,0,0,0,0,195000,0,0,0,711000,516000,195000,195000
056395,玉晶光永豐9B購01,0,0,0,0,0,0,0,0,0,195000,0,0,0,269000,74000,195000,195000
066279,拓凱元大01購01  ,0,0,0,0,0,0,0,0,0,195000,0,0,0,200000,5000,195000,195000
066664,嘉晶凱基02購01  ,0,0,0,0,0,0,0,0,0,195000,0,0,0,195000,0,195000,195000
064904,茂林群益9C購02  ,0,0,0,0,0,0,0,0,0,195000,0,0,0,195000,0,195000,195000
6214,精誠            ,531000,340000,191000,0,0,0,3000,0,3000,1000,4000,3000,1000,0,0,0,195000
2388,威盛            ,457000,262000,195000,0,0,0,0,0,0,0,0,0,0,0,0,0,195000
07853P,國巨凱基9A售19  ,0,0,0,0,0,0,0,0,0,195000,0,0,0,200000,5000,195000,195000
060156,光磊永豐9A購01  ,0,0,0,0,0,0,0,0,0,194000,0,0,0,400000,206000,194000,194000
064601,嘉晶元富9C購03  ,0,0,0,0,0,0,0,0,0,194000,0,0,0,194000,0,194000,194000
064781,嘉晶群益9C購04  ,0,0,0,0,0,0,0,0,0,194000,0,0,0,249000,55000,194000,194000
066594,聯詠群益01購01  ,0,0,0,0,0,0,0,0,0,194000,0,0,0,197000,3000,194000,194000
08176P,國巨元大9B售20  ,0,0,0,0,0,0,0,0,0,194000,0,0,0,197000,3000,194000,194000
08516P,技嘉群益01售02  ,0,0,0,0,0,0,0,0,0,194000,0,0,0,194000,0,194000,194000
6415,矽力-KY         ,890060,655160,234900,0,0,0,0,35000,-35000,-6000,0,5000,-5000,1000,2000,-1000,193900
068491,美律元大01購06  ,0,0,0,0,0,0,0,0,0,193000,0,0,0,246000,53000,193000,193000
06953P,景碩統一9A售01  ,0,0,0,0,0,0,0,0,0,193000,0,0,0,193000,0,193000,193000
059996,美律元富99購01  ,0,0,0,0,0,0,0,0,0,193000,0,0,0,193000,0,193000,193000
03399P,欣興中信02售03  ,0,0,0,0,0,0,0,0,0,193000,0,0,0,216000,23000,193000,193000
066949,聯發科元大01購17,0,0,0,0,0,0,0,0,0,193000,0,0,0,2701000,2508000,193000,193000
065557,中磊凱基9C購01  ,0,0,0,0,0,0,0,0,0,193000,0,0,0,249000,56000,193000,193000
4912,聯德控股-KY     ,410000,189000,221000,0,0,0,0,0,0,-28000,22000,50000,-28000,0,0,0,193000
07292P,臺股指凱基99售44,0,0,0,0,0,0,0,0,0,192000,0,0,0,192000,0,192000,192000
068749,聯詠群益02購01  ,0,0,0,0,0,0,0,0,0,192000,0,0,0,192000,0,192000,192000
068731,健策元大03購01  ,0,0,0,0,0,0,0,0,0,192000,0,0,0,221000,29000,192000,192000
068077,晶技凱基02購01  ,0,0,0,0,0,0,0,0,0,192000,0,0,0,234000,42000,192000,192000
060513,緯穎元大9B購01  ,0,0,0,0,0,0,0,0,0,192000,0,0,0,293000,101000,192000,192000
066047,嘉晶元大01購04  ,0,0,0,0,0,0,0,0,0,192000,0,0,0,197000,5000,192000,192000
067624,微星富邦04購01  ,0,0,0,0,0,0,0,0,0,191000,0,0,0,240000,49000,191000,191000
069562,健策康和02購01  ,0,0,0,0,0,0,0,0,0,191000,0,0,0,279000,88000,191000,191000
058495,元大金群益9B購01,0,0,0,0,0,0,0,0,0,191000,0,0,0,209000,18000,191000,191000
07319P,台積電凱基01售02,0,0,0,0,0,0,0,0,0,191000,0,0,0,220000,29000,191000,191000
069807,金像電國票03購02,0,0,0,0,0,0,0,0,0,190000,0,0,0,204000,14000,190000,190000
056188,晶相光統一99購01,0,0,0,0,0,0,0,0,0,190000,0,0,0,190000,0,190000,190000
060777,茂林凱基9C購01  ,0,0,0,0,0,0,0,0,0,190000,0,0,0,190000,0,190000,190000
066691,京元電台新01購01,0,0,0,0,0,0,0,0,0,190000,0,0,0,362000,172000,190000,190000
066405,晶碩凱基01購01  ,0,0,0,0,0,0,0,0,0,190000,0,0,0,190000,0,190000,190000
08422P,玉晶光群益02售03,0,0,0,0,0,0,0,0,0,190000,0,0,0,210000,20000,190000,190000
2439,美律            ,1672532,1327000,345532,0,0,0,3000,0,3000,-159000,381000,398000,-17000,203000,345000,-142000,189532
069919,奇鋐凱基04購02  ,0,0,0,0,0,0,0,0,0,189000,0,0,0,450000,261000,189000,189000
067952,台光電永豐01購01,0,0,0,0,0,0,0,0,0,189000,0,0,0,198000,9000,189000,189000
065165,上銀元大9C購09  ,0,1000,-1000,0,0,0,0,0,0,190000,0,0,0,333000,143000,190000,189000
08095P,大立光元富9B售03,0,0,0,0,0,0,0,0,0,189000,0,0,0,486000,297000,189000,189000
068791,元大金凱基02購01,0,0,0,0,0,0,0,0,0,188000,0,0,0,210000,22000,188000,188000
063688,建準永豐9B購03  ,0,67000,-67000,0,0,0,0,0,0,255000,0,0,0,499000,244000,255000,188000
061669,崇越中信9A購01  ,0,0,0,0,0,0,0,0,0,188000,0,0,0,207000,19000,188000,188000
063398,信邦群益9B購02  ,0,0,0,0,0,0,0,0,0,188000,0,0,0,203000,15000,188000,188000
1210,大成            ,1354000,1070000,284000,0,0,0,0,0,0,-96000,2000,47000,-45000,0,51000,-51000,188000
068000,聯詠元大01購09  ,0,0,0,0,0,0,0,0,0,187000,0,0,0,374000,187000,187000,187000
065570,台光電群益01購01,0,0,0,0,0,0,0,0,0,187000,0,0,0,206000,19000,187000,187000
068490,台光電元大01購06,0,0,0,0,0,0,0,0,0,186000,0,0,0,188000,2000,186000,186000
069906,智易元大02購01  ,0,0,0,0,0,0,0,0,0,186000,0,0,0,207000,21000,186000,186000
069441,力山元富08購01  ,0,0,0,0,0,0,0,0,0,186000,0,0,0,186000,0,186000,186000
069177,南電元大03購01  ,0,0,0,0,0,0,0,0,0,186000,0,0,0,332000,146000,186000,186000
03316P,欣興群益02售02  ,0,0,0,0,0,0,0,0,0,186000,0,0,0,304000,118000,186000,186000
067152,義隆統一02購03  ,0,0,0,0,0,0,0,0,0,186000,0,0,0,219000,33000,186000,186000
069699,華碩元富02購01  ,0,0,0,0,0,0,0,0,0,185000,0,0,0,185000,0,185000,185000
068855,南港元富03購01  ,0,0,0,0,0,0,0,0,0,185000,0,0,0,191000,6000,185000,185000
060979,國巨元大9A購14  ,0,0,0,0,0,0,0,0,0,185000,0,0,0,190000,5000,185000,185000
064648,臻鼎凱基9C購02  ,0,0,0,0,0,0,0,0,0,185000,0,0,0,196000,11000,185000,185000
066452,晶碩群益01購01  ,0,0,0,0,0,0,0,0,0,185000,0,0,0,185000,0,185000,185000
064784,祥碩群益9C購01  ,0,0,0,0,0,0,0,0,0,185000,0,0,0,473000,288000,185000,185000
08054P,臺股指國票9B售19,0,0,0,0,0,0,0,0,0,185000,0,0,0,230000,45000,185000,185000
067639,奇力新統一01購06,0,0,0,0,0,0,0,0,0,184000,0,0,0,304000,120000,184000,184000
069424,瑞昱台新02購01  ,0,0,0,0,0,0,0,0,0,184000,0,0,0,187000,3000,184000,184000
064412,緯穎凱基01購01  ,0,0,0,0,0,0,0,0,0,184000,0,0,0,244000,60000,184000,184000
064827,友達統一02購02  ,0,0,0,0,0,0,0,0,0,184000,0,0,0,184000,0,184000,184000
066196,南港統一03購01  ,0,0,0,0,0,0,0,0,0,184000,0,0,0,250000,66000,184000,184000
066322,群光永豐01購01  ,0,0,0,0,0,0,0,0,0,184000,0,0,0,264000,80000,184000,184000
08134P,臺股指元大9B售40,0,0,0,0,0,0,0,0,0,184000,0,0,0,190000,6000,184000,184000
069150,南電永豐02購01  ,0,0,0,0,0,0,0,0,0,183000,0,0,0,430000,247000,183000,183000
069683,奇力新元大02購02,0,0,0,0,0,0,0,0,0,183000,0,0,0,238000,55000,183000,183000
069954,欣興永豐03購01  ,0,0,0,0,0,0,0,0,0,183000,0,0,0,207000,24000,183000,183000
057876,隆達元大98購01  ,0,0,0,0,0,0,0,0,0,183000,0,0,0,215000,32000,183000,183000
056829,台積電富邦9A購01,0,0,0,0,0,0,0,0,0,183000,0,0,0,183000,0,183000,183000
064603,和碩元富9C購01  ,0,0,0,0,0,0,0,0,0,183000,0,0,0,223000,40000,183000,183000
061819,茂林群益9B購01  ,0,0,0,0,0,0,0,0,0,183000,0,0,0,276000,93000,183000,183000
08596P,聯發科國泰02售02,0,0,0,0,0,0,0,0,0,183000,0,0,0,303000,120000,183000,183000
064211,友達凱基02購01  ,0,0,0,0,0,0,0,0,0,182000,0,0,0,208000,26000,182000,182000
064354,同欣電元大9C購05,0,0,0,0,0,0,0,0,0,182000,0,0,0,183000,1000,182000,182000
067417,力山凱基02購01  ,0,0,0,0,0,0,0,0,0,182000,0,0,0,182000,0,182000,182000
067300,金像電元大02購02,0,0,0,0,0,0,0,0,0,182000,0,0,0,254000,72000,182000,182000
069803,晶碩凱基02購01  ,0,0,0,0,0,0,0,0,0,181000,0,0,0,211000,30000,181000,181000
062156,美律凱基9B購01  ,0,0,0,0,0,0,0,0,0,181000,0,0,0,183000,2000,181000,181000
064241,貿聯統一02購02  ,0,0,0,0,0,0,0,0,0,181000,0,0,0,183000,2000,181000,181000
069814,聯詠國票03購03  ,0,0,0,0,0,0,0,0,0,180000,0,0,0,200000,20000,180000,180000
069916,光磊凱基02購01  ,0,0,0,0,0,0,0,0,0,180000,0,0,0,255000,75000,180000,180000
061496,華新科國票9A購07,0,0,0,0,0,0,0,0,0,180000,0,0,0,190000,10000,180000,180000
062167,燿華永豐9B購01  ,0,0,0,0,0,0,0,0,0,180000,0,0,0,200000,20000,180000,180000
067419,鴻海凱基02購06  ,0,0,0,0,0,0,0,0,0,180000,0,0,0,180000,0,180000,180000
068985,瑞儀元大02購04  ,0,0,0,0,0,0,0,0,0,179000,0,0,0,226000,47000,179000,179000
069327,樺漢兆豐03購01  ,0,0,0,0,0,0,0,0,0,179000,0,0,0,186000,7000,179000,179000
067685,瀚宇博元大01購03,0,0,0,0,0,0,0,0,0,179000,0,0,0,213000,34000,179000,179000
067791,康舒群益01購01  ,0,0,0,0,0,0,0,0,0,179000,0,0,0,212000,33000,179000,179000
063446,台光電統一01購02,0,0,0,0,0,0,0,0,0,179000,0,0,0,409000,230000,179000,179000
066259,聯強元大01購01  ,0,0,0,0,0,0,0,0,0,179000,0,0,0,271000,92000,179000,179000
066671,TPK凱基02購02   ,0,0,0,0,0,0,0,0,0,179000,0,0,0,194000,15000,179000,179000
08642P,華新科群益9C售06,0,0,0,0,0,0,0,0,0,179000,0,0,0,391000,212000,179000,179000
07689P,旺宏元大9A售13  ,0,0,0,0,0,0,0,0,0,179000,0,0,0,305000,126000,179000,179000
067948,群創國泰03購01  ,0,0,0,0,0,0,0,0,0,178000,0,0,0,196000,18000,178000,178000
068823,景碩元大02購02  ,0,0,0,0,0,0,0,0,0,178000,0,0,0,222000,44000,178000,178000
063067,緯穎麥證9B購01  ,0,0,0,178000,0,178000,0,0,0,178000,0,0,0,178000,0,178000,178000
064373,和大元富03購01  ,0,0,0,0,0,0,0,0,0,178000,0,0,0,205000,27000,178000,178000
062350,台表科群益9B購01,0,0,0,0,0,0,0,0,0,178000,0,0,0,178000,0,178000,178000
066410,潤泰新凱基01購01,0,0,0,0,0,0,0,0,0,178000,0,0,0,208000,30000,178000,178000
065088,可成元大9C購09  ,0,0,0,0,0,0,0,0,0,178000,0,0,0,183000,5000,178000,178000
08441P,同欣電元富9C售01,0,0,0,0,0,0,0,0,0,178000,0,0,0,363000,185000,178000,178000
069205,友達元大02購02  ,0,0,0,0,0,0,0,0,0,177000,0,0,0,202000,25000,177000,177000
064685,裕隆群益9C購01  ,0,0,0,0,0,0,0,0,0,177000,0,0,0,183000,6000,177000,177000
066847,群創元大01購03  ,0,0,0,0,0,0,0,0,0,177000,0,0,0,182000,5000,177000,177000
3024,憶聲            ,463000,286000,177000,0,0,0,0,0,0,0,0,0,0,0,0,0,177000
068270,建準永豐01購01  ,0,0,0,0,0,0,0,0,0,176000,0,0,0,343000,167000,176000,176000
068363,世紀鋼凱基01購02,0,0,0,0,0,0,0,0,0,176000,0,0,0,200000,24000,176000,176000
066538,信邦兆豐03購01  ,0,0,0,0,0,0,0,0,0,176000,0,0,0,226000,50000,176000,176000
064792,美律國票9C購01  ,0,0,0,0,0,0,0,0,0,176000,0,0,0,207000,31000,176000,176000
065784,正崴永豐9C購01  ,0,0,0,0,0,0,0,0,0,176000,0,0,0,179000,3000,176000,176000
07709P,創意元大9A售01  ,0,0,0,0,0,0,0,0,0,176000,0,0,0,376000,200000,176000,176000
060109,茂林元大99購05  ,0,0,0,0,0,0,0,0,0,175000,0,0,0,204000,29000,175000,175000
062062,貿聯統一01購01  ,0,0,0,0,0,0,0,0,0,175000,0,0,0,232000,57000,175000,175000
066129,佳世達群益01購01,0,0,0,0,0,0,0,0,0,175000,0,0,0,235000,60000,175000,175000
067050,京鼎凱基03購01  ,0,0,0,0,0,0,0,0,0,175000,0,0,0,200000,25000,175000,175000
08259P,華新科元大9C售04,0,0,0,0,0,0,0,0,0,175000,0,0,0,248000,73000,175000,175000
068713,台灣50元大02購05,0,0,0,0,0,0,0,0,0,174000,0,0,0,194000,20000,174000,174000
069608,彩晶國票03購01  ,0,0,0,0,0,0,0,0,0,174000,0,0,0,332000,158000,174000,174000
063913,貿聯凱基02購01  ,0,0,0,0,0,0,0,0,0,174000,0,0,0,248000,74000,174000,174000
065894,漢翔統一03購01  ,0,0,0,0,0,0,0,0,0,174000,0,0,0,174000,0,174000,174000
064936,世紀鋼統一9C購02,0,0,0,0,0,0,0,0,0,174000,0,0,0,180000,6000,174000,174000
065136,正隆凱基9C購01  ,0,0,0,0,0,0,0,0,0,174000,0,0,0,196000,22000,174000,174000
069838,正隆群益02購01  ,0,0,0,0,0,0,0,0,0,173000,0,0,0,241000,68000,173000,173000
059113,群光永豐99購01  ,0,0,0,0,0,0,0,0,0,173000,0,0,0,202000,29000,173000,173000
060306,台肥永豐9A購01  ,0,0,0,0,0,0,0,0,0,173000,0,0,0,176000,3000,173000,173000
064313,嘉晶群益9C購02  ,0,0,0,0,0,0,0,0,0,173000,0,0,0,173000,0,173000,173000
067390,聯詠元富07購02  ,0,0,0,0,0,0,0,0,0,173000,0,0,0,173000,0,173000,173000
068248,美律元大01購05  ,0,6000,-6000,0,0,0,0,0,0,178000,0,0,0,288000,110000,178000,172000
058318,致茂永豐9A購01  ,0,0,0,0,0,0,0,0,0,172000,0,0,0,189000,17000,172000,172000
067687,啟碁元大01購02  ,0,0,0,0,0,0,0,0,0,171000,0,0,0,225000,54000,171000,171000
069577,南電凱基03購02  ,0,0,0,0,0,0,0,0,0,171000,0,0,0,185000,14000,171000,171000
069149,彩晶永豐02購01  ,0,0,0,0,0,0,0,0,0,171000,0,0,0,180000,9000,171000,171000
064407,貿聯凱基02購02  ,0,0,0,0,0,0,0,0,0,171000,0,0,0,337000,166000,171000,171000
064380,超眾元富9C購03  ,0,0,0,0,0,0,0,0,0,171000,0,0,0,180000,9000,171000,171000
067107,義隆群益01購02  ,0,0,0,0,0,0,0,0,0,171000,0,0,0,171000,0,171000,171000
064842,南六統一9C購04  ,0,0,0,0,0,0,0,0,0,171000,0,0,0,838000,667000,171000,171000
067716,台船凱基01購01  ,0,0,0,0,0,0,0,0,0,170000,0,0,0,170000,0,170000,170000
068530,瀚宇博元富04購02,0,0,0,0,0,0,0,0,0,170000,0,0,0,192000,22000,170000,170000
064174,致新元富9C購02  ,0,0,0,0,0,0,0,0,0,170000,0,0,0,225000,55000,170000,170000
066095,友訊中信05購01  ,0,0,0,0,0,0,0,0,0,170000,0,0,0,201000,31000,170000,170000
067285,欣興國票02購01  ,0,0,0,0,0,0,0,0,0,170000,0,0,0,184000,14000,170000,170000
066633,總太凱基01購01  ,0,0,0,0,0,0,0,0,0,170000,0,0,0,170000,0,170000,170000
08302P,長榮航國泰02售01,0,0,0,0,0,0,0,0,0,170000,0,0,0,173000,3000,170000,170000
3044,健鼎            ,1062000,1203000,-141000,0,0,0,6000,0,6000,305000,11000,55000,-44000,408000,59000,349000,170000
8028,昇陽半導體      ,518000,340000,178000,0,0,0,0,0,0,-8000,11000,11000,0,1000,9000,-8000,170000
067610,上緯控凱基02購01,0,0,0,0,0,0,0,0,0,169000,0,0,0,328000,159000,169000,169000
068215,潤泰新凱基01購02,0,0,0,0,0,0,0,0,0,169000,0,0,0,258000,89000,169000,169000
062323,上銀統一9B購03  ,0,0,0,0,0,0,0,0,0,169000,0,0,0,353000,184000,169000,169000
064058,儒鴻麥證01購01  ,0,0,0,169000,0,169000,0,0,0,169000,0,0,0,169000,0,169000,169000
063383,億豐永豐9B購02  ,0,0,0,0,0,0,0,0,0,169000,0,0,0,170000,1000,169000,169000
063350,台表科統一02購02,0,0,0,0,0,0,0,0,0,169000,0,0,0,189000,20000,169000,169000
08207P,金像電群益9B售05,0,0,0,0,0,0,0,0,0,169000,0,0,0,416000,247000,169000,169000
068223,京鼎統一03購02  ,0,0,0,0,0,0,0,0,0,168000,0,0,0,219000,51000,168000,168000
069163,聯發科元大02購10,0,0,0,0,0,0,0,0,0,168000,0,0,0,168000,0,168000,168000
064051,新日興統一01購01,0,0,0,0,0,0,0,0,0,168000,0,0,0,508000,340000,168000,168000
065675,茂林凱基03購01  ,0,0,0,0,0,0,0,0,0,168000,0,0,0,210000,42000,168000,168000
065471,和大元大9C購05  ,0,0,0,0,0,0,0,0,0,168000,0,0,0,168000,0,168000,168000
07989P,玉晶光凱基9B售07,0,0,0,0,0,0,0,0,0,168000,0,0,0,488000,320000,168000,168000
8104,錸寶            ,423000,254000,169000,0,0,0,0,0,0,-1000,0,1000,-1000,0,0,0,168000
9136,巨騰-DR         ,215000,51000,164000,0,0,0,0,0,0,4000,4000,0,4000,0,0,0,168000
069018,同欣電兆豐03購01,0,0,0,0,0,0,0,0,0,167000,0,0,0,530000,363000,167000,167000
058124,玉晶光國票9A購01,0,0,0,0,0,0,0,0,0,167000,0,0,0,167000,0,167000,167000
03418P,大毅群益02售03  ,0,0,0,0,0,0,0,0,0,167000,0,0,0,246000,79000,167000,167000
063807,超眾兆豐01購01  ,0,0,0,0,0,0,0,0,0,167000,0,0,0,191000,24000,167000,167000
062404,新唐永豐9B購01  ,0,0,0,0,0,0,0,0,0,167000,0,0,0,203000,36000,167000,167000
062616,玉晶光元大9C購06,0,0,0,0,0,0,0,0,0,167000,0,0,0,279000,112000,167000,167000
066339,總太永豐01購01  ,0,0,0,0,0,0,0,0,0,167000,0,0,0,513000,346000,167000,167000
066981,聯發科群益02購07,0,0,0,0,0,0,0,0,0,167000,0,0,0,224000,57000,167000,167000
2406,國碩            ,966000,799000,167000,0,0,0,0,0,0,0,0,0,0,0,0,0,167000
067763,鈺齊永豐01購01  ,0,0,0,0,0,0,0,0,0,166000,0,0,0,521000,355000,166000,166000
068506,GIS元大01購07   ,0,0,0,0,0,0,0,0,0,166000,0,0,0,234000,68000,166000,166000
055976,台積電統一99購03,0,0,0,0,0,0,0,0,0,166000,0,0,0,289000,123000,166000,166000
062097,台光電永豐9B購01,0,0,0,0,0,0,0,0,0,166000,0,0,0,166000,0,166000,166000
064264,智伸科永豐9C購01,0,0,0,0,0,0,0,0,0,166000,0,0,0,200000,34000,166000,166000
067127,台虹富邦03購01  ,0,0,0,0,0,0,0,0,0,166000,0,0,0,166000,0,166000,166000
068209,彩晶凱基04購02  ,0,0,0,0,0,0,0,0,0,165000,0,0,0,190000,25000,165000,165000
03013P,華新科永豐01售01,0,0,0,0,0,0,0,0,0,165000,0,0,0,227000,62000,165000,165000
053396,漢唐中信9A購01  ,0,0,0,0,0,0,0,0,0,165000,0,0,0,245000,80000,165000,165000
03394P,聯電國泰04售01  ,0,0,0,0,0,0,0,0,0,165000,0,0,0,182000,17000,165000,165000
064481,技嘉永豐9C購01  ,0,0,0,0,0,0,0,0,0,165000,0,0,0,167000,2000,165000,165000
066353,台塑化永豐01購01,0,0,0,0,0,0,0,0,0,165000,0,0,0,165000,0,165000,165000
069276,欣興永豐02購05  ,0,0,0,0,0,0,0,0,0,164000,0,0,0,215000,51000,164000,164000
060419,漢翔永豐9A購01  ,0,0,0,0,0,0,0,0,0,164000,0,0,0,164000,0,164000,164000
060730,台積電群益9A購03,0,0,0,0,0,0,0,0,0,164000,0,0,0,220000,56000,164000,164000
066575,緯穎元大01購03  ,0,0,0,0,0,0,0,0,0,163000,0,0,0,163000,0,163000,163000
063569,美食元大9B購03  ,0,0,0,0,0,0,0,0,0,162000,0,0,0,259000,97000,162000,162000
061878,茂林元大9B購01  ,0,0,0,0,0,0,0,0,0,162000,0,0,0,166000,4000,162000,162000
03118P,台積電國票01售07,0,0,0,0,0,0,0,0,0,162000,0,0,0,183000,21000,162000,162000
064410,超眾凱基02購01  ,0,0,0,0,0,0,0,0,0,162000,0,0,0,191000,29000,162000,162000
066750,緯穎元大01購04  ,0,0,0,0,0,0,0,0,0,162000,0,0,0,256000,94000,162000,162000
066272,聯陽元大01購01  ,0,0,0,0,0,0,0,0,0,162000,0,0,0,422000,260000,162000,162000
065327,台表科凱基9C購02,0,0,0,0,0,0,0,0,0,162000,0,0,0,164000,2000,162000,162000
065728,嘉晶凱基9C購04  ,0,0,0,0,0,0,0,0,0,162000,0,0,0,222000,60000,162000,162000
068723,億光元大02購01  ,0,0,0,0,0,0,0,0,0,161000,0,0,0,174000,13000,161000,161000
056279,新日興富邦99購01,0,0,0,0,0,0,0,0,0,161000,0,0,0,161000,0,161000,161000
060367,緯穎元富9A購02  ,0,0,0,0,0,0,0,0,0,161000,0,0,0,231000,70000,161000,161000
058534,友達統一9B購01  ,0,0,0,0,0,0,0,0,0,161000,0,0,0,161000,0,161000,161000
06327P,台積電中信01售01,0,0,0,0,0,0,0,0,0,161000,0,0,0,161000,0,161000,161000
065543,緯穎元富01購01  ,0,0,0,0,0,0,0,0,0,161000,0,0,0,236000,75000,161000,161000
067331,友訊凱基01購02  ,0,0,0,0,0,0,0,0,0,161000,0,0,0,215000,54000,161000,161000
069161,聯發科元大02購08,0,0,0,0,0,0,0,0,0,160000,0,0,0,173000,13000,160000,160000
069918,精元凱基03購02  ,0,0,0,0,0,0,0,0,0,160000,0,0,0,425000,265000,160000,160000
060157,致茂永豐9A購02  ,0,0,0,0,0,0,0,0,0,160000,0,0,0,161000,1000,160000,160000
054224,亞光統一98購01  ,0,0,0,0,0,0,0,0,0,160000,0,0,0,160000,0,160000,160000
064366,群創統一01購01  ,50000,0,50000,0,0,0,0,0,0,110000,0,0,0,165000,55000,110000,160000
062683,可成統一9B購04  ,0,0,0,0,0,0,0,0,0,160000,0,0,0,200000,40000,160000,160000
062143,大成鋼國票9B購01,0,0,0,0,0,0,0,0,0,160000,0,0,0,160000,0,160000,160000
063002,上証2X元大9B購03,0,0,0,0,0,0,0,0,0,160000,0,0,0,160000,0,160000,160000
067128,華城永豐01購02  ,0,0,0,0,0,0,0,0,0,160000,0,0,0,166000,6000,160000,160000
066759,盟立永豐01購03  ,0,0,0,0,0,0,0,0,0,160000,0,0,0,171000,11000,160000,160000
066889,元大金中信07購01,0,0,0,0,0,0,0,0,0,160000,0,0,0,167000,7000,160000,160000
066698,川湖群益01購01  ,0,0,0,0,0,0,0,0,0,160000,0,0,0,248000,88000,160000,160000
1466,聚隆            ,442000,281000,161000,0,0,0,0,0,0,-1000,0,1000,-1000,0,0,0,160000
08560P,茂林國票01售01  ,0,0,0,0,0,0,0,0,0,160000,0,0,0,180000,20000,160000,160000
069408,美律統一02購03  ,0,0,0,0,0,0,0,0,0,159000,0,0,0,255000,96000,159000,159000
068650,神隆元大02購02  ,0,0,0,0,0,0,0,0,0,159000,0,0,0,165000,6000,159000,159000
068417,宏碁兆豐03購01  ,0,0,0,0,0,0,0,0,0,159000,0,0,0,214000,55000,159000,159000
062020,智伸科永豐9B購01,0,0,0,0,0,0,0,0,0,159000,0,0,0,195000,36000,159000,159000
063201,廣達統一01購01  ,0,0,0,0,0,0,0,0,0,159000,0,0,0,324000,165000,159000,159000
08809P,台灣50群益01售07,0,0,0,0,0,0,0,0,0,159000,0,0,0,603000,444000,159000,159000
6533,晶心科          ,435000,274000,161000,0,0,0,0,0,0,-2000,0,2000,-2000,0,0,0,159000
069044,鴻海元富08購01  ,0,0,0,0,0,0,0,0,0,158000,0,0,0,316000,158000,158000,158000
068945,力山凱基02購02  ,0,0,0,0,0,0,0,0,0,158000,0,0,0,158000,0,158000,158000
062045,崇越凱基9B購01  ,0,0,0,0,0,0,0,0,0,158000,0,0,0,163000,5000,158000,158000
064473,技嘉麥證9C購01  ,0,0,0,230000,69000,161000,0,0,0,158000,0,0,0,230000,72000,158000,158000
064750,緯穎麥證9C購01  ,0,0,0,159000,1000,158000,0,0,0,158000,0,0,0,159000,1000,158000,158000
068808,瑞儀群益02購01  ,0,0,0,0,0,0,0,0,0,157000,0,0,0,199000,42000,157000,157000
067697,致茂國票02購01  ,0,0,0,0,0,0,0,0,0,157000,0,0,0,157000,0,157000,157000
063197,遠東新統一9C購01,0,0,0,0,0,0,0,0,0,157000,0,0,0,158000,1000,157000,157000
063168,台表科永豐9B購01,0,0,0,0,0,0,0,0,0,157000,0,0,0,205000,48000,157000,157000
063978,美食兆豐9C購01  ,0,0,0,0,0,0,0,0,0,157000,0,0,0,177000,20000,157000,157000
08105P,景碩元大9B售01  ,0,0,0,0,0,0,0,0,0,157000,0,0,0,157000,0,157000,157000
067584,技嘉群益02購01  ,0,0,0,0,0,0,0,0,0,156000,0,0,0,156000,0,156000,156000
069353,華新科國泰03購01,0,0,0,0,0,0,0,0,0,156000,0,0,0,189000,33000,156000,156000
064023,智邦元大9C購02  ,0,0,0,0,0,0,0,0,0,156000,0,0,0,156000,0,156000,156000
061659,信邦永豐9A購01  ,0,0,0,0,0,0,0,0,0,156000,0,0,0,171000,15000,156000,156000
066554,嘉晶元大01購05  ,0,0,0,0,0,0,0,0,0,156000,0,0,0,312000,156000,156000,156000
065704,華新科群益9C購05,0,0,0,0,0,0,0,0,0,156000,0,0,0,414000,258000,156000,156000
08585P,台表科群益9C售04,0,0,0,0,0,0,0,0,0,156000,0,0,0,156000,0,156000,156000
069950,國喬永豐02購01  ,0,0,0,0,0,0,0,0,0,155000,0,0,0,175000,20000,155000,155000
067821,力成凱基01購02  ,0,0,0,0,0,0,0,0,0,155000,0,0,0,185000,30000,155000,155000
03066P,台積電群益01售19,0,0,0,0,0,0,0,0,0,155000,0,0,0,159000,4000,155000,155000
058801,致伸元大99購01  ,0,0,0,0,0,0,0,0,0,155000,0,0,0,155000,0,155000,155000
065583,超眾國泰02購01  ,0,0,0,0,0,0,0,0,0,155000,0,0,0,161000,6000,155000,155000
066527,泰鼎統一03購01  ,0,0,0,0,0,0,0,0,0,155000,0,0,0,180000,25000,155000,155000
066786,聯發科麥證01購05,0,0,0,155000,0,155000,0,0,0,155000,0,0,0,155000,0,155000,155000
066799,台光電凱基01購02,0,0,0,0,0,0,0,0,0,155000,0,0,0,156000,1000,155000,155000
07366P,國巨康和99售02  ,0,0,0,0,0,0,0,0,0,155000,0,0,0,190000,35000,155000,155000
068435,聯發科凱基01購21,0,0,0,0,0,0,0,0,0,154000,0,0,0,269000,115000,154000,154000
068295,旭富兆豐01購02  ,0,0,0,0,0,0,0,0,0,154000,0,0,0,188000,34000,154000,154000
069015,臻鼎兆豐03購01  ,0,0,0,0,0,0,0,0,0,154000,0,0,0,165000,11000,154000,154000
060435,鈺齊永豐9A購01  ,0,0,0,0,0,0,0,0,0,154000,0,0,0,154000,0,154000,154000
056392,玉晶光富邦9C購01,0,0,0,0,0,0,0,0,0,154000,0,0,0,493000,339000,154000,154000
066437,台泥群益02購01  ,0,0,0,0,0,0,0,0,0,154000,0,0,0,272000,118000,154000,154000
066320,順德永豐01購01  ,0,0,0,0,0,0,0,0,0,154000,0,0,0,154000,0,154000,154000
067150,聯發科統一02購05,0,0,0,0,0,0,0,0,0,154000,0,0,0,316000,162000,154000,154000
06886P,旺宏元大99售07  ,0,0,0,0,0,0,0,0,0,153000,0,0,0,306000,153000,153000,153000
057972,群創富邦9C購01  ,0,0,0,0,0,0,0,0,0,153000,0,0,0,153000,0,153000,153000
063687,金像電永豐9B購04,0,0,0,0,0,0,0,0,0,153000,0,0,0,223000,70000,153000,153000
065673,嘉晶凱基01購02  ,0,0,0,0,0,0,0,0,0,153000,0,0,0,163000,10000,153000,153000
08314P,國巨元大9C售14  ,0,0,0,0,0,0,0,0,0,153000,0,0,0,214000,61000,153000,153000
067997,美律元大01購02  ,0,0,0,0,0,0,0,0,0,152000,0,0,0,435000,283000,152000,152000
069294,瑞昱中信06購02  ,0,0,0,0,0,0,0,0,0,152000,0,0,0,160000,8000,152000,152000
070014,樺漢元大02購03  ,0,0,0,0,0,0,0,0,0,152000,0,0,0,166000,14000,152000,152000
03190P,日月光元大01售05,0,0,0,0,0,0,0,0,0,152000,0,0,0,270000,118000,152000,152000
062162,世紀鋼凱基9B購03,0,0,0,0,0,0,0,0,0,152000,0,0,0,183000,31000,152000,152000
065365,國巨元大9C購19  ,0,0,0,0,0,0,0,0,0,152000,0,0,0,157000,5000,152000,152000
064796,緯穎國票01購01  ,0,0,0,0,0,0,0,0,0,152000,0,0,0,367000,215000,152000,152000
066531,智伸科元富01購01,0,0,0,0,0,0,0,0,0,152000,0,0,0,176000,24000,152000,152000
066502,國巨富邦05購02  ,0,0,0,0,0,0,0,0,0,152000,0,0,0,333000,181000,152000,152000
066812,志超凱基01購01  ,0,0,0,0,0,0,0,0,0,152000,0,0,0,587000,435000,152000,152000
07987P,大立光統一9B售13,0,0,0,0,0,0,0,0,0,152000,0,0,0,152000,0,152000,152000
08592P,聯發科凱基01售06,0,0,0,0,0,0,0,0,0,152000,0,0,0,152000,0,152000,152000
069708,群光國票03購01  ,0,0,0,0,0,0,0,0,0,151000,0,0,0,197000,46000,151000,151000
069462,TPK兆豐03購01   ,0,0,0,0,0,0,0,0,0,151000,0,0,0,161000,10000,151000,151000
065099,聯茂元大9C購03  ,0,0,0,0,0,0,0,0,0,151000,0,0,0,208000,57000,151000,151000
08130P,義隆元大9B售05  ,0,0,0,0,0,0,0,0,0,151000,0,0,0,222000,71000,151000,151000
1701,中化            ,902000,707000,195000,0,0,0,0,0,0,-44000,0,0,0,0,44000,-44000,151000
069847,南電群益03購03  ,0,0,0,0,0,0,0,0,0,150000,0,0,0,193000,43000,150000,150000
067978,緯穎群益01購06  ,0,0,0,0,0,0,0,0,0,150000,0,0,0,175000,25000,150000,150000
03240P,臺股指元大02售05,0,0,0,0,0,0,0,0,0,150000,0,0,0,150000,0,150000,150000
054763,宏達電國票99購01,0,0,0,0,0,0,0,0,0,150000,0,0,0,150000,0,150000,150000
03446P,創意群益02售02  ,0,0,0,0,0,0,0,0,0,150000,0,0,0,150000,0,150000,150000
060298,鎧勝元大9C購01  ,0,0,0,0,0,0,0,0,0,150000,0,0,0,150000,0,150000,150000
060258,T50反1凱基9A購06,0,0,0,0,0,0,0,0,0,150000,0,0,0,150000,0,150000,150000
057945,京鼎國票99購03  ,0,0,0,0,0,0,0,0,0,150000,0,0,0,220000,70000,150000,150000
05953P,台積電國票98售02,0,0,0,0,0,0,0,0,0,150000,0,0,0,150000,0,150000,150000
058010,帆宣國票98購01  ,0,0,0,0,0,0,0,0,0,150000,0,0,0,150000,0,150000,150000
058645,康控富邦01購01  ,0,0,0,0,0,0,0,0,0,150000,0,0,0,169000,19000,150000,150000
062298,國巨第一9B購01  ,0,0,0,0,0,0,0,0,0,150000,0,0,0,400000,250000,150000,150000
061350,牧德元大9B購03  ,0,0,0,0,0,0,0,0,0,150000,0,0,0,170000,20000,150000,150000
063481,緯穎元大9B購08  ,0,0,0,0,0,0,0,0,0,150000,0,0,0,165000,15000,150000,150000
064915,美律統一02購02  ,0,0,0,0,0,0,0,0,0,150000,0,0,0,150000,0,150000,150000
06666P,台積電日盛9A售02,0,0,0,0,0,0,0,0,0,150000,0,0,0,150000,0,150000,150000
067149,瑞昱統一03購01  ,0,0,0,0,0,0,0,0,0,150000,0,0,0,175000,25000,150000,150000
067418,中化凱基01購01  ,0,0,0,0,0,0,0,0,0,150000,0,0,0,150000,0,150000,150000
2636,台驊投控        ,476000,263000,213000,0,0,0,0,0,0,-63000,10000,73000,-63000,0,0,0,150000
07382P,台積電群益9B售01,0,0,0,0,0,0,0,0,0,150000,0,0,0,150000,0,150000,150000
07527P,台灣50凱基9B售02,0,0,0,0,0,0,0,0,0,150000,0,0,0,151000,1000,150000,150000
08612P,嘉晶凱基9C售03  ,0,0,0,0,0,0,0,0,0,150000,0,0,0,250000,100000,150000,150000
08702P,南電康和01售01  ,0,0,0,0,0,0,0,0,0,150000,0,0,0,160000,10000,150000,150000
08462P,臻鼎國票9C售02  ,0,0,0,0,0,0,0,0,0,150000,0,0,0,303000,153000,150000,150000
069277,欣興永豐02購06  ,0,0,0,0,0,0,0,0,0,149000,0,0,0,184000,35000,149000,149000
055263,華新科富邦9A購01,0,0,0,0,0,0,0,0,0,149000,0,0,0,149000,0,149000,149000
063769,玉晶光國泰02購01,0,0,0,0,0,0,0,0,0,149000,0,0,0,183000,34000,149000,149000
066823,國巨群益02購02  ,0,0,0,0,0,0,0,0,0,149000,0,0,0,205000,56000,149000,149000
066465,同欣電統一01購05,0,0,0,0,0,0,0,0,0,149000,0,0,0,242000,93000,149000,149000
065093,新日興元大9C購03,0,0,0,0,0,0,0,0,0,149000,0,0,0,175000,26000,149000,149000
065076,中橡元大9C購01  ,0,0,0,0,0,0,0,0,0,149000,0,0,0,158000,9000,149000,149000
066007,大立光統一02購06,0,0,0,0,0,0,0,0,0,149000,0,0,0,166000,17000,149000,149000
08729P,創意永豐01售01  ,0,0,0,0,0,0,0,0,0,149000,0,0,0,443000,294000,149000,149000
08932P,矽格元富01售01  ,0,0,0,0,0,0,0,0,0,149000,0,0,0,487000,338000,149000,149000
4976,佳凌            ,506000,351000,155000,0,0,0,0,0,0,-6000,0,6000,-6000,0,0,0,149000
069267,欣興兆豐03購04  ,0,0,0,0,0,0,0,0,0,148000,0,0,0,803000,655000,148000,148000
069583,群光永豐02購01  ,0,0,0,0,0,0,0,0,0,148000,0,0,0,170000,22000,148000,148000
069955,玉晶光永豐02購04,0,0,0,0,0,0,0,0,0,148000,0,0,0,193000,45000,148000,148000
067892,玉晶光群益02購06,0,0,0,0,0,0,0,0,0,148000,0,0,0,153000,5000,148000,148000
055815,亞光國票99購01  ,0,0,0,0,0,0,0,0,0,148000,0,0,0,148000,0,148000,148000
03341P,帆宣國票03售03  ,0,0,0,0,0,0,0,0,0,148000,0,0,0,202000,54000,148000,148000
059060,大立光凱基9A購03,0,0,0,0,0,0,0,0,0,148000,0,0,0,148000,0,148000,148000
059540,新光金日盛99購01,0,0,0,0,0,0,0,0,0,148000,0,0,0,168000,20000,148000,148000
061127,美食永豐9A購01  ,0,0,0,0,0,0,0,0,0,148000,0,0,0,168000,20000,148000,148000
061732,智邦中信9B購01  ,0,0,0,0,0,0,0,0,0,148000,0,0,0,158000,10000,148000,148000
065525,瑞儀群益01購01  ,0,0,0,0,0,0,0,0,0,148000,0,0,0,239000,91000,148000,148000
065022,同欣電富邦01購01,0,0,0,0,0,0,0,0,0,148000,0,0,0,218000,70000,148000,148000
066321,華碩永豐01購01  ,0,0,0,0,0,0,0,0,0,148000,0,0,0,247000,99000,148000,148000
07065P,臺股指元大9A售26,0,0,0,0,0,0,0,0,0,147000,0,0,0,147000,0,147000,147000
068994,精成科永豐02購01,0,0,0,0,0,0,0,0,0,147000,0,0,0,151000,4000,147000,147000
055916,奇鋐凱基99購01  ,0,0,0,0,0,0,0,0,0,147000,0,0,0,174000,27000,147000,147000
063659,世紀鋼元富9B購01,0,0,0,0,0,0,0,0,0,147000,0,0,0,192000,45000,147000,147000
063205,貿聯統一9C購01  ,0,0,0,0,0,0,0,0,0,147000,0,0,0,157000,10000,147000,147000
062546,新日興永豐9B購01,0,0,0,0,0,0,0,0,0,147000,0,0,0,148000,1000,147000,147000
066271,東森元大01購01  ,0,0,0,0,0,0,0,0,0,147000,0,0,0,330000,183000,147000,147000
08784P,上証2X元富01售01,0,0,0,0,0,0,0,0,0,147000,0,0,0,161000,14000,147000,147000
08514P,華新科凱基9C售05,0,0,0,0,0,0,0,0,0,147000,0,0,0,150000,3000,147000,147000
07976P,聯發科群益9C售02,0,0,0,0,0,0,0,0,0,147000,0,0,0,147000,0,147000,147000
069157,金像電元大02購04,0,0,0,0,0,0,0,0,0,146000,0,0,0,304000,158000,146000,146000
069204,瑞昱元大02購04  ,0,0,0,0,0,0,0,0,0,146000,0,0,0,162000,16000,146000,146000
069238,台橡凱基02購01  ,0,0,0,0,0,0,0,0,0,146000,0,0,0,184000,38000,146000,146000
069463,智伸科兆豐03購02,0,0,0,0,0,0,0,0,0,146000,0,0,0,147000,1000,146000,146000
00766L,台新MSCI中國正2 ,0,0,0,0,0,0,0,0,0,146000,0,0,0,172000,26000,146000,146000
061639,晶豪科元大9A購02,0,0,0,0,0,0,0,0,0,146000,0,0,0,204000,58000,146000,146000
066556,和鑫元大01購01  ,0,0,0,0,0,0,0,0,0,146000,0,0,0,150000,4000,146000,146000
067949,緯穎國泰03購01  ,0,0,0,0,0,0,0,0,0,145000,0,0,0,425000,280000,145000,145000
068086,世紀鋼凱基03購02,0,0,0,0,0,0,0,0,0,145000,0,0,0,241000,96000,145000,145000
068454,致茂國票03購01  ,0,0,0,0,0,0,0,0,0,145000,0,0,0,145000,0,145000,145000
058851,大立光群益99購07,0,0,0,0,0,0,0,0,0,145000,0,0,0,145000,0,145000,145000
063230,緯穎群益9B購02  ,0,0,0,0,0,0,0,0,0,145000,0,0,0,165000,20000,145000,145000
062126,創意統一9B購01  ,0,0,0,0,0,0,0,0,0,145000,0,0,0,145000,0,145000,145000
060761,南亞科元大9A購05,0,0,0,0,0,0,0,0,0,145000,0,0,0,150000,5000,145000,145000
067459,微星永豐01購01  ,0,0,0,0,0,0,0,0,0,145000,0,0,0,146000,1000,145000,145000
065239,超眾凱基02購02  ,0,0,0,0,0,0,0,0,0,145000,0,0,0,151000,6000,145000,145000
07803P,南亞科永豐9A售02,0,0,0,0,0,0,0,0,0,145000,0,0,0,173000,28000,145000,145000
08191P,鴻海台新9B售03  ,0,0,0,0,0,0,0,0,0,145000,0,0,0,170000,25000,145000,145000
08234P,華擎元富9B售03  ,0,0,0,0,0,0,0,0,0,145000,0,0,0,177000,32000,145000,145000
08616P,聯發科元富9C售02,0,0,0,0,0,0,0,0,0,145000,0,0,0,166000,21000,145000,145000
068110,華新元富03購01  ,0,0,0,0,0,0,0,0,0,143000,0,0,0,449000,306000,143000,143000
065677,南亞科統一03購02,0,5000,-5000,0,0,0,0,0,0,148000,0,0,0,149000,1000,148000,143000
065854,臻鼎元大9C購05  ,0,0,0,0,0,0,0,0,0,143000,0,0,0,153000,10000,143000,143000
067229,台達電群益01購02,0,0,0,0,0,0,0,0,0,143000,0,0,0,168000,25000,143000,143000
067207,微星元大01購04  ,0,0,0,0,0,0,0,0,0,143000,0,0,0,318000,175000,143000,143000
066317,英利永豐01購01  ,0,0,0,0,0,0,0,0,0,143000,0,0,0,143000,0,143000,143000
066366,信邦中信02購01  ,0,0,0,0,0,0,0,0,0,143000,0,0,0,233000,90000,143000,143000
03461P,聯發科國票03售04,0,0,0,0,0,0,0,0,0,142000,0,0,0,794000,652000,142000,142000
063182,國巨凱基9B購10  ,0,0,0,0,0,0,0,0,0,142000,0,0,0,160000,18000,142000,142000
063967,華新科國票01購01,0,0,0,0,0,0,0,0,0,142000,0,0,0,203000,61000,142000,142000
067158,T50反1國票02購02,0,0,0,0,0,0,0,0,0,142000,0,0,0,157000,15000,142000,142000
065455,金寶元富9C購01  ,0,0,0,0,0,0,0,0,0,142000,0,0,0,147000,5000,142000,142000
08725P,臺股指元大01售06,0,0,0,0,0,0,0,0,0,142000,0,0,0,158000,16000,142000,142000
07471P,南亞科元大9A售01,0,0,0,0,0,0,0,0,0,142000,0,0,0,142000,0,142000,142000
068882,亞德客統一04購01,0,0,0,0,0,0,0,0,0,141000,0,0,0,200000,59000,141000,141000
069621,創意統一02購04  ,0,0,0,0,0,0,0,0,0,141000,0,0,0,230000,89000,141000,141000
069782,百和元大02購01  ,0,0,0,0,0,0,0,0,0,141000,0,0,0,146000,5000,141000,141000
067022,台虹中信01購01  ,0,0,0,0,0,0,0,0,0,141000,0,0,0,151000,10000,141000,141000
08353P,聯電元大9C售04  ,0,0,0,0,0,0,0,0,0,141000,0,0,0,141000,0,141000,141000
08950P,臺股指國票01售07,0,0,0,0,0,0,0,0,0,141000,0,0,0,161000,20000,141000,141000
069245,台光電凱基03購02,0,0,0,0,0,0,0,0,0,140000,0,0,0,140000,0,140000,140000
069223,微星群益02購03  ,0,0,0,0,0,0,0,0,0,140000,0,0,0,178000,38000,140000,140000
067806,宏碁凱基02購01  ,0,0,0,0,0,0,0,0,0,140000,0,0,0,288000,148000,140000,140000
057992,大立光日盛98購01,0,0,0,0,0,0,0,0,0,140000,0,0,0,140000,0,140000,140000
064390,台塑永豐9C購01  ,0,0,0,0,0,0,0,0,0,140000,0,0,0,160000,20000,140000,140000
08268P,臺股指元大9C售06,0,0,0,0,0,0,0,0,0,140000,0,0,0,140000,0,140000,140000
6449,鈺邦            ,245000,113000,132000,0,0,0,0,0,0,8000,13000,5000,8000,0,0,0,140000
069207,信邦元大02購01  ,0,0,0,0,0,0,0,0,0,139000,0,0,0,203000,64000,139000,139000
058747,友達凱基9A購03  ,0,0,0,0,0,0,0,0,0,139000,0,0,0,147000,8000,139000,139000
065483,聯茂元大9C購06  ,0,0,0,0,0,0,0,0,0,139000,0,0,0,152000,13000,139000,139000
065385,億豐元大03購01  ,0,0,0,0,0,0,0,0,0,139000,0,0,0,142000,3000,139000,139000
060307,南港永豐9A購01  ,0,0,0,0,0,0,0,0,0,138000,0,0,0,149000,11000,138000,138000
03029P,玉晶光元大02售05,0,0,0,0,0,0,0,0,0,138000,0,0,0,169000,31000,138000,138000
064588,玉晶光永豐9C購05,0,0,0,0,0,0,0,0,0,138000,0,0,0,197000,59000,138000,138000
062991,台光電群益9B購03,0,0,0,0,0,0,0,0,0,138000,0,0,0,221000,83000,138000,138000
066589,英業達群益01購01,0,0,0,0,0,0,0,0,0,138000,0,0,0,190000,52000,138000,138000
066846,京鼎元大01購03  ,0,0,0,0,0,0,0,0,0,138000,0,0,0,201000,63000,138000,138000
069196,景碩台新02購01  ,0,0,0,0,0,0,0,0,0,137000,0,0,0,137000,0,137000,137000
069580,佳世達永豐02購02,0,0,0,0,0,0,0,0,0,137000,0,0,0,137000,0,137000,137000
067793,鈺齊群益01購02  ,0,0,0,0,0,0,0,0,0,137000,0,0,0,180000,43000,137000,137000
068326,技嘉元大01購04  ,0,0,0,0,0,0,0,0,0,137000,0,0,0,251000,114000,137000,137000
03266P,寶成國票04售01  ,0,0,0,0,0,0,0,0,0,137000,0,0,0,137000,0,137000,137000
057964,緯穎元大99購03  ,0,0,0,0,0,0,0,0,0,137000,0,0,0,197000,60000,137000,137000
061818,富邦金群益9C購01,0,0,0,0,0,0,0,0,0,137000,0,0,0,208000,71000,137000,137000
064207,國巨凱基03購02  ,0,0,0,0,0,0,0,0,0,137000,0,0,0,137000,0,137000,137000
062910,亞光元大9B購01  ,0,0,0,0,0,0,0,0,0,137000,0,0,0,140000,3000,137000,137000
066997,樺漢國泰03購01  ,0,0,0,0,0,0,0,0,0,137000,0,0,0,376000,239000,137000,137000
067500,台表科元大01購03,0,0,0,0,0,0,0,0,0,137000,0,0,0,200000,63000,137000,137000
065160,聯茂群益9C購02  ,0,0,0,0,0,0,0,0,0,137000,0,0,0,199000,62000,137000,137000
064887,嘉晶中信9C購02  ,0,0,0,0,0,0,0,0,0,137000,0,0,0,428000,291000,137000,137000
068471,聯發科群益01購11,0,0,0,0,0,0,0,0,0,136000,0,0,0,232000,96000,136000,136000
068583,信邦永豐01購01  ,0,0,0,0,0,0,0,0,0,136000,0,0,0,139000,3000,136000,136000
068195,瑞昱凱基02購02  ,0,0,0,0,0,0,0,0,0,136000,0,0,0,157000,21000,136000,136000
069761,欣興兆豐03購05  ,0,0,0,0,0,0,0,0,0,136000,0,0,0,264000,128000,136000,136000
069520,中租凱基03購01  ,0,0,0,0,0,0,0,0,0,136000,0,0,0,146000,10000,136000,136000
056911,緯穎元大99購01  ,0,0,0,0,0,0,0,0,0,136000,0,0,0,136000,0,136000,136000
00770,國泰北美科技    ,35000,0,35000,0,0,0,0,0,0,101000,0,0,0,104000,3000,101000,136000
062883,智易兆豐9C購01  ,0,0,0,0,0,0,0,0,0,136000,0,0,0,236000,100000,136000,136000
063489,新日興國泰01購01,0,0,0,0,0,0,0,0,0,136000,0,0,0,136000,0,136000,136000
064234,正崴統一01購01  ,0,0,0,0,0,0,0,0,0,136000,0,0,0,205000,69000,136000,136000
063576,台表科元大9B購08,0,0,0,0,0,0,0,0,0,136000,0,0,0,150000,14000,136000,136000
062236,信邦凱基9B購01  ,0,0,0,0,0,0,0,0,0,136000,0,0,0,163000,27000,136000,136000
065496,裕隆富邦9C購01  ,0,0,0,0,0,0,0,0,0,136000,0,0,0,151000,15000,136000,136000
065850,緯創元大9C購06  ,0,0,0,0,0,0,0,0,0,136000,0,0,0,161000,25000,136000,136000
066472,美利達統一02購01,0,0,0,0,0,0,0,0,0,136000,0,0,0,149000,13000,136000,136000
08982P,泰碩凱基01售01  ,0,0,0,0,0,0,0,0,0,136000,0,0,0,218000,82000,136000,136000
068944,中石化凱基04購01,0,0,0,0,0,0,0,0,0,135000,0,0,0,335000,200000,135000,135000
068593,台積電統一03購08,0,0,0,0,0,0,0,0,0,135000,0,0,0,500000,365000,135000,135000
068715,為升元大02購01  ,0,0,0,0,0,0,0,0,0,135000,0,0,0,185000,50000,135000,135000
056922,全新兆豐99購01  ,0,0,0,0,0,0,0,0,0,135000,0,0,0,135000,0,135000,135000
062221,奇力新統一01購01,0,0,0,0,0,0,0,0,0,135000,0,0,0,230000,95000,135000,135000
064405,美食凱基01購02  ,0,0,0,0,0,0,0,0,0,135000,0,0,0,147000,12000,135000,135000
066052,景碩元大02購01  ,0,0,0,0,0,0,0,0,0,135000,0,0,0,135000,0,135000,135000
069822,鈺齊國票03購01  ,0,0,0,0,0,0,0,0,0,134000,0,0,0,144000,10000,134000,134000
055775,友達凱基9A購01  ,0,0,0,0,0,0,0,0,0,134000,0,0,0,134000,0,134000,134000
062406,臻鼎永豐9B購01  ,0,0,0,0,0,0,0,0,0,134000,0,0,0,134000,0,134000,134000
065546,景碩兆豐01購01  ,0,0,0,0,0,0,0,0,0,134000,0,0,0,286000,152000,134000,134000
065598,微星元大01購02  ,0,0,0,0,0,0,0,0,0,134000,0,0,0,200000,66000,134000,134000
065361,上銀元大9C購11  ,0,0,0,0,0,0,0,0,0,134000,0,0,0,265000,131000,134000,134000
066274,景碩元大01購02  ,0,0,0,0,0,0,0,0,0,134000,0,0,0,198000,64000,134000,134000
067155,健策統一02購01  ,0,0,0,0,0,0,0,0,0,134000,0,0,0,200000,66000,134000,134000
08708P,華通台新01售01  ,0,0,0,0,0,0,0,0,0,134000,0,0,0,135000,1000,134000,134000
08495P,同欣電元大9C售08,0,0,0,0,0,0,0,0,0,134000,0,0,0,277000,143000,134000,134000
067691,台虹元大01購03  ,0,0,0,0,0,0,0,0,0,133000,0,0,0,158000,25000,133000,133000
060328,可成群益9A購06  ,0,0,0,0,0,0,0,0,0,133000,0,0,0,133000,0,133000,133000
063038,富邦金凱基9B購02,0,0,0,0,0,0,0,0,0,133000,0,0,0,167000,34000,133000,133000
067190,智伸科凱基02購01,0,0,0,0,0,0,0,0,0,133000,0,0,0,133000,0,133000,133000
065152,燿華群益9C購02  ,0,0,0,0,0,0,0,0,0,133000,0,0,0,133000,0,133000,133000
08664P,金像電凱基01售02,0,0,0,0,0,0,0,0,0,133000,0,0,0,288000,155000,133000,133000
068659,嘉晶元大03購01  ,0,0,0,0,0,0,0,0,0,132000,0,0,0,174000,42000,132000,132000
060889,國泰金統一9C購01,0,0,0,0,0,0,0,0,0,132000,0,0,0,182000,50000,132000,132000
067241,信邦群益01購01  ,0,0,0,0,0,0,0,0,0,132000,0,0,0,161000,29000,132000,132000
08449P,華新科群益9C售03,0,0,0,0,0,0,0,0,0,132000,0,0,0,301000,169000,132000,132000
068518,大立光統一01購10,0,0,0,0,0,0,0,0,0,131000,0,0,0,554000,423000,131000,131000
068152,美律元大01購03  ,0,0,0,0,0,0,0,0,0,131000,0,0,0,198000,67000,131000,131000
059631,京元電凱基99購02,0,0,0,0,0,0,0,0,0,131000,0,0,0,221000,90000,131000,131000
03057P,亞德客凱基01售02,0,0,0,0,0,0,0,0,0,131000,0,0,0,378000,247000,131000,131000
064449,金寶統一01購02  ,0,0,0,0,0,0,0,0,0,131000,0,0,0,132000,1000,131000,131000
064702,百和群益01購01  ,0,0,0,0,0,0,0,0,0,131000,0,0,0,161000,30000,131000,131000
066287,訊芯元大01購01  ,0,0,0,0,0,0,0,0,0,131000,0,0,0,215000,84000,131000,131000
067603,冠德凱基02購01  ,0,0,0,0,0,0,0,0,0,130000,0,0,0,525000,395000,130000,130000
068273,嘉晶永豐01購01  ,0,0,0,0,0,0,0,0,0,130000,0,0,0,135000,5000,130000,130000
059921,大立光元大99購24,0,0,0,0,0,0,0,0,0,130000,0,0,0,150000,20000,130000,130000
060510,大立光元大9A購03,0,0,0,0,0,0,0,0,0,130000,0,0,0,295000,165000,130000,130000
062573,大毅群益9B購03  ,0,0,0,0,0,0,0,0,0,130000,0,0,0,130000,0,130000,130000
063612,金像電群益9B購04,0,0,0,0,0,0,0,0,0,130000,0,0,0,246000,116000,130000,130000
063155,緯穎元富9B購03  ,0,0,0,0,0,0,0,0,0,130000,0,0,0,130000,0,130000,130000
064242,TPK統一02購01   ,0,0,0,0,0,0,0,0,0,130000,0,0,0,193000,63000,130000,130000
064248,億光元富9C購01  ,0,0,0,0,0,0,0,0,0,130000,0,0,0,211000,81000,130000,130000
066388,力山凱基01購02  ,0,0,0,0,0,0,0,0,0,130000,0,0,0,353000,223000,130000,130000
065634,聯發科國票9C購06,0,0,0,0,0,0,0,0,0,130000,0,0,0,130000,0,130000,130000
065612,聯茂元大9C購07  ,0,0,0,0,0,0,0,0,0,130000,0,0,0,130000,0,130000,130000
065977,旭富元大02購01  ,0,0,0,0,0,0,0,0,0,130000,0,0,0,145000,15000,130000,130000
065949,瑞昱統一01購06  ,0,0,0,0,0,0,0,0,0,130000,0,0,0,150000,20000,130000,130000
068423,GIS康和01購01   ,0,0,0,0,0,0,0,0,0,129000,0,0,0,129000,0,129000,129000
068180,華新科群益02購03,0,0,0,0,0,0,0,0,0,129000,0,0,0,292000,163000,129000,129000
069333,聯電群益03購08  ,0,0,0,0,0,0,0,0,0,129000,0,0,0,369000,240000,129000,129000
069343,玉晶光群益03購03,0,0,0,0,0,0,0,0,0,129000,0,0,0,129000,0,129000,129000
060039,大立光國票99購04,0,0,0,0,0,0,0,0,0,129000,0,0,0,129000,0,129000,129000
063665,南亞科統一01購02,0,0,0,0,0,0,0,0,0,129000,0,0,0,139000,10000,129000,129000
063858,鴻海國泰02購01  ,0,0,0,0,0,0,0,0,0,129000,0,0,0,160000,31000,129000,129000
062222,華新科統一9B購04,0,0,0,0,0,0,0,0,0,129000,0,0,0,138000,9000,129000,129000
06688P,鴻海中信02售01  ,0,0,0,0,0,0,0,0,0,129000,0,0,0,134000,5000,129000,129000
067215,亞光元大01購05  ,0,0,0,0,0,0,0,0,0,129000,0,0,0,129000,0,129000,129000
08927P,技嘉元富07售04  ,0,0,0,0,0,0,0,0,0,129000,0,0,0,162000,33000,129000,129000
068364,鴻海國泰07購01  ,0,0,0,0,0,0,0,0,0,128000,0,0,0,160000,32000,128000,128000
08746P,鴻海元富07售06  ,0,0,0,0,0,0,0,0,0,128000,0,0,0,128000,0,128000,128000
08771P,滬深2X凱基01售02,0,0,0,0,0,0,0,0,0,128000,0,0,0,128000,0,128000,128000
068798,南電凱基02購04  ,0,0,0,0,0,0,0,0,0,127000,0,0,0,406000,279000,127000,127000
067612,超眾凱基02購03  ,0,0,0,0,0,0,0,0,0,127000,0,0,0,134000,7000,127000,127000
067628,力山永豐01購01  ,0,0,0,0,0,0,0,0,0,127000,0,0,0,134000,7000,127000,127000
062254,台光電元大9B購02,0,0,0,0,0,0,0,0,0,127000,0,0,0,149000,22000,127000,127000
062332,大立光統一9B購11,0,0,0,0,0,0,0,0,0,127000,0,0,0,1125000,998000,127000,127000
064099,億光群益9C購01  ,0,0,0,0,0,0,0,0,0,127000,0,0,0,152000,25000,127000,127000
066491,麗豐元富01購01  ,0,0,0,0,0,0,0,0,0,127000,0,0,0,232000,105000,127000,127000
065829,嘉晶凱基9C購05  ,0,0,0,0,0,0,0,0,0,127000,0,0,0,191000,64000,127000,127000
065100,聯茂元大9C購04  ,0,0,0,0,0,0,0,0,0,127000,0,0,0,128000,1000,127000,127000
08228P,華擎國票9C售01  ,0,0,0,0,0,0,0,0,0,127000,0,0,0,137000,10000,127000,127000
068734,瑞儀元大02購02  ,0,0,0,0,0,0,0,0,0,126000,0,0,0,126000,0,126000,126000
068310,欣興國票03購02  ,0,0,0,0,0,0,0,0,0,126000,0,0,0,163000,37000,126000,126000
069384,玉晶光元大03購09,0,0,0,0,0,0,0,0,0,126000,0,0,0,172000,46000,126000,126000
069843,欣興群益02購09  ,0,0,0,0,0,0,0,0,0,126000,0,0,0,243000,117000,126000,126000
069766,聯電元大02購22  ,0,0,0,0,0,0,0,0,0,126000,0,0,0,130000,4000,126000,126000
060676,京元電元大9A購03,0,0,0,0,0,0,0,0,0,126000,0,0,0,291000,165000,126000,126000
059294,宏達電元富9B購02,0,0,0,0,0,0,0,0,0,126000,0,0,0,200000,74000,126000,126000
059742,富邦金元富99購01,0,0,0,0,0,0,0,0,0,126000,0,0,0,126000,0,126000,126000
061724,訊芯永豐9A購01  ,0,0,0,0,0,0,0,0,0,126000,0,0,0,126000,0,126000,126000
065130,奇鋐兆豐9C購01  ,0,0,0,0,0,0,0,0,0,126000,0,0,0,148000,22000,126000,126000
066746,聯茂元大01購01  ,0,0,0,0,0,0,0,0,0,126000,0,0,0,142000,16000,126000,126000
067041,國巨凱基04購02  ,0,0,0,0,0,0,0,0,0,126000,0,0,0,176000,50000,126000,126000
066948,聯發科元大01購16,0,0,0,0,0,0,0,0,0,126000,0,0,0,411000,285000,126000,126000
068485,台達電元大01購05,0,0,0,0,0,0,0,0,0,125000,0,0,0,167000,42000,125000,125000
03050X,元展47          ,0,0,0,0,0,0,0,0,0,125000,0,0,0,125000,0,125000,125000
00678,群益NBI生技     ,127000,4000,123000,0,0,0,0,0,0,2000,0,0,0,302000,300000,2000,125000
059208,SGBR2X元大99購02,0,0,0,0,0,0,0,0,0,125000,0,0,0,125000,0,125000,125000
061318,智邦凱基9B購01  ,0,0,0,0,0,0,0,0,0,125000,0,0,0,175000,50000,125000,125000
066587,台船群益01購01  ,0,0,0,0,0,0,0,0,0,125000,0,0,0,127000,2000,125000,125000
066625,瑞昱凱基02購01  ,0,0,0,0,0,0,0,0,0,125000,0,0,0,173000,48000,125000,125000
066697,長興群益01購01  ,0,0,0,0,0,0,0,0,0,125000,0,0,0,125000,0,125000,125000
066536,漢唐兆豐03購01  ,0,0,0,0,0,0,0,0,0,125000,0,0,0,125000,0,125000,125000
066300,潤泰新元大01購02,0,0,0,0,0,0,0,0,0,125000,0,0,0,219000,94000,125000,125000
066354,緯穎永豐01購01  ,0,0,0,0,0,0,0,0,0,125000,0,0,0,125000,0,125000,125000
068814,台光電元大02購01,0,0,0,0,0,0,0,0,0,124000,0,0,0,136000,12000,124000,124000
069464,南電兆豐03購02  ,0,0,0,0,0,0,0,0,0,124000,0,0,0,249000,125000,124000,124000
058327,大毅統一9B購01  ,0,0,0,0,0,0,0,0,0,124000,0,0,0,176000,52000,124000,124000
064670,智伸科元大9C購01,0,0,0,0,0,0,0,0,0,124000,0,0,0,128000,4000,124000,124000
063445,金像電統一9B購01,0,3000,-3000,0,0,0,0,0,0,127000,0,0,0,127000,0,127000,124000
066394,建準凱基01購01  ,0,0,0,0,0,0,0,0,0,124000,0,0,0,129000,5000,124000,124000
067368,技嘉統一03購01  ,0,0,0,0,0,0,0,0,0,124000,0,0,0,257000,133000,124000,124000
08552P,華新科群益9C售04,0,0,0,0,0,0,0,0,0,124000,0,0,0,200000,76000,124000,124000
063642,茂林元大9B購08  ,0,0,0,0,0,0,0,0,0,123000,0,0,0,148000,25000,123000,123000
063994,台光電群益9C購01,0,0,0,0,0,0,0,0,0,123000,0,0,0,190000,67000,123000,123000
064501,大立光元大01購02,0,0,0,0,0,0,0,0,0,123000,0,0,0,143000,20000,123000,123000
067380,華擎統一02購02  ,0,0,0,0,0,0,0,0,0,123000,0,0,0,173000,50000,123000,123000
065346,台光電統一02購01,0,0,0,0,0,0,0,0,0,123000,0,0,0,123000,0,123000,123000
066131,群光群益02購01  ,0,0,0,0,0,0,0,0,0,123000,0,0,0,196000,73000,123000,123000
2348,海悅            ,520000,394000,126000,0,0,0,0,0,0,-3000,21000,24000,-3000,0,0,0,123000
069510,宏碁凱基04購01  ,0,0,0,0,0,0,0,0,0,122000,0,0,0,178000,56000,122000,122000
069097,瑞昱統一04購01  ,0,0,0,0,0,0,0,0,0,122000,0,0,0,132000,10000,122000,122000
062703,可成元大9C購02  ,0,0,0,0,0,0,0,0,0,122000,0,0,0,177000,55000,122000,122000
064107,友達兆豐01購01  ,0,0,0,0,0,0,0,0,0,122000,0,0,0,142000,20000,122000,122000
065649,牧德元大03購01  ,0,0,0,0,0,0,0,0,0,122000,0,0,0,269000,147000,122000,122000
067509,京鼎統一01購01  ,0,0,0,0,0,0,0,0,0,122000,0,0,0,210000,88000,122000,122000
069146,欣興永豐02購03  ,0,0,0,0,0,0,0,0,0,121000,0,0,0,142000,21000,121000,121000
062540,茂林國泰9C購01  ,0,0,0,0,0,0,0,0,0,121000,0,0,0,127000,6000,121000,121000
061266,國泰金凱基9B購01,0,0,0,0,0,0,0,0,0,121000,0,0,0,121000,0,121000,121000
062305,遠東新凱基9B購01,0,0,0,0,0,0,0,0,0,121000,0,0,0,188000,67000,121000,121000
067523,上証反群益06購01,0,0,0,0,0,0,0,0,0,121000,0,0,0,121000,0,121000,121000
065460,嘉聯益台新9C購01,0,0,0,0,0,0,0,0,0,121000,0,0,0,125000,4000,121000,121000
069352,義隆國泰04購01  ,0,0,0,0,0,0,0,0,0,120000,0,0,0,135000,15000,120000,120000
069623,臻鼎統一04購01  ,0,0,0,0,0,0,0,0,0,120000,0,0,0,120000,0,120000,120000
068612,崇越凱基01購01  ,0,0,0,0,0,0,0,0,0,120000,0,0,0,262000,142000,120000,120000
03047P,矽創國票03售01  ,0,0,0,0,0,0,0,0,0,120000,0,0,0,162000,42000,120000,120000
057664,台積電元大9A購03,0,0,0,0,0,0,0,0,0,120000,0,0,0,120000,0,120000,120000
060948,可成第一9A購01  ,0,0,0,0,0,0,0,0,0,120000,0,0,0,120000,0,120000,120000
058635,華新科兆豐99購03,0,0,0,0,0,0,0,0,0,120000,0,0,0,120000,0,120000,120000
064453,微星統一02購01  ,0,0,0,0,0,0,0,0,0,120000,0,0,0,125000,5000,120000,120000
061418,世紀鋼群益9A購02,0,0,0,0,0,0,0,0,0,120000,0,0,0,120000,0,120000,120000
065521,貿聯群益9C購04  ,0,0,0,0,0,0,0,0,0,120000,0,0,0,193000,73000,120000,120000
064950,美律凱基02購01  ,0,0,0,0,0,0,0,0,0,120000,0,0,0,140000,20000,120000,120000
065689,群創元富9C購04  ,0,0,0,0,0,0,0,0,0,120000,0,0,0,150000,30000,120000,120000
08246P,亞德客群益01售01,0,0,0,0,0,0,0,0,0,120000,0,0,0,120000,0,120000,120000
07627P,超眾凱基9A售02  ,0,0,0,0,0,0,0,0,0,120000,0,0,0,120000,0,120000,120000
07931P,國巨元大9B售03  ,0,0,0,0,0,0,0,0,0,120000,0,0,0,120000,0,120000,120000
069124,南電群益02購01  ,0,0,0,0,0,0,0,0,0,119000,0,0,0,191000,72000,119000,119000
064367,貿聯統一01購02  ,0,0,0,0,0,0,0,0,0,119000,0,0,0,1448000,1329000,119000,119000
062574,美食群益9B購02  ,0,0,0,0,0,0,0,0,0,119000,0,0,0,148000,29000,119000,119000
07932P,國巨元大9B售04  ,0,0,0,0,0,0,0,0,0,119000,0,0,0,145000,26000,119000,119000
5269,祥碩            ,694000,547000,147000,0,0,0,26000,20000,6000,-34000,0,27000,-27000,7000,14000,-7000,119000
068173,友達中信01購05  ,0,0,0,0,0,0,0,0,0,118000,0,0,0,136000,18000,118000,118000
064542,聯電凱基02購01  ,0,0,0,0,0,0,0,0,0,118000,0,0,0,118000,0,118000,118000
061742,奇鋐凱基9B購01  ,0,0,0,0,0,0,0,0,0,118000,0,0,0,131000,13000,118000,118000
064221,華通國票01購01  ,0,0,0,0,0,0,0,0,0,118000,0,0,0,133000,15000,118000,118000
063326,正隆國票9B購01  ,0,0,0,0,0,0,0,0,0,118000,0,0,0,156000,38000,118000,118000
066092,億豐永豐01購01  ,0,0,0,0,0,0,0,0,0,118000,0,0,0,145000,27000,118000,118000
067233,微星群益02購02  ,0,0,0,0,0,0,0,0,0,118000,0,0,0,128000,10000,118000,118000
067061,亞泥元大01購01  ,0,0,0,0,0,0,0,0,0,118000,0,0,0,459000,341000,118000,118000
066483,瑞昱元富01購01  ,0,0,0,0,0,0,0,0,0,118000,0,0,0,128000,10000,118000,118000
066599,鴻海國泰03購02  ,0,0,0,0,0,0,0,0,0,118000,0,0,0,151000,33000,118000,118000
08216P,聯發科群益9C售05,0,0,0,0,0,0,0,0,0,118000,0,0,0,191000,73000,118000,118000
07978P,茂林群益9B售02  ,0,0,0,0,0,0,0,0,0,118000,0,0,0,118000,0,118000,118000
08428P,GIS國票01售01   ,0,0,0,0,0,0,0,0,0,118000,0,0,0,121000,3000,118000,118000
08840P,臺股指麥證01售07,0,0,0,333000,215000,118000,0,0,0,118000,0,0,0,333000,215000,118000,118000
069811,國產國票03購02  ,0,0,0,0,0,0,0,0,0,117000,0,0,0,122000,5000,117000,117000
061466,創意群益9A購01  ,0,0,0,0,0,0,0,0,0,117000,0,0,0,208000,91000,117000,117000
063914,和碩凱基9C購01  ,0,0,0,0,0,0,0,0,0,117000,0,0,0,117000,0,117000,117000
060745,京元電國票9A購01,0,0,0,0,0,0,0,0,0,117000,0,0,0,431000,314000,117000,117000
066614,貿聯麥證01購01  ,0,0,0,117000,0,117000,0,0,0,117000,0,0,0,117000,0,117000,117000
066382,拓凱康和01購01  ,0,0,0,0,0,0,0,0,0,117000,0,0,0,120000,3000,117000,117000
067303,聯發科元大02購03,0,0,0,0,0,0,0,0,0,117000,0,0,0,733000,616000,117000,117000
065991,牧德永豐01購01  ,0,0,0,0,0,0,0,0,0,117000,0,0,0,212000,95000,117000,117000
065094,新日興元大9C購04,0,0,0,0,0,0,0,0,0,117000,0,0,0,125000,8000,117000,117000
08412P,群創凱基01售03  ,0,0,0,0,0,0,0,0,0,117000,0,0,0,340000,223000,117000,117000
07845P,南亞科元大9A售08,0,0,0,0,0,0,0,0,0,117000,0,0,0,125000,8000,117000,117000
065482,立積元大01購02  ,0,0,0,0,0,0,0,0,0,116000,0,0,0,219000,103000,116000,116000
065326,華擎凱基02購01  ,0,0,0,0,0,0,0,0,0,116000,0,0,0,133000,17000,116000,116000
067529,力山群益01購02  ,0,0,0,0,0,0,0,0,0,116000,0,0,0,116000,0,116000,116000
067477,億光元大01購01  ,0,0,0,0,0,0,0,0,0,116000,0,0,0,154000,38000,116000,116000
067001,中化永豐01購02  ,0,0,0,0,0,0,0,0,0,116000,0,0,0,116000,0,116000,116000
07033P,大立光統一9B售03,0,0,0,0,0,0,0,0,0,115000,0,0,0,115000,0,115000,115000
069165,國揚元大02購02  ,0,0,0,0,0,0,0,0,0,115000,0,0,0,126000,11000,115000,115000
069270,長興永豐02購01  ,0,0,0,0,0,0,0,0,0,115000,0,0,0,148000,33000,115000,115000
062809,同欣電統一9C購01,0,0,0,0,0,0,0,0,0,115000,0,0,0,175000,60000,115000,115000
060300,佐登國泰9B購01  ,0,0,0,0,0,0,0,0,0,115000,0,0,0,115000,0,115000,115000
03502P,奇力新元富03售01,0,0,0,0,0,0,0,0,0,115000,0,0,0,324000,209000,115000,115000
064500,國泰金元大9C購01,0,0,0,0,0,0,0,0,0,115000,0,0,0,128000,13000,115000,115000
064523,聯茂群益9C購01  ,0,0,0,0,0,0,0,0,0,115000,0,0,0,279000,164000,115000,115000
061030,喬山永豐9A購01  ,0,0,0,0,0,0,0,0,0,115000,0,0,0,115000,0,115000,115000
063245,富邦金元大9B購03,0,0,0,0,0,0,0,0,0,115000,0,0,0,129000,14000,115000,115000
08497P,華新科國票01售02,0,0,0,0,0,0,0,0,0,115000,0,0,0,115000,0,115000,115000
069791,聯強凱基02購01  ,0,0,0,0,0,0,0,0,0,114000,0,0,0,114000,0,114000,114000
068852,可成統一04購01  ,0,0,0,0,0,0,0,0,0,114000,0,0,0,659000,545000,114000,114000
060744,鴻海國票9A購04  ,0,0,0,0,0,0,0,0,0,114000,0,0,0,364000,250000,114000,114000
062494,中石化中信9C購01,0,0,0,0,0,0,0,0,0,114000,0,0,0,191000,77000,114000,114000
067485,緯創元大01購01  ,0,0,0,0,0,0,0,0,0,114000,0,0,0,114000,0,114000,114000
067335,國產凱基02購02  ,0,0,0,0,0,0,0,0,0,114000,0,0,0,238000,124000,114000,114000
066744,和碩元大01購02  ,0,0,0,0,0,0,0,0,0,114000,0,0,0,114000,0,114000,114000
068313,松翰國票03購01  ,0,0,0,0,0,0,0,0,0,113000,0,0,0,116000,3000,113000,113000
067798,GIS中信03購01   ,0,0,0,0,0,0,0,0,0,113000,0,0,0,213000,100000,113000,113000
069834,欣興元富08購03  ,0,0,0,0,0,0,0,0,0,113000,0,0,0,339000,226000,113000,113000
069732,嘉晶麥證02購01  ,0,0,0,158000,10000,148000,0,0,0,113000,0,0,0,158000,45000,113000,113000
069998,奇鋐元富05購01  ,0,0,0,0,0,0,0,0,0,113000,0,0,0,206000,93000,113000,113000
069350,瑞儀群益02購02  ,0,0,0,0,0,0,0,0,0,113000,0,0,0,199000,86000,113000,113000
059851,晶相光永豐99購02,0,0,0,0,0,0,0,0,0,113000,0,0,0,113000,0,113000,113000
03070P,台表科群益01售04,0,0,0,0,0,0,0,0,0,113000,0,0,0,182000,69000,113000,113000
066392,聯強凱基01購01  ,0,0,0,0,0,0,0,0,0,113000,0,0,0,154000,41000,113000,113000
067363,同欣電群益01購02,0,0,0,0,0,0,0,0,0,113000,0,0,0,113000,0,113000,113000
067294,中磊兆豐03購01  ,0,0,0,0,0,0,0,0,0,113000,0,0,0,171000,58000,113000,113000
08836P,滬深2X國票02售04,0,0,0,0,0,0,0,0,0,113000,0,0,0,133000,20000,113000,113000
058148,百和元大99購01  ,0,0,0,0,0,0,0,0,0,112000,0,0,0,128000,16000,112000,112000
064235,美律統一9C購02  ,0,0,0,0,0,0,0,0,0,112000,0,0,0,238000,126000,112000,112000
066596,健策群益02購01  ,0,0,0,0,0,0,0,0,0,112000,0,0,0,164000,52000,112000,112000
066690,瑞昱台新01購01  ,0,0,0,0,0,0,0,0,0,112000,0,0,0,117000,5000,112000,112000
065007,群創國票01購01  ,0,0,0,0,0,0,0,0,0,112000,0,0,0,125000,13000,112000,112000
08949P,臺股指國票01售06,0,0,0,0,0,0,0,0,0,112000,0,0,0,285000,173000,112000,112000
07955P,大成鋼群益9B售02,0,0,0,0,0,0,0,0,0,112000,0,0,0,112000,0,112000,112000
8454,富邦媒          ,713000,615400,97600,0,0,0,52000,15000,37000,-23000,4000,27000,-23000,0,0,0,111600
069774,欣興元大02購14  ,0,0,0,0,0,0,0,0,0,111000,0,0,0,139000,28000,111000,111000
068819,國揚元大02購01  ,0,0,0,0,0,0,0,0,0,111000,0,0,0,162000,51000,111000,111000
064179,上銀富邦01購01  ,0,0,0,0,0,0,0,0,0,111000,0,0,0,199000,88000,111000,111000
053925,群創國票98購01  ,0,0,0,0,0,0,0,0,0,111000,0,0,0,111000,0,111000,111000
059849,興勤永豐99購01  ,0,0,0,0,0,0,0,0,0,111000,0,0,0,121000,10000,111000,111000
063131,聯茂元大9B購03  ,0,0,0,0,0,0,0,0,0,111000,0,0,0,123000,12000,111000,111000
064025,友達元大02購01  ,0,0,0,0,0,0,0,0,0,111000,0,0,0,123000,12000,111000,111000
062919,聯茂元大9B購01  ,0,0,0,0,0,0,0,0,0,111000,0,0,0,136000,25000,111000,111000
065870,正崴群益02購01  ,0,0,0,0,0,0,0,0,0,111000,0,0,0,128000,17000,111000,111000
066753,聯鈞國泰03購01  ,0,0,0,0,0,0,0,0,0,111000,0,0,0,120000,9000,111000,111000
068252,晶技元大01購05  ,0,0,0,0,0,0,0,0,0,110000,0,0,0,120000,10000,110000,110000
067746,瀚宇博元大01購04,0,0,0,0,0,0,0,0,0,110000,0,0,0,138000,28000,110000,110000
06925P,致茂群益9A售02  ,0,0,0,0,0,0,0,0,0,110000,0,0,0,120000,10000,110000,110000
069228,玉晶光群益03購02,0,0,0,0,0,0,0,0,0,110000,0,0,0,110000,0,110000,110000
068992,日電貿永豐02購01,0,0,0,0,0,0,0,0,0,110000,0,0,0,110000,0,110000,110000
03526P,欣興凱基02售13  ,0,0,0,0,0,0,0,0,0,110000,0,0,0,110000,0,110000,110000
03025P,國巨元大01售12  ,0,0,0,0,0,0,0,0,0,110000,0,0,0,186000,76000,110000,110000
060559,世紀鋼凱基9C購01,0,0,0,0,0,0,0,0,0,110000,0,0,0,125000,15000,110000,110000
061792,和大永豐9B購01  ,0,0,0,0,0,0,0,0,0,110000,0,0,0,110000,0,110000,110000
062032,崇越群益9B購01  ,0,0,0,0,0,0,0,0,0,110000,0,0,0,110000,0,110000,110000
064683,台表科兆豐9C購02,0,0,0,0,0,0,0,0,0,110000,0,0,0,110000,0,110000,110000
064996,T50反1國票01購03,0,0,0,0,0,0,0,0,0,110000,0,0,0,110000,0,110000,110000
065297,旺宏統一02購01  ,0,0,0,0,0,0,0,0,0,110000,0,0,0,110000,0,110000,110000
07672P,南電元大9A售05  ,0,0,0,0,0,0,0,0,0,110000,0,0,0,110000,0,110000,110000
08084P,台表科元大9B售06,0,0,0,0,0,0,0,0,0,110000,0,0,0,110000,0,110000,110000
08178P,南亞科元大9B售01,0,0,0,0,0,0,0,0,0,110000,0,0,0,112000,2000,110000,110000
08533P,技嘉元富06售02  ,0,0,0,0,0,0,0,0,0,110000,0,0,0,120000,10000,110000,110000
067928,華城凱基01購01  ,0,1000,-1000,0,0,0,0,0,0,110000,0,0,0,236000,126000,110000,109000
060953,富邦金群益9A購01,0,0,0,0,0,0,0,0,0,109000,0,0,0,201000,92000,109000,109000
03072P,台積電國泰03售04,0,0,0,0,0,0,0,0,0,109000,0,0,0,728000,619000,109000,109000
05620P,大立光富邦9B售01,0,0,0,0,0,0,0,0,0,109000,0,0,0,111000,2000,109000,109000
060700,華新科國泰9C購01,0,0,0,0,0,0,0,0,0,109000,0,0,0,197000,88000,109000,109000
064095,鴻海群益01購02  ,0,0,0,0,0,0,0,0,0,109000,0,0,0,109000,0,109000,109000
065566,裕隆群益9C購02  ,0,0,0,0,0,0,0,0,0,109000,0,0,0,138000,29000,109000,109000
067535,友達群益02購01  ,0,0,0,0,0,0,0,0,0,109000,0,0,0,122000,13000,109000,109000
08764P,台灣50富邦03售03,0,0,0,0,0,0,0,0,0,109000,0,0,0,109000,0,109000,109000
00662,富邦NASDAQ      ,70,0,70,0,0,0,0,0,0,108000,0,0,0,211000,103000,108000,108070
069251,奇鋐凱基02購02  ,0,0,0,0,0,0,0,0,0,108000,0,0,0,120000,12000,108000,108000
069686,景碩元大02購04  ,0,0,0,0,0,0,0,0,0,108000,0,0,0,108000,0,108000,108000
059146,貿聯國票9A購02  ,0,0,0,0,0,0,0,0,0,108000,0,0,0,110000,2000,108000,108000
064106,國巨兆豐9C購04  ,0,0,0,0,0,0,0,0,0,108000,0,0,0,120000,12000,108000,108000
063148,建準元富9B購01  ,0,0,0,0,0,0,0,0,0,108000,0,0,0,428000,320000,108000,108000
063581,同欣電國泰9C購01,0,0,0,0,0,0,0,0,0,108000,0,0,0,133000,25000,108000,108000
062710,盛群元大9B購01  ,0,0,0,0,0,0,0,0,0,108000,0,0,0,160000,52000,108000,108000
064483,瑞儀永豐9C購01  ,0,0,0,0,0,0,0,0,0,108000,0,0,0,118000,10000,108000,108000
063071,華新科富邦02購01,0,0,0,0,0,0,0,0,0,108000,0,0,0,278000,170000,108000,108000
066737,創意元大01購05  ,0,0,0,0,0,0,0,0,0,108000,0,0,0,222000,114000,108000,108000
065811,億豐群益9C購01  ,0,0,0,0,0,0,0,0,0,108000,0,0,0,116000,8000,108000,108000
069901,奇力新元大02購03,0,0,0,0,0,0,0,0,0,107000,0,0,0,107000,0,107000,107000
069261,緯穎凱基03購02  ,0,0,0,0,0,0,0,0,0,107000,0,0,0,107000,0,107000,107000
067632,台積電永豐01購03,0,0,0,0,0,0,0,0,0,107000,0,0,0,117000,10000,107000,107000
059995,南亞科元富99購01,0,0,0,0,0,0,0,0,0,107000,0,0,0,107000,0,107000,107000
057626,技嘉富邦9A購01  ,0,0,0,0,0,0,0,0,0,107000,0,0,0,321000,214000,107000,107000
03265P,訊芯國票04售01  ,0,0,0,0,0,0,0,0,0,107000,0,0,0,184000,77000,107000,107000
03294P,欣興永豐02售01  ,0,0,0,0,0,0,0,0,0,107000,0,0,0,187000,80000,107000,107000
062148,奇鋐國票9B購01  ,50000,0,50000,0,0,0,0,0,0,57000,0,0,0,134000,77000,57000,107000
066883,聯發科永豐01購01,0,0,0,0,0,0,0,0,0,107000,0,0,0,108000,1000,107000,107000
08380P,GIS元大9C售06   ,0,0,0,0,0,0,0,0,0,107000,0,0,0,260000,153000,107000,107000
07982P,全新群益9B售04  ,0,0,0,0,0,0,0,0,0,107000,0,0,0,217000,110000,107000,107000
8996,高力            ,389000,282000,107000,0,0,0,0,0,0,0,0,0,0,0,0,0,107000
068229,聯發科元富07購09,0,0,0,0,0,0,0,0,0,106000,0,0,0,430000,324000,106000,106000
068336,瀚宇博元大01購05,0,0,0,0,0,0,0,0,0,106000,0,0,0,195000,89000,106000,106000
068784,聯發科康和02購02,0,0,0,0,0,0,0,0,0,106000,0,0,0,338000,232000,106000,106000
069024,佳世達國票03購01,0,0,0,0,0,0,0,0,0,106000,0,0,0,114000,8000,106000,106000
068894,美律元大02購03  ,0,0,0,0,0,0,0,0,0,106000,0,0,0,140000,34000,106000,106000
03272P,台積電統一02售10,0,0,0,0,0,0,0,0,0,106000,0,0,0,180000,74000,106000,106000
053900,T50反1日盛99購01,0,0,0,0,0,0,0,0,0,106000,0,0,0,106000,0,106000,106000
063619,聯發科兆豐01購01,0,0,0,0,0,0,0,0,0,106000,0,0,0,111000,5000,106000,106000
064304,信邦兆豐01購01  ,0,0,0,0,0,0,0,0,0,106000,0,0,0,116000,10000,106000,106000
063966,大毅國票01購01  ,0,0,0,0,0,0,0,0,0,106000,0,0,0,116000,10000,106000,106000
067306,奇鋐元大01購02  ,0,0,0,0,0,0,0,0,0,106000,0,0,0,127000,21000,106000,106000
065756,緯創元大9C購05  ,0,0,0,0,0,0,0,0,0,106000,0,0,0,411000,305000,106000,106000
066042,正崴元大02購01  ,0,0,0,0,0,0,0,0,0,106000,0,0,0,106000,0,106000,106000
065002,致茂國票01購01  ,0,0,0,0,0,0,0,0,0,106000,0,0,0,106000,0,106000,106000
069016,瑞儀兆豐03購01  ,0,0,0,0,0,0,0,0,0,105000,0,0,0,115000,10000,105000,105000
068706,國產國票03購01  ,0,0,0,0,0,0,0,0,0,105000,0,0,0,121000,16000,105000,105000
067726,帆宣凱基01購01  ,0,0,0,0,0,0,0,0,0,105000,0,0,0,341000,236000,105000,105000
054740,強茂凱基99購01  ,0,0,0,0,0,0,0,0,0,105000,0,0,0,105000,0,105000,105000
062085,同欣電元大9B購01,0,0,0,0,0,0,0,0,0,105000,0,0,0,116000,11000,105000,105000
066674,達方凱基01購01  ,0,0,0,0,0,0,0,0,0,105000,0,0,0,118000,13000,105000,105000
08336P,聯發科中信9C售05,0,0,0,0,0,0,0,0,0,105000,0,0,0,115000,10000,105000,105000
068232,泰鼎元富04購01  ,0,0,0,0,0,0,0,0,0,104000,0,0,0,124000,20000,104000,104000
069104,南電統一04購01  ,0,0,0,0,0,0,0,0,0,104000,0,0,0,114000,10000,104000,104000
062443,大立光元大9B購05,0,0,0,0,0,0,0,0,0,104000,0,0,0,116000,12000,104000,104000
062607,美食凱基9B購01  ,0,0,0,0,0,0,0,0,0,104000,0,0,0,147000,43000,104000,104000
064678,嘉晶兆豐01購01  ,0,0,0,0,0,0,0,0,0,104000,0,0,0,156000,52000,104000,104000
063471,泰鼎元大9C購01  ,0,0,0,0,0,0,0,0,0,104000,0,0,0,150000,46000,104000,104000
066606,聯詠永豐01購01  ,0,0,0,0,0,0,0,0,0,104000,0,0,0,110000,6000,104000,104000
066525,創意統一03購01  ,0,0,0,0,0,0,0,0,0,104000,0,0,0,124000,20000,104000,104000
067064,為升元大01購02  ,0,0,0,0,0,0,0,0,0,104000,0,0,0,590000,486000,104000,104000
065397,宏達電群益9C購03,0,0,0,0,0,0,0,0,0,104000,0,0,0,105000,1000,104000,104000
065745,裕隆元大9C購03  ,0,0,0,0,0,0,0,0,0,104000,0,0,0,110000,6000,104000,104000
08877P,臺股指中信04售03,0,0,0,0,0,0,0,0,0,104000,0,0,0,104000,0,104000,104000
068975,瑞昱元大02購03  ,0,0,0,0,0,0,0,0,0,103000,0,0,0,122000,19000,103000,103000
07106P,國巨統一9B售05  ,0,0,0,0,0,0,0,0,0,103000,0,0,0,200000,97000,103000,103000
069746,景碩永豐02購02  ,0,0,0,0,0,0,0,0,0,103000,0,0,0,103000,0,103000,103000
068289,國泰金群益01購01,0,0,0,0,0,0,0,0,0,103000,0,0,0,103000,0,103000,103000
068433,台光電凱基01購04,0,0,0,0,0,0,0,0,0,103000,0,0,0,103000,0,103000,103000
057740,茂林富邦9A購01  ,0,0,0,0,0,0,0,0,0,103000,0,0,0,550000,447000,103000,103000
060650,奇力新中信9A購01,0,0,0,0,0,0,0,0,0,103000,0,0,0,103000,0,103000,103000
059219,旺宏元大99購12  ,0,0,0,0,0,0,0,0,0,103000,0,0,0,103000,0,103000,103000
062739,嘉晶國票9B購02  ,0,0,0,0,0,0,0,0,0,103000,0,0,0,103000,0,103000,103000
063528,元大金凱基9B購01,0,0,0,0,0,0,0,0,0,103000,0,0,0,155000,52000,103000,103000
063244,華新科元大9B購11,0,0,0,0,0,0,0,0,0,103000,0,0,0,134000,31000,103000,103000
063589,美食永豐9B購02  ,0,0,0,0,0,0,0,0,0,103000,0,0,0,153000,50000,103000,103000
063198,仁寶統一01購02  ,0,0,0,0,0,0,0,0,0,103000,0,0,0,138000,35000,103000,103000
064033,茂林元大9C購02  ,0,0,0,0,0,0,0,0,0,103000,0,0,0,239000,136000,103000,103000
064739,智邦國票01購01  ,0,0,0,0,0,0,0,0,0,103000,0,0,0,117000,14000,103000,103000
065614,緯穎元大01購02  ,0,0,0,0,0,0,0,0,0,103000,0,0,0,208000,105000,103000,103000
066200,建準統一02購01  ,0,0,0,0,0,0,0,0,0,103000,0,0,0,106000,3000,103000,103000
07604P,台灣50元大9B售09,0,0,0,0,0,0,0,0,0,103000,0,0,0,103000,0,103000,103000
068397,世紀鋼統一03購01,0,0,0,0,0,0,0,0,0,102000,0,0,0,102000,0,102000,102000
068666,聯電統一03購04  ,0,0,0,0,0,0,0,0,0,102000,0,0,0,312000,210000,102000,102000
067945,台積電國泰03購03,0,0,0,0,0,0,0,0,0,102000,0,0,0,240000,138000,102000,102000
067822,同欣電凱基01購02,0,0,0,0,0,0,0,0,0,102000,0,0,0,175000,73000,102000,102000
069387,牧德元大02購04  ,0,0,0,0,0,0,0,0,0,102000,0,0,0,220000,118000,102000,102000
058026,上銀富邦9A購01  ,0,0,0,0,0,0,0,0,0,102000,0,0,0,142000,40000,102000,102000
057082,玉晶光統一9A購04,0,0,0,0,0,0,0,0,0,102000,0,0,0,443000,341000,102000,102000
060065,大立光兆豐9B購01,0,0,0,0,0,0,0,0,0,102000,0,0,0,192000,90000,102000,102000
03379P,奇鋐群益02售03  ,0,0,0,0,0,0,0,0,0,102000,0,0,0,291000,189000,102000,102000
064048,大立光統一9C購07,0,0,0,0,0,0,0,0,0,102000,0,0,0,337000,235000,102000,102000
063458,正隆元大9B購01  ,1000,0,1000,0,0,0,0,0,0,101000,0,0,0,307000,206000,101000,102000
066088,漢翔永豐01購01  ,0,0,0,0,0,0,0,0,0,102000,0,0,0,172000,70000,102000,102000
065393,旺宏群益9C購04  ,0,0,0,0,0,0,0,0,0,102000,0,0,0,145000,43000,102000,102000
067318,康控元大01購03  ,0,0,0,0,0,0,0,0,0,102000,0,0,0,202000,100000,102000,102000
067498,臻鼎元大01購03  ,0,0,0,0,0,0,0,0,0,102000,0,0,0,147000,45000,102000,102000
067492,健策元大01購11  ,0,0,0,0,0,0,0,0,0,102000,0,0,0,202000,100000,102000,102000
066508,世紀鋼富邦03購01,0,0,0,0,0,0,0,0,0,102000,0,0,0,187000,85000,102000,102000
07818P,台積電國票9C售01,0,0,0,0,0,0,0,0,0,102000,0,0,0,182000,80000,102000,102000
08646P,臺股指中信03售02,0,0,0,0,0,0,0,0,0,102000,0,0,0,102000,0,102000,102000
068967,茂林群益02購01  ,0,0,0,0,0,0,0,0,0,101000,0,0,0,151000,50000,101000,101000
069753,欣興中信03購01  ,0,0,0,0,0,0,0,0,0,101000,0,0,0,153000,52000,101000,101000
07128P,大毅元大99售04  ,0,0,0,0,0,0,0,0,0,101000,0,0,0,101000,0,101000,101000
068097,台積電富邦03購05,0,0,0,0,0,0,0,0,0,101000,0,0,0,110000,9000,101000,101000
068756,得力永豐02購01  ,0,0,0,0,0,0,0,0,0,101000,0,0,0,101000,0,101000,101000
068439,信邦凱基01購02  ,0,0,0,0,0,0,0,0,0,101000,0,0,0,131000,30000,101000,101000
063277,大成鋼元大9B購03,0,0,0,0,0,0,0,0,0,101000,0,0,0,400000,299000,101000,101000
064362,友達統一01購02  ,0,0,0,0,0,0,0,0,0,101000,0,0,0,121000,20000,101000,101000
066916,台虹凱基01購01  ,0,0,0,0,0,0,0,0,0,101000,0,0,0,106000,5000,101000,101000
065398,國泰金群益9C購01,0,0,0,0,0,0,0,0,0,101000,0,0,0,104000,3000,101000,101000
064836,群創統一9C購04  ,0,0,0,0,0,0,0,0,0,101000,0,0,0,153000,52000,101000,101000
068501,泰鼎元大01購04  ,0,0,0,0,0,0,0,0,0,100000,0,0,0,100000,0,100000,100000
068733,瑞儀元大02購01  ,0,0,0,0,0,0,0,0,0,100000,0,0,0,255000,155000,100000,100000
068100,喬山永豐01購01  ,0,0,0,0,0,0,0,0,0,100000,0,0,0,112000,12000,100000,100000
068172,燿華中信01購02  ,0,0,0,0,0,0,0,0,0,100000,0,0,0,100000,0,100000,100000
069890,上銀元大02購01  ,0,0,0,0,0,0,0,0,0,100000,0,0,0,100000,0,100000,100000
069714,和鑫國票03購01  ,0,0,0,0,0,0,0,0,0,100000,0,0,0,100000,0,100000,100000
03454B,臺股指元大04熊06,0,0,0,0,0,0,0,0,0,100000,0,0,0,164000,64000,100000,100000
054803,味全元大9A購01  ,0,0,0,0,0,0,0,0,0,100000,0,0,0,100000,0,100000,100000
054589,聯鈞國泰99購01  ,0,0,0,0,0,0,0,0,0,100000,0,0,0,100000,0,100000,100000
055817,京鼎國票99購01  ,0,0,0,0,0,0,0,0,0,100000,0,0,0,100000,0,100000,100000
055092,開發金群益9B購01,0,0,0,0,0,0,0,0,0,100000,0,0,0,100000,0,100000,100000
053402,A50正2群益9A購02,0,0,0,0,0,0,0,0,0,100000,0,0,0,110000,10000,100000,100000
03048P,南電國票03售01  ,0,0,0,0,0,0,0,0,0,100000,0,0,0,100000,0,100000,100000
057385,光罩永豐99購01  ,0,0,0,0,0,0,0,0,0,100000,0,0,0,100000,0,100000,100000
058558,鴻海日盛9A購02  ,0,0,0,0,0,0,0,0,0,100000,0,0,0,100000,0,100000,100000
058794,旺宏元大99購09  ,0,0,0,0,0,0,0,0,0,100000,0,0,0,100000,0,100000,100000
064735,群創元富9C購02  ,0,0,0,0,0,0,0,0,0,100000,0,0,0,100000,0,100000,100000
064646,群創凱基02購01  ,0,0,0,0,0,0,0,0,0,100000,0,0,0,105000,5000,100000,100000
060838,華通國票9A購05  ,0,0,0,0,0,0,0,0,0,100000,0,0,0,100000,0,100000,100000
060884,超眾中信9B購01  ,0,0,0,0,0,0,0,0,0,100000,0,0,0,192000,92000,100000,100000
063473,茂林元大9B購05  ,0,0,0,0,0,0,0,0,0,100000,0,0,0,168000,68000,100000,100000
061342,華新科元大9A購17,0,0,0,0,0,0,0,0,0,100000,0,0,0,100000,0,100000,100000
063823,T50反1國票01購02,0,0,0,0,0,0,0,0,0,100000,0,0,0,100000,0,100000,100000
061773,和潤元大9B購01  ,0,0,0,0,0,0,0,0,0,100000,0,0,0,100000,0,100000,100000
061625,聯茂群益9A購02  ,0,0,0,0,0,0,0,0,0,100000,0,0,0,100000,0,100000,100000
064983,力成元大9C購04  ,0,0,0,0,0,0,0,0,0,100000,0,0,0,130000,30000,100000,100000
065082,台光電元大9C購04,0,0,0,0,0,0,0,0,0,100000,0,0,0,101000,1000,100000,100000
065356,聯發科元富03購06,0,0,0,0,0,0,0,0,0,100000,0,0,0,100000,0,100000,100000
065254,大成鋼元大9C購01,0,0,0,0,0,0,0,0,0,100000,0,0,0,200000,100000,100000,100000
065185,和大統一02購05  ,0,0,0,0,0,0,0,0,0,100000,0,0,0,100000,0,100000,100000
066035,南電群益01購01  ,0,0,0,0,0,0,0,0,0,100000,0,0,0,100000,0,100000,100000
065967,國巨元大01購07  ,0,0,0,0,0,0,0,0,0,100000,0,0,0,193000,93000,100000,100000
065559,超眾凱基9C購03  ,0,0,0,0,0,0,0,0,0,100000,0,0,0,100000,0,100000,100000
065560,同欣電麥證9C購02,0,0,0,100000,0,100000,0,0,0,100000,0,0,0,100000,0,100000,100000
065718,健策中信9C購02  ,0,0,0,0,0,0,0,0,0,100000,0,0,0,107000,7000,100000,100000
067495,日月光元大01購04,0,0,0,0,0,0,0,0,0,100000,0,0,0,400000,300000,100000,100000
067397,欣興永豐01購03  ,0,0,0,0,0,0,0,0,0,100000,0,0,0,100000,0,100000,100000
066504,全新富邦03購01  ,0,0,0,0,0,0,0,0,0,100000,0,0,0,100000,0,100000,100000
066233,華碩富邦02購01  ,0,0,0,0,0,0,0,0,0,100000,0,0,0,121000,21000,100000,100000
066808,牧德凱基01購01  ,0,0,0,0,0,0,0,0,0,100000,0,0,0,100000,0,100000,100000
066793,T50反1凱基03購04,0,0,0,0,0,0,0,0,0,100000,0,0,0,200000,100000,100000,100000
066845,亞光元大01購02  ,0,0,0,0,0,0,0,0,0,100000,0,0,0,100000,0,100000,100000
07823P,國巨元大9A售23  ,0,0,0,0,0,0,0,0,0,100000,0,0,0,100000,0,100000,100000
07948P,大成鋼凱基9B售01,0,0,0,0,0,0,0,0,0,100000,0,0,0,115000,15000,100000,100000
07600P,台灣50凱基04售06,0,0,0,0,0,0,0,0,0,100000,0,0,0,100000,0,100000,100000
08326P,臺股指凱基9C售09,0,0,0,0,0,0,0,0,0,100000,0,0,0,100000,0,100000,100000
08014P,微星凱基9B售02  ,0,0,0,0,0,0,0,0,0,100000,0,0,0,100000,0,100000,100000
08027P,嘉晶元大9B售03  ,0,0,0,0,0,0,0,0,0,100000,0,0,0,410000,310000,100000,100000
08159P,日月光元富9B售01,0,0,0,0,0,0,0,0,0,100000,0,0,0,386000,286000,100000,100000
08148P,長榮航群益9B售03,0,0,0,0,0,0,0,0,0,100000,0,0,0,100000,0,100000,100000
069758,智邦兆豐03購02  ,0,0,0,0,0,0,0,0,0,99000,0,0,0,129000,30000,99000,99000
069957,中租永豐02購01  ,0,0,0,0,0,0,0,0,0,99000,0,0,0,99000,0,99000,99000
067894,玉晶光群益02購08,0,0,0,0,0,0,0,0,0,99000,0,0,0,99000,0,99000,99000
068758,喬山永豐02購01  ,0,0,0,0,0,0,0,0,0,99000,0,0,0,100000,1000,99000,99000
068520,彩晶統一03購02  ,0,0,0,0,0,0,0,0,0,99000,0,0,0,105000,6000,99000,99000
068537,信邦中信01購01  ,0,0,0,0,0,0,0,0,0,99000,0,0,0,99000,0,99000,99000
06824P,台灣50國票99售02,0,0,0,0,0,0,0,0,0,99000,0,0,0,99000,0,99000,99000
060077,台積電台新9B購01,0,0,0,0,0,0,0,0,0,99000,0,0,0,99000,0,99000,99000
059580,大立光元富99購07,0,0,0,0,0,0,0,0,0,99000,0,0,0,101000,2000,99000,99000
01009T,王道圓滿R1      ,0,0,0,0,0,0,0,0,0,99000,99000,0,99000,0,0,0,99000
03377P,南電元大02售06  ,0,0,0,0,0,0,0,0,0,99000,0,0,0,365000,266000,99000,99000
059865,國巨凱基01購01  ,0,0,0,0,0,0,0,0,0,99000,0,0,0,299000,200000,99000,99000
059911,國巨元大99購27  ,0,0,0,0,0,0,0,0,0,99000,0,0,0,104000,5000,99000,99000
063144,超眾統一9C購02  ,0,0,0,0,0,0,0,0,0,99000,0,0,0,127000,28000,99000,99000
064569,群創群益9C購01  ,0,0,0,0,0,0,0,0,0,99000,0,0,0,598000,499000,99000,99000
066573,瑞祺元大01購02  ,0,0,0,0,0,0,0,0,0,99000,0,0,0,150000,51000,99000,99000
065645,嘉晶元大01購02  ,0,0,0,0,0,0,0,0,0,99000,0,0,0,102000,3000,99000,99000
066061,超眾元大01購04  ,0,0,0,0,0,0,0,0,0,99000,0,0,0,291000,192000,99000,99000
065472,華新元大01購01  ,0,0,0,0,0,0,0,0,0,99000,0,0,0,272000,173000,99000,99000
08294P,台積電元大9C售06,0,0,0,0,0,0,0,0,0,99000,0,0,0,299000,200000,99000,99000
068262,南電富邦03購01  ,0,0,0,0,0,0,0,0,0,98000,0,0,0,98000,0,98000,98000
068915,聯詠群益03購01  ,0,0,0,0,0,0,0,0,0,98000,0,0,0,98000,0,98000,98000
069067,聯發科麥證02購03,0,0,0,98000,0,98000,0,0,0,98000,0,0,0,98000,0,98000,98000
069125,美利達群益02購02,0,0,0,0,0,0,0,0,0,98000,0,0,0,98000,0,98000,98000
069459,華碩兆豐03購01  ,0,0,0,0,0,0,0,0,0,98000,0,0,0,114000,16000,98000,98000
064671,聯茂元大9C購02  ,0,0,0,0,0,0,0,0,0,98000,0,0,0,100000,2000,98000,98000
062438,台光電元大9B購04,0,0,0,0,0,0,0,0,0,98000,0,0,0,170000,72000,98000,98000
064118,喬山元大01購01  ,0,0,0,0,0,0,0,0,0,98000,0,0,0,327000,229000,98000,98000
062011,上銀富邦9C購01  ,0,0,0,0,0,0,0,0,0,98000,0,0,0,118000,20000,98000,98000
065281,和大群益01購02  ,0,0,0,0,0,0,0,0,0,98000,0,0,0,98000,0,98000,98000
064791,友達國票9C購01  ,0,0,0,0,0,0,0,0,0,98000,0,0,0,239000,141000,98000,98000
065692,國巨群益9C購17  ,0,0,0,0,0,0,0,0,0,98000,0,0,0,103000,5000,98000,98000
065849,景碩元大9C購03  ,0,0,0,0,0,0,0,0,0,98000,0,0,0,98000,0,98000,98000
066787,聯發科麥證01購06,0,0,0,98000,0,98000,0,0,0,98000,0,0,0,98000,0,98000,98000
066318,友訊永豐01購01  ,0,0,0,0,0,0,0,0,0,98000,0,0,0,98000,0,98000,98000
06640P,國巨兆豐99售02  ,0,0,0,0,0,0,0,0,0,98000,0,0,0,100000,2000,98000,98000
066979,國巨群益01購04  ,0,0,0,0,0,0,0,0,0,98000,0,0,0,103000,5000,98000,98000
08470P,世芯凱基9C售02  ,0,0,0,0,0,0,0,0,0,98000,0,0,0,98000,0,98000,98000
08795P,聯發科凱基01售11,0,0,0,0,0,0,0,0,0,98000,0,0,0,98000,0,98000,98000
9958,世紀鋼          ,2453000,1946000,507000,0,0,0,82000,0,82000,-491000,143000,220000,-77000,260000,674000,-414000,98000
068308,強茂國票01購01  ,0,0,0,0,0,0,0,0,0,97000,0,0,0,180000,83000,97000,97000
067720,瑞昱凱基01購02  ,0,0,0,0,0,0,0,0,0,97000,0,0,0,125000,28000,97000,97000
068068,瑞昱凱基01購03  ,0,0,0,0,0,0,0,0,0,97000,0,0,0,97000,0,97000,97000
056578,智易元大99購02  ,0,0,0,0,0,0,0,0,0,97000,0,0,0,108000,11000,97000,97000
06333P,臺股指群益9C售02,0,0,0,0,0,0,0,0,0,97000,0,0,0,138000,41000,97000,97000
061521,亞光兆豐9A購02  ,0,0,0,0,0,0,0,0,0,97000,0,0,0,101000,4000,97000,97000
063922,大立光元富9C購04,0,0,0,0,0,0,0,0,0,97000,0,0,0,247000,150000,97000,97000
066266,強茂元大01購01  ,0,0,0,0,0,0,0,0,0,97000,0,0,0,125000,28000,97000,97000
068525,京元電元富07購01,0,0,0,0,0,0,0,0,0,96000,0,0,0,142000,46000,96000,96000
069348,和碩群益02購01  ,0,0,0,0,0,0,0,0,0,96000,0,0,0,100000,4000,96000,96000
053316,友達群益9A購01  ,0,0,0,0,0,0,0,0,0,96000,0,0,0,96000,0,96000,96000
062413,台光電中信9B購02,0,0,0,0,0,0,0,0,0,96000,0,0,0,151000,55000,96000,96000
060718,中磊永豐9A購01  ,0,0,0,0,0,0,0,0,0,96000,0,0,0,100000,4000,96000,96000
064548,漢翔凱基9C購01  ,0,0,0,0,0,0,0,0,0,96000,0,0,0,143000,47000,96000,96000
064350,茂林元大01購01  ,0,0,0,0,0,0,0,0,0,96000,0,0,0,168000,72000,96000,96000
065108,建準國票01購01  ,0,0,0,0,0,0,0,0,0,96000,0,0,0,96000,0,96000,96000
065216,群創國泰01購02  ,0,0,0,0,0,0,0,0,0,96000,0,0,0,136000,40000,96000,96000
065517,緯創群益9C購02  ,0,0,0,0,0,0,0,0,0,96000,0,0,0,156000,60000,96000,96000
4942,嘉彰            ,330000,233000,97000,0,0,0,0,0,0,-1000,0,1000,-1000,0,0,0,96000
08401P,玉晶光元富9C售04,0,0,0,0,0,0,0,0,0,96000,0,0,0,592000,496000,96000,96000
08155P,聯發科元富9B售05,0,0,0,0,0,0,0,0,0,96000,0,0,0,97000,1000,96000,96000
1590,亞德客-KY       ,768140,665000,103140,0,0,0,9000,0,9000,-17000,8000,21000,-13000,4000,8000,-4000,95140
069430,精元群益02購01  ,0,0,0,0,0,0,0,0,0,95000,0,0,0,162000,67000,95000,95000
069061,台積電麥證02購03,0,0,0,100000,5000,95000,0,0,0,95000,0,0,0,100000,5000,95000,95000
068984,新唐元大02購01  ,0,0,0,0,0,0,0,0,0,95000,0,0,0,97000,2000,95000,95000
07005P,台積電統一9B售05,0,0,0,0,0,0,0,0,0,95000,0,0,0,95000,0,95000,95000
069688,創意元大02購02  ,0,0,0,0,0,0,0,0,0,95000,0,0,0,329000,234000,95000,95000
068344,台積電麥證01購13,0,0,0,115000,20000,95000,0,0,0,95000,0,0,0,115000,20000,95000,95000
068360,緯穎凱基01購05  ,0,0,0,0,0,0,0,0,0,95000,0,0,0,115000,20000,95000,95000
068357,富邦金凱基01購01,0,0,0,0,0,0,0,0,0,95000,0,0,0,224000,129000,95000,95000
067902,中磊群益01購01  ,0,0,0,0,0,0,0,0,0,95000,0,0,0,100000,5000,95000,95000
00703,台新MSCI中國    ,0,0,0,0,0,0,0,0,0,95000,0,0,0,177000,82000,95000,95000
03414P,臺股指元大03售06,0,0,0,0,0,0,0,0,0,95000,0,0,0,953000,858000,95000,95000
058480,新日興凱基9A購01,0,0,0,0,0,0,0,0,0,95000,0,0,0,103000,8000,95000,95000
060058,牧德凱基9B購01  ,0,0,0,0,0,0,0,0,0,95000,0,0,0,100000,5000,95000,95000
063563,國巨元大9C購07  ,0,0,0,0,0,0,0,0,0,95000,0,0,0,100000,5000,95000,95000
064658,喬山元大9C購01  ,0,0,0,0,0,0,0,0,0,95000,0,0,0,105000,10000,95000,95000
063951,新日興元大9C購01,0,0,0,0,0,0,0,0,0,95000,0,0,0,95000,0,95000,95000
061699,燿華國票9A購01  ,0,0,0,0,0,0,0,0,0,95000,0,0,0,100000,5000,95000,95000
063402,GIS群益9B購02   ,0,0,0,0,0,0,0,0,0,95000,0,0,0,95000,0,95000,95000
064956,麗豐凱基9C購01  ,0,0,0,0,0,0,0,0,0,95000,0,0,0,180000,85000,95000,95000
08198P,聯發科元大9B售25,0,0,0,0,0,0,0,0,0,95000,0,0,0,100000,5000,95000,95000
08387P,臺股指群益9C售15,0,0,0,0,0,0,0,0,0,95000,0,0,0,95000,0,95000,95000
067961,台達電群益01購03,0,0,0,0,0,0,0,0,0,94000,0,0,0,111000,17000,94000,94000
06842P,臺股指統一9A售03,0,0,0,0,0,0,0,0,0,94000,0,0,0,94000,0,94000,94000
058588,致茂中信9B購01  ,0,0,0,0,0,0,0,0,0,94000,0,0,0,94000,0,94000,94000
051847,香港反中信99購01,0,0,0,0,0,0,0,0,0,94000,0,0,0,94000,0,94000,94000
064014,貿聯國票01購01  ,0,0,0,0,0,0,0,0,0,94000,0,0,0,94000,0,94000,94000
065091,亞光元大9C購01  ,0,0,0,0,0,0,0,0,0,94000,0,0,0,100000,6000,94000,94000
065562,同欣電麥證9C購04,0,0,0,100000,6000,94000,0,0,0,94000,0,0,0,100000,6000,94000,94000
065584,華通富邦01購01  ,0,0,0,0,0,0,0,0,0,94000,0,0,0,124000,30000,94000,94000
066660,群光凱基01購01  ,0,0,0,0,0,0,0,0,0,94000,0,0,0,334000,240000,94000,94000
08565P,聯發科群益9C售12,0,0,0,0,0,0,0,0,0,94000,0,0,0,120000,26000,94000,94000
9941,裕融            ,132000,335000,-203000,0,0,0,300000,0,300000,-3000,0,4000,-4000,1000,0,1000,94000
068105,GIS永豐01購01   ,0,0,0,0,0,0,0,0,0,93000,0,0,0,98000,5000,93000,93000
068999,力山兆豐03購01  ,0,0,0,0,0,0,0,0,0,93000,0,0,0,147000,54000,93000,93000
069087,緯穎凱基03購01  ,0,0,0,0,0,0,0,0,0,93000,0,0,0,120000,27000,93000,93000
03033P,微星國票03售01  ,0,0,0,0,0,0,0,0,0,93000,0,0,0,203000,110000,93000,93000
03060P,微星凱基01售01  ,0,0,0,0,0,0,0,0,0,93000,0,0,0,223000,130000,93000,93000
03002P,玉晶光群益02售18,0,0,0,0,0,0,0,0,0,93000,0,0,0,133000,40000,93000,93000
03429P,瑞昱元大02售05  ,0,0,0,0,0,0,0,0,0,93000,0,0,0,391000,298000,93000,93000
064165,同欣電統一01購01,0,0,0,0,0,0,0,0,0,93000,0,0,0,302000,209000,93000,93000
058966,元油2X日盛99購03,0,0,0,0,0,0,0,0,0,93000,0,0,0,93000,0,93000,93000
061701,友達國票9B購02  ,0,0,0,0,0,0,0,0,0,93000,0,0,0,105000,12000,93000,93000
063616,上銀兆豐9C購01  ,0,0,0,0,0,0,0,0,0,93000,0,0,0,111000,18000,93000,93000
064563,全新群益02購01  ,0,0,0,0,0,0,0,0,0,93000,0,0,0,100000,7000,93000,93000
066262,華碩元大01購02  ,0,0,0,0,0,0,0,0,0,93000,0,0,0,93000,0,93000,93000
067402,茂林永豐01購01  ,0,0,0,0,0,0,0,0,0,93000,0,0,0,110000,17000,93000,93000
065375,神基元大03購01  ,0,0,0,0,0,0,0,0,0,93000,0,0,0,200000,107000,93000,93000
065270,TPK元大01購01   ,0,0,0,0,0,0,0,0,0,93000,0,0,0,105000,12000,93000,93000
08703P,華碩凱基01售02  ,0,0,0,0,0,0,0,0,0,93000,0,0,0,188000,95000,93000,93000
08822P,聯發科凱基01售12,0,0,0,0,0,0,0,0,0,93000,0,0,0,136000,43000,93000,93000
068127,台積電統一02購07,0,0,0,0,0,0,0,0,0,92000,0,0,0,191000,99000,92000,92000
063562,國巨元大9C購06  ,0,0,0,0,0,0,0,0,0,92000,0,0,0,100000,8000,92000,92000
059363,超眾永豐99購02  ,0,0,0,0,0,0,0,0,0,92000,0,0,0,92000,0,92000,92000
03373P,聯發科元大02售11,0,0,0,0,0,0,0,0,0,92000,0,0,0,114000,22000,92000,92000
03092P,臺股指元大01售21,0,0,0,0,0,0,0,0,0,92000,0,0,0,229000,137000,92000,92000
066141,盛群群益01購01  ,0,0,0,0,0,0,0,0,0,92000,0,0,0,105000,13000,92000,92000
067383,樺漢統一03購02  ,0,0,0,0,0,0,0,0,0,92000,0,0,0,216000,124000,92000,92000
066485,台光電元富01購01,0,0,0,0,0,0,0,0,0,92000,0,0,0,160000,68000,92000,92000
066703,聯詠群益01購02  ,0,0,0,0,0,0,0,0,0,92000,0,0,0,138000,46000,92000,92000
08859P,奇鋐國票03售01  ,0,0,0,0,0,0,0,0,0,92000,0,0,0,223000,131000,92000,92000
068401,瑞昱元富07購03  ,0,0,0,0,0,0,0,0,0,91000,0,0,0,185000,94000,91000,91000
069004,瑞昱兆豐03購02  ,0,0,0,0,0,0,0,0,0,91000,0,0,0,157000,66000,91000,91000
069854,金像電永豐02購03,0,0,0,0,0,0,0,0,0,91000,0,0,0,187000,96000,91000,91000
059194,元金2X永豐99購01,0,0,0,0,0,0,0,0,0,91000,0,0,0,91000,0,91000,91000
061914,台光電中信9B購01,0,0,0,0,0,0,0,0,0,91000,0,0,0,120000,29000,91000,91000
064257,台勝科國泰01購01,0,0,0,0,0,0,0,0,0,91000,0,0,0,121000,30000,91000,91000
061744,超眾凱基9B購02  ,0,0,0,0,0,0,0,0,0,91000,0,0,0,144000,53000,91000,91000
066713,台灣50元大01購21,0,0,0,0,0,0,0,0,0,91000,0,0,0,95000,4000,91000,91000
065333,冠德國票01購01  ,0,0,0,0,0,0,0,0,0,91000,0,0,0,138000,47000,91000,91000
064697,健策群益01購02  ,0,0,0,0,0,0,0,0,0,91000,0,0,0,96000,5000,91000,91000
08599P,台表科元大9C售11,0,0,0,0,0,0,0,0,0,91000,0,0,0,112000,21000,91000,91000
07774P,台灣50群益9A售16,0,0,0,0,0,0,0,0,0,91000,0,0,0,91000,0,91000,91000
07874P,長榮航群益9B售01,0,0,0,0,0,0,0,0,0,91000,0,0,0,100000,9000,91000,91000
5388,中磊            ,775000,667000,108000,0,0,0,0,0,0,-17000,0,0,0,19000,36000,-17000,91000
4943,康控-KY         ,314704,134000,180704,0,0,0,0,0,0,-90000,0,67000,-67000,18000,41000,-23000,90704
070013,彩晶元大02購03  ,0,0,0,0,0,0,0,0,0,90000,0,0,0,150000,60000,90000,90000
068902,瑞儀元大02購03  ,0,0,0,0,0,0,0,0,0,90000,0,0,0,201000,111000,90000,90000
06854P,鴻海富邦99售05  ,0,0,0,0,0,0,0,0,0,90000,0,0,0,140000,50000,90000,90000
068740,T50反1群益03購01,0,0,0,0,0,0,0,0,0,90000,0,0,0,100000,10000,90000,90000
068079,瑞儀凱基01購01  ,0,0,0,0,0,0,0,0,0,90000,0,0,0,95000,5000,90000,90000
068197,聯發科凱基01購19,0,0,0,0,0,0,0,0,0,90000,0,0,0,90000,0,90000,90000
067944,緯穎凱基01購04  ,0,0,0,0,0,0,0,0,0,90000,0,0,0,100000,10000,90000,90000
067747,同欣電元大01購04,0,0,0,0,0,0,0,0,0,90000,0,0,0,158000,68000,90000,90000
060455,葡萄王元大9A購02,0,0,0,0,0,0,0,0,0,90000,0,0,0,100000,10000,90000,90000
063680,寶成富邦9C購01  ,0,0,0,0,0,0,0,0,0,90000,0,0,0,100000,10000,90000,90000
063273,緯穎兆豐9C購01  ,0,0,0,0,0,0,0,0,0,90000,0,0,0,90000,0,90000,90000
064522,華擎群益01購01  ,0,0,0,0,0,0,0,0,0,90000,0,0,0,105000,15000,90000,90000
064582,裕隆永豐9C購02  ,0,0,0,0,0,0,0,0,0,90000,0,0,0,91000,1000,90000,90000
064674,鈺齊元大9C購01  ,0,2000,-2000,0,0,0,0,0,0,92000,0,0,0,233000,141000,92000,90000
061094,彩晶統一9B購02  ,0,0,0,0,0,0,0,0,0,90000,0,0,0,90000,0,90000,90000
065904,群創富邦02購01  ,0,0,0,0,0,0,0,0,0,90000,0,0,0,300000,210000,90000,90000
065699,南亞科群益9C購02,0,0,0,0,0,0,0,0,0,90000,0,0,0,100000,10000,90000,90000
067262,嘉基國票02購01  ,0,0,0,0,0,0,0,0,0,90000,0,0,0,170000,80000,90000,90000
067491,健策元大01購10  ,0,0,0,0,0,0,0,0,0,90000,0,0,0,146000,56000,90000,90000
067201,A50正2元大03購01,0,0,0,0,0,0,0,0,0,90000,0,0,0,120000,30000,90000,90000
9955,佳龍            ,308000,218000,90000,0,0,0,0,0,0,0,0,0,0,0,0,0,90000
08088P,義隆凱基9B售03  ,0,0,0,0,0,0,0,0,0,90000,0,0,0,110000,20000,90000,90000
08419P,元金2X群益9C售01,0,0,0,0,0,0,0,0,0,90000,0,0,0,90000,0,90000,90000
067865,友達元大01購02  ,0,0,0,0,0,0,0,0,0,89000,0,0,0,109000,20000,89000,89000
068008,聯茂元大01購02  ,0,0,0,0,0,0,0,0,0,89000,0,0,0,300000,211000,89000,89000
069740,智邦永豐02購02  ,0,0,0,0,0,0,0,0,0,89000,0,0,0,91000,2000,89000,89000
064745,聯鈞國票01購01  ,0,0,0,0,0,0,0,0,0,89000,0,0,0,137000,48000,89000,89000
063296,可成麥證9B購01  ,0,0,0,99000,10000,89000,0,0,0,89000,0,0,0,99000,10000,89000,89000
062925,建準國票9B購01  ,0,0,0,0,0,0,0,0,0,89000,0,0,0,125000,36000,89000,89000
067493,健策元大01購12  ,0,0,0,0,0,0,0,0,0,89000,0,0,0,328000,239000,89000,89000
065741,聯發科麥證9C購06,0,0,0,89000,0,89000,0,0,0,89000,0,0,0,89000,0,89000,89000
066154,聯強康和01購01  ,0,0,0,0,0,0,0,0,0,89000,0,0,0,353000,264000,89000,89000
064952,國泰金凱基9C購01,0,0,0,0,0,0,0,0,0,89000,0,0,0,109000,20000,89000,89000
08695P,嘉晶群益01售01  ,0,0,0,0,0,0,0,0,0,89000,0,0,0,96000,7000,89000,89000
08673P,友訊元富01售03  ,0,0,0,0,0,0,0,0,0,89000,0,0,0,186000,97000,89000,89000
08139P,華新科元大9B售12,0,0,0,0,0,0,0,0,0,89000,0,0,0,191000,102000,89000,89000
068983,日月光元大02購01,0,20000,-20000,0,0,0,0,0,0,108000,0,0,0,226000,118000,108000,88000
03216P,臺股指群益02售01,0,0,0,0,0,0,0,0,0,88000,0,0,0,89000,1000,88000,88000
03490P,聯電元大02售23  ,0,0,0,0,0,0,0,0,0,88000,0,0,0,132000,44000,88000,88000
03356P,南電凱基02售05  ,0,0,0,0,0,0,0,0,0,88000,0,0,0,149000,61000,88000,88000
063667,全新統一01購02  ,0,0,0,0,0,0,0,0,0,88000,0,0,0,88000,0,88000,88000
063177,友達兆豐9B購01  ,0,0,0,0,0,0,0,0,0,88000,0,0,0,88000,0,88000,88000
064334,可成元大01購01  ,0,0,0,0,0,0,0,0,0,88000,0,0,0,187000,99000,88000,88000
064809,冠德元大9C購01  ,0,0,0,0,0,0,0,0,0,88000,0,0,0,258000,170000,88000,88000
065156,可成群益01購02  ,0,0,0,0,0,0,0,0,0,88000,0,0,0,98000,10000,88000,88000
066030,超眾群益01購01  ,0,0,0,0,0,0,0,0,0,88000,0,0,0,102000,14000,88000,88000
067540,新日興群益02購01,0,0,0,0,0,0,0,0,0,88000,0,0,0,88000,0,88000,88000
08058P,華新科元大9B售10,0,0,0,0,0,0,0,0,0,88000,0,0,0,218000,130000,88000,88000
069022,台積電國票03購06,0,0,0,0,0,0,0,0,0,87000,0,0,0,87000,0,87000,87000
069658,鈺齊凱基02購01  ,0,0,0,0,0,0,0,0,0,87000,0,0,0,167000,80000,87000,87000
067957,玉晶光永豐01購09,0,0,0,0,0,0,0,0,0,87000,0,0,0,87000,0,87000,87000
067759,美食永豐01購01  ,0,0,0,0,0,0,0,0,0,87000,0,0,0,87000,0,87000,87000
058929,可成統一9C購01  ,0,0,0,0,0,0,0,0,0,87000,0,0,0,107000,20000,87000,87000
064353,力成元大9C購02  ,0,0,0,0,0,0,0,0,0,87000,0,0,0,117000,30000,87000,87000
063836,台塑元大9C購01  ,0,0,0,0,0,0,0,0,0,87000,0,0,0,117000,30000,87000,87000
063870,健策永豐01購01  ,0,0,0,0,0,0,0,0,0,87000,0,0,0,88000,1000,87000,87000
067076,聯詠元大01購05  ,0,0,0,0,0,0,0,0,0,87000,0,0,0,194000,107000,87000,87000
066561,健策元大01購04  ,0,0,0,0,0,0,0,0,0,87000,0,0,0,139000,52000,87000,87000
066548,燿華元大02購02  ,0,0,0,0,0,0,0,0,0,87000,0,0,0,90000,3000,87000,87000
064830,可成統一9C購04  ,0,0,0,0,0,0,0,0,0,87000,0,0,0,267000,180000,87000,87000
1313,聯成            ,2836000,2634555,201445,0,0,0,0,0,0,-115000,30000,145000,-115000,0,0,0,86445
068781,欣興國票03購03  ,0,0,0,0,0,0,0,0,0,86000,0,0,0,95000,9000,86000,86000
068866,申豐元富05購01  ,20000,0,20000,0,0,0,0,0,0,66000,0,0,0,323000,257000,66000,86000
06837P,上銀統一9A售02  ,0,0,0,0,0,0,0,0,0,86000,0,0,0,136000,50000,86000,86000
069677,金像電元大02購09,0,0,0,0,0,0,0,0,0,86000,0,0,0,144000,58000,86000,86000
069168,景碩元大02購03  ,0,0,0,0,0,0,0,0,0,86000,0,0,0,118000,32000,86000,86000
03357P,大立光兆豐03售03,0,0,0,0,0,0,0,0,0,86000,0,0,0,100000,14000,86000,86000
063190,聯茂凱基9B購01  ,0,0,0,0,0,0,0,0,0,86000,0,0,0,86000,0,86000,86000
064562,友達群益9C購03  ,0,0,0,0,0,0,0,0,0,86000,0,0,0,246000,160000,86000,86000
061171,大立光麥證9A購01,0,0,0,86000,0,86000,0,0,0,86000,0,0,0,86000,0,86000,86000
065751,台光電元大9C購06,0,0,0,0,0,0,0,0,0,86000,0,0,0,117000,31000,86000,86000
08225P,臺股指凱基9B售20,0,0,0,0,0,0,0,0,0,86000,0,0,0,86000,0,86000,86000
08339P,上銀統一9C售04  ,0,0,0,0,0,0,0,0,0,86000,0,0,0,301000,215000,86000,86000
07883P,可成凱基9B售03  ,0,0,0,0,0,0,0,0,0,86000,0,0,0,86000,0,86000,86000
069005,奇力新兆豐03購01,0,0,0,0,0,0,0,0,0,85000,0,0,0,101000,16000,85000,85000
069970,志超群益04購01  ,0,0,0,0,0,0,0,0,0,85000,0,0,0,105000,20000,85000,85000
07161P,臺股指群益99售12,0,0,0,0,0,0,0,0,0,85000,0,0,0,85000,0,85000,85000
068721,致茂元大02購01  ,0,0,0,0,0,0,0,0,0,85000,0,0,0,306000,221000,85000,85000
068717,華通元大02購04  ,0,0,0,0,0,0,0,0,0,85000,0,0,0,92000,7000,85000,85000
063722,遠東新元大9B購02,0,0,0,0,0,0,0,0,0,85000,0,0,0,166000,81000,85000,85000
064727,群創統一02購03  ,0,0,0,0,0,0,0,0,0,85000,0,0,0,90000,5000,85000,85000
064596,台表科統一01購03,0,0,0,0,0,0,0,0,0,85000,0,0,0,305000,220000,85000,85000
063207,聯茂統一01購01  ,0,0,0,0,0,0,0,0,0,85000,0,0,0,115000,30000,85000,85000
064240,群創統一02購02  ,0,0,0,0,0,0,0,0,0,85000,0,0,0,130000,45000,85000,85000
061719,緯穎凱基9A購06  ,0,0,0,0,0,0,0,0,0,85000,0,0,0,85000,0,85000,85000
065730,新日興凱基9C購01,0,0,0,0,0,0,0,0,0,85000,0,0,0,112000,27000,85000,85000
065539,瑞儀統一01購01  ,0,0,0,0,0,0,0,0,0,85000,0,0,0,115000,30000,85000,85000
065610,牧德元大02購01  ,0,0,0,0,0,0,0,0,0,85000,0,0,0,85000,0,85000,85000
6531,愛普            ,1248000,1221000,27000,0,0,0,60000,0,60000,-2000,0,2000,-2000,0,0,0,85000
068745,上銀群益02購01  ,0,0,0,0,0,0,0,0,0,84000,0,0,0,144000,60000,84000,84000
069734,創意麥證02購01  ,0,0,0,197000,100000,97000,0,0,0,84000,0,0,0,197000,113000,84000,84000
058297,茂林凱基9A購02  ,0,0,0,0,0,0,0,0,0,84000,0,0,0,84000,0,84000,84000
058438,大立光統一9B購01,0,0,0,0,0,0,0,0,0,84000,0,0,0,154000,70000,84000,84000
058985,可成凱基99購03  ,0,0,0,0,0,0,0,0,0,84000,0,0,0,84000,0,84000,84000
058162,上銀日盛9B購01  ,0,0,0,0,0,0,0,0,0,84000,0,0,0,89000,5000,84000,84000
062755,茂林麥證9B購01  ,0,0,0,84000,0,84000,0,0,0,84000,0,0,0,84000,0,84000,84000
059140,大立光兆豐9A購02,0,0,0,0,0,0,0,0,0,84000,0,0,0,1132000,1048000,84000,84000
064283,奇鋐元大9C購02  ,0,0,0,0,0,0,0,0,0,84000,0,0,0,88000,4000,84000,84000
063219,友達群益9B購03  ,0,0,0,0,0,0,0,0,0,84000,0,0,0,134000,50000,84000,84000
063627,上銀元大9B購09  ,0,0,0,0,0,0,0,0,0,84000,0,0,0,353000,269000,84000,84000
063259,廣達富邦9C購01  ,0,0,0,0,0,0,0,0,0,84000,0,0,0,89000,5000,84000,84000
062063,世紀鋼統一9C購01,0,0,0,0,0,0,0,0,0,84000,0,0,0,104000,20000,84000,84000
066016,台表科元富01購02,0,0,0,0,0,0,0,0,0,84000,0,0,0,84000,0,84000,84000
065352,GIS統一01購04   ,0,0,0,0,0,0,0,0,0,84000,0,0,0,153000,69000,84000,84000
066756,長興永豐01購02  ,0,0,0,0,0,0,0,0,0,84000,0,0,0,95000,11000,84000,84000
07370P,南亞科凱基99售08,0,0,0,0,0,0,0,0,0,84000,0,0,0,100000,16000,84000,84000
068611,臻鼎凱基01購01  ,0,0,0,0,0,0,0,0,0,83000,0,0,0,109000,26000,83000,83000
068371,華城永豐01購04  ,0,0,0,0,0,0,0,0,0,83000,0,0,0,113000,30000,83000,83000
067842,微星元富07購01  ,0,0,0,0,0,0,0,0,0,83000,0,0,0,115000,32000,83000,83000
068011,台表科元大01購05,0,0,0,0,0,0,0,0,0,83000,0,0,0,126000,43000,83000,83000
068184,彩晶群益03購03  ,0,0,0,0,0,0,0,0,0,83000,0,0,0,101000,18000,83000,83000
068202,玉晶光凱基03購02,0,0,0,0,0,0,0,0,0,83000,0,0,0,106000,23000,83000,83000
057739,新日興富邦9B購01,0,0,0,0,0,0,0,0,0,83000,0,0,0,117000,34000,83000,83000
058209,臺股指凱基01購01,0,0,0,0,0,0,0,0,0,83000,0,0,0,84000,1000,83000,83000
03669C,滬深2X元富09牛01,0,0,0,0,0,0,0,0,0,83000,0,0,0,84000,1000,83000,83000
061165,美律兆豐9A購01  ,0,0,0,0,0,0,0,0,0,83000,0,0,0,83000,0,83000,83000
064575,鈺齊群益9C購01  ,0,0,0,0,0,0,0,0,0,83000,0,0,0,85000,2000,83000,83000
064216,矽格凱基01購01  ,0,0,0,0,0,0,0,0,0,83000,0,0,0,96000,13000,83000,83000
064075,台積電中信06購01,0,0,0,0,0,0,0,0,0,83000,0,0,0,96000,13000,83000,83000
061033,台光電永豐9A購01,0,0,0,0,0,0,0,0,0,83000,0,0,0,85000,2000,83000,83000
066484,瑞昱元富07購01  ,0,0,0,0,0,0,0,0,0,83000,0,0,0,83000,0,83000,83000
064953,嘉晶凱基9C購02  ,0,0,0,0,0,0,0,0,0,83000,0,0,0,83000,0,83000,83000
069586,創意永豐02購01  ,0,0,0,0,0,0,0,0,0,82000,0,0,0,98000,16000,82000,82000
058832,立積永豐99購01  ,0,0,0,0,0,0,0,0,0,82000,0,0,0,100000,18000,82000,82000
060988,華新科元大9A購12,0,0,0,0,0,0,0,0,0,82000,0,0,0,122000,40000,82000,82000
062810,華通兆豐9B購02  ,0,0,0,0,0,0,0,0,0,82000,0,0,0,83000,1000,82000,82000
066229,力山富邦04購01  ,0,0,0,0,0,0,0,0,0,82000,0,0,0,144000,62000,82000,82000
08567P,台勝科群益9C售01,0,0,0,0,0,0,0,0,0,82000,0,0,0,82000,0,82000,82000
067652,義隆元富01購01  ,0,0,0,0,0,0,0,0,0,81000,0,0,0,122000,41000,81000,81000
068444,中磊凱基01購01  ,0,0,0,0,0,0,0,0,0,81000,0,0,0,87000,6000,81000,81000
068857,華通元富08購01  ,0,0,0,0,0,0,0,0,0,81000,0,0,0,111000,30000,81000,81000
00783,富邦中証500     ,197000,19000,178000,0,0,0,0,0,0,-97000,0,0,0,843000,940000,-97000,81000
062480,茂林國票9B購01  ,0,0,0,0,0,0,0,0,0,81000,0,0,0,84000,3000,81000,81000
08800P,台積電元大01售20,0,0,0,0,0,0,0,0,0,81000,0,0,0,86000,5000,81000,81000
068759,台船永豐02購01  ,0,0,0,0,0,0,0,0,0,80000,0,0,0,80000,0,80000,80000
068622,技嘉群益03購01  ,0,0,0,0,0,0,0,0,0,80000,0,0,0,116000,36000,80000,80000
068031,致茂元富07購01  ,0,0,0,0,0,0,0,0,0,80000,0,0,0,80000,0,80000,80000
03065P,台積電群益01售18,0,0,0,0,0,0,0,0,0,80000,0,0,0,80000,0,80000,80000
03051P,玉晶光統一01售14,0,0,0,0,0,0,0,0,0,80000,0,0,0,150000,70000,80000,80000
03056P,台灣50兆豐03售02,0,0,0,0,0,0,0,0,0,80000,0,0,0,80000,0,80000,80000
056580,泰鼎元大9A購01  ,0,0,0,0,0,0,0,0,0,80000,0,0,0,80000,0,80000,80000
056369,彩晶元大01購01  ,0,0,0,0,0,0,0,0,0,80000,0,0,0,1240000,1160000,80000,80000
056259,T50反1統一9A購01,0,0,0,0,0,0,0,0,0,80000,0,0,0,80000,0,80000,80000
058274,世紀鋼永豐99購01,0,0,0,0,0,0,0,0,0,80000,0,0,0,80000,0,80000,80000
060055,宏達電凱基99購06,0,0,0,0,0,0,0,0,0,80000,0,0,0,110000,30000,80000,80000
058514,潤泰全元大99購01,0,0,0,0,0,0,0,0,0,80000,0,0,0,90000,10000,80000,80000
061090,奇力新統一9C購01,0,0,0,0,0,0,0,0,0,80000,0,0,0,80000,0,80000,80000
061121,智邦永豐9A購02  ,0,0,0,0,0,0,0,0,0,80000,0,0,0,143000,63000,80000,80000
061241,晶技兆豐9A購01  ,0,0,0,0,0,0,0,0,0,80000,0,0,0,200000,120000,80000,80000
063645,瑞儀元大9B購02  ,0,0,0,0,0,0,0,0,0,80000,0,0,0,80000,0,80000,80000
064004,全新凱基01購01  ,0,0,0,0,0,0,0,0,0,80000,0,0,0,80000,0,80000,80000
064076,台積電中信06購02,0,0,0,0,0,0,0,0,0,80000,0,0,0,80000,0,80000,80000
066235,大毅富邦04購01  ,0,0,0,0,0,0,0,0,0,80000,0,0,0,80000,0,80000,80000
066500,T50反1富邦03購02,0,0,0,0,0,0,0,0,0,80000,0,0,0,80000,0,80000,80000
066809,新唐凱基01購01  ,0,0,0,0,0,0,0,0,0,80000,0,0,0,80000,0,80000,80000
066682,聯詠兆豐03購01  ,0,0,0,0,0,0,0,0,0,80000,0,0,0,176000,96000,80000,80000
065561,同欣電麥證9C購03,0,0,0,100000,20000,80000,0,0,0,80000,0,0,0,100000,20000,80000,80000
08608P,臺股指富邦9C售06,0,0,0,0,0,0,0,0,0,80000,0,0,0,139000,59000,80000,80000
07373P,A50正2元大99售01,0,0,0,0,0,0,0,0,0,80000,0,0,0,80000,0,80000,80000
07947P,國巨統一9B售12  ,0,0,0,0,0,0,0,0,0,80000,0,0,0,100000,20000,80000,80000
07772P,華新科國票9A售05,0,0,0,0,0,0,0,0,0,80000,0,0,0,102000,22000,80000,80000
068473,聯發科群益01購13,0,0,0,0,0,0,0,0,0,79000,0,0,0,145000,66000,79000,79000
068374,技嘉永豐01購01  ,0,0,0,0,0,0,0,0,0,79000,0,0,0,144000,65000,79000,79000
069086,瀚宇博凱基02購02,0,0,0,0,0,0,0,0,0,79000,0,0,0,138000,59000,79000,79000
069473,百和國票03購01  ,0,0,0,0,0,0,0,0,0,79000,0,0,0,91000,12000,79000,79000
064175,華通國泰02購01  ,0,0,0,0,0,0,0,0,0,79000,0,0,0,107000,28000,79000,79000
03458P,玉晶光凱基03售08,0,0,0,0,0,0,0,0,0,79000,0,0,0,80000,1000,79000,79000
062846,國泰金富邦9C購01,0,0,0,0,0,0,0,0,0,79000,0,0,0,80000,1000,79000,79000
065872,漢翔群益9C購01  ,0,0,0,0,0,0,0,0,0,79000,0,0,0,132000,53000,79000,79000
065832,貿聯凱基02購03  ,0,0,0,0,0,0,0,0,0,79000,0,0,0,264000,185000,79000,79000
066636,健策凱基01購02  ,0,0,0,0,0,0,0,0,0,79000,0,0,0,98000,19000,79000,79000
066488,聯詠元富07購01  ,0,0,0,0,0,0,0,0,0,79000,0,0,0,79000,0,79000,79000
08926P,台積電元富07售06,0,0,0,0,0,0,0,0,0,79000,0,0,0,79000,0,79000,79000
069622,創意統一03購02  ,0,0,0,0,0,0,0,0,0,78000,0,0,0,118000,40000,78000,78000
068465,致茂永豐01購03  ,0,0,0,0,0,0,0,0,0,78000,0,0,0,82000,4000,78000,78000
067912,上証2X永豐01購03,0,0,0,0,0,0,0,0,0,78000,0,0,0,78000,0,78000,78000
068177,台積電群益02購04,0,0,0,0,0,0,0,0,0,78000,0,0,0,102000,24000,78000,78000
064262,玉晶光永豐9C購03,0,0,0,0,0,0,0,0,0,78000,0,0,0,83000,5000,78000,78000
063618,智邦兆豐9C購01  ,0,0,0,0,0,0,0,0,0,78000,0,0,0,110000,32000,78000,78000
063852,瀚宇博元大9C購01,0,0,0,0,0,0,0,0,0,78000,0,0,0,93000,15000,78000,78000
067342,新日興凱基01購02,0,0,0,0,0,0,0,0,0,78000,0,0,0,98000,20000,78000,78000
067353,可成群益02購01  ,0,0,0,0,0,0,0,0,0,78000,0,0,0,98000,20000,78000,78000
08262P,茂林元大9C售01  ,0,0,0,0,0,0,0,0,0,78000,0,0,0,161000,83000,78000,78000
3010,華立            ,516000,449000,67000,0,0,0,0,0,0,11000,15000,4000,11000,0,0,0,78000
059836,大立光國泰9B購02,0,0,0,0,0,0,0,0,0,77000,0,0,0,105000,28000,77000,77000
064237,奇鋐統一01購01  ,0,0,0,0,0,0,0,0,0,77000,0,0,0,132000,55000,77000,77000
065998,友訊國票01購02  ,0,0,0,0,0,0,0,0,0,77000,0,0,0,77000,0,77000,77000
065911,超眾永豐9C購01  ,0,0,0,0,0,0,0,0,0,77000,0,0,0,77000,0,77000,77000
065939,創意群益01購01  ,0,0,0,0,0,0,0,0,0,77000,0,0,0,150000,73000,77000,77000
08493P,嘉澤元大9C售01  ,0,0,0,0,0,0,0,0,0,77000,0,0,0,214000,137000,77000,77000
068307,美律國票03購01  ,0,0,0,0,0,0,0,0,0,76000,0,0,0,246000,170000,76000,76000
069809,興勤國票03購01  ,0,0,0,0,0,0,0,0,0,76000,0,0,0,76000,0,76000,76000
064291,南六元大9C購04  ,0,0,0,0,0,0,0,0,0,76000,0,0,0,97000,21000,76000,76000
063698,上銀群益9B購05  ,0,0,0,0,0,0,0,0,0,76000,0,0,0,76000,0,76000,76000
066167,強茂凱基01購01  ,0,0,0,0,0,0,0,0,0,76000,0,0,0,196000,120000,76000,76000
065647,健鼎元大9C購05  ,0,0,0,0,0,0,0,0,0,76000,0,0,0,134000,58000,76000,76000
064989,鈺齊元大01購01  ,0,0,0,0,0,0,0,0,0,76000,0,0,0,98000,22000,76000,76000
065024,華擎永豐9C購01  ,0,0,0,0,0,0,0,0,0,76000,0,0,0,109000,33000,76000,76000
066247,中化元大01購02  ,0,0,0,0,0,0,0,0,0,76000,0,0,0,107000,31000,76000,76000
066830,國揚群益01購01  ,0,0,0,0,0,0,0,0,0,76000,0,0,0,80000,4000,76000,76000
08666P,智邦國票02售01  ,0,0,0,0,0,0,0,0,0,76000,0,0,0,152000,76000,76000,76000
07014P,華通元大99售04  ,0,0,0,0,0,0,0,0,0,75000,0,0,0,75000,0,75000,75000
06997P,台灣50中信03售01,0,0,0,0,0,0,0,0,0,75000,0,0,0,75000,0,75000,75000
068667,聯電統一03購05  ,0,0,0,0,0,0,0,0,0,75000,0,0,0,204000,129000,75000,75000
067817,玉晶光凱基02購01,0,0,0,0,0,0,0,0,0,75000,0,0,0,75000,0,75000,75000
060314,元翎永豐9A購01  ,0,0,0,0,0,0,0,0,0,75000,0,0,0,90000,15000,75000,75000
059917,華新科元大99購19,0,0,0,0,0,0,0,0,0,75000,0,0,0,85000,10000,75000,75000
020002,元富新中國N     ,0,0,0,0,0,0,0,0,0,75000,0,0,0,75000,0,75000,75000
063525,廣達凱基9B購02  ,0,0,0,0,0,0,0,0,0,75000,0,0,0,129000,54000,75000,75000
061881,緯穎元大9B購02  ,0,0,0,0,0,0,0,0,0,75000,0,0,0,159000,84000,75000,75000
061939,中租國票9B購01  ,0,0,0,0,0,0,0,0,0,75000,0,0,0,75000,0,75000,75000
059036,可成群益9B購03  ,0,0,0,0,0,0,0,0,0,75000,0,0,0,83000,8000,75000,75000
060456,正隆元大9A購01  ,0,0,0,0,0,0,0,0,0,75000,0,0,0,75000,0,75000,75000
063764,上銀元富9B購08  ,0,0,0,0,0,0,0,0,0,75000,0,0,0,75000,0,75000,75000
067280,國巨第一01購01  ,0,0,0,0,0,0,0,0,0,75000,0,0,0,95000,20000,75000,75000
067009,樺漢永豐01購01  ,0,0,0,0,0,0,0,0,0,75000,0,0,0,114000,39000,75000,75000
065072,和大元大9C購03  ,0,0,0,0,0,0,0,0,0,75000,0,0,0,75000,0,75000,75000
065255,上銀元大01購01  ,0,0,0,0,0,0,0,0,0,75000,0,0,0,264000,189000,75000,75000
08581P,臺股指元大9C售29,0,0,0,0,0,0,0,0,0,75000,0,0,0,95000,20000,75000,75000
08440P,玉晶光國票01售05,0,0,0,0,0,0,0,0,0,75000,0,0,0,124000,49000,75000,75000
3694,海華            ,1118000,1066000,52000,0,0,0,0,0,0,23000,28000,5000,23000,0,0,0,75000
3055,蔚華科          ,581000,525000,56000,0,0,0,0,0,0,19000,20000,1000,19000,0,0,0,75000
067755,大立光國泰03購03,0,0,0,0,0,0,0,0,0,74000,0,0,0,804000,730000,74000,74000
067738,技嘉元大01購02  ,0,0,0,0,0,0,0,0,0,74000,0,0,0,182000,108000,74000,74000
067625,欣興富邦03購01  ,0,0,0,0,0,0,0,0,0,74000,0,0,0,74000,0,74000,74000
068672,聯發科統一02購10,0,0,0,0,0,0,0,0,0,74000,0,0,0,501000,427000,74000,74000
069721,宏碁群益04購01  ,0,0,0,0,0,0,0,0,0,74000,0,0,0,75000,1000,74000,74000
069299,滬深2X凱基02購01,0,0,0,0,0,0,0,0,0,74000,0,0,0,74000,0,74000,74000
063560,力山元大9B購05  ,0,0,0,0,0,0,0,0,0,74000,0,0,0,198000,124000,74000,74000
062638,茂林國票9C購01  ,0,0,0,0,0,0,0,0,0,74000,0,0,0,125000,51000,74000,74000
062704,大毅元大9C購01  ,0,0,0,0,0,0,0,0,0,74000,0,0,0,79000,5000,74000,74000
062679,技嘉統一01購01  ,0,0,0,0,0,0,0,0,0,74000,0,0,0,74000,0,74000,74000
062557,台光電凱基9B購02,0,0,0,0,0,0,0,0,0,74000,0,0,0,173000,99000,74000,74000
062289,緯穎群益9B購01  ,0,0,0,0,0,0,0,0,0,74000,0,0,0,97000,23000,74000,74000
061067,貿聯凱基9A購03  ,0,0,0,0,0,0,0,0,0,74000,0,0,0,831000,757000,74000,74000
063388,台光電兆豐9C購01,0,0,0,0,0,0,0,0,0,74000,0,0,0,96000,22000,74000,74000
065271,日月光元大9C購02,0,0,0,0,0,0,0,0,0,74000,0,0,0,216000,142000,74000,74000
066021,華通群益02購03  ,0,0,0,0,0,0,0,0,0,74000,0,0,0,84000,10000,74000,74000
066041,台光電元大01購02,0,0,0,0,0,0,0,0,0,74000,0,0,0,129000,55000,74000,74000
08258P,旺宏元大9C售04  ,0,0,0,0,0,0,0,0,0,74000,0,0,0,181000,107000,74000,74000
060209,喬山康和9A購01  ,0,0,0,0,0,0,0,0,0,73000,0,0,0,74000,1000,73000,73000
058272,超眾永豐9A購01  ,0,0,0,0,0,0,0,0,0,73000,0,0,0,74000,1000,73000,73000
03045P,台表科國票03售01,0,0,0,0,0,0,0,0,0,73000,0,0,0,107000,34000,73000,73000
061518,達方永豐9A購02  ,0,0,0,0,0,0,0,0,0,73000,0,0,0,73000,0,73000,73000
063808,台表科兆豐9C購01,0,0,0,0,0,0,0,0,0,73000,0,0,0,74000,1000,73000,73000
061263,微星凱基9A購01  ,0,0,0,0,0,0,0,0,0,73000,0,0,0,80000,7000,73000,73000
065976,牧德元大02購02  ,0,0,0,0,0,0,0,0,0,73000,0,0,0,256000,183000,73000,73000
065668,南亞科凱基9C購02,0,0,0,0,0,0,0,0,0,73000,0,0,0,78000,5000,73000,73000
065264,亞光元大9C購02  ,0,0,0,0,0,0,0,0,0,73000,0,0,0,113000,40000,73000,73000
065025,健策永豐9C購02  ,0,0,0,0,0,0,0,0,0,73000,0,0,0,73000,0,73000,73000
08429P,台達電凱基9C售01,0,0,0,0,0,0,0,0,0,73000,0,0,0,112000,39000,73000,73000
08398P,台積電元富9C售04,0,0,0,0,0,0,0,0,0,73000,0,0,0,579000,506000,73000,73000
08367P,臺股指凱基9C售11,0,0,0,0,0,0,0,0,0,73000,0,0,0,83000,10000,73000,73000
069610,緯穎國票03購02  ,0,0,0,0,0,0,0,0,0,72000,0,0,0,72000,0,72000,72000
068793,聯詠凱基03購03  ,0,0,0,0,0,0,0,0,0,72000,0,0,0,72000,0,72000,72000
067721,義隆凱基01購06  ,0,0,0,0,0,0,0,0,0,72000,0,0,0,111000,39000,72000,72000
068194,致茂凱基01購02  ,0,0,0,0,0,0,0,0,0,72000,0,0,0,72000,0,72000,72000
055810,T50反1國票99購01,0,0,0,0,0,0,0,0,0,72000,0,0,0,72000,0,72000,72000
03352P,臺股指麥證02售01,0,0,0,101000,29000,72000,0,0,0,72000,0,0,0,101000,29000,72000,72000
058251,百和元大99購03  ,0,0,0,0,0,0,0,0,0,72000,0,0,0,72000,0,72000,72000
060945,緯穎國票9A購02  ,0,0,0,0,0,0,0,0,0,72000,0,0,0,72000,0,72000,72000
064681,牧德兆豐01購01  ,0,0,0,0,0,0,0,0,0,72000,0,0,0,94000,22000,72000,72000
062442,華新科元大9C購02,0,0,0,0,0,0,0,0,0,72000,0,0,0,160000,88000,72000,72000
063025,超眾元大9B購01  ,0,0,0,0,0,0,0,0,0,72000,0,0,0,146000,74000,72000,72000
062700,台光電元大9B購05,0,0,0,0,0,0,0,0,0,72000,0,0,0,121000,49000,72000,72000
061189,可成富邦9B購02  ,0,0,0,0,0,0,0,0,0,72000,0,0,0,80000,8000,72000,72000
066267,強茂元大01購02  ,0,0,0,0,0,0,0,0,0,72000,0,0,0,179000,107000,72000,72000
066377,健策兆豐01購02  ,0,0,0,0,0,0,0,0,0,72000,0,0,0,84000,12000,72000,72000
08534P,玉晶光元富06售02,0,0,0,0,0,0,0,0,0,72000,0,0,0,225000,153000,72000,72000
07318P,鴻海凱基01售02  ,0,0,0,0,0,0,0,0,0,72000,0,0,0,80000,8000,72000,72000
067680,聯詠元大01購08  ,0,0,0,0,0,0,0,0,0,71000,0,0,0,109000,38000,71000,71000
069474,世紀鋼國票03購01,0,0,0,0,0,0,0,0,0,71000,0,0,0,121000,50000,71000,71000
062724,可成凱基9B購04  ,0,0,0,0,0,0,0,0,0,71000,0,0,0,71000,0,71000,71000
063912,信邦凱基01購01  ,0,0,0,0,0,0,0,0,0,71000,0,0,0,81000,10000,71000,71000
065886,中磊元富9C購01  ,0,0,0,0,0,0,0,0,0,71000,0,0,0,151000,80000,71000,71000
066189,和潤凱基01購01  ,0,0,0,0,0,0,0,0,0,71000,0,0,0,71000,0,71000,71000
066122,卜蜂群益03購01  ,0,0,0,0,0,0,0,0,0,71000,0,0,0,73000,2000,71000,71000
069273,精元永豐02購02  ,0,0,0,0,0,0,0,0,0,70000,0,0,0,80000,10000,70000,70000
069233,聯電康和02購03  ,0,0,0,0,0,0,0,0,0,70000,0,0,0,97000,27000,70000,70000
068922,TPK元富04購01   ,0,0,0,0,0,0,0,0,0,70000,0,0,0,93000,23000,70000,70000
069839,裕隆群益02購01  ,0,0,0,0,0,0,0,0,0,70000,0,0,0,73000,3000,70000,70000
07136P,T50反1台新01售01,0,0,0,0,0,0,0,0,0,70000,0,0,0,70000,0,70000,70000
067803,台積電凱基07購02,0,0,0,0,0,0,0,0,0,70000,0,0,0,70000,0,70000,70000
068125,潤泰新元富07購01,0,0,0,0,0,0,0,0,0,70000,0,0,0,70000,0,70000,70000
068730,富邦金元大02購01,0,0,0,0,0,0,0,0,0,70000,0,0,0,81000,11000,70000,70000
068436,聯發科凱基03購06,0,0,0,0,0,0,0,0,0,70000,0,0,0,70000,0,70000,70000
068547,台積電群益01購21,0,0,0,0,0,0,0,0,0,70000,0,0,0,124000,54000,70000,70000
058149,百和元大99購02  ,0,0,0,0,0,0,0,0,0,70000,0,0,0,70000,0,70000,70000
058675,康控群益9B購01  ,0,0,0,0,0,0,0,0,0,70000,0,0,0,70000,0,70000,70000
03478P,義隆台新02售01  ,0,0,0,0,0,0,0,0,0,70000,0,0,0,179000,109000,70000,70000
061583,矽創元大9A購01  ,0,0,0,0,0,0,0,0,0,70000,0,0,0,70000,0,70000,70000
061599,元金反中信9C購01,0,0,0,0,0,0,0,0,0,70000,0,0,0,105000,35000,70000,70000
062052,華通統一01購01  ,0,0,0,0,0,0,0,0,0,70000,0,0,0,70000,0,70000,70000
061842,牧德凱基9C購01  ,0,0,0,0,0,0,0,0,0,70000,0,0,0,100000,30000,70000,70000
061706,旭富國票9A購02  ,0,0,0,0,0,0,0,0,0,70000,0,0,0,70000,0,70000,70000
063306,聯茂凱基9C購01  ,0,0,0,0,0,0,0,0,0,70000,0,0,0,70000,0,70000,70000
064398,聚陽凱基01購01  ,0,0,0,0,0,0,0,0,0,70000,0,0,0,80000,10000,70000,70000
061150,國巨群益9A購09  ,0,0,0,0,0,0,0,0,0,70000,0,0,0,92000,22000,70000,70000
066125,得力群益01購01  ,0,0,0,0,0,0,0,0,0,70000,0,0,0,100000,30000,70000,70000
066056,聯鈞元大01購02  ,0,0,0,0,0,0,0,0,0,70000,0,0,0,70000,0,70000,70000
065549,智邦凱基9C購03  ,0,0,0,0,0,0,0,0,0,70000,0,0,0,70000,0,70000,70000
065873,信邦群益02購01  ,0,0,0,0,0,0,0,0,0,70000,0,0,0,70000,0,70000,70000
064948,致茂凱基01購01  ,0,0,0,0,0,0,0,0,0,70000,0,0,0,70000,0,70000,70000
065092,健鼎元大9C購02  ,0,0,0,0,0,0,0,0,0,70000,0,0,0,107000,37000,70000,70000
064885,T50反1中信04購01,0,0,0,0,0,0,0,0,0,70000,0,0,0,180000,110000,70000,70000
07348P,滬深2X凱基9A售04,0,0,0,0,0,0,0,0,0,70000,0,0,0,70000,0,70000,70000
07841P,臻鼎元大9A售04  ,0,0,0,0,0,0,0,0,0,70000,0,0,0,100000,30000,70000,70000
07879P,瑞昱群益9C售01  ,0,0,0,0,0,0,0,0,0,70000,0,0,0,270000,200000,70000,70000
08337P,台灣50凱基01售15,0,0,0,0,0,0,0,0,0,70000,0,0,0,70000,0,70000,70000
068141,鴻海元大01購25  ,0,0,0,0,0,0,0,0,0,69000,0,0,0,134000,65000,69000,69000
068142,鴻海元大02購02  ,0,0,0,0,0,0,0,0,0,69000,0,0,0,100000,31000,69000,69000
067836,聯發科統一03購05,0,0,0,0,0,0,0,0,0,69000,0,0,0,100000,31000,69000,69000
03503P,欣興元富05售02  ,0,0,0,0,0,0,0,0,0,69000,0,0,0,85000,16000,69000,69000
055063,玉晶光永豐99購01,0,0,0,0,0,0,0,0,0,69000,0,0,0,92000,23000,69000,69000
062632,嘉晶國票9B購01  ,0,0,0,0,0,0,0,0,0,69000,0,0,0,69000,0,69000,69000
062227,南六統一01購02  ,0,0,0,0,0,0,0,0,0,69000,0,0,0,70000,1000,69000,69000
063420,奇力新凱基9B購03,0,0,0,0,0,0,0,0,0,69000,0,0,0,88000,19000,69000,69000
063574,茂林元大9B購07  ,0,0,0,0,0,0,0,0,0,69000,0,0,0,144000,75000,69000,69000
065267,聯鈞元大9C購02  ,0,0,0,0,0,0,0,0,0,69000,0,0,0,95000,26000,69000,69000
066706,揚明光群益01購01,0,0,0,0,0,0,0,0,0,69000,0,0,0,69000,0,69000,69000
067686,矽格元大01購04  ,0,0,0,0,0,0,0,0,0,68000,0,0,0,68000,0,68000,68000
068365,大立光國泰03購06,0,0,0,0,0,0,0,0,0,68000,0,0,0,652000,584000,68000,68000
069573,臻鼎凱基02購02  ,0,0,0,0,0,0,0,0,0,68000,0,0,0,90000,22000,68000,68000
068881,台郡凱基02購02  ,0,0,0,0,0,0,0,0,0,68000,0,0,0,70000,2000,68000,68000
069080,聯發科凱基03購07,0,0,0,0,0,0,0,0,0,68000,0,0,0,68000,0,68000,68000
069254,玉晶光凱基03購06,0,0,0,0,0,0,0,0,0,68000,0,0,0,70000,2000,68000,68000
069375,聯電元大02購09  ,0,0,0,0,0,0,0,0,0,68000,0,0,0,68000,0,68000,68000
060987,華新科元大9A購11,0,0,0,0,0,0,0,0,0,68000,0,0,0,88000,20000,68000,68000
064176,京元電國泰01購01,0,0,0,0,0,0,0,0,0,68000,0,0,0,205000,137000,68000,68000
060546,旺宏凱基9A購02  ,0,0,0,0,0,0,0,0,0,68000,0,0,0,68000,0,68000,68000
063605,健策凱基9C購02  ,0,0,0,0,0,0,0,0,0,68000,0,0,0,76000,8000,68000,68000
061713,華邦電凱基9A購01,0,0,0,0,0,0,0,0,0,68000,0,0,0,68000,0,68000,68000
061869,智邦元大9B購01  ,0,0,0,0,0,0,0,0,0,68000,0,0,0,80000,12000,68000,68000
063950,信邦元大9C購01  ,0,0,0,0,0,0,0,0,0,68000,0,0,0,70000,2000,68000,68000
063900,GIS群益9C購03   ,0,0,0,0,0,0,0,0,0,68000,0,0,0,176000,108000,68000,68000
062297,億豐永豐9B購01  ,0,22000,-22000,0,0,0,0,0,0,90000,0,0,0,176000,86000,90000,68000
064499,可成元大9C購07  ,0,0,0,0,0,0,0,0,0,68000,0,0,0,68000,0,68000,68000
064649,同欣電凱基01購01,0,0,0,0,0,0,0,0,0,68000,0,0,0,138000,70000,68000,68000
064621,大立光元大9C購20,0,0,0,0,0,0,0,0,0,68000,0,0,0,68000,0,68000,68000
064753,英業達凱基9C購01,0,0,0,0,0,0,0,0,0,68000,0,0,0,68000,0,68000,68000
067506,台光電統一02購04,0,0,0,0,0,0,0,0,0,68000,0,0,0,106000,38000,68000,68000
065323,聯發科凱基9C購09,0,0,0,0,0,0,0,0,0,68000,0,0,0,69000,1000,68000,68000
065918,可成凱基01購01  ,0,0,0,0,0,0,0,0,0,68000,0,0,0,168000,100000,68000,68000
08899P,台積電群益01售16,0,0,0,0,0,0,0,0,0,68000,0,0,0,68000,0,68000,68000
08863P,台積電元大01售25,0,20000,-20000,0,0,0,0,0,0,88000,0,0,0,101000,13000,88000,68000
2425,承啟            ,261000,192000,69000,0,0,0,0,0,0,-1000,0,1000,-1000,0,0,0,68000
4104,佳醫            ,111000,158000,-47000,0,0,0,0,0,0,115000,126000,2000,124000,0,9000,-9000,68000
069114,智邦群益02購01  ,0,0,0,0,0,0,0,0,0,67000,0,0,0,103000,36000,67000,67000
069132,力山永豐02購01  ,0,0,0,0,0,0,0,0,0,67000,0,0,0,79000,12000,67000,67000
060457,中橡元大9A購02  ,0,0,0,0,0,0,0,0,0,67000,0,0,0,147000,80000,67000,67000
03339P,TPK國票03售01   ,0,0,0,0,0,0,0,0,0,67000,0,0,0,67000,0,67000,67000
063407,泰鼎國票9C購01  ,0,0,0,0,0,0,0,0,0,67000,0,0,0,67000,0,67000,67000
065079,致茂元大9C購01  ,0,0,0,0,0,0,0,0,0,67000,0,0,0,75000,8000,67000,67000
067261,樺漢國票02購01  ,0,0,0,0,0,0,0,0,0,67000,0,0,0,157000,90000,67000,67000
2031,新光鋼          ,660000,594000,66000,0,0,0,0,0,0,1000,1000,0,1000,0,0,0,67000
08254P,國巨元大9C售09  ,0,0,0,0,0,0,0,0,0,67000,0,0,0,67000,0,67000,67000
08244P,同欣電凱基9C售03,0,0,0,0,0,0,0,0,0,67000,0,0,0,70000,3000,67000,67000
069048,台積電元富08購14,0,0,0,0,0,0,0,0,0,66000,0,0,0,133000,67000,66000,66000
069052,信邦元富08購01  ,0,0,0,0,0,0,0,0,0,66000,0,0,0,106000,40000,66000,66000
067609,智易凱基01購01  ,0,0,0,0,0,0,0,0,0,66000,0,0,0,70000,4000,66000,66000
06757P,台灣50元大9B售01,0,0,0,0,0,0,0,0,0,66000,0,0,0,66000,0,66000,66000
067848,臻鼎元富07購01  ,0,0,0,0,0,0,0,0,0,66000,0,0,0,219000,153000,66000,66000
068224,健策統一03購01  ,0,0,0,0,0,0,0,0,0,66000,0,0,0,124000,58000,66000,66000
03675C,臺股指元大04牛02,0,0,0,0,0,0,0,0,0,66000,0,0,0,66000,0,66000,66000
057589,超眾國票9A購01  ,0,0,0,0,0,0,0,0,0,66000,0,0,0,66000,0,66000,66000
057548,微星凱基99購01  ,0,0,0,0,0,0,0,0,0,66000,0,0,0,71000,5000,66000,66000
062844,T50反1國泰9C購01,0,0,0,0,0,0,0,0,0,66000,0,0,0,66000,0,66000,66000
063449,全新統一9B購02  ,0,0,0,0,0,0,0,0,0,66000,0,0,0,74000,8000,66000,66000
062329,奇力新統一9C購03,0,0,0,0,0,0,0,0,0,66000,0,0,0,106000,40000,66000,66000
065914,智邦凱基02購03  ,0,0,0,0,0,0,0,0,0,66000,0,0,0,82000,16000,66000,66000
07975P,國巨元大9B售15  ,0,0,0,0,0,0,0,0,0,66000,0,0,0,100000,34000,66000,66000
08837P,牧德國票03售01  ,0,0,0,0,0,0,0,0,0,66000,0,0,0,92000,26000,66000,66000
08635P,大成鋼國票01售01,0,0,0,0,0,0,0,0,0,66000,0,0,0,66000,0,66000,66000
068523,台光電元富07購02,0,0,0,0,0,0,0,0,0,65000,0,0,0,126000,61000,65000,65000
068482,光寶科元大01購01,0,0,0,0,0,0,0,0,0,65000,0,0,0,116000,51000,65000,65000
068492,聯發科元大01購29,0,0,0,0,0,0,0,0,0,65000,0,0,0,83000,18000,65000,65000
069200,台達電元大02購02,0,0,0,0,0,0,0,0,0,65000,0,0,0,104000,39000,65000,65000
069585,玉晶光永豐02購02,0,0,0,0,0,0,0,0,0,65000,0,0,0,72000,7000,65000,65000
069936,南電統一03購03  ,0,0,0,0,0,0,0,0,0,65000,0,0,0,310000,245000,65000,65000
059187,國巨富邦9B購02  ,0,0,0,0,0,0,0,0,0,65000,0,0,0,110000,45000,65000,65000
061873,友達元大9C購07  ,0,0,0,0,0,0,0,0,0,65000,0,0,0,65000,0,65000,65000
058883,旭富永豐99購01  ,0,0,0,0,0,0,0,0,0,65000,0,0,0,65000,0,65000,65000
03456P,華新科凱基02售04,0,0,0,0,0,0,0,0,0,65000,0,0,0,113000,48000,65000,65000
062610,啟碁凱基9B購01  ,0,0,0,0,0,0,0,0,0,65000,0,0,0,85000,20000,65000,65000
064529,友達中信01購03  ,0,0,0,0,0,0,0,0,0,65000,0,0,0,68000,3000,65000,65000
064386,友達富邦01購01  ,0,0,0,0,0,0,0,0,0,65000,0,0,0,80000,15000,65000,65000
063247,信邦元大9B購02  ,0,0,0,0,0,0,0,0,0,65000,0,0,0,66000,1000,65000,65000
066062,同欣電元大01購02,0,0,0,0,0,0,0,0,0,65000,0,0,0,75000,10000,65000,65000
065683,嘉聯益統一03購01,0,0,0,0,0,0,0,0,0,65000,0,0,0,75000,10000,65000,65000
065357,立積元富03購01  ,0,0,0,0,0,0,0,0,0,65000,0,0,0,75000,10000,65000,65000
07618P,大立光中信9A售06,0,0,0,0,0,0,0,0,0,65000,0,0,0,100000,35000,65000,65000
08015P,可成凱基9B售05  ,0,0,0,0,0,0,0,0,0,65000,0,0,0,129000,64000,65000,65000
3532,台勝科          ,657000,516000,141000,0,0,0,0,0,0,-76000,1000,1000,0,7000,83000,-76000,65000
067826,高鐵兆豐03購01  ,0,0,0,0,0,0,0,0,0,64000,0,0,0,64000,0,64000,64000
062044,健策凱基9B購02  ,0,0,0,0,0,0,0,0,0,64000,0,0,0,70000,6000,64000,64000
064238,玉晶光統一01購08,0,0,0,0,0,0,0,0,0,64000,0,0,0,201000,137000,64000,64000
065754,健鼎元大9C購06  ,0,0,0,0,0,0,0,0,0,64000,0,0,0,64000,0,64000,64000
065934,智邦群益01購02  ,0,0,0,0,0,0,0,0,0,64000,0,0,0,81000,17000,64000,64000
065938,文曄群益01購01  ,0,0,0,0,0,0,0,0,0,64000,0,0,0,65000,1000,64000,64000
067043,佳世達凱基01購01,0,0,0,0,0,0,0,0,0,64000,0,0,0,184000,120000,64000,64000
067099,友訊群益01購04  ,0,0,0,0,0,0,0,0,0,64000,0,0,0,174000,110000,64000,64000
066611,台積電麥證01購03,0,0,0,64000,0,64000,0,0,0,64000,0,0,0,64000,0,64000,64000
066316,台船永豐01購01  ,0,0,0,0,0,0,0,0,0,64000,0,0,0,322000,258000,64000,64000
08354P,旺宏元大9C售05  ,0,0,0,0,0,0,0,0,0,64000,0,0,0,93000,29000,64000,64000
08681P,台灣50凱基01售16,0,0,0,0,0,0,0,0,0,64000,0,0,0,66000,2000,64000,64000
08698P,可成凱基01售02  ,0,0,0,0,0,0,0,0,0,64000,0,0,0,99000,35000,64000,64000
08453P,玉晶光台新9C售02,0,0,0,0,0,0,0,0,0,64000,0,0,0,1043000,979000,64000,64000
067802,台積電凱基07購01,0,0,0,0,0,0,0,0,0,63000,0,0,0,63000,0,63000,63000
067841,A50正2元富04購01,0,0,0,0,0,0,0,0,0,63000,0,0,0,80000,17000,63000,63000
067864,台光電元大01購05,0,0,0,0,0,0,0,0,0,63000,0,0,0,65000,2000,63000,63000
067888,奇力新群益01購02,0,0,0,0,0,0,0,0,0,63000,0,0,0,65000,2000,63000,63000
068047,台積電統一03購06,0,0,0,0,0,0,0,0,0,63000,0,0,0,169000,106000,63000,63000
068771,大立光統一05購01,0,0,0,0,0,0,0,0,0,63000,0,0,0,83000,20000,63000,63000
069590,台船國票03購01  ,0,0,0,0,0,0,0,0,0,63000,0,0,0,63000,0,63000,63000
069420,樺漢統一03購03  ,0,0,0,0,0,0,0,0,0,63000,0,0,0,256000,193000,63000,63000
056850,彩晶元富99購01  ,0,0,0,0,0,0,0,0,0,63000,0,0,0,113000,50000,63000,63000
03345P,台積電元富08售16,0,0,0,0,0,0,0,0,0,63000,0,0,0,70000,7000,63000,63000
00771,元大US高息特別股,0,0,0,0,0,0,0,0,0,63000,0,0,0,93000,30000,63000,63000
059058,可成凱基9B購01  ,0,0,0,0,0,0,0,0,0,63000,0,0,0,68000,5000,63000,63000
063710,光寶科凱基9C購01,0,0,0,0,0,0,0,0,0,63000,0,0,0,76000,13000,63000,63000
060865,創意永豐9A購01  ,0,0,0,0,0,0,0,0,0,63000,0,0,0,107000,44000,63000,63000
062058,瑞昱統一01購01  ,0,0,0,0,0,0,0,0,0,63000,0,0,0,63000,0,63000,63000
066837,樺漢群益01購02  ,0,0,0,0,0,0,0,0,0,63000,0,0,0,80000,17000,63000,63000
065363,國巨元大01購04  ,0,0,0,0,0,0,0,0,0,63000,0,0,0,72000,9000,63000,63000
065086,可成元大01購04  ,0,0,0,0,0,0,0,0,0,63000,0,0,0,79000,16000,63000,63000
08684P,禾伸堂凱基01售01,0,0,0,0,0,0,0,0,0,63000,0,0,0,165000,102000,63000,63000
08638P,泰碩國票9C售01  ,0,0,0,0,0,0,0,0,0,63000,0,0,0,83000,20000,63000,63000
08323P,華新科凱基9C售04,0,0,0,0,0,0,0,0,0,63000,0,0,0,63000,0,63000,63000
07912P,玉晶光統一9B售02,0,0,0,0,0,0,0,0,0,63000,0,0,0,63000,0,63000,63000
069258,同欣電凱基03購02,0,0,0,0,0,0,0,0,0,62000,0,0,0,92000,30000,62000,62000
069184,富邦金麥證02購01,0,0,0,67000,0,67000,0,0,0,62000,0,0,0,67000,5000,62000,62000
020000,富邦特選蘋果N   ,0,0,0,0,0,0,0,0,0,62000,0,0,0,85000,23000,62000,62000
03430P,聯發科元大02售17,0,0,0,0,0,0,0,0,0,62000,0,0,0,68000,6000,62000,62000
062532,聯詠統一9C購01  ,0,0,0,0,0,0,0,0,0,62000,0,0,0,62000,0,62000,62000
064393,友訊永豐9C購01  ,0,0,0,0,0,0,0,0,0,62000,0,0,0,82000,20000,62000,62000
065364,國巨元大9C購18  ,0,0,0,0,0,0,0,0,0,62000,0,0,0,68000,6000,62000,62000
065600,友達元大9C購11  ,0,0,0,0,0,0,0,0,0,62000,0,0,0,68000,6000,62000,62000
066626,盟立凱基01購01  ,0,0,0,0,0,0,0,0,0,62000,0,0,0,77000,15000,62000,62000
066704,創意群益01購02  ,0,0,0,0,0,0,0,0,0,62000,0,0,0,181000,119000,62000,62000
066894,聯發科兆豐03購01,0,0,0,0,0,0,0,0,0,62000,0,0,0,96000,34000,62000,62000
07616P,瑞昱中信02售01  ,0,0,0,0,0,0,0,0,0,62000,0,0,0,102000,40000,62000,62000
08036P,嘉澤群益9B售03  ,0,0,0,0,0,0,0,0,0,62000,0,0,0,224000,162000,62000,62000
08968P,台表科元大01售04,0,0,0,0,0,0,0,0,0,62000,0,0,0,249000,187000,62000,62000
068631,亞泥凱基02購01  ,0,0,0,0,0,0,0,0,0,61000,0,0,0,90000,29000,61000,61000
068450,台積電國票01購10,0,0,0,0,0,0,0,0,0,61000,0,0,0,360000,299000,61000,61000
067756,奇鋐國泰03購01  ,0,0,0,0,0,0,0,0,0,61000,0,0,0,61000,0,61000,61000
05644P,大立光中信9A售03,0,0,0,0,0,0,0,0,0,61000,0,0,0,332000,271000,61000,61000
03291P,國巨元大02售08  ,0,0,0,0,0,0,0,0,0,61000,0,0,0,330000,269000,61000,61000
059730,晶相光元大9C購02,0,0,0,0,0,0,0,0,0,61000,0,0,0,133000,72000,61000,61000
03232P,國巨元大02售06  ,0,0,0,0,0,0,0,0,0,61000,0,0,0,123000,62000,61000,61000
060411,達新永豐9A購01  ,0,0,0,0,0,0,0,0,0,61000,0,0,0,61000,0,61000,61000
059488,大立光兆豐99購03,0,0,0,0,0,0,0,0,0,61000,0,0,0,83000,22000,61000,61000
064365,美食統一01購02  ,0,0,0,0,0,0,0,0,0,61000,0,0,0,61000,0,61000,61000
064329,國巨元大01購03  ,0,0,0,0,0,0,0,0,0,61000,0,0,0,61000,0,61000,61000
062633,亞光國票9B購01  ,0,0,0,0,0,0,0,0,0,61000,0,0,0,61000,0,61000,61000
063434,和潤元富9B購01  ,0,0,0,0,0,0,0,0,0,61000,0,0,0,61000,0,61000,61000
061995,超眾元大01購01  ,0,0,0,0,0,0,0,0,0,61000,0,0,0,69000,8000,61000,61000
063947,大毅元大9C購02  ,0,0,0,0,0,0,0,0,0,61000,0,0,0,61000,0,61000,61000
063938,上銀元大9C購03  ,0,0,0,0,0,0,0,0,0,61000,0,0,0,251000,190000,61000,61000
061589,世紀鋼富邦9B購01,0,0,0,0,0,0,0,0,0,61000,0,0,0,61000,0,61000,61000
065532,台光電統一02購02,0,0,0,0,0,0,0,0,0,61000,0,0,0,145000,84000,61000,61000
066111,上銀兆豐02購01  ,0,0,0,0,0,0,0,0,0,61000,0,0,0,249000,188000,61000,61000
065429,微星凱基02購02  ,0,0,0,0,0,0,0,0,0,61000,0,0,0,61000,0,61000,61000
064984,同欣電元大9C購06,0,0,0,0,0,0,0,0,0,61000,0,0,0,61000,0,61000,61000
064992,玉晶光兆豐01購01,0,0,0,0,0,0,0,0,0,61000,0,0,0,395000,334000,61000,61000
08042P,臺股指群益9B售15,0,0,0,0,0,0,0,0,0,61000,0,0,0,63000,2000,61000,61000
08010P,大成鋼元大9B售01,0,0,0,0,0,0,0,0,0,61000,0,0,0,186000,125000,61000,61000
067917,冠德永豐01購01  ,0,0,0,0,0,0,0,0,0,60000,0,0,0,65000,5000,60000,60000
068080,台表科凱基02購03,0,0,0,0,0,0,0,0,0,60000,0,0,0,70000,10000,60000,60000
068479,帆宣群益01購02  ,0,0,0,0,0,0,0,0,0,60000,0,0,0,60000,0,60000,60000
069415,欣興統一04購04  ,0,0,0,0,0,0,0,0,0,60000,0,0,0,293000,233000,60000,60000
069378,金像電元大02購06,0,0,0,0,0,0,0,0,0,60000,0,0,0,75000,15000,60000,60000
06937P,GIS元大98售03   ,0,0,0,0,0,0,0,0,0,60000,0,0,0,60000,0,60000,60000
069612,聯電統一04購03  ,0,0,0,0,0,0,0,0,0,60000,0,0,0,60000,0,60000,60000
059974,臺指反元大9C購05,0,0,0,0,0,0,0,0,0,60000,0,0,0,60000,0,60000,60000
060430,和潤永豐9A購01  ,0,0,0,0,0,0,0,0,0,60000,0,0,0,60000,0,60000,60000
057971,華新科富邦9B購02,0,0,0,0,0,0,0,0,0,60000,0,0,0,60000,0,60000,60000
060122,亞德客永豐99購02,0,0,0,0,0,0,0,0,0,60000,0,0,0,70000,10000,60000,60000
064177,立積國泰01購01  ,0,0,0,0,0,0,0,0,0,60000,0,0,0,60000,0,60000,60000
03256P,聯發科富邦03售08,0,0,0,0,0,0,0,0,0,60000,0,0,0,60000,0,60000,60000
03382P,帆宣康和02售01  ,0,0,0,0,0,0,0,0,0,60000,0,0,0,562000,502000,60000,60000
061569,旺宏元大9A購14  ,0,0,0,0,0,0,0,0,0,60000,0,0,0,60000,0,60000,60000
061503,臻鼎國票9B購01  ,0,0,0,0,0,0,0,0,0,60000,0,0,0,60000,0,60000,60000
063974,南電國票01購01  ,0,0,0,0,0,0,0,0,0,60000,0,0,0,60000,0,60000,60000
062013,奇鋐富邦9B購01  ,0,0,0,0,0,0,0,0,0,60000,0,0,0,112000,52000,60000,60000
062034,同欣電群益9B購01,0,0,0,0,0,0,0,0,0,60000,0,0,0,110000,50000,60000,60000
063189,臻鼎凱基9B購01  ,0,0,0,0,0,0,0,0,0,60000,0,0,0,67000,7000,60000,60000
063114,南電兆豐9B購01  ,0,0,0,0,0,0,0,0,0,60000,0,0,0,60000,0,60000,60000
063085,嘉澤凱基9C購01  ,0,0,0,0,0,0,0,0,0,60000,0,0,0,60000,0,60000,60000
064532,聯茂兆豐01購01  ,0,0,0,0,0,0,0,0,0,60000,0,0,0,70000,10000,60000,60000
064651,GIS凱基9C購02   ,0,0,0,0,0,0,0,0,0,60000,0,0,0,152000,92000,60000,60000
065017,和大富邦03購01  ,0,0,0,0,0,0,0,0,0,60000,0,0,0,60000,0,60000,60000
065089,大立光元大9C購23,0,0,0,0,0,0,0,0,0,60000,0,0,0,113000,53000,60000,60000
065062,亞光群益9C購01  ,0,0,0,0,0,0,0,0,0,60000,0,0,0,60000,0,60000,60000
065420,中租國票01購01  ,0,0,0,0,0,0,0,0,0,60000,0,0,0,60000,0,60000,60000
065882,景碩台新9C購03  ,0,0,0,0,0,0,0,0,0,60000,0,0,0,60000,0,60000,60000
065783,友訊永豐9C購02  ,0,0,0,0,0,0,0,0,0,60000,0,0,0,280000,220000,60000,60000
065809,同欣電群益9C購03,0,0,0,0,0,0,0,0,0,60000,0,0,0,60000,0,60000,60000
067455,T50反1國泰03購01,0,0,0,0,0,0,0,0,0,60000,0,0,0,60000,0,60000,60000
066640,達麗凱基01購01  ,0,0,0,0,0,0,0,0,0,60000,0,0,0,190000,130000,60000,60000
066775,智原富邦03購01  ,0,0,0,0,0,0,0,0,0,60000,0,0,0,80000,20000,60000,60000
066442,華碩群益01購01  ,0,0,0,0,0,0,0,0,0,60000,0,0,0,60000,0,60000,60000
08115P,聯發科凱基9B售13,0,0,0,0,0,0,0,0,0,60000,0,0,0,80000,20000,60000,60000
07391P,台灣50國泰02售01,0,0,0,0,0,0,0,0,0,60000,0,0,0,100000,40000,60000,60000
07946P,華通統一9B售02  ,0,0,0,0,0,0,0,0,0,60000,0,0,0,60000,0,60000,60000
08463P,台灣50國泰02售02,0,0,0,0,0,0,0,0,0,60000,0,0,0,60000,0,60000,60000
08435P,台積電群益9C售11,0,0,0,0,0,0,0,0,0,60000,0,0,0,60000,0,60000,60000
069440,台達電台新02購02,0,0,0,0,0,0,0,0,0,59000,0,0,0,98000,39000,59000,59000
067977,中磊群益01購02  ,0,0,0,0,0,0,0,0,0,59000,0,0,0,128000,69000,59000,59000
067838,玉晶光統一01購12,0,0,0,0,0,0,0,0,0,59000,0,0,0,59000,0,59000,59000
060637,玉晶光永豐9A購03,0,0,0,0,0,0,0,0,0,59000,0,0,0,61000,2000,59000,59000
060697,鴻海國泰9C購01  ,0,0,0,0,0,0,0,0,0,59000,0,0,0,750000,691000,59000,59000
064097,友訊群益9C購01  ,0,0,0,0,0,0,0,0,0,59000,0,0,0,59000,0,59000,59000
061985,富邦金元大9B購01,0,0,0,0,0,0,0,0,0,59000,0,0,0,59000,0,59000,59000
066720,滬深2X元大01購07,0,0,0,0,0,0,0,0,0,59000,0,0,0,206000,147000,59000,59000
065864,光寶科群益9C購01,0,0,0,0,0,0,0,0,0,59000,0,0,0,59000,0,59000,59000
3305,昇貿            ,224000,164000,60000,0,0,0,0,0,0,-1000,0,1000,-1000,0,0,0,59000
067920,玉晶光永豐01購04,0,0,0,0,0,0,0,0,0,58000,0,0,0,58000,0,58000,58000
068702,台達電國票03購01,0,0,0,0,0,0,0,0,0,58000,0,0,0,78000,20000,58000,58000
069255,華擎凱基02購03  ,0,0,0,0,0,0,0,0,0,58000,0,0,0,82000,24000,58000,58000
069162,聯發科元大02購09,0,0,0,0,0,0,0,0,0,58000,0,0,0,68000,10000,58000,58000
03456B,臺股指元大03熊03,0,0,0,0,0,0,0,0,0,58000,0,0,0,90000,32000,58000,58000
056669,貿聯國票99購01  ,0,0,0,0,0,0,0,0,0,58000,0,0,0,58000,0,58000,58000
060326,群光群益9A購01  ,0,0,0,0,0,0,0,0,0,58000,0,0,0,152000,94000,58000,58000
063615,瑞祺群益9B購03  ,0,0,0,0,0,0,0,0,0,58000,0,0,0,63000,5000,58000,58000
062522,同欣電元大9B購02,0,0,0,0,0,0,0,0,0,58000,0,0,0,70000,12000,58000,58000
064498,可成元大01購03  ,0,0,0,0,0,0,0,0,0,58000,0,0,0,105000,47000,58000,58000
064570,TPK群益9C購03   ,0,0,0,0,0,0,0,0,0,58000,0,0,0,89000,31000,58000,58000
065799,友訊群益01購03  ,0,0,0,0,0,0,0,0,0,58000,0,0,0,99000,41000,58000,58000
065505,健鼎永豐9C購01  ,0,0,0,0,0,0,0,0,0,58000,0,0,0,58000,0,58000,58000
065293,玉晶光群益01購07,0,0,0,0,0,0,0,0,0,58000,0,0,0,298000,240000,58000,58000
067002,生達永豐01購02  ,0,0,0,0,0,0,0,0,0,58000,0,0,0,58000,0,58000,58000
08605P,聯發科中信9C售06,0,0,0,0,0,0,0,0,0,58000,0,0,0,83000,25000,58000,58000
08813P,聯發科群益01售02,0,0,0,0,0,0,0,0,0,58000,0,0,0,80000,22000,58000,58000
069079,聯發科凱基02購07,0,0,0,0,0,0,0,0,0,57000,0,0,0,190000,133000,57000,57000
03358P,金像電群益02售03,0,0,0,0,0,0,0,0,0,57000,0,0,0,77000,20000,57000,57000
00728,第一金工業30    ,0,0,0,0,0,0,0,0,0,57000,0,0,0,75000,18000,57000,57000
051431,群創元富99購02  ,0,0,0,0,0,0,0,0,0,57000,0,0,0,57000,0,57000,57000
062867,東元中信9B購01  ,0,0,0,0,0,0,0,0,0,57000,0,0,0,117000,60000,57000,57000
063830,智伸科國票01購01,0,0,0,0,0,0,0,0,0,57000,0,0,0,57000,0,57000,57000
066852,矽格元大01購03  ,0,0,0,0,0,0,0,0,0,57000,0,0,0,92000,35000,57000,57000
065701,聯發科群益9C購13,0,0,0,0,0,0,0,0,0,57000,0,0,0,116000,59000,57000,57000
065658,聯發科富邦03購03,0,0,0,0,0,0,0,0,0,57000,0,0,0,103000,46000,57000,57000
08716P,台積電兆豐01售02,0,0,0,0,0,0,0,0,0,57000,0,0,0,70000,13000,57000,57000
08658P,聯發科統一9C售19,0,0,0,0,0,0,0,0,0,57000,0,0,0,262000,205000,57000,57000
08055P,臺股指國票9B售20,0,0,0,0,0,0,0,0,0,57000,0,0,0,67000,10000,57000,57000
08299P,玉晶光國票02售01,0,0,0,0,0,0,0,0,0,57000,0,0,0,442000,385000,57000,57000
2107,厚生            ,460000,399000,61000,0,0,0,0,0,0,-4000,0,4000,-4000,0,0,0,57000
069009,聯詠兆豐03購02  ,0,0,0,0,0,0,0,0,0,56000,0,0,0,64000,8000,56000,56000
069229,瑞祺群益02購01  ,0,0,0,0,0,0,0,0,0,56000,0,0,0,79000,23000,56000,56000
068761,興勤永豐02購01  ,0,0,0,0,0,0,0,0,0,56000,0,0,0,73000,17000,56000,56000
068844,台積電統一02購11,0,0,0,0,0,0,0,0,0,56000,0,0,0,68000,12000,56000,56000
067635,超眾永豐01購02  ,0,0,0,0,0,0,0,0,0,56000,0,0,0,56000,0,56000,56000
060591,富邦金台新9A購01,0,0,0,0,0,0,0,0,0,56000,0,0,0,56000,0,56000,56000
057798,貿聯兆豐99購01  ,0,0,0,0,0,0,0,0,0,56000,0,0,0,68000,12000,56000,56000
059115,美食永豐99購01  ,0,0,0,0,0,0,0,0,0,56000,0,0,0,56000,0,56000,56000
058553,合勤控永豐99購01,0,0,0,0,0,0,0,0,0,56000,0,0,0,87000,31000,56000,56000
059454,亞光永豐99購01  ,0,0,0,0,0,0,0,0,0,56000,0,0,0,56000,0,56000,56000
058448,滬深2X永豐9A購01,0,0,0,0,0,0,0,0,0,56000,0,0,0,64000,8000,56000,56000
063853,同欣電元大9C購02,0,0,0,0,0,0,0,0,0,56000,0,0,0,56000,0,56000,56000
063693,智易永豐9B購02  ,0,0,0,0,0,0,0,0,0,56000,0,0,0,76000,20000,56000,56000
061513,華新科永豐9A購04,0,0,0,0,0,0,0,0,0,56000,0,0,0,56000,0,56000,56000
061987,大立光元大9B購03,0,0,0,0,0,0,0,0,0,56000,0,0,0,70000,14000,56000,56000
063494,金像電富邦9B購01,0,0,0,0,0,0,0,0,0,56000,0,0,0,65000,9000,56000,56000
064140,台達電統一01購01,0,0,0,0,0,0,0,0,0,56000,0,0,0,56000,0,56000,56000
062374,茂林元大9B購03  ,0,0,0,0,0,0,0,0,0,56000,0,0,0,78000,22000,56000,56000
066217,美利達統一03購01,0,0,0,0,0,0,0,0,0,56000,0,0,0,58000,2000,56000,56000
066558,創意元大01購04  ,0,0,0,0,0,0,0,0,0,56000,0,0,0,184000,128000,56000,56000
066425,創意元大01購03  ,0,0,0,0,0,0,0,0,0,56000,0,0,0,124000,68000,56000,56000
067044,華碩凱基02購01  ,0,0,0,0,0,0,0,0,0,56000,0,0,0,56000,0,56000,56000
066940,T50反1元大01購03,0,0,0,0,0,0,0,0,0,56000,0,0,0,96000,40000,56000,56000
067142,美利達永豐01購02,0,0,0,0,0,0,0,0,0,56000,0,0,0,68000,12000,56000,56000
08177P,金像電元大9B售02,0,0,0,0,0,0,0,0,0,56000,0,0,0,128000,72000,56000,56000
068544,台積電兆豐03購04,0,0,0,0,0,0,0,0,0,55000,0,0,0,160000,105000,55000,55000
068327,聯發科元大01購27,0,0,0,0,0,0,0,0,0,55000,0,0,0,71000,16000,55000,55000
069193,景碩統一05購01  ,0,0,0,0,0,0,0,0,0,55000,0,0,0,55000,0,55000,55000
069575,瑞儀凱基03購02  ,0,0,0,0,0,0,0,0,0,55000,0,0,0,70000,15000,55000,55000
069627,聯電元富02購02  ,0,0,0,0,0,0,0,0,0,55000,0,0,0,55000,0,55000,55000
058527,世紀鋼元大99購01,0,0,0,0,0,0,0,0,0,55000,0,0,0,110000,55000,55000,55000
064183,聯茂富邦01購01  ,0,0,0,0,0,0,0,0,0,55000,0,0,0,55000,0,55000,55000
059074,元油2X元大9C購15,0,0,0,0,0,0,0,0,0,55000,0,0,0,55000,0,55000,55000
03100P,玉晶光凱基03售04,0,0,0,0,0,0,0,0,0,55000,0,0,0,68000,13000,55000,55000
062548,智易永豐9B購01  ,0,0,0,0,0,0,0,0,0,55000,0,0,0,165000,110000,55000,55000
061197,矽創永豐9A購02  ,0,0,0,0,0,0,0,0,0,55000,0,0,0,55000,0,55000,55000
063454,瑞儀統一9B購01  ,0,0,0,0,0,0,0,0,0,55000,0,0,0,90000,35000,55000,55000
062835,瑞儀群益9B購01  ,0,0,0,0,0,0,0,0,0,55000,0,0,0,55000,0,55000,55000
063404,金像電國票9B購01,0,14000,-14000,0,0,0,0,0,0,69000,0,0,0,113000,44000,69000,55000
063360,茂林國泰9C購02  ,0,0,0,0,0,0,0,0,0,55000,0,0,0,235000,180000,55000,55000
061537,SP黃豆群益9A購02,0,0,0,0,0,0,0,0,0,55000,0,0,0,55000,0,55000,55000
061594,玉晶光永豐9A購08,0,0,0,0,0,0,0,0,0,55000,0,0,0,120000,65000,55000,55000
061644,健策元大9C購02  ,0,0,0,0,0,0,0,0,0,55000,0,0,0,58000,3000,55000,55000
063970,大立光國票01購01,0,0,0,0,0,0,0,0,0,55000,0,0,0,166000,111000,55000,55000
066330,新興永豐01購01  ,0,0,0,0,0,0,0,0,0,55000,0,0,0,55000,0,55000,55000
066270,國揚元大01購01  ,0,0,0,0,0,0,0,0,0,55000,0,0,0,55000,0,55000,55000
066817,瀚宇博兆豐03購01,0,0,0,0,0,0,0,0,0,55000,0,0,0,135000,80000,55000,55000
08080P,祥碩國票9B售03  ,0,0,0,0,0,0,0,0,0,55000,0,0,0,55000,0,55000,55000
08242P,聯發科凱基9C售06,0,0,0,0,0,0,0,0,0,55000,0,0,0,55000,0,55000,55000
08183P,聯發科永豐9B售04,0,0,0,0,0,0,0,0,0,55000,0,0,0,55000,0,55000,55000
07452P,國巨元大9A售05  ,0,0,0,0,0,0,0,0,0,55000,0,0,0,55000,0,55000,55000
07703P,玉晶光中信9B售03,0,0,0,0,0,0,0,0,0,55000,0,0,0,55000,0,55000,55000
08881P,奇力新凱基01售02,0,0,0,0,0,0,0,0,0,55000,0,0,0,65000,10000,55000,55000
069566,宏碁凱基02購02  ,0,0,0,0,0,0,0,0,0,54000,0,0,0,70000,16000,54000,54000
069180,力山麥證02購01  ,0,0,0,72000,18000,54000,0,0,0,54000,0,0,0,72000,18000,54000,54000
068605,聯發科凱基01購25,0,0,0,0,0,0,0,0,0,54000,0,0,0,54000,0,54000,54000
067915,宏碁永豐01購01  ,0,0,0,0,0,0,0,0,0,54000,0,0,0,66000,12000,54000,54000
03026P,國巨元大01售13  ,0,0,0,0,0,0,0,0,0,54000,0,0,0,86000,32000,54000,54000
03458B,臺股指元大04熊07,0,0,0,0,0,0,0,0,0,54000,0,0,0,118000,64000,54000,54000
056903,大立光元大99購04,0,0,0,0,0,0,0,0,0,54000,0,0,0,54000,0,54000,54000
058069,美律凱基99購05  ,0,0,0,0,0,0,0,0,0,54000,0,0,0,60000,6000,54000,54000
064187,亞光永豐9C購01  ,0,0,0,0,0,0,0,0,0,54000,0,0,0,55000,1000,54000,54000
059116,晶豪科永豐99購01,0,0,0,0,0,0,0,0,0,54000,0,0,0,54000,0,54000,54000
064054,中租統一02購01  ,0,0,0,0,0,0,0,0,0,54000,0,0,0,54000,0,54000,54000
063460,智邦元大9B購08  ,0,0,0,0,0,0,0,0,0,54000,0,0,0,68000,14000,54000,54000
063630,智邦元大9B購09  ,0,0,0,0,0,0,0,0,0,54000,0,0,0,160000,106000,54000,54000
064199,南六群益01購01  ,0,0,0,0,0,0,0,0,0,54000,0,0,0,64000,10000,54000,54000
063734,可成元大9B購04  ,0,0,0,0,0,0,0,0,0,54000,0,0,0,67000,13000,54000,54000
061087,國巨統一01購04  ,0,0,0,0,0,0,0,0,0,54000,0,0,0,196000,142000,54000,54000
065656,聯發科國泰03購01,0,0,0,0,0,0,0,0,0,54000,0,0,0,54000,0,54000,54000
065220,義隆富邦01購02  ,0,0,0,0,0,0,0,0,0,54000,0,0,0,62000,8000,54000,54000
067676,大立光元大01購12,0,0,0,0,0,0,0,0,0,53000,0,0,0,1083000,1030000,53000,53000
068348,上銀凱基01購02  ,0,0,0,0,0,0,0,0,0,53000,0,0,0,95000,42000,53000,53000
069344,華擎群益03購01  ,0,0,0,0,0,0,0,0,0,53000,0,0,0,62000,9000,53000,53000
069858,欣興永豐02購09  ,0,0,0,0,0,0,0,0,0,53000,0,0,0,75000,22000,53000,53000
060414,中興電永豐9A購01,0,0,0,0,0,0,0,0,0,53000,0,0,0,59000,6000,53000,53000
057318,台光電凱基9A購01,0,0,0,0,0,0,0,0,0,53000,0,0,0,118000,65000,53000,53000
062798,台光電統一9B購01,0,0,0,0,0,0,0,0,0,53000,0,0,0,120000,67000,53000,53000
059853,超眾永豐99購03  ,0,0,0,0,0,0,0,0,0,53000,0,0,0,53000,0,53000,53000
062314,玉晶光凱基9B購06,0,0,0,0,0,0,0,0,0,53000,0,0,0,69000,16000,53000,53000
063850,玉晶光元大9C購07,0,0,0,0,0,0,0,0,0,53000,0,0,0,119000,66000,53000,53000
063841,國巨元大01購01  ,0,0,0,0,0,0,0,0,0,53000,0,0,0,132000,79000,53000,53000
061497,大立光國票9A購09,0,0,0,0,0,0,0,0,0,53000,0,0,0,53000,0,53000,53000
065011,智邦國泰02購01  ,0,0,0,0,0,0,0,0,0,53000,0,0,0,153000,100000,53000,53000
066757,南港永豐01購01  ,0,0,0,0,0,0,0,0,0,53000,0,0,0,53000,0,53000,53000
066283,鎧勝元大01購02  ,0,0,0,0,0,0,0,0,0,53000,0,0,0,58000,5000,53000,53000
07884P,華新科凱基9B售08,0,0,0,0,0,0,0,0,0,53000,0,0,0,53000,0,53000,53000
9935,慶豐富          ,804000,821000,-17000,0,0,0,0,0,0,70000,70000,0,70000,0,0,0,53000
068851,漢唐統一04購01  ,0,0,0,0,0,0,0,0,0,52000,0,0,0,63000,11000,52000,52000
059867,華邦電凱基99購02,0,0,0,0,0,0,0,0,0,52000,0,0,0,52000,0,52000,52000
058278,FBVIX中信03購02 ,0,0,0,0,0,0,0,0,0,52000,0,0,0,127000,75000,52000,52000
061020,超眾國票9A購02  ,0,0,0,0,0,0,0,0,0,52000,0,0,0,63000,11000,52000,52000
064482,微星永豐9C購01  ,0,0,0,0,0,0,0,0,0,52000,0,0,0,70000,18000,52000,52000
061336,國巨元大9A購20  ,0,0,0,0,0,0,0,0,0,52000,0,0,0,63000,11000,52000,52000
064376,美律元富9C購01  ,0,0,0,0,0,0,0,0,0,52000,0,0,0,102000,50000,52000,52000
066990,啟碁群益01購01  ,0,0,0,0,0,0,0,0,0,52000,0,0,0,52000,0,52000,52000
067291,可成兆豐01購01  ,0,0,0,0,0,0,0,0,0,52000,0,0,0,120000,68000,52000,52000
065417,嘉晶國票01購02  ,0,0,0,0,0,0,0,0,0,52000,0,0,0,53000,1000,52000,52000
065657,智邦富邦9C購01  ,0,0,0,0,0,0,0,0,0,52000,0,0,0,53000,1000,52000,52000
08131P,立積元大9B售02  ,0,0,0,0,0,0,0,0,0,52000,0,0,0,71000,19000,52000,52000
08544P,和碩國票01售02  ,0,0,0,0,0,0,0,0,0,52000,0,0,0,127000,75000,52000,52000
068763,世紀鋼永豐02購01,0,0,0,0,0,0,0,0,0,51000,0,0,0,55000,4000,51000,51000
068155,國揚元大01購03  ,0,0,0,0,0,0,0,0,0,51000,0,0,0,94000,43000,51000,51000
069729,惠特群益03購01  ,0,0,0,0,0,0,0,0,0,51000,0,0,0,250000,199000,51000,51000
07100P,華航元大99售01  ,0,0,0,0,0,0,0,0,0,51000,0,0,0,51000,0,51000,51000
068982,健策元大02購06  ,0,0,0,0,0,0,0,0,0,51000,0,0,0,112000,61000,51000,51000
059021,台積電統一9B購07,0,0,0,0,0,0,0,0,0,51000,0,0,0,71000,20000,51000,51000
060105,牧德元大9B購01  ,0,0,0,0,0,0,0,0,0,51000,0,0,0,109000,58000,51000,51000
057531,禾伸堂元大99購04,0,0,0,0,0,0,0,0,0,51000,0,0,0,51000,0,51000,51000
060387,盛群凱基9A購01  ,0,0,0,0,0,0,0,0,0,51000,0,0,0,51000,0,51000,51000
056703,群創國泰9A購01  ,0,0,0,0,0,0,0,0,0,51000,0,0,0,101000,50000,51000,51000
03262P,建準國票04售01  ,0,0,0,0,0,0,0,0,0,51000,0,0,0,57000,6000,51000,51000
061257,上銀凱基9A購06  ,0,0,0,0,0,0,0,0,0,51000,0,0,0,51000,0,51000,51000
060785,國巨富邦9B購04  ,0,0,0,0,0,0,0,0,0,51000,0,0,0,51000,0,51000,51000
061032,金像電永豐9A購03,0,0,0,0,0,0,0,0,0,51000,0,0,0,89000,38000,51000,51000
064059,新日興麥證01購01,0,0,0,51000,10000,41000,0,0,0,51000,0,0,0,61000,10000,51000,51000
064286,TPK元大9C購02   ,0,0,0,0,0,0,0,0,0,51000,0,0,0,51000,0,51000,51000
064258,臻鼎國泰01購02  ,0,0,0,0,0,0,0,0,0,51000,0,0,0,81000,30000,51000,51000
063267,台表科中信01購02,0,0,0,0,0,0,0,0,0,51000,0,0,0,120000,69000,51000,51000
065687,華通元富9C購03  ,0,0,0,0,0,0,0,0,0,51000,0,0,0,61000,10000,51000,51000
065098,致伸元大9C購02  ,0,0,0,0,0,0,0,0,0,51000,0,0,0,51000,0,51000,51000
065132,臻鼎兆豐01購01  ,0,0,0,0,0,0,0,0,0,51000,0,0,0,79000,28000,51000,51000
08641P,台灣50群益9C售08,0,0,0,0,0,0,0,0,0,51000,0,0,0,51000,0,51000,51000
6243,迅杰            ,70000,19000,51000,0,0,0,0,0,0,0,0,0,0,0,0,0,51000
1587,吉茂            ,165000,114000,51000,0,0,0,0,0,0,0,0,0,0,0,0,0,51000
068021,泰鼎國票02購01  ,0,0,0,0,0,0,0,0,0,50000,0,0,0,50000,0,50000,50000
068036,緯創元富02購01  ,0,0,0,0,0,0,0,0,0,50000,0,0,0,50000,0,50000,50000
067869,玉晶光元大01購05,0,0,0,0,0,0,0,0,0,50000,0,0,0,50000,0,50000,50000
068604,聯發科凱基01購23,0,0,0,0,0,0,0,0,0,50000,0,0,0,50000,0,50000,50000
03251P,台灣50台新03售01,0,0,0,0,0,0,0,0,0,50000,0,0,0,50000,0,50000,50000
053883,大立光中信98購02,0,0,0,0,0,0,0,0,0,50000,0,0,0,50000,0,50000,50000
055312,台虹群益99購01  ,0,0,0,0,0,0,0,0,0,50000,0,0,0,50000,0,50000,50000
055224,鴻海國票99購02  ,0,0,0,0,0,0,0,0,0,50000,0,0,0,50000,0,50000,50000
03324P,南六凱基02售03  ,0,0,0,0,0,0,0,0,0,50000,0,0,0,74000,24000,50000,50000
059850,日電貿永豐99購01,0,0,0,0,0,0,0,0,0,50000,0,0,0,50000,0,50000,50000
059123,訊芯永豐99購03  ,0,0,0,0,0,0,0,0,0,50000,0,0,0,50000,0,50000,50000
059093,旭富元大99購01  ,0,0,0,0,0,0,0,0,0,50000,0,0,0,50000,0,50000,50000
059197,可成永豐99購02  ,0,0,0,0,0,0,0,0,0,50000,0,0,0,51000,1000,50000,50000
059380,鴻海亞東99購01  ,0,0,0,0,0,0,0,0,0,50000,0,0,0,50000,0,50000,50000
059396,T50反1元富99購04,0,0,0,0,0,0,0,0,0,50000,0,0,0,50000,0,50000,50000
059987,大立光元大99購28,0,0,0,0,0,0,0,0,0,50000,0,0,0,50000,0,50000,50000
059533,富邦金凱基99購01,0,0,0,0,0,0,0,0,0,50000,0,0,0,51000,1000,50000,50000
057228,友達凱基9B購01  ,0,0,0,0,0,0,0,0,0,50000,0,0,0,50000,0,50000,50000
060638,玉晶光永豐9A購04,0,0,0,0,0,0,0,0,0,50000,0,0,0,65000,15000,50000,50000
060474,中租元大9B購01  ,0,0,0,0,0,0,0,0,0,50000,0,0,0,50000,0,50000,50000
060234,凱美元大9C購01  ,0,0,0,0,0,0,0,0,0,50000,0,0,0,51000,1000,50000,50000
058788,喬山元大99購01  ,0,0,0,0,0,0,0,0,0,50000,0,0,0,97000,47000,50000,50000
058829,華新科永豐99購04,0,0,0,0,0,0,0,0,0,50000,0,0,0,50000,0,50000,50000
058831,茂林永豐99購01  ,0,0,0,0,0,0,0,0,0,50000,0,0,0,50000,0,50000,50000
058683,可成凱基9A購01  ,0,0,0,0,0,0,0,0,0,50000,0,0,0,50000,0,50000,50000
063566,台光電元大9B購08,0,0,0,0,0,0,0,0,0,50000,0,0,0,51000,1000,50000,50000
063368,遠東新永豐9B購01,0,0,0,0,0,0,0,0,0,50000,0,0,0,50000,0,50000,50000
063421,可成凱基9C購02  ,0,0,0,0,0,0,0,0,0,50000,0,0,0,70000,20000,50000,50000
063118,中鋼元大9C購01  ,0,0,0,0,0,0,0,0,0,50000,0,0,0,60000,10000,50000,50000
064135,復盛元大9C購01  ,0,0,0,0,0,0,0,0,0,50000,0,0,0,50000,0,50000,50000
063213,智伸科國票9C購01,0,0,0,0,0,0,0,0,0,50000,0,0,0,50000,0,50000,50000
061064,可成凱基9B購02  ,0,0,0,0,0,0,0,0,0,50000,0,0,0,50000,0,50000,50000
060819,國巨統一9C購04  ,0,0,0,0,0,0,0,0,0,50000,0,0,0,50000,0,50000,50000
062682,全新統一9B購01  ,0,0,0,0,0,0,0,0,0,50000,0,0,0,70000,20000,50000,50000
062667,立積群益9B購01  ,0,0,0,0,0,0,0,0,0,50000,0,0,0,50000,0,50000,50000
061202,和大元大9A購02  ,0,0,0,0,0,0,0,0,0,50000,0,0,0,54000,4000,50000,50000
062450,臻鼎元大9B購02  ,0,0,0,0,0,0,0,0,0,50000,0,0,0,52000,2000,50000,50000
062460,京鼎群益9C購01  ,0,0,0,0,0,0,0,0,0,50000,0,0,0,50000,0,50000,50000
063072,裕隆永豐9B購01  ,0,0,0,0,0,0,0,0,0,50000,0,0,0,52000,2000,50000,50000
064378,群創元富9C購01  ,0,0,0,0,0,0,0,0,0,50000,0,0,0,50000,0,50000,50000
061320,奇力新凱基9A購04,0,0,0,0,0,0,0,0,0,50000,0,0,0,50000,0,50000,50000
061298,華新科富邦01購02,0,0,0,0,0,0,0,0,0,50000,0,0,0,50000,0,50000,50000
061302,晶技永豐9A購04  ,0,0,0,0,0,0,0,0,0,50000,0,0,0,50000,0,50000,50000
064336,可成元大9C購06  ,0,0,0,0,0,0,0,0,0,50000,0,0,0,65000,15000,50000,50000
064629,和潤元大9C購01  ,0,0,0,0,0,0,0,0,0,50000,0,0,0,68000,18000,50000,50000
064615,智邦元大01購01  ,0,0,0,0,0,0,0,0,0,50000,0,0,0,50000,0,50000,50000
064554,儒鴻群益9C購01  ,0,0,0,0,0,0,0,0,0,50000,0,0,0,50000,0,50000,50000
064662,鴻海元大9C購10  ,0,0,0,0,0,0,0,0,0,50000,0,0,0,269000,219000,50000,50000
064876,旺宏兆豐9C購01  ,0,0,0,0,0,0,0,0,0,50000,0,0,0,155000,105000,50000,50000
065523,茂林群益9C購03  ,0,0,0,0,0,0,0,0,0,50000,0,0,0,71000,21000,50000,50000
065291,日電貿群益01購01,0,0,0,0,0,0,0,0,0,50000,0,0,0,60000,10000,50000,50000
065670,華新科凱基01購02,0,0,0,0,0,0,0,0,0,50000,0,0,0,60000,10000,50000,50000
065569,智邦群益01購01  ,0,0,0,0,0,0,0,0,0,50000,0,0,0,75000,25000,50000,50000
065833,中租凱基02購01  ,0,0,0,0,0,0,0,0,0,50000,0,0,0,130000,80000,50000,50000
066193,致新凱基01購01  ,0,0,0,0,0,0,0,0,0,50000,0,0,0,50000,0,50000,50000
066000,奇鋐國票02購01  ,0,0,0,0,0,0,0,0,0,50000,0,0,0,88000,38000,50000,50000
067283,南亞科國票02購01,0,0,0,0,0,0,0,0,0,50000,0,0,0,50000,0,50000,50000
067296,A50正2元大01購03,0,0,0,0,0,0,0,0,0,50000,0,0,0,50000,0,50000,50000
067345,美利達凱基02購01,0,0,0,0,0,0,0,0,0,50000,0,0,0,50000,0,50000,50000
067375,大立光統一03購03,0,0,0,0,0,0,0,0,0,50000,0,0,0,390000,340000,50000,50000
066991,訊芯群益01購01  ,0,0,0,0,0,0,0,0,0,50000,0,0,0,350000,300000,50000,50000
066790,健策麥證01購01  ,0,0,0,50000,0,50000,0,0,0,50000,0,0,0,50000,0,50000,50000
066619,永光凱基01購01  ,0,0,0,0,0,0,0,0,0,50000,0,0,0,50000,0,50000,50000
08459P,聯發科兆豐9C售04,0,0,0,0,0,0,0,0,0,50000,0,0,0,50000,0,50000,50000
08538P,聯發科國票01售01,0,0,0,0,0,0,0,0,0,50000,0,0,0,60000,10000,50000,50000
08513P,聯發科凱基9C售08,0,0,0,0,0,0,0,0,0,50000,0,0,0,50000,0,50000,50000
08783P,台積電元大01售18,0,0,0,0,0,0,0,0,0,50000,0,0,0,85000,35000,50000,50000
08057P,京鼎群益9B售01  ,0,0,0,0,0,0,0,0,0,50000,0,0,0,200000,150000,50000,50000
08016P,臺股指凱基02售02,0,0,0,0,0,0,0,0,0,50000,0,0,0,55000,5000,50000,50000
08221P,台表科凱基9B售05,0,0,0,0,0,0,0,0,0,50000,0,0,0,50000,0,50000,50000
08288P,鴻海統一9C售17  ,0,0,0,0,0,0,0,0,0,50000,0,0,0,50000,0,50000,50000
07769P,國巨國票9A售10  ,0,0,0,0,0,0,0,0,0,50000,0,0,0,60000,10000,50000,50000
07714P,世紀鋼元大9A售03,0,0,0,0,0,0,0,0,0,50000,0,0,0,50000,0,50000,50000
07738P,玉晶光永豐9A售06,0,0,0,0,0,0,0,0,0,50000,0,0,0,50000,0,50000,50000
068601,台積電凱基03購07,0,0,0,0,0,0,0,0,0,49000,0,0,0,229000,180000,49000,49000
068378,聯發科永豐01購03,0,0,0,0,0,0,0,0,0,49000,0,0,0,109000,60000,49000,49000
067960,帆宣永豐01購01  ,0,0,0,0,0,0,0,0,0,49000,0,0,0,49000,0,49000,49000
069923,精成科凱基02購01,0,0,0,0,0,0,0,0,0,49000,0,0,0,90000,41000,49000,49000
064188,玉晶光永豐9C購02,0,0,0,0,0,0,0,0,0,49000,0,0,0,50000,1000,49000,49000
061946,鴻海群益9B購03  ,0,0,0,0,0,0,0,0,0,49000,0,0,0,57000,8000,49000,49000
058584,百和群益9A購01  ,0,0,0,0,0,0,0,0,0,49000,0,0,0,49000,0,49000,49000
059943,信邦永豐99購01  ,0,0,0,0,0,0,0,0,0,49000,0,0,0,49000,0,49000,49000
03311P,欣興凱基02售05  ,0,0,0,0,0,0,0,0,0,49000,0,0,0,402000,353000,49000,49000
054821,貿聯元大9A購01  ,0,0,0,0,0,0,0,0,0,49000,0,0,0,59000,10000,49000,49000
055892,國巨統一99購01  ,0,0,0,0,0,0,0,0,0,49000,0,0,0,49000,0,49000,49000
03119P,滬深2X元大01售13,0,0,0,0,0,0,0,0,0,49000,0,0,0,100000,51000,49000,49000
062170,健策永豐9B購04  ,0,0,0,0,0,0,0,0,0,49000,0,0,0,61000,12000,49000,49000
062362,致茂元大9B購01  ,0,0,0,0,0,0,0,0,0,49000,0,0,0,50000,1000,49000,49000
062680,微星統一01購01  ,0,0,0,0,0,0,0,0,0,49000,0,0,0,51000,2000,49000,49000
063166,超眾永豐9B購01  ,0,0,0,0,0,0,0,0,0,49000,0,0,0,59000,10000,49000,49000
066290,台塑化元大01購01,0,0,0,0,0,0,0,0,0,49000,0,0,0,100000,51000,49000,49000
067373,聯發科統一03購04,0,0,0,0,0,0,0,0,0,49000,0,0,0,60000,11000,49000,49000
067302,聯發科元大01購20,0,0,0,0,0,0,0,0,0,49000,0,0,0,253000,204000,49000,49000
065848,聯詠元大9C購03  ,0,0,0,0,0,0,0,0,0,49000,0,0,0,65000,16000,49000,49000
065303,國泰金元富9C購01,0,0,0,0,0,0,0,0,0,49000,0,0,0,60000,11000,49000,49000
065233,TPK凱基01購01   ,0,0,0,0,0,0,0,0,0,49000,0,0,0,63000,14000,49000,49000
064973,智邦元大9C購06  ,0,0,0,0,0,0,0,0,0,49000,0,0,0,104000,55000,49000,49000
08300P,世芯國票01售01  ,0,0,0,0,0,0,0,0,0,49000,0,0,0,49000,0,49000,49000
069765,聯電元大02購21  ,0,0,0,0,0,0,0,0,0,48000,0,0,0,50000,2000,48000,48000
069678,金像電元大03購01,0,0,0,0,0,0,0,0,0,48000,0,0,0,68000,20000,48000,48000
068998,儒鴻兆豐03購01  ,0,0,0,0,0,0,0,0,0,48000,0,0,0,60000,12000,48000,48000
069477,T50反1元大04購01,0,0,0,0,0,0,0,0,0,48000,0,0,0,420000,372000,48000,48000
068018,玉晶光國票02購05,0,0,0,0,0,0,0,0,0,48000,0,0,0,58000,10000,48000,48000
06839P,玉晶光統一9A售05,0,0,0,0,0,0,0,0,0,48000,0,0,0,288000,240000,48000,48000
068330,大立光元大01購19,0,0,0,0,0,0,0,0,0,48000,0,0,0,575000,527000,48000,48000
068271,大毅永豐01購03  ,0,0,0,0,0,0,0,0,0,48000,0,0,0,58000,10000,48000,48000
068434,美律凱基01購03  ,0,0,0,0,0,0,0,0,0,48000,0,0,0,88000,40000,48000,48000
03049P,台積電元富07售11,0,0,0,0,0,0,0,0,0,48000,0,0,0,473000,425000,48000,48000
020016,統一MSCI美科技N ,0,0,0,0,0,0,0,0,0,48000,0,0,0,48000,0,48000,48000
059262,致茂中信01購01  ,0,0,0,0,0,0,0,0,0,48000,0,0,0,48000,0,48000,48000
057618,台光電凱基99購01,0,0,0,0,0,0,0,0,0,48000,0,0,0,53000,5000,48000,48000
058941,華新科中信99購03,0,0,0,0,0,0,0,0,0,48000,0,0,0,48000,0,48000,48000
064200,華通兆豐01購01  ,0,0,0,0,0,0,0,0,0,48000,0,0,0,53000,5000,48000,48000
063874,志超永豐9C購01  ,0,0,0,0,0,0,0,0,0,48000,0,0,0,661000,613000,48000,48000
060855,華新科富邦01購01,0,0,0,0,0,0,0,0,0,48000,0,0,0,64000,16000,48000,48000
062076,美律元大9B購02  ,0,0,0,0,0,0,0,0,0,48000,0,0,0,49000,1000,48000,48000
062184,奇鋐元大9B購02  ,0,0,0,0,0,0,0,0,0,48000,0,0,0,48000,0,48000,48000
063055,創意統一9B購02  ,0,0,0,0,0,0,0,0,0,48000,0,0,0,48000,0,48000,48000
064666,華新科元大02購01,0,0,0,0,0,0,0,0,0,48000,0,0,0,68000,20000,48000,48000
064574,達方群益01購01  ,0,0,0,0,0,0,0,0,0,48000,0,0,0,51000,3000,48000,48000
064610,儒鴻元大9C購03  ,0,0,0,0,0,0,0,0,0,48000,0,0,0,59000,11000,48000,48000
064869,景碩永豐9C購01  ,0,0,0,0,0,0,0,0,0,48000,0,0,0,75000,27000,48000,48000
064902,健策群益01購03  ,0,0,0,0,0,0,0,0,0,48000,0,0,0,49000,1000,48000,48000
065655,緯穎元大9C購05  ,0,0,0,0,0,0,0,0,0,48000,0,0,0,50000,2000,48000,48000
067480,可成元大01購07  ,0,0,0,0,0,0,0,0,0,48000,0,0,0,98000,50000,48000,48000
067533,瑞昱群益01購02  ,0,0,0,0,0,0,0,0,0,48000,0,0,0,76000,28000,48000,48000
067563,上緯控國票02購01,0,0,0,0,0,0,0,0,0,48000,0,0,0,68000,20000,48000,48000
067565,聯發科日盛01購01,0,0,0,0,0,0,0,0,0,48000,0,0,0,106000,58000,48000,48000
066933,可成國票02購01  ,0,0,0,0,0,0,0,0,0,48000,0,0,0,68000,20000,48000,48000
07968P,國巨元大9B售09  ,0,0,0,0,0,0,0,0,0,48000,0,0,0,133000,85000,48000,48000
08923P,聯發科統一01售13,0,0,0,0,0,0,0,0,0,48000,0,0,0,112000,64000,48000,48000
08670P,健策統一01售01  ,0,0,0,0,0,0,0,0,0,48000,0,0,0,106000,58000,48000,48000
068359,GIS凱基01購05   ,0,0,0,0,0,0,0,0,0,47000,0,0,0,68000,21000,47000,47000
068710,正文國票03購01  ,0,0,0,0,0,0,0,0,0,47000,0,0,0,449000,402000,47000,47000
068719,台積電元大02購13,0,0,0,0,0,0,0,0,0,47000,0,0,0,50000,3000,47000,47000
067765,百和永豐01購01  ,0,0,0,0,0,0,0,0,0,47000,0,0,0,54000,7000,47000,47000
057447,智邦元富02購01  ,0,0,0,0,0,0,0,0,0,47000,0,0,0,47000,0,47000,47000
060370,滬深2X元富04購01,0,0,0,0,0,0,0,0,0,47000,0,0,0,62000,15000,47000,47000
054072,台積電富邦98購02,0,0,0,0,0,0,0,0,0,47000,0,0,0,47000,0,47000,47000
006207,FH滬深          ,221000,20000,201000,0,0,0,0,0,0,-154000,0,250000,-250000,185000,89000,96000,47000
059872,華新科凱基01購01,0,0,0,0,0,0,0,0,0,47000,0,0,0,70000,23000,47000,47000
059873,華新科凱基99購09,0,0,0,0,0,0,0,0,0,47000,0,0,0,147000,100000,47000,47000
058445,旺宏富邦9C購01  ,0,0,0,0,0,0,0,0,0,47000,0,0,0,60000,13000,47000,47000
060246,晶相光元大9C購03,0,0,0,0,0,0,0,0,0,47000,0,0,0,85000,38000,47000,47000
059661,大立光元大99購22,0,0,0,0,0,0,0,0,0,47000,0,0,0,165000,118000,47000,47000
064447,喬山統一02購01  ,0,0,0,0,0,0,0,0,0,47000,0,0,0,61000,14000,47000,47000
062432,上銀元大9B購04  ,0,0,0,0,0,0,0,0,0,47000,0,0,0,47000,0,47000,47000
063654,上銀元富9B購05  ,0,0,0,0,0,0,0,0,0,47000,0,0,0,73000,26000,47000,47000
062850,友訊永豐9B購01  ,0,0,0,0,0,0,0,0,0,47000,0,0,0,81000,34000,47000,47000
066984,總太群益02購01  ,0,0,0,0,0,0,0,0,0,47000,0,0,0,77000,30000,47000,47000
067087,帆宣元大01購03  ,0,0,0,0,0,0,0,0,0,47000,0,0,0,57000,10000,47000,47000
067213,大立光元大01購11,0,0,0,0,0,0,0,0,0,47000,0,0,0,105000,58000,47000,47000
067384,南六統一01購03  ,0,0,0,0,0,0,0,0,0,47000,0,0,0,127000,80000,47000,47000
066361,微星中信05購01  ,0,0,0,0,0,0,0,0,0,47000,0,0,0,57000,10000,47000,47000
066724,台達電元大01購01,0,0,0,0,0,0,0,0,0,47000,0,0,0,78000,31000,47000,47000
065642,台積電元大9C購13,0,0,0,0,0,0,0,0,0,47000,0,0,0,59000,12000,47000,47000
065855,瀚宇博元大9C購03,0,0,0,0,0,0,0,0,0,47000,0,0,0,134000,87000,47000,47000
065765,GIS元大9C購09   ,0,0,0,0,0,0,0,0,0,47000,0,0,0,72000,25000,47000,47000
066071,台光電凱基02購01,0,0,0,0,0,0,0,0,0,47000,0,0,0,117000,70000,47000,47000
065351,中租統一02購02  ,0,0,0,0,0,0,0,0,0,47000,0,0,0,104000,57000,47000,47000
07923P,元金2X凱基02售02,0,0,0,0,0,0,0,0,0,47000,0,0,0,54000,7000,47000,47000
5871,中租-KY         ,4145048,3907666,237382,0,0,0,6000,0,6000,-197000,12000,104000,-92000,1000,106000,-105000,46382
067743,緯創元大01購02  ,0,0,0,0,0,0,0,0,0,46000,0,0,0,122000,76000,46000,46000
067699,奇鋐國票02購03  ,0,0,0,0,0,0,0,0,0,46000,0,0,0,94000,48000,46000,46000
068028,國巨元富07購12  ,0,0,0,0,0,0,0,0,0,46000,0,0,0,56000,10000,46000,46000
068280,滬深2X中信01購03,0,0,0,0,0,0,0,0,0,46000,0,0,0,50000,4000,46000,46000
068472,聯發科群益01購12,0,0,0,0,0,0,0,0,0,46000,0,0,0,113000,67000,46000,46000
069244,金像電凱基02購04,0,0,0,0,0,0,0,0,0,46000,0,0,0,53000,7000,46000,46000
069119,欣興群益02購04  ,0,0,0,0,0,0,0,0,0,46000,0,0,0,52000,6000,46000,46000
069647,世紀鋼康和04購01,0,0,0,0,0,0,0,0,0,46000,0,0,0,47000,1000,46000,46000
059957,中信金康和99購01,0,0,0,0,0,0,0,0,0,46000,0,0,0,46000,0,46000,46000
063285,華擎元大9B購03  ,0,0,0,0,0,0,0,0,0,46000,0,0,0,63000,17000,46000,46000
064089,新日興凱基02購01,0,0,0,0,0,0,0,0,0,46000,0,0,0,50000,4000,46000,46000
061244,和碩兆豐9A購01  ,0,0,0,0,0,0,0,0,0,46000,0,0,0,68000,22000,46000,46000
062262,茂林元大9B購02  ,0,0,0,0,0,0,0,0,0,46000,0,0,0,57000,11000,46000,46000
065458,立積元富03購02  ,0,0,0,0,0,0,0,0,0,46000,0,0,0,68000,22000,46000,46000
064894,漢唐群益9C購02  ,0,0,0,0,0,0,0,0,0,46000,0,0,0,64000,18000,46000,46000
066018,南六元富03購02  ,0,0,0,0,0,0,0,0,0,46000,0,0,0,51000,5000,46000,46000
2546,根基            ,101000,65000,36000,0,0,0,0,0,0,10000,11000,1000,10000,0,0,0,46000
08240P,華通中信06售03  ,0,0,0,0,0,0,0,0,0,46000,0,0,0,46000,0,46000,46000
08820P,台積電凱基01售10,0,0,0,0,0,0,0,0,0,46000,0,0,0,47000,1000,46000,46000
2412,中華電          ,2847638,2768000,79638,0,0,0,20000,0,20000,-54000,4000,55000,-51000,2000,5000,-3000,45638
07070P,晶相光元富99售01,0,0,0,0,0,0,0,0,0,45000,0,0,0,45000,0,45000,45000
069072,T50反1第一02購01,0,0,0,0,0,0,0,0,0,45000,0,0,0,1303000,1258000,45000,45000
067916,敬鵬永豐01購01  ,0,0,0,0,0,0,0,0,0,45000,0,0,0,103000,58000,45000,45000
060029,嘉晶永豐99購03  ,0,0,0,0,0,0,0,0,0,45000,0,0,0,46000,1000,45000,45000
058916,SGBR2X元富99購02,0,0,0,0,0,0,0,0,0,45000,0,0,0,45000,0,45000,45000
058892,元油2X元大9C購08,0,0,0,0,0,0,0,0,0,45000,0,0,0,45000,0,45000,45000
060322,卜蜂群益9A購01  ,0,0,0,0,0,0,0,0,0,45000,0,0,0,50000,5000,45000,45000
020015,統一MSCI美低波N ,0,0,0,0,0,0,0,0,0,45000,0,0,0,45000,0,45000,45000
00753L,中信中國50正2   ,0,92000,-92000,0,0,0,0,0,0,137000,0,0,0,419000,282000,137000,45000
03252P,台積電台新02售01,0,0,0,0,0,0,0,0,0,45000,0,0,0,176000,131000,45000,45000
03214P,技嘉群益02售02  ,0,0,0,0,0,0,0,0,0,45000,0,0,0,55000,10000,45000,45000
03161P,景碩元大01售03  ,0,0,0,0,0,0,0,0,0,45000,0,0,0,355000,310000,45000,45000
03044P,康控國票03售01  ,0,0,0,0,0,0,0,0,0,45000,0,0,0,154000,109000,45000,45000
054811,裕隆元大9A購01  ,0,0,0,0,0,0,0,0,0,45000,0,0,0,155000,110000,45000,45000
064343,健鼎元大9C購01  ,0,0,0,0,0,0,0,0,0,45000,0,0,0,45000,0,45000,45000
064396,創意永豐9C購01  ,0,0,0,0,0,0,0,0,0,45000,0,0,0,48000,3000,45000,45000
060733,和大統一9C購01  ,0,0,0,0,0,0,0,0,0,45000,0,0,0,45000,0,45000,45000
064273,華邦電元大9C購02,0,0,0,0,0,0,0,0,0,45000,0,0,0,45000,0,45000,45000
064236,奇力新統一01購04,0,0,0,0,0,0,0,0,0,45000,0,0,0,65000,20000,45000,45000
062923,緯穎元大9B購06  ,0,0,0,0,0,0,0,0,0,45000,0,0,0,133000,88000,45000,45000
065706,奇鋐群益9C購02  ,0,0,0,0,0,0,0,0,0,45000,0,0,0,55000,10000,45000,45000
065564,臺指反群益02購01,0,0,0,0,0,0,0,0,0,45000,0,0,0,45000,0,45000,45000
065052,南六凱基02購02  ,0,0,0,0,0,0,0,0,0,45000,0,0,0,75000,30000,45000,45000
066646,聯發科麥證01購03,0,0,0,45000,0,45000,0,0,0,45000,0,0,0,45000,0,45000,45000
067250,中化國票02購01  ,0,0,0,0,0,0,0,0,0,45000,0,0,0,85000,40000,45000,45000
067147,台積電統一04購01,0,0,0,0,0,0,0,0,0,45000,0,0,0,57000,12000,45000,45000
08928P,漢唐元富07售02  ,0,0,0,0,0,0,0,0,0,45000,0,0,0,100000,55000,45000,45000
08247P,台積電群益9C售06,0,0,0,0,0,0,0,0,0,45000,0,0,0,45000,0,45000,45000
07570P,旺宏凱基9A售04  ,0,0,0,0,0,0,0,0,0,45000,0,0,0,46000,1000,45000,45000
067742,大立光元大01購16,0,0,0,0,0,0,0,0,0,44000,0,0,0,173000,129000,44000,44000
069423,聯電台新02購01  ,0,0,0,0,0,0,0,0,0,44000,0,0,0,131000,87000,44000,44000
069594,宏碁國票03購01  ,0,0,0,0,0,0,0,0,0,44000,0,0,0,82000,38000,44000,44000
00673R,元大S&P原油反1  ,0,0,0,0,0,0,0,0,0,44000,0,0,0,67000,23000,44000,44000
059276,可成元大99購06  ,0,0,0,0,0,0,0,0,0,44000,0,0,0,130000,86000,44000,44000
061358,世紀鋼元大9A購04,0,0,0,0,0,0,0,0,0,44000,0,0,0,53000,9000,44000,44000
064092,世紀鋼凱基9C購03,0,0,0,0,0,0,0,0,0,44000,0,0,0,56000,12000,44000,44000
063377,泰鼎永豐9B購03  ,0,0,0,0,0,0,0,0,0,44000,0,0,0,44000,0,44000,44000
061184,大立光國泰9C購01,0,0,0,0,0,0,0,0,0,44000,0,0,0,136000,92000,44000,44000
061326,新日興凱基9B購01,0,0,0,0,0,0,0,0,0,44000,0,0,0,44000,0,44000,44000
067084,泰鼎元大01購02  ,0,0,0,0,0,0,0,0,0,44000,0,0,0,85000,41000,44000,44000
064955,健策凱基9C購03  ,0,0,0,0,0,0,0,0,0,44000,0,0,0,45000,1000,44000,44000
065448,緯創統一9C購01  ,0,0,0,0,0,0,0,0,0,44000,0,0,0,85000,41000,44000,44000
065659,華新科永豐9C購04,0,0,0,0,0,0,0,0,0,44000,0,0,0,53000,9000,44000,44000
065750,智邦元大9C購09  ,0,0,0,0,0,0,0,0,0,44000,0,0,0,79000,35000,44000,44000
066136,景碩群益01購02  ,0,0,0,0,0,0,0,0,0,44000,0,0,0,44000,0,44000,44000
069288,玉晶光國泰08購01,0,0,0,0,0,0,0,0,0,43000,0,0,0,156000,113000,43000,43000
067805,宏碁凱基01購02  ,0,0,0,0,0,0,0,0,0,43000,0,0,0,110000,67000,43000,43000
067580,亞德客群益01購03,0,0,0,0,0,0,0,0,0,43000,0,0,0,43000,0,43000,43000
067913,華城永豐01購03  ,0,0,0,0,0,0,0,0,0,43000,0,0,0,79000,36000,43000,43000
067966,聯發科群益01購09,0,0,0,0,0,0,0,0,0,43000,0,0,0,121000,78000,43000,43000
068834,大立光國泰08購01,0,0,0,0,0,0,0,0,0,43000,0,0,0,78000,35000,43000,43000
060214,茂林康和9A購01  ,0,0,0,0,0,0,0,0,0,43000,0,0,0,83000,40000,43000,43000
03374P,玉晶光元大02售06,0,0,0,0,0,0,0,0,0,43000,0,0,0,75000,32000,43000,43000
064428,裕隆凱基02購01  ,0,0,0,0,0,0,0,0,0,43000,0,0,0,43000,0,43000,43000
063034,致茂凱基9B購01  ,0,0,0,0,0,0,0,0,0,43000,0,0,0,43000,0,43000,43000
061174,鴻海凱基9A購23  ,0,0,0,0,0,0,0,0,0,43000,0,0,0,47000,4000,43000,43000
062511,台光電國票9B購02,0,0,0,0,0,0,0,0,0,43000,0,0,0,190000,147000,43000,43000
064210,台光電凱基03購01,0,0,0,0,0,0,0,0,0,43000,0,0,0,51000,8000,43000,43000
064061,GIS麥證01購01   ,0,0,0,113000,70000,43000,0,0,0,43000,0,0,0,113000,70000,43000,43000
061499,嘉晶國票9A購03  ,0,0,0,0,0,0,0,0,0,43000,0,0,0,50000,7000,43000,43000
066033,南六群益02購01  ,0,0,0,0,0,0,0,0,0,43000,0,0,0,65000,22000,43000,43000
065087,可成元大9C購08  ,0,0,0,0,0,0,0,0,0,43000,0,0,0,50000,7000,43000,43000
064879,健策兆豐01購01  ,0,0,0,0,0,0,0,0,0,43000,0,0,0,54000,11000,43000,43000
066928,台達電國票01購02,0,0,0,0,0,0,0,0,0,43000,0,0,0,68000,25000,43000,43000
067232,友訊群益01購05  ,0,0,0,0,0,0,0,0,0,43000,0,0,0,53000,10000,43000,43000
08121P,聯發科國票9B售05,0,0,0,0,0,0,0,0,0,43000,0,0,0,61000,18000,43000,43000
08595P,南電群益9C售03  ,0,0,0,0,0,0,0,0,0,43000,0,0,0,475000,432000,43000,43000
08454P,台灣50凱基9C售12,0,0,0,0,0,0,0,0,0,43000,0,0,0,43000,0,43000,43000
067690,惠特元大01購04  ,0,0,0,0,0,0,0,0,0,42000,0,0,0,58000,16000,42000,42000
068899,TPK元大02購01   ,0,0,0,0,0,0,0,0,0,42000,0,0,0,62000,20000,42000,42000
069896,台積電元大02購35,0,0,0,0,0,0,0,0,0,42000,0,0,0,114000,72000,42000,42000
03479P,牧德國票03售04  ,0,0,0,0,0,0,0,0,0,42000,0,0,0,142000,100000,42000,42000
00689R,國泰20年美債反1 ,23000,13000,10000,0,0,0,0,0,0,32000,0,0,0,152000,120000,32000,42000
063523,微星凱基9B購03  ,0,0,0,0,0,0,0,0,0,42000,0,0,0,42000,0,42000,42000
059284,緯穎永豐99購03  ,0,0,0,0,0,0,0,0,0,42000,0,0,0,42000,0,42000,42000
057961,茂林元大9A購01  ,0,0,0,0,0,0,0,0,0,42000,0,0,0,218000,176000,42000,42000
061415,健策群益9A購04  ,0,0,0,0,0,0,0,0,0,42000,0,0,0,60000,18000,42000,42000
061352,茂林元大9A購04  ,0,0,0,0,0,0,0,0,0,42000,0,0,0,51000,9000,42000,42000
062908,晶豪科元大9B購03,0,0,0,0,0,0,0,0,0,42000,0,0,0,86000,44000,42000,42000
062694,遠東新元大9B購01,0,0,0,0,0,0,0,0,0,42000,0,0,0,150000,108000,42000,42000
063093,國產國票9B購01  ,0,0,0,0,0,0,0,0,0,42000,0,0,0,42000,0,42000,42000
064493,南亞科元大9C購01,0,0,0,0,0,0,0,0,0,42000,0,0,0,85000,43000,42000,42000
066630,東森凱基01購01  ,0,0,0,0,0,0,0,0,0,42000,0,0,0,82000,40000,42000,42000
066886,T50反1中信05購01,0,0,0,0,0,0,0,0,0,42000,0,0,0,98000,56000,42000,42000
066364,可成中信03購01  ,0,0,0,0,0,0,0,0,0,42000,0,0,0,67000,25000,42000,42000
065416,華通國票01購02  ,0,0,0,0,0,0,0,0,0,42000,0,0,0,155000,113000,42000,42000
065535,健鼎統一02購03  ,0,0,0,0,0,0,0,0,0,42000,0,0,0,93000,51000,42000,42000
065577,超眾群益9C購02  ,0,0,0,0,0,0,0,0,0,42000,0,0,0,46000,4000,42000,42000
08776P,上証2X群益03售02,0,0,0,0,0,0,0,0,0,42000,0,0,0,44000,2000,42000,42000
07851P,聯發科國票9A售05,0,0,0,0,0,0,0,0,0,42000,0,0,0,42000,0,42000,42000
069019,GIS兆豐03購01   ,0,0,0,0,0,0,0,0,0,41000,0,0,0,41000,0,41000,41000
069449,玉晶光統一08購01,0,0,0,0,0,0,0,0,0,41000,0,0,0,41000,0,41000,41000
067940,健策凱基01購04  ,0,0,0,0,0,0,0,0,0,41000,0,0,0,42000,1000,41000,41000
068803,國揚群益03購01  ,0,0,0,0,0,0,0,0,0,41000,0,0,0,43000,2000,41000,41000
068804,大立光群益02購05,0,0,0,0,0,0,0,0,0,41000,0,0,0,41000,0,41000,41000
068282,信邦中信03購01  ,0,0,0,0,0,0,0,0,0,41000,0,0,0,61000,20000,41000,41000
061956,和大統一01購01  ,0,0,0,0,0,0,0,0,0,41000,0,0,0,41000,0,41000,41000
063234,國巨元大9C購03  ,0,0,0,0,0,0,0,0,0,41000,0,0,0,41000,0,41000,41000
061634,遠東新元大9A購01,0,0,0,0,0,0,0,0,0,41000,0,0,0,161000,120000,41000,41000
066210,瑞祺統一02購01  ,0,0,0,0,0,0,0,0,0,41000,0,0,0,41000,0,41000,41000
064866,義隆永豐9C購02  ,0,0,0,0,0,0,0,0,0,41000,0,0,0,43000,2000,41000,41000
064921,景碩統一02購01  ,0,0,0,0,0,0,0,0,0,41000,0,0,0,60000,19000,41000,41000
066468,申豐統一02購01  ,0,0,0,0,0,0,0,0,0,41000,0,0,0,41000,0,41000,41000
066539,晶技兆豐01購02  ,0,0,0,0,0,0,0,0,0,41000,0,0,0,50000,9000,41000,41000
08210P,健策元富9B售02  ,0,0,0,0,0,0,0,0,0,41000,0,0,0,50000,9000,41000,41000
08858P,台積電國票01售05,0,0,0,0,0,0,0,0,0,41000,0,0,0,41000,0,41000,41000
08969P,臺股指元大01售12,0,0,0,0,0,0,0,0,0,41000,0,0,0,73000,32000,41000,41000
1904,正隆            ,4267000,3571000,696000,0,0,0,0,0,0,-655000,0,6000,-6000,36000,685000,-649000,41000
068342,鴻海麥證01購03  ,0,0,0,40000,0,40000,0,0,0,40000,0,0,0,40000,0,40000,40000
068806,景碩群益03購01  ,0,0,0,0,0,0,0,0,0,40000,0,0,0,47000,7000,40000,40000
068826,群創元大05購01  ,0,0,0,0,0,0,0,0,0,40000,0,0,0,45000,5000,40000,40000
068870,美利達中信03購01,0,0,0,0,0,0,0,0,0,40000,0,0,0,48000,8000,40000,40000
068698,聯鈞凱基02購01  ,0,0,0,0,0,0,0,0,0,40000,0,0,0,40000,0,40000,40000
068103,松翰永豐01購02  ,0,0,0,0,0,0,0,0,0,40000,0,0,0,85000,45000,40000,40000
067656,新日興元富07購01,0,0,0,0,0,0,0,0,0,40000,0,0,0,51000,11000,40000,40000
067669,金像電元大02購03,0,0,0,0,0,0,0,0,0,40000,0,0,0,43000,3000,40000,40000
067572,FB上証群益01購01,0,0,0,0,0,0,0,0,0,40000,0,0,0,40000,0,40000,40000
067627,中興電永豐01購01,0,0,0,0,0,0,0,0,0,40000,0,0,0,69000,29000,40000,40000
067837,大立光統一03購04,0,0,0,0,0,0,0,0,0,40000,0,0,0,40000,0,40000,40000
067844,全新元富07購01  ,0,0,0,0,0,0,0,0,0,40000,0,0,0,60000,20000,40000,40000
069507,泰碩永豐02購01  ,0,0,0,0,0,0,0,0,0,40000,0,0,0,40000,0,40000,40000
069253,晶技凱基02購03  ,0,0,0,0,0,0,0,0,0,40000,0,0,0,40000,0,40000,40000
069010,欣興兆豐03購03  ,0,0,0,0,0,0,0,0,0,40000,0,0,0,81000,41000,40000,40000
068897,聯詠元大02購03  ,0,0,0,0,0,0,0,0,0,40000,0,0,0,79000,39000,40000,40000
069166,聯詠元大02購04  ,0,0,0,0,0,0,0,0,0,40000,0,0,0,41000,1000,40000,40000
069893,台積電元大02購32,0,0,0,0,0,0,0,0,0,40000,0,0,0,40000,0,40000,40000
070041,技嘉永豐02購01  ,0,0,0,0,0,0,0,0,0,40000,0,0,0,103000,63000,40000,40000
069810,京元電國票03購02,0,0,0,0,0,0,0,0,0,40000,0,0,0,50000,10000,40000,40000
062750,可成中信9B購01  ,0,0,0,0,0,0,0,0,0,40000,0,0,0,40000,0,40000,40000
058701,鴻海元大99購16  ,0,0,0,0,0,0,0,0,0,40000,0,0,0,40000,0,40000,40000
058642,旺宏麥證9A購01  ,0,0,0,40000,0,40000,0,0,0,40000,0,0,0,40000,0,40000,40000
057339,群創國票99購02  ,0,0,0,0,0,0,0,0,0,40000,0,0,0,60000,20000,40000,40000
059247,可成凱基99購05  ,0,0,0,0,0,0,0,0,0,40000,0,0,0,40000,0,40000,40000
059597,大立光元大99購21,0,0,0,0,0,0,0,0,0,40000,0,0,0,90000,50000,40000,40000
054890,聯鈞統一99購01  ,0,0,0,0,0,0,0,0,0,40000,0,0,0,40000,0,40000,40000
055415,禾伸堂富邦9B購01,0,0,0,0,0,0,0,0,0,40000,0,0,0,50000,10000,40000,40000
053282,彩晶元大9C購01  ,0,0,0,0,0,0,0,0,0,40000,0,0,0,40000,0,40000,40000
03431P,聯詠元大02售06  ,0,0,0,0,0,0,0,0,0,40000,0,0,0,61000,21000,40000,40000
056673,中石化元富9B購01,0,0,0,0,0,0,0,0,0,40000,0,0,0,65000,25000,40000,40000
061622,臻鼎群益9A購01  ,0,0,0,0,0,0,0,0,0,40000,0,0,0,40000,0,40000,40000
061410,緯穎國票9A購03  ,0,0,0,0,0,0,0,0,0,40000,0,0,0,40000,0,40000,40000
063968,新光金國票01購01,0,0,0,0,0,0,0,0,0,40000,0,0,0,40000,0,40000,40000
063357,聯發科國泰01購04,0,0,0,0,0,0,0,0,0,40000,0,0,0,40000,0,40000,40000
062876,全新兆豐9B購01  ,0,0,0,0,0,0,0,0,0,40000,0,0,0,40000,0,40000,40000
062870,亞德客兆豐9C購01,0,0,0,0,0,0,0,0,0,40000,0,0,0,40000,0,40000,40000
063484,達方元大9B購01  ,0,0,0,0,0,0,0,0,0,40000,0,0,0,45000,5000,40000,40000
062002,鴻海國泰01購01  ,0,0,0,0,0,0,0,0,0,40000,0,0,0,40000,0,40000,40000
064087,華新科凱基9C購03,0,0,0,0,0,0,0,0,0,40000,0,0,0,40000,0,40000,40000
064079,英業達中信9C購01,0,0,0,0,0,0,0,0,0,40000,0,0,0,235000,195000,40000,40000
064460,健策統一9C購03  ,0,0,0,0,0,0,0,0,0,40000,0,0,0,40000,0,40000,40000
063063,泰鼎元富9B購01  ,0,0,0,0,0,0,0,0,0,40000,0,0,0,40000,0,40000,40000
062216,國巨統一9B購11  ,0,0,0,0,0,0,0,0,0,40000,0,0,0,40000,0,40000,40000
063738,奇鋐元大9B購03  ,0,0,0,0,0,0,0,0,0,40000,0,0,0,42000,2000,40000,40000
062464,T50反1凱基9C購03,0,0,0,0,0,0,0,0,0,40000,0,0,0,40000,0,40000,40000
066553,大立光元大01購09,0,0,0,0,0,0,0,0,0,40000,0,0,0,50000,10000,40000,40000
066870,宏達電元富01購01,0,0,0,0,0,0,0,0,0,40000,0,0,0,40000,0,40000,40000
064976,景碩元大9C購01  ,0,0,0,0,0,0,0,0,0,40000,0,0,0,50000,10000,40000,40000
06613P,華新科富邦9A售03,0,0,0,0,0,0,0,0,0,40000,0,0,0,50000,10000,40000,40000
065572,泰碩群益01購01  ,0,0,0,0,0,0,0,0,0,40000,0,0,0,40000,0,40000,40000
065752,正崴元大9C購01  ,0,0,0,0,0,0,0,0,0,40000,0,0,0,76000,36000,40000,40000
5546,永固-KY         ,46000,6000,40000,0,0,0,0,0,0,0,0,0,0,0,0,0,40000
9110,越南控-DR       ,40000,0,40000,0,0,0,0,0,0,0,0,0,0,0,0,0,40000
08884P,義隆國票02售01  ,0,0,0,0,0,0,0,0,0,40000,0,0,0,141000,101000,40000,40000
08921P,台灣50國泰03售01,0,0,0,0,0,0,0,0,0,40000,0,0,0,40000,0,40000,40000
08693P,宏達電群益01售02,0,0,0,0,0,0,0,0,0,40000,0,0,0,74000,34000,40000,40000
07831P,大立光統一9B售07,0,0,0,0,0,0,0,0,0,40000,0,0,0,40000,0,40000,40000
069715,超眾國票02購01  ,0,0,0,0,0,0,0,0,0,39000,0,0,0,50000,11000,39000,39000
069284,聯電國泰03購02  ,0,0,0,0,0,0,0,0,0,39000,0,0,0,69000,30000,39000,39000
06927P,台灣50元大9B售03,0,0,0,0,0,0,0,0,0,39000,0,0,0,39000,0,39000,39000
069483,金像電元大02購07,0,0,0,0,0,0,0,0,0,39000,0,0,0,60000,21000,39000,39000
067789,和碩群益01購01  ,0,0,0,0,0,0,0,0,0,39000,0,0,0,52000,13000,39000,39000
067590,茂林群益01購01  ,0,0,0,0,0,0,0,0,0,39000,0,0,0,39000,0,39000,39000
067976,訊連群益01購01  ,0,0,0,0,0,0,0,0,0,39000,0,0,0,39000,0,39000,39000
03315P,聯發科群益02售12,0,0,0,0,0,0,0,0,0,39000,0,0,0,39000,0,39000,39000
057568,友訊永豐99購01  ,0,0,0,0,0,0,0,0,0,39000,0,0,0,60000,21000,39000,39000
061304,創意永豐9A購02  ,0,0,0,0,0,0,0,0,0,39000,0,0,0,91000,52000,39000,39000
065749,友訊元大9C購03  ,0,0,0,0,0,0,0,0,0,39000,0,0,0,44000,5000,39000,39000
065712,緯穎群益9C購03  ,0,0,0,0,0,0,0,0,0,39000,0,0,0,44000,5000,39000,39000
065574,創意群益9C購04  ,0,0,0,0,0,0,0,0,0,39000,0,0,0,46000,7000,39000,39000
064803,智邦元大9C購05  ,0,0,0,0,0,0,0,0,0,39000,0,0,0,52000,13000,39000,39000
067154,華擎統一03購03  ,0,0,0,0,0,0,0,0,0,39000,0,0,0,61000,22000,39000,39000
08843P,台表科凱基01售01,0,0,0,0,0,0,0,0,0,39000,0,0,0,40000,1000,39000,39000
068020,玉晶光國票02購07,0,0,0,0,0,0,0,0,0,38000,0,0,0,38000,0,38000,38000
068114,富邦金元富07購01,0,0,0,0,0,0,0,0,0,38000,0,0,0,38000,0,38000,38000
068226,聯發科元富04購02,0,0,0,0,0,0,0,0,0,38000,0,0,0,60000,22000,38000,38000
068176,滬深2X群益01購10,0,0,0,0,0,0,0,0,0,38000,0,0,0,38000,0,38000,38000
069077,智邦凱基03購02  ,0,0,0,0,0,0,0,0,0,38000,0,0,0,68000,30000,38000,38000
069735,百和麥證02購01  ,0,0,0,47000,1000,46000,0,0,0,38000,0,0,0,48000,10000,38000,38000
069769,金像電元大02購10,0,0,0,0,0,0,0,0,0,38000,0,0,0,104000,66000,38000,38000
069644,華碩康和02購01  ,0,0,0,0,0,0,0,0,0,38000,0,0,0,40000,2000,38000,38000
069630,宏碁元富08購01  ,0,0,0,0,0,0,0,0,0,38000,0,0,0,38000,0,38000,38000
057718,旺宏元富02購02  ,0,0,0,0,0,0,0,0,0,38000,0,0,0,41000,3000,38000,38000
061955,FANG+統一9B購01 ,0,0,0,0,0,0,0,0,0,38000,0,0,0,44000,6000,38000,38000
03054P,宏碁中信03售02  ,0,0,0,0,0,0,0,0,0,38000,0,0,0,75000,37000,38000,38000
03097P,聯發科凱基01售20,0,0,0,0,0,0,0,0,0,38000,0,0,0,50000,12000,38000,38000
063920,大立光元富03購02,0,0,0,0,0,0,0,0,0,38000,0,0,0,109000,71000,38000,38000
061505,力成國票9A購03  ,0,0,0,0,0,0,0,0,0,38000,0,0,0,38000,0,38000,38000
061498,大立光國票9A購10,0,0,0,0,0,0,0,0,0,38000,0,0,0,60000,22000,38000,38000
066843,台達電元大01購02,0,0,0,0,0,0,0,0,0,38000,0,0,0,105000,67000,38000,38000
066327,強茂永豐01購01  ,0,0,0,0,0,0,0,0,0,38000,0,0,0,38000,0,38000,38000
064932,緯穎統一01購04  ,0,0,0,0,0,0,0,0,0,38000,0,0,0,38000,0,38000,38000
065438,緯穎凱基9C購04  ,0,0,0,0,0,0,0,0,0,38000,0,0,0,84000,46000,38000,38000
065680,聯發科統一9C購16,0,0,0,0,0,0,0,0,0,38000,0,0,0,50000,12000,38000,38000
08885P,台積電國泰03售02,0,0,0,0,0,0,0,0,0,38000,0,0,0,38000,0,38000,38000
08523P,金像電元大9C售06,0,0,0,0,0,0,0,0,0,38000,0,0,0,51000,13000,38000,38000
08313P,健策國票01售01  ,0,0,0,0,0,0,0,0,0,38000,0,0,0,423000,385000,38000,38000
069710,奇力新國票02購01,0,0,0,0,0,0,0,0,0,37000,0,0,0,37000,0,37000,37000
069218,儒鴻群益02購01  ,0,0,0,0,0,0,0,0,0,37000,0,0,0,105000,68000,37000,37000
068535,台積電中信05購06,0,0,0,0,0,0,0,0,0,37000,0,0,0,50000,13000,37000,37000
056263,友訊統一99購01  ,0,0,0,0,0,0,0,0,0,37000,0,0,0,37000,0,37000,37000
059706,嘉晶凱基99購01  ,0,0,0,0,0,0,0,0,0,37000,0,0,0,56000,19000,37000,37000
061948,美食群益9B購01  ,0,0,0,0,0,0,0,0,0,37000,0,0,0,37000,0,37000,37000
058520,智易元大99購03  ,0,0,0,0,0,0,0,0,0,37000,0,0,0,46000,9000,37000,37000
058544,FBVIX富邦9B購01 ,0,0,0,0,0,0,0,0,0,37000,0,0,0,100000,63000,37000,37000
063958,瑞祺元大9C購01  ,0,0,0,0,0,0,0,0,0,37000,0,0,0,43000,6000,37000,37000
063408,茂林國票9C購02  ,0,0,0,0,0,0,0,0,0,37000,0,0,0,43000,6000,37000,37000
062141,遠東新國票9B購01,0,0,0,0,0,0,0,0,0,37000,0,0,0,46000,9000,37000,37000
060767,世紀鋼元大9A購02,0,0,0,0,0,0,0,0,0,37000,0,0,0,40000,3000,37000,37000
066214,惠特統一03購02  ,0,0,0,0,0,0,0,0,0,37000,0,0,0,37000,0,37000,37000
066019,T50反1群益01購03,0,0,0,0,0,0,0,0,0,37000,0,0,0,1074000,1037000,37000,37000
065915,聯發科凱基01購09,0,0,0,0,0,0,0,0,0,37000,0,0,0,38000,1000,37000,37000
065374,義隆元大9C購07  ,0,0,0,0,0,0,0,0,0,37000,0,0,0,133000,96000,37000,37000
066487,聯詠元富01購03  ,0,0,0,0,0,0,0,0,0,37000,0,0,0,37000,0,37000,37000
066428,健策元大02購02  ,0,0,0,0,0,0,0,0,0,37000,0,0,0,140000,103000,37000,37000
066445,牧德群益01購01  ,0,0,0,0,0,0,0,0,0,37000,0,0,0,37000,0,37000,37000
067534,億光群益01購01  ,0,0,0,0,0,0,0,0,0,37000,0,0,0,37000,0,37000,37000
08119P,南亞科統一9C售03,0,0,0,0,0,0,0,0,0,37000,0,0,0,39000,2000,37000,37000
3005,神基            ,697992,1127000,-429008,0,0,0,6000,0,6000,460000,4000,7000,-3000,526000,63000,463000,36992
067851,華邦電國票02購01,0,0,0,0,0,0,0,0,0,36000,0,0,0,36000,0,36000,36000
068927,台達電永豐02購01,0,0,0,0,0,0,0,0,0,36000,0,0,0,36000,0,36000,36000
069713,欣興國票03購05  ,0,0,0,0,0,0,0,0,0,36000,0,0,0,36000,0,36000,36000
059224,大立光元大99購15,0,0,0,0,0,0,0,0,0,36000,0,0,0,73000,37000,36000,36000
063542,泰鼎元富9B購02  ,0,0,0,0,0,0,0,0,0,36000,0,0,0,42000,6000,36000,36000
064156,大立光統一01購06,0,0,0,0,0,0,0,0,0,36000,0,0,0,66000,30000,36000,36000
063742,道瓊指國票9C購01,0,0,0,0,0,0,0,0,0,36000,0,0,0,48000,12000,36000,36000
064485,儒鴻元大01購01  ,0,0,0,0,0,0,0,0,0,36000,0,0,0,56000,20000,36000,36000
061976,國巨元大9B購01  ,0,0,0,0,0,0,0,0,0,36000,0,0,0,204000,168000,36000,36000
064268,緯穎永豐9C購01  ,0,0,0,0,0,0,0,0,0,36000,0,0,0,36000,0,36000,36000
063890,正隆群益9C購01  ,0,0,0,0,0,0,0,0,0,36000,0,0,0,80000,44000,36000,36000
063838,上銀元大9C購01  ,0,0,0,0,0,0,0,0,0,36000,0,0,0,124000,88000,36000,36000
061517,瑞祺永豐9A購03  ,0,0,0,0,0,0,0,0,0,36000,0,0,0,70000,34000,36000,36000
061847,力山國票9B購01  ,0,0,0,0,0,0,0,0,0,36000,0,0,0,67000,31000,36000,36000
067279,美利達統一02購02,0,0,0,0,0,0,0,0,0,36000,0,0,0,36000,0,36000,36000
066875,臺指反富邦03購01,0,0,0,0,0,0,0,0,0,36000,0,0,0,36000,0,36000,36000
065875,創意群益9C購05  ,0,0,0,0,0,0,0,0,0,36000,0,0,0,85000,49000,36000,36000
08123P,台表科國票9C售01,0,0,0,0,0,0,0,0,0,36000,0,0,0,59000,23000,36000,36000
08140P,祥碩元大9B售07  ,0,0,0,0,0,0,0,0,0,36000,0,0,0,324000,288000,36000,36000
08675P,旺宏群益01售03  ,0,0,0,0,0,0,0,0,0,36000,0,0,0,66000,30000,36000,36000
069707,微星國票03購02  ,0,0,0,0,0,0,0,0,0,35000,0,0,0,35000,0,35000,35000
069619,聯發科統一03購14,0,0,0,0,0,0,0,0,0,35000,0,0,0,37000,2000,35000,35000
069602,玉晶光國票04購02,0,0,0,0,0,0,0,0,0,35000,0,0,0,35000,0,35000,35000
07284P,大立光凱基99售10,0,0,0,0,0,0,0,0,0,35000,0,0,0,40000,5000,35000,35000
068959,鴻海群益02購05  ,0,0,0,0,0,0,0,0,0,35000,0,0,0,35000,0,35000,35000
069189,景碩中信03購01  ,0,0,0,0,0,0,0,0,0,35000,0,0,0,37000,2000,35000,35000
068059,宏碁中信03購01  ,0,0,0,0,0,0,0,0,0,35000,0,0,0,90000,55000,35000,35000
067973,玉晶光群益02購23,0,0,0,0,0,0,0,0,0,35000,0,0,0,36000,1000,35000,35000
067932,技嘉凱基01購01  ,0,0,0,0,0,0,0,0,0,35000,0,0,0,45000,10000,35000,35000
068779,華邦電國票03購01,0,0,0,0,0,0,0,0,0,35000,0,0,0,35000,0,35000,35000
058019,美律凱基99購04  ,0,0,0,0,0,0,0,0,0,35000,0,0,0,35000,0,35000,35000
059528,華新科凱基99購06,0,0,0,0,0,0,0,0,0,35000,0,0,0,35000,0,35000,35000
060249,正文元大9C購01  ,0,0,0,0,0,0,0,0,0,35000,0,0,0,35000,0,35000,35000
03259P,聯發科康和02售01,0,0,0,0,0,0,0,0,0,35000,0,0,0,535000,500000,35000,35000
061023,茂林國泰9B購02  ,0,0,0,0,0,0,0,0,0,35000,0,0,0,35000,0,35000,35000
061038,TPK永豐9A購01   ,0,0,0,0,0,0,0,0,0,35000,0,0,0,36000,1000,35000,35000
061722,健策永豐9B購03  ,0,0,0,0,0,0,0,0,0,35000,0,0,0,39000,4000,35000,35000
064275,台光電元大9C購03,0,0,0,0,0,0,0,0,0,35000,0,0,0,51000,16000,35000,35000
063331,瑞儀國票9C購01  ,0,0,0,0,0,0,0,0,0,35000,0,0,0,40000,5000,35000,35000
064594,奇力新統一01購05,0,0,0,0,0,0,0,0,0,35000,0,0,0,40000,5000,35000,35000
064534,京元電國票01購01,0,0,0,0,0,0,0,0,0,35000,0,0,0,35000,0,35000,35000
061297,台積電富邦9C購09,0,0,0,0,0,0,0,0,0,35000,0,0,0,35000,0,35000,35000
063765,上銀元富9B購09  ,0,0,0,0,0,0,0,0,0,35000,0,0,0,89000,54000,35000,35000
063751,祥碩國票9C購02  ,0,0,0,0,0,0,0,0,0,35000,0,0,0,48000,13000,35000,35000
062671,國泰金中信03購01,0,0,0,0,0,0,0,0,0,35000,0,0,0,35000,0,35000,35000
062128,祥碩統一01購01  ,0,0,0,0,0,0,0,0,0,35000,0,0,0,35000,0,35000,35000
066151,大立光麥證01購02,0,0,0,40000,5000,35000,0,0,0,35000,0,0,0,40000,5000,35000,35000
066108,惠特國票02購02  ,0,0,0,0,0,0,0,0,0,35000,0,0,0,35000,0,35000,35000
065170,智邦元大9C購07  ,0,0,0,0,0,0,0,0,0,35000,0,0,0,135000,100000,35000,35000
064888,景碩中信9C購01  ,0,0,0,0,0,0,0,0,0,35000,0,0,0,167000,132000,35000,35000
066743,和碩元大01購01  ,0,0,0,0,0,0,0,0,0,35000,0,0,0,108000,73000,35000,35000
066627,大毅凱基03購01  ,0,0,0,0,0,0,0,0,0,35000,0,0,0,35000,0,35000,35000
066422,嘉晶元大02購01  ,0,0,0,0,0,0,0,0,0,35000,0,0,0,92000,57000,35000,35000
066376,聯詠兆豐01購01  ,0,0,0,0,0,0,0,0,0,35000,0,0,0,35000,0,35000,35000
067476,台光電元大01購04,0,0,0,0,0,0,0,0,0,35000,0,0,0,323000,288000,35000,35000
067008,康舒永豐01購01  ,0,0,0,0,0,0,0,0,0,35000,0,0,0,168000,133000,35000,35000
067046,聯發科凱基04購01,0,0,0,0,0,0,0,0,0,35000,0,0,0,65000,30000,35000,35000
08834P,聯發科統一01售11,0,0,0,0,0,0,0,0,0,35000,0,0,0,35000,0,35000,35000
07941P,國巨凱基9B售07  ,0,0,0,0,0,0,0,0,0,35000,0,0,0,35000,0,35000,35000
07966P,瑞祺群益9B售02  ,0,0,0,0,0,0,0,0,0,35000,0,0,0,55000,20000,35000,35000
068414,聯電中信01購01  ,0,0,0,0,0,0,0,0,0,34000,0,0,0,181000,147000,34000,34000
068069,台光電凱基01購03,0,0,0,0,0,0,0,0,0,34000,0,0,0,91000,57000,34000,34000
068153,美律元大01購04  ,0,0,0,0,0,0,0,0,0,34000,0,0,0,85000,51000,34000,34000
069084,TPK凱基04購01   ,0,0,0,0,0,0,0,0,0,34000,0,0,0,34000,0,34000,34000
069259,台表科凱基02購04,0,0,0,0,0,0,0,0,0,34000,0,0,0,35000,1000,34000,34000
06926P,可成群益9A售04  ,0,0,0,0,0,0,0,0,0,34000,0,0,0,34000,0,34000,34000
069390,申豐元大02購01  ,0,0,0,0,0,0,0,0,0,34000,0,0,0,74000,40000,34000,34000
069777,華擎元大02購04  ,0,0,0,0,0,0,0,0,0,34000,0,0,0,146000,112000,34000,34000
00645,富邦日本        ,0,0,0,0,0,0,0,0,0,34000,0,0,0,154000,120000,34000,34000
03342P,台郡國票04售01  ,0,0,0,0,0,0,0,0,0,34000,0,0,0,51000,17000,34000,34000
058877,T50反1國泰9B購01,0,0,0,0,0,0,0,0,0,34000,0,0,0,34000,0,34000,34000
062826,奇力新群益9C購01,0,0,0,0,0,0,0,0,0,34000,0,0,0,40000,6000,34000,34000
062561,瀚宇博凱基9B購01,0,0,0,0,0,0,0,0,0,34000,0,0,0,187000,153000,34000,34000
061237,晶技元大9A購01  ,0,0,0,0,0,0,0,0,0,34000,0,0,0,40000,6000,34000,34000
064759,景碩凱基9C購01  ,0,0,0,0,0,0,0,0,0,34000,0,0,0,48000,14000,34000,34000
061662,瑞儀永豐9A購02  ,0,0,0,0,0,0,0,0,0,34000,0,0,0,34000,0,34000,34000
061656,華新科國票9A購08,0,0,0,0,0,0,0,0,0,34000,0,0,0,50000,16000,34000,34000
064009,超眾凱基01購01  ,0,0,0,0,0,0,0,0,0,34000,0,0,0,134000,100000,34000,34000
067546,世紀鋼群益01購05,0,0,0,0,0,0,0,0,0,34000,0,0,0,60000,26000,34000,34000
065589,景碩永豐9C購02  ,0,0,0,0,0,0,0,0,0,34000,0,0,0,56000,22000,34000,34000
065596,鴻海元大9C購16  ,0,0,0,0,0,0,0,0,0,34000,0,0,0,45000,11000,34000,34000
065711,矽格群益9C購02  ,0,0,0,0,0,0,0,0,0,34000,0,0,0,64000,30000,34000,34000
065814,健策統一9C購08  ,0,0,0,0,0,0,0,0,0,34000,0,0,0,36000,2000,34000,34000
08215P,旺宏群益9B售04  ,0,0,0,0,0,0,0,0,0,34000,0,0,0,73000,39000,34000,34000
1220,台榮            ,72000,38000,34000,0,0,0,0,0,0,0,0,0,0,0,0,0,34000
08672P,聯發科統一01售09,0,0,0,0,0,0,0,0,0,34000,0,0,0,35000,1000,34000,34000
2464,盟立            ,514000,388000,126000,0,0,0,0,0,0,-92000,0,2000,-2000,9000,99000,-90000,34000
069828,裕隆元富08購01  ,0,0,0,0,0,0,0,0,0,33000,0,0,0,127000,94000,33000,33000
069213,GIS元大02購02   ,0,0,0,0,0,0,0,0,0,33000,0,0,0,101000,68000,33000,33000
068017,玉晶光國票01購09,0,0,0,0,0,0,0,0,0,33000,0,0,0,133000,100000,33000,33000
06869P,金融類元大99售01,0,0,0,0,0,0,0,0,0,33000,0,0,0,33000,0,33000,33000
068618,上証2X群益02購04,0,0,0,0,0,0,0,0,0,33000,0,0,0,33000,0,33000,33000
060892,超眾統一9C購01  ,0,0,0,0,0,0,0,0,0,33000,0,0,0,33000,0,33000,33000
057535,泰鼎元大99購01  ,0,0,0,0,0,0,0,0,0,33000,0,0,0,33000,0,33000,33000
060652,滬深2X群益9C購04,0,0,0,0,0,0,0,0,0,33000,0,0,0,33000,0,33000,33000
059876,智易凱基99購02  ,0,0,0,0,0,0,0,0,0,33000,0,0,0,33000,0,33000,33000
064346,貿聯元大01購01  ,0,0,0,0,0,0,0,0,0,33000,0,0,0,202000,169000,33000,33000
066180,正文凱基01購01  ,0,0,0,0,0,0,0,0,0,33000,0,0,0,219000,186000,33000,33000
065095,玉晶光元大02購02,0,0,0,0,0,0,0,0,0,33000,0,0,0,67000,34000,33000,33000
065210,健策國票01購03  ,0,0,0,0,0,0,0,0,0,33000,0,0,0,45000,12000,33000,33000
067037,美利達康和01購02,0,0,0,0,0,0,0,0,0,33000,0,0,0,75000,42000,33000,33000
066956,華擎元大01購04  ,0,0,0,0,0,0,0,0,0,33000,0,0,0,105000,72000,33000,33000
066393,華碩凱基01購01  ,0,0,0,0,0,0,0,0,0,33000,0,0,0,33000,0,33000,33000
066699,台積電群益01購08,0,0,0,0,0,0,0,0,0,33000,0,0,0,33000,0,33000,33000
910861,神州-DR         ,34000,1000,33000,0,0,0,0,0,0,0,0,0,0,0,0,0,33000
4961,天鈺            ,717000,684000,33000,0,0,0,0,0,0,0,0,0,0,0,0,0,33000
08355P,智邦元大9C售03  ,0,0,0,0,0,0,0,0,0,33000,0,0,0,165000,132000,33000,33000
068677,日月光元富07購01,0,0,0,0,0,0,0,0,0,32000,0,0,0,42000,10000,32000,32000
067734,亞德客元大01購03,0,0,0,0,0,0,0,0,0,32000,0,0,0,72000,40000,32000,32000
067657,日月光元富01購01,0,0,0,0,0,0,0,0,0,32000,0,0,0,72000,40000,32000,32000
069418,彩晶統一04購01  ,0,33000,-33000,0,0,0,0,0,0,65000,0,0,0,67000,2000,65000,32000
069844,欣興群益02購10  ,0,0,0,0,0,0,0,0,0,32000,0,0,0,42000,10000,32000,32000
07145P,為升元大99售03  ,0,0,0,0,0,0,0,0,0,32000,0,0,0,82000,50000,32000,32000
06025P,臺股指元大99售02,0,0,0,0,0,0,0,0,0,32000,0,0,0,32000,0,32000,32000
03337P,華邦電國票04售01,0,0,0,0,0,0,0,0,0,32000,0,0,0,46000,14000,32000,32000
03153P,聯發科群益03售01,0,0,0,0,0,0,0,0,0,32000,0,0,0,65000,33000,32000,32000
047004,台積電統一99購01,0,0,0,0,0,0,0,0,0,32000,0,0,0,32000,0,32000,32000
061923,友達凱基9B購04  ,0,0,0,0,0,0,0,0,0,32000,0,0,0,50000,18000,32000,32000
061341,華新科元大9A購16,0,0,0,0,0,0,0,0,0,32000,0,0,0,32000,0,32000,32000
062279,晶豪科群益9B購01,0,0,0,0,0,0,0,0,0,32000,0,0,0,34000,2000,32000,32000
063709,上銀凱基9B購07  ,0,0,0,0,0,0,0,0,0,32000,0,0,0,65000,33000,32000,32000
063644,祥碩元大9B購10  ,0,0,0,0,0,0,0,0,0,32000,0,0,0,40000,8000,32000,32000
063373,晶技永豐9B購02  ,0,0,0,0,0,0,0,0,0,32000,0,0,0,121000,89000,32000,32000
063475,同欣電元大9C購01,0,0,0,0,0,0,0,0,0,32000,0,0,0,122000,90000,32000,32000
066731,瑞昱元大01購01  ,0,0,0,0,0,0,0,0,0,32000,0,0,0,42000,10000,32000,32000
067513,南六統一01購04  ,0,0,0,0,0,0,0,0,0,32000,0,0,0,32000,0,32000,32000
065308,葡萄王國票01購01,0,0,0,0,0,0,0,0,0,32000,0,0,0,39000,7000,32000,32000
064960,世紀鋼凱基03購01,0,0,0,0,0,0,0,0,0,32000,0,0,0,315000,283000,32000,32000
064786,GIS群益9C購04   ,0,0,0,0,0,0,0,0,0,32000,0,0,0,176000,144000,32000,32000
064852,智邦台新9C購04  ,0,0,0,0,0,0,0,0,0,32000,0,0,0,32000,0,32000,32000
065907,南亞科永豐9C購01,0,0,0,0,0,0,0,0,0,32000,0,0,0,35000,3000,32000,32000
066034,南六群益02購02  ,0,0,0,0,0,0,0,0,0,32000,0,0,0,112000,80000,32000,32000
065807,智伸科群益01購01,0,0,0,0,0,0,0,0,0,32000,0,0,0,92000,60000,32000,32000
065732,健策凱基9C購04  ,0,0,0,0,0,0,0,0,0,32000,0,0,0,34000,2000,32000,32000
065553,聯詠凱基9C購03  ,0,0,0,0,0,0,0,0,0,32000,0,0,0,82000,50000,32000,32000
08160P,茂林元富9B售03  ,0,0,0,0,0,0,0,0,0,32000,0,0,0,245000,213000,32000,32000
08530P,鴻海統一9C售19  ,0,0,0,0,0,0,0,0,0,32000,0,0,0,32000,0,32000,32000
08451P,南六統一9C售06  ,0,0,0,0,0,0,0,0,0,32000,0,0,0,70000,38000,32000,32000
08842P,京鼎凱基01售03  ,0,0,0,0,0,0,0,0,0,32000,0,0,0,196000,164000,32000,32000
08853P,嘉晶群益02售02  ,0,0,0,0,0,0,0,0,0,32000,0,0,0,32000,0,32000,32000
069655,欣興凱基03購04  ,0,0,0,0,0,0,0,0,0,31000,0,0,0,101000,70000,31000,31000
069126,世紀鋼群益02購01,0,0,0,0,0,0,0,0,0,31000,0,0,0,87000,56000,31000,31000
067871,玉晶光元大01購08,0,0,0,0,0,0,0,0,0,31000,0,0,0,42000,11000,31000,31000
068010,台郡元大01購06  ,0,0,0,0,0,0,0,0,0,31000,0,0,0,172000,141000,31000,31000
067929,華通凱基01購04  ,0,0,0,0,0,0,0,0,0,31000,0,0,0,50000,19000,31000,31000
068626,帆宣群益02購01  ,0,0,0,0,0,0,0,0,0,31000,0,0,0,31000,0,31000,31000
068569,健策元大01購13  ,0,0,0,0,0,0,0,0,0,31000,0,0,0,152000,121000,31000,31000
068429,裕隆凱基01購01  ,0,0,0,0,0,0,0,0,0,31000,0,0,0,38000,7000,31000,31000
064170,儒鴻元富9C購01  ,0,0,0,0,0,0,0,0,0,31000,0,0,0,31000,0,31000,31000
064197,智伸科群益9C購01,0,0,0,0,0,0,0,0,0,31000,0,0,0,34000,3000,31000,31000
060628,和大富邦9B購01  ,0,0,0,0,0,0,0,0,0,31000,0,0,0,31000,0,31000,31000
057198,智伸科統一9B購01,0,0,0,0,0,0,0,0,0,31000,0,0,0,38000,7000,31000,31000
058587,台積電中信9C購03,0,0,0,0,0,0,0,0,0,31000,0,0,0,31000,0,31000,31000
059938,凱美永豐99購01  ,0,0,0,0,0,0,0,0,0,31000,0,0,0,31000,0,31000,31000
063399,智原群益9B購01  ,0,0,0,0,0,0,0,0,0,31000,0,0,0,33000,2000,31000,31000
063248,創意元大9C購01  ,0,0,0,0,0,0,0,0,0,31000,0,0,0,149000,118000,31000,31000
063812,智邦群益9C購02  ,0,0,0,0,0,0,0,0,0,31000,0,0,0,31000,0,31000,31000
061865,力山元大9B購01  ,0,0,0,0,0,0,0,0,0,31000,0,0,0,35000,4000,31000,31000
061303,玉晶光永豐9B購03,0,0,0,0,0,0,0,0,0,31000,0,0,0,60000,29000,31000,31000
064504,玉晶光元大01購02,0,0,0,0,0,0,0,0,0,31000,0,0,0,89000,58000,31000,31000
065931,瑞祺國票02購01  ,0,0,0,0,0,0,0,0,0,31000,0,0,0,31000,0,31000,31000
066107,惠特國票02購01  ,0,0,0,0,0,0,0,0,0,31000,0,0,0,37000,6000,31000,31000
065142,華邦電凱基01購01,0,0,0,0,0,0,0,0,0,31000,0,0,0,51000,20000,31000,31000
065139,華通凱基03購01  ,0,0,0,0,0,0,0,0,0,31000,0,0,0,45000,14000,31000,31000
065337,華通統一01購03  ,0,0,0,0,0,0,0,0,0,31000,0,0,0,35000,4000,31000,31000
067471,台積電元大01購26,0,0,0,0,0,0,0,0,0,31000,0,0,0,92000,61000,31000,31000
067341,欣興凱基03購01  ,0,0,0,0,0,0,0,0,0,31000,0,0,0,75000,44000,31000,31000
066892,台積電兆豐03購01,0,0,0,0,0,0,0,0,0,31000,0,0,0,41000,10000,31000,31000
066978,國巨群益01購03  ,0,0,0,0,0,0,0,0,0,31000,0,0,0,31000,0,31000,31000
067119,泰鼎群益01購02  ,0,0,0,0,0,0,0,0,0,31000,0,0,0,31000,0,31000,31000
066302,卜蜂永豐01購01  ,0,0,0,0,0,0,0,0,0,31000,0,0,0,31000,0,31000,31000
08851P,義隆群益01售03  ,0,0,0,0,0,0,0,0,0,31000,0,0,0,176000,145000,31000,31000
07775P,國巨群益9A售10  ,0,0,0,0,0,0,0,0,0,31000,0,0,0,41000,10000,31000,31000
07655P,台灣50凱基01售09,0,0,0,0,0,0,0,0,0,31000,0,0,0,103000,72000,31000,31000
1709,和益            ,437000,406000,31000,0,0,0,0,0,0,0,0,0,0,0,0,0,31000
068331,欣興元大01購09  ,0,0,0,0,0,0,0,0,0,30000,0,0,0,30000,0,30000,30000
068722,瑞昱元大02購02  ,0,0,0,0,0,0,0,0,0,30000,0,0,0,119000,89000,30000,30000
068076,欣興凱基01購05  ,0,0,0,0,0,0,0,0,0,30000,0,0,0,46000,16000,30000,30000
067855,達方國票02購01  ,0,0,0,0,0,0,0,0,0,30000,0,0,0,40000,10000,30000,30000
068993,嘉聯益永豐02購01,0,0,0,0,0,0,0,0,0,30000,0,0,0,30000,0,30000,30000
07218P,臺股指凱基99售31,0,0,0,0,0,0,0,0,0,30000,0,0,0,30000,0,30000,30000
07025P,玉晶光凱基99售01,0,0,0,0,0,0,0,0,0,30000,0,0,0,30000,0,30000,30000
07287P,全新群益9B售01  ,0,0,0,0,0,0,0,0,0,30000,0,0,0,30000,0,30000,30000
058571,緯穎凱基9A購02  ,0,0,0,0,0,0,0,0,0,30000,0,0,0,30000,0,30000,30000
059630,美律凱基99購07  ,0,0,0,0,0,0,0,0,0,30000,0,0,0,30000,0,30000,30000
059307,T50反1元大99購06,0,0,0,0,0,0,0,0,0,30000,0,0,0,30000,0,30000,30000
060424,中租永豐9A購01  ,0,0,0,0,0,0,0,0,0,30000,0,0,0,30000,0,30000,30000
059121,瑞儀永豐99購01  ,0,0,0,0,0,0,0,0,0,30000,0,0,0,30000,0,30000,30000
059147,矽創國票99購01  ,0,0,0,0,0,0,0,0,0,30000,0,0,0,30000,0,30000,30000
057084,立積統一9B購01  ,0,0,0,0,0,0,0,0,0,30000,0,0,0,40000,10000,30000,30000
060515,臺股指元大9B購12,0,0,0,0,0,0,0,0,0,30000,0,0,0,60000,30000,30000,30000
060575,大立光中信9B購02,0,0,0,0,0,0,0,0,0,30000,0,0,0,30000,0,30000,30000
064163,康控統一01購01  ,0,0,0,0,0,0,0,0,0,30000,0,0,0,40000,10000,30000,30000
063546,國巨兆豐9C購03  ,0,0,0,0,0,0,0,0,0,30000,0,0,0,90000,60000,30000,30000
062734,臺指反國票9C購03,0,0,0,0,0,0,0,0,0,30000,0,0,0,30000,0,30000,30000
059073,元油2X元大9C購14,0,0,0,0,0,0,0,0,0,30000,0,0,0,30000,0,30000,30000
060164,合勤控永豐9A購01,0,0,0,0,0,0,0,0,0,30000,0,0,0,60000,30000,30000,30000
060190,國泰金元富9A購01,0,0,0,0,0,0,0,0,0,30000,0,0,0,30000,0,30000,30000
060191,亞光元富9A購02  ,0,0,0,0,0,0,0,0,0,30000,0,0,0,30000,0,30000,30000
058697,亞德客元大99購01,0,0,0,0,0,0,0,0,0,30000,0,0,0,30000,0,30000,30000
050316,上証2X國票98購01,0,0,0,0,0,0,0,0,0,30000,0,0,0,30000,0,30000,30000
054658,道瓊銀元大9A購01,0,0,0,0,0,0,0,0,0,30000,0,0,0,30000,0,30000,30000
03019P,全新群益01售01  ,0,0,0,0,0,0,0,0,0,30000,0,0,0,129000,99000,30000,30000
059929,華新科富邦9C購03,0,0,0,0,0,0,0,0,0,30000,0,0,0,30000,0,30000,30000
060315,易華電永豐9A購01,0,0,0,0,0,0,0,0,0,30000,0,0,0,30000,0,30000,30000
060312,潤泰全永豐9A購01,0,0,0,0,0,0,0,0,0,30000,0,0,0,30000,0,30000,30000
059906,臺指反元大9C購04,0,0,0,0,0,0,0,0,0,30000,0,0,0,30000,0,30000,30000
058315,TPK富邦9C購01   ,0,0,0,0,0,0,0,0,0,30000,0,0,0,30000,0,30000,30000
064557,鴻海群益9C購04  ,0,0,0,0,0,0,0,0,0,30000,0,0,0,30000,0,30000,30000
064415,群創麥證9C購01  ,0,0,0,60000,25000,35000,0,0,0,30000,0,0,0,60000,30000,30000,30000
063033,台積電凱基9B購09,0,0,0,0,0,0,0,0,0,30000,0,0,0,31000,1000,30000,30000
062665,智易群益9B購01  ,0,0,0,0,0,0,0,0,0,30000,0,0,0,33000,3000,30000,30000
062666,和碩群益9B購01  ,0,0,0,0,0,0,0,0,0,30000,0,0,0,50000,20000,30000,30000
062678,華通統一9C購04  ,0,0,0,0,0,0,0,0,0,30000,0,0,0,30000,0,30000,30000
062135,國巨群益9B購05  ,0,0,0,0,0,0,0,0,0,30000,0,0,0,30000,0,30000,30000
062707,致伸元大9B購01  ,0,0,0,0,0,0,0,0,0,30000,0,0,0,40000,10000,30000,30000
062457,京元電群益9B購01,0,0,0,0,0,0,0,0,0,30000,0,0,0,30000,0,30000,30000
062441,華新科元大9C購01,0,0,0,0,0,0,0,0,0,30000,0,0,0,30000,0,30000,30000
061709,SP黃豆凱基01購02,0,0,0,0,0,0,0,0,0,30000,0,0,0,30000,0,30000,30000
063809,矽創兆豐01購01  ,0,0,0,0,0,0,0,0,0,30000,0,0,0,30000,0,30000,30000
063851,健策元大01購01  ,0,0,0,0,0,0,0,0,0,30000,0,0,0,34000,4000,30000,30000
063963,鴻海國票01購01  ,0,0,0,0,0,0,0,0,0,30000,0,0,0,30000,0,30000,30000
063955,TPK元大9C購01   ,0,0,0,0,0,0,0,0,0,30000,0,0,0,30000,0,30000,30000
064000,台郡兆豐9C購01  ,0,0,0,0,0,0,0,0,0,30000,0,0,0,30000,0,30000,30000
062022,緯穎永豐9B購01  ,0,0,0,0,0,0,0,0,0,30000,0,0,0,30000,0,30000,30000
064296,奇鋐國票01購01  ,0,0,0,0,0,0,0,0,0,30000,0,0,0,32000,2000,30000,30000
06627P,華新科元富99售01,0,0,0,0,0,0,0,0,0,30000,0,0,0,30000,0,30000,30000
066510,堤維西永豐01購01,0,0,0,0,0,0,0,0,0,30000,0,0,0,30000,0,30000,30000
066683,和碩兆豐01購01  ,0,0,0,0,0,0,0,0,0,30000,0,0,0,33000,3000,30000,30000
066577,巨大元大01購02  ,0,0,0,0,0,0,0,0,0,30000,0,0,0,37000,7000,30000,30000
066788,聯發科麥證01購07,0,0,0,30000,50000,-20000,0,0,0,30000,0,0,0,80000,50000,30000,30000
066801,奇鋐凱基01購02  ,0,0,0,0,0,0,0,0,0,30000,0,0,0,31000,1000,30000,30000
066890,聯詠中信07購01  ,0,0,0,0,0,0,0,0,0,30000,0,0,0,88000,58000,30000,30000
067100,華邦電群益01購01,0,0,0,0,0,0,0,0,0,30000,0,0,0,30000,0,30000,30000
067162,康控國票02購01  ,0,0,0,0,0,0,0,0,0,30000,0,0,0,30000,0,30000,30000
067194,惠特凱基01購03  ,0,0,0,0,0,0,0,0,0,30000,0,0,0,30000,0,30000,30000
06701P,臺股指統一99售06,0,0,0,0,0,0,0,0,0,30000,0,0,0,30000,0,30000,30000
066959,新唐元大01購01  ,0,0,0,0,0,0,0,0,0,30000,0,0,0,30000,0,30000,30000
067349,中化群益02購01  ,0,0,0,0,0,0,0,0,0,30000,0,0,0,30000,0,30000,30000
067411,矽格兆豐03購01  ,0,0,0,0,0,0,0,0,0,30000,0,0,0,30000,0,30000,30000
065348,中壽統一9C購02  ,0,0,0,0,0,0,0,0,0,30000,0,0,0,30000,0,30000,30000
064821,聯電統一02購01  ,0,0,0,0,0,0,0,0,0,30000,0,0,0,50000,20000,30000,30000
064770,開發金中信01購01,0,0,0,0,0,0,0,0,0,30000,0,0,0,30000,0,30000,30000
064895,奇力新群益9C購02,0,0,0,0,0,0,0,0,0,30000,0,0,0,30000,0,30000,30000
065808,力成群益9C購02  ,0,0,0,0,0,0,0,0,0,30000,0,0,0,30000,0,30000,30000
2108,南帝            ,1469000,1465000,4000,0,0,0,7000,0,7000,19000,2000,14000,-12000,44000,13000,31000,30000
8210,勤誠            ,570000,530000,40000,0,0,0,0,0,0,-10000,2000,1000,1000,0,11000,-11000,30000
07623P,大立光統一9B售05,0,0,0,0,0,0,0,0,0,30000,0,0,0,30000,0,30000,30000
07576P,可成元大9A售01  ,0,0,0,0,0,0,0,0,0,30000,0,0,0,66000,36000,30000,30000
07363P,大立光元大99售26,0,0,0,0,0,0,0,0,0,30000,0,0,0,30000,0,30000,30000
07835P,台表科群益9A售02,0,0,0,0,0,0,0,0,0,30000,0,0,0,50000,20000,30000,30000
07882P,台灣50凱基01售12,0,0,0,0,0,0,0,0,0,30000,0,0,0,30000,0,30000,30000
08096P,大立光元富9B售04,0,0,0,0,0,0,0,0,0,30000,0,0,0,192000,162000,30000,30000
08017P,華新科國票9B售01,0,0,0,0,0,0,0,0,0,30000,0,0,0,55000,25000,30000,30000
08879P,台積電凱基01售12,0,0,0,0,0,0,0,0,0,30000,0,0,0,30000,0,30000,30000
069632,聯發科元富02購09,0,0,0,0,0,0,0,0,0,29000,0,0,0,30000,1000,29000,29000
069588,長興國票02購01  ,0,0,0,0,0,0,0,0,0,29000,0,0,0,29000,0,29000,29000
069799,玉晶光凱基03購09,0,0,0,0,0,0,0,0,0,29000,0,0,0,31000,2000,29000,29000
069158,精元元大02購02  ,0,0,0,0,0,0,0,0,0,29000,0,0,0,171000,142000,29000,29000
068573,矽格元大01購06  ,0,0,0,0,0,0,0,0,0,29000,0,0,0,56000,27000,29000,29000
068272,華新科永豐01購02,0,0,0,0,0,0,0,0,0,29000,0,0,0,40000,11000,29000,29000
068369,玉晶光富邦03購01,0,0,0,0,0,0,0,0,0,29000,0,0,0,40000,11000,29000,29000
059833,緯穎康和99購01  ,0,0,0,0,0,0,0,0,0,29000,0,0,0,51000,22000,29000,29000
058773,和碩兆豐99購01  ,0,0,0,0,0,0,0,0,0,29000,0,0,0,30000,1000,29000,29000
063527,美食凱基01購01  ,0,0,0,0,0,0,0,0,0,29000,0,0,0,29000,0,29000,29000
063568,高鐵元大9B購01  ,0,0,0,0,0,0,0,0,0,29000,0,0,0,29000,0,29000,29000
057150,貿聯國票99購02  ,0,0,0,0,0,0,0,0,0,29000,0,0,0,29000,0,29000,29000
064255,泰碩國泰02購01  ,0,0,0,0,0,0,0,0,0,29000,0,0,0,51000,22000,29000,29000
062027,國泰金群益9B購01,0,0,0,0,0,0,0,0,0,29000,0,0,0,73000,44000,29000,29000
063470,泰鼎元大9B購03  ,0,0,0,0,0,0,0,0,0,29000,0,0,0,70000,41000,29000,29000
061796,興勤永豐9B購01  ,0,0,0,0,0,0,0,0,0,29000,0,0,0,148000,119000,29000,29000
061867,旺宏元大9B購02  ,0,0,0,0,0,0,0,0,0,29000,0,0,0,59000,30000,29000,29000
062722,京元電凱基9B購02,0,0,0,0,0,0,0,0,0,29000,0,0,0,166000,137000,29000,29000
062214,金寶統一01購01  ,0,0,0,0,0,0,0,0,0,29000,0,0,0,29000,0,29000,29000
065594,華通元大01購02  ,0,0,0,0,0,0,0,0,0,29000,0,0,0,34000,5000,29000,29000
065632,正崴國票01購01  ,0,0,0,0,0,0,0,0,0,29000,0,0,0,29000,0,29000,29000
066011,華通元富01購01  ,0,0,0,0,0,0,0,0,0,29000,0,0,0,29000,0,29000,29000
064919,嘉晶統一02購02  ,0,0,0,0,0,0,0,0,0,29000,0,0,0,129000,100000,29000,29000
065138,上銀凱基02購01  ,0,0,0,0,0,0,0,0,0,29000,0,0,0,50000,21000,29000,29000
067400,華擎永豐01購02  ,0,0,0,0,0,0,0,0,0,29000,0,0,0,35000,6000,29000,29000
067269,眾達永豐01購02  ,0,0,0,0,0,0,0,0,0,29000,0,0,0,29000,0,29000,29000
066995,盟立國泰03購01  ,0,0,0,0,0,0,0,0,0,29000,0,0,0,135000,106000,29000,29000
067088,啟碁元大01購01  ,0,0,0,0,0,0,0,0,0,29000,0,0,0,85000,56000,29000,29000
066503,台積電富邦05購02,0,0,0,0,0,0,0,0,0,29000,0,0,0,29000,0,29000,29000
066494,旺宏國泰03購01  ,0,0,0,0,0,0,0,0,0,29000,0,0,0,29000,0,29000,29000
066389,南港凱基01購01  ,0,0,0,0,0,0,0,0,0,29000,0,0,0,237000,208000,29000,29000
06633P,國巨國票99售01  ,0,0,0,0,0,0,0,0,0,29000,0,0,0,29000,0,29000,29000
08806P,技嘉元富07售02  ,0,0,0,0,0,0,0,0,0,29000,0,0,0,29000,0,29000,29000
08171P,嘉澤國票9C售01  ,0,0,0,0,0,0,0,0,0,29000,0,0,0,151000,122000,29000,29000
08261P,玉晶光元大9C售08,10000,0,10000,0,0,0,0,0,0,19000,0,0,0,29000,10000,19000,29000
2102,泰豐            ,1648000,1670000,-22000,0,0,0,0,0,0,51000,0,28000,-28000,97000,18000,79000,29000
068353,台積電凱基01購23,0,0,0,0,0,0,0,0,0,28000,0,0,0,288000,260000,28000,28000
068821,聯詠元大02購01  ,0,0,0,0,0,0,0,0,0,28000,0,0,0,79000,51000,28000,28000
067959,嘉聯益永豐01購01,0,0,0,0,0,0,0,0,0,28000,0,0,0,50000,22000,28000,28000
068106,南電永豐01購02  ,0,0,0,0,0,0,0,0,0,28000,0,0,0,48000,20000,28000,28000
070016,潤泰新元大02購02,0,0,0,0,0,0,0,0,0,28000,0,0,0,35000,7000,28000,28000
069897,宏碁元大02購02  ,0,0,0,0,0,0,0,0,0,28000,0,0,0,29000,1000,28000,28000
060428,瑞祺永豐9A購01  ,0,0,0,0,0,0,0,0,0,28000,0,0,0,66000,38000,28000,28000
060904,臺指反元大9C購07,0,0,0,0,0,0,0,0,0,28000,0,0,0,30000,2000,28000,28000
060944,國泰金國票9A購01,0,0,0,0,0,0,0,0,0,28000,0,0,0,113000,85000,28000,28000
058078,景碩國票99購01  ,0,0,0,0,0,0,0,0,0,28000,0,0,0,38000,10000,28000,28000
064691,友達群益9C購04  ,0,0,0,0,0,0,0,0,0,28000,0,0,0,110000,82000,28000,28000
062717,華邦電凱基9C購01,0,0,0,0,0,0,0,0,0,28000,0,0,0,53000,25000,28000,28000
062605,上銀凱基9B購03  ,0,0,0,0,0,0,0,0,0,28000,0,0,0,28000,0,28000,28000
062310,南亞科凱基9B購02,0,0,0,0,0,0,0,0,0,28000,0,0,0,78000,50000,28000,28000
063826,中興電國票01購01,0,0,0,0,0,0,0,0,0,28000,0,0,0,143000,115000,28000,28000
063236,旺宏元大9B購07  ,0,0,0,0,0,0,0,0,0,28000,0,0,0,42000,14000,28000,28000
063393,華通群益9C購05  ,0,0,0,0,0,0,0,0,0,28000,0,0,0,35000,7000,28000,28000
063424,新日興凱基01購01,0,0,0,0,0,0,0,0,0,28000,0,0,0,28000,0,28000,28000
064243,TPK統一02購02   ,0,0,0,0,0,0,0,0,0,28000,0,0,0,36000,8000,28000,28000
063579,GIS元大9C購01   ,0,0,0,0,0,0,0,0,0,28000,0,0,0,33000,5000,28000,28000
063628,華通元大9B購09  ,0,0,0,0,0,0,0,0,0,28000,0,0,0,41000,13000,28000,28000
066342,上緯控永豐01購01,0,0,0,0,0,0,0,0,0,28000,0,0,0,28000,0,28000,28000
066849,神達元大01購01  ,0,0,0,0,0,0,0,0,0,28000,0,0,0,28000,0,28000,28000
067124,華擎富邦03購01  ,0,0,0,0,0,0,0,0,0,28000,0,0,0,28000,0,28000,28000
066922,台表科麥證01購01,0,0,0,28000,0,28000,0,0,0,28000,0,0,0,28000,0,28000,28000
065447,緯創統一02購02  ,0,0,0,0,0,0,0,0,0,28000,0,0,0,30000,2000,28000,28000
064906,台表科群益9C購02,0,0,0,0,0,0,0,0,0,28000,0,0,0,28000,0,28000,28000
064897,宏達電群益9C購02,0,0,0,0,0,0,0,0,0,28000,0,0,0,58000,30000,28000,28000
065101,力成元大9C購05  ,0,0,0,0,0,0,0,0,0,28000,0,0,0,33000,5000,28000,28000
065903,聯發科富邦02購02,0,0,0,0,0,0,0,0,0,28000,0,0,0,54000,26000,28000,28000
066124,台化群益01購01  ,0,0,0,0,0,0,0,0,0,28000,0,0,0,50000,22000,28000,28000
065611,嘉聯益元大9C購02,0,0,0,0,0,0,0,0,0,28000,0,0,0,36000,8000,28000,28000
065866,鴻海群益9C購07  ,0,0,0,0,0,0,0,0,0,28000,0,0,0,32000,4000,28000,28000
08328P,國巨國票9C售07  ,0,0,0,0,0,0,0,0,0,28000,0,0,0,82000,54000,28000,28000
08668P,燿華群益01售01  ,0,0,0,0,0,0,0,0,0,28000,0,0,0,247000,219000,28000,28000
06984P,上銀富邦9B售01  ,0,0,0,0,0,0,0,0,0,27000,0,0,0,97000,70000,27000,27000
068009,矽格元大01購05  ,0,0,0,0,0,0,0,0,0,27000,0,0,0,32000,5000,27000,27000
067762,康舒永豐01購02  ,0,0,0,0,0,0,0,0,0,27000,0,0,0,211000,184000,27000,27000
067727,聯茂凱基01購02  ,0,0,0,0,0,0,0,0,0,27000,0,0,0,100000,73000,27000,27000
062744,超眾國泰9C購01  ,0,0,0,0,0,0,0,0,0,27000,0,0,0,32000,5000,27000,27000
058377,茂林凱基9A購03  ,0,0,0,0,0,0,0,0,0,27000,0,0,0,47000,20000,27000,27000
060283,台肥元大9C購01  ,0,0,0,0,0,0,0,0,0,27000,0,0,0,38000,11000,27000,27000
059766,同欣電永豐99購03,0,0,0,0,0,0,0,0,0,27000,0,0,0,27000,0,27000,27000
059732,超眾元大9A購01  ,0,0,0,0,0,0,0,0,0,27000,0,0,0,28000,1000,27000,27000
03419B,臺股指元富99熊03,0,0,0,0,0,0,0,0,0,27000,0,0,0,27000,0,27000,27000
03210P,美食國票03售01  ,0,0,0,0,0,0,0,0,0,27000,0,0,0,77000,50000,27000,27000
063606,TPK凱基9C購01   ,0,0,0,0,0,0,0,0,0,27000,0,0,0,38000,11000,27000,27000
063315,京元電群益9B購03,0,0,0,0,0,0,0,0,0,27000,0,0,0,178000,151000,27000,27000
061689,國巨群益9A購12  ,0,0,0,0,0,0,0,0,0,27000,0,0,0,63000,36000,27000,27000
062705,美食元大9B購01  ,0,0,0,0,0,0,0,0,0,27000,0,0,0,62000,35000,27000,27000
064347,貿聯元大9C購03  ,0,0,0,0,0,0,0,0,0,27000,0,0,0,138000,111000,27000,27000
067220,台郡元大01購04  ,0,0,0,0,0,0,0,0,0,27000,0,0,0,148000,121000,27000,27000
067430,中工凱基05購01  ,0,0,0,0,0,0,0,0,0,27000,0,0,0,45000,18000,27000,27000
066741,華擎元大01購03  ,0,0,0,0,0,0,0,0,0,27000,0,0,0,58000,31000,27000,27000
066679,微星兆豐01購01  ,0,0,0,0,0,0,0,0,0,27000,0,0,0,114000,87000,27000,27000
08334P,智邦永豐9C售01  ,0,0,0,0,0,0,0,0,0,27000,0,0,0,30000,3000,27000,27000
069323,華擎兆豐03購02  ,0,0,0,0,0,0,0,0,0,26000,0,0,0,118000,92000,26000,26000
058641,鴻海麥證99購02  ,0,0,0,26000,0,26000,0,0,0,26000,0,0,0,26000,0,26000,26000
059148,百和國票9A購01  ,0,0,0,0,0,0,0,0,0,26000,0,0,0,26000,0,26000,26000
064363,聯發科統一9C購14,0,0,0,0,0,0,0,0,0,26000,0,0,0,524000,498000,26000,26000
064516,華通群益02購01  ,0,0,0,0,0,0,0,0,0,26000,0,0,0,26000,0,26000,26000
064644,台光電凱基9C購01,0,0,0,0,0,0,0,0,0,26000,0,0,0,26000,0,26000,26000
060736,旺宏統一01購01  ,0,0,0,0,0,0,0,0,0,26000,0,0,0,76000,50000,26000,26000
060824,旺宏元大9A購06  ,0,0,0,0,0,0,0,0,0,26000,0,0,0,26000,0,26000,26000
062454,華通群益9C購03  ,0,0,0,0,0,0,0,0,0,26000,0,0,0,27000,1000,26000,26000
062382,燿華國泰9C購01  ,0,0,0,0,0,0,0,0,0,26000,0,0,0,26000,0,26000,26000
064289,台郡元大9C購01  ,0,0,0,0,0,0,0,0,0,26000,0,0,0,29000,3000,26000,26000
066649,華新科麥證01購02,0,0,0,76000,50000,26000,0,0,0,26000,0,0,0,76000,50000,26000,26000
066725,華通元大01購05  ,0,0,0,0,0,0,0,0,0,26000,0,0,0,29000,3000,26000,26000
067360,日月光群益01購01,0,0,0,0,0,0,0,0,0,26000,0,0,0,26000,0,26000,26000
067320,訊連元大01購01  ,0,0,0,0,0,0,0,0,0,26000,0,0,0,138000,112000,26000,26000
066118,台郡兆豐01購01  ,0,0,0,0,0,0,0,0,0,26000,0,0,0,32000,6000,26000,26000
065877,TPK群益9C購05   ,0,0,0,0,0,0,0,0,0,26000,0,0,0,26000,0,26000,26000
065030,亞光兆豐9C購01  ,0,0,0,0,0,0,0,0,0,26000,0,0,0,26000,0,26000,26000
065372,漢唐元大9C購02  ,0,0,0,0,0,0,0,0,0,26000,0,0,0,26000,0,26000,26000
07938P,國巨統一9B售10  ,0,0,0,0,0,0,0,0,0,26000,0,0,0,32000,6000,26000,26000
07920P,大立光中信01售01,0,0,0,0,0,0,0,0,0,26000,0,0,0,49000,23000,26000,26000
1541,錩泰            ,95000,69000,26000,0,0,0,0,0,0,0,1000,1000,0,0,0,0,26000
069572,欣興凱基03購03  ,0,0,0,0,0,0,0,0,0,25000,0,0,0,241000,216000,25000,25000
067760,旭富永豐01購01  ,0,0,0,0,0,0,0,0,0,25000,0,0,0,25000,0,25000,25000
068085,寶成凱基02購01  ,0,0,0,0,0,0,0,0,0,25000,0,0,0,25000,0,25000,25000
068126,樺漢元富07購01  ,0,0,0,0,0,0,0,0,0,25000,0,0,0,104000,79000,25000,25000
068192,台積電凱基03購04,0,0,0,0,0,0,0,0,0,25000,0,0,0,328000,303000,25000,25000
068642,帆宣凱基03購01  ,0,0,0,0,0,0,0,0,0,25000,0,0,0,25000,0,25000,25000
068382,亞德客統一03購01,0,0,0,0,0,0,0,0,0,25000,0,0,0,49000,24000,25000,25000
068267,台積電永豐01購04,0,0,0,0,0,0,0,0,0,25000,0,0,0,31000,6000,25000,25000
068419,聯發科兆豐03購02,0,0,0,0,0,0,0,0,0,25000,0,0,0,25000,0,25000,25000
068458,玉晶光國票01購10,0,0,0,0,0,0,0,0,0,25000,0,0,0,35000,10000,25000,25000
059334,A50正2國票9A購02,0,0,0,0,0,0,0,0,0,25000,0,0,0,65000,40000,25000,25000
060612,世紀鋼凱基9A購01,0,0,0,0,0,0,0,0,0,25000,0,0,0,25000,0,25000,25000
058732,矽格永豐99購01  ,0,0,0,0,0,0,0,0,0,25000,0,0,0,33000,8000,25000,25000
061882,矽創元大9B購01  ,0,0,0,0,0,0,0,0,0,25000,0,0,0,48000,23000,25000,25000
060958,儒鴻凱基9A購02  ,0,0,0,0,0,0,0,0,0,25000,0,0,0,25000,0,25000,25000
053163,上証2X群益9A購02,0,0,0,0,0,0,0,0,0,25000,0,0,0,25000,0,25000,25000
03307P,臺股指中信05售02,0,0,0,0,0,0,0,0,0,25000,0,0,0,90000,65000,25000,25000
064214,群創凱基03購01  ,0,0,0,0,0,0,0,0,0,25000,0,0,0,30000,5000,25000,25000
064217,GIS凱基02購02   ,0,0,0,0,0,0,0,0,0,25000,0,0,0,133000,108000,25000,25000
063361,台表科國泰01購02,0,0,0,0,0,0,0,0,0,25000,0,0,0,30000,5000,25000,25000
061642,創意元大9A購04  ,0,0,0,0,0,0,0,0,0,25000,0,0,0,25000,0,25000,25000
061363,儒鴻國票9B購01  ,0,0,0,0,0,0,0,0,0,25000,0,0,0,26000,1000,25000,25000
063658,瑞祺元富9B購01  ,0,0,0,0,0,0,0,0,0,25000,0,0,0,85000,60000,25000,25000
062562,瑞儀凱基9B購02  ,0,0,0,0,0,0,0,0,0,25000,0,0,0,30000,5000,25000,25000
063753,矽創國票9C購01  ,0,0,0,0,0,0,0,0,0,25000,0,0,0,35000,10000,25000,25000
064456,禾伸堂統一01購01,0,0,0,0,0,0,0,0,0,25000,0,0,0,60000,35000,25000,25000
063031,鴻海凱基9C購01  ,0,0,0,0,0,0,0,0,0,25000,0,0,0,56000,31000,25000,25000
062258,奇力新元大9B購03,0,0,0,0,0,0,0,0,0,25000,0,0,0,25000,0,25000,25000
065355,聯發科元富03購05,0,0,0,0,0,0,0,0,0,25000,0,0,0,30000,5000,25000,25000
065818,奇鋐元富9C購01  ,0,0,0,0,0,0,0,0,0,25000,0,0,0,30000,5000,25000,25000
065722,緯創兆豐9C購02  ,5000,0,5000,0,0,0,0,0,0,20000,0,0,0,88000,68000,20000,25000
065548,台達電凱基01購02,0,0,0,0,0,0,0,0,0,25000,0,0,0,30000,5000,25000,25000
067270,精成科永豐01購01,0,0,0,0,0,0,0,0,0,25000,0,0,0,66000,41000,25000,25000
067499,帆宣元大01購04  ,0,0,0,0,0,0,0,0,0,25000,0,0,0,33000,8000,25000,25000
067025,禾伸堂兆豐03購01,0,0,0,0,0,0,0,0,0,25000,0,0,0,25000,0,25000,25000
066763,創意永豐01購02  ,0,0,0,0,0,0,0,0,0,25000,0,0,0,98000,73000,25000,25000
066783,友達中信01購04  ,0,0,0,0,0,0,0,0,0,25000,0,0,0,75000,50000,25000,25000
066866,滬深2X元富01購03,0,0,0,0,0,0,0,0,0,25000,0,0,0,30000,5000,25000,25000
066358,美利達永豐01購01,0,0,0,0,0,0,0,0,0,25000,0,0,0,49000,24000,25000,25000
066421,國產元大01購01  ,0,0,0,0,0,0,0,0,0,25000,0,0,0,45000,20000,25000,25000
2881A,富邦特          ,17000,0,17000,0,0,0,0,0,0,8000,8000,0,8000,0,0,0,25000
07863P,華新科凱基9B售07,0,0,0,0,0,0,0,0,0,25000,0,0,0,25000,0,25000,25000
08090P,嘉澤統一9B售01  ,0,0,0,0,0,0,0,0,0,25000,0,0,0,161000,136000,25000,25000
07988P,台積電台新9C售03,0,0,0,0,0,0,0,0,0,25000,0,0,0,25000,0,25000,25000
08558P,香港2X國票9C售01,0,0,0,0,0,0,0,0,0,25000,0,0,0,25000,0,25000,25000
08476P,臺股指凱基9C售14,0,0,0,0,0,0,0,0,0,25000,0,0,0,25000,0,25000,25000
08766P,臺股指中信03售03,0,0,0,0,0,0,0,0,0,25000,0,0,0,35000,10000,25000,25000
08790P,聯發科元富01售01,0,0,0,0,0,0,0,0,0,25000,0,0,0,127000,102000,25000,25000
08749P,鴻海台新01售02  ,0,0,0,0,0,0,0,0,0,25000,0,0,0,99000,74000,25000,25000
068151,瑞昱元大01購05  ,0,0,0,0,0,0,0,0,0,24000,0,0,0,181000,157000,24000,24000
067897,玉晶光群益02購11,0,0,0,0,0,0,0,0,0,24000,0,0,0,47000,23000,24000,24000
069645,智易康和02購01  ,0,0,0,0,0,0,0,0,0,24000,0,0,0,32000,8000,24000,24000
069533,創意群益02購01  ,0,0,0,0,0,0,0,0,0,24000,0,0,0,37000,13000,24000,24000
068966,TPK群益02購01   ,0,0,0,0,0,0,0,0,0,24000,0,0,0,35000,11000,24000,24000
058270,上緯控永豐99購01,0,0,0,0,0,0,0,0,0,24000,0,0,0,54000,30000,24000,24000
058920,SGBR2X元富99購06,0,0,0,0,0,0,0,0,0,24000,0,0,0,24000,0,24000,24000
058841,深中小群益01購01,0,0,0,0,0,0,0,0,0,24000,0,0,0,26000,2000,24000,24000
060030,晶相光永豐99購03,0,0,0,0,0,0,0,0,0,24000,0,0,0,124000,100000,24000,24000
060017,全新康和99購01  ,0,0,0,0,0,0,0,0,0,24000,0,0,0,24000,0,24000,24000
062166,致新國泰01購01  ,0,0,0,0,0,0,0,0,0,24000,0,0,0,30000,6000,24000,24000
063026,南六元大9B購04  ,0,0,0,0,0,0,0,0,0,24000,0,0,0,24000,0,24000,24000
062434,華通元大9B購04  ,0,0,0,0,0,0,0,0,0,24000,0,0,0,30000,6000,24000,24000
063671,GIS統一01購01   ,0,0,0,0,0,0,0,0,0,24000,0,0,0,239000,215000,24000,24000
064044,台光電統一01購03,0,0,0,0,0,0,0,0,0,24000,0,0,0,24000,0,24000,24000
061678,玉晶光元大9B購04,0,0,0,0,0,0,0,0,0,24000,0,0,0,71000,47000,24000,24000
063257,牧德國泰01購01  ,0,0,0,0,0,0,0,0,0,24000,0,0,0,24000,0,24000,24000
063135,國巨統一9B購16  ,0,0,0,0,0,0,0,0,0,24000,0,0,0,160000,136000,24000,24000
066363,美律中信05購01  ,0,0,0,0,0,0,0,0,0,24000,0,0,0,39000,15000,24000,24000
066597,緯穎群益02購01  ,0,0,0,0,0,0,0,0,0,24000,0,0,0,24000,0,24000,24000
066002,健策國票02購01  ,0,0,0,0,0,0,0,0,0,24000,0,0,0,94000,70000,24000,24000
065222,玉晶光永豐9C購07,0,0,0,0,0,0,0,0,0,24000,0,0,0,27000,3000,24000,24000
065208,義隆國票01購01  ,0,0,0,0,0,0,0,0,0,24000,0,0,0,31000,7000,24000,24000
064927,瀚宇博統一02購01,0,0,0,0,0,0,0,0,0,24000,0,0,0,33000,9000,24000,24000
08862P,台積電元大01售24,0,0,0,0,0,0,0,0,0,24000,0,0,0,24000,0,24000,24000
07416P,台積電元大99售53,0,0,0,0,0,0,0,0,0,24000,0,0,0,24000,0,24000,24000
068892,台達電元大02購01,0,0,0,0,0,0,0,0,0,23000,0,0,0,50000,27000,23000,23000
069183,微星麥證02購01  ,0,0,0,23000,0,23000,0,0,0,23000,0,0,0,23000,0,23000,23000
069374,長興元大02購01  ,0,0,0,0,0,0,0,0,0,23000,0,0,0,33000,10000,23000,23000
067701,臺股指國票01購09,0,0,0,0,0,0,0,0,0,23000,0,0,0,35000,12000,23000,23000
067941,鎧勝凱基01購02  ,0,0,0,0,0,0,0,0,0,23000,0,0,0,23000,0,23000,23000
068447,A50正2國票03購01,0,0,0,0,0,0,0,0,0,23000,0,0,0,25000,2000,23000,23000
068542,SP黃豆國票01購01,0,0,0,0,0,0,0,0,0,23000,0,0,0,46000,23000,23000,23000
068519,群創統一03購01  ,0,0,0,0,0,0,0,0,0,23000,0,0,0,30000,7000,23000,23000
068568,聯詠元大01購10  ,0,0,0,0,0,0,0,0,0,23000,0,0,0,122000,99000,23000,23000
068608,景碩凱基01購01  ,0,1000,-1000,0,0,0,0,0,0,24000,0,0,0,88000,64000,24000,23000
058936,國喬中信99購01  ,0,0,0,0,0,0,0,0,0,23000,0,0,0,23000,0,23000,23000
060233,宏碁元大9A購01  ,0,0,0,0,0,0,0,0,0,23000,0,0,0,23000,0,23000,23000
060238,強茂元大9C購01  ,0,0,0,0,0,0,0,0,0,23000,0,0,0,23000,0,23000,23000
059847,喬山永豐99購01  ,0,0,0,0,0,0,0,0,0,23000,0,0,0,25000,2000,23000,23000
00866,新光Shiller CAPE,0,0,0,0,0,0,0,0,0,23000,0,0,0,52000,29000,23000,23000
063137,瑞昱統一01購02  ,0,0,0,0,0,0,0,0,0,23000,0,0,0,23000,0,23000,23000
063186,聯發科凱基9C購04,0,0,0,0,0,0,0,0,0,23000,0,0,0,109000,86000,23000,23000
064285,貿聯元大9C購02  ,0,0,0,0,0,0,0,0,0,23000,0,0,0,72000,49000,23000,23000
063362,台表科國泰01購03,0,0,0,0,0,0,0,0,0,23000,0,0,0,66000,43000,23000,23000
063464,廣達元大9B購02  ,0,0,0,0,0,0,0,0,0,23000,0,0,0,30000,7000,23000,23000
063487,國巨國泰01購02  ,0,0,0,0,0,0,0,0,0,23000,0,0,0,160000,137000,23000,23000
063993,華通群益01購01  ,0,0,0,0,0,0,0,0,0,23000,0,0,0,32000,9000,23000,23000
064068,義隆永豐9C購01  ,0,0,0,0,0,0,0,0,0,23000,0,0,0,124000,101000,23000,23000
063689,可成永豐9B購04  ,0,0,0,0,0,0,0,0,0,23000,0,0,0,23000,0,23000,23000
062993,華新科群益9B購05,0,0,0,0,0,0,0,0,0,23000,0,0,0,23000,0,23000,23000
062057,華邦電統一01購01,0,0,0,0,0,0,0,0,0,23000,0,0,0,33000,10000,23000,23000
064811,華擎元大01購01  ,0,0,0,0,0,0,0,0,0,23000,0,0,0,27000,4000,23000,23000
065529,聯發科中信01購04,0,0,0,0,0,0,0,0,0,23000,0,0,0,23000,0,23000,23000
065623,瑞昱中信04購01  ,0,0,0,0,0,0,0,0,0,23000,0,0,0,66000,43000,23000,23000
066278,健策元大02購01  ,0,0,0,0,0,0,0,0,0,23000,0,0,0,123000,100000,23000,23000
066293,惠特元大02購01  ,0,0,0,0,0,0,0,0,0,23000,0,0,0,23000,0,23000,23000
067221,台表科元大01購02,0,0,0,0,0,0,0,0,0,23000,0,0,0,43000,20000,23000,23000
067394,國巨永豐01購01  ,0,0,0,0,0,0,0,0,0,23000,0,0,0,29000,6000,23000,23000
07402P,瑞昱凱基99售02  ,0,0,0,0,0,0,0,0,0,23000,0,0,0,23000,0,23000,23000
08522P,智邦元大9C售08  ,0,0,0,0,0,0,0,0,0,23000,0,0,0,52000,29000,23000,23000
911608,明輝-DR         ,23000,0,23000,0,0,0,0,0,0,0,0,0,0,0,0,0,23000
068675,聯電元富03購01  ,0,0,0,0,0,0,0,0,0,22000,0,0,0,286000,264000,22000,22000
069377,華碩元大02購02  ,0,0,0,0,0,0,0,0,0,22000,0,0,0,34000,12000,22000,22000
069958,聯茂永豐02購01  ,0,0,0,0,0,0,0,0,0,22000,0,0,0,22000,0,22000,22000
07021P,台積電富邦9C售02,0,0,0,0,0,0,0,0,0,22000,0,0,0,22000,0,22000,22000
051597,T50反1中信99購02,0,0,0,0,0,0,0,0,0,22000,0,0,0,22000,0,22000,22000
03043P,健策國票03售01  ,0,0,0,0,0,0,0,0,0,22000,0,0,0,22000,0,22000,22000
056699,光罩國泰99購01  ,0,0,0,0,0,0,0,0,0,22000,0,0,0,22000,0,22000,22000
059935,國巨永豐99購07  ,0,0,0,0,0,0,0,0,0,22000,0,0,0,22000,0,22000,22000
062188,貿聯元大9B購02  ,0,0,0,0,0,0,0,0,0,22000,0,0,0,64000,42000,22000,22000
062302,聯詠中信05購02  ,0,0,0,0,0,0,0,0,0,22000,0,0,0,22000,0,22000,22000
061477,晶豪科元大9A購01,0,0,0,0,0,0,0,0,0,22000,0,0,0,30000,8000,22000,22000
064261,力山永豐9C購01  ,0,0,0,0,0,0,0,0,0,22000,0,0,0,22000,0,22000,22000
067354,國揚群益01購03  ,0,0,0,0,0,0,0,0,0,22000,0,0,0,64000,42000,22000,22000
067559,高鐵國票02購01  ,0,0,0,0,0,0,0,0,0,22000,0,0,0,42000,20000,22000,22000
067408,達方永豐01購02  ,0,0,0,0,0,0,0,0,0,22000,0,0,0,30000,8000,22000,22000
067072,建準元大01購01  ,0,0,0,0,0,0,0,0,0,22000,0,0,0,57000,35000,22000,22000
066343,佳醫永豐01購01  ,0,0,0,0,0,0,0,0,0,22000,0,0,0,23000,1000,22000,22000
065930,矽格國票02購01  ,0,0,0,0,0,0,0,0,0,22000,0,0,0,40000,18000,22000,22000
066204,京鼎統一02購01  ,0,0,0,0,0,0,0,0,0,22000,0,0,0,22000,0,22000,22000
064857,T50反1富邦01購02,0,0,0,0,0,0,0,0,0,22000,0,0,0,26000,4000,22000,22000
064882,同欣電兆豐9C購01,0,0,0,0,0,0,0,0,0,22000,0,0,0,23000,1000,22000,22000
2608,嘉里大榮        ,136000,107000,29000,0,0,0,0,0,0,-7000,0,7000,-7000,0,0,0,22000
3209,全科            ,266000,240000,26000,0,0,0,0,0,0,-4000,0,4000,-4000,0,0,0,22000
08724P,臺股指元大01售05,0,0,0,0,0,0,0,0,0,22000,0,0,0,22000,0,22000,22000
068901,嘉聯益元大02購02,0,0,0,0,0,0,0,0,0,21000,0,0,0,66000,45000,21000,21000
058536,群創統一9B購01  ,0,0,0,0,0,0,0,0,0,21000,0,0,0,225000,204000,21000,21000
059189,國泰金富邦9B購01,0,0,0,0,0,0,0,0,0,21000,0,0,0,31000,10000,21000,21000
060043,全新群益9B購02  ,0,0,0,0,0,0,0,0,0,21000,0,0,0,21000,0,21000,21000
057839,台積電富邦9A購02,0,0,0,0,0,0,0,0,0,21000,0,0,0,21000,0,21000,21000
058685,TPK凱基99購01   ,0,0,0,0,0,0,0,0,0,21000,0,0,0,26000,5000,21000,21000
060964,日月光凱基9A購01,0,0,0,0,0,0,0,0,0,21000,0,0,0,23000,2000,21000,21000
063549,國巨國票9C購05  ,0,0,0,0,0,0,0,0,0,21000,0,0,0,29000,8000,21000,21000
062797,瑞昱統一9B購01  ,0,0,0,0,0,0,0,0,0,21000,0,0,0,21000,0,21000,21000
03366P,TPK元大02售03   ,0,0,0,0,0,0,0,0,0,21000,0,0,0,30000,9000,21000,21000
063222,群創群益9B購03  ,0,0,0,0,0,0,0,0,0,21000,0,0,0,26000,5000,21000,21000
061745,南電凱基9B購02  ,0,0,0,0,0,0,0,0,0,21000,0,0,0,21000,0,21000,21000
063672,GIS統一9C購01   ,0,0,0,0,0,0,0,0,0,21000,0,0,0,170000,149000,21000,21000
063846,智邦元大9C購01  ,0,0,0,0,0,0,0,0,0,21000,0,0,0,161000,140000,21000,21000
064328,華通元大9C購04  ,0,0,0,0,0,0,0,0,0,21000,0,0,0,84000,63000,21000,21000
065126,世芯永豐9C購02  ,0,0,0,0,0,0,0,0,0,21000,0,0,0,73000,52000,21000,21000
065667,台光電凱基01購01,0,0,0,0,0,0,0,0,0,21000,0,0,0,21000,0,21000,21000
065790,創意永豐9C購02  ,0,0,0,0,0,0,0,0,0,21000,0,0,0,51000,30000,21000,21000
066304,聯華永豐01購01  ,0,0,0,0,0,0,0,0,0,21000,0,0,0,37000,16000,21000,21000
066637,瀚宇博凱基01購02,0,0,0,0,0,0,0,0,0,21000,0,0,0,39000,18000,21000,21000
067167,鴻海麥證01購02  ,0,0,0,21000,0,21000,0,0,0,21000,0,0,0,21000,0,21000,21000
08983P,玉晶光凱基01售06,0,0,0,0,0,0,0,0,0,21000,0,0,0,114000,93000,21000,21000
08997P,台積電群益01售17,0,0,0,0,0,0,0,0,0,21000,0,0,0,37000,16000,21000,21000
07420P,可成元大99售07  ,0,0,0,0,0,0,0,0,0,21000,0,0,0,22000,1000,21000,21000
2395,研華            ,1268510,1254534,13976,0,0,0,12000,0,12000,-5000,1000,6000,-5000,0,0,0,20976
06895P,台灣50統一9A售01,0,0,0,0,0,0,0,0,0,20000,0,0,0,90000,70000,20000,20000
069136,台積電永豐02購03,0,0,0,0,0,0,0,0,0,20000,0,0,0,20000,0,20000,20000
069066,聯發科麥證02購02,0,0,0,40000,20000,20000,0,0,0,20000,0,0,0,40000,20000,20000,20000
069488,大立光元大02購06,0,0,0,0,0,0,0,0,0,20000,0,0,0,20000,0,20000,20000
069272,華通永豐02購01  ,0,0,0,0,0,0,0,0,0,20000,0,0,0,25000,5000,20000,20000
069250,奇力新凱基03購01,0,0,0,0,0,0,0,0,0,20000,0,0,0,30000,10000,20000,20000
07148P,富邦金元大99售01,0,0,0,0,0,0,0,0,0,20000,0,0,0,20000,0,20000,20000
07135P,臺股指元大9A售29,0,0,0,0,0,0,0,0,0,20000,0,0,0,20000,0,20000,20000
070045,神基永豐02購01  ,0,0,0,0,0,0,0,0,0,20000,0,0,0,20000,0,20000,20000
069600,景碩國票03購01  ,0,0,0,0,0,0,0,0,0,20000,0,0,0,104000,84000,20000,20000
069835,高股息台新02購01,0,0,0,0,0,0,0,0,0,20000,0,0,0,20000,0,20000,20000
068565,建準元大01購02  ,0,0,0,0,0,0,0,0,0,20000,0,0,0,418000,398000,20000,20000
068592,台積電統一01購13,0,0,0,0,0,0,0,0,0,20000,0,0,0,80000,60000,20000,20000
068847,台積電統一06購01,0,0,0,0,0,0,0,0,0,20000,0,0,0,60000,40000,20000,20000
068751,日月光群益02購01,0,0,0,0,0,0,0,0,0,20000,0,0,0,20000,0,20000,20000
068512,聯發科統一03購07,0,0,0,0,0,0,0,0,0,20000,0,0,0,20000,0,20000,20000
068500,華擎元大01購09  ,0,0,0,0,0,0,0,0,0,20000,0,0,0,202000,182000,20000,20000
068361,惠特凱基03購01  ,0,0,0,0,0,0,0,0,0,20000,0,0,0,20000,0,20000,20000
068012,台虹元大01購04  ,0,0,0,0,0,0,0,0,0,20000,0,0,0,31000,11000,20000,20000
068070,友達凱基05購01  ,0,0,0,0,0,0,0,0,0,20000,0,0,0,20000,0,20000,20000
068054,玉晶光統一03購04,0,0,0,0,0,0,0,0,0,20000,0,0,0,35000,15000,20000,20000
067882,A50正2群益01購06,0,0,0,0,0,0,0,0,0,20000,0,0,0,20000,0,20000,20000
067859,滬深2X元大01購12,0,0,0,0,0,0,0,0,0,20000,0,0,0,20000,0,20000,20000
059717,國巨元大99購21  ,0,0,0,0,0,0,0,0,0,20000,0,0,0,41000,21000,20000,20000
059852,康控永豐99購02  ,0,0,0,0,0,0,0,0,0,20000,0,0,0,20000,0,20000,20000
059869,友達凱基99購07  ,0,0,0,0,0,0,0,0,0,20000,0,0,0,20000,0,20000,20000
059871,義隆凱基99購03  ,0,0,0,0,0,0,0,0,0,20000,0,0,0,20000,0,20000,20000
058399,美律元大99購05  ,0,0,0,0,0,0,0,0,0,20000,0,0,0,20000,0,20000,20000
056269,新日興統一98購01,0,0,0,0,0,0,0,0,0,20000,0,0,0,20000,0,20000,20000
056404,嘉聯益群益9A購01,0,0,0,0,0,0,0,0,0,20000,0,0,0,20000,0,20000,20000
052203,T50反1中信99購03,0,0,0,0,0,0,0,0,0,20000,0,0,0,70000,50000,20000,20000
055966,茂林元大99購01  ,0,0,0,0,0,0,0,0,0,20000,0,0,0,20000,0,20000,20000
03127P,台表科凱基01售03,0,0,0,0,0,0,0,0,0,20000,0,0,0,27000,7000,20000,20000
060965,中租凱基9B購01  ,0,0,0,0,0,0,0,0,0,20000,0,0,0,20000,0,20000,20000
060903,臺指反元大9A購01,0,0,0,0,0,0,0,0,0,20000,0,0,0,20000,0,20000,20000
058707,泰鼎元大99購02  ,0,0,0,0,0,0,0,0,0,20000,0,0,0,20000,0,20000,20000
058218,緯穎群益99購01  ,0,0,0,0,0,0,0,0,0,20000,0,0,0,20000,0,20000,20000
058194,勤誠永豐99購01  ,0,0,0,0,0,0,0,0,0,20000,0,0,0,20000,0,20000,20000
060232,友訊元大9C購01  ,0,0,0,0,0,0,0,0,0,20000,0,0,0,30000,10000,20000,20000
057696,聯電群益9A購01  ,0,0,0,0,0,0,0,0,0,20000,0,0,0,20000,0,20000,20000
057699,可成群益9A購02  ,0,0,0,0,0,0,0,0,0,20000,0,0,0,20000,0,20000,20000
060554,中租凱基9A購01  ,0,0,0,0,0,0,0,0,0,20000,0,0,0,20000,0,20000,20000
057023,美律凱基99購02  ,0,0,0,0,0,0,0,0,0,20000,0,0,0,20000,0,20000,20000
060675,南亞科元大9A購02,0,0,0,0,0,0,0,0,0,20000,0,0,0,30000,10000,20000,20000
059211,鴻海元大99購27  ,0,0,0,0,0,0,0,0,0,20000,0,0,0,20000,0,20000,20000
059293,宏達電元富9B購01,0,0,0,0,0,0,0,0,0,20000,0,0,0,300000,280000,20000,20000
058572,百和凱基9A購01  ,0,0,0,0,0,0,0,0,0,20000,0,0,0,32000,12000,20000,20000
058592,聯發科統一9C購01,0,0,0,0,0,0,0,0,0,20000,0,0,0,21000,1000,20000,20000
062294,盛群永豐9B購01  ,0,0,0,0,0,0,0,0,0,20000,0,0,0,20000,0,20000,20000
062246,力山元大9B購02  ,0,0,0,0,0,0,0,0,0,20000,0,0,0,20000,0,20000,20000
063041,貿聯凱基9B購01  ,0,0,0,0,0,0,0,0,0,20000,0,0,0,20000,0,20000,20000
063042,同欣電凱基9C購01,0,0,0,0,0,0,0,0,0,20000,0,0,0,20000,0,20000,20000
063084,可成凱基9C購01  ,0,0,0,0,0,0,0,0,0,20000,0,0,0,20000,0,20000,20000
063080,裕隆凱基9B購01  ,0,0,0,0,0,0,0,0,0,20000,0,0,0,20000,0,20000,20000
064475,台積電國泰02購03,0,0,0,0,0,0,0,0,0,20000,0,0,0,20000,0,20000,20000
064707,群創富邦9C購02  ,0,0,0,0,0,0,0,0,0,20000,0,0,0,40000,20000,20000,20000
064604,聯茂元富9C購01  ,0,0,0,0,0,0,0,0,0,20000,0,0,0,20000,0,20000,20000
064515,中橡群益9C購01  ,0,0,0,0,0,0,0,0,0,20000,0,0,0,20000,0,20000,20000
064531,旭富兆豐9C購01  ,0,0,0,0,0,0,0,0,0,20000,0,0,0,20000,0,20000,20000
061128,大立光永豐9A購02,0,0,0,0,0,0,0,0,0,20000,0,0,0,30000,10000,20000,20000
062448,健策元大9C購04  ,0,0,0,0,0,0,0,0,0,20000,0,0,0,20000,0,20000,20000
062368,聯詠元大9B購01  ,0,0,0,0,0,0,0,0,0,20000,0,0,0,20000,0,20000,20000
062371,健策元大9B購08  ,0,0,0,0,0,0,0,0,0,20000,0,0,0,20000,0,20000,20000
062498,華通群益9C購04  ,0,0,0,0,0,0,0,0,0,20000,0,0,0,38000,18000,20000,20000
062597,世紀鋼統一01購01,0,0,0,0,0,0,0,0,0,20000,0,0,0,90000,70000,20000,20000
063754,道瓊指統一9B購01,0,0,0,0,0,0,0,0,0,20000,0,0,0,20000,0,20000,20000
06376P,上銀統一99售01  ,0,0,0,0,0,0,0,0,0,20000,0,0,0,22000,2000,20000,20000
063732,建準元大9B購02  ,0,0,0,0,0,0,0,0,0,20000,0,0,0,30000,10000,20000,20000
061215,健策元大9A購06  ,0,0,0,0,0,0,0,0,0,20000,0,0,0,20000,0,20000,20000
061144,玉晶光中信9B購02,0,0,0,0,0,0,0,0,0,20000,0,0,0,20000,0,20000,20000
063904,大立光麥證01購01,0,0,0,20000,0,20000,0,0,0,20000,0,0,0,20000,0,20000,20000
063661,聚陽統一9C購02  ,0,0,0,0,0,0,0,0,0,20000,0,0,0,20000,0,20000,20000
061362,台塑國票9B購01  ,0,0,0,0,0,0,0,0,0,20000,0,0,0,20000,0,20000,20000
061772,健策元大9B購06  ,0,0,0,0,0,0,0,0,0,20000,0,0,0,20000,0,20000,20000
061679,健策元大9B購04  ,0,0,0,0,0,0,0,0,0,20000,0,0,0,20000,0,20000,20000
061684,T50反1群益9A購06,0,0,0,0,0,0,0,0,0,20000,0,0,0,20000,0,20000,20000
061482,健策元大9C購01  ,0,0,0,0,0,0,0,0,0,20000,0,0,0,21000,1000,20000,20000
061425,華新科元大9A購19,0,0,0,0,0,0,0,0,0,20000,0,0,0,20000,0,20000,20000
063163,京元電永豐9B購01,0,0,0,0,0,0,0,0,0,20000,0,0,0,54000,34000,20000,20000
063495,台光電富邦9C購01,0,0,0,0,0,0,0,0,0,20000,0,0,0,20000,0,20000,20000
061994,瑞儀元大9B購01  ,0,0,0,0,0,0,0,0,0,20000,0,0,0,20000,0,20000,20000
063351,億豐統一9B購01  ,0,0,0,0,0,0,0,0,0,20000,0,0,0,20000,0,20000,20000
063280,燿華元大9B購05  ,0,0,0,0,0,0,0,0,0,20000,0,0,0,20000,0,20000,20000
067177,日月光麥證01購02,0,0,0,20000,0,20000,0,0,0,20000,0,0,0,20000,0,20000,20000
066914,樺漢凱基02購01  ,0,0,0,0,0,0,0,0,0,20000,0,0,0,49000,29000,20000,20000
067405,超眾永豐01購01  ,0,0,0,0,0,0,0,0,0,20000,0,0,0,38000,18000,20000,20000
066617,鎧勝康和01購01  ,0,0,0,0,0,0,0,0,0,20000,0,0,0,22000,2000,20000,20000
066882,A50正2永豐01購01,0,0,0,0,0,0,0,0,0,20000,0,0,0,20000,0,20000,20000
066811,致新凱基01購03  ,0,0,0,0,0,0,0,0,0,20000,0,0,0,20000,0,20000,20000
066255,英利元大01購01  ,0,0,0,0,0,0,0,0,0,20000,0,0,0,45000,25000,20000,20000
066384,訊芯康和01購01  ,0,0,0,0,0,0,0,0,0,20000,0,0,0,20000,0,20000,20000
066481,華碩元富01購01  ,0,0,0,0,0,0,0,0,0,20000,0,0,0,30000,10000,20000,20000
065801,瑞昱群益9C購04  ,0,0,0,0,0,0,0,0,0,20000,0,0,0,20000,0,20000,20000
065797,臺指反群益9C購02,0,0,0,0,0,0,0,0,0,20000,0,0,0,20000,0,20000,20000
065737,南茂凱基9C購02  ,0,0,0,0,0,0,0,0,0,20000,0,0,0,24000,4000,20000,20000
065580,鈺齊群益01購01  ,0,0,0,0,0,0,0,0,0,20000,0,0,0,69000,49000,20000,20000
066064,T50反1凱基03購03,0,0,0,0,0,0,0,0,0,20000,0,0,0,20000,0,20000,20000
065921,GIS凱基01購02   ,0,0,0,0,0,0,0,0,0,20000,0,0,0,20000,0,20000,20000
066026,泰碩群益03購01  ,0,0,0,0,0,0,0,0,0,20000,0,0,0,50000,30000,20000,20000
06506P,台郡國票99售02  ,0,0,0,0,0,0,0,0,0,20000,0,0,0,20000,0,20000,20000
06505P,康控國票99售02  ,0,0,0,0,0,0,0,0,0,20000,0,0,0,20000,0,20000,20000
064977,玉晶光元大01購03,0,0,0,0,0,0,0,0,0,20000,0,0,0,72000,52000,20000,20000
064808,國產元大9C購02  ,0,0,0,0,0,0,0,0,0,20000,0,0,0,20000,0,20000,20000
065252,玉晶光永豐9C購08,0,0,0,0,0,0,0,0,0,20000,0,0,0,49000,29000,20000,20000
065428,旺宏凱基03購01  ,0,0,0,0,0,0,0,0,0,20000,0,0,0,20000,0,20000,20000
3669,圓展            ,531000,19000,512000,0,0,0,0,25000,-25000,-467000,18000,551000,-533000,66000,0,66000,20000
07309P,聯發科凱基99售18,0,0,0,0,0,0,0,0,0,20000,0,0,0,20000,0,20000,20000
07536P,華新科元富9A售04,0,0,0,0,0,0,0,0,0,20000,0,0,0,20000,0,20000,20000
07493P,台灣50元大9A售10,0,0,0,0,0,0,0,0,0,20000,0,0,0,20000,0,20000,20000
08756P,台灣50元大01售18,0,0,0,0,0,0,0,0,0,20000,0,0,0,20000,0,20000,20000
08855P,台灣50國票01售05,0,0,0,0,0,0,0,0,0,20000,0,0,0,20000,0,20000,20000
08852P,台灣50台新01售01,20000,0,20000,0,0,0,0,0,0,0,0,0,0,0,0,0,20000
08507P,臺股指國票9C售08,0,0,0,0,0,0,0,0,0,20000,0,0,0,20000,0,20000,20000
08574P,聯發科凱基02售04,0,0,0,0,0,0,0,0,0,20000,0,0,0,20000,0,20000,20000
08593P,聯發科凱基9C售13,0,0,0,0,0,0,0,0,0,20000,0,0,0,20000,0,20000,20000
08629P,緯創凱基9C售02  ,0,0,0,0,0,0,0,0,0,20000,0,0,0,115000,95000,20000,20000
08686P,臺股指凱基03售03,0,0,0,0,0,0,0,0,0,20000,0,0,0,20000,0,20000,20000
067840,滬深2X元富04購02,0,0,0,0,0,0,0,0,0,19000,0,0,0,31000,12000,19000,19000
068521,同欣電統一03購02,0,0,0,0,0,0,0,0,0,19000,0,0,0,20000,1000,19000,19000
068526,聯發科元富04購03,0,0,0,0,0,0,0,0,0,19000,0,0,0,20000,1000,19000,19000
068755,鎧勝國泰04購01  ,0,0,0,0,0,0,0,0,0,19000,0,0,0,20000,1000,19000,19000
06957P,FBVIX凱基01售01 ,0,0,0,0,0,0,0,0,0,19000,0,0,0,19000,0,19000,19000
07301P,臺股指元大9A售34,0,0,0,0,0,0,0,0,0,19000,0,0,0,20000,1000,19000,19000
069249,聯發科凱基02購09,0,0,0,0,0,0,0,0,0,19000,0,0,0,20000,1000,19000,19000
069135,南帝永豐02購01  ,0,0,0,0,0,0,0,0,0,19000,0,0,0,158000,139000,19000,19000
068906,台灣50群益02購10,0,0,0,0,0,0,0,0,0,19000,0,0,0,45000,26000,19000,19000
069011,晶技兆豐03購01  ,0,0,0,0,0,0,0,0,0,19000,0,0,0,29000,10000,19000,19000
063506,嘉晶群益9B購01  ,0,0,0,0,0,0,0,0,0,19000,0,0,0,54000,35000,19000,19000
03173P,台灣50國票03售02,0,0,0,0,0,0,0,0,0,19000,0,0,0,19000,0,19000,19000
05589P,大立光中信9A售01,0,0,0,0,0,0,0,0,0,19000,0,0,0,189000,170000,19000,19000
055701,亞德客富邦99購01,0,0,0,0,0,0,0,0,0,19000,0,0,0,19000,0,19000,19000
053827,漢唐麥證9A購01  ,0,0,0,52000,33000,19000,0,0,0,19000,0,0,0,52000,33000,19000,19000
059646,聯茂凱基99購06  ,0,0,0,0,0,0,0,0,0,19000,0,0,0,19000,0,19000,19000
064247,廣達元富9C購01  ,0,0,0,0,0,0,0,0,0,19000,0,0,0,19000,0,19000,19000
061735,上銀凱基9B購01  ,0,0,0,0,0,0,0,0,0,19000,0,0,0,19000,0,19000,19000
061795,智邦永豐9B購01  ,0,0,0,0,0,0,0,0,0,19000,0,0,0,19000,0,19000,19000
061037,嘉澤永豐9A購01  ,0,0,0,0,0,0,0,0,0,19000,0,0,0,46000,27000,19000,19000
063972,緯創國票9C購01  ,0,0,0,0,0,0,0,0,0,19000,0,0,0,54000,35000,19000,19000
063899,同欣電群益9C購01,0,0,0,0,0,0,0,0,0,19000,0,0,0,19000,0,19000,19000
063817,GIS群益9C購01   ,0,0,0,0,0,0,0,0,0,19000,0,0,0,210000,191000,19000,19000
062996,致茂國票9C購01  ,0,0,0,0,0,0,0,0,0,19000,0,0,0,19000,0,19000,19000
062192,南六元大9B購01  ,0,0,0,0,0,0,0,0,0,19000,0,0,0,49000,30000,19000,19000
062211,玉晶光台新9B購01,0,0,0,0,0,0,0,0,0,19000,0,0,0,19000,0,19000,19000
062728,健策凱基9B購04  ,0,0,0,0,0,0,0,0,0,19000,0,0,0,20000,1000,19000,19000
064389,台泥永豐9C購01  ,0,0,0,0,0,0,0,0,0,19000,0,0,0,90000,71000,19000,19000
066057,華擎元大02購01  ,0,0,0,0,0,0,0,0,0,19000,0,0,0,20000,1000,19000,19000
065678,聯發科統一01購07,0,0,0,0,0,0,0,0,0,19000,0,0,0,19000,0,19000,19000
065800,技嘉群益9C購01  ,0,0,0,0,0,0,0,0,0,19000,0,0,0,19000,0,19000,19000
065796,T50反1群益01購02,0,0,0,0,0,0,0,0,0,19000,0,0,0,29000,10000,19000,19000
066800,晶豪科凱基02購01,0,0,0,0,0,0,0,0,0,19000,0,0,0,69000,50000,19000,19000
067116,嘉澤群益01購02  ,0,0,0,0,0,0,0,0,0,19000,0,0,0,26000,7000,19000,19000
068926,道瓊銀永豐02購01,0,0,0,0,0,0,0,0,0,18000,0,0,0,21000,3000,18000,18000
069302,道瓊銀凱基05購02,0,0,0,0,0,0,0,0,0,18000,0,0,0,48000,30000,18000,18000
069534,創意群益04購01  ,0,0,0,0,0,0,0,0,0,18000,0,0,0,47000,29000,18000,18000
07183P,臺股指凱基99售25,0,0,0,0,0,0,0,0,0,18000,0,0,0,18000,0,18000,18000
069938,國產元富02購01  ,0,0,0,0,0,0,0,0,0,18000,0,0,0,37000,19000,18000,18000
068690,喬山凱基03購01  ,0,0,0,0,0,0,0,0,0,18000,0,0,0,18000,0,18000,18000
067797,臺股指群益01購09,0,0,0,0,0,0,0,0,0,18000,0,0,0,48000,30000,18000,18000
067595,國巨凱基02購04  ,0,0,0,0,0,0,0,0,0,18000,0,0,0,23000,5000,18000,18000
067994,技嘉元大01購03  ,0,0,0,0,0,0,0,0,0,18000,0,0,0,79000,61000,18000,18000
059783,旺宏元大99購17  ,0,0,0,0,0,0,0,0,0,18000,0,0,0,30000,12000,18000,18000
061943,上銀群益9B購02  ,0,0,0,0,0,0,0,0,0,18000,0,0,0,18000,0,18000,18000
058946,SGBR2X群益9B購01,0,0,0,0,0,0,0,0,0,18000,0,0,0,18000,0,18000,18000
059948,正文永豐99購01  ,0,0,0,0,0,0,0,0,0,18000,0,0,0,18000,0,18000,18000
057691,健策凱基99購01  ,0,0,0,0,0,0,0,0,0,18000,0,0,0,89000,71000,18000,18000
057781,國巨國票99購04  ,0,0,0,0,0,0,0,0,0,18000,0,0,0,18000,0,18000,18000
064756,友達凱基02購02  ,0,0,0,0,0,0,0,0,0,18000,0,0,0,23000,5000,18000,18000
064733,南六統一9C購03  ,0,0,0,0,0,0,0,0,0,18000,0,0,0,54000,36000,18000,18000
062313,聯詠凱基9C購01  ,0,0,0,0,0,0,0,0,0,18000,0,0,0,18000,0,18000,18000
062470,智邦凱基9C購01  ,0,0,0,0,0,0,0,0,0,18000,0,0,0,45000,27000,18000,18000
063932,世芯統一01購01  ,0,0,0,0,0,0,0,0,0,18000,0,0,0,18000,0,18000,18000
061053,國巨群益9A購08  ,0,0,0,0,0,0,0,0,0,18000,0,0,0,94000,76000,18000,18000
064280,大立光元大9C購11,0,0,0,0,0,0,0,0,0,18000,0,0,0,88000,70000,18000,18000
063632,金像電元大9B購04,0,0,0,0,0,0,0,0,0,18000,0,0,0,18000,0,18000,18000
063271,中磊兆豐9C購01  ,0,0,0,0,0,0,0,0,0,18000,0,0,0,125000,107000,18000,18000
062017,京鼎永豐9B購01  ,0,0,0,0,0,0,0,0,0,18000,0,0,0,412000,394000,18000,18000
067297,台積電元大02購03,0,0,0,0,0,0,0,0,0,18000,0,0,0,208000,190000,18000,18000
066514,盟立永豐01購01  ,0,0,0,0,0,0,0,0,0,18000,0,0,0,68000,50000,18000,18000
066286,瑞祺元大01購01  ,0,0,0,0,0,0,0,0,0,18000,0,0,0,24000,6000,18000,18000
065802,義隆群益9C購05  ,0,0,0,0,0,0,0,0,0,18000,0,0,0,321000,303000,18000,18000
065607,聯詠元大9C購02  ,0,0,0,0,0,0,0,0,0,18000,0,0,0,71000,53000,18000,18000
066179,智伸科凱基01購01,0,0,0,0,0,0,0,0,0,18000,0,0,0,61000,43000,18000,18000
065298,健策統一9C購06  ,0,0,0,0,0,0,0,0,0,18000,0,0,0,18000,0,18000,18000
08656P,大立光群益9C售07,0,0,0,0,0,0,0,0,0,18000,0,0,0,100000,82000,18000,18000
08536P,台積電國票9C售08,0,0,0,0,0,0,0,0,0,18000,0,0,0,18000,0,18000,18000
07802P,瑞昱永豐9A售03  ,0,0,0,0,0,0,0,0,0,18000,0,0,0,20000,2000,18000,18000
07965P,玉晶光群益01售02,0,0,0,0,0,0,0,0,0,18000,0,0,0,60000,42000,18000,18000
068765,台積電統一04購03,0,0,0,0,0,0,0,0,0,17000,0,0,0,39000,22000,17000,17000
07032P,聯發科統一9C售02,0,0,0,0,0,0,0,0,0,17000,0,0,0,1548000,1531000,17000,17000
069551,欣興元大02購12  ,0,0,0,0,0,0,0,0,0,17000,0,0,0,342000,325000,17000,17000
069017,台郡兆豐03購01  ,0,0,0,0,0,0,0,0,0,17000,0,0,0,17000,0,17000,17000
060425,凌華永豐9A購01  ,0,0,0,0,0,0,0,0,0,17000,0,0,0,17000,0,17000,17000
058116,正崴中信99購02  ,0,0,0,0,0,0,0,0,0,17000,0,0,0,30000,13000,17000,17000
057958,禾伸堂元大99購05,0,0,0,0,0,0,0,0,0,17000,0,0,0,17000,0,17000,17000
03344P,台積電元富08售15,0,0,0,0,0,0,0,0,0,17000,0,0,0,24000,7000,17000,17000
058386,A50正2國票9B購01,0,0,0,0,0,0,0,0,0,17000,0,0,0,17000,0,17000,17000
059825,嘉晶凱基99購02  ,0,0,0,0,0,0,0,0,0,17000,0,0,0,26000,9000,17000,17000
03393P,聯電國泰03售01  ,0,0,0,0,0,0,0,0,0,17000,0,0,0,125000,108000,17000,17000
03325P,臺股指凱基04售05,0,0,0,0,0,0,0,0,0,17000,0,0,0,70000,53000,17000,17000
053891,欣興群益98購01  ,0,0,0,0,0,0,0,0,0,17000,0,0,0,17000,0,17000,17000
064233,燿華統一9C購02  ,0,0,0,0,0,0,0,0,0,17000,0,0,0,17000,0,17000,17000
063707,儒鴻凱基9C購01  ,0,0,0,0,0,0,0,0,0,17000,0,0,0,56000,39000,17000,17000
061480,泰碩元大9B購01  ,0,0,0,0,0,0,0,0,0,17000,0,0,0,20000,3000,17000,17000
061470,鈺齊群益9A購02  ,0,0,0,0,0,0,0,0,0,17000,0,0,0,17000,0,17000,17000
061638,國泰金元大9A購03,0,0,0,0,0,0,0,0,0,17000,0,0,0,17000,0,17000,17000
063001,巨大國票9B購01  ,0,0,0,0,0,0,0,0,0,17000,0,0,0,18000,1000,17000,17000
062971,英業達元富9B購01,0,0,0,0,0,0,0,0,0,17000,0,0,0,62000,45000,17000,17000
062639,臻鼎國票9C購01  ,0,0,0,0,0,0,0,0,0,17000,0,0,0,17000,0,17000,17000
064413,世紀鋼凱基02購01,0,0,0,0,0,0,0,0,0,17000,0,0,0,25000,8000,17000,17000
063049,上海銀兆豐9B購01,0,0,0,0,0,0,0,0,0,17000,0,0,0,29000,12000,17000,17000
064975,南亞科元大9C購07,0,0,0,0,0,0,0,0,0,17000,0,0,0,17000,0,17000,17000
065920,日月光凱基02購01,0,0,0,0,0,0,0,0,0,17000,0,0,0,20000,3000,17000,17000
065747,華通元大9C購07  ,0,0,0,0,0,0,0,0,0,17000,0,0,0,90000,73000,17000,17000
066463,鎧勝統一02購01  ,0,0,0,0,0,0,0,0,0,17000,0,0,0,17000,0,17000,17000
066734,聯詠元大01購03  ,0,0,0,0,0,0,0,0,0,17000,0,0,0,76000,59000,17000,17000
066822,泰豐群益01購01  ,0,0,0,0,0,0,0,0,0,17000,0,0,0,22000,5000,17000,17000
066872,亞光國泰03購01  ,0,0,0,0,0,0,0,0,0,17000,0,0,0,120000,103000,17000,17000
067289,燿華兆豐03購01  ,0,0,0,0,0,0,0,0,0,17000,0,0,0,87000,70000,17000,17000
067395,金像電永豐01購04,0,0,0,0,0,0,0,0,0,17000,0,0,0,29000,12000,17000,17000
067388,聯發科元富07購03,0,0,0,0,0,0,0,0,0,17000,0,0,0,361000,344000,17000,17000
067181,華通凱基01購02  ,0,0,0,0,0,0,0,0,0,17000,0,0,0,27000,10000,17000,17000
08231P,上銀元富9B售10  ,0,0,0,0,0,0,0,0,0,17000,0,0,0,920000,903000,17000,17000
08510P,大立光富邦03售04,0,0,0,0,0,0,0,0,0,17000,0,0,0,20000,3000,17000,17000
2881B,富邦金乙特      ,0,0,0,0,0,0,0,0,0,17000,26000,9000,17000,0,0,0,17000
6698,旭暉應材        ,42000,24000,18000,0,0,0,0,0,0,-1000,0,1000,-1000,0,0,0,17000
069030,國巨統一02購06  ,0,0,0,0,0,0,0,0,0,16000,0,0,0,16000,0,16000,16000
069038,聯鈞統一02購02  ,0,0,0,0,0,0,0,0,0,16000,0,0,0,126000,110000,16000,16000
068910,瑞昱群益02購01  ,0,0,0,0,0,0,0,0,0,16000,0,0,0,18000,2000,16000,16000
069347,智易群益02購01  ,0,0,0,0,0,0,0,0,0,16000,0,0,0,48000,32000,16000,16000
069817,智伸科國票03購01,0,0,0,0,0,0,0,0,0,16000,0,0,0,16000,0,16000,16000
068571,帆宣元大01購06  ,0,0,0,0,0,0,0,0,0,16000,0,0,0,16000,0,16000,16000
068514,聯發科統一03購09,0,0,0,0,0,0,0,0,0,16000,0,0,0,226000,210000,16000,16000
068440,華擎凱基01購04  ,0,0,0,0,0,0,0,0,0,16000,0,0,0,21000,5000,16000,16000
068033,國產元富01購01  ,0,0,0,0,0,0,0,0,0,16000,0,0,0,271000,255000,16000,16000
068038,康控元富03購01  ,0,0,0,0,0,0,0,0,0,16000,0,0,0,16000,0,16000,16000
067768,鴻海統一03購05  ,0,0,0,0,0,0,0,0,0,16000,0,0,0,16000,0,16000,16000
03038P,玉晶光國票02售03,0,0,0,0,0,0,0,0,0,16000,0,0,0,16000,0,16000,16000
056214,義隆國票99購01  ,0,0,0,0,0,0,0,0,0,16000,0,0,0,16000,0,16000,16000
020012,富邦行動通訊N   ,0,0,0,0,0,0,0,0,0,16000,0,0,0,144000,128000,16000,16000
060368,緯穎元富9A購03  ,0,0,0,0,0,0,0,0,0,16000,0,0,0,16000,0,16000,16000
058099,鴻海國泰9A購02  ,0,0,0,0,0,0,0,0,0,16000,0,0,0,16000,0,16000,16000
058195,鈺齊永豐99購01  ,0,0,0,0,0,0,0,0,0,16000,0,0,0,16000,0,16000,16000
060125,強茂永豐99購01  ,0,0,0,0,0,0,0,0,0,16000,0,0,0,16000,0,16000,16000
058850,華新科群益99購03,0,0,0,0,0,0,0,0,0,16000,0,0,0,16000,0,16000,16000
064379,TPK元富9C購01   ,0,0,0,0,0,0,0,0,0,16000,0,0,0,22000,6000,16000,16000
064623,創意元大9C購04  ,0,0,0,0,0,0,0,0,0,16000,0,0,0,31000,15000,16000,16000
062660,神隆群益9B購02  ,0,0,0,0,0,0,0,0,0,16000,0,0,0,27000,11000,16000,16000
061190,力山永豐9A購02  ,0,0,0,0,0,0,0,0,0,16000,0,0,0,16000,0,16000,16000
062951,鴻海永豐9B購02  ,0,0,0,0,0,0,0,0,0,16000,0,0,0,20000,4000,16000,16000
062119,世紀鋼中信9B購01,0,0,0,0,0,0,0,0,0,16000,0,0,0,16000,0,16000,16000
062444,大立光元大9C購01,0,0,0,0,0,0,0,0,0,16000,0,0,0,30000,14000,16000,16000
063607,中租凱基9B購02  ,0,0,0,0,0,0,0,0,0,16000,0,0,0,16000,0,16000,16000
062892,臺指反元大02購13,0,0,0,0,0,0,0,0,0,16000,0,0,0,16000,0,16000,16000
063450,華新科統一02購01,0,0,0,0,0,0,0,0,0,16000,0,0,0,125000,109000,16000,16000
067210,聯發科元大01購18,0,0,0,0,0,0,0,0,0,16000,0,0,0,234000,218000,16000,16000
066967,台積電元富07購03,0,0,0,0,0,0,0,0,0,16000,0,0,0,25000,9000,16000,16000
067033,新日興康和01購01,0,0,0,0,0,0,0,0,0,16000,0,0,0,64000,48000,16000,16000
067366,巨大群益01購01  ,0,0,0,0,0,0,0,0,0,16000,0,0,0,26000,10000,16000,16000
067438,緯穎凱基01購03  ,0,0,0,0,0,0,0,0,0,16000,0,0,0,122000,106000,16000,16000
066829,奇力新群益01購01,0,0,0,0,0,0,0,0,0,16000,0,0,0,18000,2000,16000,16000
066559,聯鈞元大01購03  ,0,0,0,0,0,0,0,0,0,16000,0,0,0,20000,4000,16000,16000
066498,康控國泰02購01  ,0,0,0,0,0,0,0,0,0,16000,0,0,0,16000,0,16000,16000
065735,矽格凱基01購02  ,0,0,0,0,0,0,0,0,0,16000,0,0,0,16000,0,16000,16000
065815,微星元富9C購01  ,0,0,0,0,0,0,0,0,0,16000,0,0,0,16000,0,16000,16000
066181,泰鼎凱基01購01  ,0,0,0,0,0,0,0,0,0,16000,0,0,0,16000,0,16000,16000
06609P,元油2X凱基9B售06,0,0,0,0,0,0,0,0,0,16000,0,0,0,16000,0,16000,16000
08488P,臺股指群益9C售19,0,0,0,0,0,0,0,0,0,16000,0,0,0,16000,0,16000,16000
067735,聯電元大03購01  ,0,0,0,0,0,0,0,0,0,15000,0,0,0,15000,0,15000,15000
067594,國巨凱基01購06  ,0,0,0,0,0,0,0,0,0,15000,0,0,0,20000,5000,15000,15000
067703,臺股指國票01購11,0,0,0,0,0,0,0,0,0,15000,0,0,0,45000,30000,15000,15000
068023,聚陽元富07購01  ,0,0,0,0,0,0,0,0,0,15000,0,0,0,15000,0,15000,15000
067934,美律凱基01購01  ,0,0,0,0,0,0,0,0,0,15000,0,0,0,15000,0,15000,15000
068449,國巨國票01購03  ,0,0,0,0,0,0,0,0,0,15000,0,0,0,15000,0,15000,15000
068333,緯創元大01購04  ,0,0,0,0,0,0,0,0,0,15000,0,0,0,17000,2000,15000,15000
068319,聯電元大01購05  ,0,0,0,0,0,0,0,0,0,15000,0,0,0,15000,0,15000,15000
068546,國巨群益01購11  ,0,0,0,0,0,0,0,0,0,15000,0,0,0,15000,0,15000,15000
068673,聯發科統一03購11,0,0,0,0,0,0,0,0,0,15000,0,0,0,15000,0,15000,15000
068746,台達電群益02購01,0,0,0,0,0,0,0,0,0,15000,0,0,0,65000,50000,15000,15000
068822,欣興元大02購04  ,0,0,0,0,0,0,0,0,0,15000,0,0,0,29000,14000,15000,15000
069831,華新科元富02購02,0,0,0,0,0,0,0,0,0,15000,0,0,0,20000,5000,15000,15000
069712,美食國票03購02  ,0,0,0,0,0,0,0,0,0,15000,0,0,0,15000,0,15000,15000
069661,南港兆豐03購02  ,0,0,0,0,0,0,0,0,0,15000,0,0,0,20000,5000,15000,15000
069349,瀚宇博群益02購01,0,0,0,0,0,0,0,0,0,15000,0,0,0,15000,0,15000,15000
06922P,元上證群益9C售01,0,0,0,0,0,0,0,0,0,15000,0,0,0,15000,0,15000,15000
069504,華通永豐02購02  ,0,0,0,0,0,0,0,0,0,15000,0,0,0,15000,0,15000,15000
069091,長興統一05購01  ,0,0,0,0,0,0,0,0,0,15000,0,0,0,15000,0,15000,15000
058873,美律國票9A購02  ,0,0,0,0,0,0,0,0,0,15000,0,0,0,20000,5000,15000,15000
061936,旺宏國票9B購03  ,0,0,0,0,0,0,0,0,0,15000,0,0,0,15000,0,15000,15000
056907,群創元大9C購04  ,0,0,0,0,0,0,0,0,0,15000,0,0,0,20000,5000,15000,15000
063519,聚陽凱基9B購02  ,0,0,0,0,0,0,0,0,0,15000,0,0,0,15000,0,15000,15000
064195,晶豪科群益9C購01,0,0,0,0,0,0,0,0,0,15000,0,0,0,17000,2000,15000,15000
059128,友達中信99購02  ,0,0,0,0,0,0,0,0,0,15000,0,0,0,15000,0,15000,15000
059955,美食康和99購01  ,0,0,0,0,0,0,0,0,0,15000,0,0,0,15000,0,15000,15000
057790,台積電統一99購04,0,0,0,0,0,0,0,0,0,15000,0,0,0,15000,0,15000,15000
057456,道瓊銀富邦9C購01,0,0,0,0,0,0,0,0,0,15000,0,0,0,15000,0,15000,15000
057306,玉晶光兆豐99購01,0,0,0,0,0,0,0,0,0,15000,0,0,0,15000,0,15000,15000
05749P,臺股指群益99售03,0,0,0,0,0,0,0,0,0,15000,0,0,0,15000,0,15000,15000
057604,鴻海統一9C購01  ,0,0,0,0,0,0,0,0,0,15000,0,0,0,15000,0,15000,15000
057623,友訊國泰99購01  ,0,0,0,0,0,0,0,0,0,15000,0,0,0,15000,0,15000,15000
060611,同欣電凱基9A購02,0,0,0,0,0,0,0,0,0,15000,0,0,0,15000,0,15000,15000
060609,玉晶光凱基9B購01,0,0,0,0,0,0,0,0,0,15000,0,0,0,34000,19000,15000,15000
060287,燿華元大9A購01  ,0,0,0,0,0,0,0,0,0,15000,0,0,0,15000,0,15000,15000
03419P,玉晶光群益03售04,0,0,0,0,0,0,0,0,0,15000,0,0,0,15000,0,15000,15000
00684R,元大美元指數反1 ,0,0,0,0,0,0,0,0,0,15000,0,0,0,25000,10000,15000,15000
00865B,國泰US短期公債  ,0,0,0,0,0,0,0,0,0,15000,0,0,0,115000,100000,15000,15000
03114P,台灣50富邦03售05,0,0,0,0,0,0,0,0,0,15000,0,0,0,15000,0,15000,15000
03226P,台積電凱基03售10,0,0,0,0,0,0,0,0,0,15000,0,0,0,15000,0,15000,15000
046937,聯電元大99購01  ,0,0,0,0,0,0,0,0,0,15000,0,0,0,15000,0,15000,15000
055579,健策統一9A購01  ,0,0,0,0,0,0,0,0,0,15000,0,0,0,15000,0,15000,15000
03062P,世紀鋼凱基02售02,0,0,0,0,0,0,0,0,0,15000,0,0,0,55000,40000,15000,15000
03015P,玉晶光永豐01售06,0,0,0,0,0,0,0,0,0,15000,0,0,0,24000,9000,15000,15000
03004P,華擎群益02售02  ,0,0,0,0,0,0,0,0,0,15000,0,0,0,116000,101000,15000,15000
063469,牧德元大9C購02  ,0,0,0,0,0,0,0,0,0,15000,0,0,0,15000,0,15000,15000
063427,南六凱基9B購04  ,0,0,0,0,0,0,0,0,0,15000,0,0,0,15000,0,15000,15000
063432,金寶元富9B購01  ,0,0,0,0,0,0,0,0,0,15000,0,0,0,15000,0,15000,15000
063603,友達凱基9B購05  ,0,0,0,0,0,0,0,0,0,15000,0,0,0,20000,5000,15000,15000
064136,致新元大9C購01  ,0,0,0,0,0,0,0,0,0,15000,0,0,0,15000,0,15000,15000
063206,貿聯統一9C購02  ,0,0,0,0,0,0,0,0,0,15000,0,0,0,20000,5000,15000,15000
063656,台光電元富03購01,0,0,0,0,0,0,0,0,0,15000,0,0,0,80000,65000,15000,15000
063703,晶豪科群益9B購02,0,0,0,0,0,0,0,0,0,15000,0,0,0,25000,10000,15000,15000
062414,臻鼎中信01購01  ,0,0,0,0,0,0,0,0,0,15000,0,0,0,15000,0,15000,15000
062130,T50反1群益9B購01,0,0,0,0,0,0,0,0,0,15000,0,0,0,15000,0,15000,15000
062335,茂林統一01購01  ,0,0,0,0,0,0,0,0,0,15000,0,0,0,20000,5000,15000,15000
063715,鈺齊凱基9C購01  ,0,0,0,0,0,0,0,0,0,15000,0,0,0,15000,0,15000,15000
064356,矽創元大01購01  ,0,0,0,0,0,0,0,0,0,15000,0,0,0,15000,0,15000,15000
063096,勤誠國票9B購02  ,0,0,0,0,0,0,0,0,0,15000,0,0,0,15000,0,15000,15000
062213,和大統一9B購02  ,0,0,0,0,0,0,0,0,0,15000,0,0,0,40000,25000,15000,15000
066081,文曄國泰03購01  ,0,0,0,0,0,0,0,0,0,15000,0,0,0,15000,0,15000,15000
066185,松翰凱基01購01  ,0,0,0,0,0,0,0,0,0,15000,0,0,0,15000,0,15000,15000
065948,燿華統一01購02  ,0,0,0,0,0,0,0,0,0,15000,0,0,0,15000,0,15000,15000
065792,TPK永豐9C購02   ,0,0,0,0,0,0,0,0,0,15000,0,0,0,27000,12000,15000,15000
065578,台郡群益9C購02  ,0,0,0,0,0,0,0,0,0,15000,0,0,0,26000,11000,15000,15000
065695,友訊群益01購02  ,0,0,0,0,0,0,0,0,0,15000,0,0,0,26000,11000,15000,15000
065054,百和凱基02購01  ,0,0,0,0,0,0,0,0,0,15000,0,0,0,41000,26000,15000,15000
064844,道瓊指元富9C購01,0,0,0,0,0,0,0,0,0,15000,0,0,0,15000,0,15000,15000
064905,嘉聯益群益9C購01,0,0,0,0,0,0,0,0,0,15000,0,0,0,30000,15000,15000,15000
065257,友訊元大01購01  ,0,0,0,0,0,0,0,0,0,15000,0,0,0,25000,10000,15000,15000
065226,華通凱基01購01  ,0,0,0,0,0,0,0,0,0,15000,0,0,0,15000,0,15000,15000
065498,台積電富邦04購02,0,0,0,0,0,0,0,0,0,15000,0,0,0,15000,0,15000,15000
066528,南電統一02購01  ,0,0,0,0,0,0,0,0,0,15000,0,0,0,15000,0,15000,15000
066398,京鼎凱基01購02  ,0,0,0,0,0,0,0,0,0,15000,0,0,0,23000,8000,15000,15000
066307,華城永豐01購01  ,0,0,0,0,0,0,0,0,0,15000,0,0,0,21000,6000,15000,15000
06685P,鴻海國泰9A售01  ,0,0,0,0,0,0,0,0,0,15000,0,0,0,45000,30000,15000,15000
066702,開發金群益03購01,0,0,0,0,0,0,0,0,0,15000,0,0,0,135000,120000,15000,15000
067436,訊連凱基01購01  ,0,0,0,0,0,0,0,0,0,15000,0,0,0,36000,21000,15000,15000
067230,國巨群益01購05  ,0,0,0,0,0,0,0,0,0,15000,0,0,0,35000,20000,15000,15000
066893,技嘉兆豐01購02  ,0,0,0,0,0,0,0,0,0,15000,0,0,0,15000,0,15000,15000
067138,正文永豐01購02  ,0,0,0,0,0,0,0,0,0,15000,0,0,0,88000,73000,15000,15000
08504P,臺股指國票9C售06,0,0,0,0,0,0,0,0,0,15000,0,0,0,15000,0,15000,15000
08579P,臺股指元大9C售27,0,0,0,0,0,0,0,0,0,15000,0,0,0,15000,0,15000,15000
08818P,台灣50凱基01售18,0,0,0,0,0,0,0,0,0,15000,0,0,0,15000,0,15000,15000
08903P,台積電兆豐01售04,0,0,0,0,0,0,0,0,0,15000,0,0,0,456000,441000,15000,15000
08222P,南六凱基9B售05  ,0,0,0,0,0,0,0,0,0,15000,0,0,0,15000,0,15000,15000
08196P,上銀元大9B售07  ,0,0,0,0,0,0,0,0,0,15000,0,0,0,36000,21000,15000,15000
08162P,台灣50台新9C售06,0,0,0,0,0,0,0,0,0,15000,0,0,0,35000,20000,15000,15000
07389P,臺股指群益9C售08,0,0,0,0,0,0,0,0,0,15000,0,0,0,15000,0,15000,15000
07617P,聯發科中信9C售04,0,0,0,0,0,0,0,0,0,15000,0,0,0,15000,0,15000,15000
07670P,茂林元大9A售02  ,0,0,0,0,0,0,0,0,0,15000,0,0,0,15000,0,15000,15000
068958,臺股指凱基04購06,0,0,0,0,0,0,0,0,0,14000,0,0,0,50000,36000,14000,14000
069412,奇力新統一04購02,0,0,0,0,0,0,0,0,0,14000,0,0,0,181000,167000,14000,14000
069605,敦泰國票03購01  ,0,0,0,0,0,0,0,0,0,14000,0,0,0,14000,0,14000,14000
069860,精成科永豐02購02,0,0,0,0,0,0,0,0,0,14000,0,0,0,44000,30000,14000,14000
068775,上証2X元富08購01,0,0,0,0,0,0,0,0,0,14000,0,0,0,15000,1000,14000,14000
068696,聯詠凱基02購03  ,0,0,0,0,0,0,0,0,0,14000,0,0,0,15000,1000,14000,14000
068029,台積電元富07購09,0,0,0,0,0,0,0,0,0,14000,0,0,0,24000,10000,14000,14000
068065,京鼎兆豐01購02  ,0,0,0,0,0,0,0,0,0,14000,0,0,0,15000,1000,14000,14000
054534,台積電富邦98購03,0,0,0,0,0,0,0,0,0,14000,0,0,0,14000,0,14000,14000
03177P,國巨群益01售12  ,0,0,0,0,0,0,0,0,0,14000,0,0,0,20000,6000,14000,14000
03166P,台積電台新03售01,0,0,0,0,0,0,0,0,0,14000,0,0,0,114000,100000,14000,14000
059883,T50反1國票99購02,0,0,0,0,0,0,0,0,0,14000,0,0,0,14000,0,14000,14000
060621,玉晶光元大9A購05,0,0,0,0,0,0,0,0,0,14000,0,0,0,39000,25000,14000,14000
060541,正隆凱基9A購01  ,0,0,0,0,0,0,0,0,0,14000,0,0,0,14000,0,14000,14000
057962,超眾元大99購03  ,0,0,0,0,0,0,0,0,0,14000,0,0,0,14000,0,14000,14000
059951,台塑康和99購01  ,0,0,0,0,0,0,0,0,0,14000,0,0,0,34000,20000,14000,14000
060388,世紀鋼凱基9B購01,0,0,0,0,0,0,0,0,0,14000,0,0,0,25000,11000,14000,14000
062824,國巨群益9C購03  ,0,0,0,0,0,0,0,0,0,14000,0,0,0,20000,6000,14000,14000
064408,TPK凱基02購01   ,0,0,0,0,0,0,0,0,0,14000,0,0,0,25000,11000,14000,14000
064539,玉晶光麥證01購01,0,0,0,18000,2000,16000,0,0,0,14000,0,0,0,20000,6000,14000,14000
062405,泰鼎永豐9B購02  ,0,0,0,0,0,0,0,0,0,14000,0,0,0,34000,20000,14000,14000
062357,國巨元大9B購11  ,0,0,0,0,0,0,0,0,0,14000,0,0,0,14000,0,14000,14000
062488,台光電永豐9B購02,0,0,0,0,0,0,0,0,0,14000,0,0,0,34000,20000,14000,14000
063949,大立光元大9C購10,0,0,0,0,0,0,0,0,0,14000,0,0,0,18000,4000,14000,14000
061858,南電國票9B購02  ,0,0,0,0,0,0,0,0,0,14000,0,0,0,16000,2000,14000,14000
061782,智邦群益9B購01  ,0,0,0,0,0,0,0,0,0,14000,0,0,0,15000,1000,14000,14000
063610,儒鴻群益9B購02  ,0,0,0,0,0,0,0,0,0,14000,0,0,0,22000,8000,14000,14000
064125,聯發科元大02購01,0,0,0,0,0,0,0,0,0,14000,0,0,0,40000,26000,14000,14000
067081,華擎元大01購05  ,0,0,0,0,0,0,0,0,0,14000,0,0,0,126000,112000,14000,14000
067186,晶豪科凱基01購02,0,0,0,0,0,0,0,0,0,14000,0,0,0,20000,6000,14000,14000
067249,緯穎群益01購04  ,0,0,0,0,0,0,0,0,0,14000,0,0,0,14000,0,14000,14000
067385,申豐統一02購04  ,0,0,0,0,0,0,0,0,0,14000,0,0,0,38000,24000,14000,14000
066825,智邦群益01購03  ,0,0,0,0,0,0,0,0,0,14000,0,0,0,14000,0,14000,14000
066423,智原元大01購02  ,0,0,0,0,0,0,0,0,0,14000,0,0,0,15000,1000,14000,14000
066470,惠特統一02購01  ,0,0,0,0,0,0,0,0,0,14000,0,0,0,14000,0,14000,14000
066520,大立光第一01購01,0,0,0,0,0,0,0,0,0,14000,0,0,0,50000,36000,14000,14000
066004,國巨統一01購11  ,0,0,0,0,0,0,0,0,0,14000,0,0,0,114000,100000,14000,14000
066090,泰鼎永豐01購01  ,0,0,0,0,0,0,0,0,0,14000,0,0,0,40000,26000,14000,14000
08351P,南六國票01售02  ,0,0,0,0,0,0,0,0,0,14000,0,0,0,199000,185000,14000,14000
08320P,智邦統一9C售02  ,0,0,0,0,0,0,0,0,0,14000,0,0,0,300000,286000,14000,14000
08999P,玉晶光群益02售16,0,0,0,0,0,0,0,0,0,14000,0,0,0,676000,662000,14000,14000
08774P,華擎凱基01售02  ,0,0,0,0,0,0,0,0,0,14000,0,0,0,116000,102000,14000,14000
08465P,玉晶光兆豐01售02,0,0,0,0,0,0,0,0,0,14000,0,0,0,18000,4000,14000,14000
2882A,國泰特          ,23000,3000,20000,0,0,0,0,0,0,-6000,14000,20000,-6000,0,0,0,14000
068019,玉晶光國票02購06,0,0,0,0,0,0,0,0,0,13000,0,0,0,23000,10000,13000,13000
068117,欣興元富07購02  ,0,0,0,0,0,0,0,0,0,13000,0,0,0,18000,5000,13000,13000
068095,GIS群益01購01   ,0,0,0,0,0,0,0,0,0,13000,0,0,0,40000,27000,13000,13000
068641,神達凱基03購01  ,0,0,0,0,0,0,0,0,0,13000,0,0,0,13000,0,13000,13000
068266,國巨永豐01購02  ,0,0,0,0,0,0,0,0,0,13000,0,0,0,63000,50000,13000,13000
068366,泰碩國泰03購02  ,0,0,0,0,0,0,0,0,0,13000,0,0,0,41000,28000,13000,13000
068345,聯發科麥證01購09,0,0,0,20000,7000,13000,0,0,0,13000,0,0,0,20000,7000,13000,13000
068443,致伸凱基01購01  ,0,0,0,0,0,0,0,0,0,13000,0,0,0,13000,0,13000,13000
069536,緯穎群益02購02  ,0,0,0,0,0,0,0,0,0,13000,0,0,0,20000,7000,13000,13000
069730,世紀鋼群益02購02,0,0,0,0,0,0,0,0,0,13000,0,0,0,25000,12000,13000,13000
069403,華通統一02購02  ,0,0,0,0,0,0,0,0,0,13000,0,0,0,13000,0,13000,13000
069230,申豐群益02購01  ,0,0,0,0,0,0,0,0,0,13000,0,0,0,42000,29000,13000,13000
069045,國巨元富08購01  ,0,0,0,0,0,0,0,0,0,13000,0,0,0,29000,16000,13000,13000
062819,奇鋐兆豐9B購01  ,0,0,0,0,0,0,0,0,0,13000,0,0,0,44000,31000,13000,13000
059265,美律中信01購01  ,0,0,0,0,0,0,0,0,0,13000,0,0,0,28000,15000,13000,13000
059539,緯穎凱基99購03  ,0,0,0,0,0,0,0,0,0,13000,0,0,0,13000,0,13000,13000
059469,智邦元大99購03  ,0,0,0,0,0,0,0,0,0,13000,0,0,0,20000,7000,13000,13000
060286,佳世達元大9C購01,0,0,0,0,0,0,0,0,0,13000,0,0,0,30000,17000,13000,13000
03693C,T50反1元大03牛01,0,0,0,0,0,0,0,0,0,13000,0,0,0,15000,2000,13000,13000
00743,國泰中國A150    ,5000,0,5000,0,0,0,0,0,0,8000,0,0,0,20000,12000,8000,13000
03021P,玉晶光群益02售25,0,0,0,0,0,0,0,0,0,13000,0,0,0,13000,0,13000,13000
063278,國巨元大9C購04  ,0,0,0,0,0,0,0,0,0,13000,0,0,0,13000,0,13000,13000
061541,旺宏群益9A購03  ,0,0,0,0,0,0,0,0,0,13000,0,0,0,20000,7000,13000,13000
061391,晶技群益9A購02  ,0,0,0,0,0,0,0,0,0,13000,0,0,0,49000,36000,13000,13000
063839,華通元大9C購02  ,0,0,0,0,0,0,0,0,0,13000,0,0,0,16000,3000,13000,13000
062115,臺股指國票9B購09,0,0,0,0,0,0,0,0,0,13000,0,0,0,22000,9000,13000,13000
062138,力成群益9B購01  ,0,0,0,0,0,0,0,0,0,13000,0,0,0,13000,0,13000,13000
060709,緯穎富邦9B購01  ,0,0,0,0,0,0,0,0,0,13000,0,0,0,55000,42000,13000,13000
064617,台光電元大01購01,0,0,0,0,0,0,0,0,0,13000,0,0,0,83000,70000,13000,13000
065183,和大統一01購03  ,0,0,0,0,0,0,0,0,0,13000,0,0,0,13000,0,13000,13000
065058,東元群益9C購01  ,0,0,0,0,0,0,0,0,0,13000,0,0,0,50000,37000,13000,13000
066824,旺宏群益02購01  ,0,30000,-30000,0,0,0,0,0,0,43000,0,0,0,43000,0,43000,13000
066700,瑞昱群益01購01  ,0,0,0,0,0,0,0,0,0,13000,0,0,0,115000,102000,13000,13000
066897,京元電康和01購01,0,0,0,0,0,0,0,0,0,13000,0,0,0,153000,140000,13000,13000
07609P,台灣50國票9C售04,0,0,0,0,0,0,0,0,0,13000,0,0,0,13000,0,13000,13000
07767P,華新科群益9A售07,0,0,0,0,0,0,0,0,0,13000,0,0,0,113000,100000,13000,13000
069517,敦泰凱基02購01  ,0,0,0,0,0,0,0,0,0,12000,0,0,0,12000,0,12000,12000
069865,台泥群益03購01  ,0,0,0,0,0,0,0,0,0,12000,0,0,0,72000,60000,12000,12000
069553,臻鼎元大02購02  ,0,0,0,0,0,0,0,0,0,12000,0,0,0,180000,168000,12000,12000
069579,中興電永豐02購01,0,0,0,0,0,0,0,0,0,12000,0,0,0,19000,7000,12000,12000
07046P,大立光富邦9C售03,0,0,0,0,0,0,0,0,0,12000,0,0,0,22000,10000,12000,12000
07047P,S&P500中信9B售02,0,0,0,0,0,0,0,0,0,12000,0,0,0,12000,0,12000,12000
068460,健策國票03購02  ,0,0,0,0,0,0,0,0,0,12000,0,0,0,14000,2000,12000,12000
067630,大成鋼永豐01購01,0,0,0,0,0,0,0,0,0,12000,0,0,0,12000,0,12000,12000
03007P,玉晶光永豐01售01,0,0,0,0,0,0,0,0,0,12000,0,0,0,38000,26000,12000,12000
03545P,可成群益03售02  ,0,0,0,0,0,0,0,0,0,12000,0,0,0,12000,0,12000,12000
03270P,台灣50群益02售07,0,0,0,0,0,0,0,0,0,12000,0,0,0,12000,0,12000,12000
057986,華新科元富99購05,0,0,0,0,0,0,0,0,0,12000,0,0,0,12000,0,12000,12000
057494,玉晶光元大99購09,0,0,0,0,0,0,0,0,0,12000,0,0,0,91000,79000,12000,12000
057546,台積電凱基02購01,0,0,0,0,0,0,0,0,0,12000,0,0,0,12000,0,12000,12000
063499,金像電永豐9B購03,0,0,0,0,0,0,0,0,0,12000,0,0,0,13000,1000,12000,12000
063501,旭富永豐9B購02  ,0,0,0,0,0,0,0,0,0,12000,0,0,0,12000,0,12000,12000
056906,玉晶光元大9B購01,0,0,0,0,0,0,0,0,0,12000,0,0,0,59000,47000,12000,12000
060167,禾聯碩永豐9A購01,0,0,0,0,0,0,0,0,0,12000,0,0,0,14000,2000,12000,12000
058656,燿華中信99購01  ,0,0,0,0,0,0,0,0,0,12000,0,0,0,12000,0,12000,12000
064758,可成凱基02購02  ,0,0,0,0,0,0,0,0,0,12000,0,0,0,12000,0,12000,12000
064470,世紀鋼元富03購01,0,0,0,0,0,0,0,0,0,12000,0,0,0,33000,21000,12000,12000
064667,大立光元大02購01,0,0,0,0,0,0,0,0,0,12000,0,0,0,50000,38000,12000,12000
064655,聚陽元大9C購02  ,0,0,0,0,0,0,0,0,0,12000,0,0,0,12000,0,12000,12000
064332,聯發科元大01購01,0,0,0,0,0,0,0,0,0,12000,0,0,0,20000,8000,12000,12000
061305,帆宣永豐9A購01  ,0,0,0,0,0,0,0,0,0,12000,0,0,0,17000,5000,12000,12000
062721,美律凱基9B購02  ,0,0,0,0,0,0,0,0,0,12000,0,0,0,32000,20000,12000,12000
062601,富邦金台新9B購01,0,0,0,0,0,0,0,0,0,12000,0,0,0,114000,102000,12000,12000
062495,友達中信01購02  ,0,0,0,0,0,0,0,0,0,12000,0,0,0,12000,0,12000,12000
062533,嘉澤統一9C購01  ,0,0,0,0,0,0,0,0,0,12000,0,0,0,12000,0,12000,12000
062845,微星富邦01購01  ,0,0,0,0,0,0,0,0,0,12000,0,0,0,17000,5000,12000,12000
064081,國產中信06購01  ,0,0,0,0,0,0,0,0,0,12000,0,0,0,23000,11000,12000,12000
063582,瑞祺國泰9C購01  ,0,0,0,0,0,0,0,0,0,12000,0,0,0,32000,20000,12000,12000
063597,健策中信9B購02  ,0,0,0,0,0,0,0,0,0,12000,0,0,0,37000,25000,12000,12000
067222,申豐元大01購01  ,0,0,0,0,0,0,0,0,0,12000,0,0,0,42000,30000,12000,12000
067161,嘉澤國票02購01  ,0,0,0,0,0,0,0,0,0,12000,0,0,0,54000,42000,12000,12000
067239,聯陽群益01購01  ,0,0,0,0,0,0,0,0,0,12000,0,0,0,12000,0,12000,12000
067473,旺宏元大02購01  ,0,0,0,0,0,0,0,0,0,12000,0,0,0,95000,83000,12000,12000
06750P,聯發科元富02售03,0,0,0,0,0,0,0,0,0,12000,0,0,0,12000,0,12000,12000
066616,創意康和01購01  ,0,0,0,0,0,0,0,0,0,12000,0,0,0,46000,34000,12000,12000
066802,亞光凱基02購01  ,0,0,0,0,0,0,0,0,0,12000,0,0,0,12000,0,12000,12000
065317,上銀凱基9C購03  ,0,0,0,0,0,0,0,0,0,12000,0,0,0,48000,36000,12000,12000
065485,巨大元大9C購02  ,0,0,0,0,0,0,0,0,0,12000,0,0,0,124000,112000,12000,12000
065928,創意國票02購01  ,0,0,0,0,0,0,0,0,0,12000,0,0,0,26000,14000,12000,12000
07904P,聯發科群益9B售05,0,0,0,0,0,0,0,0,0,12000,0,0,0,12000,0,12000,12000
07693P,群創元大9B售10  ,0,0,0,0,0,0,0,0,0,12000,0,0,0,12000,0,12000,12000
08649P,聯發科元大9C售21,0,0,0,0,0,0,0,0,0,12000,0,0,0,149000,137000,12000,12000
08723P,臺股指元大01售04,0,0,0,0,0,0,0,0,0,12000,0,0,0,22000,10000,12000,12000
08742P,友達凱基01售02  ,0,0,0,0,0,0,0,0,0,12000,0,0,0,62000,50000,12000,12000
067834,台積電統一03購04,0,0,0,0,0,0,0,0,0,11000,0,0,0,11000,0,11000,11000
067866,可成元大01購09  ,0,0,0,0,0,0,0,0,0,11000,0,0,0,73000,62000,11000,11000
068102,晶豪科永豐01購01,0,0,0,0,0,0,0,0,0,11000,0,0,0,13000,2000,11000,11000
068049,玉晶光統一01購13,0,0,0,0,0,0,0,0,0,11000,0,0,0,11000,0,11000,11000
067958,中磊永豐01購01  ,0,0,0,0,0,0,0,0,0,11000,0,0,0,26000,15000,11000,11000
068780,國揚國票03購01  ,0,0,0,0,0,0,0,0,0,11000,0,0,0,11000,0,11000,11000
068797,茂林凱基02購01  ,0,0,0,0,0,0,0,0,0,11000,0,0,0,11000,0,11000,11000
069700,TPK元富03購02   ,0,0,0,0,0,0,0,0,0,11000,0,0,0,11000,0,11000,11000
069743,華碩永豐02購01  ,0,0,0,0,0,0,0,0,0,11000,0,0,0,11000,0,11000,11000
069417,玉晶光統一03購05,0,0,0,0,0,0,0,0,0,11000,0,0,0,11000,0,11000,11000
069236,玉晶光康和08購01,0,0,0,0,0,0,0,0,0,11000,0,0,0,21000,10000,11000,11000
069069,大立光麥證02購01,0,0,0,24000,13000,11000,0,0,0,11000,0,0,0,24000,13000,11000,11000
069116,金像電群益02購02,0,0,0,0,0,0,0,0,0,11000,0,0,0,11000,0,11000,11000
058625,旺宏國票9A購01  ,0,0,0,0,0,0,0,0,0,11000,0,0,0,11000,0,11000,11000
057954,宏碁元大99購01  ,0,0,0,0,0,0,0,0,0,11000,0,0,0,11000,0,11000,11000
059261,華邦電中信01購01,0,0,0,0,0,0,0,0,0,11000,0,0,0,11000,0,11000,11000
03542P,可成永豐02售02  ,0,0,0,0,0,0,0,0,0,11000,0,0,0,80000,69000,11000,11000
059875,信邦凱基99購02  ,0,0,0,0,0,0,0,0,0,11000,0,0,0,11000,0,11000,11000
03101P,GIS凱基01售04   ,0,0,0,0,0,0,0,0,0,11000,0,0,0,19000,8000,11000,11000
03032P,華通國票03售01  ,0,0,0,0,0,0,0,0,0,11000,0,0,0,120000,109000,11000,11000
056095,臻鼎元富9A購01  ,0,0,0,0,0,0,0,0,0,11000,0,0,0,16000,5000,11000,11000
00660,元大歐洲50      ,0,0,0,0,0,0,0,0,0,11000,0,0,0,13000,2000,11000,11000
03188P,聯發科元大01售34,0,0,0,0,0,0,0,0,0,11000,0,0,0,30000,19000,11000,11000
064134,瑞祺元大9C購02  ,0,0,0,0,0,0,0,0,0,11000,0,0,0,11000,0,11000,11000
063195,訊連元富9B購01  ,0,0,0,0,0,0,0,0,0,11000,0,0,0,11000,0,11000,11000
064117,中興電元大9C購01,0,0,0,0,0,0,0,0,0,11000,0,0,0,12000,1000,11000,11000
063825,道瓊銀國票01購01,0,0,0,0,0,0,0,0,0,11000,0,0,0,11000,0,11000,11000
063911,大立光凱基9C購03,0,0,0,0,0,0,0,0,0,11000,0,0,0,61000,50000,11000,11000
064010,GIS凱基02購01   ,0,0,0,0,0,0,0,0,0,11000,0,0,0,83000,72000,11000,11000
061468,神達群益9A購01  ,0,0,0,0,0,0,0,0,0,11000,0,0,0,11000,0,11000,11000
061664,上銀中信9A購01  ,0,0,0,0,0,0,0,0,0,11000,0,0,0,20000,9000,11000,11000
061091,奇力新統一9C購02,0,0,0,0,0,0,0,0,0,11000,0,0,0,11000,0,11000,11000
062967,上銀元富9B購01  ,0,0,0,0,0,0,0,0,0,11000,0,0,0,76000,65000,11000,11000
064387,GIS富邦9C購01   ,0,0,0,0,0,0,0,0,0,11000,0,0,0,11000,0,11000,11000
06438P,玉晶光國票99售02,0,0,0,0,0,0,0,0,0,11000,0,0,0,11000,0,11000,11000
064391,亞德客永豐9C購01,0,0,0,0,0,0,0,0,0,11000,0,0,0,11000,0,11000,11000
064469,臻鼎元富9C購01  ,0,0,0,0,0,0,0,0,0,11000,0,0,0,120000,109000,11000,11000
064715,和大統一02購03  ,0,0,0,0,0,0,0,0,0,11000,0,0,0,11000,0,11000,11000
064709,瑞祺永豐9C購01  ,0,0,0,0,0,0,0,0,0,11000,0,0,0,22000,11000,11000,11000
066160,美利達康和01購01,0,0,0,0,0,0,0,0,0,11000,0,0,0,61000,50000,11000,11000
065619,金融類元大9C購02,0,0,0,0,0,0,0,0,0,11000,0,0,0,11000,0,11000,11000
065700,京元電群益9C購01,0,0,0,0,0,0,0,0,0,11000,0,0,0,22000,11000,11000,11000
065310,華擎國票01購01  ,0,0,0,0,0,0,0,0,0,11000,0,0,0,11000,0,11000,11000
065227,金像電凱基9C購01,0,0,0,0,0,0,0,0,0,11000,0,0,0,157000,146000,11000,11000
064928,同欣電統一01購02,0,0,0,0,0,0,0,0,0,11000,0,0,0,11000,0,11000,11000
064864,金像電永豐01購01,0,0,0,0,0,0,0,0,0,11000,0,0,0,11000,0,11000,11000
064845,華通元富9C購02  ,0,0,0,0,0,0,0,0,0,11000,0,0,0,17000,6000,11000,11000
064700,致新群益9C購02  ,0,0,0,0,0,0,0,0,0,11000,0,0,0,43000,32000,11000,11000
066381,景碩康和01購01  ,0,0,0,0,0,0,0,0,0,11000,0,0,0,98000,87000,11000,11000
067364,緯穎群益01購05  ,0,0,0,0,0,0,0,0,0,11000,0,0,0,11000,0,11000,11000
067184,聯發科凱基01購13,0,0,0,0,0,0,0,0,0,11000,0,0,0,31000,20000,11000,11000
067091,台虹元大01購02  ,0,0,0,0,0,0,0,0,0,11000,0,0,0,39000,28000,11000,11000
07424P,大立光元大9B售01,0,0,0,0,0,0,0,0,0,11000,0,0,0,11000,0,11000,11000
07869P,台灣50群益9C售04,0,0,0,0,0,0,0,0,0,11000,0,0,0,11000,0,11000,11000
07983P,茂林群益9B售03  ,0,0,0,0,0,0,0,0,0,11000,0,0,0,70000,59000,11000,11000
8081,致新            ,870000,590759,279241,0,0,0,0,216000,-216000,-53000,0,1000,-1000,6000,58000,-52000,10241
069088,南電凱基03購01  ,0,0,0,0,0,0,0,0,0,10000,0,0,0,148000,138000,10000,10000
069142,聯發科永豐02購02,0,0,0,0,0,0,0,0,0,10000,0,0,0,24000,14000,10000,10000
06914P,南茂元大98售03  ,0,0,0,0,0,0,0,0,0,10000,0,0,0,10000,0,10000,10000
068885,健鼎統一02購06  ,0,0,0,0,0,0,0,0,0,10000,0,0,0,10000,0,10000,10000
069035,可成統一02購02  ,0,0,0,0,0,0,0,0,0,10000,0,0,0,42000,32000,10000,10000
069365,南六永豐02購02  ,0,0,0,0,0,0,0,0,0,10000,0,0,0,10000,0,10000,10000
069330,臺指反群益02購05,0,0,0,0,0,0,0,0,0,10000,0,0,0,10000,0,10000,10000
069452,南六統一02購05  ,0,0,0,0,0,0,0,0,0,10000,0,0,0,10000,0,10000,10000
069432,華新科群益02購04,0,0,0,0,0,0,0,0,0,10000,0,0,0,10000,0,10000,10000
069388,松翰元大02購01  ,0,0,0,0,0,0,0,0,0,10000,0,0,0,10000,0,10000,10000
069523,南六凱基02購04  ,0,0,0,0,0,0,0,0,0,10000,0,0,0,10000,0,10000,10000
069745,欣興永豐02購08  ,0,0,0,0,0,0,0,0,0,10000,0,0,0,10000,0,10000,10000
069776,創意元大02購04  ,0,0,0,0,0,0,0,0,0,10000,0,0,0,86000,76000,10000,10000
069842,國揚群益03購02  ,0,0,0,0,0,0,0,0,0,10000,0,0,0,10000,0,10000,10000
069581,宏碁永豐02購01  ,0,0,0,0,0,0,0,0,0,10000,0,0,0,10000,0,10000,10000
069670,聯電元大02購17  ,0,0,0,0,0,0,0,0,0,10000,0,0,0,10000,0,10000,10000
069682,聯發科元大02購21,0,0,0,0,0,0,0,0,0,10000,0,0,0,60000,50000,10000,10000
069652,京元電凱基02購02,0,0,0,0,0,0,0,0,0,10000,0,0,0,15000,5000,10000,10000
07080P,健策群益9A售01  ,0,0,0,0,0,0,0,0,0,10000,0,0,0,10000,0,10000,10000
07288P,台灣50凱基99售06,0,0,0,0,0,0,0,0,0,10000,0,0,0,10000,0,10000,10000
069944,T50反1台新04購02,0,0,0,0,0,0,0,0,0,10000,0,0,0,60000,50000,10000,10000
07011P,宏達電凱基99售02,0,0,0,0,0,0,0,0,0,10000,0,0,0,10000,0,10000,10000
070029,貿聯國票03購01  ,0,0,0,0,0,0,0,0,0,10000,0,0,0,10000,0,10000,10000
069990,聯發科兆豐03購04,0,0,0,0,0,0,0,0,0,10000,0,0,0,10000,0,10000,10000
068707,玉山金國票03購01,0,0,0,0,0,0,0,0,0,10000,0,0,0,10000,0,10000,10000
068463,聯發科富邦03購07,0,0,0,0,0,0,0,0,0,10000,0,0,0,110000,100000,10000,10000
068427,儒鴻凱基01購01  ,0,0,0,0,0,0,0,0,0,10000,0,0,0,10000,0,10000,10000
068354,燿華凱基01購03  ,0,0,0,0,0,0,0,0,0,10000,0,0,0,10000,0,10000,10000
068244,國巨元大01購15  ,0,0,0,0,0,0,0,0,0,10000,0,0,0,10000,0,10000,10000
067910,玉晶光國泰03購03,0,0,0,0,0,0,0,0,0,10000,0,0,0,10000,0,10000,10000
068093,達欣工群益01購01,0,0,0,0,0,0,0,0,0,10000,0,0,0,110000,100000,10000,10000
067786,緯創群益04購01  ,0,0,0,0,0,0,0,0,0,10000,0,0,0,10000,0,10000,10000
067587,欣興群益01購03  ,0,0,0,0,0,0,0,0,0,10000,0,0,0,10000,0,10000,10000
067708,華新科元富01購01,0,0,0,0,0,0,0,0,0,10000,0,0,0,10000,0,10000,10000
067719,旺宏凱基01購03  ,0,0,0,0,0,0,0,0,0,10000,0,0,0,25000,15000,10000,10000
067668,金像電元大01購02,0,0,0,0,0,0,0,0,0,10000,0,0,0,10000,0,10000,10000
03136P,大立光康和01售01,0,0,0,0,0,0,0,0,0,10000,0,0,0,10000,0,10000,10000
03220P,台灣50凱基04售14,0,0,0,0,0,0,0,0,0,10000,0,0,0,10000,0,10000,10000
03131P,南亞科元富07售02,0,0,0,0,0,0,0,0,0,10000,0,0,0,285000,275000,10000,10000
03067P,南亞科群益01售01,10000,0,10000,0,0,0,0,0,0,0,0,0,0,75000,75000,0,10000
056011,矽力中信99購01  ,0,0,0,0,0,0,0,0,0,10000,0,0,0,10000,0,10000,10000
050378,上証2X群益98購02,0,0,0,0,0,0,0,0,0,10000,0,0,0,10000,0,10000,10000
056219,T50反1日盛02購01,0,0,0,0,0,0,0,0,0,10000,0,0,0,10000,0,10000,10000
054223,大立光統一98購04,0,0,0,0,0,0,0,0,0,10000,0,0,0,10000,0,10000,10000
054375,貿聯中信99購01  ,0,0,0,0,0,0,0,0,0,10000,0,0,0,20000,10000,10000,10000
055782,新日興凱基99購01,0,0,0,0,0,0,0,0,0,10000,0,0,0,10000,0,10000,10000
055003,群創元富99購05  ,0,0,0,0,0,0,0,0,0,10000,0,0,0,10000,0,10000,10000
054103,T50反1凱基99購04,0,0,0,0,0,0,0,0,0,10000,0,0,0,10000,0,10000,10000
059848,智邦永豐99購01  ,0,0,0,0,0,0,0,0,0,10000,0,0,0,10000,0,10000,10000
059889,華新科國票99購04,0,0,0,0,0,0,0,0,0,10000,0,0,0,10000,0,10000,10000
058428,大立光元富99購02,0,0,0,0,0,0,0,0,0,10000,0,0,0,10000,0,10000,10000
058351,上銀凱基9A購02  ,0,0,0,0,0,0,0,0,0,10000,0,0,0,10000,0,10000,10000
036630,玉山金台新99購01,0,0,0,0,0,0,0,0,0,10000,0,0,0,10000,0,10000,10000
059755,宏達電國泰9A購01,0,0,0,0,0,0,0,0,0,10000,0,0,0,10000,0,10000,10000
059778,上証2X元大9C購03,0,0,0,0,0,0,0,0,0,10000,0,0,0,10000,0,10000,10000
03283P,台灣50群益03售03,0,0,0,0,0,0,0,0,0,10000,0,0,0,10000,0,10000,10000
056498,A50正2富邦9B購01,0,0,0,0,0,0,0,0,0,10000,0,0,0,14000,4000,10000,10000
056547,臻鼎凱基99購01  ,0,0,0,0,0,0,0,0,0,10000,0,0,0,10000,0,10000,10000
056356,台積電元大99購01,0,0,0,0,0,0,0,0,0,10000,0,0,0,10000,0,10000,10000
03426P,道瓊銀元大03售05,0,0,0,0,0,0,0,0,0,10000,0,0,0,40000,30000,10000,10000
059198,華新科永豐99購06,0,0,0,0,0,0,0,0,0,10000,0,0,0,10000,0,10000,10000
059296,大立光元富99購06,0,0,0,0,0,0,0,0,0,10000,0,0,0,47000,37000,10000,10000
059129,麗豐中信99購01  ,0,0,0,0,0,0,0,0,0,10000,0,0,0,20000,10000,10000,10000
059154,可成日盛99購02  ,0,0,0,0,0,0,0,0,0,10000,0,0,0,10000,0,10000,10000
059640,聯詠凱基99購04  ,0,0,0,0,0,0,0,0,0,10000,0,0,0,10000,0,10000,10000
059629,友達凱基99購06  ,0,0,0,0,0,0,0,0,0,10000,0,0,0,10000,0,10000,10000
058455,玉晶光永豐99購03,0,0,0,0,0,0,0,0,0,10000,0,0,0,12000,2000,10000,10000
058600,國巨元大99購15  ,0,0,0,0,0,0,0,0,0,10000,0,0,0,257000,247000,10000,10000
058549,藍天永豐99購01  ,0,0,0,0,0,0,0,0,0,10000,0,0,0,10000,0,10000,10000
057947,和碩國票99購01  ,0,0,0,0,0,0,0,0,0,10000,0,0,0,13000,3000,10000,10000
057930,旺宏群益99購04  ,0,0,0,0,0,0,0,0,0,10000,0,0,0,10000,0,10000,10000
057792,群創統一99購01  ,0,0,0,0,0,0,0,0,0,10000,0,0,0,12000,2000,10000,10000
057726,華通國泰9A購01  ,0,0,0,0,0,0,0,0,0,10000,0,0,0,10000,0,10000,10000
057567,嘉聯益富邦9A購01,0,0,0,0,0,0,0,0,0,10000,0,0,0,10000,0,10000,10000
060016,廣達康和99購01  ,0,0,0,0,0,0,0,0,0,10000,0,0,0,10000,0,10000,10000
060624,玉晶光元大9C購02,0,0,0,0,0,0,0,0,0,10000,0,0,0,25000,15000,10000,10000
060585,玉晶光元富9A購02,0,0,0,0,0,0,0,0,0,10000,0,0,0,10000,0,10000,10000
057222,鴻海國票99購04  ,0,0,0,0,0,0,0,0,0,10000,0,0,0,10000,0,10000,10000
058739,喬山中信99購01  ,0,0,0,0,0,0,0,0,0,10000,0,0,0,30000,20000,10000,10000
058691,友訊國票9A購01  ,0,0,0,0,0,0,0,0,0,10000,0,0,0,10000,0,10000,10000
058216,TPK群益99購01   ,0,0,0,0,0,0,0,0,0,10000,0,0,0,20000,10000,10000,10000
059051,和大凱基9A購01  ,0,0,0,0,0,0,0,0,0,10000,0,0,0,10000,0,10000,10000
058958,台表科國票9A購03,0,0,0,0,0,0,0,0,0,10000,0,0,0,10000,0,10000,10000
058901,美律元大99購07  ,0,0,0,0,0,0,0,0,0,10000,0,0,0,10000,0,10000,10000
058857,元油2X日盛99購02,0,0,0,0,0,0,0,0,0,10000,0,0,0,10000,0,10000,10000
058822,樺漢國泰9B購01  ,0,0,0,0,0,0,0,0,0,10000,0,0,0,10000,0,10000,10000
05892P,大立光中信98售03,0,0,0,0,0,0,0,0,0,10000,0,0,0,10000,0,10000,10000
060967,鈺齊凱基9A購02  ,0,0,0,0,0,0,0,0,0,10000,0,0,0,10000,0,10000,10000
060995,泰鼎元大9A購03  ,0,0,0,0,0,0,0,0,0,10000,0,0,0,10000,0,10000,10000
061898,茂林永豐9B購01  ,0,0,0,0,0,0,0,0,0,10000,0,0,0,10000,0,10000,10000
061932,上銀國票9B購01  ,0,0,0,0,0,0,0,0,0,10000,0,0,0,48000,38000,10000,10000
062730,致伸凱基9B購01  ,0,0,0,0,0,0,0,0,0,10000,0,0,0,20000,10000,10000,10000
062781,微星元大9C購01  ,0,0,0,0,0,0,0,0,0,10000,0,0,0,10000,0,10000,10000
06461P,玉晶光國泰9A售01,0,0,0,0,0,0,0,0,0,10000,0,0,0,10000,0,10000,10000
06458P,玉晶光統一9A售02,0,0,0,0,0,0,0,0,0,10000,0,0,0,30000,20000,10000,10000
064713,和大統一02購01  ,0,0,0,0,0,0,0,0,0,10000,0,0,0,10000,0,10000,10000
064489,宏碁元大9C購01  ,0,0,0,0,0,0,0,0,0,10000,0,0,0,20000,10000,10000,10000
064668,大立光元大9C購21,0,0,0,0,0,0,0,0,0,10000,0,0,0,20000,10000,10000,10000
06466P,台積電統一9B售01,0,0,0,0,0,0,0,0,0,10000,0,0,0,81000,71000,10000,10000
064687,國巨群益9C購10  ,0,0,0,0,0,0,0,0,0,10000,0,0,0,10000,0,10000,10000
064395,華新科永豐9C購02,0,0,0,0,0,0,0,0,0,10000,0,0,0,30000,20000,10000,10000
064406,健策凱基03購01  ,0,0,0,0,0,0,0,0,0,10000,0,0,0,53000,43000,10000,10000
064430,鴻海凱基03購04  ,0,0,0,0,0,0,0,0,0,10000,0,0,0,10000,0,10000,10000
064422,聯發科兆豐01購02,0,0,0,0,0,0,0,0,0,10000,0,0,0,10000,0,10000,10000
061311,元黃金凱基9A購03,0,0,0,0,0,0,0,0,0,10000,0,0,0,10000,0,10000,10000
062183,奇鋐元大9B購01  ,0,0,0,0,0,0,0,0,0,10000,0,0,0,10000,0,10000,10000
063099,臺指反群益9B購05,0,0,0,0,0,0,0,0,0,10000,0,0,0,10000,0,10000,10000
063039,大立光凱基9C購02,0,0,0,0,0,0,0,0,0,10000,0,0,0,40000,30000,10000,10000
061253,臺股指群益9A購04,0,0,0,0,0,0,0,0,0,10000,0,0,0,10000,0,10000,10000
063024,祥碩元大9B購05  ,0,0,0,0,0,0,0,0,0,10000,0,0,0,10000,0,10000,10000
062068,滬深2X元大9B購02,0,0,0,0,0,0,0,0,0,10000,0,0,0,35000,25000,10000,10000
062520,晶豪科元大9B購02,20000,0,20000,0,0,0,0,0,0,-10000,0,0,0,10000,20000,-10000,10000
062630,全新國票9B購02  ,0,0,0,0,0,0,0,0,0,10000,0,0,0,10000,0,10000,10000
062654,技嘉永豐9B購01  ,0,0,0,0,0,0,0,0,0,10000,0,0,0,10000,0,10000,10000
060816,世紀鋼凱基9C購02,0,0,0,0,0,0,0,0,0,10000,0,0,0,10000,0,10000,10000
060799,茂林永豐9A購01  ,0,0,0,0,0,0,0,0,0,10000,0,0,0,10000,0,10000,10000
060729,國巨群益9A購05  ,0,0,0,0,0,0,0,0,0,10000,0,0,0,10000,0,10000,10000
061178,晶技凱基9B購01  ,0,0,0,0,0,0,0,0,0,10000,0,0,0,34000,24000,10000,10000
061132,志超永豐9A購01  ,0,0,0,0,0,0,0,0,0,10000,0,0,0,10000,0,10000,10000
063716,旺宏兆豐9B購01  ,0,0,0,0,0,0,0,0,0,10000,0,0,0,10000,0,10000,10000
060845,欣興國票9A購01  ,0,0,0,0,0,0,0,0,0,10000,0,0,0,10000,0,10000,10000
063768,華新科國泰9C購03,0,0,0,0,0,0,0,0,0,10000,0,0,0,10000,0,10000,10000
061680,崇越元大9A購01  ,0,0,0,0,0,0,0,0,0,10000,0,0,0,10000,0,10000,10000
061027,儒鴻永豐9A購02  ,0,0,0,0,0,0,0,0,0,10000,0,0,0,26000,16000,10000,10000
061397,上銀台新9A購01  ,0,0,0,0,0,0,0,0,0,10000,0,0,0,10000,0,10000,10000
061437,燿華凱基9A購01  ,0,0,0,0,0,0,0,0,0,10000,0,0,0,10000,0,10000,10000
061660,禾伸堂永豐9A購01,0,0,0,0,0,0,0,0,0,10000,0,0,0,10000,0,10000,10000
061611,南六統一01購01  ,0,0,0,0,0,0,0,0,0,10000,0,0,0,10000,0,10000,10000
064012,泰碩國票01購02  ,0,0,0,0,0,0,0,0,0,10000,0,0,0,15000,5000,10000,10000
063918,復盛凱基9C購01  ,0,0,0,0,0,0,0,0,0,10000,0,0,0,10000,0,10000,10000
063695,上銀第一9B購01  ,0,0,0,0,0,0,0,0,0,10000,0,0,0,10000,0,10000,10000
064091,台郡凱基01購01  ,0,0,0,0,0,0,0,0,0,10000,0,0,0,10000,0,10000,10000
064094,達新群益9C購01  ,0,0,0,0,0,0,0,0,0,10000,0,0,0,10000,0,10000,10000
064265,嘉聯益永豐9C購02,0,0,0,0,0,0,0,0,0,10000,0,0,0,19000,9000,10000,10000
063224,泰鼎群益9B購02  ,0,0,0,0,0,0,0,0,0,10000,0,0,0,15000,5000,10000,10000
063478,GIS元大9B購03   ,0,0,0,0,0,0,0,0,0,10000,0,0,0,10000,0,10000,10000
063252,緯穎元大9B購07  ,0,0,0,0,0,0,0,0,0,10000,0,0,0,10000,0,10000,10000
063284,大立光元大9B購07,0,0,0,0,0,0,0,0,0,10000,0,0,0,10000,0,10000,10000
063298,統一凱基9B購01  ,0,0,0,0,0,0,0,0,0,10000,0,0,0,130000,120000,10000,10000
063369,聚陽永豐9B購01  ,0,0,0,0,0,0,0,0,0,10000,0,0,0,15000,5000,10000,10000
067089,瑞祺元大01購04  ,0,0,0,0,0,0,0,0,0,10000,0,0,0,20000,10000,10000,10000
067214,聯陽元大01購02  ,0,0,0,0,0,0,0,0,0,10000,0,0,0,381000,371000,10000,10000
066929,國巨國票02購03  ,0,0,0,0,0,0,0,0,0,10000,0,0,0,10000,0,10000,10000
067048,聯詠凱基02購02  ,0,0,0,0,0,0,0,0,0,10000,0,0,0,10000,0,10000,10000
067020,臺指反中信03購02,0,0,0,0,0,0,0,0,0,10000,0,0,0,10000,0,10000,10000
066983,禾伸堂群益01購01,0,0,0,0,0,0,0,0,0,10000,0,0,0,10000,0,10000,10000
067362,眾達群益01購02  ,0,0,0,0,0,0,0,0,0,10000,0,0,0,60000,50000,10000,10000
067527,遠東新群益01購01,0,0,0,0,0,0,0,0,0,10000,0,0,0,10000,0,10000,10000
066457,可成統一02購01  ,0,0,0,0,0,0,0,0,0,10000,0,0,0,12000,2000,10000,10000
066493,美利達元富01購01,0,0,0,0,0,0,0,0,0,10000,0,0,0,10000,0,10000,10000
066328,國揚永豐01購01  ,0,0,0,0,0,0,0,0,0,10000,0,0,0,10000,0,10000,10000
066373,美利達中信01購01,0,0,0,0,0,0,0,0,0,10000,0,0,0,23000,13000,10000,10000
066831,亞光群益01購01  ,0,0,0,0,0,0,0,0,0,10000,0,0,0,10000,0,10000,10000
066863,上証2X元富07購01,0,0,0,0,0,0,0,0,0,10000,0,0,0,10000,0,10000,10000
064856,GIS國泰02購01   ,0,0,0,0,0,0,0,0,0,10000,0,0,0,86000,76000,10000,10000
064831,宏達電統一02購01,0,0,0,0,0,0,0,0,0,10000,0,0,0,20000,10000,10000,10000
064839,旭富統一9C購01  ,0,0,0,0,0,0,0,0,0,10000,0,0,0,10000,0,10000,10000
064929,台表科統一02購03,0,0,0,0,0,0,0,0,0,10000,0,0,0,10000,0,10000,10000
064920,景碩統一01購02  ,0,0,0,0,0,0,0,0,0,10000,0,0,0,12000,2000,10000,10000
06490P,鴻海富邦99售02  ,0,0,0,0,0,0,0,0,0,10000,0,0,0,10000,0,10000,10000
065059,神隆群益9C購01  ,0,0,0,0,0,0,0,0,0,10000,0,0,0,21000,11000,10000,10000
065203,FBVIX國票9C購01 ,0,0,0,0,0,0,0,0,0,10000,0,0,0,10000,0,10000,10000
065151,國巨群益9C購13  ,0,0,0,0,0,0,0,0,0,10000,0,0,0,15000,5000,10000,10000
065159,臻鼎群益9C購02  ,0,0,0,0,0,0,0,0,0,10000,0,0,0,61000,51000,10000,10000
065299,燿華元富9C購02  ,0,0,0,0,0,0,0,0,0,10000,0,0,0,10000,0,10000,10000
065512,友訊群益01購01  ,0,0,0,0,0,0,0,0,0,10000,0,0,0,38000,28000,10000,10000
065344,瑞昱統一01購05  ,0,0,0,0,0,0,0,0,0,10000,0,0,0,10000,0,10000,10000
065724,國巨凱基9C購11  ,0,0,0,0,0,0,0,0,0,10000,0,0,0,10000,0,10000,10000
065622,鴻海中信06購01  ,0,0,0,0,0,0,0,0,0,10000,0,0,0,15000,5000,10000,10000
065626,華新科兆豐9C購02,0,0,0,0,0,0,0,0,0,10000,0,0,0,10000,0,10000,10000
065685,同欣電統一01購04,0,0,0,0,0,0,0,0,0,10000,0,0,0,26000,16000,10000,10000
065663,凌華永豐9C購01  ,0,0,0,0,0,0,0,0,0,10000,0,0,0,10000,0,10000,10000
066150,國巨麥證01購02  ,0,0,0,10000,0,10000,0,0,0,10000,0,0,0,10000,0,10000,10000
065947,國巨統一02購03  ,0,0,0,0,0,0,0,0,0,10000,0,0,0,20000,10000,10000,10000
065885,神達元富9C購01  ,0,0,0,0,0,0,0,0,0,10000,0,0,0,10000,0,10000,10000
065896,智易統一02購01  ,0,0,0,0,0,0,0,0,0,10000,0,0,0,10000,0,10000,10000
066032,矽格群益01購01  ,0,0,0,0,0,0,0,0,0,10000,0,0,0,34000,24000,10000,10000
6666,羅麗芬-KY       ,16000,6000,10000,0,0,0,0,0,0,0,0,0,0,0,0,0,10000
08048P,臺股指國票9B售13,0,0,0,0,0,0,0,0,0,10000,0,0,0,10000,0,10000,10000
08116P,臺股指凱基9B售17,0,0,0,0,0,0,0,0,0,10000,0,0,0,10000,0,10000,10000
08287P,茂林凱基9C售02  ,0,0,0,0,0,0,0,0,0,10000,0,0,0,20000,10000,10000,10000
08335P,香港2X中信03售01,0,0,0,0,0,0,0,0,0,10000,0,0,0,10000,0,10000,10000
08316P,祥碩元大9C售04  ,0,0,0,0,0,0,0,0,0,10000,0,0,0,1649000,1639000,10000,10000
07763P,嘉澤永豐9A售02  ,0,0,0,0,0,0,0,0,0,10000,0,0,0,10000,0,10000,10000
07959P,健策永豐9B售05  ,0,0,0,0,0,0,0,0,0,10000,0,0,0,10000,0,10000,10000
07388P,臺股指群益9C售07,0,0,0,0,0,0,0,0,0,10000,0,0,0,10000,0,10000,10000
07326P,大立光元大99售23,0,0,0,0,0,0,0,0,0,10000,0,0,0,10000,0,10000,10000
07337P,台灣50凱基99售09,0,0,0,0,0,0,0,0,0,10000,0,0,0,10000,0,10000,10000
07413P,國巨元大99售33  ,0,0,0,0,0,0,0,0,0,10000,0,0,0,10000,0,10000,10000
07462P,臺股指元大9B售05,0,0,0,0,0,0,0,0,0,10000,0,0,0,10000,0,10000,10000
07541P,國巨凱基9A售12  ,0,0,0,0,0,0,0,0,0,10000,0,0,0,10000,0,10000,10000
07566P,台積電台新9B售02,0,0,0,0,0,0,0,0,0,10000,0,0,0,10000,0,10000,10000
08841P,A50正2中信03售02,0,0,0,0,0,0,0,0,0,10000,0,0,0,10000,0,10000,10000
08896P,台灣50群益01售10,0,0,0,0,0,0,0,0,0,10000,0,0,0,129000,119000,10000,10000
08706P,台積電統一02售04,0,0,0,0,0,0,0,0,0,10000,0,0,0,10000,0,10000,10000
067615,鈺齊凱基01購01  ,0,0,0,0,0,0,0,0,0,9000,0,0,0,9000,0,9000,9000
067638,台積電統一03購02,0,0,0,0,0,0,0,0,0,9000,0,0,0,10000,1000,9000,9000
067758,儒鴻永豐01購01  ,0,0,0,0,0,0,0,0,0,9000,0,0,0,9000,0,9000,9000
067889,大毅群益01購03  ,0,0,0,0,0,0,0,0,0,9000,0,0,0,22000,13000,9000,9000
06855P,聯發科富邦9A售01,0,0,0,0,0,0,0,0,0,9000,0,0,0,9000,0,9000,9000
069991,國產兆豐03購01  ,0,0,0,0,0,0,0,0,0,9000,0,0,0,15000,6000,9000,9000
07217P,大立光凱基9A售05,0,0,0,0,0,0,0,0,0,9000,0,0,0,10000,1000,9000,9000
069657,緯穎凱基03購03  ,0,0,0,0,0,0,0,0,0,9000,0,0,0,9000,0,9000,9000
069541,華通元大02購06  ,0,0,0,0,0,0,0,0,0,9000,0,0,0,41000,32000,9000,9000
069759,大立光兆豐03購04,0,0,0,0,0,0,0,0,0,9000,0,0,0,11000,2000,9000,9000
069074,長興凱基03購01  ,0,0,0,0,0,0,0,0,0,9000,0,0,0,48000,39000,9000,9000
062776,鴻海元大9B購03  ,0,0,0,0,0,0,0,0,0,9000,0,0,0,10000,1000,9000,9000
060898,世芯凱基9A購03  ,0,0,0,0,0,0,0,0,0,9000,0,0,0,10000,1000,9000,9000
064185,裕隆永豐9C購01  ,0,0,0,0,0,0,0,0,0,9000,0,0,0,24000,15000,9000,9000
058276,道瓊指中信9C購01,0,0,0,0,0,0,0,0,0,9000,0,0,0,9000,0,9000,9000
058259,訊連國泰9B購01  ,0,0,0,0,0,0,0,0,0,9000,0,0,0,22000,13000,9000,9000
057625,泰鼎國泰9A購01  ,0,0,0,0,0,0,0,0,0,9000,0,0,0,9000,0,9000,9000
03523P,南電元大02售09  ,0,0,0,0,0,0,0,0,0,9000,0,0,0,92000,83000,9000,9000
058308,全新元大9B購01  ,0,0,0,0,0,0,0,0,0,9000,0,0,0,9000,0,9000,9000
03558P,矽創元大02售01  ,0,0,0,0,0,0,0,0,0,9000,0,0,0,30000,21000,9000,9000
03346P,聯發科元富03售09,0,0,0,0,0,0,0,0,0,9000,0,0,0,10000,1000,9000,9000
058401,華航元大9A購01  ,0,0,0,0,0,0,0,0,0,9000,0,0,0,9000,0,9000,9000
060252,緯穎元大9A購02  ,0,0,0,0,0,0,0,0,0,9000,0,0,0,98000,89000,9000,9000
03077P,臺股指富邦01售03,0,0,0,0,0,0,0,0,0,9000,0,0,0,60000,51000,9000,9000
056222,台積電凱基9A購01,0,0,0,0,0,0,0,0,0,9000,0,0,0,9000,0,9000,9000
00710B,FH彭博高收益債  ,0,0,0,0,0,0,0,0,0,9000,0,0,0,112000,103000,9000,9000
063389,大立光兆豐9C購02,0,0,0,0,0,0,0,0,0,9000,0,0,0,15000,6000,9000,9000
062832,嘉澤群益9B購02  ,0,0,0,0,0,0,0,0,0,9000,0,0,0,30000,21000,9000,9000
063188,TPK凱基9B購01   ,0,0,0,0,0,0,0,0,0,9000,0,0,0,10000,1000,9000,9000
063577,台表科元大9C購04,0,0,0,0,0,0,0,0,0,9000,0,0,0,9000,0,9000,9000
063626,聚陽元大9B購03  ,0,0,0,0,0,0,0,0,0,9000,0,0,0,10000,1000,9000,9000
064100,義隆群益9C購01  ,0,0,0,0,0,0,0,0,0,9000,0,0,0,9000,0,9000,9000
063811,亞德客群益9C購01,0,0,0,0,0,0,0,0,0,9000,0,0,0,18000,9000,9000,9000
063872,嘉聯益永豐9C購01,0,0,0,0,0,0,0,0,0,9000,0,0,0,10000,1000,9000,9000
063980,智易兆豐9C購02  ,0,0,0,0,0,0,0,0,0,9000,0,0,0,9000,0,9000,9000
061367,瑞祺國票9A購01  ,0,0,0,0,0,0,0,0,0,9000,0,0,0,10000,1000,9000,9000
063714,超眾凱基9B購03  ,0,0,0,0,0,0,0,0,0,9000,0,0,0,45000,36000,9000,9000
060886,國巨統一01購03  ,0,0,0,0,0,0,0,0,0,9000,0,0,0,10000,1000,9000,9000
062524,鴻海統一9C購09  ,0,0,0,0,0,0,0,0,0,9000,0,0,0,10000,1000,9000,9000
062559,嘉晶凱基9B購02  ,0,0,0,0,0,0,0,0,0,9000,0,0,0,11000,2000,9000,9000
064659,台達電元大9C購02,0,0,0,0,0,0,0,0,0,9000,0,0,0,12000,3000,9000,9000
064559,旺宏群益01購02  ,0,0,0,0,0,0,0,0,0,9000,0,0,0,10000,1000,9000,9000
066025,宏達電群益01購01,0,0,0,0,0,0,0,0,0,9000,0,0,0,30000,21000,9000,9000
066104,鎧勝國票02購01  ,0,0,0,0,0,0,0,0,0,9000,0,0,0,9000,0,9000,9000
065716,道瓊反中信03購01,0,0,0,0,0,0,0,0,0,9000,0,0,0,20000,11000,9000,9000
065755,日電貿元大9C購02,0,0,0,0,0,0,0,0,0,9000,0,0,0,50000,41000,9000,9000
065436,力成凱基02購01  ,0,0,0,0,0,0,0,0,0,9000,0,0,0,24000,15000,9000,9000
065473,鴻海元大9C購14  ,0,0,0,0,0,0,0,0,0,9000,0,0,0,9000,0,9000,9000
065150,上銀群益9C購03  ,0,0,0,0,0,0,0,0,0,9000,0,0,0,12000,3000,9000,9000
065032,TPK兆豐01購01   ,0,0,0,0,0,0,0,0,0,9000,0,0,0,10000,1000,9000,9000
064923,牧德統一02購01  ,0,0,0,0,0,0,0,0,0,9000,0,0,0,10000,1000,9000,9000
066827,聯發科群益02購04,0,0,0,0,0,0,0,0,0,9000,0,0,0,12000,3000,9000,9000
066766,嘉澤永豐01購01  ,0,0,0,0,0,0,0,0,0,9000,0,0,0,9000,0,9000,9000
066309,永光永豐01購01  ,0,0,0,0,0,0,0,0,0,9000,0,0,0,50000,41000,9000,9000
067542,旭富群益01購03  ,0,0,0,0,0,0,0,0,0,9000,0,0,0,20000,11000,9000,9000
067416,南紡凱基01購01  ,0,0,0,0,0,0,0,0,0,9000,0,0,0,43000,34000,9000,9000
067251,長興國票01購01  ,0,0,0,0,0,0,0,0,0,9000,0,0,0,11000,2000,9000,9000
067282,金像電國票02購02,0,0,0,0,0,0,0,0,0,9000,0,0,0,49000,40000,9000,9000
067305,國產元大01購02  ,0,0,0,0,0,0,0,0,0,9000,0,0,0,219000,210000,9000,9000
066980,台光電群益01購02,0,0,0,0,0,0,0,0,0,9000,0,0,0,10000,1000,9000,9000
067118,上緯控群益01購01,0,0,0,0,0,0,0,0,0,9000,0,0,0,295000,286000,9000,9000
08655P,大立光群益02售02,0,0,0,0,0,0,0,0,0,9000,0,0,0,9000,0,9000,9000
08421P,台積電群益9C售10,0,0,0,0,0,0,0,0,0,9000,0,0,0,9000,0,9000,9000
08878P,台積電凱基01售11,0,0,0,0,0,0,0,0,0,9000,0,0,0,58000,49000,9000,9000
08117P,聯發科元富9B售04,0,0,0,0,0,0,0,0,0,9000,0,0,0,41000,32000,9000,9000
2882B,國泰金乙特      ,0,0,0,0,0,0,0,0,0,9000,9000,0,9000,0,0,0,9000
3550,聯穎            ,15000,6000,9000,0,0,0,0,0,0,0,0,0,0,0,0,0,9000
1435,中福            ,25000,16000,9000,0,0,0,0,0,0,0,0,0,0,0,0,0,9000
068912,聯發科群益02購10,0,0,0,0,0,0,0,0,0,8000,0,0,0,8000,0,8000,8000
068928,鴻海永豐02購01  ,0,0,0,0,0,0,0,0,0,8000,0,0,0,13000,5000,8000,8000
068936,景碩永豐02購01  ,0,0,0,0,0,0,0,0,0,8000,0,0,0,50000,42000,8000,8000
069501,華新永豐02購01  ,0,0,0,0,0,0,0,0,0,8000,0,0,0,8000,0,8000,8000
069443,金像電元富02購01,0,0,0,0,0,0,0,0,0,8000,0,0,0,114000,106000,8000,8000
069334,華通群益03購01  ,0,0,0,0,0,0,0,0,0,8000,0,0,0,8000,0,8000,8000
068290,大立光群益01購12,0,0,0,0,0,0,0,0,0,8000,0,0,0,8000,0,8000,8000
068356,奇力新凱基01購03,0,0,0,0,0,0,0,0,0,8000,0,0,0,10000,2000,8000,8000
068709,上緯控國票03購01,0,0,0,0,0,0,0,0,0,8000,0,0,0,18000,10000,8000,8000
068837,欣興永豐02購02  ,0,0,0,0,0,0,0,0,0,8000,0,0,0,9000,1000,8000,8000
067684,康控元大01購05  ,0,0,0,0,0,0,0,0,0,8000,0,0,0,10000,2000,8000,8000
067714,上銀凱基01購01  ,0,0,0,0,0,0,0,0,0,8000,0,0,0,12000,4000,8000,8000
067995,瑞昱元大02購01  ,0,0,0,0,0,0,0,0,0,8000,0,0,0,141000,133000,8000,8000
047547,友達凱基99購02  ,0,0,0,0,0,0,0,0,0,8000,0,0,0,8000,0,8000,8000
048383,元金2X國票99購01,0,0,0,0,0,0,0,0,0,8000,0,0,0,15000,7000,8000,8000
03678C,臺股指凱基01牛02,0,0,0,0,0,0,0,0,0,8000,0,0,0,12000,4000,8000,8000
057785,智邦國票99購02  ,0,0,0,0,0,0,0,0,0,8000,0,0,0,16000,8000,8000,8000
057990,美律統一99購02  ,0,0,0,0,0,0,0,0,0,8000,0,0,0,8000,0,8000,8000
060548,友達凱基9B購03  ,0,0,0,0,0,0,0,0,0,8000,0,0,0,8000,0,8000,8000
059637,大立光凱基01購01,0,0,0,0,0,0,0,0,0,8000,0,0,0,225000,217000,8000,8000
059425,SGBR2X元大9A購02,0,0,0,0,0,0,0,0,0,8000,0,0,0,10000,2000,8000,8000
059166,友達凱基99購05  ,0,0,0,0,0,0,0,0,0,8000,0,0,0,18000,10000,8000,8000
058153,景碩統一9B購01  ,0,0,0,0,0,0,0,0,0,8000,0,0,0,8000,0,8000,8000
058694,鈺齊國票9A購02  ,0,0,0,0,0,0,0,0,0,8000,0,0,0,8000,0,8000,8000
058725,美律富邦9A購01  ,0,0,0,0,0,0,0,0,0,8000,0,0,0,8000,0,8000,8000
063526,台光電凱基9B購04,0,0,0,0,0,0,0,0,0,8000,0,0,0,11000,3000,8000,8000
064511,GIS元大9C購05   ,0,0,0,0,0,0,0,0,0,8000,0,0,0,405000,397000,8000,8000
064508,力成元大9C購03  ,0,0,0,0,0,0,0,0,0,8000,0,0,0,33000,25000,8000,8000
062369,創意元大9B購01  ,0,0,0,0,0,0,0,0,0,8000,0,0,0,16000,8000,8000,8000
062932,滬深2X凱基01購01,0,0,0,0,0,0,0,0,0,8000,0,0,0,165000,157000,8000,8000
062944,茂林凱基9B購02  ,0,0,0,0,0,0,0,0,0,8000,0,0,0,8000,0,8000,8000
061229,緯穎中信9B購01  ,0,0,0,0,0,0,0,0,0,8000,0,0,0,13000,5000,8000,8000
061210,玉山金元大9A購02,0,0,0,0,0,0,0,0,0,8000,0,0,0,10000,2000,8000,8000
062617,京鼎元大9B購01  ,0,0,0,0,0,0,0,0,0,8000,0,0,0,29000,21000,8000,8000
061603,瑞昱凱基9A購02  ,0,0,0,0,0,0,0,0,0,8000,0,0,0,10000,2000,8000,8000
061039,台表科永豐9A購03,0,0,0,0,0,0,0,0,0,8000,0,0,0,8000,0,8000,8000
061702,奇鋐國票9A購02  ,0,0,0,0,0,0,0,0,0,8000,0,0,0,49000,41000,8000,8000
061746,國巨統一9C購07  ,0,0,0,0,0,0,0,0,0,8000,0,0,0,8000,0,8000,8000
064101,可成群益01購01  ,0,0,0,0,0,0,0,0,0,8000,0,0,0,52000,44000,8000,8000
064310,華新科群益9C購02,0,0,0,0,0,0,0,0,0,8000,0,0,0,8000,0,8000,8000
063604,群創凱基01購02  ,0,0,0,0,0,0,0,0,0,8000,0,0,0,19000,11000,8000,8000
063608,力成凱基9B購03  ,0,0,0,0,0,0,0,0,0,8000,0,0,0,10000,2000,8000,8000
063132,台表科元大9C購02,0,0,0,0,0,0,0,0,0,8000,0,0,0,8000,0,8000,8000
062029,牧德群益9B購03  ,0,0,0,0,0,0,0,0,0,8000,0,0,0,15000,7000,8000,8000
063492,台積電富邦02購02,0,0,0,0,0,0,0,0,0,8000,0,0,0,8000,0,8000,8000
061972,華新元大9B購01  ,0,0,0,0,0,0,0,0,0,8000,0,0,0,8000,0,8000,8000
067287,瀚宇博國票02購01,0,0,0,0,0,0,0,0,0,8000,0,0,0,55000,47000,8000,8000
067378,欣興統一02購02  ,0,0,0,0,0,0,0,0,0,8000,0,0,0,8000,0,8000,8000
067371,聯發科統一02購08,0,0,0,0,0,0,0,0,0,8000,0,0,0,8000,0,8000,8000
067512,台郡統一02購03  ,0,0,0,0,0,0,0,0,0,8000,0,0,0,15000,7000,8000,8000
066408,致新凱基01購02  ,0,0,0,0,0,0,0,0,0,8000,0,0,0,8000,0,8000,8000
066867,A50正2元富01購02,0,0,0,0,0,0,0,0,0,8000,0,0,0,8000,0,8000,8000
065456,義隆元富9C購03  ,0,0,0,0,0,0,0,0,0,8000,0,0,0,8000,0,8000,8000
065479,新日興元大9C購05,0,0,0,0,0,0,0,0,0,8000,0,0,0,50000,42000,8000,8000
066166,大毅凱基02購01  ,0,0,0,0,0,0,0,0,0,8000,0,0,0,8000,0,8000,8000
08887P,聯發科富邦03售06,0,0,0,0,0,0,0,0,0,8000,0,0,0,61000,53000,8000,8000
08611P,聯發科凱基01售08,0,0,0,0,0,0,0,0,0,8000,0,0,0,79000,71000,8000,8000
068104,彩晶永豐01購01  ,0,0,0,0,0,0,0,0,0,7000,0,0,0,19000,12000,7000,7000
068116,欣興元富07購01  ,0,0,0,0,0,0,0,0,0,7000,0,0,0,7000,0,7000,7000
068134,上証反元大04購01,0,0,0,0,0,0,0,0,0,7000,0,0,0,7000,0,7000,7000
067749,申豐元大01購02  ,0,0,0,0,0,0,0,0,0,7000,0,0,0,13000,6000,7000,7000
068815,精元元大02購01  ,0,0,0,0,0,0,0,0,0,7000,0,0,0,8000,1000,7000,7000
069264,聯發科兆豐03購03,0,0,0,0,0,0,0,0,0,7000,0,0,0,30000,23000,7000,7000
069151,世紀鋼永豐02購02,0,0,0,0,0,0,0,0,0,7000,0,0,0,15000,8000,7000,7000
069874,英業達兆豐03購01,0,0,0,0,0,0,0,0,0,7000,0,0,0,7000,0,7000,7000
069542,華通元大02購07  ,0,0,0,0,0,0,0,0,0,7000,0,0,0,7000,0,7000,7000
069660,世紀鋼凱基03購03,0,0,0,0,0,0,0,0,0,7000,0,0,0,72000,65000,7000,7000
060899,超眾凱基9A購01  ,0,0,0,0,0,0,0,0,0,7000,0,0,0,7000,0,7000,7000
061940,世紀鋼國票9C購01,0,0,0,0,0,0,0,0,0,7000,0,0,0,7000,0,7000,7000
059195,國巨永豐99購04  ,0,0,0,0,0,0,0,0,0,7000,0,0,0,120000,113000,7000,7000
059687,卜蜂永豐99購01  ,0,0,0,0,0,0,0,0,0,7000,0,0,0,7000,0,7000,7000
058376,貿聯凱基9A購01  ,0,0,0,0,0,0,0,0,0,7000,0,0,0,13000,6000,7000,7000
03340P,瀚宇博國票04售01,0,0,0,0,0,0,0,0,0,7000,0,0,0,28000,21000,7000,7000
03437P,道瓊銀凱基05售03,0,0,0,0,0,0,0,0,0,7000,0,0,0,10000,3000,7000,7000
03421B,臺股指元大99熊01,0,0,0,0,0,0,0,0,0,7000,0,0,0,242000,235000,7000,7000
042793,台積電台新9C購01,0,0,0,0,0,0,0,0,0,7000,0,0,0,7000,0,7000,7000
062038,鴻海凱基9B購05  ,0,0,0,0,0,0,0,0,0,7000,0,0,0,7000,0,7000,7000
064139,裕隆統一01購02  ,0,0,0,0,0,0,0,0,0,7000,0,0,0,7000,0,7000,7000
064300,英業達兆豐9C購01,0,0,0,0,0,0,0,0,0,7000,0,0,0,53000,46000,7000,7000
061626,超眾群益9A購02  ,0,0,0,0,0,0,0,0,0,7000,0,0,0,28000,21000,7000,7000
061545,華新科群益9A購09,0,0,0,0,0,0,0,0,0,7000,0,0,0,7000,0,7000,7000
061368,南六國票9A購01  ,0,0,0,0,0,0,0,0,0,7000,0,0,0,7000,0,7000,7000
064064,義隆富邦03購01  ,0,0,0,0,0,0,0,0,0,7000,0,0,0,7000,0,7000,7000
063816,TPK群益9C購01   ,0,0,0,0,0,0,0,0,0,7000,0,0,0,7000,0,7000,7000
063794,亞德客凱基9C購01,0,0,0,0,0,0,0,0,0,7000,0,0,0,7000,0,7000,7000
060806,華新科群益9A購03,0,0,0,0,0,0,0,0,0,7000,0,0,0,7000,0,7000,7000
060812,智邦凱基9A購01  ,0,0,0,0,0,0,0,0,0,7000,0,0,0,7000,0,7000,7000
061124,微星永豐9A購02  ,0,0,0,0,0,0,0,0,0,7000,0,0,0,10000,3000,7000,7000
062054,鴻海統一9C購06  ,0,0,0,0,0,0,0,0,0,7000,0,0,0,50000,43000,7000,7000
062478,牧德國票9B購03  ,0,0,0,0,0,0,0,0,0,7000,0,0,0,45000,38000,7000,7000
064730,超眾統一02購02  ,0,0,0,0,0,0,0,0,0,7000,0,0,0,20000,13000,7000,7000
066017,南六元富03購01  ,0,0,0,0,0,0,0,0,0,7000,0,0,0,17000,10000,7000,7000
065660,晶豪科永豐9C購01,0,0,0,0,0,0,0,0,0,7000,0,0,0,24000,17000,7000,7000
065451,台表科統一02購04,0,0,0,0,0,0,0,0,0,7000,0,0,0,515000,508000,7000,7000
065368,技嘉元大9C購04  ,0,0,0,0,0,0,0,0,0,7000,0,0,0,23000,16000,7000,7000
065249,聯發科麥證9C購04,0,0,0,7000,0,7000,0,0,0,7000,0,0,0,7000,0,7000,7000
064985,台表科元大9C購09,0,0,0,0,0,0,0,0,0,7000,0,0,0,7000,0,7000,7000
066716,高股息元大01購01,0,0,0,0,0,0,0,0,0,7000,0,0,0,10000,3000,7000,7000
067442,南港國票02購01  ,0,0,0,0,0,0,0,0,0,7000,0,0,0,7000,0,7000,7000
067248,帆宣群益01購01  ,0,0,0,0,0,0,0,0,0,7000,0,0,0,7000,0,7000,7000
066987,旭富群益01購01  ,0,0,0,0,0,0,0,0,0,7000,0,0,0,7000,0,7000,7000
08759P,滬深2X元大01售08,0,0,0,0,0,0,0,0,0,7000,0,0,0,8000,1000,7000,7000
08193P,同欣電國票9C售02,0,0,0,0,0,0,0,0,0,7000,0,0,0,22000,15000,7000,7000
08214P,南六統一9B售03  ,0,0,0,0,0,0,0,0,0,7000,0,0,0,10000,3000,7000,7000
07892P,臺股指國票9B售02,0,0,0,0,0,0,0,0,0,7000,0,0,0,7000,0,7000,7000
07880P,可成群益9B售05  ,0,0,0,0,0,0,0,0,0,7000,0,0,0,7000,0,7000,7000
2069,運錩            ,13000,5000,8000,0,0,0,0,0,0,-1000,0,1000,-1000,0,0,0,7000
8940,新天地          ,15000,8000,7000,0,0,0,0,0,0,0,0,0,0,0,0,0,7000
8480,泰昇-KY         ,20000,13000,7000,0,0,0,0,0,0,0,0,0,0,0,0,0,7000
069659,百和凱基03購01  ,0,0,0,0,0,0,0,0,0,6000,0,0,0,9000,3000,6000,6000
069792,致茂凱基02購01  ,0,0,0,0,0,0,0,0,0,6000,0,0,0,32000,26000,6000,6000
069733,玉晶光麥證02購02,0,0,0,12000,3000,9000,0,0,0,6000,0,0,0,15000,9000,6000,6000
07177P,臺股指凱基99售19,0,0,0,0,0,0,0,0,0,6000,0,0,0,6000,0,6000,6000
070040,光寶科永豐02購01,0,0,0,0,0,0,0,0,0,6000,0,0,0,6000,0,6000,6000
069006,義隆兆豐04購01  ,0,0,0,0,0,0,0,0,0,6000,0,0,0,10000,4000,6000,6000
068978,義隆元大02購02  ,0,0,0,0,0,0,0,0,0,6000,0,0,0,82000,76000,6000,6000
068292,精成科群益01購01,0,0,0,0,0,0,0,0,0,6000,0,0,0,79000,73000,6000,6000
068406,同欣電元富07購01,0,0,0,0,0,0,0,0,0,6000,0,0,0,6000,0,6000,6000
068403,南亞科元富07購01,0,0,0,0,0,0,0,0,0,6000,0,0,0,7000,1000,6000,6000
068118,欣興元富07購03  ,0,0,0,0,0,0,0,0,0,6000,0,0,0,18000,12000,6000,6000
03116P,玉晶光康和01售02,0,0,0,0,0,0,0,0,0,6000,0,0,0,10000,4000,6000,6000
03229P,臺股指凱基02售07,0,0,0,0,0,0,0,0,0,6000,0,0,0,25000,19000,6000,6000
03176P,台積電兆豐03售05,0,0,0,0,0,0,0,0,0,6000,0,0,0,6000,0,6000,6000
03427P,聯電元大02售11  ,0,0,0,0,0,0,0,0,0,6000,0,0,0,175000,169000,6000,6000
056525,T50反1凱基99購06,0,0,0,0,0,0,0,0,0,6000,0,0,0,6000,0,6000,6000
056469,國巨元大99購01  ,0,0,0,0,0,0,0,0,0,6000,0,0,0,66000,60000,6000,6000
056290,正文永豐98購01  ,0,0,0,0,0,0,0,0,0,6000,0,0,0,6000,0,6000,6000
056591,S&P正2元富9A購01,0,0,0,0,0,0,0,0,0,6000,0,0,0,6000,0,6000,6000
060281,卜蜂元大9C購01  ,0,0,0,0,0,0,0,0,0,6000,0,0,0,10000,4000,6000,6000
060301,國巨富邦9C購02  ,0,0,0,0,0,0,0,0,0,6000,0,0,0,20000,14000,6000,6000
058525,台虹元大99購02  ,0,0,0,0,0,0,0,0,0,6000,0,0,0,9000,3000,6000,6000
059976,道瓊銀元大99購01,0,0,0,0,0,0,0,0,0,6000,0,0,0,6000,0,6000,6000
057118,欣興日盛9A購01  ,0,0,0,0,0,0,0,0,0,6000,0,0,0,6000,0,6000,6000
057880,金融類元大99購02,0,0,0,0,0,0,0,0,0,6000,0,0,0,6000,0,6000,6000
057889,致新群益99購01  ,0,0,0,0,0,0,0,0,0,6000,0,0,0,6000,0,6000,6000
057407,超眾群益99購01  ,0,0,0,0,0,0,0,0,0,6000,0,0,0,6000,0,6000,6000
062757,華通凱基9B購02  ,0,0,0,0,0,0,0,0,0,6000,0,0,0,6000,0,6000,6000
060962,義隆凱基9B購01  ,0,0,0,0,0,0,0,0,0,6000,0,0,0,40000,34000,6000,6000
062804,玉晶光統一9C購04,0,0,0,0,0,0,0,0,0,6000,0,0,0,6000,0,6000,6000
064148,瑞昱統一02購01  ,0,0,0,0,0,0,0,0,0,6000,0,0,0,16000,10000,6000,6000
058165,FBVIX凱基9C購01 ,0,0,0,0,0,0,0,0,0,6000,0,0,0,40000,34000,6000,6000
059061,晶技凱基9A購01  ,0,0,0,0,0,0,0,0,0,6000,0,0,0,50000,44000,6000,6000
064742,奇鋐國票01購02  ,0,0,0,0,0,0,0,0,0,6000,0,0,0,6000,0,6000,6000
062195,聚陽中信9C購01  ,0,0,0,0,0,0,0,0,0,6000,0,0,0,18000,12000,6000,6000
061282,台積電統一9C購06,0,0,0,0,0,0,0,0,0,6000,0,0,0,6000,0,6000,6000
062060,奇鋐統一9C購01  ,0,0,0,0,0,0,0,0,0,6000,0,0,0,6000,0,6000,6000
062955,立積永豐9B購02  ,0,0,0,0,0,0,0,0,0,6000,0,0,0,60000,54000,6000,6000
062328,南亞科統一9C購01,0,0,0,0,0,0,0,0,0,6000,0,0,0,106000,100000,6000,6000
060756,鴻海元大9A購16  ,0,0,0,0,0,0,0,0,0,6000,0,0,0,10000,4000,6000,6000
062701,漢唐元大9B購01  ,0,0,0,0,0,0,0,0,0,6000,0,0,0,68000,62000,6000,6000
062142,喬山國票9B購01  ,0,0,0,0,0,0,0,0,0,6000,0,0,0,60000,54000,6000,6000
061192,奇鋐永豐9A購01  ,0,0,0,0,0,0,0,0,0,6000,0,0,0,6000,0,6000,6000
061177,大立光凱基9A購10,0,0,0,0,0,0,0,0,0,6000,0,0,0,55000,49000,6000,6000
061456,玉晶光凱基9B購05,0,0,0,0,0,0,0,0,0,6000,0,0,0,11000,5000,6000,6000
061783,友達群益9B購01  ,0,0,0,0,0,0,0,0,0,6000,0,0,0,6000,0,6000,6000
063209,巨大統一01購01  ,0,0,0,0,0,0,0,0,0,6000,0,0,0,31000,25000,6000,6000
063414,鴻海凱基03購01  ,0,0,0,0,0,0,0,0,0,6000,0,0,0,80000,74000,6000,6000
067109,晶豪科群益01購01,0,0,0,0,0,0,0,0,0,6000,0,0,0,6000,0,6000,6000
067187,聯陽凱基01購02  ,0,0,0,0,0,0,0,0,0,6000,0,0,0,6000,0,6000,6000
067185,宏達電凱基02購01,0,0,0,0,0,0,0,0,0,6000,0,0,0,40000,34000,6000,6000
067311,欣興元大01購06  ,0,0,0,0,0,0,0,0,0,6000,0,0,0,8000,2000,6000,6000
067340,欣興凱基02購02  ,0,0,0,0,0,0,0,0,0,6000,0,0,0,6000,0,6000,6000
066557,京鼎元大01購01  ,0,0,0,0,0,0,0,0,0,6000,0,0,0,29000,23000,6000,6000
066509,南亞永豐01購01  ,0,0,0,0,0,0,0,0,0,6000,0,0,0,6000,0,6000,6000
066519,達方永豐01購01  ,0,0,0,0,0,0,0,0,0,6000,0,0,0,6000,0,6000,6000
064859,南亞科富邦01購01,0,0,0,0,0,0,0,0,0,6000,0,0,0,6000,0,6000,6000
065263,國泰金元大9C購02,0,0,0,0,0,0,0,0,0,6000,0,0,0,6000,0,6000,6000
065433,緯創凱基9C購01  ,0,0,0,0,0,0,0,0,0,6000,0,0,0,46000,40000,6000,6000
065775,神隆國泰03購01  ,0,0,0,0,0,0,0,0,0,6000,0,0,0,76000,70000,6000,6000
066216,南電統一03購01  ,0,0,0,0,0,0,0,0,0,6000,0,0,0,9000,3000,6000,6000
1539,巨庭            ,21000,13000,8000,0,0,0,0,0,0,-2000,0,2000,-2000,0,0,0,6000
07977P,華新科群益01售01,0,0,0,0,0,0,0,0,0,6000,0,0,0,120000,114000,6000,6000
07950P,智邦元大9B售04  ,0,0,0,0,0,0,0,0,0,6000,0,0,0,25000,19000,6000,6000
07645P,華通元大9A售06  ,0,0,0,0,0,0,0,0,0,6000,0,0,0,6000,0,6000,6000
08035P,國巨群益9C售04  ,0,0,0,0,0,0,0,0,0,6000,0,0,0,17000,11000,6000,6000
08705P,臺股指群益01售02,0,0,0,0,0,0,0,0,0,6000,0,0,0,7000,1000,6000,6000
068193,順德凱基01購01  ,0,0,0,0,0,0,0,0,0,5000,0,0,0,5000,0,5000,5000
067764,寶成永豐01購01  ,0,0,0,0,0,0,0,0,0,5000,0,0,0,5000,0,5000,5000
067649,台積電元富07購05,0,0,0,0,0,0,0,0,0,5000,0,0,0,10000,5000,5000,5000
067592,信錦凱基01購01  ,0,0,0,0,0,0,0,0,0,5000,0,0,0,25000,20000,5000,5000
068242,長興元大01購02  ,0,0,0,0,0,0,0,0,0,5000,0,0,0,5000,0,5000,5000
068820,聯陽元大02購01  ,0,0,0,0,0,0,0,0,0,5000,0,0,0,20000,15000,5000,5000
068768,台積電統一05購01,0,0,0,0,0,0,0,0,0,5000,0,0,0,14000,9000,5000,5000
069028,TPK國票03購02   ,0,0,0,0,0,0,0,0,0,5000,0,0,0,5000,0,5000,5000
06907P,華新科國泰99售05,0,0,0,0,0,0,0,0,0,5000,0,0,0,5000,0,5000,5000
069263,台光電兆豐03購01,0,0,0,0,0,0,0,0,0,5000,0,0,0,6000,1000,5000,5000
069208,聯詠元大03購01  ,0,0,0,0,0,0,0,0,0,5000,0,0,0,10000,5000,5000,5000
069281,泰鼎永豐02購01  ,0,0,0,0,0,0,0,0,0,5000,0,0,0,5000,0,5000,5000
069402,聯電統一04購02  ,0,0,0,0,0,0,0,0,0,5000,0,0,0,7000,2000,5000,5000
06992P,玉晶光日盛9B售01,0,0,0,0,0,0,0,0,0,5000,0,0,0,5000,0,5000,5000
069910,美利達元大02購02,0,0,0,0,0,0,0,0,0,5000,0,0,0,5000,0,5000,5000
07067P,旺宏台新99售02  ,0,0,0,0,0,0,0,0,0,5000,0,0,0,5000,0,5000,5000
07248P,可成凱基99售06  ,0,0,0,0,0,0,0,0,0,5000,0,0,0,5000,0,5000,5000
07257P,臺股指凱基99售37,0,0,0,0,0,0,0,0,0,5000,0,0,0,5000,0,5000,5000
058744,FBVIX凱基9C購03 ,0,0,0,0,0,0,0,0,0,5000,0,0,0,251000,246000,5000,5000
058201,華通凱基9A購01  ,0,0,0,0,0,0,0,0,0,5000,0,0,0,10000,5000,5000,5000
058236,大立光元大99購09,0,0,0,0,0,0,0,0,0,5000,0,0,0,5000,0,5000,5000
058242,玉晶光元大9A購01,0,0,0,0,0,0,0,0,0,5000,0,0,0,10000,5000,5000,5000
058147,鈺齊元大99購01  ,0,0,0,0,0,0,0,0,0,5000,0,0,0,5000,0,5000,5000
061937,聯發科國票9B購02,0,0,0,0,0,0,0,0,0,5000,0,0,0,10000,5000,5000,5000
061908,台積電中信05購01,0,0,0,0,0,0,0,0,0,5000,0,0,0,5000,0,5000,5000
057394,台積電中信9C購02,0,0,0,0,0,0,0,0,0,5000,0,0,0,5000,0,5000,5000
057613,瑞昱元富02購02  ,0,0,0,0,0,0,0,0,0,5000,0,0,0,6000,1000,5000,5000
057941,聯電國票99購01  ,0,0,0,0,0,0,0,0,0,5000,0,0,0,5000,0,5000,5000
057777,可成群益9A購03  ,0,0,0,0,0,0,0,0,0,5000,0,0,0,5000,0,5000,5000
056995,華新科日盛99購01,0,0,0,0,0,0,0,0,0,5000,0,0,0,5000,0,5000,5000
060531,大立光中信9A購04,0,0,0,0,0,0,0,0,0,5000,0,0,0,30000,25000,5000,5000
060485,華新科富邦9C購04,0,0,0,0,0,0,0,0,0,5000,0,0,0,5000,0,5000,5000
060013,S&P正2康和99購01,0,0,0,0,0,0,0,0,0,5000,0,0,0,5000,0,5000,5000
059999,緯穎元富99購01  ,0,0,0,0,0,0,0,0,0,5000,0,0,0,5000,0,5000,5000
058583,臻鼎群益99購01  ,0,0,0,0,0,0,0,0,0,5000,0,0,0,5000,0,5000,5000
059944,欣興永豐99購03  ,0,0,0,0,0,0,0,0,0,5000,0,0,0,5000,0,5000,5000
059632,聯發科凱基01購01,0,0,0,0,0,0,0,0,0,5000,0,0,0,5000,0,5000,5000
059535,玉山金凱基99購01,0,0,0,0,0,0,0,0,0,5000,0,0,0,5000,0,5000,5000
059218,台積電元大99購31,0,0,0,0,0,0,0,0,0,5000,0,0,0,5000,0,5000,5000
059223,大立光元大99購14,0,0,0,0,0,0,0,0,0,5000,0,0,0,5000,0,5000,5000
058365,奇力新凱基9A購01,0,0,0,0,0,0,0,0,0,5000,0,0,0,15000,10000,5000,5000
059841,國巨富邦9C購01  ,0,0,0,0,0,0,0,0,0,5000,0,0,0,132000,127000,5000,5000
059692,聯詠永豐99購01  ,0,0,0,0,0,0,0,0,0,5000,0,0,0,5000,0,5000,5000
059723,美律元大9A購02  ,0,0,0,0,0,0,0,0,0,5000,0,0,0,5000,0,5000,5000
056667,上銀國票99購01  ,0,0,0,0,0,0,0,0,0,5000,0,0,0,5000,0,5000,5000
03402P,大立光凱基02售07,0,0,0,0,0,0,0,0,0,5000,0,0,0,10000,5000,5000,5000
03144P,台積電國票01售09,0,0,0,0,0,0,0,0,0,5000,0,0,0,6000,1000,5000,5000
00700,富邦恒生國企    ,5000,2000,3000,0,0,0,0,0,0,2000,0,0,0,102000,100000,2000,5000
052476,台光電群益98購01,0,0,0,0,0,0,0,0,0,5000,0,0,0,10000,5000,5000,5000
063314,美律群益9B購01  ,0,0,0,0,0,0,0,0,0,5000,0,0,0,42000,37000,5000,5000
062885,臻鼎兆豐9C購01  ,0,0,0,0,0,0,0,0,0,5000,0,0,0,18000,13000,5000,5000
062902,智邦元大9B購07  ,0,0,0,0,0,0,0,0,0,5000,0,0,0,54000,49000,5000,5000
062904,台光電元大9B購06,0,0,0,0,0,0,0,0,0,5000,0,0,0,5000,0,5000,5000
063181,聚陽凱基9B購01  ,0,0,0,0,0,0,0,0,0,5000,0,0,0,5000,0,5000,5000
064219,滬深2X國票03購01,0,0,0,0,0,0,0,0,0,5000,0,0,0,10000,5000,5000,5000
061507,南電國票9A購05  ,0,0,0,0,0,0,0,0,0,5000,0,0,0,5000,0,5000,5000
061376,瑞昱永豐9A購02  ,0,0,0,0,0,0,0,0,0,5000,0,0,0,20000,15000,5000,5000
061542,旺宏群益9A購04  ,0,0,0,0,0,0,0,0,0,5000,0,0,0,5000,0,5000,5000
061584,勤誠元大9A購01  ,0,0,0,0,0,0,0,0,0,5000,0,0,0,55000,50000,5000,5000
063795,上銀凱基9C購01  ,0,0,0,0,0,0,0,0,0,5000,0,0,0,5000,0,5000,5000
063692,華擎永豐9B購02  ,0,0,0,0,0,0,0,0,0,5000,0,0,0,17000,12000,5000,5000
063663,台光電統一9C購01,0,0,0,0,0,0,0,0,0,5000,0,0,0,5000,0,5000,5000
063651,金像電台新9B購01,0,0,0,0,0,0,0,0,0,5000,0,0,0,5000,0,5000,5000
063845,旺宏元大9C購03  ,0,0,0,0,0,0,0,0,0,5000,0,0,0,5000,0,5000,5000
063849,奇鋐元大9C購01  ,0,0,0,0,0,0,0,0,0,5000,0,0,0,5000,0,5000,5000
063941,國巨元大9C購12  ,0,0,0,0,0,0,0,0,0,5000,0,0,0,62000,57000,5000,5000
061235,台積電元大9A購23,0,0,0,0,0,0,0,0,0,5000,0,0,0,5000,0,5000,5000
062947,國巨富邦01購01  ,0,0,0,0,0,0,0,0,0,5000,0,0,0,30000,25000,5000,5000
062359,旺宏元大9C購02  ,0,0,0,0,0,0,0,0,0,5000,0,0,0,5000,0,5000,5000
064609,滬深2X元大9C購12,0,0,0,0,0,0,0,0,0,5000,0,0,0,5000,0,5000,5000
065987,大毅永豐01購01  ,0,0,0,0,0,0,0,0,0,5000,0,0,0,20000,15000,5000,5000
065957,華擎統一03購02  ,0,0,0,0,0,0,0,0,0,5000,0,0,0,5000,0,5000,5000
065925,鴻海國票04購01  ,0,0,0,0,0,0,0,0,0,5000,0,0,0,100000,95000,5000,5000
065781,創意富邦01購01  ,0,0,0,0,0,0,0,0,0,5000,0,0,0,5000,0,5000,5000
065698,旺宏群益9C購08  ,0,0,0,0,0,0,0,0,0,5000,0,0,0,11000,6000,5000,5000
065787,奇鋐永豐9C購01  ,0,0,0,0,0,0,0,0,0,5000,0,0,0,5000,0,5000,5000
065493,T50反1富邦03購01,0,0,0,0,0,0,0,0,0,5000,0,0,0,5000,0,5000,5000
065366,英業達元大9C購02,0,0,0,0,0,0,0,0,0,5000,0,0,0,15000,10000,5000,5000
065336,華新統一02購01  ,0,0,0,0,0,0,0,0,0,5000,0,0,0,12000,7000,5000,5000
065175,大立光元大01購05,0,0,0,0,0,0,0,0,0,5000,0,0,0,5000,0,5000,5000
064896,華新科群益01購02,0,0,0,0,0,0,0,0,0,5000,0,0,0,11000,6000,5000,5000
065045,信邦凱基9C購01  ,0,0,0,0,0,0,0,0,0,5000,0,0,0,10000,5000,5000,5000
066239,拓凱富邦02購01  ,0,0,0,0,0,0,0,0,0,5000,0,0,0,5000,0,5000,5000
066583,上証2X群益03購01,0,0,0,0,0,0,0,0,0,5000,0,0,0,7000,2000,5000,5000
066593,奇鋐群益01購01  ,0,0,0,0,0,0,0,0,0,5000,0,0,0,5000,0,5000,5000
066739,揚明光元大01購01,0,0,0,0,0,0,0,0,0,5000,0,0,0,5000,0,5000,5000
067346,巨大凱基02購01  ,0,0,0,0,0,0,0,0,0,5000,0,0,0,5000,0,5000,5000
067237,國揚群益01購02  ,0,0,0,0,0,0,0,0,0,5000,0,0,0,12000,7000,5000,5000
067271,世紀鋼永豐01購02,0,0,0,0,0,0,0,0,0,5000,0,0,0,5000,0,5000,5000
067481,國產元大01購03  ,0,0,0,0,0,0,0,0,0,5000,0,0,0,224000,219000,5000,5000
067012,台虹永豐01購02  ,0,0,0,0,0,0,0,0,0,5000,0,0,0,11000,6000,5000,5000
066945,鴻海元大01購14  ,0,0,0,0,0,0,0,0,0,5000,0,0,0,5000,0,5000,5000
08788P,A50正2元富01售03,0,0,0,0,0,0,0,0,0,5000,0,0,0,5000,0,5000,5000
08717P,台灣50元大01售16,0,0,0,0,0,0,0,0,0,5000,0,0,0,5000,0,5000,5000
08087P,聯發科凱基9B售12,0,0,0,0,0,0,0,0,0,5000,0,0,0,5000,0,5000,5000
07652P,臺股指中信9A售07,0,0,0,0,0,0,0,0,0,5000,0,0,0,25000,20000,5000,5000
07569P,國巨凱基9A售13  ,0,0,0,0,0,0,0,0,0,5000,0,0,0,5000,0,5000,5000
07310P,大立光凱基99售12,0,0,0,0,0,0,0,0,0,5000,0,0,0,10000,5000,5000,5000
2891B,中信金乙特      ,0,0,0,0,0,0,0,0,0,5000,5000,0,5000,0,0,0,5000
07294P,滬深2X元富9C售08,0,0,0,0,0,0,0,0,0,4000,0,0,0,4000,0,4000,4000
069840,金像電群益03購01,0,0,0,0,0,0,0,0,0,4000,0,0,0,4000,0,4000,4000
069606,智易國票03購01  ,0,0,0,0,0,0,0,0,0,4000,0,0,0,4000,0,4000,4000
069595,華碩國票03購01  ,0,0,0,0,0,0,0,0,0,4000,0,0,0,14000,10000,4000,4000
068949,鴻海凱基02購08  ,0,0,0,0,0,0,0,0,0,4000,0,0,0,18000,14000,4000,4000
068742,A50群益02購01   ,0,0,0,0,0,0,0,0,0,4000,0,0,0,4000,0,4000,4000
068716,華通元大02購03  ,0,0,0,0,0,0,0,0,0,4000,0,0,0,5000,1000,4000,4000
068681,新唐國泰03購01  ,0,0,0,0,0,0,0,0,0,4000,0,0,0,9000,5000,4000,4000
068586,奇力新台新01購01,0,0,0,0,0,0,0,0,0,4000,0,0,0,15000,11000,4000,4000
068138,道瓊銀元大01購03,0,0,0,0,0,0,0,0,0,4000,0,0,0,4000,0,4000,4000
056033,T50正2凱基99購02,0,0,0,0,0,0,0,0,0,4000,0,0,0,4000,0,4000,4000
055034,建準富邦99購01  ,0,0,0,0,0,0,0,0,0,4000,0,0,0,4000,0,4000,4000
05631P,國巨富邦9A售01  ,0,0,0,0,0,0,0,0,0,4000,0,0,0,500000,496000,4000,4000
060288,群光元大9C購01  ,0,0,0,0,0,0,0,0,0,4000,0,0,0,44000,40000,4000,4000
059624,鴻海凱基01購01  ,0,0,0,0,0,0,0,0,0,4000,0,0,0,4000,0,4000,4000
058473,上銀凱基9A購03  ,0,0,0,0,0,0,0,0,0,4000,0,0,0,4000,0,4000,4000
060482,東元富邦9A購01  ,0,0,0,0,0,0,0,0,0,4000,0,0,0,6000,2000,4000,4000
060506,京元電元大9A購02,0,0,0,0,0,0,0,0,0,4000,0,0,0,4000,0,4000,4000
060571,京元電永豐9A購01,0,0,0,0,0,0,0,0,0,4000,0,0,0,14000,10000,4000,4000
057055,立積元大99購01  ,0,0,0,0,0,0,0,0,0,4000,0,0,0,4000,0,4000,4000
057789,上銀統一9A購01  ,0,0,0,0,0,0,0,0,0,4000,0,0,0,275000,271000,4000,4000
061905,上証反中信03購01,0,0,0,0,0,0,0,0,0,4000,0,0,0,4000,0,4000,4000
062793,鴻海統一9B購06  ,0,0,0,0,0,0,0,0,0,4000,0,0,0,6000,2000,4000,4000
061901,柏文永豐9B購01  ,0,0,0,0,0,0,0,0,0,4000,0,0,0,4000,0,4000,4000
060922,金像電永豐9A購01,0,0,0,0,0,0,0,0,0,4000,0,0,0,4000,0,4000,4000
064153,中壽統一9C購01  ,0,0,0,0,0,0,0,0,0,4000,0,0,0,4000,0,4000,4000
064196,健策群益01購01  ,0,0,0,0,0,0,0,0,0,4000,0,0,0,19000,15000,4000,4000
064192,巨大中信9C購01  ,0,0,0,0,0,0,0,0,0,4000,0,0,0,124000,120000,4000,4000
058093,神達元大9A購01  ,0,0,0,0,0,0,0,0,0,4000,0,0,0,14000,10000,4000,4000
058062,上銀中信98購01  ,0,0,0,0,0,0,0,0,0,4000,0,0,0,4000,0,4000,4000
058014,上銀凱基99購02  ,0,0,0,0,0,0,0,0,0,4000,0,0,0,4000,0,4000,4000
060227,和大元大9A購01  ,0,0,0,0,0,0,0,0,0,4000,0,0,0,4000,0,4000,4000
064490,金像電元大9C購02,0,0,0,0,0,0,0,0,0,4000,0,0,0,22000,18000,4000,4000
064530,康控中信9C購01  ,0,0,0,0,0,0,0,0,0,4000,0,0,0,10000,6000,4000,4000
064348,TPK元大9C購03   ,0,0,0,0,0,0,0,0,0,4000,0,0,0,4000,0,4000,4000
064344,緯創元大9C購01  ,0,0,0,0,0,0,0,0,0,4000,0,0,0,50000,46000,4000,4000
064411,台表科凱基02購01,0,0,0,0,0,0,0,0,0,4000,0,0,0,4000,0,4000,4000
062513,玉晶光國票9C購01,0,0,0,0,0,0,0,0,0,4000,0,0,0,8000,4000,4000,4000
062579,華通統一01購02  ,0,0,0,0,0,0,0,0,0,4000,0,0,0,27000,23000,4000,4000
060881,玉山金中信02購01,0,0,0,0,0,0,0,0,0,4000,0,0,0,4000,0,4000,4000
062629,聯發科國票9C購01,0,0,0,0,0,0,0,0,0,4000,0,0,0,484000,480000,4000,4000
064007,嘉澤凱基02購01  ,0,0,0,0,0,0,0,0,0,4000,0,0,0,4000,0,4000,4000
064035,GIS元大9C購03   ,0,0,0,0,0,0,0,0,0,4000,0,0,0,10000,6000,4000,4000
064032,群創元大9C購06  ,0,0,0,0,0,0,0,0,0,4000,0,0,0,4000,0,4000,4000
061643,嘉澤元大9A購05  ,0,0,0,0,0,0,0,0,0,4000,0,0,0,32000,28000,4000,4000
061655,微星國票9A購01  ,0,0,0,0,0,0,0,0,0,4000,0,0,0,4000,0,4000,4000
061816,長榮航群益9B購02,0,0,0,0,0,0,0,0,0,4000,0,0,0,102000,98000,4000,4000
064299,宏碁兆豐9C購01  ,0,0,0,0,0,0,0,0,0,4000,0,0,0,4000,0,4000,4000
064282,大立光元大9C購13,0,0,0,0,0,0,0,0,0,4000,0,0,0,9000,5000,4000,4000
062896,中興電元大9B購01,0,1000,-1000,0,0,0,0,0,0,5000,0,0,0,30000,25000,5000,4000
062031,臻鼎群益9B購01  ,0,0,0,0,0,0,0,0,0,4000,0,0,0,4000,0,4000,4000
061974,光寶科元大9B購01,0,0,0,0,0,0,0,0,0,4000,0,0,0,61000,57000,4000,4000
063311,喬山群益9B購01  ,0,0,0,0,0,0,0,0,0,4000,0,0,0,84000,80000,4000,4000
063237,微星元大9B購02  ,0,0,0,0,0,0,0,0,0,4000,0,0,0,10000,6000,4000,4000
063342,台光電統一9B購02,0,0,0,0,0,0,0,0,0,4000,0,0,0,56000,52000,4000,4000
066927,亞德客國票02購01,0,0,0,0,0,0,0,0,0,4000,0,0,0,22000,18000,4000,4000
066992,緯穎群益01購02  ,0,0,0,0,0,0,0,0,0,4000,0,0,0,4000,0,4000,4000
067522,上証2X群益02購03,0,0,0,0,0,0,0,0,0,4000,0,0,0,4000,0,4000,4000
064944,亞德客凱基9C購03,0,0,0,0,0,0,0,0,0,4000,0,0,0,9000,5000,4000,4000
06527P,T50正2富邦9C售01,0,0,0,0,0,0,0,0,0,4000,0,0,0,4000,0,4000,4000
065390,達新群益9C購02  ,0,0,0,0,0,0,0,0,0,4000,0,0,0,4000,0,4000,4000
065794,麗豐永豐9C購01  ,0,0,0,0,0,0,0,0,0,4000,0,0,0,45000,41000,4000,4000
065820,瑞祺元富03購01  ,0,0,0,0,0,0,0,0,0,4000,0,0,0,14000,10000,4000,4000
065666,旺宏凱基9C購03  ,0,0,0,0,0,0,0,0,0,4000,0,0,0,4000,0,4000,4000
065916,聯發科凱基01購10,0,0,0,0,0,0,0,0,0,4000,0,0,0,4000,0,4000,4000
066202,大立光統一02購07,0,0,0,0,0,0,0,0,0,4000,0,0,0,20000,16000,4000,4000
066168,強茂凱基01購02  ,0,0,0,0,0,0,0,0,0,4000,0,0,0,134000,130000,4000,4000
3257,虹冠電          ,277000,257000,20000,0,0,0,0,0,0,-16000,0,16000,-16000,0,0,0,4000
1558,伸興            ,31000,26000,5000,0,0,0,0,0,0,-1000,0,1000,-1000,0,0,0,4000
2002A,中鋼特          ,0,0,0,0,0,0,0,0,0,4000,11000,7000,4000,0,0,0,4000
07648P,祥碩國票9B售01  ,0,0,0,0,0,0,0,0,0,4000,0,0,0,4000,0,4000,4000
07847P,國巨群益9A售13  ,0,0,0,0,0,0,0,0,0,4000,0,0,0,93000,89000,4000,4000
08255P,國巨元大9C售11  ,0,0,0,0,0,0,0,0,0,4000,0,0,0,58000,54000,4000,4000
08338P,台灣50凱基9C售11,0,0,0,0,0,0,0,0,0,4000,0,0,0,4000,0,4000,4000
08765P,鴻海富邦01售02  ,0,0,0,0,0,0,0,0,0,4000,0,0,0,4000,0,4000,4000
08886P,台積電富邦04售04,0,0,0,0,0,0,0,0,0,4000,0,0,0,4000,0,4000,4000
08974P,可成群益02售02  ,0,0,0,0,0,0,0,0,0,4000,0,0,0,4000,0,4000,4000
08970P,臺股指元大01售13,0,0,0,0,0,0,0,0,0,4000,0,0,0,20000,16000,4000,4000
08433P,臺股指凱基03售01,0,0,0,0,0,0,0,0,0,4000,0,0,0,44000,40000,4000,4000
068082,南六凱基03購01  ,0,0,0,0,0,0,0,0,0,3000,0,0,0,13000,10000,3000,3000
068225,華通元富07購02  ,0,0,0,0,0,0,0,0,0,3000,0,0,0,10000,7000,3000,3000
068233,同欣電元富05購01,0,0,0,0,0,0,0,0,0,3000,0,0,0,3000,0,3000,3000
068042,GIS元富07購01   ,0,0,0,0,0,0,0,0,0,3000,0,0,0,5000,2000,3000,3000
067930,鴻海凱基01購10  ,0,0,0,0,0,0,0,0,0,3000,0,0,0,3000,0,3000,3000
067967,玉山金群益01購01,0,0,0,0,0,0,0,0,0,3000,0,0,0,3000,0,3000,3000
067710,同欣電元富04購01,0,0,0,0,0,0,0,0,0,3000,0,0,0,3000,0,3000,3000
067641,群創統一01購02  ,0,0,0,0,0,0,0,0,0,3000,0,0,0,3000,0,3000,3000
067807,京元電凱基01購02,0,0,0,0,0,0,0,0,0,3000,0,0,0,78000,75000,3000,3000
068574,GIS元大01購08   ,0,0,0,0,0,0,0,0,0,3000,0,0,0,71000,68000,3000,3000
068813,南港元大02購01  ,0,0,0,0,0,0,0,0,0,3000,0,0,0,105000,102000,3000,3000
068838,智易永豐02購01  ,0,0,0,0,0,0,0,0,0,3000,0,0,0,13000,10000,3000,3000
068862,義隆元富04購01  ,0,0,0,0,0,0,0,0,0,3000,0,0,0,79000,76000,3000,3000
068294,玉晶光兆豐03購01,0,0,0,0,0,0,0,0,0,3000,0,0,0,3000,0,3000,3000
068377,京元電永豐01購03,0,0,0,0,0,0,0,0,0,3000,0,0,0,28000,25000,3000,3000
068398,上証2X元富07購04,0,0,0,0,0,0,0,0,0,3000,0,0,0,4000,1000,3000,3000
068391,玉晶光統一07購01,0,0,0,0,0,0,0,0,0,3000,0,0,0,3000,0,3000,3000
068925,欣興國泰04購01  ,0,0,0,0,0,0,0,0,0,3000,0,0,0,18000,15000,3000,3000
068988,道瓊銀國泰03購01,0,0,0,0,0,0,0,0,0,3000,0,0,0,3000,0,3000,3000
069516,景碩凱基02購03  ,0,0,0,0,0,0,0,0,0,3000,0,0,0,4000,1000,3000,3000
069290,玉晶光第一02購01,0,0,0,0,0,0,0,0,0,3000,0,0,0,3000,0,3000,3000
06933P,禾伸堂元大98售03,0,0,0,0,0,0,0,0,0,3000,0,0,0,3000,0,3000,3000
069576,緯穎凱基02購03  ,0,0,0,0,0,0,0,0,0,3000,0,0,0,5000,2000,3000,3000
069805,道瓊銀國票04購01,0,0,0,0,0,0,0,0,0,3000,0,0,0,6000,3000,3000,3000
069894,台積電元大02購33,0,0,0,0,0,0,0,0,0,3000,0,0,0,56000,53000,3000,3000
060203,緯穎元富9A購01  ,0,0,0,0,0,0,0,0,0,3000,0,0,0,3000,0,3000,3000
058790,楠梓電元大99購03,0,0,0,0,0,0,0,0,0,3000,0,0,0,3000,0,3000,3000
058181,華新科國泰9B購01,0,0,0,0,0,0,0,0,0,3000,0,0,0,3000,0,3000,3000
058719,智邦元富99購01  ,0,0,0,0,0,0,0,0,0,3000,0,0,0,3000,0,3000,3000
058699,楠梓電元大99購02,0,0,0,0,0,0,0,0,0,3000,0,0,0,3000,0,3000,3000
058736,鈺齊永豐99購02  ,0,0,0,0,0,0,0,0,0,3000,0,0,0,3000,0,3000,3000
058671,旺宏群益9A購01  ,0,0,0,0,0,0,0,0,0,3000,0,0,0,26000,23000,3000,3000
062774,儒鴻元大9C購01  ,0,0,0,0,0,0,0,0,0,3000,0,0,0,3000,0,3000,3000
057331,台積電國票99購04,0,0,0,0,0,0,0,0,0,3000,0,0,0,35000,32000,3000,3000
057243,樺漢凱基99購01  ,0,0,0,0,0,0,0,0,0,3000,0,0,0,3000,0,3000,3000
060634,矽創富邦9B購01  ,0,0,0,0,0,0,0,0,0,3000,0,0,0,3000,0,3000,3000
060519,S&P500中信01購01,0,0,0,0,0,0,0,0,0,3000,0,0,0,3000,0,3000,3000
059214,國巨元大99購20  ,0,0,0,0,0,0,0,0,0,3000,0,0,0,35000,32000,3000,3000
060308,劍麟永豐9A購01  ,0,0,0,0,0,0,0,0,0,3000,0,0,0,3000,0,3000,3000
059707,健策凱基9A購03  ,0,0,0,0,0,0,0,0,0,3000,0,0,0,3000,0,3000,3000
056375,玉晶光統一01購01,0,0,0,0,0,0,0,0,0,3000,0,0,0,3000,0,3000,3000
03466P,玉晶光台新02售01,0,0,0,0,0,0,0,0,0,3000,0,0,0,3000,0,3000,3000
03527P,健策凱基02售04  ,0,0,0,0,0,0,0,0,0,3000,0,0,0,20000,17000,3000,3000
053294,聯發科中信9C購01,0,0,0,0,0,0,0,0,0,3000,0,0,0,3000,0,3000,3000
0053,元大電子        ,0,0,0,0,0,0,0,0,0,3000,0,0,0,32000,29000,3000,3000
03162P,泰碩元大01售02  ,0,0,0,0,0,0,0,0,0,3000,0,0,0,274000,271000,3000,3000
03205P,聯發科凱基01售24,0,0,0,0,0,0,0,0,0,3000,0,0,0,48000,45000,3000,3000
063233,國巨元大9B購19  ,0,0,0,0,0,0,0,0,0,3000,0,0,0,16000,13000,3000,3000
063293,億豐元大9B購01  ,0,0,0,0,0,0,0,0,0,3000,0,0,0,3000,0,3000,3000
062842,臺股指群益9B購09,0,0,0,0,0,0,0,0,0,3000,0,0,0,3000,0,3000,3000
062858,微星國票9B購01  ,0,0,0,0,0,0,0,0,0,3000,0,0,0,6000,3000,3000,3000
064113,新日興國票01購01,0,0,0,0,0,0,0,0,0,3000,0,0,0,4000,1000,3000,3000
064077,台積電中信06購03,0,0,0,0,0,0,0,0,0,3000,0,0,0,3000,0,3000,3000
061824,聯電麥證9B購01  ,0,0,0,3000,0,3000,0,0,0,3000,0,0,0,3000,0,3000,3000
061066,嘉晶凱基9B購01  ,0,0,0,0,0,0,0,0,0,3000,0,0,0,30000,27000,3000,3000
061690,旺宏群益9A購05  ,0,0,0,0,0,0,0,0,0,3000,0,0,0,3000,0,3000,3000
061708,同欣電國票9A購02,0,0,0,0,0,0,0,0,0,3000,0,0,0,5000,2000,3000,3000
061790,中租群益9B購01  ,0,0,0,0,0,0,0,0,0,3000,0,0,0,3000,0,3000,3000
061582,麗豐元大9A購01  ,0,0,0,0,0,0,0,0,0,3000,0,0,0,3000,0,3000,3000
061568,國巨元大9A購25  ,0,0,0,0,0,0,0,0,0,3000,0,0,0,16000,13000,3000,3000
061524,華通凱基9A購07  ,0,0,0,0,0,0,0,0,0,3000,0,0,0,21000,18000,3000,3000
063995,健鼎群益9C購01  ,0,0,0,0,0,0,0,0,0,3000,0,0,0,3000,0,3000,3000
063954,世芯元大01購02  ,0,0,0,0,0,0,0,0,0,3000,0,0,0,3000,0,3000,3000
063865,旺宏永豐9C購01  ,0,0,0,0,0,0,0,0,0,3000,0,0,0,3000,0,3000,3000
063868,嘉晶永豐9C購01  ,0,0,0,0,0,0,0,0,0,3000,0,0,0,18000,15000,3000,3000
063847,聯發科元大9C購03,0,0,0,0,0,0,0,0,0,3000,0,0,0,20000,17000,3000,3000
062719,微星凱基9B購01  ,0,0,0,0,0,0,0,0,0,3000,0,0,0,10000,7000,3000,3000
061169,GIS兆豐9A購01   ,0,0,0,0,0,0,0,0,0,3000,0,0,0,3000,0,3000,3000
062586,國巨統一01購06  ,0,0,0,0,0,0,0,0,0,3000,0,0,0,3000,0,3000,3000
062560,奇鋐凱基9B購02  ,0,0,0,0,0,0,0,0,0,3000,0,0,0,3000,0,3000,3000
062474,台表科凱基9C購01,0,0,0,0,0,0,0,0,0,3000,0,0,0,3000,0,3000,3000
062349,新日興群益9B購02,0,0,0,0,0,0,0,0,0,3000,0,0,0,24000,21000,3000,3000
062386,京鼎國泰9C購01  ,0,0,0,0,0,0,0,0,0,3000,0,0,0,16000,13000,3000,3000
062416,和大統一01購02  ,0,0,0,0,0,0,0,0,0,3000,0,0,0,4000,1000,3000,3000
06241P,大立光元富9A售01,0,0,0,0,0,0,0,0,0,3000,0,0,0,3000,0,3000,3000
064342,晶技元大9C購01  ,0,0,0,0,0,0,0,0,0,3000,0,0,0,26000,23000,3000,3000
064589,聯鈞永豐9C購01  ,0,0,0,0,0,0,0,0,0,3000,0,0,0,5000,2000,3000,3000
064732,GIS統一01購03   ,0,0,0,0,0,0,0,0,0,3000,0,0,0,112000,109000,3000,3000
064717,台積電統一01購08,0,0,0,0,0,0,0,0,0,3000,0,0,0,3000,0,3000,3000
066137,智易群益01購01  ,0,0,0,0,0,0,0,0,0,3000,0,0,0,66000,63000,3000,3000
066126,南港群益01購01  ,0,0,0,0,0,0,0,0,0,3000,0,0,0,55000,52000,3000,3000
066085,台積電富邦05購01,0,0,0,0,0,0,0,0,0,3000,0,0,0,89000,86000,3000,3000
065709,瀚宇博群益9C購01,0,0,0,0,0,0,0,0,0,3000,0,0,0,3000,0,3000,3000
065759,TPK元大9C購05   ,0,0,0,0,0,0,0,0,0,3000,0,0,0,35000,32000,3000,3000
065468,FBVIX元大9C購04 ,0,0,0,0,0,0,0,0,0,3000,0,0,0,3000,0,3000,3000
065244,聯發科兆豐9C購05,0,0,0,0,0,0,0,0,0,3000,0,0,0,7000,4000,3000,3000
064903,新唐群益9C購01  ,0,0,0,0,0,0,0,0,0,3000,0,0,0,32000,29000,3000,3000
065004,瑞昱國票01購02  ,0,0,0,0,0,0,0,0,0,3000,0,0,0,4000,1000,3000,3000
067460,晶技永豐01購02  ,0,0,0,0,0,0,0,0,0,3000,0,0,0,26000,23000,3000,3000
067328,鎧勝康和01購02  ,0,0,0,0,0,0,0,0,0,3000,0,0,0,5000,2000,3000,3000
067045,聯發科凱基02購05,0,0,0,0,0,0,0,0,0,3000,0,0,0,4000,1000,3000,3000
066601,上証2X富邦02購01,0,0,0,0,0,0,0,0,0,3000,0,0,0,9000,6000,3000,3000
066621,川湖凱基01購01  ,0,0,0,0,0,0,0,0,0,3000,0,0,0,69000,66000,3000,3000
08561P,台表科國票01售02,0,0,0,0,0,0,0,0,0,3000,0,0,0,43000,40000,3000,3000
08919P,臺股指凱基01售10,0,0,0,0,0,0,0,0,0,3000,0,0,0,3000,0,3000,3000
08835P,聯發科統一01售12,0,0,0,0,0,0,0,0,0,3000,0,0,0,5000,2000,3000,3000
08333P,大立光富邦02售03,0,0,0,0,0,0,0,0,0,3000,0,0,0,3000,0,3000,3000
08273P,國巨元富9C售02  ,0,0,0,0,0,0,0,0,0,3000,0,0,0,578000,575000,3000,3000
08291P,智邦台新9C售02  ,0,0,0,0,0,0,0,0,0,3000,0,0,0,10000,7000,3000,3000
07980P,臺股指凱基02售01,0,0,0,0,0,0,0,0,0,3000,0,0,0,3000,0,3000,3000
08128P,聯發科元大9B售22,0,0,0,0,0,0,0,0,0,3000,0,0,0,70000,67000,3000,3000
07844P,可成國票9A售01  ,0,0,0,0,0,0,0,0,0,3000,0,0,0,106000,103000,3000,3000
07558P,玉晶光元大9A售10,0,0,0,0,0,0,0,0,0,3000,0,0,0,3000,0,3000,3000
3622,洋華            ,253000,249000,4000,0,0,0,0,0,0,-1000,0,1000,-1000,0,0,0,3000
2891C,中信金丙特      ,0,0,0,0,0,0,0,0,0,3000,4000,1000,3000,0,0,0,3000
6641,基士德-KY       ,5000,2000,3000,0,0,0,0,0,0,0,0,0,0,0,0,0,3000
9941A,裕融甲特        ,0,0,0,0,0,0,0,0,0,3000,4000,1000,3000,0,0,0,3000
9906,欣巴巴          ,15000,12000,3000,0,0,0,0,0,0,0,0,0,0,0,0,0,3000
069888,儒鴻元大02購01  ,0,0,0,0,0,0,0,0,0,2000,0,0,0,2000,0,2000,2000
07262P,台灣50元大9B售05,0,0,0,0,0,0,0,0,0,2000,0,0,0,2000,0,2000,2000
07059P,華通國票9A售02  ,0,0,0,0,0,0,0,0,0,2000,0,0,0,2000,0,2000,2000
07094P,華通國票9A售03  ,0,0,0,0,0,0,0,0,0,2000,0,0,0,102000,100000,2000,2000
06967P,台郡台新99售02  ,0,0,0,0,0,0,0,0,0,2000,0,0,0,2000,0,2000,2000
069027,晶技國票03購01  ,0,0,0,0,0,0,0,0,0,2000,0,0,0,2000,0,2000,2000
06888P,日月光元大98售02,0,0,0,0,0,0,0,0,0,2000,0,0,0,2000,0,2000,2000
068412,欣興台新01購01  ,0,0,0,0,0,0,0,0,0,2000,0,0,0,2000,0,2000,2000
068539,T50反1國票03購04,0,0,0,0,0,0,0,0,0,2000,0,0,0,511000,509000,2000,2000
068534,台達電中信03購01,0,0,0,0,0,0,0,0,0,2000,0,0,0,21000,19000,2000,2000
068596,亞德客凱基01購03,0,0,0,0,0,0,0,0,0,2000,0,0,0,9000,7000,2000,2000
068627,同欣電群益02購01,0,0,0,0,0,0,0,0,0,2000,0,0,0,100000,98000,2000,2000
068699,松翰凱基03購01  ,0,0,0,0,0,0,0,0,0,2000,0,0,0,10000,8000,2000,2000
068638,國泰金凱基03購01,0,0,0,0,0,0,0,0,0,2000,0,0,0,2000,0,2000,2000
068654,國巨元大02購07  ,0,0,0,0,0,0,0,0,0,2000,0,0,0,2000,0,2000,2000
067744,神達元大01購02  ,0,0,0,0,0,0,0,0,0,2000,0,0,0,2000,0,2000,2000
067886,台積電群益02購03,0,0,0,0,0,0,0,0,0,2000,0,0,0,2000,0,2000,2000
067873,神達元大01購03  ,0,0,0,0,0,0,0,0,0,2000,0,0,0,2000,0,2000,2000
06782P,大立光元大99售07,0,0,0,0,0,0,0,0,0,2000,0,0,0,2000,0,2000,2000
067715,泰豐凱基02購01  ,0,0,0,0,0,0,0,0,0,2000,0,0,0,2000,0,2000,2000
067936,泰碩凱基01購02  ,0,0,0,0,0,0,0,0,0,2000,0,0,0,2000,0,2000,2000
067907,緯創國泰03購01  ,0,0,0,0,0,0,0,0,0,2000,0,0,0,13000,11000,2000,2000
068043,GIS元富07購02   ,0,0,0,0,0,0,0,0,0,2000,0,0,0,2000,0,2000,2000
068096,聯電富邦03購01  ,0,0,0,0,0,0,0,0,0,2000,0,0,0,2000,0,2000,2000
068120,智易元富07購01  ,0,0,0,0,0,0,0,0,0,2000,0,0,0,2000,0,2000,2000
03139P,聯電凱基01售02  ,0,0,0,0,0,0,0,0,0,2000,0,0,0,12000,10000,2000,2000
03115P,玉晶光第一01售01,0,0,0,0,0,0,0,0,0,2000,0,0,0,67000,65000,2000,2000
00657,國泰日經225     ,0,0,0,0,0,0,0,0,0,2000,0,0,0,126000,124000,2000,2000
00691R,兆豐藍籌30反1   ,0,0,0,0,0,0,0,0,0,2000,0,0,0,2000,0,2000,2000
055999,電子類富邦99購01,0,0,0,0,0,0,0,0,0,2000,0,0,0,2000,0,2000,2000
050797,聯發科中信99購01,0,0,0,0,0,0,0,0,0,2000,0,0,0,2000,0,2000,2000
054297,台郡元大98購01  ,0,0,0,0,0,0,0,0,0,2000,0,0,0,2000,0,2000,2000
054808,東元元大9A購01  ,0,0,0,0,0,0,0,0,0,2000,0,0,0,2000,0,2000,2000
03078X,元展73          ,0,0,0,0,0,0,0,0,0,2000,0,0,0,2000,0,2000,2000
03040P,玉晶光國票03售02,0,0,0,0,0,0,0,0,0,2000,0,0,0,2000,0,2000,2000
03047X,元展44          ,0,0,0,0,0,0,0,0,0,2000,0,0,0,10000,8000,2000,2000
03534P,臺股指凱基02售13,0,0,0,0,0,0,0,0,0,2000,0,0,0,43000,41000,2000,2000
056861,美律群益99購01  ,0,0,0,0,0,0,0,0,0,2000,0,0,0,2000,0,2000,2000
056349,道瓊銀元大9B購01,0,0,0,0,0,0,0,0,0,2000,0,0,0,2000,0,2000,2000
056305,群創元大9A購03  ,0,0,0,0,0,0,0,0,0,2000,0,0,0,2000,0,2000,2000
056274,彩晶統一98購02  ,0,0,0,0,0,0,0,0,0,2000,0,0,0,32000,30000,2000,2000
056165,矽力凱基98購02  ,0,0,0,0,0,0,0,0,0,2000,0,0,0,22000,20000,2000,2000
056590,樺漢統一9A購01  ,0,0,0,0,0,0,0,0,0,2000,0,0,0,2000,0,2000,2000
03300P,台積電元富08售07,0,0,0,0,0,0,0,0,0,2000,0,0,0,2000,0,2000,2000
03557P,欣興元大02售17  ,0,0,0,0,0,0,0,0,0,2000,0,0,0,2000,0,2000,2000
059912,國巨元大99購28  ,0,0,0,0,0,0,0,0,0,2000,0,0,0,13000,11000,2000,2000
058371,智原凱基9A購01  ,0,0,0,0,0,0,0,0,0,2000,0,0,0,2000,0,2000,2000
058424,滬深2X元富99購04,0,0,0,0,0,0,0,0,0,2000,0,0,0,2000,0,2000,2000
060422,台勝科永豐9A購01,0,0,0,0,0,0,0,0,0,2000,0,0,0,2000,0,2000,2000
058516,健鼎元大99購02  ,0,0,0,0,0,0,0,0,0,2000,0,0,0,2000,0,2000,2000
059633,聯發科凱基9A購07,0,0,0,0,0,0,0,0,0,2000,0,0,0,2000,0,2000,2000
059960,健策國票99購01  ,0,0,0,0,0,0,0,0,0,2000,0,0,0,2000,0,2000,2000
060502,國巨元大9A購07  ,0,0,0,0,0,0,0,0,0,2000,0,0,0,47000,45000,2000,2000
057397,茂林中信9A購01  ,0,0,0,0,0,0,0,0,0,2000,0,0,0,2000,0,2000,2000
057543,華通凱基99購02  ,0,0,0,0,0,0,0,0,0,2000,0,0,0,2000,0,2000,2000
062729,神達凱基9B購02  ,0,0,0,0,0,0,0,0,0,2000,0,0,0,2000,0,2000,2000
060954,國泰金群益9A購02,0,0,0,0,0,0,0,0,0,2000,0,0,0,100000,98000,2000,2000
064166,和潤統一02購01  ,0,0,0,0,0,0,0,0,0,2000,0,0,0,2000,0,2000,2000
063518,儒鴻凱基9B購02  ,0,0,0,0,0,0,0,0,0,2000,0,0,0,6000,4000,2000,2000
060089,台積電元大99購54,0,0,0,0,0,0,0,0,0,2000,0,0,0,2000,0,2000,2000
060155,友訊永豐9A購01  ,0,0,0,0,0,0,0,0,0,2000,0,0,0,2000,0,2000,2000
064478,聚陽富邦01購01  ,0,0,0,0,0,0,0,0,0,2000,0,0,0,2000,0,2000,2000
064568,聯鈞群益9C購01  ,0,0,0,0,0,0,0,0,0,2000,0,0,0,24000,22000,2000,2000
064315,創意群益9C購01  ,0,0,0,0,0,0,0,0,0,2000,0,0,0,30000,28000,2000,2000
064434,微星凱基02購01  ,0,0,0,0,0,0,0,0,0,2000,0,0,0,2000,0,2000,2000
064437,可成凱基02購01  ,0,0,0,0,0,0,0,0,0,2000,0,0,0,102000,100000,2000,2000
063056,嘉澤統一9C購02  ,0,0,0,0,0,0,0,0,0,2000,0,0,0,15000,13000,2000,2000
063061,華新科元富9B購04,0,0,0,0,0,0,0,0,0,2000,0,0,0,2000,0,2000,2000
062288,南六群益9B購01  ,0,0,0,0,0,0,0,0,0,2000,0,0,0,19000,17000,2000,2000
063112,祥碩兆豐9B購01  ,0,0,0,0,0,0,0,0,0,2000,0,0,0,2000,0,2000,2000
062423,聯發科統一9C購07,0,0,0,0,0,0,0,0,0,2000,0,0,0,2000,0,2000,2000
062377,力成元大9B購01  ,0,0,0,0,0,0,0,0,0,2000,0,0,0,32000,30000,2000,2000
062497,遠東新群益9B購01,0,0,0,0,0,0,0,0,0,2000,0,0,0,5000,3000,2000,2000
062575,景碩群益9B購01  ,0,0,0,0,0,0,0,0,0,2000,0,0,0,2000,0,2000,2000
063000,緯穎國票9B購03  ,0,0,0,0,0,0,0,0,0,2000,0,0,0,2000,0,2000,2000
062326,國巨統一9C購09  ,0,0,0,0,0,0,0,0,0,2000,0,0,0,2000,0,2000,2000
061142,南電統一9A購01  ,0,0,0,0,0,0,0,0,0,2000,0,0,0,2000,0,2000,2000
060867,智伸科永豐9A購01,0,0,0,0,0,0,0,0,0,2000,0,0,0,2000,0,2000,2000
060723,致新永豐9A購01  ,0,0,0,0,0,0,0,0,0,2000,0,0,0,18000,16000,2000,2000
063848,大立光元大9C購09,0,0,0,0,0,0,0,0,0,2000,0,0,0,80000,78000,2000,2000
063684,上銀永豐9B購02  ,0,0,0,0,0,0,0,0,0,2000,0,0,0,40000,38000,2000,2000
061520,健策中信9A購01  ,0,0,0,0,0,0,0,0,0,2000,0,0,0,18000,16000,2000,2000
061747,南亞科統一01購01,0,0,0,0,0,0,0,0,0,2000,0,0,0,2000,0,2000,2000
061834,華新科凱基02購02,0,0,0,0,0,0,0,0,0,2000,0,0,0,2000,0,2000,2000
061866,力山元大9C購01  ,0,0,0,0,0,0,0,0,0,2000,0,0,0,35000,33000,2000,2000
061853,晶技國票9B購02  ,0,0,0,0,0,0,0,0,0,2000,0,0,0,10000,8000,2000,2000
064259,矽格富邦9C購01  ,0,0,0,0,0,0,0,0,0,2000,0,0,0,2000,0,2000,2000
064222,玉山金國票01購01,0,0,0,0,0,0,0,0,0,2000,0,0,0,2000,0,2000,2000
063208,鈺齊統一9C購01  ,0,0,0,0,0,0,0,0,0,2000,0,0,0,2000,0,2000,2000
064131,群創元大01購02  ,0,0,0,0,0,0,0,0,0,2000,0,0,0,78000,76000,2000,2000
063594,上銀中信9C購01  ,0,0,0,0,0,0,0,0,0,2000,0,0,0,2000,0,2000,2000
063611,儒鴻群益9B購03  ,0,0,0,0,0,0,0,0,0,2000,0,0,0,2000,0,2000,2000
066240,泰鼎富邦03購01  ,0,0,0,0,0,0,0,0,0,2000,0,0,0,2000,0,2000,2000
066447,智伸科群益01購02,0,0,0,0,0,0,0,0,0,2000,0,0,0,40000,38000,2000,2000
066930,台積電國票02購01,0,0,0,0,0,0,0,0,0,2000,0,0,0,2000,0,2000,2000
066912,盛群凱基01購01  ,0,0,0,0,0,0,0,0,0,2000,0,0,0,2000,0,2000,2000
06689P,鴻海中信9C售02  ,0,0,0,0,0,0,0,0,0,2000,0,0,0,352000,350000,2000,2000
066905,台積電凱基03購03,0,0,0,0,0,0,0,0,0,2000,0,0,0,2000,0,2000,2000
067202,聚陽元大01購02  ,0,0,0,0,0,0,0,0,0,2000,0,0,0,2000,0,2000,2000
067218,鎧勝元大01購04  ,0,0,0,0,0,0,0,0,0,2000,0,0,0,217000,215000,2000,2000
067080,群創元大01購04  ,0,0,0,0,0,0,0,0,0,2000,0,0,0,17000,15000,2000,2000
067066,鴻海元大01購15  ,0,0,0,0,0,0,0,0,0,2000,0,0,0,12000,10000,2000,2000
067337,欣興凱基01購01  ,0,0,0,0,0,0,0,0,0,2000,0,0,0,2000,0,2000,2000
067361,旭富群益01購02  ,0,0,0,0,0,0,0,0,0,2000,0,0,0,2000,0,2000,2000
067531,台積電群益01購13,0,0,0,0,0,0,0,0,0,2000,0,0,0,2000,0,2000,2000
064991,友達兆豐9C購01  ,0,0,0,0,0,0,0,0,0,2000,0,0,0,62000,60000,2000,2000
064978,群創元大9C購07  ,0,0,0,0,0,0,0,0,0,2000,0,0,0,42000,40000,2000,2000
064951,聯發科凱基01購04,0,0,0,0,0,0,0,0,0,2000,0,0,0,10000,8000,2000,2000
065048,世芯凱基01購01  ,0,0,0,0,0,0,0,0,0,2000,0,0,0,2000,0,2000,2000
065109,台勝科國票01購01,0,0,0,0,0,0,0,0,0,2000,0,0,0,2000,0,2000,2000
064695,京鼎群益02購02  ,0,0,0,0,0,0,0,0,0,2000,0,0,0,40000,38000,2000,2000
065304,台勝科元富03購01,0,0,0,0,0,0,0,0,0,2000,0,0,0,2000,0,2000,2000
065128,大成鋼兆豐9C購01,0,0,0,0,0,0,0,0,0,2000,0,0,0,10000,8000,2000,2000
065224,和大凱基02購02  ,0,0,0,0,0,0,0,0,0,2000,0,0,0,2000,0,2000,2000
065500,健鼎富邦01購01  ,0,0,0,0,0,0,0,0,0,2000,0,0,0,2000,0,2000,2000
065350,華擎統一01購04  ,0,0,0,0,0,0,0,0,0,2000,0,0,0,2000,0,2000,2000
065758,嘉澤元大9C購03  ,0,0,0,0,0,0,0,0,0,2000,0,0,0,7000,5000,2000,2000
065676,臻鼎凱基9C購04  ,0,0,0,0,0,0,0,0,0,2000,0,0,0,2000,0,2000,2000
065633,聯發科國票01購02,0,0,0,0,0,0,0,0,0,2000,0,0,0,135000,133000,2000,2000
065912,瑞祺永豐9C購02  ,0,0,0,0,0,0,0,0,0,2000,0,0,0,6000,4000,2000,2000
065884,智原元富9C購02  ,0,0,0,0,0,0,0,0,0,2000,0,0,0,2000,0,2000,2000
2936,客思達-KY       ,11000,9000,2000,0,0,0,0,0,0,0,0,0,0,0,0,0,2000
3591,艾笛森          ,18000,12000,6000,0,0,0,0,0,0,-4000,0,4000,-4000,0,0,0,2000
1423,利華            ,28000,23000,5000,0,0,0,0,0,0,-3000,0,3000,-3000,0,0,0,2000
1516,川飛            ,17000,15000,2000,0,0,0,0,0,0,0,0,0,0,0,0,0,2000
07340P,鴻海凱基99售15  ,0,0,0,0,0,0,0,0,0,2000,0,0,0,2000,0,2000,2000
07626P,台灣50凱基04售07,0,0,0,0,0,0,0,0,0,2000,0,0,0,2000,0,2000,2000
07656P,國巨凱基9A售15  ,0,0,0,0,0,0,0,0,0,2000,0,0,0,12000,10000,2000,2000
07731P,臺股指凱基9A售28,0,0,0,0,0,0,0,0,0,2000,0,0,0,54000,52000,2000,2000
07864P,可成元大9B售01  ,50000,0,50000,0,0,0,0,0,0,-48000,0,0,0,8000,56000,-48000,2000
07760P,力山永豐9A售03  ,0,0,0,0,0,0,0,0,0,2000,0,0,0,2000,0,2000,2000
07958P,華擎群益9B售01  ,0,0,0,0,0,0,0,0,0,2000,0,0,0,2000,0,2000,2000
08002P,大毅國票9B售03  ,0,0,0,0,0,0,0,0,0,2000,0,0,0,41000,39000,2000,2000
08303P,聯發科富邦9C售05,0,0,0,0,0,0,0,0,0,2000,0,0,0,2000,0,2000,2000
08352P,大立光群益01售02,0,0,0,0,0,0,0,0,0,2000,0,0,0,2000,0,2000,2000
08200P,祥碩元大9B售08  ,0,0,0,0,0,0,0,0,0,2000,0,0,0,2000,0,2000,2000
08831P,台積電群益01售11,0,0,0,0,0,0,0,0,0,2000,0,0,0,2000,0,2000,2000
08857P,台灣50國票01售07,0,0,0,0,0,0,0,0,0,2000,0,0,0,2000,0,2000,2000
08895P,台灣50元富02售02,0,0,0,0,0,0,0,0,0,2000,0,0,0,2000,0,2000,2000
08942P,上証2X國票02售04,0,0,0,0,0,0,0,0,0,2000,0,0,0,2000,0,2000,2000
08671P,友訊國票01售01  ,0,0,0,0,0,0,0,0,0,2000,0,0,0,38000,36000,2000,2000
08639P,聯發科永豐9C售03,0,0,0,0,0,0,0,0,0,2000,0,0,0,2000,0,2000,2000
008201,BP上證50        ,0,0,0,0,0,0,0,0,0,1100,0,0,0,1100,0,1100,1100
068091,華碩群益01購02  ,0,0,0,0,0,0,0,0,0,1000,0,0,0,2000,1000,1000,1000
068185,嘉聯益群益01購01,0,0,0,0,0,0,0,0,0,1000,0,0,0,1000,0,1000,1000
068074,玉山金凱基01購01,0,0,0,0,0,0,0,0,0,1000,0,0,0,6000,5000,1000,1000
067729,台灣50元大01購29,0,0,0,0,0,0,0,0,0,1000,0,0,0,2000,1000,1000,1000
067659,滬深2X元大03購05,0,0,0,0,0,0,0,0,0,1000,0,0,0,1000,0,1000,1000
067778,A50群益01購01   ,0,0,0,0,0,0,0,0,0,1000,0,0,0,1000,0,1000,1000
06859P,元金2X中信9C售01,0,0,0,0,0,0,0,0,0,1000,0,0,0,1000,0,1000,1000
068587,T50反1元富07購05,0,0,0,0,0,0,0,0,0,1000,0,0,0,5000,4000,1000,1000
068786,亞德客凱基03購02,0,0,0,0,0,0,0,0,0,1000,0,0,0,10000,9000,1000,1000
068425,道瓊銀凱基04購01,0,0,0,0,0,0,0,0,0,1000,0,0,0,2000,1000,1000,1000
068469,鴻海群益01購11  ,0,0,0,0,0,0,0,0,0,1000,0,0,0,1000,0,1000,1000
068380,欣興永豐01購05  ,0,0,0,0,0,0,0,0,0,1000,0,0,0,1000,0,1000,1000
068245,國巨元大01購16  ,0,0,0,0,0,0,0,0,0,1000,0,0,0,1000,0,1000,1000
068264,達新永豐01購01  ,0,0,0,0,0,0,0,0,0,1000,0,0,0,1000,0,1000,1000
068962,奇鋐群益02購02  ,0,0,0,0,0,0,0,0,0,1000,0,0,0,13000,12000,1000,1000
06906P,國巨國泰99售01  ,0,0,0,0,0,0,0,0,0,1000,0,0,0,1000,0,1000,1000
069145,聯陽永豐02購01  ,0,0,0,0,0,0,0,0,0,1000,0,0,0,1000,0,1000,1000
069351,台虹群益03購01  ,0,0,0,0,0,0,0,0,0,1000,0,0,0,1000,0,1000,1000
069282,崇越永豐02購01  ,0,0,0,0,0,0,0,0,0,1000,0,0,0,11000,10000,1000,1000
06931P,大立光元大98售20,0,0,0,0,0,0,0,0,0,1000,0,0,0,1000,0,1000,1000
069370,SP黃豆元大03購02,0,0,0,0,0,0,0,0,0,1000,0,0,0,2000,1000,1000,1000
069444,金像電元富08購01,0,0,0,0,0,0,0,0,0,1000,0,0,0,27000,26000,1000,1000
069442,長興元富06購01  ,0,0,0,0,0,0,0,0,0,1000,0,0,0,211000,210000,1000,1000
06962P,華新科永豐99售01,0,0,0,0,0,0,0,0,0,1000,0,0,0,1000,0,1000,1000
069569,聯陽凱基02購01  ,0,0,0,0,0,0,0,0,0,1000,0,0,0,1000,0,1000,1000
069560,玉晶光麥證02購01,0,0,0,11000,7000,4000,0,0,0,1000,0,0,0,13000,12000,1000,1000
069836,聯華群益04購01  ,0,0,0,0,0,0,0,0,0,1000,0,0,0,1000,0,1000,1000
069711,宏達電國票02購02,0,0,0,0,0,0,0,0,0,1000,0,0,0,3000,2000,1000,1000
07105P,大毅元富99售02  ,0,0,0,0,0,0,0,0,0,1000,0,0,0,1000,0,1000,1000
07200P,臺股指元大99售16,0,0,0,0,0,0,0,0,0,1000,0,0,0,1000,0,1000,1000
07045P,上銀國票9A售01  ,0,0,0,0,0,0,0,0,0,1000,0,0,0,1000,0,1000,1000
07013P,玉晶光群益9A售06,0,0,0,0,0,0,0,0,0,1000,0,0,0,1000,0,1000,1000
07274P,上証2X群益01售01,0,0,0,0,0,0,0,0,0,1000,0,0,0,4000,3000,1000,1000
069959,樺漢永豐02購01  ,0,0,0,0,0,0,0,0,0,1000,0,0,0,47000,46000,1000,1000
070050,南電永豐02購03  ,0,0,0,0,0,0,0,0,0,1000,0,0,0,4000,3000,1000,1000
070001,聯電元大02購25  ,0,0,0,0,0,0,0,0,0,1000,0,0,0,2000,1000,1000,1000
00706L,元大S&P日圓正2  ,0,0,0,0,0,0,0,0,0,1000,0,0,0,2000,1000,1000,1000
03133P,聯電中信01售02  ,0,0,0,0,0,0,0,0,0,1000,0,0,0,11000,10000,1000,1000
006204,永豐臺灣加權    ,0,0,0,0,0,0,0,0,0,1000,0,0,0,1000,0,1000,1000
03244P,台積電統一03售13,0,0,0,0,0,0,0,0,0,1000,0,0,0,1000,0,1000,1000
03245P,聯發科統一02售11,0,0,0,0,0,0,0,0,0,1000,0,0,0,1000,0,1000,1000
03200P,台積電統一03售11,0,0,0,0,0,0,0,0,0,1000,0,0,0,40000,39000,1000,1000
03003P,京鼎群益01售02  ,0,0,0,0,0,0,0,0,0,1000,0,0,0,137000,136000,1000,1000
054758,南亞國票9A購01  ,0,0,0,0,0,0,0,0,0,1000,0,0,0,10000,9000,1000,1000
05175P,TPK富邦99售01   ,0,0,0,0,0,0,0,0,0,1000,0,0,0,3000,2000,1000,1000
058380,臺股指凱基99購15,0,0,0,0,0,0,0,0,0,1000,0,0,0,1000,0,1000,1000
059754,訊芯群益9A購01  ,0,0,0,0,0,0,0,0,0,1000,0,0,0,1000,0,1000,1000
03273P,台積電元富08售03,0,0,0,0,0,0,0,0,0,1000,0,0,0,13000,12000,1000,1000
03278P,臺股指中信02售03,0,0,0,0,0,0,0,0,0,1000,0,0,0,1000,0,1000,1000
056864,新日興群益99購01,0,0,0,0,0,0,0,0,0,1000,0,0,0,1000,0,1000,1000
056856,華通群益9A購01  ,0,0,0,0,0,0,0,0,0,1000,0,0,0,4000,3000,1000,1000
03535P,臺股指凱基02售14,0,0,0,0,0,0,0,0,0,1000,0,0,0,1000,0,1000,1000
03536P,臺股指凱基02售15,0,0,0,0,0,0,0,0,0,1000,0,0,0,1000,0,1000,1000
056747,致新凱基99購01  ,0,0,0,0,0,0,0,0,0,1000,0,0,0,1000,0,1000,1000
060174,T50反1元富04購01,0,0,0,0,0,0,0,0,0,1000,0,0,0,1000,0,1000,1000
058813,旺宏統一9B購04  ,0,0,0,0,0,0,0,0,0,1000,0,0,0,1000,0,1000,1000
058923,華新科元富99購06,0,0,0,0,0,0,0,0,0,1000,0,0,0,1000,0,1000,1000
058947,SGBR2X群益9B購02,0,0,0,0,0,0,0,0,0,1000,0,0,0,1000,0,1000,1000
060103,聯詠元大99購01  ,0,0,0,0,0,0,0,0,0,1000,0,0,0,1000,0,1000,1000
058648,聯陽永豐99購01  ,0,0,0,0,0,0,0,0,0,1000,0,0,0,1000,0,1000,1000
057999,智邦亞東99購02  ,0,0,0,0,0,0,0,0,0,1000,0,0,0,1000,0,1000,1000
058121,國巨國票9A購01  ,0,0,0,0,0,0,0,0,0,1000,0,0,0,1000,0,1000,1000
060930,超眾永豐9A購03  ,0,0,0,0,0,0,0,0,0,1000,0,0,0,1000,0,1000,1000
060897,健策凱基9A購04  ,0,0,0,0,0,0,0,0,0,1000,0,0,0,1000,0,1000,1000
057616,聯電凱基99購01  ,0,0,0,0,0,0,0,0,0,1000,0,0,0,1000,0,1000,1000
057398,台郡中信99購01  ,0,0,0,0,0,0,0,0,0,1000,0,0,0,1000,0,1000,1000
057733,嘉聯益國泰99購01,0,0,0,0,0,0,0,0,0,1000,0,0,0,1000,0,1000,1000
057908,國泰金亞東99購01,0,0,0,0,0,0,0,0,0,1000,0,0,0,1000,0,1000,1000
057909,台光電兆豐98購01,0,0,0,0,0,0,0,0,0,1000,0,0,0,1000,0,1000,1000
060497,臺指反元大01購02,0,0,0,0,0,0,0,0,0,1000,0,0,0,1000,0,1000,1000
060542,上銀凱基9A購04  ,0,0,0,0,0,0,0,0,0,1000,0,0,0,1000,0,1000,1000
060022,勤誠康和99購01  ,0,0,0,0,0,0,0,0,0,1000,0,0,0,7000,6000,1000,1000
060627,國巨國泰9B購05  ,0,0,0,0,0,0,0,0,0,1000,0,0,0,54000,53000,1000,1000
057043,台積電元大99購02,0,0,0,0,0,0,0,0,0,1000,0,0,0,1000,0,1000,1000
060008,華邦電群益9A購01,0,0,0,0,0,0,0,0,0,1000,0,0,0,1000,0,1000,1000
058603,台積電元大99購12,0,0,0,0,0,0,0,0,0,1000,0,0,0,1000,0,1000,1000
058464,矽創兆豐9A購01  ,0,0,0,0,0,0,0,0,0,1000,0,0,0,1000,0,1000,1000
059512,晶豪科永豐99購02,0,0,0,0,0,0,0,0,0,1000,0,0,0,1000,0,1000,1000
060421,華擎永豐9A購01  ,0,0,0,0,0,0,0,0,0,1000,0,0,0,1000,0,1000,1000
059080,亞泥元大99購01  ,0,0,0,0,0,0,0,0,0,1000,0,0,0,1000,0,1000,1000
059081,和大元大99購01  ,0,0,0,0,0,0,0,0,0,1000,0,0,0,6000,5000,1000,1000
059397,T50反1元富99購05,0,0,0,0,0,0,0,0,0,1000,0,0,0,1000,0,1000,1000
059388,國巨凱基99購13  ,0,0,0,0,0,0,0,0,0,1000,0,0,0,3000,2000,1000,1000
063586,燿華永豐9B購02  ,0,0,0,0,0,0,0,0,0,1000,0,0,0,1000,0,1000,1000
064143,旺宏統一01購05  ,0,0,0,0,0,0,0,0,0,1000,0,0,0,1000,0,1000,1000
063196,力成元富9B購01  ,0,0,0,0,0,0,0,0,0,1000,0,0,0,1000,0,1000,1000
064290,GIS元大9C購04   ,0,0,0,0,0,0,0,0,0,1000,0,0,0,68000,67000,1000,1000
063227,祥碩群益9B購06  ,0,0,0,0,0,0,0,0,0,1000,0,0,0,5000,4000,1000,1000
063380,台表科永豐9B購03,0,0,0,0,0,0,0,0,0,1000,0,0,0,1000,0,1000,1000
061734,全新中信9B購02  ,0,0,0,0,0,0,0,0,0,1000,0,0,0,1000,0,1000,1000
061617,微星群益9A購02  ,0,0,0,0,0,0,0,0,0,1000,0,0,0,1000,0,1000,1000
063699,國巨群益9B購07  ,0,0,0,0,0,0,0,0,0,1000,0,0,0,1000,0,1000,1000
063643,臻鼎元大9B購03  ,0,0,0,0,0,0,0,0,0,1000,0,0,0,50000,49000,1000,1000
063864,健策富邦01購01  ,0,0,0,0,0,0,0,0,0,1000,0,0,0,1000,0,1000,1000
060705,台光電富邦9B購01,0,0,0,0,0,0,0,0,0,1000,0,0,0,1000,0,1000,1000
062699,台積電元大01購02,0,0,0,0,0,0,0,0,0,1000,0,0,0,1000,0,1000,1000
060763,聯鈞元大9A購03  ,0,0,0,0,0,0,0,0,0,1000,0,0,0,11000,10000,1000,1000
060783,亞德客富邦9B購01,0,0,0,0,0,0,0,0,0,1000,0,0,0,1000,0,1000,1000
062602,華通麥證9C購01  ,0,0,0,1000,0,1000,0,0,0,1000,0,0,0,1000,0,1000,1000
060849,力成國票9A購01  ,0,0,0,0,0,0,0,0,0,1000,0,0,0,1000,0,1000,1000
062346,智邦群益9B購02  ,0,0,0,0,0,0,0,0,0,1000,0,0,0,3000,2000,1000,1000
062307,華通凱基9C購01  ,0,0,0,0,0,0,0,0,0,1000,0,0,0,4000,3000,1000,1000
062956,同欣電永豐9B購02,0,0,0,0,0,0,0,0,0,1000,0,0,0,1000,0,1000,1000
062090,南電元大9B購02  ,0,0,0,0,0,0,0,0,0,1000,0,0,0,1000,0,1000,1000
062578,超眾群益9B購01  ,0,0,0,0,0,0,0,0,0,1000,0,0,0,13000,12000,1000,1000
062351,瑞祺群益9C購01  ,0,0,0,0,0,0,0,0,0,1000,0,0,0,21000,20000,1000,1000
06242P,大立光元富9A售02,0,0,0,0,0,0,0,0,0,1000,0,0,0,1000,0,1000,1000
063082,瑞昱凱基9B購04  ,0,0,0,0,0,0,0,0,0,1000,0,0,0,3000,2000,1000,1000
064502,大立光元大9C購19,0,0,0,0,0,0,0,0,0,1000,0,0,0,1000,0,1000,1000
064724,健鼎統一02購02  ,0,0,0,0,0,0,0,0,0,1000,0,0,0,10000,9000,1000,1000
064714,和大統一02購02  ,0,0,0,0,0,0,0,0,0,1000,0,0,0,1000,0,1000,1000
064719,聯發科統一02購01,0,0,0,0,0,0,0,0,0,1000,0,0,0,2000,1000,1000,1000
064747,彩晶國票01購01  ,0,0,0,0,0,0,0,0,0,1000,0,0,0,1000,0,1000,1000
06463P,大立光富邦9A售01,0,0,0,0,0,0,0,0,0,1000,0,0,0,1000,0,1000,1000
065863,臺股指元大9C購37,0,0,0,0,0,0,0,0,0,1000,0,0,0,2000,1000,1000,1000
065929,TPK國票02購01   ,0,0,0,0,0,0,0,0,0,1000,0,0,0,1000,0,1000,1000
065943,台表科元富01購01,0,0,0,0,0,0,0,0,0,1000,0,0,0,1000,0,1000,1000
065979,立積元大03購01  ,0,0,0,0,0,0,0,0,0,1000,0,0,0,584000,583000,1000,1000
066040,友訊元大01購02  ,0,0,0,0,0,0,0,0,0,1000,0,0,0,21000,20000,1000,1000
066100,鎧勝中信05購01  ,0,0,0,0,0,0,0,0,0,1000,0,0,0,1000,0,1000,1000
066140,鎧勝群益01購01  ,0,0,0,0,0,0,0,0,0,1000,0,0,0,1000,0,1000,1000
065720,義隆兆豐9C購03  ,0,0,0,0,0,0,0,0,0,1000,0,0,0,30000,29000,1000,1000
065410,國巨永豐9C購01  ,0,0,0,0,0,0,0,0,0,1000,0,0,0,2000,1000,1000,1000
065194,和大元富9C購01  ,0,0,0,0,0,0,0,0,0,1000,0,0,0,1000,0,1000,1000
065122,電子類富邦9C購01,0,0,0,0,0,0,0,0,0,1000,0,0,0,1000,0,1000,1000
065158,和碩群益9C購01  ,0,0,0,0,0,0,0,0,0,1000,0,0,0,1000,0,1000,1000
065282,國巨群益9C購14  ,0,0,0,0,0,0,0,0,0,1000,0,0,0,1000,0,1000,1000
065051,和碩凱基02購01  ,0,0,0,0,0,0,0,0,0,1000,0,0,0,1000,0,1000,1000
067551,欣興中信02購01  ,0,0,0,0,0,0,0,0,0,1000,0,0,0,1000,0,1000,1000
06742P,可成富邦99售02  ,0,0,0,0,0,0,0,0,0,1000,0,0,0,1000,0,1000,1000
067399,新日興永豐01購01,0,0,0,0,0,0,0,0,0,1000,0,0,0,1000,0,1000,1000
067352,美律群益01購01  ,0,0,0,0,0,0,0,0,0,1000,0,0,0,1000,0,1000,1000
067172,台積電兆豐03購02,0,0,0,0,0,0,0,0,0,1000,0,0,0,1000,0,1000,1000
066944,鴻海元大01購13  ,0,0,0,0,0,0,0,0,0,1000,0,0,0,180000,179000,1000,1000
066965,鴻海元富07購07  ,0,0,0,0,0,0,0,0,0,1000,0,0,0,5000,4000,1000,1000
067031,華擎元富01購01  ,0,0,0,0,0,0,0,0,0,1000,0,0,0,364000,363000,1000,1000
066567,臻鼎元大01購01  ,0,0,0,0,0,0,0,0,0,1000,0,0,0,7000,6000,1000,1000
066689,技嘉台新01購01  ,0,0,0,0,0,0,0,0,0,1000,0,0,0,2000,1000,1000,1000
066828,聯發科群益02購05,0,0,0,0,0,0,0,0,0,1000,0,0,0,1000,0,1000,1000
08688P,台灣50中信04售02,0,0,0,0,0,0,0,0,0,1000,0,0,0,1000,0,1000,1000
08679P,台灣50元大01售15,0,0,0,0,0,0,0,0,0,1000,0,0,0,1000,0,1000,1000
08550P,台灣50群益02售04,0,0,0,0,0,0,0,0,0,1000,0,0,0,1000,0,1000,1000
08940P,聯發科第一01售01,0,0,0,0,0,0,0,0,0,1000,0,0,0,1000,0,1000,1000
08962P,大立光凱基03售05,0,0,0,0,0,0,0,0,0,1000,0,0,0,15000,14000,1000,1000
08915P,臺股指凱基01售06,0,0,0,0,0,0,0,0,0,1000,0,0,0,1000,0,1000,1000
08918P,臺股指凱基01售09,0,0,0,0,0,0,0,0,0,1000,0,0,0,3000,2000,1000,1000
1101B,台泥乙特        ,0,0,0,0,0,0,0,0,0,1000,1000,0,1000,0,0,0,1000
1312A,國喬特          ,0,0,0,0,0,0,0,0,0,1000,1000,0,1000,0,0,0,1000
08874P,台積電中信07售01,0,0,0,0,0,0,0,0,0,1000,0,0,0,1000,0,1000,1000
08315P,台積電元大9C售08,0,0,0,0,0,0,0,0,0,1000,0,0,0,413000,412000,1000,1000
08278P,玉晶光元富9C售02,0,0,0,0,0,0,0,0,0,1000,0,0,0,1000,0,1000,1000
08011P,玉晶光元大9B售05,0,0,0,0,0,0,0,0,0,1000,0,0,0,1000,0,1000,1000
07673P,電子類元大9A售01,0,0,0,0,0,0,0,0,0,1000,0,0,0,1000,0,1000,1000
1410,南染            ,2000,1000,1000,0,0,0,0,0,0,0,0,0,0,0,0,0,1000
6283,淳安            ,67000,63000,4000,0,0,0,0,0,0,-3000,0,3000,-3000,0,0,0,1000
069972,宏碁康和02購01  ,0,0,0,0,0,0,0,0,0,0,0,0,0,1000,1000,0,0
069988,宏碁兆豐03購02  ,0,0,0,0,0,0,0,0,0,0,0,0,0,1000,1000,0,0
070030,和碩國票03購01  ,0,0,0,0,0,0,0,0,0,0,0,0,0,12000,12000,0,0
070063,玉晶光群益04購01,0,0,0,0,0,0,0,0,0,0,0,0,0,4000,4000,0,0
070034,華碩國泰04購01  ,0,0,0,0,0,0,0,0,0,0,0,0,0,1000,1000,0,0
070022,華碩國票02購01  ,0,0,0,0,0,0,0,0,0,0,0,0,0,1000,1000,0,0
070094,玉晶光永豐02購05,0,0,0,0,0,0,0,0,0,0,0,0,0,2000,2000,0,0
070120,京鼎元大02購03  ,0,0,0,0,0,0,0,0,0,0,0,0,0,6000,6000,0,0
070118,欣興元大03購07  ,0,0,0,0,0,0,0,0,0,0,0,0,0,7000,7000,0,0
069930,華碩統一04購01  ,0,0,0,0,0,0,0,0,0,0,0,0,0,1000,1000,0,0
069881,南電國票03購04  ,0,0,0,0,0,0,0,0,0,0,0,0,0,35000,35000,0,0
06989P,鴻海元富99售10  ,0,0,0,0,0,0,0,0,0,0,0,0,0,1000,1000,0,0
069892,台達電元大02購04,0,0,0,0,0,0,0,0,0,0,0,0,0,67000,67000,0,0
07246P,旺宏凱基99售08  ,0,0,0,0,0,0,0,0,0,0,0,0,0,1000,1000,0,0
07255P,國巨凱基99售15  ,0,0,0,0,0,0,0,0,0,0,0,0,0,20000,20000,0,0
07015P,國巨元大99售13  ,0,0,0,0,0,0,0,0,0,0,0,0,0,2000,2000,0,0
07205P,鴻海凱基99售11  ,0,0,0,0,0,0,0,0,0,0,0,0,0,10000,10000,0,0
069709,聯發科國票03購05,0,0,0,0,0,0,0,0,0,0,0,0,0,14000,14000,0,0
069726,群創群益02購03  ,0,0,0,0,0,0,0,0,0,0,0,0,0,5000,5000,0,0
069728,訊芯群益04購01  ,0,0,0,0,0,0,0,0,0,0,0,0,0,27000,27000,0,0
069747,玉晶光永豐02購03,0,0,0,0,0,0,0,0,0,0,0,0,0,2000,2000,0,0
069784,群創麥證02購01  ,0,0,0,5000,0,5000,0,0,0,0,0,0,0,5000,5000,0,0
069788,國巨凱基04購06  ,0,0,0,0,0,0,0,0,0,0,0,0,0,6000,6000,0,0
069841,大毅群益02購04  ,0,0,0,0,0,0,0,0,0,0,0,0,0,6000,6000,0,0
069866,南港群益02購01  ,0,0,0,0,0,0,0,0,0,0,0,0,0,1000,1000,0,0
069851,聯電永豐02購07  ,0,0,0,0,0,0,0,0,0,0,0,0,0,1000,1000,0,0
069537,百和群益03購01  ,0,0,0,0,0,0,0,0,0,0,0,0,0,6000,6000,0,0
069591,聯電國票02購01  ,0,0,0,0,0,0,0,0,0,0,0,0,0,2000,2000,0,0
069615,國巨統一03購07  ,0,0,0,0,0,0,0,0,0,0,0,0,0,5000,5000,0,0
069651,國巨凱基06購01  ,0,0,0,0,0,0,0,0,0,0,0,0,0,5000,5000,0,0
069637,矽創元富08購01  ,0,0,0,0,0,0,0,0,0,0,0,0,0,10000,10000,0,0
069695,國巨元富08購03  ,0,0,0,0,0,0,0,0,0,0,0,0,0,5000,5000,0,0
069409,聯發科統一04購02,0,0,0,0,0,0,0,0,0,0,0,0,0,200000,200000,0,0
069419,瑞儀統一03購01  ,0,0,0,0,0,0,0,0,0,0,0,0,0,40000,40000,0,0
069524,矽創凱基02購01  ,0,0,0,0,0,0,0,0,0,0,0,0,0,20000,20000,0,0
069325,中磊兆豐03購02  ,0,0,0,0,0,0,0,0,0,0,0,0,0,10000,10000,0,0
069289,玉晶光國泰08購02,0,0,0,0,0,0,0,0,0,0,0,0,0,2000,2000,0,0
069340,大毅群益02購02  ,0,0,0,0,0,0,0,0,0,0,0,0,0,5000,5000,0,0
069203,華邦電元大02購01,0,0,0,0,0,0,0,0,0,0,0,0,0,29000,29000,0,0
069221,國巨群益02購04  ,0,0,0,0,0,0,0,0,0,0,0,0,0,5000,5000,0,0
069197,T50反1元大02購03,0,0,0,0,0,0,0,0,0,0,0,0,0,910000,910000,0,0
068886,群創統一02購04  ,0,0,0,0,0,0,0,0,0,0,0,0,0,5000,5000,0,0
068896,聯詠元大02購02  ,0,0,0,0,0,0,0,0,0,0,0,0,0,79000,79000,0,0
068938,美利達永豐02購01,0,0,0,0,0,0,0,0,0,0,0,0,0,7000,7000,0,0
068251,大立光元大01購18,0,0,0,0,0,0,0,0,0,0,0,0,0,70000,70000,0,0
068320,國巨元大01購17  ,0,0,0,0,0,0,0,0,0,0,0,0,0,5000,5000,0,0
068338,GIS元大01購04   ,0,0,0,0,0,0,0,0,0,0,0,0,0,68000,68000,0,0
068467,台灣50群益01購15,0,0,0,0,0,0,0,0,0,0,0,0,0,10000,10000,0,0
068552,台灣50元大01購38,0,0,0,0,0,0,0,0,0,0,0,0,0,10000,10000,0,0
068488,台積電元大01購47,0,4000,-4000,0,0,0,0,0,0,4000,0,0,0,244000,240000,4000,0
068494,玉山金元大01購01,0,0,0,0,0,0,0,0,0,0,0,0,0,2000,2000,0,0
068787,國巨凱基02購09  ,0,0,0,0,0,0,0,0,0,0,0,0,0,34000,34000,0,0
068772,欣興統一04購01  ,0,0,0,0,0,0,0,0,0,0,0,0,0,15000,15000,0,0
068739,台灣50群益02購06,0,0,0,0,0,0,0,0,0,0,0,0,0,10000,10000,0,0
068732,嘉聯益元大02購01,0,0,0,0,0,0,0,0,0,0,0,0,0,87000,87000,0,0
068584,帆宣永豐01購03  ,0,0,0,0,0,0,0,0,0,0,0,0,0,99000,99000,0,0
068615,矽創凱基03購01  ,0,0,0,0,0,0,0,0,0,0,0,0,0,40000,40000,0,0
068676,華擎元富07購01  ,0,0,0,0,0,0,0,0,0,0,0,0,0,2000,2000,0,0
067777,元上證群益01購01,0,0,0,0,0,0,0,0,0,0,0,0,0,5000,5000,0,0
067782,亞德客群益01購04,0,0,0,0,0,0,0,0,0,0,0,0,0,16000,16000,0,0
067860,SP黃豆元大01購02,20000,0,20000,0,0,0,0,0,0,-20000,0,0,0,0,20000,-20000,0
067893,玉晶光群益02購07,0,0,0,0,0,0,0,0,0,0,0,0,0,12000,12000,0,0
067895,玉晶光群益02購09,0,0,0,0,0,0,0,0,0,0,0,0,0,2000,2000,0,0
067704,台表科麥證01購02,0,0,0,1000,1000,0,0,0,0,0,0,0,0,1000,1000,0,0
067694,聚陽中信03購01  ,0,0,0,0,0,0,0,0,0,0,0,0,0,100000,100000,0,0
067588,欣興群益01購04  ,0,0,0,0,0,0,0,0,0,0,0,0,0,1000,1000,0,0
067596,國巨凱基02購05  ,0,0,0,0,0,0,0,0,0,0,0,0,0,10000,10000,0,0
067602,億光凱基01購01  ,0,0,0,0,0,0,0,0,0,0,0,0,0,1000,1000,0,0
068061,台灣50兆豐01購03,0,0,0,0,0,0,0,0,0,0,0,0,0,10000,10000,0,0
068022,聯發科台新01購01,0,0,0,0,0,0,0,0,0,0,0,0,0,370000,370000,0,0
068201,玉晶光凱基02購07,0,0,0,0,0,0,0,0,0,0,0,0,0,71000,71000,0,0
068205,京鼎凱基01購05  ,0,0,0,0,0,0,0,0,0,0,0,0,0,7000,7000,0,0
059389,國巨凱基99購14  ,0,0,0,0,0,0,0,0,0,0,0,0,0,2000,2000,0,0
059391,立積凱基9A購01  ,0,0,0,0,0,0,0,0,0,0,0,0,0,2000,2000,0,0
059428,國巨元大99購25  ,0,0,0,0,0,0,0,0,0,0,0,0,0,1000,1000,0,0
059278,群創元大9A購04  ,0,0,0,0,0,0,0,0,0,0,0,0,0,17000,17000,0,0
059145,創意國票99購02  ,0,0,0,0,0,0,0,0,0,0,0,0,0,2000,2000,0,0
059175,臺股指凱基99購26,0,0,0,0,0,0,0,0,0,0,0,0,0,30000,30000,0,0
059176,臺股指凱基99購27,0,0,0,0,0,0,0,0,0,0,0,0,0,10000,10000,0,0
059096,百和元大99購04  ,0,0,0,0,0,0,0,0,0,0,0,0,0,35000,35000,0,0
059529,華新科凱基9A購04,0,0,0,0,0,0,0,0,0,0,0,0,0,1000,1000,0,0
059550,台灣50日盛99購02,0,0,0,0,0,0,0,0,0,0,0,0,0,10000,10000,0,0
059436,大立光元大99購18,0,0,0,0,0,0,0,0,0,0,0,0,0,26000,26000,0,0
059451,國巨永豐99購05  ,0,0,0,0,0,0,0,0,0,0,0,0,0,12000,12000,0,0
058470,台灣50日盛9B購02,0,0,0,0,0,0,0,0,0,0,0,0,0,150000,150000,0,0
059596,大立光元大99購20,0,0,0,0,0,0,0,0,0,0,0,0,0,60000,60000,0,0
058594,台灣50元富9B購03,0,0,0,0,0,0,0,0,0,0,0,0,0,29000,29000,0,0
058472,亞德客凱基9A購01,0,0,0,0,0,0,0,0,0,0,0,0,0,1000,1000,0,0
060032,利勤永豐99購01  ,0,0,0,0,0,0,0,0,0,0,0,0,0,2000,2000,0,0
059950,百和永豐99購02  ,0,0,0,0,0,0,0,0,0,0,0,0,0,2000,2000,0,0
057158,義隆永豐99購01  ,0,0,0,0,0,0,0,0,0,0,0,0,0,10000,10000,0,0
060660,國巨凱基9B購04  ,0,0,0,0,0,0,0,0,0,0,0,0,0,499000,499000,0,0
060680,玉晶光元大9C購03,0,0,0,0,0,0,0,0,0,0,0,0,0,11000,11000,0,0
060607,玉晶光凱基9A購06,0,0,0,0,0,0,0,0,0,0,0,0,0,4000,4000,0,0
060594,國巨麥證9A購01  ,0,0,0,0,3000,-3000,0,0,0,0,0,0,0,3000,3000,0,0
060544,國巨凱基9B購03  ,0,0,0,0,0,0,0,0,0,0,0,0,0,11000,11000,0,0
057936,健策群益99購01  ,0,0,0,0,0,0,0,0,0,0,0,0,0,2000,2000,0,0
057735,台灣50富邦9C購02,0,0,0,0,0,0,0,0,0,0,0,0,0,10000,10000,0,0
057682,台積電日盛9A購03,0,0,0,0,0,0,0,0,0,0,0,0,0,320000,320000,0,0
057669,嘉晶元大99購03  ,0,0,0,0,0,0,0,0,0,0,0,0,0,6000,6000,0,0
057795,鴻海兆豐99購02  ,0,0,0,0,0,0,0,0,0,0,0,0,0,100000,100000,0,0
057374,禾伸堂元大99購03,0,0,0,0,0,0,0,0,0,0,0,0,0,26000,26000,0,0
057540,緯穎日盛99購01  ,0,0,0,0,0,0,0,0,0,0,0,0,0,95000,95000,0,0
057583,啟碁中信9A購01  ,0,0,0,0,0,0,0,0,0,0,0,0,0,30000,30000,0,0
060912,華新科元大9A購10,0,0,0,0,0,0,0,0,0,0,0,0,0,200000,200000,0,0
062760,漢唐凱基9B購01  ,0,0,0,0,0,0,0,0,0,0,0,0,0,11000,11000,0,0
064145,宏碁統一02購01  ,0,0,0,0,0,0,0,0,0,0,0,0,0,13000,13000,0,0
06351P,臺股指台新99售03,0,0,0,0,0,0,0,0,0,0,0,0,0,70000,70000,0,0
063517,遠東新凱基01購01,0,0,0,0,0,0,0,0,0,0,0,0,0,81000,81000,0,0
064198,超眾群益9C購01  ,0,0,0,0,0,0,0,0,0,0,0,0,0,10000,10000,0,0
058114,台積電第一01購01,0,0,0,0,0,0,0,0,0,0,0,0,0,234000,234000,0,0
058163,道瓊反凱基9B購01,0,0,0,0,0,0,0,0,0,0,0,0,0,150000,150000,0,0
058158,台積電台新99購01,0,0,0,0,0,0,0,0,0,0,0,0,0,80000,80000,0,0
058227,台灣50元大9C購01,0,0,0,0,0,0,0,0,0,0,0,0,0,10000,10000,0,0
058679,可成日盛99購01  ,0,0,0,0,0,0,0,0,0,0,0,0,0,20000,20000,0,0
058632,世紀鋼國票9A購01,0,0,0,0,0,0,0,0,0,0,0,0,0,40000,40000,0,0
058838,國巨中信99購03  ,0,0,0,0,0,0,0,0,0,0,0,0,0,10000,10000,0,0
058909,神達元大99購03  ,0,0,0,0,0,0,0,0,0,0,0,0,0,4000,4000,0,0
058969,亞德客永豐99購01,0,0,0,0,0,0,0,0,0,0,0,0,0,9000,9000,0,0
058815,華新科台新99購03,0,0,0,0,0,0,0,0,0,0,0,0,0,200000,200000,0,0
058810,國巨統一9B購04  ,0,0,0,0,0,0,0,0,0,0,0,0,0,10000,10000,0,0
060117,國巨國泰9B購04  ,0,0,0,0,0,0,0,0,0,0,0,0,0,20000,20000,0,0
060217,國巨凱基9A購10  ,0,0,0,0,0,0,0,0,0,0,0,0,0,2000,2000,0,0
056670,樺漢國票99購01  ,0,0,0,0,0,0,0,0,0,0,0,0,0,3000,3000,0,0
056767,大毅元大99購01  ,0,0,0,0,0,0,0,0,0,0,0,0,0,50000,50000,0,0
03457B,臺股指元大03熊04,0,0,0,0,0,0,0,0,0,0,0,0,0,20000,20000,0,0
03276P,聯發科台新02售01,0,0,0,0,0,0,0,0,0,0,0,0,0,2000,2000,0,0
056333,台積電日盛9B購01,0,0,0,0,0,0,0,0,0,0,0,0,0,260000,260000,0,0
056352,鴻海元大99購01  ,0,0,0,0,0,0,0,0,0,0,0,0,0,10000,10000,0,0
056377,智伸科統一9A購01,0,0,0,0,0,0,0,0,0,0,0,0,0,50000,50000,0,0
056425,聯發科日盛9A購01,0,0,0,0,0,0,0,0,0,0,0,0,0,50000,50000,0,0
03416P,聯電台新02售02  ,0,0,0,0,0,0,0,0,0,0,0,0,0,40000,40000,0,0
059761,國巨永豐99購06  ,0,0,0,0,0,0,0,0,0,0,0,0,0,6000,6000,0,0
059788,華新科元大9A購05,0,0,0,0,0,0,0,0,0,0,0,0,0,1000,1000,0,0
059653,台灣50元大99購08,0,0,0,0,0,0,0,0,0,0,0,0,0,10000,10000,0,0
059681,華新科國泰9B購02,0,0,0,0,0,0,0,0,0,0,0,0,0,1000,1000,0,0
03561P,台灣50群益02售12,0,0,0,0,0,0,0,0,0,0,0,0,0,689000,689000,0,0
03541P,欣興國泰04售03  ,0,0,0,0,0,0,0,0,0,0,0,0,0,43000,43000,0,0
058374,玉晶光凱基9A購03,0,0,0,0,0,0,0,0,0,0,0,0,0,10000,10000,0,0
058375,群創凱基9B購04  ,0,0,0,0,0,0,0,0,0,0,0,0,0,5000,5000,0,0
058367,大立光凱基9A購01,0,0,0,0,0,0,0,0,0,0,0,0,0,100000,100000,0,0
060289,京元電元大9A購01,0,0,0,0,0,0,0,0,0,0,0,0,0,34000,34000,0,0
060363,美律元富9A購01  ,0,0,0,0,0,0,0,0,0,0,0,0,0,4000,4000,0,0
060341,國巨統一9C購02  ,0,0,0,0,0,0,0,0,0,0,0,0,0,12000,12000,0,0
059932,世紀鋼富邦9A購02,0,0,0,0,0,0,0,0,0,0,0,0,0,10000,10000,0,0
049695,新光金元大9A購01,0,0,0,0,0,0,0,0,0,0,0,0,0,10000,10000,0,0
056138,群創元大9B購01  ,0,0,0,0,0,0,0,0,0,0,0,0,0,5000,5000,0,0
042792,T50反1台新9C購01,0,0,0,0,0,0,0,0,0,0,0,0,0,398000,398000,0,0
054756,世紀鋼凱基99購01,0,0,0,0,0,0,0,0,0,0,0,0,0,30000,30000,0,0
054377,臺股指中信99購09,0,0,0,0,0,0,0,0,0,0,0,0,0,50000,50000,0,0
055794,聯發科國泰99購01,0,0,0,0,0,0,0,0,0,0,0,0,0,20000,20000,0,0
055596,新光金元大9B購02,0,0,0,0,0,0,0,0,0,0,0,0,0,50000,50000,0,0
055522,道瓊反群益01購01,0,0,0,0,0,0,0,0,0,0,0,0,0,10000,10000,0,0
03009P,玉晶光凱基01售08,0,0,0,0,0,0,0,0,0,0,0,0,0,117000,117000,0,0
053573,臺股指統一99購01,0,0,0,0,0,0,0,0,0,0,0,0,0,240000,240000,0,0
03230P,道瓊銀元大02售02,0,0,0,0,0,0,0,0,0,0,0,0,0,20000,20000,0,0
00625K,富邦上証+R      ,0,0,0,0,0,0,0,0,0,0,0,0,0,50000,50000,0,0
00668K,國泰美國道瓊+U  ,0,0,0,0,0,0,0,0,0,0,0,0,0,100,100,0,0
00657K,國泰日經225+U   ,0,0,0,0,0,0,0,0,0,0,0,0,0,100,100,0,0
00636K,國泰中國A50+U   ,0,0,0,0,0,0,0,0,0,0,0,0,0,3000,3000,0,0
00707R,元大S&P日圓反1  ,0,0,0,0,0,0,0,0,0,0,0,0,0,1000,1000,0,0
00774B,新光中國政金綠債,0,0,0,0,0,0,0,0,0,0,0,0,0,2000,2000,0,0
00775B,新光投等債15+   ,0,0,0,0,0,0,0,0,0,0,0,0,0,2000,2000,0,0
00732,國泰RMB短期報酬 ,0,0,0,0,0,0,0,0,0,0,0,0,0,100000,100000,0,0
064638,儒鴻凱基9C購03  ,0,0,0,0,0,0,0,0,0,0,0,0,0,9000,9000,0,0
064611,亞德客元大9C購02,0,0,0,0,0,0,0,0,0,0,0,0,0,3000,3000,0,0
064458,玉晶光統一01購09,0,0,0,0,0,0,0,0,0,0,0,0,0,2000,2000,0,0
064751,亞德客凱基9C購02,0,0,0,0,0,0,0,0,0,0,0,0,0,1000,1000,0,0
064503,日電貿元大9C購01,0,0,0,0,0,0,0,0,0,0,0,0,0,39000,39000,0,0
064506,康控元大9C購02  ,0,0,0,0,0,0,0,0,0,0,0,0,0,12000,12000,0,0
064544,國巨凱基9C購09  ,0,0,0,0,0,0,0,0,0,0,0,0,0,14000,14000,0,0
064689,台積電群益9C購09,0,0,0,0,0,0,0,0,0,0,0,0,0,20000,20000,0,0
063043,台灣50兆豐9B購02,0,0,0,0,0,0,0,0,0,0,0,0,0,20000,20000,0,0
062189,康控元大9B購02  ,0,0,0,0,0,0,0,0,0,0,0,0,0,6000,6000,0,0
062155,國巨凱基9C購03  ,0,0,0,0,0,0,0,0,0,0,0,0,0,30000,30000,0,0
062204,京元電國票9C購01,0,0,0,0,0,0,0,0,0,0,0,0,0,1000,1000,0,0
062261,嘉晶元大9B購02  ,0,0,0,0,0,0,0,0,0,0,0,0,0,1000,1000,0,0
062263,康控元大9B購03  ,0,0,0,0,0,0,0,0,0,0,0,0,0,6000,6000,0,0
062299,台積電第一9B購01,0,0,0,0,0,0,0,0,0,0,0,0,0,10000,10000,0,0
061246,玉晶光群益9A購08,0,0,0,0,0,0,0,0,0,0,0,0,0,12000,12000,0,0
061335,國巨元大9A購19  ,0,0,0,0,0,0,0,0,0,0,0,0,0,5000,5000,0,0
062435,國巨元大9B購13  ,0,0,0,0,0,0,0,0,0,0,0,0,0,5000,5000,0,0
062446,聯詠元大9B購02  ,0,0,0,0,0,0,0,0,0,0,0,0,0,12000,12000,0,0
062538,台積電國泰9C購02,0,0,0,0,0,0,0,0,0,0,0,0,0,20000,20000,0,0
062530,大立光統一01購03,0,0,0,0,0,0,0,0,0,0,0,0,0,20000,20000,0,0
062473,同欣電凱基9B購01,0,0,0,0,0,0,0,0,0,0,0,0,0,18000,18000,0,0
062503,玉晶光群益01購03,0,0,0,0,0,0,0,0,0,0,0,0,0,9000,9000,0,0
062940,華新科凱基9C購02,0,0,0,0,0,0,0,0,0,0,0,0,0,1000,1000,0,0
062075,智邦元大9B購03  ,0,0,0,0,0,0,0,0,0,0,0,0,0,4000,4000,0,0
062980,康控元富9B購01  ,0,0,0,0,0,0,0,0,0,0,0,0,0,60000,60000,0,0
063009,國巨元大9B購18  ,0,0,0,0,0,0,0,0,0,0,0,0,0,5000,5000,0,0
063018,聯發科元大9B購14,0,0,0,0,0,0,0,0,0,0,0,0,0,390000,390000,0,0
063733,聯發科元大9B購27,0,0,0,0,0,0,0,0,0,0,0,0,0,1000,1000,0,0
061163,台灣50兆豐9A購04,0,0,0,0,0,0,0,0,0,0,0,0,0,10000,10000,0,0
061193,玉晶光永豐9B購02,0,0,0,0,0,0,0,0,0,0,0,0,0,1000,1000,0,0
062669,微星中信03購01  ,0,0,0,0,0,0,0,0,0,0,0,0,0,20000,20000,0,0
060707,台郡富邦9A購01  ,0,0,0,0,0,0,0,0,0,0,0,0,0,10000,10000,0,0
060721,瑞儀永豐9A購01  ,0,0,0,0,0,0,0,0,0,0,0,0,0,20000,20000,0,0
063869,玉晶光永豐9C購01,0,0,0,0,0,0,0,0,0,0,0,0,0,1000,1000,0,0
063891,國巨群益9C購07  ,0,0,0,0,0,0,0,0,0,0,0,0,0,16000,16000,0,0
063815,玉晶光群益02購01,0,0,0,0,0,0,0,0,0,0,0,0,0,8000,8000,0,0
063818,矽創群益9C購01  ,0,0,0,0,0,0,0,0,0,0,0,0,0,30000,30000,0,0
063803,世紀鋼凱基01購01,0,0,0,0,0,0,0,0,0,0,0,0,0,18000,18000,0,0
063662,上銀統一01購03  ,0,0,0,0,0,0,0,0,0,0,0,0,0,136000,136000,0,0
063701,燿華群益9B購02  ,0,0,0,0,0,0,0,0,0,0,0,0,0,70000,70000,0,0
063704,麗豐群益9B購01  ,0,0,0,0,0,0,0,0,0,0,0,0,0,21000,21000,0,0
063946,聯發科元大9C購04,0,0,0,0,0,0,0,0,0,0,0,0,0,15000,15000,0,0
063998,聯發科兆豐9C購02,0,0,0,0,0,0,0,0,0,0,0,0,0,110000,110000,0,0
063910,漢唐凱基9C購01  ,0,0,0,0,0,0,0,0,0,0,0,0,0,27000,27000,0,0
064024,漢唐元大9C購01  ,0,0,0,0,0,0,0,0,0,0,0,0,0,4000,4000,0,0
064013,創意國票01購01  ,0,0,0,0,0,0,0,0,0,0,0,0,0,4000,4000,0,0
061353,康控元大9A購01  ,0,0,0,0,0,0,0,0,0,0,0,0,0,13000,13000,0,0
061601,台積電凱基9A購26,0,0,0,0,0,0,0,0,0,0,0,0,0,1000,1000,0,0
061563,群創國票9B購02  ,0,0,0,0,0,0,0,0,0,0,0,0,0,5000,5000,0,0
061573,義隆元大9A購02  ,0,0,0,0,0,0,0,0,0,0,0,0,0,31000,31000,0,0
061592,義隆永豐9A購03  ,0,0,0,0,0,0,0,0,0,0,0,0,0,16000,16000,0,0
061405,亞德客國票9B購01,0,0,0,0,0,0,0,0,0,0,0,0,0,5000,5000,0,0
061454,國巨凱基9A購16  ,0,0,0,0,0,0,0,0,0,0,0,0,0,39000,39000,0,0
061419,國巨元大9A購21  ,0,0,0,0,0,0,0,0,0,0,0,0,0,5000,5000,0,0
061705,健策國票9A購06  ,0,0,0,0,0,0,0,0,0,0,0,0,0,5000,5000,0,0
061855,台郡國票9B購01  ,0,0,0,0,0,0,0,0,0,0,0,0,0,20000,20000,0,0
061870,智邦元大9B購02  ,0,0,0,0,0,0,0,0,0,0,0,0,0,2000,2000,0,0
061871,瑞昱元大9B購01  ,0,0,0,0,0,0,0,0,0,0,0,0,0,10000,10000,0,0
063405,聯發科國票9C購03,0,0,0,0,0,0,0,0,0,0,0,0,0,30000,30000,0,0
063274,鈺齊兆豐9B購01  ,0,0,0,0,0,0,0,0,0,0,0,0,0,8000,8000,0,0
062888,漢唐群益9B購01  ,0,0,0,0,0,0,0,0,0,0,0,0,0,9000,9000,0,0
062893,元金2X元大9C購01,0,0,0,0,0,0,0,0,0,0,0,0,0,11000,11000,0,0
062040,玉晶光凱基01購01,0,0,0,0,0,0,0,0,0,0,0,0,0,4000,4000,0,0
064111,國巨國票02購02  ,0,0,0,0,0,0,0,0,0,0,0,0,0,8000,8000,0,0
066789,聯詠麥證01購01  ,0,0,0,98000,98000,0,0,0,0,0,0,0,0,98000,98000,0,0
066701,京元電群益01購02,20000,0,20000,0,0,0,0,0,0,-20000,0,0,0,0,20000,-20000,0
066648,可成麥證01購01  ,0,0,0,10000,10000,0,0,0,0,0,0,0,0,10000,10000,0,0
066613,燿華麥證01購01  ,0,0,0,10000,10000,0,0,0,0,0,0,0,0,10000,10000,0,0
066429,矽格元大01購01  ,0,0,0,0,0,0,0,0,0,0,0,0,0,4000,4000,0,0
066458,大毅統一02購02  ,0,0,0,0,0,0,0,0,0,0,0,0,0,5000,5000,0,0
066526,創意統一05購01  ,0,0,0,0,0,0,0,0,0,0,0,0,0,30000,30000,0,0
066535,台積電兆豐01購01,0,0,0,0,0,0,0,0,0,0,0,0,0,10000,10000,0,0
066269,宏達電元大01購03,0,0,0,0,0,0,0,0,0,0,0,0,0,100000,100000,0,0
067058,滬深2X元大01購10,0,0,0,0,0,0,0,0,0,0,0,0,0,20000,20000,0,0
067042,旺宏凱基01購02  ,0,0,0,0,0,0,0,0,0,0,0,0,0,7000,7000,0,0
066988,新唐群益02購01  ,0,0,0,0,0,0,0,0,0,0,0,0,0,20000,20000,0,0
066986,健策群益02購02  ,0,0,0,0,0,0,0,0,0,0,0,0,0,3000,3000,0,0
066934,宏達電國票02購01,0,0,0,0,0,0,0,0,0,0,0,0,0,1000,1000,0,0
067192,矽格凱基01購03  ,0,0,0,0,0,0,0,0,0,0,0,0,0,5000,5000,0,0
067129,神隆永豐01購01  ,0,0,0,0,0,0,0,0,0,0,0,0,0,20000,20000,0,0
067358,華擎群益01購05  ,0,0,0,0,0,0,0,0,0,0,0,0,0,97000,97000,0,0
067365,美利達群益01購03,0,0,0,0,0,0,0,0,0,0,0,0,0,20000,20000,0,0
067264,美利達國票02購01,0,0,0,0,0,0,0,0,0,0,0,0,0,38000,38000,0,0
067258,盛群國票01購01  ,0,0,0,0,0,0,0,0,0,0,0,0,0,12000,12000,0,0
067226,台灣50群益01購09,0,0,0,0,0,0,0,0,0,0,0,0,0,10000,10000,0,0
067310,欣興元大01購05  ,0,0,0,0,0,0,0,0,0,0,0,0,0,2000,2000,0,0
067469,國巨元大01購09  ,0,0,0,0,0,0,0,0,0,0,0,0,0,35000,35000,0,0
067526,深中小群益02購01,0,0,0,0,0,0,0,0,0,0,0,0,0,200000,200000,0,0
067487,京鼎元大01購06  ,0,0,0,0,0,0,0,0,0,0,0,0,0,33000,33000,0,0
067488,群創元大03購01  ,0,0,0,0,0,0,0,0,0,0,0,0,0,5000,5000,0,0
065056,臺股指凱基9C購20,0,0,0,0,0,0,0,0,0,0,0,0,0,2000,2000,0,0
065110,嘉澤國票01購01  ,0,0,0,0,0,0,0,0,0,0,0,0,0,35000,35000,0,0
065038,上銀凱基9C購02  ,0,0,0,0,0,0,0,0,0,0,0,0,0,20000,20000,0,0
065043,新光金凱基02購01,0,0,0,0,0,0,0,0,0,0,0,0,0,5000,5000,0,0
064848,金像電元富9C購02,0,0,0,0,0,0,0,0,0,0,0,0,0,1000,1000,0,0
065283,台積電群益01購01,0,0,0,0,0,0,0,0,0,0,0,0,0,3000,3000,0,0
065146,帆宣凱基9C購01  ,0,0,0,0,0,0,0,0,0,0,0,0,0,150000,150000,0,0
065149,遠東新群益9C購01,0,0,0,0,0,0,0,0,0,0,0,0,0,67000,67000,0,0
065171,燿華元大9C購04  ,0,0,0,0,0,0,0,0,0,0,0,0,0,1000,1000,0,0
065166,台達電元大9C購04,0,0,0,0,0,0,0,0,0,0,0,0,0,3000,3000,0,0
065204,神隆國票01購01  ,0,0,0,0,0,0,0,0,0,0,0,0,0,20000,20000,0,0
065225,神隆凱基01購01  ,0,0,0,0,0,0,0,0,0,0,0,0,0,2000,2000,0,0
065221,神隆永豐9C購01  ,0,0,0,0,0,0,0,0,0,0,0,0,0,11000,11000,0,0
065213,南六國票01購03  ,0,0,0,0,0,0,0,0,0,0,0,0,0,60000,60000,0,0
065405,華新科富邦03購01,0,0,0,0,0,0,0,0,0,0,0,0,0,70000,70000,0,0
065441,義隆麥證9C購01  ,0,0,0,15000,0,15000,0,0,0,0,0,0,0,15000,15000,0,0
065714,矽創群益9C購02  ,0,0,0,0,0,0,0,0,0,0,0,0,0,6000,6000,0,0
065691,國巨群益9C購16  ,0,0,0,0,0,0,0,0,0,0,0,0,0,5000,5000,0,0
065766,南電元大9C購08  ,0,0,0,0,0,0,0,0,0,0,0,0,0,11000,11000,0,0
065826,國巨凱基9C購12  ,0,0,0,0,0,0,0,0,0,0,0,0,0,5000,5000,0,0
065636,台表科國票01購03,0,0,0,0,0,0,0,0,0,0,0,0,0,10000,10000,0,0
065693,國巨群益9C購18  ,0,0,0,0,0,0,0,0,0,0,0,0,0,6000,6000,0,0
066101,微星國票02購01  ,0,0,0,0,0,0,0,0,0,0,0,0,0,10000,10000,0,0
065965,國巨元大01購05  ,0,0,0,0,0,0,0,0,0,0,0,0,0,5000,5000,0,0
065966,國巨元大01購06  ,0,0,0,0,0,0,0,0,0,0,0,0,0,4000,4000,0,0
065993,立積永豐01購02  ,0,0,0,0,0,0,0,0,0,0,0,0,0,19000,19000,0,0
065901,台積電富邦03購04,0,0,0,0,0,0,0,0,0,0,0,0,0,120000,120000,0,0
6442,光聖            ,2000,0,2000,0,0,0,0,0,0,-2000,0,2000,-2000,0,0,0,0
8482,商億-KY         ,92000,92000,0,0,0,0,0,0,0,0,0,0,0,0,0,0,0
8488,吉源-KY         ,1000,1000,0,0,0,0,0,0,0,0,0,0,0,0,0,0,0
6625,必應            ,1000,0,1000,0,0,0,0,0,0,-1000,0,1000,-1000,0,0,0,0
4807,日成-KY         ,3000,3000,0,0,0,0,0,0,0,0,0,0,0,0,0,0,0
6117,迎廣            ,1000,1000,0,0,0,0,0,0,0,0,0,0,0,0,0,0,0
1467,南緯            ,184000,184000,0,0,0,0,0,0,0,0,0,0,0,0,0,0,0
2243,宏旭-KY         ,3000,3000,0,0,0,0,0,0,0,0,0,0,0,0,0,0,0
07591P,台灣50元大9A售16,0,0,0,0,0,0,0,0,0,0,0,0,0,10000,10000,0,0
07532P,台灣50中信01售02,0,0,0,0,0,0,0,0,0,0,0,0,0,5000,5000,0,0
07925P,台積電凱基9B售05,0,0,0,0,0,0,0,0,0,0,0,0,0,1000,1000,0,0
07926P,上銀統一9B售02  ,0,0,0,0,0,0,0,0,0,0,0,0,0,100000,100000,0,0
07779P,鴻海凱基9B售04  ,0,0,0,0,0,0,0,0,0,0,0,0,0,10000,10000,0,0
07781P,高鐵凱基9A售02  ,0,0,0,0,0,0,0,0,0,0,0,0,0,300000,300000,0,0
07992P,玉晶光群益01售04,0,0,0,0,0,0,0,0,0,0,0,0,0,20000,20000,0,0
08293P,國巨元大9C售13  ,0,0,0,0,0,0,0,0,0,0,0,0,0,104000,104000,0,0
08830P,A50正2群益01售05,0,0,0,0,0,0,0,0,0,0,0,0,0,3000,3000,0,0
1256,鮮活果汁-KY     ,30000,30000,0,0,0,0,0,0,0,0,0,0,0,0,0,0,0
08908P,義隆凱基01售05  ,0,0,0,0,0,0,0,0,0,0,0,0,0,28000,28000,0,0
08953P,大立光元富07售02,0,0,0,0,0,0,0,0,0,0,0,0,0,20000,20000,0,0
08697P,臺股指麥證01售03,0,0,0,10000,10000,0,0,0,0,0,0,0,0,10000,10000,0,0
08417P,聯發科元大9C售12,0,0,0,0,0,0,0,0,0,0,0,0,0,1000,1000,0,0
08496P,金像電國票01售02,0,0,0,0,0,0,0,0,0,0,0,0,0,1000,1000,0,0
068200,亞光凱基01購01  ,0,0,0,0,0,0,0,0,0,-1000,0,0,0,0,1000,-1000,-1000
067918,玉晶光永豐01購02,0,0,0,0,0,0,0,0,0,-1000,0,0,0,4000,5000,-1000,-1000
067987,台積電元大01購29,0,0,0,0,0,0,0,0,0,-1000,0,0,0,0,1000,-1000,-1000
067991,旺宏元大01購04  ,0,0,0,0,0,0,0,0,0,-1000,0,0,0,0,1000,-1000,-1000
067597,國巨凱基02購06  ,0,0,0,0,0,0,0,0,0,-1000,0,0,0,6000,7000,-1000,-1000
067774,同欣電統一02購01,0,0,0,0,0,0,0,0,0,-1000,0,0,0,0,1000,-1000,-1000
067757,元金2X永豐01購01,0,0,0,0,0,0,0,0,0,-1000,0,0,0,0,1000,-1000,-1000
06867P,訊芯元大98售08  ,0,0,0,0,0,0,0,0,0,-1000,0,0,0,0,1000,-1000,-1000
068660,欣興元大02購02  ,0,0,0,0,0,0,0,0,0,-1000,0,0,0,18000,19000,-1000,-1000
068683,聯電永豐02購02  ,0,0,0,0,0,0,0,0,0,-1000,0,0,0,55000,56000,-1000,-1000
068684,台積電中信02購02,0,0,0,0,0,0,0,0,0,-1000,0,0,0,0,1000,-1000,-1000
068836,義隆永豐02購01  ,0,0,0,0,0,0,0,0,0,-1000,0,0,0,0,1000,-1000,-1000
068800,台灣50群益02購09,0,0,0,0,0,0,0,0,0,-1000,0,0,0,10000,11000,-1000,-1000
068476,聯鈞群益01購02  ,0,0,0,0,0,0,0,0,0,-1000,0,0,0,20000,21000,-1000,-1000
068477,嘉聯益群益01購02,0,0,0,0,0,0,0,0,0,-1000,0,0,0,0,1000,-1000,-1000
068437,宏達電凱基01購03,0,0,0,0,0,0,0,0,0,-1000,0,0,0,1000,2000,-1000,-1000
068410,緯穎元富07購02  ,0,0,0,0,0,0,0,0,0,-1000,0,0,0,0,1000,-1000,-1000
068346,GIS麥證01購02   ,0,0,0,1000,2000,-1000,0,0,0,-1000,0,0,0,1000,2000,-1000,-1000
068349,聯電凱基03購03  ,0,0,0,0,0,0,0,0,0,-1000,0,0,0,3000,4000,-1000,-1000
068919,台積電元富08購09,0,0,0,0,0,0,0,0,0,-1000,0,0,0,10000,11000,-1000,-1000
068891,亞德客元大02購03,0,0,0,0,0,0,0,0,0,-1000,0,0,0,14000,15000,-1000,-1000
069065,聯發科麥證02購01,0,0,0,142000,143000,-1000,0,0,0,-1000,0,0,0,142000,143000,-1000,-1000
069100,TPK統一02購03   ,0,0,0,0,0,0,0,0,0,-1000,0,0,0,107000,108000,-1000,-1000
069266,義隆兆豐04購02  ,0,0,0,0,0,0,0,0,0,-1000,0,0,0,20000,21000,-1000,-1000
069454,聯電麥證02購01  ,0,0,0,0,1000,-1000,0,0,0,-1000,0,0,0,0,1000,-1000,-1000
069469,華擎國票03購01  ,0,0,0,0,0,0,0,0,0,-1000,0,0,0,0,1000,-1000,-1000
069436,南六群益02購04  ,0,0,0,0,0,0,0,0,0,-1000,0,0,0,0,1000,-1000,-1000
069642,臺股指中信04購05,0,0,0,0,0,0,0,0,0,-1000,0,0,0,0,1000,-1000,-1000
069611,南電國票03購03  ,0,0,0,0,0,0,0,0,0,-1000,0,0,0,0,1000,-1000,-1000
06954P,大立光元富99售01,0,0,0,0,0,0,0,0,0,-1000,0,0,0,0,1000,-1000,-1000
069852,台積電永豐02購05,0,0,0,0,0,0,0,0,0,-1000,0,0,0,0,1000,-1000,-1000
069825,滬深2X元富08購01,0,0,0,0,0,0,0,0,0,-1000,0,0,0,0,1000,-1000,-1000
06976P,臺股指元大9A售14,0,0,0,0,0,0,0,0,0,-1000,0,0,0,0,1000,-1000,-1000
07142P,台灣50元大01售01,0,0,0,0,0,0,0,0,0,-1000,0,0,0,47000,48000,-1000,-1000
07137P,大立光中信9B售01,0,0,0,0,0,0,0,0,0,-1000,0,0,0,0,1000,-1000,-1000
069914,南港凱基02購01  ,0,0,0,0,0,0,0,0,0,-1000,0,0,0,2000,3000,-1000,-1000
069912,百和元大02購02  ,0,0,0,0,0,0,0,0,0,-1000,0,0,0,11000,12000,-1000,-1000
069943,瑞儀元富02購01  ,0,0,0,0,0,0,0,0,0,-1000,0,0,0,50000,51000,-1000,-1000
070115,欣興元大02購19  ,0,0,0,0,0,0,0,0,0,-1000,0,0,0,3000,4000,-1000,-1000
070020,台積電國票03購09,0,0,0,0,0,0,0,0,0,-1000,0,0,0,20000,21000,-1000,-1000
070005,台積電元大02購39,0,0,0,0,0,0,0,0,0,-1000,0,0,0,0,1000,-1000,-1000
00661,元大日經225     ,0,0,0,0,0,0,0,0,0,-1000,0,0,0,0,1000,-1000,-1000
020004,兆豐電菁英30N   ,0,0,0,0,0,0,0,0,0,-1000,0,0,0,1000,2000,-1000,-1000
03219P,台積電康和02售01,0,0,0,0,0,0,0,0,0,-1000,0,0,0,17000,18000,-1000,-1000
03263P,日月光國票04售01,0,0,0,0,0,0,0,0,0,-1000,0,0,0,79000,80000,-1000,-1000
03258P,台積電中信02售04,0,0,0,0,0,0,0,0,0,-1000,0,0,0,0,1000,-1000,-1000
03179P,聯發科群益01售16,0,0,0,0,0,0,0,0,0,-1000,0,0,0,14000,15000,-1000,-1000
03025X,元展22          ,0,0,0,0,0,0,0,0,0,-1000,0,0,0,0,1000,-1000,-1000
055749,智邦永昌9C購01  ,0,0,0,0,0,0,0,0,0,-1000,0,0,0,4000,5000,-1000,-1000
048105,滬深2X群益99購02,0,0,0,0,0,0,0,0,0,-1000,0,0,0,4000,5000,-1000,-1000
051266,國巨富邦99購01  ,0,0,0,0,0,0,0,0,0,-1000,0,0,0,60000,61000,-1000,-1000
053186,健策中信9C購01  ,0,0,0,0,0,0,0,0,0,-1000,0,0,0,12000,13000,-1000,-1000
059933,台灣50永豐99購11,0,0,0,0,0,0,0,0,0,-1000,0,0,0,0,1000,-1000,-1000
059934,華通永豐99購02  ,0,0,0,0,0,0,0,0,0,-1000,0,0,0,0,1000,-1000,-1000
060262,臺股指凱基9B購02,0,0,0,0,0,0,0,0,0,-1000,0,0,0,0,1000,-1000,-1000
058409,鴻海兆豐99購05  ,0,0,0,0,0,0,0,0,0,-1000,0,0,0,0,1000,-1000,-1000
059827,晶技凱基99購03  ,0,0,0,0,0,0,0,0,0,-1000,0,0,0,0,1000,-1000,-1000
03674C,臺股指元富9C牛02,0,0,0,0,0,0,0,0,0,-1000,0,0,0,0,1000,-1000,-1000
03680C,臺股指凱基9A牛26,0,0,0,0,0,0,0,0,0,-1000,0,0,0,0,1000,-1000,-1000
03697C,T50反1元大03牛02,0,0,0,0,0,0,0,0,0,-1000,0,0,0,0,1000,-1000,-1000
059790,立積元大9C購02  ,0,0,0,0,0,0,0,0,0,-1000,0,0,0,0,1000,-1000,-1000
058347,玉晶光群益9B購01,0,0,0,0,0,0,0,0,0,-1000,0,0,0,13000,14000,-1000,-1000
03504P,T50反1台新04售01,0,0,0,0,0,0,0,0,0,-1000,0,0,0,2000,3000,-1000,-1000
03496P,友訊凱基02售02  ,0,0,0,0,0,0,0,0,0,-1000,0,0,0,0,1000,-1000,-1000
060194,旭富元富9A購01  ,0,0,0,0,0,0,0,0,0,-1000,0,0,0,0,1000,-1000,-1000
060195,旭富元富9A購02  ,0,0,0,0,0,0,0,0,0,-1000,0,0,0,0,1000,-1000,-1000
060197,臻鼎元富9A購02  ,0,0,0,0,0,0,0,0,0,-1000,0,0,0,0,1000,-1000,-1000
058808,大成鋼統一9B購01,0,0,0,0,0,0,0,0,0,-1000,0,0,0,0,1000,-1000,-1000
058791,鴻海元大99購17  ,0,0,0,0,0,0,0,0,0,-1000,0,0,0,0,1000,-1000,-1000
058752,鈺齊凱基9A購01  ,0,0,0,0,0,0,0,0,0,-1000,0,0,0,1000,2000,-1000,-1000
058763,和碩群益99購01  ,0,0,0,0,0,0,0,0,0,-1000,0,0,0,0,1000,-1000,-1000
058980,鴻海凱基99購06  ,0,0,0,0,0,0,0,0,0,-1000,0,0,0,0,1000,-1000,-1000
059014,SGBR2X元富03購01,0,0,0,0,0,0,0,0,0,-1000,0,0,0,3000,4000,-1000,-1000
059065,南電凱基9A購01  ,0,0,0,0,0,0,0,0,0,-1000,0,0,0,0,1000,-1000,-1000
058678,南亞科日盛99購01,0,0,0,0,0,0,0,0,0,-1000,0,0,0,9000,10000,-1000,-1000
060080,台灣50元大02購01,0,0,0,0,0,0,0,0,0,-1000,0,0,0,50000,51000,-1000,-1000
058050,台郡元大99購05  ,0,0,0,0,0,0,0,0,0,-1000,0,0,0,0,1000,-1000,-1000
064167,緯穎統一01購03  ,0,0,0,0,0,0,0,0,0,-1000,0,0,0,0,1000,-1000,-1000
064161,世芯統一01購02  ,0,0,0,0,0,0,0,0,0,-1000,0,0,0,0,1000,-1000,-1000
062799,聯發科統一9C購09,0,0,0,0,0,0,0,0,0,-1000,0,0,0,0,1000,-1000,-1000
064147,瑞昱統一01購04  ,0,0,0,0,0,0,0,0,0,-1000,0,0,0,0,1000,-1000,-1000
061904,台灣50中信9B購01,0,0,0,0,0,0,0,0,0,-1000,0,0,0,0,1000,-1000,-1000
061945,華通群益9B購04  ,0,0,0,0,0,0,0,0,0,-1000,0,0,0,0,1000,-1000,-1000
061893,鴻海永豐9B購01  ,0,0,0,0,0,0,0,0,0,-1000,0,0,0,0,1000,-1000,-1000
061886,力山國泰01購01  ,0,0,0,0,0,0,0,0,0,-1000,0,0,0,0,1000,-1000,-1000
060974,滬深2X元大01購01,0,0,0,0,0,0,0,0,0,-1000,0,0,0,0,1000,-1000,-1000
057624,新日興國泰99購01,0,0,0,0,0,0,0,0,0,-1000,0,0,0,0,1000,-1000,-1000
057563,旭富國泰9A購01  ,0,0,0,0,0,0,0,0,0,-1000,0,0,0,0,1000,-1000,-1000
057576,南亞科第一9C購01,0,0,0,0,0,0,0,0,0,-1000,0,0,0,0,1000,-1000,-1000
057454,上銀國泰99購02  ,0,0,0,0,0,0,0,0,0,-1000,0,0,0,0,1000,-1000,-1000
057914,日月光日盛9A購01,0,0,0,0,0,0,0,0,0,-1000,0,0,0,0,1000,-1000,-1000
060567,華擎富邦9C購01  ,0,0,0,0,0,0,0,0,0,-1000,0,0,0,0,1000,-1000,-1000
060608,玉晶光凱基9A購08,0,0,0,0,0,0,0,0,0,-1000,0,0,0,0,1000,-1000,-1000
060605,大立光凱基9C購01,0,0,0,0,0,0,0,0,0,-1000,0,0,0,0,1000,-1000,-1000
060523,鴻海中信9C購03  ,0,0,0,0,0,0,0,0,0,-1000,0,0,0,0,1000,-1000,-1000
056996,矽力日盛99購01  ,0,0,0,0,0,0,0,0,0,-1000,0,0,0,0,1000,-1000,-1000
057021,台積電凱基9A購02,0,0,0,0,0,0,0,0,0,-1000,0,0,0,7000,8000,-1000,-1000
059954,華新科康和99購01,0,0,0,0,0,0,0,0,0,-1000,0,0,0,0,1000,-1000,-1000
058456,京鼎永豐99購01  ,0,0,0,0,0,0,0,0,0,-1000,0,0,0,0,1000,-1000,-1000
058474,鴻海凱基9A購06  ,0,0,0,0,0,0,0,0,0,-1000,0,0,0,0,1000,-1000,-1000
059099,元油2X統一9C購01,0,0,0,0,0,0,0,0,0,-1000,0,0,0,0,1000,-1000,-1000
060391,華擎群益9C購01  ,0,0,0,0,0,0,0,0,0,-1000,0,0,0,0,1000,-1000,-1000
059188,京元電富邦9B購01,0,0,0,0,0,0,0,0,0,-1000,0,0,0,0,1000,-1000,-1000
059246,奇力新凱基9A購02,0,0,0,0,0,0,0,0,0,-1000,0,0,0,0,1000,-1000,-1000
059288,旺宏元富99購03  ,0,0,0,0,0,0,0,0,0,-1000,0,0,0,0,1000,-1000,-1000
059273,臺指反元大9C購03,0,0,0,0,0,0,0,0,0,-1000,0,0,0,0,1000,-1000,-1000
059345,禾伸堂凱基99購03,0,0,0,0,0,0,0,0,0,-1000,0,0,0,0,1000,-1000,-1000
064123,台積電元大9C購09,0,0,0,0,0,0,0,0,0,-1000,0,0,0,0,1000,-1000,-1000
064090,祥碩凱基9C購03  ,0,0,0,0,0,0,0,0,0,-1000,0,0,0,0,1000,-1000,-1000
064267,南六永豐9C購03  ,0,0,0,0,0,0,0,0,0,-1000,0,0,0,29000,30000,-1000,-1000
063221,京元電群益9B購02,0,0,0,0,0,0,0,0,0,-1000,0,0,0,27000,28000,-1000,-1000
063124,奇力新元大9B購05,0,0,0,0,0,0,0,0,0,-1000,0,0,0,10000,11000,-1000,-1000
063126,TPK元大9B購01   ,0,0,0,0,0,0,0,0,0,-1000,0,0,0,2000,3000,-1000,-1000
062901,台積電元大9B購05,0,0,0,0,0,0,0,0,0,-1000,0,0,0,0,1000,-1000,-1000
061993,祥碩元大9C購01  ,0,0,0,0,0,0,0,0,0,-1000,0,0,0,0,1000,-1000,-1000
06344P,臺股指統一99售03,0,0,0,0,0,0,0,0,0,-1000,0,0,0,0,1000,-1000,-1000
063282,奇力新元大9B購06,0,0,0,0,0,0,0,0,0,-1000,0,0,0,0,1000,-1000,-1000
063279,國巨元大9C購05  ,0,0,0,0,0,0,0,0,0,-1000,0,0,0,0,1000,-1000,-1000
063422,奇鋐凱基9B購04  ,0,0,0,0,0,0,0,0,0,-1000,0,0,0,27000,28000,-1000,-1000
063364,聯發科富邦01購02,0,0,0,0,0,0,0,0,0,-1000,0,0,0,0,1000,-1000,-1000
061810,S&P反1群益9B購02,0,0,0,0,0,0,0,0,0,-1000,0,0,0,0,1000,-1000,-1000
061711,台積電凱基9A購27,0,0,0,0,0,0,0,0,0,-1000,0,0,0,0,1000,-1000,-1000
061743,祥碩凱基9B購02  ,0,0,0,0,0,0,0,0,0,-1000,0,0,0,0,1000,-1000,-1000
061409,力成國票9A購02  ,0,0,0,0,0,0,0,0,0,-1000,0,0,0,3000,4000,-1000,-1000
061540,台積電群益9A購07,0,0,0,0,0,0,0,0,0,-1000,0,0,0,0,1000,-1000,-1000
061640,智原元大9A購01  ,0,0,0,0,0,0,0,0,0,-1000,0,0,0,0,1000,-1000,-1000
064018,儒鴻元大9C購02  ,0,0,0,0,0,0,0,0,0,-1000,0,0,0,0,1000,-1000,-1000
063908,國巨凱基9C購06  ,0,0,0,0,0,0,0,0,0,-1000,0,0,0,36000,37000,-1000,-1000
064001,華通凱基02購01  ,0,0,0,0,0,0,0,0,0,-1000,0,0,0,0,1000,-1000,-1000
063979,健鼎兆豐9C購01  ,0,0,0,0,0,0,0,0,0,-1000,0,0,0,0,1000,-1000,-1000
063988,華通永豐9C購01  ,0,0,0,0,0,0,0,0,0,-1000,0,0,0,0,1000,-1000,-1000
063800,玉晶光凱基9C購02,0,0,0,0,0,0,0,0,0,-1000,0,0,0,11000,12000,-1000,-1000
060814,健策凱基9B購01  ,0,0,0,0,0,0,0,0,0,-1000,0,0,0,0,1000,-1000,-1000
062706,大立光元大9B購06,0,0,0,0,0,0,0,0,0,-1000,0,0,0,0,1000,-1000,-1000
061188,大成鋼富邦9B購01,0,0,0,0,0,0,0,0,0,-1000,0,0,0,0,1000,-1000,-1000
061170,南茂兆豐9B購01  ,0,0,0,0,0,0,0,0,0,-1000,0,0,0,0,1000,-1000,-1000
061225,台積電中信9A購04,0,0,0,0,0,0,0,0,0,-1000,0,0,0,0,1000,-1000,-1000
062345,和大群益9B購01  ,0,0,0,0,0,0,0,0,0,-1000,0,0,0,0,1000,-1000,-1000
062114,GIS國票9C購01   ,0,0,0,0,0,0,0,0,0,-1000,0,0,0,0,1000,-1000,-1000
062491,矽創永豐9B購01  ,0,0,0,0,0,0,0,0,0,-1000,0,0,0,0,1000,-1000,-1000
062558,義隆凱基9B購02  ,0,0,0,0,0,0,0,0,0,-1000,0,0,0,0,1000,-1000,-1000
062582,鴻海統一9C購11  ,0,0,0,0,0,0,0,0,0,-1000,0,0,0,0,1000,-1000,-1000
062565,漢唐中信9C購01  ,0,0,0,0,0,0,0,0,0,-1000,0,0,0,0,1000,-1000,-1000
062365,台光電元大9B購03,0,0,0,0,0,0,0,0,0,-1000,0,0,0,0,1000,-1000,-1000
061242,玉晶光兆豐9B購02,0,0,0,0,0,0,0,0,0,-1000,0,0,0,0,1000,-1000,-1000
061258,華通凱基9A購06  ,0,0,0,0,0,0,0,0,0,-1000,0,0,0,0,1000,-1000,-1000
062286,台郡群益9B購01  ,0,0,0,0,0,0,0,0,0,-1000,0,0,0,0,1000,-1000,-1000
062191,台郡元大9B購05  ,0,0,0,0,0,0,0,0,0,-1000,0,0,0,1000,2000,-1000,-1000
062182,華新科元大9B購07,0,0,0,0,0,0,0,0,0,-1000,0,0,0,0,1000,-1000,-1000
063053,聯發科統一01購04,0,0,0,0,0,0,0,0,0,-1000,0,0,0,0,1000,-1000,-1000
064578,TPK國泰02購01   ,0,0,0,0,0,0,0,0,0,-1000,0,0,0,32000,33000,-1000,-1000
064583,光寶科永豐9C購01,0,0,0,0,0,0,0,0,0,-1000,0,0,0,0,1000,-1000,-1000
064543,華通凱基02購02  ,0,0,0,0,0,0,0,0,0,-1000,0,0,0,0,1000,-1000,-1000
06448P,華通元大99售01  ,0,0,0,0,0,0,0,0,0,-1000,0,0,0,9000,10000,-1000,-1000
064731,台郡統一01購02  ,0,0,0,0,0,0,0,0,0,-1000,0,0,0,0,1000,-1000,-1000
064592,同欣電永豐9C購01,0,0,0,0,0,0,0,0,0,-1000,0,0,0,1000,2000,-1000,-1000
064600,技嘉元富9C購01  ,0,0,0,0,0,0,0,0,0,-1000,0,0,0,0,1000,-1000,-1000
064444,聚陽統一01購02  ,0,0,0,0,0,0,0,0,0,-1000,0,0,0,2000,3000,-1000,-1000
064632,臺股指元大9C購18,0,0,0,0,0,0,0,0,0,-1000,0,0,0,0,1000,-1000,-1000
064643,瑞昱凱基04購01  ,0,0,0,0,0,0,0,0,0,-1000,0,0,0,1000,2000,-1000,-1000
065878,麗豐群益02購01  ,0,0,0,0,0,0,0,0,0,-1000,0,0,0,47000,48000,-1000,-1000
065910,立積永豐9C購02  ,0,0,0,0,0,0,0,0,0,-1000,0,0,0,49000,50000,-1000,-1000
066014,嘉晶元富07購01  ,0,0,0,0,0,0,0,0,0,-1000,0,0,0,0,1000,-1000,-1000
066102,國揚國票02購01  ,0,0,0,0,0,0,0,0,0,-1000,0,0,0,19000,20000,-1000,-1000
066073,奇鋐凱基01購01  ,0,0,0,0,0,0,0,0,0,-1000,0,0,0,10000,11000,-1000,-1000
066067,台積電凱基02購05,0,0,0,0,0,0,0,0,0,-1000,0,0,0,0,1000,-1000,-1000
066146,昇陽半群益01購02,0,0,0,0,0,0,0,0,0,-1000,0,0,0,0,1000,-1000,-1000
066147,美利達群益01購01,0,0,0,0,0,0,0,0,0,-1000,0,0,0,8000,9000,-1000,-1000
065625,聯發科兆豐9C購06,0,0,0,0,0,0,0,0,0,-1000,0,0,0,2000,3000,-1000,-1000
065550,聯發科凱基01購07,0,0,0,0,0,0,0,0,0,-1000,0,0,0,10000,11000,-1000,-1000
06556P,臺股指元大99售08,0,0,0,0,0,0,0,0,0,-1000,0,0,0,0,1000,-1000,-1000
065760,和碩元大9C購02  ,0,0,0,0,0,0,0,0,0,-1000,0,0,0,0,1000,-1000,-1000
065504,宏達電永豐9C購01,0,0,0,0,0,0,0,0,0,-1000,0,0,0,1000,2000,-1000,-1000
065522,旭富群益9C購03  ,0,0,0,0,0,0,0,0,0,-1000,0,0,0,0,1000,-1000,-1000
065402,漢唐國泰02購01  ,0,0,0,0,0,0,0,0,0,-1000,0,0,0,0,1000,-1000,-1000
065408,華通永豐9C購02  ,0,0,0,0,0,0,0,0,0,-1000,0,0,0,14000,15000,-1000,-1000
065367,技嘉元大01購01  ,0,0,0,0,0,0,0,0,0,-1000,0,0,0,1000,2000,-1000,-1000
065168,台積電元大02購02,0,0,0,0,0,0,0,0,0,-1000,0,0,0,1000,2000,-1000,-1000
064860,聯發科富邦03購01,0,0,0,0,0,0,0,0,0,-1000,0,0,0,0,1000,-1000,-1000
064873,世紀鋼永豐9C購01,0,0,0,0,0,0,0,0,0,-1000,0,0,0,0,1000,-1000,-1000
065033,和碩兆豐9C購01  ,0,0,0,0,0,0,0,0,0,-1000,0,0,0,7000,8000,-1000,-1000
065104,南茂元大9C購02  ,0,0,0,0,0,0,0,0,0,-1000,0,0,0,27000,28000,-1000,-1000
065047,群創凱基9C購01  ,0,0,0,0,0,0,0,0,0,-1000,0,0,0,5000,6000,-1000,-1000
067497,康控元大01購04  ,0,0,0,0,0,0,0,0,0,-1000,0,0,0,0,1000,-1000,-1000
067401,嘉澤永豐01購02  ,0,0,0,0,0,0,0,0,0,-1000,0,0,0,5000,6000,-1000,-1000
067332,旺宏凱基03購02  ,0,0,0,0,0,0,0,0,0,-1000,0,0,0,39000,40000,-1000,-1000
067200,深中小元大03購01,0,0,0,0,0,0,0,0,0,-1000,0,0,0,12000,13000,-1000,-1000
066937,群創國票03購01  ,0,0,0,0,0,0,0,0,0,-1000,0,0,0,0,1000,-1000,-1000
066329,達欣工永豐01購01,0,3000,-3000,0,0,0,0,0,0,2000,0,0,0,12000,10000,2000,-1000
066546,鴻海元大01購10  ,0,0,0,0,0,0,0,0,0,-1000,0,0,0,0,1000,-1000,-1000
066513,精元永豐01購02  ,0,0,0,0,0,0,0,0,0,-1000,0,0,0,4000,5000,-1000,-1000
066430,台郡元大01購01  ,0,0,0,0,0,0,0,0,0,-1000,0,0,0,67000,68000,-1000,-1000
066438,南紡群益01購01  ,0,0,0,0,0,0,0,0,0,-1000,0,0,0,0,1000,-1000,-1000
066439,信錦群益02購01  ,0,0,0,0,0,0,0,0,0,-1000,0,0,0,0,1000,-1000,-1000
066715,台灣50元大01購23,0,0,0,0,0,0,0,0,0,-1000,0,0,0,0,1000,-1000,-1000
066871,台表科元富07購01,0,0,0,0,0,0,0,0,0,-1000,0,0,0,0,1000,-1000,-1000
066880,上証2X永豐01購01,0,0,0,0,0,0,0,0,0,-1000,0,0,0,0,1000,-1000,-1000
08364P,聯發科凱基02售02,0,0,0,0,0,0,0,0,0,-1000,0,0,0,1000,2000,-1000,-1000
08929P,可成元富07售04  ,0,0,0,0,0,0,0,0,0,-1000,0,0,0,28000,29000,-1000,-1000
08898P,台積電群益01售15,0,0,0,0,0,0,0,0,0,-1000,0,0,0,0,1000,-1000,-1000
08980P,華通凱基01售03  ,0,0,0,0,0,0,0,0,0,-1000,0,0,0,11000,12000,-1000,-1000
08752P,長榮航群益01售01,0,0,0,0,0,0,0,0,0,-1000,0,0,0,1000,2000,-1000,-1000
08357P,聯發科元大9C售09,0,0,0,0,0,0,0,0,0,-1000,0,0,0,9000,10000,-1000,-1000
08192P,大毅國票9B售05  ,0,0,0,0,0,0,0,0,0,-1000,0,0,0,56000,57000,-1000,-1000
08165P,台表科永豐9B售02,0,0,0,0,0,0,0,0,0,-1000,0,0,0,0,1000,-1000,-1000
07475P,A50正2群益9C售02,0,0,0,0,0,0,0,0,0,-1000,0,0,0,0,1000,-1000,-1000
07639P,緯穎國票9A售01  ,0,0,0,0,0,0,0,0,0,-1000,0,0,0,0,1000,-1000,-1000
07728P,臺股指凱基9A售20,0,0,0,0,0,0,0,0,0,-1000,0,0,0,9000,10000,-1000,-1000
07748P,茂林凱基9A售04  ,0,0,0,0,0,0,0,0,0,-1000,0,0,0,0,1000,-1000,-1000
07739P,緯穎永豐9A售01  ,0,0,0,0,0,0,0,0,0,-1000,0,0,0,0,1000,-1000,-1000
07740P,臺股指永豐9A售01,0,0,0,0,0,0,0,0,0,-1000,0,0,0,0,1000,-1000,-1000
07715P,台灣50群益9A售14,0,0,0,0,0,0,0,0,0,-1000,0,0,0,0,1000,-1000,-1000
1470,大統新創        ,1000,1000,0,0,0,0,0,0,0,-1000,0,1000,-1000,0,0,0,-1000
1413,宏洲            ,0,1000,-1000,0,0,0,0,0,0,0,0,0,0,0,0,0,-1000
1538,正峰新          ,0,0,0,0,0,0,0,0,0,-1000,0,1000,-1000,0,0,0,-1000
1725,元禎            ,0,1000,-1000,0,0,0,0,0,0,0,0,0,0,0,0,0,-1000
3308,聯德            ,0,1000,-1000,0,0,0,0,0,0,0,0,0,0,0,0,0,-1000
2887E,台新戊特        ,0,0,0,0,0,0,0,1000,-1000,0,0,0,0,0,0,0,-1000
3046,建碁            ,0,1000,-1000,0,0,0,0,0,0,0,0,0,0,0,0,0,-1000
3054,立萬利          ,0,1000,-1000,0,0,0,0,0,0,0,1000,1000,0,0,0,0,-1000
2712,遠雄來          ,1000,2000,-1000,0,0,0,0,0,0,0,0,0,0,0,0,0,-1000
2838A,聯邦銀甲特      ,0,0,0,0,0,0,0,0,0,-1000,51000,52000,-1000,0,0,0,-1000
6671,三能-KY         ,0,1000,-1000,0,0,0,0,0,0,0,0,0,0,0,0,0,-1000
8497,格威傳媒        ,0,1000,-1000,0,0,0,0,0,0,0,0,0,0,0,0,0,-1000
911616,杜康-DR         ,0,1000,-1000,0,0,0,0,0,0,0,0,0,0,0,0,0,-1000
6201,亞弘電          ,1000,3000,-2000,0,0,0,0,0,0,1000,1000,0,1000,0,0,0,-1000
912398,友佳-DR         ,0,1000,-1000,0,0,0,0,0,0,0,0,0,0,0,0,0,-1000
9931,欣高            ,0,1000,-1000,0,0,0,0,0,0,0,0,0,0,0,0,0,-1000
069940,欣興元富08購05  ,0,0,0,0,0,0,0,0,0,-2000,0,0,0,230000,232000,-2000,-2000
07190P,臺股指富邦9C售02,0,0,0,0,0,0,0,0,0,-2000,0,0,0,0,2000,-2000,-2000
070131,技嘉統一04購02  ,0,0,0,0,0,0,0,0,0,-2000,0,0,0,0,2000,-2000,-2000
07283P,華新科凱基99售07,0,0,0,0,0,0,0,0,0,-2000,0,0,0,0,2000,-2000,-2000
069775,欣興元大03購04  ,0,0,0,0,0,0,0,0,0,-2000,0,0,0,17000,19000,-2000,-2000
069379,微星元大03購01  ,0,0,0,0,0,0,0,0,0,-2000,0,0,0,212000,214000,-2000,-2000
069525,台虹凱基03購01  ,0,0,0,0,0,0,0,0,0,-2000,0,0,0,17000,19000,-2000,-2000
069139,燿華永豐02購01  ,0,0,0,0,0,0,0,0,0,-2000,0,0,0,0,2000,-2000,-2000
068954,晶技凱基02購02  ,0,0,0,0,0,0,0,0,0,-2000,0,0,0,0,2000,-2000,-2000
068375,台光電永豐01購02,0,0,0,0,0,0,0,0,0,-2000,0,0,0,0,2000,-2000,-2000
068373,華通永豐01購02  ,0,0,0,0,0,0,0,0,0,-2000,0,0,0,4000,6000,-2000,-2000
068557,道瓊銀元大03購02,0,0,0,0,0,0,0,0,0,-2000,0,0,0,0,2000,-2000,-2000
068533,台郡元富07購03  ,0,0,0,0,0,0,0,0,0,-2000,0,0,0,0,2000,-2000,-2000
068871,台灣50凱基03購04,0,0,0,0,0,0,0,0,0,-2000,0,0,0,0,2000,-2000,-2000
068178,華邦電群益01購04,0,0,0,0,0,0,0,0,0,-2000,0,0,0,0,2000,-2000,-2000
068210,嘉聯益凱基01購01,0,0,0,0,0,0,0,0,0,-2000,0,0,0,0,2000,-2000,-2000
059351,台虹凱基99購01  ,0,0,0,0,0,0,0,0,0,-2000,0,0,0,0,2000,-2000,-2000
060406,瑞祺國泰9B購01  ,0,0,0,0,0,0,0,0,0,-2000,0,0,0,0,2000,-2000,-2000
060468,聯鈞元大9A購02  ,0,0,0,0,0,0,0,0,0,-2000,0,0,0,10000,12000,-2000,-2000
058471,台積電日盛9C購01,0,0,0,0,0,0,0,0,0,-2000,0,0,0,141000,143000,-2000,-2000
058485,智邦國票9A購01  ,0,0,0,0,0,0,0,0,0,-2000,0,0,0,2000,4000,-2000,-2000
059566,台積電凱基9A購11,0,0,0,0,0,0,0,0,0,-2000,0,0,0,0,2000,-2000,-2000
059531,華新科凱基9B購02,0,0,0,0,0,0,0,0,0,-2000,0,0,0,8000,10000,-2000,-2000
057024,義隆凱基99購01  ,0,0,0,0,0,0,0,0,0,-2000,0,0,0,0,2000,-2000,-2000
060684,同欣電元大9A購01,0,0,0,0,0,0,0,0,0,-2000,0,0,0,0,2000,-2000,-2000
060052,宏碁凱基99購01  ,0,0,0,0,0,0,0,0,0,-2000,0,0,0,0,2000,-2000,-2000
057991,健策統一9C購01  ,0,0,0,0,0,0,0,0,0,-2000,0,0,0,0,2000,-2000,-2000
057335,技嘉國票99購01  ,0,0,0,0,0,0,0,0,0,-2000,0,0,0,0,2000,-2000,-2000
060960,金像電凱基9B購01,0,0,0,0,0,0,0,0,0,-2000,0,0,0,0,2000,-2000,-2000
060952,滬深2X群益9C購05,0,0,0,0,0,0,0,0,0,-2000,0,0,0,0,2000,-2000,-2000
060896,晶技凱基9A購02  ,0,0,0,0,0,0,0,0,0,-2000,0,0,0,0,2000,-2000,-2000
061924,聯發科凱基9C購01,0,0,0,0,0,0,0,0,0,-2000,0,0,0,4000,6000,-2000,-2000
062794,鴻海統一9C購15  ,0,0,0,0,0,0,0,0,0,-2000,0,0,0,0,2000,-2000,-2000
062737,聯發科國票9B購03,0,0,0,0,0,0,0,0,0,-2000,0,0,0,8000,10000,-2000,-2000
062759,旺宏凱基9B購07  ,0,0,0,0,0,0,0,0,0,-2000,0,0,0,0,2000,-2000,-2000
062751,華擎中信9C購01  ,0,0,0,0,0,0,0,0,0,-2000,0,0,0,10000,12000,-2000,-2000
063520,上銀凱基9B購05  ,0,0,0,0,0,0,0,0,0,-2000,0,0,0,0,2000,-2000,-2000
058140,臻鼎元大99購02  ,0,0,0,0,0,0,0,0,0,-2000,0,0,0,0,2000,-2000,-2000
058167,鴻海凱基9A購03  ,0,0,0,0,0,0,0,0,0,-2000,0,0,0,0,2000,-2000,-2000
058290,南電國票9A購01  ,0,0,0,0,0,0,0,0,0,-2000,0,0,0,0,2000,-2000,-2000
058614,台郡元大9A購01  ,0,0,0,0,0,0,0,0,0,-2000,0,0,0,8000,10000,-2000,-2000
060170,世紀鋼永豐9A購01,0,0,0,0,0,0,0,0,0,-2000,0,0,0,3000,5000,-2000,-2000
03403P,玉晶光凱基03售07,0,0,0,0,0,0,0,0,0,-2000,0,0,0,0,2000,-2000,-2000
059728,聯鈞元大99購01  ,0,0,0,0,0,0,0,0,0,-2000,0,0,0,12000,14000,-2000,-2000
03698C,臺股指凱基02牛18,0,0,0,0,0,0,0,0,0,-2000,0,0,0,0,2000,-2000,-2000
059695,聯鈞永豐99購02  ,0,0,0,0,0,0,0,0,0,-2000,0,0,0,0,2000,-2000,-2000
03682C,臺股指凱基9C牛07,0,0,0,0,0,0,0,0,0,-2000,0,0,0,0,2000,-2000,-2000
03578P,創意元富08售04  ,0,0,0,0,0,0,0,0,0,-2000,0,0,0,0,2000,-2000,-2000
059881,臺股指凱基99購46,0,0,0,0,0,0,0,0,0,-2000,0,0,0,0,2000,-2000,-2000
060346,華新科統一01購01,0,0,0,0,0,0,0,0,0,-2000,0,0,0,31000,33000,-2000,-2000
054679,台積電康和99購01,0,0,0,0,0,0,0,0,0,-2000,0,0,0,0,2000,-2000,-2000
054760,台化國票9A購01  ,0,0,0,0,0,0,0,0,0,-2000,0,0,0,0,2000,-2000,-2000
03052X,元展49          ,0,0,0,0,0,0,0,0,0,-2000,0,0,0,0,2000,-2000,-2000
03140P,聯發科凱基01售22,0,0,0,0,0,0,0,0,0,-2000,0,0,0,35000,37000,-2000,-2000
03142P,台灣50國票01售09,0,0,0,0,0,0,0,0,0,-2000,0,0,0,0,2000,-2000,-2000
03064X,元展59          ,0,0,0,0,0,0,0,0,0,-2000,0,0,0,0,2000,-2000,-2000
00666R,富邦恒生國企反1 ,0,0,0,0,0,0,0,0,0,-2000,0,0,0,88000,90000,-2000,-2000
064446,聚陽統一02購02  ,0,0,0,0,0,0,0,0,0,-2000,0,0,0,273000,275000,-2000,-2000
064451,技嘉統一01購02  ,0,0,0,0,0,0,0,0,0,-2000,0,0,0,5000,7000,-2000,-2000
064757,義隆凱基01購02  ,0,0,0,0,0,0,0,0,0,-2000,0,0,0,20000,22000,-2000,-2000
064556,華通群益02購02  ,0,0,0,0,0,0,0,0,0,-2000,0,0,0,0,2000,-2000,-2000
064654,元金2X元大9C購03,0,0,0,0,0,0,0,0,0,-2000,0,0,0,4000,6000,-2000,-2000
061292,玉晶光統一01購06,0,0,0,0,0,0,0,0,0,-2000,0,0,0,0,2000,-2000,-2000
064417,創意中信9C購01  ,0,0,0,0,0,0,0,0,0,-2000,0,0,0,20000,22000,-2000,-2000
064400,大成鋼凱基01購01,0,0,0,0,0,0,0,0,0,-2000,0,0,0,0,2000,-2000,-2000
062439,聯發科元大9B購10,0,0,0,0,0,0,0,0,0,-2000,0,0,0,0,2000,-2000,-2000
062461,智伸科群益9B購01,0,0,0,0,0,0,0,0,0,-2000,0,0,0,0,2000,-2000,-2000
062427,嘉澤統一01購01  ,0,0,0,0,0,0,0,0,0,-2000,0,0,0,0,2000,-2000,-2000
062581,鴻海統一01購02  ,0,0,0,0,0,0,0,0,0,-2000,0,0,0,0,2000,-2000,-2000
062055,鴻海統一9C購07  ,0,0,0,0,0,0,0,0,0,-2000,0,0,0,0,2000,-2000,-2000
062053,華通統一9C購02  ,0,0,0,0,0,0,0,0,0,-2000,0,0,0,0,2000,-2000,-2000
061105,宏達電元大9A購04,0,0,0,0,0,0,0,0,0,-2000,0,0,0,0,2000,-2000,-2000
062334,健策統一9B購02  ,0,0,0,0,0,0,0,0,0,-2000,0,0,0,0,2000,-2000,-2000
063019,聯發科元大9C購01,0,0,0,0,0,0,0,0,0,-2000,0,0,0,13000,15000,-2000,-2000
061201,FBVIX元大01購03 ,0,0,0,0,0,0,0,0,0,-2000,0,0,0,0,2000,-2000,-2000
063740,矽格元大9B購03  ,0,0,0,0,0,0,0,0,0,-2000,0,0,0,4000,6000,-2000,-2000
062634,玉晶光國票9B購03,0,0,0,0,0,0,0,0,0,-2000,0,0,0,1000,3000,-2000,-2000
060770,宏達電麥證9A購01,0,0,0,0,2000,-2000,0,0,0,-2000,0,0,0,0,2000,-2000,-2000
063706,台虹群益9B購01  ,0,0,0,0,0,0,0,0,0,-2000,0,0,0,0,2000,-2000,-2000
062924,世紀鋼元大9C購04,0,0,0,0,0,0,0,0,0,-2000,0,0,0,3000,5000,-2000,-2000
063906,T50反1凱基02購03,0,0,0,0,0,0,0,0,0,-2000,0,0,0,0,2000,-2000,-2000
063956,神達元大9C購01  ,0,0,0,0,0,0,0,0,0,-2000,0,0,0,0,2000,-2000,-2000
063971,健鼎國票01購01  ,0,0,0,0,0,0,0,0,0,-2000,0,0,0,8000,10000,-2000,-2000
063940,國巨元大01購02  ,0,0,0,0,0,0,0,0,0,-2000,0,0,0,80000,82000,-2000,-2000
061610,力成統一9C購01  ,0,0,0,0,0,0,0,0,0,-2000,0,0,0,0,2000,-2000,-2000
061567,華通元大9A購11  ,0,0,0,0,0,0,0,0,0,-2000,0,0,0,58000,60000,-2000,-2000
061574,大毅元大9B購01  ,0,0,0,0,0,0,0,0,0,-2000,0,0,0,0,2000,-2000,-2000
061375,華通永豐9A購02  ,0,0,0,0,0,0,0,0,0,-2000,0,0,0,2000,4000,-2000,-2000
061450,嘉晶中信9A購01  ,0,0,0,0,0,0,0,0,0,-2000,0,0,0,30000,32000,-2000,-2000
061738,聯發科凱基9B購04,0,0,0,0,0,0,0,0,0,-2000,0,0,0,0,2000,-2000,-2000
061837,華新科凱基05購02,0,0,0,0,0,0,0,0,0,-2000,0,0,0,20000,22000,-2000,-2000
063385,可成中信9C購01  ,0,0,0,0,0,0,0,0,0,-2000,0,0,0,48000,50000,-2000,-2000
063479,南六元大9B購06  ,0,0,0,0,0,0,0,0,0,-2000,0,0,0,27000,29000,-2000,-2000
063474,康控元大9B購04  ,0,0,0,0,0,0,0,0,0,-2000,0,0,0,0,2000,-2000,-2000
062039,聯發科凱基9B購07,0,0,0,0,0,0,0,0,0,-2000,0,0,0,6000,8000,-2000,-2000
063639,華擎元大9C購03  ,0,0,0,0,0,0,0,0,0,-2000,0,0,0,0,2000,-2000,-2000
063173,矽格中信9B購01  ,0,0,0,0,0,0,0,0,0,-2000,0,0,0,0,2000,-2000,-2000
063149,聯發科元富05購02,0,0,0,0,0,0,0,0,0,-2000,0,0,0,0,2000,-2000,-2000
063185,聯發科凱基9C購03,0,0,0,0,0,0,0,0,0,-2000,0,0,0,0,2000,-2000,-2000
064266,聯茂永豐9C購01  ,0,0,0,0,0,0,0,0,0,-2000,0,0,0,0,2000,-2000,-2000
064231,鴻海統一01購03  ,0,0,0,0,0,0,0,0,0,-2000,0,0,0,0,2000,-2000,-2000
064225,健策國票01購02  ,0,0,0,0,0,0,0,0,0,-2000,0,0,0,32000,34000,-2000,-2000
060999,國巨兆豐9A購01  ,0,0,0,0,0,0,0,0,0,-2000,0,0,0,16000,18000,-2000,-2000
066459,智原統一01購01  ,0,0,0,0,0,0,0,0,0,-2000,0,0,0,8000,10000,-2000,-2000
066516,智原永豐01購01  ,0,0,0,0,0,0,0,0,0,-2000,0,0,0,8000,10000,-2000,-2000
066479,國巨元富07購01  ,0,0,0,0,0,0,0,0,0,-2000,0,0,0,0,2000,-2000,-2000
066917,美利達凱基01購02,0,0,0,0,0,0,0,0,0,-2000,0,0,0,2000,4000,-2000,-2000
066910,華擎凱基01購03  ,0,0,0,0,0,0,0,0,0,-2000,0,0,0,28000,30000,-2000,-2000
067199,滬深2X元大04購02,0,0,0,0,0,0,0,0,0,-2000,0,0,0,300000,302000,-2000,-2000
067136,京鼎永豐01購01  ,0,0,0,0,0,0,0,0,0,-2000,0,0,0,4000,6000,-2000,-2000
067357,欣興群益01購02  ,0,0,0,0,0,0,0,0,0,-2000,0,0,0,11000,13000,-2000,-2000
067278,申豐統一02購03  ,0,0,0,0,0,0,0,0,0,-2000,0,0,0,0,2000,-2000,-2000
067538,晶技群益01購02  ,0,0,0,0,0,0,0,0,0,-2000,0,0,0,22000,24000,-2000,-2000
067555,旺宏國票02購01  ,0,0,0,0,0,0,0,0,0,-2000,0,0,0,15000,17000,-2000,-2000
067428,大毅凱基01購02  ,0,0,0,0,0,0,0,0,0,-2000,0,0,0,1000,3000,-2000,-2000
064910,臺股指麥證9C購04,0,0,0,0,2000,-2000,0,0,0,-2000,0,0,0,0,2000,-2000,-2000
064772,FBVIX群益9C購04 ,0,0,0,0,0,0,0,0,0,-2000,0,0,0,10000,12000,-2000,-2000
065272,聯茂元大9C購05  ,0,0,0,0,0,0,0,0,0,-2000,0,0,0,100000,102000,-2000,-2000
065277,T50反1群益01購01,0,0,0,0,0,0,0,0,0,-2000,0,0,0,0,2000,-2000,-2000
065400,華擎群益01購02  ,0,0,0,0,0,0,0,0,0,-2000,0,0,0,0,2000,-2000,-2000
065857,嘉聯益元大9C購03,0,0,0,0,0,0,0,0,0,-2000,0,0,0,42000,44000,-2000,-2000
065565,神隆群益01購01  ,0,0,0,0,0,0,0,0,0,-2000,0,0,0,11000,13000,-2000,-2000
065558,嘉聯益凱基9C購02,0,0,0,0,0,0,0,0,0,-2000,0,0,0,0,2000,-2000,-2000
065537,健鼎統一02購05  ,0,0,0,0,0,0,0,0,0,-2000,0,0,0,0,2000,-2000,-2000
065575,神達群益01購01  ,0,0,0,0,0,0,0,0,0,-2000,0,0,0,0,2000,-2000,-2000
065669,義隆凱基01購03  ,0,0,0,0,0,0,0,0,0,-2000,0,0,0,0,2000,-2000,-2000
066066,鴻海凱基01購05  ,0,0,0,0,0,0,0,0,0,-2000,0,0,0,14000,16000,-2000,-2000
065989,泰碩永豐01購01  ,0,0,0,0,0,0,0,0,0,-2000,0,0,0,0,2000,-2000,-2000
065975,緯創元大02購01  ,0,0,0,0,0,0,0,0,0,-2000,0,0,0,56000,58000,-2000,-2000
8466,美吉吉-KY       ,1000,1000,0,0,0,0,0,0,0,-2000,0,2000,-2000,0,0,0,-2000
5906,台南-KY         ,0,0,0,0,0,0,0,0,0,-2000,0,2000,-2000,0,0,0,-2000
6131,鈞泰            ,0,2000,-2000,0,0,0,0,0,0,0,0,0,0,0,0,0,-2000
5538,東明-KY         ,0,2000,-2000,0,0,0,0,0,0,0,0,0,0,0,0,0,-2000
4581,光隆精密-KY     ,0,2000,-2000,0,0,0,0,0,0,0,0,0,0,0,0,0,-2000
2739,寒舍            ,87000,87000,0,0,0,0,0,0,0,-2000,0,2000,-2000,0,0,0,-2000
2543,皇昌            ,0,1000,-1000,0,0,0,0,0,0,-1000,0,1000,-1000,0,0,0,-2000
2236,百達-KY         ,1000,3000,-2000,0,0,0,0,0,0,0,0,0,0,0,0,0,-2000
2024,志聯            ,0,2000,-2000,0,0,0,0,0,0,0,0,0,0,0,0,0,-2000
2429,銘旺科          ,0,2000,-2000,0,0,0,0,0,0,0,0,0,0,0,0,0,-2000
07548P,台灣50元大9A售12,0,0,0,0,0,0,0,0,0,-2000,0,0,0,0,2000,-2000,-2000
07843P,緯穎元大9A售05  ,0,0,0,0,0,0,0,0,0,-2000,0,0,0,0,2000,-2000,-2000
08037P,台表科群益9B售02,0,0,0,0,0,0,0,0,0,-2000,0,0,0,1000,3000,-2000,-2000
08789P,A50正2元富01售04,0,0,0,0,0,0,0,0,0,-2000,0,0,0,0,2000,-2000,-2000
08787P,滬深2X元富01售06,0,0,0,0,0,0,0,0,0,-2000,0,0,0,0,2000,-2000,-2000
08988P,華碩國票01售02  ,0,0,0,0,0,0,0,0,0,-2000,0,0,0,0,2000,-2000,-2000
1235,興泰            ,2000,2000,0,0,0,0,0,0,0,-2000,0,2000,-2000,0,0,0,-2000
1213,大飲            ,0,2000,-2000,0,0,0,0,0,0,0,0,0,0,0,0,0,-2000
068207,日月光凱基01購02,0,0,0,0,0,0,0,0,0,-3000,0,0,0,0,3000,-3000,-3000
067776,巨大統一03購02  ,0,0,0,0,0,0,0,0,0,-3000,0,0,0,47000,50000,-3000,-3000
067702,臺股指國票01購10,0,0,0,0,0,0,0,0,0,-3000,0,0,0,0,3000,-3000,-3000
067688,南六元大01購06  ,0,0,0,0,0,0,0,0,0,-3000,0,0,0,11000,14000,-3000,-3000
068878,智易凱基02購01  ,0,0,0,0,0,0,0,0,0,-3000,0,0,0,28000,31000,-3000,-3000
068737,南電元大02購03  ,0,0,0,0,0,0,0,0,0,-3000,0,0,0,21000,24000,-3000,-3000
068704,精元國票03購01  ,0,0,0,0,0,0,0,0,0,-3000,0,0,0,0,3000,-3000,-3000
068643,GIS凱基02購05   ,0,0,0,0,0,0,0,0,0,-3000,0,0,0,12000,15000,-3000,-3000
068445,精成科凱基01購01,0,0,0,0,0,0,0,0,0,-3000,0,0,0,10000,13000,-3000,-3000
068358,啟碁凱基01購01  ,0,0,0,0,0,0,0,0,0,-3000,0,0,0,0,3000,-3000,-3000
068261,緯穎富邦01購01  ,0,0,0,0,0,0,0,0,0,-3000,0,0,0,0,3000,-3000,-3000
068909,台積電群益02購09,0,0,0,0,0,0,0,0,0,-3000,0,0,0,0,3000,-3000,-3000
069482,台積電元大02購27,0,0,0,0,0,0,0,0,0,-3000,0,0,0,86000,89000,-3000,-3000
069705,國巨國票04購02  ,0,0,0,0,0,0,0,0,0,-3000,0,0,0,0,3000,-3000,-3000
06985P,華新科富邦9C售02,0,0,0,0,0,0,0,0,0,-3000,0,0,0,1000,4000,-3000,-3000
07268P,臺股指元大99售24,0,0,0,0,0,0,0,0,0,-3000,0,0,0,0,3000,-3000,-3000
070146,南電統一04購05  ,0,0,0,0,0,0,0,0,0,-3000,0,0,0,0,3000,-3000,-3000
069953,微星永豐02購01  ,0,0,0,0,0,0,0,0,0,-3000,0,0,0,0,3000,-3000,-3000
069880,樺漢國票03購01  ,0,0,0,0,0,0,0,0,0,-3000,0,0,0,0,3000,-3000,-3000
069978,台積電凱基02購20,0,0,0,0,0,0,0,0,0,-3000,0,0,0,0,3000,-3000,-3000
0057,富邦摩台        ,5000,1000,4000,0,0,0,0,0,0,-7000,0,0,0,23000,30000,-7000,-3000
00688L,國泰20年美債正2 ,0,0,0,0,0,0,0,0,0,-3000,0,0,0,101000,104000,-3000,-3000
03068P,美律群益01售03  ,0,0,0,0,0,0,0,0,0,-3000,0,0,0,127000,130000,-3000,-3000
03213P,SP黃豆群益02售01,0,0,0,0,0,0,0,0,0,-3000,0,0,0,0,3000,-3000,-3000
03020X,元展20          ,0,0,0,0,0,0,0,0,0,-3000,0,0,0,0,3000,-3000,-3000
03093X,永豐金元大61展01,0,0,0,0,0,0,0,0,0,-3000,0,0,0,0,3000,-3000,-3000
060369,滬深2X元富01購01,0,0,0,0,0,0,0,0,0,-3000,0,0,0,0,3000,-3000,-3000
060342,台積電統一02購01,0,0,0,0,0,0,0,0,0,-3000,0,0,0,0,3000,-3000,-3000
03368P,臺股指元大02售11,0,0,0,0,0,0,0,0,0,-3000,0,0,0,3000,6000,-3000,-3000
059765,嘉聯益永豐99購02,0,0,0,0,0,0,0,0,0,-3000,0,0,0,1000,4000,-3000,-3000
056569,T50正2元大9B購02,0,0,0,0,0,0,0,0,0,-3000,0,0,0,0,3000,-3000,-3000
056659,泰碩元大99購01  ,0,0,0,0,0,0,0,0,0,-3000,0,0,0,5000,8000,-3000,-3000
058797,大毅元大99購03  ,0,0,0,0,0,0,0,0,0,-3000,0,0,0,0,3000,-3000,-3000
059053,鴻海凱基99購07  ,0,0,0,0,0,0,0,0,0,-3000,0,0,0,0,3000,-3000,-3000
058631,鈺齊國票9A購01  ,0,0,0,0,0,0,0,0,0,-3000,0,0,0,0,3000,-3000,-3000
058073,大立光凱基99購04,0,0,0,0,0,0,0,0,0,-3000,0,0,0,0,3000,-3000,-3000
062787,超眾元大9C購02  ,0,0,0,0,0,0,0,0,0,-3000,0,0,0,54000,57000,-3000,-3000
061913,宏碁中信9B購01  ,0,0,0,0,0,0,0,0,0,-3000,0,0,0,189000,192000,-3000,-3000
057878,台郡元大99購04  ,0,0,0,0,0,0,0,0,0,-3000,0,0,0,0,3000,-3000,-3000
057774,台光電群益99購02,0,0,0,0,0,0,0,0,0,-3000,0,0,0,0,3000,-3000,-3000
060060,台積電兆豐99購05,0,0,0,0,0,0,0,0,0,-3000,0,0,0,0,3000,-3000,-3000
059526,鴻海凱基99購12  ,0,0,0,0,0,0,0,0,0,-3000,0,0,0,0,3000,-3000,-3000
058540,嘉聯益國泰9A購02,0,0,0,0,0,0,0,0,0,-3000,0,0,0,0,3000,-3000,-3000
059114,華新科永豐99購05,0,0,0,0,0,0,0,0,0,-3000,0,0,0,0,3000,-3000,-3000
060376,瑞祺元富9A購01  ,0,0,0,0,0,0,0,0,0,-3000,0,0,0,0,3000,-3000,-3000
059168,奇力新凱基99購05,0,0,0,0,0,0,0,0,0,-3000,0,0,0,0,3000,-3000,-3000
059169,可成凱基99購04  ,0,0,0,0,0,0,0,0,0,-3000,0,0,0,98000,101000,-3000,-3000
064250,亞光元富9C購01  ,0,0,0,0,0,0,0,0,0,-3000,0,0,0,0,3000,-3000,-3000
064205,台灣50凱基01購14,0,0,0,0,0,0,0,0,0,-3000,0,0,0,0,3000,-3000,-3000
063406,麗豐國票9C購01  ,0,0,0,0,0,0,0,0,0,-3000,0,0,0,0,3000,-3000,-3000
063232,裕隆元大9B購01  ,0,0,0,0,0,0,0,0,0,-3000,0,0,0,8000,11000,-3000,-3000
063238,漢唐元大9B購02  ,0,0,0,0,0,0,0,0,0,-3000,0,0,0,13000,16000,-3000,-3000
061048,國巨中信9A購05  ,0,0,0,0,0,0,0,0,0,-3000,0,0,0,0,3000,-3000,-3000
061042,致新永豐9A購02  ,0,0,0,0,0,0,0,0,0,-3000,0,0,0,0,3000,-3000,-3000
061511,緯穎富邦9B購02  ,0,0,0,0,0,0,0,0,0,-3000,0,0,0,52000,55000,-3000,-3000
063885,南六元富9C購01  ,0,0,0,0,0,0,0,0,0,-3000,0,0,0,0,3000,-3000,-3000
063804,華邦電兆豐01購01,0,0,0,0,0,0,0,0,0,-3000,0,0,0,5000,8000,-3000,-3000
062598,華通台新9B購02  ,0,0,0,0,0,0,0,0,0,-3000,0,0,0,2000,5000,-3000,-3000
060871,台灣50中信01購03,0,0,0,0,0,0,0,0,0,-3000,0,0,0,3000,6000,-3000,-3000
060872,高股息中信02購01,0,0,0,0,0,0,0,0,0,-3000,0,0,0,0,3000,-3000,-3000
061186,牧德國泰9C購01  ,0,0,0,0,0,0,0,0,0,-3000,0,0,0,23000,26000,-3000,-3000
063781,健策永豐9B購08  ,0,0,0,0,0,0,0,0,0,-3000,0,0,0,7000,10000,-3000,-3000
062968,仁寶元富9B購01  ,0,0,0,0,0,0,0,0,0,-3000,0,0,0,142000,145000,-3000,-3000
064402,宏碁凱基01購01  ,0,0,0,0,0,0,0,0,0,-3000,0,0,0,0,3000,-3000,-3000
061288,大立光統一9C購01,0,0,0,0,0,0,0,0,0,-3000,0,0,0,17000,20000,-3000,-3000
061269,嘉澤凱基9A購01  ,0,0,0,0,0,0,0,0,0,-3000,0,0,0,0,3000,-3000,-3000
062202,國巨國票9C購04  ,0,0,0,0,0,0,0,0,0,-3000,0,0,0,0,3000,-3000,-3000
062278,聯發科群益9C購01,0,0,0,0,0,0,0,0,0,-3000,0,0,0,0,3000,-3000,-3000
061259,台積電凱基9A購21,0,0,0,0,0,0,0,0,0,-3000,0,0,0,0,3000,-3000,-3000
061255,道瓊反凱基9C購01,0,0,0,0,0,0,0,0,0,-3000,0,0,0,0,3000,-3000,-3000
062234,廣達凱基9B購01  ,0,0,0,0,0,0,0,0,0,-3000,0,0,0,5000,8000,-3000,-3000
064442,嘉聯益凱基9C購01,0,0,0,0,0,0,0,0,0,-3000,0,0,0,0,3000,-3000,-3000
064710,元金2X統一03購01,0,0,0,0,0,0,0,0,0,-3000,0,0,0,0,3000,-3000,-3000
065995,台虹永豐01購01  ,0,0,0,0,0,0,0,0,0,-3000,0,0,0,50000,53000,-3000,-3000
065951,聯發科統一01購08,0,0,0,0,0,0,0,0,0,-3000,0,0,0,0,3000,-3000,-3000
065686,同欣電統一03購01,0,0,0,0,0,0,0,0,0,-3000,0,0,0,0,3000,-3000,-3000
065822,緯創台新9C購01  ,0,0,0,0,0,0,0,0,0,-3000,0,0,0,0,3000,-3000,-3000
065831,緯創凱基9C購03  ,0,0,0,0,0,0,0,0,0,-3000,0,0,0,2000,5000,-3000,-3000
065325,亞光凱基9C購01  ,0,0,0,0,0,0,0,0,0,-3000,0,0,0,0,3000,-3000,-3000
065117,臺股指國票9C購14,0,0,0,0,0,0,0,0,0,-3000,0,0,0,0,3000,-3000,-3000
064969,達新元大9C購01  ,0,0,0,0,0,0,0,0,0,-3000,0,0,0,0,3000,-3000,-3000
067437,瑞祺凱基02購02  ,0,0,0,0,0,0,0,0,0,-3000,0,0,0,0,3000,-3000,-3000
067514,申豐統一02購05  ,0,0,0,0,0,0,0,0,0,-3000,0,0,0,0,3000,-3000,-3000
067093,台灣50群益01購08,0,0,0,0,0,0,0,0,0,-3000,0,0,0,10000,13000,-3000,-3000
066968,技嘉元富07購01  ,0,0,0,0,0,0,0,0,0,-3000,0,0,0,2000,5000,-3000,-3000
066263,華碩元大02購01  ,0,0,0,0,0,0,0,0,0,-3000,0,0,0,215000,218000,-3000,-3000
066248,長興元大01購01  ,0,0,0,0,0,0,0,0,0,-3000,0,0,0,24000,27000,-3000,-3000
066795,台積電凱基02購07,0,0,0,0,0,0,0,0,0,-3000,0,0,0,47000,50000,-3000,-3000
066806,京鼎凱基02購01  ,0,0,0,0,0,0,0,0,0,-3000,0,0,0,0,3000,-3000,-3000
066747,台郡元大01購03  ,0,0,0,0,0,0,0,0,0,-3000,0,0,0,56000,59000,-3000,-3000
1236,宏亞            ,1000,4000,-3000,0,0,0,0,0,0,0,0,0,0,0,0,0,-3000
08769P,上証2X凱基01售02,0,0,0,0,0,0,0,0,0,-3000,0,0,0,2000,5000,-3000,-3000
08569P,玉晶光永豐9C售09,0,0,0,0,0,0,0,0,0,-3000,0,0,0,0,3000,-3000,-3000
08098P,大立光凱基9B售09,0,0,0,0,0,0,0,0,0,-3000,0,0,0,0,3000,-3000,-3000
08245P,台灣50群益9C售05,0,0,0,0,0,0,0,0,0,-3000,0,0,0,0,3000,-3000,-3000
07905P,大立光群益9B售04,0,0,0,0,0,0,0,0,0,-3000,0,0,0,1000,4000,-3000,-3000
2008,高興昌          ,0,3000,-3000,0,0,0,0,0,0,0,0,0,0,0,0,0,-3000
1735,日勝化          ,0,3000,-3000,0,0,0,0,0,0,0,0,0,0,0,0,0,-3000
3130,一零四          ,0,3000,-3000,0,0,0,0,0,0,0,0,0,0,0,0,0,-3000
4562,穎漢            ,0,3000,-3000,0,0,0,0,0,0,0,0,0,0,0,0,0,-3000
4764,雙鍵            ,1000,3000,-2000,0,0,0,0,0,0,-1000,0,1000,-1000,0,0,0,-3000
8443,阿瘦            ,6000,9000,-3000,0,0,0,0,0,0,0,0,0,0,0,0,0,-3000
069967,大毅群益02購05  ,0,0,0,0,0,0,0,0,0,-4000,0,0,0,0,4000,-4000,-4000
069832,華新科元富04購01,0,0,0,0,0,0,0,0,0,-4000,0,0,0,0,4000,-4000,-4000
069801,健策凱基03購02  ,0,0,0,0,0,0,0,0,0,-4000,0,0,0,5000,9000,-4000,-4000
069466,欣興國票03購04  ,0,0,0,0,0,0,0,0,0,-4000,0,0,0,53000,57000,-4000,-4000
069219,華新群益04購01  ,0,0,0,0,0,0,0,0,0,-4000,0,0,0,19000,23000,-4000,-4000
069241,聯電凱基03購06  ,0,0,0,0,0,0,0,0,0,-4000,0,0,0,2000,6000,-4000,-4000
069286,鴻海國泰04購01  ,0,0,0,0,0,0,0,0,0,-4000,0,0,0,0,4000,-4000,-4000
069182,台達電麥證02購01,0,0,0,0,4000,-4000,0,0,0,-4000,0,0,0,0,4000,-4000,-4000
068303,台積電國票01購08,0,0,0,0,0,0,0,0,0,-4000,0,0,0,170000,174000,-4000,-4000
068869,光寶科中信03購01,0,0,0,0,0,0,0,0,0,-4000,0,0,0,0,4000,-4000,-4000
068841,華通統一02購01  ,0,0,0,0,0,0,0,0,0,-4000,0,0,0,87000,91000,-4000,-4000
060344,聯發科統一01購01,0,0,0,0,0,0,0,0,0,-4000,0,0,0,3000,7000,-4000,-4000
059966,台積電凱基99購19,0,0,0,0,0,0,0,0,0,-4000,0,0,0,0,4000,-4000,-4000
059978,國巨元大99購29  ,0,0,0,0,0,0,0,0,0,-4000,0,0,0,0,4000,-4000,-4000
059493,國巨國票9B購01  ,0,0,0,0,0,0,0,0,0,-4000,0,0,0,0,4000,-4000,-4000
060552,群創凱基9B購05  ,0,0,0,0,0,0,0,0,0,-4000,0,0,0,2000,6000,-4000,-4000
060661,台積電凱基9A購18,0,0,0,0,0,0,0,0,0,-4000,0,0,0,0,4000,-4000,-4000
057363,華通元大99購02  ,0,0,0,0,0,0,0,0,0,-4000,0,0,0,4000,8000,-4000,-4000
062807,和碩統一9B購01  ,0,0,0,0,0,0,0,0,0,-4000,0,0,0,64000,68000,-4000,-4000
063509,超眾群益9B購03  ,0,0,0,0,0,0,0,0,0,-4000,0,0,0,0,4000,-4000,-4000
058727,嘉晶富邦9A購01  ,0,0,0,0,0,0,0,0,0,-4000,0,0,0,18000,22000,-4000,-4000
058766,力山兆豐99購01  ,0,0,0,0,0,0,0,0,0,-4000,0,0,0,0,4000,-4000,-4000
03298P,台積電統一03售15,0,0,0,0,0,0,0,0,0,-4000,0,0,0,0,4000,-4000,-4000
03332P,台積電元大02售17,0,0,0,0,0,0,0,0,0,-4000,0,0,0,1000000,1004000,-4000,-4000
056671,台灣50元富9A購01,0,0,0,0,0,0,0,0,0,-4000,0,0,0,9000,13000,-4000,-4000
059641,群創凱基99購06  ,0,0,0,0,0,0,0,0,0,-4000,0,0,0,10000,14000,-4000,-4000
03548P,美律凱基02售03  ,0,0,0,0,0,0,0,0,0,-4000,0,0,0,46000,50000,-4000,-4000
03353P,臺股指麥證02售02,0,0,0,1000,5000,-4000,0,0,0,-4000,0,0,0,1000,5000,-4000,-4000
058352,鴻海凱基9A購05  ,0,0,0,0,0,0,0,0,0,-4000,0,0,0,0,4000,-4000,-4000
03049X,元展46          ,0,0,0,0,0,0,0,0,0,-4000,0,0,0,0,4000,-4000,-4000
053411,深中小國票9B購01,0,0,0,0,0,0,0,0,0,-4000,0,0,0,0,4000,-4000,-4000
055891,鴻海統一9A購01  ,0,0,0,0,0,0,0,0,0,-4000,0,0,0,0,4000,-4000,-4000
03120P,臺指反元大04售10,0,0,0,0,0,0,0,0,0,-4000,0,0,0,0,4000,-4000,-4000
03196P,台積電元富07售15,0,0,0,0,0,0,0,0,0,-4000,0,0,0,0,4000,-4000,-4000
0054,元大台商50      ,0,0,0,0,0,0,0,0,0,-4000,0,0,0,1000,5000,-4000,-4000
064627,矽格元大9C購01  ,0,0,0,0,0,0,0,0,0,-4000,0,0,0,26000,30000,-4000,-4000
064752,台達電凱基01購01,0,0,0,0,0,0,0,0,0,-4000,0,0,0,0,4000,-4000,-4000
064720,長榮航統一02購01,0,0,0,0,0,0,0,0,0,-4000,0,0,0,0,4000,-4000,-4000
064716,國巨統一9C購14  ,0,0,0,0,0,0,0,0,0,-4000,0,0,0,1000,5000,-4000,-4000
064547,宏達電凱基9C購01,0,0,0,0,0,0,0,0,0,-4000,0,0,0,0,4000,-4000,-4000
064519,聯詠群益9C購01  ,0,0,0,0,0,0,0,0,0,-4000,0,0,0,5000,9000,-4000,-4000
062280,大立光群益9C購01,0,0,0,0,0,0,0,0,0,-4000,0,0,0,46000,50000,-4000,-4000
062220,台光電統一01購01,0,0,0,0,0,0,0,0,0,-4000,0,0,0,0,4000,-4000,-4000
063050,葡萄王統一01購01,0,0,0,0,0,0,0,0,0,-4000,0,0,0,6000,10000,-4000,-4000
063073,瑞昱永豐9B購01  ,0,0,0,0,0,0,0,0,0,-4000,0,0,0,15000,19000,-4000,-4000
064418,鴻海兆豐01購02  ,0,0,0,0,0,0,0,0,0,-4000,0,0,0,0,4000,-4000,-4000
062998,泰碩國票01購01  ,0,0,0,0,0,0,0,0,0,-4000,0,0,0,0,4000,-4000,-4000
062312,大立光凱基9B購03,0,0,0,0,0,0,0,0,0,-4000,0,0,0,0,4000,-4000,-4000
062325,鴻海統一9B購05  ,0,0,0,0,0,0,0,0,0,-4000,0,0,0,0,4000,-4000,-4000
062583,鴻海統一9C購12  ,0,0,0,0,0,0,0,0,0,-4000,0,0,0,0,4000,-4000,-4000
061206,旺宏元大9A購12  ,0,0,0,0,0,0,0,0,0,-4000,0,0,0,0,4000,-4000,-4000
062635,創意國票9B購01  ,0,0,0,0,0,0,0,0,0,-4000,0,0,0,3000,7000,-4000,-4000
062713,台灣50凱基02購03,0,0,0,0,0,0,0,0,0,-4000,0,0,0,0,4000,-4000,-4000
064006,晶技凱基9C購02  ,0,0,0,0,0,0,0,0,0,-4000,0,0,0,0,4000,-4000,-4000
061578,玉晶光元大9A購16,0,0,0,0,0,0,0,0,0,-4000,0,0,0,0,4000,-4000,-4000
061502,嘉澤國票9A購02  ,0,0,0,0,0,0,0,0,0,-4000,0,0,0,0,4000,-4000,-4000
063262,南六富邦9C購01  ,0,0,0,0,0,0,0,0,0,-4000,0,0,0,66000,70000,-4000,-4000
063329,健策國票9C購01  ,0,0,0,0,0,0,0,0,0,-4000,0,0,0,2000,6000,-4000,-4000
063463,瑞昱元大9B購05  ,0,0,0,0,0,0,0,0,0,-4000,0,0,0,0,4000,-4000,-4000
064201,新光金兆豐9C購01,0,0,0,0,0,0,0,0,0,-4000,0,0,0,0,4000,-4000,-4000
063211,道瓊銀國票9B購01,0,0,0,0,0,0,0,0,0,-4000,0,0,0,0,4000,-4000,-4000
063592,瑞祺永豐9B購02  ,0,0,0,0,0,0,0,0,0,-4000,0,0,0,0,4000,-4000,-4000
063625,儒鴻元大9B購03  ,0,0,0,0,0,0,0,0,0,-4000,0,0,0,0,4000,-4000,-4000
063636,聯發科元大9B購26,0,0,0,0,0,0,0,0,0,-4000,0,0,0,0,4000,-4000,-4000
066804,緯創凱基01購01  ,0,0,0,0,0,0,0,0,0,-4000,0,0,0,0,4000,-4000,-4000
066859,華擎國票02購01  ,0,0,0,0,0,0,0,0,0,-4000,0,0,0,0,4000,-4000,-4000
066620,長興凱基01購01  ,0,0,0,0,0,0,0,0,0,-4000,0,0,0,57000,61000,-4000,-4000
066570,力成元大02購01  ,0,0,0,0,0,0,0,0,0,-4000,0,0,0,135000,139000,-4000,-4000
066362,瑞昱中信05購01  ,0,0,0,0,0,0,0,0,0,-4000,0,0,0,26000,30000,-4000,-4000
066450,松翰群益01購01  ,0,0,0,0,0,0,0,0,0,-4000,0,0,0,0,4000,-4000,-4000
066936,新日興國票02購01,0,0,0,0,0,0,0,0,0,-4000,0,0,0,0,4000,-4000,-4000
067004,義隆永豐01購01  ,0,0,0,0,0,0,0,0,0,-4000,0,0,0,8000,12000,-4000,-4000
067039,生達凱基01購01  ,0,0,0,0,0,0,0,0,0,-4000,0,0,0,0,4000,-4000,-4000
067174,嘉澤兆豐01購01  ,0,0,0,0,0,0,0,0,0,-4000,0,0,0,16000,20000,-4000,-4000
067560,聯詠國票02購01  ,0,0,0,0,0,0,0,0,0,-4000,0,0,0,93000,97000,-4000,-4000
065114,臺股指國票9C購11,0,0,0,0,0,0,0,0,0,-4000,0,0,0,0,4000,-4000,-4000
064815,台表科元大01購01,0,0,0,0,0,0,0,0,0,-4000,0,0,0,57000,61000,-4000,-4000
064942,道瓊反凱基02購01,0,0,0,0,0,0,0,0,0,-4000,0,0,0,0,4000,-4000,-4000
064867,華新科永豐9C購03,0,0,0,0,0,0,0,0,0,-4000,0,0,0,0,4000,-4000,-4000
065426,台積電凱基01購09,0,0,0,0,0,0,0,0,0,-4000,0,0,0,36000,40000,-4000,-4000
065729,聯詠凱基9C購04  ,0,0,0,0,0,0,0,0,0,-4000,0,0,0,1000,5000,-4000,-4000
8467,波力-KY         ,0,0,0,0,0,0,0,0,0,-4000,0,4000,-4000,0,0,0,-4000
6405,悅城            ,9000,11000,-2000,0,0,0,0,0,0,-2000,0,2000,-2000,0,0,0,-4000
6172,互億            ,9000,13000,-4000,0,0,0,0,0,0,0,0,0,0,0,0,0,-4000
9918,欣天然          ,0,4000,-4000,0,0,0,0,0,0,0,0,0,0,0,0,0,-4000
9929,秋雨            ,0,4000,-4000,0,0,0,0,0,0,0,0,0,0,0,0,0,-4000
3164,景岳            ,4000,8000,-4000,0,0,0,0,0,0,0,0,0,0,0,0,0,-4000
2901,欣欣            ,0,4000,-4000,0,0,0,0,0,0,0,0,0,0,0,0,0,-4000
1724,台硝            ,0,4000,-4000,0,0,0,0,0,0,0,0,0,0,0,0,0,-4000
1445,大宇            ,12000,16000,-4000,0,0,0,0,0,0,0,0,0,0,0,0,0,-4000
1436,華友聯          ,6000,8000,-2000,0,0,0,0,0,0,-2000,0,2000,-2000,0,0,0,-4000
1456,怡華            ,6000,10000,-4000,0,0,0,0,0,0,0,0,0,0,0,0,0,-4000
07794P,智邦國票9A售03  ,0,0,0,0,0,0,0,0,0,-4000,0,0,0,2000,6000,-4000,-4000
07622P,華新科統一9B售02,0,0,0,0,0,0,0,0,0,-4000,0,0,0,0,4000,-4000,-4000
08305P,茂林群益9C售01  ,0,0,0,0,0,0,0,0,0,-4000,0,0,0,185000,189000,-4000,-4000
08694P,大立光群益01售05,0,0,0,0,0,0,0,0,0,-4000,0,0,0,20000,24000,-4000,-4000
08667P,大立光國票02售01,0,0,0,0,0,0,0,0,0,-4000,0,0,0,0,4000,-4000,-4000
08798P,聯發科國票01售03,0,0,0,0,0,0,0,0,0,-4000,0,0,0,642000,646000,-4000,-4000
068867,旺宏台新02購01  ,0,0,0,0,0,0,0,0,0,-5000,0,0,0,0,5000,-5000,-5000
068828,台郡元大02購02  ,0,0,0,0,0,0,0,0,0,-5000,0,0,0,93000,98000,-5000,-5000
068750,欣興群益02購01  ,0,0,0,0,0,0,0,0,0,-5000,0,0,0,19000,24000,-5000,-5000
068778,華邦電台新02購01,0,0,0,0,0,0,0,0,0,-5000,0,0,0,24000,29000,-5000,-5000
068789,旺宏凱基04購01  ,0,0,0,0,0,0,0,0,0,-5000,0,0,0,300000,305000,-5000,-5000
068381,玉晶光永豐03購01,0,0,0,0,0,0,0,0,0,-5000,0,0,0,0,5000,-5000,-5000
068379,聯陽永豐01購04  ,0,0,0,0,0,0,0,0,0,-5000,0,0,0,5000,10000,-5000,-5000
068470,台積電群益01購20,0,0,0,0,0,0,0,0,0,-5000,0,0,0,1000,6000,-5000,-5000
068461,瑞儀國票03購01  ,0,0,0,0,0,0,0,0,0,-5000,0,0,0,30000,35000,-5000,-5000
067696,欣興兆豐03購01  ,0,0,0,0,0,0,0,0,0,-5000,0,0,0,0,5000,-5000,-5000
067856,寶成國票02購01  ,0,0,0,0,0,0,0,0,0,-5000,0,0,0,0,5000,-5000,-5000
067874,台郡元大01購05  ,0,0,0,0,0,0,0,0,0,-5000,0,0,0,63000,68000,-5000,-5000
067870,玉晶光元大01購07,0,0,0,0,0,0,0,0,0,-5000,0,0,0,10000,15000,-5000,-5000
068212,GIS凱基02購04   ,0,0,0,0,0,0,0,0,0,-5000,0,0,0,0,5000,-5000,-5000
068213,台塑化凱基01購01,0,0,0,0,0,0,0,0,0,-5000,0,0,0,0,5000,-5000,-5000
068083,南電凱基01購04  ,0,0,0,0,0,0,0,0,0,-5000,0,0,0,0,5000,-5000,-5000
068121,TPK元富03購01   ,0,0,0,0,0,0,0,0,0,-5000,0,0,0,24000,29000,-5000,-5000
069172,台郡元大02購03  ,0,20000,-20000,0,0,0,0,0,0,15000,0,0,0,20000,5000,15000,-5000
069121,聯鈞群益02購01  ,0,0,0,0,0,0,0,0,0,-5000,0,0,0,100000,105000,-5000,-5000
069050,聯發科元富04購04,0,0,0,0,0,0,0,0,0,-5000,0,0,0,30000,35000,-5000,-5000
069320,華新科兆豐03購01,0,0,0,0,0,0,0,0,0,-5000,0,0,0,76000,81000,-5000,-5000
069458,日月光麥證02購01,0,0,0,0,5000,-5000,0,0,0,-5000,0,0,0,0,5000,-5000,-5000
069461,大毅兆豐03購01  ,0,0,0,0,0,0,0,0,0,-5000,0,0,0,0,5000,-5000,-5000
069480,聯電元大02購10  ,0,0,0,0,0,0,0,0,0,-5000,0,0,0,0,5000,-5000,-5000
069386,敦泰元大02購01  ,0,0,0,0,0,0,0,0,0,-5000,0,0,0,0,5000,-5000,-5000
069448,聯詠統一03購02  ,0,0,0,0,0,0,0,0,0,-5000,0,0,0,0,5000,-5000,-5000
069824,百和統一04購01  ,0,0,0,0,0,0,0,0,0,-5000,0,0,0,18000,23000,-5000,-5000
069875,創意兆豐03購01  ,0,0,0,0,0,0,0,0,0,-5000,0,0,0,3000,8000,-5000,-5000
069722,京元電群益02購01,0,0,0,0,0,0,0,0,0,-5000,0,0,0,0,5000,-5000,-5000
069768,台積電元大03購06,0,0,0,0,0,0,0,0,0,-5000,0,0,0,30000,35000,-5000,-5000
069755,華通兆豐03購01  ,0,0,0,0,0,0,0,0,0,-5000,0,0,0,0,5000,-5000,-5000
069694,鴻海元富08購03  ,0,0,0,0,0,0,0,0,0,-5000,0,0,0,0,5000,-5000,-5000
070106,台積電元大03購07,0,0,0,0,0,0,0,0,0,-5000,0,0,0,0,5000,-5000,-5000
070026,聯發科國票04購01,0,0,0,0,0,0,0,0,0,-5000,0,0,0,10000,15000,-5000,-5000
070039,統一永豐02購01  ,0,0,0,0,0,0,0,0,0,-5000,0,0,0,0,5000,-5000,-5000
070137,欣興統一04購05  ,0,0,0,0,0,0,0,0,0,-5000,0,0,0,0,5000,-5000,-5000
07221P,臺股指中信9B售04,0,0,0,0,0,0,0,0,0,-5000,0,0,0,0,5000,-5000,-5000
00711B,FH彭博新興債    ,0,26000,-26000,0,0,0,0,0,0,21000,0,0,0,143000,122000,21000,-5000
03217P,臺股指群益02售02,0,0,0,0,0,0,0,0,0,-5000,0,0,0,215000,220000,-5000,-5000
03246P,上証2X元富02售02,0,0,0,0,0,0,0,0,0,-5000,0,0,0,0,5000,-5000,-5000
054511,香港反元大98購01,0,0,0,0,0,0,0,0,0,-5000,0,0,0,15000,20000,-5000,-5000
03015X,元展15          ,0,0,0,0,0,0,0,0,0,-5000,0,0,0,0,5000,-5000,-5000
059901,滬深2X元大9C購07,0,0,0,0,0,0,0,0,0,-5000,0,0,0,1000,6000,-5000,-5000
03553P,可成元富08售03  ,0,0,0,0,0,0,0,0,0,-5000,0,0,0,19000,24000,-5000,-5000
059675,大立光元富99購08,0,0,0,0,0,0,0,0,0,-5000,0,0,0,35000,40000,-5000,-5000
059649,矽力凱基99購02  ,0,0,0,0,0,0,0,0,0,-5000,0,0,0,6000,11000,-5000,-5000
059699,華通凱基99購04  ,0,0,0,0,0,0,0,0,0,-5000,0,0,0,0,5000,-5000,-5000
058312,大毅國泰9B購01  ,0,0,0,0,0,0,0,0,0,-5000,0,0,0,0,5000,-5000,-5000
03512P,臺股指國票02售01,0,0,0,0,0,0,0,0,0,-5000,0,0,0,0,5000,-5000,-5000
060215,柏文康和9A購01  ,0,0,0,0,0,0,0,0,0,-5000,0,0,0,0,5000,-5000,-5000
060218,台積電凱基9A購15,0,0,0,0,0,0,0,0,0,-5000,0,0,0,0,5000,-5000,-5000
058990,GIS凱基99購02   ,0,0,0,0,0,0,0,0,0,-5000,0,0,0,0,5000,-5000,-5000
058878,旭富國泰9B購01  ,0,0,0,0,0,0,0,0,0,-5000,0,0,0,4000,9000,-5000,-5000
058713,國巨統一9B購02  ,0,0,0,0,0,0,0,0,0,-5000,0,0,0,10000,15000,-5000,-5000
058636,亞光兆豐9A購01  ,0,0,0,0,0,0,0,0,0,-5000,0,0,0,0,5000,-5000,-5000
058644,元黃金富邦03購01,0,0,0,0,0,0,0,0,0,-5000,0,0,0,0,5000,-5000,-5000
063522,技嘉凱基9B購03  ,0,0,0,0,0,0,0,0,0,-5000,0,0,0,14000,19000,-5000,-5000
061916,元金2X凱基02購01,0,0,0,0,0,0,0,0,0,-5000,0,0,0,0,5000,-5000,-5000
061928,群創凱基9B購06  ,0,0,0,0,0,0,0,0,0,-5000,0,0,0,33000,38000,-5000,-5000
062762,聯詠凱基9B購02  ,0,0,0,0,0,0,0,0,0,-5000,0,0,0,0,5000,-5000,-5000
060900,超眾凱基9B購01  ,0,0,0,0,0,0,0,0,0,-5000,0,0,0,5000,10000,-5000,-5000
060998,華通兆豐9A購01  ,0,0,0,0,0,0,0,0,0,-5000,0,0,0,0,5000,-5000,-5000
060664,聯詠凱基9A購01  ,0,0,0,0,0,0,0,0,0,-5000,0,0,0,0,5000,-5000,-5000
057000,亞德客國票99購01,0,0,0,0,0,0,0,0,0,-5000,0,0,0,25000,30000,-5000,-5000
059452,全新永豐99購03  ,0,0,0,0,0,0,0,0,0,-5000,0,0,0,5000,10000,-5000,-5000
059360,全新永豐99購02  ,0,0,0,0,0,0,0,0,0,-5000,0,0,0,5000,10000,-5000,-5000
059635,華新科凱基9A購06,0,0,0,0,0,0,0,0,0,-5000,0,0,0,0,5000,-5000,-5000
058565,鴻海凱基9A購07  ,0,0,0,0,0,0,0,0,0,-5000,0,0,0,0,5000,-5000,-5000
059144,嘉晶國票9A購02  ,0,0,0,0,0,0,0,0,0,-5000,0,0,0,0,5000,-5000,-5000
059254,台表科凱基9A購02,0,0,0,0,0,0,0,0,0,-5000,0,0,0,0,5000,-5000,-5000
059324,智易元大99購04  ,0,0,0,0,0,0,0,0,0,-5000,0,0,0,0,5000,-5000,-5000
059282,嘉聯益永豐99購01,0,0,0,0,0,0,0,0,0,-5000,0,0,0,10000,15000,-5000,-5000
059335,台灣50凱基03購02,0,0,0,0,0,0,0,0,0,-5000,0,0,0,2000,7000,-5000,-5000
063212,聯發科國票9C購02,0,0,0,0,0,0,0,0,0,-5000,0,0,0,6000,11000,-5000,-5000
063165,泰碩永豐9B購02  ,0,0,0,0,0,0,0,0,0,-5000,0,0,0,0,5000,-5000,-5000
064307,聚陽群益9C購03  ,0,0,0,0,0,0,0,0,0,-5000,0,0,0,0,5000,-5000,-5000
064309,聯發科群益9C購07,0,0,0,0,0,0,0,0,0,-5000,0,0,0,190000,195000,-5000,-5000
061966,旺宏統一01購03  ,0,0,0,0,0,0,0,0,0,-5000,0,0,0,0,5000,-5000,-5000
062047,緯穎凱基9B購01  ,0,0,0,0,0,0,0,0,0,-5000,0,0,0,37000,42000,-5000,-5000
063347,祥碩統一01購03  ,0,0,0,0,0,0,0,0,0,-5000,0,0,0,13000,18000,-5000,-5000
061629,FBVIX元大9A購01 ,0,0,0,0,0,0,0,0,0,-5000,0,0,0,0,5000,-5000,-5000
061387,鴻海群益9A購05  ,0,0,0,0,0,0,0,0,0,-5000,0,0,0,20000,25000,-5000,-5000
061072,南電凱基9B購01  ,0,0,0,0,0,0,0,0,0,-5000,0,0,0,0,5000,-5000,-5000
061740,華新科凱基03購01,0,0,0,0,0,0,0,0,0,-5000,0,0,0,60000,65000,-5000,-5000
064047,義隆統一02購01  ,0,0,0,0,0,0,0,0,0,-5000,0,0,0,0,5000,-5000,-5000
063957,臻鼎元大9C購01  ,0,0,0,0,0,0,0,0,0,-5000,0,0,0,0,5000,-5000,-5000
063678,友達國泰9C購01  ,0,0,0,0,0,0,0,0,0,-5000,0,0,0,18000,23000,-5000,-5000
060741,滬深2X國票9A購05,0,0,0,0,0,0,0,0,0,-5000,0,0,0,5000,10000,-5000,-5000
060782,道瓊指富邦9C購01,0,0,0,0,0,0,0,0,0,-5000,0,0,0,0,5000,-5000,-5000
062615,亞德客元大9B購02,0,0,0,0,0,0,0,0,0,-5000,0,0,0,20000,25000,-5000,-5000
061224,道瓊反中信01購01,0,0,0,0,0,0,0,0,0,-5000,0,0,0,0,5000,-5000,-5000
061218,臺股指元大9A購55,0,0,0,0,0,0,0,0,0,-5000,0,0,0,0,5000,-5000,-5000
062153,智邦麥證9B購01  ,0,0,0,10000,15000,-5000,0,0,0,-5000,0,0,0,10000,15000,-5000,-5000
061154,可成群益9B購04  ,0,0,0,0,0,0,0,0,0,-5000,0,0,0,0,5000,-5000,-5000
060844,大立光國票9A購07,0,0,0,0,0,0,0,0,0,-5000,0,0,0,0,5000,-5000,-5000
063730,台積電元大9B購09,0,0,0,0,0,0,0,0,0,-5000,0,0,0,0,5000,-5000,-5000
062479,TPK國票9B購01   ,0,0,0,0,0,0,0,0,0,-5000,0,0,0,0,5000,-5000,-5000
062509,SP黃豆國票9B購03,0,0,0,0,0,0,0,0,0,-5000,0,0,0,5000,10000,-5000,-5000
062361,智邦元大9B購06  ,0,0,0,0,0,0,0,0,0,-5000,0,0,0,10000,15000,-5000,-5000
062084,台郡元大9B購04  ,0,0,0,0,0,0,0,0,0,-5000,0,0,0,0,5000,-5000,-5000
062073,國巨元大9B購06  ,0,0,0,0,0,0,0,0,0,-5000,0,0,0,67000,72000,-5000,-5000
064438,大立光凱基01購03,0,0,0,0,0,0,0,0,0,-5000,0,0,0,0,5000,-5000,-5000
064377,宏達電元富9C購01,0,0,0,0,0,0,0,0,0,-5000,0,0,0,0,5000,-5000,-5000
064316,貿聯群益9C購02  ,0,0,0,0,0,0,0,0,0,-5000,0,0,0,27000,32000,-5000,-5000
063113,聯茂兆豐9B購01  ,0,0,0,0,0,0,0,0,0,-5000,0,0,0,5000,10000,-5000,-5000
064520,京鼎群益02購01  ,0,0,0,0,0,0,0,0,0,-5000,0,0,0,0,5000,-5000,-5000
064512,臺股指元大9C購12,0,0,0,0,0,0,0,0,0,-5000,0,0,0,0,5000,-5000,-5000
064441,嘉澤凱基9C購02  ,0,0,0,0,0,0,0,0,0,-5000,0,0,0,1000,6000,-5000,-5000
065874,智原群益9C購01  ,0,0,0,0,0,0,0,0,0,-5000,0,0,0,0,5000,-5000,-5000
065842,技嘉元大9C購05  ,0,0,0,0,0,0,0,0,0,-5000,0,0,0,0,5000,-5000,-5000
065590,元黃金元大9C購01,0,0,0,0,0,0,0,0,0,-5000,0,0,0,0,5000,-5000,-5000
065528,FBVIX中信04購01 ,0,0,0,0,0,0,0,0,0,-5000,0,0,0,0,5000,-5000,-5000
065893,華新科統一02購02,0,0,0,0,0,0,0,0,0,-5000,0,0,0,3000,8000,-5000,-5000
065985,金像電永豐01購02,0,0,0,0,0,0,0,0,0,-5000,0,0,0,0,5000,-5000,-5000
065974,智原元大01購01  ,0,0,0,0,0,0,0,0,0,-5000,0,0,0,10000,15000,-5000,-5000
066109,南電國票02購01  ,0,0,0,0,0,0,0,0,0,-5000,0,0,0,15000,20000,-5000,-5000
066121,道瓊反群益04購01,0,0,0,0,0,0,0,0,0,-5000,0,0,0,0,5000,-5000,-5000
065331,亞德客國票01購01,0,0,0,0,0,0,0,0,0,-5000,0,0,0,2000,7000,-5000,-5000
065242,巨大凱基01購02  ,0,0,0,0,0,0,0,0,0,-5000,0,0,0,24000,29000,-5000,-5000
064901,牧德群益9C購01  ,0,0,0,0,0,0,0,0,0,-5000,0,0,0,5000,10000,-5000,-5000
064935,寶成統一02購02  ,0,0,0,0,0,0,0,0,0,-5000,0,0,0,10000,15000,-5000,-5000
064825,英業達統一9C購01,0,0,0,0,0,0,0,0,0,-5000,0,0,0,0,5000,-5000,-5000
065063,玉晶光群益02購04,0,0,0,0,0,0,0,0,0,-5000,0,0,0,6000,11000,-5000,-5000
067396,欣興永豐01購02  ,0,0,0,0,0,0,0,0,0,-5000,0,0,0,202000,207000,-5000,-5000
067387,智邦元富04購01  ,0,0,0,0,0,0,0,0,0,-5000,0,0,0,312000,317000,-5000,-5000
067173,京鼎兆豐01購01  ,0,0,0,0,0,0,0,0,0,-5000,0,0,0,0,5000,-5000,-5000
067156,樺漢統一04購01  ,0,0,0,0,0,0,0,0,0,-5000,0,0,0,0,5000,-5000,-5000
067113,京鼎群益02購03  ,0,0,0,0,0,0,0,0,0,-5000,0,0,0,0,5000,-5000,-5000
067079,聯鈞元大02購01  ,0,0,0,0,0,0,0,0,0,-5000,0,0,0,0,5000,-5000,-5000
067029,台表科兆豐03購01,0,0,0,0,0,0,0,0,0,-5000,0,0,0,100000,105000,-5000,-5000
066407,昇陽半凱基01購01,0,0,0,0,0,0,0,0,0,-5000,0,0,0,0,5000,-5000,-5000
066310,長興永豐01購01  ,0,0,0,0,0,0,0,0,0,-5000,0,0,0,28000,33000,-5000,-5000
066582,臺股指元大01購11,0,0,0,0,0,0,0,0,0,-5000,0,0,0,0,5000,-5000,-5000
066680,友達兆豐01購02  ,0,0,0,0,0,0,0,0,0,-5000,0,0,0,120000,125000,-5000,-5000
066797,台積電凱基02購09,0,0,0,0,0,0,0,0,0,-5000,0,0,0,0,5000,-5000,-5000
066814,健鼎兆豐01購01  ,0,0,0,0,0,0,0,0,0,-5000,0,0,0,5000,10000,-5000,-5000
066782,A50正2中信03購01,0,0,0,0,0,0,0,0,0,-5000,0,0,0,0,5000,-5000,-5000
066729,台積電元大01購16,0,0,0,0,0,0,0,0,0,-5000,0,0,0,0,5000,-5000,-5000
066761,聯陽永豐01購03  ,0,0,0,0,0,0,0,0,0,-5000,0,0,0,5000,10000,-5000,-5000
08632P,聯發科元大9C售19,0,0,0,0,0,0,0,0,0,-5000,0,0,0,224000,229000,-5000,-5000
08678P,台灣50元大01售14,0,0,0,0,0,0,0,0,0,-5000,0,0,0,0,5000,-5000,-5000
08108P,聯發科元富9B售03,0,0,0,0,0,0,0,0,0,-5000,0,0,0,0,5000,-5000,-5000
07611P,大立光國票9A售05,0,0,0,0,0,0,0,0,0,-5000,0,0,0,0,5000,-5000,-5000
07797P,大立光國票9A售08,0,0,0,0,0,0,0,0,0,-5000,0,0,0,0,5000,-5000,-5000
07962P,聯詠中信05售03  ,0,0,0,0,0,0,0,0,0,-5000,0,0,0,2000,7000,-5000,-5000
1805,寶徠            ,0,5000,-5000,0,0,0,0,0,0,0,0,0,0,0,0,0,-5000
1583,程泰            ,2000,7000,-5000,0,0,0,0,0,0,0,0,0,0,0,0,0,-5000
1568,倉佑            ,1000,6000,-5000,0,0,0,0,0,0,0,0,0,0,0,0,0,-5000
2904,匯僑            ,0,5000,-5000,0,0,0,0,0,0,0,0,0,0,0,0,0,-5000
3025,星通            ,7000,12000,-5000,0,0,0,0,0,0,0,0,0,0,0,0,0,-5000
3528,安馳            ,5000,10000,-5000,0,0,0,0,0,0,0,0,0,0,0,0,0,-5000
2613,中櫃            ,0,5000,-5000,0,0,0,0,0,0,0,0,0,0,0,0,0,-5000
2630,亞航            ,0,5000,-5000,0,0,0,0,0,0,0,0,0,0,0,0,0,-5000
4439,冠星-KY         ,0,5000,-5000,0,0,0,0,0,0,0,0,0,0,0,0,0,-5000
4545,銘鈺            ,14000,13000,1000,0,0,0,0,0,0,-6000,0,6000,-6000,0,0,0,-5000
6431,光麗-KY         ,16000,21000,-5000,0,0,0,0,0,0,0,0,0,0,0,0,0,-5000
8442,威宏-KY         ,0,2000,-2000,0,0,0,0,0,0,-3000,0,3000,-3000,0,0,0,-5000
6414,樺漢            ,946000,610700,335300,0,0,0,22000,44000,-22000,-318671,53000,330671,-277671,13000,54000,-41000,-5371
07139P,元油2X群益9C售06,0,0,0,0,0,0,0,0,0,-6000,0,0,0,10000,16000,-6000,-6000
07063P,臺股指元大9A售24,0,0,0,0,0,0,0,0,0,-6000,0,0,0,4000,10000,-6000,-6000
069951,鴻海永豐02購02  ,0,0,0,0,0,0,0,0,0,-6000,0,0,0,0,6000,-6000,-6000
069876,健策兆豐03購01  ,0,0,0,0,0,0,0,0,0,-6000,0,0,0,31000,37000,-6000,-6000
069455,聯電麥證02購02  ,0,0,0,1000,8000,-7000,0,0,0,-6000,0,0,0,2000,8000,-6000,-6000
069498,金融類元大02購02,0,0,0,0,0,0,0,0,0,-6000,0,0,0,0,6000,-6000,-6000
069199,聯電元大02購08  ,0,0,0,0,0,0,0,0,0,-6000,0,0,0,24000,30000,-6000,-6000
069265,奇力新兆豐04購01,0,0,0,0,0,0,0,0,0,-6000,0,0,0,0,6000,-6000,-6000
068136,香港2X元大01購01,0,0,0,0,0,0,0,0,0,-6000,0,0,0,2000,8000,-6000,-6000
067935,大立光凱基01購09,0,0,0,0,0,0,0,0,0,-6000,0,0,0,0,6000,-6000,-6000
067999,大毅元大01購03  ,0,0,0,0,0,0,0,0,0,-6000,0,0,0,0,6000,-6000,-6000
067813,晶技凱基01購03  ,0,0,0,0,0,0,0,0,0,-6000,0,0,0,0,6000,-6000,-6000
067808,聯發科凱基01購16,0,0,0,0,0,0,0,0,0,-6000,0,0,0,5000,11000,-6000,-6000
068426,道瓊銀凱基05購01,0,0,0,0,0,0,0,0,0,-6000,0,0,0,18000,24000,-6000,-6000
068388,宏碁統一03購02  ,0,0,0,0,0,0,0,0,0,-6000,0,0,0,106000,112000,-6000,-6000
068652,聯電元大02購05  ,0,0,0,0,0,0,0,0,0,-6000,0,0,0,2000,8000,-6000,-6000
058517,景碩元大99購06  ,0,0,0,0,0,0,0,0,0,-6000,0,0,0,0,6000,-6000,-6000
059478,FBVIX群益9A購01 ,0,0,0,0,0,0,0,0,0,-6000,0,0,0,0,6000,-6000,-6000
060565,大立光富邦01購01,0,0,0,0,0,0,0,0,0,-6000,0,0,0,20000,26000,-6000,-6000
060516,臺股指元大9B購13,0,0,0,0,0,0,0,0,0,-6000,0,0,0,3000,9000,-6000,-6000
057327,玉晶光群益9A購04,0,0,0,0,0,0,0,0,0,-6000,0,0,0,9000,15000,-6000,-6000
057794,T50反1兆豐99購02,0,0,0,0,0,0,0,0,0,-6000,0,0,0,4000,10000,-6000,-6000
057850,上銀兆豐99購02  ,0,0,0,0,0,0,0,0,0,-6000,0,0,0,0,6000,-6000,-6000
057834,聯發科元富02購07,0,0,0,0,0,0,0,0,0,-6000,0,0,0,0,6000,-6000,-6000
057985,華通元富02購03  ,0,0,0,0,0,0,0,0,0,-6000,0,0,0,4000,10000,-6000,-6000
062732,南六凱基9B購03  ,0,0,0,0,0,0,0,0,0,-6000,0,0,0,0,6000,-6000,-6000
061907,裕隆中信9B購01  ,0,0,0,0,0,0,0,0,0,-6000,0,0,0,14000,20000,-6000,-6000
062815,聯發科兆豐9B購03,0,0,0,0,0,0,0,0,0,-6000,0,0,0,0,6000,-6000,-6000
063524,瑞昱凱基9B購05  ,0,0,0,0,0,0,0,0,0,-6000,0,0,0,0,6000,-6000,-6000
063535,聯發科統一9B購13,0,0,0,0,0,0,0,0,0,-6000,0,0,0,0,6000,-6000,-6000
064178,台郡國泰01購01  ,0,0,0,0,0,0,0,0,0,-6000,0,0,0,0,6000,-6000,-6000
058164,FBVIX凱基03購02 ,0,0,0,0,0,0,0,0,0,-6000,0,0,0,0,6000,-6000,-6000
060240,富邦金元大9A購01,0,0,0,0,0,0,0,0,0,-6000,0,0,0,0,6000,-6000,-6000
03296P,台積電統一02售13,0,0,0,0,0,0,0,0,0,-6000,0,0,0,0,6000,-6000,-6000
056146,台虹元大98購01  ,0,0,0,0,0,0,0,0,0,-6000,0,0,0,1000,7000,-6000,-6000
059817,華通凱基99購05  ,0,0,0,0,0,0,0,0,0,-6000,0,0,0,0,6000,-6000,-6000
03565P,大立光群益02售09,0,0,0,0,0,0,0,0,0,-6000,0,0,0,0,6000,-6000,-6000
03076P,台積電富邦03售06,0,0,0,0,0,0,0,0,0,-6000,0,0,0,0,6000,-6000,-6000
052299,T50反1台新05購03,0,0,0,0,0,0,0,0,0,-6000,0,0,0,5000,11000,-6000,-6000
03169P,台灣50中信03售10,0,0,0,0,0,0,0,0,0,-6000,0,0,0,0,6000,-6000,-6000
062283,玉晶光群益01購01,0,0,0,0,0,0,0,0,0,-6000,0,0,0,11000,17000,-6000,-6000
061294,奇力新麥證9A購01,0,0,0,4000,10000,-6000,0,0,0,-6000,0,0,0,4000,10000,-6000,-6000
064433,金像電凱基02購01,0,0,0,0,0,0,0,0,0,-6000,0,0,0,0,6000,-6000,-6000
062071,華通元大9B購02  ,0,0,0,0,0,0,0,0,0,-6000,0,0,0,3000,9000,-6000,-6000
061110,超眾元大9A購03  ,0,0,0,0,0,0,0,0,0,-6000,0,0,0,78000,84000,-6000,-6000
062353,亞德客元大9B購01,0,0,0,0,0,0,0,0,0,-6000,0,0,0,0,6000,-6000,-6000
062528,全新統一9C購01  ,0,0,0,0,0,0,0,0,0,-6000,0,0,0,0,6000,-6000,-6000
061204,國巨元大9A購16  ,0,0,0,0,0,0,0,0,0,-6000,0,0,0,24000,30000,-6000,-6000
060805,國巨群益9A購06  ,0,0,0,0,0,0,0,0,0,-6000,0,0,0,6000,12000,-6000,-6000
060811,亞德客凱基9A購02,0,0,0,0,0,0,0,0,0,-6000,0,0,0,0,6000,-6000,-6000
061749,群創統一9C購02  ,0,0,0,0,0,0,0,0,0,-6000,0,0,0,0,6000,-6000,-6000
061698,智邦國票9A購04  ,0,0,0,0,0,0,0,0,0,-6000,0,0,0,0,6000,-6000,-6000
061704,景碩國票9A購01  ,0,0,0,0,0,0,0,0,0,-6000,0,0,0,0,6000,-6000,-6000
061673,仁寶元大9B購01  ,0,0,0,0,0,0,0,0,0,-6000,0,0,0,266000,272000,-6000,-6000
062931,上証2X凱基01購01,0,0,0,0,0,0,0,0,0,-6000,0,0,0,0,6000,-6000,-6000
061512,國巨永豐9A購04  ,0,0,0,0,0,0,0,0,0,-6000,0,0,0,6000,12000,-6000,-6000
062007,台光電國泰9C購01,0,0,0,0,0,0,0,0,0,-6000,0,0,0,0,6000,-6000,-6000
064306,和潤兆豐01購01  ,0,0,0,0,0,0,0,0,0,-6000,0,0,0,0,6000,-6000,-6000
066565,泰鼎元大01購01  ,0,0,0,0,0,0,0,0,0,-6000,0,0,0,10000,16000,-6000,-6000
06660P,大立光富邦9B售03,0,0,0,0,0,0,0,0,0,-6000,0,0,0,111000,117000,-6000,-6000
067030,南電兆豐03購01  ,0,0,0,0,0,0,0,0,0,-6000,0,0,0,2000,8000,-6000,-6000
067028,上海銀兆豐03購01,0,0,0,0,0,0,0,0,0,-6000,0,0,0,0,6000,-6000,-6000
066960,盛群元大01購01  ,0,0,0,0,0,0,0,0,0,-6000,0,0,0,0,6000,-6000,-6000
067134,國揚永豐01購02  ,0,0,0,0,0,0,0,0,0,-6000,0,0,0,44000,50000,-6000,-6000
065071,電子類群益9C購01,0,0,0,0,0,0,0,0,0,-6000,0,0,0,0,6000,-6000,-6000
065069,臺股指群益9C購17,0,0,0,0,0,0,0,0,0,-6000,0,0,0,0,6000,-6000,-6000
064837,TPK統一9C購02   ,0,0,0,0,0,0,0,0,0,-6000,0,0,0,50000,56000,-6000,-6000
066106,台郡國票02購01  ,0,0,0,0,0,0,0,0,0,-6000,0,0,0,0,6000,-6000,-6000
065900,瑞祺國泰02購01  ,0,0,0,0,0,0,0,0,0,-6000,0,0,0,0,6000,-6000,-6000
065946,鴻海統一03購03  ,0,0,0,0,0,0,0,0,0,-6000,0,0,0,0,6000,-6000,-6000
065690,台苯群益9C購01  ,0,0,0,0,0,0,0,0,0,-6000,0,0,0,0,6000,-6000,-6000
065624,聯詠中信9C購01  ,0,0,0,0,0,0,0,0,0,-6000,0,0,0,8000,14000,-6000,-6000
065859,GIS元大9C購10   ,0,0,0,0,0,0,0,0,0,-6000,0,0,0,12000,18000,-6000,-6000
065804,大立光群益01購04,0,0,0,0,0,0,0,0,0,-6000,0,0,0,10000,16000,-6000,-6000
4571,鈞興-KY         ,0,5000,-5000,0,0,0,0,0,0,-1000,0,1000,-1000,0,0,0,-6000
4916,事欣科          ,64000,68000,-4000,0,0,0,0,0,0,-2000,0,2000,-2000,0,0,0,-6000
3702A,大聯大甲特      ,44000,0,44000,0,0,0,0,0,0,-50000,0,50000,-50000,0,0,0,-6000
3346,麗清            ,35000,41000,-6000,0,0,0,0,0,0,0,0,0,0,0,0,0,-6000
3018,同開            ,19000,25000,-6000,0,0,0,0,0,0,0,0,0,0,0,0,0,-6000
3002,歐格            ,4000,10000,-6000,0,0,0,0,0,0,0,0,0,0,0,0,0,-6000
3011,今皓            ,0,6000,-6000,0,0,0,0,0,0,0,0,0,0,0,0,0,-6000
1535,中宇            ,0,6000,-6000,0,0,0,0,0,0,0,0,0,0,0,0,0,-6000
1776,展宇            ,0,6000,-6000,0,0,0,0,0,0,0,0,0,0,0,0,0,-6000
1713,國化            ,0,6000,-6000,0,0,0,0,0,0,0,0,0,0,0,0,0,-6000
07610P,大立光國票9A售04,0,0,0,0,0,0,0,0,0,-6000,0,0,0,0,6000,-6000,-6000
07979P,大立光凱基9B售05,0,0,0,0,0,0,0,0,0,-6000,0,0,0,0,6000,-6000,-6000
08292P,華新科台新9C售01,0,0,0,0,0,0,0,0,0,-6000,0,0,0,17000,23000,-6000,-6000
6409,旭隼            ,115000,120831,-5831,0,0,0,0,0,0,-1000,0,1000,-1000,0,0,0,-6831
068483,聯電元大01購06  ,0,0,0,0,0,0,0,0,0,-7000,0,0,0,0,7000,-7000,-7000
067604,晶技凱基01購02  ,0,5000,-5000,0,0,0,0,0,0,-2000,0,0,0,5000,7000,-2000,-7000
067582,華通群益02購04  ,0,0,0,0,0,0,0,0,0,-7000,0,0,0,5000,12000,-7000,-7000
067969,玉晶光群益02購19,0,0,0,0,0,0,0,0,0,-7000,0,0,0,2000,9000,-7000,-7000
068932,大立光永豐02購01,0,0,0,0,0,0,0,0,0,-7000,0,0,0,0,7000,-7000,-7000
068973,亞德客元大02購04,0,0,0,0,0,0,0,0,0,-7000,0,0,0,52000,59000,-7000,-7000
069544,宏碁元大02購01  ,0,0,0,0,0,0,0,0,0,-7000,0,0,0,94000,101000,-7000,-7000
070060,南亞科群益02購01,0,0,0,0,0,0,0,0,0,-7000,0,0,0,0,7000,-7000,-7000
047885,元金2X富邦99購01,0,0,0,0,0,0,0,0,0,-7000,0,0,0,11000,18000,-7000,-7000
058350,T50正2凱基9B購01,0,0,0,0,0,0,0,0,0,-7000,0,0,0,0,7000,-7000,-7000
059820,南亞科凱基99購07,0,0,0,0,0,0,0,0,0,-7000,0,0,0,0,7000,-7000,-7000
056264,聯發科統一98購02,0,0,0,0,0,0,0,0,0,-7000,0,0,0,20000,27000,-7000,-7000
058777,台光電國票9A購01,0,0,0,0,0,0,0,0,0,-7000,0,0,0,3000,10000,-7000,-7000
060208,卜蜂康和9A購01  ,0,0,0,0,0,0,0,0,0,-7000,0,0,0,26000,33000,-7000,-7000
064071,台郡永豐9C購01  ,0,0,0,0,0,0,0,0,0,-7000,0,0,0,0,7000,-7000,-7000
063142,奇力新統一9C購04,0,0,0,0,0,0,0,0,0,-7000,0,0,0,0,7000,-7000,-7000
063641,泰鼎元大9B購04  ,0,0,0,0,0,0,0,0,0,-7000,0,0,0,3000,10000,-7000,-7000
061978,旺宏元大9C購01  ,0,0,0,0,0,0,0,0,0,-7000,0,0,0,37000,44000,-7000,-7000
063410,南六國票9C購01  ,0,0,0,0,0,0,0,0,0,-7000,0,0,0,0,7000,-7000,-7000
061012,國巨麥證9A購03  ,0,0,0,5000,7000,-2000,0,0,0,-7000,0,0,0,5000,12000,-7000,-7000
061145,臻鼎中信9A購02  ,0,0,0,0,0,0,0,0,0,-7000,0,0,0,13000,20000,-7000,-7000
060874,中鋼中信02購01  ,0,0,0,0,0,0,0,0,0,-7000,0,0,0,0,7000,-7000,-7000
062552,南電永豐9B購01  ,0,0,0,0,0,0,0,0,0,-7000,0,0,0,3000,10000,-7000,-7000
062373,泰鼎元大9B購01  ,0,0,0,0,0,0,0,0,0,-7000,0,0,0,0,7000,-7000,-7000
061084,京元電兆豐9A購02,0,0,0,0,0,0,0,0,0,-7000,0,0,0,203000,210000,-7000,-7000
062089,矽創元大9B購02  ,0,0,0,0,0,0,0,0,0,-7000,0,0,0,0,7000,-7000,-7000
062306,華通凱基9B購01  ,0,0,0,0,0,0,0,0,0,-7000,0,0,0,0,7000,-7000,-7000
062264,南六元大9B購02  ,0,0,0,0,0,0,0,0,0,-7000,0,0,0,34000,41000,-7000,-7000
063075,祥碩永豐9B購04  ,0,0,0,0,0,0,0,0,0,-7000,0,0,0,12000,19000,-7000,-7000
064616,智邦元大9C購04  ,0,0,0,0,0,0,0,0,0,-7000,0,0,0,11000,18000,-7000,-7000
064637,元金2X凱基01購02,0,0,0,0,0,0,0,0,0,-7000,0,0,0,0,7000,-7000,-7000
064728,健策統一9C購04  ,0,0,0,0,0,0,0,0,0,-7000,0,0,0,1000,8000,-7000,-7000
064744,創意國票01購02  ,0,0,0,0,0,0,0,0,0,-7000,0,0,0,2000,9000,-7000,-7000
064939,健策元富9C購03  ,0,0,0,0,0,0,0,0,0,-7000,0,0,0,19000,26000,-7000,-7000
064958,GIS凱基02購03   ,0,0,0,0,0,0,0,0,0,-7000,0,0,0,3000,10000,-7000,-7000
065306,泰鼎元富9C購02  ,0,0,0,0,0,0,0,0,0,-7000,0,0,0,0,7000,-7000,-7000
065174,華新科元大02購02,0,0,0,0,0,0,0,0,0,-7000,0,0,0,125000,132000,-7000,-7000
065459,台灣50台新9C購07,0,0,0,0,0,0,0,0,0,-7000,0,0,0,25000,32000,-7000,-7000
065509,上銀群益9C購04  ,0,0,0,0,0,0,0,0,0,-7000,0,0,0,24000,31000,-7000,-7000
067117,健策群益01購09  ,0,0,0,0,0,0,0,0,0,-7000,0,0,0,19000,26000,-7000,-7000
067083,正文元大01購01  ,0,0,0,0,0,0,0,0,0,-7000,0,0,0,1541000,1548000,-7000,-7000
066938,敦泰國票02購01  ,0,0,0,0,0,0,0,0,0,-7000,0,0,0,0,7000,-7000,-7000
067272,鴻海統一01購05  ,0,0,0,0,0,0,0,0,0,-7000,0,0,0,0,7000,-7000,-7000
066794,鴻海凱基01購07  ,0,0,0,0,0,0,0,0,0,-7000,0,0,0,0,7000,-7000,-7000
066815,華擎兆豐03購01  ,0,0,0,0,0,0,0,0,0,-7000,0,0,0,3000,10000,-7000,-7000
066462,智伸科統一04購02,0,0,0,0,0,0,0,0,0,-7000,0,0,0,0,7000,-7000,-7000
1441,大東            ,0,7000,-7000,0,0,0,0,0,0,0,0,0,0,0,0,0,-7000
2910,統領            ,1000,8000,-7000,0,0,0,0,0,0,0,0,0,0,0,0,0,-7000
3432,台端            ,1000,8000,-7000,0,0,0,0,0,0,0,0,0,0,0,0,0,-7000
07214P,聯發科凱基9A售04,0,0,0,0,0,0,0,0,0,-8000,0,0,0,0,8000,-8000,-8000
069547,聯發科元大02購18,0,0,0,0,0,0,0,0,0,-8000,0,0,0,62000,70000,-8000,-8000
069675,旺宏元大02購02  ,0,0,0,0,0,0,0,0,0,-8000,0,0,0,38000,46000,-8000,-8000
069868,台積電群益03購03,0,0,0,0,0,0,0,0,0,-8000,0,0,0,0,8000,-8000,-8000
069262,惠特凱基02購01  ,0,0,0,0,0,0,0,0,0,-8000,0,0,0,0,8000,-8000,-8000
067975,茂林群益04購01  ,0,0,0,0,0,0,0,0,0,-8000,0,0,0,77000,85000,-8000,-8000
068034,國揚元富07購01  ,0,0,0,0,0,0,0,0,0,-8000,0,0,0,2000,10000,-8000,-8000
068044,寶成元富07購01  ,0,0,0,0,0,0,0,0,0,-8000,0,0,0,0,8000,-8000,-8000
068323,台積電元大01購42,0,0,0,0,0,0,0,0,0,-8000,0,0,0,489000,497000,-8000,-8000
068689,亞德客凱基02購01,0,0,0,0,0,0,0,0,0,-8000,0,0,0,0,8000,-8000,-8000
068620,聯電群益03購05  ,0,0,0,0,0,0,0,0,0,-8000,0,0,0,180000,188000,-8000,-8000
058937,仁寶中信99購01  ,0,0,0,0,0,0,0,0,0,-8000,0,0,0,12000,20000,-8000,-8000
059355,國巨富邦9B購03  ,0,0,0,0,0,0,0,0,0,-8000,0,0,0,20000,28000,-8000,-8000
059160,華通凱基99購03  ,0,0,0,0,0,0,0,0,0,-8000,0,0,0,0,8000,-8000,-8000
059094,臻鼎元大99購03  ,0,0,0,0,0,0,0,0,0,-8000,0,0,0,0,8000,-8000,-8000
03452P,健策元大02售08  ,0,0,0,0,0,0,0,0,0,-8000,0,0,0,35000,43000,-8000,-8000
058387,國巨國票9A購03  ,0,0,0,0,0,0,0,0,0,-8000,0,0,0,1000,9000,-8000,-8000
059905,A50正2元大9C購06,0,0,0,0,0,0,0,0,0,-8000,0,0,0,0,8000,-8000,-8000
060340,國巨統一01購02  ,0,0,0,0,0,0,0,0,0,-8000,0,0,0,5000,13000,-8000,-8000
03679C,臺股指元大04牛04,0,0,0,0,0,0,0,0,0,-8000,0,0,0,0,8000,-8000,-8000
055689,台郡凱基99購01  ,0,0,0,0,0,0,0,0,0,-8000,0,0,0,35000,43000,-8000,-8000
064401,台達電凱基06購01,0,0,0,0,0,0,0,0,0,-8000,0,0,0,2000,10000,-8000,-8000
061279,鴻海統一9C購04  ,0,0,0,0,0,0,0,0,0,-8000,0,0,0,0,8000,-8000,-8000
064345,創意元大9C購03  ,0,0,0,0,0,0,0,0,0,-8000,0,0,0,1000,9000,-8000,-8000
062070,金寶元大9B購01  ,0,0,0,0,0,0,0,0,0,-8000,0,0,0,0,8000,-8000,-8000
063723,儒鴻元大9B購04  ,0,0,0,0,0,0,0,0,0,-8000,0,0,0,42000,50000,-8000,-8000
061195,健策永豐9B購02  ,0,0,0,0,0,0,0,0,0,-8000,0,0,0,3000,11000,-8000,-8000
062150,南六國票9B購01  ,0,0,0,0,0,0,0,0,0,-8000,0,0,0,2000,10000,-8000,-8000
060727,高股息中信9C購02,0,0,0,0,0,0,0,0,0,-8000,0,0,0,0,8000,-8000,-8000
062631,奇力新國票9B購01,0,0,0,0,0,0,0,0,0,-8000,0,0,0,97000,105000,-8000,-8000
061074,儒鴻兆豐9B購01  ,0,0,0,0,0,0,0,0,0,-8000,0,0,0,0,8000,-8000,-8000
061785,奇力新群益9B購01,0,0,0,0,0,0,0,0,0,-8000,0,0,0,0,8000,-8000,-8000
061606,景碩凱基9A購02  ,0,0,0,0,0,0,0,0,0,-8000,0,0,0,0,8000,-8000,-8000
061544,大毅群益9B購02  ,0,0,0,0,0,0,0,0,0,-8000,0,0,0,5000,13000,-8000,-8000
064034,台表科元大9C購07,0,0,0,0,0,0,0,0,0,-8000,0,0,0,0,8000,-8000,-8000
063167,同欣電永豐9B購03,0,0,0,0,0,0,0,0,0,-8000,0,0,0,2000,10000,-8000,-8000
064276,聯發科元大9C購07,0,0,0,0,0,0,0,0,0,-8000,0,0,0,41000,49000,-8000,-8000
066496,大立光國泰03購01,0,0,0,0,0,0,0,0,0,-8000,0,0,0,0,8000,-8000,-8000
06723P,台灣50麥證99售01,0,0,0,0,8000,-8000,0,0,0,-8000,0,0,0,0,8000,-8000,-8000
067543,臻鼎群益01購01  ,0,0,0,0,0,0,0,0,0,-8000,0,0,0,31000,39000,-8000,-8000
067519,台灣50元富01購06,0,0,0,0,0,0,0,0,0,-8000,0,0,0,0,8000,-8000,-8000
067440,A50正2國票02購01,0,0,0,0,0,0,0,0,0,-8000,0,0,0,0,8000,-8000,-8000
065347,聯發科統一9C購15,0,0,0,0,0,0,0,0,0,-8000,0,0,0,0,8000,-8000,-8000
065046,玉晶光凱基01購03,0,0,0,0,0,0,0,0,0,-8000,0,0,0,6000,14000,-8000,-8000
065844,南亞科元大9C購09,0,0,0,0,0,0,0,0,0,-8000,0,0,0,2000,10000,-8000,-8000
065653,同欣電元大03購01,0,0,0,0,0,0,0,0,0,-8000,0,0,0,50000,58000,-8000,-8000
065588,聯發科永豐9C購02,0,0,0,0,0,0,0,0,0,-8000,0,0,0,5000,13000,-8000,-8000
3593,力銘            ,0,10000,-10000,0,0,0,0,0,0,2000,2000,0,2000,0,0,0,-8000
3021,鴻名            ,2000,9000,-7000,0,0,0,0,0,0,-1000,0,1000,-1000,0,0,0,-8000
2444,兆勁            ,1000,9000,-8000,0,0,0,0,0,0,0,0,0,0,0,0,0,-8000
2496,卓越            ,1000,7000,-6000,0,0,0,0,0,0,-2000,0,2000,-2000,0,0,0,-8000
2482,連宇            ,8000,13000,-5000,0,0,0,0,0,0,-3000,0,3000,-3000,0,0,0,-8000
1340,勝悅-KY         ,73000,80000,-7000,0,0,0,0,0,0,-1000,0,1000,-1000,0,0,0,-8000
1616,億泰            ,0,8000,-8000,0,0,0,0,0,0,0,0,0,0,0,0,0,-8000
2033,佳大            ,0,8000,-8000,0,0,0,0,0,0,0,0,0,0,0,0,0,-8000
2115,六暉-KY         ,4000,12000,-8000,0,0,0,0,0,0,0,0,0,0,0,0,0,-8000
8072,陞泰            ,29000,37000,-8000,0,0,0,0,0,0,0,0,0,0,0,0,0,-8000
5533,皇鼎            ,0,8000,-8000,0,0,0,0,0,0,0,0,0,0,0,0,0,-8000
08304P,大立光中信02售01,0,0,0,0,0,0,0,0,0,-8000,0,0,0,0,8000,-8000,-8000
07615P,華通中信02售02  ,0,0,0,0,0,0,0,0,0,-8000,0,0,0,2000,10000,-8000,-8000
08691P,鎧勝中信05售02  ,0,0,0,0,0,0,0,0,0,-8000,0,0,0,22000,30000,-8000,-8000
08804P,國巨元富07售08  ,0,0,0,0,0,0,0,0,0,-8000,0,0,0,2000,10000,-8000,-8000
068329,義隆元大01購07  ,0,0,0,0,0,0,0,0,0,-9000,0,0,0,276000,285000,-9000,-9000
068515,聯發科統一03購10,0,0,0,0,0,0,0,0,0,-9000,0,0,0,0,9000,-9000,-9000
068058,聯電中信03購02  ,0,0,0,0,0,0,0,0,0,-9000,0,0,0,40000,49000,-9000,-9000
068140,鴻海元大01購24  ,0,0,0,0,0,0,0,0,0,-9000,0,0,0,0,9000,-9000,-9000
067607,聯鈞凱基01購04  ,0,0,0,0,0,0,0,0,0,-9000,0,0,0,1000,10000,-9000,-9000
067650,技嘉元富07購03  ,0,0,0,0,0,0,0,0,0,-9000,0,0,0,1000,10000,-9000,-9000
067631,上銀永豐01購01  ,0,0,0,0,0,0,0,0,0,-9000,0,0,0,1000,10000,-9000,-9000
069515,長榮航凱基02購01,0,0,0,0,0,0,0,0,0,-9000,0,0,0,0,9000,-9000,-9000
069460,金像電兆豐03購03,0,0,0,0,0,0,0,0,0,-9000,0,0,0,2000,11000,-9000,-9000
069122,聯茂群益02購01  ,0,0,0,0,0,0,0,0,0,-9000,0,0,0,5000,14000,-9000,-9000
07010P,T50正2凱基9C售01,0,0,0,0,0,0,0,0,0,-9000,0,0,0,21000,30000,-9000,-9000
055382,台郡元大99購01  ,0,0,0,0,0,0,0,0,0,-9000,0,0,0,0,9000,-9000,-9000
03022P,玉晶光群益02售26,0,0,0,0,0,0,0,0,0,-9000,0,0,0,2000,11000,-9000,-9000
00702,國泰標普低波高息,3000,12000,-9000,0,0,0,0,0,0,0,0,0,0,0,0,0,-9000
059660,華新科元大9A購04,0,0,0,0,0,0,0,0,0,-9000,0,0,0,0,9000,-9000,-9000
060339,國巨統一01購01  ,0,0,0,0,0,0,0,0,0,-9000,0,0,0,1000,10000,-9000,-9000
056811,健策統一9B購01  ,0,0,0,0,0,0,0,0,0,-9000,0,0,0,1000,10000,-9000,-9000
060389,世紀鋼凱基9B購02,0,0,0,0,0,0,0,0,0,-9000,0,0,0,0,9000,-9000,-9000
059967,聯發科凱基99購20,0,0,0,0,0,0,0,0,0,-9000,0,0,0,1000,10000,-9000,-9000
057458,TPK富邦9A購01   ,0,0,0,0,0,0,0,0,0,-9000,0,0,0,1000,10000,-9000,-9000
064292,南茂元大01購01  ,0,0,0,0,0,0,0,0,0,-9000,0,0,0,13000,22000,-9000,-9000
063416,台積電凱基9B購10,0,0,0,0,0,0,0,0,0,-9000,0,0,0,0,9000,-9000,-9000
062917,旭富元大9C購03  ,0,0,0,0,0,0,0,0,0,-9000,0,0,0,15000,24000,-9000,-9000
062865,臺股指國票9B購22,0,0,0,0,0,0,0,0,0,-9000,0,0,0,0,9000,-9000,-9000
062855,嘉澤永豐9B購02  ,0,0,0,0,0,0,0,0,0,-9000,0,0,0,1000,10000,-9000,-9000
062849,中興電永豐9B購02,0,0,0,0,0,0,0,0,0,-9000,0,0,0,6000,15000,-9000,-9000
064063,健策國泰01購02  ,0,0,0,0,0,0,0,0,0,-9000,0,0,0,20000,29000,-9000,-9000
061446,鴻海中信04購01  ,0,0,0,0,0,0,0,0,0,-9000,0,0,0,11000,20000,-9000,-9000
061447,鴻海中信04購02  ,0,0,0,0,0,0,0,0,0,-9000,0,0,0,0,9000,-9000,-9000
061049,奇力新中信9A購02,0,0,0,0,0,0,0,0,0,-9000,0,0,0,33000,42000,-9000,-9000
061849,國巨國票9B購08  ,0,0,0,0,0,0,0,0,0,-9000,0,0,0,1000,10000,-9000,-9000
061832,聯發科凱基9B購06,0,0,0,0,0,0,0,0,0,-9000,0,0,0,0,9000,-9000,-9000
062689,華擎統一02購01  ,0,0,0,0,0,0,0,0,0,-9000,0,0,0,5000,14000,-9000,-9000
061232,和大元大9A購03  ,0,0,0,0,0,0,0,0,0,-9000,0,0,0,5000,14000,-9000,-9000
062104,上証2X國票9B購03,0,0,0,0,0,0,0,0,0,-9000,0,0,0,100000,109000,-9000,-9000
062942,嘉澤凱基9B購02  ,0,0,0,0,0,0,0,0,0,-9000,0,0,0,0,9000,-9000,-9000
063020,奇力新元大9B購04,0,0,0,0,0,0,0,0,0,-9000,0,0,0,75000,84000,-9000,-9000
062995,聚陽國票9C購01  ,0,0,0,0,0,0,0,0,0,-9000,0,0,0,1000,10000,-9000,-9000
062410,台積電第一9B購02,0,0,0,0,0,0,0,0,0,-9000,0,0,0,6000,15000,-9000,-9000
064359,華通統一9C購05  ,0,0,0,0,0,0,0,0,0,-9000,0,0,0,80000,89000,-9000,-9000
063104,大立光群益9C購02,0,0,0,0,0,0,0,0,0,-9000,0,0,0,12000,21000,-9000,-9000
063062,群創元富9B購01  ,0,0,0,0,0,0,0,0,0,-9000,0,0,0,0,9000,-9000,-9000
064743,聯詠國票01購01  ,0,0,0,0,0,0,0,0,0,-9000,0,0,0,1000,10000,-9000,-9000
065044,大立光凱基9C購06,0,0,0,0,0,0,0,0,0,-9000,0,0,0,15000,24000,-9000,-9000
065341,華邦電統一01購02,0,0,0,0,0,0,0,0,0,-9000,0,0,0,1000,10000,-9000,-9000
065427,台積電凱基02購04,0,0,0,0,0,0,0,0,0,-9000,0,0,0,0,9000,-9000,-9000
065228,南亞科凱基01購03,0,0,0,0,0,0,0,0,0,-9000,0,0,0,7000,16000,-9000,-9000
067244,康控群益01購02  ,0,0,0,0,0,0,0,0,0,-9000,0,0,0,16000,25000,-9000,-9000
067036,南電康和01購02  ,0,0,0,0,0,0,0,0,0,-9000,0,0,0,1000,10000,-9000,-9000
066478,鴻海元富07購02  ,0,0,0,0,0,0,0,0,0,-9000,0,0,0,2000,11000,-9000,-9000
066395,可成凱基01購03  ,0,0,0,0,0,0,0,0,0,-9000,0,0,0,1000,10000,-9000,-9000
066333,晶華永豐01購01  ,0,0,0,0,0,0,0,0,0,-9000,0,0,0,20000,29000,-9000,-9000
066675,滬深2X兆豐03購01,0,0,0,0,0,0,0,0,0,-9000,0,0,0,0,9000,-9000,-9000
08861P,台積電統一01售10,0,0,0,0,0,0,0,0,0,-9000,0,0,0,358000,367000,-9000,-9000
1304,台聚            ,677000,669000,8000,0,0,0,0,0,0,-17000,0,17000,-17000,0,0,0,-9000
08998P,玉晶光群益02售15,0,0,0,0,0,0,0,0,0,-9000,0,0,0,26000,35000,-9000,-9000
08977P,臺股指群益01售11,0,0,0,0,0,0,0,0,0,-9000,0,0,0,4000,13000,-9000,-9000
08566P,禾伸堂群益9C售01,0,0,0,0,0,0,0,0,0,-9000,0,0,0,231000,240000,-9000,-9000
08332P,智邦台新9C售03  ,0,0,0,0,0,0,0,0,0,-9000,0,0,0,0,9000,-9000,-9000
5284,jpp-KY          ,1000,4000,-3000,0,0,0,0,0,0,-6000,0,6000,-6000,0,0,0,-9000
6655,科定            ,1000,11000,-10000,0,0,0,0,0,0,1000,1000,0,1000,0,0,0,-9000
070086,國喬永豐02購02  ,0,0,0,0,0,0,0,0,0,-10000,0,0,0,0,10000,-10000,-10000
070068,可成日盛03購01  ,0,0,0,0,0,0,0,0,0,-10000,0,0,0,16000,26000,-10000,-10000
070048,泰碩永豐02購02  ,0,0,0,0,0,0,0,0,0,-10000,0,0,0,0,10000,-10000,-10000
069879,奇鋐國票03購03  ,0,0,0,0,0,0,0,0,0,-10000,0,0,0,0,10000,-10000,-10000
069917,華碩凱基03購01  ,0,0,0,0,0,0,0,0,0,-10000,0,0,0,0,10000,-10000,-10000
07207P,台積電凱基99售13,0,0,0,0,0,0,0,0,0,-10000,0,0,0,0,10000,-10000,-10000
07115P,T50反1日盛9C售02,0,0,0,0,0,0,0,0,0,-10000,0,0,0,0,10000,-10000,-10000
069850,聯華永豐02購02  ,0,0,0,0,0,0,0,0,0,-10000,0,0,0,0,10000,-10000,-10000
069818,正文國票03購02  ,0,0,0,0,0,0,0,0,0,-10000,0,0,0,26000,36000,-10000,-10000
069837,華城群益02購01  ,0,0,0,0,0,0,0,0,0,-10000,0,0,0,0,10000,-10000,-10000
069720,智邦群益02購02  ,0,0,0,0,0,0,0,0,0,-10000,0,0,0,20000,30000,-10000,-10000
069681,京元電元大02購03,0,0,0,0,0,0,0,0,0,-10000,0,0,0,0,10000,-10000,-10000
069696,國巨元富08購04  ,0,0,0,0,0,0,0,0,0,-10000,0,0,0,12000,22000,-10000,-10000
069648,高股息凱基04購01,0,0,0,0,0,0,0,0,0,-10000,0,0,0,0,10000,-10000,-10000
069629,台達電元富08購02,0,0,0,0,0,0,0,0,0,-10000,0,0,0,50000,60000,-10000,-10000
069546,微星元大02購01  ,0,0,0,0,0,0,0,0,0,-10000,0,0,0,53000,63000,-10000,-10000
069597,京元電國票03購01,0,0,0,0,0,0,0,0,0,-10000,0,0,0,0,10000,-10000,-10000
069592,國巨國票03購02  ,0,0,0,0,0,0,0,0,0,-10000,0,0,0,0,10000,-10000,-10000
069023,台積電國票03購07,0,0,0,0,0,0,0,0,0,-10000,0,0,0,0,10000,-10000,-10000
068940,國巨日盛02購01  ,0,0,0,0,0,0,0,0,0,-10000,0,0,0,7000,17000,-10000,-10000
069425,臻鼎中信03購01  ,0,0,0,0,0,0,0,0,0,-10000,0,0,0,0,10000,-10000,-10000
069268,玉晶光兆豐03購02,0,0,0,0,0,0,0,0,0,-10000,0,0,0,0,10000,-10000,-10000
069209,晶技元大02購02  ,5000,0,5000,0,0,0,0,0,0,-15000,0,0,0,10000,25000,-15000,-10000
069279,玉晶光永豐02購01,0,0,0,0,0,0,0,0,0,-10000,0,0,0,48000,58000,-10000,-10000
069359,瑞昱永豐02購02  ,0,0,0,0,0,0,0,0,0,-10000,0,0,0,0,10000,-10000,-10000
067640,欣興統一02購03  ,0,0,0,0,0,0,0,0,0,-10000,0,0,0,0,10000,-10000,-10000
067606,京鼎凱基01購04  ,0,0,0,0,0,0,0,0,0,-10000,0,0,0,7000,17000,-10000,-10000
067573,滬深反群益02購01,0,0,0,0,0,0,0,0,0,-10000,0,0,0,10000,20000,-10000,-10000
067730,滬深2X元大03購06,0,0,0,0,0,0,0,0,0,-10000,0,0,0,0,10000,-10000,-10000
067677,大立光元大01購13,0,0,0,0,0,0,0,0,0,-10000,0,0,0,0,10000,-10000,-10000
067779,滬深2X群益01購08,0,0,0,0,0,0,0,0,0,-10000,0,0,0,0,10000,-10000,-10000
067853,京鼎國票02購01  ,0,0,0,0,0,0,0,0,0,-10000,0,0,0,0,10000,-10000,-10000
067872,玉晶光元大02購03,0,0,0,0,0,0,0,0,0,-10000,0,0,0,2000,12000,-10000,-10000
067850,台郡元富07購01  ,0,0,0,0,0,0,0,0,0,-10000,0,0,0,20000,30000,-10000,-10000
068206,牧德凱基01購03  ,0,0,0,0,0,0,0,0,0,-10000,0,0,0,100000,110000,-10000,-10000
068063,大立光兆豐01購02,0,0,0,0,0,0,0,0,0,-10000,0,0,0,0,10000,-10000,-10000
068045,滬深2X統一03購01,0,0,0,0,0,0,0,0,0,-10000,0,0,0,0,10000,-10000,-10000
067924,台積電兆豐03購03,0,0,0,0,0,0,0,0,0,-10000,0,0,0,0,10000,-10000,-10000
067926,嘉晶兆豐01購02  ,0,0,0,0,0,0,0,0,0,-10000,0,0,0,177000,187000,-10000,-10000
067914,鴻海永豐01購01  ,0,0,0,0,0,0,0,0,0,-10000,0,0,0,0,10000,-10000,-10000
067891,玉晶光群益02購05,0,0,0,0,0,0,0,0,0,-10000,0,0,0,14000,24000,-10000,-10000
068553,T50反1元大01購09,0,0,0,0,0,0,0,0,0,-10000,0,0,0,280000,290000,-10000,-10000
068431,華通凱基03購02  ,0,0,0,0,0,0,0,0,0,-10000,0,0,0,0,10000,-10000,-10000
068432,技嘉凱基01購02  ,0,0,0,0,0,0,0,0,0,-10000,0,0,0,312000,322000,-10000,-10000
068616,日月光國票03購01,0,0,0,0,0,0,0,0,0,-10000,0,0,0,40000,50000,-10000,-10000
068682,神達富邦03購01  ,0,0,0,0,0,0,0,0,0,-10000,0,0,0,10000,20000,-10000,-10000
068788,台積電凱基02購15,0,0,0,0,0,0,0,0,0,-10000,0,0,0,70000,80000,-10000,-10000
068728,宏達電元大02購03,0,0,0,0,0,0,0,0,0,-10000,0,0,0,3000,13000,-10000,-10000
057328,京鼎群益99購02  ,0,0,0,0,0,0,0,0,0,-10000,0,0,0,0,10000,-10000,-10000
057401,晶豪科群益99購01,0,0,0,0,0,0,0,0,0,-10000,0,0,0,0,10000,-10000,-10000
057948,嘉聯益國票99購02,0,0,0,0,0,0,0,0,0,-10000,0,0,0,10000,20000,-10000,-10000
057940,和大國票99購01  ,0,0,0,0,0,0,0,0,0,-10000,0,0,0,0,10000,-10000,-10000
057745,泰鼎永豐99購01  ,0,0,0,0,0,0,0,0,0,-10000,0,0,0,0,10000,-10000,-10000
057725,台達電國泰9A購01,0,0,0,0,0,0,0,0,0,-10000,0,0,0,0,10000,-10000,-10000
060520,臺指2X中信01購02,0,0,0,0,0,0,0,0,0,-10000,0,0,0,0,10000,-10000,-10000
06047P,聯發科富邦99售04,0,0,0,0,0,0,0,0,0,-10000,0,0,0,0,10000,-10000,-10000
060570,南亞科永豐9A購01,0,0,0,0,0,0,0,0,0,-10000,0,0,0,0,10000,-10000,-10000
060551,大立光凱基9B購02,0,0,0,0,0,0,0,0,0,-10000,0,0,0,0,10000,-10000,-10000
060582,玉晶光群益9C購01,0,0,0,0,0,0,0,0,0,-10000,0,0,0,5000,15000,-10000,-10000
057020,台積電凱基99購02,0,0,0,0,0,0,0,0,0,-10000,0,0,0,60000,70000,-10000,-10000
057116,鴻海日盛9A購01  ,0,0,0,0,0,0,0,0,0,-10000,0,0,0,80000,90000,-10000,-10000
057117,開發金日盛9B購01,0,0,0,0,0,0,0,0,0,-10000,0,0,0,0,10000,-10000,-10000
057263,可成兆豐99購01  ,0,0,0,0,0,0,0,0,0,-10000,0,0,0,0,10000,-10000,-10000
057286,群創元大9B購05  ,0,0,0,0,0,0,0,0,0,-10000,0,0,0,0,10000,-10000,-10000
059973,A50正2元大99購02,0,0,0,0,0,0,0,0,0,-10000,0,0,0,0,10000,-10000,-10000
059965,鴻海凱基99購16  ,0,0,0,0,0,0,0,0,0,-10000,0,0,0,0,10000,-10000,-10000
059489,上証2X國票9A購01,0,0,0,0,0,0,0,0,0,-10000,0,0,0,0,10000,-10000,-10000
060397,群創國票9A購01  ,0,0,0,0,0,0,0,0,0,-10000,0,0,0,0,10000,-10000,-10000
060444,滬深2X元大9A購04,0,0,0,0,0,0,0,0,0,-10000,0,0,0,0,10000,-10000,-10000
060451,中石化元大9C購02,0,0,0,0,0,0,0,0,0,-10000,0,0,0,0,10000,-10000,-10000
059320,華新科元大99購15,0,0,0,0,0,0,0,0,0,-10000,0,0,0,0,10000,-10000,-10000
059303,國巨兆豐99購04  ,0,0,0,0,0,0,0,0,0,-10000,0,0,0,0,10000,-10000,-10000
059304,華新科兆豐99購06,0,0,0,0,0,0,0,0,0,-10000,0,0,0,0,10000,-10000,-10000
059170,康控凱基9B購01  ,0,0,0,0,0,0,0,0,0,-10000,0,0,0,0,10000,-10000,-10000
058930,華新科統一9B購01,0,0,0,0,0,0,0,0,0,-10000,0,0,0,0,10000,-10000,-10000
058865,群創凱基01購01  ,0,0,0,0,0,0,0,0,0,-10000,0,0,0,5000,15000,-10000,-10000
058988,大立光凱基9A購02,0,0,0,0,0,0,0,0,0,-10000,0,0,0,0,10000,-10000,-10000
058981,國巨凱基99購10  ,0,0,0,0,0,0,0,0,0,-10000,0,0,0,0,10000,-10000,-10000
058751,南茂凱基9A購01  ,0,0,0,0,0,0,0,0,0,-10000,0,0,0,0,10000,-10000,-10000
058161,T50反1日盛03購01,0,0,0,0,0,0,0,0,0,-10000,0,0,0,225000,235000,-10000,-10000
058016,智邦凱基98購06  ,0,0,0,0,0,0,0,0,0,-10000,0,0,0,0,10000,-10000,-10000
058022,樺漢凱基99購02  ,0,0,0,0,0,0,0,0,0,-10000,0,0,0,0,10000,-10000,-10000
058643,T50正2富邦03購01,0,0,0,0,0,0,0,0,0,-10000,0,0,0,0,10000,-10000,-10000
058677,矽格群益99購01  ,0,0,0,0,0,0,0,0,0,-10000,0,0,0,0,10000,-10000,-10000
058655,鴻海中信03購02  ,0,0,0,0,0,0,0,0,0,-10000,0,0,0,0,10000,-10000,-10000
058673,華新科群益9A購02,0,0,0,0,0,0,0,0,0,-10000,0,0,0,40000,50000,-10000,-10000
058663,瑞儀兆豐9A購01  ,0,0,0,0,0,0,0,0,0,-10000,0,0,0,0,10000,-10000,-10000
060093,友達元大03購01  ,0,0,0,0,0,0,0,0,0,-10000,0,0,0,0,10000,-10000,-10000
063557,聚陽元大9B購01  ,0,0,0,0,0,0,0,0,0,-10000,0,0,0,0,10000,-10000,-10000
062767,GIS凱基9B購02   ,0,0,0,0,0,0,0,0,0,-10000,0,0,0,0,10000,-10000,-10000
062772,T50反1元大9B購06,0,0,0,0,0,0,0,0,0,-10000,0,0,0,0,10000,-10000,-10000
062780,旺宏元大01購01  ,0,0,0,0,0,0,0,0,0,-10000,0,0,0,0,10000,-10000,-10000
060961,台光電凱基9A購03,0,0,0,0,0,0,0,0,0,-10000,0,0,0,0,10000,-10000,-10000
061892,亞德客永豐9B購01,0,0,0,0,0,0,0,0,0,-10000,0,0,0,0,10000,-10000,-10000
060906,旺宏元大9A購07  ,0,0,0,0,0,0,0,0,0,-10000,0,0,0,0,10000,-10000,-10000
060910,聯發科元大9A購05,0,0,0,0,0,0,0,0,0,-10000,0,0,0,0,10000,-10000,-10000
056768,宏達電元大99購03,0,0,0,0,0,0,0,0,0,-10000,0,0,0,0,10000,-10000,-10000
03516P,臺股指國票02售05,0,0,0,0,0,0,0,0,0,-10000,0,0,0,0,10000,-10000,-10000
03517P,臺股指國票02售06,0,0,0,0,0,0,0,0,0,-10000,0,0,0,0,10000,-10000,-10000
056738,國巨凱基9A購02  ,0,0,0,0,0,0,0,0,0,-10000,0,0,0,0,10000,-10000,-10000
03274P,台積電元富08售04,0,0,0,0,0,0,0,0,0,-10000,0,0,0,0,10000,-10000,-10000
03406P,大立光群益02售07,0,0,0,0,0,0,0,0,0,-10000,0,0,0,5000,15000,-10000,-10000
060257,臺股指元大9B購08,0,0,0,0,0,0,0,0,0,-10000,0,0,0,0,10000,-10000,-10000
059879,GIS凱基99購03   ,0,0,0,0,0,0,0,0,0,-10000,0,0,0,0,10000,-10000,-10000
059868,台光電凱基99購03,0,0,0,0,0,0,0,0,0,-10000,0,0,0,0,10000,-10000,-10000
058360,台光電凱基9A購02,0,0,0,0,0,0,0,0,0,-10000,0,0,0,0,10000,-10000,-10000
058434,旺宏統一9B購01  ,0,0,0,0,0,0,0,0,0,-10000,0,0,0,0,10000,-10000,-10000
058439,玉晶光統一01購02,0,0,0,0,0,0,0,0,0,-10000,0,0,0,0,10000,-10000,-10000
059701,國巨凱基9A購09  ,0,0,0,0,0,0,0,0,0,-10000,0,0,0,0,10000,-10000,-10000
059686,上証2X永豐9A購01,0,0,0,0,0,0,0,0,0,-10000,0,0,0,0,10000,-10000,-10000
059811,高股息凱基99購02,0,0,0,0,0,0,0,0,0,-10000,0,0,0,0,10000,-10000,-10000
03572P,欣興統一02售06  ,0,0,0,0,0,0,0,0,0,-10000,0,0,0,0,10000,-10000,-10000
03174P,台積電國票01售12,0,0,0,0,0,0,0,0,0,-10000,0,0,0,34000,44000,-10000,-10000
03195P,台積電元富07售14,0,0,0,0,0,0,0,0,0,-10000,0,0,0,0,10000,-10000,-10000
03006X,元展06          ,0,0,0,0,0,0,0,0,0,-10000,0,0,0,0,10000,-10000,-10000
055414,奇力新富邦9B購01,0,0,0,0,0,0,0,0,0,-10000,0,0,0,0,10000,-10000,-10000
047564,滬深2X國票99購01,0,0,0,0,0,0,0,0,0,-10000,0,0,0,0,10000,-10000,-10000
051047,深中小群益99購01,0,0,0,0,0,0,0,0,0,-10000,0,0,0,0,10000,-10000,-10000
052766,玉晶光群益9A購01,0,0,0,0,0,0,0,0,0,-10000,0,0,0,0,10000,-10000,-10000
052417,聯發科兆豐9B購01,0,0,0,0,0,0,0,0,0,-10000,0,0,0,10000,20000,-10000,-10000
064740,台光電國票01購01,0,0,0,0,0,0,0,0,0,-10000,0,0,0,0,10000,-10000,-10000
064480,聚陽永豐9C購01  ,0,0,0,0,0,0,0,0,0,-10000,0,0,0,26000,36000,-10000,-10000
064550,南茂凱基01購01  ,0,0,0,0,0,0,0,0,0,-10000,0,0,0,20000,30000,-10000,-10000
062201,臺指反國票9B購05,0,0,0,0,0,0,0,0,0,-10000,0,0,0,0,10000,-10000,-10000
062256,聯發科元大9B購08,0,0,0,0,0,0,0,0,0,-10000,0,0,0,0,10000,-10000,-10000
064341,聯詠元大9C購01  ,0,0,0,0,0,0,0,0,0,-10000,0,0,0,14000,24000,-10000,-10000
064339,大立光元大01購01,0,0,0,0,0,0,0,0,0,-10000,0,0,0,0,10000,-10000,-10000
061270,彩晶凱基9A購02  ,0,0,0,0,0,0,0,0,0,-10000,0,0,0,0,10000,-10000,-10000
061289,玉晶光統一01購03,0,0,0,0,0,0,0,0,0,-10000,0,0,0,0,10000,-10000,-10000
062514,玉晶光國票9C購02,0,0,0,0,0,0,0,0,0,-10000,0,0,0,0,10000,-10000,-10000
062500,國巨群益01購01  ,0,0,0,0,0,0,0,0,0,-10000,0,0,0,110000,120000,-10000,-10000
062482,台表科國票9B購01,0,0,0,0,0,0,0,0,0,-10000,0,0,0,0,10000,-10000,-10000
062994,祥碩群益9B購05  ,0,0,0,0,0,0,0,0,0,-10000,0,0,0,5000,15000,-10000,-10000
062939,奇力新凱基9B購02,0,0,0,0,0,0,0,0,0,-10000,0,0,0,62000,72000,-10000,-10000
063010,國巨元大9C購02  ,0,0,0,0,0,0,0,0,0,-10000,0,0,0,0,10000,-10000,-10000
063013,技嘉元大9B購02  ,0,0,0,0,0,0,0,0,0,-10000,0,0,0,0,10000,-10000,-10000
062348,聯發科群益9B購06,0,0,0,0,0,0,0,0,0,-10000,0,0,0,0,10000,-10000,-10000
062095,旺宏富邦9C購03  ,0,0,0,0,0,0,0,0,0,-10000,0,0,0,0,10000,-10000,-10000
062061,台勝科統一01購01,0,0,0,0,0,0,0,0,0,-10000,0,0,0,0,10000,-10000,-10000
061106,群創元大9B購09  ,0,0,0,0,0,0,0,0,0,-10000,0,0,0,5000,15000,-10000,-10000
061209,聯發科元大9A購10,0,0,0,0,0,0,0,0,0,-10000,0,0,0,0,10000,-10000,-10000
062146,大毅國票9B購01  ,0,0,0,0,0,0,0,0,0,-10000,0,0,0,0,10000,-10000,-10000
063750,和鑫國票9B購01  ,0,0,0,0,0,0,0,0,0,-10000,0,0,0,10000,20000,-10000,-10000
063752,瑞祺國票9C購01  ,0,0,0,0,0,0,0,0,0,-10000,0,0,0,0,10000,-10000,-10000
062690,華擎統一9B購01  ,0,0,0,0,0,0,0,0,0,-10000,0,0,0,0,10000,-10000,-10000
062625,華通國票9B購02  ,0,0,0,0,0,0,0,0,0,-10000,0,0,0,0,10000,-10000,-10000
062606,聯電凱基9C購02  ,0,0,0,0,0,0,0,0,0,-10000,0,0,0,0,10000,-10000,-10000
060728,上証2X群益9C購05,0,0,0,0,0,0,0,0,0,-10000,0,0,0,0,10000,-10000,-10000
060702,玉晶光國泰9C購02,0,0,0,0,0,0,0,0,0,-10000,0,0,0,0,10000,-10000,-10000
060784,鴻海富邦9C購01  ,0,0,0,0,0,0,0,0,0,-10000,0,0,0,0,10000,-10000,-10000
061817,高鐵群益9B購01  ,0,0,0,0,0,0,0,0,0,-10000,0,0,0,40000,50000,-10000,-10000
061014,台積電麥證9A購04,0,0,0,0,10000,-10000,0,0,0,-10000,0,0,0,0,10000,-10000,-10000
061775,臺指反國票9B購04,0,0,0,0,0,0,0,0,0,-10000,0,0,0,0,10000,-10000,-10000
061803,巨大永豐9B購01  ,0,0,0,0,0,0,0,0,0,-10000,0,0,0,0,10000,-10000,-10000
061421,台積電元大9A購29,0,0,0,0,0,0,0,0,0,-10000,0,0,0,5000,15000,-10000,-10000
061522,元黃金凱基01購01,0,0,0,0,0,0,0,0,0,-10000,0,0,0,0,10000,-10000,-10000
061457,TPK凱基9A購01   ,0,0,0,0,0,0,0,0,0,-10000,0,0,0,0,10000,-10000,-10000
064052,創意統一01購02  ,0,0,0,0,0,0,0,0,0,-10000,0,0,0,0,10000,-10000,-10000
064040,鴻海統一9C購18  ,0,0,0,0,0,0,0,0,0,-10000,0,0,0,58000,68000,-10000,-10000
063962,台達電國票01購01,0,0,0,0,0,0,0,0,0,-10000,0,0,0,0,10000,-10000,-10000
063942,台積電元大01購03,0,0,0,0,0,0,0,0,0,-10000,0,0,0,0,10000,-10000,-10000
063783,儒鴻中信9C購01  ,0,0,0,0,0,0,0,0,0,-10000,0,0,0,70000,80000,-10000,-10000
062921,GIS元大9B購01   ,0,0,0,0,0,0,0,0,0,-10000,0,0,0,0,10000,-10000,-10000
062927,同欣電國票9B購02,0,0,0,0,0,0,0,0,0,-10000,0,0,0,50000,60000,-10000,-10000
063887,香港2X中信02購01,0,0,0,0,0,0,0,0,0,-10000,0,0,0,0,10000,-10000,-10000
063867,全新永豐9C購01  ,0,0,0,0,0,0,0,0,0,-10000,0,0,0,9000,19000,-10000,-10000
063861,南亞科國泰02購01,0,0,0,0,0,0,0,0,0,-10000,0,0,0,0,10000,-10000,-10000
062882,新日興兆豐9C購01,0,0,0,0,0,0,0,0,0,-10000,0,0,0,0,10000,-10000,-10000
062898,華通元大9B購05  ,0,0,0,0,0,0,0,0,0,-10000,0,0,0,28000,38000,-10000,-10000
062050,亞德客統一9C購01,0,0,0,0,0,0,0,0,0,-10000,0,0,0,0,10000,-10000,-10000
062836,同欣電群益9B購02,0,0,0,0,0,0,0,0,0,-10000,0,0,0,50000,60000,-10000,-10000
061979,友達元大9C購08  ,0,0,0,0,0,0,0,0,0,-10000,0,0,0,10000,20000,-10000,-10000
063374,嘉澤永豐9B購04  ,0,0,0,0,0,0,0,0,0,-10000,0,0,0,0,10000,-10000,-10000
063379,帆宣永豐9B購01  ,0,0,0,0,0,0,0,0,0,-10000,0,0,0,0,10000,-10000,-10000
063286,嘉澤元大9B購04  ,0,0,0,0,0,0,0,0,0,-10000,0,0,0,8000,18000,-10000,-10000
063309,臺指反群益9B購06,0,0,0,0,0,0,0,0,0,-10000,0,0,0,0,10000,-10000,-10000
063317,大立光群益9B購06,0,0,0,0,0,0,0,0,0,-10000,0,0,0,0,10000,-10000,-10000
063240,聯發科元大9B購17,0,0,0,0,0,0,0,0,0,-10000,0,0,0,40000,50000,-10000,-10000
064080,宏達電中信06購01,0,0,0,0,0,0,0,0,0,-10000,0,0,0,0,10000,-10000,-10000
063193,聯發科台新9B購02,0,0,0,0,0,0,0,0,0,-10000,0,0,0,0,10000,-10000,-10000
063226,康控群益9B購03  ,0,0,0,0,0,0,0,0,0,-10000,0,0,0,0,10000,-10000,-10000
063120,台光電元大9C購01,0,0,0,0,0,0,0,0,0,-10000,0,0,0,0,10000,-10000,-10000
063121,友達元大9C購09  ,0,0,0,0,0,0,0,0,0,-10000,0,0,0,0,10000,-10000,-10000
06631P,玉晶光群益9A售03,0,0,0,0,0,0,0,0,0,-10000,0,0,0,0,10000,-10000,-10000
066367,緯創中信05購01  ,0,0,0,0,0,0,0,0,0,-10000,0,0,0,0,10000,-10000,-10000
066375,南亞科兆豐01購01,0,0,0,0,0,0,0,0,0,-10000,0,0,0,0,10000,-10000,-10000
066351,關貿永豐01購01  ,0,0,0,0,0,0,0,0,0,-10000,0,0,0,0,10000,-10000,-10000
066292,惠特元大01購02  ,0,0,0,0,0,0,0,0,0,-10000,0,0,0,0,10000,-10000,-10000
066390,鴻海凱基02購03  ,0,0,0,0,0,0,0,0,0,-10000,0,0,0,0,10000,-10000,-10000
066404,瑞祺凱基02購01  ,0,0,0,0,0,0,0,0,0,-10000,0,0,0,0,10000,-10000,-10000
066497,大立光國泰03購02,0,0,0,0,0,0,0,0,0,-10000,0,0,0,0,10000,-10000,-10000
067060,A50正2元大01購02,0,0,0,0,0,0,0,0,0,-10000,0,0,0,0,10000,-10000,-10000
067017,樺漢富邦04購01  ,0,0,0,0,0,0,0,0,0,-10000,0,0,0,0,10000,-10000,-10000
067019,A50中信02購01   ,0,0,0,0,0,0,0,0,0,-10000,0,0,0,0,10000,-10000,-10000
066961,超眾元大01購05  ,0,0,0,0,0,0,0,0,0,-10000,0,0,0,69000,79000,-10000,-10000
067053,申豐凱基02購01  ,0,0,0,0,0,0,0,0,0,-10000,0,0,0,200000,210000,-10000,-10000
067159,上証2X國票02購01,0,0,0,0,0,0,0,0,0,-10000,0,0,0,0,10000,-10000,-10000
067196,大立光台新01購02,0,0,0,0,0,0,0,0,0,-10000,0,0,0,0,10000,-10000,-10000
067299,燿華元大01購03  ,0,0,0,0,0,0,0,0,0,-10000,0,0,0,120000,130000,-10000,-10000
067343,嘉澤凱基01購01  ,0,0,0,0,0,0,0,0,0,-10000,0,0,0,0,10000,-10000,-10000
067464,上証2X元大03購01,0,0,0,0,0,0,0,0,0,-10000,0,0,0,20000,30000,-10000,-10000
067453,嘉澤國票02購02  ,0,0,0,0,0,0,0,0,0,-10000,0,0,0,10000,20000,-10000,-10000
067432,大立光凱基03購04,0,0,0,0,0,0,0,0,0,-10000,0,0,0,0,10000,-10000,-10000
067427,奇力新凱基01購01,0,0,0,0,0,0,0,0,0,-10000,0,0,0,0,10000,-10000,-10000
067504,鴻海統一01購07  ,0,0,0,0,0,0,0,0,0,-10000,0,0,0,56000,66000,-10000,-10000
067536,大立光群益01購09,0,0,0,0,0,0,0,0,0,-10000,0,0,0,0,10000,-10000,-10000
067550,燿華中信02購01  ,0,0,0,0,0,0,0,0,0,-10000,0,0,0,0,10000,-10000,-10000
065328,緯穎凱基9C購03  ,0,0,0,0,0,0,0,0,0,-10000,0,0,0,0,10000,-10000,-10000
065314,矽創國票01購02  ,0,0,0,0,0,0,0,0,0,-10000,0,0,0,10000,20000,-10000,-10000
065253,和大元大01購02  ,0,0,0,0,0,0,0,0,0,-10000,0,0,0,40000,50000,-10000,-10000
065515,大立光群益02購01,0,0,0,0,0,0,0,0,0,-10000,0,0,0,20000,30000,-10000,-10000
065407,世紀鋼富邦01購01,0,0,0,0,0,0,0,0,0,-10000,0,0,0,0,10000,-10000,-10000
065419,立積國票01購03  ,0,0,0,0,0,0,0,0,0,-10000,0,0,0,1000,11000,-10000,-10000
065068,臺股指群益9C購16,0,0,0,0,0,0,0,0,0,-10000,0,0,0,0,10000,-10000,-10000
064849,大立光元富9C購06,0,0,0,0,0,0,0,0,0,-10000,0,0,0,1000,11000,-10000,-10000
064850,智原元富9C購01  ,0,0,0,0,0,0,0,0,0,-10000,0,0,0,0,10000,-10000,-10000
064774,聚陽群益9C購04  ,0,0,0,0,0,0,0,0,0,-10000,0,0,0,18000,28000,-10000,-10000
065697,旺宏群益9C購07  ,0,0,0,0,0,0,0,0,0,-10000,0,0,0,10000,20000,-10000,-10000
065768,T50反1國票03購02,0,0,0,0,0,0,0,0,0,-10000,0,0,0,0,10000,-10000,-10000
065937,大毅群益02購01  ,0,0,0,0,0,0,0,0,0,-10000,0,0,0,0,10000,-10000,-10000
066028,嘉澤群益01購01  ,0,0,0,0,0,0,0,0,0,-10000,0,0,0,49000,59000,-10000,-10000
066116,宏達電兆豐01購01,0,0,0,0,0,0,0,0,0,-10000,0,0,0,0,10000,-10000,-10000
066114,瑞昱兆豐02購01  ,0,0,0,0,0,0,0,0,0,-10000,0,0,0,0,10000,-10000,-10000
066074,文曄凱基01購01  ,0,0,0,0,0,0,0,0,0,-10000,0,0,0,100000,110000,-10000,-10000
066087,大毅永豐01購02  ,0,0,0,0,0,0,0,0,0,-10000,0,0,0,27000,37000,-10000,-10000
066199,金像電統一02購01,0,0,0,0,0,0,0,0,0,-10000,0,0,0,0,10000,-10000,-10000
5706,鳳凰            ,1000,9000,-8000,0,0,0,0,0,0,-2000,0,2000,-2000,0,0,0,-10000
1726,永記            ,2000,12000,-10000,0,0,0,0,0,0,0,0,0,0,0,0,0,-10000
1324,地球            ,2000,12000,-10000,0,0,0,0,0,0,0,0,0,0,0,0,0,-10000
2483,百容            ,0,10000,-10000,0,0,0,0,0,0,0,0,0,0,0,0,0,-10000
2497,怡利電          ,2000,11000,-9000,0,0,0,0,0,0,-1000,0,1000,-1000,0,0,0,-10000
08324P,大立光凱基9C售05,0,0,0,0,0,0,0,0,0,-10000,0,0,0,0,10000,-10000,-10000
08307P,台積電凱基9C售03,0,0,0,0,0,0,0,0,0,-10000,0,0,0,0,10000,-10000,-10000
08269P,臺股指元大9C售07,0,0,0,0,0,0,0,0,0,-10000,0,0,0,0,10000,-10000,-10000
08033P,台灣50兆豐9C售03,0,0,0,0,0,0,0,0,0,-10000,0,0,0,0,10000,-10000,-10000
08167P,台積電兆豐9B售04,0,0,0,0,0,0,0,0,0,-10000,0,0,0,0,10000,-10000,-10000
07688P,華通元大9A售07  ,0,0,0,0,0,0,0,0,0,-10000,0,0,0,20000,30000,-10000,-10000
07342P,大立光凱基99售14,0,0,0,0,0,0,0,0,0,-10000,0,0,0,0,10000,-10000,-10000
07930P,聯發科統一9B售06,0,0,0,0,0,0,0,0,0,-10000,0,0,0,0,10000,-10000,-10000
07911P,大立光統一9B售08,0,0,0,0,0,0,0,0,0,-10000,0,0,0,0,10000,-10000,-10000
07889P,旭富國票9B售01  ,0,0,0,0,0,0,0,0,0,-10000,0,0,0,0,10000,-10000,-10000
07807P,聯茂永豐9A售02  ,0,0,0,0,0,0,0,0,0,-10000,0,0,0,60000,70000,-10000,-10000
07819P,旺宏國票9B售01  ,0,0,0,0,0,0,0,0,0,-10000,0,0,0,90000,100000,-10000,-10000
07785P,鴻海中信04售03  ,0,0,0,0,0,0,0,0,0,-10000,0,0,0,0,10000,-10000,-10000
08604P,金融類元大9C售01,0,0,0,0,0,0,0,0,0,-10000,0,0,0,3000,13000,-10000,-10000
08368P,台積電兆豐9C售04,0,0,0,0,0,0,0,0,0,-10000,0,0,0,909000,919000,-10000,-10000
08966P,臺指反元大04售07,0,0,0,0,0,0,0,0,0,-10000,0,0,0,0,10000,-10000,-10000
08902P,台灣50中信05售01,0,0,0,0,0,0,0,0,0,-10000,0,0,0,24000,34000,-10000,-10000
08844P,滬深2X元大03售03,0,0,0,0,0,0,0,0,0,-10000,0,0,0,0,10000,-10000,-10000
068598,台積電凱基01購25,0,0,0,0,0,0,0,0,0,-11000,0,0,0,0,11000,-11000,-11000
068339,GIS元大01購05   ,0,0,0,0,0,0,0,0,0,-11000,0,0,0,57000,68000,-11000,-11000
068275,健策永豐01購04  ,0,0,0,0,0,0,0,0,0,-11000,0,0,0,0,11000,-11000,-11000
067974,玉晶光群益02購24,0,0,0,0,0,0,0,0,0,-11000,0,0,0,34000,45000,-11000,-11000
067785,晶技群益01購03  ,0,0,0,0,0,0,0,0,0,-11000,0,0,0,0,11000,-11000,-11000
068939,鴻海日盛02購01  ,0,0,0,0,0,0,0,0,0,-11000,0,0,0,20000,31000,-11000,-11000
069198,聯電元大02購06  ,0,0,0,0,0,0,0,0,0,-11000,0,0,0,103000,114000,-11000,-11000
069155,國巨元大02購10  ,0,0,0,0,0,0,0,0,0,-11000,0,0,0,73000,84000,-11000,-11000
069754,儒鴻兆豐03購02  ,0,0,0,0,0,0,0,0,0,-11000,0,0,0,0,11000,-11000,-11000
03042P,玉晶光國票04售01,0,0,0,0,0,0,0,0,0,-11000,0,0,0,5000,16000,-11000,-11000
03151P,聯發科群益01售14,0,0,0,0,0,0,0,0,0,-11000,0,0,0,6000,17000,-11000,-11000
00742,新光內需收益    ,0,0,0,0,0,0,0,0,0,-11000,250000,250000,0,361000,372000,-11000,-11000
03576P,台灣50元富06售01,0,0,0,0,0,0,0,0,0,-11000,0,0,0,0,11000,-11000,-11000
061920,台積電凱基9C購02,0,0,0,0,0,0,0,0,0,-11000,0,0,0,10000,21000,-11000,-11000
061927,玉晶光凱基9C購01,0,0,0,0,0,0,0,0,0,-11000,0,0,0,2000,13000,-11000,-11000
064182,臻鼎富邦01購01  ,0,0,0,0,0,0,0,0,0,-11000,0,0,0,0,11000,-11000,-11000
060130,瀚宇博永豐99購02,0,0,0,0,0,0,0,0,0,-11000,0,0,0,0,11000,-11000,-11000
060410,台苯永豐9A購01  ,0,0,0,0,0,0,0,0,0,-11000,0,0,0,0,11000,-11000,-11000
058503,鴻海元大99購14  ,0,0,0,0,0,0,0,0,0,-11000,0,0,0,0,11000,-11000,-11000
059956,玉山金康和99購01,0,0,0,0,0,0,0,0,0,-11000,0,0,0,1000,12000,-11000,-11000
058585,S&P正2中信9B購02,0,0,0,0,0,0,0,0,0,-11000,0,0,0,0,11000,-11000,-11000
064246,南六統一9C購02  ,0,0,0,0,0,0,0,0,0,-11000,0,0,0,0,11000,-11000,-11000
064110,國巨國票01購01  ,0,0,0,0,0,0,0,0,0,-11000,0,0,0,0,11000,-11000,-11000
064220,力山國票01購01  ,0,0,0,0,0,0,0,0,0,-11000,0,0,0,55000,66000,-11000,-11000
064002,仁寶凱基9C購01  ,0,0,0,0,0,0,0,0,0,-11000,0,0,0,39000,50000,-11000,-11000
064020,華通元大01購01  ,0,0,0,0,0,0,0,0,0,-11000,0,0,0,41000,52000,-11000,-11000
061526,宏達電凱基9A購04,0,0,0,0,0,0,0,0,0,-11000,0,0,0,4000,15000,-11000,-11000
061364,國巨國票9A購09  ,0,0,0,0,0,0,0,0,0,-11000,0,0,0,6000,17000,-11000,-11000
061806,元黃金統一9B購01,0,0,0,0,0,0,0,0,0,-11000,0,0,0,0,11000,-11000,-11000
061787,華新科群益9C購01,0,0,0,0,0,0,0,0,0,-11000,0,0,0,0,11000,-11000,-11000
062641,瀚宇博國票9B購01,0,0,0,0,0,0,0,0,0,-11000,0,0,0,13000,24000,-11000,-11000
060876,國巨中信9A購04  ,0,0,0,0,0,0,0,0,0,-11000,0,0,0,0,11000,-11000,-11000
063017,台光電元大9B購07,0,0,0,0,0,0,0,0,0,-11000,0,0,0,0,11000,-11000,-11000
062534,力成統一01購01  ,0,0,0,0,0,0,0,0,0,-11000,0,0,0,0,11000,-11000,-11000
064712,聚陽統一02購03  ,0,0,0,0,0,0,0,0,0,-11000,0,0,0,0,11000,-11000,-11000
064591,臻鼎永豐9C購01  ,0,0,0,0,0,0,0,0,0,-11000,0,0,0,0,11000,-11000,-11000
066187,瑞祺凱基01購01  ,0,0,0,0,0,0,0,0,0,-11000,0,0,0,61000,72000,-11000,-11000
066132,精元群益01購01  ,0,0,0,0,0,0,0,0,0,-11000,0,0,0,0,11000,-11000,-11000
065770,元黃金國票01購01,0,0,0,0,0,0,0,0,0,-11000,0,0,0,0,11000,-11000,-11000
065251,宏達電國泰02購01,0,0,0,0,0,0,0,0,0,-11000,0,0,0,0,11000,-11000,-11000
065274,南茂元大9C購03  ,0,0,0,0,0,0,0,0,0,-11000,0,0,0,0,11000,-11000,-11000
067369,瑞昱統一01購07  ,0,0,0,0,0,0,0,0,0,-11000,0,0,0,356000,367000,-11000,-11000
066397,智原凱基01購01  ,0,0,0,0,0,0,0,0,0,-11000,0,0,0,9000,20000,-11000,-11000
066736,京鼎元大01購02  ,0,0,0,0,0,0,0,0,0,-11000,0,0,0,71000,82000,-11000,-11000
066836,樺漢群益01購01  ,0,0,0,0,0,0,0,0,0,-11000,0,0,0,286000,297000,-11000,-11000
08807P,可成元富07售02  ,0,0,0,0,0,0,0,0,0,-11000,0,0,0,10000,21000,-11000,-11000
08792P,聯發科中信02售02,0,0,0,0,0,0,0,0,0,-11000,0,0,0,56000,67000,-11000,-11000
07589P,玉晶光國票9A售02,0,0,0,0,0,0,0,0,0,-11000,0,0,0,5000,16000,-11000,-11000
08018P,牧德國票9B售04  ,0,0,0,0,0,0,0,0,0,-11000,0,0,0,24000,35000,-11000,-11000
2887F,台新戊特二      ,0,0,0,0,0,0,0,0,0,-11000,0,11000,-11000,0,0,0,-11000
3229,晟鈦            ,0,11000,-11000,0,0,0,0,0,0,0,0,0,0,0,0,0,-11000
1323,永裕            ,9000,20000,-11000,0,0,0,0,0,0,0,0,0,0,0,0,0,-11000
1463,強盛            ,4000,15000,-11000,0,0,0,0,0,0,0,0,0,0,0,0,0,-11000
1521,大億            ,0,11000,-11000,0,0,0,0,0,0,0,0,0,0,0,0,0,-11000
1530,亞崴            ,1000,12000,-11000,0,0,0,0,0,0,0,0,0,0,0,0,0,-11000
1540,喬福            ,1000,12000,-11000,0,0,0,0,0,0,0,0,0,0,0,0,0,-11000
4930,燦星網          ,22000,31000,-9000,0,0,0,0,0,0,-2000,0,2000,-2000,0,0,0,-11000
4557,永新-KY         ,0,11000,-11000,0,0,0,0,0,0,0,0,0,0,0,0,0,-11000
8201,無敵            ,12000,22000,-10000,0,0,0,0,0,0,-1000,0,1000,-1000,0,0,0,-11000
069946,國巨國泰03購03  ,0,0,0,0,0,0,0,0,0,-12000,0,0,0,207000,219000,-12000,-12000
068890,南六統一02購03  ,0,0,0,0,0,0,0,0,0,-12000,0,0,0,89000,101000,-12000,-12000
069274,禾伸堂永豐02購01,0,0,0,0,0,0,0,0,0,-12000,0,0,0,0,12000,-12000,-12000
067717,聯電凱基03購01  ,0,0,0,0,0,0,0,0,0,-12000,0,0,0,1000,13000,-12000,-12000
067692,鈺齊元大01購02  ,0,0,0,0,0,0,0,0,0,-12000,0,0,0,173000,185000,-12000,-12000
067933,微星凱基02購04  ,0,2000,-2000,0,0,0,0,0,0,-10000,0,0,0,63000,73000,-10000,-12000
068075,欣興凱基01購04  ,0,0,0,0,0,0,0,0,0,-12000,0,0,0,32000,44000,-12000,-12000
068208,彩晶凱基02購01  ,0,0,0,0,0,0,0,0,0,-12000,0,0,0,20000,32000,-12000,-12000
068304,台積電國票03購01,0,0,0,0,0,0,0,0,0,-12000,0,0,0,14000,26000,-12000,-12000
068299,華新國票03購01  ,0,0,0,0,0,0,0,0,0,-12000,0,0,0,13000,25000,-12000,-12000
068407,同欣電元富07購02,0,0,0,0,0,0,0,0,0,-12000,0,0,0,1000,13000,-12000,-12000
068558,聯電元大01購07  ,0,0,0,0,0,0,0,0,0,-12000,0,0,0,0,12000,-12000,-12000
068527,義隆元富03購01  ,0,30000,-30000,0,0,0,0,0,0,18000,0,0,0,81000,63000,18000,-12000
068589,國巨元富07購13  ,0,0,0,0,0,0,0,0,0,-12000,0,0,0,10000,22000,-12000,-12000
068632,華新凱基03購01  ,0,0,0,0,0,0,0,0,0,-12000,0,0,0,26000,38000,-12000,-12000
057413,臺股指群益9C購04,0,0,0,0,0,0,0,0,0,-12000,0,0,0,0,12000,-12000,-12000
058152,聯發科統一9B購02,0,0,0,0,0,0,0,0,0,-12000,0,0,0,2000,14000,-12000,-12000
058246,帆宣元大99購01  ,0,0,0,0,0,0,0,0,0,-12000,0,0,0,0,12000,-12000,-12000
060213,牧德康和9A購01  ,0,0,0,0,0,0,0,0,0,-12000,0,0,0,10000,22000,-12000,-12000
063534,鴻海統一9B購07  ,0,0,0,0,0,0,0,0,0,-12000,0,0,0,11000,23000,-12000,-12000
061922,瑞昱凱基9B購01  ,0,0,0,0,0,0,0,0,0,-12000,0,0,0,0,12000,-12000,-12000
060911,大毅元大9A購01  ,0,0,0,0,0,0,0,0,0,-12000,0,0,0,0,12000,-12000,-12000
058421,國泰金麥證01購01,0,0,0,28000,40000,-12000,0,0,0,-12000,0,0,0,28000,40000,-12000,-12000
060350,元黃金元富9B購01,0,0,0,0,0,0,0,0,0,-12000,0,0,0,0,12000,-12000,-12000
03434P,金融類元大02售01,0,0,0,0,0,0,0,0,0,-12000,0,0,0,0,12000,-12000,-12000
03440P,台光電凱基02售02,0,0,0,0,0,0,0,0,0,-12000,0,0,0,162000,174000,-12000,-12000
064673,南茂元大9C購01  ,0,0,0,0,0,0,0,0,0,-12000,0,0,0,35000,47000,-12000,-12000
062197,聯發科中信01購03,0,0,0,0,0,0,0,0,0,-12000,0,0,0,0,12000,-12000,-12000
062564,矽創凱基9B購01  ,0,0,0,0,0,0,0,0,0,-12000,0,0,0,0,12000,-12000,-12000
063777,儒鴻永豐9B購02  ,0,0,0,0,0,0,0,0,0,-12000,0,0,0,2000,14000,-12000,-12000
061771,玉晶光元大9C購04,0,0,0,0,0,0,0,0,0,-12000,0,0,0,40000,52000,-12000,-12000
061833,華新科凱基02購01,0,0,0,0,0,0,0,0,0,-12000,0,0,0,10000,22000,-12000,-12000
061571,奇力新元大9A購03,0,0,0,0,0,0,0,0,0,-12000,0,0,0,0,12000,-12000,-12000
063353,上銀元富9B購03  ,0,0,0,0,0,0,0,0,0,-12000,0,0,0,0,12000,-12000,-12000
062046,矽格凱基9B購01  ,0,0,0,0,0,0,0,0,0,-12000,0,0,0,13000,25000,-12000,-12000
066887,聯發科中信02購01,0,12000,-12000,0,0,0,0,0,0,0,0,0,0,0,0,0,-12000
066507,和碩富邦03購01  ,0,0,0,0,0,0,0,0,0,-12000,0,0,0,88000,100000,-12000,-12000
067292,大立光兆豐01購01,0,0,0,0,0,0,0,0,0,-12000,0,0,0,5000,17000,-12000,-12000
066993,世紀鋼群益01購03,0,0,0,0,0,0,0,0,0,-12000,0,0,0,0,12000,-12000,-12000
065302,聯發科元富03購04,0,0,0,0,0,0,0,0,0,-12000,0,0,0,30000,42000,-12000,-12000
064829,義隆統一01購02  ,0,0,0,0,0,0,0,0,0,-12000,0,0,0,73000,85000,-12000,-12000
065608,緯創元大9C購04  ,0,0,0,0,0,0,0,0,0,-12000,0,0,0,62000,74000,-12000,-12000
065552,聯發科凱基9C購12,0,0,0,0,0,0,0,0,0,-12000,0,0,0,87000,99000,-12000,-12000
1727,中華化          ,0,12000,-12000,0,0,0,0,0,0,0,0,0,0,0,0,0,-12000
1453,大將            ,0,12000,-12000,0,0,0,0,0,0,0,0,0,0,0,0,0,-12000
2491,吉祥全          ,0,12000,-12000,0,0,0,0,0,0,0,0,0,0,0,0,0,-12000
08727P,健策群益01售07  ,0,0,0,0,0,0,0,0,0,-12000,0,0,0,173000,185000,-12000,-12000
1110,東泥            ,0,12000,-12000,0,0,0,0,0,0,0,0,0,0,0,0,0,-12000
08537P,台光電國票01售03,0,0,0,0,0,0,0,0,0,-12000,0,0,0,165000,177000,-12000,-12000
08683P,大立光凱基02售03,0,0,0,0,0,0,0,0,0,-12000,0,0,0,68000,80000,-12000,-12000
068548,台積電群益01購22,0,0,0,0,0,0,0,0,0,-13000,0,0,0,0,13000,-13000,-13000
06841P,臺股指統一9A售02,0,0,0,0,0,0,0,0,0,-13000,0,0,0,0,13000,-13000,-13000
068190,台積電凱基01購20,0,0,0,0,0,0,0,0,0,-13000,0,0,0,0,13000,-13000,-13000
068139,亞德客元大01購05,0,0,0,0,0,0,0,0,0,-13000,0,0,0,0,13000,-13000,-13000
068979,欣興元大02購05  ,0,0,0,0,0,0,0,0,0,-13000,0,0,0,29000,42000,-13000,-13000
069131,聯華永豐02購01  ,0,0,0,0,0,0,0,0,0,-13000,0,0,0,1000,14000,-13000,-13000
069924,樺漢凱基02購02  ,0,0,0,0,0,0,0,0,0,-13000,0,0,0,0,13000,-13000,-13000
07051P,大立光中信99售02,0,0,0,0,0,0,0,0,0,-13000,0,0,0,10000,23000,-13000,-13000
059887,華新科國票99購02,0,0,0,0,0,0,0,0,0,-13000,0,0,0,0,13000,-13000,-13000
058340,高股息群益99購01,0,0,0,0,0,0,0,0,0,-13000,0,0,0,0,13000,-13000,-13000
03250P,日月光元富07售02,0,0,0,0,0,0,0,0,0,-13000,0,0,0,114000,127000,-13000,-13000
053381,友達元大9A購02  ,0,0,0,0,0,0,0,0,0,-13000,0,0,0,122000,135000,-13000,-13000
057028,台郡凱基99購02  ,0,0,0,0,0,0,0,0,0,-13000,0,0,0,0,13000,-13000,-13000
060610,玉晶光凱基9B購02,0,0,0,0,0,0,0,0,0,-13000,0,0,0,14000,27000,-13000,-13000
058586,鴻海中信01購02  ,0,0,0,0,0,0,0,0,0,-13000,0,0,0,1311000,1324000,-13000,-13000
058494,可成群益9B購01  ,0,0,0,0,0,0,0,0,0,-13000,0,0,0,27000,40000,-13000,-13000
063332,矽格國票9B購01  ,0,0,0,0,0,0,0,0,0,-13000,0,0,0,0,13000,-13000,-13000
063382,南茂永豐9B購01  ,0,0,0,0,0,0,0,0,0,-13000,0,0,0,0,13000,-13000,-13000
063302,國巨凱基9C購05  ,0,0,0,0,0,0,0,0,0,-13000,0,0,0,8000,21000,-13000,-13000
063599,智邦凱基9B購04  ,0,0,0,0,0,0,0,0,0,-13000,0,0,0,0,13000,-13000,-13000
061695,群創群益9A購01  ,0,0,0,0,0,0,0,0,0,-13000,0,0,0,0,13000,-13000,-13000
063832,矽創國票01購01  ,0,0,0,0,0,0,0,0,0,-13000,0,0,0,0,13000,-13000,-13000
063690,健鼎永豐9B購01  ,0,0,0,0,0,0,0,0,0,-13000,0,0,0,14000,27000,-13000,-13000
062952,台積電永豐9B購02,0,0,0,0,0,0,0,0,0,-13000,0,0,0,2000,15000,-13000,-13000
062990,台積電群益9B購06,0,0,0,0,0,0,0,0,0,-13000,0,0,0,1000,14000,-13000,-13000
062113,瑞祺國票9B購01  ,0,0,0,0,0,0,0,0,0,-13000,0,0,0,0,13000,-13000,-13000
061306,瑞祺永豐9A購02  ,0,0,0,0,0,0,0,0,0,-13000,0,0,0,3000,16000,-13000,-13000
064371,矽格統一9C購02  ,0,0,0,0,0,0,0,0,0,-13000,0,0,0,5000,18000,-13000,-13000
064540,神達麥證01購01  ,0,0,0,0,13000,-13000,0,0,0,-13000,0,0,0,0,13000,-13000,-13000
065576,泰鼎群益9C購02  ,0,0,0,0,0,0,0,0,0,-13000,0,0,0,11000,24000,-13000,-13000
065726,京元電凱基9C購02,0,0,0,0,0,0,0,0,0,-13000,0,0,0,64000,77000,-13000,-13000
065840,國巨元大03購01  ,0,0,0,0,0,0,0,0,0,-13000,0,0,0,19000,32000,-13000,-13000
066211,瑞祺統一04購01  ,0,0,0,0,0,0,0,0,0,-13000,0,0,0,2000,15000,-13000,-13000
065968,國巨元大02購01  ,0,0,0,0,0,0,0,0,0,-13000,0,0,0,87000,100000,-13000,-13000
064943,聚陽凱基9C購01  ,0,0,0,0,0,0,0,0,0,-13000,0,0,0,0,13000,-13000,-13000
064930,南六統一02購02  ,0,0,0,0,0,0,0,0,0,-13000,0,0,0,13000,26000,-13000,-13000
065324,聯發科凱基9C購10,0,0,0,0,0,0,0,0,0,-13000,0,0,0,0,13000,-13000,-13000
066915,訊芯凱基02購01  ,0,0,0,0,0,0,0,0,0,-13000,0,0,0,7000,20000,-13000,-13000
067253,精元國票01購01  ,0,0,0,0,0,0,0,0,0,-13000,0,0,0,0,13000,-13000,-13000
066432,南六元大01購02  ,0,0,0,0,0,0,0,0,0,-13000,0,0,0,95000,108000,-13000,-13000
066340,敦泰永豐01購01  ,0,0,0,0,0,0,0,0,0,-13000,0,0,0,6000,19000,-13000,-13000
066785,台光電麥證01購01,0,0,0,13000,26000,-13000,0,0,0,-13000,0,0,0,13000,26000,-13000,-13000
2390,云辰            ,1592000,1599000,-7000,0,0,0,0,0,0,-6000,0,6000,-6000,0,0,0,-13000
910322,康師傅-DR       ,0,13000,-13000,0,0,0,0,0,0,0,0,0,0,0,0,0,-13000
6579,研揚            ,3000,15000,-12000,0,0,0,0,0,0,-1000,0,1000,-1000,0,0,0,-13000
069935,南六統一03購01  ,0,0,0,0,0,0,0,0,0,-14000,0,0,0,50000,64000,-14000,-14000
070078,可成凱基02購05  ,0,0,0,0,0,0,0,0,0,-14000,0,0,0,79000,93000,-14000,-14000
070015,南電元大02購10  ,0,0,0,0,0,0,0,0,0,-14000,0,0,0,0,14000,-14000,-14000
069601,玉晶光國票03購05,0,0,0,0,0,0,0,0,0,-14000,0,0,0,6000,20000,-14000,-14000
069671,聯電元大02購18  ,0,0,0,0,0,0,0,0,0,-14000,0,0,0,33000,47000,-14000,-14000
069134,上銀永豐02購01  ,0,0,0,0,0,0,0,0,0,-14000,0,0,0,0,14000,-14000,-14000
069260,申豐凱基02購02  ,0,0,0,0,0,0,0,0,0,-14000,0,0,0,34000,48000,-14000,-14000
068188,T50反1凱基04購02,0,0,0,0,0,0,0,0,0,-14000,0,0,0,0,14000,-14000,-14000
068239,道瓊銀元大01購04,0,0,0,0,0,0,0,0,0,-14000,0,0,0,0,14000,-14000,-14000
068400,瑞昱元富07購02  ,0,0,0,0,0,0,0,0,0,-14000,0,0,0,21000,35000,-14000,-14000
068602,智邦凱基01購01  ,0,0,0,0,0,0,0,0,0,-14000,0,0,0,20000,34000,-14000,-14000
068829,台積電國泰04購01,0,0,0,0,0,0,0,0,0,-14000,0,0,0,10000,24000,-14000,-14000
059509,奇力新永豐99購02,0,0,0,0,0,0,0,0,0,-14000,0,0,0,0,14000,-14000,-14000
059949,啟碁永豐99購01  ,0,0,0,0,0,0,0,0,0,-14000,0,0,0,17000,31000,-14000,-14000
059162,國巨凱基99購12  ,0,0,0,0,0,0,0,0,0,-14000,0,0,0,16000,30000,-14000,-14000
057764,台表科凱基9A購01,0,0,0,0,0,0,0,0,0,-14000,0,0,0,0,14000,-14000,-14000
059055,旺宏凱基9B購02  ,0,0,0,0,0,0,0,0,0,-14000,0,0,0,0,14000,-14000,-14000
058710,臺股指元大9A購23,0,0,0,0,0,0,0,0,0,-14000,0,0,0,0,14000,-14000,-14000
053181,滬深2X元富99購02,0,0,0,0,0,0,0,0,0,-14000,0,0,0,146000,160000,-14000,-14000
03027P,玉晶光元大01售09,0,0,0,0,0,0,0,0,0,-14000,0,0,0,13000,27000,-14000,-14000
00714,群益道瓊美國地產,0,4000,-4000,0,0,0,0,0,0,-10000,0,0,0,0,10000,-10000,-14000
01002T,土銀國泰R1      ,0,14000,-14000,0,0,0,0,0,0,0,0,0,0,0,0,0,-14000
058342,鴻海群益9A購01  ,0,0,0,0,0,0,0,0,0,-14000,0,0,0,30000,44000,-14000,-14000
03547P,鴻海凱基06售01  ,0,0,0,0,0,0,0,0,0,-14000,0,0,0,0,14000,-14000,-14000
03367P,臺股指元大02售10,0,0,0,0,0,0,0,0,0,-14000,0,0,0,0,14000,-14000,-14000
03498P,矽創凱基02售02  ,0,0,0,0,0,0,0,0,0,-14000,0,0,0,41000,55000,-14000,-14000
064545,智邦凱基9C購02  ,0,0,0,0,0,0,0,0,0,-14000,0,0,0,10000,24000,-14000,-14000
063077,巨大永豐9B購03  ,0,0,0,0,0,0,0,0,0,-14000,0,0,0,16000,30000,-14000,-14000
063108,世紀鋼群益9C購01,0,0,0,0,0,0,0,0,0,-14000,0,0,0,0,14000,-14000,-14000
062544,信錦永豐9B購01  ,0,0,0,0,0,0,0,0,0,-14000,0,0,0,0,14000,-14000,-14000
063766,南茂元富9B購01  ,0,0,0,0,0,0,0,0,0,-14000,0,0,0,0,14000,-14000,-14000
062674,百和中信03購01  ,0,0,0,0,0,0,0,0,0,-14000,0,0,0,37000,51000,-14000,-14000
061018,台積電國票9B購05,0,0,0,0,0,0,0,0,0,-14000,0,0,0,0,14000,-14000,-14000
063184,台光電凱基9B購03,0,0,0,0,0,0,0,0,0,-14000,0,0,0,0,14000,-14000,-14000
066657,滬深2X凱基04購01,0,0,0,0,0,0,0,0,0,-14000,0,0,0,2000,16000,-14000,-14000
067567,瀚宇博康和01購01,0,0,0,0,0,0,0,0,0,-14000,0,0,0,7000,21000,-14000,-14000
065520,台勝科群益9C購03,0,0,0,0,0,0,0,0,0,-14000,0,0,0,0,14000,-14000,-14000
064979,華擎元大9C購04  ,0,0,0,0,0,0,0,0,0,-14000,0,0,0,1000,15000,-14000,-14000
065983,亞德客國泰03購01,0,0,0,0,0,0,0,0,0,-14000,0,0,0,3000,17000,-14000,-14000
6464,台數科          ,4000,18000,-14000,0,0,0,0,0,0,0,0,0,0,0,0,0,-14000
8478,東哥遊艇        ,9000,29000,-20000,0,0,0,0,0,0,6000,6000,0,6000,0,0,0,-14000
8222,寶一            ,0,14000,-14000,0,0,0,0,0,0,0,0,0,0,0,0,0,-14000
2032,新鋼            ,0,14000,-14000,0,0,0,0,0,0,0,0,0,0,0,0,0,-14000
1529,樂士            ,15000,27000,-12000,0,0,0,0,0,0,-2000,0,2000,-2000,0,0,0,-14000
3296,勝德            ,7000,10000,-3000,0,0,0,0,0,0,-11000,0,11000,-11000,0,0,0,-14000
08366P,祥碩凱基9C售04  ,0,0,0,0,0,0,0,0,0,-14000,0,0,0,545000,559000,-14000,-14000
1232,大統益          ,7000,19000,-12000,0,0,0,0,0,0,-2000,0,2000,-2000,0,0,0,-14000
08913P,臺股指凱基01售04,0,0,0,0,0,0,0,0,0,-14000,0,0,0,4000,18000,-14000,-14000
08930P,嘉晶元富07售04  ,0,0,0,0,0,0,0,0,0,-14000,0,0,0,0,14000,-14000,-14000
2015,豐興            ,196279,204000,-7721,0,0,0,0,0,0,-7000,0,7000,-7000,0,0,0,-14721
068607,聯詠凱基01購02  ,0,0,0,0,0,0,0,0,0,-15000,0,0,0,10000,25000,-15000,-15000
068317,台灣50元大01購35,0,0,0,0,0,0,0,0,0,-15000,0,0,0,25000,40000,-15000,-15000
068452,台積電國票03購02,0,0,0,0,0,0,0,0,0,-15000,0,0,0,6000,21000,-15000,-15000
068453,台積電國票03購03,0,0,0,0,0,0,0,0,0,-15000,0,0,0,1000,16000,-15000,-15000
068066,亞德客凱基03購01,0,0,0,0,0,0,0,0,0,-15000,0,0,0,5000,20000,-15000,-15000
067654,嘉晶元富07購03  ,0,0,0,0,0,0,0,0,0,-15000,0,0,0,0,15000,-15000,-15000
069103,TPK統一04購04   ,0,0,0,0,0,0,0,0,0,-15000,0,0,0,0,15000,-15000,-15000
069628,聯電元富04購01  ,0,0,0,0,0,0,0,0,0,-15000,0,0,0,0,15000,-15000,-15000
070098,T50反1元大03購03,0,0,0,0,0,0,0,0,0,-15000,0,0,0,559000,574000,-15000,-15000
03400P,滬深2X凱基05售01,0,0,0,0,0,0,0,0,0,-15000,0,0,0,5000,20000,-15000,-15000
058422,百和麥證99購01  ,0,0,0,8000,20000,-12000,0,0,0,-15000,0,0,0,8000,23000,-15000,-15000
060296,和碩元大9A購01  ,0,0,0,0,0,0,0,0,0,-15000,0,0,0,0,15000,-15000,-15000
01003T,兆豐新光R1      ,0,15000,-15000,0,0,0,0,0,0,0,0,0,0,0,0,0,-15000
03168P,聯發科元富01售03,0,0,0,0,0,0,0,0,0,-15000,0,0,0,4000,19000,-15000,-15000
03012P,臺股指富邦01售02,0,0,0,0,0,0,0,0,0,-15000,0,0,0,0,15000,-15000,-15000
050957,T50反1台新05購01,0,0,0,0,0,0,0,0,0,-15000,0,0,0,10000,25000,-15000,-15000
060401,世紀鋼國票9B購01,0,0,0,0,0,0,0,0,0,-15000,0,0,0,10000,25000,-15000,-15000
060434,台汽電永豐9A購01,0,0,0,0,0,0,0,0,0,-15000,0,0,0,0,15000,-15000,-15000
059364,昇陽半永豐99購02,0,0,0,0,0,0,0,0,0,-15000,0,0,0,0,15000,-15000,-15000
064212,可成凱基03購01  ,0,0,0,0,0,0,0,0,0,-15000,0,0,0,0,15000,-15000,-15000
064108,創意兆豐9C購01  ,0,0,0,0,0,0,0,0,0,-15000,0,0,0,0,15000,-15000,-15000
063304,大立光凱基01購02,0,0,0,0,0,0,0,0,0,-15000,0,0,0,0,15000,-15000,-15000
063281,京元電元大9B購01,0,0,0,0,0,0,0,0,0,-15000,0,0,0,20000,35000,-15000,-15000
062843,臺股指群益9B購10,0,0,0,0,0,0,0,0,0,-15000,0,0,0,2000,17000,-15000,-15000
061975,華通元大9B購01  ,0,0,0,0,0,0,0,0,0,-15000,0,0,0,1000,16000,-15000,-15000
061044,世紀鋼永豐9A購02,0,0,0,0,0,0,0,0,0,-15000,0,0,0,0,15000,-15000,-15000
061776,晶技國票9B購01  ,0,0,0,0,0,0,0,0,0,-15000,0,0,0,0,15000,-15000,-15000
061488,奇力新兆豐9A購01,0,0,0,0,0,0,0,0,0,-15000,0,0,0,0,15000,-15000,-15000
062590,亞光統一9B購01  ,0,0,0,0,0,0,0,0,0,-15000,0,0,0,35000,50000,-15000,-15000
062577,泰鼎群益9B購01  ,0,0,0,0,0,0,0,0,0,-15000,0,0,0,0,15000,-15000,-15000
062417,鴻海統一9C購08  ,0,0,0,0,0,0,0,0,0,-15000,0,0,0,0,15000,-15000,-15000
062431,元金2X元大9B購02,0,0,0,0,0,0,0,0,0,-15000,0,0,0,0,15000,-15000,-15000
061085,聯茂兆豐9A購01  ,0,0,0,0,0,0,0,0,0,-15000,0,0,0,0,15000,-15000,-15000
061285,大立光統一9A購04,0,0,0,0,0,0,0,0,0,-15000,0,0,0,5000,20000,-15000,-15000
064679,晶技兆豐9C購01  ,0,0,0,0,0,0,0,0,0,-15000,0,0,0,0,15000,-15000,-15000
064486,聚陽元大9C購01  ,0,0,0,0,0,0,0,0,0,-15000,0,0,0,21000,36000,-15000,-15000
066069,英業達凱基02購01,0,0,0,0,0,0,0,0,0,-15000,0,0,0,0,15000,-15000,-15000
065710,嘉聯益群益9C購02,0,0,0,0,0,0,0,0,0,-15000,0,0,0,0,15000,-15000,-15000
065681,聯發科統一9C購17,0,0,0,0,0,0,0,0,0,-15000,0,0,0,40000,55000,-15000,-15000
065107,道瓊反國票9C購03,0,0,0,0,0,0,0,0,0,-15000,0,0,0,30000,45000,-15000,-15000
064916,玉山金統一02購01,0,0,0,0,0,0,0,0,0,-15000,0,0,0,0,15000,-15000,-15000
064765,緯穎凱基9C購02  ,0,0,0,0,0,0,0,0,0,-15000,0,0,0,5000,20000,-15000,-15000
065215,義隆國泰02購02  ,0,0,0,0,0,0,0,0,0,-15000,0,0,0,280000,295000,-15000,-15000
065206,旺宏國票01購02  ,0,0,0,0,0,0,0,0,0,-15000,0,0,0,0,15000,-15000,-15000
065161,矽格群益9C購01  ,0,0,0,0,0,0,0,0,0,-15000,0,0,0,38000,53000,-15000,-15000
067490,嘉澤元大01購04  ,0,0,0,0,0,0,0,0,0,-15000,0,0,0,15000,30000,-15000,-15000
067344,鎧勝凱基02購01  ,0,0,0,0,0,0,0,0,0,-15000,0,0,0,25000,40000,-15000,-15000
067330,台達電凱基02購01,0,0,0,0,0,0,0,0,0,-15000,0,0,0,69000,84000,-15000,-15000
067165,世紀鋼國票02購02,0,0,0,0,0,0,0,0,0,-15000,0,0,0,0,15000,-15000,-15000
067102,聯發科群益01購03,0,0,0,0,0,0,0,0,0,-15000,0,0,0,61000,76000,-15000,-15000
066818,力成兆豐01購01  ,0,0,0,0,0,0,0,0,0,-15000,0,0,0,5000,20000,-15000,-15000
066298,美利達元大01購02,0,0,0,0,0,0,0,0,0,-15000,0,0,0,0,15000,-15000,-15000
066237,京鼎富邦04購01  ,0,0,0,0,0,0,0,0,0,-15000,0,0,0,5000,20000,-15000,-15000
066238,聯鈞富邦03購01  ,0,0,0,0,0,0,0,0,0,-15000,0,0,0,0,15000,-15000,-15000
066226,惠特國泰03購01  ,0,0,0,0,0,0,0,0,0,-15000,0,0,0,0,15000,-15000,-15000
066400,健策凱基02購02  ,0,0,0,0,0,0,0,0,0,-15000,0,0,0,68000,83000,-15000,-15000
066391,國巨凱基01購04  ,0,0,0,0,0,0,0,0,0,-15000,0,0,0,76000,91000,-15000,-15000
066512,致茂永豐01購01  ,0,0,0,0,0,0,0,0,0,-15000,0,0,0,85000,100000,-15000,-15000
2028,威致            ,0,14000,-14000,0,0,0,0,0,0,-1000,0,1000,-1000,0,0,0,-15000
2443,億麗            ,8000,23000,-15000,0,0,0,0,0,0,0,0,0,0,0,0,0,-15000
2702,華園            ,26000,38000,-12000,0,0,0,0,0,0,-3000,0,3000,-3000,0,0,0,-15000
2548,華固            ,537000,546000,-9000,0,0,0,0,0,0,-6000,1000,8000,-7000,3000,2000,1000,-15000
4755,三福化          ,60000,74000,-14000,0,0,0,0,0,0,-1000,0,1000,-1000,0,0,0,-15000
08734P,創意康和01售02  ,0,0,0,0,0,0,0,0,0,-15000,0,0,0,87000,102000,-15000,-15000
08384P,臺股指群益9C售12,0,0,0,0,0,0,0,0,0,-15000,0,0,0,0,15000,-15000,-15000
08407P,臺股指元大9C售13,0,0,0,0,0,0,0,0,0,-15000,0,0,0,15000,30000,-15000,-15000
07586P,FBVIX台新9A售01 ,0,0,0,0,0,0,0,0,0,-15000,0,0,0,0,15000,-15000,-15000
07727P,臺股指凱基9A售19,0,0,0,0,0,0,0,0,0,-15000,0,0,0,0,15000,-15000,-15000
070150,T50反1元富08購05,0,0,0,0,0,0,0,0,0,-16000,0,0,0,0,16000,-16000,-16000
069646,美利達康和02購01,0,0,0,0,0,0,0,0,0,-16000,0,0,0,15000,31000,-16000,-16000
068981,晶技元大02購01  ,0,0,0,0,0,0,0,0,0,-16000,0,0,0,0,16000,-16000,-16000
069494,健策元大02購07  ,0,0,0,0,0,0,0,0,0,-16000,0,0,0,126000,142000,-16000,-16000
067881,香港2X群益01購02,0,0,0,0,0,0,0,0,0,-16000,0,0,0,15000,31000,-16000,-16000
067818,玉晶光凱基02購02,0,0,0,0,0,0,0,0,0,-16000,0,0,0,9000,25000,-16000,-16000
068510,鴻海統一03購06  ,0,0,0,0,0,0,0,0,0,-16000,0,0,0,0,16000,-16000,-16000
068362,南電凱基01購06  ,0,0,0,0,0,0,0,0,0,-16000,0,0,0,46000,62000,-16000,-16000
059076,FBVIX元大99購04 ,0,0,0,0,0,0,0,0,0,-16000,0,0,0,0,16000,-16000,-16000
056913,臺股指元大99購05,0,0,0,0,0,0,0,0,0,-16000,0,0,0,0,16000,-16000,-16000
058737,鴻海第一01購01  ,0,0,0,0,0,0,0,0,0,-16000,0,0,0,2000,18000,-16000,-16000
058911,茂林元大99購04  ,0,0,0,0,0,0,0,0,0,-16000,0,0,0,36000,52000,-16000,-16000
063530,同欣電凱基9C購02,0,0,0,0,0,0,0,0,0,-16000,0,0,0,14000,30000,-16000,-16000
03207P,臺股指凱基03售09,0,0,0,0,0,0,0,0,0,-16000,0,0,0,104000,120000,-16000,-16000
00731,FH富時高息低波  ,89000,77000,12000,0,0,0,0,0,0,-28000,0,0,0,1298000,1326000,-28000,-16000
03549P,聯發科凱基02售10,0,0,0,0,0,0,0,0,0,-16000,0,0,0,0,16000,-16000,-16000
056347,GIS凱基9A購01   ,0,0,0,0,0,0,0,0,0,-16000,0,0,0,0,16000,-16000,-16000
062673,台新金中信03購01,0,0,0,0,0,0,0,0,0,-16000,0,0,0,0,16000,-16000,-16000
063778,亞德客永豐9B購02,0,0,0,0,0,0,0,0,0,-16000,0,0,0,0,16000,-16000,-16000
063735,華新科元大9B購15,0,0,0,0,0,0,0,0,0,-16000,0,0,0,0,16000,-16000,-16000
063745,喬山國票9C購01  ,0,0,0,0,0,0,0,0,0,-16000,0,0,0,79000,95000,-16000,-16000
061595,智易永豐9A購02  ,0,0,0,0,0,0,0,0,0,-16000,0,0,0,5000,21000,-16000,-16000
063819,致新群益9C購01  ,0,0,0,0,0,0,0,0,0,-16000,0,0,0,27000,43000,-16000,-16000
063256,鴻海國泰01購02  ,0,0,0,0,0,0,0,0,0,-16000,0,0,0,14000,30000,-16000,-16000
063601,金像電凱基01購01,0,0,0,0,0,0,0,0,0,-16000,0,0,0,5000,21000,-16000,-16000
064132,神達元大9C購02  ,0,0,0,0,0,0,0,0,0,-16000,0,0,0,0,16000,-16000,-16000
066256,華通元大02購02  ,0,0,0,0,0,0,0,0,0,-16000,0,0,0,170000,186000,-16000,-16000
065664,矽格永豐9C購01  ,0,0,0,0,0,0,0,0,0,-16000,0,0,0,0,16000,-16000,-16000
065703,大毅群益9C購01  ,0,0,0,0,0,0,0,0,0,-16000,0,0,0,1000,17000,-16000,-16000
066164,精元凱基01購01  ,0,0,0,0,0,0,0,0,0,-16000,0,0,0,5000,21000,-16000,-16000
065908,聯發科永豐9C購04,0,0,0,0,0,0,0,0,0,-16000,0,0,0,0,16000,-16000,-16000
07630P,臺股指凱基9A售11,0,0,0,0,0,0,0,0,0,-16000,0,0,0,102000,118000,-16000,-16000
07991P,鴻海群益9C售02  ,0,0,0,0,0,0,0,0,0,-16000,0,0,0,5000,21000,-16000,-16000
08008P,華新科統一9B售05,0,0,0,0,0,0,0,0,0,-16000,0,0,0,0,16000,-16000,-16000
5525,順天            ,0,16000,-16000,0,0,0,0,0,0,0,0,0,0,0,0,0,-16000
8411,福貞-KY         ,1000,21000,-20000,0,0,0,0,0,0,4000,4000,0,4000,0,0,0,-16000
9926,新海            ,1000,4000,-3000,0,0,0,0,0,0,-13000,0,13000,-13000,0,0,0,-16000
2611,志信            ,16000,25000,-9000,0,0,0,0,0,0,-7000,0,7000,-7000,0,0,0,-16000
3167,大量            ,19000,34000,-15000,0,0,0,0,0,0,-1000,0,1000,-1000,0,0,0,-16000
1525,江申            ,25000,40000,-15000,0,0,0,0,0,0,-1000,0,1000,-1000,0,0,0,-16000
1617,榮星            ,0,14000,-14000,0,0,0,0,0,0,-2000,0,2000,-2000,0,0,0,-16000
068783,亞德客康和02購01,0,0,0,0,0,0,0,0,0,-17000,0,0,0,0,17000,-17000,-17000
067593,亞德客凱基01購01,0,0,0,0,0,0,0,0,0,-17000,0,0,0,0,17000,-17000,-17000
067629,亞德客永豐01購01,0,0,0,0,0,0,0,0,0,-17000,0,0,0,0,17000,-17000,-17000
067908,玉晶光國泰03購01,0,0,0,0,0,0,0,0,0,-17000,0,0,0,473000,490000,-17000,-17000
068220,聯發科統一04購01,0,0,0,0,0,0,0,0,0,-17000,0,0,0,50000,67000,-17000,-17000
068162,GIS元大02購01   ,0,0,0,0,0,0,0,0,0,-17000,0,0,0,50000,67000,-17000,-17000
069512,金像電凱基03購01,0,0,0,0,0,0,0,0,0,-17000,0,0,0,16000,33000,-17000,-17000
068931,聯發科永豐02購01,0,0,0,0,0,0,0,0,0,-17000,0,0,0,26000,43000,-17000,-17000
07006P,旺宏統一9B售03  ,0,0,0,0,0,0,0,0,0,-17000,0,0,0,11000,28000,-17000,-17000
070062,大立光群益02購08,0,0,0,0,0,0,0,0,0,-17000,0,0,0,102000,119000,-17000,-17000
03439P,聯電凱基02售05  ,0,0,0,0,0,0,0,0,0,-17000,0,0,0,37000,54000,-17000,-17000
056668,光磊國票99購01  ,0,0,0,0,0,0,0,0,0,-17000,0,0,0,60000,77000,-17000,-17000
059787,奇力新元大9A購02,0,0,0,0,0,0,0,0,0,-17000,0,0,0,1000,18000,-17000,-17000
059819,台積電凱基99購17,0,0,0,0,0,0,0,0,0,-17000,0,0,0,0,17000,-17000,-17000
00735,國泰臺韓科技    ,63000,188000,-125000,0,0,0,0,0,0,108000,0,0,0,257000,149000,108000,-17000
063547,大立光兆豐9B購04,0,0,0,0,0,0,0,0,0,-17000,0,0,0,3000,20000,-17000,-17000
062766,台郡凱基9B購02  ,0,0,0,0,0,0,0,0,0,-17000,0,0,0,0,17000,-17000,-17000
060048,元金2X凱基99購03,0,0,0,0,0,0,0,0,0,-17000,0,0,0,5000,22000,-17000,-17000
059124,台積電第一03購01,0,0,0,0,0,0,0,0,0,-17000,0,0,0,0,17000,-17000,-17000
059563,鴻海凱基9A購14  ,0,0,0,0,0,0,0,0,0,-17000,0,0,0,0,17000,-17000,-17000
063170,智邦第一9B購01  ,0,0,0,0,0,0,0,0,0,-17000,0,0,0,3000,20000,-17000,-17000
064213,大立光凱基03購01,0,0,0,0,0,0,0,0,0,-17000,0,0,0,0,17000,-17000,-17000
063268,GIS中信9B購01   ,0,0,0,0,0,0,0,0,0,-17000,0,0,0,3000,20000,-17000,-17000
063894,漢唐群益9C購01  ,0,0,0,0,0,0,0,0,0,-17000,0,0,0,49000,66000,-17000,-17000
061768,晶技元大9B購02  ,0,0,0,0,0,0,0,0,0,-17000,0,0,0,0,17000,-17000,-17000
061762,台塑元大9B購01  ,0,0,0,0,0,0,0,0,0,-17000,0,0,0,13000,30000,-17000,-17000
063756,鴻海統一9B購09  ,0,0,0,0,0,0,0,0,0,-17000,0,0,0,1000,18000,-17000,-17000
063708,上銀凱基9B購06  ,0,0,0,0,0,0,0,0,0,-17000,0,0,0,54000,71000,-17000,-17000
060716,新唐永豐9A購01  ,0,0,0,0,0,0,0,0,0,-17000,0,0,0,80000,97000,-17000,-17000
063005,道瓊反元大9B購02,0,0,0,0,0,0,0,0,0,-17000,0,0,0,0,17000,-17000,-17000
062953,大立光永豐9B購01,0,0,0,0,0,0,0,0,0,-17000,0,0,0,12000,29000,-17000,-17000
064660,華通元大9C購05  ,0,0,0,0,0,0,0,0,0,-17000,0,0,0,0,17000,-17000,-17000
061260,台積電凱基9A購23,0,0,0,0,0,0,0,0,0,-17000,0,0,0,20000,37000,-17000,-17000
066015,健策元富01購01  ,0,0,0,0,0,0,0,0,0,-17000,0,0,0,98000,115000,-17000,-17000
065694,國巨群益9C購19  ,0,0,0,0,0,0,0,0,0,-17000,0,0,0,63000,80000,-17000,-17000
065579,南茂群益9C購02  ,0,0,0,0,0,0,0,0,0,-17000,0,0,0,0,17000,-17000,-17000
065371,漢唐元大01購01  ,0,0,0,0,0,0,0,0,0,-17000,0,0,0,18000,35000,-17000,-17000
066261,華碩元大01購01  ,0,0,0,0,0,0,0,0,0,-17000,0,0,0,75000,92000,-17000,-17000
066532,力成元富07購01  ,0,0,0,0,0,0,0,0,0,-17000,0,0,0,48000,65000,-17000,-17000
066654,上証2X凱基03購02,0,0,0,0,0,0,0,0,0,-17000,0,0,0,5000,22000,-17000,-17000
067132,瑞昱永豐01購01  ,0,0,0,0,0,0,0,0,0,-17000,0,0,0,3000,20000,-17000,-17000
067336,中信金凱基01購01,0,0,0,0,0,0,0,0,0,-17000,0,0,0,5000,22000,-17000,-17000
8926,台汽電          ,551000,828000,-277000,0,0,0,0,0,0,260000,362000,2000,360000,3000,103000,-100000,-17000
6668,中揚光          ,216000,234000,-18000,0,0,0,0,0,0,1000,2000,1000,1000,0,0,0,-17000
4148,全宇生技-KY     ,9000,26000,-17000,0,0,0,0,0,0,0,0,0,0,0,0,0,-17000
08168P,金像電群益9B售03,0,0,0,0,0,0,0,0,0,-17000,0,0,0,52000,69000,-17000,-17000
08205P,智邦凱基9B售03  ,0,0,0,0,0,0,0,0,0,-17000,0,0,0,0,17000,-17000,-17000
069985,聯茂凱基02購03  ,0,0,0,0,0,0,0,0,0,-18000,0,0,0,0,18000,-18000,-18000
069772,中工元大04購01  ,0,0,0,0,0,0,0,0,0,-18000,0,0,0,181000,199000,-18000,-18000
069532,玉晶光群益03購05,0,0,0,0,0,0,0,0,0,-18000,0,0,0,80000,98000,-18000,-18000
069271,聯電永豐02購03  ,0,0,0,0,0,0,0,0,0,-18000,0,0,0,0,18000,-18000,-18000
069202,台積電元大02購22,0,0,0,0,0,0,0,0,0,-18000,0,0,0,59000,77000,-18000,-18000
069246,精元凱基02購02  ,0,0,0,0,0,0,0,0,0,-18000,0,0,0,98000,116000,-18000,-18000
068386,台達電統一03購02,0,0,0,0,0,0,0,0,0,-18000,0,0,0,57000,75000,-18000,-18000
059090,台新金元大99購01,0,0,0,0,0,0,0,0,0,-18000,0,0,0,0,18000,-18000,-18000
060655,國巨統一9B購06  ,0,0,0,0,0,0,0,0,0,-18000,0,0,0,2000,20000,-18000,-18000
063529,聯茂凱基9B購02  ,0,0,0,0,0,0,0,0,0,-18000,0,0,0,0,18000,-18000,-18000
03152P,聯發科群益01售15,0,0,0,0,0,0,0,0,0,-18000,0,0,0,0,18000,-18000,-18000
060265,宏達電國票9A購02,0,0,0,0,0,0,0,0,0,-18000,0,0,0,0,18000,-18000,-18000
064436,聯發科凱基03購02,0,0,0,0,0,0,0,0,0,-18000,0,0,0,0,18000,-18000,-18000
064630,巨大元大9C購01  ,0,0,0,0,0,0,0,0,0,-18000,0,0,0,22000,40000,-18000,-18000
062074,旺宏元大9B購04  ,0,0,0,0,0,0,0,0,0,-18000,0,0,0,0,18000,-18000,-18000
061647,南六元大9A購03  ,0,0,0,0,0,0,0,0,0,-18000,0,0,0,0,18000,-18000,-18000
061501,嘉澤國票9A購01  ,0,0,0,0,0,0,0,0,0,-18000,0,0,0,31000,49000,-18000,-18000
063650,矽創元大9B購03  ,0,0,0,0,0,0,0,0,0,-18000,0,0,0,150000,168000,-18000,-18000
064298,台灣50兆豐01購02,0,0,0,0,0,0,0,0,0,-18000,0,0,0,10000,28000,-18000,-18000
066748,同欣電元大01購03,0,0,0,0,0,0,0,0,0,-18000,0,0,0,35000,53000,-18000,-18000
066409,勤誠凱基01購01  ,0,0,0,0,0,0,0,0,0,-18000,0,0,0,0,18000,-18000,-18000
065353,GIS統一02購03   ,0,0,0,0,0,0,0,0,0,-18000,0,0,0,1000,19000,-18000,-18000
066162,泰豐凱基01購01  ,0,0,0,0,0,0,0,0,0,-18000,0,0,0,0,18000,-18000,-18000
066077,健策凱基01購01  ,0,0,0,0,0,0,0,0,0,-18000,0,0,0,33000,51000,-18000,-18000
08376P,南亞科元富9C售03,0,0,0,0,0,0,0,0,0,-18000,0,0,0,271000,289000,-18000,-18000
08590P,智邦凱基9C售04  ,0,0,0,0,0,0,0,0,0,-18000,0,0,0,155000,173000,-18000,-18000
08603P,電子類元大9C售02,0,0,0,0,0,0,0,0,0,-18000,0,0,0,10000,28000,-18000,-18000
08845P,友訊元大01售05  ,0,0,0,0,0,0,0,0,0,-18000,0,0,0,119000,137000,-18000,-18000
08904P,為升國票03售01  ,0,0,0,0,0,0,0,0,0,-18000,0,0,0,12000,30000,-18000,-18000
4555,氣立            ,8000,26000,-18000,0,0,0,0,0,0,0,0,0,0,0,0,0,-18000
6164,華興            ,1000,18000,-17000,0,0,0,0,0,0,-1000,0,1000,-1000,0,0,0,-18000
8367,建新國際        ,3000,20000,-17000,0,0,0,0,0,0,-1000,0,1000,-1000,0,0,0,-18000
1454,台富            ,2000,18000,-16000,0,0,0,0,0,0,-2000,0,2000,-2000,0,0,0,-18000
068395,GIS統一03購03   ,0,0,0,0,0,0,0,0,0,-19000,0,0,0,11000,30000,-19000,-19000
068747,台積電群益02購05,0,0,0,0,0,0,0,0,0,-19000,0,0,0,0,19000,-19000,-19000
069363,華擎永豐02購01  ,0,0,0,0,0,0,0,0,0,-19000,0,0,0,0,19000,-19000,-19000
069626,儒鴻元富05購01  ,0,0,0,0,0,0,0,0,0,-19000,0,0,0,0,19000,-19000,-19000
00681R,元大美債20反1   ,0,0,0,0,0,0,0,0,0,-19000,0,0,0,11000,30000,-19000,-19000
054159,T50正2凱基99購01,0,0,0,0,0,0,0,0,0,-19000,0,0,0,0,19000,-19000,-19000
063554,GIS國票9C購03   ,0,0,0,0,0,0,0,0,0,-19000,0,0,0,35000,54000,-19000,-19000
060099,宏達電元大99購09,0,0,0,0,0,0,0,0,0,-19000,0,0,0,5000,24000,-19000,-19000
060681,華擎元大9A購02  ,0,0,0,0,0,0,0,0,0,-19000,0,0,0,0,19000,-19000,-19000
057758,鴻海凱基99購03  ,0,0,0,0,0,0,0,0,0,-19000,0,0,0,15000,34000,-19000,-19000
060469,台勝科元大9A購02,0,0,0,0,0,0,0,0,0,-19000,0,0,0,0,19000,-19000,-19000
063584,南六國泰01購01  ,0,0,0,0,0,0,0,0,0,-19000,0,0,0,9000,28000,-19000,-19000
063631,燿華元大9B購06  ,0,0,0,0,0,0,0,0,0,-19000,0,0,0,10000,29000,-19000,-19000
063888,TPK中信01購01   ,0,0,0,0,0,0,0,0,0,-19000,0,0,0,2000,21000,-19000,-19000
063927,奇力新統一02購01,0,0,0,0,0,0,0,0,0,-19000,0,0,0,241000,260000,-19000,-19000
061383,高股息群益9A購01,0,0,0,0,0,0,0,0,0,-19000,0,0,0,1000,20000,-19000,-19000
062468,台積電凱基9B購06,0,0,0,0,0,0,0,0,0,-19000,0,0,0,0,19000,-19000,-19000
064487,和大元大9C購01  ,0,0,0,0,0,0,0,0,0,-19000,0,0,0,1000,20000,-19000,-19000
064690,台光電群益9C購02,0,0,0,0,0,0,0,0,0,-19000,0,0,0,1000,20000,-19000,-19000
064409,彩晶凱基04購01  ,0,0,0,0,0,0,0,0,0,-19000,0,0,0,31000,50000,-19000,-19000
065593,達新元大9C購02  ,0,0,0,0,0,0,0,0,0,-19000,0,0,0,0,19000,-19000,-19000
065413,玉晶光永豐9C購10,0,0,0,0,0,0,0,0,0,-19000,0,0,0,7000,26000,-19000,-19000
065403,健鼎國泰02購01  ,0,0,0,0,0,0,0,0,0,-19000,0,0,0,6000,25000,-19000,-19000
2373,震旦行          ,0,20000,-20000,0,0,0,0,0,0,1000,1000,0,1000,0,0,0,-19000
3266,昇陽            ,9000,24000,-15000,0,0,0,0,0,0,-4000,0,4000,-4000,0,0,0,-19000
2509,全坤建          ,2000,21000,-19000,0,0,0,0,0,0,0,0,0,0,0,0,0,-19000
08004P,大毅永豐9B售02  ,0,0,0,0,0,0,0,0,0,-19000,0,0,0,104000,123000,-19000,-19000
069663,華新科兆豐04購01,0,0,0,0,0,0,0,0,0,-20000,0,0,0,0,20000,-20000,-20000
070037,日月光國泰03購01,0,0,0,0,0,0,0,0,0,-20000,0,0,0,50000,70000,-20000,-20000
070119,玉晶光元大05購01,0,0,0,0,0,0,0,0,0,-20000,0,0,0,2000,22000,-20000,-20000
069928,聯電統一03購07  ,0,0,0,0,0,0,0,0,0,-20000,0,0,0,0,20000,-20000,-20000
07211P,南亞科凱基99售05,0,0,0,0,0,0,0,0,0,-20000,0,0,0,0,20000,-20000,-20000
069304,台達電凱基02購03,0,0,0,0,0,0,0,0,0,-20000,0,0,0,0,20000,-20000,-20000
069456,鴻海麥證02購02  ,0,0,0,0,20000,-20000,0,0,0,-20000,0,0,0,0,20000,-20000,-20000
069411,奇力新統一04購01,0,0,0,0,0,0,0,0,0,-20000,0,0,0,0,20000,-20000,-20000
068799,台灣50群益02購08,0,0,0,0,0,0,0,0,0,-20000,0,0,0,10000,30000,-20000,-20000
068860,聯發科元富08購01,0,0,0,0,0,0,0,0,0,-20000,0,0,0,10000,30000,-20000,-20000
068276,訊連永豐01購02  ,0,0,0,0,0,0,0,0,0,-20000,0,0,0,0,20000,-20000,-20000
068484,聯電元大03購02  ,0,0,0,0,0,0,0,0,0,-20000,0,0,0,70000,90000,-20000,-20000
068528,緯創元富03購01  ,0,0,0,0,0,0,0,0,0,-20000,0,0,0,16000,36000,-20000,-20000
068109,上証2X元富07購03,0,0,0,0,0,0,0,0,0,-20000,0,0,0,0,20000,-20000,-20000
068199,大立光凱基02購04,0,0,0,0,0,0,0,0,0,-20000,0,0,0,0,20000,-20000,-20000
067901,旭富群益01購04  ,0,0,0,0,0,0,0,0,0,-20000,0,0,0,0,20000,-20000,-20000
068006,玉晶光元大03購03,0,0,0,0,0,0,0,0,0,-20000,0,0,0,0,20000,-20000,-20000
067787,致伸群益03購01  ,0,0,0,0,0,0,0,0,0,-20000,0,0,0,50000,70000,-20000,-20000
059164,旺宏凱基99購06  ,0,0,0,0,0,0,0,0,0,-20000,0,0,0,10000,30000,-20000,-20000
060384,葡萄王凱基9B購01,0,0,0,0,0,0,0,0,0,-20000,0,0,0,100000,120000,-20000,-20000
059470,華新科元大99購16,0,0,0,0,0,0,0,0,0,-20000,0,0,0,0,20000,-20000,-20000
058481,玉晶光凱基9A購04,0,0,0,0,0,0,0,0,0,-20000,0,0,0,6000,26000,-20000,-20000
058589,群創中信01購01  ,0,0,0,0,0,0,0,0,0,-20000,0,0,0,0,20000,-20000,-20000
058591,台灣50統一9B購02,0,0,0,0,0,0,0,0,0,-20000,0,0,0,0,20000,-20000,-20000
060007,鴻海群益99購04  ,0,0,0,0,0,0,0,0,0,-20000,0,0,0,0,20000,-20000,-20000
057700,新日興群益9A購01,0,0,0,0,0,0,0,0,0,-20000,0,0,0,10000,30000,-20000,-20000
057666,奇力新元大9A購01,0,0,0,0,0,0,0,0,0,-20000,0,0,0,30000,50000,-20000,-20000
057997,旺宏第一9C購01  ,0,0,0,0,0,0,0,0,0,-20000,0,0,0,0,20000,-20000,-20000
057579,長榮航中信9A購01,0,0,0,0,0,0,0,0,0,-20000,0,0,0,0,20000,-20000,-20000
057325,可成群益9A購01  ,0,0,0,0,0,0,0,0,0,-20000,0,0,0,0,20000,-20000,-20000
060088,國巨元大99購30  ,0,0,0,0,0,0,0,0,0,-20000,0,0,0,19000,39000,-20000,-20000
058652,SGBR2X中信01購01,0,0,0,0,0,0,0,0,0,-20000,0,0,0,0,20000,-20000,-20000
058127,FBVIX元大9C購01 ,0,0,0,0,0,0,0,0,0,-20000,0,0,0,0,20000,-20000,-20000
058944,元石油群益9C購02,0,0,0,0,0,0,0,0,0,-20000,0,0,0,0,20000,-20000,-20000
063538,神達統一9C購01  ,0,0,0,0,0,0,0,0,0,-20000,0,0,0,6000,26000,-20000,-20000
062814,台光電兆豐9B購01,0,0,0,0,0,0,0,0,0,-20000,0,0,0,0,20000,-20000,-20000
060894,奇力新凱基9A購03,0,0,0,0,0,0,0,0,0,-20000,0,0,0,120000,140000,-20000,-20000
061900,志超永豐9B購01  ,0,0,0,0,0,0,0,0,0,-20000,0,0,0,128000,148000,-20000,-20000
054308,嘉晶凱基98購01  ,0,0,0,0,0,0,0,0,0,-20000,0,0,0,10000,30000,-20000,-20000
052755,滬深2X群益9A購01,0,0,0,0,0,0,0,0,0,-20000,0,0,0,0,20000,-20000,-20000
051277,聯發科中信9A購01,0,0,0,0,0,0,0,0,0,-20000,0,0,0,0,20000,-20000,-20000
053799,矽創中信9A購01  ,0,0,0,0,0,0,0,0,0,-20000,0,0,0,0,20000,-20000,-20000
0055,元大MSCI金融    ,3000,3000,0,0,0,0,0,0,0,-20000,0,0,0,0,20000,-20000,-20000
059781,A50正2元大9C購03,0,0,0,0,0,0,0,0,0,-20000,0,0,0,0,20000,-20000,-20000
058323,泰鼎永豐9A購01  ,0,0,0,0,0,0,0,0,0,-20000,0,0,0,42000,62000,-20000,-20000
03472P,台灣50元大03售06,0,0,0,0,0,0,0,0,0,-20000,0,0,0,2096000,2116000,-20000,-20000
056330,玉晶光國票99購03,0,0,0,0,0,0,0,0,0,-20000,0,0,0,1000,21000,-20000,-20000
064440,大立光凱基03購03,0,0,0,0,0,0,0,0,0,-20000,0,0,0,0,20000,-20000,-20000
061293,聯茂統一9A購01  ,0,0,0,0,0,0,0,0,0,-20000,0,0,0,0,20000,-20000,-20000
06433P,大立光群益99售01,0,0,0,0,0,0,0,0,0,-20000,0,0,0,0,20000,-20000,-20000
064340,大立光元大9C購17,0,0,0,0,0,0,0,0,0,-20000,0,0,0,0,20000,-20000,-20000
064321,T50反1元大9C購05,0,0,0,0,0,0,0,0,0,-20000,0,0,0,0,20000,-20000,-20000
063064,台表科元富9B購01,0,0,0,0,0,0,0,0,0,-20000,0,0,0,10000,30000,-20000,-20000
062190,瀚宇博元大9B購01,0,0,0,0,0,0,0,0,0,-20000,0,0,0,1000,21000,-20000,-20000
064692,嘉晶群益9C購03  ,0,0,0,0,0,0,0,0,0,-20000,0,0,0,53000,73000,-20000,-20000
064537,健鼎國票01購02  ,0,0,0,0,0,0,0,0,0,-20000,0,0,0,0,20000,-20000,-20000
064725,緯創統一02購01  ,0,0,0,0,0,0,0,0,0,-20000,0,0,0,6000,26000,-20000,-20000
064641,神隆凱基9C購01  ,0,0,0,0,0,0,0,0,0,-20000,0,0,0,85000,105000,-20000,-20000
062489,可成永豐9B購02  ,0,0,0,0,0,0,0,0,0,-20000,0,0,0,0,20000,-20000,-20000
062429,A50正2元大9B購01,0,0,0,0,0,0,0,0,0,-20000,0,0,0,10000,30000,-20000,-20000
062327,燿華統一9B購02  ,0,0,0,0,0,0,0,0,0,-20000,0,0,0,0,20000,-20000,-20000
060801,滬深2X中信01購01,0,0,0,0,0,0,0,0,0,-20000,0,0,0,10000,30000,-20000,-20000
062623,元金2X國票01購01,0,0,0,0,0,0,0,0,0,-20000,0,0,0,0,20000,-20000,-20000
060870,旭富群益9A購01  ,0,0,0,0,0,0,0,0,0,-20000,0,0,0,0,20000,-20000,-20000
060861,漢唐永豐9A購01  ,0,0,0,0,0,0,0,0,0,-20000,0,0,0,14000,34000,-20000,-20000
063757,鴻海統一9C購16  ,0,0,0,0,0,0,0,0,0,-20000,0,0,0,0,20000,-20000,-20000
061164,燿華兆豐9B購01  ,0,0,0,0,0,0,0,0,0,-20000,0,0,0,0,20000,-20000,-20000
061389,華新科群益9B購01,0,0,0,0,0,0,0,0,0,-20000,0,0,0,50000,70000,-20000,-20000
061400,可成兆豐9B購02  ,0,0,0,0,0,0,0,0,0,-20000,0,0,0,0,20000,-20000,-20000
061455,京元電凱基9B購01,0,0,0,0,0,0,0,0,0,-20000,0,0,0,50000,70000,-20000,-20000
061605,華新科凱基9A購14,0,0,0,0,0,0,0,0,0,-20000,0,0,0,0,20000,-20000,-20000
061774,T50反1國票9B購06,0,0,0,0,0,0,0,0,0,-20000,0,0,0,0,20000,-20000,-20000
061851,智邦國票9B購01  ,0,0,0,0,0,0,0,0,0,-20000,0,0,0,10000,30000,-20000,-20000
063921,大立光元富9C購03,0,0,0,0,0,0,0,0,0,-20000,0,0,0,33000,53000,-20000,-20000
063646,帆宣元大9B購02  ,0,0,0,0,0,0,0,0,0,-20000,0,0,0,0,20000,-20000,-20000
063697,香港反群益9C購01,0,0,0,0,0,0,0,0,0,-20000,0,0,0,0,20000,-20000,-20000
063789,智邦台新9C購01  ,0,0,0,0,0,0,0,0,0,-20000,0,0,0,0,20000,-20000,-20000
064133,力成元大9C購01  ,0,0,0,0,0,0,0,0,0,-20000,0,0,0,0,20000,-20000,-20000
064305,健鼎兆豐9C購02  ,0,0,0,0,0,0,0,0,0,-20000,0,0,0,0,20000,-20000,-20000
063250,同欣電元大9B購03,0,0,0,0,0,0,0,0,0,-20000,0,0,0,121000,141000,-20000,-20000
063283,華新科元大9C購03,0,0,0,0,0,0,0,0,0,-20000,0,0,0,0,20000,-20000,-20000
063477,訊芯元大9B購01  ,0,0,0,0,0,0,0,0,0,-20000,0,0,0,0,20000,-20000,-20000
062035,瑞祺群益9B購01  ,0,0,0,0,0,0,0,0,0,-20000,0,0,0,0,20000,-20000,-20000
062909,大立光元大9C購04,0,0,0,0,0,0,0,0,0,-20000,0,0,0,0,20000,-20000,-20000
062873,國巨兆豐9C購01  ,0,0,0,0,0,0,0,0,0,-20000,0,0,0,0,20000,-20000,-20000
064853,亞德客麥證9C購01,0,0,0,14000,34000,-20000,0,0,0,-20000,0,0,0,14000,34000,-20000,-20000
064937,英業達元富9C購01,0,0,0,0,0,0,0,0,0,-20000,0,0,0,67000,87000,-20000,-20000
065112,台表科國票02購01,0,0,0,0,0,0,0,0,0,-20000,0,0,0,0,20000,-20000,-20000
065118,國巨富邦01購02  ,0,0,0,0,0,0,0,0,0,-20000,0,0,0,55000,75000,-20000,-20000
065078,台積電元大02購01,0,0,0,0,0,0,0,0,0,-20000,0,0,0,0,20000,-20000,-20000
064947,台積電凱基01購08,0,0,0,0,0,0,0,0,0,-20000,0,0,0,0,20000,-20000,-20000
064998,T50反1國票02購01,0,0,0,0,0,0,0,0,0,-20000,0,0,0,0,20000,-20000,-20000
065531,聯電統一01購01  ,0,0,0,0,0,0,0,0,0,-20000,0,0,0,0,20000,-20000,-20000
066130,燿華群益01購03  ,0,0,0,0,0,0,0,0,0,-20000,0,0,0,0,20000,-20000,-20000
066194,美利達凱基01購01,0,0,0,0,0,0,0,0,0,-20000,0,0,0,8000,28000,-20000,-20000
066174,京鼎凱基01購01  ,0,0,0,0,0,0,0,0,0,-20000,0,0,0,0,20000,-20000,-20000
066005,國巨統一03購01  ,0,0,0,0,0,0,0,0,0,-20000,0,0,0,44000,64000,-20000,-20000
066001,景碩國票02購01  ,0,0,0,0,0,0,0,0,0,-20000,0,0,0,57000,77000,-20000,-20000
065944,大成鋼統一02購01,0,0,0,0,0,0,0,0,0,-20000,0,0,0,0,20000,-20000,-20000
066386,宏全康和01購01  ,0,0,0,0,0,0,0,0,0,-20000,0,0,0,92000,112000,-20000,-20000
066451,台郡群益01購01  ,0,0,0,0,0,0,0,0,0,-20000,0,0,0,0,20000,-20000,-20000
066499,台郡國泰02購01  ,0,0,0,0,0,0,0,0,0,-20000,0,0,0,0,20000,-20000,-20000
066231,友訊富邦02購01  ,0,0,0,0,0,0,0,0,0,-20000,0,0,0,0,20000,-20000,-20000
066296,昇陽半元大01購02,0,0,0,0,0,0,0,0,0,-20000,0,0,0,0,20000,-20000,-20000
066347,鎧勝永豐01購01  ,0,0,0,0,0,0,0,0,0,-20000,0,0,0,0,20000,-20000,-20000
066336,聯陽永豐01購01  ,0,0,0,0,0,0,0,0,0,-20000,0,0,0,2000,22000,-20000,-20000
067518,大立光台新01購03,0,0,0,0,0,0,0,0,0,-20000,0,0,0,0,20000,-20000,-20000
067443,國巨國票02購04  ,0,0,0,0,0,0,0,0,0,-20000,0,0,0,0,20000,-20000,-20000
066966,國巨元富07購07  ,0,0,0,0,0,0,0,0,0,-20000,0,0,0,5000,25000,-20000,-20000
08241P,微星中信06售01  ,0,0,0,0,0,0,0,0,0,-20000,0,0,0,0,20000,-20000,-20000
07667P,亞德客元大9A售05,0,0,0,0,0,0,0,0,0,-20000,0,0,0,0,20000,-20000,-20000
07612P,國巨國泰9B售06  ,0,0,0,0,0,0,0,0,0,-20000,0,0,0,180000,200000,-20000,-20000
07786P,南電中信9C售01  ,0,0,0,0,0,0,0,0,0,-20000,0,0,0,0,20000,-20000,-20000
07811P,華新科統一9A售02,0,0,0,0,0,0,0,0,0,-20000,0,0,0,15000,35000,-20000,-20000
08394P,大立光群益9C售05,0,0,0,0,0,0,0,0,0,-20000,0,0,0,0,20000,-20000,-20000
08473P,康控凱基9C售01  ,0,0,0,0,0,0,0,0,0,-20000,0,0,0,0,20000,-20000,-20000
08483P,金像電群益9C售02,0,0,0,0,0,0,0,0,0,-20000,0,0,0,30000,50000,-20000,-20000
08486P,富邦金群益9C售02,0,0,0,0,0,0,0,0,0,-20000,0,0,0,0,20000,-20000,-20000
2888A,新光金甲特      ,0,0,0,0,0,0,0,0,0,-20000,0,20000,-20000,0,0,0,-20000
2305,全友            ,197000,214000,-17000,0,0,0,0,0,0,-3000,0,3000,-3000,0,0,0,-20000
8473,山林水          ,1000,13000,-12000,0,0,0,0,0,0,-8000,0,8000,-8000,0,0,0,-20000
067599,台積電凱基01購14,0,0,0,0,0,0,0,0,0,-21000,0,0,0,0,21000,-21000,-21000
067986,亞德客元大01購04,0,0,0,0,0,0,0,0,0,-21000,0,0,0,0,21000,-21000,-21000
068101,奇力新永豐01購01,0,0,0,0,0,0,0,0,0,-21000,0,0,0,0,21000,-21000,-21000
068487,台積電元大01購46,0,0,0,0,0,0,0,0,0,-21000,0,0,0,457000,478000,-21000,-21000
069093,台積電統一04購08,0,0,0,0,0,0,0,0,0,-21000,0,0,0,0,21000,-21000,-21000
069941,景碩元富08購01  ,0,0,0,0,0,0,0,0,0,-21000,0,0,0,10000,31000,-21000,-21000
069640,臺指反中信04購01,0,0,0,0,0,0,0,0,0,-21000,0,0,0,0,21000,-21000,-21000
069539,聯電元大02購13  ,0,0,0,0,0,0,0,0,0,-21000,0,0,0,6000,27000,-21000,-21000
069543,台積電元大03購05,0,0,0,0,0,0,0,0,0,-21000,0,0,0,0,21000,-21000,-21000
056748,T50反1兆豐99購01,0,0,0,0,0,0,0,0,0,-21000,0,0,0,0,21000,-21000,-21000
03234P,技嘉元大02售01  ,0,0,0,0,0,0,0,0,0,-21000,0,0,0,190000,211000,-21000,-21000
03006P,華通永豐01售01  ,0,0,0,0,0,0,0,0,0,-21000,0,0,0,28000,49000,-21000,-21000
063504,國巨群益9C購06  ,0,0,0,0,0,0,0,0,0,-21000,0,0,0,19000,40000,-21000,-21000
058989,茂林凱基99購02  ,0,0,0,0,0,0,0,0,0,-21000,0,0,0,20000,41000,-21000,-21000
058138,晶相光元大9C購01,0,0,0,0,0,0,0,0,0,-21000,0,0,0,0,21000,-21000,-21000
058654,鴻海中信03購01  ,0,0,0,0,0,0,0,0,0,-21000,0,0,0,0,21000,-21000,-21000
059431,旺宏元大99購14  ,0,0,0,0,0,0,0,0,0,-21000,0,0,0,0,21000,-21000,-21000
064104,TPK群益9C購02   ,0,0,0,0,0,0,0,0,0,-21000,0,0,0,9000,30000,-21000,-21000
064011,嘉晶國票9C購01  ,0,0,0,0,0,0,0,0,0,-21000,0,0,0,104000,125000,-21000,-21000
061010,上銀麥證9A購02  ,0,0,0,0,21000,-21000,0,0,0,-21000,0,0,0,0,21000,-21000,-21000
061646,力成元大9A購02  ,0,0,0,0,0,0,0,0,0,-21000,0,0,0,0,21000,-21000,-21000
061651,世紀鋼元大9C購02,0,0,0,0,0,0,0,0,0,-21000,0,0,0,0,21000,-21000,-21000
062330,可成統一9B購03  ,0,0,0,0,0,0,0,0,0,-21000,0,0,0,0,21000,-21000,-21000
062385,玉晶光國泰01購01,0,0,0,0,0,0,0,0,0,-21000,0,0,0,89000,110000,-21000,-21000
064327,金寶元大01購01  ,0,0,0,0,0,0,0,0,0,-21000,0,0,0,33000,54000,-21000,-21000
061280,國巨統一9C購06  ,0,0,0,0,0,0,0,0,0,-21000,0,0,0,27000,48000,-21000,-21000
064429,鴻海凱基03購03  ,0,0,0,0,0,0,0,0,0,-21000,0,0,0,0,21000,-21000,-21000
066898,聯發科康和01購01,0,0,0,0,0,0,0,0,0,-21000,0,0,0,14000,35000,-21000,-21000
067557,可成國票01購01  ,0,0,0,0,0,0,0,0,0,-21000,0,0,0,33000,54000,-21000,-21000
066864,上証2X元富07購02,0,0,0,0,0,0,0,0,0,-21000,0,0,0,0,21000,-21000,-21000
066717,上証2X元大01購01,0,0,0,0,0,0,0,0,0,-21000,0,0,0,89000,110000,-21000,-21000
065776,鴻海國泰03購01  ,0,0,0,0,0,0,0,0,0,-21000,0,0,0,0,21000,-21000,-21000
065871,南亞科群益9C購03,0,0,0,0,0,0,0,0,0,-21000,0,0,0,10000,31000,-21000,-21000
2029,盛餘            ,6000,22000,-16000,0,0,0,0,0,0,-5000,0,5000,-5000,0,0,0,-21000
2433,互盛電          ,9000,28000,-19000,0,0,0,0,0,0,-2000,0,2000,-2000,0,0,0,-21000
08627P,臺股指群益9C售22,0,0,0,0,0,0,0,0,0,-21000,0,0,0,19000,40000,-21000,-21000
08564P,國巨群益9C售15  ,0,0,0,0,0,0,0,0,0,-21000,0,0,0,61000,82000,-21000,-21000
08286P,大立光凱基9C售04,0,0,0,0,0,0,0,0,0,-21000,0,0,0,0,21000,-21000,-21000
08363P,南亞科凱基01售01,0,0,0,0,0,0,0,0,0,-21000,0,0,0,3000,24000,-21000,-21000
069563,百和康和02購01  ,0,0,0,0,0,0,0,0,0,-22000,0,0,0,86000,108000,-22000,-22000
069147,聯鈞永豐02購01  ,0,0,0,0,0,0,0,0,0,-22000,0,0,0,11000,33000,-22000,-22000
069002,國巨兆豐03購01  ,0,0,0,0,0,0,0,0,0,-22000,0,0,0,10000,32000,-22000,-22000
068849,旺宏統一04購01  ,0,0,0,0,0,0,0,0,0,-22000,0,0,0,3000,25000,-22000,-22000
068692,為升凱基02購03  ,0,0,0,0,0,0,0,0,0,-22000,0,0,0,84000,106000,-22000,-22000
067718,鴻海凱基01購09  ,0,0,0,0,0,0,0,0,0,-22000,0,0,0,0,22000,-22000,-22000
067766,上銀統一02購02  ,0,0,0,0,0,0,0,0,0,-22000,0,0,0,118000,140000,-22000,-22000
067858,上証2X元大01購06,0,0,0,0,0,0,0,0,0,-22000,0,0,0,0,22000,-22000,-22000
059456,智易永豐99購01  ,0,0,0,0,0,0,0,0,0,-22000,0,0,0,5000,27000,-22000,-22000
060673,旺宏元大9A購04  ,0,0,0,0,0,0,0,0,0,-22000,0,0,0,0,22000,-22000,-22000
060618,玉晶光元大9A購02,0,0,0,0,0,0,0,0,0,-22000,0,0,0,29000,51000,-22000,-22000
059068,台虹國票9A購01  ,0,0,0,0,0,0,0,0,0,-22000,0,0,0,0,22000,-22000,-22000
063508,緯創群益9B購01  ,0,0,0,0,0,0,0,0,0,-22000,0,0,0,18000,40000,-22000,-22000
064157,健鼎統一01購02  ,0,0,0,0,0,0,0,0,0,-22000,0,0,0,25000,47000,-22000,-22000
061890,元金2X永豐9B購01,0,0,0,0,0,0,0,0,0,-22000,0,0,0,0,22000,-22000,-22000
060951,元黃金群益9A購01,0,0,0,0,0,0,0,0,0,-22000,0,0,0,4000,26000,-22000,-22000
020008,元大特股高息N   ,0,0,0,0,0,0,0,0,0,-22000,0,0,0,166000,188000,-22000,-22000
03135P,台灣50麥證01售03,0,0,0,0,22000,-22000,0,0,0,-22000,0,0,0,0,22000,-22000,-22000
056721,台灣50永昌9A購01,0,0,0,0,0,0,0,0,0,-22000,0,0,0,10000,32000,-22000,-22000
060305,得力永豐9A購01  ,0,0,0,0,0,0,0,0,0,-22000,0,0,0,1000,23000,-22000,-22000
061245,晶技群益9A購01  ,0,0,0,0,0,0,0,0,0,-22000,0,0,0,0,22000,-22000,-22000
062265,南茂元大9B購01  ,0,0,0,0,0,0,0,0,0,-22000,0,0,0,190000,212000,-22000,-22000
064693,玉晶光群益01購06,0,0,0,0,0,0,0,0,0,-22000,0,0,0,71000,93000,-22000,-22000
062352,南六群益9B購02  ,0,0,0,0,0,0,0,0,0,-22000,0,0,0,51000,73000,-22000,-22000
061764,旺宏元大9B購01  ,0,0,0,0,0,0,0,0,0,-22000,0,0,0,1000,23000,-22000,-22000
064060,同欣電麥證01購01,0,0,0,0,22000,-22000,0,0,0,-22000,0,0,0,0,22000,-22000,-22000
064209,燿華凱基01購01  ,0,0,0,0,0,0,0,0,0,-22000,0,0,0,40000,62000,-22000,-22000
063229,台表科群益9B購04,0,0,0,0,0,0,0,0,0,-22000,0,0,0,33000,55000,-22000,-22000
065721,中壽兆豐9C購01  ,0,0,0,0,0,0,0,0,0,-22000,0,0,0,0,22000,-22000,-22000
065696,旺宏群益9C購06  ,0,0,0,0,0,0,0,0,0,-22000,0,0,0,0,22000,-22000,-22000
066711,臺股指群益01購03,0,0,0,0,0,0,0,0,0,-22000,0,0,0,0,22000,-22000,-22000
066708,嘉澤群益02購01  ,0,0,0,0,0,0,0,0,0,-22000,0,0,0,5000,27000,-22000,-22000
066796,台積電凱基02購08,0,0,0,0,0,0,0,0,0,-22000,0,0,0,6000,28000,-22000,-22000
066227,惠特國泰03購02  ,0,0,0,0,0,0,0,0,0,-22000,0,0,0,28000,50000,-22000,-22000
08271P,華通元富9C售01  ,0,0,0,0,0,0,0,0,0,-22000,0,0,0,133000,155000,-22000,-22000
08127P,聯發科元大9B售21,0,0,0,0,0,0,0,0,0,-22000,0,0,0,10000,32000,-22000,-22000
07952P,富邦金元大9B售02,0,0,0,0,0,0,0,0,0,-22000,0,0,0,0,22000,-22000,-22000
07456P,華新科元大9A售06,0,0,0,0,0,0,0,0,0,-22000,0,0,0,0,22000,-22000,-22000
07489P,國巨國票9A售07  ,0,0,0,0,0,0,0,0,0,-22000,0,0,0,0,22000,-22000,-22000
1203,味王            ,2000,24000,-22000,0,0,0,0,0,0,0,0,0,0,0,0,0,-22000
2012,春雨            ,0,19000,-19000,0,0,0,0,0,0,-3000,0,3000,-3000,0,0,0,-22000
2415,錩新            ,9000,30000,-21000,0,0,0,0,0,0,-1000,0,1000,-1000,0,0,0,-22000
1446,宏和            ,6000,28000,-22000,0,0,0,0,0,0,0,0,0,0,0,0,0,-22000
6133,金橋            ,4000,26000,-22000,0,0,0,0,0,0,0,0,0,0,0,0,0,-22000
067790,台表科群益01購03,0,0,0,0,0,0,0,0,0,-23000,0,0,0,190000,213000,-23000,-23000
067693,滬深2X中信04購02,0,0,0,0,0,0,0,0,0,-23000,0,0,0,0,23000,-23000,-23000
068843,國巨統一03購05  ,0,0,0,0,0,0,0,0,0,-23000,0,0,0,0,23000,-23000,-23000
068372,聯電永豐01購01  ,0,0,0,0,0,0,0,0,0,-23000,0,0,0,102000,125000,-23000,-23000
069113,鴻海群益03購01  ,0,0,0,0,0,0,0,0,0,-23000,0,0,0,0,23000,-23000,-23000
069073,美利達中信03購02,0,0,0,0,0,0,0,0,0,-23000,0,0,0,0,23000,-23000,-23000
03481P,欣興群益02售08  ,0,0,0,0,0,0,0,0,0,-23000,0,0,0,45000,68000,-23000,-23000
056915,上銀兆豐99購01  ,0,0,0,0,0,0,0,0,0,-23000,0,0,0,0,23000,-23000,-23000
063134,裕隆統一01購01  ,0,0,0,0,0,0,0,0,0,-23000,0,0,0,29000,52000,-23000,-23000
063119,華通元大9B購07  ,0,0,0,0,0,0,0,0,0,-23000,0,0,0,0,23000,-23000,-23000
064208,智邦凱基02購01  ,0,0,0,0,0,0,0,0,0,-23000,0,0,0,33000,56000,-23000,-23000
063917,南六凱基02購01  ,0,0,0,0,0,0,0,0,0,-23000,0,0,0,24000,47000,-23000,-23000
063648,台表科元大9C購05,0,0,0,0,0,0,0,0,0,-23000,0,0,0,45000,68000,-23000,-23000
061754,晶技麥證9B購01  ,0,0,0,0,23000,-23000,0,0,0,-23000,0,0,0,0,23000,-23000,-23000
061607,台表科凱基9B購02,0,0,0,0,0,0,0,0,0,-23000,0,0,0,0,23000,-23000,-23000
061378,南六永豐9A購03  ,0,0,0,0,0,0,0,0,0,-23000,0,0,0,30000,53000,-23000,-23000
062393,智邦富邦9B購01  ,0,0,0,0,0,0,0,0,0,-23000,0,0,0,0,23000,-23000,-23000
060769,國巨麥證9A購02  ,0,0,0,5000,25000,-20000,0,0,0,-23000,0,0,0,7000,30000,-23000,-23000
064597,鴻海元富9C購03  ,0,0,0,0,0,0,0,0,0,-23000,0,0,0,0,23000,-23000,-23000
064352,嘉聯益元大9C購01,0,0,0,0,0,0,0,0,0,-23000,0,0,0,0,23000,-23000,-23000
066810,瀚宇博凱基02購01,0,0,0,0,0,0,0,0,0,-23000,0,0,0,11000,34000,-23000,-23000
066635,敦泰凱基01購01  ,0,0,0,0,0,0,0,0,0,-23000,0,0,0,104000,127000,-23000,-23000
065587,亞德客永豐9C購02,0,0,0,0,0,0,0,0,0,-23000,0,0,0,0,23000,-23000,-23000
065984,緯創富邦03購01  ,0,0,0,0,0,0,0,0,0,-23000,0,0,0,29000,52000,-23000,-23000
065001,中橡國票9C購01  ,0,0,0,0,0,0,0,0,0,-23000,0,0,0,0,23000,-23000,-23000
064858,鴻海富邦01購01  ,0,0,0,0,0,0,0,0,0,-23000,0,0,0,7000,30000,-23000,-23000
064766,矽創凱基9C購01  ,0,0,0,0,0,0,0,0,0,-23000,0,0,0,20000,43000,-23000,-23000
4737,華廣            ,2000,25000,-23000,0,0,0,0,0,0,0,0,0,0,0,0,0,-23000
2727,王品            ,141000,164000,-23000,0,0,0,0,0,0,0,0,0,0,0,0,0,-23000
08780P,聯發科群益02售06,0,0,0,0,0,0,0,0,0,-23000,0,0,0,10000,33000,-23000,-23000
08696P,臺股指群益01售01,0,0,0,0,0,0,0,0,0,-23000,0,0,0,70000,93000,-23000,-23000
08633P,聯發科元大9C售20,0,0,0,0,0,0,0,0,0,-23000,0,0,0,217000,240000,-23000,-23000
069535,瀚宇博群益03購01,0,0,0,0,0,0,0,0,0,-24000,0,0,0,42000,66000,-24000,-24000
069345,台勝科群益04購01,0,0,0,0,0,0,0,0,0,-24000,0,0,0,0,24000,-24000,-24000
069877,美利達兆豐04購01,0,0,0,0,0,0,0,0,0,-24000,0,0,0,0,24000,-24000,-24000
068158,緯創元大01購03  ,0,0,0,0,0,0,0,0,0,-24000,0,0,0,0,24000,-24000,-24000
059267,群創中信01購02  ,0,0,0,0,0,0,0,0,0,-24000,0,0,0,0,24000,-24000,-24000
064397,旭富永豐9C購01  ,0,0,0,0,0,0,0,0,0,-24000,0,0,0,0,24000,-24000,-24000
064642,裕隆凱基9C購01  ,0,0,0,0,0,0,0,0,0,-24000,0,0,0,0,24000,-24000,-24000
061233,國巨元大9A購17  ,0,0,0,0,0,0,0,0,0,-24000,0,0,0,0,24000,-24000,-24000
061125,億光永豐9A購01  ,0,0,0,0,0,0,0,0,0,-24000,0,0,0,45000,69000,-24000,-24000
062922,南六元大9B購03  ,0,0,0,0,0,0,0,0,0,-24000,0,0,0,2000,26000,-24000,-24000
063842,國巨元大9C購10  ,0,0,0,0,0,0,0,0,0,-24000,0,0,0,19000,43000,-24000,-24000
064082,緯創中信06購01  ,0,0,0,0,0,0,0,0,0,-24000,0,0,0,0,24000,-24000,-24000
064084,群創中信06購02  ,0,0,0,0,0,0,0,0,0,-24000,0,0,0,23000,47000,-24000,-24000
061991,牧德元大9C購01  ,0,0,0,0,0,0,0,0,0,-24000,0,0,0,100000,124000,-24000,-24000
064900,景碩群益01購01  ,0,0,0,0,0,0,0,0,0,-24000,0,0,0,0,24000,-24000,-24000
064988,志超元大9C購01  ,0,0,0,0,0,0,0,0,0,-24000,0,0,0,238000,262000,-24000,-24000
065212,瑞儀國票01購01  ,0,0,0,0,0,0,0,0,0,-24000,0,0,0,40000,64000,-24000,-24000
065307,矽格元富9C購01  ,0,0,0,0,0,0,0,0,0,-24000,0,0,0,50000,74000,-24000,-24000
065846,華新科元大03購01,0,0,0,0,0,0,0,0,0,-24000,0,0,0,51000,75000,-24000,-24000
066832,健策群益01購08  ,0,0,0,0,0,0,0,0,0,-24000,0,0,0,1000,25000,-24000,-24000
08297P,寶成元大9C售01  ,0,0,0,0,0,0,0,0,0,-24000,0,0,0,150000,174000,-24000,-24000
2722,夏都            ,9000,27000,-18000,0,0,0,0,0,0,-6000,0,6000,-6000,0,0,0,-24000
1414,東和            ,2000,24000,-22000,0,0,0,0,0,0,-2000,0,2000,-2000,0,0,0,-24000
1603,華電            ,2000,24000,-22000,0,0,0,0,0,0,-2000,0,2000,-2000,0,0,0,-24000
5484,慧友            ,0,33000,-33000,0,0,0,0,0,0,9000,9000,0,9000,0,0,0,-24000
5215,科嘉-KY         ,827000,666000,161000,0,0,0,0,145000,-145000,-40000,0,40000,-40000,0,0,0,-24000
6581,鋼聯            ,1000,25000,-24000,0,0,0,0,0,0,0,0,0,0,0,0,0,-24000
6281,全國電          ,1000,23000,-22000,0,0,0,0,0,0,-2000,0,2000,-2000,0,0,0,-24000
068098,同欣電富邦01購02,0,0,0,0,0,0,0,0,0,-25000,0,0,0,0,25000,-25000,-25000
067585,大毅群益01購02  ,0,0,0,0,0,0,0,0,0,-25000,0,0,0,0,25000,-25000,-25000
068247,宏碁元大01購03  ,0,0,0,0,0,0,0,0,0,-25000,0,0,0,0,25000,-25000,-25000
068830,台積電國泰05購01,0,0,0,0,0,0,0,0,0,-25000,0,0,0,12000,37000,-25000,-25000
068762,牧德永豐02購01  ,0,0,0,0,0,0,0,0,0,-25000,0,0,0,51000,76000,-25000,-25000
069672,聯電元大02購19  ,0,0,0,0,0,0,0,0,0,-25000,0,0,0,0,25000,-25000,-25000
07300P,臺股指元大9A售33,0,0,0,0,0,0,0,0,0,-25000,0,0,0,50000,75000,-25000,-25000
069056,南電元富08購01  ,0,0,0,0,0,0,0,0,0,-25000,0,0,0,0,25000,-25000,-25000
06898P,FBVIX群益9C售03 ,0,0,0,0,0,0,0,0,0,-25000,0,0,0,0,25000,-25000,-25000
068963,欣興群益02購03  ,0,0,0,0,0,0,0,0,0,-25000,0,0,0,18000,43000,-25000,-25000
057287,彩晶元大9C購03  ,0,0,0,0,0,0,0,0,0,-25000,0,0,0,63000,88000,-25000,-25000
057393,台積電中信02購01,0,0,0,0,0,0,0,0,0,-25000,0,0,0,6000,31000,-25000,-25000
060913,宏達電元大9A購03,0,0,0,0,0,0,0,0,0,-25000,0,0,0,0,25000,-25000,-25000
058973,麗豐永豐99購01  ,0,0,0,0,0,0,0,0,0,-25000,0,0,0,0,25000,-25000,-25000
058931,玉晶光統一9C購01,0,0,0,0,0,0,0,0,0,-25000,0,0,0,0,25000,-25000,-25000
03470P,欣興凱基02售10  ,0,0,0,0,0,0,0,0,0,-25000,0,0,0,41000,66000,-25000,-25000
060327,美律群益9A購02  ,0,0,0,0,0,0,0,0,0,-25000,0,0,0,5000,30000,-25000,-25000
059688,燿華永豐99購01  ,0,0,0,0,0,0,0,0,0,-25000,0,0,0,0,25000,-25000,-25000
03222P,為升凱基02售02  ,0,0,0,0,0,0,0,0,0,-25000,0,0,0,25000,50000,-25000,-25000
03011P,臺股指富邦01售01,0,0,0,0,0,0,0,0,0,-25000,0,0,0,0,25000,-25000,-25000
054158,國巨日盛99購01  ,0,0,0,0,0,0,0,0,0,-25000,0,0,0,0,25000,-25000,-25000
063272,GIS兆豐9C購01   ,0,0,0,0,0,0,0,0,0,-25000,0,0,0,0,25000,-25000,-25000
063261,康控富邦03購01  ,0,0,0,0,0,0,0,0,0,-25000,0,0,0,0,25000,-25000,-25000
063418,京元電凱基9B購03,0,0,0,0,0,0,0,0,0,-25000,0,0,0,68000,93000,-25000,-25000
064227,和碩國票01購01  ,0,0,0,0,0,0,0,0,0,-25000,0,0,0,3000,28000,-25000,-25000
063575,矽格元大9B購02  ,0,0,0,0,0,0,0,0,0,-25000,0,0,0,15000,40000,-25000,-25000
064056,GIS統一01購02   ,0,0,0,0,0,0,0,0,0,-25000,0,0,0,12000,37000,-25000,-25000
064016,南六國票01購01  ,0,0,0,0,0,0,0,0,0,-25000,0,0,0,0,25000,-25000,-25000
064030,泰碩元大01購01  ,0,0,0,0,0,0,0,0,0,-25000,0,0,0,5000,30000,-25000,-25000
061461,元金2X群益9A購01,0,0,0,0,0,0,0,0,0,-25000,0,0,0,0,25000,-25000,-25000
062105,國巨國票9C購03  ,0,0,0,0,0,0,0,0,0,-25000,0,0,0,0,25000,-25000,-25000
062398,建準永豐9B購01  ,0,0,0,0,0,0,0,0,0,-25000,0,0,0,35000,60000,-25000,-25000
062409,巨大永豐9B購02  ,0,0,0,0,0,0,0,0,0,-25000,0,0,0,0,25000,-25000,-25000
062698,台積電元大01購01,0,0,0,0,0,0,0,0,0,-25000,0,0,0,0,25000,-25000,-25000
064665,南亞科元大9C購06,0,0,0,0,0,0,0,0,0,-25000,0,0,0,0,25000,-25000,-25000
066667,群創凱基03購03  ,0,0,0,0,0,0,0,0,0,-25000,0,0,0,0,25000,-25000,-25000
066669,華擎凱基02購02  ,0,0,0,0,0,0,0,0,0,-25000,0,0,0,4000,29000,-25000,-25000
066337,聯陽永豐01購02  ,0,0,0,0,0,0,0,0,0,-25000,0,0,0,2000,27000,-25000,-25000
065650,旭富元大9C購07  ,0,0,0,0,0,0,0,0,0,-25000,0,0,0,10000,35000,-25000,-25000
065917,全新凱基02購01  ,0,0,0,0,0,0,0,0,0,-25000,0,0,0,10000,35000,-25000,-25000
066173,泰碩凱基02購01  ,0,0,0,0,0,0,0,0,0,-25000,0,0,0,0,25000,-25000,-25000
064966,FBVIX元大9C購03 ,0,0,0,0,0,0,0,0,0,-25000,0,0,0,10000,35000,-25000,-25000
06469P,臺股指凱基99售09,0,0,0,0,0,0,0,0,0,-25000,0,0,0,2000,27000,-25000,-25000
07585P,台灣50中信03售06,0,0,0,0,0,0,0,0,0,-25000,0,0,0,0,25000,-25000,-25000
08651P,台灣50群益02售05,0,0,0,0,0,0,0,0,0,-25000,0,0,0,3000,28000,-25000,-25000
08794P,台積電兆豐01售03,0,0,0,0,0,0,0,0,0,-25000,0,0,0,1106000,1131000,-25000,-25000
08739P,台郡凱基01售03  ,0,0,0,0,0,0,0,0,0,-25000,0,0,0,90000,115000,-25000,-25000
069000,亞德客兆豐03購01,0,0,0,0,0,0,0,0,0,-26000,0,0,0,0,26000,-26000,-26000
069046,國巨元富08購02  ,0,0,0,0,0,0,0,0,0,-26000,0,0,0,35000,61000,-26000,-26000
069719,台積電群益02購11,0,0,0,0,0,0,0,0,0,-26000,0,0,0,20000,46000,-26000,-26000
068856,台達電元富08購01,0,0,0,0,0,0,0,0,0,-26000,0,0,0,79000,105000,-26000,-26000
067812,國泰金凱基01購01,0,0,0,0,0,0,0,0,0,-26000,0,0,0,9000,35000,-26000,-26000
068211,樺漢凱基01購02  ,0,2000,-2000,0,0,0,0,0,0,-24000,0,0,0,207000,231000,-24000,-26000
058390,樺漢國票9A購01  ,0,0,0,0,0,0,0,0,0,-26000,0,0,0,8000,34000,-26000,-26000
056870,全新日盛9A購01  ,0,0,0,0,0,0,0,0,0,-26000,0,0,0,0,26000,-26000,-26000
058746,華通凱基9A購02  ,0,0,0,0,0,0,0,0,0,-26000,0,0,0,0,26000,-26000,-26000
062775,大成鋼元大9B購02,0,0,0,0,0,0,0,0,0,-26000,0,0,0,70000,96000,-26000,-26000
064464,台郡統一01購01  ,0,0,0,0,0,0,0,0,0,-26000,0,0,0,20000,46000,-26000,-26000
063116,大立光麥證9C購01,0,0,0,0,26000,-26000,0,0,0,-26000,0,0,0,0,26000,-26000,-26000
061247,玉晶光群益9A購09,0,0,0,0,0,0,0,0,0,-26000,0,0,0,16000,42000,-26000,-26000
062620,台表科元大9B購04,0,0,0,0,0,0,0,0,0,-26000,0,0,0,4000,30000,-26000,-26000
062140,元金2X國票9B購03,0,0,0,0,0,0,0,0,0,-26000,0,0,0,25000,51000,-26000,-26000
063747,國巨國票9C購06  ,0,0,0,0,0,0,0,0,0,-26000,0,0,0,0,26000,-26000,-26000
062355,華通元大9B購03  ,0,0,0,0,0,0,0,0,0,-26000,0,0,0,1000,27000,-26000,-26000
062936,鴻海凱基9B購07  ,0,0,0,0,0,0,0,0,0,-26000,0,0,0,0,26000,-26000,-26000
061808,聯發科統一01購02,0,0,0,0,0,0,0,0,0,-26000,0,0,0,23000,49000,-26000,-26000
063202,南亞科統一9C購02,0,0,0,0,0,0,0,0,0,-26000,0,0,0,0,26000,-26000,-26000
064223,日電貿國票01購01,0,0,0,0,0,0,0,0,0,-26000,0,0,0,0,26000,-26000,-26000
062889,可成群益9C購01  ,0,0,0,0,0,0,0,0,0,-26000,0,0,0,24000,50000,-26000,-26000
065265,景碩元大9C購02  ,0,0,0,0,0,0,0,0,0,-26000,0,0,0,24000,50000,-26000,-26000
066138,健策群益01購05  ,0,0,0,0,0,0,0,0,0,-26000,0,0,0,3000,29000,-26000,-26000
066078,南電凱基02購02  ,0,0,0,0,0,0,0,0,0,-26000,0,0,0,17000,43000,-26000,-26000
066490,創意元富07購01  ,0,0,0,0,0,0,0,0,0,-26000,0,0,0,10000,36000,-26000,-26000
067277,樺漢統一03購01  ,0,0,0,0,0,0,0,0,0,-26000,0,0,0,31000,57000,-26000,-26000
08823P,台灣50元大01售26,0,0,0,0,0,0,0,0,0,-26000,0,0,0,0,26000,-26000,-26000
08941P,臺股指中信04售04,0,0,0,0,0,0,0,0,0,-26000,0,0,0,5000,31000,-26000,-26000
08555P,超眾國票01售01  ,0,0,0,0,0,0,0,0,0,-26000,0,0,0,0,26000,-26000,-26000
08623P,健策群益01售04  ,0,0,0,0,0,0,0,0,0,-26000,0,0,0,107000,133000,-26000,-26000
08425P,世紀鋼元富9C售03,0,0,0,0,0,0,0,0,0,-26000,0,0,0,199000,225000,-26000,-26000
07757P,國巨國票9B售04  ,0,0,0,0,0,0,0,0,0,-26000,0,0,0,0,26000,-26000,-26000
8374,羅昇            ,11000,37000,-26000,0,0,0,0,0,0,0,0,0,0,0,0,0,-26000
9937,全國            ,1000,23000,-22000,0,0,0,0,0,0,-4000,0,4000,-4000,0,0,0,-26000
1409,新纖            ,1803000,1842000,-39000,0,0,0,0,0,0,13000,0,2000,-2000,15000,0,15000,-26000
2114,鑫永銓          ,1000,27000,-26000,0,0,0,0,0,0,0,0,0,0,0,0,0,-26000
2911,麗嬰房          ,11000,37000,-26000,0,0,0,0,0,0,0,0,0,0,0,0,0,-26000
3058,立德            ,1000,28000,-27000,0,0,0,0,0,0,1000,1000,0,1000,0,0,0,-26000
3149,正達            ,75000,101000,-26000,0,0,0,0,0,0,0,0,0,0,0,0,0,-26000
3543,州巧            ,1000,27000,-26000,0,0,0,0,0,0,0,0,0,0,0,0,0,-26000
068081,GIS凱基01購03   ,0,0,0,0,0,0,0,0,0,-27000,0,0,0,0,27000,-27000,-27000
068027,國巨元富07購11  ,0,0,0,0,0,0,0,0,0,-27000,0,0,0,0,27000,-27000,-27000
068685,台積電中信02購03,0,0,0,0,0,0,0,0,0,-27000,0,0,0,0,27000,-27000,-27000
069751,華碩中信03購01  ,0,0,0,0,0,0,0,0,0,-27000,0,0,0,34000,61000,-27000,-27000
070008,微星元大02購02  ,0,0,0,0,0,0,0,0,0,-27000,0,0,0,0,27000,-27000,-27000
069996,可成元富08購01  ,0,0,0,0,0,0,0,0,0,-27000,0,0,0,45000,72000,-27000,-27000
059524,FBVIX凱基9A購02 ,0,0,0,0,0,0,0,0,0,-27000,0,0,0,21000,48000,-27000,-27000
059920,宏達電元大99購07,0,0,0,0,0,0,0,0,0,-27000,0,0,0,67000,94000,-27000,-27000
03287P,台灣50元大02售08,0,0,0,0,0,0,0,0,0,-27000,0,0,0,0,27000,-27000,-27000
00736,國泰新興市場    ,0,0,0,0,0,0,0,0,0,-27000,0,0,0,101000,128000,-27000,-27000
063480,南六元大9C購01  ,0,0,0,0,0,0,0,0,0,-27000,0,0,0,12000,39000,-27000,-27000
064226,TPK國票01購01   ,0,0,0,0,0,0,0,0,0,-27000,0,0,0,0,27000,-27000,-27000
063143,嘉澤統一9B購02  ,0,0,0,0,0,0,0,0,0,-27000,0,0,0,0,27000,-27000,-27000
061565,滬深2X元大9A購08,0,0,0,0,0,0,0,0,0,-27000,0,0,0,25000,52000,-27000,-27000
060888,金像電統一9C購01,0,0,0,0,0,0,0,0,0,-27000,0,0,0,15000,42000,-27000,-27000
060722,矽格永豐9A購01  ,0,0,0,0,0,0,0,0,0,-27000,0,0,0,13000,40000,-27000,-27000
064432,台積電凱基9C購04,0,0,0,0,0,0,0,0,0,-27000,0,0,0,3000,30000,-27000,-27000
064708,帆宣永豐9C購01  ,0,0,0,0,0,0,0,0,0,-27000,0,0,0,0,27000,-27000,-27000
064682,嘉聯益兆豐01購01,0,0,0,0,0,0,0,0,0,-27000,0,0,0,10000,37000,-27000,-27000
066935,奇鋐國票02購02  ,0,0,0,0,0,0,0,0,0,-27000,0,0,0,1000,28000,-27000,-27000
067203,台達電元大01購03,0,0,0,0,0,0,0,0,0,-27000,0,0,0,2000,29000,-27000,-27000
066571,矽格元大01購02  ,0,0,0,0,0,0,0,0,0,-27000,0,0,0,5000,32000,-27000,-27000
066772,友達富邦03購01  ,0,0,0,0,0,0,0,0,0,-27000,0,0,0,0,27000,-27000,-27000
08432P,台勝科凱基9C售02,0,0,0,0,0,0,0,0,0,-27000,0,0,0,139000,166000,-27000,-27000
08934P,鴻海元大01售18  ,0,0,0,0,0,0,0,0,0,-27000,0,0,0,57000,84000,-27000,-27000
069478,臺指反元大05購05,0,0,0,0,0,0,0,0,0,-28000,0,0,0,0,28000,-28000,-28000
068309,聯詠國票03購01  ,0,0,0,0,0,0,0,0,0,-28000,0,0,0,130000,158000,-28000,-28000
068422,緯穎兆豐03購02  ,0,0,0,0,0,0,0,0,0,-28000,0,0,0,0,28000,-28000,-28000
067951,宏碁永豐01購02  ,0,0,0,0,0,0,0,0,0,-28000,0,0,0,19000,47000,-28000,-28000
068144,台積電元大01購33,0,0,0,0,0,0,0,0,0,-28000,0,0,0,10000,38000,-28000,-28000
068230,亞光元富04購01  ,0,0,0,0,0,0,0,0,0,-28000,0,0,0,92000,120000,-28000,-28000
067673,義隆元大01購06  ,0,0,0,0,0,0,0,0,0,-28000,0,0,0,154000,182000,-28000,-28000
03293P,和碩元大02售01  ,0,0,0,0,0,0,0,0,0,-28000,0,0,0,120000,148000,-28000,-28000
058299,同欣電凱基9A購01,0,0,0,0,0,0,0,0,0,-28000,0,0,0,2000,30000,-28000,-28000
061918,上銀凱基9B購02  ,0,0,0,0,0,0,0,0,0,-28000,0,0,0,2000,30000,-28000,-28000
063505,奇力新群益9B購03,0,0,0,0,0,0,0,0,0,-28000,0,0,0,2000,30000,-28000,-28000
058970,鴻海永豐99購02  ,0,0,0,0,0,0,0,0,0,-28000,0,0,0,0,28000,-28000,-28000
064639,聚陽凱基02購01  ,0,0,0,0,0,0,0,0,0,-28000,0,0,0,21000,49000,-28000,-28000
064492,技嘉元大9C購01  ,0,0,0,0,0,0,0,0,0,-28000,0,0,0,1000,29000,-28000,-28000
062080,奇力新元大9B購02,0,0,0,0,0,0,0,0,0,-28000,0,0,0,0,28000,-28000,-28000
064293,勤誠元大9C購01  ,0,0,0,0,0,0,0,0,0,-28000,0,0,0,10000,38000,-28000,-28000
062033,瀚宇博群益9B購01,0,0,0,0,0,0,0,0,0,-28000,0,0,0,0,28000,-28000,-28000
063246,嘉晶元大9C購01  ,0,0,0,0,0,0,0,0,0,-28000,0,0,0,48000,76000,-28000,-28000
066903,中興電凱基01購01,0,0,0,0,0,0,0,0,0,-28000,0,0,0,97000,125000,-28000,-28000
066112,智邦兆豐02購01  ,0,0,0,0,0,0,0,0,0,-28000,0,0,0,43000,71000,-28000,-28000
065982,T50反1國泰02購01,0,0,0,0,0,0,0,0,0,-28000,0,0,0,152000,180000,-28000,-28000
065980,中租元大02購01  ,0,0,0,0,0,0,0,0,0,-28000,0,0,0,80000,108000,-28000,-28000
065143,聯發科凱基9C購07,0,0,0,0,0,0,0,0,0,-28000,0,0,0,0,28000,-28000,-28000
065373,聯發科元大01購03,0,0,0,0,0,0,0,0,0,-28000,0,0,0,3000,31000,-28000,-28000
065399,新日興群益01購01,0,0,0,0,0,0,0,0,0,-28000,0,0,0,10000,38000,-28000,-28000
064908,世紀鋼群益01購02,0,0,0,0,0,0,0,0,0,-28000,0,0,0,46000,74000,-28000,-28000
08973P,聯發科群益01售08,0,0,0,0,0,0,0,0,0,-28000,0,0,0,0,28000,-28000,-28000
08747P,國巨元富07售06  ,0,0,0,0,0,0,0,0,0,-28000,0,0,0,0,28000,-28000,-28000
08464P,牧德永豐9C售02  ,0,0,0,0,0,0,0,0,0,-28000,0,0,0,711000,739000,-28000,-28000
08019P,緯穎國票9B售02  ,0,0,0,0,0,0,0,0,0,-28000,0,0,0,14000,42000,-28000,-28000
1817,凱撒衛          ,4000,31000,-27000,0,0,0,0,0,0,-1000,0,1000,-1000,0,0,0,-28000
068420,大立光兆豐01購03,0,0,0,0,0,0,0,0,0,-29000,0,0,0,0,29000,-29000,-29000
068468,聯電群益03購03  ,0,0,0,0,0,0,0,0,0,-29000,0,0,0,39000,68000,-29000,-29000
069505,可成永豐02購01  ,0,0,0,0,0,0,0,0,0,-29000,0,0,0,0,29000,-29000,-29000
06950P,鴻海統一9B售02  ,0,0,0,0,0,0,0,0,0,-29000,0,0,0,79000,108000,-29000,-29000
069003,台積電兆豐03購06,0,0,0,0,0,0,0,0,0,-29000,0,0,0,181000,210000,-29000,-29000
069664,訊芯兆豐03購01  ,0,0,0,0,0,0,0,0,0,-29000,0,0,0,0,29000,-29000,-29000
063510,台表科群益9C購01,0,0,0,0,0,0,0,0,0,-29000,0,0,0,0,29000,-29000,-29000
059173,矽力凱基99購01  ,0,0,0,0,0,0,0,0,0,-29000,0,0,0,14000,43000,-29000,-29000
060432,達方永豐9A購01  ,0,0,0,0,0,0,0,0,0,-29000,0,0,0,30000,59000,-29000,-29000
03360P,鴻海元大03售02  ,0,0,0,0,0,0,0,0,0,-29000,0,0,0,40000,69000,-29000,-29000
03295P,台積電統一02售12,0,0,0,0,0,0,0,0,0,-29000,0,0,0,0,29000,-29000,-29000
055521,S&P反1群益01購01,0,0,0,0,0,0,0,0,0,-29000,0,0,0,0,29000,-29000,-29000
055259,玉晶光統一9A購01,0,0,0,0,0,0,0,0,0,-29000,0,0,0,0,29000,-29000,-29000
063443,金像電統一01購02,0,0,0,0,0,0,0,0,0,-29000,0,0,0,0,29000,-29000,-29000
062066,元黃金元大9B購01,0,0,0,0,0,0,0,0,0,-29000,0,0,0,0,29000,-29000,-29000
062566,嘉晶中信9C購01  ,0,0,0,0,0,0,0,0,0,-29000,0,0,0,8000,37000,-29000,-29000
060759,南亞科元大9A購03,0,0,0,0,0,0,0,0,0,-29000,0,0,0,0,29000,-29000,-29000
064510,GIS元大01購01   ,0,0,0,0,0,0,0,0,0,-29000,0,0,0,25000,54000,-29000,-29000
064323,滬深2X元大9C購09,0,0,0,0,0,0,0,0,0,-29000,0,0,0,65000,94000,-29000,-29000
066094,元黃金中信03購01,0,0,0,0,0,0,0,0,0,-29000,0,0,0,56000,85000,-29000,-29000
066059,帆宣元大01購01  ,0,0,0,0,0,0,0,0,0,-29000,0,0,0,0,29000,-29000,-29000
066273,晶技元大01購02  ,0,0,0,0,0,0,0,0,0,-29000,0,0,0,0,29000,-29000,-29000
1582,信錦            ,391000,415000,-24000,0,0,0,0,0,0,-5000,2000,2000,0,0,5000,-5000,-29000
2597,潤弘            ,8000,37000,-29000,0,0,0,0,0,0,0,0,0,0,0,0,0,-29000
069667,A50正2元大03購02,0,0,0,0,0,0,0,0,0,-30000,0,0,0,0,30000,-30000,-30000
069635,玉晶光元富08購01,0,0,0,0,0,0,0,0,0,-30000,0,0,0,0,30000,-30000,-30000
069549,聯發科元大02購20,0,0,0,0,0,0,0,0,0,-30000,0,0,0,0,30000,-30000,-30000
069613,華通統一03購01  ,0,0,0,0,0,0,0,0,0,-30000,0,0,0,0,30000,-30000,-30000
069827,臺指反元富05購01,0,0,0,0,0,0,0,0,0,-30000,0,0,0,0,30000,-30000,-30000
069983,奇鋐凱基03購02  ,0,0,0,0,0,0,0,0,0,-30000,0,0,0,80000,110000,-30000,-30000
069112,道瓊反群益02購01,0,0,0,0,0,0,0,0,0,-30000,0,0,0,0,30000,-30000,-30000
069530,亞德客群益03購01,0,0,0,0,0,0,0,0,0,-30000,0,0,0,0,30000,-30000,-30000
069342,禾伸堂群益02購01,0,0,0,0,0,0,0,0,0,-30000,0,0,0,0,30000,-30000,-30000
068474,義隆群益01購05  ,0,0,0,0,0,0,0,0,0,-30000,0,0,0,120000,150000,-30000,-30000
068324,台積電元大01購43,0,0,0,0,0,0,0,0,0,-30000,0,0,0,493000,523000,-30000,-30000
068700,瑞儀凱基03購01  ,0,0,0,0,0,0,0,0,0,-30000,0,0,0,0,30000,-30000,-30000
068848,台積電統一06購02,0,0,0,0,0,0,0,0,0,-30000,0,0,0,0,30000,-30000,-30000
067809,聯發科凱基01購17,0,0,0,0,0,0,0,0,0,-30000,0,0,0,5000,35000,-30000,-30000
067810,聯發科凱基02購06,0,0,0,0,0,0,0,0,0,-30000,0,0,0,95000,125000,-30000,-30000
067970,玉晶光群益02購20,0,0,0,0,0,0,0,0,0,-30000,0,0,0,33000,63000,-30000,-30000
055399,超眾統一99購01  ,0,0,0,0,0,0,0,0,0,-30000,0,0,0,0,30000,-30000,-30000
055425,聚陽群益99購01  ,0,0,0,0,0,0,0,0,0,-30000,0,0,0,0,30000,-30000,-30000
054962,玉晶光元大99購02,0,0,0,0,0,0,0,0,0,-30000,0,0,0,0,30000,-30000,-30000
052130,國巨凱基9B購01  ,0,0,0,0,0,0,0,0,0,-30000,0,0,0,0,30000,-30000,-30000
03104P,大立光元富04售01,0,0,0,0,0,0,0,0,0,-30000,0,0,0,0,30000,-30000,-30000
03029X,元展26          ,0,0,0,0,0,0,0,0,0,-30000,0,0,0,0,30000,-30000,-30000
03132P,玉晶光台新01售01,0,0,0,0,0,0,0,0,0,-30000,0,0,0,10000,40000,-30000,-30000
03254P,台積電國泰03售09,0,0,0,0,0,0,0,0,0,-30000,0,0,0,86000,116000,-30000,-30000
056325,群創兆豐9A購01  ,0,0,0,0,0,0,0,0,0,-30000,0,0,0,0,30000,-30000,-30000
03349P,台灣50麥證02售04,0,0,0,0,30000,-30000,0,0,0,-30000,0,0,0,0,30000,-30000,-30000
03575P,台灣50元富05售01,0,0,0,0,0,0,0,0,0,-30000,0,0,0,0,30000,-30000,-30000
058410,國巨兆豐99購03  ,0,0,0,0,0,0,0,0,0,-30000,0,0,0,600000,630000,-30000,-30000
059844,大立光富邦9C購04,0,0,0,0,0,0,0,0,0,-30000,0,0,0,10000,40000,-30000,-30000
060409,味全永豐9A購01  ,0,0,0,0,0,0,0,0,0,-30000,0,0,0,0,30000,-30000,-30000
059127,國巨中信99購04  ,0,0,0,0,0,0,0,0,0,-30000,0,0,0,0,30000,-30000,-30000
059103,旭富元富99購03  ,0,0,0,0,0,0,0,0,0,-30000,0,0,0,0,30000,-30000,-30000
059543,可成亞東99購02  ,0,0,0,0,0,0,0,0,0,-30000,0,0,0,0,30000,-30000,-30000
058546,玉晶光富邦9B購01,0,0,0,0,0,0,0,0,0,-30000,0,0,0,0,30000,-30000,-30000
060630,國巨富邦9C購03  ,0,0,0,0,0,0,0,0,0,-30000,0,0,0,0,30000,-30000,-30000
060622,玉晶光元大9B購02,0,0,0,0,0,0,0,0,0,-30000,0,0,0,1000,31000,-30000,-30000
061286,大立光統一9A購05,0,0,0,0,0,0,0,0,0,-30000,0,0,0,0,30000,-30000,-30000
063109,T50反1兆豐9B購01,0,0,0,0,0,0,0,0,0,-30000,0,0,0,0,30000,-30000,-30000
062178,上銀元大9B購03  ,0,0,0,0,0,0,0,0,0,-30000,0,0,0,0,30000,-30000,-30000
064661,鴻海元大01購02  ,0,0,0,0,0,0,0,0,0,-30000,0,0,0,0,30000,-30000,-30000
064722,大立光統一02購03,0,0,0,0,0,0,0,0,0,-30000,0,0,0,0,30000,-30000,-30000
062588,國巨統一9B購14  ,0,0,0,0,0,0,0,0,0,-30000,0,0,0,0,30000,-30000,-30000
062476,神隆國票9B購01  ,0,0,0,0,0,0,0,0,0,-30000,0,0,0,17000,47000,-30000,-30000
062415,聯茂中信9C購01  ,0,0,0,0,0,0,0,0,0,-30000,0,0,0,0,30000,-30000,-30000
062131,臺指反群益9B購03,0,0,0,0,0,0,0,0,0,-30000,0,0,0,0,30000,-30000,-30000
062091,世紀鋼元大9B購01,0,0,0,0,0,0,0,0,0,-30000,0,0,0,52000,82000,-30000,-30000
062975,京鼎元富9B購01  ,0,0,0,0,0,0,0,0,0,-30000,0,0,0,0,30000,-30000,-30000
063260,信邦富邦9B購01  ,0,0,0,0,0,0,0,0,0,-30000,0,0,0,0,30000,-30000,-30000
063288,泰鼎元大9B購02  ,0,0,0,0,0,0,0,0,0,-30000,0,0,0,6000,36000,-30000,-30000
063289,台表科元大9B購07,0,0,0,0,0,0,0,0,0,-30000,0,0,0,0,30000,-30000,-30000
063172,廣達中信9C購01  ,0,0,0,0,0,0,0,0,0,-30000,0,0,0,272000,302000,-30000,-30000
061596,健策永豐9A購03  ,0,0,0,0,0,0,0,0,0,-30000,0,0,0,2000,32000,-30000,-30000
061590,金寶永豐9A購01  ,0,0,0,0,0,0,0,0,0,-30000,0,0,0,0,30000,-30000,-30000
064046,聯發科統一9C購12,0,0,0,0,0,0,0,0,0,-30000,0,0,0,0,30000,-30000,-30000
063930,高鐵統一02購02  ,0,0,0,0,0,0,0,0,0,-30000,0,0,0,0,30000,-30000,-30000
063679,群創國泰01購01  ,0,0,0,0,0,0,0,0,0,-30000,0,0,0,0,30000,-30000,-30000
066222,生達國泰02購01  ,0,0,0,0,0,0,0,0,0,-30000,0,0,0,1000,31000,-30000,-30000
066758,智邦永豐01購01  ,0,0,0,0,0,0,0,0,0,-30000,0,0,0,5000,35000,-30000,-30000
066813,亞德客兆豐01購01,0,0,0,0,0,0,0,0,0,-30000,0,0,0,0,30000,-30000,-30000
066850,鎧勝元大01購03  ,0,0,0,0,0,0,0,0,0,-30000,0,0,0,0,30000,-30000,-30000
066608,國巨麥證01購03  ,0,0,0,0,30000,-30000,0,0,0,-30000,0,0,0,0,30000,-30000,-30000
066911,牧德凱基02購01  ,0,0,0,0,0,0,0,0,0,-30000,0,0,0,100000,130000,-30000,-30000
067015,義隆富邦04購01  ,0,0,0,0,0,0,0,0,0,-30000,0,0,0,2000,32000,-30000,-30000
067166,華通麥證01購01  ,0,0,0,71000,30000,41000,0,0,0,-30000,0,0,0,71000,101000,-30000,-30000
067140,鎧勝永豐01購02  ,0,0,0,0,0,0,0,0,0,-30000,0,0,0,0,30000,-30000,-30000
067108,大毅群益01購01  ,0,0,0,0,0,0,0,0,0,-30000,0,0,0,0,30000,-30000,-30000
067510,嘉澤統一03購01  ,0,0,0,0,0,0,0,0,0,-30000,0,0,0,0,30000,-30000,-30000
067447,台積電國票02購04,0,0,0,0,0,0,0,0,0,-30000,0,0,0,10000,40000,-30000,-30000
066103,神基國票02購01  ,0,0,0,0,0,0,0,0,0,-30000,0,0,0,0,30000,-30000,-30000
065953,宏達電統一03購01,0,0,0,0,0,0,0,0,0,-30000,0,0,0,0,30000,-30000,-30000
065538,健鼎統一9C購01  ,0,0,0,0,0,0,0,0,0,-30000,0,0,0,2000,32000,-30000,-30000
064933,矽創統一01購01  ,0,0,0,0,0,0,0,0,0,-30000,0,0,0,30000,60000,-30000,-30000
3413,京鼎            ,1332000,720000,612000,0,0,0,0,594000,-594000,-48000,87000,45000,42000,10000,100000,-90000,-30000
1316,上曜            ,135000,165000,-30000,0,0,0,0,0,0,0,0,0,0,0,0,0,-30000
4572,駐龍            ,2000,32000,-30000,0,0,0,0,0,0,0,0,0,0,0,0,0,-30000
08013P,台灣50凱基9C售09,0,0,0,0,0,0,0,0,0,-30000,0,0,0,0,30000,-30000,-30000
08281P,國巨群益9C售08  ,0,0,0,0,0,0,0,0,0,-30000,0,0,0,0,30000,-30000,-30000
07428P,華新科國票9A售01,0,0,0,0,0,0,0,0,0,-30000,0,0,0,0,30000,-30000,-30000
07368P,國巨凱基99售19  ,0,0,0,0,0,0,0,0,0,-30000,0,0,0,20000,50000,-30000,-30000
08477P,臺股指凱基9C售15,0,0,0,0,0,0,0,0,0,-30000,0,0,0,0,30000,-30000,-30000
068879,TPK凱基02購03   ,0,0,0,0,0,0,0,0,0,-31000,0,0,0,34000,65000,-31000,-31000
068567,聯發科元大01購32,0,0,0,0,0,0,0,0,0,-31000,0,0,0,78000,109000,-31000,-31000
068322,國巨元大03購02  ,0,0,0,0,0,0,0,0,0,-31000,0,0,0,5000,36000,-31000,-31000
068259,台灣50富邦03購04,0,0,0,0,0,0,0,0,0,-31000,0,0,0,1000,32000,-31000,-31000
068421,GIS兆豐01購02   ,0,0,0,0,0,0,0,0,0,-31000,0,0,0,29000,60000,-31000,-31000
069467,泰碩國票03購01  ,0,0,0,0,0,0,0,0,0,-31000,0,0,0,120000,151000,-31000,-31000
069174,南六元大02購02  ,0,0,0,0,0,0,0,0,0,-31000,0,0,0,0,31000,-31000,-31000
069697,台積電元富08購17,0,0,0,0,0,0,0,0,0,-31000,0,0,0,86000,117000,-31000,-31000
060599,國巨凱基9C購01  ,0,0,0,0,0,0,0,0,0,-31000,0,0,0,111000,142000,-31000,-31000
060489,世紀鋼群益9A購01,0,0,0,0,0,0,0,0,0,-31000,0,0,0,103000,134000,-31000,-31000
059344,長榮航凱基99購01,0,0,0,0,0,0,0,0,0,-31000,0,0,0,0,31000,-31000,-31000
058205,神達凱基9B購01  ,0,0,0,0,0,0,0,0,0,-31000,0,0,0,0,31000,-31000,-31000
059708,立積凱基9A購02  ,0,0,0,0,0,0,0,0,0,-31000,0,0,0,1000,32000,-31000,-31000
063691,聯鈞永豐9B購01  ,0,0,0,0,0,0,0,0,0,-31000,0,0,0,9000,40000,-31000,-31000
063926,南亞科統一03購01,0,0,0,0,0,0,0,0,0,-31000,0,0,0,2000,33000,-31000,-31000
064295,聚陽國票01購01  ,0,0,0,0,0,0,0,0,0,-31000,0,0,0,0,31000,-31000,-31000
062831,嘉澤群益9B購01  ,0,0,0,0,0,0,0,0,0,-31000,0,0,0,18000,49000,-31000,-31000
062072,國巨元大9B購05  ,0,0,0,0,0,0,0,0,0,-31000,0,0,0,138000,169000,-31000,-31000
062695,華通元大9C購01  ,0,0,0,0,0,0,0,0,0,-31000,0,0,0,12000,43000,-31000,-31000
063763,上銀元富9B購07  ,0,0,0,0,0,0,0,0,0,-31000,0,0,0,36000,67000,-31000,-31000
064330,燿華元大9C購02  ,0,0,0,0,0,0,0,0,0,-31000,0,0,0,0,31000,-31000,-31000
065041,金像電凱基02購02,0,0,0,0,0,0,0,0,0,-31000,0,0,0,0,31000,-31000,-31000
065478,緯創元大9C購03  ,0,0,0,0,0,0,0,0,0,-31000,0,0,0,126000,157000,-31000,-31000
065571,神基群益01購01  ,0,0,0,0,0,0,0,0,0,-31000,0,0,0,0,31000,-31000,-31000
067548,亞德客中信03購01,0,0,0,0,0,0,0,0,0,-31000,0,0,0,5000,36000,-31000,-31000
067350,鴻海群益02購02  ,0,0,0,0,0,0,0,0,0,-31000,0,0,0,0,31000,-31000,-31000
066313,泰豐永豐01購01  ,0,0,0,0,0,0,0,0,0,-31000,0,0,0,0,31000,-31000,-31000
08715P,創意元富07售02  ,0,0,0,0,0,0,0,0,0,-31000,0,0,0,234000,265000,-31000,-31000
07708P,玉晶光元大9A售13,0,0,0,0,0,0,0,0,0,-31000,0,0,0,1000,32000,-31000,-31000
6128,上福            ,0,31000,-31000,0,0,0,0,0,0,0,0,0,0,0,0,0,-31000
1615,大山            ,15000,46000,-31000,0,0,0,0,0,0,0,0,0,0,0,0,0,-31000
2460,建通            ,13000,39000,-26000,0,0,0,0,0,0,-5000,0,5000,-5000,0,0,0,-31000
069181,上銀麥證02購01  ,0,0,0,96000,128000,-32000,0,0,0,-32000,0,0,0,96000,128000,-32000,-32000
069278,晶技永豐02購02  ,0,0,0,0,0,0,0,0,0,-32000,0,0,0,0,32000,-32000,-32000
068508,世紀鋼元大01購05,0,0,0,0,0,0,0,0,0,-32000,0,0,0,156000,188000,-32000,-32000
068635,台積電凱基03購09,0,0,0,0,0,0,0,0,0,-32000,0,0,0,50000,82000,-32000,-32000
068764,台積電統一02購09,0,0,0,0,0,0,0,0,0,-32000,0,0,0,5000,37000,-32000,-32000
067658,矽格元富04購01  ,0,0,0,0,0,0,0,0,0,-32000,0,0,0,0,32000,-32000,-32000
060153,A50正2永豐9A購01,0,0,0,0,0,0,0,0,0,-32000,0,0,0,0,32000,-32000,-32000
064193,華新群益9C購01  ,0,0,0,0,0,0,0,0,0,-32000,0,0,0,2000,34000,-32000,-32000
063083,聯發科凱基01購02,0,0,0,0,0,0,0,0,0,-32000,0,0,0,28000,60000,-32000,-32000
064467,南亞科元富9C購02,0,0,0,0,0,0,0,0,0,-32000,0,0,0,174000,206000,-32000,-32000
062642,帆宣國票9B購01  ,0,0,0,0,0,0,0,0,0,-32000,0,0,0,0,32000,-32000,-32000
062087,瑞祺元大9B購02  ,0,0,0,0,0,0,0,0,0,-32000,0,0,0,0,32000,-32000,-32000
061996,矽格元大9B購01  ,0,0,0,0,0,0,0,0,0,-32000,0,0,0,8000,40000,-32000,-32000
063352,上銀元富9B購02  ,0,0,0,0,0,0,0,0,0,-32000,0,0,0,10000,42000,-32000,-32000
063999,日月光兆豐9C購01,0,0,0,0,0,0,0,0,0,-32000,0,0,0,1000,33000,-32000,-32000
063901,緯穎群益9C購01  ,0,0,0,0,0,0,0,0,0,-32000,0,0,0,75000,107000,-32000,-32000
061577,泰碩元大9A購03  ,0,0,0,0,0,0,0,0,0,-32000,0,0,0,1000,33000,-32000,-32000
067313,欣興元大03購01  ,0,0,0,0,0,0,0,0,0,-32000,0,0,0,22000,54000,-32000,-32000
067544,超眾群益03購01  ,0,0,0,0,0,0,0,0,0,-32000,0,0,0,30000,62000,-32000,-32000
067502,聚陽統一02購04  ,0,0,0,0,0,0,0,0,0,-32000,0,0,0,147000,179000,-32000,-32000
067205,台積電元大01購22,0,0,0,0,0,0,0,0,0,-32000,0,0,0,5000,37000,-32000,-32000
066926,聚陽國票02購01  ,0,0,0,0,0,0,0,0,0,-32000,0,0,0,0,32000,-32000,-32000
065378,嘉澤元大01購01  ,0,0,0,0,0,0,0,0,0,-32000,0,0,0,3000,35000,-32000,-32000
065141,國巨凱基9C購10  ,0,0,0,0,0,0,0,0,0,-32000,0,0,0,25000,57000,-32000,-32000
065008,TPK國票01購02   ,0,0,0,0,0,0,0,0,0,-32000,0,0,0,1000,33000,-32000,-32000
2462,良得電          ,0,32000,-32000,0,0,0,0,0,0,0,0,0,0,0,0,0,-32000
1618,合機            ,62000,103000,-41000,0,0,0,0,0,0,9000,12000,3000,9000,0,0,0,-32000
9942,茂順            ,0,31000,-31000,0,0,0,0,0,0,-1000,0,1000,-1000,0,0,0,-32000
07870P,鴻海群益9B售01  ,0,0,0,0,0,0,0,0,0,-32000,0,0,0,0,32000,-32000,-32000
067646,元金2X元富01購01,0,0,0,0,0,0,0,0,0,-33000,0,0,0,0,33000,-33000,-33000
067820,和碩凱基01購01  ,0,0,0,0,0,0,0,0,0,-33000,0,0,0,28000,61000,-33000,-33000
068777,台積電元富08購02,0,0,0,0,0,0,0,0,0,-33000,0,0,0,15000,48000,-33000,-33000
069287,大立光國泰04購03,0,0,0,0,0,0,0,0,0,-33000,0,0,0,444000,477000,-33000,-33000
069502,永光永豐02購01  ,0,0,0,0,0,0,0,0,0,-33000,0,0,0,0,33000,-33000,-33000
069008,大立光兆豐03購01,0,0,0,0,0,0,0,0,0,-33000,0,0,0,0,33000,-33000,-33000
069717,FBVIX群益02購01 ,0,0,0,0,0,0,0,0,0,-33000,0,0,0,0,33000,-33000,-33000
058955,台積電國票9A購04,0,0,0,0,0,0,0,0,0,-33000,0,0,0,375000,408000,-33000,-33000
060158,廣達永豐9A購01  ,0,0,0,0,0,0,0,0,0,-33000,0,0,0,11000,44000,-33000,-33000
057443,臺股指統一99購04,0,0,0,0,0,0,0,0,0,-33000,0,0,0,4000,37000,-33000,-33000
057605,旺宏統一99購03  ,0,0,0,0,0,0,0,0,0,-33000,0,0,0,0,33000,-33000,-33000
03494P,國產康和02售01  ,0,0,0,0,0,0,0,0,0,-33000,0,0,0,0,33000,-33000,-33000
00685L,群益臺灣加權正2 ,0,0,0,0,0,0,0,0,0,-33000,0,0,0,17000,50000,-33000,-33000
03098P,大立光凱基01售10,0,0,0,0,0,0,0,0,0,-33000,0,0,0,0,33000,-33000,-33000
063919,大立光元富03購01,0,0,0,0,0,0,0,0,0,-33000,0,0,0,0,33000,-33000,-33000
063330,神達國票9C購01  ,0,0,0,0,0,0,0,0,0,-33000,0,0,0,0,33000,-33000,-33000
063459,華通元大9B購08  ,0,0,0,0,0,0,0,0,0,-33000,0,0,0,2000,35000,-33000,-33000
063717,宏達電兆豐9B購02,0,0,0,0,0,0,0,0,0,-33000,0,0,0,0,33000,-33000,-33000
064620,大立光元大01購03,0,0,0,0,0,0,0,0,0,-33000,0,0,0,0,33000,-33000,-33000
064448,裕隆統一02購01  ,0,0,0,0,0,0,0,0,0,-33000,0,0,0,27000,60000,-33000,-33000
063086,祥碩凱基9C購01  ,0,0,0,0,0,0,0,0,0,-33000,0,0,0,14000,47000,-33000,-33000
063094,玉晶光國票01購03,0,0,0,0,0,0,0,0,0,-33000,0,0,0,0,33000,-33000,-33000
065192,臺股指統一9C購03,0,0,0,0,0,0,0,0,0,-33000,0,0,0,0,33000,-33000,-33000
065443,智邦統一9C購03  ,0,0,0,0,0,0,0,0,0,-33000,0,0,0,0,33000,-33000,-33000
065771,道瓊反國票01購01,0,0,0,0,0,0,0,0,0,-33000,0,0,0,0,33000,-33000,-33000
065978,臻鼎元大02購01  ,0,0,0,0,0,0,0,0,0,-33000,0,0,0,261000,294000,-33000,-33000
067515,美利達統一03購03,0,0,0,0,0,0,0,0,0,-33000,0,0,0,192000,225000,-33000,-33000
067425,京元電凱基01購01,0,0,0,0,0,0,0,0,0,-33000,0,0,0,1000,34000,-33000,-33000
067434,日月光凱基01購01,0,0,0,0,0,0,0,0,0,-33000,0,0,0,5000,38000,-33000,-33000
066791,牧德康和01購01  ,0,0,0,0,0,0,0,0,0,-33000,0,0,0,35000,68000,-33000,-33000
08436P,TPK群益9C售04   ,0,0,0,0,0,0,0,0,0,-33000,0,0,0,59000,92000,-33000,-33000
6152,百一            ,8000,42000,-34000,0,0,0,0,0,0,1000,1000,0,1000,0,0,0,-33000
5007,三星            ,5000,36000,-31000,0,0,0,0,0,0,-2000,0,2000,-2000,0,0,0,-33000
4141,龍燈-KY         ,53000,86000,-33000,0,0,0,0,0,0,0,0,0,0,0,0,0,-33000
1503,士電            ,107000,116000,-9000,0,0,0,0,0,0,-24000,0,24000,-24000,0,0,0,-33000
2007,燁興            ,0,31000,-31000,0,0,0,0,0,0,-2000,0,2000,-2000,0,0,0,-33000
2227,裕日車          ,17000,50000,-33000,0,0,0,0,0,0,0,0,0,0,0,0,0,-33000
068603,京元電凱基03購01,0,0,0,0,0,0,0,0,0,-34000,0,0,0,186000,220000,-34000,-34000
068566,聯發科元大01購31,0,0,0,0,0,0,0,0,0,-34000,0,0,0,39000,73000,-34000,-34000
03075P,泰碩國泰03售01  ,0,0,0,0,0,0,0,0,0,-34000,0,0,0,116000,150000,-34000,-34000
055652,聯詠元富01購01  ,0,0,0,0,0,0,0,0,0,-34000,0,0,0,37000,71000,-34000,-34000
057658,玉晶光兆豐99購02,0,0,0,0,0,0,0,0,0,-34000,0,0,0,2000,36000,-34000,-34000
059348,日月光凱基99購01,0,0,0,0,0,0,0,0,0,-34000,0,0,0,10000,44000,-34000,-34000
058012,鈺齊國票99購01  ,0,0,0,0,0,0,0,0,0,-34000,0,0,0,237000,271000,-34000,-34000
062269,葡萄王群益9B購01,0,0,0,0,0,0,0,0,0,-34000,0,0,0,20000,54000,-34000,-34000
064535,國產國票01購01  ,0,0,0,0,0,0,0,0,0,-34000,0,0,0,40000,74000,-34000,-34000
063724,亞德客元大9B購03,0,0,0,0,0,0,0,0,0,-34000,0,0,0,6000,40000,-34000,-34000
060885,世紀鋼中信9A購01,0,0,0,0,0,0,0,0,0,-34000,0,0,0,23000,57000,-34000,-34000
062145,億光國票9B購01  ,0,0,0,0,0,0,0,0,0,-34000,0,0,0,7000,41000,-34000,-34000
063677,台光電國泰9C購02,0,0,0,0,0,0,0,0,0,-34000,0,0,0,135000,169000,-34000,-34000
061725,國巨麥證9A購05  ,0,0,0,5000,35000,-30000,0,0,0,-34000,0,0,0,6000,40000,-34000,-34000
067238,大立光群益02購03,0,0,0,0,0,0,0,0,0,-34000,0,0,0,7000,41000,-34000,-34000
066976,台達電群益01購01,0,0,0,0,0,0,0,0,0,-34000,0,0,0,11000,45000,-34000,-34000
065717,創意中信9C購02  ,0,0,0,0,0,0,0,0,0,-34000,0,0,0,27000,61000,-34000,-34000
065736,同欣電凱基9C購05,0,0,0,0,0,0,0,0,0,-34000,0,0,0,30000,64000,-34000,-34000
065495,上銀富邦01購02  ,0,0,0,0,0,0,0,0,0,-34000,0,0,0,153000,187000,-34000,-34000
065338,旺宏統一01購07  ,0,0,0,0,0,0,0,0,0,-34000,0,0,0,0,34000,-34000,-34000
2109,華豐            ,21000,55000,-34000,0,0,0,0,0,0,0,0,0,0,0,0,0,-34000
2471,資通            ,86000,118000,-32000,0,0,0,0,0,0,-2000,0,2000,-2000,0,0,0,-34000
08276P,可成元富9C售02  ,0,20000,-20000,0,0,0,0,0,0,-14000,0,0,0,39000,53000,-14000,-34000
067931,旺宏凱基01購05  ,0,0,0,0,0,0,0,0,0,-35000,0,0,0,87000,122000,-35000,-35000
068186,GIS群益01購03   ,0,0,0,0,0,0,0,0,0,-35000,0,0,0,0,35000,-35000,-35000
069821,GIS國票03購02   ,0,0,0,0,0,0,0,0,0,-35000,0,0,0,0,35000,-35000,-35000
069609,GIS國票03購01   ,0,0,0,0,0,0,0,0,0,-35000,0,0,0,0,35000,-35000,-35000
070021,光磊國票03購01  ,0,0,0,0,0,0,0,0,0,-35000,0,0,0,0,35000,-35000,-35000
069934,聯詠統一03購03  ,0,0,0,0,0,0,0,0,0,-35000,0,0,0,0,35000,-35000,-35000
069040,日月光統一02購01,0,0,0,0,0,0,0,0,0,-35000,0,0,0,0,35000,-35000,-35000
069471,同欣電國票03購01,0,0,0,0,0,0,0,0,0,-35000,0,0,0,0,35000,-35000,-35000
069429,上銀群益03購01  ,0,0,0,0,0,0,0,0,0,-35000,0,0,0,0,35000,-35000,-35000
069401,聯電統一04購01  ,0,0,0,0,0,0,0,0,0,-35000,0,0,0,5000,40000,-35000,-35000
058664,百和兆豐99購01  ,0,0,0,0,0,0,0,0,0,-35000,0,0,0,0,35000,-35000,-35000
058875,台表科國票9A購02,0,0,0,0,0,0,0,0,0,-35000,0,0,0,15000,50000,-35000,-35000
063507,奇鋐群益9B購02  ,0,0,0,0,0,0,0,0,0,-35000,0,0,0,12000,47000,-35000,-35000
061906,統一中信9B購01  ,0,0,0,0,0,0,0,0,0,-35000,0,0,0,10000,45000,-35000,-35000
060957,SP黃豆凱基9A購04,0,0,0,0,0,0,0,0,0,-35000,0,0,0,5000,40000,-35000,-35000
057818,泰碩元大9A購01  ,0,0,0,0,0,0,0,0,0,-35000,0,0,0,45000,80000,-35000,-35000
055006,晶相光元富9A購01,0,0,0,0,0,0,0,0,0,-35000,0,0,0,45000,80000,-35000,-35000
052659,上証2X國票99購01,0,0,0,0,0,0,0,0,0,-35000,0,0,0,15000,50000,-35000,-35000
056723,國巨中信9A購01  ,0,0,0,0,0,0,0,0,0,-35000,0,0,0,0,35000,-35000,-35000
03371P,聯電元大02售07  ,0,0,0,0,0,0,0,0,0,-35000,0,0,0,73000,108000,-35000,-35000
059727,大立光元大9A購01,0,0,0,0,0,0,0,0,0,-35000,0,0,0,116000,151000,-35000,-35000
059791,超眾元大99購06  ,0,0,0,0,0,0,0,0,0,-35000,0,0,0,0,35000,-35000,-35000
03362P,台積電元大02售19,0,0,0,0,0,0,0,0,0,-35000,0,0,0,34000,69000,-35000,-35000
061439,寶成凱基9A購01  ,0,0,0,0,0,0,0,0,0,-35000,0,0,0,0,35000,-35000,-35000
063801,GIS凱基01購01   ,0,0,0,0,0,0,0,0,0,-35000,0,0,0,25000,60000,-35000,-35000
063877,鴻海元富9C購01  ,0,0,0,0,0,0,0,0,0,-35000,0,0,0,15000,50000,-35000,-35000
063916,瀚宇博凱基01購01,0,0,0,0,0,0,0,0,0,-35000,0,0,0,0,35000,-35000,-35000
061372,世紀鋼國泰9C購01,0,0,0,0,0,0,0,0,0,-35000,0,0,0,68000,103000,-35000,-35000
061348,聯鈞元大9A購05  ,0,0,0,0,0,0,0,0,0,-35000,0,0,0,0,35000,-35000,-35000
063409,GIS國票9C購02   ,0,0,0,0,0,0,0,0,0,-35000,0,0,0,0,35000,-35000,-35000
063728,國巨元大9B購21  ,0,0,0,0,0,0,0,0,0,-35000,0,0,0,26000,61000,-35000,-35000
062640,訊連國票9C購01  ,0,0,0,0,0,0,0,0,0,-35000,0,0,0,38000,73000,-35000,-35000
060789,禾伸堂富邦9B購02,0,0,0,0,0,0,0,0,0,-35000,0,0,0,70000,105000,-35000,-35000
062117,燿華中信9B購01  ,0,0,0,0,0,0,0,0,0,-35000,0,0,0,0,35000,-35000,-35000
062122,國巨統一02購01  ,0,0,0,0,0,0,0,0,0,-35000,0,0,0,0,35000,-35000,-35000
064552,巨大凱基01購01  ,0,0,0,0,0,0,0,0,0,-35000,0,0,0,0,35000,-35000,-35000
064686,鴻海群益01購03  ,0,0,0,0,0,0,0,0,0,-35000,0,0,0,6000,41000,-35000,-35000
065172,義隆元大9C購05  ,0,0,0,0,0,0,0,0,0,-35000,0,0,0,50000,85000,-35000,-35000
06610P,台積電凱基9A售03,0,0,0,0,0,0,0,0,0,-35000,0,0,0,6000,41000,-35000,-35000
067027,日月光兆豐03購01,0,0,0,0,0,0,0,0,0,-35000,0,0,0,55000,90000,-35000,-35000
066896,緯穎兆豐03購01  ,0,0,0,0,0,0,0,0,0,-35000,0,0,0,0,35000,-35000,-35000
066964,T50反1元富07購04,0,0,0,0,0,0,0,0,0,-35000,0,0,0,0,35000,-35000,-35000
066860,健策國票02購02  ,0,0,0,0,0,0,0,0,0,-35000,0,0,0,11000,46000,-35000,-35000
066306,亞聚永豐01購01  ,0,0,0,0,0,0,0,0,0,-35000,0,0,0,154000,189000,-35000,-35000
066533,南茂元富01購01  ,0,0,0,0,0,0,0,0,0,-35000,0,0,0,0,35000,-35000,-35000
08099P,聯發科中信9B售04,0,0,0,0,0,0,0,0,0,-35000,0,0,0,30000,65000,-35000,-35000
07791P,奇鋐元大9A售02  ,0,0,0,0,0,0,0,0,0,-35000,0,0,0,0,35000,-35000,-35000
08733P,臺股指麥證01售05,0,0,0,0,35000,-35000,0,0,0,-35000,0,0,0,0,35000,-35000,-35000
2616,山隆            ,11000,45000,-34000,0,0,0,0,0,0,-1000,0,1000,-1000,0,0,0,-35000
1419,新紡            ,8000,41000,-33000,0,0,0,0,0,0,-2000,0,2000,-2000,0,0,0,-35000
6136,富爾特          ,6000,41000,-35000,0,0,0,0,0,0,0,0,0,0,0,0,0,-35000
9905,大華            ,6000,39000,-33000,0,0,0,0,0,0,-2000,0,2000,-2000,0,0,0,-35000
069931,聯發科統一02購12,0,0,0,0,0,0,0,0,0,-36000,0,0,0,0,36000,-36000,-36000
069849,大立光國泰06購01,0,0,0,0,0,0,0,0,0,-36000,0,0,0,29000,65000,-36000,-36000
067814,緯創凱基01購02  ,0,0,0,0,0,0,0,0,0,-36000,0,0,0,5000,41000,-36000,-36000
068580,聯電永豐01購02  ,0,0,0,0,0,0,0,0,0,-36000,0,0,0,32000,68000,-36000,-36000
068701,道瓊銀國票02購01,0,0,0,0,0,0,0,0,0,-36000,0,0,0,0,36000,-36000,-36000
059786,全新元大99購06  ,0,0,0,0,0,0,0,0,0,-36000,0,0,0,0,36000,-36000,-36000
03149P,鴻海群益01售12  ,0,0,0,0,0,0,0,0,0,-36000,0,0,0,0,36000,-36000,-36000
03215P,南電群益03售01  ,0,0,0,0,0,0,0,0,0,-36000,0,0,0,86000,122000,-36000,-36000
057041,國巨元大99購04  ,0,0,0,0,0,0,0,0,0,-36000,0,0,0,24000,60000,-36000,-36000
063561,上銀元大9B購08  ,0,0,0,0,0,0,0,0,0,-36000,0,0,0,20000,56000,-36000,-36000
064189,TPK永豐9C購01   ,0,0,0,0,0,0,0,0,0,-36000,0,0,0,0,36000,-36000,-36000
058128,FBVIX元大9C購02 ,0,0,0,0,0,0,0,0,0,-36000,0,0,0,30000,66000,-36000,-36000
064414,臺股指凱基9C購10,0,0,0,0,0,0,0,0,0,-36000,0,0,0,30000,66000,-36000,-36000
062396,華通永豐9B購01  ,0,0,0,0,0,0,0,0,0,-36000,0,0,0,30000,66000,-36000,-36000
062585,鴻海統一9C購14  ,0,0,0,0,0,0,0,0,0,-36000,0,0,0,0,36000,-36000,-36000
064115,高股息元大9C購01,0,0,0,0,0,0,0,0,0,-36000,0,0,0,0,36000,-36000,-36000
064041,國巨統一01購07  ,0,0,0,0,0,0,0,0,0,-36000,0,0,0,6000,42000,-36000,-36000
061017,國泰金麥證9A購01,0,0,0,23000,59000,-36000,0,0,0,-36000,0,0,0,23000,59000,-36000,-36000
067106,義隆群益01購01  ,0,0,0,0,0,0,0,0,0,-36000,0,0,0,14000,50000,-36000,-36000
067252,智邦國票02購02  ,0,0,0,0,0,0,0,0,0,-36000,0,0,0,0,36000,-36000,-36000
067329,巨大康和01購02  ,0,0,0,0,0,0,0,0,0,-36000,0,0,0,2000,38000,-36000,-36000
065173,可成元大9C購10  ,0,0,0,0,0,0,0,0,0,-36000,0,0,0,200000,236000,-36000,-36000
065437,台表科凱基9C購03,0,0,0,0,0,0,0,0,0,-36000,0,0,0,44000,80000,-36000,-36000
1533,車王電          ,8000,44000,-36000,0,0,0,0,0,0,0,0,0,0,0,0,0,-36000
2397,友通            ,7000,36000,-29000,0,0,0,0,0,0,-7000,0,7000,-7000,0,0,0,-36000
2540,愛山林          ,27000,61000,-34000,0,0,0,0,0,0,-2000,0,2000,-2000,0,0,0,-36000
08390P,旺宏凱基9C售02  ,0,0,0,0,0,0,0,0,0,-36000,0,0,0,217000,253000,-36000,-36000
07766P,美律群益9A售03  ,0,0,0,0,0,0,0,0,0,-36000,0,0,0,18000,54000,-36000,-36000
068744,亞德客群益02購01,0,0,0,0,0,0,0,0,0,-37000,0,0,0,16000,53000,-37000,-37000
068413,健策台新01購01  ,0,0,0,0,0,0,0,0,0,-37000,0,0,0,0,37000,-37000,-37000
067754,元金2X元大01購02,0,0,0,0,0,0,0,0,0,-37000,0,0,0,4000,41000,-37000,-37000
069945,GIS台新02購01   ,0,0,0,0,0,0,0,0,0,-37000,0,0,0,0,37000,-37000,-37000
07054P,華新科兆豐99售04,0,0,0,0,0,0,0,0,0,-37000,0,0,0,0,37000,-37000,-37000
069476,台灣50元大03購03,0,0,0,0,0,0,0,0,0,-37000,0,0,0,0,37000,-37000,-37000
069248,聯發科凱基02購08,0,0,0,0,0,0,0,0,0,-37000,0,0,0,138000,175000,-37000,-37000
058009,智易國票99購01  ,0,0,0,0,0,0,0,0,0,-37000,0,0,0,60000,97000,-37000,-37000
063555,SP黃豆元大9B購01,0,0,0,0,0,0,0,0,0,-37000,0,0,0,0,37000,-37000,-37000
063532,GIS凱基9B購03   ,0,0,0,0,0,0,0,0,0,-37000,0,0,0,41000,78000,-37000,-37000
03084P,鴻海元大01售23  ,0,0,0,0,0,0,0,0,0,-37000,0,0,0,23000,60000,-37000,-37000
063303,聯發科凱基9B購14,0,0,0,0,0,0,0,0,0,-37000,0,0,0,144000,181000,-37000,-37000
062837,復盛群益9B購01  ,0,0,0,0,0,0,0,0,0,-37000,0,0,0,0,37000,-37000,-37000
060732,玉晶光群益9C購02,0,0,0,0,0,0,0,0,0,-37000,0,0,0,62000,99000,-37000,-37000
062163,大毅國泰01購01  ,0,0,0,0,0,0,0,0,0,-37000,0,0,0,3000,40000,-37000,-37000
064419,鴻海兆豐9C購01  ,0,0,0,0,0,0,0,0,0,-37000,0,0,0,66000,103000,-37000,-37000
064536,富邦金國票01購01,0,0,0,0,0,0,0,0,0,-37000,0,0,0,3000,40000,-37000,-37000
065103,南六元大9C購06  ,0,0,0,0,0,0,0,0,0,-37000,0,0,0,22000,59000,-37000,-37000
065906,瑞昱永豐9C購01  ,0,0,0,0,0,0,0,0,0,-37000,0,0,0,25000,62000,-37000,-37000
067541,華擎群益01購06  ,0,0,0,0,0,0,0,0,0,-37000,0,0,0,7000,44000,-37000,-37000
07323P,鴻海元大99售34  ,0,0,0,0,0,0,0,0,0,-37000,0,0,0,0,37000,-37000,-37000
08076P,國巨群益9C售05  ,0,0,0,0,0,0,0,0,0,-37000,0,0,0,20000,57000,-37000,-37000
08007P,國泰金中信03售02,0,0,0,0,0,0,0,0,0,-37000,0,0,0,0,37000,-37000,-37000
2459,敦吉            ,26000,63000,-37000,0,0,0,0,0,0,0,0,0,0,0,0,0,-37000
3557,嘉威            ,311000,347000,-36000,0,0,0,0,0,0,-1000,0,1000,-1000,0,0,0,-37000
1810,和成            ,477000,513000,-36000,0,0,0,0,0,0,-1000,0,1000,-1000,0,0,0,-37000
2020,美亞            ,51000,85000,-34000,0,0,0,0,0,0,-3000,0,3000,-3000,0,0,0,-37000
8114,振樺電          ,1000,37000,-36000,0,0,0,0,0,0,-1000,0,1000,-1000,0,0,0,-37000
069971,鴻海日盛02購02  ,0,0,0,0,0,0,0,0,0,-38000,0,0,0,0,38000,-38000,-38000
069855,精元永豐02購03  ,0,0,0,0,0,0,0,0,0,-38000,0,0,0,32000,70000,-38000,-38000
068760,精元永豐02購01  ,0,0,0,0,0,0,0,0,0,-38000,0,0,0,12000,50000,-38000,-38000
055376,群創元大01購01  ,0,0,0,0,0,0,0,0,0,-38000,0,0,0,107000,145000,-38000,-38000
00709,富邦歐洲        ,0,0,0,0,0,0,0,0,0,-38000,0,0,0,101000,139000,-38000,-38000
056366,玉晶光元大99購04,0,0,0,0,0,0,0,0,0,-38000,0,0,0,11000,49000,-38000,-38000
060959,金像電凱基9A購01,0,0,0,0,0,0,0,0,0,-38000,0,0,0,30000,68000,-38000,-38000
060924,大毅永豐9A購03  ,0,0,0,0,0,0,0,0,0,-38000,0,0,0,2000,40000,-38000,-38000
062149,牧德國票9B購01  ,0,0,0,0,0,0,0,0,0,-38000,0,0,0,0,38000,-38000,-38000
062539,可成國泰01購01  ,0,0,0,0,0,0,0,0,0,-38000,0,0,0,409000,447000,-38000,-38000
061666,友達中信01購01  ,0,0,0,0,0,0,0,0,0,-38000,0,0,0,11000,49000,-38000,-38000
061539,國巨群益9B購03  ,0,0,0,0,0,0,0,0,0,-38000,0,0,0,1000,39000,-38000,-38000
064008,日月光凱基9C購01,0,0,0,0,0,0,0,0,0,-38000,0,0,0,34000,72000,-38000,-38000
067562,牧德國票02購01  ,0,0,0,0,0,0,0,0,0,-38000,0,0,0,0,38000,-38000,-38000
067452,台勝科國票02購02,0,0,0,0,0,0,0,0,0,-38000,0,0,0,0,38000,-38000,-38000
067286,新日興國票02購02,0,0,0,0,0,0,0,0,0,-38000,0,0,0,0,38000,-38000,-38000
066406,南六凱基01購02  ,0,0,0,0,0,0,0,0,0,-38000,0,0,0,25000,63000,-38000,-38000
066816,泰鼎兆豐03購01  ,0,0,0,0,0,0,0,0,0,-38000,0,0,0,12000,50000,-38000,-38000
065753,正崴元大9C購02  ,0,0,0,0,0,0,0,0,0,-38000,0,0,0,14000,52000,-38000,-38000
064877,可成兆豐9C購02  ,0,0,0,0,0,0,0,0,0,-38000,0,0,0,0,38000,-38000,-38000
064699,臻鼎群益9C購01  ,0,0,0,0,0,0,0,0,0,-38000,0,0,0,70000,108000,-38000,-38000
065362,華通元大9C購06  ,0,0,0,0,0,0,0,0,0,-38000,0,0,0,0,38000,-38000,-38000
065223,旺宏中信01購01  ,0,0,0,0,0,0,0,0,0,-38000,0,0,0,40000,78000,-38000,-38000
6184,大豐電          ,6000,44000,-38000,0,0,0,0,0,0,0,0,0,0,0,0,0,-38000
5243,乙盛-KY         ,469000,498000,-29000,0,0,0,0,0,0,-9000,0,9000,-9000,0,0,0,-38000
1459,聯發            ,0,38000,-38000,0,0,0,0,0,0,0,0,0,0,0,0,0,-38000
2477,美隆電          ,0,39000,-39000,0,0,0,0,0,0,1000,1000,0,1000,0,0,0,-38000
2465,麗臺            ,68000,106000,-38000,0,0,0,0,0,0,0,0,0,0,0,0,0,-38000
068757,亞德客永豐02購01,0,0,0,0,0,0,0,0,0,-39000,0,0,0,0,39000,-39000,-39000
067591,聚陽凱基02購02  ,0,0,0,0,0,0,0,0,0,-39000,0,0,0,15000,54000,-39000,-39000
068198,奇力新凱基02購02,0,0,0,0,0,0,0,0,0,-39000,0,0,0,0,39000,-39000,-39000
070031,南電國票03購05  ,0,0,0,0,0,0,0,0,0,-39000,0,0,0,0,39000,-39000,-39000
069999,台泥元大02購01  ,0,0,0,0,0,0,0,0,0,-39000,0,0,0,4000,43000,-39000,-39000
063548,同欣電兆豐9B購01,0,0,0,0,0,0,0,0,0,-39000,0,0,0,64000,103000,-39000,-39000
056581,超眾元大99購01  ,0,0,0,0,0,0,0,0,0,-39000,0,0,0,0,39000,-39000,-39000
055623,貿聯國泰99購01  ,0,0,0,0,0,0,0,0,0,-39000,0,0,0,1000,40000,-39000,-39000
061813,鴻海群益9B購02  ,0,0,0,0,0,0,0,0,0,-39000,0,0,0,0,39000,-39000,-39000
061988,大立光元大9B購04,0,0,0,0,0,0,0,0,0,-39000,0,0,0,29000,68000,-39000,-39000
063496,儒鴻永豐9B購01  ,0,0,0,0,0,0,0,0,0,-39000,0,0,0,0,39000,-39000,-39000
064251,緯創元富9C購01  ,0,0,0,0,0,0,0,0,0,-39000,0,0,0,28000,67000,-39000,-39000
062504,旭富群益9B購02  ,0,0,0,0,0,0,0,0,0,-39000,0,0,0,0,39000,-39000,-39000
062324,上銀統一9B購04  ,0,0,0,0,0,0,0,0,0,-39000,0,0,0,11000,50000,-39000,-39000
062702,可成元大9C購01  ,0,0,0,0,0,0,0,0,0,-39000,0,0,0,11000,50000,-39000,-39000
065973,嘉晶元大01購03  ,0,0,0,0,0,0,0,0,0,-39000,0,0,0,164000,203000,-39000,-39000
067266,義隆國泰03購01  ,0,0,0,0,0,0,0,0,0,-39000,0,0,0,480000,519000,-39000,-39000
067092,美利達元大01購03,0,0,0,0,0,0,0,0,0,-39000,0,0,0,14000,53000,-39000,-39000
066901,台虹康和01購01  ,0,0,0,0,0,0,0,0,0,-39000,0,0,0,96000,135000,-39000,-39000
2516,新建            ,6000,36000,-30000,0,0,0,0,0,0,-9000,0,9000,-9000,0,0,0,-39000
2748,雲品            ,7000,46000,-39000,0,0,0,0,0,0,0,0,0,0,0,0,0,-39000
1528,恩德            ,22000,59000,-37000,0,0,0,0,0,0,-2000,0,2000,-2000,0,0,0,-39000
4994,傳奇            ,18000,57000,-39000,0,0,0,0,0,0,0,0,0,0,0,0,0,-39000
069982,大立光凱基06購02,0,0,0,0,0,0,0,0,0,-40000,0,0,0,0,40000,-40000,-40000
070027,玉晶光國票04購03,0,0,0,0,0,0,0,0,0,-40000,0,0,0,0,40000,-40000,-40000
069891,上銀元大02購02  ,0,0,0,0,0,0,0,0,0,-40000,0,0,0,100000,140000,-40000,-40000
069607,彩晶國票02購01  ,0,0,0,0,0,0,0,0,0,-40000,0,0,0,25000,65000,-40000,-40000
069297,欣興中信02購02  ,0,0,0,0,0,0,0,0,0,-40000,0,0,0,1000000,1040000,-40000,-40000
069194,玉晶光統一02購03,0,0,0,0,0,0,0,0,0,-40000,0,0,0,6000,46000,-40000,-40000
069192,晶技統一05購01  ,0,0,0,0,0,0,0,0,0,-40000,0,0,0,0,40000,-40000,-40000
068113,台光電元富07購01,0,0,0,0,0,0,0,0,0,-40000,0,0,0,114000,154000,-40000,-40000
067577,FBVIX群益01購02 ,0,0,0,0,0,0,0,0,0,-40000,0,0,0,55000,95000,-40000,-40000
067773,台郡統一02購04  ,0,0,0,0,0,0,0,0,0,-40000,0,0,0,0,40000,-40000,-40000
067771,新光金統一03購01,0,0,0,0,0,0,0,0,0,-40000,0,0,0,0,40000,-40000,-40000
068827,鎧勝元大02購01  ,0,0,0,0,0,0,0,0,0,-40000,0,0,0,0,40000,-40000,-40000
068595,台積電統一03購10,0,0,0,0,0,0,0,0,0,-40000,0,0,0,0,40000,-40000,-40000
020006,永昌中小300N    ,0,0,0,0,0,0,0,0,0,-40000,0,0,0,40000,80000,-40000,-40000
03333P,台積電元大03售03,0,0,0,0,0,0,0,0,0,-40000,0,0,0,836000,876000,-40000,-40000
062731,力成凱基9B購02  ,0,0,0,0,0,0,0,0,0,-40000,0,0,0,10000,50000,-40000,-40000
058260,華新科富邦9C購01,0,0,0,0,0,0,0,0,0,-40000,0,0,0,0,40000,-40000,-40000
058650,台虹永豐9A購01  ,0,0,0,0,0,0,0,0,0,-40000,0,0,0,87000,127000,-40000,-40000
060672,鴻海元大9A購14  ,0,0,0,0,0,0,0,0,0,-40000,0,0,0,0,40000,-40000,-40000
057542,上銀凱基99購01  ,0,0,0,0,0,0,0,0,0,-40000,0,0,0,0,40000,-40000,-40000
059494,國巨國票9C購01  ,0,0,0,0,0,0,0,0,0,-40000,0,0,0,0,40000,-40000,-40000
059626,台積電凱基01購01,0,0,0,0,0,0,0,0,0,-40000,0,0,0,2000,42000,-40000,-40000
062672,兆豐金中信03購01,0,0,0,0,0,0,0,0,0,-40000,0,0,0,0,40000,-40000,-40000
062645,國巨國泰9B購08  ,0,0,0,0,0,0,0,0,0,-40000,0,0,0,10000,50000,-40000,-40000
062151,世紀鋼國票01購01,0,0,0,0,0,0,0,0,0,-40000,0,0,0,90000,130000,-40000,-40000
062408,致新永豐9B購01  ,0,0,0,0,0,0,0,0,0,-40000,0,0,0,0,40000,-40000,-40000
062363,燿華元大9B購03  ,0,0,0,0,0,0,0,0,0,-40000,0,0,0,0,40000,-40000,-40000
064270,華通元大9C購03  ,0,0,0,0,0,0,0,0,0,-40000,0,0,0,7000,47000,-40000,-40000
063164,聯發科永豐9B購03,0,0,0,0,0,0,0,0,0,-40000,0,0,0,30000,70000,-40000,-40000
063154,南六元富9B購02  ,0,0,0,0,0,0,0,0,0,-40000,0,0,0,0,40000,-40000,-40000
064141,國巨統一01購08  ,0,0,0,0,0,0,0,0,0,-40000,0,0,0,0,40000,-40000,-40000
063338,國巨統一9C購11  ,0,0,0,0,0,0,0,0,0,-40000,0,0,0,0,40000,-40000,-40000
061840,長榮航凱基9C購01,0,0,0,0,0,0,0,0,0,-40000,0,0,0,0,40000,-40000,-40000
061486,國巨兆豐9B購02  ,0,0,0,0,0,0,0,0,0,-40000,0,0,0,17000,57000,-40000,-40000
064005,義隆凱基01購01  ,0,0,0,0,0,0,0,0,0,-40000,0,0,0,0,40000,-40000,-40000
067351,國巨群益01購08  ,0,0,0,0,0,0,0,0,0,-40000,0,0,0,98000,138000,-40000,-40000
067556,義隆國票02購02  ,0,0,0,0,0,0,0,0,0,-40000,0,0,0,0,40000,-40000,-40000
066628,宏達電凱基03購01,0,0,0,0,0,0,0,0,0,-40000,0,0,0,0,40000,-40000,-40000
065999,燿華國票02購01  ,0,0,0,0,0,0,0,0,0,-40000,0,0,0,10000,50000,-40000,-40000
066184,鎧勝凱基01購01  ,0,0,0,0,0,0,0,0,0,-40000,0,0,0,0,40000,-40000,-40000
065731,群創凱基03購02  ,0,0,0,0,0,0,0,0,0,-40000,0,0,0,5000,45000,-40000,-40000
065536,健鼎統一02購04  ,0,0,0,0,0,0,0,0,0,-40000,0,0,0,0,40000,-40000,-40000
065140,國巨凱基01購02  ,0,0,0,0,0,0,0,0,0,-40000,0,0,0,31000,71000,-40000,-40000
065296,國巨統一01購10  ,0,0,0,0,0,0,0,0,0,-40000,0,0,0,15000,55000,-40000,-40000
5285,界霖            ,23000,62000,-39000,0,0,0,0,0,0,-1000,0,1000,-1000,0,0,0,-40000
08005P,台積電群益9C售04,0,0,0,0,0,0,0,0,0,-40000,0,0,0,0,40000,-40000,-40000
08312P,旺宏國票01售01  ,0,0,0,0,0,0,0,0,0,-40000,0,0,0,51000,91000,-40000,-40000
07446P,台灣50元大9A售06,0,0,0,0,0,0,0,0,0,-40000,0,0,0,0,40000,-40000,-40000
07744P,奇力新凱基9A售05,0,0,0,0,0,0,0,0,0,-40000,0,0,0,30000,70000,-40000,-40000
068752,GIS群益02購03   ,0,0,0,0,0,0,0,0,0,-41000,0,0,0,1000,42000,-41000,-41000
067737,英業達元大01購01,0,0,0,0,0,0,0,0,0,-41000,0,0,0,0,41000,-41000,-41000
068071,興勤凱基02購01  ,0,4000,-4000,0,0,0,0,0,0,-37000,0,0,0,30000,67000,-37000,-41000
069470,鎧勝國票03購02  ,0,0,0,0,0,0,0,0,0,-41000,0,0,0,0,41000,-41000,-41000
069961,華碩中信05購01  ,0,0,0,0,0,0,0,0,0,-41000,0,0,0,50000,91000,-41000,-41000
059564,鴻海凱基9A購15  ,0,0,0,0,0,0,0,0,0,-41000,0,0,0,0,41000,-41000,-41000
03684C,臺股指元大06牛01,0,0,0,0,0,0,0,0,0,-41000,0,0,0,0,41000,-41000,-41000
00763U,街口道瓊銅      ,0,18000,-18000,0,0,0,0,0,0,-23000,0,0,0,3000,26000,-23000,-41000
061203,國巨元大9A購15  ,0,0,0,0,0,0,0,0,0,-41000,0,0,0,15000,56000,-41000,-41000
065167,華通元大02購01  ,0,0,0,0,0,0,0,0,0,-41000,0,0,0,69000,110000,-41000,-41000
065573,新日興群益01購02,0,0,0,0,0,0,0,0,0,-41000,0,0,0,65000,106000,-41000,-41000
08350P,臺股指中信9C售06,0,0,0,0,0,0,0,0,0,-41000,0,0,0,12000,53000,-41000,-41000
08187P,大毅群益9B售04  ,0,0,0,0,0,0,0,0,0,-41000,0,0,0,130000,171000,-41000,-41000
08989P,玉晶光國票03售01,0,0,0,0,0,0,0,0,0,-41000,0,0,0,1000,42000,-41000,-41000
6216,居易            ,3000,44000,-41000,0,0,0,0,0,0,0,0,0,0,0,0,0,-41000
1806,冠軍            ,45000,86000,-41000,0,0,0,0,0,0,0,0,0,0,0,0,0,-41000
2514,龍邦            ,0,34000,-34000,0,0,0,0,0,0,-7000,0,7000,-7000,0,0,0,-41000
3416,融程電          ,8000,18000,-10000,0,0,0,0,0,0,-31000,0,0,0,0,31000,-31000,-41000
069702,道瓊銀國票02購02,0,0,0,0,0,0,0,0,0,-42000,0,0,0,0,42000,-42000,-42000
068989,瑞昱永豐02購01  ,0,0,0,0,0,0,0,0,0,-42000,0,0,0,25000,67000,-42000,-42000
068254,訊連元大01購02  ,0,0,0,0,0,0,0,0,0,-42000,0,0,0,0,42000,-42000,-42000
068314,南電國票03購02  ,0,0,0,0,0,0,0,0,0,-42000,0,0,0,115000,157000,-42000,-42000
059100,元油2X統一9C購02,0,0,0,0,0,0,0,0,0,-42000,0,0,0,58000,100000,-42000,-42000
060678,聯詠元大9A購03  ,0,0,0,0,0,0,0,0,0,-42000,0,0,0,0,42000,-42000,-42000
057183,玉晶光元大99購07,0,0,0,0,0,0,0,0,0,-42000,0,0,0,12000,54000,-42000,-42000
062336,茂林統一01購02  ,0,0,0,0,0,0,0,0,0,-42000,0,0,0,21000,63000,-42000,-42000
064468,健策元富9C購02  ,0,0,0,0,0,0,0,0,0,-42000,0,0,0,69000,111000,-42000,-42000
062224,玉晶光統一9C購03,0,0,0,0,0,0,0,0,0,-42000,0,0,0,19000,61000,-42000,-42000
064036,矽創元大9C購01  ,0,0,0,0,0,0,0,0,0,-42000,0,0,0,12000,54000,-42000,-42000
063806,瀚宇博兆豐01購01,0,0,0,0,0,0,0,0,0,-42000,0,0,0,18000,60000,-42000,-42000
061657,智原國票9A購01  ,0,0,0,0,0,0,0,0,0,-42000,0,0,0,4000,46000,-42000,-42000
064218,南六凱基01購01  ,0,0,0,0,0,0,0,0,0,-42000,0,0,0,0,42000,-42000,-42000
06597P,國巨富邦9A售05  ,0,0,0,0,0,0,0,0,0,-42000,0,0,0,80000,122000,-42000,-42000
066603,台達電富邦05購01,0,0,0,0,0,0,0,0,0,-42000,0,0,0,20000,62000,-42000,-42000
066839,台灣50元大01購24,0,0,0,0,0,0,0,0,0,-42000,0,0,0,30000,72000,-42000,-42000
066549,京元電元大01購03,0,0,0,0,0,0,0,0,0,-42000,0,0,0,83000,125000,-42000,-42000
1451,年興            ,23000,61000,-38000,0,0,0,0,0,0,-4000,0,4000,-4000,0,0,0,-42000
1452,宏益            ,0,42000,-42000,0,0,0,0,0,0,0,0,0,0,0,0,0,-42000
07833P,大立光群益9B售02,0,0,0,0,0,0,0,0,0,-42000,0,0,0,0,42000,-42000,-42000
068448,光寶科國票03購01,0,0,0,0,0,0,0,0,0,-43000,0,0,0,0,43000,-43000,-43000
069058,台積電台新03購03,0,0,0,0,0,0,0,0,0,-43000,0,0,0,566000,609000,-43000,-43000
069895,台積電元大02購34,0,0,0,0,0,0,0,0,0,-43000,0,0,0,90000,133000,-43000,-43000
060695,同欣電麥證9A購01,0,0,0,7000,50000,-43000,0,0,0,-43000,0,0,0,7000,50000,-43000,-43000
060602,京元電凱基9A購01,0,0,0,0,0,0,0,0,0,-43000,0,0,0,0,43000,-43000,-43000
00682U,元大美元指數    ,0,0,0,0,0,0,0,0,0,-43000,0,0,0,3000,46000,-43000,-43000
061036,晶技永豐9A購03  ,0,0,0,0,0,0,0,0,0,-43000,0,0,0,4000,47000,-43000,-43000
062485,華通國泰01購01  ,0,0,0,0,0,0,0,0,0,-43000,0,0,0,0,43000,-43000,-43000
066672,瑞祺凱基03購01  ,0,0,0,0,0,0,0,0,0,-43000,0,0,0,5000,48000,-43000,-43000
065603,聯發科元大9C購16,0,0,0,0,0,0,0,0,0,-43000,0,0,0,612000,655000,-43000,-43000
065176,玉晶光元大01購04,0,0,0,0,0,0,0,0,0,-43000,0,0,0,31000,74000,-43000,-43000
07508P,華新科國票9A售03,0,0,0,0,0,0,0,0,0,-43000,0,0,0,0,43000,-43000,-43000
3494,誠研            ,1000,44000,-43000,0,0,0,0,0,0,0,0,0,0,0,0,0,-43000
2528,皇普            ,8000,51000,-43000,0,0,0,0,0,0,0,0,0,0,0,0,0,-43000
4967,十銓            ,536000,579000,-43000,0,0,0,0,0,0,0,0,0,0,0,0,0,-43000
068961,宏達電群益02購01,0,0,0,0,0,0,0,0,0,-44000,0,0,0,30000,74000,-44000,-44000
069227,欣興群益02購05  ,0,0,0,0,0,0,0,0,0,-44000,0,0,0,38000,82000,-44000,-44000
069224,聯發科群益02購14,0,0,0,0,0,0,0,0,0,-44000,0,0,0,33000,77000,-44000,-44000
068816,美律元大02購02  ,0,0,0,0,0,0,0,0,0,-44000,0,0,0,131000,175000,-44000,-44000
068137,FBVIX元大01購04 ,0,0,0,0,0,0,0,0,0,-44000,0,0,0,3000,47000,-44000,-44000
067670,微星元大01購06  ,0,0,0,0,0,0,0,0,0,-44000,0,0,0,261000,305000,-44000,-44000
03483P,聯發科國泰04售01,0,0,0,0,0,0,0,0,0,-44000,0,0,0,15000,59000,-44000,-44000
057902,嘉晶永豐98購02  ,0,0,0,0,0,0,0,0,0,-44000,0,0,0,6000,50000,-44000,-44000
064372,滬深2X元富9C購10,0,0,0,0,0,0,0,0,0,-44000,0,0,0,76000,120000,-44000,-44000
064333,義隆元大9C購02  ,0,0,0,0,0,0,0,0,0,-44000,0,0,0,1000,45000,-44000,-44000
062884,康控兆豐9C購01  ,0,0,0,0,0,0,0,0,0,-44000,0,0,0,6000,50000,-44000,-44000
065200,健策元富9C購04  ,0,0,0,0,0,0,0,0,0,-44000,0,0,0,41000,85000,-44000,-44000
065470,聚陽元大01購01  ,0,0,0,0,0,0,0,0,0,-44000,0,0,0,21000,65000,-44000,-44000
065105,巨大元大01購01  ,0,0,0,0,0,0,0,0,0,-44000,0,0,0,13000,57000,-44000,-44000
066692,T50反1群益01購04,0,0,0,0,0,0,0,0,0,-44000,0,0,0,1000,45000,-44000,-44000
066771,滬深2X富邦02購01,0,0,0,0,0,0,0,0,0,-44000,0,0,0,2000,46000,-44000,-44000
066482,華碩元富01購02  ,0,0,0,0,0,0,0,0,0,-44000,0,0,0,121000,165000,-44000,-44000
067179,健策康和01購01  ,0,0,0,0,0,0,0,0,0,-44000,0,0,0,35000,79000,-44000,-44000
2239,英利-KY         ,164000,200000,-36000,0,0,0,0,0,0,-8000,0,6000,-6000,0,2000,-2000,-44000
2358,廷鑫            ,10000,54000,-44000,0,0,0,0,0,0,0,0,0,0,0,0,0,-44000
07865P,可成元大9B售02  ,0,0,0,0,0,0,0,0,0,-44000,0,0,0,6000,50000,-44000,-44000
08799P,台積電元大01售19,0,0,0,0,0,0,0,0,0,-44000,0,0,0,6000,50000,-44000,-44000
067748,GIS元大01購02   ,0,0,0,0,0,0,0,0,0,-45000,0,0,0,91000,136000,-45000,-45000
068157,晶技元大01購04  ,0,0,0,0,0,0,0,0,0,-45000,0,0,0,8000,53000,-45000,-45000
069341,國產群益04購01  ,0,0,0,0,0,0,0,0,0,-45000,0,0,0,20000,65000,-45000,-45000
069508,健策永豐02購01  ,0,0,0,0,0,0,0,0,0,-45000,0,0,0,5000,50000,-45000,-45000
069032,台光電統一04購01,0,0,0,0,0,0,0,0,0,-45000,0,0,0,5000,50000,-45000,-45000
059340,鴻海凱基9A購12  ,0,0,0,0,0,0,0,0,0,-45000,0,0,0,0,45000,-45000,-45000
058809,國巨統一9B購03  ,0,0,0,0,0,0,0,0,0,-45000,0,0,0,0,45000,-45000,-45000
062777,鴻海元大9C購03  ,0,0,0,0,0,0,0,0,0,-45000,0,0,0,5000,50000,-45000,-45000
061926,晶技凱基9B購02  ,0,0,0,0,0,0,0,0,0,-45000,0,0,0,5000,50000,-45000,-45000
060956,超眾群益9A購01  ,0,0,0,0,0,0,0,0,0,-45000,0,0,0,10000,55000,-45000,-45000
054640,健策中信9B購01  ,0,0,0,0,0,0,0,0,0,-45000,0,0,0,27000,72000,-45000,-45000
061609,華新科統一9C購01,0,0,0,0,0,0,0,0,0,-45000,0,0,0,50000,95000,-45000,-45000
061613,南六統一9C購01  ,0,0,0,0,0,0,0,0,0,-45000,0,0,0,0,45000,-45000,-45000
061600,聯電凱基9B購01  ,0,0,0,0,0,0,0,0,0,-45000,0,0,0,1000,46000,-45000,-45000
062212,臻鼎台新9B購01  ,0,0,0,0,0,0,0,0,0,-45000,0,0,0,10000,55000,-45000,-45000
064711,國喬統一02購01  ,0,0,0,0,0,0,0,0,0,-45000,0,0,0,109000,154000,-45000,-45000
062433,上銀元大9B購05  ,0,0,0,0,0,0,0,0,0,-45000,0,0,0,0,45000,-45000,-45000
063008,華通元大9B購06  ,0,0,0,0,0,0,0,0,0,-45000,0,0,0,0,45000,-45000,-45000
062098,億光永豐9B購01  ,0,0,0,0,0,0,0,0,0,-45000,0,0,0,55000,100000,-45000,-45000
067274,燿華統一03購01  ,0,0,0,0,0,0,0,0,0,-45000,0,0,0,0,45000,-45000,-45000
065077,鴻海元大01購03  ,0,0,0,0,0,0,0,0,0,-45000,0,0,0,5000,50000,-45000,-45000
064841,彩晶統一02購02  ,0,0,0,0,0,0,0,0,0,-45000,0,0,0,160000,205000,-45000,-45000
064907,緯穎群益9C購02  ,0,0,0,0,0,0,0,0,0,-45000,0,0,0,23000,68000,-45000,-45000
065476,聯發科元大9C購14,0,0,0,0,0,0,0,0,0,-45000,0,0,0,23000,68000,-45000,-45000
065477,健鼎元大9C購03  ,0,0,0,0,0,0,0,0,0,-45000,0,0,0,0,45000,-45000,-45000
065684,超眾統一03購01  ,0,0,0,0,0,0,0,0,0,-45000,0,0,0,5000,50000,-45000,-45000
065909,大立光永豐9C購02,0,0,0,0,0,0,0,0,0,-45000,0,0,0,0,45000,-45000,-45000
08427P,義隆國票9C售01  ,0,0,0,0,0,0,0,0,0,-45000,0,0,0,71000,116000,-45000,-45000
08509P,臺股指國票9C售10,0,0,0,0,0,0,0,0,0,-45000,0,0,0,112000,157000,-45000,-45000
08056P,華通群益9B售06  ,0,0,0,0,0,0,0,0,0,-45000,0,0,0,23000,68000,-45000,-45000
2506,太設            ,7000,51000,-44000,0,0,0,0,0,0,-1000,0,1000,-1000,0,0,0,-45000
3679,新至陞          ,134000,179000,-45000,0,0,0,0,0,0,0,0,0,0,0,0,0,-45000
6277,宏正            ,37000,81000,-44000,0,0,0,0,0,0,-1000,0,1000,-1000,0,0,0,-45000
8462,柏文            ,11000,52000,-41000,0,0,0,0,0,0,-4000,0,0,0,0,4000,-4000,-45000
069317,智邦兆豐03購01  ,0,0,0,0,0,0,0,0,0,-46000,0,0,0,22000,68000,-46000,-46000
069252,欣興凱基02購06  ,0,0,0,0,0,0,0,0,0,-46000,0,0,0,314000,360000,-46000,-46000
068570,日月光元大01購06,0,0,0,0,0,0,0,0,0,-46000,0,0,0,2000,48000,-46000,-46000
056479,玉晶光元大99購05,0,0,0,0,0,0,0,0,0,-46000,0,0,0,74000,120000,-46000,-46000
058443,T50正2富邦01購01,0,0,0,0,0,0,0,0,0,-46000,0,0,0,6000,52000,-46000,-46000
060978,國巨元大9A購13  ,0,0,0,0,0,0,0,0,0,-46000,0,0,0,145000,191000,-46000,-46000
061931,力山國票9B購02  ,0,0,0,0,0,0,0,0,0,-46000,0,0,0,14000,60000,-46000,-46000
059009,世紀鋼元大99購04,0,0,0,0,0,0,0,0,0,-46000,0,0,0,0,46000,-46000,-46000
065060,上銀群益9C購02  ,0,0,0,0,0,0,0,0,0,-46000,0,0,0,0,46000,-46000,-46000
066534,華通台新01購02  ,0,0,0,0,0,0,0,0,0,-46000,0,0,0,115000,161000,-46000,-46000
066424,晶技元大01購03  ,0,0,0,0,0,0,0,0,0,-46000,0,0,0,3000,49000,-46000,-46000
3607,谷崧            ,56000,102000,-46000,0,0,0,0,0,0,0,0,0,0,0,0,0,-46000
2450,神腦            ,4000,50000,-46000,0,0,0,0,0,0,0,0,0,0,0,0,0,-46000
068691,大成鋼凱基02購01,0,0,0,0,0,0,0,0,0,-47000,0,0,0,0,47000,-47000,-47000
068832,台積電國泰06購02,0,0,0,0,0,0,0,0,0,-47000,0,0,0,8000,55000,-47000,-47000
067857,百和國票02購01  ,0,0,0,0,0,0,0,0,0,-47000,0,0,0,6000,53000,-47000,-47000
059818,鴻海凱基99購14  ,0,0,0,0,0,0,0,0,0,-47000,0,0,0,0,47000,-47000,-47000
059722,南亞科元大99購02,0,0,0,0,0,0,0,0,0,-47000,0,0,0,10000,57000,-47000,-47000
03124P,台郡元大01售07  ,0,0,0,0,0,0,0,0,0,-47000,0,0,0,630000,677000,-47000,-47000
064625,健策元大01購02  ,0,0,0,0,0,0,0,0,0,-47000,0,0,0,0,47000,-47000,-47000
062176,元金2X元大9B購01,0,0,0,0,0,0,0,0,0,-47000,0,0,0,0,47000,-47000,-47000
061986,晶豪科元大9B購01,0,0,0,0,0,0,0,0,0,-47000,0,0,0,42000,89000,-47000,-47000
063600,燿華凱基9B購04  ,0,0,0,0,0,0,0,0,0,-47000,0,0,0,38000,85000,-47000,-47000
066742,健策元大02購03  ,0,0,0,0,0,0,0,0,0,-47000,0,0,0,28000,75000,-47000,-47000
064814,祥碩元大9C購06  ,0,0,0,0,0,0,0,0,0,-47000,0,0,0,120000,167000,-47000,-47000
2704,國賓            ,55000,99000,-44000,0,0,0,0,0,0,-3000,0,3000,-3000,0,0,0,-47000
2427,三商電          ,0,47000,-47000,0,0,0,0,0,0,0,0,0,0,0,0,0,-47000
1225,福懋油          ,5000,52000,-47000,0,0,0,0,0,0,0,0,0,0,0,0,0,-47000
067695,國產中信05購01  ,0,0,0,0,0,0,0,0,0,-48000,0,0,0,42000,90000,-48000,-48000
068090,大成鋼群益01購02,0,0,0,0,0,0,0,0,0,-48000,0,0,0,0,48000,-48000,-48000
068597,聯電凱基03購04  ,0,0,0,0,0,0,0,0,0,-48000,0,0,0,20000,68000,-48000,-48000
068531,瀚宇博元富04購03,0,0,0,0,0,0,0,0,0,-48000,0,0,0,57000,105000,-48000,-48000
068948,鴻海凱基02購07  ,0,0,0,0,0,0,0,0,0,-48000,0,0,0,20000,68000,-48000,-48000
055989,矽力元富9A購01  ,0,0,0,0,0,0,0,0,0,-48000,0,0,0,141000,189000,-48000,-48000
03488P,欣興中信02售05  ,0,0,0,0,0,0,0,0,0,-48000,0,0,0,195000,243000,-48000,-48000
059986,宏達電元大99購08,0,0,0,0,0,0,0,0,0,-48000,0,0,0,0,48000,-48000,-48000
064119,上銀元大9C購06  ,0,0,0,0,0,0,0,0,0,-48000,0,0,0,14000,62000,-48000,-48000
063334,復盛國票9B購01  ,0,0,0,0,0,0,0,0,0,-48000,0,0,0,0,48000,-48000,-48000
061424,華新科元大9A購18,0,0,0,0,0,0,0,0,0,-48000,0,0,0,14000,62000,-48000,-48000
063705,臻鼎群益9B購03  ,0,0,0,0,0,0,0,0,0,-48000,0,0,0,39000,87000,-48000,-48000
064528,國巨中信02購01  ,0,0,0,0,0,0,0,0,0,-48000,0,0,0,0,48000,-48000,-48000
062512,美食國票9B購01  ,0,0,0,0,0,0,0,0,0,-48000,0,0,0,56000,104000,-48000,-48000
065169,華邦電元大9C購03,0,0,0,0,0,0,0,0,0,-48000,0,0,0,49000,97000,-48000,-48000
066670,貿聯凱基01購01  ,0,0,0,0,0,0,0,0,0,-48000,0,0,0,471000,519000,-48000,-48000
067003,聯發科永豐01購02,0,0,0,0,0,0,0,0,0,-48000,0,0,0,340000,388000,-48000,-48000
2423,固緯            ,6000,54000,-48000,0,0,0,0,0,0,0,0,0,0,0,0,0,-48000
2706,第一店          ,2000,50000,-48000,0,0,0,0,0,0,0,0,0,0,0,0,0,-48000
2701,萬企            ,0,42000,-42000,0,0,0,0,0,0,-6000,0,6000,-6000,0,0,0,-48000
2468,華經            ,0,48000,-48000,0,0,0,0,0,0,0,0,0,0,0,0,0,-48000
2488,漢平            ,22000,62000,-40000,0,0,0,0,0,0,-8000,0,8000,-8000,0,0,0,-48000
07196P,大立光元大99售13,0,0,0,0,0,0,0,0,0,-49000,0,0,0,1000,50000,-49000,-49000
068268,旺宏永豐01購01  ,0,0,0,0,0,0,0,0,0,-49000,0,0,0,51000,100000,-49000,-49000
068785,兆豐金康和02購01,0,0,0,0,0,0,0,0,0,-49000,0,0,0,20000,69000,-49000,-49000
068030,台積電元富07購10,0,0,0,0,0,0,0,0,0,-49000,450000,0,450000,10000,509000,-499000,-49000
059191,茂林富邦9B購01  ,0,0,0,0,0,0,0,0,0,-49000,0,0,0,1000,50000,-49000,-49000
057377,康控元大99購02  ,0,0,0,0,0,0,0,0,0,-49000,0,0,0,0,49000,-49000,-49000
060543,鴻海凱基9B購02  ,0,0,0,0,0,0,0,0,0,-49000,0,0,0,0,49000,-49000,-49000
059886,可成國票99購04  ,0,0,0,0,0,0,0,0,0,-49000,0,0,0,47000,96000,-49000,-49000
062160,南六凱基9B購01  ,0,0,0,0,0,0,0,0,0,-49000,0,0,0,0,49000,-49000,-49000
062247,國巨元大9B購07  ,0,0,0,0,0,0,0,0,0,-49000,0,0,0,24000,73000,-49000,-49000
061661,京鼎永豐9A購02  ,0,0,0,0,0,0,0,0,0,-49000,0,0,0,41000,90000,-49000,-49000
063593,GIS永豐9B購01   ,0,0,0,0,0,0,0,0,0,-49000,0,0,0,111000,160000,-49000,-49000
067178,京鼎康和01購01  ,0,0,0,0,0,0,0,0,0,-49000,0,0,0,45000,94000,-49000,-49000
065414,立積永豐9C購01  ,0,0,0,0,0,0,0,0,0,-49000,0,0,0,41000,90000,-49000,-49000
065785,奇力新永豐9C購02,0,0,0,0,0,0,0,0,0,-49000,0,0,0,2000,51000,-49000,-49000
3040,遠見            ,109000,158000,-49000,0,0,0,0,0,0,0,0,0,0,0,0,0,-49000
6215,和椿            ,9000,57000,-48000,0,0,0,0,0,0,-1000,0,1000,-1000,0,0,0,-49000
068711,瑞儀國票03購02  ,0,0,0,0,0,0,0,0,0,-50000,0,0,0,35000,85000,-50000,-50000
06834P,訊芯群益99售02  ,0,0,0,0,0,0,0,0,0,-50000,0,0,0,0,50000,-50000,-50000
069997,可成元富08購02  ,0,0,0,0,0,0,0,0,0,-50000,0,0,0,5000,55000,-50000,-50000
069867,國巨群益03購01  ,0,0,0,0,0,0,0,0,0,-50000,0,0,0,0,50000,-50000,-50000
06956P,國巨日盛99售04  ,0,0,0,0,0,0,0,0,0,-50000,0,0,0,0,50000,-50000,-50000
069059,鴻海麥證02購01  ,0,0,0,0,50000,-50000,0,0,0,-50000,0,0,0,0,50000,-50000,-50000
069098,聯發科統一03購13,0,0,0,0,0,0,0,0,0,-50000,0,0,0,20000,70000,-50000,-50000
069367,T50反1元大02購04,0,0,0,0,0,0,0,0,0,-50000,0,0,0,0,50000,-50000,-50000
069468,玉晶光國票02購08,0,0,0,0,0,0,0,0,0,-50000,0,0,0,19000,69000,-50000,-50000
03529P,臺股指凱基02售08,0,0,0,0,0,0,0,0,0,-50000,0,0,0,0,50000,-50000,-50000
03309P,台灣50凱基05售01,0,0,0,0,0,0,0,0,0,-50000,0,0,0,0,50000,-50000,-50000
056997,台灣50康和9A購02,0,0,0,0,0,0,0,0,0,-50000,0,0,0,0,50000,-50000,-50000
057690,美律凱基99購03  ,0,0,0,0,0,0,0,0,0,-50000,0,0,0,10000,60000,-50000,-50000
059565,國巨凱基99購16  ,0,0,0,0,0,0,0,0,0,-50000,0,0,0,12000,62000,-50000,-50000
059510,華新科永豐99購07,0,0,0,0,0,0,0,0,0,-50000,0,0,0,100000,150000,-50000,-50000
058476,旺宏凱基9A購01  ,0,0,0,0,0,0,0,0,0,-50000,0,0,0,0,50000,-50000,-50000
058844,元油2X群益9C購03,0,0,0,0,0,0,0,0,0,-50000,0,0,0,0,50000,-50000,-50000
058845,元油2X群益9C購04,0,0,0,0,0,0,0,0,0,-50000,0,0,0,0,50000,-50000,-50000
060114,緯穎元大99購10  ,0,0,0,0,0,0,0,0,0,-50000,0,0,0,0,50000,-50000,-50000
058261,大立光富邦03購01,0,0,0,0,0,0,0,0,0,-50000,0,0,0,0,50000,-50000,-50000
063153,南六元富9B購01  ,0,0,0,0,0,0,0,0,0,-50000,0,0,0,0,50000,-50000,-50000
063300,華通凱基9B購05  ,0,0,0,0,0,0,0,0,0,-50000,0,0,0,0,50000,-50000,-50000
063239,建準元大9B購01  ,0,0,0,0,0,0,0,0,0,-50000,0,0,0,10000,60000,-50000,-50000
061637,華新科元大9A購22,0,0,0,0,0,0,0,0,0,-50000,0,0,0,1000,51000,-50000,-50000
061793,上銀永豐9B購01  ,0,0,0,0,0,0,0,0,0,-50000,0,0,0,0,50000,-50000,-50000
061789,群創群益9B購01  ,0,0,0,0,0,0,0,0,0,-50000,0,0,0,20000,70000,-50000,-50000
064031,玉晶光元大02購01,0,0,0,0,0,0,0,0,0,-50000,0,0,0,4000,54000,-50000,-50000
064577,大立光國泰02購01,0,0,0,0,0,0,0,0,0,-50000,0,0,0,0,50000,-50000,-50000
062147,大毅國票9B購02  ,0,0,0,0,0,0,0,0,0,-50000,0,0,0,0,50000,-50000,-50000
060698,旺宏國泰9C購01  ,0,0,0,0,0,0,0,0,0,-50000,0,0,0,92000,142000,-50000,-50000
062720,南亞科凱基9B購03,0,0,0,0,0,0,0,0,0,-50000,0,0,0,0,50000,-50000,-50000
062587,國巨統一9B購13  ,0,0,0,0,0,0,0,0,0,-50000,0,0,0,0,50000,-50000,-50000
062471,國泰金凱基9B購02,0,0,0,0,0,0,0,0,0,-50000,0,0,0,0,50000,-50000,-50000
062099,牧德永豐9B購01  ,0,0,0,0,0,0,0,0,0,-50000,0,0,0,0,50000,-50000,-50000
062116,元金2X第一9B購01,0,0,0,0,0,0,0,0,0,-50000,0,0,0,0,50000,-50000,-50000
062960,上証2X元富9B購02,0,0,0,0,0,0,0,0,0,-50000,0,0,0,0,50000,-50000,-50000
065541,GIS統一01購05   ,0,0,0,0,0,0,0,0,0,-50000,0,0,0,0,50000,-50000,-50000
065425,國巨凱基01購03  ,0,0,0,0,0,0,0,0,0,-50000,0,0,0,0,50000,-50000,-50000
065019,華邦電富邦9C購01,0,0,0,0,0,0,0,0,0,-50000,0,0,0,0,50000,-50000,-50000
066972,滬深2X群益03購04,0,0,0,0,0,0,0,0,0,-50000,0,0,0,0,50000,-50000,-50000
067381,康控統一03購01  ,0,0,0,0,0,0,0,0,0,-50000,0,0,0,50000,100000,-50000,-50000
066726,鴻海元大01購11  ,0,0,0,0,0,0,0,0,0,-50000,0,0,0,0,50000,-50000,-50000
066784,滬深反中信03購01,0,0,0,0,0,0,0,0,0,-50000,0,0,0,0,50000,-50000,-50000
066325,可成永豐01購01  ,0,0,0,0,0,0,0,0,0,-50000,0,0,0,0,50000,-50000,-50000
6541,泰福-KY         ,5000,55000,-50000,0,0,0,0,0,0,0,0,0,0,0,0,0,-50000
3311,閎暉            ,21000,71000,-50000,0,0,0,0,0,0,0,0,0,0,0,0,0,-50000
08960P,聯發科凱基01售15,0,0,0,0,0,0,0,0,0,-50000,0,0,0,0,50000,-50000,-50000
08889P,台灣50元大01售28,0,0,0,0,0,0,0,0,0,-50000,0,0,0,0,50000,-50000,-50000
08438P,鴻海國票01售02  ,0,0,0,0,0,0,0,0,0,-50000,0,0,0,20000,70000,-50000,-50000
08614P,聯發科統一9C售18,0,0,0,0,0,0,0,0,0,-50000,0,0,0,0,50000,-50000,-50000
08083P,健策元大9C售05  ,0,0,0,0,0,0,0,0,0,-50000,0,0,0,110000,160000,-50000,-50000
08143P,聯發科凱基9C售05,0,0,0,0,0,0,0,0,0,-50000,0,0,0,0,50000,-50000,-50000
08290P,高鐵統一01售01  ,0,0,0,0,0,0,0,0,0,-50000,0,0,0,59000,109000,-50000,-50000
07885P,長榮航凱基9B售01,0,0,0,0,0,0,0,0,0,-50000,0,0,0,0,50000,-50000,-50000
07641P,上銀凱基9A售05  ,0,0,0,0,0,0,0,0,0,-50000,0,0,0,0,50000,-50000,-50000
07643P,禾伸堂凱基9A售02,0,0,0,0,0,0,0,0,0,-50000,0,0,0,0,50000,-50000,-50000
069222,金像電群益02購05,0,0,0,0,0,0,0,0,0,-51000,0,0,0,30000,81000,-51000,-51000
069913,世紀鋼麥證02購01,0,0,0,30000,81000,-51000,0,0,0,-51000,0,0,0,30000,81000,-51000,-51000
068543,帆宣國票03購02  ,0,0,0,0,0,0,0,0,0,-51000,0,0,0,0,51000,-51000,-51000
068621,國巨群益02購03  ,0,0,0,0,0,0,0,0,0,-51000,0,0,0,60000,111000,-51000,-51000
067919,玉晶光永豐01購03,0,0,0,0,0,0,0,0,0,-51000,0,0,0,6000,57000,-51000,-51000
067899,玉晶光群益02購13,0,0,0,0,0,0,0,0,0,-51000,0,0,0,3000,54000,-51000,-51000
061236,台積電元大9A購24,0,0,0,0,0,0,0,0,0,-51000,0,0,0,23000,74000,-51000,-51000
066449,瀚宇博群益01購01,0,0,0,0,0,0,0,0,0,-51000,0,0,0,22000,73000,-51000,-51000
066411,南紡元大01購01  ,0,0,0,0,0,0,0,0,0,-51000,0,0,0,5000,56000,-51000,-51000
066977,鴻海群益02購01  ,0,0,0,0,0,0,0,0,0,-51000,0,0,0,0,51000,-51000,-51000
2038,海光            ,66000,134000,-68000,0,0,0,0,0,0,17000,17000,0,17000,0,0,0,-51000
067877,T50反1群益01購07,0,0,0,0,0,0,0,0,0,-52000,0,0,0,0,52000,-52000,-52000
068818,聯發科元大02購06,0,0,0,0,0,0,0,0,0,-52000,0,0,0,146000,198000,-52000,-52000
068300,聯電國票03購01  ,0,0,0,0,0,0,0,0,0,-52000,0,0,0,6000,58000,-52000,-52000
07195P,大立光元大99售12,0,0,0,0,0,0,0,0,0,-52000,0,0,0,50000,102000,-52000,-52000
03261P,力山國票04售01  ,0,0,0,0,0,0,0,0,0,-52000,0,0,0,55000,107000,-52000,-52000
063727,鴻海元大9C購05  ,0,0,0,0,0,0,0,0,0,-52000,0,0,0,25000,77000,-52000,-52000
061693,華新科群益9B購02,0,0,0,0,0,0,0,0,0,-52000,0,0,0,20000,72000,-52000,-52000
066234,群光富邦04購01  ,0,0,0,0,0,0,0,0,0,-52000,0,0,0,179000,231000,-52000,-52000
066777,群創富邦01購01  ,0,0,0,0,0,0,0,0,0,-52000,0,0,0,70000,122000,-52000,-52000
06485P,玉晶光群益9A售02,0,0,0,0,0,0,0,0,0,-52000,0,0,0,2000,54000,-52000,-52000
065851,京鼎元大02購01  ,0,0,0,0,0,0,0,0,0,-52000,0,0,0,14000,66000,-52000,-52000
065954,大立光統一03購01,0,0,0,0,0,0,0,0,0,-52000,0,0,0,10000,62000,-52000,-52000
065994,南六永豐01購01  ,0,0,0,0,0,0,0,0,0,-52000,0,0,0,7000,59000,-52000,-52000
2302,麗正            ,14000,66000,-52000,0,0,0,0,0,0,0,0,0,0,0,0,0,-52000
08515P,鴻海群益9C售06  ,0,0,0,0,0,0,0,0,0,-52000,0,0,0,599000,651000,-52000,-52000
08986P,聯發科元富07售06,0,0,0,0,0,0,0,0,0,-52000,0,0,0,348000,400000,-52000,-52000
069280,智易永豐02購02  ,0,0,0,0,0,0,0,0,0,-53000,0,0,0,8000,61000,-53000,-53000
068868,聯發科台新02購02,0,0,0,0,0,0,0,0,0,-53000,0,0,0,359000,412000,-53000,-53000
067953,京元電永豐01購02,0,0,0,0,0,0,0,0,0,-53000,0,0,0,15000,68000,-53000,-53000
03275P,台積電台新02售02,0,0,0,0,0,0,0,0,0,-53000,0,0,0,36000,89000,-53000,-53000
059919,宏達電元大99購06,0,0,0,0,0,0,0,0,0,-53000,0,0,0,0,53000,-53000,-53000
058750,緯穎凱基9A購03  ,0,0,0,0,0,0,0,0,0,-53000,0,0,0,87000,140000,-53000,-53000
060617,華新科元大9A購08,0,0,0,0,0,0,0,0,0,-53000,0,0,0,51000,104000,-53000,-53000
063412,寶成國票9C購01  ,0,0,0,0,0,0,0,0,0,-53000,0,0,0,0,53000,-53000,-53000
064206,鴻海凱基03購02  ,0,0,0,0,0,0,0,0,0,-53000,0,0,0,20000,73000,-53000,-53000
063729,國巨元大9C購08  ,0,0,0,0,0,0,0,0,0,-53000,0,0,0,26000,79000,-53000,-53000
065788,緯創永豐9C購02  ,0,0,0,0,0,0,0,0,0,-53000,0,0,0,0,53000,-53000,-53000
065707,聯詠群益9C購02  ,0,0,0,0,0,0,0,0,0,-53000,0,0,0,0,53000,-53000,-53000
065778,南亞科國泰01購01,0,0,0,0,0,0,0,0,0,-53000,0,0,0,50000,103000,-53000,-53000
065127,世芯永豐9C購03  ,0,0,0,0,0,0,0,0,0,-53000,0,0,0,0,53000,-53000,-53000
066841,臺指反元大04購06,0,0,0,0,0,0,0,0,0,-53000,0,0,0,433000,486000,-53000,-53000
066639,彩晶凱基05購01  ,0,0,0,0,0,0,0,0,0,-53000,0,0,0,0,53000,-53000,-53000
06626P,大立光統一9A售01,0,0,0,0,0,0,0,0,0,-53000,0,0,0,22000,75000,-53000,-53000
08665P,鴻海國票02售01  ,0,0,0,0,0,0,0,0,0,-53000,0,0,0,686000,739000,-53000,-53000
2612,中航            ,14000,64000,-50000,0,0,0,0,0,0,-3000,0,3000,-3000,0,0,0,-53000
6573,虹揚-KY         ,14000,67000,-53000,0,0,0,0,0,0,0,0,0,0,0,0,0,-53000
4438,廣越            ,15000,68000,-53000,0,0,0,0,0,0,0,0,0,0,0,0,0,-53000
068084,南電凱基02購03  ,0,0,0,0,0,0,0,0,0,-54000,0,0,0,268000,322000,-54000,-54000
059925,可成國泰9B購01  ,40000,0,40000,0,0,0,0,0,0,-94000,0,0,0,657000,751000,-94000,-54000
03243P,台積電統一02售08,0,0,0,0,0,0,0,0,0,-54000,0,0,0,36000,90000,-54000,-54000
00733,富邦臺灣中小    ,0,0,0,0,0,0,0,0,0,-54000,0,0,0,213000,267000,-54000,-54000
064443,同欣電凱基03購01,0,0,0,0,0,0,0,0,0,-54000,0,0,0,100000,154000,-54000,-54000
064435,聯發科凱基02購03,0,0,0,0,0,0,0,0,0,-54000,0,0,0,150000,204000,-54000,-54000
064224,玉晶光國票01購04,0,0,0,0,0,0,0,0,0,-54000,0,0,0,81000,135000,-54000,-54000
064122,國巨元大9C購17  ,0,0,0,0,0,0,0,0,0,-54000,0,0,0,16000,70000,-54000,-54000
063635,漢唐元大9B購04  ,0,0,0,0,0,0,0,0,0,-54000,0,0,0,38000,92000,-54000,-54000
061469,瑞祺群益9A購02  ,0,0,0,0,0,0,0,0,0,-54000,0,0,0,10000,64000,-54000,-54000
063788,矽創統一02購01  ,0,0,0,0,0,0,0,0,0,-54000,0,0,0,2000,56000,-54000,-54000
064986,GIS元大9C購07   ,0,0,0,0,0,0,0,0,0,-54000,0,0,0,186000,240000,-54000,-54000
065604,聯發科元大9C購17,0,0,0,0,0,0,0,0,0,-54000,0,0,0,67000,121000,-54000,-54000
08936P,鴻海元大01售20  ,0,0,0,0,0,0,0,0,0,-54000,0,0,0,50000,104000,-54000,-54000
068145,台積電元大01購35,0,0,0,0,0,0,0,0,0,-55000,0,0,0,0,55000,-55000,-55000
068297,臺指反國票01購03,0,0,0,0,0,0,0,0,0,-55000,0,0,0,5000,60000,-55000,-55000
069089,億光康和02購01  ,0,0,0,0,0,0,0,0,0,-55000,0,0,0,67000,122000,-55000,-55000
070149,T50反1元富08購04,0,0,0,0,0,0,0,0,0,-55000,0,0,0,0,55000,-55000,-55000
03099P,玉晶光凱基03售01,0,0,0,0,0,0,0,0,0,-55000,0,0,0,40000,95000,-55000,-55000
060251,易華電元大9C購01,0,0,0,0,0,0,0,0,0,-55000,0,0,0,0,55000,-55000,-55000
060343,台積電統一9C購02,0,0,0,0,0,0,0,0,0,-55000,0,0,0,2000,57000,-55000,-55000
057662,上銀元大9A購01  ,0,0,0,0,0,0,0,0,0,-55000,0,0,0,58000,113000,-55000,-55000
061903,宏全永豐9B購01  ,0,0,0,0,0,0,0,0,0,-55000,0,0,0,175000,230000,-55000,-55000
063782,致新永豐9B購02  ,0,0,0,0,0,0,0,0,0,-55000,0,0,0,5000,60000,-55000,-55000
062915,嘉澤元大9B購03  ,0,0,0,0,0,0,0,0,0,-55000,0,0,0,0,55000,-55000,-55000
061838,華新科凱基05購03,0,0,0,0,0,0,0,0,0,-55000,0,0,0,50000,105000,-55000,-55000
062681,全新統一01購01  ,0,0,0,0,0,0,0,0,0,-55000,0,0,0,0,55000,-55000,-55000
065480,旭富元大9C購06  ,0,0,0,0,0,0,0,0,0,-55000,0,0,0,1000,56000,-55000,-55000
065409,鴻海永豐9C購01  ,0,0,0,0,0,0,0,0,0,-55000,0,0,0,20000,75000,-55000,-55000
065312,日月光國票01購01,0,0,0,0,0,0,0,0,0,-55000,0,0,0,366000,421000,-55000,-55000
066338,德律永豐01購01  ,0,0,0,0,0,0,0,0,0,-55000,0,0,0,0,55000,-55000,-55000
08888P,台積電永豐01售01,0,0,0,0,0,0,0,0,0,-55000,0,0,0,0,55000,-55000,-55000
08548P,台勝科凱基9C售03,0,0,0,0,0,0,0,0,0,-55000,0,0,0,5000,60000,-55000,-55000
08469P,富邦金凱基9C售01,0,0,0,0,0,0,0,0,0,-55000,0,0,0,30000,85000,-55000,-55000
08206P,鴻海群益9C售03  ,0,0,0,0,0,0,0,0,0,-55000,0,0,0,0,55000,-55000,-55000
4722,國精化          ,6000,61000,-55000,0,0,0,0,0,0,0,0,0,0,0,0,0,-55000
6108,競國            ,22000,77000,-55000,0,0,0,0,0,0,0,0,0,0,0,0,0,-55000
2852,第一保          ,0,66000,-66000,0,0,0,0,0,0,11000,11000,0,11000,0,0,0,-55000
3518,柏騰            ,92000,147000,-55000,0,0,0,0,0,0,0,0,0,0,0,0,0,-55000
069465,金像電國票03購01,0,0,0,0,0,0,0,0,0,-56000,0,0,0,48000,104000,-56000,-56000
059091,中信金元大99購01,0,0,0,0,0,0,0,0,0,-56000,0,0,0,0,56000,-56000,-56000
060253,昇陽半元大9C購01,0,0,0,0,0,0,0,0,0,-56000,0,0,0,61000,117000,-56000,-56000
03435P,聯電永豐02售05  ,0,0,0,0,0,0,0,0,0,-56000,0,0,0,51000,107000,-56000,-56000
054778,世紀鋼國票99購01,0,0,0,0,0,0,0,0,0,-56000,0,0,0,0,56000,-56000,-56000
062081,華新科元大9B購06,0,0,0,0,0,0,0,0,0,-56000,0,0,0,22000,78000,-56000,-56000
061262,智邦凱基9A購02  ,0,0,0,0,0,0,0,0,0,-56000,0,0,0,0,56000,-56000,-56000
064595,超眾統一02購01  ,0,0,0,0,0,0,0,0,0,-56000,0,0,0,60000,116000,-56000,-56000
064272,鴻海元大9C購09  ,0,0,0,0,0,0,0,0,0,-56000,0,0,0,19000,75000,-56000,-56000
066834,泰鼎群益01購01  ,0,0,0,0,0,0,0,0,0,-56000,0,0,0,20000,76000,-56000,-56000
067212,聯發科元大02購02,0,0,0,0,0,0,0,0,0,-56000,0,0,0,125000,181000,-56000,-56000
065301,聯發科元富03購03,0,0,0,0,0,0,0,0,0,-56000,0,0,0,0,56000,-56000,-56000
4566,時碩工業        ,3000,57000,-54000,0,0,0,0,0,0,-2000,0,2000,-2000,0,0,0,-56000
4763,材料-KY         ,15000,75000,-60000,0,0,0,0,0,0,4000,4000,0,4000,0,0,0,-56000
069399,聯電統一02購06  ,0,0,0,0,0,0,0,0,0,-57000,0,0,0,1000,58000,-57000,-57000
069195,上銀台新02購01  ,0,0,0,0,0,0,0,0,0,-57000,0,0,0,113000,170000,-57000,-57000
068451,台積電國票01購11,0,0,0,0,0,0,0,0,0,-57000,0,0,0,1000,58000,-57000,-57000
068864,欣興元富08購01  ,0,0,0,0,0,0,0,0,0,-57000,0,0,0,59000,116000,-57000,-57000
067884,鴻海群益02購03  ,0,0,0,0,0,0,0,0,0,-57000,0,0,0,0,57000,-57000,-57000
03087P,聯發科元大01售24,0,0,0,0,0,0,0,0,0,-57000,0,0,0,103000,160000,-57000,-57000
020011,統一微波高息20N ,0,0,0,0,0,0,0,0,0,-57000,0,0,0,22000,79000,-57000,-57000
057411,臺股指群益99購05,0,0,0,0,0,0,0,0,0,-57000,0,0,0,0,57000,-57000,-57000
063428,矽創凱基9B購02  ,0,0,0,0,0,0,0,0,0,-57000,0,0,0,0,57000,-57000,-57000
063837,亞德客元大01購01,0,0,0,0,0,0,0,0,0,-57000,0,0,0,0,57000,-57000,-57000
062248,國巨元大9B購08  ,0,0,0,0,0,0,0,0,0,-57000,0,0,0,16000,73000,-57000,-57000
065012,燿華國泰02購01  ,0,0,0,0,0,0,0,0,0,-57000,0,0,0,0,57000,-57000,-57000
08650P,臺股指元大9C售36,0,0,0,0,0,0,0,0,0,-57000,0,0,0,0,57000,-57000,-57000
068078,緯創凱基02購01  ,0,0,0,0,0,0,0,0,0,-58000,0,0,0,16000,74000,-58000,-58000
068265,信錦永豐01購01  ,0,0,0,0,0,0,0,0,0,-58000,0,0,0,0,58000,-58000,-58000
068396,南電統一03購02  ,0,0,0,0,0,0,0,0,0,-58000,0,0,0,42000,100000,-58000,-58000
069201,台達電元大02購03,0,0,0,0,0,0,0,0,0,-58000,0,0,0,130000,188000,-58000,-58000
068904,美利達元大02購01,0,0,0,0,0,0,0,0,0,-58000,0,0,0,0,58000,-58000,-58000
069422,南六統一02購04  ,0,0,0,0,0,0,0,0,0,-58000,0,0,0,282000,340000,-58000,-58000
069446,華新科統一04購01,0,0,0,0,0,0,0,0,0,-58000,0,0,0,6000,64000,-58000,-58000
059101,康控統一9A購01  ,0,0,0,0,0,0,0,0,0,-58000,0,0,0,0,58000,-58000,-58000
063533,緯穎凱基9B購06  ,0,0,0,0,0,0,0,0,0,-58000,0,0,0,10000,68000,-58000,-58000
058210,臺股指凱基9C購04,0,0,0,0,0,0,0,0,0,-58000,0,0,0,0,58000,-58000,-58000
058054,台積電統一9C購01,0,0,0,0,0,0,0,0,0,-58000,0,0,0,38000,96000,-58000,-58000
03459B,臺股指元大9C熊38,0,0,0,0,0,0,0,0,0,-58000,0,0,0,153000,211000,-58000,-58000
03468P,臺股指中信05售04,0,0,0,0,0,0,0,0,0,-58000,0,0,0,0,58000,-58000,-58000
056744,麗豐凱基9A購01  ,0,0,0,0,0,0,0,0,0,-58000,0,0,0,0,58000,-58000,-58000
060248,日月光元大9A購01,0,0,0,0,0,0,0,0,0,-58000,0,0,0,0,58000,-58000,-58000
062253,燿華元大9B購02  ,0,0,0,0,0,0,0,0,0,-58000,0,0,0,0,58000,-58000,-58000
064509,台表科元大9C購08,0,0,0,0,0,0,0,0,0,-58000,0,0,0,16000,74000,-58000,-58000
062501,台積電群益9C購03,0,0,0,0,0,0,0,0,0,-58000,0,0,0,0,58000,-58000,-58000
062628,廣達國票9B購01  ,0,0,0,0,0,0,0,0,0,-58000,0,0,0,13000,71000,-58000,-58000
065466,台表科中信01購03,0,0,0,0,0,0,0,0,0,-58000,0,0,0,102000,160000,-58000,-58000
066091,南電永豐01購01  ,0,0,0,0,0,0,0,0,0,-58000,0,0,0,0,58000,-58000,-58000
067139,訊連永豐01購01  ,0,0,0,0,0,0,0,0,0,-58000,0,0,0,0,58000,-58000,-58000
066958,日月光元大01購02,0,0,0,0,0,0,0,0,0,-58000,0,0,0,10000,68000,-58000,-58000
067479,京元電元大01購05,0,0,0,0,0,0,0,0,0,-58000,0,0,0,0,58000,-58000,-58000
067407,南六永豐01購03  ,0,0,0,0,0,0,0,0,0,-58000,0,0,0,17000,75000,-58000,-58000
066311,生達永豐01購01  ,0,0,0,0,0,0,0,0,0,-58000,0,0,0,0,58000,-58000,-58000
066431,台郡元大02購01  ,0,0,0,0,0,0,0,0,0,-58000,0,0,0,0,58000,-58000,-58000
08577P,臺指2X中信03售01,0,0,0,0,0,0,0,0,0,-58000,0,0,0,116000,174000,-58000,-58000
08479P,臺股指凱基9C售17,0,0,0,0,0,0,0,0,0,-58000,0,0,0,0,58000,-58000,-58000
08528P,台勝科元大9C售02,0,0,0,0,0,0,0,0,0,-58000,0,0,0,106000,164000,-58000,-58000
08976P,臺股指群益01售10,0,0,0,0,0,0,0,0,0,-58000,0,0,0,62000,120000,-58000,-58000
1109,信大            ,18000,76000,-58000,0,0,0,0,0,0,0,0,0,0,0,0,0,-58000
1234,黑松            ,6000,58000,-52000,0,0,0,0,0,0,-6000,0,6000,-6000,0,0,0,-58000
07891P,臺股指國票9B售01,0,0,0,0,0,0,0,0,0,-58000,0,0,0,2000,60000,-58000,-58000
2617,台航            ,183000,239000,-56000,0,0,0,0,0,0,-2000,3000,5000,-2000,0,0,0,-58000
00656R,國泰中國A50反1  ,0,0,0,0,0,0,0,0,0,-58200,0,0,0,331000,389200,-58200,-58200
070135,可成統一03購01  ,0,0,0,0,0,0,0,0,0,-59000,0,0,0,0,59000,-59000,-59000
068835,台積電永豐02購01,0,0,0,0,0,0,0,0,0,-59000,0,0,0,30000,89000,-59000,-59000
068614,台郡凱基01購04  ,0,0,0,0,0,0,0,0,0,-59000,0,0,0,0,59000,-59000,-59000
03035P,玉晶光國票01售07,0,0,0,0,0,0,0,0,0,-59000,0,0,0,0,59000,-59000,-59000
03326P,臺股指凱基05售01,0,0,0,0,0,0,0,0,0,-59000,0,0,0,33000,92000,-59000,-59000
062778,國巨元大9B購17  ,0,0,0,0,0,0,0,0,0,-59000,0,0,0,11000,70000,-59000,-59000
061683,台灣50群益9B購09,0,0,0,0,0,0,0,0,0,-59000,0,0,0,28000,87000,-59000,-59000
063467,大立光元大9C購06,0,0,0,0,0,0,0,0,0,-59000,0,0,0,50000,109000,-59000,-59000
065858,台表科元大03購01,0,0,0,0,0,0,0,0,0,-59000,0,0,0,161000,220000,-59000,-59000
064816,訊芯元大9C購01  ,0,0,0,0,0,0,0,0,0,-59000,0,0,0,1000,60000,-59000,-59000
1465,偉全            ,0,59000,-59000,0,0,0,0,0,0,0,0,0,0,0,0,0,-59000
4552,力達-KY         ,55000,114000,-59000,0,0,0,0,0,0,0,0,0,0,0,0,0,-59000
07678P,大立光群益9A售03,0,0,0,0,0,0,0,0,0,-59000,0,0,0,20000,79000,-59000,-59000
08197P,聯發科元大9B售24,0,0,0,0,0,0,0,0,0,-59000,0,0,0,50000,109000,-59000,-59000
08329P,台達電統一9C售02,0,0,0,0,0,0,0,0,0,-59000,0,0,0,50000,109000,-59000,-59000
08547P,大立光中信9C售04,0,0,0,0,0,0,0,0,0,-59000,0,0,0,41000,100000,-59000,-59000
068770,大立光統一02購09,0,0,0,0,0,0,0,0,0,-60000,0,0,0,2000,62000,-60000,-60000
068246,台積電元大01購38,0,0,0,0,0,0,0,0,0,-60000,0,0,0,444000,504000,-60000,-60000
068532,台郡元富07購02  ,0,0,0,0,0,0,0,0,0,-60000,0,0,0,80000,140000,-60000,-60000
068041,訊芯元富07購01  ,0,0,0,0,0,0,0,0,0,-60000,0,0,0,0,60000,-60000,-60000
069883,臺股指國票02購11,0,0,0,0,0,0,0,0,0,-60000,0,0,0,0,60000,-60000,-60000
069939,欣興元富08購04  ,0,0,0,0,0,0,0,0,0,-60000,0,0,0,266000,326000,-60000,-60000
069617,台積電統一03購18,0,0,0,0,0,0,0,0,0,-60000,0,0,0,0,60000,-60000,-60000
069364,鎧勝永豐02購01  ,0,0,0,0,0,0,0,0,0,-60000,0,0,0,0,60000,-60000,-60000
058211,國巨群益9A購02  ,0,0,0,0,0,0,0,0,0,-60000,0,0,0,0,60000,-60000,-60000
060237,友達元大9A購06  ,0,0,0,0,0,0,0,0,0,-60000,0,0,0,0,60000,-60000,-60000
060188,華新科元富9A購03,0,0,0,0,0,0,0,0,0,-60000,0,0,0,0,60000,-60000,-60000
059997,華航元富99購01  ,0,0,0,0,0,0,0,0,0,-60000,0,0,0,0,60000,-60000,-60000
060035,臺股指永豐99購04,0,0,0,0,0,0,0,0,0,-60000,0,0,0,0,60000,-60000,-60000
059908,元金2X元大99購01,0,0,0,0,0,0,0,0,0,-60000,0,0,0,0,60000,-60000,-60000
03555P,聯電元大02售24  ,0,0,0,0,0,0,0,0,0,-60000,0,0,0,40000,100000,-60000,-60000
03359P,金像電群益02售04,0,0,0,0,0,0,0,0,0,-60000,0,0,0,150000,210000,-60000,-60000
03028P,玉晶光元大01售11,0,0,0,0,0,0,0,0,0,-60000,0,0,0,13000,73000,-60000,-60000
055502,群創元大9C購03  ,0,0,0,0,0,0,0,0,0,-60000,0,0,0,0,60000,-60000,-60000
052132,旺宏凱基9B購01  ,0,0,0,0,0,0,0,0,0,-60000,0,0,0,0,60000,-60000,-60000
064284,京鼎元大9C購01  ,0,0,0,0,0,0,0,0,0,-60000,0,0,0,27000,87000,-60000,-60000
063191,台表科凱基9B購03,0,0,0,0,0,0,0,0,0,-60000,0,0,0,35000,95000,-60000,-60000
061442,玉晶光永豐9A購07,0,0,0,0,0,0,0,0,0,-60000,0,0,0,58000,118000,-60000,-60000
063945,京元電元大9C購01,0,0,0,0,0,0,0,0,0,-60000,0,0,0,0,60000,-60000,-60000
062604,東元凱基9B購01  ,0,0,0,0,0,0,0,0,0,-60000,0,0,0,10000,70000,-60000,-60000
061159,同欣電群益9A購01,0,0,0,0,0,0,0,0,0,-60000,0,0,0,0,60000,-60000,-60000
061138,晶技統一9C購01  ,0,0,0,0,0,0,0,0,0,-60000,0,0,0,75000,135000,-60000,-60000
062177,上銀元大9B購02  ,0,0,0,0,0,0,0,0,0,-60000,0,0,0,0,60000,-60000,-60000
063078,元金2X凱基02購03,0,0,0,0,0,0,0,0,0,-60000,0,0,0,0,60000,-60000,-60000
065316,大成鋼凱基9C購01,0,0,0,0,0,0,0,0,0,-60000,0,0,0,0,60000,-60000,-60000
065843,瑞昱元大9C購03  ,0,0,0,0,0,0,0,0,0,-60000,0,0,0,27000,87000,-60000,-60000
065586,嘉聯益富邦03購01,0,0,0,0,0,0,0,0,0,-60000,0,0,0,0,60000,-60000,-60000
066213,惠特統一03購01  ,0,0,0,0,0,0,0,0,0,-60000,0,0,0,0,60000,-60000,-60000
06615P,鴻海元大9C售02  ,0,0,0,0,0,0,0,0,0,-60000,0,0,0,10000,70000,-60000,-60000
066268,宏達電元大01購02,0,0,0,0,0,0,0,0,0,-60000,0,0,0,0,60000,-60000,-60000
067470,國巨元大01購10  ,0,0,0,0,0,0,0,0,0,-60000,0,0,0,0,60000,-60000,-60000
067317,嘉澤元大02購01  ,0,0,0,0,0,0,0,0,0,-60000,0,0,0,0,60000,-60000,-60000
067295,滬深2X元大01購11,0,0,0,0,0,0,0,0,0,-60000,0,0,0,0,60000,-60000,-60000
066998,訊芯國泰03購01  ,0,0,0,0,0,0,0,0,0,-60000,0,0,0,0,60000,-60000,-60000
067225,巨大元大01購03  ,0,0,0,0,0,0,0,0,0,-60000,0,0,0,55000,115000,-60000,-60000
067168,國巨麥證01購05  ,0,0,0,15000,71000,-56000,0,0,0,-60000,0,0,0,16000,76000,-60000,-60000
08498P,大立光國票01售02,0,0,0,0,0,0,0,0,0,-60000,0,0,0,0,60000,-60000,-60000
08456P,聯發科元大9C售13,0,0,0,0,0,0,0,0,0,-60000,0,0,0,65000,125000,-60000,-60000
08374P,緯穎凱基9C售01  ,0,0,0,0,0,0,0,0,0,-60000,0,0,0,0,60000,-60000,-60000
08270P,鴻海富邦9C售02  ,0,0,0,0,0,0,0,0,0,-60000,0,0,0,0,60000,-60000,-60000
08161P,台表科元富9B售02,0,0,0,0,0,0,0,0,0,-60000,0,0,0,0,60000,-60000,-60000
4108,懷特            ,90000,150000,-60000,0,0,0,0,0,0,0,0,0,0,0,0,0,-60000
1626,艾美特-KY       ,20000,78000,-58000,0,0,0,0,0,0,-2000,0,2000,-2000,0,0,0,-60000
3383,新世紀          ,0,60000,-60000,0,0,0,0,0,0,0,0,0,0,0,0,0,-60000
069475,台灣50元大03購02,0,0,0,0,0,0,0,0,0,-61000,0,0,0,0,61000,-61000,-61000
069153,台灣50元大02購11,0,0,0,0,0,0,0,0,0,-61000,0,0,0,1000,62000,-61000,-61000
068497,緯創元大01購05  ,0,0,0,0,0,0,0,0,0,-61000,0,0,0,7000,68000,-61000,-61000
03024P,南六群益01售02  ,0,0,0,0,0,0,0,0,0,-61000,0,0,0,271000,332000,-61000,-61000
03094X,大立光元大68展08,0,0,0,0,0,0,0,0,0,-61000,0,0,0,0,61000,-61000,-61000
03155P,玉晶光群益01售08,0,0,0,0,0,0,0,0,0,-61000,0,0,0,9000,70000,-61000,-61000
061256,亞德客凱基9B購01,0,0,0,0,0,0,0,0,0,-61000,0,0,0,139000,200000,-61000,-61000
062436,國巨元大9B購14  ,0,0,0,0,0,0,0,0,0,-61000,0,0,0,5000,66000,-61000,-61000
063892,旺宏群益01購01  ,0,0,0,0,0,0,0,0,0,-61000,0,0,0,0,61000,-61000,-61000
067472,台積電元大03購01,0,0,0,0,0,0,0,0,0,-61000,0,0,0,38000,99000,-61000,-61000
065080,燿華元大01購01  ,0,0,0,0,0,0,0,0,0,-61000,0,0,0,7000,68000,-61000,-61000
08219P,上銀凱基9B售08  ,0,0,0,0,0,0,0,0,0,-61000,0,0,0,92000,153000,-61000,-61000
08349P,南六元大9C售03  ,0,0,0,0,0,0,0,0,0,-61000,0,0,0,276000,337000,-61000,-61000
07525P,臺股指中信9B售07,0,0,0,0,0,0,0,0,0,-61000,0,0,0,0,61000,-61000,-61000
07849P,大立光群益9A售06,0,0,0,0,0,0,0,0,0,-61000,0,0,0,20000,81000,-61000,-61000
08452P,智邦台新9C售05  ,0,0,0,0,0,0,0,0,0,-61000,0,0,0,101000,162000,-61000,-61000
067925,可成兆豐02購01  ,0,0,0,0,0,0,0,0,0,-62000,0,0,0,5000,67000,-62000,-62000
068920,台積電元富08購10,0,0,0,0,0,0,0,0,0,-62000,0,0,0,10000,72000,-62000,-62000
03211P,健鼎國票03售01  ,0,0,0,0,0,0,0,0,0,-62000,0,0,0,273000,335000,-62000,-62000
03260P,技嘉凱基02售01  ,0,0,0,0,0,0,0,0,0,-62000,0,0,0,82000,144000,-62000,-62000
060550,可成凱基9A購02  ,0,0,0,0,0,0,0,0,0,-62000,0,0,0,68000,130000,-62000,-62000
063686,國巨永豐9B購04  ,0,0,0,0,0,0,0,0,0,-62000,0,0,0,45000,107000,-62000,-62000
061427,旭富元大9A購02  ,0,0,0,0,0,0,0,0,0,-62000,0,0,0,10000,72000,-62000,-62000
063483,致新元大9B購03  ,0,0,0,0,0,0,0,0,0,-62000,0,0,0,0,62000,-62000,-62000
063498,金像電永豐9B購02,0,0,0,0,0,0,0,0,0,-62000,0,0,0,4000,66000,-62000,-62000
062219,燿華統一9B購01  ,0,0,0,0,0,0,0,0,0,-62000,0,0,0,8000,70000,-62000,-62000
066183,眾達凱基01購01  ,0,0,0,0,0,0,0,0,0,-62000,0,0,0,20000,82000,-62000,-62000
065964,鴻海元大02購01  ,0,0,0,0,0,0,0,0,0,-62000,0,0,0,10000,72000,-62000,-62000
08474P,臺股指凱基9C售12,0,0,0,0,0,0,0,0,0,-62000,0,0,0,0,62000,-62000,-62000
08542P,台勝科國票02售01,0,0,0,0,0,0,0,0,0,-62000,0,0,0,0,62000,-62000,-62000
1108,幸福            ,94000,153000,-59000,0,0,0,0,0,0,-3000,0,3000,-3000,0,0,0,-62000
08745P,臺股指凱基02售06,0,0,0,0,0,0,0,0,0,-62000,0,0,0,12000,74000,-62000,-62000
08230P,台表科國票9C售03,0,0,0,0,0,0,0,0,0,-62000,0,0,0,239000,301000,-62000,-62000
2731,雄獅            ,12000,74000,-62000,0,0,0,0,0,0,0,0,0,0,0,0,0,-62000
1732,毛寶            ,85000,161000,-76000,0,0,0,0,0,0,14000,0,1000,-1000,15000,0,15000,-62000
4560,強信-KY         ,139000,201000,-62000,0,0,0,0,0,0,0,0,0,0,0,0,0,-62000
4576,大銀微系統      ,35000,93000,-58000,0,0,0,0,0,0,-4000,0,4000,-4000,0,0,0,-62000
6165,捷泰            ,118000,180000,-62000,0,0,0,0,0,0,0,0,0,0,0,0,0,-62000
6183,關貿            ,10000,72000,-62000,0,0,0,0,0,0,0,0,0,0,0,0,0,-62000
068913,聯發科群益02購11,0,0,0,0,0,0,0,0,0,-63000,0,0,0,77000,140000,-63000,-63000
068328,聯發科元大01購28,0,0,0,0,0,0,0,0,0,-63000,0,0,0,60000,123000,-63000,-63000
068738,寶成元大02購01  ,0,0,0,0,0,0,0,0,0,-63000,0,0,0,3000,66000,-63000,-63000
057819,新日興元大99購01,0,0,0,0,0,0,0,0,0,-63000,0,0,0,0,63000,-63000,-63000
064180,國巨富邦02購03  ,0,0,0,0,0,0,0,0,0,-63000,0,0,0,193000,256000,-63000,-63000
03073P,大立光國泰03售04,0,0,0,0,0,0,0,0,0,-63000,0,0,0,4000,67000,-63000,-63000
03336P,光寶科國票04售01,0,0,0,0,0,0,0,0,0,-63000,0,0,0,0,63000,-63000,-63000
03445P,聯詠群益02售02  ,0,0,0,0,0,0,0,0,0,-63000,0,0,0,55000,118000,-63000,-63000
061129,文曄永豐9A購01  ,0,0,0,0,0,0,0,0,0,-63000,0,0,0,0,63000,-63000,-63000
061509,SP黃豆富邦9C購01,0,0,0,0,0,0,0,0,0,-63000,0,0,0,2000,65000,-63000,-63000
065237,茂林凱基01購01  ,0,0,0,0,0,0,0,0,0,-63000,0,0,0,125000,188000,-63000,-63000
067068,台積電元大01購21,0,0,0,0,0,0,0,0,0,-63000,0,0,0,43000,106000,-63000,-63000
067071,燿華元大01購02  ,0,0,0,0,0,0,0,0,0,-63000,0,0,0,5000,68000,-63000,-63000
066543,大成鋼元大01購02,0,0,0,0,0,0,0,0,0,-63000,0,0,0,10000,73000,-63000,-63000
5283,禾聯碩          ,27000,90000,-63000,0,0,0,0,0,0,0,1000,1000,0,0,0,0,-63000
9924,福興            ,18000,99000,-81000,0,0,0,0,0,0,18000,22000,4000,18000,0,0,0,-63000
3004,豐達科          ,65000,128000,-63000,0,0,0,0,0,0,0,0,0,0,0,0,0,-63000
068442,牧德凱基01購04  ,0,0,0,0,0,0,0,0,0,-64000,0,0,0,110000,174000,-64000,-64000
068418,微星兆豐03購01  ,0,0,0,0,0,0,0,0,0,-64000,0,0,0,50000,114000,-64000,-64000
03525P,欣興凱基02售12  ,0,0,0,0,0,0,0,0,0,-64000,0,0,0,10000,74000,-64000,-64000
03083P,鴻海元大01售22  ,0,0,0,0,0,0,0,0,0,-64000,0,0,0,5000,69000,-64000,-64000
03183P,鴻海元大01售28  ,0,0,0,0,0,0,0,0,0,-64000,0,0,0,0,64000,-64000,-64000
061645,超眾元大9A購06  ,0,0,0,0,0,0,0,0,0,-64000,0,0,0,79000,143000,-64000,-64000
063863,儒鴻富邦02購01  ,0,0,0,0,0,0,0,0,0,-64000,0,0,0,26000,90000,-64000,-64000
063452,創意統一01購01  ,0,0,0,0,0,0,0,0,0,-64000,0,0,0,28000,92000,-64000,-64000
061136,可成統一9A購01  ,0,0,0,0,0,0,0,0,0,-64000,0,0,0,109000,173000,-64000,-64000
065723,新日興兆豐01購01,0,0,0,0,0,0,0,0,0,-64000,0,0,0,46000,110000,-64000,-64000
2466,冠西電          ,0,65000,-65000,0,0,0,0,0,0,1000,1000,0,1000,0,0,0,-64000
08301P,台積電兆豐9C售02,0,0,0,0,0,0,0,0,0,-64000,0,0,0,100000,164000,-64000,-64000
068918,臺股指群益02購04,0,0,0,0,0,0,0,0,0,-65000,0,0,0,150000,215000,-65000,-65000
069060,台積電麥證02購02,0,0,0,121000,186000,-65000,0,0,0,-65000,0,0,0,121000,186000,-65000,-65000
056910,超眾元大99購02  ,0,0,0,0,0,0,0,0,0,-65000,0,0,0,0,65000,-65000,-65000
058593,大立光統一9B購02,0,0,0,0,0,0,0,0,0,-65000,0,0,0,0,65000,-65000,-65000
059213,國巨元大99購19  ,0,0,0,0,0,0,0,0,0,-65000,0,0,0,17000,82000,-65000,-65000
064586,緯創永豐9C購01  ,0,0,0,0,0,0,0,0,0,-65000,0,0,0,3000,68000,-65000,-65000
061969,大立光統一01購02,0,0,0,0,0,0,0,0,0,-65000,0,0,0,10000,75000,-65000,-65000
063928,可成統一01購02  ,0,0,0,0,0,0,0,0,0,-65000,0,0,0,154000,219000,-65000,-65000
063989,大立光永豐9C購01,0,0,0,0,0,0,0,0,0,-65000,0,0,0,25000,90000,-65000,-65000
063991,南六永豐9C購02  ,0,0,0,0,0,0,0,0,0,-65000,0,0,0,0,65000,-65000,-65000
061077,國巨兆豐9B購01  ,0,0,0,0,0,0,0,0,0,-65000,0,0,0,0,65000,-65000,-65000
065597,旺宏元大01購03  ,0,0,0,0,0,0,0,0,0,-65000,0,0,0,0,65000,-65000,-65000
065688,緯創元富9C購02  ,0,0,0,0,0,0,0,0,0,-65000,0,0,0,33000,98000,-65000,-65000
065879,瑞祺群益9C購02  ,0,0,0,0,0,0,0,0,0,-65000,0,0,0,15000,80000,-65000,-65000
065245,國泰金兆豐9C購01,0,0,0,0,0,0,0,0,0,-65000,0,0,0,0,65000,-65000,-65000
065084,南亞科元大9C購08,0,0,0,0,0,0,0,0,0,-65000,0,0,0,0,65000,-65000,-65000
064801,鴻海元大9C購13  ,0,0,0,0,0,0,0,0,0,-65000,0,0,0,0,65000,-65000,-65000
066833,正文群益01購01  ,0,0,0,0,0,0,0,0,0,-65000,0,0,0,176000,241000,-65000,-65000
066869,聯發科元富07購02,0,0,0,0,0,0,0,0,0,-65000,0,0,0,152000,217000,-65000,-65000
06698P,玉晶光國票99售05,0,0,0,0,0,0,0,0,0,-65000,0,0,0,36000,101000,-65000,-65000
08173P,金像電凱基9B售02,0,0,0,0,0,0,0,0,0,-65000,0,0,0,65000,130000,-65000,-65000
08645P,臺股指中信03售01,0,0,0,0,0,0,0,0,0,-65000,0,0,0,51000,116000,-65000,-65000
1614,三洋電          ,42000,107000,-65000,0,0,0,0,0,0,0,0,0,0,0,0,0,-65000
1506,正道            ,9000,74000,-65000,0,0,0,0,0,0,0,0,0,0,0,0,0,-65000
068250,聯發科元大02購04,0,0,0,0,0,0,0,0,0,-66000,0,0,0,16000,82000,-66000,-66000
068610,牧德凱基01購05  ,0,0,0,0,0,0,0,0,0,-66000,0,0,0,58000,124000,-66000,-66000
067890,華新科群益01購06,0,0,0,0,0,0,0,0,0,-66000,0,0,0,170000,236000,-66000,-66000
03242P,聯電統一02售04  ,0,0,0,0,0,0,0,0,0,-66000,0,0,0,76000,142000,-66000,-66000
063943,台光電元大9C購02,0,0,0,0,0,0,0,0,0,-66000,0,0,0,1000,67000,-66000,-66000
064431,台積電凱基01購05,0,0,0,0,0,0,0,0,0,-66000,0,0,0,10000,76000,-66000,-66000
066618,南六康和01購01  ,0,0,0,0,0,0,0,0,0,-66000,0,0,0,0,66000,-66000,-66000
066414,鴻海元大01購07  ,0,0,0,0,0,0,0,0,0,-66000,0,0,0,194000,260000,-66000,-66000
064764,聯茂凱基01購01  ,0,0,0,0,0,0,0,0,0,-66000,0,0,0,0,66000,-66000,-66000
065268,嘉澤元大9C購02  ,0,0,0,0,0,0,0,0,0,-66000,0,0,0,0,66000,-66000,-66000
065418,緯創國票01購01  ,0,0,0,0,0,0,0,0,0,-66000,0,0,0,90000,156000,-66000,-66000
2009,第一銅          ,2000,68000,-66000,0,0,0,0,0,0,0,0,0,0,0,0,0,-66000
1773,勝一            ,53000,119000,-66000,0,0,0,0,0,0,0,0,0,0,0,0,0,-66000
3515,華擎            ,945000,725000,220000,0,0,0,0,77000,-77000,-209000,16000,146000,-130000,6000,85000,-79000,-66000
6491,晶碩            ,142000,165000,-23000,0,0,0,0,0,0,-43000,0,5000,-5000,0,38000,-38000,-66000
8422,可寧衛          ,11000,81000,-70000,0,0,0,3000,0,3000,1000,2000,1000,1000,0,0,0,-66000
08410P,臺股指元大9C售16,0,0,0,0,0,0,0,0,0,-66000,0,0,0,22000,88000,-66000,-66000
067923,台勝科中信01購01,0,0,0,0,0,0,0,0,0,-67000,0,0,0,32000,99000,-67000,-67000
068475,晶技群益01購04  ,0,0,0,0,0,0,0,0,0,-67000,0,0,0,2000,69000,-67000,-67000
069864,南電中信03購01  ,0,0,0,0,0,0,0,0,0,-67000,0,0,0,1000,68000,-67000,-67000
03475P,欣興元大02售13  ,0,0,0,0,0,0,0,0,0,-67000,0,0,0,0,67000,-67000,-67000
03484P,欣興國泰04售02  ,0,0,0,0,0,0,0,0,0,-67000,0,0,0,10000,77000,-67000,-67000
062455,鴻海群益9C購01  ,0,0,0,0,0,0,0,0,0,-67000,0,0,0,0,67000,-67000,-67000
062004,國巨國泰9C購03  ,0,0,0,0,0,0,0,0,0,-67000,0,0,0,5000,72000,-67000,-67000
065211,世芯國票01購03  ,0,0,0,0,0,0,0,0,0,-67000,0,0,0,125000,192000,-67000,-67000
064974,燿華元大9C購03  ,0,0,0,0,0,0,0,0,0,-67000,0,0,0,1000,68000,-67000,-67000
065665,鴻海凱基9C購04  ,0,0,0,0,0,0,0,0,0,-67000,0,0,0,0,67000,-67000,-67000
066426,台勝科元大01購02,0,0,0,0,0,0,0,0,0,-67000,0,0,0,0,67000,-67000,-67000
066651,創意康和01購04  ,0,0,0,0,0,0,0,0,0,-67000,0,0,0,37000,104000,-67000,-67000
067114,京鼎群益02購04  ,0,0,0,0,0,0,0,0,0,-67000,0,0,0,10000,77000,-67000,-67000
08722P,臺股指元大01售03,0,0,0,0,0,0,0,0,0,-67000,0,0,0,33000,100000,-67000,-67000
07050P,宏達電中信9B售01,0,0,0,0,0,0,0,0,0,-68000,0,0,0,32000,100000,-68000,-68000
069123,南六群益02購03  ,0,0,0,0,0,0,0,0,0,-68000,0,0,0,0,68000,-68000,-68000
068974,國巨元大02購09  ,0,0,0,0,0,0,0,0,0,-68000,0,0,0,0,68000,-68000,-68000
069240,聯電凱基02購03  ,0,0,0,0,0,0,0,0,0,-68000,0,0,0,0,68000,-68000,-68000
068351,鴻海凱基04購01  ,0,0,0,0,0,0,0,0,0,-68000,0,0,0,0,68000,-68000,-68000
068825,京鼎元大02購02  ,0,0,0,0,0,0,0,0,0,-68000,0,0,0,26000,94000,-68000,-68000
068159,華擎元大01購08  ,0,0,0,0,0,0,0,0,0,-68000,0,0,0,14000,82000,-68000,-68000
067713,聚陽凱基01購02  ,0,0,0,0,0,0,0,0,0,-68000,0,0,0,6000,74000,-68000,-68000
067626,聚陽永豐01購01  ,0,0,0,0,0,0,0,0,0,-68000,0,0,0,18000,86000,-68000,-68000
03285P,滬深2X群益02售05,0,0,0,0,0,0,0,0,0,-68000,0,0,0,0,68000,-68000,-68000
060360,南亞科元富9A購02,0,0,0,0,0,0,0,0,0,-68000,0,0,0,85000,153000,-68000,-68000
00680L,元大美債20正2   ,0,6000,-6000,0,0,0,0,0,0,-62000,0,0,0,1000,63000,-62000,-68000
054826,復盛元大9A購01  ,0,0,0,0,0,0,0,0,0,-68000,0,0,0,0,68000,-68000,-68000
060431,復盛永豐9A購01  ,0,0,0,0,0,0,0,0,0,-68000,0,0,0,0,68000,-68000,-68000
060895,華新科凱基9B購05,0,0,0,0,0,0,0,0,0,-68000,0,0,0,0,68000,-68000,-68000
060920,超眾富邦9B購01  ,0,0,0,0,0,0,0,0,0,-68000,0,0,0,63000,131000,-68000,-68000
062758,國巨凱基9B購09  ,0,0,0,0,0,0,0,0,0,-68000,0,0,0,5000,73000,-68000,-68000
058053,上銀統一9B購01  ,0,0,0,0,0,0,0,0,0,-68000,0,0,0,493000,561000,-68000,-68000
061983,華新科元大9B購04,0,0,0,0,0,0,0,0,0,-68000,0,0,0,0,68000,-68000,-68000
063598,國巨凱基9B購14  ,0,0,0,0,0,0,0,0,0,-68000,0,0,0,5000,73000,-68000,-68000
064130,創意元大9C購02  ,0,0,0,0,0,0,0,0,0,-68000,0,0,0,6000,74000,-68000,-68000
064021,國巨元大9C購15  ,0,0,0,0,0,0,0,0,0,-68000,0,0,0,10000,78000,-68000,-68000
061835,華新科凱基02購03,0,0,0,0,0,0,0,0,0,-68000,0,0,0,0,68000,-68000,-68000
061575,華新科元大9A購20,0,0,0,0,0,0,0,0,0,-68000,0,0,0,0,68000,-68000,-68000
062331,大立光統一9B購10,0,0,0,0,0,0,0,0,0,-68000,0,0,0,132000,200000,-68000,-68000
062636,聯鈞國票9B購01  ,0,0,0,0,0,0,0,0,0,-68000,0,0,0,0,68000,-68000,-68000
064645,義隆凱基03購01  ,0,0,0,0,0,0,0,0,0,-68000,0,0,0,1000,69000,-68000,-68000
067301,漢唐元大01購02  ,0,0,0,0,0,0,0,0,0,-68000,0,0,0,0,68000,-68000,-68000
066572,台郡元大01購02  ,0,0,0,0,0,0,0,0,0,-68000,0,0,0,5000,73000,-68000,-68000
066798,燿華凱基02購02  ,0,0,0,0,0,0,0,0,0,-68000,0,0,0,0,68000,-68000,-68000
064812,旭富元大9C購04  ,0,0,0,0,0,0,0,0,0,-68000,0,0,0,0,68000,-68000,-68000
064918,中信金統一02購01,0,0,0,0,0,0,0,0,0,-68000,0,0,0,72000,140000,-68000,-68000
08964P,美律台新01售01  ,0,0,0,0,0,0,0,0,0,-68000,0,0,0,200000,268000,-68000,-68000
08248P,旺宏群益9C售02  ,0,0,0,0,0,0,0,0,0,-68000,0,0,0,27000,95000,-68000,-68000
2642,宅配通          ,105000,172000,-67000,0,0,0,0,0,0,-1000,0,1000,-1000,0,0,0,-68000
2380,虹光            ,53000,121000,-68000,0,0,0,0,0,0,0,0,0,0,0,0,0,-68000
1730,花仙子          ,18000,86000,-68000,0,0,0,0,0,0,0,0,0,0,0,0,0,-68000
1608,華榮            ,362000,430000,-68000,0,0,0,0,0,0,0,0,0,0,0,0,0,-68000
067706,台積電元富07購07,0,0,0,0,0,0,0,0,0,-69000,0,0,0,82000,151000,-69000,-69000
068196,南亞科凱基01購04,0,0,0,0,0,0,0,0,0,-69000,0,0,0,20000,89000,-69000,-69000
068658,義隆元大02購01  ,0,0,0,0,0,0,0,0,0,-69000,0,0,0,644000,713000,-69000,-69000
069790,台積電凱基04購02,0,0,0,0,0,0,0,0,0,-69000,0,0,0,4000,73000,-69000,-69000
052328,台表科中信99購01,0,0,0,0,0,0,0,0,0,-69000,0,0,0,0,69000,-69000,-69000
00713,元大台灣高息低波,1000,51000,-50000,0,0,0,0,0,0,-19000,0,0,0,21000,40000,-19000,-69000
03264P,聯茂國票04售01  ,0,0,0,0,0,0,0,0,0,-69000,0,0,0,71000,140000,-69000,-69000
064445,聚陽統一02購01  ,0,0,0,0,0,0,0,0,0,-69000,0,0,0,11000,80000,-69000,-69000
062637,智易國票9B購01  ,0,0,0,0,0,0,0,0,0,-69000,0,0,0,30000,99000,-69000,-69000
061557,台積電國票9C購02,0,0,0,0,0,0,0,0,0,-69000,0,0,0,10000,79000,-69000,-69000
063873,南六永豐9C購01  ,0,0,0,0,0,0,0,0,0,-69000,0,0,0,1000,70000,-69000,-69000
065602,聯發科元大9C購15,0,0,0,0,0,0,0,0,0,-69000,0,0,0,44000,113000,-69000,-69000
067209,瑞昱元大01購04  ,0,0,0,0,0,0,0,0,0,-69000,0,0,0,353000,422000,-69000,-69000
08157P,大立光元富9B售06,0,0,0,0,0,0,0,0,0,-69000,0,0,0,302000,371000,-69000,-69000
07756P,台灣50國票04售01,0,0,0,0,0,0,0,0,0,-69000,0,0,0,61000,130000,-69000,-69000
069653,可成凱基02購04  ,0,0,0,0,0,0,0,0,0,-70000,0,0,0,103000,173000,-70000,-70000
070033,宏碁國泰04購01  ,0,0,0,0,0,0,0,0,0,-70000,0,0,0,1000,71000,-70000,-70000
069400,聯電統一03購06  ,0,0,0,0,0,0,0,0,0,-70000,0,0,0,0,70000,-70000,-70000
069055,台表科元富08購01,0,0,0,0,0,0,0,0,0,-70000,0,0,0,0,70000,-70000,-70000
069154,光寶科元大02購01,0,0,0,0,0,0,0,0,0,-70000,0,0,0,30000,100000,-70000,-70000
068466,帆宣永豐01購02  ,0,0,0,0,0,0,0,0,0,-70000,0,0,0,0,70000,-70000,-70000
068026,華通元富07購01  ,0,0,0,0,0,0,0,0,0,-70000,0,0,0,0,70000,-70000,-70000
067675,中工元大03購01  ,0,0,0,0,0,0,0,0,0,-70000,0,0,0,134000,204000,-70000,-70000
03122P,台積電元大01售44,0,0,0,0,0,0,0,0,0,-70000,0,0,0,0,70000,-70000,-70000
03192P,台積電國泰03售05,0,0,0,0,0,0,0,0,0,-70000,0,0,0,863000,933000,-70000,-70000
00663L,國泰臺灣加權正2 ,92000,22000,70000,0,0,0,0,0,0,-140000,0,0,0,503000,643000,-140000,-70000
03090P,臺股指元大01售19,0,0,0,0,0,0,0,0,0,-70000,0,0,0,180000,250000,-70000,-70000
059922,大立光元大99購25,0,0,0,0,0,0,0,0,0,-70000,0,0,0,6000,76000,-70000,-70000
059241,旺宏凱基99購07  ,0,0,0,0,0,0,0,0,0,-70000,0,0,0,0,70000,-70000,-70000
061649,緯穎元大9A購06  ,0,0,0,0,0,0,0,0,0,-70000,0,0,0,0,70000,-70000,-70000
063292,致新元大9B購02  ,0,0,0,0,0,0,0,0,0,-70000,0,0,0,0,70000,-70000,-70000
062108,晶豪科國票9B購01,0,0,0,0,0,0,0,0,0,-70000,0,0,0,0,70000,-70000,-70000
066492,台郡元富01購01  ,0,0,0,0,0,0,0,0,0,-70000,0,0,0,0,70000,-70000,-70000
066332,慧洋永豐01購01  ,0,0,0,0,0,0,0,0,0,-70000,0,0,0,0,70000,-70000,-70000
065837,臺指反元大03購05,0,0,0,0,0,0,0,0,0,-70000,0,0,0,0,70000,-70000,-70000
065179,同欣電元大02購01,0,0,0,0,0,0,0,0,0,-70000,0,0,0,0,70000,-70000,-70000
07877P,晶技永豐9B售01  ,0,0,0,0,0,0,0,0,0,-70000,0,0,0,0,70000,-70000,-70000
2832,台產            ,7000,71000,-64000,0,0,0,0,0,0,-6000,0,6000,-6000,0,0,0,-70000
4190,佐登-KY         ,9000,70000,-61000,0,0,0,0,0,0,-9000,0,3000,-3000,0,6000,-6000,-70000
067665,台達電元大01購04,0,0,0,0,0,0,0,0,0,-71000,0,0,0,186000,257000,-71000,-71000
069495,鎧勝元大02購02  ,0,0,0,0,0,0,0,0,0,-71000,0,0,0,85000,156000,-71000,-71000
069770,精元元大02購03  ,0,0,0,0,0,0,0,0,0,-71000,0,0,0,41000,112000,-71000,-71000
059297,大立光元富9C購01,0,0,0,0,0,0,0,0,0,-71000,0,0,0,91000,162000,-71000,-71000
03453P,儒鴻康和02售01  ,0,0,0,0,0,0,0,0,0,-71000,0,0,0,0,71000,-71000,-71000
063590,華擎永豐9B購01  ,0,0,0,0,0,0,0,0,0,-71000,0,0,0,50000,121000,-71000,-71000
063785,華通中信06購02  ,0,0,0,0,0,0,0,0,0,-71000,0,0,0,0,71000,-71000,-71000
061374,力山永豐9A購04  ,0,0,0,0,0,0,0,0,0,-71000,0,0,0,130000,201000,-71000,-71000
066225,松翰國泰03購01  ,0,0,0,0,0,0,0,0,0,-71000,0,0,0,206000,277000,-71000,-71000
067372,聯發科統一03購03,0,0,0,0,0,0,0,0,0,-71000,0,0,0,98000,169000,-71000,-71000
5203,訊連            ,350000,381000,-31000,0,0,0,0,0,0,-40000,0,0,0,1000,41000,-40000,-71000
068203,玉晶光凱基03購03,0,0,0,0,0,0,0,0,0,-72000,0,0,0,60000,132000,-72000,-72000
03302P,聯發科元富02售08,0,0,0,0,0,0,0,0,0,-72000,0,0,0,12000,84000,-72000,-72000
03355P,聯發科凱基03售08,0,0,0,0,0,0,0,0,0,-72000,0,0,0,9000,81000,-72000,-72000
057730,聯鈞國泰9A購01  ,0,0,0,0,0,0,0,0,0,-72000,0,0,0,28000,100000,-72000,-72000
063827,國巨國票02購01  ,0,0,0,0,0,0,0,0,0,-72000,0,0,0,59000,131000,-72000,-72000
064083,群創中信06購01  ,0,0,0,0,0,0,0,0,0,-72000,0,0,0,5000,77000,-72000,-72000
066821,臺指反群益01購03,0,0,0,0,0,0,0,0,0,-72000,0,0,0,40000,112000,-72000,-72000
065613,GIS元大9C購08   ,0,0,0,0,0,0,0,0,0,-72000,0,0,0,23000,95000,-72000,-72000
2705,六福            ,23000,95000,-72000,0,0,0,0,0,0,0,0,0,0,0,0,0,-72000
3588,通嘉            ,151000,223000,-72000,0,0,0,0,0,0,0,0,0,0,0,0,0,-72000
3617,碩天            ,7000,76000,-69000,0,0,0,0,0,0,-3000,0,3000,-3000,0,0,0,-72000
1472,三洋紡          ,0,72000,-72000,0,0,0,0,0,0,0,0,0,0,0,0,0,-72000
1906,寶隆            ,15000,85000,-70000,0,0,0,0,0,0,-2000,0,2000,-2000,0,0,0,-72000
067804,旺宏凱基01購04  ,0,0,0,0,0,0,0,0,0,-73000,0,0,0,0,73000,-73000,-73000
069503,聯電永豐02購06  ,0,0,0,0,0,0,0,0,0,-73000,0,0,0,1000,74000,-73000,-73000
068947,台達電凱基03購01,0,0,0,0,0,0,0,0,0,-73000,0,0,0,27000,100000,-73000,-73000
060632,可成富邦9B購01  ,0,0,0,0,0,0,0,0,0,-73000,0,0,0,17000,90000,-73000,-73000
060413,東元永豐9A購01  ,0,0,0,0,0,0,0,0,0,-73000,0,0,0,1000,74000,-73000,-73000
03313P,台積電元大02售15,0,0,0,0,0,0,0,0,0,-73000,0,0,0,900000,973000,-73000,-73000
03028X,元展25          ,0,0,0,0,0,0,0,0,0,-73000,0,0,0,0,73000,-73000,-73000
050758,聯發科元富9B購01,0,0,0,0,0,0,0,0,0,-73000,0,0,0,786000,859000,-73000,-73000
064281,大立光元大9C購12,0,0,0,0,0,0,0,0,0,-73000,0,0,0,30000,103000,-73000,-73000
064037,寶成元大9C購02  ,0,0,0,0,0,0,0,0,0,-73000,0,0,0,0,73000,-73000,-73000
060792,信錦永豐9A購01  ,0,0,0,0,0,0,0,0,0,-73000,0,0,0,0,73000,-73000,-73000
066219,惠特元富01購01  ,0,0,0,0,0,0,0,0,0,-73000,0,0,0,50000,123000,-73000,-73000
066086,東元永豐01購01  ,0,0,0,0,0,0,0,0,0,-73000,0,0,0,12000,85000,-73000,-73000
065116,臺股指國票9C購13,0,0,0,0,0,0,0,0,0,-73000,0,0,0,0,73000,-73000,-73000
066749,瑞祺元大01購03  ,0,0,0,0,0,0,0,0,0,-73000,0,0,0,60000,133000,-73000,-73000
066592,大立光群益01購06,0,0,0,0,0,0,0,0,0,-73000,0,0,0,68000,141000,-73000,-73000
066641,台郡凱基03購01  ,0,0,0,0,0,0,0,0,0,-73000,0,0,0,0,73000,-73000,-73000
4989,榮科            ,7000,72000,-65000,0,0,0,0,0,0,-8000,0,8000,-8000,0,0,0,-73000
07917P,可成永豐9B售01  ,0,0,0,0,0,0,0,0,0,-73000,0,0,0,30000,103000,-73000,-73000
08652P,鴻海群益9C售09  ,0,0,0,0,0,0,0,0,0,-73000,0,0,0,115000,188000,-73000,-73000
08575P,長榮航凱基9C售02,0,0,0,0,0,0,0,0,0,-73000,0,0,0,30000,103000,-73000,-73000
069212,和碩元大02購02  ,0,0,0,0,0,0,0,0,0,-74000,0,0,0,37000,111000,-74000,-74000
070148,世紀鋼統一04購01,0,0,0,0,0,0,0,0,0,-74000,0,0,0,0,74000,-74000,-74000
067796,臺股指群益01購08,0,0,0,0,0,0,0,0,0,-74000,0,0,0,2000,76000,-74000,-74000
068343,台積電麥證01購12,0,0,0,52000,126000,-74000,0,0,0,-74000,0,0,0,52000,126000,-74000,-74000
03413P,華擎元大02售02  ,0,0,0,0,0,0,0,0,0,-74000,0,0,0,114000,188000,-74000,-74000
057787,TPK國票99購01   ,0,0,0,0,0,0,0,0,0,-74000,0,0,0,90000,164000,-74000,-74000
2816,旺旺保          ,22000,93000,-71000,0,0,0,0,0,0,-3000,0,3000,-3000,0,0,0,-74000
067622,同欣電國泰02購01,0,0,0,0,0,0,0,0,0,-75000,0,0,0,8000,83000,-75000,-75000
069561,力山康和02購01  ,0,0,0,0,0,0,0,0,0,-75000,0,0,0,0,75000,-75000,-75000
03384P,聯電凱基03售07  ,0,0,0,0,0,0,0,0,0,-75000,0,0,0,110000,185000,-75000,-75000
03145P,聯發科國票03售01,0,0,0,0,0,0,0,0,0,-75000,0,0,0,14000,89000,-75000,-75000
061213,群創元大9A購05  ,0,0,0,0,0,0,0,0,0,-75000,0,0,0,5000,80000,-75000,-75000
062235,億光凱基9B購01  ,0,0,0,0,0,0,0,0,0,-75000,0,0,0,37000,112000,-75000,-75000
064042,國巨統一9C購12  ,0,0,0,0,0,0,0,0,0,-75000,0,0,0,22000,97000,-75000,-75000
064029,宏達電元大9C購01,0,0,0,0,0,0,0,0,0,-75000,0,0,0,35000,110000,-75000,-75000
063821,南亞科麥證9C購01,0,0,0,5000,80000,-75000,0,0,0,-75000,0,0,0,5000,80000,-75000,-75000
061593,智原永豐9A購01  ,0,0,0,0,0,0,0,0,0,-75000,0,0,0,5000,80000,-75000,-75000
063290,GIS元大9B購02   ,0,0,0,0,0,0,0,0,0,-75000,0,0,0,0,75000,-75000,-75000
066676,A50正2兆豐03購01,0,0,0,0,0,0,0,0,0,-75000,0,0,0,116000,191000,-75000,-75000
066868,聯發科元富07購01,10000,0,10000,0,0,0,0,0,0,-85000,0,0,0,276000,361000,-85000,-75000
067227,T50反1群益01購06,0,0,0,0,0,0,0,0,0,-75000,0,0,0,125000,200000,-75000,-75000
065199,華擎元富03購01  ,0,0,0,0,0,0,0,0,0,-75000,0,0,0,67000,142000,-75000,-75000
9930,中聯資源        ,16000,87000,-71000,0,0,0,0,0,0,-4000,0,4000,-4000,0,0,0,-75000
067598,台積電凱基01購13,0,0,0,0,0,0,0,0,0,-76000,0,0,0,5000,81000,-76000,-76000
067862,泰豐元大01購02  ,0,0,0,0,0,0,0,0,0,-76000,0,0,0,210000,286000,-76000,-76000
068128,台積電統一03購07,0,0,0,0,0,0,0,0,0,-76000,0,0,0,635000,711000,-76000,-76000
068505,GIS元大01購06   ,0,0,0,0,0,0,0,0,0,-76000,0,0,0,1000,77000,-76000,-76000
068769,義隆統一04購01  ,0,0,0,0,0,0,0,0,0,-76000,0,0,0,0,76000,-76000,-76000
03321P,智邦凱基03售01  ,0,0,0,0,0,0,0,0,0,-76000,0,0,0,233000,309000,-76000,-76000
03485P,智邦永豐02售01  ,0,0,0,0,0,0,0,0,0,-76000,0,0,0,0,76000,-76000,-76000
060364,奇力新元富9A購01,0,0,0,0,0,0,0,0,0,-76000,0,0,0,17000,93000,-76000,-76000
064271,鴻海元大9C購08  ,0,0,0,0,0,0,0,0,0,-76000,0,0,0,0,76000,-76000,-76000
061663,南六永豐9A購05  ,0,0,0,0,0,0,0,0,0,-76000,0,0,0,1000,77000,-76000,-76000
065178,和碩元大9C購01  ,0,0,0,0,0,0,0,0,0,-76000,0,0,0,20000,96000,-76000,-76000
066275,台勝科元大01購01,0,0,0,0,0,0,0,0,0,-76000,0,0,0,0,76000,-76000,-76000
08680P,聯發科元大01售10,0,0,0,0,0,0,0,0,0,-76000,0,0,0,30000,106000,-76000,-76000
08395P,燿華永豐9C售02  ,0,0,0,0,0,0,0,0,0,-76000,0,0,0,84000,160000,-76000,-76000
08811P,鴻海群益01售08  ,0,0,0,0,0,0,0,0,0,-76000,0,0,0,21000,97000,-76000,-76000
068726,全新元大02購01  ,0,0,0,0,0,0,0,0,0,-77000,0,0,0,0,77000,-77000,-77000
060642,華擎永豐9A購02  ,0,0,0,0,0,0,0,0,0,-77000,0,0,0,16000,93000,-77000,-77000
064194,燿華群益9C購01  ,0,0,0,0,0,0,0,0,0,-77000,0,0,0,21000,98000,-77000,-77000
064349,泰鼎元大9C購02  ,0,0,0,0,0,0,0,0,0,-77000,0,0,0,22000,99000,-77000,-77000
067444,國巨國票03購01  ,0,0,0,0,0,0,0,0,0,-77000,0,0,0,0,77000,-77000,-77000
064817,鈺齊元大9C購02  ,0,0,0,0,0,0,0,0,0,-77000,0,0,0,191000,268000,-77000,-77000
08991P,玉晶光元大01售06,0,0,0,0,0,0,0,0,0,-77000,0,0,0,155000,232000,-77000,-77000
07675P,全新永豐9A售02  ,0,0,0,0,0,0,0,0,0,-77000,0,0,0,0,77000,-77000,-77000
08067P,大立光凱基9B售08,0,0,0,0,0,0,0,0,0,-77000,0,0,0,14000,91000,-77000,-77000
2495,普安            ,26000,92000,-66000,0,0,0,0,0,0,-11000,5000,16000,-11000,0,0,0,-77000
069598,強茂國票03購01  ,0,0,0,0,0,0,0,0,0,-78000,0,0,0,109000,187000,-78000,-78000
070055,台灣50兆豐03購04,0,0,0,0,0,0,0,0,0,-78000,0,0,0,0,78000,-78000,-78000
069026,聯陽國票03購01  ,0,0,0,0,0,0,0,0,0,-78000,0,0,0,2000,80000,-78000,-78000
069095,金像電統一04購01,0,0,0,0,0,0,0,0,0,-78000,0,0,0,120000,198000,-78000,-78000
059031,元石油中信03購01,0,0,0,0,0,0,0,0,0,-78000,0,0,0,0,78000,-78000,-78000
059500,鴻海元富99購11  ,0,0,0,0,0,0,0,0,0,-78000,0,0,0,0,78000,-78000,-78000
03338P,緯創國票04售01  ,0,0,0,0,0,0,0,0,0,-78000,0,0,0,325000,403000,-78000,-78000
063415,台積電凱基03購01,0,0,0,0,0,0,0,0,0,-78000,0,0,0,16000,94000,-78000,-78000
066169,晶豪科凱基01購01,0,0,0,0,0,0,0,0,0,-78000,0,0,0,1000,79000,-78000,-78000
067420,國巨凱基02購03  ,0,0,0,0,0,0,0,0,0,-78000,0,0,0,19000,97000,-78000,-78000
067315,京鼎元大01購05  ,0,0,0,0,0,0,0,0,0,-78000,0,0,0,97000,175000,-78000,-78000
066550,國泰金元大01購01,0,0,0,0,0,0,0,0,0,-78000,0,0,0,22000,100000,-78000,-78000
08812P,聯發科群益01售01,0,0,0,0,0,0,0,0,0,-78000,0,0,0,0,78000,-78000,-78000
07057P,大立光康和9B售02,0,0,0,0,0,0,0,0,0,-79000,0,0,0,31000,110000,-79000,-79000
068754,聯發科國泰08購01,0,0,0,0,0,0,0,0,0,-79000,0,0,0,70000,149000,-79000,-79000
068129,宏碁統一03購01  ,0,0,0,0,0,0,0,0,0,-79000,0,0,0,380000,459000,-79000,-79000
068218,台光電統一02購05,0,0,0,0,0,0,0,0,0,-79000,0,0,0,0,79000,-79000,-79000
059643,日月光凱基99購02,0,0,0,0,0,0,0,0,0,-79000,0,0,0,0,79000,-79000,-79000
03178P,台積電群益01售23,0,0,0,0,0,0,0,0,0,-79000,0,0,0,60000,139000,-79000,-79000
03014P,玉晶光永豐01售05,0,0,0,0,0,0,0,0,0,-79000,0,0,0,0,79000,-79000,-79000
057101,新光金中信9A購01,0,0,0,0,0,0,0,0,0,-79000,0,0,0,0,79000,-79000,-79000
061360,智邦兆豐9B購02  ,0,0,0,0,0,0,0,0,0,-79000,0,0,0,27000,106000,-79000,-79000
067260,台郡國票02購02  ,0,0,0,0,0,0,0,0,0,-79000,0,0,0,0,79000,-79000,-79000
066218,美利達統一03購02,0,0,0,0,0,0,0,0,0,-79000,0,0,0,58000,137000,-79000,-79000
064875,國巨兆豐01購01  ,0,0,0,0,0,0,0,0,0,-79000,0,0,0,1000,80000,-79000,-79000
08156P,大立光元富9B售05,0,0,0,0,0,0,0,0,0,-79000,0,0,0,178000,257000,-79000,-79000
067666,國巨元大02購03  ,0,0,0,0,0,0,0,0,0,-80000,0,0,0,236000,316000,-80000,-80000
06836P,玉晶光國票99售06,0,0,0,0,0,0,0,0,0,-80000,0,0,0,20000,100000,-80000,-80000
068260,道瓊銀富邦07購01,0,0,0,0,0,0,0,0,0,-80000,0,0,0,0,80000,-80000,-80000
07293P,臺股指凱基99售45,0,0,0,0,0,0,0,0,0,-80000,0,0,0,0,80000,-80000,-80000
069687,玉晶光元大02購09,0,0,0,0,0,0,0,0,0,-80000,0,0,0,23000,103000,-80000,-80000
069160,聯發科元大02購07,0,0,0,0,0,0,0,0,0,-80000,0,0,0,0,80000,-80000,-80000
069385,華擎元大02購03  ,0,0,0,0,0,0,0,0,0,-80000,0,0,0,9000,89000,-80000,-80000
062745,聯詠永豐9B購01  ,0,0,0,0,0,0,0,0,0,-80000,0,0,0,12000,92000,-80000,-80000
060320,元金2X群益02購01,0,0,0,0,0,0,0,0,0,-80000,0,0,0,0,80000,-80000,-80000
061308,元金2X中信9A購01,0,0,0,0,0,0,0,0,0,-80000,0,0,0,0,80000,-80000,-80000
063117,聯茂麥證9B購01  ,0,0,0,0,80000,-80000,0,0,0,-80000,0,0,0,0,80000,-80000,-80000
063106,台表科群益9B購03,0,0,0,0,0,0,0,0,0,-80000,0,0,0,0,80000,-80000,-80000
063054,健鼎統一01購01  ,0,0,0,0,0,0,0,0,0,-80000,0,0,0,0,80000,-80000,-80000
062596,緯穎統一01購02  ,0,0,0,0,0,0,0,0,0,-80000,0,0,0,0,80000,-80000,-80000
061088,國巨統一9C購05  ,0,0,0,0,0,0,0,0,0,-80000,0,0,0,0,80000,-80000,-80000
062985,元金2X第一9B購02,0,0,0,0,0,0,0,0,0,-80000,0,0,0,0,80000,-80000,-80000
062519,元金2X元大9B購03,0,0,0,0,0,0,0,0,0,-80000,0,0,0,0,80000,-80000,-80000
064880,神達兆豐9C購01  ,0,0,0,0,0,0,0,0,0,-80000,0,0,0,100000,180000,-80000,-80000
064797,道瓊反元大01購01,0,0,0,0,0,0,0,0,0,-80000,0,0,0,0,80000,-80000,-80000
065197,景碩元富06購01  ,0,0,0,0,0,0,0,0,0,-80000,0,0,0,0,80000,-80000,-80000
066008,大立光統一03購02,0,0,0,0,0,0,0,0,0,-80000,0,0,0,144000,224000,-80000,-80000
067259,聯茂國票02購01  ,0,0,0,0,0,0,0,0,0,-80000,0,0,0,0,80000,-80000,-80000
067489,華擎元大01購06  ,0,0,0,0,0,0,0,0,0,-80000,0,0,0,106000,186000,-80000,-80000
067094,上証2X群益02購01,0,0,0,0,0,0,0,0,0,-80000,0,0,0,0,80000,-80000,-80000
067078,京鼎元大01購04  ,0,0,0,0,0,0,0,0,0,-80000,0,0,0,67000,147000,-80000,-80000
066346,眾達永豐01購01  ,0,0,0,0,0,0,0,0,0,-80000,0,0,0,156000,236000,-80000,-80000
07577P,華新科元大9A售09,0,0,0,0,0,0,0,0,0,-80000,0,0,0,200000,280000,-80000,-80000
07876P,台灣50國泰01售01,0,0,0,0,0,0,0,0,0,-80000,0,0,0,0,80000,-80000,-80000
08559P,瑞昱國票9C售01  ,0,0,0,0,0,0,0,0,0,-80000,0,0,0,20000,100000,-80000,-80000
2228,劍麟            ,50000,130000,-80000,0,0,0,0,0,0,0,0,0,0,0,0,0,-80000
4119,旭富            ,276000,316000,-40000,0,0,0,0,0,0,-40000,2000,10000,-8000,1000,33000,-32000,-80000
8464,億豐            ,729190,786066,-56876,0,0,0,0,0,0,-24000,23000,12000,11000,0,35000,-35000,-80876
069527,S&P反1群益02購01,0,0,0,0,0,0,0,0,0,-81000,0,0,0,0,81000,-81000,-81000
068430,聯電凱基01購01  ,0,0,0,0,0,0,0,0,0,-81000,0,0,0,22000,103000,-81000,-81000
067600,台積電凱基01購15,0,0,0,0,0,0,0,0,0,-81000,0,0,0,3000,84000,-81000,-81000
067950,元金2X永豐01購02,0,0,0,0,0,0,0,0,0,-81000,0,0,0,0,81000,-81000,-81000
058075,貿聯凱基99購02  ,0,0,0,0,0,0,0,0,0,-81000,0,0,0,144000,225000,-81000,-81000
062992,聯發科群益9B購09,0,0,0,0,0,0,0,0,0,-81000,0,0,0,40000,121000,-81000,-81000
061347,創意元大9A購02  ,0,0,0,0,0,0,0,0,0,-81000,0,0,0,35000,116000,-81000,-81000
063973,緯穎國票9C購01  ,0,0,0,0,0,0,0,0,0,-81000,0,0,0,16000,97000,-81000,-81000
064121,國巨元大9C購16  ,0,0,0,0,0,0,0,0,0,-81000,0,0,0,134000,215000,-81000,-81000
065432,景碩凱基9C購03  ,0,0,0,0,0,0,0,0,0,-81000,0,0,0,2000,83000,-81000,-81000
8463,潤泰材          ,61000,134000,-73000,0,0,0,0,0,0,-8000,0,8000,-8000,0,0,0,-81000
1611,中電            ,95000,175000,-80000,0,0,0,0,0,0,-1000,0,1000,-1000,0,0,0,-81000
08461P,長榮航國票9C售01,0,0,0,0,0,0,0,0,0,-81000,0,0,0,47000,128000,-81000,-81000
068235,T50反1元大01購08,0,0,0,0,0,0,0,0,0,-82000,0,0,0,0,82000,-82000,-82000
067653,可成元富07購03  ,0,0,0,0,0,0,0,0,0,-82000,0,0,0,28000,110000,-82000,-82000
068693,台積電凱基02購11,0,0,0,0,0,0,0,0,0,-82000,0,0,0,20000,102000,-82000,-82000
069434,景碩群益03購02  ,0,0,0,0,0,0,0,0,0,-82000,0,0,0,1000,83000,-82000,-82000
03694C,臺股指元大04牛08,0,0,0,0,0,0,0,0,0,-82000,0,0,0,19000,101000,-82000,-82000
03522P,牧德元大02售05  ,0,0,0,0,0,0,0,0,0,-82000,0,0,0,214000,296000,-82000,-82000
03163P,玉晶光元大01售15,0,0,0,0,0,0,0,0,0,-82000,0,0,0,32000,114000,-82000,-82000
064672,同欣電元大01購01,0,0,0,0,0,0,0,0,0,-82000,0,0,0,60000,142000,-82000,-82000
065177,旭富元大9C購05  ,0,0,0,0,0,0,0,0,0,-82000,0,0,0,8000,90000,-82000,-82000
064768,仁寶中信03購01  ,0,0,0,0,0,0,0,0,0,-82000,0,0,0,110000,192000,-82000,-82000
065039,國巨凱基02購02  ,0,0,0,0,0,0,0,0,0,-82000,0,0,0,0,82000,-82000,-82000
065027,玉晶光中信03購01,0,0,0,0,0,0,0,0,0,-82000,0,0,0,122000,204000,-82000,-82000
065961,東元元大04購01  ,0,0,0,0,0,0,0,0,0,-82000,0,0,0,0,82000,-82000,-82000
065955,健鼎統一01購03  ,0,0,0,0,0,0,0,0,0,-82000,0,0,0,0,82000,-82000,-82000
066371,同欣電中信05購01,0,0,0,0,0,0,0,0,0,-82000,0,0,0,0,82000,-82000,-82000
066954,聯詠元大01購04  ,0,0,0,0,0,0,0,0,0,-82000,0,0,0,129000,211000,-82000,-82000
066909,義隆凱基01購04  ,0,0,0,0,0,0,0,0,0,-82000,0,0,0,0,82000,-82000,-82000
08578P,TPK元大9C售04   ,0,0,0,0,0,0,0,0,0,-82000,0,0,0,45000,127000,-82000,-82000
08922P,京元電永豐01售01,0,0,0,0,0,0,0,0,0,-82000,0,0,0,112000,194000,-82000,-82000
6605,帝寶            ,11000,91000,-80000,0,0,0,0,0,0,-2000,0,2000,-2000,0,0,0,-82000
068368,國巨富邦04購01  ,0,0,0,0,0,0,0,0,0,-83000,0,0,0,2000,85000,-83000,-83000
03249P,華擎元富04售01  ,0,0,0,0,0,0,0,0,0,-83000,0,0,0,30000,113000,-83000,-83000
03105P,大立光元富04售02,0,0,0,0,0,0,0,0,0,-83000,0,0,0,56000,139000,-83000,-83000
062937,旺宏凱基9B購08  ,0,0,0,0,0,0,0,0,0,-83000,0,0,0,0,83000,-83000,-83000
061443,大立光統一9C購02,0,0,0,0,0,0,0,0,0,-83000,0,0,0,1000,84000,-83000,-83000
067298,台積電元大02購04,0,0,0,0,0,0,0,0,0,-83000,0,0,0,12000,95000,-83000,-83000
064993,嘉澤兆豐9C購01  ,0,0,0,0,0,0,0,0,0,-83000,0,0,0,0,83000,-83000,-83000
065320,技嘉凱基9C購02  ,0,0,0,0,0,0,0,0,0,-83000,0,0,0,28000,111000,-83000,-83000
1524,耿鼎            ,14000,97000,-83000,0,0,0,0,0,0,0,0,0,0,0,0,0,-83000
08978P,臺股指群益01售12,0,0,0,0,0,0,0,0,0,-83000,0,0,0,148000,231000,-83000,-83000
068695,台積電凱基02購13,0,0,0,0,0,0,0,0,0,-84000,0,0,0,100000,184000,-84000,-84000
068639,神基凱基03購01  ,0,0,0,0,0,0,0,0,0,-84000,0,0,0,17000,101000,-84000,-84000
067679,奇鋐元大02購02  ,0,0,0,0,0,0,0,0,0,-84000,0,0,0,124000,208000,-84000,-84000
068167,世紀鋼元大02購01,0,0,0,0,0,0,0,0,0,-84000,0,0,0,115000,199000,-84000,-84000
03091P,臺股指元大01售20,0,0,0,0,0,0,0,0,0,-84000,0,0,0,59000,143000,-84000,-84000
03089P,華擎元大01售07  ,0,0,0,0,0,0,0,0,0,-84000,0,0,0,126000,210000,-84000,-84000
059639,大立光凱基9A購06,0,0,0,0,0,0,0,0,0,-84000,0,0,0,2000,86000,-84000,-84000
067206,台積電元大01購23,0,0,0,0,0,0,0,0,0,-84000,0,0,0,0,84000,-84000,-84000
08613P,同欣電凱基9C售04,0,20000,-20000,0,0,0,0,0,0,-64000,0,0,0,45000,109000,-64000,-84000
07374P,鴻海元大99售41  ,0,0,0,0,0,0,0,0,0,-84000,0,0,0,0,84000,-84000,-84000
08185P,華新科永豐9B售01,0,0,0,0,0,0,0,0,0,-84000,0,0,0,0,84000,-84000,-84000
3014,聯陽            ,863000,762000,101000,0,0,0,0,0,0,-185000,21000,141000,-120000,28000,93000,-65000,-84000
070102,中石化元大02購02,0,0,0,0,0,0,0,0,0,-85000,0,0,0,0,85000,-85000,-85000
02001L,富邦蘋果正二N   ,0,0,0,0,0,0,0,0,0,-85000,0,0,0,17000,102000,-85000,-85000
03033X,元展30          ,0,0,0,0,0,0,0,0,0,-85000,0,0,0,0,85000,-85000,-85000
03064P,台灣50群益01售14,0,0,0,0,0,0,0,0,0,-85000,0,0,0,124000,209000,-85000,-85000
03550P,聯茂凱基02售02  ,0,0,0,0,0,0,0,0,0,-85000,0,0,0,0,85000,-85000,-85000
063881,嘉晶元富9C購01  ,0,0,0,0,0,0,0,0,0,-85000,0,0,0,0,85000,-85000,-85000
061137,晶技統一9B購01  ,0,0,0,0,0,0,0,0,0,-85000,0,0,0,40000,125000,-85000,-85000
064496,聯發科元大9C購10,0,0,0,0,0,0,0,0,0,-85000,0,0,0,72000,157000,-85000,-85000
067153,聯鈞統一03購02  ,0,0,0,0,0,0,0,0,0,-85000,0,0,0,0,85000,-85000,-85000
066385,巨大康和01購01  ,0,0,0,0,0,0,0,0,0,-85000,0,0,0,0,85000,-85000,-85000
065913,光寶科凱基01購01,0,0,0,0,0,0,0,0,0,-85000,0,0,0,1000,86000,-85000,-85000
2524,京城            ,158000,240000,-82000,0,0,0,0,0,0,-3000,0,3000,-3000,0,0,0,-85000
08793P,聯詠中信07售02  ,0,0,0,0,0,0,0,0,0,-85000,0,0,0,0,85000,-85000,-85000
069152,台灣50元大02購10,0,0,0,0,0,0,0,0,0,-86000,0,0,0,1207000,1293000,-86000,-86000
068335,牧德元大03購02  ,0,0,0,0,0,0,0,0,0,-86000,0,0,0,114000,200000,-86000,-86000
03443P,台積電兆豐03售09,0,0,0,0,0,0,0,0,0,-86000,0,0,0,4000,90000,-86000,-86000
03157P,鴻海元大01售27  ,0,0,0,0,0,0,0,0,0,-86000,0,0,0,2000,88000,-86000,-86000
063755,上銀統一9C購03  ,0,0,0,0,0,0,0,0,0,-86000,0,0,0,145000,231000,-86000,-86000
065621,聯發科第一9C購01,0,0,0,0,0,0,0,0,0,-86000,0,0,0,40000,126000,-86000,-86000
065816,聯發科元富03購07,0,0,0,0,0,0,0,0,0,-86000,0,0,0,53000,139000,-86000,-86000
066732,可成元大01購06  ,0,0,0,0,0,0,0,0,0,-86000,0,0,0,47000,133000,-86000,-86000
067406,矽格永豐01購01  ,0,0,0,0,0,0,0,0,0,-86000,0,0,0,24000,110000,-86000,-86000
08990P,台積電元大01售28,0,0,0,0,0,0,0,0,0,-86000,0,0,0,40000,126000,-86000,-86000
1219,福壽            ,6000,92000,-86000,0,0,0,0,0,0,0,0,0,0,0,0,0,-86000
08700P,瑞昱康和01售01  ,0,0,0,0,0,0,0,0,0,-86000,0,0,0,0,86000,-86000,-86000
2022,聚亨            ,0,86000,-86000,0,0,0,0,0,0,0,0,0,0,0,0,0,-86000
068895,京元電元大02購02,0,0,0,0,0,0,0,0,0,-87000,0,0,0,1000,88000,-87000,-87000
07086P,力成元富9C售01  ,0,0,0,0,0,0,0,0,0,-87000,0,0,0,357000,444000,-87000,-87000
069857,大立光永豐02購02,0,0,0,0,0,0,0,0,0,-87000,0,0,0,0,87000,-87000,-87000
03691C,T50反1元大01牛05,0,0,0,0,0,0,0,0,0,-87000,0,0,0,0,87000,-87000,-87000
058292,上銀凱基9A購01  ,0,0,0,0,0,0,0,0,0,-87000,0,0,0,15000,102000,-87000,-87000
060449,元金2X元大9A購02,0,0,0,0,0,0,0,0,0,-87000,0,0,0,25000,112000,-87000,-87000
063550,可成國票9C購01  ,0,0,0,0,0,0,0,0,0,-87000,0,0,0,164000,251000,-87000,-87000
062676,南六台新9B購01  ,0,0,0,0,0,0,0,0,0,-87000,0,0,0,10000,97000,-87000,-87000
064892,台達電群益9C購02,0,0,0,0,0,0,0,0,0,-87000,0,0,0,16000,103000,-87000,-87000
1721,三晃            ,34000,121000,-87000,0,0,0,0,0,0,0,0,0,0,0,0,0,-87000
08236P,國巨富邦03售01  ,0,0,0,0,0,0,0,0,0,-87000,0,0,0,43000,130000,-87000,-87000
069457,欣興麥證02購02  ,0,0,0,25000,73000,-48000,0,0,0,-88000,0,0,0,28000,116000,-88000,-88000
067971,玉晶光群益02購21,0,0,0,0,0,0,0,0,0,-88000,0,0,0,14000,102000,-88000,-88000
059023,可成統一9B購02  ,0,0,0,0,0,0,0,0,0,-88000,0,0,0,392000,480000,-88000,-88000
03126P,旭富凱基01售04  ,0,0,0,0,0,0,0,0,0,-88000,0,0,0,32000,120000,-88000,-88000
063739,台勝科元大9B購03,0,0,0,0,0,0,0,0,0,-88000,0,0,0,0,88000,-88000,-88000
062381,上銀國泰9C購01  ,0,0,0,0,0,0,0,0,0,-88000,0,0,0,20000,108000,-88000,-88000
061962,台積電統一01購03,0,0,0,0,0,0,0,0,0,-88000,0,0,0,0,88000,-88000,-88000
065188,玉晶光統一02購01,0,0,0,0,0,0,0,0,0,-88000,0,0,0,24000,112000,-88000,-88000
065370,瑞昱元大9C購02  ,0,0,0,0,0,0,0,0,0,-88000,0,0,0,0,88000,-88000,-88000
066153,南帝康和01購01  ,0,0,0,0,0,0,0,0,0,-88000,0,0,0,61000,149000,-88000,-88000
066888,長榮航中信07購01,0,0,0,0,0,0,0,0,0,-88000,0,0,0,0,88000,-88000,-88000
1437,勤益控          ,11000,99000,-88000,0,0,0,0,0,0,0,0,0,0,0,0,0,-88000
3321,同泰            ,126000,214000,-88000,0,0,0,0,0,0,0,0,0,0,0,0,0,-88000
067614,台汽電凱基01購01,0,0,0,0,0,0,0,0,0,-89000,0,0,0,10000,99000,-89000,-89000
067601,金像電凱基01購04,0,0,0,0,0,0,0,0,0,-89000,0,0,0,47000,136000,-89000,-89000
068347,T50反1凱基04購03,0,0,0,0,0,0,0,0,0,-89000,0,0,0,31000,120000,-89000,-89000
068705,聯發科國票03購03,0,0,0,0,0,0,0,0,0,-89000,0,0,0,549000,638000,-89000,-89000
03209P,台積電國票02售05,0,0,0,0,0,0,0,0,0,-89000,0,0,0,0,89000,-89000,-89000
03401P,聯發科凱基03售09,0,0,0,0,0,0,0,0,0,-89000,0,0,0,43000,132000,-89000,-89000
062360,華邦電元大9B購01,0,0,0,0,0,0,0,0,0,-89000,0,0,0,72000,161000,-89000,-89000
062652,上証2X永豐9B購01,0,0,0,0,0,0,0,0,0,-89000,0,0,0,1000,90000,-89000,-89000
065340,旺宏統一9C購04  ,0,0,0,0,0,0,0,0,0,-89000,0,0,0,0,89000,-89000,-89000
6525,捷敏-KY         ,15000,102000,-87000,0,0,0,0,0,0,-2000,0,2000,-2000,0,0,0,-89000
068712,台灣50元大02購04,0,0,0,0,0,0,0,0,0,-90000,0,0,0,10000,100000,-90000,-90000
067849,瀚宇博元富04購01,0,0,0,0,0,0,0,0,0,-90000,0,0,0,295000,385000,-90000,-90000
069108,大立光兆豐03購02,0,0,0,0,0,0,0,0,0,-90000,0,0,0,11000,101000,-90000,-90000
063567,漢唐元大9B購03  ,0,0,0,0,0,0,0,0,0,-90000,0,0,0,104000,194000,-90000,-90000
057894,華通元富02購02  ,0,0,0,0,0,0,0,0,0,-90000,0,0,0,0,90000,-90000,-90000
057343,道瓊反統一9A購01,0,0,0,0,0,0,0,0,0,-90000,0,0,0,0,90000,-90000,-90000
061223,T50反1中信01購01,0,0,0,0,0,0,0,0,0,-90000,0,0,0,550000,640000,-90000,-90000
064230,上銀統一01購04  ,0,0,0,0,0,0,0,0,0,-90000,0,0,0,0,90000,-90000,-90000
064062,創意國泰01購01  ,0,0,0,0,0,0,0,0,0,-90000,0,0,0,4000,94000,-90000,-90000
061489,高鐵兆豐9A購01  ,0,0,0,0,0,0,0,0,0,-90000,0,0,0,10000,100000,-90000,-90000
064883,GIS兆豐01購01   ,0,0,0,0,0,0,0,0,0,-90000,0,0,0,11000,101000,-90000,-90000
064899,大立光群益9C購06,0,0,0,0,0,0,0,0,0,-90000,0,0,0,0,90000,-90000,-90000
066037,華通元大01購03  ,0,0,0,0,0,0,0,0,0,-90000,0,0,0,78000,168000,-90000,-90000
067389,聯發科元富07購04,0,0,0,0,0,0,0,0,0,-90000,0,0,0,168000,258000,-90000,-90000
067014,聯發科富邦03購05,0,0,0,0,0,0,0,0,0,-90000,0,0,0,0,90000,-90000,-90000
6115,鎰勝            ,11000,98000,-87000,0,0,0,0,0,0,-3000,0,3000,-3000,0,0,0,-90000
07400P,國巨凱基99售20  ,0,0,0,0,0,0,0,0,0,-90000,0,0,0,10000,100000,-90000,-90000
07954P,台表科元大9B售02,0,0,0,0,0,0,0,0,0,-90000,0,0,0,70000,160000,-90000,-90000
08647P,鴻海凱基9C售06  ,0,0,0,0,0,0,0,0,0,-90000,0,0,0,327000,417000,-90000,-90000
08984P,玉晶光凱基02售03,0,0,0,0,0,0,0,0,0,-90000,0,0,0,10000,100000,-90000,-90000
067985,聚陽元大02購01  ,0,0,0,0,0,0,0,0,0,-91000,0,0,0,20000,111000,-91000,-91000
057451,大立光元富9B購01,0,0,0,0,0,0,0,0,0,-91000,0,0,0,21000,112000,-91000,-91000
060462,鴻海元大9A購10  ,0,0,0,0,0,0,0,0,0,-91000,0,0,0,0,91000,-91000,-91000
03396P,台積電中信06售07,0,0,0,0,0,0,0,0,0,-91000,0,0,0,10000,101000,-91000,-91000
053388,群創元大9C購02  ,0,0,0,0,0,0,0,0,0,-91000,0,0,0,0,91000,-91000,-91000
063324,道瓊反國票9B購03,0,0,0,0,0,0,0,0,0,-91000,0,0,0,0,91000,-91000,-91000
066144,惠特群益01購02  ,0,0,0,0,0,0,0,0,0,-91000,0,0,0,0,91000,-91000,-91000
08524P,奇力新元大9C售01,0,0,0,0,0,0,0,0,0,-91000,0,0,0,278000,369000,-91000,-91000
07754P,日月光元大9A售02,0,0,0,0,0,0,0,0,0,-91000,0,0,0,483000,574000,-91000,-91000
068099,GIS富邦01購01   ,0,0,0,0,0,0,0,0,0,-92000,0,0,0,24000,116000,-92000,-92000
03269P,健策元大02售04  ,0,0,0,0,0,0,0,0,0,-92000,0,0,0,20000,112000,-92000,-92000
060522,鴻海中信9A購03  ,0,0,0,0,0,0,0,0,0,-92000,0,0,0,0,92000,-92000,-92000
061957,上銀統一01購01  ,0,0,0,0,0,0,0,0,0,-92000,0,0,0,194000,286000,-92000,-92000
060743,鴻海國票9A購03  ,0,0,0,0,0,0,0,0,0,-92000,0,0,0,832000,924000,-92000,-92000
064807,義隆元大9C購03  ,0,0,0,0,0,0,0,0,0,-92000,0,0,0,19000,111000,-92000,-92000
066899,義隆康和01購01  ,0,0,0,0,0,0,0,0,0,-92000,0,0,0,35000,127000,-92000,-92000
066348,松翰永豐01購01  ,0,0,0,0,0,0,0,0,0,-92000,0,0,0,205000,297000,-92000,-92000
07927P,國巨統一9B售08  ,0,0,0,0,0,0,0,0,0,-92000,0,0,0,0,92000,-92000,-92000
07768P,緯穎群益9A售02  ,0,0,0,0,0,0,0,0,0,-92000,0,0,0,10000,102000,-92000,-92000
08730P,緯穎永豐01售02  ,0,0,0,0,0,0,0,0,0,-92000,0,0,0,5000,97000,-92000,-92000
1416,廣豐            ,131000,226000,-95000,0,0,0,0,0,0,3000,3000,0,3000,0,0,0,-92000
03543P,台泥中信02售01  ,0,0,0,0,0,0,0,0,0,-93000,0,0,0,0,93000,-93000,-93000
063737,大立光元大9C購07,0,0,0,0,0,0,0,0,0,-93000,0,0,0,20000,113000,-93000,-93000
062958,長榮航麥證9B購01,0,0,0,5000,98000,-93000,0,0,0,-93000,0,0,0,5000,98000,-93000,-93000
061839,華新科凱基05購04,0,0,0,0,0,0,0,0,0,-93000,0,0,0,22000,115000,-93000,-93000
065232,健策凱基02購01  ,0,0,0,0,0,0,0,0,0,-93000,0,0,0,7000,100000,-93000,-93000
065605,義隆元大01購02  ,0,0,0,0,0,0,0,0,0,-93000,0,0,0,68000,161000,-93000,-93000
4919,新唐            ,517000,790000,-273000,0,0,0,0,0,0,180000,41000,6000,35000,187000,42000,145000,-93000
08900P,聯發科群益01售07,0,0,0,0,0,0,0,0,0,-93000,0,0,0,11000,104000,-93000,-93000
07574P,國巨元大9A售12  ,0,0,0,0,0,0,0,0,0,-93000,0,0,0,7000,100000,-93000,-93000
08345P,大立光元大9C售14,0,0,0,0,0,0,0,0,0,-93000,0,0,0,26000,119000,-93000,-93000
068291,大立光群益03購01,0,0,0,0,0,0,0,0,0,-94000,0,0,0,273000,367000,-94000,-94000
069338,瑞昱群益03購01  ,0,0,0,0,0,0,0,0,0,-94000,0,0,0,10000,104000,-94000,-94000
03501P,奇鋐國票03售02  ,0,0,0,0,0,0,0,0,0,-94000,0,0,0,4000,98000,-94000,-94000
060019,彰銀康和99購01  ,0,0,0,0,0,0,0,0,0,-94000,0,0,0,0,94000,-94000,-94000
059952,旺宏康和99購01  ,0,0,0,0,0,0,0,0,0,-94000,0,0,0,0,94000,-94000,-94000
062259,可成元大9B購03  ,0,0,0,0,0,0,0,0,0,-94000,0,0,0,2000,96000,-94000,-94000
066072,華新科凱基01購03,0,0,0,0,0,0,0,0,0,-94000,0,0,0,27000,121000,-94000,-94000
3501,維熹            ,7000,99000,-92000,0,0,0,0,0,0,-2000,0,2000,-2000,0,0,0,-94000
069308,聯發科凱基06購01,0,0,0,0,0,0,0,0,0,-95000,0,0,0,50000,145000,-95000,-95000
069220,聯電群益03購06  ,0,0,0,0,0,0,0,0,0,-95000,0,0,0,10000,105000,-95000,-95000
067769,國巨統一02購04  ,0,0,0,0,0,0,0,0,0,-95000,0,0,0,52000,147000,-95000,-95000
064598,國巨元富9C購03  ,0,0,0,0,0,0,0,0,0,-95000,0,0,0,0,95000,-95000,-95000
066418,京元電元大01購02,0,0,0,0,0,0,0,0,0,-95000,0,0,0,23000,118000,-95000,-95000
063961,世紀鋼元大9C購05,0,0,0,0,0,0,0,0,0,-95000,0,0,0,87000,182000,-95000,-95000
063386,國巨兆豐9B購04  ,0,0,0,0,0,0,0,0,0,-95000,0,0,0,20000,115000,-95000,-95000
064972,台積電元大9C購11,0,0,0,0,0,0,0,0,0,-95000,0,0,0,40000,135000,-95000,-95000
067247,瀚宇博群益01購02,0,0,0,0,0,0,0,0,0,-95000,0,0,0,120000,215000,-95000,-95000
067561,晶技國票02購01  ,0,0,0,0,0,0,0,0,0,-95000,0,0,0,20000,115000,-95000,-95000
9943,好樂迪          ,23000,117000,-94000,0,0,0,0,0,0,-1000,0,1000,-1000,0,0,0,-95000
07306P,台灣50凱基9A售09,0,0,0,0,0,0,0,0,0,-95000,0,0,0,5000,100000,-95000,-95000
08827P,緯穎元大01售05  ,0,0,0,0,0,0,0,0,0,-95000,0,0,0,95000,190000,-95000,-95000
08439P,智邦國票01售02  ,0,0,0,0,0,0,0,0,0,-95000,0,0,0,0,95000,-95000,-95000
069083,景碩凱基03購01  ,0,0,0,0,0,0,0,0,0,-96000,0,0,0,10000,106000,-96000,-96000
057671,群創元大9B購06  ,0,0,0,0,0,0,0,0,0,-96000,0,0,0,49000,145000,-96000,-96000
059923,緯穎元大99購09  ,0,0,0,0,0,0,0,0,0,-96000,0,0,0,0,96000,-96000,-96000
063301,鴻海凱基9B購08  ,0,0,0,0,0,0,0,0,0,-96000,0,0,0,2000,98000,-96000,-96000
062914,嘉澤元大9B購02  ,0,0,0,0,0,0,0,0,0,-96000,0,0,0,10000,106000,-96000,-96000
066598,致新群益02購01  ,0,0,0,0,0,0,0,0,0,-96000,0,0,0,0,96000,-96000,-96000
065442,健鼎麥證9C購01  ,0,0,0,2000,98000,-96000,0,0,0,-96000,0,0,0,2000,98000,-96000,-96000
065905,聯茂富邦02購01  ,0,0,0,0,0,0,0,0,0,-96000,0,0,0,0,96000,-96000,-96000
08802P,聯發科元大01售14,0,0,0,0,0,0,0,0,0,-96000,0,0,0,152000,248000,-96000,-96000
2451,創見            ,190000,672000,-482000,0,0,0,0,0,0,386000,1000,1000,0,386000,0,386000,-96000
03059P,台積電凱基01售19,0,0,0,0,0,0,0,0,0,-97000,0,0,0,63000,160000,-97000,-97000
063287,嘉澤元大9B購05  ,0,0,0,0,0,0,0,0,0,-97000,0,0,0,3000,100000,-97000,-97000
064019,上銀元大9C購05  ,0,0,0,0,0,0,0,0,0,-97000,0,0,0,71000,168000,-97000,-97000
07651P,道瓊指中信01售01,0,0,0,0,0,0,0,0,0,-97000,0,0,0,0,97000,-97000,-97000
069321,中壽兆豐03購01  ,0,0,0,0,0,0,0,0,0,-98000,0,0,0,8000,106000,-98000,-98000
069332,聯電群益03購07  ,0,0,0,0,0,0,0,0,0,-98000,0,0,0,0,98000,-98000,-98000
069328,巨大兆豐03購01  ,0,0,0,0,0,0,0,0,0,-98000,0,0,0,0,98000,-98000,-98000
068549,旺宏群益01購05  ,0,0,0,0,0,0,0,0,0,-98000,0,0,0,0,98000,-98000,-98000
068802,台積電群益02購07,0,0,0,0,0,0,0,0,0,-98000,0,0,0,0,98000,-98000,-98000
03058P,台積電凱基01售18,0,0,0,0,0,0,0,0,0,-98000,0,0,0,59000,157000,-98000,-98000
03180P,台灣50元大01售39,0,0,0,0,0,0,0,0,0,-98000,0,0,0,12000,110000,-98000,-98000
062273,國巨群益9C購02  ,0,0,0,0,0,0,0,0,0,-98000,0,0,0,0,98000,-98000,-98000
061339,京元電元大9A購05,0,0,0,0,0,0,0,0,0,-98000,0,0,0,2000,100000,-98000,-98000
064351,中租元大9C購01  ,0,0,0,0,0,0,0,0,0,-98000,0,0,0,0,98000,-98000,-98000
066023,燿華群益01購02  ,0,0,0,0,0,0,0,0,0,-98000,0,0,0,0,98000,-98000,-98000
065284,旺宏群益9C購03  ,0,0,0,0,0,0,0,0,0,-98000,0,0,0,0,98000,-98000,-98000
066591,華新科群益01購05,0,0,0,0,0,0,0,0,0,-98000,0,0,0,0,98000,-98000,-98000
067501,聚陽統一01購03  ,0,0,0,0,0,0,0,0,0,-98000,0,0,0,30000,128000,-98000,-98000
066962,致新元大01購02  ,0,0,0,0,0,0,0,0,0,-98000,0,0,0,0,98000,-98000,-98000
2530,華建            ,26000,124000,-98000,0,0,0,0,0,0,0,0,0,0,0,0,0,-98000
069439,華固康和02購01  ,0,5000,-5000,0,0,0,0,0,0,-94000,0,0,0,34000,128000,-94000,-99000
069920,欣興凱基03購05  ,0,0,0,0,0,0,0,0,0,-99000,0,0,0,0,99000,-99000,-99000
066921,日月光麥證01購01,0,0,0,51000,150000,-99000,0,0,0,-99000,0,0,0,51000,150000,-99000,-99000
067224,致新元大01購03  ,0,0,0,0,0,0,0,0,0,-99000,0,0,0,65000,164000,-99000,-99000
066383,臻鼎康和01購01  ,0,0,0,0,0,0,0,0,0,-99000,0,0,0,0,99000,-99000,-99000
2420,新巨            ,50000,147000,-97000,0,0,0,0,0,0,-2000,0,2000,-2000,0,0,0,-99000
07967P,力山元大9B售03  ,0,0,0,0,0,0,0,0,0,-99000,0,0,0,1000,100000,-99000,-99000
069904,宏達電元大02購06,0,0,0,0,0,0,0,0,0,-100000,0,0,0,5000,105000,-100000,-100000
070105,台積電元大02購40,0,0,0,0,0,0,0,0,0,-100000,0,0,0,0,100000,-100000,-100000
070124,南電元大03購02  ,0,0,0,0,0,0,0,0,0,-100000,0,0,0,1000,101000,-100000,-100000
069878,美律國票03購02  ,0,0,0,0,0,0,0,0,0,-100000,0,0,0,35000,135000,-100000,-100000
069624,鎧勝統一02購03  ,0,0,0,0,0,0,0,0,0,-100000,0,0,0,78000,178000,-100000,-100000
069406,台積電統一03購16,0,0,0,0,0,0,0,0,0,-100000,0,0,0,0,100000,-100000,-100000
069301,道瓊反凱基04購01,0,0,0,0,0,0,0,0,0,-100000,0,0,0,0,100000,-100000,-100000
069062,台積電麥證02購04,0,0,0,0,100000,-100000,0,0,0,-100000,0,0,0,0,100000,-100000,-100000
068941,台光電日盛02購01,0,0,0,0,0,0,0,0,0,-100000,0,0,0,0,100000,-100000,-100000
068686,瑞儀中信02購01  ,0,0,0,0,0,0,0,0,0,-100000,0,0,0,0,100000,-100000,-100000
068522,旺宏元富04購01  ,0,0,0,0,0,0,0,0,0,-100000,0,0,0,0,100000,-100000,-100000
06776P,鴻海元大99售05  ,0,0,0,0,0,0,0,0,0,-100000,0,0,0,0,100000,-100000,-100000
067979,寶成群益03購01  ,0,0,0,0,0,0,0,0,0,-100000,0,0,0,0,100000,-100000,-100000
067954,大立光永豐01購02,0,0,0,0,0,0,0,0,0,-100000,0,0,0,0,100000,-100000,-100000
03227P,大立光凱基02售05,0,0,0,0,0,0,0,0,0,-100000,0,0,0,0,100000,-100000,-100000
053291,旺宏中信9A購01  ,0,100000,-100000,0,0,0,0,0,0,0,0,0,0,0,0,0,-100000
048414,滬深2X統一98購01,0,0,0,0,0,0,0,0,0,-100000,0,0,0,0,100000,-100000,-100000
059878,聯茂凱基99購07  ,0,0,0,0,0,0,0,0,0,-100000,0,0,0,0,100000,-100000,-100000
04006P,滬深2X國票9B售01,0,0,0,0,0,0,0,0,0,-100000,0,0,0,0,100000,-100000,-100000
03397P,台積電中信06售08,0,0,0,0,0,0,0,0,0,-100000,0,0,0,0,100000,-100000,-100000
058796,可成元大99購04  ,0,0,0,0,0,0,0,0,0,-100000,0,0,0,0,100000,-100000,-100000
058098,T50反1國泰9A購02,0,0,0,0,0,0,0,0,0,-100000,0,0,0,10000,110000,-100000,-100000
064573,復盛群益9C購01  ,0,0,0,0,0,0,0,0,0,-100000,0,0,0,0,100000,-100000,-100000
062475,道瓊反國票9B購02,0,0,0,0,0,0,0,0,0,-100000,0,0,0,0,100000,-100000,-100000
063772,智邦富邦9B購02  ,0,0,0,0,0,0,0,0,0,-100000,0,0,0,0,100000,-100000,-100000
063720,香港反元大9C購01,0,0,0,0,0,0,0,0,0,-100000,0,0,0,0,100000,-100000,-100000
063909,旺宏凱基02購01  ,0,0,0,0,0,0,0,0,0,-100000,0,0,0,0,100000,-100000,-100000
063784,華通中信06購01  ,0,0,0,0,0,0,0,0,0,-100000,0,0,0,30000,130000,-100000,-100000
061812,臺指反群益9B購02,0,0,0,0,0,0,0,0,0,-100000,0,0,0,0,100000,-100000,-100000
066733,大立光元大01購10,0,0,0,0,0,0,0,0,0,-100000,0,0,0,0,100000,-100000,-100000
066857,大立光國票02購02,0,0,0,0,0,0,0,0,0,-100000,0,0,0,92000,192000,-100000,-100000
067195,台虹凱基02購01  ,0,0,0,0,0,0,0,0,0,-100000,0,0,0,30000,130000,-100000,-100000
067403,眾達永豐01購03  ,0,0,0,0,0,0,0,0,0,-100000,0,0,0,0,100000,-100000,-100000
067431,新光金凱基01購01,0,0,0,0,0,0,0,0,0,-100000,0,0,0,0,100000,-100000,-100000
067463,T50反1元大01購04,0,0,0,0,0,0,0,0,0,-100000,0,0,0,267000,367000,-100000,-100000
067276,義隆統一03購01  ,0,0,0,0,0,0,0,0,0,-100000,0,0,0,104000,204000,-100000,-100000
064959,巨大凱基9C購02  ,0,0,0,0,0,0,0,0,0,-100000,0,0,0,20000,120000,-100000,-100000
07953P,健策元大9B售07  ,0,0,0,0,0,0,0,0,0,-100000,0,0,0,0,100000,-100000,-100000
07397P,大立光群益99售10,0,0,0,0,0,0,0,0,0,-100000,0,0,0,0,100000,-100000,-100000
07365P,超眾元大99售07  ,0,0,0,0,0,0,0,0,0,-100000,0,0,0,0,100000,-100000,-100000
07573P,國巨元大9A售11  ,0,0,0,0,0,0,0,0,0,-100000,0,0,0,0,100000,-100000,-100000
08253P,鴻海元大9C售06  ,0,0,0,0,0,0,0,0,0,-100000,0,0,0,0,100000,-100000,-100000
08175P,金像電統一9B售02,0,0,0,0,0,0,0,0,0,-100000,0,0,0,0,100000,-100000,-100000
07993P,寶成群益9B售01  ,0,0,0,0,0,0,0,0,0,-100000,0,0,0,30000,130000,-100000,-100000
08937P,大立光元大01售14,0,0,0,0,0,0,0,0,0,-100000,0,0,0,0,100000,-100000,-100000
08373P,大立光凱基01售05,0,0,0,0,0,0,0,0,0,-100000,0,0,0,0,100000,-100000,-100000
3454,晶睿            ,30000,130000,-100000,0,0,0,0,0,0,0,0,0,0,0,0,0,-100000
2923,鼎固-KY         ,8000,108000,-100000,0,0,0,0,0,0,0,0,0,0,0,0,0,-100000
067736,國巨元大02購04  ,0,0,0,0,0,0,0,0,0,-101000,0,0,0,100000,201000,-101000,-101000
06777P,鴻海元大99售06  ,0,0,0,0,0,0,0,0,0,-101000,0,0,0,60000,161000,-101000,-101000
067681,嘉澤元大01購05  ,0,0,0,0,0,0,0,0,0,-101000,0,0,0,11000,112000,-101000,-101000
068545,帆宣康和01購01  ,0,0,0,0,0,0,0,0,0,-101000,0,0,0,0,101000,-101000,-101000
068499,京鼎元大01購07  ,0,0,0,0,0,0,0,0,0,-101000,0,0,0,65000,166000,-101000,-101000
068935,晶技永豐02購01  ,0,0,0,0,0,0,0,0,0,-101000,0,0,0,10000,111000,-101000,-101000
069071,台勝科麥證02購01,0,0,0,0,101000,-101000,0,0,0,-101000,0,0,0,0,101000,-101000,-101000
069407,台積電統一04購09,0,0,0,0,0,0,0,0,0,-101000,0,0,0,15000,116000,-101000,-101000
058793,鴻海元大99購19  ,0,0,0,0,0,0,0,0,0,-101000,0,0,0,0,101000,-101000,-101000
057638,上銀元大99購01  ,0,0,0,0,0,0,0,0,0,-101000,0,0,0,6000,107000,-101000,-101000
059985,華新科元大99購22,0,0,0,0,0,0,0,0,0,-101000,0,0,0,0,101000,-101000,-101000
03327P,臺股指凱基05售02,0,0,0,0,0,0,0,0,0,-101000,0,0,0,0,101000,-101000,-101000
03573P,南電統一02售03  ,0,0,0,0,0,0,0,0,0,-101000,0,0,0,0,101000,-101000,-101000
03125P,台積電凱基01售24,0,0,0,0,0,0,0,0,0,-101000,0,0,0,135000,236000,-101000,-101000
03159P,大立光元大01售21,0,0,0,0,0,0,0,0,0,-101000,0,0,0,0,101000,-101000,-101000
064055,台郡統一02購01  ,0,0,0,0,0,0,0,0,0,-101000,0,0,0,1000,102000,-101000,-101000
062422,億光統一01購01  ,0,0,0,0,0,0,0,0,0,-101000,0,0,0,37000,138000,-101000,-101000
063107,矽創群益9B購01  ,0,0,0,0,0,0,0,0,0,-101000,0,0,0,0,101000,-101000,-101000
067103,聯發科群益01購04,0,0,0,0,0,0,0,0,0,-101000,0,0,0,33000,134000,-101000,-101000
066501,鴻海富邦03購01  ,0,0,0,0,0,0,0,0,0,-101000,0,0,0,0,101000,-101000,-101000
3535,晶彩科          ,109000,210000,-101000,0,0,0,0,0,0,0,0,0,0,0,0,0,-101000
08209P,上銀元富9B售06  ,0,0,0,0,0,0,0,0,0,-101000,0,0,0,249000,350000,-101000,-101000
07482P,南亞科元富9A售04,0,0,0,0,0,0,0,0,0,-101000,0,0,0,2000,103000,-101000,-101000
07945P,上銀國票9B售02  ,50000,0,50000,0,0,0,0,0,0,-151000,0,0,0,51000,202000,-151000,-101000
069665,南電兆豐03購03  ,0,0,0,0,0,0,0,0,0,-102000,0,0,0,124000,226000,-102000,-102000
068286,聯電群益03購02  ,0,0,0,0,0,0,0,0,0,-102000,0,0,0,6000,108000,-102000,-102000
068392,彩晶統一03購01  ,0,0,0,0,0,0,0,0,0,-102000,0,0,0,442000,544000,-102000,-102000
068191,台積電凱基01購21,0,0,0,0,0,0,0,0,0,-102000,0,0,0,10000,112000,-102000,-102000
03134P,台積電中信07售05,0,0,0,0,0,0,0,0,0,-102000,0,0,0,0,102000,-102000,-102000
060280,元金2X元大9A購01,0,0,0,0,0,0,0,0,0,-102000,0,0,0,0,102000,-102000,-102000
061287,大立光統一9B購06,0,0,0,0,0,0,0,0,0,-102000,0,0,0,200000,302000,-102000,-102000
064127,聯發科元大9C購06,0,0,0,0,0,0,0,0,0,-102000,0,0,0,110000,212000,-102000,-102000
063572,麗豐元大9B購01  ,0,0,0,0,0,0,0,0,0,-102000,0,0,0,0,102000,-102000,-102000
08958P,鴻海凱基01售08  ,0,0,0,0,0,0,0,0,0,-102000,0,0,0,1208000,1310000,-102000,-102000
08782P,台積電元大01售17,0,0,0,0,0,0,0,0,0,-102000,0,0,0,21000,123000,-102000,-102000
9908,大台北          ,17000,115000,-98000,0,0,0,0,0,0,-4000,0,4000,-4000,0,0,0,-102000
069631,金像電元富08購02,0,0,0,0,0,0,0,0,0,-103000,0,0,0,445000,548000,-103000,-103000
069973,欣興康和02購02  ,0,0,0,0,0,0,0,0,0,-103000,0,0,0,80000,183000,-103000,-103000
069509,道瓊銀凱基04購02,0,0,0,0,0,0,0,0,0,-103000,0,0,0,6000,109000,-103000,-103000
069358,台積電永豐02購04,0,0,0,0,0,0,0,0,0,-103000,0,0,0,0,103000,-103000,-103000
069075,上銀凱基03購01  ,0,0,0,0,0,0,0,0,0,-103000,0,0,0,3000,106000,-103000,-103000
06911P,鴻海元大99售09  ,0,0,0,0,0,0,0,0,0,-103000,0,0,0,3000,106000,-103000,-103000
03552P,上銀元富08售02  ,0,0,0,0,0,0,0,0,0,-103000,0,0,0,0,103000,-103000,-103000
03383P,聯電凱基02售04  ,0,0,0,0,0,0,0,0,0,-103000,0,0,0,62000,165000,-103000,-103000
058547,世紀鋼富邦9A購01,0,0,0,0,0,0,0,0,0,-103000,0,0,0,27000,130000,-103000,-103000
063295,京元電麥證9B購01,0,0,0,0,103000,-103000,0,0,0,-103000,0,0,0,0,103000,-103000,-103000
067474,華邦電元大01購02,0,0,0,0,0,0,0,0,0,-103000,0,0,0,5000,108000,-103000,-103000
064777,南亞科群益9C購01,0,0,0,0,0,0,0,0,0,-103000,0,0,0,0,103000,-103000,-103000
065288,華新科群益02購02,0,0,0,0,0,0,0,0,0,-103000,0,0,0,1000,104000,-103000,-103000
065334,立積國票01購02  ,0,0,0,0,0,0,0,0,0,-103000,0,0,0,6000,109000,-103000,-103000
066053,創意元大01購01  ,0,0,0,0,0,0,0,0,0,-103000,0,0,0,1000,104000,-103000,-103000
065839,鴻海元大9C購17  ,0,0,0,0,0,0,0,0,0,-103000,0,0,0,0,103000,-103000,-103000
08938P,大立光元大01售15,0,0,0,0,0,0,0,0,0,-103000,0,0,0,0,103000,-103000,-103000
08085P,華通凱基9B售04  ,0,0,0,0,0,0,0,0,0,-103000,0,0,0,0,103000,-103000,-103000
03577P,創意元富08售03  ,0,0,0,0,0,0,0,0,0,-104000,0,0,0,0,104000,-104000,-104000
064779,義隆群益9C購03  ,0,0,0,0,0,0,0,0,0,-104000,0,0,0,20000,124000,-104000,-104000
067355,大立光群益01購07,0,24000,-24000,0,0,0,0,0,0,-80000,0,0,0,154000,234000,-80000,-104000
066250,大成鋼元大01購01,0,0,0,0,0,0,0,0,0,-104000,0,0,0,0,104000,-104000,-104000
066751,矽創元大01購03  ,0,0,0,0,0,0,0,0,0,-104000,0,0,0,172000,276000,-104000,-104000
08149P,祥碩群益9B售07  ,0,0,0,0,0,0,0,0,0,-104000,0,0,0,15000,119000,-104000,-104000
08263P,台表科元大9C售06,0,0,0,0,0,0,0,0,0,-104000,0,0,0,264000,368000,-104000,-104000
08996P,華通群益02售05  ,0,0,0,0,0,0,0,0,0,-104000,0,0,0,24000,128000,-104000,-104000
2017,官田鋼          ,6000,109000,-103000,0,0,0,0,0,0,-1000,0,1000,-1000,0,0,0,-104000
067623,台積電富邦04購05,0,100000,-100000,0,0,0,0,0,0,-5000,0,0,0,0,5000,-5000,-105000
03361P,台積電元大02售18,0,0,0,0,0,0,0,0,0,-105000,0,0,0,850000,955000,-105000,-105000
03236P,大立光元大02售03,0,0,0,0,0,0,0,0,0,-105000,0,0,0,0,105000,-105000,-105000
058279,FBVIX中信03購03 ,0,0,0,0,0,0,0,0,0,-105000,0,0,0,0,105000,-105000,-105000
063299,金寶凱基9B購01  ,0,0,0,0,0,0,0,0,0,-105000,0,0,0,100000,205000,-105000,-105000
062715,T50反1凱基03購01,0,0,0,0,0,0,0,0,0,-105000,0,0,0,0,105000,-105000,-105000
06658P,台灣50富邦9C售01,0,0,0,0,0,0,0,0,0,-105000,0,0,0,136000,241000,-105000,-105000
065540,台表科統一02購05,0,0,0,0,0,0,0,0,0,-105000,0,0,0,21000,126000,-105000,-105000
1786,科妍            ,43000,149000,-106000,0,0,0,0,0,0,1000,16000,15000,1000,0,0,0,-105000
1537,廣隆            ,1000,105000,-104000,0,0,0,0,0,0,-1000,0,1000,-1000,0,0,0,-105000
08720P,台光電元大01售03,0,0,0,0,0,0,0,0,0,-105000,0,0,0,62000,167000,-105000,-105000
08682P,鴻海凱基01售06  ,0,0,0,0,0,0,0,0,0,-105000,0,0,0,78000,183000,-105000,-105000
08184P,可成永豐9B售03  ,0,0,0,0,0,0,0,0,0,-105000,0,0,0,77000,182000,-105000,-105000
08346P,大立光元大9C售15,0,0,0,0,0,0,0,0,0,-105000,0,0,0,2000,107000,-105000,-105000
08295P,長榮航元大9C售01,0,0,0,0,0,0,0,0,0,-105000,0,0,0,693000,798000,-105000,-105000
6504,南六            ,579000,705500,-126500,0,0,0,0,0,0,21000,30000,0,30000,43000,52000,-9000,-105500
068221,聯發科統一05購01,0,0,0,0,0,0,0,0,0,-106000,0,0,0,0,106000,-106000,-106000
065376,京鼎元大9C購02  ,0,0,0,0,0,0,0,0,0,-106000,0,0,0,19000,125000,-106000,-106000
067457,FBVIX國泰03購01 ,0,0,0,0,0,0,0,0,0,-106000,0,0,0,0,106000,-106000,-106000
066908,聯發科凱基03購05,0,0,0,0,0,0,0,0,0,-106000,0,0,0,4000,110000,-106000,-106000
8341,日友            ,65000,171000,-106000,0,0,0,0,0,0,0,0,0,0,0,0,0,-106000
068394,GIS統一03購02   ,0,0,0,0,0,0,0,0,0,-107000,0,0,0,29000,136000,-107000,-107000
069063,台積電麥證02購05,0,0,0,0,107000,-107000,0,0,0,-107000,0,0,0,0,107000,-107000,-107000
060981,旺宏元大9A購08  ,0,0,0,0,0,0,0,0,0,-107000,0,0,0,0,107000,-107000,-107000
03128P,玉晶光國泰03售04,0,0,0,0,0,0,0,0,0,-107000,0,0,0,136000,243000,-107000,-107000
03395P,大立光國泰04售02,0,0,0,0,0,0,0,0,0,-107000,0,0,0,1434000,1541000,-107000,-107000
03537P,欣興統一02售05  ,0,0,0,0,0,0,0,0,0,-107000,0,0,0,8000,115000,-107000,-107000
065321,瑞昱凱基9C購01  ,0,0,0,0,0,0,0,0,0,-107000,0,0,0,143000,250000,-107000,-107000
065644,義隆元大9C購08  ,0,0,0,0,0,0,0,0,0,-107000,0,0,0,0,107000,-107000,-107000
1315,達新            ,105000,202000,-97000,0,0,0,0,0,0,-10000,0,0,0,0,10000,-10000,-107000
07423P,大立光元大99售33,0,0,0,0,0,0,0,0,0,-107000,0,0,0,0,107000,-107000,-107000
08979P,電子類群益01售01,0,0,0,0,0,0,0,0,0,-107000,0,0,0,64000,171000,-107000,-107000
070009,國產元大02購01  ,0,0,0,0,0,0,0,0,0,-108000,0,0,0,22000,130000,-108000,-108000
053276,友達元大9C購01  ,0,0,0,0,0,0,0,0,0,-108000,0,0,0,256000,364000,-108000,-108000
063497,東元永豐9B購01  ,0,0,0,0,0,0,0,0,0,-108000,0,0,0,45000,153000,-108000,-108000
06602P,國巨統一99售02  ,0,0,0,0,0,0,0,0,0,-108000,0,0,0,66000,174000,-108000,-108000
066590,華新科群益01購04,0,0,0,0,0,0,0,0,0,-108000,0,0,0,1000,109000,-108000,-108000
08549P,大立光元大9C售25,0,0,0,0,0,0,0,0,0,-108000,0,0,0,5000,113000,-108000,-108000
3028,增你強          ,40000,146000,-106000,0,0,0,0,0,0,-2000,0,2000,-2000,0,0,0,-108000
4934,太極            ,542000,650000,-108000,0,0,0,0,0,0,0,0,0,0,0,0,0,-108000
069550,義隆元大02購03  ,0,0,0,0,0,0,0,0,0,-109000,0,0,0,15000,124000,-109000,-109000
06928P,鴻海元大99售10  ,0,0,0,0,0,0,0,0,0,-109000,0,0,0,0,109000,-109000,-109000
068678,台積電台新03購02,0,0,0,0,0,0,0,0,0,-109000,0,0,0,1213000,1322000,-109000,-109000
066946,京元電元大01購04,0,0,0,0,0,0,0,0,0,-109000,0,0,0,11000,120000,-109000,-109000
4739,康普            ,75000,184000,-109000,0,0,0,0,0,0,0,0,0,0,0,0,0,-109000
2030,彰源            ,2000,111000,-109000,0,0,0,0,0,0,0,0,0,0,0,0,0,-109000
08535P,和大國票01售02  ,0,0,0,0,0,0,0,0,0,-109000,0,0,0,24000,133000,-109000,-109000
07668P,旺宏元大9A售10  ,0,0,0,0,0,0,0,0,0,-109000,0,0,0,100000,209000,-109000,-109000
069704,泰豐國票03購01  ,0,0,0,0,0,0,0,0,0,-110000,0,0,0,0,110000,-110000,-110000
03499P,南電凱基02售07  ,0,0,0,0,0,0,0,0,0,-110000,0,0,0,381000,491000,-110000,-110000
03569P,台積電元大02售41,0,0,0,0,0,0,0,0,0,-110000,0,0,0,0,110000,-110000,-110000
059890,大立光國票99購03,0,0,0,0,0,0,0,0,0,-110000,0,0,0,0,110000,-110000,-110000
058786,元黃金元大99購01,0,0,0,0,0,0,0,0,0,-110000,0,0,0,82000,192000,-110000,-110000
059020,元油2X統一9B購02,0,0,0,0,0,0,0,0,0,-110000,0,0,0,50000,160000,-110000,-110000
063831,帆宣國票01購01  ,0,0,0,0,0,0,0,0,0,-110000,0,0,0,80000,190000,-110000,-110000
060712,建準永豐9A購01  ,0,0,0,0,0,0,0,0,0,-110000,0,0,0,0,110000,-110000,-110000
062218,燿華統一01購01  ,0,0,0,0,0,0,0,0,0,-110000,0,0,0,30000,140000,-110000,-110000
067324,巨大元大01購04  ,0,0,0,0,0,0,0,0,0,-110000,0,0,0,0,110000,-110000,-110000
066560,聯鈞元大01購04  ,0,0,0,0,0,0,0,0,0,-110000,0,0,0,58000,168000,-110000,-110000
066609,國巨麥證01購04  ,0,0,0,50000,160000,-110000,0,0,0,-110000,0,0,0,50000,160000,-110000,-110000
08310P,南電凱基9C售01  ,0,0,0,0,0,0,0,0,0,-110000,0,0,0,0,110000,-110000,-110000
07996P,亞德客凱基9B售03,0,0,0,0,0,0,0,0,0,-110000,0,0,0,140000,250000,-110000,-110000
067689,惠特元大01購03  ,0,0,0,0,0,0,0,0,0,-111000,0,0,0,0,111000,-111000,-111000
059634,可成凱基99購07  ,0,0,0,0,0,0,0,0,0,-111000,0,0,0,0,111000,-111000,-111000
060050,鴻海凱基9B購01  ,0,0,0,0,0,0,0,0,0,-111000,0,0,0,0,111000,-111000,-111000
060747,聯鈞國票9A購02  ,0,0,0,0,0,0,0,0,0,-111000,0,0,0,20000,131000,-111000,-111000
063741,GIS元大9B購04   ,0,0,0,0,0,0,0,0,0,-111000,0,0,0,0,111000,-111000,-111000
066686,鴻海元富07購05  ,0,0,0,0,0,0,0,0,0,-111000,0,0,0,121000,232000,-111000,-111000
3031,佰鴻            ,71000,179000,-108000,0,0,0,0,0,0,-3000,0,3000,-3000,0,0,0,-111000
4915,致伸            ,1850000,1549000,301000,0,0,0,0,300000,-300000,-112000,1000,90000,-89000,0,23000,-23000,-111000
068133,鎧勝統一03購01  ,0,0,0,0,0,0,0,0,0,-112000,0,0,0,81000,193000,-112000,-112000
068350,鴻海凱基03購05  ,0,0,0,0,0,0,0,0,0,-112000,0,0,0,0,112000,-112000,-112000
03473P,聯電元大02售15  ,0,0,0,0,0,0,0,0,0,-112000,0,0,0,99000,211000,-112000,-112000
064524,GIS群益02購01   ,0,0,0,0,0,0,0,0,0,-112000,0,0,0,89000,201000,-112000,-112000
066552,大立光元大01購08,0,0,0,0,0,0,0,0,0,-112000,0,0,0,90000,202000,-112000,-112000
4540,全球傳動        ,83000,195000,-112000,0,0,0,0,0,0,0,0,0,0,0,0,0,-112000
8033,雷虎            ,8000,120000,-112000,0,0,0,0,0,0,0,0,0,0,0,0,0,-112000
08925P,國巨元富07售10  ,0,0,0,0,0,0,0,0,0,-112000,0,0,0,10000,122000,-112000,-112000
08738P,TPK凱基01售02   ,0,0,0,0,0,0,0,0,0,-112000,0,0,0,15000,127000,-112000,-112000
03323P,牧德凱基02售03  ,0,0,0,0,0,0,0,0,0,-113000,0,0,0,26000,139000,-113000,-113000
063130,聯茂元大9B購02  ,0,0,0,0,0,0,0,0,0,-113000,0,0,0,192000,305000,-113000,-113000
067449,微星國票02購02  ,0,0,0,0,0,0,0,0,0,-113000,0,0,0,15000,128000,-113000,-113000
07888P,大立光國票9B售01,0,0,0,0,0,0,0,0,0,-113000,0,0,0,2000,115000,-113000,-113000
2707,晶華            ,16000,127000,-111000,0,0,0,0,0,0,-2000,0,0,0,0,2000,-2000,-113000
03448P,台積電元大02售30,0,0,0,0,0,0,0,0,0,-114000,0,0,0,1016000,1130000,-114000,-114000
03449P,玉晶光元大02售08,0,0,0,0,0,0,0,0,0,-114000,0,0,0,0,114000,-114000,-114000
03182P,聯電元大01售08  ,0,0,0,0,0,0,0,0,0,-114000,0,0,0,187000,301000,-114000,-114000
063162,國喬永豐9B購01  ,0,0,0,0,0,0,0,0,0,-114000,0,0,0,203000,317000,-114000,-114000
064723,大立光統一02購04,0,0,0,0,0,0,0,0,0,-114000,0,0,0,27000,141000,-114000,-114000
062553,台積電凱基9B購07,0,0,0,0,0,0,0,0,0,-114000,0,0,0,3000,117000,-114000,-114000
065461,台光電中信9C購01,0,0,0,0,0,0,0,0,0,-114000,0,0,0,7000,121000,-114000,-114000
2908,特力            ,46000,160000,-114000,0,0,0,0,0,0,0,0,0,0,0,0,0,-114000
4155,訊映            ,111000,223000,-112000,0,0,0,0,0,0,-2000,0,2000,-2000,0,0,0,-114000
07829P,旺宏凱基9A售07  ,0,0,0,0,0,0,0,0,0,-114000,0,0,0,86000,200000,-114000,-114000
068729,宏達電元大03購01,0,0,0,0,0,0,0,0,0,-115000,0,0,0,4000,119000,-115000,-115000
03686C,臺股指元大04牛05,0,0,0,0,0,0,0,0,0,-115000,0,0,0,32000,147000,-115000,-115000
058836,FBVIX中信03購05 ,0,0,0,0,0,0,0,0,0,-115000,0,0,0,0,115000,-115000,-115000
063939,上銀元大9C購04  ,0,0,0,0,0,0,0,0,0,-115000,0,0,0,134000,249000,-115000,-115000
065085,聯發科元大01購02,0,0,0,0,0,0,0,0,0,-115000,0,0,0,65000,180000,-115000,-115000
066291,惠特元大01購01  ,0,0,0,0,0,0,0,0,0,-115000,0,0,0,15000,130000,-115000,-115000
066688,台積電元富07購01,0,0,0,0,0,0,0,0,0,-115000,0,0,0,587000,702000,-115000,-115000
07907P,台灣50台新9B售08,0,0,0,0,0,0,0,0,0,-115000,0,0,0,0,115000,-115000,-115000
08069P,大立光國泰01售02,0,0,0,0,0,0,0,0,0,-115000,0,0,0,2000,117000,-115000,-115000
08260P,大立光元大9C售08,0,0,0,0,0,0,0,0,0,-115000,0,0,0,0,115000,-115000,-115000
4144,康聯-KY         ,7000,122000,-115000,0,0,0,0,0,0,0,0,0,0,0,0,0,-115000
1527,鑽全            ,39000,152000,-113000,0,0,0,0,0,0,-2000,0,2000,-2000,0,0,0,-115000
061273,臺股指凱基9A購23,0,0,0,0,0,0,0,0,0,-116000,0,0,0,11000,127000,-116000,-116000
066891,鴻海兆豐04購01  ,0,0,0,0,0,0,0,0,0,-116000,0,0,0,0,116000,-116000,-116000
067211,聯發科元大01購19,0,0,0,0,0,0,0,0,0,-116000,0,0,0,428000,544000,-116000,-116000
07928P,國巨統一9B售09  ,0,0,0,0,0,0,0,0,0,-116000,0,0,0,84000,200000,-116000,-116000
08378P,世紀鋼元富9C售02,0,0,0,0,0,0,0,0,0,-116000,0,0,0,50000,166000,-116000,-116000
058651,FBVIX中信9C購01 ,0,0,0,0,0,0,0,0,0,-117000,0,0,0,3000,120000,-117000,-117000
063673,GIS統一9C購02   ,0,0,0,0,0,0,0,0,0,-117000,0,0,0,32000,149000,-117000,-117000
07922P,大立光群益9B售05,0,0,0,0,0,0,0,0,0,-117000,0,0,0,0,117000,-117000,-117000
1783,和康生          ,155000,272000,-117000,0,0,0,0,0,0,0,0,0,0,0,0,0,-117000
2413,環科            ,56000,172000,-116000,0,0,0,0,0,0,-1000,0,1000,-1000,0,0,0,-117000
067799,玉晶光康和01購01,0,0,0,0,0,0,0,0,0,-118000,0,0,0,5000,123000,-118000,-118000
069974,南電康和02購03  ,0,0,0,0,0,0,0,0,0,-118000,0,0,0,3000,121000,-118000,-118000
07216P,大立光凱基99售08,0,0,0,0,0,0,0,0,0,-118000,0,0,0,0,118000,-118000,-118000
03410P,聯發科元大02售15,0,0,0,0,0,0,0,0,0,-118000,0,0,0,195000,313000,-118000,-118000
03247P,聯電元富03售02  ,0,0,0,0,0,0,0,0,0,-118000,0,0,0,95000,213000,-118000,-118000
00690,兆豐藍籌30      ,46000,43000,3000,0,0,0,0,0,0,-121000,0,0,0,618000,739000,-121000,-118000
063323,同欣電群益9B購03,0,0,0,0,0,0,0,0,0,-118000,0,0,0,0,118000,-118000,-118000
067409,巨大永豐01購01  ,0,0,0,0,0,0,0,0,0,-118000,0,0,0,0,118000,-118000,-118000
2405,浩鑫            ,28000,146000,-118000,0,0,0,0,0,0,0,0,0,0,0,0,0,-118000
1339,昭輝            ,38000,155000,-117000,0,0,0,0,0,0,-1000,0,1000,-1000,0,0,0,-118000
08296P,同欣電元大9C售04,0,0,0,0,0,0,0,0,0,-118000,0,0,0,246000,364000,-118000,-118000
069117,聯發科群益02購13,0,0,0,0,0,0,0,0,0,-119000,0,0,0,106000,225000,-119000,-119000
068809,台灣50元大02購07,0,0,0,0,0,0,0,0,0,-119000,0,0,0,10000,129000,-119000,-119000
03158P,大立光元大01售20,0,0,0,0,0,0,0,0,0,-119000,0,0,0,187000,306000,-119000,-119000
064392,喬山永豐9C購01  ,0,0,0,0,0,0,0,0,0,-119000,0,0,0,1000,120000,-119000,-119000
062230,緯穎統一01購01  ,0,0,0,0,0,0,0,0,0,-119000,0,0,0,318000,437000,-119000,-119000
065887,巨大元富9C購01  ,0,0,0,0,0,0,0,0,0,-119000,0,0,0,0,119000,-119000,-119000
07951P,智邦元大9B售05  ,0,0,0,0,0,0,0,0,0,-119000,0,0,0,0,119000,-119000,-119000
08648P,健策凱基9C售05  ,0,0,0,0,0,0,0,0,0,-119000,0,0,0,0,119000,-119000,-119000
2849,安泰銀          ,11000,122000,-111000,0,0,0,1000,0,1000,-9000,0,9000,-9000,0,0,0,-119000
068564,燿華元大01購04  ,0,0,0,0,0,0,0,0,0,-120000,0,0,0,10000,130000,-120000,-120000
067732,遠東新元大01購01,0,0,0,0,0,0,0,0,0,-120000,0,0,0,33000,153000,-120000,-120000
03409P,台積電元大02售26,0,0,0,0,0,0,0,0,0,-120000,0,0,0,1700000,1820000,-120000,-120000
057051,群創元大9B購03  ,0,0,0,0,0,0,0,0,0,-120000,0,0,0,5000,125000,-120000,-120000
063090,道瓊反中信9C購02,0,0,0,0,0,0,0,0,0,-120000,0,0,0,0,120000,-120000,-120000
062984,致新元富9B購01  ,0,0,0,0,0,0,0,0,0,-120000,0,0,0,60000,180000,-120000,-120000
060774,南亞科凱基9A購01,0,0,0,0,0,0,0,0,0,-120000,0,0,0,0,120000,-120000,-120000
066249,生達元大01購01  ,0,0,0,0,0,0,0,0,0,-120000,0,0,0,0,120000,-120000,-120000
08597P,聯發科元大9C售18,0,0,0,0,0,0,0,0,0,-120000,0,0,0,152000,272000,-120000,-120000
1231,聯華食          ,60000,172000,-112000,0,0,0,0,0,0,-8000,0,8000,-8000,0,0,0,-120000
08282P,南六群益9C售01  ,0,0,0,0,0,0,0,0,0,-120000,0,0,0,21000,141000,-120000,-120000
068708,新光金國票02購01,0,0,0,0,0,0,0,0,0,-121000,0,0,0,0,121000,-121000,-121000
069042,T50反1元富08購03,0,0,0,0,0,0,0,0,0,-121000,0,0,0,84000,205000,-121000,-121000
061896,景碩永豐9B購01  ,0,0,0,0,0,0,0,0,0,-121000,0,0,0,49000,170000,-121000,-121000
06499P,臺股指元大9A售04,0,0,0,0,0,0,0,0,0,-121000,0,0,0,0,121000,-121000,-121000
2367,燿華            ,4879000,4438000,441000,0,0,0,0,0,0,-562000,91000,14000,77000,48000,687000,-639000,-121000
069285,聯電國泰03購03  ,0,0,0,0,0,0,0,0,0,-122000,0,0,0,37000,159000,-122000,-122000
03088P,大立光元大01售17,0,0,0,0,0,0,0,0,0,-122000,0,0,0,3000,125000,-122000,-122000
063339,智邦統一01購01  ,0,0,0,0,0,0,0,0,0,-122000,0,0,0,18000,140000,-122000,-122000
065137,中鋼凱基01購01  ,0,0,0,0,0,0,0,0,0,-122000,0,0,0,20000,142000,-122000,-122000
5907,大洋-KY         ,2000,123000,-121000,0,0,0,0,0,0,-1000,0,1000,-1000,0,0,0,-122000
8249,菱光            ,3000,122000,-119000,0,0,0,0,0,0,-3000,0,3000,-3000,0,0,0,-122000
08939P,緯穎元大01售06  ,0,0,0,0,0,0,0,0,0,-122000,0,0,0,0,122000,-122000,-122000
069382,欣興元大02購09  ,0,0,0,0,0,0,0,0,0,-123000,0,0,0,36000,159000,-123000,-123000
055874,中環元富9A購01  ,0,0,0,0,0,0,0,0,0,-123000,0,0,0,179000,302000,-123000,-123000
059259,FBVIX中信03購06 ,0,0,0,0,0,0,0,0,0,-123000,0,0,0,4000,127000,-123000,-123000
065475,聯發科元大01購04,0,0,0,0,0,0,0,0,0,-123000,0,0,0,101000,224000,-123000,-123000
065738,國巨麥證9C購04  ,0,0,0,27000,150000,-123000,0,0,0,-123000,0,0,0,27000,150000,-123000,-123000
4137,麗豐-KY         ,68000,181000,-113000,0,0,0,2000,0,2000,-12000,0,0,0,3000,15000,-12000,-123000
4164,承業醫          ,139000,324000,-185000,0,0,0,0,0,0,62000,90000,28000,62000,0,0,0,-123000
1903,士紙            ,159000,182000,-23000,0,0,0,0,0,0,-100000,0,100000,-100000,0,0,0,-123000
068671,台積電統一04購02,0,0,0,0,0,0,0,0,0,-124000,0,0,0,378000,502000,-124000,-124000
063146,南六統一9B購02  ,0,0,0,0,0,0,0,0,0,-124000,0,0,0,56000,180000,-124000,-124000
061800,泰鼎永豐9B購01  ,0,0,0,0,0,0,0,0,0,-124000,0,0,0,53000,177000,-124000,-124000
061275,臺股指凱基9A購25,0,0,0,0,0,0,0,0,0,-124000,0,0,0,15000,139000,-124000,-124000
065049,世芯凱基02購01  ,0,0,0,0,0,0,0,0,0,-124000,0,0,0,90000,214000,-124000,-124000
068459,玉晶光國票03購04,0,0,0,0,0,0,0,0,0,-125000,0,0,0,10000,135000,-125000,-125000
067781,SP黃豆群益01購02,0,0,0,0,0,0,0,0,0,-125000,0,0,0,0,125000,-125000,-125000
03505P,華通群益03售02  ,0,0,0,0,0,0,0,0,0,-125000,0,0,0,21000,146000,-125000,-125000
064861,緯創富邦9C購01  ,0,0,0,0,0,0,0,0,0,-125000,0,0,0,0,125000,-125000,-125000
066205,京鼎統一03購01  ,0,0,0,0,0,0,0,0,0,-125000,0,0,0,108000,233000,-125000,-125000
066299,潤泰新元大01購01,0,0,0,0,0,0,0,0,0,-125000,0,0,0,117000,242000,-125000,-125000
067257,帆宣國票02購01  ,0,0,0,0,0,0,0,0,0,-125000,0,0,0,27000,152000,-125000,-125000
2430,燦坤            ,30000,154000,-124000,0,0,0,0,0,0,-1000,0,1000,-1000,0,0,0,-125000
08905P,金像電群益01售06,0,0,0,0,0,0,0,0,0,-125000,0,0,0,250000,375000,-125000,-125000
08814P,世紀鋼群益01售04,0,0,0,0,0,0,0,0,0,-125000,0,0,0,3000,128000,-125000,-125000
08358P,大立光元大9C售18,0,0,0,0,0,0,0,0,0,-125000,0,0,0,0,125000,-125000,-125000
07669P,華新科元大9A售14,0,0,0,0,0,0,0,0,0,-125000,0,0,0,100000,225000,-125000,-125000
067651,漢唐元富07購01  ,0,0,0,0,0,0,0,0,0,-126000,0,0,0,131000,257000,-126000,-126000
069752,欣興中信02購04  ,0,0,0,0,0,0,0,0,0,-126000,0,0,0,238000,364000,-126000,-126000
03442P,牧德凱基02售04  ,0,0,0,0,0,0,0,0,0,-126000,0,0,0,0,126000,-126000,-126000
03551P,致新凱基02售01  ,0,0,0,0,0,0,0,0,0,-126000,0,0,0,1000,127000,-126000,-126000
05755P,臺股指中信99售04,0,0,0,0,0,0,0,0,0,-126000,0,0,0,204000,330000,-126000,-126000
063516,香港反凱基03購01,0,0,0,0,0,0,0,0,0,-126000,0,0,0,200000,326000,-126000,-126000
067035,台表科康和01購01,0,0,0,0,0,0,0,0,0,-126000,0,0,0,0,126000,-126000,-126000
066433,南六元大02購01  ,0,0,0,0,0,0,0,0,0,-126000,0,0,0,32000,158000,-126000,-126000
08779P,旺宏群益01售04  ,0,0,0,0,0,0,0,0,0,-126000,0,0,0,50000,176000,-126000,-126000
068181,長榮航群益02購01,0,0,0,0,0,0,0,0,0,-127000,0,0,0,0,127000,-127000,-127000
057016,中石化凱基9B購01,0,0,0,0,0,0,0,0,0,-127000,0,0,0,142000,269000,-127000,-127000
056472,美律元大99購03  ,0,0,0,0,0,0,0,0,0,-127000,0,0,0,0,127000,-127000,-127000
08880P,全新凱基01售02  ,0,0,0,0,0,0,0,0,0,-127000,0,0,0,137000,264000,-127000,-127000
07557P,玉晶光元大9A售09,0,0,0,0,0,0,0,0,0,-127000,0,0,0,0,127000,-127000,-127000
5234,達興材料        ,25000,148000,-123000,0,0,0,0,0,0,-4000,0,4000,-4000,0,0,0,-127000
03556P,華碩元大02售05  ,0,0,0,0,0,0,0,0,0,-128000,0,0,0,0,128000,-128000,-128000
03206P,台郡凱基01售05  ,0,0,0,0,0,0,0,0,0,-128000,0,0,0,54000,182000,-128000,-128000
066584,滬深2X群益03購01,0,0,0,0,0,0,0,0,0,-128000,0,0,0,80000,208000,-128000,-128000
5258,虹堡            ,61000,185000,-124000,0,0,0,0,0,0,-4000,0,4000,-4000,0,0,0,-128000
1439,中和            ,81000,209100,-128100,0,0,0,0,0,0,0,0,0,0,0,0,0,-128100
060247,牧德元大9A購02  ,0,0,0,0,0,0,0,0,0,-129000,0,0,0,0,129000,-129000,-129000
060169,群電永豐9A購01  ,0,0,0,0,0,0,0,0,0,-129000,0,0,0,41000,170000,-129000,-129000
060840,可成國票9B購01  ,0,0,0,0,0,0,0,0,0,-129000,0,0,0,73000,202000,-129000,-129000
061668,信邦中信9B購01  ,0,0,0,0,0,0,0,0,0,-129000,0,0,0,56000,185000,-129000,-129000
066455,聯發科統一01購10,0,0,0,0,0,0,0,0,0,-129000,0,0,0,316000,445000,-129000,-129000
4952,凌通            ,48000,177000,-129000,0,0,0,0,0,0,0,0,0,0,0,0,0,-129000
07691P,宏達電元大9A售05,0,0,0,0,0,0,0,0,0,-129000,0,0,0,100000,229000,-129000,-129000
08430P,友達凱基01售01  ,0,0,0,0,0,0,0,0,0,-129000,0,0,0,15000,144000,-129000,-129000
08529P,臻鼎元大9C售03  ,0,0,0,0,0,0,0,0,0,-129000,0,0,0,19000,148000,-129000,-129000
069771,南亞科元大02購01,0,0,0,0,0,0,0,0,0,-130000,0,0,0,42000,172000,-130000,-130000
070103,上銀元大02購03  ,0,0,0,0,0,0,0,0,0,-130000,0,0,0,0,130000,-130000,-130000
058952,南茂群益99購01  ,0,0,0,0,0,0,0,0,0,-130000,0,0,0,0,130000,-130000,-130000
03436P,瑞昱永豐02售03  ,0,0,0,0,0,0,0,0,0,-130000,0,0,0,0,130000,-130000,-130000
064129,新日興元大9C購02,0,0,0,0,0,0,0,0,0,-130000,0,0,0,25000,155000,-130000,-130000
065133,SP黃豆凱基02購01,0,0,0,0,0,0,0,0,0,-130000,0,0,0,100000,230000,-130000,-130000
07871P,台積電群益9C售02,0,0,0,0,0,0,0,0,0,-130000,0,0,0,0,130000,-130000,-130000
6192,巨路            ,37000,165000,-128000,0,0,0,0,0,0,-2000,0,2000,-2000,0,0,0,-130000
069794,微星凱基04購01  ,0,0,0,0,0,0,0,0,0,-131000,0,0,0,1000,132000,-131000,-131000
03037P,玉晶光國票02售02,0,0,0,0,0,0,0,0,0,-131000,0,0,0,0,131000,-131000,-131000
058105,旺宏統一9A購02  ,0,0,0,0,0,0,0,0,0,-131000,0,0,0,111000,242000,-131000,-131000
08872P,臺股指群益01售05,0,0,0,0,0,0,0,0,0,-131000,0,0,0,265000,396000,-131000,-131000
068767,台積電統一04購05,0,0,0,0,0,0,0,0,0,-132000,0,0,0,12000,144000,-132000,-132000
03020P,大立光群益01售11,0,0,0,0,0,0,0,0,0,-132000,0,0,0,10000,142000,-132000,-132000
062051,上銀統一9C購02  ,0,0,0,0,0,0,0,0,0,-132000,0,0,0,20000,152000,-132000,-132000
062972,京元電元富9B購01,0,0,0,0,0,0,0,0,0,-132000,0,0,0,26000,158000,-132000,-132000
066105,松翰國票01購01  ,0,0,0,0,0,0,0,0,0,-132000,0,0,0,235000,367000,-132000,-132000
066365,富邦金中信03購01,0,0,0,0,0,0,0,0,0,-132000,0,0,0,136000,268000,-132000,-132000
08472P,和碩凱基9C售02  ,0,0,0,0,0,0,0,0,0,-132000,0,0,0,145000,277000,-132000,-132000
08129P,聯發科元大9B售23,0,0,0,0,0,0,0,0,0,-132000,0,0,0,32000,164000,-132000,-132000
1592,英瑞-KY         ,106000,238000,-132000,0,0,0,0,0,0,0,0,0,0,0,0,0,-132000
03417P,瑞昱群益04售01  ,0,0,0,0,0,0,0,0,0,-133000,0,0,0,0,133000,-133000,-133000
03303P,義隆元富02售01  ,0,0,0,0,0,0,0,0,0,-133000,0,0,0,272000,405000,-133000,-133000
060595,台灣50凱基04購04,0,0,0,0,0,0,0,0,0,-133000,0,0,0,0,133000,-133000,-133000
063937,上銀元大9C購02  ,0,0,0,0,0,0,0,0,0,-133000,0,0,0,24000,157000,-133000,-133000
065601,聯發科元大01購05,0,0,0,0,0,0,0,0,0,-133000,0,0,0,396000,529000,-133000,-133000
6189,豐藝            ,22000,148000,-126000,0,0,0,0,0,0,-7000,0,7000,-7000,0,0,0,-133000
061877,貿聯元大9B購01  ,0,0,0,0,0,0,0,0,0,-134000,0,0,0,20000,154000,-134000,-134000
064317,日月光群益9C購01,0,0,0,0,0,0,0,0,0,-134000,0,0,0,56000,190000,-134000,-134000
6206,飛捷            ,7000,130000,-123000,0,0,0,0,0,0,-11000,0,11000,-11000,0,0,0,-134000
2034,允強            ,76000,203000,-127000,0,0,0,0,0,0,-7000,0,7000,-7000,0,0,0,-134000
2301,光寶科          ,4240016,5507833,-1267817,0,0,0,37000,0,37000,1096000,304000,67000,237000,944000,85000,859000,-134817
068640,緯創凱基03購01  ,0,0,0,0,0,0,0,0,0,-135000,0,0,0,36000,171000,-135000,-135000
069216,世紀鋼元大03購01,0,0,0,0,0,0,0,0,0,-135000,0,0,0,105000,240000,-135000,-135000
060915,旭富元大9A購01  ,0,0,0,0,0,0,0,0,0,-135000,0,0,0,85000,220000,-135000,-135000
03428P,台積電元大02售28,0,5000,-5000,0,0,0,0,0,0,-130000,0,0,0,1620000,1750000,-130000,-135000
03175P,台積電國票03售04,0,0,0,0,0,0,0,0,0,-135000,0,0,0,13000,148000,-135000,-135000
061778,元金2X群益9B購02,0,0,0,0,0,0,0,0,0,-135000,0,0,0,14000,149000,-135000,-135000
065744,華新元大9C購01  ,0,0,0,0,0,0,0,0,0,-135000,0,0,0,69000,204000,-135000,-135000
065817,聯發科元富03購08,0,0,0,0,0,0,0,0,0,-135000,0,0,0,129000,264000,-135000,-135000
067316,嘉澤元大01購03  ,0,0,0,0,0,0,0,0,0,-135000,0,0,0,5000,140000,-135000,-135000
1737,臺鹽            ,69000,203000,-134000,0,0,0,0,0,0,-1000,0,1000,-1000,0,0,0,-135000
069054,欣興元富05購01  ,0,0,0,0,0,0,0,0,0,-136000,0,0,0,197000,333000,-136000,-136000
069140,金像電永豐02購01,0,0,0,0,0,0,0,0,0,-136000,0,0,0,68000,204000,-136000,-136000
062708,立積元大9B購01  ,0,0,0,0,0,0,0,0,0,-136000,0,0,0,94000,230000,-136000,-136000
067429,國揚凱基02購01  ,0,0,0,0,0,0,0,0,0,-136000,0,0,0,2000,138000,-136000,-136000
03460P,瑞昱國票02售01  ,0,0,0,0,0,0,0,0,0,-137000,0,0,0,169000,306000,-137000,-137000
057485,友達元大9C購04  ,0,0,0,0,0,0,0,0,0,-137000,0,0,0,320000,457000,-137000,-137000
067530,國巨群益01購09  ,0,0,0,0,0,0,0,0,0,-137000,0,0,0,82000,219000,-137000,-137000
8016,矽創            ,348000,575000,-227000,0,0,0,275000,0,275000,-185000,0,141000,-141000,12000,56000,-44000,-137000
069051,聯發科元富08購03,0,0,0,0,0,0,0,0,0,-138000,0,0,0,345000,483000,-138000,-138000
069756,國巨兆豐03購04  ,0,0,0,0,0,0,0,0,0,-138000,0,0,0,0,138000,-138000,-138000
07076P,鴻海凱基9A售08  ,0,0,0,0,0,0,0,0,0,-138000,0,0,0,0,138000,-138000,-138000
068674,聯發科統一03購12,0,0,0,0,0,0,0,0,0,-138000,0,0,0,224000,362000,-138000,-138000
068383,上銀統一03購01  ,0,0,0,0,0,0,0,0,0,-138000,0,0,0,5000,143000,-138000,-138000
060470,台勝科元大9A購03,0,0,0,0,0,0,0,0,0,-138000,0,0,0,0,138000,-138000,-138000
1531,高林股          ,8000,146000,-138000,0,0,0,0,0,0,0,0,0,0,0,0,0,-138000
08298P,大立光國票9C售01,0,0,0,0,0,0,0,0,0,-138000,0,0,0,20000,158000,-138000,-138000
08609P,世紀鋼永豐9C售03,0,0,0,0,0,0,0,0,0,-138000,0,0,0,10000,148000,-138000,-138000
057445,華通元富02購01  ,0,0,0,0,0,0,0,0,0,-139000,0,0,0,16000,155000,-139000,-139000
058861,國巨凱基9A購08  ,0,0,0,0,0,0,0,0,0,-139000,0,0,0,499000,638000,-139000,-139000
03378P,台積電群益02售10,0,0,0,0,0,0,0,0,0,-139000,0,0,0,17000,156000,-139000,-139000
067386,巨大統一02購02  ,0,0,0,0,0,0,0,0,0,-139000,0,0,0,0,139000,-139000,-139000
065654,台表科元大9C購12,0,0,0,0,0,0,0,0,0,-139000,0,0,0,10000,149000,-139000,-139000
07531P,大立光國泰9B售03,0,0,0,0,0,0,0,0,0,-139000,0,0,0,0,139000,-139000,-139000
059814,SP黃豆凱基9A購02,0,0,0,0,0,0,0,0,0,-140000,0,0,0,0,140000,-140000,-140000
062801,宏達電統一01購01,0,0,0,0,0,0,0,0,0,-140000,0,0,0,120000,260000,-140000,-140000
059248,華新科凱基99購04,0,0,0,0,0,0,0,0,0,-140000,0,0,0,0,140000,-140000,-140000
062106,華邦電國票9B購02,0,0,0,0,0,0,0,0,0,-140000,0,0,0,0,140000,-140000,-140000
063203,華新科統一9C購04,0,0,0,0,0,0,0,0,0,-140000,0,0,0,153000,293000,-140000,-140000
065958,T50反1元大01購01,0,0,0,0,0,0,0,0,0,-140000,0,0,0,70000,210000,-140000,-140000
08931P,晶技元富07售02  ,0,0,0,0,0,0,0,0,0,-140000,0,0,0,73000,213000,-140000,-140000
6226,光鼎            ,57000,197000,-140000,0,0,0,0,0,0,0,0,0,0,0,0,0,-140000
067709,大立光元富07購01,0,0,0,0,0,0,0,0,0,-141000,0,0,0,30000,171000,-141000,-141000
00654R,富邦印度反1     ,2000,0,2000,0,0,0,0,0,0,-143000,0,0,0,46000,189000,-143000,-141000
062697,國巨元大9C購01  ,0,0,0,0,0,0,0,0,0,-141000,0,0,0,0,141000,-141000,-141000
064477,南六國泰02購01  ,0,0,0,0,0,0,0,0,0,-141000,0,0,0,68000,209000,-141000,-141000
067321,南六元大01購05  ,0,0,0,0,0,0,0,0,0,-141000,0,0,0,91000,232000,-141000,-141000
08527P,大立光元大01售06,0,0,0,0,0,0,0,0,0,-141000,0,0,0,2000,143000,-141000,-141000
08500P,臺股指國票9C售02,0,0,0,0,0,0,0,0,0,-141000,0,0,0,0,141000,-141000,-141000
08060P,嘉澤元大9B售01  ,0,0,0,0,0,0,0,0,0,-141000,0,0,0,224000,365000,-141000,-141000
068255,鎧勝元大01購05  ,0,0,0,0,0,0,0,0,0,-142000,0,0,0,60000,202000,-142000,-142000
068644,臺股指凱基03購10,0,0,0,0,0,0,0,0,0,-142000,0,0,0,0,142000,-142000,-142000
068766,台積電統一04購04,0,0,0,0,0,0,0,0,0,-142000,0,0,0,0,142000,-142000,-142000
9927,泰銘            ,1000,143000,-142000,0,0,0,0,0,0,0,0,0,0,0,0,0,-142000
2476,鉅祥            ,2000,141000,-139000,0,0,0,0,0,0,-3000,0,3000,-3000,0,0,0,-142000
068561,台積電元大01購52,0,0,0,0,0,0,0,0,0,-143000,0,0,0,234000,377000,-143000,-143000
03372P,台積電元大02售25,0,0,0,0,0,0,0,0,0,-143000,0,0,0,700000,843000,-143000,-143000
057852,國巨國票99購05  ,0,0,0,0,0,0,0,0,0,-143000,0,0,0,45000,188000,-143000,-143000
063902,志超群益9C購01  ,0,0,0,0,0,0,0,0,0,-143000,0,0,0,90000,233000,-143000,-143000
065828,大立光凱基06購01,0,0,0,0,0,0,0,0,0,-143000,0,0,0,70000,213000,-143000,-143000
065345,台光電統一01購04,0,0,0,0,0,0,0,0,0,-143000,0,0,0,160000,303000,-143000,-143000
068249,聯發科元大01購25,0,2000,-2000,0,0,0,0,0,0,-142000,0,0,0,133000,275000,-142000,-144000
03320P,台達電凱基02售02,0,0,0,0,0,0,0,0,0,-144000,0,0,0,0,144000,-144000,-144000
061388,台積電群益9A購05,0,0,0,0,0,0,0,0,0,-144000,0,0,0,63000,207000,-144000,-144000
061597,南六永豐9A購04  ,0,0,0,0,0,0,0,0,0,-144000,0,0,0,51000,195000,-144000,-144000
062037,華新凱基9B購01  ,0,0,0,0,0,0,0,0,0,-144000,0,0,0,50000,194000,-144000,-144000
064491,金像電元大9C購03,0,0,0,0,0,0,0,0,0,-144000,0,0,0,45000,189000,-144000,-144000
065207,奇力新國票9C購02,0,0,0,0,0,0,0,0,0,-144000,0,0,0,0,144000,-144000,-144000
068577,台積電國泰03購08,0,0,0,0,0,0,0,0,0,-145000,0,0,0,158000,303000,-145000,-145000
068651,聯電元大02購04  ,0,0,0,0,0,0,0,0,0,-145000,0,0,0,55000,200000,-145000,-145000
068147,台積電元大02購06,0,0,0,0,0,0,0,0,0,-145000,0,0,0,3000,148000,-145000,-145000
060633,玉晶光富邦02購01,0,0,0,0,0,0,0,0,0,-145000,0,0,0,0,145000,-145000,-145000
061902,百和永豐9B購01  ,0,0,0,0,0,0,0,0,0,-145000,0,0,0,0,145000,-145000,-145000
060983,南亞科元大9A購06,0,0,0,0,0,0,0,0,0,-145000,0,0,0,0,145000,-145000,-145000
064566,大立光群益9C購04,0,0,0,0,0,0,0,0,0,-145000,0,0,0,155000,300000,-145000,-145000
063145,台表科統一02購01,0,0,0,0,0,0,0,0,0,-145000,0,0,0,10000,155000,-145000,-145000
064863,台積電永豐9C購01,0,0,0,0,0,0,0,0,0,-145000,0,0,0,0,145000,-145000,-145000
5225,東科-KY         ,28000,173000,-145000,0,0,0,0,0,0,0,0,0,0,0,0,0,-145000
069128,台達電國泰04購01,0,0,0,0,0,0,0,0,0,-146000,0,0,0,12000,158000,-146000,-146000
03109P,台積電元大01售41,0,0,0,0,0,0,0,0,0,-146000,0,0,0,10000,156000,-146000,-146000
065742,宏達電麥證9C購01,0,0,0,14000,164000,-150000,0,0,0,-146000,0,0,0,18000,164000,-146000,-146000
065997,元黃金國票03購01,0,0,0,0,0,0,0,0,0,-146000,0,0,0,65000,211000,-146000,-146000
3059,華晶科          ,348000,492000,-144000,0,0,0,0,0,0,-2000,1000,3000,-2000,0,0,0,-146000
3094,聯傑            ,73000,218000,-145000,0,0,0,0,0,0,-1000,0,1000,-1000,0,0,0,-146000
1808,潤隆            ,89000,235000,-146000,0,0,0,0,0,0,0,0,0,0,0,0,0,-146000
00642U,元大S&P石油     ,12000,15000,-3000,0,0,0,0,0,0,-144000,0,0,0,0,144000,-144000,-147000
062741,立積國票9B購02  ,0,0,0,0,0,0,0,0,0,-147000,0,0,0,8000,155000,-147000,-147000
061261,台積電凱基9B購03,0,0,0,0,0,0,0,0,0,-147000,0,0,0,84000,231000,-147000,-147000
065491,華新科國泰02購01,0,0,0,0,0,0,0,0,0,-147000,0,0,0,46000,193000,-147000,-147000
067023,巨大中信01購01  ,0,0,0,0,0,0,0,0,0,-147000,0,0,0,0,147000,-147000,-147000
2414,精技            ,19000,166000,-147000,0,0,0,0,0,0,0,0,0,0,0,0,0,-147000
3022,威強電          ,105000,252000,-147000,0,0,0,0,0,0,0,0,0,0,0,0,0,-147000
08097P,嘉澤永豐9B售03  ,0,0,0,0,0,0,0,0,0,-147000,0,0,0,0,147000,-147000,-147000
060015,國巨康和99購03  ,0,0,0,0,0,0,0,0,0,-148000,0,0,0,28000,176000,-148000,-148000
03204P,台積電凱基01售28,0,0,0,0,0,0,0,0,0,-148000,0,0,0,0,148000,-148000,-148000
08348P,貿聯元大9C售01  ,0,0,0,0,0,0,0,0,0,-148000,0,0,0,190000,338000,-148000,-148000
08753P,群創群益01售01  ,0,0,0,0,0,0,0,0,0,-148000,0,0,0,299000,447000,-148000,-148000
066615,長榮航康和01購01,0,0,0,0,0,0,0,0,0,-149000,0,0,0,0,149000,-149000,-149000
3705,永信            ,78000,226000,-148000,0,0,0,0,0,0,-1000,0,1000,-1000,0,0,0,-149000
6205,詮欣            ,70000,219000,-149000,0,0,0,0,0,0,0,0,0,0,0,0,0,-149000
6412,群電            ,483000,644000,-161000,0,0,0,0,0,0,12000,5000,0,5000,7000,0,7000,-149000
07266P,大立光元大99售19,0,0,0,0,0,0,0,0,0,-150000,0,0,0,0,150000,-150000,-150000
068579,GIS國泰03購01   ,0,0,0,0,0,0,0,0,0,-150000,0,0,0,118000,268000,-150000,-150000
068284,香港反群益01購01,0,0,0,0,0,0,0,0,0,-150000,0,0,0,0,150000,-150000,-150000
03290P,亞德客元大02售01,0,0,0,0,0,0,0,0,0,-150000,0,0,0,146000,296000,-150000,-150000
057812,友達元大9A購05  ,0,0,0,0,0,0,0,0,0,-150000,0,0,0,60000,210000,-150000,-150000
066659,燿華凱基03購01  ,0,0,0,0,0,0,0,0,0,-150000,0,0,0,0,150000,-150000,-150000
065313,聯茂國票01購01  ,0,0,0,0,0,0,0,0,0,-150000,0,0,0,0,150000,-150000,-150000
065845,友達元大9C購12  ,0,0,0,0,0,0,0,0,0,-150000,0,0,0,100000,250000,-150000,-150000
1474,弘裕            ,367000,515000,-148000,0,0,0,0,0,0,-2000,0,2000,-2000,0,0,0,-150000
08901P,台表科群益01售02,0,0,0,0,0,0,0,0,0,-150000,0,0,0,58000,208000,-150000,-150000
08365P,貿聯凱基9C售01  ,0,0,0,0,0,0,0,0,0,-150000,0,0,0,10000,160000,-150000,-150000
068513,聯發科統一03購08,0,0,0,0,0,0,0,0,0,-151000,0,0,0,20000,171000,-151000,-151000
069994,可成台新02購01  ,0,0,0,0,0,0,0,0,0,-151000,0,0,0,73000,224000,-151000,-151000
069641,聯電中信02購01  ,0,0,0,0,0,0,0,0,0,-151000,0,0,0,2000,153000,-151000,-151000
069307,瑞昱凱基02購03  ,0,0,0,0,0,0,0,0,0,-151000,0,0,0,100000,251000,-151000,-151000
08396P,鴻海元富9C售04  ,0,0,0,0,0,0,0,0,0,-151000,0,0,0,756000,907000,-151000,-151000
08634P,大立光元大9C售26,0,0,0,0,0,0,0,0,0,-151000,0,0,0,46000,197000,-151000,-151000
08935P,鴻海元大01售19  ,0,0,0,0,0,0,0,0,0,-151000,0,0,0,0,151000,-151000,-151000
08817P,致新元富01售02  ,0,0,0,0,0,0,0,0,0,-151000,0,0,0,217000,368000,-151000,-151000
068393,GIS統一03購01   ,0,0,0,0,0,0,0,0,0,-152000,0,0,0,0,152000,-152000,-152000
068056,台表科統一03購01,0,0,0,0,0,0,0,0,0,-152000,0,0,0,0,152000,-152000,-152000
067645,樺漢統一02購01  ,0,0,0,0,0,0,0,0,0,-152000,0,0,0,40000,192000,-152000,-152000
03386P,台積電凱基02售18,0,0,0,0,0,0,0,0,0,-152000,0,0,0,2000,154000,-152000,-152000
064619,南亞科元大9C購05,0,0,0,0,0,0,0,0,0,-152000,0,0,0,56000,208000,-152000,-152000
06326P,鴻海中信01售01  ,0,30000,-30000,0,0,0,0,0,0,-122000,0,0,0,1032000,1154000,-122000,-152000
07997P,上銀凱基9B售04  ,0,0,0,0,0,0,0,0,0,-152000,0,0,0,0,152000,-152000,-152000
03491P,台積電元大02售31,0,0,0,0,0,0,0,0,0,-153000,0,0,0,1740000,1893000,-153000,-153000
063634,台光電元大9B購09,0,0,0,0,0,0,0,0,0,-153000,0,0,0,15000,168000,-153000,-153000
065527,巨大群益9C購03  ,0,0,0,0,0,0,0,0,0,-153000,0,0,0,19000,172000,-153000,-153000
08762P,南六元大01售03  ,0,0,0,0,0,0,0,0,0,-153000,0,0,0,185000,338000,-153000,-153000
1612,宏泰            ,328000,479000,-151000,0,0,0,0,0,0,-2000,0,2000,-2000,0,0,0,-153000
067678,大立光元大02購02,0,0,0,0,0,0,0,0,0,-154000,0,0,0,126000,280000,-154000,-154000
068122,彩晶元富03購01  ,0,0,0,0,0,0,0,0,0,-154000,0,0,0,135000,289000,-154000,-154000
061546,大立光群益9A購05,46000,0,46000,0,0,0,0,0,0,-200000,0,0,0,60000,260000,-200000,-154000
063790,南亞科台新9C購01,0,0,0,0,0,0,0,0,0,-154000,0,0,0,41000,195000,-154000,-154000
067426,聯發科凱基01購14,0,0,0,0,0,0,0,0,0,-154000,0,0,0,35000,189000,-154000,-154000
6288,聯嘉            ,898000,1072000,-174000,0,0,0,0,0,0,20000,44000,24000,20000,0,0,0,-154000
069545,金像電元大02購08,0,0,0,0,0,0,0,0,0,-155000,0,0,0,149000,304000,-155000,-155000
069587,SP黃豆國票03購01,0,0,0,0,0,0,0,0,0,-155000,0,0,0,0,155000,-155000,-155000
03310P,聯詠凱基02售05  ,0,0,0,0,0,0,0,0,0,-155000,0,0,0,27000,182000,-155000,-155000
03208P,國巨中信02售02  ,0,0,0,0,0,0,0,0,0,-155000,0,0,0,0,155000,-155000,-155000
065838,鴻海元大03購01  ,0,0,0,0,0,0,0,0,0,-155000,0,0,0,0,155000,-155000,-155000
1321,大洋            ,28000,183000,-155000,0,0,0,0,0,0,0,0,0,0,0,0,0,-155000
3035,智原            ,1183000,700000,483000,0,0,0,0,500000,-500000,-138000,34000,56000,-22000,0,116000,-116000,-155000
08846P,上証2X群益03售03,0,0,0,0,0,0,0,0,0,-155000,0,0,0,5000,160000,-155000,-155000
068720,台積電元大02購14,0,0,0,0,0,0,0,0,0,-156000,0,0,0,134000,290000,-156000,-156000
064465,台表科統一01購02,0,0,0,0,0,0,0,0,0,-156000,0,0,0,0,156000,-156000,-156000
066913,樺漢凱基01購01  ,0,0,0,0,0,0,0,0,0,-156000,0,0,0,215000,371000,-156000,-156000
3013,晟銘電          ,13000,169000,-156000,0,0,0,0,0,0,0,0,0,0,0,0,0,-156000
3419,譁裕            ,73000,230000,-157000,0,0,0,0,0,0,1000,1000,0,1000,0,0,0,-156000
6672,騰輝電子-KY     ,75000,215000,-140000,0,0,0,0,0,0,-16000,0,16000,-16000,0,0,0,-156000
4935,茂林-KY         ,1063000,1009000,54000,0,0,0,0,0,0,-210000,0,2000,-2000,58000,266000,-208000,-156000
064572,同欣電群益9C購02,0,0,0,0,0,0,0,0,0,-157000,0,0,0,40000,197000,-157000,-157000
066604,台郡富邦04購01  ,0,0,0,0,0,0,0,0,0,-157000,0,0,0,0,157000,-157000,-157000
08869P,緯穎凱基01售02  ,0,0,0,0,0,0,0,0,0,-157000,0,0,0,50000,207000,-157000,-157000
068930,億光永豐02購01  ,0,0,0,0,0,0,0,0,0,-158000,0,0,0,72000,230000,-158000,-158000
068341,世紀鋼元大01購04,0,0,0,0,0,0,0,0,0,-159000,0,0,0,56000,215000,-159000,-159000
03223P,華通凱基03售03  ,0,0,0,0,0,0,0,0,0,-159000,0,0,0,36000,195000,-159000,-159000
03451P,創意元大02售01  ,0,0,0,0,0,0,0,0,0,-159000,0,0,0,39000,198000,-159000,-159000
058328,世紀鋼統一9B購01,0,0,0,0,0,0,0,0,0,-159000,0,0,0,855000,1014000,-159000,-159000
060183,南亞科元富9A購01,0,0,0,0,0,0,0,0,0,-159000,0,0,0,142000,301000,-159000,-159000
067815,玉晶光凱基01購04,0,0,0,0,0,0,0,0,0,-160000,0,0,0,50000,210000,-160000,-160000
070155,台積電台新02購03,0,0,0,0,0,0,0,0,0,-160000,0,0,0,0,160000,-160000,-160000
053400,緯穎中信9A購01  ,0,0,0,0,0,0,0,0,0,-160000,0,0,0,0,160000,-160000,-160000
061063,國巨凱基9A購14  ,0,0,0,0,0,0,0,0,0,-160000,0,0,0,0,160000,-160000,-160000
066563,日月光元大01購01,0,0,0,0,0,0,0,0,0,-160000,0,0,0,90000,250000,-160000,-160000
08751P,友達群益01售01  ,0,0,0,0,0,0,0,0,0,-160000,0,0,0,70000,230000,-160000,-160000
08347P,大立光元大9C售16,0,0,0,0,0,0,0,0,0,-160000,0,0,0,5000,165000,-160000,-160000
07793P,同欣電元大9A售02,0,0,0,0,0,0,0,0,0,-160000,0,0,0,3000,163000,-160000,-160000
07809P,國巨中信9A售06  ,0,0,0,0,0,0,0,0,0,-160000,0,0,0,0,160000,-160000,-160000
3048,益登            ,394000,566000,-172000,0,0,0,0,0,0,12000,12000,0,12000,0,0,0,-160000
6451,訊芯-KY         ,252100,365000,-112900,0,0,0,0,0,0,-48000,0,2000,-2000,2000,48000,-46000,-160900
069451,鎧勝統一04購01  ,0,0,0,0,0,0,0,0,0,-161000,0,0,0,0,161000,-161000,-161000
069521,力成凱基02購02  ,0,0,0,0,0,0,0,0,0,-161000,0,0,0,0,161000,-161000,-161000
068384,聯電統一03購02  ,0,0,0,0,0,0,0,0,0,-161000,0,0,0,85000,246000,-161000,-161000
03129P,台光電統一01售06,0,0,0,0,0,0,0,0,0,-161000,0,0,0,32000,193000,-161000,-161000
03690C,臺股指凱基01牛13,0,0,0,0,0,0,0,0,0,-161000,0,0,0,236000,397000,-161000,-161000
063231,台泥元大9B購01  ,0,0,0,0,0,0,0,0,0,-161000,0,0,0,56000,217000,-161000,-161000
5434,崇越            ,671000,771000,-100000,0,0,0,2000,0,2000,-63000,0,38000,-38000,6000,31000,-25000,-161000
08277P,嘉晶元富9C售02  ,0,0,0,0,0,0,0,0,0,-161000,0,0,0,60000,221000,-161000,-161000
067648,國巨元富07購09  ,0,0,0,0,0,0,0,0,0,-162000,0,0,0,61000,223000,-162000,-162000
067964,燿華群益02購02  ,0,0,0,0,0,0,0,0,0,-162000,0,0,0,0,162000,-162000,-162000
057472,T50正2元大9B購03,0,0,0,0,0,0,0,0,0,-162000,0,0,0,0,162000,-162000,-162000
067494,日月光元大01購03,0,0,0,0,0,0,0,0,0,-162000,0,0,0,687000,849000,-162000,-162000
08089P,嘉澤凱基9B售03  ,0,0,0,0,0,0,0,0,0,-162000,0,0,0,237000,399000,-162000,-162000
3504,揚明光          ,88000,248000,-160000,0,0,0,0,0,0,-2000,0,2000,-2000,0,0,0,-162000
069703,中石化國票04購01,0,0,0,0,0,0,0,0,0,-164000,0,0,0,0,164000,-164000,-164000
058046,國巨元大9A購01  ,0,0,0,0,0,0,0,0,0,-164000,0,0,0,11000,175000,-164000,-164000
064546,燿華凱基02購01  ,0,0,0,0,0,0,0,0,0,-164000,0,0,0,0,164000,-164000,-164000
064999,T50反1國票9C購03,0,0,0,0,0,0,0,0,0,-164000,0,0,0,300000,464000,-164000,-164000
3563,牧德            ,275000,476000,-201000,0,0,0,0,0,0,37000,0,14000,-14000,132000,81000,51000,-164000
2539,櫻花建          ,43000,207000,-164000,0,0,0,0,0,0,0,0,0,0,0,0,0,-164000
6670,復盛應用        ,162000,192000,-30000,0,0,0,0,146000,-146000,12000,0,3000,-3000,16000,1000,15000,-164000
070071,中石化凱基02購01,0,0,0,0,0,0,0,0,0,-165000,0,0,0,0,165000,-165000,-165000
058431,國巨統一9B購01  ,0,0,0,0,0,0,0,0,0,-165000,0,0,0,0,165000,-165000,-165000
0051,元大中型100     ,10000,8000,2000,0,0,0,0,0,0,-167000,0,0,0,4000,171000,-167000,-165000
03102P,臺股指凱基03售08,0,0,0,0,0,0,0,0,0,-165000,0,0,0,578000,743000,-165000,-165000
063325,SP黃豆國票9C購02,0,0,0,0,0,0,0,0,0,-165000,0,0,0,0,165000,-165000,-165000
065554,群創凱基02購02  ,0,0,0,0,0,0,0,0,0,-165000,0,0,0,0,165000,-165000,-165000
067038,滬深2X凱基04購02,0,0,0,0,0,0,0,0,0,-165000,0,0,0,0,165000,-165000,-165000
3356,奇偶            ,66000,231000,-165000,0,0,0,0,0,0,0,0,0,0,0,0,0,-165000
08737P,聯詠凱基01售01  ,0,0,0,0,0,0,0,0,0,-165000,0,0,0,99000,264000,-165000,-165000
08414P,超眾凱基9C售02  ,0,0,0,0,0,0,0,0,0,-165000,0,0,0,0,165000,-165000,-165000
066413,鴻海元大01購06  ,0,0,0,0,0,0,0,0,0,-166000,0,0,0,0,166000,-166000,-166000
4536,拓凱            ,134000,283000,-149000,0,0,0,172000,20000,152000,-169000,0,33000,-33000,1000,137000,-136000,-166000
4551,智伸科          ,223000,221000,2000,0,0,0,7000,0,7000,-175000,0,101000,-101000,2000,76000,-74000,-166000
068325,宏碁元大01購04  ,0,0,0,0,0,0,0,0,0,-167000,0,0,0,47000,214000,-167000,-167000
067304,義隆元大01購05  ,0,0,0,0,0,0,0,0,0,-167000,0,0,0,168000,335000,-167000,-167000
08359P,緯創元大9C售02  ,0,0,0,0,0,0,0,0,0,-167000,0,0,0,519000,686000,-167000,-167000
08289P,智邦統一9C售01  ,0,0,0,0,0,0,0,0,0,-167000,0,0,0,10000,177000,-167000,-167000
03082P,鴻海元大01售21  ,0,0,0,0,0,0,0,0,0,-168000,0,0,0,118000,286000,-168000,-168000
058630,日月光國票9A購01,0,0,0,0,0,0,0,0,0,-168000,0,0,0,35000,203000,-168000,-168000
065862,世紀鋼元大9C購06,0,0,0,0,0,0,0,0,0,-168000,0,0,0,9000,177000,-168000,-168000
065952,聯發科統一03購02,0,0,0,0,0,0,0,0,0,-168000,0,0,0,0,168000,-168000,-168000
064990,世紀鋼元大01購01,0,0,0,0,0,0,0,0,0,-168000,0,0,0,4000,172000,-168000,-168000
08203P,同欣電永豐9B售04,0,0,0,0,0,0,0,0,0,-168000,0,0,0,0,168000,-168000,-168000
08676P,泰碩群益04售01  ,0,0,0,0,0,0,0,0,0,-168000,0,0,0,5000,173000,-168000,-168000
6706,惠特            ,300000,278000,22000,0,0,0,15000,0,15000,-205000,0,179000,-179000,10000,36000,-26000,-168000
3057,喬鼎            ,0,168000,-168000,0,0,0,0,0,0,0,0,0,0,0,0,0,-168000
1507,永大            ,24000,182000,-158000,0,0,0,0,0,0,-10000,0,10000,-10000,0,0,0,-168000
03071P,GIS群益01售02   ,0,0,0,0,0,0,0,0,0,-169000,0,0,0,59000,228000,-169000,-169000
2374,佳能            ,73000,242000,-169000,0,0,0,0,0,0,0,0,0,0,0,0,0,-169000
3653,健策            ,874000,941000,-67000,0,0,0,11000,0,11000,-113000,205000,205000,0,23000,136000,-113000,-169000
068131,聯發科統一02購09,0,0,0,0,0,0,0,0,0,-170000,0,0,0,830000,1000000,-170000,-170000
068222,緯創統一01購02  ,0,0,0,0,0,0,0,0,0,-170000,0,0,0,0,170000,-170000,-170000
08866P,旭富元大01售01  ,0,0,0,0,0,0,0,0,0,-170000,0,0,0,240000,410000,-170000,-170000
08074P,緯穎元富9B售02  ,0,0,0,0,0,0,0,0,0,-170000,0,0,0,26000,196000,-170000,-170000
067927,瑞祺兆豐01購01  ,0,0,0,0,0,0,0,0,0,-171000,0,0,0,24000,195000,-171000,-171000
068903,帆宣元大02購01  ,0,0,0,0,0,0,0,0,0,-171000,0,0,0,38000,209000,-171000,-171000
03464P,信邦元富02售01  ,0,0,0,0,0,0,0,0,0,-171000,0,0,0,100000,271000,-171000,-171000
065424,華新凱基02購01  ,0,0,0,0,0,0,0,0,0,-171000,0,0,0,52000,223000,-171000,-171000
08786P,滬深2X元富01售05,0,0,0,0,0,0,0,0,0,-171000,0,0,0,32000,203000,-171000,-171000
3530,晶相光          ,191000,350000,-159000,0,0,0,0,0,0,-12000,0,1000,-1000,0,11000,-11000,-171000
4720,德淵            ,64000,271000,-207000,0,0,0,0,0,0,36000,63000,27000,36000,0,0,0,-171000
069396,聚陽統一02購05  ,0,0,0,0,0,0,0,0,0,-172000,0,0,0,7000,179000,-172000,-172000
069616,台積電統一03購17,0,0,0,0,0,0,0,0,0,-172000,0,0,0,80000,252000,-172000,-172000
061420,國巨元大9A購22  ,0,0,0,0,0,0,0,0,0,-172000,0,0,0,6000,178000,-172000,-172000
6552,易華電          ,183000,348000,-165000,0,0,0,0,0,0,-7000,0,0,0,0,7000,-7000,-172000
08965P,台灣50元大01售30,0,0,0,0,0,0,0,0,0,-172000,0,0,0,3000,175000,-172000,-172000
058733,同欣電永豐99購02,0,0,0,0,0,0,0,0,0,-173000,0,0,0,7000,180000,-173000,-173000
063617,鴻海兆豐01購01  ,0,0,0,0,0,0,0,0,0,-173000,0,0,0,0,173000,-173000,-173000
064628,南六元大9C購05  ,0,0,0,0,0,0,0,0,0,-173000,0,0,0,49000,222000,-173000,-173000
2105,正新            ,2919456,2773000,146456,0,0,0,7000,0,7000,-327000,91000,384000,-293000,0,34000,-34000,-173544
069376,台積電元大03購04,0,0,0,0,0,0,0,0,0,-174000,0,0,0,2000,176000,-174000,-174000
058287,國巨國票9A購02  ,0,0,0,0,0,0,0,0,0,-174000,0,0,0,306000,480000,-174000,-174000
6715,嘉基            ,120000,341000,-221000,0,0,0,88000,0,88000,-41000,1000,2000,-1000,4000,44000,-40000,-174000
068888,茂林統一03購01  ,0,0,0,0,0,0,0,0,0,-175000,0,0,0,40000,215000,-175000,-175000
03486P,欣興永豐02售07  ,0,0,0,0,0,0,0,0,0,-175000,0,0,0,0,175000,-175000,-175000
065609,嘉澤元大01購02  ,0,0,0,0,0,0,0,0,0,-175000,0,0,0,70000,245000,-175000,-175000
068861,聯發科元富08購02,0,0,0,0,0,0,0,0,0,-176000,0,0,0,30000,206000,-176000,-176000
064656,聚陽元大9C購03  ,0,0,0,0,0,0,0,0,0,-176000,0,0,0,55000,231000,-176000,-176000
6024,群益期          ,13000,189000,-176000,0,0,0,0,0,0,0,0,0,0,0,0,0,-176000
08418P,大立光元大01售04,0,0,0,0,0,0,0,0,0,-176000,0,0,0,1000,177000,-176000,-176000
08490P,上銀元大9C售08  ,0,0,0,0,0,0,0,0,0,-176000,0,0,0,0,176000,-176000,-176000
6235,華孚            ,444000,618000,-174000,0,0,0,0,0,0,-3000,0,3000,-3000,0,0,0,-177000
2010,春源            ,35000,204000,-169000,0,0,0,0,0,0,-8000,0,8000,-8000,0,0,0,-177000
03253P,台灣50國泰03售02,0,0,0,0,0,0,0,0,0,-178000,0,0,0,122000,300000,-178000,-178000
061628,緯穎群益9A購04  ,0,0,0,0,0,0,0,0,0,-178000,0,0,0,2000,180000,-178000,-178000
065880,訊芯群益9C購01  ,0,0,0,0,0,0,0,0,0,-178000,0,0,0,389000,567000,-178000,-178000
08906P,義隆群益01售04  ,0,0,0,0,0,0,0,0,0,-178000,0,0,0,56000,234000,-178000,-178000
068694,台積電凱基02購12,0,0,0,0,0,0,0,0,0,-179000,0,0,0,30000,209000,-179000,-179000
067712,惠特元富04購01  ,0,0,0,0,0,0,0,0,0,-179000,0,0,0,69000,248000,-179000,-179000
03305P,台達電台新02售01,0,0,0,0,0,0,0,0,0,-179000,0,0,0,0,179000,-179000,-179000
063337,國巨統一02購02  ,0,0,0,0,0,0,0,0,0,-179000,0,0,0,40000,219000,-179000,-179000
063384,巨大永豐9B購04  ,0,0,0,0,0,0,0,0,0,-179000,0,0,0,34000,213000,-179000,-179000
061977,國巨元大9B購02  ,0,0,0,0,0,0,0,0,0,-179000,0,0,0,106000,285000,-179000,-179000
067146,台達電統一02購01,0,0,0,0,0,0,0,0,0,-179000,0,0,0,105000,284000,-179000,-179000
08154P,上銀元富9B售04  ,0,0,0,0,0,0,0,0,0,-179000,0,0,0,245000,424000,-179000,-179000
07694P,超眾元大9A售05  ,0,0,0,0,0,0,0,0,0,-179000,0,0,0,10000,189000,-179000,-179000
8103,瀚荃            ,876000,1064000,-188000,0,0,0,0,0,0,9000,10000,1000,9000,0,0,0,-179000
069870,臺股指群益02購10,0,0,0,0,0,0,0,0,0,-180000,0,0,0,0,180000,-180000,-180000
065005,台光電國票01購02,0,0,0,0,0,0,0,0,0,-180000,0,0,0,23000,203000,-180000,-180000
03107P,台積電元大01售39,0,0,0,0,0,0,0,0,0,-181000,0,0,0,1862000,2043000,-181000,-181000
064215,康控凱基02購01  ,0,0,0,0,0,0,0,0,0,-181000,0,0,0,0,181000,-181000,-181000
08692P,國巨兆豐01售02  ,0,0,0,0,0,0,0,0,0,-181000,0,0,0,5000,186000,-181000,-181000
07129P,華新科元大99售14,0,0,0,0,0,0,0,0,0,-182000,0,0,0,3000,185000,-182000,-182000
068986,帆宣元大02購02  ,0,0,0,0,0,0,0,0,0,-182000,0,0,0,28000,210000,-182000,-182000
057555,玉晶光凱基9A購02,0,0,0,0,0,0,0,0,0,-182000,0,0,0,249000,431000,-182000,-182000
065119,大立光富邦03購03,0,0,0,0,0,0,0,0,0,-182000,0,0,0,193000,375000,-182000,-182000
066369,瀚宇博中信01購01,0,5000,-5000,0,0,0,0,0,0,-177000,0,0,0,35000,212000,-177000,-182000
4999,鑫禾            ,91000,273000,-182000,0,0,0,0,0,0,0,1000,1000,0,0,0,0,-182000
069041,巨大統一02購03  ,0,0,0,0,0,0,0,0,0,-183000,0,0,0,33000,216000,-183000,-183000
069410,聯發科統一04購03,0,0,0,0,0,0,0,0,0,-183000,0,0,0,0,183000,-183000,-183000
067672,聯發科元大01購21,0,0,0,0,0,0,0,0,0,-183000,0,0,0,313000,496000,-183000,-183000
03480P,國巨群益02售06  ,0,0,0,0,0,0,0,0,0,-183000,0,0,0,18000,201000,-183000,-183000
064249,聯發科元富06購01,0,0,0,0,0,0,0,0,0,-183000,0,0,0,1000,184000,-183000,-183000
061616,鴻海群益9A購07  ,0,0,0,0,0,0,0,0,0,-183000,0,0,0,20000,203000,-183000,-183000
067163,眾達國票02購01  ,0,0,0,0,0,0,0,0,0,-183000,0,0,0,35000,218000,-183000,-183000
2059,川湖            ,17000,198000,-181000,0,0,0,0,0,0,-2000,0,5000,-5000,3000,0,3000,-183000
3050,鈺德            ,45000,229000,-184000,0,0,0,0,0,0,1000,1000,0,1000,0,0,0,-183000
08411P,技嘉凱基9C售01  ,0,0,0,0,0,0,0,0,0,-183000,0,0,0,14000,197000,-183000,-183000
07981P,上銀群益9B售04  ,0,0,0,0,0,0,0,0,0,-183000,0,0,0,0,183000,-183000,-183000
067104,聯發科群益01購05,0,0,0,0,0,0,0,0,0,-184000,0,0,0,49000,233000,-184000,-184000
065599,台光電元大9C購05,0,0,0,0,0,0,0,0,0,-184000,0,0,0,47000,231000,-184000,-184000
2453,凌群            ,80000,264000,-184000,0,0,0,0,0,0,0,0,0,0,0,0,0,-184000
2431,聯昌            ,77000,249000,-172000,0,0,0,0,0,0,-12000,0,12000,-12000,0,0,0,-184000
069391,世紀鋼元大03購02,0,0,0,0,0,0,0,0,0,-185000,0,0,0,80000,265000,-185000,-185000
08740P,創意康和01售03  ,0,0,0,0,0,0,0,0,0,-185000,0,0,0,178000,363000,-185000,-185000
06959P,鴻海凱基9A售02  ,0,0,0,0,0,0,0,0,0,-186000,0,0,0,3000,189000,-186000,-186000
067711,緯穎元富05購01  ,0,0,0,0,0,0,0,0,0,-186000,0,0,0,123000,309000,-186000,-186000
063159,嘉澤國泰01購01  ,0,0,0,0,0,0,0,0,0,-186000,0,0,0,0,186000,-186000,-186000
067204,國巨元大02購02  ,0,0,0,0,0,0,0,0,0,-186000,0,0,0,257000,443000,-186000,-186000
08933P,上銀元大01售02  ,0,0,0,0,0,0,0,0,0,-186000,0,0,0,117000,303000,-186000,-186000
2428,興勤            ,765000,891000,-126000,0,0,0,0,0,0,-60000,1000,50000,-49000,3000,14000,-11000,-186000
9925,新保            ,29000,209000,-180000,0,0,0,0,0,0,-6000,0,6000,-6000,0,0,0,-186000
07235P,T50正2元大9C售02,0,0,0,0,0,0,0,0,0,-187000,0,0,0,28000,215000,-187000,-187000
03123P,台積電元大01售45,0,0,0,0,0,0,0,0,0,-187000,0,0,0,1615000,1802000,-187000,-187000
066687,國巨元富07購05  ,0,0,0,0,0,0,0,0,0,-187000,0,0,0,20000,207000,-187000,-187000
08508P,臺股指國票9C售09,0,0,0,0,0,0,0,0,0,-187000,0,0,0,0,187000,-187000,-187000
08553P,嘉澤群益9C售01  ,0,0,0,0,0,0,0,0,0,-187000,0,0,0,72000,259000,-187000,-187000
3661,世芯-KY         ,1500000,1634800,-134800,0,0,0,0,40000,-40000,-13000,55000,89000,-34000,22000,1000,21000,-187800
6166,凌華            ,42001,200000,-157999,0,0,0,0,0,0,-30000,0,4000,-4000,2000,28000,-26000,-187999
059503,大立光富邦9B購04,0,0,0,0,0,0,0,0,0,-188000,0,0,0,253000,441000,-188000,-188000
063844,台積電元大9C購05,0,0,0,0,0,0,0,0,0,-188000,0,0,0,141000,329000,-188000,-188000
067325,巨大元大01購05  ,0,0,0,0,0,0,0,0,0,-188000,0,0,0,25000,213000,-188000,-188000
069567,聯發科凱基04購02,0,0,0,0,0,0,0,0,0,-189000,0,0,0,1000,190000,-189000,-189000
068971,元金2X元大02購01,0,0,0,0,0,0,0,0,0,-189000,0,0,0,1000,190000,-189000,-189000
067475,微星元大01購05  ,0,0,0,0,0,0,0,0,0,-189000,0,0,0,22000,211000,-189000,-189000
07789P,緯穎群益9A售03  ,0,0,0,0,0,0,0,0,0,-189000,0,0,0,0,189000,-189000,-189000
03160P,大立光元大01售22,0,0,0,0,0,0,0,0,0,-190000,0,0,0,50000,240000,-190000,-190000
03528P,日月光凱基02售02,0,0,0,0,0,0,0,0,0,-190000,0,0,0,10000,200000,-190000,-190000
066143,惠特群益01購01  ,0,0,0,0,0,0,0,0,0,-190000,0,0,0,100000,290000,-190000,-190000
08909P,華新科凱基01售04,0,0,0,0,0,0,0,0,0,-190000,0,0,0,160000,350000,-190000,-190000
6155,鈞寶            ,29000,219000,-190000,0,0,0,0,0,0,0,0,0,0,0,0,0,-190000
1517,利奇            ,163000,353000,-190000,0,0,0,0,0,0,0,0,0,0,0,0,0,-190000
03108P,台積電元大01售40,0,0,0,0,0,0,0,0,0,-191000,0,0,0,1730000,1921000,-191000,-191000
064065,大立光富邦02購02,0,0,0,0,0,0,0,0,0,-191000,0,0,0,10000,201000,-191000,-191000
063583,GIS國泰01購01   ,0,0,0,0,0,0,0,0,0,-191000,0,0,0,3000,194000,-191000,-191000
1733,五鼎            ,50000,248000,-198000,0,0,0,0,0,0,7000,14000,7000,7000,0,0,0,-191000
2419,仲琦            ,80000,266000,-186000,0,0,0,0,0,0,-5000,0,5000,-5000,0,0,0,-191000
060821,SP黃豆元大9A購02,0,0,0,0,0,0,0,0,0,-192000,0,0,0,61000,253000,-192000,-192000
066402,泰鼎凱基01購02  ,0,0,0,0,0,0,0,0,0,-192000,0,0,0,28000,220000,-192000,-192000
2723,美食-KY         ,601000,608000,-7000,0,0,0,0,0,0,-185000,41000,0,41000,44000,270000,-226000,-192000
08714P,華碩元富01售03  ,0,0,0,0,0,0,0,0,0,-192000,0,0,0,110000,302000,-192000,-192000
069909,樺漢元大02購02  ,0,0,0,0,0,0,0,0,0,-193000,0,0,0,144000,337000,-193000,-193000
03508P,臺股指群益02售13,0,0,0,0,0,0,0,0,0,-193000,0,0,0,0,193000,-193000,-193000
03268P,可成元大02售01  ,0,0,0,0,0,0,0,0,0,-193000,0,0,0,29000,222000,-193000,-193000
07886P,國巨國票9B售06  ,0,0,0,0,0,0,0,0,0,-193000,0,0,0,53000,246000,-193000,-193000
6139,亞翔            ,2247000,630000,1617000,0,0,0,0,0,0,-1810000,0,60000,-60000,0,1750000,-1750000,-193000
069871,臺股指群益02購11,0,0,0,0,0,0,0,0,0,-194000,0,0,0,0,194000,-194000,-194000
03023P,玉晶光群益02售27,0,0,0,0,0,0,0,0,0,-194000,0,0,0,15000,209000,-194000,-194000
059295,大立光元富99購05,0,0,0,0,0,0,0,0,0,-194000,0,0,0,226000,420000,-194000,-194000
057057,立積元大9A購01  ,0,0,0,0,0,0,0,0,0,-194000,0,0,0,8000,202000,-194000,-194000
061234,國巨元大9A購18  ,0,0,0,0,0,0,0,0,0,-194000,0,0,0,112000,306000,-194000,-194000
067090,南六元大01購04  ,0,0,0,0,0,0,0,0,0,-194000,0,0,0,25000,219000,-194000,-194000
067052,帆宣凱基02購01  ,0,0,0,0,0,0,0,0,0,-194000,0,0,0,10000,204000,-194000,-194000
067574,臺指反群益01購04,0,0,0,0,0,0,0,0,0,-195000,0,0,0,20000,215000,-195000,-195000
068253,玉晶光元大01購13,0,0,0,0,0,0,0,0,0,-195000,0,0,0,54000,249000,-195000,-195000
058672,可成群益9B購02  ,0,0,0,0,0,0,0,0,0,-195000,0,0,0,10000,205000,-195000,-195000
063476,台表科元大9C購03,0,0,0,0,0,0,0,0,0,-195000,0,0,0,83000,278000,-195000,-195000
08871P,大立光群益01售08,0,0,0,0,0,0,0,0,0,-195000,0,0,0,6000,201000,-195000,-195000
03138P,台灣50凱基04售12,0,0,0,0,0,0,0,0,0,-196000,0,0,0,10000,206000,-196000,-196000
062543,華通富邦9C購01  ,0,0,0,0,0,0,0,0,0,-196000,0,0,0,14000,210000,-196000,-196000
066254,南帝元大01購01  ,0,0,0,0,0,0,0,0,0,-196000,0,0,0,10000,206000,-196000,-196000
08371P,京元電凱基9C售01,0,0,0,0,0,0,0,0,0,-196000,0,0,0,256000,452000,-196000,-196000
067800,SP黃豆凱基04購01,0,0,0,0,0,0,0,0,0,-197000,0,0,0,1000,198000,-197000,-197000
03237P,大立光元大02售04,0,0,0,0,0,0,0,0,0,-197000,0,0,0,0,197000,-197000,-197000
061950,日月光群益9B購01,0,0,0,0,0,0,0,0,0,-197000,0,0,0,68000,265000,-197000,-197000
065343,智邦統一01購03  ,0,0,0,0,0,0,0,0,0,-197000,0,0,0,193000,390000,-197000,-197000
03385P,台積電凱基02售17,0,0,0,0,0,0,0,0,0,-198000,0,0,0,0,198000,-198000,-198000
066315,南帝永豐01購01  ,0,0,0,0,0,0,0,0,0,-198000,0,0,0,0,198000,-198000,-198000
066681,聯發科兆豐01購04,0,0,0,0,0,0,0,0,0,-198000,0,0,0,95000,293000,-198000,-198000
067801,台達電凱基01購03,0,0,0,0,0,0,0,0,0,-199000,0,0,0,66000,265000,-199000,-199000
067823,台表科凱基01購02,0,0,0,0,0,0,0,0,0,-199000,0,0,0,51000,250000,-199000,-199000
069118,強茂群益02購01  ,0,0,0,0,0,0,0,0,0,-199000,0,0,0,250000,449000,-199000,-199000
061000,旺宏兆豐9A購02  ,0,0,0,0,0,0,0,0,0,-199000,0,0,0,1000,200000,-199000,-199000
066819,樺漢兆豐01購01  ,0,0,0,0,0,0,0,0,0,-199000,0,0,0,47000,246000,-199000,-199000
08094P,華新科元富9B售05,0,0,0,0,0,0,0,0,0,-199000,0,0,0,1000,200000,-199000,-199000
6168,宏齊            ,160000,343000,-183000,0,0,0,0,0,0,-16000,0,16000,-16000,0,0,0,-199000
2605,新興            ,555000,747000,-192000,0,0,0,0,0,0,-7000,0,7000,-7000,0,0,0,-199000
069496,南六元大02購03  ,0,0,0,0,0,0,0,0,0,-200000,0,0,0,0,200000,-200000,-200000
069793,金像電凱基02購05,0,0,0,0,0,0,0,0,0,-200000,0,0,0,96000,296000,-200000,-200000
067662,聚陽元大01購03  ,0,0,0,0,0,0,0,0,0,-200000,0,0,0,38000,238000,-200000,-200000
068424,台灣50凱基04購11,0,0,0,0,0,0,0,0,0,-200000,0,0,0,0,200000,-200000,-200000
056301,開發金元大9A購01,0,0,0,0,0,0,0,0,0,-200000,0,0,0,500000,700000,-200000,-200000
03510P,臺股指群益02售15,0,0,0,0,0,0,0,0,0,-200000,0,0,0,0,200000,-200000,-200000
03513P,臺股指國票02售02,0,0,0,0,0,0,0,0,0,-200000,0,0,0,0,200000,-200000,-200000
060337,FBVIX統一9A購01 ,0,0,0,0,0,0,0,0,0,-200000,0,0,0,0,200000,-200000,-200000
058740,T50反1日盛9B購02,0,0,0,0,0,0,0,0,0,-200000,0,0,0,0,200000,-200000,-200000
059042,世紀鋼群益99購02,0,0,0,0,0,0,0,0,0,-200000,0,0,0,70000,270000,-200000,-200000
061549,泰碩群益9A購01  ,0,0,0,0,0,0,0,0,0,-200000,0,0,0,0,200000,-200000,-200000
062828,聯詠群益9B購02  ,0,0,0,0,0,0,0,0,0,-200000,0,0,0,0,200000,-200000,-200000
064105,南茂群益9C購01  ,0,0,0,0,0,0,0,0,0,-200000,0,0,0,0,200000,-200000,-200000
060829,T50反1國票9A購06,0,0,0,0,0,0,0,0,0,-200000,0,0,0,0,200000,-200000,-200000
067122,眾達國泰03購02  ,0,0,0,0,0,0,0,0,0,-200000,0,0,0,100000,300000,-200000,-200000
064878,大立光兆豐9C購03,0,0,0,0,0,0,0,0,0,-200000,0,0,0,0,200000,-200000,-200000
066097,英業達中信02購01,0,0,0,0,0,0,0,0,0,-200000,0,0,0,0,200000,-200000,-200000
065881,京元電台新9C購01,0,0,0,0,0,0,0,0,0,-200000,0,0,0,0,200000,-200000,-200000
065582,景碩國泰01購01  ,0,0,0,0,0,0,0,0,0,-200000,0,0,0,15000,215000,-200000,-200000
2062,橋椿            ,161000,314000,-153000,0,0,0,0,0,0,-47000,53000,100000,-47000,0,0,0,-200000
08944P,臺股指國票01售01,0,0,0,0,0,0,0,0,0,-200000,0,0,0,0,200000,-200000,-200000
08945P,臺股指國票01售02,0,0,0,0,0,0,0,0,0,-200000,0,0,0,0,200000,-200000,-200000
07001P,國巨元大99售12  ,0,0,0,0,0,0,0,0,0,-201000,0,0,0,204000,405000,-201000,-201000
069331,亞聚群益02購01  ,0,0,0,0,0,0,0,0,0,-201000,0,0,0,0,201000,-201000,-201000
062749,元金2X中信9B購01,0,0,0,0,0,0,0,0,0,-201000,0,0,0,0,201000,-201000,-201000
065262,義隆元大9C購06  ,0,0,0,0,0,0,0,0,0,-201000,0,0,0,56000,257000,-201000,-201000
065209,國泰金國票01購01,0,0,0,0,0,0,0,0,0,-201000,0,0,0,0,201000,-201000,-201000
08520P,和大元大9C售04  ,0,0,0,0,0,0,0,0,0,-201000,0,0,0,13000,214000,-201000,-201000
08213P,台光電統一9B售03,0,0,0,0,0,0,0,0,0,-201000,0,0,0,70000,271000,-201000,-201000
2207,和泰車          ,234436,435000,-200564,0,0,0,2000,0,2000,-3000,0,2000,-2000,0,1000,-1000,-201564
03164P,牧德元大01售03  ,0,0,0,0,0,0,0,0,0,-202000,0,0,0,144000,346000,-202000,-202000
9917,中保科          ,63000,261000,-198000,0,0,0,0,0,0,-4000,1000,5000,-4000,0,0,0,-202000
068637,長榮航凱基03購01,0,0,0,0,0,0,0,0,0,-203000,0,0,0,70000,273000,-203000,-203000
065379,立積元大01購01  ,0,0,0,0,0,0,0,0,0,-203000,0,0,0,7000,210000,-203000,-203000
1532,勤美            ,37000,231000,-194000,0,0,0,0,0,0,-9000,0,9000,-9000,0,0,0,-203000
2461,光群雷          ,207000,410000,-203000,0,0,0,0,0,0,0,0,0,0,0,0,0,-203000
069798,欣興凱基02購11  ,0,0,0,0,0,0,0,0,0,-204000,0,0,0,190000,394000,-204000,-204000
03094P,台達電凱基01售04,0,0,0,0,0,0,0,0,0,-204000,0,0,0,70000,274000,-204000,-204000
064312,大立光群益01購01,0,0,0,0,0,0,0,0,0,-204000,0,0,0,22000,226000,-204000,-204000
6142,友勁            ,14000,328000,-314000,0,0,0,0,0,0,110000,110000,0,110000,0,0,0,-204000
1104,環泥            ,147000,345000,-198000,0,0,0,0,0,0,-6000,0,6000,-6000,0,0,0,-204000
08981P,台積電凱基01售16,0,0,0,0,0,0,0,0,0,-204000,0,0,0,176000,380000,-204000,-204000
069389,南六元大03購01  ,0,0,0,0,0,0,0,0,0,-205000,0,0,0,5000,210000,-205000,-205000
068630,T50反1凱基04購04,0,0,0,0,0,0,0,0,0,-205000,0,0,0,245000,450000,-205000,-205000
068441,台勝科凱基01購03,0,0,0,0,0,0,0,0,0,-205000,0,0,0,5000,210000,-205000,-205000
067478,興勤元大01購01  ,0,0,0,0,0,0,0,0,0,-205000,0,0,0,308000,513000,-205000,-205000
066440,南帝群益01購01  ,0,0,0,0,0,0,0,0,0,-205000,0,0,0,0,205000,-205000,-205000
08583P,鴻海群益01售05  ,0,0,0,0,0,0,0,0,0,-205000,0,0,0,30000,235000,-205000,-205000
8429,金麗-KY         ,69000,256000,-187000,0,0,0,0,0,0,-19000,0,19000,-19000,0,0,0,-206000
066579,臺股指元大01購08,0,0,0,0,0,0,0,0,0,-207000,0,0,0,62000,269000,-207000,-207000
08554P,玉晶光國票01售06,0,0,0,0,0,0,0,0,0,-207000,0,0,0,247000,454000,-207000,-207000
067839,臺股指統一01購01,0,0,0,0,0,0,0,0,0,-208000,0,0,0,2000,210000,-208000,-208000
062266,世紀鋼元大9B購02,0,0,0,0,0,0,0,0,0,-208000,0,0,0,25000,233000,-208000,-208000
08540P,嘉晶國票01售01  ,0,0,0,0,0,0,0,0,0,-208000,0,0,0,15000,223000,-208000,-208000
068088,台灣50群益01購13,0,0,0,0,0,0,0,0,0,-209000,0,0,0,411000,620000,-209000,-209000
066506,宏達電富邦03購01,0,0,0,0,0,0,0,0,0,-209000,0,0,0,1000,210000,-209000,-209000
069487,大立光元大02購05,0,0,0,0,0,0,0,0,0,-210000,0,0,0,2000,212000,-210000,-210000
068905,巨大元大03購01  ,0,0,0,0,0,0,0,0,0,-210000,0,0,0,9000,219000,-210000,-210000
060381,元黃金凱基9A購01,0,0,0,0,0,0,0,0,0,-210000,0,0,0,0,210000,-210000,-210000
062649,緯穎富邦9B購03  ,0,0,0,0,0,0,0,0,0,-210000,0,0,0,30000,240000,-210000,-210000
065606,可成元大01購05  ,0,0,0,0,0,0,0,0,0,-210000,0,0,0,20000,230000,-210000,-210000
065899,神基麥證9C購02  ,0,0,0,40000,250000,-210000,0,0,0,-210000,0,0,0,40000,250000,-210000,-210000
08825P,義隆元大01售04  ,0,0,0,0,0,0,0,0,0,-210000,0,0,0,54000,264000,-210000,-210000
08053P,臺股指國票9B售18,0,0,0,0,0,0,0,0,0,-210000,0,0,0,80000,290000,-210000,-210000
9911,櫻花            ,26000,236000,-210000,0,0,0,0,0,0,0,0,0,0,0,0,0,-210000
9946,三發地產        ,0,210000,-210000,0,0,0,0,0,0,0,0,0,0,0,0,0,-210000
1473,台南            ,17000,227000,-210000,0,0,0,0,0,0,0,0,0,0,0,0,0,-210000
056277,上銀富邦99購02  ,0,0,0,0,0,0,0,0,0,-211000,0,0,0,64000,275000,-211000,-211000
062547,玉晶光永豐9B購05,0,0,0,0,0,0,0,0,0,-211000,0,0,0,106000,317000,-211000,-211000
064355,南六元大01購01  ,0,0,0,0,0,0,0,0,0,-211000,0,0,0,1000,212000,-211000,-211000
4526,東台            ,8000,219000,-211000,0,0,0,0,0,0,0,0,0,0,0,0,0,-211000
03363P,台積電元大02售20,0,0,0,0,0,0,0,0,0,-213000,0,0,0,859000,1072000,-213000,-213000
4106,雃博            ,353000,565000,-212000,0,0,0,0,0,0,-1000,0,1000,-1000,0,0,0,-213000
1464,得力            ,174000,364000,-190000,0,0,0,0,0,0,-23000,0,0,0,0,23000,-23000,-213000
08573P,台積電凱基9C售06,0,0,0,0,0,0,0,0,0,-213000,0,0,0,13000,226000,-213000,-213000
08669P,聯發科群益02售02,0,0,0,0,0,0,0,0,0,-213000,0,0,0,88000,301000,-213000,-213000
065322,聯發科凱基01購05,0,0,0,0,0,0,0,0,0,-214000,0,0,0,1000,215000,-214000,-214000
066505,可成富邦03購01  ,0,0,0,0,0,0,0,0,0,-214000,0,0,0,115000,329000,-214000,-214000
066985,牧德群益02購02  ,0,0,0,0,0,0,0,0,0,-214000,0,0,0,0,214000,-214000,-214000
08125P,聯茂群益9B售02  ,0,0,0,0,0,0,0,0,0,-214000,0,0,0,68000,282000,-214000,-214000
3605,宏致            ,1493000,1981000,-488000,0,0,0,0,0,0,274000,376000,102000,274000,0,0,0,-214000
067571,大立光麥證01購04,0,0,0,20000,235000,-215000,0,0,0,-215000,0,0,0,20000,235000,-215000,-215000
069966,聯發科群益03購02,0,0,0,0,0,0,0,0,0,-216000,0,0,0,0,216000,-216000,-216000
03121P,聯電元大01售04  ,0,0,0,0,0,0,0,0,0,-216000,0,0,0,158000,374000,-216000,-216000
08839P,臺股指麥證01售06,0,0,0,8000,224000,-216000,0,0,0,-216000,0,0,0,8000,224000,-216000,-216000
065551,聯發科凱基9C購11,0,0,0,0,0,0,0,0,0,-217000,0,0,0,5000,222000,-217000,-217000
07683P,宏達電凱基9A售03,0,0,0,0,0,0,0,0,0,-217000,0,0,0,5000,222000,-217000,-217000
065332,漢唐國票01購02  ,0,0,0,0,0,0,0,0,0,-218000,0,0,0,1000,219000,-218000,-218000
068929,台積電永豐02購02,0,0,0,0,0,0,0,0,0,-219000,0,0,0,130000,349000,-219000,-219000
03306P,臺股指中信05售01,0,0,0,0,0,0,0,0,0,-219000,0,0,0,3000,222000,-219000,-219000
065643,聯發科元大01購06,0,0,0,0,0,0,0,0,0,-219000,0,0,0,200000,419000,-219000,-219000
065779,台勝科國泰01購02,0,0,0,0,0,0,0,0,0,-219000,0,0,0,14000,233000,-219000,-219000
068315,台灣50元大01購33,0,0,0,0,0,0,0,0,0,-220000,0,0,0,186000,406000,-220000,-220000
068629,聯電康和02購01  ,0,0,0,0,0,0,0,0,0,-220000,0,0,0,483000,703000,-220000,-220000
058319,大毅永豐9A購01  ,0,0,0,0,0,0,0,0,0,-220000,0,0,0,0,220000,-220000,-220000
065819,京鼎元富03購01  ,0,0,0,0,0,0,0,0,0,-220000,0,0,0,33000,253000,-220000,-220000
08890P,為升元大01售04  ,0,0,0,0,0,0,0,0,0,-220000,0,0,0,0,220000,-220000,-220000
068511,國巨統一07購01  ,0,0,0,0,0,0,0,0,0,-221000,0,0,0,48000,269000,-221000,-221000
059047,元油2X凱基9A購10,0,0,0,0,0,0,0,0,0,-221000,0,0,0,9000,230000,-221000,-221000
064804,英業達元大9C購01,0,0,0,0,0,0,0,0,0,-221000,0,0,0,0,221000,-221000,-221000
08372P,大立光凱基01售04,0,0,0,0,0,0,0,0,0,-221000,0,0,0,21000,242000,-221000,-221000
066569,帆宣元大01購02  ,0,0,0,0,0,0,0,0,0,-222000,0,0,0,7000,229000,-222000,-222000
1103,嘉泥            ,213000,666000,-453000,0,0,0,0,0,0,231000,240000,9000,231000,0,0,0,-222000
9940,信義            ,94345,317000,-222655,0,0,0,0,0,0,0,0,0,0,0,0,0,-222655
067620,聚陽國泰02購01  ,0,0,0,0,0,0,0,0,0,-223000,0,0,0,10000,233000,-223000,-223000
068089,T50反1群益01購08,0,0,0,0,0,0,0,0,0,-223000,0,0,0,307000,530000,-223000,-223000
069898,華碩元大02購04  ,0,0,0,0,0,0,0,0,0,-223000,0,0,0,8000,231000,-223000,-223000
062086,瑞祺元大9B購01  ,0,0,0,0,0,0,0,0,0,-223000,0,0,0,9000,232000,-223000,-223000
1442,名軒            ,1000,219000,-218000,0,0,0,0,0,0,-5000,0,5000,-5000,0,0,0,-223000
08186P,泰碩永豐9B售03  ,0,0,0,0,0,0,0,0,0,-223000,0,0,0,74000,297000,-223000,-223000
069869,臺股指群益02購09,0,0,0,0,0,0,0,0,0,-224000,0,0,0,12000,236000,-224000,-224000
067794,臺股指群益01購06,0,0,0,0,0,0,0,0,0,-224000,0,0,0,55000,279000,-224000,-224000
068578,帆宣國泰03購01  ,0,0,0,0,0,0,0,0,0,-224000,0,0,0,1000,225000,-224000,-224000
057085,立積統一9B購02  ,0,0,0,0,0,0,0,0,0,-224000,0,0,0,75000,299000,-224000,-224000
063021,大立光元大9C購05,0,0,0,0,0,0,0,0,0,-224000,0,0,0,30000,254000,-224000,-224000
061357,寶成元大9A購01  ,0,0,0,0,0,0,0,0,0,-224000,0,0,0,80000,304000,-224000,-224000
066529,巨大統一03購01  ,0,0,0,0,0,0,0,0,0,-224000,0,0,0,23000,247000,-224000,-224000
066448,眾達群益01購01  ,0,0,0,0,0,0,0,0,0,-225000,0,0,0,61000,286000,-225000,-225000
059882,臺股指凱基9C購06,0,0,0,0,0,0,0,0,0,-226000,0,0,0,42000,268000,-226000,-226000
08202P,台表科國泰01售04,0,0,0,0,0,0,0,0,0,-226000,0,0,0,0,226000,-226000,-226000
068146,台積電元大01購36,0,0,0,0,0,0,0,0,0,-227000,0,0,0,57000,284000,-227000,-227000
07035P,大立光元富99售04,0,0,0,0,0,0,0,0,0,-227000,0,0,0,0,227000,-227000,-227000
08170P,緯穎群益9B售03  ,0,0,0,0,0,0,0,0,0,-227000,0,0,0,11000,238000,-227000,-227000
08907P,奇鋐群益01售03  ,0,0,0,0,0,0,0,0,0,-227000,0,0,0,55000,282000,-227000,-227000
08386P,臺股指群益9C售14,0,0,0,0,0,0,0,0,0,-227000,0,0,0,3000,230000,-227000,-227000
068774,T50反1元富08購02,0,0,0,0,0,0,0,0,0,-228000,0,0,0,10000,238000,-228000,-228000
067333,凌陽凱基02購01  ,0,0,0,0,0,0,0,0,0,-228000,0,0,0,102000,330000,-228000,-228000
08006P,長榮航中信03售01,0,0,0,0,0,0,0,0,0,-228000,0,0,0,60000,288000,-228000,-228000
2369,菱生            ,678000,902000,-224000,0,0,0,0,0,0,-4000,1000,5000,-4000,0,0,0,-228000
5305,敦南            ,126000,354000,-228000,0,0,0,0,0,0,0,0,0,0,0,0,0,-228000
3231,緯創            ,14067304,16327639,-2260335,0,0,0,900000,0,900000,1132000,64000,110000,-46000,1592000,414000,1178000,-228335
03506P,鴻海國泰06售01  ,0,0,0,0,0,0,0,0,0,-229000,0,0,0,2263000,2492000,-229000,-229000
03112P,GIS元大01售03   ,0,0,0,0,0,0,0,0,0,-229000,0,0,0,268000,497000,-229000,-229000
067539,緯創群益01購01  ,0,0,0,0,0,0,0,0,0,-229000,0,0,0,69000,298000,-229000,-229000
9934,成霖            ,127000,351000,-224000,0,0,0,0,0,0,-5000,0,5000,-5000,0,0,0,-229000
069666,台灣50元大03購05,0,0,0,0,0,0,0,0,0,-230000,0,0,0,4000,234000,-230000,-230000
03447P,台積電元大02售29,0,0,0,0,0,0,0,0,0,-230000,0,0,0,850000,1080000,-230000,-230000
03405P,聯電群益04售01  ,0,0,0,0,0,0,0,0,0,-230000,0,0,0,52000,282000,-230000,-230000
08383P,智邦群益9C售03  ,0,0,0,0,0,0,0,0,0,-230000,0,0,0,10000,240000,-230000,-230000
069167,欣興元大02購07  ,0,0,0,0,0,0,0,0,0,-231000,0,0,0,32000,263000,-231000,-231000
056724,臻鼎中信9A購01  ,0,0,0,0,0,0,0,0,0,-231000,0,0,0,376000,607000,-231000,-231000
060347,大立光統一02購01,0,0,0,0,0,0,0,0,0,-231000,0,0,0,143000,374000,-231000,-231000
062233,神隆凱基9B購01  ,0,0,0,0,0,0,0,0,0,-231000,0,0,0,243000,474000,-231000,-231000
065962,鴻海元大01購04  ,0,0,0,0,0,0,0,0,0,-231000,0,0,0,48000,279000,-231000,-231000
067831,聯電統一03購01  ,0,0,0,0,0,0,0,0,0,-232000,0,0,0,114000,346000,-232000,-232000
067616,臺股指凱基01購11,0,0,0,0,0,0,0,0,0,-232000,0,0,0,0,232000,-232000,-232000
065924,東元國票02購01  ,0,0,0,0,0,0,0,0,0,-232000,0,0,0,6000,238000,-232000,-232000
2851,中再保          ,33000,256000,-223000,0,0,0,0,0,0,-9000,0,9000,-9000,0,0,0,-232000
068111,大成鋼元富07購01,0,0,0,0,0,0,0,0,0,-233000,0,0,0,0,233000,-233000,-233000
8404,百和興業-KY     ,30000,253000,-223000,0,0,0,0,0,0,-10000,0,10000,-10000,0,0,0,-233000
08369P,鴻海凱基01售04  ,0,0,0,0,0,0,0,0,0,-233000,0,0,0,0,233000,-233000,-233000
07875P,祥碩群益9B售01  ,0,0,0,0,0,0,0,0,0,-233000,0,0,0,28000,261000,-233000,-233000
067947,京鼎國泰03購01  ,0,0,0,0,0,0,0,0,0,-234000,0,0,0,98000,332000,-234000,-234000
03375P,玉晶光元大02售07,0,0,0,0,0,0,0,0,0,-234000,0,0,0,20000,254000,-234000,-234000
064287,日月光元大9C購01,0,0,0,0,0,0,0,0,0,-234000,0,0,0,3000,237000,-234000,-234000
1314,中石化          ,14849000,13775000,1074000,0,0,0,0,0,0,-1308000,171000,1077000,-906000,42000,444000,-402000,-234000
070117,欣興元大03購06  ,0,0,0,0,0,0,0,0,0,-235000,0,0,0,4000,239000,-235000,-235000
1702,南僑            ,26000,259000,-233000,0,0,0,0,0,0,-2000,0,2000,-2000,0,0,0,-235000
1905,華紙            ,176000,411000,-235000,0,0,0,0,0,0,0,0,0,0,0,0,0,-235000
2467,志聖            ,46000,281000,-235000,0,0,0,0,0,0,0,0,0,0,0,0,0,-235000
4766,南寶            ,44000,278000,-234000,0,0,0,0,0,0,-1000,0,1000,-1000,0,0,0,-235000
08850P,台光電群益01售03,0,0,0,0,0,0,0,0,0,-236000,0,0,0,28000,264000,-236000,-236000
03286P,台積電群益02售08,0,0,0,0,0,0,0,0,0,-237000,0,0,0,131000,368000,-237000,-237000
069962,興勤中信02購01  ,0,0,0,0,0,0,0,0,0,-238000,0,0,0,40000,278000,-238000,-238000
069231,臺股指群益02購06,0,0,0,0,0,0,0,0,0,-238000,0,0,0,0,238000,-238000,-238000
068003,玉晶光元大01購12,0,0,0,0,0,0,0,0,0,-238000,0,0,0,96000,334000,-238000,-238000
067830,帆宣兆豐03購01  ,0,0,0,0,0,0,0,0,0,-238000,0,0,0,45000,283000,-238000,-238000
03482P,緯穎群益03售01  ,0,0,0,0,0,0,0,0,0,-238000,0,0,0,16000,254000,-238000,-238000
054421,臺股指元大99購03,0,0,0,0,0,0,0,0,0,-238000,0,0,0,130000,368000,-238000,-238000
065836,T50反1元大9C購11,0,0,0,0,0,0,0,0,0,-238000,0,0,0,12000,250000,-238000,-238000
064843,巨大統一02購01  ,0,0,0,0,0,0,0,0,0,-238000,0,0,0,109000,347000,-238000,-238000
066576,矽創元大01購02  ,0,0,0,0,0,0,0,0,0,-238000,0,0,0,250000,488000,-238000,-238000
2233,宇隆            ,60000,298000,-238000,0,0,0,0,0,0,0,0,0,0,0,0,0,-238000
059143,國巨國票9A購04  ,0,0,0,0,0,0,0,0,0,-239000,0,0,0,31000,270000,-239000,-239000
065945,鴻海統一02購01  ,0,0,0,0,0,0,0,0,0,-239000,0,0,0,97000,336000,-239000,-239000
3443,創意            ,1037000,882000,155000,0,0,0,0,109000,-109000,-285000,77000,264000,-187000,12000,110000,-98000,-239000
08491P,全新元大9C售01  ,0,0,0,0,0,0,0,0,0,-239000,0,0,0,213000,452000,-239000,-239000
03187P,聯發科元大01售33,0,0,0,0,0,0,0,0,0,-240000,0,0,0,35000,275000,-240000,-240000
062285,台勝科群益9B購01,0,0,0,0,0,0,0,0,0,-240000,0,0,0,10000,250000,-240000,-240000
07460P,臺股指元大9B售03,0,0,0,0,0,0,0,0,0,-240000,0,0,0,10000,250000,-240000,-240000
08124P,臻鼎群益9B售02  ,0,0,0,0,0,0,0,0,0,-240000,0,0,0,80000,320000,-240000,-240000
03231P,聯電元大02售03  ,0,0,0,0,0,0,0,0,0,-241000,0,0,0,65000,306000,-241000,-241000
03381P,臺股指群益02售08,0,0,0,0,0,0,0,0,0,-241000,0,0,0,87000,328000,-241000,-241000
063736,大立光元大9B購08,0,0,0,0,0,0,0,0,0,-241000,0,0,0,31000,272000,-241000,-241000
067775,GIS統一02購04   ,0,0,0,0,0,0,0,0,0,-242000,0,0,0,192000,434000,-242000,-242000
067618,臺股指凱基01購14,0,0,0,0,0,0,0,0,0,-242000,0,0,0,1000,243000,-242000,-242000
068590,台積電元富07購12,0,0,0,0,0,0,0,0,0,-242000,0,0,0,223000,465000,-242000,-242000
07031P,台灣50中信03售02,0,0,0,0,0,0,0,0,0,-242000,0,0,0,0,242000,-242000,-242000
061268,玉晶光凱基9B購04,0,0,0,0,0,0,0,0,0,-242000,0,0,0,22000,264000,-242000,-242000
066312,川湖永豐01購01  ,0,0,0,0,0,0,0,0,0,-242000,0,0,0,130000,372000,-242000,-242000
03224P,鴻海凱基03售06  ,0,0,0,0,0,0,0,0,0,-244000,0,0,0,0,244000,-244000,-244000
08233P,國泰金元富9B售01,0,0,0,0,0,0,0,0,0,-244000,0,0,0,220000,464000,-244000,-244000
08797P,健策凱基02售03  ,0,0,0,0,0,0,0,0,0,-244000,0,0,0,120000,364000,-244000,-244000
08805P,台積電元富07售04,0,0,0,0,0,0,0,0,0,-244000,0,0,0,40000,284000,-244000,-244000
08728P,緯穎群益01售01  ,0,0,0,0,0,0,0,0,0,-244000,0,0,0,0,244000,-244000,-244000
067922,玉晶光中信04購01,0,0,0,0,0,0,0,0,0,-245000,0,0,0,10000,255000,-245000,-245000
03181P,台灣50元大01售40,0,0,0,0,0,0,0,0,0,-245000,0,0,0,64000,309000,-245000,-245000
056689,玉晶光統一9A購03,0,0,0,0,0,0,0,0,0,-245000,0,0,0,113000,358000,-245000,-245000
1307,三芳            ,56000,298000,-242000,0,0,0,0,0,0,-4000,0,4000,-4000,0,0,0,-246000
068503,同欣電元大01購06,0,0,0,0,0,0,0,0,0,-247000,0,0,0,50000,297000,-247000,-247000
068898,健策元大02購05  ,0,0,0,0,0,0,0,0,0,-247000,0,0,0,113000,360000,-247000,-247000
068980,欣興元大02購06  ,0,0,0,0,0,0,0,0,0,-247000,0,0,0,46000,293000,-247000,-247000
067326,世紀鋼元大01購02,0,0,0,0,0,0,0,0,0,-247000,0,0,0,24000,271000,-247000,-247000
066856,致新元大01購01  ,0,0,0,0,0,0,0,0,0,-248000,0,0,0,12000,260000,-248000,-248000
08643P,和碩群益9C售02  ,0,0,0,0,0,0,0,0,0,-248000,0,0,0,156000,404000,-248000,-248000
2836,高雄銀          ,47000,278000,-231000,0,0,0,0,0,0,-17000,0,17000,-17000,0,0,0,-248000
4426,利勤            ,98000,346000,-248000,0,0,0,0,0,0,0,0,0,0,0,0,0,-248000
9902,台火            ,24000,270000,-246000,0,0,0,0,0,0,-2000,0,2000,-2000,0,0,0,-248000
08152P,祥碩統一9B售02  ,0,0,0,0,0,0,0,0,0,-249000,0,0,0,503000,752000,-249000,-249000
2375,凱美            ,230000,474900,-244900,0,0,0,0,0,0,-5000,0,0,0,0,5000,-5000,-249900
07043P,國巨元大99售14  ,0,0,0,0,0,0,0,0,0,-250000,0,0,0,0,250000,-250000,-250000
03441P,義隆凱基02售03  ,0,0,0,0,0,0,0,0,0,-250000,0,0,0,20000,270000,-250000,-250000
03267P,台灣50元大02售06,0,0,0,0,0,0,0,0,0,-250000,0,0,0,452000,702000,-250000,-250000
057582,亞光中信9A購02  ,0,0,0,0,0,0,0,0,0,-250000,0,0,0,10000,260000,-250000,-250000
08392P,上銀群益9C售01  ,0,0,0,0,0,0,0,0,0,-250000,0,0,0,118000,368000,-250000,-250000
068305,台光電國票03購01,0,0,0,0,0,0,0,0,0,-251000,0,0,0,7000,258000,-251000,-251000
062738,可成國票9B購02  ,0,0,0,0,0,0,0,0,0,-251000,0,0,0,0,251000,-251000,-251000
03455P,瑞昱凱基02售04  ,0,0,0,0,0,0,0,0,0,-251000,0,0,0,6000,257000,-251000,-251000
03203P,台積電凱基01售26,0,0,0,0,0,0,0,0,0,-251000,0,0,0,0,251000,-251000,-251000
062003,國巨國泰01購01  ,0,0,0,0,0,0,0,0,0,-251000,0,0,0,0,251000,-251000,-251000
08546P,可成中信9C售02  ,0,0,0,0,0,0,0,0,0,-251000,0,0,0,153000,404000,-251000,-251000
08093P,英業達元富9B售02,0,0,0,0,0,0,0,0,0,-251000,0,0,0,100000,351000,-251000,-251000
069526,台積電兆豐03購08,0,0,0,0,0,0,0,0,0,-252000,0,0,0,1071000,1323000,-252000,-252000
067410,聚陽兆豐01購01  ,0,0,0,0,0,0,0,0,0,-252000,0,0,0,16000,268000,-252000,-252000
1720,生達            ,418000,670000,-252000,0,0,0,0,0,0,0,0,0,0,1000,1000,0,-252000
2545,皇翔            ,42000,291000,-249000,0,0,0,0,0,0,-3000,0,3000,-3000,0,0,0,-252000
067835,微星統一02購02  ,0,0,0,0,0,0,0,0,0,-253000,0,0,0,199000,452000,-253000,-253000
03189P,玉晶光元大03售05,0,0,0,0,0,0,0,0,0,-253000,0,0,0,108000,361000,-253000,-253000
059682,可成富邦9A購01  ,0,0,0,0,0,0,0,0,0,-253000,0,0,0,0,253000,-253000,-253000
067164,台虹國票02購01  ,0,0,0,0,0,0,0,0,0,-253000,0,0,0,167000,420000,-253000,-253000
065259,燿華元大9C購05  ,0,0,0,0,0,0,0,0,0,-253000,0,0,0,8000,261000,-253000,-253000
069479,道瓊銀元大03購06,0,0,0,0,0,0,0,0,0,-254000,0,0,0,131000,385000,-254000,-254000
03255P,台積電國泰03售10,0,0,0,0,0,0,0,0,0,-254000,0,0,0,335000,589000,-254000,-254000
064634,臺股指元大9C購20,0,0,0,0,0,0,0,0,0,-254000,0,0,0,0,254000,-254000,-254000
067558,中工國票02購01  ,0,0,0,0,0,0,0,0,0,-254000,0,0,0,206000,460000,-254000,-254000
1762,中化生          ,508000,762000,-254000,0,0,0,0,0,0,0,0,0,0,0,0,0,-254000
1707,葡萄王          ,80000,297000,-217000,0,0,0,0,0,0,-37000,0,14000,-14000,0,23000,-23000,-254000
8261,富鼎            ,160000,414000,-254000,0,0,0,0,0,0,0,0,0,0,0,0,0,-254000
08059P,京鼎元大9B售02  ,0,0,0,0,0,0,0,0,0,-254000,0,0,0,192000,446000,-254000,-254000
064760,玉晶光凱基01購02,0,0,0,0,0,0,0,0,0,-255000,0,0,0,31000,286000,-255000,-255000
068067,台積電凱基01購17,0,0,0,0,0,0,0,0,0,-256000,0,0,0,1000,257000,-256000,-256000
063254,臺股指元大9B購41,0,0,0,0,0,0,0,0,0,-256000,0,0,0,0,256000,-256000,-256000
1560,中砂            ,103000,358000,-255000,0,0,0,0,0,0,-1000,0,1000,-1000,0,0,0,-256000
2455,全新            ,852000,954000,-102000,0,0,0,0,44000,-44000,-110000,16000,36000,-20000,1000,91000,-90000,-256000
069676,華碩元大02購03  ,0,0,0,0,0,0,0,0,0,-257000,0,0,0,5000,262000,-257000,-257000
03331P,臺股指群益02售05,0,0,0,0,0,0,0,0,0,-257000,0,0,0,0,257000,-257000,-257000
06716P,台積電元大9A售02,0,0,0,0,0,0,0,0,0,-257000,0,0,0,444000,701000,-257000,-257000
1337,再生-KY         ,91000,348000,-257000,0,0,0,0,0,0,0,0,0,0,0,0,0,-257000
069360,聯發科永豐02購03,0,0,0,0,0,0,0,0,0,-258000,0,0,0,2000,260000,-258000,-258000
064256,玉晶光國泰02購02,0,0,0,0,0,0,0,0,0,-258000,0,0,0,715000,973000,-258000,-258000
064517,國巨群益02購01  ,0,0,0,0,0,0,0,0,0,-258000,0,0,0,7000,265000,-258000,-258000
067131,為升永豐01購01  ,0,0,0,0,0,0,0,0,0,-258000,0,0,0,202000,460000,-258000,-258000
065106,S&P反1國票9C購02,0,0,0,0,0,0,0,0,0,-259000,0,0,0,100000,359000,-259000,-259000
08910P,宏達電凱基01售02,0,0,0,0,0,0,0,0,0,-259000,0,0,0,111000,370000,-259000,-259000
08761P,聯詠元大01售02  ,0,0,0,0,0,0,0,0,0,-259000,0,0,0,235000,494000,-259000,-259000
065034,玉晶光統一01購11,0,0,0,0,0,0,0,0,0,-260000,0,0,0,507000,767000,-260000,-260000
066170,聯陽凱基01購01  ,0,0,0,0,0,0,0,0,0,-260000,0,0,0,52000,312000,-260000,-260000
067193,台表科凱基03購02,0,0,0,0,0,0,0,0,0,-261000,0,0,0,70000,331000,-261000,-261000
08153P,台表科統一9B售01,0,0,0,0,0,0,0,0,0,-261000,0,0,0,51000,312000,-261000,-261000
03271P,台積電群益02售06,0,0,0,0,0,0,0,0,0,-262000,0,0,0,18000,280000,-262000,-262000
068257,聯發科國泰03購05,0,0,0,0,0,0,0,0,0,-264000,0,0,0,539000,803000,-264000,-264000
08169P,台光電群益9B售04,0,0,0,0,0,0,0,0,0,-264000,0,0,0,0,264000,-264000,-264000
2359,所羅門          ,153000,416000,-263000,0,0,0,0,0,0,-1000,0,1000,-1000,0,0,0,-264000
068718,台積電元大02購12,0,0,0,0,0,0,0,0,0,-265000,0,0,0,25000,290000,-265000,-265000
065486,臺股指元大9C購24,0,0,0,0,0,0,0,0,0,-265000,0,0,0,0,265000,-265000,-265000
07580P,緯穎元大9A售03  ,0,0,0,0,0,0,0,0,0,-265000,0,0,0,5000,270000,-265000,-265000
2903,遠百            ,194000,457712,-263712,0,0,0,0,0,0,-2000,0,2000,-2000,0,0,0,-265712
068859,台積電元富08購06,0,0,0,0,0,0,0,0,0,-266000,0,0,0,102000,368000,-266000,-266000
069020,矽創兆豐03購01  ,0,0,0,0,0,0,0,0,0,-266000,0,0,0,0,266000,-266000,-266000
062237,緯創凱基9B購01  ,0,0,0,0,0,0,0,0,0,-266000,0,0,0,48000,314000,-266000,-266000
061717,力成凱基9B購01  ,0,0,0,0,0,0,0,0,0,-266000,0,0,0,0,266000,-266000,-266000
08963P,牧德凱基01售02  ,0,0,0,0,0,0,0,0,0,-266000,0,0,0,165000,431000,-266000,-266000
068502,帆宣元大01購05  ,0,0,0,0,0,0,0,0,0,-268000,0,0,0,13000,281000,-268000,-268000
064549,神基凱基9C購01  ,0,0,0,0,0,0,0,0,0,-268000,0,0,0,32000,300000,-268000,-268000
067319,眾達元大01購02  ,0,0,0,0,0,0,0,0,0,-268000,0,0,0,300000,568000,-268000,-268000
068316,台灣50元大01購34,0,0,0,0,0,0,0,0,0,-269000,0,0,0,365000,634000,-269000,-269000
03257P,聯電永豐02售01  ,0,0,0,0,0,0,0,0,0,-269000,0,0,0,49000,318000,-269000,-269000
064635,臺股指元大9C購21,0,0,0,0,0,0,0,0,0,-269000,0,0,0,0,269000,-269000,-269000
063036,聯發科凱基9B購11,0,0,0,0,0,0,0,0,0,-269000,0,0,0,145000,414000,-269000,-269000
3026,禾伸堂          ,659000,880000,-221000,0,0,0,0,0,0,-48000,0,2000,-2000,2000,48000,-46000,-269000
03103P,聯發科元富01售02,0,0,0,0,0,0,0,0,0,-270000,0,0,0,192000,462000,-270000,-270000
08601P,臺股指元大9C售33,0,0,0,0,0,0,0,0,0,-270000,0,0,0,0,270000,-270000,-270000
07472P,和碩元大9A售03  ,0,0,0,0,0,0,0,0,0,-270000,0,0,0,0,270000,-270000,-270000
058706,聯鈞元大9C購01  ,0,0,0,0,0,0,0,0,0,-271000,0,0,0,19000,290000,-271000,-271000
063676,上銀國泰9C購02  ,0,0,0,0,0,0,0,0,0,-271000,0,0,0,120000,391000,-271000,-271000
069178,臺股指元大02購12,0,0,0,0,0,0,0,0,0,-272000,0,0,0,0,272000,-272000,-272000
060244,大立光元大9B購02,0,0,0,0,0,0,0,0,0,-272000,0,0,0,3000,275000,-272000,-272000
062523,世紀鋼元大9C購03,0,0,0,0,0,0,0,0,0,-272000,0,0,0,122000,394000,-272000,-272000
8021,尖點            ,331000,601000,-270000,0,0,0,0,0,0,-2000,0,2000,-2000,0,0,0,-272000
068024,聚陽元富07購02  ,0,0,0,0,0,0,0,0,0,-273000,0,0,0,0,273000,-273000,-273000
067792,GIS群益02購02   ,0,0,0,0,0,0,0,0,0,-273000,0,0,0,26000,299000,-273000,-273000
03319P,健策元富03售01  ,0,0,0,0,0,0,0,0,0,-273000,0,0,0,105000,378000,-273000,-273000
065617,臺股指元大9C購35,0,0,0,0,0,0,0,0,0,-273000,0,0,0,0,273000,-273000,-273000
063675,亞德客國泰01購01,0,0,0,0,0,0,0,0,0,-274000,0,0,0,113000,387000,-274000,-274000
08719P,華通元大01售04  ,0,0,0,0,0,0,0,0,0,-274000,0,0,0,4000,278000,-274000,-274000
066580,臺股指元大01購09,0,0,0,0,0,0,0,0,0,-275000,0,0,0,22000,297000,-275000,-275000
08796P,晶技凱基01售01  ,0,0,0,0,0,0,0,0,0,-275000,0,0,0,41000,316000,-275000,-275000
03074P,大立光國泰03售05,0,0,0,0,0,0,0,0,0,-276000,0,0,0,20000,296000,-276000,-276000
066471,致新統一02購01  ,0,0,0,0,0,0,0,0,0,-276000,0,0,0,2000,278000,-276000,-276000
2906,高林            ,36000,312000,-276000,0,0,0,0,0,0,0,0,0,0,0,0,0,-276000
069596,精元國票02購01  ,0,0,0,0,0,0,0,0,0,-277000,0,0,0,28000,305000,-277000,-277000
063147,東元元富9B購01  ,0,0,0,0,0,0,0,0,0,-277000,0,0,0,13000,290000,-277000,-277000
062171,中磊永豐9B購01  ,0,0,0,0,0,0,0,0,0,-277000,0,0,0,159000,436000,-277000,-277000
065762,台表科元大9C購13,0,0,0,0,0,0,0,0,0,-277000,0,0,0,15000,292000,-277000,-277000
03228P,緯穎凱基02售02  ,0,0,0,0,0,0,0,0,0,-278000,0,0,0,0,278000,-278000,-278000
03202P,聯電凱基01售03  ,0,0,0,0,0,0,0,0,0,-278000,0,0,0,333000,611000,-278000,-278000
064967,道瓊銀元大01購01,0,0,0,0,0,0,0,0,0,-278000,0,0,0,23000,301000,-278000,-278000
065616,臺股指元大9C購34,0,0,0,0,0,0,0,0,0,-279000,0,0,0,0,279000,-279000,-279000
066224,眾達國泰03購01  ,0,0,0,0,0,0,0,0,0,-279000,0,0,0,513000,792000,-279000,-279000
03415P,臺股指元大03售07,0,0,0,0,0,0,0,0,0,-280000,0,0,0,174000,454000,-280000,-280000
060284,南港元大01購01  ,0,0,0,0,0,0,0,0,0,-280000,0,0,0,62000,342000,-280000,-280000
03539P,牧德元富08售01  ,0,0,0,0,0,0,0,0,0,-280000,0,0,0,272000,552000,-280000,-280000
058795,可成元大99購03  ,0,0,0,0,0,0,0,0,0,-281000,0,0,0,326000,607000,-281000,-281000
061938,大立光國票9B購03,0,0,0,0,0,0,0,0,0,-281000,0,0,0,70000,351000,-281000,-281000
068279,台灣50中信04購04,0,0,0,0,0,0,0,0,0,-282000,0,0,0,0,282000,-282000,-282000
1711,永光            ,720000,958000,-238000,0,0,0,0,0,0,-44000,0,4000,-4000,0,40000,-40000,-282000
068657,台積電元大02購10,0,0,0,0,0,0,0,0,0,-283000,0,0,0,182000,465000,-283000,-283000
067752,臺股指元大01購16,0,0,0,0,0,0,0,0,0,-283000,0,0,0,0,283000,-283000,-283000
03314P,台積電元大02售16,0,0,0,0,0,0,0,0,0,-283000,0,0,0,950000,1233000,-283000,-283000
067176,健策麥證02購02  ,0,0,0,0,284000,-284000,0,0,0,-283000,0,0,0,1000,284000,-283000,-283000
2493,揚博            ,87000,341000,-254000,0,0,0,0,0,0,-29000,0,7000,-7000,0,22000,-22000,-283000
08600P,臺股指元大9C售32,0,0,0,0,0,0,0,0,0,-283000,0,0,0,0,283000,-283000,-283000
068168,臺股指元大01購18,0,0,0,0,0,0,0,0,0,-284000,0,0,0,146000,430000,-284000,-284000
062069,喬山元大9B購01  ,0,0,0,0,0,0,0,0,0,-285000,0,0,0,53000,338000,-285000,-285000
060063,可成兆豐9B購01  ,0,0,0,0,0,0,0,0,0,-286000,0,0,0,8000,294000,-286000,-286000
066578,臺股指元大01購07,0,0,0,0,0,0,0,0,0,-286000,0,0,0,0,286000,-286000,-286000
2850,新產            ,28000,309000,-281000,0,0,0,0,0,0,-5000,0,5000,-5000,0,0,0,-286000
068055,鎧勝統一02購02  ,0,0,0,0,0,0,0,0,0,-287000,0,0,0,60000,347000,-287000,-287000
067576,元金反群益04購01,0,0,0,0,0,0,0,0,0,-287000,0,0,0,0,287000,-287000,-287000
068576,台積電國泰03購07,0,0,0,0,0,0,0,0,0,-287000,0,0,0,1851000,2138000,-287000,-287000
6558,興能高          ,111000,322000,-211000,0,0,0,0,73000,-73000,-3000,0,3000,-3000,0,0,0,-287000
6591,動力-KY         ,623000,996000,-373000,0,0,0,89000,0,89000,-3000,28000,31000,-3000,0,0,0,-287000
067795,臺股指群益01購07,0,0,0,0,0,0,0,0,0,-288000,0,0,0,0,288000,-288000,-288000
069179,臺股指元大02購13,0,0,0,0,0,0,0,0,0,-288000,0,0,0,0,288000,-288000,-288000
059292,華新科元富9B購02,0,0,0,0,0,0,0,0,0,-288000,0,0,0,93000,381000,-288000,-288000
064636,臺股指元大9C購22,0,0,0,0,0,0,0,0,0,-288000,0,0,0,0,288000,-288000,-288000
067674,可成元大01購08  ,0,0,0,0,0,0,0,0,0,-289000,0,0,0,255000,544000,-289000,-289000
062296,南六永豐9B購02  ,0,0,0,0,0,0,0,0,0,-289000,0,0,0,0,289000,-289000,-289000
08399P,技嘉元富9C售02  ,0,0,0,0,0,0,0,0,0,-289000,0,0,0,10000,299000,-289000,-289000
08141P,鴻海凱基9B售09  ,0,0,0,0,0,0,0,0,0,-289000,0,0,0,0,289000,-289000,-289000
1536,和大            ,307200,479000,-171800,0,0,0,0,0,0,-118000,0,24000,-24000,65000,159000,-94000,-289800
03474P,聯電元大02售16  ,0,0,0,0,0,0,0,0,0,-290000,0,0,0,140000,430000,-290000,-290000
07410P,鴻海元大99售44  ,0,0,0,0,0,0,0,0,0,-290000,0,0,0,10000,300000,-290000,-290000
07390P,華新科康和99售02,0,0,0,0,0,0,0,0,0,-290000,0,0,0,0,290000,-290000,-290000
08972P,義隆永豐01售02  ,0,0,0,0,0,0,0,0,0,-290000,0,0,0,141000,431000,-290000,-290000
064579,大立光富邦03購02,0,0,0,0,0,0,0,0,0,-291000,0,0,0,380000,671000,-291000,-291000
068455,聯發科國票03購02,0,0,0,0,0,0,0,0,0,-292000,0,0,0,202000,494000,-292000,-292000
069925,臺股指凱基02購16,0,0,0,0,0,0,0,0,0,-292000,0,0,0,0,292000,-292000,-292000
059918,華新科元大99購20,0,0,0,0,0,0,0,0,0,-293000,0,0,0,0,293000,-293000,-293000
4956,光鋐            ,614000,890000,-276000,0,0,0,0,0,0,-17000,0,2000,-2000,0,15000,-15000,-293000
03351P,台積電麥證02售07,0,0,0,5000,300000,-295000,0,0,0,-295000,0,0,0,5000,300000,-295000,-295000
03150P,台積電群益03售01,0,0,0,0,0,0,0,0,0,-295000,0,0,0,51000,346000,-295000,-295000
5522,遠雄            ,352000,647000,-295000,0,0,0,0,0,0,0,40000,40000,0,0,0,0,-295000
2231,為升            ,508000,757000,-249000,0,0,0,0,0,0,-46000,72000,82000,-10000,6000,42000,-36000,-295000
03497P,金像電凱基02售06,0,0,0,0,0,0,0,0,0,-296000,0,0,0,31000,327000,-296000,-296000
08760P,瑞昱元大01售02  ,0,0,0,0,0,0,0,0,0,-296000,0,0,0,210000,506000,-296000,-296000
03239P,臺股指元大02售04,0,0,0,0,0,0,0,0,0,-297000,0,0,0,70000,367000,-297000,-297000
058154,泰碩統一9A購01  ,0,0,0,0,0,0,0,0,0,-297000,0,0,0,0,297000,-297000,-297000
069395,臺股指元大03購10,0,0,0,0,0,0,0,0,0,-298000,0,0,0,0,298000,-298000,-298000
067904,SP黃豆國泰03購01,0,0,0,0,0,0,0,0,0,-298000,0,0,0,0,298000,-298000,-298000
065895,台勝科統一02購01,0,0,0,0,0,0,0,0,0,-298000,0,0,0,2000,300000,-298000,-298000
065563,T50反1群益9C購04,0,0,0,0,0,0,0,0,0,-298000,0,0,0,222000,520000,-298000,-298000
069718,鴻海群益02購06  ,0,0,0,0,0,0,0,0,0,-299000,0,0,0,0,299000,-299000,-299000
061200,道瓊反元大9A購06,0,0,0,0,0,0,0,0,0,-299000,0,0,0,0,299000,-299000,-299000
063810,香港反群益03購01,0,0,0,0,0,0,0,0,0,-299000,0,0,0,0,299000,-299000,-299000
065083,南亞科元大01購01,0,0,0,0,0,0,0,0,0,-299000,0,0,0,40000,339000,-299000,-299000
8163,達方            ,1262000,1235000,27000,0,0,0,0,0,0,-326000,16000,289000,-273000,0,53000,-53000,-299000
07215P,大立光凱基99售07,0,0,0,0,0,0,0,0,0,-300000,0,0,0,0,300000,-300000,-300000
069404,華通統一04購02  ,0,0,0,0,0,0,0,0,0,-300000,0,0,0,0,300000,-300000,-300000
069070,欣興麥證02購01  ,0,0,0,10000,243000,-233000,0,0,0,-300000,0,0,0,10000,310000,-300000,-300000
068387,國巨統一03購02  ,0,0,0,0,0,0,0,0,0,-300000,0,0,0,0,300000,-300000,-300000
03387P,台積電凱基03售11,0,0,0,0,0,0,0,0,0,-300000,0,0,0,0,300000,-300000,-300000
03350P,台積電麥證02售06,0,0,0,0,300000,-300000,0,0,0,-300000,0,0,0,0,300000,-300000,-300000
059884,鴻海國票99購09  ,0,0,0,0,0,0,0,0,0,-300000,0,0,0,0,300000,-300000,-300000
066581,臺股指元大01購10,0,0,0,0,0,0,0,0,0,-300000,0,0,0,0,300000,-300000,-300000
066623,國巨凱基04購01  ,0,0,0,0,0,0,0,0,0,-300000,0,0,0,0,300000,-300000,-300000
068661,臺股指元大02購06,0,0,0,0,0,0,0,0,0,-301000,0,0,0,0,301000,-301000,-301000
067753,臺股指元大01購17,0,0,0,0,0,0,0,0,0,-301000,0,0,0,0,301000,-301000,-301000
067503,聚陽統一03購01  ,0,0,0,0,0,0,0,0,0,-301000,0,0,0,13000,314000,-301000,-301000
067728,南亞科台新01購01,0,0,0,0,0,0,0,0,0,-302000,0,0,0,38000,340000,-302000,-302000
068037,聯鈞元富07購01  ,0,0,0,0,0,0,0,0,0,-302000,0,0,0,4000,306000,-302000,-302000
03078P,上銀統一01售05  ,0,0,0,0,0,0,0,0,0,-302000,0,0,0,0,302000,-302000,-302000
065198,玉晶光元富06購01,0,0,0,0,0,0,0,0,0,-302000,0,0,0,184000,486000,-302000,-302000
2342,茂矽            ,1234000,1536000,-302000,0,0,0,0,0,0,0,0,0,0,0,0,0,-302000
08344P,旺宏元大01售02  ,0,0,0,0,0,0,0,0,0,-302000,0,0,0,130000,432000,-302000,-302000
068753,聯發科國泰06購01,0,0,0,0,0,0,0,0,0,-303000,0,0,0,69000,372000,-303000,-303000
069156,台積電元大02購21,0,0,0,0,0,0,0,0,0,-303000,0,0,0,1135000,1438000,-303000,-303000
03687C,臺股指凱基9C牛22,0,0,0,0,0,0,0,0,0,-303000,0,0,0,27000,330000,-303000,-303000
065431,大立光凱基02購02,0,0,0,0,0,0,0,0,0,-303000,0,0,0,163000,466000,-303000,-303000
06586P,鴻海元大9C售01  ,0,0,0,0,0,0,0,0,0,-304000,0,0,0,30000,334000,-304000,-304000
069186,健策麥證02購03  ,0,0,0,0,305000,-305000,0,0,0,-305000,0,0,0,0,305000,-305000,-305000
067723,國揚凱基01購02  ,0,0,0,0,0,0,0,0,0,-305000,0,0,0,41000,346000,-305000,-305000
03692C,T50反1元大05牛01,0,0,0,0,0,0,0,0,0,-306000,0,0,0,63000,369000,-306000,-306000
065111,瀚宇博國票01購01,0,0,0,0,0,0,0,0,0,-306000,0,0,0,7000,313000,-306000,-306000
03392P,奇鋐永豐02售02  ,0,0,0,0,0,0,0,0,0,-307000,0,0,0,103000,410000,-307000,-307000
03248P,聯電元富03售03  ,0,0,0,0,0,0,0,0,0,-307000,0,0,0,135000,442000,-307000,-307000
07597P,臺股指中信01售02,0,0,0,0,0,0,0,0,0,-308000,0,0,0,3687000,3995000,-308000,-308000
08406P,緯穎元大9C售01  ,0,0,0,0,0,0,0,0,0,-308000,0,0,0,0,308000,-308000,-308000
058712,鴻海統一9B購03  ,0,0,0,0,0,0,0,0,0,-309000,0,0,0,131000,440000,-309000,-309000
054819,裕民元大9A購01  ,0,0,0,0,0,0,0,0,0,-310000,0,0,0,30000,340000,-310000,-310000
061047,大立光第一9A購01,0,0,0,0,0,0,0,0,0,-310000,0,0,0,0,310000,-310000,-310000
07501P,華新科元大9A售07,0,0,0,0,0,0,0,0,0,-310000,0,0,0,0,310000,-310000,-310000
066779,上証2X中信03購01,0,0,0,0,0,0,0,0,0,-311000,0,0,0,0,311000,-311000,-311000
068550,玉晶光群益03購01,0,0,0,0,0,0,0,0,0,-312000,0,0,0,102000,414000,-312000,-312000
9188,精熙-DR         ,394000,706000,-312000,0,0,0,0,0,0,0,0,0,0,0,0,0,-312000
06721P,臺股指中信9A售03,0,0,0,0,0,0,0,0,0,-313000,0,0,0,37000,350000,-313000,-313000
065488,臺股指元大9C購26,0,0,0,0,0,0,0,0,0,-313000,0,0,0,10000,323000,-313000,-313000
067963,宏碁群益02購01  ,0,0,0,0,0,0,0,0,0,-314000,0,0,0,87000,401000,-314000,-314000
059024,大立光統一9B購04,0,0,0,0,0,0,0,0,0,-314000,0,0,0,0,314000,-314000,-314000
5531,鄉林            ,370000,668000,-298000,0,0,0,0,0,0,-16000,0,16000,-16000,0,0,0,-314000
1722,台肥            ,1255894,1418000,-162106,0,0,0,0,0,0,-152000,0,115000,-115000,0,37000,-37000,-314106
068662,臺股指元大02購07,0,0,0,0,0,0,0,0,0,-315000,0,0,0,10000,325000,-315000,-315000
3376,新日興          ,908000,865000,43000,0,0,0,0,0,0,-358000,119000,327000,-208000,9000,159000,-150000,-315000
069942,中租元富02購01  ,0,0,0,0,0,0,0,0,0,-316000,0,0,0,354000,670000,-316000,-316000
069992,奇鋐兆豐04購01  ,0,0,0,0,0,0,0,0,0,-316000,0,0,0,17000,333000,-316000,-316000
03570P,台積電元大03售09,0,0,0,0,0,0,0,0,0,-316000,0,0,0,1698000,2014000,-316000,-316000
064694,玉晶光群益02購02,0,0,0,0,0,0,0,0,0,-316000,0,0,0,24000,340000,-316000,-316000
068680,聯陽國泰03購01  ,0,0,0,0,0,0,0,0,0,-317000,0,0,0,1000,318000,-317000,-317000
2838,聯邦銀          ,785000,1058000,-273000,0,0,0,0,0,0,-44000,0,44000,-44000,0,0,0,-317000
2351,順德            ,67000,381000,-314000,0,0,0,0,0,0,-5000,11000,14000,-3000,0,2000,-2000,-319000
068493,聯發科元大01購30,0,0,0,0,0,0,0,0,0,-320000,0,0,0,230000,550000,-320000,-320000
067448,華碩國票01購01  ,0,0,0,0,0,0,0,0,0,-320000,0,0,0,4000,324000,-320000,-320000
2527,宏璟            ,0,321000,-321000,0,0,0,0,0,0,0,0,0,0,0,0,0,-321000
069346,牧德群益03購01  ,0,0,0,0,0,0,0,0,0,-322000,0,0,0,4000,326000,-322000,-322000
062769,臺股指凱基9B購13,0,0,0,0,0,0,0,0,0,-322000,0,0,0,0,322000,-322000,-322000
066297,美利達元大01購01,0,0,0,0,0,0,0,0,0,-323000,0,0,0,2000,325000,-323000,-323000
1227,佳格            ,622896,946000,-323104,0,0,0,0,0,0,0,0,0,0,0,0,0,-323104
07085P,超眾元富9C售01  ,0,0,0,0,0,0,0,0,0,-324000,0,0,0,54000,378000,-324000,-324000
03030P,玉晶光元大03售01,0,0,0,0,0,0,0,0,0,-324000,0,0,0,0,324000,-324000,-324000
03354P,上銀凱基02售02  ,0,0,0,0,0,0,0,0,0,-325000,0,0,0,159000,484000,-325000,-325000
08356P,聯發科元大9C售08,0,0,0,0,0,0,0,0,0,-325000,0,0,0,15000,340000,-325000,-325000
068950,台積電凱基02購16,0,0,0,0,0,0,0,0,0,-326000,0,0,0,0,326000,-326000,-326000
08763P,健策永豐01售02  ,0,0,0,0,0,0,0,0,0,-326000,0,0,0,0,326000,-326000,-326000
6112,聚碩            ,244000,519000,-275000,0,0,0,0,0,0,-51000,0,1000,-1000,0,50000,-50000,-326000
061852,大立光國票9B購02,0,0,0,0,0,0,0,0,0,-327000,0,0,0,464000,791000,-327000,-327000
066253,泰豐元大01購01  ,0,0,0,0,0,0,0,0,0,-327000,0,0,0,50000,377000,-327000,-327000
068924,國巨國泰05購01  ,0,0,0,0,0,0,0,0,0,-329000,0,0,0,293000,622000,-329000,-329000
064277,可成元大9C購04  ,0,0,0,0,0,0,0,0,0,-329000,0,0,0,96000,425000,-329000,-329000
066198,華碩統一03購01  ,0,2000,-2000,0,0,0,0,0,0,-327000,0,0,0,559000,886000,-327000,-329000
08826P,健策元大01售08  ,0,0,0,0,0,0,0,0,0,-329000,0,0,0,137000,466000,-329000,-329000
08833P,緯穎群益01售03  ,0,0,0,0,0,0,0,0,0,-329000,0,0,0,15000,344000,-329000,-329000
07906P,中租群益9B售02  ,0,0,0,0,0,0,0,0,0,-329000,0,0,0,0,329000,-329000,-329000
069361,強茂永豐02購02  ,0,0,0,0,0,0,0,0,0,-330000,0,0,0,171000,501000,-330000,-330000
066084,國巨富邦05購01  ,0,0,0,0,0,0,0,0,0,-330000,0,0,0,26000,356000,-330000,-330000
07900P,臺股指凱基9B售03,0,0,0,0,0,0,0,0,0,-330000,0,0,0,0,330000,-330000,-330000
9944,新麗            ,249000,579000,-330000,0,0,0,0,0,0,0,0,0,0,0,0,0,-330000
2049,上銀            ,1550270,1929570,-379300,0,0,0,110000,0,110000,-62000,128000,122000,6000,45000,113000,-68000,-331300
065121,臺股指富邦9C購04,0,0,0,0,0,0,0,0,0,-333000,0,0,0,0,333000,-333000,-333000
054472,道瓊反中信9A購01,0,0,0,0,0,0,0,0,0,-334000,0,0,0,430000,764000,-334000,-334000
068057,惠特統一02購02  ,0,0,0,0,0,0,0,0,0,-335000,0,0,0,167000,502000,-335000,-335000
03546P,欣興群益02售12  ,0,0,0,0,0,0,0,0,0,-335000,0,0,0,58000,393000,-335000,-335000
065932,世紀鋼國票02購01,0,0,0,0,0,0,0,0,0,-335000,0,0,0,229000,564000,-335000,-335000
1325,恆大            ,1050000,1347000,-297000,0,0,0,0,0,0,-38000,0,38000,-38000,0,0,0,-335000
063674,力山國泰01購02  ,0,0,0,0,0,0,0,0,0,-336000,0,0,0,155000,491000,-336000,-336000
8131,福懋科          ,68000,367000,-299000,0,0,0,0,0,0,-37000,1000,38000,-37000,0,0,0,-336000
067707,奇力新元富04購01,0,0,0,0,0,0,0,0,0,-337000,0,0,0,8000,345000,-337000,-337000
03312P,亞德客元大02售02,0,0,0,0,0,0,0,0,0,-337000,0,0,0,70000,407000,-337000,-337000
069393,臺股指元大03購08,0,0,0,0,0,0,0,0,0,-338000,0,0,0,0,338000,-338000,-338000
065487,臺股指元大9C購25,0,0,0,0,0,0,0,0,0,-338000,0,0,0,0,338000,-338000,-338000
07899P,和大凱基9B售01  ,0,0,0,0,0,0,0,0,0,-338000,0,0,0,0,338000,-338000,-338000
061402,矽創兆豐9B購01  ,0,0,0,0,0,0,0,0,0,-340000,0,0,0,0,340000,-340000,-340000
5608,四維航          ,82000,415000,-333000,0,0,0,0,0,0,-7000,0,7000,-7000,0,0,0,-340000
065097,貿聯元大9C購04  ,0,0,0,0,0,0,0,0,0,-342000,0,0,0,287000,629000,-342000,-342000
07990P,緯穎凱基9B售02  ,0,0,0,0,0,0,0,0,0,-342000,0,0,0,162000,504000,-342000,-342000
08400P,美律元富9C售02  ,0,0,0,0,0,0,0,0,0,-343000,0,0,0,120000,463000,-343000,-343000
2331,精英            ,381000,688000,-307000,0,0,0,0,0,0,-36000,4000,40000,-36000,0,0,0,-343000
057100,國巨中信9A購02  ,0,0,0,0,0,0,0,0,0,-344000,0,0,0,0,344000,-344000,-344000
3060,銘異            ,121000,465000,-344000,0,0,0,0,0,0,0,0,0,0,0,0,0,-344000
069047,台積電元富08購13,0,0,0,0,0,0,0,0,0,-345000,0,0,0,40000,385000,-345000,-345000
068415,台積電中信07購04,0,0,0,0,0,0,0,0,0,-348000,0,0,0,154000,502000,-348000,-348000
03093P,台灣50凱基04售10,0,0,0,0,0,0,0,0,0,-348000,0,0,0,502000,850000,-348000,-348000
062834,立積群益9B購02  ,0,0,0,0,0,0,0,0,0,-348000,0,0,0,6000,354000,-348000,-348000
08403P,上銀元大9C售07  ,0,0,0,0,0,0,0,0,0,-348000,0,0,0,48000,396000,-348000,-348000
069929,台積電統一04購11,0,0,0,0,0,0,0,0,0,-349000,0,0,0,0,349000,-349000,-349000
8271,宇瞻            ,399000,749000,-350000,0,0,0,0,0,0,0,0,0,0,0,0,0,-350000
066379,台達電康和01購01,0,0,0,0,0,0,0,0,0,-351000,0,0,0,0,351000,-351000,-351000
03507P,臺股指群益02售12,0,0,0,0,0,0,0,0,0,-352000,0,0,0,3000,355000,-352000,-352000
065972,聯發科元大01購07,0,0,0,0,0,0,0,0,0,-352000,0,0,0,104000,456000,-352000,-352000
066305,華夏永豐01購01  ,0,0,0,0,0,0,0,0,0,-353000,0,0,0,250000,603000,-353000,-353000
069593,國巨國票04購01  ,0,0,0,0,0,0,0,0,0,-354000,0,0,0,0,354000,-354000,-354000
068258,可成國泰03購01  ,0,0,0,0,0,0,0,0,0,-354000,0,0,0,1248000,1602000,-354000,-354000
5534,長虹            ,168000,804000,-636000,0,0,0,8000,0,8000,274000,280000,6000,274000,0,0,0,-354000
067617,臺股指凱基01購12,0,0,0,0,0,0,0,0,0,-355000,0,0,0,0,355000,-355000,-355000
00641R,富邦日本反1     ,0,127000,-127000,0,0,0,0,0,0,-229000,0,0,0,113000,342000,-229000,-356000
08092P,仁寶元富9B售02  ,0,0,0,0,0,0,0,0,0,-358000,0,0,0,292000,650000,-358000,-358000
068370,臺股指富邦01購04,0,0,0,0,0,0,0,0,0,-359000,0,0,0,21000,380000,-359000,-359000
062466,FBVIX凱基9B購01 ,0,0,0,0,0,0,0,0,0,-359000,0,0,0,0,359000,-359000,-359000
07792P,牧德元大9A售04  ,0,0,0,0,0,0,0,0,0,-359000,0,0,0,103000,462000,-359000,-359000
08657P,牧德群益9C售02  ,0,0,0,0,0,0,0,0,0,-359000,0,0,0,1020000,1379000,-359000,-359000
3003,健和興          ,242000,566000,-324000,0,0,0,0,0,0,-35000,0,2000,-2000,0,33000,-33000,-359000
1809,中釉            ,305000,664000,-359000,0,0,0,0,0,0,0,0,0,0,0,0,0,-359000
1338,廣華-KY         ,94000,454000,-360000,0,0,0,0,0,0,-1000,0,1000,-1000,0,0,0,-361000
6416,瑞祺電通        ,585000,604000,-19000,0,0,0,205000,327000,-122000,-220000,15000,181000,-166000,1000,55000,-54000,-361000
068170,臺股指元大01購23,0,0,0,0,0,0,0,0,0,-362000,0,0,0,0,362000,-362000,-362000
062463,世紀鋼麥證9B購01,0,0,0,11000,373000,-362000,0,0,0,-362000,0,0,0,11000,373000,-362000,-362000
3189,景碩            ,5401000,5115958,285042,0,0,0,0,339000,-339000,-309000,134000,354000,-220000,128000,217000,-89000,-362958
068563,宏碁元大01購05  ,0,0,0,0,0,0,0,0,0,-363000,0,0,0,56000,419000,-363000,-363000
03096P,台積電凱基03售05,0,0,0,0,0,0,0,0,0,-363000,0,0,0,135000,498000,-363000,-363000
069392,臺股指元大03購05,0,0,0,0,0,0,0,0,0,-364000,0,0,0,0,364000,-364000,-364000
2480,敦陽科          ,55000,470000,-415000,0,0,0,0,0,0,51000,53000,2000,51000,0,0,0,-364000
5607,遠雄港          ,93000,453000,-360000,0,0,0,0,0,0,-4000,0,4000,-4000,0,0,0,-364000
2385,群光            ,1301866,2108000,-806134,0,0,0,8000,0,8000,434000,2000,33000,-31000,528000,63000,465000,-364134
067323,美利達元大01購04,0,0,0,0,0,0,0,0,0,-367000,0,0,0,53000,420000,-367000,-367000
069373,華新元大02購01  ,0,0,0,0,0,0,0,0,0,-368000,0,0,0,124000,492000,-368000,-368000
03477P,TPK元富03售03   ,0,0,0,0,0,0,0,0,0,-368000,0,0,0,164000,532000,-368000,-368000
058616,台虹元大9A購01  ,0,0,0,0,0,0,0,0,0,-368000,0,0,0,420000,788000,-368000,-368000
067130,泰豐永豐01購02  ,0,0,0,0,0,0,0,0,0,-368000,0,0,0,0,368000,-368000,-368000
068687,亞聚凱基02購01  ,0,0,0,0,0,0,0,0,0,-371000,0,0,0,30000,401000,-371000,-371000
068725,京元電元大02購01,0,0,0,0,0,0,0,0,0,-371000,0,0,0,68000,439000,-371000,-371000
0052,富邦科技        ,10000,9000,1000,0,0,0,0,0,0,-372000,0,0,0,108000,480000,-372000,-371000
08588P,緯穎元富03售01  ,0,0,0,0,0,0,0,0,0,-371000,0,0,0,49000,420000,-371000,-371000
07457P,宏達電元大9A售01,0,0,0,0,0,0,0,0,0,-371000,0,0,0,50000,421000,-371000,-371000
067751,臺股指元大01購15,0,0,0,0,0,0,0,0,0,-372000,0,0,0,0,372000,-372000,-372000
03185P,台積電元大01售49,0,0,0,0,0,0,0,0,0,-372000,0,0,0,974000,1346000,-372000,-372000
08078P,聯發科國票9B售04,0,0,0,0,0,0,0,0,0,-373000,0,0,0,30000,403000,-373000,-373000
9910,豐泰            ,557266,1049127,-491861,0,0,0,192000,0,192000,-74000,16000,90000,-74000,0,0,0,-373861
6177,達麗            ,65000,316000,-251000,0,0,0,0,0,0,-123000,0,0,0,1000,124000,-123000,-374000
067968,大立光群益01購10,0,0,0,0,0,0,0,0,0,-376000,0,0,0,48000,424000,-376000,-376000
069548,聯發科元大02購19,0,0,0,0,0,0,0,0,0,-377000,0,0,0,25000,402000,-377000,-377000
069519,鎧勝凱基02購02  ,0,0,0,0,0,0,0,0,0,-378000,0,0,0,8000,386000,-378000,-378000
064769,漢翔中信9C購01  ,0,0,0,0,0,0,0,0,0,-379000,0,0,0,0,379000,-379000,-379000
1789,神隆            ,846000,975000,-129000,0,0,0,0,0,0,-250000,0,5000,-5000,0,245000,-245000,-379000
07671P,超眾元大9A售04  ,0,0,0,0,0,0,0,0,0,-379000,0,0,0,0,379000,-379000,-379000
061949,大立光群益9B購03,0,0,0,0,0,0,0,0,0,-380000,0,0,0,0,380000,-380000,-380000
061398,力成中信9A購01  ,0,0,0,0,0,0,0,0,0,-380000,0,0,0,0,380000,-380000,-380000
064970,東元元大9C購01  ,0,0,0,0,0,0,0,0,0,-381000,0,0,0,0,381000,-381000,-381000
066622,南帝凱基01購01  ,0,0,0,0,0,0,0,0,0,-382000,0,0,0,46000,428000,-382000,-382000
1457,宜進            ,137000,527000,-390000,0,0,0,0,0,0,8000,15000,7000,8000,0,0,0,-382000
062783,大立光元大9C購03,0,0,0,0,0,0,0,0,0,-383000,0,0,0,52000,435000,-383000,-383000
8011,台通            ,99000,482000,-383000,0,0,0,0,0,0,0,0,0,0,0,0,0,-383000
069309,強茂凱基02購01  ,0,0,0,0,0,0,0,0,0,-385000,0,0,0,328000,713000,-385000,-385000
9914,美利達          ,1017000,1158000,-141000,0,0,0,0,162000,-162000,-82000,8000,79000,-71000,8000,19000,-11000,-385000
065377,群創元大02購02  ,0,0,0,0,0,0,0,0,0,-386000,0,0,0,14000,400000,-386000,-386000
060946,世紀鋼國票9A購02,0,0,0,0,0,0,0,0,0,-387000,0,0,0,0,387000,-387000,-387000
08860P,鴻海統一01售06  ,0,0,0,0,0,0,0,0,0,-387000,0,0,0,7000,394000,-387000,-387000
062693,中石化元大02購01,0,0,0,0,0,0,0,0,0,-388000,0,0,0,69000,457000,-388000,-388000
067439,巨大凱基02購02  ,0,0,0,0,0,0,0,0,0,-388000,0,0,0,5000,393000,-388000,-388000
062275,燿華群益9B購01  ,0,0,0,0,0,0,0,0,0,-389000,0,0,0,15000,404000,-389000,-389000
1522,堤維西          ,28000,412000,-384000,0,0,0,0,0,0,-5000,0,5000,-5000,0,0,0,-389000
058511,華新科元大9B購01,0,0,0,0,0,0,0,0,0,-390000,0,0,0,70000,460000,-390000,-390000
03221P,和大凱基02售03  ,0,0,0,0,0,0,0,0,0,-390000,0,0,0,20000,410000,-390000,-390000
03425B,臺股指元大9A熊01,0,0,0,0,0,0,0,0,0,-390000,0,0,0,14000,404000,-390000,-390000
03398P,瑞昱中信06售03  ,0,0,0,0,0,0,0,0,0,-390000,0,0,0,144000,534000,-390000,-390000
08447P,緯穎永豐9C售02  ,0,0,0,0,0,0,0,0,0,-390000,0,0,0,22000,412000,-390000,-390000
03462P,國巨統一02售07  ,0,0,0,0,0,0,0,0,0,-391000,0,0,0,14000,405000,-391000,-391000
07964P,大立光統一9B售12,0,0,0,0,0,0,0,0,0,-392000,0,0,0,8000,400000,-392000,-392000
068385,聯電統一03購03  ,0,0,0,0,0,0,0,0,0,-394000,0,0,0,81000,475000,-394000,-394000
08284P,鴻海凱基01售03  ,0,0,0,0,0,0,0,0,0,-395000,0,0,0,0,395000,-395000,-395000
03235P,宏達電元大02售02,0,0,0,0,0,0,0,0,0,-396000,0,0,0,150000,546000,-396000,-396000
059097,世紀鋼元大99購05,0,0,0,0,0,0,0,0,0,-396000,0,0,0,27000,423000,-396000,-396000
068135,S&P反1元大03購01,0,0,0,0,0,0,0,0,0,-400000,0,0,0,0,400000,-400000,-400000
065510,鴻海群益01購04  ,0,0,0,0,0,0,0,0,0,-400000,0,0,0,10000,410000,-400000,-400000
07509P,牧德國票9A售03  ,0,0,0,0,0,0,0,0,0,-400000,0,0,0,50000,450000,-400000,-400000
03343P,鴻海元富08售02  ,0,0,0,0,0,0,0,0,0,-402000,0,0,0,0,402000,-402000,-402000
3312,弘憶股          ,22000,414000,-392000,0,0,0,0,0,0,-10000,0,10000,-10000,0,0,0,-402000
03389P,台積電凱基03售12,0,0,0,0,0,0,0,0,0,-404000,0,0,0,0,404000,-404000,-404000
03197P,台積電統一01售14,0,0,0,0,0,0,0,0,0,-404000,0,0,0,0,404000,-404000,-404000
07839P,嘉澤元大9A售04  ,0,0,0,0,0,0,0,0,0,-404000,0,0,0,0,404000,-404000,-404000
068562,台積電元大03購02,0,0,0,0,0,0,0,0,0,-405000,0,0,0,2101000,2506000,-405000,-405000
06564P,國巨富邦9A售04  ,0,0,0,0,0,0,0,0,0,-405000,0,0,0,155000,560000,-405000,-405000
4746,台耀            ,1044000,1470000,-426000,0,0,0,0,0,0,21000,26000,5000,21000,0,0,0,-405000
3023,信邦            ,290000,602424,-312424,0,0,0,0,2000,-2000,-92000,0,43000,-43000,1000,50000,-49000,-406424
054976,上証2X元富9A購01,0,0,0,0,0,0,0,0,0,-407000,0,0,0,56000,463000,-407000,-407000
4564,元翎            ,177000,576000,-399000,0,0,0,0,0,0,-8000,0,3000,-3000,0,5000,-5000,-407000
07637P,國巨國票9A售08  ,0,0,0,0,0,0,0,0,0,-407000,0,0,0,41000,448000,-407000,-407000
069780,樺漢元大02購01  ,0,0,0,0,0,0,0,0,0,-408000,0,0,0,2000,410000,-408000,-408000
068411,世紀鋼元富07購01,0,0,0,0,0,0,0,0,0,-410000,0,0,0,474000,884000,-410000,-410000
064103,大立光群益9C購03,0,0,0,0,0,0,0,0,0,-412000,0,0,0,120000,532000,-412000,-412000
069796,精元凱基03購01  ,0,0,0,0,0,0,0,0,0,-414000,0,0,0,132000,546000,-414000,-414000
062568,緯穎中信9C購01  ,0,0,0,0,0,0,0,0,0,-414000,0,0,0,6000,420000,-414000,-414000
068917,臺股指群益02購03,0,0,0,0,0,0,0,0,0,-417000,0,0,0,20000,437000,-417000,-417000
08132P,南六元大9B售05  ,0,0,0,0,0,0,0,0,0,-417000,0,0,0,100000,517000,-417000,-417000
03487P,台積電第一02售01,0,0,0,0,0,0,0,0,0,-419000,0,0,0,60000,479000,-419000,-419000
060851,國巨國泰9C購01  ,0,0,0,0,0,0,0,0,0,-419000,0,0,0,127000,546000,-419000,-419000
06929P,鴻海元大99售11  ,0,0,0,0,0,0,0,0,0,-420000,0,0,0,4100000,4520000,-420000,-420000
068679,T50反1國泰03購02,0,0,0,0,0,0,0,0,0,-420000,0,0,0,20000,440000,-420000,-420000
063419,聯發科凱基03購01,0,0,0,0,0,0,0,0,0,-420000,0,0,0,104000,524000,-420000,-420000
07505P,台勝科元大9A售01,0,0,0,0,0,0,0,0,0,-420000,0,0,0,103000,523000,-420000,-420000
00738U,元大道瓊白銀    ,397000,416000,-19000,0,0,0,0,0,0,-401991,0,0,0,2886009,3288000,-401991,-420991
069292,台積電中信06購05,0,0,0,0,0,0,0,0,0,-421000,0,0,0,11000,432000,-421000,-421000
067466,元金2X元大03購01,5000,0,5000,0,0,0,0,0,0,-428000,0,0,0,391000,819000,-428000,-423000
03241P,聯電統一02售03  ,0,0,0,0,0,0,0,0,0,-425000,0,0,0,259000,684000,-425000,-425000
03085P,台積電元大01售34,0,0,0,0,0,0,0,0,0,-425000,0,0,0,1673000,2098000,-425000,-425000
067359,牧德群益01購02  ,0,0,0,0,0,0,0,0,0,-425000,0,0,0,75000,500000,-425000,-425000
03453B,臺股指元大02熊02,0,0,0,0,0,0,0,0,0,-426000,0,0,0,107000,533000,-426000,-426000
08992P,牧德元大01售02  ,0,0,0,0,0,0,0,0,0,-428000,0,0,0,247000,675000,-428000,-428000
6230,超眾            ,681000,743000,-62000,0,0,0,0,0,0,-366000,0,203000,-203000,15000,178000,-163000,-428000
03538P,景碩元富08售02  ,0,0,0,0,0,0,0,0,0,-429000,0,0,0,531000,960000,-429000,-429000
062300,T50反1中信03購02,0,0,0,0,0,0,0,0,0,-430000,0,0,0,0,430000,-430000,-430000
068228,聯發科元富07購08,0,0,0,0,0,0,0,0,0,-431000,0,0,0,328000,759000,-431000,-431000
1460,宏遠            ,55000,490000,-435000,0,0,0,0,0,0,0,0,0,0,0,0,0,-435000
2547,日勝生          ,142000,565000,-423000,0,0,0,0,0,0,-14000,0,14000,-14000,0,0,0,-437000
067861,聚陽元大01購04  ,0,0,0,0,0,0,0,0,0,-438000,0,0,0,47000,485000,-438000,-438000
03465P,欣興元富02售04  ,0,0,0,0,0,0,0,0,0,-438000,0,0,0,19000,457000,-438000,-438000
05793P,臺股指中信99售08,0,0,0,0,0,0,0,0,0,-439000,0,0,0,60000,499000,-439000,-439000
065319,鴻海凱基9C購03  ,0,0,0,0,0,0,0,0,0,-439000,0,0,0,107000,546000,-439000,-439000
067998,聯發科元大01購22,0,0,0,0,0,0,0,0,0,-440000,0,0,0,51000,491000,-440000,-440000
6176,瑞儀            ,1716000,1959000,-243000,0,0,0,106000,150000,-44000,-154000,98000,545000,-447000,424000,131000,293000,-441000
2486,一詮            ,242000,687000,-445000,0,0,0,0,0,0,3000,3000,0,3000,0,0,0,-442000
069394,臺股指元大03購09,0,0,0,0,0,0,0,0,0,-443000,0,0,0,0,443000,-443000,-443000
2536,宏普            ,153000,592000,-439000,0,0,0,0,0,0,-4000,0,4000,-4000,0,0,0,-443000
067854,力成國票02購01  ,0,0,0,0,0,0,0,0,0,-444000,0,0,0,0,444000,-444000,-444000
08773P,瑞昱凱基01售01  ,0,0,0,0,0,0,0,0,0,-444000,0,0,0,226000,670000,-444000,-444000
067180,為升凱基02購01  ,0,0,0,0,0,0,0,0,0,-445000,0,0,0,130000,575000,-445000,-445000
03148P,聯電群益03售04  ,0,0,0,0,0,0,0,0,0,-446000,0,0,0,142000,588000,-446000,-446000
6592,和潤企業        ,292000,720000,-428000,0,0,0,0,0,0,-18000,0,6000,-6000,0,12000,-12000,-446000
062761,嘉晶凱基9C購01  ,0,0,0,0,0,0,0,0,0,-447000,0,0,0,67000,514000,-447000,-447000
061080,華邦電兆豐9B購01,0,0,0,0,0,0,0,0,0,-447000,0,0,0,13000,460000,-447000,-447000
068831,台積電國泰06購01,0,0,0,0,0,0,0,0,0,-448000,0,0,0,3700000,4148000,-448000,-448000
068551,台灣50元大01購37,0,0,0,0,0,0,0,0,0,-448000,0,0,0,25000,473000,-448000,-448000
069081,國揚凱基03購01  ,0,0,0,0,0,0,0,0,0,-449000,0,0,0,75000,524000,-449000,-449000
07236P,台灣50國票99售05,0,0,0,0,0,0,0,0,0,-449000,0,0,0,0,449000,-449000,-449000
07265P,大立光元大99售16,0,0,0,0,0,0,0,0,0,-450000,0,0,0,0,450000,-450000,-450000
067846,大立光元富01購01,0,0,0,0,0,0,0,0,0,-450000,0,0,0,0,450000,-450000,-450000
062425,可成統一01購01  ,0,0,0,0,0,0,0,0,0,-450000,0,0,0,20000,470000,-450000,-450000
064798,道瓊反元大9C購04,0,0,0,0,0,0,0,0,0,-451000,0,0,0,0,451000,-451000,-451000
065960,道瓊反元大01購02,0,0,0,0,0,0,0,0,0,-451000,0,0,0,0,451000,-451000,-451000
2538,基泰            ,5000,441000,-436000,0,0,0,0,0,0,-15000,0,15000,-15000,0,0,0,-451000
5264,鎧勝-KY         ,4032295,5000000,-967705,0,0,0,0,0,0,516000,651000,2000,649000,33000,166000,-133000,-451705
065679,聯發科統一03購01,0,0,0,0,0,0,0,0,0,-453000,0,0,0,130000,583000,-453000,-453000
1515,力山            ,1472000,1692000,-220000,0,0,0,0,0,0,-234000,43000,25000,18000,30000,282000,-252000,-454000
068606,聯發科凱基01購26,0,0,0,0,0,0,0,0,0,-455000,0,0,0,56000,511000,-455000,-455000
2371,大同            ,496902,1027000,-530098,0,0,0,0,0,0,75000,175000,100000,75000,0,0,0,-455098
1417,嘉裕            ,41000,497000,-456000,0,0,0,0,0,0,0,0,0,0,0,0,0,-456000
068655,台積電元大02購08,0,0,0,0,0,0,0,0,0,-457000,0,0,0,761000,1218000,-457000,-457000
066281,眾達元大02購01  ,0,0,0,0,0,0,0,0,0,-457000,0,0,0,206000,663000,-457000,-457000
03432P,欣興元大02售10  ,0,0,0,0,0,0,0,0,0,-458000,0,0,0,190000,648000,-458000,-458000
063859,國巨國泰01購03  ,0,0,0,0,0,0,0,0,0,-458000,0,0,0,241000,699000,-458000,-458000
03376P,南電元大02售05  ,0,0,0,0,0,0,0,0,0,-459000,0,0,0,250000,709000,-459000,-459000
065269,貿聯元大9C購05  ,0,0,0,0,0,0,0,0,0,-460000,0,0,0,409000,869000,-460000,-460000
064721,國泰金統一02購01,0,0,0,0,0,0,0,0,0,-461000,0,0,0,43000,504000,-461000,-461000
065585,聯發科富邦03購02,0,0,0,0,0,0,0,0,0,-462000,0,0,0,2000,464000,-462000,-462000
07858P,旺宏永豐9A售03  ,0,0,0,0,0,0,0,0,0,-464000,0,0,0,70000,534000,-464000,-464000
08330P,聯發科統一9C售13,0,0,0,0,0,0,0,0,0,-464000,0,0,0,17000,481000,-464000,-464000
063746,上銀國票9C購01  ,0,0,0,0,0,0,0,0,0,-469000,0,0,0,36000,505000,-469000,-469000
1708,東鹼            ,4000,456000,-452000,0,0,0,0,0,0,-17000,0,17000,-17000,0,0,0,-469000
4904,遠傳            ,1026986,1529506,-502520,0,0,0,8000,0,8000,21000,48000,26000,22000,1000,2000,-1000,-473520
07782P,寶成凱基9A售02  ,0,0,0,0,0,0,0,0,0,-474000,0,0,0,6000,480000,-474000,-474000
068216,國巨台新01購01  ,0,0,0,0,0,0,0,0,0,-475000,0,0,0,495000,970000,-475000,-475000
3712,永崴投控        ,928000,1396000,-468000,0,0,0,0,0,0,-7000,0,7000,-7000,0,0,0,-475000
069298,欣興中信04購01  ,0,0,0,0,0,0,0,0,0,-477000,0,0,0,293000,770000,-477000,-477000
3008,大立光          ,453316,869200,-415884,0,0,0,1000,4000,-3000,-59000,4000,19000,-15000,11000,55000,-44000,-477884
060596,元黃金凱基9A購02,0,0,0,0,0,0,0,0,0,-480000,0,0,0,20000,500000,-480000,-480000
064755,南亞科凱基01購02,0,0,0,0,0,0,0,0,0,-480000,0,0,0,20000,500000,-480000,-480000
064497,可成元大01購02  ,0,0,0,0,0,0,0,0,0,-483000,0,0,0,117000,600000,-483000,-483000
067144,上銀統一02購01  ,0,0,0,0,0,0,0,0,0,-484000,0,0,0,82000,566000,-484000,-484000
065134,中石化凱基01購01,0,0,0,0,0,0,0,0,0,-488000,0,0,0,60000,548000,-488000,-488000
8499,鼎炫-KY         ,198000,699000,-501000,0,0,0,3000,0,3000,10000,33000,23000,10000,0,0,0,-488000
069007,可成兆豐03購01  ,0,0,0,0,0,0,0,0,0,-490000,0,0,0,947000,1437000,-490000,-490000
068238,臺指反元大04購09,0,0,0,0,0,0,0,0,0,-490000,0,0,0,2000,492000,-490000,-490000
1604,聲寶            ,425000,910000,-485000,0,0,0,0,0,0,-5000,0,5000,-5000,0,0,0,-490000
067528,聚陽群益01購01  ,0,0,0,0,0,0,0,0,0,-492000,0,0,0,10000,502000,-492000,-492000
07494P,葡萄王元大9A售03,0,0,0,0,0,0,0,0,0,-494000,0,0,0,10000,504000,-494000,-494000
08243P,祥碩凱基9C售02  ,0,0,0,0,0,0,0,0,0,-494000,0,0,0,367000,861000,-494000,-494000
08920P,臺股指凱基03售07,0,0,0,0,0,0,0,0,0,-494000,0,0,0,365000,859000,-494000,-494000
03364P,金像電元大02售05,0,0,0,0,0,0,0,0,0,-495000,0,0,0,745000,1240000,-495000,-495000
070057,玉晶光兆豐03購03,0,0,0,0,0,0,0,0,0,-496000,0,0,0,0,496000,-496000,-496000
063936,道瓊反元大9C購02,0,0,0,0,0,0,0,0,0,-496000,0,0,0,5000,501000,-496000,-496000
064782,健策群益9C購02  ,0,0,0,0,0,0,0,0,0,-497000,0,0,0,86000,583000,-497000,-497000
1504,東元            ,1532234,1481000,51234,0,0,0,1000,0,1000,-551000,8000,112000,-104000,94000,541000,-447000,-498766
060614,T50反1元大9A購06,0,0,0,0,0,0,0,0,0,-499000,0,0,0,0,499000,-499000,-499000
058599,T50反1元大99購05,0,0,0,0,0,0,0,0,0,-499000,0,0,0,0,499000,-499000,-499000
069926,臺股指凱基02購17,0,0,0,0,0,0,0,0,0,-500000,0,0,0,0,500000,-500000,-500000
067992,宏碁元大01購01  ,0,0,0,0,0,0,0,0,0,-500000,0,0,0,119000,619000,-500000,-500000
061071,復盛凱基9A購01  ,0,0,0,0,0,0,0,0,0,-500000,0,0,0,5000,505000,-500000,-500000
2534,宏盛            ,80000,565200,-485200,0,0,0,0,0,0,-16000,0,11000,-11000,0,5000,-5000,-501200
03193P,台積電國泰03售06,0,0,0,0,0,0,0,0,0,-502000,0,0,0,1895000,2397000,-502000,-502000
2314,台揚            ,649000,1147000,-498000,0,0,0,0,0,0,-4000,0,4000,-4000,0,0,0,-502000
054104,T50反1凱基9A購02,0,0,0,0,0,0,0,0,0,-504000,0,0,0,0,504000,-504000,-504000
2939,凱羿-KY         ,121000,623000,-502000,0,0,0,0,0,0,-2000,0,2000,-2000,0,0,0,-504000
08377P,臻鼎元富9C售02  ,0,0,0,0,0,0,0,0,0,-504000,0,0,0,51000,555000,-504000,-504000
08189P,超眾群益9B售04  ,0,0,0,0,0,0,0,0,0,-505000,0,0,0,0,505000,-505000,-505000
069311,大立光凱基04購01,0,0,0,0,0,0,0,0,0,-508000,0,0,0,0,508000,-508000,-508000
03080P,台灣50元大01售32,0,0,0,0,0,0,0,0,0,-508000,0,0,0,0,508000,-508000,-508000
063637,聯發科元大9C購02,0,0,0,0,0,0,0,0,0,-509000,0,0,0,130000,639000,-509000,-509000
061092,可成統一9C購02  ,0,0,0,0,0,0,0,0,0,-509000,0,0,0,0,509000,-509000,-509000
2607,榮運            ,238000,713000,-475000,0,0,0,0,0,0,-34000,0,34000,-34000,0,0,0,-509000
5519,隆大            ,199000,708000,-509000,0,0,0,0,0,0,0,0,0,0,0,0,0,-509000
066951,長榮航元大01購01,0,0,0,0,0,0,0,0,0,-511000,0,0,0,0,511000,-511000,-511000
062907,可成元大9C購03  ,0,0,0,0,0,0,0,0,0,-512000,0,0,0,113000,625000,-512000,-512000
066197,鴻海統一02購02  ,0,0,0,0,0,0,0,0,0,-515000,0,0,0,24000,539000,-515000,-515000
08924P,鴻海元富07售10  ,0,0,0,0,0,0,0,0,0,-517000,0,0,0,34000,551000,-517000,-517000
2478,大毅            ,977000,1405000,-428000,0,0,0,0,0,0,-90000,4000,0,4000,9000,103000,-94000,-518000
056604,鴻海富邦9A購01  ,0,0,0,0,0,0,0,0,0,-519000,0,0,0,0,519000,-519000,-519000
6213,聯茂            ,1147000,1422000,-275000,0,0,0,0,122960,-122960,-121850,29000,44850,-15850,3000,109000,-106000,-519810
2820,華票            ,45000,550000,-505000,0,0,0,1000,0,1000,-16000,0,16000,-16000,0,0,0,-520000
03423P,聯電統一02售07  ,0,0,0,0,0,0,0,0,0,-522000,0,0,0,10000,532000,-522000,-522000
059298,大立光元富9C購02,0,0,0,0,0,0,0,0,0,-522000,0,0,0,512000,1034000,-522000,-522000
068591,台積電元富07購13,0,0,0,0,0,0,0,0,0,-524000,0,0,0,24000,548000,-524000,-524000
058769,友達兆豐99購01  ,0,0,0,0,0,0,0,0,0,-530000,0,0,0,40000,570000,-530000,-530000
1723,中碳            ,36000,566000,-530000,0,0,0,0,0,0,0,0,0,0,0,0,0,-530000
03218P,聯電康和02售02  ,0,0,0,0,0,0,0,0,0,-531000,0,0,0,222000,753000,-531000,-531000
054546,玉晶光中信9B購01,0,0,0,0,0,0,0,0,0,-533000,0,0,0,494000,1027000,-533000,-533000
2484,希華            ,586000,1121000,-535000,0,0,0,0,0,0,0,0,0,0,0,0,0,-535000
069243,台積電凱基03購13,0,0,0,0,0,0,0,0,0,-536000,0,0,0,0,536000,-536000,-536000
067876,世紀鋼元大01購03,0,3000,-3000,0,0,0,0,0,0,-534000,0,0,0,33000,567000,-534000,-537000
067063,為升元大01購01  ,0,0,0,0,0,0,0,0,0,-537000,0,0,0,328000,865000,-537000,-537000
03329P,大立光群益02售06,0,0,0,0,0,0,0,0,0,-538000,0,0,0,45000,583000,-538000,-538000
061841,晶技凱基9C購01  ,0,0,0,0,0,0,0,0,0,-543000,0,0,0,7000,550000,-543000,-543000
069107,國巨兆豐03購02  ,0,0,0,0,0,0,0,0,0,-545000,0,0,0,0,545000,-545000,-545000
069143,強茂永豐02購01  ,0,0,0,0,0,0,0,0,0,-545000,0,0,0,28000,573000,-545000,-545000
07579P,聯茂元大9A售01  ,0,0,0,0,0,0,0,0,0,-547000,0,0,0,15000,562000,-547000,-547000
07229P,T50正2群益9A售01,0,0,0,0,0,0,0,0,0,-549000,0,0,0,0,549000,-549000,-549000
6202,盛群            ,539000,1057000,-518000,0,0,0,2000,0,2000,-34000,0,5000,-5000,1000,30000,-29000,-550000
2634,漢翔            ,528000,1015000,-487000,0,0,0,0,0,0,-66000,50000,52000,-2000,5000,69000,-64000,-553000
068663,臺股指元大02購08,0,0,0,0,0,0,0,0,0,-555000,0,0,0,0,555000,-555000,-555000
2501,國建            ,61000,616000,-555000,0,0,0,0,0,0,0,0,0,0,0,0,0,-555000
03521P,欣興元大02售16  ,0,0,0,0,0,0,0,0,0,-557000,0,0,0,10000,567000,-557000,-557000
2204,中華            ,327484,884000,-556516,0,0,0,0,0,0,-2000,0,2000,-2000,0,0,0,-558516
067370,南亞科統一03購03,0,0,0,0,0,0,0,0,0,-559000,0,0,0,2000,561000,-559000,-559000
3090,日電貿          ,228000,770000,-542000,0,0,0,0,0,0,-18000,0,3000,-3000,0,15000,-15000,-560000
08711P,鴻海元富07售04  ,0,0,0,0,0,0,0,0,0,-560000,0,0,0,0,560000,-560000,-560000
068853,華新科統一02購03,0,0,0,0,0,0,0,0,0,-561000,0,0,0,35000,596000,-561000,-561000
08631P,臺股指麥證9C售06,0,0,0,107000,668000,-561000,0,0,0,-561000,0,0,0,107000,668000,-561000,-561000
069856,聯發科永豐02購04,0,0,0,0,0,0,0,0,0,-567000,0,0,0,123000,690000,-567000,-567000
03334P,宏達電元大02售04,0,0,0,0,0,0,0,0,0,-569000,0,0,0,134000,703000,-569000,-569000
067575,道瓊反群益01購04,0,0,0,0,0,0,0,0,0,-572000,0,0,0,15000,587000,-572000,-572000
2485,兆赫            ,371000,893000,-522000,0,0,0,0,0,0,-53000,10000,63000,-53000,0,0,0,-575000
069164,聯發科元大03購01,0,0,0,0,0,0,0,0,0,-576000,0,0,0,0,576000,-576000,-576000
068288,長榮航群益01購02,0,0,0,0,0,0,0,0,0,-579000,0,0,0,0,579000,-579000,-579000
068166,鈺齊元大01購03  ,0,0,0,0,0,0,0,0,0,-581000,0,0,0,897000,1478000,-581000,-581000
03420P,牧德群益02售04  ,0,0,0,0,0,0,0,0,0,-583000,0,0,0,82000,665000,-583000,-583000
03186P,台積電元大01售50,0,0,0,0,0,0,0,0,0,-586000,0,0,0,996000,1582000,-586000,-586000
062747,立積永豐9B購01  ,0,0,0,0,0,0,0,0,0,-588000,0,0,0,89000,677000,-588000,-588000
065195,國巨元富06購01  ,0,0,0,0,0,0,0,0,0,-590000,0,0,0,10000,600000,-590000,-590000
08892P,台積電元大01售27,0,0,0,0,0,0,0,0,0,-591000,0,0,0,577000,1168000,-591000,-591000
065490,國巨國泰02購02  ,0,0,0,0,0,0,0,0,0,-594000,0,0,0,82000,676000,-594000,-594000
3038,全台            ,682000,1149000,-467000,0,0,0,0,0,0,-127000,21000,148000,-127000,0,0,0,-594000
03079P,台灣50元大01售31,0,0,0,0,0,0,0,0,0,-597000,0,0,0,1981000,2578000,-597000,-597000
2606,裕民            ,521000,1186000,-665000,0,0,0,0,0,0,68000,82000,14000,68000,0,0,0,-597000
060950,T50反1群益9A購03,0,0,0,0,0,0,0,0,0,-600000,0,0,0,0,600000,-600000,-600000
07713P,台郡元大9A售03  ,0,0,0,0,0,0,0,0,0,-601000,0,0,0,5000,606000,-601000,-601000
07578P,高鐵元大9A售02  ,0,0,0,0,0,0,0,0,0,-602000,0,0,0,0,602000,-602000,-602000
08101P,超眾群益9B售02  ,0,0,0,0,0,0,0,0,0,-602000,0,0,0,30000,632000,-602000,-602000
068874,精元凱基02購01  ,0,0,0,0,0,0,0,0,0,-603000,0,0,0,154000,757000,-603000,-603000
03184P,台積電元大01售48,0,0,0,0,0,0,0,0,0,-604000,0,0,0,804000,1408000,-604000,-604000
066244,臺指反元大04購01,0,0,0,0,0,0,0,0,0,-604000,0,0,0,411000,1015000,-604000,-604000
03662C,FBVIX凱基03牛01 ,0,0,0,0,0,0,0,0,0,-606000,0,0,0,160000,766000,-606000,-606000
061930,臺股指凱基9B購05,0,0,0,0,0,0,0,0,0,-606000,0,0,0,10000,616000,-606000,-606000
08526P,義隆元大9C售04  ,0,0,0,0,0,0,0,0,0,-606000,0,0,0,222000,828000,-606000,-606000
066696,臺指反群益01購02,0,0,0,0,0,0,0,0,0,-610000,0,0,0,30000,640000,-610000,-610000
065767,T50反1國票03購01,0,0,0,0,0,0,0,0,0,-610000,0,0,0,230000,840000,-610000,-610000
2436,偉詮電          ,776000,1383000,-607000,0,0,0,0,0,0,-4000,0,4000,-4000,0,0,0,-611000
067073,國揚元大01購02  ,0,0,0,0,0,0,0,0,0,-612000,0,0,0,232000,844000,-612000,-612000
5515,建國            ,59000,673000,-614000,0,0,0,0,0,0,0,0,0,0,0,0,0,-614000
068656,台積電元大02購09,0,0,0,0,0,0,0,0,0,-615000,0,0,0,60000,675000,-615000,-615000
066045,聯發科元大01購08,0,0,0,0,0,0,0,0,0,-617000,0,0,0,1072000,1689000,-617000,-617000
8039,台虹            ,1119000,1473000,-354000,0,0,0,0,0,0,-263000,68000,265000,-197000,7000,73000,-66000,-617000
068072,聯發科凱基01購18,0,0,0,0,0,0,0,0,0,-620000,0,0,0,73000,693000,-620000,-620000
2637,慧洋-KY         ,390000,973000,-583000,0,0,0,0,0,0,-37000,0,18000,-18000,6000,25000,-19000,-620000
064017,道瓊反元大9C購03,0,0,0,0,0,0,0,0,0,-621000,0,0,0,0,621000,-621000,-621000
068633,聯電凱基03購05  ,0,0,0,0,0,0,0,0,0,-622000,0,0,0,95000,717000,-622000,-622000
2362,藍天            ,95000,623000,-528000,0,0,0,0,0,0,-100000,0,73000,-73000,0,27000,-27000,-628000
067993,宏碁元大01購02  ,0,1000,-1000,0,0,0,0,0,0,-629000,0,0,0,171000,800000,-629000,-630000
2456,奇力新          ,2487000,2729000,-242000,0,0,0,0,0,0,-394000,240000,423000,-183000,11000,222000,-211000,-636000
1589,永冠-KY         ,1358000,1403000,-45000,0,0,0,164000,0,164000,-757000,52000,809000,-757000,0,0,0,-638000
067843,聯發科元富07購05,0,0,0,0,0,0,0,0,0,-639000,0,0,0,909000,1548000,-639000,-639000
1449,佳和            ,98000,738000,-640000,0,0,0,0,0,0,0,0,0,0,0,0,0,-640000
3708,上緯投控        ,701000,1726000,-1025000,0,0,0,510000,0,510000,-125000,214000,99000,115000,70000,310000,-240000,-640000
068060,聯發科中信04購01,0,0,0,0,0,0,0,0,0,-644000,0,0,0,47000,691000,-644000,-644000
2489,瑞軒            ,1366000,1983000,-617000,0,0,0,0,0,0,-28000,2000,30000,-28000,0,0,0,-645000
08971P,臺股指元大01售14,0,0,0,0,0,0,0,0,0,-646000,0,0,0,926000,1572000,-646000,-646000
068016,宏碁國票02購01  ,0,0,0,0,0,0,0,0,0,-649000,0,0,0,121000,770000,-649000,-649000
1434,福懋            ,664000,2541000,-1877000,0,0,0,0,0,0,1226000,1000,3000,-2000,1228000,0,1228000,-651000
068664,臺股指元大02購09,0,0,0,0,0,0,0,0,0,-653000,0,0,0,87000,740000,-653000,-653000
062426,大立光統一02購02,0,0,0,0,0,0,0,0,0,-654000,0,0,0,40000,694000,-654000,-654000
00693U,街口S&P黃豆     ,784000,27000,757000,0,0,0,0,0,0,-1413000,0,0,0,394000,1807000,-1413000,-656000
068046,台積電統一03購05,0,0,0,0,0,0,0,0,0,-657000,0,0,0,949000,1606000,-657000,-657000
6285,啟碁            ,709000,1497000,-788000,0,0,0,1000,0,1000,126000,175000,27000,148000,1000,23000,-22000,-661000
08689P,高股息中信01售01,0,0,0,0,0,0,0,0,0,-662000,0,0,0,5000,667000,-662000,-662000
068509,義隆台新01購01  ,0,0,0,0,0,0,0,0,0,-666000,0,0,0,13000,679000,-666000,-666000
068516,聯發科統一05購02,0,0,0,0,0,0,0,0,0,-666000,0,0,0,6000,672000,-666000,-666000
066046,聯發科元大01購09,0,0,0,0,0,0,0,0,0,-670000,0,0,0,377000,1047000,-670000,-670000
3019,亞光            ,675000,1229000,-554000,0,0,0,0,0,0,-119000,11000,46000,-35000,4000,88000,-84000,-673000
07590P,玉晶光國票9A售03,0,0,0,0,0,0,0,0,0,-674000,0,0,0,60000,734000,-674000,-674000
1201,味全            ,199000,874000,-675000,0,0,0,0,0,0,0,0,0,0,0,0,0,-675000
2404,漢唐            ,231000,1022000,-791000,0,0,0,6000,0,6000,108000,13000,29000,-16000,156000,32000,124000,-677000
03117P,南電康和01售03  ,0,0,0,0,0,0,0,0,0,-679000,0,0,0,576000,1255000,-679000,-679000
070000,國喬元大02購01  ,0,0,0,0,0,0,0,0,0,-681000,0,0,0,10000,691000,-681000,-681000
6669,緯穎            ,670110,1119908,-449798,0,0,0,0,151000,-151000,-83000,2000,3000,-1000,4000,86000,-82000,-683798
00683L,元大美元指數正2 ,0,0,0,0,0,0,0,0,0,-684000,0,0,0,10000,694000,-684000,-684000
4532,瑞智            ,100000,778000,-678000,0,0,0,0,0,0,-9000,0,9000,-9000,0,0,0,-687000
061844,T50反1國票9C購02,0,0,0,0,0,0,0,0,0,-696000,0,0,0,258000,954000,-696000,-696000
03281P,台積電凱基04售01,0,0,0,0,0,0,0,0,0,-697000,0,0,0,0,697000,-697000,-697000
06952P,大立光統一9A售03,0,0,0,0,0,0,0,0,0,-700000,0,0,0,91000,791000,-700000,-700000
03063P,臺股指凱基04售03,0,0,0,0,0,0,0,0,0,-700000,0,0,0,306000,1006000,-700000,-700000
03167P,友達元富07售02  ,0,0,0,0,0,0,0,0,0,-705000,0,0,0,63000,768000,-705000,-705000
03524P,奇鋐凱基03售01  ,0,0,0,0,0,0,0,0,0,-705000,0,0,0,109000,814000,-705000,-705000
03495P,南電康和02售02  ,0,0,0,0,0,0,0,0,0,-710000,0,0,0,96000,806000,-710000,-710000
061006,新光金兆豐9A購01,0,0,0,0,0,0,0,0,0,-710000,0,0,0,50000,760000,-710000,-710000
2338,光罩            ,1182000,1682000,-500000,0,0,0,0,0,0,-210000,0,34000,-34000,21000,197000,-176000,-710000
08068P,宏達電國泰9C售01,0,0,0,0,0,0,0,0,0,-712000,0,0,0,189000,901000,-712000,-712000
1217,愛之味          ,1143000,1855075,-712075,0,0,0,0,0,0,0,0,0,0,0,0,0,-712075
068234,T50反1元大01購07,0,0,0,0,0,0,0,0,0,-718000,0,0,0,190000,908000,-718000,-718000
069232,臺股指群益02購07,0,0,0,0,0,0,0,0,0,-723000,0,0,0,10000,733000,-723000,-723000
069933,奇鋐統一04購01  ,0,0,0,0,0,0,0,0,0,-724000,0,0,0,229000,953000,-724000,-724000
2383,台光電          ,1930000,2899873,-969873,0,0,0,551000,105000,446000,-203000,146000,297000,-151000,67000,119000,-52000,-726873
08391P,智邦凱基02售02  ,0,0,0,0,0,0,0,0,0,-727000,0,0,0,38000,765000,-727000,-727000
063824,S&P反1國票9C購01,0,0,0,0,0,0,0,0,0,-730000,0,0,0,0,730000,-730000,-730000
03696C,臺股指元大9B牛44,0,0,0,0,0,0,0,0,0,-733000,0,0,0,130000,863000,-733000,-733000
065404,玉晶光國泰02購03,0,0,0,0,0,0,0,0,0,-735000,0,0,0,1040000,1775000,-735000,-735000
08743P,群創凱基01售04  ,0,0,0,0,0,0,0,0,0,-739000,0,0,0,30000,769000,-739000,-739000
1736,喬山            ,604000,1218000,-614000,0,0,0,0,0,0,-126000,0,0,0,13000,139000,-126000,-740000
069737,強茂國泰04購01  ,0,0,0,0,0,0,0,0,0,-745000,0,0,0,681000,1426000,-745000,-745000
066123,華夏群益01購01  ,0,0,0,0,0,0,0,0,0,-750000,0,0,0,0,750000,-750000,-750000
3029,零壹            ,1489000,2237000,-748000,0,0,0,0,0,0,-2000,0,2000,-2000,0,0,0,-750000
03081P,華通元大01售06  ,0,0,0,0,0,0,0,0,0,-754000,0,0,0,130000,884000,-754000,-754000
069397,上銀統一04購01  ,0,0,0,0,0,0,0,0,0,-758000,0,0,0,28000,786000,-758000,-758000
00730,富邦臺灣優質高息,3000,3000,0,0,0,0,0,0,0,-759000,0,0,0,255000,1014000,-759000,-759000
4958,臻鼎-KY         ,3529600,3965201,-435601,0,0,0,420000,259000,161000,-493000,52000,472000,-420000,7000,80000,-73000,-767601
07840P,康控元大9A售02  ,0,0,0,0,0,0,0,0,0,-770000,0,0,0,157000,927000,-770000,-770000
05887P,友達元富99售03  ,0,0,0,0,0,0,0,0,0,-775000,0,0,0,150000,925000,-775000,-775000
03492P,創意元大02售03  ,0,0,0,0,0,0,0,0,0,-783000,0,0,0,71000,854000,-783000,-783000
062600,可成台新9B購01  ,0,0,0,0,0,0,0,0,0,-788000,0,0,0,415000,1203000,-788000,-788000
08467P,長榮航統一9C售01,0,0,0,0,0,0,0,0,0,-790000,0,0,0,1781000,2571000,-790000,-790000
059375,道瓊反群益9C購02,0,0,0,0,0,0,0,0,0,-792000,0,0,0,0,792000,-792000,-792000
08190P,宏達電元富9B售04,0,0,0,0,0,0,0,0,0,-797000,0,0,0,34000,831000,-797000,-797000
062383,大立光國泰01購01,0,0,0,0,0,0,0,0,0,-798000,0,0,0,282000,1080000,-798000,-798000
08118P,嘉澤元富9B售02  ,0,0,0,0,0,0,0,0,0,-799000,0,0,0,152000,951000,-799000,-799000
066374,臺股指中信04購01,0,0,0,0,0,0,0,0,0,-801000,0,0,0,429000,1230000,-801000,-801000
062215,華通統一9B購01  ,0,0,0,0,0,0,0,0,0,-804000,0,0,0,177000,981000,-804000,-804000
069691,台積電統一04購10,0,0,0,0,0,0,0,0,0,-806000,0,0,0,585000,1391000,-806000,-806000
061005,可成兆豐9A購01  ,0,0,0,0,0,0,0,0,0,-807000,0,0,0,51000,858000,-807000,-807000
2441,超豐            ,249000,1004000,-755000,0,0,0,0,0,0,-59000,1000,60000,-59000,0,0,0,-814000
067413,臺股指中信04購02,0,0,0,0,0,0,0,0,0,-817000,0,0,0,61000,878000,-817000,-817000
055902,同欣電中信99購01,0,0,0,0,0,0,0,0,0,-819000,0,0,0,51000,870000,-819000,-819000
08341P,國泰金台新9C售01,0,0,0,0,0,0,0,0,0,-827000,0,0,0,237000,1064000,-827000,-827000
066718,滬深2X元大01購05,0,0,0,0,0,0,0,0,0,-837000,0,0,0,161000,998000,-837000,-837000
068647,臺指反元大02購18,0,0,0,0,0,0,0,0,0,-841000,0,0,0,0,841000,-841000,-841000
066195,臺股指凱基03購04,0,0,0,0,0,0,0,0,0,-845000,0,0,0,104000,949000,-845000,-845000
020018,統一價值成長30N ,0,0,0,0,0,0,0,0,0,-848000,0,0,0,367000,1215000,-848000,-848000
020019,統一特選台灣5GN ,0,0,0,0,0,0,0,0,0,-851000,0,0,0,494000,1345000,-851000,-851000
068169,臺股指元大01購22,0,0,0,0,0,0,0,0,0,-853000,0,0,0,85000,938000,-853000,-853000
03330P,牧德群益02售03  ,0,0,0,0,0,0,0,0,0,-854000,0,0,0,86000,940000,-854000,-854000
066792,T50反1凱基01購03,0,0,0,0,0,0,0,0,0,-864000,0,0,0,313000,1177000,-864000,-864000
061960,國巨統一01購05  ,0,0,0,0,0,0,0,0,0,-865000,0,0,0,80000,945000,-865000,-865000
8070,長華*           ,939000,1829000,-890000,0,0,0,0,0,0,25000,25000,0,25000,0,0,0,-865000
067705,遠東新元富01購01,0,0,0,0,0,0,0,0,0,-866000,0,0,0,649000,1515000,-866000,-866000
00701,國泰股利精選30  ,55000,175000,-120000,0,0,0,0,0,0,-750000,0,0,0,463000,1213000,-750000,-870000
08521P,台達電元大9C售03,0,0,0,0,0,0,0,0,0,-887000,0,0,0,38000,925000,-887000,-887000
2355,敬鵬            ,176000,996000,-820000,0,0,0,0,0,0,-68000,2000,56000,-54000,2000,16000,-14000,-888000
064931,南六統一9C購05  ,0,0,0,0,0,0,0,0,0,-889000,0,0,0,370000,1259000,-889000,-889000
3052,夆典            ,457000,1345000,-888000,0,0,0,0,0,0,-1000,0,1000,-1000,0,0,0,-889000
5471,松翰            ,1127000,1987000,-860000,0,0,0,0,0,0,-30000,8000,0,8000,24000,62000,-38000,-890000
068227,聯發科元富07購07,0,0,0,0,0,0,0,0,0,-893000,0,0,0,714000,1607000,-893000,-893000
1447,力鵬            ,272000,1172000,-900000,0,0,0,0,0,0,0,0,0,0,0,0,0,-900000
07706P,長榮航元大9A售03,0,0,0,0,0,0,0,0,0,-900000,0,0,0,900000,1800000,-900000,-900000
068714,臺指反元大05購01,0,0,0,0,0,0,0,0,0,-910000,0,0,0,0,910000,-910000,-910000
2520,冠德            ,4505000,4650000,-145000,0,0,0,0,191000,-191000,-574000,492000,602000,-110000,2000,466000,-464000,-910000
912000,晨訊科-DR       ,19000,931000,-912000,0,0,0,0,0,0,0,0,0,0,0,0,0,-912000
1308,亞聚            ,445000,1321000,-876000,0,0,0,0,0,0,-36000,0,31000,-31000,25000,30000,-5000,-912000
03086P,台積電元大01售37,0,0,0,0,0,0,0,0,0,-918000,0,0,0,2247000,3165000,-918000,-918000
060212,華航康和9A購01  ,0,0,0,0,0,0,0,0,0,-919000,0,0,0,81000,1000000,-919000,-919000
2392,正崴            ,2750000,3032000,-282000,0,0,0,0,0,0,-642000,203000,488000,-285000,16000,373000,-357000,-924000
3056,總太            ,148000,994000,-846000,0,0,0,0,0,0,-79000,0,0,0,41000,120000,-79000,-925000
065010,國巨國泰01購04  ,0,0,0,0,0,0,0,0,0,-926000,0,0,0,478000,1404000,-926000,-926000
063992,大立光中信9C購03,30000,0,30000,0,0,0,0,0,0,-967000,0,0,0,1000,968000,-967000,-937000
2915,潤泰全          ,320000,1521000,-1201000,0,0,0,0,0,0,261000,0,21000,-21000,518000,236000,282000,-940000
00675L,富邦臺灣加權正2 ,216000,664000,-448000,0,0,0,0,0,0,-495000,0,0,0,400000,895000,-495000,-943000
03425P,台灣50元大03售04,0,0,0,0,0,0,0,0,0,-944000,0,0,0,15000,959000,-944000,-944000
068624,聯發科群益02購08,0,0,0,0,0,0,0,0,0,-948000,0,0,0,27000,975000,-948000,-948000
067700,緯創國票02購01  ,0,0,0,0,0,0,0,0,0,-948000,0,0,0,360000,1308000,-948000,-948000
067906,國揚國泰02購01  ,0,0,0,0,0,0,0,0,0,-949000,0,0,0,10000,959000,-949000,-949000
2912,統一超          ,282872,1240000,-957128,0,0,0,2000,0,2000,0,0,0,0,0,0,0,-955128
08677P,超眾群益01售02  ,0,0,0,0,0,0,0,0,0,-961000,0,0,0,15000,976000,-961000,-961000
1802,台玻            ,4852342,5774000,-921658,0,0,0,0,0,0,-40000,25000,65000,-40000,0,0,0,-961658
3036,文曄            ,670000,1528000,-858000,0,0,0,0,0,0,-106000,0,100000,-100000,1000,7000,-6000,-964000
08458P,南電元大9C售04  ,0,0,0,0,0,0,0,0,0,-978000,0,0,0,337000,1315000,-978000,-978000
1310,台苯            ,405000,1379000,-974000,0,0,0,0,0,0,-10000,0,8000,-8000,0,2000,-2000,-984000
070019,道瓊反國票02購01,0,0,0,0,0,0,0,0,0,-986000,0,0,0,0,986000,-986000,-986000
2542,興富發          ,454860,1380000,-925140,0,0,0,0,0,0,-61000,28000,68000,-40000,0,21000,-21000,-986140
6120,達運            ,360000,1313000,-953000,0,0,0,0,0,0,-34000,0,34000,-34000,0,0,0,-987000
3450,聯鈞            ,1545000,2006000,-461000,0,0,0,0,234000,-234000,-295000,0,55000,-55000,5000,245000,-240000,-990000
068039,鎧勝元富07購01  ,0,0,0,0,0,0,0,0,0,-994000,0,0,0,104000,1098000,-994000,-994000
053590,新光金元大9A購02,0,0,0,0,0,0,0,0,0,-998000,0,0,0,11000,1009000,-998000,-998000
2349,錸德            ,636000,1635000,-999000,0,0,0,0,0,0,1000,2000,1000,1000,0,0,0,-998000
8105,凌巨            ,244000,1226000,-982000,0,0,0,0,0,0,-27000,1000,28000,-27000,0,0,0,-1009000
068560,台積電元大01購51,0,0,0,0,0,0,0,0,0,-1011000,0,0,0,1632000,2643000,-1011000,-1011000
064982,新唐元大9C購01  ,0,0,0,0,0,0,0,0,0,-1016000,0,0,0,0,1016000,-1016000,-1016000
068833,大立光國泰04購01,0,0,0,0,0,0,0,0,0,-1019000,0,0,0,167000,1186000,-1019000,-1019000
03421P,健策群益02售04  ,0,0,0,0,0,0,0,0,0,-1021000,0,0,0,177000,1198000,-1021000,-1021000
03277P,聯發科中信04售03,20000,0,20000,0,0,0,0,0,0,-1048000,0,0,0,891000,1939000,-1048000,-1028000
03463P,宏碁元富08售02  ,0,0,0,0,0,0,0,0,0,-1030000,0,0,0,121000,1151000,-1030000,-1030000
3406,玉晶光          ,1600100,2472772,-872672,0,0,0,0,33000,-33000,-134000,222000,291000,-69000,63000,128000,-65000,-1039672
069381,強茂元大02購01  ,1000,3000,-2000,0,0,0,0,0,0,-1038000,0,0,0,207000,1245000,-1038000,-1040000
066280,眾達元大01購01  ,0,0,0,0,0,0,0,0,0,-1042000,0,0,0,160000,1202000,-1042000,-1042000
2340,光磊            ,1987000,3305000,-1318000,0,0,0,0,0,0,271000,500000,85000,415000,4000,148000,-144000,-1047000
1319,東陽            ,149000,960000,-811000,0,0,0,0,190000,-190000,-46000,6000,52000,-46000,0,0,0,-1047000
064335,可成元大9C購05  ,0,0,0,0,0,0,0,0,0,-1048000,0,0,0,0,1048000,-1048000,-1048000
063773,可成富邦9C購01  ,0,0,0,0,0,0,0,0,0,-1055000,0,0,0,230000,1285000,-1055000,-1055000
07913P,友達元大01售01  ,0,70000,-70000,0,0,0,0,0,0,-989000,0,0,0,71000,1060000,-989000,-1059000
07895P,美律元大9B售01  ,0,0,0,0,0,0,0,0,0,-1062000,0,0,0,3000,1065000,-1062000,-1062000
2332,友訊            ,3858000,3857000,1000,0,0,0,0,0,0,-1069000,0,269000,-269000,47000,847000,-800000,-1068000
8110,華東            ,163000,1258000,-1095000,0,0,0,0,0,0,26000,42000,16000,26000,0,0,0,-1069000
08732P,臺股指麥證01售04,0,0,0,72000,1148000,-1076000,0,0,0,-1076000,0,0,0,72000,1148000,-1076000,-1076000
062643,緯穎國票9B購01  ,0,0,0,0,0,0,0,0,0,-1080000,0,0,0,280000,1360000,-1080000,-1080000
08331P,義隆元富9C售02  ,0,0,0,0,0,0,0,0,0,-1080000,0,0,0,30000,1110000,-1080000,-1080000
08424P,群創元富9C售03  ,0,0,0,0,0,0,0,0,0,-1086000,0,0,0,0,1086000,-1086000,-1086000
6005,群益證          ,1863000,2962000,-1099000,0,0,0,1000,0,1000,0,0,0,0,0,0,0,-1098000
057544,鴻海凱基02購01  ,0,0,0,0,0,0,0,0,0,-1105000,0,0,0,35000,1140000,-1105000,-1105000
2889,國票金          ,1000573,2124000,-1123427,0,0,0,0,0,0,14000,70000,56000,14000,0,0,0,-1109427
069499,FBVIX國泰04購01 ,0,0,0,0,0,0,0,0,0,-1113000,0,0,0,0,1113000,-1113000,-1113000
08468P,台郡統一9C售02  ,0,0,0,0,0,0,0,0,0,-1122000,0,0,0,119000,1241000,-1122000,-1122000
2913,農林            ,223000,1322000,-1099000,0,0,0,0,0,0,-31000,8000,39000,-31000,0,0,0,-1130000
3062,建漢            ,311000,1441000,-1130000,0,0,0,0,0,0,-4000,1000,5000,-4000,0,0,0,-1134000
068087,臺股指凱基04購04,0,0,0,0,0,0,0,0,0,-1136000,0,0,0,149000,1285000,-1136000,-1136000
9907,統一實          ,488000,1603000,-1115000,0,0,0,0,0,0,-24000,0,24000,-24000,0,0,0,-1139000
050077,臺股指凱基99購02,0,0,0,0,0,0,0,0,0,-1153000,0,0,0,0,1153000,-1153000,-1153000
1218,泰山            ,249000,1312000,-1063000,0,0,0,0,0,0,-92000,0,0,0,0,92000,-92000,-1155000
2905,三商            ,172000,1318000,-1146000,0,0,0,0,0,0,-13000,0,13000,-13000,0,0,0,-1159000
2537,聯上發          ,267000,1428000,-1161000,0,0,0,0,0,0,0,0,0,0,0,0,0,-1161000
068670,台積電統一03購12,0,0,0,0,0,0,0,0,0,-1176000,0,0,0,589000,1765000,-1176000,-1176000
059033,元油2X群益9C購05,0,0,0,0,0,0,0,0,0,-1195000,0,0,0,0,1195000,-1195000,-1195000
067636,復盛永豐01購01  ,0,0,0,0,0,0,0,0,0,-1197000,0,0,0,0,1197000,-1197000,-1197000
068582,聯發科永豐01購04,0,0,0,0,0,0,0,0,0,-1203000,0,0,0,0,1203000,-1203000,-1203000
2492,華新科          ,2748808,3894000,-1145192,0,0,0,0,2000,-2000,-69000,127000,180000,-53000,253000,269000,-16000,-1216192
1795,美時            ,287000,1506000,-1219000,0,0,0,0,0,0,0,0,0,0,0,0,0,-1219000
2601,益航            ,376000,1569000,-1193000,0,0,0,0,0,0,-29000,0,29000,-29000,0,0,0,-1222000
06453P,群創元大9B售02  ,0,0,0,0,0,0,0,0,0,-1232000,0,0,0,12000,1244000,-1232000,-1232000
069414,欣興統一04購03  ,0,0,0,0,0,0,0,0,0,-1240000,0,0,0,266000,1506000,-1240000,-1240000
066099,大立光中信05購01,0,0,0,0,0,0,0,0,0,-1240000,0,0,0,143000,1383000,-1240000,-1240000
4968,立積            ,2881000,3789000,-908000,0,0,0,10000,300000,-290000,-50000,43000,100000,-57000,70000,63000,7000,-1248000
2023,燁輝            ,749000,1981000,-1232000,0,0,0,0,0,0,-28000,0,28000,-28000,0,0,0,-1260000
069486,強茂元大02購02  ,0,0,0,0,0,0,0,0,0,-1267000,0,0,0,546000,1813000,-1267000,-1267000
061173,T50反1凱基04購01,0,0,0,0,0,0,0,0,0,-1273000,0,0,0,129000,1402000,-1273000,-1273000
2897,王道銀行        ,86000,1361000,-1275000,0,0,0,0,0,0,-23000,0,23000,-23000,0,0,0,-1298000
006208,富邦台50        ,120250,119000,1250,0,0,0,0,0,0,-1318000,0,0,0,282000,1600000,-1318000,-1316750
03233P,台積電元大02售11,0,0,0,0,0,0,0,0,0,-1334000,0,0,0,702000,2036000,-1334000,-1334000
2208,台船            ,280000,1424000,-1144000,0,0,0,0,0,0,-200000,0,0,0,32000,232000,-200000,-1344000
1907,永豐餘          ,1432000,2770000,-1338000,0,0,0,0,0,0,-13000,0,27000,-27000,14000,0,14000,-1351000
2014,中鴻            ,289000,1560000,-1271000,0,0,0,0,0,0,-85000,0,85000,-85000,0,0,0,-1356000
6505,台塑化          ,731576,2119386,-1387810,0,0,0,10000,0,10000,-12000,77000,65000,12000,0,24000,-24000,-1389810
057412,臺股指群益99購06,0,0,0,0,0,0,0,0,0,-1409000,0,0,0,0,1409000,-1409000,-1409000
2328,廣宇            ,337000,1713000,-1376000,0,0,0,0,0,0,-33000,0,33000,-33000,0,0,0,-1409000
08264P,南電元大9C售02  ,0,0,0,0,0,0,0,0,0,-1410000,0,0,0,170000,1580000,-1410000,-1410000
08883P,台積電國票02售02,0,0,0,0,0,0,0,0,0,-1438000,0,0,0,331000,1769000,-1438000,-1438000
2104,國際中橡        ,375000,1665000,-1290000,0,0,0,0,0,0,-150000,0,0,0,0,150000,-150000,-1440000
065489,臺股指元大9C購31,0,0,0,0,0,0,0,0,0,-1445000,0,0,0,0,1445000,-1445000,-1445000
1710,東聯            ,640666,2020000,-1379334,0,0,0,0,0,0,-70000,0,70000,-70000,0,0,0,-1449334
2103,台橡            ,371000,1778000,-1407000,0,0,0,0,0,0,-56000,0,0,0,0,56000,-56000,-1463000
066876,大立光富邦05購01,0,0,0,0,0,0,0,0,0,-1504000,0,0,0,108000,1612000,-1504000,-1504000
08987P,臻鼎元富07售02  ,0,0,0,0,0,0,0,0,0,-1507000,0,0,0,35000,1542000,-1507000,-1507000
3702,大聯大          ,700780,2827000,-2126220,0,0,0,1000,0,1000,612000,29000,554000,-525000,1137000,0,1137000,-1513220
2354,鴻準            ,835490,2317000,-1481510,0,0,0,0,0,0,-38000,20000,60000,-40000,2000,0,2000,-1519510
1444,力麗            ,246000,860000,-614000,0,0,0,0,0,0,-908000,0,8000,-8000,0,900000,-900000,-1522000
2421,建準            ,3467000,4285000,-818000,0,0,0,0,0,0,-707000,1000,311000,-310000,38000,435000,-397000,-1525000
00655L,國泰中國A50正2  ,354000,364000,-10000,0,0,0,0,0,0,-1541000,0,20000,-20000,2067000,3588000,-1521000,-1551000
066642,臺股指凱基04購01,0,0,0,0,0,0,0,0,0,-1551000,0,0,0,421000,1972000,-1551000,-1551000
2511,太子            ,498000,2032000,-1534000,0,0,0,0,0,0,-26000,0,26000,-26000,0,0,0,-1560000
6271,同欣電          ,3255000,3100000,155000,0,0,0,0,1578000,-1578000,-148000,349000,398000,-49000,17000,116000,-99000,-1571000
00692,富邦公司治理    ,146000,111000,35000,0,0,0,0,0,0,-1675000,10000,0,10000,1844000,3529000,-1685000,-1640000
9103,美德醫療-DR     ,6000,327000,-321000,0,0,0,0,0,0,-1320000,0,0,0,0,1320000,-1320000,-1641000
1760,寶齡富錦        ,1069000,2633000,-1564000,0,0,0,0,0,0,-80000,0,80000,-80000,0,0,0,-1644000
2408,南亞科          ,7650918,10712000,-3061082,0,0,0,1505000,6000,1499000,-88000,92000,86000,6000,27000,121000,-94000,-1650082
00648R,元大S&P500反1   ,0,0,0,0,0,0,0,0,0,-1664000,0,0,0,442000,2106000,-1664000,-1664000
063057,祥碩統一03購01  ,15000,40000,-25000,0,0,0,0,0,0,-1640000,0,0,0,2256000,3896000,-1640000,-1665000
067619,臺股指凱基04購02,20000,0,20000,0,0,0,0,0,0,-1689000,0,0,0,292000,1981000,-1689000,-1669000
068923,鴻海國泰08購01  ,0,0,0,0,0,0,0,0,0,-1674000,0,0,0,11000,1685000,-1674000,-1674000
3704,合勤控          ,1689000,3352000,-1663000,0,0,0,0,0,0,-31000,1000,0,1000,0,32000,-32000,-1694000
2845,遠東銀          ,917000,2621000,-1704000,0,0,0,2000,0,2000,0,0,0,0,0,0,0,-1702000
1718,中纖            ,3337000,4643000,-1306000,0,0,0,0,0,0,-408000,104000,381000,-277000,0,131000,-131000,-1714000
5521,工信            ,1537000,3270000,-1733000,0,0,0,0,0,0,0,0,0,0,0,0,0,-1733000
060890,大立光統一01購01,0,10000,-10000,0,0,0,0,0,0,-1728000,0,0,0,861000,2589000,-1728000,-1738000
061619,大立光群益9B購01,0,0,0,0,0,0,0,0,0,-1746000,0,0,0,48000,1794000,-1746000,-1746000
1326,台化            ,1451449,3230123,-1778674,0,0,0,55000,0,55000,-37000,7000,37000,-30000,0,7000,-7000,-1760674
2841,台開            ,1214000,3013000,-1799000,0,0,0,0,0,0,0,0,0,0,0,0,0,-1799000
067281,T50反1國票01購05,0,0,0,0,0,0,0,0,0,-1812000,0,0,0,335000,2147000,-1812000,-1812000
2481,強茂            ,16883000,17825000,-942000,0,0,0,75000,508000,-433000,-440000,258000,1012000,-754000,849000,535000,314000,-1815000
069757,台積電兆豐04購01,0,0,0,0,0,0,0,0,0,-1829000,0,0,0,1204000,3033000,-1829000,-1829000
3016,嘉晶            ,594000,1740000,-1146000,0,0,0,200000,0,200000,-904000,4000,107000,-103000,5000,806000,-801000,-1850000
6278,台表科          ,2417000,2739680,-322680,0,0,0,265000,1294000,-1029000,-520000,87000,468000,-381000,11000,150000,-139000,-1871680
6153,嘉聯益          ,862000,2488000,-1626000,0,0,0,0,0,0,-274000,18000,44000,-26000,1000,249000,-248000,-1900000
3045,台灣大          ,196490,2047000,-1850510,0,0,0,9000,0,9000,-83000,54000,136000,-82000,0,1000,-1000,-1924510
03106P,T50反1元大01售06,0,0,0,0,0,0,0,0,0,-1929000,0,0,0,970000,2899000,-1929000,-1929000
6282,康舒            ,2062000,3571000,-1509000,0,0,0,0,0,0,-450000,86000,42000,44000,58000,552000,-494000,-1959000
08227P,T50反1元大9B售09,0,0,0,0,0,0,0,0,0,-1980000,0,0,0,0,1980000,-1980000,-1980000
2614,東森            ,704000,2731000,-2027000,0,0,0,0,0,0,-23000,0,0,0,0,23000,-23000,-2050000
2633,台灣高鐵        ,1673962,3413000,-1739038,0,0,0,9000,0,9000,-323000,11000,80000,-69000,9000,263000,-254000,-2053038
2855,統一證          ,1088000,3142000,-2054000,0,0,0,0,0,0,0,0,0,0,0,0,0,-2054000
8215,明基材          ,338000,2399000,-2061000,0,0,0,0,0,0,0,1000,1000,0,0,0,0,-2061000
3545,敦泰            ,1779000,3479000,-1700000,0,0,0,0,0,0,-382000,1000,0,1000,21000,404000,-383000,-2082000
6251,定穎            ,3365000,4610000,-1245000,0,0,0,0,0,0,-838000,162000,1000000,-838000,0,0,0,-2083000
8112,至上            ,382000,2482000,-2100000,0,0,0,5000,0,5000,-6000,0,6000,-6000,0,0,0,-2101000
8150,南茂            ,847000,2560000,-1713000,0,0,0,0,350000,-350000,-122000,0,0,0,15000,137000,-122000,-2185000
3049,和鑫            ,767000,2849000,-2082000,0,0,0,0,0,0,-121000,0,51000,-51000,0,70000,-70000,-2203000
2812,台中銀          ,1331000,5099000,-3768000,0,0,0,2000,0,2000,1562000,0,38000,-38000,1600000,0,1600000,-2204000
07995P,臺股指麥證9C售01,0,0,0,0,2206000,-2206000,0,0,0,-2206000,0,0,0,0,2206000,-2206000,-2206000
3380,明泰            ,1146000,3075000,-1929000,0,0,0,0,0,0,-317000,44000,164000,-120000,2000,199000,-197000,-2246000
6239,力成            ,2775740,4901000,-2125260,0,0,0,0,5000,-5000,-116000,10000,80000,-70000,23000,69000,-46000,-2246260
3682,亞太電          ,499690,2758000,-2258310,0,0,0,0,0,0,2000,3000,1000,2000,0,0,0,-2256310
067016,康控富邦04購01  ,0,0,0,0,0,0,0,0,0,-2369000,0,0,0,10000,2379000,-2369000,-2369000
2515,中工            ,1780000,3220000,-1440000,0,0,0,0,0,0,-973000,6000,162000,-156000,0,817000,-817000,-2413000
2363,矽統            ,6310000,8792000,-2482000,0,0,0,0,0,0,-10000,0,10000,-10000,0,0,0,-2492000
3006,晶豪科          ,1141000,3262000,-2121000,0,0,0,0,0,0,-374000,27000,156000,-129000,0,245000,-245000,-2495000
2329,華泰            ,429000,2905000,-2476000,0,0,0,0,0,0,-22000,0,22000,-22000,0,0,0,-2498000
3017,奇鋐            ,11299000,12218000,-919000,0,0,0,376000,731000,-355000,-1240000,249000,300000,-51000,266000,1455000,-1189000,-2514000
065315,玉晶光中信03購02,0,0,0,0,0,0,0,0,0,-2609000,0,0,0,1980000,4589000,-2609000,-2609000
9105,泰金寶-DR       ,1569000,4330000,-2761000,0,0,0,0,0,0,0,0,0,0,0,0,0,-2761000
056584,鴻海統一9B購01  ,0,0,0,0,0,0,0,0,0,-2795000,0,0,0,1022000,3817000,-2795000,-2795000
1598,岱宇            ,1061000,3913000,-2852000,0,0,0,99000,0,99000,-122000,110000,232000,-122000,0,0,0,-2875000
058928,國巨統一9C購01  ,0,0,0,0,0,0,0,0,0,-3020000,0,0,0,2081000,5101000,-3020000,-3020000
2498,宏達電          ,1219822,3324000,-2104178,0,0,0,0,0,0,-927000,82000,209000,-127000,22000,822000,-800000,-3031178
2867,三商壽          ,406000,3521202,-3115202,0,0,0,2000,0,2000,-1000,0,1000,-1000,0,0,0,-3114202
2401,凌陽            ,1059000,4046000,-2987000,0,0,0,0,0,0,-156000,22000,178000,-156000,0,0,0,-3143000
2312,金寶            ,535000,3600000,-3065000,0,0,0,0,0,0,-85000,2000,51000,-49000,4000,40000,-36000,-3150000
3706,神達            ,871000,3972000,-3101000,0,0,0,1000,0,1000,-131000,1000,81000,-80000,30000,81000,-51000,-3231000
1301,台塑            ,1214300,4405216,-3190916,0,0,0,57000,0,57000,-142000,0,106000,-106000,0,36000,-36000,-3275916
2323,中環            ,1409000,4102000,-2693000,0,0,0,0,0,0,-604000,146000,132000,14000,66000,684000,-618000,-3297000
2027,大成鋼          ,1302100,4679000,-3376900,0,0,0,0,0,0,-78000,56000,156000,-100000,88000,66000,22000,-3454900
1303,南亞            ,1965867,5386000,-3420133,0,0,0,27000,0,27000,-99000,2000,118000,-116000,22000,5000,17000,-3492133
5469,瀚宇博          ,3339000,6353995,-3014995,0,0,0,0,0,0,-518000,770000,1026000,-256000,37000,299000,-262000,-3532995
5876,上海商銀        ,1289272,4898606,-3609334,0,0,0,13000,0,13000,33000,9000,17000,-8000,41000,0,41000,-3563334
065055,臺股指凱基02購04,0,0,0,0,0,0,0,0,0,-3566000,0,0,0,100000,3666000,-3566000,-3566000
1440,南紡            ,421937,3969000,-3547063,0,0,0,0,0,0,-21000,0,15000,-15000,0,6000,-6000,-3568063
054040,中石化元大9C購01,0,0,0,0,0,0,0,0,0,-3644000,0,0,0,551000,4195000,-3644000,-3644000
2474,可成            ,5405376,10933236,-5527860,0,0,0,1611000,24000,1587000,160000,135000,4000,131000,117000,88000,29000,-3780860
1402,遠東新          ,3703984,5633202,-1929218,0,0,0,18000,0,18000,-1919000,106000,1969000,-1863000,109000,165000,-56000,-3830218
068536,聯發科中信04購02,0,0,0,0,0,0,0,0,0,-3846000,0,0,0,1582000,5428000,-3846000,-3846000
00633L,富邦上証正2     ,1686000,4533000,-2847000,0,0,0,0,0,0,-1093000,0,52000,-52000,4454000,5495000,-1041000,-3940000
00631L,元大台灣50正2   ,1124000,2275000,-1151000,0,0,0,0,0,0,-2839000,26000,4000,22000,2471000,5332000,-2861000,-3990000
00850,元大臺灣ESG永續 ,3000,1466000,-1463000,0,0,0,0,0,0,-2595000,0,0,0,3156000,5751000,-2595000,-4058000
00635U,元大S&P黃金     ,48000,124000,-76000,0,0,0,0,0,0,-4034000,0,0,0,81000,4115000,-4034000,-4110000
4960,誠美材          ,2673000,6976000,-4303000,0,0,0,0,0,0,-4000,5000,9000,-4000,0,0,0,-4307000
2356,英業達          ,5138424,11217000,-6078576,0,0,0,2000,0,2000,1529000,12000,122000,-110000,1987000,348000,1639000,-4547576
1909,榮成            ,917000,5470000,-4553000,0,0,0,0,0,0,-74000,10000,84000,-74000,0,0,0,-4627000
3711,日月光投控      ,9967806,14158500,-4190694,0,0,0,16000,25000,-9000,-451000,251000,125000,126000,49000,626000,-577000,-4650694
2801,彰銀            ,2146612,6714000,-4567388,0,0,0,32000,0,32000,-190000,0,190000,-190000,0,0,0,-4725388
2884,玉山金          ,13563356,18408881,-4845525,0,0,0,55000,0,55000,-48000,212000,194000,18000,0,66000,-66000,-4838525
00669R,國泰美國道瓊反1 ,0,1117000,-1117000,0,0,0,0,0,0,-4036000,0,0,0,1660000,5696000,-4036000,-5153000
2379,瑞昱            ,2104480,7238799,-5134319,0,0,0,0,79000,-79000,-240000,20000,196000,-176000,7000,71000,-64000,-5453319
2823,中壽            ,4216524,10080000,-5863476,0,0,0,13000,0,13000,196000,36000,44000,-8000,415000,211000,204000,-5654476
0050,元大台灣50      ,802160,2337000,-1534840,0,0,0,80000,0,80000,-4301000,10000,654000,-644000,2831000,6488000,-3657000,-5755840
2618,長榮航          ,3202072,8692133,-5490061,0,0,0,2000,0,2000,-499000,34000,484000,-450000,329000,378000,-49000,-5987061
2887,台新金          ,7222018,13720394,-6498376,0,0,0,47000,0,47000,429000,22000,84000,-62000,499000,8000,491000,-6022376
2610,華航            ,4463194,11984000,-7520806,0,0,0,2300000,0,2300000,-897000,1000,1213000,-1212000,320000,5000,315000,-6117806
00708L,元大S&P黃金正2  ,128000,346000,-218000,0,0,0,0,0,0,-6251000,0,10000,-10000,1741000,7982000,-6241000,-6469000
2882,國泰金          ,6633378,13209814,-6576436,0,0,0,41000,0,41000,-210000,0,211000,-211000,187000,186000,1000,-6745436
00671R,富邦NASDAQ反1   ,0,142000,-142000,0,0,0,0,0,0,-6805000,0,0,0,2589000,9394000,-6805000,-6947000
9945,潤泰新          ,1508020,7487500,-5979480,0,0,0,0,0,0,-1170000,65000,731000,-666000,4000,508000,-504000,-7149480
1216,統一            ,38691398,46358100,-7666702,0,0,0,22000,0,22000,-91000,0,31000,-31000,0,60000,-60000,-7735702
5880,合庫金          ,4932132,13841000,-8908868,0,0,0,99000,0,99000,-126000,1000,127000,-126000,0,0,0,-8935868
2890,永豐金          ,2278514,11135000,-8856486,0,0,0,48000,0,48000,-248000,0,246000,-246000,2000,4000,-2000,-9056486
2330,台積電          ,28242876,35290814,-7047938,0,0,0,189000,783000,-594000,-1647000,455000,1080000,-625000,986000,2008000,-1022000,-9288938
9904,寶成            ,2119400,11128803,-9009403,0,0,0,1000,0,1000,-343000,4000,184000,-180000,8000,171000,-163000,-9351403
2344,華邦電          ,8753090,17245000,-8491910,0,0,0,0,0,0,-895000,142000,902000,-760000,95000,230000,-135000,-9386910
2317,鴻海            ,18970941,28155600,-9184659,0,0,0,50000,11000,39000,-2232000,107000,177000,-70000,965000,3127000,-2162000,-11377659
2885,元大金          ,23354888,33230932,-9876044,0,0,0,53000,0,53000,-1590000,209000,1221000,-1012000,0,578000,-578000,-11413044
2834,臺企銀          ,4677120,16200000,-11522880,0,0,0,3000,0,3000,-93000,12000,97000,-85000,0,8000,-8000,-11612880
2881,富邦金          ,5511182,16657000,-11145818,0,0,0,35000,0,35000,-659000,0,188000,-188000,35000,506000,-471000,-11769818
2002,中鋼            ,2239636,13933000,-11693364,0,0,0,59000,0,59000,-177000,42000,213000,-171000,0,6000,-6000,-11811364
2880,華南金          ,1743751,13935000,-12191249,0,0,0,36000,0,36000,-306000,2000,307000,-305000,0,1000,-1000,-12461249
2888,新光金          ,3186926,16691000,-13504074,0,0,0,55000,0,55000,277000,628000,391000,237000,1194000,1154000,40000,-13172074
3037,欣興            ,17305660,26465581,-9159921,0,0,0,190000,5259000,-5069000,-1301000,1419000,2040000,-621000,165000,845000,-680000,-15529921
2886,兆豐金          ,3486760,18307000,-14820240,0,0,0,52000,0,52000,-1092000,15000,2156000,-2141000,1111000,62000,1049000,-15860240
6116,彩晶            ,15440000,27726000,-12286000,0,0,0,0,0,0,-4135000,1825000,1874000,-49000,1268000,5354000,-4086000,-16421000
2892,第一金          ,2856776,22802947,-19946171,0,0,0,49000,0,49000,-129000,2000,131000,-129000,0,0,0,-20026171
2883,開發金          ,3623696,33724000,-30100304,0,0,0,64000,0,64000,-410000,8000,216000,-208000,0,202000,-202000,-30446304
00637L,元大滬深300正2  ,6722000,21554000,-14832000,0,0,0,0,0,0,-16819000,0,170000,-170000,20780000,37429000,-16649000,-31651000
2891,中信金          ,8467876,41808700,-33340824,0,0,0,85000,2200000,-2115000,-190000,0,129000,-129000,0,61000,-61000,-35645824
3481,群創            ,35714280,62728000,-27013720,0,0,0,0,0,0,-8712000,1569000,3578000,-2009000,993000,7696000,-6703000,-35725720
0056,元大高股息      ,411100,387000,24100,0,0,0,0,0,0,-40841000,38000,30000,8000,147000,40996000,-40849000,-40816900
2409,友達            ,27043482,85317020,-58273538,0,0,0,400000,4968000,-4568000,-6096000,404000,1146000,-742000,512000,5866000,-5354000,-68937538
00878,國泰永續高股息  ,153000,48840000,-48687000,0,0,0,0,0,0,-65988000,0,0,0,170000,66158000,-65988000,-114675000
00677U,富邦VIX         ,45610000,110197000,-64587000,0,0,0,0,0,0,-72698000,0,2400000,-2400000,3374000,73672000,-70298000,-137285000
00632R,元大台灣50反1   ,41965000,44420000,-2455000,0,0,0,3159000,0,3159000,-236176000,24547000,9314000,15233000,49149000,300558000,-251409000,-235472000
