證券代號,證券名稱,外陸資買進股數(不含外資自營商),外陸資賣出股數(不含外資自營商),外陸資買賣超股數(不含外資自營商),外資自營商買進股數,外資自營商賣出股數,外資自營商買賣超股數,投信買進股數,投信賣出股數,投信買賣超股數,自營商買賣超股數,自營商買進股數(自行買賣),自營商賣出股數(自行買賣),自營商買賣超股數(自行買賣),自營商買進股數(避險),自營商賣出股數(避險),自營商買賣超股數(避險),三大法人買賣超股數
00632R,元大台灣50反1   ,2494000,7222000,-4728000,0,0,0,0,0,0,37857000,7400000,2819000,4581000,44360000,11084000,33276000,33129000
00852L,國泰美國道瓊正2 ,6531000,9000,6522000,0,0,0,0,0,0,9282000,0,0,0,12226000,2944000,9282000,15804000
2454,聯發科          ,14790988,7011562,7779426,0,0,0,1834000,11000,1823000,675000,512000,147000,365000,407000,97000,310000,10277426
2382,廣達            ,10167000,1769000,8398000,0,0,0,0,2000,-2000,272000,79000,2000,77000,228000,33000,195000,8668000
00637L,元大滬深300正2  ,11954000,4361000,7593000,0,0,0,20000,0,20000,-161000,0,0,0,21775000,21936000,-161000,7452000
051277,聯發科中信9A購01,0,0,0,0,0,0,0,0,0,5855000,0,0,0,5855000,0,5855000,5855000
2201,裕隆            ,3177000,865000,2312000,0,0,0,3000000,0,3000000,272000,27000,0,27000,245000,0,245000,5584000
052644,聯發科永豐96購01,0,0,0,0,0,0,0,0,0,5017000,0,0,0,5017000,0,5017000,5017000
2603,長榮            ,4977000,2861000,2116000,0,0,0,0,0,0,2717000,2717000,0,2717000,0,0,0,4833000
2412,中華電          ,6109027,2235800,3873227,0,0,0,253000,0,253000,22000,37000,11000,26000,0,4000,-4000,4148227
2356,英業達          ,8285000,5912407,2372593,0,0,0,369000,0,369000,940000,70000,4000,66000,891000,17000,874000,3681593
2376,技嘉            ,4967000,4222000,745000,0,0,0,3374000,0,3374000,-455000,91000,187000,-96000,243000,602000,-359000,3664000
1402,遠東新          ,6094000,2892000,3202000,0,0,0,2000,0,2000,332000,115000,17000,98000,234000,0,234000,3536000
2504,國產            ,2937000,1248000,1689000,0,0,0,592000,0,592000,1144000,419000,0,419000,836000,111000,725000,3425000
6505,台塑化          ,4391000,1847306,2543694,0,0,0,485000,0,485000,148000,158000,10000,148000,0,0,0,3176694
2347,聯強            ,4048000,1579317,2468683,0,0,0,500000,0,500000,140000,6000,18000,-12000,152000,0,152000,3108683
2421,建準            ,2294000,438000,1856000,0,0,0,526000,0,526000,708000,107000,81000,26000,757000,75000,682000,3090000
1904,正隆            ,2654000,466000,2188000,0,0,0,650000,0,650000,182000,100000,44000,56000,293000,167000,126000,3020000
4142,國光生          ,4478000,3581000,897000,0,0,0,1895000,0,1895000,3000,3000,0,3000,0,0,0,2795000
2614,東森            ,3568000,1146000,2422000,0,0,0,0,0,0,9000,9000,0,9000,0,0,0,2431000
2345,智邦            ,4876000,3127000,1749000,0,0,0,194000,0,194000,434000,300000,142000,158000,331000,55000,276000,2377000
00633L,富邦上証正2     ,1790000,542000,1248000,0,0,0,0,0,0,900000,0,0,0,3467000,2567000,900000,2148000
2363,矽統            ,3345000,1381000,1964000,0,0,0,0,0,0,5000,5000,0,5000,0,0,0,1969000
2887,台新金          ,6662000,4760000,1902000,0,0,0,0,0,0,34000,33000,1000,32000,2000,0,2000,1936000
052550,鴻海國票97購02  ,0,0,0,0,0,0,0,0,0,1823000,0,0,0,1823000,0,1823000,1823000
9921,巨大            ,3383000,1834000,1549000,0,0,0,99000,0,99000,132000,126000,17000,109000,50000,27000,23000,1780000
1301,台塑            ,4445110,3659000,786110,0,0,0,796000,0,796000,147000,97000,5000,92000,55000,0,55000,1729110
1717,長興            ,1919000,494000,1425000,0,0,0,0,0,0,221000,221000,0,221000,0,0,0,1646000
8926,台汽電          ,1771000,350000,1421000,0,0,0,0,0,0,112000,11000,0,11000,104000,3000,101000,1533000
1701,中化            ,1631000,125000,1506000,0,0,0,0,0,0,6000,6000,0,6000,0,0,0,1512000
1736,喬山            ,1662000,285000,1377000,0,0,0,0,0,0,134000,3000,72000,-69000,203000,0,203000,1511000
062487,中興電永豐9B購01,0,0,0,0,0,0,0,0,0,1419000,0,0,0,1493000,74000,1419000,1419000
06950P,鴻海統一9B售02  ,0,0,0,0,0,0,0,0,0,1408000,0,0,0,1443000,35000,1408000,1408000
1789,神隆            ,1727000,474000,1253000,0,0,0,0,0,0,122000,11000,0,11000,134000,23000,111000,1375000
1714,和桐            ,1390000,75000,1315000,0,0,0,0,0,0,15000,15000,0,15000,0,0,0,1330000
2377,微星            ,2025000,1254000,771000,0,0,0,452000,0,452000,80000,105000,47000,58000,82000,60000,22000,1303000
07363P,大立光元大99售26,0,0,0,0,0,0,0,0,0,1263000,0,0,0,1351000,88000,1263000,1263000
2881,富邦金          ,4420000,3315800,1104200,0,0,0,0,0,0,158000,39000,10000,29000,132000,3000,129000,1262200
1101,台泥            ,4934013,4073681,860332,0,0,0,57000,0,57000,335000,99000,4000,95000,247000,7000,240000,1252332
061540,台積電群益9A購07,0,0,0,0,0,0,0,0,0,1223000,0,0,0,1549000,326000,1223000,1223000
055296,康舒元大97購02  ,0,0,0,0,0,0,0,0,0,1220000,0,0,0,1220000,0,1220000,1220000
07619P,鴻海統一9A售03  ,0,0,0,0,0,0,0,0,0,1197000,0,0,0,1592000,395000,1197000,1197000
058188,華擎永豐99購01  ,0,0,0,0,0,0,0,0,0,1173000,0,0,0,1180000,7000,1173000,1173000
058733,同欣電永豐99購02,0,0,0,0,0,0,0,0,0,1173000,0,0,0,1362000,189000,1173000,1173000
07281P,鴻海凱基99售13  ,0,0,0,0,0,0,0,0,0,1156000,0,0,0,1198000,42000,1156000,1156000
054690,新興永豐97購01  ,0,0,0,0,0,0,0,0,0,1110000,0,0,0,1110000,0,1110000,1110000
00655L,國泰中國A50正2  ,46000,109000,-63000,0,0,0,0,0,0,1169000,0,0,0,2349000,1180000,1169000,1106000
9105,泰金寶-DR       ,1795000,689000,1106000,0,0,0,0,0,0,0,0,0,0,0,0,0,1106000
061607,台表科凱基9B購02,0,0,0,0,0,0,0,0,0,1099000,0,0,0,1503000,404000,1099000,1099000
8996,高力            ,1047000,366000,681000,0,0,0,360000,0,360000,54000,54000,0,54000,0,0,0,1095000
052986,聯發科元大97購05,0,0,0,0,0,0,0,0,0,1084000,0,0,0,1592000,508000,1084000,1084000
1609,大亞            ,1351000,292000,1059000,0,0,0,0,0,0,7000,7000,0,7000,0,0,0,1066000
9914,美利達          ,1110000,280000,830000,0,0,0,300000,255000,45000,185000,187000,2000,185000,0,0,0,1060000
051381,玉晶光群益98購01,0,0,0,0,0,0,0,0,0,1042000,0,0,0,1064000,22000,1042000,1042000
00861,元大全球未來通訊,2000,118000,-116000,0,0,0,0,0,0,1146000,0,0,0,1146000,0,1146000,1030000
062389,台表科國泰01購01,0,0,0,0,0,0,0,0,0,1027000,0,0,0,1373000,346000,1027000,1027000
03555P,聯電元大02售24  ,0,0,0,0,0,0,0,0,0,1008000,0,0,0,1008000,0,1008000,1008000
060611,同欣電凱基9A購02,0,0,0,0,0,0,0,0,0,1004000,0,0,0,1090000,86000,1004000,1004000
07779P,鴻海凱基9B售04  ,0,0,0,0,0,0,0,0,0,1003000,0,0,0,1003000,0,1003000,1003000
060776,世芯凱基9B購01  ,1000,0,1000,0,0,0,0,0,0,999000,0,0,0,1174000,175000,999000,1000000
9904,寶成            ,2439000,1593210,845790,0,0,0,0,0,0,145000,61000,0,61000,84000,0,84000,990790
3023,信邦            ,1380869,755803,625066,0,0,0,200000,0,200000,152000,19000,20000,-1000,153000,0,153000,977066
06852P,臺股指元大98售11,0,0,0,0,0,0,0,0,0,965000,0,0,0,1323000,358000,965000,965000
020012,富邦行動通訊N   ,0,0,0,0,0,0,0,0,0,951000,0,0,0,1041000,90000,951000,951000
1905,華紙            ,972000,55901,916099,0,0,0,0,0,0,26000,26000,0,26000,0,0,0,942099
07920P,大立光中信01售01,0,0,0,0,0,0,0,0,0,933000,0,0,0,933000,0,933000,933000
1217,愛之味          ,998000,73000,925000,0,0,0,0,0,0,0,0,0,0,0,0,0,925000
1907,永豐餘          ,1042000,172000,870000,0,0,0,0,0,0,53000,53000,0,53000,0,0,0,923000
07342P,大立光凱基99售14,0,0,0,0,0,0,0,0,0,921000,0,0,0,1094000,173000,921000,921000
056626,同欣電永豐98購01,0,0,0,0,0,0,0,0,0,912000,0,0,0,912000,0,912000,912000
2313,華通            ,13103000,9040000,4063000,0,0,0,3464000,2506000,958000,-4111095,452000,3787000,-3335000,250000,1026095,-776095,909905
062362,致茂元大9B購01  ,0,0,0,0,0,0,0,0,0,900000,0,0,0,900000,0,900000,900000
058200,世芯康和99購01  ,0,0,0,0,0,0,0,0,0,894000,0,0,0,2777000,1883000,894000,894000
00664R,國泰臺灣加權反1 ,1000,0,1000,0,0,0,0,0,0,891000,0,0,0,2245000,1354000,891000,892000
07366P,國巨康和99售02  ,0,0,0,0,0,0,0,0,0,883000,0,0,0,1370000,487000,883000,883000
1477,聚陽            ,1121000,554000,567000,0,0,0,25000,0,25000,290000,326000,28000,298000,12000,20000,-8000,882000
053294,聯發科中信9C購01,0,0,0,0,0,0,0,0,0,873000,0,0,0,980000,107000,873000,873000
3056,總太            ,841000,101000,740000,0,0,0,0,0,0,127000,129000,2000,127000,0,0,0,867000
3698,隆達            ,1122000,479000,643000,0,0,0,0,0,0,213000,201000,26000,175000,38000,0,38000,856000
07680P,鴻海凱基9A售24  ,0,0,0,0,0,0,0,0,0,842000,0,0,0,998000,156000,842000,842000
2417,圓剛            ,875000,59000,816000,0,0,0,0,0,0,2000,2000,0,2000,0,0,0,818000
054015,晶豪科永豐96購03,0,0,0,0,0,0,0,0,0,817000,0,0,0,908000,91000,817000,817000
051915,日月光元大96購01,0,0,0,0,0,0,0,0,0,813000,0,0,0,813000,0,813000,813000
3380,明泰            ,1046000,271000,775000,0,0,0,0,0,0,30000,22000,2000,20000,62000,52000,10000,805000
059100,元油2X統一9C購02,0,0,0,0,0,0,0,0,0,799000,0,0,0,822000,23000,799000,799000
054727,台積電日盛97購02,0,0,0,0,0,0,0,0,0,792000,0,0,0,792000,0,792000,792000
07344P,鴻海富邦9A售03  ,0,0,0,0,0,0,0,0,0,764000,0,0,0,764000,0,764000,764000
061196,世芯永豐9A購06  ,0,0,0,0,0,0,0,0,0,761000,0,0,0,883000,122000,761000,761000
00639,富邦深100       ,516000,206000,310000,0,0,0,0,0,0,450283,120000,0,120000,1734283,1404000,330283,760283
061814,聯發科群益9B購04,0,0,0,0,0,0,0,0,0,743000,0,0,0,819000,76000,743000,743000
6592,和潤企業        ,803000,64000,739000,0,0,0,0,0,0,1000,4000,0,4000,5000,8000,-3000,740000
2915,潤泰全          ,1711000,1112546,598454,0,0,0,0,0,0,141000,10000,12000,-2000,145000,2000,143000,739454
07575P,瑞昱元大9A售02  ,0,0,0,0,0,0,0,0,0,729000,0,0,0,837000,108000,729000,729000
1514,亞力            ,733000,18000,715000,0,0,0,0,0,0,2000,2000,0,2000,0,0,0,717000
07585P,台灣50中信03售06,0,0,0,0,0,0,0,0,0,701000,0,0,0,701000,0,701000,701000
060917,台表科國泰9B購01,0,0,0,0,0,0,0,0,0,698000,0,0,0,735000,37000,698000,698000
058080,台積電群益98購06,0,0,0,0,0,0,0,0,0,698000,0,0,0,704000,6000,698000,698000
2889,國票金          ,1088000,251000,837000,0,0,0,0,0,0,-141000,29000,170000,-141000,0,0,0,696000
9958,世紀鋼          ,745000,669000,76000,0,0,0,50000,0,50000,555000,41000,20000,21000,548000,14000,534000,681000
060796,世芯永豐9A購03  ,0,0,0,0,0,0,0,0,0,680000,0,0,0,760000,80000,680000,680000
055619,同欣電國票98購02,0,0,0,0,0,0,0,0,0,678000,0,0,0,722000,44000,678000,678000
057104,康友中信99購01  ,0,0,0,0,0,0,0,0,0,670000,0,0,0,750000,80000,670000,670000
07315P,台積電台新99售06,0,0,0,0,0,0,0,0,0,665000,0,0,0,665000,0,665000,665000
060772,FBVIX凱基9A購03 ,0,0,0,0,0,0,0,0,0,659000,0,0,0,659000,0,659000,659000
057626,技嘉富邦9A購01  ,0,0,0,0,0,0,0,0,0,659000,0,0,0,1038000,379000,659000,659000
059766,同欣電永豐99購03,0,0,0,0,0,0,0,0,0,649000,0,0,0,679000,30000,649000,649000
1210,大成            ,1431000,728000,703000,0,0,0,0,0,0,-54000,24000,78000,-54000,0,0,0,649000
059395,T50反1元富99購03,0,0,0,0,0,0,0,0,0,644000,0,0,0,644000,0,644000,644000
057842,緯穎富邦99購02  ,0,0,0,0,0,0,0,0,0,641000,0,0,0,712000,71000,641000,641000
1720,生達            ,1068000,283000,785000,0,0,0,0,0,0,-158000,16000,174000,-158000,0,0,0,627000
053882,聯發科中信98購02,0,0,0,0,0,0,0,0,0,625000,0,0,0,625000,0,625000,625000
07173P,臺股指國票99售10,0,0,0,0,0,0,0,0,0,624000,0,0,0,752000,128000,624000,624000
07206P,鴻海凱基9A售11  ,0,0,0,0,0,0,0,0,0,622000,0,0,0,624000,2000,622000,622000
051602,南茂兆豐96購01  ,0,0,0,0,0,0,0,0,0,620000,0,0,0,620000,0,620000,620000
062387,健策國泰01購01  ,0,0,0,0,0,0,0,0,0,610000,0,0,0,842000,232000,610000,610000
6005,群益證          ,863000,256000,607000,0,0,0,0,0,0,0,0,0,0,0,0,0,607000
07244P,鴻海凱基9A售13  ,0,0,0,0,0,0,0,0,0,604000,0,0,0,605000,1000,604000,604000
046793,聯發科元富99購01,0,0,0,0,0,0,0,0,0,598000,0,0,0,598000,0,598000,598000
5871,中租-KY         ,1503000,949000,554000,0,0,0,1000,0,1000,43000,33000,0,33000,13000,3000,10000,598000
07597P,臺股指中信01售02,0,0,0,0,0,0,0,0,0,597000,0,0,0,1250000,653000,597000,597000
1513,中興電          ,940000,160000,780000,0,0,0,40000,0,40000,-224000,37000,25000,12000,29000,265000,-236000,596000
06638P,鴻海統一99售02  ,0,0,0,0,0,0,0,0,0,593000,0,0,0,593000,0,593000,593000
9938,百和            ,986000,54000,932000,0,0,0,0,531000,-531000,191000,133000,8000,125000,72000,6000,66000,592000
058062,上銀中信98購01  ,0,0,0,0,0,0,0,0,0,590000,0,0,0,590000,0,590000,590000
059155,台表科日盛99購01,0,0,0,0,0,0,0,0,0,589000,0,0,0,861000,272000,589000,589000
1709,和益            ,585000,6000,579000,0,0,0,0,0,0,9000,9000,0,9000,0,0,0,588000
060746,玉晶光國票9B購02,0,0,0,0,0,0,0,0,0,582000,0,0,0,831000,249000,582000,582000
053073,技嘉康和96購01  ,0,0,0,0,0,0,0,0,0,581000,0,0,0,598000,17000,581000,581000
056420,台表科元富98購01,0,0,0,0,0,0,0,0,0,579000,0,0,0,809000,230000,579000,579000
2610,華航            ,2372000,1896659,475341,0,0,0,0,0,0,102000,102000,0,102000,0,0,0,577341
062350,台表科群益9B購01,1000,0,1000,0,0,0,0,0,0,576000,0,0,0,707000,131000,576000,577000
051843,聯發科富邦99購01,0,0,0,0,0,0,0,0,0,574000,0,0,0,574000,0,574000,574000
00875,國泰網路資安    ,780000,0,780000,0,0,0,0,0,0,-211000,0,0,0,552000,763000,-211000,569000
051428,玉晶光統一96購01,0,0,0,0,0,0,0,0,0,568000,0,0,0,1905000,1337000,568000,568000
052942,聯發科中信97購04,0,0,0,0,0,0,0,0,0,563000,0,0,0,857000,294000,563000,563000
060775,世芯凱基9A購02  ,0,0,0,0,0,0,0,0,0,558000,0,0,0,558000,0,558000,558000
062034,同欣電群益9B購01,0,0,0,0,0,0,0,0,0,552000,0,0,0,690000,138000,552000,552000
06656P,GIS元大98售02   ,0,0,0,0,0,0,0,0,0,549000,0,0,0,646000,97000,549000,549000
061417,力成群益9A購01  ,0,0,0,0,0,0,0,0,0,544000,0,0,0,549000,5000,544000,544000
00647L,元大S&P500正2   ,10000,10000,0,0,0,0,0,0,0,537000,0,0,0,722000,185000,537000,537000
00670L,富邦NASDAQ正2   ,16000,13000,3000,0,0,0,0,0,0,533000,107000,107000,0,717000,184000,533000,536000
03443B,臺股指凱基9A熊27,0,0,0,0,0,0,0,0,0,536000,0,0,0,1380000,844000,536000,536000
060198,祥碩元富9A購02  ,0,0,0,0,0,0,0,0,0,535000,0,0,0,617000,82000,535000,535000
06670P,鴻海群益98售06  ,0,0,0,0,0,0,0,0,0,530000,0,0,0,598000,68000,530000,530000
2537,聯上發          ,599000,74000,525000,0,0,0,0,0,0,0,0,0,0,0,0,0,525000
060157,致茂永豐9A購02  ,0,0,0,0,0,0,0,0,0,523000,0,0,0,591000,68000,523000,523000
2314,台揚            ,698000,183000,515000,0,0,0,0,0,0,6000,6000,0,6000,0,0,0,521000
060783,亞德客富邦9B購01,0,0,0,0,0,0,0,0,0,519000,0,0,0,579000,60000,519000,519000
07204P,鴻海凱基99售10  ,0,0,0,0,0,0,0,0,0,516000,0,0,0,614000,98000,516000,516000
3706,神達            ,1128000,608000,520000,0,0,0,0,0,0,-4000,14000,0,14000,0,18000,-18000,516000
3338,泰碩            ,625000,441000,184000,0,0,0,0,0,0,331000,230000,0,230000,114000,13000,101000,515000
2484,希華            ,572000,62000,510000,0,0,0,0,0,0,5000,5000,0,5000,0,0,0,515000
058468,聯茂中信99購02  ,0,0,0,0,0,0,0,0,0,512000,0,0,0,625000,113000,512000,512000
1215,卜蜂            ,626000,111000,515000,0,0,0,0,0,0,-3000,0,8000,-8000,35000,30000,5000,512000
058567,華新科凱基9A購02,0,0,0,0,0,0,0,0,0,511000,0,0,0,511000,0,511000,511000
2515,中工            ,662000,160000,502000,0,0,0,0,0,0,6000,5000,0,5000,1000,0,1000,508000
06836P,玉晶光國票99售06,0,0,0,0,0,0,0,0,0,507000,0,0,0,569000,62000,507000,507000
058775,台積電國票9A購02,0,0,0,0,0,0,0,0,0,506000,0,0,0,933000,427000,506000,506000
05859P,台表科國票97售04,0,0,0,0,0,0,0,0,0,504000,0,0,0,507000,3000,504000,504000
058204,世芯凱基9A購01  ,0,0,0,0,0,0,0,0,0,500000,0,0,0,545000,45000,500000,500000
053691,聯發科元大96購16,0,0,0,0,0,0,0,0,0,499000,0,0,0,600000,101000,499000,499000
060324,台積電群益9B購02,0,0,0,0,0,0,0,0,0,499000,0,0,0,499000,0,499000,499000
07287P,全新群益9B售01  ,0,0,0,0,0,0,0,0,0,498000,0,0,0,499000,1000,498000,498000
054130,漢唐元大97購02  ,0,0,0,0,0,0,0,0,0,495000,0,0,0,524000,29000,495000,495000
2399,映泰            ,507000,22000,485000,0,0,0,0,0,0,10000,10000,0,10000,0,0,0,495000
059781,A50正2元大9C購03,0,0,0,0,0,0,0,0,0,493000,0,0,0,493000,0,493000,493000
07921P,鴻海群益9B售04  ,0,0,0,0,0,0,0,0,0,492000,0,0,0,568000,76000,492000,492000
4934,太極            ,556000,64000,492000,0,0,0,0,0,0,0,0,0,0,0,0,0,492000
053452,臺股指凱基97購01,0,0,0,0,0,0,0,0,0,488000,0,0,0,488000,0,488000,488000
07774P,台灣50群益9A售16,0,0,0,0,0,0,0,0,0,488000,0,0,0,528000,40000,488000,488000
056586,光罩統一98購02  ,0,0,0,0,0,0,0,0,0,487000,0,0,0,866000,379000,487000,487000
2608,嘉里大榮        ,532000,38000,494000,0,0,0,0,0,0,-10000,2000,12000,-10000,0,0,0,484000
3705,永信            ,545000,57000,488000,0,0,0,0,0,0,-4000,17000,21000,-4000,0,0,0,484000
6504,南六            ,479000,468000,11000,0,0,0,350000,0,350000,123000,75000,62000,13000,121000,11000,110000,484000
049004,聯發科中信96購01,0,0,0,0,0,0,0,0,0,481000,0,0,0,582000,101000,481000,481000
055579,健策統一9A購01  ,0,0,0,0,0,0,0,0,0,481000,0,0,0,531000,50000,481000,481000
07334P,臺股指國票99售19,0,0,0,0,0,0,0,0,0,481000,0,0,0,563000,82000,481000,481000
060820,上証2X元大9A購04,0,0,0,0,0,0,0,0,0,480000,0,0,0,480000,0,480000,480000
060608,玉晶光凱基9A購08,0,0,0,0,0,0,0,0,0,480000,0,0,0,500000,20000,480000,480000
057467,祥碩永豐98購04  ,0,0,0,0,0,0,0,0,0,479000,0,0,0,614000,135000,479000,479000
059353,滬深2X富邦9A購02,0,0,0,0,0,0,0,0,0,476000,0,0,0,480000,4000,476000,476000
00646,元大S&P500      ,0,6000,-6000,0,0,0,0,0,0,475000,71000,0,71000,698000,294000,404000,469000
061186,牧德國泰9C購01  ,0,0,0,0,0,0,0,0,0,467000,0,0,0,502000,35000,467000,467000
2606,裕民            ,588000,123000,465000,0,0,0,0,0,0,0,13000,0,13000,0,13000,-13000,465000
060596,元黃金凱基9A購02,0,0,0,0,0,0,0,0,0,464000,0,0,0,527000,63000,464000,464000
060705,台光電富邦9B購01,0,0,0,0,0,0,0,0,0,463000,0,0,0,566000,103000,463000,463000
05930P,景碩康和96售01  ,0,0,0,0,0,0,0,0,0,459000,0,0,0,677000,218000,459000,459000
1718,中纖            ,630000,230000,400000,0,0,0,0,0,0,58000,59000,1000,58000,0,0,0,458000
059976,道瓊銀元大99購01,0,0,0,0,0,0,0,0,0,457000,0,0,0,603000,146000,457000,457000
060276,S&P反1元大9A購03,0,0,0,0,0,0,0,0,0,451000,0,0,0,451000,0,451000,451000
05672P,鴻海群益96售03  ,0,0,0,0,0,0,0,0,0,450000,0,0,0,450000,0,450000,450000
053587,京元電元大98購01,0,0,0,0,0,0,0,0,0,449000,0,0,0,499000,50000,449000,449000
07691P,宏達電元大9A售05,0,0,0,0,0,0,0,0,0,448000,0,0,0,480000,32000,448000,448000
062163,大毅國泰01購01  ,0,0,0,0,0,0,0,0,0,447000,0,0,0,604000,157000,447000,447000
2605,新興            ,541000,50000,491000,0,0,0,0,0,0,-48000,8000,0,8000,0,56000,-56000,443000
060666,聯茂凱基9A購02  ,0,0,0,0,0,0,0,0,0,442000,0,0,0,453000,11000,442000,442000
06780P,義隆元大98售02  ,0,0,0,0,0,0,0,0,0,441000,0,0,0,488000,47000,441000,441000
062050,亞德客統一9C購01,0,0,0,0,0,0,0,0,0,436000,0,0,0,446000,10000,436000,436000
048383,元金2X國票99購01,0,0,0,0,0,0,0,0,0,433000,0,0,0,945000,512000,433000,433000
053056,同欣電國票97購01,0,0,0,0,0,0,0,0,0,432000,0,0,0,436000,4000,432000,432000
062282,禾伸堂群益9B購01,0,0,0,0,0,0,0,0,0,431000,0,0,0,431000,0,431000,431000
060949,祥碩中信9A購01  ,0,0,0,0,0,0,0,0,0,430000,0,0,0,527000,97000,430000,430000
060321,元金2X群益9B購01,0,0,0,0,0,0,0,0,0,430000,0,0,0,435000,5000,430000,430000
052113,漢唐中信98購01  ,0,0,0,0,0,0,0,0,0,429000,0,0,0,596000,167000,429000,429000
049024,玉晶光群益97購01,0,0,0,0,0,0,0,0,0,427000,0,0,0,555000,128000,427000,427000
2340,光磊            ,579000,229000,350000,0,0,0,0,0,0,75000,86000,0,86000,6000,17000,-11000,425000
057483,微星元大98購04  ,0,4000,-4000,0,0,0,0,0,0,427000,0,0,0,527000,100000,427000,423000
055360,台表科凱基97購02,0,0,0,0,0,0,0,0,0,420000,0,0,0,424000,4000,420000,420000
07482P,南亞科元富9A售04,0,0,0,0,0,0,0,0,0,420000,0,0,0,421000,1000,420000,420000
061170,南茂兆豐9B購01  ,0,0,0,0,0,0,0,0,0,419000,0,0,0,509000,90000,419000,419000
2633,台灣高鐵        ,1387000,1402000,-15000,0,0,0,290000,0,290000,144000,78000,0,78000,73000,7000,66000,419000
061627,台表科群益9A購01,0,0,0,0,0,0,0,0,0,417000,0,0,0,471000,54000,417000,417000
060861,漢唐永豐9A購01  ,0,0,0,0,0,0,0,0,0,416000,0,0,0,466000,50000,416000,416000
060280,元金2X元大9A購01,0,0,0,0,0,0,0,0,0,416000,0,0,0,417000,1000,416000,416000
058727,嘉晶富邦9A購01  ,0,0,0,0,0,0,0,0,0,416000,0,0,0,582000,166000,416000,416000
2385,群光            ,1494151,1156486,337665,0,0,0,0,0,0,76000,0,0,0,76000,0,76000,413665
061146,台表科中信9A購02,0,0,0,0,0,0,0,0,0,413000,0,0,0,506000,93000,413000,413000
062036,致新群益9B購01  ,0,0,0,0,0,0,0,0,0,413000,0,0,0,798000,385000,413000,413000
060795,世芯永豐9A購02  ,0,0,0,0,0,0,0,0,0,412000,0,0,0,416000,4000,412000,412000
053999,台表科群益96購06,0,0,0,0,0,0,0,0,0,412000,0,0,0,412000,0,412000,412000
05650P,台積電富邦96售01,0,0,0,0,0,0,0,0,0,410000,0,0,0,610000,200000,410000,410000
057105,致茂群益9A購01  ,0,0,0,0,0,0,0,0,0,407000,0,0,0,514000,107000,407000,407000
061380,巨大永豐9A購02  ,0,0,0,0,0,0,0,0,0,405000,0,0,0,800000,395000,405000,405000
054132,聯發科元大97購10,0,0,0,0,0,0,0,0,0,405000,0,0,0,405000,0,405000,405000
1795,美時            ,518000,115000,403000,0,0,0,0,0,0,2000,2000,0,2000,0,0,0,405000
07821P,臺股指國票9A售12,0,0,0,0,0,0,0,0,0,404000,0,0,0,452000,48000,404000,404000
3048,益登            ,313000,151000,162000,0,0,0,0,0,0,241000,250000,9000,241000,0,0,0,403000
061395,健策統一9C購02  ,0,0,0,0,0,0,0,0,0,402000,0,0,0,534000,132000,402000,402000
07253P,台灣50凱基9A售05,0,0,0,0,0,0,0,0,0,401000,0,0,0,401000,0,401000,401000
056961,凱美永豐98購01  ,0,0,0,0,0,0,0,0,0,400000,0,0,0,400000,0,400000,400000
055874,中環元富9A購01  ,0,0,0,0,0,0,0,0,0,399000,0,0,0,997000,598000,399000,399000
2049,上銀            ,827000,476000,351000,0,0,0,0,0,0,47000,93000,48000,45000,22000,20000,2000,398000
1515,力山            ,483000,275000,208000,0,0,0,62000,0,62000,126000,53000,70000,-17000,179000,36000,143000,396000
060960,金像電凱基9B購01,8000,0,8000,0,0,0,0,0,0,387000,0,0,0,681000,294000,387000,395000
051971,元金2X凱基97購02,0,0,0,0,0,0,0,0,0,391000,0,0,0,400000,9000,391000,391000
061216,世芯元大9A購06  ,0,0,0,0,0,0,0,0,0,390000,0,0,0,481000,91000,390000,390000
062125,嘉晶統一9B購01  ,0,0,0,0,0,0,0,0,0,390000,0,0,0,459000,69000,390000,390000
07636P,鴻海國票9A售05  ,0,0,0,0,0,0,0,0,0,390000,0,0,0,400000,10000,390000,390000
2312,金寶            ,2589000,2197000,392000,0,0,0,0,0,0,-4000,15000,0,15000,16000,35000,-19000,388000
07488P,鴻海國票9A售02  ,0,0,0,0,0,0,0,0,0,386000,0,0,0,400000,14000,386000,386000
9910,豐泰            ,1055000,892500,162500,0,0,0,206000,0,206000,15000,15000,0,15000,0,0,0,383500
06603P,立積統一99售01  ,0,0,0,0,0,0,0,0,0,382000,0,0,0,459000,77000,382000,382000
060163,健策永豐9B購01  ,0,0,0,0,0,0,0,0,0,381000,0,0,0,383000,2000,381000,381000
07658P,國泰金凱基9A售01,0,0,0,0,0,0,0,0,0,380000,0,0,0,380000,0,380000,380000
2812,台中銀          ,760000,430000,330000,0,0,0,0,0,0,50000,50000,0,50000,0,0,0,380000
062473,同欣電凱基9B購01,0,0,0,0,0,0,0,0,0,376000,0,0,0,402000,26000,376000,376000
058760,嘉晶群益9A購01  ,0,0,0,0,0,0,0,0,0,376000,0,0,0,376000,0,376000,376000
057614,華新科元富99購04,0,0,0,0,0,0,0,0,0,376000,0,0,0,376000,0,376000,376000
061547,禾伸堂群益9A購01,0,0,0,0,0,0,0,0,0,374000,0,0,0,420000,46000,374000,374000
058327,大毅統一9B購01  ,0,0,0,0,0,0,0,0,0,374000,0,0,0,879000,505000,374000,374000
06058P,玉晶光凱基97售04,0,0,0,0,0,0,0,0,0,372000,0,0,0,481000,109000,372000,372000
055755,禾伸堂兆豐97購02,0,0,0,0,0,0,0,0,0,372000,0,0,0,372000,0,372000,372000
061159,同欣電群益9A購01,0,0,0,0,0,0,0,0,0,370000,0,0,0,1024000,654000,370000,370000
054724,鴻海日盛97購02  ,0,0,0,0,0,0,0,0,0,370000,0,0,0,370000,0,370000,370000
05555P,健策群益98售01  ,0,0,0,0,0,0,0,0,0,369000,0,0,0,539000,170000,369000,369000
059825,嘉晶凱基99購02  ,0,0,0,0,0,0,0,0,0,368000,0,0,0,431000,63000,368000,368000
2897,王道銀行        ,353000,14000,339000,0,0,0,0,0,0,28000,28000,0,28000,0,0,0,367000
060994,世芯元大9A購03  ,0,0,0,0,0,0,0,0,0,365000,0,0,0,419000,54000,365000,365000
062297,億豐永豐9B購01  ,0,0,0,0,0,0,0,0,0,365000,0,0,0,594000,229000,365000,365000
050142,聯發科元富9A購01,0,0,0,0,0,0,0,0,0,362000,0,0,0,362000,0,362000,362000
053863,聯發科元大96購18,0,0,0,0,0,0,0,0,0,361000,0,0,0,361000,0,361000,361000
06081P,深中小元大97售02,0,0,0,0,0,0,0,0,0,360000,0,0,0,410000,50000,360000,360000
057096,緯穎元富98購01  ,0,0,0,0,0,0,0,0,0,359000,0,0,0,853000,494000,359000,359000
07402P,瑞昱凱基99售02  ,0,0,0,0,0,0,0,0,0,359000,0,0,0,460000,101000,359000,359000
051000,台郡元大96購01  ,0,0,0,0,0,0,0,0,0,357000,0,0,0,357000,0,357000,357000
052888,台表科中信9A購01,0,0,0,0,0,0,0,0,0,354000,0,0,0,656000,302000,354000,354000
059031,元石油中信03購01,0,0,0,0,0,0,0,0,0,353000,0,0,0,353000,0,353000,353000
061107,世芯元大9A購05  ,0,0,0,0,0,0,0,0,0,350000,0,0,0,361000,11000,350000,350000
06765P,欣興元大98售11  ,0,0,0,0,0,0,0,0,0,350000,0,0,0,369000,19000,350000,350000
053569,漢唐統一98購01  ,0,0,0,0,0,0,0,0,0,350000,0,0,0,350000,0,350000,350000
056710,漢唐永豐98購01  ,0,0,0,0,0,0,0,0,0,350000,0,0,0,350000,0,350000,350000
07698P,臺股指元大9A售51,0,0,0,0,0,0,0,0,0,350000,0,0,0,350000,0,350000,350000
060414,中興電永豐9A購01,0,0,0,0,0,0,0,0,0,347000,0,0,0,397000,50000,347000,347000
054217,台表科國票97購05,0,0,0,0,0,0,0,0,0,346000,0,0,0,370000,24000,346000,346000
07218P,臺股指凱基99售31,0,0,0,0,0,0,0,0,0,345000,0,0,0,401000,56000,345000,345000
6112,聚碩            ,357000,53000,304000,0,0,0,0,0,0,41000,41000,0,41000,0,0,0,345000
058214,世芯群益9A購01  ,0,0,0,0,0,0,0,0,0,344000,0,0,0,539000,195000,344000,344000
058269,世芯永豐9A購01  ,0,0,0,0,0,0,0,0,0,343000,0,0,0,359000,16000,343000,343000
060782,道瓊指富邦9C購01,0,0,0,0,0,0,0,0,0,341000,0,0,0,350000,9000,341000,341000
060756,鴻海元大9A購16  ,0,0,0,0,0,0,0,0,0,341000,0,0,0,341000,0,341000,341000
054363,世芯凱基97購01  ,0,0,0,0,0,0,0,0,0,341000,0,0,0,351000,10000,341000,341000
061231,聚陽元大9A購02  ,0,0,0,0,0,0,0,0,0,340000,0,0,0,843000,503000,340000,340000
05538P,玉晶光國票97售02,0,0,0,0,0,0,0,0,0,340000,0,0,0,639000,299000,340000,340000
059476,道瓊指群益9C購01,0,0,0,0,0,0,0,0,0,337000,0,0,0,357000,20000,337000,337000
2841,台開            ,376000,58000,318000,0,0,0,0,0,0,17000,17000,0,17000,0,0,0,335000
053537,玉晶光永豐98購02,0,0,0,0,0,0,0,0,0,334000,0,0,0,502000,168000,334000,334000
0061,元大寶滬深      ,149000,29000,120000,0,0,0,0,0,0,214000,20000,30000,-10000,274000,50000,224000,334000
055334,禾伸堂兆豐97購01,0,0,0,0,0,0,0,0,0,333000,0,0,0,383000,50000,333000,333000
052533,聯發科國泰96購03,0,0,0,0,0,0,0,0,0,333000,0,0,0,333000,0,333000,333000
054381,世芯群益98購01  ,0,0,0,0,0,0,0,0,0,333000,0,0,0,414000,81000,333000,333000
061185,嘉晶國泰9B購01  ,0,0,0,0,0,0,0,0,0,331000,0,0,0,447000,116000,331000,331000
060709,緯穎富邦9B購01  ,0,0,0,0,0,0,0,0,0,331000,0,0,0,636000,305000,331000,331000
054912,群光凱基97購01  ,0,0,0,0,0,0,0,0,0,330000,0,0,0,330000,0,330000,330000
060428,瑞祺永豐9A購01  ,0,0,0,0,0,0,0,0,0,329000,0,0,0,329000,0,329000,329000
060765,世芯元大9A購01  ,0,0,0,0,0,0,0,0,0,328000,0,0,0,332000,4000,328000,328000
08637P,台灣50中信96售03,0,0,0,0,0,0,0,0,0,328000,0,0,0,328000,0,328000,328000
061077,國巨兆豐9B購01  ,0,0,0,0,0,0,0,0,0,327000,0,0,0,404000,77000,327000,327000
05634P,玉晶光台新97售01,0,0,0,0,0,0,0,0,0,326000,0,0,0,326000,0,326000,326000
1455,集盛            ,447000,138000,309000,0,0,0,0,0,0,16000,16000,0,16000,0,0,0,325000
2006,東和鋼鐵        ,494000,193000,301000,0,0,0,0,0,0,23000,100000,77000,23000,0,0,0,324000
07043P,國巨元大99售14  ,0,0,0,0,0,0,0,0,0,323000,0,0,0,323000,0,323000,323000
056638,臺股指日盛98購01,0,0,0,0,0,0,0,0,0,323000,0,0,0,1145000,822000,323000,323000
1103,嘉泥            ,367000,50000,317000,0,0,0,0,0,0,4000,12000,8000,4000,0,0,0,321000
060965,中租凱基9B購01  ,0,0,0,0,0,0,0,0,0,320000,0,0,0,360000,40000,320000,320000
052695,台表科中信98購01,0,0,0,0,0,0,0,0,0,318000,0,0,0,388000,70000,318000,318000
07649P,金像電永豐9A售02,0,0,0,0,0,0,0,0,0,318000,0,0,0,656000,338000,318000,318000
062459,聯詠群益9B購01  ,0,0,0,0,0,0,0,0,0,317000,0,0,0,317000,0,317000,317000
06901P,亞德客凱基98售02,0,0,0,0,0,0,0,0,0,315000,0,0,0,369000,54000,315000,315000
060856,健策富邦9B購02  ,0,0,0,0,0,0,0,0,0,315000,0,0,0,389000,74000,315000,315000
05644P,大立光中信9A售03,0,0,0,0,0,0,0,0,0,315000,0,0,0,479000,164000,315000,315000
062303,台表科中信01購01,0,0,0,0,0,0,0,0,0,314000,0,0,0,399000,85000,314000,314000
054311,世芯凱基96購02  ,0,0,0,0,0,0,0,0,0,313000,0,0,0,388000,75000,313000,313000
059101,康控統一9A購01  ,0,0,0,0,0,0,0,0,0,312000,0,0,0,520000,208000,312000,312000
05919P,京鼎元大96售03  ,0,0,0,0,0,0,0,0,0,312000,0,0,0,312000,0,312000,312000
061118,GIS富邦9A購01   ,0,0,0,0,0,0,0,0,0,311000,0,0,0,311000,0,311000,311000
06935P,神達元大98售02  ,0,0,0,0,0,0,0,0,0,310000,0,0,0,314000,4000,310000,310000
052522,聯發科元大96購05,0,0,0,0,0,0,0,0,0,310000,0,0,0,310000,0,310000,310000
07407P,欣興凱基99售07  ,0,0,0,0,0,0,0,0,0,310000,0,0,0,461000,151000,310000,310000
061915,T50反1凱基02購02,0,0,0,0,0,0,0,0,0,309000,0,0,0,841000,532000,309000,309000
057390,台表科永豐98購01,0,0,0,0,0,0,0,0,0,309000,0,0,0,309000,0,309000,309000
1319,東陽            ,368000,81000,287000,0,0,0,0,0,0,22000,14000,0,14000,8000,0,8000,309000
4927,泰鼎-KY         ,1392000,725000,667000,0,0,0,540000,863000,-323000,-35000,50000,50000,0,29000,64000,-35000,309000
07026P,超眾凱基99售03  ,0,0,0,0,0,0,0,0,0,307000,0,0,0,332000,25000,307000,307000
8210,勤誠            ,610000,382000,228000,0,0,0,0,0,0,79000,115000,73000,42000,102000,65000,37000,307000
061092,可成統一9C購02  ,0,0,0,0,0,0,0,0,0,306000,0,0,0,337000,31000,306000,306000
6533,晶心科          ,377000,72000,305000,0,0,0,0,0,0,1000,1000,0,1000,0,0,0,306000
3557,嘉威            ,464000,158000,306000,0,0,0,0,0,0,0,0,0,0,0,0,0,306000
058358,技嘉凱基9A購01  ,0,0,0,0,0,0,0,0,0,305000,0,0,0,312000,7000,305000,305000
057108,潤泰全群益98購01,0,0,0,0,0,0,0,0,0,305000,0,0,0,325000,20000,305000,305000
060929,健策永豐9A購01  ,0,0,0,0,0,0,0,0,0,302000,0,0,0,302000,0,302000,302000
051490,世芯凱基96購01  ,0,0,0,0,0,0,0,0,0,302000,0,0,0,314000,12000,302000,302000
2637,慧洋-KY         ,373000,72000,301000,0,0,0,0,0,0,0,0,0,0,0,0,0,301000
053396,漢唐中信9A購01  ,0,0,0,0,0,0,0,0,0,300000,0,0,0,300000,0,300000,300000
054653,聯發科麥證97購02,0,0,0,300000,0,300000,0,0,0,300000,0,0,0,300000,0,300000,300000
057532,智原元大98購03  ,0,0,0,0,0,0,0,0,0,300000,0,0,0,308000,8000,300000,300000
057317,技嘉凱基98購02  ,0,0,0,0,0,0,0,0,0,300000,0,0,0,397000,97000,300000,300000
03433B,臺股指元大9C熊01,0,0,0,0,0,0,0,0,0,299000,0,0,0,355000,56000,299000,299000
061578,玉晶光元大9A購16,0,0,0,0,0,0,0,0,0,298000,0,0,0,300000,2000,298000,298000
05593P,鴻海國票97售03  ,0,0,0,0,0,0,0,0,0,298000,0,0,0,304000,6000,298000,298000
07351P,鴻海國票99售08  ,0,0,0,0,0,0,0,0,0,298000,0,0,0,453000,155000,298000,298000
062185,禾伸堂元大9B購01,0,0,0,0,0,0,0,0,0,297000,0,0,0,297000,0,297000,297000
058348,台表科群益99購01,0,0,0,0,0,0,0,0,0,297000,0,0,0,334000,37000,297000,297000
056240,嘉晶群益97購02  ,0,0,0,0,0,0,0,0,0,297000,0,0,0,355000,58000,297000,297000
062395,台表科富邦9C購01,0,0,0,0,0,0,0,0,0,295000,0,0,0,615000,320000,295000,295000
061536,華擎統一9C購02  ,0,0,0,0,0,0,0,0,0,295000,0,0,0,345000,50000,295000,295000
00678,群益NBI生技     ,101000,0,101000,0,0,0,0,0,0,194000,0,0,0,499000,305000,194000,295000
059904,A50正2元大9C購05,0,0,0,0,0,0,0,0,0,295000,0,0,0,295000,0,295000,295000
07870P,鴻海群益9B售01  ,0,0,0,0,0,0,0,0,0,295000,0,0,0,347000,52000,295000,295000
061124,微星永豐9A購02  ,0,0,0,0,0,0,0,0,0,294000,0,0,0,480000,186000,294000,294000
06600P,貿聯永豐98售01  ,0,0,0,0,0,0,0,0,0,293000,0,0,0,309000,16000,293000,293000
06662P,玉晶光中信9A售01,0,0,0,0,0,0,0,0,0,292000,0,0,0,716000,424000,292000,292000
061527,牧德凱基9A購02  ,0,0,0,0,0,0,0,0,0,291000,0,0,0,316000,25000,291000,291000
060031,旭富永豐99購02  ,0,0,0,0,0,0,0,0,0,291000,0,0,0,433000,142000,291000,291000
054558,劍麟群益99購01  ,0,0,0,0,0,0,0,0,0,290000,0,0,0,290000,0,290000,290000
056084,漢唐統一97購03  ,0,0,0,0,0,0,0,0,0,286000,0,0,0,336000,50000,286000,286000
07782P,寶成凱基9A售02  ,0,0,0,0,0,0,0,0,0,286000,0,0,0,306000,20000,286000,286000
2014,中鴻            ,547000,323000,224000,0,0,0,0,0,0,62000,62000,0,62000,0,0,0,286000
056211,南港國票98購01  ,0,0,0,0,0,0,0,0,0,285000,0,0,0,499000,214000,285000,285000
060645,台表科永豐9A購02,0,0,0,0,0,0,0,0,0,284000,0,0,0,294000,10000,284000,284000
055741,健策元富97購01  ,0,0,0,0,0,0,0,0,0,284000,0,0,0,287000,3000,284000,284000
053474,聯發科元大97購06,0,0,0,0,0,0,0,0,0,284000,0,0,0,284000,0,284000,284000
059056,技嘉凱基99購02  ,0,0,0,0,0,0,0,0,0,283000,0,0,0,284000,1000,283000,283000
057919,技嘉凱基98購03  ,1000,2000,-1000,0,0,0,0,0,0,284000,0,0,0,451000,167000,284000,283000
07956P,鴻海群益9B售06  ,0,0,0,0,0,0,0,0,0,283000,0,0,0,283000,0,283000,283000
07088P,訊芯永豐99售02  ,0,0,0,0,0,0,0,0,0,282000,0,0,0,382000,100000,282000,282000
050102,鴻海富邦95購04  ,0,0,0,0,0,0,0,0,0,280000,0,0,0,280000,0,280000,280000
050228,中磊中信96購01  ,0,0,0,0,0,0,0,0,0,280000,0,0,0,280000,0,280000,280000
058588,致茂中信9B購01  ,0,0,0,0,0,0,0,0,0,280000,0,0,0,346000,66000,280000,280000
059899,上証2X元大9C購04,0,0,0,0,0,0,0,0,0,280000,0,0,0,288000,8000,280000,280000
061548,聯詠群益9A購02  ,0,0,0,0,0,0,0,0,0,279000,0,0,0,336000,57000,279000,279000
053583,漢唐元大96購03  ,0,0,0,0,0,0,0,0,0,279000,0,0,0,279000,0,279000,279000
060684,同欣電元大9A購01,0,0,0,0,0,0,0,0,0,278000,0,0,0,465000,187000,278000,278000
06657P,寶成元大98售01  ,0,0,0,0,0,0,0,0,0,278000,0,0,0,298000,20000,278000,278000
052137,台表科凱基96購02,0,0,0,0,0,0,0,0,0,278000,0,0,0,305000,27000,278000,278000
059710,上証2X元大9C購02,0,0,0,0,0,0,0,0,0,278000,0,0,0,278000,0,278000,278000
06434P,超眾群益98售02  ,0,0,0,0,0,0,0,0,0,277000,0,0,0,387000,110000,277000,277000
060908,金像電元大9A購03,0,0,0,0,0,0,0,0,0,276000,0,0,0,303000,27000,276000,276000
060323,華通群益9C購01  ,0,0,0,0,0,0,0,0,0,276000,0,0,0,480000,204000,276000,276000
061039,台表科永豐9A購03,0,0,0,0,0,0,0,0,0,275000,0,0,0,275000,0,275000,275000
059709,上証2X元大9C購01,0,0,0,0,0,0,0,0,0,275000,0,0,0,285000,10000,275000,275000
059754,訊芯群益9A購01  ,0,0,0,0,0,0,0,0,0,275000,0,0,0,286000,11000,275000,275000
07757P,國巨國票9B售04  ,0,0,0,0,0,0,0,0,0,275000,0,0,0,275000,0,275000,275000
9933,中鼎            ,981000,706000,275000,0,0,0,0,0,0,0,0,0,0,0,0,0,275000
060447,A50正2元大9A購02,0,0,0,0,0,0,0,0,0,274000,0,0,0,274000,0,274000,274000
059480,美律群益9A購01  ,0,0,0,0,0,0,0,0,0,274000,0,0,0,300000,26000,274000,274000
055127,台虹兆豐97購01  ,0,0,0,0,0,0,0,0,0,273000,0,0,0,487000,214000,273000,273000
058833,台表科永豐99購01,1000,0,1000,0,0,0,0,0,0,271000,0,0,0,307000,36000,271000,272000
05970P,超眾永豐96售03  ,0,0,0,0,0,0,0,0,0,272000,0,0,0,272000,0,272000,272000
061733,聯發科中信01購01,0,0,0,0,0,0,0,0,0,271000,0,0,0,276000,5000,271000,271000
062403,健策永豐9B購06  ,0,0,0,0,0,0,0,0,0,271000,0,0,0,271000,0,271000,271000
062400,晶豪科永豐9B購02,0,0,0,0,0,0,0,0,0,270000,0,0,0,297000,27000,270000,270000
055794,聯發科國泰99購01,0,0,0,0,0,0,0,0,0,270000,0,0,0,270000,0,270000,270000
057720,日電貿元富98購01,0,0,0,0,0,0,0,0,0,270000,0,0,0,270000,0,270000,270000
05855P,滬深2X中信9C售01,0,0,0,0,0,0,0,0,0,269000,0,0,0,269000,0,269000,269000
00651R,FH香港反1       ,0,0,0,0,0,0,0,0,0,268000,0,0,0,297000,29000,268000,268000
059782,A50正2元大9C購04,0,0,0,0,0,0,0,0,0,268000,0,0,0,310000,42000,268000,268000
056588,聯發科統一9A購02,0,0,0,0,0,0,0,0,0,267000,0,0,0,287000,20000,267000,267000
3533,嘉澤            ,525000,299000,226000,0,0,0,65000,38000,27000,13000,88000,120000,-32000,60000,15000,45000,266000
061660,禾伸堂永豐9A購01,0,0,0,0,0,0,0,0,0,265000,0,0,0,388000,123000,265000,265000
061244,和碩兆豐9A購01  ,0,0,0,0,0,0,0,0,0,265000,0,0,0,414000,149000,265000,265000
060282,聚陽元大9A購01  ,0,0,0,0,0,0,0,0,0,264000,0,0,0,413000,149000,264000,264000
060993,健策元大9B購03  ,0,0,0,0,0,0,0,0,0,263000,0,0,0,263000,0,263000,263000
056996,矽力日盛99購01  ,0,0,0,0,0,0,0,0,0,263000,0,0,0,353000,90000,263000,263000
5305,敦南            ,430000,182000,248000,0,0,0,0,0,0,15000,15000,0,15000,0,0,0,263000
060966,台表科凱基9B購01,0,0,0,0,0,0,0,0,0,261000,0,0,0,1193000,932000,261000,261000
1201,味全            ,368000,92000,276000,0,0,0,0,0,0,-15000,0,0,0,0,15000,-15000,261000
061001,智邦兆豐9B購01  ,0,0,0,0,0,0,0,0,0,260000,0,0,0,484000,224000,260000,260000
060631,微星富邦9B購01  ,0,0,0,0,0,0,0,0,0,260000,0,0,0,325000,65000,260000,260000
052569,聯發科凱基96購08,0,0,0,0,0,0,0,0,0,260000,0,0,0,260000,0,260000,260000
054833,京鼎中信97購01  ,0,0,0,0,0,0,0,0,0,260000,0,0,0,260000,0,260000,260000
056337,聯發科凱基98購06,0,0,0,0,0,0,0,0,0,260000,0,0,0,260000,0,260000,260000
056389,鴻海富邦99購01  ,0,0,0,0,0,0,0,0,0,260000,0,0,0,280000,20000,260000,260000
1734,杏輝            ,292000,36000,256000,0,0,0,0,0,0,4000,4000,0,4000,0,0,0,260000
07706P,長榮航元大9A售03,0,0,0,0,0,0,0,0,0,260000,0,0,0,260000,0,260000,260000
058686,祥碩凱基99購03  ,0,0,0,0,0,0,0,0,0,259000,0,0,0,527000,268000,259000,259000
060766,世芯元大9A購02  ,0,0,0,0,0,0,0,0,0,258000,0,0,0,374000,116000,258000,258000
00654R,富邦印度反1     ,58000,39000,19000,0,0,0,0,0,0,239000,0,0,0,282000,43000,239000,258000
060165,上緯控永豐9A購01,0,0,0,0,0,0,0,0,0,258000,0,0,0,275000,17000,258000,258000
062406,臻鼎永豐9B購01  ,0,0,0,0,0,0,0,0,0,257000,0,0,0,257000,0,257000,257000
052658,友達元富9C購01  ,0,0,0,0,0,0,0,0,0,255000,0,0,0,255000,0,255000,255000
07630P,臺股指凱基9A售11,0,0,0,0,0,0,0,0,0,255000,0,0,0,258000,3000,255000,255000
07404P,華新科凱基99售10,0,0,0,0,0,0,0,0,0,255000,0,0,0,255000,0,255000,255000
1711,永光            ,308000,64000,244000,0,0,0,0,0,0,10000,10000,0,10000,0,0,0,254000
062378,台表科元大9C購01,0,0,0,0,0,0,0,0,0,251000,0,0,0,305000,54000,251000,251000
060037,鴻海國票99購10  ,0,0,0,0,0,0,0,0,0,251000,0,0,0,251000,0,251000,251000
07389P,臺股指群益9C售08,0,0,0,0,0,0,0,0,0,251000,0,0,0,261000,10000,251000,251000
060907,金像電元大9A購02,0,0,0,0,0,0,0,0,0,250000,0,0,0,469000,219000,250000,250000
053614,台積電群益96購08,0,0,0,0,0,0,0,0,0,250000,0,0,0,250000,0,250000,250000
058505,台積電元大99購08,0,0,0,0,0,0,0,0,0,250000,0,0,0,290000,40000,250000,250000
058532,禾伸堂元富99購01,0,0,0,0,0,0,0,0,0,250000,0,0,0,250000,0,250000,250000
059895,T50反1元大99購12,0,0,0,0,0,0,0,0,0,250000,0,0,0,250000,0,250000,250000
057547,技嘉凱基99購01  ,0,0,0,0,0,0,0,0,0,250000,0,0,0,253000,3000,250000,250000
07263P,台積電元大99售37,0,0,0,0,0,0,0,0,0,250000,0,0,0,375000,125000,250000,250000
4551,智伸科          ,360000,186000,174000,0,0,0,0,0,0,76000,35000,0,35000,41000,0,41000,250000
5519,隆大            ,282000,33000,249000,0,0,0,0,0,0,0,0,0,0,0,0,0,249000
062481,同欣電國票9B購01,0,0,0,0,0,0,0,0,0,248000,0,0,0,264000,16000,248000,248000
07468P,聯電元大9A售02  ,0,0,0,0,0,0,0,0,0,247000,0,0,0,249000,2000,247000,247000
062474,台表科凱基9C購01,0,0,0,0,0,0,0,0,0,246000,0,0,0,366000,120000,246000,246000
062411,玉晶光第一9B購01,0,0,0,0,0,0,0,0,0,246000,0,0,0,246000,0,246000,246000
061688,華通群益9A購07  ,0,0,0,0,0,0,0,0,0,246000,0,0,0,324000,78000,246000,246000
057092,健策元富98購01  ,0,0,0,0,0,0,0,0,0,245000,0,0,0,245000,0,245000,245000
060373,元金2X元富9A購01,0,0,0,0,0,0,0,0,0,245000,0,0,0,249000,4000,245000,245000
07802P,瑞昱永豐9A售03  ,0,0,0,0,0,0,0,0,0,245000,0,0,0,262000,17000,245000,245000
1909,榮成            ,761000,579000,182000,0,0,0,0,0,0,63000,27000,4000,23000,80000,40000,40000,245000
061511,緯穎富邦9B購02  ,0,0,0,0,0,0,0,0,0,243000,0,0,0,270000,27000,243000,243000
058337,日月光元富99購01,0,0,0,0,0,0,0,0,0,242000,0,0,0,591000,349000,242000,242000
05306P,泰碩國泰97售01  ,0,0,0,0,0,0,0,0,0,240000,0,0,0,294000,54000,240000,240000
059559,T50反1凱基99購07,0,0,0,0,0,0,0,0,0,240000,0,0,0,361000,121000,240000,240000
045053,聯發科元富98購01,0,0,0,0,0,0,0,0,0,239000,0,0,0,415000,176000,239000,239000
05717P,鴻海元大97售07  ,0,0,0,0,0,0,0,0,0,238000,0,0,0,248000,10000,238000,238000
061656,華新科國票9A購08,0,0,0,0,0,0,0,0,0,237000,0,0,0,300000,63000,237000,237000
062482,台表科國票9B購01,0,0,0,0,0,0,0,0,0,236000,0,0,0,236000,0,236000,236000
062334,健策統一9B購02  ,0,0,0,0,0,0,0,0,0,236000,0,0,0,246000,10000,236000,236000
2615,萬海            ,320000,123000,197000,0,0,0,0,0,0,39000,39000,0,39000,0,0,0,236000
2103,台橡            ,382000,160000,222000,0,0,0,0,0,0,13985,14000,0,14000,0,15,-15,235985
04854P,鴻海國泰96售04  ,0,0,0,0,0,0,0,0,0,235000,0,0,0,245000,10000,235000,235000
05731P,創意統一96售03  ,0,0,0,0,0,0,0,0,0,235000,0,0,0,235000,0,235000,235000
07714P,世紀鋼元大9A售03,0,0,0,0,0,0,0,0,0,235000,0,0,0,292000,57000,235000,235000
3515,華擎            ,726000,434000,292000,0,0,0,50000,0,50000,-107000,49000,58000,-9000,22000,120000,-98000,235000
060695,同欣電麥證9A購01,0,0,0,465000,231000,234000,0,0,0,234000,0,0,0,465000,231000,234000,234000
03414B,臺股指凱基99熊01,0,65000,-65000,0,0,0,0,0,0,299000,0,0,0,376000,77000,299000,234000
05978P,麗豐永豐96售02  ,0,0,0,0,0,0,0,0,0,234000,0,0,0,235000,1000,234000,234000
058139,臻鼎元大99購01  ,0,0,0,0,0,0,0,0,0,233000,0,0,0,265000,32000,233000,233000
058926,勤誠元富99購01  ,0,0,0,0,0,0,0,0,0,233000,0,0,0,519000,286000,233000,233000
07316P,長榮航康和99售01,0,0,0,0,0,0,0,0,0,233000,0,0,0,234000,1000,233000,233000
061628,緯穎群益9A購04  ,0,0,0,0,0,0,0,0,0,232000,0,0,0,315000,83000,232000,232000
055716,致茂元大97購01  ,0,0,0,0,0,0,0,0,0,232000,0,0,0,232000,0,232000,232000
2607,榮運            ,209000,0,209000,0,0,0,0,0,0,23000,23000,0,23000,0,0,0,232000
058017,漢唐凱基99購01  ,0,0,0,0,0,0,0,0,0,230000,0,0,0,230000,0,230000,230000
07471P,南亞科元大9A售01,0,0,0,0,0,0,0,0,0,230000,0,0,0,263000,33000,230000,230000
050570,聯發科中信97購02,0,0,0,0,0,0,0,0,0,229000,0,0,0,230000,1000,229000,229000
059038,健策群益9A購02  ,0,0,0,0,0,0,0,0,0,229000,0,0,0,386000,157000,229000,229000
061801,祥碩永豐9B購01  ,0,0,0,0,0,0,0,0,0,228000,0,0,0,408000,180000,228000,228000
061476,大毅元大9A購02  ,0,0,0,0,0,0,0,0,0,228000,0,0,0,356000,128000,228000,228000
059560,T50反1凱基99購08,0,0,0,0,0,0,0,0,0,228000,0,0,0,228000,0,228000,228000
07922P,大立光群益9B售05,0,0,0,0,0,0,0,0,0,227000,0,0,0,600000,373000,227000,227000
2845,遠東銀          ,416000,190000,226000,0,0,0,0,0,0,0,0,0,0,0,0,0,226000
2492,華新科          ,4186050,2896000,1290050,0,0,0,0,668000,-668000,-397000,43000,174000,-131000,112000,378000,-266000,225050
060417,正隆永豐9A購01  ,0,0,0,0,0,0,0,0,0,225000,0,0,0,839000,614000,225000,225000
058820,致茂國泰9B購01  ,0,0,0,0,0,0,0,0,0,225000,0,0,0,327000,102000,225000,225000
07531P,大立光國泰9B售03,0,0,0,0,0,0,0,0,0,225000,0,0,0,620000,395000,225000,225000
051423,GIS國票97購01   ,0,0,0,0,0,0,0,0,0,224000,0,0,0,326000,102000,224000,224000
07659P,中租凱基9A售02  ,0,0,0,0,0,0,0,0,0,224000,0,0,0,224000,0,224000,224000
1504,東元            ,769000,652000,117000,0,0,0,0,0,0,106000,56000,0,56000,77000,27000,50000,223000
06789P,鴻海凱基98售12  ,0,0,0,0,0,0,0,0,0,222000,0,0,0,342000,120000,222000,222000
06608P,立積群益99售02  ,0,0,0,0,0,0,0,0,0,221000,0,0,0,794000,573000,221000,221000
061887,祥碩國泰9C購01  ,0,0,0,0,0,0,0,0,0,221000,0,0,0,296000,75000,221000,221000
060784,鴻海富邦9C購01  ,0,0,0,0,0,0,0,0,0,221000,0,0,0,560000,339000,221000,221000
059259,FBVIX中信03購06 ,0,0,0,0,0,0,0,0,0,221000,0,0,0,225000,4000,221000,221000
8341,日友            ,256000,43000,213000,0,0,0,0,0,0,8000,8000,0,8000,0,0,0,221000
061168,力成兆豐9A購01  ,0,0,0,0,0,0,0,0,0,220000,0,0,0,250000,30000,220000,220000
06959P,鴻海凱基9A售02  ,0,0,0,0,0,0,0,0,0,220000,0,0,0,270000,50000,220000,220000
03566P,臺股指日盛03售01,0,0,0,0,0,0,0,0,0,220000,0,0,0,220000,0,220000,220000
057895,全新元富9B購01  ,0,0,0,0,0,0,0,0,0,220000,0,0,0,220000,0,220000,220000
057071,華擎永豐98購02  ,0,0,0,0,0,0,0,0,0,220000,0,0,0,411000,191000,220000,220000
060352,滬深2X元富9A購02,0,0,0,0,0,0,0,0,0,220000,0,0,0,230000,10000,220000,220000
2905,三商            ,245000,37000,208000,0,0,0,0,0,0,12000,12000,0,12000,0,0,0,220000
061914,台光電中信9B購01,0,0,0,0,0,0,0,0,0,219000,0,0,0,232000,13000,219000,219000
058531,華通元富99購01  ,0,0,0,0,0,0,0,0,0,219000,0,0,0,219000,0,219000,219000
056044,同欣電凱基97購03,0,0,0,0,0,0,0,0,0,219000,0,0,0,324000,105000,219000,219000
057958,禾伸堂元大99購05,0,0,0,0,0,0,0,0,0,219000,0,0,0,301000,82000,219000,219000
07874P,長榮航群益9B售01,0,0,0,0,0,0,0,0,0,219000,0,0,0,222000,3000,219000,219000
055705,微星永豐97購01  ,0,0,0,0,0,0,0,0,0,218000,0,0,0,218000,0,218000,218000
060344,聯發科統一01購01,0,0,0,0,0,0,0,0,0,217000,0,0,0,232000,15000,217000,217000
059957,中信金康和99購01,0,0,0,0,0,0,0,0,0,217000,0,0,0,218000,1000,217000,217000
062128,祥碩統一01購01  ,0,0,0,0,0,0,0,0,0,216000,0,0,0,836000,620000,216000,216000
060016,廣達康和99購01  ,0,0,0,0,0,0,0,0,0,216000,0,0,0,285000,69000,216000,216000
060051,台積電凱基9B購01,0,0,0,0,0,0,0,0,0,216000,0,0,0,262000,46000,216000,216000
058523,聯茂元大99購08  ,0,0,0,0,0,0,0,0,0,215000,0,0,0,344000,129000,215000,215000
07694P,超眾元大9A售05  ,0,0,0,0,0,0,0,0,0,215000,0,0,0,331000,116000,215000,215000
060045,嘉晶群益99購02  ,0,0,0,0,0,0,0,0,0,214000,0,0,0,214000,0,214000,214000
061264,全新凱基9B購01  ,0,0,0,0,0,0,0,0,0,213000,0,0,0,215000,2000,213000,213000
00686R,群益臺灣加權反1 ,0,0,0,0,0,0,0,0,0,213000,0,0,0,256000,43000,213000,213000
2458,義隆            ,1009000,952000,57000,0,0,0,246000,0,246000,-90000,4000,68000,-64000,6000,32000,-26000,213000
061071,復盛凱基9A購01  ,0,0,0,0,0,0,0,0,0,212000,0,0,0,340000,128000,212000,212000
06509P,鴻海群益98售03  ,0,0,0,0,0,0,0,0,0,212000,0,0,0,227000,15000,212000,212000
052752,臺股指元大96購06,0,0,0,0,0,0,0,0,0,212000,0,0,0,212000,0,212000,212000
058830,健策永豐99購02  ,0,0,0,0,0,0,0,0,0,212000,0,0,0,239000,27000,212000,212000
07805P,義隆永豐9A售02  ,0,0,0,0,0,0,0,0,0,212000,0,0,0,252000,40000,212000,212000
07966P,瑞祺群益9B售02  ,0,0,0,0,0,0,0,0,0,212000,0,0,0,252000,40000,212000,212000
06067P,華新科康和97售01,0,0,0,0,0,0,0,0,0,210000,0,0,0,566000,356000,210000,210000
058093,神達元大9A購01  ,0,0,0,0,0,0,0,0,0,210000,0,0,0,260000,50000,210000,210000
2348,海悅            ,225000,15000,210000,0,0,0,0,0,0,0,0,0,0,0,0,0,210000
06900P,FBVIX國票12售01 ,0,0,0,0,0,0,0,0,0,209000,0,0,0,209000,0,209000,209000
060107,旭富元大99購03  ,0,0,0,0,0,0,0,0,0,209000,0,0,0,433000,224000,209000,209000
059019,元石油統一9B購03,0,0,0,0,0,0,0,0,0,209000,0,0,0,584000,375000,209000,209000
062300,T50反1中信03購02,0,0,0,0,0,0,0,0,0,208000,0,0,0,208000,0,208000,208000
1476,儒鴻            ,1163000,1186000,-23000,0,0,0,0,0,0,231000,214000,22000,192000,43000,4000,39000,208000
07703P,玉晶光中信9B售03,0,0,0,0,0,0,0,0,0,208000,0,0,0,210000,2000,208000,208000
060654,大毅群益9B購01  ,0,0,0,0,0,0,0,0,0,207000,0,0,0,207000,0,207000,207000
054354,技嘉富邦97購01  ,0,0,0,0,0,0,0,0,0,207000,0,0,0,377000,170000,207000,207000
060825,聯詠元大9A購05  ,0,0,0,0,0,0,0,0,0,206000,0,0,0,337000,131000,206000,206000
062053,華通統一9C購02  ,0,0,0,0,0,0,0,0,0,206000,0,0,0,232000,26000,206000,206000
04462P,全新元富96售01  ,0,0,0,0,0,0,0,0,0,206000,0,0,0,223000,17000,206000,206000
057173,南亞科元大98購04,0,0,0,0,0,0,0,0,0,206000,0,0,0,317000,111000,206000,206000
057267,康控兆豐99購01  ,0,0,0,0,0,0,0,0,0,206000,0,0,0,216000,10000,206000,206000
058758,台積電群益99購05,0,0,0,0,0,0,0,0,0,206000,0,0,0,206000,0,206000,206000
07416P,台積電元大99售53,0,0,0,0,0,0,0,0,0,206000,0,0,0,214000,8000,206000,206000
058944,元石油群益9C購02,0,0,0,0,0,0,0,0,0,205000,0,0,0,205000,0,205000,205000
058896,中環元大99購03  ,0,0,0,0,0,0,0,0,0,205000,0,0,0,205000,0,205000,205000
07187P,臺股指台新99售10,0,0,0,0,0,0,0,0,0,205000,0,0,0,205000,0,205000,205000
052313,聯電元大98購01  ,0,0,0,0,0,0,0,0,0,204000,0,0,0,219000,15000,204000,204000
055746,同欣電元富97購01,0,0,0,0,0,0,0,0,0,204000,0,0,0,314000,110000,204000,204000
06893P,致新元富98售02  ,0,0,0,0,0,0,0,0,0,203000,0,0,0,330000,127000,203000,203000
060715,日電貿永豐9A購01,0,0,0,0,0,0,0,0,0,203000,0,0,0,320000,117000,203000,203000
061622,臻鼎群益9A購01  ,0,0,0,0,0,0,0,0,0,203000,0,0,0,206000,3000,203000,203000
059262,致茂中信01購01  ,0,0,0,0,0,0,0,0,0,203000,0,0,0,203000,0,203000,203000
059312,元石油元大99購05,0,0,0,0,0,0,0,0,0,203000,0,0,0,232000,29000,203000,203000
056856,華通群益9A購01  ,0,0,0,0,0,0,0,0,0,202000,0,0,0,204000,2000,202000,202000
07766P,美律群益9A售03  ,0,0,0,0,0,0,0,0,0,202000,0,0,0,203000,1000,202000,202000
07948P,大成鋼凱基9B售01,0,0,0,0,0,0,0,0,0,202000,0,0,0,287000,85000,202000,202000
056141,聯茂元大97購05  ,0,0,0,0,0,0,0,0,0,201000,0,0,0,213000,12000,201000,201000
060411,達新永豐9A購01  ,0,0,0,0,0,0,0,0,0,201000,0,0,0,265000,64000,201000,201000
07931P,國巨元大9B售03  ,0,0,0,0,0,0,0,0,0,201000,0,0,0,252000,51000,201000,201000
060647,T50反1第一9A購01,0,0,0,0,0,0,0,0,0,200000,0,0,0,200000,0,200000,200000
060601,技嘉凱基9A購02  ,0,0,0,0,0,0,0,0,0,200000,0,0,0,697000,497000,200000,200000
06853P,華擎元富98售03  ,0,0,0,0,0,0,0,0,0,200000,0,0,0,385000,185000,200000,200000
06903P,技嘉凱基98售04  ,0,0,0,0,0,0,0,0,0,200000,0,0,0,207000,7000,200000,200000
055509,訊芯元大97購03  ,0,0,0,0,0,0,0,0,0,200000,0,0,0,200000,0,200000,200000
04838P,宏達電元大95售02,0,0,0,0,0,0,0,0,0,200000,0,0,0,200000,0,200000,200000
03446B,臺股指元大9B熊26,0,0,0,0,0,0,0,0,0,200000,0,0,0,200000,0,200000,200000
060443,滬深2X元大9A購03,0,0,0,0,0,0,0,0,0,200000,0,0,0,200000,0,200000,200000
058021,牧德凱基98購02  ,0,0,0,0,0,0,0,0,0,200000,0,0,0,200000,0,200000,200000
057269,鈺齊兆豐98購01  ,0,0,0,0,0,0,0,0,0,200000,0,0,0,200000,0,200000,200000
07381P,鴻海群益99售05  ,0,0,0,0,0,0,0,0,0,200000,0,0,0,200000,0,200000,200000
3010,華立            ,181000,16000,165000,0,0,0,0,0,0,35000,35000,0,35000,0,0,0,200000
053889,致茂群益97購01  ,0,0,0,0,0,0,0,0,0,199000,0,0,0,249000,50000,199000,199000
1409,新纖            ,390000,213000,177000,0,0,0,0,0,0,22000,22000,0,22000,0,0,0,199000
07392P,台積電國泰02售01,0,0,0,0,0,0,0,0,0,199000,0,0,0,214000,15000,199000,199000
4967,十銓            ,380000,285000,95000,0,0,0,0,0,0,104000,104000,0,104000,0,0,0,199000
07067P,旺宏台新99售02  ,0,0,0,0,0,0,0,0,0,198000,0,0,0,290000,92000,198000,198000
051791,智伸科國票96購01,0,0,0,0,0,0,0,0,0,198000,0,0,0,198000,0,198000,198000
054864,聯發科群益97購02,0,0,0,0,0,0,0,0,0,198000,0,0,0,198000,0,198000,198000
054043,漢唐元大97購01  ,0,0,0,0,0,0,0,0,0,198000,0,0,0,198000,0,198000,198000
057258,中環兆豐98購01  ,0,0,0,0,0,0,0,0,0,198000,0,0,0,198000,0,198000,198000
056713,華擎永豐98購01  ,0,0,0,0,0,0,0,0,0,198000,0,0,0,203000,5000,198000,198000
2059,川湖            ,246000,52000,194000,0,0,0,0,0,0,4000,3000,0,3000,1000,0,1000,198000
055063,玉晶光永豐99購01,0,0,0,0,0,0,0,0,0,197000,0,0,0,217000,20000,197000,197000
07226P,貿聯富邦9B售01  ,0,0,0,0,0,0,0,0,0,197000,0,0,0,200000,3000,197000,197000
062110,華擎國票9B購01  ,0,0,0,0,0,0,0,0,0,196000,0,0,0,208000,12000,196000,196000
052235,聯發科國票96購02,0,0,0,0,0,0,0,0,0,196000,0,0,0,300000,104000,196000,196000
3669,圓展            ,290000,94000,196000,0,0,0,0,0,0,0,0,0,0,0,0,0,196000
050915,健策中信98購01  ,0,0,0,0,0,0,0,0,0,195000,0,0,0,205000,10000,195000,195000
056835,聯電元富99購01  ,0,0,0,0,0,0,0,0,0,195000,0,0,0,280000,85000,195000,195000
06504P,麗豐國票99售02  ,0,0,0,0,0,0,0,0,0,194000,0,0,0,194000,0,194000,194000
061734,全新中信9B購02  ,0,0,0,0,0,0,0,0,0,194000,0,0,0,339000,145000,194000,194000
9955,佳龍            ,242000,48000,194000,0,0,0,0,0,0,0,0,0,0,0,0,0,194000
07731P,臺股指凱基9A售28,0,0,0,0,0,0,0,0,0,194000,0,0,0,289000,95000,194000,194000
9935,慶豐富          ,250000,57000,193000,0,0,0,0,0,0,0,0,0,0,0,0,0,193000
056463,台虹凱基98購02  ,0,0,0,0,0,0,0,0,0,192000,0,0,0,322000,130000,192000,192000
054339,聯詠統一96購02  ,0,0,0,0,0,0,0,0,0,192000,0,0,0,192000,0,192000,192000
05569P,漢唐統一97售01  ,0,0,0,0,0,0,0,0,0,192000,0,0,0,299000,107000,192000,192000
058773,和碩兆豐99購01  ,0,0,0,0,0,0,0,0,0,192000,0,0,0,192000,0,192000,192000
060687,GIS元大9A購01   ,0,0,0,0,0,0,0,0,0,191000,0,0,0,210000,19000,191000,191000
054166,日電貿凱基98購01,0,0,0,0,0,0,0,0,0,191000,0,0,0,211000,20000,191000,191000
055153,台光電元大98購02,0,0,0,0,0,0,0,0,0,191000,0,0,0,266000,75000,191000,191000
00676R,富邦臺灣加權反1 ,0,0,0,0,0,0,0,0,0,191000,0,0,0,1157000,966000,191000,191000
046942,友達元大99購01  ,0,0,0,0,0,0,0,0,0,191000,0,0,0,241000,50000,191000,191000
07500P,微星元大9A售01  ,0,0,0,0,0,0,0,0,0,191000,0,0,0,244000,53000,191000,191000
061189,可成富邦9B購02  ,0,0,0,0,0,0,0,0,0,190000,0,0,0,190000,0,190000,190000
053450,同欣電凱基96購02,0,0,0,0,0,0,0,0,0,190000,0,0,0,190000,0,190000,190000
051594,和碩元大96購01  ,0,0,0,0,0,0,0,0,0,190000,0,0,0,290000,100000,190000,190000
053921,嘉晶國票97購03  ,0,0,0,0,0,0,0,0,0,190000,0,0,0,220000,30000,190000,190000
054859,鴻海群益97購02  ,0,0,0,0,0,0,0,0,0,190000,0,0,0,200000,10000,190000,190000
060371,A50正2元富01購01,0,0,0,0,0,0,0,0,0,190000,0,0,0,200000,10000,190000,190000
00762,元大全球AI      ,0,0,0,0,0,0,0,0,0,189000,0,0,0,189000,0,189000,189000
057721,華擎元富98購02  ,0,0,0,0,0,0,0,0,0,189000,0,0,0,422000,233000,189000,189000
07685P,玉晶光凱基9B售03,0,0,0,0,0,0,0,0,0,189000,0,0,0,320000,131000,189000,189000
059369,滬深2X元富9C購01,0,0,0,0,0,0,0,0,0,188000,0,0,0,188000,0,188000,188000
059338,滬深2X凱基9C購02,0,0,0,0,0,0,0,0,0,188000,0,0,0,192000,4000,188000,188000
07255P,國巨凱基99售15  ,0,0,0,0,0,0,0,0,0,188000,0,0,0,220000,32000,188000,188000
2107,厚生            ,205000,21000,184000,0,0,0,0,0,0,4000,4000,0,4000,0,0,0,188000
8110,華東            ,223000,42000,181000,0,0,0,0,0,0,7000,7000,0,7000,0,0,0,188000
6189,豐藝            ,65000,9000,56000,0,0,0,0,0,0,132000,132000,0,132000,0,0,0,188000
061357,寶成元大9A購01  ,0,0,0,0,0,0,0,0,0,187000,0,0,0,321000,134000,187000,187000
060540,南亞凱基9A購01  ,0,0,0,0,0,0,0,0,0,187000,0,0,0,188000,1000,187000,187000
055902,同欣電中信99購01,0,0,0,0,0,0,0,0,0,187000,0,0,0,478000,291000,187000,187000
6251,定穎            ,1048000,873000,175000,0,0,0,0,0,0,12000,12000,0,12000,0,0,0,187000
07009P,臺股指中信9B售01,0,0,0,0,0,0,0,0,0,186000,0,0,0,186000,0,186000,186000
1773,勝一            ,122000,20000,102000,0,0,0,0,0,0,84000,84000,0,84000,0,0,0,186000
07178P,臺股指凱基99售20,0,0,0,0,0,0,0,0,0,185000,0,0,0,186000,1000,185000,185000
07629P,臺股指凱基9A售10,0,0,0,0,0,0,0,0,0,185000,0,0,0,185000,0,185000,185000
058535,玉晶光統一9A購06,0,0,0,0,0,0,0,0,0,184000,0,0,0,239000,55000,184000,184000
055094,智易群益98購01  ,0,0,0,0,0,0,0,0,0,184000,0,0,0,220000,36000,184000,184000
057883,中環群益98購01  ,0,0,0,0,0,0,0,0,0,184000,0,0,0,318000,134000,184000,184000
07179P,臺股指凱基99售21,0,0,0,0,0,0,0,0,0,184000,0,0,0,184000,0,184000,184000
061111,台表科元大9A購02,0,0,0,0,0,0,0,0,0,183000,0,0,0,341000,158000,183000,183000
060367,緯穎元富9A購02  ,0,0,0,0,0,0,0,0,0,183000,0,0,0,668000,485000,183000,183000
4536,拓凱            ,169000,56000,113000,0,0,0,70000,0,70000,0,0,0,0,0,0,0,183000
061289,玉晶光統一01購03,0,0,0,0,0,0,0,0,0,182000,0,0,0,198000,16000,182000,182000
058439,玉晶光統一01購02,0,0,0,0,0,0,0,0,0,182000,0,0,0,242000,60000,182000,182000
058569,健策凱基9A購01  ,0,0,0,0,0,0,0,0,0,182000,0,0,0,202000,20000,182000,182000
053048,同欣電麥證96購01,0,0,0,182000,0,182000,0,0,0,182000,0,0,0,182000,0,182000,182000
061147,上証2X群益9C購06,0,0,0,0,0,0,0,0,0,181000,0,0,0,181000,0,181000,181000
1731,美吾華          ,230000,49000,181000,0,0,0,0,0,0,0,0,0,0,0,0,0,181000
06936P,瑞儀元大98售01  ,0,0,0,0,0,0,0,0,0,180000,0,0,0,180000,0,180000,180000
052813,T50正2永豐96購01,0,0,0,0,0,0,0,0,0,180000,0,0,0,180000,0,180000,180000
059617,A50正2群益01購02,0,0,0,0,0,0,0,0,0,180000,0,0,0,180000,0,180000,180000
055987,台表科元富97購01,0,0,0,0,0,0,0,0,0,179000,0,0,0,292000,113000,179000,179000
07476P,鴻海群益9A售04  ,0,0,0,0,0,0,0,0,0,179000,0,0,0,200000,21000,179000,179000
059308,T50反1元大99購07,0,0,0,0,0,0,0,0,0,178000,0,0,0,200000,22000,178000,178000
2390,云辰            ,187000,9000,178000,0,0,0,0,0,0,0,0,0,0,0,0,0,178000
6414,樺漢            ,251678,95000,156678,0,0,0,0,0,0,21000,29000,5000,24000,6000,9000,-3000,177678
061022,健策國泰9B購03  ,0,0,0,0,0,0,0,0,0,177000,0,0,0,410000,233000,177000,177000
054843,中環兆豐97購01  ,0,0,0,0,0,0,0,0,0,177000,0,0,0,2100000,1923000,177000,177000
07086P,力成元富9C售01  ,0,0,0,0,0,0,0,0,0,176000,0,0,0,284000,108000,176000,176000
059311,元石油元大99購04,0,0,0,0,0,0,0,0,0,176000,0,0,0,208000,32000,176000,176000
058088,鴻海元大9A購01  ,0,0,0,0,0,0,0,0,0,176000,0,0,0,179000,3000,176000,176000
057857,牧德國票99購01  ,0,0,0,0,0,0,0,0,0,176000,0,0,0,176000,0,176000,176000
07304P,臺股指元大9A售37,0,0,0,0,0,0,0,0,0,176000,0,0,0,292000,116000,176000,176000
060891,世芯統一9A購01  ,0,0,0,0,0,0,0,0,0,175000,0,0,0,175000,0,175000,175000
060649,國巨第一9A購01  ,0,0,0,0,0,0,0,0,0,175000,0,0,0,255000,80000,175000,175000
060626,貿聯元大9A購04  ,0,0,0,0,0,0,0,0,0,175000,0,0,0,177000,2000,175000,175000
061600,聯電凱基9B購01  ,0,0,0,0,0,0,0,0,0,175000,0,0,0,175000,0,175000,175000
00753L,中信中國50正2   ,318000,267000,51000,0,0,0,0,0,0,124000,0,0,0,447000,323000,124000,175000
1464,得力            ,182000,21000,161000,0,0,0,0,0,0,14000,14000,0,14000,0,0,0,175000
6456,GIS-KY          ,493000,309000,184000,0,0,0,0,0,0,-9000,8000,13000,-5000,22000,26000,-4000,175000
06832P,玉晶光凱基98售03,0,0,0,0,0,0,0,0,0,174000,0,0,0,265000,91000,174000,174000
1802,台玻            ,270000,126000,144000,0,0,0,0,0,0,30000,30000,0,30000,0,0,0,174000
055181,日電貿統一97購01,0,0,0,0,0,0,0,0,0,173000,0,0,0,173000,0,173000,173000
055690,矽力凱基97購02  ,0,0,0,0,0,0,0,0,0,173000,0,0,0,238000,65000,173000,173000
060128,健策永豐99購06  ,0,0,0,0,0,0,0,0,0,173000,0,0,0,215000,42000,173000,173000
059005,嘉晶元大99購06  ,0,0,0,0,0,0,0,0,0,173000,0,0,0,495000,322000,173000,173000
054349,同欣電國票97購02,0,0,0,0,0,0,0,0,0,172000,0,0,0,202000,30000,172000,172000
4164,承業醫          ,196000,25000,171000,0,0,0,0,0,0,1000,1000,0,1000,0,0,0,172000
053350,台表科國票97購02,0,0,0,0,0,0,0,0,0,171000,0,0,0,181000,10000,171000,171000
053198,亞德客日盛96購01,0,0,0,0,0,0,0,0,0,171000,0,0,0,172000,1000,171000,171000
6452,康友-KY         ,235000,90000,145000,0,0,0,0,0,0,26000,2000,0,2000,25000,1000,24000,171000
06766P,玉晶光元大99售10,0,0,0,0,0,0,0,0,0,170000,0,0,0,469000,299000,170000,170000
062067,滬深2X元大9B購01,0,0,0,0,0,0,0,0,0,170000,0,0,0,200000,30000,170000,170000
060700,華新科國泰9C購01,0,0,0,0,0,0,0,0,0,170000,0,0,0,198000,28000,170000,170000
058568,宏達電凱基9A購02,0,0,0,0,0,0,0,0,0,170000,0,0,0,250000,80000,170000,170000
056087,世芯統一97購01  ,0,0,0,0,0,0,0,0,0,170000,0,0,0,229000,59000,170000,170000
059903,S&P正2元大99購02,0,0,0,0,0,0,0,0,0,170000,0,0,0,170000,0,170000,170000
059816,聯電凱基99購03  ,0,0,0,0,0,0,0,0,0,170000,0,0,0,187000,17000,170000,170000
062112,祥碩國票9C購01  ,0,0,0,0,0,0,0,0,0,169000,0,0,0,279000,110000,169000,169000
056002,嘉晶永豐97購01  ,0,0,0,0,0,0,0,0,0,169000,0,0,0,229000,60000,169000,169000
057283,欣興元大98購07  ,0,0,0,0,0,0,0,0,0,169000,0,0,0,178000,9000,169000,169000
058406,聯茂元大99購06  ,0,0,0,0,0,0,0,0,0,169000,0,0,0,312000,143000,169000,169000
07880P,可成群益9B售05  ,0,0,0,0,0,0,0,0,0,169000,0,0,0,181000,12000,169000,169000
062085,同欣電元大9B購01,0,0,0,0,0,0,0,0,0,168000,0,0,0,190000,22000,168000,168000
061680,崇越元大9A購01  ,0,0,0,0,0,0,0,0,0,168000,0,0,0,168000,0,168000,168000
054528,台光電統一96購02,0,0,0,0,0,0,0,0,0,168000,0,0,0,168000,0,168000,168000
058557,健策第一01購01  ,0,0,0,0,0,0,0,0,0,168000,0,0,0,199000,31000,168000,168000
1526,日馳            ,213000,46000,167000,0,0,0,0,0,0,1000,1000,0,1000,0,0,0,168000
1305,華夏            ,512000,582000,-70000,0,0,0,0,0,0,238000,243000,5000,238000,0,0,0,168000
6177,達麗            ,191000,28000,163000,0,0,0,0,0,0,5000,5000,0,5000,0,0,0,168000
03680C,臺股指凱基9A牛26,0,0,0,0,0,0,0,0,0,167000,0,0,0,961000,794000,167000,167000
06396P,新日興康和97售01,0,0,0,0,0,0,0,0,0,166000,0,0,0,166000,0,166000,166000
062559,嘉晶凱基9B購02  ,0,0,0,0,0,0,0,0,0,166000,0,0,0,274000,108000,166000,166000
06652P,長榮航元大98售01,0,0,0,0,0,0,0,0,0,165000,0,0,0,165000,0,165000,165000
052054,台表科凱基96購01,0,0,0,0,0,0,0,0,0,165000,0,0,0,165000,0,165000,165000
6230,超眾            ,258000,168000,90000,0,0,0,63000,0,63000,11000,1000,0,1000,24000,14000,10000,164000
055404,超眾元富97購01  ,0,0,0,0,0,0,0,0,0,163000,0,0,0,383000,220000,163000,163000
06365P,鴻海凱基97售09  ,0,0,0,0,0,0,0,0,0,162000,0,0,0,200000,38000,162000,162000
062225,華擎統一01購01  ,0,0,0,0,0,0,0,0,0,162000,0,0,0,290000,128000,162000,162000
062425,可成統一01購01  ,0,0,0,0,0,0,0,0,0,162000,0,0,0,212000,50000,162000,162000
06937P,GIS元大98售03   ,0,0,0,0,0,0,0,0,0,161000,0,0,0,282000,121000,161000,161000
045054,聯發科元富98購02,0,0,0,0,0,0,0,0,0,161000,0,0,0,161000,0,161000,161000
052843,鴻海統一96購09  ,0,0,0,0,0,0,0,0,0,160000,0,0,0,160000,0,160000,160000
056415,聯發科中信98購04,0,0,0,0,0,0,0,0,0,160000,0,0,0,160000,0,160000,160000
058226,世芯元富99購01  ,0,0,0,0,0,0,0,0,0,160000,0,0,0,160000,0,160000,160000
059157,元石油凱基9C購01,0,0,0,0,0,0,0,0,0,160000,0,0,0,160000,0,160000,160000
07726P,臺股指凱基9A售18,0,0,0,0,0,0,0,0,0,160000,0,0,0,160000,0,160000,160000
060831,T50反1國票9B購03,0,0,0,0,0,0,0,0,0,159000,0,0,0,160000,1000,159000,159000
053550,聯發科凱基96購15,0,0,0,0,0,0,0,0,0,159000,0,0,0,159000,0,159000,159000
058182,日電貿國泰9A購01,0,0,0,0,0,0,0,0,0,159000,0,0,0,159000,0,159000,159000
1316,上曜            ,176000,26000,150000,0,0,0,0,0,0,8000,8000,0,8000,0,0,0,158000
06332P,世紀鋼群益98售01,0,0,0,0,0,0,0,0,0,157000,0,0,0,162000,5000,157000,157000
058081,技嘉群益9A購03  ,0,0,0,0,0,0,0,0,0,157000,0,0,0,197000,40000,157000,157000
057683,技嘉日盛98購01  ,0,0,0,0,0,0,0,0,0,157000,0,0,0,441000,284000,157000,157000
058975,台灣50凱基01購02,0,0,0,0,0,0,0,0,0,156000,0,0,0,162000,6000,156000,156000
056939,康控元富98購01  ,0,0,0,0,0,0,0,0,0,156000,0,0,0,156000,0,156000,156000
2535,達欣工          ,172000,91000,81000,0,0,0,0,0,0,75000,75000,0,75000,0,0,0,156000
052822,泰碩永豐97購01  ,0,0,0,0,0,0,0,0,0,155000,0,0,0,200000,45000,155000,155000
061772,健策元大9B購06  ,0,0,0,0,0,0,0,0,0,154000,0,0,0,170000,16000,154000,154000
056241,緯創群益97購01  ,0,0,0,0,0,0,0,0,0,154000,0,0,0,225000,71000,154000,154000
058092,牧德元大98購02  ,0,0,0,0,0,0,0,0,0,154000,0,0,0,154000,0,154000,154000
07612P,國巨國泰9B售06  ,0,0,0,0,0,0,0,0,0,154000,0,0,0,302000,148000,154000,154000
06884P,台郡群益98售03  ,0,0,0,0,0,0,0,0,0,153000,0,0,0,263000,110000,153000,153000
055804,祥碩永豐97購02  ,0,0,0,0,0,0,0,0,0,153000,0,0,0,308000,155000,153000,153000
052296,TPK國票96購01   ,0,0,0,0,0,0,0,0,0,153000,0,0,0,153000,0,153000,153000
020015,統一MSCI美低波N ,0,0,0,0,0,0,0,0,0,153000,0,0,0,302000,149000,153000,153000
057670,欣興元大99購02  ,0,0,0,0,0,0,0,0,0,153000,0,0,0,222000,69000,153000,153000
06702P,智邦元富98售01  ,0,0,0,0,0,0,0,0,0,152000,0,0,0,152000,0,152000,152000
060679,聯詠元大9A購04  ,0,0,0,0,0,0,0,0,0,152000,0,0,0,209000,57000,152000,152000
00640L,富邦日本正2     ,0,0,0,0,0,0,0,0,0,152000,0,0,0,518000,366000,152000,152000
053316,友達群益9A購01  ,0,0,0,0,0,0,0,0,0,152000,0,0,0,154000,2000,152000,152000
058201,華通凱基9A購01  ,0,0,0,0,0,0,0,0,0,152000,0,0,0,154000,2000,152000,152000
056611,國巨永豐98購03  ,0,0,0,0,0,0,0,0,0,152000,0,0,0,155000,3000,152000,152000
2939,凱羿-KY         ,163000,19000,144000,0,0,0,0,0,0,8000,8000,0,8000,0,0,0,152000
07991P,鴻海群益9C售02  ,0,0,0,0,0,0,0,0,0,152000,0,0,0,218000,66000,152000,152000
2020,美亞            ,184000,32000,152000,0,0,0,0,0,0,0,0,0,0,0,0,0,152000
061112,台表科元大9A購03,0,0,0,0,0,0,0,0,0,151000,0,0,0,180000,29000,151000,151000
057738,旺宏富邦9A購01  ,0,0,0,0,0,0,0,0,0,151000,0,0,0,151000,0,151000,151000
07786P,南電中信9C售01  ,0,0,0,0,0,0,0,0,0,151000,0,0,0,151000,0,151000,151000
061415,健策群益9A購04  ,0,0,0,0,0,0,0,0,0,150000,0,0,0,150000,0,150000,150000
056124,華通國票98購02  ,0,0,0,0,0,0,0,0,0,150000,0,0,0,151000,1000,150000,150000
052446,聯發科元大96購03,0,0,0,0,0,0,0,0,0,150000,0,0,0,150000,0,150000,150000
047675,群創元富96購03  ,0,0,0,0,0,0,0,0,0,150000,0,0,0,150000,0,150000,150000
057138,亞德客兆豐98購01,0,0,0,0,0,0,0,0,0,150000,0,0,0,222000,72000,150000,150000
061066,嘉晶凱基9B購01  ,0,0,0,0,0,0,0,0,0,149000,0,0,0,275000,126000,149000,149000
056972,祥碩永豐98購02  ,0,0,0,0,0,0,0,0,0,149000,0,0,0,234000,85000,149000,149000
060327,美律群益9A購02  ,0,0,0,0,0,0,0,0,0,149000,0,0,0,170000,21000,149000,149000
07727P,臺股指凱基9A售19,0,0,0,0,0,0,0,0,0,149000,0,0,0,149000,0,149000,149000
07672P,南電元大9A售05  ,0,0,0,0,0,0,0,0,0,149000,0,0,0,159000,10000,149000,149000
07968P,國巨元大9B售09  ,0,0,0,0,0,0,0,0,0,149000,0,0,0,179000,30000,149000,149000
061263,微星凱基9A購01  ,0,0,0,0,0,0,0,0,0,148000,0,0,0,168000,20000,148000,148000
059720,台積電元大99購43,0,0,0,0,0,0,0,0,0,148000,0,0,0,183000,35000,148000,148000
1440,南紡            ,237000,107000,130000,0,0,0,0,0,0,18000,18000,0,18000,0,0,0,148000
061743,祥碩凱基9B購02  ,0,0,0,0,0,0,0,0,0,147000,0,0,0,608000,461000,147000,147000
00770,國泰北美科技    ,0,0,0,0,0,0,0,0,0,147000,0,0,0,147000,0,147000,147000
05052P,友達群益97售01  ,0,0,0,0,0,0,0,0,0,147000,0,0,0,150000,3000,147000,147000
07367P,鴻海凱基99售17  ,0,0,0,0,0,0,0,0,0,147000,0,0,0,202000,55000,147000,147000
07958P,華擎群益9B售01  ,0,0,0,0,0,0,0,0,0,146000,0,0,0,146000,0,146000,146000
2402,毅嘉            ,167000,29000,138000,0,0,0,0,0,0,8000,8000,0,8000,0,0,0,146000
3532,台勝科          ,267000,193000,74000,0,0,0,30000,30000,0,72000,3000,0,3000,82000,13000,69000,146000
06153P,健策元大97售04  ,0,0,0,0,0,0,0,0,0,145000,0,0,0,150000,5000,145000,145000
07040P,台灣50元大9C售02,0,0,0,0,0,0,0,0,0,145000,0,0,0,145000,0,145000,145000
062401,信邦永豐9B購01  ,0,0,0,0,0,0,0,0,0,145000,0,0,0,153000,8000,145000,145000
055235,金寶台新98購01  ,0,0,0,0,0,0,0,0,0,145000,0,0,0,310000,165000,145000,145000
055748,GIS元富97購01   ,0,0,0,0,0,0,0,0,0,145000,0,0,0,145000,0,145000,145000
4155,訊映            ,199000,54000,145000,0,0,0,0,0,0,0,0,0,0,0,0,0,145000
2634,漢翔            ,287000,151000,136000,0,0,0,0,0,0,9000,7000,0,7000,2000,0,2000,145000
07842P,力成元大9A售01  ,0,0,0,0,0,0,0,0,0,145000,0,0,0,180000,35000,145000,145000
061708,同欣電國票9A購02,0,0,0,0,0,0,0,0,0,144000,0,0,0,251000,107000,144000,144000
06005P,晶豪科永豐96售04,0,0,0,0,0,0,0,0,0,144000,0,0,0,165000,21000,144000,144000
058258,世芯國泰9A購01  ,0,0,0,0,0,0,0,0,0,144000,0,0,0,198000,54000,144000,144000
058402,欣興元大99購04  ,0,0,0,0,0,0,0,0,0,144000,0,0,0,159000,15000,144000,144000
4739,康普            ,185000,40000,145000,0,0,0,0,0,0,-1000,4000,2000,2000,0,3000,-3000,144000
060788,嘉晶富邦9B購01  ,0,0,0,0,0,0,0,0,0,143000,0,0,0,453000,310000,143000,143000
07715P,台灣50群益9A售14,0,0,0,0,0,0,0,0,0,143000,0,0,0,298000,155000,143000,143000
07162P,臺股指群益99售13,0,0,0,0,0,0,0,0,0,143000,0,0,0,392000,249000,143000,143000
060887,台積電統一01購01,0,0,0,0,0,0,0,0,0,142000,0,0,0,240000,98000,142000,142000
06249P,億光統一97售02  ,0,0,0,0,0,0,0,0,0,142000,0,0,0,142000,0,142000,142000
058901,美律元大99購07  ,0,0,0,0,0,0,0,0,0,141000,0,0,0,186000,45000,141000,141000
058398,中環元大99購02  ,0,0,0,0,0,0,0,0,0,140000,0,0,0,200000,60000,140000,140000
057598,鴻海群益98購07  ,0,0,0,0,0,0,0,0,0,140000,0,0,0,190000,50000,140000,140000
058082,美律群益98購05  ,0,0,0,0,0,0,0,0,0,140000,0,0,0,140000,0,140000,140000
050797,聯發科中信99購01,0,0,0,0,0,0,0,0,0,139000,0,0,0,139000,0,139000,139000
057616,聯電凱基99購01  ,0,0,0,0,0,0,0,0,0,139000,0,0,0,244000,105000,139000,139000
057169,微星元大98購01  ,0,0,0,0,0,0,0,0,0,139000,0,0,0,139000,0,139000,139000
060916,金像電國泰9C購01,0,0,0,0,0,0,0,0,0,138000,0,0,0,355000,217000,138000,138000
055707,聯鈞永豐98購01  ,0,0,0,0,0,0,0,0,0,138000,0,0,0,138000,0,138000,138000
057349,聯發科統一98購04,0,0,0,0,0,0,0,0,0,138000,0,0,0,276000,138000,138000,138000
057700,新日興群益9A購01,0,0,0,0,0,0,0,0,0,138000,0,0,0,148000,10000,138000,138000
060311,盟立永豐9A購01  ,0,0,0,0,0,0,0,0,0,138000,0,0,0,138000,0,138000,138000
060158,廣達永豐9A購01  ,0,20000,-20000,0,0,0,0,0,0,157000,0,0,0,232000,75000,157000,137000
061953,台積電台新9B購04,0,0,0,0,0,0,0,0,0,136000,0,0,0,183000,47000,136000,136000
052588,玉晶光永豐98購01,0,0,0,0,0,0,0,0,0,136000,0,0,0,136000,0,136000,136000
060245,聯陽元大9C購01  ,0,0,0,0,0,0,0,0,0,136000,0,0,0,218000,82000,136000,136000
057903,聯鈞永豐99購01  ,0,0,0,0,0,0,0,0,0,136000,0,0,0,176000,40000,136000,136000
2453,凌群            ,149000,13000,136000,0,0,0,0,0,0,0,0,0,0,0,0,0,136000
6670,復盛應用        ,173000,59000,114000,0,0,0,0,0,0,22000,26000,0,26000,0,4000,-4000,136000
058947,SGBR2X群益9B購02,0,0,0,0,0,0,0,0,0,135000,0,0,0,366000,231000,135000,135000
5203,訊連            ,227000,51000,176000,0,0,0,0,0,0,-41000,1000,40000,-39000,1000,3000,-2000,135000
056025,嘉晶群益97購01  ,0,0,0,0,0,0,0,0,0,134000,0,0,0,140000,6000,134000,134000
060303,宏達電富邦9B購01,0,0,0,0,0,0,0,0,0,134000,0,0,0,134000,0,134000,134000
3047,訊舟            ,147100,15000,132100,0,0,0,0,0,0,1000,1000,0,1000,0,0,0,133100
061925,禾伸堂凱基9C購01,0,0,0,0,0,0,0,0,0,133000,0,0,0,140000,7000,133000,133000
058581,大立光群益99購05,0,0,0,0,0,0,0,0,0,133000,0,0,0,135000,2000,133000,133000
2208,台船            ,278000,158576,119424,0,0,0,0,0,0,13000,13000,0,13000,0,0,0,132424
061597,南六永豐9A購04  ,0,0,0,0,0,0,0,0,0,132000,0,0,0,269000,137000,132000,132000
058929,可成統一9C購01  ,0,0,0,0,0,0,0,0,0,132000,0,0,0,384000,252000,132000,132000
2727,王品            ,130000,1000,129000,0,0,0,0,0,0,3000,3000,0,3000,0,0,0,132000
2542,興富發          ,1529000,1425000,104000,0,0,0,0,0,0,28000,28000,0,28000,0,0,0,132000
061795,智邦永豐9B購01  ,0,0,0,0,0,0,0,0,0,131000,0,0,0,226000,95000,131000,131000
061086,FBVIX統一01購01 ,0,0,0,0,0,0,0,0,0,131000,0,0,0,131000,0,131000,131000
060573,力成永豐9A購01  ,0,0,0,0,0,0,0,0,0,131000,0,0,0,141000,10000,131000,131000
054425,聯發科富邦99購03,53000,0,53000,0,0,0,0,0,0,78000,0,0,0,78000,0,78000,131000
05994P,奇鋐元大96售02  ,0,0,0,0,0,0,0,0,0,131000,0,0,0,330000,199000,131000,131000
058137,玉晶光元大99購11,0,0,0,0,0,0,0,0,0,131000,0,0,0,355000,224000,131000,131000
061211,玉晶光元大9A購12,0,0,0,0,0,0,0,0,0,130000,0,0,0,150000,20000,130000,130000
062410,台積電第一9B購02,0,0,0,0,0,0,0,0,0,130000,0,0,0,133000,3000,130000,130000
06899P,嘉澤群益98售01  ,0,0,0,0,0,0,0,0,0,130000,0,0,0,371000,241000,130000,130000
06373P,聯發科元大97售22,0,0,0,0,0,0,0,0,0,130000,0,0,0,130000,0,130000,130000
058195,鈺齊永豐99購01  ,0,0,0,0,0,0,0,0,0,130000,0,0,0,130000,0,130000,130000
04731P,臺股指中信96售03,0,0,0,0,0,0,0,0,0,130000,0,0,0,144000,14000,130000,130000
057803,上銀元大98購08  ,0,0,0,0,0,0,0,0,0,130000,0,0,0,130000,0,130000,130000
07744P,奇力新凱基9A售05,0,0,0,0,0,0,0,0,0,130000,0,0,0,150000,20000,130000,130000
8462,柏文            ,104000,39000,65000,0,0,0,30000,0,30000,35000,0,0,0,35000,0,35000,130000
061138,晶技統一9C購01  ,0,0,0,0,0,0,0,0,0,129000,0,0,0,139000,10000,129000,129000
00851,台新全球AI      ,0,0,0,0,0,0,0,0,0,129000,0,0,0,190000,61000,129000,129000
055940,致新群益98購01  ,0,0,0,0,0,0,0,0,0,129000,0,0,0,480000,351000,129000,129000
056092,亞德客元富97購02,0,0,0,0,0,0,0,0,0,129000,0,0,0,130000,1000,129000,129000
060333,金寶康和9A購01  ,0,0,0,0,0,0,0,0,0,129000,0,0,0,129000,0,129000,129000
2617,台航            ,197000,75000,122000,0,0,0,0,0,0,7000,7000,0,7000,0,0,0,129000
061021,聯電國泰9B購01  ,0,0,0,0,0,0,0,0,0,128000,0,0,0,248000,120000,128000,128000
060539,道瓊反凱基9A購01,0,0,0,0,0,0,0,0,0,128000,0,0,0,159000,31000,128000,128000
062054,鴻海統一9C購06  ,0,0,0,0,0,0,0,0,0,128000,0,0,0,153000,25000,128000,128000
059307,T50反1元大99購06,0,0,0,0,0,0,0,0,0,128000,0,0,0,390000,262000,128000,128000
2023,燁輝            ,329000,243000,86000,0,0,0,0,0,0,42000,42000,0,42000,0,0,0,128000
4108,懷特            ,143000,15000,128000,0,0,0,0,0,0,0,0,0,0,0,0,0,128000
07039P,南電台新99售01  ,0,0,0,0,0,0,0,0,0,127000,0,0,0,127000,0,127000,127000
07070P,晶相光元富99售01,0,0,0,0,0,0,0,0,0,127000,0,0,0,130000,3000,127000,127000
057438,禾伸堂國票99購01,0,0,0,0,0,0,0,0,0,127000,0,0,0,127000,0,127000,127000
058153,景碩統一9B購01  ,0,0,0,0,0,0,0,0,0,127000,0,0,0,127000,0,127000,127000
057730,聯鈞國泰9A購01  ,0,0,0,0,0,0,0,0,0,127000,0,0,0,218000,91000,127000,127000
1710,東聯            ,498000,397000,101000,0,0,0,0,0,0,26000,26000,0,26000,0,0,0,127000
1522,堤維西          ,137000,29000,108000,0,0,0,0,0,0,19000,9000,0,9000,10000,0,10000,127000
1104,環泥            ,148000,22000,126000,0,0,0,0,0,0,1000,1000,0,1000,0,0,0,127000
057511,健策統一98購02  ,0,0,0,0,0,0,0,0,0,126000,0,0,0,151000,25000,126000,126000
062453,聚陽群益9C購01  ,0,0,0,0,0,0,0,0,0,125000,0,0,0,266000,141000,125000,125000
050895,聯發科元大97購01,0,0,0,0,0,0,0,0,0,125000,0,0,0,140000,15000,125000,125000
060381,元黃金凱基9A購01,0,0,0,0,0,0,0,0,0,125000,0,0,0,233000,108000,125000,125000
2838,聯邦銀          ,171000,76000,95000,0,0,0,0,0,0,30000,30000,0,30000,0,0,0,125000
07955P,大成鋼群益9B售02,0,0,0,0,0,0,0,0,0,125000,0,0,0,143000,18000,125000,125000
8163,達方            ,275000,155000,120000,0,0,0,0,0,0,5000,6000,0,6000,6000,7000,-1000,125000
06622P,牧德元大98售01  ,0,0,0,0,0,0,0,0,0,124000,0,0,0,124000,0,124000,124000
6541,泰福-KY         ,155000,36000,119000,0,0,0,0,0,0,5000,5000,0,5000,0,0,0,124000
4566,時碩工業        ,129000,5000,124000,0,0,0,0,0,0,0,0,0,0,0,0,0,124000
07867P,晶技元大9B售01  ,0,0,0,0,0,0,0,0,0,124000,0,0,0,258000,134000,124000,124000
056101,光磊永豐98購01  ,0,0,0,0,0,0,0,0,0,123000,0,0,0,123000,0,123000,123000
054403,同欣電永豐96購02,0,0,0,0,0,0,0,0,0,123000,0,0,0,123000,0,123000,123000
057691,健策凱基99購01  ,0,0,0,0,0,0,0,0,0,123000,0,0,0,133000,10000,123000,123000
058094,祥碩元大98購09  ,0,0,0,0,0,0,0,0,0,123000,0,0,0,177000,54000,123000,123000
07751P,世紀鋼凱基9A售02,0,100000,-100000,0,0,0,0,0,0,223000,0,0,0,223000,0,223000,123000
07247P,聯發科凱基9A售06,0,0,0,0,0,0,0,0,0,123000,0,0,0,331000,208000,123000,123000
06783P,亞光元大98售03  ,0,0,0,0,0,0,0,0,0,122000,0,0,0,137000,15000,122000,122000
059650,緯穎凱基99購04  ,0,0,0,0,0,0,0,0,0,122000,0,0,0,160000,38000,122000,122000
057747,致新永豐98購01  ,0,0,0,0,0,0,0,0,0,122000,0,0,0,192000,70000,122000,122000
060421,華擎永豐9A購01  ,0,0,0,0,0,0,0,0,0,122000,0,0,0,162000,40000,122000,122000
3419,譁裕            ,144000,22000,122000,0,0,0,0,0,0,0,0,0,0,0,0,0,122000
061516,力成永豐9A購02  ,0,0,0,0,0,0,0,0,0,121000,0,0,0,136000,15000,121000,121000
057773,技嘉群益9A購02  ,0,0,0,0,0,0,0,0,0,121000,0,0,0,235000,114000,121000,121000
057475,聯電元大9A購01  ,0,0,0,0,0,0,0,0,0,121000,0,0,0,684000,563000,121000,121000
07878P,智邦群益9C售01  ,0,0,0,0,0,0,0,0,0,121000,0,0,0,131000,10000,121000,121000
07879P,瑞昱群益9C售01  ,0,0,0,0,0,0,0,0,0,121000,0,0,0,121000,0,121000,121000
061717,力成凱基9B購01  ,0,0,0,0,0,0,0,0,0,120000,0,0,0,120000,0,120000,120000
07085P,超眾元富9C售01  ,0,0,0,0,0,0,0,0,0,120000,0,0,0,204000,84000,120000,120000
053971,聯發科元大97購09,0,0,0,0,0,0,0,0,0,120000,0,0,0,120000,0,120000,120000
054786,全新群益99購02  ,0,0,0,0,0,0,0,0,0,120000,0,0,0,120000,0,120000,120000
055085,大毅國票97購01  ,0,0,0,0,0,0,0,0,0,120000,0,0,0,140000,20000,120000,120000
053864,義隆元大96購01  ,0,0,0,0,0,0,0,0,0,120000,0,0,0,120000,0,120000,120000
056803,群創台新99購02  ,0,0,0,0,0,0,0,0,0,120000,0,0,0,120000,0,120000,120000
07355P,臺股指國票99售23,0,0,0,0,0,0,0,0,0,120000,0,0,0,200000,80000,120000,120000
07437P,臺股指麥證9A售04,0,0,0,120000,0,120000,0,0,0,120000,0,0,0,120000,0,120000,120000
050754,元金2X元富9B購01,0,0,0,0,0,0,0,0,0,119000,0,0,0,119000,0,119000,119000
057804,為升元大98購01  ,0,0,0,0,0,0,0,0,0,119000,0,0,0,497000,378000,119000,119000
057693,臺股指凱基98購11,0,0,0,0,0,0,0,0,0,119000,0,0,0,119000,0,119000,119000
060129,祥碩永豐99購03  ,0,0,0,0,0,0,0,0,0,119000,0,0,0,339000,220000,119000,119000
06661P,玉晶光永豐98售05,0,0,0,0,0,0,0,0,0,118000,0,0,0,221000,103000,118000,118000
061646,力成元大9A購02  ,0,0,0,0,0,0,0,0,0,118000,0,0,0,232000,114000,118000,118000
056855,祥碩中信98購02  ,0,0,0,0,0,0,0,0,0,118000,0,0,0,1049000,931000,118000,118000
3708,上緯投控        ,313000,406000,-93000,0,0,0,150000,0,150000,61000,3000,0,3000,63000,5000,58000,118000
059989,嘉晶元大9A購01  ,0,0,0,0,0,0,0,0,0,117000,0,0,0,117000,0,117000,117000
059351,台虹凱基99購01  ,0,0,0,0,0,0,0,0,0,117000,0,0,0,267000,150000,117000,117000
057599,技嘉群益9A購01  ,0,0,0,0,0,0,0,0,0,117000,0,0,0,171000,54000,117000,117000
1712,興農            ,200000,83000,117000,0,0,0,0,0,0,0,0,0,0,0,0,0,117000
058308,全新元大9B購01  ,0,0,0,0,0,0,0,0,0,116000,0,0,0,136000,20000,116000,116000
05905P,晶技統一97售01  ,0,0,0,0,0,0,0,0,0,116000,0,0,0,116000,0,116000,116000
059343,宏達電凱基99購04,0,0,0,0,0,0,0,0,0,116000,0,0,0,215000,99000,116000,116000
057938,台表科群益98購02,0,0,0,0,0,0,0,0,0,116000,0,0,0,158000,42000,116000,116000
059999,緯穎元富99購01  ,0,0,0,0,0,0,0,0,0,116000,0,0,0,347000,231000,116000,116000
057707,臺股指群益98購07,0,0,0,0,0,0,0,0,0,116000,0,0,0,350000,234000,116000,116000
1604,聲寶            ,135000,35000,100000,0,0,0,0,0,0,16000,16000,0,16000,0,0,0,116000
07234P,台灣50元大9B售04,0,0,0,0,0,0,0,0,0,116000,0,0,0,121000,5000,116000,116000
07164P,臺股指群益99售15,0,0,0,0,0,0,0,0,0,116000,0,0,0,152000,36000,116000,116000
07875P,祥碩群益9B售01  ,0,0,0,0,0,0,0,0,0,116000,0,0,0,439000,323000,116000,116000
061005,可成兆豐9A購01  ,0,0,0,0,0,0,0,0,0,115000,0,0,0,117000,2000,115000,115000
060114,緯穎元大99購10  ,0,0,0,0,0,0,0,0,0,115000,0,0,0,126000,11000,115000,115000
07722P,玉晶光凱基9A售10,0,0,0,0,0,0,0,0,0,115000,0,0,0,155000,40000,115000,115000
9802,鈺齊-KY         ,301000,209000,92000,0,0,0,0,0,0,23000,2000,0,2000,27000,6000,21000,115000
060897,健策凱基9A購04  ,0,0,0,0,0,0,0,0,0,114000,0,0,0,118000,4000,114000,114000
062332,大立光統一9B購11,0,0,0,0,0,0,0,0,0,114000,0,0,0,371000,257000,114000,114000
060425,凌華永豐9A購01  ,0,0,0,0,0,0,0,0,0,114000,0,0,0,114000,0,114000,114000
2022,聚亨            ,121000,0,121000,0,0,0,0,0,0,-7000,0,7000,-7000,0,0,0,114000
060702,玉晶光國泰9C購02,0,0,0,0,0,0,0,0,0,113000,0,0,0,171000,58000,113000,113000
058612,健策元大99購02  ,0,0,0,0,0,0,0,0,0,113000,0,0,0,121000,8000,113000,113000
057725,台達電國泰9A購01,0,0,0,0,0,0,0,0,0,113000,0,0,0,163000,50000,113000,113000
057674,台郡元大99購03  ,0,0,0,0,0,0,0,0,0,113000,0,0,0,181000,68000,113000,113000
056980,建準群益98購02  ,0,0,0,0,0,0,0,0,0,113000,0,0,0,272000,159000,113000,113000
058796,可成元大99購04  ,0,0,0,0,0,0,0,0,0,113000,0,0,0,113000,0,113000,113000
4104,佳醫            ,123000,5000,118000,0,0,0,0,0,0,-5000,0,5000,-5000,0,0,0,113000
06175P,台積電元大97售21,0,0,0,0,0,0,0,0,0,112000,0,0,0,112000,0,112000,112000
06902P,聯電凱基98售02  ,0,0,0,0,0,0,0,0,0,112000,0,0,0,112000,0,112000,112000
058156,超眾統一9A購02  ,0,0,0,0,0,0,0,0,0,112000,0,0,0,210000,98000,112000,112000
058247,聯茂元大99購04  ,0,0,0,0,0,0,0,0,0,112000,0,0,0,242000,130000,112000,112000
07378P,大立光元大99售29,0,0,0,0,0,0,0,0,0,112000,0,0,0,112000,0,112000,112000
06636P,可成凱基98售08  ,0,0,0,0,0,0,0,0,0,111000,0,0,0,113000,2000,111000,111000
062183,奇鋐元大9B購01  ,0,0,0,0,0,0,0,0,0,111000,0,0,0,111000,0,111000,111000
061644,健策元大9C購02  ,0,0,0,0,0,0,0,0,0,111000,0,0,0,115000,4000,111000,111000
061117,美律國泰9C購01  ,0,0,0,0,0,0,0,0,0,111000,0,0,0,124000,13000,111000,111000
056273,祥碩統一97購02  ,0,0,0,0,0,0,0,0,0,111000,0,0,0,111000,0,111000,111000
060022,勤誠康和99購01  ,0,0,0,0,0,0,0,0,0,111000,0,0,0,191000,80000,111000,111000
07932P,國巨元大9B售04  ,0,0,0,0,0,0,0,0,0,111000,0,0,0,161000,50000,111000,111000
6605,帝寶            ,111000,0,111000,0,0,0,0,0,0,0,0,0,0,0,0,0,111000
061082,台光電兆豐9A購01,0,0,0,0,0,0,0,0,0,110000,0,0,0,115000,5000,110000,110000
062222,華新科統一9B購04,0,0,0,0,0,0,0,0,0,110000,0,0,0,120000,10000,110000,110000
055386,致新元大97購02  ,0,0,0,0,0,0,0,0,0,110000,0,0,0,120000,10000,110000,110000
048248,聯發科兆豐95購01,0,0,0,0,0,0,0,0,0,110000,0,0,0,110000,0,110000,110000
049200,元黃金群益98購01,0,0,0,0,0,0,0,0,0,110000,0,0,0,110000,0,110000,110000
055283,聯發科元大97購16,0,0,0,0,0,0,0,0,0,110000,0,0,0,110000,0,110000,110000
052848,聯發科統一96購03,0,0,0,0,0,0,0,0,0,110000,0,0,0,110000,0,110000,110000
07558P,玉晶光元大9A售10,0,0,0,0,0,0,0,0,0,110000,0,0,0,122000,12000,110000,110000
061574,大毅元大9B購01  ,0,0,0,0,0,0,0,0,0,109000,0,0,0,209000,100000,109000,109000
061475,漢唐元大9A購01  ,0,0,0,0,0,0,0,0,0,109000,0,0,0,165000,56000,109000,109000
05971P,世紀鋼永豐96售04,0,0,0,0,0,0,0,0,0,109000,0,0,0,109000,0,109000,109000
3518,柏騰            ,298000,191000,107000,0,0,0,0,0,0,2000,2000,0,2000,0,0,0,109000
060612,世紀鋼凱基9A購01,0,0,0,0,0,0,0,0,0,108000,0,0,0,162000,54000,108000,108000
062355,華通元大9B購03  ,0,0,0,0,0,0,0,0,0,108000,0,0,0,108000,0,108000,108000
058616,台虹元大9A購01  ,0,0,0,0,0,0,0,0,0,108000,0,0,0,111000,3000,108000,108000
059930,健策富邦9B購01  ,0,0,0,0,0,0,0,0,0,108000,0,0,0,110000,2000,108000,108000
058797,大毅元大99購03  ,0,0,0,0,0,0,0,0,0,108000,0,0,0,161000,53000,108000,108000
056978,技嘉群益99購01  ,0,0,0,0,0,0,0,0,0,108000,0,0,0,157000,49000,108000,108000
062448,健策元大9C購04  ,0,0,0,0,0,0,0,0,0,107000,0,0,0,107000,0,107000,107000
061796,興勤永豐9B購01  ,0,0,0,0,0,0,0,0,0,107000,0,0,0,107000,0,107000,107000
052135,聯發科凱基9B購01,0,0,0,0,0,0,0,0,0,107000,0,0,0,107000,0,107000,107000
051158,嘉晶富邦96購01  ,0,0,0,0,0,0,0,0,0,107000,0,0,0,107000,0,107000,107000
058431,國巨統一9B購01  ,0,0,0,0,0,0,0,0,0,107000,0,0,0,188000,81000,107000,107000
05783P,嘉澤元富96售01  ,0,0,0,0,0,0,0,0,0,107000,0,0,0,517000,410000,107000,107000
4961,天鈺            ,149000,42000,107000,0,0,0,0,0,0,0,0,0,0,0,0,0,107000
061596,健策永豐9A購03  ,0,0,0,0,0,0,0,0,0,106000,0,0,0,106000,0,106000,106000
060701,玉晶光國泰9C購01,0,0,0,0,0,0,0,0,0,106000,0,0,0,149000,43000,106000,106000
060977,亞德客元大9A購04,0,0,0,0,0,0,0,0,0,106000,0,0,0,126000,20000,106000,106000
056144,GIS元大98購01   ,0,0,0,0,0,0,0,0,0,106000,0,0,0,112000,6000,106000,106000
056203,興富發永豐97購01,0,0,0,0,0,0,0,0,0,106000,0,0,0,106000,0,106000,106000
057611,技嘉元富98購02  ,0,0,0,0,0,0,0,0,0,106000,0,0,0,106000,0,106000,106000
057195,南茂元大98購01  ,0,0,0,0,0,0,0,0,0,106000,0,0,0,115000,9000,106000,106000
6669,緯穎            ,302000,322000,-20000,0,0,0,120000,16000,104000,22000,25000,18000,7000,33000,18000,15000,106000
1730,花仙子          ,132000,26000,106000,0,0,0,0,0,0,0,0,0,0,0,0,0,106000
07986P,大成鋼統一9B售02,0,0,0,0,0,0,0,0,0,106000,0,0,0,106000,0,106000,106000
061133,玉晶光第一9A購01,0,0,0,0,0,0,0,0,0,105000,0,0,0,115000,10000,105000,105000
06742P,可成富邦99售02  ,0,0,0,0,0,0,0,0,0,105000,0,0,0,132000,27000,105000,105000
055460,華擎永豐97購01  ,0,0,0,0,0,0,0,0,0,105000,0,0,0,115000,10000,105000,105000
054803,味全元大9A購01  ,0,0,0,0,0,0,0,0,0,105000,0,0,0,105000,0,105000,105000
054898,台肥康和97購01  ,0,0,0,0,0,0,0,0,0,105000,0,0,0,105000,0,105000,105000
053339,友達國票97購02  ,0,0,0,0,0,0,0,0,0,105000,0,0,0,105000,0,105000,105000
056402,智易群益98購02  ,0,0,0,0,0,0,0,0,0,105000,0,0,0,105000,0,105000,105000
057583,啟碁中信9A購01  ,0,0,0,0,0,0,0,0,0,105000,0,0,0,105000,0,105000,105000
059397,T50反1元富99購05,0,0,0,0,0,0,0,0,0,105000,0,0,0,130000,25000,105000,105000
058722,台郡元富99購01  ,0,0,0,0,0,0,0,0,0,105000,0,0,0,190000,85000,105000,105000
3413,京鼎            ,572000,377000,195000,0,0,0,0,0,0,-90000,3000,107000,-104000,43000,29000,14000,105000
060807,新光金群益9A購01,0,0,0,0,0,0,0,0,0,104000,0,0,0,105000,1000,104000,104000
060780,祥碩國泰9B購01  ,0,0,0,0,0,0,0,0,0,103000,0,0,0,107000,4000,103000,103000
00680L,元大美債20正2   ,0,0,0,0,0,0,0,0,0,103000,10000,0,10000,102000,9000,93000,103000
058050,台郡元大99購05  ,0,0,0,0,0,0,0,0,0,103000,0,0,0,113000,10000,103000,103000
060106,旭富元大99購02  ,0,0,0,0,0,0,0,0,0,103000,0,0,0,283000,180000,103000,103000
059143,國巨國票9A購04  ,0,0,0,0,0,0,0,0,0,103000,0,0,0,181000,78000,103000,103000
07862P,聯發科凱基9B售05,0,0,0,0,0,0,0,0,0,103000,0,0,0,111000,8000,103000,103000
061256,亞德客凱基9B購01,0,0,0,0,0,0,0,0,0,102000,0,0,0,107000,5000,102000,102000
06567P,鴻海永豐98售02  ,0,0,0,0,0,0,0,0,0,102000,0,0,0,110000,8000,102000,102000
05011P,南電國泰96售01  ,0,0,0,0,0,0,0,0,0,102000,0,0,0,102000,0,102000,102000
055256,日電貿統一99購01,0,0,0,0,0,0,0,0,0,102000,0,0,0,107000,5000,102000,102000
058684,健策凱基99購02  ,0,0,0,0,0,0,0,0,0,102000,0,0,0,102000,0,102000,102000
055717,聯發科元大97購19,0,0,0,0,0,0,0,0,0,102000,0,0,0,102000,0,102000,102000
057731,華擎國泰9A購02  ,0,0,0,0,0,0,0,0,0,102000,0,0,0,104000,2000,102000,102000
2851,中再保          ,106000,8000,98000,0,0,0,0,0,0,4000,6000,2000,4000,0,0,0,102000
06431P,新日興元大97售05,0,0,0,0,0,0,0,0,0,101000,0,0,0,116000,15000,101000,101000
054654,全新麥證99購01  ,0,0,0,101000,0,101000,0,0,0,101000,0,0,0,101000,0,101000,101000
054662,同欣電元大97購02,0,0,0,0,0,0,0,0,0,101000,0,0,0,141000,40000,101000,101000
2849,安泰銀          ,103000,2000,101000,0,0,0,0,0,0,0,0,0,0,0,0,0,101000
1906,寶隆            ,109000,10000,99000,0,0,0,0,0,0,2000,2000,0,2000,0,0,0,101000
07804P,美律永豐9A售02  ,0,0,0,0,0,0,0,0,0,101000,0,0,0,101000,0,101000,101000
4306,炎洲            ,117000,30000,87000,0,0,0,0,0,0,14000,14000,0,14000,0,0,0,101000
07030P,鈺齊群益99售01  ,0,0,0,0,0,0,0,0,0,100000,0,0,0,100000,0,100000,100000
07076P,鴻海凱基9A售08  ,0,0,0,0,0,0,0,0,0,100000,0,0,0,121000,21000,100000,100000
062371,健策元大9B購08  ,0,0,0,0,0,0,0,0,0,100000,0,0,0,100000,0,100000,100000
061258,華通凱基9A購06  ,0,0,0,0,0,0,0,0,0,100000,0,0,0,100000,0,100000,100000
061469,瑞祺群益9A購02  ,0,0,0,0,0,0,0,0,0,100000,0,0,0,100000,0,100000,100000
061679,健策元大9B購04  ,0,0,0,0,0,0,0,0,0,100000,0,0,0,100000,0,100000,100000
061046,上銀第一9A購01  ,0,0,0,0,0,0,0,0,0,100000,0,0,0,100000,0,100000,100000
060869,超眾永豐9A購02  ,0,0,0,0,0,0,0,0,0,100000,0,0,0,100000,0,100000,100000
054910,信錦凱基97購01  ,0,0,0,0,0,0,0,0,0,100000,0,0,0,200000,100000,100000,100000
054922,文曄凱基98購01  ,0,0,0,0,0,0,0,0,0,100000,0,0,0,100000,0,100000,100000
055135,聯發科富邦99購05,0,0,0,0,0,0,0,0,0,100000,0,0,0,100000,0,100000,100000
054574,美律元大99購01  ,0,0,0,0,0,0,0,0,0,100000,0,0,0,100000,0,100000,100000
055556,奇力新凱基98購03,0,0,0,0,0,0,0,0,0,100000,0,0,0,100000,0,100000,100000
05409P,京元電元富95售05,0,0,0,0,0,0,0,0,0,100000,0,0,0,100000,0,100000,100000
052817,楠梓電永豐96購02,0,0,0,0,0,0,0,0,0,100000,0,0,0,100000,0,100000,100000
052798,滬深2X元大96購07,0,0,0,0,0,0,0,0,0,100000,0,0,0,100000,0,100000,100000
052631,T50反1凱基98購02,0,0,0,0,0,0,0,0,0,100000,0,0,0,100000,0,100000,100000
052727,仁寶元富96購01  ,0,0,0,0,0,0,0,0,0,100000,0,0,0,200000,100000,100000,100000
053183,大立光元富96購03,0,0,0,0,0,0,0,0,0,100000,0,0,0,100000,0,100000,100000
050726,可成國票96購01  ,0,0,0,0,0,0,0,0,0,100000,0,0,0,100000,0,100000,100000
050934,喬山國票96購01  ,0,0,0,0,0,0,0,0,0,100000,0,0,0,100000,0,100000,100000
046999,康控富邦99購01  ,0,0,0,0,0,0,0,0,0,100000,0,0,0,100000,0,100000,100000
045871,元油2X元富96購03,0,0,0,0,0,0,0,0,0,100000,0,0,0,100000,0,100000,100000
053654,聯發科凱基98購01,0,0,0,0,0,0,0,0,0,100000,0,0,0,100000,0,100000,100000
056981,全新群益99購03  ,0,0,0,0,0,0,0,0,0,100000,0,0,0,100000,0,100000,100000
057696,聯電群益9A購01  ,0,0,0,0,0,0,0,0,0,100000,0,0,0,100000,0,100000,100000
058729,國巨永豐99購03  ,0,0,0,0,0,0,0,0,0,100000,0,0,0,100000,0,100000,100000
058100,聯茂國泰99購02  ,0,0,0,0,0,0,0,0,0,100000,0,0,0,100000,0,100000,100000
059634,可成凱基99購07  ,0,0,0,0,0,0,0,0,0,100000,0,0,0,115000,15000,100000,100000
060089,台積電元大99購54,0,0,0,0,0,0,0,0,0,100000,0,0,0,100000,0,100000,100000
059073,元油2X元大9C購14,0,0,0,0,0,0,0,0,0,100000,0,0,0,100000,0,100000,100000
056651,聯茂凱基98購04  ,0,0,0,0,0,0,0,0,0,100000,0,0,0,100000,0,100000,100000
057119,微星康和98購01  ,0,0,0,0,0,0,0,0,0,100000,0,0,0,100000,0,100000,100000
057240,茂林凱基9A購01  ,0,0,0,0,0,0,0,0,0,100000,0,0,0,110000,10000,100000,100000
057249,華邦電統一9A購01,0,0,0,0,0,0,0,0,0,100000,0,0,0,110000,10000,100000,100000
056538,國泰金凱基98購01,0,0,0,0,0,0,0,0,0,100000,0,0,0,100000,0,100000,100000
058248,聯茂元大99購05  ,0,0,0,0,0,0,0,0,0,100000,0,0,0,229000,129000,100000,100000
057960,聯鈞元大98購02  ,0,0,0,0,0,0,0,0,0,100000,0,0,0,168000,68000,100000,100000
057966,金融類元大98購01,0,0,0,0,0,0,0,0,0,100000,0,0,0,100000,0,100000,100000
058361,美律凱基99購06  ,0,0,0,0,0,0,0,0,0,100000,0,0,0,105000,5000,100000,100000
058377,茂林凱基9A購03  ,0,0,0,0,0,0,0,0,0,100000,0,0,0,100000,0,100000,100000
059207,臺指反元大9C購02,0,0,0,0,0,0,0,0,0,100000,0,0,0,100000,0,100000,100000
07762P,聯發科永豐9A售03,0,0,0,0,0,0,0,0,0,100000,0,0,0,150000,50000,100000,100000
07626P,台灣50凱基04售07,0,0,0,0,0,0,0,0,0,100000,0,0,0,100000,0,100000,100000
06326P,鴻海中信01售01  ,0,0,0,0,0,0,0,0,0,99000,0,0,0,100000,1000,99000,99000
060047,道瓊反凱基99購01,0,0,0,0,0,0,0,0,0,99000,0,0,0,99000,0,99000,99000
057998,玉晶光麥證9A購01,0,0,0,105000,6000,99000,0,0,0,99000,0,0,0,105000,6000,99000,99000
4532,瑞智            ,146000,60000,86000,0,0,0,0,0,0,13000,13000,0,13000,0,0,0,99000
062169,禾伸堂永豐9B購01,0,0,0,0,0,0,0,0,0,98000,0,0,0,176000,78000,98000,98000
062133,大成鋼群益9B購01,0,0,0,0,0,0,0,0,0,98000,0,0,0,98000,0,98000,98000
062035,瑞祺群益9B購01  ,0,0,0,0,0,0,0,0,0,98000,0,0,0,98000,0,98000,98000
062027,國泰金群益9B購01,0,0,0,0,0,0,0,0,0,98000,0,0,0,98000,0,98000,98000
061303,玉晶光永豐9B購03,0,0,0,0,0,0,0,0,0,98000,0,0,0,98000,0,98000,98000
056396,祥碩永豐98購01  ,0,0,0,0,0,0,0,0,0,98000,0,0,0,355000,257000,98000,98000
053892,景碩群益96購02  ,0,0,0,0,0,0,0,0,0,98000,0,0,0,98000,0,98000,98000
055091,微星群益97購01  ,0,0,0,0,0,0,0,0,0,98000,0,0,0,98000,0,98000,98000
058191,祥碩永豐99購01  ,0,0,0,0,0,0,0,0,0,98000,0,0,0,128000,30000,98000,98000
060244,大立光元大9B購02,0,0,0,0,0,0,0,0,0,98000,0,0,0,180000,82000,98000,98000
056558,台達電群益98購01,0,0,0,0,0,0,0,0,0,98000,0,0,0,98000,0,98000,98000
059037,宏達電群益99購02,0,0,0,0,0,0,0,0,0,98000,0,0,0,98000,0,98000,98000
3703,欣陸            ,137000,39000,98000,0,0,0,0,0,0,0,0,0,0,0,0,0,98000
07257P,臺股指凱基99售37,0,0,0,0,0,0,0,0,0,98000,0,0,0,158000,60000,98000,98000
1439,中和            ,121000,23000,98000,0,0,0,0,0,0,0,0,0,0,0,0,0,98000
2855,統一證          ,231000,133000,98000,0,0,0,0,0,0,0,0,0,0,0,0,0,98000
3035,智原            ,268000,221000,47000,0,0,0,70000,0,70000,-19000,31000,4000,27000,8000,54000,-46000,98000
3036,文曄            ,389000,287000,102000,0,0,0,0,0,0,-4000,104000,129000,-25000,27000,6000,21000,98000
054826,復盛元大9A購01  ,0,0,0,0,0,0,0,0,0,97000,0,0,0,97000,0,97000,97000
056582,易華電元大98購01,0,0,0,0,0,0,0,0,0,97000,0,0,0,97000,0,97000,97000
060193,群創元富9A購01  ,0,0,0,0,0,0,0,0,0,97000,0,0,0,97000,0,97000,97000
2731,雄獅            ,120000,23000,97000,0,0,0,0,0,0,0,0,0,0,0,0,0,97000
2031,新光鋼          ,202000,100000,102000,0,0,0,0,0,0,-5000,10000,15000,-5000,0,0,0,97000
07379P,大立光元大99售30,0,0,0,0,0,0,0,0,0,97000,0,0,0,100000,3000,97000,97000
06721P,臺股指中信9A售03,0,0,0,0,0,0,0,0,0,96000,0,0,0,207000,111000,96000,96000
055172,凱美統一97購02  ,0,0,0,0,0,0,0,0,0,96000,0,0,0,96000,0,96000,96000
059533,富邦金凱基99購01,0,0,0,0,0,0,0,0,0,96000,0,0,0,115000,19000,96000,96000
058385,創意中信99購01  ,0,0,0,0,0,0,0,0,0,96000,0,0,0,109000,13000,96000,96000
006205,富邦上証        ,246000,296000,-50000,0,0,0,0,0,0,145250,90000,100000,-10000,1359250,1204000,155250,95250
060625,華擎元大9A購01  ,0,0,0,0,0,0,0,0,0,95000,0,0,0,191000,96000,95000,95000
054053,聯茂元大96購01  ,0,0,0,0,0,0,0,0,0,95000,0,0,0,110000,15000,95000,95000
07463P,台積電國票9A售05,0,0,0,0,0,0,0,0,0,95000,0,0,0,95000,0,95000,95000
3605,宏致            ,210000,115000,95000,0,0,0,0,0,0,0,0,0,0,0,0,0,95000
5521,工信            ,178000,93000,85000,0,0,0,0,0,0,10000,10000,0,10000,0,0,0,95000
06059P,泰碩元大97售02  ,0,0,0,0,0,0,0,0,0,94000,0,0,0,320000,226000,94000,94000
060955,大立光群益9A購02,0,0,0,0,0,0,0,0,0,94000,0,0,0,98000,4000,94000,94000
061227,日月光中信9B購01,0,0,0,0,0,0,0,0,0,94000,0,0,0,120000,26000,94000,94000
055986,祥碩元富97購01  ,0,0,0,0,0,0,0,0,0,94000,0,0,0,104000,10000,94000,94000
05853P,欣興群益96售05  ,0,0,0,0,0,0,0,0,0,94000,0,0,0,98000,4000,94000,94000
056479,玉晶光元大99購05,0,0,0,0,0,0,0,0,0,94000,0,0,0,95000,1000,94000,94000
059171,祥碩凱基99購04  ,0,0,0,0,0,0,0,0,0,94000,0,0,0,132000,38000,94000,94000
060121,新光金富邦99購01,0,0,0,0,0,0,0,0,0,94000,0,0,0,114000,20000,94000,94000
07593P,臺股指凱基9A售08,0,0,0,0,0,0,0,0,0,94000,0,0,0,194000,100000,94000,94000
2609,陽明            ,197000,103000,94000,0,0,0,0,0,0,0,0,0,0,0,0,0,94000
2538,基泰            ,101000,7000,94000,0,0,0,0,0,0,0,0,0,0,0,0,0,94000
061447,鴻海中信04購02  ,0,0,0,0,0,0,0,0,0,93000,0,0,0,95000,2000,93000,93000
061616,鴻海群益9A購07  ,0,0,0,0,0,0,0,0,0,93000,0,0,0,200000,107000,93000,93000
062315,健策凱基9C購01  ,0,0,0,0,0,0,0,0,0,93000,0,0,0,93000,0,93000,93000
052086,鴻海元大96購08  ,0,0,0,0,0,0,0,0,0,93000,0,0,0,93000,0,93000,93000
058558,鴻海日盛9A購02  ,0,0,0,0,0,0,0,0,0,93000,0,0,0,110000,17000,93000,93000
058875,台表科國票9A購02,0,0,0,0,0,0,0,0,0,93000,0,0,0,95000,2000,93000,93000
07182P,臺股指凱基99售24,0,0,0,0,0,0,0,0,0,93000,0,0,0,95000,2000,93000,93000
06667P,鴻海凱基98售11  ,0,0,0,0,0,0,0,0,0,92000,0,0,0,162000,70000,92000,92000
06850P,聯茂元大98售06  ,0,0,0,0,0,0,0,0,0,92000,0,0,0,102000,10000,92000,92000
06327P,台積電中信01售01,0,0,0,0,0,0,0,0,0,92000,0,0,0,92000,0,92000,92000
054289,聯發科元大97購11,0,0,0,0,0,0,0,0,0,92000,0,0,0,92000,0,92000,92000
056083,億光統一97購03  ,0,0,0,0,0,0,0,0,0,92000,0,0,0,126000,34000,92000,92000
053997,健策群益97購02  ,0,0,0,0,0,0,0,0,0,92000,0,0,0,92000,0,92000,92000
058950,國巨群益99購06  ,0,0,0,0,0,0,0,0,0,92000,0,0,0,147000,55000,92000,92000
059036,可成群益9B購03  ,0,0,0,0,0,0,0,0,0,92000,0,0,0,92000,0,92000,92000
059561,滬深2X凱基9C購05,0,0,0,0,0,0,0,0,0,92000,0,0,0,94000,2000,92000,92000
4722,國精化          ,91000,1000,90000,0,0,0,0,0,0,2000,2000,0,2000,0,0,0,92000
06199P,聯發科元大97售17,0,0,0,0,0,0,0,0,0,91000,0,0,0,100000,9000,91000,91000
061649,緯穎元大9A購06  ,0,0,0,0,0,0,0,0,0,91000,0,0,0,172000,81000,91000,91000
054216,聯茂國票97購03  ,0,0,0,0,0,0,0,0,0,91000,0,0,0,91000,0,91000,91000
053158,茂林元大96購01  ,0,0,0,0,0,0,0,0,0,91000,0,0,0,91000,0,91000,91000
057752,臺股指國票98購08,0,0,0,0,0,0,0,0,0,91000,0,0,0,113000,22000,91000,91000
058905,京鼎元大99購01  ,0,0,0,0,0,0,0,0,0,91000,0,0,0,193000,102000,91000,91000
07637P,國巨國票9A售08  ,0,0,0,0,0,0,0,0,0,91000,0,0,0,91000,0,91000,91000
06077P,GIS凱基97售02   ,0,0,0,0,0,0,0,0,0,90000,0,0,0,90000,0,90000,90000
060759,南亞科元大9A購03,0,0,0,0,0,0,0,0,0,90000,0,0,0,90000,0,90000,90000
060819,國巨統一9C購04  ,0,0,0,0,0,0,0,0,0,90000,0,0,0,150000,60000,90000,90000
061947,旺宏群益9B購02  ,0,0,0,0,0,0,0,0,0,90000,0,0,0,100000,10000,90000,90000
062232,聯詠麥證9C購01  ,0,0,0,90000,0,90000,0,0,0,90000,0,0,0,90000,0,90000,90000
06888P,日月光元大98售02,0,0,0,0,0,0,0,0,0,90000,0,0,0,138000,48000,90000,90000
055291,京鼎元大97購02  ,0,0,0,0,0,0,0,0,0,90000,0,0,0,131000,41000,90000,90000
051486,玉晶光凱基97購03,0,0,0,0,0,0,0,0,0,90000,0,0,0,105000,15000,90000,90000
054301,楠梓電凱基98購01,0,0,0,0,0,0,0,0,0,90000,0,0,0,90000,0,90000,90000
055767,臺股指群益97購05,0,0,0,0,0,0,0,0,0,90000,0,0,0,90000,0,90000,90000
056100,楠梓電永豐97購02,0,0,0,0,0,0,0,0,0,90000,0,0,0,90000,0,90000,90000
054789,高鐵群益98購01  ,0,0,0,0,0,0,0,0,0,90000,0,0,0,100000,10000,90000,90000
054750,聯茂凱基98購02  ,0,0,0,0,0,0,0,0,0,90000,0,0,0,90000,0,90000,90000
055397,超眾統一97購02  ,0,0,0,0,0,0,0,0,0,90000,0,0,0,150000,60000,90000,90000
058931,玉晶光統一9C購01,0,0,0,0,0,0,0,0,0,90000,0,0,0,130000,40000,90000,90000
059097,世紀鋼元大99購05,0,0,0,0,0,0,0,0,0,90000,0,0,0,126000,36000,90000,90000
058800,健策元大99購03  ,0,0,0,0,0,0,0,0,0,90000,0,0,0,103000,13000,90000,90000
058745,元金2X凱基9C購02,0,0,0,0,0,0,0,0,0,90000,0,0,0,90000,0,90000,90000
060277,道瓊反元大9A購02,0,0,0,0,0,0,0,0,0,90000,0,0,0,90000,0,90000,90000
07937P,國巨中信9B售03  ,0,0,0,0,0,0,0,0,0,90000,0,0,0,100000,10000,90000,90000
07561P,玉晶光永豐9A售02,0,0,0,0,0,0,0,0,0,90000,0,0,0,90000,0,90000,90000
2457,飛宏            ,156000,67000,89000,0,0,0,0,0,0,1000,1000,0,1000,0,0,0,90000
3045,台灣大          ,2063000,2141000,-78000,0,0,0,0,0,0,168000,168000,0,168000,0,0,0,90000
1313,聯成            ,312000,222000,90000,0,0,0,0,0,0,0,0,0,0,0,0,0,90000
06506P,台郡國票99售02  ,20000,0,20000,0,0,0,0,0,0,69000,0,0,0,144000,75000,69000,89000
06470P,臺股指凱基99售10,0,0,0,0,0,0,0,0,0,89000,0,0,0,89000,0,89000,89000
061480,泰碩元大9B購01  ,0,0,0,0,0,0,0,0,0,89000,0,0,0,168000,79000,89000,89000
060392,華擎群益9C購02  ,0,0,0,0,0,0,0,0,0,89000,0,0,0,104000,15000,89000,89000
058762,貿聯群益99購03  ,0,0,0,0,0,0,0,0,0,89000,0,0,0,98000,9000,89000,89000
058085,景碩群益9A購01  ,0,0,0,0,0,0,0,0,0,89000,0,0,0,89000,0,89000,89000
2426,鼎元            ,134000,54000,80000,0,0,0,0,0,0,9000,9000,0,9000,0,0,0,89000
07798P,同欣電國票9A售01,0,0,0,0,0,0,0,0,0,89000,0,0,0,170000,81000,89000,89000
4960,誠美材          ,128000,40000,88000,0,0,0,0,0,0,1000,1000,0,1000,0,0,0,89000
5269,祥碩            ,451500,538000,-86500,0,0,0,158000,0,158000,17000,45000,18000,27000,29000,39000,-10000,88500
061181,牧德凱基9A購01  ,0,0,0,0,0,0,0,0,0,88000,0,0,0,173000,85000,88000,88000
061790,中租群益9B購01  ,0,0,0,0,0,0,0,0,0,88000,0,0,0,98000,10000,88000,88000
060713,聯詠永豐9A購01  ,0,0,0,0,0,0,0,0,0,88000,0,0,0,92000,4000,88000,88000
00634R,富邦上証反1     ,82000,28000,54000,0,0,0,0,0,0,34000,0,0,0,214000,180000,34000,88000
055318,華通國票98購01  ,0,0,0,0,0,0,0,0,0,88000,0,0,0,103000,15000,88000,88000
053095,台光電統一98購01,0,0,0,0,0,0,0,0,0,88000,0,0,0,248000,160000,88000,88000
059656,T50反1元大99購11,0,0,0,0,0,0,0,0,0,88000,0,0,0,100000,12000,88000,88000
060246,晶相光元大9C購03,0,0,0,0,0,0,0,0,0,88000,0,0,0,100000,12000,88000,88000
060240,富邦金元大9A購01,0,0,0,0,0,0,0,0,0,88000,0,0,0,165000,77000,88000,88000
059523,滬深2X凱基9C購04,0,0,0,0,0,0,0,0,0,88000,0,0,0,90000,2000,88000,88000
2471,資通            ,156000,68000,88000,0,0,0,0,0,0,0,0,0,0,0,0,0,88000
2102,泰豐            ,830000,750000,80000,0,0,0,0,0,0,8000,8000,0,8000,0,0,0,88000
060551,大立光凱基9B購02,0,0,0,0,0,0,0,0,0,87000,0,0,0,145000,58000,87000,87000
061625,聯茂群益9A購02  ,0,0,0,0,0,0,0,0,0,87000,0,0,0,201000,114000,87000,87000
061546,大立光群益9A購05,0,0,0,0,0,0,0,0,0,87000,0,0,0,104000,17000,87000,87000
061335,國巨元大9A購19  ,0,0,0,0,0,0,0,0,0,87000,0,0,0,87000,0,87000,87000
07105P,大毅元富99售02  ,0,0,0,0,0,0,0,0,0,87000,0,0,0,112000,25000,87000,87000
055726,台表科元大98購03,0,0,0,0,0,0,0,0,0,87000,0,0,0,103000,16000,87000,87000
058525,台虹元大99購02  ,0,0,0,0,0,0,0,0,0,87000,0,0,0,107000,20000,87000,87000
058932,FBVIX台新99購01 ,0,0,0,0,0,0,0,0,0,87000,0,0,0,117000,30000,87000,87000
057479,致茂元大98購03  ,0,0,0,0,0,0,0,0,0,87000,0,0,0,87000,0,87000,87000
057904,矽力永豐98購01  ,0,0,0,0,0,0,0,0,0,87000,0,0,0,139000,52000,87000,87000
05708P,奇力新國票97售04,0,0,0,0,0,0,0,0,0,87000,0,0,0,108000,21000,87000,87000
1339,昭輝            ,102000,15000,87000,0,0,0,0,0,0,0,0,0,0,0,0,0,87000
6412,群電            ,126000,42000,84000,0,0,0,0,0,0,3000,0,0,0,5000,2000,3000,87000
062017,京鼎永豐9B購01  ,0,0,0,0,0,0,0,0,0,86000,0,0,0,168000,82000,86000,86000
055473,禾伸堂凱基97購01,0,0,0,0,0,0,0,0,0,86000,0,0,0,86000,0,86000,86000
051483,玉晶光凱基96購02,0,0,0,0,0,0,0,0,0,86000,0,0,0,136000,50000,86000,86000
056617,美律永豐98購01  ,0,0,0,0,0,0,0,0,0,86000,0,0,0,370000,284000,86000,86000
060315,易華電永豐9A購01,0,0,0,0,0,0,0,0,0,86000,0,0,0,86000,0,86000,86000
2850,新產            ,101000,15000,86000,0,0,0,0,0,0,0,0,0,0,0,0,0,86000
062214,金寶統一01購01  ,0,0,0,0,0,0,0,0,0,85000,0,0,0,185000,100000,85000,85000
062349,新日興群益9B購02,0,0,0,0,0,0,0,0,0,85000,0,0,0,86000,1000,85000,85000
062340,力成麥證9B購01  ,0,0,0,85000,0,85000,0,0,0,85000,0,0,0,85000,0,85000,85000
061248,健策群益9A購03  ,0,0,0,0,0,0,0,0,0,85000,0,0,0,85000,0,85000,85000
061593,智原永豐9A購01  ,0,0,0,0,0,0,0,0,0,85000,0,0,0,85000,0,85000,85000
061826,台郡麥證9B購01  ,0,0,0,85000,0,85000,0,0,0,85000,0,0,0,85000,0,85000,85000
060523,鴻海中信9C購03  ,0,0,0,0,0,0,0,0,0,85000,0,0,0,85000,0,85000,85000
060616,宏碁元大9A購02  ,0,0,0,0,0,0,0,0,0,85000,0,0,0,160000,75000,85000,85000
060667,力成凱基9A購01  ,0,0,0,0,0,0,0,0,0,85000,0,0,0,159000,74000,85000,85000
061055,康控群益9A購01  ,0,0,0,0,0,0,0,0,0,85000,0,0,0,90000,5000,85000,85000
03432B,臺股指凱基98熊13,0,0,0,0,0,0,0,0,0,85000,0,0,0,85000,0,85000,85000
053331,玉晶光永豐97購02,0,0,0,0,0,0,0,0,0,85000,0,0,0,229000,144000,85000,85000
053827,漢唐麥證9A購01  ,0,0,0,85000,0,85000,0,0,0,85000,0,0,0,85000,0,85000,85000
055287,日電貿元大97購01,0,0,0,0,0,0,0,0,0,85000,0,0,0,132000,47000,85000,85000
058497,新日興群益9B購01,0,0,0,0,0,0,0,0,0,85000,0,0,0,185000,100000,85000,85000
058648,聯陽永豐99購01  ,0,0,0,0,0,0,0,0,0,85000,0,0,0,158000,73000,85000,85000
055908,GIS日盛97購01   ,0,0,0,0,0,0,0,0,0,85000,0,0,0,85000,0,85000,85000
06010P,國泰金元富96售01,0,0,0,0,0,0,0,0,0,85000,0,0,0,106000,21000,85000,85000
058731,貿聯永豐99購02  ,0,0,0,0,0,0,0,0,0,85000,0,0,0,85000,0,85000,85000
056946,國巨統一98購05  ,0,0,0,0,0,0,0,0,0,85000,0,0,0,100000,15000,85000,85000
056491,南亞科國泰99購01,0,0,0,0,0,0,0,0,0,85000,0,0,0,85000,0,85000,85000
1786,科妍            ,94000,11000,83000,0,0,0,0,0,0,2000,2000,0,2000,0,0,0,85000
1608,華榮            ,87000,9000,78000,0,0,0,0,0,0,7000,7000,0,7000,0,0,0,85000
07647P,健策國票9A售04  ,0,0,0,0,0,0,0,0,0,85000,0,0,0,184000,99000,85000,85000
07815P,美律群益9A售04  ,0,0,0,0,0,0,0,0,0,85000,0,0,0,89000,4000,85000,85000
07189P,聯發科富邦9B售03,0,0,0,0,0,0,0,0,0,85000,0,0,0,142000,57000,85000,85000
061040,康友永豐9A購01  ,0,0,0,0,0,0,0,0,0,84000,0,0,0,178000,94000,84000,84000
07089P,臺指2X中信01售01,0,0,0,0,0,0,0,0,0,84000,0,0,0,96000,12000,84000,84000
055178,晶豪科統一97購01,0,0,0,0,0,0,0,0,0,84000,0,0,0,84000,0,84000,84000
04479P,同欣電中信96售02,0,0,0,0,0,0,0,0,0,84000,0,0,0,105000,21000,84000,84000
047689,瑞昱富邦97購01  ,0,0,0,0,0,0,0,0,0,84000,0,0,0,84000,0,84000,84000
059095,訊芯元大99購01  ,0,0,0,0,0,0,0,0,0,84000,0,0,0,91000,7000,84000,84000
058877,T50反1國泰9B購01,0,0,0,0,0,0,0,0,0,84000,0,0,0,112000,28000,84000,84000
056839,台光電元富98購02,0,0,0,0,0,0,0,0,0,84000,0,0,0,84000,0,84000,84000
07944P,華新科元大9B售08,0,10000,-10000,0,0,0,0,0,0,94000,0,0,0,166000,72000,94000,84000
9940,信義            ,67000,45000,22000,0,0,0,0,0,0,62000,62000,0,62000,0,0,0,84000
060710,上銀永豐9A購01  ,0,0,0,0,0,0,0,0,0,83000,0,0,0,83000,0,83000,83000
054250,漢唐元大96購04  ,0,0,0,0,0,0,0,0,0,83000,0,0,0,129000,46000,83000,83000
055653,聯詠元富01購02  ,0,0,0,0,0,0,0,0,0,83000,0,0,0,191000,108000,83000,83000
056021,興富發群益97購01,0,0,0,0,0,0,0,0,0,83000,0,0,0,185000,102000,83000,83000
059748,聯發科台新99購03,0,0,0,0,0,0,0,0,0,83000,0,0,0,143000,60000,83000,83000
057964,緯穎元大99購03  ,0,0,0,0,0,0,0,0,0,83000,0,0,0,98000,15000,83000,83000
059201,祥碩永豐99購02  ,0,0,0,0,0,0,0,0,0,83000,0,0,0,179000,96000,83000,83000
059385,滬深2X凱基9C購03,0,0,0,0,0,0,0,0,0,83000,0,0,0,86000,3000,83000,83000
6197,佳必琪          ,110000,28000,82000,0,0,0,0,0,0,1000,1000,0,1000,0,0,0,83000
07228P,台灣50群益9B售06,0,0,0,0,0,0,0,0,0,83000,0,0,0,147000,64000,83000,83000
062304,臺指反凱基9B購01,0,0,0,0,0,0,0,0,0,82000,0,0,0,85000,3000,82000,82000
05590P,臺股指中信96售05,0,0,0,0,0,0,0,0,0,82000,0,0,0,106000,24000,82000,82000
05942P,奇力新凱基96售04,0,0,0,0,0,0,0,0,0,82000,0,0,0,82000,0,82000,82000
059278,群創元大9A購04  ,0,0,0,0,0,0,0,0,0,82000,0,0,0,170000,88000,82000,82000
060168,台表科永豐9A購01,0,0,0,0,0,0,0,0,0,82000,0,0,0,127000,45000,82000,82000
07241P,台灣50國票9A售05,0,0,0,0,0,0,0,0,0,82000,0,0,0,97000,15000,82000,82000
07634P,金像電元大9A售01,0,0,0,0,0,0,0,0,0,82000,0,0,0,937000,855000,82000,82000
062503,玉晶光群益01購03,0,0,0,0,0,0,0,0,0,81000,0,0,0,93000,12000,81000,81000
060814,健策凱基9B購01  ,0,0,0,0,0,0,0,0,0,81000,0,0,0,90000,9000,81000,81000
060761,南亞科元大9A購05,0,0,0,0,0,0,0,0,0,81000,0,0,0,83000,2000,81000,81000
061223,T50反1中信01購01,0,0,0,0,0,0,0,0,0,81000,0,0,0,81000,0,81000,81000
061344,禾伸堂元大9A購02,0,0,0,0,0,0,0,0,0,81000,0,0,0,276000,195000,81000,81000
054556,世芯凱基99購01  ,0,0,0,0,0,0,0,0,0,81000,0,0,0,92000,11000,81000,81000
053496,義隆兆豐96購02  ,0,0,0,0,0,0,0,0,0,81000,0,0,0,81000,0,81000,81000
05639P,欣興統一97售01  ,0,0,0,0,0,0,0,0,0,81000,0,0,0,355000,274000,81000,81000
056577,玉晶光元大99購06,0,0,0,0,0,0,0,0,0,81000,0,0,0,295000,214000,81000,81000
057170,瑞昱元大98購01  ,0,0,0,0,0,0,0,0,0,81000,0,0,0,166000,85000,81000,81000
058231,技嘉元大99購02  ,0,0,0,0,0,0,0,0,0,81000,0,0,0,119000,38000,81000,81000
07319P,台積電凱基01售02,0,0,0,0,0,0,0,0,0,81000,0,0,0,81000,0,81000,81000
5534,長虹            ,156000,81000,75000,0,0,0,0,0,0,6000,6000,0,6000,0,0,0,81000
061295,台積電國泰9B購02,0,0,0,0,0,0,0,0,0,80000,0,0,0,133000,53000,80000,80000
062325,鴻海統一9B購05  ,0,0,0,0,0,0,0,0,0,80000,0,0,0,133000,53000,80000,80000
061911,台積電中信05購04,0,0,0,0,0,0,0,0,0,80000,0,0,0,80000,0,80000,80000
052796,和碩兆豐96購01  ,0,0,0,0,0,0,0,0,0,80000,0,0,0,80000,0,80000,80000
04817P,創意國票95售02  ,0,0,0,0,0,0,0,0,0,80000,0,0,0,80000,0,80000,80000
054883,億光統一97購01  ,0,0,0,0,0,0,0,0,0,80000,0,0,0,80000,0,80000,80000
058312,大毅國泰9B購01  ,0,0,0,0,0,0,0,0,0,80000,0,0,0,90000,10000,80000,80000
058315,TPK富邦9C購01   ,0,0,0,0,0,0,0,0,0,80000,0,0,0,110000,30000,80000,80000
057779,禾伸堂群益98購02,0,0,0,0,0,0,0,0,0,80000,0,0,0,80000,0,80000,80000
056745,聯茂凱基99購03  ,0,0,0,0,0,0,0,0,0,80000,0,0,0,90000,10000,80000,80000
1589,永冠-KY         ,102000,45000,57000,0,0,0,0,0,0,23000,31000,11000,20000,3000,0,3000,80000
00673R,元大S&P原油反1  ,0,0,0,0,0,0,0,0,0,79599,0,0,0,467000,387401,79599,79599
061985,富邦金元大9B購01,0,0,0,0,0,0,0,0,0,79000,0,0,0,80000,1000,79000,79000
06684P,緯穎元大98售06  ,0,0,0,0,0,0,0,0,0,79000,0,0,0,680000,601000,79000,79000
061615,鴻海群益9A購06  ,0,0,0,0,0,0,0,0,0,79000,0,0,0,184000,105000,79000,79000
060754,華通元大9A購04  ,0,0,0,0,0,0,0,0,0,79000,0,0,0,106000,27000,79000,79000
052167,亞泥元大96購01  ,0,0,0,0,0,0,0,0,0,79000,0,0,0,308000,229000,79000,79000
058675,康控群益9B購01  ,0,0,0,0,0,0,0,0,0,79000,0,0,0,79000,0,79000,79000
060474,中租元大9B購01  ,0,0,0,0,0,0,0,0,0,79000,0,0,0,85000,6000,79000,79000
060671,亞德客元大9A購03,0,0,0,0,0,0,0,0,0,78000,0,0,0,154000,76000,78000,78000
06262P,國巨凱基97售07  ,0,0,0,0,0,0,0,0,0,78000,0,0,0,131000,53000,78000,78000
062408,致新永豐9B購01  ,0,0,0,0,0,0,0,0,0,78000,0,0,0,265000,187000,78000,78000
062290,聯發科富邦9C購04,0,0,0,0,0,0,0,0,0,77000,0,0,0,198000,121000,77000,77000
060504,技嘉元大9A購02  ,0,0,0,0,0,0,0,0,0,77000,0,0,0,147000,70000,77000,77000
061473,台積電元大9A購33,0,0,0,0,0,0,0,0,0,77000,0,0,0,300000,223000,77000,77000
055437,禾伸堂中信99購01,0,0,0,0,0,0,0,0,0,77000,0,0,0,100000,23000,77000,77000
05242P,群創國泰97售01  ,0,0,0,0,0,0,0,0,0,77000,0,0,0,137000,60000,77000,77000
00668,國泰美國道瓊    ,0,1000,-1000,0,0,0,0,0,0,78000,0,0,0,261000,183000,78000,77000
060233,宏碁元大9A購01  ,0,0,0,0,0,0,0,0,0,77000,0,0,0,211000,134000,77000,77000
057847,聯茂永豐98購01  ,0,0,0,0,0,0,0,0,0,77000,0,0,0,77000,0,77000,77000
057374,禾伸堂元大99購03,0,0,0,0,0,0,0,0,0,77000,0,0,0,239000,162000,77000,77000
07527P,台灣50凱基9B售02,0,0,0,0,0,0,0,0,0,77000,0,0,0,167000,90000,77000,77000
07466P,亞德客元大9A售02,0,0,0,0,0,0,0,0,0,77000,0,0,0,85000,8000,77000,77000
9908,大台北          ,78000,1000,77000,0,0,0,0,0,0,0,0,0,0,0,0,0,77000
060898,世芯凱基9A購03  ,0,0,0,0,0,0,0,0,0,76000,0,0,0,86000,10000,76000,76000
06515P,國巨凱基98售06  ,0,0,0,0,0,0,0,0,0,76000,0,0,0,95000,19000,76000,76000
047564,滬深2X國票99購01,0,0,0,0,0,0,0,0,0,76000,0,0,0,528000,452000,76000,76000
057795,鴻海兆豐99購02  ,0,0,0,0,0,0,0,0,0,76000,0,0,0,81000,5000,76000,76000
6209,今國光          ,94000,29000,65000,0,0,0,0,0,0,11000,11000,0,11000,0,0,0,76000
4426,利勤            ,109000,33000,76000,0,0,0,0,0,0,0,0,0,0,0,0,0,76000
07171P,臺股指國票99售08,0,0,0,0,0,0,0,0,0,76000,0,0,0,153000,77000,76000,76000
07777P,創意元大9A售03  ,0,0,0,0,0,0,0,0,0,76000,0,0,0,79000,3000,76000,76000
1460,宏遠            ,128000,59000,69000,0,0,0,0,0,0,7000,7000,0,7000,0,0,0,76000
062546,新日興永豐9B購01,0,0,0,0,0,0,0,0,0,75000,0,0,0,75000,0,75000,75000
060530,聯發科中信9C購03,0,0,0,0,0,0,0,0,0,75000,0,0,0,170000,95000,75000,75000
060633,玉晶光富邦02購01,0,0,0,0,0,0,0,0,0,75000,0,0,0,184000,109000,75000,75000
060735,鴻海統一9C購03  ,0,0,0,0,0,0,0,0,0,75000,0,0,0,75000,0,75000,75000
061345,玉晶光元大9A購14,0,0,0,0,0,0,0,0,0,75000,0,0,0,100000,25000,75000,75000
061293,聯茂統一9A購01  ,0,0,0,0,0,0,0,0,0,75000,0,0,0,75000,0,75000,75000
051614,元金2X凱基97購01,0,0,0,0,0,0,0,0,0,75000,0,0,0,89000,14000,75000,75000
050892,聯電元大96購02  ,0,0,0,0,0,0,0,0,0,75000,0,0,0,75000,0,75000,75000
051872,矽力凱基96購01  ,0,0,0,0,0,0,0,0,0,75000,0,0,0,90000,15000,75000,75000
054816,聯發科元大97購12,0,0,0,0,0,0,0,0,0,75000,0,0,0,75000,0,75000,75000
058090,聯發科元大98購16,0,0,0,0,0,0,0,0,0,75000,0,0,0,75000,0,75000,75000
06046P,健策統一96售03  ,0,0,0,0,0,0,0,0,0,75000,0,0,0,397000,322000,75000,75000
05990P,台積電群益96售13,0,0,0,0,0,0,0,0,0,75000,0,0,0,75000,0,75000,75000
059346,新日興凱基99購03,0,0,0,0,0,0,0,0,0,75000,0,0,0,75000,0,75000,75000
2467,志聖            ,226000,154000,72000,0,0,0,0,0,0,3000,3000,0,3000,0,0,0,75000
2441,超豐            ,191000,94000,97000,0,0,0,0,0,0,-22000,0,22000,-22000,0,0,0,75000
07695P,台郡元大9A售02  ,0,0,0,0,0,0,0,0,0,75000,0,0,0,88000,13000,75000,75000
07422P,大立光元大99售32,0,0,0,0,0,0,0,0,0,75000,0,0,0,75000,0,75000,75000
06163P,聯詠群益97售01  ,0,0,0,0,0,0,0,0,0,74000,0,0,0,105000,31000,74000,74000
061824,聯電麥證9B購01  ,0,0,0,85000,11000,74000,0,0,0,74000,0,0,0,85000,11000,74000,74000
055667,致茂群益98購01  ,0,0,0,0,0,0,0,0,0,74000,0,0,0,74000,0,74000,74000
057482,微星元大98購03  ,0,0,0,0,0,0,0,0,0,74000,0,0,0,74000,0,74000,74000
056625,致伸永豐98購01  ,0,0,0,0,0,0,0,0,0,74000,0,0,0,74000,0,74000,74000
060228,亞德客元大9A購01,0,0,0,0,0,0,0,0,0,74000,0,0,0,84000,10000,74000,74000
1225,福懋油          ,75000,4000,71000,0,0,0,0,0,0,3000,3000,0,3000,0,0,0,74000
062164,禾伸堂國泰01購01,0,0,0,0,0,0,0,0,0,73000,0,0,0,173000,100000,73000,73000
054251,聯發科元大96購21,0,0,0,0,0,0,0,0,0,73000,0,0,0,73000,0,73000,73000
055849,聯詠元大97購05  ,0,0,0,0,0,0,0,0,0,73000,0,0,0,73000,0,73000,73000
050150,國巨群益95購01  ,0,0,0,0,0,0,0,0,0,73000,0,0,0,73000,0,73000,73000
050319,康控國票95購04  ,0,0,0,0,0,0,0,0,0,73000,0,0,0,73000,0,73000,73000
060361,南亞科元富9A購03,0,0,0,0,0,0,0,0,0,73000,0,0,0,128000,55000,73000,73000
057603,樺漢群益98購02  ,0,0,0,0,0,0,0,0,0,73000,0,0,0,73000,0,73000,73000
057380,技嘉國泰9A購01  ,0,0,0,0,0,0,0,0,0,73000,0,0,0,98000,25000,73000,73000
062637,智易國票9B購01  ,0,0,0,0,0,0,0,0,0,72000,0,0,0,80000,8000,72000,72000
050791,聯發科富邦96購01,0,0,0,0,0,0,0,0,0,72000,0,0,0,72000,0,72000,72000
056422,全新統一98購02  ,0,0,0,0,0,0,0,0,0,72000,0,0,0,72000,0,72000,72000
05600P,玉晶光台新96售04,0,0,0,0,0,0,0,0,0,72000,0,0,0,72000,0,72000,72000
056156,禾伸堂凱基98購04,0,0,0,0,0,0,0,0,0,72000,0,0,0,85000,13000,72000,72000
054477,聯發科中信9C購02,0,0,0,0,0,0,0,0,0,72000,0,0,0,72000,0,72000,72000
054378,楠梓電群益98購01,0,0,0,0,0,0,0,0,0,72000,0,0,0,72000,0,72000,72000
058507,美律元大9A購01  ,0,0,0,0,0,0,0,0,0,72000,0,0,0,82000,10000,72000,72000
057045,美律元大99購04  ,0,0,0,0,0,0,0,0,0,72000,0,0,0,77000,5000,72000,72000
056954,聯詠富邦9A購01  ,0,0,0,0,0,0,0,0,0,72000,0,0,0,320000,248000,72000,72000
06021P,世紀鋼元富96售03,0,0,0,0,0,0,0,0,0,72000,0,0,0,200000,128000,72000,72000
4720,德淵            ,182000,110000,72000,0,0,0,0,0,0,0,0,0,0,0,0,0,72000
5283,禾聯碩          ,33000,8000,25000,0,0,0,5000,0,5000,42000,42000,0,42000,0,0,0,72000
06677P,牧德國票98售02  ,0,0,0,0,0,0,0,0,0,71000,0,0,0,72000,1000,71000,71000
07034P,大立光元富99售03,0,0,0,0,0,0,0,0,0,71000,0,0,0,77000,6000,71000,71000
061699,燿華國票9A購01  ,0,0,0,0,0,0,0,0,0,71000,0,0,0,132000,61000,71000,71000
060992,健策元大9A購05  ,0,0,0,0,0,0,0,0,0,71000,0,0,0,121000,50000,71000,71000
052590,祥碩永豐96購01  ,0,0,0,0,0,0,0,0,0,71000,0,0,0,81000,10000,71000,71000
053297,鎧勝中信98購01  ,0,0,0,0,0,0,0,0,0,71000,0,0,0,81000,10000,71000,71000
053149,京元電元大96購02,0,0,0,0,0,0,0,0,0,71000,0,0,0,131000,60000,71000,71000
060339,國巨統一01購01  ,0,0,0,0,0,0,0,0,0,71000,0,0,0,71000,0,71000,71000
057110,立積群益98購01  ,0,0,0,0,0,0,0,0,0,71000,0,0,0,100000,29000,71000,71000
058283,世紀鋼中信99購01,0,0,0,0,0,0,0,0,0,71000,0,0,0,71000,0,71000,71000
056568,台表科群益98購01,0,0,0,0,0,0,0,0,0,71000,0,0,0,81000,10000,71000,71000
6196,帆宣            ,241000,160000,81000,0,0,0,0,0,0,-10000,0,5000,-5000,5000,10000,-5000,71000
06087P,國巨永豐97售01  ,0,0,0,0,0,0,0,0,0,70000,0,0,0,70000,0,70000,70000
060619,玉晶光元大9A購03,0,0,0,0,0,0,0,0,0,70000,0,0,0,76000,6000,70000,70000
061294,奇力新麥證9A購01,0,0,0,70000,0,70000,0,0,0,70000,0,0,0,70000,0,70000,70000
062138,力成群益9B購01  ,0,0,0,0,0,0,0,0,0,70000,0,0,0,85000,15000,70000,70000
053308,智易凱基96購02  ,0,0,0,0,0,0,0,0,0,70000,0,0,0,70000,0,70000,70000
052125,群創國票95購02  ,0,0,0,0,0,0,0,0,0,70000,0,0,0,70000,0,70000,70000
055341,台達電凱基97購02,0,0,0,0,0,0,0,0,0,70000,0,0,0,70000,0,70000,70000
03428B,臺股指凱基97熊18,0,0,0,0,0,0,0,0,0,70000,0,0,0,70000,0,70000,70000
053713,漢唐凱基96購04  ,0,0,0,0,0,0,0,0,0,70000,0,0,0,80000,10000,70000,70000
054707,聯茂亞東97購01  ,0,0,0,0,0,0,0,0,0,70000,0,0,0,70000,0,70000,70000
054627,義隆凱基98購01  ,0,0,0,0,0,0,0,0,0,70000,0,0,0,70000,0,70000,70000
054634,FB上証中信99購01,0,0,0,0,0,0,0,0,0,70000,0,0,0,115000,45000,70000,70000
05570P,聯發科統一96售04,0,0,0,0,0,0,0,0,0,70000,0,0,0,71000,1000,70000,70000
055844,大毅元大98購01  ,0,0,0,0,0,0,0,0,0,70000,0,0,0,70000,0,70000,70000
058433,台積電統一9B購04,0,0,0,0,0,0,0,0,0,70000,0,0,0,70000,0,70000,70000
059273,臺指反元大9C購03,0,0,0,0,0,0,0,0,0,70000,0,0,0,70000,0,70000,70000
060409,味全永豐9A購01  ,0,0,0,0,0,0,0,0,0,70000,0,0,0,120000,50000,70000,70000
058131,義隆元大99購02  ,0,0,0,0,0,0,0,0,0,70000,0,0,0,106000,36000,70000,70000
4942,嘉彰            ,104000,34000,70000,0,0,0,0,0,0,0,0,0,0,0,0,0,70000
3576,聯合再生        ,343000,273000,70000,0,0,0,0,0,0,0,0,0,0,0,0,0,70000
07442P,華航康和9A售02  ,0,0,0,0,0,0,0,0,0,70000,0,0,0,70000,0,70000,70000
07538P,玉晶光元富9A售05,0,0,0,0,0,0,0,0,0,70000,0,0,0,70000,0,70000,70000
07317P,T50正2凱基9B售02,0,0,0,0,0,0,0,0,0,70000,0,0,0,70000,0,70000,70000
06686P,麗豐永豐98售02  ,0,0,0,0,0,0,0,0,0,69000,0,0,0,81000,12000,69000,69000
06779P,智邦元大98售12  ,0,0,0,0,0,0,0,0,0,69000,0,0,0,79000,10000,69000,69000
06542P,台光電國票98售05,0,0,0,0,0,0,0,0,0,69000,0,0,0,75000,6000,69000,69000
061059,世芯國票9B購01  ,0,0,0,0,0,0,0,0,0,69000,0,0,0,70000,1000,69000,69000
055958,台光電元大97購02,0,0,0,0,0,0,0,0,0,69000,0,0,0,84000,15000,69000,69000
057791,可成統一99購01  ,0,0,0,0,0,0,0,0,0,69000,0,0,0,69000,0,69000,69000
060450,南亞元大9A購02  ,0,0,0,0,0,0,0,0,0,69000,0,0,0,119000,50000,69000,69000
06016P,京元電凱基96售03,0,0,0,0,0,0,0,0,0,69000,0,0,0,85000,16000,69000,69000
057529,嘉晶元大99購02  ,0,0,0,0,0,0,0,0,0,69000,0,0,0,146000,77000,69000,69000
6142,友勁            ,5000,1000,4000,0,0,0,0,0,0,65000,65000,0,65000,0,0,0,69000
060990,新光金元大9B購03,0,0,0,0,0,0,0,0,0,68000,0,0,0,68000,0,68000,68000
060509,宏達電元大9A購02,0,0,0,0,0,0,0,0,0,68000,0,0,0,68000,0,68000,68000
060673,旺宏元大9A購04  ,0,0,0,0,0,0,0,0,0,68000,0,0,0,68000,0,68000,68000
060678,聯詠元大9A購03  ,0,0,0,0,0,0,0,0,0,68000,0,0,0,78000,10000,68000,68000
060823,旺宏元大9A購05  ,0,0,0,0,0,0,0,0,0,68000,0,0,0,68000,0,68000,68000
061206,旺宏元大9A購12  ,0,0,0,0,0,0,0,0,0,68000,0,0,0,74000,6000,68000,68000
061437,燿華凱基9A購01  ,0,0,0,0,0,0,0,0,0,68000,0,0,0,108000,40000,68000,68000
061713,華邦電凱基9A購01,0,0,0,0,0,0,0,0,0,68000,0,0,0,68000,0,68000,68000
061802,勤誠永豐9B購01  ,0,0,0,0,0,0,0,0,0,68000,0,0,0,311000,243000,68000,68000
06467P,旺宏統一98售01  ,0,0,0,0,0,0,0,0,0,68000,0,0,0,102000,34000,68000,68000
062086,瑞祺元大9B購01  ,0,0,0,0,0,0,0,0,0,68000,0,0,0,68000,0,68000,68000
062082,嘉晶元大9B購01  ,0,0,0,0,0,0,0,0,0,68000,0,0,0,113000,45000,68000,68000
062353,亞德客元大9B購01,1000,0,1000,0,0,0,0,0,0,67000,0,0,0,68000,1000,67000,68000
062187,台勝科元大9B購02,0,0,0,0,0,0,0,0,0,68000,0,0,0,68000,0,68000,68000
062537,聯電國泰9C購01  ,0,0,0,0,0,0,0,0,0,68000,0,0,0,68000,0,68000,68000
055837,致茂元大97購02  ,0,0,0,0,0,0,0,0,0,68000,0,0,0,68000,0,68000,68000
058318,致茂永豐9A購01  ,0,0,0,0,0,0,0,0,0,68000,0,0,0,126000,58000,68000,68000
054091,晶豪科群益96購01,0,0,0,0,0,0,0,0,0,68000,0,0,0,98000,30000,68000,68000
056075,瀚宇博元大97購03,0,0,0,0,0,0,0,0,0,68000,0,0,0,68000,0,68000,68000
054974,台表科元大98購02,0,0,0,0,0,0,0,0,0,68000,0,0,0,68000,0,68000,68000
054935,華通元大98購03  ,0,0,0,0,0,0,0,0,0,68000,0,0,0,69000,1000,68000,68000
055432,臻鼎群益97購02  ,0,0,0,0,0,0,0,0,0,68000,0,0,0,98000,30000,68000,68000
03442B,臺股指元大9A熊48,0,0,0,0,0,0,0,0,0,68000,0,0,0,147000,79000,68000,68000
053092,台表科元大97購02,0,0,0,0,0,0,0,0,0,68000,0,0,0,68000,0,68000,68000
057301,嘉聯益永豐98購02,0,0,0,0,0,0,0,0,0,68000,0,0,0,68000,0,68000,68000
057289,力成元大98購03  ,0,0,0,0,0,0,0,0,0,68000,0,0,0,88000,20000,68000,68000
057174,南亞科元大98購05,0,0,0,0,0,0,0,0,0,68000,0,0,0,68000,0,68000,68000
059849,興勤永豐99購01  ,0,0,0,0,0,0,0,0,0,68000,0,0,0,68000,0,68000,68000
056897,南亞科元大98購02,0,0,0,0,0,0,0,0,0,68000,0,0,0,68000,0,68000,68000
059623,聯電凱基99購02  ,0,0,0,0,0,0,0,0,0,68000,0,0,0,68000,0,68000,68000
07365P,超眾元大99售07  ,0,0,0,0,0,0,0,0,0,68000,0,0,0,68000,0,68000,68000
07671P,超眾元大9A售04  ,0,0,0,0,0,0,0,0,0,68000,0,0,0,68000,0,68000,68000
2207,和泰車          ,178000,118954,59046,0,0,0,0,0,0,8000,8000,0,8000,0,0,0,67046
061856,台郡國票9B購02  ,0,0,0,0,0,0,0,0,0,67000,0,0,0,191000,124000,67000,67000
06849P,欣興元大98售12  ,0,0,0,0,0,0,0,0,0,67000,0,0,0,98000,31000,67000,67000
061580,華擎元大9A購06  ,0,0,0,0,0,0,0,0,0,67000,0,0,0,135000,68000,67000,67000
061342,華新科元大9A購17,0,0,0,0,0,0,0,0,0,67000,0,0,0,68000,1000,67000,67000
061215,健策元大9A購06  ,0,0,0,0,0,0,0,0,0,67000,0,0,0,67000,0,67000,67000
060641,聯鈞永豐9A購01  ,0,0,0,0,0,0,0,0,0,67000,0,0,0,80000,13000,67000,67000
05624P,同欣電中信98售01,0,0,0,0,0,0,0,0,0,67000,0,0,0,110000,43000,67000,67000
055689,台郡凱基99購01  ,0,0,0,0,0,0,0,0,0,67000,0,0,0,67000,0,67000,67000
059646,聯茂凱基99購06  ,0,0,0,0,0,0,0,0,0,67000,0,0,0,110000,43000,67000,67000
05982P,漢唐國票96售03  ,0,0,0,0,0,0,0,0,0,67000,0,0,0,105000,38000,67000,67000
058399,美律元大99購05  ,0,0,0,0,0,0,0,0,0,67000,0,0,0,134000,67000,67000,67000
057334,技嘉國票98購02  ,0,0,0,0,0,0,0,0,0,67000,0,0,0,95000,28000,67000,67000
057378,康友元大98購02  ,0,0,0,0,0,0,0,0,0,67000,0,0,0,68000,1000,67000,67000
3059,華晶科          ,110000,46000,64000,0,0,0,0,0,0,3000,3000,0,3000,0,0,0,67000
061517,瑞祺永豐9A購03  ,0,0,0,0,0,0,0,0,0,66000,0,0,0,76000,10000,66000,66000
06744P,嘉聯益永豐98售03,0,0,0,0,0,0,0,0,0,66000,0,0,0,114000,48000,66000,66000
06529P,貿聯富邦99售03  ,0,0,0,0,0,0,0,0,0,66000,0,0,0,166000,100000,66000,66000
060009,南亞科群益99購03,0,0,0,0,0,0,0,0,0,66000,0,0,0,66000,0,66000,66000
060418,中橡永豐9A購01  ,0,0,0,0,0,0,0,0,0,66000,0,0,0,132000,66000,66000,66000
3588,通嘉            ,82000,17000,65000,0,0,0,0,0,0,1000,1000,0,1000,0,0,0,66000
4540,全球傳動        ,85000,19000,66000,0,0,0,0,0,0,0,0,0,0,0,0,0,66000
8404,百和興業-KY     ,101000,40000,61000,0,0,0,0,0,0,5000,5000,0,5000,0,0,0,66000
07120P,聯發科凱基99售09,0,0,0,0,0,0,0,0,0,65000,0,0,0,67000,2000,65000,65000
061402,矽創兆豐9B購01  ,0,0,0,0,0,0,0,0,0,65000,0,0,0,100000,35000,65000,65000
055863,緯穎元大97購05  ,0,0,0,0,0,0,0,0,0,65000,0,0,0,70000,5000,65000,65000
055820,矽力國票98購02  ,0,0,0,0,0,0,0,0,0,65000,0,0,0,174000,109000,65000,65000
05528P,臺股指群益96售01,0,0,0,0,0,0,0,0,0,65000,0,0,0,95000,30000,65000,65000
053734,友達中信98購02  ,0,0,0,0,0,0,0,0,0,65000,0,0,0,65000,0,65000,65000
060293,緯創元大9A購01  ,0,0,0,0,0,0,0,0,0,65000,0,0,0,103000,38000,65000,65000
058145,聯茂元大99購03  ,0,0,0,0,0,0,0,0,0,65000,0,0,0,620000,555000,65000,65000
056738,國巨凱基9A購02  ,0,0,0,0,0,0,0,0,0,65000,0,0,0,76000,11000,65000,65000
6277,宏正            ,109000,47000,62000,0,0,0,0,0,0,3000,3000,0,3000,0,0,0,65000
061326,新日興凱基9B購01,0,0,0,0,0,0,0,0,0,64000,0,0,0,68000,4000,64000,64000
061333,華通元大9A購08  ,0,0,0,0,0,0,0,0,0,64000,0,0,0,64000,0,64000,64000
061222,台灣50中信9A購02,0,0,0,0,0,0,0,0,0,64000,0,0,0,64000,0,64000,64000
061156,玉晶光群益9A購07,0,0,0,0,0,0,0,0,0,64000,0,0,0,64000,0,64000,64000
061718,GIS凱基9B購01   ,0,0,0,0,0,0,0,0,0,64000,0,0,0,101000,37000,64000,64000
060297,和碩元大9A購02  ,0,0,0,0,0,0,0,0,0,64000,0,0,0,114000,50000,64000,64000
057961,茂林元大9A購01  ,0,0,0,0,0,0,0,0,0,64000,0,0,0,64000,0,64000,64000
2405,浩鑫            ,150000,86000,64000,0,0,0,0,0,0,0,0,0,0,0,0,0,64000
061314,滬深2X凱基9B購06,0,0,0,0,0,0,0,0,0,63000,0,0,0,75000,12000,63000,63000
06934P,聯鈞元大98售03  ,0,0,0,0,0,0,0,0,0,63000,0,0,0,346000,283000,63000,63000
062220,台光電統一01購01,0,0,0,0,0,0,0,0,0,63000,0,0,0,135000,72000,63000,63000
054298,台表科元大97購03,0,0,0,0,0,0,0,0,0,63000,0,0,0,79000,16000,63000,63000
054673,京鼎國泰98購01  ,0,0,0,0,0,0,0,0,0,63000,0,0,0,63000,0,63000,63000
055988,矽力元富97購01  ,0,0,0,0,0,0,0,0,0,63000,0,0,0,65000,2000,63000,63000
057936,健策群益99購01  ,0,0,0,0,0,0,0,0,0,63000,0,0,0,65000,2000,63000,63000
057121,立積康和98購01  ,0,0,0,0,0,0,0,0,0,63000,0,0,0,73000,10000,63000,63000
05979P,華新科中信96售02,0,0,0,0,0,0,0,0,0,63000,0,0,0,63000,0,63000,63000
058007,南電群益98購02  ,0,0,0,0,0,0,0,0,0,63000,0,0,0,73000,10000,63000,63000
2233,宇隆            ,69000,5000,64000,0,0,0,0,0,0,-1000,0,1000,-1000,0,0,0,63000
07421P,國泰金元大99售01,0,0,0,0,0,0,0,0,0,63000,0,0,0,63000,0,63000,63000
06243P,亞光元富97售01  ,0,0,0,0,0,0,0,0,0,62000,0,0,0,62000,0,62000,62000
06646P,國巨元大98售16  ,0,0,0,0,0,0,0,0,0,62000,0,0,0,72000,10000,62000,62000
061201,FBVIX元大01購03 ,0,0,0,0,0,0,0,0,0,62000,0,0,0,70000,8000,62000,62000
060981,旺宏元大9A購08  ,0,0,0,0,0,0,0,0,0,62000,0,0,0,64000,2000,62000,62000
060866,世芯永豐9B購01  ,0,0,0,0,0,0,0,0,0,62000,0,0,0,75000,13000,62000,62000
054504,聯鈞永豐96購01  ,0,0,0,0,0,0,0,0,0,62000,0,0,0,143000,81000,62000,62000
054318,台虹凱基98購01  ,0,0,0,0,0,0,0,0,0,62000,0,0,0,244000,182000,62000,62000
055166,台積電統一97購05,0,0,0,0,0,0,0,0,0,62000,0,0,0,62000,0,62000,62000
07963P,智邦統一9B售01  ,0,0,0,0,0,0,0,0,0,62000,0,0,0,130000,68000,62000,62000
2480,敦陽科          ,60000,29000,31000,0,0,0,0,0,0,31000,63000,32000,31000,0,0,0,62000
061031,神隆永豐9A購02  ,0,0,0,0,0,0,0,0,0,61000,0,0,0,506000,445000,61000,61000
061482,健策元大9C購01  ,0,0,0,0,0,0,0,0,0,61000,0,0,0,73000,12000,61000,61000
053768,S&P反1元大99購01,0,0,0,0,0,0,0,0,0,61000,0,0,0,71000,10000,61000,61000
055785,祥碩凱基97購02  ,0,0,0,0,0,0,0,0,0,61000,0,0,0,89000,28000,61000,61000
058970,鴻海永豐99購02  ,0,0,0,0,0,0,0,0,0,61000,0,0,0,78000,17000,61000,61000
1611,中電            ,90000,29000,61000,0,0,0,0,0,0,0,0,0,0,0,0,0,61000
1338,廣華-KY         ,166000,107000,59000,0,0,0,0,0,0,2000,2000,0,2000,0,0,0,61000
6214,精誠            ,132000,88000,44000,0,0,0,0,0,0,17000,29000,0,29000,0,12000,-12000,61000
061774,T50反1國票9B購06,0,0,0,0,0,0,0,0,0,60000,0,0,0,75000,15000,60000,60000
061766,華新科元大9B購02,0,0,0,0,0,0,0,0,0,60000,0,0,0,60000,0,60000,60000
060743,鴻海國票9A購03  ,0,0,0,0,0,0,0,0,0,60000,0,0,0,60000,0,60000,60000
054589,聯鈞國泰99購01  ,0,0,0,0,0,0,0,0,0,60000,0,0,0,60000,0,60000,60000
05574P,英業達元富96售01,0,0,0,0,0,0,0,0,0,60000,0,0,0,60000,0,60000,60000
054062,TPK國票96購02   ,0,0,0,0,0,0,0,0,0,60000,0,0,0,60000,0,60000,60000
052450,嘉澤元大95購03  ,0,0,0,0,0,0,0,0,0,60000,0,0,0,60000,0,60000,60000
053326,瀚宇博台新96購01,0,0,0,0,0,0,0,0,0,60000,0,0,0,60000,0,60000,60000
055201,興勤群益98購01  ,0,0,0,0,0,0,0,0,0,60000,0,0,0,60000,0,60000,60000
052577,台積電統一96購01,0,0,0,0,0,0,0,0,0,60000,0,0,0,60000,0,60000,60000
053516,茂林群益96購05  ,0,0,0,0,0,0,0,0,0,60000,0,0,0,60000,0,60000,60000
041824,元油2X國票96購01,0,0,0,0,0,0,0,0,0,60000,0,0,0,60000,0,60000,60000
053463,可成富邦98購01  ,0,0,0,0,0,0,0,0,0,60000,0,0,0,60000,0,60000,60000
058813,旺宏統一9B購04  ,0,0,0,0,0,0,0,0,0,60000,0,0,0,60000,0,60000,60000
057154,易華電國泰99購01,0,0,0,0,0,0,0,0,0,60000,0,0,0,60000,0,60000,60000
057089,奇力新元富98購01,0,0,0,0,0,0,0,0,0,60000,0,0,0,60000,0,60000,60000
059072,元油2X元大9C購13,0,0,0,0,0,0,0,0,0,60000,0,0,0,80000,20000,60000,60000
059061,晶技凱基9A購01  ,0,0,0,0,0,0,0,0,0,60000,0,0,0,70000,10000,60000,60000
057753,臺股指國票98購09,0,0,0,0,0,0,0,0,0,60000,0,0,0,60000,0,60000,60000
057816,欣興元大98購13  ,0,0,0,0,0,0,0,0,0,60000,0,0,0,77000,17000,60000,60000
060196,泰鼎元富9A購01  ,0,0,0,0,0,0,0,0,0,60000,0,0,0,63000,3000,60000,60000
060469,台勝科元大9A購02,0,0,0,0,0,0,0,0,0,60000,0,0,0,60000,0,60000,60000
6024,群益期          ,88000,28000,60000,0,0,0,0,0,0,0,0,0,0,0,0,0,60000
4919,新唐            ,209000,148000,61000,0,0,0,0,0,0,-1000,4000,0,4000,12000,17000,-5000,60000
07823P,國巨元大9A售23  ,0,0,0,0,0,0,0,0,0,60000,0,0,0,110000,50000,60000,60000
060526,台積電中信9A購02,0,0,0,0,0,0,0,0,0,59000,0,0,0,81000,22000,59000,59000
061334,華通元大9A購09  ,0,0,0,0,0,0,0,0,0,59000,0,0,0,68000,9000,59000,59000
07104P,聯發科元富99售04,0,0,0,0,0,0,0,0,0,59000,0,0,0,65000,6000,59000,59000
06263P,燿華凱基97售04  ,0,0,0,0,0,0,0,0,0,59000,0,0,0,59000,0,59000,59000
06320P,上銀統一97售04  ,0,0,0,0,0,0,0,0,0,59000,0,0,0,94000,35000,59000,59000
062208,旭富國票9C購01  ,0,0,0,0,0,0,0,0,0,59000,0,0,0,85000,26000,59000,59000
052897,緯創群益96購03  ,0,0,0,0,0,0,0,0,0,59000,0,0,0,59000,0,59000,59000
056136,京鼎元大98購01  ,0,0,0,0,0,0,0,0,0,59000,0,0,0,69000,10000,59000,59000
05496P,聯詠統一95售04  ,0,0,0,0,0,0,0,0,0,59000,0,0,0,89000,30000,59000,59000
054330,世芯永豐96購02  ,0,0,0,0,0,0,0,0,0,59000,0,0,0,148000,89000,59000,59000
054693,神基永豐97購01  ,0,0,0,0,0,0,0,0,0,59000,0,0,0,181000,122000,59000,59000
058510,全新元大9B購02  ,0,0,0,0,0,0,0,0,0,59000,0,0,0,89000,30000,59000,59000
060406,瑞祺國泰9B購01  ,0,0,0,0,0,0,0,0,0,59000,0,0,0,155000,96000,59000,59000
059948,正文永豐99購01  ,0,0,0,0,0,0,0,0,0,59000,0,0,0,178000,119000,59000,59000
057909,台光電兆豐98購01,0,0,0,0,0,0,0,0,0,59000,0,0,0,131000,72000,59000,59000
2530,華建            ,66000,11000,55000,0,0,0,0,0,0,4000,4000,0,4000,0,0,0,59000
6139,亞翔            ,63000,5000,58000,0,0,0,0,0,0,1000,1000,0,1000,0,0,0,59000
5531,鄉林            ,96000,59000,37000,0,0,0,0,0,0,22000,22000,0,22000,0,0,0,59000
061398,力成中信9A購01  ,0,0,0,0,0,0,0,0,0,58000,0,0,0,213000,155000,58000,58000
061384,T50反1群益9A購04,0,0,0,0,0,0,0,0,0,58000,0,0,0,60000,2000,58000,58000
060538,S&P反1凱基9A購01,0,0,0,0,0,0,0,0,0,58000,0,0,0,60000,2000,58000,58000
060604,宏達電凱基9B購01,0,0,0,0,0,0,0,0,0,58000,0,0,0,61000,3000,58000,58000
060835,亞德客國票9A購01,30000,0,30000,0,0,0,0,0,0,28000,0,0,0,92000,64000,28000,58000
058583,臻鼎群益99購01  ,0,0,0,0,0,0,0,0,0,58000,0,0,0,98000,40000,58000,58000
055670,矽創群益98購02  ,0,0,0,0,0,0,0,0,0,58000,0,0,0,108000,50000,58000,58000
054260,貿聯元大96購03  ,0,0,0,0,0,0,0,0,0,58000,0,0,0,68000,10000,58000,58000
055996,矽力國泰99購01  ,0,0,0,0,0,0,0,0,0,58000,0,0,0,68000,10000,58000,58000
059504,台灣50永豐99購08,0,0,0,0,0,0,0,0,0,58000,0,0,0,58000,0,58000,58000
056599,臻鼎元富98購01  ,0,0,0,0,0,0,0,0,0,58000,0,0,0,193000,135000,58000,58000
057063,立積國泰9A購01  ,0,0,0,0,0,0,0,0,0,58000,0,0,0,210000,152000,58000,58000
059852,康控永豐99購02  ,0,0,0,0,0,0,0,0,0,58000,0,0,0,103000,45000,58000,58000
056890,國巨元大98購11  ,0,0,0,0,0,0,0,0,0,58000,0,0,0,58000,0,58000,58000
058738,FBVIX中信03購04 ,0,0,0,0,0,0,0,0,0,58000,0,0,0,62000,4000,58000,58000
058763,和碩群益99購01  ,0,0,0,0,0,0,0,0,0,58000,0,0,0,211000,153000,58000,58000
07252P,台灣50凱基99售01,0,0,0,0,0,0,0,0,0,58000,0,0,0,75000,17000,58000,58000
060909,金像電元大9B購01,0,0,0,0,0,0,0,0,0,57000,0,0,0,66000,9000,57000,57000
061149,華通群益9A購05  ,0,0,0,0,0,0,0,0,0,57000,0,0,0,62000,5000,57000,57000
060488,台灣50群益9C購01,0,0,0,0,0,0,0,0,0,57000,0,0,0,57000,0,57000,57000
06125P,楠梓電元富99售01,0,0,0,0,0,0,0,0,0,57000,0,0,0,103000,46000,57000,57000
062367,禾伸堂元大9B購02,0,0,0,0,0,0,0,0,0,57000,0,0,0,73000,16000,57000,57000
062124,大立光統一9B購09,0,0,0,0,0,0,0,0,0,57000,0,0,0,57000,0,57000,57000
06339P,上銀統一97售06  ,0,0,0,0,0,0,0,0,0,57000,0,0,0,77000,20000,57000,57000
06653P,美食元大98售02  ,0,0,0,0,0,0,0,0,0,57000,0,0,0,157000,100000,57000,57000
06851P,鈺齊元大98售01  ,0,0,0,0,0,0,0,0,0,57000,0,0,0,92000,35000,57000,57000
055398,超眾統一97購03  ,0,0,0,0,0,0,0,0,0,57000,0,0,0,100000,43000,57000,57000
054735,漢唐凱基98購01  ,0,0,0,0,0,0,0,0,0,57000,0,0,0,57000,0,57000,57000
055312,台虹群益99購01  ,0,0,0,0,0,0,0,0,0,57000,0,0,0,57000,0,57000,57000
057658,玉晶光兆豐99購02,0,0,0,0,0,0,0,0,0,57000,0,0,0,151000,94000,57000,57000
060366,健策元富9A購01  ,0,0,0,0,0,0,0,0,0,57000,0,0,0,127000,70000,57000,57000
057894,華通元富02購02  ,0,0,0,0,0,0,0,0,0,57000,0,0,0,80000,23000,57000,57000
057368,微星元大98購02  ,0,0,0,0,0,0,0,0,0,57000,0,0,0,78000,21000,57000,57000
07149P,健鼎元大99售03  ,0,0,0,0,0,0,0,0,0,57000,0,0,0,59000,2000,57000,57000
07635P,世芯永豐9A售05  ,0,0,0,0,0,0,0,0,0,57000,0,0,0,327000,270000,57000,57000
06845P,億光元大98售02  ,0,0,0,0,0,0,0,0,0,56000,0,0,0,81000,25000,56000,56000
061803,巨大永豐9B購01  ,0,0,0,0,0,0,0,0,0,56000,0,0,0,784000,728000,56000,56000
060696,道瓊反國泰9C購01,0,0,0,0,0,0,0,0,0,56000,0,0,0,56000,0,56000,56000
058181,華新科國泰9B購01,0,0,0,0,0,0,0,0,0,56000,0,0,0,59000,3000,56000,56000
055862,矽力元大97購04  ,0,0,0,0,0,0,0,0,0,56000,0,0,0,56000,0,56000,56000
054758,南亞國票9A購01  ,0,0,0,0,0,0,0,0,0,56000,0,0,0,56000,0,56000,56000
057113,祥碩群益98購01  ,0,0,0,0,0,0,0,0,0,56000,0,0,0,64000,8000,56000,56000
060169,群電永豐9A購01  ,0,0,0,0,0,0,0,0,0,56000,0,0,0,56000,0,56000,56000
060161,牧德永豐9A購02  ,0,0,0,0,0,0,0,0,0,56000,0,0,0,56000,0,56000,56000
059566,台積電凱基9A購11,0,0,0,0,0,0,0,0,0,56000,0,0,0,56000,0,56000,56000
3032,偉訓            ,80000,26000,54000,0,0,0,0,0,0,2000,2000,0,2000,0,0,0,56000
4564,元翎            ,91000,39000,52000,0,0,0,0,0,0,4000,0,0,0,4000,0,4000,56000
4141,龍燈-KY         ,58000,2000,56000,0,0,0,0,0,0,0,0,0,0,0,0,0,56000
9911,櫻花            ,96000,10000,86000,0,0,0,0,0,0,-30000,2000,32000,-30000,0,0,0,56000
060522,鴻海中信9A購03  ,0,0,0,0,0,0,0,0,0,55000,0,0,0,85000,30000,55000,55000
060571,京元電永豐9A購01,0,0,0,0,0,0,0,0,0,55000,0,0,0,94000,39000,55000,55000
061576,華新科元大9A購21,0,0,0,0,0,0,0,0,0,55000,0,0,0,55000,0,55000,55000
06752P,訊芯凱基98售05  ,0,0,0,0,0,0,0,0,0,55000,0,0,0,55000,0,55000,55000
06889P,臺股指元大98售13,0,0,0,0,0,0,0,0,0,55000,0,0,0,137000,82000,55000,55000
06734P,智邦凱基98售05  ,0,0,0,0,0,0,0,0,0,55000,0,0,0,64000,9000,55000,55000
06427P,鴻海元大97售13  ,0,0,0,0,0,0,0,0,0,55000,0,0,0,140000,85000,55000,55000
056358,友訊元大99購01  ,0,0,0,0,0,0,0,0,0,55000,0,0,0,55000,0,55000,55000
055834,國巨元大97購13  ,0,0,0,0,0,0,0,0,0,55000,0,0,0,55000,0,55000,55000
058309,大毅元大99購02  ,0,0,0,0,0,0,0,0,0,55000,0,0,0,55000,0,55000,55000
052437,聯發科富邦99購02,32000,0,32000,0,0,0,0,0,0,23000,0,0,0,23000,0,23000,55000
053679,緯創富邦96購01  ,0,0,0,0,0,0,0,0,0,55000,0,0,0,55000,0,55000,55000
050758,聯發科元富9B購01,0,0,0,0,0,0,0,0,0,55000,0,0,0,55000,0,55000,55000
060362,建準元富9A購02  ,0,0,0,0,0,0,0,0,0,55000,0,0,0,55000,0,55000,55000
057569,光磊永豐98購03  ,0,0,0,0,0,0,0,0,0,55000,0,0,0,123000,68000,55000,55000
058781,康友國票9A購01  ,0,0,0,0,0,0,0,0,0,55000,0,0,0,55000,0,55000,55000
2832,台產            ,84000,29000,55000,0,0,0,0,0,0,0,0,0,0,0,0,0,55000
2816,旺旺保          ,56000,1000,55000,0,0,0,0,0,0,0,0,0,0,0,0,0,55000
062566,嘉晶中信9C購01  ,0,0,0,0,0,0,0,0,0,54000,0,0,0,245000,191000,54000,54000
061544,大毅群益9B購02  ,0,0,0,0,0,0,0,0,0,54000,0,0,0,161000,107000,54000,54000
00665L,富邦恒生國企正2 ,0,5000,-5000,0,0,0,0,0,0,59000,0,0,0,105000,46000,59000,54000
020008,元大特股高息N   ,0,0,0,0,0,0,0,0,0,54000,0,0,0,59000,5000,54000,54000
058494,可成群益9B購01  ,0,0,0,0,0,0,0,0,0,54000,0,0,0,54000,0,54000,54000
055566,台表科凱基97購03,0,0,0,0,0,0,0,0,0,54000,0,0,0,67000,13000,54000,54000
054480,和碩中信98購01  ,0,0,0,0,0,0,0,0,0,54000,0,0,0,122000,68000,54000,54000
058912,祥碩元大99購01  ,0,0,0,0,0,0,0,0,0,54000,0,0,0,160000,106000,54000,54000
060252,緯穎元大9A購02  ,0,0,0,0,0,0,0,0,0,54000,0,0,0,136000,82000,54000,54000
07536P,華新科元富9A售04,0,0,0,0,0,0,0,0,0,54000,0,0,0,182000,128000,54000,54000
006207,FH滬深          ,15000,59000,-44000,0,0,0,0,0,0,97800,0,0,0,201000,103200,97800,53800
061013,台積電麥證9A購03,0,0,0,58000,5000,53000,0,0,0,53000,0,0,0,58000,5000,53000,53000
06598P,奇力新永豐98售02,0,0,0,0,0,0,0,0,0,53000,0,0,0,65000,12000,53000,53000
06187P,國巨統一97售05  ,0,0,0,0,0,0,0,0,0,53000,0,0,0,80000,27000,53000,53000
00737,國泰AI+Robo     ,722000,0,722000,0,0,0,0,0,0,-669000,0,0,0,8000,677000,-669000,53000
059830,台郡凱基99購05  ,0,0,0,0,0,0,0,0,0,53000,0,0,0,68000,15000,53000,53000
060104,新日興元大99購03,0,0,0,0,0,0,0,0,0,53000,0,0,0,58000,5000,53000,53000
058834,GIS永豐99購01   ,0,0,0,0,0,0,0,0,0,53000,0,0,0,58000,5000,53000,53000
1708,東鹼            ,59000,6000,53000,0,0,0,0,0,0,0,0,0,0,0,0,0,53000
2228,劍麟            ,91000,38000,53000,0,0,0,0,0,0,0,0,0,0,0,0,0,53000
6409,旭隼            ,129000,83686,45314,0,0,0,0,0,0,7000,7000,0,7000,0,0,0,52314
062041,華擎凱基9C購01  ,0,0,0,0,0,0,0,0,0,52000,0,0,0,52000,0,52000,52000
062365,台光電元大9B購03,0,0,0,0,0,0,0,0,0,52000,0,0,0,65000,13000,52000,52000
062507,臺股指群益9B購02,0,0,0,0,0,0,0,0,0,52000,0,0,0,52000,0,52000,52000
06624P,訊芯元大98售06  ,0,0,0,0,0,0,0,0,0,52000,0,0,0,80000,28000,52000,52000
056196,聯茂富邦98購02  ,0,0,0,0,0,0,0,0,0,52000,0,0,0,99000,47000,52000,52000
058930,華新科統一9B購01,0,0,0,0,0,0,0,0,0,52000,0,0,0,62000,10000,52000,52000
060131,GIS永豐99購03   ,0,0,0,0,0,0,0,0,0,52000,0,0,0,55000,3000,52000,52000
060457,中橡元大9A購02  ,0,0,0,0,0,0,0,0,0,52000,0,0,0,124000,72000,52000,52000
059669,台灣50元富9B購05,0,0,0,0,0,0,0,0,0,52000,0,0,0,58000,6000,52000,52000
9907,統一實          ,234000,187000,47000,0,0,0,0,0,0,5000,5000,0,5000,0,0,0,52000
2206,三陽工業        ,244000,219000,25000,0,0,0,0,0,0,27000,27000,0,27000,0,0,0,52000
1449,佳和            ,62000,10000,52000,0,0,0,0,0,0,0,0,0,0,0,0,0,52000
2707,晶華            ,53000,21000,32000,0,0,0,20000,0,20000,0,0,0,0,0,0,0,52000
2433,互盛電          ,9000,0,9000,0,0,0,0,0,0,43000,43000,0,43000,0,0,0,52000
06592P,欣興元大98售04  ,0,0,0,0,0,0,0,0,0,51000,0,0,0,123000,72000,51000,51000
07014P,華通元大99售04  ,0,0,0,0,0,0,0,0,0,51000,0,0,0,352000,301000,51000,51000
062480,茂林國票9B購01  ,0,0,0,0,0,0,0,0,0,51000,0,0,0,63000,12000,51000,51000
062275,燿華群益9B購01  ,0,0,0,0,0,0,0,0,0,51000,0,0,0,92000,41000,51000,51000
062158,禾伸堂凱基9B購01,0,0,0,0,0,0,0,0,0,51000,0,0,0,55000,4000,51000,51000
060528,友達中信9C購01  ,0,0,0,0,0,0,0,0,0,51000,0,0,0,51000,0,51000,51000
05556P,全新國票96售04  ,0,0,0,0,0,0,0,0,0,51000,0,0,0,51000,0,51000,51000
054164,強茂凱基98購01  ,0,0,0,0,0,0,0,0,0,51000,0,0,0,51000,0,51000,51000
053224,矽力凱基96購02  ,0,0,0,0,0,0,0,0,0,51000,0,0,0,61000,10000,51000,51000
05213P,台積電國票96售05,0,0,0,0,0,0,0,0,0,51000,0,0,0,52000,1000,51000,51000
053924,京鼎國票97購01  ,0,0,0,0,0,0,0,0,0,51000,0,0,0,51000,0,51000,51000
059760,楠梓電永豐99購01,0,0,0,0,0,0,0,0,0,51000,0,0,0,83000,32000,51000,51000
057090,奇力新元富98購02,0,0,0,0,0,0,0,0,0,51000,0,0,0,58000,7000,51000,51000
07161P,臺股指群益99售12,0,0,0,0,0,0,0,0,0,51000,0,0,0,62000,11000,51000,51000
060727,高股息中信9C購02,0,0,0,0,0,0,0,0,0,50000,0,0,0,50000,0,50000,50000
061065,神基凱基9A購01  ,0,0,0,0,0,0,0,0,0,50000,0,0,0,50000,0,50000,50000
061034,晶豪科永豐9A購01,0,0,0,0,0,0,0,0,0,50000,0,0,0,125000,75000,50000,50000
060982,旺宏元大9A購09  ,0,0,0,0,0,0,0,0,0,50000,0,0,0,50000,0,50000,50000
060978,國巨元大9A購13  ,0,0,0,0,0,0,0,0,0,50000,0,0,0,50000,0,50000,50000
06096P,全新永豐97售02  ,0,0,0,0,0,0,0,0,0,50000,0,0,0,53000,3000,50000,50000
061666,友達中信01購01  ,0,0,0,0,0,0,0,0,0,50000,0,0,0,50000,0,50000,50000
061207,美律元大9A購04  ,0,0,0,0,0,0,0,0,0,50000,0,0,0,61000,11000,50000,50000
061381,台灣50群益9B購07,0,0,0,0,0,0,0,0,0,50000,0,0,0,101000,51000,50000,50000
061352,茂林元大9A購04  ,0,0,0,0,0,0,0,0,0,50000,0,0,0,50000,0,50000,50000
062285,台勝科群益9B購01,0,0,0,0,0,0,0,0,0,50000,0,0,0,70000,20000,50000,50000
062377,力成元大9B購01  ,0,0,0,0,0,0,0,0,0,50000,0,0,0,80000,30000,50000,50000
062609,帆宣凱基9B購01  ,0,0,0,0,0,0,0,0,0,50000,0,0,0,50000,0,50000,50000
053804,富邦金凱基96購01,0,0,0,0,0,0,0,0,0,50000,0,0,0,50000,0,50000,50000
056477,欣興元大98購02  ,0,0,0,0,0,0,0,0,0,50000,0,0,0,85000,35000,50000,50000
056470,旺宏元大99購01  ,0,0,0,0,0,0,0,0,0,50000,0,0,0,50000,0,50000,50000
05525P,奇力新群益96售02,0,0,0,0,0,0,0,0,0,50000,0,0,0,50000,0,50000,50000
052654,友達統一97購01  ,0,0,0,0,0,0,0,0,0,50000,0,0,0,200000,150000,50000,50000
052299,T50反1台新05購03,0,0,0,0,0,0,0,0,0,50000,0,0,0,50000,0,50000,50000
051865,聯發科凱基96購04,0,0,0,0,0,0,0,0,0,50000,0,0,0,50000,0,50000,50000
053341,聯發科國票97購03,0,0,0,0,0,0,0,0,0,50000,0,0,0,50000,0,50000,50000
053122,美律凱基98購01  ,0,0,0,0,0,0,0,0,0,50000,0,0,0,50000,0,50000,50000
050161,鴻海國泰96購03  ,0,0,0,0,0,0,0,0,0,50000,0,0,0,50000,0,50000,50000
051239,國巨元大96購02  ,0,0,0,0,0,0,0,0,0,50000,0,0,0,50000,0,50000,50000
053721,國泰金凱基97購01,0,0,0,0,0,0,0,0,0,50000,0,0,0,50000,0,50000,50000
051600,新日興兆豐96購02,0,0,0,0,0,0,0,0,0,50000,0,0,0,50000,0,50000,50000
051590,玉晶光元大96購02,0,0,0,0,0,0,0,0,0,50000,0,0,0,50000,0,50000,50000
049335,聯電統一97購01  ,0,0,0,0,0,0,0,0,0,50000,0,0,0,50000,0,50000,50000
048189,臺指反元大96購06,0,0,0,0,0,0,0,0,0,50000,0,0,0,50000,0,50000,50000
055821,勤誠國票98購01  ,0,0,0,0,0,0,0,0,0,50000,0,0,0,50000,0,50000,50000
054427,潤泰全富邦97購01,0,0,0,0,0,0,0,0,0,50000,0,0,0,50000,0,50000,50000
058483,道瓊指國票9A購01,0,0,0,0,0,0,0,0,0,50000,0,0,0,50000,0,50000,50000
058471,台積電日盛9C購01,0,0,0,0,0,0,0,0,0,50000,0,0,0,50000,0,50000,50000
058521,日月光元大99購01,0,0,0,0,0,0,0,0,0,50000,0,0,0,50000,0,50000,50000
058346,嘉晶群益99購01  ,0,0,0,0,0,0,0,0,0,50000,0,0,0,58000,8000,50000,50000
056230,可成凱基98購03  ,0,0,0,0,0,0,0,0,0,50000,0,0,0,50000,0,50000,50000
056094,大立光元富97購03,0,0,0,0,0,0,0,0,0,50000,0,0,0,98000,48000,50000,50000
056239,宏達電群益98購01,0,0,0,0,0,0,0,0,0,50000,0,0,0,50000,0,50000,50000
054036,T50反1元大96購08,0,0,0,0,0,0,0,0,0,50000,0,0,0,50000,0,50000,50000
054902,億光康和97購01  ,0,0,0,0,0,0,0,0,0,50000,0,0,0,50000,0,50000,50000
057185,群創元大98購06  ,0,0,0,0,0,0,0,0,0,50000,0,0,0,50000,0,50000,50000
05727P,新光金日盛96售02,0,0,0,0,0,0,0,0,0,50000,0,0,0,50000,0,50000,50000
057255,聯發科麥證98購02,0,0,0,50000,0,50000,0,0,0,50000,0,0,0,50000,0,50000,50000
056596,光磊元富98購01  ,0,0,0,0,0,0,0,0,0,50000,0,0,0,60000,10000,50000,50000
056572,義隆元大99購01  ,0,0,0,0,0,0,0,0,0,50000,0,0,0,75000,25000,50000,50000
059174,訊芯凱基99購01  ,0,0,0,0,0,0,0,0,0,50000,0,0,0,99000,49000,50000,50000
059401,牧德元富99購01  ,0,0,0,0,0,0,0,0,0,50000,0,0,0,50000,0,50000,50000
058411,技嘉兆豐99購01  ,0,0,0,0,0,0,0,0,0,50000,0,0,0,52000,2000,50000,50000
056544,貿聯凱基98購03  ,0,0,0,0,0,0,0,0,0,50000,0,0,0,50000,0,50000,50000
057495,牧德元大99購04  ,0,0,0,0,0,0,0,0,0,50000,0,0,0,50000,0,50000,50000
057893,亞德客元富98購03,0,0,0,0,0,0,0,0,0,50000,0,0,0,50000,0,50000,50000
058234,華新科元大99購12,0,0,0,0,0,0,0,0,0,50000,0,0,0,50000,0,50000,50000
057672,茂林元大98購02  ,0,0,0,0,0,0,0,0,0,50000,0,0,0,50000,0,50000,50000
058022,樺漢凱基99購02  ,0,0,0,0,0,0,0,0,0,50000,0,0,0,50000,0,50000,50000
060284,南港元大01購01  ,0,0,0,0,0,0,0,0,0,50000,0,0,0,50000,0,50000,50000
060287,燿華元大9A購01  ,0,0,0,0,0,0,0,0,0,50000,0,0,0,50000,0,50000,50000
060002,T50反1群益9A購01,0,0,0,0,0,0,0,0,0,50000,0,0,0,50000,0,50000,50000
059985,華新科元大99購22,0,0,0,0,0,0,0,0,0,50000,0,0,0,50000,0,50000,50000
059854,台表科永豐99購03,0,0,0,0,0,0,0,0,0,50000,0,0,0,50000,0,50000,50000
07145P,為升元大99售03  ,0,0,0,0,0,0,0,0,0,50000,0,0,0,50000,0,50000,50000
07197P,臺股指元大99售13,0,0,0,0,0,0,0,0,0,50000,0,0,0,50000,0,50000,50000
07202P,台灣50凱基9C售04,0,0,0,0,0,0,0,0,0,50000,0,0,0,70000,20000,50000,50000
07509P,牧德國票9A售03  ,0,0,0,0,0,0,0,0,0,50000,0,0,0,177000,127000,50000,50000
07570P,旺宏凱基9A售04  ,0,0,0,0,0,0,0,0,0,50000,0,0,0,50000,0,50000,50000
07396P,聯發科群益9B售01,0,0,0,0,0,0,0,0,0,50000,0,0,0,70000,20000,50000,50000
07781P,高鐵凱基9A售02  ,0,0,0,0,0,0,0,0,0,50000,0,0,0,50000,0,50000,50000
08674P,嘉晶元富07售02  ,0,0,0,0,0,0,0,0,0,50000,0,0,0,50000,0,50000,50000
08679P,台灣50元大01售15,0,0,0,0,0,0,0,0,0,50000,0,0,0,50000,0,50000,50000
5608,四維航          ,86000,36000,50000,0,0,0,0,0,0,0,0,0,0,0,0,0,50000
06535P,可成群益99售02  ,0,0,0,0,0,0,0,0,0,49000,0,0,0,88000,39000,49000,49000
06939P,國巨永豐98售09  ,0,0,0,0,0,0,0,0,0,49000,0,0,0,57000,8000,49000,49000
062106,華邦電國票9B購02,0,0,0,0,0,0,0,0,0,49000,0,0,0,49000,0,49000,49000
061169,GIS兆豐9A購01   ,0,0,0,0,0,0,0,0,0,49000,0,0,0,93000,44000,49000,49000
061290,玉晶光統一01購04,0,0,0,0,0,0,0,0,0,49000,0,0,0,50000,1000,49000,49000
061007,聯詠兆豐9A購01  ,0,0,0,0,0,0,0,0,0,49000,0,0,0,102000,53000,49000,49000
055652,聯詠元富01購01  ,0,0,0,0,0,0,0,0,0,49000,0,0,0,90000,41000,49000,49000
052230,大立光凱基96購09,0,0,0,0,0,0,0,0,0,49000,0,0,0,49000,0,49000,49000
060328,可成群益9A購06  ,0,0,0,0,0,0,0,0,0,49000,0,0,0,62000,13000,49000,49000
057729,華新科國泰99購04,0,0,0,0,0,0,0,0,0,49000,0,0,0,49000,0,49000,49000
057955,技嘉元大98購07  ,0,0,0,0,0,0,0,0,0,49000,0,0,0,263000,214000,49000,49000
058907,健策元大99購04  ,0,0,0,0,0,0,0,0,0,49000,0,0,0,68000,19000,49000,49000
05758P,光罩永豐96售02  ,0,0,0,0,0,0,0,0,0,49000,0,0,0,79000,30000,49000,49000
6283,淳安            ,51000,2000,49000,0,0,0,0,0,0,0,0,0,0,0,0,0,49000
2485,兆赫            ,108000,72000,36000,0,0,0,0,0,0,13000,15000,2000,13000,0,0,0,49000
2929,淘帝-KY         ,248000,199000,49000,0,0,0,0,0,0,0,0,0,0,0,0,0,49000
07889P,旭富國票9B售01  ,0,0,0,0,0,0,0,0,0,49000,0,0,0,149000,100000,49000,49000
060841,宏達電國票9B購01,0,0,0,0,0,0,0,0,0,48000,0,0,0,58000,10000,48000,48000
06123P,玉晶光元大97售04,0,0,0,0,0,0,0,0,0,48000,0,0,0,60000,12000,48000,48000
061639,晶豪科元大9A購02,0,0,0,0,0,0,0,0,0,48000,0,0,0,50000,2000,48000,48000
06586P,鴻海元大9C售01  ,0,0,0,0,0,0,0,0,0,48000,0,0,0,58000,10000,48000,48000
055170,光磊統一97購01  ,0,0,0,0,0,0,0,0,0,48000,0,0,0,48000,0,48000,48000
055171,凱美統一97購01  ,0,0,0,0,0,0,0,0,0,48000,0,0,0,48000,0,48000,48000
053800,華通凱基97購03  ,0,0,0,0,0,0,0,0,0,48000,0,0,0,48000,0,48000,48000
045055,聯發科元富98購03,0,0,0,0,0,0,0,0,0,48000,0,0,0,48000,0,48000,48000
05348P,美律元富98售01  ,0,0,0,0,0,0,0,0,0,48000,0,0,0,275000,227000,48000,48000
048745,儒鴻元富97購02  ,0,0,0,0,0,0,0,0,0,48000,0,0,0,48000,0,48000,48000
05088P,大立光富邦99售01,0,0,0,0,0,0,0,0,0,48000,0,0,0,49000,1000,48000,48000
055776,宏達電凱基98購02,0,0,0,0,0,0,0,0,0,48000,0,0,0,48000,0,48000,48000
054880,華泰統一97購01  ,0,0,0,0,0,0,0,0,0,48000,0,0,0,48000,0,48000,48000
054111,緯穎凱基97購01  ,0,0,0,0,0,0,0,0,0,48000,0,0,0,62000,14000,48000,48000
056368,祥碩元大98購02  ,0,0,0,0,0,0,0,0,0,48000,0,0,0,54000,6000,48000,48000
056122,勤誠群益97購02  ,0,0,0,0,0,0,0,0,0,48000,0,0,0,50000,2000,48000,48000
056041,禾伸堂凱基98購03,0,0,0,0,0,0,0,0,0,48000,0,0,0,48000,0,48000,48000
056589,康控統一98購01  ,0,0,0,0,0,0,0,0,0,48000,0,0,0,48000,0,48000,48000
058951,南電群益99購01  ,0,0,0,0,0,0,0,0,0,48000,0,0,0,50000,2000,48000,48000
056675,聯發科元富02購01,0,0,0,0,0,0,0,0,0,48000,0,0,0,58000,10000,48000,48000
059959,訊芯康和99購01  ,0,0,0,0,0,0,0,0,0,48000,0,0,0,68000,20000,48000,48000
060063,可成兆豐9B購01  ,0,0,0,0,0,0,0,0,0,48000,0,0,0,48000,0,48000,48000
07265P,大立光元大99售16,0,0,0,0,0,0,0,0,0,48000,0,0,0,188000,140000,48000,48000
9941,裕融            ,79000,37000,42000,0,0,0,0,0,0,6000,6000,0,6000,0,0,0,48000
06619P,聯發科元大98售06,0,0,0,0,0,0,0,0,0,47000,0,0,0,329000,282000,47000,47000
06377P,華通統一97售04  ,0,0,0,0,0,0,0,0,0,47000,0,0,0,114000,67000,47000,47000
062573,大毅群益9B購03  ,0,0,0,0,0,0,0,0,0,47000,0,0,0,62000,15000,47000,47000
07059P,華通國票9A售02  ,0,0,0,0,0,0,0,0,0,47000,0,0,0,69000,22000,47000,47000
062384,聯詠國泰9C購01  ,0,0,0,0,0,0,0,0,0,47000,0,0,0,47000,0,47000,47000
06233P,訊芯永豐97售03  ,0,0,0,0,0,0,0,0,0,47000,0,0,0,47000,0,47000,47000
061260,台積電凱基9A購23,0,0,0,0,0,0,0,0,0,47000,0,0,0,50000,3000,47000,47000
061287,大立光統一9B購06,0,0,0,0,0,0,0,0,0,47000,0,0,0,52000,5000,47000,47000
061405,亞德客國票9B購01,0,0,0,0,0,0,0,0,0,47000,0,0,0,47000,0,47000,47000
01003T,兆豐新光R1      ,47000,0,47000,0,0,0,0,0,0,0,0,0,0,0,0,0,47000
053186,健策中信9C購01  ,0,0,0,0,0,0,0,0,0,47000,0,0,0,70000,23000,47000,47000
057639,國巨元大99購07  ,0,0,0,0,0,0,0,0,0,47000,0,0,0,47000,0,47000,47000
058881,全新永豐99購01  ,0,0,0,0,0,0,0,0,0,47000,0,0,0,67000,20000,47000,47000
057488,聯發科元大99購02,0,0,0,0,0,0,0,0,0,47000,0,0,0,47000,0,47000,47000
058237,嘉晶元大99購04  ,0,0,0,0,0,0,0,0,0,47000,0,0,0,122000,75000,47000,47000
059023,可成統一9B購02  ,0,0,0,0,0,0,0,0,0,47000,0,0,0,136000,89000,47000,47000
058989,茂林凱基99購02  ,0,0,0,0,0,0,0,0,0,47000,0,0,0,47000,0,47000,47000
07505P,台勝科元大9A售01,0,0,0,0,0,0,0,0,0,47000,0,0,0,83000,36000,47000,47000
07967P,力山元大9B售03  ,0,0,0,0,0,0,0,0,0,47000,0,0,0,70000,23000,47000,47000
07747P,晶技凱基9A售04  ,0,0,0,0,0,0,0,0,0,47000,0,0,0,375000,328000,47000,47000
2369,菱生            ,234000,195000,39000,0,0,0,0,0,0,8000,8000,0,8000,0,0,0,47000
2034,允強            ,116000,69000,47000,0,0,0,0,0,0,0,0,0,0,0,0,0,47000
061416,聯茂群益9A購01  ,0,0,0,0,0,0,0,0,0,46000,0,0,0,76000,30000,46000,46000
061818,富邦金群益9C購01,0,0,0,0,0,0,0,0,0,46000,0,0,0,154000,108000,46000,46000
060922,金像電永豐9A購01,50000,52000,-2000,0,0,0,0,0,0,48000,0,0,0,165000,117000,48000,46000
061075,亞德客兆豐9A購01,0,0,0,0,0,0,0,0,0,46000,0,0,0,57000,11000,46000,46000
051728,道瓊反國票97購01,0,0,0,0,0,0,0,0,0,46000,0,0,0,60000,14000,46000,46000
055271,鴻海元大98購03  ,0,0,0,0,0,0,0,0,0,46000,0,0,0,79000,33000,46000,46000
051406,泰鼎永豐96購01  ,0,0,0,0,0,0,0,0,0,46000,0,0,0,46000,0,46000,46000
055782,新日興凱基99購01,0,0,0,0,0,0,0,0,0,46000,0,0,0,46000,0,46000,46000
058356,華邦電凱基99購01,0,0,0,0,0,0,0,0,0,46000,0,0,0,46000,0,46000,46000
059008,鈺齊元大99購03  ,0,0,0,0,0,0,0,0,0,46000,0,0,0,50000,4000,46000,46000
058772,茂林兆豐9A購01  ,0,0,0,0,0,0,0,0,0,46000,0,0,0,57000,11000,46000,46000
059468,智邦元大99購02  ,0,0,0,0,0,0,0,0,0,46000,0,0,0,63000,17000,46000,46000
057828,緯穎元大99購02  ,0,0,0,0,0,0,0,0,0,46000,0,0,0,76000,30000,46000,46000
059944,欣興永豐99購03  ,0,0,0,0,0,0,0,0,0,46000,0,0,0,76000,30000,46000,46000
060278,道瓊反元大9A購03,0,0,0,0,0,0,0,0,0,46000,0,0,0,66000,20000,46000,46000
1503,士電            ,50000,10000,40000,0,0,0,0,0,0,6000,6000,0,6000,0,0,0,46000
2444,兆勁            ,55000,9000,46000,0,0,0,0,0,0,0,0,0,0,0,0,0,46000
2488,漢平            ,53000,7000,46000,0,0,0,0,0,0,0,0,0,0,0,0,0,46000
2903,遠百            ,165000,119000,46000,0,0,0,0,0,0,0,0,0,0,0,0,0,46000
07491P,臺股指國票9A售09,0,0,0,0,0,0,0,0,0,46000,0,0,0,66000,20000,46000,46000
07349P,大立光凱基99售16,0,0,0,0,0,0,0,0,0,46000,0,0,0,46000,0,46000,46000
5907,大洋-KY         ,64000,18000,46000,0,0,0,0,0,0,0,0,0,0,0,0,0,46000
060803,台灣50群益9A購13,0,0,0,0,0,0,0,0,0,45000,0,0,0,52000,7000,45000,45000
061878,茂林元大9B購01  ,0,0,0,0,0,0,0,0,0,45000,0,0,0,50000,5000,45000,45000
06843P,鴻海元大98售11  ,0,0,0,0,0,0,0,0,0,45000,0,0,0,127000,82000,45000,45000
055590,聯發科元大98購02,0,0,0,0,0,0,0,0,0,45000,0,0,0,45000,0,45000,45000
055114,新日興凱基98購01,0,0,0,0,0,0,0,0,0,45000,0,0,0,45000,0,45000,45000
050522,聯發科元大95購03,0,0,0,0,0,0,0,0,0,45000,0,0,0,45000,0,45000,45000
053865,欣興元大97購02  ,0,0,0,0,0,0,0,0,0,45000,0,0,0,83000,38000,45000,45000
053815,聯發科群益96購01,0,0,0,0,0,0,0,0,0,45000,0,0,0,45000,0,45000,45000
053332,創意永豐96購03  ,0,0,0,0,0,0,0,0,0,45000,0,0,0,65000,20000,45000,45000
053132,國巨國票97購02  ,0,0,0,0,0,0,0,0,0,45000,0,0,0,65000,20000,45000,45000
053082,聯電元大98購03  ,0,0,0,0,0,0,0,0,0,45000,0,0,0,55000,10000,45000,45000
056776,聯茂元大99購01  ,0,0,0,0,0,0,0,0,0,45000,0,0,0,65000,20000,45000,45000
059742,富邦金元富99購01,0,0,0,0,0,0,0,0,0,45000,0,0,0,55000,10000,45000,45000
058144,聯茂元大99購02  ,0,0,0,0,0,0,0,0,0,45000,0,0,0,85000,40000,45000,45000
057651,矽力元大98購03  ,0,0,0,0,0,0,0,0,0,45000,0,0,0,68000,23000,45000,45000
057774,台光電群益99購02,0,0,0,0,0,0,0,0,0,45000,0,0,0,50000,5000,45000,45000
057470,易華電永豐98購02,0,0,0,0,0,0,0,0,0,45000,0,0,0,45000,0,45000,45000
05710P,禾伸堂國票97售02,0,0,0,0,0,0,0,0,0,45000,0,0,0,60000,15000,45000,45000
07919P,創意永豐9B售01  ,0,0,0,0,0,0,0,0,0,45000,0,0,0,145000,100000,45000,45000
06737P,台郡凱基98售07  ,0,0,0,0,0,0,0,0,0,44000,0,0,0,73000,29000,44000,44000
062618,祥碩元大9B購04  ,0,0,0,0,0,0,0,0,0,44000,0,0,0,101000,57000,44000,44000
06428P,國巨元大97售17  ,0,0,0,0,0,0,0,0,0,44000,0,0,0,44000,0,44000,44000
06471P,臺股指凱基99售11,0,0,0,0,0,0,0,0,0,44000,0,0,0,44000,0,44000,44000
062083,健策元大9C購03  ,0,0,0,0,0,0,0,0,0,44000,0,0,0,104000,60000,44000,44000
060763,聯鈞元大9A購03  ,0,0,0,0,0,0,0,0,0,44000,0,0,0,109000,65000,44000,44000
060932,南六永豐9A購02  ,0,0,0,0,0,0,0,0,0,44000,0,0,0,127000,83000,44000,44000
061425,華新科元大9A購19,0,0,0,0,0,0,0,0,0,44000,0,0,0,44000,0,44000,44000
061179,華擎凱基9A購01  ,0,0,0,0,0,0,0,0,0,44000,0,0,0,44000,0,44000,44000
052010,兆豐金中信95購01,0,0,0,0,0,0,0,0,0,44000,0,0,0,44000,0,44000,44000
056193,聯發科富邦99購08,0,0,0,0,0,0,0,0,0,44000,0,0,0,44000,0,44000,44000
056354,國巨元大98購10  ,0,0,0,0,0,0,0,0,0,44000,0,0,0,44000,0,44000,44000
054720,禾伸堂永豐97購01,0,0,0,0,0,0,0,0,0,44000,0,0,0,90000,46000,44000,44000
055675,亞德客凱基97購02,0,0,0,0,0,0,0,0,0,44000,0,0,0,61000,17000,44000,44000
055644,致茂元富97購01  ,0,0,0,0,0,0,0,0,0,44000,0,0,0,44000,0,44000,44000
056534,京元電凱基98購01,0,0,0,0,0,0,0,0,0,44000,0,0,0,54000,10000,44000,44000
058403,玉晶光元大99購12,0,0,0,0,0,0,0,0,0,44000,0,0,0,101000,57000,44000,44000
059238,台積電凱基99購11,0,0,0,0,0,0,0,0,0,44000,0,0,0,62000,18000,44000,44000
058005,茂林群益98購04  ,0,0,0,0,0,0,0,0,0,44000,0,0,0,44000,0,44000,44000
05676P,欣興群益96售04  ,0,0,0,0,0,0,0,0,0,44000,0,0,0,79000,35000,44000,44000
057802,卜蜂元大98購01  ,0,0,0,0,0,0,0,0,0,44000,0,0,0,220000,176000,44000,44000
07675P,全新永豐9A售02  ,0,0,0,0,0,0,0,0,0,44000,0,0,0,44000,0,44000,44000
3257,虹冠電          ,49000,5000,44000,0,0,0,0,0,0,0,0,0,0,0,0,0,44000
061255,道瓊反凱基9C購01,0,0,0,0,0,0,0,0,0,43000,0,0,0,48000,5000,43000,43000
061614,亞德客群益9A購01,0,0,0,0,0,0,0,0,0,43000,0,0,0,57000,14000,43000,43000
062184,奇鋐元大9B購02  ,0,0,0,0,0,0,0,0,0,43000,0,0,0,57000,14000,43000,43000
062522,同欣電元大9B購02,0,0,0,0,0,0,0,0,0,43000,0,0,0,58000,15000,43000,43000
06626P,大立光統一9A售01,0,0,0,0,0,0,0,0,0,43000,0,0,0,72000,29000,43000,43000
06254P,臺股指群益97售07,0,0,0,0,0,0,0,0,0,43000,0,0,0,84000,41000,43000,43000
056116,義隆群益97購02  ,0,0,0,0,0,0,0,0,0,43000,0,0,0,46000,3000,43000,43000
055229,大毅國票97購02  ,0,0,0,0,0,0,0,0,0,43000,0,0,0,65000,22000,43000,43000
060159,健和興永豐9A購01,0,0,0,0,0,0,0,0,0,43000,0,0,0,53000,10000,43000,43000
3149,正達            ,95000,52000,43000,0,0,0,0,0,0,0,0,0,0,0,0,0,43000
1467,南緯            ,107000,70000,37000,0,0,0,0,0,0,6000,6000,0,6000,0,0,0,43000
07469P,台達電元大9A售01,0,0,0,0,0,0,0,0,0,43000,0,0,0,100000,57000,43000,43000
6715,嘉基            ,50000,12000,38000,0,0,0,0,0,0,5000,5000,0,5000,0,0,0,43000
3665,貿聯-KY         ,225000,193000,32000,0,0,0,0,0,0,11000,1000,0,1000,11000,1000,10000,43000
9925,新保            ,65000,24000,41000,0,0,0,0,0,0,2000,2000,0,2000,0,0,0,43000
061899,復盛永豐9B購01  ,0,0,0,0,0,0,0,0,0,42000,0,0,0,42000,0,42000,42000
061975,華通元大9B購01  ,0,0,0,0,0,0,0,0,0,42000,0,0,0,74000,32000,42000,42000
061650,南電元大9A購07  ,0,0,0,0,0,0,0,0,0,42000,0,0,0,46000,4000,42000,42000
055254,聯詠統一97購03  ,0,0,0,0,0,0,0,0,0,42000,0,0,0,52000,10000,42000,42000
053916,漢唐國票97購04  ,0,0,0,0,0,0,0,0,0,42000,0,0,0,50000,8000,42000,42000
02001R,富邦蘋果反一N   ,0,0,0,0,0,0,0,0,0,42000,0,0,0,1044000,1002000,42000,42000
054098,嘉晶國票97購04  ,0,0,0,0,0,0,0,0,0,42000,0,0,0,42000,0,42000,42000
055059,健和興永豐97購01,0,0,0,0,0,0,0,0,0,42000,0,0,0,58000,16000,42000,42000
054718,可成永豐97購01  ,0,0,0,0,0,0,0,0,0,42000,0,0,0,44000,2000,42000,42000
060033,臻鼎永豐99購01  ,0,0,0,0,0,0,0,0,0,42000,0,0,0,82000,40000,42000,42000
058008,禾伸堂國票99購02,0,0,0,0,0,0,0,0,0,42000,0,0,0,42000,0,42000,42000
056492,全新國泰9A購01  ,0,0,0,0,0,0,0,0,0,42000,0,0,0,72000,30000,42000,42000
07445P,大立光凱基9A售08,0,0,0,0,0,0,0,0,0,42000,0,0,0,46000,4000,42000,42000
07557P,玉晶光元大9A售09,0,0,0,0,0,0,0,0,0,42000,0,0,0,82000,40000,42000,42000
00636,國泰中國A50     ,69000,127000,-58000,0,0,0,0,0,0,99436,0,30000,-30000,417436,288000,129436,41436
062071,華通元大9B購02  ,0,0,0,0,0,0,0,0,0,41000,0,0,0,71000,30000,41000,41000
062104,上証2X國票9B購03,0,0,0,0,0,0,0,0,0,41000,0,0,0,261000,220000,41000,41000
06602P,國巨統一99售02  ,0,0,0,0,0,0,0,0,0,41000,0,0,0,60000,19000,41000,41000
06885P,國巨國票99售06  ,0,0,0,0,0,0,0,0,0,41000,0,0,0,41000,0,41000,41000
06865P,亞德客元大98售04,0,0,0,0,0,0,0,0,0,41000,0,0,0,41000,0,41000,41000
051866,聯發科凱基96購05,0,0,0,0,0,0,0,0,0,41000,0,0,0,41000,0,41000,41000
052371,元金2X元大95購01,0,0,0,0,0,0,0,0,0,41000,0,0,0,41000,0,41000,41000
053124,聯發科凱基96購12,0,0,0,0,0,0,0,0,0,41000,0,0,0,44000,3000,41000,41000
056529,中環凱基98購01  ,0,0,0,0,0,0,0,0,0,41000,0,0,0,141000,100000,41000,41000
05878P,創意群益98售01  ,0,0,0,0,0,0,0,0,0,41000,0,0,0,41000,0,41000,41000
057307,瀚宇博兆豐99購01,0,0,0,0,0,0,0,0,0,41000,0,0,0,240000,199000,41000,41000
058004,大立光群益98購03,0,0,0,0,0,0,0,0,0,41000,0,0,0,45000,4000,41000,41000
057744,健策永豐98購02  ,0,0,0,0,0,0,0,0,0,41000,0,0,0,41000,0,41000,41000
059879,GIS凱基99購03   ,0,0,0,0,0,0,0,0,0,41000,0,0,0,41000,0,41000,41000
07279P,台灣50台新99售02,0,0,0,0,0,0,0,0,0,41000,0,0,0,181000,140000,41000,41000
07700P,臺股指元大9A售53,0,0,0,0,0,0,0,0,0,41000,0,0,0,127000,86000,41000,41000
07771P,義隆國票9A售01  ,0,0,0,0,0,0,0,0,0,41000,0,0,0,105000,64000,41000,41000
07943P,瑞昱元大9B售02  ,0,0,0,0,0,0,0,0,0,41000,0,0,0,41000,0,41000,41000
07844P,可成國票9A售01  ,0,0,0,0,0,0,0,0,0,41000,0,0,0,46000,5000,41000,41000
1451,年興            ,77000,36000,41000,0,0,0,0,0,0,0,0,0,0,0,0,0,41000
1457,宜進            ,41000,0,41000,0,0,0,0,0,0,0,0,0,0,0,0,0,41000
8482,商億-KY         ,65000,24000,41000,0,0,0,0,0,0,0,0,0,0,0,0,0,41000
3443,創意            ,392000,429000,-37000,0,0,0,0,0,0,78000,24000,10000,14000,70000,6000,64000,41000
4526,東台            ,45000,5000,40000,0,0,0,0,0,0,1000,1000,0,1000,0,0,0,41000
6451,訊芯-KY         ,155000,121000,34000,0,0,0,0,0,0,7000,1000,0,1000,12000,6000,6000,41000
06887P,華新科元大98售04,0,0,0,0,0,0,0,0,0,40000,0,0,0,50000,10000,40000,40000
07031P,台灣50中信03售02,0,0,0,0,0,0,0,0,0,40000,0,0,0,40000,0,40000,40000
06405P,億光元富97售02  ,0,0,0,0,0,0,0,0,0,40000,0,0,0,40000,0,40000,40000
062360,華邦電元大9B購01,0,0,0,0,0,0,0,0,0,40000,0,0,0,85000,45000,40000,40000
06137P,玉晶光永豐97售04,0,0,0,0,0,0,0,0,0,40000,0,0,0,107000,67000,40000,40000
061084,京元電兆豐9A購02,0,0,0,0,0,0,0,0,0,40000,0,0,0,50000,10000,40000,40000
061094,彩晶統一9B購02  ,0,0,0,0,0,0,0,0,0,40000,0,0,0,40000,0,40000,40000
06103P,漢唐凱基97售02  ,0,0,0,0,0,0,0,0,0,40000,0,0,0,40000,0,40000,40000
060817,華邦電台新9A購01,0,0,0,0,0,0,0,0,0,40000,0,0,0,40000,0,40000,40000
060664,聯詠凱基9A購01  ,0,0,0,0,0,0,0,0,0,40000,0,0,0,40000,0,40000,40000
060670,臺指反元大01購03,0,0,0,0,0,0,0,0,0,40000,0,0,0,40000,0,40000,40000
060545,台積電凱基9B購02,0,0,0,0,0,0,0,0,0,40000,0,0,0,100000,60000,40000,40000
060550,可成凱基9A購02  ,0,0,0,0,0,0,0,0,0,40000,0,0,0,67000,27000,40000,40000
053159,同欣電元大96購02,0,0,0,0,0,0,0,0,0,40000,0,0,0,40000,0,40000,40000
052890,FB上証群益9B購01,0,0,0,0,0,0,0,0,0,40000,0,0,0,50000,10000,40000,40000
053904,漢唐凱基97購01  ,0,0,0,0,0,0,0,0,0,40000,0,0,0,50000,10000,40000,40000
053494,南亞科兆豐96購02,0,0,0,0,0,0,0,0,0,40000,0,0,0,95000,55000,40000,40000
047690,美律富邦97購01  ,0,0,0,0,0,0,0,0,0,40000,0,0,0,40000,0,40000,40000
05862P,大立光國泰98售01,0,0,0,0,0,0,0,0,0,40000,0,0,0,50000,10000,40000,40000
054241,深中小元大98購01,0,0,0,0,0,0,0,0,0,40000,0,0,0,40000,0,40000,40000
054428,禾伸堂富邦98購01,0,0,0,0,0,0,0,0,0,40000,0,0,0,40000,0,40000,40000
055740,智易元富97購01  ,0,0,0,0,0,0,0,0,0,40000,0,0,0,40000,0,40000,40000
055018,緯穎元富97購02  ,0,0,0,0,0,0,0,0,0,40000,0,0,0,40000,0,40000,40000
054882,台光電統一97購02,0,0,0,0,0,0,0,0,0,40000,0,0,0,40000,0,40000,40000
053957,瑞昱永豐96購01  ,0,0,0,0,0,0,0,0,0,40000,0,0,0,50000,10000,40000,40000
059916,聯發科元大99購33,0,0,0,0,0,0,0,0,0,40000,0,0,0,40000,0,40000,40000
060038,台積電國票99購13,0,0,0,0,0,0,0,0,0,40000,0,0,0,50000,10000,40000,40000
060023,T50反1國泰9A購03,0,0,0,0,0,0,0,0,0,40000,0,0,0,40000,0,40000,40000
060015,國巨康和99購03  ,0,0,0,0,0,0,0,0,0,40000,0,0,0,40000,0,40000,40000
059986,宏達電元大99購08,0,0,0,0,0,0,0,0,0,40000,0,0,0,50000,10000,40000,40000
060091,技嘉元大99購03  ,0,0,0,0,0,0,0,0,0,40000,0,0,0,88000,48000,40000,40000
060279,SP黃豆元大9A購01,0,0,0,0,0,0,0,0,0,40000,0,0,0,40000,0,40000,40000
060433,億豐永豐9A購01  ,0,0,0,0,0,0,0,0,0,40000,0,0,0,231000,191000,40000,40000
057704,台虹群益98購03  ,0,0,0,0,0,0,0,0,0,40000,0,0,0,190000,150000,40000,40000
059567,台積電凱基9A購12,0,0,0,0,0,0,0,0,0,40000,0,0,0,40000,0,40000,40000
057280,大立光元大98購15,0,0,0,0,0,0,0,0,0,40000,0,0,0,40000,0,40000,40000
057279,國揚元大98購01  ,0,0,0,0,0,0,0,0,0,40000,0,0,0,40000,0,40000,40000
057201,華擎元富98購01  ,0,0,0,0,0,0,0,0,0,40000,0,0,0,73000,33000,40000,40000
057207,立積元富98購02  ,0,0,0,0,0,0,0,0,0,40000,0,0,0,126000,86000,40000,40000
059266,緯創中信01購01  ,0,0,0,0,0,0,0,0,0,40000,0,0,0,40000,0,40000,40000
057877,神達元大99購01  ,0,0,0,0,0,0,0,0,0,40000,0,0,0,50000,10000,40000,40000
057398,台郡中信99購01  ,0,0,0,0,0,0,0,0,0,40000,0,0,0,40000,0,40000,40000
057408,台郡群益98購01  ,0,0,0,0,0,0,0,0,0,40000,0,0,0,40000,0,40000,40000
058814,南亞科台新99購01,0,0,0,0,0,0,0,0,0,40000,0,0,0,40000,0,40000,40000
058409,鴻海兆豐99購05  ,0,0,0,0,0,0,0,0,0,40000,0,0,0,50000,10000,40000,40000
057442,玉晶光統一98購03,0,0,0,0,0,0,0,0,0,40000,0,0,0,40000,0,40000,40000
07996P,亞德客凱基9B售03,0,0,0,0,0,0,0,0,0,40000,0,0,0,60000,20000,40000,40000
062372,旭富元大9B購01  ,0,0,0,0,0,0,0,0,0,39000,0,0,0,341000,302000,39000,39000
06980P,緯穎永豐99售02  ,0,0,0,0,0,0,0,0,0,39000,0,0,0,49000,10000,39000,39000
054420,緯穎元大96購08  ,0,0,0,0,0,0,0,0,0,39000,0,0,0,147000,108000,39000,39000
058937,仁寶中信99購01  ,0,0,0,0,0,0,0,0,0,39000,0,0,0,109000,70000,39000,39000
057662,上銀元大9A購01  ,0,0,0,0,0,0,0,0,0,39000,0,0,0,50000,11000,39000,39000
057684,聯茂日盛99購01  ,0,0,0,0,0,0,0,0,0,39000,0,0,0,39000,0,39000,39000
06044P,同欣電永豐96售03,0,0,0,0,0,0,0,0,0,39000,0,0,0,66000,27000,39000,39000
059907,道瓊指元大99購03,0,0,0,0,0,0,0,0,0,39000,0,0,0,100000,61000,39000,39000
07764P,世紀鋼永豐9A售04,0,0,0,0,0,0,0,0,0,39000,0,0,0,49000,10000,39000,39000
07309P,聯發科凱基99售18,0,0,0,0,0,0,0,0,0,39000,0,0,0,55000,16000,39000,39000
07184P,台灣50元富01售01,0,0,0,0,0,0,0,0,0,39000,0,0,0,80000,41000,39000,39000
4552,力達-KY         ,40000,1000,39000,0,0,0,0,0,0,0,0,0,0,0,0,0,39000
9943,好樂迪          ,44000,5000,39000,0,0,0,0,0,0,0,0,0,0,0,0,0,39000
07057P,大立光康和9B售02,0,0,0,0,0,0,0,0,0,38000,0,0,0,38000,0,38000,38000
07103P,南電元大99售04  ,0,0,0,0,0,0,0,0,0,38000,0,0,0,44000,6000,38000,38000
06730P,祥碩元大98售07  ,0,0,0,0,0,0,0,0,0,38000,0,0,0,53000,15000,38000,38000
062539,可成國泰01購01  ,0,0,0,0,0,0,0,0,0,38000,0,0,0,38000,0,38000,38000
060722,矽格永豐9A購01  ,0,0,0,0,0,0,0,0,0,38000,0,0,0,68000,30000,38000,38000
061432,世紀鋼元大9A購05,0,0,0,0,0,0,0,0,0,38000,0,0,0,238000,200000,38000,38000
06150P,奇力新元大97售06,0,0,0,0,0,0,0,0,0,38000,0,0,0,50000,12000,38000,38000
061744,超眾凱基9B購02  ,0,0,0,0,0,0,0,0,0,38000,0,0,0,68000,30000,38000,38000
058160,奇鋐元富99購01  ,0,0,0,0,0,0,0,0,0,38000,0,0,0,88000,50000,38000,38000
055131,茂林康和97購01  ,0,0,0,0,0,0,0,0,0,38000,0,0,0,348000,310000,38000,38000
053485,矽創國票97購04  ,0,0,0,0,0,0,0,0,0,38000,0,0,0,38000,0,38000,38000
052724,力成統一97購01  ,0,0,0,0,0,0,0,0,0,38000,0,0,0,38000,0,38000,38000
057677,臺股指元大98購07,0,0,0,0,0,0,0,0,0,38000,0,0,0,38000,0,38000,38000
057638,上銀元大99購01  ,0,0,0,0,0,0,0,0,0,38000,0,0,0,58000,20000,38000,38000
058257,聯陽國泰9B購01  ,0,0,0,0,0,0,0,0,0,38000,0,0,0,38000,0,38000,38000
6491,晶碩            ,44000,4000,40000,0,0,0,0,0,0,-2000,0,2000,-2000,0,0,0,38000
07216P,大立光凱基99售08,0,0,0,0,0,0,0,0,0,38000,0,0,0,60000,22000,38000,38000
07192P,聯發科元大99售23,0,0,0,0,0,0,0,0,0,38000,0,0,0,44000,6000,38000,38000
1527,鑽全            ,97000,59000,38000,0,0,0,0,0,0,0,0,0,0,0,0,0,38000
2912,統一超          ,482000,471400,10600,0,0,0,0,0,0,27000,27000,0,27000,0,0,0,37600
061799,奇鋐永豐9B購01  ,0,0,0,0,0,0,0,0,0,37000,0,0,0,41000,4000,37000,37000
061366,台勝科國票9A購01,0,0,0,0,0,0,0,0,0,37000,0,0,0,57000,20000,37000,37000
07122P,欣興凱基99售05  ,0,0,0,0,0,0,0,0,0,37000,0,0,0,128000,91000,37000,37000
062045,崇越凱基9B購01  ,0,0,0,0,0,0,0,0,0,37000,0,0,0,272000,235000,37000,37000
061881,緯穎元大9B購02  ,0,0,0,0,0,0,0,0,0,37000,0,0,0,127000,90000,37000,37000
050992,台積電元大97購01,0,0,0,0,0,0,0,0,0,37000,0,0,0,57000,20000,37000,37000
055058,大毅永豐97購01  ,0,0,0,0,0,0,0,0,0,37000,0,0,0,60000,23000,37000,37000
054921,文曄凱基97購01  ,0,0,0,0,0,0,0,0,0,37000,0,0,0,50000,13000,37000,37000
058579,聯發科群益99購04,0,0,0,0,0,0,0,0,0,37000,0,0,0,37000,0,37000,37000
054704,玉晶光第一97購01,0,0,0,0,0,0,0,0,0,37000,0,0,0,37000,0,37000,37000
059375,道瓊反群益9C購02,0,0,0,0,0,0,0,0,0,37000,0,0,0,52000,15000,37000,37000
056618,京元電永豐98購01,0,0,0,0,0,0,0,0,0,37000,0,0,0,121000,84000,37000,37000
058737,鴻海第一01購01  ,0,0,0,0,0,0,0,0,0,37000,0,0,0,37000,0,37000,37000
056777,矽力元大98購02  ,0,0,0,0,0,0,0,0,0,37000,0,0,0,51000,14000,37000,37000
059908,元金2X元大99購01,0,0,0,0,0,0,0,0,0,37000,0,0,0,70000,33000,37000,37000
060079,台郡台新99購03  ,0,0,0,0,0,0,0,0,0,37000,0,0,0,37000,0,37000,37000
060109,茂林元大99購05  ,0,0,0,0,0,0,0,0,0,37000,0,0,0,50000,13000,37000,37000
07163P,臺股指群益99售14,0,0,0,0,0,0,0,0,0,37000,0,0,0,47000,10000,37000,37000
07590P,玉晶光國票9A售03,0,0,0,0,0,0,0,0,0,37000,0,0,0,43000,6000,37000,37000
07780P,美律凱基9A售02  ,0,0,0,0,0,0,0,0,0,37000,0,0,0,202000,165000,37000,37000
061990,台勝科元大9C購01,0,0,0,0,0,0,0,0,0,36000,0,0,0,97000,61000,36000,36000
062383,大立光國泰01購01,0,0,0,0,0,0,0,0,0,36000,0,0,0,258000,222000,36000,36000
062317,祥碩凱基9B購03  ,0,0,0,0,0,0,0,0,0,36000,0,0,0,82000,46000,36000,36000
062598,華通台新9B購02  ,0,0,0,0,0,0,0,0,0,36000,0,0,0,41000,5000,36000,36000
06296P,燿華元大98售01  ,0,0,0,0,0,0,0,0,0,36000,0,0,0,71000,35000,36000,36000
061203,國巨元大9A購15  ,0,0,0,0,0,0,0,0,0,36000,0,0,0,36000,0,36000,36000
061822,和潤群益9B購01  ,0,0,0,0,0,0,0,0,0,36000,0,0,0,127000,91000,36000,36000
060770,宏達電麥證9A購01,0,0,0,36000,0,36000,0,0,0,36000,0,0,0,36000,0,36000,36000
056291,聯茂永豐97購03  ,0,0,0,0,0,0,0,0,0,36000,0,0,0,46000,10000,36000,36000
00733,富邦臺灣中小    ,0,0,0,0,0,0,0,0,0,36000,0,0,0,282000,246000,36000,36000
053530,聯發科康和96購01,0,0,0,0,0,0,0,0,0,36000,0,0,0,36000,0,36000,36000
056419,欣興元富98購02  ,0,0,0,0,0,0,0,0,0,36000,0,0,0,45000,9000,36000,36000
059990,健策元大9A購01  ,0,0,0,0,0,0,0,0,0,36000,0,0,0,56000,20000,36000,36000
060020,康控康和99購01  ,0,0,0,0,0,0,0,0,0,36000,0,0,0,57000,21000,36000,36000
060480,億豐元大9A購02  ,0,0,0,0,0,0,0,0,0,36000,0,0,0,100000,64000,36000,36000
056852,矽格元富98購01  ,0,0,0,0,0,0,0,0,0,36000,0,0,0,98000,62000,36000,36000
059539,緯穎凱基99購03  ,0,0,0,0,0,0,0,0,0,36000,0,0,0,66000,30000,36000,36000
057719,欣興元富02購01  ,0,0,0,0,0,0,0,0,0,36000,0,0,0,148000,112000,36000,36000
059006,樺漢元大99購01  ,0,0,0,0,0,0,0,0,0,36000,0,0,0,36000,0,36000,36000
059117,禾伸堂永豐99購01,0,0,0,0,0,0,0,0,0,36000,0,0,0,40000,4000,36000,36000
05915P,聯發科元大96售19,0,0,0,0,0,0,0,0,0,36000,0,0,0,88000,52000,36000,36000
057971,華新科富邦9B購02,0,0,0,0,0,0,0,0,0,36000,0,0,0,36000,0,36000,36000
058864,欣興凱基99購04  ,0,0,0,0,0,0,0,0,0,36000,0,0,0,36000,0,36000,36000
07208P,台積電凱基99售14,0,0,0,0,0,0,0,0,0,36000,0,0,0,170000,134000,36000,36000
2852,第一保          ,55000,19000,36000,0,0,0,0,0,0,0,0,0,0,0,0,0,36000
2436,偉詮電          ,83000,50000,33000,0,0,0,0,0,0,3000,3000,0,3000,0,0,0,36000
1444,力麗            ,108000,97000,11000,0,0,0,0,0,0,25000,25000,0,25000,0,0,0,36000
1592,英瑞-KY         ,223000,187000,36000,0,0,0,0,0,0,0,0,0,0,0,0,0,36000
1809,中釉            ,93000,57000,36000,0,0,0,0,0,0,0,0,0,0,0,0,0,36000
6573,虹揚-KY         ,70000,37000,33000,0,0,0,0,0,0,3000,3000,0,3000,0,0,0,36000
6184,大豐電          ,37000,1000,36000,0,0,0,0,0,0,0,0,0,0,0,0,0,36000
060827,健策元大9A購02  ,0,0,0,0,0,0,0,0,0,35000,0,0,0,126000,91000,35000,35000
061200,道瓊反元大9A購06,0,0,0,0,0,0,0,0,0,35000,0,0,0,65000,30000,35000,35000
061296,台積電國泰9C購01,0,0,0,0,0,0,0,0,0,35000,0,0,0,107000,72000,35000,35000
062348,聯發科群益9B購06,0,0,0,0,0,0,0,0,0,35000,0,0,0,40000,5000,35000,35000
056405,聯茂群益98購01  ,0,0,0,0,0,0,0,0,0,35000,0,0,0,46000,11000,35000,35000
053510,聯電群益97購01  ,0,0,0,0,0,0,0,0,0,35000,0,0,0,35000,0,35000,35000
053635,技嘉永豐96購01  ,0,0,0,0,0,0,0,0,0,35000,0,0,0,38000,3000,35000,35000
056330,玉晶光國票99購03,0,0,0,0,0,0,0,0,0,35000,0,0,0,35000,0,35000,35000
058379,臺股指凱基99購14,0,0,0,0,0,0,0,0,0,35000,0,0,0,35000,0,35000,35000
059425,SGBR2X元大9A購02,0,0,0,0,0,0,0,0,0,35000,0,0,0,116000,81000,35000,35000
05755P,臺股指中信99售04,0,0,0,0,0,0,0,0,0,35000,0,0,0,40000,5000,35000,35000
057805,華通元大98購06  ,0,0,0,0,0,0,0,0,0,35000,0,0,0,96000,61000,35000,35000
056894,佳世達元大99購01,0,0,0,0,0,0,0,0,0,35000,0,0,0,71000,36000,35000,35000
060166,佐登永豐9A購01  ,0,0,0,0,0,0,0,0,0,35000,0,0,0,37000,2000,35000,35000
06000P,GIS元大96售04   ,0,0,0,0,0,0,0,0,0,35000,0,0,0,123000,88000,35000,35000
6155,鈞寶            ,78000,43000,35000,0,0,0,0,0,0,0,0,0,0,0,0,0,35000
2420,新巨            ,55000,20000,35000,0,0,0,0,0,0,0,0,0,0,0,0,0,35000
07146P,瑞昱元大99售02  ,0,0,0,0,0,0,0,0,0,35000,0,0,0,41000,6000,35000,35000
07305P,T50正2群益99售02,0,0,0,0,0,0,0,0,0,35000,0,0,0,35000,0,35000,35000
07386P,臺股指群益99售24,0,0,0,0,0,0,0,0,0,35000,0,0,0,50000,15000,35000,35000
07830P,牧德凱基9A售03  ,0,0,0,0,0,0,0,0,0,35000,0,0,0,56000,21000,35000,35000
07885P,長榮航凱基9B售01,0,0,0,0,0,0,0,0,0,35000,0,0,0,35000,0,35000,35000
06544P,鴻海元大98售09  ,0,0,0,0,0,0,0,0,0,34000,0,0,0,95000,61000,34000,34000
061190,力山永豐9A購02  ,0,0,0,0,0,0,0,0,0,34000,0,0,0,114000,80000,34000,34000
060811,亞德客凱基9A購02,0,0,0,0,0,0,0,0,0,34000,0,0,0,36000,2000,34000,34000
061023,茂林國泰9B購02  ,0,0,0,0,0,0,0,0,0,34000,0,0,0,76000,42000,34000,34000
06025P,臺股指元大99售02,0,0,0,0,0,0,0,0,0,34000,0,0,0,66000,32000,34000,34000
059704,聯發科凱基9A購08,0,0,0,0,0,0,0,0,0,34000,0,0,0,39000,5000,34000,34000
057191,祥碩元大98購05  ,0,0,0,0,0,0,0,0,0,34000,0,0,0,99000,65000,34000,34000
058421,國泰金麥證01購01,0,0,0,50000,16000,34000,0,0,0,34000,0,0,0,50000,16000,34000,34000
058429,欣興元富99購01  ,0,0,0,0,0,0,0,0,0,34000,0,0,0,39000,5000,34000,34000
2419,仲琦            ,43000,14000,29000,0,0,0,0,0,0,5000,5000,0,5000,0,0,0,34000
2114,鑫永銓          ,9000,25000,-16000,0,0,0,0,0,0,50000,50000,0,50000,0,0,0,34000
1314,中石化          ,3499000,3543000,-44000,0,0,0,0,0,0,78000,86000,57000,29000,49000,0,49000,34000
1321,大洋            ,39000,5000,34000,0,0,0,0,0,0,0,0,0,0,0,0,0,34000
6531,愛普            ,47000,14000,33000,0,0,0,0,0,0,1000,1000,0,1000,0,0,0,34000
6672,騰輝電子-KY     ,123000,90000,33000,0,0,0,0,0,0,1000,1000,0,1000,0,0,0,34000
4144,康聯-KY         ,35000,1000,34000,0,0,0,0,0,0,0,0,0,0,0,0,0,34000
060621,玉晶光元大9A購05,0,0,0,0,0,0,0,0,0,33000,0,0,0,54000,21000,33000,33000
061205,旺宏元大9A購11  ,0,0,0,0,0,0,0,0,0,33000,0,0,0,50000,17000,33000,33000
07046P,大立光富邦9C售03,0,0,0,0,0,0,0,0,0,33000,0,0,0,33000,0,33000,33000
054104,T50反1凱基9A購02,0,0,0,0,0,0,0,0,0,33000,0,0,0,33000,0,33000,33000
056026,智易群益97購01  ,0,0,0,0,0,0,0,0,0,33000,0,0,0,104000,71000,33000,33000
055443,台虹國票98購01  ,0,0,0,0,0,0,0,0,0,33000,0,0,0,33000,0,33000,33000
054297,台郡元大98購01  ,0,0,0,0,0,0,0,0,0,33000,0,0,0,33000,0,33000,33000
053542,超眾永豐96購01  ,0,0,0,0,0,0,0,0,0,33000,0,0,0,33000,0,33000,33000
047673,瑞昱元富96購01  ,0,0,0,0,0,0,0,0,0,33000,0,0,0,100000,67000,33000,33000
00757,統一FANG+       ,0,0,0,0,0,0,0,0,0,33000,0,0,0,233000,200000,33000,33000
052753,電子類元大96購02,0,0,0,0,0,0,0,0,0,33000,0,0,0,33000,0,33000,33000
059516,TPK永豐99購01   ,0,0,0,0,0,0,0,0,0,33000,0,0,0,33000,0,33000,33000
058220,世芯國票9A購01  ,0,0,0,0,0,0,0,0,0,33000,0,0,0,191000,158000,33000,33000
057055,立積元大99購01  ,0,0,0,0,0,0,0,0,0,33000,0,0,0,50000,17000,33000,33000
059640,聯詠凱基99購04  ,0,0,0,0,0,0,0,0,0,33000,0,0,0,58000,25000,33000,33000
060462,鴻海元大9A購10  ,0,0,0,0,0,0,0,0,0,33000,0,0,0,33000,0,33000,33000
6591,動力-KY         ,88000,57000,31000,0,0,0,0,0,0,2000,2000,0,2000,0,0,0,33000
6166,凌華            ,106000,56000,50000,0,0,0,0,0,0,-17000,2000,15000,-13000,0,4000,-4000,33000
6206,飛捷            ,14000,42000,-28000,0,0,0,0,0,0,61000,61000,0,61000,0,0,0,33000
2316,楠梓電          ,541000,392000,149000,0,0,0,0,0,0,-116000,3000,64000,-61000,6000,61000,-55000,33000
2527,宏璟            ,40000,7000,33000,0,0,0,0,0,0,0,0,0,0,0,0,0,33000
07950P,智邦元大9B售04  ,0,0,0,0,0,0,0,0,0,33000,0,0,0,34000,1000,33000,33000
07023P,南電永豐99售02  ,0,0,0,0,0,0,0,0,0,32000,0,0,0,32000,0,32000,32000
06293P,臺股指國票97售07,0,0,0,0,0,0,0,0,0,32000,0,0,0,32000,0,32000,32000
062007,台光電國泰9C購01,0,0,0,0,0,0,0,0,0,32000,0,0,0,56000,24000,32000,32000
060931,GIS永豐9A購01   ,0,0,0,0,0,0,0,0,0,32000,0,0,0,100000,68000,32000,32000
060871,台灣50中信01購03,0,0,0,0,0,0,0,0,0,32000,0,0,0,92000,60000,32000,32000
052657,友達元富96購01  ,0,0,0,0,0,0,0,0,0,32000,0,0,0,32000,0,32000,32000
055214,聯電凱基97購02  ,0,0,0,0,0,0,0,0,0,32000,0,0,0,102000,70000,32000,32000
052990,超眾元大97購01  ,0,0,0,0,0,0,0,0,0,32000,0,0,0,63000,31000,32000,32000
049007,玉晶光中信96購01,0,0,0,0,0,0,0,0,0,32000,0,0,0,130000,98000,32000,32000
054817,聯發科元大97購13,0,0,0,0,0,0,0,0,0,32000,0,0,0,32000,0,32000,32000
056362,聯發科元大99購01,1000,0,1000,0,0,0,0,0,0,31000,0,0,0,31000,0,31000,32000
057199,台達電元富02購01,0,0,0,0,0,0,0,0,0,32000,0,0,0,293000,261000,32000,32000
057320,玉晶光凱基98購01,0,0,0,0,0,0,0,0,0,32000,0,0,0,45000,13000,32000,32000
059041,南茂群益99購02  ,0,0,0,0,0,0,0,0,0,32000,0,0,0,130000,98000,32000,32000
05656P,台表科統一96售01,0,0,0,0,0,0,0,0,0,32000,0,0,0,32000,0,32000,32000
1598,岱宇            ,246000,146000,100000,0,0,0,0,0,0,-68000,2000,70000,-68000,0,0,0,32000
8261,富鼎            ,60000,29000,31000,0,0,0,0,0,0,1000,1000,0,1000,0,0,0,32000
060880,中壽中信9C購01  ,0,0,0,0,0,0,0,0,0,31000,0,0,0,31000,0,31000,31000
060833,道瓊反國票9A購01,0,0,0,0,0,0,0,0,0,31000,0,0,0,41000,10000,31000,31000
061241,晶技兆豐9A購01  ,0,0,0,0,0,0,0,0,0,31000,0,0,0,54000,23000,31000,31000
061742,奇鋐凱基9B購01  ,0,0,0,0,0,0,0,0,0,31000,0,0,0,56000,25000,31000,31000
062221,奇力新統一01購01,0,0,0,0,0,0,0,0,0,31000,0,0,0,41000,10000,31000,31000
062514,玉晶光國票9C購02,0,0,0,0,0,0,0,0,0,31000,0,0,0,31000,0,31000,31000
055545,國巨凱基97購06  ,0,0,0,0,0,0,0,0,0,31000,0,0,0,36000,5000,31000,31000
03434B,臺股指元大99熊10,0,0,0,0,0,0,0,0,0,31000,0,0,0,31000,0,31000,31000
03657C,T50反1元大99牛01,0,0,0,0,0,0,0,0,0,31000,0,0,0,31000,0,31000,31000
05305P,華新科國泰97售01,0,0,0,0,0,0,0,0,0,31000,0,0,0,111000,80000,31000,31000
05212P,台積電國票96售04,0,0,0,0,0,0,0,0,0,31000,0,0,0,31000,0,31000,31000
052090,聯發科元大97購03,0,0,0,0,0,0,0,0,0,31000,0,0,0,35000,4000,31000,31000
056411,緯穎國票99購01  ,0,0,0,0,0,0,0,0,0,31000,0,0,0,70000,39000,31000,31000
05916P,聯發科元大96售20,0,0,0,0,0,0,0,0,0,31000,0,0,0,31000,0,31000,31000
059179,祥碩元富99購01  ,0,0,0,0,0,0,0,0,0,31000,0,0,0,31000,0,31000,31000
060186,義隆元富9A購01  ,0,0,0,0,0,0,0,0,0,31000,0,0,0,54000,23000,31000,31000
059693,智原永豐99購01  ,0,0,0,0,0,0,0,0,0,31000,0,0,0,68000,37000,31000,31000
6443,元晶            ,38000,7000,31000,0,0,0,0,0,0,0,0,0,0,0,0,0,31000
5288,豐祥-KY         ,38000,7000,31000,0,0,0,0,0,0,0,0,0,0,0,0,0,31000
8463,潤泰材          ,43000,15000,28000,0,0,0,0,0,0,3000,3000,0,3000,0,0,0,31000
3022,威強電          ,54000,23000,31000,0,0,0,0,0,0,0,0,0,0,0,0,0,31000
07930P,聯發科統一9B售06,0,0,0,0,0,0,0,0,0,31000,0,0,0,91000,60000,31000,31000
07709P,創意元大9A售01  ,0,0,0,0,0,0,0,0,0,31000,0,0,0,31000,0,31000,31000
062156,美律凱基9B購01  ,0,0,0,0,0,0,0,0,0,30000,0,0,0,55000,25000,30000,30000
06336P,鴻海元大98售05  ,0,0,0,0,0,0,0,0,0,30000,0,0,0,30000,0,30000,30000
062620,台表科元大9B購04,0,0,0,0,0,0,0,0,0,30000,0,0,0,75000,45000,30000,30000
06972P,聯發科元大99售04,0,0,0,0,0,0,0,0,0,30000,0,0,0,30000,0,30000,30000
061723,嘉聯益永豐9A購03,0,0,0,0,0,0,0,0,0,30000,0,0,0,30000,0,30000,30000
061828,T50反1凱基02購01,0,0,0,0,0,0,0,0,0,30000,0,0,0,30000,0,30000,30000
061620,禾伸堂群益9A購02,0,0,0,0,0,0,0,0,0,30000,0,0,0,34000,4000,30000,30000
061204,國巨元大9A購16  ,0,0,0,0,0,0,0,0,0,30000,0,0,0,30000,0,30000,30000
061225,台積電中信9A購04,0,0,0,0,0,0,0,0,0,30000,0,0,0,30000,0,30000,30000
061441,大毅永豐9A購04  ,0,0,0,0,0,0,0,0,0,30000,0,0,0,30000,0,30000,30000
060877,華邦電中信02購01,0,0,0,0,0,0,0,0,0,30000,0,0,0,50000,20000,30000,30000
060914,健策元大9A購03  ,0,0,0,0,0,0,0,0,0,30000,0,0,0,140000,110000,30000,30000
061064,可成凱基9B購02  ,0,0,0,0,0,0,0,0,0,30000,0,0,0,30000,0,30000,30000
061139,玉晶光統一9C購02,0,0,0,0,0,0,0,0,0,30000,0,0,0,76000,46000,30000,30000
060773,FBVIX凱基9A購04 ,0,0,0,0,0,0,0,0,0,30000,0,0,0,30000,0,30000,30000
055358,臻鼎凱基97購01  ,0,0,0,0,0,0,0,0,0,30000,0,0,0,50000,20000,30000,30000
055206,台虹中信97購01  ,0,0,0,0,0,0,0,0,0,30000,0,0,0,200000,170000,30000,30000
052728,上証2X國泰97購01,0,0,0,0,0,0,0,0,0,30000,0,0,0,30000,0,30000,30000
052112,滬深2X中信99購01,0,0,0,0,0,0,0,0,0,30000,0,0,0,30000,0,30000,30000
052952,矽創國票97購02  ,0,0,0,0,0,0,0,0,0,30000,0,0,0,30000,0,30000,30000
053080,力山元大96購02  ,0,0,0,0,0,0,0,0,0,30000,0,0,0,30000,0,30000,30000
053252,華邦電國泰98購01,0,0,0,0,0,0,0,0,0,30000,0,0,0,30000,0,30000,30000
050530,台表科元大95購04,0,0,0,0,0,0,0,0,0,30000,0,0,0,30000,0,30000,30000
048905,旺宏富邦96購01  ,0,0,0,0,0,0,0,0,0,30000,0,0,0,30000,0,30000,30000
049153,大立光元大96購02,0,0,0,0,0,0,0,0,0,30000,0,0,0,30000,0,30000,30000
048595,儒鴻國票96購01  ,0,0,0,0,0,0,0,0,0,30000,0,0,0,30000,0,30000,30000
053580,國巨元大96購10  ,0,0,0,0,0,0,0,0,0,30000,0,0,0,30000,0,30000,30000
054575,聯鈞元大97購01  ,0,0,0,0,0,0,0,0,0,30000,0,0,0,30000,0,30000,30000
055130,京鼎康和97購01  ,0,0,0,0,0,0,0,0,0,30000,0,0,0,30000,0,30000,30000
054930,群電凱基98購01  ,0,0,0,0,0,0,0,0,0,30000,0,0,0,30000,0,30000,30000
055601,茂林元大97購03  ,0,0,0,0,0,0,0,0,0,30000,0,0,0,30000,0,30000,30000
056112,勤誠永豐97購02  ,0,0,0,0,0,0,0,0,0,30000,0,0,0,30000,0,30000,30000
056228,可成凱基97購03  ,0,0,0,0,0,0,0,0,0,30000,0,0,0,30000,0,30000,30000
055779,國泰金凱基97購02,0,0,0,0,0,0,0,0,0,30000,0,0,0,50000,20000,30000,30000
05422P,大立光中信97售02,0,0,0,0,0,0,0,0,0,30000,0,0,0,30000,0,30000,30000
055660,台光電兆豐97購01,0,0,0,0,0,0,0,0,0,30000,0,0,0,30000,0,30000,30000
054632,緯穎凱基9A購01  ,0,0,0,0,0,0,0,0,0,30000,0,0,0,30000,0,30000,30000
058611,欣興元大99購06  ,0,0,0,0,0,0,0,0,0,30000,0,0,0,30000,0,30000,30000
058159,健策台新9A購01  ,0,0,0,0,0,0,0,0,0,30000,0,0,0,30000,0,30000,30000
059713,滬深2X元大9C購04,0,0,0,0,0,0,0,0,0,30000,0,0,0,35000,5000,30000,30000
059671,滬深2X元富99購05,0,0,0,0,0,0,0,0,0,30000,0,0,0,260000,230000,30000,30000
059636,宏達電凱基99購05,0,0,0,0,0,0,0,0,0,30000,0,0,0,30000,0,30000,30000
056718,GIS永豐98購01   ,0,0,0,0,0,0,0,0,0,30000,0,0,0,40000,10000,30000,30000
057675,同欣電元大98購02,0,0,0,0,0,0,0,0,0,30000,0,0,0,81000,51000,30000,30000
057681,T50反1日盛9C購01,0,0,0,0,0,0,0,0,0,30000,0,0,0,30000,0,30000,30000
05697P,友達凱基96售01  ,0,0,0,0,0,0,0,0,0,30000,0,0,0,30000,0,30000,30000
058051,同欣電元大98購03,0,0,0,0,0,0,0,0,0,30000,0,0,0,30000,0,30000,30000
058069,美律凱基99購05  ,0,0,0,0,0,0,0,0,0,30000,0,0,0,30000,0,30000,30000
060471,台勝科元大9B購01,0,0,0,0,0,0,0,0,0,30000,0,0,0,30000,0,30000,30000
059883,T50反1國票99購02,0,0,0,0,0,0,0,0,0,30000,0,0,0,30000,0,30000,30000
056583,昇陽半元大98購02,0,0,0,0,0,0,0,0,0,30000,0,0,0,30000,0,30000,30000
059065,南電凱基9A購01  ,0,0,0,0,0,0,0,0,0,30000,0,0,0,30000,0,30000,30000
059063,康控凱基99購04  ,0,0,0,0,0,0,0,0,0,30000,0,0,0,30000,0,30000,30000
058977,SGBR2X凱基03購01,0,0,0,0,0,0,0,0,0,30000,0,0,0,77000,47000,30000,30000
058990,GIS凱基99購02   ,0,0,0,0,0,0,0,0,0,30000,0,0,0,87000,57000,30000,30000
056960,光罩永豐98購01  ,0,0,0,0,0,0,0,0,0,30000,0,0,0,98000,68000,30000,30000
057146,技嘉國票98購01  ,0,0,0,0,0,0,0,0,0,30000,0,0,0,30000,0,30000,30000
057082,玉晶光統一9A購04,0,0,0,0,0,0,0,0,0,30000,0,0,0,70000,40000,30000,30000
056551,台郡凱基98購04  ,0,0,0,0,0,0,0,0,0,30000,0,0,0,30000,0,30000,30000
058956,健策國票9A購02  ,0,0,0,0,0,0,0,0,0,30000,0,0,0,40000,10000,30000,30000
058904,晶技元大99購05  ,0,0,0,0,0,0,0,0,0,30000,0,0,0,30000,0,30000,30000
059400,滬深2X元富9C購04,0,0,0,0,0,0,0,0,0,30000,0,0,0,30000,0,30000,30000
058239,景碩元大99購03  ,0,0,0,0,0,0,0,0,0,30000,0,0,0,30000,0,30000,30000
057363,華通元大99購02  ,0,0,0,0,0,0,0,0,0,30000,0,0,0,32000,2000,30000,30000
07643P,禾伸堂凱基9A售02,0,0,0,0,0,0,0,0,0,30000,0,0,0,45000,15000,30000,30000
07899P,和大凱基9B售01  ,0,0,0,0,0,0,0,0,0,30000,0,0,0,60000,30000,30000,30000
07869P,台灣50群益9C售04,0,0,0,0,0,0,0,0,0,30000,0,0,0,30000,0,30000,30000
07223P,鴻海元大99售29  ,0,0,0,0,0,0,0,0,0,30000,0,0,0,30000,0,30000,30000
1737,臺鹽            ,33000,3000,30000,0,0,0,0,0,0,0,0,0,0,0,0,0,30000
061610,力成統一9C購01  ,0,0,0,0,0,0,0,0,0,29000,0,0,0,265000,236000,29000,29000
061797,聯發科永豐9B購01,0,0,0,0,0,0,0,0,0,29000,0,0,0,39000,10000,29000,29000
061704,景碩國票9A購01  ,0,0,0,0,0,0,0,0,0,29000,0,0,0,67000,38000,29000,29000
061910,台積電中信05購03,0,0,0,0,0,0,0,0,0,29000,0,0,0,150000,121000,29000,29000
062442,華新科元大9C購02,0,0,0,0,0,0,0,0,0,29000,0,0,0,29000,0,29000,29000
058345,台光電群益99購03,0,0,0,0,0,0,0,0,0,29000,0,0,0,164000,135000,29000,29000
058482,祥碩凱基99購02  ,0,0,0,0,0,0,0,0,0,29000,0,0,0,52000,23000,29000,29000
055916,奇鋐凱基99購01  ,0,0,0,0,0,0,0,0,0,29000,0,0,0,359000,330000,29000,29000
054360,智邦凱基96購03  ,0,0,0,0,0,0,0,0,0,29000,0,0,0,50000,21000,29000,29000
060401,世紀鋼國票9B購01,0,0,0,0,0,0,0,0,0,29000,0,0,0,30000,1000,29000,29000
060222,貿聯凱基9A購02  ,0,0,0,0,0,0,0,0,0,29000,0,0,0,29000,0,29000,29000
058749,康控凱基99購03  ,0,0,0,0,0,0,0,0,0,29000,0,0,0,33000,4000,29000,29000
2062,橋椿            ,36000,11000,25000,0,0,0,0,0,0,4000,4000,0,4000,0,0,0,29000
3015,全漢            ,36000,8000,28000,0,0,0,0,0,0,1000,1000,0,1000,0,0,0,29000
3164,景岳            ,31000,5000,26000,0,0,0,0,0,0,3000,3000,0,3000,0,0,0,29000
2514,龍邦            ,130000,107000,23000,0,0,0,0,0,0,6000,6000,0,6000,0,0,0,29000
07926P,上銀統一9B售02  ,0,0,0,0,0,0,0,0,0,29000,0,0,0,129000,100000,29000,29000
07713P,台郡元大9A售03  ,0,0,0,0,0,0,0,0,0,29000,0,0,0,29000,0,29000,29000
06960P,國巨凱基99售08  ,0,0,0,0,0,0,0,0,0,28000,0,0,0,28000,0,28000,28000
06953P,景碩統一9A售01  ,0,0,0,0,0,0,0,0,0,28000,0,0,0,85000,57000,28000,28000
06419P,國巨統一97售09  ,0,0,0,0,0,0,0,0,0,28000,0,0,0,56000,28000,28000,28000
06497P,大立光凱基98售11,0,0,0,0,0,0,0,0,0,28000,0,0,0,30000,2000,28000,28000
061604,台光電凱基9B購01,0,0,0,0,0,0,0,0,0,28000,0,0,0,68000,40000,28000,28000
061377,聯發科永豐9A購04,0,0,0,0,0,0,0,0,0,28000,0,0,0,69000,41000,28000,28000
060945,緯穎國票9A購02  ,0,0,0,0,0,0,0,0,0,28000,0,0,0,59000,31000,28000,28000
055671,世紀鋼群益97購01,0,0,0,0,0,0,0,0,0,28000,0,0,0,28000,0,28000,28000
058645,康控富邦01購01  ,0,0,0,0,0,0,0,0,0,28000,0,0,0,50000,22000,28000,28000
054772,康控國票98購02  ,0,0,0,0,0,0,0,0,0,28000,0,0,0,28000,0,28000,28000
05296P,牧德凱基96售01  ,0,0,0,0,0,0,0,0,0,28000,0,0,0,473000,445000,28000,28000
051931,美律國票96購02  ,0,0,0,0,0,0,0,0,0,28000,0,0,0,28000,0,28000,28000
058104,國巨統一9A購04  ,0,0,0,0,0,0,0,0,0,28000,0,0,0,115000,87000,28000,28000
060156,光磊永豐9A購01  ,0,0,0,0,0,0,0,0,0,28000,0,0,0,67000,39000,28000,28000
060122,亞德客永豐99購02,0,0,0,0,0,0,0,0,0,28000,0,0,0,91000,63000,28000,28000
060123,光罩永豐99購02  ,0,0,0,0,0,0,0,0,0,28000,0,0,0,68000,40000,28000,28000
058276,道瓊指中信9C購01,0,0,0,0,0,0,0,0,0,28000,0,0,0,28000,0,28000,28000
057381,微星國泰9A購01  ,0,0,0,0,0,0,0,0,0,28000,0,0,0,29000,1000,28000,28000
056519,創意國票99購01  ,0,0,0,0,0,0,0,0,0,28000,0,0,0,138000,110000,28000,28000
056505,聯發科永豐98購01,0,0,0,0,0,0,0,0,0,28000,0,0,0,28000,0,28000,28000
058405,訊連元大99購02  ,0,0,0,0,0,0,0,0,0,28000,0,0,0,267000,239000,28000,28000
059030,奇力新兆豐99購03,0,0,0,0,0,0,0,0,0,28000,0,0,0,58000,30000,28000,28000
056635,亞德客日盛99購01,0,0,0,0,0,0,0,0,0,28000,0,0,0,32000,4000,28000,28000
07638P,長榮航國票9A售01,0,0,0,0,0,0,0,0,0,28000,0,0,0,32000,4000,28000,28000
07529P,國巨凱基9A售11  ,0,0,0,0,0,0,0,0,0,28000,0,0,0,28000,0,28000,28000
060714,晶技永豐9A購02  ,0,0,0,0,0,0,0,0,0,27000,0,0,0,27000,0,27000,27000
060646,南電永豐9A購01  ,0,0,0,0,0,0,0,0,0,27000,0,0,0,63000,36000,27000,27000
061413,台勝科群益9A購01,0,0,0,0,0,0,0,0,0,27000,0,0,0,44000,17000,27000,27000
061175,台積電凱基9A購19,0,0,0,0,0,0,0,0,0,27000,0,0,0,27000,0,27000,27000
061617,微星群益9A購02  ,0,0,0,0,0,0,0,0,0,27000,0,0,0,27000,0,27000,27000
061724,訊芯永豐9A購01  ,0,0,0,0,0,0,0,0,0,27000,0,0,0,27000,0,27000,27000
061821,祥碩群益9B購02  ,0,0,0,0,0,0,0,0,0,27000,0,0,0,38000,11000,27000,27000
06411P,晶相光永豐97售03,0,0,0,0,0,0,0,0,0,27000,0,0,0,65000,38000,27000,27000
07027P,台積電群益99售04,0,0,0,0,0,0,0,0,0,27000,0,0,0,161000,134000,27000,27000
00865B,國泰US短期公債  ,0,0,0,0,0,0,0,0,0,27000,0,0,0,127000,100000,27000,27000
055421,玉晶光永豐98購04,0,0,0,0,0,0,0,0,0,27000,0,0,0,52000,25000,27000,27000
058586,鴻海中信01購02  ,0,0,0,0,0,0,0,0,0,27000,0,0,0,27000,0,27000,27000
058480,新日興凱基9A購01,0,0,0,0,0,0,0,0,0,27000,0,0,0,27000,0,27000,27000
059004,嘉晶元大99購05  ,0,0,0,0,0,0,0,0,0,27000,0,0,0,164000,137000,27000,27000
057300,訊連永豐98購01  ,0,0,0,0,0,0,0,0,0,27000,0,0,0,380000,353000,27000,27000
060259,潤泰全凱基9C購01,0,0,0,0,0,0,0,0,0,27000,0,0,0,517000,490000,27000,27000
060454,葡萄王元大9A購01,0,0,0,0,0,0,0,0,0,27000,0,0,0,50000,23000,27000,27000
057724,亞德客國泰99購01,0,0,0,0,0,0,0,0,0,27000,0,0,0,536000,509000,27000,27000
2704,國賓            ,29000,2000,27000,0,0,0,0,0,0,0,0,0,0,0,0,0,27000
1108,幸福            ,88000,61000,27000,0,0,0,0,0,0,0,0,0,0,0,0,0,27000
3346,麗清            ,50000,25000,25000,0,0,0,0,0,0,2000,2000,0,2000,0,0,0,27000
8454,富邦媒          ,160025,133000,27025,0,0,0,0,0,0,-1000,2000,3000,-1000,0,0,0,26025
06886P,旺宏元大99售07  ,0,0,0,0,0,0,0,0,0,26000,0,0,0,85000,59000,26000,26000
06552P,茂林元大99售02  ,0,0,0,0,0,0,0,0,0,26000,0,0,0,26000,0,26000,26000
062094,台積電富邦9C購12,0,0,0,0,0,0,0,0,0,26000,0,0,0,50000,24000,26000,26000
060485,華新科富邦9C購04,0,0,0,0,0,0,0,0,0,26000,0,0,0,26000,0,26000,26000
061020,超眾國票9A購02  ,0,0,0,0,0,0,0,0,0,26000,0,0,0,48000,22000,26000,26000
058180,華新科國泰9A購01,0,0,0,0,0,0,0,0,0,26000,0,0,0,156000,130000,26000,26000
055949,亞德客元大97購04,0,0,0,0,0,0,0,0,0,26000,0,0,0,28000,2000,26000,26000
05493P,華新科富邦99售02,0,0,0,0,0,0,0,0,0,26000,0,0,0,26000,0,26000,26000
05546P,全新元大97售01  ,0,0,0,0,0,0,0,0,0,26000,0,0,0,80000,54000,26000,26000
00681R,元大美債20反1   ,0,0,0,0,0,0,0,0,0,26000,0,0,0,26000,0,26000,26000
050493,聯發科永昌96購01,0,0,0,0,0,0,0,0,0,26000,0,0,0,28000,2000,26000,26000
050306,聯發科中信97購01,0,0,0,0,0,0,0,0,0,26000,0,0,0,26000,0,26000,26000
053560,漢唐國泰98購01  ,0,0,0,0,0,0,0,0,0,26000,0,0,0,26000,0,26000,26000
05248P,矽創群益96售01  ,0,0,0,0,0,0,0,0,0,26000,0,0,0,26000,0,26000,26000
057462,光磊永豐98購02  ,0,0,0,0,0,0,0,0,0,26000,0,0,0,76000,50000,26000,26000
057389,玉晶光永豐98購06,0,0,0,0,0,0,0,0,0,26000,0,0,0,66000,40000,26000,26000
059247,可成凱基99購05  ,0,0,0,0,0,0,0,0,0,26000,0,0,0,26000,0,26000,26000
058783,臺股指國票99購02,0,0,0,0,0,0,0,0,0,26000,0,0,0,59000,33000,26000,26000
057957,嘉晶元大98購01  ,0,0,0,0,0,0,0,0,0,26000,0,0,0,49000,23000,26000,26000
1560,中砂            ,44000,18000,26000,0,0,0,0,0,0,0,0,0,0,0,0,0,26000
07849P,大立光群益9A售06,0,0,0,0,0,0,0,0,0,26000,0,0,0,26000,0,26000,26000
060774,南亞科凱基9A購01,0,0,0,0,0,0,0,0,0,25000,0,0,0,30000,5000,25000,25000
060755,鴻海元大9A購15  ,0,0,0,0,0,0,0,0,0,25000,0,0,0,50000,25000,25000,25000
061145,臻鼎中信9A購02  ,0,0,0,0,0,0,0,0,0,25000,0,0,0,135000,110000,25000,25000
061224,道瓊反中信01購01,0,0,0,0,0,0,0,0,0,25000,0,0,0,37000,12000,25000,25000
061363,儒鴻國票9B購01  ,0,0,0,0,0,0,0,0,0,25000,0,0,0,77000,52000,25000,25000
061346,玉晶光元大9B購03,0,0,0,0,0,0,0,0,0,25000,0,0,0,70000,45000,25000,25000
062391,台達電富邦9C購01,0,0,0,0,0,0,0,0,0,25000,0,0,0,30000,5000,25000,25000
062528,全新統一9C購01  ,0,0,0,0,0,0,0,0,0,25000,0,0,0,25000,0,25000,25000
062529,可成統一9C購03  ,0,0,0,0,0,0,0,0,0,25000,0,0,0,25000,0,25000,25000
062534,力成統一01購01  ,0,0,0,0,0,0,0,0,0,25000,0,0,0,25000,0,25000,25000
062524,鴻海統一9C購09  ,0,0,0,0,0,0,0,0,0,25000,0,0,0,35000,10000,25000,25000
062457,京元電群益9B購01,0,0,0,0,0,0,0,0,0,25000,0,0,0,85000,60000,25000,25000
06572P,台積電永昌99售01,0,0,0,0,0,0,0,0,0,25000,0,0,0,25000,0,25000,25000
06654P,欣興元大98售08  ,0,0,0,0,0,0,0,0,0,25000,0,0,0,113000,88000,25000,25000
056435,台積電凱基98購09,0,0,0,0,0,0,0,0,0,25000,0,0,0,25000,0,25000,25000
052895,台積電群益96購04,0,0,0,0,0,0,0,0,0,25000,0,0,0,32000,7000,25000,25000
053018,旺宏元富96購02  ,0,0,0,0,0,0,0,0,0,25000,0,0,0,25000,0,25000,25000
052429,禾伸堂永豐95購02,0,0,0,0,0,0,0,0,0,25000,0,0,0,25000,0,25000,25000
053719,可成凱基96購08  ,0,0,0,0,0,0,0,0,0,25000,0,0,0,30000,5000,25000,25000
047418,智邦富邦97購01  ,0,0,0,0,0,0,0,0,0,25000,0,0,0,64000,39000,25000,25000
048186,元黃金元大96購01,0,0,0,0,0,0,0,0,0,25000,0,0,0,25000,0,25000,25000
04454P,大立光富邦98售02,0,0,0,0,0,0,0,0,0,25000,0,0,0,25000,0,25000,25000
055455,健策國泰98購02  ,0,0,0,0,0,0,0,0,0,25000,0,0,0,25000,0,25000,25000
055953,上銀元大97購09  ,0,0,0,0,0,0,0,0,0,25000,0,0,0,50000,25000,25000,25000
058637,晶技兆豐99購01  ,0,0,0,0,0,0,0,0,0,25000,0,0,0,42000,17000,25000,25000
058831,茂林永豐99購01  ,0,0,0,0,0,0,0,0,0,25000,0,0,0,25000,0,25000,25000
057927,勤誠凱基98購01  ,0,0,0,0,0,0,0,0,0,25000,0,0,0,165000,140000,25000,25000
058218,緯穎群益99購01  ,0,0,0,0,0,0,0,0,0,25000,0,0,0,59000,34000,25000,25000
056906,玉晶光元大9B購01,0,0,0,0,0,0,0,0,0,25000,0,0,0,63000,38000,25000,25000
057665,技嘉元大99購01  ,0,0,0,0,0,0,0,0,0,25000,0,0,0,56000,31000,25000,25000
060463,台積電元大9A購10,0,0,0,0,0,0,0,0,0,25000,0,0,0,25000,0,25000,25000
06037P,超眾國票98售02  ,0,0,0,0,0,0,0,0,0,25000,0,0,0,25000,0,25000,25000
060250,台表科元大9A購01,0,0,0,0,0,0,0,0,0,25000,0,0,0,29000,4000,25000,25000
060004,臺指反群益9A購01,0,0,0,0,0,0,0,0,0,25000,0,0,0,25000,0,25000,25000
07181P,臺股指凱基99售23,0,0,0,0,0,0,0,0,0,25000,0,0,0,49000,24000,25000,25000
2616,山隆            ,25000,0,25000,0,0,0,0,0,0,0,0,0,0,0,0,0,25000
8481,政伸            ,25000,0,25000,0,0,0,0,0,0,0,0,0,0,0,0,0,25000
9103,美德醫療-DR     ,26000,0,26000,0,0,0,0,0,0,-1000,0,1000,-1000,0,0,0,25000
4952,凌通            ,46000,22000,24000,0,0,0,0,0,0,1000,1000,0,1000,0,0,0,25000
061302,晶技永豐9A購04  ,0,0,0,0,0,0,0,0,0,24000,0,0,0,24000,0,24000,24000
061135,聯發科統一9C購03,0,0,0,0,0,0,0,0,0,24000,0,0,0,58000,34000,24000,24000
05420P,大立光國泰97售03,0,0,0,0,0,0,0,0,0,24000,0,0,0,24000,0,24000,24000
055440,矽力國票98購01  ,0,0,0,0,0,0,0,0,0,24000,0,0,0,26000,2000,24000,24000
055525,國巨群益98購05  ,0,0,0,0,0,0,0,0,0,24000,0,0,0,32000,8000,24000,24000
049108,玉晶光富邦96購02,0,0,0,0,0,0,0,0,0,24000,0,0,0,24000,0,24000,24000
053347,茂林國票98購01  ,0,0,0,0,0,0,0,0,0,24000,0,0,0,41000,17000,24000,24000
051939,同欣電群益97購01,0,0,0,0,0,0,0,0,0,24000,0,0,0,24000,0,24000,24000
060073,台積電元富99購03,0,0,0,0,0,0,0,0,0,24000,0,0,0,44000,20000,24000,24000
060300,佐登國泰9B購01  ,0,0,0,0,0,0,0,0,0,24000,0,0,0,29000,5000,24000,24000
060188,華新科元富9A購03,0,0,0,0,0,0,0,0,0,24000,0,0,0,24000,0,24000,24000
060408,和潤國泰9C購01  ,0,0,0,0,0,0,0,0,0,24000,0,0,0,171000,147000,24000,24000
060427,聯茂永豐9A購01  ,0,0,0,0,0,0,0,0,0,24000,0,0,0,60000,36000,24000,24000
058969,亞德客永豐99購01,0,0,0,0,0,0,0,0,0,24000,0,0,0,38000,14000,24000,24000
5515,建國            ,89000,72000,17000,0,0,0,0,0,0,7000,7000,0,7000,0,0,0,24000
9927,泰銘            ,24000,0,24000,0,0,0,0,0,0,0,0,0,0,0,0,0,24000
3004,豐達科          ,52000,29000,23000,0,0,0,0,0,0,1000,1000,0,1000,0,0,0,24000
07217P,大立光凱基9A售05,0,0,0,0,0,0,0,0,0,24000,0,0,0,44000,20000,24000,24000
07266P,大立光元大99售19,0,0,0,0,0,0,0,0,0,24000,0,0,0,26000,2000,24000,24000
07952P,富邦金元大9B售02,0,0,0,0,0,0,0,0,0,24000,0,0,0,24000,0,24000,24000
06051P,嘉聯益國票97售04,0,0,0,0,0,0,0,0,0,23000,0,0,0,23000,0,23000,23000
061166,玉晶光兆豐9B購01,0,0,0,0,0,0,0,0,0,23000,0,0,0,213000,190000,23000,23000
07011P,宏達電凱基99售02,0,0,0,0,0,0,0,0,0,23000,0,0,0,23000,0,23000,23000
07100P,華航元大99售01  ,0,0,0,0,0,0,0,0,0,23000,0,0,0,82000,59000,23000,23000
06630P,國巨群益98售08  ,0,0,0,0,0,0,0,0,0,23000,0,0,0,23000,0,23000,23000
062210,聯發科台新9B購01,0,0,0,0,0,0,0,0,0,23000,0,0,0,23000,0,23000,23000
062038,鴻海凱基9B購05  ,0,0,0,0,0,0,0,0,0,23000,0,0,0,54000,31000,23000,23000
061998,緯穎元大9B購03  ,0,0,0,0,0,0,0,0,0,23000,0,0,0,54000,31000,23000,23000
053250,百和國票97購02  ,0,0,0,0,0,0,0,0,0,23000,0,0,0,38000,15000,23000,23000
053732,S&P反1中信9C購01,0,0,0,0,0,0,0,0,0,23000,0,0,0,23000,0,23000,23000
058456,京鼎永豐99購01  ,0,0,0,0,0,0,0,0,0,23000,0,0,0,123000,100000,23000,23000
059080,亞泥元大99購01  ,0,0,0,0,0,0,0,0,0,23000,0,0,0,114000,91000,23000,23000
057145,上銀國票98購03  ,0,0,0,0,0,0,0,0,0,23000,0,0,0,23000,0,23000,23000
058238,奇鋐元大99購02  ,0,0,0,0,0,0,0,0,0,23000,0,0,0,24000,1000,23000,23000
05884P,旺宏統一96售01  ,0,0,0,0,0,0,0,0,0,23000,0,0,0,43000,20000,23000,23000
059951,台塑康和99購01  ,0,0,0,0,0,0,0,0,0,23000,0,0,0,70000,47000,23000,23000
2528,皇普            ,25000,2000,23000,0,0,0,0,0,0,0,0,0,0,0,0,0,23000
2358,廷鑫            ,20000,1000,19000,0,0,0,0,0,0,4000,4000,0,4000,0,0,0,23000
1474,弘裕            ,23000,0,23000,0,0,0,0,0,0,0,0,0,0,0,0,0,23000
4906,正文            ,281000,210000,71000,0,0,0,0,0,0,-48000,6000,0,6000,11000,65000,-54000,23000
4916,事欣科          ,36000,13000,23000,0,0,0,0,0,0,0,0,0,0,0,0,0,23000
061892,亞德客永豐9B購01,0,0,0,0,0,0,0,0,0,22000,0,0,0,22000,0,22000,22000
06468P,華新科統一98售02,0,0,0,0,0,0,0,0,0,22000,0,0,0,27000,5000,22000,22000
061648,緯穎元大9A購04  ,0,0,0,0,0,0,0,0,0,22000,0,0,0,36000,14000,22000,22000
058503,鴻海元大99購14  ,0,0,0,0,0,0,0,0,0,22000,0,0,0,42000,20000,22000,22000
058207,南茂凱基99購01  ,0,0,0,0,0,0,0,0,0,22000,0,0,0,23000,1000,22000,22000
055665,亞德客群益97購01,0,0,0,0,0,0,0,0,0,22000,0,0,0,40000,18000,22000,22000
056267,文曄統一97購02  ,0,0,0,0,0,0,0,0,0,22000,0,0,0,78000,56000,22000,22000
053738,群創麥證96購01  ,0,0,0,22000,0,22000,0,0,0,22000,0,0,0,22000,0,22000,22000
053932,華新科統一96購03,0,0,0,0,0,0,0,0,0,22000,0,0,0,22000,0,22000,22000
055311,健策群益98購02  ,0,0,0,0,0,0,0,0,0,22000,0,0,0,31000,9000,22000,22000
059952,旺宏康和99購01  ,0,0,0,0,0,0,0,0,0,22000,0,0,0,27000,5000,22000,22000
058748,景碩凱基9A購01  ,0,0,0,0,0,0,0,0,0,22000,0,0,0,86000,64000,22000,22000
059581,日月光元富99購02,0,0,0,0,0,0,0,0,0,22000,0,0,0,219000,197000,22000,22000
056524,欣興中信98購02  ,0,0,0,0,0,0,0,0,0,22000,0,0,0,100000,78000,22000,22000
057130,全新凱基98購03  ,0,0,0,0,0,0,0,0,0,22000,0,0,0,22000,0,22000,22000
057010,景碩中信98購01  ,0,0,0,0,0,0,0,0,0,22000,0,0,0,30000,8000,22000,22000
056911,緯穎元大99購01  ,0,0,0,0,0,0,0,0,0,22000,0,0,0,127000,105000,22000,22000
057179,可成元大98購04  ,0,0,0,0,0,0,0,0,0,22000,0,0,0,76000,54000,22000,22000
6226,光鼎            ,101000,82000,19000,0,0,0,0,0,0,3000,3000,0,3000,0,0,0,22000
8374,羅昇            ,23000,3000,20000,0,0,0,0,0,0,2000,2000,0,2000,0,0,0,22000
1218,泰山            ,300000,288000,12000,0,0,0,0,0,0,10000,10000,0,10000,0,0,0,22000
07496P,鴻海元大9A售05  ,0,0,0,0,0,0,0,0,0,22000,0,0,0,22000,0,22000,22000
07489P,國巨國票9A售07  ,0,0,0,0,0,0,0,0,0,22000,0,0,0,122000,100000,22000,22000
060496,滬深2X元大9A購05,0,0,0,0,0,0,0,0,0,21000,0,0,0,30000,9000,21000,21000
06534P,聯發科群益98售04,0,0,0,0,0,0,0,0,0,21000,0,0,0,33000,12000,21000,21000
07108P,FBVIX台新99售02 ,0,0,0,0,0,0,0,0,0,21000,0,0,0,21000,0,21000,21000
056438,旺宏凱基98購05  ,0,0,0,0,0,0,0,0,0,21000,0,0,0,21000,0,21000,21000
051366,康友國泰97購01  ,0,0,0,0,0,0,0,0,0,21000,0,0,0,21000,0,21000,21000
048653,巨大元大96購02  ,0,0,0,0,0,0,0,0,0,21000,0,0,0,69000,48000,21000,21000
048070,聯發科元富99購03,0,0,0,0,0,0,0,0,0,21000,0,0,0,21000,0,21000,21000
03648C,T50反1元大96牛07,0,0,0,0,0,0,0,0,0,21000,0,0,0,61000,40000,21000,21000
056192,智邦富邦98購01  ,0,0,0,0,0,0,0,0,0,21000,0,0,0,31000,10000,21000,21000
055471,聯發科凱基97購04,0,0,0,0,0,0,0,0,0,21000,0,0,0,21000,0,21000,21000
058166,鴻海凱基9A購01  ,0,0,0,0,0,0,0,0,0,21000,0,0,0,21000,0,21000,21000
058601,台積電元大99購10,0,0,0,0,0,0,0,0,0,21000,0,0,0,223000,202000,21000,21000
058352,鴻海凱基9A購05  ,0,0,0,0,0,0,0,0,0,21000,0,0,0,55000,34000,21000,21000
059275,可成元大99購05  ,0,0,0,0,0,0,0,0,0,21000,0,0,0,21000,0,21000,21000
059325,超眾元大99購05  ,0,0,0,0,0,0,0,0,0,21000,0,0,0,21000,0,21000,21000
057963,緯穎元大98購08  ,0,0,0,0,0,0,0,0,0,21000,0,0,0,64000,43000,21000,21000
056844,欣興元富98購03  ,0,0,0,0,0,0,0,0,0,21000,0,0,0,31000,10000,21000,21000
057604,鴻海統一9C購01  ,0,0,0,0,0,0,0,0,0,21000,0,0,0,21000,0,21000,21000
060113,祥碩元大9B購01  ,0,0,0,0,0,0,0,0,0,21000,0,0,0,56000,35000,21000,21000
07574P,國巨元大9A售12  ,0,0,0,0,0,0,0,0,0,21000,0,0,0,28000,7000,21000,21000
07180P,臺股指凱基99售22,0,0,0,0,0,0,0,0,0,21000,0,0,0,21000,0,21000,21000
07858P,旺宏永豐9A售03  ,0,0,0,0,0,0,0,0,0,21000,0,0,0,21000,0,21000,21000
07826P,台積電富邦9B售07,0,0,0,0,0,0,0,0,0,21000,0,0,0,21000,0,21000,21000
07729P,臺股指凱基9A售21,0,0,0,0,0,0,0,0,0,21000,0,0,0,25000,4000,21000,21000
1473,台南            ,48000,27000,21000,0,0,0,0,0,0,0,0,0,0,0,0,0,21000
1903,士紙            ,25000,4000,21000,0,0,0,0,0,0,0,0,0,0,0,0,0,21000
2109,華豐            ,21000,0,21000,0,0,0,0,0,0,0,0,0,0,0,0,0,21000
2331,精英            ,177000,169000,8000,0,0,0,0,0,0,13000,35000,22000,13000,0,0,0,21000
8021,尖點            ,173000,152000,21000,0,0,0,0,0,0,0,0,0,0,0,0,0,21000
6525,捷敏-KY         ,39000,15000,24000,0,0,0,0,0,0,-3000,0,3000,-3000,0,0,0,21000
4190,佐登-KY         ,69000,32000,37000,0,0,0,0,0,0,-16000,0,15000,-15000,0,1000,-1000,21000
9930,中聯資源        ,31000,11000,20000,0,0,0,0,0,0,1000,1000,0,1000,0,0,0,21000
07079P,台積電群益99售06,0,0,0,0,0,0,0,0,0,20000,0,0,0,20000,0,20000,20000
06955P,臻鼎元富99售01  ,0,0,0,0,0,0,0,0,0,20000,0,0,0,25000,5000,20000,20000
06898P,FBVIX群益9C售03 ,0,0,0,0,0,0,0,0,0,20000,0,0,0,20000,0,20000,20000
06896P,信邦中信98售01  ,0,0,0,0,0,0,0,0,0,20000,0,0,0,20000,0,20000,20000
06571P,欣興永豐98售03  ,0,0,0,0,0,0,0,0,0,20000,0,0,0,20000,0,20000,20000
06473P,鴻海元大99售03  ,0,0,0,0,0,0,0,0,0,20000,0,0,0,89000,69000,20000,20000
062560,奇鋐凱基9B購02  ,0,0,0,0,0,0,0,0,0,20000,0,0,0,26000,6000,20000,20000
061974,光寶科元大9B購01,0,0,0,0,0,0,0,0,0,20000,0,0,0,70000,50000,20000,20000
062120,國巨台新9B購01  ,0,0,0,0,0,0,0,0,0,20000,0,0,0,50000,30000,20000,20000
062488,台光電永豐9B購02,0,0,0,0,0,0,0,0,0,20000,0,0,0,20000,0,20000,20000
060590,台積電台新9C購02,0,0,0,0,0,0,0,0,0,20000,0,0,0,20000,0,20000,20000
060581,玉晶光群益9B購02,0,0,0,0,0,0,0,0,0,20000,0,0,0,20000,0,20000,20000
06102P,智邦凱基97售03  ,0,0,0,0,0,0,0,0,0,20000,0,0,0,20000,0,20000,20000
060976,SP黃豆元大9A購03,0,0,0,0,0,0,0,0,0,20000,0,0,0,40000,20000,20000,20000
061490,茂林兆豐9B購01  ,0,0,0,0,0,0,0,0,0,20000,0,0,0,30000,10000,20000,20000
061491,嘉聯益兆豐9B購01,0,0,0,0,0,0,0,0,0,20000,0,0,0,20000,0,20000,20000
061754,晶技麥證9B購01  ,0,0,0,20000,0,20000,0,0,0,20000,0,0,0,20000,0,20000,20000
061729,祥碩麥證9A購02  ,0,0,0,20000,0,20000,0,0,0,20000,0,0,0,20000,0,20000,20000
061741,新光金凱基9B購01,0,0,0,0,0,0,0,0,0,20000,0,0,0,20000,0,20000,20000
061291,玉晶光統一01購05,0,0,0,0,0,0,0,0,0,20000,0,0,0,20000,0,20000,20000
061396,台灣50台新9C購03,0,0,0,0,0,0,0,0,0,20000,0,0,0,20000,0,20000,20000
061454,國巨凱基9A購16  ,0,0,0,0,0,0,0,0,0,20000,0,0,0,20000,0,20000,20000
058530,為升元富99購01  ,0,0,0,0,0,0,0,0,0,20000,0,0,0,20000,0,20000,20000
058512,宏達電元大99購04,0,0,0,0,0,0,0,0,0,20000,0,0,0,20000,0,20000,20000
058481,玉晶光凱基9A購04,0,0,0,0,0,0,0,0,0,20000,0,0,0,20000,0,20000,20000
055682,智原凱基98購02  ,0,0,0,0,0,0,0,0,0,20000,0,0,0,20000,0,20000,20000
055648,可成元富97購01  ,0,0,0,0,0,0,0,0,0,20000,0,0,0,30000,10000,20000,20000
05589P,大立光中信9A售01,0,0,0,0,0,0,0,0,0,20000,0,0,0,20000,0,20000,20000
054447,國泰金兆豐96購01,0,0,0,0,0,0,0,0,0,20000,0,0,0,20000,0,20000,20000
054331,世芯永豐96購03  ,0,0,0,0,0,0,0,0,0,20000,0,0,0,20000,0,20000,20000
054359,南亞科日盛96購02,0,0,0,0,0,0,0,0,0,20000,0,0,0,20000,0,20000,20000
055747,康舒元富97購01  ,0,0,0,0,0,0,0,0,0,20000,0,0,0,20000,0,20000,20000
05578P,鴻海凱基96售11  ,0,0,0,0,0,0,0,0,0,20000,0,0,0,20000,0,20000,20000
055477,同欣電凱基98購01,0,0,0,0,0,0,0,0,0,20000,0,0,0,20000,0,20000,20000
055530,聯發科群益98購01,0,0,0,0,0,0,0,0,0,20000,0,0,0,20000,0,20000,20000
055511,大立光兆豐97購02,0,0,0,0,0,0,0,0,0,20000,0,0,0,173000,153000,20000,20000
055052,凱美永豐97購01  ,0,0,0,0,0,0,0,0,0,20000,0,0,0,20000,0,20000,20000
054997,文曄元富97購01  ,0,0,0,0,0,0,0,0,0,20000,0,0,0,20000,0,20000,20000
055403,泰鼎元富97購01  ,0,0,0,0,0,0,0,0,0,20000,0,0,0,44000,24000,20000,20000
056175,可成元富97購03  ,0,0,0,0,0,0,0,0,0,20000,0,0,0,30000,10000,20000,20000
056386,TPK國泰99購01   ,0,0,0,0,0,0,0,0,0,20000,0,0,0,20000,0,20000,20000
035277,景碩台新97購01  ,0,0,0,0,0,0,0,0,0,20000,0,0,0,20000,0,20000,20000
050261,國巨元大95購04  ,0,0,0,0,0,0,0,0,0,20000,0,0,0,20000,0,20000,20000
050601,台表科國泰96購01,0,0,0,0,0,0,0,0,0,20000,0,0,0,20000,0,20000,20000
050614,聯發科元大95購04,0,0,0,0,0,0,0,0,0,20000,0,0,0,20000,0,20000,20000
050749,道瓊銀統一96購03,0,0,0,0,0,0,0,0,0,20000,0,0,0,70000,50000,20000,20000
04906P,欣興國票95售01  ,0,0,0,0,0,0,0,0,0,20000,0,0,0,44000,24000,20000,20000
051410,京元電國票96購01,0,0,0,0,0,0,0,0,0,20000,0,0,0,20000,0,20000,20000
053741,漢唐國票97購03  ,0,0,0,0,0,0,0,0,0,20000,0,0,0,20000,0,20000,20000
056428,台達電凱基99購01,0,0,0,0,0,0,0,0,0,20000,0,0,0,20000,0,20000,20000
056469,國巨元大99購01  ,0,0,0,0,0,0,0,0,0,20000,0,0,0,20000,0,20000,20000
053207,SP黃豆凱基96購01,0,0,0,0,0,0,0,0,0,20000,0,0,0,20000,0,20000,20000
053760,牧德國泰98購01  ,0,0,0,0,0,0,0,0,0,20000,0,0,0,20000,0,20000,20000
053780,南亞科元大96購03,0,0,0,0,0,0,0,0,0,20000,0,0,0,100000,80000,20000,20000
052886,世紀鋼兆豐96購01,0,0,0,0,0,0,0,0,0,20000,0,0,0,20000,0,20000,20000
052414,聯電麥證95購01  ,0,0,0,20000,0,20000,0,0,0,20000,0,0,0,20000,0,20000,20000
052182,鴻海群益96購01  ,0,0,0,0,0,0,0,0,0,20000,0,0,0,20000,0,20000,20000
060064,華新科兆豐99購07,0,0,0,0,0,0,0,0,0,20000,0,0,0,20000,0,20000,20000
060058,牧德凱基9B購01  ,0,0,0,0,0,0,0,0,0,20000,0,0,0,20000,0,20000,20000
059977,鴻海元大99購40  ,0,0,0,0,0,0,0,0,0,20000,0,0,0,20000,0,20000,20000
059871,義隆凱基99購03  ,0,0,0,0,0,0,0,0,0,20000,0,0,0,20000,0,20000,20000
059818,鴻海凱基99購14  ,0,0,0,0,0,0,0,0,0,20000,0,0,0,100000,80000,20000,20000
06042P,華新科永豐96售04,0,0,0,0,0,0,0,0,0,20000,0,0,0,20000,0,20000,20000
060472,中租元大9A購02  ,0,0,0,0,0,0,0,0,0,20000,0,0,0,30000,10000,20000,20000
060473,中租元大9A購03  ,0,0,0,0,0,0,0,0,0,20000,0,0,0,50000,30000,20000,20000
06017P,亞光凱基96售04  ,0,0,0,0,0,0,0,0,0,20000,0,0,0,20000,0,20000,20000
060285,聯電元大9C購01  ,0,0,0,0,0,0,0,0,0,20000,0,0,0,50000,30000,20000,20000
060251,易華電元大9C購01,0,0,0,0,0,0,0,0,0,20000,0,0,0,73000,53000,20000,20000
056716,康舒永豐98購01  ,0,0,0,0,0,0,0,0,0,20000,0,0,0,50000,30000,20000,20000
058751,南茂凱基9A購01  ,0,0,0,0,0,0,0,0,0,20000,0,0,0,20000,0,20000,20000
058010,帆宣國票98購01  ,0,0,0,0,0,0,0,0,0,20000,0,0,0,20000,0,20000,20000
058042,鴻海元大98購12  ,0,0,0,0,0,0,0,0,0,20000,0,0,0,120000,100000,20000,20000
057812,友達元大9A購05  ,0,0,0,0,0,0,0,0,0,20000,0,0,0,30000,10000,20000,20000
05807P,泰鼎永豐96售03  ,0,0,0,0,0,0,0,0,0,20000,0,0,0,20000,0,20000,20000
059678,鴻海國泰9A購03  ,0,0,0,0,0,0,0,0,0,20000,0,0,0,53000,33000,20000,20000
058382,S&P500中信99購01,0,0,0,0,0,0,0,0,0,20000,0,0,0,20000,0,20000,20000
059196,聯發科永豐99購02,0,0,0,0,0,0,0,0,0,20000,0,0,0,20000,0,20000,20000
058249,緯穎元大99購04  ,0,0,0,0,0,0,0,0,0,20000,0,0,0,50000,30000,20000,20000
057399,滬深反群益9C購01,0,0,0,0,0,0,0,0,0,20000,0,0,0,20000,0,20000,20000
057480,技嘉元大98購03  ,0,0,0,0,0,0,0,0,0,20000,0,0,0,58000,38000,20000,20000
05939P,聯發科凱基96售20,0,0,0,0,0,0,0,0,0,20000,0,0,0,20000,0,20000,20000
059432,聯發科元大99購26,0,0,0,0,0,0,0,0,0,20000,0,0,0,20000,0,20000,20000
059524,FBVIX凱基9A購02 ,0,0,0,0,0,0,0,0,0,20000,0,0,0,30000,10000,20000,20000
059327,南茂元大99購01  ,0,0,0,0,0,0,0,0,0,20000,0,0,0,45000,25000,20000,20000
059323,新日興元大99購02,0,0,0,0,0,0,0,0,0,20000,0,0,0,30000,10000,20000,20000
058795,可成元大99購03  ,0,0,0,0,0,0,0,0,0,20000,0,0,0,24000,4000,20000,20000
056619,強茂永豐98購01  ,0,0,0,0,0,0,0,0,0,20000,0,0,0,20000,0,20000,20000
059029,旺宏兆豐99購01  ,0,0,0,0,0,0,0,0,0,20000,0,0,0,25000,5000,20000,20000
057284,新日興元大98購03,0,0,0,0,0,0,0,0,0,20000,0,0,0,20000,0,20000,20000
057075,嘉聯益永豐98購01,0,0,0,0,0,0,0,0,0,20000,0,0,0,20000,0,20000,20000
4989,榮科            ,25000,8000,17000,0,0,0,0,0,0,3000,3000,0,3000,0,0,0,20000
2007,燁興            ,20000,0,20000,0,0,0,0,0,0,0,0,0,0,0,0,0,20000
1614,三洋電          ,20000,0,20000,0,0,0,0,0,0,0,0,0,0,0,0,0,20000
07982P,全新群益9B售04  ,0,0,0,0,0,0,0,0,0,20000,0,0,0,41000,21000,20000,20000
2482,連宇            ,20000,0,20000,0,0,0,0,0,0,0,0,0,0,0,0,0,20000
2723,美食-KY         ,118000,102000,16000,0,0,0,0,0,0,4000,3000,0,3000,2000,1000,1000,20000
07784P,華新科富邦9B售04,0,0,0,0,0,0,0,0,0,20000,0,0,0,20000,0,20000,20000
07790P,台灣50元大9A售19,0,0,0,0,0,0,0,0,0,20000,0,0,0,20000,0,20000,20000
07645P,華通元大9A售06  ,0,0,0,0,0,0,0,0,0,20000,0,0,0,22000,2000,20000,20000
07817P,同欣電群益9A售02,0,0,0,0,0,0,0,0,0,20000,0,0,0,65000,45000,20000,20000
07188P,臺股指台新99售11,0,0,0,0,0,0,0,0,0,20000,0,0,0,20000,0,20000,20000
07306P,台灣50凱基9A售09,0,0,0,0,0,0,0,0,0,20000,0,0,0,20000,0,20000,20000
07289P,台灣50凱基99售07,0,0,0,0,0,0,0,0,0,20000,0,0,0,20000,0,20000,20000
07323P,鴻海元大99售34  ,0,0,0,0,0,0,0,0,0,20000,0,0,0,20000,0,20000,20000
07374P,鴻海元大99售41  ,0,0,0,0,0,0,0,0,0,20000,0,0,0,20000,0,20000,20000
07495P,鴻海元大9A售04  ,0,0,0,0,0,0,0,0,0,20000,0,0,0,20000,0,20000,20000
061350,牧德元大9B購03  ,0,0,0,0,0,0,0,0,0,19000,0,0,0,25000,6000,19000,19000
061208,聯發科元大9A購09,0,0,0,0,0,0,0,0,0,19000,0,0,0,69000,50000,19000,19000
060988,華新科元大9A購12,0,0,0,0,0,0,0,0,0,19000,0,0,0,30000,11000,19000,19000
060924,大毅永豐9A購03  ,0,0,0,0,0,0,0,0,0,19000,0,0,0,19000,0,19000,19000
061150,國巨群益9A購09  ,0,0,0,0,0,0,0,0,0,19000,0,0,0,25000,6000,19000,19000
061125,億光永豐9A購01  ,0,0,0,0,0,0,0,0,0,19000,0,0,0,34000,15000,19000,19000
062374,茂林元大9B購03  ,0,0,0,0,0,0,0,0,0,19000,0,0,0,19000,0,19000,19000
06240P,奇力新元富97售03,0,0,0,0,0,0,0,0,0,19000,0,0,0,20000,1000,19000,19000
062281,奇鋐群益9B購01  ,0,0,0,0,0,0,0,0,0,19000,0,0,0,22000,3000,19000,19000
061958,鴻海統一01購01  ,0,0,0,0,0,0,0,0,0,19000,0,0,0,42000,23000,19000,19000
062619,台表科元大9B購03,0,0,0,0,0,0,0,0,0,19000,0,0,0,45000,26000,19000,19000
06984P,上銀富邦9B售01  ,0,0,0,0,0,0,0,0,0,19000,0,0,0,81000,62000,19000,19000
052049,緯創凱基97購01  ,0,0,0,0,0,0,0,0,0,19000,0,0,0,20000,1000,19000,19000
054061,晶技國票97購03  ,0,0,0,0,0,0,0,0,0,19000,0,0,0,20000,1000,19000,19000
056106,晶相光永豐97購02,0,0,0,0,0,0,0,0,0,19000,0,0,0,19000,0,19000,19000
055597,禾伸堂元大98購02,0,0,0,0,0,0,0,0,0,19000,0,0,0,19000,0,19000,19000
055994,聯發科國泰99購02,0,0,0,0,0,0,0,0,0,19000,0,0,0,19000,0,19000,19000
055639,上銀元富97購02  ,0,0,0,0,0,0,0,0,0,19000,0,0,0,96000,77000,19000,19000
054224,亞光統一98購01  ,0,0,0,0,0,0,0,0,0,19000,0,0,0,19000,0,19000,19000
058443,T50正2富邦01購01,0,0,0,0,0,0,0,0,0,19000,0,0,0,19000,0,19000,19000
058342,鴻海群益9A購01  ,0,0,0,0,0,0,0,0,0,19000,0,0,0,38000,19000,19000,19000
057567,嘉聯益富邦9A購01,0,0,0,0,0,0,0,0,0,19000,0,0,0,135000,116000,19000,19000
059274,國巨元大99購22  ,0,0,0,0,0,0,0,0,0,19000,0,0,0,87000,68000,19000,19000
059281,創意永豐99購02  ,0,0,0,0,0,0,0,0,0,19000,0,0,0,71000,52000,19000,19000
059471,華新科元大99購17,0,0,0,0,0,0,0,0,0,19000,0,0,0,20000,1000,19000,19000
057474,T50反1元大98購09,0,0,0,0,0,0,0,0,0,19000,0,0,0,19000,0,19000,19000
059544,創意亞東99購01  ,0,0,0,0,0,0,0,0,0,19000,0,0,0,22000,3000,19000,19000
059836,大立光國泰9B購02,0,0,0,0,0,0,0,0,0,19000,0,0,0,30000,11000,19000,19000
059965,鴻海凱基99購16  ,0,0,0,0,0,0,0,0,0,19000,0,0,0,19000,0,19000,19000
060085,華通元大99購10  ,0,0,0,0,0,0,0,0,0,19000,0,0,0,65000,46000,19000,19000
07415P,台積電元大99售52,0,0,0,0,0,0,0,0,0,19000,0,0,0,19000,0,19000,19000
07938P,國巨統一9B售10  ,0,0,0,0,0,0,0,0,0,19000,0,0,0,20000,1000,19000,19000
2702,華園            ,20000,1000,19000,0,0,0,0,0,0,0,0,0,0,0,0,0,19000
1437,勤益控          ,27000,8000,19000,0,0,0,0,0,0,0,0,0,0,0,0,0,19000
1446,宏和            ,22000,3000,19000,0,0,0,0,0,0,0,0,0,0,0,0,0,19000
1810,和成            ,19000,0,19000,0,0,0,0,0,0,0,0,0,0,0,0,0,19000
2038,海光            ,37000,18000,19000,0,0,0,0,0,0,0,0,0,0,0,0,0,19000
4766,南寶            ,28000,9000,19000,0,0,0,0,0,0,0,0,0,0,0,0,0,19000
3622,洋華            ,26000,7000,19000,0,0,0,0,0,0,0,0,0,0,0,0,0,19000
06383P,聯茂元富97售01  ,0,0,0,0,0,0,0,0,0,18000,0,0,0,20000,2000,18000,18000
06560P,台積電統一98售07,0,0,0,0,0,0,0,0,0,18000,0,0,0,18000,0,18000,18000
062511,台光電國票9B購02,0,0,0,0,0,0,0,0,0,18000,0,0,0,27000,9000,18000,18000
061414,牧德群益9B購02  ,0,0,0,0,0,0,0,0,0,18000,0,0,0,33000,15000,18000,18000
061706,旭富國票9A購02  ,0,0,0,0,0,0,0,0,0,18000,0,0,0,50000,32000,18000,18000
054717,亞德客永豐97購01,0,0,0,0,0,0,0,0,0,18000,0,0,0,19000,1000,18000,18000
058444,國巨富邦9B購01  ,0,0,0,0,0,0,0,0,0,18000,0,0,0,30000,12000,18000,18000
054416,禾伸堂元大97購01,0,0,0,0,0,0,0,0,0,18000,0,0,0,18000,0,18000,18000
055565,祥碩凱基97購01  ,0,0,0,0,0,0,0,0,0,18000,0,0,0,19000,1000,18000,18000
055555,全新凱基9A購01  ,0,0,0,0,0,0,0,0,0,18000,0,0,0,20000,2000,18000,18000
056169,鴻海元富97購08  ,0,0,0,0,0,0,0,0,0,18000,0,0,0,28000,10000,18000,18000
056304,創意元大97購03  ,0,0,0,0,0,0,0,0,0,18000,0,0,0,68000,50000,18000,18000
05153P,台表科群益96售01,0,0,0,0,0,0,0,0,0,18000,0,0,0,18000,0,18000,18000
050579,聯發科國票95購04,0,0,0,0,0,0,0,0,0,18000,0,0,0,18000,0,18000,18000
00728,第一金工業30    ,0,0,0,0,0,0,0,0,0,18000,0,0,0,262000,244000,18000,18000
057835,華擎元富9B購01  ,0,0,0,0,0,0,0,0,0,18000,0,0,0,133000,115000,18000,18000
05943P,欣興凱基96售03  ,0,0,0,0,0,0,0,0,0,18000,0,0,0,18000,0,18000,18000
057367,技嘉元大98購02  ,0,0,0,0,0,0,0,0,0,18000,0,0,0,61000,43000,18000,18000
05721P,全新群益98售02  ,0,0,0,0,0,0,0,0,0,18000,0,0,0,20000,2000,18000,18000
8473,山林水          ,17000,0,17000,0,0,0,0,0,0,1000,1000,0,1000,0,0,0,18000
07497P,鴻海元大9A售06  ,0,0,0,0,0,0,0,0,0,18000,0,0,0,70000,52000,18000,18000
07503P,禾伸堂元大9A售01,0,0,0,0,0,0,0,0,0,18000,0,0,0,30000,12000,18000,18000
07543P,台積電凱基9A售17,0,0,0,0,0,0,0,0,0,18000,0,0,0,19000,1000,18000,18000
07276P,臺股指群益99售19,0,0,0,0,0,0,0,0,0,18000,0,0,0,32000,14000,18000,18000
061566,華通元大9A購10  ,0,0,0,0,0,0,0,0,0,17000,0,0,0,40000,23000,17000,17000
061640,智原元大9A購01  ,0,0,0,0,0,0,0,0,0,17000,0,0,0,55000,38000,17000,17000
061210,玉山金元大9A購02,0,0,0,0,0,0,0,0,0,17000,0,0,0,68000,51000,17000,17000
061195,健策永豐9B購02  ,0,0,0,0,0,0,0,0,0,17000,0,0,0,26000,9000,17000,17000
061247,玉晶光群益9A購09,0,0,0,0,0,0,0,0,0,17000,0,0,0,33000,16000,17000,17000
061068,祥碩凱基9B購01  ,0,0,0,0,0,0,0,0,0,17000,0,0,0,39000,22000,17000,17000
060997,上銀兆豐9B購01  ,0,0,0,0,0,0,0,0,0,17000,0,0,0,17000,0,17000,17000
060521,鴻海中信01購03  ,0,0,0,0,0,0,0,0,0,17000,0,0,0,159000,142000,17000,17000
062252,華邦電元大9C購01,0,0,0,0,0,0,0,0,0,17000,0,0,0,37000,20000,17000,17000
061875,華新科元大9B購03,0,0,0,0,0,0,0,0,0,17000,0,0,0,17000,0,17000,17000
06486P,麗豐元大98售02  ,0,0,0,0,0,0,0,0,0,17000,0,0,0,343000,326000,17000,17000
062540,茂林國泰9C購01  ,0,0,0,0,0,0,0,0,0,17000,0,0,0,61000,44000,17000,17000
07015P,國巨元大99售13  ,0,0,0,0,0,0,0,0,0,17000,0,0,0,17000,0,17000,17000
07048P,台積電中信03售01,0,0,0,0,0,0,0,0,0,17000,0,0,0,17000,0,17000,17000
07069P,欣興元富99售02  ,0,0,0,0,0,0,0,0,0,17000,0,0,0,24000,7000,17000,17000
00713,元大台灣高息低波,4000,0,4000,0,0,0,0,0,0,13000,0,0,0,13000,0,13000,17000
052089,聯發科元大96購02,0,0,0,0,0,0,0,0,0,17000,0,0,0,17000,0,17000,17000
052893,聯電群益98購01  ,0,0,0,0,0,0,0,0,0,17000,0,0,0,57000,40000,17000,17000
054925,神達凱基97購01  ,0,0,0,0,0,0,0,0,0,17000,0,0,0,47000,30000,17000,17000
054886,大毅統一97購01  ,0,0,0,0,0,0,0,0,0,17000,0,0,0,17000,0,17000,17000
055661,亞德客中信98購01,0,0,0,0,0,0,0,0,0,17000,0,0,0,20000,3000,17000,17000
055877,奇鋐元富97購01  ,0,0,0,0,0,0,0,0,0,17000,0,0,0,147000,130000,17000,17000
058636,亞光兆豐9A購01  ,0,0,0,0,0,0,0,0,0,17000,0,0,0,17000,0,17000,17000
057559,可成兆豐99購02  ,0,0,0,0,0,0,0,0,0,17000,0,0,0,17000,0,17000,17000
058997,鴻海元大99購21  ,0,0,0,0,0,0,0,0,0,17000,0,0,0,18000,1000,17000,17000
059133,臺股指群益99購08,0,0,0,0,0,0,0,0,0,17000,0,0,0,19000,2000,17000,17000
056561,台光電群益98購02,0,0,0,0,0,0,0,0,0,17000,0,0,0,17000,0,17000,17000
056705,超眾國泰99購01  ,0,0,0,0,0,0,0,0,0,17000,0,0,0,92000,75000,17000,17000
059980,台積電元大99購50,0,0,0,0,0,0,0,0,0,17000,0,0,0,60000,43000,17000,17000
059993,上銀元富99購01  ,0,0,0,0,0,0,0,0,0,17000,0,0,0,49000,32000,17000,17000
060390,聯鈞群益9A購01  ,0,0,0,0,0,0,0,0,0,17000,0,0,0,17000,0,17000,17000
07872P,聯發科群益9B售03,0,0,0,0,0,0,0,0,0,17000,0,0,0,26000,9000,17000,17000
1452,宏益            ,22000,5000,17000,0,0,0,0,0,0,0,0,0,0,0,0,0,17000
1414,東和            ,17000,0,17000,0,0,0,0,0,0,0,0,0,0,0,0,0,17000
8497,格威傳媒        ,19000,2000,17000,0,0,0,0,0,0,0,0,0,0,0,0,0,17000
3712,永崴投控        ,53000,31000,22000,0,0,0,0,0,0,-5000,2000,7000,-5000,0,0,0,17000
06879P,長榮航凱基98售02,0,0,0,0,0,0,0,0,0,16000,0,0,0,16000,0,16000,16000
06551P,貿聯元大98售05  ,0,0,0,0,0,0,0,0,0,16000,0,0,0,16000,0,16000,16000
061950,日月光群益9B購01,0,0,0,0,0,0,0,0,0,16000,0,0,0,73000,57000,16000,16000
061993,祥碩元大9C購01  ,0,0,0,0,0,0,0,0,0,16000,0,0,0,92000,76000,16000,16000
061033,台光電永豐9A購01,0,0,0,0,0,0,0,0,0,16000,0,0,0,25000,9000,16000,16000
061036,晶技永豐9A購03  ,0,0,0,0,0,0,0,0,0,16000,0,0,0,16000,0,16000,16000
060845,欣興國票9A購01  ,0,0,0,0,0,0,0,0,0,16000,0,0,0,18000,2000,16000,16000
061311,元黃金凱基9A購03,0,0,0,0,0,0,0,0,0,16000,0,0,0,23000,7000,16000,16000
061524,華通凱基9A購07  ,0,0,0,0,0,0,0,0,0,16000,0,0,0,16000,0,16000,16000
06177P,玉晶光元大98售07,0,0,0,0,0,0,0,0,0,16000,0,0,0,42000,26000,16000,16000
055647,義隆元富97購01  ,0,0,0,0,0,0,0,0,0,16000,0,0,0,16000,0,16000,16000
054332,世芯永豐97購01  ,0,0,0,0,0,0,0,0,0,16000,0,0,0,105000,89000,16000,16000
055409,元黃金富邦01購01,0,0,0,0,0,0,0,0,0,16000,0,0,0,16000,0,16000,16000
055399,超眾統一99購01  ,0,0,0,0,0,0,0,0,0,16000,0,0,0,16000,0,16000,16000
056295,國巨元大97購16  ,0,0,0,0,0,0,0,0,0,16000,0,0,0,16000,0,16000,16000
053249,致伸國票97購02  ,0,0,0,0,0,0,0,0,0,16000,0,0,0,16000,0,16000,16000
055300,緯穎元大98購01  ,0,0,0,0,0,0,0,0,0,16000,0,0,0,16000,0,16000,16000
052782,超眾國票96購02  ,0,0,0,0,0,0,0,0,0,16000,0,0,0,16000,0,16000,16000
055198,奇力新第一97購01,0,0,0,0,0,0,0,0,0,16000,0,0,0,16000,0,16000,16000
053639,禾伸堂永豐96購01,0,0,0,0,0,0,0,0,0,16000,0,0,0,16000,0,16000,16000
060267,上緯控國票9C購01,0,0,0,0,0,0,0,0,0,16000,0,0,0,16000,0,16000,16000
05995P,T50正2中信9C售01,0,0,0,0,0,0,0,0,0,16000,0,0,0,30000,14000,16000,16000
059711,滬深2X元大9C購02,0,0,0,0,0,0,0,0,0,16000,0,0,0,20000,4000,16000,16000
058852,貿聯群益99購04  ,0,0,0,0,0,0,0,0,0,16000,0,0,0,22000,6000,16000,16000
057168,旺宏元大99購03  ,0,0,0,0,0,0,0,0,0,16000,0,0,0,16000,0,16000,16000
057324,億光群益98購01  ,0,0,0,0,0,0,0,0,0,16000,0,0,0,16000,0,16000,16000
057299,立積永豐98購02  ,0,0,0,0,0,0,0,0,0,16000,0,0,0,40000,24000,16000,16000
4571,鈞興-KY         ,20000,4000,16000,0,0,0,0,0,0,0,0,0,0,0,0,0,16000
2477,美隆電          ,17000,1000,16000,0,0,0,0,0,0,0,0,0,0,0,0,0,16000
2415,錩新            ,29000,14000,15000,0,0,0,0,0,0,1000,1000,0,1000,0,0,0,16000
07506P,中租元大9A售01  ,0,0,0,0,0,0,0,0,0,16000,0,0,0,16000,0,16000,16000
061692,聯發科群益9A購04,0,0,0,0,0,0,0,0,0,15000,0,0,0,25000,10000,15000,15000
061550,聯鈞群益9A購03  ,0,0,0,0,0,0,0,0,0,15000,0,0,0,135000,120000,15000,15000
061267,玉山金凱基9B購01,0,0,0,0,0,0,0,0,0,15000,0,0,0,15000,0,15000,15000
061180,華擎凱基9B購01  ,0,0,0,0,0,0,0,0,0,15000,0,0,0,15000,0,15000,15000
061444,聯發科台新9A購01,0,0,0,0,0,0,0,0,0,15000,0,0,0,15000,0,15000,15000
060987,華新科元大9A購11,0,0,0,0,0,0,0,0,0,15000,0,0,0,78000,63000,15000,15000
061062,和大凱基9A購02  ,0,0,0,0,0,0,0,0,0,15000,0,0,0,22000,7000,15000,15000
061050,康友中信9A購01  ,0,0,0,0,0,0,0,0,0,15000,0,0,0,58000,43000,15000,15000
060492,元黃金元富9A購01,0,0,0,0,0,0,0,0,0,15000,0,0,0,20000,5000,15000,15000
060730,台積電群益9A購03,0,0,0,0,0,0,0,0,0,15000,0,0,0,92000,77000,15000,15000
061961,台積電統一01購02,0,0,0,0,0,0,0,0,0,15000,0,0,0,25000,10000,15000,15000
061890,元金2X永豐9B購01,0,0,0,0,0,0,0,0,0,15000,0,0,0,15000,0,15000,15000
062359,旺宏元大9C購02  ,0,0,0,0,0,0,0,0,0,15000,0,0,0,15000,0,15000,15000
062447,華擎元大9C購01  ,0,0,0,0,0,0,0,0,0,15000,0,0,0,26000,11000,15000,15000
06564P,國巨富邦9A售04  ,0,0,0,0,0,0,0,0,0,15000,0,0,0,55000,40000,15000,15000
06477P,緯穎國票99售02  ,0,0,0,0,0,0,0,0,0,15000,0,0,0,25000,10000,15000,15000
06261P,上銀凱基97售03  ,0,0,0,0,0,0,0,0,0,15000,0,0,0,15000,0,15000,15000
06328P,台積電中信01售02,0,0,0,0,0,0,0,0,0,15000,0,0,0,15000,0,15000,15000
06645P,上銀元大98售05  ,0,0,0,0,0,0,0,0,0,15000,0,0,0,30000,15000,15000,15000
05350P,可成元富98售04  ,0,0,0,0,0,0,0,0,0,15000,0,0,0,15000,0,15000,15000
051623,和碩凱基96購02  ,0,0,0,0,0,0,0,0,0,15000,0,0,0,15000,0,15000,15000
046061,中石化凱基98購01,0,0,0,0,0,0,0,0,0,15000,0,0,0,15000,0,15000,15000
00684R,元大美元指數反1 ,0,0,0,0,0,0,0,0,0,15000,0,0,0,15000,0,15000,15000
056448,全新凱基99購01  ,0,0,0,0,0,0,0,0,0,15000,0,0,0,15000,0,15000,15000
055275,台積電元大97購19,0,0,0,0,0,0,0,0,0,15000,0,0,0,15000,0,15000,15000
052265,聯發科亞東95購01,0,0,0,0,0,0,0,0,0,15000,0,0,0,15000,0,15000,15000
052076,可成元富98購01  ,0,0,0,0,0,0,0,0,0,15000,0,0,0,30000,15000,15000,15000
058565,鴻海凱基9A購07  ,0,0,0,0,0,0,0,0,0,15000,0,0,0,32000,17000,15000,15000
058546,玉晶光富邦9B購01,0,0,0,0,0,0,0,0,0,15000,0,0,0,15000,0,15000,15000
054729,聯發科日盛97購02,0,0,0,0,0,0,0,0,0,15000,0,0,0,15000,0,15000,15000
057060,緯穎元大98購05  ,0,0,0,0,0,0,0,0,0,15000,0,0,0,15000,0,15000,15000
057040,國巨元大98購12  ,0,0,0,0,0,0,0,0,0,15000,0,0,0,15000,0,15000,15000
059180,祥碩元富9A購01  ,0,0,0,0,0,0,0,0,0,15000,0,0,0,15000,0,15000,15000
056623,禾伸堂永豐98購01,0,0,0,0,0,0,0,0,0,15000,0,0,0,40000,25000,15000,15000
058782,臺股指國票99購01,0,0,0,0,0,0,0,0,0,15000,0,0,0,35000,20000,15000,15000
059211,鴻海元大99購27  ,0,0,0,0,0,0,0,0,0,15000,0,0,0,50000,35000,15000,15000
057375,欣興元大98購09  ,0,0,0,0,0,0,0,0,0,15000,0,0,0,25000,10000,15000,15000
057890,滬深反統一98購01,0,0,0,0,0,0,0,0,0,15000,0,0,0,15000,0,15000,15000
058223,世芯統一9B購01  ,0,0,0,0,0,0,0,0,0,15000,0,0,0,15000,0,15000,15000
05947P,大成鋼元大96售03,0,0,0,0,0,0,0,0,0,15000,0,0,0,57000,42000,15000,15000
059508,聯發科永豐99購03,0,0,0,0,0,0,0,0,0,15000,0,0,0,15000,0,15000,15000
05972P,瑞昱元大96售01  ,0,0,0,0,0,0,0,0,0,15000,0,0,0,15000,0,15000,15000
057827,康友元大98購03  ,0,0,0,0,0,0,0,0,0,15000,0,0,0,15000,0,15000,15000
05679P,台表科群益96售05,0,0,0,0,0,0,0,0,0,15000,0,0,0,15000,0,15000,15000
056813,聯茂統一99購01  ,0,0,0,0,0,0,0,0,0,15000,0,0,0,36000,21000,15000,15000
056735,國巨凱基99購02  ,0,0,0,0,0,0,0,0,0,15000,0,0,0,17000,2000,15000,15000
057656,大成鋼兆豐98購01,0,0,0,0,0,0,0,0,0,15000,0,0,0,15000,0,15000,15000
059953,聯發科康和99購01,0,0,0,0,0,0,0,0,0,15000,0,0,0,15000,0,15000,15000
060105,牧德元大9B購01  ,0,0,0,0,0,0,0,0,0,15000,0,0,0,18000,3000,15000,15000
060386,台勝科凱基9B購01,0,0,0,0,0,0,0,0,0,15000,0,0,0,15000,0,15000,15000
060452,儒鴻元大9A購01  ,0,0,0,0,0,0,0,0,0,15000,0,0,0,158000,143000,15000,15000
07406P,大立光凱基99售18,0,0,0,0,0,0,0,0,0,15000,0,0,0,15000,0,15000,15000
07400P,國巨凱基99售20  ,0,0,0,0,0,0,0,0,0,15000,0,0,0,25000,10000,15000,15000
07450P,鴻海元大9A售03  ,0,0,0,0,0,0,0,0,0,15000,0,0,0,60000,45000,15000,15000
07611P,大立光國票9A售05,0,0,0,0,0,0,0,0,0,15000,0,0,0,15000,0,15000,15000
1463,強盛            ,17000,2000,15000,0,0,0,0,0,0,0,0,0,0,0,0,0,15000
1806,冠軍            ,16000,1000,15000,0,0,0,0,0,0,0,0,0,0,0,0,0,15000
3694,海華            ,30000,15000,15000,0,0,0,0,0,0,0,0,0,0,0,0,0,15000
6192,巨路            ,17000,4000,13000,0,0,0,0,0,0,2000,2000,0,2000,0,0,0,15000
06838P,台積電統一99售05,0,0,0,0,0,0,0,0,0,14000,0,0,0,14000,0,14000,14000
06828P,臺股指國票98售04,0,0,0,0,0,0,0,0,0,14000,0,0,0,14000,0,14000,14000
06256P,臺股指群益97售09,0,0,0,0,0,0,0,0,0,14000,0,0,0,15000,1000,14000,14000
06374P,台表科元大97售06,0,0,0,0,0,0,0,0,0,14000,0,0,0,65000,51000,14000,14000
062215,華通統一9B購01  ,0,0,0,0,0,0,0,0,0,14000,0,0,0,42000,28000,14000,14000
061992,祥碩元大9B購02  ,0,0,0,0,0,0,0,0,0,14000,0,0,0,60000,46000,14000,14000
062088,緯穎元大9B購04  ,0,0,0,0,0,0,0,0,0,14000,0,0,0,59000,45000,14000,14000
06080P,景碩群益98售02  ,0,0,0,0,0,0,0,0,0,14000,0,0,0,24000,10000,14000,14000
060846,欣興國票9A購02  ,0,0,0,0,0,0,0,0,0,14000,0,0,0,50000,36000,14000,14000
061564,華擎國票9A購02  ,0,0,0,0,0,0,0,0,0,14000,0,0,0,19000,5000,14000,14000
061736,國巨凱基9B購05  ,0,0,0,0,0,0,0,0,0,14000,0,0,0,32000,18000,14000,14000
058630,日月光國票9A購01,0,0,0,0,0,0,0,0,0,14000,0,0,0,17000,3000,14000,14000
054152,漢唐國泰98購02  ,0,0,0,0,0,0,0,0,0,14000,0,0,0,14000,0,14000,14000
053998,泰鼎群益98購01  ,0,0,0,0,0,0,0,0,0,14000,0,0,0,16000,2000,14000,14000
05401P,聯茂永豐95售03  ,0,0,0,0,0,0,0,0,0,14000,0,0,0,14000,0,14000,14000
05620P,大立光富邦9B售01,0,0,0,0,0,0,0,0,0,14000,0,0,0,14000,0,14000,14000
056054,亞德客元大97購05,0,0,0,0,0,0,0,0,0,14000,0,0,0,22000,8000,14000,14000
056449,義隆凱基98購03  ,0,0,0,0,0,0,0,0,0,14000,0,0,0,14000,0,14000,14000
046906,新光金凱基99購02,0,0,0,0,0,0,0,0,0,14000,0,0,0,14000,0,14000,14000
060482,東元富邦9A購01  ,0,0,0,0,0,0,0,0,0,14000,0,0,0,14000,0,14000,14000
060189,宏達電元富9B購03,0,0,0,0,0,0,0,0,0,14000,0,0,0,54000,40000,14000,14000
059819,台積電凱基99購17,0,0,0,0,0,0,0,0,0,14000,0,0,0,100000,86000,14000,14000
056994,緯穎兆豐98購02  ,0,0,0,0,0,0,0,0,0,14000,0,0,0,33000,19000,14000,14000
058730,玉晶光永豐9A購01,0,0,0,0,0,0,0,0,0,14000,0,0,0,69000,55000,14000,14000
059624,鴻海凱基01購01  ,0,0,0,0,0,0,0,0,0,14000,0,0,0,19000,5000,14000,14000
058847,國巨群益99購05  ,0,0,0,0,0,0,0,0,0,14000,0,0,0,60000,46000,14000,14000
05666P,聯發科凱基96售14,0,0,0,0,0,0,0,0,0,14000,0,0,0,14000,0,14000,14000
057165,國巨元大99購05  ,0,0,0,0,0,0,0,0,0,14000,0,0,0,14000,0,14000,14000
05880P,創意康和96售01  ,0,0,0,0,0,0,0,0,0,14000,0,0,0,30000,16000,14000,14000
1219,福壽            ,15000,1000,14000,0,0,0,0,0,0,0,0,0,0,0,0,0,14000
2459,敦吉            ,43000,29000,14000,0,0,0,0,0,0,0,0,0,0,0,0,0,14000
07768P,緯穎群益9A售02  ,0,0,0,0,0,0,0,0,0,14000,0,0,0,14000,0,14000,14000
07537P,玉晶光元富9A售04,0,0,0,0,0,0,0,0,0,14000,0,0,0,14000,0,14000,14000
07280P,FBVIX凱基99售01 ,0,0,0,0,0,0,0,0,0,14000,0,0,0,14000,0,14000,14000
060964,日月光凱基9A購01,0,0,0,0,0,0,0,0,0,13000,0,0,0,13000,0,13000,13000
061081,宏碁兆豐9A購01  ,0,0,0,0,0,0,0,0,0,13000,0,0,0,258000,245000,13000,13000
060555,台表科凱基9A購03,0,0,0,0,0,0,0,0,0,13000,0,0,0,13000,0,13000,13000
060563,智邦富邦9A購01  ,0,0,0,0,0,0,0,0,0,13000,0,0,0,36000,23000,13000,13000
060584,玉晶光元富9A購01,0,0,0,0,0,0,0,0,0,13000,0,0,0,33000,20000,13000,13000
062026,華邦電群益9B購01,0,0,0,0,0,0,0,0,0,13000,0,0,0,98000,85000,13000,13000
061963,台積電統一01購04,0,0,0,0,0,0,0,0,0,13000,0,0,0,142000,129000,13000,13000
061917,亞德客凱基9B購02,0,0,0,0,0,0,0,0,0,13000,0,0,0,103000,90000,13000,13000
06439P,上銀凱基98售02  ,0,0,0,0,0,0,0,0,0,13000,0,0,0,13000,0,13000,13000
07106P,國巨統一9B售05  ,0,0,0,0,0,0,0,0,0,13000,0,0,0,197000,184000,13000,13000
053473,聯發科元大96購15,0,0,0,0,0,0,0,0,0,13000,0,0,0,15000,2000,13000,13000
053441,旺宏凱基98購01  ,0,0,0,0,0,0,0,0,0,13000,0,0,0,13000,0,13000,13000
052775,滬深2X國票99購02,0,0,0,0,0,0,0,0,0,13000,0,0,0,13000,0,13000,13000
052434,茂林國泰97購01  ,0,0,0,0,0,0,0,0,0,13000,0,0,0,93000,80000,13000,13000
056200,大毅永豐98購01  ,0,0,0,0,0,0,0,0,0,13000,0,0,0,20000,7000,13000,13000
056380,麗豐元富98購01  ,0,0,0,0,0,0,0,0,0,13000,0,0,0,20000,7000,13000,13000
05454P,奇鋐群益95售04  ,0,0,0,0,0,0,0,0,0,13000,0,0,0,13000,0,13000,13000
054410,國巨元大96購14  ,0,0,0,0,0,0,0,0,0,13000,0,0,0,13000,0,13000,13000
059254,台表科凱基9A購02,0,0,0,0,0,0,0,0,0,13000,0,0,0,13000,0,13000,13000
057882,華通群益9A購03  ,0,0,0,0,0,0,0,0,0,13000,0,0,0,18000,5000,13000,13000
059512,晶豪科永豐99購02,0,0,0,0,0,0,0,0,0,13000,0,0,0,13000,0,13000,13000
059765,嘉聯益永豐99購02,0,0,0,0,0,0,0,0,0,13000,0,0,0,33000,20000,13000,13000
058707,泰鼎元大99購02  ,0,0,0,0,0,0,0,0,0,13000,0,0,0,48000,35000,13000,13000
057760,聯發科凱基98購18,0,0,0,0,0,0,0,0,0,13000,0,0,0,21000,8000,13000,13000
057780,台郡群益98購02  ,0,0,0,0,0,0,0,0,0,13000,0,0,0,98000,85000,13000,13000
058040,FBVIX元大98購01 ,0,0,0,0,0,0,0,0,0,13000,0,0,0,13000,0,13000,13000
059862,全新群益99購04  ,0,0,0,0,0,0,0,0,0,13000,0,0,0,18000,5000,13000,13000
059955,美食康和99購01  ,0,0,0,0,0,0,0,0,0,13000,0,0,0,33000,20000,13000,13000
07284P,大立光凱基99售10,0,0,0,0,0,0,0,0,0,13000,0,0,0,23000,10000,13000,13000
07717P,臺股指群益9A售06,0,0,0,0,0,0,0,0,0,13000,0,0,0,15000,2000,13000,13000
07824P,國巨元大9A售24  ,0,0,0,0,0,0,0,0,0,13000,0,0,0,13000,0,13000,13000
07936P,臺股指國票9B售08,0,0,0,0,0,0,0,0,0,13000,0,0,0,13000,0,13000,13000
3024,憶聲            ,13000,0,13000,0,0,0,0,0,0,0,0,0,0,0,0,0,13000
07990P,緯穎凱基9B售02  ,0,0,0,0,0,0,0,0,0,13000,0,0,0,28000,15000,13000,13000
5706,鳳凰            ,18000,5000,13000,0,0,0,0,0,0,0,0,0,0,0,0,0,13000
6477,安集            ,18000,5000,13000,0,0,0,0,0,0,0,0,0,0,0,0,0,13000
3596,智易            ,345000,306000,39000,0,0,0,0,0,0,-26000,12000,16000,-4000,8000,30000,-22000,13000
4555,氣立            ,26000,49000,-23000,0,0,0,0,0,0,36000,45000,9000,36000,0,0,0,13000
4560,強信-KY         ,93000,80000,13000,0,0,0,0,0,0,0,0,0,0,0,0,0,13000
9905,大華            ,16000,3000,13000,0,0,0,0,0,0,0,0,0,0,0,0,0,13000
07118P,台積電凱基99售09,0,0,0,0,0,0,0,0,0,12000,0,0,0,12000,0,12000,12000
06864P,健策凱基98售01  ,0,0,0,0,0,0,0,0,0,12000,0,0,0,200000,188000,12000,12000
062055,鴻海統一9C購07  ,0,0,0,0,0,0,0,0,0,12000,0,0,0,12000,0,12000,12000
062224,玉晶光統一9C購03,0,0,0,0,0,0,0,0,0,12000,0,0,0,12000,0,12000,12000
060644,泰鼎永豐9A購02  ,0,0,0,0,0,0,0,0,0,12000,0,0,0,34000,22000,12000,12000
060532,欣興中信9A購01  ,0,0,0,0,0,0,0,0,0,12000,0,0,0,65000,53000,12000,12000
060736,旺宏統一01購01  ,0,0,0,0,0,0,0,0,0,12000,0,0,0,45000,33000,12000,12000
061739,奇力新凱基9C購01,0,0,0,0,0,0,0,0,0,12000,0,0,0,12000,0,12000,12000
054417,牧德元大96購01  ,0,0,0,0,0,0,0,0,0,12000,0,0,0,12000,0,12000,12000
055858,聯茂元大97購03  ,0,0,0,0,0,0,0,0,0,12000,0,0,0,71000,59000,12000,12000
058629,嘉晶國票9A購01  ,0,0,0,0,0,0,0,0,0,12000,0,0,0,22000,10000,12000,12000
058453,可成永豐99購01  ,0,0,0,0,0,0,0,0,0,12000,0,0,0,12000,0,12000,12000
055126,嘉澤兆豐97購01  ,0,0,0,0,0,0,0,0,0,12000,0,0,0,12000,0,12000,12000
056367,祥碩元大98購01  ,0,0,0,0,0,0,0,0,0,12000,0,0,0,12000,0,12000,12000
055350,聯發科凱基97購02,0,0,0,0,0,0,0,0,0,12000,0,0,0,27000,15000,12000,12000
04787P,台積電永昌96售04,0,0,0,0,0,0,0,0,0,12000,0,0,0,22000,10000,12000,12000
050525,嘉晶元大95購02  ,0,0,0,0,0,0,0,0,0,12000,0,0,0,12000,0,12000,12000
059860,台積電群益9A購02,0,0,0,0,0,0,0,0,0,12000,0,0,0,30000,18000,12000,12000
06023P,超眾國票96售03  ,0,0,0,0,0,0,0,0,0,12000,0,0,0,13000,1000,12000,12000
057766,矽力凱基98購03  ,0,0,0,0,0,0,0,0,0,12000,0,0,0,16000,4000,12000,12000
05760P,京鼎永豐96售02  ,0,0,0,0,0,0,0,0,0,12000,0,0,0,21000,9000,12000,12000
058079,鴻海群益98購08  ,0,0,0,0,0,0,0,0,0,12000,0,0,0,29000,17000,12000,12000
056565,欣興群益98購03  ,0,0,0,0,0,0,0,0,0,12000,0,0,0,12000,0,12000,12000
057335,技嘉國票99購01  ,0,0,0,0,0,0,0,0,0,12000,0,0,0,72000,60000,12000,12000
058849,奇力新群益99購02,0,0,0,0,0,0,0,0,0,12000,0,0,0,12000,0,12000,12000
056967,奇鋐永豐98購01  ,0,0,0,0,0,0,0,0,0,12000,0,0,0,12000,0,12000,12000
057171,台光電元大9B購01,0,0,0,0,0,0,0,0,0,12000,0,0,0,60000,48000,12000,12000
057506,聯鈞國票99購02  ,0,0,0,0,0,0,0,0,0,12000,0,0,0,14000,2000,12000,12000
3679,新至陞          ,16000,4000,12000,0,0,0,0,0,0,0,0,0,0,0,0,0,12000
6668,中揚光          ,70000,58000,12000,0,0,0,0,0,0,0,0,0,0,0,0,0,12000
1101B,台泥乙特        ,0,0,0,0,0,0,0,0,0,12000,12000,0,12000,0,0,0,12000
1337,再生-KY         ,21000,9000,12000,0,0,0,0,0,0,0,0,0,0,0,0,0,12000
1618,合機            ,12000,0,12000,0,0,0,0,0,0,0,0,0,0,0,0,0,12000
2464,盟立            ,36000,18000,18000,0,0,0,0,0,0,-6000,5000,0,5000,0,11000,-11000,12000
2506,太設            ,12000,0,12000,0,0,0,0,0,0,0,0,0,0,0,0,0,12000
07905P,大立光群益9B售04,0,0,0,0,0,0,0,0,0,12000,0,0,0,12000,0,12000,12000
07900P,臺股指凱基9B售03,0,0,0,0,0,0,0,0,0,12000,0,0,0,18000,6000,12000,12000
07507P,國巨國票9B售02  ,0,0,0,0,0,0,0,0,0,12000,0,0,0,60000,48000,12000,12000
07591P,台灣50元大9A售16,0,0,0,0,0,0,0,0,0,12000,0,0,0,12000,0,12000,12000
061304,創意永豐9A購02  ,0,0,0,0,0,0,0,0,0,11000,0,0,0,21000,10000,11000,11000
060653,全新群益9A購02  ,0,0,0,0,0,0,0,0,0,11000,0,0,0,11000,0,11000,11000
060752,上銀元大9A購04  ,0,0,0,0,0,0,0,0,0,11000,0,0,0,50000,39000,11000,11000
060639,玉晶光永豐9A購05,0,0,0,0,0,0,0,0,0,11000,0,0,0,15000,4000,11000,11000
061079,台積電兆豐9A購02,0,0,0,0,0,0,0,0,0,11000,0,0,0,11000,0,11000,11000
06085P,義隆台新97售01  ,0,0,0,0,0,0,0,0,0,11000,0,0,0,11000,0,11000,11000
060863,聯發科永豐9A購02,0,0,0,0,0,0,0,0,0,11000,0,0,0,14000,3000,11000,11000
062302,聯詠中信05購02  ,0,0,0,0,0,0,0,0,0,11000,0,0,0,11000,0,11000,11000
06242P,大立光元富9A售02,0,0,0,0,0,0,0,0,0,11000,0,0,0,59000,48000,11000,11000
061995,超眾元大01購01  ,0,0,0,0,0,0,0,0,0,11000,0,0,0,81000,70000,11000,11000
06683P,訊芯元大98售07  ,0,0,0,0,0,0,0,0,0,11000,0,0,0,71000,60000,11000,11000
07126P,台積電元大99售23,0,0,0,0,0,0,0,0,0,11000,0,0,0,11000,0,11000,11000
06475P,牧德永豐98售03  ,0,0,0,0,0,0,0,0,0,11000,0,0,0,11000,0,11000,11000
06490P,鴻海富邦99售02  ,0,0,0,0,0,0,0,0,0,11000,0,0,0,11000,0,11000,11000
051058,景碩群益96購01  ,0,0,0,0,0,0,0,0,0,11000,0,0,0,11000,0,11000,11000
048663,聯發科統一96購01,0,0,0,0,0,0,0,0,0,11000,0,0,0,11000,0,11000,11000
051539,瀚宇博國票97購01,0,0,0,0,0,0,0,0,0,11000,0,0,0,26000,15000,11000,11000
053672,嘉澤元富96購02  ,0,0,0,0,0,0,0,0,0,11000,0,0,0,11000,0,11000,11000
055294,智易元大98購01  ,0,0,0,0,0,0,0,0,0,11000,0,0,0,11000,0,11000,11000
052092,貿聯元大96購02  ,0,0,0,0,0,0,0,0,0,11000,0,0,0,11000,0,11000,11000
052151,義隆富邦96購01  ,0,0,0,0,0,0,0,0,0,11000,0,0,0,11000,0,11000,11000
056170,鴻海元富97購09  ,0,0,0,0,0,0,0,0,0,11000,0,0,0,11000,0,11000,11000
055983,全新元富9A購02  ,0,0,0,0,0,0,0,0,0,11000,0,0,0,11000,0,11000,11000
05472P,國巨統一96售02  ,0,0,0,0,0,0,0,0,0,11000,0,0,0,11000,0,11000,11000
055813,聯發科國票98購04,0,0,0,0,0,0,0,0,0,11000,0,0,0,20000,9000,11000,11000
059317,台積電元大99購34,0,0,0,0,0,0,0,0,0,11000,0,0,0,313000,302000,11000,11000
057000,亞德客國票99購01,0,0,0,0,0,0,0,0,0,11000,0,0,0,13000,2000,11000,11000
05725P,嘉聯益永豐96售02,0,0,0,0,0,0,0,0,0,11000,0,0,0,11000,0,11000,11000
058415,祥碩兆豐99購01  ,0,0,0,0,0,0,0,0,0,11000,0,0,0,11000,0,11000,11000
059706,嘉晶凱基99購01  ,0,0,0,0,0,0,0,0,0,11000,0,0,0,16000,5000,11000,11000
06024P,台郡國票97售05  ,0,0,0,0,0,0,0,0,0,11000,0,0,0,11000,0,11000,11000
060224,台灣50元大9A購09,0,0,0,0,0,0,0,0,0,11000,0,0,0,11000,0,11000,11000
060236,精元元大9C購01  ,0,0,0,0,0,0,0,0,0,11000,0,0,0,12000,1000,11000,11000
060239,國揚元大9C購01  ,0,0,0,0,0,0,0,0,0,11000,0,0,0,79000,68000,11000,11000
06038P,國泰金台新96售01,0,0,0,0,0,0,0,0,0,11000,0,0,0,11000,0,11000,11000
059835,聯發科國泰9B購01,0,0,0,0,0,0,0,0,0,11000,0,0,0,11000,0,11000,11000
05991P,聯茂群益96售05  ,0,0,0,0,0,0,0,0,0,11000,0,0,0,11000,0,11000,11000
07502P,美食元大9A售01  ,0,0,0,0,0,0,0,0,0,11000,0,0,0,111000,100000,11000,11000
07376P,聯發科元大99售39,0,0,0,0,0,0,0,0,0,11000,0,0,0,11000,0,11000,11000
07235P,T50正2元大9C售02,0,0,0,0,0,0,0,0,0,11000,0,0,0,11000,0,11000,11000
07836P,大成鋼元大9A售01,0,0,0,0,0,0,0,0,0,11000,0,0,0,62000,51000,11000,11000
07837P,華邦電元大9A售01,0,0,0,0,0,0,0,0,0,11000,0,0,0,68000,57000,11000,11000
07847P,國巨群益9A售13  ,0,0,0,0,0,0,0,0,0,11000,0,0,0,13000,2000,11000,11000
07760P,力山永豐9A售03  ,0,0,0,0,0,0,0,0,0,11000,0,0,0,11000,0,11000,11000
2597,潤弘            ,13000,2000,11000,0,0,0,0,0,0,0,0,0,0,0,0,0,11000
2427,三商電          ,11000,0,11000,0,0,0,0,0,0,0,0,0,0,0,0,0,11000
2923,鼎固-KY         ,11000,0,11000,0,0,0,0,0,0,0,0,0,0,0,0,0,11000
2882A,國泰特          ,0,0,0,0,0,0,0,0,0,11000,116000,105000,11000,0,0,0,11000
1438,裕豐            ,11000,0,11000,0,0,0,0,0,0,0,0,0,0,0,0,0,11000
1465,偉全            ,11000,0,11000,0,0,0,0,0,0,0,0,0,0,0,0,0,11000
1454,台富            ,11000,0,11000,0,0,0,0,0,0,0,0,0,0,0,0,0,11000
6582,申豐            ,189000,163000,26000,0,0,0,0,0,0,-15000,12000,27000,-15000,0,0,0,11000
5007,三星            ,11000,0,11000,0,0,0,0,0,0,0,0,0,0,0,0,0,11000
06455P,上銀統一99售03  ,0,0,0,0,0,0,0,0,0,10000,0,0,0,10000,0,10000,10000
06424P,大成鋼永豐97售01,0,0,0,0,0,0,0,0,0,10000,0,0,0,20000,10000,10000,10000
06632P,創意群益98售03  ,0,0,0,0,0,0,0,0,0,10000,0,0,0,10000,0,10000,10000
06611P,祥碩國票98售01  ,0,0,0,0,0,0,0,0,0,10000,0,0,0,190000,180000,10000,10000
06585P,鴻海元大99售04  ,0,0,0,0,0,0,0,0,0,10000,0,0,0,10000,0,10000,10000
062613,臺指反元大02購10,0,0,0,0,0,0,0,0,0,10000,0,0,0,10000,0,10000,10000
06269P,群創凱基98售10  ,0,0,0,0,0,0,0,0,0,10000,0,0,0,10000,0,10000,10000
07131P,緯穎元大99售06  ,0,0,0,0,0,0,0,0,0,10000,0,0,0,22000,12000,10000,10000
07134P,臺股指元大9A售28,0,0,0,0,0,0,0,0,0,10000,0,0,0,11000,1000,10000,10000
07074P,FBVIX凱基9A售01 ,0,0,0,0,0,0,0,0,0,10000,0,0,0,10000,0,10000,10000
07101P,台郡元大99售06  ,0,0,0,0,0,0,0,0,0,10000,0,0,0,10000,0,10000,10000
06908P,健策國泰99售02  ,0,0,0,0,0,0,0,0,0,10000,0,0,0,10000,0,10000,10000
06923P,鴻海群益98售09  ,0,0,0,0,0,0,0,0,0,10000,0,0,0,10000,0,10000,10000
06928P,鴻海元大99售10  ,0,0,0,0,0,0,0,0,0,10000,0,0,0,63000,53000,10000,10000
06676P,華新科國票98售03,0,0,0,0,0,0,0,0,0,10000,0,0,0,10000,0,10000,10000
06637P,大立光凱基98售15,0,0,0,0,0,0,0,0,0,10000,0,0,0,10000,0,10000,10000
06800P,台灣50群益9A售02,0,0,0,0,0,0,0,0,0,10000,0,0,0,20000,10000,10000,10000
06778P,台積電元大99售06,0,0,0,0,0,0,0,0,0,10000,0,0,0,120000,110000,10000,10000
06190P,玉晶光永豐97售05,0,0,0,0,0,0,0,0,0,10000,0,0,0,21000,11000,10000,10000
061848,國巨國票9B購07  ,0,0,0,0,0,0,0,0,0,10000,0,0,0,10000,0,10000,10000
062438,台光電元大9B購04,0,0,0,0,0,0,0,0,0,10000,0,0,0,10000,0,10000,10000
062265,南茂元大9B購01  ,0,0,0,0,0,0,0,0,0,10000,0,0,0,83000,73000,10000,10000
060862,美律永豐9A購01  ,0,0,0,0,0,0,0,0,0,10000,0,0,0,10000,0,10000,10000
060848,聯茂國票9A購02  ,0,0,0,0,0,0,0,0,0,10000,0,0,0,10000,0,10000,10000
060894,奇力新凱基9A購03,0,0,0,0,0,0,0,0,0,10000,0,0,0,10000,0,10000,10000
061080,華邦電兆豐9B購01,0,0,0,0,0,0,0,0,0,10000,0,0,0,10000,0,10000,10000
061116,金融類元大9A購02,0,0,0,0,0,0,0,0,0,10000,0,0,0,10000,0,10000,10000
061028,聚陽永豐9A購01  ,0,0,0,0,0,0,0,0,0,10000,0,0,0,10000,0,10000,10000
06101P,聯發科日盛97售03,0,0,0,0,0,0,0,0,0,10000,0,0,0,10000,0,10000,10000
06052P,台郡國票97售06  ,0,0,0,0,0,0,0,0,0,10000,0,0,0,10000,0,10000,10000
060554,中租凱基9A購01  ,0,0,0,0,0,0,0,0,0,10000,0,0,0,10000,0,10000,10000
060748,臻鼎國票9A購01  ,0,0,0,0,0,0,0,0,0,10000,0,0,0,30000,20000,10000,10000
06076P,大立光凱基98售03,0,0,0,0,0,0,0,0,0,10000,0,0,0,10000,0,10000,10000
060791,聯茂富邦9A購02  ,0,0,0,0,0,0,0,0,0,10000,0,0,0,10000,0,10000,10000
061237,晶技元大9A購01  ,0,0,0,0,0,0,0,0,0,10000,0,0,0,10000,0,10000,10000
061194,聯鈞永豐9A購02  ,0,0,0,0,0,0,0,0,0,10000,0,0,0,80000,70000,10000,10000
061486,國巨兆豐9B購02  ,0,0,0,0,0,0,0,0,0,10000,0,0,0,10000,0,10000,10000
061750,台達電台新9B購01,0,0,0,0,0,0,0,0,0,10000,0,0,0,10000,0,10000,10000
061775,臺指反國票9B購04,0,0,0,0,0,0,0,0,0,10000,0,0,0,10000,0,10000,10000
061842,牧德凱基9C購01  ,0,0,0,0,0,0,0,0,0,10000,0,0,0,15000,5000,10000,10000
061819,茂林群益9B購01  ,0,0,0,0,0,0,0,0,0,10000,0,0,0,10000,0,10000,10000
061820,康控群益9B購02  ,0,0,0,0,0,0,0,0,0,10000,0,0,0,10000,0,10000,10000
061809,聯發科統一9C購05,0,0,0,0,0,0,0,0,0,10000,0,0,0,30000,20000,10000,10000
061551,GIS群益9A購01   ,0,0,0,0,0,0,0,0,0,10000,0,0,0,11000,1000,10000,10000
061494,聯發科國票9A購04,0,0,0,0,0,0,0,0,0,10000,0,0,0,12000,2000,10000,10000
061657,智原國票9A購01  ,0,0,0,0,0,0,0,0,0,10000,0,0,0,10000,0,10000,10000
061587,美律富邦9A購02  ,0,0,0,0,0,0,0,0,0,10000,0,0,0,10000,0,10000,10000
054396,日電貿永豐96購02,0,0,0,0,0,0,0,0,0,10000,0,0,0,10000,0,10000,10000
055861,矽力元大97購03  ,0,0,0,0,0,0,0,0,0,10000,0,0,0,10000,0,10000,10000
055875,光罩元富97購02  ,0,0,0,0,0,0,0,0,0,10000,0,0,0,19000,9000,10000,10000
05587P,鴻海凱基96售12  ,0,0,0,0,0,0,0,0,0,10000,0,0,0,20000,10000,10000,10000
055901,超眾中信97購01  ,0,0,0,0,0,0,0,0,0,10000,0,0,0,10000,0,10000,10000
054129,技嘉元大96購02  ,0,0,0,0,0,0,0,0,0,10000,0,0,0,10000,0,10000,10000
054148,矽創元大96購03  ,0,0,0,0,0,0,0,0,0,10000,0,0,0,99000,89000,10000,10000
055724,祥碩元大97購03  ,0,0,0,0,0,0,0,0,0,10000,0,0,0,10000,0,10000,10000
055637,亞德客元富97購01,0,0,0,0,0,0,0,0,0,10000,0,0,0,10000,0,10000,10000
05564P,玉晶光元大97售02,0,0,0,0,0,0,0,0,0,10000,0,0,0,10000,0,10000,10000
054716,緯穎康和97購01  ,0,0,0,0,0,0,0,0,0,10000,0,0,0,10000,0,10000,10000
054684,裕隆永豐97購01  ,0,0,0,0,0,0,0,0,0,10000,0,0,0,10000,0,10000,10000
054700,致新永豐97購01  ,0,0,0,0,0,0,0,0,0,10000,0,0,0,60000,50000,10000,10000
058333,鴻海元富99購04  ,0,0,0,0,0,0,0,0,0,10000,0,0,0,10000,0,10000,10000
058338,康友元富99購01  ,0,0,0,0,0,0,0,0,0,10000,0,0,0,40000,30000,10000,10000
058324,嘉聯益永豐9A購01,0,0,0,0,0,0,0,0,0,10000,0,0,0,10000,0,10000,10000
058319,大毅永豐9A購01  ,0,0,0,0,0,0,0,0,0,10000,0,0,0,10000,0,10000,10000
058513,宏達電元大99購05,0,0,0,0,0,0,0,0,0,10000,0,0,0,10000,0,10000,10000
058537,彩晶統一9B購01  ,0,0,0,0,0,0,0,0,0,10000,0,0,0,10000,0,10000,10000
058533,玉晶光元富99購01,0,0,0,0,0,0,0,0,0,10000,0,0,0,10000,0,10000,10000
058597,瑞昱台新99購01  ,0,0,0,0,0,0,0,0,0,10000,0,0,0,10000,0,10000,10000
058614,台郡元大9A購01  ,0,0,0,0,0,0,0,0,0,10000,0,0,0,10000,0,10000,10000
058592,聯發科統一9C購01,0,0,0,0,0,0,0,0,0,10000,0,0,0,10000,0,10000,10000
055568,緯穎凱基97購02  ,0,0,0,0,0,0,0,0,0,10000,0,0,0,27000,17000,10000,10000
056033,T50正2凱基99購02,0,0,0,0,0,0,0,0,0,10000,0,0,0,10000,0,10000,10000
05605P,嘉聯益元大97售02,0,0,0,0,0,0,0,0,0,10000,0,0,0,10000,0,10000,10000
056197,友訊永豐97購01  ,0,0,0,0,0,0,0,0,0,10000,0,0,0,30000,20000,10000,10000
056379,玉晶光元富98購01,0,0,0,0,0,0,0,0,0,10000,0,0,0,10000,0,10000,10000
054016,嘉晶永豐96購04  ,0,0,0,0,0,0,0,0,0,10000,0,0,0,10000,0,10000,10000
054078,鴻海中信98購01  ,0,0,0,0,0,0,0,0,0,10000,0,0,0,10000,0,10000,10000
054093,智原群益97購01  ,0,0,0,0,0,0,0,0,0,10000,0,0,0,10000,0,10000,10000
055841,南亞科元大97購04,0,0,0,0,0,0,0,0,0,10000,0,0,0,10000,0,10000,10000
056252,聯發科兆豐97購03,0,0,0,0,0,0,0,0,0,10000,0,0,0,10000,0,10000,10000
056374,聯發科統一9B購01,0,0,0,0,0,0,0,0,0,10000,0,0,0,10000,0,10000,10000
055119,力成凱基98購01  ,0,0,0,0,0,0,0,0,0,10000,0,0,0,10000,0,10000,10000
055110,美律凱基98購02  ,0,0,0,0,0,0,0,0,0,10000,0,0,0,10000,0,10000,10000
054551,聯發科凱基98購02,0,0,0,0,0,0,0,0,0,10000,0,0,0,10000,0,10000,10000
054565,玉晶光群益99購02,0,0,0,0,0,0,0,0,0,10000,0,0,0,10000,0,10000,10000
055519,茂林中信99購01  ,0,0,0,0,0,0,0,0,0,10000,0,0,0,20000,10000,10000,10000
054569,GIS群益98購01   ,0,0,0,0,0,0,0,0,0,10000,0,0,0,50000,40000,10000,10000
055402,正文元富97購02  ,0,0,0,0,0,0,0,0,0,10000,0,0,0,10000,0,10000,10000
05535P,台積電元大97售06,0,0,0,0,0,0,0,0,0,10000,0,0,0,10000,0,10000,10000
055424,聚陽群益98購01  ,0,0,0,0,0,0,0,0,0,10000,0,0,0,10000,0,10000,10000
055415,禾伸堂富邦9B購01,0,0,0,0,0,0,0,0,0,10000,0,0,0,10000,0,10000,10000
054936,鴻海元大97購10  ,0,0,0,0,0,0,0,0,0,10000,0,0,0,10000,0,10000,10000
052220,T50反1凱基98購01,0,0,0,0,0,0,0,0,0,10000,0,0,0,10000,0,10000,10000
052293,泰碩國票95購03  ,0,0,0,0,0,0,0,0,0,10000,0,0,0,10000,0,10000,10000
052874,超眾凱基96購01  ,0,0,0,0,0,0,0,0,0,10000,0,0,0,10000,0,10000,10000
052417,聯發科兆豐9B購01,0,0,0,0,0,0,0,0,0,10000,0,0,0,10000,0,10000,10000
052312,美律富邦96購02  ,0,0,0,0,0,0,0,0,0,10000,0,0,0,10000,0,10000,10000
05201P,玉晶光國泰97售02,0,0,0,0,0,0,0,0,0,10000,0,0,0,10000,0,10000,10000
051902,T50反1元大97購01,0,0,0,0,0,0,0,0,0,10000,0,0,0,30000,20000,10000,10000
053759,晶相光國泰98購01,0,0,0,0,0,0,0,0,0,10000,0,0,0,10000,0,10000,10000
053391,嘉聯益元大99購01,0,0,0,0,0,0,0,0,0,10000,0,0,0,10000,0,10000,10000
053400,緯穎中信9A購01  ,0,0,0,0,0,0,0,0,0,10000,0,0,0,23000,13000,10000,10000
052443,台積電元大95購23,0,0,0,0,0,0,0,0,0,10000,0,0,0,10000,0,10000,10000
052454,力成元大95購02  ,0,0,0,0,0,0,0,0,0,10000,0,0,0,10000,0,10000,10000
053356,聯發科統一96購07,0,0,0,0,0,0,0,0,0,10000,0,0,0,10000,0,10000,10000
053363,旺宏國泰98購02  ,0,0,0,0,0,0,0,0,0,10000,0,0,0,10000,0,10000,10000
053307,泰碩凱基97購01  ,0,0,0,0,0,0,0,0,0,10000,0,0,0,10000,0,10000,10000
053216,京鼎凱基96購02  ,0,0,0,0,0,0,0,0,0,10000,0,0,0,10000,0,10000,10000
053209,台積電凱基96購07,0,0,0,0,0,0,0,0,0,10000,0,0,0,10000,0,10000,10000
053194,緯穎統一99購01  ,0,0,0,0,0,0,0,0,0,10000,0,0,0,10000,0,10000,10000
053285,臺股指元大96購08,0,0,0,0,0,0,0,0,0,10000,0,0,0,10000,0,10000,10000
053000,臺股指康和96購02,0,0,0,0,0,0,0,0,0,10000,0,0,0,10000,0,10000,10000
052956,聯發科日盛96購01,0,0,0,0,0,0,0,0,0,10000,0,0,0,10000,0,10000,10000
052984,漢唐元大96購01  ,0,0,0,0,0,0,0,0,0,10000,0,0,0,10000,0,10000,10000
053045,國巨中信97購01  ,0,0,0,0,0,0,0,0,0,10000,0,0,0,10000,0,10000,10000
053170,茂林群益96購04  ,0,0,0,0,0,0,0,0,0,10000,0,0,0,10000,0,10000,10000
055289,泰碩元大98購01  ,0,0,0,0,0,0,0,0,0,10000,0,0,0,10000,0,10000,10000
055333,晶豪科兆豐97購01,0,0,0,0,0,0,0,0,0,10000,0,0,0,23000,13000,10000,10000
055154,聯發科元大98購01,0,0,0,0,0,0,0,0,0,10000,0,0,0,10000,0,10000,10000
055146,華通元大98購04  ,0,0,0,0,0,0,0,0,0,10000,0,0,0,10000,0,10000,10000
055245,凱美統一99購01  ,0,0,0,0,0,0,0,0,0,10000,0,0,0,10000,0,10000,10000
052785,滬深2X中信99購03,0,0,0,0,0,0,0,0,0,10000,0,0,0,10000,0,10000,10000
052741,聯發科元大96購08,0,0,0,0,0,0,0,0,0,10000,0,0,0,10000,0,10000,10000
052606,聯發科元大97購04,0,0,0,0,0,0,0,0,0,10000,0,0,0,10000,0,10000,10000
053539,智易永豐96購01  ,0,0,0,0,0,0,0,0,0,10000,0,0,0,10000,0,10000,10000
051533,健鼎國票96購02  ,0,0,0,0,0,0,0,0,0,10000,0,0,0,10000,0,10000,10000
05145P,道瓊反元大98售01,0,0,0,0,0,0,0,0,0,10000,0,0,0,10000,0,10000,10000
051281,健策兆豐96購01  ,0,0,0,0,0,0,0,0,0,10000,0,0,0,10000,0,10000,10000
048747,華通元富97購01  ,0,0,0,0,0,0,0,0,0,10000,0,0,0,10000,0,10000,10000
048571,美利達元大96購03,0,0,0,0,0,0,0,0,0,10000,0,0,0,10000,0,10000,10000
04896P,上証2X中信95售01,0,0,0,0,0,0,0,0,0,10000,0,0,0,10000,0,10000,10000
053424,欣興永豐96購02  ,0,0,0,0,0,0,0,0,0,10000,0,0,0,10000,0,10000,10000
047937,元金2X國票97購02,0,0,0,0,0,0,0,0,0,10000,0,0,0,10000,0,10000,10000
051065,台積電國票96購01,0,0,0,0,0,0,0,0,0,10000,0,0,0,10000,0,10000,10000
03603P,群創凱基98售04  ,0,0,0,0,0,0,0,0,0,10000,0,0,0,10000,0,10000,10000
03604P,群創凱基98售05  ,0,0,0,0,0,0,0,0,0,10000,0,0,0,10000,0,10000,10000
050451,嘉晶元大95購01  ,0,0,0,0,0,0,0,0,0,10000,0,0,0,10000,0,10000,10000
050124,元金2X凱基95購01,0,0,0,0,0,0,0,0,0,10000,0,0,0,10000,0,10000,10000
050031,嘉澤元大95購01  ,0,0,0,0,0,0,0,0,0,10000,0,0,0,10000,0,10000,10000
050686,欣興兆豐96購01  ,0,0,0,0,0,0,0,0,0,10000,0,0,0,10000,0,10000,10000
050647,聯發科凱基96購01,0,0,0,0,0,0,0,0,0,10000,0,0,0,10000,0,10000,10000
0054,元大台商50      ,0,0,0,0,0,0,0,0,0,10000,0,0,0,27000,17000,10000,10000
01002T,土銀國泰R1      ,10000,0,10000,0,0,0,0,0,0,0,0,0,0,0,0,0,10000
059785,美律元大9A購03  ,0,0,0,0,0,0,0,0,0,10000,0,0,0,28000,18000,10000,10000
059998,華航元富99購02  ,0,0,0,0,0,0,0,0,0,10000,0,0,0,10000,0,10000,10000
060343,台積電統一9C購02,0,0,0,0,0,0,0,0,0,10000,0,0,0,10000,0,10000,10000
060470,台勝科元大9A購03,0,0,0,0,0,0,0,0,0,10000,0,0,0,60000,50000,10000,10000
060445,S&P反1元大9A購04,0,0,0,0,0,0,0,0,0,10000,0,0,0,10000,0,10000,10000
060187,華新科元富9A購02,0,0,0,0,0,0,0,0,0,10000,0,0,0,60000,50000,10000,10000
060151,旺宏富邦9A購02  ,0,0,0,0,0,0,0,0,0,10000,0,0,0,20000,10000,10000,10000
059747,台達電台新99購01,0,0,0,0,0,0,0,0,0,10000,0,0,0,10000,0,10000,10000
059597,大立光元大99購21,0,0,0,0,0,0,0,0,0,10000,0,0,0,10000,0,10000,10000
057819,新日興元大99購01,0,0,0,0,0,0,0,0,0,10000,0,0,0,11000,1000,10000,10000
058075,貿聯凱基99購02  ,0,0,0,0,0,0,0,0,0,10000,0,0,0,10000,0,10000,10000
056819,奇力新永豐98購01,0,0,0,0,0,0,0,0,0,10000,0,0,0,10000,0,10000,10000
056898,全新元大98購02  ,0,0,0,0,0,0,0,0,0,10000,0,0,0,10000,0,10000,10000
057649,嘉聯益元大99購04,0,0,0,0,0,0,0,0,0,10000,0,0,0,78000,68000,10000,10000
056732,國巨凱基98購07  ,0,0,0,0,0,0,0,0,0,10000,0,0,0,10000,0,10000,10000
056709,華通永豐98購01  ,0,0,0,0,0,0,0,0,0,10000,0,0,0,10000,0,10000,10000
057786,聯發科國票98購05,0,0,0,0,0,0,0,0,0,10000,0,0,0,10000,0,10000,10000
058700,鴻海元大99購15  ,0,0,0,0,0,0,0,0,0,10000,0,0,0,10000,0,10000,10000
058701,鴻海元大99購16  ,0,0,0,0,0,0,0,0,0,10000,0,0,0,10000,0,10000,10000
058736,鈺齊永豐99購02  ,0,0,0,0,0,0,0,0,0,10000,0,0,0,10000,0,10000,10000
058036,南電永豐98購01  ,0,0,0,0,0,0,0,0,0,10000,0,0,0,10000,0,10000,10000
058413,義隆兆豐99購01  ,0,0,0,0,0,0,0,0,0,10000,0,0,0,10000,0,10000,10000
057428,正崴兆豐98購01  ,0,0,0,0,0,0,0,0,0,10000,0,0,0,25000,15000,10000,10000
059347,京鼎凱基99購02  ,0,0,0,0,0,0,0,0,0,10000,0,0,0,20000,10000,10000,10000
059349,台郡凱基99購04  ,0,0,0,0,0,0,0,0,0,10000,0,0,0,10000,0,10000,10000
059358,旺宏永豐99購02  ,0,0,0,0,0,0,0,0,0,10000,0,0,0,10000,0,10000,10000
059501,可成元富99購01  ,0,0,0,0,0,0,0,0,0,10000,0,0,0,10000,0,10000,10000
059443,嘉聯益元大9B購01,0,0,0,0,0,0,0,0,0,10000,0,0,0,10000,0,10000,10000
059452,全新永豐99購03  ,0,0,0,0,0,0,0,0,0,10000,0,0,0,10000,0,10000,10000
059382,台灣50凱基99購02,0,0,0,0,0,0,0,0,0,10000,0,0,0,17000,7000,10000,10000
059371,聯鈞元富99購02  ,0,0,0,0,0,0,0,0,0,10000,0,0,0,10000,0,10000,10000
058765,緯穎群益99購03  ,0,0,0,0,0,0,0,0,0,10000,0,0,0,24000,14000,10000,10000
059237,鴻海凱基9A購10  ,0,0,0,0,0,0,0,0,0,10000,0,0,0,10000,0,10000,10000
059199,欣興永豐99購02  ,0,0,0,0,0,0,0,0,0,10000,0,0,0,10000,0,10000,10000
057355,彩晶統一98購03  ,0,0,0,0,0,0,0,0,0,10000,0,0,0,15000,5000,10000,10000
058287,國巨國票9A購02  ,0,0,0,0,0,0,0,0,0,10000,0,0,0,10000,0,10000,10000
057896,嘉晶元富98購01  ,0,0,0,0,0,0,0,0,0,10000,0,0,0,10000,0,10000,10000
057294,台灣50永豐99購01,0,0,0,0,0,0,0,0,0,10000,0,0,0,10000,0,10000,10000
057278,可成元大98購06  ,0,0,0,0,0,0,0,0,0,10000,0,0,0,31000,21000,10000,10000
057175,美律元大98購03  ,0,0,0,0,0,0,0,0,0,10000,0,0,0,10000,0,10000,10000
056918,台積電兆豐98購01,0,0,0,0,0,0,0,0,0,10000,0,0,0,10000,0,10000,10000
057573,京鼎永豐98購02  ,0,0,0,0,0,0,0,0,0,10000,0,0,0,10000,0,10000,10000
057545,國巨凱基99購05  ,0,0,0,0,0,0,0,0,0,10000,0,0,0,10000,0,10000,10000
057537,聯茂元大98購04  ,0,0,0,0,0,0,0,0,0,10000,0,0,0,10000,0,10000,10000
057152,緯穎國票99購03  ,0,0,0,0,0,0,0,0,0,10000,0,0,0,28000,18000,10000,10000
057140,宏達電兆豐98購01,0,0,0,0,0,0,0,0,0,10000,0,0,0,10000,0,10000,10000
057073,康控永豐98購01  ,0,0,0,0,0,0,0,0,0,10000,0,0,0,10000,0,10000,10000
059303,國巨兆豐99購04  ,0,0,0,0,0,0,0,0,0,10000,0,0,0,10000,0,10000,10000
059304,華新科兆豐99購06,0,0,0,0,0,0,0,0,0,10000,0,0,0,10000,0,10000,10000
05917P,宏達電元大96售02,0,0,0,0,0,0,0,0,0,10000,0,0,0,10000,0,10000,10000
059178,臺股指凱基99購30,0,0,0,0,0,0,0,0,0,10000,0,0,0,10000,0,10000,10000
059268,鎧勝中信01購01  ,0,0,0,0,0,0,0,0,0,10000,0,0,0,10000,0,10000,10000
059286,S&P正2元富01購03,0,0,0,0,0,0,0,0,0,10000,0,0,0,13000,3000,10000,10000
056609,楠梓電永豐98購02,0,0,0,0,0,0,0,0,0,10000,0,0,0,10000,0,10000,10000
058996,台達電元大99購02,0,0,0,0,0,0,0,0,0,10000,0,0,0,10000,0,10000,10000
058963,華新科兆豐99購05,0,0,0,0,0,0,0,0,0,10000,0,0,0,10000,0,10000,10000
058993,滬深反元大9C購01,0,0,0,0,0,0,0,0,0,10000,0,0,0,10000,0,10000,10000
058994,道瓊指元大99購01,0,0,0,0,0,0,0,0,0,10000,0,0,0,10000,0,10000,10000
5388,中磊            ,329000,325000,4000,0,0,0,0,0,0,6000,14000,0,14000,3000,11000,-8000,10000
4545,銘鈺            ,9000,5000,4000,0,0,0,0,0,0,6000,6000,0,6000,0,0,0,10000
4912,聯德控股-KY     ,11000,1000,10000,0,0,0,0,0,0,0,0,0,0,0,0,0,10000
1529,樂士            ,10000,0,10000,0,0,0,0,0,0,0,0,0,0,0,0,0,10000
1626,艾美特-KY       ,9000,5000,4000,0,0,0,0,0,0,6000,6000,0,6000,0,0,0,10000
2887E,台新戊特        ,0,0,0,0,0,0,0,0,0,10000,10000,0,10000,0,0,0,10000
3058,立德            ,10000,1000,9000,0,0,0,0,0,0,1000,1000,0,1000,0,0,0,10000
2468,華經            ,11000,1000,10000,0,0,0,0,0,0,0,0,0,0,0,0,0,10000
07742P,台積電凱基9A售25,0,0,0,0,0,0,0,0,0,10000,0,0,0,10000,0,10000,10000
07745P,華新科凱基9A售10,0,0,0,0,0,0,0,0,0,10000,0,0,0,20000,10000,10000,10000
07623P,大立光統一9B售05,0,0,0,0,0,0,0,0,0,10000,0,0,0,25000,15000,10000,10000
07684P,大立光凱基9A售11,0,0,0,0,0,0,0,0,0,10000,0,0,0,10000,0,10000,10000
07895P,美律元大9B售01  ,0,0,0,0,0,0,0,0,0,10000,0,0,0,100000,90000,10000,10000
07947P,國巨統一9B售12  ,0,0,0,0,0,0,0,0,0,10000,0,0,0,10000,0,10000,10000
07158P,FBVIX國泰9C售01 ,0,0,0,0,0,0,0,0,0,10000,0,0,0,10000,0,10000,10000
07172P,臺股指國票99售09,0,0,0,0,0,0,0,0,0,10000,0,0,0,178000,168000,10000,10000
07338P,滬深2X凱基99售02,0,0,0,0,0,0,0,0,0,10000,0,0,0,10000,0,10000,10000
07508P,華新科國票9A售03,0,0,0,0,0,0,0,0,0,10000,0,0,0,26000,16000,10000,10000
07544P,大立光凱基9A售09,0,0,0,0,0,0,0,0,0,10000,0,0,0,30000,20000,10000,10000
07524P,臺股指中信9B售06,0,0,0,0,0,0,0,0,0,10000,0,0,0,10000,0,10000,10000
07592P,台灣50元大9A售17,0,0,0,0,0,0,0,0,0,10000,0,0,0,10000,0,10000,10000
07578P,高鐵元大9A售02  ,0,0,0,0,0,0,0,0,0,10000,0,0,0,10000,0,10000,10000
07573P,國巨元大9A售11  ,0,0,0,0,0,0,0,0,0,10000,0,0,0,10000,0,10000,10000
06179P,國巨群益97售04  ,0,0,0,0,0,0,0,0,0,9000,0,0,0,9000,0,9000,9000
061785,奇力新群益9B購01,0,0,0,0,0,0,0,0,0,9000,0,0,0,9000,0,9000,9000
061419,國巨元大9A購21  ,0,0,0,0,0,0,0,0,0,9000,0,0,0,10000,1000,9000,9000
061176,聯發科凱基9A購14,0,0,0,0,0,0,0,0,0,9000,0,0,0,12000,3000,9000,9000
061239,聯發科兆豐9A購01,0,0,0,0,0,0,0,0,0,9000,0,0,0,9000,0,9000,9000
061249,億豐群益9A購01  ,0,0,0,0,0,0,0,0,0,9000,0,0,0,75000,66000,9000,9000
060560,欣興國泰9C購01  ,0,0,0,0,0,0,0,0,0,9000,0,0,0,12000,3000,9000,9000
060650,奇力新中信9A購01,0,0,0,0,0,0,0,0,0,9000,0,0,0,9000,0,9000,9000
062373,泰鼎元大9B購01  ,0,0,0,0,0,0,0,0,0,9000,0,0,0,22000,13000,9000,9000
062485,華通國泰01購01  ,0,0,0,0,0,0,0,0,0,9000,0,0,0,29000,20000,9000,9000
06855P,聯發科富邦9A售01,0,0,0,0,0,0,0,0,0,9000,0,0,0,10000,1000,9000,9000
06690P,玉晶光群益9A售05,0,0,0,0,0,0,0,0,0,9000,0,0,0,9000,0,9000,9000
06307P,聚陽元富97售02  ,0,0,0,0,0,0,0,0,0,9000,0,0,0,9000,0,9000,9000
053557,聯茂凱基96購04  ,0,0,0,0,0,0,0,0,0,9000,0,0,0,49000,40000,9000,9000
052685,技嘉元大96購01  ,0,0,0,0,0,0,0,0,0,9000,0,0,0,9000,0,9000,9000
055308,聯發科群益97購04,0,0,0,0,0,0,0,0,0,9000,0,0,0,10000,1000,9000,9000
053094,聯電統一97購02  ,0,0,0,0,0,0,0,0,0,9000,0,0,0,9000,0,9000,9000
054923,晶技凱基98購01  ,0,0,0,0,0,0,0,0,0,9000,0,0,0,25000,16000,9000,9000
054804,南亞元大9A購01  ,0,0,0,0,0,0,0,0,0,9000,0,0,0,9000,0,9000,9000
054961,玉晶光元大99購01,0,0,0,0,0,0,0,0,0,9000,0,0,0,9000,0,9000,9000
054951,大毅元大97購01  ,0,0,0,0,0,0,0,0,0,9000,0,0,0,9000,0,9000,9000
056332,台郡國票99購01  ,0,0,0,0,0,0,0,0,0,9000,0,0,0,9000,0,9000,9000
058564,元金2X凱基9C購01,0,0,0,0,0,0,0,0,0,9000,0,0,0,9000,0,9000,9000
058508,聯發科元大99購11,0,0,0,0,0,0,0,0,0,9000,0,0,0,30000,21000,9000,9000
055645,技嘉元富97購01  ,0,0,0,0,0,0,0,0,0,9000,0,0,0,15000,6000,9000,9000
054204,元金2X國票9B購02,0,0,0,0,0,0,0,0,0,9000,0,0,0,9000,0,9000,9000
056642,旺宏凱基98購07  ,0,0,0,0,0,0,0,0,0,9000,0,0,0,20000,11000,9000,9000
057097,致新元富98購01  ,0,0,0,0,0,0,0,0,0,9000,0,0,0,54000,45000,9000,9000
057061,華擎國泰9A購01  ,0,0,0,0,0,0,0,0,0,9000,0,0,0,41000,32000,9000,9000
05723P,華通永豐96售03  ,0,0,0,0,0,0,0,0,0,9000,0,0,0,49000,40000,9000,9000
057422,欣興凱基98購04  ,0,0,0,0,0,0,0,0,0,9000,0,0,0,9000,0,9000,9000
059429,台積電元大99購35,0,0,0,0,0,0,0,0,0,9000,0,0,0,10000,1000,9000,9000
058920,SGBR2X元富99購06,0,0,0,0,0,0,0,0,0,9000,0,0,0,10000,1000,9000,9000
058759,義隆群益99購01  ,0,0,0,0,0,0,0,0,0,9000,0,0,0,16000,7000,9000,9000
056737,國巨凱基9A購01  ,0,0,0,0,0,0,0,0,0,9000,0,0,0,9000,0,9000,9000
060383,葡萄王凱基9A購01,0,0,0,0,0,0,0,0,0,9000,0,0,0,9000,0,9000,9000
059966,台積電凱基99購19,0,0,0,0,0,0,0,0,0,9000,0,0,0,9000,0,9000,9000
059981,聯發科元大99購36,0,0,0,0,0,0,0,0,0,9000,0,0,0,65000,56000,9000,9000
060087,鴻海元大99購43  ,0,0,0,0,0,0,0,0,0,9000,0,0,0,9000,0,9000,9000
059898,T50反1元大99購15,0,0,0,0,0,0,0,0,0,9000,0,0,0,9000,0,9000,9000
059909,鴻海元大99購36  ,0,0,0,0,0,0,0,0,0,9000,0,0,0,10000,1000,9000,9000
07853P,國巨凱基9A售19  ,0,0,0,0,0,0,0,0,0,9000,0,0,0,10000,1000,9000,9000
1721,三晃            ,12000,4000,8000,0,0,0,0,0,0,1000,1000,0,1000,0,0,0,9000
2028,威致            ,9000,0,9000,0,0,0,0,0,0,0,0,0,0,0,0,0,9000
1256,鮮活果汁-KY     ,9000,0,9000,0,0,0,0,0,0,0,0,0,0,0,0,0,9000
4576,大銀微系統      ,15000,6000,9000,0,0,0,0,0,0,0,0,0,0,0,0,0,9000
3583,辛耘            ,23000,12000,11000,0,0,0,0,0,0,-2000,0,2000,-2000,0,0,0,9000
3501,維熹            ,25000,15000,10000,0,0,0,0,0,0,-1000,0,1000,-1000,0,0,0,9000
6243,迅杰            ,2000,0,2000,0,0,0,0,0,0,7000,7000,0,7000,0,0,0,9000
06463P,大立光富邦9A售01,0,0,0,0,0,0,0,0,0,8000,0,0,0,8000,0,8000,8000
06644P,亞德客元大98售03,0,0,0,0,0,0,0,0,0,8000,0,0,0,8000,0,8000,8000
06926P,可成群益9A售04  ,0,0,0,0,0,0,0,0,0,8000,0,0,0,44000,36000,8000,8000
06938P,南電元大98售03  ,0,0,0,0,0,0,0,0,0,8000,0,0,0,8000,0,8000,8000
07016P,聯發科元大99售10,0,0,0,0,0,0,0,0,0,8000,0,0,0,8000,0,8000,8000
062370,華擎元大9B購01  ,0,0,0,0,0,0,0,0,0,8000,0,0,0,30000,22000,8000,8000
062454,華通群益9C購03  ,0,0,0,0,0,0,0,0,0,8000,0,0,0,8000,0,8000,8000
062328,南亞科統一9C購01,0,0,0,0,0,0,0,0,0,8000,0,0,0,20000,12000,8000,8000
061942,亞德客群益9B購01,0,0,0,0,0,0,0,0,0,8000,0,0,0,12000,4000,8000,8000
061089,台積電統一9C購04,0,0,0,0,0,0,0,0,0,8000,0,0,0,10000,2000,8000,8000
060859,鴻海永豐9A購01  ,0,0,0,0,0,0,0,0,0,8000,0,0,0,8000,0,8000,8000
060947,台積電統一9C購03,0,0,0,0,0,0,0,0,0,8000,0,0,0,20000,12000,8000,8000
061339,京元電元大9A購05,0,0,0,0,0,0,0,0,0,8000,0,0,0,8000,0,8000,8000
061806,元黃金統一9B購01,0,0,0,0,0,0,0,0,0,8000,0,0,0,8000,0,8000,8000
061722,健策永豐9B購03  ,0,0,0,0,0,0,0,0,0,8000,0,0,0,93000,85000,8000,8000
061594,玉晶光永豐9A購08,0,0,0,0,0,0,0,0,0,8000,0,0,0,8000,0,8000,8000
06152P,玉晶光元大98售06,0,0,0,0,0,0,0,0,0,8000,0,0,0,8000,0,8000,8000
055668,欣興群益97購01  ,0,0,0,0,0,0,0,0,0,8000,0,0,0,8000,0,8000,8000
055788,緯穎凱基97購04  ,0,0,0,0,0,0,0,0,0,8000,0,0,0,15000,7000,8000,8000
055985,聯鈞元富97購01  ,0,0,0,0,0,0,0,0,0,8000,0,0,0,8000,0,8000,8000
055228,聯發科國票98購03,0,0,0,0,0,0,0,0,0,8000,0,0,0,8000,0,8000,8000
046937,聯電元大99購01  ,0,0,0,0,0,0,0,0,0,8000,0,0,0,15000,7000,8000,8000
04544P,欣興富邦96售02  ,0,0,0,0,0,0,0,0,0,8000,0,0,0,10000,2000,8000,8000
053460,緯穎國泰97購01  ,0,0,0,0,0,0,0,0,0,8000,0,0,0,8000,0,8000,8000
048859,玉晶光群益96購02,0,0,0,0,0,0,0,0,0,8000,0,0,0,8000,0,8000,8000
006206,元大上證50      ,415000,3000,412000,0,0,0,0,0,0,-404000,0,0,0,506000,910000,-404000,8000
03686P,大立光統一98售02,0,0,0,0,0,0,0,0,0,8000,0,0,0,8000,0,8000,8000
059788,華新科元大9A購05,0,0,0,0,0,0,0,0,0,8000,0,0,0,9000,1000,8000,8000
060393,泰鼎群益9A購01  ,0,0,0,0,0,0,0,0,0,8000,0,0,0,20000,12000,8000,8000
060430,和潤永豐9A購01  ,0,0,0,0,0,0,0,0,0,8000,0,0,0,97000,89000,8000,8000
056680,華通統一98購04  ,0,0,0,0,0,0,0,0,0,8000,0,0,0,12000,4000,8000,8000
057699,可成群益9A購02  ,0,0,0,0,0,0,0,0,0,8000,0,0,0,23000,15000,8000,8000
057864,奇力新凱基99購03,0,0,0,0,0,0,0,0,0,8000,0,0,0,8000,0,8000,8000
059573,健策凱基9A購02  ,0,0,0,0,0,0,0,0,0,8000,0,0,0,15000,7000,8000,8000
059430,台積電元大99購36,0,0,0,0,0,0,0,0,0,8000,0,0,0,8000,0,8000,8000
058380,臺股指凱基99購15,0,0,0,0,0,0,0,0,0,8000,0,0,0,8000,0,8000,8000
057959,欣興元大98購14  ,0,0,0,0,0,0,0,0,0,8000,0,0,0,16000,8000,8000,8000
058808,大成鋼統一9B購01,0,0,0,0,0,0,0,0,0,8000,0,0,0,18000,10000,8000,8000
057563,旭富國泰9A購01  ,0,0,0,0,0,0,0,0,0,8000,0,0,0,9000,1000,8000,8000
056610,鴻海永豐98購01  ,0,0,0,0,0,0,0,0,0,8000,0,0,0,18000,10000,8000,8000
059173,矽力凱基99購01  ,0,0,0,0,0,0,0,0,0,8000,0,0,0,8000,0,8000,8000
059315,鴻海元大99購30  ,0,0,0,0,0,0,0,0,0,8000,0,0,0,68000,60000,8000,8000
05911P,南亞科永豐96售03,0,0,0,0,0,0,0,0,0,8000,0,0,0,16000,8000,8000,8000
6288,聯嘉            ,189000,181000,8000,0,0,0,0,0,0,0,0,0,0,0,0,0,8000
8103,瀚荃            ,8000,3000,5000,0,0,0,0,0,0,3000,3000,0,3000,0,0,0,8000
1472,三洋紡          ,35000,27000,8000,0,0,0,0,0,0,0,0,0,0,0,0,0,8000
1416,廣豐            ,8000,0,8000,0,0,0,0,0,0,0,0,0,0,0,0,0,8000
1447,力鵬            ,52000,44000,8000,0,0,0,0,0,0,0,0,0,0,0,0,0,8000
2227,裕日車          ,29000,17000,12000,0,0,0,0,0,0,-4000,0,4000,-4000,0,0,0,8000
2524,京城            ,44000,39000,5000,0,0,0,0,0,0,3000,3000,0,3000,0,0,0,8000
3043,科風            ,8000,0,8000,0,0,0,0,0,0,0,0,0,0,0,0,0,8000
07633P,台灣50元大9A售18,0,0,0,0,0,0,0,0,0,8000,0,0,0,8000,0,8000,8000
07761P,智邦永豐9A售03  ,0,0,0,0,0,0,0,0,0,8000,0,0,0,16000,8000,8000,8000
07523P,台積電中信9C售05,0,0,0,0,0,0,0,0,0,8000,0,0,0,8000,0,8000,8000
07517P,台積電元大9A售17,0,0,0,0,0,0,0,0,0,8000,0,0,0,20000,12000,8000,8000
07452P,國巨元大9A售05  ,0,0,0,0,0,0,0,0,0,8000,0,0,0,11000,3000,8000,8000
07410P,鴻海元大99售44  ,0,0,0,0,0,0,0,0,0,8000,0,0,0,58000,50000,8000,8000
07288P,台灣50凱基99售06,0,0,0,0,0,0,0,0,0,8000,0,0,0,8000,0,8000,8000
060910,聯發科元大9A購05,0,0,0,0,0,0,0,0,0,7000,0,0,0,36000,29000,7000,7000
060991,京鼎元大9A購01  ,0,0,0,0,0,0,0,0,0,7000,0,0,0,125000,118000,7000,7000
062059,聯發科統一9C購06,0,0,0,0,0,0,0,0,0,7000,0,0,0,10000,3000,7000,7000
06207P,聯發科凱基97售07,0,0,0,0,0,0,0,0,0,7000,0,0,0,7000,0,7000,7000
06236P,台積電元大97售25,0,0,0,0,0,0,0,0,0,7000,0,0,0,7000,0,7000,7000
06904P,TPK凱基98售03   ,0,0,0,0,0,0,0,0,0,7000,0,0,0,10000,3000,7000,7000
06883P,聯茂群益98售03  ,0,0,0,0,0,0,0,0,0,7000,0,0,0,15000,8000,7000,7000
06453P,群創元大9B售02  ,0,0,0,0,0,0,0,0,0,7000,0,0,0,13000,6000,7000,7000
03039X,元展36          ,0,0,0,0,0,0,0,0,0,7000,0,0,0,10000,3000,7000,7000
048847,A50群益98購01   ,0,0,0,0,0,0,0,0,0,7000,0,0,0,7000,0,7000,7000
053012,國巨統一96購03  ,0,0,0,0,0,0,0,0,0,7000,0,0,0,18000,11000,7000,7000
055562,欣興凱基97購06  ,0,0,0,0,0,0,0,0,0,7000,0,0,0,8000,1000,7000,7000
054577,世芯元大98購01  ,0,0,0,0,0,0,0,0,0,7000,0,0,0,7000,0,7000,7000
055923,矽力凱基98購01  ,0,0,0,0,0,0,0,0,0,7000,0,0,0,13000,6000,7000,7000
058578,聯發科群益99購03,0,0,0,0,0,0,0,0,0,7000,0,0,0,7000,0,7000,7000
05910P,力山永豐96售02  ,0,0,0,0,0,0,0,0,0,7000,0,0,0,27000,20000,7000,7000
059154,可成日盛99購02  ,0,0,0,0,0,0,0,0,0,7000,0,0,0,7000,0,7000,7000
056634,為升兆豐99購01  ,0,0,0,0,0,0,0,0,0,7000,0,0,0,19000,12000,7000,7000
059205,元石油元大99購01,0,0,0,0,0,0,0,0,0,7000,0,0,0,47000,40000,7000,7000
057377,康控元大99購02  ,0,0,0,0,0,0,0,0,0,7000,0,0,0,75000,68000,7000,7000
057940,和大國票99購01  ,0,0,0,0,0,0,0,0,0,7000,0,0,0,15000,8000,7000,7000
057437,可成國票99購01  ,0,0,0,0,0,0,0,0,0,7000,0,0,0,22000,15000,7000,7000
059564,鴻海凱基9A購15  ,0,0,0,0,0,0,0,0,0,7000,0,0,0,7000,0,7000,7000
057837,康控國泰99購02  ,0,0,0,0,0,0,0,0,0,7000,0,0,0,7000,0,7000,7000
05813P,臺股指國票96售06,0,0,0,0,0,0,0,0,0,7000,0,0,0,9000,2000,7000,7000
056862,聯發科群益98購03,0,0,0,0,0,0,0,0,0,7000,0,0,0,7000,0,7000,7000
057678,臺股指元大98購08,0,0,0,0,0,0,0,0,0,7000,0,0,0,7000,0,7000,7000
060150,華通富邦9B購01  ,0,0,0,0,0,0,0,0,0,7000,0,0,0,12000,5000,7000,7000
060231,台積電元大9A購08,0,0,0,0,0,0,0,0,0,7000,0,0,0,9000,2000,7000,7000
05998P,台積電元大97售12,0,0,0,0,0,0,0,0,0,7000,0,0,0,7000,0,7000,7000
07160P,台灣50中信03售04,0,0,0,0,0,0,0,0,0,7000,0,0,0,7000,0,7000,7000
07147P,高鐵元大99售01  ,0,0,0,0,0,0,0,0,0,7000,0,0,0,7000,0,7000,7000
07434P,臺股指國票9A售06,0,0,0,0,0,0,0,0,0,7000,0,0,0,7000,0,7000,7000
07641P,上銀凱基9A售05  ,0,0,0,0,0,0,0,0,0,7000,0,0,0,23000,16000,7000,7000
07969P,臺股指元大9B售27,0,0,0,0,0,0,0,0,0,7000,0,0,0,7000,0,7000,7000
2891B,中信金乙特      ,1000,0,1000,0,0,0,0,0,0,6000,6000,0,6000,0,0,0,7000
2642,宅配通          ,12000,5000,7000,0,0,0,0,0,0,0,0,0,0,0,0,0,7000
2548,華固            ,110000,188000,-78000,0,0,0,75000,0,75000,10000,12000,2000,10000,0,0,0,7000
2392,正崴            ,525000,526000,-1000,0,0,0,0,0,0,8000,9000,0,9000,0,1000,-1000,7000
2017,官田鋼          ,6000,0,6000,0,0,0,0,0,0,1000,1000,0,1000,0,0,0,7000
1459,聯發            ,7000,0,7000,0,0,0,0,0,0,0,0,0,0,0,0,0,7000
1533,車王電          ,8000,1000,7000,0,0,0,0,0,0,0,0,0,0,0,0,0,7000
6285,啟碁            ,550000,615000,-65000,0,0,0,50000,0,50000,22000,15000,2000,13000,28000,19000,9000,7000
6281,全國電          ,7000,0,7000,0,0,0,0,0,0,0,0,0,0,0,0,0,7000
3311,閎暉            ,33000,28000,5000,0,0,0,0,0,0,2000,2000,0,2000,0,0,0,7000
3645,達邁            ,88000,81000,7000,0,0,0,0,0,0,0,0,0,0,0,0,0,7000
4438,廣越            ,10000,3000,7000,0,0,0,0,0,0,0,0,0,0,0,0,0,7000
2395,研華            ,611600,581561,30039,0,0,0,0,0,0,-24000,2000,26000,-24000,0,0,0,6039
06438P,玉晶光國票99售02,0,0,0,0,0,0,0,0,0,6000,0,0,0,6000,0,6000,6000
06549P,大立光元大98售11,0,0,0,0,0,0,0,0,0,6000,0,0,0,33000,27000,6000,6000
06527P,T50正2富邦9C售01,0,0,0,0,0,0,0,0,0,6000,0,0,0,210000,204000,6000,6000
062557,台光電凱基9B購02,0,0,0,0,0,0,0,0,0,6000,0,0,0,19000,13000,6000,6000
062405,泰鼎永豐9B購02  ,0,0,0,0,0,0,0,0,0,6000,0,0,0,74000,68000,6000,6000
062498,華通群益9C購04  ,0,0,0,0,0,0,0,0,0,6000,0,0,0,6000,0,6000,6000
062318,台郡凱基9B購01  ,0,0,0,0,0,0,0,0,0,6000,0,0,0,6000,0,6000,6000
062313,聯詠凱基9C購01  ,0,0,0,0,0,0,0,0,0,6000,0,0,0,6000,0,6000,6000
062047,緯穎凱基9B購01  ,0,0,0,0,0,0,0,0,0,6000,0,0,0,21000,15000,6000,6000
061955,FANG+統一9B購01 ,0,0,0,0,0,0,0,0,0,6000,0,0,0,6000,0,6000,6000
060603,聯發科凱基9A購12,0,0,0,0,0,0,0,0,0,6000,0,0,0,6000,0,6000,6000
061541,旺宏群益9A購03  ,0,0,0,0,0,0,0,0,0,6000,0,0,0,15000,9000,6000,6000
061658,聯茂富邦9A購03  ,0,0,0,0,0,0,0,0,0,6000,0,0,0,28000,22000,6000,6000
061735,上銀凱基9B購01  ,0,0,0,0,0,0,0,0,0,6000,0,0,0,14000,8000,6000,6000
061292,玉晶光統一01購06,0,0,0,0,0,0,0,0,0,6000,0,0,0,6000,0,6000,6000
058193,緯穎永豐99購01  ,0,0,0,0,0,0,0,0,0,6000,0,0,0,24000,18000,6000,6000
058522,聯茂元大99購07  ,0,0,0,0,0,0,0,0,0,6000,0,0,0,311000,305000,6000,6000
058357,智邦凱基99購02  ,0,0,0,0,0,0,0,0,0,6000,0,0,0,26000,20000,6000,6000
05463P,創意國票96售04  ,0,0,0,0,0,0,0,0,0,6000,0,0,0,6000,0,6000,6000
054906,神達康和97購01  ,0,0,0,0,0,0,0,0,0,6000,0,0,0,6000,0,6000,6000
055452,台積電元富97購03,0,0,0,0,0,0,0,0,0,6000,0,0,0,6000,0,6000,6000
054783,國巨群益98購04  ,0,0,0,0,0,0,0,0,0,6000,0,0,0,10000,4000,6000,6000
056166,微星台新97購01  ,0,0,0,0,0,0,0,0,0,6000,0,0,0,26000,20000,6000,6000
056364,亞光元大99購02  ,0,0,0,0,0,0,0,0,0,6000,0,0,0,6000,0,6000,6000
056246,祥碩群益97購01  ,0,0,0,0,0,0,0,0,0,6000,0,0,0,6000,0,6000,6000
056378,欣興元富98購01  ,0,0,0,0,0,0,0,0,0,6000,0,0,0,6000,0,6000,6000
053113,瀚宇博兆豐97購01,0,0,0,0,0,0,0,0,0,6000,0,0,0,6000,0,6000,6000
05192P,玉晶光台新96售02,0,0,0,0,0,0,0,0,0,6000,0,0,0,6000,0,6000,6000
052202,矽力統一96購01  ,0,0,0,0,0,0,0,0,0,6000,0,0,0,6000,0,6000,6000
045836,群創群益98購01  ,0,0,0,0,0,0,0,0,0,6000,0,0,0,6000,0,6000,6000
053643,漢唐國票97購02  ,0,0,0,0,0,0,0,0,0,6000,0,0,0,6000,0,6000,6000
053735,矽力中信97購01  ,0,0,0,0,0,0,0,0,0,6000,0,0,0,6000,0,6000,6000
00866,新光Shiller CAPE,0,0,0,0,0,0,0,0,0,6000,0,0,0,52000,46000,6000,6000
060143,台積電國票9B購03,0,0,0,0,0,0,0,0,0,6000,0,0,0,10000,4000,6000,6000
059915,聯發科元大99購32,0,0,0,0,0,0,0,0,0,6000,0,0,0,6000,0,6000,6000
060476,瑞祺元大9A購02  ,0,0,0,0,0,0,0,0,0,6000,0,0,0,10000,4000,6000,6000
058711,鴻海統一9A購02  ,0,0,0,0,0,0,0,0,0,6000,0,0,0,8000,2000,6000,6000
057748,華通國票98購04  ,0,0,0,0,0,0,0,0,0,6000,0,0,0,6000,0,6000,6000
05681P,大立光元大96售05,0,0,0,0,0,0,0,0,0,6000,0,0,0,6000,0,6000,6000
057849,南茂永豐98購02  ,0,0,0,0,0,0,0,0,0,6000,0,0,0,18000,12000,6000,6000
059648,台表科凱基99購03,0,0,0,0,0,0,0,0,0,6000,0,0,0,6000,0,6000,6000
059733,緯穎元大99購08  ,0,0,0,0,0,0,0,0,0,6000,0,0,0,6000,0,6000,6000
056503,楠梓電永豐98購01,0,0,0,0,0,0,0,0,0,6000,0,0,0,6000,0,6000,6000
057401,晶豪科群益99購01,0,0,0,0,0,0,0,0,0,6000,0,0,0,6000,0,6000,6000
059256,臺股指凱基99購34,0,0,0,0,0,0,0,0,0,6000,0,0,0,38000,32000,6000,6000
057947,和碩國票99購01  ,0,0,0,0,0,0,0,0,0,6000,0,0,0,6000,0,6000,6000
059284,緯穎永豐99購03  ,0,0,0,0,0,0,0,0,0,6000,0,0,0,19000,13000,6000,6000
059070,道瓊指元大99購02,0,0,0,0,0,0,0,0,0,6000,0,0,0,8000,2000,6000,6000
059160,華通凱基99購03  ,0,0,0,0,0,0,0,0,0,6000,0,0,0,6000,0,6000,6000
057056,立積元大99購02  ,0,0,0,0,0,0,0,0,0,6000,0,0,0,6000,0,6000,6000
057148,玉晶光國票99購04,0,0,0,0,0,0,0,0,0,6000,0,0,0,6000,0,6000,6000
2462,良得電          ,5000,0,5000,0,0,0,0,0,0,1000,1000,0,1000,0,0,0,6000
2739,寒舍            ,6000,0,6000,0,0,0,0,0,0,0,0,0,0,0,0,0,6000
2936,客思達-KY       ,6000,0,6000,0,0,0,0,0,0,0,0,0,0,0,0,0,6000
1528,恩德            ,10000,4000,6000,0,0,0,0,0,0,0,0,0,0,0,0,0,6000
1506,正道            ,11000,5000,6000,0,0,0,0,0,0,0,0,0,0,0,0,0,6000
1203,味王            ,6000,0,6000,0,0,0,0,0,0,0,0,0,0,0,0,0,6000
1725,元禎            ,6000,0,6000,0,0,0,0,0,0,0,0,0,0,0,0,0,6000
07941P,國巨凱基9B售07  ,0,0,0,0,0,0,0,0,0,6000,0,0,0,65000,59000,6000,6000
07852P,臺股指國票9A售13,0,0,0,0,0,0,0,0,0,6000,0,0,0,11000,5000,6000,6000
07577P,華新科元大9A售09,0,0,0,0,0,0,0,0,0,6000,0,0,0,6000,0,6000,6000
07364P,大立光元大99售27,0,0,0,0,0,0,0,0,0,6000,0,0,0,6000,0,6000,6000
5533,皇鼎            ,6000,0,6000,0,0,0,0,0,0,0,0,0,0,0,0,0,6000
6128,上福            ,6000,0,6000,0,0,0,0,0,0,0,0,0,0,0,0,0,6000
6641,基士德-KY       ,6000,0,6000,0,0,0,0,0,0,0,0,0,0,0,0,0,6000
8033,雷虎            ,15000,9000,6000,0,0,0,0,0,0,0,0,0,0,0,0,0,6000
6698,旭暉應材        ,12000,6000,6000,0,0,0,0,0,0,0,0,0,0,0,0,0,6000
9924,福興            ,37000,31000,6000,0,0,0,0,0,0,0,0,0,0,0,0,0,6000
061388,台積電群益9A購05,0,0,0,0,0,0,0,0,0,5000,0,0,0,42000,37000,5000,5000
061487,聯發科兆豐9B購02,0,0,0,0,0,0,0,0,0,5000,0,0,0,5000,0,5000,5000
061485,鴻海兆豐9A購01  ,0,0,0,0,0,0,0,0,0,5000,0,0,0,5000,0,5000,5000
061721,道瓊反富邦9B購01,0,0,0,0,0,0,0,0,0,5000,0,0,0,5000,0,5000,5000
061621,健策群益9A購05  ,0,0,0,0,0,0,0,0,0,5000,0,0,0,24000,19000,5000,5000
060630,國巨富邦9C購03  ,0,0,0,0,0,0,0,0,0,5000,0,0,0,5000,0,5000,5000
060634,矽創富邦9B購01  ,0,0,0,0,0,0,0,0,0,5000,0,0,0,35000,30000,5000,5000
060889,國泰金統一9C購01,0,0,0,0,0,0,0,0,0,5000,0,0,0,5000,0,5000,5000
061154,可成群益9B購04  ,0,0,0,0,0,0,0,0,0,5000,0,0,0,18000,13000,5000,5000
062002,鴻海國泰01購01  ,0,0,0,0,0,0,0,0,0,5000,0,0,0,46000,41000,5000,5000
062029,牧德群益9B購03  ,0,0,0,0,0,0,0,0,0,5000,0,0,0,103000,98000,5000,5000
062109,聯詠國票9C購01  ,0,0,0,0,0,0,0,0,0,5000,0,0,0,43000,38000,5000,5000
062144,華通國票9B購01  ,0,0,0,0,0,0,0,0,0,5000,0,0,0,5000,0,5000,5000
06216P,上銀元富97售03  ,0,0,0,0,0,0,0,0,0,5000,0,0,0,10000,5000,5000,5000
062170,健策永豐9B購04  ,0,0,0,0,0,0,0,0,0,5000,0,0,0,12000,7000,5000,5000
062279,晶豪科群益9B購01,0,0,0,0,0,0,0,0,0,5000,0,0,0,55000,50000,5000,5000
06273P,台表科凱基97售04,0,0,0,0,0,0,0,0,0,5000,0,0,0,5000,0,5000,5000
06528P,台積電富邦99售03,0,0,0,0,0,0,0,0,0,5000,0,0,0,95000,90000,5000,5000
06525P,上証2X國泰99售01,0,0,0,0,0,0,0,0,0,5000,0,0,0,5000,0,5000,5000
06480P,上銀凱基98售04  ,0,0,0,0,0,0,0,0,0,5000,0,0,0,5000,0,5000,5000
06877P,台積電兆豐98售04,0,0,0,0,0,0,0,0,0,5000,0,0,0,5000,0,5000,5000
06834P,訊芯群益99售02  ,0,0,0,0,0,0,0,0,0,5000,0,0,0,5000,0,5000,5000
06844P,智邦元大98售13  ,0,0,0,0,0,0,0,0,0,5000,0,0,0,7000,2000,5000,5000
06999P,玉晶光國票9B售01,0,0,0,0,0,0,0,0,0,5000,0,0,0,23000,18000,5000,5000
07003P,聯發科兆豐99售02,0,0,0,0,0,0,0,0,0,5000,0,0,0,5000,0,5000,5000
07090P,台灣50凱基01售01,0,0,0,0,0,0,0,0,0,5000,0,0,0,5000,0,5000,5000
050982,台積電國泰96購04,0,0,0,0,0,0,0,0,0,5000,0,0,0,5000,0,5000,5000
03810P,大立光富邦98售01,0,0,0,0,0,0,0,0,0,5000,0,0,0,7000,2000,5000,5000
050012,台積電國泰95購03,0,0,0,0,0,0,0,0,0,5000,0,0,0,5000,0,5000,5000
05013P,台積電元大96售05,0,0,0,0,0,0,0,0,0,5000,0,0,0,5000,0,5000,5000
050173,旺宏元大96購02  ,0,0,0,0,0,0,0,0,0,5000,0,0,0,5000,0,5000,5000
053757,聯發科國泰96購04,0,0,0,0,0,0,0,0,0,5000,0,0,0,5000,0,5000,5000
051355,聯發科元大96購01,0,0,0,0,0,0,0,0,0,5000,0,0,0,5000,0,5000,5000
053611,聯茂麥證96購01  ,0,0,0,5000,0,5000,0,0,0,5000,0,0,0,5000,0,5000,5000
05362P,可成富邦97售02  ,0,0,0,0,0,0,0,0,0,5000,0,0,0,10000,5000,5000,5000
053651,台光電凱基98購01,0,0,0,0,0,0,0,0,0,5000,0,0,0,5000,0,5000,5000
05349P,可成元富98售03  ,0,0,0,0,0,0,0,0,0,5000,0,0,0,5000,0,5000,5000
041990,A50正2國票97購01,0,0,0,0,0,0,0,0,0,5000,0,0,0,5000,0,5000,5000
047410,上銀元富96購01  ,0,0,0,0,0,0,0,0,0,5000,0,0,0,5000,0,5000,5000
048572,美利達元大96購04,0,0,0,0,0,0,0,0,0,5000,0,0,0,35000,30000,5000,5000
049726,道瓊反中信96購01,0,0,0,0,0,0,0,0,0,5000,0,0,0,5000,0,5000,5000
053486,T50反1兆豐96購01,0,0,0,0,0,0,0,0,0,5000,0,0,0,5000,0,5000,5000
04932P,香港2X中信96售01,0,0,0,0,0,0,0,0,0,5000,0,0,0,13000,8000,5000,5000
052068,瑞儀兆豐96購01  ,0,0,0,0,0,0,0,0,0,5000,0,0,0,5000,0,5000,5000
055192,世芯元富97購01  ,0,0,0,0,0,0,0,0,0,5000,0,0,0,5000,0,5000,5000
052742,可成元大96購01  ,0,0,0,0,0,0,0,0,0,5000,0,0,0,5000,0,5000,5000
05642P,玉晶光兆豐97售02,0,0,0,0,0,0,0,0,0,5000,0,0,0,5000,0,5000,5000
05411P,台積電國票96售08,0,0,0,0,0,0,0,0,0,5000,0,0,0,5000,0,5000,5000
054103,T50反1凱基99購04,0,0,0,0,0,0,0,0,0,5000,0,0,0,5000,0,5000,5000
056269,新日興統一98購01,0,0,0,0,0,0,0,0,0,5000,0,0,0,5000,0,5000,5000
056162,祥碩凱基97購03  ,0,0,0,0,0,0,0,0,0,5000,0,0,0,132000,127000,5000,5000
054745,智易凱基97購01  ,0,0,0,0,0,0,0,0,0,5000,0,0,0,51000,46000,5000,5000
055374,明泰元大97購01  ,0,0,0,0,0,0,0,0,0,5000,0,0,0,5000,0,5000,5000
055384,緯穎元大98購02  ,0,0,0,0,0,0,0,0,0,5000,0,0,0,5000,0,5000,5000
054830,世芯國泰99購01  ,0,0,0,0,0,0,0,0,0,5000,0,0,0,5000,0,5000,5000
054853,TPK國票98購02   ,0,0,0,0,0,0,0,0,0,5000,0,0,0,5000,0,5000,5000
054515,華通元大98購02  ,0,0,0,0,0,0,0,0,0,5000,0,0,0,5000,0,5000,5000
054519,禾伸堂元大97購02,0,0,0,0,0,0,0,0,0,5000,0,0,0,10000,5000,5000,5000
05551P,電子類元大96售01,0,0,0,0,0,0,0,0,0,5000,0,0,0,5000,0,5000,5000
055096,緯穎群益97購01  ,0,0,0,0,0,0,0,0,0,5000,0,0,0,5000,0,5000,5000
054467,隆達凱基97購01  ,0,0,0,0,0,0,0,0,0,5000,0,0,0,20000,15000,5000,5000
055826,中石化元大97購01,0,0,0,0,0,0,0,0,0,5000,0,0,0,5000,0,5000,5000
054593,滬深2X永昌9A購01,0,0,0,0,0,0,0,0,0,5000,0,0,0,5000,0,5000,5000
05579P,友達凱基98售03  ,0,0,0,0,0,0,0,0,0,5000,0,0,0,5000,0,5000,5000
055753,貿聯第一98購01  ,0,0,0,0,0,0,0,0,0,5000,0,0,0,5000,0,5000,5000
055933,欣興群益98購02  ,0,0,0,0,0,0,0,0,0,5000,0,0,0,5000,0,5000,5000
054185,喬山永豐96購02  ,0,0,0,0,0,0,0,0,0,5000,0,0,0,5000,0,5000,5000
055698,茂林國票98購03  ,0,0,0,0,0,0,0,0,0,5000,0,0,0,20000,15000,5000,5000
058451,智邦永豐9A購01  ,0,0,0,0,0,0,0,0,0,5000,0,0,0,6000,1000,5000,5000
05852P,嘉晶群益96售01  ,0,0,0,0,0,0,0,0,0,5000,0,0,0,5000,0,5000,5000
058202,鴻海凱基9A購04  ,0,0,0,0,0,0,0,0,0,5000,0,0,0,5000,0,5000,5000
058171,國巨凱基9A購07  ,0,0,0,0,0,0,0,0,0,5000,0,0,0,5000,0,5000,5000
057054,立積元大98購03  ,0,0,0,0,0,0,0,0,0,5000,0,0,0,5000,0,5000,5000
057013,聯發科麥證98購01,0,0,0,5000,0,5000,0,0,0,5000,0,0,0,5000,0,5000,5000
057568,友訊永豐99購01  ,0,0,0,0,0,0,0,0,0,5000,0,0,0,5000,0,5000,5000
056966,嘉晶永豐98購01  ,0,0,0,0,0,0,0,0,0,5000,0,0,0,15000,10000,5000,5000
059033,元油2X群益9C購05,0,0,0,0,0,0,0,0,0,5000,0,0,0,5000,0,5000,5000
056663,臺股指元大9A購10,0,0,0,0,0,0,0,0,0,5000,0,0,0,5000,0,5000,5000
058855,台積電兆豐99購02,0,0,0,0,0,0,0,0,0,5000,0,0,0,5000,0,5000,5000
059250,大立光凱基99購06,0,0,0,0,0,0,0,0,0,5000,0,0,0,10000,5000,5000,5000
058362,聯發科凱基99購06,0,0,0,0,0,0,0,0,0,5000,0,0,0,5000,0,5000,5000
057407,超眾群益99購01  ,0,0,0,0,0,0,0,0,0,5000,0,0,0,5000,0,5000,5000
056496,康控國泰99購01  ,0,0,0,0,0,0,0,0,0,5000,0,0,0,5000,0,5000,5000
057450,國泰金元富98購01,0,0,0,0,0,0,0,0,0,5000,0,0,0,98000,93000,5000,5000
057478,智邦元大99購01  ,0,0,0,0,0,0,0,0,0,5000,0,0,0,5000,0,5000,5000
059456,智易永豐99購01  ,0,0,0,0,0,0,0,0,0,5000,0,0,0,15000,10000,5000,5000
059360,全新永豐99購02  ,0,0,0,0,0,0,0,0,0,5000,0,0,0,5000,0,5000,5000
059510,華新科永豐99購07,0,0,0,0,0,0,0,0,0,5000,0,0,0,5000,0,5000,5000
058884,世紀鋼永豐99購02,0,0,0,0,0,0,0,0,0,5000,0,0,0,10000,5000,5000,5000
059719,台積電元大99購42,0,0,0,0,0,0,0,0,0,5000,0,0,0,281000,276000,5000,5000
059667,矽力元大99購01  ,0,0,0,0,0,0,0,0,0,5000,0,0,0,5000,0,5000,5000
057873,義隆元大98購03  ,0,0,0,0,0,0,0,0,0,5000,0,0,0,8000,3000,5000,5000
056801,國巨台新98購01  ,0,0,0,0,0,0,0,0,0,5000,0,0,0,40000,35000,5000,5000
056794,上銀麥證98購01  ,0,0,0,12000,7000,5000,0,0,0,5000,0,0,0,12000,7000,5000,5000
056872,旺宏凱基98購08  ,0,0,0,0,0,0,0,0,0,5000,0,0,0,5000,0,5000,5000
056903,大立光元大99購04,0,0,0,0,0,0,0,0,0,5000,0,0,0,5000,0,5000,5000
057807,友訊元大98購02  ,0,0,0,0,0,0,0,0,0,5000,0,0,0,5000,0,5000,5000
057758,鴻海凱基99購03  ,0,0,0,0,0,0,0,0,0,5000,0,0,0,5000,0,5000,5000
057669,嘉晶元大99購03  ,0,0,0,0,0,0,0,0,0,5000,0,0,0,10000,5000,5000,5000
056685,光罩統一98購03  ,0,0,0,0,0,0,0,0,0,5000,0,0,0,5000,0,5000,5000
060432,達方永豐9A購01  ,0,0,0,0,0,0,0,0,0,5000,0,0,0,15000,10000,5000,5000
060335,明泰康和9A購01  ,0,0,0,0,0,0,0,0,0,5000,0,0,0,5000,0,5000,5000
059821,美律凱基99購08  ,0,0,0,0,0,0,0,0,0,5000,0,0,0,5000,0,5000,5000
059828,健策凱基99購05  ,0,0,0,0,0,0,0,0,0,5000,0,0,0,12000,7000,5000,5000
060146,健策國票9A購03  ,0,0,0,0,0,0,0,0,0,5000,0,0,0,5000,0,5000,5000
060130,瀚宇博永豐99購02,0,0,0,0,0,0,0,0,0,5000,0,0,0,6000,1000,5000,5000
060052,宏碁凱基99購01  ,0,0,0,0,0,0,0,0,0,5000,0,0,0,93000,88000,5000,5000
060074,台積電元富99購04,0,0,0,0,0,0,0,0,0,5000,0,0,0,10000,5000,5000,5000
060046,S&P反1凱基99購02,0,0,0,0,0,0,0,0,0,5000,0,0,0,5000,0,5000,5000
6205,詮欣            ,5000,0,5000,0,0,0,0,0,0,0,0,0,0,0,0,0,5000
3504,揚明光          ,56000,47000,9000,0,0,0,0,0,0,-4000,2000,0,2000,0,6000,-6000,5000
07274P,上証2X群益01售01,0,0,0,0,0,0,0,0,0,5000,0,0,0,5000,0,5000,5000
07295P,滬深2X元富9C售09,0,0,0,0,0,0,0,0,0,5000,0,0,0,10000,5000,5000,5000
07310P,大立光凱基99售12,0,0,0,0,0,0,0,0,0,5000,0,0,0,5000,0,5000,5000
07245P,台積電凱基99售16,0,0,0,0,0,0,0,0,0,5000,0,0,0,5000,0,5000,5000
07248P,可成凱基99售06  ,0,0,0,0,0,0,0,0,0,5000,0,0,0,5000,0,5000,5000
07207P,台積電凱基99售13,0,0,0,0,0,0,0,0,0,5000,0,0,0,5000,0,5000,5000
07596P,上証2X中信01售01,0,0,0,0,0,0,0,0,0,5000,0,0,0,5000,0,5000,5000
07477P,國巨群益9A售04  ,0,0,0,0,0,0,0,0,0,5000,0,0,0,5000,0,5000,5000
07901P,臺股指凱基9B售04,0,0,0,0,0,0,0,0,0,5000,0,0,0,155000,150000,5000,5000
07618P,大立光中信9A售06,0,0,0,0,0,0,0,0,0,5000,0,0,0,5000,0,5000,5000
07704P,台積電元大9A售25,0,0,0,0,0,0,0,0,0,5000,0,0,0,15000,10000,5000,5000
1732,毛寶            ,14000,9000,5000,0,0,0,0,0,0,0,0,0,0,0,0,0,5000
1558,伸興            ,30000,25000,5000,0,0,0,0,0,0,0,0,0,0,0,0,0,5000
08653P,台灣50凱基96售07,0,0,0,0,0,0,0,0,0,5000,0,0,0,5000,0,5000,5000
1517,利奇            ,7000,1000,6000,0,0,0,0,0,0,-1000,0,1000,-1000,0,0,0,5000
1445,大宇            ,5000,0,5000,0,0,0,0,0,0,0,0,0,0,0,0,0,5000
2706,第一店          ,5000,0,5000,0,0,0,0,0,0,0,0,0,0,0,0,0,5000
3003,健和興          ,107000,96000,11000,0,0,0,0,0,0,-6000,2000,0,2000,0,8000,-8000,5000
2509,全坤建          ,5000,0,5000,0,0,0,0,0,0,0,0,0,0,0,0,0,5000
2423,固緯            ,26000,22000,4000,0,0,0,0,0,0,1000,1000,0,1000,0,0,0,5000
07058P,台積電凱基9A售07,0,0,0,0,0,0,0,0,0,4000,0,0,0,4000,0,4000,4000
07060P,台表科國票9A售01,0,0,0,0,0,0,0,0,0,4000,0,0,0,126000,122000,4000,4000
06423P,亞光台新97售01  ,0,0,0,0,0,0,0,0,0,4000,0,0,0,4000,0,4000,4000
06295P,國巨元大97售14  ,0,0,0,0,0,0,0,0,0,4000,0,0,0,6000,2000,4000,4000
06248P,國巨統一97售07  ,0,0,0,0,0,0,0,0,0,4000,0,0,0,66000,62000,4000,4000
062462,GIS群益9B購01   ,0,0,0,0,0,0,0,0,0,4000,0,0,0,5000,1000,4000,4000
06241P,大立光元富9A售01,0,0,0,0,0,0,0,0,0,4000,0,0,0,4000,0,4000,4000
061122,敬鵬永豐9A購01  ,0,0,0,0,0,0,0,0,0,4000,0,0,0,11000,7000,4000,4000
060885,世紀鋼中信9A購01,0,0,0,0,0,0,0,0,0,4000,0,0,0,45000,41000,4000,4000
060989,國泰金元大9A購02,0,0,0,0,0,0,0,0,0,4000,0,0,0,5000,1000,4000,4000
060636,大毅永豐9A購02  ,0,0,0,0,0,0,0,0,0,4000,0,0,0,19000,15000,4000,4000
060591,富邦金台新9A購01,0,0,0,0,0,0,0,0,0,4000,0,0,0,4000,0,4000,4000
060779,臺股指凱基9A購07,0,0,0,0,0,0,0,0,0,4000,0,0,0,29000,25000,4000,4000
061571,奇力新元大9A購03,0,0,0,0,0,0,0,0,0,4000,0,0,0,4000,0,4000,4000
061503,臻鼎國票9B購01  ,0,0,0,0,0,0,0,0,0,4000,0,0,0,14000,10000,4000,4000
06141P,大立光日盛97售01,0,0,0,0,0,0,0,0,0,4000,0,0,0,6000,2000,4000,4000
061305,帆宣永豐9A購01  ,0,0,0,0,0,0,0,0,0,4000,0,0,0,4000,0,4000,4000
061199,道瓊反元大9A購05,0,0,0,0,0,0,0,0,0,4000,0,0,0,4000,0,4000,4000
058317,國巨永豐99購02  ,0,0,0,0,0,0,0,0,0,4000,0,0,0,10000,6000,4000,4000
054702,智邦第一97購01  ,0,0,0,0,0,0,0,0,0,4000,0,0,0,4000,0,4000,4000
055623,貿聯國泰99購01  ,0,0,0,0,0,0,0,0,0,4000,0,0,0,9000,5000,4000,4000
055736,宏達電元富99購01,0,0,0,0,0,0,0,0,0,4000,0,0,0,54000,50000,4000,4000
054296,世芯元大97購01  ,0,0,0,0,0,0,0,0,0,4000,0,0,0,11000,7000,4000,4000
05450P,臺股指元大95售27,0,0,0,0,0,0,0,0,0,4000,0,0,0,4000,0,4000,4000
056194,聯發科富邦9B購01,0,0,0,0,0,0,0,0,0,4000,0,0,0,4000,0,4000,4000
056076,超眾元大97購05  ,0,0,0,0,0,0,0,0,0,4000,0,0,0,4000,0,4000,4000
053969,瑞昱元大97購01  ,0,0,0,0,0,0,0,0,0,4000,0,0,0,4000,0,4000,4000
05647P,聯發科國票97售02,0,0,0,0,0,0,0,0,0,4000,0,0,0,4000,0,4000,4000
053950,緯穎富邦97購02  ,0,0,0,0,0,0,0,0,0,4000,0,0,0,7000,3000,4000,4000
053873,力成元大96購03  ,0,0,0,0,0,0,0,0,0,4000,0,0,0,4000,0,4000,4000
052659,上証2X國票99購01,0,0,0,0,0,0,0,0,0,4000,0,0,0,14000,10000,4000,4000
05521P,創意永豐96售01  ,0,0,0,0,0,0,0,0,0,4000,0,0,0,4000,0,4000,4000
051688,大立光凱基97購02,0,0,0,0,0,0,0,0,0,4000,0,0,0,4000,0,4000,4000
052862,正崴凱基96購01  ,0,0,0,0,0,0,0,0,0,4000,0,0,0,4000,0,4000,4000
053173,矽格群益97購01  ,0,0,0,0,0,0,0,0,0,4000,0,0,0,58000,54000,4000,4000
053223,台郡凱基96購02  ,0,0,0,0,0,0,0,0,0,4000,0,0,0,4000,0,4000,4000
047420,全新富邦97購01  ,0,0,0,0,0,0,0,0,0,4000,0,0,0,180000,176000,4000,4000
053671,可成統一96購03  ,0,0,0,0,0,0,0,0,0,4000,0,0,0,4000,0,4000,4000
053677,同欣電國泰97購01,0,0,0,0,0,0,0,0,0,4000,0,0,0,4000,0,4000,4000
053661,嘉澤凱基97購01  ,0,0,0,0,0,0,0,0,0,4000,0,0,0,4000,0,4000,4000
05160P,國巨國票96售03  ,0,0,0,0,0,0,0,0,0,4000,0,0,0,20000,16000,4000,4000
03421B,臺股指元大99熊01,0,0,0,0,0,0,0,0,0,4000,0,0,0,201000,197000,4000,4000
059973,A50正2元大99購02,0,0,0,0,0,0,0,0,0,4000,0,0,0,4000,0,4000,4000
059833,緯穎康和99購01  ,0,0,0,0,0,0,0,0,0,4000,0,0,0,92000,88000,4000,4000
059772,可成群益9A購05  ,0,0,0,0,0,0,0,0,0,4000,0,0,0,14000,10000,4000,4000
060459,鴻海元大9A購07  ,0,0,0,0,0,0,0,0,0,4000,0,0,0,60000,56000,4000,4000
06026P,華通台新97售01  ,0,0,0,0,0,0,0,0,0,4000,0,0,0,4000,0,4000,4000
056984,嘉晶群益98購01  ,0,0,0,0,0,0,0,0,0,4000,0,0,0,105000,101000,4000,4000
057843,晶技永豐98購02  ,0,0,0,0,0,0,0,0,0,4000,0,0,0,4000,0,4000,4000
05946P,和碩中信96售01  ,0,0,0,0,0,0,0,0,0,4000,0,0,0,4000,0,4000,4000
056515,燿華兆豐99購01  ,0,0,0,0,0,0,0,0,0,4000,0,0,0,25000,21000,4000,4000
058224,世芯統一9B購02  ,0,0,0,0,0,0,0,0,0,4000,0,0,0,4000,0,4000,4000
059203,勤誠永豐99購02  ,0,0,0,0,0,0,0,0,0,4000,0,0,0,71000,67000,4000,4000
057977,台光電永豐98購02,0,0,0,0,0,0,0,0,0,4000,0,0,0,5000,1000,4000,4000
05927P,正文永豐96售03  ,0,0,0,0,0,0,0,0,0,4000,0,0,0,4000,0,4000,4000
05902P,華通國票96售02  ,0,0,0,0,0,0,0,0,0,4000,0,0,0,19000,15000,4000,4000
058967,可成麥證99購01  ,0,0,0,4000,0,4000,0,0,0,4000,0,0,0,4000,0,4000,4000
058809,國巨統一9B購03  ,0,0,0,0,0,0,0,0,0,4000,0,0,0,14000,10000,4000,4000
057221,華通國票98購03  ,0,0,0,0,0,0,0,0,0,4000,0,0,0,4000,0,4000,4000
2374,佳能            ,10000,6000,4000,0,0,0,0,0,0,0,0,0,0,0,0,0,4000
2911,麗嬰房          ,4000,0,4000,0,0,0,0,0,0,0,0,0,0,0,0,0,4000
3167,大量            ,7000,4000,3000,0,0,0,0,0,0,1000,1000,0,1000,0,0,0,4000
2838A,聯邦銀甲特      ,0,0,0,0,0,0,0,0,0,4000,4000,0,4000,0,0,0,4000
1442,名軒            ,7000,10000,-3000,0,0,0,0,0,0,7000,7000,0,7000,0,0,0,4000
1220,台榮            ,2000,0,2000,0,0,0,0,0,0,2000,2000,0,2000,0,0,0,4000
1713,國化            ,4000,0,4000,0,0,0,0,0,0,0,0,0,0,0,0,0,4000
1616,億泰            ,5000,1000,4000,0,0,0,0,0,0,0,0,0,0,0,0,0,4000
07977P,華新科群益01售01,0,0,0,0,0,0,0,0,0,4000,0,0,0,74000,70000,4000,4000
4562,穎漢            ,4000,0,4000,0,0,0,0,0,0,0,0,0,0,0,0,0,4000
4737,華廣            ,6000,4000,2000,0,0,0,0,0,0,2000,2000,0,2000,0,0,0,4000
6136,富爾特          ,4000,0,4000,0,0,0,0,0,0,0,0,0,0,0,0,0,4000
6115,鎰勝            ,6000,2000,4000,0,0,0,0,0,0,0,0,0,0,0,0,0,4000
00752,中信中國50      ,10,0,10,0,0,0,0,0,0,3000,0,0,0,337000,334000,3000,3010
061509,SP黃豆富邦9C購01,0,0,0,0,0,0,0,0,0,3000,0,0,0,3000,0,3000,3000
061609,華新科統一9C購01,0,0,0,0,0,0,0,0,0,3000,0,0,0,225000,222000,3000,3000
061738,聯發科凱基9B購04,0,0,0,0,0,0,0,0,0,3000,0,0,0,41000,38000,3000,3000
06074P,台積電凱基98售04,0,0,0,0,0,0,0,0,0,3000,0,0,0,5000,2000,3000,3000
060839,聯發科國票9A購02,0,0,0,0,0,0,0,0,0,3000,0,0,0,3000,0,3000,3000
061014,台積電麥證9A購04,0,0,0,3000,0,3000,0,0,0,3000,0,0,0,3000,0,3000,3000
062414,臻鼎中信01購01  ,0,0,0,0,0,0,0,0,0,3000,0,0,0,50000,47000,3000,3000
062527,美律統一01購01  ,0,0,0,0,0,0,0,0,0,3000,0,0,0,3000,0,3000,3000
061855,台郡國票9B購01  ,0,0,0,0,0,0,0,0,0,3000,0,0,0,3000,0,3000,3000
06323P,台郡統一97售01  ,0,0,0,0,0,0,0,0,0,3000,0,0,0,3000,0,3000,3000
062615,亞德客元大9B購02,0,0,0,0,0,0,0,0,0,3000,0,0,0,32000,29000,3000,3000
06376P,上銀統一99售01  ,0,0,0,0,0,0,0,0,0,3000,0,0,0,35000,32000,3000,3000
06464P,台光電亞東99售01,0,0,0,0,0,0,0,0,0,3000,0,0,0,4000,1000,3000,3000
07127P,精元元大99售01  ,0,0,0,0,0,0,0,0,0,3000,0,0,0,9000,6000,3000,3000
06988P,鴻海元富99售09  ,0,0,0,0,0,0,0,0,0,3000,0,0,0,3000,0,3000,3000
07033P,大立光統一9B售03,0,5000,-5000,0,0,0,0,0,0,8000,0,0,0,8000,0,8000,3000
06897P,FBVIX群益01售01 ,0,0,0,0,0,0,0,0,0,3000,0,0,0,3000,0,3000,3000
06863P,欣興凱基98售05  ,0,0,0,0,0,0,0,0,0,3000,0,0,0,144000,141000,3000,3000
06672P,聯發科群益98售05,0,0,0,0,0,0,0,0,0,3000,0,0,0,3000,0,3000,3000
06735P,奇力新凱基98售07,0,0,0,0,0,0,0,0,0,3000,0,0,0,5000,2000,3000,3000
06750P,聯發科元富02售03,0,0,0,0,0,0,0,0,0,3000,0,0,0,37000,34000,3000,3000
00714,群益道瓊美國地產,0,0,0,0,0,0,0,0,0,3000,0,0,0,5000,2000,3000,3000
049946,智邦兆豐95購01  ,0,0,0,0,0,0,0,0,0,3000,0,0,0,3000,0,3000,3000
050252,聯發科國泰95購01,0,0,0,0,0,0,0,0,0,3000,0,0,0,3000,0,3000,3000
051375,道瓊反群益9A購01,0,0,0,0,0,0,0,0,0,3000,0,0,0,4000,1000,3000,3000
048190,道瓊反元大96購02,0,0,0,0,0,0,0,0,0,3000,0,0,0,3000,0,3000,3000
04928P,大立光凱基95售07,0,0,0,0,0,0,0,0,0,3000,0,0,0,3000,0,3000,3000
053431,志超永豐96購01  ,0,0,0,0,0,0,0,0,0,3000,0,0,0,3000,0,3000,3000
04869P,鴻海元富95售02  ,0,0,0,0,0,0,0,0,0,3000,0,0,0,3000,0,3000,3000
053219,祥碩凱基96購01  ,0,0,0,0,0,0,0,0,0,3000,0,0,0,13000,10000,3000,3000
053134,南亞科國票97購01,0,0,0,0,0,0,0,0,0,3000,0,0,0,3000,0,3000,3000
052072,健策統一95購02  ,0,0,0,0,0,0,0,0,0,3000,0,0,0,3000,0,3000,3000
052671,祥碩群益96購01  ,0,0,0,0,0,0,0,0,0,3000,0,0,0,3000,0,3000,3000
052559,茂林國票97購01  ,0,0,0,0,0,0,0,0,0,3000,0,0,0,3000,0,3000,3000
05529P,臺股指群益96售02,0,0,0,0,0,0,0,0,0,3000,0,0,0,7000,4000,3000,3000
055266,京鼎永豐97購01  ,0,0,0,0,0,0,0,0,0,3000,0,0,0,3000,0,3000,3000
053970,聯發科元大97購08,0,0,0,0,0,0,0,0,0,3000,0,0,0,3000,0,3000,3000
056276,同欣電國泰98購01,0,0,0,0,0,0,0,0,0,3000,0,0,0,3000,0,3000,3000
055553,聯發科凱基97購05,0,0,0,0,0,0,0,0,0,3000,0,0,0,3000,0,3000,3000
054479,緯創中信98購01  ,0,0,0,0,0,0,0,0,0,3000,0,0,0,50000,47000,3000,3000
055390,國巨統一98購03  ,0,0,0,0,0,0,0,0,0,3000,0,0,0,3000,0,3000,3000
05473P,聯詠統一97售02  ,0,0,0,0,0,0,0,0,0,3000,0,0,0,3000,0,3000,3000
054756,世紀鋼凱基99購01,0,0,0,0,0,0,0,0,0,3000,0,0,0,3000,0,3000,3000
055815,亞光國票99購01  ,0,0,0,0,0,0,0,0,0,3000,0,0,0,3000,0,3000,3000
055970,聯茂元大97購04  ,0,0,0,0,0,0,0,0,0,3000,0,0,0,3000,0,3000,3000
054170,泰鼎凱基98購01  ,0,0,0,0,0,0,0,0,0,3000,0,0,0,3000,0,3000,3000
05849P,臺股指元大96售25,0,0,0,0,0,0,0,0,0,3000,0,0,0,3000,0,3000,3000
057303,喬山兆豐99購01  ,0,0,0,0,0,0,0,0,0,3000,0,0,0,29000,26000,3000,3000
057574,中磊永豐98購01  ,0,0,0,0,0,0,0,0,0,3000,0,0,0,3000,0,3000,3000
057530,奇鋐元大99購01  ,0,0,0,0,0,0,0,0,0,3000,0,0,0,5000,2000,3000,3000
059035,旺宏群益99購06  ,0,0,0,0,0,0,0,0,0,3000,0,0,0,3000,0,3000,3000
059167,聯發科凱基99購11,0,0,0,0,0,0,0,0,0,3000,0,0,0,3000,0,3000,3000
059144,嘉晶國票9A購02  ,0,0,0,0,0,0,0,0,0,3000,0,0,0,6000,3000,3000,3000
059290,全新元富99購01  ,0,0,0,0,0,0,0,0,0,3000,0,0,0,5000,2000,3000,3000
058271,訊連永豐99購01  ,0,0,0,0,0,0,0,0,0,3000,0,0,0,233000,230000,3000,3000
057337,聯發科國票99購02,0,0,0,0,0,0,0,0,0,3000,0,0,0,3000,0,3000,3000
057923,晶豪科凱基98購02,0,0,0,0,0,0,0,0,0,3000,0,0,0,192000,189000,3000,3000
059489,上証2X國票9A購01,0,0,0,0,0,0,0,0,0,3000,0,0,0,6000,3000,3000,3000
05887P,友達元富99售03  ,0,0,0,0,0,0,0,0,0,3000,0,0,0,3000,0,3000,3000
058908,貿聯元大99購03  ,0,0,0,0,0,0,0,0,0,3000,0,0,0,105000,102000,3000,3000
056821,日電貿永豐98購01,0,0,0,0,0,0,0,0,0,3000,0,0,0,68000,65000,3000,3000
05871P,全新凱基96售04  ,0,0,0,0,0,0,0,0,0,3000,0,0,0,10000,7000,3000,3000
060336,南電康和9A購01  ,0,0,0,0,0,0,0,0,0,3000,0,0,0,5000,2000,3000,3000
05980P,台積電永昌96售09,0,0,0,0,0,0,0,0,0,3000,0,0,0,13000,10000,3000,3000
059850,日電貿永豐99購01,0,0,0,0,0,0,0,0,0,3000,0,0,0,13000,10000,3000,3000
059939,技嘉永豐99購01  ,0,0,0,0,0,0,0,0,0,3000,0,0,0,10000,7000,3000,3000
060057,欣興凱基9B購01  ,0,0,0,0,0,0,0,0,0,3000,0,0,0,8000,5000,3000,3000
060111,臻鼎元大99購04  ,0,0,0,0,0,0,0,0,0,3000,0,0,0,54000,51000,3000,3000
8367,建新國際        ,4000,1000,3000,0,0,0,0,0,0,0,0,0,0,0,0,0,3000
6405,悅城            ,3000,0,3000,0,0,0,0,0,0,0,0,0,0,0,0,0,3000
4976,佳凌            ,65000,62000,3000,0,0,0,0,0,0,0,0,0,0,0,0,0,3000
3686,達能            ,3000,0,3000,0,0,0,0,0,0,0,0,0,0,0,0,0,3000
9941A,裕融甲特        ,0,0,0,0,0,0,0,0,0,3000,3000,0,3000,0,0,0,3000
8411,福貞-KY         ,3000,2000,1000,0,0,0,0,0,0,2000,2000,0,2000,0,0,0,3000
07906P,中租群益9B售02  ,0,0,0,0,0,0,0,0,0,3000,0,0,0,3000,0,3000,3000
07929P,旺宏統一9B售07  ,0,0,0,0,0,0,0,0,0,3000,0,0,0,14000,11000,3000,3000
07857P,國巨永豐9A售05  ,0,0,0,0,0,0,0,0,0,3000,0,0,0,3000,0,3000,3000
07730P,臺股指凱基9A售22,0,0,0,0,0,0,0,0,0,3000,0,0,0,5000,2000,3000,3000
07668P,旺宏元大9A售10  ,0,0,0,0,0,0,0,0,0,3000,0,0,0,3000,0,3000,3000
07405P,大立光凱基99售17,0,0,0,0,0,0,0,0,0,3000,0,0,0,3000,0,3000,3000
07267P,臺股指元大99售23,0,0,0,0,0,0,0,0,0,3000,0,0,0,3000,0,3000,3000
2012,春雨            ,3000,0,3000,0,0,0,0,0,0,0,0,0,0,0,0,0,3000
2305,全友            ,2000,0,2000,0,0,0,0,0,0,1000,1000,0,1000,0,0,0,3000
1232,大統益          ,3000,1000,2000,0,0,0,0,0,0,1000,1000,0,1000,0,0,0,3000
1453,大將            ,3000,0,3000,0,0,0,0,0,0,0,0,0,0,0,0,0,3000
1435,中福            ,18000,15000,3000,0,0,0,0,0,0,0,0,0,0,0,0,0,3000
1530,亞崴            ,2000,0,2000,0,0,0,0,0,0,1000,1000,0,1000,0,0,0,3000
1516,川飛            ,5000,2000,3000,0,0,0,0,0,0,0,0,0,0,0,0,0,3000
2891C,中信金丙特      ,0,0,0,0,0,0,0,0,0,3000,3000,0,3000,0,0,0,3000
2906,高林            ,1000,0,1000,0,0,0,0,0,0,2000,2000,0,2000,0,0,0,3000
2443,億麗            ,13000,10000,3000,0,0,0,0,0,0,0,0,0,0,0,0,0,3000
2476,鉅祥            ,23000,20000,3000,0,0,0,0,0,0,0,0,0,0,0,0,0,3000
2540,愛山林          ,4000,1000,3000,0,0,0,0,0,0,0,0,0,0,0,0,0,3000
6415,矽力-KY         ,721000,841686,-120686,0,0,0,100000,0,100000,23000,30000,1000,29000,0,6000,-6000,2314
06782P,大立光元大99售07,0,0,0,0,0,0,0,0,0,2000,0,0,0,2000,0,2000,2000
07028P,大立光群益99售06,0,0,0,0,0,0,0,0,0,2000,0,0,0,2000,0,2000,2000
06990P,康友元富99售03  ,0,0,0,0,0,0,0,0,0,2000,0,0,0,2000,0,2000,2000
06985P,華新科富邦9C售02,0,0,0,0,0,0,0,0,0,2000,0,0,0,2000,0,2000,2000
06925P,致茂群益9A售02  ,0,0,0,0,0,0,0,0,0,2000,0,0,0,40000,38000,2000,2000
06911P,鴻海元大99售09  ,0,0,0,0,0,0,0,0,0,2000,0,0,0,204000,202000,2000,2000
06466P,台積電統一9B售01,0,0,0,0,0,0,0,0,0,2000,0,0,0,2000,0,2000,2000
06613P,華新科富邦9A售03,0,0,0,0,0,0,0,0,0,2000,0,0,0,2000,0,2000,2000
06284P,台積電國票98售03,0,0,0,0,0,0,0,0,0,2000,0,0,0,2000,0,2000,2000
061926,晶技凱基9B購02  ,0,0,0,0,0,0,0,0,0,2000,0,0,0,2000,0,2000,2000
06191P,鴻海群益97售03  ,0,0,0,0,0,0,0,0,0,2000,0,0,0,2000,0,2000,2000
062168,大毅永豐9B購01  ,0,0,0,0,0,0,0,0,0,2000,0,0,0,2000,0,2000,2000
06245P,健策元富97售03  ,0,0,0,0,0,0,0,0,0,2000,0,0,0,153000,151000,2000,2000
062416,和大統一01購02  ,0,0,0,0,0,0,0,0,0,2000,0,0,0,2000,0,2000,2000
062358,國巨元大9B購12  ,0,0,0,0,0,0,0,0,0,2000,0,0,0,2000,0,2000,2000
062261,嘉晶元大9B購02  ,0,0,0,0,0,0,0,0,0,2000,0,0,0,79000,77000,2000,2000
062267,滬深2X群益01購05,0,0,0,0,0,0,0,0,0,2000,0,0,0,12000,10000,2000,2000
061148,道瓊反群益9A購02,0,0,0,0,0,0,0,0,0,2000,0,0,0,2000,0,2000,2000
061137,晶技統一9B購01  ,0,0,0,0,0,0,0,0,0,2000,0,0,0,15000,13000,2000,2000
061794,國巨永豐9B購01  ,0,0,0,0,0,0,0,0,0,2000,0,0,0,2000,0,2000,2000
061300,臺股指富邦9A購02,0,0,0,0,0,0,0,0,0,2000,0,0,0,1000000,998000,2000,2000
061259,台積電凱基9A購21,0,0,0,0,0,0,0,0,0,2000,0,0,0,2000,0,2000,2000
06139P,台積電中信99售02,0,0,0,0,0,0,0,0,0,2000,0,0,0,2000,0,2000,2000
061365,國巨國票9B購05  ,0,0,0,0,0,0,0,0,0,2000,0,0,0,13000,11000,2000,2000
058450,旺宏永豐99購01  ,0,0,0,0,0,0,0,0,0,2000,0,0,0,2000,0,2000,2000
058485,智邦國票9A購01  ,0,0,0,0,0,0,0,0,0,2000,0,0,0,2000,0,2000,2000
05845P,大立光元大96售06,0,0,0,0,0,0,0,0,0,2000,0,0,0,2000,0,2000,2000
055780,禾伸堂凱基99購01,0,0,0,0,0,0,0,0,0,2000,0,0,0,4000,2000,2000,2000
05427P,聯發科凱基96售07,0,0,0,0,0,0,0,0,0,2000,0,0,0,2000,0,2000,2000
054352,世芯國泰98購01  ,0,0,0,0,0,0,0,0,0,2000,0,0,0,107000,105000,2000,2000
054919,興富發凱基97購01,0,0,0,0,0,0,0,0,0,2000,0,0,0,68000,66000,2000,2000
055480,元上證元大97購02,0,0,0,0,0,0,0,0,0,2000,0,0,0,2000,0,2000,2000
055490,台光電元大97購01,0,0,0,0,0,0,0,0,0,2000,0,0,0,2000,0,2000,2000
054542,台表科國票98購01,0,0,0,0,0,0,0,0,0,2000,0,0,0,2000,0,2000,2000
056365,欣興元大98購01  ,0,0,0,0,0,0,0,0,0,2000,0,0,0,5000,3000,2000,2000
053962,聯茂永豐96購01  ,0,0,0,0,0,0,0,0,0,2000,0,0,0,2000,0,2000,2000
055842,建準元大98購01  ,0,0,0,0,0,0,0,0,0,2000,0,0,0,210000,208000,2000,2000
054059,欣興國票97購03  ,0,0,0,0,0,0,0,0,0,2000,0,0,0,2000,0,2000,2000
056142,超眾元大97購06  ,0,0,0,0,0,0,0,0,0,2000,0,0,0,2000,0,2000,2000
056145,緯穎元大98購03  ,0,0,0,0,0,0,0,0,0,2000,0,0,0,2000,0,2000,2000
056412,上証2X中信9A購02,0,0,0,0,0,0,0,0,0,2000,0,0,0,4000,2000,2000,2000
056414,國巨中信98購02  ,0,0,0,0,0,0,0,0,0,2000,0,0,0,2000,0,2000,2000
055304,瑞昱第一98購01  ,0,0,0,0,0,0,0,0,0,2000,0,0,0,2000,0,2000,2000
055322,欣興國票97購06  ,0,0,0,0,0,0,0,0,0,2000,0,0,0,3000,1000,2000,2000
055157,晶豪科元大97購01,0,0,0,0,0,0,0,0,0,2000,0,0,0,2000,0,2000,2000
052060,旺宏國票96購02  ,0,0,0,0,0,0,0,0,0,2000,0,0,0,2000,0,2000,2000
053783,聯發科元大96購17,0,0,0,0,0,0,0,0,0,2000,0,0,0,2000,0,2000,2000
052378,矽力元大96購01  ,0,0,0,0,0,0,0,0,0,2000,0,0,0,2000,0,2000,2000
053195,玉晶光元富96購02,0,0,0,0,0,0,0,0,0,2000,0,0,0,2000,0,2000,2000
053312,緯穎凱基96購02  ,0,0,0,0,0,0,0,0,0,2000,0,0,0,2000,0,2000,2000
049100,華新科國泰96購01,0,0,0,0,0,0,0,0,0,2000,0,0,0,2000,0,2000,2000
048128,超眾元大95購01  ,0,0,0,0,0,0,0,0,0,2000,0,0,0,2000,0,2000,2000
047548,友達凱基99購03  ,0,0,0,0,0,0,0,0,0,2000,0,0,0,2000,0,2000,2000
04434P,玉晶光國票96售02,0,0,0,0,0,0,0,0,0,2000,0,0,0,2000,0,2000,2000
04514P,元石油中信97售01,0,0,0,0,0,0,0,0,0,2000,0,0,0,2000,0,2000,2000
051415,晶技國票96購01  ,0,0,0,0,0,0,0,0,0,2000,0,0,0,2000,0,2000,2000
05368P,可成元富95售03  ,0,0,0,0,0,0,0,0,0,2000,0,0,0,2000,0,2000,2000
051503,玉晶光統一97購01,0,0,0,0,0,0,0,0,0,2000,0,0,0,2000,0,2000,2000
053704,國巨群益96購06  ,0,0,0,0,0,0,0,0,0,2000,0,0,0,3000,1000,2000,2000
053593,晶技元大98購01  ,0,0,0,0,0,0,0,0,0,2000,0,0,0,99000,97000,2000,2000
050402,緯穎中信96購01  ,0,0,0,0,0,0,0,0,0,2000,0,0,0,2000,0,2000,2000
05063P,聯電元大96售03  ,0,0,0,0,0,0,0,0,0,2000,0,0,0,2000,0,2000,2000
03071X,元展66          ,0,0,0,0,0,0,0,0,0,2000,0,0,0,2000,0,2000,2000
0055,元大MSCI金融    ,0,0,0,0,0,0,0,0,0,2000,0,0,0,8000,6000,2000,2000
060054,華新科凱基9B購04,0,0,0,0,0,0,0,0,0,2000,0,0,0,5000,3000,2000,2000
059938,凱美永豐99購01  ,0,0,0,0,0,0,0,0,0,2000,0,0,0,2000,0,2000,2000
059901,滬深2X元大9C購07,0,0,0,0,0,0,0,0,0,2000,0,0,0,2000,0,2000,2000
060346,華新科統一01購01,0,0,0,0,0,0,0,0,0,2000,0,0,0,57000,55000,2000,2000
060369,滬深2X元富01購01,0,0,0,0,0,0,0,0,0,2000,0,0,0,2000,0,2000,2000
060387,盛群凱基9A購01  ,0,0,0,0,0,0,0,0,0,2000,0,0,0,2000,0,2000,2000
060185,聯發科元富04購01,0,0,0,0,0,0,0,0,0,2000,0,0,0,73000,71000,2000,2000
058723,元石油國泰9A購01,0,0,0,0,0,0,0,0,0,2000,0,0,0,2000,0,2000,2000
058744,FBVIX凱基9C購03 ,0,0,0,0,0,0,0,0,0,2000,0,0,0,2000,0,2000,2000
057777,可成群益9A購03  ,0,0,0,0,0,0,0,0,0,2000,0,0,0,7000,5000,2000,2000
059595,華新科元大9A購03,0,0,0,0,0,0,0,0,0,2000,0,0,0,3000,1000,2000,2000
059574,台表科凱基99購02,0,0,0,0,0,0,0,0,0,2000,0,0,0,2000,0,2000,2000
059674,玉山金元富99購02,0,0,0,0,0,0,0,0,0,2000,0,0,0,2000,0,2000,2000
058921,聯發科元富03購01,0,0,0,0,0,0,0,0,0,2000,0,0,0,2000,0,2000,2000
059488,大立光兆豐99購03,0,0,0,0,0,0,0,0,0,2000,0,0,0,2000,0,2000,2000
059424,SGBR2X元大9A購01,0,0,0,0,0,0,0,0,0,2000,0,0,0,439000,437000,2000,2000
05935P,台積電凱基96售19,0,0,0,0,0,0,0,0,0,2000,0,0,0,2000,0,2000,2000
058438,大立光統一9B購01,0,0,0,0,0,0,0,0,0,2000,0,0,0,28000,26000,2000,2000
05747P,漢唐群益96售03  ,0,0,0,0,0,0,0,0,0,2000,0,0,0,2000,0,2000,2000
05745P,富邦金兆豐96售02,0,0,0,0,0,0,0,0,0,2000,0,0,0,2000,0,2000,2000
057889,致新群益99購01  ,0,0,0,0,0,0,0,0,0,2000,0,0,0,2000,0,2000,2000
057360,元油2X元大98購10,0,0,0,0,0,0,0,0,0,2000,0,0,0,2000,0,2000,2000
059272,台灣50元大99購01,0,0,0,0,0,0,0,0,0,2000,0,0,0,2000,0,2000,2000
058798,大立光元大99購11,0,0,0,0,0,0,0,0,0,2000,0,0,0,2000,0,2000,2000
059168,奇力新凱基99購05,0,0,0,0,0,0,0,0,0,2000,0,0,0,2000,0,2000,2000
057572,明泰永豐98購01  ,0,0,0,0,0,0,0,0,0,2000,0,0,0,2000,0,2000,2000
057313,聯發科麥證99購01,0,0,0,2000,0,2000,0,0,0,2000,0,0,0,2000,0,2000,2000
6581,鋼聯            ,5000,3000,2000,0,0,0,0,0,0,0,0,0,0,0,0,0,2000
3494,誠研            ,2000,0,2000,0,0,0,0,0,0,0,0,0,0,0,0,0,2000
4572,駐龍            ,3000,1000,2000,0,0,0,0,0,0,0,0,0,0,0,0,0,2000
8422,可寧衛          ,45000,45000,0,0,0,0,0,0,0,2000,2000,0,2000,0,0,0,2000
9937,全國            ,2000,0,2000,0,0,0,0,0,0,0,0,0,0,0,0,0,2000
2546,根基            ,11000,11000,0,0,0,0,0,0,0,2000,2000,0,2000,0,0,0,2000
1521,大億            ,3000,1000,2000,0,0,0,0,0,0,0,0,0,0,0,0,0,2000
1568,倉佑            ,2000,0,2000,0,0,0,0,0,0,0,0,0,0,0,0,0,2000
07260P,台灣50元大9A售01,0,0,0,0,0,0,0,0,0,2000,0,0,0,2000,0,2000,2000
07340P,鴻海凱基99售15  ,0,0,0,0,0,0,0,0,0,2000,0,0,0,4000,2000,2000,2000
07242P,台灣50凱基9A售03,0,0,0,0,0,0,0,0,0,2000,0,0,0,12000,10000,2000,2000
07138P,台灣50群益9B售04,0,0,0,0,0,0,0,0,0,2000,0,0,0,2000,0,2000,2000
07165P,臺股指群益99售16,0,0,0,0,0,0,0,0,0,2000,0,0,0,10000,8000,2000,2000
07388P,臺股指群益9C售07,0,0,0,0,0,0,0,0,0,2000,0,0,0,4000,2000,2000,2000
07688P,華通元大9A售07  ,0,0,0,0,0,0,0,0,0,2000,0,0,0,25000,23000,2000,2000
07741P,滬深2X凱基9B售04,0,0,0,0,0,0,0,0,0,2000,0,0,0,19000,17000,2000,2000
07975P,國巨元大9B售15  ,0,0,0,0,0,0,0,0,0,2000,0,0,0,116000,114000,2000,2000
061386,道瓊銀群益9A購03,0,0,0,0,0,0,0,0,0,1000,0,0,0,1000,0,1000,1000
061438,牧德凱基9B購02  ,0,0,0,0,0,0,0,0,0,1000,0,0,0,1000,0,1000,1000
06115P,台積電統一97售04,0,0,0,0,0,0,0,0,0,1000,0,0,0,1000,0,1000,1000
061793,上銀永豐9B購01  ,0,0,0,0,0,0,0,0,0,1000,0,0,0,11000,10000,1000,1000
061651,世紀鋼元大9C購02,0,0,0,0,0,0,0,0,0,1000,0,0,0,55000,54000,1000,1000
061665,旺宏中信9C購01  ,0,0,0,0,0,0,0,0,0,1000,0,0,0,19000,18000,1000,1000
061504,祥碩國票9A購02  ,0,0,0,0,0,0,0,0,0,1000,0,0,0,1000,0,1000,1000
06084P,宏達電元富97售02,0,0,0,0,0,0,0,0,0,1000,0,0,0,1000,0,1000,1000
06062P,宏達電元富97售01,0,0,0,0,0,0,0,0,0,1000,0,0,0,1000,0,1000,1000
06235P,國巨元大97售12  ,0,0,0,0,0,0,0,0,0,1000,0,0,0,51000,50000,1000,1000
06239P,奇力新元大97售08,0,0,0,0,0,0,0,0,0,1000,0,0,0,14000,13000,1000,1000
062072,國巨元大9B購05  ,0,0,0,0,0,0,0,0,0,1000,0,0,0,1000,0,1000,1000
06184P,大立光元大97售06,0,0,0,0,0,0,0,0,0,1000,0,0,0,2000,1000,1000,1000
061853,晶技國票9B購02  ,0,0,0,0,0,0,0,0,0,1000,0,0,0,12000,11000,1000,1000
062018,台勝科永豐9B購01,0,0,0,0,0,0,0,0,0,1000,0,0,0,1000,0,1000,1000
06329P,大立光兆豐97售04,0,0,0,0,0,0,0,0,0,1000,0,0,0,1000,0,1000,1000
062654,技嘉永豐9B購01  ,0,0,0,0,0,0,0,0,0,1000,0,0,0,71000,70000,1000,1000
06452P,大立光元大98售08,0,0,0,0,0,0,0,0,0,1000,0,0,0,1000,0,1000,1000
06364P,鴻海凱基97售08  ,0,0,0,0,0,0,0,0,0,1000,0,0,0,1000,0,1000,1000
06441P,台積電凱基98售08,0,0,0,0,0,0,0,0,0,1000,0,0,0,1000,0,1000,1000
06940P,旺宏永豐98售05  ,0,0,0,0,0,0,0,0,0,1000,0,0,0,1000,0,1000,1000
07006P,旺宏統一9B售03  ,0,0,0,0,0,0,0,0,0,1000,0,0,0,4000,3000,1000,1000
06993P,鴻海凱基99售05  ,0,0,0,0,0,0,0,0,0,1000,0,0,0,85000,84000,1000,1000
06970P,旺宏元大99售08  ,0,0,0,0,0,0,0,0,0,1000,0,0,0,1000,0,1000,1000
06825P,臺股指國票98售01,0,0,0,0,0,0,0,0,0,1000,0,0,0,6000,5000,1000,1000
06715P,台積電元大99售04,0,0,0,0,0,0,0,0,0,1000,0,0,0,1000,0,1000,1000
00645,富邦日本        ,0,0,0,0,0,0,0,0,0,1000,0,0,0,81000,80000,1000,1000
00702,國泰標普低波高息,0,0,0,0,0,0,0,0,0,1000,0,0,0,1000,0,1000,1000
00706L,元大S&P日圓正2  ,0,0,0,0,0,0,0,0,0,1000,0,0,0,2000,1000,1000,1000
03038X,元展35          ,0,0,0,0,0,0,0,0,0,1000,0,0,0,1000,0,1000,1000
03618C,高股息凱基95牛01,0,0,0,0,0,0,0,0,0,1000,0,0,0,1000,0,1000,1000
03647C,T50反1元富99牛02,0,0,0,0,0,0,0,0,0,1000,0,0,0,1000,0,1000,1000
050491,旺宏國泰96購01  ,0,0,0,0,0,0,0,0,0,1000,0,0,0,1000,0,1000,1000
05067P,欣興兆豐96售02  ,0,0,0,0,0,0,0,0,0,1000,0,0,0,1000,0,1000,1000
050841,國巨國票96購02  ,0,0,0,0,0,0,0,0,0,1000,0,0,0,1000,0,1000,1000
051463,世芯國泰97購02  ,0,0,0,0,0,0,0,0,0,1000,0,0,0,1000,0,1000,1000
051558,元金2X國泰97購01,0,0,0,0,0,0,0,0,0,1000,0,0,0,1000,0,1000,1000
051318,上銀國票96購01  ,0,0,0,0,0,0,0,0,0,1000,0,0,0,1000,0,1000,1000
051449,玉晶光元大96購01,0,0,0,0,0,0,0,0,0,1000,0,0,0,1000,0,1000,1000
051323,康控國票96購01  ,0,0,0,0,0,0,0,0,0,1000,0,0,0,1000,0,1000,1000
051325,台光電台新96購01,0,0,0,0,0,0,0,0,0,1000,0,0,0,14000,13000,1000,1000
04289P,臺股指中信95售07,0,0,0,0,0,0,0,0,0,1000,0,0,0,1000,0,1000,1000
04590P,元石油元大97售01,0,0,0,0,0,0,0,0,0,1000,0,0,0,1000,0,1000,1000
046934,智邦元富96購01  ,0,0,0,0,0,0,0,0,0,1000,0,0,0,1000,0,1000,1000
04916P,大立光永昌96售02,0,0,0,0,0,0,0,0,0,1000,0,0,0,1000,0,1000,1000
048346,智易元大95購01  ,0,0,0,0,0,0,0,0,0,1000,0,0,0,1000,0,1000,1000
05345P,臺股指統一95售05,0,0,0,0,0,0,0,0,0,1000,0,0,0,1000,0,1000,1000
05337P,臺股指國票95售06,0,0,0,0,0,0,0,0,0,1000,0,0,0,1000,0,1000,1000
053130,聯發科麥證96購01,0,0,0,1000,0,1000,0,0,0,1000,0,0,0,1000,0,1000,1000
052342,茂林凱基96購01  ,0,0,0,0,0,0,0,0,0,1000,0,0,0,1000,0,1000,1000
053770,元金2X元大98購01,0,0,0,0,0,0,0,0,0,1000,0,0,0,1000,0,1000,1000
053773,上銀元大96購04  ,0,0,0,0,0,0,0,0,0,1000,0,0,0,1000,0,1000,1000
051749,矽力國泰97購01  ,0,0,0,0,0,0,0,0,0,1000,0,0,0,1000,0,1000,1000
05523P,聯發科國票96售04,0,0,0,0,0,0,0,0,0,1000,0,0,0,4000,3000,1000,1000
052463,聯電統一96購01  ,0,0,0,0,0,0,0,0,0,1000,0,0,0,12000,11000,1000,1000
052674,智邦國泰98購01  ,0,0,0,0,0,0,0,0,0,1000,0,0,0,1000,0,1000,1000
052713,智邦凱基96購01  ,0,0,0,0,0,0,0,0,0,1000,0,0,0,1000,0,1000,1000
052719,致新凱基96購01  ,0,0,0,0,0,0,0,0,0,1000,0,0,0,1000,0,1000,1000
053788,泰鼎元大97購01  ,0,0,0,0,0,0,0,0,0,1000,0,0,0,1000,0,1000,1000
05382P,電子類群益95售02,0,0,0,0,0,0,0,0,0,1000,0,0,0,1000,0,1000,1000
053884,緯穎第一96購01  ,0,0,0,0,0,0,0,0,0,1000,0,0,0,1000,0,1000,1000
055280,智邦元大97購01  ,0,0,0,0,0,0,0,0,0,1000,0,0,0,1000,0,1000,1000
056425,聯發科日盛9A購01,0,0,0,0,0,0,0,0,0,1000,0,0,0,1000,0,1000,1000
056085,聯發科統一97購01,0,0,0,0,0,0,0,0,0,1000,0,0,0,1000,0,1000,1000
056017,台積電群益97購04,0,0,0,0,0,0,0,0,0,1000,0,0,0,1000,0,1000,1000
056341,宏達電凱基9A購01,0,0,0,0,0,0,0,0,0,1000,0,0,0,1000,0,1000,1000
05547P,群創元大96售03  ,0,0,0,0,0,0,0,0,0,1000,0,0,0,1000,0,1000,1000
054845,智邦兆豐98購01  ,0,0,0,0,0,0,0,0,0,1000,0,0,0,1000,0,1000,1000
054345,世芯國票96購02  ,0,0,0,0,0,0,0,0,0,1000,0,0,0,1000,0,1000,1000
05580P,美律凱基96售03  ,0,0,0,0,0,0,0,0,0,1000,0,0,0,1000,0,1000,1000
054625,旺宏凱基98購03  ,0,0,0,0,0,0,0,0,0,1000,0,0,0,1000,0,1000,1000
054140,智易元大97購03  ,0,0,0,0,0,0,0,0,0,1000,0,0,0,201000,200000,1000,1000
055692,緯穎凱基97購03  ,0,0,0,0,0,0,0,0,0,1000,0,0,0,98000,97000,1000,1000
05469P,台積電元大95售24,0,0,0,0,0,0,0,0,0,1000,0,0,0,1000,0,1000,1000
058310,大立光元大99購10,0,0,0,0,0,0,0,0,0,1000,0,0,0,15000,14000,1000,1000
058671,旺宏群益9A購01  ,0,0,0,0,0,0,0,0,0,1000,0,0,0,10000,9000,1000,1000
058644,元黃金富邦03購01,0,0,0,0,0,0,0,0,0,1000,0,0,0,1000,0,1000,1000
058186,聯發科永豐99購01,0,0,0,0,0,0,0,0,0,1000,0,0,0,1000,0,1000,1000
05860P,旺宏康和96售01  ,0,0,0,0,0,0,0,0,0,1000,0,0,0,1000,0,1000,1000
057580,玉山金中信9A購01,0,0,0,0,0,0,0,0,0,1000,0,0,0,1000,0,1000,1000
057550,聯發科凱基02購01,0,0,0,0,0,0,0,0,0,1000,0,0,0,1000,0,1000,1000
059172,台郡凱基99購03  ,0,0,0,0,0,0,0,0,0,1000,0,0,0,1000,0,1000,1000
059139,全新兆豐9A購01  ,0,0,0,0,0,0,0,0,0,1000,0,0,0,1000,0,1000,1000
05913P,國巨元大96售11  ,0,0,0,0,0,0,0,0,0,1000,0,0,0,1000,0,1000,1000
059114,華新科永豐99購05,0,0,0,0,0,0,0,0,0,1000,0,0,0,20000,19000,1000,1000
05903P,聯發科統一96售09,0,0,0,0,0,0,0,0,0,1000,0,0,0,1000,0,1000,1000
058274,世紀鋼永豐99購01,0,0,0,0,0,0,0,0,0,1000,0,0,0,22000,21000,1000,1000
05886P,華通元富96售01  ,0,0,0,0,0,0,0,0,0,1000,0,0,0,25000,24000,1000,1000
058828,大毅永豐99購01  ,0,0,0,0,0,0,0,0,0,1000,0,0,0,1000,0,1000,1000
05877P,大立光群益96售06,0,0,0,0,0,0,0,0,0,1000,0,0,0,1000,0,1000,1000
059474,元石油群益99購01,0,0,0,0,0,0,0,0,0,1000,0,0,0,1000,0,1000,1000
059608,聯發科富邦9B購04,0,0,0,0,0,0,0,0,0,1000,0,0,0,1000,0,1000,1000
059613,泰鼎永豐99購02  ,0,0,0,0,0,0,0,0,0,1000,0,0,0,43000,42000,1000,1000
059630,美律凱基99購07  ,0,0,0,0,0,0,0,0,0,1000,0,0,0,1000,0,1000,1000
056892,旺宏元大9A購02  ,0,0,0,0,0,0,0,0,0,1000,0,0,0,1000,0,1000,1000
057743,華擎永豐98購03  ,0,0,0,0,0,0,0,0,0,1000,0,0,0,79000,78000,1000,1000
057978,聯發科永豐98購05,0,0,0,0,0,0,0,0,0,1000,0,0,0,1000,0,1000,1000
057983,緯穎永豐98購03  ,0,0,0,0,0,0,0,0,0,1000,0,0,0,2000,1000,1000,1000
058047,可成元大98購11  ,0,0,0,0,0,0,0,0,0,1000,0,0,0,11000,10000,1000,1000
058049,帆宣元大98購01  ,0,0,0,0,0,0,0,0,0,1000,0,0,0,1000,0,1000,1000
058053,上銀統一9B購01  ,0,0,0,0,0,0,0,0,0,1000,0,0,0,48000,47000,1000,1000
057641,旺宏元大98購10  ,0,0,0,0,0,0,0,0,0,1000,0,0,0,1000,0,1000,1000
058698,華通元大99購05  ,0,0,0,0,0,0,0,0,0,1000,0,0,0,166000,165000,1000,1000
056722,滬深反中信9B購01,0,0,0,0,0,0,0,0,0,1000,0,0,0,1000,0,1000,1000
060219,聯發科凱基9A購09,0,0,0,0,0,0,0,0,0,1000,0,0,0,1000,0,1000,1000
060407,南六國泰9C購01  ,0,0,0,0,0,0,0,0,0,1000,0,0,0,1000,0,1000,1000
060426,盛群永豐9A購01  ,0,0,0,0,0,0,0,0,0,1000,0,0,0,1000,0,1000,1000
060481,巨大元大9A購01  ,0,0,0,0,0,0,0,0,0,1000,0,0,0,2000,1000,1000,1000
059847,喬山永豐99購01  ,0,0,0,0,0,0,0,0,0,1000,0,0,0,5000,4000,1000,1000
060112,祥碩元大99購04  ,0,0,0,0,0,0,0,0,0,1000,0,0,0,8000,7000,1000,1000
060010,義隆群益99購02  ,0,0,0,0,0,0,0,0,0,1000,0,0,0,2000,1000,1000,1000
060013,S&P正2康和99購01,0,0,0,0,0,0,0,0,0,1000,0,0,0,1000,0,1000,1000
07890P,南電國票9B售01  ,0,0,0,0,0,0,0,0,0,1000,0,0,0,4000,3000,1000,1000
07892P,臺股指國票9B售02,0,0,0,0,0,0,0,0,0,1000,0,0,0,1000,0,1000,1000
07848P,旺宏群益9B售01  ,0,0,0,0,0,0,0,0,0,1000,0,0,0,2000,1000,1000,1000
07873P,華新科群益9B售03,0,0,0,0,0,0,0,0,0,1000,0,0,0,1000,0,1000,1000
07808P,超眾永豐9A售04  ,0,0,0,0,0,0,0,0,0,1000,0,0,0,1000,0,1000,1000
07737P,華通永豐9A售01  ,0,0,0,0,0,0,0,0,0,1000,0,0,0,1000,0,1000,1000
07699P,臺股指元大9A售52,0,0,0,0,0,0,0,0,0,1000,0,0,0,1000,0,1000,1000
07640P,國巨群益9A售07  ,0,0,0,0,0,0,0,0,0,1000,0,0,0,1000,0,1000,1000
07387P,臺股指群益99售25,0,0,0,0,0,0,0,0,0,1000,0,0,0,1000,0,1000,1000
07382P,台積電群益9B售01,0,0,0,0,0,0,0,0,0,1000,0,0,0,1000,0,1000,1000
07429P,臺股指國票9A售01,0,0,0,0,0,0,0,0,0,1000,0,0,0,1000,0,1000,1000
07520P,臺股指元大9B售11,0,0,0,0,0,0,0,0,0,1000,0,0,0,1000,0,1000,1000
07194P,聯發科元大99售25,0,0,0,0,0,0,0,0,0,1000,0,0,0,2000,1000,1000,1000
07243P,台灣50凱基9A售04,0,0,0,0,0,0,0,0,0,1000,0,0,0,10000,9000,1000,1000
1541,錩泰            ,9000,10000,-1000,0,0,0,0,0,0,2000,2000,0,2000,0,0,0,1000
1702,南僑            ,31000,34000,-3000,0,0,0,0,0,0,4000,4000,0,4000,0,0,0,1000
2008,高興昌          ,1000,0,1000,0,0,0,0,0,0,0,0,0,0,0,0,0,1000
2302,麗正            ,1000,0,1000,0,0,0,0,0,0,0,0,0,0,0,0,0,1000
2010,春源            ,53000,52000,1000,0,0,0,0,0,0,0,0,0,0,0,0,0,1000
2015,豐興            ,47000,46000,1000,0,0,0,0,0,0,0,0,0,0,0,0,0,1000
2115,六暉-KY         ,1000,0,1000,0,0,0,0,0,0,0,0,0,0,0,0,0,1000
1535,中宇            ,1000,0,1000,0,0,0,0,0,0,0,0,0,0,0,0,0,1000
1323,永裕            ,5000,5000,0,0,0,0,0,0,0,1000,1000,0,1000,0,0,0,1000
2543,皇昌            ,1000,0,1000,0,0,0,0,0,0,0,0,0,0,0,0,0,1000
2611,志信            ,1000,0,1000,0,0,0,0,0,0,0,0,0,0,0,0,0,1000
2612,中航            ,24000,23000,1000,0,0,0,0,0,0,0,0,0,0,0,0,0,1000
2516,新建            ,1000,0,1000,0,0,0,0,0,0,0,0,0,0,0,0,0,1000
2465,麗臺            ,1000,0,1000,0,0,0,0,0,0,0,0,0,0,0,0,0,1000
2460,建通            ,1000,0,1000,0,0,0,0,0,0,0,0,0,0,0,0,0,1000
2440,太空梭          ,0,0,0,0,0,0,0,0,0,1000,1000,0,1000,0,0,0,1000
2881A,富邦特          ,0,0,0,0,0,0,0,0,0,1000,1000,0,1000,0,0,0,1000
2881B,富邦金乙特      ,0,0,0,0,0,0,0,0,0,1000,1000,0,1000,0,0,0,1000
3130,一零四          ,1000,0,1000,0,0,0,0,0,0,0,0,0,0,0,0,0,1000
3057,喬鼎            ,1000,0,1000,0,0,0,0,0,0,0,0,0,0,0,0,0,1000
3013,晟銘電          ,2000,1000,1000,0,0,0,0,0,0,0,0,0,0,0,0,0,1000
3021,鴻名            ,0,0,0,0,0,0,0,0,0,1000,1000,0,1000,0,0,0,1000
3027,盛達            ,2000,1000,1000,0,0,0,0,0,0,0,0,0,0,0,0,0,1000
3040,遠見            ,0,0,0,0,0,0,0,0,0,1000,1000,0,1000,0,0,0,1000
9929,秋雨            ,1000,0,1000,0,0,0,0,0,0,0,0,0,0,0,0,0,1000
9918,欣天然          ,1000,0,1000,0,0,0,0,0,0,0,0,0,0,0,0,0,1000
8442,威宏-KY         ,0,0,0,0,0,0,0,0,0,1000,1000,0,1000,0,0,0,1000
8499,鼎炫-KY         ,10000,9000,1000,0,0,0,0,0,0,0,0,0,0,0,0,0,1000
8480,泰昇-KY         ,128000,138000,-10000,0,0,0,0,0,0,11000,11000,0,11000,0,0,0,1000
910861,神州-DR         ,1000,0,1000,0,0,0,0,0,0,0,0,0,0,0,0,0,1000
912000,晨訊科-DR       ,1000,0,1000,0,0,0,0,0,0,0,0,0,0,0,0,0,1000
5284,jpp-KY          ,2000,1000,1000,0,0,0,0,0,0,0,0,0,0,0,0,0,1000
3550,聯穎            ,0,0,0,0,0,0,0,0,0,1000,1000,0,1000,0,0,0,1000
3416,融程電          ,1000,0,1000,0,0,0,0,0,0,0,0,0,0,0,0,0,1000
3701,大眾控          ,1000,0,1000,0,0,0,0,0,0,0,0,0,0,0,0,0,1000
6579,研揚            ,2000,1000,1000,0,0,0,0,0,0,0,0,0,0,0,0,0,1000
8201,無敵            ,3000,2000,1000,0,0,0,0,0,0,0,0,0,0,0,0,0,1000
6674,鋐寶科技        ,1000,1000,0,0,0,0,0,0,0,1000,1000,0,1000,0,0,0,1000
6164,華興            ,1000,1000,0,0,0,0,0,0,0,1000,1000,0,1000,0,0,0,1000
6152,百一            ,3000,2000,1000,0,0,0,0,0,0,0,0,0,0,0,0,0,1000
5538,東明-KY         ,1000,0,1000,0,0,0,0,0,0,0,0,0,0,0,0,0,1000
06724P,台灣50國票98售01,0,0,0,0,0,0,0,0,0,0,0,0,0,2000,2000,0,0
06713P,臺股指富邦99售04,0,0,0,0,0,0,0,0,0,0,0,0,0,2000000,2000000,0,0
06675P,國巨國票99售02  ,0,0,0,0,0,0,0,0,0,0,0,0,0,10000,10000,0,0
06640P,國巨兆豐99售02  ,0,0,0,0,0,0,0,0,0,0,0,0,0,11000,11000,0,0
06790P,台積電凱基9A售04,0,0,0,0,0,0,0,0,0,0,0,0,0,9000,9000,0,0
06761P,台積電元大99售05,0,0,0,0,0,0,0,0,0,0,0,0,0,260000,260000,0,0
06767P,台積電永昌99售03,0,0,0,0,0,0,0,0,0,0,0,0,0,15000,15000,0,0
06847P,奇力新元大98售05,0,0,0,0,0,0,0,0,0,0,0,0,0,21000,21000,0,0
06895P,台灣50統一9A售01,0,0,0,0,0,0,0,0,0,0,0,0,0,10000,10000,0,0
06873P,嘉晶元富98售02  ,0,0,0,0,0,0,0,0,0,0,0,0,0,151000,151000,0,0
06919P,臺股指日盛98售02,0,0,0,0,0,0,0,0,0,0,0,0,0,10000,10000,0,0
07115P,T50反1日盛9C售02,0,0,0,0,0,0,0,0,0,0,0,0,0,300000,300000,0,0
07093P,台積電凱基99售07,0,0,0,0,0,0,0,0,0,0,0,0,0,100000,100000,0,0
06472P,道瓊銀元大98售03,0,0,0,0,0,0,0,0,0,0,0,0,0,20000,20000,0,0
06485P,玉晶光群益9A售02,0,0,0,0,0,0,0,0,0,0,0,0,0,8000,8000,0,0
06494P,鴻海永昌98售03  ,0,0,0,0,0,0,0,0,0,0,0,0,0,10000,10000,0,0
06495P,華新科亞東9A售01,0,0,0,0,0,0,0,0,0,0,0,0,0,10000,10000,0,0
06587P,國巨元大98售13  ,0,0,0,0,0,0,0,0,0,0,0,0,0,1000,1000,0,0
06553P,訊芯元大98售05  ,0,0,0,0,0,0,0,0,0,0,0,0,0,60000,60000,0,0
06516P,國巨凱基98售08  ,0,0,0,0,0,0,0,0,0,0,0,0,0,3000,3000,0,0
062728,健策凱基9B購04  ,0,0,0,0,0,0,0,0,0,0,0,0,0,1000,1000,0,0
06355P,聯茂永豐97售02  ,0,0,0,0,0,0,0,0,0,0,0,0,0,60000,60000,0,0
062600,可成台新9B購01  ,0,0,0,0,0,0,0,0,0,0,0,0,0,2000,2000,0,0
06201P,可成元大97售01  ,0,0,0,0,0,0,0,0,0,0,0,0,0,20000,20000,0,0
062013,奇鋐富邦9B購01  ,0,0,0,0,0,0,0,0,0,0,0,0,0,10000,10000,0,0
061989,晶技元大9B購04  ,0,0,0,0,0,0,0,0,0,0,0,0,0,55000,55000,0,0
061933,光寶科國票9B購01,0,0,0,0,0,0,0,0,0,0,0,0,0,5000,5000,0,0
061893,鴻海永豐9B購01  ,0,0,0,0,0,0,0,0,0,0,0,0,0,10000,10000,0,0
062033,瀚宇博群益9B購01,0,0,0,0,0,0,0,0,0,0,0,0,0,10000,10000,0,0
062149,牧德國票9B購01  ,0,0,0,0,0,0,0,0,0,0,0,0,0,3000,3000,0,0
06211P,鴻海元大98售04  ,0,0,0,0,0,0,0,0,0,0,0,0,0,340000,340000,0,0
062386,京鼎國泰9C購01  ,0,0,0,0,0,0,0,0,0,0,0,0,0,170000,170000,0,0
062422,億光統一01購01  ,0,0,0,0,0,0,0,0,0,0,0,0,0,25000,25000,0,0
062455,鴻海群益9C購01  ,0,0,0,0,0,0,0,0,0,0,0,0,0,5000,5000,0,0
062478,牧德國票9B購03  ,0,0,0,0,0,0,0,0,0,0,0,0,0,1000,1000,0,0
062521,玉晶光元大9C購05,0,0,0,0,0,0,0,0,0,0,0,0,0,2000,2000,0,0
062356,國巨元大9B購10  ,0,0,0,0,0,0,0,0,0,0,0,0,0,15000,15000,0,0
062283,玉晶光群益01購01,0,0,0,0,0,0,0,0,0,0,0,0,0,6000,6000,0,0
062259,可成元大9B購03  ,0,0,0,0,0,0,0,0,0,0,0,0,0,3000,3000,0,0
060635,義隆永豐9A購01  ,0,0,0,0,0,0,0,0,0,0,0,0,0,3000,3000,0,0
060648,鴻海第一9A購01  ,0,0,0,0,0,0,0,0,0,0,0,0,0,9000,9000,0,0
060610,玉晶光凱基9B購02,0,0,0,0,0,0,0,0,0,0,0,0,0,5000,5000,0,0
060529,聯發科中信9A購04,0,0,0,0,0,0,0,0,0,0,0,0,0,10000,10000,0,0
060499,鴻海元大9A購11  ,0,0,0,0,0,0,0,0,0,0,0,0,0,7000,7000,0,0
060524,國巨中信9A購03  ,0,0,0,0,0,0,0,0,0,0,0,0,0,50000,50000,0,0
060660,國巨凱基9B購04  ,0,0,0,0,0,0,0,0,0,0,0,0,0,10000,10000,0,0
060737,瑞儀統一9C購01  ,0,0,0,0,0,0,0,0,0,0,0,0,0,15000,15000,0,0
060721,瑞儀永豐9A購01  ,0,0,0,0,0,0,0,0,0,0,0,0,0,99000,99000,0,0
060837,上銀國票9A購04  ,0,0,0,0,0,0,0,0,0,0,0,0,0,7000,7000,0,0
060875,華通中信02購01  ,0,0,0,0,0,0,0,0,0,0,0,0,0,10000,10000,0,0
060986,聯發科元大9A購07,0,0,0,0,0,0,0,0,0,0,0,0,0,75000,75000,0,0
060983,南亞科元大9A購06,0,0,0,0,0,0,0,0,0,0,0,0,0,10000,10000,0,0
060913,宏達電元大9A購03,0,0,0,0,0,0,0,0,0,0,0,0,0,68000,68000,0,0
060940,國巨國票9B購03  ,0,0,0,0,0,0,0,0,0,0,0,0,0,1000,1000,0,0
061136,可成統一9A購01  ,0,0,0,0,0,0,0,0,0,0,0,0,0,52000,52000,0,0
061152,微星群益9A購01  ,0,0,0,0,0,0,0,0,0,0,0,0,0,41000,41000,0,0
061106,群創元大9B購09  ,0,0,0,0,0,0,0,0,0,0,0,0,0,16000,16000,0,0
06106P,國巨群益97售02  ,0,0,0,0,0,0,0,0,0,0,0,0,0,936000,936000,0,0
06100P,台積電日盛97售03,0,0,0,0,0,0,0,0,0,0,0,0,0,40000,40000,0,0
061505,力成國票9A購03  ,0,0,0,0,0,0,0,0,0,0,0,0,0,38000,38000,0,0
061498,大立光國票9A購10,0,0,0,0,0,0,0,0,0,0,0,0,0,7000,7000,0,0
061545,華新科群益9A購09,0,0,0,0,0,0,0,0,0,0,0,0,0,14000,14000,0,0
061753,南亞科台新9B購01,0,0,0,0,0,0,0,0,0,0,0,0,0,1000,1000,0,0
061768,晶技元大9B購02  ,0,0,0,0,0,0,0,0,0,0,0,0,0,68000,68000,0,0
061765,義隆元大9B購01  ,0,0,0,0,0,0,0,0,0,0,0,0,0,60000,60000,0,0
06182P,群創兆豐97售03  ,0,0,0,0,0,0,0,0,0,0,0,0,0,10000,10000,0,0
061813,鴻海群益9B購02  ,0,0,0,0,0,0,0,0,0,0,0,0,0,15000,15000,0,0
061719,緯穎凱基9A購06  ,0,0,0,0,0,0,0,0,0,0,0,0,0,11000,11000,0,0
061669,崇越中信9A購01  ,0,0,0,0,0,0,0,0,0,0,0,0,0,133000,133000,0,0
061420,國巨元大9A購22  ,0,0,0,0,0,0,0,0,0,0,0,0,0,25000,25000,0,0
061458,臻鼎凱基9A購02  ,0,0,0,0,0,0,0,0,0,0,0,0,0,10000,10000,0,0
061393,緯穎群益9A購01  ,0,0,0,0,0,0,0,0,0,0,0,0,0,5000,5000,0,0
061340,義隆元大9A購01  ,0,0,0,0,0,0,0,0,0,0,0,0,0,3000,3000,0,0
058184,鴻海永豐99購01  ,0,0,0,0,0,0,0,0,0,0,0,0,0,10000,10000,0,0
05818P,大立光凱基96售14,0,0,0,0,0,0,0,0,0,0,0,0,0,10000,10000,0,0
058683,可成凱基9A購01  ,0,0,0,0,0,0,0,0,0,0,0,0,0,3000,3000,0,0
058311,緯穎元大99購05  ,0,0,0,0,0,0,0,0,0,0,0,0,0,2000,2000,0,0
058320,華新科永豐99購02,0,0,0,0,0,0,0,0,0,0,0,0,0,10000,10000,0,0
058330,鴻海元富99購01  ,0,0,0,0,0,0,0,0,0,0,0,0,0,409000,409000,0,0
058331,鴻海元富99購02  ,0,0,0,0,0,0,0,0,0,0,0,0,0,3493000,3493000,0,0
058332,鴻海元富99購03  ,0,0,0,0,0,0,0,0,0,0,0,0,0,183000,183000,0,0
054728,聯發科日盛97購01,0,0,0,0,0,0,0,0,0,0,0,0,0,5000,5000,0,0
05846P,大立光元大96售07,0,0,0,0,0,0,0,0,0,0,0,0,0,350000,350000,0,0
058484,元金2X國票04購01,0,0,0,0,0,0,0,0,0,0,0,0,0,5000,5000,0,0
058355,旺宏凱基99購04  ,0,0,0,0,0,0,0,0,0,0,0,0,0,1000,1000,0,0
058524,超眾元大99購04  ,0,0,0,0,0,0,0,0,0,0,0,0,0,60000,60000,0,0
055713,國巨元大98購09  ,0,0,0,0,0,0,0,0,0,0,0,0,0,1000,1000,0,0
054259,健策元大97購03  ,0,0,0,0,0,0,0,0,0,0,0,0,0,40000,40000,0,0
054265,GIS元大96購03   ,0,0,0,0,0,0,0,0,0,0,0,0,0,234000,234000,0,0
054233,聯發科群益96購04,0,0,0,0,0,0,0,0,0,0,0,0,0,30000,30000,0,0
05414P,台表科國票96售02,0,0,0,0,0,0,0,0,0,0,0,0,0,14000,14000,0,0
055966,茂林元大99購01  ,0,0,0,0,0,0,0,0,0,0,0,0,0,30000,30000,0,0
054161,友訊凱基98購01  ,0,0,0,0,0,0,0,0,0,0,0,0,0,50000,50000,0,0
054157,國巨亞東96購01  ,0,0,0,0,0,0,0,0,0,0,0,0,0,10000,10000,0,0
054588,玉晶光國泰99購02,0,0,0,0,0,0,0,0,0,0,0,0,0,11000,11000,0,0
054287,台積電元大97購11,0,0,0,0,0,0,0,0,0,0,0,0,0,19000,19000,0,0
054411,光磊元大97購02  ,0,0,0,0,0,0,0,0,0,0,0,0,0,68000,68000,0,0
054872,瀚宇博群益98購01,0,0,0,0,0,0,0,0,0,0,0,0,0,98000,98000,0,0
05480P,滬深2X凱基96售05,0,0,0,0,0,0,0,0,0,0,0,0,0,50000,50000,0,0
054913,億光凱基97購01  ,0,0,0,0,0,0,0,0,0,0,0,0,0,49000,49000,0,0
054881,光罩統一97購01  ,0,0,0,0,0,0,0,0,0,0,0,0,0,6000,6000,0,0
056484,聯茂元大98購02  ,0,0,0,0,0,0,0,0,0,0,0,0,0,1000,1000,0,0
055448,健策統一97購02  ,0,0,0,0,0,0,0,0,0,0,0,0,0,200000,200000,0,0
055406,大毅國泰99購01  ,0,0,0,0,0,0,0,0,0,0,0,0,0,10000,10000,0,0
055408,力成國泰98購01  ,0,0,0,0,0,0,0,0,0,0,0,0,0,10000,10000,0,0
055489,瑞昱元大97購02  ,0,0,0,0,0,0,0,0,0,0,0,0,0,10000,10000,0,0
054458,復盛群益96購01  ,0,0,0,0,0,0,0,0,0,0,0,0,0,98000,98000,0,0
054971,帆宣元大97購02  ,0,0,0,0,0,0,0,0,0,0,0,0,0,100000,100000,0,0
056307,貿聯元大97購05  ,0,0,0,0,0,0,0,0,0,0,0,0,0,68000,68000,0,0
056298,億光元大97購02  ,0,0,0,0,0,0,0,0,0,0,0,0,0,68000,68000,0,0
054092,大立光群益97購01,0,0,0,0,0,0,0,0,0,0,0,0,0,60000,60000,0,0
054075,GIS富邦97購02   ,0,0,0,0,0,0,0,0,0,0,0,0,0,20000,20000,0,0
054076,義隆第一96購01  ,0,0,0,0,0,0,0,0,0,0,0,0,0,25000,25000,0,0
05638P,國巨統一96售04  ,0,0,0,0,0,0,0,0,0,0,0,0,0,50000,50000,0,0
054021,義隆台新96購01  ,0,0,0,0,0,0,0,0,0,0,0,0,0,10000,10000,0,0
054050,創意元大96購06  ,0,0,0,0,0,0,0,0,0,0,0,0,0,68000,68000,0,0
053979,健策元大98購01  ,0,0,0,0,0,0,0,0,0,0,0,0,0,10000,10000,0,0
056020,義隆群益97購01  ,0,0,0,0,0,0,0,0,0,0,0,0,0,4000,4000,0,0
056062,大立光元大97購12,0,0,0,0,0,0,0,0,0,0,0,0,0,250000,250000,0,0
056064,大立光元大97購14,0,0,0,0,0,0,0,0,0,0,0,0,0,363000,363000,0,0
055583,國巨元大97購10  ,0,0,0,0,0,0,0,0,0,0,0,0,0,12000,12000,0,0
056143,訊芯元大97購04  ,0,0,0,0,0,0,0,0,0,0,0,0,0,68000,68000,0,0
056137,聯鈞元大9A購01  ,0,0,0,0,0,0,0,0,0,0,0,0,0,20000,20000,0,0
056139,貿聯元大97購04  ,0,0,0,0,0,0,0,0,0,0,0,0,0,68000,68000,0,0
056134,可成元大97購06  ,0,0,0,0,0,0,0,0,0,0,0,0,0,10000,10000,0,0
056095,臻鼎元富9A購01  ,10000,0,10000,0,0,0,0,0,0,-10000,0,0,0,0,10000,-10000,0
05617P,大立光統一97售02,0,0,0,0,0,0,0,0,0,0,0,0,0,10000,10000,0,0
055288,日電貿元大97購02,0,0,0,0,0,0,0,0,0,0,0,0,0,100000,100000,0,0
056404,嘉聯益群益9A購01,0,0,0,0,0,0,0,0,0,0,0,0,0,100000,100000,0,0
053875,GIS元大97購01   ,0,0,0,0,0,0,0,0,0,0,0,0,0,28000,28000,0,0
053871,臻鼎元大96購03  ,0,0,0,0,0,0,0,0,0,0,0,0,0,68000,68000,0,0
053787,健策元大97購02  ,0,0,0,0,0,0,0,0,0,0,0,0,0,60000,60000,0,0
052740,聯發科元大96購07,0,0,0,0,0,0,0,0,0,0,0,0,0,310000,310000,0,0
052662,華新科國票97購01,0,0,0,0,0,0,0,0,0,0,0,0,0,190000,190000,0,0
052711,滬深2X凱基97購01,0,0,0,0,0,0,0,0,0,0,0,0,0,499000,499000,0,0
052642,滬深2X永豐96購03,0,0,0,0,0,0,0,0,0,0,0,0,0,25000,25000,0,0
052647,晶技永豐97購01  ,0,0,0,0,0,0,0,0,0,0,0,0,0,10000,10000,0,0
052625,南電亞東97購01  ,0,0,0,0,0,0,0,0,0,0,0,0,0,40000,40000,0,0
055244,國巨統一98購01  ,0,0,0,0,0,0,0,0,0,0,0,0,0,33000,33000,0,0
055230,大毅國票98購01  ,0,0,0,0,0,0,0,0,0,0,0,0,0,1000,1000,0,0
055238,茂林台新97購01  ,0,0,0,0,0,0,0,0,0,0,0,0,0,10000,10000,0,0
052795,健策兆豐97購01  ,0,0,0,0,0,0,0,0,0,0,0,0,0,10000,10000,0,0
052814,上証2X永豐96購02,0,0,0,0,0,0,0,0,0,0,0,0,0,141000,141000,0,0
052815,滬深2X永豐97購01,0,0,0,0,0,0,0,0,0,0,0,0,0,33000,33000,0,0
05376P,聯發科日盛95售04,0,0,0,0,0,0,0,0,0,0,0,0,0,150000,150000,0,0
051667,光磊元大96購02  ,0,0,0,0,0,0,0,0,0,0,0,0,0,50000,50000,0,0
053758,華新科國泰97購02,0,0,0,0,0,0,0,0,0,0,0,0,0,20000,20000,0,0
052038,國巨永昌96購01  ,0,0,0,0,0,0,0,0,0,0,0,0,0,35000,35000,0,0
052387,台積電群益95購08,0,0,0,0,0,0,0,0,0,0,0,0,0,10000,10000,0,0
052428,嘉晶永豐95購01  ,0,0,0,0,0,0,0,0,0,0,0,0,0,10000,10000,0,0
052884,台積電兆豐96購01,0,0,0,0,0,0,0,0,0,0,0,0,0,10000,10000,0,0
052940,玉晶光兆豐97購01,0,0,0,0,0,0,0,0,0,0,0,0,0,1000,1000,0,0
052193,國巨元富95購06  ,0,0,0,0,0,0,0,0,0,0,0,0,0,10000,10000,0,0
052280,聯發科凱基95購11,0,0,0,0,0,0,0,0,0,0,0,0,0,20000,20000,0,0
053116,華新科中信96購01,0,0,0,0,0,0,0,0,0,0,0,0,0,240000,240000,0,0
053126,健策凱基97購02  ,0,0,0,0,0,0,0,0,0,0,0,0,0,20000,20000,0,0
05315P,鴻海永昌96售08  ,0,0,0,0,0,0,0,0,0,0,0,0,0,450000,450000,0,0
053065,大立光群益96購01,0,0,0,0,0,0,0,0,0,0,0,0,0,100000,100000,0,0
05304P,國巨國泰97售02  ,0,0,0,0,0,0,0,0,0,0,0,0,0,65000,65000,0,0
053021,國巨國泰97購04  ,0,0,0,0,0,0,0,0,0,0,0,0,0,10000,10000,0,0
053376,鴻海元大96購19  ,0,0,0,0,0,0,0,0,0,0,0,0,0,299000,299000,0,0
053353,玉晶光兆豐97購03,0,0,0,0,0,0,0,0,0,0,0,0,0,160000,160000,0,0
053475,華新科元大96購05,0,0,0,0,0,0,0,0,0,0,0,0,0,50000,50000,0,0
053451,致新凱基96購02  ,0,0,0,0,0,0,0,0,0,0,0,0,0,50000,50000,0,0
048574,台積電國泰95購02,0,0,0,0,0,0,0,0,0,0,0,0,0,2000,2000,0,0
048848,滬深2X群益98購02,0,0,0,0,0,0,0,0,0,0,0,0,0,400000,400000,0,0
046629,群創統一98購01  ,0,0,0,0,0,0,0,0,0,0,0,0,0,10000,10000,0,0
047213,新日興富邦97購01,0,0,0,0,0,0,0,0,0,0,0,0,0,60000,60000,0,0
048001,中工元大96購01  ,0,0,0,0,0,0,0,0,0,0,0,0,0,57000,57000,0,0
051424,緯穎國票97購01  ,0,0,0,0,0,0,0,0,0,0,0,0,0,10000,10000,0,0
051300,台光電凱基96購02,0,0,0,0,0,0,0,0,0,0,0,0,0,10000,10000,0,0
053747,滬深2X永豐96購05,0,0,0,0,0,0,0,0,0,0,0,0,0,3000,3000,0,0
051471,國巨凱基97購01  ,0,0,0,0,0,0,0,0,0,0,0,0,0,22000,22000,0,0
053682,臺股指富邦96購03,0,0,0,0,0,0,0,0,0,0,0,0,0,1558000,1558000,0,0
05365P,臺股指富邦95售05,0,0,0,0,0,0,0,0,0,0,0,0,0,1420000,1420000,0,0
053561,玉晶光國泰98購01,0,0,0,0,0,0,0,0,0,0,0,0,0,10000,10000,0,0
053577,上証2X元大96購02,0,0,0,0,0,0,0,0,0,0,0,0,0,100000,100000,0,0
050782,台積電國泰96購03,0,0,0,0,0,0,0,0,0,0,0,0,0,170000,170000,0,0
050774,健策元大96購02  ,0,0,0,0,0,0,0,0,0,0,0,0,0,50000,50000,0,0
050485,國巨統一96購01  ,0,0,0,0,0,0,0,0,0,0,0,0,0,60000,60000,0,0
050495,大立光永昌96購01,0,0,0,0,0,0,0,0,0,0,0,0,0,16000,16000,0,0
036084,台灣50台新98購01,0,0,0,0,0,0,0,0,0,0,0,0,0,10000,10000,0,0
03681C,台灣50凱基02牛02,0,0,0,0,0,0,0,0,0,0,0,0,0,1000,1000,0,0
051094,健策元大96購03  ,0,0,0,0,0,0,0,0,0,0,0,0,0,110000,110000,0,0
00707R,元大S&P日圓反1  ,0,0,0,0,0,0,0,0,0,0,0,0,0,1000,1000,0,0
00689R,國泰20年美債反1 ,0,0,0,0,0,0,0,0,0,0,0,0,0,100000,100000,0,0
00691R,兆豐藍籌30反1   ,0,0,0,0,0,0,0,0,0,0,0,0,0,1000,1000,0,0
00732,國泰RMB短期報酬 ,0,4000,-4000,0,0,0,0,0,0,4000,0,0,0,114000,110000,4000,0
00775B,新光投等債15+   ,1000,0,1000,0,0,0,0,0,0,-1000,0,0,0,2000,3000,-1000,0
00636K,國泰中國A50+U   ,0,0,0,0,0,0,0,0,0,0,0,0,0,100,100,0,0
006204,永豐臺灣加權    ,0,0,0,0,0,0,0,0,0,0,0,0,0,51000,51000,0,0
00625K,富邦上証+R      ,0,0,0,0,0,0,0,0,0,0,0,0,0,50000,50000,0,0
00666R,富邦恒生國企反1 ,0,2000,-2000,0,0,0,0,0,0,2000,0,0,0,82000,80000,2000,0
00668K,國泰美國道瓊+U  ,0,0,0,0,0,0,0,0,0,0,0,0,0,100,100,0,0
00657K,國泰日經225+U   ,0,0,0,0,0,0,0,0,0,0,0,0,0,200,200,0,0
060001,台灣50群益9A購10,0,0,0,0,0,0,0,0,0,0,0,0,0,6000,6000,0,0
060032,利勤永豐99購01  ,0,0,0,0,0,0,0,0,0,0,0,0,0,27000,27000,0,0
059995,南亞科元富99購01,0,0,0,0,0,0,0,0,0,0,0,0,0,10000,10000,0,0
059956,玉山金康和99購01,0,0,0,0,0,0,0,0,0,0,0,0,0,8000,8000,0,0
059979,台積電元大99購49,0,0,0,0,0,0,0,0,0,0,0,0,0,60000,60000,0,0
060110,茂林元大99購06  ,0,0,0,0,0,0,0,0,0,0,0,0,0,60000,60000,0,0
060145,牧德國票9A購02  ,0,0,0,0,0,0,0,0,0,0,0,0,0,1000,1000,0,0
060075,台積電元富99購05,0,0,0,0,0,0,0,0,0,0,0,0,0,10000,10000,0,0
05984P,台積電統一98售01,0,0,0,0,0,0,0,0,0,0,0,0,0,10000,10000,0,0
059858,台灣50群益9A購09,0,0,0,0,0,0,0,0,0,0,0,0,0,6000,6000,0,0
059864,亞德客凱基99購01,0,0,0,0,0,0,0,0,0,0,0,0,0,11000,11000,0,0
059805,台積電元富99購02,0,0,0,0,0,0,0,0,0,0,0,0,0,20000,20000,0,0
05981P,可成永昌98售02  ,0,0,0,0,0,0,0,0,0,0,0,0,0,50000,50000,0,0
059783,旺宏元大99購17  ,0,0,0,0,0,0,0,0,0,0,0,0,0,2000,2000,0,0
059799,台灣50元富01購05,0,0,0,0,0,0,0,0,0,0,0,0,0,7000,7000,0,0
059910,鴻海元大99購37  ,0,0,0,0,0,0,0,0,0,0,0,0,0,3000,3000,0,0
060475,瑞祺元大9A購01  ,0,0,0,0,0,0,0,0,0,0,0,0,0,2000,2000,0,0
060368,緯穎元富9A購03  ,0,0,0,0,0,0,0,0,0,0,0,0,0,1000,1000,0,0
060351,滬深2X元富9A購01,0,0,0,0,0,0,0,0,0,0,0,0,0,12000,12000,0,0
056739,美律凱基98購04  ,0,0,0,0,0,0,0,0,0,0,0,0,0,40000,40000,0,0
056707,鴻海富邦99購03  ,0,0,0,0,0,0,0,0,0,0,0,0,0,200000,200000,0,0
056697,緯穎群益98購01  ,0,0,0,0,0,0,0,0,0,0,0,0,0,3000,3000,0,0
057718,旺宏元富02購02  ,0,0,0,0,0,0,0,0,0,0,0,0,0,10000,10000,0,0
057733,嘉聯益國泰99購01,0,0,0,0,0,0,0,0,0,0,0,0,0,50000,50000,0,0
056674,華邦電元富98購01,0,0,0,0,0,0,0,0,0,0,0,0,0,98000,98000,0,0
057624,新日興國泰99購01,0,0,0,0,0,0,0,0,0,0,0,0,0,103000,103000,0,0
058058,大立光元富9B購02,0,0,0,0,0,0,0,0,0,0,0,0,0,160000,160000,0,0
058044,鴻海元大99購07  ,0,0,0,0,0,0,0,0,0,0,0,0,0,6000,6000,0,0
058034,神達永豐98購02  ,0,0,0,0,0,0,0,0,0,0,0,0,0,20000,20000,0,0
058009,智易國票99購01  ,0,0,0,0,0,0,0,0,0,0,0,0,0,2000,2000,0,0
057994,技嘉中信98購01  ,0,0,0,0,0,0,0,0,0,0,0,0,0,17000,17000,0,0
057996,臻鼎中信98購01  ,0,0,0,0,0,0,0,0,0,0,0,0,0,30000,30000,0,0
057997,旺宏第一9C購01  ,0,0,0,0,0,0,0,0,0,0,0,0,0,40000,40000,0,0
058708,臺股指元大9A購21,0,0,0,0,0,0,0,0,0,0,0,0,0,5000,5000,0,0
056880,緯穎國票98購02  ,0,0,0,0,0,0,0,0,0,0,0,0,0,1000,1000,0,0
056900,可成元大98購02  ,0,0,0,0,0,0,0,0,0,0,0,0,0,4000,4000,0,0
056902,大立光元大98購12,0,0,0,0,0,0,0,0,0,0,0,0,0,30000,30000,0,0
057836,南亞科國泰9A購01,0,0,0,0,0,0,0,0,0,0,0,0,0,1000,1000,0,0
058098,T50反1國泰9A購02,0,0,0,0,0,0,0,0,0,0,0,0,0,10000,10000,0,0
059668,台灣50元富9B購04,0,0,0,0,0,0,0,0,0,0,0,0,0,7000,7000,0,0
059642,健策凱基99購04  ,0,0,0,0,0,0,0,0,0,0,0,0,0,2000,2000,0,0
059673,玉山金元富99購01,0,0,0,0,0,0,0,0,0,0,0,0,0,2000,2000,0,0
059707,健策凱基9A購03  ,0,0,0,0,0,0,0,0,0,0,0,0,0,2000,2000,0,0
059716,鴻海元大99購35  ,0,0,0,0,0,0,0,0,0,0,0,0,0,2000,2000,0,0
059728,聯鈞元大99購01  ,0,0,0,0,0,0,0,0,0,0,0,0,0,2000,2000,0,0
059721,旺宏元大99購16  ,0,0,0,0,0,0,0,0,0,0,0,0,0,1000,1000,0,0
059722,南亞科元大99購02,0,0,0,0,0,0,0,0,0,0,0,0,0,1000,1000,0,0
05975P,國巨日盛99售02  ,0,0,0,0,0,0,0,0,0,0,0,0,0,10000,10000,0,0
059495,台灣50元富9C購02,0,0,0,0,0,0,0,0,0,0,0,0,0,6000,6000,0,0
059500,鴻海元富99購11  ,0,0,0,0,0,0,0,0,0,0,0,0,0,3000,3000,0,0
059467,旺宏元大99購15  ,0,0,0,0,0,0,0,0,0,0,0,0,0,1000,1000,0,0
059361,玉晶光永豐99購04,0,0,0,0,0,0,0,0,0,0,0,0,0,1000,1000,0,0
059368,T50正2元富99購02,0,0,0,0,0,0,0,0,0,0,0,0,0,14000,14000,0,0
059379,聯電亞東99購02  ,0,0,0,0,0,0,0,0,0,0,0,0,0,5000,5000,0,0
058952,南茂群益99購01  ,0,0,0,0,0,0,0,0,0,0,0,0,0,98000,98000,0,0
058909,神達元大99購03  ,10000,0,10000,0,0,0,0,0,0,-10000,0,0,0,60000,70000,-10000,0
059538,健策凱基99購03  ,0,0,0,0,0,0,0,0,0,0,0,0,0,7000,7000,0,0
059190,欣興富邦9A購01  ,0,0,0,0,0,0,0,0,0,0,0,0,0,5000,5000,0,0
057459,臺股指富邦99購03,0,0,0,0,0,0,0,0,0,0,0,0,0,3992000,3992000,0,0
057481,技嘉元大98購04  ,0,0,0,0,0,0,0,0,0,0,0,0,0,38000,38000,0,0
057486,美律元大98購04  ,0,0,0,0,0,0,0,0,0,0,0,0,0,68000,68000,0,0
057502,訊芯群益98購02  ,0,0,0,0,0,0,0,0,0,0,0,0,0,98000,98000,0,0
057503,世紀鋼群益98購02,0,0,0,0,0,0,0,0,0,0,0,0,0,6000,6000,0,0
059352,台灣50富邦01購01,0,0,0,0,0,0,0,0,0,0,0,0,0,6000,6000,0,0
058414,大立光兆豐99購02,0,0,0,0,0,0,0,0,0,0,0,0,0,300000,300000,0,0
056518,美律國票99購01  ,0,0,0,0,0,0,0,0,0,0,0,0,0,15000,15000,0,0
056536,義隆凱基98購04  ,0,0,0,0,0,0,0,0,0,0,0,0,0,1000,1000,0,0
056537,冠德凱基98購01  ,0,0,0,0,0,0,0,0,0,0,0,0,0,2000,2000,0,0
058777,台光電國票9A購01,0,0,0,0,0,0,0,0,0,0,0,0,0,1000,1000,0,0
058850,華新科群益99購03,0,0,0,0,0,0,0,0,0,0,0,0,0,50000,50000,0,0
058841,深中小群益01購01,0,0,0,0,0,0,0,0,0,0,0,0,0,5000,5000,0,0
058854,樺漢群益9B購01  ,0,0,0,0,0,0,0,0,0,0,0,0,0,98000,98000,0,0
057943,可成國票99購03  ,0,0,0,0,0,0,0,0,0,0,0,0,0,4000,4000,0,0
057967,聯發科國泰9A購02,0,0,0,0,0,0,0,0,0,0,0,0,0,45000,45000,0,0
057973,神達富邦9A購01  ,0,0,0,0,0,0,0,0,0,0,0,0,0,200000,200000,0,0
059212,鴻海元大99購28  ,0,0,0,0,0,0,0,0,0,0,0,0,0,10000,10000,0,0
059232,台灣50凱基03購01,0,0,0,0,0,0,0,0,0,0,0,0,0,6000,6000,0,0
05837P,臺股指富邦96售04,0,0,0,0,0,0,0,0,0,0,0,0,0,400000,400000,0,0
058387,國巨國票9A購03  ,0,0,0,0,0,0,0,0,0,0,0,0,0,5000,5000,0,0
058785,臺股指國票99購04,0,0,0,0,0,0,0,0,0,0,0,0,0,10000,10000,0,0
058244,神達元大99購02  ,0,0,0,0,0,0,0,0,0,0,0,0,0,68000,68000,0,0
057376,新日興元大98購04,0,0,0,0,0,0,0,0,0,0,0,0,0,68000,68000,0,0
057371,可成元大98購08  ,0,0,0,0,0,0,0,0,0,0,0,0,0,32000,32000,0,0
057386,聯發科永豐98購04,0,0,0,0,0,0,0,0,0,0,0,0,0,10000,10000,0,0
057405,麗豐群益98購01  ,0,0,0,0,0,0,0,0,0,0,0,0,0,179000,179000,0,0
05790P,臺股指永昌96售07,0,0,0,0,0,0,0,0,0,0,0,0,0,15000,15000,0,0
059058,可成凱基9B購01  ,0,0,0,0,0,0,0,0,0,0,0,0,0,3000,3000,0,0
059053,鴻海凱基99購07  ,0,0,0,0,0,0,0,0,0,0,0,0,0,2000,2000,0,0
05898P,旺宏凱基96售06  ,0,0,0,0,0,0,0,0,0,0,0,0,0,30000,30000,0,0
058983,旺宏凱基99購05  ,0,0,0,0,0,0,0,0,0,0,0,0,0,6000,6000,0,0
058980,鴻海凱基99購06  ,0,0,0,0,0,0,0,0,0,0,0,0,0,14000,14000,0,0
059123,訊芯永豐99購03  ,0,0,0,0,0,0,0,0,0,0,0,0,0,68000,68000,0,0
059085,鴻海元大99購25  ,0,0,0,0,0,0,0,0,0,0,0,0,0,6000,6000,0,0
059134,臺股指群益99購09,0,0,0,0,0,0,0,0,0,0,0,0,0,3000,3000,0,0
059169,可成凱基99購04  ,0,0,0,0,0,0,0,0,0,0,0,0,0,1000,1000,0,0
059162,國巨凱基99購12  ,0,0,0,0,0,0,0,0,0,0,0,0,0,1000,1000,0,0
059164,旺宏凱基99購06  ,0,0,0,0,0,0,0,0,0,0,0,0,0,16000,16000,0,0
056668,光磊國票99購01  ,0,0,0,0,0,0,0,0,0,0,0,0,0,31000,31000,0,0
056645,大立光凱基98購12,0,0,0,0,0,0,0,0,0,0,0,0,0,8000,8000,0,0
05931P,鴻海凱基96售15  ,0,0,0,0,0,0,0,0,0,0,0,0,0,10000,10000,0,0
058793,鴻海元大99購19  ,0,0,0,0,0,0,0,0,0,0,0,0,0,100000,100000,0,0
059331,台灣50國票9A購06,0,0,0,0,0,0,0,0,0,0,0,0,0,130000,130000,0,0
057086,立積統一9C購01  ,0,0,0,0,0,0,0,0,0,0,0,0,0,1000,1000,0,0
057103,禾伸堂中信9A購01,0,0,0,0,0,0,0,0,0,0,0,0,0,20000,20000,0,0
057327,玉晶光群益9A購04,0,0,0,0,0,0,0,0,0,0,0,0,0,3000,3000,0,0
056969,智易永豐98購01  ,0,0,0,0,0,0,0,0,0,0,0,0,0,1000,1000,0,0
056970,TPK永豐98購01   ,0,0,0,0,0,0,0,0,0,0,0,0,0,31000,31000,0,0
05718P,國巨元大96售09  ,0,0,0,0,0,0,0,0,0,0,0,0,0,313000,313000,0,0
5525,順天            ,2000,2000,0,0,0,0,0,0,0,0,0,0,0,0,0,0,0
6625,必應            ,1000,1000,0,0,0,0,0,0,0,0,0,0,0,0,0,0,0
6666,羅麗芬-KY       ,2000,2000,0,0,0,0,0,0,0,0,0,0,0,0,0,0,0
8478,東哥遊艇        ,2000,3000,-1000,0,0,0,0,0,0,1000,1000,0,1000,0,0,0,0
9926,新海            ,1000,1000,0,0,0,0,0,0,0,0,0,0,0,0,0,0,0
3054,立萬利          ,1000,1000,0,0,0,0,0,0,0,0,0,0,0,0,0,0,0
2705,六福            ,43000,43000,0,0,0,0,0,0,0,0,0,0,0,0,0,0,0
3002,歐格            ,1000,1000,0,0,0,0,0,0,0,0,0,0,0,0,0,0,0
2397,友通            ,6000,6000,0,0,0,0,0,0,0,0,0,0,0,0,0,0,0
2486,一詮            ,23000,23000,0,0,0,0,0,0,0,0,0,0,0,0,0,0,0
2497,怡利電          ,1000,1000,0,0,0,0,0,0,0,0,0,0,0,0,0,0,0
1312A,國喬特          ,0,0,0,0,0,0,0,0,0,0,2000,2000,0,0,0,0,0
07981P,上銀群益9B售04  ,0,0,0,0,0,0,0,0,0,0,0,0,0,34000,34000,0,0
1441,大東            ,1000,1000,0,0,0,0,0,0,0,0,0,0,0,0,0,0,0
2033,佳大            ,1000,1000,0,0,0,0,0,0,0,0,0,0,0,0,0,0,0
07213P,聯發科凱基99售15,0,0,0,0,0,0,0,0,0,0,0,0,0,1000,1000,0,0
07183P,臺股指凱基99售25,0,0,0,0,0,0,0,0,0,0,0,0,0,23000,23000,0,0
07324P,台積電元大99售40,0,0,0,0,0,0,0,0,0,0,0,0,0,100000,100000,0,0
07373P,A50正2元大99售01,0,0,0,0,0,0,0,0,0,0,0,0,0,1000,1000,0,0
07369P,台積電凱基99售20,0,0,0,0,0,0,0,0,0,0,0,0,0,10000,10000,0,0
07511P,鴻海元大9B售02  ,0,0,0,0,0,0,0,0,0,0,0,0,0,40000,40000,0,0
07451P,鴻海元大9B售01  ,0,0,0,0,0,0,0,0,0,0,0,0,0,68000,68000,0,0
07474P,滬深2X群益9C售03,0,0,0,0,0,0,0,0,0,0,0,0,0,1000,1000,0,0
07419P,聯發科元大99售46,0,0,0,0,0,0,0,0,0,0,0,0,0,5000,5000,0,0
061410,緯穎國票9A購03  ,0,0,0,0,0,0,0,0,0,-1000,0,0,0,30000,31000,-1000,-1000
061174,鴻海凱基9A購23  ,0,0,0,0,0,0,0,0,0,-1000,0,0,0,11000,12000,-1000,-1000
061689,國巨群益9A購12  ,0,0,0,0,0,0,0,0,0,-1000,0,0,0,17000,18000,-1000,-1000
061812,臺指反群益9B購02,0,0,0,0,0,0,0,0,0,-1000,0,0,0,0,1000,-1000,-1000
06176P,台積電元大97售22,0,0,0,0,0,0,0,0,0,-1000,0,0,0,0,1000,-1000,-1000
061757,T50反1元大9B購01,0,0,0,0,0,0,0,0,0,-1000,0,0,0,5000,6000,-1000,-1000
061522,元黃金凱基01購01,0,0,0,0,0,0,0,0,0,-1000,0,0,0,0,1000,-1000,-1000
061623,祥碩群益9A購01  ,0,0,0,0,0,0,0,0,0,-1000,0,0,0,10000,11000,-1000,-1000
061632,SP黃豆元大9A購06,0,0,0,0,0,0,0,0,0,-1000,0,0,0,0,1000,-1000,-1000
061072,南電凱基9B購01  ,0,0,0,0,0,0,0,0,0,-1000,0,0,0,0,1000,-1000,-1000
061134,大成鋼統一9C購01,0,0,0,0,0,0,0,0,0,-1000,0,0,0,0,1000,-1000,-1000
060533,臺股指中信9B購05,0,0,0,0,0,0,0,0,0,-1000,0,0,0,10000,11000,-1000,-1000
060548,友達凱基9B購03  ,0,0,0,0,0,0,0,0,0,-1000,0,0,0,0,1000,-1000,-1000
060622,玉晶光元大9B購02,0,0,0,0,0,0,0,0,0,-1000,0,0,0,0,1000,-1000,-1000
062322,元金2X統一01購01,0,0,0,0,0,0,0,0,0,-1000,0,0,0,0,1000,-1000,-1000
062538,台積電國泰9C購02,0,0,0,0,0,0,0,0,0,-1000,0,0,0,3000,4000,-1000,-1000
062417,鴻海統一9C購08  ,0,0,0,0,0,0,0,0,0,-1000,0,0,0,39000,40000,-1000,-1000
061920,台積電凱基9C購02,0,0,0,0,0,0,0,0,0,-1000,0,0,0,0,1000,-1000,-1000
061858,南電國票9B購02  ,0,0,0,0,0,0,0,0,0,-1000,0,0,0,0,1000,-1000,-1000
062601,富邦金台新9B購01,0,0,0,0,0,0,0,0,0,-1000,0,0,0,199000,200000,-1000,-1000
062644,中環國泰9C購01  ,0,0,0,0,0,0,0,0,0,-1000,0,0,0,0,1000,-1000,-1000
06266P,大立光凱基97售11,0,0,0,0,0,0,0,0,0,-1000,0,0,0,0,1000,-1000,-1000
06378P,國巨統一97售08  ,0,0,0,0,0,0,0,0,0,-1000,0,0,0,5000,6000,-1000,-1000
06394P,台積電元大97售28,0,0,0,0,0,0,0,0,0,-1000,0,0,0,0,1000,-1000,-1000
07084P,S&P正2元富9B售02,0,0,0,0,0,0,0,0,0,-1000,0,0,0,0,1000,-1000,-1000
06762P,智邦元大98售11  ,0,0,0,0,0,0,0,0,0,-1000,0,0,0,0,1000,-1000,-1000
06635P,聯發科凱基98售15,0,0,0,0,0,0,0,0,0,-1000,0,0,0,0,1000,-1000,-1000
06681P,致茂元大98售02  ,0,0,0,0,0,0,0,0,0,-1000,0,0,0,28000,29000,-1000,-1000
00661,元大日經225     ,0,0,0,0,0,0,0,0,0,-1000,0,0,0,0,1000,-1000,-1000
00682U,元大美元指數    ,0,0,0,0,0,0,0,0,0,-1000,0,0,0,0,1000,-1000,-1000
006203,元大MSCI台灣    ,0,0,0,0,0,0,0,0,0,-1000,0,0,0,2000,3000,-1000,-1000
049842,道瓊反中信98購01,0,0,0,0,0,0,0,0,0,-1000,0,0,0,6000,7000,-1000,-1000
03012X,元展12          ,0,0,0,0,0,0,0,0,0,-1000,0,0,0,0,1000,-1000,-1000
01004T,土銀富邦R2      ,0,1000,-1000,0,0,0,0,0,0,0,0,0,0,0,0,0,-1000
051157,華新科富邦98購01,0,0,0,0,0,0,0,0,0,-1000,0,0,0,0,1000,-1000,-1000
03022X,富展01          ,0,0,0,0,0,0,0,0,0,-1000,0,0,0,0,1000,-1000,-1000
03677C,臺股指元大05牛02,0,0,0,0,0,0,0,0,0,-1000,0,0,0,0,1000,-1000,-1000
03647P,京元電元富95售02,0,0,0,0,0,0,0,0,0,-1000,0,0,0,0,1000,-1000,-1000
050853,南電國票96購01  ,0,0,0,0,0,0,0,0,0,-1000,0,0,0,0,1000,-1000,-1000
053712,台光電凱基96購04,0,0,0,0,0,0,0,0,0,-1000,0,0,0,0,1000,-1000,-1000
053621,臺股指群益96購07,0,0,0,0,0,0,0,0,0,-1000,0,0,0,0,1000,-1000,-1000
051488,健策凱基96購04  ,0,0,0,0,0,0,0,0,0,-1000,0,0,0,0,1000,-1000,-1000
048270,T50反1富邦99購01,0,0,0,0,0,0,0,0,0,-1000,0,0,0,0,1000,-1000,-1000
047969,台達電富邦97購01,0,0,0,0,0,0,0,0,0,-1000,0,0,0,0,1000,-1000,-1000
048130,美利達元大96購01,0,0,0,0,0,0,0,0,0,-1000,0,0,0,0,1000,-1000,-1000
04768P,大立光國泰96售03,0,0,0,0,0,0,0,0,0,-1000,0,0,0,0,1000,-1000,-1000
048589,國巨兆豐96購01  ,0,0,0,0,0,0,0,0,0,-1000,0,0,0,0,1000,-1000,-1000
052459,道瓊反統一95購04,0,0,0,0,0,0,0,0,0,-1000,0,0,0,0,1000,-1000,-1000
053291,旺宏中信9A購01  ,50000,1000,49000,0,0,0,0,0,0,-50000,0,0,0,0,50000,-50000,-1000
053050,華通國票97購02  ,0,0,0,0,0,0,0,0,0,-1000,0,0,0,0,1000,-1000,-1000
053064,國巨群益96購04  ,0,0,0,0,0,0,0,0,0,-1000,0,0,0,22000,23000,-1000,-1000
051695,元金2X中信98購01,0,0,0,0,0,0,0,0,0,-1000,0,0,0,0,1000,-1000,-1000
05179P,大立光凱基96售06,0,0,0,0,0,0,0,0,0,-1000,0,0,0,0,1000,-1000,-1000
051739,奇力新國票97購01,0,0,0,0,0,0,0,0,0,-1000,0,0,0,0,1000,-1000,-1000
052523,奇力新元大97購01,0,0,0,0,0,0,0,0,0,-1000,0,0,0,0,1000,-1000,-1000
052624,微星亞東97購01  ,0,0,0,0,0,0,0,0,0,-1000,0,0,0,0,1000,-1000,-1000
055326,緯穎國票97購06  ,0,0,0,0,0,0,0,0,0,-1000,0,0,0,10000,11000,-1000,-1000
05530P,臺股指群益96售03,0,0,0,0,0,0,0,0,0,-1000,0,0,0,0,1000,-1000,-1000
05527P,聯茂群益96售01  ,0,0,0,0,0,0,0,0,0,-1000,0,0,0,10000,11000,-1000,-1000
056176,創意元富97購01  ,0,0,0,0,0,0,0,0,0,-1000,0,0,0,0,1000,-1000,-1000
055603,超眾元大97購04  ,0,0,0,0,0,0,0,0,0,-1000,0,0,0,68000,69000,-1000,-1000
053976,亞光元大96購02  ,0,0,0,0,0,0,0,0,0,-1000,0,0,0,0,1000,-1000,-1000
056384,玉晶光國泰9A購02,0,0,0,0,0,0,0,0,0,-1000,0,0,0,0,1000,-1000,-1000
054064,台郡國票97購04  ,0,0,0,0,0,0,0,0,0,-1000,0,0,0,14000,15000,-1000,-1000
054074,健策富邦98購01  ,0,0,0,0,0,0,0,0,0,-1000,0,0,0,0,1000,-1000,-1000
056275,國巨國泰98購04  ,0,0,0,0,0,0,0,0,0,-1000,0,0,0,20000,21000,-1000,-1000
055033,漢唐富邦98購01  ,0,0,0,0,0,0,0,0,0,-1000,0,0,0,0,1000,-1000,-1000
05449P,臺股指元大95售26,0,0,0,0,0,0,0,0,0,-1000,0,0,0,0,1000,-1000,-1000
054532,強茂國泰98購01  ,0,0,0,0,0,0,0,0,0,-1000,0,0,0,0,1000,-1000,-1000
055457,聚陽永豐97購01  ,0,0,0,0,0,0,0,0,0,-1000,0,0,0,0,1000,-1000,-1000
054841,亞德客兆豐97購01,0,0,0,0,0,0,0,0,0,-1000,0,0,0,0,1000,-1000,-1000
054828,正崴國泰99購01  ,0,0,0,0,0,0,0,0,0,-1000,0,0,0,2000,3000,-1000,-1000
054585,禾伸堂國泰99購01,0,0,0,0,0,0,0,0,0,-1000,0,0,0,0,1000,-1000,-1000
05462P,美律亞東97售01  ,0,0,0,0,0,0,0,0,0,-1000,0,0,0,0,1000,-1000,-1000
054143,茂林元大96購04  ,0,0,0,0,0,0,0,0,0,-1000,0,0,0,9000,10000,-1000,-1000
054231,國巨群益98購03  ,0,0,0,0,0,0,0,0,0,-1000,0,0,0,27000,28000,-1000,-1000
05468P,鴻海元大96售14  ,0,0,0,0,0,0,0,0,0,-1000,0,0,0,0,1000,-1000,-1000
058347,玉晶光群益9B購01,0,0,0,0,0,0,0,0,0,-1000,0,0,0,27000,28000,-1000,-1000
058631,鈺齊國票9A購01  ,0,0,0,0,0,0,0,0,0,-1000,0,0,0,4000,5000,-1000,-1000
058549,藍天永豐99購01  ,0,0,0,0,0,0,0,0,0,-1000,0,0,0,0,1000,-1000,-1000
058545,義隆富邦9C購01  ,0,0,0,0,0,0,0,0,0,-1000,0,0,0,0,1000,-1000,-1000
056941,台郡元富9B購01  ,0,0,0,0,0,0,0,0,0,-1000,0,0,0,0,1000,-1000,-1000
057163,上銀元大98購04  ,0,0,0,0,0,0,0,0,0,-1000,0,0,0,68000,69000,-1000,-1000
059302,大立光群益99購08,0,0,0,0,0,0,0,0,0,-1000,0,0,0,0,1000,-1000,-1000
059291,華新科元富9B購01,0,0,0,0,0,0,0,0,0,-1000,0,0,0,0,1000,-1000,-1000
057525,光磊元大99購01  ,0,0,0,0,0,0,0,0,0,-1000,0,0,0,49000,50000,-1000,-1000
059149,臺股指國票99購12,0,0,0,0,0,0,0,0,0,-1000,0,0,0,0,1000,-1000,-1000
059151,臺股指國票99購14,0,0,0,0,0,0,0,0,0,-1000,0,0,0,16000,17000,-1000,-1000
059161,鴻海凱基9A購09  ,0,0,0,0,0,0,0,0,0,-1000,0,0,0,1000,2000,-1000,-1000
059137,電子類群益99購01,0,0,0,0,0,0,0,0,0,-1000,0,0,0,18000,19000,-1000,-1000
059129,麗豐中信99購01  ,0,0,0,0,0,0,0,0,0,-1000,0,0,0,40000,41000,-1000,-1000
059140,大立光兆豐9A購02,0,0,0,0,0,0,0,0,0,-1000,0,0,0,201000,202000,-1000,-1000
059000,台積電元大99購25,0,0,0,0,0,0,0,0,0,-1000,0,0,0,0,1000,-1000,-1000
059034,華通群益9B購02  ,0,0,0,0,0,0,0,0,0,-1000,0,0,0,0,1000,-1000,-1000
057933,聯發科群益98購06,0,0,0,0,0,0,0,0,0,-1000,0,0,0,0,1000,-1000,-1000
057383,玉晶光富邦9A購01,0,0,0,0,0,0,0,0,0,-1000,0,0,0,0,1000,-1000,-1000
059252,聯詠凱基99購03  ,0,0,0,0,0,0,0,0,0,-1000,0,0,0,0,1000,-1000,-1000
056500,大立光富邦9B購02,0,0,0,0,0,0,0,0,0,-1000,0,0,0,0,1000,-1000,-1000
05744P,台表科元大96售04,0,0,0,0,0,0,0,0,0,-1000,0,0,0,0,1000,-1000,-1000
056557,世紀鋼凱基98購02,0,0,0,0,0,0,0,0,0,-1000,0,0,0,0,1000,-1000,-1000
059462,台灣50元大9C購06,0,0,0,0,0,0,0,0,0,-1000,0,0,0,0,1000,-1000,-1000
059762,禾伸堂永豐99購02,0,0,0,0,0,0,0,0,0,-1000,0,0,0,9000,10000,-1000,-1000
059638,大立光凱基99購11,0,0,0,0,0,0,0,0,0,-1000,0,0,0,0,1000,-1000,-1000
057844,新日興永豐99購01,0,0,0,0,0,0,0,0,0,-1000,0,0,0,0,1000,-1000,-1000
05782P,聯詠元富96售02  ,0,0,0,0,0,0,0,0,0,-1000,0,0,0,6000,7000,-1000,-1000
056863,義隆群益98購01  ,0,0,0,0,0,0,0,0,0,-1000,0,0,0,10000,11000,-1000,-1000
056867,華通麥證98購01  ,0,0,0,0,1000,-1000,0,0,0,-1000,0,0,0,0,1000,-1000,-1000
056811,健策統一9B購01  ,0,0,0,0,0,0,0,0,0,-1000,0,0,0,0,1000,-1000,-1000
057985,華通元富02購03  ,0,0,0,0,0,0,0,0,0,-1000,0,0,0,13000,14000,-1000,-1000
057645,華新科元大99購11,0,0,0,0,0,0,0,0,0,-1000,0,0,0,0,1000,-1000,-1000
057600,大立光群益99購03,0,0,0,0,0,0,0,0,0,-1000,0,0,0,0,1000,-1000,-1000
056771,嘉晶元大99購01  ,0,0,0,0,0,0,0,0,0,-1000,0,0,0,12000,13000,-1000,-1000
060263,臺指反國票9C購01,0,0,0,0,0,0,0,0,0,-1000,0,0,0,0,1000,-1000,-1000
059814,SP黃豆凱基9A購02,0,0,0,0,0,0,0,0,0,-1000,0,0,0,51000,52000,-1000,-1000
07398P,鴻海凱基99售18  ,0,0,0,0,0,0,0,0,0,-1000,0,0,0,0,1000,-1000,-1000
07444P,聯發科凱基9A售10,0,0,0,0,0,0,0,0,0,-1000,0,0,0,20000,21000,-1000,-1000
07521P,台積電中信01售05,0,0,0,0,0,0,0,0,0,-1000,0,0,0,0,1000,-1000,-1000
07589P,玉晶光國票9A售02,0,0,0,0,0,0,0,0,0,-1000,0,0,0,1000,2000,-1000,-1000
07282P,聯發科凱基99售17,0,0,0,0,0,0,0,0,0,-1000,0,0,0,0,1000,-1000,-1000
07196P,大立光元大99售13,0,0,0,0,0,0,0,0,0,-1000,0,0,0,0,1000,-1000,-1000
07205P,鴻海凱基99售11  ,0,0,0,0,0,0,0,0,0,-1000,0,0,0,0,1000,-1000,-1000
07219P,臺股指凱基99售32,0,0,0,0,0,0,0,0,0,-1000,0,0,0,0,1000,-1000,-1000
07256P,臺股指凱基99售36,0,0,0,0,0,0,0,0,0,-1000,0,0,0,0,1000,-1000,-1000
07891P,臺股指國票9B售01,0,0,0,0,0,0,0,0,0,-1000,0,0,0,1000,2000,-1000,-1000
07923P,元金2X凱基02售02,0,0,0,0,0,0,0,0,0,-1000,0,0,0,0,1000,-1000,-1000
2024,志聯            ,0,1000,-1000,0,0,0,0,0,0,0,0,0,0,0,0,0,-1000
1587,吉茂            ,0,1000,-1000,0,0,0,0,0,0,0,0,0,0,0,0,0,-1000
1443,立益            ,0,0,0,0,0,0,0,0,0,-1000,0,1000,-1000,0,0,0,-1000
1419,新紡            ,1000,1000,0,0,0,0,0,0,0,-1000,0,1000,-1000,0,0,0,-1000
1413,宏洲            ,0,1000,-1000,0,0,0,0,0,0,0,0,0,0,0,0,0,-1000
1466,聚隆            ,0,1000,-1000,0,0,0,0,0,0,0,0,0,0,0,0,0,-1000
1110,東泥            ,0,1000,-1000,0,0,0,0,0,0,0,0,0,0,0,0,0,-1000
2901,欣欣            ,0,1000,-1000,0,0,0,0,0,0,0,0,0,0,0,0,0,-1000
2836,高雄銀          ,183000,184000,-1000,0,0,0,0,0,0,0,0,0,0,0,0,0,-1000
3229,晟鈦            ,0,1000,-1000,0,0,0,0,0,0,0,0,0,0,0,0,0,-1000
3014,聯陽            ,538000,523000,15000,0,0,0,0,0,0,-16000,2000,0,2000,22000,40000,-18000,-1000
6215,和椿            ,1000,2000,-1000,0,0,0,0,0,0,0,0,0,0,0,0,0,-1000
3591,艾笛森          ,0,1000,-1000,0,0,0,0,0,0,0,0,0,0,0,0,0,-1000
3593,力銘            ,0,1000,-1000,0,0,0,0,0,0,0,0,0,0,0,0,0,-1000
3528,安馳            ,0,2000,-2000,0,0,0,0,0,0,1000,1000,0,1000,0,0,0,-1000
5258,虹堡            ,41000,45000,-4000,0,0,0,0,0,0,3000,13000,10000,3000,0,0,0,-1000
4725,信昌化          ,105000,106000,-1000,0,0,0,0,0,0,0,0,0,0,0,0,0,-1000
06641P,智邦兆豐99售01  ,0,0,0,0,0,0,0,0,0,-2000,0,0,0,11000,13000,-2000,-2000
06868P,電子類元大99售01,0,0,0,0,0,0,0,0,0,-2000,0,0,0,0,2000,-2000,-2000
06395P,台積電元大97售29,0,0,0,0,0,0,0,0,0,-2000,0,0,0,4000,6000,-2000,-2000
06422P,勤誠統一98售01  ,0,0,0,0,0,0,0,0,0,-2000,0,0,0,0,2000,-2000,-2000
062743,微星國泰01購01  ,0,0,0,0,0,0,0,0,0,-2000,0,0,0,0,2000,-2000,-2000
06305P,臺股指元大97售11,0,0,0,0,0,0,0,0,0,-2000,0,0,0,0,2000,-2000,-2000
062634,玉晶光國票9B購03,0,0,0,0,0,0,0,0,0,-2000,0,0,0,5000,7000,-2000,-2000
061965,台積電統一02購02,0,0,0,0,0,0,0,0,0,-2000,0,0,0,0,2000,-2000,-2000
06214P,國巨國票98售04  ,0,0,0,0,0,0,0,0,0,-2000,0,0,0,10000,12000,-2000,-2000
060583,南亞科元富9A購05,0,0,0,0,0,0,0,0,0,-2000,0,0,0,0,2000,-2000,-2000
060777,茂林凱基9C購01  ,0,0,0,0,0,0,0,0,0,-2000,0,0,0,18000,20000,-2000,-2000
060828,高股息國票9A購01,0,0,0,0,0,0,0,0,0,-2000,0,0,0,0,2000,-2000,-2000
06112P,台積電兆豐97售01,0,0,0,0,0,0,0,0,0,-2000,0,0,0,0,2000,-2000,-2000
061010,上銀麥證9A購02  ,0,0,0,5000,7000,-2000,0,0,0,-2000,0,0,0,5000,7000,-2000,-2000
061058,健策國票9A購05  ,0,0,0,0,0,0,0,0,0,-2000,0,0,0,89000,91000,-2000,-2000
060984,南亞科元大9A購07,0,0,0,0,0,0,0,0,0,-2000,0,0,0,1000,3000,-2000,-2000
060881,玉山金中信02購01,0,0,0,0,0,0,0,0,0,-2000,0,0,0,7000,9000,-2000,-2000
061512,國巨永豐9A購04  ,0,0,0,0,0,0,0,0,0,-2000,0,0,0,0,2000,-2000,-2000
061456,玉晶光凱基9B購05,0,0,0,0,0,0,0,0,0,-2000,0,0,0,30000,32000,-2000,-2000
058304,鴻海元大99購12  ,0,0,0,0,0,0,0,0,0,-2000,0,0,0,0,2000,-2000,-2000
055935,創意群益97購02  ,0,0,0,0,0,0,0,0,0,-2000,0,0,0,31000,33000,-2000,-2000
054747,麗豐凱基98購01  ,0,0,0,0,0,0,0,0,0,-2000,0,0,0,0,2000,-2000,-2000
055521,S&P反1群益01購01,0,0,0,0,0,0,0,0,0,-2000,0,0,0,0,2000,-2000,-2000
054952,大毅元大97購02  ,0,0,0,0,0,0,0,0,0,-2000,0,0,0,0,2000,-2000,-2000
05447P,臺股指元大95售24,0,0,0,0,0,0,0,0,0,-2000,0,0,0,0,2000,-2000,-2000
056126,台郡國票98購02  ,0,0,0,0,0,0,0,0,0,-2000,0,0,0,11000,13000,-2000,-2000
052325,高股息中信99購01,0,0,0,0,0,0,0,0,0,-2000,0,0,0,0,2000,-2000,-2000
053320,華新科群益97購01,0,0,0,0,0,0,0,0,0,-2000,0,0,0,0,2000,-2000,-2000
053489,上銀兆豐97購01  ,0,0,0,0,0,0,0,0,0,-2000,0,0,0,0,2000,-2000,-2000
050202,建準群益95購01  ,0,0,0,0,0,0,0,0,0,-2000,0,0,0,0,2000,-2000,-2000
020011,統一微波高息20N ,0,0,0,0,0,0,0,0,0,-2000,0,0,0,1000,3000,-2000,-2000
03010X,元展10          ,0,0,0,0,0,0,0,0,0,-2000,0,0,0,0,2000,-2000,-2000
00742,新光內需收益    ,0,0,0,0,0,0,0,0,0,-2000,0,0,0,100000,102000,-2000,-2000
00688L,國泰20年美債正2 ,0,0,0,0,0,0,0,0,0,-2000,0,0,0,101000,103000,-2000,-2000
00657,國泰日經225     ,0,13000,-13000,0,0,0,0,0,0,11000,0,0,0,119000,108000,11000,-2000
059884,鴻海國票99購09  ,0,0,0,0,0,0,0,0,0,-2000,0,0,0,0,2000,-2000,-2000
060062,聯發科兆豐99購04,0,0,0,0,0,0,0,0,0,-2000,0,0,0,0,2000,-2000,-2000
060458,華通元大9A購02  ,0,0,0,0,0,0,0,0,0,-2000,0,0,0,3000,5000,-2000,-2000
056977,國巨群益9A購01  ,0,0,0,0,0,0,0,0,0,-2000,0,0,0,0,2000,-2000,-2000
058045,鴻海元大99購08  ,0,0,0,0,0,0,0,0,0,-2000,0,0,0,0,2000,-2000,-2000
057739,新日興富邦9B購01,0,0,0,0,0,0,0,0,0,-2000,0,0,0,0,2000,-2000,-2000
057785,智邦國票99購02  ,0,0,0,0,0,0,0,0,0,-2000,0,0,0,0,2000,-2000,-2000
056849,瀚宇博元富98購01,0,0,0,0,0,0,0,0,0,-2000,0,0,0,0,2000,-2000,-2000
057813,京元電元大98購03,0,0,0,0,0,0,0,0,0,-2000,0,0,0,0,2000,-2000,-2000
059555,台灣50凱基9A購06,0,0,0,0,0,0,0,0,0,-2000,0,0,0,0,2000,-2000,-2000
059541,T50正2康和99購01,0,0,0,0,0,0,0,0,0,-2000,0,0,0,20000,22000,-2000,-2000
059761,國巨永豐99購06  ,0,0,0,0,0,0,0,0,0,-2000,0,0,0,0,2000,-2000,-2000
059246,奇力新凱基9A購02,0,0,0,0,0,0,0,0,0,-2000,0,0,0,0,2000,-2000,-2000
058368,奇鋐凱基9A購01  ,0,0,0,0,0,0,0,0,0,-2000,0,0,0,0,2000,-2000,-2000
059209,華通元大99購08  ,0,0,0,0,0,0,0,0,0,-2000,0,0,0,7000,9000,-2000,-2000
059200,京鼎永豐99購02  ,0,0,0,0,0,0,0,0,0,-2000,0,0,0,0,2000,-2000,-2000
058816,祥碩台新99購02  ,0,0,0,0,0,0,0,0,0,-2000,0,0,0,23000,25000,-2000,-2000
058861,國巨凱基9A購08  ,0,0,0,0,0,0,0,0,0,-2000,0,0,0,0,2000,-2000,-2000
059131,國巨群益99購07  ,0,0,0,0,0,0,0,0,0,-2000,0,0,0,0,2000,-2000,-2000
059126,臺指反中信9B購01,0,0,0,0,0,0,0,0,0,-2000,0,0,0,0,2000,-2000,-2000
059119,華擎永豐99購02  ,0,0,0,0,0,0,0,0,0,-2000,0,0,0,0,2000,-2000,-2000
059288,旺宏元富99購03  ,0,0,0,0,0,0,0,0,0,-2000,0,0,0,10000,12000,-2000,-2000
059182,台灣50台新9B購03,0,0,0,0,0,0,0,0,0,-2000,0,0,0,0,2000,-2000,-2000
059313,元石油元大99購06,0,0,0,0,0,0,0,0,0,-2000,0,0,0,64000,66000,-2000,-2000
059293,宏達電元富9B購01,0,0,0,0,0,0,0,0,0,-2000,0,0,0,0,2000,-2000,-2000
057078,國巨統一9A購02  ,0,0,0,0,0,0,0,0,0,-2000,0,0,0,8000,10000,-2000,-2000
057053,立積元大98購02  ,0,0,0,0,0,0,0,0,0,-2000,0,0,0,10000,12000,-2000,-2000
057325,可成群益9A購01  ,0,0,0,0,0,0,0,0,0,-2000,0,0,0,103000,105000,-2000,-2000
056905,欣興元大98購03  ,0,0,0,0,0,0,0,0,0,-2000,0,0,0,33000,35000,-2000,-2000
057268,臻鼎兆豐99購01  ,10000,0,10000,0,0,0,0,0,0,-12000,0,0,0,18000,30000,-12000,-2000
6235,華孚            ,7000,9000,-2000,0,0,0,0,0,0,0,0,0,0,0,0,0,-2000
2887F,台新戊特二      ,0,0,0,0,0,0,0,0,0,-2000,0,2000,-2000,0,0,0,-2000
2359,所羅門          ,14000,25000,-11000,0,0,0,0,0,0,9000,9000,0,9000,0,0,0,-2000
07622P,華新科統一9B售02,0,0,0,0,0,0,0,0,0,-2000,0,0,0,0,2000,-2000,-2000
07663P,台灣50台新01售03,0,0,0,0,0,0,0,0,0,-2000,0,0,0,0,2000,-2000,-2000
07251P,台灣50元富01售04,0,0,0,0,0,0,0,0,0,-2000,0,0,0,0,2000,-2000,-2000
07225P,台積電元大99售33,0,0,0,0,0,0,0,0,0,-2000,0,0,0,150000,152000,-2000,-2000
07176P,臺股指凱基99售18,0,0,0,0,0,0,0,0,0,-2000,0,0,0,0,2000,-2000,-2000
07270P,台灣50元大01售09,0,0,0,0,0,0,0,0,0,-2000,0,0,0,0,2000,-2000,-2000
07353P,大立光國票99售02,0,0,0,0,0,0,0,0,0,-2000,0,0,0,0,2000,-2000,-2000
07394P,國巨群益99售12  ,0,0,0,0,0,0,0,0,0,-2000,0,0,0,0,2000,-2000,-2000
07385P,緯穎群益99售04  ,0,0,0,0,0,0,0,0,0,-2000,0,0,0,8000,10000,-2000,-2000
07412P,國巨元大99售32  ,0,0,0,0,0,0,0,0,0,-2000,0,0,0,0,2000,-2000,-2000
061401,華擎兆豐9B購01  ,0,0,0,0,0,0,0,0,0,-3000,0,0,0,50000,53000,-3000,-3000
061338,台積電元大9A購28,0,0,0,0,0,0,0,0,0,-3000,0,0,0,0,3000,-3000,-3000
06133P,帆宣元富97售02  ,0,0,0,0,0,0,0,0,0,-3000,0,0,0,0,3000,-3000,-3000
061193,玉晶光永豐9B購02,0,0,0,0,0,0,0,0,0,-3000,0,0,0,20000,23000,-3000,-3000
061246,玉晶光群益9A購08,0,0,0,0,0,0,0,0,0,-3000,0,0,0,23000,26000,-3000,-3000
061272,超眾凱基9A購03  ,0,0,0,0,0,0,0,0,0,-3000,0,0,0,0,3000,-3000,-3000
061654,旺宏國票9A購02  ,0,0,0,0,0,0,0,0,0,-3000,0,0,0,70000,73000,-3000,-3000
061641,玉晶光元大9A購17,0,0,0,0,0,0,0,0,0,-3000,0,0,0,42000,45000,-3000,-3000
061725,國巨麥證9A購05  ,0,0,0,0,3000,-3000,0,0,0,-3000,0,0,0,0,3000,-3000,-3000
060836,上銀國票9A購03  ,0,0,0,0,0,0,0,0,0,-3000,0,0,0,0,3000,-3000,-3000
061018,台積電國票9B購05,0,0,0,0,0,0,0,0,0,-3000,0,0,0,8000,11000,-3000,-3000
061083,京元電兆豐9A購01,0,0,0,0,0,0,0,0,0,-3000,0,0,0,7000,10000,-3000,-3000
060769,國巨麥證9A購02  ,0,0,0,0,3000,-3000,0,0,0,-3000,0,0,0,0,3000,-3000,-3000
060638,玉晶光永豐9A購04,0,0,0,0,0,0,0,0,0,-3000,0,0,0,0,3000,-3000,-3000
060553,祥碩凱基9A購01  ,0,0,0,0,0,0,0,0,0,-3000,0,0,0,19000,22000,-3000,-3000
060520,臺指2X中信01購02,0,0,0,0,0,0,0,0,0,-3000,0,0,0,0,3000,-3000,-3000
060514,南電元大9A購02  ,0,0,0,0,0,0,0,0,0,-3000,0,0,0,0,3000,-3000,-3000
061952,臺股指群益9B購01,0,0,0,0,0,0,0,0,0,-3000,0,0,0,0,3000,-3000,-3000
061945,華通群益9B購04  ,0,0,0,0,0,0,0,0,0,-3000,0,0,0,21000,24000,-3000,-3000
062436,國巨元大9B購14  ,0,0,0,0,0,0,0,0,0,-3000,0,0,0,0,3000,-3000,-3000
062490,聯茂永豐9B購01  ,0,0,0,0,0,0,0,0,0,-3000,0,0,0,0,3000,-3000,-3000
062475,道瓊反國票9B購02,0,0,0,0,0,0,0,0,0,-3000,0,0,0,3000,6000,-3000,-3000
062291,力成富邦9B購01  ,0,0,0,0,0,0,0,0,0,-3000,0,0,0,0,3000,-3000,-3000
06226P,聯發科麥證97售03,0,0,0,0,3000,-3000,0,0,0,-3000,0,0,0,0,3000,-3000,-3000
062211,玉晶光台新9B購01,0,0,0,0,0,0,0,0,0,-3000,0,0,0,0,3000,-3000,-3000
062745,聯詠永豐9B購01  ,0,0,0,0,0,0,0,0,0,-3000,0,0,0,0,3000,-3000,-3000
062732,南六凱基9B購03  ,0,0,0,0,0,0,0,0,0,-3000,0,0,0,0,3000,-3000,-3000
062671,國泰金中信03購01,0,0,0,0,0,0,0,0,0,-3000,0,0,0,0,3000,-3000,-3000
062698,台積電元大01購01,0,0,0,0,0,0,0,0,0,-3000,0,0,0,0,3000,-3000,-3000
06268P,聯詠凱基97售02  ,0,0,0,0,0,0,0,0,0,-3000,0,0,0,0,3000,-3000,-3000
06867P,訊芯元大98售08  ,0,0,0,0,0,0,0,0,0,-3000,0,0,0,63000,66000,-3000,-3000
00743,國泰中國A150    ,188000,0,188000,0,0,0,0,0,0,-191000,0,0,0,10000,201000,-191000,-3000
050603,致新國泰96購01  ,0,0,0,0,0,0,0,0,0,-3000,0,0,0,0,3000,-3000,-3000
052858,華通凱基97購02  ,0,0,0,0,0,0,0,0,0,-3000,0,0,0,336000,339000,-3000,-3000
051899,欣興國泰97購01  ,0,0,0,0,0,0,0,0,0,-3000,0,0,0,0,3000,-3000,-3000
052676,聯發科永昌98購01,0,0,0,0,0,0,0,0,0,-3000,0,0,0,2000,5000,-3000,-3000
052789,台積電麥證96購01,0,0,0,0,33000,-33000,0,0,0,-3000,0,0,0,30000,33000,-3000,-3000
05608P,聯發科凱基96售10,0,0,0,0,0,0,0,0,0,-3000,0,0,0,0,3000,-3000,-3000
056212,台光電國票98購03,0,0,0,0,0,0,0,0,0,-3000,0,0,0,0,3000,-3000,-3000
056080,世紀鋼元大97購03,0,0,0,0,0,0,0,0,0,-3000,0,0,0,0,3000,-3000,-3000
056245,嘉澤群益97購01  ,0,0,0,0,0,0,0,0,0,-3000,0,0,0,9000,12000,-3000,-3000
056343,高鐵凱基98購02  ,0,0,0,0,0,0,0,0,0,-3000,0,0,0,0,3000,-3000,-3000
054470,緯穎國票97購04  ,0,0,0,0,0,0,0,0,0,-3000,0,0,0,12000,15000,-3000,-3000
05495P,大立光統一95售07,0,0,0,0,0,0,0,0,0,-3000,0,0,0,0,3000,-3000,-3000
05499P,聯詠元富95售02  ,0,0,0,0,0,0,0,0,0,-3000,0,0,0,16000,19000,-3000,-3000
054895,南電統一97購01  ,0,0,0,0,0,0,0,0,0,-3000,0,0,0,0,3000,-3000,-3000
055890,鴻海統一99購01  ,0,0,0,0,0,0,0,0,0,-3000,0,0,0,0,3000,-3000,-3000
05596P,可成統一96售01  ,0,0,0,0,0,0,0,0,0,-3000,0,0,0,25000,28000,-3000,-3000
054171,台郡凱基97購01  ,0,0,0,0,0,0,0,0,0,-3000,0,0,0,0,3000,-3000,-3000
054238,聯茂群益96購04  ,0,0,0,0,0,0,0,0,0,-3000,0,0,0,0,3000,-3000,-3000
055796,南電國泰98購01  ,0,0,0,0,0,0,0,0,0,-3000,0,0,0,0,3000,-3000,-3000
054406,旺宏國票98購01  ,0,0,0,0,0,0,0,0,0,-3000,0,0,0,0,3000,-3000,-3000
054446,美食兆豐97購01  ,0,0,0,0,0,0,0,0,0,-3000,0,0,0,0,3000,-3000,-3000
058321,大立光永豐99購01,0,0,0,0,0,0,0,0,0,-3000,0,0,0,50000,53000,-3000,-3000
058447,玉晶光富邦9A購02,0,0,0,0,0,0,0,0,0,-3000,0,0,0,0,3000,-3000,-3000
058544,FBVIX富邦9B購01 ,0,0,0,0,0,0,0,0,0,-3000,0,0,0,10000,13000,-3000,-3000
058677,矽格群益99購01  ,0,0,0,0,0,0,0,0,0,-3000,0,0,0,95000,98000,-3000,-3000
058215,貿聯群益99購02  ,0,0,0,0,0,0,0,0,0,-3000,0,0,0,87000,90000,-3000,-3000
056947,國巨統一9A購01  ,0,0,0,0,0,0,0,0,0,-3000,0,0,0,2000,5000,-3000,-3000
056916,台達電兆豐98購02,0,0,0,0,0,0,0,0,0,-3000,0,0,0,100000,103000,-3000,-3000
057057,立積元大9A購01  ,0,0,0,0,0,0,0,0,0,-3000,0,0,0,0,3000,-3000,-3000
057577,廣宇中信9A購01  ,0,0,0,0,0,0,0,0,0,-3000,0,0,0,0,3000,-3000,-3000
059283,康友永豐99購02  ,0,0,0,0,0,0,0,0,0,-3000,0,0,0,10000,13000,-3000,-3000
057507,貿聯國票98購02  ,0,0,0,0,0,0,0,0,0,-3000,0,0,0,0,3000,-3000,-3000
056641,華通凱基98購03  ,0,0,0,0,0,0,0,0,0,-3000,0,0,0,17000,20000,-3000,-3000
056606,華新科富邦9A購02,0,0,0,0,0,0,0,0,0,-3000,0,0,0,0,3000,-3000,-3000
059088,台積電元大99購27,0,0,0,0,0,0,0,0,0,-3000,0,0,0,4000,7000,-3000,-3000
059046,滬深2X凱基9C購01,0,0,0,0,0,0,0,0,0,-3000,0,0,0,0,3000,-3000,-3000
058848,台積電群益99購07,0,0,0,0,0,0,0,0,0,-3000,0,0,0,5000,8000,-3000,-3000
058770,貿聯兆豐9A購01  ,0,0,0,0,0,0,0,0,0,-3000,0,0,0,2000,5000,-3000,-3000
059234,台灣50凱基9C購03,0,0,0,0,0,0,0,0,0,-3000,0,0,0,0,3000,-3000,-3000
059408,台灣50國票9B購02,0,0,0,0,0,0,0,0,0,-3000,0,0,0,0,3000,-3000,-3000
059355,國巨富邦9B購03  ,0,0,0,0,0,0,0,0,0,-3000,0,0,0,0,3000,-3000,-3000
059348,日月光凱基99購01,0,0,0,0,0,0,0,0,0,-3000,0,0,0,0,3000,-3000,-3000
05841P,華通元大96售04  ,0,0,0,0,0,0,0,0,0,-3000,0,0,0,0,3000,-3000,-3000
059705,華新科凱基9A購07,0,0,0,0,0,0,0,0,0,-3000,0,0,0,0,3000,-3000,-3000
056992,祥碩兆豐98購01  ,0,0,0,0,0,0,0,0,0,-3000,0,0,0,18000,21000,-3000,-3000
060347,大立光統一02購01,0,0,0,0,0,0,0,0,0,-3000,0,0,0,87000,90000,-3000,-3000
060385,台勝科凱基9A購01,0,0,0,0,0,0,0,0,0,-3000,0,0,0,254000,257000,-3000,-3000
060162,碩天永豐9A購01  ,0,0,0,0,0,0,0,0,0,-3000,0,0,0,2000,5000,-3000,-3000
059978,國巨元大99購29  ,0,0,0,0,0,0,0,0,0,-3000,0,0,0,0,3000,-3000,-3000
060040,康控國票99購04  ,0,0,0,0,0,0,0,0,0,-3000,0,0,0,3000,6000,-3000,-3000
059941,聯發科永豐99購04,0,0,0,0,0,0,0,0,0,-3000,0,0,0,0,3000,-3000,-3000
07417P,聯發科元大99售44,0,0,0,0,0,0,0,0,0,-3000,0,0,0,3000,6000,-3000,-3000
07390P,華新科康和99售02,0,0,0,0,0,0,0,0,0,-3000,0,0,0,0,3000,-3000,-3000
07595P,台灣50中信03售07,0,0,0,0,0,0,0,0,0,-3000,0,0,0,2000,5000,-3000,-3000
07487P,鴻海國票9A售01  ,0,0,0,0,0,0,0,0,0,-3000,0,0,0,0,3000,-3000,-3000
07170P,臺股指國票99售07,0,0,0,0,0,0,0,0,0,-3000,0,0,0,46000,49000,-3000,-3000
07719P,臺股指群益9A售08,0,0,0,0,0,0,0,0,0,-3000,0,0,0,36000,39000,-3000,-3000
07783P,聯發科富邦9C售03,0,0,0,0,0,0,0,0,0,-3000,0,0,0,0,3000,-3000,-3000
07959P,健策永豐9B售05  ,0,0,0,0,0,0,0,0,0,-3000,0,0,0,0,3000,-3000,-3000
2536,宏普            ,114000,121000,-7000,0,0,0,0,0,0,4000,4000,0,4000,0,0,0,-3000
3305,昇貿            ,0,3000,-3000,0,0,0,0,0,0,0,0,0,0,0,0,0,-3000
3308,聯德            ,0,3000,-3000,0,0,0,0,0,0,0,0,0,0,0,0,0,-3000
07987P,大立光統一9B售13,0,0,0,0,0,0,0,0,0,-3000,0,0,0,0,3000,-3000,-3000
07992P,玉晶光群益01售04,0,0,0,0,0,0,0,0,0,-3000,0,0,0,7000,10000,-3000,-3000
2328,廣宇            ,240000,261000,-21000,0,0,0,0,0,0,18000,18000,0,18000,0,0,0,-3000
6216,居易            ,0,3000,-3000,0,0,0,0,0,0,0,1000,1000,0,0,0,0,-3000
6183,關貿            ,6000,9000,-3000,0,0,0,0,0,0,0,0,0,0,0,0,0,-3000
8940,新天地          ,0,3000,-3000,0,0,0,0,0,0,0,0,0,0,0,0,0,-3000
062645,國巨國泰9B購08  ,0,0,0,0,0,0,0,0,0,-4000,0,0,0,7000,11000,-4000,-4000
062206,緯創國票9B購01  ,0,0,0,0,0,0,0,0,0,-4000,0,0,0,0,4000,-4000,-4000
062197,聯發科中信01購03,0,0,0,0,0,0,0,0,0,-4000,0,0,0,0,4000,-4000,-4000
062446,聯詠元大9B購02  ,0,0,0,0,0,0,0,0,0,-4000,0,0,0,18000,22000,-4000,-4000
062368,聯詠元大9B購01  ,0,0,0,0,0,0,0,0,0,-4000,0,0,0,20000,24000,-4000,-4000
06213P,大立光元大98售07,0,0,0,0,0,0,0,0,0,-4000,0,0,0,0,4000,-4000,-4000
060508,聯發科元大9A購04,0,0,0,0,0,0,0,0,0,-4000,0,0,0,0,4000,-4000,-4000
060627,國巨國泰9B購05  ,0,0,0,0,0,0,0,0,0,-4000,0,0,0,1000,5000,-4000,-4000
060753,上銀元大9A購05  ,0,0,0,0,0,0,0,0,0,-4000,0,0,0,0,4000,-4000,-4000
060771,滬深2X凱基9B購02,0,0,0,0,0,0,0,0,0,-4000,0,0,0,0,4000,-4000,-4000
060824,旺宏元大9A購06  ,0,0,0,0,0,0,0,0,0,-4000,0,0,0,11000,15000,-4000,-4000
060810,滬深2X凱基9B購03,0,0,0,0,0,0,0,0,0,-4000,0,0,0,0,4000,-4000,-4000
060882,大立光中信9A購05,0,0,0,0,0,0,0,0,0,-4000,0,0,0,0,4000,-4000,-4000
061779,上銀群益9B購01  ,0,0,0,0,0,0,0,0,0,-4000,0,0,0,0,4000,-4000,-4000
061161,南六群益9A購01  ,0,0,0,0,0,0,0,0,0,-4000,0,0,0,0,4000,-4000,-4000
06145P,華新科永豐97售02,0,0,0,0,0,0,0,0,0,-4000,0,0,0,0,4000,-4000,-4000
06148P,台積電元大97售17,0,0,0,0,0,0,0,0,0,-4000,0,0,0,0,4000,-4000,-4000
061481,嘉澤元大9A購03  ,0,0,0,0,0,0,0,0,0,-4000,0,0,0,140000,144000,-4000,-4000
058628,宏達電國票9A購01,0,0,0,0,0,0,0,0,0,-4000,0,0,0,0,4000,-4000,-4000
058455,玉晶光永豐99購03,0,0,0,0,0,0,0,0,0,-4000,0,0,0,0,4000,-4000,-4000
054373,富邦金中信97購01,0,0,0,0,0,0,0,0,0,-4000,0,0,0,0,4000,-4000,-4000
055733,奇力新元富97購01,0,0,0,0,0,0,0,0,0,-4000,0,0,0,0,4000,-4000,-4000
055822,臺股指國票97購09,0,0,0,0,0,0,0,0,0,-4000,0,0,0,8000,12000,-4000,-4000
055474,欣興凱基97購05  ,0,0,0,0,0,0,0,0,0,-4000,0,0,0,0,4000,-4000,-4000
056339,聯發科凱基99購02,0,0,0,0,0,0,0,0,0,-4000,0,0,0,7000,11000,-4000,-4000
056209,超眾永豐97購02  ,0,0,0,0,0,0,0,0,0,-4000,0,0,0,38000,42000,-4000,-4000
055349,京元電凱基97購02,0,0,0,0,0,0,0,0,0,-4000,0,0,0,0,4000,-4000,-4000
051735,台積電國票96購06,0,0,0,0,0,0,0,0,0,-4000,0,0,0,0,4000,-4000,-4000
053411,深中小國票9B購01,0,0,0,0,0,0,0,0,0,-4000,0,0,0,7000,11000,-4000,-4000
053075,欣興永豐96購01  ,0,0,0,0,0,0,0,0,0,-4000,0,0,0,0,4000,-4000,-4000
053085,華新科元大97購04,0,0,0,0,0,0,0,0,0,-4000,0,0,0,0,4000,-4000,-4000
05071P,鴻海統一96售05  ,0,0,0,0,0,0,0,0,0,-4000,0,0,0,4000,8000,-4000,-4000
035276,南亞科台新97購01,0,0,0,0,0,0,0,0,0,-4000,0,0,0,0,4000,-4000,-4000
03052X,元展49          ,0,0,0,0,0,0,0,0,0,-4000,0,0,0,0,4000,-4000,-4000
049759,元黃金富邦9A購01,0,0,0,0,0,0,0,0,0,-4000,0,0,0,2000,6000,-4000,-4000
0057,富邦摩台        ,0,0,0,0,0,0,0,0,0,-4000,0,0,0,30000,34000,-4000,-4000
044963,台積電中信96購01,0,0,0,0,0,0,0,0,0,-4000,0,0,0,20000,24000,-4000,-4000
053662,矽力凱基97購01  ,0,0,0,0,0,0,0,0,0,-4000,0,0,0,16000,20000,-4000,-4000
053527,創意中信97購01  ,0,0,0,0,0,0,0,0,0,-4000,0,0,0,0,4000,-4000,-4000
059923,緯穎元大99購09  ,0,0,0,0,0,0,0,0,0,-4000,0,0,0,38000,42000,-4000,-4000
060044,大立光群益99購09,0,0,0,0,0,0,0,0,0,-4000,0,0,0,0,4000,-4000,-4000
060012,電子類群益99購02,0,0,0,0,0,0,0,0,0,-4000,0,0,0,0,4000,-4000,-4000
060301,國巨富邦9C購02  ,0,0,0,0,0,0,0,0,0,-4000,0,0,0,0,4000,-4000,-4000
057735,台灣50富邦9C購02,0,0,0,0,0,0,0,0,0,-4000,0,0,0,0,4000,-4000,-4000
059717,國巨元大99購21  ,0,0,0,0,0,0,0,0,0,-4000,0,0,0,4000,8000,-4000,-4000
05814P,臺股指國票96售07,0,0,0,0,0,0,0,0,0,-4000,0,0,0,0,4000,-4000,-4000
059628,智邦凱基99購04  ,0,0,0,0,0,0,0,0,0,-4000,0,0,0,6000,10000,-4000,-4000
057799,世紀鋼兆豐98購01,0,0,0,0,0,0,0,0,0,-4000,0,0,0,0,4000,-4000,-4000
059403,T50反1台新03購03,0,0,0,0,0,0,0,0,0,-4000,0,0,0,0,4000,-4000,-4000
059485,台灣50兆豐99購02,0,0,0,0,0,0,0,0,0,-4000,0,0,0,24000,28000,-4000,-4000
059532,華新科凱基9B購03,0,0,0,0,0,0,0,0,0,-4000,0,0,0,0,4000,-4000,-4000
059507,鴻海永豐99購03  ,0,0,0,0,0,0,0,0,0,-4000,0,0,0,28000,32000,-4000,-4000
05889P,群創元大98售02  ,0,0,0,0,0,0,0,0,0,-4000,0,0,0,0,4000,-4000,-4000
059253,康控凱基9B購02  ,0,0,0,0,0,0,0,0,0,-4000,0,0,0,6000,10000,-4000,-4000
058259,訊連國泰9B購01  ,0,0,0,0,0,0,0,0,0,-4000,0,0,0,20000,24000,-4000,-4000
058243,華擎元大99購01  ,0,0,0,0,0,0,0,0,0,-4000,0,0,0,118000,122000,-4000,-4000
058984,全新凱基9A購03  ,0,0,0,0,0,0,0,0,0,-4000,0,0,0,1000,5000,-4000,-4000
059145,創意國票99購02  ,0,0,0,0,0,0,0,0,0,-4000,0,0,0,2000,6000,-4000,-4000
059265,美律中信01購01  ,0,0,0,0,0,0,0,0,0,-4000,0,0,0,5000,9000,-4000,-4000
059299,欣興元富99購03  ,0,0,0,0,0,0,0,0,0,-4000,0,0,0,0,4000,-4000,-4000
057306,玉晶光兆豐99購01,0,0,0,0,0,0,0,0,0,-4000,0,0,0,0,4000,-4000,-4000
4807,日成-KY         ,13000,17000,-4000,0,0,0,0,0,0,0,0,0,0,0,0,0,-4000
4439,冠星-KY         ,0,4000,-4000,0,0,0,0,0,0,0,0,0,0,0,0,0,-4000
5215,科嘉-KY         ,128000,166000,-38000,0,0,0,0,0,0,34000,34000,0,34000,0,0,0,-4000
1531,高林股          ,3000,7000,-4000,0,0,0,0,0,0,0,0,0,0,0,0,0,-4000
3055,蔚華科          ,5000,10000,-5000,0,0,0,0,0,0,1000,1000,0,1000,0,0,0,-4000
3046,建碁            ,0,4000,-4000,0,0,0,0,0,0,0,0,0,0,0,0,0,-4000
3025,星通            ,0,4000,-4000,0,0,0,0,0,0,0,0,0,0,0,0,0,-4000
2362,藍天            ,34000,40000,-6000,0,0,0,0,0,0,2000,2000,0,2000,0,0,0,-4000
07811P,華新科統一9A售02,0,0,0,0,0,0,0,0,0,-4000,0,0,0,0,4000,-4000,-4000
07724P,臺股指凱基9A售16,0,0,0,0,0,0,0,0,0,-4000,0,0,0,0,4000,-4000,-4000
07540P,鴻海凱基9A售21  ,0,0,0,0,0,0,0,0,0,-4000,0,0,0,1000,5000,-4000,-4000
07583P,台積電富邦9B售05,0,0,0,0,0,0,0,0,0,-4000,0,0,0,10000,14000,-4000,-4000
07546P,玉晶光凱基9A售09,0,0,0,0,0,0,0,0,0,-4000,0,0,0,209000,213000,-4000,-4000
07414P,台積電元大99售51,0,0,0,0,0,0,0,0,0,-4000,0,0,0,0,4000,-4000,-4000
061389,華新科群益9B購01,0,0,0,0,0,0,0,0,0,-5000,0,0,0,0,5000,-5000,-5000
061157,聯鈞群益9A購02  ,0,0,0,0,0,0,0,0,0,-5000,0,0,0,0,5000,-5000,-5000
061752,瑞昱台新9B購01  ,0,0,0,0,0,0,0,0,0,-5000,0,0,0,50000,55000,-5000,-5000
061745,南電凱基9B購02  ,0,0,0,0,0,0,0,0,0,-5000,0,0,0,0,5000,-5000,-5000
061682,南電元大9B購01  ,0,0,0,0,0,0,0,0,0,-5000,0,0,0,0,5000,-5000,-5000
061645,超眾元大9A購06  ,0,0,0,0,0,0,0,0,0,-5000,0,0,0,15000,20000,-5000,-5000
061631,SP黃豆元大9A購05,0,0,0,0,0,0,0,0,0,-5000,0,0,0,0,5000,-5000,-5000
061598,南電永豐9A購04  ,0,0,0,0,0,0,0,0,0,-5000,0,0,0,0,5000,-5000,-5000
061530,智邦台新9A購02  ,0,0,0,0,0,0,0,0,0,-5000,0,0,0,5000,10000,-5000,-5000
060849,力成國票9A購01  ,0,0,0,0,0,0,0,0,0,-5000,0,0,0,8000,13000,-5000,-5000
060939,鴻海國票9A購06  ,0,0,0,0,0,0,0,0,0,-5000,0,0,0,5000,10000,-5000,-5000
061142,南電統一9A購01  ,0,0,0,0,0,0,0,0,0,-5000,0,0,0,0,5000,-5000,-5000
060794,景碩永豐9A購02  ,0,0,0,0,0,0,0,0,0,-5000,0,0,0,5000,10000,-5000,-5000
060732,玉晶光群益9C購02,0,0,0,0,0,0,0,0,0,-5000,0,0,0,1000,6000,-5000,-5000
060655,國巨統一9B購06  ,0,0,0,0,0,0,0,0,0,-5000,0,0,0,5000,10000,-5000,-5000
060594,國巨麥證9A購01  ,0,0,0,0,5000,-5000,0,0,0,-5000,0,0,0,0,5000,-5000,-5000
062147,大毅國票9B購02  ,0,0,0,0,0,0,0,0,0,-5000,0,0,0,57000,62000,-5000,-5000
061984,華新科元大9B購05,0,0,0,0,0,0,0,0,0,-5000,0,0,0,0,5000,-5000,-5000
061860,臺股指國票9B購04,0,0,0,0,0,0,0,0,0,-5000,0,0,0,5000,10000,-5000,-5000
061912,台積電中信05購05,0,0,0,0,0,0,0,0,0,-5000,0,0,0,0,5000,-5000,-5000
062426,大立光統一02購02,0,0,0,0,0,0,0,0,0,-5000,0,0,0,0,5000,-5000,-5000
062535,台積電麥證02購01,0,0,0,0,5000,-5000,0,0,0,-5000,0,0,0,0,5000,-5000,-5000
062203,燿華國票9C購01  ,0,0,0,0,0,0,0,0,0,-5000,0,0,0,54000,59000,-5000,-5000
062262,茂林元大9B購02  ,0,0,0,0,0,0,0,0,0,-5000,0,0,0,5000,10000,-5000,-5000
06224P,可成元富97售02  ,0,0,0,0,0,0,0,0,0,-5000,0,0,0,0,5000,-5000,-5000
062286,台郡群益9B購01  ,0,0,0,0,0,0,0,0,0,-5000,0,0,0,0,5000,-5000,-5000
062635,創意國票9B購01  ,0,0,0,0,0,0,0,0,0,-5000,0,0,0,0,5000,-5000,-5000
062562,瑞儀凱基9B購02  ,0,0,0,0,0,0,0,0,0,-5000,0,0,0,43000,48000,-5000,-5000
062588,國巨統一9B購14  ,0,0,0,0,0,0,0,0,0,-5000,0,0,0,0,5000,-5000,-5000
062595,祥碩統一9B購01  ,0,0,0,0,0,0,0,0,0,-5000,0,0,0,0,5000,-5000,-5000
062678,華通統一9C購04  ,0,0,0,0,0,0,0,0,0,-5000,0,0,0,0,5000,-5000,-5000
06382P,大毅元富97售02  ,0,0,0,0,0,0,0,0,0,-5000,0,0,0,0,5000,-5000,-5000
06483P,聯發科凱基98售10,0,0,0,0,0,0,0,0,0,-5000,0,0,0,4000,9000,-5000,-5000
06634P,欣興國票98售02  ,0,0,0,0,0,0,0,0,0,-5000,0,0,0,0,5000,-5000,-5000
06717P,可成元大98售09  ,0,0,0,0,0,0,0,0,0,-5000,0,0,0,0,5000,-5000,-5000
06751P,旺宏凱基98售10  ,0,0,0,0,0,0,0,0,0,-5000,0,0,0,0,5000,-5000,-5000
06723P,台灣50麥證99售01,0,0,0,0,5000,-5000,0,0,0,-5000,0,0,0,0,5000,-5000,-5000
042793,台積電台新9C購01,0,0,0,0,0,0,0,0,0,-5000,0,0,0,0,5000,-5000,-5000
046476,鴻海統一96購01  ,0,0,0,0,0,0,0,0,0,-5000,0,0,0,20000,25000,-5000,-5000
047196,上銀統一97購01  ,0,0,0,0,0,0,0,0,0,-5000,0,0,0,5000,10000,-5000,-5000
047211,華新科富邦99購01,0,0,0,0,0,0,0,0,0,-5000,0,0,0,0,5000,-5000,-5000
03007X,元展07          ,0,0,0,0,0,0,0,0,0,-5000,0,0,0,0,5000,-5000,-5000
03049X,元展46          ,0,0,0,0,0,0,0,0,0,-5000,0,0,0,0,5000,-5000,-5000
03430B,臺股指元大9B熊01,0,0,0,0,0,0,0,0,0,-5000,0,0,0,0,5000,-5000,-5000
050854,世紀鋼國票97購01,0,0,0,0,0,0,0,0,0,-5000,0,0,0,70000,75000,-5000,-5000
053006,玉晶光永豐96購03,0,0,0,0,0,0,0,0,0,-5000,0,0,0,5000,10000,-5000,-5000
053337,聯電國票97購01  ,0,0,0,0,0,0,0,0,0,-5000,0,0,0,20000,25000,-5000,-5000
052025,國巨群益96購01  ,0,0,0,0,0,0,0,0,0,-5000,0,0,0,15000,20000,-5000,-5000
051973,華新科凱基96購04,0,0,0,0,0,0,0,0,0,-5000,0,0,0,0,5000,-5000,-5000
051903,T50反1元大97購02,0,0,0,0,0,0,0,0,0,-5000,0,0,0,0,5000,-5000,-5000
052937,國巨兆豐97購01  ,0,0,0,0,0,0,0,0,0,-5000,0,0,0,0,5000,-5000,-5000
052152,創意富邦98購01  ,0,0,0,0,0,0,0,0,0,-5000,0,0,0,0,5000,-5000,-5000
053945,國巨富邦98購02  ,0,0,0,0,0,0,0,0,0,-5000,0,0,0,0,5000,-5000,-5000
056459,茂林凱基99購01  ,0,0,0,0,0,0,0,0,0,-5000,0,0,0,10000,15000,-5000,-5000
056430,鴻海凱基98購06  ,0,0,0,0,0,0,0,0,0,-5000,0,0,0,39000,44000,-5000,-5000
052806,玉晶光元大98購04,0,0,0,0,0,0,0,0,0,-5000,0,0,0,20000,25000,-5000,-5000
052766,玉晶光群益9A購01,0,0,0,0,0,0,0,0,0,-5000,0,0,0,5000,10000,-5000,-5000
056135,緯創元大98購01  ,0,0,0,0,0,0,0,0,0,-5000,0,0,0,25000,30000,-5000,-5000
056045,勤誠凱基97購01  ,0,0,0,0,0,0,0,0,0,-5000,0,0,0,0,5000,-5000,-5000
056338,聯發科凱基99購01,0,0,0,0,0,0,0,0,0,-5000,0,0,0,0,5000,-5000,-5000
055845,大立光元大97購08,0,0,0,0,0,0,0,0,0,-5000,0,0,0,0,5000,-5000,-5000
054072,台積電富邦98購02,0,0,0,0,0,0,0,0,0,-5000,0,0,0,0,5000,-5000,-5000
05395P,旺宏元大96售06  ,0,0,0,0,0,0,0,0,0,-5000,0,0,0,4000,9000,-5000,-5000
054487,京元電台新97購01,0,0,0,0,0,0,0,0,0,-5000,0,0,0,0,5000,-5000,-5000
054543,元金2X中信01購01,0,0,0,0,0,0,0,0,0,-5000,0,0,0,5000,10000,-5000,-5000
055008,隆達元富97購01  ,0,0,0,0,0,0,0,0,0,-5000,0,0,0,0,5000,-5000,-5000
05500P,臺股指中信96售04,0,0,0,0,0,0,0,0,0,-5000,0,0,0,0,5000,-5000,-5000
055049,智邦永豐97購01  ,0,0,0,0,0,0,0,0,0,-5000,0,0,0,104000,109000,-5000,-5000
055056,億光永豐97購01  ,0,0,0,0,0,0,0,0,0,-5000,0,0,0,0,5000,-5000,-5000
054449,中環第一96購01  ,0,0,0,0,0,0,0,0,0,-5000,0,0,0,0,5000,-5000,-5000
054873,帆宣群益99購01  ,0,0,0,0,0,0,0,0,0,-5000,0,0,0,0,5000,-5000,-5000
055775,友達凱基9A購01  ,0,0,0,0,0,0,0,0,0,-5000,0,0,0,0,5000,-5000,-5000
055701,亞德客富邦99購01,0,0,0,0,0,0,0,0,0,-5000,0,0,0,0,5000,-5000,-5000
05848P,臺股指元大96售24,0,0,0,0,0,0,0,0,0,-5000,0,0,0,0,5000,-5000,-5000
058477,億光凱基9A購01  ,0,0,0,0,0,0,0,0,0,-5000,0,0,0,0,5000,-5000,-5000
058353,國巨凱基99購09  ,0,0,0,0,0,0,0,0,0,-5000,0,0,0,10000,15000,-5000,-5000
058591,台灣50統一9B購02,0,0,0,0,0,0,0,0,0,-5000,0,0,0,0,5000,-5000,-5000
058217,新唐群益99購01  ,0,0,0,0,0,0,0,0,0,-5000,0,0,0,0,5000,-5000,-5000
057272,台積電元大98購14,0,0,0,0,0,0,0,0,0,-5000,0,0,0,0,5000,-5000,-5000
057216,聯發科群益99購01,0,0,0,0,0,0,0,0,0,-5000,0,0,0,15000,20000,-5000,-5000
057111,立積群益98購02  ,0,0,0,0,0,0,0,0,0,-5000,0,0,0,0,5000,-5000,-5000
056604,鴻海富邦9A購01  ,0,0,0,0,0,0,0,0,0,-5000,0,0,0,90000,95000,-5000,-5000
058241,景碩元大99購05  ,0,0,0,0,0,0,0,0,0,-5000,0,0,0,0,5000,-5000,-5000
058228,為升元大99購01  ,0,0,0,0,0,0,0,0,0,-5000,0,0,0,0,5000,-5000,-5000
058233,聯發科元大99購06,0,0,0,0,0,0,0,0,0,-5000,0,0,0,0,5000,-5000,-5000
058786,元黃金元大99購01,0,0,0,0,0,0,0,0,0,-5000,0,0,0,13000,18000,-5000,-5000
058789,喬山元大99購02  ,0,0,0,0,0,0,0,0,0,-5000,0,0,0,0,5000,-5000,-5000
058265,奇力新永豐9A購01,0,0,0,0,0,0,0,0,0,-5000,0,0,0,0,5000,-5000,-5000
057941,聯電國票99購01  ,0,0,0,0,0,0,0,0,0,-5000,0,0,0,0,5000,-5000,-5000
059093,旭富元大99購01  ,0,0,0,0,0,0,0,0,0,-5000,0,0,0,5000,10000,-5000,-5000
059216,台積電元大99購29,0,0,0,0,0,0,0,0,0,-5000,0,0,0,0,5000,-5000,-5000
058874,聯鈞國票9A購01  ,0,0,0,0,0,0,0,0,0,-5000,0,0,0,2000,7000,-5000,-5000
058939,台積電中信9B購01,0,0,0,0,0,0,0,0,0,-5000,0,0,0,0,5000,-5000,-5000
05895P,奇力新群益96售03,0,0,0,0,0,0,0,0,0,-5000,0,0,0,6000,11000,-5000,-5000
058960,臺股指國票99購05,0,0,0,0,0,0,0,0,0,-5000,0,0,0,0,5000,-5000,-5000
058897,國巨元大99購17  ,0,0,0,0,0,0,0,0,0,-5000,0,0,0,0,5000,-5000,-5000
059494,國巨國票9C購01  ,0,0,0,0,0,0,0,0,0,-5000,0,0,0,0,5000,-5000,-5000
059490,國巨國票99購09  ,0,0,0,0,0,0,0,0,0,-5000,0,0,0,0,5000,-5000,-5000
059370,玉晶光元富99購02,0,0,0,0,0,0,0,0,0,-5000,0,0,0,177000,182000,-5000,-5000
059376,國巨群益99購09  ,0,0,0,0,0,0,0,0,0,-5000,0,0,0,0,5000,-5000,-5000
058423,臺股指麥證99購01,0,0,0,1000,5000,-4000,0,0,0,-5000,0,0,0,1000,6000,-5000,-5000
058410,國巨兆豐99購03  ,0,0,0,0,0,0,0,0,0,-5000,0,0,0,0,5000,-5000,-5000
056548,瀚宇博凱基98購02,0,0,0,0,0,0,0,0,0,-5000,0,0,0,10000,15000,-5000,-5000
056782,鴻海群益98購04  ,0,0,0,0,0,0,0,0,0,-5000,0,0,0,0,5000,-5000,-5000
058143,瑞儀元大99購02  ,0,0,0,0,0,0,0,0,0,-5000,0,0,0,5000,10000,-5000,-5000
058125,元油2X元大9C購01,0,0,0,0,0,0,0,0,0,-5000,0,0,0,0,5000,-5000,-5000
057751,神達國票99購02  ,0,0,0,0,0,0,0,0,0,-5000,0,0,0,0,5000,-5000,-5000
058706,聯鈞元大9C購01  ,0,0,0,0,0,0,0,0,0,-5000,0,0,0,0,5000,-5000,-5000
058757,道瓊銀群益9A購02,0,0,0,0,0,0,0,0,0,-5000,0,0,0,45000,50000,-5000,-5000
057995,華新科中信98購02,0,0,0,0,0,0,0,0,0,-5000,0,0,0,0,5000,-5000,-5000
057689,南亞科凱基99購02,0,0,0,0,0,0,0,0,0,-5000,0,0,0,0,5000,-5000,-5000
056767,大毅元大99購01  ,70000,0,70000,0,0,0,0,0,0,-75000,0,0,0,153000,228000,-75000,-5000
056699,光罩國泰99購01  ,0,0,0,0,0,0,0,0,0,-5000,0,0,0,0,5000,-5000,-5000
060308,劍麟永豐9A購01  ,0,0,0,0,0,0,0,0,0,-5000,0,0,0,15000,20000,-5000,-5000
060152,上証2X永豐9A購02,0,0,0,0,0,0,0,0,0,-5000,0,0,0,0,5000,-5000,-5000
060172,智原台新9A購01  ,0,0,0,0,0,0,0,0,0,-5000,0,0,0,5000,10000,-5000,-5000
059983,聯發科元大99購38,0,0,0,0,0,0,0,0,0,-5000,0,0,0,0,5000,-5000,-5000
060059,鴻海兆豐99購06  ,0,0,0,0,0,0,0,0,0,-5000,0,0,0,1000,6000,-5000,-5000
060101,大立光元大99購31,0,0,0,0,0,0,0,0,0,-5000,0,0,0,0,5000,-5000,-5000
059793,滬深2X國票99購03,0,0,0,0,0,0,0,0,0,-5000,0,0,0,0,5000,-5000,-5000
059869,友達凱基99購07  ,0,0,0,0,0,0,0,0,0,-5000,0,0,0,0,5000,-5000,-5000
07525P,臺股指中信9B售07,0,0,0,0,0,0,0,0,0,-5000,0,0,0,0,5000,-5000,-5000
07239P,台灣50國票9A售04,0,0,0,0,0,0,0,0,0,-5000,0,0,0,0,5000,-5000,-5000
07233P,台灣50元大99售04,0,0,0,0,0,0,0,0,0,-5000,0,0,0,30000,35000,-5000,-5000
2373,震旦行          ,10000,15000,-5000,0,0,0,0,0,0,0,0,0,0,0,0,0,-5000
2904,匯僑            ,5000,10000,-5000,0,0,0,0,0,0,0,0,0,0,0,0,0,-5000
07993P,寶成群益9B售01  ,0,0,0,0,0,0,0,0,0,-5000,0,0,0,0,5000,-5000,-5000
08014P,微星凱基9B售02  ,0,0,0,0,0,0,0,0,0,-5000,0,0,0,0,5000,-5000,-5000
9136,巨騰-DR         ,41000,46000,-5000,0,0,0,0,0,0,0,0,0,0,0,0,0,-5000
9188,精熙-DR         ,0,5000,-5000,0,0,0,0,0,0,0,0,0,0,0,0,0,-5000
06691P,臺股指群益9C售05,0,0,0,0,0,0,0,0,0,-6000,0,0,0,0,6000,-6000,-6000
06944P,健鼎元富98售02  ,0,0,0,0,0,0,0,0,0,-6000,0,0,0,0,6000,-6000,-6000
06417P,台積電兆豐97售03,0,0,0,0,0,0,0,0,0,-6000,0,0,0,0,6000,-6000,-6000
06448P,華通元大99售01  ,0,0,0,0,0,0,0,0,0,-6000,0,0,0,149000,155000,-6000,-6000
06568P,國巨永豐98售05  ,0,0,0,0,0,0,0,0,0,-6000,0,0,0,9000,15000,-6000,-6000
06633P,國巨國票99售01  ,0,0,0,0,0,0,0,0,0,-6000,0,0,0,14000,20000,-6000,-6000
062668,國巨中信9B購04  ,0,0,0,0,0,0,0,0,0,-6000,0,0,0,0,6000,-6000,-6000
062680,微星統一01購01  ,0,0,0,0,0,0,0,0,0,-6000,0,0,0,0,6000,-6000,-6000
062734,臺指反國票9C購03,0,0,0,0,0,0,0,0,0,-6000,0,0,0,0,6000,-6000,-6000
06359P,上銀群益97售03  ,0,0,0,0,0,0,0,0,0,-6000,0,0,0,9000,15000,-6000,-6000
062597,世紀鋼統一01購01,0,0,0,0,0,0,0,0,0,-6000,0,0,0,0,6000,-6000,-6000
062150,南六國票9B購01  ,0,0,0,0,0,0,0,0,0,-6000,0,0,0,0,6000,-6000,-6000
060642,華擎永豐9A購02  ,0,0,0,0,0,0,0,0,0,-6000,0,0,0,0,6000,-6000,-6000
060501,鴻海元大9A購13  ,0,0,0,0,0,0,0,0,0,-6000,0,0,0,8000,14000,-6000,-6000
060661,台積電凱基9A購18,0,0,0,0,0,0,0,0,0,-6000,0,0,0,40000,46000,-6000,-6000
060729,國巨群益9A購05  ,0,0,0,0,0,0,0,0,0,-6000,0,0,0,0,6000,-6000,-6000
061119,國巨永豐9A購03  ,0,0,0,0,0,0,0,0,0,-6000,0,0,0,0,6000,-6000,-6000
061024,南電國泰9B購01  ,0,0,0,0,0,0,0,0,0,-6000,0,0,0,0,6000,-6000,-6000
061510,嘉澤富邦9C購01  ,0,0,0,0,0,0,0,0,0,-6000,0,0,0,102000,108000,-6000,-6000
061500,京鼎國票9B購01  ,0,0,0,0,0,0,0,0,0,-6000,0,0,0,0,6000,-6000,-6000
061542,旺宏群益9A購04  ,0,0,0,0,0,0,0,0,0,-6000,0,0,0,0,6000,-6000,-6000
061183,友達國泰9B購02  ,0,0,0,0,0,0,0,0,0,-6000,0,0,0,0,6000,-6000,-6000
061348,聯鈞元大9A購05  ,0,0,0,0,0,0,0,0,0,-6000,0,0,0,5000,11000,-6000,-6000
061442,玉晶光永豐9A購07,0,0,0,0,0,0,0,0,0,-6000,0,0,0,3000,9000,-6000,-6000
058659,力成中信99購01  ,0,0,0,0,0,0,0,0,0,-6000,0,0,0,4000,10000,-6000,-6000
055892,國巨統一99購01  ,0,0,0,0,0,0,0,0,0,-6000,0,0,0,20000,26000,-6000,-6000
055912,宏達電凱基98購03,0,0,0,0,0,0,0,0,0,-6000,0,0,0,44000,50000,-6000,-6000
05440P,緯穎國票96售02  ,0,0,0,0,0,0,0,0,0,-6000,0,0,0,0,6000,-6000,-6000
054760,台化國票9A購01  ,0,0,0,0,0,0,0,0,0,-6000,0,0,0,0,6000,-6000,-6000
055447,華新科統一97購04,0,0,0,0,0,0,0,0,0,-6000,0,0,0,0,6000,-6000,-6000
055380,智易元大98購02  ,0,0,0,0,0,0,0,0,0,-6000,0,0,0,50000,56000,-6000,-6000
054957,興富發元大97購01,0,0,0,0,0,0,0,0,0,-6000,0,0,0,0,6000,-6000,-6000
056360,智邦元大98購01  ,0,0,0,0,0,0,0,0,0,-6000,0,0,0,42000,48000,-6000,-6000
03649C,T50反1凱基99牛05,0,0,0,0,0,0,0,0,0,-6000,0,0,0,0,6000,-6000,-6000
00710B,FH彭博高收益債  ,24000,0,24000,0,0,0,0,0,0,-30000,0,0,0,102000,132000,-30000,-6000
00638R,元大滬深300反1  ,73000,259000,-186000,0,0,0,0,0,0,180000,0,0,0,486000,306000,180000,-6000
053432,世紀鋼永豐96購02,0,0,0,0,0,0,0,0,0,-6000,0,0,0,0,6000,-6000,-6000
059855,緯穎永豐99購04  ,0,0,0,0,0,0,0,0,0,-6000,0,0,0,74000,80000,-6000,-6000
059972,S&P正2元大99購03,0,0,0,0,0,0,0,0,0,-6000,0,0,0,2000,8000,-6000,-6000
060049,華通凱基99購06  ,0,0,0,0,0,0,0,0,0,-6000,0,0,0,4000,10000,-6000,-6000
06004P,奇力新永豐96售02,0,0,0,0,0,0,0,0,0,-6000,0,0,0,15000,21000,-6000,-6000
060256,臺股指元大9B購07,0,0,0,0,0,0,0,0,0,-6000,0,0,0,0,6000,-6000,-6000
056743,貿聯凱基98購04  ,0,0,0,0,0,0,0,0,0,-6000,0,0,0,55000,61000,-6000,-6000
056749,滬深2X兆豐99購01,0,0,0,0,0,0,0,0,0,-6000,0,0,0,15000,21000,-6000,-6000
059616,滬深2X群益01購04,0,0,0,0,0,0,0,0,0,-6000,0,0,0,0,6000,-6000,-6000
059746,聯鈞元富99購03  ,0,0,0,0,0,0,0,0,0,-6000,0,0,0,0,6000,-6000,-6000
057449,華新科元富99購02,0,0,0,0,0,0,0,0,0,-6000,0,0,0,30000,36000,-6000,-6000
059373,滬深2X群益01購03,0,0,0,0,0,0,0,0,0,-6000,0,0,0,0,6000,-6000,-6000
057974,上銀永豐98購02  ,0,0,0,0,0,0,0,0,0,-6000,0,0,0,0,6000,-6000,-6000
059235,鴻海凱基99購08  ,0,0,0,0,0,0,0,0,0,-6000,0,0,0,10000,16000,-6000,-6000
058390,樺漢國票9A購01  ,0,0,0,0,0,0,0,0,0,-6000,0,0,0,0,6000,-6000,-6000
057930,旺宏群益99購04  ,0,0,0,0,0,0,0,0,0,-6000,0,0,0,0,6000,-6000,-6000
057308,同欣電兆豐99購01,0,0,0,0,0,0,0,0,0,-6000,0,0,0,0,6000,-6000,-6000
5264,鎧勝-KY         ,225000,235000,-10000,0,0,0,0,0,0,4000,4000,0,4000,0,0,0,-6000
4414,如興            ,208000,235000,-27000,0,0,0,0,0,0,21000,21000,0,21000,0,0,0,-6000
3535,晶彩科          ,65000,76000,-11000,0,0,0,0,0,0,5000,5000,0,5000,0,0,0,-6000
6449,鈺邦            ,5000,11000,-6000,0,0,0,0,0,0,0,0,0,0,0,0,0,-6000
8070,長華*           ,2000,8000,-6000,0,0,0,0,0,0,0,0,0,0,0,0,0,-6000
1525,江申            ,4000,0,4000,0,0,0,0,10000,-10000,0,0,0,0,0,0,0,-6000
2069,運錩            ,0,6000,-6000,0,0,0,0,0,0,0,0,0,0,0,0,0,-6000
2748,雲品            ,10000,1000,9000,0,0,0,0,15000,-15000,0,0,0,0,0,0,0,-6000
3011,今皓            ,0,6000,-6000,0,0,0,0,0,0,0,0,0,0,0,0,0,-6000
07360P,台積電元大99售46,0,0,0,0,0,0,0,0,0,-6000,0,0,0,0,6000,-6000,-6000
07514P,台積電元大9A售14,0,0,0,0,0,0,0,0,0,-6000,0,0,0,0,6000,-6000,-6000
07399P,鴻海凱基99售19  ,0,0,0,0,0,0,0,0,0,-6000,0,0,0,0,6000,-6000,-6000
07651P,道瓊指中信01售01,0,0,0,0,0,0,0,0,0,-6000,0,0,0,5000,11000,-6000,-6000
061435,元金2X凱基9C購03,0,0,0,0,0,0,0,0,0,-7000,0,0,0,212000,219000,-7000,-7000
061462,國巨群益9A購11  ,0,0,0,0,0,0,0,0,0,-7000,0,0,0,0,7000,-7000,-7000
06173P,華通元大97售02  ,0,0,0,0,0,0,0,0,0,-7000,0,0,0,33000,40000,-7000,-7000
061012,國巨麥證9A購03  ,0,0,0,0,7000,-7000,0,0,0,-7000,0,0,0,0,7000,-7000,-7000
060510,大立光元大9A購03,0,0,0,0,0,0,0,0,0,-7000,0,0,0,3000,10000,-7000,-7000
060552,群創凱基9B購05  ,0,0,0,0,0,0,0,0,0,-7000,0,0,0,0,7000,-7000,-7000
060582,玉晶光群益9C購01,0,0,0,0,0,0,0,0,0,-7000,0,0,0,73000,80000,-7000,-7000
06215P,康控永豐97售02  ,0,0,0,0,0,0,0,0,0,-7000,0,0,0,0,7000,-7000,-7000
062186,晶技元大9B購05  ,0,0,0,0,0,0,0,0,0,-7000,0,0,0,12000,19000,-7000,-7000
062135,國巨群益9B購05  ,0,0,0,0,0,0,0,0,0,-7000,0,0,0,0,7000,-7000,-7000
061916,元金2X凱基02購01,0,0,0,0,0,0,0,0,0,-7000,0,0,0,15000,22000,-7000,-7000
062271,華通群益9C購02  ,0,0,0,0,0,0,0,0,0,-7000,0,0,0,6000,13000,-7000,-7000
062456,台積電群益9B購05,0,0,0,0,0,0,0,0,0,-7000,0,0,0,0,7000,-7000,-7000
062575,景碩群益9B購01  ,0,0,0,0,0,0,0,0,0,-7000,0,0,0,1000,8000,-7000,-7000
062569,南電中信01購01  ,0,0,0,0,0,0,0,0,0,-7000,0,0,0,0,7000,-7000,-7000
062643,緯穎國票9B購01  ,0,0,0,0,0,0,0,0,0,-7000,0,0,0,2000,9000,-7000,-7000
06627P,華新科元富99售01,0,0,0,0,0,0,0,0,0,-7000,0,0,0,201000,208000,-7000,-7000
07013P,玉晶光群益9A售06,0,0,0,0,0,0,0,0,0,-7000,0,0,0,24000,31000,-7000,-7000
07082P,美律元大99售06  ,7000,10000,-3000,0,0,0,0,0,0,-4000,0,0,0,340000,344000,-4000,-7000
07133P,臺股指元大9A售27,0,0,0,0,0,0,0,0,0,-7000,0,0,0,20000,27000,-7000,-7000
06716P,台積電元大9A售02,0,0,0,0,0,0,0,0,0,-7000,0,0,0,0,7000,-7000,-7000
06880P,鈺齊凱基98售03  ,0,0,0,0,0,0,0,0,0,-7000,0,0,0,15000,22000,-7000,-7000
06803P,臺股指群益98售09,0,0,0,0,0,0,0,0,0,-7000,0,0,0,15000,22000,-7000,-7000
05347P,滬深2X元富9B售02,0,0,0,0,0,0,0,0,0,-7000,0,0,0,0,7000,-7000,-7000
047769,大立光元大96購01,0,0,0,0,0,0,0,0,0,-7000,0,0,0,3000,10000,-7000,-7000
053664,臺股指凱基96購25,0,0,0,0,0,0,0,0,0,-7000,0,0,0,0,7000,-7000,-7000
052514,嘉澤凱基96購01  ,0,0,0,0,0,0,0,0,0,-7000,0,0,0,3000,10000,-7000,-7000
056457,嘉澤凱基98購01  ,0,0,0,0,0,0,0,0,0,-7000,0,0,0,3000,10000,-7000,-7000
056376,玉晶光統一98購01,0,0,0,0,0,0,0,0,0,-7000,0,0,0,0,7000,-7000,-7000
054516,國巨元大97購02  ,0,0,0,0,0,0,0,0,0,-7000,0,0,0,8000,15000,-7000,-7000
058206,祥碩凱基99購01  ,0,0,0,0,0,0,0,0,0,-7000,0,0,0,72000,79000,-7000,-7000
057251,泰鼎統一98購02  ,0,0,0,0,0,0,0,0,0,-7000,0,0,0,0,7000,-7000,-7000
059177,臺股指凱基99購28,0,0,0,0,0,0,0,0,0,-7000,0,0,0,0,7000,-7000,-7000
059292,華新科元富9B購02,0,0,0,0,0,0,0,0,0,-7000,0,0,0,0,7000,-7000,-7000
059127,國巨中信99購04  ,0,0,0,0,0,0,0,0,0,-7000,0,0,0,20000,27000,-7000,-7000
058986,華新科凱基9A購03,0,0,0,0,0,0,0,0,0,-7000,0,0,0,0,7000,-7000,-7000
058988,大立光凱基9A購02,0,0,0,0,0,0,0,0,0,-7000,0,0,0,0,7000,-7000,-7000
057427,華通兆豐99購01  ,0,0,0,0,0,0,0,0,0,-7000,0,0,0,0,7000,-7000,-7000
057494,玉晶光元大99購09,0,0,0,0,0,0,0,0,0,-7000,0,0,0,27000,34000,-7000,-7000
056504,國巨永豐98購02  ,0,0,0,0,0,0,0,0,0,-7000,0,0,0,0,7000,-7000,-7000
05964P,華通凱基96售06  ,0,0,0,0,0,0,0,0,0,-7000,0,0,0,13000,20000,-7000,-7000
059657,華通元大99購09  ,0,0,0,0,0,0,0,0,0,-7000,0,0,0,0,7000,-7000,-7000
059598,欣興元大99購08  ,0,0,0,0,0,0,0,0,0,-7000,0,0,0,0,7000,-7000,-7000
058142,瑞儀元大99購01  ,0,0,0,0,0,0,0,0,0,-7000,0,0,0,12000,19000,-7000,-7000
056796,國巨麥證98購02  ,0,0,0,0,7000,-7000,0,0,0,-7000,0,0,0,0,7000,-7000,-7000
056686,可成統一98購01  ,0,0,0,0,0,0,0,0,0,-7000,0,0,0,47000,54000,-7000,-7000
058011,台虹國票99購01  ,0,0,0,0,0,0,0,0,0,-7000,0,0,0,0,7000,-7000,-7000
060262,臺股指凱基9B購02,0,0,0,0,0,0,0,0,0,-7000,0,0,0,0,7000,-7000,-7000
060360,南亞科元富9A購02,0,0,0,0,0,0,0,0,0,-7000,0,0,0,13000,20000,-7000,-7000
059829,超眾凱基99購05  ,0,0,0,0,0,0,0,0,0,-7000,0,0,0,19000,26000,-7000,-7000
059771,台積電群益99購11,0,0,0,0,0,0,0,0,0,-7000,0,0,0,76000,83000,-7000,-7000
059820,南亞科凱基99購07,0,0,0,0,0,0,0,0,0,-7000,0,0,0,17000,24000,-7000,-7000
07693P,群創元大9B售10  ,0,0,0,0,0,0,0,0,0,-7000,0,0,0,0,7000,-7000,-7000
4119,旭富            ,865000,1120000,-255000,0,0,0,0,0,0,248000,51000,0,51000,266000,69000,197000,-7000
07128P,大毅元大99售04  ,0,0,0,0,0,0,0,0,0,-8000,0,0,0,407000,415000,-8000,-8000
07137P,大立光中信9B售01,0,0,0,0,0,0,0,0,0,-8000,0,0,0,0,8000,-8000,-8000
07050P,宏達電中信9B售01,0,0,0,0,0,0,0,0,0,-8000,0,0,0,4000,12000,-8000,-8000
06578P,華新科國票98售02,0,0,0,0,0,0,0,0,0,-8000,0,0,0,0,8000,-8000,-8000
062636,聯鈞國票9B購01  ,0,0,0,0,0,0,0,0,0,-8000,0,0,0,0,8000,-8000,-8000
06230P,亞德客永豐97售03,0,0,0,0,0,0,0,0,0,-8000,0,0,0,15000,23000,-8000,-8000
062347,台光電群益9B購02,0,0,0,0,0,0,0,0,0,-8000,0,0,0,32000,40000,-8000,-8000
062336,茂林統一01購02  ,0,0,0,0,0,0,0,0,0,-8000,0,0,0,0,8000,-8000,-8000
06212P,華新科元大97售11,0,0,0,0,0,0,0,0,0,-8000,0,0,0,76000,84000,-8000,-8000
062115,臺股指國票9B購09,0,0,0,0,0,0,0,0,0,-8000,0,0,0,2000,10000,-8000,-8000
060602,京元電凱基9A購01,0,0,0,0,0,0,0,0,0,-8000,0,0,0,0,8000,-8000,-8000
060618,玉晶光元大9A購02,0,0,0,0,0,0,0,0,0,-8000,0,0,0,0,8000,-8000,-8000
060544,國巨凱基9B購03  ,0,0,0,0,0,0,0,0,0,-8000,0,0,0,0,8000,-8000,-8000
06089P,矽創永豐97售01  ,0,0,0,0,0,0,0,0,0,-8000,0,0,0,5000,13000,-8000,-8000
061678,玉晶光元大9B購04,0,0,0,0,0,0,0,0,0,-8000,0,0,0,0,8000,-8000,-8000
061778,元金2X群益9B購02,0,0,0,0,0,0,0,0,0,-8000,0,0,0,0,8000,-8000,-8000
061599,元金反中信9C購01,0,0,0,0,0,0,0,0,0,-8000,0,0,0,50000,58000,-8000,-8000
061280,國巨統一9C購06  ,0,0,0,0,0,0,0,0,0,-8000,0,0,0,50000,58000,-8000,-8000
061307,和潤永豐9A購02  ,0,0,0,0,0,0,0,0,0,-8000,0,0,0,86000,94000,-8000,-8000
061286,大立光統一9A購05,0,0,0,0,0,0,0,0,0,-8000,0,0,0,0,8000,-8000,-8000
058632,世紀鋼國票9A購01,0,0,0,0,0,0,0,0,0,-8000,0,0,0,3000,11000,-8000,-8000
054695,世芯永豐98購01  ,0,0,0,0,0,0,0,0,0,-8000,0,0,0,11000,19000,-8000,-8000
054418,茂林元大97購01  ,0,0,0,0,0,0,0,0,0,-8000,0,0,0,7000,15000,-8000,-8000
055032,億光富邦99購01  ,0,0,0,0,0,0,0,0,0,-8000,0,0,0,2000,10000,-8000,-8000
055416,欣興富邦98購01  ,0,0,0,0,0,0,0,0,0,-8000,0,0,0,0,8000,-8000,-8000
056356,台積電元大99購01,0,0,0,0,0,0,0,0,0,-8000,0,0,0,0,8000,-8000,-8000
056314,力成元大97購01  ,0,0,0,0,0,0,0,0,0,-8000,0,0,0,65000,73000,-8000,-8000
056281,深中小永豐97購01,0,0,0,0,0,0,0,0,0,-8000,0,0,0,32000,40000,-8000,-8000
056077,矽力元大97購07  ,0,0,0,0,0,0,0,0,0,-8000,0,0,0,2000,10000,-8000,-8000
053842,聯發科統一96購08,0,0,0,0,0,0,0,0,0,-8000,0,0,0,3400000,3408000,-8000,-8000
00660,元大歐洲50      ,0,1000,-1000,0,0,0,0,0,0,-7000,0,0,0,22000,29000,-7000,-8000
03658C,T50反1元大9A牛02,0,0,0,0,0,0,0,0,0,-8000,0,0,0,0,8000,-8000,-8000
03050X,元展47          ,0,0,0,0,0,0,0,0,0,-8000,0,0,0,6000,14000,-8000,-8000
059811,高股息凱基99購02,0,0,0,0,0,0,0,0,0,-8000,0,0,0,2000,10000,-8000,-8000
059992,S&P正2元富9B購04,0,0,0,0,0,0,0,0,0,-8000,0,0,0,0,8000,-8000,-8000
060413,東元永豐9A購01  ,0,0,0,0,0,0,0,0,0,-8000,0,0,0,0,8000,-8000,-8000
060217,國巨凱基9A購10  ,0,0,0,0,0,0,0,0,0,-8000,0,0,0,0,8000,-8000,-8000
058055,華擎統一9A購01  ,0,0,0,0,0,0,0,0,0,-8000,0,0,0,455000,463000,-8000,-8000
05963P,貿聯國票97售02  ,0,0,0,0,0,0,0,0,0,-8000,0,0,0,63000,71000,-8000,-8000
056532,技嘉凱基98購01  ,0,0,0,0,0,0,0,0,0,-8000,0,0,0,41000,49000,-8000,-8000
059493,國巨國票9B購01  ,0,0,0,0,0,0,0,0,0,-8000,0,0,0,3000,11000,-8000,-8000
059436,大立光元大99購18,0,0,0,0,0,0,0,0,0,-8000,0,0,0,0,8000,-8000,-8000
058940,聯發科中信9A購03,0,0,0,0,0,0,0,0,0,-8000,0,0,0,0,8000,-8000,-8000
058240,景碩元大99購04  ,0,0,0,0,0,0,0,0,0,-8000,0,0,0,42000,50000,-8000,-8000
058389,聯茂國票9A購01  ,0,0,0,0,0,0,0,0,0,-8000,0,0,0,0,8000,-8000,-8000
059223,大立光元大99購14,0,0,0,0,0,0,0,0,0,-8000,0,0,0,0,8000,-8000,-8000
059142,道瓊指國票9B購02,0,0,0,0,0,0,0,0,0,-8000,0,0,0,2000,10000,-8000,-8000
059120,致伸永豐99購01  ,0,0,0,0,0,0,0,0,0,-8000,0,0,0,12000,20000,-8000,-8000
059125,台積電第一03購02,0,0,0,0,0,0,0,0,0,-8000,0,0,0,9000,17000,-8000,-8000
059116,晶豪科永豐99購01,0,0,0,0,0,0,0,0,0,-8000,0,0,0,12000,20000,-8000,-8000
056944,鴻海統一98購11  ,0,0,0,0,0,0,0,0,0,-8000,0,0,0,2000,10000,-8000,-8000
057072,日月光永豐98購01,0,0,0,0,0,0,0,0,0,-8000,0,0,0,50000,58000,-8000,-8000
4930,燦星網          ,0,8000,-8000,0,0,0,0,0,0,0,0,0,0,0,0,0,-8000
07776P,國巨群益9B售02  ,0,0,0,0,0,0,0,0,0,-8000,0,0,0,0,8000,-8000,-8000
07871P,台積電群益9C售02,0,0,0,0,0,0,0,0,0,-8000,0,0,0,0,8000,-8000,-8000
07264P,台積電元大99售38,0,0,0,0,0,0,0,0,0,-8000,0,0,0,0,8000,-8000,-8000
07211P,南亞科凱基99售05,0,0,0,0,0,0,0,0,0,-8000,0,0,0,77000,85000,-8000,-8000
2027,大成鋼          ,648000,939000,-291000,0,0,0,0,0,0,283000,74000,18000,56000,228000,1000,227000,-8000
061235,台積電元大9A購23,0,0,0,0,0,0,0,0,0,-9000,0,0,0,0,9000,-9000,-9000
061209,聯發科元大9A購10,0,0,0,0,0,0,0,0,0,-9000,0,0,0,12000,21000,-9000,-9000
06155P,智邦統一97售02  ,0,0,0,0,0,0,0,0,0,-9000,0,0,0,31000,40000,-9000,-9000
061676,新光金元大9A購03,0,0,0,0,0,0,0,0,0,-9000,0,0,0,11000,20000,-9000,-9000
060892,超眾統一9C購01  ,0,0,0,0,0,0,0,0,0,-9000,0,0,0,1000,10000,-9000,-9000
060896,晶技凱基9A購02  ,0,0,0,0,0,0,0,0,0,-9000,0,0,0,353000,362000,-9000,-9000
061970,大立光統一9C購03,0,0,0,0,0,0,0,0,0,-9000,0,0,0,0,9000,-9000,-9000
062338,鴻海麥證9B購01  ,0,0,0,33000,42000,-9000,0,0,0,-9000,0,0,0,33000,42000,-9000,-9000
062341,台表科麥證9C購01,0,0,0,104000,95000,9000,0,0,0,-9000,0,0,0,104000,113000,-9000,-9000
062330,可成統一9B購03  ,0,0,0,0,0,0,0,0,0,-9000,0,0,0,29000,38000,-9000,-9000
062375,祥碩元大9B購03  ,0,0,0,0,0,0,0,0,0,-9000,0,0,0,36000,45000,-9000,-9000
062479,TPK國票9B購01   ,0,0,0,0,0,0,0,0,0,-9000,0,0,0,0,9000,-9000,-9000
062591,新日興統一9C購01,0,0,0,0,0,0,0,0,0,-9000,0,0,0,0,9000,-9000,-9000
06366P,鴻海凱基97售10  ,0,0,0,0,0,0,0,0,0,-9000,0,0,0,0,9000,-9000,-9000
06566P,華通永豐98售03  ,0,0,0,0,0,0,0,0,0,-9000,0,0,0,35000,44000,-9000,-9000
06921P,台光電凱基98售06,0,0,0,0,0,0,0,0,0,-9000,0,0,0,43000,52000,-9000,-9000
00736,國泰新興市場    ,0,127000,-127000,0,0,0,0,0,0,118000,0,0,0,227000,109000,118000,-9000
053503,臻鼎兆豐97購01  ,0,0,0,0,0,0,0,0,0,-9000,0,0,0,4000,13000,-9000,-9000
053919,可成國票97購02  ,0,0,0,0,0,0,0,0,0,-9000,0,0,0,0,9000,-9000,-9000
052578,大立光統一97購01,0,0,0,0,0,0,0,0,0,-9000,0,0,0,1000,10000,-9000,-9000
055138,大毅永豐97購02  ,0,0,0,0,0,0,0,0,0,-9000,0,0,0,11000,20000,-9000,-9000
052191,超眾群益96購01  ,0,0,0,0,0,0,0,0,0,-9000,0,0,0,0,9000,-9000,-9000
053973,晶豪科元大96購01,0,0,0,0,0,0,0,0,0,-9000,0,0,0,41000,50000,-9000,-9000
058454,嘉晶永豐99購01  ,0,0,0,0,0,0,0,0,0,-9000,0,0,0,120000,129000,-9000,-9000
058509,聯發科元大99購12,0,0,0,0,0,0,0,0,0,-9000,0,0,0,1000,10000,-9000,-9000
058682,聯發科凱基99購07,0,0,0,0,0,0,0,0,0,-9000,0,0,0,1000,10000,-9000,-9000
058692,華邦電國票9B購01,0,0,0,0,0,0,0,0,0,-9000,0,0,0,6000,15000,-9000,-9000
056904,大立光元大99購05,0,0,0,0,0,0,0,0,0,-9000,0,0,0,2000,11000,-9000,-9000
059051,和大凱基9A購01  ,0,0,0,0,0,0,0,0,0,-9000,0,0,0,0,9000,-9000,-9000
058424,滬深2X元富99購04,0,0,0,0,0,0,0,0,0,-9000,0,0,0,100000,109000,-9000,-9000
059591,台積電元大9A購04,0,0,0,0,0,0,0,0,0,-9000,0,0,0,1000,10000,-9000,-9000
060248,日月光元大9A購01,0,0,0,0,0,0,0,0,0,-9000,0,0,0,21000,30000,-9000,-9000
060026,聯發科富邦9B購05,0,0,0,0,0,0,0,0,0,-9000,0,0,0,25000,34000,-9000,-9000
1234,黑松            ,3000,12000,-9000,0,0,0,0,0,0,0,0,0,0,0,0,0,-9000
2882B,國泰金乙特      ,0,0,0,0,0,0,0,0,0,-9000,13000,22000,-9000,0,0,0,-9000
07413P,國巨元大99售33  ,0,0,0,0,0,0,0,0,0,-9000,0,0,0,16000,25000,-9000,-9000
07868P,健策元大9B售05  ,0,0,0,0,0,0,0,0,0,-9000,0,0,0,14000,23000,-9000,-9000
07951P,智邦元大9B售05  ,0,0,0,0,0,0,0,0,0,-9000,0,0,0,34000,43000,-9000,-9000
3617,碩天            ,11000,20000,-9000,0,0,0,0,0,0,0,0,0,0,0,0,0,-9000
5607,遠雄港          ,24000,33000,-9000,0,0,0,0,0,0,0,0,0,0,0,0,0,-9000
06996P,臺股指凱基99售17,0,0,0,0,0,0,0,0,0,-10000,0,0,0,0,10000,-10000,-10000
06773P,台灣50兆豐9A售01,0,0,0,0,0,0,0,0,0,-10000,0,0,0,0,10000,-10000,-10000
06859P,元金2X中信9C售01,0,0,0,0,0,0,0,0,0,-10000,0,0,0,4000,14000,-10000,-10000
06854P,鴻海富邦99售05  ,0,0,0,0,0,0,0,0,0,-10000,0,0,0,0,10000,-10000,-10000
06731P,聯茂元大98售05  ,0,0,0,0,0,0,0,0,0,-10000,0,0,0,0,10000,-10000,-10000
06733P,鴻海凱基99售02  ,0,0,0,0,0,0,0,0,0,-10000,0,0,0,0,10000,-10000,-10000
06682P,玉晶光元大99售08,0,0,0,0,0,0,0,0,0,-10000,0,0,0,0,10000,-10000,-10000
06543P,鴻海元大98售08  ,0,0,0,0,0,0,0,0,0,-10000,0,0,0,95000,105000,-10000,-10000
06398P,禾伸堂凱基97售02,0,0,0,0,0,0,0,0,0,-10000,0,0,0,0,10000,-10000,-10000
06298P,聯發科元大97售20,0,0,0,0,0,0,0,0,0,-10000,0,0,0,0,10000,-10000,-10000
062666,和碩群益9B購01  ,0,0,0,0,0,0,0,0,0,-10000,0,0,0,0,10000,-10000,-10000
062565,漢唐中信9C購01  ,0,0,0,0,0,0,0,0,0,-10000,0,0,0,0,10000,-10000,-10000
062545,嘉晶永豐9B購01  ,0,0,0,0,0,0,0,0,0,-10000,0,0,0,0,10000,-10000,-10000
062623,元金2X國票01購01,0,0,0,0,0,0,0,0,0,-10000,0,0,0,0,10000,-10000,-10000
062484,臺股指國票9B購10,0,0,0,0,0,0,0,0,0,-10000,0,0,0,0,10000,-10000,-10000
062518,臺指反元大02購07,0,0,0,0,0,0,0,0,0,-10000,0,0,0,0,10000,-10000,-10000
062390,元黃金富邦9C購01,0,0,0,0,0,0,0,0,0,-10000,0,0,0,0,10000,-10000,-10000
062326,國巨統一9C購09  ,0,0,0,0,0,0,0,0,0,-10000,0,0,0,0,10000,-10000,-10000
062278,聯發科群益9C購01,0,0,0,0,0,0,0,0,0,-10000,0,0,0,26000,36000,-10000,-10000
062254,台光電元大9B購02,0,0,0,0,0,0,0,0,0,-10000,0,0,0,0,10000,-10000,-10000
062182,華新科元大9B購07,0,0,0,0,0,0,0,0,0,-10000,0,0,0,0,10000,-10000,-10000
061979,友達元大9C購08  ,0,0,0,0,0,0,0,0,0,-10000,0,0,0,0,10000,-10000,-10000
061861,臺股指國票9B購05,0,0,0,0,0,0,0,0,0,-10000,0,0,0,0,10000,-10000,-10000
062102,T50反1國票9B購07,0,0,0,0,0,0,0,0,0,-10000,0,0,0,0,10000,-10000,-10000
062137,華新科群益9B購04,0,0,0,0,0,0,0,0,0,-10000,0,0,0,0,10000,-10000,-10000
062081,華新科元大9B購06,0,0,0,0,0,0,0,0,0,-10000,0,0,0,0,10000,-10000,-10000
062105,國巨國票9C購03  ,0,0,0,0,0,0,0,0,0,-10000,0,0,0,0,10000,-10000,-10000
060905,台積電元大9A購20,0,0,0,0,0,0,0,0,0,-10000,0,0,0,0,10000,-10000,-10000
060895,華新科凱基9B購05,0,0,0,0,0,0,0,0,0,-10000,0,0,0,0,10000,-10000,-10000
060878,奇力新中信9C購01,0,0,0,0,0,0,0,0,0,-10000,0,0,0,0,10000,-10000,-10000
060847,康控國票9A購01  ,0,0,0,0,0,0,0,0,0,-10000,0,0,0,0,10000,-10000,-10000
060933,南電永豐9A購02  ,0,0,0,0,0,0,0,0,0,-10000,0,0,0,0,10000,-10000,-10000
061061,聯發科麥證9A購02,0,0,0,0,10000,-10000,0,0,0,-10000,0,0,0,0,10000,-10000,-10000
061047,大立光第一9A購01,0,0,0,0,0,0,0,0,0,-10000,0,0,0,0,10000,-10000,-10000
061128,大立光永豐9A購02,0,0,0,0,0,0,0,0,0,-10000,0,0,0,0,10000,-10000,-10000
060542,上銀凱基9A購04  ,0,0,0,0,0,0,0,0,0,-10000,0,0,0,0,10000,-10000,-10000
060527,台積電中信9C購04,0,0,0,0,0,0,0,0,0,-10000,0,0,0,0,10000,-10000,-10000
060617,華新科元大9A購08,0,0,0,0,0,0,0,0,0,-10000,0,0,0,0,10000,-10000,-10000
060599,國巨凱基9C購01  ,0,0,0,0,0,0,0,0,0,-10000,0,0,0,11000,21000,-10000,-10000
060725,台積電第一9A購01,0,0,0,0,0,0,0,0,0,-10000,0,0,0,0,10000,-10000,-10000
060652,滬深2X群益9C購04,0,0,0,0,0,0,0,0,0,-10000,0,0,0,0,10000,-10000,-10000
060789,禾伸堂富邦9B購02,0,0,0,0,0,0,0,0,0,-10000,0,0,0,13000,23000,-10000,-10000
060764,華擎元大9A購03  ,0,0,0,0,0,0,0,0,0,-10000,0,0,0,90000,100000,-10000,-10000
061825,聯發科麥證9B購01,0,0,0,0,10000,-10000,0,0,0,-10000,0,0,0,0,10000,-10000,-10000
061664,上銀中信9A購01  ,0,0,0,0,0,0,0,0,0,-10000,0,0,0,0,10000,-10000,-10000
061217,臺股指元大9A購54,0,0,0,0,0,0,0,0,0,-10000,0,0,0,0,10000,-10000,-10000
061218,臺股指元大9A購55,0,0,0,0,0,0,0,0,0,-10000,0,0,0,35000,45000,-10000,-10000
061162,南電群益9A購02  ,0,0,0,0,0,0,0,0,0,-10000,0,0,0,0,10000,-10000,-10000
061171,大立光麥證9A購01,0,0,0,0,10000,-10000,0,0,0,-10000,0,0,0,0,10000,-10000,-10000
061172,大立光麥證9A購02,0,0,0,0,10000,-10000,0,0,0,-10000,0,0,0,0,10000,-10000,-10000
061277,智邦台新9A購01  ,0,0,0,0,0,0,0,0,0,-10000,0,0,0,10000,20000,-10000,-10000
061467,嘉澤群益9A購01  ,0,0,0,0,0,0,0,0,0,-10000,0,0,0,0,10000,-10000,-10000
061477,晶豪科元大9A購01,0,0,0,0,0,0,0,0,0,-10000,0,0,0,118000,128000,-10000,-10000
061434,國巨麥證9A購04  ,0,0,0,0,10000,-10000,0,0,0,-10000,0,0,0,0,10000,-10000,-10000
058687,聯茂凱基9A購01  ,0,0,0,0,0,0,0,0,0,-10000,0,0,0,10000,20000,-10000,-10000
058672,可成群益9B購02  ,0,0,0,0,0,0,0,0,0,-10000,0,0,0,6000,16000,-10000,-10000
058213,欣興群益99購01  ,0,0,0,0,0,0,0,0,0,-10000,0,0,0,0,10000,-10000,-10000
058642,旺宏麥證9A購01  ,0,0,0,0,10000,-10000,0,0,0,-10000,0,0,0,0,10000,-10000,-10000
058617,南電元大99購01  ,0,0,0,0,0,0,0,0,0,-10000,0,0,0,0,10000,-10000,-10000
058590,南電中信9A購02  ,0,0,0,0,0,0,0,0,0,-10000,0,0,0,11000,21000,-10000,-10000
058473,上銀凱基9A購03  ,0,0,0,0,0,0,0,0,0,-10000,0,0,0,0,10000,-10000,-10000
058325,昇陽半永豐99購01,0,0,0,0,0,0,0,0,0,-10000,0,0,0,0,10000,-10000,-10000
055754,和大兆豐97購01  ,0,0,0,0,0,0,0,0,0,-10000,0,0,0,0,10000,-10000,-10000
054617,超眾永豐97購01  ,0,0,0,0,0,0,0,0,0,-10000,0,0,0,20000,30000,-10000,-10000
055906,大立光兆豐97購03,0,0,0,0,0,0,0,0,0,-10000,0,0,0,0,10000,-10000,-10000
055938,矽力群益97購01  ,0,0,0,0,0,0,0,0,0,-10000,0,0,0,5000,15000,-10000,-10000
055893,大立光統一97購07,0,0,0,0,0,0,0,0,0,-10000,0,0,0,0,10000,-10000,-10000
054027,欣興凱基96購04  ,0,0,0,0,0,0,0,0,0,-10000,0,0,0,10000,20000,-10000,-10000
054003,鴻海統一96購13  ,0,0,0,0,0,0,0,0,0,-10000,0,0,0,0,10000,-10000,-10000
053956,旺宏永豐96購04  ,0,0,0,0,0,0,0,0,0,-10000,0,0,0,0,10000,-10000,-10000
056296,旺宏元大97購07  ,0,0,0,0,0,0,0,0,0,-10000,0,0,0,0,10000,-10000,-10000
056292,統一元大97購01  ,0,0,0,0,0,0,0,0,0,-10000,0,0,0,0,10000,-10000,-10000
056253,京鼎兆豐98購01  ,0,0,0,0,0,0,0,0,0,-10000,0,0,0,1000,11000,-10000,-10000
056325,群創兆豐9A購01  ,0,0,0,0,0,0,0,0,0,-10000,0,0,0,0,10000,-10000,-10000
056346,聯茂凱基99購02  ,0,0,0,0,0,0,0,0,0,-10000,0,0,0,0,10000,-10000,-10000
056334,台積電凱基98購06,0,0,0,0,0,0,0,0,0,-10000,0,0,0,0,10000,-10000,-10000
055573,國巨統一97購06  ,0,0,0,0,0,0,0,0,0,-10000,0,0,0,160000,170000,-10000,-10000
055564,茂林凱基98購01  ,0,0,0,0,0,0,0,0,0,-10000,0,0,0,0,10000,-10000,-10000
056219,T50反1日盛02購01,0,0,0,0,0,0,0,0,0,-10000,0,0,0,0,10000,-10000,-10000
056173,廣達元富97購01  ,0,0,0,0,0,0,0,0,0,-10000,0,0,0,0,10000,-10000,-10000
056168,鴻海元富97購07  ,0,0,0,0,0,0,0,0,0,-10000,0,0,0,10000,20000,-10000,-10000
055365,華通元大97購03  ,0,0,0,0,0,0,0,0,0,-10000,0,0,0,0,10000,-10000,-10000
054742,京鼎凱基99購01  ,0,0,0,0,0,0,0,0,0,-10000,0,0,0,70000,80000,-10000,-10000
054848,群創兆豐98購01  ,0,0,0,0,0,0,0,0,0,-10000,0,0,0,0,10000,-10000,-10000
054891,聯鈞統一99購02  ,0,0,0,0,0,0,0,0,0,-10000,0,0,0,0,10000,-10000,-10000
054916,聯發科凱基98購04,0,0,0,0,0,0,0,0,0,-10000,0,0,0,0,10000,-10000,-10000
054934,金寶元大97購01  ,0,0,0,0,0,0,0,0,0,-10000,0,0,0,0,10000,-10000,-10000
055024,興勤國泰98購01  ,0,0,0,0,0,0,0,0,0,-10000,0,0,0,0,10000,-10000,-10000
054451,上銀亞東98購01  ,0,0,0,0,0,0,0,0,0,-10000,0,0,0,0,10000,-10000,-10000
054514,道瓊銀元大98購01,0,0,0,0,0,0,0,0,0,-10000,0,0,0,0,10000,-10000,-10000
054488,禾伸堂台新96購01,0,0,0,0,0,0,0,0,0,-10000,0,0,0,0,10000,-10000,-10000
054572,國巨元大98購03  ,0,0,0,0,0,0,0,0,0,-10000,0,0,0,0,10000,-10000,-10000
052926,旺宏元大98購02  ,0,0,0,0,0,0,0,0,0,-10000,0,0,0,0,10000,-10000,-10000
052418,玉晶光兆豐96購01,0,0,0,0,0,0,0,0,0,-10000,0,0,0,0,10000,-10000,-10000
051834,南電元大96購02  ,0,0,0,0,0,0,0,0,0,-10000,0,0,0,0,10000,-10000,-10000
051845,世紀鋼富邦96購01,0,0,0,0,0,0,0,0,0,-10000,0,0,0,0,10000,-10000,-10000
053032,國巨兆豐97購02  ,0,0,0,0,0,0,0,0,0,-10000,0,0,0,0,10000,-10000,-10000
053022,欣興國泰98購01  ,0,0,0,0,0,0,0,0,0,-10000,0,0,0,0,10000,-10000,-10000
053024,國巨富邦97購02  ,0,0,0,0,0,0,0,0,0,-10000,0,0,0,0,10000,-10000,-10000
052987,華新科元大99購01,0,0,0,0,0,0,0,0,0,-10000,0,0,0,0,10000,-10000,-10000
053171,中磊群益96購01  ,0,0,0,0,0,0,0,0,0,-10000,0,0,0,0,10000,-10000,-10000
053142,緯穎永豐96購01  ,0,0,0,0,0,0,0,0,0,-10000,0,0,0,0,10000,-10000,-10000
053114,聯茂兆豐97購01  ,0,0,0,0,0,0,0,0,0,-10000,0,0,0,0,10000,-10000,-10000
056391,大立光富邦9C購01,0,0,0,0,0,0,0,0,0,-10000,0,0,0,0,10000,-10000,-10000
055189,台虹統一97購01  ,0,0,0,0,0,0,0,0,0,-10000,0,0,0,0,10000,-10000,-10000
052585,友達永豐97購01  ,0,0,0,0,0,0,0,0,0,-10000,0,0,0,0,10000,-10000,-10000
052519,旺宏元大95購05  ,0,0,0,0,0,0,0,0,0,-10000,0,0,0,0,10000,-10000,-10000
052493,上証2X中信97購02,0,0,0,0,0,0,0,0,0,-10000,0,0,0,0,10000,-10000,-10000
052629,訊芯中信99購01  ,0,0,0,0,0,0,0,0,0,-10000,0,0,0,0,10000,-10000,-10000
052791,友達兆豐97購01  ,0,0,0,0,0,0,0,0,0,-10000,0,0,0,0,10000,-10000,-10000
05271P,國巨富邦97售01  ,0,0,0,0,0,0,0,0,0,-10000,0,0,0,0,10000,-10000,-10000
053895,智易群益96購02  ,0,0,0,0,0,0,0,0,0,-10000,0,0,0,0,10000,-10000,-10000
053861,台光電元大98購01,0,0,0,0,0,0,0,0,0,-10000,0,0,0,0,10000,-10000,-10000
053825,南電群益96購02  ,0,0,0,0,0,0,0,0,0,-10000,0,0,0,0,10000,-10000,-10000
056474,華新科元大99購05,0,0,0,0,0,0,0,0,0,-10000,0,0,0,0,10000,-10000,-10000
056440,智邦凱基98購03  ,0,0,0,0,0,0,0,0,0,-10000,0,0,0,0,10000,-10000,-10000
056408,奇鋐國票99購01  ,0,0,0,0,0,0,0,0,0,-10000,0,0,0,0,10000,-10000,-10000
053562,玉晶光國泰98購02,0,0,0,0,0,0,0,0,0,-10000,0,0,0,91000,101000,-10000,-10000
053627,宏碁兆豐97購01  ,0,0,0,0,0,0,0,0,0,-10000,0,0,0,0,10000,-10000,-10000
053609,華新中信9A購01  ,0,0,0,0,0,0,0,0,0,-10000,0,0,0,10000,20000,-10000,-10000
051393,新光金兆豐96購01,0,0,0,0,0,0,0,0,0,-10000,0,0,0,0,10000,-10000,-10000
045443,群創元富98購01  ,0,0,0,0,0,0,0,0,0,-10000,0,0,0,0,10000,-10000,-10000
045444,群創元富98購02  ,0,0,0,0,0,0,0,0,0,-10000,0,0,0,0,10000,-10000,-10000
053497,新光金兆豐97購01,0,0,0,0,0,0,0,0,0,-10000,0,0,0,0,10000,-10000,-10000
053438,玉晶光麥證97購02,0,0,0,0,10000,-10000,0,0,0,-10000,0,0,0,0,10000,-10000,-10000
053439,台積電凱基96購11,0,0,0,0,0,0,0,0,0,-10000,0,0,0,0,10000,-10000,-10000
049612,香港反中信96購01,0,0,0,0,0,0,0,0,0,-10000,0,0,0,0,10000,-10000,-10000
049700,瀚宇博元大97購01,0,0,0,0,0,0,0,0,0,-10000,0,0,0,10000,20000,-10000,-10000
048350,世紀鋼元大95購01,0,0,0,0,0,0,0,0,0,-10000,0,0,0,0,10000,-10000,-10000
049254,台積電元大96購02,0,0,0,0,0,0,0,0,0,-10000,0,0,0,0,10000,-10000,-10000
049892,國巨富邦96購01  ,0,0,0,0,0,0,0,0,0,-10000,0,0,0,0,10000,-10000,-10000
049893,日月光富邦98購01,0,0,0,0,0,0,0,0,0,-10000,0,0,0,0,10000,-10000,-10000
05119P,聯發科國泰96售02,0,0,0,0,0,0,0,0,0,-10000,0,0,0,0,10000,-10000,-10000
051055,友達群益98購01  ,0,0,0,0,0,0,0,0,0,-10000,0,0,0,0,10000,-10000,-10000
051087,國巨元大97購01  ,0,0,0,0,0,0,0,0,0,-10000,0,0,0,72000,82000,-10000,-10000
03675C,臺股指元大04牛02,0,0,0,0,0,0,0,0,0,-10000,0,0,0,0,10000,-10000,-10000
050780,台表科元大96購01,0,0,0,0,0,0,0,0,0,-10000,0,0,0,17000,27000,-10000,-10000
050171,臺指反元大97購03,0,0,0,0,0,0,0,0,0,-10000,0,0,0,0,10000,-10000,-10000
060137,T50反1國票9A購02,0,0,0,0,0,0,0,0,0,-10000,0,0,0,0,10000,-10000,-10000
060125,強茂永豐99購01  ,0,0,0,0,0,0,0,0,0,-10000,0,0,0,37000,47000,-10000,-10000
059813,滬深2X凱基9B購01,0,0,0,0,0,0,0,0,0,-10000,0,0,0,0,10000,-10000,-10000
059804,台積電元富99購01,0,0,0,0,0,0,0,0,0,-10000,0,0,0,10000,20000,-10000,-10000
059817,華通凱基99購05  ,0,0,0,0,0,0,0,0,0,-10000,0,0,0,0,10000,-10000,-10000
059856,昇陽半永豐99購03,0,0,0,0,0,0,0,0,0,-10000,0,0,0,0,10000,-10000,-10000
059853,超眾永豐99購03  ,0,0,0,0,0,0,0,0,0,-10000,0,0,0,0,10000,-10000,-10000
059874,大立光凱基99購15,0,0,0,0,0,0,0,0,0,-10000,0,0,0,0,10000,-10000,-10000
059911,國巨元大99購27  ,0,0,0,0,0,0,0,0,0,-10000,0,0,0,50000,60000,-10000,-10000
05988P,光磊元富96售02  ,0,0,0,0,0,0,0,0,0,-10000,0,0,0,0,10000,-10000,-10000
059917,華新科元大99購19,0,0,0,0,0,0,0,0,0,-10000,0,0,0,0,10000,-10000,-10000
059918,華新科元大99購20,0,0,0,0,0,0,0,0,0,-10000,0,0,0,10000,20000,-10000,-10000
060247,牧德元大9A購02  ,0,0,0,0,0,0,0,0,0,-10000,0,0,0,0,10000,-10000,-10000
060299,友訊國泰9B購01  ,0,0,0,0,0,0,0,0,0,-10000,0,0,0,210000,220000,-10000,-10000
060424,中租永豐9A購01  ,0,0,0,0,0,0,0,0,0,-10000,0,0,0,0,10000,-10000,-10000
060437,宏全永豐9A購01  ,0,0,0,0,0,0,0,0,0,-10000,0,0,0,95000,105000,-10000,-10000
059588,鴻海元大99購32  ,0,0,0,0,0,0,0,0,0,-10000,0,0,0,0,10000,-10000,-10000
059551,T50正2康和99購02,0,0,0,0,0,0,0,0,0,-10000,0,0,0,0,10000,-10000,-10000
059540,新光金日盛99購01,0,0,0,0,0,0,0,0,0,-10000,0,0,0,0,10000,-10000,-10000
059767,矽力永豐99購01  ,0,0,0,0,0,0,0,0,0,-10000,0,0,0,0,10000,-10000,-10000
059743,開發金元富99購01,0,0,0,0,0,0,0,0,0,-10000,0,0,0,10000,20000,-10000,-10000
059699,華通凱基99購04  ,0,0,0,0,0,0,0,0,0,-10000,0,0,0,0,10000,-10000,-10000
056818,正崴永豐98購01  ,0,0,0,0,0,0,0,0,0,-10000,0,0,0,0,10000,-10000,-10000
056787,健鼎群益98購01  ,0,0,0,0,0,0,0,0,0,-10000,0,0,0,98000,108000,-10000,-10000
056895,技嘉元大98購01  ,0,0,0,0,0,0,0,0,0,-10000,0,0,0,6000,16000,-10000,-10000
058089,聯發科元大98購15,0,0,0,0,0,0,0,0,0,-10000,0,0,0,0,10000,-10000,-10000
058037,台灣50元大9B購02,0,0,0,0,0,0,0,0,0,-10000,0,0,0,0,10000,-10000,-10000
057999,智邦亞東99購02  ,0,0,0,0,0,0,0,0,0,-10000,0,0,0,0,10000,-10000,-10000
058753,元石油群益9B購03,0,0,0,0,0,0,0,0,0,-10000,0,0,0,0,10000,-10000,-10000
057763,康控凱基99購02  ,0,0,0,0,0,0,0,0,0,-10000,0,0,0,0,10000,-10000,-10000
057771,鴻海群益99購01  ,0,0,0,0,0,0,0,0,0,-10000,0,0,0,0,10000,-10000,-10000
056694,欣興群益98購04  ,0,0,0,0,0,0,0,0,0,-10000,0,0,0,34000,44000,-10000,-10000
056751,和大兆豐98購01  ,0,0,0,0,0,0,0,0,0,-10000,0,0,0,0,10000,-10000,-10000
056753,群創兆豐98購02  ,0,0,0,0,0,0,0,0,0,-10000,0,0,0,0,10000,-10000,-10000
057650,力成元大98購04  ,0,0,0,0,0,0,0,0,0,-10000,0,0,0,0,10000,-10000,-10000
057657,國巨兆豐98購04  ,0,0,0,0,0,0,0,0,0,-10000,0,0,0,0,10000,-10000,-10000
057629,泰碩永豐98購02  ,0,0,0,0,0,0,0,0,0,-10000,0,0,0,0,10000,-10000,-10000
058397,大成鋼元大99購02,0,0,0,0,0,0,0,0,0,-10000,0,0,0,182000,192000,-10000,-10000
056530,旺宏凱基98購06  ,0,0,0,0,0,0,0,0,0,-10000,0,0,0,0,10000,-10000,-10000
057487,聯發科元大98購10,0,0,0,0,0,0,0,0,0,-10000,0,0,0,0,10000,-10000,-10000
057448,致茂元富98購01  ,0,0,0,0,0,0,0,0,0,-10000,0,0,0,0,10000,-10000,-10000
057463,華邦電永豐98購01,0,0,0,0,0,0,0,0,0,-10000,0,0,0,0,10000,-10000,-10000
058961,台灣50兆豐9C購01,0,0,0,0,0,0,0,0,0,-10000,0,0,0,0,10000,-10000,-10000
058958,台表科國票9A購03,0,0,0,0,0,0,0,0,0,-10000,0,0,0,19000,29000,-10000,-10000
058959,南茂國票9A購01  ,0,0,0,0,0,0,0,0,0,-10000,0,0,0,0,10000,-10000,-10000
058919,SGBR2X元富99購05,0,0,0,0,0,0,0,0,0,-10000,0,0,0,0,10000,-10000,-10000
058902,聯發科元大99購15,0,0,0,0,0,0,0,0,0,-10000,0,0,0,0,10000,-10000,-10000
059362,健策永豐99購03  ,0,0,0,0,0,0,0,0,0,-10000,0,0,0,0,10000,-10000,-10000
059405,台灣50國票01購01,0,0,0,0,0,0,0,0,0,-10000,0,0,0,0,10000,-10000,-10000
059230,滬深2X國票9B購02,0,0,0,0,0,0,0,0,0,-10000,0,0,0,0,10000,-10000,-10000
059204,台灣50元大01購02,0,0,0,0,0,0,0,0,0,-10000,0,0,0,0,10000,-10000,-10000
058378,南電凱基99購01  ,0,0,0,0,0,0,0,0,0,-10000,0,0,0,0,10000,-10000,-10000
058359,瑞昱凱基99購01  ,0,0,0,0,0,0,0,0,0,-10000,0,0,0,3000,13000,-10000,-10000
059255,臺股指凱基99購33,0,0,0,0,0,0,0,0,0,-10000,0,0,0,0,10000,-10000,-10000
058235,大立光元大99購08,0,0,0,0,0,0,0,0,0,-10000,0,0,0,0,10000,-10000,-10000
058268,泰碩永豐9A購01  ,0,0,0,0,0,0,0,0,0,-10000,0,0,0,0,10000,-10000,-10000
057917,台積電凱基98購17,0,0,0,0,0,0,0,0,0,-10000,0,0,0,0,10000,-10000,-10000
059040,訊芯群益99購03  ,0,0,0,0,0,0,0,0,0,-10000,0,0,0,98000,108000,-10000,-10000
058981,國巨凱基99購10  ,0,0,0,0,0,0,0,0,0,-10000,0,0,0,0,10000,-10000,-10000
059091,中信金元大99購01,0,0,0,0,0,0,0,0,0,-10000,0,0,0,0,10000,-10000,-10000
059082,華通元大99購06  ,0,0,0,0,0,0,0,0,0,-10000,0,0,0,6000,16000,-10000,-10000
059146,貿聯國票9A購02  ,0,0,0,0,0,0,0,0,0,-10000,0,0,0,0,10000,-10000,-10000
059170,康控凱基9B購01  ,0,0,0,0,0,0,0,0,0,-10000,0,0,0,0,10000,-10000,-10000
059165,南亞科凱基99購04,0,0,0,0,0,0,0,0,0,-10000,0,0,0,1000,11000,-10000,-10000
059316,國巨元大99購23  ,0,0,0,0,0,0,0,0,0,-10000,0,0,0,0,10000,-10000,-10000
056595,台積電元富98購04,0,0,0,0,0,0,0,0,0,-10000,0,0,0,0,10000,-10000,-10000
056616,台光電永豐98購01,0,0,0,0,0,0,0,0,0,-10000,0,0,0,0,10000,-10000,-10000
058807,和大統一9B購01  ,0,0,0,0,0,0,0,0,0,-10000,0,0,0,0,10000,-10000,-10000
056925,群創兆豐98購03  ,0,0,0,0,0,0,0,0,0,-10000,0,0,0,0,10000,-10000,-10000
057262,友達兆豐98購03  ,0,0,0,0,0,0,0,0,0,-10000,0,0,0,0,10000,-10000,-10000
057264,新光金兆豐98購01,0,0,0,0,0,0,0,0,0,-10000,0,0,0,0,10000,-10000,-10000
057265,聯詠兆豐98購01  ,0,0,0,0,0,0,0,0,0,-10000,0,0,0,0,10000,-10000,-10000
057083,立積統一98購01  ,0,0,0,0,0,0,0,0,0,-10000,0,0,0,0,10000,-10000,-10000
057106,美律群益98購03  ,0,0,0,0,0,0,0,0,0,-10000,0,0,0,0,10000,-10000,-10000
057093,臻鼎元富98購02  ,0,0,0,0,0,0,0,0,0,-10000,0,0,0,0,10000,-10000,-10000
057142,力成兆豐98購01  ,0,0,0,0,0,0,0,0,0,-10000,0,0,0,0,10000,-10000,-10000
057129,聯發科凱基99購03,0,0,0,0,0,0,0,0,0,-10000,0,0,0,0,10000,-10000,-10000
057123,上銀凱基98購05  ,0,0,0,0,0,0,0,0,0,-10000,0,0,0,0,10000,-10000,-10000
057510,泰碩統一98購02  ,0,0,0,0,0,0,0,0,0,-10000,0,0,0,0,10000,-10000,-10000
057058,祥碩元大98購04  ,0,0,0,0,0,0,0,0,0,-10000,0,0,0,0,10000,-10000,-10000
057041,國巨元大99購04  ,0,0,0,0,0,0,0,0,0,-10000,0,0,0,0,10000,-10000,-10000
057043,台積電元大99購02,0,0,0,0,0,0,0,0,0,-10000,0,0,0,0,10000,-10000,-10000
057044,旺宏元大98購08  ,0,0,0,0,0,0,0,0,0,-10000,0,0,0,0,10000,-10000,-10000
05702P,矽創凱基96售02  ,0,0,0,0,0,0,0,0,0,-10000,0,0,0,0,10000,-10000,-10000
057006,國巨中信98購03  ,0,0,0,0,0,0,0,0,0,-10000,0,0,0,0,10000,-10000,-10000
6172,互億            ,9000,24000,-15000,0,0,0,0,0,0,5000,5000,0,5000,0,0,0,-10000
3383,新世紀          ,0,10000,-10000,0,0,0,0,0,0,0,0,0,0,0,0,0,-10000
9934,成霖            ,30000,40000,-10000,0,0,0,0,0,0,0,0,0,0,0,0,0,-10000
07942P,健策凱基9B售03  ,0,0,0,0,0,0,0,0,0,-10000,0,0,0,80000,90000,-10000,-10000
07854P,台積電凱基9A售28,0,0,0,0,0,0,0,0,0,-10000,0,0,0,100000,110000,-10000,-10000
07829P,旺宏凱基9A售07  ,0,0,0,0,0,0,0,0,0,-10000,0,0,0,0,10000,-10000,-10000
07705P,台積電元大9A售26,0,0,0,0,0,0,0,0,0,-10000,0,0,0,0,10000,-10000,-10000
07748P,茂林凱基9A售04  ,0,0,0,0,0,0,0,0,0,-10000,0,0,0,0,10000,-10000,-10000
07615P,華通中信02售02  ,0,0,0,0,0,0,0,0,0,-10000,0,0,0,20000,30000,-10000,-10000
07628P,臺股指凱基9A售09,0,0,0,0,0,0,0,0,0,-10000,0,0,0,0,10000,-10000,-10000
07455P,聯發科元大9A售01,0,0,0,0,0,0,0,0,0,-10000,0,0,0,0,10000,-10000,-10000
07481P,大立光台新9A售01,0,0,0,0,0,0,0,0,0,-10000,0,0,0,0,10000,-10000,-10000
07542P,台積電凱基9A售16,0,0,0,0,0,0,0,0,0,-10000,0,0,0,20000,30000,-10000,-10000
07601P,國巨統一9A售05  ,0,0,0,0,0,0,0,0,0,-10000,0,0,0,0,10000,-10000,-10000
07258P,台灣50台新9A售01,0,0,0,0,0,0,0,0,0,-10000,0,0,0,110000,120000,-10000,-10000
07318P,鴻海凱基01售02  ,0,0,0,0,0,0,0,0,0,-10000,0,0,0,0,10000,-10000,-10000
07294P,滬深2X元富9C售08,0,0,0,0,0,0,0,0,0,-10000,0,0,0,0,10000,-10000,-10000
2429,銘旺科          ,0,10000,-10000,0,0,0,0,0,0,0,0,0,0,0,0,0,-10000
2483,百容            ,0,10000,-10000,0,0,0,0,0,0,0,0,0,0,0,0,0,-10000
1436,華友聯          ,3000,13000,-10000,0,0,0,0,0,0,0,0,0,0,0,0,0,-10000
1540,喬福            ,4000,14000,-10000,0,0,0,0,0,0,0,0,0,0,0,0,0,-10000
061362,台塑國票9B購01  ,0,0,0,0,0,0,0,0,0,-11000,0,0,0,23000,34000,-11000,-11000
061316,台積電凱基9A購24,0,0,0,0,0,0,0,0,0,-11000,0,0,0,1000,12000,-11000,-11000
061265,富邦金凱基9B購01,0,0,0,0,0,0,0,0,0,-11000,0,0,0,2000,13000,-11000,-11000
060656,國巨統一9C購03  ,0,0,0,0,0,0,0,0,0,-11000,0,0,0,0,11000,-11000,-11000
060600,台積電凱基9C購01,0,0,0,0,0,0,0,0,0,-11000,0,0,0,0,11000,-11000,-11000
060507,聯發科元大9A購03,0,0,0,0,0,0,0,0,0,-11000,0,0,0,0,11000,-11000,-11000
061017,國泰金麥證9A購01,0,0,0,0,11000,-11000,0,0,0,-11000,0,0,0,0,11000,-11000,-11000
062097,台光電永豐9B購01,0,0,0,0,0,0,0,0,0,-11000,0,0,0,0,11000,-11000,-11000
061940,世紀鋼國票9C購01,0,0,0,0,0,0,0,0,0,-11000,0,0,0,7000,18000,-11000,-11000
062679,技嘉統一01購01  ,0,0,0,0,0,0,0,0,0,-11000,0,0,0,0,11000,-11000,-11000
062718,技嘉凱基9B購01  ,0,0,0,0,0,0,0,0,0,-11000,0,0,0,0,11000,-11000,-11000
06282P,聯鈞永豐97售02  ,0,0,0,0,0,0,0,0,0,-11000,0,0,0,18000,29000,-11000,-11000
06457P,玉晶光統一98售02,0,0,0,0,0,0,0,0,0,-11000,0,0,0,100000,111000,-11000,-11000
050673,旺宏富邦96購02  ,0,0,0,0,0,0,0,0,0,-11000,0,0,0,0,11000,-11000,-11000
00711B,FH彭博新興債    ,0,0,0,0,0,0,0,0,0,-11000,0,0,0,150000,161000,-11000,-11000
00735,國泰臺韓科技    ,0,0,0,0,0,0,0,0,0,-11000,0,0,0,110000,121000,-11000,-11000
00731,FH富時高息低波  ,1000,1000,0,0,0,0,0,0,0,-11000,0,0,0,6000,17000,-11000,-11000
00690,兆豐藍籌30      ,0,0,0,0,0,0,0,0,0,-11000,0,0,0,215000,226000,-11000,-11000
051508,元黃金中信97購01,0,0,0,0,0,0,0,0,0,-11000,0,0,0,0,11000,-11000,-11000
051531,國巨國票96購04  ,0,0,0,0,0,0,0,0,0,-11000,0,0,0,0,11000,-11000,-11000
051382,玉晶光群益98購02,0,0,0,0,0,0,0,0,0,-11000,0,0,0,0,11000,-11000,-11000
052696,玉晶光麥證97購01,0,0,0,2000,35000,-33000,0,0,0,-11000,0,0,0,26000,37000,-11000,-11000
058440,玉晶光統一99購02,0,0,0,0,0,0,0,0,0,-11000,0,0,0,0,11000,-11000,-11000
059339,上銀凱基99購06  ,0,0,0,0,0,0,0,0,0,-11000,0,0,0,0,11000,-11000,-11000
059214,國巨元大99購20  ,0,0,0,0,0,0,0,0,0,-11000,0,0,0,0,11000,-11000,-11000
059387,華通凱基9A購03  ,0,0,0,0,0,0,0,0,0,-11000,0,0,0,0,11000,-11000,-11000
059364,昇陽半永豐99購02,0,0,0,0,0,0,0,0,0,-11000,0,0,0,0,11000,-11000,-11000
057499,奇鋐群益98購01  ,0,0,0,0,0,0,0,0,0,-11000,0,0,0,21000,32000,-11000,-11000
057659,台表科兆豐98購01,0,0,0,0,0,0,0,0,0,-11000,0,0,0,114000,125000,-11000,-11000
056721,台灣50永昌9A購01,0,0,0,0,0,0,0,0,0,-11000,0,0,0,0,11000,-11000,-11000
059683,康控富邦9C購01  ,0,0,0,0,0,0,0,0,0,-11000,0,0,0,0,11000,-11000,-11000
05954P,旺宏國票97售03  ,0,0,0,0,0,0,0,0,0,-11000,0,0,0,2000,13000,-11000,-11000
059590,台積電元大99購39,0,0,0,0,0,0,0,0,0,-11000,0,0,0,1000,12000,-11000,-11000
060364,奇力新元富9A購01,0,0,0,0,0,0,0,0,0,-11000,0,0,0,0,11000,-11000,-11000
059881,臺股指凱基99購46,0,0,0,0,0,0,0,0,0,-11000,0,0,0,0,11000,-11000,-11000
060147,臺股指國票9A購07,0,0,0,0,0,0,0,0,0,-11000,0,0,0,0,11000,-11000,-11000
1524,耿鼎            ,19000,29000,-10000,0,0,0,0,0,0,-1000,0,1000,-1000,0,0,0,-11000
2431,聯昌            ,6000,18000,-12000,0,0,0,0,0,0,1000,1000,0,1000,0,0,0,-11000
2450,神腦            ,15000,30000,-15000,0,0,0,0,0,0,4000,4000,0,4000,0,0,0,-11000
07300P,臺股指元大9A售33,0,0,0,0,0,0,0,0,0,-11000,0,0,0,15000,26000,-11000,-11000
07568P,鴻海凱基9A售22  ,0,0,0,0,0,0,0,0,0,-11000,0,0,0,0,11000,-11000,-11000
07418P,聯發科元大99售45,0,0,0,0,0,0,0,0,0,-11000,0,0,0,0,11000,-11000,-11000
07690P,華新科元大9A售15,0,0,0,0,0,0,0,0,0,-11000,0,0,0,10000,21000,-11000,-11000
07746P,華新科凱基9A售11,0,0,0,0,0,0,0,0,0,-11000,0,0,0,0,11000,-11000,-11000
07806P,健策永豐9A售02  ,0,0,0,0,0,0,0,0,0,-11000,0,0,0,0,11000,-11000,-11000
3356,奇偶            ,39000,55000,-16000,0,0,0,0,0,0,5000,5000,0,5000,0,0,0,-11000
3543,州巧            ,1000,9000,-8000,0,0,0,0,0,0,-3000,0,3000,-3000,0,0,0,-11000
3607,谷崧            ,4000,17000,-13000,0,0,0,0,0,0,2000,2000,0,2000,0,0,0,-11000
4764,雙鍵            ,5000,16000,-11000,0,0,0,0,0,0,0,0,0,0,0,0,0,-11000
06523P,台積電麥證98售02,0,0,0,4000,16000,-12000,0,0,0,-12000,0,0,0,4000,16000,-12000,-12000
06558P,旺宏元富98售02  ,0,0,0,0,0,0,0,0,0,-12000,0,0,0,2000,14000,-12000,-12000
062737,聯發科國票9B購03,0,0,0,0,0,0,0,0,0,-12000,0,0,0,0,12000,-12000,-12000
06701P,臺股指統一99售06,0,0,0,0,0,0,0,0,0,-12000,0,0,0,87000,99000,-12000,-12000
061854,祥碩國票9B購02  ,0,0,0,0,0,0,0,0,0,-12000,0,0,0,0,12000,-12000,-12000
061852,大立光國票9B購02,0,0,0,0,0,0,0,0,0,-12000,0,0,0,0,12000,-12000,-12000
061897,泰碩永豐9B購01  ,0,0,0,0,0,0,0,0,0,-12000,0,0,0,0,12000,-12000,-12000
062066,元黃金元大9B購01,0,0,0,0,0,0,0,0,0,-12000,0,0,0,2000,14000,-12000,-12000
061127,美食永豐9A購01  ,0,0,0,0,0,0,0,0,0,-12000,0,0,0,30000,42000,-12000,-12000
060952,滬深2X群益9C購05,0,0,0,0,0,0,0,0,0,-12000,0,0,0,0,12000,-12000,-12000
060745,京元電國票9A購01,0,0,0,0,0,0,0,0,0,-12000,0,0,0,0,12000,-12000,-12000
060760,南亞科元大9A購04,0,0,0,0,0,0,0,0,0,-12000,0,0,0,0,12000,-12000,-12000
060785,國巨富邦9B購04  ,0,0,0,0,0,0,0,0,0,-12000,0,0,0,59000,71000,-12000,-12000
061315,滬深2X凱基9C購06,0,0,0,0,0,0,0,0,0,-12000,0,0,0,0,12000,-12000,-12000
061558,旺宏國票9B購02  ,0,0,0,0,0,0,0,0,0,-12000,0,0,0,31000,43000,-12000,-12000
061698,智邦國票9A購04  ,0,0,0,0,0,0,0,0,0,-12000,0,0,0,64000,76000,-12000,-12000
058610,欣興元大99購05  ,0,0,0,0,0,0,0,0,0,-12000,0,0,0,36000,48000,-12000,-12000
058626,瑞昱國票9A購01  ,0,15000,-15000,0,0,0,0,0,0,3000,0,0,0,18000,15000,3000,-12000
05421P,鴻海元大96售12  ,0,0,0,0,0,0,0,0,0,-12000,0,0,0,69000,81000,-12000,-12000
056234,GIS麥證97購01   ,0,0,0,0,12000,-12000,0,0,0,-12000,0,0,0,0,12000,-12000,-12000
056204,嘉澤永豐97購01  ,0,0,0,0,0,0,0,0,0,-12000,0,0,0,33000,45000,-12000,-12000
056011,矽力中信99購01  ,0,0,0,0,0,0,0,0,0,-12000,0,0,0,0,12000,-12000,-12000
055152,旺宏元大98購04  ,0,0,0,0,0,0,0,0,0,-12000,0,0,0,0,12000,-12000,-12000
056426,上証2X凱基9A購01,0,0,0,0,0,0,0,0,0,-12000,0,0,0,0,12000,-12000,-12000
055264,國巨永豐98購01  ,0,0,0,0,0,0,0,0,0,-12000,0,0,0,0,12000,-12000,-12000
055359,超眾凱基97購01  ,0,0,0,0,0,0,0,0,0,-12000,0,0,0,39000,51000,-12000,-12000
053027,玉晶光富邦98購01,0,0,0,0,0,0,0,0,0,-12000,0,0,0,0,12000,-12000,-12000
053054,禾伸堂國票97購01,0,0,0,0,0,0,0,0,0,-12000,0,0,0,0,12000,-12000,-12000
052256,台泥國泰96購01  ,0,0,0,0,0,0,0,0,0,-12000,0,0,0,0,12000,-12000,-12000
03670C,元油2X元富99牛01,0,0,0,0,0,0,0,0,0,-12000,0,0,0,0,12000,-12000,-12000
03033X,元展30          ,0,0,0,0,0,0,0,0,0,-12000,0,0,0,6000,18000,-12000,-12000
060132,滬深2X群益9C購02,0,0,0,0,0,0,0,0,0,-12000,0,0,0,0,12000,-12000,-12000
060060,台積電兆豐99購05,0,0,0,0,0,0,0,0,0,-12000,0,0,0,65000,77000,-12000,-12000
059803,S&P正2元富9B購03,0,0,0,0,0,0,0,0,0,-12000,0,0,0,0,12000,-12000,-12000
059790,立積元大9C購02  ,0,0,0,0,0,0,0,0,0,-12000,0,0,0,0,12000,-12000,-12000
060254,世紀鋼元大9A購01,0,0,0,0,0,0,0,0,0,-12000,0,0,0,53000,65000,-12000,-12000
056847,佐登元富98購01  ,0,0,0,0,0,0,0,0,0,-12000,0,0,0,136000,148000,-12000,-12000
057647,欣興元大98購10  ,0,0,0,0,0,0,0,0,0,-12000,0,0,0,116000,128000,-12000,-12000
058427,大毅元富99購01  ,0,0,0,0,0,0,0,0,0,-12000,0,0,0,0,12000,-12000,-12000
057340,玉晶光元富98購04,0,0,0,0,0,0,0,0,0,-12000,0,0,0,44000,56000,-12000,-12000
056665,上証2X國票99購02,0,0,0,0,0,0,0,0,0,-12000,0,0,0,0,12000,-12000,-12000
059077,FBVIX元大99購05 ,0,0,0,0,0,0,0,0,0,-12000,0,0,0,5000,17000,-12000,-12000
4999,鑫禾            ,1000,13000,-12000,0,0,0,0,0,0,0,0,0,0,0,0,0,-12000
8249,菱光            ,15000,27000,-12000,0,0,0,0,0,0,0,0,0,0,0,0,0,-12000
9902,台火            ,0,12000,-12000,0,0,0,0,0,0,0,0,0,0,0,0,0,-12000
07775P,國巨群益9A售10  ,0,0,0,0,0,0,0,0,0,-12000,0,0,0,0,12000,-12000,-12000
07528P,鴻海凱基9A售19  ,0,0,0,0,0,0,0,0,0,-12000,0,0,0,0,12000,-12000,-12000
07190P,臺股指富邦9C售02,0,0,0,0,0,0,0,0,0,-12000,0,0,0,1502000,1514000,-12000,-12000
2908,特力            ,55000,67000,-12000,0,0,0,0,0,0,0,0,0,0,0,0,0,-12000
2239,英利-KY         ,16000,28000,-12000,0,0,0,0,0,0,0,0,0,0,0,0,0,-12000
061687,大成鋼群益9A購01,0,0,0,0,0,0,0,0,0,-13000,0,0,0,85000,98000,-13000,-13000
061261,台積電凱基9B購03,0,0,0,0,0,0,0,0,0,-13000,0,0,0,20000,33000,-13000,-13000
06147P,國巨元大97售05  ,0,0,0,0,0,0,0,0,0,-13000,0,0,0,425000,438000,-13000,-13000
060962,義隆凱基9B購01  ,0,0,0,0,0,0,0,0,0,-13000,0,0,0,0,13000,-13000,-13000
060844,大立光國票9A購07,0,0,0,0,0,0,0,0,0,-13000,0,0,0,0,13000,-13000,-13000
060826,牧德元大9B購02  ,0,0,0,0,0,0,0,0,0,-13000,0,0,0,0,13000,-13000,-13000
060890,大立光統一01購01,0,0,0,0,0,0,0,0,0,-13000,0,0,0,87000,100000,-13000,-13000
06208P,台郡凱基97售03  ,0,0,0,0,0,0,0,0,0,-13000,0,0,0,0,13000,-13000,-13000
061966,旺宏統一01購03  ,0,0,0,0,0,0,0,0,0,-13000,0,0,0,0,13000,-13000,-13000
062730,致伸凱基9B購01  ,0,0,0,0,0,0,0,0,0,-13000,0,0,0,0,13000,-13000,-13000
06487P,聯發科統一99售02,0,0,0,0,0,0,0,0,0,-13000,0,0,0,0,13000,-13000,-13000
00685L,群益臺灣加權正2 ,0,0,0,0,0,0,0,0,0,-13000,0,0,0,9000,22000,-13000,-13000
051744,嘉聯益國票97購01,0,0,0,0,0,0,0,0,0,-13000,0,0,0,0,13000,-13000,-13000
055989,矽力元富9A購01  ,0,0,0,0,0,0,0,0,0,-13000,0,0,0,11000,24000,-13000,-13000
054641,祥碩中信98購01  ,0,0,0,0,0,0,0,0,0,-13000,0,0,0,102000,115000,-13000,-13000
058649,健策永豐99購01  ,0,0,0,0,0,0,0,0,0,-13000,0,0,0,0,13000,-13000,-13000
058605,華邦電元大99購04,0,0,0,0,0,0,0,0,0,-13000,0,0,0,68000,81000,-13000,-13000
059121,瑞儀永豐99購01  ,0,0,0,0,0,0,0,0,0,-13000,0,0,0,17000,30000,-13000,-13000
056649,智易凱基98購01  ,0,0,0,0,0,0,0,0,0,-13000,0,0,0,44000,57000,-13000,-13000
057539,南茂元大98購02  ,0,0,0,0,0,0,0,0,0,-13000,0,0,0,196000,209000,-13000,-13000
057558,致新凱基98購01  ,0,0,0,0,0,0,0,0,0,-13000,0,0,0,38000,51000,-13000,-13000
057147,新日興國票99購01,0,0,0,0,0,0,0,0,0,-13000,0,0,0,0,13000,-13000,-13000
057292,國巨國泰9B購01  ,0,0,0,0,0,0,0,0,0,-13000,0,0,0,0,13000,-13000,-13000
05938P,旺宏凱基96售07  ,0,0,0,0,0,0,0,0,0,-13000,0,0,0,0,13000,-13000,-13000
058883,旭富永豐99購01  ,0,0,0,0,0,0,0,0,0,-13000,0,0,0,55000,68000,-13000,-13000
057640,台積電元大98購16,0,0,0,0,0,0,0,0,0,-13000,0,0,0,0,13000,-13000,-13000
056684,旺宏統一98購02  ,0,0,0,0,0,0,0,0,0,-13000,0,0,0,60000,73000,-13000,-13000
059723,美律元大9A購02  ,0,0,0,0,0,0,0,0,0,-13000,0,0,0,12000,25000,-13000,-13000
060209,喬山康和9A購01  ,0,0,0,0,0,0,0,0,0,-13000,0,0,0,2000,15000,-13000,-13000
060148,臺股指國票9A購08,0,0,0,0,0,0,0,0,0,-13000,0,0,0,0,13000,-13000,-13000
08003P,國巨國泰9B售07  ,0,0,0,0,0,0,0,0,0,-13000,0,0,0,0,13000,-13000,-13000
07358P,鴻海元大99售39  ,0,0,0,0,0,0,0,0,0,-13000,0,0,0,50000,63000,-13000,-13000
07712P,茂林元大9A售03  ,0,0,0,0,0,0,0,0,0,-13000,0,0,0,0,13000,-13000,-13000
07828P,SP黃豆凱基01售01,0,0,0,0,0,0,0,0,0,-13000,0,0,0,0,13000,-13000,-13000
062639,臻鼎國票9C購01  ,0,0,0,0,0,0,0,0,0,-14000,0,0,0,0,14000,-14000,-14000
06679P,旺宏元大98售09  ,0,0,0,0,0,0,0,0,0,-14000,0,0,0,103000,117000,-14000,-14000
062052,華通統一01購01  ,0,0,0,0,0,0,0,0,0,-14000,0,0,0,198000,212000,-14000,-14000
060864,可成永豐9A購01  ,0,0,0,0,0,0,0,0,0,-14000,0,0,0,1000,15000,-14000,-14000
060975,滬深2X元大01購02,0,0,0,0,0,0,0,0,0,-14000,0,0,0,2000,16000,-14000,-14000
060927,嘉晶永豐9A購01  ,0,0,0,0,0,0,0,0,0,-14000,0,0,0,36000,50000,-14000,-14000
061109,臻鼎元大9A購03  ,0,0,0,0,0,0,0,0,0,-14000,0,0,0,84000,98000,-14000,-14000
061041,南電永豐9A購03  ,0,0,0,0,0,0,0,0,0,-14000,0,0,0,5000,19000,-14000,-14000
061465,聯詠群益9A購01  ,0,0,0,0,0,0,0,0,0,-14000,0,0,0,48000,62000,-14000,-14000
061408,華新科國票9A購06,0,0,0,0,0,0,0,0,0,-14000,0,0,0,0,14000,-14000,-14000
061240,華新科兆豐9A購01,0,0,0,0,0,0,0,0,0,-14000,0,0,0,71000,85000,-14000,-14000
061674,聯發科元大9A購12,0,0,0,0,0,0,0,0,0,-14000,0,0,0,8000,22000,-14000,-14000
058651,FBVIX中信9C購01 ,0,0,0,0,0,0,0,0,0,-14000,0,0,0,46000,60000,-14000,-14000
058691,友訊國票9A購01  ,0,0,0,0,0,0,0,0,0,-14000,0,0,0,22000,36000,-14000,-14000
055795,茂林國泰98購01  ,0,0,0,0,0,0,0,0,0,-14000,0,0,0,6000,20000,-14000,-14000
055710,亞德客元大97購03,0,0,0,0,0,0,0,0,0,-14000,0,0,0,51000,65000,-14000,-14000
056160,智易凱基97購03  ,0,0,0,0,0,0,0,0,0,-14000,0,0,0,1000,15000,-14000,-14000
053074,嘉晶永豐96購02  ,0,0,0,0,0,0,0,0,0,-14000,0,0,0,6000,20000,-14000,-14000
056406,建準國票99購01  ,0,0,0,0,0,0,0,0,0,-14000,0,0,0,0,14000,-14000,-14000
051544,T50反1康和98購01,0,0,0,0,0,0,0,0,0,-14000,0,0,0,0,14000,-14000,-14000
048179,臻鼎富邦97購01  ,0,0,0,0,0,0,0,0,0,-14000,0,0,0,0,14000,-14000,-14000
048263,台積電元富95購01,0,0,0,0,0,0,0,0,0,-14000,0,0,0,0,14000,-14000,-14000
059784,台光電元大9A購01,0,0,0,0,0,0,0,0,0,-14000,0,0,0,10000,24000,-14000,-14000
05989P,健策元富96售01  ,0,0,0,0,0,0,0,0,0,-14000,0,0,0,11000,25000,-14000,-14000
060218,台積電凱基9A購15,0,0,0,0,0,0,0,0,0,-14000,0,0,0,0,14000,-14000,-14000
060422,台勝科永豐9A購01,0,0,0,0,0,0,0,0,0,-14000,0,0,0,95000,109000,-14000,-14000
060429,南六永豐9A購01  ,0,0,0,0,0,0,0,0,0,-14000,0,0,0,0,14000,-14000,-14000
059639,大立光凱基9A購06,0,0,0,0,0,0,0,0,0,-14000,0,0,0,3000,17000,-14000,-14000
05778P,台積電統一96售05,0,0,0,0,0,0,0,0,0,-14000,0,0,0,0,14000,-14000,-14000
058122,美律國票9A購01  ,0,0,0,0,0,0,0,0,0,-14000,0,0,0,0,14000,-14000,-14000
05875P,旺宏群益98售01  ,0,0,0,0,0,0,0,0,0,-14000,0,0,0,0,14000,-14000,-14000
058025,聯茂國泰99購01  ,0,0,0,0,0,0,0,0,0,-14000,0,0,0,36000,50000,-14000,-14000
05649P,矽創國票97售03  ,0,0,0,0,0,0,0,0,0,-14000,0,0,0,32000,46000,-14000,-14000
059224,大立光元大99購15,0,0,0,0,0,0,0,0,0,-14000,0,0,0,1000,15000,-14000,-14000
07886P,國巨國票9B售06  ,0,0,0,0,0,0,0,0,0,-14000,0,0,0,17000,31000,-14000,-14000
07710P,華擎元大9A售05  ,0,0,0,0,0,0,0,0,0,-14000,0,0,0,49000,63000,-14000,-14000
07759P,臺股指富邦9A售04,0,0,0,0,0,0,0,0,0,-14000,0,0,0,998000,1012000,-14000,-14000
07799P,南電國票9A售04  ,0,0,0,0,0,0,0,0,0,-14000,0,0,0,12000,26000,-14000,-14000
07361P,聯發科元大99售34,0,0,0,0,0,0,0,0,0,-14000,0,0,0,0,14000,-14000,-14000
07470P,國巨元大9A售06  ,0,0,0,0,0,0,0,0,0,-14000,0,0,0,0,14000,-14000,-14000
1817,凱撒衛          ,0,14000,-14000,0,0,0,0,0,0,0,0,0,0,0,0,0,-14000
2636,台驊投控        ,18000,32000,-14000,0,0,0,0,0,0,0,0,0,0,0,0,0,-14000
061565,滬深2X元大9A購08,0,0,0,0,0,0,0,0,0,-15000,0,0,0,0,15000,-15000,-15000
06105P,國巨國票98售02  ,0,0,0,0,0,0,0,0,0,-15000,0,0,0,10000,25000,-15000,-15000
061057,華新科國票9A購04,0,0,0,0,0,0,0,0,0,-15000,0,0,0,0,15000,-15000,-15000
061098,滬深2X元大9A購06,0,0,0,0,0,0,0,0,0,-15000,0,0,0,0,15000,-15000,-15000
061130,牧德永豐9A購04  ,0,0,0,0,0,0,0,0,0,-15000,0,0,0,0,15000,-15000,-15000
060643,牧德永豐9A購03  ,0,0,0,0,0,0,0,0,0,-15000,0,0,0,0,15000,-15000,-15000
061851,智邦國票9B購01  ,0,0,0,0,0,0,0,0,0,-15000,0,0,0,11000,26000,-15000,-15000
061876,明泰元大9B購01  ,0,0,0,0,0,0,0,0,0,-15000,0,0,0,0,15000,-15000,-15000
062196,聯發科中信01購02,0,0,0,0,0,0,0,0,0,-15000,0,0,0,0,15000,-15000,-15000
062250,台積電元大9B購02,0,0,0,0,0,0,0,0,0,-15000,0,0,0,0,15000,-15000,-15000
06746P,聯發科群益99售02,0,0,0,0,0,0,0,0,0,-15000,0,0,0,9000,24000,-15000,-15000
06692P,瑞昱凱基98售03  ,0,0,0,0,0,0,0,0,0,-15000,0,0,0,0,15000,-15000,-15000
06967P,台郡台新99售02  ,0,0,0,0,0,0,0,0,0,-15000,0,0,0,20000,35000,-15000,-15000
062628,廣達國票9B購01  ,0,0,0,0,0,0,0,0,0,-15000,0,0,0,0,15000,-15000,-15000
062710,盛群元大9B購01  ,0,0,0,0,0,0,0,0,0,-15000,0,0,0,0,15000,-15000,-15000
048236,A50正2國票97購02,0,0,0,0,0,0,0,0,0,-15000,0,0,0,5000,20000,-15000,-15000
049117,矽格統一96購01  ,0,0,0,0,0,0,0,0,0,-15000,0,0,0,0,15000,-15000,-15000
04866P,台積電統一95售02,0,0,0,0,0,0,0,0,0,-15000,0,0,0,0,15000,-15000,-15000
051577,台積電元大97購03,0,0,0,0,0,0,0,0,0,-15000,0,0,0,0,15000,-15000,-15000
03017X,元展17          ,0,0,0,0,0,0,0,0,0,-15000,0,0,0,0,15000,-15000,-15000
050984,大立光國泰97購01,0,0,0,0,0,0,0,0,0,-15000,0,0,0,0,15000,-15000,-15000
035275,台積電台新97購01,0,0,0,0,0,0,0,0,0,-15000,0,0,0,10000,25000,-15000,-15000
050786,健策國泰96購01  ,0,0,0,0,0,0,0,0,0,-15000,0,0,0,0,15000,-15000,-15000
053003,國巨永豐96購02  ,0,0,0,0,0,0,0,0,0,-15000,0,0,0,0,15000,-15000,-15000
053176,矽力群益96購02  ,0,0,0,0,0,0,0,0,0,-15000,0,0,0,5000,20000,-15000,-15000
051748,超眾國泰96購01  ,0,0,0,0,0,0,0,0,0,-15000,0,0,0,0,15000,-15000,-15000
056120,聯茂群益97購02  ,0,0,0,0,0,0,0,0,0,-15000,0,0,0,5000,20000,-15000,-15000
056352,鴻海元大99購01  ,0,0,0,0,0,0,0,0,0,-15000,0,0,0,15000,30000,-15000,-15000
054066,緯穎國票97購03  ,0,0,0,0,0,0,0,0,0,-15000,0,0,0,19000,34000,-15000,-15000
054796,康普群益98購01  ,0,0,0,0,0,0,0,0,0,-15000,0,0,0,0,15000,-15000,-15000
055387,世紀鋼元大97購01,0,0,0,0,0,0,0,0,0,-15000,0,0,0,0,15000,-15000,-15000
055389,國巨統一98購02  ,0,0,0,0,0,0,0,0,0,-15000,0,0,0,10000,25000,-15000,-15000
054239,台郡群益96購02  ,0,0,0,0,0,0,0,0,0,-15000,0,0,0,10000,25000,-15000,-15000
054213,欣興國票97購04  ,0,0,0,0,0,0,0,0,0,-15000,0,0,0,15000,30000,-15000,-15000
055807,勤誠永豐97購01  ,0,0,0,0,0,0,0,0,0,-15000,0,0,0,20000,35000,-15000,-15000
058290,南電國票9A購01  ,0,0,0,0,0,0,0,0,0,-15000,0,0,0,0,15000,-15000,-15000
059195,國巨永豐99購04  ,0,0,0,0,0,0,0,0,0,-15000,0,0,0,0,15000,-15000,-15000
057962,超眾元大99購03  ,0,0,0,0,0,0,0,0,0,-15000,0,0,0,7000,22000,-15000,-15000
057365,智邦元大98購07  ,0,0,0,0,0,0,0,0,0,-15000,0,0,0,52000,67000,-15000,-15000
057885,台光電群益98購04,0,0,0,0,0,0,0,0,0,-15000,0,0,0,0,15000,-15000,-15000
058408,華通兆豐99購02  ,0,0,0,0,0,0,0,0,0,-15000,0,0,0,11000,26000,-15000,-15000
058936,國喬中信99購01  ,0,0,0,0,0,0,0,0,0,-15000,0,0,0,48000,63000,-15000,-15000
059492,國巨國票9A購06  ,0,0,0,0,0,0,0,0,0,-15000,0,0,0,0,15000,-15000,-15000
057164,國巨元大98購14  ,0,0,0,0,0,0,0,0,0,-15000,0,0,0,0,15000,-15000,-15000
057077,國巨統一98購06  ,0,0,0,0,0,0,0,0,0,-15000,0,0,0,5000,20000,-15000,-15000
057030,滬深反元大9B購01,0,0,0,0,0,0,0,0,0,-15000,0,0,0,0,15000,-15000,-15000
057508,康控國票99購03  ,0,0,0,0,0,0,0,0,0,-15000,0,0,0,0,15000,-15000,-15000
057619,玉晶光凱基98購02,0,0,0,0,0,0,0,0,0,-15000,0,0,0,5000,20000,-15000,-15000
056995,華新科日盛99購01,0,0,0,0,0,0,0,0,0,-15000,0,0,0,191000,206000,-15000,-15000
057663,國巨元大99購08  ,0,0,0,0,0,0,0,0,0,-15000,0,0,0,0,15000,-15000,-15000
056838,旺宏元富98購01  ,0,0,0,0,0,0,0,0,0,-15000,0,0,0,0,15000,-15000,-15000
060203,緯穎元富9A購01  ,0,0,0,0,0,0,0,0,0,-15000,0,0,0,375000,390000,-15000,-15000
060149,元金2X富邦04購01,0,0,0,0,0,0,0,0,0,-15000,0,0,0,10000,25000,-15000,-15000
07787P,國巨凱基9A售17  ,0,0,0,0,0,0,0,0,0,-15000,0,0,0,0,15000,-15000,-15000
07940P,國巨群益9B售06  ,0,0,0,0,0,0,0,0,0,-15000,0,0,0,28000,43000,-15000,-15000
062630,全新國票9B購02  ,0,0,0,0,0,0,0,0,0,-16000,0,0,0,0,16000,-16000,-16000
06545P,致茂元大98售01  ,0,0,0,0,0,0,0,0,0,-16000,0,0,0,26000,42000,-16000,-16000
062433,上銀元大9B購05  ,0,0,0,0,0,0,0,0,0,-16000,0,0,0,0,16000,-16000,-16000
061099,滬深2X元大9A購07,0,0,0,0,0,0,0,0,0,-16000,0,0,0,0,16000,-16000,-16000
060999,國巨兆豐9A購01  ,0,0,0,0,0,0,0,0,0,-16000,0,0,0,10000,26000,-16000,-16000
061015,旺宏麥證9A購03  ,0,0,0,9000,25000,-16000,0,0,0,-16000,0,0,0,9000,25000,-16000,-16000
061450,嘉晶中信9A購01  ,0,0,0,0,0,0,0,0,0,-16000,0,0,0,336000,352000,-16000,-16000
061426,玉晶光元大9A購15,0,0,0,0,0,0,0,0,0,-16000,0,0,0,0,16000,-16000,-16000
054697,凌華永豐97購01  ,0,0,0,0,0,0,0,0,0,-16000,0,0,0,0,16000,-16000,-16000
054445,技嘉兆豐96購01  ,0,0,0,0,0,0,0,0,0,-16000,0,0,0,4000,20000,-16000,-16000
055700,緯穎國泰98購02  ,0,0,0,0,0,0,0,0,0,-16000,0,0,0,3000,19000,-16000,-16000
054579,聯茂元大97購01  ,0,0,0,0,0,0,0,0,0,-16000,0,0,0,39000,55000,-16000,-16000
052077,可成元富98購02  ,0,0,0,0,0,0,0,0,0,-16000,0,0,0,10000,26000,-16000,-16000
055160,玉晶光元大99購03,0,0,0,0,0,0,0,0,0,-16000,0,0,0,73000,89000,-16000,-16000
052660,京元電國票97購01,0,0,0,0,0,0,0,0,0,-16000,0,0,0,0,16000,-16000,-16000
060265,宏達電國票9A購02,0,0,0,0,0,0,0,0,0,-16000,0,0,0,0,16000,-16000,-16000
058123,亞光國票9A購01  ,0,0,0,0,0,0,0,0,0,-16000,0,0,0,0,16000,-16000,-16000
056740,大立光凱基98購13,0,0,0,0,0,0,0,0,0,-16000,0,0,0,4000,20000,-16000,-16000
058761,欣興群益99購02  ,0,0,0,0,0,0,0,0,0,-16000,0,0,0,38000,54000,-16000,-16000
058802,矽創元大99購02  ,0,0,0,0,0,0,0,0,0,-16000,0,0,0,0,16000,-16000,-16000
057226,上銀凱基98購06  ,0,0,0,0,0,0,0,0,0,-16000,0,0,0,0,16000,-16000,-16000
058838,國巨中信99購03  ,0,0,0,0,0,0,0,0,0,-16000,0,0,0,13000,29000,-16000,-16000
07682P,聯發科凱基9A售15,0,0,0,0,0,0,0,0,0,-16000,0,0,0,0,16000,-16000,-16000
07259P,滬深2X國票01售01,0,0,0,0,0,0,0,0,0,-16000,0,0,0,0,16000,-16000,-16000
2360,致茂            ,320400,299400,21000,0,0,0,0,0,0,-37000,7000,4000,3000,15000,55000,-40000,-16000
061278,和大統一9A購01  ,0,0,0,0,0,0,0,0,0,-17000,0,0,0,16000,33000,-17000,-17000
060502,國巨元大9A購07  ,0,0,0,0,0,0,0,0,0,-17000,0,0,0,15000,32000,-17000,-17000
060662,旺宏凱基9A購03  ,0,0,0,0,0,0,0,0,0,-17000,0,0,0,24000,41000,-17000,-17000
062276,瑞昱群益9B購01  ,0,0,0,0,0,0,0,0,0,-17000,0,0,0,46000,63000,-17000,-17000
062301,聯詠中信05購01  ,0,0,0,0,0,0,0,0,0,-17000,0,0,0,0,17000,-17000,-17000
061924,聯發科凱基9C購01,0,0,0,0,0,0,0,0,0,-17000,0,0,0,49000,66000,-17000,-17000
062028,晶技群益9B購01  ,0,0,0,0,0,0,0,0,0,-17000,0,0,0,33000,50000,-17000,-17000
06862P,大立光凱基98售16,0,0,0,0,0,0,0,0,0,-17000,0,0,0,0,17000,-17000,-17000
055258,玉晶光統一97購03,0,0,0,0,0,0,0,0,0,-17000,0,0,0,624000,641000,-17000,-17000
052362,瑞昱國票96購02  ,0,0,0,0,0,0,0,0,0,-17000,0,0,0,0,17000,-17000,-17000
053565,台光電富邦98購01,0,0,0,0,0,0,0,0,0,-17000,0,0,0,0,17000,-17000,-17000
048637,鴻海元大96購01  ,0,0,0,0,0,0,0,0,0,-17000,0,0,0,3000,20000,-17000,-17000
054531,聯發科國泰97購02,0,0,0,0,0,0,0,0,0,-17000,0,0,0,13000,30000,-17000,-17000
057332,旺宏國票99購03  ,0,0,0,0,0,0,0,0,0,-17000,0,0,0,0,17000,-17000,-17000
058445,旺宏富邦9C購01  ,0,0,0,0,0,0,0,0,0,-17000,0,0,0,22000,39000,-17000,-17000
058606,聯發科元大99購13,0,0,0,0,0,0,0,0,0,-17000,0,0,0,0,17000,-17000,-17000
058790,楠梓電元大99購03,0,0,0,0,0,0,0,0,0,-17000,0,0,0,43000,60000,-17000,-17000
058232,聯發科元大99購05,0,0,0,0,0,0,0,0,0,-17000,0,0,0,0,17000,-17000,-17000
057273,智邦元大98購05  ,0,0,0,0,0,0,0,0,0,-17000,0,0,0,28000,45000,-17000,-17000
057578,可成中信99購01  ,0,0,0,0,0,0,0,0,0,-17000,0,0,0,30000,47000,-17000,-17000
057517,矽創元富98購02  ,0,0,0,0,0,0,0,0,0,-17000,0,0,0,98000,115000,-17000,-17000
057993,中環中信98購01  ,0,0,0,0,0,0,0,0,0,-17000,0,0,0,47000,64000,-17000,-17000
057856,聯鈞國票99購03  ,0,0,0,0,0,0,0,0,0,-17000,0,0,0,10000,27000,-17000,-17000
060227,和大元大9A購01  ,0,0,0,0,0,0,0,0,0,-17000,0,0,0,3000,20000,-17000,-17000
07720P,臺股指群益9A售09,0,0,0,0,0,0,0,0,0,-17000,0,0,0,0,17000,-17000,-17000
07910P,台積電統一9C售07,0,0,0,0,0,0,0,0,0,-17000,0,0,0,0,17000,-17000,-17000
06673P,大立光群益98售01,0,0,0,0,0,0,0,0,0,-18000,0,0,0,1000,19000,-18000,-18000
06983P,台積電國泰9A售02,0,0,0,0,0,0,0,0,0,-18000,0,0,0,18000,36000,-18000,-18000
062307,華通凱基9C購01  ,0,0,0,0,0,0,0,0,0,-18000,0,0,0,16000,34000,-18000,-18000
062357,國巨元大9B購11  ,0,0,0,0,0,0,0,0,0,-18000,0,0,0,0,18000,-18000,-18000
062189,康控元大9B購02  ,0,0,0,0,0,0,0,0,0,-18000,0,0,0,50000,68000,-18000,-18000
060961,台光電凱基9A購03,0,0,0,0,0,0,0,0,0,-18000,0,0,0,22000,40000,-18000,-18000
058596,旺宏台新99購01  ,0,0,0,0,0,0,0,0,0,-18000,0,0,0,10000,28000,-18000,-18000
055714,智邦元大97購03  ,0,0,0,0,0,0,0,0,0,-18000,0,0,0,9000,27000,-18000,-18000
054323,旺宏台新96購02  ,0,0,0,0,0,0,0,0,0,-18000,0,0,0,0,18000,-18000,-18000
00683L,元大美元指數正2 ,0,0,0,0,0,0,0,0,0,-18000,0,0,0,0,18000,-18000,-18000
00771,元大US高息特別股,0,0,0,0,0,0,0,0,0,-18000,0,0,0,21000,39000,-18000,-18000
051847,香港反中信99購01,0,0,0,0,0,0,0,0,0,-18000,0,0,0,0,18000,-18000,-18000
052846,智邦統一97購01  ,0,0,0,0,0,0,0,0,0,-18000,0,0,0,2000,20000,-18000,-18000
055301,台虹元大97購01  ,0,0,0,0,0,0,0,0,0,-18000,0,0,0,50000,68000,-18000,-18000
060261,臺股指凱基9A購04,0,0,0,0,0,0,0,0,0,-18000,0,0,0,10000,28000,-18000,-18000
060095,聯發科元大99購42,0,0,0,0,0,0,0,0,0,-18000,0,0,0,2000,20000,-18000,-18000
059662,旭富元大9C購01  ,0,0,0,0,0,0,0,0,0,-18000,0,0,0,157000,175000,-18000,-18000
058152,聯發科統一9B購02,0,0,0,0,0,0,0,0,0,-18000,0,0,0,5000,23000,-18000,-18000
057770,亞德客群益98購01,0,0,0,0,0,0,0,0,0,-18000,0,0,0,37000,55000,-18000,-18000
058702,國巨元大99購16  ,0,0,0,0,0,0,0,0,0,-18000,0,0,0,0,18000,-18000,-18000
057589,超眾國票9A購01  ,0,0,0,0,0,0,0,0,0,-18000,0,0,0,0,18000,-18000,-18000
057017,和大凱基98購01  ,0,0,0,0,0,0,0,0,0,-18000,0,0,0,0,18000,-18000,-18000
059249,大立光凱基99購05,0,0,0,0,0,0,0,0,0,-18000,0,0,0,2000,20000,-18000,-18000
07845P,南亞科元大9A售08,0,0,0,0,0,0,0,0,0,-18000,0,0,0,117000,135000,-18000,-18000
3052,夆典            ,17000,35000,-18000,0,0,0,0,0,0,0,0,0,0,0,0,0,-18000
07998P,聯電凱基9C售01  ,0,0,0,0,0,0,0,0,0,-18000,0,0,0,0,18000,-18000,-18000
8104,錸寶            ,62000,81000,-19000,0,0,0,0,0,0,1000,1000,0,1000,0,0,0,-18000
4137,麗豐-KY         ,45000,90000,-45000,0,0,0,0,0,0,27000,1000,3000,-2000,29000,0,29000,-18000
060974,滬深2X元大01購01,0,0,0,0,0,0,0,0,0,-19000,0,0,0,0,19000,-19000,-19000
061556,台積電國票9A購08,0,0,0,0,0,0,0,0,0,-19000,0,0,0,17000,36000,-19000,-19000
062431,元金2X元大9B購02,0,0,0,0,0,0,0,0,0,-19000,0,0,0,0,19000,-19000,-19000
056399,上証2X群益9C購01,0,0,0,0,0,0,0,0,0,-19000,0,0,0,0,19000,-19000,-19000
052681,T50反1元大98購02,0,0,0,0,0,0,0,0,0,-19000,0,0,0,74000,93000,-19000,-19000
053035,台表科兆豐97購01,0,0,0,0,0,0,0,0,0,-19000,0,0,0,61000,80000,-19000,-19000
02001L,富邦蘋果正二N   ,0,0,0,0,0,0,0,0,0,-19000,0,0,0,0,19000,-19000,-19000
053501,明泰兆豐96購01  ,0,0,0,0,0,0,0,0,0,-19000,0,0,0,1000,20000,-19000,-19000
056081,T50反1統一99購02,0,0,0,0,0,0,0,0,0,-19000,0,0,0,0,19000,-19000,-19000
058374,玉晶光凱基9A購03,0,0,0,0,0,0,0,0,0,-19000,0,0,0,41000,60000,-19000,-19000
058873,美律國票9A購02  ,0,0,0,0,0,0,0,0,0,-19000,0,0,0,0,19000,-19000,-19000
057003,立積國票98購01  ,0,0,0,0,0,0,0,0,0,-19000,0,0,0,0,19000,-19000,-19000
057591,鴻海兆豐99購01  ,0,0,0,0,0,0,0,0,0,-19000,0,0,0,5000,24000,-19000,-19000
057270,遠東新元大98購01,0,0,0,0,0,0,0,0,0,-19000,0,0,0,2000,21000,-19000,-19000
057230,建準凱基98購02  ,0,0,0,0,0,0,0,0,0,-19000,0,0,0,14000,33000,-19000,-19000
057239,貿聯凱基98購05  ,0,0,0,0,0,0,0,0,0,-19000,0,0,0,10000,29000,-19000,-19000
057328,京鼎群益99購02  ,0,0,0,0,0,0,0,0,0,-19000,0,0,0,200000,219000,-19000,-19000
05869P,旺宏凱基96售05  ,0,0,0,0,0,0,0,0,0,-19000,0,0,0,0,19000,-19000,-19000
060212,華航康和9A購01  ,0,0,0,0,0,0,0,0,0,-19000,0,0,0,6000,25000,-19000,-19000
6141,柏承            ,120000,141000,-21000,0,0,0,0,0,0,2000,2000,0,2000,0,0,0,-19000
2545,皇翔            ,33000,57000,-24000,0,0,0,0,0,0,5000,5000,0,5000,0,0,0,-19000
07902P,玉晶光國票01售01,0,0,0,0,0,0,0,0,0,-19000,0,0,0,0,19000,-19000,-19000
07667P,亞德客元大9A售05,0,0,0,0,0,0,0,0,0,-19000,0,0,0,25000,44000,-19000,-19000
07368P,國巨凱基99售19  ,0,0,0,0,0,0,0,0,0,-19000,0,0,0,0,19000,-19000,-19000
062530,大立光統一01購03,0,0,0,0,0,0,0,0,0,-20000,0,0,0,0,20000,-20000,-20000
062472,大立光凱基9B購04,0,0,0,0,0,0,0,0,0,-20000,0,0,0,0,20000,-20000,-20000
062321,力成台新9B購01  ,0,0,0,0,0,0,0,0,0,-20000,0,0,0,20000,40000,-20000,-20000
062057,華邦電統一01購01,0,0,0,0,0,0,0,0,0,-20000,0,0,0,0,20000,-20000,-20000
062099,牧德永豐9B購01  ,0,0,0,0,0,0,0,0,0,-20000,0,0,0,0,20000,-20000,-20000
062152,國巨麥證9C購01  ,0,0,0,0,20000,-20000,0,0,0,-20000,0,0,0,0,20000,-20000,-20000
061948,美食群益9B購01  ,0,0,0,0,0,0,0,0,0,-20000,0,0,0,105000,125000,-20000,-20000
061978,旺宏元大9C購01  ,0,0,0,0,0,0,0,0,0,-20000,0,0,0,30000,50000,-20000,-20000
061982,聯發科元大9B購03,0,0,0,0,0,0,0,0,0,-20000,0,0,0,11000,31000,-20000,-20000
061909,台積電中信05購02,0,0,0,0,0,0,0,0,0,-20000,0,0,0,0,20000,-20000,-20000
061919,國巨凱基9B購06  ,0,0,0,0,0,0,0,0,0,-20000,0,0,0,0,20000,-20000,-20000
06991P,矽創群益99售01  ,0,0,0,0,0,0,0,0,0,-20000,0,0,0,130000,150000,-20000,-20000
06946P,T50正2元大9C售01,0,0,0,0,0,0,0,0,0,-20000,0,0,0,0,20000,-20000,-20000
06866P,聯發科元大98售13,0,0,0,0,0,0,0,0,0,-20000,0,0,0,0,20000,-20000,-20000
06554P,臺股指元大99售06,0,0,0,0,0,0,0,0,0,-20000,0,0,0,0,20000,-20000,-20000
06625P,華新科統一98售03,0,0,0,0,0,0,0,0,0,-20000,0,0,0,0,20000,-20000,-20000
06385P,聯發科永豐97售02,0,0,0,0,0,0,0,0,0,-20000,0,0,0,0,20000,-20000,-20000
06447P,上銀元大98售01  ,0,0,0,0,0,0,0,0,0,-20000,0,0,0,26000,46000,-20000,-20000
06387P,緯穎永豐97售02  ,0,0,0,0,0,0,0,0,0,-20000,0,0,0,499000,519000,-20000,-20000
062731,力成凱基9B購02  ,0,0,0,0,0,0,0,0,0,-20000,0,0,0,0,20000,-20000,-20000
062693,中石化元大02購01,0,0,0,0,0,0,0,0,0,-20000,0,0,0,1000,21000,-20000,-20000
062664,群創群益9B購02  ,0,0,0,0,0,0,0,0,0,-20000,0,0,0,0,20000,-20000,-20000
062665,智易群益9B購01  ,0,0,0,0,0,0,0,0,0,-20000,0,0,0,0,20000,-20000,-20000
06308P,國巨元富97售06  ,0,0,0,0,0,0,0,0,0,-20000,0,0,0,1060000,1080000,-20000,-20000
06314P,GIS元富97售02   ,0,0,0,0,0,0,0,0,0,-20000,0,0,0,0,20000,-20000,-20000
061523,SP黃豆凱基9B購01,0,0,0,0,0,0,0,0,0,-20000,0,0,0,0,20000,-20000,-20000
061696,南茂群益9A購01  ,0,0,0,0,0,0,0,0,0,-20000,0,0,0,98000,118000,-20000,-20000
061715,牧德凱基9B購03  ,0,0,0,0,0,0,0,0,0,-20000,0,0,0,0,20000,-20000,-20000
061829,T50反1凱基9C購02,0,0,0,0,0,0,0,0,0,-20000,0,0,0,0,20000,-20000,-20000
061833,華新科凱基02購01,0,0,0,0,0,0,0,0,0,-20000,0,0,0,0,20000,-20000,-20000
061840,長榮航凱基9C購01,0,0,0,0,0,0,0,0,0,-20000,0,0,0,0,20000,-20000,-20000
061800,泰鼎永豐9B購01  ,0,0,0,0,0,0,0,0,0,-20000,0,0,0,25000,45000,-20000,-20000
061309,鴻海統一9C購05  ,0,0,0,0,0,0,0,0,0,-20000,0,0,0,0,20000,-20000,-20000
061245,晶技群益9A購01  ,0,0,0,0,0,0,0,0,0,-20000,0,0,0,0,20000,-20000,-20000
061220,臺股指元大9A購57,0,0,0,0,0,0,0,0,0,-20000,0,0,0,0,20000,-20000,-20000
061452,大成鋼凱基9A購01,0,0,0,0,0,0,0,0,0,-20000,0,0,0,70000,90000,-20000,-20000
061400,可成兆豐9B購02  ,0,0,0,0,0,0,0,0,0,-20000,0,0,0,0,20000,-20000,-20000
06131P,京鼎元富97售02  ,0,0,0,0,0,0,0,0,0,-20000,0,0,0,0,20000,-20000,-20000
060912,華新科元大9A購10,0,0,0,0,0,0,0,0,0,-20000,0,0,0,0,20000,-20000,-20000
061053,國巨群益9A購08  ,0,0,0,0,0,0,0,0,0,-20000,0,0,0,0,20000,-20000,-20000
061038,TPK永豐9A購01   ,0,0,0,0,0,0,0,0,0,-20000,0,0,0,0,20000,-20000,-20000
060806,華新科群益9A購03,0,0,0,0,0,0,0,0,0,-20000,0,0,0,0,20000,-20000,-20000
060580,A50正2群益9C購03,0,0,0,0,0,0,0,0,0,-20000,0,0,0,0,20000,-20000,-20000
056066,奇鋐元大98購02  ,0,0,0,0,0,0,0,0,0,-20000,0,0,0,0,20000,-20000,-20000
056004,南電永豐97購02  ,0,0,0,0,0,0,0,0,0,-20000,0,0,0,10000,30000,-20000,-20000
056232,瑞儀凱基98購01  ,0,0,0,0,0,0,0,0,0,-20000,0,0,0,0,20000,-20000,-20000
053972,華新科元大96購06,0,0,0,0,0,0,0,0,0,-20000,0,0,0,0,20000,-20000,-20000
056324,南亞科兆豐98購01,0,0,0,0,0,0,0,0,0,-20000,0,0,0,0,20000,-20000,-20000
05626P,景碩國票97售03  ,0,0,0,0,0,0,0,0,0,-20000,0,0,0,143000,163000,-20000,-20000
056286,奇鋐永豐97購01  ,0,0,0,0,0,0,0,0,0,-20000,0,0,0,60000,80000,-20000,-20000
055499,大立光元大98購05,0,0,0,0,0,0,0,0,0,-20000,0,0,0,0,20000,-20000,-20000
055515,聚陽中信9A購01  ,0,0,0,0,0,0,0,0,0,-20000,0,0,0,0,20000,-20000,-20000
055075,南電永豐97購01  ,0,0,0,0,0,0,0,0,0,-20000,0,0,0,0,20000,-20000,-20000
055080,正崴中信99購01  ,0,0,0,0,0,0,0,0,0,-20000,0,0,0,0,20000,-20000,-20000
055019,福懋科元富97購01,0,0,0,0,0,0,0,0,0,-20000,0,0,0,50000,70000,-20000,-20000
05497P,聯詠統一96售01  ,0,0,0,0,0,0,0,0,0,-20000,0,0,0,0,20000,-20000,-20000
055414,奇力新富邦9B購01,0,0,0,0,0,0,0,0,0,-20000,0,0,0,0,20000,-20000,-20000
054743,聯鈞凱基99購01  ,0,0,0,0,0,0,0,0,0,-20000,0,0,0,0,20000,-20000,-20000
056483,TPK元大98購01   ,0,0,0,0,0,0,0,0,0,-20000,0,0,0,50000,70000,-20000,-20000
054858,台肥群益97購01  ,0,0,0,0,0,0,0,0,0,-20000,0,0,0,0,20000,-20000,-20000
054893,帆宣統一99購01  ,0,0,0,0,0,0,0,0,0,-20000,0,0,0,0,20000,-20000,-20000
055735,宏達電元富98購01,0,0,0,0,0,0,0,0,0,-20000,0,0,0,0,20000,-20000,-20000
05443P,宏達電元大95售05,0,0,0,0,0,0,0,0,0,-20000,0,0,0,10000,30000,-20000,-20000
054665,華通元富97購02  ,0,0,0,0,0,0,0,0,0,-20000,0,0,0,70000,90000,-20000,-20000
054261,智伸科元大96購03,0,0,0,0,0,0,0,0,0,-20000,0,0,0,0,20000,-20000,-20000
058577,南亞科群益99購02,0,0,0,0,0,0,0,0,0,-20000,0,0,0,1000,21000,-20000,-20000
054694,聯鈞永豐97購01  ,0,0,0,0,0,0,0,0,0,-20000,0,0,0,0,20000,-20000,-20000
058354,台積電凱基9A購06,0,0,0,0,0,0,0,0,0,-20000,0,0,0,0,20000,-20000,-20000
053570,京元電統一96購01,0,0,0,0,0,0,0,0,0,-20000,0,0,0,0,20000,-20000,-20000
051591,玉晶光元大97購01,0,0,0,0,0,0,0,0,0,-20000,0,0,0,0,20000,-20000,-20000
051510,新光金中信97購01,0,0,0,0,0,0,0,0,0,-20000,0,0,0,0,20000,-20000,-20000
051266,國巨富邦99購01  ,0,0,0,0,0,0,0,0,0,-20000,0,0,0,0,20000,-20000,-20000
047885,元金2X富邦99購01,0,0,0,0,0,0,0,0,0,-20000,0,0,0,30000,50000,-20000,-20000
051101,台表科元大96購02,0,0,0,0,0,0,0,0,0,-20000,0,0,0,0,20000,-20000,-20000
053033,智易兆豐97購01  ,0,0,0,0,0,0,0,0,0,-20000,0,0,0,0,20000,-20000,-20000
051694,A50正2中信96購03,0,0,0,0,0,0,0,0,0,-20000,0,0,0,0,20000,-20000,-20000
052936,華通兆豐98購01  ,0,0,0,0,0,0,0,0,0,-20000,0,0,0,0,20000,-20000,-20000
052619,茂林國泰99購01  ,0,0,0,0,0,0,0,0,0,-20000,0,0,0,26000,46000,-20000,-20000
052777,燿華國票98購01  ,0,0,0,0,0,0,0,0,0,-20000,0,0,0,0,20000,-20000,-20000
056416,華新科中信98購01,0,0,0,0,0,0,0,0,0,-20000,0,0,0,0,20000,-20000,-20000
056473,奇力新元大99購02,0,0,0,0,0,0,0,0,0,-20000,0,0,0,0,20000,-20000,-20000
055337,超眾兆豐98購01  ,0,0,0,0,0,0,0,0,0,-20000,0,0,0,20000,40000,-20000,-20000
055348,旺宏凱基97購01  ,0,0,0,0,0,0,0,0,0,-20000,0,0,0,100000,120000,-20000,-20000
055351,聯發科凱基97購03,0,0,0,0,0,0,0,0,0,-20000,0,0,0,0,20000,-20000,-20000
060296,和碩元大9A購01  ,0,0,0,0,0,0,0,0,0,-20000,0,0,0,120000,140000,-20000,-20000
060331,台積電麥證9A購01,0,0,0,0,20000,-20000,0,0,0,-20000,0,0,0,0,20000,-20000,-20000
06043P,創意永豐96售06  ,0,0,0,0,0,0,0,0,0,-20000,0,0,0,0,20000,-20000,-20000
059954,華新科康和99購01,0,0,0,0,0,0,0,0,0,-20000,0,0,0,0,20000,-20000,-20000
059789,貿聯元大9A購02  ,0,0,0,0,0,0,0,0,0,-20000,0,0,0,30000,50000,-20000,-20000
057778,大立光群益98購02,0,0,0,0,0,0,0,0,0,-20000,0,0,0,5000,25000,-20000,-20000
058063,旺宏中信98購04  ,0,0,0,0,0,0,0,0,0,-20000,0,0,0,10000,30000,-20000,-20000
056744,麗豐凱基9A購01  ,0,0,0,0,0,0,0,0,0,-20000,0,0,0,0,20000,-20000,-20000
056696,茂林群益98購02  ,0,0,0,0,0,0,0,0,0,-20000,0,0,0,0,20000,-20000,-20000
057705,臺股指群益98購05,0,0,0,0,0,0,0,0,0,-20000,0,0,0,141000,161000,-20000,-20000
057727,華邦電國泰9A購01,0,0,0,0,0,0,0,0,0,-20000,0,0,0,153000,173000,-20000,-20000
057605,旺宏統一99購03  ,0,0,0,0,0,0,0,0,0,-20000,0,0,0,20000,40000,-20000,-20000
056993,GIS兆豐99購01   ,0,0,0,0,0,0,0,0,0,-20000,0,0,0,10000,30000,-20000,-20000
05762P,昇陽半永豐96售04,0,0,0,0,0,0,0,0,0,-20000,0,0,0,0,20000,-20000,-20000
059645,祥碩凱基99購05  ,0,0,0,0,0,0,0,0,0,-20000,0,0,0,0,20000,-20000,-20000
059689,南亞科永豐99購02,0,0,0,0,0,0,0,0,0,-20000,0,0,0,32000,52000,-20000,-20000
057818,泰碩元大9A購01  ,0,0,0,0,0,0,0,0,0,-20000,0,0,0,10000,30000,-20000,-20000
058127,FBVIX元大9C購01 ,0,0,0,0,0,0,0,0,0,-20000,0,0,0,0,20000,-20000,-20000
058109,台灣50元富9B購01,0,0,0,0,0,0,0,0,0,-20000,0,0,0,0,20000,-20000,-20000
056791,嘉聯益群益98購01,0,0,0,0,0,0,0,0,0,-20000,0,0,0,0,20000,-20000,-20000
056809,旺宏統一98購03  ,0,0,0,0,0,0,0,0,0,-20000,0,0,0,0,20000,-20000,-20000
057796,鴻海兆豐99購03  ,0,0,0,0,0,0,0,0,0,-20000,0,0,0,0,20000,-20000,-20000
056858,國巨群益99購03  ,0,0,0,0,0,0,0,0,0,-20000,0,0,0,0,20000,-20000,-20000
057326,景碩群益99購02  ,0,0,0,0,0,0,0,0,0,-20000,0,0,0,0,20000,-20000,-20000
056914,臺股指元大99購09,0,0,0,0,0,0,0,0,0,-20000,0,0,0,0,20000,-20000,-20000
05729P,臺股指凱基97售02,0,0,0,0,0,0,0,0,0,-20000,0,0,0,40000,60000,-20000,-20000
056976,喬山群益98購01  ,0,0,0,0,0,0,0,0,0,-20000,0,0,0,0,20000,-20000,-20000
057211,鴻海群益98購05  ,0,0,0,0,0,0,0,0,0,-20000,0,0,0,90000,110000,-20000,-20000
057197,立積台新98購01  ,0,0,0,0,0,0,0,0,0,-20000,0,0,0,70000,90000,-20000,-20000
057261,瑞昱兆豐98購01  ,0,0,0,0,0,0,0,0,0,-20000,0,0,0,0,20000,-20000,-20000
057587,微星國票99購01  ,0,0,0,0,0,0,0,0,0,-20000,0,0,0,0,20000,-20000,-20000
057540,緯穎日盛99購01  ,0,0,0,0,0,0,0,0,0,-20000,0,0,0,0,20000,-20000,-20000
057523,大成鋼元大99購01,0,0,0,0,0,0,0,0,0,-20000,0,0,0,100000,120000,-20000,-20000
056659,泰碩元大99購01  ,0,0,0,0,0,0,0,0,0,-20000,0,0,0,10000,30000,-20000,-20000
059052,為升凱基99購01  ,0,0,0,0,0,0,0,0,0,-20000,0,0,0,0,20000,-20000,-20000
058810,國巨統一9B購04  ,0,0,0,0,0,0,0,0,0,-20000,0,0,0,0,20000,-20000,-20000
058267,奇鋐永豐99購01  ,0,0,0,0,0,0,0,0,0,-20000,0,0,0,10000,30000,-20000,-20000
057876,隆達元大98購01  ,0,0,0,0,0,0,0,0,0,-20000,0,0,0,16000,36000,-20000,-20000
057892,上証2X元富02購01,0,0,0,0,0,0,0,0,0,-20000,0,0,0,0,20000,-20000,-20000
057406,茂林群益98購03  ,0,0,0,0,0,0,0,0,0,-20000,0,0,0,0,20000,-20000,-20000
058791,鴻海元大99購17  ,0,0,0,0,0,0,0,0,0,-20000,0,0,0,30000,50000,-20000,-20000
056540,聯詠凱基98購02  ,0,0,0,0,0,0,0,0,0,-20000,0,0,0,178000,198000,-20000,-20000
057466,泰鼎永豐98購01  ,0,0,0,0,0,0,0,0,0,-20000,0,0,0,0,20000,-20000,-20000
07359P,台積電元大99售45,0,0,0,0,0,0,0,0,0,-20000,0,0,0,0,20000,-20000,-20000
07291P,臺股指凱基99售43,0,0,0,0,0,0,0,0,0,-20000,0,0,0,0,20000,-20000,-20000
07249P,T50正2富邦03售02,0,0,0,0,0,0,0,0,0,-20000,0,0,0,0,20000,-20000,-20000
07139P,元油2X群益9C售06,0,0,0,0,0,0,0,0,0,-20000,0,0,0,0,20000,-20000,-20000
07391P,台灣50國泰02售01,0,0,0,0,0,0,0,0,0,-20000,0,0,0,0,20000,-20000,-20000
07383P,聯發科群益99售06,0,0,0,0,0,0,0,0,0,-20000,0,0,0,0,20000,-20000,-20000
07945P,上銀國票9B售02  ,0,0,0,0,0,0,0,0,0,-20000,0,0,0,12000,32000,-20000,-20000
07995P,臺股指麥證9C售01,0,0,0,0,20000,-20000,0,0,0,-20000,0,0,0,0,20000,-20000,-20000
08015P,可成凱基9B售05  ,0,0,0,0,0,0,0,0,0,-20000,0,0,0,0,20000,-20000,-20000
6165,捷泰            ,22000,42000,-20000,0,0,0,0,0,0,0,0,0,0,0,0,0,-20000
6176,瑞儀            ,619000,1103000,-484000,0,0,0,415000,0,415000,49000,15000,24000,-9000,58000,0,58000,-20000
6282,康舒            ,153000,152000,1000,0,0,0,0,0,0,-21000,20000,0,20000,0,41000,-41000,-20000
060566,聯詠富邦9C購01  ,0,0,0,0,0,0,0,0,0,-21000,0,0,0,24000,45000,-21000,-21000
060747,聯鈞國票9A購02  ,0,0,0,0,0,0,0,0,0,-21000,0,0,0,14000,35000,-21000,-21000
060985,聯發科元大9A購06,0,0,0,0,0,0,0,0,0,-21000,0,0,0,0,21000,-21000,-21000
061436,上銀凱基9A購07  ,0,0,0,0,0,0,0,0,0,-21000,0,0,0,0,21000,-21000,-21000
061730,旺宏統一01購02  ,0,0,0,0,0,0,0,0,0,-21000,0,0,0,11000,32000,-21000,-21000
061635,台積電元大9A購34,0,0,0,0,0,0,0,0,0,-21000,0,0,0,0,21000,-21000,-21000
062663,聯發科群益9B購07,0,0,0,0,0,0,0,0,0,-21000,0,0,0,0,21000,-21000,-21000
062677,儒鴻統一01購01  ,0,0,0,0,0,0,0,0,0,-21000,0,0,0,0,21000,-21000,-21000
06772P,國巨中信99售01  ,0,0,0,0,0,0,0,0,0,-21000,0,0,0,29000,50000,-21000,-21000
06846P,美律元大98售05  ,0,0,0,0,0,0,0,0,0,-21000,0,0,0,44000,65000,-21000,-21000
061935,台積電國票9B購07,0,0,0,0,0,0,0,0,0,-21000,0,0,0,0,21000,-21000,-21000
062077,聯發科元大9B購04,0,0,0,0,0,0,0,0,0,-21000,0,0,0,0,21000,-21000,-21000
062213,和大統一9B購02  ,0,0,0,0,0,0,0,0,0,-21000,0,0,0,6000,27000,-21000,-21000
062520,晶豪科元大9B購02,0,0,0,0,0,0,0,0,0,-21000,0,0,0,4000,25000,-21000,-21000
053854,聯茂國泰97購02  ,0,0,0,0,0,0,0,0,0,-21000,0,0,0,0,21000,-21000,-21000
055176,大毅統一98購02  ,0,0,0,0,0,0,0,0,0,-21000,0,0,0,0,21000,-21000,-21000
051745,玉晶光國泰97購06,0,0,0,0,0,0,0,0,0,-21000,0,0,0,1000,22000,-21000,-21000
00709,富邦歐洲        ,0,0,0,0,0,0,0,0,0,-21000,0,0,0,100000,121000,-21000,-21000
0053,元大電子        ,0,0,0,0,0,0,0,0,0,-21000,0,0,0,3000,24000,-21000,-21000
051321,建準國票96購01  ,0,0,0,0,0,0,0,0,0,-21000,0,0,0,0,21000,-21000,-21000
05865P,大立光元大96售09,0,0,0,0,0,0,0,0,0,-21000,0,0,0,0,21000,-21000,-21000
058197,國巨中信99購02  ,0,0,0,0,0,0,0,0,0,-21000,0,0,0,0,21000,-21000,-21000
057501,超眾群益98購04  ,0,0,0,0,0,0,0,0,0,-21000,0,0,0,0,21000,-21000,-21000
058434,旺宏統一9B購01  ,0,0,0,0,0,0,0,0,0,-21000,0,0,0,0,21000,-21000,-21000
059089,聯發科元大99購19,0,0,0,0,0,0,0,0,0,-21000,0,0,0,0,21000,-21000,-21000
059183,T50反1台新03購02,0,0,0,0,0,0,0,0,0,-21000,0,0,0,0,21000,-21000,-21000
057531,禾伸堂元大99購04,0,0,0,0,0,0,0,0,0,-21000,0,0,0,34000,55000,-21000,-21000
056959,鴻海永豐98購03  ,0,0,0,0,0,0,0,0,0,-21000,0,0,0,0,21000,-21000,-21000
057740,茂林富邦9A購01  ,0,0,0,0,0,0,0,0,0,-21000,0,0,0,81000,102000,-21000,-21000
060451,中石化元大9C購02,0,0,0,0,0,0,0,0,0,-21000,0,0,0,36000,57000,-21000,-21000
060375,葡萄王元富9A購01,0,0,0,0,0,0,0,0,0,-21000,0,0,0,225000,246000,-21000,-21000
060202,康友元富9A購01  ,0,0,0,0,0,0,0,0,0,-21000,0,0,0,25000,46000,-21000,-21000
060160,聯陽永豐9A購01  ,0,0,0,0,0,0,0,0,0,-21000,0,0,0,59000,80000,-21000,-21000
5285,界霖            ,4000,25000,-21000,0,0,0,0,0,0,0,0,0,0,0,0,0,-21000
8429,金麗-KY         ,34000,55000,-21000,0,0,0,0,0,0,0,0,0,0,0,0,0,-21000
9944,新麗            ,0,22000,-22000,0,0,0,0,0,0,1000,1000,0,1000,0,0,0,-21000
1603,華電            ,2000,23000,-21000,0,0,0,0,0,0,0,0,0,0,0,0,0,-21000
07423P,大立光元大99售33,0,0,0,0,0,0,0,0,0,-21000,0,0,0,20000,41000,-21000,-21000
062510,台積電國票01購01,0,0,0,0,0,0,0,0,0,-22000,0,0,0,6000,28000,-22000,-22000
062299,台積電第一9B購01,0,0,0,0,0,0,0,0,0,-22000,0,0,0,20000,42000,-22000,-22000
07121P,華新科凱基99售03,0,0,0,0,0,0,0,0,0,-22000,0,0,0,0,22000,-22000,-22000
061579,京鼎元大9A購02  ,0,0,0,0,0,0,0,0,0,-22000,0,0,0,121000,143000,-22000,-22000
061479,泰碩元大9A購02  ,0,0,0,0,0,0,0,0,0,-22000,0,0,0,25000,47000,-22000,-22000
061103,聯發科元大9A購08,0,0,0,0,0,0,0,0,0,-22000,0,0,0,1000,23000,-22000,-22000
060680,玉晶光元大9C購03,0,0,0,0,0,0,0,0,0,-22000,0,0,0,18000,40000,-22000,-22000
058654,鴻海中信03購01  ,0,0,0,0,0,0,0,0,0,-22000,0,0,0,4000,26000,-22000,-22000
055830,上銀元大97購07  ,0,0,0,0,0,0,0,0,0,-22000,0,0,0,0,22000,-22000,-22000
055034,建準富邦99購01  ,0,0,0,0,0,0,0,0,0,-22000,0,0,0,30000,52000,-22000,-22000
054058,晶豪科國票98購01,0,0,0,0,0,0,0,0,0,-22000,0,0,0,23000,45000,-22000,-22000
00672L,元大S&P原油正2  ,8000,50000,-42000,0,0,0,0,0,0,20000,0,0,0,100000,80000,20000,-22000
052468,超眾統一96購02  ,0,0,0,0,0,0,0,0,0,-22000,0,0,0,0,22000,-22000,-22000
05272P,臻鼎中信97售03  ,0,0,0,0,0,0,0,0,0,-22000,0,0,0,0,22000,-22000,-22000
056398,南茂永豐98購01  ,0,0,0,0,0,0,0,0,0,-22000,0,0,0,20000,42000,-22000,-22000
059885,台積電國票99購12,0,0,0,0,0,0,0,0,0,-22000,0,0,0,26000,48000,-22000,-22000
059988,大立光元大9A購02,0,0,0,0,0,0,0,0,0,-22000,0,0,0,0,22000,-22000,-22000
056772,欣興元大99購01  ,0,0,0,0,0,0,0,0,0,-22000,0,0,0,34000,56000,-22000,-22000
057293,力成國泰99購01  ,0,0,0,0,0,0,0,0,0,-22000,0,0,0,0,22000,-22000,-22000
057066,緯穎富邦99購01  ,0,0,0,0,0,0,0,0,0,-22000,0,0,0,8000,30000,-22000,-22000
059264,台光電中信99購02,0,0,0,0,0,0,0,0,0,-22000,0,0,0,11000,33000,-22000,-22000
059310,元石油元大99購03,0,0,0,0,0,0,0,0,0,-22000,0,0,0,0,22000,-22000,-22000
05907P,聯發科元富96售05,0,0,0,0,0,0,0,0,0,-22000,0,0,0,8000,30000,-22000,-22000
059159,上銀凱基99購05  ,0,0,0,0,0,0,0,0,0,-22000,0,0,0,0,22000,-22000,-22000
058428,大立光元富99購02,0,0,0,0,0,0,0,0,0,-22000,0,0,0,0,22000,-22000,-22000
057370,可成元大98購07  ,0,0,0,0,0,0,0,0,0,-22000,0,0,0,28000,50000,-22000,-22000
057899,台積電永豐98購04,0,0,0,0,0,0,0,0,0,-22000,0,0,0,0,22000,-22000,-22000
059197,可成永豐99購02  ,0,0,0,0,0,0,0,0,0,-22000,0,0,0,5000,27000,-22000,-22000
07669P,華新科元大9A售14,0,0,0,0,0,0,0,0,0,-22000,0,0,0,19000,41000,-22000,-22000
1417,嘉裕            ,40000,62000,-22000,0,0,0,0,0,0,0,0,0,0,0,0,0,-22000
3050,鈺德            ,13000,35000,-22000,0,0,0,0,0,0,0,0,0,0,0,0,0,-22000
061108,臻鼎元大9A購02  ,0,0,0,0,0,0,0,0,0,-23000,0,0,0,0,23000,-23000,-23000
061577,泰碩元大9A購03  ,0,0,0,0,0,0,0,0,0,-23000,0,0,0,30000,53000,-23000,-23000
061740,華新科凱基03購01,0,0,0,0,0,0,0,0,0,-23000,0,0,0,0,23000,-23000,-23000
06736P,新日興凱基98售03,0,0,0,0,0,0,0,0,0,-23000,0,0,0,14000,37000,-23000,-23000
062256,聯發科元大9B購08,0,0,0,0,0,0,0,0,0,-23000,0,0,0,0,23000,-23000,-23000
062122,國巨統一02購01  ,0,0,0,0,0,0,0,0,0,-23000,0,0,0,137000,160000,-23000,-23000
051907,台積電元大97購05,0,0,0,0,0,0,0,0,0,-23000,0,0,0,0,23000,-23000,-23000
056265,國泰金統一97購01,0,0,0,0,0,0,0,0,0,-23000,0,0,0,0,23000,-23000,-23000
05606P,TPK國票97售02   ,0,0,0,0,0,0,0,0,0,-23000,0,0,0,11000,34000,-23000,-23000
054806,台化元大9A購01  ,0,0,0,0,0,0,0,0,0,-23000,0,0,0,5000,28000,-23000,-23000
055910,瑞昱凱基98購01  ,0,0,0,0,0,0,0,0,0,-23000,0,0,0,0,23000,-23000,-23000
05817P,可成凱基96售07  ,0,0,0,0,0,0,0,0,0,-23000,0,0,0,0,23000,-23000,-23000
058516,健鼎元大99購02  ,0,0,0,0,0,0,0,0,0,-23000,0,0,0,3000,26000,-23000,-23000
057353,玉晶光統一99購01,0,0,0,0,0,0,0,0,0,-23000,0,0,0,27000,50000,-23000,-23000
059032,元石油群益9C購03,0,0,0,0,0,0,0,0,0,-23000,0,0,0,0,23000,-23000,-23000
058014,上銀凱基99購02  ,0,0,0,0,0,0,0,0,0,-23000,0,0,0,0,23000,-23000,-23000
057872,旺宏元大99購06  ,0,0,0,0,0,0,0,0,0,-23000,0,0,0,7000,30000,-23000,-23000
059596,大立光元大99購20,0,0,0,0,0,0,0,0,0,-23000,0,0,0,6000,29000,-23000,-23000
060028,國揚永豐99購01  ,0,0,0,0,0,0,0,0,0,-23000,0,0,0,5000,28000,-23000,-23000
05987P,健策統一96售02  ,0,0,0,0,0,0,0,0,0,-23000,0,0,0,10000,33000,-23000,-23000
060197,臻鼎元富9A購02  ,0,0,0,0,0,0,0,0,0,-23000,0,0,0,215000,238000,-23000,-23000
060266,潤泰全國票9A購01,0,0,0,0,0,0,0,0,0,-23000,0,0,0,3000,26000,-23000,-23000
07997P,上銀凱基9B售04  ,0,0,0,0,0,0,0,0,0,-23000,0,0,0,8000,31000,-23000,-23000
07838P,泰碩元大9A售04  ,0,0,0,0,0,0,0,0,0,-23000,0,0,0,21000,44000,-23000,-23000
3682,亞太電          ,214000,237000,-23000,0,0,0,0,0,0,0,0,0,0,0,0,0,-23000
061937,聯發科國票9B購02,0,0,0,0,0,0,0,0,0,-24000,0,0,0,10000,34000,-24000,-24000
062523,世紀鋼元大9C購03,0,0,0,0,0,0,0,0,0,-24000,0,0,0,0,24000,-24000,-24000
06698P,玉晶光國票99售05,0,0,0,0,0,0,0,0,0,-24000,0,0,0,6000,30000,-24000,-24000
07129P,華新科元大99售14,0,0,0,0,0,0,0,0,0,-24000,0,0,0,106000,130000,-24000,-24000
061707,超眾國票9B購01  ,0,0,0,0,0,0,0,0,0,-24000,0,0,0,85000,109000,-24000,-24000
061042,致新永豐9A購02  ,0,0,0,0,0,0,0,0,0,-24000,0,0,0,287000,311000,-24000,-24000
060868,致伸永豐9A購01  ,0,0,0,0,0,0,0,0,0,-24000,0,0,0,41000,65000,-24000,-24000
058194,勤誠永豐99購01  ,0,0,0,0,0,0,0,0,0,-24000,0,0,0,306000,330000,-24000,-24000
055327,致新國票98購01  ,0,0,0,0,0,0,0,0,0,-24000,0,0,0,124000,148000,-24000,-24000
00650L,FH香港正2       ,15000,11000,4000,0,0,0,0,0,0,-28000,0,0,0,148000,176000,-28000,-24000
03840P,台積電統一99售02,0,0,0,0,0,0,0,0,0,-24000,0,0,0,0,24000,-24000,-24000
051422,超眾國票96購01  ,0,0,0,0,0,0,0,0,0,-24000,0,0,0,0,24000,-24000,-24000
059863,和大凱基99購01  ,0,0,0,0,0,0,0,0,0,-24000,0,0,0,7000,31000,-24000,-24000
058115,台光電中信99購01,0,0,0,0,0,0,0,0,0,-24000,0,0,0,0,24000,-24000,-24000
056851,瑞儀元富98購01  ,0,0,0,0,0,0,0,0,0,-24000,0,0,0,98000,122000,-24000,-24000
058741,欣興日盛99購01  ,0,0,0,0,0,0,0,0,0,-24000,0,0,0,11000,35000,-24000,-24000
058803,世紀鋼元大99購03,0,0,0,0,0,0,0,0,0,-24000,0,0,0,145000,169000,-24000,-24000
059192,臺股指富邦9C購01,0,0,0,0,0,0,0,0,0,-24000,0,0,0,5030000,5054000,-24000,-24000
07653P,華新科群益9A售05,0,0,0,0,0,0,0,0,0,-24000,0,0,0,202000,226000,-24000,-24000
07227P,聯發科元富99售05,0,0,0,0,0,0,0,0,0,-24000,0,0,0,16000,40000,-24000,-24000
07362P,聯發科元大99售35,0,0,0,0,0,0,0,0,0,-24000,0,0,0,0,24000,-24000,-24000
07999P,台達電凱基9B售02,0,0,0,0,0,0,0,0,0,-24000,0,0,0,0,24000,-24000,-24000
2495,普安            ,18000,42000,-24000,0,0,0,0,0,0,0,0,0,0,0,0,0,-24000
061051,臺股指中信9A購06,0,0,0,0,0,0,0,0,0,-25000,0,0,0,0,25000,-25000,-25000
060657,旺宏統一9B購05  ,0,0,0,0,0,0,0,0,0,-25000,0,0,0,0,25000,-25000,-25000
060620,玉晶光元大9A購04,0,0,0,0,0,0,0,0,0,-25000,0,0,0,25000,50000,-25000,-25000
061683,台灣50群益9B購09,0,0,0,0,0,0,0,0,0,-25000,0,0,0,0,25000,-25000,-25000
061605,華新科凱基9A購14,0,0,0,0,0,0,0,0,0,-25000,0,0,0,0,25000,-25000,-25000
061606,景碩凱基9A購02  ,0,0,0,0,0,0,0,0,0,-25000,0,0,0,0,25000,-25000,-25000
061457,TPK凱基9A購01   ,0,0,0,0,0,0,0,0,0,-25000,0,0,0,0,25000,-25000,-25000
061424,華新科元大9A購18,0,0,0,0,0,0,0,0,0,-25000,0,0,0,25000,50000,-25000,-25000
061279,鴻海統一9C購04  ,0,0,0,0,0,0,0,0,0,-25000,0,0,0,31000,56000,-25000,-25000
06725P,聯電元富98售01  ,0,0,0,0,0,0,0,0,0,-25000,0,0,0,102000,127000,-25000,-25000
06590P,大立光元大98售13,0,0,0,0,0,0,0,0,0,-25000,0,0,0,0,25000,-25000,-25000
062226,臻鼎統一9B購01  ,250000,0,250000,0,0,0,0,0,0,-275000,0,0,0,0,275000,-275000,-25000
062143,大成鋼國票9B購01,0,0,0,0,0,0,0,0,0,-25000,0,0,0,19000,44000,-25000,-25000
053723,奇鋐凱基98購01  ,0,0,0,0,0,0,0,0,0,-25000,0,0,0,0,25000,-25000,-25000
053500,新日興兆豐97購01,0,0,0,0,0,0,0,0,0,-25000,0,0,0,0,25000,-25000,-25000
03857P,聯發科元富99售02,0,0,0,0,0,0,0,0,0,-25000,0,0,0,0,25000,-25000,-25000
049272,世紀鋼元大96購02,0,0,0,0,0,0,0,0,0,-25000,0,0,0,5000,30000,-25000,-25000
050099,台積電永昌96購01,0,0,0,0,0,0,0,0,0,-25000,0,0,0,0,25000,-25000,-25000
056431,鴻海凱基98購07  ,0,0,0,0,0,0,0,0,0,-25000,0,0,0,0,25000,-25000,-25000
053129,緯穎凱基96購01  ,0,0,0,0,0,0,0,0,0,-25000,0,0,0,10000,35000,-25000,-25000
053298,SP黃豆凱基99購01,0,0,0,0,0,0,0,0,0,-25000,0,0,0,0,25000,-25000,-25000
058326,祥碩台新99購01  ,0,0,0,0,0,0,0,0,0,-25000,0,0,0,0,25000,-25000,-25000
05830P,滬深2X元富99售03,0,0,0,0,0,0,0,0,0,-25000,0,0,0,25000,50000,-25000,-25000
055732,全新元富9A購01  ,0,0,0,0,0,0,0,0,0,-25000,0,0,0,0,25000,-25000,-25000
055128,致新兆豐97購01  ,0,0,0,0,0,0,0,0,0,-25000,0,0,0,10000,35000,-25000,-25000
055598,欣興元大97購03  ,0,0,0,0,0,0,0,0,0,-25000,0,0,0,5000,30000,-25000,-25000
056165,矽力凱基98購02  ,0,0,0,0,0,0,0,0,0,-25000,0,0,0,10000,35000,-25000,-25000
056103,聯發科永豐97購03,0,0,0,0,0,0,0,0,0,-25000,0,0,0,0,25000,-25000,-25000
056335,微星凱基98購01  ,0,0,0,0,0,0,0,0,0,-25000,0,0,0,15000,40000,-25000,-25000
058230,國巨元大99購11  ,0,0,0,0,0,0,0,0,0,-25000,0,0,0,0,25000,-25000,-25000
057431,京鼎兆豐98購02  ,0,0,0,0,0,0,0,0,0,-25000,0,0,0,0,25000,-25000,-25000
056581,超眾元大99購01  ,0,0,0,0,0,0,0,0,0,-25000,0,0,0,22000,47000,-25000,-25000
059014,SGBR2X元富03購01,0,0,0,0,0,0,0,0,0,-25000,0,0,0,1000,26000,-25000,-25000
057161,亞德客元大98購02,0,0,0,0,0,0,0,0,0,-25000,0,0,0,76000,101000,-25000,-25000
057125,國巨凱基98購12  ,0,0,0,0,0,0,0,0,0,-25000,0,0,0,5000,30000,-25000,-25000
056963,建準永豐98購01  ,0,0,0,0,0,0,0,0,0,-25000,0,0,0,0,25000,-25000,-25000
056951,牧德統一99購01  ,0,0,0,0,0,0,0,0,0,-25000,0,0,0,0,25000,-25000,-25000
056688,聯詠統一98購01  ,0,0,0,0,0,0,0,0,0,-25000,0,0,0,0,25000,-25000,-25000
059611,台積電永豐99購05,0,0,0,0,0,0,0,0,0,-25000,0,0,0,0,25000,-25000,-25000
058151,台積電統一9A購04,0,0,0,0,0,0,0,0,0,-25000,0,0,0,0,25000,-25000,-25000
059687,卜蜂永豐99購01  ,0,0,0,0,0,0,0,0,0,-25000,0,0,0,15000,40000,-25000,-25000
059676,台積電台新99購05,0,0,0,0,0,0,0,0,0,-25000,0,0,0,0,25000,-25000,-25000
060034,立積永豐99購04  ,0,0,0,0,0,0,0,0,0,-25000,0,0,0,10000,35000,-25000,-25000
060088,國巨元大99購30  ,0,0,0,0,0,0,0,0,0,-25000,0,0,0,0,25000,-25000,-25000
060384,葡萄王凱基9B購01,0,0,0,0,0,0,0,0,0,-25000,0,0,0,0,25000,-25000,-25000
060477,和潤元大9A購01  ,0,0,0,0,0,0,0,0,0,-25000,0,0,0,94000,119000,-25000,-25000
06047P,聯發科富邦99售04,0,0,0,0,0,0,0,0,0,-25000,0,0,0,5000,30000,-25000,-25000
07819P,旺宏國票9B售01  ,0,0,0,0,0,0,0,0,0,-25000,0,0,0,136000,161000,-25000,-25000
06582P,可成凱基98售06  ,0,0,0,0,0,0,0,0,0,-26000,0,0,0,0,26000,-26000,-26000
062709,帆宣元大9B購01  ,0,0,0,0,0,0,0,0,0,-26000,0,0,0,0,26000,-26000,-26000
062738,可成國票9B購02  ,0,0,0,0,0,0,0,0,0,-26000,0,0,0,0,26000,-26000,-26000
062638,茂林國票9C購01  ,0,0,0,0,0,0,0,0,0,-26000,0,0,0,0,26000,-26000,-26000
07123P,鴻海元大99售23  ,0,0,0,0,0,0,0,0,0,-26000,0,0,0,0,26000,-26000,-26000
061375,華通永豐9A購02  ,0,0,0,0,0,0,0,0,0,-26000,0,0,0,0,26000,-26000,-26000
061611,南六統一01購01  ,0,0,0,0,0,0,0,0,0,-26000,0,0,0,64000,90000,-26000,-26000
061155,華新科群益9A購06,0,0,0,0,0,0,0,0,0,-26000,0,0,0,30000,56000,-26000,-26000
06090P,旺宏統一97售06  ,0,0,0,0,0,0,0,0,0,-26000,0,0,0,6000,32000,-26000,-26000
056488,致新元大99購01  ,0,0,0,0,0,0,0,0,0,-26000,0,0,0,182000,208000,-26000,-26000
051736,旺宏國票96購01  ,0,0,0,0,0,0,0,0,0,-26000,0,0,0,0,26000,-26000,-26000
051193,新日興兆豐96購01,0,0,0,0,0,0,0,0,0,-26000,0,0,0,100000,126000,-26000,-26000
060295,貿聯元大9A購03  ,0,0,0,0,0,0,0,0,0,-26000,0,0,0,0,26000,-26000,-26000
060208,卜蜂康和9A購01  ,0,0,0,0,0,0,0,0,0,-26000,0,0,0,4000,30000,-26000,-26000
060221,大立光凱基9A購07,0,0,0,0,0,0,0,0,0,-26000,0,0,0,5000,31000,-26000,-26000
06018P,康控凱基96售03  ,0,0,0,0,0,0,0,0,0,-26000,0,0,0,12000,38000,-26000,-26000
060011,臺股指群益9C購06,0,0,0,0,0,0,0,0,0,-26000,0,0,0,0,26000,-26000,-26000
059919,宏達電元大99購06,0,0,0,0,0,0,0,0,0,-26000,0,0,0,21000,47000,-26000,-26000
056700,華新科國泰99購03,0,0,0,0,0,0,0,0,0,-26000,0,0,0,0,26000,-26000,-26000
05706P,TPK永豐96售02   ,0,0,0,0,0,0,0,0,0,-26000,0,0,0,4000,30000,-26000,-26000
059074,元油2X元大9C購15,0,0,0,0,0,0,0,0,0,-26000,0,0,0,0,26000,-26000,-26000
056512,易華電永豐98購01,0,0,0,0,0,0,0,0,0,-26000,0,0,0,0,26000,-26000,-26000
07642P,華通凱基9A售05  ,0,0,0,0,0,0,0,0,0,-26000,0,0,0,10000,36000,-26000,-26000
07352P,台積電國票99售11,0,0,0,0,0,0,0,0,0,-26000,0,0,0,76000,102000,-26000,-26000
07555P,玉晶光元大9A售07,0,0,0,0,0,0,0,0,0,-26000,0,0,0,50000,76000,-26000,-26000
2030,彰源            ,13000,39000,-26000,0,0,0,0,0,0,0,0,0,0,0,0,0,-26000
8016,矽創            ,214000,182000,32000,0,0,0,0,73000,-73000,15000,4000,0,4000,13000,2000,11000,-26000
061087,國巨統一01購04  ,0,0,0,0,0,0,0,0,0,-27000,0,0,0,143000,170000,-27000,-27000
06057P,大立光凱基98售01,0,0,0,0,0,0,0,0,0,-27000,0,0,0,0,27000,-27000,-27000
061643,嘉澤元大9A購05  ,0,0,0,0,0,0,0,0,0,-27000,0,0,0,142000,169000,-27000,-27000
061569,旺宏元大9A購14  ,0,0,0,0,0,0,0,0,0,-27000,0,0,0,0,27000,-27000,-27000
061431,鈺齊元大9A購01  ,0,0,0,0,0,0,0,0,0,-27000,0,0,0,20000,47000,-27000,-27000
06994P,台光電凱基99售02,0,0,0,0,0,0,0,0,0,-27000,0,0,0,0,27000,-27000,-27000
06369P,台積電凱基97售16,0,0,0,0,0,0,0,0,0,-27000,0,0,0,65000,92000,-27000,-27000
062154,國巨凱基9C購02  ,0,0,0,0,0,0,0,0,0,-27000,0,0,0,0,27000,-27000,-27000
062068,滬深2X元大9B購02,0,0,0,0,0,0,0,0,0,-27000,0,0,0,0,27000,-27000,-27000
062089,矽創元大9B購02  ,0,0,0,0,0,0,0,0,0,-27000,0,0,0,63000,90000,-27000,-27000
061980,聯發科元大9B購01,0,0,0,0,0,0,0,0,0,-27000,0,0,0,0,27000,-27000,-27000
04633P,旺宏群益96售04  ,0,0,0,0,0,0,0,0,0,-27000,0,0,0,20000,47000,-27000,-27000
055872,亞泥元富97購01  ,0,0,0,0,0,0,0,0,0,-27000,0,0,0,27000,54000,-27000,-27000
058914,元油2X元富01購02,0,0,0,0,0,0,0,0,0,-27000,0,0,0,0,27000,-27000,-27000
057901,大立光永豐98購04,0,0,0,0,0,0,0,0,0,-27000,0,0,0,0,27000,-27000,-27000
056578,智易元大99購02  ,0,0,0,0,0,0,0,0,0,-27000,0,0,0,22000,49000,-27000,-27000
057136,立積凱基98購02  ,0,0,0,0,0,0,0,0,0,-27000,0,0,0,2000,29000,-27000,-27000
059732,超眾元大9A購01  ,0,0,0,0,0,0,0,0,0,-27000,0,0,0,63000,90000,-27000,-27000
059866,國巨凱基99購18  ,0,0,0,0,0,0,0,0,0,-27000,0,0,0,6000,33000,-27000,-27000
060232,友訊元大9C購01  ,0,0,0,0,0,0,0,0,0,-27000,0,0,0,51000,78000,-27000,-27000
060294,嘉澤元大9A購01  ,0,0,0,0,0,0,0,0,0,-27000,0,0,0,0,27000,-27000,-27000
061986,晶豪科元大9B購01,0,0,0,0,0,0,0,0,0,-28000,0,0,0,10000,38000,-28000,-28000
061857,康友國票9B購01  ,0,0,0,0,0,0,0,0,0,-28000,0,0,0,20000,48000,-28000,-28000
062584,鴻海統一9C購13  ,0,0,0,0,0,0,0,0,0,-28000,0,0,0,0,28000,-28000,-28000
06514P,國巨凱基98售05  ,0,0,0,0,0,0,0,0,0,-28000,0,0,0,3000,31000,-28000,-28000
061703,信邦國票9A購01  ,0,0,0,0,0,0,0,0,0,-28000,0,0,0,0,28000,-28000,-28000
06169P,華新科元富97售02,0,0,0,0,0,0,0,0,0,-28000,0,0,0,128000,156000,-28000,-28000
060572,景碩永豐9A購01  ,0,0,0,0,0,0,0,0,0,-28000,0,0,0,10000,38000,-28000,-28000
054304,台積電凱基96購23,0,0,0,0,0,0,0,0,0,-28000,0,0,0,2000,30000,-28000,-28000
055781,聯詠凱基98購01  ,0,0,0,0,0,0,0,0,0,-28000,0,0,0,2000,30000,-28000,-28000
055436,晶豪科中信99購01,0,0,0,0,0,0,0,0,0,-28000,0,0,0,2000,30000,-28000,-28000
056029,國巨麥證98購01  ,0,0,0,0,28000,-28000,0,0,0,-28000,0,0,0,0,28000,-28000,-28000
047417,台塑富邦97購01  ,0,0,0,0,0,0,0,0,0,-28000,0,0,0,0,28000,-28000,-28000
03094X,大立光元大68展08,0,0,0,0,0,0,0,0,0,-28000,0,0,0,0,28000,-28000,-28000
00700,富邦恒生國企    ,0,0,0,0,0,0,0,0,0,-28000,0,0,0,90000,118000,-28000,-28000
00783,富邦中証500     ,71000,41000,30000,0,0,0,0,0,0,-58000,0,0,0,1071000,1129000,-58000,-28000
060355,元金2X元富9C購01,0,0,0,0,0,0,0,0,0,-28000,0,0,0,169000,197000,-28000,-28000
059947,貿聯永豐99購03  ,0,0,0,0,0,0,0,0,0,-28000,0,0,0,10000,38000,-28000,-28000
05955P,台光電國票97售02,0,0,0,0,0,0,0,0,0,-28000,0,0,0,65000,93000,-28000,-28000
059563,鴻海凱基9A購14  ,0,0,0,0,0,0,0,0,0,-28000,0,0,0,8000,36000,-28000,-28000
056747,致新凱基99購01  ,0,0,0,0,0,0,0,0,0,-28000,0,0,0,120000,148000,-28000,-28000
057241,超眾凱基99購02  ,0,0,0,0,0,0,0,0,0,-28000,0,0,0,0,28000,-28000,-28000
059087,台積電元大99購26,0,0,0,0,0,0,0,0,0,-28000,0,0,0,4000,32000,-28000,-28000
057888,貿聯群益98購02  ,0,0,0,0,0,0,0,0,0,-28000,0,0,0,0,28000,-28000,-28000
057402,嘉晶群益98購02  ,0,0,0,0,0,0,0,0,0,-28000,0,0,0,22000,50000,-28000,-28000
2009,第一銅          ,22000,50000,-28000,0,0,0,0,0,0,0,0,0,0,0,0,0,-28000
3094,聯傑            ,23000,51000,-28000,0,0,0,0,0,0,0,0,0,0,0,0,0,-28000
3028,增你強          ,20000,48000,-28000,0,0,0,0,0,0,0,0,0,0,0,0,0,-28000
3033,威健            ,16000,44000,-28000,0,0,0,0,0,0,0,0,0,0,0,0,0,-28000
07580P,緯穎元大9A售03  ,0,0,0,0,0,0,0,0,0,-28000,0,0,0,37000,65000,-28000,-28000
07678P,大立光群益9A售03,0,0,0,0,0,0,0,0,0,-28000,0,0,0,0,28000,-28000,-28000
07887P,台積電國票9C售03,0,0,0,0,0,0,0,0,0,-28000,0,0,0,0,28000,-28000,-28000
4994,傳奇            ,53800,23000,30800,0,0,0,0,0,0,-59000,3000,62000,-59000,0,0,0,-28200
060874,中鋼中信02購01  ,0,0,0,0,0,0,0,0,0,-29000,0,0,0,1000,30000,-29000,-29000
061637,華新科元大9A購22,0,0,0,0,0,0,0,0,0,-29000,0,0,0,39000,68000,-29000,-29000
061939,中租國票9B購01  ,0,0,0,0,0,0,0,0,0,-29000,0,0,0,0,29000,-29000,-29000
062078,聯發科元大9B購05,0,0,0,0,0,0,0,0,0,-29000,0,0,0,0,29000,-29000,-29000
053694,創意元大96購03  ,0,0,0,0,0,0,0,0,0,-29000,0,0,0,65000,94000,-29000,-29000
055240,京元電元富97購01,0,0,0,0,0,0,0,0,0,-29000,0,0,0,86000,115000,-29000,-29000
056301,開發金元大9A購01,0,0,0,0,0,0,0,0,0,-29000,0,0,0,71000,100000,-29000,-29000
055449,超眾統一9A購01  ,0,0,0,0,0,0,0,0,0,-29000,0,0,0,40000,69000,-29000,-29000
058846,鴻海群益99購03  ,0,0,0,0,0,0,0,0,0,-29000,0,0,0,11000,40000,-29000,-29000
057298,旭富永豐98購01  ,0,0,0,0,0,0,0,0,0,-29000,0,0,0,161000,190000,-29000,-29000
05757P,旺宏永豐96售03  ,0,0,0,0,0,0,0,0,0,-29000,0,0,0,5000,34000,-29000,-29000
059692,聯詠永豐99購01  ,0,0,0,0,0,0,0,0,0,-29000,0,0,0,22000,51000,-29000,-29000
8114,振樺電          ,4000,33000,-29000,0,0,0,0,0,0,0,0,0,0,0,0,0,-29000
07912P,玉晶光統一9B售02,0,0,0,0,0,0,0,0,0,-29000,0,0,0,3000,32000,-29000,-29000
07972P,大立光統一9C售05,0,0,0,0,0,0,0,0,0,-29000,0,0,0,5000,34000,-29000,-29000
07834P,聯詠群益9A售03  ,0,0,0,0,0,0,0,0,0,-29000,0,0,0,108000,137000,-29000,-29000
07767P,華新科群益9A售07,0,0,0,0,0,0,0,0,0,-29000,0,0,0,50000,79000,-29000,-29000
1582,信錦            ,57000,26000,31000,0,0,0,0,0,0,-60000,2000,62000,-60000,0,0,0,-29000
062056,國巨統一9C購08  ,0,0,0,0,0,0,0,0,0,-30000,0,0,0,0,30000,-30000,-30000
062113,瑞祺國票9B購01  ,0,0,0,0,0,0,0,0,0,-30000,0,0,0,1000,31000,-30000,-30000
061884,臺股指元大9B購18,0,0,0,0,0,0,0,0,0,-30000,0,0,0,0,30000,-30000,-30000
062241,滬深2X元大9B購03,0,0,0,0,0,0,0,0,0,-30000,0,0,0,0,30000,-30000,-30000
062314,玉晶光凱基9B購06,0,0,0,0,0,0,0,0,0,-30000,0,0,0,14000,44000,-30000,-30000
062517,滬深2X元大9B購05,0,0,0,0,0,0,0,0,0,-30000,0,0,0,0,30000,-30000,-30000
062500,國巨群益01購01  ,0,0,0,0,0,0,0,0,0,-30000,0,0,0,12000,42000,-30000,-30000
06461P,玉晶光國泰9A售01,0,0,0,0,0,0,0,0,0,-30000,0,0,0,1000,31000,-30000,-30000
06370P,貿聯凱基97售03  ,0,0,0,0,0,0,0,0,0,-30000,0,0,0,10000,40000,-30000,-30000
062739,嘉晶國票9B購02  ,0,0,0,0,0,0,0,0,0,-30000,0,0,0,0,30000,-30000,-30000
062658,聯茂第一9B購01  ,0,0,0,0,0,0,0,0,0,-30000,0,0,0,0,30000,-30000,-30000
061662,瑞儀永豐9A購02  ,0,0,0,0,0,0,0,0,0,-30000,0,0,0,10000,40000,-30000,-30000
061684,T50反1群益9A購06,0,0,0,0,0,0,0,0,0,-30000,0,0,0,10000,40000,-30000,-30000
061685,道瓊反群益9A購03,0,0,0,0,0,0,0,0,0,-30000,0,0,0,20000,50000,-30000,-30000
061726,台積電麥證9A購05,0,0,0,50000,80000,-30000,0,0,0,-30000,0,0,0,50000,80000,-30000,-30000
061787,華新科群益9C購01,0,0,0,0,0,0,0,0,0,-30000,0,0,0,0,30000,-30000,-30000
061764,旺宏元大9B購01  ,0,0,0,0,0,0,0,0,0,-30000,0,0,0,50000,80000,-30000,-30000
060843,大立光國票9A購06,0,0,0,0,0,0,0,0,0,-30000,0,0,0,0,30000,-30000,-30000
060578,臺股指中信9C購03,0,0,0,0,0,0,0,0,0,-30000,0,0,0,0,30000,-30000,-30000
060640,京鼎永豐9A購01  ,0,0,0,0,0,0,0,0,0,-30000,0,0,0,56000,86000,-30000,-30000
060557,南電凱基9A購02  ,0,0,0,0,0,0,0,0,0,-30000,0,0,0,0,30000,-30000,-30000
060498,華通元大9A購03  ,0,0,0,0,0,0,0,0,0,-30000,0,0,0,0,30000,-30000,-30000
055373,聯詠元大97購03  ,0,0,0,0,0,0,0,0,0,-30000,0,0,0,0,30000,-30000,-30000
054834,帆宣中信97購01  ,0,0,0,0,0,0,0,0,0,-30000,0,0,0,0,30000,-30000,-30000
055505,新唐元大97購02  ,0,0,0,0,0,0,0,0,0,-30000,0,0,0,0,30000,-30000,-30000
054539,欣興國票98購01  ,0,0,0,0,0,0,0,0,0,-30000,0,0,0,0,30000,-30000,-30000
056285,可成永豐97購02  ,0,0,0,0,0,0,0,0,0,-30000,0,0,0,0,30000,-30000,-30000
056047,台積電兆豐97購02,0,0,0,0,0,0,0,0,0,-30000,0,0,0,0,30000,-30000,-30000
056010,力成中信97購01  ,0,0,0,0,0,0,0,0,0,-30000,0,0,0,0,30000,-30000,-30000
056132,台光電元大97購03,0,0,0,0,0,0,0,0,0,-30000,0,0,0,0,30000,-30000,-30000
056224,聯發科凱基97購08,0,0,0,0,0,0,0,0,0,-30000,0,0,0,0,30000,-30000,-30000
054609,正崴永豐97購01  ,0,0,0,0,0,0,0,0,0,-30000,0,0,0,0,30000,-30000,-30000
054335,緯穎永豐96購02  ,0,0,0,0,0,0,0,0,0,-30000,0,0,0,10000,40000,-30000,-30000
055900,瀚宇博中信97購01,0,0,0,0,0,0,0,0,0,-30000,0,0,0,0,30000,-30000,-30000
055703,緯穎富邦98購01  ,0,0,0,0,0,0,0,0,0,-30000,0,0,0,37000,67000,-30000,-30000
058178,國巨國泰9A購02  ,0,0,0,0,0,0,0,0,0,-30000,0,0,0,0,30000,-30000,-30000
055227,聯發科國票98購02,0,0,0,0,0,0,0,0,0,-30000,0,0,0,48000,78000,-30000,-30000
052851,滬深2X元富96購02,0,0,0,0,0,0,0,0,0,-30000,0,0,0,0,30000,-30000,-30000
052738,聯電元大98購02  ,0,0,0,0,0,0,0,0,0,-30000,0,0,0,100000,130000,-30000,-30000
052599,S&P反1元大96購01,0,0,0,0,0,0,0,0,0,-30000,0,0,0,0,30000,-30000,-30000
05375P,健策國票96售02  ,0,0,0,0,0,0,0,0,0,-30000,0,0,0,0,30000,-30000,-30000
052295,揚明光國票96購03,0,0,0,0,0,0,0,0,0,-30000,0,0,0,0,30000,-30000,-30000
053281,茂林元大96購02  ,0,0,0,0,0,0,0,0,0,-30000,0,0,0,0,30000,-30000,-30000
05358P,大立光元大95售09,0,0,0,0,0,0,0,0,0,-30000,0,0,0,100000,130000,-30000,-30000
051562,玉晶光國泰97購05,0,0,0,0,0,0,0,0,0,-30000,0,0,0,0,30000,-30000,-30000
046384,群創凱基98購02  ,0,0,0,0,0,0,0,0,0,-30000,0,0,0,0,30000,-30000,-30000
04437P,滬深2X群益98售03,0,0,0,0,0,0,0,0,0,-30000,0,0,0,0,30000,-30000,-30000
059672,滬深2X元富99購06,0,0,0,0,0,0,0,0,0,-30000,0,0,0,0,30000,-30000,-30000
057789,上銀統一9A購01  ,0,0,0,0,0,0,0,0,0,-30000,0,0,0,53000,83000,-30000,-30000
057794,T50反1兆豐99購02,0,0,0,0,0,0,0,0,0,-30000,0,0,0,0,30000,-30000,-30000
058110,光寶科元富98購01,0,0,0,0,0,0,0,0,0,-30000,0,0,0,0,30000,-30000,-30000
058096,南電元大98購04  ,0,0,0,0,0,0,0,0,0,-30000,0,0,0,0,30000,-30000,-30000
059870,全新凱基99購05  ,0,0,0,0,0,0,0,0,0,-30000,0,0,0,0,30000,-30000,-30000
059824,大立光凱基99購13,0,0,0,0,0,0,0,0,0,-30000,0,0,0,0,30000,-30000,-30000
059786,全新元大99購06  ,0,0,0,0,0,0,0,0,0,-30000,0,0,0,2000,32000,-30000,-30000
059925,可成國泰9B購01  ,0,0,0,0,0,0,0,0,0,-30000,0,0,0,0,30000,-30000,-30000
060290,興富發元大9C購01,0,0,0,0,0,0,0,0,0,-30000,0,0,0,85000,115000,-30000,-30000
057029,緯穎凱基98購04  ,0,0,0,0,0,0,0,0,0,-30000,0,0,0,7000,37000,-30000,-30000
057101,新光金中信9A購01,0,0,0,0,0,0,0,0,0,-30000,0,0,0,0,30000,-30000,-30000
057248,台積電統一98購08,0,0,0,0,0,0,0,0,0,-30000,0,0,0,0,30000,-30000,-30000
057275,友達元大9A購04  ,0,0,0,0,0,0,0,0,0,-30000,0,0,0,0,30000,-30000,-30000
057276,全新元大99購03  ,0,0,0,0,0,0,0,0,0,-30000,0,0,0,0,30000,-30000,-30000
059138,台積電兆豐99購04,0,0,0,0,0,0,0,0,0,-30000,0,0,0,0,30000,-30000,-30000
056637,台光電日盛9A購01,0,0,0,0,0,0,0,0,0,-30000,0,0,0,0,30000,-30000,-30000
059309,滬深2X元大99購02,0,0,0,0,0,0,0,0,0,-30000,0,0,0,0,30000,-30000,-30000
059334,A50正2國票9A購02,0,0,0,0,0,0,0,0,0,-30000,0,0,0,0,30000,-30000,-30000
059287,華通元富99購03  ,0,0,0,0,0,0,0,0,0,-30000,0,0,0,0,30000,-30000,-30000
058222,玉晶光統一9B購01,0,0,0,0,0,0,0,0,0,-30000,0,0,0,0,30000,-30000,-30000
058264,瑞昱永豐99購01  ,0,0,0,0,0,0,0,0,0,-30000,0,0,0,0,30000,-30000,-30000
057354,聯鈞統一99購03  ,0,0,0,0,0,0,0,0,0,-30000,0,0,0,20000,50000,-30000,-30000
056553,啟碁凱基98購02  ,0,0,0,0,0,0,0,0,0,-30000,0,0,0,0,30000,-30000,-30000
056555,矽創凱基98購01  ,0,0,0,0,0,0,0,0,0,-30000,0,0,0,0,30000,-30000,-30000
058972,新日興永豐9A購01,0,0,0,0,0,0,0,0,0,-30000,0,0,0,0,30000,-30000,-30000
1612,宏泰            ,3000,33000,-30000,0,0,0,0,0,0,0,0,0,0,0,0,0,-30000
1808,潤隆            ,34000,70000,-36000,0,0,0,0,0,0,6000,6000,0,6000,0,0,0,-30000
1325,恆大            ,0,16000,-16000,0,0,0,0,0,0,-14000,0,14000,-14000,0,0,0,-30000
07928P,國巨統一9B售09  ,0,0,0,0,0,0,0,0,0,-30000,0,0,0,0,30000,-30000,-30000
07894P,燿華元大9B售01  ,0,0,0,0,0,0,0,0,0,-30000,0,0,0,171000,201000,-30000,-30000
07428P,華新科國票9A售01,0,0,0,0,0,0,0,0,0,-30000,0,0,0,0,30000,-30000,-30000
07322P,鴻海元大99售33  ,0,0,0,0,0,0,0,0,0,-30000,0,0,0,56000,86000,-30000,-30000
07325P,台積電元大99售41,0,0,0,0,0,0,0,0,0,-30000,0,0,0,0,30000,-30000,-30000
07290P,台灣50凱基9A售08,0,0,0,0,0,0,0,0,0,-30000,0,0,0,0,30000,-30000,-30000
07175P,聯詠凱基99售02  ,0,0,0,0,0,0,0,0,0,-30000,0,0,0,0,30000,-30000,-30000
062659,台灣50群益9B購10,0,0,0,0,0,0,0,0,0,-31000,0,0,0,0,31000,-31000,-31000
062604,東元凱基9B購01  ,0,0,0,0,0,0,0,0,0,-31000,0,0,0,0,31000,-31000,-31000
06584P,欣興凱基98售03  ,0,0,0,0,0,0,0,0,0,-31000,0,0,0,0,31000,-31000,-31000
062333,嘉晶統一9C購01  ,0,0,0,0,0,0,0,0,0,-31000,0,0,0,28000,59000,-31000,-31000
062188,貿聯元大9B購02  ,0,0,0,0,0,0,0,0,0,-31000,0,0,0,0,31000,-31000,-31000
05123P,鴻海永昌96售07  ,0,0,0,0,0,0,0,0,0,-31000,0,0,0,1000,32000,-31000,-31000
058196,台塑中信99購01  ,0,0,0,0,0,0,0,0,0,-31000,0,0,0,126000,157000,-31000,-31000
05937P,台積電凱基96售21,0,0,0,0,0,0,0,0,0,-31000,0,0,0,23000,54000,-31000,-31000
059459,訊芯永豐99購04  ,0,0,0,0,0,0,0,0,0,-31000,0,0,0,56000,87000,-31000,-31000
057424,訊芯凱基98購04  ,0,0,0,0,0,0,0,0,0,-31000,0,0,0,57000,88000,-31000,-31000
059213,國巨元大99購19  ,0,0,0,0,0,0,0,0,0,-31000,0,0,0,45000,76000,-31000,-31000
057260,微星兆豐98購01  ,0,0,0,0,0,0,0,0,0,-31000,0,0,0,29000,60000,-31000,-31000
060423,智易永豐9A購01  ,0,0,0,0,0,0,0,0,0,-31000,0,0,0,0,31000,-31000,-31000
059681,華新科國泰9B購02,0,0,0,0,0,0,0,0,0,-31000,0,0,0,26000,57000,-31000,-31000
057609,友訊元富98購01  ,0,0,0,0,0,0,0,0,0,-31000,0,0,0,135000,166000,-31000,-31000
2496,卓越            ,14000,45000,-31000,0,0,0,0,0,0,0,0,0,0,0,0,0,-31000
1340,勝悅-KY         ,0,31600,-31600,0,0,0,0,0,0,0,0,0,0,0,0,0,-31600
062363,燿華元大9B購03  ,0,0,0,0,0,0,0,0,0,-32000,0,0,0,0,32000,-32000,-32000
062428,超眾統一9B購01  ,0,0,0,0,0,0,0,0,0,-32000,0,0,0,0,32000,-32000,-32000
062108,晶豪科國票9B購01,0,0,0,0,0,0,0,0,0,-32000,0,0,0,95000,127000,-32000,-32000
06425P,TPK永豐97售02   ,0,0,0,0,0,0,0,0,0,-32000,0,0,0,0,32000,-32000,-32000
06685P,鴻海國泰9A售01  ,0,0,0,0,0,0,0,0,0,-32000,0,0,0,146000,178000,-32000,-32000
061151,友訊群益9A購01  ,0,0,0,0,0,0,0,0,0,-32000,0,0,0,0,32000,-32000,-32000
058462,台積電兆豐99購01,0,0,0,0,0,0,0,0,0,-32000,0,0,0,0,32000,-32000,-32000
055468,智邦凱基97購04  ,0,0,0,0,0,0,0,0,0,-32000,0,0,0,20000,52000,-32000,-32000
03445B,臺股指元大02熊01,0,0,0,0,0,0,0,0,0,-32000,0,0,0,27000,59000,-32000,-32000
05320P,華通凱基96售03  ,0,0,0,0,0,0,0,0,0,-32000,0,0,0,14000,46000,-32000,-32000
052488,旺宏國票96購03  ,0,0,0,0,0,0,0,0,0,-32000,0,0,0,0,32000,-32000,-32000
055305,旺宏群益99購01  ,0,0,0,0,0,0,0,0,0,-32000,0,0,0,1000,33000,-32000,-32000
058735,南茂永豐99購01  ,0,0,0,0,0,0,0,0,0,-32000,0,0,0,0,32000,-32000,-32000
059700,鴻海凱基9A購16  ,0,0,0,0,0,0,0,0,0,-32000,0,0,0,0,32000,-32000,-32000
060134,鈺齊群益9A購01  ,0,0,0,0,0,0,0,0,0,-32000,0,0,0,0,32000,-32000,-32000
05923P,旺宏元富96售05  ,0,0,0,0,0,0,0,0,0,-32000,0,0,0,6000,38000,-32000,-32000
058823,聯發科富邦9C購01,0,0,0,0,0,0,0,0,0,-32000,0,0,0,0,32000,-32000,-32000
2367,燿華            ,1688000,2048000,-360000,0,0,0,0,0,0,328000,12000,0,12000,512000,196000,316000,-32000
2451,創見            ,35000,245000,-210000,0,0,0,100000,0,100000,78000,4000,0,4000,74000,0,74000,-32000
3266,昇陽            ,30000,62000,-32000,0,0,0,0,0,0,0,0,0,0,0,0,0,-32000
07530P,聯發科凱基9A售11,0,0,0,0,0,0,0,0,0,-32000,0,0,0,91000,123000,-32000,-32000
07933P,大立光富邦9C售06,0,0,0,0,0,0,0,0,0,-32000,0,0,0,6000,38000,-32000,-32000
060683,泰鼎元大9A購02  ,0,0,0,0,0,0,0,0,0,-33000,0,0,0,50000,83000,-33000,-33000
06507P,台表科國票99售01,0,0,0,0,0,0,0,0,0,-33000,0,0,0,17000,50000,-33000,-33000
062607,美食凱基9B購01  ,0,0,0,0,0,0,0,0,0,-33000,0,0,0,0,33000,-33000,-33000
062706,大立光元大9B購06,0,0,0,0,0,0,0,0,0,-33000,0,0,0,0,33000,-33000,-33000
054201,聯詠富邦97購02  ,0,0,0,0,0,0,0,0,0,-33000,0,0,0,0,33000,-33000,-33000
056511,超眾永豐98購01  ,0,0,0,0,0,0,0,0,0,-33000,0,0,0,0,33000,-33000,-33000
056598,京元電元富98購01,0,0,0,0,0,0,0,0,0,-33000,0,0,0,0,33000,-33000,-33000
060281,卜蜂元大9C購01  ,0,0,0,0,0,0,0,0,0,-33000,0,0,0,230000,263000,-33000,-33000
060402,神隆國泰9B購01  ,0,0,0,0,0,0,0,0,0,-33000,0,0,0,53000,86000,-33000,-33000
057810,技嘉元大98購06  ,0,0,0,0,0,0,0,0,0,-33000,0,0,0,105000,138000,-33000,-33000
07686P,祥碩凱基9A售02  ,0,0,0,0,0,0,0,0,0,-33000,0,0,0,0,33000,-33000,-33000
07689P,旺宏元大9A售13  ,0,0,0,0,0,0,0,0,0,-33000,0,0,0,0,33000,-33000,-33000
07692P,玉晶光元大9A售11,0,0,0,0,0,0,0,0,0,-33000,0,0,0,0,33000,-33000,-33000
1723,中碳            ,28000,69000,-41000,0,0,0,0,0,0,8000,8000,0,8000,0,0,0,-33000
6202,盛群            ,127000,162000,-35000,0,0,0,0,0,0,2000,2000,0,2000,0,0,0,-33000
8464,億豐            ,360000,385000,-25000,0,0,0,0,0,0,-8000,3000,6000,-3000,2000,7000,-5000,-33000
07049P,聯發科中信99售03,0,0,0,0,0,0,0,0,0,-34000,0,0,0,193000,227000,-34000,-34000
062079,聯發科元大9B購06,0,0,0,0,0,0,0,0,0,-34000,0,0,0,0,34000,-34000,-34000
061595,智易永豐9A購02  ,0,0,0,0,0,0,0,0,0,-34000,0,0,0,1000,35000,-34000,-34000
054180,亞泥康和96購01  ,0,0,0,0,0,0,0,0,0,-34000,0,0,0,10000,44000,-34000,-34000
055955,微星元大97購01  ,0,0,0,0,0,0,0,0,0,-34000,0,0,0,0,34000,-34000,-34000
055728,緯穎元大97購03  ,0,0,0,0,0,0,0,0,0,-34000,0,0,0,0,34000,-34000,-34000
058295,欣興凱基99購02  ,0,0,0,0,0,0,0,0,0,-34000,0,0,0,230000,264000,-34000,-34000
058198,瑞昱亞東99購01  ,0,0,0,0,0,0,0,0,0,-34000,0,0,0,0,34000,-34000,-34000
054540,泰鼎國票99購01  ,0,0,0,0,0,0,0,0,0,-34000,0,0,0,27000,61000,-34000,-34000
055098,臺股指群益97購01,0,0,0,0,0,0,0,0,0,-34000,0,0,0,0,34000,-34000,-34000
054100,致伸國票97購03  ,0,0,0,0,0,0,0,0,0,-34000,0,0,0,64000,98000,-34000,-34000
053894,創意群益96購01  ,0,0,0,0,0,0,0,0,0,-34000,0,0,0,37000,71000,-34000,-34000
059934,華通永豐99購02  ,0,0,0,0,0,0,0,0,0,-34000,0,0,0,0,34000,-34000,-34000
059135,臺股指群益99購10,0,0,0,0,0,0,0,0,0,-34000,0,0,0,0,34000,-34000,-34000
07788P,華新科群益9A售08,0,0,0,0,0,0,0,0,0,-34000,0,0,0,11000,45000,-34000,-34000
07843P,緯穎元大9A售05  ,0,0,0,0,0,0,0,0,0,-34000,0,0,0,24000,58000,-34000,-34000
3454,晶睿            ,28000,62498,-34498,0,0,0,0,0,0,0,0,0,0,0,0,0,-34498
061370,晶技國泰9C購01  ,0,0,0,0,0,0,0,0,0,-35000,0,0,0,0,35000,-35000,-35000
060767,世紀鋼元大9A購02,0,0,0,0,0,0,0,0,0,-35000,0,0,0,5000,40000,-35000,-35000
061048,國巨中信9A購05  ,0,0,0,0,0,0,0,0,0,-35000,0,0,0,0,35000,-35000,-35000
060941,台積電國票9B購04,0,0,0,0,0,0,0,0,0,-35000,0,0,0,0,35000,-35000,-35000
061973,上銀元大9B購01  ,0,0,0,0,0,0,0,0,0,-35000,0,0,0,38000,73000,-35000,-35000
062231,台光電麥證9C購01,0,0,0,50000,85000,-35000,0,0,0,-35000,0,0,0,50000,85000,-35000,-35000
062255,聯發科元大9B購07,0,0,0,0,0,0,0,0,0,-35000,0,0,0,7000,42000,-35000,-35000
06714P,台積電元大98售15,0,0,0,0,0,0,0,0,0,-35000,0,0,0,0,35000,-35000,-35000
06599P,宏達電永豐98售02,0,0,0,0,0,0,0,0,0,-35000,0,0,0,12000,47000,-35000,-35000
052536,聯茂國泰97購01  ,0,0,0,0,0,0,0,0,0,-35000,0,0,0,50000,85000,-35000,-35000
052447,聯發科元大96購04,0,0,0,0,0,0,0,0,0,-35000,0,0,0,11000,46000,-35000,-35000
050842,旺宏國票97購01  ,0,0,0,0,0,0,0,0,0,-35000,0,0,0,30000,65000,-35000,-35000
055980,祥碩統一98購01  ,0,0,0,0,0,0,0,0,0,-35000,0,0,0,0,35000,-35000,-35000
058666,上証反群益01購01,0,0,0,0,0,0,0,0,0,-35000,0,0,0,0,35000,-35000,-35000
055774,台光電凱基97購02,0,0,0,0,0,0,0,0,0,-35000,0,0,0,5000,40000,-35000,-35000
059048,元油2X凱基9A購11,0,0,0,0,0,0,0,0,0,-35000,0,0,0,0,35000,-35000,-35000
058766,力山兆豐99購01  ,0,0,0,0,0,0,0,0,0,-35000,0,0,0,184000,219000,-35000,-35000
057364,國巨元大98購18  ,0,0,0,0,0,0,0,0,0,-35000,0,0,0,0,35000,-35000,-35000
059876,智易凱基99購02  ,0,0,0,0,0,0,0,0,0,-35000,0,0,0,0,35000,-35000,-35000
060453,儒鴻元大9A購02  ,0,0,0,0,0,0,0,0,0,-35000,0,0,0,215000,250000,-35000,-35000
059637,大立光凱基01購01,0,0,0,0,0,0,0,0,0,-35000,0,0,0,0,35000,-35000,-35000
056766,義隆元大98購01  ,0,0,0,0,0,0,0,0,0,-35000,0,0,0,15000,50000,-35000,-35000
07904P,聯發科群益9B售05,0,0,0,0,0,0,0,0,0,-35000,0,0,0,69000,104000,-35000,-35000
07979P,大立光凱基9B售05,0,0,0,0,0,0,0,0,0,-35000,0,0,0,0,35000,-35000,-35000
06569P,可成永豐98售01  ,0,0,0,0,0,0,0,0,0,-36000,0,0,0,73000,109000,-36000,-36000
062640,訊連國票9C購01  ,0,0,0,0,0,0,0,0,0,-36000,0,0,0,0,36000,-36000,-36000
058479,亞光凱基9A購01  ,0,0,0,0,0,0,0,0,0,-36000,0,0,0,0,36000,-36000,-36000
054567,拓凱群益98購01  ,0,0,0,0,0,0,0,0,0,-36000,0,0,0,387000,423000,-36000,-36000
053849,聯發科元富96購04,0,0,0,0,0,0,0,0,0,-36000,0,0,0,14000,50000,-36000,-36000
058694,鈺齊國票9A購02  ,0,0,0,0,0,0,0,0,0,-36000,0,0,0,0,36000,-36000,-36000
060235,瑞昱元大9A購01  ,0,0,0,0,0,0,0,0,0,-36000,0,0,0,99000,135000,-36000,-36000
056571,燿華元大98購02  ,0,0,0,0,0,0,0,0,0,-36000,0,0,0,78000,114000,-36000,-36000
058948,道瓊銀群益9C購01,0,0,0,0,0,0,0,0,0,-36000,0,0,0,0,36000,-36000,-36000
07702P,台積電中信9A售06,0,0,0,0,0,0,0,0,0,-36000,0,0,0,0,36000,-36000,-36000
061976,國巨元大9B購01  ,0,0,0,0,0,0,0,0,0,-37000,0,0,0,45000,82000,-37000,-37000
062049,亞德客統一01購01,0,0,0,0,0,0,0,0,0,-37000,0,0,0,309000,346000,-37000,-37000
060854,台積電富邦9C購08,0,0,0,0,0,0,0,0,0,-37000,0,0,0,10000,47000,-37000,-37000
060685,康友元大9A購01  ,0,0,0,0,0,0,0,0,0,-37000,0,0,0,20000,57000,-37000,-37000
061341,華新科元大9A購16,0,0,0,0,0,0,0,0,0,-37000,0,0,0,13000,50000,-37000,-37000
061492,超眾兆豐9B購01  ,0,0,0,0,0,0,0,0,0,-37000,0,0,0,50000,87000,-37000,-37000
051970,元黃金凱基98購01,0,0,0,0,0,0,0,0,0,-37000,0,0,0,0,37000,-37000,-37000
056971,麗豐永豐98購01  ,0,0,0,0,0,0,0,0,0,-37000,0,0,0,0,37000,-37000,-37000
057032,A50反1元大9B購01,0,0,0,0,0,0,0,0,0,-37000,0,0,0,3000,40000,-37000,-37000
057703,矽力群益98購01  ,0,0,0,0,0,0,0,0,0,-37000,0,0,0,0,37000,-37000,-37000
059614,致新永豐99購01  ,0,0,0,0,0,0,0,0,0,-37000,0,0,0,32000,69000,-37000,-37000
057875,京鼎元大98購03  ,0,0,0,0,0,0,0,0,0,-37000,0,0,0,155000,192000,-37000,-37000
07490P,大立光國票9A售03,0,0,0,0,0,0,0,0,0,-37000,0,0,0,0,37000,-37000,-37000
1434,福懋            ,681000,777000,-96000,0,0,0,0,0,0,59000,59000,0,59000,0,0,0,-37000
061502,嘉澤國票9A購02  ,0,0,0,0,0,0,0,0,0,-38000,0,0,0,1000,39000,-38000,-38000
06140P,華新科群益97售06,0,0,0,0,0,0,0,0,0,-38000,0,0,0,0,38000,-38000,-38000
061257,上銀凱基9A購06  ,0,0,0,0,0,0,0,0,0,-38000,0,0,0,0,38000,-38000,-38000
060944,國泰金國票9A購01,0,0,0,0,0,0,0,0,0,-38000,0,0,0,0,38000,-38000,-38000
061006,新光金兆豐9A購01,0,0,0,0,0,0,0,0,0,-38000,0,0,0,0,38000,-38000,-38000
06591P,大立光元大98售14,0,0,0,0,0,0,0,0,0,-38000,0,0,0,0,38000,-38000,-38000
053244,光磊國票97購01  ,0,0,0,0,0,0,0,0,0,-38000,0,0,0,0,38000,-38000,-38000
052561,矽創國票97購01  ,0,0,0,0,0,0,0,0,0,-38000,0,0,0,0,38000,-38000,-38000
051192,緯創兆豐96購01  ,0,0,0,0,0,0,0,0,0,-38000,0,0,0,10000,48000,-38000,-38000
054457,強茂群益96購01  ,0,0,0,0,0,0,0,0,0,-38000,0,0,0,60000,98000,-38000,-38000
054478,可成中信97購01  ,0,0,0,0,0,0,0,0,0,-38000,0,0,0,10000,48000,-38000,-38000
054811,裕隆元大9A購01  ,0,0,0,0,0,0,0,0,0,-38000,0,0,0,5000,43000,-38000,-38000
054766,智原國票98購01  ,0,0,0,0,0,0,0,0,0,-38000,0,0,0,0,38000,-38000,-38000
054776,矽創國票98購01  ,0,0,0,0,0,0,0,0,0,-38000,0,0,0,0,38000,-38000,-38000
054101,茂林國票97購04  ,0,0,0,0,0,0,0,0,0,-38000,0,0,0,0,38000,-38000,-38000
058593,大立光統一9B購02,0,0,0,0,0,0,0,0,0,-38000,0,0,0,0,38000,-38000,-38000
05594P,旺宏國票96售04  ,0,0,0,0,0,0,0,0,0,-38000,0,0,0,11000,49000,-38000,-38000
058061,貿聯元富9B購01  ,0,0,0,0,0,0,0,0,0,-38000,0,0,0,40000,78000,-38000,-38000
057980,聯詠永豐98購01  ,0,0,0,0,0,0,0,0,0,-38000,0,0,0,10000,48000,-38000,-38000
060363,美律元富9A購01  ,0,0,0,0,0,0,0,0,0,-38000,0,0,0,47000,85000,-38000,-38000
059936,台積電永豐99購06,0,0,0,0,0,0,0,0,0,-38000,0,0,0,12000,50000,-38000,-38000
059937,旺宏永豐99購03  ,0,0,0,0,0,0,0,0,0,-38000,0,0,0,0,38000,-38000,-38000
060108,泰鼎元大99購04  ,0,0,0,0,0,0,0,0,0,-38000,0,0,0,0,38000,-38000,-38000
056495,泰鼎國泰99購01  ,0,0,0,0,0,0,0,0,0,-38000,0,0,0,0,38000,-38000,-38000
07326P,大立光元大99售23,0,0,0,0,0,0,0,0,0,-38000,0,0,0,0,38000,-38000,-38000
00739,元大MSCI A股    ,358000,0,358000,0,0,0,0,0,0,-396178,0,0,0,114000,510178,-396178,-38178
060786,聯發科富邦9B購06,0,0,0,0,0,0,0,0,0,-39000,0,0,0,16000,55000,-39000,-39000
061182,南六凱基9A購01  ,0,0,0,0,0,0,0,0,0,-39000,0,0,0,27000,66000,-39000,-39000
051722,玉晶光永豐97購01,0,0,0,0,0,0,0,0,0,-39000,0,0,0,16000,55000,-39000,-39000
052907,嘉澤國票97購01  ,0,0,0,0,0,0,0,0,0,-39000,0,0,0,2000,41000,-39000,-39000
05571P,大立光統一96售03,0,0,0,0,0,0,0,0,0,-39000,0,0,0,173000,212000,-39000,-39000
055584,國巨元大97購11  ,0,0,0,0,0,0,0,0,0,-39000,0,0,0,17000,56000,-39000,-39000
058272,超眾永豐9A購01  ,0,0,0,0,0,0,0,0,0,-39000,0,0,0,0,39000,-39000,-39000
058822,樺漢國泰9B購01  ,0,0,0,0,0,0,0,0,0,-39000,0,0,0,129000,168000,-39000,-39000
057288,聯茂元大98購03  ,0,0,0,0,0,0,0,0,0,-39000,0,0,0,55000,94000,-39000,-39000
056573,華新科元大99購06,0,0,0,0,0,0,0,0,0,-39000,0,0,0,0,39000,-39000,-39000
059664,立積元大9C購01  ,0,0,0,0,0,0,0,0,0,-39000,0,0,0,0,39000,-39000,-39000
08002P,大毅國票9B售03  ,0,0,0,0,0,0,0,0,0,-39000,0,0,0,201000,240000,-39000,-39000
3321,同泰            ,57000,96000,-39000,0,0,0,0,0,0,0,0,0,0,0,0,0,-39000
4763,材料-KY         ,26000,70000,-44000,0,0,0,0,0,0,5000,13000,8000,5000,0,0,0,-39000
3653,健策            ,527000,328000,199000,0,0,0,80000,226000,-146000,-92140,4000,14000,-10000,50000,132140,-82140,-39140
06120P,大立光凱基98售05,0,0,0,0,0,0,0,0,0,-40000,0,0,0,0,40000,-40000,-40000
061234,國巨元大9A購18  ,0,0,0,0,0,0,0,0,0,-40000,0,0,0,30000,70000,-40000,-40000
061716,瑞儀凱基9B購01  ,0,0,0,0,0,0,0,0,0,-40000,0,0,0,120000,160000,-40000,-40000
061747,南亞科統一01購01,0,0,0,0,0,0,0,0,0,-40000,0,0,0,0,40000,-40000,-40000
061671,台灣50元大9A購21,0,0,0,0,0,0,0,0,0,-40000,0,0,0,0,40000,-40000,-40000
060595,台灣50凱基04購04,0,0,0,0,0,0,0,0,0,-40000,0,0,0,0,40000,-40000,-40000
061045,儒鴻第一9A購01  ,0,0,0,0,0,0,0,0,0,-40000,0,0,0,20000,60000,-40000,-40000
060979,國巨元大9A購14  ,0,0,0,0,0,0,0,0,0,-40000,0,0,0,60000,100000,-40000,-40000
06583P,可成凱基98售07  ,0,0,0,0,0,0,0,0,0,-40000,0,0,0,32000,72000,-40000,-40000
062580,華通統一9C購03  ,0,0,0,0,0,0,0,0,0,-40000,0,0,0,0,40000,-40000,-40000
06206P,台積電凱基97售11,0,0,0,0,0,0,0,0,0,-40000,0,0,0,0,40000,-40000,-40000
061877,貿聯元大9B購01  ,0,0,0,0,0,0,0,0,0,-40000,0,0,0,0,40000,-40000,-40000
062272,鴻海群益9B購05  ,0,0,0,0,0,0,0,0,0,-40000,0,0,0,11000,51000,-40000,-40000
062369,創意元大9B購01  ,0,0,0,0,0,0,0,0,0,-40000,0,0,0,19000,59000,-40000,-40000
055560,大立光凱基97購10,0,0,0,0,0,0,0,0,0,-40000,0,0,0,0,40000,-40000,-40000
056038,可成凱基97購01  ,0,0,0,0,0,0,0,0,0,-40000,0,0,0,10000,50000,-40000,-40000
05609P,國泰金凱基96售01,0,0,0,0,0,0,0,0,0,-40000,0,0,0,63000,103000,-40000,-40000
055070,聯茂永豐97購01  ,0,0,0,0,0,0,0,0,0,-40000,0,0,0,0,40000,-40000,-40000
055963,欣興元大97購04  ,0,0,0,0,0,0,0,0,0,-40000,0,0,0,10000,50000,-40000,-40000
055787,聯茂凱基99購01  ,0,0,0,0,0,0,0,0,0,-40000,0,0,0,0,40000,-40000,-40000
054365,遠東新中信96購01,0,0,0,0,0,0,0,0,0,-40000,0,0,0,0,40000,-40000,-40000
058603,台積電元大99購12,0,0,0,0,0,0,0,0,0,-40000,0,0,0,0,40000,-40000,-40000
058676,聯茂群益99購01  ,0,0,0,0,0,0,0,0,0,-40000,0,0,0,0,40000,-40000,-40000
053345,欣興國票97購02  ,0,0,0,0,0,0,0,0,0,-40000,0,0,0,0,40000,-40000,-40000
053049,T50反1國票98購01,0,0,0,0,0,0,0,0,0,-40000,0,0,0,50000,90000,-40000,-40000
052764,景碩群益98購01  ,0,0,0,0,0,0,0,0,0,-40000,0,0,0,15000,55000,-40000,-40000
055248,可成統一97購02  ,0,0,0,0,0,0,0,0,0,-40000,0,0,0,0,40000,-40000,-40000
053887,聯茂兆豐97購02  ,0,0,0,0,0,0,0,0,0,-40000,0,0,0,0,40000,-40000,-40000
00641R,富邦日本反1     ,0,0,0,0,0,0,0,0,0,-40000,0,0,0,131000,171000,-40000,-40000
050117,麗豐元大96購02  ,0,0,0,0,0,0,0,0,0,-40000,0,0,0,0,40000,-40000,-40000
048785,台積電元大96購01,0,0,0,0,0,0,0,0,0,-40000,0,0,0,1000,41000,-40000,-40000
057820,華擎元大98購02  ,0,0,0,0,0,0,0,0,0,-40000,0,0,0,92000,132000,-40000,-40000
057734,訊芯國泰9A購01  ,0,0,0,0,0,0,0,0,0,-40000,0,0,0,0,40000,-40000,-40000
057714,聯發科統一98購05,0,0,0,0,0,0,0,0,0,-40000,0,0,0,0,40000,-40000,-40000
059842,台積電富邦9C購05,0,0,0,0,0,0,0,0,0,-40000,0,0,0,10000,50000,-40000,-40000
060182,旺宏元富9A購01  ,0,0,0,0,0,0,0,0,0,-40000,0,0,0,0,40000,-40000,-40000
056920,友達兆豐98購02  ,0,0,0,0,0,0,0,0,0,-40000,0,0,0,0,40000,-40000,-40000
057595,健鼎兆豐98購01  ,0,0,0,0,0,0,0,0,0,-40000,0,0,0,30000,70000,-40000,-40000
057137,鈺齊凱基98購01  ,0,0,0,0,0,0,0,0,0,-40000,0,0,0,0,40000,-40000,-40000
059344,長榮航凱基99購01,0,0,0,0,0,0,0,0,0,-40000,0,0,0,0,40000,-40000,-40000
057469,康友永豐98購02  ,0,0,0,0,0,0,0,0,0,-40000,0,0,0,0,40000,-40000,-40000
059529,華新科凱基9A購04,0,0,0,0,0,0,0,0,0,-40000,0,0,0,0,40000,-40000,-40000
059393,臺股指凱基99購39,0,0,0,0,0,0,0,0,0,-40000,0,0,0,0,40000,-40000,-40000
07988P,台積電台新9C售03,0,0,0,0,0,0,0,0,0,-40000,0,0,0,43000,83000,-40000,-40000
061930,臺股指凱基9B購05,0,0,0,0,0,0,0,0,0,-41000,0,0,0,81000,122000,-41000,-41000
062100,矽格永豐9B購01  ,0,0,0,0,0,0,0,0,0,-41000,0,0,0,0,41000,-41000,-41000
06593P,欣興元大98售05  ,0,0,0,0,0,0,0,0,0,-41000,0,0,0,22000,63000,-41000,-41000
060790,日月光富邦9A購01,0,0,0,0,0,0,0,0,0,-41000,0,0,0,20000,61000,-41000,-41000
060675,南亞科元大9A購02,0,0,0,0,0,0,0,0,0,-41000,0,0,0,10000,51000,-41000,-41000
061192,奇鋐永豐9A購01  ,0,0,0,0,0,0,0,0,0,-41000,0,0,0,17000,58000,-41000,-41000
061397,上銀台新9A購01  ,0,0,0,0,0,0,0,0,0,-41000,0,0,0,0,41000,-41000,-41000
0051,元大中型100     ,0,0,0,0,0,0,0,0,0,-41000,0,0,0,13000,54000,-41000,-41000
056434,國巨凱基98購03  ,0,0,0,0,0,0,0,0,0,-41000,0,0,0,0,41000,-41000,-41000
053005,微星永豐96購01  ,0,0,0,0,0,0,0,0,0,-41000,0,0,0,0,41000,-41000,-41000
053404,致新群益96購01  ,0,0,0,0,0,0,0,0,0,-41000,0,0,0,0,41000,-41000,-41000
058192,訊芯永豐99購01  ,0,0,0,0,0,0,0,0,0,-41000,0,0,0,27000,68000,-41000,-41000
059363,超眾永豐99購02  ,0,0,0,0,0,0,0,0,0,-41000,0,0,0,0,41000,-41000,-41000
058895,鴻海元大99購20  ,0,0,0,0,0,0,0,0,0,-41000,0,0,0,10000,51000,-41000,-41000
059219,旺宏元大99購12  ,0,0,0,0,0,0,0,0,0,-41000,0,0,0,0,41000,-41000,-41000
057357,超眾統一98購01  ,0,0,0,0,0,0,0,0,0,-41000,0,0,0,48000,89000,-41000,-41000
07292P,臺股指凱基99售44,0,0,0,0,0,0,0,0,0,-41000,0,0,0,46000,87000,-41000,-41000
07673P,電子類元大9A售01,0,0,0,0,0,0,0,0,0,-41000,0,0,0,50000,91000,-41000,-41000
9942,茂順            ,14000,55000,-41000,0,0,0,0,0,0,0,0,0,0,0,0,0,-41000
06167P,欣興國票97售05  ,0,0,0,0,0,0,0,0,0,-42000,0,0,0,13000,55000,-42000,-42000
061626,超眾群益9A購02  ,0,0,0,0,0,0,0,0,0,-42000,0,0,0,9000,51000,-42000,-42000
060506,京元電元大9A購02,0,0,0,0,0,0,0,0,0,-42000,0,0,0,26000,68000,-42000,-42000
058167,鴻海凱基9A購03  ,0,0,0,0,0,0,0,0,0,-42000,0,0,0,0,42000,-42000,-42000
058622,國巨國票99購07  ,0,0,0,0,0,0,0,0,0,-42000,0,0,0,15000,57000,-42000,-42000
054687,建準永豐97購02  ,0,0,0,0,0,0,0,0,0,-42000,0,0,0,25000,67000,-42000,-42000
053097,超眾統一96購03  ,0,0,0,0,0,0,0,0,0,-42000,0,0,0,0,42000,-42000,-42000
050566,高股息中信97購02,0,0,0,0,0,0,0,0,0,-42000,0,0,0,0,42000,-42000,-42000
058821,泰鼎國泰9B購01  ,0,0,0,0,0,0,0,0,0,-42000,0,0,0,14000,56000,-42000,-42000
060096,聯發科元大99購43,0,0,0,0,0,0,0,0,0,-42000,0,0,0,0,42000,-42000,-42000
059612,奇鋐永豐99購02  ,0,0,0,0,0,0,0,0,0,-42000,0,0,0,10000,52000,-42000,-42000
05959P,聯發科國票98售01,0,0,0,0,0,0,0,0,0,-42000,0,0,0,0,42000,-42000,-42000
9919,康那香          ,0,2000,-2000,0,0,0,0,0,0,-40000,30000,30000,0,0,40000,-40000,-42000
6168,宏齊            ,10000,56000,-46000,0,0,0,0,0,0,4000,4000,0,4000,0,0,0,-42000
07884P,華新科凱基9B售08,0,0,0,0,0,0,0,0,0,-42000,0,0,0,178000,220000,-42000,-42000
07903P,台積電群益9B售03,0,0,0,0,0,0,0,0,0,-42000,0,0,0,13000,55000,-42000,-42000
1902,台紙            ,31000,73000,-42000,0,0,0,0,0,0,0,0,0,0,0,0,0,-42000
060995,泰鼎元大9A購03  ,0,0,0,0,0,0,0,0,0,-43000,0,0,0,85000,128000,-43000,-43000
061019,大毅國票9A購01  ,0,0,0,0,0,0,0,0,0,-43000,0,0,0,82000,125000,-43000,-43000
061368,南六國票9A購01  ,0,0,0,0,0,0,0,0,0,-43000,0,0,0,22000,65000,-43000,-43000
062172,南六永豐9B購01  ,0,0,0,0,0,0,0,0,0,-43000,0,0,0,114000,157000,-43000,-43000
062001,臺股指元大9B購25,0,0,0,0,0,0,0,0,0,-43000,0,0,0,0,43000,-43000,-43000
062306,華通凱基9B購01  ,0,0,0,0,0,0,0,0,0,-43000,0,0,0,4000,47000,-43000,-43000
052410,智邦亞東96購01  ,0,0,0,0,0,0,0,0,0,-43000,0,0,0,1000,44000,-43000,-43000
051789,嘉澤國票96購01  ,0,0,0,0,0,0,0,0,0,-43000,0,0,0,0,43000,-43000,-43000
058574,台積電群益99購03,0,0,0,0,0,0,0,0,0,-43000,0,0,0,0,43000,-43000,-43000
055773,瑞昱凱基97購03  ,0,0,0,0,0,0,0,0,0,-43000,0,0,0,30000,73000,-43000,-43000
055381,茂林元大97購02  ,0,0,0,0,0,0,0,0,0,-43000,0,0,0,57000,100000,-43000,-43000
05541P,鴻海統一96售08  ,0,0,0,0,0,0,0,0,0,-43000,0,0,0,17000,60000,-43000,-43000
054932,台肥元大97購01  ,0,0,0,0,0,0,0,0,0,-43000,0,0,0,148000,191000,-43000,-43000
056287,亞光永豐97購02  ,0,0,0,0,0,0,0,0,0,-43000,0,0,0,0,43000,-43000,-43000
059702,台積電凱基9A購14,0,0,0,0,0,0,0,0,0,-43000,0,0,0,0,43000,-43000,-43000
060086,鴻海元大99購42  ,0,0,0,0,0,0,0,0,0,-43000,0,0,0,0,43000,-43000,-43000
060116,世紀鋼元大99購07,0,0,0,0,0,0,0,0,0,-43000,0,0,0,10000,53000,-43000,-43000
059526,鴻海凱基99購12  ,0,0,0,0,0,0,0,0,0,-43000,0,0,0,0,43000,-43000,-43000
059359,精元永豐99購01  ,0,0,0,0,0,0,0,0,0,-43000,0,0,0,7000,50000,-43000,-43000
059128,友達中信99購02  ,0,0,0,0,0,0,0,0,0,-43000,0,0,0,29000,72000,-43000,-43000
1109,信大            ,31000,74000,-43000,0,0,0,0,0,0,0,0,0,0,0,0,0,-43000
2428,興勤            ,36000,40000,-4000,0,0,0,0,0,0,-39000,12000,46000,-34000,0,5000,-5000,-43000
07850P,健策群益9A售06  ,0,0,0,0,0,0,0,0,0,-43000,0,0,0,34000,77000,-43000,-43000
062364,瑞昱元大9B購04  ,0,0,0,0,0,0,0,0,0,-44000,0,0,0,54000,98000,-44000,-44000
061929,嘉澤凱基9B購01  ,0,0,0,0,0,0,0,0,0,-44000,0,0,0,137000,181000,-44000,-44000
062617,京鼎元大9B購01  ,0,0,0,0,0,0,0,0,0,-44000,0,0,0,75000,119000,-44000,-44000
05445P,聯詠元大95售05  ,0,0,0,0,0,0,0,0,0,-44000,0,0,0,0,44000,-44000,-44000
057878,台郡元大99購04  ,0,0,0,0,0,0,0,0,0,-44000,0,0,0,6000,50000,-44000,-44000
059940,微星永豐99購01  ,0,0,0,0,0,0,0,0,0,-44000,0,0,0,10000,54000,-44000,-44000
059914,台積電元大99購47,0,0,0,0,0,0,0,0,0,-44000,0,0,0,0,44000,-44000,-44000
060341,國巨統一9C購02  ,0,0,0,0,0,0,0,0,0,-44000,0,0,0,40000,84000,-44000,-44000
058714,美律統一9B購01  ,0,0,0,0,0,0,0,0,0,-44000,0,0,0,1000,45000,-44000,-44000
07707P,玉山金元大9A售03,0,0,0,0,0,0,0,0,0,-44000,0,0,0,0,44000,-44000,-44000
07214P,聯發科凱基9A售04,0,0,0,0,0,0,0,0,0,-44000,0,0,0,11000,55000,-44000,-44000
06655P,TPK元大98售02   ,0,0,0,0,0,0,0,0,0,-45000,0,0,0,26000,71000,-45000,-45000
062181,義隆元大9B購03  ,0,0,0,0,0,0,0,0,0,-45000,0,0,0,11000,56000,-45000,-45000
062151,世紀鋼國票01購01,0,0,0,0,0,0,0,0,0,-45000,0,0,0,5000,50000,-45000,-45000
062127,台勝科統一01購02,0,0,0,0,0,0,0,0,0,-45000,0,0,0,0,45000,-45000,-45000
062134,國巨群益9B購04  ,0,0,0,0,0,0,0,0,0,-45000,0,0,0,0,45000,-45000,-45000
062091,世紀鋼元大9B購01,0,0,0,0,0,0,0,0,0,-45000,0,0,0,50000,95000,-45000,-45000
061443,大立光統一9C購02,0,0,0,0,0,0,0,0,0,-45000,0,0,0,0,45000,-45000,-45000
061588,聯發科富邦9B購07,0,0,0,0,0,0,0,0,0,-45000,0,0,0,0,45000,-45000,-45000
061501,嘉澤國票9A購01  ,0,0,0,0,0,0,0,0,0,-45000,0,0,0,4000,49000,-45000,-45000
061063,國巨凱基9A購14  ,0,0,0,0,0,0,0,0,0,-45000,0,0,0,5000,50000,-45000,-45000
060536,祥碩麥證9A購01  ,0,0,0,10000,55000,-45000,0,0,0,-45000,0,0,0,10000,55000,-45000,-45000
052388,旺宏群益96購05  ,0,0,0,0,0,0,0,0,0,-45000,0,0,0,0,45000,-45000,-45000
052203,T50反1中信99購03,0,0,0,0,0,0,0,0,0,-45000,0,0,0,25000,70000,-45000,-45000
053292,美律中信98購01  ,0,0,0,0,0,0,0,0,0,-45000,0,0,0,10000,55000,-45000,-45000
055257,景碩統一97購01  ,0,0,0,0,0,0,0,0,0,-45000,0,0,0,5000,50000,-45000,-45000
00663L,國泰臺灣加權正2 ,41000,20000,21000,0,0,0,0,0,0,-66000,0,0,0,1105000,1171000,-66000,-45000
057757,鴻海凱基98購13  ,0,0,0,0,0,0,0,0,0,-45000,0,0,0,13000,58000,-45000,-45000
056746,超眾凱基99購01  ,0,0,0,0,0,0,0,0,0,-45000,0,0,0,77000,122000,-45000,-45000
060431,復盛永豐9A購01  ,0,0,0,0,0,0,0,0,0,-45000,0,0,0,0,45000,-45000,-45000
058250,台虹元大99購01  ,0,0,0,0,0,0,0,0,0,-45000,0,0,0,10000,55000,-45000,-45000
057477,智邦元大98購09  ,0,0,0,0,0,0,0,0,0,-45000,0,0,0,60000,105000,-45000,-45000
059075,FBVIX元大99購01 ,0,0,0,0,0,0,0,0,0,-45000,0,0,0,20000,65000,-45000,-45000
059186,華通富邦9A購01  ,0,0,0,0,0,0,0,0,0,-45000,0,0,0,0,45000,-45000,-45000
07888P,大立光國票9B售01,0,0,0,0,0,0,0,0,0,-45000,0,0,0,50000,95000,-45000,-45000
1615,大山            ,20000,5000,15000,0,0,0,0,0,0,-60000,0,60000,-60000,0,0,0,-45000
061115,電子類元大9A購02,0,0,0,0,0,0,0,0,0,-46000,0,0,0,0,46000,-46000,-46000
060996,臻鼎元大9A購01  ,0,0,0,0,0,0,0,0,0,-46000,0,0,0,33000,79000,-46000,-46000
060911,大毅元大9A購01  ,0,0,0,0,0,0,0,0,0,-46000,0,0,0,55000,101000,-46000,-46000
061515,泰碩永豐9A購03  ,0,0,0,0,0,0,0,0,0,-46000,0,0,0,0,46000,-46000,-46000
061212,聯鈞元大9A購04  ,0,0,0,0,0,0,0,0,0,-46000,0,0,0,50000,96000,-46000,-46000
061198,世紀鋼永豐9A購03,0,0,0,0,0,0,0,0,0,-46000,0,0,0,0,46000,-46000,-46000
055197,致新元富97購02  ,0,0,0,0,0,0,0,0,0,-46000,0,0,0,525000,571000,-46000,-46000
053947,義隆富邦97購01  ,0,0,0,0,0,0,0,0,0,-46000,0,0,0,0,46000,-46000,-46000
05163P,聯發科統一96售02,0,0,0,0,0,0,0,0,0,-46000,0,0,0,64000,110000,-46000,-46000
055136,聯發科富邦99購06,0,0,0,0,0,0,0,0,0,-46000,0,0,0,0,46000,-46000,-46000
056915,上銀兆豐99購01  ,0,0,0,0,0,0,0,0,0,-46000,0,0,0,0,46000,-46000,-46000
057234,宏達電凱基98購05,0,0,0,0,0,0,0,0,0,-46000,0,0,0,0,46000,-46000,-46000
059537,大立光凱基99購09,0,0,0,0,0,0,0,0,0,-46000,0,0,0,0,46000,-46000,-46000
060292,聯詠元大9A購01  ,0,0,0,0,0,0,0,0,0,-46000,0,0,0,0,46000,-46000,-46000
058712,鴻海統一9B購03  ,0,0,0,0,0,0,0,0,0,-46000,0,0,0,5000,51000,-46000,-46000
058746,華通凱基9A購02  ,0,0,0,0,0,0,0,0,0,-46000,0,0,0,0,46000,-46000,-46000
059695,聯鈞永豐99購02  ,0,0,0,0,0,0,0,0,0,-46000,0,0,0,107000,153000,-46000,-46000
05974P,國巨富邦97售03  ,0,0,0,0,0,0,0,0,0,-46000,0,0,0,29000,75000,-46000,-46000
2413,環科            ,3000,50000,-47000,0,0,0,0,0,0,1000,1000,0,1000,0,0,0,-46000
07657P,技嘉凱基9A售03  ,0,0,0,0,0,0,0,0,0,-46000,0,0,0,164000,210000,-46000,-46000
07532P,台灣50中信01售02,0,0,0,0,0,0,0,0,0,-46000,0,0,0,60000,106000,-46000,-46000
4106,雃博            ,380000,428000,-48000,0,0,0,0,0,0,2000,2000,0,2000,0,0,0,-46000
061572,奇力新元大9A購04,0,0,0,0,0,0,0,0,0,-47000,0,0,0,3000,50000,-47000,-47000
060624,玉晶光元大9C購02,0,0,0,0,0,0,0,0,0,-47000,0,0,0,5000,52000,-47000,-47000
062023,寶成永豐9B購01  ,0,0,0,0,0,0,0,0,0,-47000,0,0,0,10000,57000,-47000,-47000
061994,瑞儀元大9B購01  ,0,0,0,0,0,0,0,0,0,-47000,0,0,0,20000,67000,-47000,-47000
054885,建準統一98購01  ,0,0,0,0,0,0,0,0,0,-47000,0,0,0,0,47000,-47000,-47000
056366,玉晶光元大99購04,0,0,0,0,0,0,0,0,0,-47000,0,0,0,3000,50000,-47000,-47000
055887,上銀統一97購03  ,0,0,0,0,0,0,0,0,0,-47000,0,0,0,50000,97000,-47000,-47000
055635,緯穎永豐97購01  ,0,0,0,0,0,0,0,0,0,-47000,0,0,0,3000,50000,-47000,-47000
055330,上銀兆豐98購02  ,0,0,0,0,0,0,0,0,0,-47000,0,0,0,6000,53000,-47000,-47000
020016,統一MSCI美科技N ,0,0,0,0,0,0,0,0,0,-47000,0,0,0,96000,143000,-47000,-47000
057787,TPK國票99購01   ,0,0,0,0,0,0,0,0,0,-47000,0,0,0,0,47000,-47000,-47000
059450,和大永豐99購01  ,0,0,0,0,0,0,0,0,0,-47000,0,0,0,0,47000,-47000,-47000
057027,祥碩凱基98購01  ,0,0,0,0,0,0,0,0,0,-47000,0,0,0,6000,53000,-47000,-47000
3209,全科            ,204000,330000,-126000,0,0,0,0,0,0,79000,79000,0,79000,0,0,0,-47000
3034,聯詠            ,4343000,3944156,398844,0,0,0,7000,421000,-414000,-32000,286000,293000,-7000,32000,57000,-25000,-47156
062179,旺宏元大9B購05  ,0,0,0,0,0,0,0,0,0,-48000,0,0,0,2000,50000,-48000,-48000
061336,國巨元大9A購20  ,0,0,0,0,0,0,0,0,0,-48000,0,0,0,16000,64000,-48000,-48000
061353,康控元大9A購01  ,0,0,0,0,0,0,0,0,0,-48000,0,0,0,30000,78000,-48000,-48000
052963,智邦凱基96購02  ,0,0,0,0,0,0,0,0,0,-48000,0,0,0,30000,78000,-48000,-48000
058518,玉晶光元大99購13,0,0,0,0,0,0,0,0,0,-48000,0,0,0,215000,263000,-48000,-48000
055974,上銀統一97購05  ,0,0,0,0,0,0,0,0,0,-48000,0,0,0,0,48000,-48000,-48000
054947,興勤元大97購01  ,0,0,0,0,0,0,0,0,0,-48000,0,0,0,20000,68000,-48000,-48000
057022,智邦凱基98購04  ,0,0,0,0,0,0,0,0,0,-48000,0,0,0,9000,57000,-48000,-48000
056943,華通統一99購01  ,0,0,0,0,0,0,0,0,0,-48000,0,0,0,26000,74000,-48000,-48000
058885,元石油元大9C購02,0,0,0,0,0,0,0,0,0,-48000,0,0,0,0,48000,-48000,-48000
056535,全新凱基99購02  ,0,0,0,0,0,0,0,0,0,-48000,0,0,0,0,48000,-48000,-48000
057352,大立光統一9A購02,0,0,0,0,0,0,0,0,0,-48000,0,0,0,0,48000,-48000,-48000
07965P,玉晶光群益01售02,10000,0,10000,0,0,0,0,0,0,-58000,0,0,0,101000,159000,-58000,-48000
2425,承啟            ,112000,169212,-57212,0,0,0,0,0,0,9000,9000,0,9000,0,0,0,-48212
1707,葡萄王          ,100500,127000,-26500,0,0,0,0,0,0,-22000,0,20000,-20000,1000,3000,-2000,-48500
061567,華通元大9A購11  ,0,0,0,0,0,0,0,0,0,-49000,0,0,0,12000,61000,-49000,-49000
060692,鴻海麥證9A購01  ,0,0,0,32000,81000,-49000,0,0,0,-49000,0,0,0,32000,81000,-49000,-49000
061983,華新科元大9B購04,0,0,0,0,0,0,0,0,0,-49000,0,0,0,1000,50000,-49000,-49000
061991,牧德元大9C購01  ,0,0,0,0,0,0,0,0,0,-49000,0,0,0,1000,50000,-49000,-49000
055704,亞德客永豐97購04,0,0,0,0,0,0,0,0,0,-49000,0,0,0,1000,50000,-49000,-49000
055805,矽力永豐97購01  ,0,0,0,0,0,0,0,0,0,-49000,0,0,0,70000,119000,-49000,-49000
056423,奇鋐統一98購01  ,0,0,0,0,0,0,0,0,0,-49000,0,0,0,31000,80000,-49000,-49000
052686,華新科元大96購03,0,0,0,0,0,0,0,0,0,-49000,0,0,0,0,49000,-49000,-49000
057413,臺股指群益9C購04,0,0,0,0,0,0,0,0,0,-49000,0,0,0,12000,61000,-49000,-49000
057023,美律凱基99購02  ,0,0,0,0,0,0,0,0,0,-49000,0,0,0,0,49000,-49000,-49000
057548,微星凱基99購01  ,0,0,0,0,0,0,0,0,0,-49000,0,0,0,11000,60000,-49000,-49000
059113,群光永豐99購01  ,0,0,0,0,0,0,0,0,0,-49000,0,0,0,0,49000,-49000,-49000
059769,滬深2X群益9C購01,0,0,0,0,0,0,0,0,0,-49000,0,0,0,0,49000,-49000,-49000
060199,台郡元富9A購01  ,0,0,0,0,0,0,0,0,0,-49000,0,0,0,0,49000,-49000,-49000
07789P,緯穎群益9A售03  ,0,0,0,0,0,0,0,0,0,-49000,0,0,0,50000,99000,-49000,-49000
061997,台郡元大9B購03  ,0,0,0,0,0,0,0,0,0,-50000,0,0,0,0,50000,-50000,-50000
061868,旺宏元大9B購03  ,0,0,0,0,0,0,0,0,0,-50000,0,0,0,19000,69000,-50000,-50000
062032,崇越群益9B購01  ,0,0,0,0,0,0,0,0,0,-50000,0,0,0,98000,148000,-50000,-50000
062090,南電元大9B購02  ,0,0,0,0,0,0,0,0,0,-50000,0,0,0,0,50000,-50000,-50000
062074,旺宏元大9B購04  ,0,0,0,0,0,0,0,0,0,-50000,0,0,0,0,50000,-50000,-50000
062080,奇力新元大9B購02,0,0,0,0,0,0,0,0,0,-50000,0,0,0,0,50000,-50000,-50000
062263,康控元大9B購03  ,0,0,0,0,0,0,0,0,0,-50000,0,0,0,0,50000,-50000,-50000
062190,瀚宇博元大9B購01,0,0,0,0,0,0,0,0,0,-50000,0,0,0,0,50000,-50000,-50000
062204,京元電國票9C購01,0,0,0,0,0,0,0,0,0,-50000,0,0,0,8000,58000,-50000,-50000
06669P,緯穎凱基98售05  ,0,0,0,0,0,0,0,0,0,-50000,0,0,0,150000,200000,-50000,-50000
06539P,聯發科凱基98售12,0,0,0,0,0,0,0,0,0,-50000,0,0,0,0,50000,-50000,-50000
060822,華通元大9A購05  ,0,0,0,0,0,0,0,0,0,-50000,0,0,0,1000,51000,-50000,-50000
060829,T50反1國票9A購06,0,0,0,0,0,0,0,0,0,-50000,0,0,0,0,50000,-50000,-50000
060980,台積電元大9A購21,0,0,0,0,0,0,0,0,0,-50000,0,0,0,0,50000,-50000,-50000
061568,國巨元大9A購25  ,0,0,0,0,0,0,0,0,0,-50000,0,0,0,5000,55000,-50000,-50000
061575,華新科元大9A購20,0,0,0,0,0,0,0,0,0,-50000,0,0,0,0,50000,-50000,-50000
061638,國泰金元大9A購03,0,0,0,0,0,0,0,0,0,-50000,0,0,0,0,50000,-50000,-50000
061751,華通台新9B購01  ,0,0,0,0,0,0,0,0,0,-50000,0,0,0,0,50000,-50000,-50000
061711,台積電凱基9A購27,0,0,0,0,0,0,0,0,0,-50000,0,0,0,0,50000,-50000,-50000
061474,瑞昱元大9A購04  ,0,0,0,0,0,0,0,0,0,-50000,0,0,0,118000,168000,-50000,-50000
061483,TPK元大9A購01   ,0,0,0,0,0,0,0,0,0,-50000,0,0,0,0,50000,-50000,-50000
061232,和大元大9A購03  ,0,0,0,0,0,0,0,0,0,-50000,0,0,0,0,50000,-50000,-50000
061236,台積電元大9A購24,0,0,0,0,0,0,0,0,0,-50000,0,0,0,0,50000,-50000,-50000
061282,台積電統一9C購06,0,0,0,0,0,0,0,0,0,-50000,0,0,0,0,50000,-50000,-50000
056480,京鼎元大98購02  ,0,0,0,0,0,0,0,0,0,-50000,0,0,0,168000,218000,-50000,-50000
053246,聯詠國票97購02  ,0,0,0,0,0,0,0,0,0,-50000,0,0,0,0,50000,-50000,-50000
053361,友達元富99購01  ,0,0,0,0,0,0,0,0,0,-50000,0,0,0,0,50000,-50000,-50000
053398,和鑫中信99購01  ,0,0,0,0,0,0,0,0,0,-50000,0,0,0,0,50000,-50000,-50000
051696,新日興中信96購01,0,0,0,0,0,0,0,0,0,-50000,0,0,0,0,50000,-50000,-50000
052374,瑞昱元大95購02  ,0,0,0,0,0,0,0,0,0,-50000,0,0,0,0,50000,-50000,-50000
050220,台積電元富96購01,0,0,0,0,0,0,0,0,0,-50000,0,0,0,0,50000,-50000,-50000
050271,上緯控元大96購01,0,0,0,0,0,0,0,0,0,-50000,0,0,0,0,50000,-50000,-50000
03669C,滬深2X元富09牛01,0,0,0,0,0,0,0,0,0,-50000,0,0,0,50000,100000,-50000,-50000
048188,臺指反元大96購05,0,0,0,0,0,0,0,0,0,-50000,0,0,0,0,50000,-50000,-50000
054279,揚明光群益98購01,0,0,0,0,0,0,0,0,0,-50000,0,0,0,0,50000,-50000,-50000
054258,牧德元大97購01  ,0,0,0,0,0,0,0,0,0,-50000,0,0,0,15000,65000,-50000,-50000
055919,景碩凱基98購02  ,0,0,0,0,0,0,0,0,0,-50000,0,0,0,0,50000,-50000,-50000
058502,鴻海元大99購13  ,0,0,0,0,0,0,0,0,0,-50000,0,0,0,0,50000,-50000,-50000
054710,東元元富97購01  ,0,0,0,0,0,0,0,0,0,-50000,0,0,0,171000,221000,-50000,-50000
058572,百和凱基9A購01  ,0,0,0,0,0,0,0,0,0,-50000,0,0,0,0,50000,-50000,-50000
055036,中工富邦9B購01  ,0,0,0,0,0,0,0,0,0,-50000,0,0,0,0,50000,-50000,-50000
055492,華新科元大97購08,0,0,0,0,0,0,0,0,0,-50000,0,0,0,0,50000,-50000,-50000
055385,昇陽半元大98購01,0,0,0,0,0,0,0,0,0,-50000,0,0,0,0,50000,-50000,-50000
055369,友訊元大97購01  ,0,0,0,0,0,0,0,0,0,-50000,0,0,0,0,50000,-50000,-50000
055991,鈺齊元富97購01  ,0,0,0,0,0,0,0,0,0,-50000,0,0,0,0,50000,-50000,-50000
056133,可成元大97購05  ,0,0,0,0,0,0,0,0,0,-50000,0,0,0,0,50000,-50000,-50000
056146,台虹元大98購01  ,0,0,0,0,0,0,0,0,0,-50000,0,0,0,0,50000,-50000,-50000
056326,TPK兆豐98購01   ,0,0,0,0,0,0,0,0,0,-50000,0,0,0,0,50000,-50000,-50000
060178,T50反1元富04購05,0,0,0,0,0,0,0,0,0,-50000,0,0,0,0,50000,-50000,-50000
060466,玉山金元大9A購01,0,0,0,0,0,0,0,0,0,-50000,0,0,0,0,50000,-50000,-50000
060398,立積國票9B購01  ,0,0,0,0,0,0,0,0,0,-50000,0,0,0,0,50000,-50000,-50000
059791,超眾元大99購06  ,0,0,0,0,0,0,0,0,0,-50000,0,0,0,0,50000,-50000,-50000
060084,聯電元大99購02  ,0,0,0,0,0,0,0,0,0,-50000,0,0,0,0,50000,-50000,-50000
060021,立積康和99購01  ,0,0,0,0,0,0,0,0,0,-50000,0,0,0,0,50000,-50000,-50000
058091,欣興元大99購03  ,0,0,0,0,0,0,0,0,0,-50000,0,0,0,66000,116000,-50000,-50000
056717,康友永豐98購01  ,0,0,0,0,0,0,0,0,0,-50000,0,0,0,0,50000,-50000,-50000
057524,旺宏元大99購04  ,0,0,0,0,0,0,0,0,0,-50000,0,0,0,0,50000,-50000,-50000
057114,台虹群益98購01  ,0,0,0,0,0,0,0,0,0,-50000,0,0,0,0,50000,-50000,-50000
05759P,智邦永豐96售02  ,0,0,0,0,0,0,0,0,0,-50000,0,0,0,0,50000,-50000,-50000
057304,為升兆豐99購02  ,0,0,0,0,0,0,0,0,0,-50000,0,0,0,0,50000,-50000,-50000
057286,群創元大9B購05  ,0,0,0,0,0,0,0,0,0,-50000,0,0,0,20000,70000,-50000,-50000
057421,智原凱基98購04  ,0,0,0,0,0,0,0,0,0,-50000,0,0,0,0,50000,-50000,-50000
058262,大立光富邦9C購02,0,0,0,0,0,0,0,0,0,-50000,0,0,0,0,50000,-50000,-50000
058371,智原凱基9A購01  ,0,0,0,0,0,0,0,0,0,-50000,0,0,0,16000,66000,-50000,-50000
057458,TPK富邦9A購01   ,0,0,0,0,0,0,0,0,0,-50000,0,0,0,0,50000,-50000,-50000
057505,健策麥證98購01  ,0,0,0,0,50000,-50000,0,0,0,-50000,0,0,0,0,50000,-50000,-50000
057490,可成元大98購10  ,0,0,0,0,0,0,0,0,0,-50000,0,0,0,0,50000,-50000,-50000
058911,茂林元大99購04  ,0,0,0,0,0,0,0,0,0,-50000,0,0,0,0,50000,-50000,-50000
07662P,台積電兆豐9A售03,0,0,0,0,0,0,0,0,0,-50000,0,0,0,0,50000,-50000,-50000
07974P,上証2X元大9B售02,0,0,0,0,0,0,0,0,0,-50000,0,0,0,0,50000,-50000,-50000
07978P,茂林群益9B售02  ,0,0,0,0,0,0,0,0,0,-50000,0,0,0,0,50000,-50000,-50000
07550P,國巨元大9A售09  ,0,0,0,0,0,0,0,0,0,-50000,0,0,0,0,50000,-50000,-50000
07212P,聯發科凱基99售14,0,0,0,0,0,0,0,0,0,-50000,0,0,0,0,50000,-50000,-50000
07293P,臺股指凱基99售45,0,0,0,0,0,0,0,0,0,-50000,0,0,0,0,50000,-50000,-50000
061319,聯發科凱基9A購16,10000,0,10000,0,0,0,0,0,0,-61000,0,0,0,5000,66000,-61000,-51000
06517P,國巨凱基98售09  ,0,0,0,0,0,0,0,0,0,-51000,0,0,0,5000,56000,-51000,-51000
062324,上銀統一9B購04  ,0,0,0,0,0,0,0,0,0,-51000,0,0,0,0,51000,-51000,-51000
055744,茂林元富97購02  ,0,0,0,0,0,0,0,0,0,-51000,0,0,0,1000,52000,-51000,-51000
04831P,聯詠富邦96售01  ,0,0,0,0,0,0,0,0,0,-51000,0,0,0,15000,66000,-51000,-51000
052130,國巨凱基9B購01  ,0,0,0,0,0,0,0,0,0,-51000,0,0,0,148000,199000,-51000,-51000
057295,可成永豐98購02  ,0,0,0,0,0,0,0,0,0,-51000,0,0,0,22000,73000,-51000,-51000
057102,亞光中信9A購01  ,0,0,0,0,0,0,0,0,0,-51000,0,0,0,0,51000,-51000,-51000
059987,大立光元大99購28,0,0,0,0,0,0,0,0,0,-51000,0,0,0,0,51000,-51000,-51000
060234,凱美元大9C購01  ,0,0,0,0,0,0,0,0,0,-51000,0,0,0,0,51000,-51000,-51000
060310,瑞昱永豐9A購01  ,0,0,0,0,0,0,0,0,0,-51000,0,0,0,40000,91000,-51000,-51000
07793P,同欣電元大9A售02,0,0,0,0,0,0,0,0,0,-51000,0,0,0,45000,96000,-51000,-51000
06616P,國巨元大98售15  ,0,0,0,0,0,0,0,0,0,-52000,0,0,0,67000,119000,-52000,-52000
06882P,聯發科群益98售07,0,0,0,0,0,0,0,0,0,-52000,0,0,0,58000,110000,-52000,-52000
07055P,景碩群益9A售02  ,0,0,0,0,0,0,0,0,0,-52000,0,0,0,28000,80000,-52000,-52000
061288,大立光統一9C購01,0,0,0,0,0,0,0,0,0,-52000,0,0,0,0,52000,-52000,-52000
050911,光磊中信98購01  ,0,0,0,0,0,0,0,0,0,-52000,0,0,0,28000,80000,-52000,-52000
00703,台新MSCI中國    ,0,0,0,0,0,0,0,0,0,-52000,0,0,0,51000,103000,-52000,-52000
058587,台積電中信9C購03,0,0,0,0,0,0,0,0,0,-52000,0,0,0,0,52000,-52000,-52000
054874,帆宣群益99購02  ,0,0,0,0,0,0,0,0,0,-52000,0,0,0,0,52000,-52000,-52000
060467,神基元大9A購01  ,0,0,0,0,0,0,0,0,0,-52000,0,0,0,53000,105000,-52000,-52000
05805P,義隆永豐96售02  ,0,0,0,0,0,0,0,0,0,-52000,0,0,0,221000,273000,-52000,-52000
057514,華新科元富99購03,0,0,0,0,0,0,0,0,0,-52000,0,0,0,0,52000,-52000,-52000
059057,聯發科凱基99購10,0,0,0,0,0,0,0,0,0,-52000,0,0,0,0,52000,-52000,-52000
057493,聯詠元大98購02  ,0,0,0,0,0,0,0,0,0,-52000,0,0,0,12000,64000,-52000,-52000
056559,華通群益98購02  ,0,0,0,0,0,0,0,0,0,-52000,0,0,0,215000,267000,-52000,-52000
058369,亞光凱基99購02  ,0,0,0,0,0,0,0,0,0,-52000,0,0,0,0,52000,-52000,-52000
061188,大成鋼富邦9B購01,0,0,0,0,0,0,0,0,0,-53000,0,0,0,188000,241000,-53000,-53000
061164,燿華兆豐9B購01  ,0,0,0,0,0,0,0,0,0,-53000,0,0,0,141000,194000,-53000,-53000
061520,健策中信9A購01  ,0,0,0,0,0,0,0,0,0,-53000,0,0,0,47000,100000,-53000,-53000
06982P,義隆凱基99售02  ,0,0,0,0,0,0,0,0,0,-53000,0,0,0,222000,275000,-53000,-53000
06912P,台光電元大99售02,0,0,0,0,0,0,0,0,0,-53000,0,0,0,18000,71000,-53000,-53000
061962,台積電統一01購03,0,0,0,0,0,0,0,0,0,-53000,0,0,0,0,53000,-53000,-53000
05478P,智伸科國票96售02,0,0,0,0,0,0,0,0,0,-53000,0,0,0,20000,73000,-53000,-53000
054778,世紀鋼國票99購01,0,0,0,0,0,0,0,0,0,-53000,0,0,0,30000,83000,-53000,-53000
058210,臺股指凱基9C購04,0,0,0,0,0,0,0,0,0,-53000,0,0,0,0,53000,-53000,-53000
055631,創意永豐98購01  ,0,0,0,0,0,0,0,0,0,-53000,0,0,0,72000,125000,-53000,-53000
053293,聯發科中信9B購01,0,0,0,0,0,0,0,0,0,-53000,0,0,0,532000,585000,-53000,-53000
055297,啟碁元大97購01  ,0,0,0,0,0,0,0,0,0,-53000,0,0,0,15000,68000,-53000,-53000
059240,台積電凱基9A購09,0,0,0,0,0,0,0,0,0,-53000,0,0,0,8000,61000,-53000,-53000
057397,茂林中信9A購01  ,0,0,0,0,0,0,0,0,0,-53000,0,0,0,1000,54000,-53000,-53000
058043,鴻海元大98購13  ,0,0,0,0,0,0,0,0,0,-53000,0,0,0,110000,163000,-53000,-53000
058086,鴻海元大98購14  ,0,0,0,0,0,0,0,0,0,-53000,0,0,0,0,53000,-53000,-53000
07560P,台積電國泰9B售01,0,0,0,0,0,0,0,0,0,-53000,0,0,0,137000,190000,-53000,-53000
2013,中鋼構          ,90000,143000,-53000,0,0,0,0,0,0,0,0,0,0,0,0,0,-53000
2231,為升            ,108000,170000,-62000,0,0,0,6000,0,6000,3000,3000,0,3000,9000,9000,0,-53000
1532,勤美            ,51000,115000,-64000,0,0,0,0,0,0,11000,11000,0,11000,0,0,0,-53000
2520,冠德            ,95000,167000,-72000,0,0,0,0,0,0,19000,19000,0,19000,0,0,0,-53000
062011,上銀富邦9C購01  ,0,0,0,0,0,0,0,0,0,-54000,0,0,0,0,54000,-54000,-54000
06631P,玉晶光群益9A售03,0,0,0,0,0,0,0,0,0,-54000,0,0,0,16000,70000,-54000,-54000
061553,南電群益9A購03  ,0,0,0,0,0,0,0,0,0,-54000,0,0,0,1000,55000,-54000,-54000
061771,玉晶光元大9C購04,0,0,0,0,0,0,0,0,0,-54000,0,0,0,20000,74000,-54000,-54000
053423,亞光永豐96購01  ,0,0,0,0,0,0,0,0,0,-54000,0,0,0,0,54000,-54000,-54000
00656R,國泰中國A50反1  ,0,0,0,0,0,0,0,0,0,-54000,0,0,0,29000,83000,-54000,-54000
0052,富邦科技        ,0,0,0,0,0,0,0,0,0,-54000,0,0,0,104000,158000,-54000,-54000
08009P,華擎統一9B售02  ,0,0,0,0,0,0,0,0,0,-54000,0,0,0,0,54000,-54000,-54000
061514,泰碩永豐9A購02  ,0,0,0,0,0,0,0,0,0,-55000,0,0,0,4000,59000,-55000,-55000
061271,聯茂凱基9A購04  ,0,0,0,0,0,0,0,0,0,-55000,0,0,0,25000,80000,-55000,-55000
06458P,玉晶光統一9A售02,0,0,0,0,0,0,0,0,0,-55000,0,0,0,25000,80000,-55000,-55000
062579,華通統一01購02  ,0,0,0,0,0,0,0,0,0,-55000,0,0,0,0,55000,-55000,-55000
052546,友達中信98購01  ,0,0,0,0,0,0,0,0,0,-55000,0,0,0,0,55000,-55000,-55000
054177,牧德台新97購01  ,0,0,0,0,0,0,0,0,0,-55000,0,0,0,0,55000,-55000,-55000
058298,聯茂凱基99購05  ,0,0,0,0,0,0,0,0,0,-55000,0,0,0,45000,100000,-55000,-55000
054875,群電群益97購01  ,0,0,0,0,0,0,0,0,0,-55000,0,0,0,0,55000,-55000,-55000
059729,群創元大9C購05  ,0,0,0,0,0,0,0,0,0,-55000,0,0,0,0,55000,-55000,-55000
060170,世紀鋼永豐9A購01,0,0,0,0,0,0,0,0,0,-55000,0,0,0,33000,88000,-55000,-55000
060043,全新群益9B購02  ,0,0,0,0,0,0,0,0,0,-55000,0,0,0,14000,69000,-55000,-55000
059867,華邦電凱基99購02,0,0,0,0,0,0,0,0,0,-55000,0,0,0,31000,86000,-55000,-55000
058851,大立光群益99購07,0,0,0,0,0,0,0,0,0,-55000,0,0,0,0,55000,-55000,-55000
056670,樺漢國票99購01  ,0,0,0,0,0,0,0,0,0,-55000,0,0,0,40000,95000,-55000,-55000
3031,佰鴻            ,14000,73000,-59000,0,0,0,0,0,0,4000,4000,0,4000,0,0,0,-55000
061981,聯發科元大9B購02,0,0,0,0,0,0,0,0,0,-56000,0,0,0,1000,57000,-56000,-56000
062178,上銀元大9B購03  ,0,0,0,0,0,0,0,0,0,-56000,0,0,0,13000,69000,-56000,-56000
062166,致新國泰01購01  ,0,0,0,0,0,0,0,0,0,-56000,0,0,0,116000,172000,-56000,-56000
060901,臺股指凱基9A購13,0,0,0,0,0,0,0,0,0,-56000,0,0,0,0,56000,-56000,-56000
060733,和大統一9C購01  ,0,0,0,0,0,0,0,0,0,-56000,0,0,0,0,56000,-56000,-56000
058293,光寶科凱基9A購01,0,0,0,0,0,0,0,0,0,-56000,0,0,0,13000,69000,-56000,-56000
050894,旺宏元大96購03  ,0,0,0,0,0,0,0,0,0,-56000,0,0,0,44000,100000,-56000,-56000
059148,百和國票9A購01  ,0,0,0,0,0,0,0,0,0,-56000,0,0,0,10000,66000,-56000,-56000
057039,元油2X元大9B購07,0,0,0,0,0,0,0,0,0,-56000,0,0,0,0,56000,-56000,-56000
058245,訊連元大99購01  ,0,0,0,0,0,0,0,0,0,-56000,0,0,0,247000,303000,-56000,-56000
056506,晶豪科永豐98購02,0,0,0,0,0,0,0,0,0,-56000,0,0,0,0,56000,-56000,-56000
060072,國巨元富99購04  ,0,0,0,0,0,0,0,0,0,-56000,0,0,0,110000,166000,-56000,-56000
058099,鴻海國泰9A購02  ,0,0,0,0,0,0,0,0,0,-56000,0,0,0,501000,557000,-56000,-56000
1229,聯華            ,455000,511000,-56000,0,0,0,0,0,0,0,0,0,0,0,0,0,-56000
07554P,玉晶光元大9A售06,0,0,0,0,0,0,0,0,0,-56000,0,0,0,65000,121000,-56000,-56000
060556,緯穎凱基9A購04  ,0,0,0,0,0,0,0,0,0,-57000,0,0,0,103000,160000,-57000,-57000
062274,台積電群益9B購04,0,0,0,0,0,0,0,0,0,-57000,0,0,0,1000,58000,-57000,-57000
062633,亞光國票9B購01  ,0,0,0,0,0,0,0,0,0,-57000,0,0,0,0,57000,-57000,-57000
06726P,欣興元富98售04  ,0,0,0,0,0,0,0,0,0,-57000,0,0,0,61000,118000,-57000,-57000
050282,T50反1凱基97購01,0,0,0,0,0,0,0,0,0,-57000,0,0,0,0,57000,-57000,-57000
052705,超眾國票97購01  ,0,0,0,0,0,0,0,0,0,-57000,0,0,0,0,57000,-57000,-57000
055626,力山永豐97購01  ,0,0,0,0,0,0,0,0,0,-57000,0,0,0,0,57000,-57000,-57000
055688,力成凱基98購02  ,0,0,0,0,0,0,0,0,0,-57000,0,0,0,3000,60000,-57000,-57000
059950,百和永豐99購02  ,0,0,0,0,0,0,0,0,0,-57000,0,0,0,0,57000,-57000,-57000
060314,元翎永豐9A購01  ,0,0,0,0,0,0,0,0,0,-57000,0,0,0,11000,68000,-57000,-57000
060380,T50反1凱基9A購08,0,0,0,0,0,0,0,0,0,-57000,0,0,0,3000,60000,-57000,-57000
058370,聯詠凱基99購01  ,0,0,0,0,0,0,0,0,0,-57000,0,0,0,0,57000,-57000,-57000
07644P,南電凱基9A售03  ,0,0,0,0,0,0,0,0,0,-57000,0,0,0,156000,213000,-57000,-57000
2511,太子            ,77000,134000,-57000,0,0,0,0,0,0,0,0,0,0,0,0,0,-57000
6224,聚鼎            ,13000,7000,6000,0,0,0,0,0,0,-63000,2000,65000,-63000,0,0,0,-57000
062646,聯發科國泰01購02,0,0,0,0,0,0,0,0,0,-58000,0,0,0,26000,84000,-58000,-58000
062177,上銀元大9B購02  ,0,0,0,0,0,0,0,0,0,-58000,0,0,0,46000,104000,-58000,-58000
062098,億光永豐9B購01  ,0,0,0,0,0,0,0,0,0,-58000,0,0,0,0,58000,-58000,-58000
061105,宏達電元大9A購04,0,0,0,0,0,0,0,0,0,-58000,0,0,0,10000,68000,-58000,-58000
061532,和大統一9C購02  ,0,0,0,0,0,0,0,0,0,-58000,0,0,0,0,58000,-58000,-58000
058670,鴻海群益9A購03  ,0,0,0,0,0,0,0,0,0,-58000,0,0,0,30000,88000,-58000,-58000
056394,晶豪科永豐98購01,0,0,0,0,0,0,0,0,0,-58000,0,0,0,47000,105000,-58000,-58000
048192,華通元大96購01  ,0,0,0,0,0,0,0,0,0,-58000,0,0,0,5000,63000,-58000,-58000
059263,瑞昱中信01購01  ,0,0,0,0,0,0,0,0,0,-58000,0,0,0,22000,80000,-58000,-58000
058263,大成鋼永豐99購01,0,0,0,0,0,0,0,0,0,-58000,0,0,0,0,58000,-58000,-58000
05976P,國巨凱基96售14  ,0,0,0,0,0,0,0,0,0,-58000,0,0,0,150000,208000,-58000,-58000
057713,美律統一99購01  ,0,0,0,0,0,0,0,0,0,-58000,0,0,0,0,58000,-58000,-58000
5234,達興材料        ,9000,17000,-8000,0,0,0,0,0,0,-50000,0,50000,-50000,0,0,0,-58000
061489,高鐵兆豐9A購01  ,0,0,0,0,0,0,0,0,0,-59000,0,0,0,45000,104000,-59000,-59000
062519,元金2X元大9B購03,0,0,0,0,0,0,0,0,0,-59000,0,0,0,0,59000,-59000,-59000
06265P,美律凱基97售01  ,0,0,0,0,0,0,0,0,0,-59000,0,0,0,40000,99000,-59000,-59000
05161P,華新科國票96售01,0,0,0,0,0,0,0,0,0,-59000,0,0,0,15000,74000,-59000,-59000
055173,瑞昱統一97購01  ,0,0,0,0,0,0,0,0,0,-59000,0,0,0,68000,127000,-59000,-59000
058575,智邦群益99購01  ,0,0,0,0,0,0,0,0,0,-59000,0,0,0,2000,61000,-59000,-59000
058693,旭富國票9A購01  ,0,0,0,0,0,0,0,0,0,-59000,0,0,0,65000,124000,-59000,-59000
060379,T50反1凱基9A購07,0,0,0,0,0,0,0,0,0,-59000,0,0,0,40000,99000,-59000,-59000
060200,同欣電元富9A購01,0,0,0,0,0,0,0,0,0,-59000,0,0,0,65000,124000,-59000,-59000
057088,上銀元富98購01  ,0,0,0,0,0,0,0,0,0,-59000,0,0,0,0,59000,-59000,-59000
1231,聯華食          ,41000,3000,38000,0,0,0,0,0,0,-97000,0,97000,-97000,0,0,0,-59000
1783,和康生          ,203000,265000,-62000,0,0,0,0,0,0,3000,3000,0,3000,0,0,0,-59000
07917P,可成永豐9B售01  ,0,0,0,0,0,0,0,0,0,-59000,0,0,0,27000,86000,-59000,-59000
061445,道瓊指中信9A購01,0,0,0,0,0,0,0,0,0,-60000,0,0,0,0,60000,-60000,-60000
061361,世紀鋼兆豐9A購01,0,0,0,0,0,0,0,0,0,-60000,0,0,0,30000,90000,-60000,-60000
061254,道瓊反凱基9A購02,0,0,0,0,0,0,0,0,0,-60000,0,0,0,0,60000,-60000,-60000
061229,緯穎中信9B購01  ,0,0,0,0,0,0,0,0,0,-60000,0,0,0,28000,88000,-60000,-60000
061709,SP黃豆凱基01購02,0,0,0,0,0,0,0,0,0,-60000,0,0,0,0,60000,-60000,-60000
060888,金像電統一9C購01,0,0,0,0,0,0,0,0,0,-60000,0,0,0,124000,184000,-60000,-60000
060757,台積電元大9A購18,0,0,0,0,0,0,0,0,0,-60000,0,0,0,0,60000,-60000,-60000
054943,群光元大97購01  ,0,0,0,0,0,0,0,0,0,-60000,0,0,0,108000,168000,-60000,-60000
056213,建準國票98購02  ,0,0,0,0,0,0,0,0,0,-60000,0,0,0,0,60000,-60000,-60000
056182,台光電統一97購03,0,0,0,0,0,0,0,0,0,-60000,0,0,0,10000,70000,-60000,-60000
053377,台積電元大98購01,0,0,0,0,0,0,0,0,0,-60000,0,0,0,0,60000,-60000,-60000
052972,義隆群益96購04  ,0,0,0,0,0,0,0,0,0,-60000,0,0,0,0,60000,-60000,-60000
052367,聯茂國票96購02  ,0,0,0,0,0,0,0,0,0,-60000,0,0,0,0,60000,-60000,-60000
053645,臺股指國票96購08,0,0,0,0,0,0,0,0,0,-60000,0,0,0,0,60000,-60000,-60000
057158,義隆永豐99購01  ,0,0,0,0,0,0,0,0,0,-60000,0,0,0,0,60000,-60000,-60000
056926,日月光兆豐98購01,0,0,0,0,0,0,0,0,0,-60000,0,0,0,0,60000,-60000,-60000
056574,亞光元大99購03  ,0,0,0,0,0,0,0,0,0,-60000,0,0,0,2000,62000,-60000,-60000
057916,國巨凱基98購13  ,0,0,0,0,0,0,0,0,0,-60000,0,0,0,0,60000,-60000,-60000
056560,旺宏群益98購03  ,0,0,0,0,0,0,0,0,0,-60000,0,0,0,120000,180000,-60000,-60000
058922,聯發科元富03購02,0,0,0,0,0,0,0,0,0,-60000,0,0,0,0,60000,-60000,-60000
060340,國巨統一01購02  ,0,0,0,0,0,0,0,0,0,-60000,0,0,0,10000,70000,-60000,-60000
060436,巨大永豐9A購01  ,0,0,0,0,0,0,0,0,0,-60000,0,0,0,114000,174000,-60000,-60000
059928,道瓊銀富邦03購01,0,0,0,0,0,0,0,0,0,-60000,0,0,0,96000,156000,-60000,-60000
060017,全新康和99購01  ,0,0,0,0,0,0,0,0,0,-60000,0,0,0,0,60000,-60000,-60000
057776,京元電群益98購02,0,0,0,0,0,0,0,0,0,-60000,0,0,0,0,60000,-60000,-60000
057667,可成元大99購01  ,0,0,0,0,0,0,0,0,0,-60000,0,0,0,0,60000,-60000,-60000
059691,大立光永豐99購02,0,0,0,0,0,0,0,0,0,-60000,0,0,0,0,60000,-60000,-60000
059663,旭富元大9C購02  ,0,0,0,0,0,0,0,0,0,-60000,0,0,0,57000,117000,-60000,-60000
05811P,臺股指國票96售04,0,0,0,0,0,0,0,0,0,-60000,0,0,0,0,60000,-60000,-60000
07976P,聯發科群益9C售02,0,0,0,0,0,0,0,0,0,-60000,0,0,0,81000,141000,-60000,-60000
07588P,滬深2X國票9C售01,0,0,0,0,0,0,0,0,0,-60000,0,0,0,0,60000,-60000,-60000
07312P,台灣50元大99售10,0,0,0,0,0,0,0,0,0,-60000,0,0,0,0,60000,-60000,-60000
912398,友佳-DR         ,0,60000,-60000,0,0,0,0,0,0,0,0,0,0,0,0,0,-60000
061518,達方永豐9A購02  ,0,0,0,0,0,0,0,0,0,-61000,0,0,0,1000,62000,-61000,-61000
061371,嘉澤國泰9C購01  ,0,0,0,0,0,0,0,0,0,-61000,0,0,0,0,61000,-61000,-61000
06739P,聯詠兆豐98售02  ,0,0,0,0,0,0,0,0,0,-61000,0,0,0,16000,77000,-61000,-61000
062046,矽格凱基9B購01  ,0,0,0,0,0,0,0,0,0,-61000,0,0,0,0,61000,-61000,-61000
06188P,大立光元富97售01,0,0,0,0,0,0,0,0,0,-61000,0,0,0,11000,72000,-61000,-61000
05640P,旺宏元富96售03  ,0,0,0,0,0,0,0,0,0,-61000,0,0,0,84000,145000,-61000,-61000
058314,欣興富邦9B購01  ,0,0,0,0,0,0,0,0,0,-61000,0,0,0,0,61000,-61000,-61000
059878,聯茂凱基99購07  ,0,0,0,0,0,0,0,0,0,-61000,0,0,0,134000,195000,-61000,-61000
059236,鴻海凱基99購09  ,0,0,0,0,0,0,0,0,0,-61000,0,0,0,58000,119000,-61000,-61000
056962,技嘉永豐98購01  ,0,0,0,0,0,0,0,0,0,-61000,0,0,0,19000,80000,-61000,-61000
057214,瑞昱群益98購01  ,10000,0,10000,0,0,0,0,0,0,-71000,0,0,0,6000,77000,-71000,-61000
057084,立積統一9B購01  ,0,0,0,0,0,0,0,0,0,-61000,0,0,0,176000,237000,-61000,-61000
061903,宏全永豐9B購01  ,0,0,0,0,0,0,0,0,0,-62000,0,0,0,0,62000,-62000,-62000
062434,華通元大9B購04  ,0,0,0,0,0,0,0,0,0,-62000,0,0,0,5000,67000,-62000,-62000
07051P,大立光中信99售02,0,0,0,0,0,0,0,0,0,-62000,0,0,0,8000,70000,-62000,-62000
061446,鴻海中信04購01  ,0,0,0,0,0,0,0,0,0,-62000,0,0,0,10000,72000,-62000,-62000
061782,智邦群益9B購01  ,0,0,0,0,0,0,0,0,0,-62000,0,0,0,100000,162000,-62000,-62000
060593,華通麥證9A購01  ,0,0,0,4000,66000,-62000,0,0,0,-62000,0,0,0,4000,66000,-62000,-62000
061126,京元電永豐9A購02,0,0,0,0,0,0,0,0,0,-62000,0,0,0,0,62000,-62000,-62000
053355,超眾兆豐97購01  ,0,0,0,0,0,0,0,0,0,-62000,0,0,0,0,62000,-62000,-62000
057915,台泥凱基98購01  ,0,0,0,0,0,0,0,0,0,-62000,0,0,0,108000,170000,-62000,-62000
057369,奇力新元大99購05,0,0,0,0,0,0,0,0,0,-62000,0,0,0,6000,68000,-62000,-62000
056711,亞光永豐98購01  ,0,0,0,0,0,0,0,0,0,-62000,0,0,0,0,62000,-62000,-62000
05873P,華通群益97售02  ,0,0,0,0,0,0,0,0,0,-62000,0,0,0,23000,85000,-62000,-62000
6558,興能高          ,78000,141000,-63000,0,0,0,0,0,0,1000,1000,0,1000,0,0,0,-62000
061067,貿聯凱基9A購03  ,0,0,0,0,0,0,0,0,0,-63000,0,0,0,3000,66000,-63000,-63000
060614,T50反1元大9A購06,0,0,0,0,0,0,0,0,0,-63000,0,0,0,0,63000,-63000,-63000
061769,晶技元大9B購03  ,0,0,0,0,0,0,0,0,0,-63000,0,0,0,0,63000,-63000,-63000
061677,泰碩元大9A購05  ,0,0,0,0,0,0,0,0,0,-63000,0,0,0,5000,68000,-63000,-63000
061732,智邦中信9B購01  ,0,0,0,0,0,0,0,0,0,-63000,0,0,0,175000,238000,-63000,-63000
061273,臺股指凱基9A購23,0,0,0,0,0,0,0,0,0,-63000,0,0,0,0,63000,-63000,-63000
07094P,華通國票9A售03  ,0,0,0,0,0,0,0,0,0,-63000,0,0,0,4000,67000,-63000,-63000
062548,智易永豐9B購01  ,0,0,0,0,0,0,0,0,0,-63000,0,0,0,0,63000,-63000,-63000
062432,上銀元大9B購04  ,0,0,0,0,0,0,0,0,0,-63000,0,0,0,0,63000,-63000,-63000
062509,SP黃豆國票9B購03,0,0,0,0,0,0,0,0,0,-63000,0,0,0,0,63000,-63000,-63000
062111,台勝科國票9B購01,0,0,0,0,0,0,0,0,0,-63000,0,0,0,8000,71000,-63000,-63000
055207,致新中信99購01  ,0,0,0,0,0,0,0,0,0,-63000,0,0,0,138000,201000,-63000,-63000
054158,國巨日盛99購01  ,0,0,0,0,0,0,0,0,0,-63000,0,0,0,5000,68000,-63000,-63000
055618,麗豐國票98購01  ,0,0,0,0,0,0,0,0,0,-63000,0,0,0,0,63000,-63000,-63000
056065,奇鋐元大97購01  ,0,0,0,0,0,0,0,0,0,-63000,0,0,0,63000,126000,-63000,-63000
056288,健鼎永豐97購01  ,0,0,0,0,0,0,0,0,0,-63000,0,0,0,5000,68000,-63000,-63000
058129,國巨元大99購10  ,0,0,0,0,0,0,0,0,0,-63000,0,0,0,50000,113000,-63000,-63000
060100,新光金元大9C購01,0,0,0,0,0,0,0,0,0,-63000,0,0,0,37000,100000,-63000,-63000
060229,楠梓電元大9C購01,0,0,0,0,0,0,0,0,0,-63000,0,0,0,0,63000,-63000,-63000
057509,聯發科統一9A購03,0,0,0,0,0,0,0,0,0,-63000,0,0,0,3000,66000,-63000,-63000
2489,瑞軒            ,164000,235000,-71000,0,0,0,0,0,0,8000,10000,2000,8000,0,0,0,-63000
062162,世紀鋼凱基9B購03,0,0,0,0,0,0,0,0,0,-64000,0,0,0,0,64000,-64000,-64000
061889,祥碩富邦9B購01  ,0,0,0,0,0,0,0,0,0,-64000,0,0,0,374000,438000,-64000,-64000
061184,大立光國泰9C購01,0,0,0,0,0,0,0,0,0,-64000,0,0,0,84000,148000,-64000,-64000
061387,鴻海群益9A購05  ,0,0,0,0,0,0,0,0,0,-64000,0,0,0,15000,79000,-64000,-64000
060793,微星永豐9A購01  ,0,0,0,0,0,0,0,0,0,-64000,0,0,0,1000,65000,-64000,-64000
056383,上銀國泰99購01  ,0,0,0,0,0,0,0,0,0,-64000,0,0,0,0,64000,-64000,-64000
055388,華通統一97購03  ,0,0,0,0,0,0,0,0,0,-64000,0,0,0,16000,80000,-64000,-64000
03679C,臺股指元大04牛04,0,0,0,0,0,0,0,0,0,-64000,0,0,0,0,64000,-64000,-64000
00643,群益深証中小    ,202000,204000,-2000,0,0,0,0,0,0,-62000,80000,0,80000,266000,408000,-142000,-64000
059215,台積電元大99購28,0,0,0,0,0,0,0,0,0,-64000,0,0,0,1000,65000,-64000,-64000
059396,T50反1元富99購04,0,0,0,0,0,0,0,0,0,-64000,0,0,0,42000,106000,-64000,-64000
058077,超眾凱基98購02  ,0,0,0,0,0,0,0,0,0,-64000,0,0,0,53000,117000,-64000,-64000
061478,奇鋐元大9A購01  ,0,0,0,0,0,0,0,0,0,-65000,0,0,0,71000,136000,-65000,-65000
061228,聯茂中信9A購01  ,0,0,0,0,0,0,0,0,0,-65000,0,0,0,20000,85000,-65000,-65000
061780,國巨群益9C購01  ,0,0,0,0,0,0,0,0,0,-65000,0,0,0,6000,71000,-65000,-65000
061776,晶技國票9B購01  ,0,0,0,0,0,0,0,0,0,-65000,0,0,0,70000,135000,-65000,-65000
062016,美食永豐9B購01  ,0,0,0,0,0,0,0,0,0,-65000,0,0,0,0,65000,-65000,-65000
06621P,欣興元大98售06  ,0,0,0,0,0,0,0,0,0,-65000,0,0,0,66000,131000,-65000,-65000
06857P,超眾永豐98售02  ,0,0,0,0,0,0,0,0,0,-65000,0,0,0,15000,80000,-65000,-65000
046928,奇鋐富邦97購01  ,0,0,0,0,0,0,0,0,0,-65000,0,0,0,0,65000,-65000,-65000
052927,友達元大98購02  ,0,0,0,0,0,0,0,0,0,-65000,0,0,0,0,65000,-65000,-65000
059685,T50正2永豐99購02,0,0,0,0,0,0,0,0,0,-65000,0,0,0,7000,72000,-65000,-65000
057981,臻鼎永豐98購01  ,0,0,0,0,0,0,0,0,0,-65000,0,0,0,10000,75000,-65000,-65000
060394,欣興麥證9A購01  ,0,0,0,15000,80000,-65000,0,0,0,-65000,0,0,0,15000,80000,-65000,-65000
060395,儒鴻國票9A購01  ,0,0,0,0,0,0,0,0,0,-65000,0,0,0,56000,121000,-65000,-65000
056507,創意永豐98購02  ,0,0,0,0,0,0,0,0,0,-65000,0,0,0,55000,120000,-65000,-65000
059024,大立光統一9B購04,0,0,0,0,0,0,0,0,0,-65000,0,0,0,72000,137000,-65000,-65000
07539P,玉山金台新9A售01,0,0,0,0,0,0,0,0,0,-65000,0,0,0,0,65000,-65000,-65000
07478P,南電康和9A售02  ,0,0,0,0,0,0,0,0,0,-65000,0,0,0,625000,690000,-65000,-65000
060597,華通凱基9A購04  ,0,0,0,0,0,0,0,0,0,-66000,0,0,0,0,66000,-66000,-66000
061054,台積電群益9A購04,0,0,0,0,0,0,0,0,0,-66000,0,0,0,1000,67000,-66000,-66000
054578,世芯元大99購01  ,0,0,0,0,0,0,0,0,0,-66000,0,0,0,3000,69000,-66000,-66000
055835,華邦電元大97購03,0,0,0,0,0,0,0,0,0,-66000,0,0,0,0,66000,-66000,-66000
059217,台積電元大99購30,0,0,0,0,0,0,0,0,0,-66000,0,0,0,0,66000,-66000,-66000
060092,瑞昱元大99購03  ,0,0,0,0,0,0,0,0,0,-66000,0,0,0,98000,164000,-66000,-66000
057767,緯穎凱基98購06  ,0,0,0,0,0,0,0,0,0,-66000,0,0,0,286000,352000,-66000,-66000
061110,超眾元大9A購03  ,0,0,0,0,0,0,0,0,0,-67000,0,0,0,0,67000,-67000,-67000
060493,美律元富01購01  ,0,0,0,0,0,0,0,0,0,-67000,0,0,0,23000,90000,-67000,-67000
061675,華新科元大9A購23,0,0,0,0,0,0,0,0,0,-67000,0,0,0,0,67000,-67000,-67000
06801P,技嘉群益99售02  ,0,0,0,0,0,0,0,0,0,-67000,0,0,0,114000,181000,-67000,-67000
06952P,大立光統一9A售03,0,0,0,0,0,0,0,0,0,-67000,0,0,0,0,67000,-67000,-67000
062289,緯穎群益9B購01  ,0,0,0,0,0,0,0,0,0,-67000,0,0,0,17000,84000,-67000,-67000
058519,嘉澤元大99購01  ,0,0,0,0,0,0,0,0,0,-67000,0,0,0,41000,108000,-67000,-67000
058656,燿華中信99購01  ,0,0,0,0,0,0,0,0,0,-67000,0,0,0,165000,232000,-67000,-67000
056418,台光電元富98購01,0,0,0,0,0,0,0,0,0,-67000,0,0,0,36000,103000,-67000,-67000
059755,宏達電國泰9A購01,0,0,0,0,0,0,0,0,0,-67000,0,0,0,28000,95000,-67000,-67000
057404,貿聯群益99購01  ,0,0,0,0,0,0,0,0,0,-67000,0,0,0,0,67000,-67000,-67000
057570,技嘉永豐98購02  ,0,0,0,0,0,0,0,0,0,-67000,0,0,0,209000,276000,-67000,-67000
07840P,康控元大9A售02  ,0,0,0,0,0,0,0,0,0,-67000,0,0,0,60000,127000,-67000,-67000
061972,華新元大9B購01  ,0,0,0,0,0,0,0,0,0,-68000,0,0,0,0,68000,-68000,-68000
061964,台積電統一01購05,0,0,0,0,0,0,0,0,0,-68000,0,0,0,0,68000,-68000,-68000
061872,友達元大9C購06  ,0,0,0,0,0,0,0,0,0,-68000,0,0,0,0,68000,-68000,-68000
061681,南電元大9A購08  ,0,0,0,0,0,0,0,0,0,-68000,0,0,0,0,68000,-68000,-68000
061763,聯電元大9C購02  ,0,0,0,0,0,0,0,0,0,-68000,0,0,0,0,68000,-68000,-68000
061528,超眾凱基9A購04  ,0,0,0,0,0,0,0,0,0,-68000,0,0,0,0,68000,-68000,-68000
061581,貿聯元大9A購05  ,0,0,0,0,0,0,0,0,0,-68000,0,0,0,0,68000,-68000,-68000
061197,矽創永豐9A購02  ,0,0,0,0,0,0,0,0,0,-68000,0,0,0,132000,200000,-68000,-68000
061421,台積電元大9A購29,0,0,0,0,0,0,0,0,0,-68000,0,0,0,0,68000,-68000,-68000
060500,鴻海元大9A購12  ,0,0,0,0,0,0,0,0,0,-68000,0,0,0,32000,100000,-68000,-68000
060511,群創元大9B購08  ,0,0,0,0,0,0,0,0,0,-68000,0,0,0,0,68000,-68000,-68000
060632,可成富邦9B購01  ,0,0,0,0,0,0,0,0,0,-68000,0,0,0,10000,78000,-68000,-68000
061104,華新科元大9A購13,0,0,0,0,0,0,0,0,0,-68000,0,0,0,0,68000,-68000,-68000
061141,臻鼎統一9A購01  ,0,0,0,0,0,0,0,0,0,-68000,0,0,0,122000,190000,-68000,-68000
060942,智邦國票9A購02  ,0,0,0,0,0,0,0,0,0,-68000,0,0,0,205000,273000,-68000,-68000
053631,欣興兆豐97購01  ,0,0,0,0,0,0,0,0,0,-68000,0,0,0,0,68000,-68000,-68000
058550,南亞科永豐99購01,0,0,0,0,0,0,0,0,0,-68000,0,0,0,0,68000,-68000,-68000
054941,凱美元大97購01  ,0,0,0,0,0,0,0,0,0,-68000,0,0,0,0,68000,-68000,-68000
055850,聯詠元大97購06  ,0,0,0,0,0,0,0,0,0,-68000,0,0,0,0,68000,-68000,-68000
056233,超眾凱基97購02  ,0,0,0,0,0,0,0,0,0,-68000,0,0,0,0,68000,-68000,-68000
057536,康控元大99購03  ,0,0,0,0,0,0,0,0,0,-68000,0,0,0,0,68000,-68000,-68000
057059,易華電元大99購01,0,0,0,0,0,0,0,0,0,-68000,0,0,0,0,68000,-68000,-68000
057074,立積永豐98購01  ,0,0,0,0,0,0,0,0,0,-68000,0,0,0,38000,106000,-68000,-68000
057172,南亞科元大98購03,0,0,0,0,0,0,0,0,0,-68000,0,0,0,0,68000,-68000,-68000
057181,亞光元大98購02  ,0,0,0,0,0,0,0,0,0,-68000,0,0,0,2000,70000,-68000,-68000
057296,智原永豐98購01  ,0,0,0,0,0,0,0,0,0,-68000,0,0,0,0,68000,-68000,-68000
058995,台達電元大99購01,0,0,0,0,0,0,0,0,0,-68000,0,0,0,0,68000,-68000,-68000
059059,宏達電凱基99購03,0,0,0,0,0,0,0,0,0,-68000,0,0,0,0,68000,-68000,-68000
057489,奇力新元大99購06,0,0,0,0,0,0,0,0,0,-68000,0,0,0,0,68000,-68000,-68000
057498,台郡元大98購04  ,0,0,0,0,0,0,0,0,0,-68000,0,0,0,0,68000,-68000,-68000
057874,可成元大99購02  ,0,0,0,0,0,0,0,0,0,-68000,0,0,0,0,68000,-68000,-68000
057817,景碩元大98購01  ,0,0,0,0,0,0,0,0,0,-68000,0,0,0,32000,100000,-68000,-68000
058032,大立光永豐98購05,0,0,0,0,0,0,0,0,0,-68000,0,0,0,0,68000,-68000,-68000
057716,神達統一98購01  ,0,0,0,0,0,0,0,0,0,-68000,0,0,0,0,68000,-68000,-68000
057636,上銀元大98購06  ,0,0,0,0,0,0,0,0,0,-68000,0,0,0,0,68000,-68000,-68000
07814P,華通群益9A售06  ,0,0,0,0,0,0,0,0,0,-68000,0,0,0,17000,85000,-68000,-68000
07420P,可成元大99售07  ,0,0,0,0,0,0,0,0,0,-68000,0,0,0,380000,448000,-68000,-68000
1519,華城            ,155000,68000,87000,0,0,0,0,0,0,-155000,0,155000,-155000,0,0,0,-68000
061461,元金2X群益9A購01,0,0,0,0,0,0,0,0,0,-69000,0,0,0,1000,70000,-69000,-69000
062499,鴻海群益01購01  ,0,0,0,0,0,0,0,0,0,-69000,0,0,0,0,69000,-69000,-69000
054807,台化元大9A購02  ,0,0,0,0,0,0,0,0,0,-69000,0,0,0,1000,70000,-69000,-69000
055817,京鼎國票99購01  ,0,0,0,0,0,0,0,0,0,-69000,0,0,0,30000,99000,-69000,-69000
056893,智邦元大98購02  ,0,0,0,0,0,0,0,0,0,-69000,0,0,0,12000,81000,-69000,-69000
060338,鴻海統一9C購02  ,0,0,0,0,0,0,0,0,0,-69000,0,0,0,1000,70000,-69000,-69000
057975,台積電永豐98購05,0,0,0,0,0,0,0,0,0,-69000,0,0,0,0,69000,-69000,-69000
07708P,玉晶光元大9A售13,0,0,0,0,0,0,0,0,0,-69000,0,0,0,30000,99000,-69000,-69000
062235,億光凱基9B購01  ,0,0,0,0,0,0,0,0,0,-70000,0,0,0,0,70000,-70000,-70000
062060,奇鋐統一9C購01  ,0,0,0,0,0,0,0,0,0,-70000,0,0,0,184000,254000,-70000,-70000
06371P,茂林國票98售04  ,0,0,0,0,0,0,0,0,0,-70000,0,0,0,20000,90000,-70000,-70000
062733,巨大凱基9B購01  ,0,0,0,0,0,0,0,0,0,-70000,0,0,0,0,70000,-70000,-70000
061337,台積電元大9A購27,0,0,0,0,0,0,0,0,0,-70000,0,0,0,0,70000,-70000,-70000
061301,華新科永豐9A購03,0,0,0,0,0,0,0,0,0,-70000,0,0,0,20000,90000,-70000,-70000
061590,金寶永豐9A購01  ,0,0,0,0,0,0,0,0,0,-70000,0,0,0,10000,80000,-70000,-70000
060893,台灣50凱基01購07,0,0,0,0,0,0,0,0,0,-70000,0,0,0,6000,76000,-70000,-70000
061132,志超永豐9A購01  ,0,0,0,0,0,0,0,0,0,-70000,0,0,0,71000,141000,-70000,-70000
060512,祥碩元大9A購02  ,0,0,0,0,0,0,0,0,0,-70000,0,0,0,280000,350000,-70000,-70000
060712,建準永豐9A購01  ,1000,0,1000,0,0,0,0,0,0,-71000,0,0,0,34000,105000,-71000,-70000
055827,中石化元大98購01,0,0,0,0,0,0,0,0,0,-70000,0,0,0,0,70000,-70000,-70000
054223,大立光統一98購04,0,0,0,0,0,0,0,0,0,-70000,0,0,0,0,70000,-70000,-70000
058661,臺股指中信9C購01,0,0,0,0,0,0,0,0,0,-70000,0,0,0,0,70000,-70000,-70000
056148,臺股指日盛97購03,0,0,0,0,0,0,0,0,0,-70000,0,0,0,0,70000,-70000,-70000
056023,晶豪科群益97購01,0,0,0,0,0,0,0,0,0,-70000,0,0,0,10000,80000,-70000,-70000
056262,台積電統一98購04,0,0,0,0,0,0,0,0,0,-70000,0,0,0,0,70000,-70000,-70000
053571,奇鋐統一96購02  ,0,0,0,0,0,0,0,0,0,-70000,0,0,0,10000,80000,-70000,-70000
046628,大立光統一98購01,0,0,0,0,0,0,0,0,0,-70000,0,0,0,91000,161000,-70000,-70000
052326,滬深反中信99購01,0,0,0,0,0,0,0,0,0,-70000,0,0,0,0,70000,-70000,-70000
051727,S&P反1國票97購01,0,0,0,0,0,0,0,0,0,-70000,0,0,0,0,70000,-70000,-70000
058289,奇鋐國票9A購01  ,0,0,0,0,0,0,0,0,0,-70000,0,0,0,10000,80000,-70000,-70000
057497,祥碩元大98購06  ,0,0,0,0,0,0,0,0,0,-70000,0,0,0,0,70000,-70000,-70000
059377,台積電群益99購09,0,0,0,0,0,0,0,0,0,-70000,0,0,0,60000,130000,-70000,-70000
060420,神基永豐9A購01  ,0,0,0,0,0,0,0,0,0,-70000,0,0,0,0,70000,-70000,-70000
060056,大立光凱基9B購01,0,0,0,0,0,0,0,0,0,-70000,0,0,0,0,70000,-70000,-70000
057834,聯發科元富02購07,0,0,0,0,0,0,0,0,0,-70000,0,0,0,60000,130000,-70000,-70000
056989,鴻海兆豐98購02  ,0,0,0,0,0,0,0,0,0,-70000,0,0,0,0,70000,-70000,-70000
07851P,聯發科國票9A售05,0,0,0,0,0,0,0,0,0,-70000,0,0,0,30000,100000,-70000,-70000
07486P,上証2X國票9B售02,0,0,0,0,0,0,0,0,0,-70000,0,0,0,0,70000,-70000,-70000
9946,三發地產        ,0,72000,-72000,0,0,0,0,0,0,2000,2000,0,2000,0,0,0,-70000
060956,超眾群益9A購01  ,0,0,0,0,0,0,0,0,0,-71000,0,0,0,0,71000,-71000,-71000
062253,燿華元大9B購02  ,0,0,0,0,0,0,0,0,0,-71000,0,0,0,2000,73000,-71000,-71000
062323,上銀統一9B購03  ,0,0,0,0,0,0,0,0,0,-71000,0,0,0,0,71000,-71000,-71000
062344,力山群益9B購02  ,0,0,0,0,0,0,0,0,0,-71000,0,0,0,0,71000,-71000,-71000
058663,瑞儀兆豐9A購01  ,0,0,0,0,0,0,0,0,0,-71000,0,0,0,0,71000,-71000,-71000
060090,台積電元大99購55,0,0,0,0,0,0,0,0,0,-71000,0,0,0,0,71000,-71000,-71000
059913,台積電元大99購44,0,0,0,0,0,0,0,0,0,-71000,0,0,0,1000,72000,-71000,-71000
060183,南亞科元富9A購01,0,0,0,0,0,0,0,0,0,-71000,0,0,0,10000,81000,-71000,-71000
059341,台積電凱基99購15,0,0,0,0,0,0,0,0,0,-71000,0,0,0,61000,132000,-71000,-71000
05692P,聯發科中信9A售02,0,0,0,0,0,0,0,0,0,-71000,0,0,0,324000,395000,-71000,-71000
057556,智易凱基99購01  ,0,0,0,0,0,0,0,0,0,-71000,0,0,0,19000,90000,-71000,-71000
8215,明基材          ,155000,219000,-64000,0,0,0,0,0,0,-7000,4000,0,4000,0,11000,-11000,-71000
062195,聚陽中信9C購01  ,0,0,0,0,0,0,0,0,0,-72000,0,0,0,196000,268000,-72000,-72000
061918,上銀凱基9B購02  ,0,0,0,0,0,0,0,0,0,-72000,0,0,0,30000,102000,-72000,-72000
060778,臺股指凱基9A購06,0,0,0,0,0,0,0,0,0,-72000,0,0,0,0,72000,-72000,-72000
054554,大立光凱基98購02,0,0,0,0,0,0,0,0,0,-72000,0,0,0,0,72000,-72000,-72000
055029,帆宣國泰99購01  ,0,0,0,0,0,0,0,0,0,-72000,0,0,0,83000,155000,-72000,-72000
057456,道瓊銀富邦9C購01,0,0,0,0,0,0,0,0,0,-72000,0,0,0,67000,139000,-72000,-72000
060077,台積電台新9B購01,0,0,0,0,0,0,0,0,0,-72000,0,0,0,10000,82000,-72000,-72000
057712,南亞科統一9A購01,0,0,0,0,0,0,0,0,0,-72000,0,0,0,2000,74000,-72000,-72000
4904,遠傳            ,1268000,1345000,-77000,0,0,0,0,5000,-5000,10000,18000,0,18000,0,8000,-8000,-72000
07883P,可成凱基9B售03  ,0,0,0,0,0,0,0,0,0,-72000,0,0,0,144000,216000,-72000,-72000
060698,旺宏國泰9C購01  ,0,0,0,0,0,0,0,0,0,-73000,0,0,0,22000,95000,-73000,-73000
060628,和大富邦9B購01  ,0,0,0,0,0,0,0,0,0,-73000,0,0,0,0,73000,-73000,-73000
056986,超眾群益98購03  ,0,0,0,0,0,0,0,0,0,-73000,0,0,0,65000,138000,-73000,-73000
060083,和大元大99購02  ,0,0,0,0,0,0,0,0,0,-73000,0,0,0,0,73000,-73000,-73000
08011P,玉晶光元大9B售05,0,0,0,0,0,0,0,0,0,-73000,0,0,0,0,73000,-73000,-73000
2029,盛餘            ,18000,91000,-73000,0,0,0,0,0,0,0,0,0,0,0,0,0,-73000
2547,日勝生          ,225000,318000,-93000,0,0,0,0,0,0,20000,20000,0,20000,0,0,0,-73000
060623,玉晶光元大9C購01,0,0,0,0,0,0,0,0,0,-74000,0,0,0,95000,169000,-74000,-74000
06091P,華新科統一97售01,0,0,0,0,0,0,0,0,0,-74000,0,0,0,4000,78000,-74000,-74000
061253,臺股指群益9A購04,0,0,0,0,0,0,0,0,0,-74000,0,0,0,35000,109000,-74000,-74000
062119,世紀鋼中信9B購01,0,0,0,0,0,0,0,0,0,-74000,0,0,0,0,74000,-74000,-74000
062394,大立光富邦02購01,0,0,0,0,0,0,0,0,0,-74000,0,0,0,2000,76000,-74000,-74000
058170,國巨凱基9A購06  ,0,0,0,0,0,0,0,0,0,-74000,0,0,0,30000,104000,-74000,-74000
048874,玉晶光國票96購01,0,0,0,0,0,0,0,0,0,-74000,0,0,0,26000,100000,-74000,-74000
059932,世紀鋼富邦9A購02,0,0,0,0,0,0,0,0,0,-74000,0,0,0,240000,314000,-74000,-74000
058703,台積電元大99購16,0,0,0,0,0,0,0,0,0,-74000,0,0,0,35000,109000,-74000,-74000
056820,欣興永豐98購02  ,0,0,0,0,0,0,0,0,0,-74000,0,0,0,31000,105000,-74000,-74000
2388,威盛            ,195000,269000,-74000,0,0,0,0,0,0,0,0,0,0,0,0,0,-74000
07749P,台郡凱基9A售01  ,0,0,0,0,0,0,0,0,0,-74000,0,0,0,26000,100000,-74000,-74000
062031,臻鼎群益9B購01  ,0,0,0,0,0,0,0,0,0,-75000,0,0,0,0,75000,-75000,-75000
06623P,立積元大98售04  ,0,0,0,0,0,0,0,0,0,-75000,0,0,0,187000,262000,-75000,-75000
061202,和大元大9A購02  ,0,0,0,0,0,0,0,0,0,-75000,0,0,0,25000,100000,-75000,-75000
060906,旺宏元大9A購07  ,0,0,0,0,0,0,0,0,0,-75000,0,0,0,2000,77000,-75000,-75000
052691,GIS元大96購01   ,0,0,0,0,0,0,0,0,0,-75000,0,0,0,70000,145000,-75000,-75000
056272,嘉澤統一99購01  ,0,0,0,0,0,0,0,0,0,-75000,0,0,0,8000,83000,-75000,-75000
059607,台積電富邦9C購04,0,0,0,0,0,0,0,0,0,-75000,0,0,0,3000,78000,-75000,-75000
056715,瀚宇博永豐98購01,0,0,0,0,0,0,0,0,0,-75000,0,0,0,31000,106000,-75000,-75000
060349,上証2X元富9A購04,0,0,0,0,0,0,0,0,0,-75000,0,0,0,25000,100000,-75000,-75000
058784,臺股指國票99購03,0,0,0,0,0,0,0,0,0,-75000,0,0,0,0,75000,-75000,-75000
057314,全新麥證98購01  ,0,0,0,75000,150000,-75000,0,0,0,-75000,0,0,0,75000,150000,-75000,-75000
061731,旺宏統一9B購06  ,0,0,0,0,0,0,0,0,0,-76000,0,0,0,0,76000,-76000,-76000
07130P,台郡元大9B售01  ,0,0,0,0,0,0,0,0,0,-76000,0,0,0,110000,186000,-76000,-76000
058573,鴻海群益9A購02  ,0,0,0,0,0,0,0,0,0,-76000,0,0,0,16000,92000,-76000,-76000
058495,元大金群益9B購01,0,0,0,0,0,0,0,0,0,-76000,0,0,0,105000,181000,-76000,-76000
055686,致伸凱基97購02  ,0,0,0,0,0,0,0,0,0,-76000,0,0,0,0,76000,-76000,-76000
05250P,臻鼎國票96售01  ,0,0,0,0,0,0,0,0,0,-76000,0,0,0,0,76000,-76000,-76000
00662,富邦NASDAQ      ,0,54000,-54000,0,0,0,0,0,0,-22000,20000,0,20000,101000,143000,-42000,-76000
03662C,FBVIX凱基03牛01 ,0,0,0,0,0,0,0,0,0,-76000,0,0,0,10000,86000,-76000,-76000
059340,鴻海凱基9A購12  ,0,0,0,0,0,0,0,0,0,-76000,0,0,0,104000,180000,-76000,-76000
058280,SGBR2X中信99購01,0,0,0,0,0,0,0,0,0,-76000,0,0,0,0,76000,-76000,-76000
057491,美食元大98購03  ,0,0,0,0,0,0,0,0,0,-76000,0,0,0,0,76000,-76000,-76000
059880,世紀鋼凱基99購02,0,0,0,0,0,0,0,0,0,-76000,0,0,0,50000,126000,-76000,-76000
059740,瑞昱元富99購02  ,0,0,0,0,0,0,0,0,0,-76000,0,0,0,0,76000,-76000,-76000
07687P,上銀元大9A售06  ,0,0,0,0,0,0,0,0,0,-76000,0,0,0,0,76000,-76000,-76000
07957P,晶技群益9B售02  ,0,0,0,0,0,0,0,0,0,-76000,0,0,0,250000,326000,-76000,-76000
8101,華冠            ,44000,120000,-76000,0,0,0,0,0,0,0,0,0,0,0,0,0,-76000
06510P,燿華永豐98售03  ,0,0,0,0,0,0,0,0,0,-77000,0,0,0,0,77000,-77000,-77000
05646P,聯發科國票96售05,0,0,0,0,0,0,0,0,0,-77000,0,0,0,8000,85000,-77000,-77000
057742,喬山永豐98購02  ,0,0,0,0,0,0,0,0,0,-77000,0,0,0,14000,91000,-77000,-77000
060337,FBVIX統一9A購01 ,0,0,0,0,0,0,0,0,0,-77000,0,0,0,213000,290000,-77000,-77000
059124,台積電第一03購01,0,0,0,0,0,0,0,0,0,-77000,0,0,0,35000,112000,-77000,-77000
062444,大立光元大9C購01,0,0,0,0,0,0,0,0,0,-78000,0,0,0,0,78000,-78000,-78000
060505,友達元大9C購05  ,0,0,0,0,0,0,0,0,0,-78000,0,0,0,0,78000,-78000,-78000
055215,智邦凱基98購02  ,0,0,0,0,0,0,0,0,0,-78000,0,0,0,0,78000,-78000,-78000
060289,京元電元大9A購01,0,0,0,0,0,0,0,0,0,-78000,0,0,0,0,78000,-78000,-78000
07833P,大立光群益9B售02,0,0,0,0,0,0,0,0,0,-78000,0,0,0,12000,90000,-78000,-78000
061506,瑞祺國票9A購02  ,0,0,0,0,0,0,0,0,0,-79000,0,0,0,62000,141000,-79000,-79000
06505P,康控國票99售02  ,0,0,0,0,0,0,0,0,0,-79000,0,0,0,3000,82000,-79000,-79000
052553,技嘉國票96購01  ,0,0,0,0,0,0,0,0,0,-79000,0,0,0,0,79000,-79000,-79000
058292,上銀凱基9A購01  ,0,0,0,0,0,0,0,0,0,-79000,0,0,0,0,79000,-79000,-79000
060405,中租國泰9C購01  ,0,0,0,0,0,0,0,0,0,-79000,0,0,0,0,79000,-79000,-79000
060093,友達元大03購01  ,0,0,0,0,0,0,0,0,0,-79000,0,0,0,0,79000,-79000,-79000
062608,智易凱基9B購01  ,0,0,0,0,0,0,0,0,0,-80000,0,0,0,0,80000,-80000,-80000
062463,世紀鋼麥證9B購01,0,0,0,0,80000,-80000,0,0,0,-80000,0,0,0,0,80000,-80000,-80000
060781,台郡國泰9B購01  ,0,0,0,0,0,0,0,0,0,-80000,0,0,0,80000,160000,-80000,-80000
060876,國巨中信9A購04  ,0,0,0,0,0,0,0,0,0,-80000,0,0,0,30000,110000,-80000,-80000
060852,京鼎國泰9B購01  ,0,0,0,0,0,0,0,0,0,-80000,0,0,0,0,80000,-80000,-80000
055561,奇鋐凱基97購01  ,0,0,0,0,0,0,0,0,0,-80000,0,0,0,0,80000,-80000,-80000
056107,智易永豐97購02  ,0,0,0,0,0,0,0,0,0,-80000,0,0,0,0,80000,-80000,-80000
054547,鴻海凱基98購02  ,0,0,0,0,0,0,0,0,0,-80000,0,0,0,0,80000,-80000,-80000
054525,奇鋐元富96購01  ,0,0,0,0,0,0,0,0,0,-80000,0,0,0,0,80000,-80000,-80000
054791,泰碩群益99購02  ,0,0,0,0,0,0,0,0,0,-80000,0,0,0,3000,83000,-80000,-80000
055393,華新科統一97購03,0,0,0,0,0,0,0,0,0,-80000,0,0,0,0,80000,-80000,-80000
055459,建準永豐97購03  ,0,0,0,0,0,0,0,0,0,-80000,0,0,0,0,80000,-80000,-80000
055196,致新元富97購01  ,0,0,0,0,0,0,0,0,0,-80000,0,0,0,544000,624000,-80000,-80000
055299,康友元大97購02  ,0,0,0,0,0,0,0,0,0,-80000,0,0,0,0,80000,-80000,-80000
056441,燿華凱基98購01  ,0,0,0,0,0,0,0,0,0,-80000,0,0,0,0,80000,-80000,-80000
053799,矽創中信9A購01  ,0,0,0,0,0,0,0,0,0,-80000,0,0,0,0,80000,-80000,-80000
051979,群創凱基97購01  ,0,0,0,0,0,0,0,0,0,-80000,0,0,0,0,80000,-80000,-80000
052102,台泥兆豐96購01  ,0,0,0,0,0,0,0,0,0,-80000,0,0,0,0,80000,-80000,-80000
052941,康控兆豐97購01  ,0,0,0,0,0,0,0,0,0,-80000,0,0,0,0,80000,-80000,-80000
05024P,華通國票96售01  ,0,0,0,0,0,0,0,0,0,-80000,0,0,0,60000,140000,-80000,-80000
050227,大立光中信96購01,0,0,0,0,0,0,0,0,0,-80000,0,0,0,185000,265000,-80000,-80000
051570,和碩富邦97購01  ,0,0,0,0,0,0,0,0,0,-80000,0,0,0,0,80000,-80000,-80000
06013P,世芯國泰97售03  ,0,0,0,0,0,0,0,0,0,-80000,0,0,0,0,80000,-80000,-80000
058728,SP黃豆永豐99購01,0,0,0,0,0,0,0,0,0,-80000,0,0,0,0,80000,-80000,-80000
059741,聯發科元富99購07,0,0,0,0,0,0,0,0,0,-80000,0,0,0,0,80000,-80000,-80000
059054,國巨凱基99購11  ,0,0,0,0,0,0,0,0,0,-80000,0,0,0,0,80000,-80000,-80000
056603,嘉聯益國泰9A購01,0,0,0,0,0,0,0,0,0,-80000,0,0,0,6000,86000,-80000,-80000
057316,國巨凱基99購04  ,0,0,0,0,0,0,0,0,0,-80000,0,0,0,0,80000,-80000,-80000
058806,道瓊銀統一9B購01,0,0,0,0,0,0,0,0,0,-80000,0,0,0,282000,362000,-80000,-80000
058416,鴻海麥證99購01  ,0,0,0,0,80000,-80000,0,0,0,-80000,0,0,0,0,80000,-80000,-80000
056564,亞光群益98購02  ,0,0,0,0,0,0,0,0,0,-80000,0,0,0,0,80000,-80000,-80000
059438,群創元大99購06  ,0,0,0,0,0,0,0,0,0,-80000,0,0,0,20000,100000,-80000,-80000
058273,同欣電永豐99購01,0,0,0,0,0,0,0,0,0,-80000,0,0,0,0,80000,-80000,-80000
057886,聯詠群益98購01  ,0,0,0,0,0,0,0,0,0,-80000,0,0,0,30000,110000,-80000,-80000
07839P,嘉澤元大9A售04  ,0,0,0,0,0,0,0,0,0,-80000,0,0,0,261000,341000,-80000,-80000
07458P,長榮航元大9A售01,0,0,0,0,0,0,0,0,0,-80000,0,0,0,20000,100000,-80000,-80000
07357P,鴻海元大99售38  ,0,0,0,0,0,0,0,0,0,-80000,0,0,0,70000,150000,-80000,-80000
061484,華通兆豐9B購01  ,0,0,0,0,0,0,0,0,0,-81000,0,0,0,0,81000,-81000,-81000
058604,華邦電元大99購03,0,0,0,0,0,0,0,0,0,-81000,0,0,0,0,81000,-81000,-81000
058943,元石油群益9C購01,0,0,0,0,0,0,0,0,0,-81000,0,0,0,10000,91000,-81000,-81000
058140,臻鼎元大99購02  ,0,0,0,0,0,0,0,0,0,-81000,0,0,0,5000,86000,-81000,-81000
2204,中華            ,481000,566974,-85974,0,0,0,0,0,0,4000,4000,0,4000,0,0,0,-81974
060651,瑞儀中信9B購01  ,0,0,0,0,0,0,0,0,0,-82000,0,0,0,10000,92000,-82000,-82000
062392,國巨富邦02購01  ,0,0,0,0,0,0,0,0,0,-82000,0,0,0,0,82000,-82000,-82000
062346,智邦群益9B購02  ,0,0,0,0,0,0,0,0,0,-82000,0,0,0,3000,85000,-82000,-82000
055030,帆宣國泰99購02  ,0,0,0,0,0,0,0,0,0,-82000,0,0,0,18000,100000,-82000,-82000
055249,大毅統一99購01  ,0,0,0,0,0,0,0,0,0,-82000,0,0,0,18000,100000,-82000,-82000
07215P,大立光凱基99售07,0,0,0,0,0,0,0,0,0,-82000,0,0,0,1000,83000,-82000,-82000
07140P,台灣50日盛99售01,0,0,0,0,0,0,0,0,0,-82000,0,0,0,28000,110000,-82000,-82000
07576P,可成元大9A售01  ,0,0,0,0,0,0,0,0,0,-82000,0,0,0,156000,238000,-82000,-82000
07855P,旺宏凱基9A售09  ,0,0,0,0,0,0,0,0,0,-82000,0,0,0,13000,95000,-82000,-82000
061647,南六元大9A購03  ,0,0,0,0,0,0,0,0,0,-83000,0,0,0,105000,188000,-83000,-83000
054215,創意國票97購02  ,0,0,0,0,0,0,0,0,0,-83000,0,0,0,0,83000,-83000,-83000
059643,日月光凱基99購02,0,0,0,0,0,0,0,0,0,-83000,0,0,0,67000,150000,-83000,-83000
058699,楠梓電元大99購02,0,0,0,0,0,0,0,0,0,-83000,0,0,0,0,83000,-83000,-83000
060399,康友國票9A購02  ,0,0,0,0,0,0,0,0,0,-83000,0,0,0,20000,103000,-83000,-83000
057969,緯穎國泰99購01  ,0,0,0,0,0,0,0,0,0,-83000,0,0,0,104000,187000,-83000,-83000
05711P,茂林國票97售03  ,0,0,0,0,0,0,0,0,0,-83000,0,0,0,13000,96000,-83000,-83000
07553P,嘉晶元大9A售02  ,0,0,0,0,0,0,0,0,0,-83000,0,0,0,36000,119000,-83000,-83000
07457P,宏達電元大9A售01,0,0,0,0,0,0,0,0,0,-83000,0,0,0,23000,106000,-83000,-83000
061242,玉晶光兆豐9B購02,0,0,0,0,0,0,0,0,0,-84000,0,0,0,122000,206000,-84000,-84000
060850,康友國票9A購03  ,0,0,0,0,0,0,0,0,0,-84000,0,0,0,32000,116000,-84000,-84000
062257,聯發科元大9B購09,0,0,0,0,0,0,0,0,0,-84000,0,0,0,0,84000,-84000,-84000
062603,台化凱基9B購01  ,0,0,0,0,0,0,0,0,0,-84000,0,0,0,0,84000,-84000,-84000
054846,瑞昱兆豐97購01  ,0,0,0,0,0,0,0,0,0,-84000,0,0,0,0,84000,-84000,-84000
060415,葡萄王永豐9A購01,0,0,0,0,0,0,0,0,0,-84000,0,0,0,68000,152000,-84000,-84000
060376,瑞祺元富9A購01  ,0,0,0,0,0,0,0,0,0,-84000,0,0,0,142000,226000,-84000,-84000
056783,國巨群益99購01  ,0,0,0,0,0,0,0,0,0,-84000,0,0,0,6000,90000,-84000,-84000
07246P,旺宏凱基99售08  ,0,0,0,0,0,0,0,0,0,-84000,0,0,0,1000,85000,-84000,-84000
8081,致新            ,705000,877000,-172000,0,0,0,33000,60000,-27000,115000,33000,2000,31000,155000,71000,84000,-84000
062606,聯電凱基9C購02  ,0,0,0,0,0,0,0,0,0,-85000,0,0,0,0,85000,-85000,-85000
06933P,禾伸堂元大98售03,0,0,0,0,0,0,0,0,0,-85000,0,0,0,181000,266000,-85000,-85000
062345,和大群益9B購01  ,0,0,0,0,0,0,0,0,0,-85000,0,0,0,0,85000,-85000,-85000
062496,矽創中信9B購01  ,0,0,0,0,0,0,0,0,0,-85000,0,0,0,0,85000,-85000,-85000
061891,力山永豐9B購01  ,0,0,0,0,0,0,0,0,0,-85000,0,0,0,0,85000,-85000,-85000
061956,和大統一01購01  ,0,0,0,0,0,0,0,0,0,-85000,0,0,0,0,85000,-85000,-85000
061153,奇力新群益9A購02,0,0,0,0,0,0,0,0,0,-85000,0,0,0,0,85000,-85000,-85000
060629,鴻海富邦9B購01  ,0,0,0,0,0,0,0,0,0,-85000,0,0,0,50000,135000,-85000,-85000
060697,鴻海國泰9C購01  ,0,0,0,0,0,0,0,0,0,-85000,0,0,0,17000,102000,-85000,-85000
061163,台灣50兆豐9A購04,0,0,0,0,0,0,0,0,0,-85000,0,0,0,0,85000,-85000,-85000
061359,台灣50兆豐9C購02,0,0,0,0,0,0,0,0,0,-85000,0,0,0,0,85000,-85000,-85000
061784,聯發科群益9B購02,0,0,0,0,0,0,0,0,0,-85000,0,0,0,0,85000,-85000,-85000
054799,超眾群益98購01  ,0,0,0,0,0,0,0,0,0,-85000,0,0,0,0,85000,-85000,-85000
054640,健策中信9B購01  ,0,0,0,0,0,0,0,0,0,-85000,0,0,0,0,85000,-85000,-85000
055174,精元統一97購01  ,0,0,0,0,0,0,0,0,0,-85000,0,0,0,0,85000,-85000,-85000
058031,旺宏永豐98購04  ,0,0,0,0,0,0,0,0,0,-85000,0,0,0,0,85000,-85000,-85000
057637,上銀元大98購07  ,0,0,0,0,0,0,0,0,0,-85000,0,0,0,30000,115000,-85000,-85000
060103,聯詠元大99購01  ,0,0,0,0,0,0,0,0,0,-85000,0,0,0,51000,136000,-85000,-85000
056922,全新兆豐99購01  ,0,0,0,0,0,0,0,0,0,-85000,0,0,0,0,85000,-85000,-85000
07734P,台積電富邦9C售10,0,0,0,0,0,0,0,0,0,-85000,0,0,0,0,85000,-85000,-85000
061585,台積電富邦9B購06,0,0,0,0,0,0,0,0,0,-86000,0,0,0,0,86000,-86000,-86000
060676,京元電元大9A購03,0,0,0,0,0,0,0,0,0,-86000,0,0,0,14000,100000,-86000,-86000
060513,緯穎元大9B購01  ,0,0,0,0,0,0,0,0,0,-86000,0,0,0,109000,195000,-86000,-86000
061869,智邦元大9B購01  ,0,0,0,0,0,0,0,0,0,-86000,0,0,0,246000,332000,-86000,-86000
052969,建準群益97購01  ,0,0,0,0,0,0,0,0,0,-86000,0,0,0,80000,166000,-86000,-86000
057094,祥碩元富98購01  ,0,0,0,0,0,0,0,0,0,-86000,0,0,0,44000,130000,-86000,-86000
060006,華通群益9A購04  ,0,0,0,0,0,0,0,0,0,-86000,0,0,0,15000,101000,-86000,-86000
060468,聯鈞元大9A購02  ,0,0,0,0,0,0,0,0,0,-86000,0,0,0,64000,150000,-86000,-86000
057832,聯發科元富02購05,0,0,0,0,0,0,0,0,0,-86000,0,0,0,12000,98000,-86000,-86000
059730,晶相光元大9C購02,0,0,0,0,0,0,0,0,0,-86000,0,0,0,0,86000,-86000,-86000
062268,力山群益9B購01  ,0,0,0,0,0,0,0,0,0,-87000,0,0,0,0,87000,-87000,-87000
061026,南電富邦9B購01  ,0,0,0,0,0,0,0,0,0,-87000,0,0,0,35000,122000,-87000,-87000
061027,儒鴻永豐9A購02  ,0,0,0,0,0,0,0,0,0,-87000,0,0,0,10000,97000,-87000,-87000
06151P,華新科元大97售07,0,0,0,0,0,0,0,0,0,-87000,0,0,0,22000,109000,-87000,-87000
058322,玉晶光永豐99購02,0,0,0,0,0,0,0,0,0,-87000,0,0,0,1918000,2005000,-87000,-87000
054835,致新中信97購01  ,0,0,0,0,0,0,0,0,0,-87000,0,0,0,150000,237000,-87000,-87000
056683,台積電統一98購05,0,0,0,0,0,0,0,0,0,-87000,0,0,0,139000,226000,-87000,-87000
060190,國泰金元富9A購01,0,0,0,0,0,0,0,0,0,-87000,0,0,0,50000,137000,-87000,-87000
059806,聯發科元富99購08,0,0,0,0,0,0,0,0,0,-87000,0,0,0,51000,138000,-87000,-87000
057151,易華電國票99購01,0,0,0,0,0,0,0,0,0,-87000,0,0,0,0,87000,-87000,-87000
062070,金寶元大9B購01  ,0,0,0,0,0,0,0,0,0,-88000,0,0,0,62000,150000,-88000,-88000
056114,台達電群益97購02,0,0,0,0,0,0,0,0,0,-88000,0,0,0,10000,98000,-88000,-88000
056012,勤誠中信99購01  ,0,0,0,0,0,0,0,0,0,-88000,0,0,0,114000,202000,-88000,-88000
053810,台達電群益96購01,0,0,0,0,0,0,0,0,0,-88000,0,0,0,10000,98000,-88000,-88000
059366,台積電台新99購04,0,0,0,0,0,0,0,0,0,-88000,0,0,0,0,88000,-88000,-88000
056526,力山凱基98購01  ,0,0,0,0,0,0,0,0,0,-88000,0,0,0,24000,112000,-88000,-88000
058118,瑞昱群益99購01  ,0,0,0,0,0,0,0,0,0,-88000,0,0,0,0,88000,-88000,-88000
07655P,台灣50凱基01售09,0,0,0,0,0,0,0,0,0,-88000,0,0,0,30000,118000,-88000,-88000
062200,臺指反國票03購01,0,0,0,0,0,0,0,0,0,-89000,0,0,0,20000,109000,-89000,-89000
061275,臺股指凱基9A購25,0,0,0,0,0,0,0,0,0,-89000,0,0,0,331000,420000,-89000,-89000
059822,聯發科凱基99購19,0,0,0,0,0,0,0,0,0,-89000,0,0,0,9000,98000,-89000,-89000
059926,世紀鋼國泰9B購01,0,0,0,0,0,0,0,0,0,-89000,0,0,0,0,89000,-89000,-89000
060008,華邦電群益9A購01,0,0,0,0,0,0,0,0,0,-89000,0,0,0,224000,313000,-89000,-89000
058819,華通國泰9B購01  ,0,0,0,0,0,0,0,0,0,-89000,0,0,0,62000,151000,-89000,-89000
07909P,台積電統一9B售12,0,0,0,0,0,0,0,0,0,-89000,0,0,0,36000,125000,-89000,-89000
5434,崇越            ,72000,163000,-91000,0,0,0,0,0,0,2000,1000,0,1000,1000,0,1000,-89000
060884,超眾中信9B購01  ,0,0,0,0,0,0,0,0,0,-90000,0,0,0,5000,95000,-90000,-90000
060558,億豐凱基9A購01  ,0,0,0,0,0,0,0,0,0,-90000,0,0,0,176000,266000,-90000,-90000
060537,台灣50凱基9B購01,0,0,0,0,0,0,0,0,0,-90000,0,0,0,46000,136000,-90000,-90000
060598,鴻海凱基9A購20  ,0,0,0,0,0,0,0,0,0,-90000,0,0,0,0,90000,-90000,-90000
060718,中磊永豐9A購01  ,0,0,0,0,0,0,0,0,0,-90000,0,0,0,20000,110000,-90000,-90000
060758,台積電元大9A購19,0,0,0,0,0,0,0,0,0,-90000,0,0,0,630000,720000,-90000,-90000
062157,聯發科凱基9B購08,0,0,0,0,0,0,0,0,0,-90000,0,0,0,0,90000,-90000,-90000
061960,國巨統一01購05  ,0,0,0,0,0,0,0,0,0,-90000,0,0,0,29000,119000,-90000,-90000
06493P,聯發科永豐98售02,0,0,0,0,0,0,0,0,0,-90000,0,0,0,0,90000,-90000,-90000
053072,國巨台新97購01  ,0,0,0,0,0,0,0,0,0,-90000,0,0,0,0,90000,-90000,-90000
056318,鴻海群益98購02  ,0,0,0,0,0,0,0,0,0,-90000,0,0,0,0,90000,-90000,-90000
055411,國巨富邦9A購02  ,0,0,0,0,0,0,0,0,0,-90000,0,0,0,0,90000,-90000,-90000
054962,玉晶光元大99購02,0,0,0,0,0,0,0,0,0,-90000,0,0,0,0,90000,-90000,-90000
055527,旺宏群益99購03  ,0,0,0,0,0,0,0,0,0,-90000,0,0,0,8000,98000,-90000,-90000
058157,華通台新99購01  ,0,0,0,0,0,0,0,0,0,-90000,0,0,0,0,90000,-90000,-90000
054229,超眾元富96購05  ,0,0,0,0,0,0,0,0,0,-90000,0,0,0,44000,134000,-90000,-90000
058246,帆宣元大99購01  ,0,0,0,0,0,0,0,0,0,-90000,0,0,0,60000,150000,-90000,-90000
057162,上銀元大98購03  ,0,0,0,0,0,0,0,0,0,-90000,0,0,0,0,90000,-90000,-90000
057112,立積群益99購01  ,0,0,0,0,0,0,0,0,0,-90000,0,0,0,10000,100000,-90000,-90000
059796,台積電國票99購10,0,0,0,0,0,0,0,0,0,-90000,0,0,0,0,90000,-90000,-90000
07877P,晶技永豐9B售01  ,0,0,0,0,0,0,0,0,0,-90000,0,0,0,121000,211000,-90000,-90000
07882P,台灣50凱基01售12,0,0,0,0,0,0,0,0,0,-90000,0,0,0,0,90000,-90000,-90000
3062,建漢            ,47000,146000,-99000,0,0,0,0,0,0,9000,9000,0,9000,0,0,0,-90000
062379,致新元大9B購01  ,0,0,0,0,0,0,0,0,0,-91000,0,0,0,125000,216000,-91000,-91000
060744,鴻海國票9A購04  ,0,0,0,0,0,0,0,0,0,-91000,0,0,0,82000,173000,-91000,-91000
056421,鴻海統一98購08  ,0,0,0,0,0,0,0,0,0,-91000,0,0,0,15000,106000,-91000,-91000
062494,中石化中信9C購01,0,0,0,0,0,0,0,0,0,-92000,0,0,0,0,92000,-92000,-92000
062022,緯穎永豐9B購01  ,0,0,0,0,0,0,0,0,0,-92000,0,0,0,92000,184000,-92000,-92000
06971P,台光電元大99售03,0,0,0,0,0,0,0,0,0,-92000,0,0,0,62000,154000,-92000,-92000
05983P,聯詠國票96售02  ,0,0,0,0,0,0,0,0,0,-92000,0,0,0,2000,94000,-92000,-92000
05719P,可成元大96售03  ,0,0,0,0,0,0,0,0,0,-92000,0,0,0,0,92000,-92000,-92000
2472,立隆電          ,85000,176000,-91000,0,0,0,0,0,0,-1000,2000,3000,-1000,0,0,0,-92000
07856P,力成凱基9A售02  ,0,0,0,0,0,0,0,0,0,-92000,0,0,0,23000,115000,-92000,-92000
5243,乙盛-KY         ,33000,125000,-92000,0,0,0,0,0,0,0,0,0,0,0,0,0,-92000
061880,台郡元大9B購02  ,0,0,0,0,0,0,0,0,0,-93000,0,0,0,15000,108000,-93000,-93000
060953,富邦金群益9A購01,0,0,0,0,0,0,0,0,0,-93000,0,0,0,64000,157000,-93000,-93000
060959,金像電凱基9A購01,0,0,0,0,0,0,0,0,0,-93000,0,0,0,373000,466000,-93000,-93000
061102,台積電元大9A購22,0,0,0,0,0,0,0,0,0,-93000,0,0,0,0,93000,-93000,-93000
053638,信邦永豐96購01  ,0,0,0,0,0,0,0,0,0,-93000,0,0,0,69000,162000,-93000,-93000
055605,緯穎元大97購02  ,0,0,0,0,0,0,0,0,0,-93000,0,0,0,2000,95000,-93000,-93000
057323,智邦群益98購01  ,0,0,0,0,0,0,0,0,0,-93000,0,0,0,56000,149000,-93000,-93000
058229,為升元大99購02  ,0,0,0,0,0,0,0,0,0,-93000,0,0,0,0,93000,-93000,-93000
4943,康控-KY         ,267000,337000,-70000,0,0,0,0,0,0,-23000,1000,0,1000,3000,27000,-24000,-93000
07918P,玉晶光永豐9B售04,0,0,0,0,0,0,0,0,0,-93000,0,0,0,0,93000,-93000,-93000
2401,凌陽            ,94000,214000,-120000,0,0,0,0,0,0,27000,29000,2000,27000,0,0,0,-93000
061946,鴻海群益9B購03  ,0,0,0,0,0,0,0,0,0,-94000,0,0,0,2000,96000,-94000,-94000
054908,群電康和97購01  ,0,0,0,0,0,0,0,0,0,-94000,0,0,0,0,94000,-94000,-94000
060027,元金2X永豐99購02,0,0,0,0,0,0,0,0,0,-94000,0,0,0,21000,115000,-94000,-94000
060479,億豐元大9A購01  ,0,0,0,0,0,0,0,0,0,-94000,0,0,0,13000,107000,-94000,-94000
061191,可成永豐9A購02  ,0,0,0,0,0,0,0,0,0,-95000,0,0,0,1000,96000,-95000,-95000
061690,旺宏群益9A購05  ,0,0,0,0,0,0,0,0,0,-95000,0,0,0,0,95000,-95000,-95000
060455,葡萄王元大9A購02,0,0,0,0,0,0,0,0,0,-95000,0,0,0,0,95000,-95000,-95000
060204,矽創元富9A購01  ,0,0,0,0,0,0,0,0,0,-95000,0,0,0,0,95000,-95000,-95000
07913P,友達元大01售01  ,0,0,0,0,0,0,0,0,0,-95000,0,0,0,6000,101000,-95000,-95000
07785P,鴻海中信04售03  ,0,0,0,0,0,0,0,0,0,-95000,0,0,0,5000,100000,-95000,-95000
07462P,臺股指元大9B售05,0,0,0,0,0,0,0,0,0,-95000,0,0,0,46000,141000,-95000,-95000
061969,大立光統一01購02,0,0,0,0,0,0,0,0,0,-96000,0,0,0,65000,161000,-96000,-96000
059834,友達國泰9B購01  ,0,0,0,0,0,0,0,0,0,-96000,0,0,0,0,96000,-96000,-96000
057282,大立光元大99購06,0,0,0,0,0,0,0,0,0,-96000,0,0,0,0,96000,-96000,-96000
061898,茂林永豐9B購01  ,0,0,0,0,0,0,0,0,0,-97000,0,0,0,0,97000,-97000,-97000
061367,瑞祺國票9A購01  ,0,0,0,0,0,0,0,0,0,-97000,0,0,0,116000,213000,-97000,-97000
061078,台積電兆豐9A購01,0,0,0,0,0,0,0,0,0,-97000,0,0,0,9000,106000,-97000,-97000
056297,台光電元大97購04,0,0,0,0,0,0,0,0,0,-97000,0,0,0,30000,127000,-97000,-97000
053303,建準凱基96購03  ,0,0,0,0,0,0,0,0,0,-97000,0,0,0,44000,141000,-97000,-97000
057388,奇鋐永豐98購02  ,0,0,0,0,0,0,0,0,0,-97000,0,0,0,20000,117000,-97000,-97000
060291,高鐵元大9A購01  ,0,0,0,0,0,0,0,0,0,-97000,0,0,0,46000,143000,-97000,-97000
061694,玉山金群益9A購01,0,0,0,0,0,0,0,0,0,-98000,0,0,0,0,98000,-98000,-98000
061624,中租群益9A購01  ,0,0,0,0,0,0,0,0,0,-98000,0,0,0,0,98000,-98000,-98000
061874,義隆元大9B購02  ,0,0,0,0,0,0,0,0,0,-98000,0,0,0,3000,101000,-98000,-98000
061977,國巨元大9B購02  ,0,0,0,0,0,0,0,0,0,-98000,0,0,0,0,98000,-98000,-98000
07135P,臺股指元大9A售29,0,0,0,0,0,0,0,0,0,-98000,0,0,0,2000,100000,-98000,-98000
053519,力成群益96購02  ,0,0,0,0,0,0,0,0,0,-98000,0,0,0,0,98000,-98000,-98000
054862,群光群益97購01  ,0,0,0,0,0,0,0,0,0,-98000,0,0,0,0,98000,-98000,-98000
055536,嘉聯益群益99購02,0,0,0,0,0,0,0,0,0,-98000,0,0,0,0,98000,-98000,-98000
055731,美律元富97購01  ,0,0,0,0,0,0,0,0,0,-98000,0,0,0,0,98000,-98000,-98000
058216,TPK群益99購01   ,0,0,0,0,0,0,0,0,0,-98000,0,0,0,0,98000,-98000,-98000
059964,元金2X凱基99購02,0,0,0,0,0,0,0,0,0,-98000,0,0,0,105000,203000,-98000,-98000
060133,牧德群益9B購01  ,0,0,0,0,0,0,0,0,0,-98000,0,0,0,0,98000,-98000,-98000
056786,亞光群益98購03  ,0,0,0,0,0,0,0,0,0,-98000,0,0,0,0,98000,-98000,-98000
056846,晶相光元富98購01,0,0,0,0,0,0,0,0,0,-98000,0,0,0,0,98000,-98000,-98000
058363,全新凱基9A購02  ,0,0,0,0,0,0,0,0,0,-98000,0,0,0,0,98000,-98000,-98000
07467P,上銀元大9A售03  ,0,0,0,0,0,0,0,0,0,-98000,0,0,0,2000,100000,-98000,-98000
062590,亞光統一9B購01  ,0,0,0,0,0,0,0,0,0,-99000,0,0,0,0,99000,-99000,-99000
061879,超眾元大9C購01  ,0,0,0,0,0,0,0,0,0,-99000,0,0,0,50000,149000,-99000,-99000
061773,和潤元大9B購01  ,0,0,0,0,0,0,0,0,0,-99000,0,0,0,43000,142000,-99000,-99000
061816,長榮航群益9B購02,0,0,0,0,0,0,0,0,0,-99000,0,0,0,1000,100000,-99000,-99000
055814,晶豪科國票97購02,0,0,0,0,0,0,0,0,0,-99000,0,0,0,0,99000,-99000,-99000
054147,GIS元大96購02   ,0,0,0,0,0,0,0,0,0,-99000,0,0,0,0,99000,-99000,-99000
054928,帆宣凱基98購01  ,0,0,0,0,0,0,0,0,0,-99000,0,0,0,1000,100000,-99000,-99000
055261,帆宣統一98購01  ,0,0,0,0,0,0,0,0,0,-99000,0,0,0,0,99000,-99000,-99000
056392,玉晶光富邦9C購01,0,0,0,0,0,0,0,0,0,-99000,0,0,0,0,99000,-99000,-99000
056552,台表科凱基99購01,0,40000,-40000,0,0,0,0,0,0,-59000,0,0,0,276000,335000,-59000,-99000
059475,元石油群益99購02,0,0,0,0,0,0,0,0,0,-99000,0,0,0,0,99000,-99000,-99000
057321,台泥群益98購01  ,0,0,0,0,0,0,0,0,0,-99000,0,0,0,59000,158000,-99000,-99000
059675,大立光元富99購08,0,0,0,0,0,0,0,0,0,-99000,0,0,0,75000,174000,-99000,-99000
058704,台積電元大99購17,0,0,0,0,0,0,0,0,0,-99000,0,0,0,0,99000,-99000,-99000
061845,SP黃豆國票9B購02,0,0,0,0,0,0,0,0,0,-100000,0,0,0,0,100000,-100000,-100000
061448,旺宏中信9A購02  ,0,0,0,0,0,0,0,0,0,-100000,0,0,0,25000,125000,-100000,-100000
062087,瑞祺元大9B購02  ,0,0,0,0,0,0,0,0,0,-100000,0,0,0,68000,168000,-100000,-100000
062513,玉晶光國票9C購01,0,0,0,0,0,0,0,0,0,-100000,0,0,0,8000,108000,-100000,-100000
062251,旺宏元大9B購06  ,0,0,0,0,0,0,0,0,0,-100000,0,0,0,0,100000,-100000,-100000
062327,燿華統一9B購02  ,0,0,0,0,0,0,0,0,0,-100000,0,0,0,186000,286000,-100000,-100000
053867,創意元大96購04  ,0,0,0,0,0,0,0,0,0,-100000,0,0,0,0,100000,-100000,-100000
052452,茂林元大95購03  ,0,0,0,0,0,0,0,0,0,-100000,0,0,0,0,100000,-100000,-100000
052045,瑞昱凱基96購01  ,0,0,0,0,0,0,0,0,0,-100000,0,0,0,0,100000,-100000,-100000
053749,揚明光永豐97購01,0,0,0,0,0,0,0,0,0,-100000,0,0,0,0,100000,-100000,-100000
050615,奇力新元大95購03,0,0,0,0,0,0,0,0,0,-100000,0,0,0,0,100000,-100000,-100000
051003,中環中信97購01  ,0,0,0,0,0,0,0,0,0,-100000,0,0,0,0,100000,-100000,-100000
054879,大成鋼統一97購01,0,0,0,0,0,0,0,0,0,-100000,0,0,0,400000,500000,-100000,-100000
054827,宏全元大9A購01  ,0,0,0,0,0,0,0,0,0,-100000,0,0,0,0,100000,-100000,-100000
054771,茂林國票98購02  ,0,0,0,0,0,0,0,0,0,-100000,0,0,0,21000,121000,-100000,-100000
055497,開發金元大97購01,0,0,0,0,0,0,0,0,0,-100000,0,0,0,0,100000,-100000,-100000
056309,合勤控元大97購01,0,0,0,0,0,0,0,0,0,-100000,0,0,0,68000,168000,-100000,-100000
055856,新唐元大97購03  ,0,0,0,0,0,0,0,0,0,-100000,0,0,0,0,100000,-100000,-100000
054097,淘帝國票97購01  ,0,0,0,0,0,0,0,0,0,-100000,0,0,0,0,100000,-100000,-100000
054189,貿聯永豐96購03  ,0,0,0,0,0,0,0,0,0,-100000,0,0,0,0,100000,-100000,-100000
055859,啟碁元大97購03  ,0,0,0,0,0,0,0,0,0,-100000,0,0,0,0,100000,-100000,-100000
054683,川湖永豐97購01  ,0,0,0,0,0,0,0,0,0,-100000,0,0,0,0,100000,-100000,-100000
057989,旺宏統一99購04  ,0,0,0,0,0,0,0,0,0,-100000,0,0,0,0,100000,-100000,-100000
05683P,矽創元大96售01  ,0,0,0,0,0,0,0,0,0,-100000,0,0,0,0,100000,-100000,-100000
060304,大立光富邦9C購05,0,0,0,0,0,0,0,0,0,-100000,0,0,0,0,100000,-100000,-100000
060412,儒鴻永豐9A購01  ,0,0,0,0,0,0,0,0,0,-100000,0,0,0,89000,189000,-100000,-100000
056979,微星群益98購01  ,0,0,0,0,0,0,0,0,0,-100000,0,0,0,0,100000,-100000,-100000
057266,TPK兆豐98購02   ,0,0,0,0,0,0,0,0,0,-100000,0,0,0,0,100000,-100000,-100000
058892,元油2X元大9C購08,0,0,0,0,0,0,0,0,0,-100000,0,0,0,0,100000,-100000,-100000
056567,瀚宇博群益98購02,0,0,0,0,0,0,0,0,0,-100000,0,0,0,0,100000,-100000,-100000
057446,旺宏元富02購01  ,0,0,0,0,0,0,0,0,0,-100000,0,0,0,1000,101000,-100000,-100000
059257,臺股指凱基99購35,0,0,0,0,0,0,0,0,0,-100000,0,0,0,0,100000,-100000,-100000
059194,元金2X永豐99購01,0,0,0,0,0,0,0,0,0,-100000,0,0,0,18000,118000,-100000,-100000
07401P,台積電凱基99售21,0,0,0,0,0,0,0,0,0,-100000,0,0,0,0,100000,-100000,-100000
07328P,FBVIX國泰9B售01 ,0,0,0,0,0,0,0,0,0,-100000,0,0,0,0,100000,-100000,-100000
07354P,臺股指國票99售22,0,0,0,0,0,0,0,0,0,-100000,0,0,0,60000,160000,-100000,-100000
1590,亞德客-KY       ,230000,328039,-98039,0,0,0,14000,3000,11000,-13000,8000,7000,1000,7000,21000,-14000,-100039
062039,聯發科凱基9B購07,0,0,0,0,0,0,0,0,0,-101000,0,0,0,18000,119000,-101000,-101000
062563,緯穎凱基9B購03  ,0,0,0,0,0,0,0,0,0,-101000,0,0,0,4000,105000,-101000,-101000
061430,致新元大9A購01  ,0,0,0,0,0,0,0,0,0,-101000,0,0,0,213000,314000,-101000,-101000
057100,國巨中信9A購02  ,0,0,0,0,0,0,0,0,0,-101000,0,0,0,70000,171000,-101000,-101000
056657,華邦電元大99購01,0,0,0,0,0,0,0,0,0,-101000,0,0,0,7000,108000,-101000,-101000
059694,創意永豐99購03  ,0,0,0,0,0,0,0,0,0,-101000,0,0,0,87000,188000,-101000,-101000
059580,大立光元富99購07,0,0,0,0,0,0,0,0,0,-101000,0,0,0,25000,126000,-101000,-101000
058732,矽格永豐99購01  ,0,0,0,0,0,0,0,0,0,-101000,0,0,0,0,101000,-101000,-101000
2406,國碩            ,328000,429000,-101000,0,0,0,0,0,0,0,0,0,0,0,0,0,-101000
3029,零壹            ,73000,175000,-102000,0,0,0,0,0,0,1000,2000,1000,1000,0,0,0,-101000
06135P,志超元富97售01  ,0,0,0,0,0,0,0,0,0,-102000,0,0,0,0,102000,-102000,-102000
06082P,華通統一98售01  ,0,0,0,0,0,0,0,0,0,-102000,0,0,0,0,102000,-102000,-102000
054890,聯鈞統一99購01  ,0,0,0,0,0,0,0,0,0,-102000,0,0,0,0,102000,-102000,-102000
060029,嘉晶永豐99購03  ,0,0,0,0,0,0,0,0,0,-102000,0,0,0,13000,115000,-102000,-102000
058768,南港兆豐99購01  ,0,0,0,0,0,0,0,0,0,-102000,0,0,0,4000,106000,-102000,-102000
059534,國泰金凱基99購01,0,0,0,0,0,0,0,0,0,-102000,0,0,0,0,102000,-102000,-102000
2888A,新光金甲特      ,0,0,0,0,0,0,0,0,0,-102000,0,102000,-102000,0,0,0,-102000
061847,力山國票9B購01  ,0,0,0,0,0,0,0,0,0,-103000,0,0,0,8000,111000,-103000,-103000
062674,百和中信03購01  ,0,0,0,0,0,0,0,0,0,-103000,0,0,0,0,103000,-103000,-103000
062084,台郡元大9B購04  ,0,0,0,0,0,0,0,0,0,-103000,0,0,0,5000,108000,-103000,-103000
054137,聯詠元大97購02  ,0,0,0,0,0,0,0,0,0,-103000,0,0,0,5000,108000,-103000,-103000
057534,旭富元大98購01  ,0,0,0,0,0,0,0,0,0,-103000,0,0,0,19000,122000,-103000,-103000
05730P,臺股指凱基97售03,0,0,0,0,0,0,0,0,0,-103000,0,0,0,30000,133000,-103000,-103000
060260,京鼎凱基9C購01  ,0,0,0,0,0,0,0,0,0,-103000,0,0,0,27000,130000,-103000,-103000
062212,臻鼎台新9B購01  ,0,0,0,0,0,0,0,0,0,-104000,0,0,0,0,104000,-104000,-104000
062578,超眾群益9B購01  ,0,0,0,0,0,0,0,0,0,-104000,0,0,0,0,104000,-104000,-104000
061052,和大群益9A購01  ,0,0,0,0,0,0,0,0,0,-104000,0,0,0,10000,114000,-104000,-104000
060194,旭富元富9A購01  ,0,0,0,0,0,0,0,0,0,-104000,0,0,0,203000,307000,-104000,-104000
060456,正隆元大9A購01  ,0,0,0,0,0,0,0,0,0,-104000,0,0,0,545000,649000,-104000,-104000
059848,智邦永豐99購01  ,0,0,0,0,0,0,0,0,0,-104000,0,0,0,97000,201000,-104000,-104000
056762,亞德客元大98購01,0,0,0,0,0,0,0,0,0,-104000,0,0,0,81000,185000,-104000,-104000
059064,緯穎凱基99購02  ,0,0,0,0,0,0,0,0,0,-104000,0,0,0,132000,236000,-104000,-104000
061044,世紀鋼永豐9A購02,0,0,0,0,0,0,0,0,0,-105000,0,0,0,0,105000,-105000,-105000
061123,燿華永豐9A購01  ,0,0,0,0,0,0,0,0,0,-105000,0,0,0,116000,221000,-105000,-105000
062167,燿華永豐9B購01  ,0,0,0,0,0,0,0,0,0,-105000,0,0,0,0,105000,-105000,-105000
058282,聯茂中信99購01  ,0,0,0,0,0,0,0,0,0,-105000,0,0,0,0,105000,-105000,-105000
058725,美律富邦9A購01  ,0,0,0,0,0,0,0,0,0,-105000,0,0,0,15000,120000,-105000,-105000
057833,聯發科元富02購06,0,0,0,0,0,0,0,0,0,-105000,0,0,0,32000,137000,-105000,-105000
06055P,華通凱基97售04  ,0,0,0,0,0,0,0,0,0,-106000,0,0,0,1000,107000,-106000,-106000
056385,創意國泰99購01  ,0,0,0,0,0,0,0,0,0,-106000,0,0,0,47000,153000,-106000,-106000
00766L,台新MSCI中國正2 ,0,0,0,0,0,0,0,0,0,-106000,0,0,0,134000,240000,-106000,-106000
055243,國巨統一97購04  ,0,0,0,0,0,0,0,0,0,-106000,0,0,0,0,106000,-106000,-106000
2820,華票            ,218000,337000,-119000,0,0,0,0,0,0,13000,13000,0,13000,0,0,0,-106000
1216,統一            ,3670000,3865000,-195000,0,0,0,104000,0,104000,-15000,20000,35000,-15000,2000,2000,0,-106000
061823,勤誠群益9B購01  ,0,0,0,0,0,0,0,0,0,-107000,0,0,0,53000,160000,-107000,-107000
062180,瑞昱元大9B購03  ,0,0,0,0,0,0,0,0,0,-107000,0,0,0,86000,193000,-107000,-107000
06763P,技嘉元大98售05  ,0,0,0,0,0,0,0,0,0,-107000,0,0,0,73000,180000,-107000,-107000
059568,台積電凱基9A購13,0,0,0,0,0,0,0,0,0,-107000,0,0,0,0,107000,-107000,-107000
057062,立積國泰99購01  ,0,0,0,0,0,0,0,0,0,-107000,0,0,0,0,107000,-107000,-107000
9917,中保科          ,133000,247000,-114000,0,0,0,0,0,0,7000,7000,0,7000,0,0,0,-107000
062549,中租永豐9B購01  ,0,0,0,0,0,0,0,0,0,-108000,0,0,0,0,108000,-108000,-108000
062605,上銀凱基9B購03  ,0,0,0,0,0,0,0,0,0,-108000,0,0,0,0,108000,-108000,-108000
061470,鈺齊群益9A購02  ,0,0,0,0,0,0,0,0,0,-108000,0,0,0,0,108000,-108000,-108000
052908,大成鋼統一96購01,0,0,0,0,0,0,0,0,0,-108000,0,0,0,0,108000,-108000,-108000
049255,旺宏元大97購02  ,0,0,0,0,0,0,0,0,0,-108000,0,0,0,2000,110000,-108000,-108000
054351,華新科國泰97購03,0,0,0,0,0,0,0,0,0,-108000,0,0,0,37000,145000,-108000,-108000
3030,德律            ,141000,328000,-187000,0,0,0,0,0,0,79000,82000,3000,79000,0,0,0,-108000
3018,同開            ,79000,187000,-108000,0,0,0,0,0,0,0,0,0,0,0,0,0,-108000
07835P,台表科群益9A售02,0,0,0,0,0,0,0,0,0,-108000,0,0,0,7000,115000,-108000,-108000
06072P,牧德永豐97售01  ,0,0,0,0,0,0,0,0,0,-109000,0,0,0,119000,228000,-109000,-109000
061029,力山永豐9A購01  ,0,0,0,0,0,0,0,0,0,-109000,0,0,0,0,109000,-109000,-109000
062699,台積電元大01購02,0,0,0,0,0,0,0,0,0,-109000,0,0,0,0,109000,-109000,-109000
062176,元金2X元大9B購01,0,0,0,0,0,0,0,0,0,-109000,0,0,0,1000,110000,-109000,-109000
061832,聯發科凱基9B購06,0,0,0,0,0,0,0,0,0,-109000,0,0,0,15000,124000,-109000,-109000
056395,玉晶光永豐9B購01,0,0,0,0,0,0,0,0,0,-109000,0,0,0,0,109000,-109000,-109000
057526,智邦元大98購10  ,0,0,0,0,0,0,0,0,0,-109000,0,0,0,155000,264000,-109000,-109000
07832P,台積電群益9A售08,0,0,0,0,0,0,0,0,0,-109000,0,0,0,0,109000,-109000,-109000
062107,台光電國票9B購01,0,0,0,0,0,0,0,0,0,-110000,0,0,0,60000,170000,-110000,-110000
062269,葡萄王群益9B購01,0,0,0,0,0,0,0,0,0,-110000,0,0,0,0,110000,-110000,-110000
060967,鈺齊凱基9A購02  ,0,0,0,0,0,0,0,0,0,-110000,0,0,0,0,110000,-110000,-110000
060686,康友元大9A購02  ,0,0,0,0,0,0,0,0,0,-110000,0,0,0,16000,126000,-110000,-110000
052979,上銀元大96購02  ,0,0,0,0,0,0,0,0,0,-110000,0,0,0,10000,120000,-110000,-110000
050170,臺指反元大97購02,0,0,0,0,0,0,0,0,0,-110000,0,0,0,60000,170000,-110000,-110000
054245,鴻海元大96購23  ,0,0,0,0,0,0,0,0,0,-110000,0,0,0,0,110000,-110000,-110000
058187,泰碩永豐99購01  ,0,0,0,0,0,0,0,0,0,-110000,0,0,0,0,110000,-110000,-110000
058625,旺宏國票9A購01  ,0,0,0,0,0,0,0,0,0,-110000,0,0,0,0,110000,-110000,-110000
055848,大立光元大97購11,0,0,0,0,0,0,0,0,0,-110000,0,0,0,0,110000,-110000,-110000
059166,友達凱基99購05  ,0,0,0,0,0,0,0,0,0,-110000,0,0,0,0,110000,-110000,-110000
057178,可成元大98購03  ,0,0,0,0,0,0,0,0,0,-110000,0,0,0,3000,113000,-110000,-110000
058251,百和元大99購03  ,0,0,0,0,0,0,0,0,0,-110000,0,0,0,0,110000,-110000,-110000
060154,堤維西永豐9A購01,0,0,0,0,0,0,0,0,0,-110000,0,0,0,0,110000,-110000,-110000
07864P,可成元大9B售01  ,0,0,0,0,0,0,0,0,0,-110000,0,0,0,21000,131000,-110000,-110000
060707,台郡富邦9A購01  ,0,0,0,0,0,0,0,0,0,-111000,0,0,0,39000,150000,-111000,-111000
061549,泰碩群益9A購01  ,0,0,0,0,0,0,0,0,0,-111000,0,0,0,64000,175000,-111000,-111000
058520,智易元大99購03  ,0,0,0,0,0,0,0,0,0,-111000,0,0,0,52000,163000,-111000,-111000
059039,致伸群益99購01  ,0,0,0,0,0,0,0,0,0,-111000,0,0,0,0,111000,-111000,-111000
07820P,臺股指國票9A售11,0,0,0,0,0,0,0,0,0,-111000,0,0,0,150000,261000,-111000,-111000
060658,台灣50凱基01購04,0,0,0,0,0,0,0,0,0,-112000,0,0,0,0,112000,-112000,-112000
061996,矽格元大9B購01  ,0,0,0,0,0,0,0,0,0,-112000,0,0,0,77000,189000,-112000,-112000
056349,道瓊銀元大9B購01,0,0,0,0,0,0,0,0,0,-112000,0,0,0,218000,330000,-112000,-112000
053487,台泥兆豐97購01  ,0,0,0,0,0,0,0,0,0,-112000,0,0,0,0,112000,-112000,-112000
057444,台泥元富98購01  ,0,0,0,0,0,0,0,0,0,-112000,0,0,0,98000,210000,-112000,-112000
060419,漢翔永豐9A購01  ,0,0,0,0,0,0,0,0,0,-112000,0,0,0,0,112000,-112000,-112000
07683P,宏達電凱基9A售03,0,0,0,0,0,0,0,0,0,-112000,0,0,0,0,112000,-112000,-112000
062277,廣達群益9B購01  ,0,0,0,0,0,0,0,0,0,-113000,0,0,0,24000,137000,-113000,-113000
062541,臻鼎國泰01購01  ,0,0,0,0,0,0,0,0,0,-113000,0,0,0,0,113000,-113000,-113000
060853,健策國泰9B購02  ,0,0,0,0,0,0,0,0,0,-113000,0,0,0,16000,129000,-113000,-113000
053630,奇鋐兆豐97購01  ,0,0,0,0,0,0,0,0,0,-113000,0,0,0,7000,120000,-113000,-113000
053782,京元電元大98購02,0,0,0,0,0,0,0,0,0,-113000,0,0,0,0,113000,-113000,-113000
058774,台郡兆豐9A購01  ,0,0,0,0,0,0,0,0,0,-113000,0,0,0,0,113000,-113000,-113000
07825P,健策國泰9B售04  ,0,0,0,0,0,0,0,0,0,-113000,0,0,0,210000,323000,-113000,-113000
060503,技嘉元大9A購01  ,0,0,0,0,0,0,0,0,0,-114000,0,0,0,334000,448000,-114000,-114000
061358,世紀鋼元大9A購04,0,0,0,0,0,0,0,0,0,-114000,0,0,0,11000,125000,-114000,-114000
062228,南六統一02購01  ,0,0,0,0,0,0,0,0,0,-114000,0,0,0,28000,142000,-114000,-114000
062192,南六元大9B購01  ,0,0,0,0,0,0,0,0,0,-114000,0,0,0,80000,194000,-114000,-114000
052297,旭富國票96購01  ,0,0,0,0,0,0,0,0,0,-114000,0,0,0,0,114000,-114000,-114000
056121,勤誠群益97購01  ,0,0,0,0,0,0,0,0,0,-114000,0,0,0,56000,170000,-114000,-114000
057206,立積元富98購01  ,0,0,0,0,0,0,0,0,0,-114000,0,0,0,50000,164000,-114000,-114000
06809P,電子類群益98售03,0,0,0,0,0,0,0,0,0,-115000,0,0,0,0,115000,-115000,-115000
061792,和大永豐9B購01  ,0,0,0,0,0,0,0,0,0,-115000,0,0,0,0,115000,-115000,-115000
055343,國巨凱基97購03  ,0,0,0,0,0,0,0,0,0,-115000,0,0,0,10000,125000,-115000,-115000
058836,FBVIX中信03購05 ,0,0,0,0,0,0,0,0,0,-115000,0,0,0,74000,189000,-115000,-115000
058910,泰鼎元大99購03  ,0,0,0,0,0,0,0,0,0,-115000,0,0,0,57000,172000,-115000,-115000
059996,美律元富99購01  ,0,0,0,0,0,0,0,0,0,-115000,0,0,0,35000,150000,-115000,-115000
058750,緯穎凱基9A購03  ,0,0,0,0,0,0,0,0,0,-115000,0,0,0,99000,214000,-115000,-115000
3530,晶相光          ,130000,242000,-112000,0,0,0,0,0,0,-3000,0,0,0,4000,7000,-3000,-115000
061226,台積電中信9A購05,0,0,0,0,0,0,0,0,0,-116000,0,0,0,0,116000,-116000,-116000
060792,信錦永豐9A購01  ,0,0,0,0,0,0,0,0,0,-116000,0,0,0,0,116000,-116000,-116000
062292,旭富永豐9B購01  ,0,0,0,0,0,0,0,0,0,-116000,0,0,0,184000,300000,-116000,-116000
051898,富邦金國泰97購01,0,0,0,0,0,0,0,0,0,-116000,0,0,0,50000,166000,-116000,-116000
048422,瑞昱元富96購02  ,0,0,0,0,0,0,0,0,0,-116000,0,0,0,52000,168000,-116000,-116000
050515,聯電元大96購01  ,0,0,0,0,0,0,0,0,0,-116000,0,0,0,10000,126000,-116000,-116000
059632,聯發科凱基01購01,0,0,0,0,0,0,0,0,0,-116000,0,0,0,0,116000,-116000,-116000
057831,聯發科元富02購04,0,0,0,0,0,0,0,0,0,-116000,0,0,0,46000,162000,-116000,-116000
057826,祥碩元大98購08  ,0,0,0,0,0,0,0,0,0,-116000,0,0,0,13000,129000,-116000,-116000
060065,大立光兆豐9B購01,0,0,0,0,0,0,0,0,0,-116000,0,0,0,5000,121000,-116000,-116000
05977P,旺宏永豐96售06  ,0,0,0,0,0,0,0,0,0,-116000,0,0,0,210000,326000,-116000,-116000
058221,上銀統一99購04  ,0,0,0,0,0,0,0,0,0,-116000,0,0,0,0,116000,-116000,-116000
06718P,聯詠元大98售01  ,0,0,0,0,0,0,0,0,0,-117000,0,0,0,0,117000,-117000,-117000
061214,華擎元大9A購04  ,0,0,0,0,0,0,0,0,0,-117000,0,0,0,54000,171000,-117000,-117000
051561,玉晶光國泰97購04,0,0,0,0,0,0,0,0,0,-117000,0,0,0,313000,430000,-117000,-117000
055232,泰碩國票98購01  ,0,0,0,0,0,0,0,0,0,-117000,0,0,0,15000,132000,-117000,-117000
055894,欣興統一97購03  ,0,0,0,0,0,0,0,0,0,-117000,0,0,0,8000,125000,-117000,-117000
2539,櫻花建          ,34000,32000,2000,0,0,0,0,0,0,-119000,0,119000,-119000,0,0,0,-117000
061463,智邦群益9A購02  ,0,0,0,0,0,0,0,0,0,-118000,0,0,0,11000,129000,-118000,-118000
060682,牧德元大9A購03  ,0,0,0,0,0,0,0,0,0,-118000,0,0,0,10000,128000,-118000,-118000
060716,新唐永豐9A購01  ,0,0,0,0,0,0,0,0,0,-118000,0,0,0,50000,168000,-118000,-118000
062209,台積電台新9B購05,0,0,0,0,0,0,0,0,0,-118000,0,0,0,4000,122000,-118000,-118000
061931,力山國票9B購02  ,0,0,0,0,0,0,0,0,0,-118000,0,0,0,10000,128000,-118000,-118000
06729P,聯詠元大98售03  ,0,0,0,0,0,0,0,0,0,-119000,0,0,0,15000,134000,-119000,-119000
060998,華通兆豐9A購01  ,0,0,0,0,0,0,0,0,0,-120000,0,0,0,2000,122000,-120000,-120000
061238,晶技元大9A購02  ,0,0,0,0,0,0,0,0,0,-120000,0,0,0,0,120000,-120000,-120000
052675,新光金國泰98購01,0,0,0,0,0,0,0,0,0,-120000,0,0,0,0,120000,-120000,-120000
057579,長榮航中信9A購01,0,0,0,0,0,0,0,0,0,-120000,0,0,0,0,120000,-120000,-120000
058982,台積電凱基99購08,0,0,0,0,0,0,0,0,0,-120000,0,0,0,0,120000,-120000,-120000
058721,立積元富9C購01  ,0,0,0,0,0,0,0,0,0,-120000,0,0,0,153000,273000,-120000,-120000
058026,上銀富邦9A購01  ,0,0,0,0,0,0,0,0,0,-120000,0,0,0,51000,171000,-120000,-120000
07408P,台積電兆豐99售06,0,0,0,0,0,0,0,0,0,-120000,0,0,0,0,120000,-120000,-120000
061472,台積電元大9A購32,0,0,0,0,0,0,0,0,0,-121000,0,0,0,91000,212000,-121000,-121000
061011,華通麥證9A購02  ,0,0,0,0,121000,-121000,0,0,0,-121000,0,0,0,0,121000,-121000,-121000
056712,京鼎永豐98購01  ,0,0,0,0,0,0,0,0,0,-121000,0,0,0,25000,146000,-121000,-121000
059461,鈺齊永豐99購03  ,0,0,0,0,0,0,0,0,0,-121000,0,0,0,0,121000,-121000,-121000
3090,日電貿          ,328000,381000,-53000,0,0,0,0,0,0,-68000,3000,0,3000,5000,76000,-71000,-121000
1507,永大            ,17000,138000,-121000,0,0,0,0,0,0,0,0,0,0,0,0,0,-121000
060734,華通統一9C購01  ,0,0,0,0,0,0,0,0,0,-122000,0,0,0,31000,153000,-122000,-122000
052424,泰碩國票97購01  ,0,0,0,0,0,0,0,0,0,-122000,0,0,0,0,122000,-122000,-122000
057445,華通元富02購01  ,0,0,0,0,0,0,0,0,0,-122000,0,0,0,16000,138000,-122000,-122000
058965,祥碩兆豐99購02  ,0,0,0,0,0,0,0,0,0,-122000,0,0,0,78000,200000,-122000,-122000
060449,元金2X元大9A購02,0,0,0,0,0,0,0,0,0,-122000,0,0,0,11000,133000,-122000,-122000
060238,強茂元大9C購01  ,0,0,0,0,0,0,0,0,0,-122000,0,0,0,3000,125000,-122000,-122000
062460,京鼎群益9C購01  ,0,0,0,0,0,0,0,0,0,-123000,0,0,0,21000,144000,-123000,-123000
057841,茂林富邦9A購02  ,0,0,0,0,0,0,0,0,0,-123000,0,0,0,6000,129000,-123000,-123000
05973P,聯詠元大96售06  ,0,0,0,0,0,0,0,0,0,-123000,0,0,0,0,123000,-123000,-123000
8131,福懋科          ,42000,146000,-104000,0,0,0,0,0,0,-19000,5000,27000,-22000,4000,1000,3000,-123000
06083P,華通統一98售02  ,0,0,0,0,0,0,0,0,0,-124000,0,0,0,9000,133000,-124000,-124000
00763U,街口道瓊銅      ,0,0,0,0,0,0,0,0,0,-124000,0,0,0,4000,128000,-124000,-124000
058208,百和凱基99購01  ,0,0,0,0,0,0,0,0,0,-124000,0,0,0,0,124000,-124000,-124000
060164,合勤控永豐9A購01,0,0,0,0,0,0,0,0,0,-124000,0,0,0,0,124000,-124000,-124000
060025,台積電富邦9C購06,0,0,0,0,0,0,0,0,0,-124000,0,0,0,0,124000,-124000,-124000
07816P,聯發科群益9A售02,0,0,0,0,0,0,0,0,0,-124000,0,0,0,70000,194000,-124000,-124000
06839P,玉晶光統一9A售05,0,0,0,0,0,0,0,0,0,-125000,0,0,0,58000,183000,-125000,-125000
06338P,亞德客統一97售02,0,0,0,0,0,0,0,0,0,-125000,0,0,0,45000,170000,-125000,-125000
058183,國巨富邦9A購06  ,0,0,0,0,0,0,0,0,0,-125000,0,0,0,0,125000,-125000,-125000
058515,健鼎元大99購01  ,0,0,0,0,0,0,0,0,0,-125000,0,0,0,20000,145000,-125000,-125000
054383,傳奇群益97購01  ,0,0,0,0,0,0,0,0,0,-125000,0,0,0,0,125000,-125000,-125000
057329,緯穎群益98購02  ,0,0,0,0,0,0,0,0,0,-125000,0,0,0,16000,141000,-125000,-125000
057454,上銀國泰99購02  ,0,0,0,0,0,0,0,0,0,-125000,0,0,0,0,125000,-125000,-125000
056508,揚明光永豐98購01,0,0,0,0,0,0,0,0,0,-125000,0,0,0,0,125000,-125000,-125000
1537,廣隆            ,39000,164000,-125000,0,0,0,0,0,0,0,0,0,0,0,0,0,-125000
9945,潤泰新          ,955000,1075121,-120121,0,0,0,0,0,0,-5000,22000,14000,8000,0,13000,-13000,-125121
05861P,瀚宇博永豐96售02,0,0,0,0,0,0,0,0,0,-126000,0,0,0,45000,171000,-126000,-126000
06728P,全新元大98售03  ,0,0,0,0,0,0,0,0,0,-127000,0,0,0,28000,155000,-127000,-127000
06050P,玉晶光國票98售01,0,0,0,0,0,0,0,0,0,-127000,0,0,0,4000,131000,-127000,-127000
061422,台積電元大9A購30,0,0,0,0,0,0,0,0,0,-127000,0,0,0,0,127000,-127000,-127000
057189,康控元大98購02  ,0,0,0,0,0,0,0,0,0,-127000,0,0,0,0,127000,-127000,-127000
059991,超眾元大9A購02  ,0,0,0,0,0,0,0,0,0,-127000,0,0,0,5000,132000,-127000,-127000
060374,儒鴻元富9A購01  ,0,0,0,0,0,0,0,0,0,-127000,0,0,0,447000,574000,-127000,-127000
058148,百和元大99購01  ,0,0,0,0,0,0,0,0,0,-127000,0,0,0,0,127000,-127000,-127000
055060,聯陽永豐97購01  ,0,0,0,0,0,0,0,0,0,-128000,0,0,0,116000,244000,-128000,-128000
05207P,高股息中信97售03,0,0,0,0,0,0,0,0,0,-128000,0,0,0,2000,130000,-128000,-128000
060241,國泰金元大9A購01,0,0,0,0,0,0,0,0,0,-128000,0,0,0,0,128000,-128000,-128000
2913,農林            ,64000,226000,-162000,0,0,0,0,0,0,34000,34000,0,34000,0,0,0,-128000
07648P,祥碩國票9B售01  ,0,0,0,0,0,0,0,0,0,-128000,0,0,0,244000,372000,-128000,-128000
060663,聯發科凱基9A購13,0,0,0,0,0,0,0,0,0,-129000,0,0,0,0,129000,-129000,-129000
062543,華通富邦9C購01  ,0,0,0,0,0,0,0,0,0,-129000,0,0,0,0,129000,-129000,-129000
062568,緯穎中信9C購01  ,0,0,0,0,0,0,0,0,0,-129000,0,0,0,0,129000,-129000,-129000
052529,力成元大95購03  ,0,0,0,0,0,0,0,0,0,-129000,0,0,0,71000,200000,-129000,-129000
056261,台積電統一97購07,0,0,0,0,0,0,0,0,0,-129000,0,0,0,0,129000,-129000,-129000
057007,奇力新中信98購04,0,0,0,0,0,0,0,0,0,-129000,0,0,0,0,129000,-129000,-129000
062697,國巨元大9C購01  ,0,0,0,0,0,0,0,0,0,-130000,0,0,0,0,130000,-130000,-130000
06617P,智邦元大98售03  ,0,0,0,0,0,0,0,0,0,-130000,0,0,0,165000,295000,-130000,-130000
062075,智邦元大9B購03  ,0,0,0,0,0,0,0,0,0,-130000,0,0,0,151000,281000,-130000,-130000
058339,康友元富99購02  ,0,0,0,0,0,0,0,0,0,-130000,0,0,0,0,130000,-130000,-130000
058105,旺宏統一9A購02  ,0,0,0,0,0,0,0,0,0,-130000,0,0,0,4000,134000,-130000,-130000
07865P,可成元大9B售02  ,0,0,0,0,0,0,0,0,0,-130000,0,0,0,8000,138000,-130000,-130000
059176,臺股指凱基99購27,0,0,0,0,0,0,0,0,0,-131000,0,0,0,115000,246000,-131000,-131000
2601,益航            ,160000,291000,-131000,0,0,0,0,0,0,0,0,0,0,0,0,0,-131000
062093,台積電富邦9C購11,0,0,0,0,0,0,0,0,0,-132000,0,0,0,0,132000,-132000,-132000
052818,智邦永豐96購01  ,0,0,0,0,0,0,0,0,0,-132000,0,0,0,0,132000,-132000,-132000
5225,東科-KY         ,17000,149000,-132000,0,0,0,0,0,0,0,0,0,0,0,0,0,-132000
3563,牧德            ,70040,179000,-108960,0,0,0,0,0,0,-24000,15000,23000,-8000,0,16000,-16000,-132960
058209,臺股指凱基01購01,0,0,0,0,0,0,0,0,0,-133000,0,0,0,0,133000,-133000,-133000
054214,京鼎國票97購02  ,0,0,0,0,0,0,0,0,0,-133000,0,0,0,27000,160000,-133000,-133000
057717,友訊元富98購02  ,0,0,0,0,0,0,0,0,0,-133000,0,0,0,3000,136000,-133000,-133000
6416,瑞祺電通        ,74000,173000,-99000,0,0,0,0,0,0,-34000,3000,25000,-22000,7000,19000,-12000,-133000
061076,台達電兆豐9A購01,0,0,0,0,0,0,0,0,0,-134000,0,0,0,96000,230000,-134000,-134000
05851P,力山群益97售01  ,0,0,0,0,0,0,0,0,0,-134000,0,0,0,40000,174000,-134000,-134000
2534,宏盛            ,59000,198000,-139000,0,0,0,0,0,0,5000,5000,0,5000,0,0,0,-134000
2501,國建            ,111000,245000,-134000,0,0,0,0,0,0,0,0,0,0,0,0,0,-134000
061074,儒鴻兆豐9B購01  ,0,0,0,0,0,0,0,0,0,-135000,0,0,0,308000,443000,-135000,-135000
060957,SP黃豆凱基9A購04,0,0,0,0,0,0,0,0,0,-135000,0,0,0,35000,170000,-135000,-135000
062008,南亞科國泰9C購01,0,0,0,0,0,0,0,0,0,-135000,0,0,0,23000,158000,-135000,-135000
054805,台苯元大9A購01  ,0,0,0,0,0,0,0,0,0,-135000,0,0,0,0,135000,-135000,-135000
056407,嘉晶國票99購01  ,0,0,0,0,0,0,0,0,0,-135000,0,0,0,15000,150000,-135000,-135000
050014,國巨富邦98購01  ,0,0,0,0,0,0,0,0,0,-135000,0,0,0,0,135000,-135000,-135000
059924,世紀鋼元大99購06,0,0,0,0,0,0,0,0,0,-135000,0,0,0,0,135000,-135000,-135000
2351,順德            ,32000,167000,-135000,0,0,0,0,0,0,0,0,0,0,0,0,0,-135000
061101,道瓊銀元大9A購02,0,0,0,0,0,0,0,0,0,-136000,0,0,0,56000,192000,-136000,-136000
060313,淘帝永豐9A購01  ,0,0,0,0,0,0,0,0,0,-136000,0,0,0,37000,173000,-136000,-136000
059068,台虹國票9A購01  ,0,0,0,0,0,0,0,0,0,-136000,0,0,0,150000,286000,-136000,-136000
057153,祥碩國泰99購01  ,0,0,0,0,0,0,0,0,0,-136000,0,0,0,10000,146000,-136000,-136000
3019,亞光            ,374000,565000,-191000,0,0,0,0,0,0,55000,41000,0,41000,48000,34000,14000,-136000
07795P,美律國票9A售03  ,0,0,0,0,0,0,0,0,0,-136000,0,0,0,0,136000,-136000,-136000
061274,臺股指凱基9A購24,0,0,0,0,0,0,0,0,0,-137000,0,0,0,10000,147000,-137000,-137000
061187,瀚宇博國泰9C購01,0,0,0,0,0,0,0,0,0,-137000,0,0,0,67000,204000,-137000,-137000
062004,國巨國泰9C購03  ,0,0,0,0,0,0,0,0,0,-137000,0,0,0,23000,160000,-137000,-137000
061867,旺宏元大9B購02  ,0,0,0,0,0,0,0,0,0,-137000,0,0,0,80000,217000,-137000,-137000
062610,啟碁凱基9B購01  ,0,0,0,0,0,0,0,0,0,-137000,0,0,0,0,137000,-137000,-137000
056584,鴻海統一9B購01  ,0,0,0,0,0,0,0,0,0,-137000,0,0,0,475000,612000,-137000,-137000
057862,智邦凱基99購01  ,0,0,0,0,0,0,0,0,0,-137000,0,0,0,80000,217000,-137000,-137000
059688,燿華永豐99購01  ,0,0,0,0,0,0,0,0,0,-137000,0,0,0,136000,273000,-137000,-137000
061882,矽創元大9B購01  ,0,0,0,0,0,0,0,0,0,-138000,0,0,0,11000,149000,-138000,-138000
062009,聯發科國泰01購01,0,0,0,0,0,0,0,0,0,-138000,0,0,0,123000,261000,-138000,-138000
056255,華新科元富97購05,0,0,0,0,0,0,0,0,0,-138000,0,0,0,82000,220000,-138000,-138000
06748P,智邦台新98售02  ,0,0,0,0,0,0,0,0,0,-139000,0,0,0,22000,161000,-139000,-139000
06073P,健策永豐97售01  ,0,0,0,0,0,0,0,0,0,-139000,0,0,0,3000,142000,-139000,-139000
060388,世紀鋼凱基9B購01,0,0,0,0,0,0,0,0,0,-139000,0,0,0,85000,224000,-139000,-139000
060042,台積電群益99購12,0,0,0,0,0,0,0,0,0,-139000,0,0,0,0,139000,-139000,-139000
057133,京鼎凱基98購02  ,0,0,0,0,0,0,0,0,0,-139000,0,0,0,26000,165000,-139000,-139000
05722P,玉晶光國票97售03,0,0,0,0,0,0,0,0,0,-139000,0,0,0,74000,213000,-139000,-139000
3702A,大聯大甲特      ,0,3000,-3000,0,0,0,0,0,0,-136000,0,136000,-136000,0,0,0,-139000
061433,華通麥證9A購03  ,0,0,0,5000,145000,-140000,0,0,0,-140000,0,0,0,5000,145000,-140000,-140000
061407,鴻海國票9A購07  ,0,0,0,0,0,0,0,0,0,-140000,0,0,0,3000,143000,-140000,-140000
054970,帆宣元大97購01  ,0,0,0,0,0,0,0,0,0,-140000,0,0,0,0,140000,-140000,-140000
055763,鎧勝群益97購01  ,0,0,0,0,0,0,0,0,0,-140000,0,0,0,0,140000,-140000,-140000
054621,華新科兆豐98購01,0,0,0,0,0,0,0,0,0,-140000,0,0,0,0,140000,-140000,-140000
059009,世紀鋼元大99購04,0,0,0,0,0,0,0,0,0,-140000,0,0,0,199000,339000,-140000,-140000
059050,元油2X凱基9B購08,0,0,0,0,0,0,0,0,0,-140000,0,0,0,460000,600000,-140000,-140000
060920,超眾富邦9B購01  ,0,0,0,0,0,0,0,0,0,-141000,0,0,0,173000,314000,-141000,-141000
061859,勤誠國票9B購01  ,0,0,0,0,0,0,0,0,0,-141000,0,0,0,136000,277000,-141000,-141000
057016,中石化凱基9B購01,0,0,0,0,0,0,0,0,0,-141000,0,0,0,7000,148000,-141000,-141000
07646P,世芯元大9A售04  ,0,0,0,0,0,0,0,0,0,-141000,0,0,0,95000,236000,-141000,-141000
060886,國巨統一01購03  ,0,0,0,0,0,0,0,0,0,-142000,0,0,0,30000,172000,-142000,-142000
061770,泰碩元大9B購02  ,0,0,0,0,0,0,0,0,0,-142000,0,0,0,9000,151000,-142000,-142000
048652,巨大元大96購01  ,0,0,0,0,0,0,0,0,0,-142000,0,0,0,128000,270000,-142000,-142000
061582,麗豐元大9A購01  ,0,0,0,0,0,0,0,0,0,-143000,0,0,0,153000,296000,-143000,-143000
06386P,欣興永豐97售03  ,0,0,0,0,0,0,0,0,0,-143000,0,0,0,78000,221000,-143000,-143000
05524P,瀚宇博國票97售02,0,0,0,0,0,0,0,0,0,-143000,0,0,0,148000,291000,-143000,-143000
055255,欣興統一97購02  ,0,0,0,0,0,0,0,0,0,-143000,0,0,0,640000,783000,-143000,-143000
060934,台汽電永豐9A購02,0,0,0,0,0,0,0,0,0,-144000,0,0,0,34000,178000,-144000,-144000
058556,百和永豐99購01  ,0,0,0,0,0,0,0,0,0,-144000,0,0,0,15000,159000,-144000,-144000
054582,致新元大97購01  ,0,0,0,0,0,0,0,0,0,-144000,0,0,0,96000,240000,-144000,-144000
056321,創意群益98購02  ,0,0,0,0,0,0,0,0,0,-144000,0,0,0,83000,227000,-144000,-144000
061592,義隆永豐9A購03  ,0,0,0,0,0,0,0,0,0,-145000,0,0,0,0,145000,-145000,-145000
061906,統一中信9B購01  ,0,0,0,0,0,0,0,0,0,-145000,0,0,0,14000,159000,-145000,-145000
062165,聯茂國泰01購01  ,0,0,0,0,0,0,0,0,0,-145000,0,0,0,52000,197000,-145000,-145000
055538,鴻海日盛97購04  ,0,0,0,0,0,0,0,0,0,-145000,0,0,0,0,145000,-145000,-145000
058839,瑞儀中信99購02  ,0,0,0,0,0,0,0,0,0,-145000,0,0,0,2000,147000,-145000,-145000
05922P,京元電兆豐96售01,0,0,0,0,0,0,0,0,0,-145000,0,0,0,0,145000,-145000,-145000
057632,傳奇永豐98購01  ,0,0,0,0,0,0,0,0,0,-145000,0,0,0,0,145000,-145000,-145000
07907P,台灣50台新9B售08,0,0,0,0,0,0,0,0,0,-145000,0,0,0,5000,150000,-145000,-145000
6706,惠特            ,138000,284055,-146055,0,0,0,0,0,0,0,40000,40000,0,0,0,0,-146055
054861,智邦群益97購01  ,0,0,0,0,0,0,0,0,0,-147000,0,0,0,14000,161000,-147000,-147000
053994,微星群益96購01  ,0,0,0,0,0,0,0,0,0,-147000,0,0,0,0,147000,-147000,-147000
020000,富邦特選蘋果N   ,0,0,0,0,0,0,0,0,0,-147000,0,0,0,10000,157000,-147000,-147000
062470,智邦凱基9C購01  ,0,0,0,0,0,0,0,0,0,-148000,0,0,0,15000,163000,-148000,-148000
060576,欣興中信9B購01  ,0,0,0,0,0,0,0,0,0,-148000,0,0,0,45000,193000,-148000,-148000
055147,鴻海元大97購11  ,0,0,0,0,0,0,0,0,0,-148000,0,0,0,0,148000,-148000,-148000
056237,智邦群益97購02  ,0,0,0,0,0,0,0,0,0,-148000,0,0,0,0,148000,-148000,-148000
057403,亞光群益98購04  ,0,0,0,0,0,0,0,0,0,-148000,0,0,0,0,148000,-148000,-148000
07501P,華新科元大9A售07,0,0,0,0,0,0,0,0,0,-148000,0,0,0,12000,160000,-148000,-148000
054642,訊芯中信9A購01  ,0,0,0,0,0,0,0,0,0,-149000,0,0,0,0,149000,-149000,-149000
053443,智邦凱基97購01  ,0,0,0,0,0,0,0,0,0,-149000,0,0,0,6000,155000,-149000,-149000
060050,鴻海凱基9B購01  ,0,0,0,0,0,0,0,0,0,-149000,0,0,0,64000,213000,-149000,-149000
07426P,上証2X國票9B售01,0,0,0,0,0,0,0,0,0,-149000,0,0,0,1000,150000,-149000,-149000
060565,大立光富邦01購01,0,0,0,0,0,0,0,0,0,-150000,0,0,0,0,150000,-150000,-150000
060921,中橡永豐9A購02  ,0,0,0,0,0,0,0,0,0,-150000,0,0,0,0,150000,-150000,-150000
06513P,鴻海凱基98售10  ,0,0,0,0,0,0,0,0,0,-150000,0,0,0,44000,194000,-150000,-150000
062675,台積電台新9B購06,0,0,0,0,0,0,0,0,0,-150000,0,0,0,0,150000,-150000,-150000
06743P,創意永豐98售03  ,0,2000,-2000,0,0,0,0,0,0,-148000,0,0,0,58000,206000,-148000,-150000
06848P,聯詠元大98售04  ,0,0,0,0,0,0,0,0,0,-150000,0,0,0,20000,170000,-150000,-150000
053135,信邦國票96購01  ,0,0,0,0,0,0,0,0,0,-150000,0,0,0,0,150000,-150000,-150000
054219,楠梓電統一97購01,0,0,0,0,0,0,0,0,0,-150000,0,0,0,0,150000,-150000,-150000
054220,國巨統一97購02  ,0,0,0,0,0,0,0,0,0,-150000,0,0,0,140000,290000,-150000,-150000
058602,台積電元大99購11,0,0,0,0,0,0,0,0,0,-150000,0,0,0,150000,300000,-150000,-150000
055367,台積電元大97購23,0,0,0,0,0,0,0,0,0,-150000,0,0,0,0,150000,-150000,-150000
054977,SP黃豆元富9B購01,0,0,0,0,0,0,0,0,0,-150000,0,0,0,0,150000,-150000,-150000
059844,大立光富邦9C購04,0,0,0,0,0,0,0,0,0,-150000,0,0,0,2000,152000,-150000,-150000
060382,儒鴻凱基9A購01  ,0,0,0,0,0,0,0,0,0,-150000,0,0,0,141000,291000,-150000,-150000
058266,宏達電永豐99購01,0,0,0,0,0,0,0,0,0,-150000,0,0,0,50000,200000,-150000,-150000
057527,億光元大98購01  ,0,0,0,0,0,0,0,0,0,-150000,0,0,0,5000,155000,-150000,-150000
3060,銘異            ,54000,207000,-153000,0,0,0,0,0,0,3000,3000,0,3000,0,0,0,-150000
059460,GIS永豐99購02   ,0,0,0,0,0,0,0,0,0,-151000,0,0,0,0,151000,-151000,-151000
07608P,台灣50國票9C售03,0,0,0,0,0,0,0,0,0,-151000,0,0,0,0,151000,-151000,-151000
8039,台虹            ,157000,244000,-87000,0,0,0,0,0,0,-64000,3000,10000,-7000,22000,79000,-57000,-151000
061817,高鐵群益9B購01  ,0,0,0,0,0,0,0,0,0,-152000,0,0,0,68000,220000,-152000,-152000
061233,國巨元大9A購17  ,0,0,0,0,0,0,0,0,0,-152000,0,0,0,23000,175000,-152000,-152000
058464,矽創兆豐9A購01  ,0,0,0,0,0,0,0,0,0,-152000,0,0,0,16000,168000,-152000,-152000
052849,可成統一97購01  ,0,0,0,0,0,0,0,0,0,-152000,0,0,0,60000,212000,-152000,-152000
053488,中石化兆豐97購01,0,0,0,0,0,0,0,0,0,-152000,0,0,0,0,152000,-152000,-152000
062005,旺宏國泰01購01  ,0,0,0,0,0,0,0,0,0,-154000,0,0,0,0,154000,-154000,-154000
055684,京鼎凱基97購01  ,0,0,0,0,0,0,0,0,0,-154000,0,0,0,76000,230000,-154000,-154000
2442,新美齊          ,24000,192000,-168000,0,0,0,0,0,0,14000,14000,0,14000,0,0,0,-154000
08000P,奇鋐凱基9B售03  ,0,0,0,0,0,0,0,0,0,-154000,0,0,0,35000,189000,-154000,-154000
062061,台勝科統一01購01,0,0,0,0,0,0,0,0,0,-155000,0,0,0,0,155000,-155000,-155000
052604,建準元大97購01  ,0,0,0,0,0,0,0,0,0,-155000,0,0,0,65000,220000,-155000,-155000
052945,嘉晶國票97購01  ,0,0,0,0,0,0,0,0,0,-155000,0,0,0,62000,217000,-155000,-155000
060326,群光群益9A購01  ,0,0,0,0,0,0,0,0,0,-155000,0,0,0,64000,219000,-155000,-155000
3673,TPK-KY          ,528000,541000,-13000,0,0,0,0,0,0,-142000,19000,92000,-73000,7000,76000,-69000,-155000
062424,聯發科統一9C購08,0,0,0,0,0,0,0,0,0,-156000,0,0,0,2000,158000,-156000,-156000
061043,百和永豐9A購01  ,0,0,0,0,0,0,0,0,0,-156000,0,0,0,109000,265000,-156000,-156000
061374,力山永豐9A購04  ,0,0,0,0,0,0,0,0,0,-157000,0,0,0,45000,202000,-157000,-157000
055426,旺宏群益99購02  ,0,0,0,0,0,0,0,0,0,-157000,0,0,0,0,157000,-157000,-157000
06035P,同欣電凱基96售03,0,0,0,0,0,0,0,0,0,-157000,0,0,0,0,157000,-157000,-157000
1310,台苯            ,396000,574000,-178000,0,0,0,0,0,0,21000,32000,0,32000,0,11000,-11000,-157000
061871,瑞昱元大9B購01  ,0,0,0,0,0,0,0,0,0,-158000,0,0,0,49000,207000,-158000,-158000
06597P,國巨富邦9A售05  ,0,0,0,0,0,0,0,0,0,-158000,0,0,0,134000,292000,-158000,-158000
059469,智邦元大99購03  ,0,0,0,0,0,0,0,0,0,-159000,0,0,0,141000,300000,-159000,-159000
07473P,祥碩元大9A售01  ,0,0,0,0,0,0,0,0,0,-159000,0,0,0,527000,686000,-159000,-159000
07794P,智邦國票9A售03  ,0,0,0,0,0,0,0,0,0,-159000,0,0,0,61000,220000,-159000,-159000
9939,宏全            ,34000,192000,-158000,0,0,0,0,0,0,-1000,8000,16000,-8000,7000,0,7000,-159000
062361,智邦元大9B購06  ,0,0,0,0,0,0,0,0,0,-160000,0,0,0,63000,223000,-160000,-160000
060904,臺指反元大9C購07,0,0,0,0,0,0,0,0,0,-160000,0,0,0,40000,200000,-160000,-160000
056481,創意元大98購01  ,0,0,0,0,0,0,0,0,0,-160000,0,0,0,71000,231000,-160000,-160000
054614,玉晶光永豐97購03,0,0,0,0,0,0,0,0,0,-160000,0,0,0,0,160000,-160000,-160000
052328,台表科中信99購01,0,0,0,0,0,0,0,0,0,-160000,0,0,0,747000,907000,-160000,-160000
07552P,技嘉元大9A售03  ,0,0,0,0,0,0,0,0,0,-160000,0,0,0,5000,165000,-160000,-160000
060569,台積電永豐9A購01,0,0,0,0,0,0,0,0,0,-161000,0,0,0,0,161000,-161000,-161000
061392,泰鼎群益9A購02  ,0,0,0,0,0,0,0,0,0,-161000,0,0,0,46000,207000,-161000,-161000
061355,康友元大9A購03  ,0,0,0,0,0,0,0,0,0,-161000,0,0,0,25000,186000,-161000,-161000
061262,智邦凱基9A購02  ,0,0,0,0,0,0,0,0,0,-161000,0,0,0,109000,270000,-161000,-161000
056079,世紀鋼元大97購02,0,0,0,0,0,0,0,0,0,-161000,0,0,0,47000,208000,-161000,-161000
058261,大立光富邦03購01,0,0,0,0,0,0,0,0,0,-161000,0,0,0,0,161000,-161000,-161000
059861,聯發科群益9A購01,0,0,0,0,0,0,0,0,0,-161000,0,0,0,0,161000,-161000,-161000
058149,百和元大99購02  ,0,0,0,0,0,0,0,0,0,-161000,0,0,0,0,161000,-161000,-161000
2493,揚博            ,175000,458000,-283000,0,0,0,0,0,0,122000,124000,2000,122000,0,0,0,-161000
060818,上銀統一9C購01  ,0,0,0,0,0,0,0,0,0,-162000,0,0,0,40000,202000,-162000,-162000
054626,建準凱基98購01  ,0,0,0,0,0,0,0,0,0,-162000,0,0,0,3000,165000,-162000,-162000
07989P,玉晶光凱基9B售07,0,0,0,0,0,0,0,0,0,-162000,0,0,0,10000,172000,-162000,-162000
061091,奇力新統一9C購02,0,0,0,0,0,0,0,0,0,-163000,0,0,0,186000,349000,-163000,-163000
062556,瑞昱凱基9B購02  ,0,0,0,0,0,0,0,0,0,-163000,0,0,0,14000,177000,-163000,-163000
053083,中環元大99購01  ,0,0,0,0,0,0,0,0,0,-163000,0,0,0,0,163000,-163000,-163000
059945,嘉澤永豐99購03  ,0,0,0,0,0,0,0,0,0,-163000,0,0,0,31000,194000,-163000,-163000
058957,貿聯國票9A購01  ,0,0,0,0,0,0,0,0,0,-163000,0,0,0,48000,211000,-163000,-163000
061697,世紀鋼群益9A購03,0,0,0,0,0,0,0,0,0,-164000,0,0,0,85000,249000,-164000,-164000
059454,亞光永豐99購01  ,0,0,0,0,0,0,0,0,0,-164000,0,0,0,0,164000,-164000,-164000
060306,台肥永豐9A購01  ,0,0,0,0,0,0,0,0,0,-164000,0,0,0,0,164000,-164000,-164000
062025,台達電群益9B購01,0,0,0,0,0,0,0,0,0,-165000,0,0,0,0,165000,-165000,-165000
057772,台積電群益99購01,0,0,0,0,0,0,0,0,0,-165000,0,0,0,170000,335000,-165000,-165000
05658P,日月光元富96售02,0,0,0,0,0,0,0,0,0,-165000,0,0,0,34000,199000,-165000,-165000
062398,建準永豐9B購01  ,17000,0,17000,0,0,0,0,0,0,-183000,0,0,0,23000,206000,-183000,-166000
06454P,緯穎元大98售04  ,0,0,0,0,0,0,0,0,0,-166000,0,0,0,450000,616000,-166000,-166000
054819,裕民元大9A購01  ,0,0,0,0,0,0,0,0,0,-166000,0,0,0,61000,227000,-166000,-166000
2430,燦坤            ,14000,181000,-167000,0,0,0,0,0,0,1000,1000,0,1000,0,0,0,-166000
07803P,南亞科永豐9A售02,0,0,0,0,0,0,0,0,0,-166000,0,0,0,52000,218000,-166000,-166000
06576P,台光電群益98售03,0,0,0,0,0,0,0,0,0,-167000,0,0,0,41000,208000,-167000,-167000
058457,創意永豐99購01  ,0,0,0,0,0,0,0,0,0,-167000,0,0,0,41000,208000,-167000,-167000
055265,玉晶光永豐98購03,0,0,0,0,0,0,0,0,0,-167000,0,0,0,0,167000,-167000,-167000
2108,南帝            ,716000,758000,-42000,0,0,0,0,0,0,-125000,18000,143000,-125000,0,0,0,-167000
06172P,台虹永豐97售02  ,0,0,0,0,0,0,0,0,0,-168000,0,0,0,0,168000,-168000,-168000
058764,康友群益99購01  ,0,0,0,0,0,0,0,0,0,-168000,0,0,0,10000,178000,-168000,-168000
059626,台積電凱基01購01,0,0,0,0,0,0,0,0,0,-168000,0,0,0,0,168000,-168000,-168000
057808,旺宏元大99購05  ,0,0,0,0,0,0,0,0,0,-168000,0,0,0,0,168000,-168000,-168000
06891P,緯穎富邦99售03  ,0,0,0,0,0,0,0,0,0,-169000,0,0,0,1000,170000,-169000,-169000
6552,易華電          ,46000,184000,-138000,0,0,0,0,0,0,-31000,4000,31000,-27000,0,4000,-4000,-169000
060320,元金2X群益02購01,0,0,0,0,0,0,0,0,0,-170000,0,0,0,89000,259000,-170000,-170000
060155,友訊永豐9A購01  ,0,0,0,0,0,0,0,0,0,-170000,0,0,0,3000,173000,-170000,-170000
060230,台積電元大9A購07,0,0,0,0,0,0,0,0,0,-170000,0,0,0,56000,226000,-170000,-170000
07627P,超眾凱基9A售02  ,0,0,0,0,0,0,0,0,0,-170000,0,0,0,0,170000,-170000,-170000
060226,道瓊反元大9A購01,0,0,0,0,0,0,0,0,0,-171000,0,0,0,22000,193000,-171000,-171000
058225,旺宏元富99購01  ,0,0,0,0,0,0,0,0,0,-171000,0,0,0,86000,257000,-171000,-171000
057395,旺宏中信98購03  ,0,0,0,0,0,0,0,0,0,-171000,0,0,0,60000,231000,-171000,-171000
07670P,茂林元大9A售02  ,0,0,0,0,0,0,0,0,0,-171000,0,0,0,10000,181000,-171000,-171000
062415,聯茂中信9C購01  ,0,0,0,0,0,0,0,0,0,-172000,0,0,0,30000,202000,-172000,-172000
062142,喬山國票9B購01  ,0,0,0,0,0,0,0,0,0,-172000,0,0,0,0,172000,-172000,-172000
055798,聯茂富邦98購01  ,0,0,0,0,0,0,0,0,0,-172000,0,0,0,40000,212000,-172000,-172000
057582,亞光中信9A購02  ,0,0,0,0,0,0,0,0,0,-172000,0,0,0,1000,173000,-172000,-172000
062343,中石化群益9B購01,0,0,0,0,0,0,0,0,0,-173000,0,0,0,0,173000,-173000,-173000
058832,立積永豐99購01  ,0,0,0,0,0,0,0,0,0,-173000,0,0,0,0,173000,-173000,-173000
060404,台勝科國泰9B購01,0,0,0,0,0,0,0,0,0,-173000,0,0,0,85000,258000,-173000,-173000
061865,力山元大9B購01  ,0,0,0,0,0,0,0,0,0,-174000,0,0,0,105000,279000,-174000,-174000
061144,玉晶光中信9B購02,0,0,0,0,0,0,0,0,0,-175000,0,0,0,155000,330000,-175000,-175000
062051,上銀統一9C購02  ,0,0,0,0,0,0,0,0,0,-176000,0,0,0,0,176000,-176000,-176000
06614P,祥碩永豐98售03  ,0,0,0,0,0,0,0,0,0,-176000,0,0,0,87000,263000,-176000,-176000
07614P,華新科群益9A售04,0,0,0,0,0,0,0,0,0,-176000,0,0,0,173000,349000,-176000,-176000
07863P,華新科凱基9B售07,0,0,0,0,0,0,0,0,0,-176000,0,0,0,60000,236000,-176000,-176000
055806,致新永豐97購02  ,0,0,0,0,0,0,0,0,0,-177000,0,0,0,129000,306000,-177000,-177000
060048,元金2X凱基99購03,0,0,0,0,0,0,0,0,0,-177000,0,0,0,53000,230000,-177000,-177000
3437,榮創            ,439000,633000,-194000,0,0,0,0,0,0,17000,17000,0,17000,0,0,0,-177000
060963,禾伸堂凱基9A購01,0,0,0,0,0,0,0,0,0,-178000,0,0,0,51000,229000,-178000,-178000
058498,世紀鋼群益99購01,0,0,0,0,0,0,0,0,0,-178000,0,0,0,0,178000,-178000,-178000
060946,世紀鋼國票9A購02,0,0,0,0,0,0,0,0,0,-179000,0,0,0,14000,193000,-179000,-179000
06595P,祥碩元大98售03  ,0,0,0,0,0,0,0,0,0,-179000,0,0,0,937000,1116000,-179000,-179000
062114,GIS國票9C購01   ,0,0,0,0,0,0,0,0,0,-179000,0,0,0,42000,221000,-179000,-179000
061922,瑞昱凱基9B購01  ,0,0,0,0,0,0,0,0,0,-179000,0,0,0,140000,319000,-179000,-179000
03678C,臺股指凱基01牛02,0,0,0,0,0,0,0,0,0,-179000,0,0,0,68000,247000,-179000,-179000
07504P,聯詠元大9A售02  ,0,0,0,0,0,0,0,0,0,-179000,0,0,0,10000,189000,-179000,-179000
062550,啟碁永豐9B購01  ,0,0,0,0,0,0,0,0,0,-180000,0,0,0,0,180000,-180000,-180000
06068P,玉晶光康和97售01,0,0,0,0,0,0,0,0,0,-180000,0,0,0,14000,194000,-180000,-180000
055205,京鼎中信99購01  ,0,0,0,0,0,0,0,0,0,-180000,0,0,0,90000,270000,-180000,-180000
054079,鴻海中信98購02  ,0,0,0,0,0,0,0,0,0,-180000,0,0,0,0,180000,-180000,-180000
056795,鴻海麥證98購01  ,0,0,0,10000,190000,-180000,0,0,0,-180000,0,0,0,10000,190000,-180000,-180000
05921P,同欣電元大96售06,0,0,0,0,0,0,0,0,0,-180000,0,0,0,20000,200000,-180000,-180000
07639P,緯穎國票9A售01  ,0,0,0,0,0,0,0,0,0,-180000,0,0,0,0,180000,-180000,-180000
06833P,矽力群益99售01  ,0,0,0,0,0,0,0,0,0,-181000,0,0,0,0,181000,-181000,-181000
062352,南六群益9B購02  ,0,0,0,0,0,0,0,0,0,-181000,0,0,0,0,181000,-181000,-181000
062305,遠東新凱基9B購01,0,0,0,0,0,0,0,0,0,-181000,0,0,0,11000,192000,-181000,-181000
057190,立積元大9A購02  ,0,0,0,0,0,0,0,0,0,-181000,0,0,0,55000,236000,-181000,-181000
06914P,南茂元大98售03  ,0,0,0,0,0,0,0,0,0,-182000,0,0,0,23000,205000,-182000,-182000
061633,統一元大9A購01  ,0,0,0,0,0,0,0,0,0,-182000,0,0,0,10000,192000,-182000,-182000
056243,創意群益97購03  ,0,0,0,0,0,0,0,0,0,-182000,0,0,0,98000,280000,-182000,-182000
058016,智邦凱基98購06  ,0,0,0,0,0,0,0,0,0,-182000,0,0,0,0,182000,-182000,-182000
1308,亞聚            ,66000,252000,-186000,0,0,0,0,0,0,4000,4000,0,4000,0,0,0,-182000
058189,嘉澤永豐99購01  ,0,40000,-40000,0,0,0,0,0,0,-143000,0,0,0,140000,283000,-143000,-183000
059350,樺漢凱基9A購01  ,0,0,0,0,0,0,0,0,0,-183000,0,0,0,63000,246000,-183000,-183000
060816,世紀鋼凱基9C購02,0,0,0,0,0,0,0,0,0,-185000,0,0,0,130000,315000,-185000,-185000
06705P,臻鼎元富98售03  ,0,0,0,0,0,0,0,0,0,-185000,0,0,0,24000,209000,-185000,-185000
062476,神隆國票9B購01  ,0,0,0,0,0,0,0,0,0,-185000,0,0,0,0,185000,-185000,-185000
056664,上証反中信9B購01,0,0,0,0,0,0,0,0,0,-185000,0,0,0,20000,205000,-185000,-185000
059096,百和元大99購04  ,0,0,0,0,0,0,0,0,0,-185000,0,0,0,0,185000,-185000,-185000
8011,台通            ,569000,757000,-188000,0,0,0,0,0,0,3000,3000,0,3000,0,0,0,-185000
055108,智邦凱基98購01  ,0,0,0,0,0,0,0,0,0,-186000,0,0,0,20000,206000,-186000,-186000
060211,智邦康和9A購01  ,0,0,0,0,0,0,0,0,0,-186000,0,0,0,0,186000,-186000,-186000
060288,群光元大9C購01  ,0,0,0,0,0,0,0,0,0,-186000,0,0,0,64000,250000,-186000,-186000
062062,貿聯統一01購01  ,0,0,0,0,0,0,0,0,0,-187000,0,0,0,78000,265000,-187000,-187000
055093,京鼎群益98購01  ,0,0,0,0,0,0,0,0,0,-187000,0,0,0,44000,231000,-187000,-187000
052003,泰碩國泰97購02  ,0,0,0,0,0,0,0,0,0,-187000,0,0,0,159000,346000,-187000,-187000
048759,巨大元富96購01  ,0,0,0,0,0,0,0,0,0,-187000,0,0,0,13000,200000,-187000,-187000
2387,精元            ,318000,506000,-188000,0,0,0,0,0,0,1000,2000,0,2000,0,1000,-1000,-187000
062266,世紀鋼元大9B購02,0,0,0,0,0,0,0,0,0,-188000,0,0,0,0,188000,-188000,-188000
061673,仁寶元大9B購01  ,0,0,0,0,0,0,0,0,0,-188000,0,0,0,80000,268000,-188000,-188000
058664,百和兆豐99購01  ,0,0,0,0,0,0,0,0,0,-188000,0,0,0,0,188000,-188000,-188000
061349,嘉澤元大9A購02  ,2000,1000,1000,0,0,0,0,0,0,-190000,0,0,0,106000,296000,-190000,-189000
07071P,立積元富99售01  ,0,0,0,0,0,0,0,0,0,-189000,0,0,0,613000,802000,-189000,-189000
07456P,華新科元大9A售06,0,0,0,0,0,0,0,0,0,-189000,0,0,0,97000,286000,-189000,-189000
2474,可成            ,2693000,2108032,584968,0,0,0,97000,736000,-639000,-135505,3000,90000,-87000,10000,58505,-48505,-189537
062421,台積電統一9C購09,0,0,0,0,0,0,0,0,0,-190000,0,0,0,10000,200000,-190000,-190000
061394,FBVIX統一9B購01 ,0,0,0,0,0,0,0,0,0,-190000,0,0,0,10000,200000,-190000,-190000
055092,開發金群益9B購01,0,0,0,0,0,0,0,0,0,-190000,0,0,0,0,190000,-190000,-190000
053117,大立光中信9A購02,0,0,0,0,0,0,0,0,0,-190000,0,0,0,0,190000,-190000,-190000
8028,昇陽半導體      ,159000,305000,-146000,0,0,0,0,0,0,-44000,0,0,0,0,44000,-44000,-190000
060723,致新永豐9A購01  ,0,0,0,0,0,0,0,0,0,-191000,0,0,0,234000,425000,-191000,-191000
062506,巨大群益9C購01  ,0,0,0,0,0,0,0,0,0,-191000,0,0,0,120000,311000,-191000,-191000
05920P,力成元大96售04  ,0,0,0,0,0,0,0,0,0,-191000,0,0,0,0,191000,-191000,-191000
06822P,上銀富邦99售03  ,0,0,0,0,0,0,0,0,0,-192000,0,0,0,45000,237000,-192000,-192000
054319,世紀鋼凱基96購02,0,0,0,0,0,0,0,0,0,-192000,0,0,0,0,192000,-192000,-192000
6108,競國            ,136000,328000,-192000,0,0,0,0,0,0,0,0,0,0,0,0,0,-192000
07800P,華新科國泰9B售04,0,0,0,0,0,0,0,0,0,-192000,0,0,0,9000,201000,-192000,-192000
07025P,玉晶光凱基99售01,0,0,0,0,0,0,0,0,0,-193000,0,0,0,20000,213000,-193000,-193000
062505,祥碩群益9B購03  ,0,0,0,0,0,0,0,0,0,-193000,0,0,0,81000,274000,-193000,-193000
05724P,致茂永豐96售01  ,0,0,0,0,0,0,0,0,0,-193000,0,0,0,49000,242000,-193000,-193000
060322,卜蜂群益9A購01  ,0,0,0,0,0,0,0,0,0,-193000,0,0,0,26000,219000,-193000,-193000
062483,致新國票9B購01  ,0,0,0,0,0,0,0,0,0,-194000,0,0,0,180000,374000,-194000,-194000
058547,世紀鋼富邦9A購01,0,0,0,0,0,0,0,0,0,-194000,0,0,0,0,194000,-194000,-194000
059882,臺股指凱基9C購06,0,0,0,0,0,0,0,0,0,-194000,0,0,0,356000,550000,-194000,-194000
058752,鈺齊凱基9A購01  ,0,0,0,0,0,0,0,0,0,-194000,0,0,0,0,194000,-194000,-194000
057366,智邦元大98購08  ,0,0,0,0,0,0,0,0,0,-195000,0,0,0,118000,313000,-195000,-195000
07210P,智邦凱基99售03  ,0,0,0,0,0,0,0,0,0,-195000,0,0,0,51000,246000,-195000,-195000
058132,義隆元大99購03  ,0,0,0,0,0,0,0,0,0,-196000,0,0,0,143000,339000,-196000,-196000
059961,T50反1凱基99購09,0,0,0,0,0,0,0,0,0,-196000,0,0,0,0,196000,-196000,-196000
057612,瑞昱元富02購01  ,0,0,0,0,0,0,0,0,0,-197000,0,0,0,152000,349000,-197000,-197000
062227,南六統一01購02  ,0,0,0,0,0,0,0,0,0,-199000,0,0,0,64000,263000,-199000,-199000
053860,台積電元大98購03,0,0,0,0,0,0,0,0,0,-199000,0,0,0,0,199000,-199000,-199000
043442,大立光台新01購01,0,0,0,0,0,0,0,0,0,-199000,0,0,0,0,199000,-199000,-199000
062564,矽創凱基9B購01  ,0,0,0,0,0,0,0,0,0,-200000,0,0,0,0,200000,-200000,-200000
06142P,台虹康和97售02  ,0,0,0,0,0,0,0,0,0,-200000,0,0,0,0,200000,-200000,-200000
049130,臺指反元大98購01,0,0,0,0,0,0,0,0,0,-200000,0,0,0,0,200000,-200000,-200000
058555,矽創永豐9A購01  ,0,0,0,0,0,0,0,0,0,-200000,0,0,0,0,200000,-200000,-200000
056487,康友元大98購01  ,0,0,0,0,0,0,0,0,0,-200000,0,0,0,0,200000,-200000,-200000
05870P,聯發科凱基96售19,0,0,0,0,0,0,0,0,0,-200000,0,0,0,0,200000,-200000,-200000
057860,金寶凱基98購01  ,0,0,0,0,0,0,0,0,0,-200000,0,0,0,0,200000,-200000,-200000
059103,旭富元富99購03  ,0,0,0,0,0,0,0,0,0,-200000,0,0,0,94000,294000,-200000,-200000
07791P,奇鋐元大9A售02  ,0,0,0,0,0,0,0,0,0,-200000,0,0,0,69000,269000,-200000,-200000
060812,智邦凱基9A購01  ,1000,0,1000,0,0,0,0,0,0,-202000,0,0,0,172000,374000,-202000,-201000
061100,SP黃豆元大9A購04,0,0,0,0,0,0,0,0,0,-201000,0,0,0,1000,202000,-201000,-201000
054089,台積電群益96購11,0,0,0,0,0,0,0,0,0,-201000,0,0,0,0,201000,-201000,-201000
054169,上緯控凱基98購01,0,0,0,0,0,0,0,0,0,-201000,0,0,0,45000,246000,-201000,-201000
059922,大立光元大99購25,0,0,0,0,0,0,0,0,0,-201000,0,0,0,16000,217000,-201000,-201000
060574,高股息中信9C購01,0,0,0,0,0,0,0,0,0,-202000,0,0,0,0,202000,-202000,-202000
060191,亞光元富9A購02  ,0,0,0,0,0,0,0,0,0,-202000,0,0,0,133000,335000,-202000,-202000
06144P,台光電永豐97售01,0,0,0,0,0,0,0,0,0,-203000,0,0,0,0,203000,-203000,-203000
059042,世紀鋼群益99購02,0,0,0,0,0,0,0,0,0,-203000,0,0,0,14000,217000,-203000,-203000
053586,建準元大96購01  ,0,0,0,0,0,0,0,0,0,-204000,0,0,0,20000,224000,-204000,-204000
00712,FH富時不動產    ,99000,0,99000,0,0,0,0,0,0,-303000,0,0,0,0,303000,-303000,-204000
057798,貿聯兆豐99購01  ,0,0,0,0,0,0,0,0,0,-204000,0,0,0,2000,206000,-204000,-204000
07341P,台積電凱基99售18,0,0,0,0,0,0,0,0,0,-204000,0,0,0,130000,334000,-204000,-204000
061121,智邦永豐9A購02  ,0,0,0,0,0,0,0,0,0,-205000,0,0,0,108000,313000,-205000,-205000
060674,瑞昱元大9A購03  ,0,0,0,0,0,0,0,0,0,-206000,0,0,0,62000,268000,-206000,-206000
054188,欣興永豐96購03  ,0,0,0,0,0,0,0,0,0,-206000,0,0,0,31000,237000,-206000,-206000
056921,京元電兆豐98購01,0,0,0,0,0,0,0,0,0,-206000,0,0,0,27000,233000,-206000,-206000
3017,奇鋐            ,2596000,2284000,312000,0,0,0,0,110000,-110000,-408000,4000,406000,-402000,89000,95000,-6000,-206000
06706P,智原台新98售02  ,0,0,0,0,0,0,0,0,0,-207000,0,0,0,4000,211000,-207000,-207000
062230,緯穎統一01購01  ,0,0,0,0,0,0,0,0,0,-207000,0,0,0,293000,500000,-207000,-207000
054292,欣興元大96購06  ,0,0,0,0,0,0,0,0,0,-207000,0,0,0,0,207000,-207000,-207000
058613,茂林元大99購03  ,0,0,0,0,0,0,0,0,0,-207000,0,0,0,83000,290000,-207000,-207000
056191,世紀鋼統一97購01,0,0,0,0,0,0,0,0,0,-207000,0,0,0,0,207000,-207000,-207000
056845,揚明光元富98購01,0,0,0,0,0,0,0,0,0,-207000,0,0,0,1000,208000,-207000,-207000
059975,元金2X元大99購02,0,0,0,0,0,0,0,0,0,-208000,0,0,0,18000,226000,-208000,-208000
056543,京鼎凱基98購01  ,0,0,0,0,0,0,0,0,0,-208000,0,0,0,98000,306000,-208000,-208000
06180P,禾伸堂群益97售01,0,0,0,0,0,0,0,0,0,-209000,0,0,0,41000,250000,-209000,-209000
052586,晶豪科永豐96購01,0,0,0,0,0,0,0,0,0,-209000,0,0,0,20000,229000,-209000,-209000
053111,緯創兆豐97購01  ,0,0,0,0,0,0,0,0,0,-209000,0,0,0,0,209000,-209000,-209000
060434,台汽電永豐9A購01,0,0,0,0,0,0,0,0,0,-209000,0,0,0,208000,417000,-209000,-209000
062508,臺股指群益9B購03,0,0,0,0,0,0,0,0,0,-210000,0,0,0,0,210000,-210000,-210000
062161,南六凱基9C購01  ,0,0,0,0,0,0,0,0,0,-210000,0,0,0,38000,248000,-210000,-210000
055531,華新科群益98購03,0,0,0,0,0,0,0,0,0,-210000,0,0,0,0,210000,-210000,-210000
057824,日月光元大98購01,0,0,0,0,0,0,0,0,0,-210000,0,0,0,17000,227000,-210000,-210000
058879,智邦富邦99購01  ,0,0,0,0,0,0,0,0,0,-210000,0,0,0,41000,251000,-210000,-210000
062141,遠東新國票9B購01,0,0,0,0,0,0,0,0,0,-211000,0,0,0,0,211000,-211000,-211000
053313,世紀鋼凱基96購01,0,0,0,0,0,0,0,0,0,-211000,0,0,0,10000,221000,-211000,-211000
051630,力山國票96購01  ,0,0,0,0,0,0,0,0,0,-211000,0,0,0,0,211000,-211000,-211000
07283P,華新科凱基99售07,0,0,0,0,0,0,0,0,0,-211000,0,0,0,9000,220000,-211000,-211000
07081P,南電群益9A售01  ,0,0,0,0,0,0,0,0,0,-212000,0,0,0,153000,365000,-212000,-212000
060541,正隆凱基9A購01  ,0,0,0,0,0,0,0,0,0,-212000,0,0,0,261000,473000,-212000,-212000
058898,台積電元大99購20,0,0,0,0,0,0,0,0,0,-212000,0,0,0,0,212000,-212000,-212000
059619,台積電日盛9A購04,0,0,0,0,0,0,0,0,0,-212000,0,0,0,0,212000,-212000,-212000
060126,創意永豐99購04  ,0,0,0,0,0,0,0,0,0,-212000,0,0,0,195000,407000,-212000,-212000
1227,佳格            ,419000,637631,-218631,0,0,0,0,0,0,6000,15000,9000,6000,0,0,0,-212631
060688,世紀鋼元大9C購01,20000,0,20000,0,0,0,0,0,0,-233000,0,0,0,0,233000,-233000,-213000
062012,燿華富邦9C購01  ,0,0,0,0,0,0,0,0,0,-213000,0,0,0,211000,424000,-213000,-213000
062491,矽創永豐9B購01  ,0,0,0,0,0,0,0,0,0,-214000,0,0,0,0,214000,-214000,-214000
058660,樺漢中信9A購01  ,0,0,0,0,0,0,0,0,0,-214000,0,0,0,6000,220000,-214000,-214000
059943,信邦永豐99購01  ,0,0,0,0,0,0,0,0,0,-214000,0,0,0,56000,270000,-214000,-214000
061583,矽創元大9A購01  ,0,0,0,0,0,0,0,0,0,-215000,0,0,0,200000,415000,-215000,-215000
061471,台積電元大9A購31,0,0,0,0,0,0,0,0,0,-215000,0,0,0,11000,226000,-215000,-215000
059875,信邦凱基99購02  ,0,0,0,0,0,0,0,0,0,-215000,0,0,0,77000,292000,-215000,-215000
057451,大立光元富9B購01,0,0,0,0,0,0,0,0,0,-215000,0,0,0,44000,259000,-215000,-215000
056673,中石化元富9B購01,0,0,0,0,0,0,0,0,0,-215000,0,0,0,5000,220000,-215000,-215000
061360,智邦兆豐9B購02  ,0,0,0,0,0,0,0,0,0,-216000,0,0,0,278000,494000,-216000,-216000
062466,FBVIX凱基9B購01 ,0,0,0,0,0,0,0,0,0,-216000,0,0,0,40000,256000,-216000,-216000
060283,台肥元大9C購01  ,0,0,0,0,0,0,0,0,0,-216000,0,0,0,60000,276000,-216000,-216000
061521,亞光兆豐9A購02  ,0,0,0,0,0,0,0,0,0,-217000,0,0,0,0,217000,-217000,-217000
060435,鈺齊永豐9A購01  ,0,0,0,0,0,0,0,0,0,-217000,0,0,0,0,217000,-217000,-217000
061429,南六元大9A購02  ,0,0,0,0,0,0,0,0,0,-218000,0,0,0,120000,338000,-218000,-218000
058739,喬山中信99購01  ,0,0,0,0,0,0,0,0,0,-218000,0,0,0,38000,256000,-218000,-218000
1722,台肥            ,707000,940000,-233000,0,0,0,0,0,0,15000,15000,0,15000,0,0,0,-218000
062063,世紀鋼統一9C購01,0,0,0,0,0,0,0,0,0,-219000,0,0,0,10000,229000,-219000,-219000
052700,奇鋐國票97購02  ,0,0,0,0,0,0,0,0,0,-219000,0,0,0,198000,417000,-219000,-219000
062621,緯穎元大9B購05  ,0,0,0,0,0,0,0,0,0,-220000,0,0,0,41000,261000,-220000,-220000
8271,宇瞻            ,387000,693000,-306000,0,0,0,0,0,0,86000,86000,0,86000,0,0,0,-220000
06915P,晶技元富98售02  ,0,0,0,0,0,0,0,0,0,-221000,0,0,0,0,221000,-221000,-221000
061451,南電中信9A購03  ,0,0,0,0,0,0,0,0,0,-221000,0,0,0,27000,248000,-221000,-221000
054550,旺宏凱基98購02  ,0,0,0,0,0,0,0,0,0,-221000,0,0,0,0,221000,-221000,-221000
059153,臺股指國票99購16,0,0,0,0,0,0,0,0,0,-221000,0,0,0,7000,228000,-221000,-221000
057385,光罩永豐99購01  ,0,0,0,0,0,0,0,0,0,-221000,0,0,0,194000,415000,-221000,-221000
07898P,國巨國泰9C售02  ,0,0,0,0,0,0,0,0,0,-221000,0,0,0,125000,346000,-221000,-221000
061791,康友群益9B購01  ,0,0,0,0,0,0,0,0,0,-222000,0,0,0,4000,226000,-222000,-222000
062295,康友永豐9B購01  ,0,0,0,0,0,0,0,0,0,-222000,0,0,0,20000,242000,-222000,-222000
059931,緯穎富邦9A購01  ,0,0,0,0,0,0,0,0,0,-222000,0,0,0,223000,445000,-222000,-222000
07807P,聯茂永豐9A售02  ,0,0,0,0,0,0,0,0,0,-222000,0,0,0,0,222000,-222000,-222000
07617P,聯發科中信9C售04,0,0,0,0,0,0,0,0,0,-222000,0,0,0,0,222000,-222000,-222000
3038,全台            ,879000,1168000,-289000,0,0,0,140000,96000,44000,23000,23000,0,23000,0,0,0,-222000
6257,矽格            ,640000,482000,158000,0,0,0,0,0,0,-380000,86000,473000,-387000,29000,22000,7000,-222000
060549,聯發科凱基9B購03,0,0,0,0,0,0,0,0,0,-224000,0,0,0,0,224000,-224000,-224000
057809,英業達元大98購01,0,0,0,0,0,0,0,0,0,-225000,0,0,0,0,225000,-225000,-225000
055540,京鼎台新97購01  ,0,0,0,0,0,0,0,0,0,-226000,0,0,0,0,226000,-226000,-226000
051849,旺宏中信98購01  ,0,0,0,0,0,0,0,0,0,-226000,0,0,0,135000,361000,-226000,-226000
050374,上緯控元大95購01,0,0,0,0,0,0,0,0,0,-226000,0,0,0,14000,240000,-226000,-226000
059021,台積電統一9B購07,0,0,0,0,0,0,0,0,0,-227000,0,0,0,76000,303000,-227000,-227000
053063,力山群益98購01  ,0,0,0,0,0,0,0,0,0,-228000,0,0,0,51000,279000,-228000,-228000
059967,聯發科凱基99購20,0,0,0,0,0,0,0,0,0,-228000,0,0,0,0,228000,-228000,-228000
07677P,祥碩永豐9A售01  ,0,0,0,0,0,0,0,0,0,-229000,0,0,0,190000,419000,-229000,-229000
06170P,禾伸堂元富97售02,0,0,0,0,0,0,0,0,0,-230000,0,0,0,19000,249000,-230000,-230000
061586,智邦富邦9A購02  ,0,0,0,0,0,0,0,0,0,-230000,0,0,0,58000,288000,-230000,-230000
062651,世紀鋼富邦9C購01,0,0,0,0,0,0,0,0,0,-230000,0,0,0,0,230000,-230000,-230000
06436P,台光電國票98售04,0,0,0,0,0,0,0,0,0,-230000,0,0,0,129000,359000,-230000,-230000
058514,潤泰全元大99購01,0,0,0,0,0,0,0,0,0,-230000,0,0,0,45000,275000,-230000,-230000
05545P,台表科國泰98售01,0,0,0,0,0,0,0,0,0,-232000,0,0,0,30000,262000,-232000,-232000
057768,華新科中信9A購01,0,0,0,0,0,0,0,0,0,-232000,0,0,0,0,232000,-232000,-232000
052004,泰碩國泰97購03  ,0,0,0,0,0,0,0,0,0,-233000,0,0,0,7000,240000,-233000,-233000
056958,喬山永豐98購01  ,0,0,0,0,0,0,0,0,0,-233000,0,0,0,0,233000,-233000,-233000
06479P,聯發科中信99售02,0,0,0,0,0,0,0,0,0,-235000,0,0,0,0,235000,-235000,-235000
060342,台積電統一02購01,0,0,0,0,0,0,0,0,0,-235000,0,0,0,0,235000,-235000,-235000
1304,台聚            ,254000,500000,-246000,0,0,0,0,0,0,11000,11000,0,11000,0,0,0,-235000
058113,百和元富98購01  ,0,0,0,0,0,0,0,0,0,-236000,0,0,0,85000,321000,-236000,-236000
061428,南六元大9A購01  ,0,0,0,0,0,0,0,0,0,-237000,0,0,0,99000,336000,-237000,-237000
058396,力山元大99購01  ,0,0,0,0,0,0,0,0,0,-237000,0,0,0,0,237000,-237000,-237000
062194,遠東新中信9C購01,0,0,0,0,0,0,0,0,0,-239000,0,0,0,87000,326000,-239000,-239000
061412,儒鴻群益9A購01  ,0,0,0,0,0,0,0,0,0,-240000,0,0,0,197000,437000,-240000,-240000
07983P,茂林群益9B售03  ,0,0,0,0,0,0,0,0,0,-241000,0,0,0,20000,261000,-241000,-241000
053259,卜蜂群益97購01  ,0,0,0,0,0,0,0,0,0,-242000,0,0,0,0,242000,-242000,-242000
053502,智伸科兆豐97購01,0,0,0,0,0,0,0,0,0,-242000,0,0,0,38000,280000,-242000,-242000
056189,樺漢統一97購02  ,0,0,0,0,0,0,0,0,0,-242000,0,0,0,6000,248000,-242000,-242000
058203,信邦凱基99購01  ,0,0,0,0,0,0,0,0,0,-242000,0,0,0,165000,407000,-242000,-242000
060275,元黃金元大9A購01,0,0,0,0,0,0,0,0,0,-247000,0,0,0,6000,253000,-247000,-247000
054708,華通統一97購02  ,0,0,0,0,0,0,0,0,0,-248000,0,0,0,62000,310000,-248000,-248000
4956,光鋐            ,70000,114000,-44000,0,0,0,0,0,0,-204000,9000,3000,6000,0,210000,-210000,-248000
058801,致伸元大99購01  ,0,0,0,0,0,0,0,0,0,-249000,0,0,0,191000,440000,-249000,-249000
057231,美律凱基98購05  ,0,0,0,0,0,0,0,0,0,-250000,0,0,0,40000,290000,-250000,-250000
07728P,臺股指凱基9A售20,0,0,0,0,0,0,0,0,0,-250000,0,0,0,5000,255000,-250000,-250000
060813,高鐵凱基9A購01  ,0,0,0,0,0,0,0,0,0,-251000,0,0,0,20000,271000,-251000,-251000
062246,力山元大9B購02  ,0,0,0,0,0,0,0,0,0,-251000,0,0,0,0,251000,-251000,-251000
047004,台積電統一99購01,0,0,0,0,0,0,0,0,0,-252000,0,0,0,0,252000,-252000,-252000
06006P,欣興永豐96售04  ,0,0,0,0,0,0,0,0,0,-253000,0,0,0,20000,273000,-253000,-253000
053958,京元電永豐96購01,0,0,0,0,0,0,0,0,0,-254000,0,0,0,0,254000,-254000,-254000
058927,勤誠元富99購02  ,0,0,0,0,0,0,0,0,0,-254000,0,0,0,355000,609000,-254000,-254000
060900,超眾凱基9B購01  ,0,0,0,0,0,0,0,0,0,-256000,0,0,0,0,256000,-256000,-256000
05131P,聯詠統一97售01  ,0,0,0,0,0,0,0,0,0,-256000,0,0,0,3000,259000,-256000,-256000
03765P,大立光元富96售01,0,0,0,0,0,0,0,0,0,-256000,0,0,0,0,256000,-256000,-256000
059296,大立光元富99購06,0,0,0,0,0,0,0,0,0,-257000,0,0,0,26000,283000,-257000,-257000
07743P,智邦凱基9A售03  ,0,0,0,0,0,0,0,0,0,-258000,0,0,0,72000,330000,-258000,-258000
057257,台泥兆豐99購01  ,0,0,0,0,0,0,0,0,0,-259000,0,0,0,15000,274000,-259000,-259000
1303,南亞            ,2015000,2386000,-371000,0,0,0,4000,0,4000,108000,111000,3000,108000,0,0,0,-259000
8105,凌巨            ,42000,302000,-260000,0,0,0,0,0,0,1000,1000,0,1000,0,0,0,-259000
058054,台積電統一9C購01,10000,0,10000,0,0,0,0,0,0,-270000,0,0,0,65000,335000,-270000,-260000
061035,亞光永豐9A購01  ,0,0,0,0,0,0,0,0,0,-261000,0,0,0,0,261000,-261000,-261000
062461,智伸科群益9B購01,0,0,0,0,0,0,0,0,0,-261000,0,0,0,10000,271000,-261000,-261000
07472P,和碩元大9A售03  ,0,0,0,0,0,0,0,0,0,-261000,0,0,0,52000,313000,-261000,-261000
057322,旺宏群益98購04  ,0,0,0,0,0,0,0,0,0,-262000,0,0,0,0,262000,-262000,-262000
060821,SP黃豆元大9A購02,0,0,0,0,0,0,0,0,0,-263000,0,0,0,17000,280000,-263000,-263000
2375,凱美            ,193000,518000,-325000,0,0,0,0,0,0,62000,120000,0,120000,0,58000,-58000,-263000
061354,瑞儀元大9A購01  ,0,0,0,0,0,0,0,0,0,-264000,0,0,0,0,264000,-264000,-264000
061908,台積電中信05購01,0,0,0,0,0,0,0,0,0,-264000,0,0,0,106000,370000,-264000,-264000
054767,日電貿國票98購01,0,0,0,0,0,0,0,0,0,-264000,0,0,0,0,264000,-264000,-264000
06246P,茂林元富97售03  ,0,0,0,0,0,0,0,0,0,-265000,0,0,0,47000,312000,-265000,-265000
054738,聯發科凱基97購01,0,0,0,0,0,0,0,0,0,-265000,0,0,0,45000,310000,-265000,-265000
2329,華泰            ,260000,434000,-174000,0,0,0,0,0,0,-91000,10000,0,10000,0,101000,-101000,-265000
057504,技嘉麥證98購01  ,0,0,0,393000,483000,-90000,0,0,0,-266000,0,0,0,399000,665000,-266000,-266000
06954P,大立光元富99售01,0,0,0,0,0,0,0,0,0,-268000,0,0,0,208000,476000,-268000,-268000
061455,京元電凱基9B購01,0,0,0,0,0,0,0,0,0,-268000,0,0,0,0,268000,-268000,-268000
054347,上緯控國票96購02,700000,700000,0,0,0,0,0,0,0,-268000,0,0,0,853000,1121000,-268000,-268000
07411P,國巨元大99售31  ,0,0,0,0,0,0,0,0,0,-268000,0,0,0,9000,277000,-268000,-268000
06286P,世芯國票97售02  ,0,0,0,0,0,0,0,0,0,-269000,0,0,0,135000,404000,-269000,-269000
062319,南六凱基9B購02  ,0,0,0,0,0,0,0,0,0,-269000,0,0,0,9000,278000,-269000,-269000
06166P,大立光國票98售01,0,0,0,0,0,0,0,0,0,-270000,0,0,0,0,270000,-270000,-270000
054636,華通中信97購01  ,0,0,0,0,0,0,0,0,0,-270000,0,0,0,30000,300000,-270000,-270000
057347,國巨統一9A購03  ,0,0,0,0,0,0,0,0,0,-271000,0,0,0,480000,751000,-271000,-271000
051911,大立光元大98購02,0,0,0,0,0,0,0,0,0,-272000,0,0,0,0,272000,-272000,-272000
058928,國巨統一9C購01  ,0,0,0,0,0,0,0,0,0,-272000,0,0,0,22000,294000,-272000,-272000
2505,國揚            ,690000,1029000,-339000,0,0,0,0,0,0,66000,10000,0,10000,61000,5000,56000,-273000
054090,瑞昱群益97購01  ,0,0,0,0,0,0,0,0,0,-274000,0,0,0,29000,303000,-274000,-274000
059239,台積電凱基99購12,0,0,0,0,0,0,0,0,0,-274000,0,0,0,20000,294000,-274000,-274000
056614,智邦永豐98購01  ,0,0,0,0,0,0,0,0,0,-274000,0,0,0,78000,352000,-274000,-274000
1307,三芳            ,0,279000,-279000,0,0,0,0,0,0,4000,4000,0,4000,0,0,0,-275000
052223,聯電凱基96購02  ,0,0,0,0,0,0,0,0,0,-276000,0,0,0,0,276000,-276000,-276000
061308,元金2X中信9A購01,0,0,0,0,0,0,0,0,0,-277000,0,0,0,80000,357000,-277000,-277000
06962P,華新科永豐99售01,0,0,0,0,0,0,0,0,0,-277000,0,0,0,104000,381000,-277000,-277000
062388,旭富國泰01購01  ,0,0,0,0,0,0,0,0,0,-278000,0,0,0,213000,491000,-278000,-278000
00730,富邦臺灣優質高息,0,0,0,0,0,0,0,0,0,-278000,0,0,0,201000,479000,-278000,-278000
054808,東元元大9A購01  ,0,0,0,0,0,0,0,0,0,-278000,0,0,0,312000,590000,-278000,-278000
055657,超眾元富97購02  ,0,0,0,0,0,0,0,0,0,-278000,0,0,0,39000,317000,-278000,-278000
061870,智邦元大9B購02  ,0,0,0,0,0,0,0,0,0,-279000,0,0,0,48000,327000,-279000,-279000
058527,世紀鋼元大99購01,0,0,0,0,0,0,0,0,0,-279000,0,0,0,0,279000,-279000,-279000
2101,南港            ,124000,406000,-282000,0,0,0,0,0,0,3000,14000,0,14000,27000,38000,-11000,-279000
6120,達運            ,59000,366000,-307000,0,0,0,0,0,0,28000,28000,0,28000,0,0,0,-279000
060099,宏達電元大99購09,0,0,0,0,0,0,0,0,0,-280000,0,0,0,20000,300000,-280000,-280000
055745,臻鼎元富97購01  ,0,0,0,0,0,0,0,0,0,-282000,0,0,0,100000,382000,-282000,-282000
062409,巨大永豐9B購02  ,0,0,0,0,0,0,0,0,0,-283000,0,0,0,166000,449000,-283000,-283000
062233,神隆凱基9B購01  ,0,0,0,0,0,0,0,0,0,-283000,0,0,0,20000,303000,-283000,-283000
06342P,世芯統一98售01  ,0,0,0,0,0,0,0,0,0,-285000,0,0,0,0,285000,-285000,-285000
053850,嘉澤元富96購03  ,0,0,0,0,0,0,0,0,0,-286000,0,0,0,18000,304000,-286000,-286000
055762,智伸科群益97購01,0,0,0,0,0,0,0,0,0,-287000,0,0,0,0,287000,-287000,-287000
056351,鴻海元大98購06  ,0,0,0,0,0,0,0,0,0,-287000,0,0,0,0,287000,-287000,-287000
2393,億光            ,144000,379000,-235000,0,0,0,0,0,0,-52000,8000,38000,-30000,0,22000,-22000,-287000
3005,神基            ,182000,590000,-408000,0,0,0,0,0,0,121000,0,0,0,135000,14000,121000,-287000
058955,台積電國票9A購04,0,0,0,0,0,0,0,0,0,-289000,0,0,0,92000,381000,-289000,-289000
060704,台積電富邦01購01,0,0,0,0,0,0,0,0,0,-290000,0,0,0,166000,456000,-290000,-290000
05059P,大立光國票96售02,0,0,0,0,0,0,0,0,0,-290000,0,0,0,67000,357000,-290000,-290000
060195,旭富元富9A購02  ,0,0,0,0,0,0,0,0,0,-292000,0,0,0,166000,458000,-292000,-292000
07841P,臻鼎元大9A售04  ,0,0,0,0,0,0,0,0,0,-293000,0,0,0,49000,342000,-293000,-293000
07303P,臺股指元大9A售36,0,0,0,0,0,0,0,0,0,-294000,0,0,0,5000,299000,-294000,-294000
056266,開發金統一9A購01,0,0,0,0,0,0,0,0,0,-295000,0,0,0,170000,465000,-295000,-295000
059295,大立光元富99購05,0,0,0,0,0,0,0,0,0,-295000,0,0,0,10000,305000,-295000,-295000
061378,南六永豐9A購03  ,0,0,0,0,0,0,0,0,0,-296000,0,0,0,75000,371000,-296000,-296000
056774,和鑫元大98購01  ,0,0,0,0,0,0,0,0,0,-297000,0,0,0,0,297000,-297000,-297000
4746,台耀            ,621000,961000,-340000,0,0,0,0,0,0,42000,42000,0,42000,0,0,0,-298000
060489,世紀鋼群益9A購01,0,0,0,0,0,0,0,0,0,-300000,0,0,0,0,300000,-300000,-300000
06421P,嘉澤統一97售02  ,0,0,0,0,0,0,0,0,0,-300000,0,0,0,211000,511000,-300000,-300000
06615P,鴻海元大9C售02  ,0,0,0,0,0,0,0,0,0,-300000,0,0,0,0,300000,-300000,-300000
054768,泰碩國票99購02  ,0,0,0,0,0,0,0,0,0,-300000,0,0,0,14000,314000,-300000,-300000
053856,台積電富邦98購01,0,0,0,0,0,0,0,0,0,-300000,0,0,0,0,300000,-300000,-300000
053040,全新凱基98購01  ,0,0,0,0,0,0,0,0,0,-300000,0,0,0,100000,400000,-300000,-300000
057393,台積電中信02購01,0,0,0,0,0,0,0,0,0,-300000,0,0,0,0,300000,-300000,-300000
061347,創意元大9A購02  ,0,0,0,0,0,0,0,0,0,-301000,0,0,0,104000,405000,-301000,-301000
054374,信邦中信96購01  ,0,0,0,0,0,0,0,0,0,-302000,0,0,0,30000,332000,-302000,-302000
056058,建準元大97購02  ,0,0,0,0,0,0,0,0,0,-303000,0,0,0,90000,393000,-303000,-303000
07763P,嘉澤永豐9A售02  ,0,0,0,0,0,0,0,0,0,-303000,0,0,0,140000,443000,-303000,-303000
061603,瑞昱凱基9A購02  ,0,0,0,0,0,0,0,0,0,-304000,0,0,0,15000,319000,-304000,-304000
057461,國巨永豐98購07  ,0,0,0,0,0,0,0,0,0,-304000,0,0,0,0,304000,-304000,-304000
059298,大立光元富9C購02,0,0,0,0,0,0,0,0,0,-304000,0,0,0,9000,313000,-304000,-304000
056769,國產元大98購01  ,0,0,0,0,0,0,0,0,0,-304000,0,0,0,82000,386000,-304000,-304000
054343,世紀鋼元富96購02,0,0,0,0,0,0,0,0,0,-305000,0,0,0,74000,379000,-305000,-305000
060798,旭富永豐9A購01  ,0,0,0,0,0,0,0,0,0,-306000,0,0,0,150000,456000,-306000,-306000
056615,燿華永豐98購02  ,0,0,0,0,0,0,0,0,0,-306000,0,0,0,0,306000,-306000,-306000
07660P,聯茂凱基9A售03  ,0,0,0,0,0,0,0,0,0,-306000,0,0,0,29000,335000,-306000,-306000
052047,建準凱基96購01  ,0,0,0,0,0,0,0,0,0,-307000,0,0,0,54000,361000,-307000,-307000
057009,信邦中信99購01  ,0,0,0,0,0,0,0,0,0,-307000,0,0,0,210000,517000,-307000,-307000
060870,旭富群益9A購01  ,0,0,0,0,0,0,0,0,0,-308000,0,0,0,522000,830000,-308000,-308000
00635U,元大S&P黃金     ,0,1000,-1000,0,0,0,0,0,0,-307000,0,100000,-100000,446000,653000,-207000,-308000
060350,元黃金元富9B購01,0,0,0,0,0,0,0,0,0,-309000,0,0,0,59000,368000,-309000,-309000
059949,啟碁永豐99購01  ,0,0,0,0,0,0,0,0,0,-309000,0,0,0,4000,313000,-309000,-309000
2379,瑞昱            ,1299000,1970710,-671710,0,0,0,0,10000,-10000,372000,245000,58000,187000,193000,8000,185000,-309710
060391,華擎群益9C購01  ,0,0,0,0,0,0,0,0,0,-310000,0,0,0,26000,336000,-310000,-310000
058270,上緯控永豐99購01,0,0,0,0,0,0,0,0,0,-310000,0,0,0,183000,493000,-310000,-310000
056187,京鼎統一97購01  ,0,0,0,0,0,0,0,0,0,-311000,0,0,0,26000,337000,-311000,-311000
2461,光群雷          ,76000,391000,-315000,0,0,0,0,0,0,4000,4000,0,4000,0,0,0,-311000
05361P,聯發科富邦97售01,0,0,0,0,0,0,0,0,0,-312000,0,0,0,20000,332000,-312000,-312000
059872,華新科凱基01購01,0,0,0,0,0,0,0,0,0,-313000,0,0,0,171000,484000,-313000,-313000
06604P,聯發科元富02售02,0,0,0,0,0,0,0,0,0,-314000,0,0,0,79000,393000,-314000,-314000
061971,力山元大9C購02  ,0,0,0,0,0,0,0,0,0,-314000,0,0,0,0,314000,-314000,-314000
060809,康友群益9A購01  ,0,0,0,0,0,0,0,0,0,-315000,0,0,0,50000,365000,-315000,-315000
061427,旭富元大9A購02  ,0,0,0,0,0,0,0,0,0,-315000,0,0,0,998000,1313000,-315000,-315000
060312,潤泰全永豐9A購01,0,0,0,0,0,0,0,0,0,-315000,0,0,0,98000,413000,-315000,-315000
2324,仁寶            ,3213000,3841695,-628695,0,0,0,3000,0,3000,310000,2000,0,2000,308000,0,308000,-315695
054563,泰碩群益99購01  ,0,0,0,0,0,0,0,0,0,-316000,0,0,0,49000,365000,-316000,-316000
2104,國際中橡        ,401000,741000,-340000,0,0,0,0,0,0,24000,17000,0,17000,15000,8000,7000,-316000
061900,志超永豐9B購01  ,0,0,0,0,0,0,0,0,0,-317000,0,0,0,83000,400000,-317000,-317000
061423,廣達元大9A購01  ,1000,0,1000,0,0,0,0,0,0,-319000,0,0,0,330000,649000,-319000,-318000
055730,建準元富97購02  ,0,0,0,0,0,0,0,0,0,-318000,0,0,0,154000,472000,-318000,-318000
054151,瑞昱國泰97購01  ,0,0,0,0,0,0,0,0,0,-318000,0,0,0,22000,340000,-318000,-318000
055824,臺股指國票97購11,0,0,0,0,0,0,0,0,0,-319000,0,0,0,0,319000,-319000,-319000
054860,台積電群益98購01,0,0,0,0,0,0,0,0,0,-320000,0,0,0,0,320000,-320000,-320000
060215,柏文康和9A購01  ,0,0,0,0,0,0,0,0,0,-320000,0,0,0,53000,373000,-320000,-320000
058360,台光電凱基9A購02,0,0,0,0,0,0,0,0,0,-320000,0,0,0,0,320000,-320000,-320000
056693,國產群益98購01  ,0,0,0,0,0,0,0,0,0,-321000,0,0,0,398000,719000,-321000,-321000
053582,英業達元大97購01,0,0,0,0,0,0,0,0,0,-323000,0,0,0,43000,366000,-323000,-323000
056945,鴻海統一98購12  ,0,0,0,0,0,0,0,0,0,-323000,0,0,0,602000,925000,-323000,-323000
2365,昆盈            ,7000,330000,-323000,0,0,0,0,0,0,0,0,0,0,0,0,0,-323000
060699,華新科國泰9B購03,0,0,0,0,0,0,0,0,0,-324000,0,0,0,26000,350000,-324000,-324000
054499,台光電永豐96購02,0,0,0,0,0,0,0,0,0,-325000,0,0,0,0,325000,-325000,-325000
1315,達新            ,47000,371000,-324000,0,0,0,0,0,0,-1000,7000,0,7000,0,8000,-8000,-325000
07876P,台灣50國泰01售01,0,0,0,0,0,0,0,0,0,-325000,0,0,0,0,325000,-325000,-325000
06491P,台積電富邦99售02,0,0,0,0,0,0,0,0,0,-327000,0,0,0,186000,513000,-327000,-327000
057447,智邦元富02購01  ,0,0,0,0,0,0,0,0,0,-329000,0,0,0,82000,411000,-329000,-329000
055444,致新台新97購01  ,0,0,0,0,0,0,0,0,0,-330000,0,0,0,0,330000,-330000,-330000
3704,合勤控          ,188000,546000,-358000,0,0,0,0,0,0,28000,10000,0,10000,25000,7000,18000,-330000
059326,康友元大99購01  ,0,0,0,0,0,0,0,0,0,-331000,0,0,0,3000,334000,-331000,-331000
053893,京鼎群益97購02  ,0,0,0,0,0,0,0,0,0,-332000,0,0,0,69000,401000,-332000,-332000
057746,同欣電永豐98購02,0,0,0,0,0,0,0,0,0,-334000,0,0,0,15000,349000,-334000,-334000
059865,國巨凱基01購01  ,0,0,0,0,0,0,0,0,0,-334000,0,0,0,155000,489000,-334000,-334000
06668P,祥碩凱基98售02  ,0,0,0,0,0,0,0,0,0,-335000,0,0,0,235000,570000,-335000,-335000
061037,嘉澤永豐9A購01  ,0,0,0,0,0,0,0,0,0,-335000,0,0,0,15000,350000,-335000,-335000
07559P,祥碩元大9A售03  ,0,0,0,0,0,0,0,0,0,-336000,0,0,0,70000,406000,-336000,-336000
055943,瑞昱麥證97購01  ,0,0,0,31000,368000,-337000,0,0,0,-337000,0,0,0,31000,368000,-337000,-337000
059188,京元電富邦9B購01,0,0,0,0,0,0,0,0,0,-338000,0,0,0,131000,469000,-338000,-338000
056271,嘉澤統一97購01  ,0,0,0,0,0,0,0,0,0,-339000,0,0,0,104000,443000,-339000,-339000
058185,國巨永豐99購01  ,0,0,0,0,0,0,0,0,0,-341000,0,0,0,0,341000,-341000,-341000
06337P,祥碩元大97售05  ,0,0,0,0,0,0,0,0,0,-342000,0,0,0,182000,524000,-342000,-342000
062407,同欣電永豐9B購01,0,0,0,0,0,0,0,0,0,-342000,0,0,0,124000,466000,-342000,-342000
056320,京鼎群益99購01  ,0,0,0,0,0,0,0,0,0,-342000,0,0,0,168000,510000,-342000,-342000
061351,智伸科元大9A購01,0,0,0,0,0,0,0,0,0,-343000,0,0,0,141000,484000,-343000,-343000
054785,建準群益98購01  ,0,0,0,0,0,0,0,0,0,-343000,0,0,0,56000,399000,-343000,-343000
053458,聯詠國泰97購01  ,0,0,0,0,0,0,0,0,0,-343000,0,0,0,0,343000,-343000,-343000
059289,瑞昱元富99購01  ,0,0,0,0,0,0,0,0,0,-344000,0,0,0,6000,350000,-344000,-344000
056677,智伸科元富98購01,0,0,0,0,0,0,0,0,0,-344000,0,0,0,224000,568000,-344000,-344000
1760,寶齡富錦        ,509000,895000,-386000,0,0,0,0,0,0,41000,184000,143000,41000,0,0,0,-345000
052122,新光金國票96購01,0,0,0,0,0,0,0,0,0,-349000,0,0,0,0,349000,-349000,-349000
07022P,嘉晶永豐99售02  ,0,0,0,0,0,0,0,0,0,-350000,0,0,0,35000,385000,-350000,-350000
00715L,街口布蘭特油正2 ,0,0,0,0,0,0,0,0,0,-350000,0,0,0,150000,500000,-350000,-350000
056639,國產康和98購01  ,0,0,0,0,0,0,0,0,0,-350000,0,0,0,0,350000,-350000,-350000
056622,高鐵永豐98購01  ,0,0,0,0,0,0,0,0,0,-350000,0,0,0,0,350000,-350000,-350000
058719,智邦元富99購01  ,0,0,0,0,0,0,0,0,0,-351000,0,0,0,88000,439000,-351000,-351000
062437,廣達元大9B購01  ,0,0,0,0,0,0,0,0,0,-352000,0,0,0,19000,371000,-352000,-352000
3044,健鼎            ,300000,645536,-345536,0,0,0,1000,0,1000,-11000,14000,25000,-11000,0,0,0,-355536
058878,旭富國泰9B購01  ,0,0,0,0,0,0,0,0,0,-356000,0,0,0,131000,487000,-356000,-356000
05691P,聯發科中信98售01,0,0,0,0,0,0,0,0,0,-357000,0,0,0,100000,457000,-357000,-357000
08004P,大毅永豐9B售02  ,0,0,0,0,0,0,0,0,0,-357000,0,0,0,0,357000,-357000,-357000
07953P,健策元大9B售07  ,0,0,0,0,0,0,0,0,0,-357000,0,0,0,45000,402000,-357000,-357000
059086,國巨元大99購18  ,0,0,0,0,0,0,0,0,0,-358000,0,0,0,105000,463000,-358000,-358000
060242,潤泰全元大9C購01,0,0,0,0,0,0,0,0,0,-358000,0,0,0,54000,412000,-358000,-358000
062015,喬山永豐9B購01  ,0,0,0,0,0,0,0,0,0,-359000,0,0,0,0,359000,-359000,-359000
061661,京鼎永豐9A購02  ,0,0,0,0,0,0,0,0,0,-360000,0,0,0,42000,402000,-360000,-360000
060559,世紀鋼凱基9C購01,0,0,0,0,0,0,0,0,0,-361000,0,0,0,1000,362000,-361000,-361000
00701,國泰股利精選30  ,11000,0,11000,0,0,0,0,0,0,-372000,0,0,0,184000,556000,-372000,-361000
056579,麗豐元大99購01  ,0,0,0,0,0,0,0,0,0,-361000,0,0,0,106000,467000,-361000,-361000
057203,麗豐元富98購02  ,0,0,0,0,0,0,0,0,0,-361000,0,0,0,131000,492000,-361000,-361000
059807,大立光元富99購09,55000,55000,0,0,0,0,0,0,0,-364000,0,0,0,65000,429000,-364000,-364000
056151,建準凱基97購01  ,0,0,0,0,0,0,0,0,0,-365000,0,0,0,135000,500000,-365000,-365000
07535P,上銀元富9A售03  ,0,0,0,0,0,0,0,0,0,-365000,0,0,0,30000,395000,-365000,-365000
061032,金像電永豐9A購03,0,0,0,0,0,0,0,0,0,-366000,0,0,0,543000,909000,-366000,-366000
00717,富邦美國特別股  ,1000,0,1000,0,0,0,0,0,0,-369000,0,0,0,566000,935000,-369000,-368000
062019,嘉澤永豐9B購01  ,0,0,0,0,0,0,0,0,0,-369000,0,0,0,6000,375000,-369000,-369000
00675L,富邦臺灣加權正2 ,103000,82000,21000,0,0,0,0,0,0,-390000,0,0,0,365000,755000,-390000,-369000
060708,康友富邦9B購01  ,0,0,0,0,0,0,0,0,0,-371000,0,0,0,0,371000,-371000,-371000
06594P,立積元大98售01  ,0,0,0,0,0,0,0,0,0,-373000,0,0,0,170000,543000,-373000,-373000
054263,聯茂元大96購02  ,0,0,0,0,0,0,0,0,0,-373000,0,0,0,5000,378000,-373000,-373000
062003,國巨國泰01購01  ,0,0,0,0,0,0,0,0,0,-375000,0,0,0,25000,400000,-375000,-375000
062132,神隆群益9B購01  ,0,0,0,0,0,0,0,0,0,-375000,0,0,0,0,375000,-375000,-375000
056178,嘉澤元富97購02  ,0,0,0,0,0,0,0,0,0,-376000,0,0,0,46000,422000,-376000,-376000
07711P,世芯元大9A售07  ,0,0,0,0,0,0,0,0,0,-377000,0,0,0,165000,542000,-377000,-377000
054527,國巨統一97購03  ,0,0,0,0,0,0,0,0,0,-378000,0,0,0,2000,380000,-378000,-378000
061002,瑞昱兆豐9B購01  ,0,0,0,0,0,0,0,0,0,-379000,0,0,0,6000,385000,-379000,-379000
061376,瑞昱永豐9A購02  ,0,0,0,0,0,0,0,0,0,-382000,0,0,0,18000,400000,-382000,-382000
056177,嘉澤元富97購01  ,0,0,0,0,0,0,0,0,0,-382000,0,0,0,62000,444000,-382000,-382000
059297,大立光元富9C購01,0,0,0,0,0,0,0,0,0,-384000,0,0,0,92000,476000,-384000,-384000
054471,T50反1中信9C購01,0,0,0,0,0,0,0,0,0,-387000,0,0,0,85000,472000,-387000,-387000
055320,建準國票98購01  ,0,0,0,0,0,0,0,0,0,-387000,0,0,0,4000,391000,-387000,-387000
056417,欣興中信98購01  ,0,0,0,0,0,0,0,0,0,-387000,0,0,0,110000,497000,-387000,-387000
060865,創意永豐9A購01  ,0,0,0,0,0,0,0,0,0,-388000,0,0,0,10000,398000,-388000,-388000
06161P,聯發科群益97售03,0,0,0,0,0,0,0,0,0,-389000,0,0,0,11000,400000,-389000,-389000
062381,上銀國泰9C購01  ,0,0,0,0,0,0,0,0,0,-389000,0,0,0,0,389000,-389000,-389000
062264,南六元大9B購02  ,0,0,0,0,0,0,0,0,0,-389000,0,0,0,135000,524000,-389000,-389000
061843,億豐凱基9C購01  ,0,0,0,0,0,0,0,0,0,-392000,0,0,0,40000,432000,-392000,-392000
060851,國巨國泰9C購01  ,0,0,0,0,0,0,0,0,0,-392000,0,0,0,221000,613000,-392000,-392000
062497,遠東新群益9B購01,0,0,0,0,0,0,0,0,0,-393000,0,0,0,0,393000,-393000,-393000
061866,力山元大9C購01  ,0,0,0,0,0,0,0,0,0,-394000,0,0,0,10000,404000,-394000,-394000
061318,智邦凱基9B購01  ,0,0,0,0,0,0,0,0,0,-395000,0,0,0,391000,786000,-395000,-395000
061243,麗豐兆豐9A購01  ,0,0,0,0,0,0,0,0,0,-397000,0,0,0,5000,402000,-397000,-397000
060677,京元電元大9A購04,0,0,0,0,0,0,0,0,0,-398000,0,0,0,200000,598000,-398000,-398000
053939,台表科元富96購03,0,0,0,0,0,0,0,0,0,-400000,0,0,0,0,400000,-400000,-400000
060547,瑞昱凱基9A購01  ,0,0,0,0,0,0,0,0,0,-401000,0,0,0,33000,434000,-401000,-401000
058720,旭富元富99購01  ,0,0,0,0,0,0,0,0,0,-401000,0,0,0,143000,544000,-401000,-401000
056770,國產元大98購02  ,0,0,0,0,0,0,0,0,0,-401000,0,0,0,75000,476000,-401000,-401000
048651,美利達元大96購05,0,0,0,0,0,0,0,0,0,-402000,0,0,0,121000,523000,-402000,-402000
061085,聯茂兆豐9A購01  ,0,0,0,0,0,0,0,0,0,-403000,0,0,0,53000,456000,-403000,-403000
060448,道瓊反元大9A購04,0,0,0,0,0,0,0,0,0,-403000,0,0,0,0,403000,-403000,-403000
07754P,日月光元大9A售02,0,0,0,0,0,0,0,0,0,-404000,0,0,0,1000,405000,-404000,-404000
061552,南六群益9A購02  ,0,0,0,0,0,0,0,0,0,-405000,0,0,0,11000,416000,-405000,-405000
061570,瑞昱元大9A購05  ,0,0,0,0,0,0,0,0,0,-408000,0,0,0,128000,536000,-408000,-408000
055053,瑞昱永豐97購01  ,0,0,0,0,0,0,0,0,0,-409000,0,0,0,0,409000,-409000,-409000
2809,京城銀          ,435000,854000,-419000,0,0,0,0,0,0,10000,10000,0,10000,0,0,0,-409000
061466,創意群益9A購01  ,0,0,0,0,0,0,0,0,0,-412000,0,0,0,184000,596000,-412000,-412000
5522,遠雄            ,353000,656000,-303000,0,0,0,0,0,0,-109000,0,109000,-109000,0,0,0,-412000
061025,創意富邦9B購01  ,0,0,0,0,0,0,0,0,0,-414000,0,0,0,41000,455000,-414000,-414000
055909,大成鋼凱基98購02,0,0,0,0,0,0,0,0,0,-414000,0,0,0,44000,458000,-414000,-414000
05958P,聯發科國票97售04,0,0,0,0,0,0,0,0,0,-416000,0,0,0,75000,491000,-416000,-416000
059618,台積電日盛99購01,0,0,0,0,0,0,0,0,0,-418000,0,0,0,106000,524000,-418000,-418000
056471,台光電元大99購01,0,0,0,0,0,0,0,0,0,-420000,0,0,0,10000,430000,-420000,-420000
061636,聯發科元大9A購11,0,0,0,0,0,0,0,0,0,-422000,0,0,0,17000,439000,-422000,-422000
3041,揚智            ,620000,1053000,-433000,0,0,0,0,0,0,10000,10000,0,10000,0,0,0,-423000
07579P,聯茂元大9A售01  ,0,0,0,0,0,0,0,0,0,-424000,0,0,0,209000,633000,-424000,-424000
062293,麗豐永豐9B購01  ,0,0,0,0,0,0,0,0,0,-425000,0,0,0,0,425000,-425000,-425000
062533,嘉澤統一9C購01  ,0,0,0,0,0,0,0,0,0,-426000,0,0,0,38000,464000,-426000,-426000
061418,世紀鋼群益9A購02,0,0,0,0,0,0,0,0,0,-427000,0,0,0,220000,647000,-427000,-427000
059181,世紀鋼元富9C購01,0,0,0,0,0,0,0,0,0,-427000,0,0,0,153000,580000,-427000,-427000
2883,開發金          ,6524000,7147000,-623000,0,0,0,0,0,0,195000,15000,0,15000,270000,90000,180000,-428000
3026,禾伸堂          ,504000,867000,-363000,0,0,0,0,0,0,-66000,43000,16000,27000,11000,104000,-93000,-429000
062239,台汽電凱基9B購01,0,0,0,0,0,0,0,0,0,-430000,0,0,0,318000,748000,-430000,-430000
062382,燿華國泰9C購01  ,0,0,0,0,0,0,0,0,0,-435000,0,0,0,384000,819000,-435000,-435000
062096,神隆永豐9B購01  ,0,0,0,0,0,0,0,0,0,-435000,0,0,0,1000,436000,-435000,-435000
056975,元油2X群益98購03,0,435000,-435000,0,0,0,0,0,0,0,0,0,0,0,0,0,-435000
058328,世紀鋼統一9B購01,0,0,0,0,0,0,0,0,0,-436000,0,0,0,83000,519000,-436000,-436000
057149,京鼎國票99購02  ,0,0,0,0,0,0,0,0,0,-437000,0,0,0,37000,474000,-437000,-437000
052104,英業達兆豐96購01,0,0,0,0,0,0,0,0,0,-438000,0,0,0,0,438000,-438000,-438000
06674P,祥碩群益98售02  ,0,0,0,0,0,0,0,0,0,-439000,0,0,0,96000,535000,-439000,-439000
062567,祥碩中信9C購01  ,0,0,0,0,0,0,0,0,0,-443000,0,0,0,127000,570000,-443000,-443000
062380,巨大元大9B購01  ,0,0,0,0,0,0,0,0,0,-443000,0,0,0,334000,777000,-443000,-443000
062006,瑞昱國泰9C購01  ,0,0,0,0,0,0,0,0,0,-444000,0,0,0,70000,514000,-444000,-444000
061957,上銀統一01購01  ,0,0,0,0,0,0,0,0,0,-445000,0,0,0,10000,455000,-445000,-445000
05431P,台光電統一97售01,0,0,0,0,0,0,0,0,0,-445000,0,0,0,0,445000,-445000,-445000
059047,元油2X凱基9A購10,0,0,0,0,0,0,0,0,0,-445000,0,0,0,18000,463000,-445000,-445000
2342,茂矽            ,942000,1388000,-446000,0,0,0,0,0,0,1000,1000,0,1000,0,0,0,-445000
054755,世紀鋼凱基98購01,0,0,0,0,0,0,0,0,0,-447000,0,0,0,44000,491000,-447000,-447000
059503,大立光富邦9B購04,0,0,0,0,0,0,0,0,0,-448000,0,0,0,83000,531000,-448000,-448000
2353,宏碁            ,2146000,2650305,-504305,0,0,0,0,0,0,56000,209000,50000,159000,37000,140000,-103000,-448305
061767,信邦元大9B購01  ,0,0,0,0,0,0,0,0,0,-450000,0,0,0,208000,658000,-450000,-450000
061700,瑞昱國票9A購02  ,0,0,0,0,0,0,0,0,0,-450000,0,0,0,96000,546000,-450000,-450000
051582,聯發科元大97購02,0,0,0,0,0,0,0,0,0,-450000,0,0,0,50000,500000,-450000,-450000
00850,元大臺灣ESG永續 ,10000,1000,9000,0,0,0,0,0,0,-459000,0,0,0,400000,859000,-459000,-450000
055124,建準兆豐97購01  ,0,0,0,0,0,0,0,0,0,-452000,0,0,0,42000,494000,-452000,-452000
057109,信邦群益98購01  ,0,0,0,0,0,0,0,0,0,-452000,0,0,0,50000,502000,-452000,-452000
059841,國巨富邦9C購01  ,0,0,0,0,0,0,0,0,0,-453000,0,0,0,56000,509000,-453000,-453000
055133,致新康和97購01  ,0,0,0,0,0,0,0,0,0,-457000,0,0,0,0,457000,-457000,-457000
3006,晶豪科          ,1670000,1518000,152000,0,0,0,0,549000,-549000,-61000,129000,120000,9000,53000,123000,-70000,-458000
061297,台積電富邦9C購09,0,0,0,0,0,0,0,0,0,-461000,0,0,0,10000,471000,-461000,-461000
07459P,緯穎元大9A售01  ,0,0,0,0,0,0,0,0,0,-461000,0,0,0,319000,780000,-461000,-461000
3702,大聯大          ,261000,987429,-726429,0,0,0,0,0,0,265000,117000,2000,115000,174000,24000,150000,-461429
061762,台塑元大9B購01  ,0,0,0,0,0,0,0,0,0,-463000,0,0,0,49000,512000,-463000,-463000
059536,新光金凱基99購05,0,0,0,0,0,0,0,0,0,-463000,0,0,0,0,463000,-463000,-463000
061831,智邦凱基9B購02  ,0,0,0,0,0,0,0,0,0,-464000,0,0,0,194000,658000,-464000,-464000
045189,大立光元富98購01,0,0,0,0,0,0,0,0,0,-464000,0,0,0,0,464000,-464000,-464000
062532,聯詠統一9C購01  ,0,0,0,0,0,0,0,0,0,-467000,0,0,0,0,467000,-467000,-467000
058134,信邦元大99購01  ,0,0,0,0,0,0,0,0,0,-468000,0,0,0,323000,791000,-468000,-468000
058212,華新科群益9A購01,0,0,0,0,0,0,0,0,0,-470000,0,0,0,0,470000,-470000,-470000
3661,世芯-KY         ,1532000,2230000,-698000,0,0,0,116000,0,116000,109000,411000,87000,324000,45000,260000,-215000,-473000
07946P,華通統一9B售02  ,0,0,0,0,0,0,0,0,0,-474000,0,0,0,64000,538000,-474000,-474000
4133,亞諾法          ,550000,1027000,-477000,0,0,0,0,0,0,0,0,0,0,0,0,0,-477000
062504,旭富群益9B購02  ,0,0,0,0,0,0,0,0,0,-484000,0,0,0,200000,684000,-484000,-484000
062160,南六凱基9B購01  ,0,0,0,0,0,0,0,0,0,-486000,0,0,0,95000,581000,-486000,-486000
05876P,聯發科群益96售03,0,0,0,0,0,0,0,0,0,-488000,0,0,0,7000,495000,-488000,-488000
052609,智易元大97購01  ,0,0,0,0,0,0,0,0,0,-490000,0,0,0,0,490000,-490000,-490000
07080P,健策群益9A售01  ,0,0,0,0,0,0,0,0,0,-494000,0,0,0,0,494000,-494000,-494000
055809,T50反1國票98購02,0,0,0,0,0,0,0,0,0,-497000,0,0,0,63000,560000,-497000,-497000
07545P,玉晶光凱基9A售07,0,0,0,0,0,0,0,0,0,-497000,0,0,0,218000,715000,-497000,-497000
060460,鴻海元大9A購08  ,0,0,0,0,0,0,0,0,0,-499000,0,0,0,2000,501000,-499000,-499000
07174P,臺股指國票99售11,0,0,0,0,0,0,0,0,0,-504000,0,0,0,322000,826000,-504000,-504000
058584,百和群益9A購01  ,0,0,0,0,0,0,0,0,0,-505000,0,0,0,0,505000,-505000,-505000
051536,玉晶光國票97購01,0,0,0,0,0,0,0,0,0,-507000,0,0,0,36000,543000,-507000,-507000
058646,聯茂富邦9A購01  ,0,0,0,0,0,0,0,0,0,-508000,0,0,0,155000,663000,-508000,-508000
3049,和鑫            ,1178000,1812000,-634000,0,0,0,0,0,0,126000,12000,0,12000,128000,14000,114000,-508000
056250,瑞昱兆豐97購02  ,0,0,0,0,0,0,0,0,0,-509000,0,0,0,43000,552000,-509000,-509000
057516,和鑫元富98購01  ,0,0,0,0,0,0,0,0,0,-511000,0,0,0,85000,596000,-511000,-511000
062288,南六群益9B購01  ,0,0,0,0,0,0,0,0,0,-513000,0,0,0,0,513000,-513000,-513000
061886,力山國泰01購01  ,0,0,0,0,0,0,0,0,0,-515000,0,0,0,51000,566000,-515000,-515000
3008,大立光          ,206000,637218,-431218,0,0,0,0,95000,-95000,8000,14000,8000,6000,4000,2000,2000,-518218
059378,台光電群益9B購01,0,0,0,0,0,0,0,0,0,-520000,0,0,0,0,520000,-520000,-520000
053055,聯詠國票97購01  ,0,0,0,0,0,0,0,0,0,-525000,0,0,0,0,525000,-525000,-525000
06465P,國巨統一98售04  ,0,0,0,0,0,0,0,0,0,-526000,0,0,0,141000,667000,-526000,-526000
058999,台積電元大99購24,0,0,0,0,0,0,0,0,0,-530000,0,0,0,165000,695000,-530000,-530000
2481,強茂            ,856000,577000,279000,0,0,0,0,808000,-808000,-5000,5000,0,5000,2000,12000,-10000,-534000
060918,康友國泰9C購01  ,0,0,0,0,0,0,0,0,0,-538000,0,0,0,345000,883000,-538000,-538000
053754,英業達元富96購02,0,0,0,0,0,0,0,0,0,-539000,0,0,0,100000,639000,-539000,-539000
057085,立積統一9B購02  ,0,0,0,0,0,0,0,0,0,-539000,0,0,0,39000,578000,-539000,-539000
2404,漢唐            ,298000,792000,-494000,0,0,0,0,0,0,-46000,0,6000,-6000,37000,77000,-40000,-540000
061584,勤誠元大9A購01  ,0,0,0,0,0,0,0,0,0,-544000,0,0,0,429000,973000,-544000,-544000
1536,和大            ,233000,791000,-558000,0,0,0,0,0,0,12000,4000,0,4000,9000,1000,8000,-546000
056127,致新國票98購02  ,0,0,0,0,0,0,0,0,0,-548000,0,0,0,299000,847000,-548000,-548000
058973,麗豐永豐99購01  ,0,0,0,0,0,0,0,0,0,-550000,0,0,0,0,550000,-550000,-550000
2354,鴻準            ,1130000,1677620,-547620,0,0,0,1000,0,1000,-4000,18000,22000,-4000,0,0,0,-550620
061373,華通富邦9A購02  ,10000,0,10000,0,0,0,0,0,0,-561000,0,0,0,219000,780000,-561000,-551000
062030,旭富群益9B購01  ,0,0,0,0,0,0,0,0,0,-553000,0,0,0,185000,738000,-553000,-553000
058154,泰碩統一9A購01  ,0,0,0,0,0,0,0,0,0,-553000,0,0,0,49000,602000,-553000,-553000
062339,瑞昱麥證9C購01  ,0,0,0,7000,576000,-569000,0,0,0,-554000,0,0,0,22000,576000,-554000,-554000
061095,台積電台新9B購03,0,0,0,0,0,0,0,0,0,-554000,0,0,0,100000,654000,-554000,-554000
2105,正新            ,1000000,1664000,-664000,0,0,0,2000,0,2000,108000,80000,0,80000,28000,0,28000,-554000
060243,潤泰全元大9C購02,0,0,0,0,0,0,0,0,0,-557000,0,0,0,150000,707000,-557000,-557000
5876,上海商銀        ,934000,1492000,-558000,0,0,0,0,0,0,1000,6000,1000,5000,0,4000,-4000,-557000
058925,旭富元富99購02  ,0,0,0,0,0,0,0,0,0,-560000,0,0,0,59000,619000,-560000,-560000
1733,五鼎            ,222000,744000,-522000,0,0,0,0,0,0,-51000,7000,58000,-51000,0,0,0,-573000
061634,遠東新元大9A購01,0,0,0,0,0,0,0,0,0,-581000,0,0,0,57000,638000,-581000,-581000
2498,宏達電          ,309000,1056500,-747500,0,0,0,0,0,0,164000,109000,14000,95000,129000,60000,69000,-583500
062218,燿華統一01購01  ,0,0,0,0,0,0,0,0,0,-586000,0,0,0,0,586000,-586000,-586000
055891,鴻海統一9A購01  ,0,0,0,0,0,0,0,0,0,-588000,0,0,0,3000,591000,-588000,-588000
6191,精成科          ,84000,687000,-603000,0,0,0,0,0,0,11000,11000,0,11000,0,0,0,-592000
061372,世紀鋼國泰9C購01,0,0,0,0,0,0,0,0,0,-595000,0,0,0,357000,952000,-595000,-595000
061613,南六統一9C購01  ,0,0,0,0,0,0,0,0,0,-597000,0,0,0,476000,1073000,-597000,-597000
060302,台積電富邦02購01,0,0,0,0,0,0,0,0,0,-598000,0,0,0,10000,608000,-598000,-598000
047962,T50反1中信96購02,0,0,0,0,0,0,0,0,0,-599000,0,0,0,1086000,1685000,-599000,-599000
8150,南茂            ,672000,1675000,-1003000,0,0,0,486000,0,486000,-83000,7000,0,7000,7000,97000,-90000,-600000
2455,全新            ,232000,613000,-381000,0,0,0,0,90000,-90000,-129000,33000,86000,-53000,18000,94000,-76000,-600000
055462,華邦電日盛97購01,0,0,0,0,0,0,0,0,0,-601000,0,0,0,99000,700000,-601000,-601000
062193,瑞昱第一9B購01  ,0,0,0,0,0,0,0,0,0,-606000,0,0,0,64000,670000,-606000,-606000
060915,旭富元大9A購01  ,0,0,0,0,0,0,0,0,0,-607000,0,0,0,574000,1181000,-607000,-607000
00671R,富邦NASDAQ反1   ,0,32000,-32000,0,0,0,0,0,0,-575000,0,0,0,105000,680000,-575000,-607000
055203,建準中信97購01  ,0,0,0,0,0,0,0,0,0,-612000,0,0,0,67000,679000,-612000,-612000
059631,京元電凱基99購02,0,0,0,0,0,0,0,0,0,-616000,0,0,0,0,616000,-616000,-616000
061663,南六永豐9A購05  ,0,0,0,0,0,0,0,0,0,-624000,0,0,0,0,624000,-624000,-624000
2352,佳世達          ,738000,1399000,-661000,0,0,0,1000,0,1000,25000,27000,2000,25000,0,0,0,-635000
6271,同欣電          ,661000,1578000,-917000,0,0,0,605000,128000,477000,-196000,45000,110000,-65000,15000,146000,-131000,-636000
055518,華新科中信99購01,0,0,0,0,0,0,0,0,0,-637000,0,0,0,0,637000,-637000,-637000
038489,T50反1台新9A購01,0,0,0,0,0,0,0,0,0,-640000,0,0,0,0,640000,-640000,-640000
3189,景碩            ,1769000,1442000,327000,0,0,0,44000,690000,-646000,-322000,39000,322000,-283000,39000,78000,-39000,-641000
057815,信邦元大98購01  ,0,0,0,0,0,0,0,0,0,-642000,0,0,0,75000,717000,-642000,-642000
061808,聯發科統一01購02,0,0,0,0,0,0,0,0,0,-648000,0,0,0,356000,1004000,-648000,-648000
3376,新日興          ,222000,275201,-53201,0,0,0,0,562000,-562000,-37000,14000,29000,-15000,6000,28000,-22000,-652201
2106,建大            ,780000,1521000,-741000,0,0,0,47000,0,47000,41000,41000,0,41000,0,0,0,-653000
061030,喬山永豐9A購01  ,0,0,0,0,0,0,0,0,0,-655000,0,0,0,10000,665000,-655000,-655000
060857,旭富富邦9B購01  ,0,0,0,0,0,0,0,0,0,-657000,0,0,0,222000,879000,-657000,-657000
062393,智邦富邦9B購01  ,0,0,0,0,0,0,0,0,0,-658000,0,0,0,406000,1064000,-658000,-658000
2823,中壽            ,2804000,3569000,-765000,0,0,0,0,0,0,106000,13000,0,13000,105000,12000,93000,-659000
062594,祥碩統一01購02  ,0,0,0,0,0,0,0,0,0,-662000,0,0,0,122000,784000,-662000,-662000
062296,南六永豐9B購02  ,0,0,0,0,0,0,0,0,0,-680000,0,0,0,0,680000,-680000,-680000
062653,正隆永豐9B購01  ,0,0,0,0,0,0,0,0,0,-682000,0,0,0,0,682000,-682000,-682000
062427,嘉澤統一01購01  ,0,0,0,0,0,0,0,0,0,-685000,0,0,0,47000,732000,-685000,-685000
060958,儒鴻凱基9A購02  ,0,0,0,0,0,0,0,0,0,-692000,0,0,0,327000,1019000,-692000,-692000
1605,華新            ,576000,1693000,-1117000,0,0,0,2000,0,2000,422000,53000,185000,-132000,554000,0,554000,-693000
06727P,台光電元大98售05,0,0,0,0,0,0,0,0,0,-694000,0,0,0,41000,735000,-694000,-694000
057613,瑞昱元富02購02  ,0,0,0,0,0,0,0,0,0,-696000,0,0,0,39000,735000,-696000,-696000
1312,國喬            ,398000,1144000,-746000,0,0,0,0,0,0,46000,60000,14000,46000,0,0,0,-700000
062219,燿華統一9B購01  ,0,0,0,0,0,0,0,0,0,-702000,0,0,0,14000,716000,-702000,-702000
00830,國泰費城半導體  ,6000,281000,-275000,0,0,0,0,0,0,-443000,0,290000,-290000,65000,218000,-153000,-718000
062236,信邦凱基9B購01  ,0,0,0,0,0,0,0,0,0,-732000,0,0,0,0,732000,-732000,-732000
061508,南六國泰9C購02  ,0,0,0,0,0,0,0,0,0,-734000,0,0,0,5000,739000,-734000,-734000
053640,上緯控永豐96購01,0,0,0,0,0,0,0,0,0,-734000,0,0,0,0,734000,-734000,-734000
4935,茂林-KY         ,227000,697000,-470000,0,0,0,0,16000,-16000,-249000,190000,392000,-202000,10000,57000,-47000,-735000
061668,信邦中信9B購01  ,0,0,0,0,0,0,0,0,0,-739000,0,0,0,196000,935000,-739000,-739000
058788,喬山元大99購01  ,0,0,0,0,0,0,0,0,0,-745000,0,0,0,102000,847000,-745000,-745000
2439,美律            ,128000,776000,-648000,0,0,0,0,0,0,-100000,19000,73000,-54000,47000,93000,-46000,-748000
2357,華碩            ,815000,1591000,-776000,0,0,0,6000,0,6000,21000,0,0,0,22000,1000,21000,-749000
060484,聯發科富邦9C購02,0,0,0,0,0,0,0,0,0,-750000,0,0,0,13000,763000,-750000,-750000
07652P,臺股指中信9A售07,0,0,0,0,0,0,0,0,0,-753000,0,0,0,85000,838000,-753000,-753000
054994,建準元富97購01  ,0,0,0,0,0,0,0,0,0,-755000,0,0,0,200000,955000,-755000,-755000
053648,台積電凱基97購04,0,0,0,0,0,0,0,0,0,-767000,0,0,0,271000,1038000,-767000,-767000
055611,燿華國票98購02  ,0,0,0,0,0,0,0,0,0,-770000,0,0,0,0,770000,-770000,-770000
2456,奇力新          ,720000,1431000,-711000,0,0,0,0,0,0,-61000,8000,7000,1000,8000,70000,-62000,-772000
062116,元金2X第一9B購01,0,0,0,0,0,0,0,0,0,-781000,0,0,0,25000,806000,-781000,-781000
2338,光罩            ,396000,1128000,-732000,0,0,0,0,0,0,-49000,0,0,0,45000,94000,-49000,-781000
4915,致伸            ,216000,1013000,-797000,0,0,0,0,0,0,12000,1000,0,1000,17000,6000,11000,-785000
8213,志超            ,227000,1049000,-822000,0,0,0,0,0,0,32000,0,0,0,39000,7000,32000,-790000
059680,台積電國泰9A購03,0,0,0,0,0,0,0,0,0,-798000,0,0,0,520000,1318000,-798000,-798000
061269,嘉澤凱基9A購01  ,0,0,0,0,0,0,0,0,0,-803000,0,0,0,10000,813000,-803000,-803000
00652,富邦印度        ,0,0,0,0,0,0,0,0,0,-803000,0,0,0,1000,804000,-803000,-803000
3406,玉晶光          ,1054000,1192000,-138000,0,0,0,0,0,0,-668000,278000,760000,-482000,15000,201000,-186000,-806000
061252,臺股指群益9A購03,0,0,0,0,0,0,0,0,0,-815000,0,0,0,0,815000,-815000,-815000
061399,喬山兆豐9B購01  ,0,0,0,0,0,0,0,0,0,-818000,0,0,0,0,818000,-818000,-818000
061439,寶成凱基9A購01  ,0,0,0,0,0,0,0,0,0,-819000,0,0,0,30000,849000,-819000,-819000
061642,創意元大9A購04  ,0,0,0,0,0,0,0,0,0,-829000,0,0,0,168000,997000,-829000,-829000
06456P,聯發科統一98售03,0,0,0,0,0,0,0,0,0,-832000,0,0,0,342000,1174000,-832000,-832000
059868,台光電凱基99購03,0,0,0,0,0,0,0,0,0,-837000,0,0,0,0,837000,-837000,-837000
060416,神隆永豐9A購01  ,0,0,0,0,0,0,0,0,0,-846000,0,0,0,95000,941000,-846000,-846000
058035,旭富永豐98購02  ,0,0,0,0,0,0,0,0,0,-858000,0,0,0,194000,1052000,-858000,-858000
1309,台達化          ,93000,1008000,-915000,0,0,0,0,0,0,57000,57000,0,57000,0,0,0,-858000
2308,台達電          ,2485000,3396760,-911760,0,0,0,36000,0,36000,10000,64000,53000,11000,14000,15000,-1000,-865760
006208,富邦台50        ,0,2000,-2000,0,0,0,0,0,0,-869000,0,0,0,580000,1449000,-869000,-871000
062234,廣達凱基9B購01  ,0,50000,-50000,0,0,0,0,0,0,-838000,0,0,0,311000,1149000,-838000,-888000
056919,英業達兆豐98購01,0,0,0,0,0,0,0,0,0,-897000,0,0,0,53000,950000,-897000,-897000
062058,瑞昱統一01購01  ,0,0,0,0,0,0,0,0,0,-899000,0,0,0,77000,976000,-899000,-899000
00693U,街口S&P黃豆     ,125000,0,125000,0,0,0,0,0,0,-1030000,0,0,0,42000,1072000,-1030000,-905000
055263,華新科富邦9A購01,0,0,0,0,0,0,0,0,0,-911000,0,0,0,0,911000,-911000,-911000
1762,中化生          ,1205000,2117000,-912000,0,0,0,0,0,0,-3000,23000,26000,-3000,0,0,0,-915000
062229,南六統一9B購01  ,0,0,0,0,0,0,0,0,0,-916000,0,0,0,82000,998000,-916000,-916000
056755,聯茂兆豐98購01  ,0,0,0,0,0,0,0,0,0,-927000,0,0,0,94000,1021000,-927000,-927000
058146,勤誠元大99購01  ,0,0,0,0,0,0,0,0,0,-927000,0,0,0,181000,1108000,-927000,-927000
060867,智伸科永豐9A購01,0,0,0,0,0,0,0,0,0,-940000,0,0,0,95000,1035000,-940000,-940000
062486,瑞昱富邦9B購01  ,0,0,0,0,0,0,0,0,0,-941000,0,0,0,391000,1332000,-941000,-941000
00674R,元大S&P黃金反1  ,58000,0,58000,0,0,0,0,0,0,-1017000,0,0,0,89000,1106000,-1017000,-959000
054533,泰碩國泰98購01  ,0,0,0,0,0,0,0,0,0,-969000,0,0,0,75000,1044000,-969000,-969000
00692,富邦公司治理    ,5000,2000,3000,0,0,0,0,0,0,-974000,0,0,0,1378000,2352000,-974000,-971000
00708L,元大S&P黃金正2  ,0,810000,-810000,0,0,0,0,0,0,-163000,0,0,0,3029000,3192000,-163000,-973000
07370P,南亞科凱基99售08,0,0,0,0,0,0,0,0,0,-975000,0,0,0,248000,1223000,-975000,-975000
07032P,聯發科統一9C售02,0,0,0,0,0,0,0,0,0,-980000,0,0,0,222000,1202000,-980000,-980000
061589,世紀鋼富邦9B購01,0,0,0,0,0,0,0,0,0,-980000,0,0,0,352000,1332000,-980000,-980000
062020,智伸科永豐9B購01,0,0,0,0,0,0,0,0,0,-1014000,0,0,0,10000,1024000,-1014000,-1014000
2332,友訊            ,319000,1229000,-910000,0,0,0,0,0,0,-111000,69000,42000,27000,19000,157000,-138000,-1021000
061788,信邦群益9B購01  ,0,0,0,0,0,0,0,0,0,-1028000,0,0,0,13000,1041000,-1028000,-1028000
062129,世紀鋼統一02購01,0,0,0,0,0,0,0,0,0,-1038000,0,0,0,20000,1058000,-1038000,-1038000
3231,緯創            ,3645000,4673000,-1028000,0,0,0,2000,0,2000,-12000,48000,143000,-95000,212000,129000,83000,-1038000
4977,眾達-KY         ,557000,1311000,-754000,0,0,0,137000,413000,-276000,-10000,1000,8000,-7000,0,3000,-3000,-1040000
061907,裕隆中信9B購01  ,0,0,0,0,0,0,0,0,0,-1042000,0,0,0,363000,1405000,-1042000,-1042000
062069,喬山元大9B購01  ,0,0,0,0,0,0,0,0,0,-1056000,0,0,0,0,1056000,-1056000,-1056000
3545,敦泰            ,666000,1733000,-1067000,0,0,0,0,0,0,3000,3000,0,3000,0,0,0,-1064000
060937,T50反1國票9A購10,0,0,0,0,0,0,0,0,0,-1074000,0,0,0,222000,1296000,-1074000,-1074000
059319,台光電元大99購04,0,0,0,0,0,0,0,0,0,-1105000,0,0,0,0,1105000,-1105000,-1105000
2414,精技            ,16000,1156311,-1140311,0,0,0,0,0,0,2000,2000,0,2000,0,0,0,-1138311
061411,T50反1群益9A購05,0,0,0,0,0,0,0,0,0,-1157000,0,0,0,7000,1164000,-1157000,-1157000
2002,中鋼            ,3305000,4616000,-1311000,0,0,0,0,0,0,147000,146000,1000,145000,2000,0,2000,-1164000
1326,台化            ,1959000,3257000,-1298000,0,0,0,0,0,0,119000,65000,0,65000,54000,0,54000,-1179000
061901,柏文永豐9B購01  ,0,0,0,0,0,0,0,0,0,-1184000,0,0,0,0,1184000,-1184000,-1184000
4938,和碩            ,4327000,5817000,-1490000,0,0,0,2000,2000,0,295000,305000,28000,277000,78000,60000,18000,-1195000
056676,國產元富98購01  ,0,0,0,0,0,0,0,0,0,-1211000,0,0,0,227000,1438000,-1211000,-1211000
07765P,台積電群益9A售06,0,0,0,0,0,0,0,0,0,-1216000,0,0,0,0,1216000,-1216000,-1216000
2801,彰銀            ,1087000,2385000,-1298000,0,0,0,0,0,0,80000,22000,0,22000,58000,0,58000,-1218000
3016,嘉晶            ,751000,1816000,-1065000,0,0,0,5000,0,5000,-159000,2000,0,2000,56000,217000,-161000,-1219000
053573,臺股指統一99購01,0,0,0,0,0,0,0,0,0,-1265000,0,0,0,207000,1472000,-1265000,-1265000
2867,三商壽          ,814000,2096000,-1282000,0,0,0,0,0,0,9000,9000,0,9000,0,0,0,-1273000
061464,瑞昱群益9A購01  ,0,0,0,0,0,0,0,0,0,-1276000,0,0,0,72000,1348000,-1276000,-1276000
6153,嘉聯益          ,450000,1672000,-1222000,0,0,0,0,0,0,-70000,137000,154000,-17000,9000,62000,-53000,-1292000
00631L,元大台灣50正2   ,342000,457000,-115000,0,0,0,0,0,0,-1192000,0,0,0,2529000,3721000,-1192000,-1307000
4958,臻鼎-KY         ,1601000,2308188,-707188,0,0,0,1000,325000,-324000,-279000,52000,313000,-261000,15000,33000,-18000,-1310188
3312,弘憶股          ,110000,1421385,-1311385,0,0,0,0,0,0,0,0,0,0,0,0,0,-1311385
057987,大立光元富98購02,0,0,0,0,0,0,0,0,0,-1328000,0,0,0,286000,1614000,-1328000,-1328000
061659,信邦永豐9A購01  ,0,0,0,0,0,0,0,0,0,-1337000,0,0,0,165000,1502000,-1337000,-1337000
062126,創意統一9B購01  ,0,0,0,0,0,0,0,0,0,-1345000,0,0,0,35000,1380000,-1345000,-1345000
00648R,元大S&P500反1   ,0,40000,-40000,0,0,0,0,0,0,-1336000,0,0,0,306000,1642000,-1336000,-1376000
8112,至上            ,287000,1671000,-1384000,0,0,0,0,0,0,-32000,0,32000,-32000,0,0,0,-1416000
3042,晶技            ,2096000,2574000,-478000,0,0,0,0,747000,-747000,-212000,27000,195000,-168000,11000,55000,-44000,-1437000
5469,瀚宇博          ,233000,1673000,-1440000,0,0,0,0,0,0,-18000,40000,0,40000,34000,92000,-58000,-1458000
062153,智邦麥證9B購01  ,0,0,0,24000,1493000,-1469000,0,0,0,-1469000,0,0,0,24000,1493000,-1469000,-1469000
2371,大同            ,1257000,2746000,-1489000,0,0,0,0,0,0,-9000,43000,52000,-9000,0,0,0,-1498000
2383,台光電          ,2318000,3325000,-1007000,0,0,0,521000,954000,-433000,-82000,422000,469000,-47000,27000,62000,-35000,-1522000
4968,立積            ,889000,1214000,-325000,0,0,0,0,1030000,-1030000,-186000,33000,208000,-175000,30000,41000,-11000,-1541000
060561,台積電富邦04購01,0,0,0,0,0,0,0,0,0,-1606000,0,0,0,92000,1698000,-1606000,-1606000
6269,台郡            ,699000,2499000,-1800000,0,0,0,217000,0,217000,-48000,27000,84000,-57000,12000,3000,9000,-1631000
00669R,國泰美國道瓊反1 ,0,0,0,0,0,0,0,0,0,-1695000,0,0,0,474000,2169000,-1695000,-1695000
056724,臻鼎中信9A購01  ,0,0,0,0,0,0,0,0,0,-1703000,0,0,0,320000,2023000,-1703000,-1703000
053118,大立光中信9C購01,0,0,0,0,0,0,0,0,0,-1740000,0,0,0,21000,1761000,-1740000,-1740000
052602,聯電元大97購01  ,0,0,0,0,0,0,0,0,0,-1826000,0,0,0,107000,1933000,-1826000,-1826000
061283,智邦統一9A購01  ,0,0,0,0,0,0,0,0,0,-1857000,0,0,0,922000,2779000,-1857000,-1857000
3450,聯鈞            ,715000,992000,-277000,0,0,0,0,1368000,-1368000,-217000,2000,155000,-153000,7000,71000,-64000,-1862000
061612,南六統一9A購01  ,0,0,0,0,0,0,0,0,0,-1863000,0,0,0,332000,2195000,-1863000,-1863000
2478,大毅            ,584000,2348000,-1764000,0,0,0,0,0,0,-142000,9000,57000,-48000,28000,122000,-94000,-1906000
6116,彩晶            ,684000,2833000,-2149000,0,0,0,0,0,0,193000,239000,0,239000,1000,47000,-46000,-1956000
2349,錸德            ,1679000,3638000,-1959000,0,0,0,0,0,0,0,0,0,0,0,0,0,-1959000
061720,智邦國泰9C購01  ,9000,0,9000,0,0,0,0,0,0,-1999000,0,0,0,348000,2347000,-1999000,-1990000
2882,國泰金          ,2733000,4820000,-2087000,0,0,0,0,0,0,35000,0,0,0,38000,3000,35000,-2052000
2301,光寶科          ,1976000,4526000,-2550000,0,0,0,0,0,0,453000,357000,10000,347000,107000,1000,106000,-2097000
1102,亞泥            ,2772000,5498000,-2726000,0,0,0,11000,0,11000,581000,434000,8000,426000,183000,28000,155000,-2134000
05625P,國巨國票97售01  ,0,0,0,0,0,0,0,0,0,-2143000,0,0,0,41000,2184000,-2143000,-2143000
2355,敬鵬            ,153000,2393000,-2240000,0,0,0,0,0,0,14000,14000,0,14000,0,0,0,-2226000
2834,臺企銀          ,1881000,4348388,-2467388,0,0,0,0,0,0,87000,63000,0,63000,24000,0,24000,-2380388
6239,力成            ,3568000,5896000,-2328000,0,0,0,0,50000,-50000,-57000,4000,16000,-12000,4000,49000,-45000,-2435000
062337,台表科統一01購01,0,0,0,0,0,0,0,0,0,-2438000,0,0,0,981000,3419000,-2438000,-2438000
00642U,元大S&P石油     ,11000,5000,6000,0,0,0,0,0,0,-2530000,0,0,0,904000,3434000,-2530000,-2524000
2327,國巨            ,2276081,3781000,-1504919,0,0,0,90000,772000,-682000,-384000,116000,284000,-168000,144000,360000,-216000,-2570919
8046,南電            ,1463000,1296000,167000,0,0,0,201000,2803000,-2602000,-186000,84000,415000,-331000,189000,44000,145000,-2621000
2344,華邦電          ,2927000,5783000,-2856000,0,0,0,0,0,0,59000,310000,166000,144000,6000,91000,-85000,-2797000
054546,玉晶光中信9B購01,0,0,0,0,0,0,0,0,0,-2814000,0,0,0,631000,3445000,-2814000,-2814000
5880,合庫金          ,3104000,5983000,-2879000,0,0,0,0,0,0,55000,11000,0,11000,44000,0,44000,-2824000
5471,松翰            ,2377000,5217000,-2840000,0,0,0,0,0,0,7000,7000,0,7000,0,0,0,-2833000
6278,台表科          ,835000,3497000,-2662000,0,0,0,0,0,0,-250000,232000,117000,115000,99000,464000,-365000,-2912000
2880,華南金          ,2094000,5205982,-3111982,0,0,0,0,0,0,76000,77000,1000,76000,0,0,0,-3035982
2337,旺宏            ,8304000,11404000,-3100000,0,0,0,0,118000,-118000,53000,385000,402000,-17000,433000,363000,70000,-3165000
2618,長榮航          ,2642000,5963782,-3321782,0,0,0,0,0,0,37000,75000,64000,11000,46000,20000,26000,-3284782
0050,元大台灣50      ,45000,2850000,-2805000,0,0,0,18000,0,18000,-569000,295000,106000,189000,2035000,2793000,-758000,-3356000
054713,國巨中信9B購01  ,0,0,0,0,0,0,0,0,0,-3721000,0,0,0,0,3721000,-3721000,-3721000
2448,晶電            ,6515000,10581000,-4066000,0,0,0,207000,18000,189000,122000,1691000,1598000,93000,38000,9000,29000,-3755000
2892,第一金          ,2951211,7276000,-4324789,0,0,0,0,0,0,64000,25000,3000,22000,44000,2000,42000,-4260789
056829,台積電富邦9A購01,0,0,0,0,0,0,0,0,0,-4595000,0,0,0,0,4595000,-4595000,-4595000
00738U,元大道瓊白銀    ,51000,41000,10000,0,0,0,0,0,0,-4872000,0,0,0,1702000,6574000,-4872000,-4862000
2368,金像電          ,5201000,10689000,-5488000,0,0,0,0,481000,-481000,1046000,1565000,376000,1189000,79000,222000,-143000,-4923000
2323,中環            ,1905000,7093000,-5188000,0,0,0,0,0,0,21000,195000,42000,153000,601000,733000,-132000,-5167000
2886,兆豐金          ,5222000,11785000,-6563000,0,0,0,0,0,0,288801,119000,1199,117801,171000,0,171000,-6274199
2408,南亞科          ,2396000,6876884,-4480884,0,0,0,0,2024000,-2024000,226000,193000,118000,75000,240000,89000,151000,-6278884
053564,台積電富邦99購01,0,0,0,0,0,0,0,0,0,-6371000,0,0,0,0,6371000,-6371000,-6371000
6213,聯茂            ,1134000,4011000,-2877000,0,0,0,299000,2817972,-2518972,-1001000,156000,1044000,-888000,40000,153000,-113000,-6396972
3711,日月光投控      ,3068000,9164000,-6096000,0,0,0,0,842000,-842000,58002,87000,53000,34000,27000,2998,24002,-6879998
0056,元大高股息      ,23000,502000,-479000,0,0,0,83000,0,83000,-6617000,0,0,0,0,6617000,-6617000,-7013000
2888,新光金          ,7255000,13489792,-6234792,0,0,0,0,0,0,-894616,335000,1452616,-1117616,252000,29000,223000,-7129408
2885,元大金          ,7000000,13860000,-6860000,0,0,0,0,0,0,-415000,7000,428000,-421000,6000,0,6000,-7275000
2409,友達            ,9954000,17346890,-7392890,0,0,0,0,0,0,46000,269000,44000,225000,75000,254000,-179000,-7346890
2303,聯電            ,17670049,25655116,-7985067,0,0,0,0,8000,-8000,-114000,18000,0,18000,42000,174000,-132000,-8107067
2891,中信金          ,15249100,23995422,-8746322,0,0,0,0,400000,-400000,68000,49000,1000,48000,20000,0,20000,-9078322
3481,群創            ,5534000,14395860,-8861860,0,0,0,0,0,0,-308000,33000,268000,-235000,75000,148000,-73000,-9169860
2890,永豐金          ,2937000,13392000,-10455000,0,0,0,0,0,0,56000,43000,0,43000,13000,0,13000,-10399000
2884,玉山金          ,21910100,34906000,-12995900,0,0,0,0,0,0,283000,284000,1000,283000,0,0,0,-12712900
00653L,富邦印度正2     ,228000,460000,-232000,0,0,0,0,0,0,-14261000,0,0,0,2260000,16521000,-14261000,-14493000
2317,鴻海            ,11803000,30877991,-19074991,0,0,0,5000,0,5000,1002,260000,119000,141000,1413000,1552998,-139998,-19068989
2449,京元電子        ,3251000,18476000,-15225000,0,0,0,0,5231000,-5231000,-376000,214000,496000,-282000,158000,252000,-94000,-20832000
3037,欣興            ,7857000,18237000,-10380000,0,0,0,198000,17184000,-16986000,-957000,972000,1660000,-688000,116000,385000,-269000,-28323000
2330,台積電          ,35542486,78251280,-42708794,0,0,0,162000,407000,-245000,-289990,410000,909000,-499000,662000,452990,209010,-43243784
00677U,富邦VIX         ,12490000,33690000,-21200000,0,0,0,0,0,0,-29531000,400000,2150000,-1750000,6164000,33945000,-27781000,-50731000
