證券代號,證券名稱,外陸資買進股數(不含外資自營商),外陸資賣出股數(不含外資自營商),外陸資買賣超股數(不含外資自營商),外資自營商買進股數,外資自營商賣出股數,外資自營商買賣超股數,投信買進股數,投信賣出股數,投信買賣超股數,自營商買賣超股數,自營商買進股數(自行買賣),自營商賣出股數(自行買賣),自營商買賣超股數(自行買賣),自營商買進股數(避險),自營商賣出股數(避險),自營商買賣超股數(避險),三大法人買賣超股數
00632R,元大台灣50反1   ,2537000,0,2537000,0,0,0,0,0,0,14902000,1950000,4750000,-2800000,29839000,12137000,17702000,17439000
01003T,兆豐新光R1      ,12910000,0,12910000,0,0,0,0,0,0,0,0,0,0,0,0,0,12910000
2368,金像電          ,14069000,4364000,9705000,0,0,0,252000,0,252000,-812000,741000,1806000,-1065000,347000,94000,253000,9145000
3037,欣興            ,10545000,5619000,4926000,0,0,0,1651000,40000,1611000,-626000,117000,664000,-547000,31000,110000,-79000,5911000
2313,華通            ,6498000,4421000,2077000,0,0,0,4107000,130000,3977000,-1096000,1070000,1613000,-543000,388000,941000,-553000,4958000
2376,技嘉            ,3244000,1740000,1504000,0,0,0,1792000,0,1792000,1118000,326000,56000,270000,1036000,188000,848000,4414000
2377,微星            ,2551510,2536085,15425,0,0,0,2460000,0,2460000,747000,488000,80000,408000,489000,150000,339000,3222425
2337,旺宏            ,10294380,7126000,3168380,0,0,0,0,320000,-320000,-279000,81000,120000,-39000,95000,335000,-240000,2569380
00664R,國泰臺灣加權反1 ,1000,0,1000,0,0,0,0,0,0,2534000,0,0,0,2912000,378000,2534000,2535000
2448,晶電            ,5436000,3268000,2168000,0,0,0,335000,0,335000,-20000,145000,156000,-11000,14000,23000,-9000,2483000
9919,康那香          ,1149000,48000,1101000,0,0,0,0,0,0,1017000,120000,55000,65000,1111000,159000,952000,2118000
1904,正隆            ,2642001,2014000,628001,0,0,0,973000,0,973000,417000,0,0,0,417000,0,417000,2018001
057475,聯電元大9A購01  ,0,0,0,0,0,0,0,0,0,1732000,0,0,0,1882000,150000,1732000,1732000
2449,京元電子        ,3909000,1904800,2004200,0,0,0,0,0,0,-320000,45000,303000,-258000,91000,153000,-62000,1684200
00633L,富邦上証正2     ,902000,351000,551000,0,0,0,0,0,0,1111000,0,0,0,4116000,3005000,1111000,1662000
1515,力山            ,2298000,446000,1852000,0,0,0,0,0,0,-197000,99000,241000,-142000,23000,78000,-55000,1655000
054808,東元元大9A購01  ,0,0,0,0,0,0,0,0,0,1559000,0,0,0,1782000,223000,1559000,1559000
3006,晶豪科          ,2152000,1350000,802000,0,0,0,0,0,0,733000,84000,130000,-46000,820000,41000,779000,1535000
2614,東森            ,3297000,1980000,1317000,0,0,0,0,0,0,115000,115000,0,115000,0,0,0,1432000
055265,玉晶光永豐98購03,0,0,0,0,0,0,0,0,0,1397000,0,0,0,1620000,223000,1397000,1397000
061889,祥碩富邦9B購01  ,0,0,0,0,0,0,0,0,0,1326000,0,0,0,1672000,346000,1326000,1326000
8150,南茂            ,2940000,1580000,1360000,0,0,0,0,0,0,-72000,0,2000,-2000,55000,125000,-70000,1288000
060629,鴻海富邦9B購01  ,0,0,0,0,0,0,0,0,0,1229000,0,0,0,1369000,140000,1229000,1229000
059825,嘉晶凱基99購02  ,0,0,0,0,0,0,0,0,0,1157000,0,0,0,1178000,21000,1157000,1157000
1722,台肥            ,2141114,1617000,524114,0,0,0,533000,0,533000,74000,0,0,0,80000,6000,74000,1131114
1229,聯華            ,3022000,1894000,1128000,0,0,0,0,0,0,-3000,5000,8000,-3000,0,0,0,1125000
1215,卜蜂            ,1336000,240000,1096000,0,0,0,0,0,0,1000,0,0,0,19000,18000,1000,1097000
2421,建準            ,2801000,1101000,1700000,0,0,0,0,638000,-638000,29000,0,0,0,224000,195000,29000,1091000
061142,南電統一9A購01  ,0,0,0,0,0,0,0,0,0,1075000,0,0,0,1225000,150000,1075000,1075000
8112,至上            ,1935100,864000,1071100,0,0,0,0,0,0,-1000,0,1000,-1000,0,0,0,1070100
020012,富邦行動通訊N   ,0,0,0,0,0,0,0,0,0,1057000,0,0,0,1130000,73000,1057000,1057000
07462P,臺股指元大9B售05,0,0,0,0,0,0,0,0,0,1055000,0,0,0,1074000,19000,1055000,1055000
061183,友達國泰9B購02  ,0,0,0,0,0,0,0,0,0,1033000,0,0,0,1056000,23000,1033000,1033000
059128,友達中信99購02  ,0,0,0,0,0,0,0,0,0,1011000,0,0,0,2144000,1133000,1011000,1011000
9921,巨大            ,2449335,1376026,1073309,0,0,0,0,91000,-91000,18000,0,0,0,18000,0,18000,1000309
052044,華通凱基97購01  ,0,0,0,0,0,0,0,0,0,998000,0,0,0,998000,0,998000,998000
07603P,台積電統一9B售08,0,0,0,0,0,0,0,0,0,998000,0,0,0,998000,0,998000,998000
057730,聯鈞國泰9A購01  ,0,0,0,0,0,0,0,0,0,985000,0,0,0,1237000,252000,985000,985000
2338,光罩            ,1638000,584000,1054000,0,0,0,0,0,0,-73000,0,0,0,92000,165000,-73000,981000
050170,臺指反元大97購02,0,0,0,0,0,0,0,0,0,980000,0,0,0,1043000,63000,980000,980000
047972,康控富邦95購01  ,0,0,0,0,0,0,0,0,0,963000,0,0,0,963000,0,963000,963000
062230,緯穎統一01購01  ,0,0,0,0,0,0,0,0,0,952000,0,0,0,1456000,504000,952000,952000
00669R,國泰美國道瓊反1 ,108000,0,108000,0,0,0,0,0,0,828000,0,0,0,2586000,1758000,828000,936000
055389,國巨統一98購02  ,0,0,0,0,0,0,0,0,0,929000,0,0,0,1707000,778000,929000,929000
061132,志超永豐9A購01  ,0,0,0,0,0,0,0,0,0,911000,0,0,0,921000,10000,911000,911000
8039,台虹            ,1088000,219000,869000,0,0,0,0,0,0,42000,26000,6000,20000,44000,22000,22000,911000
056589,康控統一98購01  ,0,0,0,0,0,0,0,0,0,899000,0,0,0,904000,5000,899000,899000
00670L,富邦NASDAQ正2   ,54000,9000,45000,0,0,0,0,0,0,851000,209000,0,209000,1022000,380000,642000,896000
053082,聯電元大98購03  ,0,0,0,0,0,0,0,0,0,895000,0,0,0,895000,0,895000,895000
054708,華通統一97購02  ,0,0,0,0,0,0,0,0,0,892000,0,0,0,929000,37000,892000,892000
06852P,臺股指元大98售11,0,0,0,0,0,0,0,0,0,886000,0,0,0,1535000,649000,886000,886000
058819,華通國泰9B購01  ,0,0,0,0,0,0,0,0,0,877000,0,0,0,1100000,223000,877000,877000
057307,瀚宇博兆豐99購01,0,0,0,0,0,0,0,0,0,868000,0,0,0,1326000,458000,868000,868000
054261,智伸科元大96購03,0,0,0,0,0,0,0,0,0,865000,0,0,0,873000,8000,865000,865000
058629,嘉晶國票9A購01  ,0,0,0,0,0,0,0,0,0,863000,0,0,0,905000,42000,863000,863000
056559,華通群益98購02  ,0,0,0,0,0,0,0,0,0,843000,0,0,0,1460000,617000,843000,843000
057727,華邦電國泰9A購01,0,0,0,0,0,0,0,0,0,818000,0,0,0,848000,30000,818000,818000
061305,帆宣永豐9A購01  ,0,0,0,0,0,0,0,0,0,809000,0,0,0,909000,100000,809000,809000
057675,同欣電元大98購02,0,0,0,0,0,0,0,0,0,806000,0,0,0,970000,164000,806000,806000
00875,國泰網路資安    ,0,56000,-56000,0,0,0,0,0,0,856000,0,0,0,1211000,355000,856000,800000
061450,嘉晶中信9A購01  ,0,0,0,0,0,0,0,0,0,790000,0,0,0,793000,3000,790000,790000
061283,智邦統一9A購01  ,0,0,0,0,0,0,0,0,0,789000,0,0,0,880000,91000,789000,789000
6412,群電            ,987000,204000,783000,0,0,0,0,0,0,0,0,0,0,0,0,0,783000
6706,惠特            ,764000,388000,376000,0,0,0,380000,0,380000,18000,33000,15000,18000,0,0,0,774000
060748,臻鼎國票9A購01  ,0,0,0,0,0,0,0,0,0,764000,0,0,0,799000,35000,764000,764000
041824,元油2X國票96購01,0,0,0,0,0,0,0,0,0,763000,0,0,0,763000,0,763000,763000
057567,嘉聯益富邦9A購01,0,0,0,0,0,0,0,0,0,757000,0,0,0,885000,128000,757000,757000
062016,美食永豐9B購01  ,0,0,0,0,0,0,0,0,0,732000,0,0,0,758000,26000,732000,732000
061595,智易永豐9A購02  ,0,0,0,0,0,0,0,0,0,730000,0,0,0,773000,43000,730000,730000
059949,啟碁永豐99購01  ,0,0,0,0,0,0,0,0,0,730000,0,0,0,734000,4000,730000,730000
060483,友達富邦9A購01  ,0,0,0,0,0,0,0,0,0,718000,0,0,0,718000,0,718000,718000
053072,國巨台新97購01  ,0,0,0,0,0,0,0,0,0,711000,0,0,0,1148000,437000,711000,711000
061411,T50反1群益9A購05,0,0,0,0,0,0,0,0,0,708000,0,0,0,1016000,308000,708000,708000
3090,日電貿          ,893000,267000,626000,0,0,0,0,0,0,75000,0,0,0,110000,35000,75000,701000
061553,南電群益9A購03  ,0,0,0,0,0,0,0,0,0,698000,0,0,0,738000,40000,698000,698000
052328,台表科中信99購01,0,0,0,0,0,0,0,0,0,694000,0,0,0,1106000,412000,694000,694000
050839,楠梓電國票96購01,0,0,0,0,0,0,0,0,0,693000,0,0,0,693000,0,693000,693000
056943,華通統一99購01  ,0,0,0,0,0,0,0,0,0,684000,0,0,0,747000,63000,684000,684000
058832,立積永豐99購01  ,0,0,0,0,0,0,0,0,0,680000,0,0,0,697000,17000,680000,680000
2342,茂矽            ,4328000,3651000,677000,0,0,0,0,0,0,0,0,0,0,0,0,0,677000
061087,國巨統一01購04  ,0,0,0,0,0,0,0,0,0,675000,0,0,0,811000,136000,675000,675000
054365,遠東新中信96購01,0,0,0,0,0,0,0,0,0,675000,0,0,0,800000,125000,675000,675000
061188,大成鋼富邦9B購01,15000,0,15000,0,0,0,0,0,0,659000,0,0,0,731000,72000,659000,674000
2324,仁寶            ,7080800,6474966,605834,0,0,0,0,0,0,68000,108000,16000,92000,0,24000,-24000,673834
057700,新日興群益9A購01,0,0,0,0,0,0,0,0,0,673000,0,0,0,759000,86000,673000,673000
2417,圓剛            ,789000,127000,662000,0,0,0,0,0,0,-1000,0,1000,-1000,0,0,0,661000
3515,華擎            ,1049000,955000,94000,0,0,0,308000,0,308000,256000,108000,65000,43000,336000,123000,213000,658000
055889,鴻海統一97購05  ,0,0,0,0,0,0,0,0,0,645000,0,0,0,657000,12000,645000,645000
061134,大成鋼統一9C購01,0,0,0,0,0,0,0,0,0,636000,0,0,0,676000,40000,636000,636000
057987,大立光元富98購02,0,0,0,0,0,0,0,0,0,633000,0,0,0,1105000,472000,633000,633000
054805,台苯元大9A購01  ,0,0,0,0,0,0,0,0,0,632000,0,0,0,632000,0,632000,632000
00686R,群益臺灣加權反1 ,0,0,0,0,0,0,0,0,0,631000,0,0,0,694000,63000,631000,631000
060339,國巨統一01購01  ,0,0,0,0,0,0,0,0,0,630000,0,0,0,686000,56000,630000,630000
3605,宏致            ,1134000,514000,620000,0,0,0,0,0,0,3000,4000,1000,3000,0,0,0,623000
059931,緯穎富邦9A購01  ,0,0,0,0,0,0,0,0,0,621000,0,0,0,1063000,442000,621000,621000
049700,瀚宇博元大97購01,0,0,0,0,0,0,0,0,0,620000,0,0,0,670000,50000,620000,620000
060203,緯穎元富9A購01  ,0,0,0,0,0,0,0,0,0,602000,0,0,0,712000,110000,602000,602000
059884,鴻海國票99購09  ,0,0,0,0,0,0,0,0,0,601000,0,0,0,611000,10000,601000,601000
058910,泰鼎元大99購03  ,1000,0,1000,0,0,0,0,0,0,593000,0,0,0,737000,144000,593000,594000
060920,超眾富邦9B購01  ,0,0,0,0,0,0,0,0,0,585000,0,0,0,1006000,421000,585000,585000
060792,信錦永豐9A購01  ,0,0,0,0,0,0,0,0,0,582000,0,0,0,587000,5000,582000,582000
00655L,國泰中國A50正2  ,213000,0,213000,0,0,0,0,0,0,364900,0,0,0,1613000,1248100,364900,577900
051900,臻鼎富邦95購01  ,0,0,0,0,0,0,0,0,0,577000,0,0,0,577000,0,577000,577000
057154,易華電國泰99購01,0,0,0,0,0,0,0,0,0,575000,0,0,0,575000,0,575000,575000
07292P,臺股指凱基99售44,0,0,0,0,0,0,0,0,0,575000,0,0,0,580000,5000,575000,575000
060468,聯鈞元大9A購02  ,0,0,0,0,0,0,0,0,0,572000,0,0,0,633000,61000,572000,572000
061225,台積電中信9A購04,0,0,0,0,0,0,0,0,0,571000,0,0,0,571000,0,571000,571000
053939,台表科元富96購03,0,0,0,0,0,0,0,0,0,570000,0,0,0,600000,30000,570000,570000
07334P,臺股指國票99售19,0,0,0,0,0,0,0,0,0,567000,0,0,0,675000,108000,567000,567000
054446,美食兆豐97購01  ,0,0,0,0,0,0,0,0,0,566000,0,0,0,575000,9000,566000,566000
054982,國巨元富97購03  ,0,0,0,0,0,0,0,0,0,565000,0,0,0,565000,0,565000,565000
061026,南電富邦9B購01  ,0,0,0,0,0,0,0,0,0,557000,0,0,0,669000,112000,557000,557000
061511,緯穎富邦9B購02  ,0,0,0,0,0,0,0,0,0,554000,0,0,0,696000,142000,554000,554000
061780,國巨群益9C購01  ,0,0,0,0,0,0,0,0,0,548000,0,0,0,769000,221000,548000,548000
061155,華新科群益9A購06,0,0,0,0,0,0,0,0,0,540000,0,0,0,607000,67000,540000,540000
056584,鴻海統一9B購01  ,0,0,0,0,0,0,0,0,0,540000,0,0,0,1277000,737000,540000,540000
057258,中環兆豐98購01  ,0,0,0,0,0,0,0,0,0,540000,0,0,0,555000,15000,540000,540000
4977,眾達-KY         ,612000,243000,369000,0,0,0,141000,2135,138865,27000,30000,0,30000,0,3000,-3000,534865
060424,中租永豐9A購01  ,0,0,0,0,0,0,0,0,0,529000,0,0,0,594000,65000,529000,529000
058212,華新科群益9A購01,0,0,0,0,0,0,0,0,0,529000,0,0,0,549000,20000,529000,529000
061008,群創兆豐9A購02  ,0,0,0,0,0,0,0,0,0,518000,0,0,0,542000,24000,518000,518000
061348,聯鈞元大9A購05  ,0,0,0,0,0,0,0,0,0,503000,0,0,0,513000,10000,503000,503000
054508,臺股指永豐96購04,0,0,0,0,0,0,0,0,0,500000,0,0,0,500000,0,500000,500000
055859,啟碁元大97購03  ,0,0,0,0,0,0,0,0,0,499000,0,0,0,505000,6000,499000,499000
042712,元石油國票95購01,0,0,0,0,0,0,0,0,0,499000,0,0,0,499000,0,499000,499000
07656P,國巨凱基9A售15  ,0,0,0,0,0,0,0,0,0,499000,0,0,0,499000,0,499000,499000
061212,聯鈞元大9A購04  ,0,0,0,0,0,0,0,0,0,496000,0,0,0,576000,80000,496000,496000
060702,玉晶光國泰9C購02,0,0,0,0,0,0,0,0,0,495000,0,0,0,1207000,712000,495000,495000
059101,康控統一9A購01  ,0,0,0,0,0,0,0,0,0,495000,0,0,0,791000,296000,495000,495000
060258,T50反1凱基9A購06,0,0,0,0,0,0,0,0,0,491000,0,0,0,491000,0,491000,491000
055763,鎧勝群益97購01  ,0,0,0,0,0,0,0,0,0,490000,0,0,0,530000,40000,490000,490000
054698,同欣電永豐97購01,0,0,0,0,0,0,0,0,0,489000,0,0,0,489000,0,489000,489000
3038,全台            ,624000,142000,482000,0,0,0,0,0,0,0,0,0,0,0,0,0,482000
00643,群益深証中小    ,213000,21000,192000,0,0,0,0,0,0,288000,0,0,0,374000,86000,288000,480000
045871,元油2X元富96購03,0,0,0,0,0,0,0,0,0,480000,0,0,0,480000,0,480000,480000
059767,矽力永豐99購01  ,0,0,0,0,0,0,0,0,0,479000,0,0,0,514000,35000,479000,479000
052908,大成鋼統一96購01,0,0,0,0,0,0,0,0,0,477000,0,0,0,577000,100000,477000,477000
055183,聯鈞統一97購01  ,0,0,0,0,0,0,0,0,0,475000,0,0,0,488000,13000,475000,475000
056665,上証2X國票99購02,0,0,0,0,0,0,0,0,0,475000,0,0,0,497000,22000,475000,475000
058546,玉晶光富邦9B購01,0,0,0,0,0,0,0,0,0,475000,0,0,0,557000,82000,475000,475000
061618,友達群益9A購04  ,0,0,0,0,0,0,0,0,0,474000,0,0,0,540000,66000,474000,474000
052893,聯電群益98購01  ,0,0,0,0,0,0,0,0,0,471000,0,0,0,551000,80000,471000,471000
054828,正崴國泰99購01  ,0,0,0,0,0,0,0,0,0,467000,0,0,0,468000,1000,467000,467000
061790,中租群益9B購01  ,0,0,0,0,0,0,0,0,0,466000,0,0,0,556000,90000,466000,466000
061939,中租國票9B購01  ,0,0,0,0,0,0,0,0,0,464000,0,0,0,464000,0,464000,464000
051428,玉晶光統一96購01,0,0,0,0,0,0,0,0,0,462000,0,0,0,850000,388000,462000,462000
061972,華新元大9B購01  ,0,0,0,0,0,0,0,0,0,461000,0,0,0,461000,0,461000,461000
057233,聯發科凱基98購14,0,0,0,0,0,0,0,0,0,460000,0,0,0,460000,0,460000,460000
056673,中石化元富9B購01,0,0,0,0,0,0,0,0,0,459000,0,0,0,477000,18000,459000,459000
062031,臻鼎群益9B購01  ,0,0,0,0,0,0,0,0,0,457000,0,0,0,571000,114000,457000,457000
057767,緯穎凱基98購06  ,0,0,0,0,0,0,0,0,0,456000,0,0,0,493000,37000,456000,456000
062057,華邦電統一01購01,0,0,0,0,0,0,0,0,0,455000,0,0,0,465000,10000,455000,455000
062128,祥碩統一01購01  ,0,0,0,0,0,0,0,0,0,454000,0,0,0,548000,94000,454000,454000
060918,康友國泰9C購01  ,0,0,0,0,0,0,0,0,0,452000,0,0,0,1031000,579000,452000,452000
060512,祥碩元大9A購02  ,0,0,0,0,0,0,0,0,0,450000,0,0,0,655000,205000,450000,450000
061162,南電群益9A購02  ,0,0,0,0,0,0,0,0,0,449000,0,0,0,460000,11000,449000,449000
057740,茂林富邦9A購01  ,0,0,0,0,0,0,0,0,0,449000,0,0,0,485000,36000,449000,449000
052091,緯創元大95購04  ,0,0,0,0,0,0,0,0,0,448000,0,0,0,448000,0,448000,448000
061091,奇力新統一9C購02,0,0,0,0,0,0,0,0,0,447000,0,0,0,516000,69000,447000,447000
057969,緯穎國泰99購01  ,0,0,0,0,0,0,0,0,0,445000,0,0,0,594000,149000,445000,445000
061598,南電永豐9A購04  ,0,0,0,0,0,0,0,0,0,444000,0,0,0,444000,0,444000,444000
054668,傳奇元富97購03  ,0,0,0,0,0,0,0,0,0,444000,0,0,0,444000,0,444000,444000
060669,上証2X元大9A購03,0,0,0,0,0,0,0,0,0,443000,0,0,0,443000,0,443000,443000
055297,啟碁元大97購01  ,0,0,0,0,0,0,0,0,0,443000,0,0,0,458000,15000,443000,443000
00678,群益NBI生技     ,54000,39000,15000,0,0,0,0,0,0,421000,30000,0,30000,703000,312000,391000,436000
060433,億豐永豐9A購01  ,0,0,0,0,0,0,0,0,0,435000,0,0,0,513000,78000,435000,435000
060451,中石化元大9C購02,0,0,0,0,0,0,0,0,0,431000,0,0,0,573000,142000,431000,431000
057804,為升元大98購01  ,0,0,0,0,0,0,0,0,0,431000,0,0,0,1453000,1022000,431000,431000
060763,聯鈞元大9A購03  ,0,0,0,0,0,0,0,0,0,430000,0,0,0,829000,399000,430000,430000
058497,新日興群益9B購01,0,0,0,0,0,0,0,0,0,430000,0,0,0,760000,330000,430000,430000
059064,緯穎凱基99購02  ,0,0,0,0,0,0,0,0,0,430000,0,0,0,474000,44000,430000,430000
057082,玉晶光統一9A購04,0,0,0,0,0,0,0,0,0,428000,0,0,0,1005000,577000,428000,428000
061384,T50反1群益9A購04,0,0,0,0,0,0,0,0,0,426000,0,0,0,578000,152000,426000,426000
3533,嘉澤            ,686000,221000,465000,0,0,0,0,33000,-33000,-6000,68000,67000,1000,10000,17000,-7000,426000
061907,裕隆中信9B購01  ,0,0,0,0,0,0,0,0,0,424000,0,0,0,433000,9000,424000,424000
061783,友達群益9B購01  ,0,0,0,0,0,0,0,0,0,418000,0,0,0,599000,181000,418000,418000
056991,牧德兆豐98購01  ,0,0,0,0,0,0,0,0,0,418000,0,0,0,442000,24000,418000,418000
062085,同欣電元大9B購01,0,0,0,0,0,0,0,0,0,416000,0,0,0,490000,74000,416000,416000
056441,燿華凱基98購01  ,0,0,0,0,0,0,0,0,0,414000,0,0,0,414000,0,414000,414000
055707,聯鈞永豐98購01  ,0,0,0,0,0,0,0,0,0,413000,0,0,0,423000,10000,413000,413000
060393,泰鼎群益9A購01  ,0,0,0,0,0,0,0,0,0,411000,0,0,0,473000,62000,411000,411000
060352,滬深2X元富9A購02,0,0,0,0,0,0,0,0,0,410000,0,0,0,418000,8000,410000,410000
07386P,臺股指群益99售24,0,0,0,0,0,0,0,0,0,410000,0,0,0,410000,0,410000,410000
061699,燿華國票9A購01  ,0,0,0,0,0,0,0,0,0,408000,0,0,0,412000,4000,408000,408000
062190,瀚宇博元大9B購01,0,0,0,0,0,0,0,0,0,406000,0,0,0,504000,98000,406000,406000
051600,新日興兆豐96購02,0,0,0,0,0,0,0,0,0,404000,0,0,0,520000,116000,404000,404000
051923,聯發科日盛95購02,0,0,0,0,0,0,0,0,0,403000,0,0,0,403000,0,403000,403000
054229,超眾元富96購05  ,0,0,0,0,0,0,0,0,0,402000,0,0,0,599000,197000,402000,402000
060152,上証2X永豐9A購02,0,0,0,0,0,0,0,0,0,400000,0,0,0,400000,0,400000,400000
060801,滬深2X中信01購01,0,0,0,0,0,0,0,0,0,400000,0,0,0,400000,0,400000,400000
059899,上証2X元大9C購04,0,0,0,0,0,0,0,0,0,400000,0,0,0,400000,0,400000,400000
053844,GIS統一96購01   ,0,0,0,0,0,0,0,0,0,397000,0,0,0,397000,0,397000,397000
060889,國泰金統一9C購01,0,0,0,0,0,0,0,0,0,396000,0,0,0,397000,1000,396000,396000
058850,華新科群益99購03,0,0,0,0,0,0,0,0,0,394000,0,0,0,396000,2000,394000,394000
056586,光罩統一98購02  ,0,0,0,0,0,0,0,0,0,394000,0,0,0,656000,262000,394000,394000
060965,中租凱基9B購01  ,0,0,0,0,0,0,0,0,0,393000,0,0,0,551000,158000,393000,393000
061127,美食永豐9A購01  ,0,0,0,0,0,0,0,0,0,391000,0,0,0,411000,20000,391000,391000
052777,燿華國票98購01  ,0,0,0,0,0,0,0,0,0,391000,0,0,0,411000,20000,391000,391000
061418,世紀鋼群益9A購02,0,0,0,0,0,0,0,0,0,390000,0,0,0,769000,379000,390000,390000
049519,新光金國票95購03,0,0,0,0,0,0,0,0,0,390000,0,0,0,390000,0,390000,390000
9914,美利達          ,614625,225000,389625,0,0,0,0,0,0,0,0,0,0,0,0,0,389625
059865,國巨凱基01購01  ,0,0,0,0,0,0,0,0,0,389000,0,0,0,1345000,956000,389000,389000
058808,大成鋼統一9B購01,0,0,0,0,0,0,0,0,0,388000,0,0,0,398000,10000,388000,388000
2454,聯發科          ,3216990,2940371,276619,0,0,0,59000,8000,51000,60000,61000,32000,29000,49000,18000,31000,387619
058139,臻鼎元大99購01  ,0,0,0,0,0,0,0,0,0,386000,0,0,0,611000,225000,386000,386000
057190,立積元大9A購02  ,0,0,0,0,0,0,0,0,0,385000,0,0,0,385000,0,385000,385000
059312,元石油元大99購05,0,0,0,0,0,0,0,0,0,385000,0,0,0,474000,89000,385000,385000
1536,和大            ,759000,757957,1043,0,0,0,15000,0,15000,365000,62000,33000,29000,351000,15000,336000,381043
062026,華邦電群益9B購01,0,0,0,0,0,0,0,0,0,381000,0,0,0,401000,20000,381000,381000
057249,華邦電統一9A購01,0,0,0,0,0,0,0,0,0,381000,0,0,0,450000,69000,381000,381000
061951,南電群益9B購01  ,0,0,0,0,0,0,0,0,0,380000,0,0,0,456000,76000,380000,380000
061900,志超永豐9B購01  ,0,0,0,0,0,0,0,0,0,380000,0,0,0,390000,10000,380000,380000
052102,台泥兆豐96購01  ,0,0,0,0,0,0,0,0,0,379000,0,0,0,396000,17000,379000,379000
061214,華擎元大9A購04  ,0,0,0,0,0,0,0,0,0,377000,0,0,0,505000,128000,377000,377000
061284,友達統一9C購01  ,0,0,0,0,0,0,0,0,0,377000,0,0,0,377000,0,377000,377000
060701,玉晶光國泰9C購01,0,0,0,0,0,0,0,0,0,377000,0,0,0,670000,293000,377000,377000
061433,華通麥證9A購03  ,0,0,0,400000,26000,374000,0,0,0,374000,0,0,0,400000,26000,374000,374000
059709,上証2X元大9C購01,0,0,0,0,0,0,0,0,0,374000,0,0,0,384000,10000,374000,374000
052395,上証2X凱基97購01,0,0,0,0,0,0,0,0,0,370000,0,0,0,370000,0,370000,370000
058140,臻鼎元大99購02  ,0,0,0,0,0,0,0,0,0,370000,0,0,0,497000,127000,370000,370000
060472,中租元大9A購02  ,0,0,0,0,0,0,0,0,0,368000,0,0,0,378000,10000,368000,368000
1325,恆大            ,301000,11000,290000,0,0,0,0,0,0,77000,66000,0,66000,41000,30000,11000,367000
059005,嘉晶元大99購06  ,0,0,0,0,0,0,0,0,0,365000,0,0,0,523000,158000,365000,365000
058021,牧德凱基98購02  ,0,0,0,0,0,0,0,0,0,362000,0,0,0,402000,40000,362000,362000
2208,台船            ,211683,516000,-304317,0,0,0,666000,0,666000,0,0,0,0,0,0,0,361683
054072,台積電富邦98購02,0,0,0,0,0,0,0,0,0,361000,0,0,0,510000,149000,361000,361000
060131,GIS永豐99購03   ,0,0,0,0,0,0,0,0,0,360000,0,0,0,476000,116000,360000,360000
061688,華通群益9A購07  ,0,0,0,0,0,0,0,0,0,359000,0,0,0,420000,61000,359000,359000
051193,新日興兆豐96購01,0,0,0,0,0,0,0,0,0,359000,0,0,0,374000,15000,359000,359000
053340,建準國票97購01  ,0,0,0,0,0,0,0,0,0,358000,0,0,0,370000,12000,358000,358000
055235,金寶台新98購01  ,0,0,0,0,0,0,0,0,0,357000,0,0,0,360000,3000,357000,357000
061583,矽創元大9A購01  ,0,0,0,0,0,0,0,0,0,356000,0,0,0,430000,74000,356000,356000
060367,緯穎元富9A購02  ,0,0,0,0,0,0,0,0,0,354000,0,0,0,538000,184000,354000,354000
060130,瀚宇博永豐99購02,0,0,0,0,0,0,0,0,0,352000,0,0,0,390000,38000,352000,352000
061097,上証2X元大9A購07,0,0,0,0,0,0,0,0,0,352000,0,0,0,352000,0,352000,352000
047967,南亞科國泰95購01,0,0,0,0,0,0,0,0,0,350000,0,0,0,350000,0,350000,350000
060121,新光金富邦99購01,0,0,0,0,0,0,0,0,0,349000,0,0,0,449000,100000,349000,349000
053103,瀚宇博元富96購01,0,0,0,0,0,0,0,0,0,349000,0,0,0,469000,120000,349000,349000
061414,牧德群益9B購02  ,0,0,0,0,0,0,0,0,0,346000,0,0,0,416000,70000,346000,346000
07086P,力成元富9C售01  ,0,0,0,0,0,0,0,0,0,346000,0,0,0,478000,132000,346000,346000
061455,京元電凱基9B購01,0,0,0,0,0,0,0,0,0,345000,0,0,0,491000,146000,345000,345000
061550,聯鈞群益9A購03  ,0,0,0,0,0,0,0,0,0,342000,0,0,0,520000,178000,342000,342000
059189,國泰金富邦9B購01,0,0,0,0,0,0,0,0,0,342000,0,0,0,372000,30000,342000,342000
061389,華新科群益9B購01,0,0,0,0,0,0,0,0,0,341000,0,0,0,344000,3000,341000,341000
061749,群創統一9C購02  ,0,0,0,0,0,0,0,0,0,341000,0,0,0,341000,0,341000,341000
03443B,臺股指凱基9A熊27,0,0,0,0,0,0,0,0,0,340000,0,0,0,1028000,688000,340000,340000
054910,信錦凱基97購01  ,0,0,0,0,0,0,0,0,0,339000,0,0,0,349000,10000,339000,339000
055295,瀚宇博元大97購02,0,0,0,0,0,0,0,0,0,338000,0,0,0,366000,28000,338000,338000
06005P,晶豪科永豐96售04,0,0,0,0,0,0,0,0,0,337000,0,0,0,342000,5000,337000,337000
056850,彩晶元富99購01  ,0,0,0,0,0,0,0,0,0,335000,0,0,0,335000,0,335000,335000
00651R,FH香港反1       ,32000,0,32000,0,0,0,0,0,0,302000,0,0,0,386000,84000,302000,334000
056996,矽力日盛99購01  ,0,0,0,0,0,0,0,0,0,332000,0,0,0,352000,20000,332000,332000
061041,南電永豐9A購03  ,0,0,0,0,0,0,0,0,0,331000,0,0,0,341000,10000,331000,331000
056578,智易元大99購02  ,0,0,0,0,0,0,0,0,0,330000,0,0,0,617000,287000,330000,330000
058732,矽格永豐99購01  ,0,0,0,0,0,0,0,0,0,330000,0,0,0,330000,0,330000,330000
3437,榮創            ,600000,271000,329000,0,0,0,0,0,0,0,0,0,0,0,0,0,329000
061072,南電凱基9B購01  ,0,0,0,0,0,0,0,0,0,327000,0,0,0,332000,5000,327000,327000
057289,力成元大98購03  ,0,0,0,0,0,0,0,0,0,326000,0,0,0,375000,49000,326000,326000
060093,友達元大03購01  ,0,0,0,0,0,0,0,0,0,323000,0,0,0,427000,104000,323000,323000
060437,宏全永豐9A購01  ,0,0,0,0,0,0,0,0,0,323000,0,0,0,323000,0,323000,323000
059503,大立光富邦9B購04,0,0,0,0,0,0,0,0,0,322000,0,0,0,366000,44000,322000,322000
056849,瀚宇博元富98購01,0,0,0,0,0,0,0,0,0,322000,0,0,0,402000,80000,322000,322000
050844,大立光國票96購01,0,0,0,0,0,0,0,0,0,321000,0,0,0,321000,0,321000,321000
060610,玉晶光凱基9B購02,0,0,0,0,0,0,0,0,0,320000,0,0,0,330000,10000,320000,320000
054374,信邦中信96購01  ,0,0,0,0,0,0,0,0,0,320000,0,0,0,340000,20000,320000,320000
2404,漢唐            ,632000,410800,221200,0,0,0,0,0,0,97000,12000,6000,6000,101000,10000,91000,318200
062167,燿華永豐9B購01  ,0,0,0,0,0,0,0,0,0,318000,0,0,0,318000,0,318000,318000
051561,玉晶光國泰97購04,0,0,0,0,0,0,0,0,0,318000,0,0,0,402000,84000,318000,318000
6257,矽格            ,987000,860000,127000,0,0,0,0,0,0,191000,218000,6000,212000,2000,23000,-21000,318000
061118,GIS富邦9A購01   ,0,0,0,0,0,0,0,0,0,317000,0,0,0,821000,504000,317000,317000
061275,臺股指凱基9A購25,0,0,0,0,0,0,0,0,0,316000,0,0,0,595000,279000,316000,316000
060441,上証2X元大9A購01,0,0,0,0,0,0,0,0,0,316000,0,0,0,316000,0,316000,316000
051594,和碩元大96購01  ,0,0,0,0,0,0,0,0,0,316000,0,0,0,316000,0,316000,316000
059168,奇力新凱基99購05,0,0,0,0,0,0,0,0,0,316000,0,0,0,316000,0,316000,316000
057298,旭富永豐98購01  ,0,0,0,0,0,0,0,0,0,315000,0,0,0,532000,217000,315000,315000
061745,南電凱基9B購02  ,0,0,0,0,0,0,0,0,0,314000,0,0,0,379000,65000,314000,314000
060474,中租元大9B購01  ,0,0,0,0,0,0,0,0,0,313000,0,0,0,324000,11000,313000,313000
00640L,富邦日本正2     ,0,9000,-9000,0,0,0,0,0,0,322000,0,0,0,727000,405000,322000,313000
060237,友達元大9A購06  ,0,0,0,0,0,0,0,0,0,312000,0,0,0,359000,47000,312000,312000
061848,國巨國票9B購07  ,0,0,0,0,0,0,0,0,0,312000,0,0,0,697000,385000,312000,312000
060720,嘉聯益永豐9A購02,0,0,0,0,0,0,0,0,0,311000,0,0,0,311000,0,311000,311000
058079,鴻海群益98購08  ,0,0,0,0,0,0,0,0,0,311000,0,0,0,509000,198000,311000,311000
060717,康控永豐9A購01  ,0,0,0,0,0,0,0,0,0,310000,0,0,0,316000,6000,310000,310000
052704,TPK國票97購01   ,0,0,0,0,0,0,0,0,0,310000,0,0,0,310000,0,310000,310000
056309,合勤控元大97購01,0,0,0,0,0,0,0,0,0,310000,0,0,0,438000,128000,310000,310000
061320,奇力新凱基9A購04,0,0,0,0,0,0,0,0,0,309000,0,0,0,311000,2000,309000,309000
060653,全新群益9A購02  ,0,0,0,0,0,0,0,0,0,309000,0,0,0,422000,113000,309000,309000
060684,同欣電元大9A購01,0,0,0,0,0,0,0,0,0,308000,0,0,0,451000,143000,308000,308000
059311,元石油元大99購04,0,0,0,0,0,0,0,0,0,308000,0,0,0,367000,59000,308000,308000
058896,中環元大99購03  ,0,0,0,0,0,0,0,0,0,307000,0,0,0,380000,73000,307000,307000
056626,同欣電永豐98購01,0,0,0,0,0,0,0,0,0,306000,0,0,0,306000,0,306000,306000
07585P,台灣50中信03售06,0,0,0,0,0,0,0,0,0,305000,0,0,0,305000,0,305000,305000
060434,台汽電永豐9A購01,0,0,0,0,0,0,0,0,0,304000,0,0,0,304000,0,304000,304000
061540,台積電群益9A購07,0,0,0,0,0,0,0,0,0,304000,0,0,0,418000,114000,304000,304000
052738,聯電元大98購02  ,0,0,0,0,0,0,0,0,0,304000,0,0,0,529000,225000,304000,304000
058750,緯穎凱基9A購03  ,0,0,0,0,0,0,0,0,0,303000,0,0,0,412000,109000,303000,303000
057836,南亞科國泰9A購01,0,0,0,0,0,0,0,0,0,302000,0,0,0,302000,0,302000,302000
055983,全新元富9A購02  ,0,0,0,0,0,0,0,0,0,301000,0,0,0,543000,242000,301000,301000
056497,GIS國泰99購01   ,0,0,0,0,0,0,0,0,0,301000,0,0,0,301000,0,301000,301000
047628,新光金國票95購02,0,0,0,0,0,0,0,0,0,300000,0,0,0,300000,0,300000,300000
058604,華邦電元大99購03,0,0,0,0,0,0,0,0,0,300000,0,0,0,368000,68000,300000,300000
056968,揚明光永豐98購02,0,0,0,0,0,0,0,0,0,300000,0,0,0,300000,0,300000,300000
060699,華新科國泰9B購03,0,0,0,0,0,0,0,0,0,299000,0,0,0,370000,71000,299000,299000
060023,T50反1國泰9A購03,0,0,0,0,0,0,0,0,0,299000,0,0,0,299000,0,299000,299000
060528,友達中信9C購01  ,0,0,0,0,0,0,0,0,0,296000,0,0,0,296000,0,296000,296000
061615,鴻海群益9A購06  ,0,0,0,0,0,0,0,0,0,296000,0,0,0,514000,218000,296000,296000
060933,南電永豐9A購02  ,0,0,0,0,0,0,0,0,0,295000,0,0,0,323000,28000,295000,295000
051503,玉晶光統一97購01,0,0,0,0,0,0,0,0,0,295000,0,0,0,363000,68000,295000,295000
058241,景碩元大99購05  ,0,0,0,0,0,0,0,0,0,294000,0,0,0,311000,17000,294000,294000
057452,新日興元富98購01,0,0,0,0,0,0,0,0,0,293000,0,0,0,293000,0,293000,293000
057960,聯鈞元大98購02  ,0,0,0,0,0,0,0,0,0,292000,0,0,0,518000,226000,292000,292000
062114,GIS國票9C購01   ,0,0,0,0,0,0,0,0,0,291000,0,0,0,637000,346000,291000,291000
054338,全新統一96購01  ,0,0,0,0,0,0,0,0,0,290000,0,0,0,300000,10000,290000,290000
060348,上証2X元富9A購03,0,0,0,0,0,0,0,0,0,289000,0,0,0,289000,0,289000,289000
055902,同欣電中信99購01,0,0,0,0,0,0,0,0,0,289000,0,0,0,570000,281000,289000,289000
00673R,元大S&P原油反1  ,0,0,0,0,0,0,0,0,0,289000,0,0,0,628000,339000,289000,289000
061238,晶技元大9A購02  ,0,0,0,0,0,0,0,0,0,288000,0,0,0,288000,0,288000,288000
053950,緯穎富邦97購02  ,0,0,0,0,0,0,0,0,0,288000,0,0,0,305000,17000,288000,288000
059955,美食康和99購01  ,0,0,0,0,0,0,0,0,0,288000,0,0,0,289000,1000,288000,288000
060788,嘉晶富邦9B購01  ,0,0,0,0,0,0,0,0,0,286000,0,0,0,286000,0,286000,286000
056430,鴻海凱基98購06  ,0,0,0,0,0,0,0,0,0,286000,0,0,0,322000,36000,286000,286000
056774,和鑫元大98購01  ,0,0,0,0,0,0,0,0,0,285000,0,0,0,400000,115000,285000,285000
055380,智易元大98購02  ,0,0,0,0,0,0,0,0,0,283000,0,0,0,330000,47000,283000,283000
062090,南電元大9B購02  ,0,0,0,0,0,0,0,0,0,282000,0,0,0,299000,17000,282000,282000
059685,T50正2永豐99購02,0,0,0,0,0,0,0,0,0,282000,0,0,0,438000,156000,282000,282000
061354,瑞儀元大9A購01  ,0,0,0,0,0,0,0,0,0,280000,0,0,0,280000,0,280000,280000
061638,國泰金元大9A購03,0,0,0,0,0,0,0,0,0,279000,0,0,0,279000,0,279000,279000
059840,鴻海富邦9A購02  ,0,0,0,0,0,0,0,0,0,278000,0,0,0,338000,60000,278000,278000
056075,瀚宇博元大97購03,0,0,0,0,0,0,0,0,0,278000,0,0,0,320000,42000,278000,278000
060632,可成富邦9B購01  ,0,0,0,0,0,0,0,0,0,277000,0,0,0,346000,69000,277000,277000
055172,凱美統一97購02  ,0,0,0,0,0,0,0,0,0,277000,0,0,0,323000,46000,277000,277000
057074,立積永豐98購01  ,0,0,0,0,0,0,0,0,0,277000,0,0,0,387000,110000,277000,277000
2467,志聖            ,340000,62000,278000,0,0,0,0,0,0,-1000,0,1000,-1000,0,0,0,277000
056951,牧德統一99購01  ,0,0,0,0,0,0,0,0,0,276000,0,0,0,276000,0,276000,276000
1513,中興電          ,938000,721000,217000,0,0,0,0,0,0,59000,97000,148000,-51000,117000,7000,110000,276000
053364,友達國泰98購01  ,0,0,0,0,0,0,0,0,0,275000,0,0,0,275000,0,275000,275000
056426,上証2X凱基9A購01,0,0,0,0,0,0,0,0,0,274000,0,0,0,284000,10000,274000,274000
056268,新日興統一97購01,0,0,0,0,0,0,0,0,0,274000,0,0,0,274000,0,274000,274000
059695,聯鈞永豐99購02  ,0,0,0,0,0,0,0,0,0,273000,0,0,0,288000,15000,273000,273000
057729,華新科國泰99購04,0,0,0,0,0,0,0,0,0,272000,0,0,0,311000,39000,272000,272000
060639,玉晶光永豐9A購05,0,0,0,0,0,0,0,0,0,270000,0,0,0,302000,32000,270000,270000
056549,嘉聯益凱基98購04,0,0,0,0,0,0,0,0,0,270000,0,0,0,355000,85000,270000,270000
058431,國巨統一9B購01  ,0,0,0,0,0,0,0,0,0,270000,0,0,0,661000,391000,270000,270000
056812,泰鼎統一98購01  ,0,0,0,0,0,0,0,0,0,270000,0,0,0,270000,0,270000,270000
061676,新光金元大9A購03,0,0,0,0,0,0,0,0,0,269000,0,0,0,279000,10000,269000,269000
059766,同欣電永豐99購03,0,0,0,0,0,0,0,0,0,268000,0,0,0,363000,95000,268000,268000
060027,元金2X永豐99購02,0,0,0,0,0,0,0,0,0,268000,0,0,0,275000,7000,268000,268000
060104,新日興元大99購03,0,0,0,0,0,0,0,0,0,267000,0,0,0,351000,84000,267000,267000
057826,祥碩元大98購08  ,0,0,0,0,0,0,0,0,0,267000,0,0,0,331000,64000,267000,267000
060668,上証2X元大9A購02,0,0,0,0,0,0,0,0,0,266000,0,0,0,266000,0,266000,266000
057812,友達元大9A購05  ,0,0,0,0,0,0,0,0,0,265000,0,0,0,272000,7000,265000,265000
053113,瀚宇博兆豐97購01,0,0,0,0,0,0,0,0,0,264000,0,0,0,311000,47000,264000,264000
061594,玉晶光永豐9A購08,0,0,0,0,0,0,0,0,0,263000,0,0,0,273000,10000,263000,263000
046881,智原富邦99購01  ,0,0,0,0,0,0,0,0,0,263000,0,0,0,303000,40000,263000,263000
054710,東元元富97購01  ,0,0,0,0,0,0,0,0,0,263000,0,0,0,514000,251000,263000,263000
058270,上緯控永豐99購01,0,0,0,0,0,0,0,0,0,262000,0,0,0,262000,0,262000,262000
061687,大成鋼群益9A購01,0,0,0,0,0,0,0,0,0,261000,0,0,0,281000,20000,261000,261000
062013,奇鋐富邦9B購01  ,0,0,0,0,0,0,0,0,0,261000,0,0,0,284000,23000,261000,261000
061993,祥碩元大9C購01  ,0,0,0,0,0,0,0,0,0,261000,0,0,0,453000,192000,261000,261000
060641,聯鈞永豐9A購01  ,0,0,0,0,0,0,0,0,0,260000,0,0,0,268000,8000,260000,260000
05830P,滬深2X元富99售03,0,0,0,0,0,0,0,0,0,260000,0,0,0,270000,10000,260000,260000
052293,泰碩國票95購03  ,0,0,0,0,0,0,0,0,0,260000,0,0,0,260000,0,260000,260000
059626,台積電凱基01購01,0,0,0,0,0,0,0,0,0,260000,0,0,0,323000,63000,260000,260000
057892,上証2X元富02購01,0,0,0,0,0,0,0,0,0,260000,0,0,0,270000,10000,260000,260000
060190,國泰金元富9A購01,0,0,0,0,0,0,0,0,0,259000,0,0,0,397000,138000,259000,259000
4133,亞諾法          ,812000,553000,259000,0,0,0,0,0,0,0,0,0,0,0,0,0,259000
059697,上証2X凱基9A購03,0,0,0,0,0,0,0,0,0,258000,0,0,0,268000,10000,258000,258000
061113,南電元大9A購03  ,0,0,0,0,0,0,0,0,0,257000,0,0,0,303000,46000,257000,257000
054088,華新群益98購02  ,0,0,0,0,0,0,0,0,0,257000,0,0,0,598000,341000,257000,257000
059539,緯穎凱基99購03  ,0,0,0,0,0,0,0,0,0,257000,0,0,0,267000,10000,257000,257000
055245,凱美統一99購01  ,0,0,0,0,0,0,0,0,0,256000,0,0,0,299000,43000,256000,256000
056269,新日興統一98購01,0,0,0,0,0,0,0,0,0,256000,0,0,0,362000,106000,256000,256000
1514,亞力            ,339000,83000,256000,0,0,0,0,0,0,0,0,0,0,0,0,0,256000
1760,寶齡富錦        ,1181000,1156000,25000,0,0,0,278000,5000,273000,-42000,111000,173000,-62000,20000,0,20000,256000
061159,同欣電群益9A購01,0,0,0,0,0,0,0,0,0,255000,0,0,0,1264000,1009000,255000,255000
051404,牧德永豐96購01  ,0,0,0,0,0,0,0,0,0,254000,0,0,0,281000,27000,254000,254000
061392,泰鼎群益9A購02  ,0,0,0,0,0,0,0,0,0,253000,0,0,0,561000,308000,253000,253000
057177,奇力新元大99購04,0,0,0,0,0,0,0,0,0,253000,0,0,0,268000,15000,253000,253000
058701,鴻海元大99購16  ,0,0,0,0,0,0,0,0,0,253000,0,0,0,283000,30000,253000,253000
054457,強茂群益96購01  ,0,0,0,0,0,0,0,0,0,252000,0,0,0,362000,110000,252000,252000
057516,和鑫元富98購01  ,0,0,0,0,0,0,0,0,0,252000,0,0,0,537000,285000,252000,252000
058822,樺漢國泰9B購01  ,0,0,0,0,0,0,0,0,0,252000,0,0,0,256000,4000,252000,252000
059738,上証2X元富99購01,0,0,0,0,0,0,0,0,0,251000,0,0,0,252000,1000,251000,251000
07527P,台灣50凱基9B售02,0,0,0,0,0,0,0,0,0,251000,0,0,0,323000,72000,251000,251000
049625,智易群益95購01  ,0,0,0,0,0,0,0,0,0,250000,0,0,0,250000,0,250000,250000
060002,T50反1群益9A購01,0,0,0,0,0,0,0,0,0,250000,0,0,0,250000,0,250000,250000
05925P,晶技永豐96售03  ,0,0,0,0,0,0,0,0,0,250000,0,0,0,250000,0,250000,250000
059100,元油2X統一9C購02,0,0,0,0,0,0,0,0,0,250000,0,0,0,250000,0,250000,250000
3026,禾伸堂          ,600000,329000,271000,0,0,0,0,0,0,-21000,15000,26000,-11000,10000,20000,-10000,250000
061743,祥碩凱基9B購02  ,0,0,0,0,0,0,0,0,0,249000,0,0,0,309000,60000,249000,249000
060709,緯穎富邦9B購01  ,0,0,0,0,0,0,0,0,0,249000,0,0,0,957000,708000,249000,249000
060423,智易永豐9A購01  ,0,0,0,0,0,0,0,0,0,249000,0,0,0,590000,341000,249000,249000
056351,鴻海元大98購06  ,0,0,0,0,0,0,0,0,0,248000,0,0,0,522000,274000,248000,248000
059201,祥碩永豐99購02  ,0,0,0,0,0,0,0,0,0,247000,0,0,0,371000,124000,247000,247000
062043,牧德凱基9B購04  ,0,0,0,0,0,0,0,0,0,246000,0,0,0,265000,19000,246000,246000
061509,SP黃豆富邦9C購01,0,0,0,0,0,0,0,0,0,245000,0,0,0,255000,10000,245000,245000
053149,京元電元大96購02,0,0,0,0,0,0,0,0,0,245000,0,0,0,245000,0,245000,245000
056615,燿華永豐98購02  ,0,0,0,0,0,0,0,0,0,245000,0,0,0,245000,0,245000,245000
061055,康控群益9A購01  ,0,0,0,0,0,0,0,0,0,244000,0,0,0,533000,289000,244000,244000
061442,玉晶光永豐9A購07,0,0,0,0,0,0,0,0,0,243000,0,0,0,270000,27000,243000,243000
054970,帆宣元大97購01  ,0,0,0,0,0,0,0,0,0,243000,0,0,0,1147000,904000,243000,243000
058721,立積元富9C購01  ,0,0,0,0,0,0,0,0,0,243000,0,0,0,433000,190000,243000,243000
061660,禾伸堂永豐9A購01,0,0,0,0,0,0,0,0,0,242000,0,0,0,330000,88000,242000,242000
061126,京元電永豐9A購02,0,0,0,0,0,0,0,0,0,242000,0,0,0,242000,0,242000,242000
059829,超眾凱基99購05  ,0,0,0,0,0,0,0,0,0,242000,0,0,0,311000,69000,242000,242000
056944,鴻海統一98購11  ,0,0,0,0,0,0,0,0,0,241000,0,0,0,309000,68000,241000,241000
060234,凱美元大9C購01  ,0,0,0,0,0,0,0,0,0,240000,0,0,0,240000,0,240000,240000
061649,緯穎元大9A購06  ,0,0,0,0,0,0,0,0,0,240000,0,0,0,241000,1000,240000,240000
059425,SGBR2X元大9A購02,0,0,0,0,0,0,0,0,0,240000,0,0,0,327000,87000,240000,240000
058153,景碩統一9B購01  ,0,0,0,0,0,0,0,0,0,240000,0,0,0,315000,75000,240000,240000
2471,資通            ,305000,65000,240000,0,0,0,0,0,0,0,0,0,0,0,0,0,240000
060287,燿華元大9A購01  ,0,0,0,0,0,0,0,0,0,238000,0,0,0,291000,53000,238000,238000
052602,聯電元大97購01  ,0,0,0,0,0,0,0,0,0,238000,0,0,0,313000,75000,238000,238000
061123,燿華永豐9A購01  ,0,0,0,0,0,0,0,0,0,237000,0,0,0,295000,58000,237000,237000
052968,燿華群益98購01  ,0,0,0,0,0,0,0,0,0,237000,0,0,0,350000,113000,237000,237000
056945,鴻海統一98購12  ,0,0,0,0,0,0,0,0,0,237000,0,0,0,1240000,1003000,237000,237000
061333,華通元大9A購08  ,0,0,0,0,0,0,0,0,0,236000,0,0,0,363000,127000,236000,236000
054590,嘉聯益國泰98購01,0,0,0,0,0,0,0,0,0,235000,0,0,0,235000,0,235000,235000
060017,全新康和99購01  ,0,0,0,0,0,0,0,0,0,235000,0,0,0,239000,4000,235000,235000
057712,南亞科統一9A購01,0,0,0,0,0,0,0,0,0,235000,0,0,0,288000,53000,235000,235000
07162P,臺股指群益99售13,0,0,0,0,0,0,0,0,0,235000,0,0,0,327000,92000,235000,235000
060874,中鋼中信02購01  ,0,0,0,0,0,0,0,0,0,234000,0,0,0,238000,4000,234000,234000
062012,燿華富邦9C購01  ,0,0,0,0,0,0,0,0,0,234000,0,0,0,398000,164000,234000,234000
058834,GIS永豐99購01   ,0,0,0,0,0,0,0,0,0,234000,0,0,0,332000,98000,234000,234000
05731P,創意統一96售03  ,0,0,0,0,0,0,0,0,0,233000,0,0,0,271000,38000,233000,233000
058134,信邦元大99購01  ,0,0,0,0,0,0,0,0,0,233000,0,0,0,333000,100000,233000,233000
057096,緯穎元富98購01  ,0,0,0,0,0,0,0,0,0,233000,0,0,0,528000,295000,233000,233000
060784,鴻海富邦9C購01  ,0,0,0,0,0,0,0,0,0,232000,0,0,0,1392000,1160000,232000,232000
07883P,可成凱基9B售03  ,0,0,0,0,0,0,0,0,0,232000,0,0,0,232000,0,232000,232000
2387,精元            ,511000,257000,254000,0,0,0,0,0,0,-22000,0,1000,-1000,0,21000,-21000,232000
057048,新日興元大98購01,0,0,0,0,0,0,0,0,0,231000,0,0,0,357000,126000,231000,231000
058540,嘉聯益國泰9A購02,0,0,0,0,0,0,0,0,0,230000,0,0,0,230000,0,230000,230000
053403,彩晶群益98購01  ,0,0,0,0,0,0,0,0,0,230000,0,0,0,325000,95000,230000,230000
054147,GIS元大96購02   ,0,0,0,0,0,0,0,0,0,230000,0,0,0,314000,84000,230000,230000
057420,美食凱基98購01  ,0,0,0,0,0,0,0,0,0,230000,0,0,0,230000,0,230000,230000
06617P,智邦元大98售03  ,0,0,0,0,0,0,0,0,0,229000,0,0,0,403000,174000,229000,229000
060198,祥碩元富9A購02  ,0,0,0,0,0,0,0,0,0,228000,0,0,0,273000,45000,228000,228000
053784,奇力新元大97購02,0,0,0,0,0,0,0,0,0,228000,0,0,0,244000,16000,228000,228000
056668,光磊國票99購01  ,0,0,0,0,0,0,0,0,0,228000,0,0,0,235000,7000,228000,228000
052095,彩晶元大97購01  ,0,0,0,0,0,0,0,0,0,227000,0,0,0,238000,11000,227000,227000
057762,全新凱基99購03  ,0,0,0,0,0,0,0,0,0,227000,0,0,0,277000,50000,227000,227000
054356,可成兆豐97購01  ,0,0,0,0,0,0,0,0,0,226000,0,0,0,226000,0,226000,226000
058246,帆宣元大99購01  ,0,0,0,0,0,0,0,0,0,226000,0,0,0,810000,584000,226000,226000
060180,上証2X元富9A購02,0,0,0,0,0,0,0,0,0,225000,0,0,0,225000,0,225000,225000
060957,SP黃豆凱基9A購04,0,0,0,0,0,0,0,0,0,225000,0,0,0,330000,105000,225000,225000
061069,嘉聯益凱基9A購01,0,0,0,0,0,0,0,0,0,224000,0,0,0,284000,60000,224000,224000
060526,台積電中信9A購02,0,0,0,0,0,0,0,0,0,224000,0,0,0,226000,2000,224000,224000
060637,玉晶光永豐9A購03,0,0,0,0,0,0,0,0,0,224000,0,0,0,244000,20000,224000,224000
055745,臻鼎元富97購01  ,0,0,0,0,0,0,0,0,0,224000,0,0,0,680000,456000,224000,224000
00710B,FH彭博高收益債  ,0,0,0,0,0,0,0,0,0,224000,0,0,0,225000,1000,224000,224000
057377,康控元大99購02  ,0,0,0,0,0,0,0,0,0,224000,0,0,0,289000,65000,224000,224000
057819,新日興元大99購01,0,0,0,0,0,0,0,0,0,223000,0,0,0,223000,0,223000,223000
062104,上証2X國票9B購03,0,0,0,0,0,0,0,0,0,222000,0,0,0,222000,0,222000,222000
058439,玉晶光統一01購02,0,0,0,0,0,0,0,0,0,222000,0,0,0,311000,89000,222000,222000
057176,全新元大99購02  ,0,0,0,0,0,0,0,0,0,222000,0,0,0,227000,5000,222000,222000
060896,晶技凱基9A購02  ,0,0,0,0,0,0,0,0,0,221000,0,0,0,430000,209000,221000,221000
058422,百和麥證99購01  ,0,0,0,221000,0,221000,0,0,0,221000,0,0,0,221000,0,221000,221000
058877,T50反1國泰9B購01,0,0,0,0,0,0,0,0,0,221000,0,0,0,221000,0,221000,221000
057356,彩晶統一98購04  ,0,0,0,0,0,0,0,0,0,221000,0,0,0,221000,0,221000,221000
056492,全新國泰9A購01  ,0,0,0,0,0,0,0,0,0,221000,0,0,0,221000,0,221000,221000
052592,華通群益98購01  ,0,0,0,0,0,0,0,0,0,220000,0,0,0,220000,0,220000,220000
055725,嘉聯益元大98購03,0,0,0,0,0,0,0,0,0,220000,0,0,0,230000,10000,220000,220000
053910,嘉聯益凱基98購01,0,0,0,0,0,0,0,0,0,220000,0,0,0,220000,0,220000,220000
055647,義隆元富97購01  ,0,0,0,0,0,0,0,0,0,220000,0,0,0,220000,0,220000,220000
059710,上証2X元大9C購02,0,0,0,0,0,0,0,0,0,220000,0,0,0,220000,0,220000,220000
057649,嘉聯益元大99購04,0,0,0,0,0,0,0,0,0,220000,0,0,0,247000,27000,220000,220000
056266,開發金統一9A購01,0,0,0,0,0,0,0,0,0,220000,0,0,0,566000,346000,220000,220000
060312,潤泰全永豐9A購01,0,0,0,0,0,0,0,0,0,219000,0,0,0,219000,0,219000,219000
054976,上証2X元富9A購01,0,0,0,0,0,0,0,0,0,218000,0,0,0,218000,0,218000,218000
058141,嘉聯益元大99購05,0,0,0,0,0,0,0,0,0,218000,0,0,0,219000,1000,218000,218000
060821,SP黃豆元大9A購02,0,0,0,0,0,0,0,0,0,217000,0,0,0,237000,20000,217000,217000
060285,聯電元大9C購01  ,0,0,0,0,0,0,0,0,0,216000,0,0,0,246000,30000,216000,216000
055576,嘉晶統一98購01  ,0,0,0,0,0,0,0,0,0,216000,0,0,0,216000,0,216000,216000
006205,富邦上証        ,92000,506000,-414000,0,0,0,0,0,0,630000,10000,10000,0,1748000,1118000,630000,216000
056911,緯穎元大99購01  ,0,0,0,0,0,0,0,0,0,216000,0,0,0,270000,54000,216000,216000
056130,新日興麥證97購01,0,0,0,215000,0,215000,0,0,0,215000,0,0,0,215000,0,215000,215000
057721,華擎元富98購02  ,0,0,0,0,0,0,0,0,0,215000,0,0,0,1324000,1109000,215000,215000
057353,玉晶光統一99購01,0,0,0,0,0,0,0,0,0,215000,0,0,0,220000,5000,215000,215000
07174P,臺股指國票99售11,0,0,0,0,0,0,0,0,0,215000,0,0,0,522000,307000,215000,215000
059885,台積電國票99購12,0,0,0,0,0,0,0,0,0,214000,0,0,0,284000,70000,214000,214000
059080,亞泥元大99購01  ,0,0,0,0,0,0,0,0,0,214000,0,0,0,249000,35000,214000,214000
059047,元油2X凱基9A購10,0,0,0,0,0,0,0,0,0,213000,0,0,0,248000,35000,213000,213000
057553,景碩凱基98購03  ,0,0,0,0,0,0,0,0,0,213000,0,0,0,213000,0,213000,213000
058027,鴻海富邦98購04  ,0,0,0,0,0,0,0,0,0,212000,0,0,0,217000,5000,212000,212000
3413,京鼎            ,398000,217000,181000,0,0,0,0,0,0,31000,12000,12000,0,37000,6000,31000,212000
061704,景碩國票9A購01  ,0,0,0,0,0,0,0,0,0,211000,0,0,0,215000,4000,211000,211000
055744,茂林元富97購02  ,0,0,0,0,0,0,0,0,0,211000,0,0,0,268000,57000,211000,211000
07593P,臺股指凱基9A售08,0,0,0,0,0,0,0,0,0,211000,0,0,0,251000,40000,211000,211000
060781,台郡國泰9B購01  ,0,0,0,0,0,0,0,0,0,210000,0,0,0,271000,61000,210000,210000
00706L,元大S&P日圓正2  ,0,0,0,0,0,0,0,0,0,210000,0,0,0,211000,1000,210000,210000
053200,華邦電日盛96購01,0,0,0,0,0,0,0,0,0,210000,0,0,0,210000,0,210000,210000
057817,景碩元大98購01  ,0,0,0,0,0,0,0,0,0,210000,0,0,0,215000,5000,210000,210000
07212P,聯發科凱基99售14,0,0,0,0,0,0,0,0,0,210000,0,0,0,210000,0,210000,210000
061068,祥碩凱基9B購01  ,0,0,0,0,0,0,0,0,0,209000,0,0,0,432000,223000,209000,209000
061289,玉晶光統一01購03,0,0,0,0,0,0,0,0,0,209000,0,0,0,263000,54000,209000,209000
062145,億光國票9B購01  ,0,0,0,0,0,0,0,0,0,209000,0,0,0,236000,27000,209000,209000
056026,智易群益97購01  ,0,0,0,0,0,0,0,0,0,209000,0,0,0,252000,43000,209000,209000
060336,南電康和9A購01  ,0,0,0,0,0,0,0,0,0,208000,0,0,0,289000,81000,208000,208000
053389,彩晶元大98購01  ,0,0,0,0,0,0,0,0,0,208000,0,0,0,208000,0,208000,208000
05851P,力山群益97售01  ,0,0,0,0,0,0,0,0,0,208000,0,0,0,281000,73000,208000,208000
061114,南電元大9A購04  ,0,0,0,0,0,0,0,0,0,207000,0,0,0,303000,96000,207000,207000
060990,新光金元大9B購03,0,0,0,0,0,0,0,0,0,207000,0,0,0,207000,0,207000,207000
055358,臻鼎凱基97購01  ,0,0,0,0,0,0,0,0,0,207000,0,0,0,217000,10000,207000,207000
052203,T50反1中信99購03,0,0,0,0,0,0,0,0,0,207000,0,0,0,417000,210000,207000,207000
061092,可成統一9C購02  ,0,0,0,0,0,0,0,0,0,206000,0,0,0,209000,3000,206000,206000
061439,寶成凱基9A購01  ,0,0,0,0,0,0,0,0,0,206000,0,0,0,553000,347000,206000,206000
057009,信邦中信99購01  ,0,0,0,0,0,0,0,0,0,206000,0,0,0,319000,113000,206000,206000
061840,長榮航凱基9C購01,0,0,0,0,0,0,0,0,0,205000,0,0,0,220000,15000,205000,205000
061164,燿華兆豐9B購01  ,0,0,0,0,0,0,0,0,0,205000,0,0,0,456000,251000,205000,205000
060719,瀚宇博永豐9A購01,0,0,0,0,0,0,0,0,0,205000,0,0,0,217000,12000,205000,205000
05538P,玉晶光國票97售02,0,0,0,0,0,0,0,0,0,205000,0,0,0,525000,320000,205000,205000
054376,聯茂中信97購01  ,0,0,0,0,0,0,0,0,0,204000,0,0,0,215000,11000,204000,204000
052099,臺股指富邦95購02,0,0,0,0,0,0,0,0,0,204000,0,0,0,204000,0,204000,204000
053316,友達群益9A購01  ,0,0,0,0,0,0,0,0,0,204000,0,0,0,383000,179000,204000,204000
05118P,超眾元大96售04  ,0,0,0,0,0,0,0,0,0,204000,0,0,0,204000,0,204000,204000
060749,祥碩國票9A購01  ,0,0,0,0,0,0,0,0,0,203000,0,0,0,212000,9000,203000,203000
055131,茂林康和97購01  ,0,0,0,0,0,0,0,0,0,203000,0,0,0,818000,615000,203000,203000
051406,泰鼎永豐96購01  ,0,0,0,0,0,0,0,0,0,202000,0,0,0,202000,0,202000,202000
057491,美食元大98購03  ,0,0,0,0,0,0,0,0,0,202000,0,0,0,222000,20000,202000,202000
060421,華擎永豐9A購01  ,0,0,0,0,0,0,0,0,0,201000,0,0,0,241000,40000,201000,201000
061653,上証2X國票9A購02,0,0,0,0,0,0,0,0,0,201000,0,0,0,202000,1000,201000,201000
058931,玉晶光統一9C購01,0,0,0,0,0,0,0,0,0,201000,0,0,0,381000,180000,201000,201000
059999,緯穎元富99購01  ,0,0,0,0,0,0,0,0,0,201000,0,0,0,271000,70000,201000,201000
07351P,鴻海國票99售08  ,0,0,0,0,0,0,0,0,0,201000,0,0,0,201000,0,201000,201000
052493,上証2X中信97購02,0,0,0,0,0,0,0,0,0,200000,0,0,0,200000,0,200000,200000
051804,新光金日盛95購01,0,0,0,0,0,0,0,0,0,200000,0,0,0,200000,0,200000,200000
053207,SP黃豆凱基96購01,0,0,0,0,0,0,0,0,0,200000,0,0,0,200000,0,200000,200000
054163,燿華凱基97購02  ,0,0,0,0,0,0,0,0,0,200000,0,0,0,200000,0,200000,200000
048902,昇陽半國泰96購01,0,0,0,0,0,0,0,0,0,200000,0,0,0,200000,0,200000,200000
054969,亞翔元大97購01  ,0,0,0,0,0,0,0,0,0,200000,0,0,0,200000,0,200000,200000
054409,亞光國票97購02  ,0,0,0,0,0,0,0,0,0,200000,0,0,0,300000,100000,200000,200000
053675,臺股指元富96購02,0,0,0,0,0,0,0,0,0,200000,0,0,0,200000,0,200000,200000
059813,滬深2X凱基9B購01,0,0,0,0,0,0,0,0,0,200000,0,0,0,200000,0,200000,200000
059638,大立光凱基99購11,0,0,0,0,0,0,0,0,0,200000,0,0,0,200000,0,200000,200000
059137,電子類群益99購01,0,0,0,0,0,0,0,0,0,200000,0,0,0,220000,20000,200000,200000
058723,元石油國泰9A購01,0,0,0,0,0,0,0,0,0,200000,0,0,0,200000,0,200000,200000
056412,上証2X中信9A購02,0,0,0,0,0,0,0,0,0,200000,0,0,0,204000,4000,200000,200000
07257P,臺股指凱基99售37,0,0,0,0,0,0,0,0,0,200000,0,0,0,306000,106000,200000,200000
07307P,上証2X凱基9A售02,0,0,0,0,0,0,0,0,0,200000,0,0,0,200000,0,200000,200000
07820P,臺股指國票9A售11,0,0,0,0,0,0,0,0,0,200000,0,0,0,200000,0,200000,200000
051607,緯創群益96購02  ,0,0,0,0,0,0,0,0,0,199000,0,0,0,287000,88000,199000,199000
056397,彩晶永豐99購01  ,0,0,0,0,0,0,0,0,0,199000,0,0,0,199000,0,199000,199000
07841P,臻鼎元大9A售04  ,0,0,0,0,0,0,0,0,0,199000,0,0,0,199000,0,199000,199000
056680,華通統一98購04  ,0,0,0,0,0,0,0,0,0,197000,0,0,0,239000,42000,197000,197000
062027,國泰金群益9B購01,0,0,0,0,0,0,0,0,0,196000,0,0,0,196000,0,196000,196000
054772,康控國票98購02  ,0,0,0,0,0,0,0,0,0,196000,0,0,0,356000,160000,196000,196000
058674,宏達電群益99購01,0,0,0,0,0,0,0,0,0,196000,0,0,0,196000,0,196000,196000
056395,玉晶光永豐9B購01,0,0,0,0,0,0,0,0,0,196000,0,0,0,266000,70000,196000,196000
058447,玉晶光富邦9A購02,0,0,0,0,0,0,0,0,0,196000,0,0,0,328000,132000,196000,196000
059645,祥碩凱基99購05  ,0,0,0,0,0,0,0,0,0,196000,0,0,0,250000,54000,196000,196000
060282,聚陽元大9A購01  ,0,0,0,0,0,0,0,0,0,195000,0,0,0,230000,35000,195000,195000
054803,味全元大9A購01  ,0,0,0,0,0,0,0,0,0,195000,0,0,0,240000,45000,195000,195000
059061,晶技凱基9A購01  ,0,0,0,0,0,0,0,0,0,195000,0,0,0,254000,59000,195000,195000
061186,牧德國泰9C購01  ,0,0,0,0,0,0,0,0,0,194000,0,0,0,660000,466000,194000,194000
061689,國巨群益9A購12  ,0,0,0,0,0,0,0,0,0,194000,0,0,0,482000,288000,194000,194000
054533,泰碩國泰98購01  ,0,0,0,0,0,0,0,0,0,194000,0,0,0,380000,186000,194000,194000
054873,帆宣群益99購01  ,0,0,0,0,0,0,0,0,0,193000,0,0,0,220000,27000,193000,193000
052587,景碩永豐97購01  ,0,0,0,0,0,0,0,0,0,193000,0,0,0,193000,0,193000,193000
052796,和碩兆豐96購01  ,0,0,0,0,0,0,0,0,0,193000,0,0,0,273000,80000,193000,193000
8271,宇瞻            ,376000,183000,193000,0,0,0,0,0,0,0,0,0,0,0,0,0,193000
061503,臻鼎國票9B購01  ,0,0,0,0,0,0,0,0,0,192000,0,0,0,379000,187000,192000,192000
061030,喬山永豐9A購01  ,0,0,0,0,0,0,0,0,0,192000,0,0,0,206000,14000,192000,192000
060344,聯發科統一01購01,0,0,0,0,0,0,0,0,0,192000,0,0,0,202000,10000,192000,192000
058929,可成統一9C購01  ,0,0,0,0,0,0,0,0,0,192000,0,0,0,393000,201000,192000,192000
060390,聯鈞群益9A購01  ,0,0,0,0,0,0,0,0,0,191000,0,0,0,192000,1000,191000,191000
06853P,華擎元富98售03  ,0,0,0,0,0,0,0,0,0,191000,0,0,0,334000,143000,191000,191000
00830,國泰費城半導體  ,48000,19000,29000,0,0,0,0,0,0,162000,0,0,0,352000,190000,162000,191000
056989,鴻海兆豐98購02  ,0,0,0,0,0,0,0,0,0,191000,0,0,0,201000,10000,191000,191000
06073P,健策永豐97售01  ,0,0,0,0,0,0,0,0,0,190000,0,0,0,190000,0,190000,190000
00654R,富邦印度反1     ,3000,8000,-5000,0,0,0,0,0,0,195000,0,0,0,206000,11000,195000,190000
054426,國泰金富邦97購02,0,0,0,0,0,0,0,0,0,190000,0,0,0,230000,40000,190000,190000
054383,傳奇群益97購01  ,0,0,0,0,0,0,0,0,0,190000,0,0,0,330000,140000,190000,190000
08625P,台灣50凱基96售05,0,0,0,0,0,0,0,0,0,190000,0,0,0,190000,0,190000,190000
051423,GIS國票97購01   ,0,0,0,0,0,0,0,0,0,189000,0,0,0,214000,25000,189000,189000
057788,嘉聯益國票99購01,0,0,0,0,0,0,0,0,0,189000,0,0,0,212000,23000,189000,189000
061156,玉晶光群益9A購07,0,0,0,0,0,0,0,0,0,188000,0,0,0,341000,153000,188000,188000
060489,世紀鋼群益9A購01,0,0,0,0,0,0,0,0,0,188000,0,0,0,204000,16000,188000,188000
061816,長榮航群益9B購02,0,0,0,0,0,0,0,0,0,188000,0,0,0,188000,0,188000,188000
056562,奇力新群益98購01,0,0,0,0,0,0,0,0,0,188000,0,0,0,208000,20000,188000,188000
056971,麗豐永豐98購01  ,0,0,0,0,0,0,0,0,0,188000,0,0,0,188000,0,188000,188000
060252,緯穎元大9A購02  ,0,0,0,0,0,0,0,0,0,187000,0,0,0,262000,75000,187000,187000
061157,聯鈞群益9A購02  ,0,0,0,0,0,0,0,0,0,187000,0,0,0,352000,165000,187000,187000
061187,瀚宇博國泰9C購01,0,0,0,0,0,0,0,0,0,187000,0,0,0,439000,252000,187000,187000
061337,台積電元大9A購27,0,0,0,0,0,0,0,0,0,187000,0,0,0,192000,5000,187000,187000
055433,嘉聯益群益99購01,0,0,0,0,0,0,0,0,0,187000,0,0,0,286000,99000,187000,187000
05755P,臺股指中信99售04,0,0,0,0,0,0,0,0,0,187000,0,0,0,187000,0,187000,187000
055497,開發金元大97購01,0,0,0,0,0,0,0,0,0,186000,0,0,0,186000,0,186000,186000
058218,緯穎群益99購01  ,0,0,0,0,0,0,0,0,0,186000,0,0,0,212000,26000,186000,186000
060651,瑞儀中信9B購01  ,0,0,0,0,0,0,0,0,0,185000,0,0,0,185000,0,185000,185000
062171,中磊永豐9B購01  ,0,0,0,0,0,0,0,0,0,185000,0,0,0,185000,0,185000,185000
058265,奇力新永豐9A購01,0,0,0,0,0,0,0,0,0,185000,0,0,0,267000,82000,185000,185000
054874,帆宣群益99購02  ,0,0,0,0,0,0,0,0,0,185000,0,0,0,302000,117000,185000,185000
05579P,友達凱基98售03  ,0,0,0,0,0,0,0,0,0,185000,0,0,0,187000,2000,185000,185000
053780,南亞科元大96購03,0,0,0,0,0,0,0,0,0,185000,0,0,0,327000,142000,185000,185000
059202,禾聯碩永豐99購01,0,0,0,0,0,0,0,0,0,185000,0,0,0,195000,10000,185000,185000
058135,景碩元大99購01  ,0,0,0,0,0,0,0,0,0,185000,0,0,0,186000,1000,185000,185000
06375P,矽力元大97售06  ,0,0,0,0,0,0,0,0,0,184000,0,0,0,184000,0,184000,184000
058263,大成鋼永豐99購01,0,0,0,0,0,0,0,0,0,184000,0,0,0,184000,0,184000,184000
056183,南亞科統一97購02,0,0,0,0,0,0,0,0,0,184000,0,0,0,184000,0,184000,184000
059139,全新兆豐9A購01  ,0,0,0,0,0,0,0,0,0,184000,0,0,0,208000,24000,184000,184000
06851P,鈺齊元大98售01  ,0,0,0,0,0,0,0,0,0,183000,0,0,0,260000,77000,183000,183000
061896,景碩永豐9B購01  ,0,0,0,0,0,0,0,0,0,183000,0,0,0,198000,15000,183000,183000
061213,群創元大9A購05  ,0,0,0,0,0,0,0,0,0,183000,0,0,0,272000,89000,183000,183000
058346,嘉晶群益99購01  ,0,0,0,0,0,0,0,0,0,183000,0,0,0,267000,84000,183000,183000
055252,新光金統一98購02,0,0,0,0,0,0,0,0,0,183000,0,0,0,183000,0,183000,183000
055572,鴻海統一98購04  ,0,0,0,0,0,0,0,0,0,183000,0,0,0,190000,7000,183000,183000
054791,泰碩群益99購02  ,0,0,0,0,0,0,0,0,0,183000,0,0,0,190000,7000,183000,183000
051292,牧德統一97購01  ,0,0,0,0,0,0,0,0,0,183000,0,0,0,219000,36000,183000,183000
057739,新日興富邦9B購01,0,0,0,0,0,0,0,0,0,183000,0,0,0,437000,254000,183000,183000
057660,訊芯兆豐98購02  ,0,0,0,0,0,0,0,0,0,183000,0,0,0,183000,0,183000,183000
059849,興勤永豐99購01  ,0,0,0,0,0,0,0,0,0,183000,0,0,0,546000,363000,183000,183000
4915,致伸            ,1076035,1154000,-77965,0,0,0,0,0,0,260000,0,1000,-1000,261000,0,261000,182035
062033,瀚宇博群益9B購01,0,0,0,0,0,0,0,0,0,182000,0,0,0,241000,59000,182000,182000
061992,祥碩元大9B購02  ,0,0,0,0,0,0,0,0,0,181000,0,0,0,247000,66000,181000,181000
061623,祥碩群益9A購01  ,0,0,0,0,0,0,0,0,0,181000,0,0,0,287000,106000,181000,181000
061194,聯鈞永豐9A購02  ,0,0,0,0,0,0,0,0,0,181000,0,0,0,181000,0,181000,181000
060643,牧德永豐9A購03  ,0,0,0,0,0,0,0,0,0,181000,0,0,0,200000,19000,181000,181000
052130,國巨凱基9B購01  ,0,0,0,0,0,0,0,0,0,181000,0,0,0,219000,38000,181000,181000
056726,友達日盛9A購01  ,0,0,0,0,0,0,0,0,0,181000,0,0,0,181000,0,181000,181000
062060,奇鋐統一9C購01  ,0,0,0,0,0,0,0,0,0,180000,0,0,0,210000,30000,180000,180000
040760,T50反1凱基95購01,0,0,0,0,0,0,0,0,0,180000,0,0,0,180000,0,180000,180000
055109,正崴凱基98購01  ,0,0,0,0,0,0,0,0,0,180000,0,0,0,200000,20000,180000,180000
058181,華新科國泰9B購01,0,0,0,0,0,0,0,0,0,180000,0,0,0,260000,80000,180000,180000
058553,合勤控永豐99購01,0,0,0,0,0,0,0,0,0,180000,0,0,0,180000,0,180000,180000
059522,上証2X凱基9B購02,0,0,0,0,0,0,0,0,0,180000,0,0,0,180000,0,180000,180000
1218,泰山            ,371000,191000,180000,0,0,0,0,0,0,0,0,0,0,0,0,0,180000
06705P,臻鼎元富98售03  ,0,0,0,0,0,0,0,0,0,179000,0,0,0,179000,0,179000,179000
061682,南電元大9B購01  ,0,0,0,0,0,0,0,0,0,179000,0,0,0,258000,79000,179000,179000
057191,祥碩元大98購05  ,0,0,0,0,0,0,0,0,0,179000,0,0,0,237000,58000,179000,179000
061580,華擎元大9A購06  ,0,0,0,0,0,0,0,0,0,178000,0,0,0,219000,41000,178000,178000
062055,鴻海統一9C購07  ,0,0,0,0,0,0,0,0,0,178000,0,0,0,178000,0,178000,178000
053398,和鑫中信99購01  ,0,0,0,0,0,0,0,0,0,178000,0,0,0,178000,0,178000,178000
057895,全新元富9B購01  ,0,0,0,0,0,0,0,0,0,178000,0,0,0,453000,275000,178000,178000
054471,T50反1中信9C購01,0,0,0,0,0,0,0,0,0,177000,0,0,0,187000,10000,177000,177000
056478,晶技元大99購01  ,0,0,0,0,0,0,0,0,0,177000,0,0,0,226000,49000,177000,177000
059507,鴻海永豐99購03  ,0,0,0,0,0,0,0,0,0,177000,0,0,0,177000,0,177000,177000
07929P,旺宏統一9B售07  ,0,0,0,0,0,0,0,0,0,177000,0,0,0,198000,21000,177000,177000
060113,祥碩元大9B購01  ,0,0,0,0,0,0,0,0,0,176000,0,0,0,222000,46000,176000,176000
057824,日月光元大98購01,0,0,0,0,0,0,0,0,0,176000,0,0,0,176000,0,176000,176000
057538,緯穎元大98購07  ,0,0,0,0,0,0,0,0,0,176000,0,0,0,176000,0,176000,176000
058780,牧德國票9A購01  ,0,0,0,0,0,0,0,0,0,176000,0,0,0,180000,4000,176000,176000
061094,彩晶統一9B購02  ,0,0,0,0,0,0,0,0,0,175000,0,0,0,251000,76000,175000,175000
054265,GIS元大96購03   ,0,0,0,0,0,0,0,0,0,175000,0,0,0,620000,445000,175000,175000
053448,智易凱基96購03  ,0,0,0,0,0,0,0,0,0,175000,0,0,0,175000,0,175000,175000
056791,嘉聯益群益98購01,0,0,0,0,0,0,0,0,0,175000,0,0,0,207000,32000,175000,175000
057577,廣宇中信9A購01  ,0,0,0,0,0,0,0,0,0,175000,0,0,0,175000,0,175000,175000
061291,玉晶光統一01購05,0,0,0,0,0,0,0,0,0,174000,0,0,0,231000,57000,174000,174000
052167,亞泥元大96購01  ,0,0,0,0,0,0,0,0,0,174000,0,0,0,274000,100000,174000,174000
057450,國泰金元富98購01,0,0,0,0,0,0,0,0,0,174000,0,0,0,281000,107000,174000,174000
058730,玉晶光永豐9A購01,0,0,0,0,0,0,0,0,0,174000,0,0,0,220000,46000,174000,174000
061959,鴻海統一9B購04  ,0,0,0,0,0,0,0,0,0,173000,0,0,0,173000,0,173000,173000
052781,瀚宇博國票97購03,0,0,0,0,0,0,0,0,0,173000,0,0,0,173000,0,173000,173000
053539,智易永豐96購01  ,0,0,0,0,0,0,0,0,0,173000,0,0,0,198000,25000,173000,173000
058237,嘉晶元大99購04  ,0,0,0,0,0,0,0,0,0,173000,0,0,0,192000,19000,173000,173000
061817,高鐵群益9B購01  ,0,0,0,0,0,0,0,0,0,172000,0,0,0,188000,16000,172000,172000
061385,上証2X群益9C購07,0,0,0,0,0,0,0,0,0,172000,0,0,0,172000,0,172000,172000
062040,玉晶光凱基01購01,0,0,0,0,0,0,0,0,0,172000,0,0,0,187000,15000,172000,172000
062186,晶技元大9B購05  ,0,0,0,0,0,0,0,0,0,172000,0,0,0,205000,33000,172000,172000
055025,華新科國泰98購02,0,0,0,0,0,0,0,0,0,172000,0,0,0,172000,0,172000,172000
053593,晶技元大98購01  ,0,0,0,0,0,0,0,0,0,172000,0,0,0,299000,127000,172000,172000
057346,鴻海統一98購13  ,0,0,0,0,0,0,0,0,0,172000,0,0,0,290000,118000,172000,172000
4927,泰鼎-KY         ,1667000,2354000,-687000,0,0,0,1125000,116000,1009000,-150000,391000,441000,-50000,128000,228000,-100000,172000
056538,國泰金凱基98購01,0,0,0,0,0,0,0,0,0,171000,0,0,0,201000,30000,171000,171000
061292,玉晶光統一01購06,0,0,0,0,0,0,0,0,0,170000,0,0,0,172000,2000,170000,170000
061096,上証2X元大9A購06,0,0,0,0,0,0,0,0,0,170000,0,0,0,170000,0,170000,170000
060809,康友群益9A購01  ,0,0,0,0,0,0,0,0,0,170000,0,0,0,170000,0,170000,170000
054349,同欣電國票97購02,0,0,0,0,0,0,0,0,0,170000,0,0,0,170000,0,170000,170000
052604,建準元大97購01  ,0,0,0,0,0,0,0,0,0,170000,0,0,0,309000,139000,170000,170000
057376,新日興元大98購04,0,0,0,0,0,0,0,0,0,170000,0,0,0,234000,64000,170000,170000
057314,全新麥證98購01  ,0,0,0,300000,130000,170000,0,0,0,170000,0,0,0,300000,130000,170000,170000
057270,遠東新元大98購01,0,0,0,0,0,0,0,0,0,170000,0,0,0,180000,10000,170000,170000
057527,億光元大98購01  ,0,0,0,0,0,0,0,0,0,170000,0,0,0,310000,140000,170000,170000
059706,嘉晶凱基99購01  ,0,0,0,0,0,0,0,0,0,169000,0,0,0,342000,173000,169000,169000
060913,宏達電元大9A購03,0,0,0,0,0,0,0,0,0,168000,0,0,0,168000,0,168000,168000
060324,台積電群益9B購02,0,0,0,0,0,0,0,0,0,168000,0,0,0,179000,11000,168000,168000
061485,鴻海兆豐9A購01  ,0,0,0,0,0,0,0,0,0,168000,0,0,0,178000,10000,168000,168000
061720,智邦國泰9C購01  ,0,0,0,0,0,0,0,0,0,168000,0,0,0,428000,260000,168000,168000
051751,聯茂富邦95購01  ,0,0,0,0,0,0,0,0,0,168000,0,0,0,168000,0,168000,168000
057257,台泥兆豐99購01  ,0,0,0,0,0,0,0,0,0,168000,0,0,0,313000,145000,168000,168000
056961,凱美永豐98購01  ,0,0,0,0,0,0,0,0,0,168000,0,0,0,168000,0,168000,168000
059438,群創元大99購06  ,0,0,0,0,0,0,0,0,0,168000,0,0,0,599000,431000,168000,168000
3645,達邁            ,213000,45000,168000,0,0,0,0,0,0,0,0,0,0,0,0,0,168000
07293P,臺股指凱基99售45,0,0,0,0,0,0,0,0,0,168000,0,0,0,188000,20000,168000,168000
06025P,臺股指元大99售02,0,0,0,0,0,0,0,0,0,167000,0,0,0,167000,0,167000,167000
057982,帆宣永豐98購01  ,0,0,0,0,0,0,0,0,0,167000,0,0,0,274000,107000,167000,167000
07791P,奇鋐元大9A售02  ,0,0,0,0,0,0,0,0,0,167000,0,0,0,333000,166000,167000,167000
060114,緯穎元大99購10  ,0,0,0,0,0,0,0,0,0,166000,0,0,0,213000,47000,166000,166000
057113,祥碩群益98購01  ,0,0,0,0,0,0,0,0,0,166000,0,0,0,469000,303000,166000,166000
056241,緯創群益97購01  ,0,0,0,0,0,0,0,0,0,166000,0,0,0,191000,25000,166000,166000
057054,立積元大98購03  ,0,0,0,0,0,0,0,0,0,166000,0,0,0,179000,13000,166000,166000
057658,玉晶光兆豐99購02,0,0,0,0,0,0,0,0,0,166000,0,0,0,239000,73000,166000,166000
060687,GIS元大9A購01   ,0,0,0,0,0,0,0,0,0,165000,0,0,0,250000,85000,165000,165000
053488,中石化兆豐97購01,0,0,0,0,0,0,0,0,0,165000,0,0,0,168000,3000,165000,165000
058222,玉晶光統一9B購01,0,0,0,0,0,0,0,0,0,165000,0,0,0,165000,0,165000,165000
056260,鴻海統一98購07  ,0,0,0,0,0,0,0,0,0,165000,0,0,0,193000,28000,165000,165000
058111,健鼎元富98購01  ,0,0,0,0,0,0,0,0,0,165000,0,0,0,165000,0,165000,165000
06624P,訊芯元大98售06  ,0,0,0,0,0,0,0,0,0,164000,0,0,0,164000,0,164000,164000
058577,南亞科群益99購02,0,0,0,0,0,0,0,0,0,164000,0,0,0,191000,27000,164000,164000
054890,聯鈞統一99購01  ,0,0,0,0,0,0,0,0,0,164000,0,0,0,164000,0,164000,164000
6277,宏正            ,175000,11000,164000,0,0,0,0,0,0,0,0,0,0,0,0,0,164000
060648,鴻海第一9A購01  ,0,0,0,0,0,0,0,0,0,163000,0,0,0,245000,82000,163000,163000
060413,東元永豐9A購01  ,0,0,0,0,0,0,0,0,0,163000,0,0,0,163000,0,163000,163000
054928,帆宣凱基98購01  ,0,0,0,0,0,0,0,0,0,163000,0,0,0,163000,0,163000,163000
058322,玉晶光永豐99購02,0,0,0,0,0,0,0,0,0,163000,0,0,0,227000,64000,163000,163000
054059,欣興國票97購03  ,0,0,0,0,0,0,0,0,0,163000,0,0,0,163000,0,163000,163000
00783,富邦中証500     ,12000,41000,-29000,0,0,0,0,0,0,192000,0,0,0,1001000,809000,192000,163000
056289,合勤控永豐97購01,0,0,0,0,0,0,0,0,0,163000,0,0,0,163000,0,163000,163000
07279P,台灣50台新99售02,0,0,0,0,0,0,0,0,0,163000,0,0,0,170000,7000,163000,163000
07383P,聯發科群益99售06,0,0,0,0,0,0,0,0,0,163000,0,0,0,163000,0,163000,163000
061567,華通元大9A購11  ,0,0,0,0,0,0,0,0,0,162000,0,0,0,241000,79000,162000,162000
058482,祥碩凱基99購02  ,0,0,0,0,0,0,0,0,0,162000,0,0,0,170000,8000,162000,162000
057857,牧德國票99購01  ,0,0,0,0,0,0,0,0,0,162000,0,0,0,262000,100000,162000,162000
057926,帆宣凱基98購02  ,0,0,0,0,0,0,0,0,0,162000,0,0,0,182000,20000,162000,162000
060926,宏達電永豐9A購01,0,0,0,0,0,0,0,0,0,161000,0,0,0,161000,0,161000,161000
060813,高鐵凱基9A購01  ,0,0,0,0,0,0,0,0,0,161000,0,0,0,184000,23000,161000,161000
060754,華通元大9A購04  ,0,0,0,0,0,0,0,0,0,161000,0,0,0,257000,96000,161000,161000
061237,晶技元大9A購01  ,0,0,0,0,0,0,0,0,0,161000,0,0,0,319000,158000,161000,161000
053203,智易日盛96購01  ,0,0,0,0,0,0,0,0,0,161000,0,0,0,161000,0,161000,161000
061040,康友永豐9A購01  ,0,0,0,0,0,0,0,0,0,160000,0,0,0,170000,10000,160000,160000
054134,強茂元大96購01  ,0,0,0,0,0,0,0,0,0,160000,0,0,0,260000,100000,160000,160000
051553,牧德永豐96購02  ,0,0,0,0,0,0,0,0,0,160000,0,0,0,416000,256000,160000,160000
053956,旺宏永豐96購04  ,0,0,0,0,0,0,0,0,0,160000,0,0,0,180000,20000,160000,160000
058136,景碩元大99購02  ,0,0,0,0,0,0,0,0,0,160000,0,0,0,160000,0,160000,160000
056749,滬深2X兆豐99購01,0,0,0,0,0,0,0,0,0,160000,0,0,0,260000,100000,160000,160000
057402,嘉晶群益98購02  ,0,0,0,0,0,0,0,0,0,160000,0,0,0,362000,202000,160000,160000
060638,玉晶光永豐9A購04,0,0,0,0,0,0,0,0,0,159000,0,0,0,172000,13000,159000,159000
055700,緯穎國泰98購02  ,0,0,0,0,0,0,0,0,0,159000,0,0,0,165000,6000,159000,159000
057327,玉晶光群益9A購04,0,0,0,0,0,0,0,0,0,159000,0,0,0,167000,8000,159000,159000
060165,上緯控永豐9A購01,0,0,0,0,0,0,0,0,0,158000,0,0,0,210000,52000,158000,158000
052943,奇力新國票96購02,0,0,0,0,0,0,0,0,0,158000,0,0,0,216000,58000,158000,158000
057777,可成群益9A購03  ,0,0,0,0,0,0,0,0,0,158000,0,0,0,158000,0,158000,158000
056404,嘉聯益群益9A購01,0,0,0,0,0,0,0,0,0,158000,0,0,0,299000,141000,158000,158000
058143,瑞儀元大99購02  ,0,0,0,0,0,0,0,0,0,158000,0,0,0,283000,125000,158000,158000
07919P,創意永豐9B售01  ,0,0,0,0,0,0,0,0,0,158000,0,0,0,168000,10000,158000,158000
060735,鴻海統一9C購03  ,0,0,0,0,0,0,0,0,0,157000,0,0,0,157000,0,157000,157000
0061,元大寶滬深      ,57000,5000,52000,0,0,0,0,0,0,105000,0,0,0,146000,41000,105000,157000
059938,凱美永豐99購01  ,0,0,0,0,0,0,0,0,0,157000,0,0,0,227000,70000,157000,157000
060408,和潤國泰9C購01  ,0,0,0,0,0,0,0,0,0,156000,0,0,0,223000,67000,156000,156000
058326,祥碩台新99購01  ,0,0,0,0,0,0,0,0,0,156000,0,0,0,169000,13000,156000,156000
058243,華擎元大99購01  ,0,0,0,0,0,0,0,0,0,156000,0,0,0,1045000,889000,156000,156000
06683P,訊芯元大98售07  ,0,0,0,0,0,0,0,0,0,155000,0,0,0,155000,0,155000,155000
062099,牧德永豐9B購01  ,0,0,0,0,0,0,0,0,0,155000,0,0,0,166000,11000,155000,155000
006206,元大上證50      ,158000,70000,88000,0,0,0,0,0,0,67000,0,0,0,188000,121000,67000,155000
056620,華新科永豐98購02,0,0,0,0,0,0,0,0,0,155000,0,0,0,175000,20000,155000,155000
6230,超眾            ,404000,288000,116000,0,0,0,132000,173000,-41000,80000,47000,22000,25000,81000,26000,55000,155000
054180,亞泥康和96購01  ,0,0,0,0,0,0,0,0,0,154000,0,0,0,171000,17000,154000,154000
060003,上証2X群益9B購02,0,0,0,0,0,0,0,0,0,154000,0,0,0,154000,0,154000,154000
061508,南六國泰9C購02  ,0,0,0,0,0,0,0,0,0,153000,0,0,0,350000,197000,153000,153000
060571,京元電永豐9A購01,0,0,0,0,0,0,0,0,0,152000,0,0,0,329000,177000,152000,152000
054205,華新國票97購02  ,0,0,0,0,0,0,0,0,0,152000,0,0,0,152000,0,152000,152000
052685,技嘉元大96購01  ,0,0,0,0,0,0,0,0,0,152000,0,0,0,162000,10000,152000,152000
03433B,臺股指元大9C熊01,0,0,0,0,0,0,0,0,0,152000,0,0,0,193000,41000,152000,152000
057941,聯電國票99購01  ,0,0,0,0,0,0,0,0,0,152000,0,0,0,175000,23000,152000,152000
061489,高鐵兆豐9A購01  ,0,0,0,0,0,0,0,0,0,151000,0,0,0,171000,20000,151000,151000
057483,微星元大98購04  ,1000,0,1000,0,0,0,0,0,0,150000,0,0,0,982000,832000,150000,151000
8081,致新            ,912000,341000,571000,0,0,0,0,401000,-401000,-19000,0,13000,-13000,7000,13000,-6000,151000
060473,中租元大9A購03  ,0,0,0,0,0,0,0,0,0,150000,0,0,0,150000,0,150000,150000
061356,南電元大9A購06  ,0,0,0,0,0,0,0,0,0,150000,0,0,0,160000,10000,150000,150000
050572,大立光中信97購01,0,0,0,0,0,0,0,0,0,150000,0,0,0,150000,0,150000,150000
055693,南茂凱基97購01  ,0,0,0,0,0,0,0,0,0,150000,0,0,0,200000,50000,150000,150000
055723,康控元大97購04  ,0,0,0,0,0,0,0,0,0,150000,0,0,0,150000,0,150000,150000
059283,康友永豐99購02  ,0,0,0,0,0,0,0,0,0,150000,0,0,0,218000,68000,150000,150000
059395,T50反1元富99購03,0,0,0,0,0,0,0,0,0,150000,0,0,0,491000,341000,150000,150000
07899P,和大凱基9B售01  ,0,0,0,0,0,0,0,0,0,150000,0,0,0,155000,5000,150000,150000
060396,友達國票9A購01  ,0,0,0,0,0,0,0,0,0,149000,0,0,0,149000,0,149000,149000
056883,美食康和98購01  ,0,0,0,0,0,0,0,0,0,149000,0,0,0,149000,0,149000,149000
056094,大立光元富97購03,0,0,0,0,0,0,0,0,0,149000,0,0,0,150000,1000,149000,149000
059956,玉山金康和99購01,0,0,0,0,0,0,0,0,0,149000,0,0,0,191000,42000,149000,149000
061438,牧德凱基9B購02  ,0,0,0,0,0,0,0,0,0,148000,0,0,0,254000,106000,148000,148000
059812,上証2X凱基9A購04,0,0,0,0,0,0,0,0,0,148000,0,0,0,148000,0,148000,148000
056718,GIS永豐98購01   ,0,0,0,0,0,0,0,0,0,148000,0,0,0,176000,28000,148000,148000
060700,華新科國泰9C購01,0,0,0,0,0,0,0,0,0,147000,0,0,0,375000,228000,147000,147000
060164,合勤控永豐9A購01,0,0,0,0,0,0,0,0,0,147000,0,0,0,147000,0,147000,147000
060989,國泰金元大9A購02,0,0,0,0,0,0,0,0,0,147000,0,0,0,202000,55000,147000,147000
057142,力成兆豐98購01  ,0,0,0,0,0,0,0,0,0,147000,0,0,0,147000,0,147000,147000
057073,康控永豐98購01  ,0,0,0,0,0,0,0,0,0,147000,0,0,0,174000,27000,147000,147000
060867,智伸科永豐9A購01,0,0,0,0,0,0,0,0,0,146000,0,0,0,226000,80000,146000,146000
060683,泰鼎元大9A購02  ,0,0,0,0,0,0,0,0,0,146000,0,0,0,177000,31000,146000,146000
061989,晶技元大9B購04  ,0,0,0,0,0,0,0,0,0,146000,0,0,0,206000,60000,146000,146000
059155,台表科日盛99購01,0,0,0,0,0,0,0,0,0,146000,0,0,0,393000,247000,146000,146000
062125,嘉晶統一9B購01  ,0,0,0,0,0,0,0,0,0,145000,0,0,0,200000,55000,145000,145000
060415,葡萄王永豐9A購01,0,0,0,0,0,0,0,0,0,145000,0,0,0,234000,89000,145000,145000
053361,友達元富99購01  ,0,0,0,0,0,0,0,0,0,145000,0,0,0,252000,107000,145000,145000
057575,世紀鋼永豐98購02,0,0,0,0,0,0,0,0,0,145000,0,0,0,150000,5000,145000,145000
056396,祥碩永豐98購01  ,0,0,0,0,0,0,0,0,0,145000,0,0,0,273000,128000,145000,145000
058990,GIS凱基99購02   ,0,0,0,0,0,0,0,0,0,145000,0,0,0,162000,17000,145000,145000
3708,上緯投控        ,278000,119000,159000,0,0,0,0,0,0,-14000,0,0,0,10000,24000,-14000,145000
060241,國泰金元大9A購01,0,0,0,0,0,0,0,0,0,144000,0,0,0,144000,0,144000,144000
054885,建準統一98購01  ,0,0,0,0,0,0,0,0,0,144000,0,0,0,204000,60000,144000,144000
057040,國巨元大98購12  ,0,0,0,0,0,0,0,0,0,144000,0,0,0,187000,43000,144000,144000
057267,康控兆豐99購01  ,0,0,0,0,0,0,0,0,0,144000,0,0,0,445000,301000,144000,144000
057625,泰鼎國泰9A購01  ,0,0,0,0,0,0,0,0,0,144000,0,0,0,179000,35000,144000,144000
05970P,超眾永豐96售03  ,0,0,0,0,0,0,0,0,0,144000,0,0,0,175000,31000,144000,144000
060646,南電永豐9A購01  ,0,0,0,0,0,0,0,0,0,143000,0,0,0,173000,30000,143000,143000
061129,文曄永豐9A購01  ,0,0,0,0,0,0,0,0,0,143000,0,0,0,143000,0,143000,143000
06662P,玉晶光中信9A售01,0,0,0,0,0,0,0,0,0,143000,0,0,0,1623000,1480000,143000,143000
059729,群創元大9C購05  ,0,0,0,0,0,0,0,0,0,143000,0,0,0,255000,112000,143000,143000
059910,鴻海元大99購37  ,0,0,0,0,0,0,0,0,0,143000,0,0,0,185000,42000,143000,143000
057451,大立光元富9B購01,0,0,0,0,0,0,0,0,0,143000,0,0,0,231000,88000,143000,143000
00743,國泰中國A150    ,209000,0,209000,0,0,0,0,0,0,-66577,0,0,0,3000,69577,-66577,142423
061590,金寶永豐9A購01  ,0,0,0,0,0,0,0,0,0,142000,0,0,0,178000,36000,142000,142000
060958,儒鴻凱基9A購02  ,0,0,0,0,0,0,0,0,0,142000,0,0,0,406000,264000,142000,142000
060318,上証2X群益9C購03,0,0,0,0,0,0,0,0,0,142000,0,0,0,142000,0,142000,142000
060156,光磊永豐9A購01  ,0,0,0,0,0,0,0,0,0,142000,0,0,0,226000,84000,142000,142000
052313,聯電元大98購01  ,0,0,0,0,0,0,0,0,0,142000,0,0,0,161000,19000,142000,142000
055388,華通統一97購03  ,0,0,0,0,0,0,0,0,0,142000,0,0,0,324000,182000,142000,142000
057609,友訊元富98購01  ,0,0,0,0,0,0,0,0,0,142000,0,0,0,267000,125000,142000,142000
057287,彩晶元大9C購03  ,0,0,0,0,0,0,0,0,0,142000,0,0,0,210000,68000,142000,142000
058440,玉晶光統一99購02,0,0,0,0,0,0,0,0,0,142000,0,0,0,203000,61000,142000,142000
058455,玉晶光永豐99購03,0,0,0,0,0,0,0,0,0,142000,0,0,0,145000,3000,142000,142000
07557P,玉晶光元大9A售09,0,0,0,0,0,0,0,0,0,142000,0,0,0,152000,10000,142000,142000
060783,亞德客富邦9B購01,0,0,0,0,0,0,0,0,0,141000,0,0,0,216000,75000,141000,141000
062021,康控永豐9B購01  ,0,0,0,0,0,0,0,0,0,141000,0,0,0,141000,0,141000,141000
055623,貿聯國泰99購01  ,0,0,0,0,0,0,0,0,0,141000,0,0,0,206000,65000,141000,141000
053063,力山群益98購01  ,0,0,0,0,0,0,0,0,0,141000,0,0,0,203000,62000,141000,141000
054166,日電貿凱基98購01,0,0,0,0,0,0,0,0,0,141000,0,0,0,244000,103000,141000,141000
07342P,大立光凱基99售14,0,0,0,0,0,0,0,0,0,141000,0,0,0,141000,0,141000,141000
061958,鴻海統一01購01  ,0,0,0,0,0,0,0,0,0,140000,0,0,0,374000,234000,140000,140000
060789,禾伸堂富邦9B購02,0,0,0,0,0,0,0,0,0,140000,0,0,0,140000,0,140000,140000
051752,緯穎富邦96購01  ,0,0,0,0,0,0,0,0,0,140000,0,0,0,140000,0,140000,140000
05639P,欣興統一97售01  ,0,0,0,0,0,0,0,0,0,140000,0,0,0,140000,0,140000,140000
059802,上証2X元富99購02,0,0,0,0,0,0,0,0,0,140000,0,0,0,140000,0,140000,140000
052764,景碩群益98購01  ,0,0,0,0,0,0,0,0,0,139000,0,0,0,141000,2000,139000,139000
060016,廣達康和99購01  ,0,0,0,0,0,0,0,0,0,139000,0,0,0,205000,66000,139000,139000
059489,上証2X國票9A購01,0,0,0,0,0,0,0,0,0,139000,0,0,0,143000,4000,139000,139000
6409,旭隼            ,348000,209560,138440,0,0,0,0,0,0,0,0,0,0,0,0,0,138440
060880,中壽中信9C購01  ,0,0,0,0,0,0,0,0,0,138000,0,0,0,138000,0,138000,138000
060127,牧德永豐99購02  ,0,0,0,0,0,0,0,0,0,138000,0,0,0,138000,0,138000,138000
060108,泰鼎元大99購04  ,0,0,0,0,0,0,0,0,0,138000,0,0,0,138000,0,138000,138000
048122,台達電元大96購02,0,0,0,0,0,0,0,0,0,138000,0,0,0,138000,0,138000,138000
051809,義隆凱基96購01  ,0,0,0,0,0,0,0,0,0,138000,0,0,0,138000,0,138000,138000
056107,智易永豐97購02  ,0,0,0,0,0,0,0,0,0,138000,0,0,0,141000,3000,138000,138000
058397,大成鋼元大99購02,0,0,0,0,0,0,0,0,0,138000,0,0,0,236000,98000,138000,138000
046061,中石化凱基98購01,0,0,0,0,0,0,0,0,0,137000,0,0,0,187000,50000,137000,137000
059296,大立光元富99購06,0,0,0,0,0,0,0,0,0,137000,0,0,0,143000,6000,137000,137000
058816,祥碩台新99購02  ,0,80000,-80000,0,0,0,0,0,0,217000,0,0,0,219000,2000,217000,137000
1598,岱宇            ,172000,35000,137000,0,0,0,0,0,0,0,0,0,0,0,0,0,137000
061650,南電元大9A購07  ,0,0,0,0,0,0,0,0,0,136000,0,0,0,268000,132000,136000,136000
06914P,南茂元大98售03  ,0,0,0,0,0,0,0,0,0,136000,0,0,0,156000,20000,136000,136000
054467,隆達凱基97購01  ,0,0,0,0,0,0,0,0,0,136000,0,0,0,272000,136000,136000,136000
058826,台積電永豐99購02,0,0,0,0,0,0,0,0,0,136000,0,0,0,136000,0,136000,136000
056203,興富發永豐97購01,0,0,0,0,0,0,0,0,0,136000,0,0,0,136000,0,136000,136000
056966,嘉晶永豐98購01  ,0,0,0,0,0,0,0,0,0,136000,0,0,0,182000,46000,136000,136000
5269,祥碩            ,315000,290000,25000,0,0,0,173000,28000,145000,-34000,7000,19000,-12000,3000,25000,-22000,136000
061130,牧德永豐9A購04  ,0,0,0,0,0,0,0,0,0,135000,0,0,0,135000,0,135000,135000
058537,彩晶統一9B購01  ,0,0,0,0,0,0,0,0,0,135000,0,0,0,319000,184000,135000,135000
02001R,富邦蘋果反一N   ,0,0,0,0,0,0,0,0,0,135000,0,0,0,145000,10000,135000,135000
056277,上銀富邦99購02  ,0,0,0,0,0,0,0,0,0,135000,0,0,0,135000,0,135000,135000
057284,新日興元大98購03,0,0,0,0,0,0,0,0,0,134000,0,0,0,145000,11000,134000,134000
057632,傳奇永豐98購01  ,0,0,0,0,0,0,0,0,0,134000,0,0,0,134000,0,134000,134000
061551,GIS群益9A購01   ,0,0,0,0,0,0,0,0,0,133000,0,0,0,178000,45000,133000,133000
051745,玉晶光國泰97購06,0,0,0,0,0,0,0,0,0,133000,0,0,0,133000,0,133000,133000
059870,全新凱基99購05  ,0,0,0,0,0,0,0,0,0,133000,0,0,0,233000,100000,133000,133000
05976P,國巨凱基96售14  ,0,0,0,0,0,0,0,0,0,133000,0,0,0,138000,5000,133000,133000
056002,嘉晶永豐97購01  ,0,0,0,0,0,0,0,0,0,133000,0,0,0,133000,0,133000,133000
07889P,旭富國票9B售01  ,0,0,0,0,0,0,0,0,0,133000,0,0,0,178000,45000,133000,133000
058576,南亞科群益99購01,0,0,0,0,0,0,0,0,0,132000,0,0,0,168000,36000,132000,132000
058495,元大金群益9B購01,0,0,0,0,0,0,0,0,0,132000,0,0,0,162000,30000,132000,132000
054411,光磊元大97購02  ,0,0,0,0,0,0,0,0,0,132000,0,0,0,147000,15000,132000,132000
056267,文曄統一97購02  ,0,0,0,0,0,0,0,0,0,132000,0,0,0,132000,0,132000,132000
057059,易華電元大99購01,0,0,0,0,0,0,0,0,0,132000,0,0,0,132000,0,132000,132000
058656,燿華中信99購01  ,0,0,0,0,0,0,0,0,0,132000,0,0,0,460000,328000,132000,132000
07368P,國巨凱基99售19  ,0,0,0,0,0,0,0,0,0,132000,0,0,0,170000,38000,132000,132000
060790,日月光富邦9A購01,0,0,0,0,0,0,0,0,0,131000,0,0,0,154000,23000,131000,131000
054819,裕民元大9A購01  ,0,0,0,0,0,0,0,0,0,131000,0,0,0,263000,132000,131000,131000
054974,台表科元大98購02,0,0,0,0,0,0,0,0,0,131000,0,0,0,231000,100000,131000,131000
060029,嘉晶永豐99購03  ,0,0,0,0,0,0,0,0,0,131000,0,0,0,143000,12000,131000,131000
07714P,世紀鋼元大9A售03,0,0,0,0,0,0,0,0,0,131000,0,0,0,283000,152000,131000,131000
2537,聯上發          ,366000,235000,131000,0,0,0,0,0,0,0,0,0,0,0,0,0,131000
061229,緯穎中信9B購01  ,0,0,0,0,0,0,0,0,0,130000,0,0,0,321000,191000,130000,130000
058348,台表科群益99購01,0,0,0,0,0,0,0,0,0,130000,0,0,0,130000,0,130000,130000
052582,喬山台新96購01  ,0,0,0,0,0,0,0,0,0,130000,0,0,0,130000,0,130000,130000
00739,元大MSCI A股    ,63000,2000,61000,0,0,0,0,0,0,69000,0,0,0,337000,268000,69000,130000
00639,富邦深100       ,66000,51000,15000,0,0,0,0,0,0,115000,0,0,0,1077000,962000,115000,130000
057684,聯茂日盛99購01  ,0,0,0,0,0,0,0,0,0,130000,0,0,0,130000,0,130000,130000
060155,友訊永豐9A購01  ,0,0,0,0,0,0,0,0,0,129000,0,0,0,174000,45000,129000,129000
06296P,燿華元大98售01  ,0,0,0,0,0,0,0,0,0,129000,0,0,0,129000,0,129000,129000
052586,晶豪科永豐96購01,0,0,0,0,0,0,0,0,0,129000,0,0,0,129000,0,129000,129000
058327,大毅統一9B購01  ,0,0,0,0,0,0,0,0,0,129000,0,0,0,325000,196000,129000,129000
057629,泰碩永豐98購02  ,0,0,0,0,0,0,0,0,0,129000,0,0,0,129000,0,129000,129000
057748,華通國票98購04  ,0,0,0,0,0,0,0,0,0,129000,0,0,0,147000,18000,129000,129000
056189,樺漢統一97購02  ,0,0,0,0,0,0,0,0,0,129000,0,0,0,139000,10000,129000,129000
2395,研華            ,1214939,1063728,151211,0,0,0,0,22000,-22000,-1000,0,1000,-1000,0,0,0,128211
06734P,智邦凱基98售05  ,0,0,0,0,0,0,0,0,0,128000,0,0,0,157000,29000,128000,128000
055748,GIS元富97購01   ,0,0,0,0,0,0,0,0,0,128000,0,0,0,128000,0,128000,128000
053142,緯穎永豐96購01  ,0,0,0,0,0,0,0,0,0,128000,0,0,0,138000,10000,128000,128000
058970,鴻海永豐99購02  ,0,0,0,0,0,0,0,0,0,128000,0,0,0,168000,40000,128000,128000
059942,全新永豐99購04  ,0,0,0,0,0,0,0,0,0,128000,0,0,0,148000,20000,128000,128000
056571,燿華元大98購02  ,0,0,0,0,0,0,0,0,0,128000,0,0,0,304000,176000,128000,128000
060398,立積國票9B購01  ,0,0,0,0,0,0,0,0,0,127000,0,0,0,232000,105000,127000,127000
060480,億豐元大9A購02  ,0,0,0,0,0,0,0,0,0,127000,0,0,0,137000,10000,127000,127000
059995,南亞科元富99購01,0,0,0,0,0,0,0,0,0,127000,0,0,0,172000,45000,127000,127000
057671,群創元大9B購06  ,0,0,0,0,0,0,0,0,0,127000,0,0,0,127000,0,127000,127000
07060P,台表科國票9A售01,0,0,0,0,0,0,0,0,0,127000,0,0,0,313000,186000,127000,127000
058352,鴻海凱基9A購05  ,0,0,0,0,0,0,0,0,0,126000,0,0,0,239000,113000,126000,126000
05991P,聯茂群益96售05  ,0,0,0,0,0,0,0,0,0,126000,0,0,0,126000,0,126000,126000
056842,全新元富98購01  ,0,0,0,0,0,0,0,0,0,126000,0,0,0,296000,170000,126000,126000
057056,立積元大99購02  ,0,0,0,0,0,0,0,0,0,126000,0,0,0,126000,0,126000,126000
2049,上銀            ,715534,564800,150734,0,0,0,0,0,0,-25000,58000,73000,-15000,6000,16000,-10000,125734
060233,宏碁元大9A購01  ,0,0,0,0,0,0,0,0,0,125000,0,0,0,168000,43000,125000,125000
061334,華通元大9A購09  ,0,0,0,0,0,0,0,0,0,125000,0,0,0,278000,153000,125000,125000
051903,T50反1元大97購02,0,0,0,0,0,0,0,0,0,125000,0,0,0,125000,0,125000,125000
057174,南亞科元大98購05,0,0,0,0,0,0,0,0,0,125000,0,0,0,125000,0,125000,125000
059687,卜蜂永豐99購01  ,0,0,0,0,0,0,0,0,0,125000,0,0,0,151000,26000,125000,125000
059815,SP黃豆凱基9A購03,0,0,0,0,0,0,0,0,0,125000,0,0,0,125000,0,125000,125000
057574,中磊永豐98購01  ,0,0,0,0,0,0,0,0,0,125000,0,0,0,125000,0,125000,125000
1308,亞聚            ,454000,329000,125000,0,0,0,0,0,0,0,0,0,0,0,0,0,125000
060921,中橡永豐9A購02  ,0,0,0,0,0,0,0,0,0,124000,0,0,0,124000,0,124000,124000
047420,全新富邦97購01  ,0,0,0,0,0,0,0,0,0,124000,0,0,0,140000,16000,124000,124000
055746,同欣電元富97購01,0,0,0,0,0,0,0,0,0,124000,0,0,0,314000,190000,124000,124000
054042,華泰元大96購01  ,0,0,0,0,0,0,0,0,0,124000,0,0,0,129000,5000,124000,124000
057964,緯穎元大99購03  ,0,0,0,0,0,0,0,0,0,124000,0,0,0,161000,37000,124000,124000
062029,牧德群益9B購03  ,0,0,0,0,0,0,0,0,0,123000,0,0,0,132000,9000,123000,123000
054716,緯穎康和97購01  ,0,0,0,0,0,0,0,0,0,123000,0,0,0,179000,56000,123000,123000
058761,欣興群益99購02  ,0,0,0,0,0,0,0,0,0,123000,0,0,0,135000,12000,123000,123000
1731,美吾華          ,181000,58000,123000,0,0,0,0,0,0,0,0,0,0,0,0,0,123000
061606,景碩凱基9A購02  ,0,0,0,0,0,0,0,0,0,122000,0,0,0,155000,33000,122000,122000
055584,國巨元大97購11  ,0,0,0,0,0,0,0,0,0,122000,0,0,0,128000,6000,122000,122000
055268,和大元大97購01  ,0,0,0,0,0,0,0,0,0,122000,0,0,0,122000,0,122000,122000
057268,臻鼎兆豐99購01  ,0,0,0,0,0,0,0,0,0,122000,0,0,0,122000,0,122000,122000
056318,鴻海群益98購02  ,0,0,0,0,0,0,0,0,0,122000,0,0,0,122000,0,122000,122000
059581,日月光元富99購02,0,0,0,0,0,0,0,0,0,122000,0,0,0,308000,186000,122000,122000
053350,台表科國票97購02,0,0,0,0,0,0,0,0,0,121000,0,0,0,171000,50000,121000,121000
055171,凱美統一97購01  ,0,0,0,0,0,0,0,0,0,121000,0,0,0,121000,0,121000,121000
057498,台郡元大98購04  ,0,0,0,0,0,0,0,0,0,121000,0,0,0,189000,68000,121000,121000
07868P,健策元大9B售05  ,0,0,0,0,0,0,0,0,0,121000,0,0,0,121000,0,121000,121000
062209,台積電台新9B購05,0,0,0,0,0,0,0,0,0,120000,0,0,0,120000,0,120000,120000
060728,上証2X群益9C購05,0,0,0,0,0,0,0,0,0,120000,0,0,0,120000,0,120000,120000
060349,上証2X元富9A購04,0,0,0,0,0,0,0,0,0,120000,0,0,0,120000,0,120000,120000
054994,建準元富97購01  ,0,0,0,0,0,0,0,0,0,120000,0,0,0,197000,77000,120000,120000
054999,玉晶光元富97購03,0,0,0,0,0,0,0,0,0,120000,0,0,0,120000,0,120000,120000
054862,群光群益97購01  ,0,0,0,0,0,0,0,0,0,120000,0,0,0,120000,0,120000,120000
053635,技嘉永豐96購01  ,0,0,0,0,0,0,0,0,0,120000,0,0,0,367000,247000,120000,120000
055802,新日興永豐97購01,0,0,0,0,0,0,0,0,0,120000,0,0,0,180000,60000,120000,120000
059185,臺股指台新99購12,0,0,0,0,0,0,0,0,0,120000,0,0,0,120000,0,120000,120000
057662,上銀元大9A購01  ,0,0,0,0,0,0,0,0,0,120000,0,0,0,120000,0,120000,120000
059534,國泰金凱基99購01,0,0,0,0,0,0,0,0,0,120000,0,0,0,248000,128000,120000,120000
057842,緯穎富邦99購02  ,0,0,0,0,0,0,0,0,0,120000,0,0,0,223000,103000,120000,120000
059115,美食永豐99購01  ,0,0,0,0,0,0,0,0,0,120000,0,0,0,120000,0,120000,120000
056139,貿聯元大97購04  ,0,0,0,0,0,0,0,0,0,120000,0,0,0,120000,0,120000,120000
056463,台虹凱基98購02  ,0,0,0,0,0,0,0,0,0,120000,0,0,0,120000,0,120000,120000
060540,南亞凱基9A購01  ,0,0,0,0,0,0,0,0,0,119000,0,0,0,120000,1000,119000,119000
05306P,泰碩國泰97售01  ,0,0,0,0,0,0,0,0,0,119000,0,0,0,129000,10000,119000,119000
056770,國產元大98購02  ,0,0,0,0,0,0,0,0,0,119000,0,0,0,141000,22000,119000,119000
061360,智邦兆豐9B購02  ,0,0,0,0,0,0,0,0,0,118000,0,0,0,189000,71000,118000,118000
058229,為升元大99購02  ,0,0,0,0,0,0,0,0,0,118000,0,0,0,118000,0,118000,118000
056634,為升兆豐99購01  ,0,0,0,0,0,0,0,0,0,118000,0,0,0,139000,21000,118000,118000
058748,景碩凱基9A購01  ,0,0,0,0,0,0,0,0,0,118000,0,0,0,168000,50000,118000,118000
057873,義隆元大98購03  ,0,0,0,0,0,0,0,0,0,118000,0,0,0,140000,22000,118000,118000
060405,中租國泰9C購01  ,0,0,0,0,0,0,0,0,0,117000,0,0,0,117000,0,117000,117000
060125,強茂永豐99購01  ,0,0,0,0,0,0,0,0,0,117000,0,0,0,117000,0,117000,117000
060983,南亞科元大9A購06,0,0,0,0,0,0,0,0,0,117000,0,0,0,167000,50000,117000,117000
053073,技嘉康和96購01  ,0,0,0,0,0,0,0,0,0,117000,0,0,0,171000,54000,117000,117000
055862,矽力元大97購04  ,0,0,0,0,0,0,0,0,0,117000,0,0,0,120000,3000,117000,117000
059834,友達國泰9B購01  ,0,0,0,0,0,0,0,0,0,117000,0,0,0,183000,66000,117000,117000
060995,泰鼎元大9A購03  ,0,0,0,0,0,0,0,0,0,116000,0,0,0,346000,230000,116000,116000
062014,牧德富邦9C購01  ,0,0,0,0,0,0,0,0,0,116000,0,0,0,116000,0,116000,116000
055458,燿華永豐98購01  ,0,0,0,0,0,0,0,0,0,116000,0,0,0,116000,0,116000,116000
057053,立積元大98購02  ,0,0,0,0,0,0,0,0,0,116000,0,0,0,202000,86000,116000,116000
056984,嘉晶群益98購01  ,0,0,0,0,0,0,0,0,0,116000,0,0,0,126000,10000,116000,116000
056890,國巨元大98購11  ,0,0,0,0,0,0,0,0,0,116000,0,0,0,211000,95000,116000,116000
06994P,台光電凱基99售02,0,0,0,0,0,0,0,0,0,116000,0,0,0,116000,0,116000,116000
052837,友達國泰97購01  ,0,0,0,0,0,0,0,0,0,115000,0,0,0,145000,30000,115000,115000
056113,新日興兆豐98購01,0,0,0,0,0,0,0,0,0,115000,0,0,0,115000,0,115000,115000
056144,GIS元大98購01   ,0,0,0,0,0,0,0,0,0,115000,0,0,0,133000,18000,115000,115000
057805,華通元大98購06  ,0,0,0,0,0,0,0,0,0,115000,0,0,0,186000,71000,115000,115000
056657,華邦電元大99購01,0,0,0,0,0,0,0,0,0,114000,0,0,0,182000,68000,114000,114000
056909,嘉聯益元大99購03,0,0,0,0,0,0,0,0,0,114000,0,0,0,116000,2000,114000,114000
056784,南亞科群益98購01,0,0,0,0,0,0,0,0,0,114000,0,0,0,167000,53000,114000,114000
057904,矽力永豐98購01  ,0,0,0,0,0,0,0,0,0,114000,0,0,0,235000,121000,114000,114000
061843,億豐凱基9C購01  ,0,0,0,0,0,0,0,0,0,113000,0,0,0,113000,0,113000,113000
062037,華新凱基9B購01  ,0,0,0,0,0,0,0,0,0,113000,0,0,0,113000,0,113000,113000
060891,世芯統一9A購01  ,0,0,0,0,0,0,0,0,0,113000,0,0,0,113000,0,113000,113000
060734,華通統一9C購01  ,0,0,0,0,0,0,0,0,0,113000,0,0,0,162000,49000,113000,113000
060835,亞德客國票9A購01,0,0,0,0,0,0,0,0,0,113000,0,0,0,121000,8000,113000,113000
060112,祥碩元大99購04  ,0,0,0,0,0,0,0,0,0,113000,0,0,0,433000,320000,113000,113000
00861,元大全球未來通訊,57000,0,57000,0,0,0,0,0,0,56000,0,0,0,1771000,1715000,56000,113000
058494,可成群益9B購01  ,0,0,0,0,0,0,0,0,0,113000,0,0,0,120000,7000,113000,113000
057089,奇力新元富98購01,0,0,0,0,0,0,0,0,0,113000,0,0,0,223000,110000,113000,113000
058454,嘉晶永豐99購01  ,0,0,0,0,0,0,0,0,0,113000,0,0,0,143000,30000,113000,113000
057953,聚陽元大98購01  ,0,0,0,0,0,0,0,0,0,113000,0,0,0,123000,10000,113000,113000
057172,南亞科元大98購03,0,0,0,0,0,0,0,0,0,113000,0,0,0,113000,0,113000,113000
057508,康控國票99購03  ,0,0,0,0,0,0,0,0,0,113000,0,0,0,113000,0,113000,113000
060984,南亞科元大9A購07,0,0,0,0,0,0,0,0,0,112000,0,0,0,122000,10000,112000,112000
061265,富邦金凱基9B購01,0,0,0,0,0,0,0,0,0,112000,0,0,0,124000,12000,112000,112000
062071,華通元大9B購02  ,0,0,0,0,0,0,0,0,0,112000,0,0,0,175000,63000,112000,112000
061557,台積電國票9C購02,0,0,0,0,0,0,0,0,0,112000,0,0,0,112000,0,112000,112000
058581,大立光群益99購05,0,0,0,0,0,0,0,0,0,112000,0,0,0,127000,15000,112000,112000
053671,可成統一96購03  ,0,0,0,0,0,0,0,0,0,112000,0,0,0,112000,0,112000,112000
055951,大成鋼元大97購02,0,16000,-16000,0,0,0,0,0,0,128000,0,0,0,128000,0,128000,112000
055804,祥碩永豐97購02  ,0,0,0,0,0,0,0,0,0,112000,0,0,0,343000,231000,112000,112000
058081,技嘉群益9A購03  ,0,0,0,0,0,0,0,0,0,112000,0,0,0,385000,273000,112000,112000
058972,新日興永豐9A購01,0,0,0,0,0,0,0,0,0,112000,0,0,0,144000,32000,112000,112000
057956,全新元大99購04  ,0,0,0,0,0,0,0,0,0,112000,0,0,0,115000,3000,112000,112000
058659,力成中信99購01  ,0,0,0,0,0,0,0,0,0,112000,0,0,0,113000,1000,112000,112000
8011,台通            ,271000,158000,113000,0,0,0,0,0,0,-1000,0,1000,-1000,0,0,0,112000
048745,儒鴻元富97購02  ,0,0,0,0,0,0,0,0,0,111000,0,0,0,111000,0,111000,111000
053875,GIS元大97購01   ,0,0,0,0,0,0,0,0,0,111000,0,0,0,140000,29000,111000,111000
058283,世紀鋼中信99購01,0,0,0,0,0,0,0,0,0,111000,0,0,0,116000,5000,111000,111000
061597,南六永豐9A購04  ,0,0,0,0,0,0,0,0,0,110000,0,0,0,119000,9000,110000,110000
061742,奇鋐凱基9B購01  ,0,0,0,0,0,0,0,0,0,110000,0,0,0,110000,0,110000,110000
061147,上証2X群益9C購06,0,0,0,0,0,0,0,0,0,110000,0,0,0,110000,0,110000,110000
06081P,深中小元大97售02,0,0,0,0,0,0,0,0,0,110000,0,0,0,120000,10000,110000,110000
04936P,大立光中信95售03,0,0,0,0,0,0,0,0,0,110000,0,0,0,110000,0,110000,110000
057903,聯鈞永豐99購01  ,0,0,0,0,0,0,0,0,0,110000,0,0,0,160000,50000,110000,110000
056920,友達兆豐98購02  ,0,0,0,0,0,0,0,0,0,110000,0,0,0,150000,40000,110000,110000
058739,喬山中信99購01  ,0,0,0,0,0,0,0,0,0,110000,0,0,0,126000,16000,110000,110000
057529,嘉晶元大99購02  ,0,0,0,0,0,0,0,0,0,110000,0,0,0,110000,0,110000,110000
057304,為升兆豐99購02  ,0,0,0,0,0,0,0,0,0,110000,0,0,0,110000,0,110000,110000
059179,祥碩元富99購01  ,0,0,0,0,0,0,0,0,0,110000,0,0,0,224000,114000,110000,110000
059937,旺宏永豐99購03  ,0,0,0,0,0,0,0,0,0,110000,0,0,0,110000,0,110000,110000
059964,元金2X凱基99購02,0,0,0,0,0,0,0,0,0,110000,0,0,0,120000,10000,110000,110000
059460,GIS永豐99購02   ,0,0,0,0,0,0,0,0,0,110000,0,0,0,135000,25000,110000,110000
07524P,臺股指中信9B售06,0,0,0,0,0,0,0,0,0,110000,0,0,0,110000,0,110000,110000
060816,世紀鋼凱基9C購02,0,0,0,0,0,0,0,0,0,109000,0,0,0,164000,55000,109000,109000
061336,國巨元大9A購20  ,0,0,0,0,0,0,0,0,0,109000,0,0,0,194000,85000,109000,109000
060129,祥碩永豐99購03  ,0,0,0,0,0,0,0,0,0,109000,0,0,0,117000,8000,109000,109000
060197,臻鼎元富9A購02  ,0,0,0,0,0,0,0,0,0,109000,0,0,0,434000,325000,109000,109000
061844,T50反1國票9C購02,0,0,0,0,0,0,0,0,0,109000,0,0,0,109000,0,109000,109000
052590,祥碩永豐96購01  ,0,0,0,0,0,0,0,0,0,109000,0,0,0,213000,104000,109000,109000
07729P,臺股指凱基9A售21,0,0,0,0,0,0,0,0,0,109000,0,0,0,110000,1000,109000,109000
07245P,台積電凱基99售16,0,0,0,0,0,0,0,0,0,109000,0,0,0,111000,2000,109000,109000
3017,奇鋐            ,2092000,1027000,1065000,0,0,0,0,674000,-674000,-282000,30000,187000,-157000,20000,145000,-125000,109000
00752,中信中國50      ,0,0,0,0,0,0,0,0,0,108670,0,0,0,517000,408330,108670,108670
06507P,台表科國票99售01,0,0,0,0,0,0,0,0,0,108000,0,0,0,160000,52000,108000,108000
060675,南亞科元大9A購02,0,0,0,0,0,0,0,0,0,108000,0,0,0,110000,2000,108000,108000
060764,華擎元大9A購03  ,0,0,0,0,0,0,0,0,0,108000,0,0,0,571000,463000,108000,108000
060996,臻鼎元大9A購01  ,0,0,0,0,0,0,0,0,0,108000,0,0,0,132000,24000,108000,108000
050392,群創統一96購01  ,0,0,0,0,0,0,0,0,0,108000,0,0,0,118000,10000,108000,108000
048870,義隆國票96購01  ,0,0,0,0,0,0,0,0,0,108000,0,0,0,108000,0,108000,108000
057502,訊芯群益98購02  ,0,0,0,0,0,0,0,0,0,108000,0,0,0,118000,10000,108000,108000
056422,全新統一98購02  ,0,0,0,0,0,0,0,0,0,108000,0,0,0,397000,289000,108000,108000
056851,瑞儀元富98購01  ,0,0,0,0,0,0,0,0,0,108000,0,0,0,108000,0,108000,108000
058148,百和元大99購01  ,0,0,0,0,0,0,0,0,0,108000,0,0,0,108000,0,108000,108000
056287,亞光永豐97購02  ,0,0,0,0,0,0,0,0,0,108000,0,0,0,108000,0,108000,108000
059370,玉晶光元富99購02,0,0,0,0,0,0,0,0,0,108000,0,0,0,285000,177000,108000,108000
060762,長榮航元大9A購02,0,0,0,0,0,0,0,0,0,107000,0,0,0,128000,21000,107000,107000
061192,奇鋐永豐9A購01  ,0,0,0,0,0,0,0,0,0,107000,0,0,0,107000,0,107000,107000
060380,T50反1凱基9A購08,0,0,0,0,0,0,0,0,0,107000,0,0,0,108000,1000,107000,107000
060293,緯創元大9A購01  ,0,0,0,0,0,0,0,0,0,107000,0,0,0,221000,114000,107000,107000
061571,奇力新元大9A購03,0,0,0,0,0,0,0,0,0,107000,0,0,0,112000,5000,107000,107000
058554,瀚宇博永豐99購01,0,0,0,0,0,0,0,0,0,107000,0,0,0,175000,68000,107000,107000
054897,信錦康和97購01  ,0,0,0,0,0,0,0,0,0,107000,0,0,0,107000,0,107000,107000
056065,奇鋐元大97購01  ,0,0,0,0,0,0,0,0,0,107000,0,0,0,185000,78000,107000,107000
057717,友訊元富98購02  ,0,0,0,0,0,0,0,0,0,107000,0,0,0,118000,11000,107000,107000
057276,全新元大99購03  ,0,0,0,0,0,0,0,0,0,107000,0,0,0,111000,4000,107000,107000
061774,T50反1國票9B購06,0,0,0,0,0,0,0,0,0,106000,0,0,0,346000,240000,106000,106000
061695,群創群益9A購01  ,0,0,0,0,0,0,0,0,0,106000,0,0,0,176000,70000,106000,106000
060189,宏達電元富9B購03,0,0,0,0,0,0,0,0,0,106000,0,0,0,205000,99000,106000,106000
060847,康控國票9A購01  ,0,0,0,0,0,0,0,0,0,106000,0,0,0,157000,51000,106000,106000
058180,華新科國泰9A購01,0,0,0,0,0,0,0,0,0,106000,0,0,0,219000,113000,106000,106000
050332,鴻海國泰96購05  ,0,0,0,0,0,0,0,0,0,106000,0,0,0,161000,55000,106000,106000
058705,長榮航元大99購01,0,0,0,0,0,0,0,0,0,106000,0,0,0,110000,4000,106000,106000
061234,國巨元大9A購18  ,0,0,0,0,0,0,0,0,0,105000,0,0,0,406000,301000,105000,105000
061352,茂林元大9A購04  ,0,0,0,0,0,0,0,0,0,105000,0,0,0,115000,10000,105000,105000
054627,義隆凱基98購01  ,0,0,0,0,0,0,0,0,0,105000,0,0,0,125000,20000,105000,105000
056959,鴻海永豐98購03  ,0,0,0,0,0,0,0,0,0,105000,0,0,0,105000,0,105000,105000
057993,中環中信98購01  ,0,0,0,0,0,0,0,0,0,105000,0,0,0,123000,18000,105000,105000
6251,定穎            ,1696000,1591000,105000,0,0,0,0,0,0,0,0,0,0,0,0,0,105000
061946,鴻海群益9B購03  ,0,0,0,0,0,0,0,0,0,104000,0,0,0,150000,46000,104000,104000
061948,美食群益9B購01  ,0,0,0,0,0,0,0,0,0,104000,0,0,0,175000,71000,104000,104000
057701,嘉聯益群益98購02,0,0,0,0,0,0,0,0,0,104000,0,0,0,253000,149000,104000,104000
059289,瑞昱元富99購01  ,0,0,0,0,0,0,0,0,0,104000,0,0,0,151000,47000,104000,104000
07580P,緯穎元大9A售03  ,0,0,0,0,0,0,0,0,0,104000,0,0,0,148000,44000,104000,104000
061681,南電元大9A購08  ,0,0,0,0,0,0,0,0,0,103000,0,0,0,238000,135000,103000,103000
061121,智邦永豐9A購02  ,0,0,0,0,0,0,0,0,0,103000,0,0,0,122000,19000,103000,103000
058517,景碩元大99購06  ,0,0,0,0,0,0,0,0,0,103000,0,0,0,105000,2000,103000,103000
058239,景碩元大99購03  ,0,0,0,0,0,0,0,0,0,103000,0,0,0,104000,1000,103000,103000
056937,智原元富98購01  ,0,0,0,0,0,0,0,0,0,103000,0,0,0,103000,0,103000,103000
061002,瑞昱兆豐9B購01  ,0,0,0,0,0,0,0,0,0,102000,0,0,0,134000,32000,102000,102000
060109,茂林元大99購05  ,0,0,0,0,0,0,0,0,0,102000,0,0,0,122000,20000,102000,102000
060553,祥碩凱基9A購01  ,0,0,0,0,0,0,0,0,0,102000,0,0,0,138000,36000,102000,102000
058561,T50反1凱基9A購05,0,0,0,0,0,0,0,0,0,102000,0,0,0,102000,0,102000,102000
053062,緯穎富邦97購01  ,0,0,0,0,0,0,0,0,0,102000,0,0,0,102000,0,102000,102000
059867,華邦電凱基99購02,0,0,0,0,0,0,0,0,0,102000,0,0,0,135000,33000,102000,102000
3060,銘異            ,247000,145000,102000,0,0,0,0,0,0,0,0,0,0,0,0,0,102000
060556,緯穎凱基9A購04  ,0,0,0,0,0,0,0,0,0,101000,0,0,0,301000,200000,101000,101000
061293,聯茂統一9A購01  ,0,0,0,0,0,0,0,0,0,101000,0,0,0,136000,35000,101000,101000
061892,亞德客永豐9B購01,0,0,0,0,0,0,0,0,0,101000,0,0,0,101000,0,101000,101000
04731P,臺股指中信96售03,0,0,0,0,0,0,0,0,0,101000,0,0,0,173000,72000,101000,101000
057828,緯穎元大99購02  ,0,0,0,0,0,0,0,0,0,101000,0,0,0,164000,63000,101000,101000
058965,祥碩兆豐99購02  ,0,0,0,0,0,0,0,0,0,101000,0,0,0,113000,12000,101000,101000
062068,滬深2X元大9B購02,0,0,0,0,0,0,0,0,0,100000,0,0,0,100000,0,100000,100000
060694,旺宏麥證9A購02  ,0,0,0,100000,0,100000,0,0,0,100000,0,0,0,100000,0,100000,100000
048346,智易元大95購01  ,0,0,0,0,0,0,0,0,0,100000,0,0,0,200000,100000,100000,100000
052798,滬深2X元大96購07,0,0,0,0,0,0,0,0,0,100000,0,0,0,200000,100000,100000,100000
052817,楠梓電永豐96購02,0,0,0,0,0,0,0,0,0,100000,0,0,0,100000,0,100000,100000
052925,日電貿永豐96購01,0,0,0,0,0,0,0,0,0,100000,0,0,0,100000,0,100000,100000
051509,鴻海中信97購01  ,0,0,0,0,0,0,0,0,0,100000,0,0,0,100000,0,100000,100000
051771,上銀中信95購01  ,0,0,0,0,0,0,0,0,0,100000,0,0,0,100000,0,100000,100000
055332,奇力新兆豐98購01,0,0,0,0,0,0,0,0,0,100000,0,0,0,100000,0,100000,100000
051696,新日興中信96購01,0,0,0,0,0,0,0,0,0,100000,0,0,0,150000,50000,100000,100000
051667,光磊元大96購02  ,0,0,0,0,0,0,0,0,0,100000,0,0,0,100000,0,100000,100000
058496,文曄群益99購01  ,0,0,0,0,0,0,0,0,0,100000,0,0,0,100000,0,100000,100000
05563P,台積電元大97售07,0,0,0,0,0,0,0,0,0,100000,0,0,0,100000,0,100000,100000
055665,亞德客群益97購01,0,0,0,0,0,0,0,0,0,100000,0,0,0,102000,2000,100000,100000
054950,奇力新元大98購02,0,0,0,0,0,0,0,0,0,100000,0,0,0,100000,0,100000,100000
055120,南港兆豐97購01  ,0,0,0,0,0,0,0,0,0,100000,0,0,0,100000,0,100000,100000
053806,鎧勝凱基96購02  ,0,0,0,0,0,0,0,0,0,100000,0,0,0,110000,10000,100000,100000
053689,台光電元大96購01,0,0,0,0,0,0,0,0,0,100000,0,0,0,100000,0,100000,100000
055528,華邦電群益97購01,0,0,0,0,0,0,0,0,0,100000,0,0,0,100000,0,100000,100000
058084,大立光群益98購04,0,0,0,0,0,0,0,0,0,100000,0,0,0,100000,0,100000,100000
058085,景碩群益9A購01  ,0,0,0,0,0,0,0,0,0,100000,0,0,0,116000,16000,100000,100000
05966P,矽力凱基96售03  ,0,0,0,0,0,0,0,0,0,100000,0,0,0,100000,0,100000,100000
056969,智易永豐98購01  ,0,0,0,0,0,0,0,0,0,100000,0,0,0,110000,10000,100000,100000
057090,奇力新元富98購02,0,0,0,0,0,0,0,0,0,100000,0,0,0,202000,102000,100000,100000
07635P,世芯永豐9A售05  ,0,0,0,0,0,0,0,0,0,100000,0,0,0,120000,20000,100000,100000
07390P,華新科康和99售02,0,0,0,0,0,0,0,0,0,100000,0,0,0,100000,0,100000,100000
060158,廣達永豐9A購01  ,0,0,0,0,0,0,0,0,0,99000,0,0,0,256000,157000,99000,99000
062069,喬山元大9B購01  ,0,0,0,0,0,0,0,0,0,99000,0,0,0,99000,0,99000,99000
058573,鴻海群益9A購02  ,0,0,0,0,0,0,0,0,0,99000,0,0,0,299000,200000,99000,99000
058356,華邦電凱基99購01,0,0,0,0,0,0,0,0,0,99000,0,0,0,145000,46000,99000,99000
052760,盟立群益96購01  ,0,0,0,0,0,0,0,0,0,99000,0,0,0,99000,0,99000,99000
03442B,臺股指元大9A熊48,0,0,0,0,0,0,0,0,0,99000,0,0,0,225000,126000,99000,99000
020000,富邦特選蘋果N   ,0,0,0,0,0,0,0,0,0,99000,0,0,0,119000,20000,99000,99000
056719,台虹永豐98購01  ,0,0,0,0,0,0,0,0,0,99000,0,0,0,100000,1000,99000,99000
057523,大成鋼元大99購01,0,0,0,0,0,0,0,0,0,99000,0,0,0,233000,134000,99000,99000
061945,華通群益9B購04  ,0,0,0,0,0,0,0,0,0,98000,0,0,0,124000,26000,98000,98000
061690,旺宏群益9A購05  ,0,0,0,0,0,0,0,0,0,98000,0,0,0,106000,8000,98000,98000
061788,信邦群益9B購01  ,0,0,0,0,0,0,0,0,0,98000,0,0,0,100000,2000,98000,98000
060238,強茂元大9C購01  ,0,0,0,0,0,0,0,0,0,98000,0,0,0,98000,0,98000,98000
054799,超眾群益98購01  ,0,0,0,0,0,0,0,0,0,98000,0,0,0,98000,0,98000,98000
053810,台達電群益96購01,0,0,0,0,0,0,0,0,0,98000,0,0,0,98000,0,98000,98000
053490,為升兆豐97購01  ,0,0,0,0,0,0,0,0,0,98000,0,0,0,103000,5000,98000,98000
053999,台表科群益96購06,0,0,0,0,0,0,0,0,0,98000,0,0,0,98000,0,98000,98000
058926,勤誠元富99購01  ,0,0,0,0,0,0,0,0,0,98000,0,0,0,108000,10000,98000,98000
058004,大立光群益98購03,0,0,0,0,0,0,0,0,0,98000,0,0,0,98000,0,98000,98000
057148,玉晶光國票99購04,0,0,0,0,0,0,0,0,0,98000,0,0,0,105000,7000,98000,98000
062023,寶成永豐9B購01  ,0,0,0,0,0,0,0,0,0,97000,0,0,0,100000,3000,97000,97000
061413,台勝科群益9A購01,0,0,0,0,0,0,0,0,0,97000,0,0,0,136000,39000,97000,97000
061473,台積電元大9A購33,0,0,0,0,0,0,0,0,0,97000,0,0,0,397000,300000,97000,97000
06246P,茂林元富97售03  ,0,0,0,0,0,0,0,0,0,97000,0,0,0,290000,193000,97000,97000
054069,亞光國泰98購01  ,0,0,0,0,0,0,0,0,0,97000,0,0,0,97000,0,97000,97000
058520,智易元大99購03  ,0,0,0,0,0,0,0,0,0,97000,0,0,0,299000,202000,97000,97000
055591,全新元大98購01  ,0,0,0,0,0,0,0,0,0,97000,0,0,0,118000,21000,97000,97000
056298,億光元大97購02  ,0,0,0,0,0,0,0,0,0,97000,0,0,0,97000,0,97000,97000
057733,嘉聯益國泰99購01,0,0,0,0,0,0,0,0,0,97000,0,0,0,97000,0,97000,97000
057368,微星元大98購02  ,0,0,0,0,0,0,0,0,0,97000,0,0,0,488000,391000,97000,97000
059934,華通永豐99購02  ,0,0,0,0,0,0,0,0,0,97000,0,0,0,109000,12000,97000,97000
062102,T50反1國票9B購07,0,0,0,0,0,0,0,0,0,96000,0,0,0,96000,0,96000,96000
061640,智原元大9A購01  ,0,0,0,0,0,0,0,0,0,96000,0,0,0,110000,14000,96000,96000
060579,上証2X群益9C購04,0,0,0,0,0,0,0,0,0,96000,0,0,0,96000,0,96000,96000
061328,T50反1元大9A購12,0,0,0,0,0,0,0,0,0,96000,0,0,0,96000,0,96000,96000
053958,京元電永豐96購01,0,0,0,0,0,0,0,0,0,96000,0,0,0,116000,20000,96000,96000
051630,力山國票96購01  ,0,0,0,0,0,0,0,0,0,96000,0,0,0,99000,3000,96000,96000
053253,友達國泰97購02  ,0,0,0,0,0,0,0,0,0,96000,0,0,0,171000,75000,96000,96000
058804,T50反1統一9B購01,0,0,0,0,0,0,0,0,0,96000,0,0,0,96000,0,96000,96000
061295,台積電國泰9B購02,20000,0,20000,0,0,0,0,0,0,75000,0,0,0,131000,56000,75000,95000
060948,可成第一9A購01  ,0,0,0,0,0,0,0,0,0,95000,0,0,0,106000,11000,95000,95000
060621,玉晶光元大9A購05,0,0,0,0,0,0,0,0,0,95000,0,0,0,141000,46000,95000,95000
061456,玉晶光凱基9B購05,0,0,0,0,0,0,0,0,0,95000,0,0,0,118000,23000,95000,95000
061856,台郡國票9B購02  ,0,0,0,0,0,0,0,0,0,95000,0,0,0,654000,559000,95000,95000
052234,GIS凱基97購01   ,0,0,0,0,0,0,0,0,0,95000,0,0,0,95000,0,95000,95000
054077,中石化中信98購01,0,0,0,0,0,0,0,0,0,95000,0,0,0,95000,0,95000,95000
057830,T50反1台新02購02,0,0,0,0,0,0,0,0,0,95000,0,0,0,96000,1000,95000,95000
07354P,臺股指國票99售22,0,0,0,0,0,0,0,0,0,95000,0,0,0,95000,0,95000,95000
06955P,臻鼎元富99售01  ,0,0,0,0,0,0,0,0,0,95000,0,0,0,95000,0,95000,95000
061928,群創凱基9B購06  ,0,0,0,0,0,0,0,0,0,94000,0,0,0,94000,0,94000,94000
06901P,亞德客凱基98售02,0,0,0,0,0,0,0,0,0,94000,0,0,0,200000,106000,94000,94000
060665,康控凱基9A購01  ,0,0,0,0,0,0,0,0,0,94000,0,0,0,98000,4000,94000,94000
060193,群創元富9A購01  ,0,0,0,0,0,0,0,0,0,94000,0,0,0,609000,515000,94000,94000
060731,奇力新群益9A購01,0,0,0,0,0,0,0,0,0,94000,0,0,0,128000,34000,94000,94000
053431,志超永豐96購01  ,0,0,0,0,0,0,0,0,0,94000,0,0,0,94000,0,94000,94000
051924,聯茂日盛95購01  ,0,0,0,0,0,0,0,0,0,94000,0,0,0,94000,0,94000,94000
052068,瑞儀兆豐96購01  ,0,0,0,0,0,0,0,0,0,94000,0,0,0,94000,0,94000,94000
056524,欣興中信98購02  ,0,0,0,0,0,0,0,0,0,94000,0,0,0,94000,0,94000,94000
059298,大立光元富9C購02,0,0,0,0,0,0,0,0,0,94000,0,0,0,176000,82000,94000,94000
057340,玉晶光元富98購04,0,0,0,0,0,0,0,0,0,94000,0,0,0,290000,196000,94000,94000
060745,京元電國票9A購01,0,0,0,0,0,0,0,0,0,93000,0,0,0,93000,0,93000,93000
060964,日月光凱基9A購01,0,0,0,0,0,0,0,0,0,93000,0,0,0,108000,15000,93000,93000
061246,玉晶光群益9A購08,0,0,0,0,0,0,0,0,0,93000,0,0,0,205000,112000,93000,93000
061267,玉山金凱基9B購01,0,0,0,0,0,0,0,0,0,93000,0,0,0,93000,0,93000,93000
061170,南茂兆豐9B購01  ,0,0,0,0,0,0,0,0,0,93000,0,0,0,103000,10000,93000,93000
061716,瑞儀凱基9B購01  ,0,0,0,0,0,0,0,0,0,93000,0,0,0,123000,30000,93000,93000
051902,T50反1元大97購01,0,0,0,0,0,0,0,0,0,93000,0,0,0,93000,0,93000,93000
053537,玉晶光永豐98購02,0,0,0,0,0,0,0,0,0,93000,0,0,0,223000,130000,93000,93000
057639,國巨元大99購07  ,0,0,0,0,0,0,0,0,0,93000,0,0,0,178000,85000,93000,93000
056599,臻鼎元富98購01  ,0,0,0,0,0,0,0,0,0,93000,0,0,0,225000,132000,93000,93000
058144,聯茂元大99購02  ,0,0,0,0,0,0,0,0,0,93000,0,0,0,171000,78000,93000,93000
059454,亞光永豐99購01  ,0,0,0,0,0,0,0,0,0,93000,0,0,0,169000,76000,93000,93000
060085,華通元大99購10  ,0,0,0,0,0,0,0,0,0,92000,0,0,0,117000,25000,92000,92000
053895,智易群益96購02  ,0,0,0,0,0,0,0,0,0,92000,0,0,0,118000,26000,92000,92000
048179,臻鼎富邦97購01  ,0,0,0,0,0,0,0,0,0,92000,0,0,0,102000,10000,92000,92000
056057,華邦電元大97購05,0,0,0,0,0,0,0,0,0,92000,0,0,0,160000,68000,92000,92000
058686,祥碩凱基99購03  ,0,0,0,0,0,0,0,0,0,92000,0,0,0,692000,600000,92000,92000
060908,金像電元大9A購03,0,0,0,0,0,0,0,0,0,91000,0,0,0,337000,246000,91000,91000
061854,祥碩國票9B購02  ,0,0,0,0,0,0,0,0,0,91000,0,0,0,102000,11000,91000,91000
062022,緯穎永豐9B購01  ,1000,0,1000,0,0,0,0,0,0,90000,0,0,0,92000,2000,90000,91000
052691,GIS元大96購01   ,0,0,0,0,0,0,0,0,0,91000,0,0,0,162000,71000,91000,91000
059009,世紀鋼元大99購04,0,0,0,0,0,0,0,0,0,91000,0,0,0,266000,175000,91000,91000
056567,瀚宇博群益98購02,0,0,0,0,0,0,0,0,0,91000,0,0,0,116000,25000,91000,91000
07122P,欣興凱基99售05  ,0,0,0,0,0,0,0,0,0,91000,0,0,0,111000,20000,91000,91000
6282,康舒            ,236000,161000,75000,0,0,0,0,0,0,16000,0,1000,-1000,24000,7000,17000,91000
061614,亞德客群益9A購01,0,0,0,0,0,0,0,0,0,90000,0,0,0,95000,5000,90000,90000
06864P,健策凱基98售01  ,0,0,0,0,0,0,0,0,0,90000,0,0,0,127000,37000,90000,90000
06214P,國巨國票98售04  ,0,0,0,0,0,0,0,0,0,90000,0,0,0,90000,0,90000,90000
062261,嘉晶元大9B購02  ,0,0,0,0,0,0,0,0,0,90000,0,0,0,115000,25000,90000,90000
060776,世芯凱基9B購01  ,0,0,0,0,0,0,0,0,0,90000,0,0,0,134000,44000,90000,90000
061071,復盛凱基9A購01  ,0,0,0,0,0,0,0,0,0,90000,0,0,0,172000,82000,90000,90000
061037,嘉澤永豐9A購01  ,0,0,0,0,0,0,0,0,0,90000,0,0,0,101000,11000,90000,90000
061302,晶技永豐9A購04  ,0,0,0,0,0,0,0,0,0,90000,0,0,0,90000,0,90000,90000
061346,玉晶光元大9B購03,0,0,0,0,0,0,0,0,0,90000,0,0,0,100000,10000,90000,90000
060671,亞德客元大9A購03,0,0,0,0,0,0,0,0,0,90000,0,0,0,103000,13000,90000,90000
048859,玉晶光群益96購02,0,0,0,0,0,0,0,0,0,90000,0,0,0,90000,0,90000,90000
045600,道瓊指國票95購01,0,0,0,0,0,0,0,0,0,90000,0,0,0,90000,0,90000,90000
04479P,同欣電中信96售02,0,0,0,0,0,0,0,0,0,90000,0,0,0,90000,0,90000,90000
050282,T50反1凱基97購01,0,0,0,0,0,0,0,0,0,90000,0,0,0,90000,0,90000,90000
04960P,大立光凱基96售04,0,0,0,0,0,0,0,0,0,90000,0,0,0,90000,0,90000,90000
056197,友訊永豐97購01  ,0,0,0,0,0,0,0,0,0,90000,0,0,0,90000,0,90000,90000
055648,可成元富97購01  ,0,0,0,0,0,0,0,0,0,90000,0,0,0,90000,0,90000,90000
058560,T50反1凱基9A購04,0,0,0,0,0,0,0,0,0,90000,0,0,0,90000,0,90000,90000
058598,T50反1元大99購04,0,0,0,0,0,0,0,0,0,90000,0,0,0,90000,0,90000,90000
058249,緯穎元大99購04  ,0,0,0,0,0,0,0,0,0,90000,0,0,0,90000,0,90000,90000
059634,可成凱基99購07  ,0,0,0,0,0,0,0,0,0,90000,0,0,0,90000,0,90000,90000
059560,T50反1凱基99購08,0,0,0,0,0,0,0,0,0,90000,0,0,0,90000,0,90000,90000
059945,嘉澤永豐99購03  ,0,0,0,0,0,0,0,0,0,90000,0,0,0,176000,86000,90000,90000
059847,喬山永豐99購01  ,0,0,0,0,0,0,0,0,0,90000,0,0,0,93000,3000,90000,90000
059154,可成日盛99購02  ,0,0,0,0,0,0,0,0,0,90000,0,0,0,100000,10000,90000,90000
057474,T50反1元大98購09,0,0,0,0,0,0,0,0,0,90000,0,0,0,90000,0,90000,90000
056234,GIS麥證97購01   ,0,0,0,90000,0,90000,0,0,0,90000,0,0,0,90000,0,90000,90000
056072,群創元大97購01  ,0,0,0,0,0,0,0,0,0,90000,0,0,0,90000,0,90000,90000
056882,華邦電康和98購01,0,0,0,0,0,0,0,0,0,90000,0,0,0,90000,0,90000,90000
07059P,華通國票9A售02  ,0,0,0,0,0,0,0,0,0,90000,0,0,0,155000,65000,90000,90000
060430,和潤永豐9A購01  ,0,0,0,0,0,0,0,0,0,89000,0,0,0,117000,28000,89000,89000
060043,全新群益9B購02  ,0,0,0,0,0,0,0,0,0,89000,0,0,0,93000,4000,89000,89000
060240,富邦金元大9A購01,0,0,0,0,0,0,0,0,0,89000,0,0,0,186000,97000,89000,89000
060859,鴻海永豐9A購01  ,0,0,0,0,0,0,0,0,0,89000,0,0,0,89000,0,89000,89000
055393,華新科統一97購03,0,0,0,0,0,0,0,0,0,89000,0,0,0,89000,0,89000,89000
00762,元大全球AI      ,0,0,0,0,0,0,0,0,0,89000,0,0,0,182000,93000,89000,89000
047421,聯茂富邦97購01  ,0,0,0,0,0,0,0,0,0,89000,0,0,0,105000,16000,89000,89000
048350,世紀鋼元大95購01,0,0,0,0,0,0,0,0,0,89000,0,0,0,89000,0,89000,89000
053303,建準凱基96購03  ,0,0,0,0,0,0,0,0,0,89000,0,0,0,109000,20000,89000,89000
056756,T50反1元大98購06,0,0,0,0,0,0,0,0,0,89000,0,0,0,89000,0,89000,89000
058912,祥碩元大99購01  ,0,0,0,0,0,0,0,0,0,89000,0,0,0,248000,159000,89000,89000
056566,臻鼎群益98購01  ,0,0,0,0,0,0,0,0,0,89000,0,0,0,104000,15000,89000,89000
060759,南亞科元大9A購03,0,0,0,0,0,0,0,0,0,88000,0,0,0,100000,12000,88000,88000
060674,瑞昱元大9A購03  ,0,0,0,0,0,0,0,0,0,88000,0,0,0,98000,10000,88000,88000
060550,可成凱基9A購02  ,0,0,0,0,0,0,0,0,0,88000,0,0,0,88000,0,88000,88000
061873,友達元大9C購07  ,0,0,0,0,0,0,0,0,0,88000,0,0,0,116000,28000,88000,88000
051259,鴻海永昌96購03  ,0,0,0,0,0,0,0,0,0,88000,0,0,0,88000,0,88000,88000
055627,亞德客永豐97購02,0,0,0,0,0,0,0,0,0,88000,0,0,0,88000,0,88000,88000
055170,光磊統一97購01  ,0,0,0,0,0,0,0,0,0,88000,0,0,0,88000,0,88000,88000
056563,華新科群益98購04,0,0,0,0,0,0,0,0,0,88000,0,0,0,98000,10000,88000,88000
056540,聯詠凱基98購02  ,0,0,0,0,0,0,0,0,0,88000,0,0,0,88000,0,88000,88000
058691,友訊國票9A購01  ,0,0,0,0,0,0,0,0,0,88000,0,0,0,100000,12000,88000,88000
058711,鴻海統一9A購02  ,0,0,0,0,0,0,0,0,0,88000,0,0,0,105000,17000,88000,88000
056114,台達電群益97購02,0,0,0,0,0,0,0,0,0,88000,0,0,0,98000,10000,88000,88000
057934,華新科群益98購07,0,0,0,0,0,0,0,0,0,88000,0,0,0,98000,10000,88000,88000
07315P,台積電台新99售06,0,0,0,0,0,0,0,0,0,88000,0,0,0,88000,0,88000,88000
062018,台勝科永豐9B購01,0,0,0,0,0,0,0,0,0,87000,0,0,0,87000,0,87000,87000
060620,玉晶光元大9A購04,0,0,0,0,0,0,0,0,0,87000,0,0,0,112000,25000,87000,87000
060045,嘉晶群益99購02  ,0,0,0,0,0,0,0,0,0,87000,0,0,0,169000,82000,87000,87000
061029,力山永豐9A購01  ,0,0,0,0,0,0,0,0,0,87000,0,0,0,92000,5000,87000,87000
058531,華通元富99購01  ,0,0,0,0,0,0,0,0,0,87000,0,0,0,136000,49000,87000,87000
053762,T50反1富邦97購01,0,0,0,0,0,0,0,0,0,87000,0,0,0,87000,0,87000,87000
056274,彩晶統一98購02  ,0,0,0,0,0,0,0,0,0,87000,0,0,0,87000,0,87000,87000
056163,嘉聯益凱基98購03,0,0,0,0,0,0,0,0,0,87000,0,0,0,136000,49000,87000,87000
056522,T50反1中信9B購01,0,0,0,0,0,0,0,0,0,87000,0,0,0,87000,0,87000,87000
058923,華新科元富99購06,0,0,0,0,0,0,0,0,0,87000,0,0,0,87000,0,87000,87000
1589,永冠-KY         ,125000,64000,61000,0,0,0,0,0,0,26000,45000,19000,26000,0,0,0,87000
6166,凌華            ,131000,44000,87000,0,0,0,0,0,0,0,0,0,0,0,0,0,87000
061820,康控群益9B購02  ,0,0,0,0,0,0,0,0,0,86000,0,0,0,175000,89000,86000,86000
061506,瑞祺國票9A購02  ,0,0,0,0,0,0,0,0,0,86000,0,0,0,123000,37000,86000,86000
055510,GIS元大97購03   ,0,0,0,0,0,0,0,0,0,86000,0,0,0,88000,2000,86000,86000
054863,億光群益97購01  ,0,0,0,0,0,0,0,0,0,86000,0,0,0,87000,1000,86000,86000
055936,彩晶群益98購02  ,0,0,0,0,0,0,0,0,0,86000,0,0,0,86000,0,86000,86000
058878,旭富國泰9B購01  ,0,0,0,0,0,0,0,0,0,86000,0,0,0,149000,63000,86000,86000
058090,聯發科元大98購16,0,0,0,0,0,0,0,0,0,86000,0,0,0,86000,0,86000,86000
057203,麗豐元富98購02  ,0,0,0,0,0,0,0,0,0,86000,0,0,0,231000,145000,86000,86000
1519,華城            ,180000,97000,83000,0,0,0,0,0,0,3000,3000,0,3000,0,0,0,86000
07053P,台灣50兆豐01售01,0,0,0,0,0,0,0,0,0,86000,0,0,0,86000,0,86000,86000
07709P,創意元大9A售01  ,0,0,0,0,0,0,0,0,0,86000,0,0,0,104000,18000,86000,86000
061669,崇越中信9A購01  ,0,0,0,0,0,0,0,0,0,85000,0,0,0,85000,0,85000,85000
061758,T50反1元大9B購02,0,0,0,0,0,0,0,0,0,85000,0,0,0,85000,0,85000,85000
062169,禾伸堂永豐9B購01,0,0,0,0,0,0,0,0,0,85000,0,0,0,85000,0,85000,85000
06885P,國巨國票99售06  ,0,0,0,0,0,0,0,0,0,85000,0,0,0,95000,10000,85000,85000
060772,FBVIX凱基9A購03 ,0,0,0,0,0,0,0,0,0,85000,0,0,0,106000,21000,85000,85000
06072P,牧德永豐97售01  ,0,0,0,0,0,0,0,0,0,85000,0,0,0,135000,50000,85000,85000
061287,大立光統一9B購06,0,0,0,0,0,0,0,0,0,85000,0,0,0,85000,0,85000,85000
061178,晶技凱基9B購01  ,0,0,0,0,0,0,0,0,0,85000,0,0,0,85000,0,85000,85000
061139,玉晶光統一9C購02,0,0,0,0,0,0,0,0,0,85000,0,0,0,107000,22000,85000,85000
060037,鴻海國票99購10  ,0,0,0,0,0,0,0,0,0,85000,0,0,0,212000,127000,85000,85000
060212,華航康和9A購01  ,0,0,0,0,0,0,0,0,0,85000,0,0,0,100000,15000,85000,85000
05521P,創意永豐96售01  ,0,0,0,0,0,0,0,0,0,85000,0,0,0,90000,5000,85000,85000
058240,景碩元大99購04  ,0,0,0,0,0,0,0,0,0,85000,0,0,0,85000,0,85000,85000
057837,康控國泰99購02  ,0,0,0,0,0,0,0,0,0,85000,0,0,0,85000,0,85000,85000
057957,嘉晶元大98購01  ,0,0,0,0,0,0,0,0,0,85000,0,0,0,94000,9000,85000,85000
059043,聯電日盛99購01  ,0,0,0,0,0,0,0,0,0,85000,0,0,0,85000,0,85000,85000
059282,嘉聯益永豐99購01,0,0,0,0,0,0,0,0,0,85000,0,0,0,87000,2000,85000,85000
07248P,可成凱基99售06  ,0,0,0,0,0,0,0,0,0,85000,0,0,0,85000,0,85000,85000
060103,聯詠元大99購01  ,0,0,0,0,0,0,0,0,0,84000,0,0,0,100000,16000,84000,84000
060401,世紀鋼國票9B購01,0,0,0,0,0,0,0,0,0,84000,0,0,0,399000,315000,84000,84000
060523,鴻海中信9C購03  ,0,0,0,0,0,0,0,0,0,84000,0,0,0,85000,1000,84000,84000
062066,元黃金元大9B購01,0,0,0,0,0,0,0,0,0,84000,0,0,0,85000,1000,84000,84000
061799,奇鋐永豐9B購01  ,0,0,0,0,0,0,0,0,0,84000,0,0,0,84000,0,84000,84000
054935,華通元大98購03  ,0,0,0,0,0,0,0,0,0,84000,0,0,0,84000,0,84000,84000
054121,奇鋐永豐96購02  ,0,0,0,0,0,0,0,0,0,84000,0,0,0,94000,10000,84000,84000
057329,緯穎群益98購02  ,0,0,0,0,0,0,0,0,0,84000,0,0,0,103000,19000,84000,84000
058984,全新凱基9A購03  ,0,0,0,0,0,0,0,0,0,84000,0,0,0,87000,3000,84000,84000
057075,嘉聯益永豐98購01,0,0,0,0,0,0,0,0,0,84000,0,0,0,84000,0,84000,84000
058788,喬山元大99購01  ,0,0,0,0,0,0,0,0,0,84000,0,0,0,101000,17000,84000,84000
4935,茂林-KY         ,297000,279000,18000,0,0,0,132000,89000,43000,23000,35000,13000,22000,41000,40000,1000,84000
060682,牧德元大9A購03  ,0,0,0,0,0,0,0,0,0,83000,0,0,0,118000,35000,83000,83000
060803,台灣50群益9A購13,0,0,0,0,0,0,0,0,0,83000,0,0,0,86000,3000,83000,83000
053662,矽力凱基97購01  ,0,0,0,0,0,0,0,0,0,83000,0,0,0,87000,4000,83000,83000
056898,全新元大98購02  ,0,0,0,0,0,0,0,0,0,83000,0,0,0,129000,46000,83000,83000
059535,玉山金凱基99購01,0,0,0,0,0,0,0,0,0,83000,0,0,0,88000,5000,83000,83000
9136,巨騰-DR         ,84000,1000,83000,0,0,0,0,0,0,0,0,0,0,0,0,0,83000
060124,奇力新永豐99購03,0,0,0,0,0,0,0,0,0,82000,0,0,0,141000,59000,82000,82000
061616,鴻海群益9A購07  ,0,0,0,0,0,0,0,0,0,82000,0,0,0,273000,191000,82000,82000
054384,瀚宇博群益96購02,0,0,0,0,0,0,0,0,0,82000,0,0,0,92000,10000,82000,82000
048651,美利達元大96購05,0,0,0,0,0,0,0,0,0,82000,0,0,0,150000,68000,82000,82000
057366,智邦元大98購08  ,0,0,0,0,0,0,0,0,0,82000,0,0,0,174000,92000,82000,82000
059768,上証2X群益9C購02,0,0,0,0,0,0,0,0,0,82000,0,0,0,82000,0,82000,82000
057808,旺宏元大99購05  ,0,0,0,0,0,0,0,0,0,82000,0,0,0,83000,1000,82000,82000
07434P,臺股指國票9A售06,0,0,0,0,0,0,0,0,0,82000,0,0,0,99000,17000,82000,82000
061668,信邦中信9B購01  ,0,0,0,0,0,0,0,0,0,81000,0,0,0,181000,100000,81000,81000
061478,奇鋐元大9A購01  ,0,0,0,0,0,0,0,0,0,81000,0,0,0,163000,82000,81000,81000
06670P,鴻海群益98售06  ,0,0,0,0,0,0,0,0,0,81000,0,0,0,100000,19000,81000,81000
061108,臻鼎元大9A購02  ,0,0,0,0,0,0,0,0,0,81000,0,0,0,101000,20000,81000,81000
055810,T50反1國票99購01,0,0,0,0,0,0,0,0,0,81000,0,0,0,81000,0,81000,81000
054104,T50反1凱基9A購02,0,0,0,0,0,0,0,0,0,81000,0,0,0,81000,0,81000,81000
057803,上銀元大98購08  ,0,0,0,0,0,0,0,0,0,81000,0,0,0,98000,17000,81000,81000
057348,台積電統一98購09,0,0,0,0,0,0,0,0,0,81000,0,0,0,81000,0,81000,81000
058852,貿聯群益99購04  ,0,0,0,0,0,0,0,0,0,81000,0,0,0,100000,19000,81000,81000
059533,富邦金凱基99購01,0,0,0,0,0,0,0,0,0,81000,0,0,0,191000,110000,81000,81000
056979,微星群益98購01  ,0,2000,-2000,0,0,0,0,0,0,83000,0,0,0,123000,40000,83000,81000
057141,嘉聯益兆豐99購01,0,0,0,0,0,0,0,0,0,81000,0,0,0,282000,201000,81000,81000
5519,隆大            ,129000,48000,81000,0,0,0,0,0,0,0,0,0,0,0,0,0,81000
061169,GIS兆豐9A購01   ,0,0,0,0,0,0,0,0,0,80000,0,0,0,224000,144000,80000,80000
061290,玉晶光統一01購04,0,0,0,0,0,0,0,0,0,80000,0,0,0,102000,22000,80000,80000
060509,宏達電元大9A購02,0,0,0,0,0,0,0,0,0,80000,0,0,0,148000,68000,80000,80000
062106,華邦電國票9B購02,0,0,0,0,0,0,0,0,0,80000,0,0,0,80000,0,80000,80000
061391,晶技群益9A購02  ,0,0,0,0,0,0,0,0,0,80000,0,0,0,104000,24000,80000,80000
062015,喬山永豐9B購01  ,0,0,0,0,0,0,0,0,0,80000,0,0,0,80000,0,80000,80000
055225,華邦電國票99購01,0,0,0,0,0,0,0,0,0,80000,0,0,0,80000,0,80000,80000
055205,京鼎中信99購01  ,0,0,0,0,0,0,0,0,0,80000,0,0,0,80000,0,80000,80000
055059,健和興永豐97購01,0,0,0,0,0,0,0,0,0,80000,0,0,0,80000,0,80000,80000
055805,矽力永豐97購01  ,0,0,0,0,0,0,0,0,0,80000,0,0,0,140000,60000,80000,80000
055306,燿華群益97購01  ,0,0,0,0,0,0,0,0,0,80000,0,0,0,80000,0,80000,80000
051485,玉晶光凱基97購02,0,0,0,0,0,0,0,0,0,80000,0,0,0,80000,0,80000,80000
053159,同欣電元大96購02,0,0,0,0,0,0,0,0,0,80000,0,0,0,148000,68000,80000,80000
048189,臺指反元大96購06,0,0,0,0,0,0,0,0,0,80000,0,0,0,80000,0,80000,80000
05912P,和大元大96售01  ,0,0,0,0,0,0,0,0,0,80000,0,0,0,80000,0,80000,80000
058150,中502X統一9B購01,0,0,0,0,0,0,0,0,0,80000,0,0,0,80000,0,80000,80000
056185,全新統一98購01  ,0,0,0,0,0,0,0,0,0,80000,0,0,0,80000,0,80000,80000
056112,勤誠永豐97購02  ,0,0,0,0,0,0,0,0,0,80000,0,0,0,80000,0,80000,80000
056533,友達凱基9A購02  ,0,0,0,0,0,0,0,0,0,80000,0,0,0,80000,0,80000,80000
05923P,旺宏元富96售05  ,0,0,0,0,0,0,0,0,0,80000,0,0,0,100000,20000,80000,80000
07406P,大立光凱基99售18,0,0,0,0,0,0,0,0,0,80000,0,0,0,80000,0,80000,80000
06721P,臺股指中信9A售03,0,0,0,0,0,0,0,0,0,79000,0,0,0,79000,0,79000,79000
06744P,嘉聯益永豐98售03,0,0,0,0,0,0,0,0,0,79000,0,0,0,85000,6000,79000,79000
06783P,亞光元大98售03  ,0,0,0,0,0,0,0,0,0,79000,0,0,0,211000,132000,79000,79000
060412,儒鴻永豐9A購01  ,0,0,0,0,0,0,0,0,0,79000,0,0,0,450000,371000,79000,79000
048785,台積電元大96購01,0,0,0,0,0,0,0,0,0,79000,0,0,0,80000,1000,79000,79000
055704,亞德客永豐97購04,0,0,0,0,0,0,0,0,0,79000,0,0,0,79000,0,79000,79000
054751,GIS凱基98購01   ,0,0,0,0,0,0,0,0,0,79000,0,0,0,79000,0,79000,79000
057207,立積元富98購02  ,0,0,0,0,0,0,0,0,0,79000,0,0,0,161000,82000,79000,79000
056755,聯茂兆豐98購01  ,0,0,0,0,0,0,0,0,0,79000,0,0,0,99000,20000,79000,79000
3380,明泰            ,674000,768000,-94000,0,0,0,0,0,0,173000,255000,55000,200000,0,27000,-27000,79000
061296,台積電國泰9C購01,0,0,0,0,0,0,0,0,0,78000,0,0,0,82000,4000,78000,78000
061136,可成統一9A購01  ,0,0,0,0,0,0,0,0,0,78000,0,0,0,79000,1000,78000,78000
061043,百和永豐9A購01  ,0,0,0,0,0,0,0,0,0,78000,0,0,0,80000,2000,78000,78000
054036,T50反1元大96購08,0,0,0,0,0,0,0,0,0,78000,0,0,0,78000,0,78000,78000
053571,奇鋐統一96購02  ,0,0,0,0,0,0,0,0,0,78000,0,0,0,78000,0,78000,78000
055610,光磊國票98購01  ,0,0,0,0,0,0,0,0,0,78000,0,0,0,78000,0,78000,78000
055982,T50反1元富97購01,0,0,0,0,0,0,0,0,0,78000,0,0,0,78000,0,78000,78000
057199,台達電元富02購01,0,0,0,0,0,0,0,0,0,78000,0,0,0,230000,152000,78000,78000
056403,茂林群益98購01  ,0,0,0,0,0,0,0,0,0,78000,0,0,0,196000,118000,78000,78000
056324,南亞科兆豐98購01,0,0,0,0,0,0,0,0,0,78000,0,0,0,88000,10000,78000,78000
059755,宏達電國泰9A購01,0,0,0,0,0,0,0,0,0,78000,0,0,0,103000,25000,78000,78000
6452,康友-KY         ,185000,93000,92000,0,0,0,0,0,0,-14000,0,0,0,6000,20000,-14000,78000
07262P,台灣50元大9B售05,0,0,0,0,0,0,0,0,0,78000,0,0,0,78000,0,78000,78000
061189,可成富邦9B購02  ,0,0,0,0,0,0,0,0,0,77000,0,0,0,276000,199000,77000,77000
060857,旭富富邦9B購01  ,0,0,0,0,0,0,0,0,0,77000,0,0,0,207000,130000,77000,77000
061003,南亞科兆豐9A購01,0,0,0,0,0,0,0,0,0,77000,0,0,0,88000,11000,77000,77000
061882,矽創元大9B購01  ,0,0,0,0,0,0,0,0,0,77000,0,0,0,95000,18000,77000,77000
061628,緯穎群益9A購04  ,0,0,0,0,0,0,0,0,0,77000,0,0,0,82000,5000,77000,77000
054840,T50反1兆豐98購01,0,0,0,0,0,0,0,0,0,77000,0,0,0,87000,10000,77000,77000
07850P,健策群益9A售06  ,0,0,0,0,0,0,0,0,0,77000,0,0,0,77000,0,77000,77000
06836P,玉晶光國票99售06,0,0,0,0,0,0,0,0,0,76000,0,0,0,293000,217000,76000,76000
054941,凱美元大97購01  ,0,0,0,0,0,0,0,0,0,76000,0,0,0,176000,100000,76000,76000
053695,智易元大97購02  ,0,0,0,0,0,0,0,0,0,76000,0,0,0,86000,10000,76000,76000
054788,華新科群益98購02,0,0,0,0,0,0,0,0,0,76000,0,0,0,76000,0,76000,76000
055849,聯詠元大97購05  ,0,0,0,0,0,0,0,0,0,76000,0,0,0,96000,20000,76000,76000
054240,訊芯群益96購03  ,0,0,0,0,0,0,0,0,0,76000,0,0,0,76000,0,76000,76000
053257,華通富邦97購01  ,0,0,0,0,0,0,0,0,0,76000,0,0,0,76000,0,76000,76000
053244,光磊國票97購01  ,0,0,0,0,0,0,0,0,0,76000,0,0,0,76000,0,76000,76000
052004,泰碩國泰97購03  ,0,0,0,0,0,0,0,0,0,76000,0,0,0,141000,65000,76000,76000
059650,緯穎凱基99購04  ,0,0,0,0,0,0,0,0,0,76000,0,0,0,76000,0,76000,76000
058791,鴻海元大99購17  ,0,0,0,0,0,0,0,0,0,76000,0,0,0,77000,1000,76000,76000
056994,緯穎兆豐98購02  ,0,0,0,0,0,0,0,0,0,76000,0,0,0,76000,0,76000,76000
056958,喬山永豐98購01  ,0,0,0,0,0,0,0,0,0,76000,0,0,0,80000,4000,76000,76000
07843P,緯穎元大9A售05  ,0,0,0,0,0,0,0,0,0,76000,0,0,0,146000,70000,76000,76000
07646P,世芯元大9A售04  ,0,0,0,0,0,0,0,0,0,76000,0,0,0,197000,121000,76000,76000
07114P,旺宏兆豐9A售01  ,0,0,0,0,0,0,0,0,0,76000,0,0,0,76000,0,76000,76000
06283P,祥碩永豐97售01  ,0,0,0,0,0,0,0,0,0,75000,0,0,0,340000,265000,75000,75000
046797,T50反1元大96購01,0,0,0,0,0,0,0,0,0,75000,0,0,0,75000,0,75000,75000
056682,鴻海統一98購10  ,0,0,0,0,0,0,0,0,0,75000,0,0,0,103000,28000,75000,75000
056332,台郡國票99購01  ,0,0,0,0,0,0,0,0,0,75000,0,0,0,89000,14000,75000,75000
057109,信邦群益98購01  ,0,0,0,0,0,0,0,0,0,75000,0,0,0,125000,50000,75000,75000
057388,奇鋐永豐98購02  ,0,0,0,0,0,0,0,0,0,75000,0,0,0,98000,23000,75000,75000
056537,冠德凱基98購01  ,0,0,0,0,0,0,0,0,0,75000,0,0,0,77000,2000,75000,75000
057455,景碩國泰99購01  ,0,0,0,0,0,0,0,0,0,75000,0,0,0,77000,2000,75000,75000
057820,華擎元大98購02  ,0,0,0,0,0,0,0,0,0,75000,0,0,0,428000,353000,75000,75000
07260P,台灣50元大9A售01,0,0,0,0,0,0,0,0,0,75000,0,0,0,75000,0,75000,75000
062088,緯穎元大9B購04  ,0,0,0,0,0,0,0,0,0,74000,0,0,0,99000,25000,74000,74000
062038,鴻海凱基9B購05  ,0,0,0,0,0,0,0,0,0,74000,0,0,0,326000,252000,74000,74000
062008,南亞科國泰9C購01,0,0,0,0,0,0,0,0,0,74000,0,0,0,425000,351000,74000,74000
060511,群創元大9B購08  ,0,0,0,0,0,0,0,0,0,74000,0,0,0,274000,200000,74000,74000
060611,同欣電凱基9A購02,0,0,0,0,0,0,0,0,0,74000,0,0,0,375000,301000,74000,74000
055533,大立光群益97購03,0,0,0,0,0,0,0,0,0,74000,0,0,0,74000,0,74000,74000
054480,和碩中信98購01  ,0,0,0,0,0,0,0,0,0,74000,0,0,0,104000,30000,74000,74000
055175,建準統一97購01  ,0,0,0,0,0,0,0,0,0,74000,0,0,0,78000,4000,74000,74000
058616,台虹元大9A購01  ,0,0,0,0,0,0,0,0,0,74000,0,0,0,84000,10000,74000,74000
058975,台灣50凱基01購02,0,0,0,0,0,0,0,0,0,74000,0,0,0,74000,0,74000,74000
056676,國產元富98購01  ,0,0,0,0,0,0,0,0,0,74000,0,0,0,181000,107000,74000,74000
057225,華新凱基98購01  ,0,0,0,0,0,0,0,0,0,74000,0,0,0,124000,50000,74000,74000
07261P,台灣50元大9A售04,0,0,0,0,0,0,0,0,0,74000,0,0,0,74000,0,74000,74000
061815,奇力新群益9B購02,0,0,0,0,0,0,0,0,0,73000,0,0,0,283000,210000,73000,73000
062082,嘉晶元大9B購01  ,0,0,0,0,0,0,0,0,0,73000,0,0,0,93000,20000,73000,73000
06339P,上銀統一97售06  ,0,0,0,0,0,0,0,0,0,73000,0,0,0,138000,65000,73000,73000
051319,光磊國票96購02  ,0,0,0,0,0,0,0,0,0,73000,0,0,0,73000,0,73000,73000
056681,鴻海統一98購09  ,0,0,0,0,0,0,0,0,0,73000,0,0,0,73000,0,73000,73000
056419,欣興元富98購02  ,0,0,0,0,0,0,0,0,0,73000,0,0,0,73000,0,73000,73000
057470,易華電永豐98購02,0,0,0,0,0,0,0,0,0,73000,0,0,0,75000,2000,73000,73000
3661,世芯-KY         ,761000,611000,150000,0,0,0,0,0,0,-77000,19000,94000,-75000,14000,16000,-2000,73000
06434P,超眾群益98售02  ,0,0,0,0,0,0,0,0,0,72000,0,0,0,100000,28000,72000,72000
061684,T50反1群益9A購06,0,0,0,0,0,0,0,0,0,72000,0,0,0,99000,27000,72000,72000
061533,友達統一9C購02  ,0,0,0,0,0,0,0,0,0,72000,0,0,0,377000,305000,72000,72000
061387,鴻海群益9A購05  ,0,0,0,0,0,0,0,0,0,72000,0,0,0,133000,61000,72000,72000
060577,玉晶光中信9A購02,0,0,0,0,0,0,0,0,0,72000,0,0,0,96000,24000,72000,72000
060463,台積電元大9A購10,0,0,0,0,0,0,0,0,0,72000,0,0,0,76000,4000,72000,72000
060092,瑞昱元大99購03  ,0,0,0,0,0,0,0,0,0,72000,0,0,0,128000,56000,72000,72000
060311,盟立永豐9A購01  ,0,0,0,0,0,0,0,0,0,72000,0,0,0,88000,16000,72000,72000
055877,奇鋐元富97購01  ,0,0,0,0,0,0,0,0,0,72000,0,0,0,228000,156000,72000,72000
055203,建準中信97購01  ,0,0,0,0,0,0,0,0,0,72000,0,0,0,167000,95000,72000,72000
054925,神達凱基97購01  ,0,0,0,0,0,0,0,0,0,72000,0,0,0,100000,28000,72000,72000
053409,和碩兆豐96購02  ,0,0,0,0,0,0,0,0,0,72000,0,0,0,152000,80000,72000,72000
059253,康控凱基9B購02  ,0,0,0,0,0,0,0,0,0,72000,0,0,0,120000,48000,72000,72000
059326,康友元大99購01  ,0,0,0,0,0,0,0,0,0,72000,0,0,0,185000,113000,72000,72000
059643,日月光凱基99購02,0,0,0,0,0,0,0,0,0,72000,0,0,0,136000,64000,72000,72000
056762,亞德客元大98購01,0,0,0,0,0,0,0,0,0,72000,0,0,0,147000,75000,72000,72000
059456,智易永豐99購01  ,0,0,0,0,0,0,0,0,0,72000,0,0,0,74000,2000,72000,72000
060375,葡萄王元富9A購01,0,0,0,0,0,0,0,0,0,71000,0,0,0,195000,124000,71000,71000
060549,聯發科凱基9B購03,0,0,0,0,0,0,0,0,0,71000,0,0,0,71000,0,71000,71000
060814,健策凱基9B購01  ,0,0,0,0,0,0,0,0,0,71000,0,0,0,130000,59000,71000,71000
06889P,臺股指元大98售13,0,0,0,0,0,0,0,0,0,71000,0,0,0,144000,73000,71000,71000
055809,T50反1國票98購02,0,0,0,0,0,0,0,0,0,71000,0,0,0,77000,6000,71000,71000
052239,泰鼎國票97購01  ,0,0,0,0,0,0,0,0,0,71000,0,0,0,82000,11000,71000,71000
057084,立積統一9B購01  ,0,0,0,0,0,0,0,0,0,71000,0,0,0,79000,8000,71000,71000
07643P,禾伸堂凱基9A售02,0,0,0,0,0,0,0,0,0,71000,0,0,0,111000,40000,71000,71000
1210,大成            ,1163000,1094000,69000,0,0,0,0,0,0,2000,4000,2000,2000,0,0,0,71000
060927,嘉晶永豐9A購01  ,0,0,0,0,0,0,0,0,0,70000,0,0,0,145000,75000,70000,70000
060418,中橡永豐9A購01  ,0,0,0,0,0,0,0,0,0,70000,0,0,0,73000,3000,70000,70000
052173,廣達元大95購02  ,0,0,0,0,0,0,0,0,0,70000,0,0,0,70000,0,70000,70000
05152P,玉晶光群益96售05,0,0,0,0,0,0,0,0,0,70000,0,0,0,70000,0,70000,70000
055842,建準元大98購01  ,0,0,0,0,0,0,0,0,0,70000,0,0,0,106000,36000,70000,70000
051320,燿華國票96購01  ,0,0,0,0,0,0,0,0,0,70000,0,0,0,70000,0,70000,70000
054525,奇鋐元富96購01  ,0,0,0,0,0,0,0,0,0,70000,0,0,0,70000,0,70000,70000
055449,超眾統一9A購01  ,0,0,0,0,0,0,0,0,0,70000,0,0,0,83000,13000,70000,70000
054335,緯穎永豐96購02  ,0,0,0,0,0,0,0,0,0,70000,0,0,0,70000,0,70000,70000
054843,中環兆豐97購01  ,0,0,0,0,0,0,0,0,0,70000,0,0,0,70000,0,70000,70000
055659,百和元富97購01  ,0,0,0,0,0,0,0,0,0,70000,0,0,0,90000,20000,70000,70000
055241,T50反1統一99購01,0,0,0,0,0,0,0,0,0,70000,0,0,0,70000,0,70000,70000
055015,帆宣元富97購01  ,0,0,0,0,0,0,0,0,0,70000,0,0,0,80000,10000,70000,70000
058213,欣興群益99購01  ,0,0,0,0,0,0,0,0,0,70000,0,0,0,79000,9000,70000,70000
058535,玉晶光統一9A購06,0,0,0,0,0,0,0,0,0,70000,0,0,0,197000,127000,70000,70000
056683,台積電統一98購05,0,0,0,0,0,0,0,0,0,70000,0,0,0,180000,110000,70000,70000
056678,力成元富98購01  ,0,0,0,0,0,0,0,0,0,70000,0,0,0,70000,0,70000,70000
057494,玉晶光元大99購09,0,0,0,0,0,0,0,0,0,70000,0,0,0,98000,28000,70000,70000
2495,普安            ,76000,6000,70000,0,0,0,0,0,0,0,0,0,0,0,0,0,70000
07530P,聯發科凱基9A售11,0,0,0,0,0,0,0,0,0,70000,0,0,0,70000,0,70000,70000
07347P,上証2X凱基99售02,0,0,0,0,0,0,0,0,0,70000,0,0,0,90000,20000,70000,70000
07100P,華航元大99售01  ,0,0,0,0,0,0,0,0,0,70000,0,0,0,186000,116000,70000,70000
060457,中橡元大9A購02  ,0,0,0,0,0,0,0,0,0,69000,0,0,0,140000,71000,69000,69000
06669P,緯穎凱基98售05  ,0,0,0,0,0,0,0,0,0,69000,0,0,0,180000,111000,69000,69000
061893,鴻海永豐9B購01  ,0,0,0,0,0,0,0,0,0,69000,0,0,0,99000,30000,69000,69000
061944,聯電群益9B購01  ,0,0,0,0,0,0,0,0,0,69000,0,0,0,89000,20000,69000,69000
054720,禾伸堂永豐97購01,0,0,0,0,0,0,0,0,0,69000,0,0,0,75000,6000,69000,69000
054569,GIS群益98購01   ,0,0,0,0,0,0,0,0,0,69000,0,0,0,99000,30000,69000,69000
053800,華通凱基97購03  ,0,0,0,0,0,0,0,0,0,69000,0,0,0,74000,5000,69000,69000
053006,玉晶光永豐96購03,0,0,0,0,0,0,0,0,0,69000,0,0,0,130000,61000,69000,69000
00851,台新全球AI      ,0,0,0,0,0,0,0,0,0,69000,0,0,0,69000,0,69000,69000
054221,華新科統一96購05,0,0,0,0,0,0,0,0,0,69000,0,0,0,219000,150000,69000,69000
053170,茂林群益96購04  ,0,0,0,0,0,0,0,0,0,69000,0,0,0,69000,0,69000,69000
057802,卜蜂元大98購01  ,1000,0,1000,0,0,0,0,0,0,68000,0,0,0,122000,54000,68000,69000
059340,鴻海凱基9A購12  ,0,0,0,0,0,0,0,0,0,69000,0,0,0,256000,187000,69000,69000
07151P,台灣50統一9B售04,0,0,0,0,0,0,0,0,0,69000,0,0,0,69000,0,69000,69000
07842P,力成元大9A售01  ,0,0,0,0,0,0,0,0,0,69000,0,0,0,69000,0,69000,69000
07920P,大立光中信01售01,0,0,0,0,0,0,0,0,0,69000,0,0,0,69000,0,69000,69000
061399,喬山兆豐9B購01  ,0,0,0,0,0,0,0,0,0,68000,0,0,0,138000,70000,68000,68000
061524,華通凱基9A購07  ,0,0,0,0,0,0,0,0,0,68000,0,0,0,90000,22000,68000,68000
061526,宏達電凱基9A購04,0,0,0,0,0,0,0,0,0,68000,0,0,0,68000,0,68000,68000
062075,智邦元大9B購03  ,0,0,0,0,0,0,0,0,0,68000,0,0,0,69000,1000,68000,68000
060600,台積電凱基9C購01,0,0,0,0,0,0,0,0,0,68000,0,0,0,68000,0,68000,68000
060799,茂林永豐9A購01  ,0,0,0,0,0,0,0,0,0,68000,0,0,0,68000,0,68000,68000
061081,宏碁兆豐9A購01  ,0,0,0,0,0,0,0,0,0,68000,0,0,0,156000,88000,68000,68000
061340,義隆元大9A購01  ,0,0,0,0,0,0,0,0,0,68000,0,0,0,68000,0,68000,68000
061322,華新科凱基9A購12,0,0,0,0,0,0,0,0,0,68000,0,0,0,68000,0,68000,68000
061235,台積電元大9A購23,0,0,0,0,0,0,0,0,0,68000,0,0,0,68000,0,68000,68000
054135,大立光元大97購04,0,0,0,0,0,0,0,0,0,68000,0,0,0,68000,0,68000,68000
054052,日月光元大96購06,0,0,0,0,0,0,0,0,0,68000,0,0,0,68000,0,68000,68000
054682,東元永豐97購01  ,0,0,0,0,0,0,0,0,0,68000,0,0,0,68000,0,68000,68000
058521,日月光元大99購01,0,0,0,0,0,0,0,0,0,68000,0,0,0,68000,0,68000,68000
055687,瀚宇博凱基97購01,0,0,0,0,0,0,0,0,0,68000,0,0,0,68000,0,68000,68000
055592,奇力新元大97購07,0,0,0,0,0,0,0,0,0,68000,0,0,0,68000,0,68000,68000
059833,緯穎康和99購01  ,0,0,0,0,0,0,0,0,0,68000,0,0,0,167000,99000,68000,68000
057630,茂林永豐98購01  ,0,0,0,0,0,0,0,0,0,68000,0,0,0,68000,0,68000,68000
057644,奇力新元大98購04,0,0,0,0,0,0,0,0,0,68000,0,0,0,68000,0,68000,68000
058973,麗豐永豐99購01  ,0,0,0,0,0,0,0,0,0,68000,0,0,0,78000,10000,68000,68000
056899,可成元大98購01  ,0,0,0,0,0,0,0,0,0,68000,0,0,0,85000,17000,68000,68000
056897,南亞科元大98購02,0,0,0,0,0,0,0,0,0,68000,0,0,0,68000,0,68000,68000
056622,高鐵永豐98購01  ,0,0,0,0,0,0,0,0,0,68000,0,0,0,68000,0,68000,68000
056458,日月光凱基98購02,0,0,0,0,0,0,0,0,0,68000,0,0,0,68000,0,68000,68000
056170,鴻海元富97購09  ,0,0,0,0,0,0,0,0,0,68000,0,0,0,68000,0,68000,68000
058722,台郡元富99購01  ,0,0,0,0,0,0,0,0,0,68000,0,0,0,168000,100000,68000,68000
059063,康控凱基99購04  ,0,0,0,0,0,0,0,0,0,68000,0,0,0,92000,24000,68000,68000
056296,旺宏元大97購07  ,0,0,0,0,0,0,0,0,0,68000,0,0,0,68000,0,68000,68000
060567,華擎富邦9C購01  ,0,0,0,0,0,0,0,0,0,67000,0,0,0,72000,5000,67000,67000
060055,宏達電凱基99購06,0,0,0,0,0,0,0,0,0,67000,0,0,0,100000,33000,67000,67000
062089,矽創元大9B購02  ,0,0,0,0,0,0,0,0,0,67000,0,0,0,67000,0,67000,67000
061869,智邦元大9B購01  ,0,0,0,0,0,0,0,0,0,67000,0,0,0,396000,329000,67000,67000
061732,智邦中信9B購01  ,0,0,0,0,0,0,0,0,0,67000,0,0,0,77000,10000,67000,67000
058230,國巨元大99購11  ,0,0,0,0,0,0,0,0,0,67000,0,0,0,132000,65000,67000,67000
053438,玉晶光麥證97購02,0,0,0,67000,0,67000,0,0,0,67000,0,0,0,67000,0,67000,67000
052561,矽創國票97購01  ,0,0,0,0,0,0,0,0,0,67000,0,0,0,114000,47000,67000,67000
059006,樺漢元大99購01  ,0,0,0,0,0,0,0,0,0,67000,0,0,0,67000,0,67000,67000
057536,康控元大99購03  ,0,0,0,0,0,0,0,0,0,67000,0,0,0,71000,4000,67000,67000
059212,鴻海元大99購28  ,0,0,0,0,0,0,0,0,0,67000,0,0,0,177000,110000,67000,67000
059781,A50正2元大9C購03,0,0,0,0,0,0,0,0,0,67000,0,0,0,67000,0,67000,67000
061420,國巨元大9A購22  ,0,0,0,0,0,0,0,0,0,66000,0,0,0,109000,43000,66000,66000
060186,義隆元富9A購01  ,0,0,0,0,0,0,0,0,0,66000,0,0,0,101000,35000,66000,66000
060499,鴻海元大9A購11  ,0,0,0,0,0,0,0,0,0,66000,0,0,0,179000,113000,66000,66000
061338,台積電元大9A購28,0,0,0,0,0,0,0,0,0,66000,0,0,0,66000,0,66000,66000
061122,敬鵬永豐9A購01  ,0,0,0,0,0,0,0,0,0,66000,0,0,0,68000,2000,66000,66000
060934,台汽電永豐9A購02,0,0,0,0,0,0,0,0,0,66000,0,0,0,66000,0,66000,66000
054164,強茂凱基98購01  ,0,0,0,0,0,0,0,0,0,66000,0,0,0,66000,0,66000,66000
059923,緯穎元大99購09  ,0,0,0,0,0,0,0,0,0,66000,0,0,0,105000,39000,66000,66000
059500,鴻海元富99購11  ,0,0,0,0,0,0,0,0,0,66000,0,0,0,100000,34000,66000,66000
058663,瑞儀兆豐9A購01  ,0,0,0,0,0,0,0,0,0,66000,0,0,0,96000,30000,66000,66000
2393,億光            ,717000,597000,120000,0,0,0,0,0,0,-54000,0,37000,-37000,10000,27000,-17000,66000
06087P,國巨永豐97售01  ,0,0,0,0,0,0,0,0,0,65000,0,0,0,68000,3000,65000,65000
060779,臺股指凱基9A購07,0,0,0,0,0,0,0,0,0,65000,0,0,0,76000,11000,65000,65000
06423P,亞光台新97售01  ,0,0,0,0,0,0,0,0,0,65000,0,0,0,65000,0,65000,65000
03670C,元油2X元富99牛01,0,0,0,0,0,0,0,0,0,65000,0,0,0,65000,0,65000,65000
058372,欣興凱基99購03  ,0,0,0,0,0,0,0,0,0,65000,0,0,0,92000,27000,65000,65000
056434,國巨凱基98購03  ,0,0,0,0,0,0,0,0,0,65000,0,0,0,268000,203000,65000,65000
060009,南亞科群益99購03,0,0,0,0,0,0,0,0,0,65000,0,0,0,75000,10000,65000,65000
057726,華通國泰9A購01  ,0,0,0,0,0,0,0,0,0,65000,0,0,0,65000,0,65000,65000
057601,中磊群益98購01  ,0,0,0,0,0,0,0,0,0,65000,0,0,0,65000,0,65000,65000
07187P,臺股指台新99售10,0,0,0,0,0,0,0,0,0,65000,0,0,0,65000,0,65000,65000
06933P,禾伸堂元大98售03,0,0,0,0,0,0,0,0,0,65000,0,0,0,78000,13000,65000,65000
07208P,台積電凱基99售14,0,0,0,0,0,0,0,0,0,65000,0,0,0,81000,16000,65000,65000
061045,儒鴻第一9A購01  ,0,0,0,0,0,0,0,0,0,64000,0,0,0,120000,56000,64000,64000
060308,劍麟永豐9A購01  ,0,0,0,0,0,0,0,0,0,64000,0,0,0,72000,8000,64000,64000
058201,華通凱基9A購01  ,0,0,0,0,0,0,0,0,0,64000,0,0,0,66000,2000,64000,64000
055698,茂林國票98購03  ,0,0,0,0,0,0,0,0,0,64000,0,0,0,64000,0,64000,64000
055352,奇力新凱基97購01,0,0,0,0,0,0,0,0,0,64000,0,0,0,64000,0,64000,64000
059224,大立光元大99購15,0,0,0,0,0,0,0,0,0,64000,0,0,0,64000,0,64000,64000
057462,光磊永豐98購02  ,0,0,0,0,0,0,0,0,0,64000,0,0,0,73000,9000,64000,64000
059352,台灣50富邦01購01,0,0,0,0,0,0,0,0,0,64000,0,0,0,64000,0,64000,64000
058672,可成群益9B購02  ,0,0,0,0,0,0,0,0,0,64000,0,0,0,76000,12000,64000,64000
059065,南電凱基9A購01  ,0,0,0,0,0,0,0,0,0,64000,0,0,0,571000,507000,64000,64000
06042P,華新科永豐96售04,0,0,0,0,0,0,0,0,0,63000,0,0,0,63000,0,63000,63000
060397,群創國票9A購01  ,0,0,0,0,0,0,0,0,0,63000,0,0,0,195000,132000,63000,63000
060676,京元電元大9A購03,0,0,0,0,0,0,0,0,0,63000,0,0,0,148000,85000,63000,63000
060697,鴻海國泰9C購01  ,0,0,0,0,0,0,0,0,0,63000,0,0,0,69000,6000,63000,63000
062184,奇鋐元大9B購02  ,0,0,0,0,0,0,0,0,0,63000,0,0,0,63000,0,63000,63000
050496,鴻海富邦96購01  ,0,0,0,0,0,0,0,0,0,63000,0,0,0,170000,107000,63000,63000
055557,華新科凱基97購01,0,0,0,0,0,0,0,0,0,63000,0,0,0,63000,0,63000,63000
057057,立積元大9A購01  ,0,0,0,0,0,0,0,0,0,63000,0,0,0,65000,2000,63000,63000
057405,麗豐群益98購01  ,0,0,0,0,0,0,0,0,0,63000,0,0,0,63000,0,63000,63000
059853,超眾永豐99購03  ,0,0,0,0,0,0,0,0,0,63000,0,0,0,73000,10000,63000,63000
057569,光磊永豐98購03  ,0,0,0,0,0,0,0,0,0,63000,0,0,0,76000,13000,63000,63000
058007,南電群益98購02  ,0,0,0,0,0,0,0,0,0,63000,0,0,0,197000,134000,63000,63000
057321,台泥群益98購01  ,0,0,0,0,0,0,0,0,0,63000,0,0,0,63000,0,63000,63000
07706P,長榮航元大9A售03,0,0,0,0,0,0,0,0,0,63000,0,0,0,90000,27000,63000,63000
061472,台積電元大9A購32,0,0,0,0,0,0,0,0,0,62000,0,0,0,193000,131000,62000,62000
061634,遠東新元大9A購01,0,0,0,0,0,0,0,0,0,62000,0,0,0,417000,355000,62000,62000
060732,玉晶光群益9C購02,0,0,0,0,0,0,0,0,0,62000,0,0,0,186000,124000,62000,62000
060826,牧德元大9B購02  ,0,0,0,0,0,0,0,0,0,62000,0,0,0,131000,69000,62000,62000
054263,聯茂元大96購02  ,0,0,0,0,0,0,0,0,0,62000,0,0,0,62000,0,62000,62000
058599,T50反1元大99購05,0,0,0,0,0,0,0,0,0,62000,0,0,0,67000,5000,62000,62000
056308,TPK元大97購02   ,0,0,0,0,0,0,0,0,0,62000,0,0,0,100000,38000,62000,62000
058119,華新亞東99購01  ,0,0,0,0,0,0,0,0,0,62000,0,0,0,62000,0,62000,62000
056757,T50反1元大98購07,0,0,0,0,0,0,0,0,0,62000,0,0,0,67000,5000,62000,62000
056786,亞光群益98購03  ,0,0,0,0,0,0,0,0,0,62000,0,0,0,77000,15000,62000,62000
2458,義隆            ,3294000,401000,2893000,0,0,0,0,2628000,-2628000,-203000,12000,241000,-229000,47000,21000,26000,62000
060570,南亞科永豐9A購01,0,0,0,0,0,0,0,0,0,61000,0,0,0,61000,0,61000,61000
06337P,祥碩元大97售05  ,0,0,0,0,0,0,0,0,0,61000,0,0,0,211000,150000,61000,61000
053935,華通元富96購02  ,0,0,0,0,0,0,0,0,0,61000,0,0,0,111000,50000,61000,61000
056693,國產群益98購01  ,0,0,0,0,0,0,0,0,0,61000,0,0,0,190000,129000,61000,61000
05878P,創意群益98售01  ,0,0,0,0,0,0,0,0,0,61000,0,0,0,61000,0,61000,61000
058403,玉晶光元大99購12,0,0,0,0,0,0,0,0,0,61000,0,0,0,132000,71000,61000,61000
057107,華新科群益98購06,0,0,0,0,0,0,0,0,0,61000,0,0,0,61000,0,61000,61000
059786,全新元大99購06  ,0,0,0,0,0,0,0,0,0,61000,0,0,0,82000,21000,61000,61000
058096,南電元大98購04  ,0,0,0,0,0,0,0,0,0,61000,0,0,0,61000,0,61000,61000
058645,康控富邦01購01  ,0,0,0,0,0,0,0,0,0,61000,0,0,0,191000,130000,61000,61000
061483,TPK元大9A購01   ,0,0,0,0,0,0,0,0,0,60000,0,0,0,80000,20000,60000,60000
061401,華擎兆豐9B購01  ,0,0,0,0,0,0,0,0,0,60000,0,0,0,147000,87000,60000,60000
060554,中租凱基9A購01  ,0,0,0,0,0,0,0,0,0,60000,0,0,0,65000,5000,60000,60000
060630,國巨富邦9C購03  ,0,0,0,0,0,0,0,0,0,60000,0,0,0,60000,0,60000,60000
06007P,世芯永豐96售01  ,0,0,0,0,0,0,0,0,0,60000,0,0,0,200000,140000,60000,60000
060977,亞德客元大9A購04,0,0,0,0,0,0,0,0,0,60000,0,0,0,69000,9000,60000,60000
054271,中石化中信99購01,0,0,0,0,0,0,0,0,0,60000,0,0,0,60000,0,60000,60000
054289,聯發科元大97購11,0,0,0,0,0,0,0,0,0,60000,0,0,0,60000,0,60000,60000
058226,世芯元富99購01  ,0,0,0,0,0,0,0,0,0,60000,0,0,0,100000,40000,60000,60000
058333,鴻海元富99購04  ,0,0,0,0,0,0,0,0,0,60000,0,0,0,80000,20000,60000,60000
054821,貿聯元大9A購01  ,0,0,0,0,0,0,0,0,0,60000,0,0,0,60000,0,60000,60000
055105,鴻海凱基98購05  ,0,0,0,0,0,0,0,0,0,60000,0,0,0,60000,0,60000,60000
020016,統一MSCI美科技N ,0,0,0,0,0,0,0,0,0,60000,0,0,0,89000,29000,60000,60000
052774,京元電亞東96購01,0,0,0,0,0,0,0,0,0,60000,0,0,0,60000,0,60000,60000
053115,滬深2X中信97購01,0,0,0,0,0,0,0,0,0,60000,0,0,0,60000,0,60000,60000
057605,旺宏統一99購03  ,0,0,0,0,0,0,0,0,0,60000,0,0,0,60000,0,60000,60000
058874,聯鈞國票9A購01  ,0,0,0,0,0,0,0,0,0,60000,0,0,0,105000,45000,60000,60000
057062,立積國泰99購01  ,0,0,0,0,0,0,0,0,0,60000,0,0,0,60000,0,60000,60000
058712,鴻海統一9B購03  ,0,0,0,0,0,0,0,0,0,60000,0,0,0,80000,20000,60000,60000
056473,奇力新元大99購02,0,0,0,0,0,0,0,0,0,60000,0,0,0,146000,86000,60000,60000
056711,亞光永豐98購01  ,0,0,0,0,0,0,0,0,0,60000,0,0,0,60000,0,60000,60000
07503P,禾伸堂元大9A售01,0,0,0,0,0,0,0,0,0,60000,0,0,0,60000,0,60000,60000
07463P,台積電國票9A售05,0,0,0,0,0,0,0,0,0,60000,0,0,0,60000,0,60000,60000
07845P,南亞科元大9A售08,0,0,0,0,0,0,0,0,0,60000,0,0,0,151000,91000,60000,60000
07302P,臺股指元大9A售35,0,0,0,0,0,0,0,0,0,60000,0,0,0,60000,0,60000,60000
07031P,台灣50中信03售02,0,0,0,0,0,0,0,0,0,60000,0,0,0,60000,0,60000,60000
060248,日月光元大9A購01,0,0,0,0,0,0,0,0,0,59000,0,0,0,59000,0,59000,59000
060593,華通麥證9A購01  ,0,0,0,63000,4000,59000,0,0,0,59000,0,0,0,63000,4000,59000,59000
060505,友達元大9C購05  ,0,0,0,0,0,0,0,0,0,59000,0,0,0,128000,69000,59000,59000
060479,億豐元大9A購01  ,0,0,0,0,0,0,0,0,0,59000,0,0,0,59000,0,59000,59000
061641,玉晶光元大9A購17,0,0,0,0,0,0,0,0,0,59000,0,0,0,81000,22000,59000,59000
061881,緯穎元大9B購02  ,0,0,0,0,0,0,0,0,0,59000,0,0,0,125000,66000,59000,59000
05305P,華新科國泰97售01,0,0,0,0,0,0,0,0,0,59000,0,0,0,91000,32000,59000,59000
052631,T50反1凱基98購02,0,0,0,0,0,0,0,0,0,59000,0,0,0,64000,5000,59000,59000
045678,華新科元大95購01,0,0,0,0,0,0,0,0,0,59000,0,0,0,59000,0,59000,59000
054584,貿聯元富97購01  ,0,0,0,0,0,0,0,0,0,59000,0,0,0,60000,1000,59000,59000
054718,可成永豐97購01  ,0,0,0,0,0,0,0,0,0,59000,0,0,0,60000,1000,59000,59000
054532,強茂國泰98購01  ,0,0,0,0,0,0,0,0,0,59000,0,0,0,60000,1000,59000,59000
056744,麗豐凱基9A購01  ,0,0,0,0,0,0,0,0,0,59000,0,0,0,60000,1000,59000,59000
057568,友訊永豐99購01  ,0,0,0,0,0,0,0,0,0,59000,0,0,0,59000,0,59000,59000
057795,鴻海兆豐99購02  ,0,0,0,0,0,0,0,0,0,59000,0,0,0,63000,4000,59000,59000
057437,可成國票99購01  ,0,0,0,0,0,0,0,0,0,59000,0,0,0,117000,58000,59000,59000
061829,T50反1凱基9C購02,0,0,0,0,0,0,0,0,0,58000,0,0,0,58000,0,58000,58000
061430,致新元大9A購01  ,0,0,0,0,0,0,0,0,0,58000,0,0,0,84000,26000,58000,58000
060514,南電元大9A購02  ,0,0,0,0,0,0,0,0,0,58000,0,0,0,58000,0,58000,58000
060585,玉晶光元富9A購02,0,0,0,0,0,0,0,0,0,58000,0,0,0,68000,10000,58000,58000
060200,同欣電元富9A購01,0,0,0,0,0,0,0,0,0,58000,0,0,0,138000,80000,58000,58000
061339,京元電元大9A購05,0,0,0,0,0,0,0,0,0,58000,0,0,0,128000,70000,58000,58000
047675,群創元富96購03  ,0,0,0,0,0,0,0,0,0,58000,0,0,0,118000,60000,58000,58000
053134,南亞科國票97購01,0,0,0,0,0,0,0,0,0,58000,0,0,0,71000,13000,58000,58000
056525,T50反1凱基99購06,0,0,0,0,0,0,0,0,0,58000,0,0,0,58000,0,58000,58000
059693,智原永豐99購01  ,0,0,0,0,0,0,0,0,0,58000,0,0,0,78000,20000,58000,58000
057642,南亞科元大98購07,0,0,0,0,0,0,0,0,0,58000,0,0,0,68000,10000,58000,58000
057473,T50反1元大98購08,0,0,0,0,0,0,0,0,0,58000,0,0,0,58000,0,58000,58000
056766,義隆元大98購01  ,0,0,0,0,0,0,0,0,0,58000,0,0,0,58000,0,58000,58000
056860,正崴群益98購01  ,0,0,0,0,0,0,0,0,0,58000,0,0,0,169000,111000,58000,58000
056962,技嘉永豐98購01  ,0,0,0,0,0,0,0,0,0,58000,0,0,0,130000,72000,58000,58000
059121,瑞儀永豐99購01  ,0,0,0,0,0,0,0,0,0,58000,0,0,0,75000,17000,58000,58000
3014,聯陽            ,713000,711000,2000,0,0,0,0,0,0,56000,0,1000,-1000,69000,12000,57000,58000
061075,亞德客兆豐9A購01,0,0,0,0,0,0,0,0,0,57000,0,0,0,68000,11000,57000,57000
060978,國巨元大9A購13  ,0,0,0,0,0,0,0,0,0,57000,0,0,0,317000,260000,57000,57000
060710,上銀永豐9A購01  ,0,0,0,0,0,0,0,0,0,57000,0,0,0,68000,11000,57000,57000
060450,南亞元大9A購02  ,0,0,0,0,0,0,0,0,0,57000,0,0,0,68000,11000,57000,57000
062112,祥碩國票9C購01  ,0,0,0,0,0,0,0,0,0,57000,0,0,0,68000,11000,57000,57000
053132,國巨國票97購02  ,0,0,0,0,0,0,0,0,0,57000,0,0,0,57000,0,57000,57000
056614,智邦永豐98購01  ,0,0,0,0,0,0,0,0,0,57000,0,0,0,96000,39000,57000,57000
059242,南亞科凱基99購06,0,0,0,0,0,0,0,0,0,57000,0,0,0,91000,34000,57000,57000
057731,華擎國泰9A購02  ,0,0,0,0,0,0,0,0,0,57000,0,0,0,567000,510000,57000,57000
058881,全新永豐99購01  ,0,0,0,0,0,0,0,0,0,57000,0,0,0,85000,28000,57000,57000
07392P,台積電國泰02售01,0,0,0,0,0,0,0,0,0,57000,0,0,0,57000,0,57000,57000
07652P,臺股指中信9A售07,0,0,0,0,0,0,0,0,0,57000,0,0,0,212000,155000,57000,57000
062054,鴻海統一9C購06  ,0,0,0,0,0,0,0,0,0,56000,0,0,0,201000,145000,56000,56000
061375,華通永豐9A購02  ,0,0,0,0,0,0,0,0,0,56000,0,0,0,61000,5000,56000,56000
060459,鴻海元大9A購07  ,0,0,0,0,0,0,0,0,0,56000,0,0,0,78000,22000,56000,56000
060572,景碩永豐9A購01  ,0,0,0,0,0,0,0,0,0,56000,0,0,0,61000,5000,56000,56000
060931,GIS永豐9A購01   ,0,0,0,0,0,0,0,0,0,56000,0,0,0,138000,82000,56000,56000
052628,樺漢中信96購01  ,0,0,0,0,0,0,0,0,0,56000,0,0,0,56000,0,56000,56000
053502,智伸科兆豐97購01,0,0,0,0,0,0,0,0,0,56000,0,0,0,69000,13000,56000,56000
055249,大毅統一99購01  ,0,0,0,0,0,0,0,0,0,56000,0,0,0,76000,20000,56000,56000
055217,緯創凱基97購02  ,0,0,0,0,0,0,0,0,0,56000,0,0,0,66000,10000,56000,56000
058033,景碩永豐98購02  ,0,0,0,0,0,0,0,0,0,56000,0,0,0,56000,0,56000,56000
057707,臺股指群益98購07,0,0,0,0,0,0,0,0,0,56000,0,0,0,437000,381000,56000,56000
059696,立積永豐99購03  ,0,0,0,0,0,0,0,0,0,56000,0,0,0,71000,15000,56000,56000
056124,華通國票98購02  ,0,0,0,0,0,0,0,0,0,56000,0,0,0,56000,0,56000,56000
061004,友達兆豐9A購01  ,0,0,0,0,0,0,0,0,0,55000,0,0,0,215000,160000,55000,55000
060864,可成永豐9A購01  ,0,0,0,0,0,0,0,0,0,55000,0,0,0,91000,36000,55000,55000
060566,聯詠富邦9C購01  ,0,0,0,0,0,0,0,0,0,55000,0,0,0,201000,146000,55000,55000
061802,勤誠永豐9B購01  ,0,0,0,0,0,0,0,0,0,55000,0,0,0,55000,0,55000,55000
06371P,茂林國票98售04  ,0,0,0,0,0,0,0,0,0,55000,0,0,0,86000,31000,55000,55000
054894,GIS統一97購01   ,0,0,0,0,0,0,0,0,0,55000,0,0,0,165000,110000,55000,55000
053597,牧德元大99購01  ,0,0,0,0,0,0,0,0,0,55000,0,0,0,55000,0,55000,55000
055479,GIS凱基97購04   ,0,0,0,0,0,0,0,0,0,55000,0,0,0,55000,0,55000,55000
054159,T50正2凱基99購01,0,0,0,0,0,0,0,0,0,55000,0,0,0,55000,0,55000,55000
00681R,元大美債20反1   ,0,0,0,0,0,0,0,0,0,55000,0,0,0,56000,1000,55000,55000
056596,光磊元富98購01  ,0,0,0,0,0,0,0,0,0,55000,0,0,0,60000,5000,55000,55000
057163,上銀元大98購04  ,0,0,0,0,0,0,0,0,0,55000,0,0,0,55000,0,55000,55000
059862,全新群益99購04  ,0,0,0,0,0,0,0,0,0,55000,0,0,0,176000,121000,55000,55000
060024,T50反1國泰9B購02,0,0,0,0,0,0,0,0,0,55000,0,0,0,55000,0,55000,55000
059879,GIS凱基99購03   ,0,0,0,0,0,0,0,0,0,55000,0,0,0,90000,35000,55000,55000
07442P,華航康和9A售02  ,0,0,0,0,0,0,0,0,0,55000,0,0,0,55000,0,55000,55000
07214P,聯發科凱基9A售04,0,0,0,0,0,0,0,0,0,55000,0,0,0,55000,0,55000,55000
06936P,瑞儀元大98售01  ,0,0,0,0,0,0,0,0,0,55000,0,0,0,59000,4000,55000,55000
061059,世芯國票9B購01  ,0,0,0,0,0,0,0,0,0,54000,0,0,0,106000,52000,54000,54000
03428B,臺股指凱基97熊18,0,0,0,0,0,0,0,0,0,54000,0,0,0,60000,6000,54000,54000
05584P,臺股指凱基96售13,0,0,0,0,0,0,0,0,0,54000,0,0,0,54000,0,54000,54000
055949,亞德客元大97購04,0,0,0,0,0,0,0,0,0,54000,0,0,0,67000,13000,54000,54000
055432,臻鼎群益97購02  ,0,0,0,0,0,0,0,0,0,54000,0,0,0,156000,102000,54000,54000
054529,T50反1國泰97購02,0,0,0,0,0,0,0,0,0,54000,0,0,0,54000,0,54000,54000
054098,嘉晶國票97購04  ,0,0,0,0,0,0,0,0,0,54000,0,0,0,54000,0,54000,54000
055575,華新科統一98購01,0,0,0,0,0,0,0,0,0,54000,0,0,0,54000,0,54000,54000
057024,義隆凱基99購01  ,0,0,0,0,0,0,0,0,0,54000,0,0,0,103000,49000,54000,54000
058193,緯穎永豐99購01  ,0,0,0,0,0,0,0,0,0,54000,0,0,0,74000,20000,54000,54000
060007,鴻海群益99購04  ,0,0,0,0,0,0,0,0,0,54000,0,0,0,74000,20000,54000,54000
059765,嘉聯益永豐99購02,0,0,0,0,0,0,0,0,0,54000,0,0,0,113000,59000,54000,54000
058009,智易國票99購01  ,0,0,0,0,0,0,0,0,0,54000,0,0,0,61000,7000,54000,54000
057221,華通國票98購03  ,0,0,0,0,0,0,0,0,0,54000,0,0,0,97000,43000,54000,54000
07147P,高鐵元大99售01  ,0,0,0,0,0,0,0,0,0,54000,0,0,0,154000,100000,54000,54000
061112,台表科元大9A購03,0,0,0,0,0,0,0,0,0,53000,0,0,0,191000,138000,53000,53000
060161,牧德永豐9A購02  ,0,0,0,0,0,0,0,0,0,53000,0,0,0,63000,10000,53000,53000
060362,建準元富9A購02  ,0,0,0,0,0,0,0,0,0,53000,0,0,0,53000,0,53000,53000
06467P,旺宏統一98售01  ,0,0,0,0,0,0,0,0,0,53000,0,0,0,120000,67000,53000,53000
062051,上銀統一9C購02  ,0,0,0,0,0,0,0,0,0,53000,0,0,0,53000,0,53000,53000
062191,台郡元大9B購05  ,0,0,0,0,0,0,0,0,0,53000,0,0,0,110000,57000,53000,53000
062248,國巨元大9B購08  ,0,0,0,0,0,0,0,0,0,53000,0,0,0,129000,76000,53000,53000
061842,牧德凱基9C購01  ,0,0,0,0,0,0,0,0,0,53000,0,0,0,57000,4000,53000,53000
058335,鴻海元富99購06  ,0,0,0,0,0,0,0,0,0,53000,0,0,0,63000,10000,53000,53000
053619,和碩群益96購01  ,0,0,0,0,0,0,0,0,0,53000,0,0,0,53000,0,53000,53000
054504,聯鈞永豐96購01  ,0,0,0,0,0,0,0,0,0,53000,0,0,0,201000,148000,53000,53000
054694,聯鈞永豐97購01  ,0,0,0,0,0,0,0,0,0,53000,0,0,0,53000,0,53000,53000
054274,智易中信96購02  ,0,0,0,0,0,0,0,0,0,53000,0,0,0,54000,1000,53000,53000
055344,國巨凱基97購04  ,0,0,0,0,0,0,0,0,0,53000,0,0,0,263000,210000,53000,53000
052049,緯創凱基97購01  ,0,0,0,0,0,0,0,0,0,53000,0,0,0,63000,10000,53000,53000
057222,鴻海國票99購04  ,0,0,0,0,0,0,0,0,0,53000,0,0,0,53000,0,53000,53000
056818,正崴永豐98購01  ,0,0,0,0,0,0,0,0,0,53000,0,0,0,86000,33000,53000,53000
057604,鴻海統一9C購01  ,0,0,0,0,0,0,0,0,0,53000,0,0,0,78000,25000,53000,53000
059468,智邦元大99購02  ,0,0,0,0,0,0,0,0,0,53000,0,0,0,82000,29000,53000,53000
07263P,台積電元大99售37,0,0,0,0,0,0,0,0,0,53000,0,0,0,355000,302000,53000,53000
07387P,臺股指群益99售25,0,0,0,0,0,0,0,0,0,53000,0,0,0,53000,0,53000,53000
07361P,聯發科元大99售34,0,0,0,0,0,0,0,0,0,53000,0,0,0,53000,0,53000,53000
07816P,聯發科群益9A售02,0,0,0,0,0,0,0,0,0,53000,0,0,0,263000,210000,53000,53000
061713,華邦電凱基9A購01,0,0,0,0,0,0,0,0,0,52000,0,0,0,82000,30000,52000,52000
061923,友達凱基9B購04  ,0,0,0,0,0,0,0,0,0,52000,0,0,0,93000,41000,52000,52000
061373,華通富邦9A購02  ,0,0,0,0,0,0,0,0,0,52000,0,0,0,64000,12000,52000,52000
061552,南六群益9A購02  ,0,0,0,0,0,0,0,0,0,52000,0,0,0,75000,23000,52000,52000
06867P,訊芯元大98售08  ,0,0,0,0,0,0,0,0,0,52000,0,0,0,52000,0,52000,52000
060291,高鐵元大9A購01  ,0,0,0,0,0,0,0,0,0,52000,0,0,0,57000,5000,52000,52000
060154,堤維西永豐9A購01,0,0,0,0,0,0,0,0,0,52000,0,0,0,55000,3000,52000,52000
060111,臻鼎元大99購04  ,0,0,0,0,0,0,0,0,0,52000,0,0,0,130000,78000,52000,52000
060599,國巨凱基9C購01  ,0,0,0,0,0,0,0,0,0,52000,0,0,0,133000,81000,52000,52000
04908P,南電國票95售03  ,0,0,0,0,0,0,0,0,0,52000,0,0,0,52000,0,52000,52000
053523,T50反1中信9A購01,0,0,0,0,0,0,0,0,0,52000,0,0,0,52000,0,52000,52000
053901,T50反1凱基99購03,0,0,0,0,0,0,0,0,0,52000,0,0,0,52000,0,52000,52000
058323,泰鼎永豐9A購01  ,0,0,0,0,0,0,0,0,0,52000,0,0,0,52000,0,52000,52000
056535,全新凱基99購02  ,0,0,0,0,0,0,0,0,0,52000,0,0,0,72000,20000,52000,52000
056893,智邦元大98購02  ,0,0,0,0,0,0,0,0,0,52000,0,0,0,52000,0,52000,52000
05606P,TPK國票97售02   ,0,0,0,0,0,0,0,0,0,52000,0,0,0,52000,0,52000,52000
05710P,禾伸堂國票97售02,0,0,0,0,0,0,0,0,0,52000,0,0,0,135000,83000,52000,52000
058116,正崴中信99購02  ,0,0,0,0,0,0,0,0,0,52000,0,0,0,159000,107000,52000,52000
6416,瑞祺電通        ,221000,195000,26000,0,0,0,3000,0,3000,23000,36000,37000,-1000,30000,6000,24000,52000
5521,工信            ,658000,506000,152000,0,0,0,0,0,0,-100000,0,100000,-100000,0,0,0,52000
060645,台表科永豐9A購02,0,0,0,0,0,0,0,0,0,51000,0,0,0,82000,31000,51000,51000
060520,臺指2X中信01購02,0,0,0,0,0,0,0,0,0,51000,0,0,0,53000,2000,51000,51000
061089,台積電統一9C購04,0,0,0,0,0,0,0,0,0,51000,0,0,0,52000,1000,51000,51000
061977,國巨元大9B購02  ,0,0,0,0,0,0,0,0,0,51000,0,0,0,223000,172000,51000,51000
061773,和潤元大9B購01  ,0,0,0,0,0,0,0,0,0,51000,0,0,0,125000,74000,51000,51000
051484,玉晶光凱基97購01,0,0,0,0,0,0,0,0,0,51000,0,0,0,51000,0,51000,51000
057136,立積凱基98購02  ,0,0,0,0,0,0,0,0,0,51000,0,0,0,133000,82000,51000,51000
058763,和碩群益99購01  ,0,0,0,0,0,0,0,0,0,51000,0,0,0,51000,0,51000,51000
059346,新日興凱基99購03,0,0,0,0,0,0,0,0,0,51000,0,0,0,59000,8000,51000,51000
059315,鴻海元大99購30  ,0,0,0,0,0,0,0,0,0,51000,0,0,0,119000,68000,51000,51000
059290,全新元富99購01  ,0,0,0,0,0,0,0,0,0,51000,0,0,0,158000,107000,51000,51000
07848P,旺宏群益9B售01  ,0,0,0,0,0,0,0,0,0,51000,0,0,0,51000,0,51000,51000
06991P,矽創群益99售01  ,0,0,0,0,0,0,0,0,0,51000,0,0,0,72000,21000,51000,51000
061868,旺宏元大9B購03  ,0,0,0,0,0,0,0,0,0,50000,0,0,0,75000,25000,50000,50000
06742P,可成富邦99售02  ,0,0,0,0,0,0,0,0,0,50000,0,0,0,50000,0,50000,50000
06534P,聯發科群益98售04,0,0,0,0,0,0,0,0,0,50000,0,0,0,50000,0,50000,50000
061300,臺股指富邦9A購02,0,0,0,0,0,0,0,0,0,50000,0,0,0,50000,0,50000,50000
061303,玉晶光永豐9B購03,0,0,0,0,0,0,0,0,0,50000,0,0,0,141000,91000,50000,50000
061294,奇力新麥證9A購01,0,0,0,50000,0,50000,0,0,0,50000,0,0,0,50000,0,50000,50000
060760,南亞科元大9A購04,0,0,0,0,0,0,0,0,0,50000,0,0,0,60000,10000,50000,50000
06097P,茂林永豐97售01  ,0,0,0,0,0,0,0,0,0,50000,0,0,0,50000,0,50000,50000
060980,台積電元大9A購21,0,0,0,0,0,0,0,0,0,50000,0,0,0,50000,0,50000,50000
060944,國泰金國票9A購01,0,0,0,0,0,0,0,0,0,50000,0,0,0,50000,0,50000,50000
060686,康友元大9A購02  ,0,0,0,0,0,0,0,0,0,50000,0,0,0,126000,76000,50000,50000
060110,茂林元大99購06  ,0,0,0,0,0,0,0,0,0,50000,0,0,0,60000,10000,50000,50000
060087,鴻海元大99購43  ,0,0,0,0,0,0,0,0,0,50000,0,0,0,180000,130000,50000,50000
060145,牧德國票9A購02  ,0,0,0,0,0,0,0,0,0,50000,0,0,0,63000,13000,50000,50000
060185,聯發科元富04購01,0,0,0,0,0,0,0,0,0,50000,0,0,0,50000,0,50000,50000
05268P,玉晶光元大98售01,0,0,0,0,0,0,0,0,0,50000,0,0,0,130000,80000,50000,50000
053171,中磊群益96購01  ,0,0,0,0,0,0,0,0,0,50000,0,0,0,50000,0,50000,50000
052075,旺宏元富95購03  ,0,0,0,0,0,0,0,0,0,50000,0,0,0,50000,0,50000,50000
05207P,高股息中信97售03,0,0,0,0,0,0,0,0,0,50000,0,0,0,50000,0,50000,50000
051826,智邦元大95購03  ,0,0,0,0,0,0,0,0,0,50000,0,0,0,50000,0,50000,50000
052104,英業達兆豐96購01,0,0,0,0,0,0,0,0,0,50000,0,0,0,144000,94000,50000,50000
055351,聯發科凱基97購03,0,0,0,0,0,0,0,0,0,50000,0,0,0,50000,0,50000,50000
054672,華新科國泰99購01,0,0,0,0,0,0,0,0,0,50000,0,0,0,52000,2000,50000,50000
05414P,台表科國票96售02,0,0,0,0,0,0,0,0,0,50000,0,0,0,50000,0,50000,50000
051633,可成國票96購03  ,0,0,0,0,0,0,0,0,0,50000,0,0,0,50000,0,50000,50000
047969,台達電富邦97購01,0,0,0,0,0,0,0,0,0,50000,0,0,0,50000,0,50000,50000
047547,友達凱基99購02  ,0,0,0,0,0,0,0,0,0,50000,0,0,0,50000,0,50000,50000
04898P,瑞儀中信95售01  ,0,0,0,0,0,0,0,0,0,50000,0,0,0,50000,0,50000,50000
052715,可成凱基96購01  ,0,0,0,0,0,0,0,0,0,50000,0,0,0,50000,0,50000,50000
051101,台表科元大96購02,0,0,0,0,0,0,0,0,0,50000,0,0,0,50000,0,50000,50000
058501,S&P正2元大99購01,0,0,0,0,0,0,0,0,0,50000,0,0,0,50000,0,50000,50000
055681,奇鋐凱基98購03  ,0,0,0,0,0,0,0,0,0,50000,0,0,0,50000,0,50000,50000
055216,友達凱基98購05  ,0,0,0,0,0,0,0,0,0,50000,0,0,0,100000,50000,50000,50000
055603,超眾元大97購04  ,0,0,0,0,0,0,0,0,0,50000,0,0,0,50000,0,50000,50000
054815,台積電元大97購14,0,0,0,0,0,0,0,0,0,50000,0,0,0,50000,0,50000,50000
053837,貿聯永豐96購02  ,0,0,0,0,0,0,0,0,0,50000,0,0,0,50000,0,50000,50000
053713,漢唐凱基96購04  ,0,0,0,0,0,0,0,0,0,50000,0,0,0,50000,0,50000,50000
053718,全新凱基97購02  ,0,0,0,0,0,0,0,0,0,50000,0,0,0,50000,0,50000,50000
053745,康友國票97購01  ,0,0,0,0,0,0,0,0,0,50000,0,0,0,50000,0,50000,50000
055561,奇鋐凱基97購01  ,0,0,0,0,0,0,0,0,0,50000,0,0,0,50000,0,50000,50000
054103,T50反1凱基99購04,0,0,0,0,0,0,0,0,0,50000,0,0,0,50000,0,50000,50000
054089,台積電群益96購11,0,0,0,0,0,0,0,0,0,50000,0,0,0,50000,0,50000,50000
053970,聯發科元大97購08,0,0,0,0,0,0,0,0,0,50000,0,0,0,50000,0,50000,50000
055782,新日興凱基99購01,0,0,0,0,0,0,0,0,0,50000,0,0,0,88000,38000,50000,50000
055488,華邦電元大98購01,0,0,0,0,0,0,0,0,0,50000,0,0,0,50000,0,50000,50000
05540P,亞德客凱基96售01,0,0,0,0,0,0,0,0,0,50000,0,0,0,50000,0,50000,50000
059359,精元永豐99購01  ,0,0,0,0,0,0,0,0,0,50000,0,0,0,50000,0,50000,50000
057374,禾伸堂元大99購03,0,0,0,0,0,0,0,0,0,50000,0,0,0,50000,0,50000,50000
057403,亞光群益98購04  ,0,0,0,0,0,0,0,0,0,50000,0,0,0,55000,5000,50000,50000
059852,康控永豐99購02  ,0,0,0,0,0,0,0,0,0,50000,0,0,0,151000,101000,50000,50000
059959,訊芯康和99購01  ,0,0,0,0,0,0,0,0,0,50000,0,0,0,118000,68000,50000,50000
05764P,世紀鋼永豐96售03,0,0,0,0,0,0,0,0,0,50000,0,0,0,50000,0,50000,50000
057713,美律統一99購01  ,0,0,0,0,0,0,0,0,0,50000,0,0,0,50000,0,50000,50000
057809,英業達元大98購01,0,0,0,0,0,0,0,0,0,50000,0,0,0,50000,0,50000,50000
056644,宏達電凱基98購04,0,0,0,0,0,0,0,0,0,50000,0,0,0,50000,0,50000,50000
057313,聯發科麥證99購01,0,0,0,50000,0,50000,0,0,0,50000,0,0,0,50000,0,50000,50000
058047,可成元大98購11  ,0,0,0,0,0,0,0,0,0,50000,0,0,0,118000,68000,50000,50000
057532,智原元大98購03  ,0,0,0,0,0,0,0,0,0,50000,0,0,0,64000,14000,50000,50000
057525,光磊元大99購01  ,0,0,0,0,0,0,0,0,0,50000,0,0,0,50000,0,50000,50000
056051,T50反1元大97購05,0,0,0,0,0,0,0,0,0,50000,0,0,0,50000,0,50000,50000
056847,佐登元富98購01  ,0,0,0,0,0,0,0,0,0,50000,0,0,0,358000,308000,50000,50000
057254,友達麥證98購01  ,0,0,0,50000,0,50000,0,0,0,50000,0,0,0,50000,0,50000,50000
057243,樺漢凱基99購01  ,0,0,0,0,0,0,0,0,0,50000,0,0,0,50000,0,50000,50000
056337,聯發科凱基98購06,0,0,0,0,0,0,0,0,0,50000,0,0,0,50000,0,50000,50000
057958,禾伸堂元大99購05,0,0,0,0,0,0,0,0,0,50000,0,0,0,50000,0,50000,50000
058108,台郡台新99購01  ,0,0,0,0,0,0,0,0,0,50000,0,0,0,80000,30000,50000,50000
057832,聯發科元富02購05,0,0,0,0,0,0,0,0,0,50000,0,0,0,50000,0,50000,50000
057833,聯發科元富02購06,0,0,0,0,0,0,0,0,0,50000,0,0,0,50000,0,50000,50000
057896,嘉晶元富98購01  ,0,0,0,0,0,0,0,0,0,50000,0,0,0,50000,0,50000,50000
057915,台泥凱基98購01  ,0,0,0,0,0,0,0,0,0,50000,0,0,0,50000,0,50000,50000
057072,日月光永豐98購01,0,0,0,0,0,0,0,0,0,50000,0,0,0,78000,28000,50000,50000
056231,嘉聯益凱基97購02,0,0,0,0,0,0,0,0,0,50000,0,0,0,51000,1000,50000,50000
056247,台郡群益97購01  ,0,0,0,0,0,0,0,0,0,50000,0,0,0,60000,10000,50000,50000
058398,中環元大99購02  ,0,0,0,0,0,0,0,0,0,50000,0,0,0,150000,100000,50000,50000
07140P,台灣50日盛99售01,0,0,0,0,0,0,0,0,0,50000,0,0,0,90000,40000,50000,50000
07164P,臺股指群益99售15,0,0,0,0,0,0,0,0,0,50000,0,0,0,140000,90000,50000,50000
07341P,台積電凱基99售18,0,0,0,0,0,0,0,0,0,50000,0,0,0,50000,0,50000,50000
07875P,祥碩群益9B售01  ,0,0,0,0,0,0,0,0,0,50000,0,0,0,50000,0,50000,50000
07903P,台積電群益9B售03,0,0,0,0,0,0,0,0,0,50000,0,0,0,68000,18000,50000,50000
07720P,臺股指群益9A售09,0,0,0,0,0,0,0,0,0,50000,0,0,0,70000,20000,50000,50000
07535P,上銀元富9A售03  ,0,0,0,0,0,0,0,0,0,50000,0,0,0,66000,16000,50000,50000
060144,全新國票9B購01  ,0,0,0,0,0,0,0,0,0,49000,0,0,0,87000,38000,49000,49000
060089,台積電元大99購54,0,0,0,0,0,0,0,0,0,49000,0,0,0,109000,60000,49000,49000
060561,台積電富邦04購01,0,0,0,0,0,0,0,0,0,49000,0,0,0,473000,424000,49000,49000
061363,儒鴻國票9B購01  ,0,0,0,0,0,0,0,0,0,49000,0,0,0,127000,78000,49000,49000
061242,玉晶光兆豐9B購02,0,0,0,0,0,0,0,0,0,49000,0,0,0,51000,2000,49000,49000
053400,緯穎中信9A購01  ,0,0,0,0,0,0,0,0,0,49000,0,0,0,72000,23000,49000,49000
055262,台虹國泰98購01  ,0,0,0,0,0,0,0,0,0,49000,0,0,0,49000,0,49000,49000
058525,台虹元大99購02  ,0,0,0,0,0,0,0,0,0,49000,0,0,0,89000,40000,49000,49000
052885,高鐵兆豐98購01  ,0,0,0,0,0,0,0,0,0,49000,0,0,0,59000,10000,49000,49000
052182,鴻海群益96購01  ,0,0,0,0,0,0,0,0,0,49000,0,0,0,89000,40000,49000,49000
05212P,台積電國票96售04,0,0,0,0,0,0,0,0,0,49000,0,0,0,69000,20000,49000,49000
057918,旺宏凱基99購01  ,0,0,0,0,0,0,0,0,0,49000,0,0,0,49000,0,49000,49000
059368,T50正2元富99購02,0,0,0,0,0,0,0,0,0,49000,0,0,0,140000,91000,49000,49000
056939,康控元富98購01  ,0,0,0,0,0,0,0,0,0,49000,0,0,0,268000,219000,49000,49000
058802,矽創元大99購02  ,0,0,0,0,0,0,0,0,0,49000,0,0,0,49000,0,49000,49000
057465,智易永豐98購02  ,0,0,0,0,0,0,0,0,0,49000,0,0,0,49000,0,49000,49000
059883,T50反1國票99購02,0,0,0,0,0,0,0,0,0,49000,0,0,0,50000,1000,49000,49000
059919,宏達電元大99購06,0,0,0,0,0,0,0,0,0,49000,0,0,0,65000,16000,49000,49000
059986,宏達電元大99購08,0,0,0,0,0,0,0,0,0,49000,0,0,0,68000,19000,49000,49000
07806P,健策永豐9A售02  ,0,0,0,0,0,0,0,0,0,49000,0,0,0,49000,0,49000,49000
2887E,台新戊特        ,0,0,0,0,0,0,0,0,0,49000,49000,0,49000,0,0,0,49000
2436,偉詮電          ,141000,92000,49000,0,0,0,0,0,0,0,0,0,0,0,0,0,49000
061286,大立光統一9A購05,0,0,0,0,0,0,0,0,0,48000,0,0,0,48000,0,48000,48000
060681,華擎元大9A購02  ,0,0,0,0,0,0,0,0,0,48000,0,0,0,199000,151000,48000,48000
060204,矽創元富9A購01  ,0,0,0,0,0,0,0,0,0,48000,0,0,0,124000,76000,48000,48000
062036,致新群益9B購01  ,0,0,0,0,0,0,0,0,0,48000,0,0,0,50000,2000,48000,48000
061371,嘉澤國泰9C購01  ,0,0,0,0,0,0,0,0,0,48000,0,0,0,141000,93000,48000,48000
052424,泰碩國票97購01  ,0,0,0,0,0,0,0,0,0,48000,0,0,0,168000,120000,48000,48000
051597,T50反1中信99購02,0,0,0,0,0,0,0,0,0,48000,0,0,0,48000,0,48000,48000
04831P,聯詠富邦96售01  ,0,0,0,0,0,0,0,0,0,48000,0,0,0,50000,2000,48000,48000
053473,聯發科元大96購15,0,0,0,0,0,0,0,0,0,48000,0,0,0,50000,2000,48000,48000
059743,開發金元富99購01,0,0,0,0,0,0,0,0,0,48000,0,0,0,93000,45000,48000,48000
059142,道瓊指國票9B購02,0,0,0,0,0,0,0,0,0,48000,0,0,0,61000,13000,48000,48000
059177,臺股指凱基99購28,0,0,0,0,0,0,0,0,0,48000,0,0,0,48000,0,48000,48000
058811,台積電統一9A購05,0,0,0,0,0,0,0,0,0,48000,0,0,0,48000,0,48000,48000
058677,矽格群益99購01  ,0,0,0,0,0,0,0,0,0,48000,0,0,0,50000,2000,48000,48000
2939,凱羿-KY         ,150000,102000,48000,0,0,0,0,0,0,0,0,0,0,0,0,0,48000
07418P,聯發科元大99售45,0,0,0,0,0,0,0,0,0,48000,0,0,0,50000,2000,48000,48000
061504,祥碩國票9A購02  ,0,0,0,0,0,0,0,0,0,47000,0,0,0,47000,0,47000,47000
062072,國巨元大9B購05  ,0,0,0,0,0,0,0,0,0,47000,0,0,0,199000,152000,47000,47000
060086,鴻海元大99購42  ,0,0,0,0,0,0,0,0,0,47000,0,0,0,61000,14000,47000,47000
060558,億豐凱基9A購01  ,0,0,0,0,0,0,0,0,0,47000,0,0,0,66000,19000,47000,47000
060498,華通元大9A購03  ,0,0,0,0,0,0,0,0,0,47000,0,0,0,47000,0,47000,47000
053487,台泥兆豐97購01  ,0,0,0,0,0,0,0,0,0,47000,0,0,0,77000,30000,47000,47000
053985,矽創元大96購02  ,0,0,0,0,0,0,0,0,0,47000,0,0,0,47000,0,47000,47000
055536,嘉聯益群益99購02,0,0,0,0,0,0,0,0,0,47000,0,0,0,48000,1000,47000,47000
054258,牧德元大97購01  ,0,0,0,0,0,0,0,0,0,47000,0,0,0,59000,12000,47000,47000
051641,矽創國票96購01  ,0,0,0,0,0,0,0,0,0,47000,0,0,0,85000,38000,47000,47000
056083,億光統一97購03  ,0,0,0,0,0,0,0,0,0,47000,0,0,0,106000,59000,47000,47000
058846,鴻海群益99購03  ,0,0,0,0,0,0,0,0,0,47000,0,0,0,81000,34000,47000,47000
058863,可成凱基99購02  ,0,0,0,0,0,0,0,0,0,47000,0,0,0,51000,4000,47000,47000
059689,南亞科永豐99購02,0,0,0,0,0,0,0,0,0,47000,0,0,0,47000,0,47000,47000
059629,友達凱基99購06  ,0,0,0,0,0,0,0,0,0,47000,0,0,0,57000,10000,47000,47000
060342,台積電統一02購01,0,0,0,0,0,0,0,0,0,46000,0,0,0,66000,20000,46000,46000
061335,國巨元大9A購19  ,0,0,0,0,0,0,0,0,0,46000,0,0,0,90000,44000,46000,46000
061095,台積電台新9B購03,0,0,0,0,0,0,0,0,0,46000,0,0,0,150000,104000,46000,46000
061718,GIS凱基9B購01   ,0,0,0,0,0,0,0,0,0,46000,0,0,0,204000,158000,46000,46000
055845,大立光元大97購08,0,0,0,0,0,0,0,0,0,46000,0,0,0,46000,0,46000,46000
053827,漢唐麥證9A購01  ,0,0,0,228000,182000,46000,0,0,0,46000,0,0,0,228000,182000,46000,46000
057589,超眾國票9A購01  ,0,0,0,0,0,0,0,0,0,46000,0,0,0,121000,75000,46000,46000
056168,鴻海元富97購07  ,0,0,0,0,0,0,0,0,0,46000,0,0,0,56000,10000,46000,46000
056709,華通永豐98購01  ,0,0,0,0,0,0,0,0,0,46000,0,0,0,46000,0,46000,46000
059097,世紀鋼元大99購05,0,0,0,0,0,0,0,0,0,46000,0,0,0,150000,104000,46000,46000
057963,緯穎元大98購08  ,0,0,0,0,0,0,0,0,0,46000,0,0,0,135000,89000,46000,46000
057872,旺宏元大99購06  ,0,0,0,0,0,0,0,0,0,46000,0,0,0,47000,1000,46000,46000
061700,瑞昱國票9A購02  ,0,0,0,0,0,0,0,0,0,45000,0,0,0,45000,0,45000,45000
061729,祥碩麥證9A購02  ,0,0,0,79000,34000,45000,0,0,0,45000,0,0,0,79000,34000,45000,45000
061771,玉晶光元大9C購04,0,0,0,0,0,0,0,0,0,45000,0,0,0,152000,107000,45000,45000
061824,聯電麥證9B購01  ,0,0,0,100000,55000,45000,0,0,0,45000,0,0,0,100000,55000,45000,45000
062050,亞德客統一9C購01,0,0,0,0,0,0,0,0,0,45000,0,0,0,166000,121000,45000,45000
06509P,鴻海群益98售03  ,0,0,0,0,0,0,0,0,0,45000,0,0,0,45000,0,45000,45000
061141,臻鼎統一9A購01  ,0,0,0,0,0,0,0,0,0,45000,0,0,0,70000,25000,45000,45000
060905,台積電元大9A購20,0,0,0,0,0,0,0,0,0,45000,0,0,0,50000,5000,45000,45000
060844,大立光國票9A購07,0,0,0,0,0,0,0,0,0,45000,0,0,0,45000,0,45000,45000
060842,新光金國票9B購01,0,0,0,0,0,0,0,0,0,45000,0,0,0,45000,0,45000,45000
060557,南電凱基9A購02  ,0,0,0,0,0,0,0,0,0,45000,0,0,0,45000,0,45000,45000
060670,臺指反元大01購03,0,0,0,0,0,0,0,0,0,45000,0,0,0,50000,5000,45000,45000
053721,國泰金凱基97購01,0,0,0,0,0,0,0,0,0,45000,0,0,0,45000,0,45000,45000
054540,泰鼎國票99購01  ,0,0,0,0,0,0,0,0,0,45000,0,0,0,187000,142000,45000,45000
055740,智易元富97購01  ,0,0,0,0,0,0,0,0,0,45000,0,0,0,57000,12000,45000,45000
057071,華擎永豐98購02  ,0,0,0,0,0,0,0,0,0,45000,0,0,0,796000,751000,45000,45000
05692P,聯發科中信9A售02,0,0,0,0,0,0,0,0,0,45000,0,0,0,47000,2000,45000,45000
056086,奇力新統一98購01,0,0,0,0,0,0,0,0,0,45000,0,0,0,45000,0,45000,45000
059511,宏達電永豐99購02,0,0,0,0,0,0,0,0,0,45000,0,0,0,45000,0,45000,45000
059921,大立光元大99購24,0,0,0,0,0,0,0,0,0,45000,0,0,0,45000,0,45000,45000
07301P,臺股指元大9A售34,0,0,0,0,0,0,0,0,0,45000,0,0,0,65000,20000,45000,45000
2504,國產            ,2040000,1741000,299000,0,0,0,0,275000,-275000,21000,30000,0,30000,36000,45000,-9000,45000
060677,京元電元大9A購04,0,0,0,0,0,0,0,0,0,44000,0,0,0,127000,83000,44000,44000
060591,富邦金台新9A購01,0,0,0,0,0,0,0,0,0,44000,0,0,0,60000,16000,44000,44000
06454P,緯穎元大98售04  ,0,0,0,0,0,0,0,0,0,44000,0,0,0,133000,89000,44000,44000
062247,國巨元大9B購07  ,0,0,0,0,0,0,0,0,0,44000,0,0,0,150000,106000,44000,44000
055703,緯穎富邦98購01  ,0,0,0,0,0,0,0,0,0,44000,0,0,0,333000,289000,44000,44000
054872,瀚宇博群益98購01,0,0,0,0,0,0,0,0,0,44000,0,0,0,200000,156000,44000,44000
054632,緯穎凱基9A購01  ,0,0,0,0,0,0,0,0,0,44000,0,0,0,97000,53000,44000,44000
052542,友達元富98購01  ,0,0,0,0,0,0,0,0,0,44000,0,0,0,375000,331000,44000,44000
053074,嘉晶永豐96購02  ,0,0,0,0,0,0,0,0,0,44000,0,0,0,64000,20000,44000,44000
05272P,臻鼎中信97售03  ,0,0,0,0,0,0,0,0,0,44000,0,0,0,70000,26000,44000,44000
05963P,貿聯國票97售02  ,0,0,0,0,0,0,0,0,0,44000,0,0,0,44000,0,44000,44000
059180,祥碩元富9A購01  ,0,0,0,0,0,0,0,0,0,44000,0,0,0,74000,30000,44000,44000
057068,國巨永豐98購06  ,0,0,0,0,0,0,0,0,0,44000,0,0,0,44000,0,44000,44000
058129,國巨元大99購10  ,0,0,0,0,0,0,0,0,0,44000,0,0,0,144000,100000,44000,44000
07163P,臺股指群益99售14,0,0,0,0,0,0,0,0,0,44000,0,0,0,44000,0,44000,44000
07683P,宏達電凱基9A售03,0,0,0,0,0,0,0,0,0,44000,0,0,0,50000,6000,44000,44000
5288,豐祥-KY         ,96000,52000,44000,0,0,0,0,0,0,0,0,0,0,0,0,0,44000
062224,玉晶光統一9C購03,0,0,0,0,0,0,0,0,0,43000,0,0,0,140000,97000,43000,43000
062011,上銀富邦9C購01  ,0,0,0,0,0,0,0,0,0,43000,0,0,0,56000,13000,43000,43000
060586,玉晶光元富9A購03,0,0,0,0,0,0,0,0,0,43000,0,0,0,53000,10000,43000,43000
061024,南電國泰9B購01  ,0,0,0,0,0,0,0,0,0,43000,0,0,0,53000,10000,43000,43000
058107,全新台新99購01  ,0,0,0,0,0,0,0,0,0,43000,0,0,0,43000,0,43000,43000
057944,新日興國票99購02,0,0,0,0,0,0,0,0,0,43000,0,0,0,83000,40000,43000,43000
056025,嘉晶群益97購01  ,0,0,0,0,0,0,0,0,0,43000,0,0,0,156000,113000,43000,43000
059211,鴻海元大99購27  ,0,0,0,0,0,0,0,0,0,43000,0,0,0,153000,110000,43000,43000
059144,嘉晶國票9A購02  ,0,0,0,0,0,0,0,0,0,43000,0,0,0,47000,4000,43000,43000
057752,臺股指國票98購08,0,0,0,0,0,0,0,0,0,43000,0,0,0,170000,127000,43000,43000
05729P,臺股指凱基97售02,0,0,0,0,0,0,0,0,0,43000,0,0,0,62000,19000,43000,43000
059350,樺漢凱基9A購01  ,0,0,0,0,0,0,0,0,0,43000,0,0,0,147000,104000,43000,43000
060680,玉晶光元大9C購03,0,0,0,0,0,0,0,0,0,42000,0,0,0,88000,46000,42000,42000
060122,亞德客永豐99購02,0,0,0,0,0,0,0,0,0,42000,0,0,0,46000,4000,42000,42000
06245P,健策元富97售03  ,0,0,0,0,0,0,0,0,0,42000,0,0,0,42000,0,42000,42000
03647C,T50反1元富99牛02,0,0,0,0,0,0,0,0,0,42000,0,0,0,42000,0,42000,42000
054502,泰碩永豐96購01  ,0,0,0,0,0,0,0,0,0,42000,0,0,0,63000,21000,42000,42000
059944,欣興永豐99購03  ,0,0,0,0,0,0,0,0,0,42000,0,0,0,42000,0,42000,42000
059778,上証2X元大9C購03,0,0,0,0,0,0,0,0,0,42000,0,0,0,242000,200000,42000,42000
058043,鴻海元大98購13  ,0,0,0,0,0,0,0,0,0,42000,0,0,0,42000,0,42000,42000
057656,大成鋼兆豐98購01,0,0,0,0,0,0,0,0,0,42000,0,0,0,56000,14000,42000,42000
056410,康控國票99購01  ,0,0,0,0,0,0,0,0,0,42000,0,0,0,42000,0,42000,42000
056670,樺漢國票99購01  ,0,0,0,0,0,0,0,0,0,42000,0,0,0,158000,116000,42000,42000
07867P,晶技元大9B售01  ,0,0,0,0,0,0,0,0,0,42000,0,0,0,82000,40000,42000,42000
061906,統一中信9B購01  ,0,0,0,0,0,0,0,0,0,41000,0,0,0,72000,31000,41000,41000
061425,華新科元大9A購19,0,0,0,0,0,0,0,0,0,41000,0,0,0,41000,0,41000,41000
060133,牧德群益9B購01  ,0,0,0,0,0,0,0,0,0,41000,0,0,0,41000,0,41000,41000
060737,瑞儀統一9C購01  ,0,0,0,0,0,0,0,0,0,41000,0,0,0,68000,27000,41000,41000
061249,億豐群益9A購01  ,0,0,0,0,0,0,0,0,0,41000,0,0,0,52000,11000,41000,41000
054370,台積電中信9A購01,0,0,0,0,0,0,0,0,0,41000,0,0,0,50000,9000,41000,41000
055421,玉晶光永豐98購04,0,0,0,0,0,0,0,0,0,41000,0,0,0,91000,50000,41000,41000
054025,鴻海凱基96購17  ,0,0,0,0,0,0,0,0,0,41000,0,0,0,90000,49000,41000,41000
053534,微星永豐96購02  ,0,0,0,0,0,0,0,0,0,41000,0,0,0,295000,254000,41000,41000
056398,南茂永豐98購01  ,0,0,0,0,0,0,0,0,0,41000,0,0,0,244000,203000,41000,41000
058749,康控凱基99購03  ,0,0,0,0,0,0,0,0,0,41000,0,0,0,73000,32000,41000,41000
056214,義隆國票99購01  ,0,0,0,0,0,0,0,0,0,41000,0,0,0,76000,35000,41000,41000
058026,上銀富邦9A購01  ,0,0,0,0,0,0,0,0,0,41000,0,0,0,41000,0,41000,41000
059950,百和永豐99購02  ,0,0,0,0,0,0,0,0,0,41000,0,0,0,41000,0,41000,41000
057364,國巨元大98購18  ,0,0,0,0,0,0,0,0,0,41000,0,0,0,124000,83000,41000,41000
056558,台達電群益98購01,0,0,0,0,0,0,0,0,0,41000,0,0,0,89000,48000,41000,41000
07300P,臺股指元大9A售33,0,0,0,0,0,0,0,0,0,41000,0,0,0,106000,65000,41000,41000
07284P,大立光凱基99售10,0,0,0,0,0,0,0,0,0,41000,0,0,0,42000,1000,41000,41000
6672,騰輝電子-KY     ,121000,80000,41000,0,0,0,0,0,0,0,0,0,0,0,0,0,41000
3535,晶彩科          ,197000,156000,41000,0,0,0,0,0,0,0,0,0,0,0,0,0,41000
2425,承啟            ,171000,130406,40594,0,0,0,0,0,0,0,0,0,0,0,0,0,40594
06035P,同欣電凱基96售03,0,0,0,0,0,0,0,0,0,40000,0,0,0,40000,0,40000,40000
061419,國巨元大9A購21  ,0,0,0,0,0,0,0,0,0,40000,0,0,0,90000,50000,40000,40000
061576,華新科元大9A購21,0,0,0,0,0,0,0,0,0,40000,0,0,0,50000,10000,40000,40000
061611,南六統一01購01  ,0,0,0,0,0,0,0,0,0,40000,0,0,0,50000,10000,40000,40000
062034,同欣電群益9B購01,0,0,0,0,0,0,0,0,0,40000,0,0,0,40000,0,40000,40000
06915P,晶技元富98售02  ,0,0,0,0,0,0,0,0,0,40000,0,0,0,40000,0,40000,40000
054523,GIS元大96購05   ,0,0,0,0,0,0,0,0,0,40000,0,0,0,50000,10000,40000,40000
053422,可成永豐96購01  ,0,0,0,0,0,0,0,0,0,40000,0,0,0,40000,0,40000,40000
054408,義隆國票98購01  ,0,0,0,0,0,0,0,0,0,40000,0,0,0,40000,0,40000,40000
055505,新唐元大97購02  ,0,0,0,0,0,0,0,0,0,40000,0,0,0,70000,30000,40000,40000
055731,美律元富97購01  ,0,0,0,0,0,0,0,0,0,40000,0,0,0,40000,0,40000,40000
054957,興富發元大97購01,0,0,0,0,0,0,0,0,0,40000,0,0,0,50000,10000,40000,40000
055146,華通元大98購04  ,0,0,0,0,0,0,0,0,0,40000,0,0,0,40000,0,40000,40000
058502,鴻海元大99購13  ,0,0,0,0,0,0,0,0,0,40000,0,0,0,85000,45000,40000,40000
04957P,上証2X凱基96售02,0,0,0,0,0,0,0,0,0,40000,0,0,0,40000,0,40000,40000
049518,宏達電國票95購02,0,0,0,0,0,0,0,0,0,40000,0,0,0,40000,0,40000,40000
052965,廣宇群益97購01  ,0,0,0,0,0,0,0,0,0,40000,0,0,0,40000,0,40000,40000
053068,智伸科群益96購01,0,0,0,0,0,0,0,0,0,40000,0,0,0,40000,0,40000,40000
051591,玉晶光元大97購01,0,0,0,0,0,0,0,0,0,40000,0,0,0,40000,0,40000,40000
052585,友達永豐97購01  ,0,0,0,0,0,0,0,0,0,40000,0,0,0,40000,0,40000,40000
052588,玉晶光永豐98購01,0,0,0,0,0,0,0,0,0,40000,0,0,0,40000,0,40000,40000
052219,大立光日盛95購02,0,0,0,0,0,0,0,0,0,40000,0,0,0,40000,0,40000,40000
053195,玉晶光元富96購02,0,0,0,0,0,0,0,0,0,40000,0,0,0,40000,0,40000,40000
053205,台光電麥證96購01,0,0,0,40000,0,40000,0,0,0,40000,0,0,0,40000,0,40000,40000
053297,鎧勝中信98購01  ,0,0,0,0,0,0,0,0,0,40000,0,0,0,175000,135000,40000,40000
054185,喬山永豐96購02  ,0,0,0,0,0,0,0,0,0,40000,0,0,0,40000,0,40000,40000
057277,可成元大98購05  ,0,0,0,0,0,0,0,0,0,40000,0,0,0,41000,1000,40000,40000
057286,群創元大9B購05  ,0,0,0,0,0,0,0,0,0,40000,0,0,0,158000,118000,40000,40000
058919,SGBR2X元富99購05,0,0,0,0,0,0,0,0,0,40000,0,0,0,40000,0,40000,40000
057792,群創統一99購01  ,0,0,0,0,0,0,0,0,0,40000,0,0,0,40000,0,40000,40000
059266,緯創中信01購01  ,0,0,0,0,0,0,0,0,0,40000,0,0,0,50000,10000,40000,40000
058424,滬深2X元富99購04,0,0,0,0,0,0,0,0,0,40000,0,0,0,77000,37000,40000,40000
056256,聯茂元富97購03  ,0,0,0,0,0,0,0,0,0,40000,0,0,0,40000,0,40000,40000
058683,可成凱基9A購01  ,0,0,0,0,0,0,0,0,0,40000,0,0,0,40000,0,40000,40000
056028,GIS群益97購02   ,0,0,0,0,0,0,0,0,0,40000,0,0,0,40000,0,40000,40000
056783,國巨群益99購01  ,0,0,0,0,0,0,0,0,0,40000,0,0,0,347000,307000,40000,40000
056579,麗豐元大99購01  ,0,0,0,0,0,0,0,0,0,40000,0,0,0,232000,192000,40000,40000
07312P,台灣50元大99售10,0,0,0,0,0,0,0,0,0,40000,0,0,0,125000,85000,40000,40000
07644P,南電凱基9A售03  ,0,0,0,0,0,0,0,0,0,40000,0,0,0,64000,24000,40000,40000
07590P,玉晶光國票9A售03,0,0,0,0,0,0,0,0,0,40000,0,0,0,52000,12000,40000,40000
061973,上銀元大9B購01  ,0,0,0,0,0,0,0,0,0,39000,0,0,0,44000,5000,39000,39000
061975,華通元大9B購01  ,0,0,0,0,0,0,0,0,0,39000,0,0,0,69000,30000,39000,39000
061917,亞德客凱基9B購02,0,0,0,0,0,0,0,0,0,39000,0,0,0,39000,0,39000,39000
061719,緯穎凱基9A購06  ,0,0,0,0,0,0,0,0,0,39000,0,0,0,49000,10000,39000,39000
061446,鴻海中信04購01  ,0,0,0,0,0,0,0,0,0,39000,0,0,0,77000,38000,39000,39000
060547,瑞昱凱基9A購01  ,0,0,0,0,0,0,0,0,0,39000,0,0,0,78000,39000,39000,39000
051544,T50反1康和98購01,0,0,0,0,0,0,0,0,0,39000,0,0,0,40000,1000,39000,39000
055733,奇力新元富97購01,0,0,0,0,0,0,0,0,0,39000,0,0,0,144000,105000,39000,39000
053638,信邦永豐96購01  ,0,0,0,0,0,0,0,0,0,39000,0,0,0,49000,10000,39000,39000
059541,T50正2康和99購01,0,0,0,0,0,0,0,0,0,39000,0,0,0,56000,17000,39000,39000
059989,嘉晶元大9A購01  ,0,0,0,0,0,0,0,0,0,39000,0,0,0,152000,113000,39000,39000
3031,佰鴻            ,121000,82000,39000,0,0,0,0,0,0,0,0,0,0,0,0,0,39000
060642,華擎永豐9A購02  ,0,0,0,0,0,0,0,0,0,38000,0,0,0,83000,45000,38000,38000
060196,泰鼎元富9A購01  ,0,0,0,0,0,0,0,0,0,38000,0,0,0,139000,101000,38000,38000
061321,華新科凱基9A購09,0,0,0,0,0,0,0,0,0,38000,0,0,0,68000,30000,38000,38000
061088,國巨統一9C購05  ,0,0,0,0,0,0,0,0,0,38000,0,0,0,258000,220000,38000,38000
061491,嘉聯益兆豐9B購01,0,0,0,0,0,0,0,0,0,38000,0,0,0,47000,9000,38000,38000
061561,義隆國票9A購02  ,0,0,0,0,0,0,0,0,0,38000,0,0,0,38000,0,38000,38000
061853,晶技國票9B購02  ,0,0,0,0,0,0,0,0,0,38000,0,0,0,116000,78000,38000,38000
06542P,台光電國票98售05,0,0,0,0,0,0,0,0,0,38000,0,0,0,38000,0,38000,38000
06582P,可成凱基98售06  ,0,0,0,0,0,0,0,0,0,38000,0,0,0,42000,4000,38000,38000
058534,友達統一9B購01  ,0,0,0,0,0,0,0,0,0,38000,0,0,0,139000,101000,38000,38000
054844,華邦電兆豐98購01,0,0,0,0,0,0,0,0,0,38000,0,0,0,38000,0,38000,38000
051539,瀚宇博國票97購01,0,0,0,0,0,0,0,0,0,38000,0,0,0,68000,30000,38000,38000
049775,旺宏統一95購02  ,0,0,0,0,0,0,0,0,0,38000,0,0,0,38000,0,38000,38000
057395,旺宏中信98購03  ,0,0,0,0,0,0,0,0,0,38000,0,0,0,130000,92000,38000,38000
056771,嘉晶元大99購01  ,0,0,0,0,0,0,0,0,0,38000,0,0,0,38000,0,38000,38000
057146,技嘉國票98購01  ,0,0,0,0,0,0,0,0,0,38000,0,0,0,368000,330000,38000,38000
057150,貿聯國票99購02  ,0,0,0,0,0,0,0,0,0,38000,0,0,0,38000,0,38000,38000
059070,道瓊指元大99購02,0,0,0,0,0,0,0,0,0,38000,0,0,0,50000,12000,38000,38000
07505P,台勝科元大9A售01,0,0,0,0,0,0,0,0,0,38000,0,0,0,93000,55000,38000,38000
07805P,義隆永豐9A售02  ,0,0,0,0,0,0,0,0,0,38000,0,0,0,68000,30000,38000,38000
07730P,臺股指凱基9A售22,0,0,0,0,0,0,0,0,0,38000,0,0,0,48000,10000,38000,38000
07026P,超眾凱基99售03  ,0,0,0,0,0,0,0,0,0,38000,0,0,0,94000,56000,38000,38000
3588,通嘉            ,132000,94000,38000,0,0,0,0,0,0,0,0,0,0,0,0,0,38000
060718,中磊永豐9A購01  ,0,0,0,0,0,0,0,0,0,37000,0,0,0,52000,15000,37000,37000
060422,台勝科永豐9A購01,0,0,0,0,0,0,0,0,0,37000,0,0,0,37000,0,37000,37000
052938,華新科兆豐96購01,0,0,0,0,0,0,0,0,0,37000,0,0,0,37000,0,37000,37000
054656,深中小元大97購01,0,0,0,0,0,0,0,0,0,37000,0,0,0,54000,17000,37000,37000
055619,同欣電國票98購02,0,0,0,0,0,0,0,0,0,37000,0,0,0,48000,11000,37000,37000
055635,緯穎永豐97購01  ,0,0,0,0,0,0,0,0,0,37000,0,0,0,68000,31000,37000,37000
058481,玉晶光凱基9A購04,0,0,0,0,0,0,0,0,0,37000,0,0,0,80000,43000,37000,37000
058334,鴻海元富99購05  ,0,0,0,0,0,0,0,0,0,37000,0,0,0,48000,11000,37000,37000
059023,可成統一9B購02  ,0,0,0,0,0,0,0,0,0,37000,0,0,0,178000,141000,37000,37000
057129,聯發科凱基99購03,0,0,0,0,0,0,0,0,0,37000,0,0,0,50000,13000,37000,37000
056616,台光電永豐98購01,0,0,0,0,0,0,0,0,0,37000,0,0,0,37000,0,37000,37000
058687,聯茂凱基9A購01  ,0,0,0,0,0,0,0,0,0,37000,0,0,0,50000,13000,37000,37000
057389,玉晶光永豐98購06,0,0,0,0,0,0,0,0,0,37000,0,0,0,154000,117000,37000,37000
059558,T50正2凱基9C購03,0,0,0,0,0,0,0,0,0,37000,0,0,0,37000,0,37000,37000
059559,T50反1凱基99購07,0,0,0,0,0,0,0,0,0,37000,0,0,0,37000,0,37000,37000
058951,南電群益99購01  ,0,0,0,0,0,0,0,0,0,37000,0,0,0,39000,2000,37000,37000
07051P,大立光中信99售02,0,0,0,0,0,0,0,0,0,37000,0,0,0,45000,8000,37000,37000
07830P,牧德凱基9A售03  ,0,0,0,0,0,0,0,0,0,37000,0,0,0,72000,35000,37000,37000
07922P,大立光群益9B售05,0,0,0,0,0,0,0,0,0,37000,0,0,0,37000,0,37000,37000
2455,全新            ,480000,1058000,-578000,0,0,0,695000,0,695000,-80000,4000,17000,-13000,32000,99000,-67000,37000
060462,鴻海元大9A購10  ,0,0,0,0,0,0,0,0,0,36000,0,0,0,47000,11000,36000,36000
060470,台勝科元大9A購03,0,0,0,0,0,0,0,0,0,36000,0,0,0,66000,30000,36000,36000
060228,亞德客元大9A購01,0,0,0,0,0,0,0,0,0,36000,0,0,0,40000,4000,36000,36000
06748P,智邦台新98售02  ,0,0,0,0,0,0,0,0,0,36000,0,0,0,76000,40000,36000,36000
062073,國巨元大9B購06  ,0,0,0,0,0,0,0,0,0,36000,0,0,0,161000,125000,36000,36000
062047,緯穎凱基9B購01  ,0,0,0,0,0,0,0,0,0,36000,0,0,0,77000,41000,36000,36000
061813,鴻海群益9B購02  ,0,0,0,0,0,0,0,0,0,36000,0,0,0,170000,134000,36000,36000
061535,群創統一9C購01  ,0,0,0,0,0,0,0,0,0,36000,0,0,0,522000,486000,36000,36000
058377,茂林凱基9A購03  ,0,0,0,0,0,0,0,0,0,36000,0,0,0,62000,26000,36000,36000
058220,世芯國票9A購01  ,0,0,0,0,0,0,0,0,0,36000,0,0,0,38000,2000,36000,36000
054641,祥碩中信98購01  ,0,0,0,0,0,0,0,0,0,36000,0,0,0,56000,20000,36000,36000
053955,華通永豐96購04  ,0,0,0,0,0,0,0,0,0,36000,0,0,0,78000,42000,36000,36000
00757,統一FANG+       ,0,0,0,0,0,0,0,0,0,36000,0,0,0,256000,220000,36000,36000
058932,FBVIX台新99購01 ,0,0,0,0,0,0,0,0,0,36000,0,0,0,40000,4000,36000,36000
059284,緯穎永豐99購03  ,0,0,0,0,0,0,0,0,0,36000,0,0,0,36000,0,36000,36000
058760,嘉晶群益9A購01  ,0,0,0,0,0,0,0,0,0,36000,0,0,0,139000,103000,36000,36000
056008,全新中信9B購01  ,0,0,0,0,0,0,0,0,0,36000,0,0,0,36000,0,36000,36000
056610,鴻海永豐98購01  ,0,0,0,0,0,0,0,0,0,36000,0,0,0,140000,104000,36000,36000
059118,晶技永豐9A購01  ,0,0,0,0,0,0,0,0,0,36000,0,0,0,62000,26000,36000,36000
057026,長榮航凱基98購01,0,0,0,0,0,0,0,0,0,36000,0,0,0,36000,0,36000,36000
07878P,智邦群益9C售01  ,0,0,0,0,0,0,0,0,0,36000,0,0,0,37000,1000,36000,36000
061463,智邦群益9A購02  ,0,0,0,0,0,0,0,0,0,35000,0,0,0,69000,34000,35000,35000
060277,道瓊反元大9A購02,0,0,0,0,0,0,0,0,0,35000,0,0,0,35000,0,35000,35000
060105,牧德元大9B購01  ,0,0,0,0,0,0,0,0,0,35000,0,0,0,37000,2000,35000,35000
060477,和潤元大9A購01  ,0,0,0,0,0,0,0,0,0,35000,0,0,0,144000,109000,35000,35000
060531,大立光中信9A購04,0,0,0,0,0,0,0,0,0,35000,0,0,0,35000,0,35000,35000
060452,儒鴻元大9A購01  ,0,0,0,0,0,0,0,0,0,35000,0,0,0,59000,24000,35000,35000
060938,臺指反國票9B購03,0,0,0,0,0,0,0,0,0,35000,0,0,0,35000,0,35000,35000
061271,聯茂凱基9A購04  ,0,0,0,0,0,0,0,0,0,35000,0,0,0,45000,10000,35000,35000
061206,旺宏元大9A購12  ,0,0,0,0,0,0,0,0,0,35000,0,0,0,50000,15000,35000,35000
050183,奇鋐元大96購01  ,0,0,0,0,0,0,0,0,0,35000,0,0,0,41000,6000,35000,35000
047673,瑞昱元富96購01  ,0,0,0,0,0,0,0,0,0,35000,0,0,0,60000,25000,35000,35000
048188,臺指反元大96購05,0,0,0,0,0,0,0,0,0,35000,0,0,0,35000,0,35000,35000
052491,泰碩國票99購01  ,0,0,0,0,0,0,0,0,0,35000,0,0,0,45000,10000,35000,35000
052060,旺宏國票96購02  ,0,0,0,0,0,0,0,0,0,35000,0,0,0,36000,1000,35000,35000
053932,華新科統一96購03,0,0,0,0,0,0,0,0,0,35000,0,0,0,35000,0,35000,35000
054111,緯穎凱基97購01  ,0,0,0,0,0,0,0,0,0,35000,0,0,0,52000,17000,35000,35000
055446,奇力新統一9A購01,0,0,0,0,0,0,0,0,0,35000,0,0,0,35000,0,35000,35000
055653,聯詠元富01購02  ,0,0,0,0,0,0,0,0,0,35000,0,0,0,103000,68000,35000,35000
056375,玉晶光統一01購01,0,0,0,0,0,0,0,0,0,35000,0,0,0,35000,0,35000,35000
057228,友達凱基9B購01  ,0,0,0,0,0,0,0,0,0,35000,0,0,0,50000,15000,35000,35000
056044,同欣電凱基97購03,0,0,0,0,0,0,0,0,0,35000,0,0,0,80000,45000,35000,35000
058688,矽創凱基9A購01  ,0,0,0,0,0,0,0,0,0,35000,0,0,0,45000,10000,35000,35000
058660,樺漢中信9A購01  ,0,0,0,0,0,0,0,0,0,35000,0,0,0,58000,23000,35000,35000
056482,貿聯元大99購01  ,0,0,0,0,0,0,0,0,0,35000,0,0,0,35000,0,35000,35000
059678,鴻海國泰9A購03  ,0,0,0,0,0,0,0,0,0,35000,0,0,0,182000,147000,35000,35000
059502,台灣50台新9B購04,0,0,0,0,0,0,0,0,0,35000,0,0,0,35000,0,35000,35000
059913,台積電元大99購44,0,0,0,0,0,0,0,0,0,35000,0,0,0,50000,15000,35000,35000
058831,茂林永豐99購01  ,0,0,0,0,0,0,0,0,0,35000,0,0,0,144000,109000,35000,35000
057548,微星凱基99購01  ,0,0,0,0,0,0,0,0,0,35000,0,0,0,35000,0,35000,35000
059235,鴻海凱基99購08  ,0,0,0,0,0,0,0,0,0,35000,0,0,0,35000,0,35000,35000
057646,玉山金元大98購01,0,0,0,0,0,0,0,0,0,35000,0,0,0,39000,4000,35000,35000
07677P,祥碩永豐9A售01  ,0,0,0,0,0,0,0,0,0,35000,0,0,0,50000,15000,35000,35000
2548,華固            ,313000,274000,39000,0,0,0,0,0,0,-4000,0,4000,-4000,0,0,0,35000
3257,虹冠電          ,96000,61000,35000,0,0,0,0,0,0,0,0,0,0,0,0,0,35000
060708,康友富邦9B購01  ,0,0,0,0,0,0,0,0,0,34000,0,0,0,103000,69000,34000,34000
061568,國巨元大9A購25  ,0,0,0,0,0,0,0,0,0,34000,0,0,0,101000,67000,34000,34000
062035,瑞祺群益9B購01  ,0,0,0,0,0,0,0,0,0,34000,0,0,0,85000,51000,34000,34000
06545P,致茂元大98售01  ,0,0,0,0,0,0,0,0,0,34000,0,0,0,100000,66000,34000,34000
058170,國巨凱基9A購06  ,0,0,0,0,0,0,0,0,0,34000,0,0,0,82000,48000,34000,34000
053640,上緯控永豐96購01,0,0,0,0,0,0,0,0,0,34000,0,0,0,65000,31000,34000,34000
054169,上緯控凱基98購01,0,0,0,0,0,0,0,0,0,34000,0,0,0,147000,113000,34000,34000
050955,達方群益97購01  ,0,0,0,0,0,0,0,0,0,34000,0,0,0,34000,0,34000,34000
057638,上銀元大99購01  ,0,0,0,0,0,0,0,0,0,34000,0,0,0,132000,98000,34000,34000
058036,南電永豐98購01  ,0,0,0,0,0,0,0,0,0,34000,0,0,0,35000,1000,34000,34000
059997,華航元富99購01  ,0,0,0,0,0,0,0,0,0,34000,0,0,0,44000,10000,34000,34000
057355,彩晶統一98購03  ,0,0,0,0,0,0,0,0,0,34000,0,0,0,40000,6000,34000,34000
057173,南亞科元大98購04,0,0,0,0,0,0,0,0,0,34000,0,0,0,129000,95000,34000,34000
06879P,長榮航凱基98售02,0,0,0,0,0,0,0,0,0,33000,0,0,0,33000,0,33000,33000
061566,華通元大9A購10  ,0,0,0,0,0,0,0,0,0,33000,0,0,0,121000,88000,33000,33000
061603,瑞昱凱基9A購02  ,0,0,0,0,0,0,0,0,0,33000,0,0,0,68000,35000,33000,33000
060587,牧德元富9A購01  ,0,0,0,0,0,0,0,0,0,33000,0,0,0,33000,0,33000,33000
060195,旭富元富9A購02  ,0,0,0,0,0,0,0,0,0,33000,0,0,0,79000,46000,33000,33000
060146,健策國票9A購03  ,0,0,0,0,0,0,0,0,0,33000,0,0,0,38000,5000,33000,33000
060761,南亞科元大9A購05,0,0,0,0,0,0,0,0,0,33000,0,0,0,150000,117000,33000,33000
00865B,國泰US短期公債  ,0,0,0,0,0,0,0,0,0,33000,0,0,0,133000,100000,33000,33000
054654,全新麥證99購01  ,0,0,0,63000,30000,33000,0,0,0,33000,0,0,0,63000,30000,33000,33000
053710,華通凱基96購05  ,0,0,0,0,0,0,0,0,0,33000,0,0,0,101000,68000,33000,33000
054003,鴻海統一96購13  ,0,0,0,0,0,0,0,0,0,33000,0,0,0,46000,13000,33000,33000
057943,可成國票99購03  ,0,0,0,0,0,0,0,0,0,33000,0,0,0,33000,0,33000,33000
057135,立積凱基98購01  ,0,0,0,0,0,0,0,0,0,33000,0,0,0,137000,104000,33000,33000
059068,台虹國票9A購01  ,0,0,0,0,0,0,0,0,0,33000,0,0,0,40000,7000,33000,33000
05719P,可成元大96售03  ,0,0,0,0,0,0,0,0,0,33000,0,0,0,34000,1000,33000,33000
057188,佐登元大98購01  ,0,0,0,0,0,0,0,0,0,33000,0,0,0,70000,37000,33000,33000
057603,樺漢群益98購02  ,0,0,0,0,0,0,0,0,0,33000,0,0,0,53000,20000,33000,33000
058977,SGBR2X凱基03購01,0,0,0,0,0,0,0,0,0,33000,0,0,0,50000,17000,33000,33000
059263,瑞昱中信01購01  ,0,0,0,0,0,0,0,0,0,33000,0,0,0,37000,4000,33000,33000
3041,揚智            ,383000,350000,33000,0,0,0,0,0,0,0,0,0,0,0,0,0,33000
07774P,台灣50群益9A售16,0,0,0,0,0,0,0,0,0,33000,0,0,0,33000,0,33000,33000
07166P,台灣50兆豐03售01,0,0,0,0,0,0,0,0,0,33000,0,0,0,33000,0,33000,33000
060838,華通國票9A購05  ,0,0,0,0,0,0,0,0,0,32000,0,0,0,62000,30000,32000,32000
060265,宏達電國票9A購02,0,0,0,0,0,0,0,0,0,32000,0,0,0,45000,13000,32000,32000
060296,和碩元大9A購01  ,0,0,0,0,0,0,0,0,0,32000,0,0,0,32000,0,32000,32000
060338,鴻海統一9C購02  ,0,0,0,0,0,0,0,0,0,32000,0,0,0,42000,10000,32000,32000
061499,嘉晶國票9A購03  ,0,0,0,0,0,0,0,0,0,32000,0,0,0,35000,3000,32000,32000
062003,國巨國泰01購01  ,0,0,0,0,0,0,0,0,0,32000,0,0,0,765000,733000,32000,32000
062006,瑞昱國泰9C購01  ,0,0,0,0,0,0,0,0,0,32000,0,0,0,103000,71000,32000,32000
061913,宏碁中信9B購01  ,0,0,0,0,0,0,0,0,0,32000,0,0,0,37000,5000,32000,32000
061879,超眾元大9C購01  ,0,0,0,0,0,0,0,0,0,32000,0,0,0,83000,51000,32000,32000
054386,鴻海統一98購03  ,0,0,0,0,0,0,0,0,0,32000,0,0,0,52000,20000,32000,32000
055416,欣興富邦98購01  ,0,0,0,0,0,0,0,0,0,32000,0,0,0,32000,0,32000,32000
058378,南電凱基99購01  ,0,0,0,0,0,0,0,0,0,32000,0,0,0,32000,0,32000,32000
058363,全新凱基9A購02  ,0,0,0,0,0,0,0,0,0,32000,0,0,0,105000,73000,32000,32000
055018,緯穎元富97購02  ,0,0,0,0,0,0,0,0,0,32000,0,0,0,42000,10000,32000,32000
057672,茂林元大98購02  ,0,0,0,0,0,0,0,0,0,32000,0,0,0,60000,28000,32000,32000
057591,鴻海兆豐99購01  ,0,0,0,0,0,0,0,0,0,32000,0,0,0,40000,8000,32000,32000
059673,玉山金元富99購01,0,0,0,0,0,0,0,0,0,32000,0,0,0,32000,0,32000,32000
059957,中信金康和99購01,0,0,0,0,0,0,0,0,0,32000,0,0,0,80000,48000,32000,32000
058720,旭富元富99購01  ,0,0,0,0,0,0,0,0,0,32000,0,0,0,32000,0,32000,32000
058747,友達凱基9A購03  ,0,0,0,0,0,0,0,0,0,32000,0,0,0,72000,40000,32000,32000
2316,楠梓電          ,320000,229000,91000,0,0,0,0,0,0,-59000,0,100000,-100000,61000,20000,41000,32000
6591,動力-KY         ,87000,55000,32000,0,0,0,0,0,0,0,0,0,0,0,0,0,32000
061577,泰碩元大9A購03  ,0,0,0,0,0,0,0,0,0,31000,0,0,0,99000,68000,31000,31000
06247P,同欣電元富97售02,0,0,0,0,0,0,0,0,0,31000,0,0,0,31000,0,31000,31000
060581,玉晶光群益9B購02,0,0,0,0,0,0,0,0,0,31000,0,0,0,32000,1000,31000,31000
060584,玉晶光元富9A購01,0,0,0,0,0,0,0,0,0,31000,0,0,0,62000,31000,31000,31000
060707,台郡富邦9A購01  ,0,0,0,0,0,0,0,0,0,31000,0,0,0,155000,124000,31000,31000
060882,大立光中信9A購05,0,0,0,0,0,0,0,0,0,31000,0,0,0,31000,0,31000,31000
061193,玉晶光永豐9B購02,0,0,0,0,0,0,0,0,0,31000,0,0,0,40000,9000,31000,31000
055727,矽力元大97購02  ,0,0,0,0,0,0,0,0,0,31000,0,0,0,31000,0,31000,31000
054770,健策國票98購01  ,0,0,0,0,0,0,0,0,0,31000,0,0,0,31000,0,31000,31000
055872,亞泥元富97購01  ,0,0,0,0,0,0,0,0,0,31000,0,0,0,46000,15000,31000,31000
052020,聯茂永豐95購02  ,0,0,0,0,0,0,0,0,0,31000,0,0,0,31000,0,31000,31000
052696,玉晶光麥證97購01,0,0,0,101000,29000,72000,0,0,0,31000,0,0,0,121000,90000,31000,31000
056036,鴻海凱基97購07  ,0,0,0,0,0,0,0,0,0,31000,0,0,0,32000,1000,31000,31000
056174,億光元富97購01  ,0,0,0,0,0,0,0,0,0,31000,0,0,0,31000,0,31000,31000
056828,國巨富邦9A購03  ,0,0,0,0,0,0,0,0,0,31000,0,0,0,31000,0,31000,31000
056852,矽格元富98購01  ,0,0,0,0,0,0,0,0,0,31000,0,0,0,111000,80000,31000,31000
059019,元石油統一9B購03,0,0,0,0,0,0,0,0,0,31000,0,0,0,250000,219000,31000,31000
059452,全新永豐99購03  ,0,0,0,0,0,0,0,0,0,31000,0,0,0,48000,17000,31000,31000
059917,華新科元大99購19,0,0,0,0,0,0,0,0,0,31000,0,0,0,41000,10000,31000,31000
059213,國巨元大99購19  ,0,0,0,0,0,0,0,0,0,31000,0,0,0,67000,36000,31000,31000
057506,聯鈞國票99購02  ,0,0,0,0,0,0,0,0,0,31000,0,0,0,89000,58000,31000,31000
07149P,健鼎元大99售03  ,0,0,0,0,0,0,0,0,0,31000,0,0,0,32000,1000,31000,31000
07577P,華新科元大9A售09,0,0,0,0,0,0,0,0,0,31000,0,0,0,31000,0,31000,31000
3034,聯詠            ,2460057,2448029,12028,0,0,0,0,0,0,18000,60000,36000,24000,4000,10000,-6000,30028
061277,智邦台新9A購01  ,0,0,0,0,0,0,0,0,0,30000,0,0,0,31000,1000,30000,30000
061350,牧德元大9B購03  ,0,0,0,0,0,0,0,0,0,30000,0,0,0,201000,171000,30000,30000
060403,上銀國泰9B購01  ,0,0,0,0,0,0,0,0,0,30000,0,0,0,30000,0,30000,30000
06017P,亞光凱基96售04  ,0,0,0,0,0,0,0,0,0,30000,0,0,0,40000,10000,30000,30000
061674,聯發科元大9A購12,0,0,0,0,0,0,0,0,0,30000,0,0,0,30000,0,30000,30000
061922,瑞昱凱基9B購01  ,0,0,0,0,0,0,0,0,0,30000,0,0,0,50000,20000,30000,30000
061841,晶技凱基9C購01  ,0,0,0,0,0,0,0,0,0,30000,0,0,0,40000,10000,30000,30000
052742,可成元大96購01  ,0,0,0,0,0,0,0,0,0,30000,0,0,0,30000,0,30000,30000
046791,台郡統一96購01  ,0,0,0,0,0,0,0,0,0,30000,0,0,0,30000,0,30000,30000
049230,台達電富邦96購01,0,0,0,0,0,0,0,0,0,30000,0,0,0,30000,0,30000,30000
00737,國泰AI+Robo     ,0,61000,-61000,0,0,0,0,0,0,91000,0,0,0,263000,172000,91000,30000
050138,台表科國票95購02,0,0,0,0,0,0,0,0,0,30000,0,0,0,30000,0,30000,30000
050634,華新科群益96購01,0,0,0,0,0,0,0,0,0,30000,0,0,0,30000,0,30000,30000
052076,可成元富98購01  ,0,0,0,0,0,0,0,0,0,30000,0,0,0,30000,0,30000,30000
052230,大立光凱基96購09,0,0,0,0,0,0,0,0,0,30000,0,0,0,30000,0,30000,30000
052544,牧德元富95購01  ,0,0,0,0,0,0,0,0,0,30000,0,0,0,30000,0,30000,30000
053124,聯發科凱基96購12,0,0,0,0,0,0,0,0,0,30000,0,0,0,30000,0,30000,30000
053116,華新科中信96購01,0,0,0,0,0,0,0,0,0,30000,0,0,0,30000,0,30000,30000
054188,欣興永豐96購03  ,0,0,0,0,0,0,0,0,0,30000,0,0,0,157000,127000,30000,30000
054224,亞光統一98購01  ,0,0,0,0,0,0,0,0,0,30000,0,0,0,30000,0,30000,30000
053311,同欣電凱基96購01,0,0,0,0,0,0,0,0,0,30000,0,0,0,30000,0,30000,30000
053232,友達永豐97購02  ,0,0,0,0,0,0,0,0,0,30000,0,0,0,30000,0,30000,30000
054405,樺漢康和96購01  ,0,0,0,0,0,0,0,0,0,30000,0,0,0,50000,20000,30000,30000
054005,旺宏統一97購04  ,0,0,0,0,0,0,0,0,0,30000,0,0,0,30000,0,30000,30000
054547,鴻海凱基98購02  ,0,0,0,0,0,0,0,0,0,30000,0,0,0,30000,0,30000,30000
055549,旺宏凱基97購03  ,0,0,0,0,0,0,0,0,0,30000,0,0,0,30000,0,30000,30000
055019,福懋科元富97購01,0,0,0,0,0,0,0,0,0,30000,0,0,0,70000,40000,30000,30000
055037,宏盛富邦99購01  ,0,0,0,0,0,0,0,0,0,30000,0,0,0,30000,0,30000,30000
055052,凱美永豐97購01  ,0,0,0,0,0,0,0,0,0,30000,0,0,0,30000,0,30000,30000
055221,矽創凱基97購02  ,0,0,0,0,0,0,0,0,0,30000,0,0,0,30000,0,30000,30000
055654,景碩元富97購01  ,0,0,0,0,0,0,0,0,0,30000,0,0,0,30000,0,30000,30000
055646,漢唐元富97購01  ,0,0,0,0,0,0,0,0,0,30000,0,0,0,30000,0,30000,30000
055607,華通康和97購01  ,0,0,0,0,0,0,0,0,0,30000,0,0,0,30000,0,30000,30000
054880,華泰統一97購01  ,0,0,0,0,0,0,0,0,0,30000,0,0,0,30000,0,30000,30000
054883,億光統一97購01  ,0,0,0,0,0,0,0,0,0,30000,0,0,0,40000,10000,30000,30000
058347,玉晶光群益9B購01,0,0,0,0,0,0,0,0,0,30000,0,0,0,277000,247000,30000,30000
058267,奇鋐永豐99購01  ,0,0,0,0,0,0,0,0,0,30000,0,0,0,60000,30000,30000,30000
05858P,矽力中信96售01  ,0,0,0,0,0,0,0,0,0,30000,0,0,0,30000,0,30000,30000
059161,鴻海凱基9A購09  ,0,0,0,0,0,0,0,0,0,30000,0,0,0,50000,20000,30000,30000
059209,華通元大99購08  ,0,0,0,0,0,0,0,0,0,30000,0,0,0,36000,6000,30000,30000
057745,泰鼎永豐99購01  ,0,0,0,0,0,0,0,0,0,30000,0,0,0,30000,0,30000,30000
059898,T50反1元大99購15,0,0,0,0,0,0,0,0,0,30000,0,0,0,30000,0,30000,30000
059948,正文永豐99購01  ,0,0,0,0,0,0,0,0,0,30000,0,0,0,83000,53000,30000,30000
059739,華通元富99購04  ,0,0,0,0,0,0,0,0,0,30000,0,0,0,30000,0,30000,30000
059665,嘉聯益元大99購06,0,0,0,0,0,0,0,0,0,30000,0,0,0,30000,0,30000,30000
05954P,旺宏國票97售03  ,0,0,0,0,0,0,0,0,0,30000,0,0,0,30000,0,30000,30000
059597,大立光元大99購21,0,0,0,0,0,0,0,0,0,30000,0,0,0,30000,0,30000,30000
057363,華通元大99購02  ,0,0,0,0,0,0,0,0,0,30000,0,0,0,31000,1000,30000,30000
056556,南電凱基98購01  ,0,0,0,0,0,0,0,0,0,30000,0,0,0,30000,0,30000,30000
059001,聯發科元大99購17,0,0,0,0,0,0,0,0,0,30000,0,0,0,30000,0,30000,30000
058997,鴻海元大99購21  ,0,0,0,0,0,0,0,0,0,30000,0,0,0,61000,31000,30000,30000
057029,緯穎凱基98購04  ,1000,0,1000,0,0,0,0,0,0,29000,0,0,0,82000,53000,29000,30000
056922,全新兆豐99購01  ,0,0,0,0,0,0,0,0,0,30000,0,0,0,110000,80000,30000,30000
056175,可成元富97購03  ,0,0,0,0,0,0,0,0,0,30000,0,0,0,40000,10000,30000,30000
058773,和碩兆豐99購01  ,0,0,0,0,0,0,0,0,0,30000,0,0,0,30000,0,30000,30000
07491P,臺股指國票9A售09,0,0,0,0,0,0,0,0,0,30000,0,0,0,30000,0,30000,30000
07630P,臺股指凱基9A售11,0,0,0,0,0,0,0,0,0,30000,0,0,0,98000,68000,30000,30000
07631P,臺股指凱基9A售12,0,0,0,0,0,0,0,0,0,30000,0,0,0,30000,0,30000,30000
07757P,國巨國票9B售04  ,0,0,0,0,0,0,0,0,0,30000,0,0,0,40000,10000,30000,30000
07165P,臺股指群益99售16,0,0,0,0,0,0,0,0,0,30000,0,0,0,30000,0,30000,30000
07064P,臺股指元大9A售25,0,0,0,0,0,0,0,0,0,30000,0,0,0,30000,0,30000,30000
07410P,鴻海元大99售44  ,0,0,0,0,0,0,0,0,0,30000,0,0,0,30000,0,30000,30000
8481,政伸            ,33000,3000,30000,0,0,0,0,0,0,0,0,0,0,0,0,0,30000
061659,信邦永豐9A購01  ,0,0,0,0,0,0,0,0,0,29000,0,0,0,82000,53000,29000,29000
06155P,智邦統一97售02  ,0,0,0,0,0,0,0,0,0,29000,0,0,0,29000,0,29000,29000
060616,宏碁元大9A購02  ,0,0,0,0,0,0,0,0,0,29000,0,0,0,105000,76000,29000,29000
061190,力山永豐9A購02  ,0,0,0,0,0,0,0,0,0,29000,0,0,0,35000,6000,29000,29000
054947,興勤元大97購01  ,0,0,0,0,0,0,0,0,0,29000,0,0,0,532000,503000,29000,29000
054061,晶技國票97購03  ,0,0,0,0,0,0,0,0,0,29000,0,0,0,51000,22000,29000,29000
055402,正文元富97購02  ,0,0,0,0,0,0,0,0,0,29000,0,0,0,30000,1000,29000,29000
055272,國巨元大98購04  ,0,0,0,0,0,0,0,0,0,29000,0,0,0,30000,1000,29000,29000
055963,欣興元大97購04  ,0,0,0,0,0,0,0,0,0,29000,0,0,0,96000,67000,29000,29000
055830,上銀元大97購07  ,0,0,0,0,0,0,0,0,0,29000,0,0,0,32000,3000,29000,29000
051840,康友國泰97購02  ,0,0,0,0,0,0,0,0,0,29000,0,0,0,30000,1000,29000,29000
056603,嘉聯益國泰9A購01,0,0,0,0,0,0,0,0,0,29000,0,0,0,33000,4000,29000,29000
057055,立積元大99購01  ,0,0,0,0,0,0,0,0,0,29000,0,0,0,115000,86000,29000,29000
057859,神達康和98購01  ,0,0,0,0,0,0,0,0,0,29000,0,0,0,68000,39000,29000,29000
059787,奇力新元大9A購02,0,0,0,0,0,0,0,0,0,29000,0,0,0,29000,0,29000,29000
059791,超眾元大99購06  ,0,0,0,0,0,0,0,0,0,29000,0,0,0,69000,40000,29000,29000
057533,晶相光元大98購02,0,0,0,0,0,0,0,0,0,29000,0,0,0,56000,27000,29000,29000
07913P,友達元大01售01  ,0,0,0,0,0,0,0,0,0,29000,0,0,0,30000,1000,29000,29000
3022,威強電          ,122000,93000,29000,0,0,0,0,0,0,0,0,0,0,0,0,0,29000
061035,亞光永豐9A購01  ,0,0,0,0,0,0,0,0,0,28000,0,0,0,122000,94000,28000,28000
060522,鴻海中信9A購03  ,0,0,0,0,0,0,0,0,0,28000,0,0,0,71000,43000,28000,28000
061578,玉晶光元大9A購16,0,0,0,0,0,0,0,0,0,28000,0,0,0,33000,5000,28000,28000
062002,鴻海國泰01購01  ,0,0,0,0,0,0,0,0,0,28000,0,0,0,28000,0,28000,28000
055085,大毅國票97購01  ,0,0,0,0,0,0,0,0,0,28000,0,0,0,101000,73000,28000,28000
058194,勤誠永豐99購01  ,0,0,0,0,0,0,0,0,0,28000,0,0,0,55000,27000,28000,28000
058920,SGBR2X元富99購06,0,0,0,0,0,0,0,0,0,28000,0,0,0,28000,0,28000,28000
057482,微星元大98購03  ,0,0,0,0,0,0,0,0,0,28000,0,0,0,427000,399000,28000,28000
057428,正崴兆豐98購01  ,0,0,0,0,0,0,0,0,0,28000,0,0,0,348000,320000,28000,28000
059053,鴻海凱基99購07  ,0,0,0,0,0,0,0,0,0,28000,0,0,0,31000,3000,28000,28000
057931,正崴群益98購02  ,0,0,0,0,0,0,0,0,0,28000,0,0,0,190000,162000,28000,28000
058799,晶技元大99購04  ,0,0,0,0,0,0,0,0,0,28000,0,0,0,30000,2000,28000,28000
056081,T50反1統一99購02,0,0,0,0,0,0,0,0,0,28000,0,0,0,28000,0,28000,28000
6197,佳必琪          ,96000,68000,28000,0,0,0,0,0,0,0,0,0,0,0,0,0,28000
06254P,臺股指群益97售07,0,0,0,0,0,0,0,0,0,27000,0,0,0,79000,52000,27000,27000
06328P,台積電中信01售02,0,0,0,0,0,0,0,0,0,27000,0,0,0,27000,0,27000,27000
060624,玉晶光元大9C購02,0,0,0,0,0,0,0,0,0,27000,0,0,0,49000,22000,27000,27000
060573,力成永豐9A購01  ,0,0,0,0,0,0,0,0,0,27000,0,0,0,85000,58000,27000,27000
060322,卜蜂群益9A購01  ,0,0,0,0,0,0,0,0,0,27000,0,0,0,32000,5000,27000,27000
058238,奇鋐元大99購02  ,0,0,0,0,0,0,0,0,0,27000,0,0,0,27000,0,27000,27000
055071,群電永豐97購01  ,0,0,0,0,0,0,0,0,0,27000,0,0,0,82000,55000,27000,27000
055426,旺宏群益99購02  ,0,0,0,0,0,0,0,0,0,27000,0,0,0,27000,0,27000,27000
055968,祥碩元大97購04  ,0,0,0,0,0,0,0,0,0,27000,0,0,0,34000,7000,27000,27000
055938,矽力群益97購01  ,0,0,0,0,0,0,0,0,0,27000,0,0,0,27000,0,27000,27000
050451,嘉晶元大95購01  ,0,0,0,0,0,0,0,0,0,27000,0,0,0,55000,28000,27000,27000
045189,大立光元富98購01,0,0,0,0,0,0,0,0,0,27000,0,0,0,32000,5000,27000,27000
056135,緯創元大98購01  ,0,0,0,0,0,0,0,0,0,27000,0,0,0,59000,32000,27000,27000
056960,光罩永豐98購01  ,0,0,0,0,0,0,0,0,0,27000,0,0,0,150000,123000,27000,27000
057164,國巨元大98購14  ,0,0,0,0,0,0,0,0,0,27000,0,0,0,87000,60000,27000,27000
05910P,力山永豐96售02  ,0,0,0,0,0,0,0,0,0,27000,0,0,0,135000,108000,27000,27000
056281,深中小永豐97購01,0,0,0,0,0,0,0,0,0,27000,0,0,0,52000,25000,27000,27000
058429,欣興元富99購01  ,0,0,0,0,0,0,0,0,0,27000,0,0,0,32000,5000,27000,27000
056543,京鼎凱基98購01  ,0,0,0,0,0,0,0,0,0,27000,0,0,0,68000,41000,27000,27000
057631,康控永豐98購02  ,0,0,0,0,0,0,0,0,0,27000,0,0,0,27000,0,27000,27000
057669,嘉晶元大99購03  ,0,0,0,0,0,0,0,0,0,27000,0,0,0,47000,20000,27000,27000
057517,矽創元富98購02  ,0,0,0,0,0,0,0,0,0,27000,0,0,0,88000,61000,27000,27000
058017,漢唐凱基99購01  ,0,0,0,0,0,0,0,0,0,27000,0,0,0,100000,73000,27000,27000
3607,谷崧            ,55000,28000,27000,0,0,0,0,0,0,0,0,0,0,0,0,0,27000
060945,緯穎國票9A購02  ,0,0,0,0,0,0,0,0,0,26000,0,0,0,33000,7000,26000,26000
062271,華通群益9C購02  ,0,0,0,0,0,0,0,0,0,26000,0,0,0,38000,12000,26000,26000
061991,牧德元大9C購01  ,0,0,0,0,0,0,0,0,0,26000,0,0,0,184000,158000,26000,26000
00736,國泰新興市場    ,0,280000,-280000,0,0,0,0,0,0,306000,0,0,0,419000,113000,306000,26000
055919,景碩凱基98購02  ,0,0,0,0,0,0,0,0,0,26000,0,0,0,26000,0,26000,26000
055980,祥碩統一98購01  ,0,0,0,0,0,0,0,0,0,26000,0,0,0,26000,0,26000,26000
055320,建準國票98購01  ,0,0,0,0,0,0,0,0,0,26000,0,0,0,69000,43000,26000,26000
054162,光罩凱基98購01  ,0,0,0,0,0,0,0,0,0,26000,0,0,0,26000,0,26000,26000
052572,群創凱基99購01  ,0,0,0,0,0,0,0,0,0,26000,0,0,0,26000,0,26000,26000
05316P,台積電永昌96售06,0,0,0,0,0,0,0,0,0,26000,0,0,0,26000,0,26000,26000
054550,旺宏凱基98購02  ,0,0,0,0,0,0,0,0,0,26000,0,0,0,52000,26000,26000,26000
058569,健策凱基9A購01  ,0,0,0,0,0,0,0,0,0,26000,0,0,0,99000,73000,26000,26000
059348,日月光凱基99購01,0,0,0,0,0,0,0,0,0,26000,0,0,0,26000,0,26000,26000
059570,全新凱基99購04  ,0,0,0,0,0,0,0,0,0,26000,0,0,0,26000,0,26000,26000
059914,台積電元大99購47,0,0,0,0,0,0,0,0,0,26000,0,0,0,51000,25000,26000,26000
3032,偉訓            ,93000,67000,26000,0,0,0,0,0,0,0,0,0,0,0,0,0,26000
061852,大立光國票9B購02,0,0,0,0,0,0,0,0,0,25000,0,0,0,25000,0,25000,25000
061763,聯電元大9C購02  ,0,0,0,0,0,0,0,0,0,25000,0,0,0,25000,0,25000,25000
06142P,台虹康和97售02  ,0,0,0,0,0,0,0,0,0,25000,0,0,0,155000,130000,25000,25000
062165,聯茂國泰01購01  ,0,0,0,0,0,0,0,0,0,25000,0,0,0,25000,0,25000,25000
060953,富邦金群益9A購01,0,0,0,0,0,0,0,0,0,25000,0,0,0,157000,132000,25000,25000
060875,華通中信02購01  ,0,0,0,0,0,0,0,0,0,25000,0,0,0,25000,0,25000,25000
061200,道瓊反元大9A購06,0,0,0,0,0,0,0,0,0,25000,0,0,0,25000,0,25000,25000
060377,鴻海台新9A購01  ,0,0,0,0,0,0,0,0,0,25000,0,0,0,25000,0,25000,25000
060263,臺指反國票9C購01,0,0,0,0,0,0,0,0,0,25000,0,0,0,25000,0,25000,25000
060160,聯陽永豐9A購01  ,0,0,0,0,0,0,0,0,0,25000,0,0,0,92000,67000,25000,25000
060455,葡萄王元大9A購02,0,0,0,0,0,0,0,0,0,25000,0,0,0,130000,105000,25000,25000
058206,祥碩凱基99購01  ,0,0,0,0,0,0,0,0,0,25000,0,0,0,140000,115000,25000,25000
058371,智原凱基9A購01  ,0,0,0,0,0,0,0,0,0,25000,0,0,0,25000,0,25000,25000
055098,臺股指群益97購01,0,0,0,0,0,0,0,0,0,25000,0,0,0,28000,3000,25000,25000
055222,臺股指凱基97購05,0,0,0,0,0,0,0,0,0,25000,0,0,0,25000,0,25000,25000
053503,臻鼎兆豐97購01  ,0,0,0,0,0,0,0,0,0,25000,0,0,0,100000,75000,25000,25000
053627,宏碁兆豐97購01  ,0,0,0,0,0,0,0,0,0,25000,0,0,0,25000,0,25000,25000
055452,台積電元富97購03,0,0,0,0,0,0,0,0,0,25000,0,0,0,25000,0,25000,25000
055714,智邦元大97購03  ,0,0,0,0,0,0,0,0,0,25000,0,0,0,30000,5000,25000,25000
052562,南亞科日盛96購01,0,0,0,0,0,0,0,0,0,25000,0,0,0,25000,0,25000,25000
052058,臺股指凱基95購16,0,0,0,0,0,0,0,0,0,25000,0,0,0,25000,0,25000,25000
052231,景碩凱基96購01  ,0,0,0,0,0,0,0,0,0,25000,0,0,0,25000,0,25000,25000
055360,台表科凱基97購02,0,0,0,0,0,0,0,0,0,25000,0,0,0,25000,0,25000,25000
055933,欣興群益98購02  ,0,0,0,0,0,0,0,0,0,25000,0,0,0,42000,17000,25000,25000
055909,大成鋼凱基98購02,0,0,0,0,0,0,0,0,0,25000,0,0,0,45000,20000,25000,25000
049795,華通元大96購02  ,0,0,0,0,0,0,0,0,0,25000,0,0,0,25000,0,25000,25000
052912,日月光統一96購01,0,0,0,0,0,0,0,0,0,25000,0,0,0,25000,0,25000,25000
059614,致新永豐99購01  ,0,0,0,0,0,0,0,0,0,25000,0,0,0,45000,20000,25000,25000
059308,T50反1元大99購07,0,0,0,0,0,0,0,0,0,25000,0,0,0,30000,5000,25000,25000
057371,可成元大98購08  ,0,0,0,0,0,0,0,0,0,25000,0,0,0,25000,0,25000,25000
057540,緯穎日盛99購01  ,0,0,0,0,0,0,0,0,0,25000,0,0,0,25000,0,25000,25000
057467,祥碩永豐98購04  ,0,0,0,0,0,0,0,0,0,25000,0,0,0,105000,80000,25000,25000
059162,國巨凱基99購12  ,0,0,0,0,0,0,0,0,0,25000,0,0,0,45000,20000,25000,25000
058450,旺宏永豐99購01  ,0,0,0,0,0,0,0,0,0,25000,0,0,0,25000,0,25000,25000
057033,A50反1元大9B購02,0,0,0,0,0,0,0,0,0,25000,0,0,0,25000,0,25000,25000
058142,瑞儀元大99購01  ,0,0,0,0,0,0,0,0,0,25000,0,0,0,49000,24000,25000,25000
059075,FBVIX元大99購01 ,0,0,0,0,0,0,0,0,0,25000,0,0,0,30000,5000,25000,25000
059441,祥碩元大99購02  ,0,0,0,0,0,0,0,0,0,25000,0,0,0,37000,12000,25000,25000
057162,上銀元大98購03  ,0,0,0,0,0,0,0,0,0,25000,0,0,0,25000,0,25000,25000
057985,華通元富02購03  ,0,0,0,0,0,0,0,0,0,25000,0,0,0,37000,12000,25000,25000
056360,智邦元大98購01  ,0,0,0,0,0,0,0,0,0,25000,0,0,0,25000,0,25000,25000
05862P,大立光國泰98售01,0,0,0,0,0,0,0,0,0,25000,0,0,0,25000,0,25000,25000
056098,矽創元富97購02  ,0,0,0,0,0,0,0,0,0,25000,0,0,0,139000,114000,25000,25000
056186,智原統一97購01  ,0,0,0,0,0,0,0,0,0,25000,0,0,0,35000,10000,25000,25000
057178,可成元大98購03  ,0,0,0,0,0,0,0,0,0,25000,0,0,0,25000,0,25000,25000
07923P,元金2X凱基02售02,0,0,0,0,0,0,0,0,0,25000,0,0,0,25000,0,25000,25000
07311P,台灣50元大99售09,0,0,0,0,0,0,0,0,0,25000,0,0,0,25000,0,25000,25000
07023P,南電永豐99售02  ,0,0,0,0,0,0,0,0,0,25000,0,0,0,25000,0,25000,25000
07161P,臺股指群益99售12,0,0,0,0,0,0,0,0,0,25000,0,0,0,25000,0,25000,25000
060428,瑞祺永豐9A購01  ,0,0,0,0,0,0,0,0,0,24000,0,0,0,123000,99000,24000,24000
060625,華擎元大9A購01  ,0,0,0,0,0,0,0,0,0,24000,0,0,0,305000,281000,24000,24000
060818,上銀統一9C購01  ,0,0,0,0,0,0,0,0,0,24000,0,0,0,39000,15000,24000,24000
061730,旺宏統一01購02  ,0,0,0,0,0,0,0,0,0,24000,0,0,0,38000,14000,24000,24000
052937,國巨兆豐97購01  ,0,0,0,0,0,0,0,0,0,24000,0,0,0,24000,0,24000,24000
00707R,元大S&P日圓反1  ,0,0,0,0,0,0,0,0,0,24000,0,0,0,24000,0,24000,24000
052647,晶技永豐97購01  ,0,0,0,0,0,0,0,0,0,24000,0,0,0,48000,24000,24000,24000
054743,聯鈞凱基99購01  ,0,0,0,0,0,0,0,0,0,24000,0,0,0,24000,0,24000,24000
054478,可成中信97購01  ,0,0,0,0,0,0,0,0,0,24000,0,0,0,24000,0,24000,24000
053492,華邦電兆豐97購01,0,0,0,0,0,0,0,0,0,24000,0,0,0,244000,220000,24000,24000
058611,欣興元大99購06  ,0,0,0,0,0,0,0,0,0,24000,0,0,0,55000,31000,24000,24000
058587,台積電中信9C購03,0,0,0,0,0,0,0,0,0,24000,0,0,0,44000,20000,24000,24000
058550,南亞科永豐99購01,0,0,0,0,0,0,0,0,0,24000,0,0,0,24000,0,24000,24000
056087,世芯統一97購01  ,0,0,0,0,0,0,0,0,0,24000,0,0,0,39000,15000,24000,24000
056618,京元電永豐98購01,0,0,0,0,0,0,0,0,0,24000,0,0,0,85000,61000,24000,24000
056362,聯發科元大99購01,0,0,0,0,0,0,0,0,0,24000,0,0,0,64000,40000,24000,24000
056250,瑞昱兆豐97購02  ,0,0,0,0,0,0,0,0,0,24000,0,0,0,24000,0,24000,24000
058459,南電永豐99購01  ,0,0,0,0,0,0,0,0,0,24000,0,0,0,24000,0,24000,24000
059203,勤誠永豐99購02  ,0,0,0,0,0,0,0,0,0,24000,0,0,0,34000,10000,24000,24000
059887,華新科國票99購02,0,0,0,0,0,0,0,0,0,24000,0,0,0,24000,0,24000,24000
07242P,台灣50凱基9A售03,0,0,0,0,0,0,0,0,0,24000,0,0,0,24000,0,24000,24000
07898P,國巨國泰9C售02  ,0,0,0,0,0,0,0,0,0,24000,0,0,0,96000,72000,24000,24000
07786P,南電中信9C售01  ,0,0,0,0,0,0,0,0,0,24000,0,0,0,25000,1000,24000,24000
07634P,金像電元大9A售01,0,0,0,0,0,0,0,0,0,24000,0,0,0,132000,108000,24000,24000
061903,宏全永豐9B購01  ,0,0,0,0,0,0,0,0,0,23000,0,0,0,91000,68000,23000,23000
062133,大成鋼群益9B購01,0,0,0,0,0,0,0,0,0,23000,0,0,0,23000,0,23000,23000
060769,國巨麥證9A購02  ,0,0,0,223000,0,223000,0,0,0,23000,0,0,0,223000,200000,23000,23000
061063,國巨凱基9A購14  ,0,0,0,0,0,0,0,0,0,23000,0,0,0,47000,24000,23000,23000
060460,鴻海元大9A購08  ,0,0,0,0,0,0,0,0,0,23000,0,0,0,75000,52000,23000,23000
060395,儒鴻國票9A購01  ,0,0,0,0,0,0,0,0,0,23000,0,0,0,129000,106000,23000,23000
060150,華通富邦9B購01  ,0,0,0,0,0,0,0,0,0,23000,0,0,0,23000,0,23000,23000
060143,台積電國票9B購03,0,0,0,0,0,0,0,0,0,23000,0,0,0,52000,29000,23000,23000
060290,興富發元大9C購01,0,0,0,0,0,0,0,0,0,23000,0,0,0,107000,84000,23000,23000
054923,晶技凱基98購01  ,0,0,0,0,0,0,0,0,0,23000,0,0,0,30000,7000,23000,23000
03414B,臺股指凱基99熊01,90000,70000,20000,0,0,0,0,0,0,3000,0,0,0,597000,594000,3000,23000
052985,美律元大96購02  ,0,0,0,0,0,0,0,0,0,23000,0,0,0,23000,0,23000,23000
052998,拓凱康和96購01  ,0,0,0,0,0,0,0,0,0,23000,0,0,0,23000,0,23000,23000
057495,牧德元大99購04  ,0,0,0,0,0,0,0,0,0,23000,0,0,0,23000,0,23000,23000
057499,奇鋐群益98購01  ,0,0,0,0,0,0,0,0,0,23000,0,0,0,23000,0,23000,23000
057704,台虹群益98購03  ,0,0,0,0,0,0,0,0,0,23000,0,0,0,429000,406000,23000,23000
057843,晶技永豐98購02  ,0,0,0,0,0,0,0,0,0,23000,0,0,0,47000,24000,23000,23000
056619,強茂永豐98購01  ,0,0,0,0,0,0,0,0,0,23000,0,0,0,50000,27000,23000,23000
07719P,臺股指群益9A售08,0,0,0,0,0,0,0,0,0,23000,0,0,0,36000,13000,23000,23000
060050,鴻海凱基9B購01  ,0,0,0,0,0,0,0,0,0,22000,0,0,0,55000,33000,22000,22000
060612,世紀鋼凱基9A購01,0,0,0,0,0,0,0,0,0,22000,0,0,0,25000,3000,22000,22000
061064,可成凱基9B購02  ,0,0,0,0,0,0,0,0,0,22000,0,0,0,27000,5000,22000,22000
061133,玉晶光第一9A購01,0,0,0,0,0,0,0,0,0,22000,0,0,0,334000,312000,22000,22000
060729,國巨群益9A購05  ,0,0,0,0,0,0,0,0,0,22000,0,0,0,216000,194000,22000,22000
060793,微星永豐9A購01  ,0,0,0,0,0,0,0,0,0,22000,0,0,0,382000,360000,22000,22000
060890,大立光統一01購01,0,0,0,0,0,0,0,0,0,22000,0,0,0,45000,23000,22000,22000
06242P,大立光元富9A售02,0,0,0,0,0,0,0,0,0,22000,0,0,0,50000,28000,22000,22000
06477P,緯穎國票99售02  ,0,0,0,0,0,0,0,0,0,22000,0,0,0,22000,0,22000,22000
061362,台塑國票9B購01  ,0,0,0,0,0,0,0,0,0,22000,0,0,0,27000,5000,22000,22000
061556,台積電國票9A購08,0,0,0,0,0,0,0,0,0,22000,0,0,0,59000,37000,22000,22000
051534,景碩國票97購01  ,0,0,0,0,0,0,0,0,0,22000,0,0,0,22000,0,22000,22000
055806,致新永豐97購02  ,0,0,0,0,0,0,0,0,0,22000,0,0,0,22000,0,22000,22000
053428,中磊永豐96購02  ,0,0,0,0,0,0,0,0,0,22000,0,0,0,22000,0,22000,22000
055397,超眾統一97購02  ,0,0,0,0,0,0,0,0,0,22000,0,0,0,22000,0,22000,22000
056471,台光電元大99購01,0,0,0,0,0,0,0,0,0,22000,0,0,0,30000,8000,22000,22000
058160,奇鋐元富99購01  ,0,0,0,0,0,0,0,0,0,22000,0,0,0,34000,12000,22000,22000
057076,緯穎永豐98購01  ,0,0,0,0,0,0,0,0,0,22000,0,0,0,22000,0,22000,22000
056379,玉晶光元富98購01,0,0,0,0,0,0,0,0,0,22000,0,0,0,48000,26000,22000,22000
058545,義隆富邦9C購01  ,0,0,0,0,0,0,0,0,0,22000,0,0,0,23000,1000,22000,22000
059072,元油2X元大9C購13,0,0,0,0,0,0,0,0,0,22000,0,0,0,40000,18000,22000,22000
057736,鴻海富邦99購04  ,0,0,0,0,0,0,0,0,0,22000,0,0,0,102000,80000,22000,22000
056495,泰鼎國泰99購01  ,0,0,0,0,0,0,0,0,0,22000,0,0,0,22000,0,22000,22000
059550,台灣50日盛99購02,0,0,0,0,0,0,0,0,0,22000,0,0,0,23000,1000,22000,22000
059516,TPK永豐99購01   ,0,0,0,0,0,0,0,0,0,22000,0,0,0,125000,103000,22000,22000
07564P,臺股指中信01售01,0,0,0,0,0,0,0,0,0,22000,0,0,0,22000,0,22000,22000
07405P,大立光凱基99售17,0,0,0,0,0,0,0,0,0,22000,0,0,0,25000,3000,22000,22000
07133P,臺股指元大9A售27,0,0,0,0,0,0,0,0,0,22000,0,0,0,22000,0,22000,22000
2413,環科            ,60000,38000,22000,0,0,0,0,0,0,0,0,0,0,0,0,0,22000
4190,佐登-KY         ,72000,193000,-121000,0,0,0,167000,0,167000,-24000,0,25000,-25000,4000,3000,1000,22000
6715,嘉基            ,39000,17000,22000,0,0,0,0,0,0,0,0,0,0,0,0,0,22000
6525,捷敏-KY         ,49000,27000,22000,0,0,0,0,0,0,0,0,0,0,0,0,0,22000
061622,臻鼎群益9A購01  ,0,0,0,0,0,0,0,0,0,21000,0,0,0,31000,10000,21000,21000
061443,大立光統一9C購02,0,0,0,0,0,0,0,0,0,21000,0,0,0,21000,0,21000,21000
061715,牧德凱基9B購03  ,0,0,0,0,0,0,0,0,0,21000,0,0,0,141000,120000,21000,21000
06456P,聯發科統一98售03,0,0,0,0,0,0,0,0,0,21000,0,0,0,91000,70000,21000,21000
06516P,國巨凱基98售08  ,0,0,0,0,0,0,0,0,0,21000,0,0,0,42000,21000,21000,21000
060912,華新科元大9A購10,0,0,0,0,0,0,0,0,0,21000,0,0,0,50000,29000,21000,21000
060946,世紀鋼國票9A購02,0,0,0,0,0,0,0,0,0,21000,0,0,0,21000,0,21000,21000
061211,玉晶光元大9A購12,0,10000,-10000,0,0,0,0,0,0,31000,0,0,0,149000,118000,31000,21000
060382,儒鴻凱基9A購01  ,0,0,0,0,0,0,0,0,0,21000,0,0,0,145000,124000,21000,21000
060385,台勝科凱基9A購01,0,0,0,0,0,0,0,0,0,21000,0,0,0,343000,322000,21000,21000
060084,聯電元大99購02  ,0,0,0,0,0,0,0,0,0,21000,0,0,0,121000,100000,21000,21000
054479,緯創中信98購01  ,0,0,0,0,0,0,0,0,0,21000,0,0,0,51000,30000,21000,21000
05452P,亞德客群益95售02,0,0,0,0,0,0,0,0,0,21000,0,0,0,21000,0,21000,21000
055670,矽創群益98購02  ,0,0,0,0,0,0,0,0,0,21000,0,0,0,124000,103000,21000,21000
058207,南茂凱基99購01  ,0,0,0,0,0,0,0,0,0,21000,0,0,0,39000,18000,21000,21000
053052,旺宏國票97購02  ,0,0,0,0,0,0,0,0,0,21000,0,0,0,21000,0,21000,21000
059954,華新科康和99購01,0,0,0,0,0,0,0,0,0,21000,0,0,0,41000,20000,21000,21000
057637,上銀元大98購07  ,0,0,0,0,0,0,0,0,0,21000,0,0,0,78000,57000,21000,21000
059044,聯電日盛99購02  ,0,0,0,0,0,0,0,0,0,21000,0,0,0,21000,0,21000,21000
057105,致茂群益9A購01  ,0,0,0,0,0,0,0,0,0,21000,0,0,0,35000,14000,21000,21000
057975,台積電永豐98購05,0,0,0,0,0,0,0,0,0,21000,0,0,0,26000,5000,21000,21000
056200,大毅永豐98購01  ,0,0,0,0,0,0,0,0,0,21000,0,0,0,23000,2000,21000,21000
056291,聯茂永豐97購03  ,0,0,0,0,0,0,0,0,0,21000,0,0,0,50000,29000,21000,21000
056133,可成元大97購05  ,0,0,0,0,0,0,0,0,0,21000,0,0,0,23000,2000,21000,21000
056033,T50正2凱基99購02,0,0,0,0,0,0,0,0,0,21000,0,0,0,21000,0,21000,21000
1315,達新            ,46000,47000,-1000,0,0,0,0,0,0,22000,0,0,0,22000,0,22000,21000
07094P,華通國票9A售03  ,0,0,0,0,0,0,0,0,0,21000,0,0,0,22000,1000,21000,21000
07752P,台灣50元大9C售33,0,0,0,0,0,0,0,0,0,21000,0,0,0,31000,10000,21000,21000
060036,上証2X國票99購03,0,0,0,0,0,0,0,0,0,20000,0,0,0,20000,0,20000,20000
060191,亞光元富9A購02  ,0,0,0,0,0,0,0,0,0,20000,0,0,0,184000,164000,20000,20000
060323,華通群益9C購01  ,0,0,0,0,0,0,0,0,0,20000,0,0,0,20000,0,20000,20000
06052P,台郡國票97售06  ,0,0,0,0,0,0,0,0,0,20000,0,0,0,20000,0,20000,20000
060609,玉晶光凱基9B購01,0,0,0,0,0,0,0,0,0,20000,0,0,0,42000,22000,20000,20000
061076,台達電兆豐9A購01,0,0,0,0,0,0,0,0,0,20000,0,0,0,50000,30000,20000,20000
060932,南六永豐9A購02  ,0,0,0,0,0,0,0,0,0,20000,0,0,0,122000,102000,20000,20000
06495P,華新科亞東9A售01,0,0,0,0,0,0,0,0,0,20000,0,0,0,30000,10000,20000,20000
06616P,國巨元大98售15  ,0,0,0,0,0,0,0,0,0,20000,0,0,0,20000,0,20000,20000
06877P,台積電兆豐98售04,0,0,0,0,0,0,0,0,0,20000,0,0,0,20000,0,20000,20000
06767P,台積電永昌99售03,0,0,0,0,0,0,0,0,0,20000,0,0,0,20000,0,20000,20000
062080,奇力新元大9B購02,0,0,0,0,0,0,0,0,0,20000,0,0,0,20000,0,20000,20000
061706,旭富國票9A購02  ,0,0,0,0,0,0,0,0,0,20000,0,0,0,37000,17000,20000,20000
061849,國巨國票9B購08  ,0,0,0,0,0,0,0,0,0,20000,0,0,0,355000,335000,20000,20000
061794,國巨永豐9B購01  ,0,0,0,0,0,0,0,0,0,20000,0,0,0,20000,0,20000,20000
061938,大立光國票9B購03,0,0,0,0,0,0,0,0,0,20000,0,0,0,20000,0,20000,20000
061386,道瓊銀群益9A購03,0,0,0,0,0,0,0,0,0,20000,0,0,0,20000,0,20000,20000
061409,力成國票9A購02  ,0,0,0,0,0,0,0,0,0,20000,0,0,0,62000,42000,20000,20000
061604,台光電凱基9B購01,0,0,0,0,0,0,0,0,0,20000,0,0,0,60000,40000,20000,20000
061662,瑞儀永豐9A購02  ,0,0,0,0,0,0,0,0,0,20000,0,0,0,20000,0,20000,20000
061678,玉晶光元大9B購04,0,0,0,0,0,0,0,0,0,20000,0,0,0,76000,56000,20000,20000
061544,大毅群益9B購02  ,0,0,0,0,0,0,0,0,0,20000,0,0,0,83000,63000,20000,20000
061531,奇鋐台新9A購01  ,0,0,0,0,0,0,0,0,0,20000,0,0,0,20000,0,20000,20000
061588,聯發科富邦9B購07,0,0,0,0,0,0,0,0,0,20000,0,0,0,20000,0,20000,20000
052512,全新凱基96購03  ,0,0,0,0,0,0,0,0,0,20000,0,0,0,50000,30000,20000,20000
053067,牧德群益96購01  ,0,0,0,0,0,0,0,0,0,20000,0,0,0,30000,10000,20000,20000
051575,國巨元大96購03  ,0,0,0,0,0,0,0,0,0,20000,0,0,0,22000,2000,20000,20000
052654,友達統一97購01  ,0,0,0,0,0,0,0,0,0,20000,0,0,0,50000,30000,20000,20000
052633,國巨凱基96購05  ,0,0,0,0,0,0,0,0,0,20000,0,0,0,20000,0,20000,20000
052644,聯發科永豐96購01,0,0,0,0,0,0,0,0,0,20000,0,0,0,20000,0,20000,20000
051918,聯茂元大95購01  ,0,0,0,0,0,0,0,0,0,20000,0,0,0,20000,0,20000,20000
051777,聯發科群益95購04,0,0,0,0,0,0,0,0,0,20000,0,0,0,20000,0,20000,20000
055816,新日興國票98購01,0,0,0,0,0,0,0,0,0,20000,0,0,0,40000,20000,20000,20000
05529P,臺股指群益96售02,0,0,0,0,0,0,0,0,0,20000,0,0,0,20000,0,20000,20000
055863,緯穎元大97購05  ,0,0,0,0,0,0,0,0,0,20000,0,0,0,20000,0,20000,20000
055966,茂林元大99購01  ,0,0,0,0,0,0,0,0,0,20000,0,0,0,20000,0,20000,20000
054177,牧德台新97購01  ,0,0,0,0,0,0,0,0,0,20000,0,0,0,50000,30000,20000,20000
054200,美律富邦97購02  ,0,0,0,0,0,0,0,0,0,20000,0,0,0,20000,0,20000,20000
054167,揚明光凱基98購01,0,0,0,0,0,0,0,0,0,20000,0,0,0,20000,0,20000,20000
054161,友訊凱基98購01  ,0,0,0,0,0,0,0,0,0,20000,0,0,0,40000,20000,20000,20000
053352,義隆兆豐96購01  ,0,0,0,0,0,0,0,0,0,20000,0,0,0,20000,0,20000,20000
05318P,臺股指永昌95售03,0,0,0,0,0,0,0,0,0,20000,0,0,0,20000,0,20000,20000
051721,玉晶光永豐96購02,0,0,0,0,0,0,0,0,0,20000,0,0,0,20000,0,20000,20000
050808,台達電凱基96購02,0,0,0,0,0,0,0,0,0,20000,0,0,0,30000,10000,20000,20000
050937,可成國票96購02  ,0,0,0,0,0,0,0,0,0,20000,0,0,0,20000,0,20000,20000
051058,景碩群益96購01  ,0,0,0,0,0,0,0,0,0,20000,0,0,0,30000,10000,20000,20000
052920,景碩台新96購02  ,0,0,0,0,0,0,0,0,0,20000,0,0,0,20000,0,20000,20000
049023,玉晶光群益96購04,0,0,0,0,0,0,0,0,0,20000,0,0,0,20000,0,20000,20000
048484,大立光國泰95購02,0,0,0,0,0,0,0,0,0,20000,0,0,0,20000,0,20000,20000
048847,A50群益98購01   ,0,0,0,0,0,0,0,0,0,20000,0,0,0,20000,0,20000,20000
048681,漢唐富邦96購01  ,0,0,0,0,0,0,0,0,0,20000,0,0,0,20000,0,20000,20000
049799,旺宏元大96購01  ,0,0,0,0,0,0,0,0,0,20000,0,0,0,20000,0,20000,20000
049437,可成國泰96購01  ,0,0,0,0,0,0,0,0,0,20000,0,0,0,20000,0,20000,20000
049527,國巨中信95購01  ,0,0,0,0,0,0,0,0,0,20000,0,0,0,70000,50000,20000,20000
050344,鴻海元富96購01  ,0,0,0,0,0,0,0,0,0,20000,0,0,0,30000,10000,20000,20000
00674R,元大S&P黃金反1  ,0,40000,-40000,0,0,0,0,0,0,60000,0,0,0,106000,46000,60000,20000
055160,玉晶光元大99購03,0,0,0,0,0,0,0,0,0,20000,0,0,0,20000,0,20000,20000
05848P,臺股指元大96售24,0,0,0,0,0,0,0,0,0,20000,0,0,0,20000,0,20000,20000
054538,台光電國票98購01,0,0,0,0,0,0,0,0,0,20000,0,0,0,20000,0,20000,20000
054062,TPK國票96購02   ,0,0,0,0,0,0,0,0,0,20000,0,0,0,200000,180000,20000,20000
053991,鴻海群益96購05  ,0,0,0,0,0,0,0,0,0,20000,0,0,0,120000,100000,20000,20000
053805,奇鋐凱基98購02  ,0,0,0,0,0,0,0,0,0,20000,0,0,0,20000,0,20000,20000
053880,智邦中信96購01  ,0,0,0,0,0,0,0,0,0,20000,0,0,0,20000,0,20000,20000
054454,滬深2X群益96購04,0,0,0,0,0,0,0,0,0,20000,0,0,0,20000,0,20000,20000
055493,華新科元大97購09,0,0,0,0,0,0,0,0,0,20000,0,0,0,20000,0,20000,20000
055399,超眾統一99購01  ,0,0,0,0,0,0,0,0,0,20000,0,0,0,20000,0,20000,20000
055370,旺宏元大97購05  ,0,0,0,0,0,0,0,0,0,20000,0,0,0,20000,0,20000,20000
055394,健策統一97購01  ,0,0,0,0,0,0,0,0,0,20000,0,0,0,20000,0,20000,20000
055443,台虹國票98購01  ,0,0,0,0,0,0,0,0,0,20000,0,0,0,50000,30000,20000,20000
054395,華新科永豐96購03,0,0,0,0,0,0,0,0,0,20000,0,0,0,20000,0,20000,20000
054739,義隆凱基98購02  ,0,0,0,0,0,0,0,0,0,20000,0,0,0,40000,20000,20000,20000
055716,致茂元大97購01  ,0,0,0,0,0,0,0,0,0,20000,0,0,0,20000,0,20000,20000
05571P,大立光統一96售03,0,0,0,0,0,0,0,0,0,20000,0,0,0,101000,81000,20000,20000
054316,矽創凱基97購01  ,0,0,0,0,0,0,0,0,0,20000,0,0,0,20000,0,20000,20000
058736,鈺齊永豐99購02  ,0,0,0,0,0,0,0,0,0,20000,0,0,0,49000,29000,20000,20000
058714,美律統一9B購01  ,0,0,0,0,0,0,0,0,0,20000,0,0,0,20000,0,20000,20000
057182,禾伸堂元大99購02,0,0,0,0,0,0,0,0,0,20000,0,0,0,20000,0,20000,20000
056617,美律永豐98購01  ,0,0,0,0,0,0,0,0,0,20000,0,0,0,130000,110000,20000,20000
056927,T50反1台新02購01,0,0,0,0,0,0,0,0,0,20000,0,0,0,20000,0,20000,20000
056940,嘉聯益元富98購01,0,0,0,0,0,0,0,0,0,20000,0,0,0,20000,0,20000,20000
056747,致新凱基99購01  ,0,0,0,0,0,0,0,0,0,20000,0,0,0,20000,0,20000,20000
05669P,嘉晶永豐96售03  ,0,0,0,0,0,0,0,0,0,20000,0,0,0,20000,0,20000,20000
057862,智邦凱基99購01  ,0,0,0,0,0,0,0,0,0,20000,0,0,0,20000,0,20000,20000
057881,SP黃豆群益9A購01,0,0,0,0,0,0,0,0,0,20000,0,0,0,30000,10000,20000,20000
057916,國巨凱基98購13  ,0,0,0,0,0,0,0,0,0,20000,0,0,0,40000,20000,20000,20000
056232,瑞儀凱基98購01  ,0,0,0,0,0,0,0,0,0,20000,0,0,0,20000,0,20000,20000
057138,亞德客兆豐98購01,0,0,0,0,0,0,0,0,0,20000,0,0,0,20000,0,20000,20000
059069,臺指反元大9C購01,0,0,0,0,0,0,0,0,0,20000,0,0,0,20000,0,20000,20000
05901P,臺股指凱基9C售01,0,0,0,0,0,0,0,0,0,20000,0,0,0,20000,0,20000,20000
057619,玉晶光凱基98購02,0,0,0,0,0,0,0,0,0,20000,0,0,0,28000,8000,20000,20000
057699,可成群益9A購02  ,0,0,0,0,0,0,0,0,0,20000,0,0,0,20000,0,20000,20000
059166,友達凱基99購05  ,0,0,0,0,0,0,0,0,0,20000,0,0,0,101000,81000,20000,20000
059261,華邦電中信01購01,0,0,0,0,0,0,0,0,0,20000,0,0,0,20000,0,20000,20000
059246,奇力新凱基9A購02,0,0,0,0,0,0,0,0,0,20000,0,0,0,20000,0,20000,20000
058879,智邦富邦99購01  ,0,0,0,0,0,0,0,0,0,20000,0,0,0,20000,0,20000,20000
058963,華新科兆豐99購05,0,0,0,0,0,0,0,0,0,20000,0,0,0,32000,12000,20000,20000
058048,群創元大9B購07  ,0,0,0,0,0,0,0,0,0,20000,0,0,0,20000,0,20000,20000
058089,聯發科元大98購15,0,0,0,0,0,0,0,0,0,20000,0,0,0,30000,10000,20000,20000
056646,奇鋐凱基99購02  ,0,0,0,0,0,0,0,0,0,20000,0,0,0,20000,0,20000,20000
059925,可成國泰9B購01  ,0,0,0,0,0,0,0,0,0,20000,0,0,0,20000,0,20000,20000
060004,臺指反群益9A購01,0,0,0,0,0,0,0,0,0,20000,0,0,0,20000,0,20000,20000
05972P,瑞昱元大96售01  ,0,0,0,0,0,0,0,0,0,20000,0,0,0,30000,10000,20000,20000
059532,華新科凱基9B購03,0,0,0,0,0,0,0,0,0,20000,0,0,0,20000,0,20000,20000
059470,華新科元大99購16,0,0,0,0,0,0,0,0,0,20000,0,0,0,20000,0,20000,20000
059648,台表科凱基99購03,0,0,0,0,0,0,0,0,0,20000,0,0,0,50000,30000,20000,20000
07756P,台灣50國票04售01,0,0,0,0,0,0,0,0,0,20000,0,0,0,20000,0,20000,20000
07886P,國巨國票9B售06  ,0,0,0,0,0,0,0,0,0,20000,0,0,0,20000,0,20000,20000
07359P,台積電元大99售45,0,0,0,0,0,0,0,0,0,20000,0,0,0,20000,0,20000,20000
07378P,大立光元大99售29,0,0,0,0,0,0,0,0,0,20000,0,0,0,20000,0,20000,20000
07373P,A50正2元大99售01,0,0,0,0,0,0,0,0,0,20000,0,0,0,20000,0,20000,20000
07303P,臺股指元大9A售36,0,0,0,0,0,0,0,0,0,20000,0,0,0,25000,5000,20000,20000
061680,崇越元大9A購01  ,0,0,0,0,0,0,0,0,0,19000,0,0,0,19000,0,19000,19000
061624,中租群益9A購01  ,0,0,0,0,0,0,0,0,0,19000,0,0,0,29000,10000,19000,19000
061368,南六國票9A購01  ,85000,0,85000,0,0,0,0,0,0,-66000,0,0,0,214000,280000,-66000,19000
061370,晶技國泰9C購01  ,0,0,0,0,0,0,0,0,0,19000,0,0,0,39000,20000,19000,19000
06145P,華新科永豐97售02,0,0,0,0,0,0,0,0,0,19000,0,0,0,20000,1000,19000,19000
061462,國巨群益9A購11  ,0,0,0,0,0,0,0,0,0,19000,0,0,0,310000,291000,19000,19000
061935,台積電國票9B購07,0,0,0,0,0,0,0,0,0,19000,0,0,0,60000,41000,19000,19000
062189,康控元大9B購02  ,0,0,0,0,0,0,0,0,0,19000,0,0,0,83000,64000,19000,19000
060394,欣興麥證9A購01  ,0,0,0,22000,3000,19000,0,0,0,19000,0,0,0,22000,3000,19000,19000
053621,臺股指群益96購07,0,0,0,0,0,0,0,0,0,19000,0,0,0,21000,2000,19000,19000
055934,景碩群益98購03  ,0,0,0,0,0,0,0,0,0,19000,0,0,0,19000,0,19000,19000
059688,燿華永豐99購01  ,0,0,0,0,0,0,0,0,0,19000,0,0,0,150000,131000,19000,19000
057323,智邦群益98購01  ,0,0,0,0,0,0,0,0,0,19000,0,0,0,19000,0,19000,19000
057972,群創富邦9C購01  ,0,0,0,0,0,0,0,0,0,19000,0,0,0,322000,303000,19000,19000
056658,美食元大98購01  ,0,0,0,0,0,0,0,0,0,19000,0,0,0,20000,1000,19000,19000
056120,聯茂群益97購02  ,0,0,0,0,0,0,0,0,0,19000,0,0,0,127000,108000,19000,19000
058727,嘉晶富邦9A購01  ,0,0,0,0,0,0,0,0,0,19000,0,0,0,60000,41000,19000,19000
07448P,台灣50元大9A售08,0,0,0,0,0,0,0,0,0,19000,0,0,0,19000,0,19000,19000
07126P,台積電元大99售23,0,0,0,0,0,0,0,0,0,19000,0,0,0,21000,2000,19000,19000
07109P,聯發科中信9B售02,0,0,0,0,0,0,0,0,0,19000,0,0,0,19000,0,19000,19000
060281,卜蜂元大9C購01  ,0,0,0,0,0,0,0,0,0,18000,0,0,0,77000,59000,18000,18000
060819,國巨統一9C購04  ,0,0,0,0,0,0,0,0,0,18000,0,0,0,54000,36000,18000,18000
062212,臻鼎台新9B購01  ,0,0,0,0,0,0,0,0,0,18000,0,0,0,28000,10000,18000,18000
06746P,聯發科群益99售02,0,0,0,0,0,0,0,0,0,18000,0,0,0,18000,0,18000,18000
06859P,元金2X中信9C售01,0,0,0,0,0,0,0,0,0,18000,0,0,0,22000,4000,18000,18000
061693,華新科群益9B購02,0,0,0,0,0,0,0,0,0,18000,0,0,0,18000,0,18000,18000
052619,茂林國泰99購01  ,0,0,0,0,0,0,0,0,0,18000,0,0,0,43000,25000,18000,18000
053091,同欣電元大96購01,0,0,0,0,0,0,0,0,0,18000,0,0,0,20000,2000,18000,18000
052492,易華電國票96購02,0,0,0,0,0,0,0,0,0,18000,0,0,0,18000,0,18000,18000
050644,國巨凱基96購01  ,0,0,0,0,0,0,0,0,0,18000,0,0,0,28000,10000,18000,18000
052713,智邦凱基96購01  ,0,0,0,0,0,0,0,0,0,18000,0,0,0,30000,12000,18000,18000
047689,瑞昱富邦97購01  ,0,0,0,0,0,0,0,0,0,18000,0,0,0,18000,0,18000,18000
053382,友達元大9C購02  ,0,0,0,0,0,0,0,0,0,18000,0,0,0,18000,0,18000,18000
054357,可成兆豐97購02  ,0,0,0,0,0,0,0,0,0,18000,0,0,0,20000,2000,18000,18000
058488,華擎國票9A購01  ,0,0,0,0,0,0,0,0,0,18000,0,0,0,56000,38000,18000,18000
054807,台化元大9A購02  ,0,0,0,0,0,0,0,0,0,18000,0,0,0,18000,0,18000,18000
054962,玉晶光元大99購02,0,0,0,0,0,0,0,0,0,18000,0,0,0,28000,10000,18000,18000
058580,華新科群益99購02,0,0,0,0,0,0,0,0,0,18000,0,0,0,98000,80000,18000,18000
05875P,旺宏群益98售01  ,0,0,0,0,0,0,0,0,0,18000,0,0,0,61000,43000,18000,18000
058658,瑞儀中信99購01  ,0,0,0,0,0,0,0,0,0,18000,0,0,0,18000,0,18000,18000
058777,台光電國票9A購01,0,0,0,0,0,0,0,0,0,18000,0,0,0,21000,3000,18000,18000
056470,旺宏元大99購01  ,0,0,0,0,0,0,0,0,0,18000,0,0,0,37000,19000,18000,18000
057189,康控元大98購02  ,0,0,0,0,0,0,0,0,0,18000,0,0,0,18000,0,18000,18000
057206,立積元富98購01  ,0,0,0,0,0,0,0,0,0,18000,0,0,0,243000,225000,18000,18000
056716,康舒永豐98購01  ,0,0,0,0,0,0,0,0,0,18000,0,0,0,68000,50000,18000,18000
056354,國巨元大98購10  ,0,0,0,0,0,0,0,0,0,18000,0,0,0,64000,46000,18000,18000
058161,T50反1日盛03購01,0,0,0,0,0,0,0,0,0,18000,0,0,0,128000,110000,18000,18000
059824,大立光凱基99購13,0,0,0,0,0,0,0,0,0,18000,0,0,0,20000,2000,18000,18000
059663,旭富元大9C購02  ,0,0,0,0,0,0,0,0,0,18000,0,0,0,22000,4000,18000,18000
07640P,國巨群益9A售07  ,0,0,0,0,0,0,0,0,0,18000,0,0,0,18000,0,18000,18000
07700P,臺股指元大9A售53,0,0,0,0,0,0,0,0,0,18000,0,0,0,33000,15000,18000,18000
4967,十銓            ,239000,221000,18000,0,0,0,0,0,0,0,0,0,0,0,0,0,18000
3023,信邦            ,449000,270314,178686,0,0,0,0,38000,-38000,-123000,9000,118000,-109000,0,14000,-14000,17686
061762,台塑元大9B購01  ,0,0,0,0,0,0,0,0,0,17000,0,0,0,17000,0,17000,17000
062028,晶技群益9B購01  ,0,0,0,0,0,0,0,0,0,17000,0,0,0,68000,51000,17000,17000
06900P,FBVIX國票12售01 ,0,0,0,0,0,0,0,0,0,17000,0,0,0,17000,0,17000,17000
06552P,茂林元大99售02  ,0,0,0,0,0,0,0,0,0,17000,0,0,0,17000,0,17000,17000
060939,鴻海國票9A購06  ,0,0,0,0,0,0,0,0,0,17000,0,0,0,27000,10000,17000,17000
061050,康友中信9A購01  ,0,0,0,0,0,0,0,0,0,17000,0,0,0,17000,0,17000,17000
060199,台郡元富9A購01  ,0,0,0,0,0,0,0,0,0,17000,0,0,0,37000,20000,17000,17000
060147,臺股指國票9A購07,0,0,0,0,0,0,0,0,0,17000,0,0,0,27000,10000,17000,17000
05551P,電子類元大96售01,0,0,0,0,0,0,0,0,0,17000,0,0,0,18000,1000,17000,17000
053836,亞光永豐96購02  ,0,0,0,0,0,0,0,0,0,17000,0,0,0,17000,0,17000,17000
048898,晶相光國泰96購01,0,0,0,0,0,0,0,0,0,17000,0,0,0,21000,4000,17000,17000
00753L,中信中國50正2   ,375000,231000,144000,0,0,0,0,0,0,-127000,0,0,0,377000,504000,-127000,17000
055280,智邦元大97購01  ,0,0,0,0,0,0,0,0,0,17000,0,0,0,19000,2000,17000,17000
059493,國巨國票9B購01  ,0,0,0,0,0,0,0,0,0,17000,0,0,0,18000,1000,17000,17000
059822,聯發科凱基99購19,0,0,0,0,0,0,0,0,0,17000,0,0,0,25000,8000,17000,17000
059254,台表科凱基9A購02,0,0,0,0,0,0,0,0,0,17000,0,0,0,47000,30000,17000,17000
057882,華通群益9A購03  ,0,0,0,0,0,0,0,0,0,17000,0,0,0,29000,12000,17000,17000
057151,易華電國票99購01,0,0,0,0,0,0,0,0,0,17000,0,0,0,57000,40000,17000,17000
057112,立積群益99購01  ,0,0,0,0,0,0,0,0,0,17000,0,0,0,180000,163000,17000,17000
056402,智易群益98購02  ,0,0,0,0,0,0,0,0,0,17000,0,0,0,22000,5000,17000,17000
07217P,大立光凱基9A售05,0,0,0,0,0,0,0,0,0,17000,0,0,0,17000,0,17000,17000
060536,祥碩麥證9A購01  ,0,0,0,51000,35000,16000,0,0,0,16000,0,0,0,51000,35000,16000,16000
060627,國巨國泰9B購05  ,0,0,0,0,0,0,0,0,0,16000,0,0,0,16000,0,16000,16000
060661,台積電凱基9A購18,0,0,0,0,0,0,0,0,0,16000,0,0,0,128000,112000,16000,16000
06256P,臺股指群益97售09,0,0,0,0,0,0,0,0,0,16000,0,0,0,16000,0,16000,16000
06355P,聯茂永豐97售02  ,0,0,0,0,0,0,0,0,0,16000,0,0,0,28000,12000,16000,16000
061998,緯穎元大9B購03  ,0,0,0,0,0,0,0,0,0,16000,0,0,0,53000,37000,16000,16000
061724,訊芯永豐9A購01  ,0,0,0,0,0,0,0,0,0,16000,0,0,0,95000,79000,16000,16000
061698,智邦國票9A購04  ,0,0,0,0,0,0,0,0,0,16000,0,0,0,49000,33000,16000,16000
061572,奇力新元大9A購04,0,0,0,0,0,0,0,0,0,16000,0,0,0,16000,0,16000,16000
053300,大成鋼凱基96購02,0,0,0,0,0,0,0,0,0,16000,0,0,0,16000,0,16000,16000
050601,台表科國泰96購01,0,0,0,0,0,0,0,0,0,16000,0,0,0,26000,10000,16000,16000
050049,華通群益96購01  ,0,0,0,0,0,0,0,0,0,16000,0,0,0,16000,0,16000,16000
050705,南電凱基96購01  ,0,0,0,0,0,0,0,0,0,16000,0,0,0,22000,6000,16000,16000
058503,鴻海元大99購14  ,0,0,0,0,0,0,0,0,0,16000,0,0,0,265000,249000,16000,16000
054861,智邦群益97購01  ,0,0,0,0,0,0,0,0,0,16000,0,0,0,21000,5000,16000,16000
058487,晶技國票9A購01  ,0,0,0,0,0,0,0,0,0,16000,0,0,0,21000,5000,16000,16000
055173,瑞昱統一97購01  ,0,0,0,0,0,0,0,0,0,16000,0,0,0,16000,0,16000,16000
055108,智邦凱基98購01  ,0,0,0,0,0,0,0,0,0,16000,0,0,0,16000,0,16000,16000
056488,致新元大99購01  ,0,0,0,0,0,0,0,0,0,16000,0,0,0,26000,10000,16000,16000
056119,欣興群益97購02  ,0,0,0,0,0,0,0,0,0,16000,0,0,0,21000,5000,16000,16000
056574,亞光元大99購03  ,0,0,0,0,0,0,0,0,0,16000,0,0,0,21000,5000,16000,16000
057959,欣興元大98購14  ,0,0,0,0,0,0,0,0,0,16000,0,0,0,46000,30000,16000,16000
059400,滬深2X元富9C購04,0,0,0,0,0,0,0,0,0,16000,0,0,0,16000,0,16000,16000
059404,鴻海台新99購03  ,0,0,0,0,0,0,0,0,0,16000,0,0,0,16000,0,16000,16000
059082,華通元大99購06  ,0,0,0,0,0,0,0,0,0,16000,0,0,0,190000,174000,16000,16000
059086,國巨元大99購18  ,0,0,0,0,0,0,0,0,0,16000,0,0,0,134000,118000,16000,16000
057919,技嘉凱基98購03  ,0,0,0,0,0,0,0,0,0,16000,0,0,0,111000,95000,16000,16000
057087,台郡統一99購01  ,0,0,0,0,0,0,0,0,0,16000,0,0,0,26000,10000,16000,16000
056301,開發金元大9A購01,0,0,0,0,0,0,0,0,0,16000,0,0,0,36000,20000,16000,16000
057698,奇力新群益98購02,0,0,0,0,0,0,0,0,0,16000,0,0,0,114000,98000,16000,16000
06946P,T50正2元大9C售01,0,0,0,0,0,0,0,0,0,16000,0,0,0,30000,14000,16000,16000
07583P,台積電富邦9B售05,0,0,0,0,0,0,0,0,0,16000,0,0,0,16000,0,16000,16000
07474P,滬深2X群益9C售03,0,0,0,0,0,0,0,0,0,16000,0,0,0,16000,0,16000,16000
061464,瑞昱群益9A購01  ,0,0,0,0,0,0,0,0,0,15000,0,0,0,117000,102000,15000,15000
062258,奇力新元大9B購03,0,0,0,0,0,0,0,0,0,15000,0,0,0,15000,0,15000,15000
06551P,貿聯元大98售05  ,0,0,0,0,0,0,0,0,0,15000,0,0,0,15000,0,15000,15000
06535P,可成群益99售02  ,0,0,0,0,0,0,0,0,0,15000,0,0,0,15000,0,15000,15000
06581P,南亞科凱基98售04,0,0,0,0,0,0,0,0,0,15000,0,0,0,20000,5000,15000,15000
06903P,技嘉凱基98售04  ,0,0,0,0,0,0,0,0,0,15000,0,0,0,15000,0,15000,15000
06855P,聯發科富邦9A售01,0,0,0,0,0,0,0,0,0,15000,0,0,0,15000,0,15000,15000
06771P,台灣50中信02售01,0,0,0,0,0,0,0,0,0,15000,0,0,0,15000,0,15000,15000
060118,臺指反富邦9C購01,0,0,0,0,0,0,0,0,0,15000,0,0,0,15000,0,15000,15000
060275,元黃金元大9A購01,0,0,0,0,0,0,0,0,0,15000,0,0,0,16000,1000,15000,15000
061065,神基凱基9A購01  ,0,0,0,0,0,0,0,0,0,15000,0,0,0,35000,20000,15000,15000
061070,超眾凱基9C購01  ,0,0,0,0,0,0,0,0,0,15000,0,0,0,68000,53000,15000,15000
061204,國巨元大9A購16  ,0,0,0,0,0,0,0,0,0,15000,0,0,0,85000,70000,15000,15000
060949,祥碩中信9A購01  ,0,0,0,0,0,0,0,0,0,15000,0,0,0,35000,20000,15000,15000
055689,台郡凱基99購01  ,0,0,0,0,0,0,0,0,0,15000,0,0,0,30000,15000,15000,15000
055239,帆宣台新97購01  ,0,0,0,0,0,0,0,0,0,15000,0,0,0,15000,0,15000,15000
053583,漢唐元大96購03  ,0,0,0,0,0,0,0,0,0,15000,0,0,0,100000,85000,15000,15000
05570P,聯發科統一96售04,0,0,0,0,0,0,0,0,0,15000,0,0,0,15000,0,15000,15000
054750,聯茂凱基98購02  ,0,0,0,0,0,0,0,0,0,15000,0,0,0,20000,5000,15000,15000
051731,聯電國票96購02  ,0,0,0,0,0,0,0,0,0,15000,0,0,0,15000,0,15000,15000
050884,聯茂國泰96購01  ,0,0,0,0,0,0,0,0,0,15000,0,0,0,15000,0,15000,15000
050142,聯發科元富9A購01,0,0,0,0,0,0,0,0,0,15000,0,0,0,44000,29000,15000,15000
03648C,T50反1元大96牛07,0,0,0,0,0,0,0,0,0,15000,0,0,0,25000,10000,15000,15000
053304,可成凱基96購03  ,0,0,0,0,0,0,0,0,0,15000,0,0,0,45000,30000,15000,15000
05328P,臺股指凱基95售12,0,0,0,0,0,0,0,0,0,15000,0,0,0,25000,10000,15000,15000
055953,上銀元大97購09  ,0,0,0,0,0,0,0,0,0,15000,0,0,0,15000,0,15000,15000
055858,聯茂元大97購03  ,0,0,0,0,0,0,0,0,0,15000,0,0,0,62000,47000,15000,15000
055924,深中小群益9B購01,0,0,0,0,0,0,0,0,0,15000,0,0,0,15000,0,15000,15000
051888,國巨元富95購05  ,0,0,0,0,0,0,0,0,0,15000,0,0,0,15000,0,15000,15000
052153,GIS富邦96購02   ,0,0,0,0,0,0,0,0,0,15000,0,0,0,15000,0,15000,15000
052088,漢唐元大95購02  ,0,0,0,0,0,0,0,0,0,15000,0,0,0,15000,0,15000,15000
059188,京元電富邦9B購01,0,0,0,0,0,0,0,0,0,15000,0,0,0,243000,228000,15000,15000
057477,智邦元大98購09  ,0,0,0,0,0,0,0,0,0,15000,0,0,0,15000,0,15000,15000
056643,奇力新凱基99購01,0,0,0,0,0,0,0,0,0,15000,0,0,0,42000,27000,15000,15000
059836,大立光國泰9B購02,0,0,0,0,0,0,0,0,0,15000,0,0,0,15000,0,15000,15000
059728,聯鈞元大99購01  ,0,0,0,0,0,0,0,0,0,15000,0,0,0,17000,2000,15000,15000
059754,訊芯群益9A購01  ,0,0,0,0,0,0,0,0,0,15000,0,0,0,15000,0,15000,15000
05994P,奇鋐元大96售02  ,0,0,0,0,0,0,0,0,0,15000,0,0,0,80000,65000,15000,15000
059530,華新科凱基9A購05,0,0,0,0,0,0,0,0,0,15000,0,0,0,15000,0,15000,15000
056565,欣興群益98購03  ,0,0,0,0,0,0,0,0,0,15000,0,0,0,15000,0,15000,15000
057841,茂林富邦9A購02  ,0,0,0,0,0,0,0,0,0,15000,0,0,0,20000,5000,15000,15000
056635,亞德客日盛99購01,0,0,0,0,0,0,0,0,0,15000,0,0,0,20000,5000,15000,15000
056416,華新科中信98購01,0,0,0,0,0,0,0,0,0,15000,0,0,0,30000,15000,15000,15000
07917P,可成永豐9B售01  ,0,0,0,0,0,0,0,0,0,15000,0,0,0,33000,18000,15000,15000
07034P,大立光元富99售03,0,0,0,0,0,0,0,0,0,15000,0,0,0,21000,6000,15000,15000
07402P,瑞昱凱基99售02  ,0,0,0,0,0,0,0,0,0,15000,0,0,0,15000,0,15000,15000
07413P,國巨元大99售33  ,0,0,0,0,0,0,0,0,0,15000,0,0,0,33000,18000,15000,15000
07353P,大立光國票99售02,0,0,0,0,0,0,0,0,0,15000,0,0,0,15000,0,15000,15000
3030,德律            ,97000,95000,2000,0,0,0,0,0,0,13000,15000,2000,13000,0,0,0,15000
1906,寶隆            ,57000,42000,15000,0,0,0,0,0,0,0,0,0,0,0,0,0,15000
060885,世紀鋼中信9A購01,0,0,0,0,0,0,0,0,0,14000,0,0,0,80000,66000,14000,14000
060998,華通兆豐9A購01  ,0,0,0,0,0,0,0,0,0,14000,0,0,0,20000,6000,14000,14000
06083P,華通統一98售02  ,0,0,0,0,0,0,0,0,0,14000,0,0,0,22000,8000,14000,14000
061317,旺宏凱基9A購05  ,0,0,0,0,0,0,0,0,0,14000,0,0,0,41000,27000,14000,14000
060392,華擎群益9C購02  ,0,0,0,0,0,0,0,0,0,14000,0,0,0,534000,520000,14000,14000
060388,世紀鋼凱基9B購01,0,0,0,0,0,0,0,0,0,14000,0,0,0,14000,0,14000,14000
06347P,祥碩元富97售02  ,0,0,0,0,0,0,0,0,0,14000,0,0,0,70000,56000,14000,14000
062178,上銀元大9B購03  ,0,0,0,0,0,0,0,0,0,14000,0,0,0,14000,0,14000,14000
061505,力成國票9A購03  ,0,0,0,0,0,0,0,0,0,14000,0,0,0,20000,6000,14000,14000
061787,華新科群益9C購01,0,0,0,0,0,0,0,0,0,14000,0,0,0,44000,30000,14000,14000
052400,聯詠凱基97購01  ,0,0,0,0,0,0,0,0,0,14000,0,0,0,15000,1000,14000,14000
053064,國巨群益96購04  ,0,0,0,0,0,0,0,0,0,14000,0,0,0,29000,15000,14000,14000
053158,茂林元大96購01  ,0,0,0,0,0,0,0,0,0,14000,0,0,0,81000,67000,14000,14000
053175,矽力群益96購01  ,0,0,0,0,0,0,0,0,0,14000,0,0,0,14000,0,14000,14000
053111,緯創兆豐97購01  ,0,0,0,0,0,0,0,0,0,14000,0,0,0,14000,0,14000,14000
055834,國巨元大97購13  ,0,0,0,0,0,0,0,0,0,14000,0,0,0,57000,43000,14000,14000
053206,聯發科麥證96購02,0,0,0,14000,0,14000,0,0,0,14000,0,0,0,14000,0,14000,14000
054210,台光電國票97購03,0,0,0,0,0,0,0,0,0,14000,0,0,0,52000,38000,14000,14000
03444B,臺股指元大9C熊02,0,0,0,0,0,0,0,0,0,14000,0,0,0,22000,8000,14000,14000
051382,玉晶光群益98購02,0,0,0,0,0,0,0,0,0,14000,0,0,0,143000,129000,14000,14000
050725,光磊國票96購01  ,0,0,0,0,0,0,0,0,0,14000,0,0,0,14000,0,14000,14000
048628,T50反1元大96購03,0,0,0,0,0,0,0,0,0,14000,0,0,0,14000,0,14000,14000
054300,華通凱基96購07  ,0,0,0,0,0,0,0,0,0,14000,0,0,0,28000,14000,14000,14000
055779,國泰金凱基97購02,0,0,0,0,0,0,0,0,0,14000,0,0,0,62000,48000,14000,14000
054548,鴻海凱基98購03  ,0,0,0,0,0,0,0,0,0,14000,0,0,0,14000,0,14000,14000
055094,智易群益98購01  ,0,0,0,0,0,0,0,0,0,14000,0,0,0,429000,415000,14000,14000
054971,帆宣元大97購02  ,0,0,0,0,0,0,0,0,0,14000,0,0,0,518000,504000,14000,14000
058196,台塑中信99購01  ,0,0,0,0,0,0,0,0,0,14000,0,0,0,138000,124000,14000,14000
058584,百和群益9A購01  ,0,0,0,0,0,0,0,0,0,14000,0,0,0,14000,0,14000,14000
056171,鴻海元富97購10  ,0,0,0,0,0,0,0,0,0,14000,0,0,0,14000,0,14000,14000
056946,國巨統一98購05  ,0,0,0,0,0,0,0,0,0,14000,0,0,0,279000,265000,14000,14000
056843,冠德元富98購01  ,0,0,0,0,0,0,0,0,0,14000,0,0,0,20000,6000,14000,14000
056856,華通群益9A購01  ,0,0,0,0,0,0,0,0,0,14000,0,0,0,37000,23000,14000,14000
056796,國巨麥證98購02  ,0,0,0,158000,5000,153000,0,0,0,14000,0,0,0,158000,144000,14000,14000
057866,玉山金凱基98購01,0,0,0,0,0,0,0,0,0,14000,0,0,0,14000,0,14000,14000
057369,奇力新元大99購05,0,0,0,0,0,0,0,0,0,14000,0,0,0,15000,1000,14000,14000
056548,瀚宇博凱基98購02,0,0,0,0,0,0,0,0,0,14000,0,0,0,55000,41000,14000,14000
057399,滬深反群益9C購01,0,0,0,0,0,0,0,0,0,14000,0,0,0,14000,0,14000,14000
057524,旺宏元大99購04  ,0,0,0,0,0,0,0,0,0,14000,0,0,0,15000,1000,14000,14000
059178,臺股指凱基99購30,0,0,0,0,0,0,0,0,0,14000,0,0,0,50000,36000,14000,14000
2882B,國泰金乙特      ,0,0,0,0,0,0,0,0,0,14000,25000,11000,14000,0,0,0,14000
07649P,金像電永豐9A售02,0,0,0,0,0,0,0,0,0,14000,0,0,0,33000,19000,14000,14000
3321,同泰            ,60000,46000,14000,0,0,0,0,0,0,0,0,0,0,0,0,0,14000
3543,州巧            ,28000,14000,14000,0,0,0,0,0,0,0,0,0,0,0,0,0,14000
061498,大立光國票9A購10,0,0,0,0,0,0,0,0,0,13000,0,0,0,15000,2000,13000,13000
061378,南六永豐9A購03  ,0,0,0,0,0,0,0,0,0,13000,0,0,0,163000,150000,13000,13000
06387P,緯穎永豐97售02  ,0,0,0,0,0,0,0,0,0,13000,0,0,0,43000,30000,13000,13000
060442,滬深2X元大9A購02,0,0,0,0,0,0,0,0,0,13000,0,0,0,15000,2000,13000,13000
061344,禾伸堂元大9A購02,0,0,0,0,0,0,0,0,0,13000,0,0,0,50000,37000,13000,13000
061102,台積電元大9A購22,0,0,0,0,0,0,0,0,0,13000,0,0,0,90000,77000,13000,13000
061144,玉晶光中信9B購02,0,0,0,0,0,0,0,0,0,13000,0,0,0,150000,137000,13000,13000
061182,南六凱基9A購01  ,0,0,0,0,0,0,0,0,0,13000,0,0,0,13000,0,13000,13000
060721,瑞儀永豐9A購01  ,0,0,0,0,0,0,0,0,0,13000,0,0,0,46000,33000,13000,13000
060967,鈺齊凱基9A購02  ,0,0,0,0,0,0,0,0,0,13000,0,0,0,17000,4000,13000,13000
058555,矽創永豐9A購01  ,0,0,0,0,0,0,0,0,0,13000,0,0,0,68000,55000,13000,13000
053580,國巨元大96購10  ,0,0,0,0,0,0,0,0,0,13000,0,0,0,13000,0,13000,13000
053565,台光電富邦98購01,0,0,0,0,0,0,0,0,0,13000,0,0,0,13000,0,13000,13000
055438,鴻海國票98購01  ,0,0,0,0,0,0,0,0,0,13000,0,0,0,13000,0,13000,13000
04768P,大立光國泰96售03,0,0,0,0,0,0,0,0,0,13000,0,0,0,13000,0,13000,13000
050014,國巨富邦98購01  ,0,0,0,0,0,0,0,0,0,13000,0,0,0,13000,0,13000,13000
053230,達方台新97購01  ,0,0,0,0,0,0,0,0,0,13000,0,0,0,13000,0,13000,13000
057490,可成元大98購10  ,0,0,0,0,0,0,0,0,0,13000,0,0,0,13000,0,13000,13000
057691,健策凱基99購01  ,0,0,0,0,0,0,0,0,0,13000,0,0,0,87000,74000,13000,13000
057770,亞德客群益98購01,0,0,0,0,0,0,0,0,0,13000,0,0,0,17000,4000,13000,13000
057612,瑞昱元富02購01  ,0,0,0,0,0,0,0,0,0,13000,0,0,0,148000,135000,13000,13000
059580,大立光元富99購07,0,0,0,0,0,0,0,0,0,13000,0,0,0,38000,25000,13000,13000
059935,國巨永豐99購07  ,0,0,0,0,0,0,0,0,0,13000,0,0,0,126000,113000,13000,13000
059762,禾伸堂永豐99購02,0,0,0,0,0,0,0,0,0,13000,0,0,0,17000,4000,13000,13000
056259,T50反1統一9A購01,0,0,0,0,0,0,0,0,0,13000,0,0,0,24000,11000,13000,13000
05873P,華通群益97售02  ,0,0,0,0,0,0,0,0,0,13000,0,0,0,20000,7000,13000,13000
8462,柏文            ,84000,91000,-7000,0,0,0,0,0,0,20000,0,0,0,21000,1000,20000,13000
8996,高力            ,476000,463000,13000,0,0,0,0,0,0,0,0,0,0,0,0,0,13000
9103,美德醫療-DR     ,13000,0,13000,0,0,0,0,0,0,0,0,0,0,0,0,0,13000
910861,神州-DR         ,21000,8000,13000,0,0,0,0,0,0,0,0,0,0,0,0,0,13000
07206P,鴻海凱基9A售11  ,0,0,0,0,0,0,0,0,0,13000,0,0,0,13000,0,13000,13000
2385,群光            ,2032856,1753599,279257,0,0,0,0,270000,-270000,3000,0,1000,-1000,16000,12000,4000,12257
060940,國巨國票9B購03  ,0,0,0,0,0,0,0,0,0,12000,0,0,0,117000,105000,12000,12000
061149,華通群益9A購05  ,0,0,0,0,0,0,0,0,0,12000,0,0,0,91000,79000,12000,12000
060486,中租富邦9A購01  ,0,0,0,0,0,0,0,0,0,12000,0,0,0,12000,0,12000,12000
060560,欣興國泰9C購01  ,0,0,0,0,0,0,0,0,0,12000,0,0,0,12000,0,12000,12000
060254,世紀鋼元大9A購01,0,0,0,0,0,0,0,0,0,12000,0,0,0,62000,50000,12000,12000
06599P,宏達電永豐98售02,0,0,0,0,0,0,0,0,0,12000,0,0,0,12000,0,12000,12000
06838P,台積電統一99售05,0,0,0,0,0,0,0,0,0,12000,0,0,0,12000,0,12000,12000
061637,華新科元大9A購22,0,0,0,0,0,0,0,0,0,12000,0,0,0,12000,0,12000,12000
00711B,FH彭博新興債    ,0,0,0,0,0,0,0,0,0,12000,0,0,0,112000,100000,12000,12000
054484,仁寶台新96購01  ,0,0,0,0,0,0,0,0,0,12000,0,0,0,52000,40000,12000,12000
058187,泰碩永豐99購01  ,0,0,0,0,0,0,0,0,0,12000,0,0,0,32000,20000,12000,12000
058289,奇鋐國票9A購01  ,0,0,0,0,0,0,0,0,0,12000,0,0,0,12000,0,12000,12000
055138,大毅永豐97購02  ,0,0,0,0,0,0,0,0,0,12000,0,0,0,22000,10000,12000,12000
055645,技嘉元富97購01  ,0,0,0,0,0,0,0,0,0,12000,0,0,0,12000,0,12000,12000
055600,致伸元大97購02  ,0,0,0,0,0,0,0,0,0,12000,0,0,0,15000,3000,12000,12000
058766,力山兆豐99購01  ,0,0,0,0,0,0,0,0,0,12000,0,0,0,144000,132000,12000,12000
056070,新日興元大97購04,0,0,0,0,0,0,0,0,0,12000,0,0,0,12000,0,12000,12000
058005,茂林群益98購04  ,0,0,0,0,0,0,0,0,0,12000,0,0,0,22000,10000,12000,12000
056801,國巨台新98購01  ,0,0,0,0,0,0,0,0,0,12000,0,0,0,112000,100000,12000,12000
056866,矽創群益98購03  ,0,0,0,0,0,0,0,0,0,12000,0,0,0,12000,0,12000,12000
058133,華新科元大9A購02,0,0,0,0,0,0,0,0,0,12000,0,0,0,16000,4000,12000,12000
059103,旭富元富99購03  ,0,0,0,0,0,0,0,0,0,12000,0,0,0,12000,0,12000,12000
059085,鴻海元大99購25  ,0,0,0,0,0,0,0,0,0,12000,0,0,0,62000,50000,12000,12000
059369,滬深2X元富9C購01,0,0,0,0,0,0,0,0,0,12000,0,0,0,82000,70000,12000,12000
059020,元油2X統一9B購02,0,0,0,0,0,0,0,0,0,12000,0,0,0,12000,0,12000,12000
059024,大立光統一9B購04,0,0,0,0,0,0,0,0,0,12000,0,0,0,42000,30000,12000,12000
057977,台光電永豐98購02,0,0,0,0,0,0,0,0,0,12000,0,0,0,27000,15000,12000,12000
057385,光罩永豐99購01  ,0,0,0,0,0,0,0,0,0,12000,0,0,0,161000,149000,12000,12000
058865,群創凱基01購01  ,0,0,0,0,0,0,0,0,0,12000,0,0,0,12000,0,12000,12000
057472,T50正2元大9B購03,0,0,0,0,0,0,0,0,0,12000,0,0,0,257000,245000,12000,12000
3018,同開            ,88000,76000,12000,0,0,0,0,0,0,0,0,0,0,0,0,0,12000
07637P,國巨國票9A售08  ,0,0,0,0,0,0,0,0,0,12000,0,0,0,12000,0,12000,12000
6112,聚碩            ,147000,134000,13000,0,0,0,0,0,0,-1000,0,1000,-1000,0,0,0,12000
1227,佳格            ,622120,614882,7238,0,0,0,0,0,0,4000,4000,0,4000,0,0,0,11238
061970,大立光統一9C購03,0,0,0,0,0,0,0,0,0,11000,0,0,0,11000,0,11000,11000
06216P,上銀元富97售03  ,0,0,0,0,0,0,0,0,0,11000,0,0,0,11000,0,11000,11000
06204P,鴻海群益97售04  ,0,0,0,0,0,0,0,0,0,11000,0,0,0,11000,0,11000,11000
061185,嘉晶國泰9B購01  ,0,0,0,0,0,0,0,0,0,11000,0,0,0,192000,181000,11000,11000
060752,上銀元大9A購04  ,0,0,0,0,0,0,0,0,0,11000,0,0,0,21000,10000,11000,11000
054812,鴻海元大97購08  ,0,0,0,0,0,0,0,0,0,11000,0,0,0,11000,0,11000,11000
055257,景碩統一97購01  ,0,0,0,0,0,0,0,0,0,11000,0,0,0,11000,0,11000,11000
055259,玉晶光統一9A購01,0,0,0,0,0,0,0,0,0,11000,0,0,0,11000,0,11000,11000
054302,鴻海凱基96購18  ,0,0,0,0,0,0,0,0,0,11000,0,0,0,101000,90000,11000,11000
053585,友達元大9C購03  ,0,0,0,0,0,0,0,0,0,11000,0,0,0,11000,0,11000,11000
053637,強茂永豐96購01  ,0,0,0,0,0,0,0,0,0,11000,0,0,0,11000,0,11000,11000
053758,華新科國泰97購02,0,0,0,0,0,0,0,0,0,11000,0,0,0,21000,10000,11000,11000
050515,聯電元大96購01  ,0,0,0,0,0,0,0,0,0,11000,0,0,0,97000,86000,11000,11000
048572,美利達元大96購04,0,0,0,0,0,0,0,0,0,11000,0,0,0,11000,0,11000,11000
053035,台表科兆豐97購01,0,0,0,0,0,0,0,0,0,11000,0,0,0,11000,0,11000,11000
051722,玉晶光永豐97購01,0,0,0,0,0,0,0,0,0,11000,0,0,0,13000,2000,11000,11000
054128,台積電元大97購10,0,0,0,0,0,0,0,0,0,11000,0,0,0,21000,10000,11000,11000
05234P,美食康和95售01  ,0,0,0,0,0,0,0,0,0,11000,0,0,0,11000,0,11000,11000
051907,台積電元大97購05,0,0,0,0,0,0,0,0,0,11000,0,0,0,11000,0,11000,11000
057479,致茂元大98購03  ,0,0,0,0,0,0,0,0,0,11000,0,0,0,15000,4000,11000,11000
059157,元石油凱基9C購01,0,0,0,0,0,0,0,0,0,11000,0,0,0,11000,0,11000,11000
058875,台表科國票9A購02,0,0,0,0,0,0,0,0,0,11000,0,0,0,52000,41000,11000,11000
058838,國巨中信99購03  ,0,0,0,0,0,0,0,0,0,11000,0,0,0,11000,0,11000,11000
059662,旭富元大9C購01  ,0,0,0,0,0,0,0,0,0,11000,0,0,0,27000,16000,11000,11000
060012,電子類群益99購02,0,0,0,0,0,0,0,0,0,11000,0,0,0,14000,3000,11000,11000
060028,國揚永豐99購01  ,0,0,0,0,0,0,0,0,0,11000,0,0,0,41000,30000,11000,11000
059003,中壽元大99購01  ,0,0,0,0,0,0,0,0,0,11000,0,0,0,24000,13000,11000,11000
059071,元油2X元大9C購12,0,0,0,0,0,0,0,0,0,11000,0,0,0,11000,0,11000,11000
057063,立積國泰9A購01  ,0,0,0,0,0,0,0,0,0,11000,0,0,0,73000,62000,11000,11000
057251,泰鼎統一98購02  ,0,0,0,0,0,0,0,0,0,11000,0,0,0,11000,0,11000,11000
056486,樺漢元大98購04  ,0,0,0,0,0,0,0,0,0,11000,0,0,0,30000,19000,11000,11000
07763P,嘉澤永豐9A售02  ,0,0,0,0,0,0,0,0,0,11000,0,0,0,205000,194000,11000,11000
07722P,玉晶光凱基9A售10,0,0,0,0,0,0,0,0,0,11000,0,0,0,60000,49000,11000,11000
07333P,台灣50國票9B售03,0,0,0,0,0,0,0,0,0,11000,0,0,0,11000,0,11000,11000
07451P,鴻海元大9B售01  ,0,0,0,0,0,0,0,0,0,11000,0,0,0,11000,0,11000,11000
4155,訊映            ,86000,75000,11000,0,0,0,0,0,0,0,0,0,0,0,0,0,11000
060824,旺宏元大9A購06  ,0,0,0,0,0,0,0,0,0,10000,0,0,0,18000,8000,10000,10000
060923,全新永豐9A購01  ,0,0,0,0,0,0,0,0,0,10000,0,0,0,30000,20000,10000,10000
060894,奇力新凱基9A購03,0,0,0,0,0,0,0,0,0,10000,0,0,0,35000,25000,10000,10000
06100P,台積電日盛97售03,0,0,0,0,0,0,0,0,0,10000,0,0,0,120000,110000,10000,10000
061012,國巨麥證9A購03  ,0,0,0,10000,0,10000,0,0,0,10000,0,0,0,10000,0,10000,10000
061167,臻鼎兆豐9B購01  ,0,0,0,0,0,0,0,0,0,10000,0,0,0,10000,0,10000,10000
061270,彩晶凱基9A購02  ,0,0,0,0,0,0,0,0,0,10000,0,0,0,10000,0,10000,10000
060139,T50反1國票9A購04,0,0,0,0,0,0,0,0,0,10000,0,0,0,10000,0,10000,10000
060201,台表科元富9A購01,0,0,0,0,0,0,0,0,0,10000,0,0,0,10000,0,10000,10000
060181,華通元富9A購01  ,0,0,0,0,0,0,0,0,0,10000,0,0,0,10000,0,10000,10000
060167,禾聯碩永豐9A購01,0,0,0,0,0,0,0,0,0,10000,0,0,0,20000,10000,10000,10000
060563,智邦富邦9A購01  ,0,0,0,0,0,0,0,0,0,10000,0,0,0,10000,0,10000,10000
060649,國巨第一9A購01  ,0,0,0,0,0,0,0,0,0,10000,0,0,0,125000,115000,10000,10000
060478,南電元大9A購01  ,0,0,0,0,0,0,0,0,0,10000,0,0,0,10000,0,10000,10000
060544,國巨凱基9B購03  ,0,0,0,0,0,0,0,0,0,10000,0,0,0,55000,45000,10000,10000
060409,味全永豐9A購01  ,0,0,0,0,0,0,0,0,0,10000,0,0,0,10000,0,10000,10000
062020,智伸科永豐9B購01,0,0,0,0,0,0,0,0,0,10000,0,0,0,41000,31000,10000,10000
06840P,臺股指統一98售04,0,0,0,0,0,0,0,0,0,10000,0,0,0,20000,10000,10000,10000
06806P,臺股指群益98售12,0,0,0,0,0,0,0,0,0,10000,0,0,0,10000,0,10000,10000
06862P,大立光凱基98售16,0,0,0,0,0,0,0,0,0,10000,0,0,0,10000,0,10000,10000
06890P,金融類元大98售02,0,0,0,0,0,0,0,0,0,10000,0,0,0,10000,0,10000,10000
06891P,緯穎富邦99售03  ,0,0,0,0,0,0,0,0,0,10000,0,0,0,40000,30000,10000,10000
06880P,鈺齊凱基98售03  ,0,0,0,0,0,0,0,0,0,10000,0,0,0,15000,5000,10000,10000
06779P,智邦元大98售12  ,0,0,0,0,0,0,0,0,0,10000,0,0,0,10000,0,10000,10000
06672P,聯發科群益98售05,0,0,0,0,0,0,0,0,0,10000,0,0,0,10000,0,10000,10000
06680P,智邦元大98售06  ,0,0,0,0,0,0,0,0,0,10000,0,0,0,10000,0,10000,10000
06626P,大立光統一9A售01,0,0,0,0,0,0,0,0,0,10000,0,0,0,10000,0,10000,10000
06653P,美食元大98售02  ,0,0,0,0,0,0,0,0,0,10000,0,0,0,10000,0,10000,10000
06376P,上銀統一99售01  ,0,0,0,0,0,0,0,0,0,10000,0,0,0,50000,40000,10000,10000
06432P,上銀群益98售01  ,0,0,0,0,0,0,0,0,0,10000,0,0,0,10000,0,10000,10000
06501P,臺股指元大9A售06,0,0,0,0,0,0,0,0,0,10000,0,0,0,12000,2000,10000,10000
06521P,矽力元大98售01  ,0,0,0,0,0,0,0,0,0,10000,0,0,0,12000,2000,10000,10000
06513P,鴻海凱基98售10  ,0,0,0,0,0,0,0,0,0,10000,0,0,0,10000,0,10000,10000
06487P,聯發科統一99售02,0,0,0,0,0,0,0,0,0,10000,0,0,0,10000,0,10000,10000
061994,瑞儀元大9B購01  ,0,0,0,0,0,0,0,0,0,10000,0,0,0,10000,0,10000,10000
06188P,大立光元富97售01,0,0,0,0,0,0,0,0,0,10000,0,0,0,80000,70000,10000,10000
061728,華新科麥證9A購02,0,0,0,10000,0,10000,0,0,0,10000,0,0,0,10000,0,10000,10000
06157P,聯鈞統一97售02  ,0,0,0,0,0,0,0,0,0,10000,0,0,0,10000,0,10000,10000
061436,上銀凱基9A購07  ,0,0,0,0,0,0,0,0,0,10000,0,0,0,10000,0,10000,10000
061497,大立光國票9A購09,0,0,0,0,0,0,0,0,0,10000,0,0,0,10000,0,10000,10000
06144P,台光電永豐97售01,0,0,0,0,0,0,0,0,0,10000,0,0,0,10000,0,10000,10000
051801,牧德永豐95購04  ,0,0,0,0,0,0,0,0,0,10000,0,0,0,10000,0,10000,10000
05178P,大立光凱基96售05,0,0,0,0,0,0,0,0,0,10000,0,0,0,10000,0,10000,10000
051769,矽力元大95購01  ,0,0,0,0,0,0,0,0,0,10000,0,0,0,10000,0,10000,10000
052080,康友元富98購02  ,0,0,0,0,0,0,0,0,0,10000,0,0,0,10000,0,10000,10000
052011,欣興中信96購01  ,0,0,0,0,0,0,0,0,0,10000,0,0,0,10000,0,10000,10000
051926,聯電中信97購01  ,0,0,0,0,0,0,0,0,0,10000,0,0,0,20000,10000,10000,10000
052342,茂林凱基96購01  ,0,0,0,0,0,0,0,0,0,10000,0,0,0,10000,0,10000,10000
052454,力成元大95購02  ,0,0,0,0,0,0,0,0,0,10000,0,0,0,14000,4000,10000,10000
053093,緯穎元大96購06  ,0,0,0,0,0,0,0,0,0,10000,0,0,0,10000,0,10000,10000
052575,茂林凱基96購04  ,0,0,0,0,0,0,0,0,0,10000,0,0,0,10000,0,10000,10000
052576,聯茂凱基96購01  ,0,0,0,0,0,0,0,0,0,10000,0,0,0,20000,10000,10000,10000
052580,高鐵元富96購01  ,0,0,0,0,0,0,0,0,0,10000,0,0,0,10000,0,10000,10000
053061,GIS富邦97購01   ,0,0,0,0,0,0,0,0,0,10000,0,0,0,10000,0,10000,10000
052629,訊芯中信99購01  ,0,0,0,0,0,0,0,0,0,10000,0,0,0,10000,0,10000,10000
051562,玉晶光國泰97購05,0,0,0,0,0,0,0,0,0,10000,0,0,0,10000,0,10000,10000
053243,楠梓電國票97購02,0,0,0,0,0,0,0,0,0,10000,0,0,0,60000,50000,10000,10000
055363,緯穎凱基98購03  ,0,0,0,0,0,0,0,0,0,10000,0,0,0,10000,0,10000,10000
05535P,台積電元大97售06,0,0,0,0,0,0,0,0,0,10000,0,0,0,10000,0,10000,10000
055815,亞光國票99購01  ,0,0,0,0,0,0,0,0,0,10000,0,0,0,10000,0,10000,10000
055300,緯穎元大98購01  ,0,0,0,0,0,0,0,0,0,10000,0,0,0,15000,5000,10000,10000
055302,達方元大97購01  ,0,0,0,0,0,0,0,0,0,10000,0,0,0,10000,0,10000,10000
055833,華通元大98購05  ,0,0,0,0,0,0,0,0,0,10000,0,0,0,10000,0,10000,10000
053003,國巨永豐96購02  ,0,0,0,0,0,0,0,0,0,10000,0,0,0,10000,0,10000,10000
05087P,GIS國泰96售01   ,0,0,0,0,0,0,0,0,0,10000,0,0,0,10000,0,10000,10000
052859,國巨凱基96購07  ,0,0,0,0,0,0,0,0,0,10000,0,0,0,30000,20000,10000,10000
050690,台達電凱基96購01,0,0,0,0,0,0,0,0,0,10000,0,0,0,20000,10000,10000,10000
050698,明泰凱基96購01  ,0,0,0,0,0,0,0,0,0,10000,0,0,0,30000,20000,10000,10000
052936,華通兆豐98購01  ,0,0,0,0,0,0,0,0,0,10000,0,0,0,44000,34000,10000,10000
048682,奇力新富邦96購01,0,0,0,0,0,0,0,0,0,10000,0,0,0,10000,0,10000,10000
046999,康控富邦99購01  ,0,0,0,0,0,0,0,0,0,10000,0,0,0,10000,0,10000,10000
045444,群創元富98購02  ,0,0,0,0,0,0,0,0,0,10000,0,0,0,10000,0,10000,10000
044104,鴻海中信95購03  ,0,0,0,0,0,0,0,0,0,10000,0,0,0,10000,0,10000,10000
046906,新光金凱基99購02,0,0,0,0,0,0,0,0,0,10000,0,0,0,10000,0,10000,10000
046011,欣興元富95購01  ,0,0,0,0,0,0,0,0,0,10000,0,0,0,10000,0,10000,10000
050353,華擎群益95購01  ,0,0,0,0,0,0,0,0,0,10000,0,0,0,10000,0,10000,10000
050271,上緯控元大96購01,0,0,0,0,0,0,0,0,0,10000,0,0,0,10000,0,10000,10000
050192,康控元大97購01  ,0,0,0,0,0,0,0,0,0,10000,0,0,0,10000,0,10000,10000
050168,緯創富邦95購01  ,0,0,0,0,0,0,0,0,0,10000,0,0,0,10000,0,10000,10000
050180,華新科元大95購08,0,0,0,0,0,0,0,0,0,10000,0,0,0,10000,0,10000,10000
049892,國巨富邦96購01  ,0,0,0,0,0,0,0,0,0,10000,0,0,0,10000,0,10000,10000
050551,大立光凱基95購05,0,0,0,0,0,0,0,0,0,10000,0,0,0,10000,0,10000,10000
053768,S&P反1元大99購01,0,0,0,0,0,0,0,0,0,10000,0,0,0,10000,0,10000,10000
055564,茂林凱基98購01  ,0,0,0,0,0,0,0,0,0,10000,0,0,0,10000,0,10000,10000
053501,明泰兆豐96購01  ,0,0,0,0,0,0,0,0,0,10000,0,0,0,10000,0,10000,10000
054565,玉晶光群益99購02,0,0,0,0,0,0,0,0,0,10000,0,0,0,10000,0,10000,10000
054516,國巨元大97購02  ,0,0,0,0,0,0,0,0,0,10000,0,0,0,16000,6000,10000,10000
053405,台達電兆豐96購01,0,0,0,0,0,0,0,0,0,10000,0,0,0,10000,0,10000,10000
053459,康控國泰97購01  ,0,0,0,0,0,0,0,0,0,10000,0,0,0,10000,0,10000,10000
053461,台郡永昌99購01  ,0,0,0,0,0,0,0,0,0,10000,0,0,0,10000,0,10000,10000
054006,智易統一97購01  ,0,0,0,0,0,0,0,0,0,10000,0,0,0,10000,0,10000,10000
054015,晶豪科永豐96購03,0,0,0,0,0,0,0,0,0,10000,0,0,0,80000,70000,10000,10000
054029,瀚宇博凱基96購02,0,0,0,0,0,0,0,0,0,10000,0,0,0,10000,0,10000,10000
053946,全新富邦97購02  ,0,0,0,0,0,0,0,0,0,10000,0,0,0,10000,0,10000,10000
054297,台郡元大98購01  ,0,0,0,0,0,0,0,0,0,10000,0,0,0,10000,0,10000,10000
054245,鴻海元大96購23  ,0,0,0,0,0,0,0,0,0,10000,0,0,0,110000,100000,10000,10000
054248,燿華元大97購02  ,0,0,0,0,0,0,0,0,0,10000,0,0,0,10000,0,10000,10000
054745,智易凱基97購01  ,0,0,0,0,0,0,0,0,0,10000,0,0,0,30000,20000,10000,10000
054487,京元電台新97購01,0,0,0,0,0,0,0,0,0,10000,0,0,0,10000,0,10000,10000
054417,牧德元大96購01  ,0,0,0,0,0,0,0,0,0,10000,0,0,0,10000,0,10000,10000
055415,禾伸堂富邦9B購01,0,0,0,0,0,0,0,0,0,10000,0,0,0,10000,0,10000,10000
055437,禾伸堂中信99購01,0,0,0,0,0,0,0,0,0,10000,0,0,0,30000,20000,10000,10000
055409,元黃金富邦01購01,0,0,0,0,0,0,0,0,0,10000,0,0,0,10000,0,10000,10000
055191,牧德元富97購01  ,0,0,0,0,0,0,0,0,0,10000,0,0,0,10000,0,10000,10000
055007,晶相光元富9A購02,0,0,0,0,0,0,0,0,0,10000,0,0,0,10000,0,10000,10000
055096,緯穎群益97購01  ,0,0,0,0,0,0,0,0,0,10000,0,0,0,20000,10000,10000,10000
055064,碩天永豐97購01  ,0,0,0,0,0,0,0,0,0,10000,0,0,0,10000,0,10000,10000
055122,國巨兆豐98購01  ,0,0,0,0,0,0,0,0,0,10000,0,0,0,10000,0,10000,10000
055136,聯發科富邦99購06,0,0,0,0,0,0,0,0,0,10000,0,0,0,10000,0,10000,10000
055671,世紀鋼群益97購01,0,0,0,0,0,0,0,0,0,10000,0,0,0,10000,0,10000,10000
054867,華航群益99購01  ,0,0,0,0,0,0,0,0,0,10000,0,0,0,10000,0,10000,10000
055620,樺漢國票98購01  ,0,0,0,0,0,0,0,0,0,10000,0,0,0,48000,38000,10000,10000
055661,亞德客中信98購01,0,0,0,0,0,0,0,0,0,10000,0,0,0,20000,10000,10000,10000
054616,智伸科永豐97購01,0,0,0,0,0,0,0,0,0,10000,0,0,0,10000,0,10000,10000
054624,台積電凱基98購03,0,0,0,0,0,0,0,0,0,10000,0,0,0,10000,0,10000,10000
058264,瑞昱永豐99購01  ,0,0,0,0,0,0,0,0,0,10000,0,0,0,12000,2000,10000,10000
058343,台積電群益99購02,0,0,0,0,0,0,0,0,0,10000,0,0,0,10000,0,10000,10000
058376,貿聯凱基9A購01  ,0,0,0,0,0,0,0,0,0,10000,0,0,0,10000,0,10000,10000
058357,智邦凱基99購02  ,0,0,0,0,0,0,0,0,0,10000,0,0,0,10000,0,10000,10000
05817P,可成凱基96售07  ,0,0,0,0,0,0,0,0,0,10000,0,0,0,10000,0,10000,10000
058208,百和凱基99購01  ,0,0,0,0,0,0,0,0,0,10000,0,0,0,10000,0,10000,10000
058572,百和凱基9A購01  ,0,0,0,0,0,0,0,0,0,10000,0,0,0,10000,0,10000,10000
056448,全新凱基99購01  ,0,0,0,0,0,0,0,0,0,10000,0,0,0,10000,0,10000,10000
05647P,聯發科國票97售02,0,0,0,0,0,0,0,0,0,10000,0,0,0,30000,20000,10000,10000
056156,禾伸堂凱基98購04,0,0,0,0,0,0,0,0,0,10000,0,0,0,10000,0,10000,10000
056101,光磊永豐98購01  ,0,0,0,0,0,0,0,0,0,10000,0,0,0,10000,0,10000,10000
056104,義隆永豐97購01  ,0,0,0,0,0,0,0,0,0,10000,0,0,0,17000,7000,10000,10000
058793,鴻海元大99購19  ,0,0,0,0,0,0,0,0,0,10000,0,0,0,50000,40000,10000,10000
058795,可成元大99購03  ,0,0,0,0,0,0,0,0,0,10000,0,0,0,23000,13000,10000,10000
058737,鴻海第一01購01  ,0,0,0,0,0,0,0,0,0,10000,0,0,0,10000,0,10000,10000
058675,康控群益9B購01  ,0,0,0,0,0,0,0,0,0,10000,0,0,0,13000,3000,10000,10000
058698,華通元大99購05  ,0,0,0,0,0,0,0,0,0,10000,0,0,0,219000,209000,10000,10000
056689,玉晶光統一9A購03,0,0,0,0,0,0,0,0,0,10000,0,0,0,26000,16000,10000,10000
056813,聯茂統一99購01  ,0,0,0,0,0,0,0,0,0,10000,0,0,0,20000,10000,10000,10000
056876,群創凱基98購11  ,0,0,0,0,0,0,0,0,0,10000,0,0,0,10000,0,10000,10000
056880,緯穎國票98購02  ,0,0,0,0,0,0,0,0,0,10000,0,0,0,10000,0,10000,10000
05689P,滬深2X中信97售02,0,0,0,0,0,0,0,0,0,10000,0,0,0,10000,0,10000,10000
056900,可成元大98購02  ,0,0,0,0,0,0,0,0,0,10000,0,0,0,12000,2000,10000,10000
056908,牧德元大99購03  ,0,0,0,0,0,0,0,0,0,10000,0,0,0,10000,0,10000,10000
056977,國巨群益9A購01  ,0,0,0,0,0,0,0,0,0,10000,0,0,0,10000,0,10000,10000
056598,京元電元富98購01,0,0,0,0,0,0,0,0,0,10000,0,0,0,10000,0,10000,10000
057060,緯穎元大98購05  ,0,0,0,0,0,0,0,0,0,10000,0,0,0,11000,1000,10000,10000
056275,國巨國泰98購04  ,0,0,0,0,0,0,0,0,0,10000,0,0,0,10000,0,10000,10000
056206,泰鼎永豐97購01  ,0,0,0,0,0,0,0,0,0,10000,0,0,0,133000,123000,10000,10000
058469,臺股指中信9A購05,0,0,0,0,0,0,0,0,0,10000,0,0,0,10000,0,10000,10000
058438,大立光統一9B購01,0,0,0,0,0,0,0,0,0,10000,0,0,0,20000,10000,10000,10000
058400,聯發科元大99購09,0,0,0,0,0,0,0,0,0,10000,0,0,0,10000,0,10000,10000
058121,國巨國票9A購01  ,0,0,0,0,0,0,0,0,0,10000,0,0,0,10000,0,10000,10000
057102,亞光中信9A購01  ,0,0,0,0,0,0,0,0,0,10000,0,0,0,10000,0,10000,10000
057095,祥碩元富98購02  ,0,0,0,0,0,0,0,0,0,10000,0,0,0,10000,0,10000,10000
059102,聯鈞元富99購01  ,0,0,0,0,0,0,0,0,0,10000,0,0,0,10000,0,10000,10000
059014,SGBR2X元富03購01,0,0,0,0,0,0,0,0,0,10000,0,0,0,10000,0,10000,10000
059371,聯鈞元富99購02  ,0,0,0,0,0,0,0,0,0,10000,0,0,0,10000,0,10000,10000
059383,台灣50凱基99購03,0,0,0,0,0,0,0,0,0,10000,0,0,0,10000,0,10000,10000
059387,華通凱基9A購03  ,0,0,0,0,0,0,0,0,0,10000,0,0,0,10000,0,10000,10000
059430,台積電元大99購36,0,0,0,0,0,0,0,0,0,10000,0,0,0,15000,5000,10000,10000
057974,上銀永豐98購02  ,0,0,0,0,0,0,0,0,0,10000,0,0,0,10000,0,10000,10000
057981,臻鼎永豐98購01  ,0,0,0,0,0,0,0,0,0,10000,0,0,0,20000,10000,10000,10000
057110,立積群益98購01  ,0,0,0,0,0,0,0,0,0,10000,0,0,0,10000,0,10000,10000
057128,台光電凱基98購03,0,0,0,0,0,0,0,0,0,10000,0,0,0,10000,0,10000,10000
057133,京鼎凱基98購02  ,0,0,0,0,0,0,0,0,0,10000,0,0,0,10000,0,10000,10000
059998,華航元富99購02  ,0,0,0,0,0,0,0,0,0,10000,0,0,0,20000,10000,10000,10000
059909,鴻海元大99購36  ,0,0,0,0,0,0,0,0,0,10000,0,0,0,60000,50000,10000,10000
059682,可成富邦9A購01  ,0,0,0,0,0,0,0,0,0,10000,0,0,0,10000,0,10000,10000
059730,晶相光元大9C購02,0,0,0,0,0,0,0,0,0,10000,0,0,0,13000,3000,10000,10000
059740,瑞昱元富99購02  ,0,0,0,0,0,0,0,0,0,10000,0,0,0,49000,39000,10000,10000
059845,欣興富邦9A購02  ,0,0,0,0,0,0,0,0,0,10000,0,0,0,10000,0,10000,10000
059823,奇力新凱基99購07,0,0,0,0,0,0,0,0,0,10000,0,0,0,10000,0,10000,10000
059795,鴻海國票99購07  ,0,0,0,0,0,0,0,0,0,10000,0,0,0,95000,85000,10000,10000
059361,玉晶光永豐99購04,0,0,0,0,0,0,0,0,0,10000,0,0,0,10000,0,10000,10000
058639,南電兆豐99購01  ,0,0,0,0,0,0,0,0,0,10000,0,0,0,11000,1000,10000,10000
059304,華新科兆豐99購06,0,0,0,0,0,0,0,0,0,10000,0,0,0,10000,0,10000,10000
059608,聯發科富邦9B購04,0,0,0,0,0,0,0,0,0,10000,0,0,0,10000,0,10000,10000
059612,奇鋐永豐99購02  ,0,0,0,0,0,0,0,0,0,10000,0,0,0,10000,0,10000,10000
057397,茂林中信9A購01  ,0,0,0,0,0,0,0,0,0,10000,0,0,0,10000,0,10000,10000
058074,欣興凱基99購01  ,0,0,0,0,0,0,0,0,0,10000,0,0,0,10000,0,10000,10000
057295,可成永豐98購02  ,0,0,0,0,0,0,0,0,0,10000,0,0,0,20000,10000,10000,10000
057297,新日興永豐98購01,0,0,0,0,0,0,0,0,0,10000,0,0,0,10000,0,10000,10000
057301,嘉聯益永豐98購02,0,0,0,0,0,0,0,0,0,10000,0,0,0,10000,0,10000,10000
057328,京鼎群益99購02  ,0,0,0,0,0,0,0,0,0,10000,0,0,0,22000,12000,10000,10000
058023,南電凱基98購02  ,0,0,0,0,0,0,0,0,0,10000,0,0,0,10000,0,10000,10000
058892,元油2X元大9C購08,0,0,0,0,0,0,0,0,0,10000,0,0,0,10000,0,10000,10000
058895,鴻海元大99購20  ,0,0,0,0,0,0,0,0,0,10000,0,0,0,36000,26000,10000,10000
058916,SGBR2X元富99購02,0,0,0,0,0,0,0,0,0,10000,0,0,0,10000,0,10000,10000
058925,旭富元富99購02  ,0,0,0,0,0,0,0,0,0,10000,0,0,0,10000,0,10000,10000
057597,華通群益9A購02  ,0,0,0,0,0,0,0,0,0,10000,0,0,0,10000,0,10000,10000
057543,華通凱基99購02  ,0,0,0,0,0,0,0,0,0,10000,0,0,0,50000,40000,10000,10000
057545,國巨凱基99購05  ,0,0,0,0,0,0,0,0,0,10000,0,0,0,10000,0,10000,10000
057555,玉晶光凱基9A購02,0,0,0,0,0,0,0,0,0,10000,0,0,0,10000,0,10000,10000
057461,國巨永豐98購07  ,0,0,0,0,0,0,0,0,0,10000,0,0,0,10000,0,10000,10000
057469,康友永豐98購02  ,0,0,0,0,0,0,0,0,0,10000,0,0,0,10000,0,10000,10000
05919P,京鼎元大96售03  ,0,0,0,0,0,0,0,0,0,10000,0,0,0,194000,184000,10000,10000
05920P,力成元大96售04  ,0,0,0,0,0,0,0,0,0,10000,0,0,0,20000,10000,10000,10000
059236,鴻海凱基99購09  ,0,0,0,0,0,0,0,0,0,10000,0,0,0,10000,0,10000,10000
057766,矽力凱基98購03  ,0,0,0,0,0,0,0,0,0,10000,0,0,0,10000,0,10000,10000
057757,鴻海凱基98購13  ,0,0,0,0,0,0,0,0,0,10000,0,0,0,17000,7000,10000,10000
057447,智邦元富02購01  ,0,0,0,0,0,0,0,0,0,10000,0,0,0,45000,35000,10000,10000
057667,可成元大99購01  ,0,0,0,0,0,0,0,0,0,10000,0,0,0,10000,0,10000,10000
057732,牧德國泰9A購01  ,0,0,0,0,0,0,0,0,0,10000,0,0,0,10000,0,10000,10000
057635,中鋼元大98購01  ,0,0,0,0,0,0,0,0,0,10000,0,0,0,10000,0,10000,10000
3518,柏騰            ,290000,279000,11000,0,0,0,0,0,0,-1000,0,1000,-1000,0,0,0,10000
07218P,臺股指凱基99售31,0,0,0,0,0,0,0,0,0,10000,0,0,0,25000,15000,10000,10000
07225P,台積電元大99售33,0,0,0,0,0,0,0,0,0,10000,0,0,0,10000,0,10000,10000
07251P,台灣50元富01售04,0,0,0,0,0,0,0,0,0,10000,0,0,0,10000,0,10000,10000
07291P,臺股指凱基99售43,0,0,0,0,0,0,0,0,0,10000,0,0,0,10000,0,10000,10000
06960P,國巨凱基99售08  ,0,0,0,0,0,0,0,0,0,10000,0,0,0,10000,0,10000,10000
07099P,台積電元大99售19,0,0,0,0,0,0,0,0,0,10000,0,0,0,10000,0,10000,10000
07143P,FBVIX元大99售02 ,0,0,0,0,0,0,0,0,0,10000,0,0,0,10000,0,10000,10000
07179P,臺股指凱基99售21,0,0,0,0,0,0,0,0,0,10000,0,0,0,20000,10000,10000,10000
07812P,大立光統一9A售06,0,0,0,0,0,0,0,0,0,10000,0,0,0,10000,0,10000,10000
07837P,華邦電元大9A售01,0,0,0,0,0,0,0,0,0,10000,0,0,0,148000,138000,10000,10000
07618P,大立光中信9A售06,0,0,0,0,0,0,0,0,0,10000,0,0,0,10000,0,10000,10000
07601P,國巨統一9A售05  ,0,0,0,0,0,0,0,0,0,10000,0,0,0,10000,0,10000,10000
07710P,華擎元大9A售05  ,0,0,0,0,0,0,0,0,0,10000,0,0,0,59000,49000,10000,10000
07686P,祥碩凱基9A售02  ,0,0,0,0,0,0,0,0,0,10000,0,0,0,20000,10000,10000,10000
07684P,大立光凱基9A售11,0,0,0,0,0,0,0,0,0,10000,0,0,0,10000,0,10000,10000
07486P,上証2X國票9B售02,0,0,0,0,0,0,0,0,0,10000,0,0,0,10000,0,10000,10000
07521P,台積電中信01售05,0,0,0,0,0,0,0,0,0,10000,0,0,0,10000,0,10000,10000
07573P,國巨元大9A售11  ,0,0,0,0,0,0,0,0,0,10000,0,0,0,10000,0,10000,10000
2881B,富邦金乙特      ,0,10000,-10000,0,0,0,0,0,0,20000,20000,0,20000,0,0,0,10000
2608,嘉里大榮        ,154000,154000,0,0,0,0,0,0,0,10000,10000,0,10000,0,0,0,10000
061512,國巨永豐9A購04  ,0,0,0,0,0,0,0,0,0,9000,0,0,0,19000,10000,9000,9000
061431,鈺齊元大9A購01  ,0,0,0,0,0,0,0,0,0,9000,0,0,0,15000,6000,9000,9000
061560,友達國票9B購01  ,0,0,0,0,0,0,0,0,0,9000,0,0,0,150000,141000,9000,9000
060659,鴻海凱基9B購03  ,0,0,0,0,0,0,0,0,0,9000,0,0,0,29000,20000,9000,9000
060678,聯詠元大9A購03  ,0,0,0,0,0,0,0,0,0,9000,0,0,0,50000,41000,9000,9000
060097,華新科元大99購23,0,0,0,0,0,0,0,0,0,9000,0,0,0,9000,0,9000,9000
060034,立積永豐99購04  ,0,0,0,0,0,0,0,0,0,9000,0,0,0,53000,44000,9000,9000
060211,智邦康和9A購01  ,0,0,0,0,0,0,0,0,0,9000,0,0,0,9000,0,9000,9000
061240,華新科兆豐9A購01,0,0,0,0,0,0,0,0,0,9000,0,0,0,11000,2000,9000,9000
061307,和潤永豐9A購02  ,0,0,0,0,0,0,0,0,0,9000,0,0,0,234000,225000,9000,9000
060994,世芯元大9A購03  ,0,0,0,0,0,0,0,0,0,9000,0,0,0,24000,15000,9000,9000
060794,景碩永豐9A購02  ,0,0,0,0,0,0,0,0,0,9000,0,0,0,14000,5000,9000,9000
055690,矽力凱基97購02  ,0,0,0,0,0,0,0,0,0,9000,0,0,0,14000,5000,9000,9000
054505,揚明光永豐97購02,0,0,0,0,0,0,0,0,0,9000,0,0,0,9000,0,9000,9000
055796,南電國泰98購01  ,0,0,0,0,0,0,0,0,0,9000,0,0,0,9000,0,9000,9000
051233,力成群益97購01  ,0,0,0,0,0,0,0,0,0,9000,0,0,0,19000,10000,9000,9000
055305,旺宏群益99購01  ,0,0,0,0,0,0,0,0,0,9000,0,0,0,99000,90000,9000,9000
055338,GIS兆豐97購01   ,0,0,0,0,0,0,0,0,0,9000,0,0,0,9000,0,9000,9000
051758,瑞昱元大95購01  ,0,0,0,0,0,0,0,0,0,9000,0,0,0,9000,0,9000,9000
05649P,矽創國票97售03  ,0,0,0,0,0,0,0,0,0,9000,0,0,0,83000,74000,9000,9000
057980,聯詠永豐98購01  ,0,0,0,0,0,0,0,0,0,9000,0,0,0,9000,0,9000,9000
059455,玉晶光永豐99購05,0,0,0,0,0,0,0,0,0,9000,0,0,0,20000,11000,9000,9000
059397,T50反1元富99購05,0,0,0,0,0,0,0,0,0,9000,0,0,0,40000,31000,9000,9000
059000,台積電元大99購25,0,0,0,0,0,0,0,0,0,9000,0,0,0,10000,1000,9000,9000
05902P,華通國票96售02  ,0,0,0,0,0,0,0,0,0,9000,0,0,0,16000,7000,9000,9000
057858,T50正2康和98購01,0,0,0,0,0,0,0,0,0,9000,0,0,0,800000,791000,9000,9000
058113,百和元富98購01  ,0,0,0,0,0,0,0,0,0,9000,0,0,0,19000,10000,9000,9000
057252,牧德元富98購01  ,0,0,0,0,0,0,0,0,0,9000,0,0,0,33000,24000,9000,9000
056077,矽力元大97購07  ,0,0,0,0,0,0,0,0,0,9000,0,0,0,42000,33000,9000,9000
07687P,上銀元大9A售06  ,0,0,0,0,0,0,0,0,0,9000,0,0,0,20000,11000,9000,9000
07181P,臺股指凱基99售23,0,0,0,0,0,0,0,0,0,9000,0,0,0,12000,3000,9000,9000
07169P,臺股指國票99售06,0,0,0,0,0,0,0,0,0,9000,0,0,0,9000,0,9000,9000
07276P,臺股指群益99售19,0,0,0,0,0,0,0,0,0,9000,0,0,0,126000,117000,9000,9000
07227P,聯發科元富99售05,0,0,0,0,0,0,0,0,0,9000,0,0,0,114000,105000,9000,9000
07219P,臺股指凱基99售32,0,0,0,0,0,0,0,0,0,9000,0,0,0,11000,2000,9000,9000
060850,康友國票9A購03  ,0,0,0,0,0,0,0,0,0,8000,0,0,0,104000,96000,8000,8000
061341,華新科元大9A購16,0,0,0,0,0,0,0,0,0,8000,0,0,0,61000,53000,8000,8000
060219,聯發科凱基9A購09,0,0,0,0,0,0,0,0,0,8000,0,0,0,10000,2000,8000,8000
060253,昇陽半元大9C購01,0,0,0,0,0,0,0,0,0,8000,0,0,0,96000,88000,8000,8000
060333,金寶康和9A購01  ,0,0,0,0,0,0,0,0,0,8000,0,0,0,13000,5000,8000,8000
060059,鴻海兆豐99購06  ,0,0,0,0,0,0,0,0,0,8000,0,0,0,8000,0,8000,8000
060119,上銀富邦9B購03  ,0,0,0,0,0,0,0,0,0,8000,0,0,0,8000,0,8000,8000
060400,南電國票9A購03  ,0,0,0,0,0,0,0,0,0,8000,0,0,0,9000,1000,8000,8000
060454,葡萄王元大9A購01,0,0,0,0,0,0,0,0,0,8000,0,0,0,10000,2000,8000,8000
060515,臺股指元大9B購12,0,0,0,0,0,0,0,0,0,8000,0,0,0,8000,0,8000,8000
061717,力成凱基9B購01  ,0,0,0,0,0,0,0,0,0,8000,0,0,0,8000,0,8000,8000
061942,亞德客群益9B購01,0,0,0,0,0,0,0,0,0,8000,0,0,0,12000,4000,8000,8000
061985,富邦金元大9B購01,0,0,0,0,0,0,0,0,0,8000,0,0,0,93000,85000,8000,8000
06673P,大立光群益98售01,0,0,0,0,0,0,0,0,0,8000,0,0,0,10000,2000,8000,8000
06667P,鴻海凱基98售11  ,0,0,0,0,0,0,0,0,0,8000,0,0,0,18000,10000,8000,8000
06765P,欣興元大98售11  ,0,0,0,0,0,0,0,0,0,8000,0,0,0,148000,140000,8000,8000
06850P,聯茂元大98售06  ,0,0,0,0,0,0,0,0,0,8000,0,0,0,8000,0,8000,8000
062065,台灣50元大9B購14,0,0,0,0,0,0,0,0,0,8000,0,0,0,8000,0,8000,8000
062098,億光永豐9B購01  ,0,0,0,0,0,0,0,0,0,8000,0,0,0,48000,40000,8000,8000
062272,鴻海群益9B購05  ,0,0,0,0,0,0,0,0,0,8000,0,0,0,101000,93000,8000,8000
052269,T50反1日盛9B購01,0,0,0,0,0,0,0,0,0,8000,0,0,0,8000,0,8000,8000
052615,鴻海國泰98購01  ,0,0,0,0,0,0,0,0,0,8000,0,0,0,8000,0,8000,8000
053066,欣興群益96購02  ,0,0,0,0,0,0,0,0,0,8000,0,0,0,70000,62000,8000,8000
054170,泰鼎凱基98購01  ,0,0,0,0,0,0,0,0,0,8000,0,0,0,13000,5000,8000,8000
052887,華通中信96購01  ,0,0,0,0,0,0,0,0,0,8000,0,0,0,8000,0,8000,8000
046903,友達凱基99購01  ,0,0,0,0,0,0,0,0,0,8000,0,0,0,16000,8000,8000,8000
03603P,群創凱基98售04  ,0,0,0,0,0,0,0,0,0,8000,0,0,0,50000,42000,8000,8000
00733,富邦臺灣中小    ,0,0,0,0,0,0,0,0,0,8000,0,0,0,232000,224000,8000,8000
05574P,英業達元富96售01,0,0,0,0,0,0,0,0,0,8000,0,0,0,8000,0,8000,8000
053460,緯穎國泰97購01  ,0,0,0,0,0,0,0,0,0,8000,0,0,0,8000,0,8000,8000
056004,南電永豐97購02  ,0,0,0,0,0,0,0,0,0,8000,0,0,0,20000,12000,8000,8000
056686,可成統一98購01  ,0,0,0,0,0,0,0,0,0,8000,0,0,0,48000,40000,8000,8000
058147,鈺齊元大99購01  ,0,0,0,0,0,0,0,0,0,8000,0,0,0,8000,0,8000,8000
058409,鴻海兆豐99購05  ,55000,0,55000,0,0,0,0,0,0,-47000,0,0,0,171000,218000,-47000,8000
056202,國揚永豐97購01  ,0,0,0,0,0,0,0,0,0,8000,0,0,0,8000,0,8000,8000
056366,玉晶光元大99購04,0,0,0,0,0,0,0,0,0,8000,0,0,0,69000,61000,8000,8000
059288,旺宏元富99購03  ,0,0,0,0,0,0,0,0,0,8000,0,0,0,8000,0,8000,8000
059303,國巨兆豐99購04  ,0,0,0,0,0,0,0,0,0,8000,0,0,0,8000,0,8000,8000
057440,台積電統一98購10,0,0,0,0,0,0,0,0,0,8000,0,0,0,8000,0,8000,8000
059731,康控元大99購04  ,0,0,0,0,0,0,0,0,0,8000,0,0,0,12000,4000,8000,8000
059966,台積電凱基99購19,0,0,0,0,0,0,0,0,0,8000,0,0,0,8000,0,8000,8000
058632,世紀鋼國票9A購01,0,0,0,0,0,0,0,0,0,8000,0,0,0,8000,0,8000,8000
057780,台郡群益98購02  ,0,0,0,0,0,0,0,0,0,8000,0,0,0,49000,41000,8000,8000
057279,國揚元大98購01  ,0,0,0,0,0,0,0,0,0,8000,0,0,0,28000,20000,8000,8000
07363P,大立光元大99售26,0,0,0,0,0,0,0,0,0,8000,0,0,0,32000,24000,8000,8000
07178P,臺股指凱基99售20,0,0,0,0,0,0,0,0,0,8000,0,0,0,8000,0,8000,8000
07079P,台積電群益99售06,0,0,0,0,0,0,0,0,0,8000,0,0,0,8000,0,8000,8000
07717P,臺股指群益9A售06,0,0,0,0,0,0,0,0,0,8000,0,0,0,10000,2000,8000,8000
2816,旺旺保          ,48000,40000,8000,0,0,0,0,0,0,0,0,0,0,0,0,0,8000
4566,時碩工業        ,34000,26000,8000,0,0,0,0,0,0,0,0,0,0,0,0,0,8000
8341,日友            ,52000,43000,9000,0,0,0,0,0,0,-1000,0,1000,-1000,0,0,0,8000
06560P,台積電統一98售07,0,0,0,0,0,0,0,0,0,7000,0,0,0,8000,1000,7000,7000
061507,南電國票9A購05  ,0,0,0,0,0,0,0,0,0,7000,0,0,0,9000,2000,7000,7000
06046P,健策統一96售03  ,0,0,0,0,0,0,0,0,0,7000,0,0,0,165000,158000,7000,7000
060448,道瓊反元大9A購04,0,0,0,0,0,0,0,0,0,7000,0,0,0,7000,0,7000,7000
060770,宏達電麥證9A購01,0,0,0,40000,33000,7000,0,0,0,7000,0,0,0,40000,33000,7000,7000
054778,世紀鋼國票99購01,0,0,0,0,0,0,0,0,0,7000,0,0,0,7000,0,7000,7000
054470,緯穎國票97購04  ,0,0,0,0,0,0,0,0,0,7000,0,0,0,9000,2000,7000,7000
055039,神達富邦99購01  ,0,0,0,0,0,0,0,0,0,7000,0,0,0,7000,0,7000,7000
048747,華通元富97購01  ,0,0,0,0,0,0,0,0,0,7000,0,0,0,22000,15000,7000,7000
051317,亞德客國票96購01,0,0,0,0,0,0,0,0,0,7000,0,0,0,100000,93000,7000,7000
055875,光罩元富97購02  ,0,0,0,0,0,0,0,0,0,7000,0,0,0,38000,31000,7000,7000
058015,旺宏凱基99購02  ,0,0,0,0,0,0,0,0,0,7000,0,0,0,12000,5000,7000,7000
05803P,臺股指兆豐96售03,0,0,0,0,0,0,0,0,0,7000,0,0,0,7000,0,7000,7000
059147,矽創國票99購01  ,0,0,0,0,0,0,0,0,0,7000,0,0,0,47000,40000,7000,7000
059789,貿聯元大9A購02  ,0,0,0,0,0,0,0,0,0,7000,0,0,0,17000,10000,7000,7000
057424,訊芯凱基98購04  ,0,0,0,0,0,0,0,0,0,7000,0,0,0,50000,43000,7000,7000
059544,創意亞東99購01  ,0,0,0,0,0,0,0,0,0,7000,0,0,0,8000,1000,7000,7000
059373,滬深2X群益01購03,0,0,0,0,0,0,0,0,0,7000,0,0,0,7000,0,7000,7000
056213,建準國票98購02  ,0,0,0,0,0,0,0,0,0,7000,0,0,0,42000,35000,7000,7000
056313,聯茂元大98購01  ,0,0,0,0,0,0,0,0,0,7000,0,0,0,7000,0,7000,7000
057093,臻鼎元富98購02  ,0,0,0,0,0,0,0,0,0,7000,0,0,0,7000,0,7000,7000
056742,玉晶光凱基9A購01,0,0,0,0,0,0,0,0,0,7000,0,0,0,7000,0,7000,7000
057013,聯發科麥證98購01,0,0,0,7000,0,7000,0,0,0,7000,0,0,0,7000,0,7000,7000
056092,亞德客元富97購02,0,0,0,0,0,0,0,0,0,7000,0,0,0,40000,33000,7000,7000
3029,零壹            ,191000,184000,7000,0,0,0,0,0,0,0,0,0,0,0,0,0,7000
08679P,台灣50元大01售15,0,0,0,0,0,0,0,0,0,7000,0,0,0,7000,0,7000,7000
07625P,台灣50凱基01售06,0,0,0,0,0,0,0,0,0,7000,0,0,0,7000,0,7000,7000
07487P,鴻海國票9A售01  ,0,0,0,0,0,0,0,0,0,7000,0,0,0,7000,0,7000,7000
07025P,玉晶光凱基99售01,0,0,0,0,0,0,0,0,0,7000,0,0,0,24000,17000,7000,7000
07317P,T50正2凱基9B售02,0,0,0,0,0,0,0,0,0,7000,0,0,0,13000,6000,7000,7000
060845,欣興國票9A購01  ,0,0,0,0,0,0,0,0,0,6000,0,0,0,34000,28000,6000,6000
060822,華通元大9A購05  ,0,0,0,0,0,0,0,0,0,6000,0,0,0,6000,0,6000,6000
061256,亞德客凱基9B購01,0,0,0,0,0,0,0,0,0,6000,0,0,0,9000,3000,6000,6000
061079,台積電兆豐9A購02,0,0,0,0,0,0,0,0,0,6000,0,0,0,11000,5000,6000,6000
061084,京元電兆豐9A購02,0,0,0,0,0,0,0,0,0,6000,0,0,0,302000,296000,6000,6000
060077,台積電台新9B購01,0,0,0,0,0,0,0,0,0,6000,0,0,0,40000,34000,6000,6000
060162,碩天永豐9A購01  ,0,0,0,0,0,0,0,0,0,6000,0,0,0,6000,0,6000,6000
060262,臺股指凱基9B購02,0,0,0,0,0,0,0,0,0,6000,0,0,0,75000,69000,6000,6000
061515,泰碩永豐9A購03  ,0,0,0,0,0,0,0,0,0,6000,0,0,0,12000,6000,6000,6000
061437,燿華凱基9A購01  ,0,0,0,0,0,0,0,0,0,6000,0,0,0,319000,313000,6000,6000
061940,世紀鋼國票9C購01,0,0,0,0,0,0,0,0,0,6000,0,0,0,6000,0,6000,6000
061858,南電國票9B購02  ,0,0,0,0,0,0,0,0,0,6000,0,0,0,10000,4000,6000,6000
061694,玉山金群益9A購01,0,0,0,0,0,0,0,0,0,6000,0,0,0,35000,29000,6000,6000
061851,智邦國票9B購01  ,0,0,0,0,0,0,0,0,0,6000,0,0,0,6000,0,6000,6000
06652P,長榮航元大98售01,0,0,0,0,0,0,0,0,0,6000,0,0,0,6000,0,6000,6000
06630P,國巨群益98售08  ,0,0,0,0,0,0,0,0,0,6000,0,0,0,10000,4000,6000,6000
06489P,台積電元富98售06,0,0,0,0,0,0,0,0,0,6000,0,0,0,6000,0,6000,6000
06803P,臺股指群益98售09,0,0,0,0,0,0,0,0,0,6000,0,0,0,17000,11000,6000,6000
06844P,智邦元大98售13  ,0,0,0,0,0,0,0,0,0,6000,0,0,0,6000,0,6000,6000
06800P,台灣50群益9A售02,0,0,0,0,0,0,0,0,0,6000,0,0,0,6000,0,6000,6000
06301P,臺股指元大97售04,0,0,0,0,0,0,0,0,0,6000,0,0,0,6000,0,6000,6000
055916,奇鋐凱基99購01  ,0,0,0,0,0,0,0,0,0,6000,0,0,0,366000,360000,6000,6000
053312,緯穎凱基96購02  ,0,0,0,0,0,0,0,0,0,6000,0,0,0,6000,0,6000,6000
051887,上証2X元富98購01,0,0,0,0,0,0,0,0,0,6000,0,0,0,6000,0,6000,6000
051944,智邦統一95購02  ,0,0,0,0,0,0,0,0,0,6000,0,0,0,6000,0,6000,6000
052806,玉晶光元大98購04,0,0,0,0,0,0,0,0,0,6000,0,0,0,39000,33000,6000,6000
03650C,T50反1元大98牛05,0,0,0,0,0,0,0,0,0,6000,0,0,0,6000,0,6000,6000
050173,旺宏元大96購02  ,0,0,0,0,0,0,0,0,0,6000,0,0,0,6000,0,6000,6000
055206,台虹中信97購01  ,0,0,0,0,0,0,0,0,0,6000,0,0,0,6000,0,6000,6000
055612,台光電國票97購04,0,0,0,0,0,0,0,0,0,6000,0,0,0,8000,2000,6000,6000
054831,緯穎國泰98購01  ,0,0,0,0,0,0,0,0,0,6000,0,0,0,6000,0,6000,6000
058358,技嘉凱基9A購01  ,0,0,0,0,0,0,0,0,0,6000,0,0,0,28000,22000,6000,6000
055484,華通元大97購04  ,0,0,0,0,0,0,0,0,0,6000,0,0,0,6000,0,6000,6000
055785,祥碩凱基97購02  ,0,0,0,0,0,0,0,0,0,6000,0,0,0,55000,49000,6000,6000
054318,台虹凱基98購01  ,0,0,0,0,0,0,0,0,0,6000,0,0,0,6000,0,6000,6000
05375P,健策國票96售02  ,0,0,0,0,0,0,0,0,0,6000,0,0,0,6000,0,6000,6000
058666,上証反群益01購01,0,0,0,0,0,0,0,0,0,6000,0,0,0,6000,0,6000,6000
058741,欣興日盛99購01  ,0,0,0,0,0,0,0,0,0,6000,0,0,0,6000,0,6000,6000
056408,奇鋐國票99購01  ,0,0,0,0,0,0,0,0,0,6000,0,0,0,21000,15000,6000,6000
056833,和大元富9B購01  ,0,0,0,0,0,0,0,0,0,6000,0,0,0,6000,0,6000,6000
056310,神達元大97購02  ,0,0,0,0,0,0,0,0,0,6000,0,0,0,6000,0,6000,6000
058796,可成元大99購04  ,0,0,0,0,0,0,0,0,0,6000,0,0,0,10000,4000,6000,6000
058654,鴻海中信03購01  ,0,0,0,0,0,0,0,0,0,6000,0,0,0,32000,26000,6000,6000
058410,國巨兆豐99購03  ,0,0,0,0,0,0,0,0,0,6000,0,0,0,6000,0,6000,6000
057153,祥碩國泰99購01  ,0,0,0,0,0,0,0,0,0,6000,0,0,0,6000,0,6000,6000
057165,國巨元大99購05  ,0,0,0,0,0,0,0,0,0,6000,0,0,0,84000,78000,6000,6000
057168,旺宏元大99購03  ,0,0,0,0,0,0,0,0,0,6000,0,0,0,16000,10000,6000,6000
059458,鎧勝永豐99購01  ,0,0,0,0,0,0,0,0,0,6000,0,0,0,34000,28000,6000,6000
059701,國巨凱基9A購09  ,0,0,0,0,0,0,0,0,0,6000,0,0,0,6000,0,6000,6000
059951,台塑康和99購01  ,0,0,0,0,0,0,0,0,0,6000,0,0,0,8000,2000,6000,6000
059891,臺股指國票99購25,0,0,0,0,0,0,0,0,0,6000,0,0,0,6000,0,6000,6000
059241,旺宏凱基99購07  ,0,0,0,0,0,0,0,0,0,6000,0,0,0,6000,0,6000,6000
057683,技嘉日盛98購01  ,0,0,0,0,0,0,0,0,0,6000,0,0,0,316000,310000,6000,6000
058025,聯茂國泰99購01  ,0,0,0,0,0,0,0,0,0,6000,0,0,0,11000,5000,6000,6000
05759P,智邦永豐96售02  ,0,0,0,0,0,0,0,0,0,6000,0,0,0,6000,0,6000,6000
058936,國喬中信99購01  ,0,0,0,0,0,0,0,0,0,6000,0,0,0,26000,20000,6000,6000
07377P,聯發科元大99售40,0,0,0,0,0,0,0,0,0,6000,0,0,0,8000,2000,6000,6000
07322P,鴻海元大99售33  ,0,0,0,0,0,0,0,0,0,6000,0,0,0,94000,88000,6000,6000
07104P,聯發科元富99售04,0,0,0,0,0,0,0,0,0,6000,0,0,0,8000,2000,6000,6000
07142P,台灣50元大01售01,0,0,0,0,0,0,0,0,0,6000,0,0,0,6000,0,6000,6000
07777P,創意元大9A售03  ,0,0,0,0,0,0,0,0,0,6000,0,0,0,17000,11000,6000,6000
8497,格威傳媒        ,6000,0,6000,0,0,0,0,0,0,0,0,0,0,0,0,0,6000
062227,南六統一01購02  ,0,0,0,0,0,0,0,0,0,5000,0,0,0,5000,0,5000,5000
062109,聯詠國票9C購01  ,0,0,0,0,0,0,0,0,0,5000,0,0,0,13000,8000,5000,5000
06749P,技嘉元富98售03  ,0,0,0,0,0,0,0,0,0,5000,0,0,0,5000,0,5000,5000
06827P,臺股指國票98售03,0,0,0,0,0,0,0,0,0,5000,0,0,0,5000,0,5000,5000
06869P,金融類元大99售01,0,0,0,0,0,0,0,0,0,5000,0,0,0,5000,0,5000,5000
06479P,聯發科中信99售02,0,0,0,0,0,0,0,0,0,5000,0,0,0,10000,5000,5000,5000
06457P,玉晶光統一98售02,0,0,0,0,0,0,0,0,0,5000,0,0,0,223000,218000,5000,5000
06496P,台灣50日盛98售01,0,0,0,0,0,0,0,0,0,5000,0,0,0,5000,0,5000,5000
06395P,台積電元大97售29,0,0,0,0,0,0,0,0,0,5000,0,0,0,6000,1000,5000,5000
061831,智邦凱基9B購02  ,0,0,0,0,0,0,0,0,0,5000,0,0,0,65000,60000,5000,5000
061654,旺宏國票9A購02  ,0,0,0,0,0,0,0,0,0,5000,0,0,0,5000,0,5000,5000
060303,宏達電富邦9B購01,0,0,0,0,0,0,0,0,0,5000,0,0,0,40000,35000,5000,5000
060310,瑞昱永豐9A購01  ,0,0,0,0,0,0,0,0,0,5000,0,0,0,57000,52000,5000,5000
060371,A50正2元富01購01,0,0,0,0,0,0,0,0,0,5000,0,0,0,5000,0,5000,5000
060369,滬深2X元富01購01,0,0,0,0,0,0,0,0,0,5000,0,0,0,5000,0,5000,5000
06010P,國泰金元富96售01,0,0,0,0,0,0,0,0,0,5000,0,0,0,80000,75000,5000,5000
060071,國巨元富99購03  ,0,0,0,0,0,0,0,0,0,5000,0,0,0,20000,15000,5000,5000
060058,牧德凱基9B購01  ,0,0,0,0,0,0,0,0,0,5000,0,0,0,89000,84000,5000,5000
060044,大立光群益99購09,0,0,0,0,0,0,0,0,0,5000,0,0,0,5000,0,5000,5000
060453,儒鴻元大9A購02  ,0,0,0,0,0,0,0,0,0,5000,0,0,0,72000,67000,5000,5000
06041P,全新永豐96售03  ,0,0,0,0,0,0,0,0,0,5000,0,0,0,15000,10000,5000,5000
060407,南六國泰9C購01  ,0,0,0,0,0,0,0,0,0,5000,0,0,0,5000,0,5000,5000
060537,台灣50凱基9B購01,0,0,0,0,0,0,0,0,0,5000,0,0,0,20000,15000,5000,5000
060723,致新永豐9A購01  ,0,0,0,0,0,0,0,0,0,5000,0,0,0,177000,172000,5000,5000
061014,台積電麥證9A購04,0,0,0,5000,0,5000,0,0,0,5000,0,0,0,5000,0,5000,5000
053821,群創群益98購08  ,0,0,0,0,0,0,0,0,0,5000,0,0,0,5000,0,5000,5000
053631,欣興兆豐97購01  ,0,0,0,0,0,0,0,0,0,5000,0,0,0,6000,1000,5000,5000
053411,深中小國票9B購01,0,0,0,0,0,0,0,0,0,5000,0,0,0,10000,5000,5000,5000
053443,智邦凱基97購01  ,0,0,0,0,0,0,0,0,0,5000,0,0,0,5000,0,5000,5000
05337P,臺股指國票95售06,0,0,0,0,0,0,0,0,0,5000,0,0,0,5000,0,5000,5000
053486,T50反1兆豐96購01,0,0,0,0,0,0,0,0,0,5000,0,0,0,5000,0,5000,5000
054074,健策富邦98購01  ,0,0,0,0,0,0,0,0,0,5000,0,0,0,5000,0,5000,5000
054346,世芯國票97購01  ,0,0,0,0,0,0,0,0,0,5000,0,0,0,5000,0,5000,5000
054347,上緯控國票96購02,0,798000,-798000,0,0,0,0,0,0,803000,0,0,0,803000,0,803000,5000
054253,宏達電元大97購03,0,0,0,0,0,0,0,0,0,5000,0,0,0,5000,0,5000,5000
054760,台化國票9A購01  ,0,0,0,0,0,0,0,0,0,5000,0,0,0,5000,0,5000,5000
054785,建準群益98購01  ,0,0,0,0,0,0,0,0,0,5000,0,0,0,27000,22000,5000,5000
055495,長榮航元大97購01,0,0,0,0,0,0,0,0,0,5000,0,0,0,5000,0,5000,5000
054420,緯穎元大96購08  ,0,0,0,0,0,0,0,0,0,5000,0,0,0,35000,30000,5000,5000
055412,旺宏富邦99購01  ,0,0,0,0,0,0,0,0,0,5000,0,0,0,5000,0,5000,5000
058319,大毅永豐9A購01  ,0,0,0,0,0,0,0,0,0,5000,0,0,0,57000,52000,5000,5000
058311,緯穎元大99購05  ,0,0,0,0,0,0,0,0,0,5000,0,0,0,5000,0,5000,5000
054938,國巨元大97購04  ,0,0,0,0,0,0,0,0,0,5000,0,0,0,45000,40000,5000,5000
05491P,茂林元大95售04  ,0,0,0,0,0,0,0,0,0,5000,0,0,0,5000,0,5000,5000
050492,漢唐國泰96購01  ,0,0,0,0,0,0,0,0,0,5000,0,0,0,5000,0,5000,5000
049706,世紀鋼元大95購02,0,0,0,0,0,0,0,0,0,5000,0,0,0,5000,0,5000,5000
03618C,高股息凱基95牛01,0,0,0,0,0,0,0,0,0,5000,0,0,0,5000,0,5000,5000
03434B,臺股指元大99熊10,0,0,0,0,0,0,0,0,0,5000,0,0,0,5000,0,5000,5000
049108,玉晶光富邦96購02,0,0,0,0,0,0,0,0,0,5000,0,0,0,5000,0,5000,5000
04927P,大立光凱基95售06,0,0,0,0,0,0,0,0,0,5000,0,0,0,5000,0,5000,5000
049335,聯電統一97購01  ,0,0,0,0,0,0,0,0,0,5000,0,0,0,5000,0,5000,5000
049439,牧德國泰96購01  ,0,0,0,0,0,0,0,0,0,5000,0,0,0,5000,0,5000,5000
050651,大立光凱基96購02,0,0,0,0,0,0,0,0,0,5000,0,0,0,10000,5000,5000,5000
051736,旺宏國票96購01  ,0,0,0,0,0,0,0,0,0,5000,0,0,0,5000,0,5000,5000
048273,南電富邦97購01  ,0,0,0,0,0,0,0,0,0,5000,0,0,0,127000,122000,5000,5000
04606P,高股息中信96售01,0,0,0,0,0,0,0,0,0,5000,0,0,0,5000,0,5000,5000
051947,矽力統一95購01  ,0,0,0,0,0,0,0,0,0,5000,0,0,0,5000,0,5000,5000
051847,香港反中信99購01,0,0,0,0,0,0,0,0,0,5000,0,0,0,60000,55000,5000,5000
051774,聯茂中信96購01  ,0,0,0,0,0,0,0,0,0,5000,0,0,0,25000,20000,5000,5000
052206,燿華中信95購02  ,0,0,0,0,0,0,0,0,0,5000,0,0,0,5000,0,5000,5000
052595,奇力新群益96購01,0,0,0,0,0,0,0,0,0,5000,0,0,0,5000,0,5000,5000
051466,玉晶光富邦97購01,0,0,0,0,0,0,0,0,0,5000,0,0,0,5000,0,5000,5000
05160P,國巨國票96售03  ,0,0,0,0,0,0,0,0,0,5000,0,0,0,5000,0,5000,5000
055971,矽力元大97購05  ,0,0,0,0,0,0,0,0,0,5000,0,0,0,5000,0,5000,5000
055814,晶豪科國票97購02,0,0,0,0,0,0,0,0,0,5000,0,0,0,19000,14000,5000,5000
055853,群創元大98購03  ,0,0,0,0,0,0,0,0,0,5000,0,0,0,5000,0,5000,5000
057562,奇鋐兆豐98購01  ,0,0,0,0,0,0,0,0,0,5000,0,0,0,5000,0,5000,5000
058080,台積電群益98購06,0,0,0,0,0,0,0,0,0,5000,0,0,0,45000,40000,5000,5000
058849,奇力新群益99購02,0,0,0,0,0,0,0,0,0,5000,0,0,0,35000,30000,5000,5000
057624,新日興國泰99購01,0,0,0,0,0,0,0,0,0,5000,0,0,0,5000,0,5000,5000
057784,台積電國票9B購01,0,0,0,0,0,0,0,0,0,5000,0,0,0,5000,0,5000,5000
057785,智邦國票99購02  ,0,0,0,0,0,0,0,0,0,5000,0,0,0,43000,38000,5000,5000
057751,神達國票99購02  ,0,0,0,0,0,0,0,0,0,5000,0,0,0,5000,0,5000,5000
059249,大立光凱基99購05,0,0,0,0,0,0,0,0,0,5000,0,0,0,6000,1000,5000,5000
059251,大立光凱基9A購04,0,0,0,0,0,0,0,0,0,5000,0,0,0,5000,0,5000,5000
059232,台灣50凱基03購01,0,0,0,0,0,0,0,0,0,5000,0,0,0,5000,0,5000,5000
057497,祥碩元大98購06  ,0,0,0,0,0,0,0,0,0,5000,0,0,0,13000,8000,5000,5000
059918,華新科元大99購20,0,0,0,0,0,0,0,0,0,5000,0,0,0,61000,56000,5000,5000
05998P,台積電元大97售12,0,0,0,0,0,0,0,0,0,5000,0,0,0,5000,0,5000,5000
059529,華新科凱基9A購04,0,0,0,0,0,0,0,0,0,5000,0,0,0,5000,0,5000,5000
05946P,和碩中信96售01  ,0,0,0,0,0,0,0,0,0,5000,0,0,0,5000,0,5000,5000
057170,瑞昱元大98購01  ,0,0,0,0,0,0,0,0,0,5000,0,0,0,107000,102000,5000,5000
057949,南電國票99購01  ,0,0,0,0,0,0,0,0,0,5000,0,0,0,56000,51000,5000,5000
059033,元油2X群益9C購05,0,0,0,0,0,0,0,0,0,5000,0,0,0,5000,0,5000,5000
059076,FBVIX元大99購04 ,0,0,0,0,0,0,0,0,0,5000,0,0,0,10000,5000,5000,5000
058428,大立光元富99購02,0,0,0,0,0,0,0,0,0,5000,0,0,0,5000,0,5000,5000
057086,立積統一9C購01  ,0,0,0,0,0,0,0,0,0,5000,0,0,0,5000,0,5000,5000
05681P,大立光元大96售05,0,0,0,0,0,0,0,0,0,5000,0,0,0,5000,0,5000,5000
056748,T50反1兆豐99購01,0,0,0,0,0,0,0,0,0,5000,0,0,0,5000,0,5000,5000
056987,南茂群益98購01  ,0,0,0,0,0,0,0,0,0,5000,0,0,0,5000,0,5000,5000
056928,旺宏台新98購01  ,0,0,0,0,0,0,0,0,0,5000,0,0,0,5000,0,5000,5000
056056,旺宏元大97購06  ,0,0,0,0,0,0,0,0,0,5000,0,0,0,5000,0,5000,5000
056001,美食永豐97購01  ,0,0,0,0,0,0,0,0,0,5000,0,0,0,5000,0,5000,5000
910322,康師傅-DR       ,9000,4000,5000,0,0,0,0,0,0,0,0,0,0,0,0,0,5000
07750P,台表科凱基9A售04,0,0,0,0,0,0,0,0,0,5000,0,0,0,5000,0,5000,5000
07118P,台積電凱基99售09,0,0,0,0,0,0,0,0,0,5000,0,0,0,105000,100000,5000,5000
07127P,精元元大99售01  ,0,0,0,0,0,0,0,0,0,5000,0,0,0,5000,0,5000,5000
07040P,台灣50元大9C售02,0,0,0,0,0,0,0,0,0,5000,0,0,0,5000,0,5000,5000
06949P,台表科元大99售01,0,0,0,0,0,0,0,0,0,5000,0,0,0,5000,0,5000,5000
06962P,華新科永豐99售01,0,0,0,0,0,0,0,0,0,5000,0,0,0,30000,25000,5000,5000
07343P,高鐵康和99售01  ,0,0,0,0,0,0,0,0,0,5000,0,0,0,5000,0,5000,5000
07372P,滬深2X元大99售08,0,0,0,0,0,0,0,0,0,5000,0,0,0,5000,0,5000,5000
07360P,台積電元大99售46,0,0,0,0,0,0,0,0,0,5000,0,0,0,5000,0,5000,5000
07256P,臺股指凱基99售36,0,0,0,0,0,0,0,0,0,5000,0,0,0,9000,4000,5000,5000
06118P,上証2X凱基98售03,0,0,0,0,0,0,0,0,0,4000,0,0,0,4000,0,4000,4000
061301,華新科永豐9A購03,0,0,0,0,0,0,0,0,0,4000,0,0,0,24000,20000,4000,4000
060644,泰鼎永豐9A購02  ,0,0,0,0,0,0,0,0,0,4000,0,0,0,29000,25000,4000,4000
060049,華通凱基99購06  ,0,0,0,0,0,0,0,0,0,4000,0,0,0,4000,0,4000,4000
060100,新光金元大9C購01,0,0,0,0,0,0,0,0,0,4000,0,0,0,7000,3000,4000,4000
060209,喬山康和9A購01  ,0,0,0,0,0,0,0,0,0,4000,0,0,0,4000,0,4000,4000
060330,台灣50麥證9A購03,0,0,0,4000,0,4000,0,0,0,4000,0,0,0,4000,0,4000,4000
06163P,聯詠群益97售01  ,0,0,0,0,0,0,0,0,0,4000,0,0,0,204000,200000,4000,4000
061546,大立光群益9A購05,0,0,0,0,0,0,0,0,0,4000,0,0,0,9000,5000,4000,4000
061795,智邦永豐9B購01  ,0,0,0,0,0,0,0,0,0,4000,0,0,0,5000,1000,4000,4000
061789,群創群益9B購01  ,0,0,0,0,0,0,0,0,0,4000,0,0,0,250000,246000,4000,4000
06657P,寶成元大98售01  ,0,0,0,0,0,0,0,0,0,4000,0,0,0,22000,18000,4000,4000
06848P,聯詠元大98售04  ,0,0,0,0,0,0,0,0,0,4000,0,0,0,4000,0,4000,4000
06724P,台灣50國票98售01,0,0,0,0,0,0,0,0,0,4000,0,0,0,4000,0,4000,4000
062144,華通國票9B購01  ,0,0,0,0,0,0,0,0,0,4000,0,0,0,4000,0,4000,4000
053219,祥碩凱基96購01  ,0,0,0,0,0,0,0,0,0,4000,0,0,0,4000,0,4000,4000
054216,聯茂國票97購03  ,0,0,0,0,0,0,0,0,0,4000,0,0,0,4000,0,4000,4000
052682,上銀元大97購01  ,0,0,0,0,0,0,0,0,0,4000,0,0,0,4000,0,4000,4000
052784,緯穎國票97購02  ,0,0,0,0,0,0,0,0,0,4000,0,0,0,4000,0,4000,4000
051727,S&P反1國票97購01,0,0,0,0,0,0,0,0,0,4000,0,0,0,4000,0,4000,4000
053027,玉晶光富邦98購01,0,0,0,0,0,0,0,0,0,4000,0,0,0,29000,25000,4000,4000
052858,華通凱基97購02  ,0,0,0,0,0,0,0,0,0,4000,0,0,0,167000,163000,4000,4000
00770,國泰北美科技    ,0,0,0,0,0,0,0,0,0,4000,0,0,0,7000,3000,4000,4000
00693U,街口S&P黃豆     ,0,0,0,0,0,0,0,0,0,4000,0,0,0,186000,182000,4000,4000
03049X,元展46          ,0,0,0,0,0,0,0,0,0,4000,0,0,0,4000,0,4000,4000
04230P,臺股指中信95售06,0,0,0,0,0,0,0,0,0,4000,0,0,0,4000,0,4000,4000
049889,欣興國泰96購01  ,0,0,0,0,0,0,0,0,0,4000,0,0,0,4000,0,4000,4000
050256,臺指反元大98購03,0,0,0,0,0,0,0,0,0,4000,0,0,0,4000,0,4000,4000
055662,上銀中信99購01  ,0,0,0,0,0,0,0,0,0,4000,0,0,0,4000,0,4000,4000
055123,億光兆豐97購01  ,0,0,0,0,0,0,0,0,0,4000,0,0,0,4000,0,4000,4000
058315,TPK富邦9C購01   ,0,0,0,0,0,0,0,0,0,4000,0,0,0,4000,0,4000,4000
058268,泰碩永豐9A購01  ,0,0,0,0,0,0,0,0,0,4000,0,0,0,25000,21000,4000,4000
058269,世芯永豐9A購01  ,0,0,0,0,0,0,0,0,0,4000,0,0,0,4000,0,4000,4000
058224,世芯統一9B購02  ,0,0,0,0,0,0,0,0,0,4000,0,0,0,9000,5000,4000,4000
055382,台郡元大99購01  ,0,0,0,0,0,0,0,0,0,4000,0,0,0,15000,11000,4000,4000
054494,訊芯台新96購01  ,0,0,0,0,0,0,0,0,0,4000,0,0,0,4000,0,4000,4000
055795,茂林國泰98購01  ,0,0,0,0,0,0,0,0,0,4000,0,0,0,72000,68000,4000,4000
05573P,仁寶元富96售02  ,0,0,0,0,0,0,0,0,0,4000,0,0,0,4000,0,4000,4000
053952,南亞科台新96購01,0,0,0,0,0,0,0,0,0,4000,0,0,0,4000,0,4000,4000
054527,國巨統一97購03  ,0,0,0,0,0,0,0,0,0,4000,0,0,0,376000,372000,4000,4000
053854,聯茂國泰97購02  ,0,0,0,0,0,0,0,0,0,4000,0,0,0,4000,0,4000,4000
056029,國巨麥證98購01  ,0,0,0,210000,6000,204000,0,0,0,4000,0,0,0,210000,206000,4000,4000
058719,智邦元富99購01  ,0,0,0,0,0,0,0,0,0,4000,0,0,0,6000,2000,4000,4000
056839,台光電元富98購02,0,0,0,0,0,0,0,0,0,4000,0,0,0,67000,63000,4000,4000
05814P,臺股指國票96售07,0,0,0,0,0,0,0,0,0,4000,0,0,0,5000,1000,4000,4000
058479,亞光凱基9A購01  ,0,0,0,0,0,0,0,0,0,4000,0,0,0,4000,0,4000,4000
057043,台積電元大99購02,0,0,0,0,0,0,0,0,0,4000,0,0,0,4000,0,4000,4000
057971,華新科富邦9B購02,0,0,0,0,0,0,0,0,0,4000,0,0,0,14000,10000,4000,4000
057935,晶技群益98購02  ,0,0,0,0,0,0,0,0,0,4000,0,0,0,5000,1000,4000,4000
059611,台積電永豐99購05,0,0,0,0,0,0,0,0,0,4000,0,0,0,34000,30000,4000,4000
059292,華新科元富9B購02,0,0,0,0,0,0,0,0,0,4000,0,0,0,9000,5000,4000,4000
059357,華通永豐99購01  ,0,0,0,0,0,0,0,0,0,4000,0,0,0,4000,0,4000,4000
05999P,世芯元大96售01  ,0,0,0,0,0,0,0,0,0,4000,0,0,0,4000,0,4000,4000
060020,康控康和99購01  ,0,0,0,0,0,0,0,0,0,4000,0,0,0,4000,0,4000,4000
060006,華通群益9A購04  ,0,0,0,0,0,0,0,0,0,4000,0,0,0,4000,0,4000,4000
059700,鴻海凱基9A購16  ,0,0,0,0,0,0,0,0,0,4000,0,0,0,10000,6000,4000,4000
05973P,聯詠元大96售06  ,0,0,0,0,0,0,0,0,0,4000,0,0,0,4000,0,4000,4000
059855,緯穎永豐99購04  ,0,0,0,0,0,0,0,0,0,4000,0,0,0,139000,135000,4000,4000
059257,臺股指凱基99購35,0,0,0,0,0,0,0,0,0,4000,0,0,0,4000,0,4000,4000
057558,致新凱基98購01  ,0,0,0,0,0,0,0,0,0,4000,0,0,0,4000,0,4000,4000
058969,亞德客永豐99購01,0,0,0,0,0,0,0,0,0,4000,0,0,0,14000,10000,4000,4000
07306P,台灣50凱基9A售09,0,0,0,0,0,0,0,0,0,4000,0,0,0,4000,0,4000,4000
07184P,台灣50元富01售01,0,0,0,0,0,0,0,0,0,4000,0,0,0,4000,0,4000,4000
07765P,台積電群益9A售06,0,0,0,0,0,0,0,0,0,4000,0,0,0,4000,0,4000,4000
07738P,玉晶光永豐9A售06,0,0,0,0,0,0,0,0,0,4000,0,0,0,4000,0,4000,4000
07930P,聯發科統一9B售06,0,0,0,0,0,0,0,0,0,4000,0,0,0,4000,0,4000,4000
07489P,國巨國票9A售07  ,0,0,0,0,0,0,0,0,0,4000,0,0,0,4000,0,4000,4000
07504P,聯詠元大9A售02  ,0,0,0,0,0,0,0,0,0,4000,0,0,0,54000,50000,4000,4000
07638P,長榮航國票9A售01,0,0,0,0,0,0,0,0,0,4000,0,0,0,8000,4000,4000,4000
06273P,台表科凱基97售04,0,0,0,0,0,0,0,0,0,3000,0,0,0,3000,0,3000,3000
06613P,華新科富邦9A售03,0,0,0,0,0,0,0,0,0,3000,0,0,0,5000,2000,3000,3000
06368P,台積電凱基97售15,0,0,0,0,0,0,0,0,0,3000,0,0,0,3000,0,3000,3000
061969,大立光統一01購02,0,0,0,0,0,0,0,0,0,3000,0,0,0,33000,30000,3000,3000
062004,國巨國泰9C購03  ,0,0,0,0,0,0,0,0,0,3000,0,0,0,446000,443000,3000,3000
061564,華擎國票9A購02  ,0,0,0,0,0,0,0,0,0,3000,0,0,0,56000,53000,3000,3000
061434,國巨麥證9A購04  ,0,0,0,3000,0,3000,0,0,0,3000,0,0,0,3000,0,3000,3000
060685,康友元大9A購01  ,0,0,0,0,0,0,0,0,0,3000,0,0,0,22000,19000,3000,3000
06047P,聯發科富邦99售04,0,0,0,0,0,0,0,0,0,3000,0,0,0,3000,0,3000,3000
060429,南六永豐9A購01  ,0,0,0,0,0,0,0,0,0,3000,0,0,0,3000,0,3000,3000
061023,茂林國泰9B購02  ,0,0,0,0,0,0,0,0,0,3000,0,0,0,86000,83000,3000,3000
060904,臺指反元大9C購07,0,0,0,0,0,0,0,0,0,3000,0,0,0,4000,1000,3000,3000
053645,臺股指國票96購08,0,0,0,0,0,0,0,0,0,3000,0,0,0,3000,0,3000,3000
053500,新日興兆豐97購01,0,0,0,0,0,0,0,0,0,3000,0,0,0,3000,0,3000,3000
055545,國巨凱基97購06  ,0,0,0,0,0,0,0,0,0,3000,0,0,0,155000,152000,3000,3000
054717,亞德客永豐97購01,0,0,0,0,0,0,0,0,0,3000,0,0,0,52000,49000,3000,3000
058558,鴻海日盛9A購02  ,0,0,0,0,0,0,0,0,0,3000,0,0,0,3000,0,3000,3000
055032,億光富邦99購01  ,0,0,0,0,0,0,0,0,0,3000,0,0,0,3000,0,3000,3000
055589,台光電元大98購04,0,0,0,0,0,0,0,0,0,3000,0,0,0,10000,7000,3000,3000
054833,京鼎中信97購01  ,0,0,0,0,0,0,0,0,0,3000,0,0,0,3000,0,3000,3000
050261,國巨元大95購04  ,0,0,0,0,0,0,0,0,0,3000,0,0,0,3000,0,3000,3000
050167,T50反1富邦96購01,0,0,0,0,0,0,0,0,0,3000,0,0,0,103000,100000,3000,3000
04974P,聯發科凱基96售02,0,0,0,0,0,0,0,0,0,3000,0,0,0,3000,0,3000,3000
049560,香港反統一95購01,0,0,0,0,0,0,0,0,0,3000,0,0,0,3000,0,3000,3000
049438,嘉晶國泰96購01  ,0,0,0,0,0,0,0,0,0,3000,0,0,0,20000,17000,3000,3000
03437B,臺股指元富9C熊01,0,0,0,0,0,0,0,0,0,3000,0,0,0,3000,0,3000,3000
03060X,元展55          ,0,0,0,0,0,0,0,0,0,3000,0,0,0,3000,0,3000,3000
00731,FH富時高息低波  ,0,0,0,0,0,0,0,0,0,3000,0,0,0,166000,163000,3000,3000
04928P,大立光凱基95售07,0,0,0,0,0,0,0,0,0,3000,0,0,0,3000,0,3000,3000
050724,國巨國票96購01  ,0,0,0,0,0,0,0,0,0,3000,0,0,0,3000,0,3000,3000
05123P,鴻海永昌96售07  ,0,0,0,0,0,0,0,0,0,3000,0,0,0,3000,0,3000,3000
048637,鴻海元大96購01  ,0,0,0,0,0,0,0,0,0,3000,0,0,0,5000,2000,3000,3000
046864,和大統一97購01  ,0,0,0,0,0,0,0,0,0,3000,0,0,0,3000,0,3000,3000
051449,玉晶光元大96購01,0,0,0,0,0,0,0,0,0,3000,0,0,0,13000,10000,3000,3000
051460,S&P反1國泰97購01,0,0,0,0,0,0,0,0,0,3000,0,0,0,3000,0,3000,3000
053101,創意元富96購03  ,0,0,0,0,0,0,0,0,0,3000,0,0,0,3000,0,3000,3000
051775,旺宏亞東95購01  ,0,0,0,0,0,0,0,0,0,3000,0,0,0,3000,0,3000,3000
051780,矽力群益95購01  ,0,0,0,0,0,0,0,0,0,3000,0,0,0,10000,7000,3000,3000
052003,泰碩國泰97購02  ,0,0,0,0,0,0,0,0,0,3000,0,0,0,273000,270000,3000,3000
051939,同欣電群益97購01,0,0,0,0,0,0,0,0,0,3000,0,0,0,3000,0,3000,3000
054213,欣興國票97購04  ,0,0,0,0,0,0,0,0,0,3000,0,0,0,4000,1000,3000,3000
054117,宏全康和96購01  ,0,0,0,0,0,0,0,0,0,3000,0,0,0,3000,0,3000,3000
053224,矽力凱基96購02  ,0,0,0,0,0,0,0,0,0,3000,0,0,0,3000,0,3000,3000
055819,晶相光國票98購01,0,0,0,0,0,0,0,0,0,3000,0,0,0,3000,0,3000,3000
058813,旺宏統一9B購04  ,0,0,0,0,0,0,0,0,0,3000,0,0,0,3000,0,3000,3000
056649,智易凱基98購01  ,0,0,0,0,0,0,0,0,0,3000,0,0,0,151000,148000,3000,3000
057815,信邦元大98購01  ,0,0,0,0,0,0,0,0,0,3000,0,0,0,13000,10000,3000,3000
059860,台積電群益9A購02,0,0,0,0,0,0,0,0,0,3000,0,0,0,131000,128000,3000,3000
056552,台表科凱基99購01,0,0,0,0,0,0,0,0,0,3000,0,0,0,25000,22000,3000,3000
059591,台積電元大9A購04,0,0,0,0,0,0,0,0,0,3000,0,0,0,3000,0,3000,3000
059598,欣興元大99購08  ,0,0,0,0,0,0,0,0,0,3000,0,0,0,3000,0,3000,3000
059015,華通元富99購02  ,0,0,0,0,0,0,0,0,0,3000,0,0,0,3000,0,3000,3000
059439,健策元大9B購01  ,0,0,0,0,0,0,0,0,0,3000,0,0,0,3000,0,3000,3000
056580,泰鼎元大9A購01  ,0,0,0,0,0,0,0,0,0,3000,0,0,0,14000,11000,3000,3000
058765,緯穎群益99購03  ,0,0,0,0,0,0,0,0,0,3000,0,0,0,26000,23000,3000,3000
07520P,臺股指元大9B售11,0,0,0,0,0,0,0,0,0,3000,0,0,0,15000,12000,3000,3000
07469P,台達電元大9A售01,0,0,0,0,0,0,0,0,0,3000,0,0,0,3000,0,3000,3000
07901P,臺股指凱基9B售04,0,0,0,0,0,0,0,0,0,3000,0,0,0,3000,0,3000,3000
07893P,臺股指國票9B售03,0,0,0,0,0,0,0,0,0,3000,0,0,0,13000,10000,3000,3000
07745P,華新科凱基9A售10,0,0,0,0,0,0,0,0,0,3000,0,0,0,3000,0,3000,3000
07705P,台積電元大9A售26,0,0,0,0,0,0,0,0,0,3000,0,0,0,3000,0,3000,3000
07089P,臺指2X中信01售01,0,0,0,0,0,0,0,0,0,3000,0,0,0,12000,9000,3000,3000
07365P,超眾元大99售07  ,0,0,0,0,0,0,0,0,0,3000,0,0,0,25000,22000,3000,3000
07399P,鴻海凱基99售19  ,0,0,0,0,0,0,0,0,0,3000,0,0,0,3000,0,3000,3000
1537,廣隆            ,20000,17000,3000,0,0,0,0,0,0,0,0,0,0,0,0,0,3000
1472,三洋紡          ,15000,12000,3000,0,0,0,0,0,0,0,0,0,0,0,0,0,3000
2002A,中鋼特          ,0,0,0,0,0,0,0,0,0,3000,3000,0,3000,0,0,0,3000
912000,晨訊科-DR       ,3000,0,3000,0,0,0,0,0,0,0,0,0,0,0,0,0,3000
8480,泰昇-KY         ,5000,2000,3000,0,0,0,0,0,0,0,0,0,0,0,0,0,3000
6172,互億            ,77000,74000,3000,0,0,0,0,0,0,0,0,0,0,0,0,0,3000
060765,世芯元大9A購01  ,0,0,0,0,0,0,0,0,0,2000,0,0,0,2000,0,2000,2000
061262,智邦凱基9A購02  ,0,0,0,0,0,0,0,0,0,2000,0,0,0,46000,44000,2000,2000
061151,友訊群益9A購01  ,0,0,0,0,0,0,0,0,0,2000,0,0,0,98000,96000,2000,2000
061047,大立光第一9A購01,0,0,0,0,0,0,0,0,0,2000,0,0,0,6000,4000,2000,2000
060307,南港永豐9A購01  ,0,60000,-60000,0,0,0,0,0,0,62000,0,0,0,62000,0,62000,2000
060249,正文元大9C購01  ,0,0,0,0,0,0,0,0,0,2000,0,0,0,11000,9000,2000,2000
061402,矽創兆豐9B購01  ,0,0,0,0,0,0,0,0,0,2000,0,0,0,2000,0,2000,2000
061563,群創國票9B購02  ,0,0,0,0,0,0,0,0,0,2000,0,0,0,169000,167000,2000,2000
061925,禾伸堂凱基9C購01,0,0,0,0,0,0,0,0,0,2000,0,0,0,12000,10000,2000,2000
06178P,大立光第一99售01,0,0,0,0,0,0,0,0,0,2000,0,0,0,2000,0,2000,2000
06184P,大立光元大97售06,0,0,0,0,0,0,0,0,0,2000,0,0,0,3000,1000,2000,2000
06452P,大立光元大98售08,0,0,0,0,0,0,0,0,0,2000,0,0,0,2000,0,2000,2000
06441P,台積電凱基98售08,0,0,0,0,0,0,0,0,0,2000,0,0,0,2000,0,2000,2000
06493P,聯發科永豐98售02,0,0,0,0,0,0,0,0,0,2000,0,0,0,2000,0,2000,2000
06658P,台灣50富邦9C售01,0,0,0,0,0,0,0,0,0,2000,0,0,0,62000,60000,2000,2000
06644P,亞德客元大98售03,0,0,0,0,0,0,0,0,0,2000,0,0,0,2000,0,2000,2000
06750P,聯發科元富02售03,0,0,0,0,0,0,0,0,0,2000,0,0,0,7000,5000,2000,2000
06810P,國巨統一99售03  ,0,0,0,0,0,0,0,0,0,2000,0,0,0,12000,10000,2000,2000
06926P,可成群益9A售04  ,0,0,0,0,0,0,0,0,0,2000,0,0,0,29000,27000,2000,2000
062181,義隆元大9B購03  ,0,0,0,0,0,0,0,0,0,2000,0,0,0,5000,3000,2000,2000
05533P,滬深2X富邦97售01,0,0,0,0,0,0,0,0,0,2000,0,0,0,2000,0,2000,2000
055327,致新國票98購01  ,0,0,0,0,0,0,0,0,0,2000,0,0,0,2000,0,2000,2000
051615,華通凱基96購01  ,0,0,0,0,0,0,0,0,0,2000,0,0,0,2000,0,2000,2000
052461,和大統一95購01  ,0,0,0,0,0,0,0,0,0,2000,0,0,0,2000,0,2000,2000
052418,玉晶光兆豐96購01,0,0,0,0,0,0,0,0,0,2000,0,0,0,2000,0,2000,2000
052321,華擎元大95購01  ,0,0,0,0,0,0,0,0,0,2000,0,0,0,2000,0,2000,2000
053092,台表科元大97購02,0,0,0,0,0,0,0,0,0,2000,0,0,0,70000,68000,2000,2000
052521,友達元大9B購01  ,0,0,0,0,0,0,0,0,0,2000,0,0,0,2000,0,2000,2000
045055,聯發科元富98購03,0,0,0,0,0,0,0,0,0,2000,0,0,0,2000,0,2000,2000
051227,技嘉群益97購01  ,0,0,0,0,0,0,0,0,0,2000,0,0,0,2000,0,2000,2000
051087,國巨元大97購01  ,0,0,0,0,0,0,0,0,0,2000,0,0,0,3000,1000,2000,2000
053018,旺宏元富96購02  ,0,0,0,0,0,0,0,0,0,2000,0,0,0,2000,0,2000,2000
05102P,臺股指凱基96售09,0,0,0,0,0,0,0,0,0,2000,0,0,0,2000,0,2000,2000
052801,友達元大9A購01  ,0,0,0,0,0,0,0,0,0,2000,0,0,0,2000,0,2000,2000
05282P,可成元大95售09  ,0,0,0,0,0,0,0,0,0,2000,0,0,0,2000,0,2000,2000
052907,嘉澤國票97購01  ,0,0,0,0,0,0,0,0,0,2000,0,0,0,2000,0,2000,2000
020008,元大特股高息N   ,0,0,0,0,0,0,0,0,0,2000,0,0,0,20000,18000,2000,2000
00691R,兆豐藍籌30反1   ,0,0,0,0,0,0,0,0,0,2000,0,0,0,3000,1000,2000,2000
00660,元大歐洲50      ,0,0,0,0,0,0,0,0,0,2000,0,0,0,15000,13000,2000,2000
006207,FH滬深          ,2000,103000,-101000,0,0,0,0,0,0,103000,0,0,0,172000,69000,103000,2000
03071X,元展66          ,0,0,0,0,0,0,0,0,0,2000,0,0,0,2000,0,2000,2000
03418B,臺股指元大95熊20,0,0,0,0,0,0,0,0,0,2000,0,0,0,2000,0,2000,2000
03430B,臺股指元大9B熊01,0,0,0,0,0,0,0,0,0,2000,0,0,0,2000,0,2000,2000
03446B,臺股指元大9B熊26,0,0,0,0,0,0,0,0,0,2000,0,0,0,11000,9000,2000,2000
03052X,元展49          ,0,0,0,0,0,0,0,0,0,2000,0,0,0,2000,0,2000,2000
050603,致新國泰96購01  ,0,0,0,0,0,0,0,0,0,2000,0,0,0,2000,0,2000,2000
050202,建準群益95購01  ,0,0,0,0,0,0,0,0,0,2000,0,0,0,2000,0,2000,2000
055644,致茂元富97購01  ,0,0,0,0,0,0,0,0,0,2000,0,0,0,2000,0,2000,2000
055605,緯穎元大97購02  ,0,0,0,0,0,0,0,0,0,2000,0,0,0,2000,0,2000,2000
055104,台達電凱基98購01,0,0,0,0,0,0,0,0,0,2000,0,0,0,2000,0,2000,2000
05513P,玉山金台新96售01,0,0,0,0,0,0,0,0,0,2000,0,0,0,2000,0,2000,2000
055258,玉晶光統一97購03,0,0,0,0,0,0,0,0,0,2000,0,0,0,2000,0,2000,2000
055254,聯詠統一97購03  ,0,0,0,0,0,0,0,0,0,2000,0,0,0,20000,18000,2000,2000
058256,臺股指元大9A購20,0,0,0,0,0,0,0,0,0,2000,0,0,0,2000,0,2000,2000
058344,旺宏群益99購05  ,0,0,0,0,0,0,0,0,0,2000,0,0,0,2000,0,2000,2000
054361,技嘉凱基96購01  ,0,0,0,0,0,0,0,0,0,2000,0,0,0,34000,32000,2000,2000
054425,聯發科富邦99購03,0,0,0,0,0,0,0,0,0,2000,0,0,0,2000,0,2000,2000
05546P,全新元大97售01  ,0,0,0,0,0,0,0,0,0,2000,0,0,0,22000,20000,2000,2000
054371,台積電中信9C購01,0,0,0,0,0,0,0,0,0,2000,0,0,0,568000,566000,2000,2000
055400,緯穎統一97購01  ,0,0,0,0,0,0,0,0,0,2000,0,0,0,2000,0,2000,2000
055439,台表科國票98購02,0,0,0,0,0,0,0,0,0,2000,0,0,0,2000,0,2000,2000
053536,明泰永豐96購01  ,0,0,0,0,0,0,0,0,0,2000,0,0,0,2000,0,2000,2000
053749,揚明光永豐97購01,0,0,0,0,0,0,0,0,0,2000,0,0,0,2000,0,2000,2000
054571,楠梓電元大99購01,0,0,0,0,0,0,0,0,0,2000,0,0,0,2000,0,2000,2000
053423,亞光永豐96購01  ,0,0,0,0,0,0,0,0,0,2000,0,0,0,14000,12000,2000,2000
053463,可成富邦98購01  ,0,0,0,0,0,0,0,0,0,2000,0,0,0,2000,0,2000,2000
058759,義隆群益99購01  ,0,0,0,0,0,0,0,0,0,2000,0,0,0,2000,0,2000,2000
058725,美律富邦9A購01  ,0,0,0,0,0,0,0,0,0,2000,0,0,0,22000,20000,2000,2000
056011,矽力中信99購01  ,0,0,0,0,0,0,0,0,0,2000,0,0,0,2000,0,2000,2000
058798,大立光元大99購11,0,0,0,0,0,0,0,0,0,2000,0,0,0,2000,0,2000,2000
057195,南茂元大98購01  ,0,0,0,0,0,0,0,0,0,2000,0,0,0,205000,203000,2000,2000
05614P,臺股指康和96售03,0,0,0,0,0,0,0,0,0,2000,0,0,0,2000,0,2000,2000
058623,國巨國票99購08  ,0,0,0,0,0,0,0,0,0,2000,0,0,0,25000,23000,2000,2000
057003,立積國票98購01  ,0,0,0,0,0,0,0,0,0,2000,0,0,0,8000,6000,2000,2000
056907,群創元大9C購04  ,0,0,0,0,0,0,0,0,0,2000,0,0,0,2000,0,2000,2000
056777,矽力元大98購02  ,0,0,0,0,0,0,0,0,0,2000,0,0,0,2000,0,2000,2000
059093,旭富元大99購01  ,0,0,0,0,0,0,0,0,0,2000,0,0,0,2000,0,2000,2000
056343,高鐵凱基98購02  ,0,0,0,0,0,0,0,0,0,2000,0,0,0,17000,15000,2000,2000
05811P,臺股指國票96售04,0,0,0,0,0,0,0,0,0,2000,0,0,0,2000,0,2000,2000
05790P,臺股指永昌96售07,0,0,0,0,0,0,0,0,0,2000,0,0,0,2000,0,2000,2000
059574,台表科凱基99購02,0,0,0,0,0,0,0,0,0,2000,0,0,0,2000,0,2000,2000
059513,揚明光永豐99購01,0,0,0,0,0,0,0,0,0,2000,0,0,0,2000,0,2000,2000
059287,華通元富99購03  ,0,0,0,0,0,0,0,0,0,2000,0,0,0,2000,0,2000,2000
059814,SP黃豆凱基9A購02,0,0,0,0,0,0,0,0,0,2000,0,0,0,5000,3000,2000,2000
059827,晶技凱基99購03  ,0,0,0,0,0,0,0,0,0,2000,0,0,0,2000,0,2000,2000
059924,世紀鋼元大99購06,0,0,0,0,0,0,0,0,0,2000,0,0,0,7000,5000,2000,2000
058636,亞光兆豐9A購01  ,0,0,0,0,0,0,0,0,0,2000,0,0,0,86000,84000,2000,2000
057306,玉晶光兆豐99購01,0,0,0,0,0,0,0,0,0,2000,0,0,0,16000,14000,2000,2000
057534,旭富元大98購01  ,0,0,0,0,0,0,0,0,0,2000,0,0,0,2000,0,2000,2000
057580,玉山金中信9A購01,0,0,0,0,0,0,0,0,0,2000,0,0,0,2000,0,2000,2000
1101B,台泥乙特        ,0,0,0,0,0,0,0,0,0,2000,2000,0,2000,0,0,0,2000
08663P,台灣50元大96售01,0,0,0,0,0,0,0,0,0,2000,0,0,0,2000,0,2000,2000
3164,景岳            ,8000,6000,2000,0,0,0,0,0,0,0,0,0,0,0,0,0,2000
2891C,中信金丙特      ,0,0,0,0,0,0,0,0,0,2000,2000,0,2000,0,0,0,2000
2936,客思達-KY       ,2000,0,2000,0,0,0,0,0,0,0,0,0,0,0,0,0,2000
07364P,大立光元大99售27,0,0,0,0,0,0,0,0,0,2000,0,0,0,2000,0,2000,2000
07382P,台積電群益9B售01,0,0,0,0,0,0,0,0,0,2000,0,0,0,2000,0,2000,2000
07288P,台灣50凱基99售06,0,0,0,0,0,0,0,0,0,2000,0,0,0,2000,0,2000,2000
07280P,FBVIX凱基99售01 ,0,0,0,0,0,0,0,0,0,2000,0,0,0,2000,0,2000,2000
07267P,臺股指元大99售23,0,0,0,0,0,0,0,0,0,2000,0,0,0,2000,0,2000,2000
07192P,聯發科元大99售23,0,0,0,0,0,0,0,0,0,2000,0,0,0,10000,8000,2000,2000
07124P,台積電元大99售21,0,0,0,0,0,0,0,0,0,2000,0,0,0,2000,0,2000,2000
07146P,瑞昱元大99售02  ,0,0,0,0,0,0,0,0,0,2000,0,0,0,2000,0,2000,2000
07039P,南電台新99售01  ,0,0,0,0,0,0,0,0,0,2000,0,0,0,12000,10000,2000,2000
07065P,臺股指元大9A售26,0,0,0,0,0,0,0,0,0,2000,0,0,0,2000,0,2000,2000
07835P,台表科群益9A售02,0,0,0,0,0,0,0,0,0,2000,0,0,0,12000,10000,2000,2000
07915P,臺股指元大9B售21,0,0,0,0,0,0,0,0,0,2000,0,0,0,2000,0,2000,2000
07851P,聯發科國票9A售05,0,0,0,0,0,0,0,0,0,2000,0,0,0,2000,0,2000,2000
07502P,美食元大9A售01  ,0,0,0,0,0,0,0,0,0,2000,0,0,0,10000,8000,2000,2000
062074,旺宏元大9B購04  ,0,0,0,0,0,0,0,0,0,1000,0,0,0,25000,24000,1000,1000
06268P,聯詠凱基97售02  ,0,0,0,0,0,0,0,0,0,1000,0,0,0,1000,0,1000,1000
06782P,大立光元大99售07,0,0,0,0,0,0,0,0,0,1000,0,0,0,1000,0,1000,1000
06757P,台灣50元大9B售01,0,0,0,0,0,0,0,0,0,1000,0,0,0,64000,63000,1000,1000
06615P,鴻海元大9C售02  ,0,0,0,0,0,0,0,0,0,1000,0,0,0,1000,0,1000,1000
06466P,台積電統一9B售01,0,0,0,0,0,0,0,0,0,1000,0,0,0,1000,0,1000,1000
06473P,鴻海元大99售03  ,0,0,0,0,0,0,0,0,0,1000,0,0,0,351000,350000,1000,1000
06359P,上銀群益97售03  ,0,0,0,0,0,0,0,0,0,1000,0,0,0,1000,0,1000,1000
06176P,台積電元大97售22,0,0,0,0,0,0,0,0,0,1000,0,0,0,1000,0,1000,1000
061897,泰碩永豐9B購01  ,0,0,0,0,0,0,0,0,0,1000,0,0,0,2000,1000,1000,1000
061633,統一元大9A購01  ,0,0,0,0,0,0,0,0,0,1000,0,0,0,41000,40000,1000,1000
061379,鈺齊永豐9A購02  ,0,0,0,0,0,0,0,0,0,1000,0,0,0,1000,0,1000,1000
060267,上緯控國票9C購01,0,0,0,0,0,0,0,0,0,1000,0,0,0,1000,0,1000,1000
060368,緯穎元富9A購03  ,0,0,0,0,0,0,0,0,0,1000,0,0,0,5000,4000,1000,1000
060356,上銀元富9A購01  ,0,0,0,0,0,0,0,0,0,1000,0,0,0,1000,0,1000,1000
060347,大立光統一02購01,0,0,0,0,0,0,0,0,0,1000,0,0,0,34000,33000,1000,1000
060214,茂林康和9A購01  ,0,0,0,0,0,0,0,0,0,1000,0,0,0,1000,0,1000,1000
06065P,大立光台新97售01,0,0,0,0,0,0,0,0,0,1000,0,0,0,1000,0,1000,1000
061074,儒鴻兆豐9B購01  ,0,0,0,0,0,0,0,0,0,1000,0,0,0,408000,407000,1000,1000
061115,電子類元大9A購02,0,0,0,0,0,0,0,0,0,1000,0,0,0,1000,0,1000,1000
061255,道瓊反凱基9C購01,0,0,0,0,0,0,0,0,0,1000,0,0,0,1000,0,1000,1000
061266,國泰金凱基9B購01,0,0,0,0,0,0,0,0,0,1000,0,0,0,123000,122000,1000,1000
060774,南亞科凱基9A購01,0,0,0,0,0,0,0,0,0,1000,0,0,0,18000,17000,1000,1000
060722,矽格永豐9A購01  ,0,0,0,0,0,0,0,0,0,1000,0,0,0,1000,0,1000,1000
060797,世芯永豐9A購04  ,0,0,0,0,0,0,0,0,0,1000,0,0,0,1000,0,1000,1000
054560,全新群益98購03  ,0,0,0,0,0,0,0,0,0,1000,0,0,0,1000,0,1000,1000
053687,智邦元大96購02  ,0,0,0,0,0,0,0,0,0,1000,0,0,0,17000,16000,1000,1000
053864,義隆元大96購01  ,0,0,0,0,0,0,0,0,0,1000,0,0,0,1000,0,1000,1000
054450,聯茂第一96購01  ,0,0,0,0,0,0,0,0,0,1000,0,0,0,1000,0,1000,1000
058292,上銀凱基9A購01  ,0,0,0,0,0,0,0,0,0,1000,0,0,0,2000,1000,1000,1000
05856P,A50正2中信99售01,0,0,0,0,0,0,0,0,0,1000,0,0,0,1000,0,1000,1000
058197,國巨中信99購02  ,0,0,0,0,0,0,0,0,0,1000,0,0,0,1000,0,1000,1000
058174,台積電凱基9A購05,0,0,0,0,0,0,0,0,0,1000,0,0,0,1000,0,1000,1000
058595,T50正2元富99購01,0,0,0,0,0,0,0,0,0,1000,0,0,0,1000,0,1000,1000
055027,牧德國泰99購01  ,0,0,0,0,0,0,0,0,0,1000,0,0,0,1000,0,1000,1000
05559P,臺股指麥證96售01,0,0,0,1000,0,1000,0,0,0,1000,0,0,0,1000,0,1000,1000
054905,國揚康和97購01  ,0,0,0,0,0,0,0,0,0,1000,0,0,0,1000,0,1000,1000
050135,禾伸堂兆豐95購01,0,0,0,0,0,0,0,0,0,1000,0,0,0,1000,0,1000,1000
050117,麗豐元大96購02  ,0,0,0,0,0,0,0,0,0,1000,0,0,0,1000,0,1000,1000
042752,台灣50元大96購03,0,0,0,0,0,0,0,0,0,1000,0,0,0,1000,0,1000,1000
042168,台灣50凱基96購01,0,0,0,0,0,0,0,0,0,1000,0,0,0,1000,0,1000,1000
006204,永豐臺灣加權    ,0,0,0,0,0,0,0,0,0,1000,0,0,0,65000,64000,1000,1000
00661,元大日經225     ,0,0,0,0,0,0,0,0,0,1000,0,0,0,1000,0,1000,1000
00684R,元大美元指數反1 ,0,0,0,0,0,0,0,0,0,1000,0,0,0,2000,1000,1000,1000
00682U,元大美元指數    ,0,0,0,0,0,0,0,0,0,1000,0,0,0,3000,2000,1000,1000
00866,新光Shiller CAPE,0,0,0,0,0,0,0,0,0,1000,0,0,0,27000,26000,1000,1000
052971,京元電群益98購01,0,0,0,0,0,0,0,0,0,1000,0,0,0,1000,0,1000,1000
052844,台積電統一96購02,0,0,0,0,0,0,0,0,0,1000,0,0,0,1000,0,1000,1000
053023,泰鼎國泰97購01  ,0,0,0,0,0,0,0,0,0,1000,0,0,0,1000,0,1000,1000
047418,智邦富邦97購01  ,0,0,0,0,0,0,0,0,0,1000,0,0,0,1000,0,1000,1000
04869P,鴻海元富95售02  ,0,0,0,0,0,0,0,0,0,1000,0,0,0,1000,0,1000,1000
052237,嘉澤國票96購02  ,0,0,0,0,0,0,0,0,0,1000,0,0,0,1000,0,1000,1000
052363,廣達國票96購01  ,0,0,0,0,0,0,0,0,0,1000,0,0,0,1000,0,1000,1000
052476,台光電群益98購01,0,0,0,0,0,0,0,0,0,1000,0,0,0,1000,0,1000,1000
052459,道瓊反統一95購04,0,0,0,0,0,0,0,0,0,1000,0,0,0,1000,0,1000,1000
052025,國巨群益96購01  ,0,0,0,0,0,0,0,0,0,1000,0,0,0,1000,0,1000,1000
051831,緯穎元大96購04  ,0,0,0,0,0,0,0,0,0,1000,0,0,0,1000,0,1000,1000
053369,T50反1元大96購06,0,0,0,0,0,0,0,0,0,1000,0,0,0,531000,530000,1000,1000
054129,技嘉元大96購02  ,0,0,0,0,0,0,0,0,0,1000,0,0,0,1000,0,1000,1000
05528P,臺股指群益96售01,0,0,0,0,0,0,0,0,0,1000,0,0,0,17000,16000,1000,1000
055290,玉晶光元大98購08,0,0,0,0,0,0,0,0,0,1000,0,0,0,1000,0,1000,1000
057583,啟碁中信9A購01  ,0,0,0,0,0,0,0,0,0,1000,0,0,0,86000,85000,1000,1000
057571,泰碩永豐98購01  ,0,0,0,0,0,0,0,0,0,1000,0,0,0,26000,25000,1000,1000
05754P,臺股指中信99售03,0,0,0,0,0,0,0,0,0,1000,0,0,0,1000,0,1000,1000
058818,南電台新99購03  ,0,0,0,0,0,0,0,0,0,1000,0,0,0,1000,0,1000,1000
05804P,美律永豐96售01  ,0,0,0,0,0,0,0,0,0,1000,0,0,0,1000,0,1000,1000
059160,華通凱基99購03  ,0,0,0,0,0,0,0,0,0,1000,0,0,0,62000,61000,1000,1000
059170,康控凱基9B購01  ,0,0,0,0,0,0,0,0,0,1000,0,0,0,93000,92000,1000,1000
057466,泰鼎永豐98購01  ,0,0,0,0,0,0,0,0,0,1000,0,0,0,89000,88000,1000,1000
059818,鴻海凱基99購14  ,0,0,0,0,0,0,0,0,0,1000,0,0,0,10000,9000,1000,1000
059692,聯詠永豐99購01  ,0,0,0,0,0,0,0,0,0,1000,0,0,0,31000,30000,1000,1000
059325,超眾元大99購05  ,0,0,0,0,0,0,0,0,0,1000,0,0,0,1000,0,1000,1000
059342,聯發科凱基9A購05,0,0,0,0,0,0,0,0,0,1000,0,0,0,1000,0,1000,1000
058647,華新科永豐99購03,0,0,0,0,0,0,0,0,0,1000,0,0,0,1000,0,1000,1000
056564,亞光群益98購02  ,0,0,0,0,0,0,0,0,0,1000,0,0,0,1000,0,1000,1000
05959P,聯發科國票98售01,0,0,0,0,0,0,0,0,0,1000,0,0,0,1000,0,1000,1000
057831,聯發科元富02購04,0,0,0,0,0,0,0,0,0,1000,0,0,0,50000,49000,1000,1000
056382,道瓊反國泰9A購01,0,0,0,0,0,0,0,0,0,1000,0,0,0,1000,0,1000,1000
059114,華新科永豐99購05,0,0,0,0,0,0,0,0,0,1000,0,0,0,1000,0,1000,1000
059431,旺宏元大99購14  ,0,0,0,0,0,0,0,0,0,1000,0,0,0,1000,0,1000,1000
059032,元石油群益9C購03,0,0,0,0,0,0,0,0,0,1000,0,0,0,1000,0,1000,1000
05677P,玉晶光群益98售03,0,0,0,0,0,0,0,0,0,1000,0,0,0,1000,0,1000,1000
057253,高股息中信99購02,0,0,0,0,0,0,0,0,0,1000,0,0,0,1000,0,1000,1000
057230,建準凱基98購02  ,0,6000,-6000,0,0,0,0,0,0,7000,0,0,0,17000,10000,7000,1000
057008,華新科中信99購02,0,0,0,0,0,0,0,0,0,1000,0,0,0,1000,0,1000,1000
05726P,易華電永豐96售02,0,0,0,0,0,0,0,0,0,1000,0,0,0,1000,0,1000,1000
056576,晶技元大99購02  ,0,0,0,0,0,0,0,0,0,1000,0,0,0,1000,0,1000,1000
056150,台光電凱基98購02,0,0,0,0,0,0,0,0,0,1000,0,0,0,1000,0,1000,1000
056162,祥碩凱基97購03  ,0,0,0,0,0,0,0,0,0,1000,0,0,0,14000,13000,1000,1000
056147,鴻海日盛97購05  ,0,0,0,0,0,0,0,0,0,1000,0,0,0,1000,0,1000,1000
05611P,康控群益96售02  ,0,0,0,0,0,0,0,0,0,1000,0,0,0,1000,0,1000,1000
056459,茂林凱基99購01  ,0,0,0,0,0,0,0,0,0,1000,0,0,0,20000,19000,1000,1000
05604P,聯發科元大96售10,0,0,0,0,0,0,0,0,0,1000,0,0,0,1000,0,1000,1000
058676,聯茂群益99購01  ,0,0,0,0,0,0,0,0,0,1000,0,0,0,105000,104000,1000,1000
07552P,技嘉元大9A售03  ,0,0,0,0,0,0,0,0,0,1000,0,0,0,1000,0,1000,1000
07671P,超眾元大9A售04  ,0,0,0,0,0,0,0,0,0,1000,0,0,0,75000,74000,1000,1000
07856P,力成凱基9A售02  ,0,0,0,0,0,0,0,0,0,1000,0,0,0,4000,3000,1000,1000
07833P,大立光群益9B售02,0,0,0,0,0,0,0,0,0,1000,0,0,0,1000,0,1000,1000
07747P,晶技凱基9A售04  ,0,0,0,0,0,0,0,0,0,1000,0,0,0,1000,0,1000,1000
07028P,大立光群益99售06,0,0,0,0,0,0,0,0,0,1000,0,0,0,1000,0,1000,1000
06983P,台積電國泰9A售02,0,0,0,0,0,0,0,0,0,1000,0,0,0,8000,7000,1000,1000
07090P,台灣50凱基01售01,0,0,0,0,0,0,0,0,0,1000,0,0,0,2000,1000,1000,1000
07074P,FBVIX凱基9A售01 ,0,0,0,0,0,0,0,0,0,1000,0,0,0,1000,0,1000,1000
07202P,台灣50凱基9C售04,0,0,0,0,0,0,0,0,0,1000,0,0,0,1000,0,1000,1000
07220P,台灣50中信03售05,0,0,0,0,0,0,0,0,0,1000,0,0,0,1000,0,1000,1000
07369P,台積電凱基99售20,0,0,0,0,0,0,0,0,0,1000,0,0,0,1000,0,1000,1000
07350P,台灣50國票99售11,0,0,0,0,0,0,0,0,0,1000,0,0,0,1000,0,1000,1000
2373,震旦行          ,2000,1000,1000,0,0,0,0,0,0,0,0,0,0,0,0,0,1000
2539,櫻花建          ,75000,74000,1000,0,0,0,0,0,0,0,0,0,0,0,0,0,1000
07956P,鴻海群益9B售06  ,0,0,0,0,0,0,0,0,0,1000,0,0,0,1000,0,1000,1000
07942P,健策凱基9B售03  ,0,0,0,0,0,0,0,0,0,1000,0,0,0,1000,0,1000,1000
4571,鈞興-KY         ,2000,1000,1000,0,0,0,0,0,0,0,0,0,0,0,0,0,1000
4104,佳醫            ,52000,51000,1000,0,0,0,0,0,0,0,0,0,0,0,0,0,1000
4807,日成-KY         ,5000,4000,1000,0,0,0,0,0,0,0,0,0,0,0,0,0,1000
9941A,裕融甲特        ,0,0,0,0,0,0,0,0,0,1000,1000,0,1000,0,0,0,1000
06080P,景碩群益98售02  ,0,0,0,0,0,0,0,0,0,0,0,0,0,1000,1000,0,0
060811,亞德客凱基9A購02,0,0,0,0,0,0,0,0,0,0,0,0,0,1000,1000,0,0
060833,道瓊反國票9A購01,0,0,0,0,0,0,0,0,0,0,0,0,0,199000,199000,0,0
060713,聯詠永豐9A購01  ,0,0,0,0,0,0,0,0,0,0,0,0,0,16000,16000,0,0
06077P,GIS凱基97售02   ,0,0,0,0,0,0,0,0,0,0,0,0,0,57000,57000,0,0
060755,鴻海元大9A購15  ,0,0,0,0,0,0,0,0,0,0,0,0,0,5000,5000,0,0
060881,玉山金中信02購01,0,0,0,0,0,0,0,0,0,0,0,0,0,31000,31000,0,0
060863,聯發科永豐9A購02,0,0,0,0,0,0,0,0,0,0,0,0,0,8000,8000,0,0
060979,國巨元大9A購14  ,0,0,0,0,0,0,0,0,0,0,0,0,0,40000,40000,0,0
061258,華通凱基9A購06  ,0,0,0,0,0,0,0,0,0,0,0,0,0,4000,4000,0,0
06123P,玉晶光元大97售04,0,0,0,0,0,0,0,0,0,0,0,0,0,150000,150000,0,0
061210,玉山金元大9A購02,0,0,0,0,0,0,0,0,0,0,0,0,0,1000,1000,0,0
061207,美律元大9A購04  ,0,0,0,0,0,0,0,0,0,0,0,0,0,10000,10000,0,0
06119P,大立光凱基98售04,0,0,0,0,0,0,0,0,0,0,0,0,0,70000,70000,0,0
061195,健策永豐9B購02  ,0,0,0,0,0,0,0,0,0,0,0,0,0,21000,21000,0,0
061306,瑞祺永豐9A購02  ,0,0,0,0,0,0,0,0,0,0,0,0,0,166000,166000,0,0
061345,玉晶光元大9A購14,0,0,0,0,0,0,0,0,0,0,0,0,0,10000,10000,0,0
061117,美律國泰9C購01  ,0,0,0,0,0,0,0,0,0,0,0,0,0,8000,8000,0,0
061174,鴻海凱基9A購23  ,0,0,0,0,0,0,0,0,0,0,0,0,0,21000,21000,0,0
061053,國巨群益9A購08  ,0,0,0,0,0,0,0,0,0,0,0,0,0,115000,115000,0,0
061105,宏達電元大9A購04,0,0,0,0,0,0,0,0,0,0,0,0,0,68000,68000,0,0
061101,道瓊銀元大9A購02,0,0,0,0,0,0,0,0,0,0,0,0,0,3000,3000,0,0
060618,玉晶光元大9A購02,0,0,0,0,0,0,0,0,0,0,0,0,0,2000,2000,0,0
060461,鴻海元大9A購09  ,0,0,0,0,0,0,0,0,0,0,0,0,0,117000,117000,0,0
060107,旭富元大99購03  ,0,0,0,0,0,0,0,0,0,0,0,0,0,4000,4000,0,0
060096,聯發科元大99購43,0,0,0,0,0,0,0,0,0,0,0,0,0,17000,17000,0,0
06037P,超眾國票98售02  ,0,0,0,0,0,0,0,0,0,0,0,0,0,10000,10000,0,0
060327,美律群益9A購02  ,0,0,0,0,0,0,0,0,0,0,0,0,0,8000,8000,0,0
060266,潤泰全國票9A購01,0,0,0,0,0,0,0,0,0,0,0,0,0,5000,5000,0,0
060259,潤泰全凱基9C購01,0,0,0,0,0,0,0,0,0,0,0,0,0,10000,10000,0,0
061405,亞德客國票9B購01,0,0,0,0,0,0,0,0,0,0,0,0,0,3000,3000,0,0
061408,華新科國票9A購06,0,0,0,0,0,0,0,0,0,0,0,0,0,20000,20000,0,0
061494,聯發科國票9A購04,0,0,0,0,0,0,0,0,0,0,0,0,0,3000,3000,0,0
061453,台達電凱基9B購01,0,0,0,0,0,0,0,0,0,0,0,0,0,20000,20000,0,0
061655,微星國票9A購01  ,0,0,0,0,0,0,0,0,0,0,0,0,0,54000,54000,0,0
061559,南亞科國票9A購02,0,0,0,0,0,0,0,0,0,0,0,0,0,7000,7000,0,0
061542,旺宏群益9A購04  ,0,0,0,0,0,0,0,0,0,0,0,0,0,98000,98000,0,0
061602,旺宏凱基9A購06  ,0,0,0,0,0,0,0,0,0,0,0,0,0,3000,3000,0,0
061871,瑞昱元大9B購01  ,0,0,0,0,0,0,0,0,0,0,0,0,0,5000,5000,0,0
061926,晶技凱基9B購02  ,0,0,0,0,0,0,0,0,0,0,0,0,0,90000,90000,0,0
061947,旺宏群益9B購02  ,0,0,0,0,0,0,0,0,0,0,0,0,0,59000,59000,0,0
062019,嘉澤永豐9B購01  ,0,0,0,0,0,0,0,0,0,0,0,0,0,211000,211000,0,0
061964,台積電統一01購05,0,0,0,0,0,0,0,0,0,0,0,0,0,2000,2000,0,0
06198P,台積電元大98售06,0,0,0,0,0,0,0,0,0,0,0,0,0,645000,645000,0,0
061725,國巨麥證9A購05  ,0,0,0,200000,0,200000,0,0,0,0,0,0,0,200000,200000,0,0
061764,旺宏元大9B購01  ,0,0,0,0,0,0,0,0,0,0,0,0,0,7000,7000,0,0
061766,華新科元大9B購02,0,0,0,0,0,0,0,0,0,0,0,0,0,10000,10000,0,0
06175P,台積電元大97售21,0,0,0,0,0,0,0,0,0,0,0,0,0,10000,10000,0,0
06367P,台積電凱基97售14,0,0,0,0,0,0,0,0,0,0,0,0,0,200000,200000,0,0
06391P,上銀中信97售03  ,0,0,0,0,0,0,0,0,0,0,0,0,0,50000,50000,0,0
06336P,鴻海元大98售05  ,0,0,0,0,0,0,0,0,0,0,0,0,0,75000,75000,0,0
06437P,玉晶光國票99售01,0,0,0,0,0,0,0,0,0,0,0,0,0,4000,4000,0,0
06464P,台光電亞東99售01,0,0,0,0,0,0,0,0,0,0,0,0,0,82000,82000,0,0
06486P,麗豐元大98售02  ,0,0,0,0,0,0,0,0,0,0,0,0,0,193000,193000,0,0
06566P,華通永豐98售03  ,0,0,0,0,0,0,0,0,0,0,0,0,0,60000,60000,0,0
06549P,大立光元大98售11,0,0,0,0,0,0,0,0,0,0,0,0,0,30000,30000,0,0
06572P,台積電永昌99售01,0,0,0,0,0,0,0,0,0,0,0,0,0,591000,591000,0,0
06776P,鴻海元大99售05  ,0,0,0,0,0,0,0,0,0,0,0,0,0,49000,49000,0,0
06739P,聯詠兆豐98售02  ,0,0,0,0,0,0,0,0,0,0,0,0,0,10000,10000,0,0
06720P,智邦亞東99售01  ,0,0,0,0,0,0,0,0,0,0,0,0,0,20000,20000,0,0
06666P,台積電日盛9A售02,0,0,0,0,0,0,0,0,0,0,0,0,0,30000,30000,0,0
06920P,台灣50凱基9A售01,0,0,0,0,0,0,0,0,0,0,0,0,0,100000,100000,0,0
06843P,鴻海元大98售11  ,0,0,0,0,0,0,0,0,0,0,0,0,0,134000,134000,0,0
06870P,台灣50群益9A售03,0,0,0,0,0,0,0,0,0,0,0,0,0,128000,128000,0,0
06875P,台灣50永昌9A售02,0,0,0,0,0,0,0,0,0,0,0,0,0,600000,600000,0,0
06248P,國巨統一97售07  ,0,0,0,0,0,0,0,0,0,0,0,0,0,120000,120000,0,0
062403,健策永豐9B購06  ,0,0,0,0,0,0,0,0,0,0,0,0,0,14000,14000,0,0
06329P,大立光兆豐97售04,0,0,0,0,0,0,0,0,0,0,0,0,0,11000,11000,0,0
062364,瑞昱元大9B購04  ,0,0,0,0,0,0,0,0,0,0,0,0,0,18000,18000,0,0
062365,台光電元大9B購03,0,0,0,0,0,0,0,0,0,0,0,0,0,9000,9000,0,0
062372,旭富元大9B購01  ,0,0,0,0,0,0,0,0,0,0,0,0,0,4000,4000,0,0
062216,國巨統一9B購11  ,0,0,0,0,0,0,0,0,0,0,0,0,0,100000,100000,0,0
062259,可成元大9B購03  ,0,0,0,0,0,0,0,0,0,0,0,0,0,5000,5000,0,0
062255,聯發科元大9B購07,0,0,0,0,0,0,0,0,0,0,0,0,0,5000,5000,0,0
062273,國巨群益9C購02  ,0,0,0,0,0,0,0,0,0,0,0,0,0,200000,200000,0,0
062276,瑞昱群益9B購01  ,0,0,0,0,0,0,0,0,0,0,0,0,0,11000,11000,0,0
062278,聯發科群益9C購01,0,0,0,0,0,0,0,0,0,0,0,0,0,5000,5000,0,0
062269,葡萄王群益9B購01,0,0,0,0,0,0,0,0,0,0,0,0,0,10000,10000,0,0
062308,旺宏凱基9B購04  ,0,0,0,0,0,0,0,0,0,0,0,0,0,11000,11000,0,0
062314,玉晶光凱基9B購06,0,0,0,0,0,0,0,0,0,0,0,0,0,16000,16000,0,0
062315,健策凱基9C購01  ,0,0,0,0,0,0,0,0,0,0,0,0,0,26000,26000,0,0
062317,祥碩凱基9B購03  ,0,0,0,0,0,0,0,0,0,0,0,0,0,2000,2000,0,0
062044,健策凱基9B購02  ,0,0,0,0,0,0,0,0,0,0,0,0,0,12000,12000,0,0
062207,牧德國票9B購02  ,0,0,0,0,0,0,0,0,0,0,0,0,0,30000,30000,0,0
062170,健策永豐9B購04  ,0,0,0,0,0,0,0,0,0,0,0,0,0,14000,14000,0,0
062146,大毅國票9B購01  ,0,0,0,0,0,0,0,0,0,0,0,0,0,3000,3000,0,0
062149,牧德國票9B購01  ,0,0,0,0,0,0,0,0,0,0,0,0,0,3000,3000,0,0
062155,國巨凱基9C購03  ,0,0,0,0,0,0,0,0,0,0,0,0,0,100000,100000,0,0
062152,國巨麥證9C購01  ,0,0,0,0,100000,-100000,0,0,0,0,0,0,0,100000,100000,0,0
054241,深中小元大98購01,0,0,0,0,0,0,0,0,0,0,0,0,0,20000,20000,0,0
05420P,大立光國泰97售03,0,0,0,0,0,0,0,0,0,0,0,0,0,20000,20000,0,0
054137,聯詠元大97購02  ,0,0,0,0,0,0,0,0,0,0,0,0,0,18000,18000,0,0
051662,大立光永昌96購03,0,0,0,0,0,0,0,0,0,0,0,0,0,30000,30000,0,0
053198,亞德客日盛96購01,0,0,0,0,0,0,0,0,0,0,0,0,0,3000,3000,0,0
053279,景碩元大97購01  ,0,0,0,0,0,0,0,0,0,0,0,0,0,2000,2000,0,0
05327P,臺股指凱基95售11,0,0,0,0,0,0,0,0,0,0,0,0,0,534000,534000,0,0
053315,漢唐群益96購02  ,0,0,0,0,0,0,0,0,0,0,0,0,0,75000,75000,0,0
053337,聯電國票97購01  ,0,0,0,0,0,0,0,0,0,0,0,0,0,25000,25000,0,0
05530P,臺股指群益96售03,0,0,0,0,0,0,0,0,0,0,0,0,0,2000,2000,0,0
055331,國巨兆豐99購01  ,0,0,0,0,0,0,0,0,0,0,0,0,0,278000,278000,0,0
055337,超眾兆豐98購01  ,0,0,0,0,0,0,0,0,0,0,0,0,0,52000,52000,0,0
055841,南亞科元大97購04,0,0,0,0,0,0,0,0,0,0,0,0,0,68000,68000,0,0
055812,台積電國票99購02,0,0,0,0,0,0,0,0,0,0,0,0,0,10000,10000,0,0
05598P,國巨元富96售03  ,0,0,0,0,0,0,0,0,0,0,0,0,0,10000,10000,0,0
055846,大立光元大97購09,0,0,0,0,0,0,0,0,0,0,0,0,0,50000,50000,0,0
051879,健策台新96購01  ,0,0,0,0,0,0,0,0,0,0,0,0,0,10000,10000,0,0
051818,國巨統一95購02  ,0,0,0,0,0,0,0,0,0,0,0,0,0,100000,100000,0,0
05179P,大立光凱基96售06,0,0,0,0,0,0,0,0,0,0,0,0,0,220000,220000,0,0
051746,玉晶光國泰97購07,0,0,0,0,0,0,0,0,0,0,0,0,0,1000,1000,0,0
051756,台積電元大97購04,0,0,0,0,0,0,0,0,0,0,0,0,0,140000,140000,0,0
052045,瑞昱凱基96購01  ,0,0,0,0,0,0,0,0,0,0,0,0,0,7000,7000,0,0
05192P,玉晶光台新96售02,0,0,0,0,0,0,0,0,0,0,0,0,0,20000,20000,0,0
052409,國巨亞東95購01  ,0,0,0,0,0,0,0,0,0,0,0,0,0,200000,200000,0,0
052388,旺宏群益96購05  ,0,0,0,0,0,0,0,0,0,0,0,0,0,15000,15000,0,0
052413,上証反中信97購01,0,0,0,0,0,0,0,0,0,0,0,0,0,85000,85000,0,0
052341,泰鼎凱基96購02  ,0,0,0,0,0,0,0,0,0,0,0,0,0,54000,54000,0,0
052276,力成群益96購01  ,0,0,0,0,0,0,0,0,0,0,0,0,0,10000,10000,0,0
05228P,大立光元富95售09,0,0,0,0,0,0,0,0,0,0,0,0,0,48000,48000,0,0
052089,聯發科元大96購02,0,0,0,0,0,0,0,0,0,0,0,0,0,20000,20000,0,0
052072,健策統一95購02  ,0,0,0,0,0,0,0,0,0,0,0,0,0,10000,10000,0,0
053060,大立光永昌96購05,0,0,0,0,0,0,0,0,0,0,0,0,0,40000,40000,0,0
053129,緯穎凱基96購01  ,0,0,0,0,0,0,0,0,0,0,0,0,0,7000,7000,0,0
053147,楠梓電元大98購01,0,0,0,0,0,0,0,0,0,0,0,0,0,20000,20000,0,0
051463,世芯國泰97購02  ,0,0,0,0,0,0,0,0,0,0,0,0,0,10000,10000,0,0
051531,國巨國票96購04  ,0,0,0,0,0,0,0,0,0,0,0,0,0,55000,55000,0,0
051487,健策凱基96購03  ,0,0,0,0,0,0,0,0,0,0,0,0,0,240000,240000,0,0
05263P,台積電元大96售09,0,0,0,0,0,0,0,0,0,0,0,0,0,100000,100000,0,0
048848,滬深2X群益98購02,0,0,0,0,0,0,0,0,0,0,0,0,0,100000,100000,0,0
052766,玉晶光群益9A購01,0,0,0,0,0,0,0,0,0,0,0,0,0,11000,11000,0,0
052730,華新科國泰98購01,0,0,0,0,0,0,0,0,0,0,0,0,0,100000,100000,0,0
052733,台郡國泰97購01  ,0,0,0,0,0,0,0,0,0,0,0,0,0,20000,20000,0,0
052740,聯發科元大96購07,0,0,0,0,0,0,0,0,0,0,0,0,0,175000,175000,0,0
048001,中工元大96購01  ,0,0,0,0,0,0,0,0,0,0,0,0,0,40000,40000,0,0
04373P,滬深2X元大97售01,0,0,0,0,0,0,0,0,0,0,0,0,0,50000,50000,0,0
045767,大立光元富95購01,0,0,0,0,0,0,0,0,0,0,0,0,0,10000,10000,0,0
052987,華新科元大99購01,0,0,0,0,0,0,0,0,0,0,0,0,0,50000,50000,0,0
050902,南電元大96購01  ,0,0,0,0,0,0,0,0,0,0,0,0,0,2000,2000,0,0
051077,台郡國泰96購02  ,0,0,0,0,0,0,0,0,0,0,0,0,0,15000,15000,0,0
052860,旺宏凱基96購03  ,0,0,0,0,0,0,0,0,0,0,0,0,0,10000,10000,0,0
052863,友達凱基98購02  ,0,0,0,0,0,0,0,0,0,0,0,0,0,50000,50000,0,0
052866,大立光凱基96購12,0,0,0,0,0,0,0,0,0,0,0,0,0,192000,192000,0,0
050765,鴻海元大96購02  ,0,0,0,0,0,0,0,0,0,0,0,0,0,10000,10000,0,0
050786,健策國泰96購01  ,0,0,0,0,0,0,0,0,0,0,0,0,0,10000,10000,0,0
052849,可成統一97購01  ,0,0,0,0,0,0,0,0,0,0,0,0,0,58000,58000,0,0
052811,玉晶光台新96購03,0,0,0,0,0,0,0,0,0,0,0,0,0,1000,1000,0,0
052800,國巨元大96購05  ,0,0,0,0,0,0,0,0,0,0,0,0,0,10000,10000,0,0
052959,聯電凱基97購01  ,0,0,0,0,0,0,0,0,0,0,0,0,0,10000,10000,0,0
052857,大成鋼凱基96購01,0,0,0,0,0,0,0,0,0,0,0,0,0,50000,50000,0,0
052897,緯創群益96購03  ,0,0,0,0,0,0,0,0,0,0,0,0,0,10000,10000,0,0
00732,國泰RMB短期報酬 ,0,0,0,0,0,0,0,0,0,0,0,0,0,100000,100000,0,0
00774B,新光中國政金綠債,0,0,0,0,0,0,0,0,0,0,0,0,0,2000,2000,0,0
00775B,新光投等債15+   ,2000,9000,-7000,0,0,0,0,0,0,7000,0,0,0,7000,0,7000,0
00776,新光ICE美國權值 ,0,0,0,0,0,0,0,0,0,0,0,0,0,100000,100000,0,0
00657,國泰日經225     ,0,0,0,0,0,0,0,0,0,0,0,0,0,100000,100000,0,0
00657K,國泰日經225+U   ,0,0,0,0,0,0,0,0,0,0,0,0,0,100,100,0,0
00668K,國泰美國道瓊+U  ,0,0,0,0,0,0,0,0,0,0,0,0,0,100,100,0,0
00625K,富邦上証+R      ,0,0,0,0,0,0,0,0,0,0,0,0,0,51000,51000,0,0
00636K,國泰中國A50+U   ,0,0,0,0,0,0,0,0,0,0,0,0,0,100,100,0,0
00645,富邦日本        ,0,0,0,0,0,0,0,0,0,0,0,0,0,62000,62000,0,0
00647L,元大S&P500正2   ,6000,6000,0,0,0,0,0,0,0,0,12000,0,12000,423000,435000,-12000,0
050537,鴻海凱基95購05  ,0,0,0,0,0,0,0,0,0,0,0,0,0,10000,10000,0,0
050550,大立光凱基95購04,0,0,0,0,0,0,0,0,0,0,0,0,0,350000,350000,0,0
049973,T50反1日盛9A購01,0,0,0,0,0,0,0,0,0,0,0,0,0,1000,1000,0,0
050012,台積電國泰95購03,0,0,0,0,0,0,0,0,0,0,0,0,0,20000,20000,0,0
049668,大立光國泰96購02,0,0,0,0,0,0,0,0,0,0,0,0,0,10000,10000,0,0
050100,台積電永昌96購02,0,0,0,0,0,0,0,0,0,0,0,0,0,314000,314000,0,0
050161,鴻海國泰96購03  ,0,0,0,0,0,0,0,0,0,0,0,0,0,5000,5000,0,0
050495,大立光永昌96購01,0,0,0,0,0,0,0,0,0,0,0,0,0,30000,30000,0,0
054937,國巨元大97購03  ,0,0,0,0,0,0,0,0,0,0,0,0,0,8000,8000,0,0
054964,智易元大99購01  ,0,0,0,0,0,0,0,0,0,0,0,0,0,20000,20000,0,0
055679,華通凱基99購01  ,0,0,0,0,0,0,0,0,0,0,0,0,0,1000,1000,0,0
05483P,國巨凱基95售07  ,0,0,0,0,0,0,0,0,0,0,0,0,0,30000,30000,0,0
054617,超眾永豐97購01  ,0,0,0,0,0,0,0,0,0,0,0,0,0,100000,100000,0,0
05458P,台積電凱基97售02,0,0,0,0,0,0,0,0,0,0,0,0,0,10000,10000,0,0
054593,滬深2X永昌9A購01,0,0,0,0,0,0,0,0,0,0,0,0,0,60000,60000,0,0
05512P,華新科台新97售01,0,0,0,0,0,0,0,0,0,0,0,0,0,80000,80000,0,0
058617,南電元大99購01  ,0,0,0,0,0,0,0,0,0,0,0,0,0,1000,1000,0,0
058621,華通國票9A購01  ,0,0,0,0,0,0,0,0,0,0,0,0,0,4000,4000,0,0
058166,鴻海凱基9A購01  ,0,0,0,0,0,0,0,0,0,0,0,0,0,20000,20000,0,0
058199,國巨康和99購01  ,0,0,0,0,0,0,0,0,0,0,0,0,0,26000,26000,0,0
058225,旺宏元富99購01  ,0,0,0,0,0,0,0,0,0,0,0,0,0,14000,14000,0,0
058565,鴻海凱基9A購07  ,0,0,0,0,0,0,0,0,0,0,0,0,0,20000,20000,0,0
058588,致茂中信9B購01  ,0,0,0,0,0,0,0,0,0,0,0,0,0,12000,12000,0,0
058589,群創中信01購01  ,0,0,0,0,0,0,0,0,0,0,0,0,0,76000,76000,0,0
058506,台積電元大99購09,0,0,0,0,0,0,0,0,0,0,0,0,0,175000,175000,0,0
058321,大立光永豐99購01,0,0,0,0,0,0,0,0,0,0,0,0,0,3000,3000,0,0
058330,鴻海元富99購01  ,0,0,0,0,0,0,0,0,0,0,0,0,0,1000,1000,0,0
058331,鴻海元富99購02  ,0,0,0,0,0,0,0,0,0,0,0,0,0,10000,10000,0,0
058332,鴻海元富99購03  ,0,0,0,0,0,0,0,0,0,0,0,0,0,10000,10000,0,0
058324,嘉聯益永豐9A購01,0,0,0,0,0,0,0,0,0,0,0,0,0,1000,1000,0,0
05829P,臺股指統一96售08,0,0,0,0,0,0,0,0,0,0,0,0,0,1000,1000,0,0
058303,華通元大99購03  ,0,0,0,0,0,0,0,0,0,0,0,0,0,20000,20000,0,0
058353,國巨凱基99購09  ,0,0,0,0,0,0,0,0,0,0,0,0,0,10000,10000,0,0
054416,禾伸堂元大97購01,0,0,0,0,0,0,0,0,0,0,0,0,0,12000,12000,0,0
055486,國巨元大98購06  ,0,0,0,0,0,0,0,0,0,0,0,0,0,1000,1000,0,0
055530,聯發科群益98購01,131000,0,131000,0,0,0,0,0,0,-131000,0,0,0,0,131000,-131000,0
054398,牧德永豐96購03  ,0,0,0,0,0,0,0,0,0,0,0,0,0,120000,120000,0,0
054380,世芯群益97購02  ,0,0,0,0,0,0,0,0,0,0,0,0,0,20000,20000,0,0
055406,大毅國泰99購01  ,0,0,0,0,0,0,0,0,0,0,0,0,0,45000,45000,0,0
055419,國巨永豐97購03  ,0,0,0,0,0,0,0,0,0,0,0,0,0,160000,160000,0,0
055376,群創元大01購01  ,0,0,0,0,0,0,0,0,0,0,0,0,0,10000,10000,0,0
054336,台積電統一96購11,0,0,0,0,0,0,0,0,0,0,0,0,0,20000,20000,0,0
054266,緯穎元大96購07  ,0,0,0,0,0,0,0,0,0,0,0,0,0,5000,5000,0,0
05427P,聯發科凱基96售07,0,0,0,0,0,0,0,0,0,0,0,0,0,6000,6000,0,0
054761,台光電國票98購02,0,0,0,0,0,0,0,0,0,0,0,0,0,8000,8000,0,0
053825,南電群益96購02  ,0,0,0,0,0,0,0,0,0,0,0,0,0,168000,168000,0,0
05382P,電子類群益95售02,0,0,0,0,0,0,0,0,0,0,0,0,0,1000,1000,0,0
053804,富邦金凱基96購01,0,0,0,0,0,0,0,0,0,0,0,0,0,51000,51000,0,0
055555,全新凱基9A購01  ,0,0,0,0,0,0,0,0,0,0,0,0,0,45000,45000,0,0
053598,日月光元大96購04,0,0,0,0,0,0,0,0,0,0,0,0,0,68000,68000,0,0
054572,國巨元大98購03  ,0,0,0,0,0,0,0,0,0,0,0,0,0,423000,423000,0,0
053489,上銀兆豐97購01  ,0,0,0,0,0,0,0,0,0,0,0,0,0,3000,3000,0,0
053388,群創元大9C購02  ,0,0,0,0,0,0,0,0,0,0,0,0,0,1000,1000,0,0
053966,旺宏元大96購08  ,0,0,0,0,0,0,0,0,0,0,0,0,0,105000,105000,0,0
054092,大立光群益97購01,0,0,0,0,0,0,0,0,0,0,0,0,0,40000,40000,0,0
054070,創意國泰96購02  ,0,0,0,0,0,0,0,0,0,0,0,0,0,10000,10000,0,0
058684,健策凱基99購02  ,0,0,0,0,0,0,0,0,0,0,0,0,0,46000,46000,0,0
05871P,全新凱基96售04  ,0,0,0,0,0,0,0,0,0,0,0,0,0,11000,11000,0,0
058742,鴻海康和99購01  ,0,0,0,0,0,0,0,0,0,0,0,0,0,21000,21000,0,0
058738,FBVIX中信03購04 ,0,0,0,0,0,0,0,0,0,0,0,0,0,2000,2000,0,0
056062,大立光元大97購12,0,0,0,0,0,0,0,0,0,0,0,0,0,160000,160000,0,0
056449,義隆凱基98購03  ,0,0,0,0,0,0,0,0,0,0,0,0,0,6000,6000,0,0
05717P,鴻海元大97售07  ,0,0,0,0,0,0,0,0,0,0,0,0,0,131000,131000,0,0
056490,台積電國泰99購01,0,0,0,0,0,0,0,0,0,0,0,0,0,100000,100000,0,0
056415,聯發科中信98購04,0,0,0,0,0,0,0,0,0,0,0,0,0,40000,40000,0,0
056435,台積電凱基98購09,0,0,0,0,0,0,0,0,0,0,0,0,0,3000,3000,0,0
056437,台積電凱基98購11,0,0,0,0,0,0,0,0,0,0,0,0,0,30000,30000,0,0
056445,聯發科凱基98購07,0,0,0,0,0,0,0,0,0,0,0,0,0,30000,30000,0,0
056134,可成元大97購06  ,0,0,0,0,0,0,0,0,0,0,0,0,0,70000,70000,0,0
05617P,大立光統一97售02,0,0,0,0,0,0,0,0,0,0,0,0,0,20000,20000,0,0
056146,台虹元大98購01  ,0,0,0,0,0,0,0,0,0,0,0,0,0,150000,150000,0,0
056990,聯發科兆豐98購01,0,0,0,0,0,0,0,0,0,0,0,0,0,256000,256000,0,0
056871,新日興日盛99購01,0,0,0,0,0,0,0,0,0,0,0,0,0,8000,8000,0,0
056848,泰鼎元富98購01  ,0,0,0,0,0,0,0,0,0,0,0,0,0,4000,4000,0,0
056935,華新科元富98購02,0,0,0,0,0,0,0,0,0,0,0,0,0,100000,100000,0,0
056917,國巨兆豐98購03  ,0,0,0,0,0,0,0,0,0,0,0,0,0,10000,10000,0,0
056947,國巨統一9A購01  ,0,0,0,0,0,0,0,0,0,0,0,0,0,217000,217000,0,0
05694P,台積電凱基96售09,0,0,0,0,0,0,0,0,0,0,0,0,0,110000,110000,0,0
057231,美律凱基98購05  ,0,0,0,0,0,0,0,0,0,0,0,0,0,30000,30000,0,0
056699,光罩國泰99購01  ,0,0,0,0,0,0,0,0,0,0,0,0,0,5000,5000,0,0
056817,國巨永豐98購04  ,0,0,0,0,0,0,0,0,0,0,0,0,0,107000,107000,0,0
056835,聯電元富99購01  ,0,0,0,0,0,0,0,0,0,0,0,0,0,95000,95000,0,0
056745,聯茂凱基99購03  ,0,0,0,0,0,0,0,0,0,0,0,0,0,1000,1000,0,0
056737,國巨凱基9A購01  ,0,0,0,0,0,0,0,0,0,0,0,0,0,131000,131000,0,0
056717,康友永豐98購01  ,0,0,0,0,0,0,0,0,0,0,0,0,0,40000,40000,0,0
056731,國巨凱基98購04  ,0,0,0,0,0,0,0,0,0,0,0,0,0,30000,30000,0,0
056732,國巨凱基98購07  ,0,0,0,0,0,0,0,0,0,0,0,0,0,31000,31000,0,0
05671P,友達國泰97售03  ,0,0,0,0,0,0,0,0,0,0,0,0,0,6000,6000,0,0
059007,南電元大99購05  ,0,0,0,0,0,0,0,0,0,0,0,0,0,1000,1000,0,0
059401,牧德元富99購01  ,0,0,0,0,0,0,0,0,0,0,0,0,0,10000,10000,0,0
059442,祥碩元大99購03  ,0,0,0,0,0,0,0,0,0,0,0,0,0,1000,1000,0,0
059451,國巨永豐99購05  ,0,0,0,0,0,0,0,0,0,0,0,0,0,23000,23000,0,0
059390,華新科凱基99購05,0,0,0,0,0,0,0,0,0,0,0,0,0,10000,10000,0,0
059117,禾伸堂永豐99購01,0,0,0,0,0,0,0,0,0,0,0,0,0,20000,20000,0,0
059129,麗豐中信99購01  ,0,0,0,0,0,0,0,0,0,0,0,0,0,10000,10000,0,0
059046,滬深2X凱基9C購01,0,0,0,0,0,0,0,0,0,0,0,0,0,3000,3000,0,0
059058,可成凱基9B購01  ,0,0,0,0,0,0,0,0,0,0,0,0,0,2000,2000,0,0
059050,元油2X凱基9B購08,0,0,0,0,0,0,0,0,0,0,0,0,0,100000,100000,0,0
057106,美律群益98購03  ,0,0,0,0,0,0,0,0,0,0,0,0,0,2000,2000,0,0
05712P,友達統一97售03  ,0,0,0,0,0,0,0,0,0,0,0,0,0,6000,6000,0,0
057147,新日興國票99購01,0,0,0,0,0,0,0,0,0,0,0,0,0,2000,2000,0,0
057125,國巨凱基98購12  ,0,0,0,0,0,0,0,0,0,0,0,0,0,10000,10000,0,0
057126,台積電凱基99購03,0,0,0,0,0,0,0,0,0,0,0,0,0,20000,20000,0,0
056369,彩晶元大01購01  ,0,0,0,0,0,0,0,0,0,0,0,0,0,100000,100000,0,0
057950,T50正2元大9B購04,0,0,0,0,0,0,0,0,0,0,0,0,0,930000,930000,0,0
057912,美律日盛99購01  ,0,0,0,0,0,0,0,0,0,0,0,0,0,8000,8000,0,0
057887,智原群益98購04  ,0,0,0,0,0,0,0,0,0,0,0,0,0,3000,3000,0,0
058118,瑞昱群益99購01  ,0,0,0,0,0,0,0,0,0,0,0,0,0,5000,5000,0,0
05630P,大立光永昌96售06,0,0,0,0,0,0,0,0,0,0,0,0,0,85000,85000,0,0
057044,旺宏元大98購08  ,0,0,0,0,0,0,0,0,0,0,0,0,0,50000,50000,0,0
057049,新日興元大98購02,0,0,0,0,0,0,0,0,0,0,0,0,0,5000,5000,0,0
057058,祥碩元大98購04  ,0,0,0,0,0,0,0,0,0,0,0,0,0,3000,3000,0,0
056262,台積電統一98購04,0,0,0,0,0,0,0,0,0,0,0,0,0,314000,314000,0,0
056222,台積電凱基9A購01,0,0,0,0,0,0,0,0,0,0,0,0,0,20000,20000,0,0
05846P,大立光元大96售07,0,0,0,0,0,0,0,0,0,0,0,0,0,10000,10000,0,0
058419,聯發科麥證99購02,0,0,0,104000,0,104000,0,0,0,0,0,0,0,104000,104000,0,0
058432,台積電統一9B購03,0,0,0,0,0,0,0,0,0,0,0,0,0,4000,4000,0,0
058443,T50正2富邦01購01,0,0,0,0,0,0,0,0,0,0,0,0,0,225000,225000,0,0
058399,美律元大99購05  ,0,0,0,0,0,0,0,0,0,0,0,0,0,2000,2000,0,0
059564,鴻海凱基9A購15  ,0,0,0,0,0,0,0,0,0,0,0,0,0,4000,4000,0,0
059480,美律群益9A購01  ,0,0,0,0,0,0,0,0,0,0,0,0,0,9000,9000,0,0
059501,可成元富99購01  ,0,0,0,0,0,0,0,0,0,0,0,0,0,10000,10000,0,0
057422,欣興凱基98購04  ,0,0,0,0,0,0,0,0,0,0,0,0,0,48000,48000,0,0
056573,華新科元大99購06,0,0,0,0,0,0,0,0,0,0,0,0,0,50000,50000,0,0
057354,聯鈞統一99購03  ,0,0,0,0,0,0,0,0,0,0,0,0,0,15000,15000,0,0
056536,義隆凱基98購04  ,0,0,0,0,0,0,0,0,0,0,0,0,0,3000,3000,0,0
056504,國巨永豐98購02  ,0,0,0,0,0,0,0,0,0,0,0,0,0,129000,129000,0,0
05935P,台積電凱基96售19,0,0,0,0,0,0,0,0,0,0,0,0,0,580000,580000,0,0
059355,國巨富邦9B購03  ,0,0,0,0,0,0,0,0,0,0,0,0,0,21000,21000,0,0
059327,南茂元大99購01  ,0,0,0,0,0,0,0,0,0,0,0,0,0,10000,10000,0,0
059721,旺宏元大99購16  ,0,0,0,0,0,0,0,0,0,0,0,0,0,32000,32000,0,0
05974P,國巨富邦97售03  ,0,0,0,0,0,0,0,0,0,0,0,0,0,110000,110000,0,0
059785,美律元大9A購03  ,0,0,0,0,0,0,0,0,0,0,0,0,0,44000,44000,0,0
059782,A50正2元大9C購04,0,0,0,0,0,0,0,0,0,0,0,0,0,43000,43000,0,0
059761,國巨永豐99購06  ,0,0,0,0,0,0,0,0,0,0,0,0,0,40000,40000,0,0
059820,南亞科凱基99購07,0,0,0,0,0,0,0,0,0,0,0,0,0,10000,10000,0,0
059817,華通凱基99購05  ,0,0,0,0,0,0,0,0,0,0,0,0,0,16000,16000,0,0
059835,聯發科國泰9B購01,0,0,0,0,0,0,0,0,0,0,0,0,0,46000,46000,0,0
05980P,台積電永昌96售09,0,0,0,0,0,0,0,0,0,0,0,0,0,150000,150000,0,0
059874,大立光凱基99購15,0,0,0,0,0,0,0,0,0,0,0,0,0,10000,10000,0,0
059946,健策永豐99購05  ,0,0,0,0,0,0,0,0,0,0,0,0,0,14000,14000,0,0
05746P,台積電群益96售07,0,0,0,0,0,0,0,0,0,0,0,0,0,10000,10000,0,0
059260,國巨中信99購05  ,0,0,0,0,0,0,0,0,0,0,0,0,0,30000,30000,0,0
059264,台光電中信99購02,0,0,0,0,0,0,0,0,0,0,0,0,0,20000,20000,0,0
059237,鴻海凱基9A購10  ,0,0,0,0,0,0,0,0,0,0,0,0,0,12000,12000,0,0
059204,台灣50元大01購02,0,0,0,0,0,0,0,0,0,0,0,0,0,3000,3000,0,0
058631,鈺齊國票9A購01  ,0,0,0,0,0,0,0,0,0,0,0,0,0,1000,1000,0,0
057823,神達元大98購01  ,0,0,0,0,0,0,0,0,0,0,0,0,0,10000,10000,0,0
057796,鴻海兆豐99購03  ,0,0,0,0,0,0,0,0,0,0,0,0,0,2000,2000,0,0
05779P,台積電統一96售06,0,0,0,0,0,0,0,0,0,0,0,0,0,110000,110000,0,0
057758,鴻海凱基99購03  ,0,0,0,0,0,0,0,0,0,0,0,0,0,10000,10000,0,0
057621,崇越凱基98購01  ,0,0,0,0,0,0,0,0,0,0,0,0,0,15000,15000,0,0
058058,大立光元富9B購02,0,0,0,0,0,0,0,0,0,0,0,0,0,57000,57000,0,0
058068,旺宏凱基98購11  ,0,0,0,0,0,0,0,0,0,0,0,0,0,20000,20000,0,0
058086,鴻海元大98購14  ,0,0,0,0,0,0,0,0,0,0,0,0,0,35000,35000,0,0
058088,鴻海元大9A購01  ,0,0,0,0,0,0,0,0,0,0,0,0,0,3000,3000,0,0
058827,聯發科永豐9A購01,0,0,0,0,0,0,0,0,0,0,0,0,0,50000,50000,0,0
056645,大立光凱基98購12,0,0,0,0,0,0,0,0,0,0,0,0,0,10000,10000,0,0
057322,旺宏群益98購04  ,0,0,0,0,0,0,0,0,0,0,0,0,0,98000,98000,0,0
057531,禾伸堂元大99購04,0,0,0,0,0,0,0,0,0,0,0,0,0,11000,11000,0,0
057572,明泰永豐98購01  ,0,0,0,0,0,0,0,0,0,0,0,0,0,1000,1000,0,0
057566,欣興富邦99購01  ,0,0,0,0,0,0,0,0,0,0,0,0,0,77000,77000,0,0
058980,鴻海凱基99購06  ,0,0,0,0,0,0,0,0,0,0,0,0,0,74000,74000,0,0
058983,旺宏凱基99購05  ,0,0,0,0,0,0,0,0,0,0,0,0,0,10000,10000,0,0
058883,旭富永豐99購01  ,0,0,0,0,0,0,0,0,0,0,0,0,0,3000,3000,0,0
058884,世紀鋼永豐99購02,0,0,0,0,0,0,0,0,0,0,0,0,0,10000,10000,0,0
5284,jpp-KY          ,6000,6000,0,0,0,0,0,0,0,0,0,0,0,0,0,0,0
6625,必應            ,1000,0,1000,0,0,0,0,0,0,-1000,0,1000,-1000,0,0,0,0
1316,上曜            ,53000,53000,0,0,0,0,0,0,0,0,0,0,0,0,0,0,0
1603,華電            ,29000,29000,0,0,0,0,0,0,0,0,0,0,0,0,0,0,0
2243,宏旭-KY         ,2000,3000,-1000,0,0,0,0,0,0,1000,1000,0,1000,0,0,0,0
3013,晟銘電          ,12000,12000,0,0,0,0,0,0,0,0,0,0,0,0,0,0,0
2636,台驊投控        ,24000,24000,0,0,0,0,0,0,0,0,0,0,0,0,0,0,0
07326P,大立光元大99售23,0,0,0,0,0,0,0,0,0,0,0,0,0,50000,50000,0,0
07270P,台灣50元大01售09,0,0,0,0,0,0,0,0,0,0,0,0,0,5000,5000,0,0
07294P,滬深2X元富9C售08,0,0,0,0,0,0,0,0,0,0,0,0,0,20000,20000,0,0
07083P,台積電統一9A售06,0,0,0,0,0,0,0,0,0,0,0,0,0,240000,240000,0,0
07113P,台積電兆豐99售03,0,0,0,0,0,0,0,0,0,0,0,0,0,43000,43000,0,0
06985P,華新科富邦9C售02,0,0,0,0,0,0,0,0,0,0,0,0,0,2000,2000,0,0
07005P,台積電統一9B售05,0,0,0,0,0,0,0,0,0,0,0,0,0,220000,220000,0,0
07007P,台灣50台新01售02,0,0,0,0,0,0,0,0,0,0,0,0,0,8000,8000,0,0
06961P,台積電凱基99售05,0,0,0,0,0,0,0,0,0,0,0,0,0,1005000,1005000,0,0
07014P,華通元大99售04  ,0,0,0,0,0,0,0,0,0,0,0,0,0,172000,172000,0,0
07017P,台灣50元富9B售02,0,0,0,0,0,0,0,0,0,0,0,0,0,358000,358000,0,0
07058P,台積電凱基9A售07,0,0,0,0,0,0,0,0,0,0,0,0,0,304000,304000,0,0
07764P,世紀鋼永豐9A售04,0,100000,-100000,0,0,0,0,0,0,100000,0,0,0,100000,0,100000,0
07808P,超眾永豐9A售04  ,0,0,0,0,0,0,0,0,0,0,0,0,0,1000,1000,0,0
07904P,聯發科群益9B售05,0,0,0,0,0,0,0,0,0,0,0,0,0,5000,5000,0,0
07689P,旺宏元大9A售13  ,0,0,0,0,0,0,0,0,0,0,0,0,0,50000,50000,0,0
07695P,台郡元大9A售02  ,0,0,0,0,0,0,0,0,0,0,0,0,0,100000,100000,0,0
07698P,臺股指元大9A售51,0,0,0,0,0,0,0,0,0,0,0,0,0,10000,10000,0,0
07633P,台灣50元大9A售18,0,0,0,0,0,0,0,0,0,0,0,0,0,6000,6000,0,0
07651P,道瓊指中信01售01,0,0,0,0,0,0,0,0,0,0,0,0,0,2000,2000,0,0
07609P,台灣50國票9C售04,0,0,0,0,0,0,0,0,0,0,0,0,0,1000,1000,0,0
07529P,國巨凱基9A售11  ,0,0,0,0,0,0,0,0,0,0,0,0,0,10000,10000,0,0
07555P,玉晶光元大9A售07,0,0,0,0,0,0,0,0,0,0,0,0,0,4000,4000,0,0
07497P,鴻海元大9A售06  ,0,0,0,0,0,0,0,0,0,0,0,0,0,150000,150000,0,0
2888A,新光金甲特      ,0,0,0,0,0,0,0,0,0,-74,0,74,-74,0,0,0,-74
06213P,大立光元大98售07,0,0,0,0,0,0,0,0,0,-1000,0,0,0,0,1000,-1000,-1000
062086,瑞祺元大9B購01  ,0,0,0,0,0,0,0,0,0,-1000,0,0,0,20000,21000,-1000,-1000
062215,華通統一9B購01  ,0,0,0,0,0,0,0,0,0,-1000,0,0,0,15000,16000,-1000,-1000
06295P,國巨元大97售14  ,0,0,0,0,0,0,0,0,0,-1000,0,0,0,80000,81000,-1000,-1000
06244P,智易元富97售02  ,0,0,0,0,0,0,0,0,0,-1000,0,0,0,0,1000,-1000,-1000
06676P,華新科國票98售03,0,0,0,0,0,0,0,0,0,-1000,0,0,0,15000,16000,-1000,-1000
06736P,新日興凱基98售03,0,0,0,0,0,0,0,0,0,-1000,0,0,0,0,1000,-1000,-1000
06784P,臺股指元大98售01,0,0,0,0,0,0,0,0,0,-1000,0,0,0,0,1000,-1000,-1000
06619P,聯發科元大98售06,0,0,0,0,0,0,0,0,0,-1000,0,0,0,0,1000,-1000,-1000
06655P,TPK元大98售02   ,0,0,0,0,0,0,0,0,0,-1000,0,0,0,0,1000,-1000,-1000
06502P,A50中信98售01   ,0,0,0,0,0,0,0,0,0,-1000,0,0,0,0,1000,-1000,-1000
061710,國巨凱基9A購18  ,0,0,0,0,0,0,0,0,0,-1000,0,0,0,196000,197000,-1000,-1000
061822,和潤群益9B購01  ,0,0,0,0,0,0,0,0,0,-1000,0,0,0,64000,65000,-1000,-1000
061417,力成群益9A購01  ,0,0,0,0,0,0,0,0,0,-1000,0,0,0,204000,205000,-1000,-1000
060264,華新科國票9A購02,0,0,0,0,0,0,0,0,0,-1000,0,0,0,0,1000,-1000,-1000
060218,台積電凱基9A購15,0,0,0,0,0,0,0,0,0,-1000,0,0,0,29000,30000,-1000,-1000
060320,元金2X群益02購01,0,0,0,0,0,0,0,0,0,-1000,0,0,0,0,1000,-1000,-1000
060389,世紀鋼凱基9B購02,0,0,0,0,0,0,0,0,0,-1000,0,0,0,4000,5000,-1000,-1000
060492,元黃金元富9A購01,0,0,0,0,0,0,0,0,0,-1000,0,0,0,0,1000,-1000,-1000
060501,鴻海元大9A購13  ,0,0,0,0,0,0,0,0,0,-1000,0,0,0,0,1000,-1000,-1000
060619,玉晶光元大9A購03,0,0,0,0,0,0,0,0,0,-1000,0,0,0,62000,63000,-1000,-1000
061042,致新永豐9A購02  ,0,0,0,0,0,0,0,0,0,-1000,0,0,0,54000,55000,-1000,-1000
061057,華新科國票9A購04,0,0,0,0,0,0,0,0,0,-1000,0,0,0,0,1000,-1000,-1000
061138,晶技統一9C購01  ,0,0,0,0,0,0,0,0,0,-1000,0,0,0,6000,7000,-1000,-1000
06120P,大立光凱基98售05,0,0,0,0,0,0,0,0,0,-1000,0,0,0,82000,83000,-1000,-1000
06074P,台積電凱基98售04,0,0,0,0,0,0,0,0,0,-1000,0,0,0,0,1000,-1000,-1000
054040,中石化元大9C購01,0,0,0,0,0,0,0,0,0,-1000,0,0,0,0,1000,-1000,-1000
053979,健策元大98購01  ,0,0,0,0,0,0,0,0,0,-1000,0,0,0,0,1000,-1000,-1000
053401,臺股指中信99購01,0,0,0,0,0,0,0,0,0,-1000,0,0,0,0,1000,-1000,-1000
053506,南茂兆豐97購01  ,0,0,0,0,0,0,0,0,0,-1000,0,0,0,6000,7000,-1000,-1000
054310,牧德凱基98購01  ,0,0,0,0,0,0,0,0,0,-1000,0,0,0,0,1000,-1000,-1000
055780,禾伸堂凱基99購01,0,0,0,0,0,0,0,0,0,-1000,0,0,0,0,1000,-1000,-1000
055417,健策富邦98購02  ,0,0,0,0,0,0,0,0,0,-1000,0,0,0,1000,2000,-1000,-1000
055457,聚陽永豐97購01  ,0,0,0,0,0,0,0,0,0,-1000,0,0,0,0,1000,-1000,-1000
058313,台積電富邦9B購04,0,0,0,0,0,0,0,0,0,-1000,0,0,0,1359000,1360000,-1000,-1000
058341,T50反1群益99購01,0,0,0,0,0,0,0,0,0,-1000,0,0,0,0,1000,-1000,-1000
058601,台積電元大99購10,0,0,0,0,0,0,0,0,0,-1000,0,0,0,0,1000,-1000,-1000
055057,興勤永豐97購01  ,0,0,0,0,0,0,0,0,0,-1000,0,0,0,0,1000,-1000,-1000
054990,凌陽元富97購01  ,0,0,0,0,0,0,0,0,0,-1000,0,0,0,0,1000,-1000,-1000
055230,大毅國票98購01  ,0,0,0,0,0,0,0,0,0,-1000,0,0,0,9000,10000,-1000,-1000
054587,玉晶光國泰99購01,0,0,0,0,0,0,0,0,0,-1000,0,0,0,0,1000,-1000,-1000
050322,世紀鋼國票95購01,0,0,0,0,0,0,0,0,0,-1000,0,0,0,29000,30000,-1000,-1000
03022X,富展01          ,0,0,0,0,0,0,0,0,0,-1000,0,0,0,0,1000,-1000,-1000
03039X,元展36          ,0,0,0,0,0,0,0,0,0,-1000,0,0,0,0,1000,-1000,-1000
03425B,臺股指元大9A熊01,0,0,0,0,0,0,0,0,0,-1000,0,0,0,4000,5000,-1000,-1000
03810P,大立光富邦98售01,0,0,0,0,0,0,0,0,0,-1000,0,0,0,0,1000,-1000,-1000
035276,南亞科台新97購01,0,0,0,0,0,0,0,0,0,-1000,0,0,0,0,1000,-1000,-1000
03649C,T50反1凱基99牛05,0,0,0,0,0,0,0,0,0,-1000,0,0,0,0,1000,-1000,-1000
03674C,臺股指元富9C牛02,0,0,0,0,0,0,0,0,0,-1000,0,0,0,0,1000,-1000,-1000
00683L,元大美元指數正2 ,0,0,0,0,0,0,0,0,0,-1000,0,0,0,0,1000,-1000,-1000
00688L,國泰20年美債正2 ,0,0,0,0,0,0,0,0,0,-1000,0,0,0,106000,107000,-1000,-1000
00742,新光內需收益    ,0,1000,-1000,0,0,0,0,0,0,0,0,0,0,100000,100000,0,-1000
01004T,土銀富邦R2      ,0,1000,-1000,0,0,0,0,0,0,0,0,0,0,0,0,0,-1000
052886,世紀鋼兆豐96購01,0,0,0,0,0,0,0,0,0,-1000,0,0,0,0,1000,-1000,-1000
04293P,滬深2X元大96售02,0,0,0,0,0,0,0,0,0,-1000,0,0,0,0,1000,-1000,-1000
052674,智邦國泰98購01  ,0,0,0,0,0,0,0,0,0,-1000,0,0,0,0,1000,-1000,-1000
053123,京元電凱基96購01,0,0,0,0,0,0,0,0,0,-1000,0,0,0,44000,45000,-1000,-1000
05240P,玉晶光永豐96售01,0,0,0,0,0,0,0,0,0,-1000,0,0,0,30000,31000,-1000,-1000
052410,智邦亞東96購01  ,0,0,0,0,0,0,0,0,0,-1000,0,0,0,0,1000,-1000,-1000
052031,臺股指群益95購04,0,0,0,0,0,0,0,0,0,-1000,0,0,0,0,1000,-1000,-1000
052077,可成元富98購02  ,0,0,0,0,0,0,0,0,0,-1000,0,0,0,12000,13000,-1000,-1000
05585P,臺股指凱基96售14,0,0,0,0,0,0,0,0,0,-1000,0,0,0,0,1000,-1000,-1000
055988,矽力元富97購01  ,0,0,0,0,0,0,0,0,0,-1000,0,0,0,0,1000,-1000,-1000
05331P,上証2X國票96售01,0,0,0,0,0,0,0,0,0,-1000,0,0,0,0,1000,-1000,-1000
054158,國巨日盛99購01  ,0,0,0,0,0,0,0,0,0,-1000,0,0,0,8000,9000,-1000,-1000
054239,台郡群益96購02  ,0,0,0,0,0,0,0,0,0,-1000,0,0,0,46000,47000,-1000,-1000
057600,大立光群益99購03,0,0,0,0,0,0,0,0,0,-1000,0,0,0,0,1000,-1000,-1000
057530,奇鋐元大99購01  ,0,0,0,0,0,0,0,0,0,-1000,0,0,0,16000,17000,-1000,-1000
05732P,臺股指統一96售02,0,0,0,0,0,0,0,0,0,-1000,0,0,0,0,1000,-1000,-1000
057718,旺宏元富02購02  ,0,0,0,0,0,0,0,0,0,-1000,0,0,0,0,1000,-1000,-1000
059192,臺股指富邦9C購01,0,0,0,0,0,0,0,0,0,-1000,0,0,0,0,1000,-1000,-1000
059252,聯詠凱基99購03  ,0,0,0,0,0,0,0,0,0,-1000,0,0,0,0,1000,-1000,-1000
057459,臺股指富邦99購03,0,0,0,0,0,0,0,0,0,-1000,0,0,0,0,1000,-1000,-1000
059159,上銀凱基99購05  ,0,0,0,0,0,0,0,0,0,-1000,0,0,0,0,1000,-1000,-1000
060001,台灣50群益9A購10,0,0,0,0,0,0,0,0,0,-1000,0,0,0,0,1000,-1000,-1000
059875,信邦凱基99購02  ,0,0,0,0,0,0,0,0,0,-1000,0,0,0,54000,55000,-1000,-1000
059876,智易凱基99購02  ,0,0,0,0,0,0,0,0,0,-1000,0,0,0,114000,115000,-1000,-1000
059803,S&P正2元富9B購03,0,0,0,0,0,0,0,0,0,-1000,0,0,0,0,1000,-1000,-1000
059774,臺股指群益99購21,0,0,0,0,0,0,0,0,0,-1000,0,0,0,0,1000,-1000,-1000
059783,旺宏元大99購17  ,0,0,0,0,0,0,0,0,0,-1000,0,0,0,0,1000,-1000,-1000
059733,緯穎元大99購08  ,0,0,0,0,0,0,0,0,0,-1000,0,0,0,3000,4000,-1000,-1000
059302,大立光群益99購08,0,0,0,0,0,0,0,0,0,-1000,0,0,0,0,1000,-1000,-1000
059536,新光金凱基99購05,0,0,0,0,0,0,0,0,0,-1000,0,0,0,0,1000,-1000,-1000
059667,矽力元大99購01  ,0,0,0,0,0,0,0,0,0,-1000,0,0,0,0,1000,-1000,-1000
056295,國巨元大97購16  ,0,0,0,0,0,0,0,0,0,-1000,0,0,0,110000,111000,-1000,-1000
057894,華通元富02購02  ,0,0,0,0,0,0,0,0,0,-1000,0,0,0,12000,13000,-1000,-1000
057079,台積電統一9A購02,0,0,0,0,0,0,0,0,0,-1000,0,0,0,0,1000,-1000,-1000
056367,祥碩元大98購01  ,0,0,0,0,0,0,0,0,0,-1000,0,0,0,0,1000,-1000,-1000
05632P,大立光群益96售02,0,0,0,0,0,0,0,0,0,-1000,0,0,0,0,1000,-1000,-1000
05903P,聯發科統一96售09,0,0,0,0,0,0,0,0,0,-1000,0,0,0,0,1000,-1000,-1000
056704,健策國泰99購01  ,0,0,0,0,0,0,0,0,0,-1000,0,0,0,0,1000,-1000,-1000
056915,上銀兆豐99購01  ,0,0,0,0,0,0,0,0,0,-1000,0,0,0,0,1000,-1000,-1000
056118,聯詠群益97購03  ,0,0,0,0,0,0,0,0,0,-1000,0,0,0,0,1000,-1000,-1000
057198,智伸科統一9B購01,0,0,0,0,0,0,0,0,0,-1000,0,0,0,0,1000,-1000,-1000
058806,道瓊銀統一9B購01,0,0,0,0,0,0,0,0,0,-1000,0,0,0,2000,3000,-1000,-1000
2712,遠雄來          ,0,1000,-1000,0,0,0,0,0,0,0,0,0,0,0,0,0,-1000
2616,山隆            ,4000,5000,-1000,0,0,0,0,0,0,0,0,0,0,0,0,0,-1000
3021,鴻名            ,0,1000,-1000,0,0,0,0,0,0,0,0,0,0,0,0,0,-1000
2910,統領            ,0,1000,-1000,0,0,0,0,0,0,0,0,0,0,0,0,0,-1000
2901,欣欣            ,0,1000,-1000,0,0,0,0,0,0,0,0,0,0,0,0,0,-1000
3054,立萬利          ,0,1000,-1000,0,0,0,0,0,0,0,0,0,0,0,0,0,-1000
3046,建碁            ,0,1000,-1000,0,0,0,0,0,0,0,0,0,0,0,0,0,-1000
2516,新建            ,0,1000,-1000,0,0,0,0,0,0,0,0,0,0,0,0,0,-1000
1805,寶徠            ,0,1000,-1000,0,0,0,0,0,0,0,0,0,0,0,0,0,-1000
1786,科妍            ,27000,29000,-2000,0,0,0,0,0,0,1000,2000,1000,1000,0,0,0,-1000
1307,三芳            ,28000,29000,-1000,0,0,0,0,0,0,0,0,0,0,0,0,0,-1000
07967P,力山元大9B售03  ,0,0,0,0,0,0,0,0,0,-1000,0,0,0,0,1000,-1000,-1000
1470,大統新創        ,0,1000,-1000,0,0,0,0,0,0,0,0,0,0,0,0,0,-1000
07458P,長榮航元大9A售01,0,0,0,0,0,0,0,0,0,-1000,0,0,0,0,1000,-1000,-1000
07570P,旺宏凱基9A售04  ,0,0,0,0,0,0,0,0,0,-1000,0,0,0,0,1000,-1000,-1000
07608P,台灣50國票9C售03,0,0,0,0,0,0,0,0,0,-1000,0,0,0,0,1000,-1000,-1000
07911P,大立光統一9B售08,0,0,0,0,0,0,0,0,0,-1000,0,0,0,0,1000,-1000,-1000
07892P,臺股指國票9B售02,0,0,0,0,0,0,0,0,0,-1000,0,0,0,0,1000,-1000,-1000
07941P,國巨凱基9B售07  ,0,0,0,0,0,0,0,0,0,-1000,0,0,0,10000,11000,-1000,-1000
07872P,聯發科群益9B售03,0,0,0,0,0,0,0,0,0,-1000,0,0,0,0,1000,-1000,-1000
07775P,國巨群益9A售10  ,0,0,0,0,0,0,0,0,0,-1000,0,0,0,0,1000,-1000,-1000
07823P,國巨元大9A售23  ,0,0,0,0,0,0,0,0,0,-1000,0,0,0,0,1000,-1000,-1000
07045P,上銀國票9A售01  ,0,0,0,0,0,0,0,0,0,-1000,0,0,0,0,1000,-1000,-1000
07016P,聯發科元大99售10,0,0,0,0,0,0,0,0,0,-1000,0,0,0,0,1000,-1000,-1000
07223P,鴻海元大99售29  ,0,0,0,0,0,0,0,0,0,-1000,0,0,0,0,1000,-1000,-1000
07229P,T50正2群益9A售01,0,0,0,0,0,0,0,0,0,-1000,0,0,0,0,1000,-1000,-1000
07246P,旺宏凱基99售08  ,0,0,0,0,0,0,0,0,0,-1000,0,0,0,0,1000,-1000,-1000
4576,大銀微系統      ,19000,20000,-1000,0,0,0,0,0,0,0,0,0,0,0,0,0,-1000
4557,永新-KY         ,3000,4000,-1000,0,0,0,0,0,0,0,0,0,0,0,0,0,-1000
3308,聯德            ,0,1000,-1000,0,0,0,0,0,0,0,0,0,0,0,0,0,-1000
9918,欣天然          ,0,1000,-1000,0,0,0,0,0,0,0,0,0,0,0,0,0,-1000
8488,吉源-KY         ,0,1000,-1000,0,0,0,0,0,0,0,0,0,0,0,0,0,-1000
8367,建新國際        ,5000,6000,-1000,0,0,0,0,0,0,0,0,0,0,0,0,0,-1000
8442,威宏-KY         ,0,0,0,0,0,0,0,0,0,-1000,0,1000,-1000,0,0,0,-1000
060853,健策國泰9B購02  ,0,0,0,0,0,0,0,0,0,-2000,0,0,0,0,2000,-2000,-2000
060837,上銀國票9A購04  ,0,0,0,0,0,0,0,0,0,-2000,0,0,0,0,2000,-2000,-2000
061251,臺股指群益9A購02,0,0,0,0,0,0,0,0,0,-2000,0,0,0,0,2000,-2000,-2000
061252,臺股指群益9A購03,0,0,0,0,0,0,0,0,0,-2000,0,0,0,0,2000,-2000,-2000
06112P,台積電兆豐97售01,0,0,0,0,0,0,0,0,0,-2000,0,0,0,0,2000,-2000,-2000
060508,聯發科元大9A購04,0,0,0,0,0,0,0,0,0,-2000,0,0,0,0,2000,-2000,-2000
060529,聯發科中信9A購04,0,0,0,0,0,0,0,0,0,-2000,0,0,0,0,2000,-2000,-2000
060298,鎧勝元大9C購01  ,0,0,0,0,0,0,0,0,0,-2000,0,0,0,93000,95000,-2000,-2000
060220,華新科凱基9A購08,0,0,0,0,0,0,0,0,0,-2000,0,0,0,0,2000,-2000,-2000
060106,旭富元大99購02  ,0,0,0,0,0,0,0,0,0,-2000,0,0,0,4000,6000,-2000,-2000
060166,佐登永豐9A購01  ,0,0,0,0,0,0,0,0,0,-2000,0,0,0,26000,28000,-2000,-2000
061410,緯穎國票9A購03  ,0,0,0,0,0,0,0,0,0,-2000,0,0,0,15000,17000,-2000,-2000
061435,元金2X凱基9C購03,0,0,0,0,0,0,0,0,0,-2000,0,0,0,30000,32000,-2000,-2000
061518,達方永豐9A購02  ,0,0,0,0,0,0,0,0,0,-2000,0,0,0,0,2000,-2000,-2000
061570,瑞昱元大9A購05  ,0,0,0,0,0,0,0,0,0,-2000,0,0,0,4000,6000,-2000,-2000
061545,華新科群益9A購09,0,0,0,0,0,0,0,0,0,-2000,0,0,0,0,2000,-2000,-2000
061683,台灣50群益9B購09,0,0,0,0,0,0,0,0,0,-2000,0,0,0,0,2000,-2000,-2000
061632,SP黃豆元大9A購06,0,0,0,0,0,0,0,0,0,-2000,0,0,0,0,2000,-2000,-2000
061775,臺指反國票9B購04,0,0,0,0,0,0,0,0,0,-2000,0,0,0,0,2000,-2000,-2000
061712,旺宏凱基9A購08  ,0,0,0,0,0,0,0,0,0,-2000,0,0,0,0,2000,-2000,-2000
061937,聯發科國票9B購02,0,0,0,0,0,0,0,0,0,-2000,0,0,0,0,2000,-2000,-2000
061916,元金2X凱基02購01,0,0,0,0,0,0,0,0,0,-2000,0,0,0,0,2000,-2000,-2000
06494P,鴻海永昌98售03  ,0,0,0,0,0,0,0,0,0,-2000,0,0,0,0,2000,-2000,-2000
06386P,欣興永豐97售03  ,0,0,0,0,0,0,0,0,0,-2000,0,0,0,0,2000,-2000,-2000
06668P,祥碩凱基98售02  ,0,0,0,0,0,0,0,0,0,-2000,0,0,0,40000,42000,-2000,-2000
06691P,臺股指群益9C售05,0,0,0,0,0,0,0,0,0,-2000,0,0,0,2000,4000,-2000,-2000
06698P,玉晶光國票99售05,0,0,0,0,0,0,0,0,0,-2000,0,0,0,0,2000,-2000,-2000
06868P,電子類元大99售01,0,0,0,0,0,0,0,0,0,-2000,0,0,0,0,2000,-2000,-2000
06834P,訊芯群益99售02  ,0,0,0,0,0,0,0,0,0,-2000,0,0,0,0,2000,-2000,-2000
06911P,鴻海元大99售09  ,0,0,0,0,0,0,0,0,0,-2000,0,0,0,293000,295000,-2000,-2000
062375,祥碩元大9B購03  ,0,0,0,0,0,0,0,0,0,-2000,0,0,0,0,2000,-2000,-2000
062030,旭富群益9B購01  ,0,0,0,0,0,0,0,0,0,-2000,0,0,0,27000,29000,-2000,-2000
062177,上銀元大9B購02  ,0,0,0,0,0,0,0,0,0,-2000,0,0,0,0,2000,-2000,-2000
054214,京鼎國票97購02  ,0,0,0,0,0,0,0,0,0,-2000,0,0,0,18000,20000,-2000,-2000
055874,中環元富9A購01  ,0,0,0,0,0,0,0,0,0,-2000,0,0,0,407000,409000,-2000,-2000
055326,緯穎國票97購06  ,0,0,0,0,0,0,0,0,0,-2000,0,0,0,3000,5000,-2000,-2000
047342,T50反1中信99購01,0,0,0,0,0,0,0,0,0,-2000,0,0,0,0,2000,-2000,-2000
048270,T50反1富邦99購01,0,0,0,0,0,0,0,0,0,-2000,0,0,0,0,2000,-2000,-2000
052994,群創台新99購01  ,0,0,0,0,0,0,0,0,0,-2000,0,0,0,0,2000,-2000,-2000
020004,兆豐電菁英30N   ,0,0,0,0,0,0,0,0,0,-2000,0,0,0,0,2000,-2000,-2000
020011,統一微波高息20N ,0,0,0,0,0,0,0,0,0,-2000,0,0,0,0,2000,-2000,-2000
00771,元大US高息特別股,1000,0,1000,0,0,0,0,0,0,-3000,0,0,0,35000,38000,-3000,-2000
039212,台達電台新9A購01,0,0,0,0,0,0,0,0,0,-2000,0,0,0,0,2000,-2000,-2000
049602,南電元大95購01  ,0,0,0,0,0,0,0,0,0,-2000,0,0,0,0,2000,-2000,-2000
049759,元黃金富邦9A購01,0,0,0,0,0,0,0,0,0,-2000,0,0,0,0,2000,-2000,-2000
054643,上証2X群益9B購01,0,0,0,0,0,0,0,0,0,-2000,0,0,0,0,2000,-2000,-2000
055628,旺宏永豐97購01  ,0,0,0,0,0,0,0,0,0,-2000,0,0,0,0,2000,-2000,-2000
054827,宏全元大9A購01  ,0,0,0,0,0,0,0,0,0,-2000,0,0,0,0,2000,-2000,-2000
055110,美律凱基98購02  ,0,0,0,0,0,0,0,0,0,-2000,0,0,0,0,2000,-2000,-2000
058603,台積電元大99購12,0,0,0,0,0,0,0,0,0,-2000,0,0,0,0,2000,-2000,-2000
058217,新唐群益99購01  ,0,0,0,0,0,0,0,0,0,-2000,0,0,0,0,2000,-2000,-2000
05820P,臺股指凱基96售17,0,0,0,0,0,0,0,0,0,-2000,0,0,0,0,2000,-2000,-2000
058312,大毅國泰9B購01  ,0,0,0,0,0,0,0,0,0,-2000,0,0,0,16000,18000,-2000,-2000
058368,奇鋐凱基9A購01  ,0,0,0,0,0,0,0,0,0,-2000,0,0,0,0,2000,-2000,-2000
055440,矽力國票98購01  ,0,0,0,0,0,0,0,0,0,-2000,0,0,0,0,2000,-2000,-2000
054445,技嘉兆豐96購01  ,0,0,0,0,0,0,0,0,0,-2000,0,0,0,72000,74000,-2000,-2000
054276,國巨群益96購07  ,0,0,0,0,0,0,0,0,0,-2000,0,0,0,0,2000,-2000,-2000
053704,國巨群益96購06  ,0,0,0,0,0,0,0,0,0,-2000,0,0,0,0,2000,-2000,-2000
053407,台積電兆豐96購02,0,0,0,0,0,0,0,0,0,-2000,0,0,0,0,2000,-2000,-2000
053451,致新凱基96購02  ,0,0,0,0,0,0,0,0,0,-2000,0,0,0,45000,47000,-2000,-2000
058757,道瓊銀群益9A購02,0,0,0,0,0,0,0,0,0,-2000,0,0,0,0,2000,-2000,-2000
058707,泰鼎元大99購02  ,0,0,0,0,0,0,0,0,0,-2000,0,0,0,109000,111000,-2000,-2000
056095,臻鼎元富9A購01  ,0,0,0,0,0,0,0,0,0,-2000,0,0,0,0,2000,-2000,-2000
056184,南亞科統一97購03,0,0,0,0,0,0,0,0,0,-2000,0,0,0,0,2000,-2000,-2000
056892,旺宏元大9A購02  ,0,0,0,0,0,0,0,0,0,-2000,0,0,0,0,2000,-2000,-2000
056639,國產康和98購01  ,0,0,0,0,0,0,0,0,0,-2000,0,0,0,50000,52000,-2000,-2000
056700,華新科國泰99購03,0,0,0,0,0,0,0,0,0,-2000,0,0,0,1000,3000,-2000,-2000
056694,欣興群益98購04  ,0,0,0,0,0,0,0,0,0,-2000,0,0,0,12000,14000,-2000,-2000
057211,鴻海群益98購05  ,0,0,0,0,0,0,0,0,0,-2000,0,0,0,325000,327000,-2000,-2000
056836,國巨元富98購01  ,0,0,0,0,0,0,0,0,0,-2000,0,0,0,0,2000,-2000,-2000
056353,鴻海元大99購02  ,0,0,0,0,0,0,0,0,0,-2000,0,0,0,0,2000,-2000,-2000
057942,可成國票99購02  ,0,0,0,0,0,0,0,0,0,-2000,0,0,0,0,2000,-2000,-2000
057103,禾伸堂中信9A購01,0,0,0,0,0,0,0,0,0,-2000,0,0,0,20000,22000,-2000,-2000
05786P,臺股指永昌96售03,0,0,0,0,0,0,0,0,0,-2000,0,0,0,0,2000,-2000,-2000
058408,華通兆豐99購02  ,0,0,0,0,0,0,0,0,0,-2000,0,0,0,20000,22000,-2000,-2000
058414,大立光兆豐99購02,0,0,0,0,0,0,0,0,0,-2000,0,0,0,0,2000,-2000,-2000
058465,元石油中信01購01,0,0,0,0,0,0,0,0,0,-2000,0,0,0,0,2000,-2000,-2000
059628,智邦凱基99購04  ,0,0,0,0,0,0,0,0,0,-2000,0,0,0,10000,12000,-2000,-2000
059624,鴻海凱基01購01  ,0,0,0,0,0,0,0,0,0,-2000,0,0,0,0,2000,-2000,-2000
059607,台積電富邦9C購04,0,0,0,0,0,0,0,0,0,-2000,0,0,0,7000,9000,-2000,-2000
059588,鴻海元大99購32  ,0,0,0,0,0,0,0,0,0,-2000,0,0,0,1000,3000,-2000,-2000
057415,和碩日盛98購01  ,0,0,0,0,0,0,0,0,0,-2000,0,0,0,0,2000,-2000,-2000
059723,美律元大9A購02  ,0,0,0,0,0,0,0,0,0,-2000,0,0,0,13000,15000,-2000,-2000
059878,聯茂凱基99購07  ,0,0,0,0,0,0,0,0,0,-2000,0,0,0,1000,3000,-2000,-2000
059973,A50正2元大99購02,0,0,0,0,0,0,0,0,0,-2000,0,0,0,2000,4000,-2000,-2000
059889,華新科國票99購04,0,0,0,0,0,0,0,0,0,-2000,0,0,0,0,2000,-2000,-2000
059153,臺股指國票99購16,0,0,0,0,0,0,0,0,0,-2000,0,0,0,60000,62000,-2000,-2000
057742,喬山永豐98購02  ,0,0,0,0,0,0,0,0,0,-2000,0,0,0,0,2000,-2000,-2000
058847,國巨群益99購05  ,0,0,0,0,0,0,0,0,0,-2000,0,0,0,0,2000,-2000,-2000
058820,致茂國泰9B購01  ,0,0,0,0,0,0,0,0,0,-2000,0,0,0,0,2000,-2000,-2000
057563,旭富國泰9A購01  ,0,0,0,0,0,0,0,0,0,-2000,0,0,0,0,2000,-2000,-2000
05760P,京鼎永豐96售02  ,0,0,0,0,0,0,0,0,0,-2000,0,0,0,0,2000,-2000,-2000
6442,光聖            ,0,2000,-2000,0,0,0,0,0,0,0,0,0,0,0,0,0,-2000
6117,迎廣            ,1000,3000,-2000,0,0,0,0,0,0,0,0,0,0,0,0,0,-2000
07305P,T50正2群益99售02,0,0,0,0,0,0,0,0,0,-2000,0,0,0,0,2000,-2000,-2000
07400P,國巨凱基99售20  ,0,0,0,0,0,0,0,0,0,-2000,0,0,0,28000,30000,-2000,-2000
07388P,臺股指群益9C售07,0,0,0,0,0,0,0,0,0,-2000,0,0,0,1000,3000,-2000,-2000
07435P,台積電富邦9C售07,0,0,0,0,0,0,0,0,0,-2000,0,0,0,0,2000,-2000,-2000
07423P,大立光元大99售33,0,0,0,0,0,0,0,0,0,-2000,0,0,0,47000,49000,-2000,-2000
07063P,臺股指元大9A售24,0,0,0,0,0,0,0,0,0,-2000,0,0,0,0,2000,-2000,-2000
07939P,台積電統一9B售14,0,0,0,0,0,0,0,0,0,-2000,0,0,0,0,2000,-2000,-2000
07891P,臺股指國票9B售01,0,0,0,0,0,0,0,0,0,-2000,0,0,0,1000,3000,-2000,-2000
07712P,茂林元大9A售03  ,0,0,0,0,0,0,0,0,0,-2000,0,0,0,34000,36000,-2000,-2000
07674P,金融類元大9A售01,0,0,0,0,0,0,0,0,0,-2000,0,0,0,0,2000,-2000,-2000
07543P,台積電凱基9A售17,0,0,0,0,0,0,0,0,0,-2000,0,0,0,0,2000,-2000,-2000
1539,巨庭            ,0,2000,-2000,0,0,0,0,0,0,0,0,0,0,0,0,0,-2000
08818P,台灣50凱基01售18,0,0,0,0,0,0,0,0,0,-2000,0,0,0,0,2000,-2000,-2000
1726,永記            ,0,2000,-2000,0,0,0,0,0,0,0,0,0,0,0,0,0,-2000
2033,佳大            ,0,2000,-2000,0,0,0,0,0,0,0,0,0,0,0,0,0,-2000
2024,志聯            ,0,2000,-2000,0,0,0,0,0,0,0,0,0,0,0,0,0,-2000
2540,愛山林          ,0,2000,-2000,0,0,0,0,0,0,0,0,0,0,0,0,0,-2000
2482,連宇            ,0,2000,-2000,0,0,0,0,0,0,0,0,0,0,0,0,0,-2000
2483,百容            ,0,2000,-2000,0,0,0,0,0,0,0,0,0,0,0,0,0,-2000
2440,太空梭          ,0,2000,-2000,0,0,0,0,0,0,0,0,0,0,0,0,0,-2000
2613,中櫃            ,0,2000,-2000,0,0,0,0,0,0,0,0,0,0,0,0,0,-2000
00666R,富邦恒生國企反1 ,0,51000,-51000,0,0,0,0,0,0,48998,0,0,0,178000,129002,48998,-2002
062173,世紀鋼永豐9B購01,0,0,0,0,0,0,0,0,0,-3000,0,0,0,0,3000,-3000,-3000
06271P,彩晶凱基97售01  ,0,0,0,0,0,0,0,0,0,-3000,0,0,0,0,3000,-3000,-3000
06332P,世紀鋼群益98售01,0,0,0,0,0,0,0,0,0,-3000,0,0,0,10000,13000,-3000,-3000
062321,力成台新9B購01  ,0,0,0,0,0,0,0,0,0,-3000,0,0,0,0,3000,-3000,-3000
062298,國巨第一9B購01  ,0,0,0,0,0,0,0,0,0,-3000,0,0,0,0,3000,-3000,-3000
062267,滬深2X群益01購05,0,0,0,0,0,0,0,0,0,-3000,0,0,0,0,3000,-3000,-3000
06888P,日月光元大98售02,0,0,0,0,0,0,0,0,0,-3000,0,0,0,60000,63000,-3000,-3000
06515P,國巨凱基98售06  ,0,0,0,0,0,0,0,0,0,-3000,0,0,0,15000,18000,-3000,-3000
061931,力山國票9B購02  ,0,0,0,0,0,0,0,0,0,-3000,0,0,0,7000,10000,-3000,-3000
061990,台勝科元大9C購01,0,0,0,0,0,0,0,0,0,-3000,0,0,0,1000,4000,-3000,-3000
061979,友達元大9C購08  ,0,0,0,0,0,0,0,0,0,-3000,0,0,0,211000,214000,-3000,-3000
061965,台積電統一02購02,0,0,0,0,0,0,0,0,0,-3000,0,0,0,0,3000,-3000,-3000
061839,華新科凱基05購04,0,0,0,0,0,0,0,0,0,-3000,0,0,0,1000,4000,-3000,-3000
061528,超眾凱基9A購04  ,0,0,0,0,0,0,0,0,0,-3000,0,0,0,0,3000,-3000,-3000
061582,麗豐元大9A購01  ,0,0,0,0,0,0,0,0,0,-3000,0,0,0,45000,48000,-3000,-3000
061516,力成永豐9A購02  ,0,0,0,0,0,0,0,0,0,-3000,0,0,0,0,3000,-3000,-3000
061454,國巨凱基9A購16  ,0,0,0,0,0,0,0,0,0,-3000,0,0,0,2000,5000,-3000,-3000
061452,大成鋼凱基9A購01,0,0,0,0,0,0,0,0,0,-3000,0,0,0,61000,64000,-3000,-3000
060235,瑞昱元大9A購01  ,0,0,0,0,0,0,0,0,0,-3000,0,0,0,24000,27000,-3000,-3000
060299,友訊國泰9B購01  ,0,0,0,0,0,0,0,0,0,-3000,0,0,0,2000,5000,-3000,-3000
06050P,玉晶光國票98售01,0,0,0,0,0,0,0,0,0,-3000,0,0,0,0,3000,-3000,-3000
061125,億光永豐9A購01  ,0,0,0,0,0,0,0,0,0,-3000,0,0,0,27000,30000,-3000,-3000
06109P,華新科群益97售05,0,0,0,0,0,0,0,0,0,-3000,0,0,0,0,3000,-3000,-3000
060839,聯發科國票9A購02,0,0,0,0,0,0,0,0,0,-3000,0,0,0,0,3000,-3000,-3000
060936,T50反1國票9A購09,0,0,0,0,0,0,0,0,0,-3000,0,0,0,0,3000,-3000,-3000
060951,元黃金群益9A購01,0,0,0,0,0,0,0,0,0,-3000,0,0,0,0,3000,-3000,-3000
00689R,國泰20年美債反1 ,0,0,0,0,0,0,0,0,0,-3000,0,0,0,100000,103000,-3000,-3000
03676C,臺股指元大04牛03,0,0,0,0,0,0,0,0,0,-3000,0,0,0,0,3000,-3000,-3000
03566P,臺股指日盛03售01,0,0,0,0,0,0,0,0,0,-3000,0,0,0,16000,19000,-3000,-3000
035275,台積電台新97購01,0,0,0,0,0,0,0,0,0,-3000,0,0,0,0,3000,-3000,-3000
051375,道瓊反群益9A購01,0,0,0,0,0,0,0,0,0,-3000,0,0,0,1000,4000,-3000,-3000
04454P,大立光富邦98售02,0,0,0,0,0,0,0,0,0,-3000,0,0,0,2000,5000,-3000,-3000
053042,大立光凱基97購03,0,0,0,0,0,0,0,0,0,-3000,0,0,0,0,3000,-3000,-3000
054513,元金2X元大96購01,0,0,0,0,0,0,0,0,0,-3000,0,0,0,0,3000,-3000,-3000
05403P,台積電富邦95售08,0,0,0,0,0,0,0,0,0,-3000,0,0,0,0,3000,-3000,-3000
053552,華新科凱基96購08,0,0,0,0,0,0,0,0,0,-3000,0,0,0,0,3000,-3000,-3000
055776,宏達電凱基98購02,0,0,0,0,0,0,0,0,0,-3000,0,0,0,45000,48000,-3000,-3000
054332,世芯永豐97購01  ,0,0,0,0,0,0,0,0,0,-3000,0,0,0,0,3000,-3000,-3000
055472,大立光凱基97購07,0,0,0,0,0,0,0,0,0,-3000,0,0,0,0,3000,-3000,-3000
055442,矽創國票98購02  ,0,0,0,0,0,0,0,0,0,-3000,0,0,0,35000,38000,-3000,-3000
058258,世芯國泰9A購01  ,0,0,0,0,0,0,0,0,0,-3000,0,0,0,37000,40000,-3000,-3000
058596,旺宏台新99購01  ,0,0,0,0,0,0,0,0,0,-3000,0,0,0,5000,8000,-3000,-3000
058498,世紀鋼群益99購01,0,0,0,0,0,0,0,0,0,-3000,0,0,0,26000,29000,-3000,-3000
054975,福懋科元大97購01,0,0,0,0,0,0,0,0,0,-3000,0,0,0,0,3000,-3000,-3000
055008,隆達元富97購01  ,0,0,0,0,0,0,0,0,0,-3000,0,0,0,7000,10000,-3000,-3000
058989,茂林凱基99購02  ,0,0,0,0,0,0,0,0,0,-3000,0,0,0,0,3000,-3000,-3000
058933,FBVIX台新9B購01 ,0,0,0,0,0,0,0,0,0,-3000,0,0,0,0,3000,-3000,-3000
057725,台達電國泰9A購01,0,0,0,0,0,0,0,0,0,-3000,0,0,0,100000,103000,-3000,-3000
057682,台積電日盛9A購03,0,0,0,0,0,0,0,0,0,-3000,0,0,0,7000,10000,-3000,-3000
059215,台積電元大99購28,0,0,0,0,0,0,0,0,0,-3000,0,0,0,57000,60000,-3000,-3000
059704,聯發科凱基9A購08,0,0,0,0,0,0,0,0,0,-3000,0,0,0,0,3000,-3000,-3000
059515,牧德永豐99購01  ,0,0,0,0,0,0,0,0,0,-3000,0,0,0,18000,21000,-3000,-3000
059508,聯發科永豐99購03,0,0,0,0,0,0,0,0,0,-3000,0,0,0,0,3000,-3000,-3000
059324,智易元大99購04  ,0,0,0,0,0,0,0,0,0,-3000,0,0,0,0,3000,-3000,-3000
056560,旺宏群益98購03  ,0,0,0,0,0,0,0,0,0,-3000,0,0,0,7000,10000,-3000,-3000
056205,貿聯永豐97購01  ,0,0,0,0,0,0,0,0,0,-3000,0,0,0,0,3000,-3000,-3000
056212,台光電國票98購03,0,0,0,0,0,0,0,0,0,-3000,0,0,0,0,3000,-3000,-3000
058104,國巨統一9A購04  ,0,0,0,0,0,0,0,0,0,-3000,0,0,0,12000,15000,-3000,-3000
057167,台積電元大99購03,0,0,0,0,0,0,0,0,0,-3000,0,0,0,0,3000,-3000,-3000
056349,道瓊銀元大9B購01,0,0,0,0,0,0,0,0,0,-3000,0,0,0,0,3000,-3000,-3000
059089,聯發科元大99購19,0,0,0,0,0,0,0,0,0,-3000,0,0,0,0,3000,-3000,-3000
05939P,聯發科凱基96售20,0,0,0,0,0,0,0,0,0,-3000,0,0,0,0,3000,-3000,-3000
05937P,台積電凱基96售21,0,0,0,0,0,0,0,0,0,-3000,0,0,0,0,3000,-3000,-3000
05943P,欣興凱基96售03  ,0,0,0,0,0,0,0,0,0,-3000,0,0,0,0,3000,-3000,-3000
059008,鈺齊元大99購03  ,0,0,0,0,0,0,0,0,0,-3000,0,0,0,0,3000,-3000,-3000
056820,欣興永豐98購02  ,0,0,0,0,0,0,0,0,0,-3000,0,0,0,0,3000,-3000,-3000
056736,國巨凱基99購03  ,0,0,0,0,0,0,0,0,0,-3000,0,0,0,194000,197000,-3000,-3000
056697,緯穎群益98購01  ,0,0,0,0,0,0,0,0,0,-3000,0,0,0,0,3000,-3000,-3000
056193,聯發科富邦99購08,0,0,0,0,0,0,0,0,0,-3000,0,0,0,0,3000,-3000,-3000
056469,國巨元大99購01  ,0,0,0,0,0,0,0,0,0,-3000,0,0,0,0,3000,-3000,-3000
056409,麗豐國票99購01  ,0,0,0,0,0,0,0,0,0,-3000,0,0,0,0,3000,-3000,-3000
2472,立隆電          ,108000,118000,-10000,0,0,0,0,0,0,7000,12000,5000,7000,0,0,0,-3000
2302,麗正            ,0,3000,-3000,0,0,0,0,0,0,0,0,0,0,0,0,0,-3000
1583,程泰            ,0,3000,-3000,0,0,0,0,0,0,0,0,0,0,0,0,0,-3000
1220,台榮            ,0,3000,-3000,0,0,0,0,0,0,0,0,0,0,0,0,0,-3000
1453,大將            ,0,3000,-3000,0,0,0,0,0,0,0,0,0,0,0,0,0,-3000
07655P,台灣50凱基01售09,0,0,0,0,0,0,0,0,0,-3000,0,0,0,0,3000,-3000,-3000
07908P,台積電統一9B售11,0,0,0,0,0,0,0,0,0,-3000,0,0,0,0,3000,-3000,-3000
07926P,上銀統一9B售02  ,0,0,0,0,0,0,0,0,0,-3000,0,0,0,0,3000,-3000,-3000
07758P,台積電國票9A售06,0,0,0,0,0,0,0,0,0,-3000,0,0,0,0,3000,-3000,-3000
06988P,鴻海元富99售09  ,0,0,0,0,0,0,0,0,0,-3000,0,0,0,0,3000,-3000,-3000
07182P,臺股指凱基99售24,0,0,0,0,0,0,0,0,0,-3000,0,0,0,2000,5000,-3000,-3000
07445P,大立光凱基9A售08,0,0,0,0,0,0,0,0,0,-3000,0,0,0,0,3000,-3000,-3000
07283P,華新科凱基99售07,0,0,0,0,0,0,0,0,0,-3000,0,0,0,0,3000,-3000,-3000
07239P,台灣50國票9A售04,0,0,0,0,0,0,0,0,0,-3000,0,0,0,0,3000,-3000,-3000
5264,鎧勝-KY         ,942000,979000,-37000,0,0,0,0,0,0,34000,0,1000,-1000,39000,4000,35000,-3000
5906,台南-KY         ,0,3000,-3000,0,0,0,0,0,0,0,0,0,0,0,0,0,-3000
6464,台數科          ,0,3000,-3000,0,0,0,0,0,0,0,0,0,0,0,0,0,-3000
4439,冠星-KY         ,0,3000,-3000,0,0,0,0,0,0,0,0,0,0,0,0,0,-3000
060975,滬深2X元大01購02,0,0,0,0,0,0,0,0,0,-4000,0,0,0,6000,10000,-4000,-4000
060766,世芯元大9A購02  ,0,0,0,0,0,0,0,0,0,-4000,0,0,0,20000,24000,-4000,-4000
061152,微星群益9A購01  ,0,0,0,0,0,0,0,0,0,-4000,0,0,0,260000,264000,-4000,-4000
061257,上銀凱基9A購06  ,0,0,0,0,0,0,0,0,0,-4000,0,0,0,0,4000,-4000,-4000
060351,滬深2X元富9A購01,0,0,0,0,0,0,0,0,0,-4000,0,0,0,17000,21000,-4000,-4000
060361,南亞科元富9A購03,0,0,0,0,0,0,0,0,0,-4000,0,0,0,109000,113000,-4000,-4000
060095,聯發科元大99購42,0,0,0,0,0,0,0,0,0,-4000,0,0,0,0,4000,-4000,-4000
061592,義隆永豐9A購03  ,0,0,0,0,0,0,0,0,0,-4000,0,0,0,10000,14000,-4000,-4000
061586,智邦富邦9A購02  ,0,0,0,0,0,0,0,0,0,-4000,0,0,0,33000,37000,-4000,-4000
061555,聯電國票9B購01  ,0,0,0,0,0,0,0,0,0,-4000,0,0,0,20000,24000,-4000,-4000
061801,祥碩永豐9B購01  ,0,0,0,0,0,0,0,0,0,-4000,0,0,0,98000,102000,-4000,-4000
06190P,玉晶光永豐97售05,0,0,0,0,0,0,0,0,0,-4000,0,0,0,2000,6000,-4000,-4000
06189P,華新科永豐97售03,0,0,0,0,0,0,0,0,0,-4000,0,0,0,0,4000,-4000,-4000
06600P,貿聯永豐98售01  ,0,0,0,0,0,0,0,0,0,-4000,0,0,0,34000,38000,-4000,-4000
06785P,臺股指元大98售02,0,0,0,0,0,0,0,0,0,-4000,0,0,0,0,4000,-4000,-4000
06299P,可成元大97售04  ,0,0,0,0,0,0,0,0,0,-4000,0,0,0,99000,103000,-4000,-4000
062349,新日興群益9B購02,0,0,0,0,0,0,0,0,0,-4000,0,0,0,0,4000,-4000,-4000
055049,智邦永豐97購01  ,0,0,0,0,0,0,0,0,0,-4000,0,0,0,25000,29000,-4000,-4000
055229,大毅國票97購02  ,0,0,0,0,0,0,0,0,0,-4000,0,0,0,4000,8000,-4000,-4000
055652,聯詠元富01購01  ,0,0,0,0,0,0,0,0,0,-4000,0,0,0,16000,20000,-4000,-4000
055583,國巨元大97購10  ,0,0,0,0,0,0,0,0,0,-4000,0,0,0,92000,96000,-4000,-4000
053610,矽力中信98購01  ,0,0,0,0,0,0,0,0,0,-4000,0,0,0,18000,22000,-4000,-4000
053630,奇鋐兆豐97購01  ,0,0,0,0,0,0,0,0,0,-4000,0,0,0,14000,18000,-4000,-4000
053274,旺宏元大98購03  ,0,0,0,0,0,0,0,0,0,-4000,0,0,0,0,4000,-4000,-4000
046937,聯電元大99購01  ,0,0,0,0,0,0,0,0,0,-4000,0,0,0,12000,16000,-4000,-4000
047687,元金2X富邦96購01,0,0,0,0,0,0,0,0,0,-4000,0,0,0,0,4000,-4000,-4000
048263,台積電元富95購01,0,0,0,0,0,0,0,0,0,-4000,0,0,0,335000,339000,-4000,-4000
052729,國巨國泰97購03  ,0,0,0,0,0,0,0,0,0,-4000,0,0,0,0,4000,-4000,-4000
051268,創意富邦97購01  ,0,0,0,0,0,0,0,0,0,-4000,0,0,0,0,4000,-4000,-4000
03681C,台灣50凱基02牛02,0,0,0,0,0,0,0,0,0,-4000,0,0,0,0,4000,-4000,-4000
0057,富邦摩台        ,0,0,0,0,0,0,0,0,0,-4000,0,0,0,30000,34000,-4000,-4000
00735,國泰臺韓科技    ,45000,0,45000,0,0,0,0,0,0,-49000,0,0,0,169000,218000,-49000,-4000
049442,滬深2X統一99購01,0,0,0,0,0,0,0,0,0,-4000,0,0,0,0,4000,-4000,-4000
056192,智邦富邦98購01  ,0,0,0,0,0,0,0,0,0,-4000,0,0,0,0,4000,-4000,-4000
059021,台積電統一9B購07,0,0,0,0,0,0,0,0,0,-4000,0,0,0,6000,10000,-4000,-4000
057152,緯穎國票99購03  ,0,0,0,0,0,0,0,0,0,-4000,0,0,0,6000,10000,-4000,-4000
057097,致新元富98購01  ,0,0,0,0,0,0,0,0,0,-4000,0,0,0,2000,6000,-4000,-4000
057028,台郡凱基99購02  ,0,0,0,0,0,0,0,0,0,-4000,0,0,0,1000,5000,-4000,-4000
059323,新日興元大99購02,0,0,0,0,0,0,0,0,0,-4000,0,0,0,3000,7000,-4000,-4000
059509,奇力新永豐99購02,0,0,0,0,0,0,0,0,0,-4000,0,0,0,0,4000,-4000,-4000
059466,國巨元大99購26  ,0,0,0,0,0,0,0,0,0,-4000,0,0,0,0,4000,-4000,-4000
059635,華新科凱基9A購06,0,0,0,0,0,0,0,0,0,-4000,0,0,0,0,4000,-4000,-4000
059788,華新科元大9A購05,0,0,0,0,0,0,0,0,0,-4000,0,0,0,0,4000,-4000,-4000
059979,台積電元大99購49,0,0,0,0,0,0,0,0,0,-4000,0,0,0,47000,51000,-4000,-4000
057503,世紀鋼群益98購02,0,0,0,0,0,0,0,0,0,-4000,0,0,0,0,4000,-4000,-4000
057735,台灣50富邦9C購02,0,0,0,0,0,0,0,0,0,-4000,0,0,0,0,4000,-4000,-4000
058911,茂林元大99購04  ,0,0,0,0,0,0,0,0,0,-4000,0,0,0,56000,60000,-4000,-4000
057278,可成元大98購06  ,0,0,0,0,0,0,0,0,0,-4000,0,0,0,76000,80000,-4000,-4000
3701,大眾控          ,0,4000,-4000,0,0,0,0,0,0,0,0,0,0,0,0,0,-4000
6641,基士德-KY       ,2000,6000,-4000,0,0,0,0,0,0,0,0,0,0,0,0,0,-4000
8443,阿瘦            ,0,4000,-4000,0,0,0,0,0,0,0,0,0,0,0,0,0,-4000
06995P,臺股指凱基99售16,0,0,0,0,0,0,0,0,0,-4000,0,0,0,0,4000,-4000,-4000
07817P,同欣電群益9A售02,0,0,0,0,0,0,0,0,0,-4000,0,0,0,40000,44000,-4000,-4000
07912P,玉晶光統一9B售02,0,0,0,0,0,0,0,0,0,-4000,0,0,0,0,4000,-4000,-4000
07870P,鴻海群益9B售01  ,0,0,0,0,0,0,0,0,0,-4000,0,0,0,0,4000,-4000,-4000
07632P,臺股指凱基9A售14,0,0,0,0,0,0,0,0,0,-4000,0,0,0,0,4000,-4000,-4000
07658P,國泰金凱基9A售01,0,0,0,0,0,0,0,0,0,-4000,0,0,0,10000,14000,-4000,-4000
07574P,國巨元大9A售12  ,0,0,0,0,0,0,0,0,0,-4000,0,0,0,4000,8000,-4000,-4000
1413,宏洲            ,0,4000,-4000,0,0,0,0,0,0,0,0,0,0,0,0,0,-4000
1541,錩泰            ,11000,15000,-4000,0,0,0,0,0,0,0,0,0,0,0,0,0,-4000
1324,地球            ,0,4000,-4000,0,0,0,0,0,0,0,0,0,0,0,0,0,-4000
07948P,大成鋼凱基9B售01,0,0,0,0,0,0,0,0,0,-4000,0,0,0,20000,24000,-4000,-4000
2236,百達-KY         ,0,4000,-4000,0,0,0,0,0,0,0,0,0,0,0,0,0,-4000
062331,大立光統一9B購10,0,0,0,0,0,0,0,0,0,-5000,0,0,0,0,5000,-5000,-5000
062378,台表科元大9C購01,0,0,0,0,0,0,0,0,0,-5000,0,0,0,39000,44000,-5000,-5000
062316,康控凱基9B購03  ,0,0,0,0,0,0,0,0,0,-5000,0,0,0,20000,25000,-5000,-5000
062211,玉晶光台新9B購01,0,0,0,0,0,0,0,0,0,-5000,0,0,0,53000,58000,-5000,-5000
062180,瑞昱元大9B購03  ,0,0,0,0,0,0,0,0,0,-5000,0,0,0,4000,9000,-5000,-5000
062185,禾伸堂元大9B購01,0,0,0,0,0,0,0,0,0,-5000,0,0,0,0,5000,-5000,-5000
062203,燿華國票9C購01  ,0,0,0,0,0,0,0,0,0,-5000,0,0,0,0,5000,-5000,-5000
06729P,聯詠元大98售03  ,0,0,0,0,0,0,0,0,0,-5000,0,0,0,0,5000,-5000,-5000
06690P,玉晶光群益9A售05,0,0,0,0,0,0,0,0,0,-5000,0,0,0,0,5000,-5000,-5000
06539P,聯發科凱基98售12,0,0,0,0,0,0,0,0,0,-5000,0,0,0,0,5000,-5000,-5000
06661P,玉晶光永豐98售05,0,0,0,0,0,0,0,0,0,-5000,0,0,0,0,5000,-5000,-5000
06654P,欣興元大98售08  ,0,0,0,0,0,0,0,0,0,-5000,0,0,0,100000,105000,-5000,-5000
06492P,上銀永豐98售01  ,0,0,0,0,0,0,0,0,0,-5000,0,0,0,0,5000,-5000,-5000
06455P,上銀統一99售03  ,0,0,0,0,0,0,0,0,0,-5000,0,0,0,0,5000,-5000,-5000
061955,FANG+統一9B購01 ,0,0,0,0,0,0,0,0,0,-5000,0,0,0,0,5000,-5000,-5000
061987,大立光元大9B購03,0,0,0,0,0,0,0,0,0,-5000,0,0,0,0,5000,-5000,-5000
061714,華新科凱基9A購15,0,0,0,0,0,0,0,0,0,-5000,0,0,0,0,5000,-5000,-5000
061448,旺宏中信9A購02  ,0,0,0,0,0,0,0,0,0,-5000,0,0,0,20000,25000,-5000,-5000
061470,鈺齊群益9A購02  ,0,0,0,0,0,0,0,0,0,-5000,0,0,0,0,5000,-5000,-5000
061474,瑞昱元大9A購04  ,0,0,0,0,0,0,0,0,0,-5000,0,0,0,59000,64000,-5000,-5000
061502,嘉澤國票9A購02  ,0,0,0,0,0,0,0,0,0,-5000,0,0,0,31000,36000,-5000,-5000
060073,台積電元富99購03,0,0,0,0,0,0,0,0,0,-5000,0,0,0,10000,15000,-5000,-5000
060183,南亞科元富9A購01,0,0,0,0,0,0,0,0,0,-5000,0,0,0,15000,20000,-5000,-5000
060346,華新科統一01購01,0,0,0,0,0,0,0,0,0,-5000,0,0,0,32000,37000,-5000,-5000
060314,元翎永豐9A購01  ,0,0,0,0,0,0,0,0,0,-5000,0,0,0,0,5000,-5000,-5000
060221,大立光凱基9A購07,0,0,0,0,0,0,0,0,0,-5000,0,0,0,2000,7000,-5000,-5000
060399,康友國票9A購02  ,0,0,0,0,0,0,0,0,0,-5000,0,0,0,11000,16000,-5000,-5000
060420,神基永豐9A購01  ,0,0,0,0,0,0,0,0,0,-5000,0,0,0,0,5000,-5000,-5000
060662,旺宏凱基9A購03  ,0,0,0,0,0,0,0,0,0,-5000,0,0,0,0,5000,-5000,-5000
061239,聯發科兆豐9A購01,0,0,0,0,0,0,0,0,0,-5000,0,0,0,0,5000,-5000,-5000
061203,國巨元大9A購15  ,0,0,0,0,0,0,0,0,0,-5000,0,0,0,90000,95000,-5000,-5000
06117P,臺股指日盛97售02,0,0,0,0,0,0,0,0,0,-5000,0,0,0,0,5000,-5000,-5000
061120,台積電永豐9A購03,0,0,0,0,0,0,0,0,0,-5000,0,0,0,0,5000,-5000,-5000
061137,晶技統一9B購01  ,0,0,0,0,0,0,0,0,0,-5000,0,0,0,18000,23000,-5000,-5000
060751,高股息元大9B購01,0,0,0,0,0,0,0,0,0,-5000,0,0,0,0,5000,-5000,-5000
060846,欣興國票9A購02  ,0,0,0,0,0,0,0,0,0,-5000,0,0,0,0,5000,-5000,-5000
060815,茂林凱基9B購01  ,0,0,0,0,0,0,0,0,0,-5000,0,0,0,0,5000,-5000,-5000
060955,大立光群益9A購02,0,0,0,0,0,0,0,0,0,-5000,0,0,0,0,5000,-5000,-5000
060947,台積電統一9C購03,0,0,0,0,0,0,0,0,0,-5000,0,0,0,0,5000,-5000,-5000
0054,元大台商50      ,0,0,0,0,0,0,0,0,0,-5000,0,0,0,0,5000,-5000,-5000
03427B,臺股指元大9A熊02,0,0,0,0,0,0,0,0,0,-5000,0,0,0,0,5000,-5000,-5000
050842,旺宏國票97購01  ,0,0,0,0,0,0,0,0,0,-5000,0,0,0,0,5000,-5000,-5000
052695,台表科中信98購01,0,0,0,0,0,0,0,0,0,-5000,0,0,0,80000,85000,-5000,-5000
04771P,友達元大96售02  ,0,0,0,0,0,0,0,0,0,-5000,0,0,0,20000,25000,-5000,-5000
053339,友達國票97購02  ,0,0,0,0,0,0,0,0,0,-5000,0,0,0,100000,105000,-5000,-5000
051658,深中小國泰97購01,0,0,0,0,0,0,0,0,0,-5000,0,0,0,0,5000,-5000,-5000
051603,深中小群益99購03,0,0,0,0,0,0,0,0,0,-5000,0,0,0,0,5000,-5000,-5000
054118,國巨永豐96購04  ,0,0,0,0,0,0,0,0,0,-5000,0,0,0,5000,10000,-5000,-5000
055348,旺宏凱基97購01  ,0,0,0,0,0,0,0,0,0,-5000,0,0,0,15000,20000,-5000,-5000
055808,世紀鋼永豐97購01,0,0,0,0,0,0,0,0,0,-5000,0,0,0,5000,10000,-5000,-5000
055367,台積電元大97購23,0,0,0,0,0,0,0,0,0,-5000,0,0,0,0,5000,-5000,-5000
055993,致茂國泰99購01  ,0,0,0,0,0,0,0,0,0,-5000,0,0,0,0,5000,-5000,-5000
054652,裕隆麥證97購01  ,0,0,0,0,5000,-5000,0,0,0,-5000,0,0,0,0,5000,-5000,-5000
051488,健策凱基96購04  ,0,0,0,0,0,0,0,0,0,-5000,0,0,0,166000,171000,-5000,-5000
052069,聯茂兆豐96購01  ,0,0,0,0,0,0,0,0,0,-5000,0,0,0,5000,10000,-5000,-5000
053601,台表科元大98購01,0,0,0,0,0,0,0,0,0,-5000,0,0,0,0,5000,-5000,-5000
054057,晶豪科國票97購01,0,0,0,0,0,0,0,0,0,-5000,0,0,0,0,5000,-5000,-5000
054095,同欣電群益98購03,0,0,0,0,0,0,0,0,0,-5000,0,0,0,0,5000,-5000,-5000
054017,茂林永豐96購02  ,0,0,0,0,0,0,0,0,0,-5000,0,0,0,30000,35000,-5000,-5000
053969,瑞昱元大97購01  ,0,0,0,0,0,0,0,0,0,-5000,0,0,0,0,5000,-5000,-5000
053391,嘉聯益元大99購01,0,0,0,0,0,0,0,0,0,-5000,0,0,0,0,5000,-5000,-5000
054554,大立光凱基98購02,0,0,0,0,0,0,0,0,0,-5000,0,0,0,0,5000,-5000,-5000
054396,日電貿永豐96購02,0,0,0,0,0,0,0,0,0,-5000,0,0,0,0,5000,-5000,-5000
054830,世芯國泰99購01  ,0,0,0,0,0,0,0,0,0,-5000,0,0,0,0,5000,-5000,-5000
054940,台積電元大97購16,0,0,0,0,0,0,0,0,0,-5000,0,0,0,0,5000,-5000,-5000
05519P,上証2X凱基98售01,0,0,0,0,0,0,0,0,0,-5000,0,0,0,0,5000,-5000,-5000
058592,聯發科統一9C購01,0,0,0,0,0,0,0,0,0,-5000,0,0,0,0,5000,-5000,-5000
058602,台積電元大99購11,0,0,0,0,0,0,0,0,0,-5000,0,0,0,0,5000,-5000,-5000
058304,鴻海元大99購12  ,0,0,0,0,0,0,0,0,0,-5000,0,0,0,0,5000,-5000,-5000
058374,玉晶光凱基9A購03,0,0,0,0,0,0,0,0,0,-5000,0,0,0,48000,53000,-5000,-5000
056642,旺宏凱基98購07  ,0,0,0,0,0,0,0,0,0,-5000,0,0,0,0,5000,-5000,-5000
058006,台郡群益98購04  ,0,0,0,0,0,0,0,0,0,-5000,0,0,0,15000,20000,-5000,-5000
058046,國巨元大9A購01  ,0,0,0,0,0,0,0,0,0,-5000,0,0,0,0,5000,-5000,-5000
058939,台積電中信9B購01,0,0,0,0,0,0,0,0,0,-5000,0,0,0,0,5000,-5000,-5000
057750,神達國票99購01  ,0,0,0,0,0,0,0,0,0,-5000,0,0,0,0,5000,-5000,-5000
05915P,聯發科元大96售19,0,0,0,0,0,0,0,0,0,-5000,0,0,0,1000,6000,-5000,-5000
059165,南亞科凱基99購04,0,0,0,0,0,0,0,0,0,-5000,0,0,0,0,5000,-5000,-5000
059234,台灣50凱基9C購03,0,0,0,0,0,0,0,0,0,-5000,0,0,0,0,5000,-5000,-5000
059174,訊芯凱基99購01  ,0,0,0,0,0,0,0,0,0,-5000,0,0,0,0,5000,-5000,-5000
059881,臺股指凱基99購46,0,0,0,0,0,0,0,0,0,-5000,0,0,0,10000,15000,-5000,-5000
059854,台表科永豐99購03,0,0,0,0,0,0,0,0,0,-5000,0,0,0,10000,15000,-5000,-5000
059540,新光金日盛99購01,0,0,0,0,0,0,0,0,0,-5000,0,0,0,0,5000,-5000,-5000
057431,京鼎兆豐98購02  ,0,0,0,0,0,0,0,0,0,-5000,0,0,0,20000,25000,-5000,-5000
056511,超眾永豐98購01  ,0,0,0,0,0,0,0,0,0,-5000,0,0,0,82000,87000,-5000,-5000
057848,台表科永豐98購02,0,0,0,0,0,0,0,0,0,-5000,0,0,0,0,5000,-5000,-5000
056378,欣興元富98購01  ,0,0,0,0,0,0,0,0,0,-5000,0,0,0,9000,14000,-5000,-5000
059415,台灣50元大9A購03,0,0,0,0,0,0,0,0,0,-5000,0,0,0,5000,10000,-5000,-5000
059036,可成群益9B購03  ,0,0,0,0,0,0,0,0,0,-5000,0,0,0,5000,10000,-5000,-5000
059052,為升凱基99購01  ,0,0,0,0,0,0,0,0,0,-5000,0,0,0,20000,25000,-5000,-5000
059127,國巨中信99購04  ,0,0,0,0,0,0,0,0,0,-5000,0,0,0,11000,16000,-5000,-5000
059133,臺股指群益99購08,0,0,0,0,0,0,0,0,0,-5000,0,0,0,10000,15000,-5000,-5000
059122,超眾永豐99購01  ,0,0,0,0,0,0,0,0,0,-5000,0,0,0,0,5000,-5000,-5000
059091,中信金元大99購01,0,0,0,0,0,0,0,0,0,-5000,0,0,0,0,5000,-5000,-5000
05646P,聯發科國票96售05,0,0,0,0,0,0,0,0,0,-5000,0,0,0,7000,12000,-5000,-5000
056475,宏達電元大99購02,0,0,0,0,0,0,0,0,0,-5000,0,0,0,0,5000,-5000,-5000
058682,聯發科凱基99購07,0,0,0,0,0,0,0,0,0,-5000,0,0,0,0,5000,-5000,-5000
056067,智原元大97購01  ,0,0,0,0,0,0,0,0,0,-5000,0,0,0,8000,13000,-5000,-5000
056674,華邦電元富98購01,0,0,0,0,0,0,0,0,0,-5000,0,0,0,98000,103000,-5000,-5000
056607,貿聯富邦99購02  ,0,0,0,0,0,0,0,0,0,-5000,0,0,0,0,5000,-5000,-5000
056980,建準群益98購02  ,0,0,0,0,0,0,0,0,0,-5000,0,0,0,62000,67000,-5000,-5000
056953,智邦富邦98購02  ,0,0,0,0,0,0,0,0,0,-5000,0,0,0,0,5000,-5000,-5000
1516,川飛            ,0,5000,-5000,0,0,0,0,0,0,0,0,0,0,0,0,0,-5000
1436,華友聯          ,0,5000,-5000,0,0,0,0,0,0,0,0,0,0,0,0,0,-5000
1441,大東            ,0,5000,-5000,0,0,0,0,0,0,0,0,0,0,0,0,0,-5000
2923,鼎固-KY         ,1000,6000,-5000,0,0,0,0,0,0,0,0,0,0,0,0,0,-5000
07525P,臺股指中信9B售07,0,0,0,0,0,0,0,0,0,-5000,0,0,0,0,5000,-5000,-5000
07664P,台灣50元大9C售30,0,0,0,0,0,0,0,0,0,-5000,0,0,0,5000,10000,-5000,-5000
07814P,華通群益9A售06  ,0,0,0,0,0,0,0,0,0,-5000,0,0,0,6000,11000,-5000,-5000
06957P,FBVIX凱基01售01 ,0,0,0,0,0,0,0,0,0,-5000,0,0,0,0,5000,-5000,-5000
06969P,上銀元大99售02  ,0,0,0,0,0,0,0,0,0,-5000,0,0,0,0,5000,-5000,-5000
06999P,玉晶光國票9B售01,0,0,0,0,0,0,0,0,0,-5000,0,0,0,3000,8000,-5000,-5000
07183P,臺股指凱基99售25,0,0,0,0,0,0,0,0,0,-5000,0,0,0,0,5000,-5000,-5000
07190P,臺股指富邦9C售02,0,0,0,0,0,0,0,0,0,-5000,0,0,0,5000,10000,-5000,-5000
07329P,台灣50群益9A售07,0,0,0,0,0,0,0,0,0,-5000,0,0,0,0,5000,-5000,-5000
8466,美吉吉-KY       ,2000,7000,-5000,0,0,0,0,0,0,0,0,0,0,0,0,0,-5000
9912,偉聯            ,0,5000,-5000,0,0,0,0,0,0,0,0,0,0,0,0,0,-5000
9188,精熙-DR         ,0,5000,-5000,0,0,0,0,0,0,0,0,0,0,0,0,0,-5000
6666,羅麗芬-KY       ,12000,17000,-5000,0,0,0,0,0,0,0,0,0,0,0,0,0,-5000
3416,融程電          ,1000,6000,-5000,0,0,0,0,0,0,0,0,0,0,0,0,0,-5000
3528,安馳            ,0,5000,-5000,0,0,0,0,0,0,0,0,0,0,0,0,0,-5000
060886,國巨統一01購03  ,0,0,0,0,0,0,0,0,0,-6000,0,0,0,25000,31000,-6000,-6000
060981,旺宏元大9A購08  ,0,0,0,0,0,0,0,0,0,-6000,0,0,0,39000,45000,-6000,-6000
061180,華擎凱基9B購01  ,0,0,0,0,0,0,0,0,0,-6000,0,0,0,0,6000,-6000,-6000
061038,TPK永豐9A購01   ,0,0,0,0,0,0,0,0,0,-6000,0,0,0,14000,20000,-6000,-6000
061243,麗豐兆豐9A購01  ,0,0,0,0,0,0,0,0,0,-6000,0,0,0,0,6000,-6000,-6000
061364,國巨國票9A購09  ,0,0,0,0,0,0,0,0,0,-6000,0,0,0,140000,146000,-6000,-6000
060655,國巨統一9B購06  ,0,0,0,0,0,0,0,0,0,-6000,0,0,0,169000,175000,-6000,-6000
060469,台勝科元大9A購02,0,0,0,0,0,0,0,0,0,-6000,0,0,0,34000,40000,-6000,-6000
060364,奇力新元富9A購01,0,0,0,0,0,0,0,0,0,-6000,0,0,0,94000,100000,-6000,-6000
061874,義隆元大9B購02  ,0,0,0,0,0,0,0,0,0,-6000,0,0,0,0,6000,-6000,-6000
06438P,玉晶光國票99售02,0,0,0,0,0,0,0,0,0,-6000,0,0,0,0,6000,-6000,-6000
06688P,鴻海中信02售01  ,0,0,0,0,0,0,0,0,0,-6000,0,0,0,0,6000,-6000,-6000
06735P,奇力新凱基98售07,0,0,0,0,0,0,0,0,0,-6000,0,0,0,0,6000,-6000,-6000
062384,聯詠國泰9C購01  ,0,0,0,0,0,0,0,0,0,-6000,0,0,0,0,6000,-6000,-6000
055429,華新科群益99購01,0,0,0,0,0,0,0,0,0,-6000,0,0,0,0,6000,-6000,-6000
055521,S&P反1群益01購01,0,0,0,0,0,0,0,0,0,-6000,0,0,0,0,6000,-6000,-6000
054413,台光電元大96購03,0,0,0,0,0,0,0,0,0,-6000,0,0,0,0,6000,-6000,-6000
054756,世紀鋼凱基99購01,0,0,0,0,0,0,0,0,0,-6000,0,0,0,11000,17000,-6000,-6000
053811,國巨群益98購02  ,0,0,0,0,0,0,0,0,0,-6000,0,0,0,60000,66000,-6000,-6000
051849,旺宏中信98購01  ,0,0,0,0,0,0,0,0,0,-6000,0,0,0,9000,15000,-6000,-6000
052383,臺股指元大95購29,0,0,0,0,0,0,0,0,0,-6000,0,0,0,0,6000,-6000,-6000
05138P,嘉聯益凱基96售02,0,0,0,0,0,0,0,0,0,-6000,0,0,0,0,6000,-6000,-6000
053285,臺股指元大96購08,0,0,0,0,0,0,0,0,0,-6000,0,0,0,0,6000,-6000,-6000
03424B,臺股指元大96熊26,0,0,0,0,0,0,0,0,0,-6000,0,0,0,0,6000,-6000,-6000
03050X,元展47          ,0,0,0,0,0,0,0,0,0,-6000,0,0,0,20000,26000,-6000,-6000
00676R,富邦臺灣加權反1 ,0,0,0,0,0,0,0,0,0,-6000,0,0,0,1113000,1119000,-6000,-6000
049254,台積電元大96購02,0,0,0,0,0,0,0,0,0,-6000,0,0,0,0,6000,-6000,-6000
05725P,嘉聯益永豐96售02,0,0,0,0,0,0,0,0,0,-6000,0,0,0,0,6000,-6000,-6000
056016,鴻海群益97購06  ,0,0,0,0,0,0,0,0,0,-6000,0,0,0,0,6000,-6000,-6000
056196,聯茂富邦98購02  ,0,0,0,0,0,0,0,0,0,-6000,0,0,0,20000,26000,-6000,-6000
059329,台灣50國票99購09,0,0,0,0,0,0,0,0,0,-6000,0,0,0,0,6000,-6000,-6000
059317,台積電元大99購34,0,0,0,0,0,0,0,0,0,-6000,0,0,0,0,6000,-6000,-6000
059306,台灣50元大99購03,0,0,0,0,0,0,0,0,0,-6000,0,0,0,0,6000,-6000,-6000
059485,台灣50兆豐99購02,0,0,0,0,0,0,0,0,0,-6000,0,0,0,0,6000,-6000,-6000
059871,義隆凱基99購03  ,0,0,0,0,0,0,0,0,0,-6000,0,0,0,0,6000,-6000,-6000
059816,聯電凱基99購03  ,0,0,0,0,0,0,0,0,0,-6000,0,0,0,5000,11000,-6000,-6000
059691,大立光永豐99購02,0,0,0,0,0,0,0,0,0,-6000,0,0,0,4000,10000,-6000,-6000
059190,欣興富邦9A購01  ,0,0,0,0,0,0,0,0,0,-6000,0,0,0,3000,9000,-6000,-6000
059250,大立光凱基99購06,0,0,0,0,0,0,0,0,0,-6000,0,0,0,4000,10000,-6000,-6000
059245,聯發科凱基9A購03,0,0,0,0,0,0,0,0,0,-6000,0,0,0,0,6000,-6000,-6000
058924,晶相光元富99購02,0,0,0,0,0,0,0,0,0,-6000,0,0,0,0,6000,-6000,-6000
058821,泰鼎國泰9B購01  ,0,0,0,0,0,0,0,0,0,-6000,0,0,0,5000,11000,-6000,-6000
3346,麗清            ,89000,95000,-6000,0,0,0,0,0,0,0,0,0,0,0,0,0,-6000
4560,強信-KY         ,119000,125000,-6000,0,0,0,0,0,0,0,0,0,0,0,0,0,-6000
5007,三星            ,13000,19000,-6000,0,0,0,0,0,0,0,0,0,0,0,0,0,-6000
6671,三能-KY         ,0,6000,-6000,0,0,0,0,0,0,0,0,0,0,0,0,0,-6000
6655,科定            ,2000,8000,-6000,0,0,0,0,0,0,0,0,0,0,0,0,0,-6000
6405,悅城            ,0,6000,-6000,0,0,0,0,0,0,0,0,0,0,0,0,0,-6000
6142,友勁            ,0,52000,-52000,0,0,0,0,0,0,46000,46000,0,46000,0,0,0,-6000
6205,詮欣            ,1000,7000,-6000,0,0,0,0,0,0,0,0,0,0,0,0,0,-6000
8940,新天地          ,0,6000,-6000,0,0,0,0,0,0,0,0,0,0,0,0,0,-6000
8499,鼎炫-KY         ,17000,23000,-6000,0,0,0,0,0,0,0,0,0,0,0,0,0,-6000
8201,無敵            ,1000,7000,-6000,0,0,0,0,0,0,0,0,0,0,0,0,0,-6000
07138P,台灣50群益9B售04,0,0,0,0,0,0,0,0,0,-6000,0,0,0,0,6000,-6000,-6000
07550P,國巨元大9A售09  ,0,0,0,0,0,0,0,0,0,-6000,0,0,0,0,6000,-6000,-6000
3025,星通            ,0,6000,-6000,0,0,0,0,0,0,0,0,0,0,0,0,0,-6000
1463,強盛            ,0,6000,-6000,0,0,0,0,0,0,0,0,0,0,0,0,0,-6000
2007,燁興            ,0,6000,-6000,0,0,0,0,0,0,0,0,0,0,0,0,0,-6000
1616,億泰            ,0,6000,-6000,0,0,0,0,0,0,0,0,0,0,0,0,0,-6000
1776,展宇            ,0,6000,-6000,0,0,0,0,0,0,0,0,0,0,0,0,0,-6000
062256,聯發科元大9B購08,0,0,0,0,0,0,0,0,0,-7000,0,0,0,5000,12000,-7000,-7000
062289,緯穎群益9B購01  ,0,0,0,0,0,0,0,0,0,-7000,0,0,0,0,7000,-7000,-7000
06727P,台光電元大98售05,0,0,0,0,0,0,0,0,0,-7000,0,0,0,100000,107000,-7000,-7000
06684P,緯穎元大98售06  ,0,0,0,0,0,0,0,0,0,-7000,0,0,0,20000,27000,-7000,-7000
06846P,美律元大98售05  ,0,0,0,0,0,0,0,0,0,-7000,0,0,0,0,7000,-7000,-7000
06417P,台積電兆豐97售03,0,0,0,0,0,0,0,0,0,-7000,0,0,0,0,7000,-7000,-7000
061702,奇鋐國票9A購02  ,0,0,0,0,0,0,0,0,0,-7000,0,0,0,0,7000,-7000,-7000
061585,台積電富邦9B購06,0,0,0,0,0,0,0,0,0,-7000,0,0,0,0,7000,-7000,-7000
061658,聯茂富邦9A購03  ,0,0,0,0,0,0,0,0,0,-7000,0,0,0,35000,42000,-7000,-7000
060168,台表科永豐9A購01,0,0,0,0,0,0,0,0,0,-7000,0,0,0,20000,27000,-7000,-7000
061236,台積電元大9A購24,0,0,0,0,0,0,0,0,0,-7000,0,0,0,0,7000,-7000,-7000
061269,嘉澤凱基9A購01  ,0,0,0,0,0,0,0,0,0,-7000,0,0,0,1000,8000,-7000,-7000
060756,鴻海元大9A購16  ,0,0,0,0,0,0,0,0,0,-7000,0,0,0,0,7000,-7000,-7000
03033X,元展30          ,0,0,0,0,0,0,0,0,0,-7000,0,0,0,1000,8000,-7000,-7000
03421B,臺股指元大99熊01,0,0,0,0,0,0,0,0,0,-7000,0,0,0,0,7000,-7000,-7000
055974,上銀統一97購05  ,0,0,0,0,0,0,0,0,0,-7000,0,0,0,0,7000,-7000,-7000
055935,創意群益97購02  ,0,0,0,0,0,0,0,0,0,-7000,0,0,0,0,7000,-7000,-7000
053054,禾伸堂國票97購01,0,0,0,0,0,0,0,0,0,-7000,0,0,0,0,7000,-7000,-7000
055459,建準永豐97購03  ,0,0,0,0,0,0,0,0,0,-7000,0,0,0,30000,37000,-7000,-7000
058593,大立光統一9B購02,0,0,0,0,0,0,0,0,0,-7000,0,0,0,0,7000,-7000,-7000
059219,旺宏元大99購12  ,0,0,0,0,0,0,0,0,0,-7000,0,0,0,0,7000,-7000,-7000
059149,臺股指國票99購12,0,0,0,0,0,0,0,0,0,-7000,0,0,0,0,7000,-7000,-7000
058630,日月光國票9A購01,0,0,0,0,0,0,0,0,0,-7000,0,0,0,31000,38000,-7000,-7000
059886,可成國票99購04  ,0,0,0,0,0,0,0,0,0,-7000,0,0,0,5000,12000,-7000,-7000
059869,友達凱基99購07  ,0,0,0,0,0,0,0,0,0,-7000,0,0,0,189000,196000,-7000,-7000
060011,臺股指群益9C購06,0,0,0,0,0,0,0,0,0,-7000,0,0,0,14000,21000,-7000,-7000
058792,鴻海元大99購18  ,0,0,0,0,0,0,0,0,0,-7000,0,0,0,135000,142000,-7000,-7000
058685,TPK凱基99購01   ,0,0,0,0,0,0,0,0,0,-7000,0,0,0,152000,159000,-7000,-7000
056838,旺宏元富98購01  ,0,0,0,0,0,0,0,0,0,-7000,0,0,0,20000,27000,-7000,-7000
05661P,聯發科統一96售06,0,0,0,0,0,0,0,0,0,-7000,0,0,0,0,7000,-7000,-7000
058480,新日興凱基9A購01,0,0,0,0,0,0,0,0,0,-7000,0,0,0,66000,73000,-7000,-7000
1456,怡華            ,0,7000,-7000,0,0,0,0,0,0,0,0,0,0,0,0,0,-7000
1219,福壽            ,0,7000,-7000,0,0,0,0,0,0,0,0,0,0,0,0,0,-7000
3229,晟鈦            ,0,7000,-7000,0,0,0,0,0,0,0,0,0,0,0,0,0,-7000
2739,寒舍            ,0,7000,-7000,0,0,0,0,0,0,0,0,0,0,0,0,0,-7000
2491,吉祥全          ,0,7000,-7000,0,0,0,0,0,0,0,0,0,0,0,0,0,-7000
2497,怡利電          ,3000,10000,-7000,0,0,0,0,0,0,0,0,0,0,0,0,0,-7000
07702P,台積電中信9A售06,0,0,0,0,0,0,0,0,0,-7000,0,0,0,0,7000,-7000,-7000
07940P,國巨群益9B售06  ,0,0,0,0,0,0,0,0,0,-7000,0,0,0,0,7000,-7000,-7000
07938P,國巨統一9B售10  ,0,0,0,0,0,0,0,0,0,-7000,0,0,0,7000,14000,-7000,-7000
07352P,台積電國票99售11,0,0,0,0,0,0,0,0,0,-7000,0,0,0,64000,71000,-7000,-7000
9906,欣巴巴          ,1000,8000,-7000,0,0,0,0,0,0,0,0,0,0,0,0,0,-7000
6674,鋐寶科技        ,0,7000,-7000,0,0,0,0,0,0,0,0,0,0,0,0,0,-7000
4562,穎漢            ,0,7000,-7000,0,0,0,0,0,0,0,0,0,0,0,0,0,-7000
3383,新世紀          ,0,7000,-7000,0,0,0,0,0,0,0,0,0,0,0,0,0,-7000
3432,台端            ,0,7000,-7000,0,0,0,0,0,0,0,0,0,0,0,0,0,-7000
060943,宏達電國票9B購02,0,0,0,0,0,0,0,0,0,-8000,0,0,0,13000,21000,-8000,-8000
061018,台積電國票9B購05,0,0,0,0,0,0,0,0,0,-8000,0,0,0,33000,41000,-8000,-8000
060524,國巨中信9A購03  ,0,0,0,0,0,0,0,0,0,-8000,0,0,0,10000,18000,-8000,-8000
060534,友達麥證9A購01  ,0,0,0,90000,98000,-8000,0,0,0,-8000,0,0,0,90000,98000,-8000,-8000
060416,神隆永豐9A購01  ,0,0,0,0,0,0,0,0,0,-8000,0,0,0,153000,161000,-8000,-8000
060634,矽創富邦9B購01  ,0,0,0,0,0,0,0,0,0,-8000,0,0,0,79000,87000,-8000,-8000
060604,宏達電凱基9B購01,0,0,0,0,0,0,0,0,0,-8000,0,0,0,0,8000,-8000,-8000
061619,大立光群益9B購01,0,0,0,0,0,0,0,0,0,-8000,0,0,0,0,8000,-8000,-8000
061599,元金反中信9C購01,0,0,0,0,0,0,0,0,0,-8000,0,0,0,5000,13000,-8000,-8000
061573,義隆元大9A購02  ,0,0,0,0,0,0,0,0,0,-8000,0,0,0,0,8000,-8000,-8000
061581,貿聯元大9A購05  ,0,0,0,0,0,0,0,0,0,-8000,0,0,0,12000,20000,-8000,-8000
061403,滬深2X國票9A購06,0,0,0,0,0,0,0,0,0,-8000,0,0,0,0,8000,-8000,-8000
061767,信邦元大9B購01  ,0,0,0,0,0,0,0,0,0,-8000,0,0,0,16000,24000,-8000,-8000
061847,力山國票9B購01  ,0,0,0,0,0,0,0,0,0,-8000,0,0,0,16000,24000,-8000,-8000
061876,明泰元大9B購01  ,0,0,0,0,0,0,0,0,0,-8000,0,0,0,28000,36000,-8000,-8000
061870,智邦元大9B購02  ,0,0,0,0,0,0,0,0,0,-8000,0,0,0,43000,51000,-8000,-8000
061865,力山元大9B購01  ,0,0,0,0,0,0,0,0,0,-8000,0,0,0,22000,30000,-8000,-8000
06377P,華通統一97售04  ,0,0,0,0,0,0,0,0,0,-8000,0,0,0,0,8000,-8000,-8000
062111,台勝科國票9B購01,0,0,0,0,0,0,0,0,0,-8000,0,0,0,0,8000,-8000,-8000
062160,南六凱基9B購01  ,0,0,0,0,0,0,0,0,0,-8000,0,0,0,0,8000,-8000,-8000
062105,國巨國票9C購03  ,0,0,0,0,0,0,0,0,0,-8000,0,0,0,146000,154000,-8000,-8000
062120,國巨台新9B購01  ,0,0,0,0,0,0,0,0,0,-8000,0,0,0,100000,108000,-8000,-8000
058167,鴻海凱基9A購03  ,0,0,0,0,0,0,0,0,0,-8000,0,0,0,23000,31000,-8000,-8000
058590,南電中信9A購02  ,0,0,0,0,0,0,0,0,0,-8000,0,0,0,14000,22000,-8000,-8000
058297,茂林凱基9A購02  ,0,0,0,0,0,0,0,0,0,-8000,0,0,0,39000,47000,-8000,-8000
054881,光罩統一97購01  ,0,0,0,0,0,0,0,0,0,-8000,0,0,0,2000,10000,-8000,-8000
055466,台達電凱基97購03,0,0,0,0,0,0,0,0,0,-8000,0,0,0,2000,10000,-8000,-8000
054427,潤泰全富邦97購01,0,0,0,0,0,0,0,0,0,-8000,0,0,0,0,8000,-8000,-8000
053651,台光電凱基98購01,0,0,0,0,0,0,0,0,0,-8000,0,0,0,2000,10000,-8000,-8000
053702,智易兆豐97購02  ,0,0,0,0,0,0,0,0,0,-8000,0,0,0,0,8000,-8000,-8000
054066,緯穎國票97購03  ,0,0,0,0,0,0,0,0,0,-8000,0,0,0,10000,18000,-8000,-8000
052360,FB上証國票96購01,0,0,0,0,0,0,0,0,0,-8000,0,0,0,0,8000,-8000,-8000
055893,大立光統一97購07,0,0,0,0,0,0,0,0,0,-8000,0,0,0,0,8000,-8000,-8000
00709,富邦歐洲        ,0,0,0,0,0,0,0,0,0,-8000,0,0,0,103000,111000,-8000,-8000
006203,元大MSCI台灣    ,0,0,0,0,0,0,0,0,0,-8000,0,0,0,1000,9000,-8000,-8000
00637L,元大滬深300正2  ,273000,2289000,-2016000,0,0,0,0,0,0,2008000,0,0,0,15614000,13606000,2008000,-8000
057967,聯發科國泰9A購02,0,0,0,0,0,0,0,0,0,-8000,0,0,0,2000,10000,-8000,-8000
056821,日電貿永豐98購01,0,0,0,0,0,0,0,0,0,-8000,0,0,0,21000,29000,-8000,-8000
056823,智伸科永豐98購01,0,0,0,0,0,0,0,0,0,-8000,0,0,0,100000,108000,-8000,-8000
057234,宏達電凱基98購05,0,0,0,0,0,0,0,0,0,-8000,0,0,0,150000,158000,-8000,-8000
058726,宏達電富邦9A購01,0,0,0,0,0,0,0,0,0,-8000,0,0,0,0,8000,-8000,-8000
058785,臺股指國票99購04,0,0,0,0,0,0,0,0,0,-8000,0,0,0,0,8000,-8000,-8000
056411,緯穎國票99購01  ,0,0,0,0,0,0,0,0,0,-8000,0,0,0,7000,15000,-8000,-8000
056428,台達電凱基99購01,0,0,0,0,0,0,0,0,0,-8000,0,0,0,2000,10000,-8000,-8000
059981,聯發科元大99購36,0,0,0,0,0,0,0,0,0,-8000,0,0,0,5000,13000,-8000,-8000
059705,華新科凱基9A購07,0,0,0,0,0,0,0,0,0,-8000,0,0,0,0,8000,-8000,-8000
057438,禾伸堂國票99購01,0,0,0,0,0,0,0,0,0,-8000,0,0,0,0,8000,-8000,-8000
058809,國巨統一9B購03  ,0,0,0,0,0,0,0,0,0,-8000,0,0,0,0,8000,-8000,-8000
058042,鴻海元大98購12  ,0,0,0,0,0,0,0,0,0,-8000,0,0,0,2000,10000,-8000,-8000
3419,譁裕            ,33000,41000,-8000,0,0,0,0,0,0,0,0,0,0,0,0,0,-8000
4148,全宇生技-KY     ,0,8000,-8000,0,0,0,0,0,0,0,0,0,0,0,0,0,-8000
8222,寶一            ,0,8000,-8000,0,0,0,0,0,0,0,0,0,0,0,0,0,-8000
07374P,鴻海元大99售41  ,0,0,0,0,0,0,0,0,0,-8000,0,0,0,0,8000,-8000,-8000
06939P,國巨永豐98售09  ,0,0,0,0,0,0,0,0,0,-8000,0,0,0,10000,18000,-8000,-8000
07895P,美律元大9B售01  ,0,0,0,0,0,0,0,0,0,-8000,0,0,0,0,8000,-8000,-8000
2838A,聯邦銀甲特      ,0,7000,-7000,0,0,0,0,0,0,-1000,0,1000,-1000,0,0,0,-8000
3058,立德            ,66000,73000,-7000,0,0,0,0,0,0,-1000,0,1000,-1000,0,0,0,-8000
2911,麗嬰房          ,0,8000,-8000,0,0,0,0,0,0,0,0,0,0,0,0,0,-8000
1256,鮮活果汁-KY     ,4000,12000,-8000,0,0,0,0,0,0,0,0,0,0,0,0,0,-8000
1466,聚隆            ,3000,11000,-8000,0,0,0,0,0,0,0,0,0,0,0,0,0,-8000
1530,亞崴            ,0,8000,-8000,0,0,0,0,0,0,0,0,0,0,0,0,0,-8000
2038,海光            ,0,8000,-8000,0,0,0,0,0,0,0,0,0,0,0,0,0,-8000
2115,六暉-KY         ,0,8000,-8000,0,0,0,0,0,0,0,0,0,0,0,0,0,-8000
062148,奇鋐國票9B購01  ,0,0,0,0,0,0,0,0,0,-9000,0,0,0,0,9000,-9000,-9000
062263,康控元大9B購03  ,0,0,0,0,0,0,0,0,0,-9000,0,0,0,20000,29000,-9000,-9000
062253,燿華元大9B購02  ,0,0,0,0,0,0,0,0,0,-9000,0,0,0,1000,10000,-9000,-9000
062238,臻鼎凱基9C購01  ,0,0,0,0,0,0,0,0,0,-9000,0,0,0,7000,16000,-9000,-9000
06270P,致伸凱基97售03  ,0,0,0,0,0,0,0,0,0,-9000,0,0,0,41000,50000,-9000,-9000
06886P,旺宏元大99售07  ,0,0,0,0,0,0,0,0,0,-9000,0,0,0,35000,44000,-9000,-9000
06766P,玉晶光元大99售10,0,0,0,0,0,0,0,0,0,-9000,0,0,0,73000,82000,-9000,-9000
061860,臺股指國票9B購04,0,0,0,0,0,0,0,0,0,-9000,0,0,0,0,9000,-9000,-9000
061933,光寶科國票9B購01,0,0,0,0,0,0,0,0,0,-9000,0,0,0,24000,33000,-9000,-9000
060569,台積電永豐9A購01,0,0,0,0,0,0,0,0,0,-9000,0,0,0,0,9000,-9000,-9000
061006,新光金兆豐9A購01,0,0,0,0,0,0,0,0,0,-9000,0,0,0,11000,20000,-9000,-9000
060997,上銀兆豐9B購01  ,0,0,0,0,0,0,0,0,0,-9000,0,0,0,0,9000,-9000,-9000
03432B,臺股指凱基98熊13,0,0,0,0,0,0,0,0,0,-9000,0,0,0,2000,11000,-9000,-9000
054140,智易元大97購03  ,0,0,0,0,0,0,0,0,0,-9000,0,0,0,31000,40000,-9000,-9000
054758,南亞國票9A購01  ,0,0,0,0,0,0,0,0,0,-9000,0,0,0,1000,10000,-9000,-9000
054282,泰鼎群益98購02  ,0,0,0,0,0,0,0,0,0,-9000,0,0,0,7000,16000,-9000,-9000
054961,玉晶光元大99購01,0,0,0,0,0,0,0,0,0,-9000,0,0,0,0,9000,-9000,-9000
058250,台虹元大99購01  ,0,0,0,0,0,0,0,0,0,-9000,0,0,0,82000,91000,-9000,-9000
058214,世芯群益9A購01  ,0,0,0,0,0,0,0,0,0,-9000,0,0,0,31000,40000,-9000,-9000
057526,智邦元大98購10  ,0,0,0,0,0,0,0,0,0,-9000,0,0,0,41000,50000,-9000,-9000
056776,聯茂元大99購01  ,0,0,0,0,0,0,0,0,0,-9000,0,0,0,1000,10000,-9000,-9000
057994,技嘉中信98購01  ,0,0,0,0,0,0,0,0,0,-9000,0,0,0,21000,30000,-9000,-9000
056365,欣興元大98購01  ,0,0,0,0,0,0,0,0,0,-9000,0,0,0,21000,30000,-9000,-9000
059016,晶相光元富99購03,0,0,0,0,0,0,0,0,0,-9000,0,0,0,0,9000,-9000,-9000
058124,玉晶光國票9A購01,0,0,0,0,0,0,0,0,0,-9000,0,0,0,26000,35000,-9000,-9000
1568,倉佑            ,45000,54000,-9000,0,0,0,0,0,0,0,0,0,0,0,0,0,-9000
1529,樂士            ,0,9000,-9000,0,0,0,0,0,0,0,0,0,0,0,0,0,-9000
1540,喬福            ,1000,10000,-9000,0,0,0,0,0,0,0,0,0,0,0,0,0,-9000
2438,翔耀            ,0,9000,-9000,0,0,0,0,0,0,0,0,0,0,0,0,0,-9000
07931P,國巨元大9B售03  ,0,0,0,0,0,0,0,0,0,-9000,0,0,0,51000,60000,-9000,-9000
07605P,台灣50元大9B售10,0,0,0,0,0,0,0,0,0,-9000,0,0,0,11000,20000,-9000,-9000
07013P,玉晶光群益9A售06,0,0,0,0,0,0,0,0,0,-9000,0,0,0,0,9000,-9000,-9000
07046P,大立光富邦9C售03,0,0,0,0,0,0,0,0,0,-9000,0,0,0,50000,59000,-9000,-9000
3593,力銘            ,0,9000,-9000,0,0,0,0,0,0,0,0,0,0,0,0,0,-9000
8104,錸寶            ,53000,62000,-9000,0,0,0,0,0,0,0,0,0,0,0,0,0,-9000
6414,樺漢            ,96000,108000,-12000,0,0,0,0,0,0,3000,33000,25000,8000,2000,7000,-5000,-9000
6201,亞弘電          ,2000,11000,-9000,0,0,0,0,0,0,0,0,0,0,0,0,0,-9000
6128,上福            ,0,9000,-9000,0,0,0,0,0,0,0,0,0,0,0,0,0,-9000
061019,大毅國票9A購01  ,0,0,0,0,0,0,0,0,0,-10000,0,0,0,12000,22000,-10000,-10000
061028,聚陽永豐9A購01  ,0,0,0,0,0,0,0,0,0,-10000,0,0,0,10000,20000,-10000,-10000
060895,華新科凱基9B購05,0,0,0,0,0,0,0,0,0,-10000,0,0,0,0,10000,-10000,-10000
060775,世芯凱基9A購02  ,0,0,0,0,0,0,0,0,0,-10000,0,0,0,12000,22000,-10000,-10000
060741,滬深2X國票9A購05,0,0,0,0,0,0,0,0,0,-10000,0,0,0,0,10000,-10000,-10000
060730,台積電群益9A購03,0,0,0,0,0,0,0,0,0,-10000,0,0,0,94000,104000,-10000,-10000
060860,國巨永豐9A購02  ,0,0,0,0,0,0,0,0,0,-10000,0,0,0,34000,44000,-10000,-10000
061353,康控元大9A購01  ,0,0,0,0,0,0,0,0,0,-10000,0,0,0,79000,89000,-10000,-10000
061319,聯發科凱基9A購16,0,0,0,0,0,0,0,0,0,-10000,0,0,0,0,10000,-10000,-10000
061083,京元電兆豐9A購01,0,0,0,0,0,0,0,0,0,-10000,0,0,0,0,10000,-10000,-10000
061153,奇力新群益9A購02,0,0,0,0,0,0,0,0,0,-10000,0,0,0,10000,20000,-10000,-10000
061173,T50反1凱基04購01,0,0,0,0,0,0,0,0,0,-10000,0,0,0,0,10000,-10000,-10000
061128,大立光永豐9A購02,0,0,0,0,0,0,0,0,0,-10000,0,0,0,0,10000,-10000,-10000
060555,台表科凱基9A購03,0,0,0,0,0,0,0,0,0,-10000,0,0,0,20000,30000,-10000,-10000
060598,鴻海凱基9A購20  ,0,0,0,0,0,0,0,0,0,-10000,0,0,0,78000,88000,-10000,-10000
060657,旺宏統一9B購05  ,0,0,0,0,0,0,0,0,0,-10000,0,0,0,0,10000,-10000,-10000
060548,友達凱基9B購03  ,0,0,0,0,0,0,0,0,0,-10000,0,0,0,10000,20000,-10000,-10000
060530,聯發科中信9C購03,0,0,0,0,0,0,0,0,0,-10000,0,0,0,0,10000,-10000,-10000
060176,T50反1元富04購03,0,0,0,0,0,0,0,0,0,-10000,0,0,0,0,10000,-10000,-10000
060187,華新科元富9A購02,0,0,0,0,0,0,0,0,0,-10000,0,0,0,40000,50000,-10000,-10000
060052,宏碁凱基99購01  ,0,0,0,0,0,0,0,0,0,-10000,0,0,0,10000,20000,-10000,-10000
06004P,奇力新永豐96售02,0,0,0,0,0,0,0,0,0,-10000,0,0,0,0,10000,-10000,-10000
06006P,欣興永豐96售04  ,0,0,0,0,0,0,0,0,0,-10000,0,0,0,0,10000,-10000,-10000
060101,大立光元大99購31,0,0,0,0,0,0,0,0,0,-10000,0,0,0,0,10000,-10000,-10000
060098,華新科元大99購24,0,0,0,0,0,0,0,0,0,-10000,0,0,0,0,10000,-10000,-10000
060379,T50反1凱基9A購07,0,0,0,0,0,0,0,0,0,-10000,0,0,0,0,10000,-10000,-10000
060217,國巨凱基9A購10  ,0,0,0,0,0,0,0,0,0,-10000,0,0,0,0,10000,-10000,-10000
060229,楠梓電元大9C購01,0,0,0,0,0,0,0,0,0,-10000,0,0,0,37000,47000,-10000,-10000
061976,國巨元大9B購01  ,0,0,0,0,0,0,0,0,0,-10000,0,0,0,244000,254000,-10000,-10000
061962,台積電統一01購03,0,0,0,0,0,0,0,0,0,-10000,0,0,0,0,10000,-10000,-10000
061838,華新科凱基05購03,0,0,0,0,0,0,0,0,0,-10000,0,0,0,0,10000,-10000,-10000
061744,超眾凱基9B購02  ,0,0,0,0,0,0,0,0,0,-10000,0,0,0,0,10000,-10000,-10000
061723,嘉聯益永豐9A購03,0,0,0,0,0,0,0,0,0,-10000,0,0,0,0,10000,-10000,-10000
061406,華通國票9A購06  ,0,0,0,0,0,0,0,0,0,-10000,0,0,0,0,10000,-10000,-10000
061396,台灣50台新9C購03,0,0,0,0,0,0,0,0,0,-10000,0,0,0,0,10000,-10000,-10000
06159P,牧德元富97售02  ,0,0,0,0,0,0,0,0,0,-10000,0,0,0,0,10000,-10000,-10000
061529,國巨台新9A購02  ,0,0,0,0,0,0,0,0,0,-10000,0,0,0,133000,143000,-10000,-10000
061665,旺宏中信9C購01  ,0,0,0,0,0,0,0,0,0,-10000,0,0,0,50000,60000,-10000,-10000
06752P,訊芯凱基98售05  ,0,0,0,0,0,0,0,0,0,-10000,0,0,0,30000,40000,-10000,-10000
06717P,可成元大98售09  ,0,0,0,0,0,0,0,0,0,-10000,0,0,0,0,10000,-10000,-10000
06898P,FBVIX群益9C售03 ,0,0,0,0,0,0,0,0,0,-10000,0,0,0,0,10000,-10000,-10000
06923P,鴻海群益98售09  ,0,0,0,0,0,0,0,0,0,-10000,0,0,0,0,10000,-10000,-10000
06374P,台表科元大97售06,0,0,0,0,0,0,0,0,0,-10000,0,0,0,0,10000,-10000,-10000
06445P,大立光凱基98售09,0,0,0,0,0,0,0,0,0,-10000,0,0,0,0,10000,-10000,-10000
06482P,台積電凱基98售13,0,0,0,0,0,0,0,0,0,-10000,0,0,0,0,10000,-10000,-10000
062402,台勝科永豐9B購02,0,0,0,0,0,0,0,0,0,-10000,0,0,0,0,10000,-10000,-10000
06356P,啟碁永豐97售01  ,0,0,0,0,0,0,0,0,0,-10000,0,0,0,0,10000,-10000,-10000
062373,泰鼎元大9B購01  ,0,0,0,0,0,0,0,0,0,-10000,0,0,0,5000,15000,-10000,-10000
062333,嘉晶統一9C購01  ,0,0,0,0,0,0,0,0,0,-10000,0,0,0,0,10000,-10000,-10000
062343,中石化群益9B購01,0,0,0,0,0,0,0,0,0,-10000,0,0,0,0,10000,-10000,-10000
062356,國巨元大9B購10  ,0,0,0,0,0,0,0,0,0,-10000,0,0,0,0,10000,-10000,-10000
062236,信邦凱基9B購01  ,0,0,0,0,0,0,0,0,0,-10000,0,0,0,0,10000,-10000,-10000
062229,南六統一9B購01  ,0,0,0,0,0,0,0,0,0,-10000,0,0,0,0,10000,-10000,-10000
062282,禾伸堂群益9B購01,0,0,0,0,0,0,0,0,0,-10000,0,0,0,0,10000,-10000,-10000
062164,禾伸堂國泰01購01,0,0,0,0,0,0,0,0,0,-10000,0,0,0,0,10000,-10000,-10000
062166,致新國泰01購01  ,0,0,0,0,0,0,0,0,0,-10000,0,0,0,0,10000,-10000,-10000
062081,華新科元大9B購06,0,0,0,0,0,0,0,0,0,-10000,0,0,0,0,10000,-10000,-10000
058189,嘉澤永豐99購01  ,0,0,0,0,0,0,0,0,0,-10000,0,0,0,22000,32000,-10000,-10000
058223,世芯統一9B購01  ,0,0,0,0,0,0,0,0,0,-10000,0,0,0,0,10000,-10000,-10000
058544,FBVIX富邦9B購01 ,0,0,0,0,0,0,0,0,0,-10000,0,0,0,0,10000,-10000,-10000
058317,國巨永豐99購02  ,0,0,0,0,0,0,0,0,0,-10000,0,0,0,188000,198000,-10000,-10000
058318,致茂永豐9A購01  ,0,0,0,0,0,0,0,0,0,-10000,0,0,0,0,10000,-10000,-10000
054968,佐登元大97購01  ,0,0,0,0,0,0,0,0,0,-10000,0,0,0,0,10000,-10000,-10000
054835,致新中信97購01  ,0,0,0,0,0,0,0,0,0,-10000,0,0,0,10000,20000,-10000,-10000
055586,旺宏元大98購06  ,0,0,0,0,0,0,0,0,0,-10000,0,0,0,1000,11000,-10000,-10000
054609,正崴永豐97購01  ,0,0,0,0,0,0,0,0,0,-10000,0,0,0,0,10000,-10000,-10000
055195,昇陽半元富97購02,0,0,0,0,0,0,0,0,0,-10000,0,0,0,0,10000,-10000,-10000
055068,亞翔永豐97購01  ,0,0,0,0,0,0,0,0,0,-10000,0,0,0,0,10000,-10000,-10000
055070,聯茂永豐97購01  ,0,0,0,0,0,0,0,0,0,-10000,0,0,0,0,10000,-10000,-10000
055044,信錦永豐97購01  ,0,0,0,0,0,0,0,0,0,-10000,0,0,0,0,10000,-10000,-10000
05498P,友達元富95售02  ,0,0,0,0,0,0,0,0,0,-10000,0,0,0,20000,30000,-10000,-10000
054319,世紀鋼凱基96購02,0,0,0,0,0,0,0,0,0,-10000,0,0,0,0,10000,-10000,-10000
054322,國巨台新96購02  ,0,0,0,0,0,0,0,0,0,-10000,0,0,0,0,10000,-10000,-10000
054315,訊芯凱基98購01  ,0,0,0,0,0,0,0,0,0,-10000,0,0,0,0,10000,-10000,-10000
055781,聯詠凱基98購01  ,0,0,0,0,0,0,0,0,0,-10000,0,0,0,10000,20000,-10000,-10000
055787,聯茂凱基99購01  ,0,0,0,0,0,0,0,0,0,-10000,0,0,0,0,10000,-10000,-10000
054747,麗豐凱基98購01  ,0,0,0,0,0,0,0,0,0,-10000,0,0,0,50000,60000,-10000,-10000
055735,宏達電元富98購01,0,0,0,0,0,0,0,0,0,-10000,0,0,0,0,10000,-10000,-10000
054442,啟碁台新96購01  ,0,0,0,0,0,0,0,0,0,-10000,0,0,0,10000,20000,-10000,-10000
055538,鴻海日盛97購04  ,0,0,0,0,0,0,0,0,0,-10000,0,0,0,34000,44000,-10000,-10000
055512,聯詠兆豐97購01  ,0,0,0,0,0,0,0,0,0,-10000,0,0,0,0,10000,-10000,-10000
055408,力成國泰98購01  ,0,0,0,0,0,0,0,0,0,-10000,0,0,0,0,10000,-10000,-10000
055386,致新元大97購02  ,0,0,0,0,0,0,0,0,0,-10000,0,0,0,0,10000,-10000,-10000
054549,台積電凱基98購01,0,0,0,0,0,0,0,0,0,-10000,0,0,0,12000,22000,-10000,-10000
054514,道瓊銀元大98購01,0,0,0,0,0,0,0,0,0,-10000,0,0,0,0,10000,-10000,-10000
054528,台光電統一96購02,0,0,0,0,0,0,0,0,0,-10000,0,0,0,0,10000,-10000,-10000
053381,友達元大9A購02  ,0,0,0,0,0,0,0,0,0,-10000,0,0,0,0,10000,-10000,-10000
053458,聯詠國泰97購01  ,0,0,0,0,0,0,0,0,0,-10000,0,0,0,10000,20000,-10000,-10000
053760,牧德國泰98購01  ,0,0,0,0,0,0,0,0,0,-10000,0,0,0,0,10000,-10000,-10000
053759,晶相光國泰98購01,0,0,0,0,0,0,0,0,0,-10000,0,0,0,0,10000,-10000,-10000
053582,英業達元大97購01,0,0,0,0,0,0,0,0,0,-10000,0,0,0,100000,110000,-10000,-10000
05361P,聯發科富邦97售01,0,0,0,0,0,0,0,0,0,-10000,0,0,0,0,10000,-10000,-10000
053632,新唐兆豐96購01  ,0,0,0,0,0,0,0,0,0,-10000,0,0,0,0,10000,-10000,-10000
053559,台積電國泰98購01,0,0,0,0,0,0,0,0,0,-10000,0,0,0,0,10000,-10000,-10000
053560,漢唐國泰98購01  ,0,0,0,0,0,0,0,0,0,-10000,0,0,0,0,10000,-10000,-10000
053542,超眾永豐96購01  ,0,0,0,0,0,0,0,0,0,-10000,0,0,0,0,10000,-10000,-10000
053530,聯發科康和96購01,0,0,0,0,0,0,0,0,0,-10000,0,0,0,0,10000,-10000,-10000
055563,智易凱基97購02  ,0,0,0,0,0,0,0,0,0,-10000,0,0,0,0,10000,-10000,-10000
055565,祥碩凱基97購01  ,0,0,0,0,0,0,0,0,0,-10000,0,0,0,12000,22000,-10000,-10000
055568,緯穎凱基97購02  ,0,0,0,0,0,0,0,0,0,-10000,0,0,0,14000,24000,-10000,-10000
055569,聚陽統一98購01  ,0,0,0,0,0,0,0,0,0,-10000,0,0,0,0,10000,-10000,-10000
05527P,聯茂群益96售01  ,0,0,0,0,0,0,0,0,0,-10000,0,0,0,0,10000,-10000,-10000
053276,友達元大9C購01  ,0,0,0,0,0,0,0,0,0,-10000,0,0,0,0,10000,-10000,-10000
053353,玉晶光兆豐97購03,0,0,0,0,0,0,0,0,0,-10000,0,0,0,0,10000,-10000,-10000
053326,瀚宇博台新96購01,0,0,0,0,0,0,0,0,0,-10000,0,0,0,0,10000,-10000,-10000
051695,元金2X中信98購01,0,0,0,0,0,0,0,0,0,-10000,0,0,0,0,10000,-10000,-10000
053223,台郡凱基96購02  ,0,0,0,0,0,0,0,0,0,-10000,0,0,0,0,10000,-10000,-10000
055894,欣興統一97購03  ,0,0,0,0,0,0,0,0,0,-10000,0,0,0,0,10000,-10000,-10000
05587P,鴻海凱基96售12  ,0,0,0,0,0,0,0,0,0,-10000,0,0,0,0,10000,-10000,-10000
055921,新唐凱基98購01  ,0,0,0,0,0,0,0,0,0,-10000,0,0,0,0,10000,-10000,-10000
055965,泰鼎元大97購03  ,0,0,0,0,0,0,0,0,0,-10000,0,0,0,0,10000,-10000,-10000
055368,台積電元大97購24,0,0,0,0,0,0,0,0,0,-10000,0,0,0,0,10000,-10000,-10000
055365,華通元大97購03  ,0,0,0,0,0,0,0,0,0,-10000,0,0,0,0,10000,-10000,-10000
055828,上銀元大97購05  ,0,0,0,0,0,0,0,0,0,-10000,0,0,0,0,10000,-10000,-10000
055354,宏達電凱基98購01,0,0,0,0,0,0,0,0,0,-10000,0,0,0,0,10000,-10000,-10000
055310,聯詠群益97購02  ,0,0,0,0,0,0,0,0,0,-10000,0,0,0,0,10000,-10000,-10000
052229,奇力新凱基96購01,0,0,0,0,0,0,0,0,0,-10000,0,0,0,0,10000,-10000,-10000
052132,旺宏凱基9B購01  ,0,0,0,0,0,0,0,0,0,-10000,0,0,0,0,10000,-10000,-10000
052532,台積電國泰96購07,0,0,0,0,0,0,0,0,0,-10000,0,0,0,0,10000,-10000,-10000
053081,上銀元大97購02  ,0,0,0,0,0,0,0,0,0,-10000,0,0,0,0,10000,-10000,-10000
053097,超眾統一96購03  ,0,0,0,0,0,0,0,0,0,-10000,0,0,0,10000,20000,-10000,-10000
052581,訊芯元富98購01  ,0,0,0,0,0,0,0,0,0,-10000,0,0,0,0,10000,-10000,-10000
052660,京元電國票97購01,0,0,0,0,0,0,0,0,0,-10000,0,0,0,0,10000,-10000,-10000
052657,友達元富96購01  ,0,0,0,0,0,0,0,0,0,-10000,0,0,0,0,10000,-10000,-10000
052611,力成元大96購02  ,0,0,0,0,0,0,0,0,0,-10000,0,0,0,0,10000,-10000,-10000
050547,華新科凱基95購01,0,0,0,0,0,0,0,0,0,-10000,0,0,0,10000,20000,-10000,-10000
050566,高股息中信97購02,0,0,0,0,0,0,0,0,0,-10000,0,0,0,0,10000,-10000,-10000
04289P,臺股指中信95售07,0,0,0,0,0,0,0,0,0,-10000,0,0,0,0,10000,-10000,-10000
050015,友達富邦95購01  ,0,0,0,0,0,0,0,0,0,-10000,0,0,0,0,10000,-10000,-10000
050150,國巨群益95購01  ,0,0,0,0,0,0,0,0,0,-10000,0,0,0,0,10000,-10000,-10000
050219,台積電元富95購03,0,0,0,0,0,0,0,0,0,-10000,0,0,0,0,10000,-10000,-10000
049296,義隆群益96購01  ,0,0,0,0,0,0,0,0,0,-10000,0,0,0,0,10000,-10000,-10000
043442,大立光台新01購01,0,0,0,0,0,0,0,0,0,-10000,0,0,0,0,10000,-10000,-10000
052787,國巨中信96購02  ,0,0,0,0,0,0,0,0,0,-10000,0,0,0,40000,50000,-10000,-10000
048049,滬深反中信96購01,0,0,0,0,0,0,0,0,0,-10000,0,0,0,0,10000,-10000,-10000
049004,聯發科中信96購01,0,0,0,0,0,0,0,0,0,-10000,0,0,0,59000,69000,-10000,-10000
050813,旺宏凱基96購01  ,0,0,0,0,0,0,0,0,0,-10000,0,0,0,0,10000,-10000,-10000
051026,健策統一96購01  ,0,0,0,0,0,0,0,0,0,-10000,0,0,0,0,10000,-10000,-10000
050895,聯發科元大97購01,0,0,0,0,0,0,0,0,0,-10000,0,0,0,0,10000,-10000,-10000
051075,智邦國泰97購01  ,0,0,0,0,0,0,0,0,0,-10000,0,0,0,0,10000,-10000,-10000
052927,友達元大98購02  ,0,0,0,0,0,0,0,0,0,-10000,0,0,0,0,10000,-10000,-10000
052979,上銀元大96購02  ,0,0,0,0,0,0,0,0,0,-10000,0,0,0,0,10000,-10000,-10000
052829,上銀群益96購01  ,0,0,0,0,0,0,0,0,0,-10000,0,0,0,0,10000,-10000,-10000
052819,義隆永豐96購01  ,0,0,0,0,0,0,0,0,0,-10000,0,0,0,0,10000,-10000,-10000
052834,彩晶群益96購01  ,0,0,0,0,0,0,0,0,0,-10000,0,0,0,0,10000,-10000,-10000
050673,旺宏富邦96購02  ,0,0,0,0,0,0,0,0,0,-10000,0,0,0,0,10000,-10000,-10000
058127,FBVIX元大9C購01 ,0,0,0,0,0,0,0,0,0,-10000,0,0,0,0,10000,-10000,-10000
058101,台積電富邦9C購01,0,0,0,0,0,0,0,0,0,-10000,0,0,0,1090000,1100000,-10000,-10000
058114,台積電第一01購01,0,0,0,0,0,0,0,0,0,-10000,0,0,0,0,10000,-10000,-10000
058109,台灣50元富9B購01,0,0,0,0,0,0,0,0,0,-10000,0,0,0,0,10000,-10000,-10000
058956,健策國票9A購02  ,0,0,0,0,0,0,0,0,0,-10000,0,0,0,0,10000,-10000,-10000
057104,康友中信99購01  ,0,0,0,0,0,0,0,0,0,-10000,0,0,0,0,10000,-10000,-10000
058391,T50反1元大99購02,0,0,0,0,0,0,0,0,0,-10000,0,0,0,0,10000,-10000,-10000
056236,台積電群益97購06,0,0,0,0,0,0,0,0,0,-10000,0,0,0,0,10000,-10000,-10000
056255,華新科元富97購05,0,0,0,0,0,0,0,0,0,-10000,0,0,0,90000,100000,-10000,-10000
056246,祥碩群益97購01  ,0,0,0,0,0,0,0,0,0,-10000,0,0,0,0,10000,-10000,-10000
059031,元石油中信03購01,0,0,0,0,0,0,0,0,0,-10000,0,0,0,0,10000,-10000,-10000
059135,臺股指群益99購10,0,0,0,0,0,0,0,0,0,-10000,0,0,0,0,10000,-10000,-10000
05908P,大立光元富96售05,0,0,0,0,0,0,0,0,0,-10000,0,0,0,50000,60000,-10000,-10000
059083,華通元大99購07  ,0,0,0,0,0,0,0,0,0,-10000,0,0,0,100000,110000,-10000,-10000
057131,奇力新凱基98購05,0,0,0,0,0,0,0,0,0,-10000,0,0,0,0,10000,-10000,-10000
057117,開發金日盛9B購01,0,0,0,0,0,0,0,0,0,-10000,0,0,0,0,10000,-10000,-10000
057118,欣興日盛9A購01  ,0,0,0,0,0,0,0,0,0,-10000,0,0,0,0,10000,-10000,-10000
057124,為升凱基98購02  ,0,0,0,0,0,0,0,0,0,-10000,0,0,0,0,10000,-10000,-10000
057930,旺宏群益99購04  ,0,0,0,0,0,0,0,0,0,-10000,0,0,0,0,10000,-10000,-10000
056739,美律凱基98購04  ,0,0,0,0,0,0,0,0,0,-10000,0,0,0,50000,60000,-10000,-10000
057238,群創凱基9B購03  ,0,0,0,0,0,0,0,0,0,-10000,0,0,0,0,10000,-10000,-10000
057248,台積電統一98購08,0,0,0,0,0,0,0,0,0,-10000,0,0,0,0,10000,-10000,-10000
057218,可成群益99購03  ,0,0,0,0,0,0,0,0,0,-10000,0,0,0,0,10000,-10000,-10000
056593,台積電元富98購02,0,0,0,0,0,0,0,0,0,-10000,0,0,0,0,10000,-10000,-10000
056600,聯茂元富98購01  ,0,0,0,0,0,0,0,0,0,-10000,0,0,0,0,10000,-10000,-10000
057007,奇力新中信98購04,0,0,0,0,0,0,0,0,0,-10000,0,0,0,0,10000,-10000,-10000
057021,台積電凱基9A購02,0,0,0,0,0,0,0,0,0,-10000,0,0,0,0,10000,-10000,-10000
057010,景碩中信98購01  ,0,0,0,0,0,0,0,0,0,-10000,0,0,0,53000,63000,-10000,-10000
056919,英業達兆豐98購01,0,0,0,0,0,0,0,0,0,-10000,0,0,0,10000,20000,-10000,-10000
056921,京元電兆豐98購01,0,0,0,0,0,0,0,0,0,-10000,0,0,0,0,10000,-10000,-10000
056894,佳世達元大99購01,0,0,0,0,0,0,0,0,0,-10000,0,0,0,30000,40000,-10000,-10000
056904,大立光元大99購05,0,0,0,0,0,0,0,0,0,-10000,0,0,0,0,10000,-10000,-10000
056177,嘉澤元富97購01  ,0,0,0,0,0,0,0,0,0,-10000,0,0,0,0,10000,-10000,-10000
056097,訊芯元富97購02  ,0,0,0,0,0,0,0,0,0,-10000,0,0,0,0,10000,-10000,-10000
056079,世紀鋼元大97購02,0,0,0,0,0,0,0,0,0,-10000,0,0,0,0,10000,-10000,-10000
058734,康友永豐99購01  ,0,0,0,0,0,0,0,0,0,-10000,0,0,0,20000,30000,-10000,-10000
057578,可成中信99購01  ,0,0,0,0,0,0,0,0,0,-10000,0,0,0,0,10000,-10000,-10000
05890P,彩晶元大99售01  ,0,0,0,0,0,0,0,0,0,-10000,0,0,0,0,10000,-10000,-10000
058937,仁寶中信99購01  ,0,0,0,0,0,0,0,0,0,-10000,0,0,0,40000,50000,-10000,-10000
058959,南茂國票9A購01  ,0,0,0,0,0,0,0,0,0,-10000,0,0,0,0,10000,-10000,-10000
05805P,義隆永豐96售02  ,0,0,0,0,0,0,0,0,0,-10000,0,0,0,0,10000,-10000,-10000
057352,大立光統一9A購02,0,0,0,0,0,0,0,0,0,-10000,0,0,0,0,10000,-10000,-10000
057341,技嘉台新98購01  ,0,0,0,0,0,0,0,0,0,-10000,0,0,0,0,10000,-10000,-10000
057799,世紀鋼兆豐98購01,0,0,0,0,0,0,0,0,0,-10000,0,0,0,0,10000,-10000,-10000
057681,T50反1日盛9C購01,0,0,0,0,0,0,0,0,0,-10000,0,0,0,0,10000,-10000,-10000
05771P,大立光凱基96售13,0,0,0,0,0,0,0,0,0,-10000,0,0,0,0,10000,-10000,-10000
057633,緯穎永豐98購02  ,0,0,0,0,0,0,0,0,0,-10000,0,0,0,45000,55000,-10000,-10000
057627,和大永豐98購01  ,0,0,0,0,0,0,0,0,0,-10000,0,0,0,0,10000,-10000,-10000
057640,台積電元大98購16,0,0,0,0,0,0,0,0,0,-10000,0,0,0,0,10000,-10000,-10000
057673,臻鼎元大98購01  ,0,0,0,0,0,0,0,0,0,-10000,0,0,0,7000,17000,-10000,-10000
059217,台積電元大99購30,0,0,0,0,0,0,0,0,0,-10000,0,0,0,0,10000,-10000,-10000
057416,T50反1凱基9C購01,0,0,0,0,0,0,0,0,0,-10000,0,0,0,0,10000,-10000,-10000
059473,T50反1群益99購03,0,0,0,0,0,0,0,0,0,-10000,0,0,0,0,10000,-10000,-10000
059538,健策凱基99購03  ,0,0,0,0,0,0,0,0,0,-10000,0,0,0,0,10000,-10000,-10000
05955P,台光電國票97售02,0,0,0,0,0,0,0,0,0,-10000,0,0,0,0,10000,-10000,-10000
059625,國巨凱基99購17  ,0,0,0,0,0,0,0,0,0,-10000,0,0,0,0,10000,-10000,-10000
059642,健策凱基99購04  ,0,0,0,0,0,0,0,0,0,-10000,0,0,0,0,10000,-10000,-10000
059360,全新永豐99購02  ,0,0,0,0,0,0,0,0,0,-10000,0,0,0,15000,25000,-10000,-10000
056491,南亞科國泰99購01,0,0,0,0,0,0,0,0,0,-10000,0,0,0,0,10000,-10000,-10000
056530,旺宏凱基98購06  ,0,0,0,0,0,0,0,0,0,-10000,0,0,0,0,10000,-10000,-10000
056531,佳世達凱基98購01,0,0,0,0,0,0,0,0,0,-10000,0,0,0,0,10000,-10000,-10000
056569,T50正2元大9B購02,0,0,0,0,0,0,0,0,0,-10000,0,0,0,0,10000,-10000,-10000
057365,智邦元大98購07  ,0,0,0,0,0,0,0,0,0,-10000,0,0,0,2000,12000,-10000,-10000
059830,台郡凱基99購05  ,0,0,0,0,0,0,0,0,0,-10000,0,0,0,0,10000,-10000,-10000
059811,高股息凱基99購02,0,0,0,0,0,0,0,0,0,-10000,0,0,0,0,10000,-10000,-10000
060015,國巨康和99購03  ,0,0,0,0,0,0,0,0,0,-10000,0,0,0,292000,302000,-10000,-10000
059864,亞德客凱基99購01,0,0,0,0,0,0,0,0,0,-10000,0,0,0,0,10000,-10000,-10000
059907,道瓊指元大99購03,0,0,0,0,0,0,0,0,0,-10000,0,0,0,0,10000,-10000,-10000
059968,世紀鋼凱基99購03,0,0,0,0,0,0,0,0,0,-10000,0,0,0,0,10000,-10000,-10000
059965,鴻海凱基99購16  ,0,100000,-100000,0,0,0,0,0,0,90000,0,0,0,173000,83000,90000,-10000
6136,富爾特          ,0,10000,-10000,0,0,0,0,0,0,0,0,0,0,0,0,0,-10000
8070,長華*           ,16000,22000,-6000,0,0,0,0,0,0,-4000,0,4000,-4000,0,0,0,-10000
3550,聯穎            ,0,10000,-10000,0,0,0,0,0,0,0,0,0,0,0,0,0,-10000
9929,秋雨            ,0,10000,-10000,0,0,0,0,0,0,0,0,0,0,0,0,0,-10000
06941P,國巨統一98售07  ,0,0,0,0,0,0,0,0,0,-10000,0,0,0,0,10000,-10000,-10000
06964P,臺股指凱基9B售01,0,0,0,0,0,0,0,0,0,-10000,0,0,0,0,10000,-10000,-10000
07145P,為升元大99售03  ,0,0,0,0,0,0,0,0,0,-10000,0,0,0,3000,13000,-10000,-10000
07175P,聯詠凱基99售02  ,0,0,0,0,0,0,0,0,0,-10000,0,0,0,0,10000,-10000,-10000
07123P,鴻海元大99售23  ,0,0,0,0,0,0,0,0,0,-10000,0,0,0,0,10000,-10000,-10000
07134P,臺股指元大9A售28,0,0,0,0,0,0,0,0,0,-10000,0,0,0,3000,13000,-10000,-10000
07439P,臺股指麥證9B售01,0,0,0,0,10000,-10000,0,0,0,-10000,0,0,0,0,10000,-10000,-10000
07216P,大立光凱基99售08,0,0,0,0,0,0,0,0,0,-10000,0,0,0,0,10000,-10000,-10000
07197P,臺股指元大99售13,0,0,0,0,0,0,0,0,0,-10000,0,0,0,0,10000,-10000,-10000
07319P,台積電凱基01售02,0,0,0,0,0,0,0,0,0,-10000,0,0,0,20000,30000,-10000,-10000
07627P,超眾凱基9A售02  ,0,0,0,0,0,0,0,0,0,-10000,0,0,0,62000,72000,-10000,-10000
07620P,國巨統一9B售07  ,0,0,0,0,0,0,0,0,0,-10000,0,0,0,10000,20000,-10000,-10000
07622P,華新科統一9B售02,0,0,0,0,0,0,0,0,0,-10000,0,0,0,0,10000,-10000,-10000
07699P,臺股指元大9A售52,0,0,0,0,0,0,0,0,0,-10000,0,0,0,0,10000,-10000,-10000
07657P,技嘉凱基9A售03  ,0,0,0,0,0,0,0,0,0,-10000,0,0,0,0,10000,-10000,-10000
07561P,玉晶光永豐9A售02,0,0,0,0,0,0,0,0,0,-10000,0,0,0,0,10000,-10000,-10000
07588P,滬深2X國票9C售01,0,0,0,0,0,0,0,0,0,-10000,0,0,0,0,10000,-10000,-10000
07519P,臺股指元大9B售10,0,0,0,0,0,0,0,0,0,-10000,0,0,0,0,10000,-10000,-10000
07888P,大立光國票9B售01,0,0,0,0,0,0,0,0,0,-10000,0,0,0,0,10000,-10000,-10000
07815P,美律群益9A售04  ,0,0,0,0,0,0,0,0,0,-10000,0,0,0,0,10000,-10000,-10000
07778P,台灣50凱基9C售08,0,0,0,0,0,0,0,0,0,-10000,0,0,0,0,10000,-10000,-10000
07748P,茂林凱基9A售04  ,0,0,0,0,0,0,0,0,0,-10000,0,0,0,0,10000,-10000,-10000
2597,潤弘            ,2000,12000,-10000,0,0,0,0,0,0,0,0,0,0,0,0,0,-10000
3002,歐格            ,1000,11000,-10000,0,0,0,0,0,0,0,0,0,0,0,0,0,-10000
1236,宏亞            ,0,10000,-10000,0,0,0,0,0,0,0,0,0,0,0,0,0,-10000
07947P,國巨統一9B售12  ,0,0,0,0,0,0,0,0,0,-10000,0,0,0,0,10000,-10000,-10000
07945P,上銀國票9B售02  ,0,0,0,0,0,0,0,0,0,-10000,0,0,0,0,10000,-10000,-10000
07965P,玉晶光群益01售02,0,0,0,0,0,0,0,0,0,-10000,0,0,0,0,10000,-10000,-10000
2032,新鋼            ,2000,12000,-10000,0,0,0,0,0,0,0,0,0,0,0,0,0,-10000
062168,大毅永豐9B購01  ,0,0,0,0,0,0,0,0,0,-11000,0,0,0,0,11000,-11000,-11000
062385,玉晶光國泰01購01,0,0,0,0,0,0,0,0,0,-11000,0,0,0,4000,15000,-11000,-11000
06614P,祥碩永豐98售03  ,0,0,0,0,0,0,0,0,0,-11000,0,0,0,0,11000,-11000,-11000
061569,旺宏元大9A購14  ,0,0,0,0,0,0,0,0,0,-11000,0,0,0,0,11000,-11000,-11000
06141P,大立光日盛97售01,0,0,0,0,0,0,0,0,0,-11000,0,0,0,0,11000,-11000,-11000
061422,台積電元大9A購30,0,0,0,0,0,0,0,0,0,-11000,0,0,0,0,11000,-11000,-11000
061479,泰碩元大9A購02  ,0,0,0,0,0,0,0,0,0,-11000,0,0,0,58000,69000,-11000,-11000
061739,奇力新凱基9C購01,0,0,0,0,0,0,0,0,0,-11000,0,0,0,0,11000,-11000,-11000
061984,華新科元大9B購05,0,0,0,0,0,0,0,0,0,-11000,0,0,0,0,11000,-11000,-11000
060033,臻鼎永豐99購01  ,0,0,0,0,0,0,0,0,0,-11000,0,0,0,56000,67000,-11000,-11000
060589,台灣50台新9B購06,0,0,0,0,0,0,0,0,0,-11000,0,0,0,0,11000,-11000,-11000
061082,台光電兆豐9A購01,0,0,0,0,0,0,0,0,0,-11000,0,0,0,4000,15000,-11000,-11000
061226,台積電中信9A購05,0,0,0,0,0,0,0,0,0,-11000,0,0,0,0,11000,-11000,-11000
06085P,義隆台新97售01  ,0,0,0,0,0,0,0,0,0,-11000,0,0,0,0,11000,-11000,-11000
053033,智易兆豐97購01  ,0,0,0,0,0,0,0,0,0,-11000,0,0,0,18000,29000,-11000,-11000
044247,道瓊反元富97購01,0,0,0,0,0,0,0,0,0,-11000,0,0,0,0,11000,-11000,-11000
046813,聯電凱基96購01  ,0,0,0,0,0,0,0,0,0,-11000,0,0,0,0,11000,-11000,-11000
0051,元大中型100     ,0,0,0,0,0,0,0,0,0,-11000,0,0,0,50000,61000,-11000,-11000
03679C,臺股指元大04牛04,0,0,0,0,0,0,0,0,0,-11000,0,0,0,2000,13000,-11000,-11000
055970,聯茂元大97購04  ,0,0,0,0,0,0,0,0,0,-11000,0,0,0,1000,12000,-11000,-11000
053673,超眾元富96購03  ,0,0,0,0,0,0,0,0,0,-11000,0,0,0,11000,22000,-11000,-11000
053377,台積電元大98購01,0,0,0,0,0,0,0,0,0,-11000,0,0,0,0,11000,-11000,-11000
054355,上海銀富邦98購01,0,0,0,0,0,0,0,0,0,-11000,0,0,0,0,11000,-11000,-11000
055728,緯穎元大97購03  ,0,0,0,0,0,0,0,0,0,-11000,0,0,0,0,11000,-11000,-11000
055713,國巨元大98購09  ,0,0,0,0,0,0,0,0,0,-11000,0,0,0,42000,53000,-11000,-11000
054363,世芯凱基97購01  ,0,0,0,0,0,0,0,0,0,-11000,0,0,0,6000,17000,-11000,-11000
054351,華新科國泰97購03,0,0,0,0,0,0,0,0,0,-11000,0,0,0,66000,77000,-11000,-11000
055043,中砂永豐97購01  ,0,0,0,0,0,0,0,0,0,-11000,0,0,0,100000,111000,-11000,-11000
055197,致新元富97購02  ,0,0,0,0,0,0,0,0,0,-11000,0,0,0,80000,91000,-11000,-11000
055593,華新科元大97購10,0,0,0,0,0,0,0,0,0,-11000,0,0,0,0,11000,-11000,-11000
059901,滬深2X元大9C購07,0,0,0,0,0,0,0,0,0,-11000,0,0,0,0,11000,-11000,-11000
059903,S&P正2元大99購02,0,0,0,0,0,0,0,0,0,-11000,0,0,0,0,11000,-11000,-11000
059805,台積電元富99購02,0,0,0,0,0,0,0,0,0,-11000,0,0,0,39000,50000,-11000,-11000
05916P,聯發科元大96售20,0,0,0,0,0,0,0,0,0,-11000,0,0,0,0,11000,-11000,-11000
058078,景碩國票99購01  ,0,0,0,0,0,0,0,0,0,-11000,0,0,0,27000,38000,-11000,-11000
056141,聯茂元大97購05  ,0,0,0,0,0,0,0,0,0,-11000,0,0,0,50000,61000,-11000,-11000
056483,TPK元大98購01   ,0,0,0,0,0,0,0,0,0,-11000,0,0,0,10000,21000,-11000,-11000
058396,力山元大99購01  ,0,0,0,0,0,0,0,0,0,-11000,0,0,0,1000,12000,-11000,-11000
057889,致新群益99購01  ,0,0,0,0,0,0,0,0,0,-11000,0,0,0,0,11000,-11000,-11000
07958P,華擎群益9B售01  ,0,0,0,0,0,0,0,0,0,-11000,0,0,0,0,11000,-11000,-11000
1338,廣華-KY         ,100000,111000,-11000,0,0,0,0,0,0,0,0,0,0,0,0,0,-11000
1445,大宇            ,3000,14000,-11000,0,0,0,0,0,0,0,0,0,0,0,0,0,-11000
3055,蔚華科          ,2000,13000,-11000,0,0,0,0,0,0,0,0,0,0,0,0,0,-11000
3040,遠見            ,0,6000,-6000,0,0,0,0,0,0,-5000,0,5000,-5000,0,0,0,-11000
2630,亞航            ,0,11000,-11000,0,0,0,0,0,0,0,0,0,0,0,0,0,-11000
07259P,滬深2X國票01售01,0,0,0,0,0,0,0,0,0,-11000,0,0,0,0,11000,-11000,-11000
07235P,T50正2元大9C售02,0,0,0,0,0,0,0,0,0,-11000,0,0,0,0,11000,-11000,-11000
07129P,華新科元大99售14,0,0,0,0,0,0,0,0,0,-11000,0,0,0,60000,71000,-11000,-11000
06984P,上銀富邦9B售01  ,0,0,0,0,0,0,0,0,0,-11000,0,0,0,0,11000,-11000,-11000
6541,泰福-KY         ,52000,63000,-11000,0,0,0,0,0,0,0,0,0,0,0,0,0,-11000
6133,金橋            ,0,11000,-11000,0,0,0,0,0,0,0,0,0,0,0,0,0,-11000
060513,緯穎元大9B購01  ,0,0,0,0,0,0,0,0,0,-12000,0,0,0,263000,275000,-12000,-12000
060491,台灣50元富04購01,0,0,0,0,0,0,0,0,0,-12000,0,0,0,0,12000,-12000,-12000
060386,台勝科凱基9B購01,0,0,0,0,0,0,0,0,0,-12000,0,0,0,0,12000,-12000,-12000
061914,台光電中信9B購01,0,0,0,0,0,0,0,0,0,-12000,0,0,0,72000,84000,-12000,-12000
061721,道瓊反富邦9B購01,0,0,0,0,0,0,0,0,0,-12000,0,0,0,0,12000,-12000,-12000
061697,世紀鋼群益9A購03,0,0,0,0,0,0,0,0,0,-12000,0,0,0,0,12000,-12000,-12000
062292,旭富永豐9B購01  ,0,0,0,0,0,0,0,0,0,-12000,0,0,0,0,12000,-12000,-12000
062187,台勝科元大9B購02,0,0,0,0,0,0,0,0,0,-12000,0,0,0,0,12000,-12000,-12000
055626,力山永豐97購01  ,0,0,0,0,0,0,0,0,0,-12000,0,0,0,5000,17000,-12000,-12000
055227,聯發科國票98購02,0,0,0,0,0,0,0,0,0,-12000,0,0,0,0,12000,-12000,-12000
055030,帆宣國泰99購02  ,0,0,0,0,0,0,0,0,0,-12000,0,0,0,329000,341000,-12000,-12000
058295,欣興凱基99購02  ,0,0,0,0,0,0,0,0,0,-12000,0,0,0,188000,200000,-12000,-12000
058274,世紀鋼永豐99購01,0,0,0,0,0,0,0,0,0,-12000,0,0,0,12000,24000,-12000,-12000
058579,聯發科群益99購04,0,0,0,0,0,0,0,0,0,-12000,0,0,0,0,12000,-12000,-12000
055398,超眾統一97購03  ,0,0,0,0,0,0,0,0,0,-12000,0,0,0,0,12000,-12000,-12000
054680,華新科康和97購02,0,0,0,0,0,0,0,0,0,-12000,0,0,0,0,12000,-12000,-12000
053347,茂林國票98購01  ,0,0,0,0,0,0,0,0,0,-12000,0,0,0,0,12000,-12000,-12000
05213P,台積電國票96售05,0,0,0,0,0,0,0,0,0,-12000,0,0,0,0,12000,-12000,-12000
050124,元金2X凱基95購01,0,0,0,0,0,0,0,0,0,-12000,0,0,0,0,12000,-12000,-12000
0055,元大MSCI金融    ,0,0,0,0,0,0,0,0,0,-12000,0,0,0,8000,20000,-12000,-12000
047993,鑽全元大96購01  ,0,0,0,0,0,0,0,0,0,-12000,0,0,0,0,12000,-12000,-12000
051105,台光電國票96購01,0,0,0,0,0,0,0,0,0,-12000,0,0,0,0,12000,-12000,-12000
058655,鴻海中信03購02  ,0,0,0,0,0,0,0,0,0,-12000,0,0,0,0,12000,-12000,-12000
058957,貿聯國票9A購01  ,0,0,0,0,0,0,0,0,0,-12000,0,0,0,2000,14000,-12000,-12000
056323,旺宏兆豐98購01  ,0,0,0,0,0,0,0,0,0,-12000,0,0,0,0,12000,-12000,-12000
056905,欣興元大98購03  ,0,0,0,0,0,0,0,0,0,-12000,0,0,0,2000,14000,-12000,-12000
057296,智原永豐98購01  ,0,0,0,0,0,0,0,0,0,-12000,0,0,0,0,12000,-12000,-12000
059143,國巨國票9A購04  ,0,0,0,0,0,0,0,0,0,-12000,0,0,0,119000,131000,-12000,-12000
059240,台積電凱基9A購09,0,0,0,0,0,0,0,0,0,-12000,0,0,0,36000,48000,-12000,-12000
059793,滬深2X國票99購03,0,0,0,0,0,0,0,0,0,-12000,0,0,0,0,12000,-12000,-12000
059722,南亞科元大99購02,0,0,0,0,0,0,0,0,0,-12000,0,0,0,18000,30000,-12000,-12000
059631,京元電凱基99購02,0,0,0,0,0,0,0,0,0,-12000,0,0,0,202000,214000,-12000,-12000
059475,元石油群益99購02,0,0,0,0,0,0,0,0,0,-12000,0,0,0,1000,13000,-12000,-12000
059531,華新科凱基9B購02,0,0,0,0,0,0,0,0,0,-12000,0,0,0,3000,15000,-12000,-12000
3686,達能            ,5000,17000,-12000,0,0,0,0,0,0,0,0,0,0,0,0,0,-12000
3311,閎暉            ,8000,20000,-12000,0,0,0,0,0,0,0,0,0,0,0,0,0,-12000
4763,材料-KY         ,44000,40000,4000,0,0,0,1000,0,1000,-17000,12000,29000,-17000,0,0,0,-12000
07852P,臺股指國票9A售13,0,0,0,0,0,0,0,0,0,-12000,0,0,0,0,12000,-12000,-12000
2611,志信            ,1000,13000,-12000,0,0,0,0,0,0,0,0,0,0,0,0,0,-12000
3011,今皓            ,0,12000,-12000,0,0,0,0,0,0,0,0,0,0,0,0,0,-12000
2429,銘旺科          ,1000,13000,-12000,0,0,0,0,0,0,0,0,0,0,0,0,0,-12000
1423,利華            ,0,12000,-12000,0,0,0,0,0,0,0,0,0,0,0,0,0,-12000
1817,凱撒衛          ,0,12000,-12000,0,0,0,0,0,0,0,0,0,0,0,0,0,-12000
062208,旭富國票9C購01  ,0,0,0,0,0,0,0,0,0,-13000,0,0,0,0,13000,-13000,-13000
062143,大成鋼國票9B購01,0,0,0,0,0,0,0,0,0,-13000,0,0,0,11000,24000,-13000,-13000
062254,台光電元大9B購02,0,0,0,0,0,0,0,0,0,-13000,0,0,0,14000,27000,-13000,-13000
06266P,大立光凱基97售11,0,0,0,0,0,0,0,0,0,-13000,0,0,0,50000,63000,-13000,-13000
06595P,祥碩元大98售03  ,0,0,0,0,0,0,0,0,0,-13000,0,0,0,100000,113000,-13000,-13000
061734,全新中信9B購02  ,0,0,0,0,0,0,0,0,0,-13000,0,0,0,592000,605000,-13000,-13000
061855,台郡國票9B購01  ,0,0,0,0,0,0,0,0,0,-13000,0,0,0,33000,46000,-13000,-13000
061514,泰碩永豐9A購02  ,0,0,0,0,0,0,0,0,0,-13000,0,0,0,9000,22000,-13000,-13000
061400,可成兆豐9B購02  ,0,0,0,0,0,0,0,0,0,-13000,0,0,0,0,13000,-13000,-13000
061361,世紀鋼兆豐9A購01,0,0,0,0,0,0,0,0,0,-13000,0,0,0,100000,113000,-13000,-13000
060605,大立光凱基9C購01,0,0,0,0,0,0,0,0,0,-13000,0,0,0,30000,43000,-13000,-13000
060607,玉晶光凱基9A購06,0,0,0,0,0,0,0,0,0,-13000,0,0,0,2000,15000,-13000,-13000
060280,元金2X元大9A購01,0,0,0,0,0,0,0,0,0,-13000,0,0,0,0,13000,-13000,-13000
060999,國巨兆豐9A購01  ,0,0,0,0,0,0,0,0,0,-13000,0,0,0,0,13000,-13000,-13000
051055,友達群益98購01  ,0,0,0,0,0,0,0,0,0,-13000,0,0,0,268000,281000,-13000,-13000
051001,緯穎元大96購02  ,0,0,0,0,0,0,0,0,0,-13000,0,0,0,0,13000,-13000,-13000
00713,元大台灣高息低波,0,13000,-13000,0,0,0,0,0,0,0,0,0,0,7000,7000,0,-13000
052047,建準凱基96購01  ,0,0,0,0,0,0,0,0,0,-13000,0,0,0,0,13000,-13000,-13000
052005,矽力國泰97購02  ,0,0,0,0,0,0,0,0,0,-13000,0,0,0,63000,76000,-13000,-13000
058342,鴻海群益9A購01  ,0,0,0,0,0,0,0,0,0,-13000,0,0,0,113000,126000,-13000,-13000
059520,台表科永豐99購02,0,0,0,0,0,0,0,0,0,-13000,0,0,0,0,13000,-13000,-13000
059613,泰鼎永豐99購02  ,0,0,0,0,0,0,0,0,0,-13000,0,0,0,23000,36000,-13000,-13000
059163,台積電凱基99購10,0,0,0,0,0,0,0,0,0,-13000,0,0,0,20000,33000,-13000,-13000
057501,超眾群益98購04  ,0,0,0,0,0,0,0,0,0,-13000,0,0,0,11000,24000,-13000,-13000
057636,上銀元大98購06  ,0,0,0,0,0,0,0,0,0,-13000,0,0,0,0,13000,-13000,-13000
058011,台虹國票99購01  ,0,0,0,0,0,0,0,0,0,-13000,0,0,0,0,13000,-13000,-13000
057214,瑞昱群益98購01  ,0,0,0,0,0,0,0,0,0,-13000,0,0,0,4000,17000,-13000,-13000
05624P,同欣電中信98售01,0,0,0,0,0,0,0,0,0,-13000,0,0,0,0,13000,-13000,-13000
1727,中華化          ,0,13000,-13000,0,0,0,0,0,0,0,0,0,0,0,0,0,-13000
1592,英瑞-KY         ,19000,32000,-13000,0,0,0,0,0,0,0,0,0,0,0,0,0,-13000
2380,虹光            ,0,13000,-13000,0,0,0,0,0,0,0,0,0,0,0,0,0,-13000
2904,匯僑            ,0,13000,-13000,0,0,0,0,0,0,0,0,0,0,0,0,0,-13000
07575P,瑞昱元大9A售02  ,0,0,0,0,0,0,0,0,0,-13000,0,0,0,57000,70000,-13000,-13000
07531P,大立光國泰9B售03,0,0,0,0,0,0,0,0,0,-13000,0,0,0,110000,123000,-13000,-13000
07033P,大立光統一9B售03,0,0,0,0,0,0,0,0,0,-13000,0,0,0,0,13000,-13000,-13000
4755,三福化          ,2000,15000,-13000,0,0,0,0,0,0,0,0,0,0,0,0,0,-13000
4572,駐龍            ,4000,17000,-13000,0,0,0,0,0,0,0,0,0,0,0,0,0,-13000
5283,禾聯碩          ,10000,55000,-45000,0,0,0,35000,0,35000,-3000,0,0,0,3000,6000,-3000,-13000
060576,欣興中信9B購01  ,0,0,0,0,0,0,0,0,0,-14000,0,0,0,21000,35000,-14000,-14000
060623,玉晶光元大9C購01,0,0,0,0,0,0,0,0,0,-14000,0,0,0,2000,16000,-14000,-14000
061768,晶技元大9B購02  ,0,0,0,0,0,0,0,0,0,-14000,0,0,0,171000,185000,-14000,-14000
061999,臺股指元大9B購23,0,0,0,0,0,0,0,0,0,-14000,0,0,0,0,14000,-14000,-14000
06839P,玉晶光統一9A售05,0,0,0,0,0,0,0,0,0,-14000,0,0,0,6000,20000,-14000,-14000
062306,華通凱基9B購01  ,0,0,0,0,0,0,0,0,0,-14000,0,0,0,0,14000,-14000,-14000
062150,南六國票9B購01  ,0,0,0,0,0,0,0,0,0,-14000,0,0,0,5000,19000,-14000,-14000
058290,南電國票9A購01  ,0,0,0,0,0,0,0,0,0,-14000,0,0,0,32000,46000,-14000,-14000
054381,世芯群益98購01  ,0,0,0,0,0,0,0,0,0,-14000,0,0,0,31000,45000,-14000,-14000
053494,南亞科兆豐96購02,0,0,0,0,0,0,0,0,0,-14000,0,0,0,17000,31000,-14000,-14000
052038,國巨永昌96購01  ,0,0,0,0,0,0,0,0,0,-14000,0,0,0,21000,35000,-14000,-14000
03012X,元展12          ,0,0,0,0,0,0,0,0,0,-14000,0,0,0,2000,16000,-14000,-14000
00685L,群益臺灣加權正2 ,0,0,0,0,0,0,0,0,0,-14000,0,0,0,15000,29000,-14000,-14000
049024,玉晶光群益97購01,0,0,0,0,0,0,0,0,0,-14000,0,0,0,63000,77000,-14000,-14000
058402,欣興元大99購04  ,0,0,0,0,0,0,0,0,0,-14000,0,0,0,0,14000,-14000,-14000
056623,禾伸堂永豐98購01,0,0,0,0,0,0,0,0,0,-14000,0,0,0,0,14000,-14000,-14000
056142,超眾元大97購06  ,0,0,0,0,0,0,0,0,0,-14000,0,0,0,33000,47000,-14000,-14000
058833,台表科永豐99購01,0,0,0,0,0,0,0,0,0,-14000,0,0,0,20000,34000,-14000,-14000
059272,台灣50元大99購01,0,0,0,0,0,0,0,0,0,-14000,0,0,0,0,14000,-14000,-14000
059275,可成元大99購05  ,0,0,0,0,0,0,0,0,0,-14000,0,0,0,4000,18000,-14000,-14000
059526,鴻海凱基99購12  ,0,0,0,0,0,0,0,0,0,-14000,0,0,0,0,14000,-14000,-14000
057413,臺股指群益9C購04,0,0,0,0,0,0,0,0,0,-14000,0,0,0,0,14000,-14000,-14000
6165,捷泰            ,133000,147000,-14000,0,0,0,0,0,0,0,0,0,0,0,0,0,-14000
8072,陞泰            ,9000,23000,-14000,0,0,0,0,0,0,0,0,0,0,0,0,0,-14000
6243,迅杰            ,3000,17000,-14000,0,0,0,0,0,0,0,0,0,0,0,0,0,-14000
6235,華孚            ,6000,20000,-14000,0,0,0,0,0,0,0,0,0,0,0,0,0,-14000
6573,虹揚-KY         ,1000,15000,-14000,0,0,0,0,0,0,0,0,0,0,0,0,0,-14000
07233P,台灣50元大99售04,0,0,0,0,0,0,0,0,0,-14000,0,0,0,0,14000,-14000,-14000
07335P,臺股指國票99售20,0,0,0,0,0,0,0,0,0,-14000,0,0,0,6000,20000,-14000,-14000
07754P,日月光元大9A售02,0,0,0,0,0,0,0,0,0,-14000,0,0,0,15000,29000,-14000,-14000
2114,鑫永銓          ,12000,26000,-14000,0,0,0,0,0,0,0,0,0,0,0,0,0,-14000
1452,宏益            ,11000,25000,-14000,0,0,0,0,0,0,0,0,0,0,0,0,0,-14000
1521,大億            ,0,14000,-14000,0,0,0,0,0,0,0,0,0,0,0,0,0,-14000
062257,聯發科元大9B購09,0,0,0,0,0,0,0,0,0,-15000,0,0,0,0,15000,-15000,-15000
061834,華新科凱基02購02,0,0,0,0,0,0,0,0,0,-15000,0,0,0,0,15000,-15000,-15000
061486,國巨兆豐9B購02  ,0,0,0,0,0,0,0,0,0,-15000,0,0,0,100000,115000,-15000,-15000
061467,嘉澤群益9A購01  ,0,0,0,0,0,0,0,0,0,-15000,0,0,0,39000,54000,-15000,-15000
061441,大毅永豐9A購04  ,0,0,0,0,0,0,0,0,0,-15000,0,0,0,0,15000,-15000,-15000
060667,力成凱基9A購01  ,0,0,0,0,0,0,0,0,0,-15000,0,0,0,175000,190000,-15000,-15000
060525,台積電中信01購04,0,0,0,0,0,0,0,0,0,-15000,0,0,0,0,15000,-15000,-15000
060535,群創麥證9A購01  ,0,0,0,35000,50000,-15000,0,0,0,-15000,0,0,0,35000,50000,-15000,-15000
060157,致茂永豐9A購02  ,0,0,0,0,0,0,0,0,0,-15000,0,0,0,0,15000,-15000,-15000
060742,臺指反國票9B購02,0,0,0,0,0,0,0,0,0,-15000,0,0,0,10000,25000,-15000,-15000
060747,聯鈞國票9A購02  ,0,0,0,0,0,0,0,0,0,-15000,0,0,0,5000,20000,-15000,-15000
061365,國巨國票9B購05  ,0,0,0,0,0,0,0,0,0,-15000,0,0,0,101000,116000,-15000,-15000
061281,台積電統一9C購05,0,0,0,0,0,0,0,0,0,-15000,0,0,0,0,15000,-15000,-15000
049584,台積電元大96購04,0,0,0,0,0,0,0,0,0,-15000,0,0,0,0,15000,-15000,-15000
03857P,聯發科元富99售02,0,0,0,0,0,0,0,0,0,-15000,0,0,0,0,15000,-15000,-15000
051928,大立光中信96購03,0,0,0,0,0,0,0,0,0,-15000,0,0,0,6000,21000,-15000,-15000
052626,上証2X中信9A購01,0,0,0,0,0,0,0,0,0,-15000,0,0,0,0,15000,-15000,-15000
052659,上証2X國票99購01,0,0,0,0,0,0,0,0,0,-15000,0,0,0,0,15000,-15000,-15000
053259,卜蜂群益97購01  ,0,0,0,0,0,0,0,0,0,-15000,0,0,0,0,15000,-15000,-15000
055391,光罩統一97購02  ,0,0,0,0,0,0,0,0,0,-15000,0,0,0,0,15000,-15000,-15000
055775,友達凱基9A購01  ,0,0,0,0,0,0,0,0,0,-15000,0,0,0,30000,45000,-15000,-15000
058536,群創統一9B購01  ,0,0,0,0,0,0,0,0,0,-15000,0,0,0,26000,41000,-15000,-15000
059461,鈺齊永豐99購03  ,0,0,0,0,0,0,0,0,0,-15000,0,0,0,1000,16000,-15000,-15000
059866,國巨凱基99購18  ,0,0,0,0,0,0,0,0,0,-15000,0,0,0,5000,20000,-15000,-15000
059911,國巨元大99購27  ,0,0,0,0,0,0,0,0,0,-15000,0,0,0,322000,337000,-15000,-15000
059151,臺股指國票99購14,0,0,0,0,0,0,0,0,0,-15000,0,0,0,21000,36000,-15000,-15000
056655,旺宏元大99購02  ,0,0,0,0,0,0,0,0,0,-15000,0,0,0,9000,24000,-15000,-15000
057272,台積電元大98購14,0,0,0,0,0,0,0,0,0,-15000,0,0,0,0,15000,-15000,-15000
058948,道瓊銀群益9C購01,0,0,0,0,0,0,0,0,0,-15000,0,0,0,0,15000,-15000,-15000
058906,晶相光元大99購01,0,0,0,0,0,0,0,0,0,-15000,0,0,0,0,15000,-15000,-15000
056474,華新科元大99購05,0,0,0,0,0,0,0,0,0,-15000,0,0,0,0,15000,-15000,-15000
058733,同欣電永豐99購02,0,0,0,0,0,0,0,0,0,-15000,0,0,0,196000,211000,-15000,-15000
056684,旺宏統一98購02  ,0,0,0,0,0,0,0,0,0,-15000,0,0,0,0,15000,-15000,-15000
058476,旺宏凱基9A購01  ,0,0,0,0,0,0,0,0,0,-15000,0,0,0,0,15000,-15000,-15000
058649,健策永豐99購01  ,0,0,0,0,0,0,0,0,0,-15000,0,0,0,15000,30000,-15000,-15000
057066,緯穎富邦99購01  ,0,0,0,0,0,0,0,0,0,-15000,0,0,0,220000,235000,-15000,-15000
058117,元石油群益9B購02,0,0,0,0,0,0,0,0,0,-15000,0,0,0,0,15000,-15000,-15000
057962,超眾元大99購03  ,0,0,0,0,0,0,0,0,0,-15000,0,0,0,0,15000,-15000,-15000
059057,聯發科凱基99購10,0,0,0,0,0,0,0,0,0,-15000,0,0,0,0,15000,-15000,-15000
1465,偉全            ,7000,22000,-15000,0,0,0,0,0,0,0,0,0,0,0,0,0,-15000
2414,精技            ,18000,33000,-15000,0,0,0,0,0,0,0,0,0,0,0,0,0,-15000
07741P,滬深2X凱基9B售04,0,0,0,0,0,0,0,0,0,-15000,0,0,0,0,15000,-15000,-15000
07832P,台積電群益9A售08,0,0,0,0,0,0,0,0,0,-15000,0,0,0,0,15000,-15000,-15000
07226P,貿聯富邦9B售01  ,0,0,0,0,0,0,0,0,0,-15000,0,0,0,0,15000,-15000,-15000
07266P,大立光元大99售19,0,0,0,0,0,0,0,0,0,-15000,0,0,0,7000,22000,-15000,-15000
07010P,T50正2凱基9C售01,0,0,0,0,0,0,0,0,0,-15000,0,0,0,0,15000,-15000,-15000
6579,研揚            ,6000,21000,-15000,0,0,0,0,0,0,0,1000,1000,0,0,0,0,-15000
3591,艾笛森          ,2000,17000,-15000,0,0,0,0,0,0,0,0,0,0,0,0,0,-15000
061054,台積電群益9A購04,0,0,0,0,0,0,0,0,0,-16000,0,0,0,143000,159000,-16000,-16000
060843,大立光國票9A購06,0,0,0,0,0,0,0,0,0,-16000,0,0,0,14000,30000,-16000,-16000
061015,旺宏麥證9A購03  ,0,0,0,50000,66000,-16000,0,0,0,-16000,0,0,0,50000,66000,-16000,-16000
06089P,矽創永豐97售01  ,0,0,0,0,0,0,0,0,0,-16000,0,0,0,0,16000,-16000,-16000
060370,滬深2X元富04購01,0,0,0,0,0,0,0,0,0,-16000,0,0,0,0,16000,-16000,-16000
060297,和碩元大9A購02  ,0,0,0,0,0,0,0,0,0,-16000,0,0,0,128000,144000,-16000,-16000
06136P,華新科國泰99售02,0,0,0,0,0,0,0,0,0,-16000,0,0,0,20000,36000,-16000,-16000
062398,建準永豐9B購01  ,0,0,0,0,0,0,0,0,0,-16000,0,0,0,4000,20000,-16000,-16000
062153,智邦麥證9B購01  ,0,0,0,69000,85000,-16000,0,0,0,-16000,0,0,0,69000,85000,-16000,-16000
055639,上銀元富97購02  ,0,0,0,0,0,0,0,0,0,-16000,0,0,0,232000,248000,-16000,-16000
054767,日電貿國票98購01,0,0,0,0,0,0,0,0,0,-16000,0,0,0,16000,32000,-16000,-16000
055387,世紀鋼元大97購01,0,0,0,0,0,0,0,0,0,-16000,0,0,0,0,16000,-16000,-16000
053962,聯茂永豐96購01  ,0,0,0,0,0,0,0,0,0,-16000,0,0,0,20000,36000,-16000,-16000
05905P,晶技統一97售01  ,0,0,0,0,0,0,0,0,0,-16000,0,0,0,6000,22000,-16000,-16000
058468,聯茂中信99購02  ,0,0,0,0,0,0,0,0,0,-16000,0,0,0,48000,64000,-16000,-16000
056145,緯穎元大98購03  ,0,0,0,0,0,0,0,0,0,-16000,0,0,0,0,16000,-16000,-16000
057444,台泥元富98購01  ,0,0,0,0,0,0,0,0,0,-16000,0,0,0,12000,28000,-16000,-16000
5203,訊連            ,118000,129000,-11000,0,0,0,0,0,0,-5000,5000,19000,-14000,9000,0,9000,-16000
9926,新海            ,0,16000,-16000,0,0,0,0,0,0,0,0,0,0,0,0,0,-16000
07415P,台積電元大99售52,0,0,0,0,0,0,0,0,0,-16000,0,0,0,1000,17000,-16000,-16000
07470P,國巨元大9A售06  ,0,0,0,0,0,0,0,0,0,-16000,0,0,0,0,16000,-16000,-16000
2543,皇昌            ,0,16000,-16000,0,0,0,0,0,0,0,0,0,0,0,0,0,-16000
2701,萬企            ,6000,22000,-16000,0,0,0,0,0,0,0,0,0,0,0,0,0,-16000
1443,立益            ,0,11000,-11000,0,0,0,0,0,0,-5000,0,5000,-5000,0,0,0,-16000
1438,裕豐            ,0,16000,-16000,0,0,0,0,0,0,0,0,0,0,0,0,0,-16000
1725,元禎            ,0,16000,-16000,0,0,0,0,0,0,0,0,0,0,0,0,0,-16000
062176,元金2X元大9B購01,0,0,0,0,0,0,0,0,0,-17000,0,0,0,0,17000,-17000,-17000
062070,金寶元大9B購01  ,0,0,0,0,0,0,0,0,0,-17000,0,0,0,3000,20000,-17000,-17000
062218,燿華統一01購01  ,0,0,0,0,0,0,0,0,0,-17000,0,0,0,35000,52000,-17000,-17000
06681P,致茂元大98售02  ,0,0,0,0,0,0,0,0,0,-17000,0,0,0,0,17000,-17000,-17000
06726P,欣興元富98售04  ,0,0,0,0,0,0,0,0,0,-17000,0,0,0,0,17000,-17000,-17000
06568P,國巨永豐98售05  ,0,0,0,0,0,0,0,0,0,-17000,0,0,0,5000,22000,-17000,-17000
061929,嘉澤凱基9B購01  ,0,0,0,0,0,0,0,0,0,-17000,0,0,0,92000,109000,-17000,-17000
060309,佳世達永豐9A購01,0,0,0,0,0,0,0,0,0,-17000,0,0,0,51000,68000,-17000,-17000
060090,台積電元大99購55,0,0,0,0,0,0,0,0,0,-17000,0,0,0,40000,57000,-17000,-17000
060475,瑞祺元大9A購01  ,0,0,0,0,0,0,0,0,0,-17000,0,0,0,11000,28000,-17000,-17000
06043P,創意永豐96售06  ,0,0,0,0,0,0,0,0,0,-17000,0,0,0,50000,67000,-17000,-17000
060656,國巨統一9C購03  ,0,0,0,0,0,0,0,0,0,-17000,0,0,0,28000,45000,-17000,-17000
060924,大毅永豐9A購03  ,0,0,0,0,0,0,0,0,0,-17000,0,0,0,0,17000,-17000,-17000
060855,華新科富邦01購01,0,0,0,0,0,0,0,0,0,-17000,0,0,0,0,17000,-17000,-17000
061184,大立光國泰9C購01,0,0,0,0,0,0,0,0,0,-17000,0,0,0,35000,52000,-17000,-17000
061198,世紀鋼永豐9A購03,0,0,0,0,0,0,0,0,0,-17000,0,0,0,0,17000,-17000,-17000
053436,聯茂日盛96購01  ,0,0,0,0,0,0,0,0,0,-17000,0,0,0,124000,141000,-17000,-17000
053754,英業達元富96購02,0,0,0,0,0,0,0,0,0,-17000,0,0,0,106000,123000,-17000,-17000
058532,禾伸堂元富99購01,0,0,0,0,0,0,0,0,0,-17000,0,0,0,33000,50000,-17000,-17000
058570,臻鼎凱基9A購01  ,0,0,0,0,0,0,0,0,0,-17000,0,0,0,8000,25000,-17000,-17000
058355,旺宏凱基99購04  ,0,0,0,0,0,0,0,0,0,-17000,0,0,0,5000,22000,-17000,-17000
054127,台積電元大96購21,0,0,0,0,0,0,0,0,0,-17000,0,0,0,0,17000,-17000,-17000
05596P,可成統一96售01  ,0,0,0,0,0,0,0,0,0,-17000,0,0,0,50000,67000,-17000,-17000
055905,可成兆豐97購03  ,0,0,0,0,0,0,0,0,0,-17000,0,0,0,3000,20000,-17000,-17000
051872,矽力凱基96購01  ,0,0,0,0,0,0,0,0,0,-17000,0,0,0,30000,47000,-17000,-17000
050485,國巨統一96購01  ,0,0,0,0,0,0,0,0,0,-17000,0,0,0,171000,188000,-17000,-17000
058952,南茂群益99購01  ,0,0,0,0,0,0,0,0,0,-17000,0,0,0,188000,205000,-17000,-17000
059943,信邦永豐99購01  ,0,0,0,0,0,0,0,0,0,-17000,0,0,0,109000,126000,-17000,-17000
059573,健策凱基9A購02  ,0,0,0,0,0,0,0,0,0,-17000,0,0,0,0,17000,-17000,-17000
057357,超眾統一98購01  ,0,0,0,0,0,0,0,0,0,-17000,0,0,0,30000,47000,-17000,-17000
056132,台光電元大97購03,0,0,0,0,0,0,0,0,0,-17000,0,0,0,13000,30000,-17000,-17000
056481,創意元大98購01  ,0,0,0,0,0,0,0,0,0,-17000,0,0,0,0,17000,-17000,-17000
058803,世紀鋼元大99購03,0,0,0,0,0,0,0,0,0,-17000,0,0,0,111000,128000,-17000,-17000
056211,南港國票98購01  ,0,0,0,0,0,0,0,0,0,-17000,0,0,0,40000,57000,-17000,-17000
056288,健鼎永豐97購01  ,0,0,0,0,0,0,0,0,0,-17000,0,0,0,18000,35000,-17000,-17000
2468,華經            ,1000,18000,-17000,0,0,0,0,0,0,0,0,0,0,0,0,0,-17000
2453,凌群            ,73000,90000,-17000,0,0,0,0,0,0,0,0,0,0,0,0,0,-17000
2433,互盛電          ,3000,20000,-17000,0,0,0,0,0,0,0,0,0,0,0,0,0,-17000
07243P,台灣50凱基9A售04,0,0,0,0,0,0,0,0,0,-17000,0,0,0,5000,22000,-17000,-17000
6451,訊芯-KY         ,149000,164000,-15000,0,0,0,0,0,0,-2000,2000,1000,1000,9000,12000,-3000,-17000
06187P,國巨統一97售05  ,0,0,0,0,0,0,0,0,0,-18000,0,0,0,6000,24000,-18000,-18000
061445,道瓊指中信9A購01,0,0,0,0,0,0,0,0,0,-18000,0,0,0,0,18000,-18000,-18000
062394,大立光富邦02購01,0,0,0,0,0,0,0,0,0,-18000,0,0,0,0,18000,-18000,-18000
051321,建準國票96購01  ,0,0,0,0,0,0,0,0,0,-18000,0,0,0,0,18000,-18000,-18000
051424,緯穎國票97購01  ,0,0,0,0,0,0,0,0,0,-18000,0,0,0,2000,20000,-18000,-18000
054080,微星中信98購01  ,0,0,0,0,0,0,0,0,0,-18000,0,0,0,4000,22000,-18000,-18000
055475,臻鼎凱基97購02  ,0,0,0,0,0,0,0,0,0,-18000,0,0,0,0,18000,-18000,-18000
054278,晶技群益97購02  ,0,0,0,0,0,0,0,0,0,-18000,0,0,0,0,18000,-18000,-18000
056383,上銀國泰99購01  ,0,0,0,0,0,0,0,0,0,-18000,0,0,0,0,18000,-18000,-18000
056705,超眾國泰99購01  ,0,0,0,0,0,0,0,0,0,-18000,0,0,0,0,18000,-18000,-18000
059334,A50正2國票9A購02,0,0,0,0,0,0,0,0,0,-18000,0,0,0,12000,30000,-18000,-18000
059707,健策凱基9A購03  ,0,0,0,0,0,0,0,0,0,-18000,0,0,0,0,18000,-18000,-18000
059763,華擎永豐99購03  ,0,0,0,0,0,0,0,0,0,-18000,0,0,0,147000,165000,-18000,-18000
058960,臺股指國票99購05,0,0,0,0,0,0,0,0,0,-18000,0,0,0,5000,23000,-18000,-18000
5533,皇鼎            ,0,18000,-18000,0,0,0,0,0,0,0,0,0,0,0,0,0,-18000
4737,華廣            ,6000,24000,-18000,0,0,0,0,0,0,0,0,0,0,0,0,0,-18000
4930,燦星網          ,1000,17000,-16000,0,0,0,0,0,0,-2000,0,2000,-2000,0,0,0,-18000
07084P,S&P正2元富9B售02,0,0,0,0,0,0,0,0,0,-18000,0,0,0,0,18000,-18000,-18000
07799P,南電國票9A售04  ,0,0,0,0,0,0,0,0,0,-18000,0,0,0,0,18000,-18000,-18000
2415,錩新            ,31000,49000,-18000,0,0,0,0,0,0,0,0,0,0,0,0,0,-18000
1535,中宇            ,4000,22000,-18000,0,0,0,0,0,0,0,0,0,0,0,0,0,-18000
1517,利奇            ,0,18000,-18000,0,0,0,0,0,0,0,0,0,0,0,0,0,-18000
1232,大統益          ,3000,21000,-18000,0,0,0,0,0,0,0,0,0,0,0,0,0,-18000
06925P,致茂群益9A售02  ,0,0,0,0,0,0,0,0,0,-19000,0,0,0,0,19000,-19000,-19000
06170P,禾伸堂元富97售02,0,0,0,0,0,0,0,0,0,-19000,0,0,0,0,19000,-19000,-19000
061058,健策國票9A購05  ,0,0,0,0,0,0,0,0,0,-19000,0,0,0,18000,37000,-19000,-19000
060795,世芯永豐9A購02  ,0,0,0,0,0,0,0,0,0,-19000,0,0,0,95000,114000,-19000,-19000
060780,祥碩國泰9B購01  ,0,0,0,0,0,0,0,0,0,-19000,0,0,0,8000,27000,-19000,-19000
06038P,國泰金台新96售01,0,0,0,0,0,0,0,0,0,-19000,0,0,0,1000,20000,-19000,-19000
060532,欣興中信9A購01  ,0,0,0,0,0,0,0,0,0,-19000,0,0,0,30000,49000,-19000,-19000
060289,京元電元大9A購01,0,0,0,0,0,0,0,0,0,-19000,0,0,0,31000,50000,-19000,-19000
05545P,台表科國泰98售01,0,0,0,0,0,0,0,0,0,-19000,0,0,0,5000,24000,-19000,-19000
058612,健策元大99購02  ,0,0,0,0,0,0,0,0,0,-19000,0,0,0,59000,78000,-19000,-19000
054882,台光電統一97購02,0,0,0,0,0,0,0,0,0,-19000,0,0,0,31000,50000,-19000,-19000
054891,聯鈞統一99購02  ,0,0,0,0,0,0,0,0,0,-19000,0,0,0,1000,20000,-19000,-19000
0053,元大電子        ,0,0,0,0,0,0,0,0,0,-19000,0,0,0,0,19000,-19000,-19000
049272,世紀鋼元大96購02,0,0,0,0,0,0,0,0,0,-19000,0,0,0,7000,26000,-19000,-19000
058982,台積電凱基99購08,0,0,0,0,0,0,0,0,0,-19000,0,0,0,0,19000,-19000,-19000
058944,元石油群益9C購02,0,0,0,0,0,0,0,0,0,-19000,0,0,0,21000,40000,-19000,-19000
058864,欣興凱基99購04  ,0,0,0,0,0,0,0,0,0,-19000,0,0,0,0,19000,-19000,-19000
058986,華新科凱基9A購03,0,0,0,0,0,0,0,0,0,-19000,0,0,0,0,19000,-19000,-19000
057283,欣興元大98購07  ,0,0,0,0,0,0,0,0,0,-19000,0,0,0,0,19000,-19000,-19000
056529,中環凱基98購01  ,0,0,0,0,0,0,0,0,0,-19000,0,0,0,39000,58000,-19000,-19000
059637,大立光凱基01購01,0,0,0,0,0,0,0,0,0,-19000,0,0,0,0,19000,-19000,-19000
059664,立積元大9C購01  ,0,0,0,0,0,0,0,0,0,-19000,0,0,0,1000,20000,-19000,-19000
059656,T50反1元大99購11,0,0,0,0,0,0,0,0,0,-19000,0,0,0,156000,175000,-19000,-19000
058625,旺宏國票9A購01  ,0,0,0,0,0,0,0,0,0,-19000,0,0,0,0,19000,-19000,-19000
05793P,臺股指中信99售08,0,0,0,0,0,0,0,0,0,-19000,0,0,0,6000,25000,-19000,-19000
059035,旺宏群益99購06  ,0,0,0,0,0,0,0,0,0,-19000,0,0,0,11000,30000,-19000,-19000
056245,嘉澤群益97購01  ,0,0,0,0,0,0,0,0,0,-19000,0,0,0,20000,39000,-19000,-19000
056265,國泰金統一97購01,0,0,0,0,0,0,0,0,0,-19000,0,0,0,219000,238000,-19000,-19000
05813P,臺股指國票96售06,0,0,0,0,0,0,0,0,0,-19000,0,0,0,1000,20000,-19000,-19000
1618,合機            ,0,19000,-19000,0,0,0,0,0,0,0,0,0,0,0,0,0,-19000
2462,良得電          ,5000,24000,-19000,0,0,0,0,0,0,0,0,0,0,0,0,0,-19000
3024,憶聲            ,11000,30000,-19000,0,0,0,0,0,0,0,0,0,0,0,0,0,-19000
3167,大量            ,0,19000,-19000,0,0,0,0,0,0,0,0,0,0,0,0,0,-19000
06971P,台光電元大99售03,0,0,0,0,0,0,0,0,0,-19000,0,0,0,30000,49000,-19000,-19000
3494,誠研            ,1000,20000,-19000,0,0,0,0,0,0,0,0,0,0,0,0,0,-19000
060261,臺股指凱基9A購04,0,0,0,0,0,0,0,0,0,-20000,0,0,0,0,20000,-20000,-20000
060279,SP黃豆元大9A購01,0,0,0,0,0,0,0,0,0,-20000,0,0,0,0,20000,-20000,-20000
060232,友訊元大9C購01  ,0,0,0,0,0,0,0,0,0,-20000,0,0,0,48000,68000,-20000,-20000
06034P,世芯凱基96售03  ,0,0,0,0,0,0,0,0,0,-20000,0,0,0,0,20000,-20000,-20000
060172,智原台新9A購01  ,0,0,0,0,0,0,0,0,0,-20000,0,0,0,0,20000,-20000,-20000
060431,復盛永豐9A購01  ,0,0,0,0,0,0,0,0,0,-20000,0,0,0,0,20000,-20000,-20000
060597,華通凱基9A購04  ,0,0,0,0,0,0,0,0,0,-20000,0,0,0,0,20000,-20000,-20000
060869,超眾永豐9A購02  ,0,0,0,0,0,0,0,0,0,-20000,0,0,0,0,20000,-20000,-20000
060985,聯發科元大9A購06,0,0,0,0,0,0,0,0,0,-20000,0,0,0,0,20000,-20000,-20000
061048,國巨中信9A購05  ,0,0,0,0,0,0,0,0,0,-20000,0,0,0,0,20000,-20000,-20000
061197,矽創永豐9A購02  ,0,0,0,0,0,0,0,0,0,-20000,0,0,0,222000,242000,-20000,-20000
061220,臺股指元大9A購57,0,0,0,0,0,0,0,0,0,-20000,0,0,0,0,20000,-20000,-20000
061359,台灣50兆豐9C購02,0,0,0,0,0,0,0,0,0,-20000,0,0,0,0,20000,-20000,-20000
061711,台積電凱基9A購27,0,0,0,0,0,0,0,0,0,-20000,0,0,0,0,20000,-20000,-20000
061738,聯發科凱基9B購04,0,0,0,0,0,0,0,0,0,-20000,0,0,0,0,20000,-20000,-20000
061797,聯發科永豐9B購01,0,0,0,0,0,0,0,0,0,-20000,0,0,0,0,20000,-20000,-20000
061778,元金2X群益9B購02,0,0,0,0,0,0,0,0,0,-20000,0,0,0,0,20000,-20000,-20000
061866,力山元大9C購01  ,0,0,0,0,0,0,0,0,0,-20000,0,0,0,0,20000,-20000,-20000
061510,嘉澤富邦9C購01  ,0,0,0,0,0,0,0,0,0,-20000,0,0,0,0,20000,-20000,-20000
061657,智原國票9A購01  ,0,0,0,0,0,0,0,0,0,-20000,0,0,0,0,20000,-20000,-20000
06878P,台灣50日盛9B售01,0,0,0,0,0,0,0,0,0,-20000,0,0,0,0,20000,-20000,-20000
06822P,上銀富邦99售03  ,0,0,0,0,0,0,0,0,0,-20000,0,0,0,0,20000,-20000,-20000
06528P,台積電富邦99售03,0,0,0,0,0,0,0,0,0,-20000,0,0,0,1250000,1270000,-20000,-20000
06608P,立積群益99售02  ,0,0,0,0,0,0,0,0,0,-20000,0,0,0,0,20000,-20000,-20000
06634P,欣興國票98售02  ,0,0,0,0,0,0,0,0,0,-20000,0,0,0,0,20000,-20000,-20000
06517P,國巨凱基98售09  ,0,0,0,0,0,0,0,0,0,-20000,0,0,0,0,20000,-20000,-20000
062251,旺宏元大9B購06  ,0,0,0,0,0,0,0,0,0,-20000,0,0,0,0,20000,-20000,-20000
062097,台光電永豐9B購01,0,0,0,0,0,0,0,0,0,-20000,0,0,0,10000,30000,-20000,-20000
03013X,元展13          ,0,0,0,0,0,0,0,0,0,-20000,0,0,0,0,20000,-20000,-20000
00763U,街口道瓊銅      ,0,0,0,0,0,0,0,0,0,-20000,0,0,0,13000,33000,-20000,-20000
00662,富邦NASDAQ      ,0,4000,-4000,0,0,0,0,0,0,-16000,514000,0,514000,40000,570000,-530000,-20000
05013P,台積電元大96售05,0,0,0,0,0,0,0,0,0,-20000,0,0,0,0,20000,-20000,-20000
040761,T50反1凱基95購02,0,0,0,0,0,0,0,0,0,-20000,0,0,0,0,20000,-20000,-20000
051281,健策兆豐96購01  ,0,0,0,0,0,0,0,0,0,-20000,0,0,0,10000,30000,-20000,-20000
051047,深中小群益99購01,0,0,0,0,0,0,0,0,0,-20000,0,0,0,0,20000,-20000,-20000
050854,世紀鋼國票97購01,0,0,0,0,0,0,0,0,0,-20000,0,0,0,34000,54000,-20000,-20000
050699,京鼎凱基96購01  ,0,0,0,0,0,0,0,0,0,-20000,0,0,0,0,20000,-20000,-20000
04906P,欣興國票95售01  ,0,0,0,0,0,0,0,0,0,-20000,0,0,0,0,20000,-20000,-20000
052698,深中小國票99購01,0,0,0,0,0,0,0,0,0,-20000,0,0,0,0,20000,-20000,-20000
052706,台虹國票97購01  ,0,0,0,0,0,0,0,0,0,-20000,0,0,0,0,20000,-20000,-20000
048653,巨大元大96購02  ,0,0,0,0,0,0,0,0,0,-20000,0,0,0,0,20000,-20000,-20000
051510,新光金中信97購01,0,0,0,0,0,0,0,0,0,-20000,0,0,0,0,20000,-20000,-20000
053117,大立光中信9A購02,0,0,0,0,0,0,0,0,0,-20000,0,0,0,0,20000,-20000,-20000
053048,同欣電麥證96購01,0,0,0,0,20000,-20000,0,0,0,-20000,0,0,0,0,20000,-20000,-20000
051798,國巨永豐95購03  ,0,0,0,0,0,0,0,0,0,-20000,0,0,0,0,20000,-20000,-20000
051987,廣達元大95購01  ,0,0,0,0,0,0,0,0,0,-20000,0,0,0,0,20000,-20000,-20000
052054,台表科凱基96購01,0,0,0,0,0,0,0,0,0,-20000,0,0,0,10000,30000,-20000,-20000
052112,滬深2X中信99購01,0,0,0,0,0,0,0,0,0,-20000,0,0,0,0,20000,-20000,-20000
055912,宏達電凱基98購03,0,0,0,0,0,0,0,0,0,-20000,0,0,0,0,20000,-20000,-20000
055334,禾伸堂兆豐97購01,0,0,0,0,0,0,0,0,0,-20000,0,0,0,10000,30000,-20000,-20000
051694,A50正2中信96購03,0,0,0,0,0,0,0,0,0,-20000,0,0,0,0,20000,-20000,-20000
054878,和大統一97購02  ,0,0,0,0,0,0,0,0,0,-20000,0,0,0,0,20000,-20000,-20000
055054,群光永豐97購01  ,0,0,0,0,0,0,0,0,0,-20000,0,0,0,40000,60000,-20000,-20000
055174,精元統一97購01  ,0,0,0,0,0,0,0,0,0,-20000,0,0,0,0,20000,-20000,-20000
055233,康友國票98購01  ,0,0,0,0,0,0,0,0,0,-20000,0,0,0,0,20000,-20000,-20000
058360,台光電凱基9A購02,0,0,0,0,0,0,0,0,0,-20000,0,0,0,0,20000,-20000,-20000
058242,玉晶光元大9A購01,0,0,0,0,0,0,0,0,0,-20000,0,0,0,0,20000,-20000,-20000
055515,聚陽中信9A購01  ,0,0,0,0,0,0,0,0,0,-20000,0,0,0,0,20000,-20000,-20000
055518,華新科中信99購01,0,0,0,0,0,0,0,0,0,-20000,0,0,0,0,20000,-20000,-20000
055444,致新台新97購01  ,0,0,0,0,0,0,0,0,0,-20000,0,0,0,0,20000,-20000,-20000
055448,健策統一97購02  ,0,0,0,0,0,0,0,0,0,-20000,0,0,0,100000,120000,-20000,-20000
054301,楠梓電凱基98購01,0,0,0,0,0,0,0,0,0,-20000,0,0,0,0,20000,-20000,-20000
054280,牧德群益98購01  ,0,0,0,0,0,0,0,0,0,-20000,0,0,0,0,20000,-20000,-20000
055710,亞德客元大97購03,0,0,0,0,0,0,0,0,0,-20000,0,0,0,24000,44000,-20000,-20000
053972,華新科元大96購06,0,0,0,0,0,0,0,0,0,-20000,0,0,0,0,20000,-20000,-20000
053998,泰鼎群益98購01  ,0,0,0,0,0,0,0,0,0,-20000,0,0,0,204000,224000,-20000,-20000
054543,元金2X中信01購01,0,0,0,0,0,0,0,0,0,-20000,0,0,0,0,20000,-20000,-20000
054573,漢唐元大98購01  ,0,0,0,0,0,0,0,0,0,-20000,0,0,0,0,20000,-20000,-20000
053728,茂林凱基97購01  ,0,0,0,0,0,0,0,0,0,-20000,0,0,0,0,20000,-20000,-20000
053672,嘉澤元富96購02  ,0,0,0,0,0,0,0,0,0,-20000,0,0,0,0,20000,-20000,-20000
053834,卜蜂永豐96購01  ,0,0,0,0,0,0,0,0,0,-20000,0,0,0,10000,30000,-20000,-20000
053769,香港反元大99購01,0,0,0,0,0,0,0,0,0,-20000,0,0,0,0,20000,-20000,-20000
053799,矽創中信9A購01  ,0,0,0,0,0,0,0,0,0,-20000,0,0,0,0,20000,-20000,-20000
053883,大立光中信98購02,0,0,0,0,0,0,0,0,0,-20000,0,0,0,0,20000,-20000,-20000
058110,光寶科元富98購01,0,0,0,0,0,0,0,0,0,-20000,0,0,0,0,20000,-20000,-20000
058157,華通台新99購01  ,0,0,0,0,0,0,0,0,0,-20000,0,0,0,0,20000,-20000,-20000
057952,元油2X元大98購21,0,0,0,0,0,0,0,0,0,-20000,0,0,0,0,20000,-20000,-20000
056385,創意國泰99購01  ,0,0,0,0,0,0,0,0,0,-20000,0,0,0,54000,74000,-20000,-20000
056659,泰碩元大99購01  ,0,0,0,0,0,0,0,0,0,-20000,0,0,0,0,20000,-20000,-20000
056740,大立光凱基98購13,0,0,0,0,0,0,0,0,0,-20000,0,0,0,0,20000,-20000,-20000
056743,貿聯凱基98購04  ,0,0,0,0,0,0,0,0,0,-20000,0,0,0,0,20000,-20000,-20000
056714,晶相光永豐98購02,0,0,0,0,0,0,0,0,0,-20000,0,0,0,2000,22000,-20000,-20000
056804,T50反1統一9A購03,0,0,0,0,0,0,0,0,0,-20000,0,0,0,60000,80000,-20000,-20000
058786,元黃金元大99購01,0,0,0,0,0,0,0,0,0,-20000,0,0,0,0,20000,-20000,-20000
056121,勤誠群益97購01  ,0,0,0,0,0,0,0,0,0,-20000,0,0,0,176000,196000,-20000,-20000
057433,上銀國票98購04  ,0,0,0,0,0,0,0,0,0,-20000,0,0,0,18000,38000,-20000,-20000
057386,聯發科永豐98購04,0,0,0,0,0,0,0,0,0,-20000,0,0,0,0,20000,-20000,-20000
059338,滬深2X凱基9C購02,0,0,0,0,0,0,0,0,0,-20000,0,0,0,10000,30000,-20000,-20000
058642,旺宏麥證9A購01  ,0,0,0,60000,80000,-20000,0,0,0,-20000,0,0,0,60000,80000,-20000,-20000
059769,滬深2X群益9C購01,0,0,0,0,0,0,0,0,0,-20000,0,0,0,0,20000,-20000,-20000
059713,滬深2X元大9C購04,0,0,0,0,0,0,0,0,0,-20000,0,0,0,0,20000,-20000,-20000
059828,健策凱基99購05  ,0,0,0,0,0,0,0,0,0,-20000,0,0,0,0,20000,-20000,-20000
059928,道瓊銀富邦03購01,0,0,0,0,0,0,0,0,0,-20000,0,0,0,100000,120000,-20000,-20000
057275,友達元大9A購04  ,0,0,0,0,0,0,0,0,0,-20000,0,0,0,63000,83000,-20000,-20000
057596,聯茂兆豐99購01  ,0,0,0,0,0,0,0,0,0,-20000,0,0,0,0,20000,-20000,-20000
058855,台積電兆豐99購02,0,0,0,0,0,0,0,0,0,-20000,0,0,0,9000,29000,-20000,-20000
057448,致茂元富98購01  ,0,0,0,0,0,0,0,0,0,-20000,0,0,0,0,20000,-20000,-20000
057771,鴻海群益99購01  ,0,0,0,0,0,0,0,0,0,-20000,0,0,0,0,20000,-20000,-20000
057654,A50正2中信98購01,0,0,0,0,0,0,0,0,0,-20000,0,0,0,0,20000,-20000,-20000
059262,致茂中信01購01  ,0,0,0,0,0,0,0,0,0,-20000,0,0,0,10000,30000,-20000,-20000
6216,居易            ,4000,22000,-18000,0,0,0,0,0,0,-2000,0,2000,-2000,0,0,0,-20000
6281,全國電          ,1000,21000,-20000,0,0,0,0,0,0,0,0,0,0,0,0,0,-20000
8249,菱光            ,13000,33000,-20000,0,0,0,0,0,0,0,0,0,0,0,0,0,-20000
06928P,鴻海元大99售10  ,0,0,0,0,0,0,0,0,0,-20000,0,0,0,85000,105000,-20000,-20000
07316P,長榮航康和99售01,0,0,0,0,0,0,0,0,0,-20000,0,0,0,0,20000,-20000,-20000
07370P,南亞科凱基99售08,0,0,0,0,0,0,0,0,0,-20000,0,0,0,0,20000,-20000,-20000
07821P,臺股指國票9A售12,0,0,0,0,0,0,0,0,0,-20000,0,0,0,72000,92000,-20000,-20000
07916P,臺股指元大9B售22,0,0,0,0,0,0,0,0,0,-20000,0,0,0,2000,22000,-20000,-20000
07508P,華新科國票9A售03,0,0,0,0,0,0,0,0,0,-20000,0,0,0,0,20000,-20000,-20000
07662P,台積電兆豐9A售03,0,0,0,0,0,0,0,0,0,-20000,0,0,0,0,20000,-20000,-20000
07626P,台灣50凱基04售07,0,0,0,0,0,0,0,0,0,-20000,0,0,0,0,20000,-20000,-20000
07629P,臺股指凱基9A售10,0,0,0,0,0,0,0,0,0,-20000,0,0,0,0,20000,-20000,-20000
07615P,華通中信02售02  ,0,0,0,0,0,0,0,0,0,-20000,0,0,0,0,20000,-20000,-20000
3027,盛達            ,1000,21000,-20000,0,0,0,0,0,0,0,0,0,0,0,0,0,-20000
2460,建通            ,0,20000,-20000,0,0,0,0,0,0,0,0,0,0,0,0,0,-20000
2427,三商電          ,6000,26000,-20000,0,0,0,0,0,0,0,0,0,0,0,0,0,-20000
1449,佳和            ,108000,128000,-20000,0,0,0,0,0,0,0,0,0,0,0,0,0,-20000
062127,台勝科統一01購02,0,0,0,0,0,0,0,0,0,-21000,0,0,0,0,21000,-21000,-21000
061279,鴻海統一9C購04  ,0,0,0,0,0,0,0,0,0,-21000,0,0,0,142000,163000,-21000,-21000
061049,奇力新中信9A購02,0,0,0,0,0,0,0,0,0,-21000,0,0,0,17000,38000,-21000,-21000
06018P,康控凱基96售03  ,0,0,0,0,0,0,0,0,0,-21000,0,0,0,0,21000,-21000,-21000
060300,佐登國泰9B購01  ,0,0,0,0,0,0,0,0,0,-21000,0,0,0,50000,71000,-21000,-21000
054559,台光電群益99購01,0,0,0,0,0,0,0,0,0,-21000,0,0,0,0,21000,-21000,-21000
053947,義隆富邦97購01  ,0,0,0,0,0,0,0,0,0,-21000,0,0,0,0,21000,-21000,-21000
054352,世芯國泰98購01  ,0,0,0,0,0,0,0,0,0,-21000,0,0,0,20000,41000,-21000,-21000
054406,旺宏國票98購01  ,0,0,0,0,0,0,0,0,0,-21000,0,0,0,0,21000,-21000,-21000
058622,國巨國票99購07  ,0,0,0,0,0,0,0,0,0,-21000,0,0,0,527000,548000,-21000,-21000
052152,創意富邦98購01  ,0,0,0,0,0,0,0,0,0,-21000,0,0,0,0,21000,-21000,-21000
048852,旺宏群益96購02  ,0,0,0,0,0,0,0,0,0,-21000,0,0,0,0,21000,-21000,-21000
048192,華通元大96購01  ,0,0,0,0,0,0,0,0,0,-21000,0,0,0,17000,38000,-21000,-21000
057779,禾伸堂群益98購02,0,0,0,0,0,0,0,0,0,-21000,0,0,0,110000,131000,-21000,-21000
057539,南茂元大98購02  ,0,0,0,0,0,0,0,0,0,-21000,0,0,0,106000,127000,-21000,-21000
05730P,臺股指凱基97售03,0,0,0,0,0,0,0,0,0,-21000,0,0,0,1000,22000,-21000,-21000
058016,智邦凱基98購06  ,0,0,0,0,0,0,0,0,0,-21000,0,0,0,10000,31000,-21000,-21000
058848,台積電群益99購07,0,0,0,0,0,0,0,0,0,-21000,0,0,0,10000,31000,-21000,-21000
060019,彰銀康和99購01  ,0,0,0,0,0,0,0,0,0,-21000,0,0,0,9000,30000,-21000,-21000
059748,聯發科台新99購03,0,0,0,0,0,0,0,0,0,-21000,0,0,0,0,21000,-21000,-21000
056995,華新科日盛99購01,0,0,0,0,0,0,0,0,0,-21000,0,0,0,36000,57000,-21000,-21000
056637,台光電日盛9A購01,0,0,0,0,0,0,0,0,0,-21000,0,0,0,24000,45000,-21000,-21000
059424,SGBR2X元大9A購01,0,0,0,0,0,0,0,0,0,-21000,0,0,0,547000,568000,-21000,-21000
05865P,大立光元大96售09,0,0,0,0,0,0,0,0,0,-21000,0,0,0,0,21000,-21000,-21000
058106,神達統一98購02  ,0,0,0,0,0,0,0,0,0,-21000,0,0,0,0,21000,-21000,-21000
058451,智邦永豐9A購01  ,0,0,0,0,0,0,0,0,0,-21000,0,0,0,9000,30000,-21000,-21000
2358,廷鑫            ,2000,23000,-21000,0,0,0,0,0,0,0,0,0,0,0,0,0,-21000
2906,高林            ,0,21000,-21000,0,0,0,0,0,0,0,0,0,0,0,0,0,-21000
2881A,富邦特          ,0,4000,-4000,0,0,0,0,0,0,-17000,2000,19000,-17000,0,0,0,-21000
07932P,國巨元大9B售04  ,0,0,0,0,0,0,0,0,0,-21000,0,0,0,0,21000,-21000,-21000
07900P,臺股指凱基9B售03,0,0,0,0,0,0,0,0,0,-21000,0,0,0,1000,22000,-21000,-21000
07751P,世紀鋼凱基9A售02,50000,0,50000,0,0,0,0,0,0,-71000,0,0,0,4000,75000,-71000,-21000
06982P,義隆凱基99售02  ,0,0,0,0,0,0,0,0,0,-21000,0,0,0,0,21000,-21000,-21000
07043P,國巨元大99售14  ,0,0,0,0,0,0,0,0,0,-21000,0,0,0,129000,150000,-21000,-21000
8261,富鼎            ,87000,108000,-21000,0,0,0,0,0,0,0,0,0,0,0,0,0,-21000
8478,東哥遊艇        ,0,21000,-21000,0,0,0,0,0,0,0,0,0,0,0,0,0,-21000
4764,雙鍵            ,0,21000,-21000,0,0,0,0,0,0,0,0,0,0,0,0,0,-21000
060271,台灣50元大9C購23,0,0,0,0,0,0,0,0,0,-22000,0,0,0,0,22000,-22000,-22000
060031,旭富永豐99購02  ,0,0,0,0,0,0,0,0,0,-22000,0,0,0,20000,42000,-22000,-22000
060449,元金2X元大9A購02,0,0,0,0,0,0,0,0,0,-22000,0,0,0,0,22000,-22000,-22000
060533,臺股指中信9B購05,0,0,0,0,0,0,0,0,0,-22000,0,0,0,0,22000,-22000,-22000
061326,新日興凱基9B購01,0,0,0,0,0,0,0,0,0,-22000,0,0,0,151000,173000,-22000,-22000
062264,南六元大9B購02  ,0,0,0,0,0,0,0,0,0,-22000,0,0,0,27000,49000,-22000,-22000
062387,健策國泰01購01  ,0,0,0,0,0,0,0,0,0,-22000,0,0,0,26000,48000,-22000,-22000
06431P,新日興元大97售05,0,0,0,0,0,0,0,0,0,-22000,0,0,0,0,22000,-22000,-22000
06578P,華新科國票98售02,0,0,0,0,0,0,0,0,0,-22000,0,0,0,0,22000,-22000,-22000
061887,祥碩國泰9C購01  ,0,0,0,0,0,0,0,0,0,-22000,0,0,0,84000,106000,-22000,-22000
053041,可成凱基96購02  ,0,0,0,0,0,0,0,0,0,-22000,0,0,0,50000,72000,-22000,-22000
052555,漢唐國票97購01  ,0,0,0,0,0,0,0,0,0,-22000,0,0,0,0,22000,-22000,-22000
055232,泰碩國票98購01  ,0,0,0,0,0,0,0,0,0,-22000,0,0,0,1000,23000,-22000,-22000
05500P,臺股指中信96售04,0,0,0,0,0,0,0,0,0,-22000,0,0,0,0,22000,-22000,-22000
055798,聯茂富邦98購01  ,0,0,0,0,0,0,0,0,0,-22000,0,0,0,50000,72000,-22000,-22000
053380,南亞科元大97購01,0,0,0,0,0,0,0,0,0,-22000,0,0,0,0,22000,-22000,-22000
053643,漢唐國票97購02  ,0,0,0,0,0,0,0,0,0,-22000,0,0,0,0,22000,-22000,-22000
058445,旺宏富邦9C購01  ,0,0,0,0,0,0,0,0,0,-22000,0,0,0,0,22000,-22000,-22000
057171,台光電元大9B購01,0,0,0,0,0,0,0,0,0,-22000,0,0,0,0,22000,-22000,-22000
059702,台積電凱基9A購14,0,0,0,0,0,0,0,0,0,-22000,0,0,0,0,22000,-22000,-22000
058958,台表科國票9A購03,0,0,0,0,0,0,0,0,0,-22000,0,0,0,9000,31000,-22000,-22000
3617,碩天            ,5000,26000,-21000,0,0,0,0,0,0,-1000,0,0,0,0,1000,-1000,-22000
8411,福貞-KY         ,0,22000,-22000,0,0,0,0,0,0,0,0,0,0,0,0,0,-22000
07069P,欣興元富99售02  ,0,0,0,0,0,0,0,0,0,-22000,0,0,0,0,22000,-22000,-22000
07768P,緯穎群益9A售02  ,0,0,0,0,0,0,0,0,0,-22000,0,0,0,112000,134000,-22000,-22000
07708P,玉晶光元大9A售13,0,0,0,0,0,0,0,0,0,-22000,0,0,0,14000,36000,-22000,-22000
2397,友通            ,8000,29000,-21000,0,0,0,0,0,0,-1000,0,1000,-1000,0,0,0,-22000
1416,廣豐            ,0,22000,-22000,0,0,0,0,0,0,0,0,0,0,0,0,0,-22000
062147,大毅國票9B購02  ,0,0,0,0,0,0,0,0,0,-23000,0,0,0,4000,27000,-23000,-23000
06057P,大立光凱基98售01,0,0,0,0,0,0,0,0,0,-23000,0,0,0,40000,63000,-23000,-23000
060565,大立光富邦01購01,0,0,0,0,0,0,0,0,0,-23000,0,0,0,12000,35000,-23000,-23000
060636,大毅永豐9A購02  ,0,0,0,0,0,0,0,0,0,-23000,0,0,0,7000,30000,-23000,-23000
06013P,世芯國泰97售03  ,0,0,0,0,0,0,0,0,0,-23000,0,0,0,78000,101000,-23000,-23000
053887,聯茂兆豐97購02  ,0,0,0,0,0,0,0,0,0,-23000,0,0,0,2000,25000,-23000,-23000
054399,智易永豐96購03  ,0,0,0,0,0,0,0,0,0,-23000,0,0,0,0,23000,-23000,-23000
054929,群電凱基97購01  ,0,0,0,0,0,0,0,0,0,-23000,0,0,0,0,23000,-23000,-23000
058524,超眾元大99購04  ,0,0,0,0,0,0,0,0,0,-23000,0,0,0,62000,85000,-23000,-23000
042953,鴻海台新01購01  ,0,0,0,0,0,0,0,0,0,-23000,0,0,0,0,23000,-23000,-23000
0052,富邦科技        ,0,0,0,0,0,0,0,0,0,-23000,0,0,0,100000,123000,-23000,-23000
057456,道瓊銀富邦9C購01,0,0,0,0,0,0,0,0,0,-23000,0,0,0,0,23000,-23000,-23000
059732,超眾元大9A購01  ,0,0,0,0,0,0,0,0,0,-23000,0,0,0,57000,80000,-23000,-23000
059851,晶相光永豐99購02,0,0,0,0,0,0,0,0,0,-23000,0,0,0,18000,41000,-23000,-23000
059844,大立光富邦9C購04,0,0,0,0,0,0,0,0,0,-23000,0,0,0,0,23000,-23000,-23000
057936,健策群益99購01  ,0,0,0,0,0,0,0,0,0,-23000,0,0,0,18000,41000,-23000,-23000
058151,台積電統一9A購04,0,0,0,0,0,0,0,0,0,-23000,0,0,0,10000,33000,-23000,-23000
2069,運錩            ,0,23000,-23000,0,0,0,0,0,0,0,0,0,0,0,0,0,-23000
07713P,台郡元大9A售03  ,0,0,0,0,0,0,0,0,0,-23000,0,0,0,0,23000,-23000,-23000
07467P,上銀元大9A售03  ,0,0,0,0,0,0,0,0,0,-23000,0,0,0,0,23000,-23000,-23000
07558P,玉晶光元大9A售10,0,0,0,0,0,0,0,0,0,-23000,0,0,0,0,23000,-23000,-23000
07385P,緯穎群益99售04  ,0,0,0,0,0,0,0,0,0,-23000,0,0,0,0,23000,-23000,-23000
2480,敦陽科          ,80000,103400,-23400,0,0,0,0,0,0,0,0,0,0,0,0,0,-23400
060054,華新科凱基9B購04,0,0,0,0,0,0,0,0,0,-24000,0,0,0,0,24000,-24000,-24000
061217,臺股指元大9A購54,0,0,0,0,0,0,0,0,0,-24000,0,0,0,0,24000,-24000,-24000
060930,超眾永豐9A購03  ,0,0,0,0,0,0,0,0,0,-24000,0,0,0,3000,27000,-24000,-24000
062279,晶豪科群益9B購01,0,0,0,0,0,0,0,0,0,-24000,0,0,0,0,24000,-24000,-24000
061740,華新科凱基03購01,0,0,0,0,0,0,0,0,0,-24000,0,0,0,10000,34000,-24000,-24000
061673,仁寶元大9B購01  ,0,0,0,0,0,0,0,0,0,-24000,0,0,0,0,24000,-24000,-24000
049463,華新科富邦97購01,0,0,0,0,0,0,0,0,0,-24000,0,0,0,0,24000,-24000,-24000
042793,台積電台新9C購01,0,0,0,0,0,0,0,0,0,-24000,0,0,0,0,24000,-24000,-24000
055114,新日興凱基98購01,0,0,0,0,0,0,0,0,0,-24000,0,0,0,26000,50000,-24000,-24000
054367,鴻海中信98購03  ,0,0,0,0,0,0,0,0,0,-24000,0,0,0,0,24000,-24000,-24000
057849,南茂永豐98購02  ,0,0,0,0,0,0,0,0,0,-24000,0,0,0,0,24000,-24000,-24000
056368,祥碩元大98購02  ,0,0,0,0,0,0,0,0,0,-24000,0,0,0,11000,35000,-24000,-24000
057202,TPK元富98購02   ,0,0,0,0,0,0,0,0,0,-24000,0,0,0,169000,193000,-24000,-24000
059920,宏達電元大99購07,0,0,0,0,0,0,0,0,0,-24000,0,0,0,73000,97000,-24000,-24000
059344,長榮航凱基99購01,0,0,0,0,0,0,0,0,0,-24000,0,0,0,36000,60000,-24000,-24000
059341,台積電凱基99購15,0,0,0,0,0,0,0,0,0,-24000,0,0,0,1000,25000,-24000,-24000
057641,旺宏元大98購10  ,0,0,0,0,0,0,0,0,0,-24000,0,0,0,6000,30000,-24000,-24000
058904,晶技元大99購05  ,0,0,0,0,0,0,0,0,0,-24000,0,0,0,0,24000,-24000,-24000
2496,卓越            ,0,24000,-24000,0,0,0,0,0,0,0,0,0,0,0,0,0,-24000
8463,潤泰材          ,17000,41000,-24000,0,0,0,0,0,0,0,0,0,0,0,0,0,-24000
9927,泰銘            ,10000,30000,-20000,0,0,0,0,0,0,-4000,0,4000,-4000,0,0,0,-24000
4999,鑫禾            ,3000,27000,-24000,0,0,0,0,0,0,0,0,0,0,0,0,0,-24000
8033,雷虎            ,0,24000,-24000,0,0,0,0,0,0,0,0,0,0,0,0,0,-24000
061513,華新科永豐9A購04,0,0,0,0,0,0,0,0,0,-25000,0,0,0,0,25000,-25000,-25000
061765,義隆元大9B購01  ,0,0,0,0,0,0,0,0,0,-25000,0,0,0,0,25000,-25000,-25000
061918,上銀凱基9B購02  ,0,0,0,0,0,0,0,0,0,-25000,0,0,0,0,25000,-25000,-25000
062005,旺宏國泰01購01  ,0,0,0,0,0,0,0,0,0,-25000,0,0,0,5000,30000,-25000,-25000
062226,臻鼎統一9B購01  ,0,0,0,0,0,0,0,0,0,-25000,0,0,0,0,25000,-25000,-25000
062124,大立光統一9B購09,0,0,0,0,0,0,0,0,0,-25000,0,0,0,0,25000,-25000,-25000
062129,世紀鋼統一02購01,0,0,0,0,0,0,0,0,0,-25000,0,0,0,10000,35000,-25000,-25000
062210,聯發科台新9B購01,0,0,0,0,0,0,0,0,0,-25000,0,0,0,0,25000,-25000,-25000
06586P,鴻海元大9C售01  ,0,0,0,0,0,0,0,0,0,-25000,0,0,0,69000,94000,-25000,-25000
06651P,華新科元大99售09,0,0,0,0,0,0,0,0,0,-25000,0,0,0,0,25000,-25000,-25000
06090P,旺宏統一97售06  ,0,0,0,0,0,0,0,0,0,-25000,0,0,0,60000,85000,-25000,-25000
060712,建準永豐9A購01  ,0,0,0,0,0,0,0,0,0,-25000,0,0,0,48000,73000,-25000,-25000
060075,台積電元富99購05,0,0,0,0,0,0,0,0,0,-25000,0,0,0,0,25000,-25000,-25000
060231,台積電元大9A購08,0,0,0,0,0,0,0,0,0,-25000,0,0,0,10000,35000,-25000,-25000
060476,瑞祺元大9A購02  ,0,0,0,0,0,0,0,0,0,-25000,0,0,0,13000,38000,-25000,-25000
053723,奇鋐凱基98購01  ,0,0,0,0,0,0,0,0,0,-25000,0,0,0,0,25000,-25000,-25000
055119,力成凱基98購01  ,0,0,0,0,0,0,0,0,0,-25000,0,0,0,5000,30000,-25000,-25000
055034,建準富邦99購01  ,0,0,0,0,0,0,0,0,0,-25000,0,0,0,0,25000,-25000,-25000
055668,欣興群益97購01  ,0,0,0,0,0,0,0,0,0,-25000,0,0,0,1000,26000,-25000,-25000
03677C,臺股指元大05牛02,0,0,0,0,0,0,0,0,0,-25000,0,0,0,0,25000,-25000,-25000
050254,大立光富邦96購02,0,0,0,0,0,0,0,0,0,-25000,0,0,0,0,25000,-25000,-25000
00700,富邦恒生國企    ,0,0,0,0,0,0,0,0,0,-25000,0,0,0,90000,115000,-25000,-25000
048236,A50正2國票97購02,0,0,0,0,0,0,0,0,0,-25000,0,0,0,0,25000,-25000,-25000
048652,巨大元大96購01  ,0,0,0,0,0,0,0,0,0,-25000,0,0,0,5000,30000,-25000,-25000
052890,FB上証群益9B購01,0,0,0,0,0,0,0,0,0,-25000,0,0,0,0,25000,-25000,-25000
051192,緯創兆豐96購01  ,0,0,0,0,0,0,0,0,0,-25000,0,0,0,75000,100000,-25000,-25000
054152,漢唐國泰98購02  ,0,0,0,0,0,0,0,0,0,-25000,0,0,0,5000,30000,-25000,-25000
055887,上銀統一97購03  ,0,0,0,0,0,0,0,0,0,-25000,0,0,0,100000,125000,-25000,-25000
058908,貿聯元大99購03  ,0,0,0,0,0,0,0,0,0,-25000,0,0,0,5000,30000,-25000,-25000
057547,技嘉凱基99購01  ,0,0,0,0,0,0,0,0,0,-25000,0,0,0,6000,31000,-25000,-25000
057379,寶成元大98購02  ,0,0,0,0,0,0,0,0,0,-25000,0,0,0,20000,45000,-25000,-25000
057434,國巨國票99購03  ,0,0,0,0,0,0,0,0,0,-25000,0,0,0,0,25000,-25000,-25000
059760,楠梓電永豐99購01,0,0,0,0,0,0,0,0,0,-25000,0,0,0,0,25000,-25000,-25000
058743,可成康和99購01  ,0,0,0,0,0,0,0,0,0,-25000,0,0,0,0,25000,-25000,-25000
057844,新日興永豐99購01,0,0,0,0,0,0,0,0,0,-25000,0,0,0,5000,30000,-25000,-25000
058146,勤誠元大99購01  ,0,0,0,0,0,0,0,0,0,-25000,0,0,0,5000,30000,-25000,-25000
8114,振樺電          ,1000,26000,-25000,0,0,0,0,0,0,0,0,0,0,0,0,0,-25000
6168,宏齊            ,62000,87000,-25000,0,0,0,0,0,0,0,0,0,0,0,0,0,-25000
4526,東台            ,46000,71000,-25000,0,0,0,0,0,0,0,0,0,0,0,0,0,-25000
3305,昇貿            ,0,25000,-25000,0,0,0,0,0,0,0,0,0,0,0,0,0,-25000
8482,商億-KY         ,0,25000,-25000,0,0,0,0,0,0,0,0,0,0,0,0,0,-25000
2443,億麗            ,0,25000,-25000,0,0,0,0,0,0,0,0,0,0,0,0,0,-25000
2374,佳能            ,16000,41000,-25000,0,0,0,0,0,0,0,0,0,0,0,0,0,-25000
2908,特力            ,17000,42000,-25000,0,0,0,0,0,0,0,0,0,0,0,0,0,-25000
1528,恩德            ,1000,26000,-25000,0,0,0,0,0,0,0,0,0,0,0,0,0,-25000
1533,車王電          ,0,25000,-25000,0,0,0,0,0,0,0,0,0,0,0,0,0,-25000
07953P,健策元大9B售07  ,0,0,0,0,0,0,0,0,0,-25000,0,0,0,50000,75000,-25000,-25000
07015P,國巨元大99售13  ,0,0,0,0,0,0,0,0,0,-25000,0,0,0,20000,45000,-25000,-25000
07106P,國巨統一9B售05  ,0,0,0,0,0,0,0,0,0,-25000,0,0,0,30000,55000,-25000,-25000
07568P,鴻海凱基9A售22  ,0,0,0,0,0,0,0,0,0,-25000,0,0,0,0,25000,-25000,-25000
060387,盛群凱基9A購01  ,0,0,0,0,0,0,0,0,0,-26000,0,0,0,10000,36000,-26000,-26000
060714,晶技永豐9A購02  ,0,0,0,0,0,0,0,0,0,-26000,0,0,0,111000,137000,-26000,-26000
060962,義隆凱基9B購01  ,0,0,0,0,0,0,0,0,0,-26000,0,0,0,41000,67000,-26000,-26000
062087,瑞祺元大9B購02  ,0,0,0,0,0,0,0,0,0,-26000,0,0,0,20000,46000,-26000,-26000
062377,力成元大9B購01  ,0,0,0,0,0,0,0,0,0,-26000,0,0,0,0,26000,-26000,-26000
061995,超眾元大01購01  ,0,0,0,0,0,0,0,0,0,-26000,0,0,0,4000,30000,-26000,-26000
061521,亞光兆豐9A購02  ,0,0,0,0,0,0,0,0,0,-26000,0,0,0,38000,64000,-26000,-26000
05590P,臺股指中信96售05,0,0,0,0,0,0,0,0,0,-26000,0,0,0,48000,74000,-26000,-26000
055817,京鼎國票99購01  ,0,0,0,0,0,0,0,0,0,-26000,0,0,0,36000,62000,-26000,-26000
052387,台積電群益95購08,0,0,0,0,0,0,0,0,0,-26000,0,0,0,0,26000,-26000,-26000
05248P,矽創群益96售01  ,0,0,0,0,0,0,0,0,0,-26000,0,0,0,0,26000,-26000,-26000
052693,微星中信96購01  ,0,0,0,0,0,0,0,0,0,-26000,0,0,0,74000,100000,-26000,-26000
03445B,臺股指元大02熊01,0,0,0,0,0,0,0,0,0,-26000,0,0,0,0,26000,-26000,-26000
054913,億光凱基97購01  ,0,0,0,0,0,0,0,0,0,-26000,0,0,0,23000,49000,-26000,-26000
054898,台肥康和97購01  ,0,0,0,0,0,0,0,0,0,-26000,0,0,0,20000,46000,-26000,-26000
058574,台積電群益99購03,0,0,0,0,0,0,0,0,0,-26000,0,0,0,0,26000,-26000,-26000
053928,智易國票97購03  ,0,0,0,0,0,0,0,0,0,-26000,0,0,0,36000,62000,-26000,-26000
05627P,致伸國票97售01  ,0,0,0,0,0,0,0,0,0,-26000,0,0,0,0,26000,-26000,-26000
058995,台達電元大99購01,0,0,0,0,0,0,0,0,0,-26000,0,0,0,0,26000,-26000,-26000
058751,南茂凱基9A購01  ,0,0,0,0,0,0,0,0,0,-26000,0,0,0,10000,36000,-26000,-26000
058800,健策元大99購03  ,0,0,0,0,0,0,0,0,0,-26000,0,0,0,100000,126000,-26000,-26000
059720,台積電元大99購43,0,0,0,0,0,0,0,0,0,-26000,0,0,0,17000,43000,-26000,-26000
059880,世紀鋼凱基99購02,0,0,0,0,0,0,0,0,0,-26000,0,0,0,0,26000,-26000,-26000
059947,貿聯永豐99購03  ,0,0,0,0,0,0,0,0,0,-26000,0,0,0,0,26000,-26000,-26000
059639,大立光凱基9A購06,0,0,0,0,0,0,0,0,0,-26000,0,0,0,4000,30000,-26000,-26000
056509,晶相光永豐98購01,0,0,0,0,0,0,0,0,0,-26000,0,0,0,0,26000,-26000,-26000
057308,同欣電兆豐99購01,0,0,0,0,0,0,0,0,0,-26000,0,0,0,35000,61000,-26000,-26000
057774,台光電群益99購02,0,0,0,0,0,0,0,0,0,-26000,0,0,0,84000,110000,-26000,-26000
07789P,緯穎群益9A售03  ,0,0,0,0,0,0,0,0,0,-26000,0,0,0,33000,59000,-26000,-26000
07871P,台積電群益9C售02,0,0,0,0,0,0,0,0,0,-26000,0,0,0,0,26000,-26000,-26000
06954P,大立光元富99售01,0,0,0,0,0,0,0,0,0,-26000,0,0,0,61000,87000,-26000,-26000
07428P,華新科國票9A售01,0,0,0,0,0,0,0,0,0,-26000,0,0,0,0,26000,-26000,-26000
07946P,華通統一9B售02  ,0,0,0,0,0,0,0,0,0,-26000,0,0,0,0,26000,-26000,-26000
1525,江申            ,0,16000,-16000,0,0,0,0,10000,-10000,0,0,0,0,0,0,0,-26000
3028,增你強          ,6000,30000,-24000,0,0,0,0,0,0,-2000,0,2000,-2000,0,0,0,-26000
2493,揚博            ,247000,273000,-26000,0,0,0,0,0,0,0,0,0,0,0,0,0,-26000
2465,麗臺            ,12000,38000,-26000,0,0,0,0,0,0,0,0,0,0,0,0,0,-26000
8473,山林水          ,2000,28000,-26000,0,0,0,0,0,0,0,0,0,0,0,0,0,-26000
9902,台火            ,0,26000,-26000,0,0,0,0,0,0,0,0,0,0,0,0,0,-26000
4994,傳奇            ,58000,82000,-24000,0,0,0,0,0,0,-2000,0,0,0,0,2000,-2000,-26000
4555,氣立            ,4000,30000,-26000,0,0,0,0,0,0,0,0,0,0,0,0,0,-26000
3532,台勝科          ,490500,520000,-29500,0,0,0,0,0,0,3000,9000,9000,0,12000,9000,3000,-26500
061647,南六元大9A購03  ,0,0,0,0,0,0,0,0,0,-27000,0,0,0,62000,89000,-27000,-27000
061656,華新科國票9A購08,0,0,0,0,0,0,0,0,0,-27000,0,0,0,8000,35000,-27000,-27000
061541,旺宏群益9A購03  ,0,0,0,0,0,0,0,0,0,-27000,0,0,0,30000,57000,-27000,-27000
061911,台積電中信05購04,0,0,0,0,0,0,0,0,0,-27000,0,0,0,0,27000,-27000,-27000
061791,康友群益9B購01  ,0,0,0,0,0,0,0,0,0,-27000,0,0,0,7000,34000,-27000,-27000
062283,玉晶光群益01購01,0,0,0,0,0,0,0,0,0,-27000,0,0,0,11000,38000,-27000,-27000
06625P,華新科統一98售03,0,0,0,0,0,0,0,0,0,-27000,0,0,0,2000,29000,-27000,-27000
06497P,大立光凱基98售11,0,0,0,0,0,0,0,0,0,-27000,0,0,0,0,27000,-27000,-27000
06801P,技嘉群益99售02  ,0,0,0,0,0,0,0,0,0,-27000,0,0,0,7000,34000,-27000,-27000
061228,聯茂中信9A購01  ,0,0,0,0,0,0,0,0,0,-27000,0,0,0,21000,48000,-27000,-27000
060038,台積電國票99購13,0,0,0,0,0,0,0,0,0,-27000,0,0,0,43000,70000,-27000,-27000
060148,臺股指國票9A購08,0,0,0,0,0,0,0,0,0,-27000,0,0,0,5000,32000,-27000,-27000
053741,漢唐國票97購03  ,0,0,0,0,0,0,0,0,0,-27000,0,0,0,0,27000,-27000,-27000
055092,開發金群益9B購01,0,0,0,0,0,0,0,0,0,-27000,0,0,0,92000,119000,-27000,-27000
042317,台灣50永豐96購01,0,0,0,0,0,0,0,0,0,-27000,0,0,0,0,27000,-27000,-27000
049842,道瓊反中信98購01,0,0,0,0,0,0,0,0,0,-27000,0,0,0,0,27000,-27000,-27000
00702,國泰標普低波高息,0,3000,-3000,0,0,0,0,0,0,-24000,0,0,0,0,24000,-24000,-27000
047211,華新科富邦99購01,0,0,0,0,0,0,0,0,0,-27000,0,0,0,1000,28000,-27000,-27000
055940,致新群益98購01  ,0,0,0,0,0,0,0,0,0,-27000,0,0,0,237000,264000,-27000,-27000
055989,矽力元富9A購01  ,0,0,0,0,0,0,0,0,0,-27000,0,0,0,0,27000,-27000,-27000
057763,康控凱基99購02  ,0,0,0,0,0,0,0,0,0,-27000,0,0,0,0,27000,-27000,-27000
057537,聯茂元大98購04  ,0,0,0,0,0,0,0,0,0,-27000,0,0,0,23000,50000,-27000,-27000
058901,美律元大99購07  ,0,0,0,0,0,0,0,0,0,-27000,0,0,0,74000,101000,-27000,-27000
056572,義隆元大99購01  ,0,0,0,0,0,0,0,0,0,-27000,0,0,0,39000,66000,-27000,-27000
058092,牧德元大98購02  ,0,0,0,0,0,0,0,0,0,-27000,0,0,0,0,27000,-27000,-27000
059281,創意永豐99購02  ,0,0,0,0,0,0,0,0,0,-27000,0,0,0,50000,77000,-27000,-27000
059320,華新科元大99購15,0,0,0,0,0,0,0,0,0,-27000,0,0,0,2000,29000,-27000,-27000
056972,祥碩永豐98購02  ,0,0,0,0,0,0,0,0,0,-27000,0,0,0,79000,106000,-27000,-27000
058453,可成永豐99購01  ,0,0,0,0,0,0,0,0,0,-27000,0,0,0,0,27000,-27000,-27000
3679,新至陞          ,18000,45000,-27000,0,0,0,0,0,0,0,0,0,0,0,0,0,-27000
2477,美隆電          ,3000,30000,-27000,0,0,0,0,0,0,0,0,0,0,0,0,0,-27000
1558,伸興            ,2000,29000,-27000,0,0,0,0,0,0,0,0,0,0,0,0,0,-27000
1432,大魯閣          ,0,27000,-27000,0,0,0,0,0,0,0,0,0,0,0,0,0,-27000
1203,味王            ,4000,31000,-27000,0,0,0,0,0,0,0,0,0,0,0,0,0,-27000
07076P,鴻海凱基9A售08  ,0,0,0,0,0,0,0,0,0,-27000,0,0,0,3000,30000,-27000,-27000
07559P,祥碩元大9A售03  ,0,0,0,0,0,0,0,0,0,-27000,0,0,0,15000,42000,-27000,-27000
060244,大立光元大9B購02,0,0,0,0,0,0,0,0,0,-28000,0,0,0,0,28000,-28000,-28000
061109,臻鼎元大9A購03  ,0,0,0,0,0,0,0,0,0,-28000,0,0,0,99000,127000,-28000,-28000
060827,健策元大9A購02  ,0,0,0,0,0,0,0,0,0,-28000,0,0,0,97000,125000,-28000,-28000
06701P,臺股指統一99售06,0,0,0,0,0,0,0,0,0,-28000,0,0,0,45000,73000,-28000,-28000
062285,台勝科群益9B購01,0,0,0,0,0,0,0,0,0,-28000,0,0,0,0,28000,-28000,-28000
062299,台積電第一9B購01,0,0,0,0,0,0,0,0,0,-28000,0,0,0,0,28000,-28000,-28000
053176,矽力群益96購02  ,0,0,0,0,0,0,0,0,0,-28000,0,0,0,32000,60000,-28000,-28000
052568,漢唐凱基96購02  ,0,0,0,0,0,0,0,0,0,-28000,0,0,0,20000,48000,-28000,-28000
051266,國巨富邦99購01  ,0,0,0,0,0,0,0,0,0,-28000,0,0,0,69000,97000,-28000,-28000
050853,南電國票96購01  ,0,0,0,0,0,0,0,0,0,-28000,0,0,0,1000,29000,-28000,-28000
054972,聯茂元大97購02  ,0,0,0,0,0,0,0,0,0,-28000,0,0,0,0,28000,-28000,-28000
053586,建準元大96購01  ,0,0,0,0,0,0,0,0,0,-28000,0,0,0,0,28000,-28000,-28000
053470,華邦電元大96購02,0,0,0,0,0,0,0,0,0,-28000,0,0,0,0,28000,-28000,-28000
055755,禾伸堂兆豐97購02,0,0,0,0,0,0,0,0,0,-28000,0,0,0,1000,29000,-28000,-28000
059116,晶豪科永豐99購01,0,0,0,0,0,0,0,0,0,-28000,0,0,0,15000,43000,-28000,-28000
057016,中石化凱基9B購01,0,0,0,0,0,0,0,0,0,-28000,0,0,0,309000,337000,-28000,-28000
056418,台光電元富98購01,0,0,0,0,0,0,0,0,0,-28000,0,0,0,7000,35000,-28000,-28000
059313,元石油元大99購06,0,0,0,0,0,0,0,0,0,-28000,0,0,0,127000,155000,-28000,-28000
057390,台表科永豐98購01,0,0,0,0,0,0,0,0,0,-28000,0,0,0,0,28000,-28000,-28000
060030,晶相光永豐99購03,0,0,0,0,0,0,0,0,0,-28000,0,0,0,2000,30000,-28000,-28000
057316,國巨凱基99購04  ,0,0,0,0,0,0,0,0,0,-28000,0,0,0,10000,38000,-28000,-28000
058050,台郡元大99購05  ,0,0,0,0,0,0,0,0,0,-28000,0,0,0,64000,92000,-28000,-28000
07780P,美律凱基9A售02  ,0,0,0,0,0,0,0,0,0,-28000,0,0,0,0,28000,-28000,-28000
2428,興勤            ,60000,96000,-36000,0,0,0,0,0,0,8000,0,0,0,21000,13000,8000,-28000
2891B,中信金乙特      ,0,0,0,0,0,0,0,0,0,-28000,2000,30000,-28000,0,0,0,-28000
2882A,國泰特          ,0,9000,-9000,0,0,0,0,0,0,-19000,5000,24000,-19000,0,0,0,-28000
5525,順天            ,7000,35000,-28000,0,0,0,0,0,0,0,0,0,0,0,0,0,-28000
8103,瀚荃            ,4000,31000,-27000,0,0,0,0,0,0,-1000,0,1000,-1000,0,0,0,-28000
9943,好樂迪          ,4000,32000,-28000,0,0,0,0,0,0,0,0,0,0,0,0,0,-28000
062388,旭富國泰01購01  ,0,0,0,0,0,0,0,0,0,-29000,0,0,0,0,29000,-29000,-29000
06590P,大立光元大98售13,0,0,0,0,0,0,0,0,0,-29000,0,0,0,1000,30000,-29000,-29000
062024,臺股指中信9C購05,0,0,0,0,0,0,0,0,0,-29000,0,0,0,0,29000,-29000,-29000
061957,上銀統一01購01  ,0,0,0,0,0,0,0,0,0,-29000,0,0,0,0,29000,-29000,-29000
060823,旺宏元大9A購05  ,0,0,0,0,0,0,0,0,0,-29000,0,0,0,47000,76000,-29000,-29000
060849,力成國票9A購01  ,0,0,0,0,0,0,0,0,0,-29000,0,0,0,41000,70000,-29000,-29000
060966,台表科凱基9B購01,50000,0,50000,0,0,0,0,0,0,-79000,0,0,0,346000,425000,-79000,-29000
061224,道瓊反中信01購01,0,0,0,0,0,0,0,0,0,-29000,0,0,0,16000,45000,-29000,-29000
060315,易華電永豐9A購01,0,0,0,0,0,0,0,0,0,-29000,0,0,0,33000,62000,-29000,-29000
060159,健和興永豐9A購01,0,0,0,0,0,0,0,0,0,-29000,0,0,0,0,29000,-29000,-29000
055566,台表科凱基97購03,0,0,0,0,0,0,0,0,0,-29000,0,0,0,0,29000,-29000,-29000
058567,華新科凱基9A購02,0,0,0,0,0,0,0,0,0,-29000,0,0,0,20000,49000,-29000,-29000
058507,美律元大9A購01  ,0,0,0,0,0,0,0,0,0,-29000,0,0,0,100000,129000,-29000,-29000
050424,鴻海凱基96購03  ,0,0,0,0,0,0,0,0,0,-29000,0,0,0,5000,34000,-29000,-29000
05996P,華新科群益96售03,0,0,0,0,0,0,0,0,0,-29000,0,0,0,0,29000,-29000,-29000
056228,可成凱基97購03  ,0,0,0,0,0,0,0,0,0,-29000,0,0,0,1000,30000,-29000,-29000
9946,三發地產        ,1000,30000,-29000,0,0,0,0,0,0,0,0,0,0,0,0,0,-29000
4438,廣越            ,2000,31000,-29000,0,0,0,0,0,0,0,0,0,0,0,0,0,-29000
2506,太設            ,0,29000,-29000,0,0,0,0,0,0,0,0,0,0,0,0,0,-29000
1531,高林股          ,0,29000,-29000,0,0,0,0,0,0,0,0,0,0,0,0,0,-29000
2305,全友            ,23000,52000,-29000,0,0,0,0,0,0,0,0,0,0,0,0,0,-29000
1708,東鹼            ,31000,60000,-29000,0,0,0,0,0,0,0,0,0,0,0,0,0,-29000
1612,宏泰            ,1000,30000,-29000,0,0,0,0,0,0,0,0,0,0,0,0,0,-29000
07921P,鴻海群益9B售04  ,0,0,0,0,0,0,0,0,0,-29000,0,0,0,0,29000,-29000,-29000
07473P,祥碩元大9A售01  ,0,0,0,0,0,0,0,0,0,-29000,0,0,0,260000,289000,-29000,-29000
2912,統一超          ,568949,598509,-29560,0,0,0,0,0,0,0,0,0,0,0,0,0,-29560
060334,群光康和9A購01  ,0,0,0,0,0,0,0,0,0,-30000,0,0,0,0,30000,-30000,-30000
061309,鴻海統一9C購05  ,0,0,0,0,0,0,0,0,0,-30000,0,0,0,10000,40000,-30000,-30000
061080,華邦電兆豐9B購01,0,0,0,0,0,0,0,0,0,-30000,0,0,0,0,30000,-30000,-30000
060906,旺宏元大9A購07  ,0,0,0,0,0,0,0,0,0,-30000,0,0,0,0,30000,-30000,-30000
060877,華邦電中信02購01,0,0,0,0,0,0,0,0,0,-30000,0,0,0,0,30000,-30000,-30000
060753,上銀元大9A購05  ,0,0,0,0,0,0,0,0,0,-30000,0,0,0,0,30000,-30000,-30000
061961,台積電統一01購02,0,0,0,0,0,0,0,0,0,-30000,0,0,0,0,30000,-30000,-30000
061909,台積電中信05購02,0,0,0,0,0,0,0,0,0,-30000,0,0,0,0,30000,-30000,-30000
061369,T50反1國泰9B購03,0,0,0,0,0,0,0,0,0,-30000,0,0,0,0,30000,-30000,-30000
06591P,大立光元大98售14,0,0,0,0,0,0,0,0,0,-30000,0,0,0,0,30000,-30000,-30000
06558P,旺宏元富98售02  ,0,0,0,0,0,0,0,0,0,-30000,0,0,0,7000,37000,-30000,-30000
06490P,鴻海富邦99售02  ,0,0,0,0,0,0,0,0,0,-30000,0,0,0,10000,40000,-30000,-30000
06427P,鴻海元大97售13  ,0,0,0,0,0,0,0,0,0,-30000,0,0,0,126000,156000,-30000,-30000
06857P,超眾永豐98售02  ,0,0,0,0,0,0,0,0,0,-30000,0,0,0,28000,58000,-30000,-30000
06902P,聯電凱基98售02  ,0,0,0,0,0,0,0,0,0,-30000,0,0,0,0,30000,-30000,-30000
06262P,國巨凱基97售07  ,0,0,0,0,0,0,0,0,0,-30000,0,0,0,0,30000,-30000,-30000
04286P,滬深2X中信96售01,0,0,0,0,0,0,0,0,0,-30000,0,0,0,0,30000,-30000,-30000
050641,上証反凱基96購01,0,0,0,0,0,0,0,0,0,-30000,0,0,0,0,30000,-30000,-30000
03047X,元展44          ,0,0,0,0,0,0,0,0,0,-30000,0,0,0,0,30000,-30000,-30000
052889,致伸麥證97購01  ,0,0,0,0,30000,-30000,0,0,0,-30000,0,0,0,0,30000,-30000,-30000
052692,滬深2X中信99購02,0,0,0,0,0,0,0,0,0,-30000,0,0,0,0,30000,-30000,-30000
052785,滬深2X中信99購03,0,0,0,0,0,0,0,0,0,-30000,0,0,0,0,30000,-30000,-30000
052680,T50反1元大96購04,0,0,0,0,0,0,0,0,0,-30000,0,0,0,0,30000,-30000,-30000
052317,台積電元大96購11,0,0,0,0,0,0,0,0,0,-30000,0,0,0,0,30000,-30000,-30000
051991,泰碩元大95購02  ,0,0,0,0,0,0,0,0,0,-30000,0,0,0,10000,40000,-30000,-30000
053199,旺宏日盛96購01  ,0,0,0,0,0,0,0,0,0,-30000,0,0,0,0,30000,-30000,-30000
053293,聯發科中信9B購01,0,0,0,0,0,0,0,0,0,-30000,0,0,0,13000,43000,-30000,-30000
053368,京元電富邦98購01,0,0,0,0,0,0,0,0,0,-30000,0,0,0,0,30000,-30000,-30000
055276,台積電元大97購20,0,0,0,0,0,0,0,0,0,-30000,0,0,0,0,30000,-30000,-30000
054220,國巨統一97購02  ,0,0,0,0,0,0,0,0,0,-30000,0,0,0,10000,40000,-30000,-30000
055831,台達電元大97購01,0,0,0,0,0,0,0,0,0,-30000,0,0,0,0,30000,-30000,-30000
055844,大毅元大98購01  ,0,0,0,0,0,0,0,0,0,-30000,0,0,0,10000,40000,-30000,-30000
058505,台積電元大99購08,0,0,0,0,0,0,0,0,0,-30000,0,0,0,0,30000,-30000,-30000
058305,華邦電元大99購02,0,0,0,0,0,0,0,0,0,-30000,0,0,0,0,30000,-30000,-30000
055021,亞德客國泰98購01,0,0,0,0,0,0,0,0,0,-30000,0,0,0,0,30000,-30000,-30000
055688,力成凱基98購02  ,0,0,0,0,0,0,0,0,0,-30000,0,0,0,0,30000,-30000,-30000
055263,華新科富邦9A購01,0,0,0,0,0,0,0,0,0,-30000,0,0,0,0,30000,-30000,-30000
055264,國巨永豐98購01  ,0,0,0,0,0,0,0,0,0,-30000,0,0,0,40000,70000,-30000,-30000
055207,致新中信99購01  ,0,0,0,0,0,0,0,0,0,-30000,0,0,0,30000,60000,-30000,-30000
055209,勤誠康和97購01  ,0,0,0,0,0,0,0,0,0,-30000,0,0,0,0,30000,-30000,-30000
055675,亞德客凱基97購02,0,0,0,0,0,0,0,0,0,-30000,0,0,0,0,30000,-30000,-30000
054579,聯茂元大97購01  ,0,0,0,0,0,0,0,0,0,-30000,0,0,0,0,30000,-30000,-30000
053445,可成凱基96購04  ,0,0,0,0,0,0,0,0,0,-30000,0,0,0,0,30000,-30000,-30000
054311,世芯凱基96購02  ,0,0,0,0,0,0,0,0,0,-30000,0,0,0,4000,34000,-30000,-30000
055736,宏達電元富99購01,0,0,0,0,0,0,0,0,0,-30000,0,0,0,0,30000,-30000,-30000
055501,創意元大97購01  ,0,0,0,0,0,0,0,0,0,-30000,0,0,0,0,30000,-30000,-30000
054466,欣興凱基97購03  ,0,0,0,0,0,0,0,0,0,-30000,0,0,0,0,30000,-30000,-30000
058462,台積電兆豐99購01,0,0,0,0,0,0,0,0,0,-30000,0,0,0,0,30000,-30000,-30000
058115,台光電中信99購01,0,0,0,0,0,0,0,0,0,-30000,0,0,0,0,30000,-30000,-30000
058998,鴻海元大99購22  ,0,0,0,0,0,0,0,0,0,-30000,0,0,0,85000,115000,-30000,-30000
059392,臺股指凱基99購38,0,0,0,0,0,0,0,0,0,-30000,0,0,0,0,30000,-30000,-30000
056333,台積電日盛9B購01,0,0,0,0,0,0,0,0,0,-30000,0,0,0,0,30000,-30000,-30000
056021,興富發群益97購01,0,0,0,0,0,0,0,0,0,-30000,0,0,0,20000,50000,-30000,-30000
058758,台積電群益99購05,0,0,0,0,0,0,0,0,0,-30000,0,0,0,4000,34000,-30000,-30000
058731,貿聯永豐99購02  ,0,0,0,0,0,0,0,0,0,-30000,0,0,0,2000,32000,-30000,-30000
058664,百和兆豐99購01  ,0,0,0,0,0,0,0,0,0,-30000,0,0,0,121000,151000,-30000,-30000
057002,友達國票98購01  ,0,0,0,0,0,0,0,0,0,-30000,0,0,0,0,30000,-30000,-30000
056604,鴻海富邦9A購01  ,0,0,0,0,0,0,0,0,0,-30000,0,0,0,0,30000,-30000,-30000
056712,京鼎永豐98購01  ,0,0,0,0,0,0,0,0,0,-30000,0,0,0,0,30000,-30000,-30000
059310,元石油元大99購03,0,0,0,0,0,0,0,0,0,-30000,0,0,0,0,30000,-30000,-30000
056561,台光電群益98購02,0,0,0,0,0,0,0,0,0,-30000,0,0,0,0,30000,-30000,-30000
056551,台郡凱基98購04  ,0,0,0,0,0,0,0,0,0,-30000,0,0,0,0,30000,-30000,-30000
058053,上銀統一9B購01  ,0,0,0,0,0,0,0,0,0,-30000,0,0,0,0,30000,-30000,-30000
057557,聯茂凱基99購04  ,0,0,0,0,0,0,0,0,0,-30000,0,0,0,0,30000,-30000,-30000
059145,創意國票99購02  ,0,0,0,0,0,0,0,0,0,-30000,0,0,0,10000,40000,-30000,-30000
2430,燦坤            ,1000,31000,-30000,0,0,0,0,0,0,0,0,0,0,0,0,0,-30000
1474,弘裕            ,9000,39000,-30000,0,0,0,0,0,0,0,0,0,0,0,0,0,-30000
07659P,中租凱基9A售02  ,0,0,0,0,0,0,0,0,0,-30000,0,0,0,0,30000,-30000,-30000
07834P,聯詠群益9A售03  ,0,0,0,0,0,0,0,0,0,-30000,0,0,0,0,30000,-30000,-30000
07772P,華新科國票9A售05,0,0,0,0,0,0,0,0,0,-30000,0,0,0,0,30000,-30000,-30000
07349P,大立光凱基99售16,0,0,0,0,0,0,0,0,0,-30000,0,0,0,0,30000,-30000,-30000
07304P,臺股指元大9A售37,0,0,0,0,0,0,0,0,0,-30000,0,0,0,172000,202000,-30000,-30000
07265P,大立光元大99售16,0,0,0,0,0,0,0,0,0,-30000,0,0,0,100000,130000,-30000,-30000
07290P,台灣50凱基9A售08,0,0,0,0,0,0,0,0,0,-30000,0,0,0,0,30000,-30000,-30000
07196P,大立光元大99售13,0,0,0,0,0,0,0,0,0,-30000,0,0,0,0,30000,-30000,-30000
062380,巨大元大9B購01  ,0,0,0,0,0,0,0,0,0,-31000,0,0,0,0,31000,-31000,-31000
062138,力成群益9B購01  ,0,0,0,0,0,0,0,0,0,-31000,0,0,0,41000,72000,-31000,-31000
06569P,可成永豐98售01  ,0,0,0,0,0,0,0,0,0,-31000,0,0,0,0,31000,-31000,-31000
06140P,華新科群益97售06,0,0,0,0,0,0,0,0,0,-31000,0,0,0,2000,33000,-31000,-31000
061527,牧德凱基9A購02  ,0,0,0,0,0,0,0,0,0,-31000,0,0,0,826000,857000,-31000,-31000
061910,台積電中信05購03,0,0,0,0,0,0,0,0,0,-31000,0,0,0,0,31000,-31000,-31000
062001,臺股指元大9B購25,0,0,0,0,0,0,0,0,0,-31000,0,0,0,10000,41000,-31000,-31000
061857,康友國票9B購01  ,0,0,0,0,0,0,0,0,0,-31000,0,0,0,34000,65000,-31000,-31000
061752,瑞昱台新9B購01  ,0,0,0,0,0,0,0,0,0,-31000,0,0,0,0,31000,-31000,-31000
061733,聯發科中信01購01,0,0,0,0,0,0,0,0,0,-31000,0,0,0,0,31000,-31000,-31000
061011,華通麥證9A購02  ,0,0,0,0,31000,-31000,0,0,0,-31000,0,0,0,0,31000,-31000,-31000
060222,貿聯凱基9A購02  ,0,0,0,0,0,0,0,0,0,-31000,0,0,0,25000,56000,-31000,-31000
060278,道瓊反元大9A購03,0,0,0,0,0,0,0,0,0,-31000,0,0,0,0,31000,-31000,-31000
060116,世紀鋼元大99購07,0,0,0,0,0,0,0,0,0,-31000,0,0,0,10000,41000,-31000,-31000
053424,欣興永豐96購02  ,0,0,0,0,0,0,0,0,0,-31000,0,0,0,10000,41000,-31000,-31000
055527,旺宏群益99購03  ,0,0,0,0,0,0,0,0,0,-31000,0,0,0,0,31000,-31000,-31000
054893,帆宣統一99購01  ,0,0,0,0,0,0,0,0,0,-31000,0,0,0,0,31000,-31000,-31000
058364,奇力新凱基99購04,0,0,0,0,0,0,0,0,0,-31000,0,0,0,34000,65000,-31000,-31000
054160,華泰凱基98購01  ,0,0,0,0,0,0,0,0,0,-31000,0,0,0,10000,41000,-31000,-31000
046629,群創統一98購01  ,0,0,0,0,0,0,0,0,0,-31000,0,0,0,177000,208000,-31000,-31000
03669C,滬深2X元富09牛01,0,0,0,0,0,0,0,0,0,-31000,0,0,0,19000,50000,-31000,-31000
056523,光寶科中信98購01,0,0,0,0,0,0,0,0,0,-31000,0,0,0,17000,48000,-31000,-31000
059566,台積電凱基9A購11,0,0,0,0,0,0,0,0,0,-31000,0,0,0,0,31000,-31000,-31000
057924,健策凱基98購02  ,0,0,0,0,0,0,0,0,0,-31000,0,0,0,42000,73000,-31000,-31000
1730,花仙子          ,42000,73000,-31000,0,0,0,0,0,0,0,0,0,0,0,0,0,-31000
2535,達欣工          ,7000,97000,-90000,0,0,0,0,0,0,59000,59000,0,59000,0,0,0,-31000
2748,雲品            ,4000,20000,-16000,0,0,0,0,15000,-15000,0,0,0,0,0,0,0,-31000
4989,榮科            ,22000,53000,-31000,0,0,0,0,0,0,0,0,0,0,0,0,0,-31000
3504,揚明光          ,136000,159000,-23000,0,0,0,0,0,0,-8000,0,0,0,0,8000,-8000,-31000
9937,全國            ,4000,35000,-31000,0,0,0,0,0,0,0,0,0,0,0,0,0,-31000
060169,群電永豐9A購01  ,0,0,0,0,0,0,0,0,0,-32000,0,0,0,15000,47000,-32000,-32000
060341,國巨統一9C購02  ,0,0,0,0,0,0,0,0,0,-32000,0,0,0,34000,66000,-32000,-32000
06044P,同欣電永豐96售03,0,0,0,0,0,0,0,0,0,-32000,0,0,0,18000,50000,-32000,-32000
06051P,嘉聯益國票97售04,0,0,0,0,0,0,0,0,0,-32000,0,0,0,8000,40000,-32000,-32000
060521,鴻海中信01購03  ,0,0,0,0,0,0,0,0,0,-32000,0,0,0,0,32000,-32000,-32000
061355,康友元大9A購03  ,0,0,0,0,0,0,0,0,0,-32000,0,0,0,46000,78000,-32000,-32000
061800,泰鼎永豐9B購01  ,0,0,0,0,0,0,0,0,0,-32000,0,0,0,18000,50000,-32000,-32000
061982,聯發科元大9B購03,0,0,0,0,0,0,0,0,0,-32000,0,0,0,0,32000,-32000,-32000
062383,大立光國泰01購01,0,0,0,0,0,0,0,0,0,-32000,0,0,0,0,32000,-32000,-32000
055996,矽力國泰99購01  ,0,0,0,0,0,0,0,0,0,-32000,0,0,0,2000,34000,-32000,-32000
058509,聯發科元大99購12,0,0,0,0,0,0,0,0,0,-32000,0,0,0,0,32000,-32000,-32000
055176,大毅統一98購02  ,0,0,0,0,0,0,0,0,0,-32000,0,0,0,1000,33000,-32000,-32000
057834,聯發科元富02購07,0,0,0,0,0,0,0,0,0,-32000,0,0,0,50000,82000,-32000,-32000
057088,上銀元富98購01  ,0,0,0,0,0,0,0,0,0,-32000,0,0,0,98000,130000,-32000,-32000
057920,奇力新凱基98購08,0,0,0,0,0,0,0,0,0,-32000,0,0,0,0,32000,-32000,-32000
05722P,玉晶光國票97售03,0,0,0,0,0,0,0,0,0,-32000,0,0,0,0,32000,-32000,-32000
056846,晶相光元富98購01,0,0,0,0,0,0,0,0,0,-32000,0,0,0,0,32000,-32000,-32000
059630,美律凱基99購07  ,0,0,0,0,0,0,0,0,0,-32000,0,0,0,9000,41000,-32000,-32000
059790,立積元大9C購02  ,0,0,0,0,0,0,0,0,0,-32000,0,0,0,3000,35000,-32000,-32000
3622,洋華            ,5000,37000,-32000,0,0,0,0,0,0,0,0,0,0,0,0,0,-32000
4137,麗豐-KY         ,64000,87000,-23000,0,0,0,0,0,0,-9000,5000,0,5000,1000,15000,-14000,-32000
6215,和椿            ,9000,41000,-32000,0,0,0,0,0,0,0,0,0,0,0,0,0,-32000
2509,全坤建          ,6000,38000,-32000,0,0,0,0,0,0,0,0,0,0,0,0,0,-32000
2423,固緯            ,8000,39000,-31000,0,0,0,0,0,0,-1000,0,1000,-1000,0,0,0,-32000
07456P,華新科元大9A售06,0,0,0,0,0,0,0,0,0,-32000,0,0,0,13000,45000,-32000,-32000
07070P,晶相光元富99售01,0,0,0,0,0,0,0,0,0,-32000,0,0,0,5000,37000,-32000,-32000
06730P,祥碩元大98售07  ,0,0,0,0,0,0,0,0,0,-33000,0,0,0,97000,130000,-33000,-33000
061709,SP黃豆凱基01購02,0,0,0,0,0,0,0,0,0,-33000,0,0,0,0,33000,-33000,-33000
061261,台積電凱基9B購03,0,0,0,0,0,0,0,0,0,-33000,0,0,0,20000,53000,-33000,-33000
060622,玉晶光元大9B購02,0,0,0,0,0,0,0,0,0,-33000,0,0,0,18000,51000,-33000,-33000
060079,台郡台新99購03  ,0,0,0,0,0,0,0,0,0,-33000,0,0,0,39000,72000,-33000,-33000
058519,嘉澤元大99購01  ,0,0,0,0,0,0,0,0,0,-33000,0,0,0,9000,42000,-33000,-33000
053642,瀚宇博永豐96購01,0,0,0,0,0,0,0,0,0,-33000,0,0,0,55000,88000,-33000,-33000
053894,創意群益96購01  ,0,0,0,0,0,0,0,0,0,-33000,0,0,0,0,33000,-33000,-33000
055461,TPK永豐97購01   ,0,0,0,0,0,0,0,0,0,-33000,0,0,0,10000,43000,-33000,-33000
055695,大毅國票98購03  ,0,0,0,0,0,0,0,0,0,-33000,0,0,0,0,33000,-33000,-33000
054700,致新永豐97購01  ,0,0,0,0,0,0,0,0,0,-33000,0,0,0,0,33000,-33000,-33000
055330,上銀兆豐98購02  ,0,0,0,0,0,0,0,0,0,-33000,0,0,0,0,33000,-33000,-33000
052022,南電永豐95購03  ,0,0,0,0,0,0,0,0,0,-33000,0,0,0,2000,35000,-33000,-33000
051898,富邦金國泰97購01,0,0,0,0,0,0,0,0,0,-33000,0,0,0,12000,45000,-33000,-33000
059868,台光電凱基99購03,0,0,0,0,0,0,0,0,0,-33000,0,0,0,0,33000,-33000,-33000
057776,京元電群益98購02,0,0,0,0,0,0,0,0,0,-33000,0,0,0,22000,55000,-33000,-33000
057449,華新科元富99購02,0,0,0,0,0,0,0,0,0,-33000,0,0,0,25000,58000,-33000,-33000
057791,可成統一99購01  ,0,0,0,0,0,0,0,0,0,-33000,0,0,0,0,33000,-33000,-33000
056641,華通凱基98購03  ,0,0,0,0,0,0,0,0,0,-33000,0,0,0,49000,82000,-33000,-33000
056782,鴻海群益98購04  ,0,0,0,0,0,0,0,0,0,-33000,0,0,0,0,33000,-33000,-33000
058746,華通凱基9A購02  ,0,0,0,0,0,0,0,0,0,-33000,0,0,0,28000,61000,-33000,-33000
058648,聯陽永豐99購01  ,0,0,0,0,0,0,0,0,0,-33000,0,0,0,54000,87000,-33000,-33000
056271,嘉澤統一97購01  ,0,0,0,0,0,0,0,0,0,-33000,0,0,0,0,33000,-33000,-33000
3059,華晶科          ,531000,564000,-33000,0,0,0,0,0,0,0,0,0,0,0,0,0,-33000
6155,鈞寶            ,78000,111000,-33000,0,0,0,0,0,0,0,0,0,0,0,0,0,-33000
6164,華興            ,0,33000,-33000,0,0,0,0,0,0,0,0,0,0,0,0,0,-33000
060170,世紀鋼永豐9A購01,0,0,0,0,0,0,0,0,0,-34000,0,0,0,0,34000,-34000,-34000
061209,聯發科元大9A購10,0,0,0,0,0,0,0,0,0,-34000,0,0,0,0,34000,-34000,-34000
06887P,華新科元大98售04,0,0,0,0,0,0,0,0,0,-34000,0,0,0,0,34000,-34000,-34000
054674,台光電台新97購01,0,0,0,0,0,0,0,0,0,-34000,0,0,0,11000,45000,-34000,-34000
049972,南電國票95購02  ,0,0,0,0,0,0,0,0,0,-34000,0,0,0,60000,94000,-34000,-34000
00656R,國泰中國A50反1  ,0,0,0,0,0,0,0,0,0,-34000,0,0,0,44000,78000,-34000,-34000
054755,世紀鋼凱基98購01,0,0,0,0,0,0,0,0,0,-34000,0,0,0,0,34000,-34000,-34000
058583,臻鼎群益99購01  ,0,0,0,0,0,0,0,0,0,-34000,0,0,0,81000,115000,-34000,-34000
057847,聯茂永豐98購01  ,0,0,0,0,0,0,0,0,0,-34000,0,0,0,10000,44000,-34000,-34000
059429,台積電元大99購35,0,0,0,0,0,0,0,0,0,-34000,0,0,0,0,34000,-34000,-34000
058782,臺股指國票99購01,0,0,0,0,0,0,0,0,0,-34000,0,0,0,0,34000,-34000,-34000
058637,晶技兆豐99購01  ,0,0,0,0,0,0,0,0,0,-34000,0,0,0,120000,154000,-34000,-34000
057454,上銀國泰99購02  ,0,0,0,0,0,0,0,0,0,-34000,0,0,0,0,34000,-34000,-34000
058950,國巨群益99購06  ,0,0,0,0,0,0,0,0,0,-34000,0,0,0,241000,275000,-34000,-34000
057320,玉晶光凱基98購01,0,0,0,0,0,0,0,0,0,-34000,0,0,0,20000,54000,-34000,-34000
057273,智邦元大98購05  ,0,0,0,0,0,0,0,0,0,-34000,0,0,0,12000,46000,-34000,-34000
059784,台光電元大9A購01,0,0,0,0,0,0,0,0,0,-34000,0,0,0,1000,35000,-34000,-34000
059990,健策元大9A購01  ,0,0,0,0,0,0,0,0,0,-34000,0,0,0,12000,46000,-34000,-34000
4952,凌通            ,26000,60000,-34000,0,0,0,0,0,0,0,0,0,0,0,0,0,-34000
2546,根基            ,4000,38000,-34000,0,0,0,0,0,0,0,0,0,0,0,0,0,-34000
07877P,晶技永豐9B售01  ,0,0,0,0,0,0,0,0,0,-34000,0,0,0,1000,35000,-34000,-34000
06845P,億光元大98售02  ,0,0,0,0,0,0,0,0,0,-35000,0,0,0,0,35000,-35000,-35000
06239P,奇力新元大97售08,0,0,0,0,0,0,0,0,0,-35000,0,0,0,0,35000,-35000,-35000
062222,華新科統一9B購04,0,0,0,0,0,0,0,0,0,-35000,0,0,0,0,35000,-35000,-35000
062192,南六元大9B購01  ,0,0,0,0,0,0,0,0,0,-35000,0,0,0,25000,60000,-35000,-35000
061891,力山永豐9B購01  ,0,0,0,0,0,0,0,0,0,-35000,0,0,0,52000,87000,-35000,-35000
061880,台郡元大9B購02  ,0,0,0,0,0,0,0,0,0,-35000,0,0,0,126000,161000,-35000,-35000
061877,貿聯元大9B購01  ,0,0,0,0,0,0,0,0,0,-35000,0,0,0,0,35000,-35000,-35000
061154,可成群益9B購04  ,0,0,0,0,0,0,0,0,0,-35000,0,0,0,0,35000,-35000,-35000
060381,元黃金凱基9A購01,0,0,0,0,0,0,0,0,0,-35000,0,0,0,0,35000,-35000,-35000
055006,晶相光元富9A購01,0,0,0,0,0,0,0,0,0,-35000,0,0,0,0,35000,-35000,-35000
054886,大毅統一97購01  ,0,0,0,0,0,0,0,0,0,-35000,0,0,0,5000,40000,-35000,-35000
052367,聯茂國票96購02  ,0,0,0,0,0,0,0,0,0,-35000,0,0,0,0,35000,-35000,-35000
052681,T50反1元大98購02,0,0,0,0,0,0,0,0,0,-35000,0,0,0,64000,99000,-35000,-35000
059996,美律元富99購01  ,0,0,0,0,0,0,0,0,0,-35000,0,0,0,58000,93000,-35000,-35000
060014,中鋼康和99購01  ,0,0,0,0,0,0,0,0,0,-35000,0,0,0,0,35000,-35000,-35000
059711,滬深2X元大9C購02,0,0,0,0,0,0,0,0,0,-35000,0,0,0,0,35000,-35000,-35000
059807,大立光元富99購09,0,0,0,0,0,0,0,0,0,-35000,0,0,0,36000,71000,-35000,-35000
059524,FBVIX凱基9A購02 ,0,0,0,0,0,0,0,0,0,-35000,0,0,0,32000,67000,-35000,-35000
059537,大立光凱基99購09,0,0,0,0,0,0,0,0,0,-35000,0,0,0,0,35000,-35000,-35000
057334,技嘉國票98購02  ,0,0,0,0,0,0,0,0,0,-35000,0,0,0,32000,67000,-35000,-35000
058735,南茂永豐99購01  ,0,0,0,0,0,0,0,0,0,-35000,0,0,0,5000,40000,-35000,-35000
056405,聯茂群益98購01  ,0,0,0,0,0,0,0,0,0,-35000,0,0,0,0,35000,-35000,-35000
056477,欣興元大98購02  ,0,0,0,0,0,0,0,0,0,-35000,0,0,0,0,35000,-35000,-35000
057216,聯發科群益99購01,0,0,0,0,0,0,0,0,0,-35000,0,0,0,2000,37000,-35000,-35000
057158,義隆永豐99購01  ,0,0,0,0,0,0,0,0,0,-35000,0,0,0,95000,130000,-35000,-35000
07838P,泰碩元大9A售04  ,0,0,0,0,0,0,0,0,0,-35000,0,0,0,110000,145000,-35000,-35000
07230P,滬深2X群益01售02,0,0,0,0,0,0,0,0,0,-35000,0,0,0,0,35000,-35000,-35000
07264P,台積電元大99售38,0,0,0,0,0,0,0,0,0,-35000,0,0,0,40000,75000,-35000,-35000
2528,皇普            ,6000,40000,-34000,0,0,0,0,0,0,-1000,1000,2000,-1000,0,0,0,-35000
2431,聯昌            ,9000,44000,-35000,0,0,0,0,0,0,0,0,0,0,0,0,0,-35000
1733,五鼎            ,14000,49000,-35000,0,0,0,0,0,0,0,1000,1000,0,0,0,0,-35000
2013,中鋼構          ,37000,72000,-35000,0,0,0,0,0,0,0,0,0,0,0,0,0,-35000
3266,昇陽            ,2000,37000,-35000,0,0,0,0,0,0,0,0,0,0,0,0,0,-35000
6152,百一            ,0,35000,-35000,0,0,0,0,0,0,0,0,0,0,0,0,0,-35000
6581,鋼聯            ,3000,38000,-35000,0,0,0,0,0,0,0,0,0,0,0,0,0,-35000
060650,奇力新中信9A購01,0,0,0,0,0,0,0,0,0,-36000,0,0,0,173000,209000,-36000,-36000
060363,美律元富9A購01  ,0,0,0,0,0,0,0,0,0,-36000,0,0,0,53000,89000,-36000,-36000
061274,臺股指凱基9A購24,0,0,0,0,0,0,0,0,0,-36000,0,0,0,69000,105000,-36000,-36000
06177P,玉晶光元大98售07,0,0,0,0,0,0,0,0,0,-36000,0,0,0,11000,47000,-36000,-36000
062219,燿華統一9B購01  ,0,0,0,0,0,0,0,0,0,-36000,0,0,0,0,36000,-36000,-36000
062345,和大群益9B購01  ,0,0,0,0,0,0,0,0,0,-36000,0,0,0,0,36000,-36000,-36000
054215,創意國票97購02  ,0,0,0,0,0,0,0,0,0,-36000,0,0,0,0,36000,-36000,-36000
052853,友達日盛99購01  ,0,0,0,0,0,0,0,0,0,-36000,0,0,0,14000,50000,-36000,-36000
058703,台積電元大99購16,0,0,0,0,0,0,0,0,0,-36000,0,0,0,70000,106000,-36000,-36000
8016,矽創            ,229000,247000,-18000,0,0,0,0,0,0,-18000,0,1000,-1000,6000,23000,-17000,-36000
6183,關貿            ,1000,37000,-36000,0,0,0,0,0,0,0,0,0,0,0,0,0,-36000
1773,勝一            ,10000,46000,-36000,0,0,0,0,0,0,0,0,0,0,0,0,0,-36000
07943P,瑞昱元大9B售02  ,0,0,0,0,0,0,0,0,0,-36000,0,0,0,0,36000,-36000,-36000
2466,冠西電          ,1000,36000,-35000,0,0,0,0,0,0,-1000,0,1000,-1000,0,0,0,-36000
062094,台積電富邦9C購12,0,0,0,0,0,0,0,0,0,-37000,0,0,0,0,37000,-37000,-37000
06685P,鴻海國泰9A售01  ,0,0,0,0,0,0,0,0,0,-37000,0,0,0,0,37000,-37000,-37000
06674P,祥碩群益98售02  ,0,0,0,0,0,0,0,0,0,-37000,0,0,0,70000,107000,-37000,-37000
062007,台光電國泰9C購01,0,0,0,0,0,0,0,0,0,-37000,0,0,0,20000,57000,-37000,-37000
062025,台達電群益9B購01,0,0,0,0,0,0,0,0,0,-37000,0,0,0,85000,122000,-37000,-37000
060658,台灣50凱基01購04,0,0,0,0,0,0,0,0,0,-37000,0,0,0,5000,42000,-37000,-37000
060559,世紀鋼凱基9C購01,0,0,0,0,0,0,0,0,0,-37000,0,0,0,0,37000,-37000,-37000
055093,京鼎群益98購01  ,0,0,0,0,0,0,0,0,0,-37000,0,0,0,0,37000,-37000,-37000
058704,台積電元大99購17,0,0,0,0,0,0,0,0,0,-37000,0,0,0,66000,103000,-37000,-37000
058041,FBVIX元大98購02 ,0,0,0,0,0,0,0,0,0,-37000,0,0,0,0,37000,-37000,-37000
057445,華通元富02購01  ,0,0,0,0,0,0,0,0,0,-37000,0,0,0,83000,120000,-37000,-37000
057789,上銀統一9A購01  ,0,0,0,0,0,0,0,0,0,-37000,0,0,0,84000,121000,-37000,-37000
059742,富邦金元富99購01,0,0,0,0,0,0,0,0,0,-37000,0,0,0,160000,197000,-37000,-37000
1414,東和            ,3000,40000,-37000,0,0,0,0,0,0,0,0,0,0,0,0,0,-37000
2012,春雨            ,1000,38000,-37000,0,0,0,0,0,0,0,0,0,0,0,0,0,-37000
07189P,聯發科富邦9B售03,0,0,0,0,0,0,0,0,0,-37000,0,0,0,30000,67000,-37000,-37000
07890P,南電國票9B售01  ,0,0,0,0,0,0,0,0,0,-37000,0,0,0,29000,66000,-37000,-37000
6698,旭暉應材        ,25000,62000,-37000,0,0,0,0,0,0,0,0,0,0,0,0,0,-37000
06024P,台郡國票97售05  ,0,0,0,0,0,0,0,0,0,-38000,0,0,0,0,38000,-38000,-38000
061150,國巨群益9A購09  ,0,0,0,0,0,0,0,0,0,-38000,0,0,0,206000,244000,-38000,-38000
061056,臺指反國票02購01,0,0,0,0,0,0,0,0,0,-38000,0,0,0,2000,40000,-38000,-38000
060812,智邦凱基9A購01  ,0,0,0,0,0,0,0,0,0,-38000,0,0,0,20000,58000,-38000,-38000
061412,儒鴻群益9A購01  ,0,0,0,0,0,0,0,0,0,-38000,0,0,0,104000,142000,-38000,-38000
061381,台灣50群益9B購07,0,0,0,0,0,0,0,0,0,-38000,0,0,0,88000,126000,-38000,-38000
055196,致新元富97購01  ,0,0,0,0,0,0,0,0,0,-38000,0,0,0,83000,121000,-38000,-38000
054951,大毅元大97購01  ,0,0,0,0,0,0,0,0,0,-38000,0,0,0,8000,46000,-38000,-38000
053913,華新國票97購01  ,0,0,0,0,0,0,0,0,0,-38000,0,0,0,0,38000,-38000,-38000
053551,可成凱基96購05  ,0,0,0,0,0,0,0,0,0,-38000,0,0,0,10000,48000,-38000,-38000
053485,矽創國票97購04  ,0,0,0,0,0,0,0,0,0,-38000,0,0,0,38000,76000,-38000,-38000
052719,致新凱基96購01  ,0,0,0,0,0,0,0,0,0,-38000,0,0,0,10000,48000,-38000,-38000
05983P,聯詠國票96售02  ,0,0,0,0,0,0,0,0,0,-38000,0,0,0,0,38000,-38000,-38000
05930P,景碩康和96售01  ,0,0,0,0,0,0,0,0,0,-38000,0,0,0,60000,98000,-38000,-38000
059331,台灣50國票9A購06,0,0,0,0,0,0,0,0,0,-38000,0,0,0,19000,57000,-38000,-38000
059332,台灣50國票9A購07,0,0,0,0,0,0,0,0,0,-38000,0,0,0,0,38000,-38000,-38000
058839,瑞儀中信99購02  ,0,0,0,0,0,0,0,0,0,-38000,0,0,0,0,38000,-38000,-38000
058905,京鼎元大99購01  ,0,0,0,0,0,0,0,0,0,-38000,0,0,0,80000,118000,-38000,-38000
057000,亞德客國票99購01,0,0,0,0,0,0,0,0,0,-38000,0,0,0,10000,48000,-38000,-38000
059042,世紀鋼群益99購02,0,0,0,0,0,0,0,0,0,-38000,0,0,0,0,38000,-38000,-38000
058105,旺宏統一9A購02  ,0,0,0,0,0,0,0,0,0,-38000,0,0,0,6000,44000,-38000,-38000
9942,茂順            ,8000,48000,-40000,0,0,0,0,0,0,2000,2000,0,2000,0,0,0,-38000
8374,羅昇            ,4000,42000,-38000,0,0,0,0,0,0,0,0,0,0,0,0,0,-38000
8210,勤誠            ,71000,175000,-104000,0,0,0,73000,0,73000,-7000,0,0,0,0,7000,-7000,-38000
07807P,聯茂永豐9A售02  ,0,0,0,0,0,0,0,0,0,-38000,0,0,0,58000,96000,-38000,-38000
07788P,華新科群益9A售08,0,0,0,0,0,0,0,0,0,-38000,0,0,0,0,38000,-38000,-38000
07675P,全新永豐9A售02  ,0,0,0,0,0,0,0,0,0,-38000,0,0,0,0,38000,-38000,-38000
1419,新紡            ,3000,41000,-38000,0,0,0,0,0,0,0,0,0,0,0,0,0,-38000
1524,耿鼎            ,6000,44000,-38000,0,0,0,0,0,0,0,0,0,0,0,0,0,-38000
1109,信大            ,15000,53000,-38000,0,0,0,0,0,0,0,0,0,0,0,0,0,-38000
06543P,鴻海元大98售08  ,0,0,0,0,0,0,0,0,0,-39000,0,0,0,225000,264000,-39000,-39000
06611P,祥碩國票98售01  ,0,0,0,0,0,0,0,0,0,-39000,0,0,0,8000,47000,-39000,-39000
062161,南六凱基9C購01  ,0,0,0,0,0,0,0,0,0,-39000,0,0,0,0,39000,-39000,-39000
060782,道瓊指富邦9C購01,0,0,0,0,0,0,0,0,0,-39000,0,0,0,0,39000,-39000,-39000
061181,牧德凱基9A購01  ,0,0,0,0,0,0,0,0,0,-39000,0,0,0,290000,329000,-39000,-39000
060292,聯詠元大9A購01  ,0,0,0,0,0,0,0,0,0,-39000,0,0,0,1000,40000,-39000,-39000
060048,元金2X凱基99購03,0,0,0,0,0,0,0,0,0,-39000,0,0,0,0,39000,-39000,-39000
05271P,國巨富邦97售01  ,0,0,0,0,0,0,0,0,0,-39000,0,0,0,0,39000,-39000,-39000
044963,台積電中信96購01,0,0,0,0,0,0,0,0,0,-39000,0,0,0,1000,40000,-39000,-39000
050957,T50反1台新05購01,0,0,0,0,0,0,0,0,0,-39000,0,0,0,0,39000,-39000,-39000
053187,國巨統一96購05  ,0,0,0,0,0,0,0,0,0,-39000,0,0,0,71000,110000,-39000,-39000
055562,欣興凱基97購06  ,0,0,0,0,0,0,0,0,0,-39000,0,0,0,3000,42000,-39000,-39000
054742,京鼎凱基99購01  ,0,0,0,0,0,0,0,0,0,-39000,0,0,0,10000,49000,-39000,-39000
058248,聯茂元大99購05  ,0,0,0,0,0,0,0,0,0,-39000,0,0,0,62000,101000,-39000,-39000
056819,奇力新永豐98購01,0,0,0,0,0,0,0,0,0,-39000,0,0,0,69000,108000,-39000,-39000
057325,可成群益9A購01  ,0,0,0,0,0,0,0,0,0,-39000,0,0,0,45000,84000,-39000,-39000
1435,中福            ,0,39000,-39000,0,0,0,0,0,0,0,0,0,0,0,0,0,-39000
1446,宏和            ,9000,48000,-39000,0,0,0,0,0,0,0,0,0,0,0,0,0,-39000
2028,威致            ,0,39000,-39000,0,0,0,0,0,0,0,0,0,0,0,0,0,-39000
1903,士紙            ,0,39000,-39000,0,0,0,0,0,0,0,0,0,0,0,0,0,-39000
6449,鈺邦            ,4000,45000,-41000,0,0,0,0,0,0,2000,2000,0,2000,0,0,0,-39000
060239,國揚元大9C購01  ,0,0,0,0,0,0,0,0,0,-40000,0,0,0,79000,119000,-40000,-40000
061107,世芯元大9A購05  ,0,0,0,0,0,0,0,0,0,-40000,0,0,0,0,40000,-40000,-40000
061273,臺股指凱基9A購23,0,0,0,0,0,0,0,0,0,-40000,0,0,0,0,40000,-40000,-40000
061201,FBVIX元大01購03 ,0,0,0,0,0,0,0,0,0,-40000,0,0,0,0,40000,-40000,-40000
060841,宏達電國票9B購01,0,0,0,0,0,0,0,0,0,-40000,0,0,0,40000,80000,-40000,-40000
062052,華通統一01購01  ,0,0,0,0,0,0,0,0,0,-40000,0,0,0,391000,431000,-40000,-40000
062332,大立光統一9B購11,0,0,0,0,0,0,0,0,0,-40000,0,0,0,0,40000,-40000,-40000
062286,台郡群益9B購01  ,0,0,0,0,0,0,0,0,0,-40000,0,0,0,10000,50000,-40000,-40000
06637P,大立光凱基98售15,0,0,0,0,0,0,0,0,0,-40000,0,0,0,10000,50000,-40000,-40000
06679P,旺宏元大98售09  ,0,0,0,0,0,0,0,0,0,-40000,0,0,0,0,40000,-40000,-40000
06881P,國巨群益98售10  ,0,0,0,0,0,0,0,0,0,-40000,0,0,0,0,40000,-40000,-40000
061952,臺股指群益9B購01,0,0,0,0,0,0,0,0,0,-40000,0,0,0,0,40000,-40000,-40000
061827,台灣50凱基02購01,0,0,0,0,0,0,0,0,0,-40000,0,0,0,0,40000,-40000,-40000
061747,南亞科統一01購01,0,0,0,0,0,0,0,0,0,-40000,0,0,0,0,40000,-40000,-40000
058298,聯茂凱基99購05  ,0,0,0,0,0,0,0,0,0,-40000,0,0,0,10000,50000,-40000,-40000
058339,康友元富99購02  ,0,0,0,0,0,0,0,0,0,-40000,0,0,0,10000,50000,-40000,-40000
058564,元金2X凱基9C購01,0,0,0,0,0,0,0,0,0,-40000,0,0,0,0,40000,-40000,-40000
058530,為升元富99購01  ,0,0,0,0,0,0,0,0,0,-40000,0,0,0,0,40000,-40000,-40000
054875,群電群益97購01  ,0,0,0,0,0,0,0,0,0,-40000,0,0,0,0,40000,-40000,-40000
054614,玉晶光永豐97購03,0,0,0,0,0,0,0,0,0,-40000,0,0,0,10000,50000,-40000,-40000
054753,復盛凱基98購01  ,0,0,0,0,0,0,0,0,0,-40000,0,0,0,10000,50000,-40000,-40000
055747,康舒元富97購01  ,0,0,0,0,0,0,0,0,0,-40000,0,0,0,0,40000,-40000,-40000
055489,瑞昱元大97購02  ,0,0,0,0,0,0,0,0,0,-40000,0,0,0,0,40000,-40000,-40000
055519,茂林中信99購01  ,0,0,0,0,0,0,0,0,0,-40000,0,0,0,30000,70000,-40000,-40000
054373,富邦金中信97購01,0,0,0,0,0,0,0,0,0,-40000,0,0,0,0,40000,-40000,-40000
055381,茂林元大97購02  ,0,0,0,0,0,0,0,0,0,-40000,0,0,0,15000,55000,-40000,-40000
053415,聯茂國票97購01  ,0,0,0,0,0,0,0,0,0,-40000,0,0,0,0,40000,-40000,-40000
055369,友訊元大97購01  ,0,0,0,0,0,0,0,0,0,-40000,0,0,0,0,40000,-40000,-40000
052624,微星亞東97購01  ,0,0,0,0,0,0,0,0,0,-40000,0,0,0,10000,50000,-40000,-40000
051791,智伸科國票96購01,0,0,0,0,0,0,0,0,0,-40000,0,0,0,0,40000,-40000,-40000
052874,超眾凱基96購01  ,0,0,0,0,0,0,0,0,0,-40000,0,0,0,0,40000,-40000,-40000
052835,滬深2X國泰98購01,0,0,0,0,0,0,0,0,0,-40000,0,0,0,0,40000,-40000,-40000
052818,智邦永豐96購01  ,0,0,0,0,0,0,0,0,0,-40000,0,0,0,38000,78000,-40000,-40000
048801,漢唐富邦96購02  ,0,0,0,0,0,0,0,0,0,-40000,0,0,0,20000,60000,-40000,-40000
03840P,台積電統一99售02,0,0,0,0,0,0,0,0,0,-40000,0,0,0,0,40000,-40000,-40000
059146,貿聯國票9A購02  ,0,0,0,0,0,0,0,0,0,-40000,0,0,0,5000,45000,-40000,-40000
059640,聯詠凱基99購04  ,0,0,0,0,0,0,0,0,0,-40000,0,0,0,10000,50000,-40000,-40000
059850,日電貿永豐99購01,0,0,0,0,0,0,0,0,0,-40000,0,0,0,32000,72000,-40000,-40000
059930,健策富邦9B購01  ,0,0,0,0,0,0,0,0,0,-40000,0,0,0,36000,76000,-40000,-40000
056611,國巨永豐98購03  ,0,0,0,0,0,0,0,0,0,-40000,0,0,0,93000,133000,-40000,-40000
056093,大毅元富97購01  ,0,0,0,0,0,0,0,0,0,-40000,0,0,0,0,40000,-40000,-40000
056452,亞光凱基98購02  ,0,0,0,0,0,0,0,0,0,-40000,0,0,0,0,40000,-40000,-40000
058131,義隆元大99購02  ,0,0,0,0,0,0,0,0,0,-40000,0,0,0,97000,137000,-40000,-40000
056276,同欣電國泰98購01,0,0,0,0,0,0,0,0,0,-40000,0,0,0,0,40000,-40000,-40000
057032,A50反1元大9B購01,0,0,0,0,0,0,0,0,0,-40000,0,0,0,0,40000,-40000,-40000
058427,大毅元富99購01  ,0,0,0,0,0,0,0,0,0,-40000,0,0,0,20000,60000,-40000,-40000
058380,臺股指凱基99購15,0,0,0,0,0,0,0,0,0,-40000,0,0,0,0,40000,-40000,-40000
1737,臺鹽            ,0,40000,-40000,0,0,0,0,0,0,0,0,0,0,0,0,0,-40000
2233,宇隆            ,108000,156000,-48000,0,0,0,0,0,0,8000,8000,0,8000,0,0,0,-40000
2852,第一保          ,0,40000,-40000,0,0,0,0,0,0,0,0,0,0,0,0,0,-40000
07641P,上銀凱基9A售05  ,0,0,0,0,0,0,0,0,0,-40000,0,0,0,0,40000,-40000,-40000
07135P,臺股指元大9A售29,0,0,0,0,0,0,0,0,0,-40000,0,0,0,2000,42000,-40000,-40000
061722,健策永豐9B購03  ,0,0,0,0,0,0,0,0,0,-41000,0,0,0,36000,77000,-41000,-41000
061818,富邦金群益9C購01,0,0,0,0,0,0,0,0,0,-41000,0,0,0,116000,157000,-41000,-41000
061776,晶技國票9B購01  ,0,0,0,0,0,0,0,0,0,-41000,0,0,0,41000,82000,-41000,-41000
061376,瑞昱永豐9A購02  ,0,0,0,0,0,0,0,0,0,-41000,0,0,0,3000,44000,-41000,-41000
061432,世紀鋼元大9A購05,0,0,0,0,0,0,0,0,0,-41000,0,0,0,0,41000,-41000,-41000
061501,嘉澤國票9A購01  ,0,0,0,0,0,0,0,0,0,-41000,0,0,0,4000,45000,-41000,-41000
06468P,華新科統一98售02,0,0,0,0,0,0,0,0,0,-41000,0,0,0,11000,52000,-41000,-41000
062303,台表科中信01購01,0,0,0,0,0,0,0,0,0,-41000,0,0,0,0,41000,-41000,-41000
060963,禾伸堂凱基9A購01,0,0,0,0,0,0,0,0,0,-41000,0,0,0,9000,50000,-41000,-41000
060123,光罩永豐99購02  ,0,0,0,0,0,0,0,0,0,-41000,0,0,0,17000,58000,-41000,-41000
060698,旺宏國泰9C購01  ,0,0,0,0,0,0,0,0,0,-41000,0,0,0,32000,73000,-41000,-41000
052658,友達元富9C購01  ,0,0,0,0,0,0,0,0,0,-41000,0,0,0,0,41000,-41000,-41000
057888,貿聯群益98購02  ,0,0,0,0,0,0,0,0,0,-41000,0,0,0,100000,141000,-41000,-41000
057169,微星元大98購01  ,0,0,0,0,0,0,0,0,0,-41000,0,0,0,726000,767000,-41000,-41000
057996,臻鼎中信98購01  ,0,0,0,0,0,0,0,0,0,-41000,0,0,0,27000,68000,-41000,-41000
056330,玉晶光國票99購03,0,0,0,0,0,0,0,0,0,-41000,0,0,0,26000,67000,-41000,-41000
058781,康友國票9A購01  ,0,0,0,0,0,0,0,0,0,-41000,0,0,0,100000,141000,-41000,-41000
059991,超眾元大9A購02  ,0,0,0,0,0,0,0,0,0,-41000,0,0,0,29000,70000,-41000,-41000
056526,力山凱基98購01  ,0,0,0,0,0,0,0,0,0,-41000,0,0,0,4000,45000,-41000,-41000
056512,易華電永豐98購01,0,0,0,0,0,0,0,0,0,-41000,0,0,0,25000,66000,-41000,-41000
057496,佐登元大98購02  ,0,0,0,0,0,0,0,0,0,-41000,0,0,0,0,41000,-41000,-41000
07105P,大毅元富99售02  ,0,0,0,0,0,0,0,0,0,-41000,0,0,0,0,41000,-41000,-41000
07673P,電子類元大9A售01,0,0,0,0,0,0,0,0,0,-41000,0,0,0,110000,151000,-41000,-41000
2009,第一銅          ,0,41000,-41000,0,0,0,0,0,0,0,0,0,0,0,0,0,-41000
1459,聯發            ,0,41000,-41000,0,0,0,0,0,0,0,0,0,0,0,0,0,-41000
1526,日馳            ,39000,80000,-41000,0,0,0,0,0,0,0,0,0,0,0,0,0,-41000
1323,永裕            ,0,41000,-41000,0,0,0,0,0,0,0,0,0,0,0,0,0,-41000
5305,敦南            ,128000,168000,-40000,0,0,0,0,0,0,-1000,0,1000,-1000,0,0,0,-41000
3501,維熹            ,3000,44000,-41000,0,0,0,0,0,0,0,0,0,0,0,0,0,-41000
060706,群創富邦9A購01  ,0,0,0,0,0,0,0,0,0,-42000,0,0,0,372000,414000,-42000,-42000
060503,技嘉元大9A購01  ,0,0,0,0,0,0,0,0,0,-42000,0,0,0,135000,177000,-42000,-42000
06021P,世紀鋼元富96售03,0,0,0,0,0,0,0,0,0,-42000,0,0,0,10000,52000,-42000,-42000
06096P,全新永豐97售02  ,0,0,0,0,0,0,0,0,0,-42000,0,0,0,0,42000,-42000,-42000
060796,世芯永豐9A購03  ,0,0,0,0,0,0,0,0,0,-42000,0,0,0,50000,92000,-42000,-42000
062091,世紀鋼元大9B購01,0,0,0,0,0,0,0,0,0,-42000,0,0,0,11000,53000,-42000,-42000
062122,國巨統一02購01  ,0,0,0,0,0,0,0,0,0,-42000,0,0,0,18000,60000,-42000,-42000
06849P,欣興元大98售12  ,0,0,0,0,0,0,0,0,0,-42000,0,0,0,0,42000,-42000,-42000
061584,勤誠元大9A購01  ,0,0,0,0,0,0,0,0,0,-42000,0,0,0,10000,52000,-42000,-42000
055324,TPK國票98購03   ,0,0,0,0,0,0,0,0,0,-42000,0,0,0,0,42000,-42000,-42000
00714,群益道瓊美國地產,0,0,0,0,0,0,0,0,0,-42000,0,0,0,11000,53000,-42000,-42000
055067,禾聯碩永豐97購01,0,0,0,0,0,0,0,0,0,-42000,0,0,0,5000,47000,-42000,-42000
059194,元金2X永豐99購01,0,0,0,0,0,0,0,0,0,-42000,0,0,0,5000,47000,-42000,-42000
056970,TPK永豐98購01   ,0,0,0,0,0,0,0,0,0,-42000,0,0,0,0,42000,-42000,-42000
056754,智易兆豐99購01  ,0,0,0,0,0,0,0,0,0,-42000,0,0,0,0,42000,-42000,-42000
057995,華新科中信98購02,0,0,0,0,0,0,0,0,0,-42000,0,0,0,60000,102000,-42000,-42000
4144,康聯-KY         ,6000,48000,-42000,0,0,0,0,0,0,0,0,0,0,0,0,0,-42000
1337,再生-KY         ,0,42000,-42000,0,0,0,0,0,0,0,0,0,0,0,0,0,-42000
2017,官田鋼          ,5000,47000,-42000,0,0,0,0,0,0,0,0,0,0,0,0,0,-42000
2705,六福            ,0,42000,-42000,0,0,0,0,0,0,0,0,0,0,0,0,0,-42000
3050,鈺德            ,24000,66000,-42000,0,0,0,0,0,0,0,0,0,0,0,0,0,-42000
07547P,緯穎凱基9A售05  ,0,0,0,0,0,0,0,0,0,-42000,0,0,0,0,42000,-42000,-42000
07358P,鴻海元大99售39  ,0,0,0,0,0,0,0,0,0,-42000,0,0,0,55000,97000,-42000,-42000
07366P,國巨康和99售02  ,0,0,0,0,0,0,0,0,0,-42000,0,0,0,485000,527000,-42000,-42000
061754,晶技麥證9B購01  ,0,0,0,59000,102000,-43000,0,0,0,-43000,0,0,0,59000,102000,-43000,-43000
06602P,國巨統一99售02  ,0,0,0,0,0,0,0,0,0,-43000,0,0,0,15000,58000,-43000,-43000
062141,遠東新國票9B購01,0,0,0,0,0,0,0,0,0,-43000,0,0,0,0,43000,-43000,-43000
062249,台積電元大9B購01,0,0,0,0,0,0,0,0,0,-43000,0,0,0,0,43000,-43000,-43000
062382,燿華國泰9C購01  ,0,0,0,0,0,0,0,0,0,-43000,0,0,0,0,43000,-43000,-43000
061044,世紀鋼永豐9A購02,0,0,0,0,0,0,0,0,0,-43000,0,0,0,0,43000,-43000,-43000
060040,康控國票99購04  ,0,0,0,0,0,0,0,0,0,-43000,0,0,0,23000,66000,-43000,-43000
054932,台肥元大97購01  ,0,0,0,0,0,0,0,0,0,-43000,0,0,0,272000,315000,-43000,-43000
058216,TPK群益99購01   ,0,0,0,0,0,0,0,0,0,-43000,0,0,0,0,43000,-43000,-43000
053996,晶相光群益97購01,0,0,0,0,0,0,0,0,0,-43000,0,0,0,0,43000,-43000,-43000
054090,瑞昱群益97購01  ,0,0,0,0,0,0,0,0,0,-43000,0,0,0,52000,95000,-43000,-43000
053919,可成國票97購02  ,0,0,0,0,0,0,0,0,0,-43000,0,0,0,0,43000,-43000,-43000
046942,友達元大99購01  ,0,0,0,0,0,0,0,0,0,-43000,0,0,0,216000,259000,-43000,-43000
055359,超眾凱基97購01  ,0,0,0,0,0,0,0,0,0,-43000,0,0,0,21000,64000,-43000,-43000
05161P,華新科國票96售01,0,0,0,0,0,0,0,0,0,-43000,0,0,0,0,43000,-43000,-43000
052235,聯發科國票96購02,0,0,0,0,0,0,0,0,0,-43000,0,0,0,35000,78000,-43000,-43000
05711P,茂林國票97售03  ,0,0,0,0,0,0,0,0,0,-43000,0,0,0,20000,63000,-43000,-43000
056963,建準永豐98購01  ,0,0,0,0,0,0,0,0,0,-43000,0,0,0,38000,81000,-43000,-43000
056496,康控國泰99購01  ,0,0,0,0,0,0,0,0,0,-43000,0,0,0,0,43000,-43000,-43000
059848,智邦永豐99購01  ,0,0,0,0,0,0,0,0,0,-43000,0,0,0,9000,52000,-43000,-43000
059819,台積電凱基99購17,0,0,0,0,0,0,0,0,0,-43000,0,0,0,5000,48000,-43000,-43000
07715P,台灣50群益9A售14,0,0,0,0,0,0,0,0,0,-43000,0,0,0,25000,68000,-43000,-43000
07728P,臺股指凱基9A售20,0,0,0,0,0,0,0,0,0,-43000,0,0,0,32000,75000,-43000,-43000
3004,豐達科          ,31000,74000,-43000,0,0,0,0,0,0,0,0,0,0,0,0,0,-43000
2832,台產            ,10000,53000,-43000,0,0,0,0,0,0,0,0,0,0,0,0,0,-43000
1614,三洋電          ,4000,47000,-43000,0,0,0,0,0,0,0,0,0,0,0,0,0,-43000
5907,大洋-KY         ,3000,46000,-43000,0,0,0,0,0,0,0,0,0,0,0,0,0,-43000
8101,華冠            ,5000,48000,-43000,0,0,0,0,0,0,0,0,0,0,0,0,0,-43000
9925,新保            ,3000,46000,-43000,0,0,0,0,0,0,0,0,0,0,0,0,0,-43000
060188,華新科元富9A購03,0,0,0,0,0,0,0,0,0,-44000,0,0,0,56000,100000,-44000,-44000
060471,台勝科元大9B購01,0,0,0,0,0,0,0,0,0,-44000,0,0,0,1000,45000,-44000,-44000
061103,聯發科元大9A購08,0,0,0,0,0,0,0,0,0,-44000,0,0,0,58000,102000,-44000,-44000
062325,鴻海統一9B購05  ,0,0,0,0,0,0,0,0,0,-44000,0,0,0,0,44000,-44000,-44000
061950,日月光群益9B購01,0,0,0,0,0,0,0,0,0,-44000,0,0,0,6000,50000,-44000,-44000
055955,微星元大97購01  ,0,0,0,0,0,0,0,0,0,-44000,0,0,0,519000,563000,-44000,-44000
058215,貿聯群益99購02  ,0,0,0,0,0,0,0,0,0,-44000,0,0,0,0,44000,-44000,-44000
054634,FB上証中信99購01,0,0,0,0,0,0,0,0,0,-44000,0,0,0,0,44000,-44000,-44000
059922,大立光元大99購25,0,0,0,0,0,0,0,0,0,-44000,0,0,0,27000,71000,-44000,-44000
056417,欣興中信98購01  ,0,0,0,0,0,0,0,0,0,-44000,0,0,0,91000,135000,-44000,-44000
057132,華新科凱基98購05,0,0,0,0,0,0,0,0,0,-44000,0,0,0,0,44000,-44000,-44000
05707P,中磊永豐96售01  ,0,0,0,0,0,0,0,0,0,-44000,0,0,0,0,44000,-44000,-44000
9944,新麗            ,0,44000,-44000,0,0,0,0,0,0,0,0,0,0,0,0,0,-44000
6491,晶碩            ,12000,56000,-44000,0,0,0,0,0,0,0,0,0,0,0,0,0,-44000
1451,年興            ,0,44000,-44000,0,0,0,0,0,0,0,0,0,0,0,0,0,-44000
07906P,中租群益9B售02  ,0,0,0,0,0,0,0,0,0,-44000,0,0,0,0,44000,-44000,-44000
07660P,聯茂凱基9A售03  ,0,0,0,0,0,0,0,0,0,-44000,0,0,0,3000,47000,-44000,-44000
1626,艾美特-KY       ,19000,62828,-43828,0,0,0,0,0,0,-1000,0,1000,-1000,0,0,0,-44828
061666,友達中信01購01  ,0,0,0,0,0,0,0,0,0,-45000,0,0,0,19000,64000,-45000,-45000
062386,京鼎國泰9C購01  ,0,0,0,0,0,0,0,0,0,-45000,0,0,0,0,45000,-45000,-45000
06593P,欣興元大98售05  ,0,0,0,0,0,0,0,0,0,-45000,0,0,0,21000,66000,-45000,-45000
06428P,國巨元大97售17  ,0,0,0,0,0,0,0,0,0,-45000,0,0,0,0,45000,-45000,-45000
06411P,晶相光永豐97售03,0,0,0,0,0,0,0,0,0,-45000,0,0,0,0,45000,-45000,-45000
061233,國巨元大9A購17  ,0,0,0,0,0,0,0,0,0,-45000,0,0,0,0,45000,-45000,-45000
060432,達方永豐9A購01  ,0,0,0,0,0,0,0,0,0,-45000,0,0,0,5000,50000,-45000,-45000
060552,群創凱基9B購05  ,0,0,0,0,0,0,0,0,0,-45000,0,0,0,220000,265000,-45000,-45000
06058P,玉晶光凱基97售04,0,0,0,0,0,0,0,0,0,-45000,0,0,0,10000,55000,-45000,-45000
060035,臺股指永豐99購04,0,0,0,0,0,0,0,0,0,-45000,0,0,0,5000,50000,-45000,-45000
060065,大立光兆豐9B購01,0,0,0,0,0,0,0,0,0,-45000,0,0,0,0,45000,-45000,-45000
055597,禾伸堂元大98購02,0,0,0,0,0,0,0,0,0,-45000,0,0,0,0,45000,-45000,-45000
058370,聯詠凱基99購01  ,0,0,0,0,0,0,0,0,0,-45000,0,0,0,20000,65000,-45000,-45000
053742,創意國票97購01  ,0,0,0,0,0,0,0,0,0,-45000,0,0,0,1000,46000,-45000,-45000
053750,致伸永豐96購02  ,0,0,0,0,0,0,0,0,0,-45000,0,0,0,0,45000,-45000,-45000
053686,台積電元大97購08,0,0,0,0,0,0,0,0,0,-45000,0,0,0,0,45000,-45000,-45000
053698,中磊元大96購02  ,0,0,0,0,0,0,0,0,0,-45000,0,0,0,5000,50000,-45000,-45000
055455,健策國泰98購02  ,0,0,0,0,0,0,0,0,0,-45000,0,0,0,0,45000,-45000,-45000
054279,揚明光群益98購01,0,0,0,0,0,0,0,0,0,-45000,0,0,0,5000,50000,-45000,-45000
055732,全新元富9A購01  ,0,0,0,0,0,0,0,0,0,-45000,0,0,0,75000,120000,-45000,-45000
058797,大毅元大99購03  ,0,0,0,0,0,0,0,0,0,-45000,0,0,0,7000,52000,-45000,-45000
057948,嘉聯益國票99購02,0,0,0,0,0,0,0,0,0,-45000,0,0,0,29000,74000,-45000,-45000
056609,楠梓電永豐98購02,0,0,0,0,0,0,0,0,0,-45000,0,0,0,10000,55000,-45000,-45000
056715,瀚宇博永豐98購01,0,0,0,0,0,0,0,0,0,-45000,0,0,0,207000,252000,-45000,-45000
059984,華新科元大99購21,0,0,0,0,0,0,0,0,0,-45000,0,0,0,5000,50000,-45000,-45000
057747,致新永豐98購01  ,0,0,0,0,0,0,0,0,0,-45000,0,0,0,23000,68000,-45000,-45000
07009P,臺股指中信9B售01,0,0,0,0,0,0,0,0,0,-45000,0,0,0,0,45000,-45000,-45000
5607,遠雄港          ,118000,163000,-45000,0,0,0,0,0,0,0,0,0,0,0,0,0,-45000
6224,聚鼎            ,12000,60000,-48000,0,0,0,0,0,0,3000,3000,0,3000,0,0,0,-45000
060910,聯發科元大9A購05,0,0,0,0,0,0,0,0,0,-46000,0,0,0,15000,61000,-46000,-46000
06594P,立積元大98售01  ,0,0,0,0,0,0,0,0,0,-46000,0,0,0,43000,89000,-46000,-46000
058571,緯穎凱基9A購02  ,0,0,0,0,0,0,0,0,0,-46000,0,0,0,1000,47000,-46000,-46000
054919,興富發凱基97購01,0,0,0,0,0,0,0,0,0,-46000,0,0,0,20000,66000,-46000,-46000
055861,矽力元大97購03  ,0,0,0,0,0,0,0,0,0,-46000,0,0,0,11000,57000,-46000,-46000
055335,健策兆豐98購01  ,0,0,0,0,0,0,0,0,0,-46000,0,0,0,0,46000,-46000,-46000
05052P,友達群益97售01  ,0,0,0,0,0,0,0,0,0,-46000,0,0,0,220000,266000,-46000,-46000
059255,臺股指凱基99購33,0,0,0,0,0,0,0,0,0,-46000,0,0,0,7000,53000,-46000,-46000
057611,技嘉元富98購02  ,0,0,0,0,0,0,0,0,0,-46000,0,0,0,30000,76000,-46000,-46000
059936,台積電永豐99購06,0,0,0,0,0,0,0,0,0,-46000,0,0,0,0,46000,-46000,-46000
056519,創意國票99購01  ,0,0,0,0,0,0,0,0,0,-46000,0,0,0,22000,68000,-46000,-46000
059568,台積電凱基9A購13,0,0,0,0,0,0,0,0,0,-46000,0,0,0,12000,58000,-46000,-46000
056126,台郡國票98購02  ,0,0,0,0,0,0,0,0,0,-46000,0,0,0,0,46000,-46000,-46000
057989,旺宏統一99購04  ,0,0,0,0,0,0,0,0,0,-46000,0,0,0,0,46000,-46000,-46000
057878,台郡元大99購04  ,0,0,0,0,0,0,0,0,0,-46000,0,0,0,30000,76000,-46000,-46000
058149,百和元大99購02  ,0,0,0,0,0,0,0,0,0,-46000,0,0,0,23000,69000,-46000,-46000
06553P,訊芯元大98售05  ,0,0,0,0,0,0,0,0,0,-47000,0,0,0,53000,100000,-47000,-47000
06865P,亞德客元大98售04,0,0,0,0,0,0,0,0,0,-47000,0,0,0,20000,67000,-47000,-47000
06789P,鴻海凱基98售12  ,0,0,0,0,0,0,0,0,0,-47000,0,0,0,0,47000,-47000,-47000
062370,華擎元大9B購01  ,0,0,0,0,0,0,0,0,0,-47000,0,0,0,0,47000,-47000,-47000
061218,臺股指元大9A購55,0,0,0,0,0,0,0,0,0,-47000,0,0,0,30000,77000,-47000,-47000
061245,晶技群益9A購01  ,0,0,0,0,0,0,0,0,0,-47000,0,0,0,17000,64000,-47000,-47000
060056,大立光凱基9B購01,0,0,0,0,0,0,0,0,0,-47000,0,0,0,8000,55000,-47000,-47000
060331,台積電麥證9A購01,0,0,0,0,47000,-47000,0,0,0,-47000,0,0,0,0,47000,-47000,-47000
060500,鴻海元大9A購12  ,0,0,0,0,0,0,0,0,0,-47000,0,0,0,51000,98000,-47000,-47000
05163P,聯發科統一96售02,0,0,0,0,0,0,0,0,0,-47000,0,0,0,11000,58000,-47000,-47000
055594,華新科元大98購02,0,0,0,0,0,0,0,0,0,-47000,0,0,0,10000,57000,-47000,-47000
058557,健策第一01購01  ,0,0,0,0,0,0,0,0,0,-47000,0,0,0,52000,99000,-47000,-47000
058203,信邦凱基99購01  ,0,0,0,0,0,0,0,0,0,-47000,0,0,0,0,47000,-47000,-47000
054563,泰碩群益99購01  ,0,0,0,0,0,0,0,0,0,-47000,0,0,0,17000,64000,-47000,-47000
056735,國巨凱基99購02  ,0,0,0,0,0,0,0,0,0,-47000,0,0,0,41000,88000,-47000,-47000
057240,茂林凱基9A購01  ,0,0,0,0,0,0,0,0,0,-47000,0,0,0,10000,57000,-47000,-47000
059647,超眾凱基99購04  ,0,0,0,0,0,0,0,0,0,-47000,0,0,0,107000,154000,-47000,-47000
059337,台灣50凱基9C購05,0,0,0,0,0,0,0,0,0,-47000,0,0,0,0,47000,-47000,-47000
058030,國巨永豐98購08  ,0,0,0,0,0,0,0,0,0,-47000,0,0,0,0,47000,-47000,-47000
059181,世紀鋼元富9C購01,0,0,0,0,0,0,0,0,0,-47000,0,0,0,100000,147000,-47000,-47000
9905,大華            ,4000,51000,-47000,0,0,0,0,0,0,0,0,0,0,0,0,0,-47000
06959P,鴻海凱基9A售02  ,0,0,0,0,0,0,0,0,0,-47000,0,0,0,0,47000,-47000,-47000
07819P,旺宏國票9B售01  ,0,0,0,0,0,0,0,0,0,-47000,0,0,0,0,47000,-47000,-47000
1231,聯華食          ,16000,63000,-47000,0,0,0,0,0,0,0,0,0,0,0,0,0,-47000
2706,第一店          ,0,47000,-47000,0,0,0,0,0,0,0,0,0,0,0,0,0,-47000
060202,康友元富9A購01  ,0,0,0,0,0,0,0,0,0,-48000,0,0,0,20000,68000,-48000,-48000
062053,華通統一9C購02  ,0,0,0,0,0,0,0,0,0,-48000,0,0,0,55000,103000,-48000,-48000
061543,南亞科群益9A購01,0,0,0,0,0,0,0,0,0,-48000,0,0,0,34000,82000,-48000,-48000
054780,中石化群益99購01,0,0,0,0,0,0,0,0,0,-48000,0,0,0,2000,50000,-48000,-48000
054298,台表科元大97購03,0,0,0,0,0,0,0,0,0,-48000,0,0,0,2000,50000,-48000,-48000
054339,聯詠統一96購02  ,0,0,0,0,0,0,0,0,0,-48000,0,0,0,0,48000,-48000,-48000
057493,聯詠元大98購02  ,0,0,0,0,0,0,0,0,0,-48000,0,0,0,20000,68000,-48000,-48000
058008,禾伸堂國票99購02,0,0,0,0,0,0,0,0,0,-48000,0,0,0,9000,57000,-48000,-48000
057282,大立光元大99購06,0,0,0,0,0,0,0,0,0,-48000,0,0,0,0,48000,-48000,-48000
059319,台光電元大99購04,0,0,0,0,0,0,0,0,0,-48000,0,0,0,0,48000,-48000,-48000
2851,中再保          ,12000,60000,-48000,0,0,0,0,0,0,0,0,0,0,0,0,0,-48000
3094,聯傑            ,32000,80000,-48000,0,0,0,0,0,0,0,0,0,0,0,0,0,-48000
07864P,可成元大9B售01  ,0,0,0,0,0,0,0,0,0,-48000,0,0,0,0,48000,-48000,-48000
07536P,華新科元富9A售04,0,0,0,0,0,0,0,0,0,-48000,0,0,0,0,48000,-48000,-48000
07067P,旺宏台新99售02  ,0,0,0,0,0,0,0,0,0,-48000,0,0,0,33000,81000,-48000,-48000
4956,光鋐            ,0,33000,-33000,0,0,0,0,0,0,-15000,0,0,0,55000,70000,-15000,-48000
3669,圓展            ,199000,246000,-47000,0,0,0,0,0,0,-1000,0,1000,-1000,0,0,0,-48000
3694,海華            ,60000,108000,-48000,0,0,0,0,0,0,0,0,0,0,0,0,0,-48000
061488,奇力新兆豐9A購01,0,0,0,0,0,0,0,0,0,-49000,0,0,0,1000,50000,-49000,-49000
06832P,玉晶光凱基98售03,0,0,0,0,0,0,0,0,0,-49000,0,0,0,1000,50000,-49000,-49000
060506,京元電元大9A購02,0,0,0,0,0,0,0,0,0,-49000,0,0,0,26000,75000,-49000,-49000
061110,超眾元大9A購03  ,0,0,0,0,0,0,0,0,0,-49000,0,0,0,47000,96000,-49000,-49000
053628,微星兆豐96購01  ,0,0,0,0,0,0,0,0,0,-49000,0,0,0,21000,70000,-49000,-49000
058171,國巨凱基9A購07  ,0,0,0,0,0,0,0,0,0,-49000,0,0,0,22000,71000,-49000,-49000
058369,亞光凱基99購02  ,0,0,0,0,0,0,0,0,0,-49000,0,0,0,0,49000,-49000,-49000
055291,京鼎元大97購02  ,0,0,0,0,0,0,0,0,0,-49000,0,0,0,54000,103000,-49000,-49000
051486,玉晶光凱基97購03,0,0,0,0,0,0,0,0,0,-49000,0,0,0,219000,268000,-49000,-49000
060008,華邦電群益9A購01,0,0,0,0,0,0,0,0,0,-49000,0,0,0,214000,263000,-49000,-49000
057549,台光電凱基98購05,0,0,0,0,0,0,0,0,0,-49000,0,0,0,0,49000,-49000,-49000
057460,楠梓電永豐98購03,0,0,0,0,0,0,0,0,0,-49000,0,0,0,3000,52000,-49000,-49000
059273,臺指反元大9C購03,0,0,0,0,0,0,0,0,0,-49000,0,0,0,0,49000,-49000,-49000
057239,貿聯凱基98購05  ,0,0,0,0,0,0,0,0,0,-49000,0,0,0,0,49000,-49000,-49000
056746,超眾凱基99購01  ,0,0,0,0,0,0,0,0,0,-49000,0,0,0,34000,83000,-49000,-49000
059027,神達台新99購02  ,0,0,0,0,0,0,0,0,0,-49000,0,0,0,0,49000,-49000,-49000
4552,力達-KY         ,2000,51000,-49000,0,0,0,0,0,0,0,0,0,0,0,0,0,-49000
6184,大豐電          ,5000,54000,-49000,0,0,0,0,0,0,0,0,0,0,0,0,0,-49000
2514,龍邦            ,39000,88000,-49000,0,0,0,0,0,0,0,0,0,0,0,0,0,-49000
061106,群創元大9B購09  ,0,0,0,0,0,0,0,0,0,-50000,0,0,0,45000,95000,-50000,-50000
061349,嘉澤元大9A購02  ,0,0,0,0,0,0,0,0,0,-50000,0,0,0,67000,117000,-50000,-50000
061020,超眾國票9A購02  ,0,15000,-15000,0,0,0,0,0,0,-35000,0,0,0,56000,91000,-35000,-50000
060725,台積電第一9A購01,0,0,0,0,0,0,0,0,0,-50000,0,0,0,0,50000,-50000,-50000
060466,玉山金元大9A購01,0,0,0,0,0,0,0,0,0,-50000,0,0,0,12000,62000,-50000,-50000
060551,大立光凱基9B購02,0,0,0,0,0,0,0,0,0,-50000,0,0,0,10000,60000,-50000,-50000
060617,華新科元大9A購08,0,0,0,0,0,0,0,0,0,-50000,0,0,0,0,50000,-50000,-50000
060250,台表科元大9A購01,0,0,0,0,0,0,0,0,0,-50000,0,0,0,111000,161000,-50000,-50000
06621P,欣興元大98售06  ,0,0,0,0,0,0,0,0,0,-50000,0,0,0,0,50000,-50000,-50000
062195,聚陽中信9C購01  ,0,0,0,0,0,0,0,0,0,-50000,0,0,0,0,50000,-50000,-50000
062179,旺宏元大9B購05  ,0,0,0,0,0,0,0,0,0,-50000,0,0,0,6000,56000,-50000,-50000
062371,健策元大9B購08  ,0,0,0,0,0,0,0,0,0,-50000,0,0,0,13000,63000,-50000,-50000
06233P,訊芯永豐97售03  ,0,0,0,0,0,0,0,0,0,-50000,0,0,0,0,50000,-50000,-50000
062392,國巨富邦02購01  ,0,0,0,0,0,0,0,0,0,-50000,0,0,0,0,50000,-50000,-50000
061481,嘉澤元大9A購03  ,0,0,0,0,0,0,0,0,0,-50000,0,0,0,15000,65000,-50000,-50000
061523,SP黃豆凱基9B購01,0,0,0,0,0,0,0,0,0,-50000,0,0,0,0,50000,-50000,-50000
061465,聯詠群益9A購01  ,0,0,0,0,0,0,0,0,0,-50000,0,0,0,10000,60000,-50000,-50000
061575,華新科元大9A購20,0,0,0,0,0,0,0,0,0,-50000,0,0,0,0,50000,-50000,-50000
061667,友達中信9A購02  ,0,0,0,0,0,0,0,0,0,-50000,0,0,0,0,50000,-50000,-50000
061675,華新科元大9A購23,0,0,0,0,0,0,0,0,0,-50000,0,0,0,0,50000,-50000,-50000
061677,泰碩元大9A購05  ,0,0,0,0,0,0,0,0,0,-50000,0,0,0,0,50000,-50000,-50000
061826,台郡麥證9B購01  ,0,0,0,0,50000,-50000,0,0,0,-50000,0,0,0,0,50000,-50000,-50000
051570,和碩富邦97購01  ,0,0,0,0,0,0,0,0,0,-50000,0,0,0,0,50000,-50000,-50000
052238,智易國票96購01  ,0,0,0,0,0,0,0,0,0,-50000,0,0,0,0,50000,-50000,-50000
052295,揚明光國票96購03,0,0,0,0,0,0,0,0,0,-50000,0,0,0,0,50000,-50000,-50000
055943,瑞昱麥證97購01  ,0,0,0,0,50000,-50000,0,0,0,-50000,0,0,0,0,50000,-50000,-50000
050227,大立光中信96購01,0,0,0,0,0,0,0,0,0,-50000,0,0,0,0,50000,-50000,-50000
049485,台積電元大96購03,0,0,0,0,0,0,0,0,0,-50000,0,0,0,10000,60000,-50000,-50000
052851,滬深2X元富96購02,0,0,0,0,0,0,0,0,0,-50000,0,0,0,0,50000,-50000,-50000
051300,台光電凱基96購02,0,0,0,0,0,0,0,0,0,-50000,0,0,0,0,50000,-50000,-50000
058314,欣興富邦9B購01  ,0,0,0,0,0,0,0,0,0,-50000,0,0,0,0,50000,-50000,-50000
058282,聯茂中信99購01  ,0,0,0,0,0,0,0,0,0,-50000,0,0,0,10000,60000,-50000,-50000
058234,華新科元大99購12,0,0,0,0,0,0,0,0,0,-50000,0,0,0,0,50000,-50000,-50000
055029,帆宣國泰99購01  ,0,0,0,0,0,0,0,0,0,-50000,0,0,0,91000,141000,-50000,-50000
055142,健策永豐98購01  ,0,0,0,0,0,0,0,0,0,-50000,0,0,0,21000,71000,-50000,-50000
055211,A50反1凱基9A購01,0,0,0,0,0,0,0,0,0,-50000,0,0,0,0,50000,-50000,-50000
055234,昇陽半國票98購02,0,0,0,0,0,0,0,0,0,-50000,0,0,0,0,50000,-50000,-50000
053602,台虹元大96購01  ,0,0,0,0,0,0,0,0,0,-50000,0,0,0,0,50000,-50000,-50000
053553,聯詠凱基96購03  ,0,0,0,0,0,0,0,0,0,-50000,0,0,0,0,50000,-50000,-50000
053505,瑞儀兆豐97購01  ,0,0,0,0,0,0,0,0,0,-50000,0,0,0,0,50000,-50000,-50000
053957,瑞昱永豐96購01  ,0,0,0,0,0,0,0,0,0,-50000,0,0,0,0,50000,-50000,-50000
055777,冠德凱基97購01  ,0,0,0,0,0,0,0,0,0,-50000,0,0,0,0,50000,-50000,-50000
055508,矽力元大97購01  ,0,0,0,0,0,0,0,0,0,-50000,0,0,0,0,50000,-50000,-50000
057925,貿聯凱基99購01  ,0,0,0,0,0,0,0,0,0,-50000,0,0,0,0,50000,-50000,-50000
058457,創意永豐99購01  ,0,0,0,0,0,0,0,0,0,-50000,0,0,0,10000,60000,-50000,-50000
05621P,聯電中信96售01  ,0,0,0,0,0,0,0,0,0,-50000,0,0,0,0,50000,-50000,-50000
056795,鴻海麥證98購01  ,0,0,0,110000,160000,-50000,0,0,0,-50000,0,0,0,110000,160000,-50000,-50000
057232,京元電凱基98購02,0,0,0,0,0,0,0,0,0,-50000,0,0,0,20000,70000,-50000,-50000
056100,楠梓電永豐97購02,0,0,0,0,0,0,0,0,0,-50000,0,0,0,0,50000,-50000,-50000
056129,義隆麥證97購01  ,0,0,0,0,50000,-50000,0,0,0,-50000,0,0,0,0,50000,-50000,-50000
056010,力成中信97購01  ,0,0,0,0,0,0,0,0,0,-50000,0,0,0,0,50000,-50000,-50000
058699,楠梓電元大99購02,0,0,0,0,0,0,0,0,0,-50000,0,0,0,4000,54000,-50000,-50000
059265,美律中信01購01  ,0,0,0,0,0,0,0,0,0,-50000,0,0,0,0,50000,-50000,-50000
059205,元石油元大99購01,0,0,0,0,0,0,0,0,0,-50000,0,0,0,0,50000,-50000,-50000
06000P,GIS元大96售04   ,0,0,0,0,0,0,0,0,0,-50000,0,0,0,0,50000,-50000,-50000
059915,聯發科元大99購32,0,0,0,0,0,0,0,0,0,-50000,0,0,0,0,50000,-50000,-50000
056553,啟碁凱基98購02  ,0,0,0,0,0,0,0,0,0,-50000,0,0,0,0,50000,-50000,-50000
057423,台郡凱基98購06  ,0,0,0,0,0,0,0,0,0,-50000,0,0,0,0,50000,-50000,-50000
2388,威盛            ,190000,240000,-50000,0,0,0,0,0,0,0,0,0,0,0,0,0,-50000
2359,所羅門          ,31000,81000,-50000,0,0,0,0,0,0,0,0,0,0,0,0,0,-50000
2348,海悅            ,26000,83000,-57000,0,0,0,0,0,0,7000,7000,0,7000,0,0,0,-50000
2227,裕日車          ,2000,59000,-57000,0,0,0,0,0,0,7000,7000,0,7000,0,0,0,-50000
06937P,GIS元大98售03   ,0,0,0,0,0,0,0,0,0,-50000,0,0,0,0,50000,-50000,-50000
07910P,台積電統一9C售07,0,0,0,0,0,0,0,0,0,-50000,0,0,0,0,50000,-50000,-50000
07744P,奇力新凱基9A售05,0,0,0,0,0,0,0,0,0,-50000,0,0,0,0,50000,-50000,-50000
6115,鎰勝            ,0,50000,-50000,0,0,0,0,0,0,0,0,0,0,0,0,0,-50000
6477,安集            ,0,50000,-50000,0,0,0,0,0,0,0,0,0,0,0,0,0,-50000
6533,晶心科          ,41450,92000,-50550,0,0,0,0,0,0,0,0,0,0,0,0,0,-50550
061821,祥碩群益9B購02  ,0,0,0,0,0,0,0,0,0,-51000,0,0,0,185000,236000,-51000,-51000
06529P,貿聯富邦99售03  ,0,0,0,0,0,0,0,0,0,-51000,0,0,0,0,51000,-51000,-51000
060596,元黃金凱基9A購02,0,0,0,0,0,0,0,0,0,-51000,0,0,0,0,51000,-51000,-51000
060402,神隆國泰9B購01  ,0,0,0,0,0,0,0,0,0,-51000,0,0,0,144000,195000,-51000,-51000
060982,旺宏元大9A購09  ,0,0,0,0,0,0,0,0,0,-51000,0,0,0,10000,61000,-51000,-51000
054250,漢唐元大96購04  ,0,0,0,0,0,0,0,0,0,-51000,0,0,0,49000,100000,-51000,-51000
053481,同欣電元大97購01,0,0,0,0,0,0,0,0,0,-51000,0,0,0,0,51000,-51000,-51000
054531,聯發科國泰97購02,0,0,0,0,0,0,0,0,0,-51000,0,0,0,0,51000,-51000,-51000
052822,泰碩永豐97購01  ,0,0,0,0,0,0,0,0,0,-51000,0,0,0,70000,121000,-51000,-51000
052362,瑞昱國票96購02  ,0,0,0,0,0,0,0,0,0,-51000,0,0,0,0,51000,-51000,-51000
059295,大立光元富99購05,0,0,0,0,0,0,0,0,0,-51000,0,0,0,13000,64000,-51000,-51000
059187,國巨富邦9B購02  ,0,0,0,0,0,0,0,0,0,-51000,0,0,0,154000,205000,-51000,-51000
056047,台積電兆豐97購02,0,0,0,0,0,0,0,0,0,-51000,0,0,0,0,51000,-51000,-51000
056076,超眾元大97購05  ,0,0,0,0,0,0,0,0,0,-51000,0,0,0,0,51000,-51000,-51000
6214,精誠            ,115000,175000,-60000,0,0,0,0,0,0,9000,10000,1000,9000,0,0,0,-51000
8163,達方            ,252000,297000,-45000,0,0,0,0,0,0,-6000,0,6000,-6000,0,0,0,-51000
061310,華新科麥證9A購01,0,0,0,0,52000,-52000,0,0,0,-52000,0,0,0,0,52000,-52000,-52000
060507,聯發科元大9A購03,0,0,0,0,0,0,0,0,0,-52000,0,0,0,0,52000,-52000,-52000
060633,玉晶光富邦02購01,0,0,0,0,0,0,0,0,0,-52000,0,0,0,315000,367000,-52000,-52000
060236,精元元大9C購01  ,0,0,0,0,0,0,0,0,0,-52000,0,0,0,24000,76000,-52000,-52000
06583P,可成凱基98售07  ,0,0,0,0,0,0,0,0,0,-52000,0,0,0,20000,72000,-52000,-52000
062205,奇力新國票9C購01,0,0,0,0,0,0,0,0,0,-52000,0,0,0,0,52000,-52000,-52000
061996,矽格元大9B購01  ,0,0,0,0,0,0,0,0,0,-52000,0,0,0,49000,101000,-52000,-52000
052447,聯發科元大96購04,0,0,0,0,0,0,0,0,0,-52000,0,0,0,0,52000,-52000,-52000
051483,玉晶光凱基96購02,0,0,0,0,0,0,0,0,0,-52000,0,0,0,27000,79000,-52000,-52000
054151,瑞昱國泰97購01  ,0,0,0,0,0,0,0,0,0,-52000,0,0,0,3000,55000,-52000,-52000
054768,泰碩國票99購02  ,0,0,0,0,0,0,0,0,0,-52000,0,0,0,6000,58000,-52000,-52000
05541P,鴻海統一96售08  ,0,0,0,0,0,0,0,0,0,-52000,0,0,0,19000,71000,-52000,-52000
05464P,華通康和95售02  ,0,0,0,0,0,0,0,0,0,-52000,0,0,0,0,52000,-52000,-52000
057034,道瓊反元大9B購01,0,0,0,0,0,0,0,0,0,-52000,0,0,0,0,52000,-52000,-52000
056297,台光電元大97購04,0,0,0,0,0,0,0,0,0,-52000,0,0,0,4000,56000,-52000,-52000
05911P,南亞科永豐96售03,0,0,0,0,0,0,0,0,0,-52000,0,0,0,0,52000,-52000,-52000
057349,聯發科統一98購04,0,0,0,0,0,0,0,0,0,-52000,0,0,0,0,52000,-52000,-52000
059619,台積電日盛9A購04,0,0,0,0,0,0,0,0,0,-52000,0,0,0,40000,92000,-52000,-52000
059958,鎧勝康和99購01  ,0,0,0,0,0,0,0,0,0,-52000,0,0,0,46000,98000,-52000,-52000
1615,大山            ,12000,64000,-52000,0,0,0,0,0,0,0,0,0,0,0,0,0,-52000
07944P,華新科元大9B售08,0,0,0,0,0,0,0,0,0,-52000,0,0,0,0,52000,-52000,-52000
3057,喬鼎            ,0,52000,-52000,0,0,0,0,0,0,0,0,0,0,0,0,0,-52000
062058,瑞昱統一01購01  ,0,0,0,0,0,0,0,0,0,-53000,0,0,0,61000,114000,-53000,-53000
062083,健策元大9C購03  ,0,0,0,0,0,0,0,0,0,-53000,0,0,0,122000,175000,-53000,-53000
062214,金寶統一01購01  ,0,0,0,0,0,0,0,0,0,-53000,0,0,0,0,53000,-53000,-53000
058272,超眾永豐9A購01  ,0,0,0,0,0,0,0,0,0,-53000,0,0,0,24000,77000,-53000,-53000
058575,智邦群益99購01  ,0,0,0,0,0,0,0,0,0,-53000,0,0,0,13000,66000,-53000,-53000
055900,瀚宇博中信97購01,0,0,0,0,0,0,0,0,0,-53000,0,0,0,67000,120000,-53000,-53000
052779,欣興國票97購01  ,0,0,0,0,0,0,0,0,0,-53000,0,0,0,100000,153000,-53000,-53000
057347,國巨統一9A購03  ,0,0,0,0,0,0,0,0,0,-53000,0,0,0,589000,642000,-53000,-53000
058981,國巨凱基99購10  ,0,0,0,0,0,0,0,0,0,-53000,0,0,0,0,53000,-53000,-53000
05938P,旺宏凱基96售07  ,0,0,0,0,0,0,0,0,0,-53000,0,0,0,0,53000,-53000,-53000
2642,宅配通          ,21000,74000,-53000,0,0,0,0,0,0,0,0,0,0,0,0,0,-53000
07560P,台積電國泰9B售01,0,0,0,0,0,0,0,0,0,-53000,0,0,0,4000,57000,-53000,-53000
07478P,南電康和9A售02  ,0,0,0,0,0,0,0,0,0,-53000,0,0,0,855000,908000,-53000,-53000
07210P,智邦凱基99售03  ,0,0,0,0,0,0,0,0,0,-53000,0,0,0,172000,225000,-53000,-53000
062233,神隆凱基9B購01  ,0,0,0,0,0,0,0,0,0,-54000,0,0,0,0,54000,-54000,-54000
062046,矽格凱基9B購01  ,0,0,0,0,0,0,0,0,0,-54000,0,0,0,51000,105000,-54000,-54000
061318,智邦凱基9B購01  ,0,0,0,0,0,0,0,0,0,-54000,0,0,0,31000,85000,-54000,-54000
061067,貿聯凱基9A購03  ,0,0,0,0,0,0,0,0,0,-54000,0,0,0,8000,62000,-54000,-54000
060991,京鼎元大9A購01  ,0,0,0,0,0,0,0,0,0,-54000,0,0,0,120000,174000,-54000,-54000
050890,南電富邦99購01  ,0,0,0,0,0,0,0,0,0,-54000,0,0,0,4000,58000,-54000,-54000
03686P,大立光統一98售02,0,0,0,0,0,0,0,0,0,-54000,0,0,0,0,54000,-54000,-54000
052137,台表科凱基96購02,0,0,0,0,0,0,0,0,0,-54000,0,0,0,40000,94000,-54000,-54000
05853P,欣興群益96售05  ,0,0,0,0,0,0,0,0,0,-54000,0,0,0,0,54000,-54000,-54000
055063,玉晶光永豐99購01,0,0,0,0,0,0,0,0,0,-54000,0,0,0,80000,134000,-54000,-54000
059195,國巨永豐99購04  ,0,0,0,0,0,0,0,0,0,-54000,0,0,0,135000,189000,-54000,-54000
056506,晶豪科永豐98購02,0,0,0,0,0,0,0,0,0,-54000,0,0,0,30000,84000,-54000,-54000
07416P,台積電元大99售53,0,0,0,0,0,0,0,0,0,-54000,0,0,0,34000,88000,-54000,-54000
3149,正達            ,15000,69000,-54000,0,0,0,0,0,0,0,0,0,0,0,0,0,-54000
1506,正道            ,19000,73000,-54000,0,0,0,0,0,0,0,0,0,0,0,0,0,-54000
4912,聯德控股-KY     ,5000,60000,-55000,0,0,0,0,0,0,1000,1000,0,1000,0,0,0,-54000
060909,金像電元大9B購01,0,0,0,0,0,0,0,0,0,-55000,0,0,0,62000,117000,-55000,-55000
060798,旭富永豐9A購01  ,0,0,0,0,0,0,0,0,0,-55000,0,0,0,5000,60000,-55000,-55000
061039,台表科永豐9A購03,0,0,0,0,0,0,0,0,0,-55000,0,0,0,0,55000,-55000,-55000
060360,南亞科元富9A購02,0,0,0,0,0,0,0,0,0,-55000,0,0,0,78000,133000,-55000,-55000
060527,台積電中信9C購04,0,0,0,0,0,0,0,0,0,-55000,0,0,0,0,55000,-55000,-55000
062235,億光凱基9B購01  ,0,0,0,0,0,0,0,0,0,-55000,0,0,0,0,55000,-55000,-55000
051749,矽力國泰97購01  ,0,0,0,0,0,0,0,0,0,-55000,0,0,0,15000,70000,-55000,-55000
053332,創意永豐96購03  ,0,0,0,0,0,0,0,0,0,-55000,0,0,0,0,55000,-55000,-55000
05947P,大成鋼元大96售03,0,0,0,0,0,0,0,0,0,-55000,0,0,0,0,55000,-55000,-55000
059228,臺股指元大99購21,0,0,0,0,0,0,0,0,0,-55000,0,0,0,0,55000,-55000,-55000
056380,麗豐元富98購01  ,0,0,0,0,0,0,0,0,0,-55000,0,0,0,0,55000,-55000,-55000
056198,台光電永豐97購02,0,0,0,0,0,0,0,0,0,-55000,0,0,0,73000,128000,-55000,-55000
056023,晶豪科群益97購01,0,0,0,0,0,0,0,0,0,-55000,0,0,0,0,55000,-55000,-55000
056763,國巨元大99購02  ,0,0,0,0,0,0,0,0,0,-55000,0,0,0,54000,109000,-55000,-55000
056581,超眾元大99購01  ,0,0,0,0,0,0,0,0,0,-55000,0,0,0,30000,85000,-55000,-55000
4722,國精化          ,5000,60000,-55000,0,0,0,0,0,0,0,0,0,0,0,0,0,-55000
4106,雃博            ,65000,120000,-55000,0,0,0,0,0,0,0,0,0,0,0,0,0,-55000
5706,鳳凰            ,3000,58000,-55000,0,0,0,0,0,0,0,0,0,0,0,0,0,-55000
6531,愛普            ,5000,40000,-35000,0,0,0,0,0,0,-20000,0,20000,-20000,0,0,0,-55000
1806,冠軍            ,3000,58000,-55000,0,0,0,0,0,0,0,0,0,0,0,0,0,-55000
2731,雄獅            ,19000,74000,-55000,0,0,0,0,0,0,0,0,0,0,0,0,0,-55000
07396P,聯發科群益9B售01,0,0,0,0,0,0,0,0,0,-55000,0,0,0,0,55000,-55000,-55000
07391P,台灣50國泰02售01,0,0,0,0,0,0,0,0,0,-55000,0,0,0,0,55000,-55000,-55000
07247P,聯發科凱基9A售06,0,0,0,0,0,0,0,0,0,-55000,0,0,0,0,55000,-55000,-55000
07826P,台積電富邦9B售07,0,0,0,0,0,0,0,0,0,-55000,0,0,0,0,55000,-55000,-55000
062117,燿華中信9B購01  ,0,0,0,0,0,0,0,0,0,-56000,0,0,0,171000,227000,-56000,-56000
061643,嘉澤元大9A購05  ,0,0,0,0,0,0,0,0,0,-56000,0,0,0,9000,65000,-56000,-56000
060060,台積電兆豐99購05,0,0,0,0,0,0,0,0,0,-56000,0,0,0,110000,166000,-56000,-56000
060954,國泰金群益9A購02,0,0,0,0,0,0,0,0,0,-56000,0,0,0,43000,99000,-56000,-56000
056845,揚明光元富98購01,0,0,0,0,0,0,0,0,0,-56000,0,0,0,1000,57000,-56000,-56000
056688,聯詠統一98購01  ,0,0,0,0,0,0,0,0,0,-56000,0,0,0,0,56000,-56000,-56000
056191,世紀鋼統一97購01,0,0,0,0,0,0,0,0,0,-56000,0,0,0,7000,63000,-56000,-56000
056286,奇鋐永豐97購01  ,0,0,0,0,0,0,0,0,0,-56000,0,0,0,12000,68000,-56000,-56000
059267,群創中信01購02  ,0,0,0,0,0,0,0,0,0,-56000,0,0,0,20000,76000,-56000,-56000
057738,旺宏富邦9A購01  ,0,0,0,0,0,0,0,0,0,-56000,0,0,0,80000,136000,-56000,-56000
058077,超眾凱基98購02  ,0,0,0,0,0,0,0,0,0,-56000,0,0,0,16000,72000,-56000,-56000
059863,和大凱基99購01  ,0,0,0,0,0,0,0,0,0,-56000,0,0,0,0,56000,-56000,-56000
059872,華新科凱基01購01,0,0,0,0,0,0,0,0,0,-56000,0,0,0,145000,201000,-56000,-56000
07081P,南電群益9A售01  ,0,0,0,0,0,0,0,0,0,-56000,0,0,0,102000,158000,-56000,-56000
2459,敦吉            ,1000,57000,-56000,0,0,0,0,0,0,0,0,0,0,0,0,0,-56000
2488,漢平            ,3000,58000,-55000,0,0,0,0,0,0,-1000,0,1000,-1000,0,0,0,-56000
1783,和康生          ,52000,108000,-56000,0,0,0,0,0,0,0,0,0,0,0,0,0,-56000
060736,旺宏統一01購01  ,0,0,0,0,0,0,0,0,0,-57000,0,0,0,50000,107000,-57000,-57000
060767,世紀鋼元大9A購02,0,0,0,0,0,0,0,0,0,-57000,0,0,0,34000,91000,-57000,-57000
062188,貿聯元大9B購02  ,0,0,0,0,0,0,0,0,0,-57000,0,0,0,0,57000,-57000,-57000
058308,全新元大9B購01  ,0,0,0,0,0,0,0,0,0,-57000,0,0,0,193000,250000,-57000,-57000
057573,京鼎永豐98購02  ,0,0,0,0,0,0,0,0,0,-57000,0,0,0,1000,58000,-57000,-57000
056058,建準元大97購02  ,0,0,0,0,0,0,0,0,0,-57000,0,0,0,199000,256000,-57000,-57000
058626,瑞昱國票9A購01  ,0,0,0,0,0,0,0,0,0,-57000,0,0,0,5000,62000,-57000,-57000
2022,聚亨            ,2000,59000,-57000,0,0,0,0,0,0,0,0,0,0,0,0,0,-57000
2062,橋椿            ,18000,75000,-57000,0,0,0,0,0,0,0,0,0,0,0,0,0,-57000
07121P,華新科凱基99售03,0,0,0,0,0,0,0,0,0,-57000,0,0,0,0,57000,-57000,-57000
4545,銘鈺            ,42000,99000,-57000,0,0,0,0,0,0,0,0,0,0,0,0,0,-57000
062135,國巨群益9B購05  ,0,0,0,0,0,0,0,0,0,-58000,0,0,0,40000,98000,-58000,-58000
060340,國巨統一01購02  ,0,0,0,0,0,0,0,0,0,-58000,0,0,0,9000,67000,-58000,-58000
058204,世芯凱基9A購01  ,0,0,0,0,0,0,0,0,0,-58000,0,0,0,31000,89000,-58000,-58000
055168,光罩統一98購01  ,0,0,0,0,0,0,0,0,0,-58000,0,0,0,12000,70000,-58000,-58000
054231,國巨群益98購03  ,0,0,0,0,0,0,0,0,0,-58000,0,0,0,154000,212000,-58000,-58000
00634R,富邦上証反1     ,0,0,0,0,0,0,0,0,0,-58000,0,0,0,68000,126000,-58000,-58000
057085,立積統一9B購02  ,0,0,0,0,0,0,0,0,0,-58000,0,0,0,228000,286000,-58000,-58000
057319,奇力新凱基99購02,0,0,0,0,0,0,0,0,0,-58000,0,0,0,0,58000,-58000,-58000
059349,台郡凱基99購04  ,0,0,0,0,0,0,0,0,0,-58000,0,0,0,2000,60000,-58000,-58000
3557,嘉威            ,437000,491000,-54000,0,0,0,0,0,0,-4000,0,4000,-4000,0,0,0,-58000
6283,淳安            ,141000,199000,-58000,0,0,0,0,0,0,0,0,0,0,0,0,0,-58000
1108,幸福            ,20000,78000,-58000,0,0,0,0,0,0,0,0,0,0,0,0,0,-58000
06023P,超眾國票96售03  ,0,0,0,0,0,0,0,0,0,-59000,0,0,0,218000,277000,-59000,-59000
061247,玉晶光群益9A購09,0,0,0,0,0,0,0,0,0,-59000,0,0,0,144000,203000,-59000,-59000
061427,旭富元大9A購02  ,0,0,0,0,0,0,0,0,0,-59000,0,0,0,50000,109000,-59000,-59000
00690,兆豐藍籌30      ,0,0,0,0,0,0,0,0,0,-59000,0,0,0,156000,215000,-59000,-59000
052667,漢唐群益96購01  ,0,0,0,0,0,0,0,0,0,-59000,0,0,0,10000,69000,-59000,-59000
058516,健鼎元大99購02  ,0,0,0,0,0,0,0,0,0,-59000,0,0,0,170000,229000,-59000,-59000
059351,台虹凱基99購01  ,0,0,0,0,0,0,0,0,0,-59000,0,0,0,100000,159000,-59000,-59000
058162,上銀日盛9B購01  ,0,0,0,0,0,0,0,0,0,-59000,0,0,0,0,59000,-59000,-59000
056237,智邦群益97購02  ,0,0,0,0,0,0,0,0,0,-59000,0,0,0,10000,69000,-59000,-59000
056165,矽力凱基98購02  ,0,0,0,0,0,0,0,0,0,-59000,0,0,0,5000,64000,-59000,-59000
07798P,同欣電國票9A售01,0,0,0,0,0,0,0,0,0,-59000,0,0,0,155000,214000,-59000,-59000
061574,大毅元大9B購01  ,0,0,0,0,0,0,0,0,0,-60000,0,0,0,1000,61000,-60000,-60000
061978,旺宏元大9C購01  ,0,0,0,0,0,0,0,0,0,-60000,0,0,0,11000,71000,-60000,-60000
061878,茂林元大9B購01  ,0,0,0,0,0,0,0,0,0,-60000,0,0,0,0,60000,-60000,-60000
061727,旺宏麥證9A購04  ,0,0,0,0,60000,-60000,0,0,0,-60000,0,0,0,0,60000,-60000,-60000
061696,南茂群益9A購01  ,0,0,0,0,0,0,0,0,0,-60000,0,0,0,13000,73000,-60000,-60000
062294,盛群永豐9B購01  ,0,0,0,0,0,0,0,0,0,-60000,0,0,0,0,60000,-60000,-60000
06825P,臺股指國票98售01,0,0,0,0,0,0,0,0,0,-60000,0,0,0,0,60000,-60000,-60000
060800,華新科第一9A購01,0,0,0,0,0,0,0,0,0,-60000,0,0,0,30000,90000,-60000,-60000
061013,台積電麥證9A購03,0,0,0,0,60000,-60000,0,0,0,-60000,0,0,0,0,60000,-60000,-60000
060545,台積電凱基9B購02,0,0,0,0,0,0,0,0,0,-60000,0,0,0,0,60000,-60000,-60000
060502,國巨元大9A購07  ,0,0,0,0,0,0,0,0,0,-60000,0,0,0,101000,161000,-60000,-60000
060673,旺宏元大9A購04  ,0,0,0,0,0,0,0,0,0,-60000,0,0,0,0,60000,-60000,-60000
058523,聯茂元大99購08  ,0,0,0,0,0,0,0,0,0,-60000,0,0,0,138000,198000,-60000,-60000
058338,康友元富99購01  ,0,0,0,0,0,0,0,0,0,-60000,0,0,0,0,60000,-60000,-60000
054989,精元元富97購01  ,0,0,0,0,0,0,0,0,0,-60000,0,0,0,0,60000,-60000,-60000
05478P,智伸科國票96售02,0,0,0,0,0,0,0,0,0,-60000,0,0,0,0,60000,-60000,-60000
054575,聯鈞元大97購01  ,0,0,0,0,0,0,0,0,0,-60000,0,0,0,0,60000,-60000,-60000
054154,智易國泰97購01  ,0,0,0,0,0,0,0,0,0,-60000,0,0,0,40000,100000,-60000,-60000
055323,貿聯國票98購01  ,0,0,0,0,0,0,0,0,0,-60000,0,0,0,0,60000,-60000,-60000
049947,S&P反1中信97購01,0,0,0,0,0,0,0,0,0,-60000,0,0,0,0,60000,-60000,-60000
052795,健策兆豐97購01  ,0,0,0,0,0,0,0,0,0,-60000,0,0,0,0,60000,-60000,-60000
058137,玉晶光元大99購11,0,0,0,0,0,0,0,0,0,-60000,0,0,0,168000,228000,-60000,-60000
056568,台表科群益98購01,0,0,0,0,0,0,0,0,0,-60000,0,0,0,0,60000,-60000,-60000
05743P,創意元大96售01  ,0,0,0,0,0,0,0,0,0,-60000,0,0,0,0,60000,-60000,-60000
059675,大立光元富99購08,0,0,0,0,0,0,0,0,0,-60000,0,0,0,0,60000,-60000,-60000
05807P,泰鼎永豐96售03  ,0,0,0,0,0,0,0,0,0,-60000,0,0,0,0,60000,-60000,-60000
058044,鴻海元大99購07  ,0,0,0,0,0,0,0,0,0,-60000,0,0,0,64000,124000,-60000,-60000
07853P,國巨凱基9A售19  ,0,0,0,0,0,0,0,0,0,-60000,0,0,0,0,60000,-60000,-60000
06993P,鴻海凱基99售05  ,0,0,0,0,0,0,0,0,0,-60000,0,0,0,5000,65000,-60000,-60000
1721,三晃            ,0,60000,-60000,0,0,0,0,0,0,0,0,0,0,0,0,0,-60000
2476,鉅祥            ,18000,78000,-60000,0,0,0,0,0,0,0,0,0,0,0,0,0,-60000
2524,京城            ,22000,152000,-130000,0,0,0,0,0,0,70000,70000,0,70000,0,0,0,-60000
4766,南寶            ,22000,82000,-60000,0,0,0,0,0,0,0,0,0,0,0,0,0,-60000
8454,富邦媒          ,130000,136000,-6000,0,0,0,0,50000,-50000,-4000,5000,9000,-4000,0,0,0,-60000
061027,儒鴻永豐9A購02  ,0,0,0,0,0,0,0,0,0,-61000,0,0,0,242000,303000,-61000,-61000
060768,鴻海麥證9A購02  ,0,0,0,10000,71000,-61000,0,0,0,-61000,0,0,0,10000,71000,-61000,-61000
061280,國巨統一9C購06  ,0,0,0,0,0,0,0,0,0,-61000,0,0,0,0,61000,-61000,-61000
062113,瑞祺國票9B購01  ,0,0,0,0,0,0,0,0,0,-61000,0,0,0,9000,70000,-61000,-61000
062063,世紀鋼統一9C購01,0,0,0,0,0,0,0,0,0,-61000,0,0,0,0,61000,-61000,-61000
061620,禾伸堂群益9A購02,0,0,0,0,0,0,0,0,0,-61000,0,0,0,44000,105000,-61000,-61000
049255,旺宏元大97購02  ,0,0,0,0,0,0,0,0,0,-61000,0,0,0,51000,112000,-61000,-61000
053611,聯茂麥證96購01  ,0,0,0,49000,110000,-61000,0,0,0,-61000,0,0,0,49000,110000,-61000,-61000
058337,日月光元富99購01,0,0,0,0,0,0,0,0,0,-61000,0,0,0,289000,350000,-61000,-61000
059120,致伸永豐99購01  ,0,0,0,0,0,0,0,0,0,-61000,0,0,0,0,61000,-61000,-61000
058700,鴻海元大99購15  ,0,0,0,0,0,0,0,0,0,-61000,0,0,0,61000,122000,-61000,-61000
4119,旭富            ,233000,206000,27000,0,0,0,0,0,0,-88000,0,70000,-70000,2000,20000,-18000,-61000
5285,界霖            ,42000,93000,-51000,0,0,0,0,0,0,-10000,0,10000,-10000,0,0,0,-61000
07846P,台灣50群益9A售17,0,0,0,0,0,0,0,0,0,-61000,0,0,0,0,61000,-61000,-61000
061645,超眾元大9A購06  ,0,0,0,0,0,0,0,0,0,-62000,0,0,0,56000,118000,-62000,-62000
062355,華通元大9B購03  ,0,0,0,0,0,0,0,0,0,-62000,0,0,0,1000,63000,-62000,-62000
06907P,華新科國泰99售05,0,0,0,0,0,0,0,0,0,-62000,0,0,0,0,62000,-62000,-62000
060757,台積電元大9A購18,0,0,0,0,0,0,0,0,0,-62000,0,0,0,0,62000,-62000,-62000
060777,茂林凱基9C購01  ,0,0,0,0,0,0,0,0,0,-62000,0,0,0,0,62000,-62000,-62000
059107,南茂國泰9A購01  ,0,0,0,0,0,0,0,0,0,-62000,0,0,0,1000,63000,-62000,-62000
059171,祥碩凱基99購04  ,0,0,0,0,0,0,0,0,0,-62000,0,0,0,15000,77000,-62000,-62000
2702,華園            ,0,62000,-62000,0,0,0,0,0,0,0,0,0,0,0,0,0,-62000
6189,豐藝            ,14000,76000,-62000,0,0,0,0,0,0,0,0,0,0,0,0,0,-62000
060791,聯茂富邦9A購02  ,0,0,0,0,0,0,0,0,0,-63000,0,0,0,50000,113000,-63000,-63000
061547,禾伸堂群益9A購01,0,0,0,0,0,0,0,0,0,-63000,0,0,0,85000,148000,-63000,-63000
061769,晶技元大9B購03  ,0,0,0,0,0,0,0,0,0,-63000,0,0,0,154000,217000,-63000,-63000
058178,國巨國泰9A購02  ,0,0,0,0,0,0,0,0,0,-63000,0,0,0,122000,185000,-63000,-63000
053994,微星群益96購01  ,0,0,0,0,0,0,0,0,0,-63000,0,0,0,0,63000,-63000,-63000
055460,華擎永豐97購01  ,0,0,0,0,0,0,0,0,0,-63000,0,0,0,0,63000,-63000,-63000
054499,台光電永豐96購02,0,0,0,0,0,0,0,0,0,-63000,0,0,0,35000,98000,-63000,-63000
054418,茂林元大97購01  ,0,0,0,0,0,0,0,0,0,-63000,0,0,0,0,63000,-63000,-63000
053231,奇力新康和96購01,0,0,0,0,0,0,0,0,0,-63000,0,0,0,0,63000,-63000,-63000
057446,旺宏元富02購01  ,0,0,0,0,0,0,0,0,0,-63000,0,0,0,2000,65000,-63000,-63000
059747,台達電台新99購01,0,0,0,0,0,0,0,0,0,-63000,0,0,0,0,63000,-63000,-63000
059078,FBVIX元大99購06 ,0,0,0,0,0,0,0,0,0,-63000,0,0,0,30000,93000,-63000,-63000
2399,映泰            ,106000,169000,-63000,0,0,0,0,0,0,0,0,0,0,0,0,0,-63000
061458,臻鼎凱基9A購02  ,0,0,0,0,0,0,0,0,0,-64000,0,0,0,175000,239000,-64000,-64000
06763P,技嘉元大98售05  ,0,0,0,0,0,0,0,0,0,-64000,0,0,0,5000,69000,-64000,-64000
06424P,大成鋼永豐97售01,0,0,0,0,0,0,0,0,0,-64000,0,0,0,0,64000,-64000,-64000
062291,力成富邦9B購01  ,0,0,0,0,0,0,0,0,0,-64000,0,0,0,0,64000,-64000,-64000
062079,聯發科元大9B購06,0,0,0,0,0,0,0,0,0,-64000,0,0,0,0,64000,-64000,-64000
060960,金像電凱基9B購01,0,0,0,0,0,0,0,0,0,-64000,0,0,0,414000,478000,-64000,-64000
058164,FBVIX凱基03購02 ,0,0,0,0,0,0,0,0,0,-64000,0,0,0,0,64000,-64000,-64000
055214,聯電凱基97購02  ,0,0,0,0,0,0,0,0,0,-64000,0,0,0,43000,107000,-64000,-64000
055617,TPK國票98購04   ,0,0,0,0,0,0,0,0,0,-64000,0,0,0,0,64000,-64000,-64000
059119,華擎永豐99購02  ,0,0,0,0,0,0,0,0,0,-64000,0,0,0,152000,216000,-64000,-64000
056906,玉晶光元大9B購01,0,0,0,0,0,0,0,0,0,-64000,0,0,0,247000,311000,-64000,-64000
057504,技嘉麥證98購01  ,0,0,0,7000,91000,-84000,0,0,0,-64000,0,0,0,34000,98000,-64000,-64000
058907,健策元大99購04  ,0,0,0,0,0,0,0,0,0,-64000,0,0,0,46000,110000,-64000,-64000
1439,中和            ,122000,186000,-64000,0,0,0,0,0,0,0,0,0,0,0,0,0,-64000
07131P,緯穎元大99售06  ,0,0,0,0,0,0,0,0,0,-64000,0,0,0,1000,65000,-64000,-64000
9941,裕融            ,49000,113000,-64000,0,0,0,0,0,0,0,0,0,0,0,0,0,-64000
061033,台光電永豐9A購01,0,0,0,0,0,0,0,0,0,-65000,0,0,0,117000,182000,-65000,-65000
060583,南亞科元富9A購05,0,0,0,0,0,0,0,0,0,-65000,0,0,0,33000,98000,-65000,-65000
060383,葡萄王凱基9A購01,0,0,0,0,0,0,0,0,0,-65000,0,0,0,81000,146000,-65000,-65000
06597P,國巨富邦9A售05  ,0,0,0,0,0,0,0,0,0,-65000,0,0,0,0,65000,-65000,-65000
061960,國巨統一01購05  ,0,0,0,0,0,0,0,0,0,-65000,0,0,0,145000,210000,-65000,-65000
054082,楠梓電元富96購01,0,0,0,0,0,0,0,0,0,-65000,0,0,0,0,65000,-65000,-65000
052378,矽力元大96購01  ,0,0,0,0,0,0,0,0,0,-65000,0,0,0,2000,67000,-65000,-65000
058051,同欣電元大98購03,0,0,0,0,0,0,0,0,0,-65000,0,0,0,35000,100000,-65000,-65000
058061,貿聯元富9B購01  ,0,0,0,0,0,0,0,0,0,-65000,0,0,0,0,65000,-65000,-65000
056503,楠梓電永豐98購01,0,0,0,0,0,0,0,0,0,-65000,0,0,0,0,65000,-65000,-65000
056621,宏達電永豐98購01,0,0,0,0,0,0,0,0,0,-65000,0,0,0,3000,68000,-65000,-65000
05869P,旺宏凱基96售05  ,0,0,0,0,0,0,0,0,0,-65000,0,0,0,0,65000,-65000,-65000
059029,旺宏兆豐99購01  ,0,0,0,0,0,0,0,0,0,-65000,0,0,0,0,65000,-65000,-65000
4108,懷特            ,30000,95000,-65000,0,0,0,0,0,0,0,0,0,0,0,0,0,-65000
07241P,台灣50國票9A售05,0,0,0,0,0,0,0,0,0,-65000,0,0,0,25000,90000,-65000,-65000
07803P,南亞科永豐9A售02,0,0,0,0,0,0,0,0,0,-65000,0,0,0,0,65000,-65000,-65000
07963P,智邦統一9B售01  ,0,0,0,0,0,0,0,0,0,-65000,0,0,0,0,65000,-65000,-65000
1339,昭輝            ,19000,84000,-65000,0,0,0,0,0,0,0,0,0,0,0,0,0,-65000
06137P,玉晶光永豐97售04,0,0,0,0,0,0,0,0,0,-66000,0,0,0,49000,115000,-66000,-66000
061227,日月光中信9B購01,0,0,0,0,0,0,0,0,0,-66000,0,0,0,182000,248000,-66000,-66000
054212,聯詠國票97購03  ,0,0,0,0,0,0,0,0,0,-66000,0,0,0,63000,129000,-66000,-66000
058102,楠梓電永豐98購04,0,0,0,0,0,0,0,0,0,-66000,0,0,0,0,66000,-66000,-66000
057883,中環群益98購01  ,0,0,0,0,0,0,0,0,0,-66000,0,0,0,203000,269000,-66000,-66000
057179,可成元大98購04  ,0,0,0,0,0,0,0,0,0,-66000,0,0,0,25000,91000,-66000,-66000
056669,貿聯國票99購01  ,0,0,0,0,0,0,0,0,0,-66000,0,0,0,100000,166000,-66000,-66000
061358,世紀鋼元大9A購04,0,0,0,0,0,0,0,0,0,-67000,0,0,0,2000,69000,-67000,-67000
061010,上銀麥證9A購02  ,0,0,0,0,67000,-67000,0,0,0,-67000,0,0,0,0,67000,-67000,-67000
060925,華新科永豐9A購01,0,0,0,0,0,0,0,0,0,-67000,0,0,0,1000,68000,-67000,-67000
06068P,玉晶光康和97售01,0,0,0,0,0,0,0,0,0,-67000,0,0,0,18000,85000,-67000,-67000
051911,大立光元大98購02,0,0,0,0,0,0,0,0,0,-67000,0,0,0,83000,150000,-67000,-67000
00638R,元大滬深300反1  ,0,0,0,0,0,0,0,0,0,-67000,0,0,0,93000,160000,-67000,-67000
052895,台積電群益96購04,0,0,0,0,0,0,0,0,0,-67000,0,0,0,35000,102000,-67000,-67000
054091,晶豪科群益96購01,0,0,0,0,0,0,0,0,0,-67000,0,0,0,50000,117000,-67000,-67000
054079,鴻海中信98購02  ,0,0,0,0,0,0,0,0,0,-67000,0,0,0,0,67000,-67000,-67000
058309,大毅元大99購02  ,0,0,0,0,0,0,0,0,0,-67000,0,0,0,6000,73000,-67000,-67000
056049,奇力新國票98購01,0,0,0,0,0,0,0,0,0,-67000,0,0,0,36000,103000,-67000,-67000
057350,全新統一98購03  ,0,0,0,0,0,0,0,0,0,-67000,0,0,0,58000,125000,-67000,-67000
058955,台積電國票9A購04,0,0,0,0,0,0,0,0,0,-67000,0,0,0,37000,104000,-67000,-67000
059259,FBVIX中信03購06 ,0,0,0,0,0,0,0,0,0,-67000,0,0,0,112000,179000,-67000,-67000
1809,中釉            ,23000,90000,-67000,0,0,0,0,0,0,0,0,0,0,0,0,0,-67000
07211P,南亞科凱基99售05,0,0,0,0,0,0,0,0,0,-67000,0,0,0,0,67000,-67000,-67000
2707,晶華            ,13000,80784,-67784,0,0,0,0,0,0,0,0,0,0,0,0,0,-67784
060744,鴻海國票9A購04  ,0,0,0,0,0,0,0,0,0,-68000,0,0,0,116000,184000,-68000,-68000
061191,可成永豐9A購02  ,0,0,0,0,0,0,0,0,0,-68000,0,0,0,0,68000,-68000,-68000
061548,聯詠群益9A購02  ,0,0,0,0,0,0,0,0,0,-68000,0,0,0,19000,87000,-68000,-68000
061596,健策永豐9A購03  ,0,0,0,0,0,0,0,0,0,-68000,0,0,0,16000,84000,-68000,-68000
061621,健策群益9A購05  ,0,0,0,0,0,0,0,0,0,-68000,0,0,0,59000,127000,-68000,-68000
061642,創意元大9A購04  ,0,0,0,0,0,0,0,0,0,-68000,0,0,0,146000,214000,-68000,-68000
061898,茂林永豐9B購01  ,0,0,0,0,0,0,0,0,0,-68000,0,0,0,0,68000,-68000,-68000
061736,國巨凱基9B購05  ,0,0,0,0,0,0,0,0,0,-68000,0,0,0,50000,118000,-68000,-68000
061793,上銀永豐9B購01  ,0,0,0,0,0,0,0,0,0,-68000,0,0,0,0,68000,-68000,-68000
06847P,奇力新元大98售05,0,0,0,0,0,0,0,0,0,-68000,0,0,0,0,68000,-68000,-68000
058192,訊芯永豐99購01  ,0,0,0,0,0,0,0,0,0,-68000,0,0,0,0,68000,-68000,-68000
058512,宏達電元大99購04,0,0,0,0,0,0,0,0,0,-68000,0,0,0,0,68000,-68000,-68000
055604,訊芯元大98購02  ,0,0,0,0,0,0,0,0,0,-68000,0,0,0,0,68000,-68000,-68000
054050,創意元大96購06  ,0,0,0,0,0,0,0,0,0,-68000,0,0,0,0,68000,-68000,-68000
054055,全新國票99購02  ,0,0,0,0,0,0,0,0,0,-68000,0,0,0,0,68000,-68000,-68000
053984,康友元大96購05  ,0,0,0,0,0,0,0,0,0,-68000,0,0,0,0,68000,-68000,-68000
053595,創意元大96購02  ,0,0,0,0,0,0,0,0,0,-68000,0,0,0,0,68000,-68000,-68000
053569,漢唐統一98購01  ,0,0,0,0,0,0,0,0,0,-68000,0,0,0,120000,188000,-68000,-68000
054455,楠梓電群益98購02,0,0,0,0,0,0,0,0,0,-68000,0,0,0,30000,98000,-68000,-68000
052703,貿聯國票97購01  ,0,0,0,0,0,0,0,0,0,-68000,0,0,0,0,68000,-68000,-68000
047962,T50反1中信96購02,0,0,0,0,0,0,0,0,0,-68000,0,0,0,1165000,1233000,-68000,-68000
00663L,國泰臺灣加權正2 ,0,10000,-10000,0,0,0,0,0,0,-58000,0,0,0,141000,199000,-58000,-68000
055357,欣興凱基97購04  ,0,0,0,0,0,0,0,0,0,-68000,0,0,0,0,68000,-68000,-68000
055847,大立光元大97購10,0,0,0,0,0,0,0,0,0,-68000,0,0,0,0,68000,-68000,-68000
057827,康友元大98購03  ,0,0,0,0,0,0,0,0,0,-68000,0,0,0,5000,73000,-68000,-68000
056110,嘉聯益永豐97購02,0,0,0,0,0,0,0,0,0,-68000,0,0,0,0,68000,-68000,-68000
056307,貿聯元大97購05  ,0,0,0,0,0,0,0,0,0,-68000,0,0,0,0,68000,-68000,-68000
059030,奇力新兆豐99購03,0,0,0,0,0,0,0,0,0,-68000,0,0,0,176000,244000,-68000,-68000
056358,友訊元大99購01  ,0,0,0,0,0,0,0,0,0,-68000,0,0,0,0,68000,-68000,-68000
06997P,台灣50中信03售01,0,0,0,0,0,0,0,0,0,-68000,0,0,0,0,68000,-68000,-68000
07006P,旺宏統一9B售03  ,0,0,0,0,0,0,0,0,0,-68000,0,0,0,12000,80000,-68000,-68000
053127,貿聯凱基97購01  ,0,0,0,0,0,0,0,0,0,-69000,0,0,0,0,69000,-69000,-69000
055181,日電貿統一97購01,0,0,0,0,0,0,0,0,0,-69000,0,0,0,81000,150000,-69000,-69000
058518,玉晶光元大99購13,0,0,0,0,0,0,0,0,0,-69000,0,0,0,463000,532000,-69000,-69000
058325,昇陽半永豐99購01,0,0,0,0,0,0,0,0,0,-69000,0,0,0,0,69000,-69000,-69000
2527,宏璟            ,0,69000,-69000,0,0,0,0,0,0,0,0,0,0,0,0,0,-69000
1473,台南            ,10000,79000,-69000,0,0,0,0,0,0,0,0,0,0,0,0,0,-69000
5258,虹堡            ,20000,97000,-77000,0,0,0,0,0,0,8000,8000,0,8000,0,0,0,-69000
8422,可寧衛          ,7300,77000,-69700,0,0,0,0,0,0,0,0,0,0,0,0,0,-69700
06656P,GIS元大98售02   ,0,0,0,0,0,0,0,0,0,-70000,0,0,0,153000,223000,-70000,-70000
062137,華新科群益9B購04,0,0,0,0,0,0,0,0,0,-70000,0,0,0,0,70000,-70000,-70000
062163,大毅國泰01購01  ,0,0,0,0,0,0,0,0,0,-70000,0,0,0,42000,112000,-70000,-70000
062350,台表科群益9B購01,0,0,0,0,0,0,0,0,0,-70000,0,0,0,25000,95000,-70000,-70000
061823,勤誠群益9B購01  ,0,0,0,0,0,0,0,0,0,-70000,0,0,0,0,70000,-70000,-70000
061383,高股息群益9A購01,0,0,0,0,0,0,0,0,0,-70000,0,0,0,0,70000,-70000,-70000
061482,健策元大9C購01  ,0,0,0,0,0,0,0,0,0,-70000,0,0,0,30000,100000,-70000,-70000
061161,南六群益9A購01  ,0,0,0,0,0,0,0,0,0,-70000,0,0,0,0,70000,-70000,-70000
061166,玉晶光兆豐9B購01,0,0,0,0,0,0,0,0,0,-70000,0,0,0,189000,259000,-70000,-70000
060870,旭富群益9A購01  ,0,0,0,0,0,0,0,0,0,-70000,0,0,0,4000,74000,-70000,-70000
060876,國巨中信9A購04  ,0,0,0,0,0,0,0,0,0,-70000,0,0,0,170000,240000,-70000,-70000
060897,健策凱基9A購04  ,0,0,0,0,0,0,0,0,0,-70000,0,0,0,57000,127000,-70000,-70000
060072,國巨元富99購04  ,0,0,0,0,0,0,0,0,0,-70000,0,0,0,136000,206000,-70000,-70000
058273,同欣電永豐99購01,0,0,0,0,0,0,0,0,0,-70000,0,0,0,0,70000,-70000,-70000
058359,瑞昱凱基99購01  ,0,0,0,0,0,0,0,0,0,-70000,0,0,0,0,70000,-70000,-70000
055157,晶豪科元大97購01,0,0,0,0,0,0,0,0,0,-70000,0,0,0,134000,204000,-70000,-70000
052941,康控兆豐97購01  ,0,0,0,0,0,0,0,0,0,-70000,0,0,0,30000,100000,-70000,-70000
051078,力山富邦97購01  ,0,0,0,0,0,0,0,0,0,-70000,0,0,0,0,70000,-70000,-70000
058381,元石油中信9C購01,0,0,0,0,0,0,0,0,0,-70000,0,0,0,0,70000,-70000,-70000
05609P,國泰金凱基96售01,0,0,0,0,0,0,0,0,0,-70000,0,0,0,90000,160000,-70000,-70000
056734,國巨凱基99購01  ,0,0,0,0,0,0,0,0,0,-70000,0,0,0,0,70000,-70000,-70000
058814,南亞科台新99購01,0,0,0,0,0,0,0,0,0,-70000,0,0,0,0,70000,-70000,-70000
056534,京元電凱基98購01,0,0,0,0,0,0,0,0,0,-70000,0,0,0,0,70000,-70000,-70000
9955,佳龍            ,30000,100000,-70000,0,0,0,0,0,0,0,0,0,0,0,0,0,-70000
6177,達麗            ,44000,114000,-70000,0,0,0,0,0,0,0,0,0,0,0,0,0,-70000
06974P,臺股指元大9A售12,0,0,0,0,0,0,0,0,0,-70000,0,0,0,0,70000,-70000,-70000
07258P,台灣50台新9A售01,0,0,0,0,0,0,0,0,0,-70000,0,0,0,20000,90000,-70000,-70000
07452P,國巨元大9A售05  ,0,0,0,0,0,0,0,0,0,-70000,0,0,0,83000,153000,-70000,-70000
06054P,臺股指中信9A售01,0,0,0,0,0,0,0,0,0,-71000,0,0,0,0,71000,-71000,-71000
060817,華邦電台新9A購01,0,0,0,0,0,0,0,0,0,-71000,0,0,0,187000,258000,-71000,-71000
061701,友達國票9B購02  ,0,0,0,0,0,0,0,0,0,-71000,0,0,0,106000,177000,-71000,-71000
061997,台郡元大9B購03  ,0,0,0,0,0,0,0,0,0,-71000,0,0,0,16000,87000,-71000,-71000
06645P,上銀元大98售05  ,0,0,0,0,0,0,0,0,0,-71000,0,0,0,15000,86000,-71000,-71000
06686P,麗豐永豐98售02  ,0,0,0,0,0,0,0,0,0,-71000,0,0,0,0,71000,-71000,-71000
055730,建準元富97購02  ,0,0,0,0,0,0,0,0,0,-71000,0,0,0,270000,341000,-71000,-71000
058783,臺股指國票99購02,0,0,0,0,0,0,0,0,0,-71000,0,0,0,0,71000,-71000,-71000
07760P,力山永豐9A售03  ,0,0,0,0,0,0,0,0,0,-71000,0,0,0,42000,113000,-71000,-71000
07690P,華新科元大9A售15,0,0,0,0,0,0,0,0,0,-71000,0,0,0,0,71000,-71000,-71000
1234,黑松            ,2000,73000,-71000,0,0,0,0,0,0,0,0,0,0,0,0,0,-71000
061703,信邦國票9A購01  ,0,0,0,0,0,0,0,0,0,-72000,0,0,0,20000,92000,-72000,-72000
061770,泰碩元大9B購02  ,0,0,0,0,0,0,0,0,0,-72000,0,0,0,0,72000,-72000,-72000
049200,元黃金群益98購01,0,0,0,0,0,0,0,0,0,-72000,0,0,0,0,72000,-72000,-72000
05634P,玉晶光台新97售01,0,0,0,0,0,0,0,0,0,-72000,0,0,0,0,72000,-72000,-72000
059054,國巨凱基99購11  ,0,0,0,0,0,0,0,0,0,-72000,0,0,0,294000,366000,-72000,-72000
057375,欣興元大98購09  ,0,0,0,0,0,0,0,0,0,-72000,0,0,0,10000,82000,-72000,-72000
05880P,創意康和96售01  ,0,0,0,0,0,0,0,0,0,-72000,0,0,0,0,72000,-72000,-72000
4164,承業醫          ,38000,112000,-74000,0,0,0,0,0,0,2000,4000,2000,2000,0,0,0,-72000
9930,中聯資源        ,3000,75000,-72000,0,0,0,0,0,0,0,0,0,0,0,0,0,-72000
8429,金麗-KY         ,0,72000,-72000,0,0,0,0,0,0,0,0,0,0,0,0,0,-72000
061963,台積電統一01購04,0,0,0,0,0,0,0,0,0,-73000,0,0,0,10000,83000,-73000,-73000
061981,聯發科元大9B購02,0,0,0,0,0,0,0,0,0,-73000,0,0,0,7000,80000,-73000,-73000
06677P,牧德國票98售02  ,0,0,0,0,0,0,0,0,0,-73000,0,0,0,12000,85000,-73000,-73000
061104,華新科元大9A購13,0,0,0,0,0,0,0,0,0,-73000,0,0,0,12000,85000,-73000,-73000
05758P,光罩永豐96售02  ,0,0,0,0,0,0,0,0,0,-73000,0,0,0,12000,85000,-73000,-73000
059403,T50反1台新03購03,0,0,0,0,0,0,0,0,0,-73000,0,0,0,0,73000,-73000,-73000
057876,隆達元大98購01  ,0,0,0,0,0,0,0,0,0,-73000,0,0,0,59000,132000,-73000,-73000
057865,富邦金凱基98購01,0,0,0,0,0,0,0,0,0,-73000,0,0,0,132000,205000,-73000,-73000
07771P,義隆國票9A售01  ,0,0,0,0,0,0,0,0,0,-73000,0,0,0,29000,102000,-73000,-73000
061215,健策元大9A購06  ,0,0,0,0,0,0,0,0,0,-74000,0,0,0,173000,247000,-74000,-74000
061248,健策群益9A購03  ,0,0,0,0,0,0,0,0,0,-74000,0,0,0,5000,79000,-74000,-74000
060099,宏達電元大99購09,0,0,0,0,0,0,0,0,0,-74000,0,0,0,100000,174000,-74000,-74000
058191,祥碩永豐99購01  ,0,0,0,0,0,0,0,0,0,-74000,0,0,0,71000,145000,-74000,-74000
059040,訊芯群益99購03  ,0,0,0,0,0,0,0,0,0,-74000,0,0,0,118000,192000,-74000,-74000
057121,立積康和98購01  ,0,0,0,0,0,0,0,0,0,-74000,0,0,0,20000,94000,-74000,-74000
056143,訊芯元大97購04  ,0,0,0,0,0,0,0,0,0,-74000,0,0,0,0,74000,-74000,-74000
056190,昇陽半統一97購01,0,0,0,0,0,0,0,0,0,-74000,0,0,0,184000,258000,-74000,-74000
056479,玉晶光元大99購05,0,0,0,0,0,0,0,0,0,-74000,0,0,0,13000,87000,-74000,-74000
058830,健策永豐99購02  ,0,0,0,0,0,0,0,0,0,-74000,0,0,0,16000,90000,-74000,-74000
1309,台達化          ,198000,272000,-74000,0,0,0,0,0,0,0,0,0,0,0,0,0,-74000
9908,大台北          ,3000,77000,-74000,0,0,0,0,0,0,0,0,0,0,0,0,0,-74000
3583,辛耘            ,103000,177000,-74000,0,0,0,0,0,0,0,0,0,0,0,0,0,-74000
060088,國巨元大99購30  ,0,0,0,0,0,0,0,0,0,-75000,0,0,0,91000,166000,-75000,-75000
060829,T50反1國票9A購06,0,0,0,0,0,0,0,0,0,-75000,0,0,0,135000,210000,-75000,-75000
06725P,聯電元富98售01  ,0,0,0,0,0,0,0,0,0,-75000,0,0,0,108000,183000,-75000,-75000
058513,宏達電元大99購05,0,0,0,0,0,0,0,0,0,-75000,0,0,0,0,75000,-75000,-75000
054506,矽格永豐96購01  ,0,0,0,0,0,0,0,0,0,-75000,0,0,0,0,75000,-75000,-75000
055856,新唐元大97購03  ,0,0,0,0,0,0,0,0,0,-75000,0,0,0,20000,95000,-75000,-75000
05691P,聯發科中信98售01,0,0,0,0,0,0,0,0,0,-75000,0,0,0,20000,95000,-75000,-75000
2727,王品            ,44001,120000,-75999,0,0,0,0,0,0,0,0,0,0,0,0,0,-75999
054064,台郡國票97購04  ,0,0,0,0,0,0,0,0,0,-76000,0,0,0,0,76000,-76000,-76000
058591,台灣50統一9B購02,0,0,0,0,0,0,0,0,0,-76000,0,0,0,3000,79000,-76000,-76000
058221,上銀統一99購04  ,0,0,0,0,0,0,0,0,0,-76000,0,0,0,5000,81000,-76000,-76000
057119,微星康和98購01  ,0,0,0,0,0,0,0,0,0,-76000,0,0,0,55000,131000,-76000,-76000
057787,TPK國票99購01   ,0,0,0,0,0,0,0,0,0,-76000,0,0,0,8000,84000,-76000,-76000
1110,東泥            ,17000,93000,-76000,0,0,0,0,0,0,0,0,0,0,0,0,0,-76000
1734,杏輝            ,38000,114000,-76000,0,0,0,0,0,0,0,0,0,0,0,0,0,-76000
5534,長虹            ,34000,110000,-76000,0,0,0,0,0,0,0,0,0,0,0,0,0,-76000
062107,台光電國票9B購01,0,0,0,0,0,0,0,0,0,-77000,0,0,0,38000,115000,-77000,-77000
062049,亞德客統一01購01,0,0,0,0,0,0,0,0,0,-77000,0,0,0,8000,85000,-77000,-77000
061850,國巨國票9C購02  ,0,0,0,0,0,0,0,0,0,-77000,0,0,0,100000,177000,-77000,-77000
061471,台積電元大9A購31,0,0,0,0,0,0,0,0,0,-77000,0,0,0,20000,97000,-77000,-77000
061612,南六統一9A購01  ,0,0,0,0,0,0,0,0,0,-77000,0,0,0,127000,204000,-77000,-77000
060693,台積電麥證9A購02,0,0,0,0,77000,-77000,0,0,0,-77000,0,0,0,0,77000,-77000,-77000
055692,緯穎凱基97購03  ,0,0,0,0,0,0,0,0,0,-77000,0,0,0,0,77000,-77000,-77000
052434,茂林國泰97購01  ,0,0,0,0,0,0,0,0,0,-77000,0,0,0,2000,79000,-77000,-77000
00636,國泰中國A50     ,3000,258000,-255000,0,0,0,0,0,0,178000,10000,0,10000,393000,225000,168000,-77000
059297,大立光元富9C購01,0,0,0,0,0,0,0,0,0,-77000,0,0,0,4000,81000,-77000,-77000
056394,晶豪科永豐98購01,0,0,0,0,0,0,0,0,0,-77000,0,0,0,67000,144000,-77000,-77000
05644P,大立光中信9A售03,0,0,0,0,0,0,0,0,0,-77000,0,0,0,410000,487000,-77000,-77000
058693,旭富國票9A購01  ,0,0,0,0,0,0,0,0,0,-77000,0,0,0,5000,82000,-77000,-77000
4739,康普            ,53000,180000,-127000,0,0,0,50000,0,50000,0,0,0,0,0,0,0,-77000
2419,仲琦            ,146000,222000,-76000,0,0,0,0,0,0,-1000,0,1000,-1000,0,0,0,-77000
061036,晶技永豐9A購03  ,0,0,0,0,0,0,0,0,0,-78000,0,0,0,0,78000,-78000,-78000
060961,台光電凱基9A購03,2000,2000,0,0,0,0,0,0,0,-78000,0,0,0,17000,95000,-78000,-78000
061589,世紀鋼富邦9B購01,0,0,0,0,0,0,0,0,0,-78000,0,0,0,36000,114000,-78000,-78000
058091,欣興元大99購03  ,0,0,0,0,0,0,0,0,0,-78000,0,0,0,32000,110000,-78000,-78000
2030,彰源            ,10000,88000,-78000,0,0,0,0,0,0,0,0,0,0,0,0,0,-78000
07847P,國巨群益9A售13  ,0,0,0,0,0,0,0,0,0,-78000,0,0,0,0,78000,-78000,-78000
054043,漢唐元大97購01  ,0,0,0,0,0,0,0,0,0,-79000,0,0,0,15000,94000,-79000,-79000
053924,京鼎國票97購01  ,0,0,0,0,0,0,0,0,0,-79000,0,0,0,0,79000,-79000,-79000
057634,道瓊反元大99購01,0,0,0,0,0,0,0,0,0,-79000,0,0,0,0,79000,-79000,-79000
07855P,旺宏凱基9A售09  ,0,0,0,0,0,0,0,0,0,-79000,0,0,0,20000,99000,-79000,-79000
07255P,國巨凱基99售15  ,0,0,0,0,0,0,0,0,0,-79000,0,0,0,205000,284000,-79000,-79000
4306,炎洲            ,28000,111000,-83000,0,0,0,0,0,0,4000,4000,0,4000,0,0,0,-79000
061862,台灣50元大9C購35,0,0,0,0,0,0,0,0,0,-80000,0,0,0,0,80000,-80000,-80000
060851,國巨國泰9C購01  ,0,0,0,0,0,0,0,0,0,-80000,0,0,0,205000,285000,-80000,-80000
060716,新唐永豐9A購01  ,0,0,0,0,0,0,0,0,0,-80000,0,0,0,0,80000,-80000,-80000
061357,寶成元大9A購01  ,0,0,0,0,0,0,0,0,0,-80000,0,0,0,41000,121000,-80000,-80000
060295,貿聯元大9A購03  ,0,0,0,0,0,0,0,0,0,-80000,0,0,0,7000,87000,-80000,-80000
053568,智伸科富邦98購01,0,0,0,0,0,0,0,0,0,-80000,0,0,0,0,80000,-80000,-80000
054784,順德群益9A購01  ,0,0,0,0,0,0,0,0,0,-80000,0,0,0,0,80000,-80000,-80000
054403,同欣電永豐96購02,0,0,0,0,0,0,0,0,0,-80000,0,0,0,50000,130000,-80000,-80000
058259,訊連國泰9B購01  ,0,0,0,0,0,0,0,0,0,-80000,0,0,0,0,80000,-80000,-80000
055069,帆宣永豐97購01  ,0,0,0,0,0,0,0,0,0,-80000,0,0,0,0,80000,-80000,-80000
054589,聯鈞國泰99購01  ,0,0,0,0,0,0,0,0,0,-80000,0,0,0,38000,118000,-80000,-80000
00646,元大S&P500      ,1000,5000,-4000,0,0,0,0,0,0,-76000,0,0,0,241000,317000,-76000,-80000
00728,第一金工業30    ,0,0,0,0,0,0,0,0,0,-80000,0,0,0,201000,281000,-80000,-80000
03657C,T50反1元大99牛01,0,0,0,0,0,0,0,0,0,-80000,0,0,0,22000,102000,-80000,-80000
052712,旺宏凱基96購02  ,0,0,0,0,0,0,0,0,0,-80000,0,0,0,0,80000,-80000,-80000
053183,大立光元富96購03,0,0,0,0,0,0,0,0,0,-80000,0,0,0,0,80000,-80000,-80000
057510,泰碩統一98購02  ,0,0,0,0,0,0,0,0,0,-80000,0,0,0,0,80000,-80000,-80000
057471,昇陽半永豐98購02,0,0,0,0,0,0,0,0,0,-80000,0,0,0,0,80000,-80000,-80000
056122,勤誠群益97購02  ,0,0,0,0,0,0,0,0,0,-80000,0,0,0,0,80000,-80000,-80000
056965,全新永豐98購01  ,0,0,0,0,0,0,0,0,0,-80000,0,0,0,0,80000,-80000,-80000
4540,全球傳動        ,26000,106000,-80000,0,0,0,0,0,0,0,0,0,0,0,0,0,-80000
07207P,台積電凱基99售13,0,0,0,0,0,0,0,0,0,-80000,0,0,0,0,80000,-80000,-80000
1810,和成            ,0,80000,-80000,0,0,0,0,0,0,0,0,0,0,0,0,0,-80000
1442,名軒            ,5000,85000,-80000,0,0,0,0,0,0,0,0,0,0,0,0,0,-80000
060878,奇力新中信9C購01,0,0,0,0,0,0,0,0,0,-81000,0,0,0,98000,179000,-81000,-81000
054201,聯詠富邦97購02  ,0,0,0,0,0,0,0,0,0,-81000,0,0,0,90000,171000,-81000,-81000
04980P,臺股指凱基96售08,0,0,0,0,0,0,0,0,0,-81000,0,0,0,0,81000,-81000,-81000
053904,漢唐凱基97購01  ,0,0,0,0,0,0,0,0,0,-81000,0,0,0,0,81000,-81000,-81000
056794,上銀麥證98購01  ,0,0,0,8000,89000,-81000,0,0,0,-81000,0,0,0,8000,89000,-81000,-81000
056052,T50反1元大97購06,0,0,0,0,0,0,0,0,0,-81000,0,0,0,300000,381000,-81000,-81000
057317,技嘉凱基98購02  ,0,0,0,0,0,0,0,0,0,-81000,0,0,0,5000,86000,-81000,-81000
1808,潤隆            ,79000,160000,-81000,0,0,0,0,0,0,0,0,0,0,0,0,0,-81000
4141,龍燈-KY         ,1000,82000,-81000,0,0,0,0,0,0,0,0,0,0,0,0,0,-81000
3705,永信            ,58000,139000,-81000,0,0,0,0,0,0,0,0,0,0,0,0,0,-81000
061930,臺股指凱基9B購05,0,0,0,0,0,0,0,0,0,-82000,0,0,0,20000,102000,-82000,-82000
06636P,可成凱基98售08  ,0,0,0,0,0,0,0,0,0,-82000,0,0,0,18000,100000,-82000,-82000
057724,亞德客國泰99購01,0,0,0,0,0,0,0,0,0,-82000,0,0,0,35000,117000,-82000,-82000
059926,世紀鋼國泰9B購01,0,0,0,0,0,0,0,0,0,-82000,0,0,0,0,82000,-82000,-82000
6582,申豐            ,213000,300000,-87000,0,0,0,0,0,0,5000,36000,31000,5000,0,0,0,-82000
3005,神基            ,374000,459000,-85000,0,0,0,0,0,0,3000,0,1000,-1000,14000,10000,4000,-82000
07172P,臺股指國票99售09,0,0,0,0,0,0,0,0,0,-82000,0,0,0,238000,320000,-82000,-82000
07865P,可成元大9B售02  ,0,0,0,0,0,0,0,0,0,-82000,0,0,0,0,82000,-82000,-82000
062196,聯發科中信01購02,0,0,0,0,0,0,0,0,0,-83000,0,0,0,2000,85000,-83000,-83000
061867,旺宏元大9B購02  ,0,0,0,0,0,0,0,0,0,-83000,0,0,0,17000,100000,-83000,-83000
058411,技嘉兆豐99購01  ,0,0,0,0,0,0,0,0,0,-83000,0,0,0,365000,448000,-83000,-83000
06938P,南電元大98售03  ,0,0,0,0,0,0,0,0,0,-83000,0,0,0,87000,170000,-83000,-83000
07450P,鴻海元大9A售03  ,0,0,0,0,0,0,0,0,0,-83000,0,0,0,27000,110000,-83000,-83000
6192,巨路            ,11000,94550,-83550,0,0,0,0,0,0,0,0,0,0,0,0,0,-83550
061772,健策元大9B購06  ,0,0,0,0,0,0,0,0,0,-84000,0,0,0,203000,287000,-84000,-84000
062093,台積電富邦9C購11,0,0,0,0,0,0,0,0,0,-84000,0,0,0,0,84000,-84000,-84000
060426,盛群永豐9A購01  ,0,0,0,0,0,0,0,0,0,-84000,0,0,0,0,84000,-84000,-84000
058200,世芯康和99購01  ,0,0,0,0,0,0,0,0,0,-84000,0,0,0,176000,260000,-84000,-84000
00665L,富邦恒生國企正2 ,0,57000,-57000,0,0,0,0,0,0,-27000,0,0,0,119000,146000,-27000,-84000
046628,大立光統一98購01,0,0,0,0,0,0,0,0,0,-84000,0,0,0,35000,119000,-84000,-84000
056054,亞德客元大97購05,0,0,0,0,0,0,0,0,0,-84000,0,0,0,21000,105000,-84000,-84000
9924,福興            ,2000,86000,-84000,0,0,0,0,0,0,0,0,0,0,0,0,0,-84000
07880P,可成群益9B售05  ,0,0,0,0,0,0,0,0,0,-84000,0,0,0,0,84000,-84000,-84000
3048,益登            ,117000,186000,-69000,0,0,0,0,0,0,-15000,0,15000,-15000,0,0,0,-84000
2420,新巨            ,6000,89000,-83000,0,0,0,0,0,0,-1000,0,1000,-1000,0,0,0,-84000
2390,云辰            ,27000,111000,-84000,0,0,0,0,0,0,0,0,0,0,0,0,0,-84000
060493,美律元富01購01  ,0,0,0,0,0,0,0,0,0,-85000,0,0,0,8000,93000,-85000,-85000
06863P,欣興凱基98售05  ,0,0,0,0,0,0,0,0,0,-85000,0,0,0,0,85000,-85000,-85000
061859,勤誠國票9B購01  ,0,0,0,0,0,0,0,0,0,-85000,0,0,0,33000,118000,-85000,-85000
061943,上銀群益9B購02  ,0,0,0,0,0,0,0,0,0,-85000,0,0,0,0,85000,-85000,-85000
061644,健策元大9C購02  ,0,0,0,0,0,0,0,0,0,-85000,0,0,0,8000,93000,-85000,-85000
053186,健策中信9C購01  ,0,0,0,0,0,0,0,0,0,-85000,0,0,0,83000,168000,-85000,-85000
051422,超眾國票96購01  ,0,0,0,0,0,0,0,0,0,-85000,0,0,0,0,85000,-85000,-85000
059953,聯發科康和99購01,0,0,0,0,0,0,0,0,0,-85000,0,0,0,22000,107000,-85000,-85000
057481,技嘉元大98購04  ,0,0,0,0,0,0,0,0,0,-85000,0,0,0,82000,167000,-85000,-85000
058979,上銀凱基99購04  ,0,0,0,0,0,0,0,0,0,-85000,0,0,0,0,85000,-85000,-85000
2486,一詮            ,7000,91000,-84000,0,0,0,0,0,0,-1000,0,1000,-1000,0,0,0,-85000
2704,國賓            ,27000,112000,-85000,0,0,0,0,0,0,0,0,0,0,0,0,0,-85000
2020,美亞            ,10000,95000,-85000,0,0,0,0,0,0,0,0,0,0,0,0,0,-85000
07952P,富邦金元大9B售02,0,0,0,0,0,0,0,0,0,-85000,0,0,0,0,85000,-85000,-85000
1340,勝悅-KY         ,6000,91000,-85000,0,0,0,0,0,0,0,0,0,0,0,0,0,-85000
07027P,台積電群益99售04,0,0,0,0,0,0,0,0,0,-85000,0,0,0,58000,143000,-85000,-85000
06448P,華通元大99售01  ,0,0,0,0,0,0,0,0,0,-86000,0,0,0,20000,106000,-86000,-86000
1723,中碳            ,2000,88000,-86000,0,0,0,0,0,0,0,0,0,0,0,0,0,-86000
060194,旭富元富9A購01  ,0,0,0,0,0,0,0,0,0,-87000,0,0,0,23000,110000,-87000,-87000
054100,致伸國票97購03  ,0,0,0,0,0,0,0,0,0,-87000,0,0,0,0,87000,-87000,-87000
057556,智易凱基99購01  ,0,0,0,0,0,0,0,0,0,-87000,0,0,0,238000,325000,-87000,-87000
060025,台積電富邦9C購06,0,0,0,0,0,0,0,0,0,-87000,0,0,0,10000,97000,-87000,-87000
059363,超眾永豐99購02  ,0,0,0,0,0,0,0,0,0,-87000,0,0,0,30000,117000,-87000,-87000
060366,健策元富9A購01  ,0,0,0,0,0,0,0,0,0,-88000,0,0,0,8000,96000,-88000,-88000
060785,國巨富邦9B購04  ,0,0,0,0,0,0,0,0,0,-88000,0,0,0,160000,248000,-88000,-88000
06458P,玉晶光統一9A售02,0,0,0,0,0,0,0,0,0,-88000,0,0,0,2000,90000,-88000,-88000
06505P,康控國票99售02  ,0,0,0,0,0,0,0,0,0,-88000,0,0,0,99000,187000,-88000,-88000
061374,力山永豐9A購04  ,0,0,0,0,0,0,0,0,0,-88000,0,0,0,32000,120000,-88000,-88000
053454,創意統一96購02  ,0,0,0,0,0,0,0,0,0,-88000,0,0,0,0,88000,-88000,-88000
054626,建準凱基98購01  ,0,0,0,0,0,0,0,0,0,-88000,0,0,0,32000,120000,-88000,-88000
056507,創意永豐98購02  ,0,0,0,0,0,0,0,0,0,-88000,0,0,0,55000,143000,-88000,-88000
058947,SGBR2X群益9B購02,0,0,0,0,0,0,0,0,0,-88000,0,0,0,110000,198000,-88000,-88000
056116,義隆群益97購02  ,0,0,0,0,0,0,0,0,0,-88000,0,0,0,10000,98000,-88000,-88000
05676P,欣興群益96售04  ,0,0,0,0,0,0,0,0,0,-88000,0,0,0,0,88000,-88000,-88000
07471P,南亞科元大9A售01,0,0,0,0,0,0,0,0,0,-88000,0,0,0,0,88000,-88000,-88000
061579,京鼎元大9A購02  ,0,0,0,0,0,0,0,0,0,-89000,0,0,0,125000,214000,-89000,-89000
06737P,台郡凱基98售07  ,0,0,0,0,0,0,0,0,0,-89000,0,0,0,0,89000,-89000,-89000
060467,神基元大9A購01  ,0,0,0,0,0,0,0,0,0,-89000,0,0,0,4000,93000,-89000,-89000
055726,台表科元大98購03,0,0,0,0,0,0,0,0,0,-89000,0,0,0,18000,107000,-89000,-89000
053281,茂林元大96購02  ,0,0,0,0,0,0,0,0,0,-89000,0,0,0,10000,99000,-89000,-89000
058464,矽創兆豐9A購01  ,0,0,0,0,0,0,0,0,0,-89000,0,0,0,5000,94000,-89000,-89000
057595,健鼎兆豐98購01  ,0,0,0,0,0,0,0,0,0,-89000,0,0,0,174000,263000,-89000,-89000
058010,帆宣國票98購01  ,0,0,0,0,0,0,0,0,0,-89000,0,0,0,154000,243000,-89000,-89000
1507,永大            ,26000,115000,-89000,0,0,0,0,0,0,0,0,0,0,0,0,0,-89000
060688,世紀鋼元大9C購01,0,0,0,0,0,0,0,0,0,-90000,0,0,0,6000,96000,-90000,-90000
061208,聯發科元大9A購09,0,0,0,0,0,0,0,0,0,-90000,0,0,0,0,90000,-90000,-90000
061967,旺宏統一01購04  ,0,0,0,0,0,0,0,0,0,-90000,0,0,0,20000,110000,-90000,-90000
061819,茂林群益9B購01  ,0,0,0,0,0,0,0,0,0,-90000,0,0,0,10000,100000,-90000,-90000
048794,易華電元大97購01,0,0,0,0,0,0,0,0,0,-90000,0,0,0,0,90000,-90000,-90000
053527,創意中信97購01  ,0,0,0,0,0,0,0,0,0,-90000,0,0,0,0,90000,-90000,-90000
057161,亞德客元大98購02,0,0,0,0,0,0,0,0,0,-90000,0,0,0,1000,91000,-90000,-90000
057961,茂林元大9A購01  ,0,0,0,0,0,0,0,0,0,-90000,0,0,0,0,90000,-90000,-90000
059037,宏達電群益99購02,0,0,0,0,0,0,0,0,0,-90000,0,0,0,28000,118000,-90000,-90000
058702,國巨元大99購16  ,0,0,0,0,0,0,0,0,0,-90000,0,0,0,10000,100000,-90000,-90000
058692,華邦電國票9B購01,0,0,0,0,0,0,0,0,0,-90000,0,0,0,70000,160000,-90000,-90000
07844P,可成國票9A售01  ,0,0,0,0,0,0,0,0,0,-90000,0,0,0,41000,131000,-90000,-90000
061562,群創國票9B購01  ,0,0,0,0,0,0,0,0,0,-91000,0,0,0,127000,218000,-91000,-91000
061605,華新科凱基9A購14,0,0,0,0,0,0,0,0,0,-91000,0,0,0,8000,99000,-91000,-91000
06240P,奇力新元富97售03,0,0,0,0,0,0,0,0,0,-91000,0,0,0,50000,141000,-91000,-91000
060582,玉晶光群益9C購01,0,0,0,0,0,0,0,0,0,-91000,0,0,0,47000,138000,-91000,-91000
058770,貿聯兆豐9A購01  ,0,0,0,0,0,0,0,0,0,-91000,0,0,0,5000,96000,-91000,-91000
057514,華新科元富99購03,0,0,0,0,0,0,0,0,0,-91000,0,0,0,237000,328000,-91000,-91000
057746,同欣電永豐98購02,0,0,0,0,0,0,0,0,0,-91000,0,0,0,0,91000,-91000,-91000
07794P,智邦國票9A售03  ,0,0,0,0,0,0,0,0,0,-91000,0,0,0,123000,214000,-91000,-91000
2239,英利-KY         ,18000,98000,-80000,0,0,0,0,0,0,-11000,0,11000,-11000,0,0,0,-91000
3015,全漢            ,2000,93000,-91000,0,0,0,0,0,0,0,0,0,0,0,0,0,-91000
06598P,奇力新永豐98售02,0,0,0,0,0,0,0,0,0,-92000,0,0,0,150000,242000,-92000,-92000
061388,台積電群益9A購05,0,0,0,0,0,0,0,0,0,-92000,0,0,0,60000,152000,-92000,-92000
05556P,全新國票96售04  ,0,0,0,0,0,0,0,0,0,-92000,0,0,0,0,92000,-92000,-92000
047564,滬深2X國票99購01,0,0,0,0,0,0,0,0,0,-92000,0,0,0,896000,988000,-92000,-92000
052888,台表科中信9A購01,0,0,0,0,0,0,0,0,0,-92000,0,0,0,133000,225000,-92000,-92000
057480,技嘉元大98購03  ,0,0,0,0,0,0,0,0,0,-92000,0,0,0,60000,152000,-92000,-92000
058985,可成凱基99購03  ,0,0,0,0,0,0,0,0,0,-92000,0,0,0,0,92000,-92000,-92000
057383,玉晶光富邦9A購01,0,0,0,0,0,0,0,0,0,-92000,0,0,0,321000,413000,-92000,-92000
05978P,麗豐永豐96售02  ,0,0,0,0,0,0,0,0,0,-92000,0,0,0,26000,118000,-92000,-92000
05658P,日月光元富96售02,0,0,0,0,0,0,0,0,0,-92000,0,0,0,6000,98000,-92000,-92000
057983,緯穎永豐98購03  ,0,0,0,0,0,0,0,0,0,-92000,0,0,0,0,92000,-92000,-92000
07672P,南電元大9A售05  ,0,0,0,0,0,0,0,0,0,-92000,0,0,0,40000,132000,-92000,-92000
07085P,超眾元富9C售01  ,0,0,0,0,0,0,0,0,0,-92000,0,0,0,17000,109000,-92000,-92000
4916,事欣科          ,1000,93000,-92000,0,0,0,0,0,0,0,0,0,0,0,0,0,-92000
06230P,亞德客永豐97售03,0,0,0,0,0,0,0,0,0,-93000,0,0,0,0,93000,-93000,-93000
062265,南茂元大9B購01  ,0,0,0,0,0,0,0,0,0,-93000,0,0,0,0,93000,-93000,-93000
061308,元金2X中信9A購01,0,0,0,0,0,0,0,0,0,-93000,0,0,0,0,93000,-93000,-93000
061179,華擎凱基9A購01  ,0,0,0,0,0,0,0,0,0,-93000,0,0,0,0,93000,-93000,-93000
05320P,華通凱基96售03  ,0,0,0,0,0,0,0,0,0,-93000,0,0,0,3000,96000,-93000,-93000
059719,台積電元大99購42,0,0,0,0,0,0,0,0,0,-93000,0,0,0,31000,124000,-93000,-93000
060778,臺股指凱基9A購06,0,0,0,0,0,0,0,0,0,-94000,0,0,0,10000,104000,-94000,-94000
062231,台光電麥證9C購01,0,0,0,0,94000,-94000,0,0,0,-94000,0,0,0,0,94000,-94000,-94000
061428,南六元大9A購01  ,0,0,0,0,0,0,0,0,0,-94000,0,0,0,46000,140000,-94000,-94000
061492,超眾兆豐9B購01  ,0,0,0,0,0,0,0,0,0,-94000,0,0,0,30000,124000,-94000,-94000
061781,台積電群益9C購01,0,0,0,0,0,0,0,0,0,-94000,0,0,0,0,94000,-94000,-94000
061872,友達元大9C購06  ,0,0,0,0,0,0,0,0,0,-94000,0,0,0,110000,204000,-94000,-94000
055124,建準兆豐97購01  ,0,0,0,0,0,0,0,0,0,-94000,0,0,0,256000,350000,-94000,-94000
07468P,聯電元大9A售02  ,0,0,0,0,0,0,0,0,0,-94000,0,0,0,161000,255000,-94000,-94000
07767P,華新科群益9A售07,0,0,0,0,0,0,0,0,0,-94000,0,0,0,29000,123000,-94000,-94000
062232,聯詠麥證9C購01  ,0,0,0,0,95000,-95000,0,0,0,-95000,0,0,0,0,95000,-95000,-95000
06632P,創意群益98售03  ,0,0,0,0,0,0,0,0,0,-95000,0,0,0,10000,105000,-95000,-95000
055005,晶相光元富97購01,0,0,0,0,0,0,0,0,0,-95000,0,0,0,5000,100000,-95000,-95000
054439,健策台新96購03  ,0,0,0,0,0,0,0,0,0,-95000,0,0,0,0,95000,-95000,-95000
053056,同欣電國票97購01,0,0,0,0,0,0,0,0,0,-95000,0,0,0,48000,143000,-95000,-95000
056981,全新群益99購03  ,0,0,0,0,0,0,0,0,0,-95000,0,0,0,77000,172000,-95000,-95000
07667P,亞德客元大9A售05,0,0,0,0,0,0,0,0,0,-95000,0,0,0,72000,167000,-95000,-95000
1225,福懋油          ,3000,98000,-95000,0,0,0,0,0,0,0,0,0,0,0,0,0,-95000
061707,超眾國票9B購01  ,0,0,0,0,0,0,0,0,0,-96000,0,0,0,30000,126000,-96000,-96000
060355,元金2X元富9C購01,0,0,0,0,0,0,0,0,0,-96000,0,0,0,0,96000,-96000,-96000
058774,台郡兆豐9A購01  ,0,0,0,0,0,0,0,0,0,-96000,0,0,0,32000,128000,-96000,-96000
059183,T50反1台新03購02,0,0,0,0,0,0,0,0,0,-96000,0,0,0,0,96000,-96000,-96000
057716,神達統一98購01  ,0,0,0,0,0,0,0,0,0,-96000,0,0,0,0,96000,-96000,-96000
1321,大洋            ,3000,99000,-96000,0,0,0,0,0,0,0,0,0,0,0,0,0,-96000
2029,盛餘            ,3000,99000,-96000,0,0,0,0,0,0,0,0,0,0,0,0,0,-96000
9911,櫻花            ,1000,97000,-96000,0,0,0,0,0,0,0,0,0,0,0,0,0,-96000
061626,超眾群益9A購02  ,0,0,0,0,0,0,0,0,0,-97000,0,0,0,229000,326000,-97000,-97000
052969,建準群益97購01  ,0,0,0,0,0,0,0,0,0,-97000,0,0,0,157000,254000,-97000,-97000
00730,富邦臺灣優質高息,0,0,0,0,0,0,0,0,0,-97000,0,0,0,401000,498000,-97000,-97000
00766L,台新MSCI中國正2 ,0,0,0,0,0,0,0,0,0,-97000,0,0,0,230000,327000,-97000,-97000
03678C,臺股指凱基01牛02,0,0,0,0,0,0,0,0,0,-97000,0,0,0,226000,323000,-97000,-97000
055090,國巨群益97購03  ,0,0,0,0,0,0,0,0,0,-97000,0,0,0,205000,302000,-97000,-97000
059771,台積電群益99購11,0,0,0,0,0,0,0,0,0,-97000,0,0,0,197000,294000,-97000,-97000
058768,南港兆豐99購01  ,0,0,0,0,0,0,0,0,0,-97000,0,0,0,21000,118000,-97000,-97000
058729,國巨永豐99購03  ,0,0,0,0,0,0,0,0,0,-97000,0,0,0,117000,214000,-97000,-97000
061549,泰碩群益9A購01  ,0,0,0,0,0,0,0,0,0,-98000,0,0,0,15000,113000,-98000,-98000
061382,台灣50群益9C購02,0,0,0,0,0,0,0,0,0,-98000,0,0,0,0,98000,-98000,-98000
06728P,全新元大98售03  ,0,0,0,0,0,0,0,0,0,-98000,0,0,0,12000,110000,-98000,-98000
058605,華邦電元大99購04,0,0,0,0,0,0,0,0,0,-98000,0,0,0,0,98000,-98000,-98000
055349,京元電凱基97購02,0,0,0,0,0,0,0,0,0,-98000,0,0,0,0,98000,-98000,-98000
055926,國巨群益98購06  ,0,0,0,0,0,0,0,0,0,-98000,0,0,0,200000,298000,-98000,-98000
058762,貿聯群益99購03  ,0,0,0,0,0,0,0,0,0,-98000,0,0,0,0,98000,-98000,-98000
056020,義隆群益97購01  ,0,0,0,0,0,0,0,0,0,-98000,0,0,0,0,98000,-98000,-98000
057856,聯鈞國票99購03  ,0,0,0,0,0,0,0,0,0,-98000,0,0,0,39000,137000,-98000,-98000
059912,國巨元大99購28  ,0,0,0,0,0,0,0,0,0,-98000,0,0,0,30000,128000,-98000,-98000
058949,上銀群益99購02  ,0,0,0,0,0,0,0,0,0,-98000,0,0,0,0,98000,-98000,-98000
058854,樺漢群益9B購01  ,0,0,0,0,0,0,0,0,0,-98000,0,0,0,0,98000,-98000,-98000
1560,中砂            ,3000,110000,-107000,0,0,0,0,0,0,9000,12000,3000,9000,0,0,0,-98000
061032,金像電永豐9A購03,0,0,0,0,0,0,0,0,0,-99000,0,0,0,171000,270000,-99000,-99000
055153,台光電元大98購02,0,0,0,0,0,0,0,0,0,-99000,0,0,0,8000,107000,-99000,-99000
058062,上銀中信98購01  ,0,0,0,0,0,0,0,0,0,-99000,0,0,0,1000,100000,-99000,-99000
07578P,高鐵元大9A售02  ,0,0,0,0,0,0,0,0,0,-99000,0,0,0,10000,109000,-99000,-99000
4976,佳凌            ,31000,130000,-99000,0,0,0,0,0,0,0,0,0,0,0,0,0,-99000
06102P,智邦凱基97售03  ,0,0,0,0,0,0,0,0,0,-100000,0,0,0,0,100000,-100000,-100000
061324,華新科凱基9C購01,0,0,0,0,0,0,0,0,0,-100000,0,0,0,0,100000,-100000,-100000
060374,儒鴻元富9A購01  ,0,0,0,0,0,0,0,0,0,-100000,0,0,0,373000,473000,-100000,-100000
060136,T50反1國票9A購01,0,0,0,0,0,0,0,0,0,-100000,0,0,0,0,100000,-100000,-100000
060384,葡萄王凱基9B購01,0,0,0,0,0,0,0,0,0,-100000,0,0,0,50000,150000,-100000,-100000
060404,台勝科國泰9B購01,0,0,0,0,0,0,0,0,0,-100000,0,0,0,0,100000,-100000,-100000
061429,南六元大9A購02  ,0,0,0,0,0,0,0,0,0,-100000,0,0,0,75000,175000,-100000,-100000
054967,神達元大97購01  ,0,0,0,0,0,0,0,0,0,-100000,0,0,0,0,100000,-100000,-100000
054789,高鐵群益98購01  ,0,0,0,0,0,0,0,0,0,-100000,0,0,0,0,100000,-100000,-100000
053722,新光金凱基9C購01,0,0,0,0,0,0,0,0,0,-100000,0,0,0,0,100000,-100000,-100000
054244,華新元大96購01  ,0,0,0,0,0,0,0,0,0,-100000,0,0,0,185000,285000,-100000,-100000
052529,力成元大95購03  ,0,0,0,0,0,0,0,0,0,-100000,0,0,0,0,100000,-100000,-100000
053083,中環元大99購01  ,0,0,0,0,0,0,0,0,0,-100000,0,0,0,10000,110000,-100000,-100000
053143,昇陽半永豐96購03,0,0,0,0,0,0,0,0,0,-100000,0,0,0,0,100000,-100000,-100000
052939,富邦金兆豐96購01,0,0,0,0,0,0,0,0,0,-100000,0,0,0,0,100000,-100000,-100000
052823,創意永豐96購02  ,0,0,0,0,0,0,0,0,0,-100000,0,0,0,0,100000,-100000,-100000
05283P,健鼎元大95售04  ,0,0,0,0,0,0,0,0,0,-100000,0,0,0,0,100000,-100000,-100000
051048,臺指反群益96購01,0,0,0,0,0,0,0,0,0,-100000,0,0,0,0,100000,-100000,-100000
047629,深中小元大96購01,0,0,0,0,0,0,0,0,0,-100000,0,0,0,0,100000,-100000,-100000
04462P,全新元富96售01  ,0,0,0,0,0,0,0,0,0,-100000,0,0,0,0,100000,-100000,-100000
05895P,奇力新群益96售03,0,0,0,0,0,0,0,0,0,-100000,0,0,0,0,100000,-100000,-100000
059474,元石油群益99購01,0,0,0,0,0,0,0,0,0,-100000,0,0,0,42000,142000,-100000,-100000
058463,宏達電兆豐99購02,0,0,0,0,0,0,0,0,0,-100000,0,0,0,0,100000,-100000,-100000
058475,台積電凱基99購06,0,0,0,0,0,0,0,0,0,-100000,0,0,0,75000,175000,-100000,-100000
057051,群創元大9B購03  ,0,0,0,0,0,0,0,0,0,-100000,0,0,0,0,100000,-100000,-100000
05637P,聯電元大96售04  ,0,0,0,0,0,0,0,0,0,-100000,0,0,0,0,100000,-100000,-100000
059077,FBVIX元大99購05 ,0,0,0,0,0,0,0,0,0,-100000,0,0,0,0,100000,-100000,-100000
058992,上証反元大99購02,0,0,0,0,0,0,0,0,0,-100000,0,0,0,0,100000,-100000,-100000
056009,奇力新中信98購03,0,0,0,0,0,0,0,0,0,-100000,0,0,0,0,100000,-100000,-100000
056136,京鼎元大98購01  ,0,0,0,0,0,0,0,0,0,-100000,0,0,0,0,100000,-100000,-100000
056178,嘉澤元富97購02  ,0,0,0,0,0,0,0,0,0,-100000,0,0,0,0,100000,-100000,-100000
056863,義隆群益98購01  ,0,0,0,0,0,0,0,0,0,-100000,0,0,0,10000,110000,-100000,-100000
057269,鈺齊兆豐98購01  ,0,0,0,0,0,0,0,0,0,-100000,0,0,0,0,100000,-100000,-100000
07647P,健策國票9A售04  ,0,0,0,0,0,0,0,0,0,-100000,0,0,0,0,100000,-100000,-100000
07836P,大成鋼元大9A售01,0,0,0,0,0,0,0,0,0,-100000,0,0,0,0,100000,-100000,-100000
1313,聯成            ,547000,647000,-100000,0,0,0,0,0,0,0,0,0,0,0,0,0,-100000
2059,川湖            ,64445,153034,-88589,0,0,0,0,0,0,-12000,0,12000,-12000,0,0,0,-100589
06447P,上銀元大98售01  ,0,0,0,0,0,0,0,0,0,-101000,0,0,0,12000,113000,-101000,-101000
06378P,國巨統一97售08  ,0,0,0,0,0,0,0,0,0,-101000,0,0,0,74000,175000,-101000,-101000
061160,瑞祺群益9A購01  ,0,0,0,0,0,0,0,0,0,-101000,0,0,0,67000,168000,-101000,-101000
055824,臺股指國票97購11,0,0,0,0,0,0,0,0,0,-101000,0,0,0,96000,197000,-101000,-101000
059113,群光永豐99購01  ,0,0,0,0,0,0,0,0,0,-101000,0,0,0,0,101000,-101000,-101000
058930,華新科統一9B購01,0,0,0,0,0,0,0,0,0,-101000,0,0,0,34000,135000,-101000,-101000
057606,健策統一98購03  ,0,0,0,0,0,0,0,0,0,-101000,0,0,0,0,101000,-101000,-101000
1457,宜進            ,1000,102000,-101000,0,0,0,0,0,0,0,0,0,0,0,0,0,-101000
061216,世芯元大9A購06  ,0,0,0,0,0,0,0,0,0,-102000,0,0,0,27000,129000,-102000,-102000
060854,台積電富邦9C購08,0,0,0,0,0,0,0,0,0,-102000,0,0,0,0,102000,-102000,-102000
06282P,聯鈞永豐97售02  ,0,0,0,0,0,0,0,0,0,-102000,0,0,0,110000,212000,-102000,-102000
06150P,奇力新元大97售06,0,0,0,0,0,0,0,0,0,-102000,0,0,0,0,102000,-102000,-102000
055822,臺股指國票97購09,0,0,0,0,0,0,0,0,0,-102000,0,0,0,1000,103000,-102000,-102000
053040,全新凱基98購01  ,0,0,0,0,0,0,0,0,0,-102000,0,0,0,3000,105000,-102000,-102000
04633P,旺宏群益96售04  ,0,0,0,0,0,0,0,0,0,-102000,0,0,0,0,102000,-102000,-102000
03675C,臺股指元大04牛02,0,0,0,0,0,0,0,0,0,-102000,0,0,0,0,102000,-102000,-102000
058184,鴻海永豐99購01  ,0,0,0,0,0,0,0,0,0,-102000,0,0,0,74000,176000,-102000,-102000
057674,台郡元大99購03  ,0,0,0,0,0,0,0,0,0,-102000,0,0,0,183000,285000,-102000,-102000
057378,康友元大98購02  ,0,0,0,0,0,0,0,0,0,-102000,0,0,0,0,102000,-102000,-102000
059358,旺宏永豐99購02  ,0,0,0,0,0,0,0,0,0,-102000,0,0,0,10000,112000,-102000,-102000
057899,台積電永豐98購04,0,0,0,0,0,0,0,0,0,-102000,0,0,0,1000,103000,-102000,-102000
06180P,禾伸堂群益97售01,0,0,0,0,0,0,0,0,0,-103000,0,0,0,0,103000,-103000,-103000
060286,佳世達元大9C購01,0,0,0,0,0,0,0,0,0,-103000,0,0,0,95000,198000,-103000,-103000
058228,為升元大99購01  ,0,0,0,0,0,0,0,0,0,-103000,0,0,0,31000,134000,-103000,-103000
058132,義隆元大99購03  ,0,0,0,0,0,0,0,0,0,-103000,0,0,0,62000,165000,-103000,-103000
058185,國巨永豐99購01  ,0,0,0,0,0,0,0,0,0,-104000,0,0,0,4000,108000,-104000,-104000
058328,世紀鋼統一9B購01,0,0,0,0,0,0,0,0,0,-104000,0,0,0,122000,226000,-104000,-104000
059278,群創元大9A購04  ,0,0,0,0,0,0,0,0,0,-104000,0,0,0,37000,141000,-104000,-104000
07668P,旺宏元大9A售10  ,0,0,0,0,0,0,0,0,0,-104000,0,0,0,10000,114000,-104000,-104000
5234,達興材料        ,25000,128000,-103000,0,0,0,0,0,0,-1000,0,1000,-1000,0,0,0,-104000
6415,矽力-KY         ,370500,482476,-111976,0,0,0,0,0,0,7000,13000,4000,9000,9000,11000,-2000,-104976
060538,S&P反1凱基9A購01,0,0,0,0,0,0,0,0,0,-105000,0,0,0,0,105000,-105000,-105000
061223,T50反1中信01購01,0,0,0,0,0,0,0,0,0,-105000,0,0,0,0,105000,-105000,-105000
062119,世紀鋼中信9B購01,0,0,0,0,0,0,0,0,0,-105000,0,0,0,0,105000,-105000,-105000
054693,神基永豐97購01  ,0,0,0,0,0,0,0,0,0,-105000,0,0,0,7000,112000,-105000,-105000
057077,國巨統一98購06  ,0,0,0,0,0,0,0,0,0,-105000,0,0,0,71000,176000,-105000,-105000
07049P,聯發科中信99售03,0,0,0,0,0,0,0,0,0,-105000,0,0,0,164000,269000,-105000,-105000
2207,和泰車          ,261164,362756,-101592,0,0,0,0,4000,-4000,0,0,0,0,0,0,0,-105592
062045,崇越凱基9B購01  ,0,0,0,0,0,0,0,0,0,-106000,0,0,0,6000,112000,-106000,-106000
060937,T50反1國票9A購10,0,0,0,0,0,0,0,0,0,-106000,0,0,0,195000,301000,-106000,-106000
056895,技嘉元大98購01  ,0,0,0,0,0,0,0,0,0,-106000,0,0,0,72000,178000,-106000,-106000
060861,漢唐永豐9A購01  ,0,0,0,0,0,0,0,0,0,-107000,0,0,0,161000,268000,-107000,-107000
06646P,國巨元大98售16  ,0,0,0,0,0,0,0,0,0,-107000,0,0,0,285000,392000,-107000,-107000
061416,聯茂群益9A購01  ,0,0,0,0,0,0,0,0,0,-107000,0,0,0,110000,217000,-107000,-107000
05348P,美律元富98售01  ,0,0,0,0,0,0,0,0,0,-107000,0,0,0,0,107000,-107000,-107000
057570,技嘉永豐98購02  ,0,0,0,0,0,0,0,0,0,-107000,0,0,0,0,107000,-107000,-107000
059977,鴻海元大99購40  ,0,0,0,0,0,0,0,0,0,-107000,0,0,0,63000,170000,-107000,-107000
062405,泰鼎永豐9B購02  ,0,0,0,0,0,0,0,0,0,-108000,0,0,0,1000,109000,-108000,-108000
061347,創意元大9A購02  ,0,0,0,0,0,0,0,0,0,-108000,0,0,0,0,108000,-108000,-108000
053570,京元電統一96購01,0,0,0,0,0,0,0,0,0,-108000,0,0,0,58000,166000,-108000,-108000
1437,勤益控          ,3000,111000,-108000,0,0,0,0,0,0,0,0,0,0,0,0,0,-108000
061367,瑞祺國票9A購01  ,0,0,0,0,0,0,0,0,0,-109000,0,0,0,19000,128000,-109000,-109000
054744,晶相光凱基99購01,0,0,0,0,0,0,0,0,0,-109000,0,0,0,0,109000,-109000,-109000
059256,臺股指凱基99購34,0,0,0,0,0,0,0,0,0,-109000,0,0,0,0,109000,-109000,-109000
061635,台積電元大9A購34,0,0,0,0,0,0,0,0,0,-110000,0,0,0,0,110000,-110000,-110000
062250,台積電元大9B購02,0,0,0,0,0,0,0,0,0,-110000,0,0,0,0,110000,-110000,-110000
055377,揚明光元大98購01,0,0,0,0,0,0,0,0,0,-110000,0,0,0,0,110000,-110000,-110000
04950P,上証2X中信96售02,0,0,0,0,0,0,0,0,0,-110000,0,0,0,0,110000,-110000,-110000
059976,道瓊銀元大99購01,0,0,0,0,0,0,0,0,0,-110000,0,0,0,69000,179000,-110000,-110000
059821,美律凱基99購08  ,0,0,0,0,0,0,0,0,0,-110000,0,0,0,0,110000,-110000,-110000
056769,國產元大98購01  ,0,10000,-10000,0,0,0,0,0,0,-100000,0,0,0,67000,167000,-100000,-110000
057877,神達元大99購01  ,0,0,0,0,0,0,0,0,0,-110000,0,0,0,12000,122000,-110000,-110000
1503,士電            ,21000,131000,-110000,0,0,0,0,0,0,0,0,0,0,0,0,0,-110000
07506P,中租元大9A售01  ,0,0,0,0,0,0,0,0,0,-110000,0,0,0,0,110000,-110000,-110000
07792P,牧德元大9A售04  ,0,0,0,0,0,0,0,0,0,-110000,0,0,0,0,110000,-110000,-110000
4720,德淵            ,13000,123000,-110000,0,0,0,0,0,0,0,0,0,0,0,0,0,-110000
06525P,上証2X國泰99售01,0,0,0,0,0,0,0,0,0,-111000,0,0,0,11000,122000,-111000,-111000
061908,台積電中信05購01,0,0,0,0,0,0,0,0,0,-111000,0,0,0,27000,138000,-111000,-111000
061145,臻鼎中信9A購02  ,0,0,0,0,0,0,0,0,0,-111000,0,0,0,320000,431000,-111000,-111000
055318,華通國票98購01  ,0,0,0,0,0,0,0,0,0,-111000,0,0,0,3000,114000,-111000,-111000
058387,國巨國票9A購03  ,0,0,0,0,0,0,0,0,0,-111000,0,0,0,303000,414000,-111000,-111000
058037,台灣50元大9B購02,0,0,0,0,0,0,0,0,0,-111000,0,0,0,2000,113000,-111000,-111000
6670,復盛應用        ,31100,124455,-93355,0,0,0,0,0,0,-18000,0,18000,-18000,0,0,0,-111355
061351,智伸科元大9A購01,0,0,0,0,0,0,0,0,0,-112000,0,0,0,54000,166000,-112000,-112000
061025,創意富邦9B購01  ,0,0,0,0,0,0,0,0,0,-112000,0,0,0,100000,212000,-112000,-112000
061833,華新科凱基02購01,0,0,0,0,0,0,0,0,0,-112000,0,0,0,3000,115000,-112000,-112000
06706P,智原台新98售02  ,0,0,0,0,0,0,0,0,0,-112000,0,0,0,20000,132000,-112000,-112000
052326,滬深反中信99購01,0,0,0,0,0,0,0,0,0,-112000,0,0,0,39000,151000,-112000,-112000
054343,世紀鋼元富96購02,0,0,0,0,0,0,0,0,0,-112000,0,0,0,239000,351000,-112000,-112000
05708P,奇力新國票97售04,0,0,0,0,0,0,0,0,0,-112000,0,0,0,0,112000,-112000,-112000
058099,鴻海國泰9A購02  ,0,0,0,0,0,0,0,0,0,-112000,0,0,0,0,112000,-112000,-112000
056387,智伸科國泰99購01,0,0,0,0,0,0,0,0,0,-112000,0,0,0,110000,222000,-112000,-112000
056326,TPK兆豐98購01   ,0,0,0,0,0,0,0,0,0,-112000,0,0,0,13000,125000,-112000,-112000
07088P,訊芯永豐99售02  ,0,0,0,0,0,0,0,0,0,-112000,0,0,0,0,112000,-112000,-112000
06232P,智易永豐97售01  ,0,0,0,0,0,0,0,0,0,-113000,0,0,0,18000,131000,-113000,-113000
06082P,華通統一98售01  ,0,0,0,0,0,0,0,0,0,-113000,0,0,0,32000,145000,-113000,-113000
00680L,元大美債20正2   ,0,0,0,0,0,0,0,0,0,-113000,0,0,0,6000,119000,-113000,-113000
07082P,美律元大99售06  ,0,0,0,0,0,0,0,0,0,-113000,0,0,0,10000,123000,-113000,-113000
07466P,亞德客元大9A售02,0,0,0,0,0,0,0,0,0,-113000,0,0,0,11000,124000,-113000,-113000
07955P,大成鋼群益9B售02,0,0,0,0,0,0,0,0,0,-113000,0,0,0,18000,131000,-113000,-113000
1582,信錦            ,60000,171000,-111000,0,0,0,0,0,0,-2000,22000,1000,21000,0,23000,-23000,-113000
00668,國泰美國道瓊    ,0,0,0,0,0,0,0,0,0,-114000,0,0,0,32000,146000,-114000,-114000
059056,技嘉凱基99購02  ,0,0,0,0,0,0,0,0,0,-114000,0,0,0,13000,127000,-114000,-114000
2612,中航            ,0,114000,-114000,0,0,0,0,0,0,0,0,0,0,0,0,0,-114000
2450,神腦            ,5000,119000,-114000,0,0,0,0,0,0,0,0,0,0,0,0,0,-114000
07612P,國巨國泰9B售06  ,0,0,0,0,0,0,0,0,0,-114000,0,0,0,12000,126000,-114000,-114000
060326,群光群益9A購01  ,0,0,0,0,0,0,0,0,0,-115000,0,0,0,61000,176000,-115000,-115000
055147,鴻海元大97購11  ,0,0,0,0,0,0,0,0,0,-115000,0,0,0,1000,116000,-115000,-115000
056406,建準國票99購01  ,0,0,0,0,0,0,0,0,0,-115000,0,0,0,83000,198000,-115000,-115000
057734,訊芯國泰9A購01  ,0,0,0,0,0,0,0,0,0,-115000,0,0,0,0,115000,-115000,-115000
056515,燿華兆豐99購01  ,0,0,0,0,0,0,0,0,0,-115000,0,0,0,60000,175000,-115000,-115000
07781P,高鐵凱基9A售02  ,0,0,0,0,0,0,0,0,0,-115000,0,0,0,0,115000,-115000,-115000
2485,兆赫            ,179000,284000,-105000,0,0,0,0,0,0,-10000,0,10000,-10000,0,0,0,-115000
055531,華新科群益98購03,0,0,0,0,0,0,0,0,0,-116000,0,0,0,0,116000,-116000,-116000
051979,群創凱基97購01  ,0,0,0,0,0,0,0,0,0,-116000,0,0,0,64000,180000,-116000,-116000
057300,訊連永豐98購01  ,0,0,0,0,0,0,0,0,0,-116000,0,0,0,0,116000,-116000,-116000
059123,訊芯永豐99購03  ,0,0,0,0,0,0,0,0,0,-116000,0,0,0,37000,153000,-116000,-116000
07793P,同欣電元大9A售02,0,0,0,0,0,0,0,0,0,-116000,0,0,0,4000,120000,-116000,-116000
06151P,華新科元大97售07,0,0,0,0,0,0,0,0,0,-117000,0,0,0,11000,128000,-117000,-117000
07501P,華新科元大9A售07,0,0,0,0,0,0,0,0,0,-117000,0,0,0,0,117000,-117000,-117000
6139,亞翔            ,33000,149000,-116000,0,0,0,0,0,0,-1000,0,1000,-1000,0,0,0,-117000
06172P,台虹永豐97售02  ,0,0,0,0,0,0,0,0,0,-118000,0,0,0,0,118000,-118000,-118000
060987,華新科元大9A購11,0,0,0,0,0,0,0,0,0,-118000,0,0,0,12000,130000,-118000,-118000
055436,晶豪科中信99購01,0,0,0,0,0,0,0,0,0,-118000,0,0,0,20000,138000,-118000,-118000
057181,亞光元大98購02  ,0,0,0,0,0,0,0,0,0,-118000,0,0,0,90000,208000,-118000,-118000
07407P,欣興凱基99售07  ,0,0,0,0,0,0,0,0,0,-118000,0,0,0,29000,147000,-118000,-118000
2464,盟立            ,109000,221000,-112000,0,0,0,0,0,0,-6000,0,0,0,0,6000,-6000,-118000
062274,台積電群益9B購04,0,0,0,0,0,0,0,0,0,-119000,0,0,0,0,119000,-119000,-119000
056738,國巨凱基9A購02  ,0,0,0,0,0,0,0,0,0,-119000,0,0,0,143000,262000,-119000,-119000
056352,鴻海元大99購01  ,0,0,0,0,0,0,0,0,0,-119000,0,0,0,150000,269000,-119000,-119000
057670,欣興元大99購02  ,0,0,0,0,0,0,0,0,0,-119000,0,0,0,19000,138000,-119000,-119000
060992,健策元大9A購05  ,0,0,0,0,0,0,0,0,0,-120000,0,0,0,103000,223000,-120000,-120000
055525,國巨群益98購05  ,0,0,0,0,0,0,0,0,0,-120000,0,0,0,231000,351000,-120000,-120000
054491,瀚宇博台新96購02,0,0,0,0,0,0,0,0,0,-120000,0,0,0,20000,140000,-120000,-120000
055343,國巨凱基97購03  ,0,0,0,0,0,0,0,0,0,-120000,0,0,0,5000,125000,-120000,-120000
055888,鴻海統一97購04  ,0,0,0,0,0,0,0,0,0,-120000,0,0,0,0,120000,-120000,-120000
055958,台光電元大97購02,0,0,0,0,0,0,0,0,0,-120000,0,0,0,0,120000,-120000,-120000
057665,技嘉元大99購01  ,0,0,0,0,0,0,0,0,0,-120000,0,0,0,56000,176000,-120000,-120000
057582,亞光中信9A購02  ,0,0,0,0,0,0,0,0,0,-120000,0,0,0,30000,150000,-120000,-120000
059041,南茂群益99購02  ,0,0,0,0,0,0,0,0,0,-120000,0,0,0,10000,130000,-120000,-120000
2913,農林            ,101000,221000,-120000,0,0,0,0,0,0,0,0,0,0,0,0,0,-120000
1702,南僑            ,11000,131000,-120000,0,0,0,0,0,0,0,0,0,0,0,0,0,-120000
061086,FBVIX統一01購01 ,0,0,0,0,0,0,0,0,0,-121000,0,0,0,30000,151000,-121000,-121000
06751P,旺宏凱基98售10  ,0,0,0,0,0,0,0,0,0,-121000,0,0,0,1000,122000,-121000,-121000
053915,光罩國票96購02  ,0,0,0,0,0,0,0,0,0,-121000,0,0,0,0,121000,-121000,-121000
058651,FBVIX中信9C購01 ,0,0,0,0,0,0,0,0,0,-121000,0,0,0,0,121000,-121000,-121000
062041,華擎凱基9C購01  ,0,0,0,0,0,0,0,0,0,-122000,0,0,0,22000,144000,-122000,-122000
2331,精英            ,100000,240000,-140000,0,0,0,0,0,0,18000,20000,2000,18000,0,0,0,-122000
6024,群益期          ,8000,130000,-122000,0,0,0,0,0,0,0,0,0,0,0,0,0,-122000
3712,永崴投控        ,7000,129000,-122000,0,0,0,0,0,0,0,0,0,0,0,0,0,-122000
06091P,華新科統一97售01,0,0,0,0,0,0,0,0,0,-123000,0,0,0,2000,125000,-123000,-123000
053916,漢唐國票97購04  ,0,0,0,0,0,0,0,0,0,-123000,0,0,0,14000,137000,-123000,-123000
055058,大毅永豐97購01  ,0,0,0,0,0,0,0,0,0,-123000,0,0,0,7000,130000,-123000,-123000
059073,元油2X元大9C購14,0,0,0,0,0,0,0,0,0,-123000,0,0,0,51000,174000,-123000,-123000
057587,微星國票99購01  ,0,0,0,0,0,0,0,0,0,-123000,0,0,0,32000,155000,-123000,-123000
06893P,致新元富98售02  ,0,0,0,0,0,0,0,0,0,-124000,0,0,0,184000,308000,-124000,-124000
061407,鴻海國票9A購07  ,0,0,0,0,0,0,0,0,0,-124000,0,0,0,111000,235000,-124000,-124000
058190,貿聯永豐99購01  ,0,0,0,0,0,0,0,0,0,-124000,0,0,0,0,124000,-124000,-124000
055490,台光電元大97購01,0,0,0,0,0,0,0,0,0,-124000,0,0,0,0,124000,-124000,-124000
055404,超眾元富97購01  ,0,0,0,0,0,0,0,0,0,-124000,0,0,0,120000,244000,-124000,-124000
048422,瑞昱元富96購02  ,0,0,0,0,0,0,0,0,0,-124000,0,0,0,30000,154000,-124000,-124000
060626,貿聯元大9A購04  ,0,0,0,0,0,0,0,0,0,-125000,0,0,0,15000,140000,-125000,-125000
00641R,富邦日本反1     ,0,2000,-2000,0,0,0,0,0,0,-123000,0,0,0,290000,413000,-123000,-125000
05861P,瀚宇博永豐96售02,0,0,0,0,0,0,0,0,0,-125000,0,0,0,16000,141000,-125000,-125000
061663,南六永豐9A購05  ,0,0,0,0,0,0,0,0,0,-126000,0,0,0,97000,223000,-126000,-126000
059694,創意永豐99購03  ,0,0,0,0,0,0,0,0,0,-126000,0,0,0,20000,146000,-126000,-126000
1104,環泥            ,11000,137000,-126000,0,0,0,0,0,0,0,0,0,0,0,0,0,-126000
060047,道瓊反凱基99購01,0,0,0,0,0,0,0,0,0,-127000,0,0,0,3000,130000,-127000,-127000
055987,台表科元富97購01,0,0,0,0,0,0,0,0,0,-127000,0,0,0,114000,241000,-127000,-127000
059125,台積電第一03購02,0,0,0,0,0,0,0,0,0,-127000,0,0,0,0,127000,-127000,-127000
3209,全科            ,44000,171000,-127000,0,0,0,0,0,0,0,0,0,0,0,0,0,-127000
6209,今國光          ,46000,173000,-127000,0,0,0,0,0,0,0,0,0,0,0,0,0,-127000
2356,英業達          ,3802490,3914062,-111572,0,0,0,0,0,0,-16000,28000,2000,26000,21000,63000,-42000,-127572
055962,晶豪科元大97購02,0,0,0,0,0,0,0,0,0,-129000,0,0,0,40000,169000,-129000,-129000
058245,訊連元大99購01  ,0,0,0,0,0,0,0,0,0,-129000,0,0,0,16000,145000,-129000,-129000
055240,京元電元富97購01,0,0,0,0,0,0,0,0,0,-129000,0,0,0,94000,223000,-129000,-129000
05524P,瀚宇博國票97售02,0,0,0,0,0,0,0,0,0,-129000,0,0,0,0,129000,-129000,-129000
05626P,景碩國票97售03  ,0,0,0,0,0,0,0,0,0,-129000,0,0,0,116000,245000,-129000,-129000
061398,力成中信9A購01  ,0,0,0,0,0,0,0,0,0,-130000,0,0,0,166000,296000,-130000,-130000
061785,奇力新群益9B購01,0,0,0,0,0,0,0,0,0,-130000,0,0,0,112000,242000,-130000,-130000
05555P,健策群益98售01  ,0,0,0,0,0,0,0,0,0,-130000,0,0,0,40000,170000,-130000,-130000
054027,欣興凱基96購04  ,0,0,0,0,0,0,0,0,0,-130000,0,0,0,0,130000,-130000,-130000
052878,台虹凱基96購01  ,0,0,0,0,0,0,0,0,0,-130000,0,0,0,0,130000,-130000,-130000
059636,宏達電凱基99購05,0,0,0,0,0,0,0,0,0,-130000,0,0,0,0,130000,-130000,-130000
07500P,微星元大9A售01  ,0,0,0,0,0,0,0,0,0,-130000,0,0,0,0,130000,-130000,-130000
1590,亞德客-KY       ,627323,715937,-88614,0,0,0,0,3000,-3000,-39000,5000,34000,-29000,4000,14000,-10000,-130614
061001,智邦兆豐9B購01  ,0,0,0,0,0,0,0,0,0,-131000,0,0,0,212000,343000,-131000,-131000
00672L,元大S&P原油正2  ,0,189000,-189000,0,0,0,0,0,0,58000,0,0,0,220000,162000,58000,-131000
052124,京鼎國票95購01  ,0,0,0,0,0,0,0,0,0,-131000,0,0,0,18000,149000,-131000,-131000
057719,欣興元富02購01  ,0,0,0,0,0,0,0,0,0,-131000,0,0,0,7000,138000,-131000,-131000
2109,華豐            ,1000,132000,-131000,0,0,0,0,0,0,0,0,0,0,0,0,0,-131000
2545,皇翔            ,5000,136000,-131000,0,0,0,0,0,0,0,0,0,0,0,0,0,-131000
05088P,大立光富邦99售01,0,0,0,0,0,0,0,0,0,-132000,0,0,0,0,132000,-132000,-132000
060010,義隆群益99購02  ,0,0,0,0,0,0,0,0,0,-132000,0,0,0,226000,358000,-132000,-132000
5608,四維航          ,2000,134000,-132000,0,0,0,0,0,0,0,0,0,0,0,0,0,-132000
3530,晶相光          ,90000,225000,-135000,0,0,0,0,0,0,3000,0,0,0,12000,9000,3000,-132000
3454,晶睿            ,34000,166000,-132000,0,0,0,0,0,0,0,0,0,0,0,0,0,-132000
061272,超眾凱基9A購03  ,0,0,0,0,0,0,0,0,0,-133000,0,0,0,0,133000,-133000,-133000
060329,鎧勝群益9B購01  ,0,0,0,0,0,0,0,0,0,-133000,0,0,0,61000,194000,-133000,-133000
062061,台勝科統一01購01,0,0,0,0,0,0,0,0,0,-133000,0,0,0,50000,183000,-133000,-133000
057401,晶豪科群益99購01,0,0,0,0,0,0,0,0,0,-133000,0,0,0,0,133000,-133000,-133000
3003,健和興          ,78000,221000,-143000,0,0,0,0,0,0,10000,1000,1000,0,15000,5000,10000,-133000
062407,同欣電永豐9B購01,0,0,0,0,0,0,0,0,0,-134000,0,0,0,0,134000,-134000,-134000
060046,S&P反1凱基99購02,0,0,0,0,0,0,0,0,0,-134000,0,0,0,16000,150000,-134000,-134000
059274,國巨元大99購22  ,0,0,0,0,0,0,0,0,0,-134000,0,0,0,51000,185000,-134000,-134000
058385,創意中信99購01  ,0,0,0,0,0,0,0,0,0,-134000,0,0,0,10000,144000,-134000,-134000
056151,建準凱基97購01  ,0,0,0,0,0,0,0,0,0,-134000,0,0,0,6000,140000,-134000,-134000
1709,和益            ,54000,188000,-134000,0,0,0,0,0,0,0,0,0,0,0,0,0,-134000
061646,力成元大9A購02  ,0,0,0,0,0,0,0,0,0,-135000,0,0,0,20000,155000,-135000,-135000
051536,玉晶光國票97購01,0,0,0,0,0,0,0,0,0,-135000,0,0,0,75000,210000,-135000,-135000
058444,國巨富邦9B購01  ,0,0,0,0,0,0,0,0,0,-135000,0,0,0,151000,286000,-135000,-135000
056209,超眾永豐97購02  ,0,0,0,0,0,0,0,0,0,-135000,0,0,0,36000,171000,-135000,-135000
3033,威健            ,5000,139000,-134000,0,0,0,0,0,0,-1000,0,1000,-1000,0,0,0,-135000
047410,上銀元富96購01  ,0,0,0,0,0,0,0,0,0,-136000,0,0,0,0,136000,-136000,-136000
00703,台新MSCI中國    ,0,0,0,0,0,0,0,0,0,-136000,0,0,0,99000,235000,-136000,-136000
057299,立積永豐98購02  ,0,0,0,0,0,0,0,0,0,-136000,0,0,0,54000,190000,-136000,-136000
2351,順德            ,143000,278000,-135000,0,0,0,0,0,0,-1000,0,1000,-1000,0,0,0,-136000
057720,日電貿元富98購01,0,0,0,0,0,0,0,0,0,-137000,0,0,0,93000,230000,-137000,-137000
051985,智邦元大95購05  ,0,0,0,0,0,0,0,0,0,-138000,0,0,0,2000,140000,-138000,-138000
057061,華擎國泰9A購01  ,0,0,0,0,0,0,0,0,0,-138000,0,0,0,562000,700000,-138000,-138000
056480,京鼎元大98購02  ,0,0,0,0,0,0,0,0,0,-138000,0,0,0,0,138000,-138000,-138000
07804P,美律永豐9A售02  ,0,0,0,0,0,0,0,0,0,-138000,0,0,0,0,138000,-138000,-138000
06967P,台郡台新99售02  ,0,0,0,0,0,0,0,0,0,-138000,0,0,0,0,138000,-138000,-138000
061974,光寶科元大9B購01,0,0,0,0,0,0,0,0,0,-139000,0,0,0,15000,154000,-139000,-139000
055287,日電貿元大97購01,0,0,0,0,0,0,0,0,0,-139000,0,0,0,80000,219000,-139000,-139000
07694P,超眾元大9A售05  ,0,0,0,0,0,0,0,0,0,-139000,0,0,0,50000,189000,-139000,-139000
2015,豐興            ,54000,193000,-139000,0,0,0,0,0,0,0,0,0,0,0,0,0,-139000
062172,南六永豐9B購01  ,0,0,0,0,0,0,0,0,0,-140000,0,0,0,0,140000,-140000,-140000
060313,淘帝永豐9A購01  ,0,0,0,0,0,0,0,0,0,-140000,0,0,0,2000,142000,-140000,-140000
052727,仁寶元富96購01  ,0,0,0,0,0,0,0,0,0,-140000,0,0,0,150000,290000,-140000,-140000
050983,新光金國泰97購01,0,0,0,0,0,0,0,0,0,-140000,0,0,0,0,140000,-140000,-140000
055080,正崴中信99購01  ,0,0,0,0,0,0,0,0,0,-140000,0,0,0,0,140000,-140000,-140000
057659,台表科兆豐98購01,0,0,0,0,0,0,0,0,0,-140000,0,0,0,285000,425000,-140000,-140000
2530,華建            ,8000,148000,-140000,0,0,0,0,0,0,0,0,0,0,0,0,0,-140000
07685P,玉晶光凱基9B售03,0,0,0,0,0,0,0,0,0,-140000,0,0,0,0,140000,-140000,-140000
6278,台表科          ,1063000,1419000,-356000,0,0,0,192000,30000,162000,54000,106000,180000,-74000,180000,52000,128000,-140000
060900,超眾凱基9B購01  ,0,0,0,0,0,0,0,0,0,-141000,0,0,0,0,141000,-141000,-141000
06212P,華新科元大97售11,0,0,0,0,0,0,0,0,0,-141000,0,0,0,50000,191000,-141000,-141000
061457,TPK凱基9A購01   ,0,0,0,0,0,0,0,0,0,-141000,0,0,0,284000,425000,-141000,-141000
058610,欣興元大99購05  ,0,0,0,0,0,0,0,0,0,-141000,0,0,0,26000,167000,-141000,-141000
00648R,元大S&P500反1   ,0,0,0,0,0,0,0,0,0,-141000,0,0,0,485000,626000,-141000,-141000
3312,弘憶股          ,23000,163000,-140000,0,0,0,0,0,0,-1000,0,1000,-1000,0,0,0,-141000
4919,新唐            ,100000,245000,-145000,0,0,0,0,0,0,4000,0,0,0,5000,1000,4000,-141000
061636,聯發科元大9A購11,0,0,0,0,0,0,0,0,0,-142000,0,0,0,0,142000,-142000,-142000
060715,日電貿永豐9A購01,0,0,0,0,0,0,0,0,0,-142000,0,0,0,200000,342000,-142000,-142000
053294,聯發科中信9C購01,0,0,0,0,0,0,0,0,0,-142000,0,0,0,60000,202000,-142000,-142000
061168,力成兆豐9A購01  ,0,0,0,0,0,0,0,0,0,-143000,0,0,0,300000,443000,-143000,-143000
055112,晶豪科凱基98購01,0,0,0,0,0,0,0,0,0,-143000,0,0,0,0,143000,-143000,-143000
057744,健策永豐98購02  ,0,0,0,0,0,0,0,0,0,-143000,0,0,0,14000,157000,-143000,-143000
057835,華擎元富9B購01  ,0,0,0,0,0,0,0,0,0,-143000,0,0,0,369000,512000,-143000,-143000
061264,全新凱基9B購01  ,0,0,0,0,0,0,0,0,0,-144000,0,0,0,313000,457000,-144000,-144000
060091,技嘉元大99購03  ,0,0,0,0,0,0,0,0,0,-144000,0,0,0,141000,285000,-144000,-144000
055509,訊芯元大97購03  ,0,0,0,0,0,0,0,0,0,-144000,0,0,0,0,144000,-144000,-144000
046630,京元電元富95購03,0,0,0,0,0,0,0,0,0,-144000,0,0,0,96000,240000,-144000,-144000
056978,技嘉群益99購01  ,0,0,0,0,0,0,0,0,0,-144000,0,0,0,140000,284000,-144000,-144000
057511,健策統一98購02  ,0,0,0,0,0,0,0,0,0,-144000,0,0,0,50000,194000,-144000,-144000
3008,大立光          ,139470,274700,-135230,0,0,0,2000,7000,-5000,-4000,3000,3000,0,0,4000,-4000,-144230
057404,貿聯群益99購01  ,0,0,0,0,0,0,0,0,0,-145000,0,0,0,0,145000,-145000,-145000
056942,昇陽半元富98購01,0,0,0,0,0,0,0,0,0,-145000,0,0,0,0,145000,-145000,-145000
2929,淘帝-KY         ,102000,252000,-150000,0,0,0,0,0,0,5000,0,0,0,5000,0,5000,-145000
08714P,華碩元富01售03  ,0,0,0,0,0,0,0,0,0,-145000,0,0,0,0,145000,-145000,-145000
060376,瑞祺元富9A購01  ,0,0,0,0,0,0,0,0,0,-146000,0,0,0,146000,292000,-146000,-146000
061007,聯詠兆豐9A購01  ,0,0,0,0,0,0,0,0,0,-146000,0,0,0,66000,212000,-146000,-146000
060986,聯發科元大9A購07,0,0,0,0,0,0,0,0,0,-146000,0,0,0,191000,337000,-146000,-146000
061784,聯發科群益9B購02,0,0,0,0,0,0,0,0,0,-146000,0,0,0,4000,150000,-146000,-146000
07800P,華新科國泰9B售04,0,0,0,0,0,0,0,0,0,-146000,0,0,0,0,146000,-146000,-146000
07839P,嘉澤元大9A售04  ,0,0,0,0,0,0,0,0,0,-146000,0,0,0,59000,205000,-146000,-146000
6605,帝寶            ,29000,175000,-146000,0,0,0,0,0,0,0,0,0,0,0,0,0,-146000
8926,台汽電          ,334000,444000,-110000,0,0,0,0,0,0,-36000,0,0,0,0,36000,-36000,-146000
057886,聯詠群益98購01  ,0,0,0,0,0,0,0,0,0,-147000,0,0,0,1000,148000,-147000,-147000
061609,華新科統一9C購01,0,0,0,0,0,0,0,0,0,-148000,0,0,0,112000,260000,-148000,-148000
060601,技嘉凱基9A購02  ,0,0,0,0,0,0,0,0,0,-148000,0,0,0,83000,231000,-148000,-148000
057408,台郡群益98購01  ,0,0,0,0,0,0,0,0,0,-148000,0,0,0,100000,248000,-148000,-148000
059980,台積電元大99購50,0,0,0,0,0,0,0,0,0,-148000,0,0,0,0,148000,-148000,-148000
07509P,牧德國票9A售03  ,0,0,0,0,0,0,0,0,0,-148000,0,0,0,62000,210000,-148000,-148000
07545P,玉晶光凱基9A售07,0,0,0,0,0,0,0,0,0,-148000,0,0,0,72000,220000,-148000,-148000
4564,元翎            ,36000,185000,-149000,0,0,0,0,0,0,0,0,0,0,0,0,0,-149000
1477,聚陽            ,136000,334619,-198619,0,0,0,80000,0,80000,-31000,0,8000,-8000,0,23000,-23000,-149619
060884,超眾中信9B購01  ,0,0,0,0,0,0,0,0,0,-150000,0,0,0,0,150000,-150000,-150000
060871,台灣50中信01購03,0,0,0,0,0,0,0,0,0,-150000,0,0,0,29000,179000,-150000,-150000
054219,楠梓電統一97購01,0,0,0,0,0,0,0,0,0,-150000,0,0,0,0,150000,-150000,-150000
055470,南亞科凱基97購01,0,0,0,0,0,0,0,0,0,-150000,0,0,0,10000,160000,-150000,-150000
053563,台積電富邦97購01,0,0,0,0,0,0,0,0,0,-150000,0,0,0,0,150000,-150000,-150000
054826,復盛元大9A購01  ,0,0,0,0,0,0,0,0,0,-150000,0,0,0,0,150000,-150000,-150000
055631,創意永豐98購01  ,0,0,0,0,0,0,0,0,0,-150000,0,0,0,56000,206000,-150000,-150000
058244,神達元大99購02  ,0,0,0,0,0,0,0,0,0,-150000,0,0,0,148000,298000,-150000,-150000
057255,聯發科麥證98購02,0,0,0,0,150000,-150000,0,0,0,-150000,0,0,0,0,150000,-150000,-150000
2314,台揚            ,237000,386000,-149000,0,0,0,0,0,0,-1000,0,1000,-1000,0,0,0,-150000
07141P,台灣50國票9A售03,0,0,0,0,0,0,0,0,0,-150000,0,0,0,0,150000,-150000,-150000
9917,中保科          ,114000,264000,-150000,0,0,0,0,0,0,0,0,0,0,0,0,0,-150000
061297,台積電富邦9C購09,0,0,0,0,0,0,0,0,0,-151000,0,0,0,0,151000,-151000,-151000
052847,漢唐統一99購01  ,0,0,0,0,0,0,0,0,0,-151000,0,0,0,115000,266000,-151000,-151000
06338P,亞德客統一97售02,0,0,0,0,0,0,0,0,0,-152000,0,0,0,81000,233000,-152000,-152000
06592P,欣興元大98售04  ,0,0,0,0,0,0,0,0,0,-152000,0,0,0,50000,202000,-152000,-152000
058271,訊連永豐99購01  ,0,0,0,0,0,0,0,0,0,-152000,0,0,0,1000,153000,-152000,-152000
053516,茂林群益96購05  ,0,0,0,0,0,0,0,0,0,-152000,0,0,0,0,152000,-152000,-152000
054786,全新群益99購02  ,0,0,0,0,0,0,0,0,0,-152000,0,0,0,152000,304000,-152000,-152000
062132,神隆群益9B購01  ,0,0,0,0,0,0,0,0,0,-153000,0,0,0,9000,162000,-153000,-153000
061469,瑞祺群益9A購02  ,0,0,0,0,0,0,0,0,0,-153000,0,0,0,0,153000,-153000,-153000
07170P,臺股指國票99售07,0,0,0,0,0,0,0,0,0,-153000,0,0,0,162000,315000,-153000,-153000
2538,基泰            ,12000,165000,-153000,0,0,0,0,0,0,0,0,0,0,0,0,0,-153000
062116,元金2X第一9B購01,0,0,0,0,0,0,0,0,0,-154000,0,0,0,0,154000,-154000,-154000
060294,嘉澤元大9A購01  ,0,0,0,0,0,0,0,0,0,-154000,0,0,0,24000,178000,-154000,-154000
055403,泰鼎元富97購01  ,0,0,0,0,0,0,0,0,0,-154000,0,0,0,121000,275000,-154000,-154000
053519,力成群益96購02  ,0,0,0,0,0,0,0,0,0,-154000,0,0,0,98000,252000,-154000,-154000
059364,昇陽半永豐99購02,0,0,0,0,0,0,0,0,0,-154000,0,0,0,60000,214000,-154000,-154000
057507,貿聯國票98購02  ,0,0,0,0,0,0,0,0,0,-154000,0,0,0,5000,159000,-154000,-154000
06320P,上銀統一97售04  ,0,0,0,0,0,0,0,0,0,-155000,0,0,0,80000,235000,-155000,-155000
061423,廣達元大9A購01  ,0,0,0,0,0,0,0,0,0,-155000,0,0,0,448000,603000,-155000,-155000
057130,全新凱基98購03  ,0,0,0,0,0,0,0,0,0,-155000,0,0,0,5000,160000,-155000,-155000
1795,美時            ,183000,338000,-155000,0,0,0,0,0,0,0,0,0,0,0,0,0,-155000
07103P,南電元大99售04  ,0,0,0,0,0,0,0,0,0,-155000,0,0,0,35000,190000,-155000,-155000
061415,健策群益9A購04  ,0,0,0,0,0,0,0,0,0,-156000,0,0,0,13000,169000,-156000,-156000
060226,道瓊反元大9A購01,0,0,0,0,0,0,0,0,0,-156000,0,0,0,41000,197000,-156000,-156000
053865,欣興元大97購02  ,0,0,0,0,0,0,0,0,0,-156000,0,0,0,49000,205000,-156000,-156000
056127,致新國票98購02  ,0,0,0,0,0,0,0,0,0,-156000,0,0,0,58000,214000,-156000,-156000
3706,神達            ,1842250,2349000,-506750,0,0,0,0,0,0,350000,34000,2000,32000,326000,8000,318000,-156750
020015,統一MSCI美低波N ,0,0,0,0,0,0,0,0,0,-157000,0,0,0,10000,167000,-157000,-157000
060246,晶相光元大9C購03,0,0,0,0,0,0,0,0,0,-158000,0,0,0,1000,159000,-158000,-158000
060654,大毅群益9B購01  ,0,0,0,0,0,0,0,0,0,-158000,0,0,0,2000,160000,-158000,-158000
060899,超眾凱基9A購01  ,0,0,0,0,0,0,0,0,0,-158000,0,0,0,0,158000,-158000,-158000
059124,台積電第一03購01,0,0,0,0,0,0,0,0,0,-158000,0,0,0,136000,294000,-158000,-158000
058159,健策台新9A購01  ,0,0,0,0,0,0,0,0,0,-158000,0,0,0,4000,162000,-158000,-158000
050099,台積電永昌96購01,0,0,0,0,0,0,0,0,0,-159000,0,0,0,90000,249000,-159000,-159000
054228,貿聯元富96購03  ,0,0,0,0,0,0,0,0,0,-159000,0,0,0,0,159000,-159000,-159000
053871,臻鼎元大96購03  ,0,0,0,0,0,0,0,0,0,-159000,0,0,0,41000,200000,-159000,-159000
05884P,旺宏統一96售01  ,0,0,0,0,0,0,0,0,0,-159000,0,0,0,0,159000,-159000,-159000
060288,群光元大9C購01  ,0,0,0,0,0,0,0,0,0,-160000,0,0,0,47000,207000,-160000,-160000
06208P,台郡凱基97售03  ,0,0,0,0,0,0,0,0,0,-160000,0,0,0,22000,182000,-160000,-160000
055556,奇力新凱基98購03,0,0,0,0,0,0,0,0,0,-160000,0,0,0,0,160000,-160000,-160000
059676,台積電台新99購05,0,0,0,0,0,0,0,0,0,-160000,0,0,0,0,160000,-160000,-160000
056321,創意群益98購02  ,0,0,0,0,0,0,0,0,0,-160000,0,0,0,10000,170000,-160000,-160000
058379,臺股指凱基99購14,0,0,0,0,0,0,0,0,0,-160000,0,0,0,0,160000,-160000,-160000
056012,勤誠中信99購01  ,0,0,0,0,0,0,0,0,0,-160000,0,0,0,0,160000,-160000,-160000
07472P,和碩元大9A售03  ,0,0,0,0,0,0,0,0,0,-160000,0,0,0,0,160000,-160000,-160000
3010,華立            ,19000,178000,-159000,0,0,0,0,0,0,-1000,0,1000,-1000,0,0,0,-160000
054640,健策中信9B購01  ,0,0,0,0,0,0,0,0,0,-161000,0,0,0,0,161000,-161000,-161000
00717,富邦美國特別股  ,1000,178000,-177000,0,0,0,0,0,0,14843,0,0,0,585000,570157,14843,-162157
060215,柏文康和9A購01  ,0,0,0,0,0,0,0,0,0,-163000,0,0,0,5000,168000,-163000,-163000
060959,金像電凱基9A購01,0,0,0,0,0,0,0,0,0,-163000,0,0,0,424000,587000,-163000,-163000
052986,聯發科元大97購05,0,0,0,0,0,0,0,0,0,-163000,0,0,0,337000,500000,-163000,-163000
056532,技嘉凱基98購01  ,0,0,0,0,0,0,0,0,0,-163000,0,0,0,24000,187000,-163000,-163000
2441,超豐            ,117000,289000,-172000,0,0,0,0,0,0,9000,10000,1000,9000,0,0,0,-163000
4725,信昌化          ,58000,221000,-163000,0,0,0,0,0,0,0,0,0,0,0,0,0,-163000
6206,飛捷            ,28000,191000,-163000,0,0,0,0,0,0,0,0,0,0,0,0,0,-163000
061451,南電中信9A購03  ,0,0,0,0,0,0,0,0,0,-164000,0,0,0,364000,528000,-164000,-164000
062009,聯發科國泰01購01,0,0,0,0,0,0,0,0,0,-164000,0,0,0,41000,205000,-164000,-164000
6288,聯嘉            ,253000,418000,-165000,0,0,0,0,0,0,1000,1000,0,1000,0,0,0,-164000
1604,聲寶            ,13000,177000,-164000,0,0,0,0,0,0,0,0,0,0,0,0,0,-164000
06506P,台郡國票99售02  ,0,0,0,0,0,0,0,0,0,-165000,0,0,0,0,165000,-165000,-165000
054915,興勤凱基97購01  ,0,0,0,0,0,0,0,0,0,-165000,0,0,0,20000,185000,-165000,-165000
058909,神達元大99購03  ,0,0,0,0,0,0,0,0,0,-165000,0,0,0,27000,192000,-165000,-165000
059074,元油2X元大9C購15,0,0,0,0,0,0,0,0,0,-165000,0,0,0,8000,173000,-165000,-165000
2228,劍麟            ,50000,217000,-167000,0,0,0,0,0,0,0,0,0,0,0,0,0,-167000
058345,台光電群益99購03,0,0,0,0,0,0,0,0,0,-168000,0,0,0,36000,204000,-168000,-168000
059038,健策群益9A購02  ,0,0,0,0,0,0,0,0,0,-168000,0,0,0,55000,223000,-168000,-168000
057046,奇力新元大99購03,0,0,0,0,0,0,0,0,0,-168000,0,0,0,0,168000,-168000,-168000
057201,華擎元富98購01  ,0,0,0,0,0,0,0,0,0,-168000,0,0,0,121000,289000,-168000,-168000
07950P,智邦元大9B售04  ,0,0,0,0,0,0,0,0,0,-168000,0,0,0,0,168000,-168000,-168000
061090,奇力新統一9C購01,0,0,0,0,0,0,0,0,0,-169000,0,0,0,74000,243000,-169000,-169000
1789,神隆            ,813000,1062000,-249000,0,0,0,0,0,0,80000,0,0,0,105000,25000,80000,-169000
2360,致茂            ,528835,674000,-145165,0,0,0,0,0,0,-24000,0,1000,-1000,1000,24000,-23000,-169165
061066,嘉晶凱基9B購01  ,0,0,0,0,0,0,0,0,0,-170000,0,0,0,92000,262000,-170000,-170000
060227,和大元大9A購01  ,0,0,0,0,0,0,0,0,0,-170000,0,0,0,73000,243000,-170000,-170000
057616,聯電凱基99購01  ,0,0,0,0,0,0,0,0,0,-170000,0,0,0,30000,200000,-170000,-170000
1902,台紙            ,27000,197000,-170000,0,0,0,0,0,0,0,0,0,0,0,0,0,-170000
06169P,華新科元富97售02,0,0,0,0,0,0,0,0,0,-171000,0,0,0,0,171000,-171000,-171000
050892,聯電元大96購02  ,0,0,0,0,0,0,0,0,0,-171000,0,0,0,0,171000,-171000,-171000
05783P,嘉澤元富96售01  ,0,0,0,0,0,0,0,0,0,-171000,0,0,0,191000,362000,-171000,-171000
6141,柏承            ,74000,245000,-171000,0,0,0,0,0,0,0,0,0,0,0,0,0,-171000
4961,天鈺            ,24000,195000,-171000,0,0,0,0,0,0,0,0,0,0,0,0,0,-171000
3376,新日興          ,666000,553000,113000,0,0,0,0,75000,-75000,-209000,11000,92000,-81000,24000,152000,-128000,-171000
2010,春源            ,3000,174801,-171801,0,0,0,0,0,0,0,0,0,0,0,0,0,-171801
061476,大毅元大9A購02  ,0,0,0,0,0,0,0,0,0,-172000,0,0,0,0,172000,-172000,-172000
059469,智邦元大99購03  ,0,0,0,0,0,0,0,0,0,-172000,0,0,0,40000,212000,-172000,-172000
2484,希華            ,524000,696000,-172000,0,0,0,0,0,0,0,0,0,0,0,0,0,-172000
4960,誠美材          ,96000,267000,-171000,0,0,0,0,0,0,-1000,0,1000,-1000,0,0,0,-172000
4942,嘉彰            ,8000,179000,-171000,0,0,0,0,0,0,-1000,0,1000,-1000,0,0,0,-172000
058210,臺股指凱基9C購04,0,0,0,0,0,0,0,0,0,-173000,0,0,0,0,173000,-173000,-173000
2849,安泰銀          ,5000,178000,-173000,0,0,0,0,0,0,0,0,0,0,0,0,0,-173000
055420,欣興永豐98購01  ,0,0,0,0,0,0,0,0,0,-174000,0,0,0,0,174000,-174000,-174000
057816,欣興元大98購13  ,0,0,0,0,0,0,0,0,0,-174000,0,0,0,50000,224000,-174000,-174000
057991,健策統一9C購01  ,0,0,0,0,0,0,0,0,0,-174000,0,0,0,39000,213000,-174000,-174000
9940,信義            ,1000,179000,-178000,0,0,0,0,0,0,4000,4000,0,4000,0,0,0,-174000
061520,健策中信9A購01  ,0,0,0,0,0,0,0,0,0,-175000,0,0,0,0,175000,-175000,-175000
062213,和大統一9B購02  ,0,0,0,0,0,0,0,0,0,-175000,0,0,0,0,175000,-175000,-175000
060051,台積電凱基9B購01,0,0,0,0,0,0,0,0,0,-175000,0,0,0,0,175000,-175000,-175000
056187,京鼎統一97購01  ,0,0,0,0,0,0,0,0,0,-175000,0,0,0,60000,235000,-175000,-175000
059832,超眾康和99購01  ,0,0,0,0,0,0,0,0,0,-175000,0,0,0,3000,178000,-175000,-175000
2850,新產            ,3000,178000,-175000,0,0,0,0,0,0,0,0,0,0,0,0,0,-175000
1464,得力            ,86000,261000,-175000,0,0,0,0,0,0,0,0,0,0,0,0,0,-175000
05440P,緯穎國票96售02  ,0,0,0,0,0,0,0,0,0,-176000,0,0,0,0,176000,-176000,-176000
059873,華新科凱基99購09,0,0,0,0,0,0,0,0,0,-176000,0,0,0,0,176000,-176000,-176000
058790,楠梓電元大99購03,0,0,0,0,0,0,0,0,0,-176000,0,0,0,34000,210000,-176000,-176000
1522,堤維西          ,28000,204000,-176000,0,0,0,0,0,0,0,0,0,0,0,0,0,-176000
060208,卜蜂康和9A購01  ,0,0,0,0,0,0,0,0,0,-177000,0,0,0,15000,192000,-177000,-177000
057407,超眾群益99購01  ,0,0,0,0,0,0,0,0,0,-177000,0,0,0,0,177000,-177000,-177000
062202,國巨國票9C購04  ,0,0,0,0,0,0,0,0,0,-178000,0,0,0,121000,299000,-178000,-178000
3406,玉晶光          ,314000,654000,-340000,0,0,0,272000,0,272000,-110000,107000,154000,-47000,41000,104000,-63000,-178000
06702P,智邦元富98售01  ,0,0,0,0,0,0,0,0,0,-179000,0,0,0,257000,436000,-179000,-179000
061927,玉晶光凱基9C購01,0,0,0,0,0,0,0,0,0,-179000,0,0,0,16000,195000,-179000,-179000
060306,台肥永豐9A購01  ,0,0,0,0,0,0,0,0,0,-179000,0,0,0,231000,410000,-179000,-179000
052094,瀚宇博元大96購02,0,0,0,0,0,0,0,0,0,-179000,0,0,0,79000,258000,-179000,-179000
07420P,可成元大99售07  ,0,0,0,0,0,0,0,0,0,-179000,0,0,0,31000,210000,-179000,-179000
052546,友達中信98購01  ,0,0,0,0,0,0,0,0,0,-180000,0,0,0,53000,233000,-180000,-180000
059173,矽力凱基99購01  ,0,0,0,0,0,0,0,0,0,-180000,0,0,0,0,180000,-180000,-180000
056335,微星凱基98購01  ,0,0,0,0,0,0,0,0,0,-180000,0,0,0,120000,300000,-180000,-180000
8404,百和興業-KY     ,25000,205000,-180000,0,0,0,0,0,0,0,0,0,0,0,0,0,-180000
060942,智邦國票9A購02  ,0,0,0,0,0,0,0,0,0,-181000,0,0,0,77000,258000,-181000,-181000
061447,鴻海中信04購02  ,0,0,0,0,0,0,0,0,0,-181000,0,0,0,4000,185000,-181000,-181000
062406,臻鼎永豐9B購01  ,0,0,0,0,0,0,0,0,0,-181000,0,0,0,0,181000,-181000,-181000
055686,致伸凱基97購02  ,0,0,0,0,0,0,0,0,0,-181000,0,0,0,0,181000,-181000,-181000
058646,聯茂富邦9A購01  ,0,0,0,0,0,0,0,0,0,-181000,0,0,0,31000,212000,-181000,-181000
061792,和大永豐9B購01  ,0,0,0,0,0,0,0,0,0,-182000,0,0,0,0,182000,-182000,-182000
058510,全新元大9B購02  ,0,0,0,0,0,0,0,0,0,-183000,0,0,0,60000,243000,-183000,-183000
6668,中揚光          ,72000,255000,-183000,0,0,0,0,0,0,0,0,0,0,0,0,0,-183000
061708,同欣電國票9A購02,0,0,0,0,0,0,0,0,0,-184000,0,0,0,52000,236000,-184000,-184000
049007,玉晶光中信96購01,0,0,0,0,0,0,0,0,0,-184000,0,0,0,219000,403000,-184000,-184000
9935,慶豐富          ,101000,285000,-184000,0,0,0,0,0,0,0,0,0,0,0,0,0,-184000
07731P,臺股指凱基9A售28,0,0,0,0,0,0,0,0,0,-184000,0,0,0,254000,438000,-184000,-184000
2362,藍天            ,62000,241000,-179000,0,0,0,0,0,0,-5000,0,1000,-1000,0,4000,-4000,-184000
061625,聯茂群益9A購02  ,0,0,0,0,0,0,0,0,0,-185000,0,0,0,266000,451000,-185000,-185000
062162,世紀鋼凱基9B購03,0,0,0,0,0,0,0,0,0,-185000,0,0,0,1000,186000,-185000,-185000
06369P,台積電凱基97售16,0,0,0,0,0,0,0,0,0,-185000,0,0,0,0,185000,-185000,-185000
054771,茂林國票98購02  ,0,0,0,0,0,0,0,0,0,-185000,0,0,0,24000,209000,-185000,-185000
059939,技嘉永豐99購01  ,0,0,0,0,0,0,0,0,0,-185000,0,0,0,59000,244000,-185000,-185000
3563,牧德            ,176000,325000,-149000,0,0,0,20000,0,20000,-56000,21000,34000,-13000,8000,51000,-43000,-185000
9802,鈺齊-KY         ,290000,259000,31000,0,0,0,0,219000,-219000,2000,0,0,0,3000,1000,2000,-186000
07653P,華新科群益9A售05,0,0,0,0,0,0,0,0,0,-186000,0,0,0,1000,187000,-186000,-186000
060911,大毅元大9A購01  ,0,0,0,0,0,0,0,0,0,-187000,0,0,0,1000,188000,-187000,-187000
061124,微星永豐9A購02  ,0,0,0,0,0,0,0,0,0,-187000,0,0,0,227000,414000,-187000,-187000
053331,玉晶光永豐97購02,0,0,0,0,0,0,0,0,0,-187000,0,0,0,40000,227000,-187000,-187000
060679,聯詠元大9A購04  ,0,0,0,0,0,0,0,0,0,-188000,0,0,0,10000,198000,-188000,-188000
056164,聯茂凱基98購03  ,0,0,0,0,0,0,0,0,0,-188000,0,0,0,22000,210000,-188000,-188000
5434,崇越            ,148000,292000,-144000,0,0,0,0,0,0,-44000,7000,50000,-43000,0,1000,-1000,-188000
060696,道瓊反國泰9C購01,0,0,0,0,0,0,0,0,0,-189000,0,0,0,10000,199000,-189000,-189000
04838P,宏達電元大95售02,0,0,0,0,0,0,0,0,0,-189000,0,0,0,11000,200000,-189000,-189000
059992,S&P正2元富9B購04,0,0,0,0,0,0,0,0,0,-189000,0,0,0,2000,191000,-189000,-189000
6108,競國            ,39000,228000,-189000,0,0,0,0,0,0,0,0,0,0,0,0,0,-189000
1707,葡萄王          ,98000,277000,-179000,0,0,0,0,0,0,-10000,0,8000,-8000,0,2000,-2000,-189000
060660,國巨凱基9B購04  ,0,0,0,0,0,0,0,0,0,-190000,0,0,0,49000,239000,-190000,-190000
062134,國巨群益9B購04  ,0,0,0,0,0,0,0,0,0,-190000,0,0,0,337000,527000,-190000,-190000
048007,明基材元大96購01,0,0,0,0,0,0,0,0,0,-190000,0,0,0,10000,200000,-190000,-190000
055060,聯陽永豐97購01  ,0,0,0,0,0,0,0,0,0,-190000,0,0,0,65000,255000,-190000,-190000
05565P,鎧勝元大96售01  ,0,0,0,0,0,0,0,0,0,-190000,0,0,0,20000,210000,-190000,-190000
061366,台勝科國票9A購01,0,0,0,0,0,0,0,0,0,-191000,0,0,0,20000,211000,-191000,-191000
00650L,FH香港正2       ,0,19000,-19000,0,0,0,0,0,0,-172000,0,0,0,86000,258000,-172000,-191000
053107,旺宏兆豐97購01  ,0,0,0,0,0,0,0,0,0,-191000,0,0,0,29000,220000,-191000,-191000
057651,矽力元大98購03  ,0,0,0,0,0,0,0,0,0,-191000,0,0,0,36000,227000,-191000,-191000
1417,嘉裕            ,35000,226000,-191000,0,0,0,0,0,0,0,0,0,0,0,0,0,-191000
07252P,台灣50凱基99售01,0,0,0,0,0,0,0,0,0,-191000,0,0,0,3000,194000,-191000,-191000
06980P,緯穎永豐99售02  ,0,0,0,0,0,0,0,0,0,-191000,0,0,0,0,191000,-191000,-191000
4536,拓凱            ,43000,256000,-213000,0,0,0,10000,0,10000,12000,0,0,0,12000,0,12000,-191000
1467,南緯            ,58000,251000,-193000,0,0,0,0,0,0,0,0,0,0,0,0,0,-193000
2820,華票            ,21000,214000,-193000,0,0,0,0,0,0,0,0,0,0,0,0,0,-193000
062194,遠東新中信9C購01,0,0,0,0,0,0,0,0,0,-194000,0,0,0,0,194000,-194000,-194000
2836,高雄銀          ,23000,217000,-194000,0,0,0,0,0,0,0,0,0,0,0,0,0,-194000
07130P,台郡元大9B售01  ,0,0,0,0,0,0,0,0,0,-195000,0,0,0,1000,196000,-195000,-195000
060915,旭富元大9A購01  ,0,0,0,0,0,0,0,0,0,-196000,0,0,0,48000,244000,-196000,-196000
058836,FBVIX中信03購05 ,0,0,0,0,0,0,0,0,0,-196000,0,0,0,17000,213000,-196000,-196000
059450,和大永豐99購01  ,0,0,0,0,0,0,0,0,0,-196000,0,0,0,0,196000,-196000,-196000
07389P,臺股指群益9C售08,0,0,0,0,0,0,0,0,0,-196000,0,0,0,4000,200000,-196000,-196000
060230,台積電元大9A購07,0,0,0,0,0,0,0,0,0,-197000,0,0,0,73000,270000,-197000,-197000
059343,宏達電凱基99購04,0,0,0,0,0,0,0,0,0,-197000,0,0,0,35000,232000,-197000,-197000
2107,厚生            ,30000,221000,-191000,0,0,0,0,0,0,-6000,0,6000,-6000,0,0,0,-197000
055288,日電貿元大97購02,0,0,0,0,0,0,0,0,0,-198000,0,0,0,29000,227000,-198000,-198000
3673,TPK-KY          ,487000,735000,-248000,0,0,0,0,0,0,50000,2000,19000,-17000,73000,6000,67000,-198000
061077,國巨兆豐9B購01  ,0,0,0,0,0,0,0,0,0,-199000,0,0,0,238000,437000,-199000,-199000
02001L,富邦蘋果正二N   ,0,0,0,0,0,0,0,0,0,-199000,0,0,0,0,199000,-199000,-199000
055579,健策統一9A購01  ,0,0,0,0,0,0,0,0,0,-199000,0,0,0,332000,531000,-199000,-199000
062197,聯發科中信01購03,0,0,0,0,0,0,0,0,0,-200000,0,0,0,0,200000,-200000,-200000
061924,聯發科凱基9C購01,0,0,0,0,0,0,0,0,0,-200000,0,0,0,0,200000,-200000,-200000
061934,台積電國票9B購06,0,0,0,0,0,0,0,0,0,-200000,0,0,0,0,200000,-200000,-200000
055633,牧德永豐97購02  ,0,0,0,0,0,0,0,0,0,-200000,0,0,0,0,200000,-200000,-200000
05881P,彩晶康和96售01  ,0,0,0,0,0,0,0,0,0,-200000,0,0,0,0,200000,-200000,-200000
07408P,台積電兆豐99售06,0,0,0,0,0,0,0,0,0,-200000,0,0,0,0,200000,-200000,-200000
07648P,祥碩國票9B售01  ,0,0,0,0,0,0,0,0,0,-200000,0,0,0,0,200000,-200000,-200000
061475,漢唐元大9A購01  ,0,0,0,0,0,0,0,0,0,-201000,0,0,0,347000,548000,-201000,-201000
06623P,立積元大98售04  ,0,0,0,0,0,0,0,0,0,-201000,0,0,0,141000,342000,-201000,-201000
058035,旭富永豐98購02  ,0,0,0,0,0,0,0,0,0,-202000,0,0,0,68000,270000,-202000,-202000
2204,中華            ,116000,318000,-202000,0,0,0,0,0,0,0,0,0,0,0,0,0,-202000
062220,台光電統一01購01,0,0,0,0,0,0,0,0,0,-203000,0,0,0,0,203000,-203000,-203000
060901,臺股指凱基9A購13,0,0,0,0,0,0,0,0,0,-203000,0,0,0,0,203000,-203000,-203000
046928,奇鋐富邦97購01  ,0,0,0,0,0,0,0,0,0,-203000,0,0,0,57000,260000,-203000,-203000
059239,台積電凱基99購12,0,0,0,0,0,0,0,0,0,-203000,0,0,0,0,203000,-203000,-203000
07743P,智邦凱基9A售03  ,0,0,0,0,0,0,0,0,0,-203000,0,0,0,154000,357000,-203000,-203000
055178,晶豪科統一97購01,0,0,0,0,0,0,0,0,0,-204000,0,0,0,0,204000,-204000,-204000
062221,奇力新統一01購01,0,0,0,0,0,0,0,0,0,-205000,0,0,0,100000,305000,-205000,-205000
05267P,欣興元大95售08  ,0,0,0,0,0,0,0,0,0,-205000,0,0,0,0,205000,-205000,-205000
2444,兆勁            ,2000,207000,-205000,0,0,0,0,0,0,0,0,0,0,0,0,0,-205000
8131,福懋科          ,35000,236000,-201000,0,0,0,0,0,0,-4000,0,1000,-1000,2000,5000,-3000,-205000
060892,超眾統一9C購01  ,0,0,0,0,0,0,0,0,0,-206000,0,0,0,100000,306000,-206000,-206000
055311,健策群益98購02  ,0,0,0,0,0,0,0,0,0,-206000,0,0,0,16000,222000,-206000,-206000
056166,微星台新97購01  ,0,0,0,0,0,0,0,0,0,-206000,0,0,0,174000,380000,-206000,-206000
1460,宏遠            ,183000,389000,-206000,0,0,0,0,0,0,0,0,0,0,0,0,0,-206000
062288,南六群益9B購01  ,0,0,0,0,0,0,0,0,0,-207000,0,0,0,0,207000,-207000,-207000
053375,鴻海元大96購18  ,0,0,0,0,0,0,0,0,0,-207000,0,0,0,0,207000,-207000,-207000
056320,京鼎群益99購01  ,0,0,0,0,0,0,0,0,0,-207000,0,0,0,20000,227000,-207000,-207000
059856,昇陽半永豐99購03,0,0,0,0,0,0,0,0,0,-207000,0,0,0,48000,255000,-207000,-207000
060245,聯陽元大9C購01  ,0,0,0,0,0,0,0,0,0,-208000,0,0,0,18000,226000,-208000,-208000
054860,台積電群益98購01,0,0,0,0,0,0,0,0,0,-208000,0,0,0,0,208000,-208000,-208000
060804,T50反1群益9A購02,0,0,0,0,0,0,0,0,0,-209000,0,0,0,60000,269000,-209000,-209000
058231,技嘉元大99購02  ,0,0,0,0,0,0,0,0,0,-209000,0,0,0,73000,282000,-209000,-209000
058613,茂林元大99購03  ,0,0,0,0,0,0,0,0,0,-209000,0,0,0,105000,314000,-209000,-209000
060541,正隆凱基9A購01  ,20000,0,20000,0,0,0,0,0,0,-230000,0,0,0,0,230000,-230000,-210000
052538,和大統一95購02  ,0,0,0,0,0,0,0,0,0,-210000,0,0,0,0,210000,-210000,-210000
048850,聯電群益96購01  ,0,0,0,0,0,0,0,0,0,-210000,0,0,0,0,210000,-210000,-210000
052809,訊芯元大97購01  ,0,0,0,0,0,0,0,0,0,-210000,0,0,0,0,210000,-210000,-210000
6202,盛群            ,196000,410000,-214000,0,0,0,0,0,0,4000,0,0,0,4000,0,4000,-210000
061661,京鼎永豐9A購02  ,0,0,0,0,0,0,0,0,0,-211000,0,0,0,0,211000,-211000,-211000
06780P,義隆元大98售02  ,0,0,0,0,0,0,0,0,0,-212000,0,0,0,211000,423000,-212000,-212000
061078,台積電兆豐9A購01,0,0,0,0,0,0,0,0,0,-212000,0,0,0,11000,223000,-212000,-212000
057092,健策元富98購01  ,0,0,0,0,0,0,0,0,0,-212000,0,0,0,113000,325000,-212000,-212000
061085,聯茂兆豐9A購01  ,0,0,0,0,0,0,0,0,0,-213000,0,0,0,342000,555000,-213000,-213000
060128,健策永豐99購06  ,0,0,0,0,0,0,0,0,0,-213000,0,0,0,12000,225000,-213000,-213000
054016,嘉晶永豐96購04  ,0,0,0,0,0,0,0,0,0,-213000,0,0,0,0,213000,-213000,-213000
057875,京鼎元大98購03  ,0,0,0,0,0,0,0,0,0,-213000,0,0,0,22000,235000,-213000,-213000
2461,光群雷          ,307000,520000,-213000,0,0,0,0,0,0,0,0,0,0,0,0,0,-213000
045872,元油2X元富98購03,0,214000,-214000,0,0,0,0,0,0,0,0,0,0,0,0,0,-214000
1447,力鵬            ,12000,226000,-214000,0,0,0,0,0,0,0,0,0,0,0,0,0,-214000
06896P,信邦中信98售01  ,0,0,0,0,0,0,0,0,0,-215000,0,0,0,84000,299000,-215000,-215000
07071P,立積元富99售01  ,0,0,0,0,0,0,0,0,0,-215000,0,0,0,36000,251000,-215000,-215000
055333,晶豪科兆豐97購01,0,0,0,0,0,0,0,0,0,-216000,0,0,0,10000,226000,-216000,-216000
062234,廣達凱基9B購01  ,0,0,0,0,0,0,0,0,0,-217000,0,0,0,40000,257000,-217000,-217000
2328,廣宇            ,273000,482000,-209000,0,0,0,0,0,0,-8000,4000,12000,-8000,0,0,0,-217000
050911,光磊中信98購01  ,0,0,0,0,0,0,0,0,0,-218000,0,0,0,0,218000,-218000,-218000
053973,晶豪科元大96購01,0,0,0,0,0,0,0,0,0,-218000,0,0,0,0,218000,-218000,-218000
055256,日電貿統一99購01,0,0,0,0,0,0,0,0,0,-218000,0,0,0,0,218000,-218000,-218000
2402,毅嘉            ,87000,304000,-217000,0,0,0,0,0,0,-1000,0,1000,-1000,0,0,0,-218000
07055P,景碩群益9A售02  ,0,0,0,0,0,0,0,0,0,-218000,0,0,0,0,218000,-218000,-218000
059882,臺股指凱基9C購06,0,0,0,0,0,0,0,0,0,-219000,0,0,0,78000,297000,-219000,-219000
061613,南六統一9C購01  ,0,0,0,0,0,0,0,0,0,-220000,0,0,0,129000,349000,-220000,-220000
056855,祥碩中信98購02  ,0,0,0,0,0,0,0,0,0,-220000,0,0,0,76000,296000,-220000,-220000
056625,致伸永豐98購01  ,0,0,0,0,0,0,0,0,0,-221000,0,0,0,4000,225000,-221000,-221000
1720,生達            ,302000,518000,-216000,0,0,0,0,0,0,-5000,13000,18000,-5000,0,0,0,-221000
061304,創意永豐9A購02  ,0,0,0,0,0,0,0,0,0,-222000,0,0,0,0,222000,-222000,-222000
060993,健策元大9B購03  ,0,0,0,0,0,0,0,0,0,-222000,0,0,0,80000,302000,-222000,-222000
054673,京鼎國泰98購01  ,0,0,0,0,0,0,0,0,0,-222000,0,0,0,3000,225000,-222000,-222000
1712,興農            ,82000,395000,-313000,0,0,0,0,0,0,90000,90000,0,90000,0,0,0,-223000
5388,中磊            ,211000,410000,-199000,0,0,0,0,0,0,-25000,0,0,0,0,25000,-25000,-224000
912398,友佳-DR         ,0,224000,-224000,0,0,0,0,0,0,0,0,0,0,0,0,0,-224000
061679,健策元大9B購04  ,0,0,0,0,0,0,0,0,0,-225000,0,0,0,22000,247000,-225000,-225000
060373,元金2X元富9A購01,0,0,0,0,0,0,0,0,0,-226000,0,0,0,1000,227000,-226000,-226000
058293,光寶科凱基9A購01,0,0,0,0,0,0,0,0,0,-226000,0,0,0,116000,342000,-226000,-226000
054354,技嘉富邦97購01  ,0,0,0,0,0,0,0,0,0,-226000,0,0,0,965000,1191000,-226000,-226000
07173P,臺股指國票99售10,0,0,0,0,0,0,0,0,0,-226000,0,0,0,370000,596000,-226000,-226000
2405,浩鑫            ,29000,257000,-228000,0,0,0,0,0,0,0,0,0,0,0,0,0,-228000
053095,台光電統一98購01,0,0,0,0,0,0,0,0,0,-229000,0,0,0,28000,257000,-229000,-229000
060083,和大元大99購02  ,0,0,0,0,0,0,0,0,0,-230000,0,0,0,31000,261000,-230000,-230000
057937,神達群益98購02  ,0,0,0,0,0,0,0,0,0,-230000,0,0,0,98000,328000,-230000,-230000
8464,億豐            ,131461,355478,-224017,0,0,0,0,0,0,-6000,0,0,0,0,6000,-6000,-230017
03662C,FBVIX凱基03牛01 ,0,0,0,0,0,0,0,0,0,-231000,0,0,0,4000,235000,-231000,-231000
061477,晶豪科元大9A購01,0,0,0,0,0,0,0,0,0,-232000,0,0,0,120000,352000,-232000,-232000
057940,和大國票99購01  ,0,0,0,0,0,0,0,0,0,-232000,0,0,0,211000,443000,-232000,-232000
05724P,致茂永豐96售01  ,0,0,0,0,0,0,0,0,0,-232000,0,0,0,0,232000,-232000,-232000
5531,鄉林            ,34000,266000,-232000,0,0,0,0,0,0,0,0,0,0,0,0,0,-232000
060956,超眾群益9A購01  ,0,0,0,0,0,0,0,0,0,-233000,0,0,0,40000,273000,-233000,-233000
061231,聚陽元大9A購02  ,0,0,0,0,0,0,0,0,0,-233000,0,0,0,86000,319000,-233000,-233000
056243,創意群益97購03  ,0,0,0,0,0,0,0,0,0,-233000,0,0,0,0,233000,-233000,-233000
046384,群創凱基98購02  ,0,0,0,0,0,0,0,0,0,-234000,0,0,0,23000,257000,-234000,-234000
053249,致伸國票97購02  ,0,0,0,0,0,0,0,0,0,-235000,0,0,0,0,235000,-235000,-235000
056710,漢唐永豐98購01  ,0,0,0,0,0,0,0,0,0,-235000,0,0,0,87000,322000,-235000,-235000
9934,成霖            ,16000,250000,-234000,0,0,0,0,0,0,-1000,0,1000,-1000,0,0,0,-235000
2031,新光鋼          ,120000,366000,-246000,0,0,0,0,0,0,11000,12000,1000,11000,0,0,0,-235000
07022P,嘉晶永豐99售02  ,0,0,0,0,0,0,0,0,0,-235000,0,0,0,0,235000,-235000,-235000
07669P,華新科元大9A售14,0,0,0,0,0,0,0,0,0,-235000,0,0,0,27000,262000,-235000,-235000
061426,玉晶光元大9A購15,0,0,0,0,0,0,0,0,0,-236000,0,0,0,2000,238000,-236000,-236000
055657,超眾元富97購02  ,0,0,0,0,0,0,0,0,0,-236000,0,0,0,290000,526000,-236000,-236000
06185P,台表科元大97售05,0,0,0,0,0,0,0,0,0,-237000,0,0,0,0,237000,-237000,-237000
1532,勤美            ,48000,285000,-237000,0,0,0,0,0,0,0,0,0,0,0,0,0,-237000
061466,創意群益9A購01  ,0,0,0,0,0,0,0,0,0,-238000,0,0,0,0,238000,-238000,-238000
061111,台表科元大9A購02,0,0,0,0,0,0,0,0,0,-238000,0,0,0,274000,512000,-238000,-238000
061034,晶豪科永豐9A購01,0,0,0,0,0,0,0,0,0,-238000,0,0,0,34000,272000,-238000,-238000
060042,台積電群益99購12,0,0,0,0,0,0,0,0,0,-238000,0,0,0,120000,358000,-238000,-238000
055127,台虹兆豐97購01  ,0,0,0,0,0,0,0,0,0,-238000,0,0,0,69000,307000,-238000,-238000
06743P,創意永豐98售03  ,0,0,0,0,0,0,0,0,0,-239000,0,0,0,82000,321000,-239000,-239000
054198,台積電永昌96購08,0,0,0,0,0,0,0,0,0,-239000,0,0,0,0,239000,-239000,-239000
056227,奇力新凱基98購04,0,0,0,0,0,0,0,0,0,-240000,0,0,0,0,240000,-240000,-240000
058405,訊連元大99購02  ,0,0,0,0,0,0,0,0,0,-241000,0,0,0,8000,249000,-241000,-241000
060436,巨大永豐9A購01  ,0,0,0,0,0,0,0,0,0,-243000,0,0,0,3000,246000,-243000,-243000
3443,創意            ,269000,539053,-270053,0,0,0,0,0,0,27000,14000,14000,0,34000,7000,27000,-243053
056169,鴻海元富97購08  ,0,0,0,0,0,0,0,0,0,-244000,0,0,0,60000,304000,-244000,-244000
3052,夆典            ,25000,269000,-244000,0,0,0,0,0,0,0,0,0,0,0,0,0,-244000
07475P,A50正2群益9C售02,0,0,0,0,0,0,0,0,0,-244000,0,0,0,6000,250000,-244000,-244000
06934P,聯鈞元大98售03  ,0,0,0,0,0,0,0,0,0,-244000,0,0,0,4000,248000,-244000,-244000
5515,建國            ,0,245000,-245000,0,0,0,0,0,0,0,0,0,0,0,0,0,-245000
060406,瑞祺國泰9B購01  ,0,0,0,0,0,0,0,0,0,-246000,0,0,0,248000,494000,-246000,-246000
07553P,嘉晶元大9A售02  ,0,0,0,0,0,0,0,0,0,-246000,0,0,0,63000,309000,-246000,-246000
060411,達新永豐9A購01  ,0,0,0,0,0,0,0,0,0,-247000,0,0,0,0,247000,-247000,-247000
055901,超眾中信97購01  ,0,0,0,0,0,0,0,0,0,-247000,0,0,0,0,247000,-247000,-247000
07576P,可成元大9A售01  ,0,0,0,0,0,0,0,0,0,-247000,0,0,0,0,247000,-247000,-247000
8215,明基材          ,184000,431000,-247000,0,0,0,0,0,0,-1000,0,1000,-1000,0,0,0,-248000
060602,京元電凱基9A購01,0,0,0,0,0,0,0,0,0,-249000,0,0,0,10000,259000,-249000,-249000
053036,聯電凱基98購01  ,0,0,0,0,0,0,0,0,0,-250000,0,0,0,0,250000,-250000,-250000
058515,健鼎元大99購01  ,0,0,0,0,0,0,0,0,0,-250000,0,0,0,47000,297000,-250000,-250000
07171P,臺股指國票99售08,0,0,0,0,0,0,0,0,0,-250000,0,0,0,20000,270000,-250000,-250000
4906,正文            ,292000,499000,-207000,0,0,0,0,0,0,-44000,14000,1000,13000,0,57000,-57000,-251000
060929,健策永豐9A購01  ,0,0,0,0,0,0,0,0,0,-252000,0,0,0,82000,334000,-252000,-252000
057647,欣興元大98購10  ,0,0,0,0,0,0,0,0,0,-252000,0,0,0,33000,285000,-252000,-252000
8021,尖點            ,120000,372000,-252000,0,0,0,0,0,0,0,0,0,0,0,0,0,-252000
07579P,聯茂元大9A售01  ,0,0,0,0,0,0,0,0,0,-253000,0,0,0,160000,413000,-253000,-253000
060578,臺股指中信9C購03,0,0,0,0,0,0,0,0,0,-254000,0,0,0,7000,261000,-254000,-254000
2034,允強            ,25000,279000,-254000,0,0,0,0,0,0,0,0,0,0,0,0,0,-254000
4426,利勤            ,22000,276000,-254000,0,0,0,0,0,0,0,0,0,0,0,0,0,-254000
060640,京鼎永豐9A購01  ,0,0,0,0,0,0,0,0,0,-255000,0,0,0,12000,267000,-255000,-255000
060126,創意永豐99購04  ,0,0,0,0,0,0,0,0,0,-255000,0,0,0,28000,283000,-255000,-255000
6226,光鼎            ,173000,428000,-255000,0,0,0,0,0,0,0,0,0,0,0,0,0,-255000
5225,東科-KY         ,138000,395000,-257000,0,0,0,0,0,0,0,0,0,0,0,0,0,-257000
07951P,智邦元大9B售05  ,0,0,0,0,0,0,0,0,0,-257000,0,0,0,0,257000,-257000,-257000
054943,群光元大97購01  ,0,0,0,0,0,0,0,0,0,-258000,0,0,0,24000,282000,-258000,-258000
07711P,世芯元大9A售07  ,0,0,0,0,0,0,0,0,0,-259000,0,0,0,0,259000,-259000,-259000
053396,漢唐中信9A購01  ,0,0,0,0,0,0,0,0,0,-260000,0,0,0,5000,265000,-260000,-260000
07840P,康控元大9A售02  ,0,0,0,0,0,0,0,0,0,-260000,0,0,0,11000,271000,-260000,-260000
2478,大毅            ,713000,983000,-270000,0,0,0,0,0,0,9000,0,0,0,15000,6000,9000,-261000
059176,臺股指凱基99購27,0,0,0,0,0,0,0,0,0,-262000,0,0,0,94000,356000,-262000,-262000
3042,晶技            ,2084000,2260000,-176000,0,0,0,0,450000,-450000,364000,566000,151000,415000,41000,92000,-51000,-262000
2345,智邦            ,3339990,3501907,-161917,0,0,0,0,68000,-68000,-33000,37000,47000,-10000,36000,59000,-23000,-262917
054662,同欣電元大97購02,0,0,0,0,0,0,0,0,0,-263000,0,0,0,45000,308000,-263000,-263000
061253,臺股指群益9A購04,0,0,0,0,0,0,0,0,0,-265000,0,0,0,85000,350000,-265000,-265000
07011P,宏達電凱基99售02,0,0,0,0,0,0,0,0,0,-265000,0,0,0,5000,270000,-265000,-265000
056629,昇陽半永豐98購01,0,0,0,0,0,0,0,0,0,-266000,0,0,0,15000,281000,-266000,-266000
051381,玉晶光群益98購01,0,0,0,0,0,0,0,0,0,-267000,0,0,0,339000,606000,-267000,-267000
054481,鎧勝中信96購01  ,0,0,0,0,0,0,0,0,0,-267000,0,0,0,63000,330000,-267000,-267000
059095,訊芯元大99購01  ,0,0,0,0,0,0,0,0,0,-267000,0,0,0,37000,304000,-267000,-267000
2006,東和鋼鐵        ,185000,327000,-142000,0,0,0,0,0,0,-125000,0,125000,-125000,0,0,0,-267000
053997,健策群益97購02  ,0,0,0,0,0,0,0,0,0,-268000,0,0,0,17000,285000,-268000,-268000
061480,泰碩元大9B購01  ,0,0,0,0,0,0,0,0,0,-269000,0,0,0,20000,289000,-269000,-269000
062039,聯發科凱基9B購07,0,0,0,0,0,0,0,0,0,-270000,0,0,0,0,270000,-270000,-270000
054795,合勤控群益98購01,0,0,0,0,0,0,0,0,0,-270000,0,0,0,60000,330000,-270000,-270000
056787,健鼎群益98購01  ,0,0,0,0,0,0,0,0,0,-271000,0,0,0,5000,276000,-271000,-271000
059940,微星永豐99購01  ,0,0,0,0,0,0,0,0,0,-271000,0,0,0,209000,480000,-271000,-271000
059618,台積電日盛99購01,0,0,0,0,0,0,0,0,0,-271000,0,0,0,113000,384000,-271000,-271000
2375,凱美            ,228000,380000,-152000,0,0,0,0,0,0,-119000,0,1000,-1000,4000,122000,-118000,-271000
2451,創見            ,219000,484000,-265000,0,0,0,0,0,0,-6000,0,1000,-1000,0,5000,-5000,-271000
061886,力山國泰01購01  ,0,0,0,0,0,0,0,0,0,-272000,0,0,0,127000,399000,-272000,-272000
060163,健策永豐9B購01  ,0,0,0,0,0,0,0,0,0,-272000,0,0,0,15000,287000,-272000,-272000
055026,健和興國泰98購01,0,0,0,0,0,0,0,0,0,-272000,0,0,0,0,272000,-272000,-272000
057909,台光電兆豐98購01,0,0,0,0,0,0,0,0,0,-272000,0,0,0,41000,313000,-272000,-272000
060917,台表科國泰9B購01,0,0,0,0,0,0,0,0,0,-274000,0,0,0,203000,477000,-274000,-274000
07597P,臺股指中信01售02,0,0,0,0,0,0,0,0,0,-274000,0,0,0,493000,767000,-274000,-274000
060914,健策元大9A購03  ,0,0,0,0,0,0,0,0,0,-276000,0,0,0,50000,326000,-276000,-276000
06421P,嘉澤統一97售02  ,0,0,0,0,0,0,0,0,0,-276000,0,0,0,100000,376000,-276000,-276000
060907,金像電元大9A購02,0,0,0,0,0,0,0,0,0,-279000,0,0,0,159000,438000,-279000,-279000
1527,鑽全            ,47000,326000,-279000,0,0,0,0,0,0,0,0,0,0,0,0,0,-279000
047004,台積電統一99購01,0,0,0,0,0,0,0,0,0,-280000,0,0,0,18000,298000,-280000,-280000
056389,鴻海富邦99購01  ,0,0,0,0,0,0,0,0,0,-280000,0,0,0,0,280000,-280000,-280000
057149,京鼎國票99購02  ,0,0,0,0,0,0,0,0,0,-280000,0,0,0,62000,342000,-280000,-280000
056605,台積電富邦9B購02,0,0,0,0,0,0,0,0,0,-282000,0,0,0,0,282000,-282000,-282000
06627P,華新科元富99售01,0,0,0,0,0,0,0,0,0,-283000,0,0,0,0,283000,-283000,-283000
05921P,同欣電元大96售06,0,0,0,0,0,0,0,0,0,-284000,0,0,0,25000,309000,-284000,-284000
2617,台航            ,32000,316000,-284000,0,0,0,0,0,0,0,0,0,0,0,0,0,-284000
061607,台表科凱基9B購02,0,0,0,0,0,0,0,0,0,-285000,0,0,0,936000,1221000,-285000,-285000
2206,三陽工業        ,7000,292000,-285000,0,0,0,0,0,0,0,0,0,0,0,0,0,-285000
060284,南港元大01購01  ,0,0,0,0,0,0,0,0,0,-287000,0,0,0,77000,364000,-287000,-287000
060695,同欣電麥證9A購01,0,0,0,223000,497000,-274000,0,0,0,-287000,0,0,0,223000,510000,-287000,-287000
055762,智伸科群益97購01,0,0,0,0,0,0,0,0,0,-288000,0,0,0,10000,298000,-288000,-288000
053860,台積電元大98購03,0,0,0,0,0,0,0,0,0,-288000,0,0,0,0,288000,-288000,-288000
057705,臺股指群益98購05,0,0,0,0,0,0,0,0,0,-288000,0,0,0,11000,299000,-288000,-288000
2106,建大            ,217000,545000,-328000,0,0,0,39000,0,39000,0,0,0,0,0,0,0,-289000
053677,同欣電國泰97購01,0,0,0,0,0,0,0,0,0,-290000,0,0,0,0,290000,-290000,-290000
059975,元金2X元大99購02,0,0,0,0,0,0,0,0,0,-290000,0,0,0,80000,370000,-290000,-290000
056986,超眾群益98購03  ,0,0,0,0,0,0,0,0,0,-290000,0,0,0,203000,493000,-290000,-290000
061140,華擎統一9C購01  ,0,0,0,0,0,0,0,0,0,-291000,0,0,0,20000,311000,-291000,-291000
053118,大立光中信9C購01,0,0,0,0,0,0,0,0,0,-291000,0,0,0,79000,370000,-291000,-291000
2536,宏普            ,161000,452000,-291000,0,0,0,0,0,0,0,0,0,0,0,0,0,-291000
06491P,台積電富邦99售02,0,0,0,0,0,0,0,0,0,-293000,0,0,0,32000,325000,-293000,-293000
062084,台郡元大9B購04  ,0,0,0,0,0,0,0,0,0,-293000,0,0,0,50000,343000,-293000,-293000
056713,華擎永豐98購01  ,0,0,0,0,0,0,0,0,0,-293000,0,0,0,99000,392000,-293000,-293000
061468,神達群益9A購01  ,0,0,0,0,0,0,0,0,0,-294000,0,0,0,3000,297000,-294000,-294000
056954,聯詠富邦9A購01  ,0,0,0,0,0,0,0,0,0,-295000,0,0,0,179000,474000,-295000,-295000
059932,世紀鋼富邦9A購02,0,0,0,0,0,0,0,0,0,-295000,0,0,0,2000,297000,-295000,-295000
057810,技嘉元大98購06  ,0,0,0,0,0,0,0,0,0,-296000,0,0,0,157000,453000,-296000,-296000
056577,玉晶光元大99購06,14000,0,14000,0,0,0,0,0,0,-310000,0,0,0,203000,513000,-310000,-296000
2406,國碩            ,127000,423000,-296000,0,0,0,0,0,0,-1000,0,1000,-1000,0,0,0,-297000
2102,泰豐            ,664000,961000,-297000,0,0,0,0,0,0,0,0,0,0,0,0,0,-297000
057798,貿聯兆豐99購01  ,0,0,0,0,0,0,0,0,0,-299000,0,0,0,89000,388000,-299000,-299000
061395,健策統一9C購02  ,0,0,0,0,0,0,0,0,0,-300000,0,0,0,198000,498000,-300000,-300000
061537,SP黃豆群益9A購02,0,0,0,0,0,0,0,0,0,-300000,0,0,0,0,300000,-300000,-300000
06884P,台郡群益98售03  ,0,0,0,0,0,0,0,0,0,-300000,0,0,0,0,300000,-300000,-300000
051066,台積電國票96購02,0,0,0,0,0,0,0,0,0,-300000,0,0,0,233000,533000,-300000,-300000
054879,大成鋼統一97購01,0,0,0,0,0,0,0,0,0,-300000,0,0,0,300000,600000,-300000,-300000
054636,華通中信97購01  ,0,0,0,0,0,0,0,0,0,-300000,0,0,0,0,300000,-300000,-300000
057505,健策麥證98購01  ,0,0,0,0,300000,-300000,0,0,0,-300000,0,0,0,0,300000,-300000,-300000
056319,智原群益98購02  ,0,0,0,0,0,0,0,0,0,-300000,0,0,0,0,300000,-300000,-300000
051728,道瓊反國票97購01,0,0,0,0,0,0,0,0,0,-301000,0,0,0,4000,305000,-301000,-301000
057335,技嘉國票99購01  ,0,0,0,0,0,0,0,0,0,-301000,0,0,0,29000,330000,-301000,-301000
057598,鴻海群益98購07  ,0,0,0,0,0,0,0,0,0,-301000,0,0,0,4000,305000,-301000,-301000
2383,台光電          ,1458000,1837010,-379010,0,0,0,8000,5000,3000,74000,198000,153000,45000,37000,8000,29000,-302010
061021,聯電國泰9B購01  ,0,0,0,0,0,0,0,0,0,-303000,0,0,0,130000,433000,-303000,-303000
07739P,緯穎永豐9A售01  ,0,0,0,0,0,0,0,0,0,-303000,0,0,0,20000,323000,-303000,-303000
056240,嘉晶群益97購02  ,0,0,0,0,0,0,0,0,0,-304000,0,0,0,116000,420000,-304000,-304000
062284,華擎群益9C購03  ,0,0,0,0,0,0,0,0,0,-308000,0,0,0,8000,316000,-308000,-308000
058522,聯茂元大99購07  ,0,0,0,0,0,0,0,0,0,-308000,0,0,0,462000,770000,-308000,-308000
058182,日電貿國泰9A購01,0,0,0,0,0,0,0,0,0,-308000,0,0,0,0,308000,-308000,-308000
058456,京鼎永豐99購01  ,0,0,0,0,0,0,0,0,0,-308000,0,0,0,0,308000,-308000,-308000
3047,訊舟            ,50000,358000,-308000,0,0,0,0,0,0,0,0,0,0,0,0,0,-308000
061031,神隆永豐9A購02  ,0,0,0,0,0,0,0,0,0,-309000,0,0,0,94000,403000,-309000,-309000
2634,漢翔            ,90000,399000,-309000,0,0,0,0,0,0,0,0,0,0,0,0,0,-309000
061244,和碩兆豐9A購01  ,0,0,0,0,0,0,0,0,0,-310000,0,0,0,96000,406000,-310000,-310000
061796,興勤永豐9B購01  ,0,0,0,0,0,0,0,0,0,-310000,0,0,0,186000,496000,-310000,-310000
055413,全新富邦98購01  ,0,0,0,0,0,0,0,0,0,-310000,0,0,0,0,310000,-310000,-310000
057393,台積電中信02購01,0,0,0,0,0,0,0,0,0,-310000,0,0,0,0,310000,-310000,-310000
061241,晶技兆豐9A購01  ,0,0,0,0,0,0,0,0,0,-311000,0,0,0,280000,591000,-311000,-311000
061146,台表科中信9A購02,200000,0,200000,0,0,0,0,0,0,-513000,0,0,0,95000,608000,-513000,-313000
058999,台積電元大99購24,0,0,0,0,0,0,0,0,0,-313000,0,0,0,199000,512000,-313000,-313000
059796,台積電國票99購10,0,0,0,0,0,0,0,0,0,-314000,0,0,0,37000,351000,-314000,-314000
05564P,玉晶光元大97售02,0,0,0,0,0,0,0,0,0,-315000,0,0,0,0,315000,-315000,-315000
07457P,宏達電元大9A售01,0,0,0,0,0,0,0,0,0,-315000,0,0,0,0,315000,-315000,-315000
061232,和大元大9A購03  ,0,0,0,0,0,0,0,0,0,-316000,0,0,0,4000,320000,-316000,-316000
056583,昇陽半元大98購02,0,0,0,0,0,0,0,0,0,-316000,0,0,0,64000,380000,-316000,-316000
1444,力麗            ,232000,550000,-318000,0,0,0,0,0,0,0,0,0,0,0,0,0,-318000
061651,世紀鋼元大9C購02,0,0,0,0,0,0,0,0,0,-319000,0,0,0,0,319000,-319000,-319000
07670P,茂林元大9A售02  ,0,0,0,0,0,0,0,0,0,-319000,0,0,0,35000,354000,-319000,-319000
07482P,南亞科元富9A售04,0,0,0,0,0,0,0,0,0,-319000,0,0,0,0,319000,-319000,-319000
060976,SP黃豆元大9A購03,0,0,0,0,0,0,0,0,0,-320000,0,0,0,0,320000,-320000,-320000
1201,味全            ,198000,519000,-321000,0,0,0,0,0,0,0,0,0,0,0,0,0,-321000
3703,欣陸            ,60000,381000,-321000,0,0,0,0,0,0,0,0,0,0,0,0,0,-321000
053921,嘉晶國票97購03  ,0,0,0,0,0,0,0,0,0,-324000,0,0,0,188000,512000,-324000,-324000
056677,智伸科元富98購01,0,0,0,0,0,0,0,0,0,-325000,0,0,0,181000,506000,-325000,-325000
8110,華東            ,48000,381000,-333000,0,0,0,0,0,0,7000,8000,1000,7000,0,0,0,-326000
3035,智原            ,157000,318000,-161000,0,0,0,0,150000,-150000,-15000,4000,6000,-2000,2000,15000,-13000,-326000
060283,台肥元大9C購01  ,0,0,0,0,0,0,0,0,0,-327000,0,0,0,199000,526000,-327000,-327000
062017,京鼎永豐9B購01  ,0,0,0,0,0,0,0,0,0,-327000,0,0,0,15000,342000,-327000,-327000
057380,技嘉國泰9A購01  ,0,0,0,0,0,0,0,0,0,-327000,0,0,0,140000,467000,-327000,-327000
2369,菱生            ,289000,615000,-326000,0,0,0,0,0,0,-1000,0,1000,-1000,0,0,0,-327000
058928,國巨統一9C購01  ,0,0,0,0,0,0,0,0,0,-328000,0,0,0,0,328000,-328000,-328000
6669,緯穎            ,399230,749468,-350238,0,0,0,72000,45000,27000,-7000,63000,5000,58000,9000,74000,-65000,-330238
053355,超眾兆豐97購01  ,0,0,0,0,0,0,0,0,0,-331000,0,0,0,61000,392000,-331000,-331000
059004,嘉晶元大99購05  ,0,0,0,0,0,0,0,0,0,-331000,0,0,0,242000,573000,-331000,-331000
07782P,寶成凱基9A售02  ,0,0,0,0,0,0,0,0,0,-332000,0,0,0,0,332000,-332000,-332000
07128P,大毅元大99售04  ,0,0,0,0,0,0,0,0,0,-332000,0,0,0,135000,467000,-332000,-332000
054567,拓凱群益98購01  ,0,0,0,0,0,0,0,0,0,-333000,0,0,0,363000,696000,-333000,-333000
2474,可成            ,1446916,1726846,-279930,0,0,0,0,0,0,-54000,51000,16000,35000,4000,93000,-89000,-333930
057367,技嘉元大98購02  ,0,0,0,0,0,0,0,0,0,-334000,0,0,0,13000,347000,-334000,-334000
2534,宏盛            ,299000,633000,-334000,0,0,0,0,0,0,0,0,0,0,0,0,0,-334000
4414,如興            ,189000,523000,-334000,0,0,0,0,0,0,0,0,0,0,0,0,0,-334000
062062,貿聯統一01購01  ,0,0,0,0,0,0,0,0,0,-336000,0,0,0,0,336000,-336000,-336000
3653,健策            ,414000,814000,-400000,0,0,0,0,58000,-58000,122000,45000,14000,31000,146000,55000,91000,-336000
057391,樺漢永豐98購01  ,0,0,0,0,0,0,0,0,0,-338000,0,0,0,54000,392000,-338000,-338000
060391,華擎群益9C購01  ,0,0,0,0,0,0,0,0,0,-339000,0,0,0,627000,966000,-339000,-339000
061380,巨大永豐9A購02  ,0,0,0,0,0,0,0,0,0,-342000,0,0,0,4000,346000,-342000,-342000
2442,新美齊          ,17000,358000,-341000,0,0,0,0,0,0,-1000,0,1000,-1000,0,0,0,-342000
06622P,牧德元大98售01  ,0,0,0,0,0,0,0,0,0,-345000,0,0,0,0,345000,-345000,-345000
059646,聯茂凱基99購06  ,0,0,0,0,0,0,0,0,0,-345000,0,0,0,42000,387000,-345000,-345000
060302,台積電富邦02購01,0,0,0,0,0,0,0,0,0,-347000,0,0,0,94000,441000,-347000,-347000
9958,世紀鋼          ,541000,877000,-336000,0,0,0,0,0,0,-11000,10000,5000,5000,126000,142000,-16000,-347000
062389,台表科國泰01購01,0,0,0,0,0,0,0,0,0,-348000,0,0,0,0,348000,-348000,-348000
3665,貿聯-KY         ,181000,530000,-349000,0,0,0,15000,0,15000,-15000,0,31000,-31000,25000,9000,16000,-349000
062341,台表科麥證9C購01,0,0,0,0,351000,-351000,0,0,0,-351000,0,0,0,0,351000,-351000,-351000
2457,飛宏            ,67000,418000,-351000,0,0,0,0,0,0,0,0,0,0,0,0,0,-351000
057923,晶豪科凱基98購02,0,0,0,0,0,0,0,0,0,-352000,0,0,0,100000,452000,-352000,-352000
060539,道瓊反凱基9A購01,0,0,0,0,0,0,0,0,0,-355000,0,0,0,40000,395000,-355000,-355000
054217,台表科國票97購05,0,0,0,0,0,0,0,0,0,-355000,0,0,0,1000,356000,-355000,-355000
5215,科嘉-KY         ,525000,211000,314000,0,0,0,0,660000,-660000,-10000,0,10000,-10000,0,0,0,-356000
060746,玉晶光國票9B購02,0,0,0,0,0,0,0,0,0,-357000,0,0,0,791000,1148000,-357000,-357000
3056,總太            ,77000,434000,-357000,0,0,0,0,0,0,0,0,0,0,0,0,0,-357000
060865,創意永豐9A購01  ,0,0,0,0,0,0,0,0,0,-359000,0,0,0,0,359000,-359000,-359000
062110,華擎國票9B購01  ,0,0,0,0,0,0,0,0,0,-359000,0,0,0,325000,684000,-359000,-359000
2349,錸德            ,1847000,2206000,-359000,0,0,0,0,0,0,0,0,0,0,0,0,0,-359000
1608,華榮            ,151000,510000,-359000,0,0,0,0,0,0,0,0,0,0,0,0,0,-359000
056707,鴻海富邦99購03  ,0,0,0,0,0,0,0,0,0,-360000,0,0,0,0,360000,-360000,-360000
07546P,玉晶光凱基9A售09,0,0,0,0,0,0,0,0,0,-360000,0,0,0,420000,780000,-360000,-360000
8105,凌巨            ,72000,432000,-360000,0,0,0,0,0,0,0,0,0,0,0,0,0,-360000
050915,健策中信98購01  ,0,0,0,0,0,0,0,0,0,-361000,0,0,0,146000,507000,-361000,-361000
4934,太極            ,248000,609000,-361000,0,0,0,0,0,0,0,0,0,0,0,0,0,-361000
054859,鴻海群益97購02  ,0,0,0,0,0,0,0,0,0,-362000,0,0,0,0,362000,-362000,-362000
053005,微星永豐96購01  ,0,0,0,0,0,0,0,0,0,-364000,0,0,0,8000,372000,-364000,-364000
00675L,富邦臺灣加權正2 ,141000,302000,-161000,0,0,0,0,0,0,-205000,0,0,0,32000,237000,-205000,-366000
059375,道瓊反群益9C購02,0,0,0,0,0,0,0,0,0,-367000,0,0,0,10000,377000,-367000,-367000
1609,大亞            ,263000,631000,-368000,0,0,0,0,0,0,0,0,0,0,0,0,0,-368000
060916,金像電國泰9C購01,0,0,0,0,0,0,0,0,0,-369000,0,0,0,140000,509000,-369000,-369000
3036,文曄            ,166000,446000,-280000,0,0,0,0,0,0,-89000,0,54000,-54000,0,35000,-35000,-369000
060807,新光金群益9A購01,0,0,0,0,0,0,0,0,0,-371000,0,0,0,42000,413000,-371000,-371000
06015P,大立光富邦98售04,0,0,0,0,0,0,0,0,0,-371000,0,0,0,0,371000,-371000,-371000
07614P,華新科群益9A售04,0,0,0,0,0,0,0,0,0,-372000,0,0,0,3000,375000,-372000,-372000
6552,易華電          ,111000,464000,-353000,0,0,0,0,0,0,-19000,6000,0,6000,0,25000,-25000,-372000
2365,昆盈            ,0,372000,-372000,0,0,0,0,0,0,-1000,0,1000,-1000,0,0,0,-373000
056975,元油2X群益98購03,0,0,0,0,0,0,0,0,0,-374000,0,0,0,0,374000,-374000,-374000
060825,聯詠元大9A購05  ,0,0,0,0,0,0,0,0,0,-376000,0,0,0,170000,546000,-376000,-376000
058514,潤泰全元大99購01,0,0,0,0,0,0,0,0,0,-380000,0,0,0,0,380000,-380000,-380000
1714,和桐            ,405000,786000,-381000,0,0,0,0,0,0,0,0,0,0,0,0,0,-381000
1455,集盛            ,41000,425000,-384000,0,0,0,0,0,0,0,0,0,0,0,0,0,-384000
2332,友訊            ,237000,603000,-366000,0,0,0,0,0,0,-20000,6000,0,6000,1000,27000,-26000,-386000
055091,微星群益97購01  ,0,0,0,0,0,0,0,0,0,-387000,0,0,0,60000,447000,-387000,-387000
061196,世芯永豐9A購06  ,0,0,0,0,0,0,0,0,0,-388000,0,0,0,15000,403000,-388000,-388000
057599,技嘉群益9A購01  ,0,0,0,0,0,0,0,0,0,-388000,0,0,0,104000,492000,-388000,-388000
056283,鴻海永豐97購03  ,0,0,0,0,0,0,0,0,0,-389000,0,0,0,300000,689000,-389000,-389000
05443P,宏達電元大95售05,0,0,0,0,0,0,0,0,0,-390000,0,0,0,1000,391000,-390000,-390000
1701,中化            ,346000,736000,-390000,0,0,0,0,0,0,0,0,0,0,0,0,0,-390000
052113,漢唐中信98購01  ,0,0,0,0,0,0,0,0,0,-391000,0,0,0,44000,435000,-391000,-391000
055271,鴻海元大98購03  ,0,0,0,0,0,0,0,0,0,-394000,0,0,0,64000,458000,-394000,-394000
3704,合勤控          ,205000,486000,-281000,0,0,0,0,0,0,-113000,0,1000,-1000,0,112000,-112000,-394000
6592,和潤企業        ,51000,431000,-380000,0,0,0,0,0,0,-15000,0,0,0,4000,19000,-15000,-395000
2601,益航            ,98000,493000,-395000,0,0,0,0,0,0,0,0,0,0,0,0,0,-395000
061022,健策國泰9B購03  ,0,0,0,0,0,0,0,0,0,-396000,0,0,0,173000,569000,-396000,-396000
3356,奇偶            ,87000,484000,-397000,0,0,0,0,0,0,0,0,0,0,0,0,0,-397000
061372,世紀鋼國泰9C購01,0,0,0,0,0,0,0,0,0,-399000,0,0,0,378000,777000,-399000,-399000
060988,華新科元大9A購12,0,0,0,0,0,0,0,0,0,-401000,0,0,0,16000,417000,-401000,-401000
057955,技嘉元大98購07  ,0,0,0,0,0,0,0,0,0,-402000,0,0,0,323000,725000,-402000,-402000
052700,奇鋐國票97購02  ,0,0,0,0,0,0,0,0,0,-403000,0,0,0,10000,413000,-403000,-403000
07281P,鴻海凱基99售13  ,0,0,0,0,0,0,0,0,0,-403000,0,0,0,100000,503000,-403000,-403000
2547,日勝生          ,25000,429440,-404440,0,0,0,0,0,0,0,0,0,0,0,0,0,-404440
061062,和大凱基9A購02  ,0,0,0,0,0,0,0,0,0,-405000,0,0,0,50000,455000,-405000,-405000
051729,華新國票96購01  ,0,0,0,0,0,0,0,0,0,-405000,0,0,0,0,405000,-405000,-405000
060705,台光電富邦9B購01,0,0,0,0,0,0,0,0,0,-408000,0,0,0,8000,416000,-408000,-408000
061986,晶豪科元大9B購01,0,0,0,0,0,0,0,0,0,-410000,0,0,0,1000,411000,-410000,-410000
6558,興能高          ,293700,704000,-410300,0,0,0,0,0,0,-1000,0,1000,-1000,0,0,0,-411300
6120,達運            ,121000,533000,-412000,0,0,0,0,0,0,-1000,0,1000,-1000,0,0,0,-413000
059268,鎧勝中信01購01  ,0,0,0,0,0,0,0,0,0,-415000,0,0,0,11000,426000,-415000,-415000
07691P,宏達電元大9A售05,0,0,0,0,0,0,0,0,0,-418000,0,0,0,503000,921000,-418000,-418000
07873P,華新科群益9B售03,0,0,0,0,0,0,0,0,0,-419000,0,0,0,0,419000,-419000,-419000
057945,京鼎國票99購03  ,0,0,0,0,0,0,0,0,0,-420000,0,0,0,36000,456000,-420000,-420000
06899P,嘉澤群益98售01  ,0,0,0,0,0,0,0,0,0,-421000,0,0,0,377000,798000,-421000,-421000
060704,台積電富邦01購01,0,0,0,0,0,0,0,0,0,-424000,0,0,0,151000,575000,-424000,-424000
059396,T50反1元富99購04,0,0,0,0,0,0,0,0,0,-424000,0,0,0,228000,652000,-424000,-424000
6504,南六            ,442051,1383000,-940949,0,0,0,315000,0,315000,201000,206000,6000,200000,17000,16000,1000,-424949
9938,百和            ,196000,392561,-196561,0,0,0,0,229000,-229000,0,0,2000,-2000,10000,8000,2000,-425561
059841,國巨富邦9C購01  ,0,0,0,0,0,0,0,0,0,-426000,0,0,0,167000,593000,-426000,-426000
054558,劍麟群益99購01  ,0,0,0,0,0,0,0,0,0,-433000,0,0,0,30000,463000,-433000,-433000
2357,華碩            ,750813,982523,-231710,0,0,0,0,200000,-200000,-3000,0,1000,-1000,0,2000,-2000,-434710
057768,華新科中信9A購01,0,0,0,0,0,0,0,0,0,-437000,0,0,0,3000,440000,-437000,-437000
056638,臺股指日盛98購01,0,0,0,0,0,0,0,0,0,-441000,0,0,0,38000,479000,-441000,-441000
1905,華紙            ,91000,533000,-442000,0,0,0,0,0,0,0,0,0,0,0,0,0,-442000
053573,臺股指統一99購01,0,0,0,0,0,0,0,0,0,-443000,0,0,0,0,443000,-443000,-443000
9910,豐泰            ,906650,1353110,-446460,0,0,0,30000,0,30000,-30000,0,30000,-30000,0,0,0,-446460
2481,強茂            ,424000,704953,-280953,0,0,0,0,0,0,-166000,0,129000,-129000,2000,39000,-37000,-446953
061617,微星群益9A購02  ,0,0,0,0,0,0,0,0,0,-448000,0,0,0,215000,663000,-448000,-448000
055720,宏達電元大97購05,0,0,0,0,0,0,0,0,0,-448000,0,0,0,0,448000,-448000,-448000
3338,泰碩            ,395000,697000,-302000,0,0,0,0,30000,-30000,-116000,48000,108000,-60000,17000,73000,-56000,-448000
1711,永光            ,231000,680000,-449000,0,0,0,0,0,0,0,0,0,0,0,0,0,-449000
060888,金像電統一9C購01,0,0,0,0,0,0,0,0,0,-450000,0,0,0,415000,865000,-450000,-450000
058547,世紀鋼富邦9A購01,0,0,0,0,0,0,0,0,0,-450000,0,0,0,11000,461000,-450000,-450000
3016,嘉晶            ,522000,682000,-160000,0,0,0,0,0,0,-291000,3000,48000,-45000,45000,291000,-246000,-451000
07344P,鴻海富邦9A售03  ,0,0,0,0,0,0,0,0,0,-453000,0,0,0,73000,526000,-453000,-453000
2439,美律            ,248000,727000,-479000,0,0,0,0,0,0,25000,37000,7000,30000,1000,6000,-5000,-454000
1103,嘉泥            ,16000,477000,-461000,0,0,0,0,0,0,0,0,0,0,0,0,0,-461000
4532,瑞智            ,90000,552000,-462000,0,0,0,0,0,0,0,0,0,0,0,0,0,-462000
058670,鴻海群益9A購03  ,0,0,0,0,0,0,0,0,0,-463000,0,0,0,100000,563000,-463000,-463000
060922,金像電永豐9A購01,0,0,0,0,0,0,0,0,0,-466000,0,0,0,41000,507000,-466000,-466000
055741,健策元富97購01  ,0,0,0,0,0,0,0,0,0,-470000,0,0,0,52000,522000,-470000,-470000
07884P,華新科凱基9B售08,0,0,0,0,0,0,0,0,0,-470000,0,0,0,0,470000,-470000,-470000
2897,王道銀行        ,6000,477000,-471000,0,0,0,0,0,0,0,0,0,0,0,0,0,-471000
2607,榮運            ,35000,507000,-472000,0,0,0,0,0,0,0,0,0,0,0,0,0,-472000
4968,立積            ,134000,582000,-448000,0,0,0,0,0,0,-25000,20000,24000,-4000,11000,32000,-21000,-473000
2108,南帝            ,430000,1018000,-588000,0,0,0,0,0,0,110000,110000,0,110000,0,0,0,-478000
058049,帆宣元大98購01  ,0,0,0,0,0,0,0,0,0,-479000,0,0,0,434000,913000,-479000,-479000
2838,聯邦銀          ,38000,519000,-481000,0,0,0,0,0,0,0,0,0,0,0,0,0,-481000
2542,興富發          ,1226335,1697275,-470940,0,0,0,0,0,0,-13000,37000,35000,2000,0,15000,-15000,-483940
06638P,鴻海統一99售02  ,0,0,0,0,0,0,0,0,0,-484000,0,0,0,15000,499000,-484000,-484000
061803,巨大永豐9B購01  ,0,0,0,0,0,0,0,0,0,-485000,0,0,0,0,485000,-485000,-485000
057442,玉晶光統一98購03,0,0,0,0,0,0,0,0,0,-486000,0,0,0,302000,788000,-486000,-486000
057260,微星兆豐98購01  ,0,0,0,0,0,0,0,0,0,-486000,0,0,0,251000,737000,-486000,-486000
061278,和大統一9A購01  ,0,0,0,0,0,0,0,0,0,-487000,0,0,0,43000,530000,-487000,-487000
1217,愛之味          ,160000,647000,-487000,0,0,0,0,0,0,0,0,0,0,0,0,0,-487000
054749,聯茂凱基98購01  ,0,0,0,0,0,0,0,0,0,-489000,0,0,0,3000,492000,-489000,-489000
058145,聯茂元大99購03  ,0,0,0,0,0,0,0,0,0,-491000,0,0,0,28000,519000,-491000,-491000
061798,晶豪科永豐9B購01,0,0,0,0,0,0,0,0,0,-493000,0,0,0,0,493000,-493000,-493000
061639,晶豪科元大9A購02,0,0,0,0,0,0,0,0,0,-493000,0,0,0,25000,518000,-493000,-493000
061953,台積電台新9B購04,0,0,0,0,0,0,0,0,0,-495000,0,0,0,10000,505000,-495000,-495000
5522,遠雄            ,177000,655000,-478000,0,0,0,0,0,0,-17000,11000,28000,-17000,0,0,0,-495000
060456,正隆元大9A購01  ,0,0,0,0,0,0,0,0,0,-496000,0,0,0,3000,499000,-496000,-496000
3189,景碩            ,660000,1067000,-407000,0,0,0,150000,0,150000,-240000,3000,20000,-17000,2000,225000,-223000,-497000
053648,台積電凱基97購04,0,0,0,0,0,0,0,0,0,-505000,0,0,0,14000,519000,-505000,-505000
060243,潤泰全元大9C購02,0,0,0,0,0,0,0,0,0,-506000,0,0,0,0,506000,-506000,-506000
056420,台表科元富98購01,0,0,0,0,0,0,0,0,0,-507000,0,0,0,520000,1027000,-507000,-507000
058861,國巨凱基9A購08  ,0,0,0,0,0,0,0,0,0,-509000,0,0,0,0,509000,-509000,-509000
058055,華擎統一9A購01  ,0,0,0,0,0,0,0,0,0,-510000,0,0,0,1612000,2122000,-510000,-510000
2401,凌陽            ,74000,585000,-511000,0,0,0,0,0,0,0,2000,2000,0,0,0,0,-511000
062400,晶豪科永豐9B購02,0,0,0,0,0,0,0,0,0,-512000,0,0,0,0,512000,-512000,-512000
4943,康控-KY         ,130000,596000,-466000,0,0,0,0,0,0,-47000,1000,0,1000,9000,57000,-48000,-513000
055296,康舒元大97購02  ,0,0,0,0,0,0,0,0,0,-515000,0,0,0,0,515000,-515000,-515000
062108,晶豪科國票9B購01,0,0,0,0,0,0,0,0,0,-518000,0,0,0,80000,598000,-518000,-518000
060628,和大富邦9B購01  ,0,0,0,0,0,0,0,0,0,-519000,0,0,0,10000,529000,-519000,-519000
062126,創意統一9B購01  ,0,0,0,0,0,0,0,0,0,-520000,0,0,0,0,520000,-520000,-520000
061726,台積電麥證9A購05,0,0,0,40000,560000,-520000,0,0,0,-520000,0,0,0,40000,560000,-520000,-520000
053584,友達元大9B購02  ,0,0,0,0,0,0,0,0,0,-520000,0,0,0,171000,691000,-520000,-520000
2511,太子            ,36000,558000,-522000,0,0,0,0,0,0,0,0,0,0,0,0,0,-522000
6269,台郡            ,434000,905778,-471778,0,0,0,17000,0,17000,-68000,142000,222000,-80000,17000,5000,12000,-522778
2905,三商            ,70000,593000,-523000,0,0,0,0,0,0,0,0,0,0,0,0,0,-523000
048383,元金2X國票99購01,0,0,0,0,0,0,0,0,0,-525000,0,0,0,50000,575000,-525000,-525000
059039,致伸群益99購01  ,0,0,0,0,0,0,0,0,0,-529000,0,0,0,0,529000,-529000,-529000
3019,亞光            ,253000,633000,-380000,0,0,0,0,0,0,-149000,34000,142000,-108000,4000,45000,-41000,-529000
00635U,元大S&P黃金     ,0,56000,-56000,0,0,0,0,0,0,-479000,0,0,0,21000,500000,-479000,-535000
6176,瑞儀            ,668000,1042000,-374000,0,0,0,0,170000,-170000,9000,27000,0,27000,4000,22000,-18000,-535000
2501,國建            ,33000,570000,-537000,0,0,0,0,0,0,0,0,0,0,0,0,0,-537000
060856,健策富邦9B購02  ,0,0,0,0,0,0,0,0,0,-538000,0,0,0,177000,715000,-538000,-538000
058996,台達電元大99購02,0,0,0,0,0,0,0,0,0,-542000,0,0,0,34000,576000,-542000,-542000
1736,喬山            ,200000,701000,-501000,0,0,0,0,0,0,-41000,1000,0,1000,3000,45000,-42000,-542000
060631,微星富邦9B購01  ,0,0,0,0,0,0,0,0,0,-547000,0,0,0,1304000,1851000,-547000,-547000
2520,冠德            ,121000,776000,-655000,0,0,0,0,0,0,108000,108000,0,108000,0,0,0,-547000
06067P,華新科康和97售01,0,0,0,0,0,0,0,0,0,-549000,0,0,0,81000,630000,-549000,-549000
057973,神達富邦9A購01  ,0,0,0,0,0,0,0,0,0,-553000,0,0,0,244000,797000,-553000,-553000
2855,統一證          ,60000,613000,-553000,0,0,0,0,0,0,0,0,0,0,0,0,0,-553000
9939,宏全            ,187000,734000,-547000,0,0,0,0,0,0,-8000,16000,20000,-4000,0,4000,-4000,-555000
060608,玉晶光凱基9A購08,0,0,0,0,0,0,0,0,0,-563000,0,0,0,13000,576000,-563000,-563000
060337,FBVIX統一9A購01 ,0,0,0,0,0,0,0,0,0,-563000,0,0,0,0,563000,-563000,-563000
3698,隆達            ,1118000,1540000,-422000,0,0,0,0,0,0,-142000,38000,216000,-178000,36000,0,36000,-564000
059051,和大凱基9A購01  ,0,0,0,0,0,0,0,0,0,-569000,0,0,0,63000,632000,-569000,-569000
6196,帆宣            ,376000,1061000,-685000,0,0,0,0,0,0,114000,111000,25000,86000,157000,129000,28000,-571000
054058,晶豪科國票98購01,0,0,0,0,0,0,0,0,0,-573000,0,0,0,0,573000,-573000,-573000
6213,聯茂            ,931000,1466000,-535000,0,0,0,0,283000,-283000,243065,188000,78103,109897,178168,45000,133168,-574935
060868,致伸永豐9A購01  ,0,0,0,0,0,0,0,0,0,-575000,0,0,0,3000,578000,-575000,-575000
061202,和大元大9A購02  ,0,0,0,0,0,0,0,0,0,-576000,0,0,0,92000,668000,-576000,-576000
2723,美食-KY         ,206000,687000,-481000,0,0,0,0,0,0,-96000,0,21000,-21000,0,75000,-75000,-577000
1907,永豐餘          ,249000,829000,-580000,0,0,0,0,0,0,0,0,0,0,0,0,0,-580000
3062,建漢            ,145000,727000,-582000,0,0,0,0,0,0,-1000,0,1000,-1000,0,0,0,-583000
1304,台聚            ,170000,754000,-584000,0,0,0,0,0,0,0,0,0,0,0,0,0,-584000
058247,聯茂元大99購04  ,0,0,0,0,0,0,0,0,0,-586000,0,0,0,0,586000,-586000,-586000
058156,超眾統一9A購02  ,0,0,0,0,0,0,0,0,0,-587000,0,0,0,170000,757000,-587000,-587000
2498,宏達電          ,547000,1107000,-560000,0,0,0,0,0,0,-27000,8000,34000,-26000,58000,59000,-1000,-587000
2355,敬鵬            ,136000,717000,-581000,0,0,0,0,0,0,-6000,2000,8000,-6000,0,0,0,-587000
058771,神達兆豐99購01  ,0,0,0,0,0,0,0,0,0,-589000,0,0,0,63000,652000,-589000,-589000
061532,和大統一9C購02  ,0,0,0,0,0,0,0,0,0,-594000,0,0,0,23000,617000,-594000,-594000
062096,神隆永豐9B購01  ,0,0,0,0,0,0,0,0,0,-595000,0,0,0,145000,740000,-595000,-595000
058095,昇陽半元大98購03,0,0,0,0,0,0,0,0,0,-595000,0,0,0,10000,605000,-595000,-595000
1732,毛寶            ,224000,822000,-598000,0,0,0,0,0,0,0,0,0,0,0,0,0,-598000
2023,燁輝            ,230000,810000,-580000,0,0,0,0,0,0,-18000,0,18000,-18000,0,0,0,-598000
056724,臻鼎中信9A購01  ,0,0,0,0,0,0,0,0,0,-615000,0,0,0,110000,725000,-615000,-615000
054709,宏達電統一97購01,0,0,0,0,0,0,0,0,0,-616000,0,0,0,0,616000,-616000,-616000
06603P,立積統一99售01  ,0,0,0,0,0,0,0,0,0,-617000,0,0,0,0,617000,-617000,-617000
057773,技嘉群益9A購02  ,0,0,0,0,0,0,0,0,0,-619000,0,0,0,67000,686000,-619000,-619000
2637,慧洋-KY         ,43000,653000,-610000,0,0,0,0,0,0,-10000,0,10000,-10000,0,0,0,-620000
058054,台積電統一9C購01,0,0,0,0,0,0,0,0,0,-621000,0,0,0,10000,631000,-621000,-621000
2915,潤泰全          ,636550,1298393,-661843,0,0,0,0,0,0,38000,12000,2000,10000,38000,10000,28000,-623843
4958,臻鼎-KY         ,3245458,3909742,-664284,0,0,0,160000,0,160000,-121000,107000,112000,-5000,15000,131000,-116000,-625284
2379,瑞昱            ,1291634,1734972,-443338,0,0,0,0,73000,-73000,-109000,2000,74000,-72000,7000,44000,-37000,-625338
6443,元晶            ,73000,703000,-630000,0,0,0,0,0,0,0,0,0,0,0,0,0,-630000
038489,T50反1台新9A購01,0,0,0,0,0,0,0,0,0,-640000,0,0,0,0,640000,-640000,-640000
057743,華擎永豐98購03  ,0,0,0,0,0,0,0,0,0,-641000,0,0,0,307000,948000,-641000,-641000
058406,聯茂元大99購06  ,0,0,0,0,0,0,0,0,0,-649000,0,0,0,5000,654000,-649000,-649000
2515,中工            ,569000,1238000,-669000,0,0,0,0,0,0,9000,0,0,0,9000,0,9000,-660000
2489,瑞軒            ,60000,728000,-668000,0,0,0,0,0,0,6000,6000,0,6000,0,0,0,-662000
060758,台積電元大9A購19,0,0,0,0,0,0,0,0,0,-663000,0,0,0,119000,782000,-663000,-663000
2340,光磊            ,71000,608000,-537000,0,0,0,0,0,0,-129000,0,86000,-86000,0,43000,-43000,-666000
059961,T50反1凱基99購09,0,0,0,0,0,0,0,0,0,-668000,0,0,0,192000,860000,-668000,-668000
1440,南紡            ,169000,845000,-676000,0,0,0,0,0,0,0,0,0,0,0,0,0,-676000
055705,微星永豐97購01  ,0,0,0,0,0,0,0,0,0,-681000,0,0,0,36000,717000,-681000,-681000
061808,聯發科統一01購02,0,0,0,0,0,0,0,0,0,-688000,0,0,0,130000,818000,-688000,-688000
060504,技嘉元大9A購02  ,0,0,0,0,0,0,0,0,0,-693000,0,0,0,145000,838000,-693000,-693000
055885,大成鋼統一97購02,0,0,0,0,0,0,0,0,0,-695000,0,0,0,374000,1069000,-695000,-695000
061052,和大群益9A購01  ,0,0,0,0,0,0,0,0,0,-702000,0,0,0,5000,707000,-702000,-702000
07459P,緯穎元大9A售01  ,0,0,0,0,0,0,0,0,0,-704000,0,0,0,194000,898000,-704000,-704000
2347,聯強            ,1295915,2041172,-745257,0,0,0,0,0,0,39000,73000,23000,50000,0,11000,-11000,-706257
061901,柏文永豐9B購01  ,0,0,0,0,0,0,0,0,0,-708000,0,0,0,57000,765000,-708000,-708000
07863P,華新科凱基9B售07,0,0,0,0,0,0,0,0,0,-710000,0,0,0,10000,720000,-710000,-710000
6456,GIS-KY          ,262800,936000,-673200,0,0,0,85000,0,85000,-122000,35000,54000,-19000,36000,139000,-103000,-710200
060414,中興電永豐9A購01,0,10000,-10000,0,0,0,0,0,0,-706000,0,0,0,360000,1066000,-706000,-716000
8213,志超            ,195000,759000,-564000,0,0,0,0,0,0,-155000,0,0,0,0,155000,-155000,-719000
03680C,臺股指凱基9A牛26,0,0,0,0,0,0,0,0,0,-722000,0,0,0,331000,1053000,-722000,-722000
1611,中電            ,39000,761000,-722000,0,0,0,0,0,0,0,0,0,0,0,0,0,-722000
060733,和大統一9C購01  ,0,0,0,0,0,0,0,0,0,-725000,0,0,0,20000,745000,-725000,-725000
058775,台積電國票9A購02,0,0,0,0,0,0,0,0,0,-733000,0,0,0,262000,995000,-733000,-733000
1305,華夏            ,103000,838000,-735000,0,0,0,0,0,0,0,0,0,0,0,0,0,-735000
057266,TPK兆豐98購02   ,0,0,0,0,0,0,0,0,0,-736000,0,0,0,5000,741000,-736000,-736000
3045,台灣大          ,810138,1611662,-801524,0,0,0,0,24000,-24000,89000,95000,6000,89000,0,0,0,-736524
2615,萬海            ,144000,882000,-738000,0,0,0,0,0,0,0,0,0,0,0,0,0,-738000
006208,富邦台50        ,2000,1000,1000,0,0,0,0,0,0,-740000,0,0,0,688000,1428000,-740000,-739000
2606,裕民            ,475000,1215000,-740000,0,0,0,0,0,0,0,0,0,0,0,0,0,-740000
6153,嘉聯益          ,853000,1284000,-431000,0,0,0,0,0,0,-310000,10000,61000,-51000,21000,280000,-259000,-741000
052945,嘉晶國票97購01  ,0,0,0,0,0,0,0,0,0,-752000,0,0,0,104000,856000,-752000,-752000
1310,台苯            ,49000,805000,-756000,0,0,0,0,0,0,0,0,0,0,0,0,0,-756000
061517,瑞祺永豐9A購03  ,0,0,0,0,0,0,0,0,0,-762000,0,0,0,22000,784000,-762000,-762000
056084,漢唐統一97購03  ,0,0,0,0,0,0,0,0,0,-763000,0,0,0,71000,834000,-763000,-763000
1909,榮成            ,1280000,2015000,-735000,0,0,0,0,0,0,-32000,12000,44000,-32000,0,0,0,-767000
1717,長興            ,125000,893000,-768000,0,0,0,0,0,0,0,0,0,0,0,0,0,-768000
2456,奇力新          ,483000,1148000,-665000,0,0,0,0,0,0,-103000,38000,75000,-37000,34000,100000,-66000,-768000
057017,和大凱基98購01  ,0,0,0,0,0,0,0,0,0,-783000,0,0,0,0,783000,-783000,-783000
1434,福懋            ,523651,1313619,-789968,0,0,0,0,0,0,0,0,0,0,0,0,0,-789968
054546,玉晶光中信9B購01,0,0,0,0,0,0,0,0,0,-791000,0,0,0,1250000,2041000,-791000,-791000
2903,遠百            ,151000,949000,-798000,0,0,0,0,0,0,0,0,0,0,0,0,0,-798000
2101,南港            ,265000,1054000,-789000,0,0,0,0,0,0,-10000,0,0,0,20000,30000,-10000,-799000
2231,為升            ,268000,1130000,-862000,0,0,0,109000,0,109000,-46000,6000,21000,-15000,46000,77000,-31000,-799000
1710,東聯            ,225000,1035000,-810000,0,0,0,0,0,0,0,0,0,0,0,0,0,-810000
00712,FH富時不動產    ,0,670000,-670000,0,0,0,0,0,0,-145000,0,0,0,78000,223000,-145000,-815000
3049,和鑫            ,199000,939000,-740000,0,0,0,0,0,0,-75000,0,2000,-2000,51000,124000,-73000,-815000
057626,技嘉富邦9A購01  ,0,0,0,0,0,0,0,0,0,-818000,0,0,0,344000,1162000,-818000,-818000
00738U,元大道瓊白銀    ,0,354000,-354000,0,0,0,0,0,0,-467000,0,0,0,225000,692000,-467000,-821000
056664,上証反中信9B購01,0,0,0,0,0,0,0,0,0,-830000,0,0,0,10000,840000,-830000,-830000
2841,台開            ,56000,887000,-831000,0,0,0,0,0,0,0,0,0,0,0,0,0,-831000
060743,鴻海國票9A購03  ,0,0,0,0,0,0,0,0,0,-836000,0,0,0,60000,896000,-836000,-836000
061915,T50反1凱基02購02,0,0,0,0,0,0,0,0,0,-840000,0,0,0,10000,850000,-840000,-840000
6239,力成            ,1068400,1906976,-838576,0,0,0,0,0,0,-3000,32000,61000,-29000,35000,9000,26000,-841576
060427,聯茂永豐9A購01  ,0,0,0,0,0,0,0,0,0,-851000,0,0,0,50000,901000,-851000,-851000
058093,神達元大9A購01  ,0,0,0,0,0,0,0,0,0,-851000,0,0,0,114000,965000,-851000,-851000
054130,漢唐元大97購02  ,0,0,0,0,0,0,0,0,0,-853000,0,0,0,12000,865000,-853000,-853000
052223,聯電凱基96購02  ,0,0,0,0,0,0,0,0,0,-853000,0,0,0,0,853000,-853000,-853000
061610,力成統一9C購01  ,0,0,0,0,0,0,0,0,0,-855000,0,0,0,237000,1092000,-855000,-855000
056829,台積電富邦9A購01,0,0,0,0,0,0,0,0,0,-859000,0,0,0,55000,914000,-859000,-859000
6285,啟碁            ,528000,1178000,-650000,0,0,0,0,127000,-127000,-82000,8000,0,8000,1000,91000,-90000,-859000
00652,富邦印度        ,0,124000,-124000,0,0,0,0,0,0,-738000,0,0,0,50000,788000,-738000,-862000
0056,元大高股息      ,29000,576000,-547000,0,0,0,70000,0,70000,-391000,10000,0,10000,501000,902000,-401000,-868000
6116,彩晶            ,3085000,3400000,-315000,0,0,0,0,0,0,-555000,24000,14000,10000,93000,658000,-565000,-870000
5243,乙盛-KY         ,138000,1012000,-874000,0,0,0,0,0,0,-2000,0,2000,-2000,0,0,0,-876000
2609,陽明            ,4000,908000,-904000,0,0,0,0,0,0,0,0,0,0,0,0,0,-904000
00631L,元大台灣50正2   ,263000,279000,-16000,0,0,0,0,0,0,-893000,0,100000,-100000,3413000,4206000,-793000,-909000
6005,群益證          ,371000,1285000,-914000,0,0,0,0,0,0,0,0,0,0,0,0,0,-914000
2392,正崴            ,83000,817000,-734000,0,0,0,0,161000,-161000,-24000,2000,24000,-22000,61000,63000,-2000,-919000
6191,精成科          ,86000,1006000,-920000,0,0,0,0,0,0,-1000,0,1000,-1000,0,0,0,-921000
07234P,台灣50元大9B售04,0,0,0,0,0,0,0,0,0,-923000,0,0,0,120000,1043000,-923000,-923000
1319,東陽            ,239790,1230519,-990729,0,0,0,0,0,0,62000,66000,14000,52000,20000,10000,10000,-928729
2809,京城銀          ,93000,1027000,-934000,0,0,0,0,0,0,0,0,0,0,0,0,0,-934000
2605,新興            ,75000,1087000,-1012000,0,0,0,0,0,0,50000,60000,0,60000,0,10000,-10000,-962000
2889,國票金          ,651000,1622000,-971000,0,0,0,0,0,0,0,0,0,0,0,0,0,-971000
061536,華擎統一9C購02  ,0,0,0,0,0,0,0,0,0,-991000,0,0,0,218000,1209000,-991000,-991000
9907,統一實          ,159000,1168000,-1009000,0,0,0,0,0,0,0,0,0,0,0,0,0,-1009000
1802,台玻            ,271000,1282000,-1011000,0,0,0,0,0,0,0,0,0,0,0,0,0,-1011000
9945,潤泰新          ,375330,1395778,-1020448,0,0,0,0,0,0,4000,4000,0,4000,0,0,0,-1016448
059680,台積電國泰9A購03,0,0,0,0,0,0,0,0,0,-1027000,0,0,0,1041000,2068000,-1027000,-1027000
00642U,元大S&P石油     ,119000,10000,109000,0,0,0,0,0,0,-1152000,0,0,0,730000,1882000,-1152000,-1043000
3702,大聯大          ,658337,1836359,-1178022,0,0,0,0,0,0,115000,134000,6000,128000,0,13000,-13000,-1063022
4551,智伸科          ,214000,510000,-296000,0,0,0,0,802000,-802000,29000,51000,12000,39000,3000,13000,-10000,-1069000
00708L,元大S&P黃金正2  ,8000,3000,5000,0,0,0,0,0,0,-1075000,0,0,0,1531000,2606000,-1075000,-1070000
058801,致伸元大99購01  ,0,0,0,0,0,0,0,0,0,-1073000,0,0,0,153000,1226000,-1073000,-1073000
059307,T50反1元大99購06,0,0,0,0,0,0,0,0,0,-1099000,0,0,0,150000,1249000,-1099000,-1099000
8028,昇陽半導體      ,648000,1818000,-1170000,0,0,0,0,0,0,69000,0,0,0,85000,16000,69000,-1101000
3596,智易            ,253000,1344000,-1091000,0,0,0,172000,0,172000,-196000,12000,6000,6000,105000,307000,-202000,-1115000
1762,中化生          ,1267000,2626000,-1359000,0,0,0,220000,0,220000,8000,50000,42000,8000,0,0,0,-1131000
5871,中租-KY         ,985678,1961419,-975741,0,0,0,29000,64000,-35000,-125000,0,32000,-32000,2000,95000,-93000,-1135741
2301,光寶科          ,4695072,5929820,-1234748,0,0,0,0,0,0,96000,106000,2000,104000,19000,27000,-8000,-1138748
2412,中華電          ,1716112,2717656,-1001544,0,0,0,0,151000,-151000,-8000,0,3000,-3000,0,5000,-5000,-1160544
1101,台泥            ,3626666,4718654,-1091988,0,0,0,0,0,0,-79000,19000,6000,13000,31000,123000,-92000,-1170988
2426,鼎元            ,228000,1406000,-1178000,0,0,0,0,0,0,0,0,0,0,0,0,0,-1178000
058188,華擎永豐99購01  ,0,0,0,0,0,0,0,0,0,-1185000,0,0,0,106000,1291000,-1185000,-1185000
060666,聯茂凱基9A購02  ,0,0,0,0,0,0,0,0,0,-1192000,0,0,0,39000,1231000,-1192000,-1192000
058841,深中小群益01購01,0,0,0,0,0,0,0,0,0,-1197000,0,0,0,10000,1207000,-1197000,-1197000
061956,和大統一01購01  ,0,0,0,0,0,0,0,0,0,-1205000,0,0,0,2000,1207000,-1205000,-1205000
9933,中鼎            ,649000,1857000,-1208000,0,0,0,0,0,0,0,0,0,0,0,0,0,-1208000
4904,遠傳            ,956861,2173790,-1216929,0,0,0,0,0,0,-12000,0,3000,-3000,0,9000,-9000,-1228929
4938,和碩            ,4380217,5602249,-1222032,0,0,0,0,12000,-12000,-9000,64000,12000,52000,35000,96000,-61000,-1243032
2014,中鴻            ,502000,1794000,-1292000,0,0,0,0,0,0,0,0,0,0,0,0,0,-1292000
055261,帆宣統一98購01  ,0,0,0,0,0,0,0,0,0,-1306000,0,0,0,39000,1345000,-1306000,-1306000
2329,華泰            ,154000,1475000,-1321000,0,0,0,0,0,0,-6000,0,1000,-1000,0,5000,-5000,-1327000
048754,瀚宇博元富97購01,0,0,0,0,0,0,0,0,0,-1356000,0,0,0,80000,1436000,-1356000,-1356000
2867,三商壽          ,366000,1744000,-1378000,0,0,0,0,0,0,0,0,0,0,0,0,0,-1378000
2382,廣達            ,2914045,4111492,-1197447,0,0,0,0,16000,-16000,-168000,56000,190000,-134000,56000,90000,-34000,-1381447
1312,國喬            ,385000,1766000,-1381000,0,0,0,0,0,0,-19000,8000,14000,-6000,0,13000,-13000,-1400000
062395,台表科富邦9C購01,0,0,0,0,0,0,0,0,0,-1405000,0,0,0,0,1405000,-1405000,-1405000
2105,正新            ,754279,2165608,-1411329,0,0,0,0,0,0,6000,6000,0,6000,0,0,0,-1405329
2354,鴻準            ,677060,2084718,-1407658,0,0,0,0,0,0,-7000,0,7000,-7000,0,0,0,-1414658
056138,群創元大9B購01  ,0,0,0,0,0,0,0,0,0,-1446000,0,0,0,12000,1458000,-1446000,-1446000
8046,南電            ,1367000,2814000,-1447000,0,0,0,570000,120000,450000,-490000,62000,235000,-173000,42000,359000,-317000,-1487000
05625P,國巨國票97售01  ,0,0,0,0,0,0,0,0,0,-1488000,0,0,0,39000,1527000,-1488000,-1488000
2845,遠東銀          ,198000,1428000,-1230000,0,0,0,0,266890,-266890,0,0,0,0,0,0,0,-1496890
062225,華擎統一01購01  ,0,0,0,0,0,0,0,0,0,-1514000,0,0,0,35000,1549000,-1514000,-1514000
3711,日月光投控      ,3955140,5514662,-1559522,0,0,0,0,20000,-20000,56000,108000,35000,73000,1000,18000,-17000,-1523522
060417,正隆永豐9A購01  ,70000,0,70000,0,0,0,0,0,0,-1595000,0,0,0,25000,1620000,-1595000,-1525000
061263,微星凱基9A購01  ,0,0,0,0,0,0,0,0,0,-1575000,0,0,0,724000,2299000,-1575000,-1575000
4746,台耀            ,709000,2290000,-1581000,0,0,0,0,0,0,-6000,1000,7000,-6000,0,0,0,-1587000
2104,國際中橡        ,454000,2040000,-1586000,0,0,0,0,0,0,-4000,0,0,0,0,4000,-4000,-1590000
06465P,國巨統一98售04  ,0,0,0,0,0,0,0,0,0,-1676000,0,0,0,4000,1680000,-1676000,-1676000
00692,富邦公司治理    ,1000,0,1000,0,0,0,0,0,0,-1688000,20000,0,20000,836000,2544000,-1708000,-1687000
1476,儒鴻            ,299998,1887025,-1587027,0,0,0,0,106000,-106000,6000,0,0,0,10000,4000,6000,-1687027
2352,佳世達          ,475000,2228000,-1753000,0,0,0,0,0,0,25000,19000,1000,18000,7000,0,7000,-1728000
2103,台橡            ,90000,1776000,-1686000,0,0,0,0,0,0,-60000,10000,70000,-60000,0,0,0,-1746000
00850,元大臺灣ESG永續 ,0,808000,-808000,0,0,0,0,0,0,-940000,20000,0,20000,669000,1629000,-960000,-1748000
2201,裕隆            ,595460,2337000,-1741540,0,0,0,0,0,0,-37000,0,0,0,0,37000,-37000,-1778540
062337,台表科統一01購01,0,0,0,0,0,0,0,0,0,-1833000,0,0,0,0,1833000,-1833000,-1833000
1409,新纖            ,275000,2109000,-1834000,0,0,0,0,0,0,0,0,0,0,0,0,0,-1834000
00701,國泰股利精選30  ,0,79000,-79000,0,0,0,0,0,0,-1798000,0,0,0,239000,2037000,-1798000,-1877000
2505,國揚            ,306000,2108000,-1802000,0,0,0,0,0,0,-90000,0,0,0,6000,96000,-90000,-1892000
3682,亞太電          ,210000,2102000,-1892000,0,0,0,0,0,0,0,0,0,0,0,0,0,-1892000
00671R,富邦NASDAQ反1   ,0,89000,-89000,0,0,0,0,0,0,-1836000,0,0,0,59000,1895000,-1836000,-1925000
2353,宏碁            ,4897681,6867067,-1969386,0,0,0,0,0,0,40000,48000,4000,44000,51000,55000,-4000,-1929386
3576,聯合再生        ,544000,2480000,-1936000,0,0,0,0,0,0,0,0,0,0,0,0,0,-1936000
2633,台灣高鐵        ,490957,2478031,-1987074,0,0,0,0,0,0,40000,115000,10000,105000,5000,70000,-65000,-1947074
3481,群創            ,19410669,20369308,-958639,0,0,0,0,0,0,-1073000,200000,416000,-216000,471000,1328000,-857000,-2031639
1504,東元            ,382485,2106000,-1723515,0,0,0,0,0,0,-323000,0,0,0,103000,426000,-323000,-2046515
2371,大同            ,1779995,3863493,-2083498,0,0,0,0,0,0,-16000,10000,26000,-16000,0,0,0,-2099498
3044,健鼎            ,742760,2410684,-1667924,0,0,0,0,488000,-488000,35000,50000,15000,35000,9000,9000,0,-2120924
1102,亞泥            ,1040778,3671509,-2630731,0,0,0,566000,10000,556000,-98000,30000,52000,-22000,12000,88000,-76000,-2172731
2327,國巨            ,1365810,3184209,-1818399,0,0,0,2000,105000,-103000,-288000,53000,209000,-156000,127000,259000,-132000,-2209399
2363,矽統            ,567000,2802000,-2235000,0,0,0,0,0,0,-1000,0,1000,-1000,0,0,0,-2236000
1718,中纖            ,150000,2414000,-2264000,0,0,0,0,0,0,-101000,0,101000,-101000,0,0,0,-2365000
060848,聯茂國票9A購02  ,0,0,0,0,0,0,0,0,0,-2367000,0,0,0,6000,2373000,-2367000,-2367000
6271,同欣電          ,455000,3151000,-2696000,0,0,0,391000,33000,358000,-36000,144000,132000,12000,17000,65000,-48000,-2374000
2027,大成鋼          ,732000,2797000,-2065000,0,0,0,0,0,0,-458000,18000,10000,8000,50000,516000,-466000,-2523000
2367,燿華            ,1340000,3710000,-2370000,0,0,0,0,0,0,-260000,0,1000,-1000,57000,316000,-259000,-2630000
2812,台中銀          ,14000,2657588,-2643588,0,0,0,0,0,0,0,0,0,0,0,0,0,-2643588
5876,上海商銀        ,2599081,5310556,-2711475,0,0,0,0,0,0,-4000,0,0,0,2000,6000,-4000,-2715475
2323,中環            ,2011000,4411000,-2400000,0,0,0,0,0,0,-357000,22000,148000,-126000,21000,252000,-231000,-2757000
00852L,國泰美國道瓊正2 ,0,969000,-969000,0,0,0,0,0,0,-1822000,0,0,0,2994000,4816000,-1822000,-2791000
1605,華新            ,512000,3390000,-2878000,0,0,0,0,0,0,-100000,28000,70000,-42000,0,58000,-58000,-2978000
3450,聯鈞            ,352000,2437000,-2085000,0,0,0,0,574000,-574000,-400000,0,7000,-7000,14000,407000,-393000,-3059000
2492,華新科          ,1097904,3739092,-2641188,0,0,0,78000,115000,-37000,-399000,58000,332000,-274000,153000,278000,-125000,-3077188
2312,金寶            ,1354000,4383000,-3029000,0,0,0,0,0,0,-148000,0,3000,-3000,0,145000,-145000,-3177000
1402,遠東新          ,2728378,5954025,-3225647,0,0,0,0,0,0,48000,182000,14000,168000,0,120000,-120000,-3177647
2882,國泰金          ,4993969,8011286,-3017317,0,0,0,0,0,0,-189000,0,0,0,33000,222000,-189000,-3206317
5471,松翰            ,870000,4231000,-3361000,0,0,0,10000,0,10000,9000,10000,1000,9000,0,0,0,-3342000
1301,台塑            ,1767845,5125148,-3357303,0,0,0,0,0,0,8000,24000,16000,8000,0,0,0,-3349303
2823,中壽            ,2385988,5918499,-3532511,0,0,0,0,0,0,68000,0,0,0,68000,0,68000,-3464511
1303,南亞            ,2891940,6390971,-3499031,0,0,0,0,0,0,-22000,6000,28000,-22000,0,0,0,-3521031
9904,寶成            ,2332020,5944831,-3612811,0,0,0,0,0,0,8000,20000,6000,14000,0,6000,-6000,-3604811
2610,華航            ,7160510,10792833,-3632323,0,0,0,0,0,0,-81000,0,0,0,0,81000,-81000,-3713323
2308,台達電          ,2520592,6380259,-3859667,0,0,0,0,29000,-29000,9000,4000,0,4000,15000,10000,5000,-3879667
2881,富邦金          ,7476732,11592038,-4115306,0,0,0,0,0,0,54000,32000,1000,31000,47000,24000,23000,-4061306
3545,敦泰            ,1537000,5522703,-3985703,0,0,0,0,0,0,-79000,71000,150000,-79000,0,0,0,-4064703
6505,台塑化          ,731657,5068962,-4337305,0,0,0,0,0,0,-21000,4000,25000,-21000,0,0,0,-4358305
3231,緯創            ,3602540,6260151,-2657611,0,0,0,0,1746000,-1746000,-84000,138000,145000,-7000,29000,106000,-77000,-4487611
2801,彰銀            ,847322,5446463,-4599141,0,0,0,0,0,0,2000,0,0,0,2000,0,2000,-4597141
2303,聯電            ,20522317,25599842,-5077525,0,0,0,0,63000,-63000,407000,92000,58000,34000,643000,270000,373000,-4733525
2603,長榮            ,1111836,5821956,-4710120,0,0,0,0,0,0,-108000,0,108000,-108000,0,0,0,-4818120
1216,統一            ,3770213,7860729,-4090516,0,0,0,0,809000,-809000,11000,46000,22000,24000,0,13000,-13000,-4888516
5880,合庫金          ,2280328,7241020,-4960692,0,0,0,0,0,0,0,0,0,0,0,0,0,-4960692
1326,台化            ,1025097,6169173,-5144076,0,0,0,0,0,0,-41000,5000,42000,-37000,0,4000,-4000,-5185076
5469,瀚宇博          ,479000,4887000,-4408000,0,0,0,0,427000,-427000,-478000,100000,101000,-1000,175000,652000,-477000,-5313000
4142,國光生          ,2839000,8174000,-5335000,0,0,0,0,0,0,0,0,0,0,0,0,0,-5335000
2887,台新金          ,4950962,10640766,-5689804,0,0,0,0,0,0,-5000,0,5000,-5000,0,0,0,-5694804
2408,南亞科          ,2104650,7545942,-5441292,0,0,0,0,160000,-160000,-113000,103000,115000,-12000,7000,108000,-101000,-5714292
2344,華邦電          ,2889454,9312265,-6422811,0,0,0,0,0,0,-407000,80000,237000,-157000,83000,333000,-250000,-6829811
2886,兆豐金          ,6799997,13635559,-6835562,0,0,0,0,0,0,-18000,0,0,0,0,18000,-18000,-6853562
0050,元大台灣50      ,21150,6853000,-6831850,0,0,0,72000,116000,-44000,-320000,0,0,0,1699000,2019000,-320000,-7195850
1314,中石化          ,1203000,8485000,-7282000,0,0,0,0,0,0,83000,236000,24000,212000,1000,130000,-129000,-7199000
2618,長榮航          ,1613403,9016089,-7402686,0,0,0,0,0,0,85000,356000,5000,351000,0,266000,-266000,-7317686
2834,臺企銀          ,3966231,11656163,-7689932,0,0,0,0,0,0,-2000,0,4000,-4000,2000,0,2000,-7691932
2880,華南金          ,1810338,9954210,-8143872,0,0,0,0,0,0,-1000,0,1000,-1000,0,0,0,-8144872
2890,永豐金          ,7403507,15885787,-8482280,0,0,0,0,0,0,22000,20000,0,20000,2000,0,2000,-8460280
2892,第一金          ,5317109,14570877,-9253768,0,0,0,0,0,0,-11000,0,11000,-11000,0,0,0,-9264768
2002,中鋼            ,2955426,13536796,-10581370,0,0,0,0,0,0,29000,20000,1000,19000,10000,0,10000,-10552370
2888,新光金          ,6084608,16642065,-10557457,0,0,0,0,0,0,-259000,0,94000,-94000,87000,252000,-165000,-10816457
2883,開發金          ,5641605,16636812,-10995207,0,0,0,0,0,0,-147000,2000,0,2000,139000,288000,-149000,-11142207
2409,友達            ,21172233,31435823,-10263590,0,0,0,0,0,0,-1324000,754000,820000,-66000,792000,2050000,-1258000,-11587590
2884,玉山金          ,7502902,18648464,-11145562,0,0,0,0,0,0,-1016000,48000,900000,-852000,0,164000,-164000,-12161562
00653L,富邦印度正2     ,69000,269000,-200000,0,0,0,0,0,0,-13586000,0,0,0,485000,14071000,-13586000,-13786000
2317,鴻海            ,10401524,26887922,-16486398,0,0,0,0,20000,-20000,-1146000,0,152000,-152000,303000,1297000,-994000,-17652398
2885,元大金          ,8872145,33656469,-24784324,0,0,0,0,0,0,-97000,6000,101000,-95000,0,2000,-2000,-24881324
2330,台積電          ,14484215,45247836,-30763621,0,0,0,358000,180000,178000,179007,393000,335000,58000,389000,267993,121007,-30406614
2891,中信金          ,13982269,44989923,-31007654,0,0,0,0,300000,-300000,46000,54000,0,54000,10000,18000,-8000,-31261654
00677U,富邦VIX         ,1901000,38073000,-36172000,0,0,0,0,0,0,-82217000,0,20000,-20000,7192000,89389000,-82197000,-118389000
