證券代號,證券名稱,外陸資買進股數(不含外資自營商),外陸資賣出股數(不含外資自營商),外陸資買賣超股數(不含外資自營商),外資自營商買進股數,外資自營商賣出股數,外資自營商買賣超股數,投信買進股數,投信賣出股數,投信買賣超股數,自營商買賣超股數,自營商買進股數(自行買賣),自營商賣出股數(自行買賣),自營商買賣超股數(自行買賣),自營商買進股數(避險),自營商賣出股數(避險),自營商買賣超股數(避險),三大法人買賣超股數
00637L,元大滬深300正2  ,17810000,7998000,9812000,0,0,0,0,0,0,33246000,500000,666000,-166000,50973000,17561000,33412000,43058000
2337,旺宏            ,47123000,9074000,38049000,0,0,0,3867000,194000,3673000,876000,670000,1777000,-1107000,2908000,925000,1983000,42598000
00633L,富邦上証正2     ,10024000,1217000,8807000,0,0,0,0,0,0,4039000,0,0,0,9020000,4981000,4039000,12846000
2409,友達            ,60331384,51345000,8986384,0,0,0,3159000,0,3159000,282000,3297000,1553000,1744000,1136000,2598000,-1462000,12427384
2408,南亞科          ,14127668,5848000,8279668,0,0,0,493000,177000,316000,871000,352000,336000,16000,988000,133000,855000,9466668
00673R,元大S&P原油反1  ,0,988000,-988000,0,0,0,0,0,0,10304000,0,0,0,11028000,724000,10304000,9316000
2885,元大金          ,19523000,10846800,8676200,0,0,0,30000,22000,8000,116000,0,225000,-225000,341000,0,341000,8800200
00655L,國泰中國A50正2  ,1606000,57000,1549000,0,0,0,0,0,0,4898000,420000,0,420000,7321000,2843000,4478000,6447000
00861,元大全球未來通訊,2305000,1000,2304000,0,0,0,0,0,0,3634000,0,0,0,4177000,543000,3634000,5938000
055610,光磊國票98購01  ,0,0,0,0,0,0,0,0,0,4682000,0,0,0,4747000,65000,4682000,4682000
2308,台達電          ,4896000,1753000,3143000,0,0,0,5000,100000,-95000,4000,78000,99000,-21000,64000,39000,25000,3052000
2882,國泰金          ,8574657,5270000,3304657,0,0,0,18000,0,18000,-319000,0,315000,-315000,76000,80000,-4000,3003657
053856,台積電富邦98購01,0,0,0,0,0,0,0,0,0,2850000,0,0,0,2850000,0,2850000,2850000
3481,群創            ,54705000,55082966,-377966,0,0,0,4069000,0,4069000,-1000000,2347000,4030000,-1683000,2317000,1634000,683000,2691034
048428,滬深2X國票93購05,0,0,0,0,0,0,0,0,0,2477000,0,0,0,2607000,130000,2477000,2477000
052814,上証2X永豐96購02,0,0,0,0,0,0,0,0,0,2411000,0,0,0,2521000,110000,2411000,2411000
00639,富邦深100       ,1173000,138000,1035000,0,0,0,0,0,0,1281000,10000,10000,0,2296000,1015000,1281000,2316000
00636,國泰中國A50     ,1503000,0,1503000,0,0,0,0,0,0,643000,60000,60000,0,1376000,733000,643000,2146000
2881,富邦金          ,6605133,4219000,2386133,0,0,0,19000,0,19000,-293000,27000,282000,-255000,29000,67000,-38000,2112133
2327,國巨            ,3600000,1333000,2267000,0,0,0,135000,40000,95000,-392000,89000,234000,-145000,87000,334000,-247000,1970000
9105,泰金寶-DR       ,2116000,232000,1884000,0,0,0,0,0,0,0,0,0,0,0,0,0,1884000
2371,大同            ,3880000,1949000,1931000,0,0,0,0,0,0,-93000,10000,103000,-93000,0,0,0,1838000
047418,智邦富邦97購01  ,0,0,0,0,0,0,0,0,0,1791000,0,0,0,2470000,679000,1791000,1791000
00643,群益深証中小    ,2917000,1030000,1887000,0,0,0,0,0,0,-170000,20000,100000,-80000,2043000,2133000,-90000,1717000
2377,微星            ,2717000,1185000,1532000,0,0,0,47000,0,47000,130000,22000,48000,-26000,201000,45000,156000,1709000
4927,泰鼎-KY         ,1121000,1567000,-446000,0,0,0,1374000,52000,1322000,832000,63000,56000,7000,925000,100000,825000,1708000
054730,上証2X凱基98購02,0,0,0,0,0,0,0,0,0,1688000,0,0,0,1688000,0,1688000,1688000
044034,美律群益92購04  ,0,0,0,0,0,0,0,0,0,1670000,0,0,0,1670000,0,1670000,1670000
2330,台積電          ,21169056,18166144,3002912,0,0,0,82000,126000,-44000,-1427000,245000,1260000,-1015000,314000,726000,-412000,1531912
2887,台新金          ,6770000,5082000,1688000,0,0,0,20000,0,20000,-234000,0,256000,-256000,22000,0,22000,1474000
051259,鴻海永昌96購03  ,0,0,0,0,0,0,0,0,0,1448000,0,0,0,3135000,1687000,1448000,1448000
053564,台積電富邦99購01,40000,0,40000,0,0,0,0,0,0,1392000,0,0,0,1589000,197000,1392000,1432000
2478,大毅            ,3879000,2324000,1555000,0,0,0,0,0,0,-134000,75000,80000,-5000,379000,508000,-129000,1421000
2313,華通            ,7284000,4382500,2901500,0,0,0,51000,74000,-23000,-1463000,265000,1285000,-1020000,23000,466000,-443000,1415500
055249,大毅統一99購01  ,0,0,0,0,0,0,0,0,0,1408000,0,0,0,2190000,782000,1408000,1408000
052281,全新凱基97購01  ,0,0,0,0,0,0,0,0,0,1395000,0,0,0,1415000,20000,1395000,1395000
054982,國巨元富97購03  ,0,0,0,0,0,0,0,0,0,1379000,0,0,0,1661000,282000,1379000,1379000
054329,華新科永豐96購02,0,0,0,0,0,0,0,0,0,1368000,0,0,0,1425000,57000,1368000,1368000
2376,技嘉            ,2056000,986000,1070000,0,0,0,3000,0,3000,280000,89000,25000,64000,244000,28000,216000,1353000
054072,台積電富邦98購02,0,0,0,0,0,0,0,0,0,1349000,0,0,0,2541000,1192000,1349000,1349000
052225,台積電凱基96購03,0,0,0,0,0,0,0,0,0,1295000,0,0,0,1471000,176000,1295000,1295000
6239,力成            ,3144000,2302000,842000,0,0,0,339000,0,339000,108000,89000,49000,40000,73000,5000,68000,1289000
052655,群創統一97購01  ,0,0,0,0,0,0,0,0,0,1273000,0,0,0,1467000,194000,1273000,1273000
054963,牧德元大97購02  ,1000,0,1000,0,0,0,0,0,0,1271000,0,0,0,2186000,915000,1271000,1272000
2492,華新科          ,3563000,2544000,1019000,0,0,0,534000,0,534000,-287000,206000,181000,25000,160000,472000,-312000,1266000
5871,中租-KY         ,3691742,2327072,1364670,0,0,0,2000,0,2000,-108000,0,108000,-108000,0,0,0,1258670
006205,富邦上証        ,1571000,0,1571000,0,0,0,0,0,0,-360000,0,0,0,1480000,1840000,-360000,1211000
2323,中環            ,4375000,3192000,1183000,0,0,0,0,0,0,9000,2000,96000,-94000,186000,83000,103000,1192000
3515,華擎            ,811000,399000,412000,0,0,0,682000,0,682000,94000,36000,33000,3000,199000,108000,91000,1188000
055451,台積電元富97購02,0,0,0,0,0,0,0,0,0,1187000,0,0,0,1219000,32000,1187000,1187000
049708,滬深2X凱基94購02,0,0,0,0,0,0,0,0,0,1187000,0,0,0,1187000,0,1187000,1187000
054532,強茂國泰98購01  ,0,0,0,0,0,0,0,0,0,1155000,0,0,0,1185000,30000,1155000,1155000
051133,台積電永豐95購02,0,0,0,0,0,0,0,0,0,1141000,0,0,0,3183000,2042000,1141000,1141000
053919,可成國票97購02  ,0,100000,-100000,0,0,0,0,0,0,1228000,0,0,0,1228000,0,1228000,1128000
055198,奇力新第一97購01,0,0,0,0,0,0,0,0,0,1124000,0,0,0,1203000,79000,1124000,1124000
03171P,台積電中信05售07,0,0,0,0,0,0,0,0,0,1100000,0,0,0,1100000,0,1100000,1100000
2884,玉山金          ,13335036,11511000,1824036,0,0,0,21000,0,21000,-763000,0,771000,-771000,43000,35000,8000,1082036
055495,長榮航元大97購01,0,0,0,0,0,0,0,0,0,1058000,0,0,0,1108000,50000,1058000,1058000
053061,GIS富邦97購01   ,0,0,0,0,0,0,0,0,0,1042000,0,0,0,1042000,0,1042000,1042000
055379,牧德元大97購03  ,0,0,0,0,0,0,0,0,0,1041000,0,0,0,1694000,653000,1041000,1041000
049051,滬深2X永豐94購05,0,0,0,0,0,0,0,0,0,1038000,0,0,0,1038000,0,1038000,1038000
055650,華新科元富98購01,0,0,0,0,0,0,0,0,0,1027000,0,0,0,1838000,811000,1027000,1027000
03450P,元油2X元富98售05,0,0,0,0,0,0,0,0,0,1011000,0,0,0,1013000,2000,1011000,1011000
049128,滬深2X元大97購03,0,0,0,0,0,0,0,0,0,1003000,0,0,0,1023000,20000,1003000,1003000
08469P,富邦金凱基9C售01,0,0,0,0,0,0,0,0,0,998000,0,0,0,998000,0,998000,998000
054395,華新科永豐96購03,0,0,0,0,0,0,0,0,0,985000,0,0,0,1449000,464000,985000,985000
053029,國巨第一96購01  ,0,0,0,0,0,0,0,0,0,966000,0,0,0,1579000,613000,966000,966000
054377,臺股指中信99購09,0,0,0,0,0,0,0,0,0,961000,0,0,0,1650000,689000,961000,961000
056182,台光電統一97購03,0,0,0,0,0,0,0,0,0,960000,0,0,0,960000,0,960000,960000
047951,元油反永豐94購01,0,0,0,0,0,0,0,0,0,958000,0,0,0,960000,2000,958000,958000
047422,滬深2X兆豐94購02,0,0,0,0,0,0,0,0,0,946000,0,0,0,946000,0,946000,946000
055655,群創元富99購07  ,0,0,0,0,0,0,0,0,0,945000,0,0,0,1160000,215000,945000,945000
2360,致茂            ,1761271,584000,1177271,0,0,0,23000,215000,-192000,-46000,11000,45000,-34000,7000,19000,-12000,939271
049214,台達電國票95購01,0,0,0,0,0,0,0,0,0,935000,0,0,0,998000,63000,935000,935000
045172,欣興兆豐94購01  ,0,0,0,0,0,0,0,0,0,932000,0,0,0,1213000,281000,932000,932000
052852,國巨元富96購02  ,0,0,0,0,0,0,0,0,0,921000,0,0,0,1598000,677000,921000,921000
03650C,T50反1元大98牛05,0,0,0,0,0,0,0,0,0,890000,0,0,0,890000,0,890000,890000
044457,滬深2X國票97購01,0,0,0,0,0,0,0,0,0,885000,0,0,0,1578000,693000,885000,885000
052914,奇力新元富96購01,0,0,0,0,0,0,0,0,0,877000,0,0,0,1490000,613000,877000,877000
052456,滬深2X元富9B購03,0,0,0,0,0,0,0,0,0,873000,0,0,0,945000,72000,873000,873000
052150,台積電富邦95購07,0,0,0,0,0,0,0,0,0,871000,0,0,0,3910000,3039000,871000,871000
051056,華新科群益95購03,0,0,0,0,0,0,0,0,0,868000,0,0,0,868000,0,868000,868000
055255,欣興統一97購02  ,0,0,0,0,0,0,0,0,0,862000,0,0,0,908000,46000,862000,862000
052200,台光電統一95購02,0,0,0,0,0,0,0,0,0,859000,0,0,0,859000,0,859000,859000
2345,智邦            ,2374000,1700000,674000,0,0,0,468000,161000,307000,-123000,62000,17000,45000,89000,257000,-168000,858000
055446,奇力新統一9A購01,0,0,0,0,0,0,0,0,0,852000,0,0,0,1368000,516000,852000,852000
055947,元油反元大98購03,0,0,0,0,0,0,0,0,0,844000,0,0,0,846000,2000,844000,844000
3665,貿聯-KY         ,1287000,553000,734000,0,0,0,0,0,0,98000,102000,68000,34000,104000,40000,64000,832000
4938,和碩            ,4465000,3599000,866000,0,0,0,9000,0,9000,-50000,74000,86000,-12000,21000,59000,-38000,825000
045829,滬深2X群益95購02,0,0,0,0,0,0,0,0,0,820000,0,0,0,920000,100000,820000,820000
048302,上証反凱基93購01,0,0,0,0,0,0,0,0,0,820000,0,0,0,820000,0,820000,820000
055755,禾伸堂兆豐97購02,0,0,0,0,0,0,0,0,0,804000,0,0,0,866000,62000,804000,804000
03842P,鴻海元富93售02  ,0,0,0,0,0,0,0,0,0,800000,0,0,0,800000,0,800000,800000
045817,滬深2X凱基95購02,0,0,0,0,0,0,0,0,0,796000,0,0,0,799000,3000,796000,796000
053945,國巨富邦98購02  ,0,0,0,0,0,0,0,0,0,796000,0,0,0,932000,136000,796000,796000
050875,訊芯永豐95購01  ,0,0,0,0,0,0,0,0,0,788000,0,0,0,998000,210000,788000,788000
048894,光罩國泰94購01  ,0,0,0,0,0,0,0,0,0,773000,0,0,0,773000,0,773000,773000
039550,滬深反凱基94購01,0,0,0,0,0,0,0,0,0,772000,0,0,0,940000,168000,772000,772000
05980P,台積電永昌96售09,0,0,0,0,0,0,0,0,0,770000,0,0,0,5697000,4927000,770000,770000
054118,國巨永豐96購04  ,0,0,0,0,0,0,0,0,0,761000,0,0,0,1212000,451000,761000,761000
054711,禾伸堂元富97購01,0,0,0,0,0,0,0,0,0,750000,0,0,0,800000,50000,750000,750000
049766,滬深2X元富94購02,0,0,0,0,0,0,0,0,0,744000,0,0,0,1304000,560000,744000,744000
051944,智邦統一95購02  ,0,0,0,0,0,0,0,0,0,737000,0,0,0,737000,0,737000,737000
0061,元大寶滬深      ,524000,0,524000,0,0,0,0,0,0,201000,10000,390000,-380000,673000,92000,581000,725000
056236,台積電群益97購06,0,0,0,0,0,0,0,0,0,721000,0,0,0,773000,52000,721000,721000
052815,滬深2X永豐97購01,0,0,0,0,0,0,0,0,0,719000,0,0,0,734000,15000,719000,719000
053841,美律統一96購01  ,0,0,0,0,0,0,0,0,0,716000,0,0,0,716000,0,716000,716000
2316,楠梓電          ,1087000,394000,693000,0,0,0,0,0,0,22000,2000,5000,-3000,139000,114000,25000,715000
2049,上銀            ,1117450,451000,666450,0,0,0,90000,0,90000,-45000,51000,81000,-30000,44000,59000,-15000,711450
049711,劍麟凱基94購01  ,0,0,0,0,0,0,0,0,0,700000,0,0,0,700000,0,700000,700000
053424,欣興永豐96購02  ,0,0,0,0,0,0,0,0,0,696000,0,0,0,701000,5000,696000,696000
05319P,上銀凱基95售02  ,0,0,0,0,0,0,0,0,0,690000,0,0,0,690000,0,690000,690000
054546,玉晶光中信9B購01,0,0,0,0,0,0,0,0,0,687000,0,0,0,748000,61000,687000,687000
049745,國巨永豐94購04  ,0,0,0,0,0,0,0,0,0,684000,0,0,0,774000,90000,684000,684000
3044,健鼎            ,1618000,935000,683000,0,0,0,3000,0,3000,-2000,19000,85000,-66000,71000,7000,64000,684000
6269,台郡            ,1427000,400000,1027000,0,0,0,13000,208000,-195000,-159000,144000,255000,-111000,16000,64000,-48000,673000
043990,智易元大93購01  ,0,0,0,0,0,0,0,0,0,665000,0,0,0,665000,0,665000,665000
3005,神基            ,805000,588000,217000,0,0,0,3000,0,3000,445000,201000,16000,185000,281000,21000,260000,665000
050172,臺指反元大98購02,0,0,0,0,0,0,0,0,0,657000,0,0,0,914000,257000,657000,657000
05717P,鴻海元大97售07  ,0,0,0,0,0,0,0,0,0,657000,0,0,0,747000,90000,657000,657000
050976,台光電統一95購01,0,0,0,0,0,0,0,0,0,653000,0,0,0,653000,0,653000,653000
046826,統一群益94購01  ,0,0,0,0,0,0,0,0,0,639000,0,0,0,639000,0,639000,639000
053197,超眾元富96購02  ,0,0,0,0,0,0,0,0,0,638000,0,0,0,767000,129000,638000,638000
3563,牧德            ,513000,322000,191000,0,0,0,424000,0,424000,18000,10000,59000,-49000,96000,29000,67000,633000
055796,南電國泰98購01  ,0,0,0,0,0,0,0,0,0,621000,0,0,0,631000,10000,621000,621000
036805,國巨元富93購02  ,0,0,0,0,0,0,0,0,0,619000,0,0,0,655000,36000,619000,619000
044717,旺宏統一94購01  ,0,0,0,0,0,0,0,0,0,616000,0,0,0,715000,99000,616000,616000
6116,彩晶            ,4791000,4440000,351000,0,0,0,0,0,0,258000,222000,263000,-41000,493000,194000,299000,609000
047882,超眾國泰94購01  ,0,0,0,0,0,0,0,0,0,608000,0,0,0,648000,40000,608000,608000
8150,南茂            ,1916000,1290000,626000,0,0,0,0,0,0,-19000,0,25000,-25000,14000,8000,6000,607000
054188,欣興永豐96購03  ,0,0,0,0,0,0,0,0,0,606000,0,0,0,760000,154000,606000,606000
051948,滬深2X元富9B購01,0,0,0,0,0,0,0,0,0,606000,0,0,0,607000,1000,606000,606000
052292,緯穎元富95購02  ,0,0,0,0,0,0,0,0,0,606000,0,0,0,617000,11000,606000,606000
00783,富邦中証500     ,325000,20000,305000,0,0,0,0,0,0,300000,0,0,0,1235000,935000,300000,605000
4564,元翎            ,741000,158000,583000,0,0,0,0,0,0,20000,0,0,0,20000,0,20000,603000
047980,東陽群益93購02  ,0,0,0,0,0,0,0,0,0,600000,0,0,0,600000,0,600000,600000
051888,國巨元富95購05  ,0,0,0,0,0,0,0,0,0,600000,0,0,0,774000,174000,600000,600000
05163P,聯發科統一96售02,0,0,0,0,0,0,0,0,0,597000,0,0,0,751000,154000,597000,597000
054671,國巨國泰98購01  ,0,0,0,0,0,0,0,0,0,593000,0,0,0,680000,87000,593000,593000
053860,台積電元大98購03,0,0,0,0,0,0,0,0,0,593000,0,0,0,692000,99000,593000,593000
054123,易華電永豐96購03,0,0,0,0,0,0,0,0,0,592000,0,0,0,602000,10000,592000,592000
04001P,聯發科凱基93售15,0,0,0,0,0,0,0,0,0,590000,0,0,0,600000,10000,590000,590000
054398,牧德永豐96購03  ,0,0,0,0,0,0,0,0,0,587000,0,0,0,855000,268000,587000,587000
049875,台積電永豐94購04,0,0,0,0,0,0,0,0,0,585000,0,0,0,605000,20000,585000,585000
051410,京元電國票96購01,0,0,0,0,0,0,0,0,0,585000,0,0,0,703000,118000,585000,585000
054660,禾伸堂元大97購03,0,0,0,0,0,0,0,0,0,573000,0,0,0,763000,190000,573000,573000
055428,友達群益9C購01  ,0,0,0,0,0,0,0,0,0,566000,0,0,0,566000,0,566000,566000
051033,台積電兆豐95購03,0,0,0,0,0,0,0,0,0,564000,0,0,0,564000,0,564000,564000
055701,亞德客富邦99購01,0,0,0,0,0,0,0,0,0,558000,0,0,0,852000,294000,558000,558000
050280,國巨日盛94購01  ,0,0,0,0,0,0,0,0,0,558000,0,0,0,618000,60000,558000,558000
053418,旺宏永豐96購02  ,0,0,0,0,0,0,0,0,0,558000,0,0,0,1113000,555000,558000,558000
056086,奇力新統一98購01,0,0,0,0,0,0,0,0,0,555000,0,0,0,654000,99000,555000,555000
055649,華新科元富97購03,0,0,0,0,0,0,0,0,0,554000,0,0,0,734000,180000,554000,554000
055431,和鑫群益98購01  ,0,0,0,0,0,0,0,0,0,553000,0,0,0,553000,0,553000,553000
049038,高鐵兆豐94購01  ,0,0,0,0,0,0,0,0,0,552000,0,0,0,562000,10000,552000,552000
055259,玉晶光統一9A購01,0,0,0,0,0,0,0,0,0,551000,0,0,0,561000,10000,551000,551000
053460,緯穎國泰97購01  ,0,0,0,0,0,0,0,0,0,545000,0,0,0,576000,31000,545000,545000
053052,旺宏國票97購02  ,0,0,0,0,0,0,0,0,0,543000,0,0,0,549000,6000,543000,543000
052212,可成元大95購11  ,0,0,0,0,0,0,0,0,0,543000,0,0,0,553000,10000,543000,543000
054497,國巨永豐96購05  ,0,0,0,0,0,0,0,0,0,542000,0,0,0,1038000,496000,542000,542000
05484P,台積電凱基95售18,0,0,0,0,0,0,0,0,0,541000,0,0,0,599000,58000,541000,541000
049125,禾伸堂元富94購01,0,0,0,0,0,0,0,0,0,537000,0,0,0,601000,64000,537000,537000
2498,宏達電          ,985000,533000,452000,0,0,0,0,0,0,84000,107000,141000,-34000,130000,12000,118000,536000
050333,鴻海國泰96購06  ,0,0,0,0,0,0,0,0,0,534000,0,0,0,556000,22000,534000,534000
054685,國巨永豐97購02  ,0,0,0,0,0,0,0,0,0,533000,0,0,0,1308000,775000,533000,533000
052663,奇鋐國票97購01  ,0,0,0,0,0,0,0,0,0,533000,0,0,0,536000,3000,533000,533000
047504,滬深2X國票9A購01,0,0,0,0,0,0,0,0,0,528000,0,0,0,580000,52000,528000,528000
06347P,祥碩元富97售02  ,0,0,0,0,0,0,0,0,0,527000,0,0,0,995000,468000,527000,527000
053095,台光電統一98購01,0,0,0,0,0,0,0,0,0,521000,0,0,0,609000,88000,521000,521000
054678,麗豐台新98購02  ,0,0,0,0,0,0,0,0,0,516000,0,0,0,685000,169000,516000,516000
03358P,金像電群益02售03,0,0,0,0,0,0,0,0,0,515000,0,0,0,515000,0,515000,515000
055391,光罩統一97購02  ,0,0,0,0,0,0,0,0,0,514000,0,0,0,635000,121000,514000,514000
054495,滬深2X永豐97購02,0,0,0,0,0,0,0,0,0,512000,0,0,0,512000,0,512000,512000
049245,和鑫元富95購01  ,0,0,0,0,0,0,0,0,0,511000,0,0,0,547000,36000,511000,511000
053637,強茂永豐96購01  ,0,0,0,0,0,0,0,0,0,510000,0,0,0,677000,167000,510000,510000
046053,滬深2X群益94購01,0,0,0,0,0,0,0,0,0,509000,0,0,0,639000,130000,509000,509000
056271,嘉澤統一97購01  ,0,0,0,0,0,0,0,0,0,508000,0,0,0,518000,10000,508000,508000
051141,鈺齊永豐95購01  ,0,0,0,0,0,0,0,0,0,507000,0,0,0,553000,46000,507000,507000
045600,道瓊指國票95購01,0,0,0,0,0,0,0,0,0,504000,0,0,0,504000,0,504000,504000
049213,滬深2X國票94購02,0,0,0,0,0,0,0,0,0,504000,0,0,0,504000,0,504000,504000
053563,台積電富邦97購01,0,0,0,0,0,0,0,0,0,504000,0,0,0,1155000,651000,504000,504000
052295,揚明光國票96購03,0,0,0,0,0,0,0,0,0,503000,0,0,0,503000,0,503000,503000
06335P,台積電麥證97售02,0,0,0,520000,17000,503000,0,0,0,503000,0,0,0,520000,17000,503000,503000
05449P,臺股指元大95售26,0,0,0,0,0,0,0,0,0,501000,0,0,0,969000,468000,501000,501000
03293P,和碩元大02售01  ,0,0,0,0,0,0,0,0,0,500000,0,0,0,500000,0,500000,500000
04272P,元上證凱基94售01,0,0,0,0,0,0,0,0,0,500000,0,0,0,875000,375000,500000,500000
052101,滬深2X兆豐96購01,0,0,0,0,0,0,0,0,0,500000,0,0,0,500000,0,500000,500000
03576P,台灣50元富06售01,0,0,0,0,0,0,0,0,0,499000,0,0,0,569000,70000,499000,499000
045790,瀚宇博元大92購01,0,0,0,0,0,0,0,0,0,499000,0,0,0,499000,0,499000,499000
048470,神基永豐93購01  ,0,0,0,0,0,0,0,0,0,499000,0,0,0,499000,0,499000,499000
048484,大立光國泰95購02,0,0,0,0,0,0,0,0,0,499000,0,0,0,558000,59000,499000,499000
048841,聯茂凱基94購06  ,0,0,0,0,0,0,0,0,0,499000,0,0,0,499000,0,499000,499000
2354,鴻準            ,1769000,1220000,549000,0,0,0,2000,0,2000,-52000,0,52000,-52000,0,0,0,499000
2456,奇力新          ,1329000,961000,368000,0,0,0,334000,0,334000,-204000,263000,241000,22000,54000,280000,-226000,498000
049720,欣興凱基94購05  ,0,0,0,0,0,0,0,0,0,491000,0,0,0,501000,10000,491000,491000
04854P,鴻海國泰96售04  ,0,0,0,0,0,0,0,0,0,488000,0,0,0,528000,40000,488000,488000
1227,佳格            ,573500,207000,366500,0,0,0,153000,0,153000,-33000,1000,34000,-33000,0,0,0,486500
054488,禾伸堂台新96購01,0,0,0,0,0,0,0,0,0,486000,0,0,0,486000,0,486000,486000
052937,國巨兆豐97購01  ,0,0,0,0,0,0,0,0,0,486000,0,0,0,613000,127000,486000,486000
048156,正崴兆豐93購01  ,0,0,0,0,0,0,0,0,0,485000,0,0,0,485000,0,485000,485000
052988,智易元大96購02  ,0,0,0,0,0,0,0,0,0,485000,0,0,0,492000,7000,485000,485000
050754,元金2X元富9B購01,0,0,0,0,0,0,0,0,0,484000,0,0,0,704000,220000,484000,484000
051283,亞德客統一95購01,0,0,0,0,0,0,0,0,0,480000,0,0,0,557000,77000,480000,480000
052856,滬深2X凱基98購01,0,0,0,0,0,0,0,0,0,479000,0,0,0,479000,0,479000,479000
054507,鈺齊永豐96購01  ,0,0,0,0,0,0,0,0,0,477000,0,0,0,497000,20000,477000,477000
054714,和鑫台新98購01  ,0,0,0,0,0,0,0,0,0,475000,0,0,0,477000,2000,475000,475000
049922,禾伸堂元大95購01,0,0,0,0,0,0,0,0,0,474000,0,0,0,622000,148000,474000,474000
055849,聯詠元大97購05  ,0,0,0,0,0,0,0,0,0,473000,0,0,0,480000,7000,473000,473000
054465,亞光凱基97購01  ,0,0,0,0,0,0,0,0,0,472000,0,0,0,650000,178000,472000,472000
054243,國喬元大96購01  ,0,0,0,0,0,0,0,0,0,472000,0,0,0,472000,0,472000,472000
046980,智邦兆豐94購01  ,0,0,0,0,0,0,0,0,0,472000,0,0,0,622000,150000,472000,472000
051142,臺股指永豐95購02,0,0,0,0,0,0,0,0,0,471000,0,0,0,702000,231000,471000,471000
040498,滬深2X國票92購01,0,0,0,0,0,0,0,0,0,470000,0,0,0,470000,0,470000,470000
050101,台積電永昌96購03,0,0,0,0,0,0,0,0,0,469000,0,0,0,599000,130000,469000,469000
046066,長榮航凱基94購01,0,0,0,0,0,0,0,0,0,469000,0,0,0,469000,0,469000,469000
052405,聯茂凱基95購01  ,0,0,0,0,0,0,0,0,0,469000,0,0,0,499000,30000,469000,469000
056085,聯發科統一97購01,0,0,0,0,0,0,0,0,0,468000,0,0,0,468000,0,468000,468000
051185,強茂永豐95購03  ,0,0,0,0,0,0,0,0,0,468000,0,0,0,478000,10000,468000,468000
049765,上証2X元富94購01,0,0,0,0,0,0,0,0,0,468000,0,0,0,468000,0,468000,468000
048745,儒鴻元富97購02  ,0,0,0,0,0,0,0,0,0,464000,0,0,0,464000,0,464000,464000
052923,台積電永豐96購02,0,0,0,0,0,0,0,0,0,464000,0,0,0,475000,11000,464000,464000
053105,鴻海兆豐97購01  ,0,0,0,0,0,0,0,0,0,459000,0,0,0,459000,0,459000,459000
051096,日月光元大95購01,0,0,0,0,0,0,0,0,0,458000,0,0,0,616000,158000,458000,458000
048797,美律國泰95購02  ,0,0,0,0,0,0,0,0,0,455000,0,0,0,497000,42000,455000,455000
047354,訊芯凱基94購01  ,0,0,0,0,0,0,0,0,0,453000,0,0,0,462000,9000,453000,453000
049825,台積電凱基94購26,0,0,0,0,0,0,0,0,0,452000,0,0,0,606000,154000,452000,452000
044347,上証2X元大94購01,0,0,0,0,0,0,0,0,0,450000,0,0,0,450000,0,450000,450000
049706,世紀鋼元大95購02,0,0,0,0,0,0,0,0,0,450000,0,0,0,468000,18000,450000,450000
042805,智邦統一93購01  ,0,0,0,0,0,0,0,0,0,448000,0,0,0,458000,10000,448000,448000
055392,凱美統一97購03  ,0,0,0,0,0,0,0,0,0,445000,0,0,0,559000,114000,445000,445000
050331,鈺齊永豐94購02  ,0,0,0,0,0,0,0,0,0,443000,0,0,0,443000,0,443000,443000
051519,國泰金凱基95購02,2000,0,2000,0,0,0,0,0,0,441000,0,0,0,443000,2000,441000,443000
053825,南電群益96購02  ,0,0,0,0,0,0,0,0,0,442000,0,0,0,474000,32000,442000,442000
051943,台積電麥證95購03,0,0,0,454000,13000,441000,0,0,0,441000,0,0,0,454000,13000,441000,441000
052442,中環元大95購02  ,0,0,0,0,0,0,0,0,0,441000,0,0,0,462000,21000,441000,441000
052250,光磊永豐95購01  ,0,0,0,0,0,0,0,0,0,441000,0,0,0,441000,0,441000,441000
03647C,T50反1元富99牛02,0,0,0,0,0,0,0,0,0,440000,0,0,0,890000,450000,440000,440000
052296,TPK國票96購01   ,0,0,0,0,0,0,0,0,0,438000,0,0,0,1771000,1333000,438000,438000
051786,A50正2國票95購02,0,0,0,0,0,0,0,0,0,438000,0,0,0,930000,492000,438000,438000
049889,欣興國泰96購01  ,0,0,0,0,0,0,0,0,0,433000,0,0,0,543000,110000,433000,433000
053024,國巨富邦97購02  ,0,0,0,0,0,0,0,0,0,431000,0,0,0,555000,124000,431000,431000
048286,滬深2X兆豐94購04,0,0,0,0,0,0,0,0,0,429000,0,0,0,749000,320000,429000,429000
053439,台積電凱基96購11,0,0,0,0,0,0,0,0,0,428000,0,0,0,485000,57000,428000,428000
055973,亞德客統一97購01,0,0,0,0,0,0,0,0,0,425000,0,0,0,694000,269000,425000,425000
5469,瀚宇博          ,2316000,1745023,570977,0,0,0,0,0,0,-146000,0,5000,-5000,12000,153000,-141000,424977
051947,矽力統一95購01  ,0,0,0,0,0,0,0,0,0,424000,0,0,0,504000,80000,424000,424000
3338,泰碩            ,777000,620000,157000,0,0,0,0,0,0,267000,317000,51000,266000,8000,7000,1000,424000
048073,南電元富93購02  ,0,0,0,0,0,0,0,0,0,423000,0,0,0,423000,0,423000,423000
056289,合勤控永豐97購01,0,0,0,0,0,0,0,0,0,422000,0,0,0,422000,0,422000,422000
051168,訊連元大95購02  ,0,0,0,0,0,0,0,0,0,419000,0,0,0,419000,0,419000,419000
050834,啟碁凱基95購01  ,0,0,0,0,0,0,0,0,0,417000,0,0,0,475000,58000,417000,417000
051368,國泰金富邦97購01,0,0,0,0,0,0,0,0,0,417000,0,0,0,417000,0,417000,417000
4725,信昌化          ,482000,67000,415000,0,0,0,0,0,0,-2000,0,2000,-2000,0,0,0,413000
055621,國巨國泰98購03  ,0,0,0,0,0,0,0,0,0,412000,0,0,0,492000,80000,412000,412000
054726,台積電日盛97購01,0,0,0,0,0,0,0,0,0,412000,0,0,0,549000,137000,412000,412000
047624,台達電國票93購01,0,0,0,0,0,0,0,0,0,412000,0,0,0,413000,1000,412000,412000
047232,禾伸堂凱基93購02,0,0,0,0,0,0,0,0,0,412000,0,0,0,432000,20000,412000,412000
055894,欣興統一97購03  ,0,0,0,0,0,0,0,0,0,411000,0,0,0,447000,36000,411000,411000
04496P,國巨國泰96售02  ,0,0,0,0,0,0,0,0,0,410000,0,0,0,445000,35000,410000,410000
06414P,矽力凱基97售03  ,0,0,0,0,0,0,0,0,0,409000,0,0,0,511000,102000,409000,409000
055664,和大群益98購02  ,0,0,0,0,0,0,0,0,0,406000,0,0,0,716000,310000,406000,406000
056272,嘉澤統一99購01  ,0,0,0,0,0,0,0,0,0,406000,0,0,0,439000,33000,406000,406000
055023,億光國泰98購01  ,0,0,0,0,0,0,0,0,0,406000,0,0,0,575000,169000,406000,406000
052246,超眾康和95購01  ,0,0,0,0,0,0,0,0,0,406000,0,0,0,406000,0,406000,406000
06394P,台積電元大97售28,0,0,0,0,0,0,0,0,0,406000,0,0,0,506000,100000,406000,406000
053996,晶相光群益97購01,0,0,0,0,0,0,0,0,0,405000,0,0,0,523000,118000,405000,405000
056189,樺漢統一97購02  ,0,0,0,0,0,0,0,0,0,404000,0,0,0,404000,0,404000,404000
043944,欣興兆豐93購02  ,0,0,0,0,0,0,0,0,0,404000,0,0,0,414000,10000,404000,404000
043457,鴻海元大93購01  ,0,0,0,0,0,0,0,0,0,404000,0,0,0,723000,319000,404000,404000
050926,禾伸堂凱基95購01,0,0,0,0,0,0,0,0,0,402000,0,0,0,452000,50000,402000,402000
6592,和潤企業        ,446000,43000,403000,0,0,0,0,0,0,-2000,0,2000,-2000,0,0,0,401000
045414,康控群益94購02  ,0,0,0,0,0,0,0,0,0,400000,0,0,0,410000,10000,400000,400000
048578,滬深2X富邦93購04,0,0,0,0,0,0,0,0,0,400000,0,0,0,400000,0,400000,400000
053469,光磊元大97購01  ,0,0,0,0,0,0,0,0,0,400000,0,0,0,400000,0,400000,400000
053846,友達元富99購02  ,0,0,0,0,0,0,0,0,0,399000,0,0,0,679000,280000,399000,399000
055420,欣興永豐98購01  ,0,0,0,0,0,0,0,0,0,397000,0,0,0,599000,202000,397000,397000
056145,緯穎元大98購03  ,0,0,0,0,0,0,0,0,0,395000,0,0,0,603000,208000,395000,395000
053181,滬深2X元富99購02,0,0,0,0,0,0,0,0,0,393000,0,0,0,470000,77000,393000,393000
054581,訊芯元大97購02  ,0,0,0,0,0,0,0,0,0,392000,0,0,0,504000,112000,392000,392000
044602,大立光國泰93購01,0,0,0,0,0,0,0,0,0,391000,0,0,0,428000,37000,391000,391000
046020,滬深2X元大95購02,0,0,0,0,0,0,0,0,0,390000,0,0,0,430000,40000,390000,390000
050097,可成國泰96購02  ,0,0,0,0,0,0,0,0,0,390000,0,0,0,445000,55000,390000,390000
044879,上証2X群益93購01,0,0,0,0,0,0,0,0,0,389000,0,0,0,399000,10000,389000,389000
050185,和鑫元大95購02  ,0,0,0,0,0,0,0,0,0,388000,0,0,0,396000,8000,388000,388000
055863,緯穎元大97購05  ,0,0,0,0,0,0,0,0,0,386000,0,0,0,787000,401000,386000,386000
053132,國巨國票97購02  ,0,0,0,0,0,0,0,0,0,385000,0,0,0,400000,15000,385000,385000
055754,和大兆豐97購01  ,0,0,0,0,0,0,0,0,0,381000,0,0,0,548000,167000,381000,381000
047678,景碩台新93購01  ,0,0,0,0,0,0,0,0,0,381000,0,0,0,381000,0,381000,381000
053532,台積電永豐96購03,0,0,0,0,0,0,0,0,0,380000,0,0,0,425000,45000,380000,380000
1605,華新            ,1597000,1071000,526000,0,0,0,1000,0,1000,-147000,0,202000,-202000,144000,89000,55000,380000
2723,美食-KY         ,912000,468000,444000,0,0,0,0,60000,-60000,-5000,1000,13000,-12000,26000,19000,7000,379000
054484,仁寶台新96購01  ,0,0,0,0,0,0,0,0,0,378000,0,0,0,378000,0,378000,378000
03769P,聯發科元大93售04,0,0,0,0,0,0,0,0,0,378000,0,0,0,1595000,1217000,378000,378000
050284,台泥凱基94購01  ,0,0,0,0,0,0,0,0,0,377000,0,0,0,387000,10000,377000,377000
048305,深100凱基96購01 ,0,0,0,0,0,0,0,0,0,377000,0,0,0,576000,199000,377000,377000
048872,玉晶光國票94購02,0,0,0,0,0,0,0,0,0,377000,0,0,0,427000,50000,377000,377000
4977,眾達-KY         ,346000,396000,-50000,0,0,0,496000,0,496000,-69000,1000,70000,-69000,0,0,0,377000
055334,禾伸堂兆豐97購01,0,0,0,0,0,0,0,0,0,375000,0,0,0,421000,46000,375000,375000
053736,友達麥證96購01  ,0,0,0,614000,260000,354000,0,0,0,373000,0,0,0,633000,260000,373000,373000
048848,滬深2X群益98購02,0,0,0,0,0,0,0,0,0,371000,0,0,0,561000,190000,371000,371000
053284,樺漢元大97購01  ,0,0,0,0,0,0,0,0,0,371000,0,0,0,414000,43000,371000,371000
05780P,台積電統一96售07,0,0,0,0,0,0,0,0,0,371000,0,0,0,463000,92000,371000,371000
053398,和鑫中信99購01  ,0,0,0,0,0,0,0,0,0,370000,0,0,0,448000,78000,370000,370000
052023,鈺齊永豐95購02  ,0,0,0,0,0,0,0,0,0,370000,0,0,0,370000,0,370000,370000
047289,啟碁統一97購01  ,0,0,0,0,0,0,0,0,0,368000,0,0,0,402000,34000,368000,368000
04966P,台表科元大94售04,0,0,0,0,0,0,0,0,0,367000,0,0,0,400000,33000,367000,367000
1536,和大            ,854000,561000,293000,0,0,0,122000,0,122000,-48000,51000,99000,-48000,74000,74000,0,367000
054713,國巨中信9B購01  ,0,0,0,0,0,0,0,0,0,366000,0,0,0,957000,591000,366000,366000
055079,台光電中信97購01,0,0,0,0,0,0,0,0,0,364000,0,0,0,394000,30000,364000,364000
048142,聯電統一93購01  ,0,0,0,0,0,0,0,0,0,361000,0,0,0,469000,108000,361000,361000
045480,滬深2X中信94購01,0,0,0,0,0,0,0,0,0,360000,0,0,0,660000,300000,360000,360000
050088,禾伸堂台新94購01,0,0,0,0,0,0,0,0,0,360000,0,0,0,370000,10000,360000,360000
051097,嘉聯益元大96購02,0,0,0,0,0,0,0,0,0,360000,0,0,0,360000,0,360000,360000
03520P,臺股指國票02售09,0,0,0,0,0,0,0,0,0,358000,0,0,0,358000,0,358000,358000
051212,國巨統一95購01  ,0,0,0,0,0,0,0,0,0,357000,0,0,0,402000,45000,357000,357000
053642,瀚宇博永豐96購01,0,0,0,0,0,0,0,0,0,357000,0,0,0,357000,0,357000,357000
06180P,禾伸堂群益97售01,0,0,0,0,0,0,0,0,0,357000,0,0,0,429000,72000,357000,357000
054222,大立光統一98購03,0,0,0,0,0,0,0,0,0,355000,0,0,0,360000,5000,355000,355000
05560P,友達兆豐96售01  ,0,0,0,0,0,0,0,0,0,355000,0,0,0,355000,0,355000,355000
050975,楠梓電統一95購01,0,0,0,0,0,0,0,0,0,355000,0,0,0,772000,417000,355000,355000
049780,智易統一94購02  ,0,0,0,0,0,0,0,0,0,353000,0,0,0,354000,1000,353000,353000
053989,奇力新兆豐97購01,0,0,0,0,0,0,0,0,0,353000,0,0,0,569000,216000,353000,353000
053154,聯詠元大96購01  ,0,0,0,0,0,0,0,0,0,353000,0,0,0,467000,114000,353000,353000
052042,台積電日盛95購02,0,0,0,0,0,0,0,0,0,353000,0,0,0,588000,235000,353000,353000
049265,揚明光元大94購03,0,0,0,0,0,0,0,0,0,352000,0,0,0,352000,0,352000,352000
052308,大立光國泰97購02,0,0,0,0,0,0,0,0,0,352000,0,0,0,467000,115000,352000,352000
055478,訊芯凱基97購01  ,0,0,0,0,0,0,0,0,0,351000,0,0,0,391000,40000,351000,351000
055942,臺股指群益9C購01,0,0,0,0,0,0,0,0,0,351000,0,0,0,461000,110000,351000,351000
051665,台積電元大96購07,0,0,0,0,0,0,0,0,0,351000,0,0,0,667000,316000,351000,351000
043050,欣興國泰93購01  ,0,0,0,0,0,0,0,0,0,350000,0,0,0,376000,26000,350000,350000
049594,揚明光元大95購01,0,0,0,0,0,0,0,0,0,350000,0,0,0,350000,0,350000,350000
046734,華通國票93購02  ,0,0,0,0,0,0,0,0,0,349000,0,0,0,349000,0,349000,349000
044408,聯茂凱基93購02  ,0,0,0,0,0,0,0,0,0,348000,0,0,0,375000,27000,348000,348000
046626,台光電統一94購01,0,0,0,0,0,0,0,0,0,347000,0,0,0,367000,20000,347000,347000
5388,中磊            ,563000,182000,381000,0,0,0,0,2000,-2000,-32106,0,8000,-8000,16000,40106,-24106,346894
04670P,臺股指國票94售09,0,0,0,0,0,0,0,0,0,345000,0,0,0,370000,25000,345000,345000
045449,嘉聯益國泰94購01,0,0,0,0,0,0,0,0,0,345000,0,0,0,375000,30000,345000,345000
053961,揚明光永豐96購04,0,0,0,0,0,0,0,0,0,345000,0,0,0,345000,0,345000,345000
051258,鈺齊國泰97購01  ,0,0,0,0,0,0,0,0,0,344000,0,0,0,344000,0,344000,344000
048937,玉晶光永豐95購01,0,0,0,0,0,0,0,0,0,343000,0,0,0,447000,104000,343000,343000
054257,揚明光元大96購02,0,0,0,0,0,0,0,0,0,340000,0,0,0,350000,10000,340000,340000
053247,麗豐國票97購01  ,0,0,0,0,0,0,0,0,0,340000,0,0,0,416000,76000,340000,340000
051825,中環元大95購01  ,0,0,0,0,0,0,0,0,0,340000,0,0,0,345000,5000,340000,340000
052385,滬深2X群益99購05,0,0,0,0,0,0,0,0,0,340000,0,0,0,509000,169000,340000,340000
045861,智邦統一93購02  ,0,0,0,0,0,0,0,0,0,339000,0,0,0,556000,217000,339000,339000
050879,樺漢統一95購02  ,0,0,0,0,0,0,0,0,0,338000,0,0,0,368000,30000,338000,338000
052729,國巨國泰97購03  ,0,0,0,0,0,0,0,0,0,338000,0,0,0,338000,0,338000,338000
052974,瀚宇博群益96購01,0,0,0,0,0,0,0,0,0,337000,0,0,0,337000,0,337000,337000
055106,台積電凱基98購05,0,0,0,0,0,0,0,0,0,336000,0,0,0,463000,127000,336000,336000
048312,致茂凱基93購02  ,0,0,0,0,0,0,0,0,0,336000,0,0,0,336000,0,336000,336000
054890,聯鈞統一99購01  ,0,0,0,0,0,0,0,0,0,335000,0,0,0,359000,24000,335000,335000
053625,國巨兆豐96購03  ,0,0,0,0,0,0,0,0,0,334000,0,0,0,604000,270000,334000,334000
052941,康控兆豐97購01  ,0,0,0,0,0,0,0,0,0,333000,0,0,0,344000,11000,333000,333000
054082,楠梓電元富96購01,0,0,0,0,0,0,0,0,0,332000,0,0,0,402000,70000,332000,332000
1904,正隆            ,654000,281000,373000,0,0,0,0,0,0,-41000,0,41000,-41000,0,0,0,332000
056194,聯發科富邦9B購01,0,0,0,0,0,0,0,0,0,331000,0,0,0,421000,90000,331000,331000
046795,瀚宇博元富93購01,0,0,0,0,0,0,0,0,0,330000,0,0,0,330000,0,330000,330000
049371,可成元大94購04  ,0,0,0,0,0,0,0,0,0,330000,0,0,0,330000,0,330000,330000
050164,揚明光國泰95購01,0,0,0,0,0,0,0,0,0,330000,0,0,0,350000,20000,330000,330000
051671,和鑫元大96購02  ,0,0,0,0,0,0,0,0,0,330000,0,0,0,330000,0,330000,330000
03021P,玉晶光群益02售25,0,0,0,0,0,0,0,0,0,329000,0,0,0,329000,0,329000,329000
055447,華新科統一97購04,0,0,0,0,0,0,0,0,0,325000,0,0,0,634000,309000,325000,325000
054622,漢唐第一97購01  ,0,0,0,0,0,0,0,0,0,325000,0,0,0,325000,0,325000,325000
053019,禾伸堂元富96購01,0,0,0,0,0,0,0,0,0,325000,0,0,0,335000,10000,325000,325000
056190,昇陽半統一97購01,0,0,0,0,0,0,0,0,0,323000,0,0,0,351000,28000,323000,323000
055176,大毅統一98購02  ,0,0,0,0,0,0,0,0,0,320000,0,0,0,644000,324000,320000,320000
047160,台郡國票94購01  ,0,0,0,0,0,0,0,0,0,319000,0,0,0,416000,97000,319000,319000
048145,大立光統一93購10,0,0,0,0,0,0,0,0,0,319000,0,0,0,319000,0,319000,319000
053630,奇鋐兆豐97購01  ,0,0,0,0,0,0,0,0,0,319000,0,0,0,329000,10000,319000,319000
051743,揚明光國票96購02,0,0,0,0,0,0,0,0,0,319000,0,0,0,319000,0,319000,319000
050390,聯發科統一94購09,0,0,0,0,0,0,0,0,0,318000,0,0,0,338000,20000,318000,318000
054528,台光電統一96購02,0,0,0,0,0,0,0,0,0,317000,0,0,0,317000,0,317000,317000
054121,奇鋐永豐96購02  ,0,0,0,0,0,0,0,0,0,315000,0,0,0,319000,4000,315000,315000
048676,和鑫國泰94購02  ,0,0,0,0,0,0,0,0,0,315000,0,0,0,335000,20000,315000,315000
048499,達運元大96購01  ,0,0,0,0,0,0,0,0,0,314000,0,0,0,363000,49000,314000,314000
047202,欣興元富96購01  ,0,0,0,0,0,0,0,0,0,313000,0,0,0,508000,195000,313000,313000
048928,華新科永豐94購02,0,0,0,0,0,0,0,0,0,313000,0,0,0,441000,128000,313000,313000
054844,華邦電兆豐98購01,0,0,0,0,0,0,0,0,0,311000,0,0,0,446000,135000,311000,311000
050093,國巨永豐94購05  ,0,0,0,0,0,0,0,0,0,311000,0,0,0,311000,0,311000,311000
049757,聯茂永豐94購01  ,0,0,0,0,0,0,0,0,0,310000,0,0,0,310000,0,310000,310000
055520,矽力中信97購02  ,0,0,0,0,0,0,0,0,0,309000,0,0,0,356000,47000,309000,309000
052431,茂林永豐95購03  ,0,0,0,0,0,0,0,0,0,309000,0,0,0,309000,0,309000,309000
053797,台積電中信98購01,0,0,0,0,0,0,0,0,0,308000,0,0,0,390000,82000,308000,308000
052931,麗豐元大97購01  ,0,0,0,0,0,0,0,0,0,308000,0,0,0,352000,44000,308000,308000
054229,超眾元富96購05  ,0,0,0,0,0,0,0,0,0,307000,0,0,0,308000,1000,307000,307000
051904,深100元大95購01 ,0,0,0,0,0,0,0,0,0,307000,0,0,0,307000,0,307000,307000
053626,台積電兆豐96購03,0,0,0,0,0,0,0,0,0,306000,0,0,0,401000,95000,306000,306000
055038,華航富邦99購01  ,0,0,0,0,0,0,0,0,0,302000,0,0,0,520000,218000,302000,302000
044816,漢唐兆豐93購02  ,0,0,0,0,0,0,0,0,0,302000,0,0,0,312000,10000,302000,302000
055287,日電貿元大97購01,0,0,0,0,0,0,0,0,0,301000,0,0,0,301000,0,301000,301000
051869,康控凱基96購01  ,0,0,0,0,0,0,0,0,0,301000,0,0,0,301000,0,301000,301000
054437,欣興台新97購02  ,0,0,0,0,0,0,0,0,0,300000,0,0,0,330000,30000,300000,300000
044610,A50正2兆豐93購01,0,0,0,0,0,0,0,0,0,300000,0,0,0,300000,0,300000,300000
03375P,玉晶光元大02售07,0,0,0,0,0,0,0,0,0,300000,0,0,0,2495000,2195000,300000,300000
046206,為升國泰93購01  ,0,0,0,0,0,0,0,0,0,300000,0,0,0,300000,0,300000,300000
047944,中石化元富96購01,0,0,0,0,0,0,0,0,0,300000,0,0,0,300000,0,300000,300000
053115,滬深2X中信97購01,0,0,0,0,0,0,0,0,0,300000,0,0,0,320000,20000,300000,300000
055887,上銀統一97購03  ,0,0,0,0,0,0,0,0,0,299000,0,0,0,364000,65000,299000,299000
047904,臺指反元大96購01,0,0,0,0,0,0,0,0,0,299000,0,0,0,299000,0,299000,299000
047647,麗豐元大93購03  ,0,0,0,0,0,0,0,0,0,299000,0,0,0,408000,109000,299000,299000
052928,美律元大98購01  ,0,0,0,0,0,0,0,0,0,298000,0,0,0,428000,130000,298000,298000
053537,玉晶光永豐98購02,0,0,0,0,0,0,0,0,0,298000,0,0,0,331000,33000,298000,298000
05174P,元金2X富邦9B售01,0,0,0,0,0,0,0,0,0,298000,0,0,0,328000,30000,298000,298000
055657,超眾元富97購02  ,0,0,0,0,0,0,0,0,0,296000,0,0,0,332000,36000,296000,296000
050220,台積電元富96購01,0,0,0,0,0,0,0,0,0,296000,0,0,0,554000,258000,296000,296000
048261,鴻海元富95購01  ,0,0,0,0,0,0,0,0,0,296000,0,0,0,366000,70000,296000,296000
053215,禾伸堂凱基96購01,0,0,0,0,0,0,0,0,0,296000,0,0,0,302000,6000,296000,296000
048829,欣興凱基94購02  ,0,0,0,0,0,0,0,0,0,295000,0,0,0,345000,50000,295000,295000
054006,智易統一97購01  ,0,0,0,0,0,0,0,0,0,295000,0,0,0,345000,50000,295000,295000
050658,台郡麥證96購01  ,0,0,0,392000,99000,293000,0,0,0,293000,0,0,0,392000,99000,293000,293000
054652,裕隆麥證97購01  ,0,0,0,322000,30000,292000,0,0,0,292000,0,0,0,322000,30000,292000,292000
054882,台光電統一97購02,0,0,0,0,0,0,0,0,0,292000,0,0,0,292000,0,292000,292000
054942,凱美元大97購02  ,0,0,0,0,0,0,0,0,0,292000,0,0,0,346000,54000,292000,292000
04021P,寶滬深元富93售01,0,0,0,0,0,0,0,0,0,292000,0,0,0,300000,8000,292000,292000
044016,義隆凱基93購01  ,0,0,0,0,0,0,0,0,0,292000,0,0,0,317000,25000,292000,292000
05807P,泰鼎永豐96售03  ,0,0,0,0,0,0,0,0,0,292000,0,0,0,338000,46000,292000,292000
8271,宇瞻            ,543000,250000,293000,0,0,0,0,0,0,-1000,1000,2000,-1000,0,0,0,292000
8926,台汽電          ,603000,277000,326000,0,0,0,8000,0,8000,-42000,10000,52000,-42000,0,0,0,292000
055660,台光電兆豐97購01,0,0,0,0,0,0,0,0,0,291000,0,0,0,311000,20000,291000,291000
052920,景碩台新96購02  ,0,0,0,0,0,0,0,0,0,291000,0,0,0,311000,20000,291000,291000
055533,大立光群益97購03,0,0,0,0,0,0,0,0,0,290000,0,0,0,290000,0,290000,290000
055917,禾伸堂凱基98購02,0,0,0,0,0,0,0,0,0,290000,0,0,0,310000,20000,290000,290000
050403,台積電麥證94購02,0,0,0,290000,0,290000,0,0,0,290000,0,0,0,290000,0,290000,290000
048828,禾伸堂凱基94購02,0,0,0,0,0,0,0,0,0,290000,0,0,0,315000,25000,290000,290000
051228,聯發科群益95購03,0,0,0,0,0,0,0,0,0,290000,0,0,0,499000,209000,290000,290000
052498,台積電永豐95購06,0,0,0,0,0,0,0,0,0,290000,0,0,0,566000,276000,290000,290000
055170,光磊統一97購01  ,0,0,0,0,0,0,0,0,0,289000,0,0,0,289000,0,289000,289000
049962,台光電元富94購01,0,0,0,0,0,0,0,0,0,288000,0,0,0,337000,49000,288000,288000
051930,國泰金兆豐97購01,0,0,0,0,0,0,0,0,0,288000,0,0,0,288000,0,288000,288000
6196,帆宣            ,373000,55000,318000,0,0,0,0,0,0,-30000,0,1000,-1000,6000,35000,-29000,288000
054335,緯穎永豐96購02  ,0,0,0,0,0,0,0,0,0,287000,0,0,0,361000,74000,287000,287000
055694,光罩國票98購01  ,0,0,0,0,0,0,0,0,0,287000,0,0,0,322000,35000,287000,287000
055695,大毅國票98購03  ,0,0,0,0,0,0,0,0,0,287000,0,0,0,364000,77000,287000,287000
049025,華擎群益94購01  ,0,0,0,0,0,0,0,0,0,287000,0,0,0,293000,6000,287000,287000
052809,訊芯元大97購01  ,0,0,0,0,0,0,0,0,0,287000,0,0,0,571000,284000,287000,287000
053843,訊芯統一96購01  ,0,0,0,0,0,0,0,0,0,287000,0,0,0,317000,30000,287000,287000
054672,華新科國泰99購01,0,0,0,0,0,0,0,0,0,285000,0,0,0,379000,94000,285000,285000
042941,永冠國票93購01  ,0,0,0,0,0,0,0,0,0,285000,0,0,0,289000,4000,285000,285000
052261,台泥第一95購01  ,0,0,0,0,0,0,0,0,0,285000,0,0,0,285000,0,285000,285000
046931,聯詠統一93購01  ,0,0,0,0,0,0,0,0,0,284000,0,0,0,284000,0,284000,284000
051642,鈺齊台新95購01  ,0,0,0,0,0,0,0,0,0,284000,0,0,0,322000,38000,284000,284000
051655,欣興元富95購04  ,0,0,0,0,0,0,0,0,0,281000,0,0,0,371000,90000,281000,281000
051278,臻鼎中信97購02  ,0,0,0,0,0,0,0,0,0,280000,0,0,0,280000,0,280000,280000
052849,可成統一97購01  ,0,0,0,0,0,0,0,0,0,279000,0,0,0,550000,271000,279000,279000
054419,嘉聯益元大98購02,0,0,0,0,0,0,0,0,0,278000,0,0,0,308000,30000,278000,278000
049736,宏達電群益95購03,0,0,0,0,0,0,0,0,0,278000,0,0,0,278000,0,278000,278000
047710,聯發科凱基93購21,0,0,0,0,0,0,0,0,0,278000,0,0,0,342000,64000,278000,278000
054680,華新科康和97購02,0,0,0,0,0,0,0,0,0,277000,0,0,0,568000,291000,277000,277000
051359,中信金元大95購01,0,0,0,0,0,0,0,0,0,277000,0,0,0,932000,655000,277000,277000
054307,高鐵凱基98購01  ,0,0,0,0,0,0,0,0,0,276000,0,0,0,276000,0,276000,276000
052124,京鼎國票95購01  ,0,0,0,0,0,0,0,0,0,276000,0,0,0,276000,0,276000,276000
054324,美律台新97購01  ,0,0,0,0,0,0,0,0,0,275000,0,0,0,285000,10000,275000,275000
056298,億光元大97購02  ,0,0,0,0,0,0,0,0,0,274000,0,0,0,338000,64000,274000,274000
054194,國巨麥證96購02  ,0,0,0,272000,0,272000,0,0,0,272000,0,0,0,272000,0,272000,272000
049820,世紀鋼元大96購03,0,0,0,0,0,0,0,0,0,272000,0,0,0,333000,61000,272000,272000
051670,欣興元大95購06  ,0,0,0,0,0,0,0,0,0,272000,0,0,0,369000,97000,272000,272000
053915,光罩國票96購02  ,0,0,0,0,0,0,0,0,0,272000,0,0,0,272000,0,272000,272000
2912,統一超          ,791000,481117,309883,0,0,0,2000,17000,-15000,-23000,0,23000,-23000,0,0,0,271883
046396,矽創國泰93購01  ,0,0,0,0,0,0,0,0,0,271000,0,0,0,364000,93000,271000,271000
00739,元大MSCI A股    ,0,1000,-1000,0,0,0,0,0,0,272000,0,0,0,749000,477000,272000,271000
054837,欣興第一97購01  ,0,0,0,0,0,0,0,0,0,270000,0,0,0,270000,0,270000,270000
055215,智邦凱基98購02  ,0,0,0,0,0,0,0,0,0,270000,0,0,0,311000,41000,270000,270000
055067,禾聯碩永豐97購01,0,0,0,0,0,0,0,0,0,270000,0,0,0,270000,0,270000,270000
053025,燿華富邦98購02  ,0,0,0,0,0,0,0,0,0,270000,0,0,0,352000,82000,270000,270000
054781,台化群益99購01  ,0,0,0,0,0,0,0,0,0,269000,0,0,0,291000,22000,269000,269000
048641,美律元大94購01  ,0,0,0,0,0,0,0,0,0,269000,0,0,0,280000,11000,269000,269000
045088,康控元大94購02  ,0,0,0,0,0,0,0,0,0,267000,0,0,0,277000,10000,267000,267000
050750,上銀統一94購02  ,0,0,0,0,0,0,0,0,0,267000,0,0,0,400000,133000,267000,267000
051028,台光電元富95購02,0,0,0,0,0,0,0,0,0,267000,0,0,0,609000,342000,267000,267000
052532,台積電國泰96購07,0,0,0,0,0,0,0,0,0,267000,0,0,0,397000,130000,267000,267000
049365,美律元大94購04  ,0,0,0,0,0,0,0,0,0,266000,0,0,0,276000,10000,266000,266000
049668,大立光國泰96購02,0,0,0,0,0,0,0,0,0,266000,0,0,0,458000,192000,266000,266000
052078,大立光元富95購10,0,0,0,0,0,0,0,0,0,266000,0,0,0,277000,11000,266000,266000
048624,美律台新93購01  ,0,0,0,0,0,0,0,0,0,265000,0,0,0,270000,5000,265000,265000
051752,緯穎富邦96購01  ,0,0,0,0,0,0,0,0,0,265000,0,0,0,438000,173000,265000,265000
053631,欣興兆豐97購01  ,0,0,0,0,0,0,0,0,0,265000,0,0,0,290000,25000,265000,265000
055332,奇力新兆豐98購01,0,0,0,0,0,0,0,0,0,264000,0,0,0,339000,75000,264000,264000
051075,智邦國泰97購01  ,0,0,0,0,0,0,0,0,0,264000,0,0,0,274000,10000,264000,264000
06193P,台積電元富97售04,0,0,0,0,0,0,0,0,0,264000,0,0,0,2156000,1892000,264000,264000
048823,漢唐凱基94購01  ,0,0,0,0,0,0,0,0,0,263000,0,0,0,303000,40000,263000,263000
047824,臺股指凱基93購18,0,0,0,0,0,0,0,0,0,263000,0,0,0,393000,130000,263000,263000
056262,台積電統一98購04,0,0,0,0,0,0,0,0,0,262000,0,0,0,273000,11000,262000,262000
054545,奇力新中信98購01,0,0,0,0,0,0,0,0,0,262000,0,0,0,375000,113000,262000,262000
03651C,臺股指凱基97牛17,0,0,0,0,0,0,0,0,0,262000,0,0,0,291000,29000,262000,262000
052733,台郡國泰97購01  ,0,0,0,0,0,0,0,0,0,262000,0,0,0,939000,677000,262000,262000
056328,訊芯兆豐98購01  ,0,0,0,0,0,0,0,0,0,261000,0,0,0,261000,0,261000,261000
055000,玉晶光元富97購04,0,0,0,0,0,0,0,0,0,260000,0,0,0,270000,10000,260000,260000
049465,美律台新94購01  ,0,0,0,0,0,0,0,0,0,260000,0,0,0,260000,0,260000,260000
047968,南電國泰94購01  ,0,0,0,0,0,0,0,0,0,260000,0,0,0,342000,82000,260000,260000
05732P,臺股指統一96售02,0,0,0,0,0,0,0,0,0,260000,0,0,0,260000,0,260000,260000
048665,欣興統一93購07  ,0,0,0,0,0,0,0,0,0,259000,0,0,0,259000,0,259000,259000
051570,和碩富邦97購01  ,0,0,0,0,0,0,0,0,0,259000,0,0,0,370000,111000,259000,259000
054534,台積電富邦98購03,0,0,0,0,0,0,0,0,0,258000,0,0,0,479000,221000,258000,258000
055733,奇力新元富97購01,0,0,0,0,0,0,0,0,0,258000,0,0,0,733000,475000,258000,258000
053559,台積電國泰98購01,0,0,0,0,0,0,0,0,0,258000,0,0,0,399000,141000,258000,258000
050552,禾伸堂凱基94購05,0,0,0,0,0,0,0,0,0,257000,0,0,0,282000,25000,257000,257000
048754,瀚宇博元富97購01,0,0,0,0,0,0,0,0,0,257000,0,0,0,257000,0,257000,257000
053673,超眾元富96購03  ,0,0,0,0,0,0,0,0,0,257000,0,0,0,312000,55000,257000,257000
3535,晶彩科          ,332000,76000,256000,0,0,0,0,0,0,0,0,0,0,0,0,0,256000
05450P,臺股指元大95售27,0,0,0,0,0,0,0,0,0,255000,0,0,0,756000,501000,255000,255000
055178,晶豪科統一97購01,0,0,0,0,0,0,0,0,0,255000,0,0,0,299000,44000,255000,255000
052594,友訊群益98購01  ,0,0,0,0,0,0,0,0,0,255000,0,0,0,835000,580000,255000,255000
053354,康控兆豐97購02  ,0,0,0,0,0,0,0,0,0,254000,0,0,0,254000,0,254000,254000
044466,和大群益93購01  ,0,0,0,0,0,0,0,0,0,253000,0,0,0,253000,0,253000,253000
052014,光罩永豐95購01  ,0,0,0,0,0,0,0,0,0,253000,0,0,0,262000,9000,253000,253000
050529,矽格元大94購05  ,0,0,0,0,0,0,0,0,0,252000,0,0,0,257000,5000,252000,252000
052779,欣興國票97購01  ,0,0,0,0,0,0,0,0,0,252000,0,0,0,252000,0,252000,252000
055322,欣興國票97購06  ,0,0,0,0,0,0,0,0,0,251000,0,0,0,301000,50000,251000,251000
053258,上証2X群益9A購03,0,0,0,0,0,0,0,0,0,251000,0,0,0,254000,3000,251000,251000
053925,群創國票98購01  ,0,0,0,0,0,0,0,0,0,251000,0,0,0,954000,703000,251000,251000
048496,南亞科元大93購05,0,0,0,0,0,0,0,0,0,250000,0,0,0,250000,0,250000,250000
048392,宏碁國票94購01  ,0,0,0,0,0,0,0,0,0,250000,0,0,0,250000,0,250000,250000
045079,大立光元大93購05,0,0,0,0,0,0,0,0,0,249000,0,0,0,249000,0,249000,249000
045893,貿聯元大92購04  ,0,0,0,0,0,0,0,0,0,249000,0,0,0,249000,0,249000,249000
051102,訊芯元大96購01  ,0,0,0,0,0,0,0,0,0,249000,0,0,0,249000,0,249000,249000
053164,台光電群益96購02,0,0,0,0,0,0,0,0,0,249000,0,0,0,249000,0,249000,249000
052848,聯發科統一96購03,0,0,0,0,0,0,0,0,0,249000,0,0,0,249000,0,249000,249000
052184,台光電群益95購03,0,0,0,0,0,0,0,0,0,249000,0,0,0,263000,14000,249000,249000
052993,欣興台新97購01  ,0,0,0,0,0,0,0,0,0,248000,0,0,0,248000,0,248000,248000
03417B,臺股指凱基95熊19,0,0,0,0,0,0,0,0,0,247000,0,0,0,292000,45000,247000,247000
052830,台光電群益96購01,0,0,0,0,0,0,0,0,0,247000,0,0,0,384000,137000,247000,247000
053281,茂林元大96購02  ,0,0,0,0,0,0,0,0,0,247000,0,0,0,247000,0,247000,247000
055708,茂林永豐97購02  ,0,0,0,0,0,0,0,0,0,246000,0,0,0,246000,0,246000,246000
054152,漢唐國泰98購02  ,0,0,0,0,0,0,0,0,0,246000,0,0,0,360000,114000,246000,246000
049933,GIS元大95購01   ,0,0,0,0,0,0,0,0,0,246000,0,0,0,251000,5000,246000,246000
053187,國巨統一96購05  ,0,0,0,0,0,0,0,0,0,246000,0,0,0,405000,159000,246000,246000
045795,瀚宇博兆豐94購01,0,0,0,0,0,0,0,0,0,245000,0,0,0,253000,8000,245000,245000
045168,欣興中信93購02  ,0,0,0,0,0,0,0,0,0,245000,0,0,0,245000,0,245000,245000
047664,智邦永豐93購02  ,0,0,0,0,0,0,0,0,0,245000,0,0,0,245000,0,245000,245000
054895,南電統一97購01  ,0,0,0,0,0,0,0,0,0,244000,0,0,0,244000,0,244000,244000
056099,上銀永豐97購02  ,0,0,0,0,0,0,0,0,0,244000,0,0,0,450000,206000,244000,244000
049268,聯茂元大94購03  ,0,0,0,0,0,0,0,0,0,244000,0,0,0,249000,5000,244000,244000
049740,禾伸堂群益94購01,0,0,0,0,0,0,0,0,0,244000,0,0,0,254000,10000,244000,244000
050680,上銀元富94購01  ,0,0,0,0,0,0,0,0,0,244000,0,0,0,260000,16000,244000,244000
4746,台耀            ,347000,98000,249000,0,0,0,0,0,0,-5000,4000,9000,-5000,0,0,0,244000
055449,超眾統一9A購01  ,0,0,0,0,0,0,0,0,0,243000,0,0,0,391000,148000,243000,243000
048941,牧德永豐94購02  ,0,0,0,0,0,0,0,0,0,243000,0,0,0,703000,460000,243000,243000
053437,啟碁日盛96購01  ,0,0,0,0,0,0,0,0,0,243000,0,0,0,336000,93000,243000,243000
051985,智邦元大95購05  ,0,0,0,0,0,0,0,0,0,243000,0,0,0,315000,72000,243000,243000
054491,瀚宇博台新96購02,0,0,0,0,0,0,0,0,0,242000,0,0,0,242000,0,242000,242000
053455,台光電元富96購02,0,0,0,0,0,0,0,0,0,242000,0,0,0,340000,98000,242000,242000
055139,欣興永豐97購01  ,0,0,0,0,0,0,0,0,0,241000,0,0,0,241000,0,241000,241000
053278,禾伸堂元大96購01,0,0,0,0,0,0,0,0,0,241000,0,0,0,277000,36000,241000,241000
052414,聯電麥證95購01  ,0,0,0,349000,108000,241000,0,0,0,241000,0,0,0,349000,108000,241000,241000
00712,FH富時不動產    ,121000,40000,81000,0,0,0,0,0,0,159000,0,0,0,216000,57000,159000,240000
048917,和鑫台新94購01  ,0,0,0,0,0,0,0,0,0,240000,0,0,0,240000,0,240000,240000
051068,台積電國票97購01,0,0,0,0,0,0,0,0,0,240000,0,0,0,245000,5000,240000,240000
049642,鴻海凱基94購16  ,0,0,0,0,0,0,0,0,0,240000,0,0,0,240000,0,240000,240000
052227,瑞昱凱基95購05  ,0,0,0,0,0,0,0,0,0,240000,0,0,0,274000,34000,240000,240000
056043,力成凱基97購01  ,0,0,0,0,0,0,0,0,0,239000,0,0,0,286000,47000,239000,239000
051723,嘉澤永豐95購01  ,0,0,0,0,0,0,0,0,0,238000,0,0,0,306000,68000,238000,238000
054959,禾伸堂元大98購01,0,0,0,0,0,0,0,0,0,237000,0,0,0,364000,127000,237000,237000
041990,A50正2國票97購01,0,0,0,0,0,0,0,0,0,237000,0,0,0,377000,140000,237000,237000
049902,大立光元富94購05,0,0,0,0,0,0,0,0,0,237000,0,0,0,237000,0,237000,237000
054987,凱美元富97購01  ,0,0,0,0,0,0,0,0,0,236000,0,0,0,236000,0,236000,236000
055600,致伸元大97購02  ,0,0,0,0,0,0,0,0,0,235000,0,0,0,285000,50000,235000,235000
049869,訊芯兆豐94購01  ,0,0,0,0,0,0,0,0,0,235000,0,0,0,245000,10000,235000,235000
055988,矽力元富97購01  ,0,0,0,0,0,0,0,0,0,234000,0,0,0,300000,66000,234000,234000
00703,台新MSCI中國    ,0,0,0,0,0,0,0,0,0,234000,85000,0,85000,395000,246000,149000,234000
051021,啟碁凱基95購02  ,0,0,0,0,0,0,0,0,0,234000,0,0,0,306000,72000,234000,234000
053410,啟碁兆豐96購01  ,0,0,0,0,0,0,0,0,0,234000,0,0,0,287000,53000,234000,234000
047239,瀚宇博凱基94購01,0,0,0,0,0,0,0,0,0,233000,0,0,0,233000,0,233000,233000
052813,T50正2永豐96購01,0,0,0,0,0,0,0,0,0,233000,0,0,0,247000,14000,233000,233000
052260,為升富邦97購02  ,0,0,0,0,0,0,0,0,0,233000,0,0,0,243000,10000,233000,233000
051827,智邦元大95購04  ,0,0,0,0,0,0,0,0,0,232000,0,0,0,394000,162000,232000,232000
053229,南電台新97購01  ,0,0,0,0,0,0,0,0,0,232000,0,0,0,270000,38000,232000,232000
056286,奇鋐永豐97購01  ,0,0,0,0,0,0,0,0,0,230000,0,0,0,230000,0,230000,230000
054394,奇力新永豐96購03,0,0,0,0,0,0,0,0,0,230000,0,0,0,356000,126000,230000,230000
051063,台郡群益95購01  ,0,0,0,0,0,0,0,0,0,230000,0,0,0,230000,0,230000,230000
053096,康控統一96購01  ,0,0,0,0,0,0,0,0,0,230000,0,0,0,240000,10000,230000,230000
052862,正崴凱基96購01  ,0,0,0,0,0,0,0,0,0,230000,0,0,0,240000,10000,230000,230000
055843,美律元大97購02  ,0,0,0,0,0,0,0,0,0,229000,0,0,0,261000,32000,229000,229000
044307,GIS兆豐93購01   ,0,0,0,0,0,0,0,0,0,229000,0,0,0,229000,0,229000,229000
052967,智邦群益96購01  ,0,0,0,0,0,0,0,0,0,229000,0,0,0,282000,53000,229000,229000
053689,台光電元大96購01,0,0,0,0,0,0,0,0,0,229000,0,0,0,263000,34000,229000,229000
053798,台積電中信98購02,0,0,0,0,0,0,0,0,0,229000,0,0,0,330000,101000,229000,229000
055959,美律元大97購03  ,0,0,0,0,0,0,0,0,0,228000,0,0,0,249000,21000,228000,228000
054384,瀚宇博群益96購02,0,0,0,0,0,0,0,0,0,228000,0,0,0,326000,98000,228000,228000
044224,超眾凱基93購01  ,0,0,0,0,0,0,0,0,0,228000,0,0,0,253000,25000,228000,228000
050700,健策凱基96購01  ,0,0,0,0,0,0,0,0,0,228000,0,0,0,275000,47000,228000,228000
050010,鈺齊永豐94購01  ,0,0,0,0,0,0,0,0,0,228000,0,0,0,228000,0,228000,228000
05984P,台積電統一98售01,0,0,0,0,0,0,0,0,0,228000,0,0,0,230000,2000,228000,228000
056059,美律元大98購02  ,0,0,0,0,0,0,0,0,0,226000,0,0,0,273000,47000,226000,226000
056237,智邦群益97購02  ,0,0,0,0,0,0,0,0,0,226000,0,0,0,276000,50000,226000,226000
048914,川湖台新94購01  ,0,0,0,0,0,0,0,0,0,226000,0,0,0,259000,33000,226000,226000
053865,欣興元大97購02  ,0,0,0,0,0,0,0,0,0,226000,0,0,0,255000,29000,226000,226000
056275,國巨國泰98購04  ,0,0,0,0,0,0,0,0,0,225000,0,0,0,264000,39000,225000,225000
054337,智邦統一96購01  ,0,0,0,0,0,0,0,0,0,225000,0,0,0,225000,0,225000,225000
047196,上銀統一97購01  ,0,0,0,0,0,0,0,0,0,225000,0,0,0,511000,286000,225000,225000
052885,高鐵兆豐98購01  ,0,0,0,0,0,0,0,0,0,225000,0,0,0,245000,20000,225000,225000
052429,禾伸堂永豐95購02,0,0,0,0,0,0,0,0,0,225000,0,0,0,300000,75000,225000,225000
6669,緯穎            ,550000,320000,230000,0,0,0,73000,55000,18000,-23000,13000,36000,-23000,80000,80000,0,225000
04491P,光磊康和94售01  ,0,0,0,0,0,0,0,0,0,224000,0,0,0,267000,43000,224000,224000
048767,欣興凱基94購01  ,0,0,0,0,0,0,0,0,0,224000,0,0,0,333000,109000,224000,224000
9958,世紀鋼          ,376000,129000,247000,0,0,0,10000,100000,-90000,67000,4000,17000,-13000,107000,27000,80000,224000
048007,明基材元大96購01,0,0,0,0,0,0,0,0,0,223000,0,0,0,488000,265000,223000,223000
053113,瀚宇博兆豐97購01,0,0,0,0,0,0,0,0,0,223000,0,0,0,243000,20000,223000,223000
048021,滬深反凱基93購02,0,0,0,0,0,0,0,0,0,221000,0,0,0,300000,79000,221000,221000
053103,瀚宇博元富96購01,0,0,0,0,0,0,0,0,0,221000,0,0,0,313000,92000,221000,221000
053008,達方永豐96購01  ,0,0,0,0,0,0,0,0,0,221000,0,0,0,221000,0,221000,221000
06069P,台積電永豐97售01,0,0,0,0,0,0,0,0,0,221000,0,0,0,305000,84000,221000,221000
054835,致新中信97購01  ,0,0,0,0,0,0,0,0,0,220000,0,0,0,240000,20000,220000,220000
056245,嘉澤群益97購01  ,0,0,0,0,0,0,0,0,0,220000,0,0,0,220000,0,220000,220000
00646,元大S&P500      ,31000,21000,10000,0,0,0,0,0,0,210000,0,0,0,244000,34000,210000,220000
047294,大立光元富93購04,0,0,0,0,0,0,0,0,0,220000,0,0,0,220000,0,220000,220000
051083,A50正2元大98購01,0,0,0,0,0,0,0,0,0,220000,0,0,0,305000,85000,220000,220000
054130,漢唐元大97購02  ,0,0,0,0,0,0,0,0,0,219000,0,0,0,270000,51000,219000,219000
054525,奇鋐元富96購01  ,0,0,0,0,0,0,0,0,0,219000,0,0,0,219000,0,219000,219000
049496,和鑫元大95購01  ,0,0,0,0,0,0,0,0,0,219000,0,0,0,399000,180000,219000,219000
051732,華通國票97購01  ,0,0,0,0,0,0,0,0,0,219000,0,0,0,539000,320000,219000,219000
051327,元油2X永豐95購02,0,0,0,0,0,0,0,0,0,219000,0,0,0,360000,141000,219000,219000
053687,智邦元大96購02  ,0,0,0,0,0,0,0,0,0,218000,0,0,0,261000,43000,218000,218000
056394,晶豪科永豐98購01,0,0,0,0,0,0,0,0,0,217000,0,0,0,217000,0,217000,217000
050129,聯發科凱基94購11,0,0,0,0,0,0,0,0,0,217000,0,0,0,272000,55000,217000,217000
049240,華通元富94購01  ,0,0,0,0,0,0,0,0,0,217000,0,0,0,279000,62000,217000,217000
049381,欣興元大94購05  ,0,0,0,0,0,0,0,0,0,217000,0,0,0,229000,12000,217000,217000
049744,亞德客永豐94購01,0,0,0,0,0,0,0,0,0,217000,0,0,0,222000,5000,217000,217000
053077,同欣電永豐96購01,0,0,0,0,0,0,0,0,0,217000,0,0,0,285000,68000,217000,217000
055700,緯穎國泰98購02  ,0,0,0,0,0,0,0,0,0,216000,0,0,0,374000,158000,216000,216000
049241,智邦元富94購01  ,0,0,0,0,0,0,0,0,0,216000,0,0,0,218000,2000,216000,216000
054012,廣達永豐96購01  ,0,0,0,0,0,0,0,0,0,216000,0,0,0,230000,14000,216000,216000
052595,奇力新群益96購01,0,0,0,0,0,0,0,0,0,216000,0,0,0,238000,22000,216000,216000
055317,金寶國票98購01  ,0,0,0,0,0,0,0,0,0,215000,0,0,0,352000,137000,215000,215000
055300,緯穎元大98購01  ,0,0,0,0,0,0,0,0,0,215000,0,0,0,518000,303000,215000,215000
050788,台郡國泰96購01  ,0,0,0,0,0,0,0,0,0,215000,0,0,0,239000,24000,215000,215000
053452,臺股指凱基97購01,0,0,0,0,0,0,0,0,0,215000,0,0,0,245000,30000,215000,215000
052955,國巨日盛96購01  ,0,0,0,0,0,0,0,0,0,215000,0,0,0,260000,45000,215000,215000
054434,友達台新96購03  ,0,0,0,0,0,0,0,0,0,214000,0,0,0,329000,115000,214000,214000
03497P,金像電凱基02售06,0,0,0,0,0,0,0,0,0,214000,0,0,0,627000,413000,214000,214000
043156,大立光統一94購01,0,0,0,0,0,0,0,0,0,214000,0,0,0,214000,0,214000,214000
049770,康控元富95購01  ,0,0,0,0,0,0,0,0,0,214000,0,0,0,214000,0,214000,214000
053252,華邦電國泰98購01,0,0,0,0,0,0,0,0,0,214000,0,0,0,421000,207000,214000,214000
053562,玉晶光國泰98購02,0,0,0,0,0,0,0,0,0,214000,0,0,0,323000,109000,214000,214000
054954,華新科元大97購06,0,0,0,0,0,0,0,0,0,213000,0,0,0,243000,30000,213000,213000
045522,滬深2X永豐94購01,0,0,0,0,0,0,0,0,0,213000,0,0,0,413000,200000,213000,213000
048974,日電貿元大94購01,0,0,0,0,0,0,0,0,0,213000,0,0,0,238000,25000,213000,213000
05286P,矽力統一95售02  ,0,0,0,0,0,0,0,0,0,213000,0,0,0,275000,62000,213000,213000
051787,燿華國票96購02  ,0,0,0,0,0,0,0,0,0,213000,0,0,0,213000,0,213000,213000
055635,緯穎永豐97購01  ,0,0,0,0,0,0,0,0,0,212000,0,0,0,328000,116000,212000,212000
051246,美律元大96購01  ,0,0,0,0,0,0,0,0,0,212000,0,0,0,222000,10000,212000,212000
052464,大立光統一95購05,0,0,0,0,0,0,0,0,0,212000,0,0,0,224000,12000,212000,212000
053472,漢唐元大96購02  ,0,0,0,0,0,0,0,0,0,212000,0,0,0,287000,75000,212000,212000
054932,台肥元大97購01  ,0,0,0,0,0,0,0,0,0,211000,0,0,0,352000,141000,211000,211000
054666,強茂元富97購01  ,0,0,0,0,0,0,0,0,0,211000,0,0,0,245000,34000,211000,211000
050063,聯發科凱基94購09,0,0,0,0,0,0,0,0,0,211000,0,0,0,291000,80000,211000,211000
049073,光罩凱基94購01  ,0,0,0,0,0,0,0,0,0,211000,0,0,0,211000,0,211000,211000
051899,欣興國泰97購01  ,0,0,0,0,0,0,0,0,0,211000,0,0,0,211000,0,211000,211000
054861,智邦群益97購01  ,0,0,0,0,0,0,0,0,0,210000,0,0,0,243000,33000,210000,210000
054881,光罩統一97購01  ,0,0,0,0,0,0,0,0,0,210000,0,0,0,242000,32000,210000,210000
055898,訊芯第一97購01  ,0,0,0,0,0,0,0,0,0,210000,0,0,0,210000,0,210000,210000
050304,台光電中信94購01,0,0,0,0,0,0,0,0,0,210000,0,0,0,212000,2000,210000,210000
050716,可成群益96購01  ,0,0,0,0,0,0,0,0,0,210000,0,0,0,221000,11000,210000,210000
051072,強茂國票95購02  ,0,0,0,0,0,0,0,0,0,210000,0,0,0,420000,210000,210000,210000
051668,智邦元大95購02  ,0,0,0,0,0,0,0,0,0,210000,0,0,0,421000,211000,210000,210000
05209P,鴻海凱基96售09  ,0,0,0,0,0,0,0,0,0,210000,0,0,0,280000,70000,210000,210000
053577,上証2X元大96購02,0,0,0,0,0,0,0,0,0,210000,0,0,0,210000,0,210000,210000
054988,凱美元富97購02  ,0,0,0,0,0,0,0,0,0,209000,0,0,0,264000,55000,209000,209000
046928,奇鋐富邦97購01  ,0,0,0,0,0,0,0,0,0,209000,0,0,0,209000,0,209000,209000
054015,晶豪科永豐96購03,0,0,0,0,0,0,0,0,0,209000,0,0,0,210000,1000,209000,209000
055386,致新元大97購02  ,0,0,0,0,0,0,0,0,0,208000,0,0,0,273000,65000,208000,208000
051785,臻鼎兆豐96購01  ,0,0,0,0,0,0,0,0,0,208000,0,0,0,210000,2000,208000,208000
047296,日月光元富96購01,0,0,0,0,0,0,0,0,0,207000,0,0,0,331000,124000,207000,207000
047413,台積電永昌93購05,0,0,0,0,0,0,0,0,0,207000,0,0,0,207000,0,207000,207000
050864,亞光永豐95購01  ,0,0,0,0,0,0,0,0,0,207000,0,0,0,217000,10000,207000,207000
047984,禾伸堂群益93購01,0,0,0,0,0,0,0,0,0,207000,0,0,0,208000,1000,207000,207000
051889,智邦元富95購02  ,0,0,0,0,0,0,0,0,0,207000,0,0,0,704000,497000,207000,207000
047419,聯發科富邦95購01,0,0,0,0,0,0,0,0,0,206000,0,0,0,216000,10000,206000,206000
051192,緯創兆豐96購01  ,0,0,0,0,0,0,0,0,0,206000,0,0,0,216000,10000,206000,206000
047808,智邦凱基93購07  ,0,0,0,0,0,0,0,0,0,206000,0,0,0,274000,68000,206000,206000
052827,昇陽半永豐97購01,0,0,0,0,0,0,0,0,0,206000,0,0,0,324000,118000,206000,206000
055588,瑞昱元大97購03  ,0,0,0,0,0,0,0,0,0,205000,0,0,0,280000,75000,205000,205000
054723,鴻海日盛97購01  ,0,0,0,0,0,0,0,0,0,205000,0,0,0,205000,0,205000,205000
054574,美律元大99購01  ,0,0,0,0,0,0,0,0,0,205000,0,0,0,405000,200000,205000,205000
054246,國巨元大96購12  ,0,0,0,0,0,0,0,0,0,205000,0,0,0,314000,109000,205000,205000
048599,和鑫國票96購01  ,0,0,0,0,0,0,0,0,0,205000,0,0,0,205000,0,205000,205000
050984,大立光國泰97購01,0,0,0,0,0,0,0,0,0,205000,0,0,0,435000,230000,205000,205000
052784,緯穎國票97購02  ,0,0,0,0,0,0,0,0,0,205000,0,0,0,279000,74000,205000,205000
054017,茂林永豐96購02  ,0,0,0,0,0,0,0,0,0,205000,0,0,0,205000,0,205000,205000
4137,麗豐-KY         ,405932,167000,238932,0,0,0,1000,0,1000,-35000,0,25000,-25000,19000,29000,-10000,204932
056075,瀚宇博元大97購03,0,0,0,0,0,0,0,0,0,204000,0,0,0,234000,30000,204000,204000
041973,台灣50中信94購01,0,0,0,0,0,0,0,0,0,204000,0,0,0,943000,739000,204000,204000
03831P,臺股指中信95售02,0,0,0,0,0,0,0,0,0,204000,0,0,0,207000,3000,204000,204000
051179,臺股指凱基95購04,0,0,0,0,0,0,0,0,0,204000,0,0,0,204000,0,204000,204000
053404,致新群益96購01  ,0,0,0,0,0,0,0,0,0,204000,0,0,0,275000,71000,204000,204000
055608,華邦電康和97購01,0,0,0,0,0,0,0,0,0,203000,0,0,0,271000,68000,203000,203000
050158,上海銀群益96購01,0,0,0,0,0,0,0,0,0,203000,0,0,0,204000,1000,203000,203000
046295,超眾統一92購01  ,0,0,0,0,0,0,0,0,0,202000,0,0,0,202000,0,202000,202000
045529,大立光永豐92購03,0,0,0,0,0,0,0,0,0,202000,0,0,0,202000,0,202000,202000
047690,美律富邦97購01  ,0,0,0,0,0,0,0,0,0,202000,0,0,0,602000,400000,202000,202000
052115,T50反1國票95購03,0,0,0,0,0,0,0,0,0,202000,0,0,0,212000,10000,202000,202000
054178,中磊台新97購01  ,0,0,0,0,0,0,0,0,0,201000,0,0,0,219000,18000,201000,201000
054614,玉晶光永豐97購03,0,0,0,0,0,0,0,0,0,201000,0,0,0,312000,111000,201000,201000
050395,大立光元富94購10,0,0,0,0,0,0,0,0,0,201000,0,0,0,224000,23000,201000,201000
045069,美律元大93購03  ,0,0,0,0,0,0,0,0,0,201000,0,0,0,258000,57000,201000,201000
00737,國泰AI+Robo     ,632000,0,632000,0,0,0,0,0,0,-431000,0,0,0,395000,826000,-431000,201000
049570,華新科統一94購04,0,0,0,0,0,0,0,0,0,201000,0,0,0,261000,60000,201000,201000
051687,大立光凱基95購12,0,0,0,0,0,0,0,0,0,201000,0,0,0,201000,0,201000,201000
053976,亞光元大96購02  ,0,0,0,0,0,0,0,0,0,201000,0,0,0,273000,72000,201000,201000
053789,彩晶元大9C購02  ,0,0,0,0,0,0,0,0,0,201000,0,0,0,201000,0,201000,201000
053180,同欣電統一96購01,0,0,0,0,0,0,0,0,0,201000,0,0,0,249000,48000,201000,201000
054139,揚明光元大96購01,0,0,0,0,0,0,0,0,0,200000,0,0,0,200000,0,200000,200000
055035,興勤富邦98購01  ,0,0,0,0,0,0,0,0,0,200000,0,0,0,200000,0,200000,200000
055095,啟碁群益98購01  ,0,0,0,0,0,0,0,0,0,200000,0,0,0,201000,1000,200000,200000
05578P,鴻海凱基96售11  ,0,0,0,0,0,0,0,0,0,200000,0,0,0,200000,0,200000,200000
055827,中石化元大98購01,0,0,0,0,0,0,0,0,0,200000,0,0,0,200000,0,200000,200000
055377,揚明光元大98購01,0,0,0,0,0,0,0,0,0,200000,0,0,0,200000,0,200000,200000
055967,臻鼎元大97購01  ,0,0,0,0,0,0,0,0,0,200000,0,0,0,200000,0,200000,200000
04349P,美律國票94售02  ,0,0,0,0,0,0,0,0,0,200000,0,0,0,200000,0,200000,200000
044592,元油2X國票93購02,0,0,0,0,0,0,0,0,0,200000,0,0,0,200000,0,200000,200000
03298P,台積電統一03售15,0,0,0,0,0,0,0,0,0,200000,0,0,0,400000,200000,200000,200000
043750,美律元大93購01  ,0,0,0,0,0,0,0,0,0,200000,0,0,0,200000,0,200000,200000
046147,道瓊指中信96購02,0,0,0,0,0,0,0,0,0,200000,0,0,0,200000,0,200000,200000
050278,上証2X第一94購01,0,0,0,0,0,0,0,0,0,200000,0,0,0,200000,0,200000,200000
048452,緯創凱基93購04  ,0,0,0,0,0,0,0,0,0,200000,0,0,0,200000,0,200000,200000
048426,超眾元富93購01  ,0,0,0,0,0,0,0,0,0,200000,0,0,0,200000,0,200000,200000
048895,光罩國泰95購01  ,0,0,0,0,0,0,0,0,0,200000,0,0,0,200000,0,200000,200000
047943,欣興國票93購06  ,0,0,0,0,0,0,0,0,0,200000,0,0,0,200000,0,200000,200000
049741,創意群益94購02  ,0,0,0,0,0,0,0,0,0,200000,0,0,0,200000,0,200000,200000
050878,嘉聯益統一95購01,0,0,0,0,0,0,0,0,0,200000,0,0,0,200000,0,200000,200000
051447,新光金元大97購01,0,0,0,0,0,0,0,0,0,200000,0,0,0,200000,0,200000,200000
052210,華夏元大95購01  ,0,0,0,0,0,0,0,0,0,200000,0,0,0,200000,0,200000,200000
08525P,台灣50凱基96售02,0,0,0,0,0,0,0,0,0,200000,0,0,0,400000,200000,200000,200000
046771,聯發科國泰94購02,0,0,0,0,0,0,0,0,0,199000,0,0,0,315000,116000,199000,199000
047596,元油反元富97購01,0,0,0,0,0,0,0,0,0,199000,0,0,0,199000,0,199000,199000
051215,大立光統一95購03,0,0,0,0,0,0,0,0,0,199000,0,0,0,249000,50000,199000,199000
050135,禾伸堂兆豐95購01,0,0,0,0,0,0,0,0,0,199000,0,0,0,239000,40000,199000,199000
048536,南電國票93購04  ,0,0,0,0,0,0,0,0,0,199000,0,0,0,199000,0,199000,199000
052541,大立光統一95購06,0,0,0,0,0,0,0,0,0,199000,0,0,0,199000,0,199000,199000
052707,景碩台新96購01  ,0,0,0,0,0,0,0,0,0,199000,0,0,0,219000,20000,199000,199000
053302,國巨凱基96購10  ,0,0,0,0,0,0,0,0,0,199000,0,0,0,199000,0,199000,199000
054120,奇力新永豐96購01,0,0,0,0,0,0,0,0,0,198000,0,0,0,678000,480000,198000,198000
046011,欣興元富95購01  ,0,0,0,0,0,0,0,0,0,198000,0,0,0,464000,266000,198000,198000
047325,材料元大93購01  ,0,0,0,0,0,0,0,0,0,198000,0,0,0,218000,20000,198000,198000
049863,京元電兆豐94購01,0,0,0,0,0,0,0,0,0,198000,0,0,0,300000,102000,198000,198000
053170,茂林群益96購04  ,0,0,0,0,0,0,0,0,0,198000,0,0,0,200000,2000,198000,198000
052638,緯創凱基96購02  ,0,0,0,0,0,0,0,0,0,198000,0,0,0,266000,68000,198000,198000
052135,聯發科凱基9B購01,0,0,0,0,0,0,0,0,0,198000,0,0,0,977000,779000,198000,198000
045089,中磊元大94購01  ,0,0,0,0,0,0,0,0,0,197000,0,0,0,200000,3000,197000,197000
048333,大立光富邦95購01,0,0,0,0,0,0,0,0,0,197000,0,0,0,220000,23000,197000,197000
055883,樺漢元富97購01  ,0,0,0,0,0,0,0,0,0,196000,0,0,0,201000,5000,196000,196000
049735,台光電群益94購03,0,0,0,0,0,0,0,0,0,196000,0,0,0,213000,17000,196000,196000
051280,台積電兆豐95購04,0,0,0,0,0,0,0,0,0,196000,0,0,0,262000,66000,196000,196000
046716,欣興國泰93購03  ,0,0,0,0,0,0,0,0,0,195000,0,0,0,230000,35000,195000,195000
047246,華新科群益93購01,0,0,0,0,0,0,0,0,0,195000,0,0,0,218000,23000,195000,195000
049956,國巨統一94購05  ,0,0,0,0,0,0,0,0,0,195000,0,0,0,255000,60000,195000,195000
048424,揚明光元富95購01,0,0,0,0,0,0,0,0,0,195000,0,0,0,200000,5000,195000,195000
053946,全新富邦97購02  ,0,0,0,0,0,0,0,0,0,195000,0,0,0,470000,275000,195000,195000
054596,聯發科麥證97購01,0,0,0,194000,0,194000,0,0,0,194000,0,0,0,194000,0,194000,194000
047027,新光金元大95購01,0,0,0,0,0,0,0,0,0,194000,0,0,0,202000,8000,194000,194000
047434,台積電元大93購21,0,0,0,0,0,0,0,0,0,194000,0,0,0,201000,7000,194000,194000
053142,緯穎永豐96購01  ,0,0,0,0,0,0,0,0,0,194000,0,0,0,331000,137000,194000,194000
052746,泰碩元大97購01  ,0,0,0,0,0,0,0,0,0,194000,0,0,0,200000,6000,194000,194000
05863P,滬深2X元大96售09,0,0,0,0,0,0,0,0,0,194000,0,0,0,196000,2000,194000,194000
053802,南亞科凱基96購04,0,0,0,0,0,0,0,0,0,193000,0,0,0,230000,37000,193000,193000
053442,光罩凱基96購01  ,0,0,0,0,0,0,0,0,0,193000,0,0,0,203000,10000,193000,193000
053884,緯穎第一96購01  ,0,0,0,0,0,0,0,0,0,192000,0,0,0,610000,418000,192000,192000
052176,景碩元大96購01  ,0,0,0,0,0,0,0,0,0,192000,0,0,0,192000,0,192000,192000
047264,貿聯國票93購02  ,0,0,0,0,0,0,0,0,0,191000,0,0,0,191000,0,191000,191000
048747,華通元富97購01  ,0,0,0,0,0,0,0,0,0,191000,0,0,0,320000,129000,191000,191000
052516,臺股指凱基95購20,0,0,0,0,0,0,0,0,0,191000,0,0,0,191000,0,191000,191000
051378,奇力新群益95購01,0,0,0,0,0,0,0,0,0,191000,0,0,0,466000,275000,191000,191000
052015,漢唐永豐95購02  ,0,0,0,0,0,0,0,0,0,191000,0,0,0,249000,58000,191000,191000
05750P,臺股指群益99售04,0,0,0,0,0,0,0,0,0,191000,0,0,0,202000,11000,191000,191000
054319,世紀鋼凱基96購02,0,0,0,0,0,0,0,0,0,190000,0,0,0,200000,10000,190000,190000
055272,國巨元大98購04  ,0,0,0,0,0,0,0,0,0,190000,0,0,0,261000,71000,190000,190000
054708,華通統一97購02  ,0,0,0,0,0,0,0,0,0,190000,0,0,0,190000,0,190000,190000
055820,矽力國票98購02  ,0,0,0,0,0,0,0,0,0,190000,0,0,0,212000,22000,190000,190000
055434,樺漢群益97購01  ,0,0,0,0,0,0,0,0,0,190000,0,0,0,190000,0,190000,190000
046431,中環第一92購01  ,0,0,0,0,0,0,0,0,0,190000,0,0,0,190000,0,190000,190000
042255,群創國票92購01  ,0,0,0,0,0,0,0,0,0,190000,0,0,0,190000,0,190000,190000
03639P,祥碩凱基93售05  ,0,0,0,0,0,0,0,0,0,190000,0,0,0,200000,10000,190000,190000
00766L,台新MSCI中國正2 ,0,0,0,0,0,0,0,0,0,190000,0,0,0,550000,360000,190000,190000
049291,華通群益94購04  ,0,0,0,0,0,0,0,0,0,190000,0,0,0,190000,0,190000,190000
048157,美律兆豐93購01  ,0,0,0,0,0,0,0,0,0,190000,0,0,0,190000,0,190000,190000
053128,瀚宇博凱基96購01,0,0,0,0,0,0,0,0,0,190000,0,0,0,205000,15000,190000,190000
046134,致新國泰93購02  ,0,0,0,0,0,0,0,0,0,189000,0,0,0,234000,45000,189000,189000
045258,漢唐凱基93購01  ,0,0,0,0,0,0,0,0,0,189000,0,0,0,199000,10000,189000,189000
049897,華新科統一94購07,0,0,0,0,0,0,0,0,0,189000,0,0,0,258000,69000,189000,189000
053744,台郡國票97購03  ,0,0,0,0,0,0,0,0,0,189000,0,0,0,289000,100000,189000,189000
052493,上証2X中信97購02,0,0,0,0,0,0,0,0,0,189000,0,0,0,190000,1000,189000,189000
055539,億光台新97購01  ,0,0,0,0,0,0,0,0,0,188000,0,0,0,298000,110000,188000,188000
054818,奇力新元大97購05,0,0,0,0,0,0,0,0,0,188000,0,0,0,399000,211000,188000,188000
045101,玉晶光中信94購01,0,0,0,0,0,0,0,0,0,188000,0,0,0,293000,105000,188000,188000
048824,聯發科凱基94購03,0,0,0,0,0,0,0,0,0,188000,0,0,0,238000,50000,188000,188000
05712P,友達統一97售03  ,0,0,0,0,0,0,0,0,0,188000,0,0,0,273000,85000,188000,188000
054850,上海銀兆豐97購01,0,0,0,0,0,0,0,0,0,187000,0,0,0,205000,18000,187000,187000
046380,神基凱基93購01  ,0,0,0,0,0,0,0,0,0,187000,0,0,0,200000,13000,187000,187000
03899P,滬深2X群益95售03,0,0,0,0,0,0,0,0,0,187000,0,0,0,207000,20000,187000,187000
049499,康控元大96購01  ,0,0,0,0,0,0,0,0,0,187000,0,0,0,191000,4000,187000,187000
052293,泰碩國票95購03  ,0,0,0,0,0,0,0,0,0,187000,0,0,0,187000,0,187000,187000
053993,旺宏群益98購02  ,0,0,0,0,0,0,0,0,0,187000,0,0,0,331000,144000,187000,187000
054314,嘉聯益凱基97購01,0,0,0,0,0,0,0,0,0,186000,0,0,0,226000,40000,186000,186000
050394,大立光元富94購09,0,0,0,0,0,0,0,0,0,186000,0,0,0,186000,0,186000,186000
048700,和鑫國票95購01  ,0,0,0,0,0,0,0,0,0,186000,0,0,0,186000,0,186000,186000
055006,晶相光元富9A購01,0,0,0,0,0,0,0,0,0,185000,0,0,0,299000,114000,185000,185000
046385,群創凱基98購03  ,0,0,0,0,0,0,0,0,0,185000,0,0,0,252000,67000,185000,185000
044516,景碩凱基93購02  ,0,0,0,0,0,0,0,0,0,185000,0,0,0,335000,150000,185000,185000
047704,智邦凱基93購06  ,0,0,0,0,0,0,0,0,0,185000,0,0,0,370000,185000,185000,185000
048584,欣興富邦95購01  ,0,0,0,0,0,0,0,0,0,185000,0,0,0,190000,5000,185000,185000
053686,台積電元大97購08,0,0,0,0,0,0,0,0,0,185000,0,0,0,270000,85000,185000,185000
05858P,矽力中信96售01  ,0,0,0,0,0,0,0,0,0,185000,0,0,0,455000,270000,185000,185000
06395P,台積電元大97售29,0,0,0,0,0,0,0,0,0,185000,0,0,0,405000,220000,185000,185000
054442,啟碁台新96購01  ,0,0,0,0,0,0,0,0,0,184000,0,0,0,184000,0,184000,184000
049228,台塑富邦94購01  ,0,0,0,0,0,0,0,0,0,184000,0,0,0,240000,56000,184000,184000
044693,滬深2X元大94購01,0,0,0,0,0,0,0,0,0,183000,0,0,0,253000,70000,183000,183000
046806,瀚宇博元大93購03,0,0,0,0,0,0,0,0,0,183000,0,0,0,183000,0,183000,183000
052102,台泥兆豐96購01  ,0,0,0,0,0,0,0,0,0,183000,0,0,0,268000,85000,183000,183000
051816,臺股指凱基95購07,0,0,0,0,0,0,0,0,0,183000,0,0,0,383000,200000,183000,183000
054333,茂林永豐96購03  ,0,0,0,0,0,0,0,0,0,182000,0,0,0,193000,11000,182000,182000
055288,日電貿元大97購02,0,0,0,0,0,0,0,0,0,182000,0,0,0,214000,32000,182000,182000
055151,台積電元大98購05,0,0,0,0,0,0,0,0,0,182000,0,0,0,483000,301000,182000,182000
044013,友達凱基93購01  ,0,0,0,0,0,0,0,0,0,182000,0,0,0,228000,46000,182000,182000
049144,瑞昱元大94購03  ,0,0,0,0,0,0,0,0,0,182000,0,0,0,187000,5000,182000,182000
049290,元油2X群益94購02,0,0,0,0,0,0,0,0,0,182000,0,0,0,200000,18000,182000,182000
053696,日月光元大96購05,0,0,0,0,0,0,0,0,0,182000,0,0,0,202000,20000,182000,182000
053273,國巨元大96購08  ,0,0,0,0,0,0,0,0,0,182000,0,0,0,283000,101000,182000,182000
053383,京元電元大97購01,0,0,0,0,0,0,0,0,0,182000,0,0,0,196000,14000,182000,182000
055199,國喬群益97購01  ,0,0,0,0,0,0,0,0,0,181000,0,0,0,202000,21000,181000,181000
055496,高鐵元大97購02  ,0,0,0,0,0,0,0,0,0,181000,0,0,0,191000,10000,181000,181000
052835,滬深2X國泰98購01,0,0,0,0,0,0,0,0,0,181000,0,0,0,181000,0,181000,181000
052925,日電貿永豐96購01,0,0,0,0,0,0,0,0,0,181000,0,0,0,188000,7000,181000,181000
054158,國巨日盛99購01  ,0,0,0,0,0,0,0,0,0,180000,0,0,0,1001000,821000,180000,180000
054447,國泰金兆豐96購01,0,0,0,0,0,0,0,0,0,180000,0,0,0,180000,0,180000,180000
044095,大立光統一92購01,0,0,0,0,0,0,0,0,0,180000,0,0,0,180000,0,180000,180000
049612,香港反中信96購01,0,0,0,0,0,0,0,0,0,180000,0,0,0,190000,10000,180000,180000
047911,晶技麥證94購01  ,0,0,0,190000,10000,180000,0,0,0,180000,0,0,0,190000,10000,180000,180000
050155,華新科群益95購01,0,0,0,0,0,0,0,0,0,180000,0,0,0,205000,25000,180000,180000
051196,喬山麥證95購01  ,0,0,0,220000,40000,180000,0,0,0,180000,0,0,0,220000,40000,180000,180000
053373,台泥元大96購01  ,0,0,0,0,0,0,0,0,0,180000,0,0,0,180000,0,180000,180000
052013,台積電永豐95購04,0,0,0,0,0,0,0,0,0,180000,0,0,0,465000,285000,180000,180000
051978,泰碩凱基96購01  ,0,0,0,0,0,0,0,0,0,180000,0,0,0,180000,0,180000,180000
052091,緯創元大95購04  ,0,0,0,0,0,0,0,0,0,180000,0,0,0,180000,0,180000,180000
052485,深中小國票96購01,0,0,0,0,0,0,0,0,0,180000,0,0,0,300000,120000,180000,180000
055373,聯詠元大97購03  ,0,0,0,0,0,0,0,0,0,179000,0,0,0,233000,54000,179000,179000
056204,嘉澤永豐97購01  ,0,0,0,0,0,0,0,0,0,179000,0,0,0,179000,0,179000,179000
056171,鴻海元富97購10  ,0,0,0,0,0,0,0,0,0,179000,0,0,0,849000,670000,179000,179000
050982,台積電國泰96購04,0,0,0,0,0,0,0,0,0,179000,0,0,0,179000,0,179000,179000
048755,志超元富96購01  ,0,0,0,0,0,0,0,0,0,179000,0,0,0,220000,41000,179000,179000
050314,晶技兆豐94購01  ,0,0,0,0,0,0,0,0,0,178000,0,0,0,178000,0,178000,178000
047708,聯發科凱基93購17,0,0,0,0,0,0,0,0,0,178000,0,0,0,178000,0,178000,178000
048010,嘉聯益富邦97購01,0,0,0,0,0,0,0,0,0,178000,0,0,0,210000,32000,178000,178000
054403,同欣電永豐96購02,0,0,0,0,0,0,0,0,0,177000,0,0,0,245000,68000,177000,177000
055168,光罩統一98購01  ,0,0,0,0,0,0,0,0,0,177000,0,0,0,187000,10000,177000,177000
046460,聯鈞凱基93購02  ,0,0,0,0,0,0,0,0,0,177000,0,0,0,197000,20000,177000,177000
048656,大立光元富93購05,0,0,0,0,0,0,0,0,0,177000,0,0,0,179000,2000,177000,177000
047870,嘉澤永豐93購02  ,0,0,0,0,0,0,0,0,0,177000,0,0,0,214000,37000,177000,177000
052565,上銀凱基96購01  ,0,0,0,0,0,0,0,0,0,177000,0,0,0,278000,101000,177000,177000
051524,貿聯凱基95購02  ,0,0,0,0,0,0,0,0,0,177000,0,0,0,177000,0,177000,177000
054727,台積電日盛97購02,0,0,0,0,0,0,0,0,0,176000,0,0,0,311000,135000,176000,176000
040215,上証反凱基95購01,0,0,0,0,0,0,0,0,0,176000,0,0,0,296000,120000,176000,176000
049187,義隆台新94購01  ,0,0,0,0,0,0,0,0,0,176000,0,0,0,176000,0,176000,176000
052667,漢唐群益96購01  ,0,0,0,0,0,0,0,0,0,176000,0,0,0,176000,0,176000,176000
047536,正崴日盛93購01  ,0,0,0,0,0,0,0,0,0,175000,0,0,0,185000,10000,175000,175000
053326,瀚宇博台新96購01,0,0,0,0,0,0,0,0,0,175000,0,0,0,196000,21000,175000,175000
6166,凌華            ,364000,180000,184000,0,0,0,0,0,0,-9000,0,8000,-8000,0,1000,-1000,175000
3605,宏致            ,334000,153000,181000,0,0,0,0,0,0,-6000,0,6000,-6000,0,0,0,175000
054841,亞德客兆豐97購01,0,0,0,0,0,0,0,0,0,174000,0,0,0,186000,12000,174000,174000
054904,興勤康和97購01  ,0,0,0,0,0,0,0,0,0,174000,0,0,0,210000,36000,174000,174000
054519,禾伸堂元大97購02,0,0,0,0,0,0,0,0,0,174000,0,0,0,230000,56000,174000,174000
054258,牧德元大97購01  ,0,0,0,0,0,0,0,0,0,174000,0,0,0,251000,77000,174000,174000
056199,美律永豐97購01  ,0,0,0,0,0,0,0,0,0,174000,0,0,0,174000,0,174000,174000
055376,群創元大01購01  ,0,0,0,0,0,0,0,0,0,174000,0,0,0,290000,116000,174000,174000
047528,高鐵元大93購03  ,0,0,0,0,0,0,0,0,0,174000,0,0,0,174000,0,174000,174000
03795P,智邦元大93售03  ,0,0,0,0,0,0,0,0,0,174000,0,0,0,274000,100000,174000,174000
050641,上証反凱基96購01,0,0,0,0,0,0,0,0,0,174000,0,0,0,370000,196000,174000,174000
053178,南亞科統一98購01,0,0,0,0,0,0,0,0,0,174000,0,0,0,251000,77000,174000,174000
055624,聯發科富邦99購07,0,0,0,0,0,0,0,0,0,173000,0,0,0,333000,160000,173000,173000
055940,致新群益98購01  ,0,0,0,0,0,0,0,0,0,173000,0,0,0,175000,2000,173000,173000
049761,亞德客國泰95購03,0,0,0,0,0,0,0,0,0,173000,0,0,0,215000,42000,173000,173000
049084,欣興凱基94購03  ,0,0,0,0,0,0,0,0,0,173000,0,0,0,193000,20000,173000,173000
054443,樺漢台新96購02  ,0,0,0,0,0,0,0,0,0,172000,0,0,0,172000,0,172000,172000
044605,超眾國泰93購02  ,0,0,0,0,0,0,0,0,0,172000,0,0,0,222000,50000,172000,172000
050324,訊芯台新94購01  ,0,0,0,0,0,0,0,0,0,172000,0,0,0,172000,0,172000,172000
050393,樺漢統一94購01  ,0,0,0,0,0,0,0,0,0,172000,0,0,0,301000,129000,172000,172000
047684,景碩國泰94購01  ,0,0,0,0,0,0,0,0,0,172000,0,0,0,231000,59000,172000,172000
048092,聯發科凱基93購29,0,0,0,0,0,0,0,0,0,172000,0,0,0,222000,50000,172000,172000
053334,訊芯永豐96購01  ,0,0,0,0,0,0,0,0,0,172000,0,0,0,372000,200000,172000,172000
051704,智邦群益95購02  ,0,0,0,0,0,0,0,0,0,172000,0,0,0,225000,53000,172000,172000
051852,啟碁群益95購01  ,0,0,0,0,0,0,0,0,0,171000,0,0,0,171000,0,171000,171000
053419,光罩永豐96購01  ,0,0,0,0,0,0,0,0,0,171000,0,0,0,171000,0,171000,171000
055281,台光電元大98購03,0,0,0,0,0,0,0,0,0,170000,0,0,0,189000,19000,170000,170000
055066,佐登永豐97購01  ,0,0,0,0,0,0,0,0,0,170000,0,0,0,190000,20000,170000,170000
049041,和鑫兆豐94購01  ,0,0,0,0,0,0,0,0,0,170000,0,0,0,170000,0,170000,170000
047652,滬深2X兆豐94購03,0,0,0,0,0,0,0,0,0,170000,0,0,0,170000,0,170000,170000
047673,瑞昱元富96購01  ,0,0,0,0,0,0,0,0,0,170000,0,0,0,170000,0,170000,170000
053753,啟碁永豐96購01  ,0,0,0,0,0,0,0,0,0,170000,0,0,0,220000,50000,170000,170000
052846,智邦統一97購01  ,0,0,0,0,0,0,0,0,0,170000,0,0,0,231000,61000,170000,170000
054308,嘉晶凱基98購01  ,0,0,0,0,0,0,0,0,0,169000,0,0,0,341000,172000,169000,169000
05122P,鴻海永昌96售06  ,0,0,0,0,0,0,0,0,0,169000,0,0,0,219000,50000,169000,169000
054027,欣興凱基96購04  ,0,0,0,0,0,0,0,0,0,169000,0,0,0,200000,31000,169000,169000
053483,嘉澤第一96購01  ,0,0,0,0,0,0,0,0,0,169000,0,0,0,364000,195000,169000,169000
055672,國巨日盛97購02  ,0,0,0,0,0,0,0,0,0,168000,0,0,0,220000,52000,168000,168000
048127,麗豐元大94購01  ,0,0,0,0,0,0,0,0,0,168000,0,0,0,445000,277000,168000,168000
048777,瀚宇博凱基94購02,0,0,0,0,0,0,0,0,0,168000,0,0,0,168000,0,168000,168000
053499,禾伸堂兆豐96購01,0,0,0,0,0,0,0,0,0,168000,0,0,0,262000,94000,168000,168000
056009,奇力新中信98購03,0,0,0,0,0,0,0,0,0,167000,0,0,0,492000,325000,167000,167000
056089,同欣電統一98購01,0,0,0,0,0,0,0,0,0,167000,0,0,0,167000,0,167000,167000
049978,瑞昱凱基94購04  ,0,0,0,0,0,0,0,0,0,167000,0,0,0,169000,2000,167000,167000
053941,國巨國泰96購05  ,0,0,0,0,0,0,0,0,0,167000,0,0,0,910000,743000,167000,167000
052917,大立光富邦99購02,0,0,0,0,0,0,0,0,0,167000,0,0,0,243000,76000,167000,167000
054096,佳世達國票97購01,0,0,0,0,0,0,0,0,0,166000,0,0,0,226000,60000,166000,166000
048135,瀚宇博國票94購01,0,0,0,0,0,0,0,0,0,166000,0,0,0,166000,0,166000,166000
054179,上海銀台新97購01,0,0,0,0,0,0,0,0,0,165000,0,0,0,165000,0,165000,165000
055223,和大國票98購01  ,0,0,0,0,0,0,0,0,0,165000,0,0,0,203000,38000,165000,165000
049062,華新科日盛94購01,0,0,0,0,0,0,0,0,0,165000,0,0,0,274000,109000,165000,165000
4551,智伸科          ,63000,260000,-197000,0,0,0,425000,99000,326000,36000,16000,19000,-3000,47000,8000,39000,165000
056135,緯創元大98購01  ,0,0,0,0,0,0,0,0,0,164000,0,0,0,165000,1000,164000,164000
03793P,超眾永豐93售01  ,0,0,0,0,0,0,0,0,0,164000,0,0,0,164000,0,164000,164000
050036,矽格元大94購03  ,0,0,0,0,0,0,0,0,0,164000,0,0,0,164000,0,164000,164000
052965,廣宇群益97購01  ,0,0,0,0,0,0,0,0,0,164000,0,0,0,174000,10000,164000,164000
053355,超眾兆豐97購01  ,0,0,0,0,0,0,0,0,0,164000,0,0,0,211000,47000,164000,164000
053137,旺宏富邦98購01  ,0,0,0,0,0,0,0,0,0,164000,0,0,0,479000,315000,164000,164000
052134,智邦凱基95購09  ,0,0,0,0,0,0,0,0,0,164000,0,0,0,248000,84000,164000,164000
055045,台肥永豐97購01  ,0,0,0,0,0,0,0,0,0,163000,0,0,0,183000,20000,163000,163000
049645,台積電凱基94購22,0,0,0,0,0,0,0,0,0,163000,0,0,0,182000,19000,163000,163000
049910,智邦元大94購04  ,0,0,0,0,0,0,0,0,0,163000,0,0,0,166000,3000,163000,163000
053363,旺宏國泰98購02  ,0,0,0,0,0,0,0,0,0,163000,0,0,0,1353000,1190000,163000,163000
052977,奇力新麥證97購01,0,0,0,254000,81000,173000,0,0,0,163000,0,0,0,297000,134000,163000,163000
047826,台泥元大93購01  ,0,0,0,0,0,0,0,0,0,162000,0,0,0,243000,81000,162000,162000
051098,矽格元大95購01  ,0,0,0,0,0,0,0,0,0,162000,0,0,0,162000,0,162000,162000
6139,亞翔            ,304000,140000,164000,0,0,0,0,0,0,-2000,0,10000,-10000,8000,0,8000,162000
055919,景碩凱基98購02  ,0,0,0,0,0,0,0,0,0,161000,0,0,0,206000,45000,161000,161000
047231,大立光凱基95購03,0,0,0,0,0,0,0,0,0,161000,0,0,0,161000,0,161000,161000
048324,訊芯凱基93購03  ,0,0,0,0,0,0,0,0,0,161000,0,0,0,161000,0,161000,161000
053587,京元電元大98購01,0,0,0,0,0,0,0,0,0,161000,0,0,0,428000,267000,161000,161000
050315,和碩兆豐95購01  ,0,0,0,0,0,0,0,0,0,160000,0,0,0,185000,25000,160000,160000
044643,滬深2X群益96購01,0,0,0,0,0,0,0,0,0,160000,0,0,0,210000,50000,160000,160000
049424,中石化兆豐94購01,0,0,0,0,0,0,0,0,0,160000,0,0,0,248000,88000,160000,160000
048689,台光電群益94購01,0,0,0,0,0,0,0,0,0,160000,0,0,0,171000,11000,160000,160000
049727,台積電中信94購02,0,0,0,0,0,0,0,0,0,160000,0,0,0,160000,0,160000,160000
052700,奇鋐國票97購02  ,0,0,0,0,0,0,0,0,0,160000,0,0,0,160000,0,160000,160000
051600,新日興兆豐96購02,0,0,0,0,0,0,0,0,0,160000,0,0,0,338000,178000,160000,160000
055860,啟碁元大97購04  ,0,0,0,0,0,0,0,0,0,159000,0,0,0,161000,2000,159000,159000
054062,TPK國票96購02   ,0,0,0,0,0,0,0,0,0,159000,0,0,0,169000,10000,159000,159000
054559,台光電群益99購01,0,0,0,0,0,0,0,0,0,159000,0,0,0,190000,31000,159000,159000
052424,泰碩國票97購01  ,0,0,0,0,0,0,0,0,0,159000,0,0,0,159000,0,159000,159000
044673,上銀凱基93購04  ,0,0,0,0,0,0,0,0,0,158000,0,0,0,180000,22000,158000,158000
050081,聯發科統一94購07,0,0,0,0,0,0,0,0,0,158000,0,0,0,238000,80000,158000,158000
04607P,A50中信94售01   ,0,0,0,0,0,0,0,0,0,158000,0,0,0,260000,102000,158000,158000
9933,中鼎            ,236000,58000,178000,0,0,0,0,0,0,-20000,0,20000,-20000,0,0,0,158000
055450,台積電元富97購01,0,0,0,0,0,0,0,0,0,157000,0,0,0,817000,660000,157000,157000
049903,大立光元富94購06,0,0,0,0,0,0,0,0,0,157000,0,0,0,177000,20000,157000,157000
055859,啟碁元大97購03  ,0,0,0,0,0,0,0,0,0,156000,0,0,0,158000,2000,156000,156000
047004,台積電統一99購01,0,0,0,0,0,0,0,0,0,156000,0,0,0,233000,77000,156000,156000
047713,大立光凱基93購24,0,0,0,0,0,0,0,0,0,156000,0,0,0,156000,0,156000,156000
053230,達方台新97購01  ,0,0,0,0,0,0,0,0,0,156000,0,0,0,156000,0,156000,156000
3059,華晶科          ,231000,107000,124000,0,0,0,0,0,0,32000,37000,2000,35000,0,3000,-3000,156000
047042,佐登群益93購01  ,0,0,0,0,0,0,0,0,0,155000,0,0,0,155000,0,155000,155000
044426,欣興國泰93購02  ,0,0,0,0,0,0,0,0,0,155000,0,0,0,155000,0,155000,155000
03583P,微星元大02售03  ,0,0,0,0,0,0,0,0,0,155000,0,0,0,215000,60000,155000,155000
042561,南電兆豐92購01  ,0,0,0,0,0,0,0,0,0,155000,0,0,0,155000,0,155000,155000
048271,可成富邦95購02  ,0,0,0,0,0,0,0,0,0,155000,0,0,0,225000,70000,155000,155000
053479,達興元大96購01  ,0,0,0,0,0,0,0,0,0,155000,0,0,0,155000,0,155000,155000
053724,聯詠凱基96購04  ,0,0,0,0,0,0,0,0,0,155000,0,0,0,190000,35000,155000,155000
051419,麗豐國票96購01  ,0,0,0,0,0,0,0,0,0,155000,0,0,0,274000,119000,155000,155000
051892,台光電元富95購03,0,0,0,0,0,0,0,0,0,155000,0,0,0,253000,98000,155000,155000
2451,創見            ,298000,151000,147000,0,0,0,0,0,0,8000,0,14000,-14000,26000,4000,22000,155000
05783P,嘉澤元富96售01  ,0,0,0,0,0,0,0,0,0,155000,0,0,0,160000,5000,155000,155000
054057,晶豪科國票97購01,0,0,0,0,0,0,0,0,0,154000,0,0,0,266000,112000,154000,154000
055109,正崴凱基98購01  ,0,0,0,0,0,0,0,0,0,154000,0,0,0,164000,10000,154000,154000
054891,聯鈞統一99購02  ,0,0,0,0,0,0,0,0,0,154000,0,0,0,216000,62000,154000,154000
00640L,富邦日本正2     ,0,0,0,0,0,0,0,0,0,154000,0,0,0,847000,693000,154000,154000
049225,達方國票94購01  ,0,0,0,0,0,0,0,0,0,154000,0,0,0,154000,0,154000,154000
04899P,力成中信94售02  ,0,0,0,0,0,0,0,0,0,154000,0,0,0,154000,0,154000,154000
053959,晶豪科永豐96購02,0,0,0,0,0,0,0,0,0,154000,0,0,0,154000,0,154000,154000
06264P,友達凱基98售06  ,0,0,0,0,0,0,0,0,0,154000,0,0,0,298000,144000,154000,154000
054944,精元元大97購01  ,0,0,0,0,0,0,0,0,0,153000,0,0,0,157000,4000,153000,153000
053610,矽力中信98購01  ,0,0,0,0,0,0,0,0,0,153000,0,0,0,247000,94000,153000,153000
053022,欣興國泰98購01  ,0,0,0,0,0,0,0,0,0,153000,0,0,0,180000,27000,153000,153000
052253,康控永豐95購04  ,0,0,0,0,0,0,0,0,0,153000,0,0,0,154000,1000,153000,153000
054085,華新科統一96購04,0,0,0,0,0,0,0,0,0,152000,0,0,0,416000,264000,152000,152000
056023,晶豪科群益97購01,0,0,0,0,0,0,0,0,0,152000,0,0,0,162000,10000,152000,152000
04457P,同欣電統一94售01,0,0,0,0,0,0,0,0,0,152000,0,0,0,179000,27000,152000,152000
046486,樺漢國泰94購01  ,0,0,0,0,0,0,0,0,0,152000,0,0,0,210000,58000,152000,152000
046499,技嘉元大92購02  ,0,0,0,0,0,0,0,0,0,152000,0,0,0,155000,3000,152000,152000
04676P,彩晶統一94售03  ,0,0,0,0,0,0,0,0,0,152000,0,0,0,162000,10000,152000,152000
048898,晶相光國泰96購01,0,0,0,0,0,0,0,0,0,152000,0,0,0,583000,431000,152000,152000
2838,聯邦銀          ,811000,539000,272000,0,0,0,0,0,0,-120000,0,120000,-120000,0,0,0,152000
056238,聯發科群益98購02,0,0,0,0,0,0,0,0,0,151000,0,0,0,221000,70000,151000,151000
056277,上銀富邦99購02  ,0,0,0,0,0,0,0,0,0,151000,0,0,0,224000,73000,151000,151000
055819,晶相光國票98購01,0,0,0,0,0,0,0,0,0,151000,0,0,0,310000,159000,151000,151000
054578,世芯元大99購01  ,0,0,0,0,0,0,0,0,0,151000,0,0,0,194000,43000,151000,151000
047348,台光電凱基94購02,0,0,0,0,0,0,0,0,0,151000,0,0,0,151000,0,151000,151000
050992,台積電元大97購01,0,0,0,0,0,0,0,0,0,151000,0,0,0,370000,219000,151000,151000
051219,大立光元富95購07,0,0,0,0,0,0,0,0,0,151000,0,0,0,161000,10000,151000,151000
053699,臺股指元大96購22,0,0,0,0,0,0,0,0,0,151000,0,0,0,260000,109000,151000,151000
1319,東陽            ,383172,141000,242172,0,0,0,0,67000,-67000,-25000,4000,23000,-19000,0,6000,-6000,150172
054351,華新科國泰97購03,0,0,0,0,0,0,0,0,0,150000,0,0,0,426000,276000,150000,150000
054265,GIS元大96購03   ,0,0,0,0,0,0,0,0,0,150000,0,0,0,152000,2000,150000,150000
054780,中石化群益99購01,0,0,0,0,0,0,0,0,0,150000,0,0,0,150000,0,150000,150000
055401,亞光元富9A購01  ,0,0,0,0,0,0,0,0,0,150000,0,0,0,150000,0,150000,150000
03703P,台郡元大93售02  ,0,0,0,0,0,0,0,0,0,150000,0,0,0,150000,0,150000,150000
042069,T50正2富邦93購01,0,0,0,0,0,0,0,0,0,150000,0,0,0,150000,0,150000,150000
050980,欣興元富95購02  ,0,0,0,0,0,0,0,0,0,150000,0,0,0,150000,0,150000,150000
050162,中環國泰95購01  ,0,0,0,0,0,0,0,0,0,150000,0,0,0,150000,0,150000,150000
050674,瑞昱富邦94購02  ,0,0,0,0,0,0,0,0,0,150000,0,0,0,150000,0,150000,150000
048690,美律群益94購01  ,0,0,0,0,0,0,0,0,0,150000,0,0,0,150000,0,150000,150000
04842P,群創元大96售02  ,0,0,0,0,0,0,0,0,0,150000,0,0,0,150000,0,150000,150000
053896,麗豐群益97購01  ,0,0,0,0,0,0,0,0,0,150000,0,0,0,233000,83000,150000,150000
052367,聯茂國票96購02  ,0,0,0,0,0,0,0,0,0,150000,0,0,0,160000,10000,150000,150000
051994,瀚宇博元大96購01,0,0,0,0,0,0,0,0,0,150000,0,0,0,150000,0,150000,150000
051667,光磊元大96購02  ,0,0,0,0,0,0,0,0,0,150000,0,0,0,200000,50000,150000,150000
051439,川湖元大95購01  ,0,0,0,0,0,0,0,0,0,150000,0,0,0,159000,9000,150000,150000
4916,事欣科          ,224000,74000,150000,0,0,0,0,0,0,0,0,0,0,0,0,0,150000
047009,大立光統一93購07,0,0,0,0,0,0,0,0,0,149000,0,0,0,149000,0,149000,149000
048742,瀚宇博統一94購01,0,0,0,0,0,0,0,0,0,149000,0,0,0,149000,0,149000,149000
048655,A50正2元富96購01,0,0,0,0,0,0,0,0,0,149000,0,0,0,149000,0,149000,149000
051360,緯創元大95購03  ,0,0,0,0,0,0,0,0,0,149000,0,0,0,159000,10000,149000,149000
055368,台積電元大97購24,0,0,0,0,0,0,0,0,0,148000,0,0,0,450000,302000,148000,148000
055013,訊連元富97購01  ,0,0,0,0,0,0,0,0,0,148000,0,0,0,169000,21000,148000,148000
055207,致新中信99購01  ,0,0,0,0,0,0,0,0,0,148000,0,0,0,158000,10000,148000,148000
050443,復盛凱基94購02  ,0,0,0,0,0,0,0,0,0,148000,0,0,0,153000,5000,148000,148000
045850,嘉澤永豐92購01  ,0,0,0,0,0,0,0,0,0,148000,0,0,0,165000,17000,148000,148000
053299,台泥凱基96購01  ,0,0,0,0,0,0,0,0,0,148000,0,0,0,223000,75000,148000,148000
055707,聯鈞永豐98購01  ,0,0,0,0,0,0,0,0,0,147000,0,0,0,147000,0,147000,147000
047803,卜蜂凱基93購03  ,0,0,0,0,0,0,0,0,0,147000,0,0,0,147000,0,147000,147000
052026,漢唐群益95購01  ,0,0,0,0,0,0,0,0,0,147000,0,0,0,167000,20000,147000,147000
055603,超眾元大97購04  ,0,0,0,0,0,0,0,0,0,146000,0,0,0,166000,20000,146000,146000
055452,台積電元富97購03,0,0,0,0,0,0,0,0,0,146000,0,0,0,146000,0,146000,146000
056198,台光電永豐97購02,0,0,0,0,0,0,0,0,0,146000,0,0,0,262000,116000,146000,146000
047207,晶技國泰94購01  ,0,0,0,0,0,0,0,0,0,146000,0,0,0,149000,3000,146000,146000
049311,漢唐凱基94購03  ,0,0,0,0,0,0,0,0,0,146000,0,0,0,146000,0,146000,146000
052217,台光電日盛95購01,0,0,0,0,0,0,0,0,0,146000,0,0,0,146000,0,146000,146000
053191,奇鋐統一96購01  ,0,0,0,0,0,0,0,0,0,146000,0,0,0,146000,0,146000,146000
055918,和鑫凱基97購01  ,0,0,0,0,0,0,0,0,0,145000,0,0,0,155000,10000,145000,145000
055195,昇陽半元富97購02,0,0,0,0,0,0,0,0,0,145000,0,0,0,145000,0,145000,145000
054509,上証反元大99購01,0,0,0,0,0,0,0,0,0,145000,0,0,0,220000,75000,145000,145000
045163,瀚宇博國泰93購01,0,0,0,0,0,0,0,0,0,145000,0,0,0,160000,15000,145000,145000
044285,鴻海凱基93購06  ,0,0,0,0,0,0,0,0,0,145000,0,0,0,165000,20000,145000,145000
050939,健鼎國票96購01  ,0,0,0,0,0,0,0,0,0,145000,0,0,0,234000,89000,145000,145000
053201,美律日盛96購01  ,0,0,0,0,0,0,0,0,0,145000,0,0,0,145000,0,145000,145000
053205,台光電麥證96購01,0,0,0,295000,150000,145000,0,0,0,145000,0,0,0,295000,150000,145000,145000
053830,台積電台新96購02,0,0,0,0,0,0,0,0,0,145000,0,0,0,155000,10000,145000,145000
053651,台光電凱基98購01,0,0,0,0,0,0,0,0,0,145000,0,0,0,176000,31000,145000,145000
052704,TPK國票97購01   ,0,0,0,0,0,0,0,0,0,145000,0,0,0,165000,20000,145000,145000
051338,揚明光永豐95購02,0,0,0,0,0,0,0,0,0,144000,0,0,0,180000,36000,144000,144000
054504,聯鈞永豐96購01  ,0,0,0,0,0,0,0,0,0,143000,0,0,0,143000,0,143000,143000
05095P,景碩元大95售01  ,0,0,0,0,0,0,0,0,0,143000,0,0,0,220000,77000,143000,143000
048630,南亞元大93購01  ,0,0,0,0,0,0,0,0,0,143000,0,0,0,143000,0,143000,143000
052545,康控元富95購02  ,0,0,0,0,0,0,0,0,0,143000,0,0,0,143000,0,143000,143000
052531,台積電國泰96購06,0,0,0,0,0,0,0,0,0,143000,0,0,0,244000,101000,143000,143000
054433,南亞科台新96購02,0,0,0,0,0,0,0,0,0,142000,0,0,0,197000,55000,142000,142000
055279,華邦電元大97購02,0,0,0,0,0,0,0,0,0,142000,0,0,0,263000,121000,142000,142000
056154,宏達電凱基97購03,0,0,0,0,0,0,0,0,0,142000,0,0,0,152000,10000,142000,142000
05039P,鴻海凱基95售10  ,0,0,0,0,0,0,0,0,0,142000,0,0,0,289000,147000,142000,142000
048614,欣興凱基93購05  ,0,0,0,0,0,0,0,0,0,142000,0,0,0,210000,68000,142000,142000
053268,日月光群益96購01,0,0,0,0,0,0,0,0,0,142000,0,0,0,207000,65000,142000,142000
055504,貿聯元大98購04  ,0,0,0,0,0,0,0,0,0,141000,0,0,0,156000,15000,141000,141000
055220,緯穎凱基98購02  ,0,0,0,0,0,0,0,0,0,141000,0,0,0,228000,87000,141000,141000
055030,帆宣國泰99購02  ,0,0,0,0,0,0,0,0,0,141000,0,0,0,157000,16000,141000,141000
04217P,漢唐國票93售01  ,0,0,0,0,0,0,0,0,0,141000,0,0,0,141000,0,141000,141000
053561,玉晶光國泰98購01,0,0,0,0,0,0,0,0,0,141000,0,0,0,153000,12000,141000,141000
053529,國巨麥證96購01  ,0,0,0,201000,39000,162000,0,0,0,141000,0,0,0,230000,89000,141000,141000
053887,聯茂兆豐97購02  ,0,0,0,0,0,0,0,0,0,141000,0,0,0,222000,81000,141000,141000
052399,台光電凱基95購03,0,0,0,0,0,0,0,0,0,141000,0,0,0,141000,0,141000,141000
2606,裕民            ,506000,347000,159000,0,0,0,7000,0,7000,-25000,0,25000,-25000,0,0,0,141000
055102,上銀凱基98購01  ,0,0,0,0,0,0,0,0,0,140000,0,0,0,160000,20000,140000,140000
055286,晶技元大98購03  ,0,0,0,0,0,0,0,0,0,140000,0,0,0,140000,0,140000,140000
054436,高鐵台新97購02  ,0,0,0,0,0,0,0,0,0,140000,0,0,0,140000,0,140000,140000
055790,南電凱基97購01  ,0,0,0,0,0,0,0,0,0,140000,0,0,0,160000,20000,140000,140000
056223,華邦電凱基97購04,0,0,0,0,0,0,0,0,0,140000,0,0,0,269000,129000,140000,140000
046998,同欣電國泰94購01,0,0,0,0,0,0,0,0,0,140000,0,0,0,150000,10000,140000,140000
049260,華新科元大96購01,0,0,0,0,0,0,0,0,0,140000,0,0,0,169000,29000,140000,140000
05187P,力山凱基95售01  ,0,0,0,0,0,0,0,0,0,140000,0,0,0,190000,50000,140000,140000
053855,康友國泰98購01  ,0,0,0,0,0,0,0,0,0,140000,0,0,0,160000,20000,140000,140000
053481,同欣電元大97購01,0,0,0,0,0,0,0,0,0,140000,0,0,0,145000,5000,140000,140000
05291P,鴻海凱基95售16  ,0,0,0,0,0,0,0,0,0,140000,0,0,0,280000,140000,140000,140000
055976,台積電統一99購03,0,0,0,0,0,0,0,0,0,139000,0,0,0,222000,83000,139000,139000
055388,華通統一97購03  ,0,0,0,0,0,0,0,0,0,139000,0,0,0,139000,0,139000,139000
048096,大立光凱基93購33,0,0,0,0,0,0,0,0,0,139000,0,0,0,139000,0,139000,139000
053490,為升兆豐97購01  ,0,0,0,0,0,0,0,0,0,139000,0,0,0,139000,0,139000,139000
052070,GIS兆豐95購03   ,0,0,0,0,0,0,0,0,0,139000,0,0,0,139000,0,139000,139000
048066,樺漢統一93購01  ,0,0,0,0,0,0,0,0,0,138000,0,0,0,138000,0,138000,138000
052259,深100富邦95購01 ,0,0,0,0,0,0,0,0,0,138000,0,0,0,138000,0,138000,138000
053153,大立光元大99購02,0,0,0,0,0,0,0,0,0,138000,0,0,0,157000,19000,138000,138000
055805,矽力永豐97購01  ,0,0,0,0,0,0,0,0,0,137000,0,0,0,222000,85000,137000,137000
056068,欣興元大97購05  ,0,0,0,0,0,0,0,0,0,137000,0,0,0,400000,263000,137000,137000
054572,國巨元大98購03  ,0,0,0,0,0,0,0,0,0,137000,0,0,0,221000,84000,137000,137000
055261,帆宣統一98購01  ,0,0,0,0,0,0,0,0,0,137000,0,0,0,185000,48000,137000,137000
045685,康控元大95購01  ,0,0,0,0,0,0,0,0,0,137000,0,0,0,138000,1000,137000,137000
04421P,玉晶光永豐94售02,0,0,0,0,0,0,0,0,0,137000,0,0,0,157000,20000,137000,137000
051203,微星麥證95購01  ,0,0,0,200000,63000,137000,0,0,0,137000,0,0,0,200000,63000,137000,137000
049769,和鑫元富96購01  ,0,0,0,0,0,0,0,0,0,137000,0,0,0,147000,10000,137000,137000
049528,台積電中信94購01,0,0,0,0,0,0,0,0,0,137000,0,0,0,157000,20000,137000,137000
050031,嘉澤元大95購01  ,0,0,0,0,0,0,0,0,0,137000,0,0,0,199000,62000,137000,137000
052391,瑞儀群益95購01  ,0,0,0,0,0,0,0,0,0,137000,0,0,0,159000,22000,137000,137000
2340,光磊            ,953000,479000,474000,0,0,0,0,0,0,-337000,0,12000,-12000,45000,370000,-325000,137000
05914P,友達元大96售04  ,0,0,0,0,0,0,0,0,0,137000,0,0,0,442000,305000,137000,137000
055039,神達富邦99購01  ,0,0,0,0,0,0,0,0,0,136000,0,0,0,190000,54000,136000,136000
054457,強茂群益96購01  ,0,0,0,0,0,0,0,0,0,136000,0,0,0,194000,58000,136000,136000
047591,訊芯永豐93購02  ,0,0,0,0,0,0,0,0,0,136000,0,0,0,136000,0,136000,136000
049522,華通兆豐94購02  ,0,0,0,0,0,0,0,0,0,136000,0,0,0,146000,10000,136000,136000
049967,華新科國票94購07,0,0,0,0,0,0,0,0,0,136000,0,0,0,250000,114000,136000,136000
051744,嘉聯益國票97購01,0,0,0,0,0,0,0,0,0,136000,0,0,0,136000,0,136000,136000
051758,瑞昱元大95購01  ,0,0,0,0,0,0,0,0,0,136000,0,0,0,168000,32000,136000,136000
053028,康控富邦98購01  ,0,0,0,0,0,0,0,0,0,136000,0,0,0,195000,59000,136000,136000
054768,泰碩國票99購02  ,0,0,0,0,0,0,0,0,0,135000,0,0,0,135000,0,135000,135000
050404,元大金麥證94購01,0,0,0,147000,12000,135000,0,0,0,135000,0,0,0,147000,12000,135000,135000
046919,大毅永豐93購01  ,0,0,0,0,0,0,0,0,0,135000,0,0,0,378000,243000,135000,135000
047646,貿聯元大94購01  ,0,0,0,0,0,0,0,0,0,135000,0,0,0,252000,117000,135000,135000
053068,智伸科群益96購01,0,0,0,0,0,0,0,0,0,135000,0,0,0,159000,24000,135000,135000
053487,台泥兆豐97購01  ,0,0,0,0,0,0,0,0,0,135000,0,0,0,200000,65000,135000,135000
051776,上証2X群益99購01,0,0,0,0,0,0,0,0,0,135000,0,0,0,235000,100000,135000,135000
052453,崇越元大95購01  ,0,0,0,0,0,0,0,0,0,135000,0,0,0,205000,70000,135000,135000
055697,牧德國票98購01  ,0,49000,-49000,0,0,0,0,0,0,183000,0,0,0,311000,128000,183000,134000
049669,訊芯國泰95購01  ,0,0,0,0,0,0,0,0,0,134000,0,0,0,134000,0,134000,134000
053121,上証2X凱基9C購01,0,0,0,0,0,0,0,0,0,134000,0,0,0,134000,0,134000,134000
054947,興勤元大97購01  ,0,0,0,0,0,0,0,0,0,133000,0,0,0,280000,147000,133000,133000
055244,國巨統一98購01  ,0,0,0,0,0,0,0,0,0,133000,0,0,0,181000,48000,133000,133000
05460P,台郡凱基95售05  ,0,0,0,0,0,0,0,0,0,133000,0,0,0,143000,10000,133000,133000
054211,奇鋐國票97購03  ,0,0,0,0,0,0,0,0,0,133000,0,0,0,163000,30000,133000,133000
00650L,FH香港正2       ,33000,33000,0,0,0,0,0,0,0,133000,0,0,0,1323000,1190000,133000,133000
049861,正崴兆豐94購01  ,0,0,0,0,0,0,0,0,0,133000,0,0,0,143000,10000,133000,133000
048851,台達電群益94購01,0,0,0,0,0,0,0,0,0,133000,0,0,0,178000,45000,133000,133000
052755,滬深2X群益9A購01,0,0,0,0,0,0,0,0,0,133000,0,0,0,548000,415000,133000,133000
053484,國巨國票97購03  ,0,0,0,0,0,0,0,0,0,133000,0,0,0,269000,136000,133000,133000
053671,可成統一96購03  ,0,0,0,0,0,0,0,0,0,133000,0,0,0,185000,52000,133000,133000
051380,禾伸堂群益95購01,0,0,0,0,0,0,0,0,0,133000,0,0,0,148000,15000,133000,133000
6698,旭暉應材        ,79000,69000,10000,0,0,0,17000,0,17000,106000,106000,0,106000,0,0,0,133000
055687,瀚宇博凱基97購01,0,0,0,0,0,0,0,0,0,132000,0,0,0,214000,82000,132000,132000
055587,智邦元大97購02  ,0,0,0,0,0,0,0,0,0,132000,0,0,0,172000,40000,132000,132000
056096,超眾元富9A購01  ,0,0,0,0,0,0,0,0,0,132000,0,0,0,168000,36000,132000,132000
04173P,上海銀凱基93售02,0,0,0,0,0,0,0,0,0,132000,0,0,0,132000,0,132000,132000
050251,樺漢凱基94購02  ,0,0,0,0,0,0,0,0,0,132000,0,0,0,137000,5000,132000,132000
045525,智邦永豐92購01  ,0,0,0,0,0,0,0,0,0,132000,0,0,0,132000,0,132000,132000
051621,欣興凱基95購02  ,0,0,0,0,0,0,0,0,0,132000,0,0,0,191000,59000,132000,132000
053431,志超永豐96購01  ,0,0,0,0,0,0,0,0,0,131000,0,0,0,210000,79000,131000,131000
053112,中磊兆豐97購01  ,0,0,0,0,0,0,0,0,0,131000,0,0,0,241000,110000,131000,131000
056065,奇鋐元大97購01  ,0,0,0,0,0,0,0,0,0,130000,0,0,0,130000,0,130000,130000
05511P,T50反1台新06售01,0,0,0,0,0,0,0,0,0,130000,0,0,0,130000,0,130000,130000
054953,華新科元大97購05,0,0,0,0,0,0,0,0,0,130000,0,0,0,130000,0,130000,130000
050274,GIS元大94購05   ,0,0,0,0,0,0,0,0,0,130000,0,0,0,130000,0,130000,130000
046108,A50正2元大95購02,0,0,0,0,0,0,0,0,0,130000,0,0,0,130000,0,130000,130000
049856,緯穎群益94購02  ,0,0,0,0,0,0,0,0,0,130000,0,0,0,140000,10000,130000,130000
051206,大立光麥證95購02,0,0,0,130000,0,130000,0,0,0,130000,0,0,0,130000,0,130000,130000
049475,高鐵永豐94購01  ,0,0,0,0,0,0,0,0,0,130000,0,0,0,130000,0,130000,130000
047675,群創元富96購03  ,0,0,0,0,0,0,0,0,0,130000,0,0,0,130000,0,130000,130000
048298,華通麥證94購01  ,0,0,0,130000,0,130000,0,0,0,130000,0,0,0,130000,0,130000,130000
050740,旺宏永豐94購03  ,0,0,0,0,0,0,0,0,0,130000,0,0,0,207000,77000,130000,130000
053198,亞德客日盛96購01,0,0,0,0,0,0,0,0,0,130000,0,0,0,140000,10000,130000,130000
052403,麗豐凱基96購01  ,0,0,0,0,0,0,0,0,0,130000,0,0,0,240000,110000,130000,130000
052540,華新科統一95購03,0,0,0,0,0,0,0,0,0,130000,0,0,0,182000,52000,130000,130000
054382,康控群益96購03  ,0,0,0,0,0,0,0,0,0,129000,0,0,0,142000,13000,129000,129000
051201,台積電麥證95購02,0,0,0,139000,10000,129000,0,0,0,129000,0,0,0,139000,10000,129000,129000
051550,日電貿永豐95購01,0,0,0,0,0,0,0,0,0,129000,0,0,0,129000,0,129000,129000
054000,訊芯群益96購02  ,0,0,0,0,0,0,0,0,0,129000,0,0,0,184000,55000,129000,129000
8101,華冠            ,232000,102000,130000,0,0,0,0,0,0,-1000,0,1000,-1000,0,0,0,129000
054860,台積電群益98購01,0,0,0,0,0,0,0,0,0,128000,0,0,0,417000,289000,128000,128000
055991,鈺齊元富97購01  ,0,0,0,0,0,0,0,0,0,128000,0,0,0,128000,0,128000,128000
055627,亞德客永豐97購02,0,0,0,0,0,0,0,0,0,128000,0,0,0,171000,43000,128000,128000
055844,大毅元大98購01  ,1000,0,1000,0,0,0,0,0,0,127000,0,0,0,849000,722000,127000,128000
05034P,台積電元大95售08,0,0,0,0,0,0,0,0,0,128000,0,0,0,972000,844000,128000,128000
047505,元金2X國票9B購01,0,0,0,0,0,0,0,0,0,128000,0,0,0,141000,13000,128000,128000
03102P,臺股指凱基03售08,0,0,0,0,0,0,0,0,0,128000,0,0,0,128000,0,128000,128000
053565,台光電富邦98購01,0,0,0,0,0,0,0,0,0,128000,0,0,0,130000,2000,128000,128000
052985,美律元大96購02  ,0,0,0,0,0,0,0,0,0,128000,0,0,0,281000,153000,128000,128000
053003,國巨永豐96購02  ,0,0,0,0,0,0,0,0,0,128000,0,0,0,128000,0,128000,128000
051543,鈺齊國票96購01  ,0,0,0,0,0,0,0,0,0,128000,0,0,0,128000,0,128000,128000
051515,聯發科凱基95購10,0,0,0,0,0,0,0,0,0,128000,0,0,0,178000,50000,128000,128000
052201,超眾統一96購01  ,0,0,0,0,0,0,0,0,0,128000,0,0,0,128000,0,128000,128000
052193,國巨元富95購06  ,0,0,0,0,0,0,0,0,0,128000,0,0,0,214000,86000,128000,128000
06353P,電子類富邦99售02,0,0,0,0,0,0,0,0,0,128000,0,0,0,169000,41000,128000,128000
055509,訊芯元大97購03  ,0,0,0,0,0,0,0,0,0,127000,0,0,0,127000,0,127000,127000
055129,鈺齊兆豐97購01  ,0,0,0,0,0,0,0,0,0,127000,0,0,0,179000,52000,127000,127000
055214,聯電凱基97購02  ,0,0,0,0,0,0,0,0,0,127000,0,0,0,174000,47000,127000,127000
054640,健策中信9B購01  ,0,0,0,0,0,0,0,0,0,127000,0,0,0,171000,44000,127000,127000
04340P,易華電元大94售02,0,0,0,0,0,0,0,0,0,127000,0,0,0,127000,0,127000,127000
045694,智邦兆豐93購05  ,0,0,0,0,0,0,0,0,0,127000,0,0,0,182000,55000,127000,127000
048939,華擎永豐94購01  ,0,0,0,0,0,0,0,0,0,127000,0,0,0,270000,143000,127000,127000
048869,光罩國票94購01  ,0,0,0,0,0,0,0,0,0,127000,0,0,0,127000,0,127000,127000
050168,緯創富邦95購01  ,0,0,0,0,0,0,0,0,0,127000,0,0,0,167000,40000,127000,127000
052764,景碩群益98購01  ,0,0,0,0,0,0,0,0,0,127000,0,0,0,127000,0,127000,127000
05315P,鴻海永昌96售08  ,0,0,0,0,0,0,0,0,0,127000,0,0,0,539000,412000,127000,127000
054601,奇鋐台新98購01  ,0,0,0,0,0,0,0,0,0,126000,0,0,0,126000,0,126000,126000
054432,台積電台新96購05,0,0,0,0,0,0,0,0,0,126000,0,0,0,132000,6000,126000,126000
046298,聯發科富邦94購01,0,0,0,0,0,0,0,0,0,126000,0,0,0,221000,95000,126000,126000
051263,深中小富邦96購01,0,0,0,0,0,0,0,0,0,126000,0,0,0,400000,274000,126000,126000
050744,健策永豐94購04  ,0,0,0,0,0,0,0,0,0,126000,0,0,0,141000,15000,126000,126000
050495,大立光永昌96購01,0,0,0,0,0,0,0,0,0,126000,0,0,0,176000,50000,126000,126000
049494,華新科元大95購05,0,0,0,0,0,0,0,0,0,126000,0,0,0,153000,27000,126000,126000
052467,嘉聯益統一96購01,0,0,0,0,0,0,0,0,0,126000,0,0,0,150000,24000,126000,126000
055169,光罩統一99購01  ,0,0,0,0,0,0,0,0,0,125000,0,0,0,135000,10000,125000,125000
055123,億光兆豐97購01  ,0,0,0,0,0,0,0,0,0,125000,0,0,0,125000,0,125000,125000
055699,康控國票97購04  ,0,0,0,0,0,0,0,0,0,125000,0,0,0,125000,0,125000,125000
048793,超眾元大95購02  ,0,0,0,0,0,0,0,0,0,125000,0,0,0,170000,45000,125000,125000
049700,瀚宇博元大97購01,0,0,0,0,0,0,0,0,0,125000,0,0,0,188000,63000,125000,125000
052142,滬深2X群益99購04,0,0,0,0,0,0,0,0,0,125000,0,0,0,146000,21000,125000,125000
052320,緯創元大95購05  ,0,0,0,0,0,0,0,0,0,125000,0,0,0,153000,28000,125000,125000
051662,大立光永昌96購03,0,0,0,0,0,0,0,0,0,125000,0,0,0,135000,10000,125000,125000
052909,上銀統一96購01  ,0,0,0,0,0,0,0,0,0,125000,0,0,0,181000,56000,125000,125000
053406,國巨兆豐96購02  ,0,0,0,0,0,0,0,0,0,125000,0,0,0,173000,48000,125000,125000
055680,美律凱基99購01  ,0,0,0,0,0,0,0,0,0,124000,0,0,0,197000,73000,124000,124000
055330,上銀兆豐98購02  ,0,0,0,0,0,0,0,0,0,124000,0,0,0,130000,6000,124000,124000
044735,光磊國泰93購01  ,0,0,0,0,0,0,0,0,0,124000,0,0,0,144000,20000,124000,124000
050959,元金2X永豐95購02,0,0,0,0,0,0,0,0,0,124000,0,0,0,140000,16000,124000,124000
047685,嘉聯益國泰95購01,0,0,0,0,0,0,0,0,0,124000,0,0,0,154000,30000,124000,124000
6285,啟碁            ,264000,60000,204000,0,0,0,4000,1000,3000,-83000,30000,20000,10000,10000,103000,-93000,124000
3026,禾伸堂          ,597000,291000,306000,0,0,0,0,0,0,-182000,50000,7000,43000,22000,247000,-225000,124000
055361,樺漢凱基97購01  ,0,0,0,0,0,0,0,0,0,123000,0,0,0,142000,19000,123000,123000
055728,緯穎元大97購03  ,0,0,0,0,0,0,0,0,0,123000,0,0,0,246000,123000,123000,123000
056001,美食永豐97購01  ,0,0,0,0,0,0,0,0,0,123000,0,0,0,123000,0,123000,123000
054480,和碩中信98購01  ,0,0,0,0,0,0,0,0,0,123000,0,0,0,145000,22000,123000,123000
047347,台積電凱基93購14,0,0,0,0,0,0,0,0,0,123000,0,0,0,133000,10000,123000,123000
050569,英業達中信94購01,0,0,0,0,0,0,0,0,0,123000,0,0,0,123000,0,123000,123000
052084,台泥元大95購01  ,0,0,0,0,0,0,0,0,0,123000,0,0,0,264000,141000,123000,123000
5434,崇越            ,521000,442000,79000,0,0,0,3000,0,3000,41000,20000,6000,14000,30000,3000,27000,123000
055021,亞德客國泰98購01,0,0,0,0,0,0,0,0,0,122000,0,0,0,235000,113000,122000,122000
055612,台光電國票97購04,0,0,0,0,0,0,0,0,0,122000,0,0,0,122000,0,122000,122000
055579,健策統一9A購01  ,0,0,0,0,0,0,0,0,0,122000,0,0,0,306000,184000,122000,122000
044198,友達國票92購01  ,0,0,0,0,0,0,0,0,0,122000,0,0,0,122000,0,122000,122000
051214,大立光統一95購02,0,0,0,0,0,0,0,0,0,122000,0,0,0,122000,0,122000,122000
048897,日電貿國泰95購01,0,0,0,0,0,0,0,0,0,122000,0,0,0,152000,30000,122000,122000
052154,緯創台新95購01  ,0,0,0,0,0,0,0,0,0,122000,0,0,0,132000,10000,122000,122000
051718,上証2X永豐95購01,0,0,0,0,0,0,0,0,0,122000,0,0,0,187000,65000,122000,122000
051596,超眾元大95購05  ,0,0,0,0,0,0,0,0,0,122000,0,0,0,226000,104000,122000,122000
053828,貿聯麥證96購01  ,0,0,0,260000,138000,122000,0,0,0,122000,0,0,0,260000,138000,122000,122000
06072P,牧德永豐97售01  ,0,0,0,0,0,0,0,0,0,122000,0,0,0,134000,12000,122000,122000
2812,台中銀          ,1420000,1141000,279000,0,0,0,0,0,0,-157000,0,157000,-157000,0,0,0,122000
044964,旺宏中信94購01  ,0,0,0,0,0,0,0,0,0,121000,0,0,0,918000,797000,121000,121000
046727,新光金元大93購03,0,0,0,0,0,0,0,0,0,121000,0,0,0,121000,0,121000,121000
047877,滬深2X中信95購07,0,0,0,0,0,0,0,0,0,121000,0,0,0,121000,0,121000,121000
049028,麗豐群益94購01  ,0,0,0,0,0,0,0,0,0,121000,0,0,0,293000,172000,121000,121000
055573,國巨統一97購06  ,0,0,0,0,0,0,0,0,0,120000,0,0,0,226000,106000,120000,120000
055302,達方元大97購01  ,0,0,0,0,0,0,0,0,0,120000,0,0,0,142000,22000,120000,120000
056361,美律元大99購02  ,0,0,0,0,0,0,0,0,0,120000,0,0,0,127000,7000,120000,120000
055256,日電貿統一99購01,0,0,0,0,0,0,0,0,0,120000,0,0,0,120000,0,120000,120000
054913,億光凱基97購01  ,0,0,0,0,0,0,0,0,0,120000,0,0,0,249000,129000,120000,120000
04589P,祥碩永豐94售01  ,0,0,0,0,0,0,0,0,0,120000,0,0,0,830000,710000,120000,120000
047445,創意元大93購04  ,0,0,0,0,0,0,0,0,0,120000,0,0,0,120000,0,120000,120000
05375P,健策國票96售02  ,0,0,0,0,0,0,0,0,0,120000,0,0,0,180000,60000,120000,120000
052881,康控凱基97購01  ,0,0,0,0,0,0,0,0,0,120000,0,0,0,235000,115000,120000,120000
051317,亞德客國票96購01,0,0,0,0,0,0,0,0,0,120000,0,0,0,120000,0,120000,120000
054832,興勤中信97購01  ,0,0,0,0,0,0,0,0,0,119000,0,0,0,158000,39000,119000,119000
055231,大毅國票98購02  ,0,0,0,0,0,0,0,0,0,119000,0,0,0,164000,45000,119000,119000
054633,臺股指凱基9A購02,0,0,0,0,0,0,0,0,0,119000,0,0,0,148000,29000,119000,119000
055395,泰鼎統一97購01  ,0,0,0,0,0,0,0,0,0,119000,0,0,0,233000,114000,119000,119000
044852,華邦電國泰93購02,0,0,0,0,0,0,0,0,0,119000,0,0,0,333000,214000,119000,119000
049549,瀚宇博群益94購01,0,0,0,0,0,0,0,0,0,119000,0,0,0,119000,0,119000,119000
051388,大立光麥證95購03,0,0,0,119000,0,119000,0,0,0,119000,0,0,0,119000,0,119000,119000
053730,樺漢凱基98購01  ,0,0,0,0,0,0,0,0,0,119000,0,0,0,130000,11000,119000,119000
053928,智易國票97購03  ,0,0,0,0,0,0,0,0,0,119000,0,0,0,119000,0,119000,119000
055406,大毅國泰99購01  ,0,0,0,0,0,0,0,0,0,118000,0,0,0,118000,0,118000,118000
055577,晶技統一97購02  ,0,0,0,0,0,0,0,0,0,118000,0,0,0,118000,0,118000,118000
055786,彩晶凱基99購02  ,0,0,0,0,0,0,0,0,0,118000,0,0,0,118000,0,118000,118000
055818,晶相光國票97購02,0,0,0,0,0,0,0,0,0,118000,0,0,0,118000,0,118000,118000
054613,大立光永豐97購02,0,0,0,0,0,0,0,0,0,118000,0,0,0,118000,0,118000,118000
048340,聯發科元大93購25,0,0,0,0,0,0,0,0,0,118000,0,0,0,151000,33000,118000,118000
053983,樺漢元大97購02  ,0,0,0,0,0,0,0,0,0,118000,0,0,0,168000,50000,118000,118000
053839,華通統一96購01  ,0,0,0,0,0,0,0,0,0,118000,0,0,0,118000,0,118000,118000
052000,鈺齊元大95購03  ,0,0,0,0,0,0,0,0,0,118000,0,0,0,313000,195000,118000,118000
052003,泰碩國泰97購02  ,0,0,0,0,0,0,0,0,0,118000,0,0,0,149000,31000,118000,118000
054702,智邦第一97購01  ,0,0,0,0,0,0,0,0,0,117000,0,0,0,117000,0,117000,117000
054903,億光康和97購02  ,0,0,0,0,0,0,0,0,0,117000,0,0,0,185000,68000,117000,117000
055729,金寶元富99購01  ,0,0,0,0,0,0,0,0,0,117000,0,0,0,214000,97000,117000,117000
056027,樺漢群益97購02  ,0,0,0,0,0,0,0,0,0,117000,0,0,0,117000,0,117000,117000
056076,超眾元大97購05  ,0,0,0,0,0,0,0,0,0,117000,0,0,0,147000,30000,117000,117000
056201,華新科永豐98購01,0,0,0,0,0,0,0,0,0,117000,0,0,0,121000,4000,117000,117000
048844,訊芯凱基94購02  ,0,0,0,0,0,0,0,0,0,117000,0,0,0,117000,0,117000,117000
052778,智原國票97購01  ,0,0,0,0,0,0,0,0,0,117000,0,0,0,137000,20000,117000,117000
056048,同欣電兆豐97購01,0,0,0,0,0,0,0,0,0,116000,0,0,0,143000,27000,116000,116000
054743,聯鈞凱基99購01  ,0,0,0,0,0,0,0,0,0,116000,0,0,0,186000,70000,116000,116000
054603,智易台新98購01  ,0,0,0,0,0,0,0,0,0,116000,0,0,0,116000,0,116000,116000
054612,慧洋永豐97購01  ,0,0,0,0,0,0,0,0,0,116000,0,0,0,116000,0,116000,116000
048476,同欣電永豐93購01,0,0,0,0,0,0,0,0,0,116000,0,0,0,119000,3000,116000,116000
054478,可成中信97購01  ,0,0,0,0,0,0,0,0,0,115000,0,0,0,115000,0,115000,115000
04474P,聯發科元大94售03,0,0,0,0,0,0,0,0,0,115000,0,0,0,120000,5000,115000,115000
047301,啟碁國泰94購01  ,0,0,0,0,0,0,0,0,0,115000,0,0,0,156000,41000,115000,115000
047077,日月光兆豐93購01,0,0,0,0,0,0,0,0,0,115000,0,0,0,125000,10000,115000,115000
050562,瑞昱元富94購02  ,0,0,0,0,0,0,0,0,0,115000,0,0,0,306000,191000,115000,115000
053345,欣興國票97購02  ,0,0,0,0,0,0,0,0,0,115000,0,0,0,270000,155000,115000,115000
051991,泰碩元大95購02  ,0,0,0,0,0,0,0,0,0,115000,0,0,0,130000,15000,115000,115000
054872,瀚宇博群益98購01,0,0,0,0,0,0,0,0,0,114000,0,0,0,124000,10000,114000,114000
055033,漢唐富邦98購01  ,0,0,0,0,0,0,0,0,0,114000,0,0,0,114000,0,114000,114000
056053,和大元大97購05  ,0,0,0,0,0,0,0,0,0,114000,0,0,0,119000,5000,114000,114000
046878,康友國泰94購01  ,0,0,0,0,0,0,0,0,0,114000,0,0,0,124000,10000,114000,114000
03640P,百和凱基93售05  ,0,0,0,0,0,0,0,0,0,114000,0,0,0,115000,1000,114000,114000
050561,上証2X元富97購01,0,0,0,0,0,0,0,0,0,114000,0,0,0,114000,0,114000,114000
050188,貿聯元大96購01  ,0,0,0,0,0,0,0,0,0,114000,0,0,0,222000,108000,114000,114000
048905,旺宏富邦96購01  ,0,0,0,0,0,0,0,0,0,114000,0,0,0,191000,77000,114000,114000
052357,揚明光永豐95購03,0,0,0,0,0,0,0,0,0,114000,0,0,0,124000,10000,114000,114000
2421,建準            ,449000,336000,113000,0,0,0,0,0,0,1000,3000,8000,-5000,15000,9000,6000,114000
055422,康控永豐97購01  ,0,0,0,0,0,0,0,0,0,113000,0,0,0,213000,100000,113000,113000
054712,上証2X中信98購02,0,0,0,0,0,0,0,0,0,113000,0,0,0,133000,20000,113000,113000
043938,華邦電兆豐93購01,0,0,0,0,0,0,0,0,0,113000,0,0,0,307000,194000,113000,113000
046010,大立光元富92購03,0,0,0,0,0,0,0,0,0,113000,0,0,0,113000,0,113000,113000
045055,聯發科元富98購03,0,0,0,0,0,0,0,0,0,113000,0,0,0,241000,128000,113000,113000
047255,訊芯群益93購01  ,0,0,0,0,0,0,0,0,0,113000,0,0,0,113000,0,113000,113000
045462,美律元大93購04  ,0,0,0,0,0,0,0,0,0,113000,0,0,0,143000,30000,113000,113000
050460,GIS元大95購03   ,0,0,0,0,0,0,0,0,0,113000,0,0,0,152000,39000,113000,113000
047908,南亞科元大93購02,0,0,0,0,0,0,0,0,0,113000,0,0,0,319000,206000,113000,113000
048603,中磊國票94購02  ,0,0,0,0,0,0,0,0,0,113000,0,0,0,162000,49000,113000,113000
048237,致茂國票94購01  ,0,0,0,0,0,0,0,0,0,113000,0,0,0,113000,0,113000,113000
050489,聯詠元富94購01  ,0,0,0,0,0,0,0,0,0,113000,0,0,0,113000,0,113000,113000
048545,嘉澤永豐93購03  ,0,0,0,0,0,0,0,0,0,113000,0,0,0,233000,120000,113000,113000
049159,同欣電中信96購01,0,0,0,0,0,0,0,0,0,113000,0,0,0,143000,30000,113000,113000
052018,京鼎永豐95購02  ,0,0,0,0,0,0,0,0,0,113000,0,0,0,113000,0,113000,113000
053934,A50正2元富96購02,0,0,0,0,0,0,0,0,0,113000,0,0,0,113000,0,113000,113000
2850,新產            ,142000,29000,113000,0,0,0,0,0,0,0,0,0,0,0,0,0,113000
054586,健鼎國泰99購01  ,0,0,0,0,0,0,0,0,0,112000,0,0,0,113000,1000,112000,112000
055398,超眾統一97購03  ,0,0,0,0,0,0,0,0,0,112000,0,0,0,148000,36000,112000,112000
050339,鴻海統一94購06  ,0,0,0,0,0,0,0,0,0,112000,0,0,0,160000,48000,112000,112000
04654P,臺股指凱基94售13,0,0,0,0,0,0,0,0,0,112000,0,0,0,178000,66000,112000,112000
03411P,欣興元大02售08  ,0,0,0,0,0,0,0,0,0,112000,0,0,0,112000,0,112000,112000
048812,上証2X凱基96購01,0,0,0,0,0,0,0,0,0,112000,0,0,0,112000,0,112000,112000
051092,禾伸堂元大95購02,0,0,0,0,0,0,0,0,0,112000,0,0,0,122000,10000,112000,112000
053192,創意統一96購01  ,0,0,0,0,0,0,0,0,0,112000,0,0,0,174000,62000,112000,112000
056333,台積電日盛9B購01,0,0,0,0,0,0,0,0,0,111000,0,0,0,461000,350000,111000,111000
056322,臺股指群益98購01,0,0,0,0,0,0,0,0,0,111000,0,0,0,111000,0,111000,111000
056468,鴻海元大98購07  ,0,0,0,0,0,0,0,0,0,111000,0,0,0,230000,119000,111000,111000
049052,台積電永豐94購02,0,0,0,0,0,0,0,0,0,111000,0,0,0,111000,0,111000,111000
049675,台光電國票95購01,0,0,0,0,0,0,0,0,0,111000,0,0,0,192000,81000,111000,111000
049563,華新統一95購01  ,0,0,0,0,0,0,0,0,0,111000,0,0,0,118000,7000,111000,111000
053317,友達群益9A購02  ,0,0,0,0,0,0,0,0,0,111000,0,0,0,111000,0,111000,111000
052164,啟碁永豐95購01  ,0,0,0,0,0,0,0,0,0,111000,0,0,0,137000,26000,111000,111000
052463,聯電統一96購01  ,0,0,0,0,0,0,0,0,0,111000,0,0,0,191000,80000,111000,111000
056101,光磊永豐98購01  ,0,0,0,0,0,0,0,0,0,110000,0,0,0,127000,17000,110000,110000
054542,台表科國票98購01,0,0,0,0,0,0,0,0,0,110000,0,0,0,110000,0,110000,110000
054342,亞光元富99購01  ,0,0,0,0,0,0,0,0,0,110000,0,0,0,130000,20000,110000,110000
044995,大立光國泰94購01,0,0,0,0,0,0,0,0,0,110000,0,0,0,240000,130000,110000,110000
045173,A50正2國票95購01,0,0,0,0,0,0,0,0,0,110000,0,0,0,110000,0,110000,110000
046650,台表科國泰94購01,0,0,0,0,0,0,0,0,0,110000,0,0,0,110000,0,110000,110000
045994,康控富邦94購01  ,0,0,0,0,0,0,0,0,0,110000,0,0,0,310000,200000,110000,110000
045568,上証2X元大95購01,0,0,0,0,0,0,0,0,0,110000,0,0,0,110000,0,110000,110000
048744,儒鴻元富97購01  ,0,0,0,0,0,0,0,0,0,110000,0,0,0,110000,0,110000,110000
048514,嘉澤凱基93購06  ,0,0,0,0,0,0,0,0,0,110000,0,0,0,133000,23000,110000,110000
048306,A50反1凱基93購01,0,0,0,0,0,0,0,0,0,110000,0,0,0,150000,40000,110000,110000
049455,上海銀統一94購02,0,0,0,0,0,0,0,0,0,110000,0,0,0,110000,0,110000,110000
050998,訊連元大95購01  ,0,0,0,0,0,0,0,0,0,110000,0,0,0,110000,0,110000,110000
052216,康友元大96購01  ,0,0,0,0,0,0,0,0,0,110000,0,0,0,110000,0,110000,110000
051703,台積電群益95購04,0,0,0,0,0,0,0,0,0,110000,0,0,0,140000,30000,110000,110000
051394,奇鋐兆豐95購01  ,0,0,0,0,0,0,0,0,0,110000,0,0,0,110000,0,110000,110000
052990,超眾元大97購01  ,0,0,0,0,0,0,0,0,0,110000,0,0,0,225000,115000,110000,110000
053814,美律群益97購02  ,0,0,0,0,0,0,0,0,0,110000,0,0,0,121000,11000,110000,110000
06115P,台積電統一97售04,0,0,0,0,0,0,0,0,0,110000,0,0,0,131000,21000,110000,110000
6670,復盛應用        ,211000,88000,123000,0,0,0,4000,0,4000,-17000,0,10000,-10000,0,7000,-7000,110000
054599,正崴台新97購01  ,0,0,0,0,0,0,0,0,0,109000,0,0,0,109000,0,109000,109000
055394,健策統一97購01  ,0,0,0,0,0,0,0,0,0,109000,0,0,0,142000,33000,109000,109000
050224,台泥中信94購01  ,0,0,0,0,0,0,0,0,0,109000,0,0,0,109000,0,109000,109000
046785,禾伸堂永豐93購01,0,0,0,0,0,0,0,0,0,109000,0,0,0,173000,64000,109000,109000
046557,亞泥凱基93購02  ,0,0,0,0,0,0,0,0,0,109000,0,0,0,159000,50000,109000,109000
046547,大立光永豐92購05,0,0,0,0,0,0,0,0,0,109000,0,0,0,109000,0,109000,109000
051053,台光電群益95購01,0,0,0,0,0,0,0,0,0,109000,0,0,0,139000,30000,109000,109000
050825,嘉澤凱基95購01  ,0,0,0,0,0,0,0,0,0,109000,0,0,0,111000,2000,109000,109000
053759,晶相光國泰98購01,0,0,0,0,0,0,0,0,0,109000,0,0,0,321000,212000,109000,109000
053548,旺宏凱基96購04  ,0,0,0,0,0,0,0,0,0,109000,0,0,0,233000,124000,109000,109000
053001,力山永豐96購01  ,0,0,0,0,0,0,0,0,0,109000,0,0,0,812000,703000,109000,109000
051492,臻鼎凱基95購01  ,0,0,0,0,0,0,0,0,0,109000,0,0,0,109000,0,109000,109000
052363,廣達國票96購01  ,0,0,0,0,0,0,0,0,0,109000,0,0,0,109000,0,109000,109000
052568,漢唐凱基96購02  ,0,0,0,0,0,0,0,0,0,109000,0,0,0,109000,0,109000,109000
055877,奇鋐元富97購01  ,0,0,0,0,0,0,0,0,0,108000,0,0,0,118000,10000,108000,108000
055963,欣興元大97購04  ,0,0,0,0,0,0,0,0,0,108000,0,0,0,274000,166000,108000,108000
054938,國巨元大97購04  ,0,0,0,0,0,0,0,0,0,108000,0,0,0,223000,115000,108000,108000
046870,大立光統一95購01,0,0,0,0,0,0,0,0,0,108000,0,0,0,108000,0,108000,108000
050231,聯發科麥證94購03,0,0,0,178000,70000,108000,0,0,0,108000,0,0,0,178000,70000,108000,108000
046987,智邦凱基93購04  ,0,0,0,0,0,0,0,0,0,108000,0,0,0,168000,60000,108000,108000
046294,台勝科統一92購01,0,0,0,0,0,0,0,0,0,108000,0,0,0,108000,0,108000,108000
03199P,台積電統一01售16,0,0,0,0,0,0,0,0,0,108000,0,0,0,138000,30000,108000,108000
00852L,國泰美國道瓊正2 ,0,0,0,0,0,0,0,0,0,108000,0,0,0,127000,19000,108000,108000
050856,智邦台新95購01  ,0,0,0,0,0,0,0,0,0,108000,0,0,0,180000,72000,108000,108000
048910,和鑫富邦98購01  ,0,0,0,0,0,0,0,0,0,108000,0,0,0,138000,30000,108000,108000
048154,旺宏兆豐94購01  ,0,0,0,0,0,0,0,0,0,108000,0,0,0,235000,127000,108000,108000
052491,泰碩國票99購01  ,0,0,0,0,0,0,0,0,0,108000,0,0,0,108000,0,108000,108000
051446,中壽元大96購01  ,0,0,0,0,0,0,0,0,0,108000,0,0,0,201000,93000,108000,108000
052020,聯茂永豐95購02  ,0,0,0,0,0,0,0,0,0,108000,0,0,0,132000,24000,108000,108000
06393P,台積電元大97售27,0,0,0,0,0,0,0,0,0,108000,0,0,0,125000,17000,108000,108000
1103,嘉泥            ,436000,340000,96000,0,0,0,0,0,0,12000,0,12000,-12000,24000,0,24000,108000
055149,國巨元大97購06  ,0,0,0,0,0,0,0,0,0,107000,0,0,0,108000,1000,107000,107000
055075,南電永豐97購01  ,0,0,0,0,0,0,0,0,0,107000,0,0,0,107000,0,107000,107000
054492,嘉聯益台新96購01,0,0,0,0,0,0,0,0,0,107000,0,0,0,107000,0,107000,107000
054499,台光電永豐96購02,0,0,0,0,0,0,0,0,0,107000,0,0,0,175000,68000,107000,107000
054208,台積電國票97購07,0,0,0,0,0,0,0,0,0,107000,0,0,0,127000,20000,107000,107000
03050X,元展47          ,0,0,0,0,0,0,0,0,0,107000,0,0,0,127000,20000,107000,107000
045018,矽創元大93購01  ,0,0,0,0,0,0,0,0,0,107000,0,0,0,107000,0,107000,107000
046443,超眾兆豐93購01  ,0,0,0,0,0,0,0,0,0,107000,0,0,0,107000,0,107000,107000
046568,臻鼎元富95購01  ,0,0,0,0,0,0,0,0,0,107000,0,0,0,270000,163000,107000,107000
050956,鈺齊群益95購01  ,0,0,0,0,0,0,0,0,0,107000,0,0,0,133000,26000,107000,107000
049636,上証反凱基9A購01,0,0,0,0,0,0,0,0,0,107000,0,0,0,210000,103000,107000,107000
051473,台積電凱基95購10,0,0,0,0,0,0,0,0,0,107000,0,0,0,117000,10000,107000,107000
052483,超眾群益95購03  ,0,0,0,0,0,0,0,0,0,107000,0,0,0,156000,49000,107000,107000
055285,華新科元大99購03,0,0,0,0,0,0,0,0,0,106000,0,0,0,182000,76000,106000,106000
047549,聯發科凱基93購12,0,0,0,0,0,0,0,0,0,106000,0,0,0,174000,68000,106000,106000
03945P,欣興群益94售01  ,0,0,0,0,0,0,0,0,0,106000,0,0,0,108000,2000,106000,106000
050729,聯鈞國票94購01  ,0,0,0,0,0,0,0,0,0,106000,0,0,0,159000,53000,106000,106000
051560,玉晶光國泰97購03,0,0,0,0,0,0,0,0,0,106000,0,0,0,195000,89000,106000,106000
051422,超眾國票96購01  ,0,0,0,0,0,0,0,0,0,106000,0,0,0,116000,10000,106000,106000
052787,國巨中信96購02  ,0,0,0,0,0,0,0,0,0,106000,0,0,0,126000,20000,106000,106000
052759,京元電群益96購01,0,0,0,0,0,0,0,0,0,106000,0,0,0,118000,12000,106000,106000
053751,康控永豐96購02  ,0,0,0,0,0,0,0,0,0,106000,0,0,0,174000,68000,106000,106000
054972,聯茂元大97購02  ,0,0,0,0,0,0,0,0,0,105000,0,0,0,192000,87000,105000,105000
03085P,台積電元大01售34,0,0,0,0,0,0,0,0,0,105000,0,0,0,115000,10000,105000,105000
044750,鴻海凱基93購07  ,0,0,0,0,0,0,0,0,0,105000,0,0,0,205000,100000,105000,105000
045824,嘉聯益凱基93購02,0,0,0,0,0,0,0,0,0,105000,0,0,0,105000,0,105000,105000
050730,復盛國票94購01  ,0,0,0,0,0,0,0,0,0,105000,0,0,0,168000,63000,105000,105000
047748,漢唐元富93購02  ,0,0,0,0,0,0,0,0,0,105000,0,0,0,105000,0,105000,105000
051050,鴻海群益95購03  ,0,0,0,0,0,0,0,0,0,105000,0,0,0,105000,0,105000,105000
049964,強茂元富94購01  ,0,0,0,0,0,0,0,0,0,105000,0,0,0,105000,0,105000,105000
053488,中石化兆豐97購01,0,0,0,0,0,0,0,0,0,105000,0,0,0,105000,0,105000,105000
053709,台達電凱基96購04,0,0,0,0,0,0,0,0,0,105000,0,0,0,105000,0,105000,105000
051346,仁寶元大95購01  ,0,0,0,0,0,0,0,0,0,105000,0,0,0,105000,0,105000,105000
4943,康控-KY         ,403000,254000,149000,0,0,0,0,0,0,-44000,25000,28000,-3000,12000,53000,-41000,105000
054867,華航群益99購01  ,0,0,0,0,0,0,0,0,0,104000,0,0,0,265000,161000,104000,104000
054331,世芯永豐96購03  ,0,0,0,0,0,0,0,0,0,104000,0,0,0,125000,21000,104000,104000
056054,亞德客元大97購05,0,0,0,0,0,0,0,0,0,104000,0,0,0,109000,5000,104000,104000
055654,景碩元富97購01  ,0,0,0,0,0,0,0,0,0,104000,0,0,0,114000,10000,104000,104000
047410,上銀元富96購01  ,0,0,0,0,0,0,0,0,0,104000,0,0,0,154000,50000,104000,104000
044061,聯發科元大92購03,0,0,0,0,0,0,0,0,0,104000,0,0,0,105000,1000,104000,104000
049813,康控元大96購02  ,0,0,0,0,0,0,0,0,0,104000,0,0,0,104000,0,104000,104000
049895,國巨統一94購04  ,0,0,0,0,0,0,0,0,0,104000,0,0,0,104000,0,104000,104000
049322,志超凱基94購02  ,0,0,0,0,0,0,0,0,0,104000,0,0,0,104000,0,104000,104000
051839,和鑫國泰96購01  ,0,0,0,0,0,0,0,0,0,104000,0,0,0,104000,0,104000,104000
052088,漢唐元大95購02  ,0,0,0,0,0,0,0,0,0,104000,0,0,0,104000,0,104000,104000
053408,友達兆豐98購01  ,0,0,0,0,0,0,0,0,0,104000,0,0,0,386000,282000,104000,104000
053143,昇陽半永豐96購03,0,0,0,0,0,0,0,0,0,104000,0,0,0,149000,45000,104000,104000
055962,晶豪科元大97購02,0,0,0,0,0,0,0,0,0,103000,0,0,0,103000,0,103000,103000
054173,奇力新台新97購02,0,0,0,0,0,0,0,0,0,103000,0,0,0,141000,38000,103000,103000
054606,台積電永豐97購02,0,0,0,0,0,0,0,0,0,103000,0,0,0,297000,194000,103000,103000
054907,帆宣康和97購01  ,0,0,0,0,0,0,0,0,0,103000,0,0,0,103000,0,103000,103000
055245,凱美統一99購01  ,0,0,0,0,0,0,0,0,0,103000,0,0,0,241000,138000,103000,103000
048268,長榮航中信95購01,0,0,0,0,0,0,0,0,0,103000,0,0,0,133000,30000,103000,103000
049312,亞光凱基94購02  ,0,0,0,0,0,0,0,0,0,103000,0,0,0,124000,21000,103000,103000
049866,景碩兆豐94購01  ,0,0,0,0,0,0,0,0,0,103000,0,0,0,282000,179000,103000,103000
050965,揚明光永豐96購01,0,0,0,0,0,0,0,0,0,103000,0,0,0,139000,36000,103000,103000
050933,南亞國票95購01  ,0,0,0,0,0,0,0,0,0,103000,0,0,0,103000,0,103000,103000
053386,聯詠元大96購03  ,0,0,0,0,0,0,0,0,0,103000,0,0,0,194000,91000,103000,103000
052173,廣達元大95購02  ,0,0,0,0,0,0,0,0,0,103000,0,0,0,117000,14000,103000,103000
054350,美律國泰98購01  ,0,0,0,0,0,0,0,0,0,102000,0,0,0,132000,30000,102000,102000
050119,瀚宇博元大95購03,0,0,0,0,0,0,0,0,0,102000,0,0,0,104000,2000,102000,102000
048973,禾伸堂元大94購01,0,0,0,0,0,0,0,0,0,102000,0,0,0,102000,0,102000,102000
049984,揚明光凱基94購04,0,0,0,0,0,0,0,0,0,102000,0,0,0,202000,100000,102000,102000
050671,超眾永豐94購04  ,0,0,0,0,0,0,0,0,0,102000,0,0,0,129000,27000,102000,102000
049179,高鐵凱基94購01  ,0,0,0,0,0,0,0,0,0,102000,0,0,0,142000,40000,102000,102000
052079,康友元富98購01  ,0,0,0,0,0,0,0,0,0,102000,0,0,0,150000,48000,102000,102000
051832,復盛元大95購01  ,0,0,0,0,0,0,0,0,0,102000,0,0,0,102000,0,102000,102000
051395,聯詠兆豐95購01  ,0,0,0,0,0,0,0,0,0,102000,0,0,0,237000,135000,102000,102000
053816,聯發科群益96購02,0,0,0,0,0,0,0,0,0,102000,0,0,0,167000,65000,102000,102000
053823,茂林群益96購06  ,0,0,0,0,0,0,0,0,0,102000,0,0,0,106000,4000,102000,102000
053890,華新科群益98購01,0,0,0,0,0,0,0,0,0,102000,0,0,0,102000,0,102000,102000
053907,揚明光凱基96購01,0,0,0,0,0,0,0,0,0,102000,0,0,0,102000,0,102000,102000
054004,鴻海統一96購14  ,0,0,0,0,0,0,0,0,0,102000,0,0,0,102000,0,102000,102000
2441,超豐            ,202000,87000,115000,0,0,0,4000,0,4000,-17000,0,17000,-17000,0,0,0,102000
056312,茂林元大98購01  ,0,0,0,0,0,0,0,0,0,101000,0,0,0,101000,0,101000,101000
055411,國巨富邦9A購02  ,0,0,0,0,0,0,0,0,0,101000,0,0,0,212000,111000,101000,101000
055575,華新科統一98購01,0,0,0,0,0,0,0,0,0,101000,0,0,0,201000,100000,101000,101000
047096,元油反國泰96購01,0,0,0,0,0,0,0,0,0,101000,0,0,0,101000,0,101000,101000
045073,可成元大93購01  ,0,0,0,0,0,0,0,0,0,101000,0,0,0,101000,0,101000,101000
046648,和鑫國泰94購01  ,0,0,0,0,0,0,0,0,0,101000,0,0,0,101000,0,101000,101000
04518P,高鐵群益95售01  ,0,0,0,0,0,0,0,0,0,101000,0,0,0,101000,0,101000,101000
044364,超眾中信94購01  ,0,0,0,0,0,0,0,0,0,101000,0,0,0,179000,78000,101000,101000
042388,大立光永昌93購02,0,0,0,0,0,0,0,0,0,101000,0,0,0,111000,10000,101000,101000
042916,佐登元大94購01  ,0,0,0,0,0,0,0,0,0,101000,0,0,0,114000,13000,101000,101000
03581P,台積電群益03售04,0,0,0,0,0,0,0,0,0,101000,0,0,0,151000,50000,101000,101000
036804,國巨元富93購01  ,0,0,0,0,0,0,0,0,0,101000,0,0,0,140000,39000,101000,101000
04019P,聯茂永豐93售01  ,0,0,0,0,0,0,0,0,0,101000,0,0,0,101000,0,101000,101000
048639,漢唐元大93購07  ,0,0,0,0,0,0,0,0,0,101000,0,0,0,118000,17000,101000,101000
049946,智邦兆豐95購01  ,0,0,0,0,0,0,0,0,0,101000,0,0,0,176000,75000,101000,101000
048965,佳世達元大94購01,0,0,0,0,0,0,0,0,0,101000,0,0,0,110000,9000,101000,101000
051152,鴻海國泰97購01  ,0,0,0,0,0,0,0,0,0,101000,0,0,0,121000,20000,101000,101000
053512,台積電群益96購06,0,0,0,0,0,0,0,0,0,101000,0,0,0,409000,308000,101000,101000
053582,英業達元大97購01,0,0,0,0,0,0,0,0,0,101000,0,0,0,131000,30000,101000,101000
053169,貿聯群益97購01  ,0,0,0,0,0,0,0,0,0,101000,0,0,0,173000,72000,101000,101000
053332,創意永豐96購03  ,0,0,0,0,0,0,0,0,0,101000,0,0,0,169000,68000,101000,101000
051640,GIS國票96購03   ,0,0,0,0,0,0,0,0,0,101000,0,0,0,101000,0,101000,101000
052658,友達元富9C購01  ,0,0,0,0,0,0,0,0,0,101000,0,0,0,112000,11000,101000,101000
055443,台虹國票98購01  ,0,0,0,0,0,0,0,0,0,100000,0,0,0,100000,0,100000,100000
055913,中信金凱基97購01,0,0,0,0,0,0,0,0,0,100000,0,0,0,100000,0,100000,100000
055778,美食凱基97購01  ,0,0,0,0,0,0,0,0,0,100000,0,0,0,110000,10000,100000,100000
055945,上証2X元大97購04,0,0,0,0,0,0,0,0,0,100000,0,0,0,100000,0,100000,100000
056160,智易凱基97購03  ,0,0,0,0,0,0,0,0,0,100000,0,0,0,100000,0,100000,100000
054255,亞光元大96購05  ,0,0,0,0,0,0,0,0,0,100000,0,0,0,108000,8000,100000,100000
054256,創意元大96購07  ,0,0,0,0,0,0,0,0,0,100000,0,0,0,136000,36000,100000,100000
054138,晶技元大98購02  ,0,0,0,0,0,0,0,0,0,100000,0,0,0,100000,0,100000,100000
054411,光磊元大97購02  ,0,0,0,0,0,0,0,0,0,100000,0,0,0,100000,0,100000,100000
055161,貿聯元大98購03  ,0,0,0,0,0,0,0,0,0,100000,0,0,0,343000,243000,100000,100000
055101,台肥凱基97購01  ,0,0,0,0,0,0,0,0,0,100000,0,0,0,100000,0,100000,100000
055108,智邦凱基98購01  ,0,0,0,0,0,0,0,0,0,100000,0,0,0,100000,0,100000,100000
03973P,高鐵元大93售01  ,0,0,0,0,0,0,0,0,0,100000,0,0,0,100000,0,100000,100000
03773P,南茂元大93售01  ,0,0,0,0,0,0,0,0,0,100000,0,0,0,100000,0,100000,100000
04758P,國巨凱基94售03  ,0,0,0,0,0,0,0,0,0,100000,0,0,0,110000,10000,100000,100000
047408,嘉晶統一95購01  ,0,0,0,0,0,0,0,0,0,100000,0,0,0,100000,0,100000,100000
045765,康控統一92購01  ,0,0,0,0,0,0,0,0,0,100000,0,0,0,100000,0,100000,100000
046127,臻鼎元大92購07  ,0,0,0,0,0,0,0,0,0,100000,0,0,0,100000,0,100000,100000
046897,康舒群益93購01  ,0,0,0,0,0,0,0,0,0,100000,0,0,0,100000,0,100000,100000
050440,揚明光凱基94購05,0,0,0,0,0,0,0,0,0,100000,0,0,0,100000,0,100000,100000
050987,台泥富邦95購01  ,0,0,0,0,0,0,0,0,0,100000,0,0,0,100000,0,100000,100000
048908,慧洋富邦95購01  ,0,0,0,0,0,0,0,0,0,100000,0,0,0,100000,0,100000,100000
049021,慧洋群益94購01  ,0,0,0,0,0,0,0,0,0,100000,0,0,0,100000,0,100000,100000
049930,上海銀元大94購02,0,0,0,0,0,0,0,0,0,100000,0,0,0,113000,13000,100000,100000
048770,揚明光凱基94購01,0,0,0,0,0,0,0,0,0,100000,0,0,0,200000,100000,100000,100000
050195,上海銀元大94購03,0,0,0,0,0,0,0,0,0,100000,0,0,0,100000,0,100000,100000
048880,昇陽半國票94購01,0,0,0,0,0,0,0,0,0,100000,0,0,0,100000,0,100000,100000
04799P,健策元大94售03  ,0,0,0,0,0,0,0,0,0,100000,0,0,0,400000,300000,100000,100000
048651,美利達元大96購05,0,0,0,0,0,0,0,0,0,100000,0,0,0,100000,0,100000,100000
04770P,鴻海元大94售09  ,0,0,0,0,0,0,0,0,0,100000,0,0,0,100000,0,100000,100000
048566,上海銀元大93購04,0,0,0,0,0,0,0,0,0,100000,0,0,0,100000,0,100000,100000
050749,道瓊銀統一96購03,0,0,0,0,0,0,0,0,0,100000,0,0,0,100000,0,100000,100000
049364,燿華元大94購02  ,0,0,0,0,0,0,0,0,0,100000,0,0,0,100000,0,100000,100000
049085,揚明光凱基94購03,0,0,0,0,0,0,0,0,0,100000,0,0,0,100000,0,100000,100000
049283,滬深2X中信95購10,0,0,0,0,0,0,0,0,0,100000,0,0,0,100000,0,100000,100000
049508,上銀凱基94購04  ,0,0,0,0,0,0,0,0,0,100000,0,0,0,100000,0,100000,100000
049531,聯詠台新94購01  ,0,0,0,0,0,0,0,0,0,100000,0,0,0,100000,0,100000,100000
049534,華擎永豐94購02  ,0,0,0,0,0,0,0,0,0,100000,0,0,0,492000,392000,100000,100000
052612,康舒元大97購01  ,0,0,0,0,0,0,0,0,0,100000,0,0,0,100000,0,100000,100000
052626,上証2X中信9A購01,0,0,0,0,0,0,0,0,0,100000,0,0,0,100000,0,100000,100000
052499,合勤控永豐95購01,0,0,0,0,0,0,0,0,0,100000,0,0,0,100000,0,100000,100000
052524,新光金元大9B購01,0,0,0,0,0,0,0,0,0,100000,0,0,0,100000,0,100000,100000
052411,嘉聯益亞東95購02,0,0,0,0,0,0,0,0,0,100000,0,0,0,100000,0,100000,100000
051763,新光金元大98購01,0,0,0,0,0,0,0,0,0,100000,0,0,0,100000,0,100000,100000
053211,漢唐凱基96購03  ,0,0,0,0,0,0,0,0,0,100000,0,0,0,110000,10000,100000,100000
053594,京鼎元大96購02  ,0,0,0,0,0,0,0,0,0,100000,0,0,0,100000,0,100000,100000
053756,亞光元富96購02  ,0,0,0,0,0,0,0,0,0,100000,0,0,0,100000,0,100000,100000
08506P,台灣50中信96售02,0,0,0,0,0,0,0,0,0,100000,0,0,0,100000,0,100000,100000
06198P,台積電元大98售06,0,0,0,0,0,0,0,0,0,100000,0,0,0,359000,259000,100000,100000
055020,上証2X國泰98購01,0,0,0,0,0,0,0,0,0,99000,0,0,0,99000,0,99000,99000
055618,麗豐國票98購01  ,0,0,0,0,0,0,0,0,0,99000,0,0,0,330000,231000,99000,99000
050442,復盛凱基94購01  ,0,0,0,0,0,0,0,0,0,99000,0,0,0,140000,41000,99000,99000
050475,揚明光永豐95購01,0,0,0,0,0,0,0,0,0,99000,0,0,0,99000,0,99000,99000
045814,可成麥證93購01  ,0,0,0,300000,201000,99000,0,0,0,99000,0,0,0,300000,201000,99000,99000
047403,香港2X統一93購01,0,0,0,0,0,0,0,0,0,99000,0,0,0,100000,1000,99000,99000
04375P,卜蜂元大94售01  ,0,0,0,0,0,0,0,0,0,99000,0,0,0,99000,0,99000,99000
048989,矽格元大94購02  ,0,0,0,0,0,0,0,0,0,99000,0,0,0,99000,0,99000,99000
049703,訊芯元大95購01  ,0,0,0,0,0,0,0,0,0,99000,0,0,0,99000,0,99000,99000
050877,美律統一95購01  ,0,0,0,0,0,0,0,0,0,99000,0,0,0,183000,84000,99000,99000
054032,上銀中信96購01  ,0,0,0,0,0,0,0,0,0,99000,0,0,0,124000,25000,99000,99000
053315,漢唐群益96購02  ,0,0,0,0,0,0,0,0,0,99000,0,0,0,99000,0,99000,99000
051815,百和凱基96購01  ,0,0,0,0,0,0,0,0,0,99000,0,0,0,100000,1000,99000,99000
052100,滬深2X永昌96購01,0,0,0,0,0,0,0,0,0,99000,0,0,0,99000,0,99000,99000
05225P,鴻海統一95售09  ,0,0,0,0,0,0,0,0,0,99000,0,0,0,164000,65000,99000,99000
8404,百和興業-KY     ,198000,98000,100000,0,0,0,0,0,0,-1000,0,1000,-1000,0,0,0,99000
055984,大立光元富97購02,0,0,0,0,0,0,0,0,0,98000,0,0,0,98000,0,98000,98000
054720,禾伸堂永豐97購01,0,0,0,0,0,0,0,0,0,98000,0,0,0,212000,114000,98000,98000
054773,台郡國票98購01  ,0,0,0,0,0,0,0,0,0,98000,0,0,0,136000,38000,98000,98000
054347,上緯控國票96購02,0,1000,-1000,0,0,0,0,0,0,99000,0,0,0,101000,2000,99000,98000
00631L,元大台灣50正2   ,468000,5000,463000,0,0,0,60000,0,60000,-425000,0,0,0,792000,1217000,-425000,98000
047352,和鑫凱基94購02  ,0,0,0,0,0,0,0,0,0,98000,0,0,0,166000,68000,98000,98000
048976,華擎元大94購01  ,0,0,0,0,0,0,0,0,0,98000,0,0,0,106000,8000,98000,98000
049086,晶相光凱基94購01,0,0,0,0,0,0,0,0,0,98000,0,0,0,252000,154000,98000,98000
052119,漢唐國票96購01  ,0,0,0,0,0,0,0,0,0,98000,0,0,0,98000,0,98000,98000
052586,晶豪科永豐96購01,0,0,0,0,0,0,0,0,0,98000,0,0,0,108000,10000,98000,98000
053697,臻鼎元大96購02  ,0,0,0,0,0,0,0,0,0,98000,0,0,0,164000,66000,98000,98000
054043,漢唐元大97購01  ,0,0,0,0,0,0,0,0,0,97000,0,0,0,132000,35000,97000,97000
055219,啟碁凱基98購01  ,0,0,0,0,0,0,0,0,0,97000,0,0,0,97000,0,97000,97000
055429,華新科群益99購01,0,0,0,0,0,0,0,0,0,97000,0,0,0,121000,24000,97000,97000
046604,康控群益93購02  ,0,0,0,0,0,0,0,0,0,97000,0,0,0,97000,0,97000,97000
050602,訊芯國泰96購01  ,0,0,0,0,0,0,0,0,0,97000,0,0,0,97000,0,97000,97000
048875,晶相光國票94購01,0,0,0,0,0,0,0,0,0,97000,0,0,0,191000,94000,97000,97000
053436,聯茂日盛96購01  ,0,0,0,0,0,0,0,0,0,97000,0,0,0,137000,40000,97000,97000
053935,華通元富96購02  ,0,0,0,0,0,0,0,0,0,97000,0,0,0,98000,1000,97000,97000
053824,樺漢群益96購02  ,0,0,0,0,0,0,0,0,0,97000,0,0,0,97000,0,97000,97000
053811,國巨群益98購02  ,0,0,0,0,0,0,0,0,0,97000,0,0,0,97000,0,97000,97000
052530,台郡元大96購04  ,0,0,0,0,0,0,0,0,0,97000,0,0,0,107000,10000,97000,97000
051548,鈺齊康和95購01  ,0,0,0,0,0,0,0,0,0,97000,0,0,0,97000,0,97000,97000
2312,金寶            ,1209000,925000,284000,0,0,0,0,0,0,-187000,0,64000,-64000,313000,436000,-123000,97000
055675,亞德客凱基97購02,0,0,0,0,0,0,0,0,0,96000,0,0,0,110000,14000,96000,96000
055792,臺股指凱基97購15,0,0,0,0,0,0,0,0,0,96000,0,0,0,96000,0,96000,96000
055788,緯穎凱基97購04  ,0,0,0,0,0,0,0,0,0,96000,0,0,0,119000,23000,96000,96000
054052,日月光元大96購06,0,0,0,0,0,0,0,0,0,96000,0,0,0,197000,101000,96000,96000
054418,茂林元大97購01  ,0,0,0,0,0,0,0,0,0,96000,0,0,0,116000,20000,96000,96000
047235,嘉澤凱基93購01  ,0,0,0,0,0,0,0,0,0,96000,0,0,0,96000,0,96000,96000
04020P,南茂永豐93售02  ,0,0,0,0,0,0,0,0,0,96000,0,0,0,96000,0,96000,96000
04439P,聯發科群益94售04,0,0,0,0,0,0,0,0,0,96000,0,0,0,153000,57000,96000,96000
048495,南亞科元大93購04,0,0,0,0,0,0,0,0,0,96000,0,0,0,155000,59000,96000,96000
048404,大立光群益93購11,0,0,0,0,0,0,0,0,0,96000,0,0,0,124000,28000,96000,96000
051789,嘉澤國票96購01  ,0,0,0,0,0,0,0,0,0,96000,0,0,0,106000,10000,96000,96000
051939,同欣電群益97購01,0,0,0,0,0,0,0,0,0,96000,0,0,0,123000,27000,96000,96000
052043,瑞昱日盛95購01  ,0,0,0,0,0,0,0,0,0,96000,0,0,0,198000,102000,96000,96000
053727,麗豐凱基97購01  ,0,0,0,0,0,0,0,0,0,96000,0,0,0,145000,49000,96000,96000
053779,台光電元大96購02,0,0,0,0,0,0,0,0,0,96000,0,0,0,115000,19000,96000,96000
054674,台光電台新97購01,0,0,0,0,0,0,0,0,0,95000,0,0,0,150000,55000,95000,95000
055437,禾伸堂中信99購01,0,0,0,0,0,0,0,0,0,95000,0,0,0,143000,48000,95000,95000
056301,開發金元大9A購01,0,0,0,0,0,0,0,0,0,95000,0,0,0,100000,5000,95000,95000
056266,開發金統一9A購01,0,0,0,0,0,0,0,0,0,95000,0,0,0,95000,0,95000,95000
039908,元油反富邦92購01,0,0,0,0,0,0,0,0,0,95000,0,0,0,95000,0,95000,95000
047399,華通康和93購01  ,0,0,0,0,0,0,0,0,0,95000,0,0,0,95000,0,95000,95000
049143,智邦元大94購02  ,0,0,0,0,0,0,0,0,0,95000,0,0,0,119000,24000,95000,95000
048855,華新科群益94購02,0,0,0,0,0,0,0,0,0,95000,0,0,0,112000,17000,95000,95000
047903,滬深2X元大96購01,0,0,0,0,0,0,0,0,0,95000,0,0,0,105000,10000,95000,95000
051195,台郡中信95購01  ,0,0,0,0,0,0,0,0,0,95000,0,0,0,100000,5000,95000,95000
053904,漢唐凱基97購01  ,0,0,0,0,0,0,0,0,0,95000,0,0,0,105000,10000,95000,95000
052196,TPK元富95購01   ,0,0,0,0,0,0,0,0,0,95000,0,0,0,95000,0,95000,95000
5203,訊連            ,116000,21000,95000,0,0,0,0,0,0,0,3000,3000,0,12000,12000,0,95000
055744,茂林元富97購02  ,0,0,0,0,0,0,0,0,0,94000,0,0,0,94000,0,94000,94000
046992,智伸科凱基93購03,0,0,0,0,0,0,0,0,0,94000,0,0,0,100000,6000,94000,94000
046770,聯發科國泰94購01,0,0,0,0,0,0,0,0,0,94000,0,0,0,364000,270000,94000,94000
049114,玉晶光統一94購02,0,130000,-130000,0,0,0,0,0,0,224000,0,0,0,695000,471000,224000,94000
052844,台積電統一96購02,0,0,0,0,0,0,0,0,0,94000,0,0,0,328000,234000,94000,94000
06056P,台積電凱基98售02,0,0,0,0,0,0,0,0,0,94000,0,0,0,102000,8000,94000,94000
05763P,致新永豐96售01  ,0,0,0,0,0,0,0,0,0,94000,0,0,0,298000,204000,94000,94000
055704,亞德客永豐97購04,0,0,0,0,0,0,0,0,0,93000,0,0,0,116000,23000,93000,93000
055598,欣興元大97購03  ,0,0,0,0,0,0,0,0,0,93000,0,0,0,179000,86000,93000,93000
054795,合勤控群益98購01,0,0,0,0,0,0,0,0,0,93000,0,0,0,104000,11000,93000,93000
054044,京元電元大96購03,0,0,0,0,0,0,0,0,0,93000,0,0,0,95000,2000,93000,93000
050309,亞泥兆豐94購01  ,0,0,0,0,0,0,0,0,0,93000,0,0,0,93000,0,93000,93000
047546,瑞昱凱基93購06  ,0,0,0,0,0,0,0,0,0,93000,0,0,0,93000,0,93000,93000
049573,長榮航統一95購01,0,0,0,0,0,0,0,0,0,93000,0,0,0,93000,0,93000,93000
048606,聯發科日盛93購02,0,0,0,0,0,0,0,0,0,93000,0,0,0,93000,0,93000,93000
051099,台郡元大95購03  ,0,0,0,0,0,0,0,0,0,93000,0,0,0,124000,31000,93000,93000
053261,國巨群益96購05  ,0,0,0,0,0,0,0,0,0,93000,0,0,0,93000,0,93000,93000
055725,嘉聯益元大98購03,0,0,0,0,0,0,0,0,0,92000,0,0,0,95000,3000,92000,92000
042903,金寶元大94購01  ,0,0,0,0,0,0,0,0,0,92000,0,0,0,98000,6000,92000,92000
044433,華新科元大92購06,0,0,0,0,0,0,0,0,0,92000,0,0,0,92000,0,92000,92000
050317,和鑫國票95購02  ,0,0,0,0,0,0,0,0,0,92000,0,0,0,92000,0,92000,92000
048970,裕民元大94購01  ,0,0,0,0,0,0,0,0,0,92000,0,0,0,92000,0,92000,92000
050900,台郡元大95購02  ,0,0,0,0,0,0,0,0,0,92000,0,0,0,108000,16000,92000,92000
049039,富邦金兆豐94購01,0,0,0,0,0,0,0,0,0,92000,0,0,0,92000,0,92000,92000
048100,貿聯凱基93購02  ,0,0,0,0,0,0,0,0,0,92000,0,0,0,104000,12000,92000,92000
048093,聯發科凱基93購30,0,0,0,0,0,0,0,0,0,92000,0,0,0,102000,10000,92000,92000
047909,超眾元大93購03  ,0,0,0,0,0,0,0,0,0,92000,0,0,0,132000,40000,92000,92000
047736,聯發科台新94購01,0,0,0,0,0,0,0,0,0,92000,0,0,0,140000,48000,92000,92000
050062,聯發科凱基94購08,0,0,0,0,0,0,0,0,0,92000,0,0,0,150000,58000,92000,92000
052986,聯發科元大97購05,0,0,0,0,0,0,0,0,0,92000,0,0,0,1117000,1025000,92000,92000
053059,聯發科永昌99購01,0,0,0,0,0,0,0,0,0,92000,0,0,0,246000,154000,92000,92000
053842,聯發科統一96購08,0,0,0,0,0,0,0,0,0,92000,0,0,0,140000,48000,92000,92000
053387,緯創元大97購01  ,0,0,0,0,0,0,0,0,0,92000,0,0,0,133000,41000,92000,92000
06417P,台積電兆豐97售03,0,0,0,0,0,0,0,0,0,92000,0,0,0,112000,20000,92000,92000
055743,TPK元富98購01   ,0,0,0,0,0,0,0,0,0,91000,0,0,0,190000,99000,91000,91000
048521,華通統一93購05  ,0,0,0,0,0,0,0,0,0,91000,0,0,0,91000,0,91000,91000
047614,台郡群益93購02  ,0,0,0,0,0,0,0,0,0,91000,0,0,0,101000,10000,91000,91000
050911,光磊中信98購01  ,0,0,0,0,0,0,0,0,0,91000,0,0,0,106000,15000,91000,91000
054026,台積電凱基97購08,0,0,0,0,0,0,0,0,0,91000,0,0,0,96000,5000,91000,91000
052934,中磊元大96購01  ,0,0,0,0,0,0,0,0,0,91000,0,0,0,150000,59000,91000,91000
053098,國巨元富96購04  ,0,0,0,0,0,0,0,0,0,91000,0,0,0,342000,251000,91000,91000
052477,美律群益98購01  ,0,0,0,0,0,0,0,0,0,91000,0,0,0,187000,96000,91000,91000
8341,日友            ,405000,84000,321000,0,0,0,0,232000,-232000,2000,6000,4000,2000,0,0,0,91000
055974,上銀統一97購05  ,0,0,0,0,0,0,0,0,0,90000,0,0,0,138000,48000,90000,90000
056039,宏達電凱基97購02,0,0,0,0,0,0,0,0,0,90000,0,0,0,90000,0,90000,90000
054191,香港2X中信98購01,0,0,0,0,0,0,0,0,0,90000,0,0,0,90000,0,90000,90000
054291,高鐵元大97購01  ,0,0,0,0,0,0,0,0,0,90000,0,0,0,90000,0,90000,90000
054639,台新金中信99購01,0,0,0,0,0,0,0,0,0,90000,0,0,0,90000,0,90000,90000
054658,道瓊銀元大9A購01,0,0,0,0,0,0,0,0,0,90000,0,0,0,90000,0,90000,90000
054676,牧德台新98購01  ,0,0,0,0,0,0,0,0,0,90000,0,0,0,106000,16000,90000,90000
042901,中纖元大94購01  ,0,0,0,0,0,0,0,0,0,90000,0,0,0,90000,0,90000,90000
044125,美律凱基93購01  ,0,0,0,0,0,0,0,0,0,90000,0,0,0,90000,0,90000,90000
03567P,可成凱基02售06  ,0,0,0,0,0,0,0,0,0,90000,0,0,0,90000,0,90000,90000
043272,羅麗芬國泰94購01,0,0,0,0,0,0,0,0,0,90000,0,0,0,90000,0,90000,90000
050229,鴻海麥證94購02  ,0,0,0,90000,0,90000,0,0,0,90000,0,0,0,90000,0,90000,90000
047057,瀚宇博國票93購01,0,0,0,0,0,0,0,0,0,90000,0,0,0,90000,0,90000,90000
046882,智易富邦97購01  ,0,0,0,0,0,0,0,0,0,90000,0,0,0,100000,10000,90000,90000
049012,大成鋼群益94購01,0,0,0,0,0,0,0,0,0,90000,0,0,0,90000,0,90000,90000
05057P,鴻海國票96售01  ,0,0,0,0,0,0,0,0,0,90000,0,0,0,110000,20000,90000,90000
049100,華新科國泰96購01,0,0,0,0,0,0,0,0,0,90000,0,0,0,93000,3000,90000,90000
051796,和碩康和95購01  ,0,0,0,0,0,0,0,0,0,90000,0,0,0,90000,0,90000,90000
052929,可成元大96購02  ,0,0,0,0,0,0,0,0,0,90000,0,0,0,100000,10000,90000,90000
053868,群創元大99購02  ,0,0,0,0,0,0,0,0,0,90000,0,0,0,156000,66000,90000,90000
053840,燿華統一96購02  ,0,0,0,0,0,0,0,0,0,90000,0,0,0,138000,48000,90000,90000
053401,臺股指中信99購01,0,0,0,0,0,0,0,0,0,90000,0,0,0,100000,10000,90000,90000
053580,國巨元大96購10  ,0,0,0,0,0,0,0,0,0,90000,0,0,0,171000,81000,90000,90000
05776P,鴻海統一98售02  ,0,0,0,0,0,0,0,0,0,90000,0,0,0,90000,0,90000,90000
05990P,台積電群益96售13,0,0,0,0,0,0,0,0,0,90000,0,0,0,100000,10000,90000,90000
3607,谷崧            ,103001,14000,89001,0,0,0,0,0,0,0,1000,1000,0,0,0,0,89001
054828,正崴國泰99購01  ,0,0,0,0,0,0,0,0,0,89000,0,0,0,119000,30000,89000,89000
054981,國巨元富97購02  ,0,0,0,0,0,0,0,0,0,89000,0,0,0,116000,27000,89000,89000
056084,漢唐統一97購03  ,0,0,0,0,0,0,0,0,0,89000,0,0,0,89000,0,89000,89000
055738,玉山金元富97購01,0,0,0,0,0,0,0,0,0,89000,0,0,0,106000,17000,89000,89000
042918,矽格元大94購01  ,0,0,0,0,0,0,0,0,0,89000,0,0,0,89000,0,89000,89000
049325,智邦元富94購02  ,0,0,0,0,0,0,0,0,0,89000,0,0,0,313000,224000,89000,89000
048874,玉晶光國票96購01,0,0,0,0,0,0,0,0,0,89000,0,0,0,112000,23000,89000,89000
050203,美律群益94購04  ,0,0,0,0,0,0,0,0,0,89000,0,0,0,136000,47000,89000,89000
050197,矽格元大94購04  ,0,0,0,0,0,0,0,0,0,89000,0,0,0,89000,0,89000,89000
052204,台泥中信96購01  ,0,0,0,0,0,0,0,0,0,89000,0,0,0,89000,0,89000,89000
055908,GIS日盛97購01   ,0,0,0,0,0,0,0,0,0,88000,0,0,0,89000,1000,88000,88000
055307,瑞昱群益97購02  ,0,0,0,0,0,0,0,0,0,88000,0,0,0,90000,2000,88000,88000
056508,揚明光永豐98購01,0,0,0,0,0,0,0,0,0,88000,0,0,0,166000,78000,88000,88000
055183,聯鈞統一97購01  ,0,0,0,0,0,0,0,0,0,88000,0,0,0,124000,36000,88000,88000
047588,大立光永豐94購01,0,0,0,0,0,0,0,0,0,88000,0,0,0,88000,0,88000,88000
00680L,元大美債20正2   ,0,0,0,0,0,0,0,0,0,88000,607000,0,607000,61000,580000,-519000,88000
046369,同欣電日盛92購01,0,0,0,0,0,0,0,0,0,88000,0,0,0,88000,0,88000,88000
051181,鴻海永豐95購03  ,0,0,0,0,0,0,0,0,0,88000,0,0,0,88000,0,88000,88000
050721,台泥國票94購01  ,0,0,0,0,0,0,0,0,0,88000,0,0,0,98000,10000,88000,88000
04915P,鴻海永昌96售02  ,0,0,0,0,0,0,0,0,0,88000,0,0,0,521000,433000,88000,88000
049267,瀚宇博元大95購02,0,0,0,0,0,0,0,0,0,88000,0,0,0,138000,50000,88000,88000
052130,國巨凱基9B購01  ,0,0,0,0,0,0,0,0,0,88000,0,0,0,127000,39000,88000,88000
051998,昇陽半元大96購02,0,0,0,0,0,0,0,0,0,88000,0,0,0,88000,0,88000,88000
053016,鈺齊統一96購01  ,0,0,0,0,0,0,0,0,0,88000,0,0,0,141000,53000,88000,88000
053070,訊芯群益96購01  ,0,0,0,0,0,0,0,0,0,88000,0,0,0,94000,6000,88000,88000
054538,台光電國票98購01,0,0,0,0,0,0,0,0,0,87000,0,0,0,190000,103000,87000,87000
054568,訊芯群益97購01  ,0,0,0,0,0,0,0,0,0,87000,0,0,0,137000,50000,87000,87000
055850,聯詠元大97購06  ,0,0,0,0,0,0,0,0,0,87000,0,0,0,103000,16000,87000,87000
047073,大立光兆豐94購01,0,0,0,0,0,0,0,0,0,87000,0,0,0,87000,0,87000,87000
04731P,臺股指中信96售03,0,0,0,0,0,0,0,0,0,87000,0,0,0,231000,144000,87000,87000
050517,台積電元大94購27,0,0,0,0,0,0,0,0,0,87000,0,0,0,126000,39000,87000,87000
048645,創意元大94購02  ,0,0,0,0,0,0,0,0,0,87000,0,0,0,97000,10000,87000,87000
051066,台積電國票96購02,0,0,0,0,0,0,0,0,0,87000,0,0,0,87000,0,87000,87000
052760,盟立群益96購01  ,0,0,0,0,0,0,0,0,0,87000,0,0,0,87000,0,87000,87000
054029,瀚宇博凱基96購02,0,0,0,0,0,0,0,0,0,87000,0,0,0,87000,0,87000,87000
051875,聯發科兆豐95購04,0,0,0,0,0,0,0,0,0,87000,0,0,0,87000,0,87000,87000
052191,超眾群益96購01  ,0,0,0,0,0,0,0,0,0,87000,0,0,0,112000,25000,87000,87000
052528,茂林元大95購05  ,0,0,0,0,0,0,0,0,0,87000,0,0,0,205000,118000,87000,87000
6541,泰福-KY         ,177000,89000,88000,0,0,0,0,0,0,-1000,0,1000,-1000,0,0,0,87000
05826P,臺股指凱基96售23,0,0,0,0,0,0,0,0,0,87000,0,0,0,139000,52000,87000,87000
06375P,矽力元大97售06  ,0,0,0,0,0,0,0,0,0,87000,0,0,0,565000,478000,87000,87000
055875,光罩元富97購02  ,0,0,0,0,0,0,0,0,0,86000,0,0,0,86000,0,86000,86000
056125,旺宏國票98購02  ,0,0,0,0,0,0,0,0,0,86000,0,0,0,115000,29000,86000,86000
054527,國巨統一97購03  ,0,0,0,0,0,0,0,0,0,86000,0,0,0,86000,0,86000,86000
054124,達方永豐96購02  ,0,0,0,0,0,0,0,0,0,86000,0,0,0,86000,0,86000,86000
054985,光罩元富97購01  ,0,0,0,0,0,0,0,0,0,86000,0,0,0,87000,1000,86000,86000
041210,群創元富93購01  ,0,0,0,0,0,0,0,0,0,86000,0,0,0,140000,54000,86000,86000
047998,美律元大93購06  ,0,0,0,0,0,0,0,0,0,86000,0,0,0,101000,15000,86000,86000
048571,美利達元大96購03,0,0,0,0,0,0,0,0,0,86000,0,0,0,114000,28000,86000,86000
049106,大立光富邦94購01,0,0,0,0,0,0,0,0,0,86000,0,0,0,86000,0,86000,86000
052482,茂林群益95購01  ,0,0,0,0,0,0,0,0,0,86000,0,0,0,111000,25000,86000,86000
052670,茂林群益96購02  ,0,0,0,0,0,0,0,0,0,86000,0,0,0,91000,5000,86000,86000
052273,新光金群益95購02,0,0,0,0,0,0,0,0,0,86000,0,0,0,86000,0,86000,86000
051423,GIS國票97購01   ,0,0,0,0,0,0,0,0,0,86000,0,0,0,86000,0,86000,86000
053858,台達電元大96購05,0,0,0,0,0,0,0,0,0,86000,0,0,0,130000,44000,86000,86000
052749,日月光元大96購02,0,0,0,0,0,0,0,0,0,86000,0,0,0,230000,144000,86000,86000
052781,瀚宇博國票97購03,0,0,0,0,0,0,0,0,0,86000,0,0,0,86000,0,86000,86000
052833,康控群益96購01  ,0,0,0,0,0,0,0,0,0,86000,0,0,0,546000,460000,86000,86000
053056,同欣電國票97購01,0,0,0,0,0,0,0,0,0,86000,0,0,0,87000,1000,86000,86000
055024,興勤國泰98購01  ,0,0,0,0,0,0,0,0,0,85000,0,0,0,163000,78000,85000,85000
054788,華新科群益98購02,0,0,0,0,0,0,0,0,0,85000,0,0,0,105000,20000,85000,85000
054762,奇力新國票99購01,0,0,0,0,0,0,0,0,0,85000,0,0,0,93000,8000,85000,85000
054747,麗豐凱基98購01  ,0,0,0,0,0,0,0,0,0,85000,0,0,0,187000,102000,85000,85000
054653,聯發科麥證97購02,0,0,0,106000,21000,85000,0,0,0,85000,0,0,0,106000,21000,85000,85000
054401,康普永豐96購01  ,0,0,0,0,0,0,0,0,0,85000,0,0,0,90000,5000,85000,85000
04388P,滬深2X凱基95售05,0,0,0,0,0,0,0,0,0,85000,0,0,0,110000,25000,85000,85000
046069,禾伸堂凱基92購01,0,0,0,0,0,0,0,0,0,85000,0,0,0,98000,13000,85000,85000
049569,光磊統一94購02  ,0,0,0,0,0,0,0,0,0,85000,0,0,0,85000,0,85000,85000
049586,正崴元大94購01  ,0,0,0,0,0,0,0,0,0,85000,0,0,0,86000,1000,85000,85000
047814,宏達電凱基93購02,0,0,0,0,0,0,0,0,0,85000,0,0,0,85000,0,85000,85000
04820P,聯茂永豐94售02  ,0,0,0,0,0,0,0,0,0,85000,0,0,0,145000,60000,85000,85000
049896,聯發科統一94購06,0,0,0,0,0,0,0,0,0,85000,0,0,0,149000,64000,85000,85000
052895,台積電群益96購04,0,0,0,0,0,0,0,0,0,85000,0,0,0,136000,51000,85000,85000
052757,華邦電群益96購01,0,0,0,0,0,0,0,0,0,85000,0,0,0,231000,146000,85000,85000
053741,漢唐國票97購03  ,0,0,0,0,0,0,0,0,0,85000,0,0,0,135000,50000,85000,85000
051987,廣達元大95購01  ,0,0,0,0,0,0,0,0,0,85000,0,0,0,100000,15000,85000,85000
052011,欣興中信96購01  ,0,0,0,0,0,0,0,0,0,85000,0,0,0,85000,0,85000,85000
052284,日月光凱基96購01,0,0,0,0,0,0,0,0,0,85000,0,0,0,130000,45000,85000,85000
2351,順德            ,147000,56000,91000,0,0,0,0,0,0,-6000,0,5000,-5000,0,1000,-1000,85000
05800P,台積電兆豐96售04,0,0,0,0,0,0,0,0,0,85000,0,0,0,101000,16000,85000,85000
054404,新日興康和96購01,0,0,0,0,0,0,0,0,0,84000,0,0,0,90000,6000,84000,84000
054220,國巨統一97購02  ,0,0,0,0,0,0,0,0,0,84000,0,0,0,96000,12000,84000,84000
054761,台光電國票98購02,0,0,0,0,0,0,0,0,0,84000,0,0,0,161000,77000,84000,84000
055179,大立光統一97購04,0,0,0,0,0,0,0,0,0,84000,0,0,0,436000,352000,84000,84000
055536,嘉聯益群益99購02,0,0,0,0,0,0,0,0,0,84000,0,0,0,84000,0,84000,84000
046866,台積電統一94購03,0,0,0,0,0,0,0,0,0,84000,0,0,0,84000,0,84000,84000
050239,廣達凱基94購01  ,0,0,0,0,0,0,0,0,0,84000,0,0,0,88000,4000,84000,84000
050254,大立光富邦96購02,0,0,0,0,0,0,0,0,0,84000,0,0,0,92000,8000,84000,84000
050342,華通元富94購02  ,0,0,0,0,0,0,0,0,0,84000,0,0,0,246000,162000,84000,84000
050477,矽力永豐94購01  ,0,0,0,0,0,0,0,0,0,84000,0,0,0,89000,5000,84000,84000
048572,美利達元大96購04,0,0,0,0,0,0,0,0,0,84000,0,0,0,169000,85000,84000,84000
052165,訊芯永豐95購03  ,0,0,0,0,0,0,0,0,0,84000,0,0,0,84000,0,84000,84000
053388,群創元大9C購02  ,0,0,0,0,0,0,0,0,0,84000,0,0,0,113000,29000,84000,84000
053542,超眾永豐96購01  ,0,0,0,0,0,0,0,0,0,84000,0,0,0,192000,108000,84000,84000
056011,矽力中信99購01  ,0,0,0,0,0,0,0,0,0,83000,0,0,0,217000,134000,83000,83000
05472P,國巨統一96售02  ,0,0,0,0,0,0,0,0,0,83000,0,0,0,312000,229000,83000,83000
054210,台光電國票97購03,0,0,0,0,0,0,0,0,0,83000,0,0,0,98000,15000,83000,83000
054113,奇力新台新97購01,0,0,0,0,0,0,0,0,0,83000,0,0,0,141000,58000,83000,83000
054661,嘉聯益元大97購03,0,0,0,0,0,0,0,0,0,83000,0,0,0,93000,10000,83000,83000
050261,國巨元大95購04  ,0,0,0,0,0,0,0,0,0,83000,0,0,0,241000,158000,83000,83000
044298,南電凱基93購01  ,0,0,0,0,0,0,0,0,0,83000,0,0,0,93000,10000,83000,83000
042724,群創群益93購01  ,0,0,0,0,0,0,0,0,0,83000,0,0,0,83000,0,83000,83000
00676R,富邦臺灣加權反1 ,0,21000,-21000,0,0,0,0,0,0,104000,0,0,0,550000,446000,104000,83000
048634,華通元大94購01  ,0,0,0,0,0,0,0,0,0,83000,0,0,0,151000,68000,83000,83000
049616,卜蜂群益94購01  ,0,0,0,0,0,0,0,0,0,83000,0,0,0,108000,25000,83000,83000
047972,康控富邦95購01  ,0,0,0,0,0,0,0,0,0,83000,0,0,0,103000,20000,83000,83000
048878,康控國票95購02  ,0,0,0,0,0,0,0,0,0,83000,0,0,0,118000,35000,83000,83000
048769,聯鈞凱基94購01  ,0,0,0,0,0,0,0,0,0,83000,0,0,0,93000,10000,83000,83000
049018,光罩群益94購01  ,0,0,0,0,0,0,0,0,0,83000,0,0,0,98000,15000,83000,83000
048029,聯發科凱基93購26,0,0,0,0,0,0,0,0,0,83000,0,0,0,178000,95000,83000,83000
048923,國巨永豐94購02  ,0,0,0,0,0,0,0,0,0,83000,0,0,0,117000,34000,83000,83000
053395,致茂中信96購01  ,0,0,0,0,0,0,0,0,0,83000,0,0,0,113000,30000,83000,83000
052891,台泥群益96購01  ,0,0,0,0,0,0,0,0,0,83000,0,0,0,94000,11000,83000,83000
052987,華新科元大99購01,0,0,0,0,0,0,0,0,0,83000,0,0,0,91000,8000,83000,83000
052188,欣興群益95購03  ,0,0,0,0,0,0,0,0,0,83000,0,0,0,83000,0,83000,83000
1734,杏輝            ,124000,121000,3000,0,0,0,0,0,0,80000,1000,1000,0,80000,0,80000,83000
2515,中工            ,610000,521000,89000,0,0,0,0,0,0,-6000,0,6000,-6000,0,0,0,83000
054370,台積電中信9A購01,0,0,0,0,0,0,0,0,0,82000,0,0,0,152000,70000,82000,82000
056049,奇力新國票98購01,0,0,0,0,0,0,0,0,0,82000,0,0,0,82000,0,82000,82000
056212,台光電國票98購03,0,0,0,0,0,0,0,0,0,82000,0,0,0,101000,19000,82000,82000
042093,台灣50群益94購02,0,0,0,0,0,0,0,0,0,82000,0,0,0,113000,31000,82000,82000
046194,禾伸堂凱基92購02,0,0,0,0,0,0,0,0,0,82000,0,0,0,95000,13000,82000,82000
051227,技嘉群益97購01  ,0,0,0,0,0,0,0,0,0,82000,0,0,0,211000,129000,82000,82000
047807,華邦電凱基93購06,0,0,0,0,0,0,0,0,0,82000,0,0,0,214000,132000,82000,82000
050782,台積電國泰96購03,0,0,0,0,0,0,0,0,0,82000,0,0,0,82000,0,82000,82000
049404,訊芯群益94購02  ,0,0,0,0,0,0,0,0,0,82000,0,0,0,92000,10000,82000,82000
051511,鈺齊中信97購01  ,0,0,0,0,0,0,0,0,0,82000,0,0,0,140000,58000,82000,82000
053918,美律國票97購01  ,0,0,0,0,0,0,0,0,0,82000,0,0,0,138000,56000,82000,82000
06206P,台積電凱基97售11,0,0,0,0,0,0,0,0,0,82000,0,0,0,270000,188000,82000,82000
3321,同泰            ,121000,19000,102000,0,0,0,0,0,0,-20000,0,20000,-20000,0,0,0,82000
3376,新日興          ,562000,617000,-55000,0,0,0,110000,0,110000,27000,91000,97000,-6000,85000,52000,33000,82000
4935,茂林-KY         ,536000,365000,171000,0,0,0,10000,95000,-85000,-4000,194000,211000,-17000,42000,29000,13000,82000
054535,旺宏富邦97購02  ,0,0,0,0,0,0,0,0,0,81000,0,0,0,141000,60000,81000,81000
054804,南亞元大9A購01  ,0,0,0,0,0,0,0,0,0,81000,0,0,0,201000,120000,81000,81000
042604,國泰金富邦92購01,0,0,0,0,0,0,0,0,0,81000,0,0,0,81000,0,81000,81000
048369,友達統一93購06  ,0,0,0,0,0,0,0,0,0,81000,0,0,0,81000,0,81000,81000
053574,奇力新元富99購01,0,0,0,0,0,0,0,0,0,81000,0,0,0,186000,105000,81000,81000
053675,臺股指元富96購02,0,0,0,0,0,0,0,0,0,81000,0,0,0,891000,810000,81000,81000
051927,國巨中信96購01  ,0,0,0,0,0,0,0,0,0,81000,0,0,0,81000,0,81000,81000
6165,捷泰            ,76000,7000,69000,0,0,0,0,0,0,12000,12000,0,12000,0,0,0,81000
055243,國巨統一97購04  ,0,0,0,0,0,0,0,0,0,80000,0,0,0,80000,0,80000,80000
054196,台光電國泰97購02,0,0,0,0,0,0,0,0,0,80000,0,0,0,80000,0,80000,80000
056251,聯發科兆豐97購02,0,0,0,0,0,0,0,0,0,80000,0,0,0,80000,0,80000,80000
056385,創意國泰99購01  ,0,0,0,0,0,0,0,0,0,80000,0,0,0,105000,25000,80000,80000
055526,台積電群益97購02,0,0,0,0,0,0,0,0,0,80000,0,0,0,80000,0,80000,80000
043936,和大兆豐92購01  ,0,0,0,0,0,0,0,0,0,80000,0,0,0,90000,10000,80000,80000
046402,華泰元大92購03  ,0,0,0,0,0,0,0,0,0,80000,0,0,0,80000,0,80000,80000
047110,智邦元大93購05  ,0,0,0,0,0,0,0,0,0,80000,0,0,0,80000,0,80000,80000
048694,緯穎群益94購01  ,0,0,0,0,0,0,0,0,0,80000,0,0,0,80000,0,80000,80000
049490,京元電元大95購02,0,0,0,0,0,0,0,0,0,80000,0,0,0,106000,26000,80000,80000
049336,台達電統一94購02,0,0,0,0,0,0,0,0,0,80000,0,0,0,90000,10000,80000,80000
05002P,台積電統一95售03,0,0,0,0,0,0,0,0,0,80000,0,0,0,80000,0,80000,80000
047786,燿華群益93購03  ,0,0,0,0,0,0,0,0,0,80000,0,0,0,80000,0,80000,80000
048226,大立光凱基93購35,0,0,0,0,0,0,0,0,0,80000,0,0,0,100000,20000,80000,80000
048668,奇力新永豐93購04,0,0,0,0,0,0,0,0,0,80000,0,0,0,155000,75000,80000,80000
051262,A50富邦96購01   ,0,0,0,0,0,0,0,0,0,80000,0,0,0,100000,20000,80000,80000
051003,中環中信97購01  ,0,0,0,0,0,0,0,0,0,80000,0,0,0,80000,0,80000,80000
048061,鴻海統一95購03  ,0,0,0,0,0,0,0,0,0,80000,0,0,0,209000,129000,80000,80000
047881,和鑫國泰95購01  ,0,0,0,0,0,0,0,0,0,80000,0,0,0,90000,10000,80000,80000
049760,滬深2X國泰95購02,0,0,0,0,0,0,0,0,0,80000,0,0,0,80000,0,80000,80000
051389,台達電兆豐95購01,0,0,0,0,0,0,0,0,0,80000,0,0,0,100000,20000,80000,80000
052077,可成元富98購02  ,0,0,0,0,0,0,0,0,0,80000,0,0,0,80000,0,80000,80000
052687,國泰金元大96購03,0,0,0,0,0,0,0,0,0,80000,0,0,0,100000,20000,80000,80000
052722,群創統一97購02  ,0,0,0,0,0,0,0,0,0,80000,0,0,0,80000,0,80000,80000
052617,景碩國泰98購01  ,0,0,0,0,0,0,0,0,0,80000,0,0,0,92000,12000,80000,80000
053456,大立光元富96購04,0,0,0,0,0,0,0,0,0,80000,0,0,0,111000,31000,80000,80000
053912,T50反1國票97購02,0,0,0,0,0,0,0,0,0,80000,0,0,0,230000,150000,80000,80000
053011,鴻海統一98購01  ,0,0,0,0,0,0,0,0,0,80000,0,0,0,80000,0,80000,80000
05733P,臺股指統一96售03,0,0,0,0,0,0,0,0,0,80000,0,0,0,80000,0,80000,80000
055333,晶豪科兆豐97購01,0,0,0,0,0,0,0,0,0,79000,0,0,0,137000,58000,79000,79000
056202,國揚永豐97購01  ,0,0,0,0,0,0,0,0,0,79000,0,0,0,97000,18000,79000,79000
054097,淘帝國票97購01  ,0,0,0,0,0,0,0,0,0,79000,0,0,0,79000,0,79000,79000
054582,致新元大97購01  ,0,0,0,0,0,0,0,0,0,79000,0,0,0,79000,0,79000,79000
054665,華通元富97購02  ,0,0,0,0,0,0,0,0,0,79000,0,0,0,98000,19000,79000,79000
054458,復盛群益96購01  ,0,0,0,0,0,0,0,0,0,79000,0,0,0,94000,15000,79000,79000
051036,喬山台新95購01  ,0,0,0,0,0,0,0,0,0,79000,0,0,0,177000,98000,79000,79000
048260,鴻海元富93購06  ,0,0,0,0,0,0,0,0,0,79000,0,0,0,110000,31000,79000,79000
049409,滬深2X凱基96購04,0,0,0,0,0,0,0,0,0,79000,0,0,0,79000,0,79000,79000
049188,可成台新94購01  ,0,0,0,0,0,0,0,0,0,79000,0,0,0,79000,0,79000,79000
052922,國巨永豐96購01  ,0,0,0,0,0,0,0,0,0,79000,0,0,0,84000,5000,79000,79000
052984,漢唐元大96購01  ,0,0,0,0,0,0,0,0,0,79000,0,0,0,112000,33000,79000,79000
052661,奇力新國票97購03,0,0,0,0,0,0,0,0,0,79000,0,0,0,137000,58000,79000,79000
052163,康舒永豐95購02  ,0,0,0,0,0,0,0,0,0,79000,0,0,0,104000,25000,79000,79000
051639,康友國票96購02  ,0,0,0,0,0,0,0,0,0,79000,0,0,0,89000,10000,79000,79000
05558P,鴻海麥證96售01  ,0,0,0,94000,12000,82000,0,0,0,78000,0,0,0,94000,16000,78000,78000
050296,亞光凱基94購03  ,0,0,0,0,0,0,0,0,0,78000,0,0,0,113000,35000,78000,78000
050384,嘉澤國票94購02  ,0,0,0,0,0,0,0,0,0,78000,0,0,0,88000,10000,78000,78000
045906,鴻海中信94購01  ,0,0,0,0,0,0,0,0,0,78000,0,0,0,130000,52000,78000,78000
043442,大立光台新01購01,0,0,0,0,0,0,0,0,0,78000,0,0,0,78000,0,78000,78000
051105,台光電國票96購01,0,0,0,0,0,0,0,0,0,78000,0,0,0,98000,20000,78000,78000
049998,奇力新永豐94購03,0,0,0,0,0,0,0,0,0,78000,0,0,0,99000,21000,78000,78000
048842,矽格凱基94購01  ,0,0,0,0,0,0,0,0,0,78000,0,0,0,146000,68000,78000,78000
052723,新唐統一97購01  ,0,0,0,0,0,0,0,0,0,78000,0,0,0,78000,0,78000,78000
052944,宏達電國票97購01,0,0,0,0,0,0,0,0,0,78000,0,0,0,104000,26000,78000,78000
05400P,台積電永豐95售05,0,0,0,0,0,0,0,0,0,78000,0,0,0,741000,663000,78000,78000
053810,台達電群益96購01,0,0,0,0,0,0,0,0,0,78000,0,0,0,89000,11000,78000,78000
053601,台表科元大98購01,0,0,0,0,0,0,0,0,0,78000,0,0,0,138000,60000,78000,78000
055574,美律統一97購01  ,0,0,0,0,0,0,0,0,0,77000,0,0,0,214000,137000,77000,77000
056215,華新科國票97購03,0,30000,-30000,0,0,0,0,0,0,107000,0,0,0,109000,2000,107000,77000
056248,康友群益97購04  ,0,0,0,0,0,0,0,0,0,77000,0,0,0,77000,0,77000,77000
054202,樺漢富邦97購01  ,0,0,0,0,0,0,0,0,0,77000,0,0,0,90000,13000,77000,77000
054924,景碩凱基98購01  ,0,0,0,0,0,0,0,0,0,77000,0,0,0,77000,0,77000,77000
050332,鴻海國泰96購05  ,0,0,0,0,0,0,0,0,0,77000,0,0,0,87000,10000,77000,77000
051020,健策凱基96購02  ,0,0,0,0,0,0,0,0,0,77000,0,0,0,128000,51000,77000,77000
049480,同欣電永豐94購01,0,0,0,0,0,0,0,0,0,77000,0,0,0,77000,0,77000,77000
053443,智邦凱基97購01  ,0,0,0,0,0,0,0,0,0,77000,0,0,0,104000,27000,77000,77000
052826,嘉聯益永豐96購01,0,0,0,0,0,0,0,0,0,77000,0,0,0,77000,0,77000,77000
052635,奇力新凱基98購01,0,0,0,0,0,0,0,0,0,77000,0,0,0,133000,56000,77000,77000
052508,矽力日盛95購02  ,0,0,0,0,0,0,0,0,0,77000,0,0,0,122000,45000,77000,77000
051400,國巨永豐95購01  ,0,0,0,0,0,0,0,0,0,77000,0,0,0,110000,33000,77000,77000
054950,奇力新元大98購02,0,0,0,0,0,0,0,0,0,76000,0,0,0,239000,163000,76000,76000
054644,A50正2群益9B購01,0,0,0,0,0,0,0,0,0,76000,0,0,0,312000,236000,76000,76000
056193,聯發科富邦99購08,0,0,0,0,0,0,0,0,0,76000,0,0,0,259000,183000,76000,76000
056141,聯茂元大97購05  ,0,0,0,0,0,0,0,0,0,76000,0,0,0,82000,6000,76000,76000
055444,致新台新97購01  ,0,0,0,0,0,0,0,0,0,76000,0,0,0,76000,0,76000,76000
047284,華通統一93購03  ,0,0,0,0,0,0,0,0,0,76000,0,0,0,76000,0,76000,76000
046703,瑞昱元富95購01  ,0,0,0,0,0,0,0,0,0,76000,0,0,0,131000,55000,76000,76000
048178,上銀富邦95購02  ,0,0,0,0,0,0,0,0,0,76000,0,0,0,480000,404000,76000,76000
04786P,鴻海永昌96售01  ,0,0,0,0,0,0,0,0,0,76000,0,0,0,131000,55000,76000,76000
047880,聯發科國泰94購03,0,0,0,0,0,0,0,0,0,76000,0,0,0,200000,124000,76000,76000
051941,樺漢群益95購02  ,0,0,0,0,0,0,0,0,0,76000,0,0,0,76000,0,76000,76000
051945,智邦統一95購03  ,0,0,0,0,0,0,0,0,0,76000,0,0,0,79000,3000,76000,76000
052547,光磊兆豐96購01  ,0,0,0,0,0,0,0,0,0,76000,0,0,0,112000,36000,76000,76000
052818,智邦永豐96購01  ,0,0,0,0,0,0,0,0,0,76000,0,0,0,455000,379000,76000,76000
053060,大立光永昌96購05,0,0,0,0,0,0,0,0,0,76000,0,0,0,90000,14000,76000,76000
053545,上銀凱基96購03  ,0,0,0,0,0,0,0,0,0,76000,0,0,0,126000,50000,76000,76000
1476,儒鴻            ,401000,170000,231000,0,0,0,1000,139000,-138000,-17000,2000,19000,-17000,4000,4000,0,76000
05540P,亞德客凱基96售01,0,0,0,0,0,0,0,0,0,75000,0,0,0,85000,10000,75000,75000
055979,聯鈞統一97購03  ,0,0,0,0,0,0,0,0,0,75000,0,0,0,108000,33000,75000,75000
054524,華通元富96購03  ,0,0,0,0,0,0,0,0,0,75000,0,0,0,75000,0,75000,75000
046101,大立光永豐92購04,0,0,0,0,0,0,0,0,0,75000,0,0,0,75000,0,75000,75000
047123,中石化中信95購01,0,0,0,0,0,0,0,0,0,75000,0,0,0,85000,10000,75000,75000
047089,聯詠元富93購03  ,0,0,0,0,0,0,0,0,0,75000,0,0,0,105000,30000,75000,75000
03428P,台積電元大02售28,0,0,0,0,0,0,0,0,0,75000,0,0,0,75000,0,75000,75000
00665L,富邦恒生國企正2 ,88000,13000,75000,0,0,0,0,0,0,0,0,0,0,220000,220000,0,75000
047493,旺宏元富96購01  ,0,0,0,0,0,0,0,0,0,75000,0,0,0,368000,293000,75000,75000
047898,嘉澤群益93購02  ,0,0,0,0,0,0,0,0,0,75000,0,0,0,95000,20000,75000,75000
050618,緯創元大95購01  ,0,0,0,0,0,0,0,0,0,75000,0,0,0,76000,1000,75000,75000
053758,華新科國泰97購02,0,0,0,0,0,0,0,0,0,75000,0,0,0,98000,23000,75000,75000
052326,滬深反中信99購01,0,0,0,0,0,0,0,0,0,75000,0,0,0,236000,161000,75000,75000
3532,台勝科          ,230000,155000,75000,0,0,0,1000,0,1000,-1000,0,11000,-11000,17000,7000,10000,75000
054735,漢唐凱基98購01  ,0,0,0,0,0,0,0,0,0,74000,0,0,0,210000,136000,74000,74000
055001,京鼎元富97購01  ,0,0,0,0,0,0,0,0,0,74000,0,0,0,74000,0,74000,74000
056250,瑞昱兆豐97購02  ,0,0,0,0,0,0,0,0,0,74000,0,0,0,135000,61000,74000,74000
056360,智邦元大98購01  ,0,0,0,0,0,0,0,0,0,74000,0,0,0,95000,21000,74000,74000
055800,欣興永豐97購02  ,0,0,0,0,0,0,0,0,0,74000,0,0,0,143000,69000,74000,74000
03956P,欣興統一93售02  ,0,0,0,0,0,0,0,0,0,74000,0,0,0,132000,58000,74000,74000
047274,華新科永豐93購02,0,0,0,0,0,0,0,0,0,74000,0,0,0,148000,74000,74000,74000
050472,和大永豐94購01  ,0,0,0,0,0,0,0,0,0,74000,0,0,0,84000,10000,74000,74000
046061,中石化凱基98購01,0,0,0,0,0,0,0,0,0,74000,0,0,0,77000,3000,74000,74000
045963,新光金凱基93購01,0,0,0,0,0,0,0,0,0,74000,0,0,0,84000,10000,74000,74000
050653,聯鈞凱基96購01  ,0,0,0,0,0,0,0,0,0,74000,0,0,0,76000,2000,74000,74000
051284,上銀統一95購02  ,1000,0,1000,0,0,0,0,0,0,73000,0,0,0,282000,209000,73000,74000
052305,GIS永豐95購03   ,0,0,0,0,0,0,0,0,0,74000,0,0,0,192000,118000,74000,74000
053746,彰銀康和96購01  ,0,0,0,0,0,0,0,0,0,74000,0,0,0,74000,0,74000,74000
1440,南紡            ,269000,193000,76000,0,0,0,0,0,0,-2000,0,2000,-2000,0,0,0,74000
055731,美律元富97購01  ,0,0,0,0,0,0,0,0,0,73000,0,0,0,73000,0,73000,73000
055641,鴻海元富97購04  ,0,0,0,0,0,0,0,0,0,73000,0,0,0,73000,0,73000,73000
055419,國巨永豐97購03  ,0,0,0,0,0,0,0,0,0,73000,0,0,0,73000,0,73000,73000
054951,大毅元大97購01  ,0,0,0,0,0,0,0,0,0,73000,0,0,0,294000,221000,73000,73000
054585,禾伸堂國泰99購01,0,0,0,0,0,0,0,0,0,73000,0,0,0,73000,0,73000,73000
044884,嘉澤群益93購01  ,0,0,0,0,0,0,0,0,0,73000,0,0,0,83000,10000,73000,73000
049042,玉晶光兆豐95購01,0,0,0,0,0,0,0,0,0,73000,0,0,0,73000,0,73000,73000
049367,全新元大96購01  ,0,0,0,0,0,0,0,0,0,73000,0,0,0,455000,382000,73000,73000
049492,聯發科元大95購02,0,0,0,0,0,0,0,0,0,73000,0,0,0,645000,572000,73000,73000
049565,楠梓電統一94購01,0,0,0,0,0,0,0,0,0,73000,0,0,0,73000,0,73000,73000
053712,台光電凱基96購04,0,0,0,0,0,0,0,0,0,73000,0,0,0,82000,9000,73000,73000
053182,大立光元富96購02,0,0,0,0,0,0,0,0,0,73000,0,0,0,118000,45000,73000,73000
054059,欣興國票97購03  ,0,0,0,0,0,0,0,0,0,72000,0,0,0,73000,1000,72000,72000
055474,欣興凱基97購05  ,0,0,0,0,0,0,0,0,0,72000,0,0,0,240000,168000,72000,72000
056473,奇力新元大99購02,0,0,0,0,0,0,0,0,0,72000,0,0,0,609000,537000,72000,72000
044200,群創國票93購01  ,0,0,0,0,0,0,0,0,0,72000,0,0,0,72000,0,72000,72000
044167,大立光元大93購03,0,0,0,0,0,0,0,0,0,72000,0,0,0,72000,0,72000,72000
047469,華通中信93購01  ,0,0,0,0,0,0,0,0,0,72000,0,0,0,72000,0,72000,72000
047197,美律統一94購01  ,0,0,0,0,0,0,0,0,0,72000,0,0,0,126000,54000,72000,72000
050512,台泥元大94購01  ,0,0,0,0,0,0,0,0,0,72000,0,0,0,153000,81000,72000,72000
047802,滬深2X凱基95購03,0,0,0,0,0,0,0,0,0,72000,0,0,0,72000,0,72000,72000
053219,祥碩凱基96購01  ,0,0,0,0,0,0,0,0,0,72000,0,0,0,253000,181000,72000,72000
052807,貿聯元大98購01  ,0,0,0,0,0,0,0,0,0,72000,0,0,0,271000,199000,72000,72000
052744,聯詠元大97購01  ,0,0,0,0,0,0,0,0,0,72000,0,0,0,237000,165000,72000,72000
053944,亞泥富邦97購01  ,0,0,0,0,0,0,0,0,0,72000,0,0,0,72000,0,72000,72000
052705,超眾國票97購01  ,0,0,0,0,0,0,0,0,0,72000,0,0,0,97000,25000,72000,72000
051332,奇力新永豐95購01,0,0,0,0,0,0,0,0,0,72000,0,0,0,118000,46000,72000,72000
3530,晶相光          ,257000,248000,9000,0,0,0,0,0,0,63000,21000,2000,19000,76000,32000,44000,72000
056249,鴻海兆豐97購05  ,0,0,0,0,0,0,0,0,0,71000,0,0,0,71000,0,71000,71000
056066,奇鋐元大98購02  ,0,0,0,0,0,0,0,0,0,71000,0,0,0,96000,25000,71000,71000
056074,茂林元大97購04  ,0,0,0,0,0,0,0,0,0,71000,0,0,0,121000,50000,71000,71000
055527,旺宏群益99購03  ,0,0,0,0,0,0,0,0,0,71000,0,0,0,188000,117000,71000,71000
054128,台積電元大97購10,0,0,0,0,0,0,0,0,0,71000,0,0,0,119000,48000,71000,71000
054769,創意國票98購01  ,0,0,0,0,0,0,0,0,0,71000,0,0,0,71000,0,71000,71000
055182,京鼎統一98購01  ,0,0,0,0,0,0,0,0,0,71000,0,0,0,137000,66000,71000,71000
055155,奇力新元大99購01,0,0,0,0,0,0,0,0,0,71000,0,0,0,280000,209000,71000,71000
047083,大立光永豐93購01,0,0,0,0,0,0,0,0,0,71000,0,0,0,74000,3000,71000,71000
047167,農林康和93購01  ,0,0,0,0,0,0,0,0,0,71000,0,0,0,84000,13000,71000,71000
050388,鴻海統一94購09  ,0,0,0,0,0,0,0,0,0,71000,0,0,0,71000,0,71000,71000
046489,大立光永昌92購01,0,0,0,0,0,0,0,0,0,71000,0,0,0,71000,0,71000,71000
00653L,富邦印度正2     ,108000,0,108000,0,0,0,0,0,0,-37000,0,0,0,28000,65000,-37000,71000
050790,昇陽半國泰96購02,0,0,0,0,0,0,0,0,0,71000,0,0,0,279000,208000,71000,71000
050484,世紀鋼國票95購02,0,0,0,0,0,0,0,0,0,71000,0,0,0,89000,18000,71000,71000
049695,新光金元大9A購01,0,0,0,0,0,0,0,0,0,71000,0,0,0,116000,45000,71000,71000
051798,國巨永豐95購03  ,0,0,0,0,0,0,0,0,0,71000,0,0,0,81000,10000,71000,71000
052674,智邦國泰98購01  ,0,0,0,0,0,0,0,0,0,71000,0,0,0,164000,93000,71000,71000
052989,麗豐元大98購01  ,0,0,0,0,0,0,0,0,0,71000,0,0,0,120000,49000,71000,71000
052950,超眾國票98購01  ,0,0,0,0,0,0,0,0,0,71000,0,0,0,282000,211000,71000,71000
053167,欣興群益96購03  ,0,0,0,0,0,0,0,0,0,71000,0,0,0,86000,15000,71000,71000
05515P,台積電群益96售03,0,0,0,0,0,0,0,0,0,70000,0,0,0,128000,58000,70000,70000
055009,合勤控元富97購01,0,0,0,0,0,0,0,0,0,70000,0,0,0,70000,0,70000,70000
054697,凌華永豐97購01  ,0,0,0,0,0,0,0,0,0,70000,0,0,0,105000,35000,70000,70000
055463,國喬凱基97購01  ,0,0,0,0,0,0,0,0,0,70000,0,0,0,138000,68000,70000,70000
056033,T50正2凱基99購02,0,0,0,0,0,0,0,0,0,70000,0,0,0,112000,42000,70000,70000
043144,台肥統一93購01  ,0,0,0,0,0,0,0,0,0,70000,0,0,0,80000,10000,70000,70000
042502,上銀凱基93購01  ,0,0,0,0,0,0,0,0,0,70000,0,0,0,70000,0,70000,70000
047541,深中小凱基94購01,0,0,0,0,0,0,0,0,0,70000,0,0,0,220000,150000,70000,70000
046647,高鐵國泰93購01  ,0,0,0,0,0,0,0,0,0,70000,0,0,0,70000,0,70000,70000
046109,遠東新元大92購01,0,0,0,0,0,0,0,0,0,70000,0,0,0,70000,0,70000,70000
046933,台泥元富93購01  ,0,0,0,0,0,0,0,0,0,70000,0,0,0,90000,20000,70000,70000
047108,華邦電元大93購03,0,0,0,0,0,0,0,0,0,70000,0,0,0,100000,30000,70000,70000
049845,台積電麥證94購01,0,0,0,80000,10000,70000,0,0,0,70000,0,0,0,80000,10000,70000,70000
048139,南電國票94購02  ,0,0,0,0,0,0,0,0,0,70000,0,0,0,70000,0,70000,70000
050784,美律國泰96購01  ,0,0,0,0,0,0,0,0,0,70000,0,0,0,161000,91000,70000,70000
048662,京元電統一93購04,0,0,0,0,0,0,0,0,0,70000,0,0,0,70000,0,70000,70000
049256,瑞昱元大94購04  ,0,0,0,0,0,0,0,0,0,70000,0,0,0,79000,9000,70000,70000
049074,光罩凱基94購02  ,0,0,0,0,0,0,0,0,0,70000,0,0,0,137000,67000,70000,70000
053075,欣興永豐96購01  ,0,0,0,0,0,0,0,0,0,70000,0,0,0,70000,0,70000,70000
053893,京鼎群益97購02  ,0,0,0,0,0,0,0,0,0,70000,0,0,0,70000,0,70000,70000
052616,鴻海國泰98購02  ,0,0,0,0,0,0,0,0,0,70000,0,0,0,130000,60000,70000,70000
056326,TPK兆豐98購01   ,0,0,0,0,0,0,0,0,0,69000,0,0,0,69000,0,69000,69000
054717,亞德客永豐97購01,0,0,0,0,0,0,0,0,0,69000,0,0,0,151000,82000,69000,69000
054637,智邦中信98購01  ,0,0,0,0,0,0,0,0,0,69000,0,0,0,185000,116000,69000,69000
045912,潤泰全國票92購01,0,0,0,0,0,0,0,0,0,69000,0,0,0,69000,0,69000,69000
046628,大立光統一98購01,0,0,0,0,0,0,0,0,0,69000,0,0,0,100000,31000,69000,69000
044531,欣興富邦93購01  ,0,0,0,0,0,0,0,0,0,69000,0,0,0,69000,0,69000,69000
049079,聯發科凱基94購04,0,0,0,0,0,0,0,0,0,69000,0,0,0,110000,41000,69000,69000
049234,可成統一94購02  ,0,0,0,0,0,0,0,0,0,69000,0,0,0,69000,0,69000,69000
051014,智邦凱基95購01  ,0,0,0,0,0,0,0,0,0,69000,0,0,0,74000,5000,69000,69000
051764,欣興元大95購07  ,0,0,0,0,0,0,0,0,0,69000,0,0,0,89000,20000,69000,69000
054181,華新康和96購01  ,0,0,0,0,0,0,0,0,0,68000,0,0,0,68000,0,68000,68000
054796,康普群益98購01  ,0,0,0,0,0,0,0,0,0,68000,0,0,0,68000,0,68000,68000
055042,得力永豐97購01  ,0,0,0,0,0,0,0,0,0,68000,0,0,0,68000,0,68000,68000
055052,凱美永豐97購01  ,0,0,0,0,0,0,0,0,0,68000,0,0,0,78000,10000,68000,68000
056490,台積電國泰99購01,0,0,0,0,0,0,0,0,0,68000,0,0,0,81000,13000,68000,68000
056004,南電永豐97購02  ,0,0,0,0,0,0,0,0,0,68000,0,0,0,68000,0,68000,68000
056127,致新國票98購02  ,0,0,0,0,0,0,0,0,0,68000,0,0,0,128000,60000,68000,68000
043236,台灣50兆豐93購02,0,0,0,0,0,0,0,0,0,68000,0,0,0,104000,36000,68000,68000
03429B,臺股指元富97熊07,0,0,0,0,0,0,0,0,0,68000,0,0,0,150000,82000,68000,68000
045762,微星統一92購01  ,0,0,0,0,0,0,0,0,0,68000,0,0,0,68000,0,68000,68000
046002,美律統一93購01  ,0,0,0,0,0,0,0,0,0,68000,0,0,0,180000,112000,68000,68000
047234,晶技凱基93購01  ,0,0,0,0,0,0,0,0,0,68000,0,0,0,68000,0,68000,68000
047230,大立光凱基93購19,0,0,0,0,0,0,0,0,0,68000,0,0,0,68000,0,68000,68000
047219,美律麥證94購01  ,0,0,0,369000,19000,350000,0,0,0,68000,0,0,0,378000,310000,68000,68000
051041,大立光永豐95購01,0,0,0,0,0,0,0,0,0,68000,0,0,0,68000,0,68000,68000
048089,智邦凱基93購10  ,0,0,0,0,0,0,0,0,0,68000,0,0,0,68000,0,68000,68000
048992,昇陽半元大94購02,0,0,0,0,0,0,0,0,0,68000,0,0,0,68000,0,68000,68000
050928,日月光凱基95購01,0,0,0,0,0,0,0,0,0,68000,0,0,0,72000,4000,68000,68000
050833,台郡凱基95購01  ,0,0,0,0,0,0,0,0,0,68000,0,0,0,68000,0,68000,68000
047929,景碩凱基93購03  ,0,0,0,0,0,0,0,0,0,68000,0,0,0,68000,0,68000,68000
049150,新光金元大96購01,0,0,0,0,0,0,0,0,0,68000,0,0,0,68000,0,68000,68000
050503,聯發科凱基94購22,0,0,0,0,0,0,0,0,0,68000,0,0,0,68000,0,68000,68000
049535,臻鼎永豐94購01  ,0,0,0,0,0,0,0,0,0,68000,0,0,0,68000,0,68000,68000
047706,燿華凱基95購01  ,0,0,0,0,0,0,0,0,0,68000,0,0,0,68000,0,68000,68000
048217,亞德客凱基93購06,0,0,0,0,0,0,0,0,0,68000,0,0,0,73000,5000,68000,68000
048318,大立光凱基93購37,0,0,0,0,0,0,0,0,0,68000,0,0,0,68000,0,68000,68000
051527,台郡凱基95購03  ,0,0,0,0,0,0,0,0,0,68000,0,0,0,68000,0,68000,68000
052636,大立光凱基96購10,0,0,0,0,0,0,0,0,0,68000,0,0,0,68000,0,68000,68000
052573,智伸科凱基97購01,0,0,0,0,0,0,0,0,0,68000,0,0,0,68000,0,68000,68000
053233,大立光永豐96購01,0,0,0,0,0,0,0,0,0,68000,0,0,0,68000,0,68000,68000
3454,晶睿            ,111000,40000,71000,0,0,0,0,0,0,-3000,0,3000,-3000,0,0,0,68000
055469,台光電凱基97購01,0,0,0,0,0,0,0,0,0,67000,0,0,0,67000,0,67000,67000
054133,奇力新元大97購04,0,0,0,0,0,0,0,0,0,67000,0,0,0,214000,147000,67000,67000
049890,嘉澤國泰95購01  ,0,0,0,0,0,0,0,0,0,67000,0,0,0,112000,45000,67000,67000
049980,奇力新凱基94購04,0,0,0,0,0,0,0,0,0,67000,0,0,0,76000,9000,67000,67000
050946,瑞昱群益95購01  ,0,0,0,0,0,0,0,0,0,67000,0,0,0,100000,33000,67000,67000
053749,揚明光永豐97購01,0,0,0,0,0,0,0,0,0,67000,0,0,0,77000,10000,67000,67000
053876,可成永昌98購01  ,0,0,0,0,0,0,0,0,0,67000,0,0,0,186000,119000,67000,67000
052275,日月光群益95購01,0,0,0,0,0,0,0,0,0,67000,0,0,0,306000,239000,67000,67000
054312,TPK凱基98購01   ,0,0,0,0,0,0,0,0,0,66000,0,0,0,286000,220000,66000,66000
054464,奇力新凱基98購02,0,0,0,0,0,0,0,0,0,66000,0,0,0,112000,46000,66000,66000
054356,可成兆豐97購01  ,0,0,0,0,0,0,0,0,0,66000,0,0,0,66000,0,66000,66000
055319,國巨國票98購03  ,0,0,0,0,0,0,0,0,0,66000,0,0,0,66000,0,66000,66000
055351,聯發科凱基97購03,0,0,0,0,0,0,0,0,0,66000,0,0,0,72000,6000,66000,66000
055711,上銀元大97購04  ,0,0,0,0,0,0,0,0,0,66000,0,0,0,117000,51000,66000,66000
055933,欣興群益98購02  ,0,0,0,0,0,0,0,0,0,66000,0,0,0,66000,0,66000,66000
056371,樺漢元大98購03  ,0,0,0,0,0,0,0,0,0,66000,0,0,0,66000,0,66000,66000
047856,GIS國票94購01   ,0,0,0,0,0,0,0,0,0,66000,0,0,0,76000,10000,66000,66000
048600,嘉澤國票94購01  ,0,0,0,0,0,0,0,0,0,66000,0,0,0,76000,10000,66000,66000
050717,京鼎群益96購01  ,0,0,0,0,0,0,0,0,0,66000,0,0,0,66000,0,66000,66000
049487,智邦元大94購03  ,0,0,0,0,0,0,0,0,0,66000,0,0,0,69000,3000,66000,66000
048401,南電國票93購03  ,0,0,0,0,0,0,0,0,0,66000,0,0,0,66000,0,66000,66000
049623,創意群益94購01  ,0,0,0,0,0,0,0,0,0,66000,0,0,0,66000,0,66000,66000
051611,鈺齊群益95購02  ,0,0,0,0,0,0,0,0,0,66000,0,0,0,68000,2000,66000,66000
051771,上銀中信95購01  ,0,0,0,0,0,0,0,0,0,66000,0,0,0,137000,71000,66000,66000
053968,華邦電元大97購01,0,0,0,0,0,0,0,0,0,66000,0,0,0,118000,52000,66000,66000
053560,漢唐國泰98購01  ,0,0,0,0,0,0,0,0,0,66000,0,0,0,87000,21000,66000,66000
053447,京鼎凱基96購03  ,0,0,0,0,0,0,0,0,0,66000,0,0,0,66000,0,66000,66000
05311P,臺股指群益95售10,0,0,0,0,0,0,0,0,0,66000,0,0,0,370000,304000,66000,66000
2461,光群雷          ,122000,56000,66000,0,0,0,0,0,0,0,0,0,0,0,0,0,66000
056110,嘉聯益永豐97購02,0,0,0,0,0,0,0,0,0,65000,0,0,0,65000,0,65000,65000
055903,鈺齊中信97購02  ,0,0,0,0,0,0,0,0,0,65000,0,0,0,65000,0,65000,65000
054151,瑞昱國泰97購01  ,0,0,0,0,0,0,0,0,0,65000,0,0,0,78000,13000,65000,65000
054142,致伸元大97購01  ,0,0,0,0,0,0,0,0,0,65000,0,0,0,65000,0,65000,65000
055152,旺宏元大98購04  ,0,0,0,0,0,0,0,0,0,65000,0,0,0,797000,732000,65000,65000
054787,華新科群益97購04,0,0,0,0,0,0,0,0,0,65000,0,0,0,65000,0,65000,65000
047148,和鑫群益93購01  ,0,0,0,0,0,0,0,0,0,65000,0,0,0,65000,0,65000,65000
050212,瀚宇博國票95購02,0,0,0,0,0,0,0,0,0,65000,0,0,0,65000,0,65000,65000
045855,緯穎富邦93購01  ,0,0,0,0,0,0,0,0,0,65000,0,0,0,70000,5000,65000,65000
045090,瀚宇博元大93購01,0,0,0,0,0,0,0,0,0,65000,0,0,0,65000,0,65000,65000
048465,南電台新93購01  ,0,0,0,0,0,0,0,0,0,65000,0,0,0,65000,0,65000,65000
049925,創意元大95購02  ,0,0,0,0,0,0,0,0,0,65000,0,0,0,65000,0,65000,65000
052943,奇力新國票96購02,0,0,0,0,0,0,0,0,0,65000,0,0,0,78000,13000,65000,65000
051617,台積電凱基95購14,0,0,0,0,0,0,0,0,0,65000,0,0,0,77000,12000,65000,65000
051500,聯茂群益95購01  ,0,0,0,0,0,0,0,0,0,65000,0,0,0,143000,78000,65000,65000
051425,昇陽半國票97購01,0,0,0,0,0,0,0,0,0,65000,0,0,0,65000,0,65000,65000
052379,鈺齊元大95購04  ,0,0,0,0,0,0,0,0,0,65000,0,0,0,238000,173000,65000,65000
6412,群電            ,264000,186000,78000,0,0,0,0,0,0,-13416,0,12000,-12000,0,1416,-1416,64584
055115,日月光凱基98購01,0,0,0,0,0,0,0,0,0,64000,0,0,0,139000,75000,64000,64000
054341,燿華元富96購03  ,0,0,0,0,0,0,0,0,0,64000,0,0,0,64000,0,64000,64000
054221,華新科統一96購05,0,0,0,0,0,0,0,0,0,64000,0,0,0,115000,51000,64000,64000
055861,矽力元大97購03  ,0,0,0,0,0,0,0,0,0,64000,0,0,0,95000,31000,64000,64000
055324,TPK國票98購03   ,0,0,0,0,0,0,0,0,0,64000,0,0,0,79000,15000,64000,64000
055969,彩晶元大99購02  ,0,0,0,0,0,0,0,0,0,64000,0,0,0,64000,0,64000,64000
050204,華新科群益94購05,0,0,0,0,0,0,0,0,0,64000,0,0,0,80000,16000,64000,64000
048330,大立光永昌93購07,0,0,0,0,0,0,0,0,0,64000,0,0,0,64000,0,64000,64000
050494,可成永昌96購01  ,0,0,0,0,0,0,0,0,0,64000,0,0,0,136000,72000,64000,64000
052372,台泥元大95購02  ,0,0,0,0,0,0,0,0,0,64000,0,0,0,67000,3000,64000,64000
052061,樺漢國票96購01  ,0,0,0,0,0,0,0,0,0,64000,0,0,0,64000,0,64000,64000
052581,訊芯元富98購01  ,0,0,0,0,0,0,0,0,0,64000,0,0,0,68000,4000,64000,64000
052490,禾伸堂國票95購01,0,0,0,0,0,0,0,0,0,64000,0,0,0,76000,12000,64000,64000
051372,樺漢富邦96購01  ,0,0,0,0,0,0,0,0,0,64000,0,0,0,64000,0,64000,64000
053597,牧德元大99購01  ,0,0,0,0,0,0,0,0,0,64000,0,0,0,64000,0,64000,64000
055958,台光電元大97購02,0,0,0,0,0,0,0,0,0,63000,0,0,0,95000,32000,63000,63000
05530P,臺股指群益96售03,0,0,0,0,0,0,0,0,0,63000,0,0,0,206000,143000,63000,63000
054209,台積電國票97購08,0,0,0,0,0,0,0,0,0,63000,0,0,0,163000,100000,63000,63000
054646,華新科群益97購03,0,0,0,0,0,0,0,0,0,63000,0,0,0,63000,0,63000,63000
054530,台光電國泰97購03,0,0,0,0,0,0,0,0,0,63000,0,0,0,98000,35000,63000,63000
03149P,鴻海群益01售12  ,0,0,0,0,0,0,0,0,0,63000,0,0,0,239000,176000,63000,63000
05287P,鴻海元富95售09  ,0,0,0,0,0,0,0,0,0,63000,0,0,0,63000,0,63000,63000
052478,大立光群益95購05,0,0,0,0,0,0,0,0,0,63000,0,0,0,73000,10000,63000,63000
3003,健和興          ,202000,146000,56000,0,0,0,0,0,0,7000,0,4000,-4000,14000,3000,11000,63000
054268,健策第一96購01  ,0,0,0,0,0,0,0,0,0,62000,0,0,0,88000,26000,62000,62000
054699,復盛永豐97購01  ,0,0,0,0,0,0,0,0,0,62000,0,0,0,92000,30000,62000,62000
055881,康控元富97購01  ,0,0,0,0,0,0,0,0,0,62000,0,0,0,97000,35000,62000,62000
055934,景碩群益98購03  ,0,0,0,0,0,0,0,0,0,62000,0,0,0,77000,15000,62000,62000
056232,瑞儀凱基98購01  ,0,0,0,0,0,0,0,0,0,62000,0,0,0,62000,0,62000,62000
050252,聯發科國泰95購01,0,0,0,0,0,0,0,0,0,62000,0,0,0,399000,337000,62000,62000
050112,高鐵元大94購02  ,0,0,0,0,0,0,0,0,0,62000,0,0,0,74000,12000,62000,62000
048550,中鴻元大96購01  ,0,0,0,0,0,0,0,0,0,62000,0,0,0,62000,0,62000,62000
047797,臺股指群益93購08,0,0,0,0,0,0,0,0,0,62000,0,0,0,67000,5000,62000,62000
049517,台光電國票94購02,0,0,0,0,0,0,0,0,0,62000,0,0,0,82000,20000,62000,62000
048158,大立光兆豐95購01,0,0,0,0,0,0,0,0,0,62000,0,0,0,65000,3000,62000,62000
051076,緯創國泰96購01  ,0,0,0,0,0,0,0,0,0,62000,0,0,0,82000,20000,62000,62000
051231,健策群益97購01  ,0,0,0,0,0,0,0,0,0,62000,0,0,0,62000,0,62000,62000
051914,健策元大96購06  ,0,0,0,0,0,0,0,0,0,62000,0,0,0,64000,2000,62000,62000
06450P,聯發科元大98售03,0,0,0,0,0,0,0,0,0,62000,0,0,0,80000,18000,62000,62000
06218P,鴻海元富97售06  ,0,0,0,0,0,0,0,0,0,62000,0,0,0,62000,0,62000,62000
056169,鴻海元富97購08  ,0,0,0,0,0,0,0,0,0,61000,0,0,0,61000,0,61000,61000
055900,瀚宇博中信97購01,0,0,0,0,0,0,0,0,0,61000,0,0,0,61000,0,61000,61000
054800,訊芯群益99購01  ,0,0,0,0,0,0,0,0,0,61000,0,0,0,102000,41000,61000,61000
054412,智邦元大96購03  ,0,0,0,0,0,0,0,0,0,61000,0,0,0,180000,119000,61000,61000
054415,奇力新元大96購06,0,0,0,0,0,0,0,0,0,61000,0,0,0,82000,21000,61000,61000
050238,瑞昱凱基94購05  ,0,0,0,0,0,0,0,0,0,61000,0,0,0,72000,11000,61000,61000
046510,大立光元大92購25,0,0,0,0,0,0,0,0,0,61000,0,0,0,61000,0,61000,61000
048098,嘉澤凱基93購04  ,0,0,0,0,0,0,0,0,0,61000,0,0,0,61000,0,61000,61000
049502,訊芯元大94購01  ,0,0,0,0,0,0,0,0,0,61000,0,0,0,61000,0,61000,61000
049210,昇陽半群益94購02,0,0,0,0,0,0,0,0,0,61000,0,0,0,61000,0,61000,61000
048196,聯發科元大93購24,0,0,0,0,0,0,0,0,0,61000,0,0,0,61000,0,61000,61000
048315,聯發科凱基93購32,0,0,0,0,0,0,0,0,0,61000,0,0,0,61000,0,61000,61000
048632,大成鋼元大93購02,0,0,0,0,0,0,0,0,0,61000,0,0,0,61000,0,61000,61000
049451,富邦金統一94購03,0,0,0,0,0,0,0,0,0,61000,0,0,0,153000,92000,61000,61000
051925,瀚宇博第一95購01,0,0,0,0,0,0,0,0,0,61000,0,0,0,61000,0,61000,61000
051479,兆豐金凱基95購01,0,0,0,0,0,0,0,0,0,61000,0,0,0,69000,8000,61000,61000
052505,友達日盛9B購02  ,0,0,0,0,0,0,0,0,0,61000,0,0,0,147000,86000,61000,61000
052898,樺漢群益96購01  ,0,0,0,0,0,0,0,0,0,61000,0,0,0,61000,0,61000,61000
053220,瀚宇博凱基98購01,0,0,0,0,0,0,0,0,0,61000,0,0,0,61000,0,61000,61000
5907,大洋-KY         ,112000,50001,61999,0,0,0,0,0,0,-1000,1000,2000,-1000,0,0,0,60999
054777,昇陽半國票98購01,0,0,0,0,0,0,0,0,0,60000,0,0,0,60000,0,60000,60000
054852,奇鋐國票98購01  ,0,0,0,0,0,0,0,0,0,60000,0,0,0,60000,0,60000,60000
055270,上銀元大97購03  ,0,0,0,0,0,0,0,0,0,60000,0,0,0,130000,70000,60000,60000
055295,瀚宇博元大97購02,0,0,0,0,0,0,0,0,0,60000,0,0,0,140000,80000,60000,60000
055781,聯詠凱基98購01  ,0,0,0,0,0,0,0,0,0,60000,0,0,0,95000,35000,60000,60000
055617,TPK國票98購04   ,0,0,0,0,0,0,0,0,0,60000,0,0,0,60000,0,60000,60000
055497,開發金元大97購01,0,0,0,0,0,0,0,0,0,60000,0,0,0,60000,0,60000,60000
056209,超眾永豐97購02  ,0,0,0,0,0,0,0,0,0,60000,0,0,0,84000,24000,60000,60000
056453,禾伸堂凱基99購02,0,0,0,0,0,0,0,0,0,60000,0,0,0,60000,0,60000,60000
04514P,元石油中信97售01,0,0,0,0,0,0,0,0,0,60000,0,0,0,60000,0,60000,60000
046753,台積電凱基93購04,0,0,0,0,0,0,0,0,0,60000,0,0,0,95000,35000,60000,60000
046688,超眾國票93購03  ,0,0,0,0,0,0,0,0,0,60000,0,0,0,60000,0,60000,60000
046892,聯發科群益93購04,0,0,0,0,0,0,0,0,0,60000,0,0,0,60000,0,60000,60000
047360,鴻海群益95購02  ,0,0,0,0,0,0,0,0,0,60000,0,0,0,60000,0,60000,60000
046984,友達日盛93購01  ,0,0,0,0,0,0,0,0,0,60000,0,0,0,60000,0,60000,60000
006207,FH滬深          ,329000,1000,328000,0,0,0,0,0,0,-268000,0,0,0,407000,675000,-268000,60000
047376,南電國票94購01  ,0,0,0,0,0,0,0,0,0,60000,0,0,0,60000,0,60000,60000
046343,和鑫國票93購02  ,0,0,0,0,0,0,0,0,0,60000,0,0,0,60000,0,60000,60000
048240,嘉聯益國票94購03,0,0,0,0,0,0,0,0,0,60000,0,0,0,60000,0,60000,60000
048535,超眾國票94購02  ,0,0,0,0,0,0,0,0,0,60000,0,0,0,60000,0,60000,60000
049420,日電貿凱基94購01,0,0,0,0,0,0,0,0,0,60000,0,0,0,60000,0,60000,60000
049176,漢唐凱基94購02  ,0,0,0,0,0,0,0,0,0,60000,0,0,0,110000,50000,60000,60000
049519,新光金國票95購03,0,0,0,0,0,0,0,0,0,60000,0,0,0,60000,0,60000,60000
049516,光罩國票94購02  ,0,0,0,0,0,0,0,0,0,60000,0,0,0,60000,0,60000,60000
049599,樺漢元大95購01  ,0,0,0,0,0,0,0,0,0,60000,0,0,0,120000,60000,60000,60000
048707,南電國票95購01  ,0,0,0,0,0,0,0,0,0,60000,0,0,0,60000,0,60000,60000
050580,強茂國票95購01  ,0,0,0,0,0,0,0,0,0,60000,0,0,0,60000,0,60000,60000
049046,同欣電兆豐94購01,0,0,0,0,0,0,0,0,0,60000,0,0,0,95000,35000,60000,60000
050929,中磊凱基95購01  ,0,0,0,0,0,0,0,0,0,60000,0,0,0,60000,0,60000,60000
04894P,世紀鋼元大94售02,0,0,0,0,0,0,0,0,0,60000,0,0,0,60000,0,60000,60000
048879,瀚宇博國票95購01,0,0,0,0,0,0,0,0,0,60000,0,0,0,60000,0,60000,60000
048881,美律統一94購02  ,0,0,0,0,0,0,0,0,0,60000,0,0,0,60000,0,60000,60000
047848,可成統一93購01  ,0,0,0,0,0,0,0,0,0,60000,0,0,0,119000,59000,60000,60000
047940,台光電國票93購01,0,0,0,0,0,0,0,0,0,60000,0,0,0,60000,0,60000,60000
049917,華新科元大94購02,0,0,0,0,0,0,0,0,0,60000,0,0,0,124000,64000,60000,60000
049970,康控國票95購03  ,0,0,0,0,0,0,0,0,0,60000,0,0,0,60000,0,60000,60000
049860,亞德客兆豐94購01,0,0,0,0,0,0,0,0,0,60000,0,0,0,60000,0,60000,60000
050637,欣興國票94購02  ,0,0,0,0,0,0,0,0,0,60000,0,0,0,60000,0,60000,60000
050703,矽格凱基94購02  ,0,0,0,0,0,0,0,0,0,60000,0,0,0,60000,0,60000,60000
053139,滬深2X永豐98購01,0,0,0,0,0,0,0,0,0,60000,0,0,0,60000,0,60000,60000
052745,欣興元大96購04  ,0,0,0,0,0,0,0,0,0,60000,0,0,0,80000,20000,60000,60000
052788,開發金中信98購02,0,0,0,0,0,0,0,0,0,60000,0,0,0,100000,40000,60000,60000
052791,友達兆豐97購01  ,0,0,0,0,0,0,0,0,0,60000,0,0,0,60000,0,60000,60000
052991,台積電台新96購01,0,0,0,0,0,0,0,0,0,60000,0,0,0,63000,3000,60000,60000
053877,奇力新亞東96購01,0,0,0,0,0,0,0,0,0,60000,0,0,0,60000,0,60000,60000
053845,和大元富96購01  ,0,0,0,0,0,0,0,0,0,60000,0,0,0,135000,75000,60000,60000
05383P,鴻海富邦95售06  ,0,0,0,0,0,0,0,0,0,60000,0,0,0,60000,0,60000,60000
053772,大成鋼元大96購02,0,0,0,0,0,0,0,0,0,60000,0,0,0,60000,0,60000,60000
051538,和碩國票96購01  ,0,0,0,0,0,0,0,0,0,60000,0,0,0,60000,0,60000,60000
051575,國巨元大96購03  ,0,0,0,0,0,0,0,0,0,60000,0,0,0,168000,108000,60000,60000
051587,大立光元大95購08,0,0,0,0,0,0,0,0,0,60000,0,0,0,60000,0,60000,60000
051323,康控國票96購01  ,0,0,0,0,0,0,0,0,0,60000,0,0,0,60000,0,60000,60000
051435,聯茂元富95購01  ,0,0,0,0,0,0,0,0,0,60000,0,0,0,60000,0,60000,60000
051962,晶相光永豐95購02,0,0,0,0,0,0,0,0,0,60000,0,0,0,231000,171000,60000,60000
051685,台光電凱基95購01,0,0,0,0,0,0,0,0,0,60000,0,0,0,60000,0,60000,60000
05889P,群創元大98售02  ,0,0,0,0,0,0,0,0,0,60000,0,0,0,60000,0,60000,60000
05628P,茂林國票97售02  ,0,0,0,0,0,0,0,0,0,59000,0,0,0,131000,72000,59000,59000
055146,華通元大98購04  ,0,0,0,0,0,0,0,0,0,59000,0,0,0,91000,32000,59000,59000
055032,億光富邦99購01  ,0,0,0,0,0,0,0,0,0,59000,0,0,0,116000,57000,59000,59000
054886,大毅統一97購01  ,0,0,0,0,0,0,0,0,0,59000,0,0,0,484000,425000,59000,59000
054966,貿聯元大98購02  ,0,0,0,0,0,0,0,0,0,59000,0,0,0,181000,122000,59000,59000
054921,文曄凱基97購01  ,0,0,0,0,0,0,0,0,0,59000,0,0,0,105000,46000,59000,59000
044963,台積電中信96購01,0,0,0,0,0,0,0,0,0,59000,0,0,0,83000,24000,59000,59000
04733P,康控兆豐95售01  ,0,0,0,0,0,0,0,0,0,59000,0,0,0,59000,0,59000,59000
046813,聯電凱基96購01  ,0,0,0,0,0,0,0,0,0,59000,0,0,0,94000,35000,59000,59000
045254,台積電凱基92購05,0,0,0,0,0,0,0,0,0,59000,0,0,0,59000,0,59000,59000
046569,同欣電元富92購02,0,0,0,0,0,0,0,0,0,59000,0,0,0,72000,13000,59000,59000
046487,鴻海永昌92購01  ,0,0,0,0,0,0,0,0,0,59000,0,0,0,210000,151000,59000,59000
049219,聯發科國票95購01,0,0,0,0,0,0,0,0,0,59000,0,0,0,84000,25000,59000,59000
047809,瑞昱凱基93購08  ,0,0,0,0,0,0,0,0,0,59000,0,0,0,70000,11000,59000,59000
05202P,鴻海元大95售16  ,0,0,0,0,0,0,0,0,0,59000,0,0,0,226000,167000,59000,59000
051623,和碩凱基96購02  ,0,0,0,0,0,0,0,0,0,59000,0,0,0,59000,0,59000,59000
052641,聯詠台新96購01  ,0,0,0,0,0,0,0,0,0,59000,0,0,0,92000,33000,59000,59000
052316,台積電元大96購10,0,0,0,0,0,0,0,0,0,59000,0,0,0,576000,517000,59000,59000
053791,同欣電元大96購05,0,0,0,0,0,0,0,0,0,59000,0,0,0,65000,6000,59000,59000
053974,大立光元大96購10,0,0,0,0,0,0,0,0,0,59000,0,0,0,59000,0,59000,59000
053640,上緯控永豐96購01,0,1000,-1000,0,0,0,0,0,0,60000,0,0,0,69000,9000,60000,59000
053407,台積電兆豐96購02,0,0,0,0,0,0,0,0,0,59000,0,0,0,122000,63000,59000,59000
053478,京鼎元大96購01  ,0,0,0,0,0,0,0,0,0,59000,0,0,0,99000,40000,59000,59000
053032,國巨兆豐97購02  ,0,0,0,0,0,0,0,0,0,59000,0,0,0,116000,57000,59000,59000
052799,上銀元大96購01  ,0,0,0,0,0,0,0,0,0,59000,0,0,0,69000,10000,59000,59000
6531,愛普            ,511000,453000,58000,0,0,0,0,0,0,1000,13000,12000,1000,0,0,0,59000
054793,牧德群益9A購01  ,0,0,0,0,0,0,0,0,0,58000,0,0,0,138000,80000,58000,58000
054589,聯鈞國泰99購01  ,0,0,0,0,0,0,0,0,0,58000,0,0,0,140000,82000,58000,58000
055902,同欣電中信99購01,0,0,0,0,0,0,0,0,0,58000,0,0,0,138000,80000,58000,58000
055347,台積電凱基97購10,0,0,0,0,0,0,0,0,0,58000,0,0,0,58000,0,58000,58000
047007,大立光統一93購05,0,0,0,0,0,0,0,0,0,58000,0,0,0,89000,31000,58000,58000
048533,景碩國票94購01  ,0,0,0,0,0,0,0,0,0,58000,0,0,0,58000,0,58000,58000
049147,美律元大94購02  ,0,0,0,0,0,0,0,0,0,58000,0,0,0,78000,20000,58000,58000
049298,矽格群益95購01  ,0,0,0,0,0,0,0,0,0,58000,0,0,0,68000,10000,58000,58000
048736,台達電統一94購01,0,0,0,0,0,0,0,0,0,58000,0,0,0,58000,0,58000,58000
051266,國巨富邦99購01  ,0,0,0,0,0,0,0,0,0,58000,0,0,0,207000,149000,58000,58000
052254,康友永豐95購03  ,0,0,0,0,0,0,0,0,0,58000,0,0,0,77000,19000,58000,58000
051932,康控國票96購02  ,0,0,0,0,0,0,0,0,0,58000,0,0,0,68000,10000,58000,58000
055488,華邦電元大98購01,0,0,0,0,0,0,0,0,0,57000,0,0,0,224000,167000,57000,57000
055952,上銀元大97購08  ,0,0,0,0,0,0,0,0,0,57000,0,0,0,76000,19000,57000,57000
054175,高鐵台新97購01  ,0,0,0,0,0,0,0,0,0,57000,0,0,0,57000,0,57000,57000
03751P,旺宏富邦95售01  ,0,0,0,0,0,0,0,0,0,57000,0,0,0,92000,35000,57000,57000
050685,緯穎元富94購02  ,0,0,0,0,0,0,0,0,0,57000,0,0,0,1004000,947000,57000,57000
047960,鈺齊永豐93購01  ,0,0,0,0,0,0,0,0,0,57000,0,0,0,72000,15000,57000,57000
048430,瑞昱國票93購02  ,0,0,0,0,0,0,0,0,0,57000,0,0,0,57000,0,57000,57000
051729,華新國票96購01  ,0,0,0,0,0,0,0,0,0,57000,0,0,0,57000,0,57000,57000
051802,同欣電永豐95購02,0,0,0,0,0,0,0,0,0,57000,0,0,0,97000,40000,57000,57000
053262,華邦電群益96購02,0,0,0,0,0,0,0,0,0,57000,0,0,0,301000,244000,57000,57000
053289,臺股指元大96購17,0,0,0,0,0,0,0,0,0,57000,0,0,0,67000,10000,57000,57000
053627,宏碁兆豐97購01  ,0,0,0,0,0,0,0,0,0,57000,0,0,0,155000,98000,57000,57000
053937,光磊元富96購01  ,0,0,0,0,0,0,0,0,0,57000,0,0,0,68000,11000,57000,57000
053850,嘉澤元富96購03  ,0,0,0,0,0,0,0,0,0,57000,0,0,0,57000,0,57000,57000
6141,柏承            ,125000,66000,59000,0,0,0,0,0,0,-2000,0,2000,-2000,0,0,0,57000
06099P,鴻海日盛97售03  ,0,0,0,0,0,0,0,0,0,57000,0,0,0,79000,22000,57000,57000
054642,訊芯中信9A購01  ,0,0,0,0,0,0,0,0,0,56000,0,0,0,76000,20000,56000,56000
054420,緯穎元大96購08  ,0,0,0,0,0,0,0,0,0,56000,0,0,0,246000,190000,56000,56000
054505,揚明光永豐97購02,0,0,0,0,0,0,0,0,0,56000,0,0,0,124000,68000,56000,56000
054489,牧德台新97購02  ,0,0,0,0,0,0,0,0,0,56000,0,0,0,58000,2000,56000,56000
054755,世紀鋼凱基98購01,0,0,0,0,0,0,0,0,0,56000,0,0,0,166000,110000,56000,56000
054906,神達康和97購01  ,0,0,0,0,0,0,0,0,0,56000,0,0,0,56000,0,56000,56000
055992,智原台新97購02  ,0,0,0,0,0,0,0,0,0,56000,0,0,0,76000,20000,56000,56000
056016,鴻海群益97購06  ,0,0,0,0,0,0,0,0,0,56000,0,0,0,56000,0,56000,56000
047555,欣興凱基93購01  ,0,0,0,0,0,0,0,0,0,56000,0,0,0,56000,0,56000,56000
047612,瑞昱群益93購03  ,0,0,0,0,0,0,0,0,0,56000,0,0,0,56000,0,56000,56000
047074,大立光兆豐94購02,0,0,0,0,0,0,0,0,0,56000,0,0,0,72000,16000,56000,56000
050226,華新科中信94購01,0,0,0,0,0,0,0,0,0,56000,0,0,0,176000,120000,56000,56000
046465,GIS凱基95購01   ,0,0,0,0,0,0,0,0,0,56000,0,0,0,58000,2000,56000,56000
046242,大立光中信93購02,0,0,0,0,0,0,0,0,0,56000,0,0,0,56000,0,56000,56000
049624,嘉澤群益94購01  ,0,0,0,0,0,0,0,0,0,56000,0,0,0,66000,10000,56000,56000
049798,台積電元大94購18,0,0,0,0,0,0,0,0,0,56000,0,0,0,540000,484000,56000,56000
051229,亞光群益95購01  ,0,0,0,0,0,0,0,0,0,56000,0,0,0,111000,55000,56000,56000
051155,聯發科國泰96購01,0,0,0,0,0,0,0,0,0,56000,0,0,0,347000,291000,56000,56000
051032,南電元富95購01  ,0,0,0,0,0,0,0,0,0,56000,0,0,0,59000,3000,56000,56000
048107,華通群益93購02  ,0,0,0,0,0,0,0,0,0,56000,0,0,0,56000,0,56000,56000
053237,揚明光永豐96購03,0,0,0,0,0,0,0,0,0,56000,0,0,0,124000,68000,56000,56000
051780,矽力群益95購01  ,0,0,0,0,0,0,0,0,0,56000,0,0,0,67000,11000,56000,56000
051455,樺漢元大96購01  ,0,0,0,0,0,0,0,0,0,56000,0,0,0,56000,0,56000,56000
052387,台積電群益95購08,0,0,0,0,0,0,0,0,0,56000,0,0,0,163000,107000,56000,56000
05680P,聯發科元大96售12,0,0,0,0,0,0,0,0,0,56000,0,0,0,56000,0,56000,56000
08801P,聯發科元大01售13,0,0,0,0,0,0,0,0,0,56000,0,0,0,56000,0,56000,56000
056315,同欣電元大97購05,0,0,0,0,0,0,0,0,0,55000,0,0,0,122000,67000,55000,55000
055542,亞德客凱基97購01,0,0,0,0,0,0,0,0,0,55000,0,0,0,75000,20000,55000,55000
055611,燿華國票98購02  ,0,0,0,0,0,0,0,0,0,55000,0,0,0,55000,0,55000,55000
046085,儒鴻麥證92購01  ,0,0,0,55000,0,55000,0,0,0,55000,0,0,0,55000,0,55000,55000
046671,彩晶元大93購03  ,0,0,0,0,0,0,0,0,0,55000,0,0,0,65000,10000,55000,55000
00743,國泰中國A150    ,18000,0,18000,0,0,0,0,0,0,37000,0,0,0,45000,8000,37000,55000
048067,台光電元富93購01,0,0,0,0,0,0,0,0,0,55000,0,0,0,55000,0,55000,55000
050934,喬山國票96購01  ,0,0,0,0,0,0,0,0,0,55000,0,0,0,113000,58000,55000,55000
051052,台積電群益95購01,0,0,0,0,0,0,0,0,0,55000,0,0,0,56000,1000,55000,55000
048893,南電元富94購01  ,0,0,0,0,0,0,0,0,0,55000,0,0,0,55000,0,55000,55000
050175,台光電元大94購08,0,0,0,0,0,0,0,0,0,55000,0,0,0,55000,0,55000,55000
047928,禾伸堂凱基93購04,0,0,0,0,0,0,0,0,0,55000,0,0,0,65000,10000,55000,55000
049284,瑞昱中信94購02  ,0,0,0,0,0,0,0,0,0,55000,0,0,0,55000,0,55000,55000
047819,南茂凱基93購04  ,0,0,0,0,0,0,0,0,0,55000,0,0,0,55000,0,55000,55000
050574,微星國票94購01  ,0,0,0,0,0,0,0,0,0,55000,0,0,0,156000,101000,55000,55000
051430,瑞昱元富95購02  ,0,0,0,0,0,0,0,0,0,55000,0,0,0,55000,0,55000,55000
052851,滬深2X元富96購02,0,0,0,0,0,0,0,0,0,55000,0,0,0,109000,54000,55000,55000
052979,上銀元大96購02  ,0,0,0,0,0,0,0,0,0,55000,0,0,0,242000,187000,55000,55000
053784,奇力新元大97購02,0,0,0,0,0,0,0,0,0,55000,0,0,0,63000,8000,55000,55000
055602,康控元大97購03  ,0,0,0,0,0,0,0,0,0,54000,0,0,0,267000,213000,54000,54000
055719,可成元大97購03  ,0,0,0,0,0,0,0,0,0,54000,0,0,0,80000,26000,54000,54000
055538,鴻海日盛97購04  ,0,0,0,0,0,0,0,0,0,54000,0,0,0,74000,20000,54000,54000
054656,深中小元大97購01,0,0,0,0,0,0,0,0,0,54000,0,0,0,54000,0,54000,54000
044512,奇力新凱基93購02,0,0,0,0,0,0,0,0,0,54000,0,0,0,64000,10000,54000,54000
046646,冠德國泰94購01  ,0,0,0,0,0,0,0,0,0,54000,0,0,0,54000,0,54000,54000
047315,大立光元大93購23,0,0,0,0,0,0,0,0,0,54000,0,0,0,54000,0,54000,54000
049417,奇力新凱基94購02,0,0,0,0,0,0,0,0,0,54000,0,0,0,54000,0,54000,54000
049170,亞德客凱基94購01,0,0,0,0,0,0,0,0,0,54000,0,0,0,60000,6000,54000,54000
048856,高鐵群益94購01  ,0,0,0,0,0,0,0,0,0,54000,0,0,0,106000,52000,54000,54000
049730,滬深2X群益94購02,0,0,0,0,0,0,0,0,0,54000,0,0,0,104000,50000,54000,54000
050842,旺宏國票97購01  ,0,0,0,0,0,0,0,0,0,54000,0,0,0,74000,20000,54000,54000
053914,國巨國票96購08  ,0,0,0,0,0,0,0,0,0,54000,0,0,0,69000,15000,54000,54000
052907,嘉澤國票97購01  ,0,0,0,0,0,0,0,0,0,54000,0,0,0,92000,38000,54000,54000
052890,FB上証群益9B購01,0,0,0,0,0,0,0,0,0,54000,0,0,0,54000,0,54000,54000
052805,晶技元大97購01  ,0,0,0,0,0,0,0,0,0,54000,0,0,0,55000,1000,54000,54000
051683,A50正2凱基97購01,0,0,0,0,0,0,0,0,0,54000,0,0,0,54000,0,54000,54000
052178,台郡元大96購03  ,0,0,0,0,0,0,0,0,0,54000,0,0,0,69000,15000,54000,54000
052668,聯發科群益97購01,0,0,0,0,0,0,0,0,0,54000,0,0,0,98000,44000,54000,54000
4737,華廣            ,80000,26000,54000,0,0,0,0,0,0,0,0,0,0,0,0,0,54000
2905,三商            ,184000,128000,56000,0,0,0,0,0,0,-2000,0,2000,-2000,0,0,0,54000
2404,漢唐            ,513000,381816,131184,0,0,0,0,0,0,-78000,10000,11000,-1000,25000,102000,-77000,53184
054677,智易台新98購02  ,0,0,0,0,0,0,0,0,0,53000,0,0,0,53000,0,53000,53000
055089,金寶群益98購01  ,0,0,0,0,0,0,0,0,0,53000,0,0,0,269000,216000,53000,53000
055254,聯詠統一97購03  ,0,0,0,0,0,0,0,0,0,53000,0,0,0,171000,118000,53000,53000
05562P,鴻海元大96售16  ,0,0,0,0,0,0,0,0,0,53000,0,0,0,53000,0,53000,53000
056433,鴻海凱基98購09  ,0,0,0,0,0,0,0,0,0,53000,0,0,0,75000,22000,53000,53000
050437,聯詠凱基94購04  ,0,0,0,0,0,0,0,0,0,53000,0,0,0,200000,147000,53000,53000
04526P,美律凱基94售03  ,0,0,0,0,0,0,0,0,0,53000,0,0,0,53000,0,53000,53000
042904,金寶元大94購02  ,0,0,0,0,0,0,0,0,0,53000,0,0,0,61000,8000,53000,53000
047412,鴻海永昌93購05  ,0,0,0,0,0,0,0,0,0,53000,0,0,0,553000,500000,53000,53000
044925,漢唐國泰93購01  ,0,0,0,0,0,0,0,0,0,53000,0,0,0,55000,2000,53000,53000
048836,牧德凱基94購03  ,0,0,0,0,0,0,0,0,0,53000,0,0,0,93000,40000,53000,53000
049198,聯鈞永豐94購01  ,0,0,0,0,0,0,0,0,0,53000,0,0,0,63000,10000,53000,53000
049488,智邦元大95購01  ,0,0,0,0,0,0,0,0,0,53000,0,0,0,53000,0,53000,53000
051765,健鼎元大95購03  ,0,0,0,0,0,0,0,0,0,53000,0,0,0,95000,42000,53000,53000
051434,中磊元富95購02  ,0,0,0,0,0,0,0,0,0,53000,0,0,0,87000,34000,53000,53000
051409,美律國票96購01  ,0,0,0,0,0,0,0,0,0,53000,0,0,0,91000,38000,53000,53000
051645,光寶科永豐95購01,0,0,0,0,0,0,0,0,0,53000,0,0,0,68000,15000,53000,53000
051604,喬山群益95購01  ,0,0,0,0,0,0,0,0,0,53000,0,0,0,53000,0,53000,53000
053099,正崴元富96購01  ,0,0,0,0,0,0,0,0,0,53000,0,0,0,53000,0,53000,53000
053391,嘉聯益元大99購01,0,0,0,0,0,0,0,0,0,53000,0,0,0,58000,5000,53000,53000
05952P,台積電國票97售06,0,0,0,0,0,0,0,0,0,53000,0,0,0,53000,0,53000,53000
056412,上証2X中信9A購02,0,0,0,0,0,0,0,0,0,52000,0,0,0,52000,0,52000,52000
055994,聯發科國泰99購02,0,0,0,0,0,0,0,0,0,52000,0,0,0,161000,109000,52000,52000
056177,嘉澤元富97購01  ,0,0,0,0,0,0,0,0,0,52000,0,0,0,54000,2000,52000,52000
055606,矽創元大97購01  ,0,0,0,0,0,0,0,0,0,52000,0,0,0,52000,0,52000,52000
055044,信錦永豐97購01  ,0,0,0,0,0,0,0,0,0,52000,0,0,0,52000,0,52000,52000
054865,可成群益97購01  ,0,0,0,0,0,0,0,0,0,52000,0,0,0,73000,21000,52000,52000
054541,康控國票98購01  ,0,0,0,0,0,0,0,0,0,52000,0,0,0,92000,40000,52000,52000
054213,欣興國票97購04  ,0,0,0,0,0,0,0,0,0,52000,0,0,0,52000,0,52000,52000
044188,超眾國泰93購01  ,0,0,0,0,0,0,0,0,0,52000,0,0,0,67000,15000,52000,52000
04276P,聯發科凱基93售33,0,0,0,0,0,0,0,0,0,52000,0,0,0,82000,30000,52000,52000
045410,華邦電群益94購01,0,0,0,0,0,0,0,0,0,52000,0,0,0,204000,152000,52000,52000
04863P,技嘉元大94售02  ,0,0,0,0,0,0,0,0,0,52000,0,0,0,52000,0,52000,52000
048865,世紀鋼群益94購01,0,0,0,0,0,0,0,0,0,52000,0,0,0,52000,0,52000,52000
048768,景碩凱基94購02  ,0,0,0,0,0,0,0,0,0,52000,0,0,0,102000,50000,52000,52000
049009,南亞科麥證94購01,0,0,0,80000,28000,52000,0,0,0,52000,0,0,0,80000,28000,52000,52000
053964,上銀元大96購05  ,0,0,0,0,0,0,0,0,0,52000,0,0,0,69000,17000,52000,52000
053324,康舒群益96購01  ,0,0,0,0,0,0,0,0,0,52000,0,0,0,52000,0,52000,52000
053361,友達元富99購01  ,0,0,0,0,0,0,0,0,0,52000,0,0,0,87000,35000,52000,52000
052959,聯電凱基97購01  ,0,0,0,0,0,0,0,0,0,52000,0,0,0,52000,0,52000,52000
052156,滬深2X永豐95購03,0,0,0,0,0,0,0,0,0,52000,0,0,0,52000,0,52000,52000
052029,矽力群益95購02  ,0,0,0,0,0,0,0,0,0,52000,0,0,0,53000,1000,52000,52000
052094,瀚宇博元大96購02,0,0,0,0,0,0,0,0,0,52000,0,0,0,52000,0,52000,52000
06154P,超眾元大98售01  ,0,0,0,0,0,0,0,0,0,52000,0,0,0,117000,65000,52000,52000
055438,鴻海國票98購01  ,0,0,0,0,0,0,0,0,0,51000,0,0,0,56000,5000,51000,51000
048132,冠德國票94購01  ,0,0,0,0,0,0,0,0,0,51000,0,0,0,51000,0,51000,51000
047893,嘉聯益兆豐94購01,0,0,0,0,0,0,0,0,0,51000,0,0,0,51000,0,51000,51000
047845,美利達元大93購02,0,0,0,0,0,0,0,0,0,51000,0,0,0,51000,0,51000,51000
049164,滬深2X日盛94購01,0,0,0,0,0,0,0,0,0,51000,0,0,0,56000,5000,51000,51000
050598,友達麥證94購01  ,0,0,0,51000,0,51000,0,0,0,51000,0,0,0,51000,0,51000,51000
052180,緯穎元大96購05  ,0,0,0,0,0,0,0,0,0,51000,0,0,0,145000,94000,51000,51000
051507,彩晶元富95購01  ,0,0,0,0,0,0,0,0,0,51000,0,0,0,61000,10000,51000,51000
051826,智邦元大95購03  ,0,0,0,0,0,0,0,0,0,51000,0,0,0,57000,6000,51000,51000
053031,華新科第一96購01,0,0,0,0,0,0,0,0,0,51000,0,0,0,59000,8000,51000,51000
052876,GIS凱基96購03   ,0,0,0,0,0,0,0,0,0,51000,0,0,0,68000,17000,51000,51000
052824,揚明光永豐96購02,0,0,0,0,0,0,0,0,0,51000,0,0,0,126000,75000,51000,51000
052847,漢唐統一99購01  ,0,0,0,0,0,0,0,0,0,51000,0,0,0,51000,0,51000,51000
053183,大立光元富96購03,0,0,0,0,0,0,0,0,0,51000,0,0,0,113000,62000,51000,51000
053962,聯茂永豐96購01  ,0,0,0,0,0,0,0,0,0,51000,0,0,0,89000,38000,51000,51000
053787,健策元大97購02  ,0,0,0,0,0,0,0,0,0,51000,0,0,0,276000,225000,51000,51000
06030P,友達兆豐96售02  ,0,0,0,0,0,0,0,0,0,51000,0,0,0,61000,10000,51000,51000
05708P,奇力新國票97售04,0,0,0,0,0,0,0,0,0,51000,0,0,0,51000,0,51000,51000
055556,奇力新凱基98購03,0,0,0,0,0,0,0,0,0,50000,0,0,0,80000,30000,50000,50000
055596,新光金元大9B購02,0,0,0,0,0,0,0,0,0,50000,0,0,0,50000,0,50000,50000
055601,茂林元大97購03  ,0,0,0,0,0,0,0,0,0,50000,0,0,0,52000,2000,50000,50000
055847,大立光元大97購10,0,0,0,0,0,0,0,0,0,50000,0,0,0,50000,0,50000,50000
056168,鴻海元富97購07  ,0,0,0,0,0,0,0,0,0,50000,0,0,0,50000,0,50000,50000
056210,矽創永豐97購02  ,0,0,0,0,0,0,0,0,0,50000,0,0,0,50000,0,50000,50000
05416P,喬山永豐95售04  ,0,0,0,0,0,0,0,0,0,50000,0,0,0,60000,10000,50000,50000
054357,可成兆豐97購02  ,0,0,0,0,0,0,0,0,0,50000,0,0,0,53000,3000,50000,50000
045418,上銀凱基92購01  ,0,0,0,0,0,0,0,0,0,50000,0,0,0,50000,0,50000,50000
046954,同欣電國票93購01,0,0,0,0,0,0,0,0,0,50000,0,0,0,50000,0,50000,50000
046205,明基材凱基93購01,0,0,0,0,0,0,0,0,0,50000,0,0,0,50000,0,50000,50000
045760,鴻海統一93購02  ,0,0,0,0,0,0,0,0,0,50000,0,0,0,50000,0,50000,50000
046378,聯發科凱基92購04,0,0,0,0,0,0,0,0,0,50000,0,0,0,50000,0,50000,50000
050396,欣興元富94購02  ,0,0,0,0,0,0,0,0,0,50000,0,0,0,550000,500000,50000,50000
050358,致新群益94購01  ,0,0,0,0,0,0,0,0,0,50000,0,0,0,50000,0,50000,50000
050118,臻鼎元大94購01  ,0,0,0,0,0,0,0,0,0,50000,0,0,0,50000,0,50000,50000
050120,GIS元大95購02   ,0,0,0,0,0,0,0,0,0,50000,0,0,0,50000,0,50000,50000
045543,百和群益94購01  ,0,0,0,0,0,0,0,0,0,50000,0,0,0,50000,0,50000,50000
042796,永冠元大93購01  ,0,0,0,0,0,0,0,0,0,50000,0,0,0,50000,0,50000,50000
047523,瑞昱元大93購09  ,0,0,0,0,0,0,0,0,0,50000,0,0,0,52000,2000,50000,50000
04413P,玉晶光元富94售01,0,0,0,0,0,0,0,0,0,50000,0,0,0,50000,0,50000,50000
044124,燿華凱基93購01  ,0,0,0,0,0,0,0,0,0,50000,0,0,0,50000,0,50000,50000
043764,康友元大92購03  ,0,0,0,0,0,0,0,0,0,50000,0,0,0,50000,0,50000,50000
043757,欣興元大93購01  ,0,0,0,0,0,0,0,0,0,50000,0,0,0,56000,6000,50000,50000
044221,群創凱基93購03  ,0,0,0,0,0,0,0,0,0,50000,0,0,0,60000,10000,50000,50000
041870,A50正2凱基96購01,0,0,0,0,0,0,0,0,0,50000,0,0,0,50000,0,50000,50000
043391,康控元大94購01  ,0,0,0,0,0,0,0,0,0,50000,0,0,0,120000,70000,50000,50000
044770,漢唐元大93購02  ,0,0,0,0,0,0,0,0,0,50000,0,0,0,50000,0,50000,50000
03189P,玉晶光元大03售05,0,0,0,0,0,0,0,0,0,50000,0,0,0,110000,60000,50000,50000
040721,大立光富邦92購01,0,0,0,0,0,0,0,0,0,50000,0,0,0,50000,0,50000,50000
03580P,玉晶光永豐02售06,0,0,0,0,0,0,0,0,0,50000,0,0,0,50000,0,50000,50000
03811P,鴻海群益93售06  ,0,0,0,0,0,0,0,0,0,50000,0,0,0,150000,100000,50000,50000
049313,晶技凱基94購01  ,0,0,0,0,0,0,0,0,0,50000,0,0,0,50000,0,50000,50000
049133,為升元大94購02  ,0,0,0,0,0,0,0,0,0,50000,0,0,0,50000,0,50000,50000
049562,和大統一94購01  ,0,0,0,0,0,0,0,0,0,50000,0,0,0,50000,0,50000,50000
048331,臺指反富邦97購01,0,0,0,0,0,0,0,0,0,50000,0,0,0,100000,50000,50000,50000
050585,矽格國票94購01  ,0,0,0,0,0,0,0,0,0,50000,0,0,0,50000,0,50000,50000
048508,元上證凱基94購02,0,0,0,0,0,0,0,0,0,50000,0,0,0,50000,0,50000,50000
050571,美食中信95購01  ,0,0,0,0,0,0,0,0,0,50000,0,0,0,50000,0,50000,50000
047817,聯茂凱基93購08  ,0,0,0,0,0,0,0,0,0,50000,0,0,0,50000,0,50000,50000
048328,滬深2X永昌94購01,0,0,0,0,0,0,0,0,0,50000,0,0,0,50000,0,50000,50000
050804,和大日盛95購01  ,0,0,0,0,0,0,0,0,0,50000,0,0,0,99000,49000,50000,50000
050814,微星凱基95購01  ,0,0,0,0,0,0,0,0,0,50000,0,0,0,50000,0,50000,50000
049377,聯詠元大94購01  ,0,0,0,0,0,0,0,0,0,50000,0,0,0,50000,0,50000,50000
050023,國巨元大94購12  ,0,0,0,0,0,0,0,0,0,50000,0,0,0,69000,19000,50000,50000
050141,國巨統一94購07  ,0,0,0,0,0,0,0,0,0,50000,0,0,0,75000,25000,50000,50000
049777,華新科統一94購06,0,0,0,0,0,0,0,0,0,50000,0,0,0,50000,0,50000,50000
048038,樺漢凱基93購03  ,0,0,0,0,0,0,0,0,0,50000,0,0,0,50000,0,50000,50000
048933,晶豪科永豐94購01,0,0,0,0,0,0,0,0,0,50000,0,0,0,108000,58000,50000,50000
051078,力山富邦97購01  ,0,0,0,0,0,0,0,0,0,50000,0,0,0,90000,40000,50000,50000
051162,楠梓電元大95購01,0,0,0,0,0,0,0,0,0,50000,0,0,0,50000,0,50000,50000
053760,牧德國泰98購01  ,0,0,0,0,0,0,0,0,0,50000,0,0,0,90000,40000,50000,50000
053475,華新科元大96購05,0,0,0,0,0,0,0,0,0,50000,0,0,0,61000,11000,50000,50000
053158,茂林元大96購01  ,0,0,0,0,0,0,0,0,0,50000,0,0,0,50000,0,50000,50000
053372,元油反元大98購01,0,0,0,0,0,0,0,0,0,50000,0,0,0,50000,0,50000,50000
052966,光磊群益96購01  ,0,0,0,0,0,0,0,0,0,50000,0,0,0,158000,108000,50000,50000
052980,上銀元大96購03  ,0,0,0,0,0,0,0,0,0,50000,0,0,0,87000,37000,50000,50000
052900,大成鋼國票97購01,0,0,0,0,0,0,0,0,0,50000,0,0,0,50000,0,50000,50000
051936,力山群益95購02  ,0,0,0,0,0,0,0,0,0,50000,0,0,0,50000,0,50000,50000
05157P,全新台新96售01  ,0,0,0,0,0,0,0,0,0,50000,0,0,0,50000,0,50000,50000
051420,康控國票95購05  ,0,0,0,0,0,0,0,0,0,50000,0,0,0,60000,10000,50000,50000
051433,中磊元富95購01  ,0,0,0,0,0,0,0,0,0,50000,0,0,0,72000,22000,50000,50000
05145P,道瓊反元大98售01,0,0,0,0,0,0,0,0,0,50000,0,0,0,50000,0,50000,50000
051296,鴻海凱基97購01  ,0,0,0,0,0,0,0,0,0,50000,0,0,0,170000,120000,50000,50000
051297,台積電凱基95購07,0,0,0,0,0,0,0,0,0,50000,0,0,0,734000,684000,50000,50000
051307,康舒凱基95購01  ,0,0,0,0,0,0,0,0,0,50000,0,0,0,50000,0,50000,50000
052169,鴻海元大97購02  ,0,0,0,0,0,0,0,0,0,50000,0,0,0,50000,0,50000,50000
052365,聯詠國票95購02  ,0,0,0,0,0,0,0,0,0,50000,0,0,0,50000,0,50000,50000
052354,健策群益96購02  ,0,0,0,0,0,0,0,0,0,50000,0,0,0,61000,11000,50000,50000
052333,嘉聯益兆豐96購01,0,0,0,0,0,0,0,0,0,50000,0,0,0,50000,0,50000,50000
052554,正崴國票97購01  ,0,0,0,0,0,0,0,0,0,50000,0,0,0,50000,0,50000,50000
052556,聯發科國票97購01,0,0,0,0,0,0,0,0,0,50000,0,0,0,50000,0,50000,50000
05920P,力成元大96售04  ,0,0,0,0,0,0,0,0,0,50000,0,0,0,100000,50000,50000,50000
054162,光罩凱基98購01  ,0,0,0,0,0,0,0,0,0,49000,0,0,0,49000,0,49000,49000
054833,京鼎中信97購01  ,0,0,0,0,0,0,0,0,0,49000,0,0,0,100000,51000,49000,49000
055029,帆宣國泰99購01  ,0,0,0,0,0,0,0,0,0,49000,0,0,0,49000,0,49000,49000
055831,台達電元大97購01,0,0,0,0,0,0,0,0,0,49000,0,0,0,204000,155000,49000,49000
055714,智邦元大97購03  ,0,0,0,0,0,0,0,0,0,49000,0,0,0,100000,51000,49000,49000
055582,亞德客元大97購01,0,0,0,0,0,0,0,0,0,49000,0,0,0,187000,138000,49000,49000
055507,樺漢元大98購02  ,0,0,0,0,0,0,0,0,0,49000,0,0,0,153000,104000,49000,49000
055331,國巨兆豐99購01  ,0,0,0,0,0,0,0,0,0,49000,0,0,0,49000,0,49000,49000
03798P,台光電元大93售02,0,0,0,0,0,0,0,0,0,49000,0,0,0,49000,0,49000,49000
046792,京元電元富96購01,0,0,0,0,0,0,0,0,0,49000,0,0,0,114000,65000,49000,49000
050828,康控凱基95購01  ,0,0,0,0,0,0,0,0,0,49000,0,0,0,49000,0,49000,49000
048026,瑞昱凱基94購01  ,0,0,0,0,0,0,0,0,0,49000,0,0,0,55000,6000,49000,49000
048123,大立光元大93購27,0,0,0,0,0,0,0,0,0,49000,0,0,0,49000,0,49000,49000
049479,矽格永豐94購01  ,0,0,0,0,0,0,0,0,0,49000,0,0,0,49000,0,49000,49000
049297,日電貿群益95購01,0,0,0,0,0,0,0,0,0,49000,0,0,0,60000,11000,49000,49000
052476,台光電群益98購01,0,0,0,0,0,0,0,0,0,49000,0,0,0,175000,126000,49000,49000
052252,大立光永豐95購03,0,0,0,0,0,0,0,0,0,49000,0,0,0,62000,13000,49000,49000
051290,大立光統一96購02,0,0,0,0,0,0,0,0,0,49000,0,0,0,85000,36000,49000,49000
051429,智邦元富95購01  ,0,0,0,0,0,0,0,0,0,49000,0,0,0,681000,632000,49000,49000
051782,昇陽半群益95購01,0,0,0,0,0,0,0,0,0,49000,0,0,0,49000,0,49000,49000
052803,冠德元大96購01  ,0,0,0,0,0,0,0,0,0,49000,0,0,0,49000,0,49000,49000
053206,聯發科麥證96購02,0,0,0,79000,30000,49000,0,0,0,49000,0,0,0,79000,30000,49000,49000
053091,同欣電元大96購01,0,0,0,0,0,0,0,0,0,49000,0,0,0,77000,28000,49000,49000
06055P,華通凱基97售04  ,0,0,0,0,0,0,0,0,0,49000,0,0,0,49000,0,49000,49000
5269,祥碩            ,262000,225400,36600,0,0,0,46000,47000,-1000,13000,12000,21000,-9000,28000,6000,22000,48600
055435,佳世達中信99購01,0,0,0,0,0,0,0,0,0,48000,0,0,0,182000,134000,48000,48000
055531,華新科群益98購03,0,0,0,0,0,0,0,0,0,48000,0,0,0,58000,10000,48000,48000
055745,臻鼎元富97購01  ,0,0,0,0,0,0,0,0,0,48000,0,0,0,50000,2000,48000,48000
055862,矽力元大97購04  ,0,0,0,0,0,0,0,0,0,48000,0,0,0,63000,15000,48000,48000
055906,大立光兆豐97購03,0,0,0,0,0,0,0,0,0,48000,0,0,0,81000,33000,48000,48000
055823,臺股指國票97購10,0,0,0,0,0,0,0,0,0,48000,0,0,0,50000,2000,48000,48000
056047,台積電兆豐97購02,0,0,0,0,0,0,0,0,0,48000,0,0,0,49000,1000,48000,48000
055971,矽力元大97購05  ,0,0,0,0,0,0,0,0,0,48000,0,0,0,91000,43000,48000,48000
054705,欣興亞東97購01  ,0,0,0,0,0,0,0,0,0,48000,0,0,0,48000,0,48000,48000
054887,大毅統一98購01  ,0,0,0,0,0,0,0,0,0,48000,0,0,0,58000,10000,48000,48000
054878,和大統一97購02  ,0,0,0,0,0,0,0,0,0,48000,0,0,0,96000,48000,48000,48000
054952,大毅元大97購02  ,0,0,0,0,0,0,0,0,0,48000,0,0,0,255000,207000,48000,48000
054396,日電貿永豐96購02,0,0,0,0,0,0,0,0,0,48000,0,0,0,48000,0,48000,48000
054487,京元電台新97購01,0,0,0,0,0,0,0,0,0,48000,0,0,0,48000,0,48000,48000
050451,嘉晶元大95購01  ,0,0,0,0,0,0,0,0,0,48000,0,0,0,360000,312000,48000,48000
049272,世紀鋼元大96購02,0,0,0,0,0,0,0,0,0,48000,0,0,0,100000,52000,48000,48000
049189,訊芯康和94購01  ,0,0,0,0,0,0,0,0,0,48000,0,0,0,48000,0,48000,48000
049171,台達電凱基94購03,0,0,0,0,0,0,0,0,0,48000,0,0,0,68000,20000,48000,48000
048980,嘉澤元大94購02  ,0,0,0,0,0,0,0,0,0,48000,0,0,0,77000,29000,48000,48000
050883,嘉聯益國泰96購01,0,0,0,0,0,0,0,0,0,48000,0,0,0,48000,0,48000,48000
049724,南電第一94購01  ,0,0,0,0,0,0,0,0,0,48000,0,0,0,48000,0,48000,48000
053036,聯電凱基98購01  ,0,0,0,0,0,0,0,0,0,48000,0,0,0,57000,9000,48000,48000
053933,大立光統一96購06,0,0,0,0,0,0,0,0,0,48000,0,0,0,48000,0,48000,48000
052392,台表科群益96購02,0,0,0,0,0,0,0,0,0,48000,0,0,0,98000,50000,48000,48000
6552,易華電          ,235000,166000,69000,0,0,0,0,0,0,-21000,0,0,0,0,21000,-21000,48000
054378,楠梓電群益98購01,0,0,0,0,0,0,0,0,0,47000,0,0,0,166000,119000,47000,47000
054167,揚明光凱基98購01,0,0,0,0,0,0,0,0,0,47000,0,0,0,52000,5000,47000,47000
05426P,聯發科凱基95售12,0,0,0,0,0,0,0,0,0,47000,0,0,0,60000,13000,47000,47000
055956,瑞昱元大97購05  ,0,0,0,0,0,0,0,0,0,47000,0,0,0,59000,12000,47000,47000
055640,鴻海元富97購03  ,0,0,0,0,0,0,0,0,0,47000,0,0,0,107000,60000,47000,47000
050483,樺漢國票94購01  ,0,0,0,0,0,0,0,0,0,47000,0,0,0,47000,0,47000,47000
047206,元金2X國泰94購01,0,0,0,0,0,0,0,0,0,47000,0,0,0,83000,36000,47000,47000
042752,台灣50元大96購03,0,0,0,0,0,0,0,0,0,47000,0,0,0,93000,46000,47000,47000
043048,金寶國泰93購01  ,0,0,0,0,0,0,0,0,0,47000,0,0,0,74000,27000,47000,47000
050855,華通台新95購01  ,0,0,0,0,0,0,0,0,0,47000,0,0,0,127000,80000,47000,47000
048654,滬深2X元富93購05,0,0,0,0,0,0,0,0,0,47000,0,0,0,47000,0,47000,47000
052452,茂林元大95購03  ,0,0,0,0,0,0,0,0,0,47000,0,0,0,63000,16000,47000,47000
051838,國巨國泰97購01  ,0,0,0,0,0,0,0,0,0,47000,0,0,0,47000,0,47000,47000
051707,欣興群益95購02  ,0,0,0,0,0,0,0,0,0,47000,0,0,0,108000,61000,47000,47000
051572,上銀元大95購01  ,0,0,0,0,0,0,0,0,0,47000,0,0,0,57000,10000,47000,47000
051541,GIS國票96購02   ,0,0,0,0,0,0,0,0,0,47000,0,0,0,57000,10000,47000,47000
052816,上銀永豐96購01  ,0,0,0,0,0,0,0,0,0,47000,0,0,0,169000,122000,47000,47000
053111,緯創兆豐97購01  ,0,0,0,0,0,0,0,0,0,47000,0,0,0,77000,30000,47000,47000
055836,華邦電元大97購04,0,0,0,0,0,0,0,0,0,46000,0,0,0,100000,54000,46000,46000
055473,禾伸堂凱基97購01,0,0,0,0,0,0,0,0,0,46000,0,0,0,46000,0,46000,46000
054262,瀚宇博元大96購03,0,0,0,0,0,0,0,0,0,46000,0,0,0,273000,227000,46000,46000
055093,京鼎群益98購01  ,0,0,0,0,0,0,0,0,0,46000,0,0,0,46000,0,46000,46000
050447,廣達元大94購01  ,0,0,0,0,0,0,0,0,0,46000,0,0,0,50000,4000,46000,46000
050233,香港2X凱基96購01,0,0,0,0,0,0,0,0,0,46000,0,0,0,106000,60000,46000,46000
046958,鴻海中信93購01  ,0,0,0,0,0,0,0,0,0,46000,0,0,0,48000,2000,46000,46000
049437,可成國泰96購01  ,0,0,0,0,0,0,0,0,0,46000,0,0,0,132000,86000,46000,46000
048705,GIS國票95購01   ,0,0,0,0,0,0,0,0,0,46000,0,0,0,154000,108000,46000,46000
051261,鴻海永昌96購05  ,0,0,0,0,0,0,0,0,0,46000,0,0,0,61000,15000,46000,46000
051019,大立光凱基95購08,0,0,0,0,0,0,0,0,0,46000,0,0,0,46000,0,46000,46000
05014P,臺股指元大95售05,0,0,0,0,0,0,0,0,0,46000,0,0,0,56000,10000,46000,46000
053639,禾伸堂永豐96購01,0,0,0,0,0,0,0,0,0,46000,0,0,0,137000,91000,46000,46000
053661,嘉澤凱基97購01  ,0,0,0,0,0,0,0,0,0,46000,0,0,0,46000,0,46000,46000
051578,智邦元大96購01  ,0,0,0,0,0,0,0,0,0,46000,0,0,0,242000,196000,46000,46000
051602,南茂兆豐96購01  ,0,0,0,0,0,0,0,0,0,46000,0,0,0,46000,0,46000,46000
051461,聯詠國泰96購01  ,0,0,0,0,0,0,0,0,0,46000,0,0,0,110000,64000,46000,46000
2419,仲琦            ,279000,227000,52000,0,0,0,0,0,0,-6000,0,6000,-6000,0,0,0,46000
3008,大立光          ,483844,335140,148704,0,0,0,0,1000,-1000,-102000,0,57000,-57000,0,45000,-45000,45704
054874,帆宣群益99購02  ,0,0,0,0,0,0,0,0,0,45000,0,0,0,45000,0,45000,45000
054858,台肥群益97購01  ,0,0,0,0,0,0,0,0,0,45000,0,0,0,174000,129000,45000,45000
054293,健策元大98購02  ,0,0,0,0,0,0,0,0,0,45000,0,0,0,52000,7000,45000,45000
054195,亞泥國泰98購01  ,0,0,0,0,0,0,0,0,0,45000,0,0,0,55000,10000,45000,45000
054439,健策台新96購03  ,0,0,0,0,0,0,0,0,0,45000,0,0,0,45000,0,45000,45000
054555,欣興凱基98購01  ,0,0,0,0,0,0,0,0,0,45000,0,0,0,64000,19000,45000,45000
055530,聯發科群益98購01,0,0,0,0,0,0,0,0,0,45000,0,0,0,98000,53000,45000,45000
055830,上銀元大97購07  ,0,0,0,0,0,0,0,0,0,45000,0,0,0,116000,71000,45000,45000
056032,勤誠康和97購03  ,0,0,0,0,0,0,0,0,0,45000,0,0,0,255000,210000,45000,45000
056097,訊芯元富97購02  ,0,0,0,0,0,0,0,0,0,45000,0,0,0,45000,0,45000,45000
056346,聯茂凱基99購02  ,0,0,0,0,0,0,0,0,0,45000,0,0,0,45000,0,45000,45000
045296,台積電元大93購03,0,0,0,0,0,0,0,0,0,45000,0,0,0,50000,5000,45000,45000
044340,TPK統一93購01   ,0,0,0,0,0,0,0,0,0,45000,0,0,0,45000,0,45000,45000
03304P,欣興元富02售02  ,0,0,0,0,0,0,0,0,0,45000,0,0,0,55000,10000,45000,45000
044736,聯發科國泰93購01,0,0,0,0,0,0,0,0,0,45000,0,0,0,90000,45000,45000,45000
044578,緯創凱基93購02  ,0,0,0,0,0,0,0,0,0,45000,0,0,0,45000,0,45000,45000
047916,台積電凱基93購22,0,0,0,0,0,0,0,0,0,45000,0,0,0,45000,0,45000,45000
049704,羅麗芬元大95購01,0,0,0,0,0,0,0,0,0,45000,0,0,0,45000,0,45000,45000
050978,鴻海元富95購03  ,0,0,0,0,0,0,0,0,0,45000,0,0,0,90000,45000,45000,45000
051135,建準永豐95購01  ,0,0,0,0,0,0,0,0,0,45000,0,0,0,45000,0,45000,45000
049561,道瓊銀統一96購01,0,0,0,0,0,0,0,0,0,45000,0,0,0,45000,0,45000,45000
049596,智伸科元大95購01,0,0,0,0,0,0,0,0,0,45000,0,0,0,45000,0,45000,45000
048546,廣越永豐93購01  ,0,0,0,0,0,0,0,0,0,45000,0,0,0,45000,0,45000,45000
05130P,聯發科統一95售03,0,0,0,0,0,0,0,0,0,45000,0,0,0,45000,0,45000,45000
051497,中磊亞東96購01  ,0,0,0,0,0,0,0,0,0,45000,0,0,0,45000,0,45000,45000
052010,兆豐金中信95購01,0,0,0,0,0,0,0,0,0,45000,0,0,0,55000,10000,45000,45000
052646,淘帝永豐96購01  ,0,0,0,0,0,0,0,0,0,45000,0,0,0,45000,0,45000,45000
052567,台積電凱基96購05,0,0,0,0,0,0,0,0,0,45000,0,0,0,45000,0,45000,45000
053681,臺股指富邦96購02,0,0,0,0,0,0,0,0,0,45000,0,0,0,50000,5000,45000,45000
053459,康控國泰97購01  ,0,0,0,0,0,0,0,0,0,45000,0,0,0,85000,40000,45000,45000
053097,超眾統一96購03  ,0,0,0,0,0,0,0,0,0,45000,0,0,0,75000,30000,45000,45000
054517,高鐵元大96購01  ,0,0,0,0,0,0,0,0,0,44000,0,0,0,94000,50000,44000,44000
055046,上銀永豐97購01  ,0,0,0,0,0,0,0,0,0,44000,0,0,0,168000,124000,44000,44000
044509,台光電凱基93購03,0,0,0,0,0,0,0,0,0,44000,0,0,0,44000,0,44000,44000
04228P,貿聯永豐93售03  ,0,0,0,0,0,0,0,0,0,44000,0,0,0,44000,0,44000,44000
046339,訊芯中信92購01  ,0,0,0,0,0,0,0,0,0,44000,0,0,0,44000,0,44000,44000
04536P,長榮航統一94售01,0,0,0,0,0,0,0,0,0,44000,0,0,0,50000,6000,44000,44000
046668,嘉澤元大93購01  ,0,0,0,0,0,0,0,0,0,44000,0,0,0,46000,2000,44000,44000
046365,禾伸堂永豐92購02,0,0,0,0,0,0,0,0,0,44000,0,0,0,84000,40000,44000,44000
046476,鴻海統一96購01  ,0,0,0,0,0,0,0,0,0,44000,0,0,0,227000,183000,44000,44000
051242,台積電元大96購06,0,0,0,0,0,0,0,0,0,44000,0,0,0,825000,781000,44000,44000
051001,緯穎元大96購02  ,0,0,0,0,0,0,0,0,0,44000,0,0,0,226000,182000,44000,44000
047930,嘉澤凱基93購03  ,0,0,0,0,0,0,0,0,0,44000,0,0,0,65000,21000,44000,44000
048892,台郡元富97購01  ,0,0,0,0,0,0,0,0,0,44000,0,0,0,44000,0,44000,44000
049894,嘉聯益富邦98購01,0,0,0,0,0,0,0,0,0,44000,0,0,0,46000,2000,44000,44000
053066,欣興群益96購02  ,0,0,0,0,0,0,0,0,0,44000,0,0,0,44000,0,44000,44000
052970,美律群益96購01  ,0,0,0,0,0,0,0,0,0,44000,0,0,0,141000,97000,44000,44000
053385,聯詠元大96購02  ,0,0,0,0,0,0,0,0,0,44000,0,0,0,135000,91000,44000,44000
053819,大立光群益96購04,0,0,0,0,0,0,0,0,0,44000,0,0,0,44000,0,44000,44000
051854,鴻海麥證95購04  ,0,0,0,44000,0,44000,0,0,0,44000,0,0,0,44000,0,44000,44000
051643,瑞昱康和95購01  ,0,0,0,0,0,0,0,0,0,44000,0,0,0,44000,0,44000,44000
06473P,鴻海元大99售03  ,0,0,0,0,0,0,0,0,0,44000,0,0,0,60000,16000,44000,44000
054910,信錦凱基97購01  ,0,0,0,0,0,0,0,0,0,43000,0,0,0,43000,0,43000,43000
054826,復盛元大9A購01  ,0,0,0,0,0,0,0,0,0,43000,0,0,0,49000,6000,43000,43000
054590,嘉聯益國泰98購01,0,0,0,0,0,0,0,0,0,43000,0,0,0,53000,10000,43000,43000
054320,國喬台新96購01  ,0,0,0,0,0,0,0,0,0,43000,0,0,0,44000,1000,43000,43000
056291,聯茂永豐97購03  ,0,0,0,0,0,0,0,0,0,43000,0,0,0,78000,35000,43000,43000
056147,鴻海日盛97購05  ,0,0,0,0,0,0,0,0,0,43000,0,0,0,253000,210000,43000,43000
056150,台光電凱基98購02,0,0,0,0,0,0,0,0,0,43000,0,0,0,43000,0,43000,43000
055957,瑞昱元大97購06  ,0,0,0,0,0,0,0,0,0,43000,0,0,0,43000,0,43000,43000
055882,嘉聯益元富97購01,0,0,0,0,0,0,0,0,0,43000,0,0,0,43000,0,43000,43000
05532P,臺股指群益96售05,0,0,0,0,0,0,0,0,0,43000,0,0,0,305000,262000,43000,43000
045070,全新元大93購02  ,0,0,0,0,0,0,0,0,0,43000,0,0,0,43000,0,43000,43000
046642,南電永豐93購01  ,0,0,0,0,0,0,0,0,0,43000,0,0,0,63000,20000,43000,43000
046588,大立光元大93購13,0,0,0,0,0,0,0,0,0,43000,0,0,0,43000,0,43000,43000
046791,台郡統一96購01  ,0,0,0,0,0,0,0,0,0,43000,0,0,0,73000,30000,43000,43000
046923,友達國泰94購01  ,0,0,0,0,0,0,0,0,0,43000,0,0,0,43000,0,43000,43000
045312,矽創元大93購02  ,0,0,0,0,0,0,0,0,0,43000,0,0,0,43000,0,43000,43000
050471,國泰金台新94購01,0,0,0,0,0,0,0,0,0,43000,0,0,0,43000,0,43000,43000
047242,上銀群益93購04  ,0,0,0,0,0,0,0,0,0,43000,0,0,0,53000,10000,43000,43000
04422P,玉晶光永豐94售03,0,0,0,0,0,0,0,0,0,43000,0,0,0,215000,172000,43000,43000
03686P,大立光統一98售02,0,0,0,0,0,0,0,0,0,43000,0,0,0,133000,90000,43000,43000
03833P,台光電群益93售01,0,0,0,0,0,0,0,0,0,43000,0,0,0,43000,0,43000,43000
048165,嘉澤康和93購01  ,0,0,0,0,0,0,0,0,0,43000,0,0,0,53000,10000,43000,43000
048558,漢唐元大93購06  ,0,0,0,0,0,0,0,0,0,43000,0,0,0,58000,15000,43000,43000
047689,瑞昱富邦97購01  ,0,0,0,0,0,0,0,0,0,43000,0,0,0,119000,76000,43000,43000
048699,嘉晶國票95購01  ,0,0,0,0,0,0,0,0,0,43000,0,0,0,49000,6000,43000,43000
051481,聯詠凱基95購02  ,0,0,0,0,0,0,0,0,0,43000,0,0,0,73000,30000,43000,43000
051365,瀚宇博國泰97購01,0,0,0,0,0,0,0,0,0,43000,0,0,0,53000,10000,43000,43000
053737,華新科麥證96購01,0,0,0,133000,90000,43000,0,0,0,43000,0,0,0,133000,90000,43000,43000
052983,國巨元大96購07  ,0,0,0,0,0,0,0,0,0,43000,0,0,0,97000,54000,43000,43000
052939,富邦金兆豐96購01,0,0,0,0,0,0,0,0,0,43000,0,0,0,43000,0,43000,43000
053292,美律中信98購01  ,0,0,0,0,0,0,0,0,0,43000,0,0,0,137000,94000,43000,43000
05677P,玉晶光群益98售03,0,0,0,0,0,0,0,0,0,43000,0,0,0,113000,70000,43000,43000
4190,佐登-KY         ,202000,346000,-144000,0,0,0,191000,0,191000,-4000,3000,21000,-18000,15000,1000,14000,43000
6409,旭隼            ,118000,73000,45000,0,0,0,0,0,0,-2000,0,2000,-2000,0,0,0,43000
055365,華通元大97購03  ,0,0,0,0,0,0,0,0,0,42000,0,0,0,52000,10000,42000,42000
055378,晶相光元大97購02,0,0,0,0,0,0,0,0,0,42000,0,0,0,295000,253000,42000,42000
055562,欣興凱基97購06  ,0,0,0,0,0,0,0,0,0,42000,0,0,0,43000,1000,42000,42000
055985,聯鈞元富97購01  ,0,0,0,0,0,0,0,0,0,42000,0,0,0,117000,75000,42000,42000
056015,華通群益99購01  ,0,0,0,0,0,0,0,0,0,42000,0,0,0,42000,0,42000,42000
054971,帆宣元大97購02  ,0,0,0,0,0,0,0,0,0,42000,0,0,0,60000,18000,42000,42000
054992,南亞科元富97購02,0,0,0,0,0,0,0,0,0,42000,0,0,0,44000,2000,42000,42000
055164,矽創元大98購01  ,0,0,0,0,0,0,0,0,0,42000,0,0,0,50000,8000,42000,42000
047483,新光金凱基99購04,0,0,0,0,0,0,0,0,0,42000,0,0,0,210000,168000,42000,42000
046123,嘉澤元大92購02  ,0,0,0,0,0,0,0,0,0,42000,0,0,0,42000,0,42000,42000
046374,台積電凱基92購20,0,0,0,0,0,0,0,0,0,42000,0,0,0,42000,0,42000,42000
048453,嘉澤凱基93購05  ,0,0,0,0,0,0,0,0,0,42000,0,0,0,82000,40000,42000,42000
049115,創意統一94購03  ,0,0,0,0,0,0,0,0,0,42000,0,0,0,42000,0,42000,42000
048214,滬深2X凱基96購03,0,0,0,0,0,0,0,0,0,42000,0,0,0,42000,0,42000,42000
049977,瑞昱凱基94購03  ,0,0,0,0,0,0,0,0,0,42000,0,0,0,45000,3000,42000,42000
053081,上銀元大97購02  ,0,0,0,0,0,0,0,0,0,42000,0,0,0,60000,18000,42000,42000
052859,國巨凱基96購07  ,0,0,0,0,0,0,0,0,0,42000,0,0,0,63000,21000,42000,42000
053748,燿華永豐96購04  ,0,0,0,0,0,0,0,0,0,42000,0,0,0,42000,0,42000,42000
051788,奇力新國票97購02,0,0,0,0,0,0,0,0,0,42000,0,0,0,44000,2000,42000,42000
052450,嘉澤元大95購03  ,0,0,0,0,0,0,0,0,0,42000,0,0,0,74000,32000,42000,42000
055172,凱美統一97購02  ,0,0,0,0,0,0,0,0,0,41000,0,0,0,141000,100000,41000,41000
054838,京鼎第一97購01  ,0,0,0,0,0,0,0,0,0,41000,0,0,0,41000,0,41000,41000
054280,牧德群益98購01  ,0,0,0,0,0,0,0,0,0,41000,0,0,0,170000,129000,41000,41000
055943,瑞昱麥證97購01  ,0,0,0,61000,20000,41000,0,0,0,41000,0,0,0,61000,20000,41000,41000
055604,訊芯元大98購02  ,0,0,0,0,0,0,0,0,0,41000,0,0,0,256000,215000,41000,41000
045967,日電貿凱基92購01,0,0,0,0,0,0,0,0,0,41000,0,0,0,51000,10000,41000,41000
045362,A50正2兆豐93購02,0,0,0,0,0,0,0,0,0,41000,0,0,0,60000,19000,41000,41000
045453,上銀元大92購07  ,0,0,0,0,0,0,0,0,0,41000,0,0,0,41000,0,41000,41000
047015,上銀元大93購03  ,0,0,0,0,0,0,0,0,0,41000,0,0,0,41000,0,41000,41000
042481,嘉聯益統一92購01,0,0,0,0,0,0,0,0,0,41000,0,0,0,41000,0,41000,41000
044081,鴻海國票92購01  ,0,0,0,0,0,0,0,0,0,41000,0,0,0,41000,0,41000,41000
044478,友達統一93購01  ,0,0,0,0,0,0,0,0,0,41000,0,0,0,41000,0,41000,41000
048814,上銀凱基94購01  ,0,0,0,0,0,0,0,0,0,41000,0,0,0,42000,1000,41000,41000
049448,光磊統一94購01  ,0,0,0,0,0,0,0,0,0,41000,0,0,0,106000,65000,41000,41000
05004P,健策統一95售01  ,0,0,0,0,0,0,0,0,0,41000,0,0,0,149000,108000,41000,41000
050714,深中小群益98購01,0,0,0,0,0,0,0,0,0,41000,0,0,0,221000,180000,41000,41000
049157,矽創元大95購01  ,0,0,0,0,0,0,0,0,0,41000,0,0,0,41000,0,41000,41000
052256,台泥國泰96購01  ,0,0,0,0,0,0,0,0,0,41000,0,0,0,72000,31000,41000,41000
051708,創意群益95購02  ,0,0,0,0,0,0,0,0,0,41000,0,0,0,59000,18000,41000,41000
051910,大立光元大97購01,0,0,0,0,0,0,0,0,0,41000,0,0,0,41000,0,41000,41000
051486,玉晶光凱基97購03,0,0,0,0,0,0,0,0,0,41000,0,0,0,102000,61000,41000,41000
051567,台積電富邦95購06,16000,0,16000,0,0,0,0,0,0,25000,0,0,0,25000,0,25000,41000
053869,嘉澤元大96購02  ,0,0,0,0,0,0,0,0,0,41000,0,0,0,48000,7000,41000,41000
053680,臺股指富邦96購01,0,0,0,0,0,0,0,0,0,41000,0,0,0,41000,0,41000,41000
053216,京鼎凱基96購02  ,0,0,0,0,0,0,0,0,0,41000,0,0,0,100000,59000,41000,41000
053356,聯發科統一96購07,0,0,0,0,0,0,0,0,0,41000,0,0,0,130000,89000,41000,41000
06088P,建準永豐97售01  ,0,0,0,0,0,0,0,0,0,41000,0,0,0,41000,0,41000,41000
055665,亞德客群益97購01,0,30000,-30000,0,0,0,0,0,0,70000,0,0,0,70000,0,70000,40000
055865,臺股指元大97購02,0,0,0,0,0,0,0,0,0,40000,0,0,0,40000,0,40000,40000
055773,瑞昱凱基97購03  ,0,0,0,0,0,0,0,0,0,40000,0,0,0,42000,2000,40000,40000
055543,為升凱基97購01  ,0,0,0,0,0,0,0,0,0,40000,0,0,0,72000,32000,40000,40000
055468,智邦凱基97購04  ,0,0,0,0,0,0,0,0,0,40000,0,0,0,40000,0,40000,40000
055316,上銀國票98購01  ,0,0,0,0,0,0,0,0,0,40000,0,0,0,310000,270000,40000,40000
05602P,國巨元大96售06  ,0,0,0,0,0,0,0,0,0,40000,0,0,0,217000,177000,40000,40000
056157,聯詠凱基97購03  ,0,0,0,0,0,0,0,0,0,40000,0,0,0,40000,0,40000,40000
056217,A50正2中信99購02,0,0,0,0,0,0,0,0,0,40000,0,0,0,40000,0,40000,40000
056175,可成元富97購03  ,0,0,0,0,0,0,0,0,0,40000,0,0,0,50000,10000,40000,40000
05655P,南亞科統一96售01,0,0,0,0,0,0,0,0,0,40000,0,0,0,45000,5000,40000,40000
054112,台積電麥證96購02,0,0,0,110000,70000,40000,0,0,0,40000,0,0,0,110000,70000,40000,40000
054618,訊芯永豐97購01  ,0,0,0,0,0,0,0,0,0,40000,0,0,0,85000,45000,40000,40000
054479,緯創中信98購01  ,0,0,0,0,0,0,0,0,0,40000,0,0,0,40000,0,40000,40000
054379,光磊群益98購01  ,0,0,0,0,0,0,0,0,0,40000,0,0,0,138000,98000,40000,40000
054750,聯茂凱基98購02  ,0,0,0,0,0,0,0,0,0,40000,0,0,0,50000,10000,40000,40000
054733,鴻海凱基98購04  ,0,0,0,0,0,0,0,0,0,40000,0,0,0,70000,30000,40000,40000
055072,康友永豐97購02  ,0,0,0,0,0,0,0,0,0,40000,0,0,0,70000,30000,40000,40000
044508,微星凱基92購02  ,0,0,0,0,0,0,0,0,0,40000,0,0,0,41000,1000,40000,40000
044600,上銀國泰93購01  ,0,0,0,0,0,0,0,0,0,40000,0,0,0,40000,0,40000,40000
03528P,日月光凱基02售02,0,0,0,0,0,0,0,0,0,40000,0,0,0,40000,0,40000,40000
03641C,臺股指凱基95牛18,0,0,0,0,0,0,0,0,0,40000,0,0,0,60000,20000,40000,40000
03821P,上海銀統一95售01,0,0,0,0,0,0,0,0,0,40000,0,0,0,54000,14000,40000,40000
04366P,全新元富95售01  ,0,0,0,0,0,0,0,0,0,40000,0,0,0,50000,10000,40000,40000
043912,華新科凱基93購01,0,0,0,0,0,0,0,0,0,40000,0,0,0,80000,40000,40000,40000
043023,康普元大94購01  ,0,0,0,0,0,0,0,0,0,40000,0,0,0,40000,0,40000,40000
042317,台灣50永豐96購01,0,0,0,0,0,0,0,0,0,40000,0,0,0,142000,102000,40000,40000
04274P,滬深2X凱基94售01,0,0,0,0,0,0,0,0,0,40000,0,0,0,40000,0,40000,40000
047395,聯茂元大94購01  ,0,0,0,0,0,0,0,0,0,40000,0,0,0,40000,0,40000,40000
046353,聯發科群益92購04,0,0,0,0,0,0,0,0,0,40000,0,0,0,40000,0,40000,40000
047013,超眾元富96購01  ,0,0,0,0,0,0,0,0,0,40000,0,0,0,50000,10000,40000,40000
046970,聯詠群益93購01  ,0,0,0,0,0,0,0,0,0,40000,0,0,0,50000,10000,40000,40000
045501,國泰金凱基92購01,0,0,0,0,0,0,0,0,0,40000,0,0,0,40000,0,40000,40000
045512,訊芯凱基92購01  ,0,0,0,0,0,0,0,0,0,40000,0,0,0,40000,0,40000,40000
047313,華新科元大93購08,0,0,0,0,0,0,0,0,0,40000,0,0,0,43000,3000,40000,40000
047137,健策凱基94購01  ,0,0,0,0,0,0,0,0,0,40000,0,0,0,40000,0,40000,40000
050438,欣興凱基94購09  ,0,0,0,0,0,0,0,0,0,40000,0,0,0,60000,20000,40000,40000
045390,新唐元大92購01  ,0,0,0,0,0,0,0,0,0,40000,0,0,0,40000,0,40000,40000
046571,瑞昱國泰93購01  ,0,0,0,0,0,0,0,0,0,40000,0,0,0,40000,0,40000,40000
049140,台積電元大94購07,0,0,0,0,0,0,0,0,0,40000,0,0,0,121000,81000,40000,40000
04909P,鴻海統一94售10  ,0,0,0,0,0,0,0,0,0,40000,0,0,0,40000,0,40000,40000
048435,致新國票93購01  ,0,0,0,0,0,0,0,0,0,40000,0,0,0,40000,0,40000,40000
050050,國泰金群益94購02,0,0,0,0,0,0,0,0,0,40000,0,0,0,40000,0,40000,40000
048195,聯發科元大93購23,0,0,0,0,0,0,0,0,0,40000,0,0,0,40000,0,40000,40000
047768,大立光元大95購01,0,0,0,0,0,0,0,0,0,40000,0,0,0,40000,0,40000,40000
047949,燿華台新93購01  ,0,0,0,0,0,0,0,0,0,40000,0,0,0,40000,0,40000,40000
049965,矽創元富94購01  ,0,0,0,0,0,0,0,0,0,40000,0,0,0,50000,10000,40000,40000
049717,微星凱基94購01  ,0,0,0,0,0,0,0,0,0,40000,0,0,0,40000,0,40000,40000
049035,中環兆豐94購01  ,0,0,0,0,0,0,0,0,0,40000,0,0,0,40000,0,40000,40000
051009,緯創麥證95購01  ,0,0,0,80000,40000,40000,0,0,0,40000,0,0,0,80000,40000,40000,40000
051115,華通麥證96購01  ,0,0,0,45000,5000,40000,0,0,0,40000,0,0,0,45000,5000,40000,40000
053295,奇力新中信96購01,0,0,0,0,0,0,0,0,0,40000,0,0,0,81000,41000,40000,40000
053174,同欣電群益98購02,0,0,0,0,0,0,0,0,0,40000,0,0,0,98000,58000,40000,40000
052838,新唐國泰98購01  ,0,0,0,0,0,0,0,0,0,40000,0,0,0,40000,0,40000,40000
052732,新唐國泰97購01  ,0,0,0,0,0,0,0,0,0,40000,0,0,0,40000,0,40000,40000
052752,臺股指元大96購06,0,0,0,0,0,0,0,0,0,40000,0,0,0,50000,10000,40000,40000
053525,台積電中信96購04,0,0,0,0,0,0,0,0,0,40000,0,0,0,40000,0,40000,40000
053773,上銀元大96購04  ,0,0,0,0,0,0,0,0,0,40000,0,0,0,87000,47000,40000,40000
052319,可成元大95購12  ,0,0,0,0,0,0,0,0,0,40000,0,0,0,82000,42000,40000,40000
052310,聯電富邦95購01  ,0,0,0,0,0,0,0,0,0,40000,0,0,0,40000,0,40000,40000
052377,景碩元大96購02  ,0,0,0,0,0,0,0,0,0,40000,0,0,0,40000,0,40000,40000
052564,美食日盛96購01  ,0,0,0,0,0,0,0,0,0,40000,0,0,0,40000,0,40000,40000
052623,台郡兆豐96購01  ,0,0,0,0,0,0,0,0,0,40000,0,0,0,40000,0,40000,40000
055087,瑞昱亞東97購01  ,0,0,0,0,0,0,0,0,0,39000,0,0,0,39000,0,39000,39000
055173,瑞昱統一97購01  ,0,0,0,0,0,0,0,0,0,39000,0,0,0,44000,5000,39000,39000
055181,日電貿統一97購01,0,0,0,0,0,0,0,0,0,39000,0,0,0,39000,0,39000,39000
054753,復盛凱基98購01  ,0,0,0,0,0,0,0,0,0,39000,0,0,0,120000,81000,39000,39000
054683,川湖永豐97購01  ,0,0,0,0,0,0,0,0,0,39000,0,0,0,54000,15000,39000,39000
054893,帆宣統一99購01  ,0,0,0,0,0,0,0,0,0,39000,0,0,0,69000,30000,39000,39000
054410,國巨元大96購14  ,0,0,0,0,0,0,0,0,0,39000,0,0,0,129000,90000,39000,39000
054305,光磊凱基98購01  ,0,0,0,0,0,0,0,0,0,39000,0,0,0,39000,0,39000,39000
056372,訊芯元大98購04  ,0,0,0,0,0,0,0,0,0,39000,0,0,0,39000,0,39000,39000
055432,臻鼎群益97購02  ,0,0,0,0,0,0,0,0,0,39000,0,0,0,39000,0,39000,39000
055506,台郡元大99購02  ,0,0,0,0,0,0,0,0,0,39000,0,0,0,44000,5000,39000,39000
055491,奇力新元大98購03,0,0,0,0,0,0,0,0,0,39000,0,0,0,149000,110000,39000,39000
055620,樺漢國票98購01  ,0,0,0,0,0,0,0,0,0,39000,0,0,0,39000,0,39000,39000
046757,漢唐凱基93購02  ,0,0,0,0,0,0,0,0,0,39000,0,0,0,49000,10000,39000,39000
046844,旺宏永豐93購01  ,0,0,0,0,0,0,0,0,0,39000,0,0,0,223000,184000,39000,39000
050407,聯詠台新94購02  ,0,0,0,0,0,0,0,0,0,39000,0,0,0,50000,11000,39000,39000
050368,國巨元大94購14  ,0,0,0,0,0,0,0,0,0,39000,0,0,0,86000,47000,39000,39000
047368,南電群益93購01  ,0,0,0,0,0,0,0,0,0,39000,0,0,0,39000,0,39000,39000
047014,元油反元大99購01,0,0,0,0,0,0,0,0,0,39000,0,0,0,50000,11000,39000,39000
045721,中信金凱基92購01,0,0,0,0,0,0,0,0,0,39000,0,0,0,50000,11000,39000,39000
03597P,玉晶光凱基03售12,0,0,0,0,0,0,0,0,0,39000,0,0,0,89000,50000,39000,39000
044588,元金2X統一93購01,0,0,0,0,0,0,0,0,0,39000,0,0,0,59000,20000,39000,39000
050182,淘帝元大94購01  ,0,0,0,0,0,0,0,0,0,39000,0,0,0,39000,0,39000,39000
047778,美利達元大93購01,0,0,0,0,0,0,0,0,0,39000,0,0,0,39000,0,39000,39000
048211,大立光日盛93購01,0,0,0,0,0,0,0,0,0,39000,0,0,0,39000,0,39000,39000
049177,美律凱基94購02  ,0,0,0,0,0,0,0,0,0,39000,0,0,0,103000,64000,39000,39000
051823,矽力元富95購02  ,0,0,0,0,0,0,0,0,0,39000,0,0,0,39000,0,39000,39000
053829,力成麥證96購01  ,0,0,0,71000,32000,39000,0,0,0,39000,0,0,0,71000,32000,39000,39000
05850P,台積電兆豐96售06,0,0,0,0,0,0,0,0,0,39000,0,0,0,140000,101000,39000,39000
6283,淳安            ,78000,39000,39000,0,0,0,0,0,0,0,0,0,0,0,0,0,39000
3030,德律            ,105000,60000,45000,0,0,0,0,0,0,-6000,0,6000,-6000,0,0,0,39000
3016,嘉晶            ,328000,369000,-41000,0,0,0,0,0,0,80000,0,7000,-7000,97000,10000,87000,39000
055746,同欣電元富97購01,0,0,0,0,0,0,0,0,0,38000,0,0,0,43000,5000,38000,38000
055460,華擎永豐97購01  ,0,0,0,0,0,0,0,0,0,38000,0,0,0,242000,204000,38000,38000
054215,創意國票97購02  ,0,0,0,0,0,0,0,0,0,38000,0,0,0,50000,12000,38000,38000
054101,茂林國票97購04  ,0,0,0,0,0,0,0,0,0,38000,0,0,0,38000,0,38000,38000
054166,日電貿凱基98購01,0,0,0,0,0,0,0,0,0,38000,0,0,0,38000,0,38000,38000
054490,臻鼎台新96購02  ,0,0,0,0,0,0,0,0,0,38000,0,0,0,38000,0,38000,38000
054602,聯詠台新97購01  ,0,0,0,0,0,0,0,0,0,38000,0,0,0,38000,0,38000,38000
054883,億光統一97購01  ,0,0,0,0,0,0,0,0,0,38000,0,0,0,84000,46000,38000,38000
044402,景碩凱基93購01  ,0,0,0,0,0,0,0,0,0,38000,0,0,0,48000,10000,38000,38000
00866,新光Shiller CAPE,0,0,0,0,0,0,0,0,0,38000,0,0,0,75000,37000,38000,38000
04025P,宏達電國泰94售01,0,0,0,0,0,0,0,0,0,38000,0,0,0,58000,20000,38000,38000
046883,友達第一93購01  ,0,0,0,0,0,0,0,0,0,38000,0,0,0,44000,6000,38000,38000
045714,台積電凱基92購13,0,0,0,0,0,0,0,0,0,38000,0,0,0,38000,0,38000,38000
050287,台達電凱基94購10,0,0,0,0,0,0,0,0,0,38000,0,0,0,68000,30000,38000,38000
050408,臻鼎台新94購02  ,0,0,0,0,0,0,0,0,0,38000,0,0,0,38000,0,38000,38000
046193,大立光凱基92購06,0,0,0,0,0,0,0,0,0,38000,0,0,0,38000,0,38000,38000
048345,緯創元大94購01  ,0,0,0,0,0,0,0,0,0,38000,0,0,0,43000,5000,38000,38000
04867P,美律統一94售03  ,0,0,0,0,0,0,0,0,0,38000,0,0,0,98000,60000,38000,38000
047763,旺宏元大94購04  ,75000,0,75000,0,0,0,0,0,0,-37000,0,0,0,117000,154000,-37000,38000
047800,大立光兆豐93購04,0,0,0,0,0,0,0,0,0,38000,0,0,0,38000,0,38000,38000
047688,亞德客富邦95購01,0,0,0,0,0,0,0,0,0,38000,0,0,0,78000,40000,38000,38000
048525,華通國票94購02  ,0,0,0,0,0,0,0,0,0,38000,0,0,0,38000,0,38000,38000
048557,瑞昱元大94購01  ,0,0,0,0,0,0,0,0,0,38000,0,0,0,44000,6000,38000,38000
04877P,聯發科麥證94售04,0,0,0,60000,22000,38000,0,0,0,38000,0,0,0,60000,22000,38000,38000
051026,健策統一96購01  ,0,0,0,0,0,0,0,0,0,38000,0,0,0,88000,50000,38000,38000
048959,凌華康和94購01  ,0,0,0,0,0,0,0,0,0,38000,0,0,0,38000,0,38000,38000
053924,京鼎國票97購01  ,0,0,0,0,0,0,0,0,0,38000,0,0,0,38000,0,38000,38000
053176,矽力群益96購02  ,0,0,0,0,0,0,0,0,0,38000,0,0,0,101000,63000,38000,38000
053347,茂林國票98購01  ,0,0,0,0,0,0,0,0,0,38000,0,0,0,40000,2000,38000,38000
054842,台達電兆豐98購01,0,0,0,0,0,0,0,0,0,37000,0,0,0,59000,22000,37000,37000
055080,正崴中信99購01  ,0,0,0,0,0,0,0,0,0,37000,0,0,0,47000,10000,37000,37000
055004,群創元富99購06  ,0,0,0,0,0,0,0,0,0,37000,0,0,0,250000,213000,37000,37000
054051,貿聯元大97購03  ,0,0,0,0,0,0,0,0,0,37000,0,0,0,56000,19000,37000,37000
055313,南電群益97購01  ,0,0,0,0,0,0,0,0,0,37000,0,0,0,37000,0,37000,37000
055668,欣興群益97購01  ,0,0,0,0,0,0,0,0,0,37000,0,0,0,37000,0,37000,37000
055929,聯發科群益97購05,0,0,0,0,0,0,0,0,0,37000,0,0,0,98000,61000,37000,37000
046831,大立光群益94購01,0,0,0,0,0,0,0,0,0,37000,0,0,0,44000,7000,37000,37000
050378,上証2X群益98購02,0,0,0,0,0,0,0,0,0,37000,0,0,0,37000,0,37000,37000
044217,華新科凱基93購03,0,0,0,0,0,0,0,0,0,37000,0,0,0,37000,0,37000,37000
044820,臻鼎兆豐93購02  ,0,0,0,0,0,0,0,0,0,37000,0,0,0,45000,8000,37000,37000
042040,大立光群益93購01,0,0,0,0,0,0,0,0,0,37000,0,0,0,37000,0,37000,37000
051289,大立光統一96購01,0,0,0,0,0,0,0,0,0,37000,0,0,0,50000,13000,37000,37000
053777,台積電元大96購20,0,0,0,0,0,0,0,0,0,37000,0,0,0,244000,207000,37000,37000
051512,超眾麥證95購01  ,0,0,0,67000,30000,37000,0,0,0,37000,0,0,0,67000,30000,37000,37000
051315,同欣電麥證95購01,0,0,0,50000,13000,37000,0,0,0,37000,0,0,0,50000,13000,37000,37000
051445,可成元大95購06  ,0,0,0,0,0,0,0,0,0,37000,0,0,0,80000,43000,37000,37000
052607,大立光元大96購03,0,0,0,0,0,0,0,0,0,37000,0,0,0,44000,7000,37000,37000
052251,台光電永豐95購03,0,0,0,0,0,0,0,0,0,37000,0,0,0,105000,68000,37000,37000
056170,鴻海元富97購09  ,0,0,0,0,0,0,0,0,0,36000,0,0,0,44000,8000,36000,36000
056316,訊芯元大98購03  ,0,0,0,0,0,0,0,0,0,36000,0,0,0,76000,40000,36000,36000
055895,群創統一97購04  ,0,0,0,0,0,0,0,0,0,36000,0,0,0,109000,73000,36000,36000
054358,矽創兆豐96購01  ,0,0,0,0,0,0,0,0,0,36000,0,0,0,74000,38000,36000,36000
055280,智邦元大97購01  ,0,0,0,0,0,0,0,0,0,36000,0,0,0,100000,64000,36000,36000
044722,滬深2X永豐93購01,0,0,0,0,0,0,0,0,0,36000,0,0,0,36000,0,36000,36000
047229,大立光凱基93購18,0,0,0,0,0,0,0,0,0,36000,0,0,0,36000,0,36000,36000
046827,漢唐群益93購02  ,0,0,0,0,0,0,0,0,0,36000,0,0,0,36000,0,36000,36000
046961,大立光中信95購02,0,0,0,0,0,0,0,0,0,36000,0,0,0,49000,13000,36000,36000
046003,欣興統一92購02  ,0,0,0,0,0,0,0,0,0,36000,0,0,0,36000,0,36000,36000
046001,友達統一93購03  ,0,0,0,0,0,0,0,0,0,36000,0,0,0,36000,0,36000,36000
051253,緯創元大95購02  ,0,0,0,0,0,0,0,0,0,36000,0,0,0,64000,28000,36000,36000
050615,奇力新元大95購03,0,0,0,0,0,0,0,0,0,36000,0,0,0,75000,39000,36000,36000
049342,聯發科統一94購05,0,0,0,0,0,0,0,0,0,36000,0,0,0,84000,48000,36000,36000
050811,國巨凱基95購02  ,0,0,0,0,0,0,0,0,0,36000,0,0,0,36000,0,36000,36000
047771,緯創元大93購01  ,0,0,0,0,0,0,0,0,0,36000,0,0,0,36000,0,36000,36000
050577,美律國票94購03  ,0,0,0,0,0,0,0,0,0,36000,0,0,0,36000,0,36000,36000
049545,台積電群益94購09,0,0,0,0,0,0,0,0,0,36000,0,0,0,114000,78000,36000,36000
051468,智邦日盛95購01  ,0,0,0,0,0,0,0,0,0,36000,0,0,0,53000,17000,36000,36000
051415,晶技國票96購01  ,0,0,0,0,0,0,0,0,0,36000,0,0,0,61000,25000,36000,36000
051324,康友國票96購01  ,0,0,0,0,0,0,0,0,0,36000,0,0,0,36000,0,36000,36000
051333,義隆永豐95購02  ,0,0,0,0,0,0,0,0,0,36000,0,0,0,36000,0,36000,36000
051518,富邦金凱基95購01,0,0,0,0,0,0,0,0,0,36000,0,0,0,36000,0,36000,36000
051677,達方元大95購01  ,0,0,0,0,0,0,0,0,0,36000,0,0,0,161000,125000,36000,36000
053821,群創群益98購08  ,0,0,0,0,0,0,0,0,0,36000,0,0,0,36000,0,36000,36000
053872,臻鼎元大96購04  ,0,0,0,0,0,0,0,0,0,36000,0,0,0,36000,0,36000,36000
053470,華邦電元大96購02,0,0,0,0,0,0,0,0,0,36000,0,0,0,604000,568000,36000,36000
053595,創意元大96購02  ,0,0,0,0,0,0,0,0,0,36000,0,0,0,92000,56000,36000,36000
053162,緯穎元大97購01  ,0,0,0,0,0,0,0,0,0,36000,0,0,0,232000,196000,36000,36000
3669,圓展            ,5000,2000,3000,0,0,0,25000,0,25000,8000,8000,0,8000,0,0,0,36000
4976,佳凌            ,59000,20000,39000,0,0,0,0,0,0,-3000,0,3000,-3000,0,0,0,36000
8110,華東            ,369000,318000,51000,0,0,0,0,0,0,-15000,28000,43000,-15000,0,0,0,36000
06143P,鴻海永豐97售02  ,0,0,0,0,0,0,0,0,0,36000,0,0,0,57000,21000,36000,36000
06171P,台積電統一97售06,0,0,0,0,0,0,0,0,0,36000,0,0,0,56000,20000,36000,36000
055282,聯發科元大97購15,0,0,0,0,0,0,0,0,0,35000,0,0,0,521000,486000,35000,35000
054989,精元元富97購01  ,0,0,0,0,0,0,0,0,0,35000,0,0,0,35000,0,35000,35000
054958,亞光元大97購03  ,0,0,0,0,0,0,0,0,0,35000,0,0,0,85000,50000,35000,35000
054752,易華電凱基97購02,0,0,0,0,0,0,0,0,0,35000,0,0,0,75000,40000,35000,35000
054797,臻鼎群益97購01  ,0,0,0,0,0,0,0,0,0,35000,0,0,0,35000,0,35000,35000
054670,康友元富97購01  ,0,0,0,0,0,0,0,0,0,35000,0,0,0,45000,10000,35000,35000
054597,南亞台新97購01  ,0,0,0,0,0,0,0,0,0,35000,0,0,0,35000,0,35000,35000
05429P,鴻海統一95售16  ,0,0,0,0,0,0,0,0,0,35000,0,0,0,36000,1000,35000,35000
054332,世芯永豐97購01  ,0,0,0,0,0,0,0,0,0,35000,0,0,0,56000,21000,35000,35000
056095,臻鼎元富9A購01  ,0,0,0,0,0,0,0,0,0,35000,0,0,0,35000,0,35000,35000
046738,台積電群益93購05,0,0,0,0,0,0,0,0,0,35000,0,0,0,35000,0,35000,35000
046979,台泥兆豐93購01  ,0,0,0,0,0,0,0,0,0,35000,0,0,0,35000,0,35000,35000
045632,正崴凱基93購01  ,0,0,0,0,0,0,0,0,0,35000,0,0,0,35000,0,35000,35000
047029,日月光元大93購01,0,0,0,0,0,0,0,0,0,35000,0,0,0,35000,0,35000,35000
045540,全新群益92購03  ,0,0,0,0,0,0,0,0,0,35000,0,0,0,35000,0,35000,35000
050445,鴻海元大94購21  ,0,0,0,0,0,0,0,0,0,35000,0,0,0,370000,335000,35000,35000
050228,中磊中信96購01  ,0,0,0,0,0,0,0,0,0,35000,0,0,0,65000,30000,35000,35000
044698,奇力新元大93購01,0,0,0,0,0,0,0,0,0,35000,0,0,0,35000,0,35000,35000
03543P,台泥中信02售01  ,0,0,0,0,0,0,0,0,0,35000,0,0,0,35000,0,35000,35000
041978,貿聯中信93購01  ,0,0,0,0,0,0,0,0,0,35000,0,0,0,66000,31000,35000,35000
043734,大立光富邦92購07,0,0,0,0,0,0,0,0,0,35000,0,0,0,35000,0,35000,35000
046259,和大凱基92購02  ,0,0,0,0,0,0,0,0,0,35000,0,0,0,35000,0,35000,35000
048410,和碩群益93購01  ,0,0,0,0,0,0,0,0,0,35000,0,0,0,35000,0,35000,35000
049304,元油2X凱基95購05,0,0,0,0,0,0,0,0,0,35000,0,0,0,50000,15000,35000,35000
047714,禾伸堂凱基93購03,0,0,0,0,0,0,0,0,0,35000,0,0,0,35000,0,35000,35000
049880,健策永豐94購02  ,0,0,0,0,0,0,0,0,0,35000,0,0,0,40000,5000,35000,35000
049855,台表科群益94購01,0,0,0,0,0,0,0,0,0,35000,0,0,0,35000,0,35000,35000
051082,上証2X元大98購01,0,0,0,0,0,0,0,0,0,35000,0,0,0,50000,15000,35000,35000
052758,友達群益99購01  ,0,0,0,0,0,0,0,0,0,35000,0,0,0,35000,0,35000,35000
052864,奇力新凱基96購02,0,0,0,0,0,0,0,0,0,35000,0,0,0,69000,34000,35000,35000
053458,聯詠國泰97購01  ,0,0,0,0,0,0,0,0,0,35000,0,0,0,100000,65000,35000,35000
053853,康控國泰97購02  ,0,0,0,0,0,0,0,0,0,35000,0,0,0,75000,40000,35000,35000
053765,智邦富邦96購01  ,0,0,0,0,0,0,0,0,0,35000,0,0,0,143000,108000,35000,35000
053911,臺股指凱基96購31,0,0,0,0,0,0,0,0,0,35000,0,0,0,36000,1000,35000,35000
051818,國巨統一95購02  ,0,0,0,0,0,0,0,0,0,35000,0,0,0,42000,7000,35000,35000
051299,致茂凱基95購01  ,0,0,0,0,0,0,0,0,0,35000,0,0,0,45000,10000,35000,35000
052280,聯發科凱基95購11,0,0,0,0,0,0,0,0,0,35000,0,0,0,64000,29000,35000,35000
056107,智易永豐97購02  ,0,0,0,0,0,0,0,0,0,34000,0,0,0,34000,0,34000,34000
056156,禾伸堂凱基98購04,0,0,0,0,0,0,0,0,0,34000,0,0,0,54000,20000,34000,34000
056504,國巨永豐98購02  ,0,0,0,0,0,0,0,0,0,34000,0,0,0,55000,21000,34000,34000
055393,華新科統一97購03,0,0,0,0,0,0,0,0,0,34000,0,0,0,99000,65000,34000,34000
046362,華通永豐92購02  ,0,0,0,0,0,0,0,0,0,34000,0,0,0,77000,43000,34000,34000
044003,聯發科兆豐93購01,0,0,0,0,0,0,0,0,0,34000,0,0,0,94000,60000,34000,34000
03643C,臺股指元富99牛04,0,0,0,0,0,0,0,0,0,34000,0,0,0,41000,7000,34000,34000
050335,正崴國泰96購01  ,0,0,0,0,0,0,0,0,0,34000,0,0,0,34000,0,34000,34000
046695,瑞昱凱基93購03  ,0,0,0,0,0,0,0,0,0,34000,0,0,0,34000,0,34000,34000
048045,上銀永豐93購02  ,0,0,0,0,0,0,0,0,0,34000,0,0,0,34000,0,34000,34000
049714,國巨凱基94購02  ,0,0,0,0,0,0,0,0,0,34000,0,0,0,56000,22000,34000,34000
050760,矽力元富94購03  ,0,0,0,0,0,0,0,0,0,34000,0,0,0,66000,32000,34000,34000
050013,淘帝國泰95購01  ,0,0,0,0,0,0,0,0,0,34000,0,0,0,34000,0,34000,34000
050539,鴻海凱基95購07  ,0,0,0,0,0,0,0,0,0,34000,0,0,0,50000,16000,34000,34000
049590,華新科元大94購01,0,0,0,0,0,0,0,0,0,34000,0,0,0,100000,66000,34000,34000
051551,新日興永豐95購01,0,0,0,0,0,0,0,0,0,34000,0,0,0,103000,69000,34000,34000
051603,深中小群益99購03,0,0,0,0,0,0,0,0,0,34000,0,0,0,34000,0,34000,34000
051934,緯穎國票96購01  ,0,0,0,0,0,0,0,0,0,34000,0,0,0,39000,5000,34000,34000
052031,臺股指群益95購04,0,0,0,0,0,0,0,0,0,34000,0,0,0,44000,10000,34000,34000
052032,臺股指群益95購05,0,0,0,0,0,0,0,0,0,34000,0,0,0,51000,17000,34000,34000
053514,麗豐群益96購01  ,0,0,0,0,0,0,0,0,0,34000,0,0,0,94000,60000,34000,34000
053012,國巨統一96購03  ,0,0,0,0,0,0,0,0,0,34000,0,0,0,353000,319000,34000,34000
053322,京鼎群益97購01  ,0,0,0,0,0,0,0,0,0,34000,0,0,0,38000,4000,34000,34000
05745P,富邦金兆豐96售02,0,0,0,0,0,0,0,0,0,34000,0,0,0,34000,0,34000,34000
06379P,群創統一97售05  ,0,0,0,0,0,0,0,0,0,34000,0,0,0,521000,487000,34000,34000
3052,夆典            ,102000,67000,35000,0,0,0,0,0,0,-1000,0,1000,-1000,0,0,0,34000
055869,臺股指元大97購08,0,0,0,0,0,0,0,0,0,33000,0,0,0,33000,0,33000,33000
056309,合勤控元大97購01,0,0,0,0,0,0,0,0,0,33000,0,0,0,33000,0,33000,33000
056241,緯創群益97購01  ,0,0,0,0,0,0,0,0,0,33000,0,0,0,33000,0,33000,33000
055989,矽力元富9A購01  ,0,0,0,0,0,0,0,0,0,33000,0,0,0,35000,2000,33000,33000
054090,瑞昱群益97購01  ,0,0,0,0,0,0,0,0,0,33000,0,0,0,49000,16000,33000,33000
055092,開發金群益9B購01,0,0,0,0,0,0,0,0,0,33000,0,0,0,33000,0,33000,33000
046858,群創元大94購02  ,0,0,0,0,0,0,0,0,0,33000,0,0,0,182000,149000,33000,33000
046537,聯發科群益93購02,0,0,0,0,0,0,0,0,0,33000,0,0,0,36000,3000,33000,33000
044855,南電國泰93購01  ,0,0,0,0,0,0,0,0,0,33000,0,0,0,48000,15000,33000,33000
050514,聯電元大94購01  ,0,0,0,0,0,0,0,0,0,33000,0,0,0,50000,17000,33000,33000
049206,大立光群益94購04,0,0,0,0,0,0,0,0,0,33000,0,0,0,43000,10000,33000,33000
047789,景碩群益93購01  ,0,0,0,0,0,0,0,0,0,33000,0,0,0,33000,0,33000,33000
049785,華新科兆豐95購01,0,0,0,0,0,0,0,0,0,33000,0,0,0,203000,170000,33000,33000
050616,潤泰全元大94購01,0,0,0,0,0,0,0,0,0,33000,0,0,0,36000,3000,33000,33000
049857,緯穎群益94購03  ,0,0,0,0,0,0,0,0,0,33000,0,0,0,123000,90000,33000,33000
048037,台表科凱基93購05,0,0,0,0,0,0,0,0,0,33000,0,0,0,43000,10000,33000,33000
051094,健策元大96購03  ,0,0,0,0,0,0,0,0,0,33000,0,0,0,54000,21000,33000,33000
051071,聯發科國票96購01,0,0,0,0,0,0,0,0,0,33000,0,0,0,130000,97000,33000,33000
050961,美律永豐95購01  ,0,0,0,0,0,0,0,0,0,33000,0,0,0,68000,35000,33000,33000
053666,臺股指凱基96購29,0,0,0,0,0,0,0,0,0,33000,0,0,0,44000,11000,33000,33000
053942,超眾國泰96購02  ,0,0,0,0,0,0,0,0,0,33000,0,0,0,63000,30000,33000,33000
052546,友達中信98購01  ,0,0,0,0,0,0,0,0,0,33000,0,0,0,83000,50000,33000,33000
055113,大立光凱基98購06,0,0,0,0,0,0,0,0,0,32000,0,0,0,32000,0,32000,32000
055298,啟碁元大97購02  ,0,0,0,0,0,0,0,0,0,32000,0,0,0,121000,89000,32000,32000
055292,聯鈞元大97購02  ,0,0,0,0,0,0,0,0,0,32000,0,0,0,43000,11000,32000,32000
054742,京鼎凱基99購01  ,0,0,0,0,0,0,0,0,0,32000,0,0,0,35000,3000,32000,32000
054579,聯茂元大97購01  ,0,0,0,0,0,0,0,0,0,32000,0,0,0,46000,14000,32000,32000
056307,貿聯元大97購05  ,0,0,0,0,0,0,0,0,0,32000,0,0,0,55000,23000,32000,32000
056370,台郡元大98購03  ,0,0,0,0,0,0,0,0,0,32000,0,0,0,32000,0,32000,32000
055864,臺股指元大97購01,0,0,0,0,0,0,0,0,0,32000,0,0,0,32000,0,32000,32000
05564P,玉晶光元大97售02,0,0,0,0,0,0,0,0,0,32000,0,0,0,50000,18000,32000,32000
03012X,元展12          ,0,0,0,0,0,0,0,0,0,32000,0,0,0,36000,4000,32000,32000
00733,富邦臺灣中小    ,0,0,0,0,0,0,0,0,0,32000,0,0,0,242000,210000,32000,32000
045534,深中小群益94購01,0,0,0,0,0,0,0,0,0,32000,0,0,0,32000,0,32000,32000
048998,玉晶光國票95購03,0,0,0,0,0,0,0,0,0,32000,0,0,0,75000,43000,32000,32000
047939,亞德客國票93購02,0,0,0,0,0,0,0,0,0,32000,0,0,0,42000,10000,32000,32000
047742,友達統一93購04  ,0,0,0,0,0,0,0,0,0,32000,0,0,0,32000,0,32000,32000
048592,漢唐群益93購04  ,0,0,0,0,0,0,0,0,0,32000,0,0,0,40000,8000,32000,32000
050743,京鼎永豐94購02  ,0,0,0,0,0,0,0,0,0,32000,0,0,0,63000,31000,32000,32000
049648,大立光凱基94購08,0,0,0,0,0,0,0,0,0,32000,0,0,0,42000,10000,32000,32000
048703,康控國票95購01  ,0,0,0,0,0,0,0,0,0,32000,0,0,0,32000,0,32000,32000
052502,瀚宇博永豐95購02,0,0,0,0,0,0,0,0,0,32000,0,0,0,32000,0,32000,32000
051974,華新科凱基96購05,0,0,0,0,0,0,0,0,0,32000,0,0,0,60000,28000,32000,32000
051664,鴻海元大96購07  ,0,0,0,0,0,0,0,0,0,32000,0,0,0,38000,6000,32000,32000
051647,華新科永豐95購02,0,0,0,0,0,0,0,0,0,32000,0,0,0,152000,120000,32000,32000
051564,和碩國泰96購01  ,0,0,0,0,0,0,0,0,0,32000,0,0,0,75000,43000,32000,32000
051462,世芯國泰97購01  ,0,0,0,0,0,0,0,0,0,32000,0,0,0,43000,11000,32000,32000
053892,景碩群益96購02  ,0,0,0,0,0,0,0,0,0,32000,0,0,0,32000,0,32000,32000
054024,中鋼康和96購01  ,0,0,0,0,0,0,0,0,0,32000,0,0,0,100000,68000,32000,32000
053569,漢唐統一98購01  ,0,0,0,0,0,0,0,0,0,32000,0,0,0,90000,58000,32000,32000
053156,緯創元大96購02  ,0,0,0,0,0,0,0,0,0,32000,0,0,0,32000,0,32000,32000
1441,大東            ,52000,19000,33000,0,0,0,0,0,0,-1000,0,1000,-1000,0,0,0,32000
05982P,漢唐國票96售03  ,0,0,0,0,0,0,0,0,0,32000,0,0,0,42000,10000,32000,32000
055782,新日興凱基99購01,0,0,0,0,0,0,0,0,0,31000,0,0,0,41000,10000,31000,31000
055938,矽力群益97購01  ,0,0,0,0,0,0,0,0,0,31000,0,0,0,118000,87000,31000,31000
056064,大立光元大97購14,0,0,0,0,0,0,0,0,0,31000,0,0,0,128000,97000,31000,31000
054721,揚明光永豐97購03,0,0,0,0,0,0,0,0,0,31000,0,0,0,99000,68000,31000,31000
054831,緯穎國泰98購01  ,0,0,0,0,0,0,0,0,0,31000,0,0,0,102000,71000,31000,31000
045634,友達凱基93購02  ,0,0,0,0,0,0,0,0,0,31000,0,0,0,71000,40000,31000,31000
047145,鴻海群益95購01  ,0,0,0,0,0,0,0,0,0,31000,0,0,0,31000,0,31000,31000
046448,亞德客凱基92購03,0,0,0,0,0,0,0,0,0,31000,0,0,0,31000,0,31000,31000
046944,奇力新元大96購01,0,0,0,0,0,0,0,0,0,31000,0,0,0,80000,49000,31000,31000
00706L,元大S&P日圓正2  ,0,0,0,0,0,0,0,0,0,31000,0,0,0,38000,7000,31000,31000
03481P,欣興群益02售08  ,0,0,0,0,0,0,0,0,0,31000,0,0,0,58000,27000,31000,31000
044526,訊芯凱基93購02  ,0,0,0,0,0,0,0,0,0,31000,0,0,0,31000,0,31000,31000
044010,華通凱基93購01  ,0,0,0,0,0,0,0,0,0,31000,0,0,0,31000,0,31000,31000
045031,上銀群益93購02  ,0,0,0,0,0,0,0,0,0,31000,0,0,0,51000,20000,31000,31000
046292,聯發科統一92購02,0,0,0,0,0,0,0,0,0,31000,0,0,0,31000,0,31000,31000
049654,臺股指凱基94購15,0,0,0,0,0,0,0,0,0,31000,0,0,0,31000,0,31000,31000
049434,茂林國票95購01  ,0,0,0,0,0,0,0,0,0,31000,0,0,0,31000,0,31000,31000
050724,國巨國票96購01  ,0,0,0,0,0,0,0,0,0,31000,0,0,0,69000,38000,31000,31000
048334,A50正2元大96購01,0,0,0,0,0,0,0,0,0,31000,0,0,0,81000,50000,31000,31000
048843,台郡凱基94購01  ,0,0,0,0,0,0,0,0,0,31000,0,0,0,31000,0,31000,31000
04971P,矽力元富94售02  ,0,0,0,0,0,0,0,0,0,31000,0,0,0,431000,400000,31000,31000
053065,大立光群益96購01,0,0,0,0,0,0,0,0,0,31000,0,0,0,34000,3000,31000,31000
053619,和碩群益96購01  ,0,0,0,0,0,0,0,0,0,31000,0,0,0,64000,33000,31000,31000
053985,矽創元大96購02  ,0,0,0,0,0,0,0,0,0,31000,0,0,0,31000,0,31000,31000
05393P,鴻海統一95售14  ,0,0,0,0,0,0,0,0,0,31000,0,0,0,75000,44000,31000,31000
053957,瑞昱永豐96購01  ,0,0,0,0,0,0,0,0,0,31000,0,0,0,36000,5000,31000,31000
053826,光磊麥證97購01  ,0,0,0,31000,0,31000,0,0,0,31000,0,0,0,31000,0,31000,31000
051779,大立光群益95購02,0,0,0,0,0,0,0,0,0,31000,0,0,0,31000,0,31000,31000
052580,高鐵元富96購01  ,0,0,0,0,0,0,0,0,0,31000,0,0,0,31000,0,31000,31000
052579,亞泥元富96購01  ,0,0,0,0,0,0,0,0,0,31000,0,0,0,41000,10000,31000,31000
052195,健策元富95購01  ,0,0,0,0,0,0,0,0,0,31000,0,0,0,36000,5000,31000,31000
052052,嘉澤凱基95購02  ,0,0,0,0,0,0,0,0,0,31000,0,0,0,99000,68000,31000,31000
05946P,和碩中信96售01  ,0,0,0,0,0,0,0,0,0,31000,0,0,0,43000,12000,31000,31000
05911P,南亞科永豐96售03,0,0,0,0,0,0,0,0,0,31000,0,0,0,32000,1000,31000,31000
06182P,群創兆豐97售03  ,0,0,0,0,0,0,0,0,0,31000,0,0,0,80000,49000,31000,31000
4560,強信-KY         ,183000,151000,32000,0,0,0,0,0,0,-1000,0,1000,-1000,0,0,0,31000
054857,信錦群益97購01  ,0,0,0,0,0,0,0,0,0,30000,0,0,0,30000,0,30000,30000
054920,智原凱基98購01  ,0,0,0,0,0,0,0,0,0,30000,0,0,0,50000,20000,30000,30000
054808,東元元大9A購01  ,0,0,0,0,0,0,0,0,0,30000,0,0,0,30000,0,30000,30000
05522P,友達元富96售02  ,0,0,0,0,0,0,0,0,0,30000,0,0,0,70000,40000,30000,30000
055217,緯創凱基97購02  ,0,0,0,0,0,0,0,0,0,30000,0,0,0,30000,0,30000,30000
056062,大立光元大97購12,0,0,0,0,0,0,0,0,0,30000,0,0,0,87000,57000,30000,30000
056163,嘉聯益凱基98購03,0,0,0,0,0,0,0,0,0,30000,0,0,0,30000,0,30000,30000
056218,億光中信98購01  ,0,0,0,0,0,0,0,0,0,30000,0,0,0,65000,35000,30000,30000
056102,億光永豐97購02  ,0,0,0,0,0,0,0,0,0,30000,0,0,0,36000,6000,30000,30000
056080,世紀鋼元大97購03,0,40000,-40000,0,0,0,0,0,0,70000,0,0,0,140000,70000,70000,30000
056365,欣興元大98購01  ,0,0,0,0,0,0,0,0,0,30000,0,0,0,46000,16000,30000,30000
056345,嘉聯益凱基99購01,0,0,0,0,0,0,0,0,0,30000,0,0,0,30000,0,30000,30000
055774,台光電凱基97購02,0,0,0,0,0,0,0,0,0,30000,0,0,0,41000,11000,30000,30000
055425,聚陽群益99購01  ,0,0,0,0,0,0,0,0,0,30000,0,0,0,30000,0,30000,30000
055552,瑞昱凱基97購02  ,0,0,0,0,0,0,0,0,0,30000,0,0,0,41000,11000,30000,30000
046303,台積電元大92購25,0,0,0,0,0,0,0,0,0,30000,0,0,0,30000,0,30000,30000
04213P,台光電凱基93售11,0,0,0,0,0,0,0,0,0,30000,0,0,0,30000,0,30000,30000
047598,深中小統一94購01,0,0,0,0,0,0,0,0,0,30000,0,0,0,30000,0,30000,30000
04404P,玉晶光國票94售01,0,0,0,0,0,0,0,0,0,30000,0,0,0,30000,0,30000,30000
044524,瑞儀凱基93購02  ,0,0,0,0,0,0,0,0,0,30000,0,0,0,30000,0,30000,30000
044584,世紀鋼凱基93購05,0,0,0,0,0,0,0,0,0,30000,0,0,0,30000,0,30000,30000
043591,智邦元大92購02  ,0,0,0,0,0,0,0,0,0,30000,0,0,0,30000,0,30000,30000
03493P,世紀鋼元大02售02,0,0,0,0,0,0,0,0,0,30000,0,0,0,30000,0,30000,30000
03599P,聯發科凱基92售05,0,0,0,0,0,0,0,0,0,30000,0,0,0,30000,0,30000,30000
044411,A50正2統一93購01,0,0,0,0,0,0,0,0,0,30000,0,0,0,30000,0,30000,30000
03896P,長榮航凱基95售01,0,0,0,0,0,0,0,0,0,30000,0,0,0,98000,68000,30000,30000
046950,隆達元大93購01  ,0,0,0,0,0,0,0,0,0,30000,0,0,0,30000,0,30000,30000
046965,復盛中信93購01  ,0,0,0,0,0,0,0,0,0,30000,0,0,0,30000,0,30000,30000
046911,達方凱基93購01  ,0,0,0,0,0,0,0,0,0,30000,0,0,0,30000,0,30000,30000
045361,鈺齊凱基93購01  ,0,0,0,0,0,0,0,0,0,30000,0,0,0,30000,0,30000,30000
045378,智邦元大92購04  ,0,0,0,0,0,0,0,0,0,30000,0,0,0,30000,0,30000,30000
046148,友達中信94購01  ,0,0,0,0,0,0,0,0,0,30000,0,0,0,30000,0,30000,30000
045887,台光電元大92購07,0,0,0,0,0,0,0,0,0,30000,0,0,0,30000,0,30000,30000
045820,京元電凱基92購04,0,0,0,0,0,0,0,0,0,30000,0,0,0,60000,30000,30000,30000
045773,奇力新元大92購02,0,0,0,0,0,0,0,0,0,30000,0,0,0,30000,0,30000,30000
047131,鴻海凱基94購03  ,0,0,0,0,0,0,0,0,0,30000,0,0,0,40000,10000,30000,30000
045671,鴻海元大92購10  ,0,0,0,0,0,0,0,0,0,30000,0,0,0,30000,0,30000,30000
047039,晶技群益93購02  ,0,0,0,0,0,0,0,0,0,30000,0,0,0,30000,0,30000,30000
046960,台新金中信95購01,0,0,0,0,0,0,0,0,0,30000,0,0,0,30000,0,30000,30000
050383,超眾兆豐95購01  ,0,0,0,0,0,0,0,0,0,30000,0,0,0,30000,0,30000,30000
050449,宏達電元大95購03,0,0,0,0,0,0,0,0,0,30000,0,0,0,30000,0,30000,30000
050087,美食台新94購01  ,0,0,0,0,0,0,0,0,0,30000,0,0,0,30000,0,30000,30000
049707,華通麥證94購02  ,0,0,0,30000,0,30000,0,0,0,30000,0,0,0,30000,0,30000,30000
050627,華通中信94購02  ,0,0,0,0,0,0,0,0,0,30000,0,0,0,30000,0,30000,30000
050662,智易元大96購01  ,0,0,0,0,0,0,0,0,0,30000,0,0,0,35000,5000,30000,30000
04996P,台積電凱基95售02,0,0,0,0,0,0,0,0,0,30000,0,0,0,30000,0,30000,30000
048112,宏達電群益93購05,0,0,0,0,0,0,0,0,0,30000,0,0,0,30000,0,30000,30000
048113,欣興群益93購08  ,0,0,0,0,0,0,0,0,0,30000,0,0,0,30000,0,30000,30000
048136,聯茂國票93購04  ,0,0,0,0,0,0,0,0,0,30000,0,0,0,30000,0,30000,30000
051004,台新金中信95購02,0,0,0,0,0,0,0,0,0,30000,0,0,0,30000,0,30000,30000
048256,鴻海統一93購08  ,0,0,0,0,0,0,0,0,0,30000,0,0,0,76000,46000,30000,30000
050028,華新科元大94購03,0,0,0,0,0,0,0,0,0,30000,0,0,0,41000,11000,30000,30000
04964P,鴻海元大94售26  ,0,0,0,0,0,0,0,0,0,30000,0,0,0,199000,169000,30000,30000
04927P,大立光凱基95售06,0,0,0,0,0,0,0,0,0,30000,0,0,0,50000,20000,30000,30000
049261,大立光元大94購08,0,0,0,0,0,0,0,0,0,30000,0,0,0,30000,0,30000,30000
048483,可成國泰95購01  ,0,0,0,0,0,0,0,0,0,30000,0,0,0,40000,10000,30000,30000
048358,嘉晶永豐93購03  ,0,0,0,0,0,0,0,0,0,30000,0,0,0,30000,0,30000,30000
049511,奇力新凱基94購03,0,0,0,0,0,0,0,0,0,30000,0,0,0,30000,0,30000,30000
052104,英業達兆豐96購01,0,0,0,0,0,0,0,0,0,30000,0,0,0,40000,10000,30000,30000
05259P,臺股指凱基96售12,0,0,0,0,0,0,0,0,0,30000,0,0,0,30000,0,30000,30000
052633,國巨凱基96購05  ,0,0,0,0,0,0,0,0,0,30000,0,0,0,30000,0,30000,30000
051913,緯創元大96購01  ,0,0,0,0,0,0,0,0,0,30000,0,0,0,30000,0,30000,30000
051894,嘉聯益元富95購03,0,0,0,0,0,0,0,0,0,30000,0,0,0,30000,0,30000,30000
051618,智邦凱基95購06  ,0,0,0,0,0,0,0,0,0,30000,0,0,0,173000,143000,30000,30000
05391P,鴻海統一95售12  ,0,0,0,0,0,0,0,0,0,30000,0,0,0,30000,0,30000,30000
053999,台表科群益96購06,0,0,0,0,0,0,0,0,0,30000,0,0,0,30000,0,30000,30000
05367P,鴻海元富95售13  ,0,0,0,0,0,0,0,0,0,30000,0,0,0,30000,0,30000,30000
053498,大立光兆豐96購03,0,0,0,0,0,0,0,0,0,30000,0,0,0,30000,0,30000,30000
053417,上銀永豐96購02  ,0,0,0,0,0,0,0,0,0,30000,0,0,0,224000,194000,30000,30000
052982,鴻海元大97購06  ,0,0,0,0,0,0,0,0,0,30000,0,0,0,30000,0,30000,30000
052899,和大國票97購01  ,0,0,0,0,0,0,0,0,0,30000,0,0,0,40000,10000,30000,30000
3024,憶聲            ,64000,33000,31000,0,0,0,0,0,0,-1000,0,1000,-1000,0,0,0,30000
06188P,大立光元富97售01,0,0,0,0,0,0,0,0,0,30000,0,0,0,47000,17000,30000,30000
1532,勤美            ,94000,63000,31000,0,0,0,0,0,0,-1000,0,1000,-1000,0,0,0,30000
2395,研華            ,327000,276136,50864,0,0,0,0,0,0,-21000,0,21000,-21000,0,0,0,29864
3356,奇偶            ,49001,20000,29001,0,0,0,0,0,0,0,0,0,0,0,0,0,29001
054254,晶豪科元大96購02,0,0,0,0,0,0,0,0,0,29000,0,0,0,34000,5000,29000,29000
050411,聯發科永豐94購05,0,0,0,0,0,0,0,0,0,29000,0,0,0,267000,238000,29000,29000
047146,智邦群益93購01  ,0,0,0,0,0,0,0,0,0,29000,0,0,0,59000,30000,29000,29000
045369,康控兆豐93購01  ,0,0,0,0,0,0,0,0,0,29000,0,0,0,29000,0,29000,29000
046715,美律國泰94購01  ,0,0,0,0,0,0,0,0,0,29000,0,0,0,39000,10000,29000,29000
049501,台郡元大95購01  ,0,0,0,0,0,0,0,0,0,29000,0,0,0,30000,1000,29000,29000
050513,亞泥元大94購02  ,0,0,0,0,0,0,0,0,0,29000,0,0,0,33000,4000,29000,29000
048210,鴻海日盛93購01  ,0,0,0,0,0,0,0,0,0,29000,0,0,0,71000,42000,29000,29000
050566,高股息中信97購02,0,0,0,0,0,0,0,0,0,29000,0,0,0,29000,0,29000,29000
051057,信邦群益95購01  ,0,0,0,0,0,0,0,0,0,29000,0,0,0,53000,24000,29000,29000
048054,鴻海國泰95購01  ,0,0,0,0,0,0,0,0,0,29000,0,0,0,29000,0,29000,29000
050876,復盛永豐95購01  ,0,0,0,0,0,0,0,0,0,29000,0,0,0,29000,0,29000,29000
048782,亞泥元大94購01  ,0,0,0,0,0,0,0,0,0,29000,0,0,0,29000,0,29000,29000
052863,友達凱基98購02  ,0,0,0,0,0,0,0,0,0,29000,0,0,0,32000,3000,29000,29000
053366,樺漢國泰98購01  ,0,0,0,0,0,0,0,0,0,29000,0,0,0,260000,231000,29000,29000
053629,玉山金兆豐96購01,0,0,0,0,0,0,0,0,0,29000,0,0,0,50000,21000,29000,29000
053575,聯詠元富96購01  ,0,0,0,0,0,0,0,0,0,29000,0,0,0,40000,11000,29000,29000
053834,卜蜂永豐96購01  ,0,0,0,0,0,0,0,0,0,29000,0,0,0,29000,0,29000,29000
051907,台積電元大97購05,0,0,0,0,0,0,0,0,0,29000,0,0,0,106000,77000,29000,29000
052057,臺股指凱基95購15,0,0,0,0,0,0,0,0,0,29000,0,0,0,211000,182000,29000,29000
07917P,可成永豐9B售01  ,0,0,0,0,0,0,0,0,0,29000,0,0,0,30000,1000,29000,29000
06026P,華通台新97售01  ,0,0,0,0,0,0,0,0,0,29000,0,0,0,104000,75000,29000,29000
054107,上銀凱基97購01  ,0,0,0,0,0,0,0,0,0,28000,0,0,0,125000,97000,28000,28000
054141,TPK元大96購02   ,0,0,0,0,0,0,0,0,0,28000,0,0,0,58000,30000,28000,28000
055138,大毅永豐97購02  ,0,0,0,0,0,0,0,0,0,28000,0,0,0,362000,334000,28000,28000
055477,同欣電凱基98購01,0,0,0,0,0,0,0,0,0,28000,0,0,0,38000,10000,28000,28000
055522,道瓊反群益01購01,0,0,0,0,0,0,0,0,0,28000,0,0,0,28000,0,28000,28000
055795,茂林國泰98購01  ,0,0,0,0,0,0,0,0,0,28000,0,0,0,68000,40000,28000,28000
056167,力成台新97購01  ,0,0,0,0,0,0,0,0,0,28000,0,0,0,28000,0,28000,28000
056031,勤誠康和97購02  ,0,0,0,0,0,0,0,0,0,28000,0,0,0,201000,173000,28000,28000
046707,友達康和93購01  ,0,0,0,0,0,0,0,0,0,28000,0,0,0,58000,30000,28000,28000
046433,康友中信92購01  ,0,0,0,0,0,0,0,0,0,28000,0,0,0,28000,0,28000,28000
045984,亞光麥證93購02  ,0,0,0,28000,0,28000,0,0,0,28000,0,0,0,28000,0,28000,28000
050432,聯發科凱基94購19,0,0,0,0,0,0,0,0,0,28000,0,0,0,78000,50000,28000,28000
05026P,貿聯群益95售01  ,0,0,0,0,0,0,0,0,0,28000,0,0,0,46000,18000,28000,28000
03947P,新光金國泰94售01,0,0,0,0,0,0,0,0,0,28000,0,0,0,28000,0,28000,28000
040744,滬深2X國票94購01,0,0,0,0,0,0,0,0,0,28000,0,0,0,28000,0,28000,28000
042997,新光鋼元大94購01,0,0,0,0,0,0,0,0,0,28000,0,0,0,110000,82000,28000,28000
046269,禾伸堂凱基92購03,0,0,0,0,0,0,0,0,0,28000,0,0,0,60000,32000,28000,28000
048790,大立光元大95購05,0,0,0,0,0,0,0,0,0,28000,0,0,0,28000,0,28000,28000
047924,可成凱基93購10  ,0,0,0,0,0,0,0,0,0,28000,0,0,0,68000,40000,28000,28000
047822,臺股指凱基93購16,0,0,0,0,0,0,0,0,0,28000,0,0,0,529000,501000,28000,28000
049641,台達電凱基94購08,0,0,0,0,0,0,0,0,0,28000,0,0,0,48000,20000,28000,28000
049149,華新科元大95購03,0,0,0,0,0,0,0,0,0,28000,0,0,0,61000,33000,28000,28000
052583,友達台新96購02  ,0,0,0,0,0,0,0,0,0,28000,0,0,0,28000,0,28000,28000
052702,群創國票97購03  ,0,0,0,0,0,0,0,0,0,28000,0,0,0,28000,0,28000,28000
052555,漢唐國票97購01  ,0,0,0,0,0,0,0,0,0,28000,0,0,0,38000,10000,28000,28000
051935,味全群益95購01  ,0,0,0,0,0,0,0,0,0,28000,0,0,0,120000,92000,28000,28000
051472,台積電凱基95購09,0,0,0,0,0,0,0,0,0,28000,0,0,0,100000,72000,28000,28000
05401P,聯茂永豐95售03  ,0,0,0,0,0,0,0,0,0,28000,0,0,0,159000,131000,28000,28000
053600,同欣電元大96購04,0,0,0,0,0,0,0,0,0,28000,0,0,0,38000,10000,28000,28000
053227,晶技台新96購01  ,0,0,0,0,0,0,0,0,0,28000,0,0,0,28000,0,28000,28000
06336P,鴻海元大98售05  ,0,0,0,0,0,0,0,0,0,28000,0,0,0,28000,0,28000,28000
05987P,健策統一96售02  ,0,0,0,0,0,0,0,0,0,28000,0,0,0,38000,10000,28000,28000
3022,威強電          ,61000,29000,32000,0,0,0,0,0,0,-4000,0,4000,-4000,0,0,0,28000
8033,雷虎            ,30000,1000,29000,0,0,0,0,0,0,-1000,0,1000,-1000,0,0,0,28000
056000,佳世達永豐97購01,0,0,0,0,0,0,0,0,0,27000,0,0,0,95000,68000,27000,27000
056378,欣興元富98購01  ,0,0,0,0,0,0,0,0,0,27000,0,0,0,27000,0,27000,27000
055896,南電統一97購02  ,0,0,0,0,0,0,0,0,0,27000,0,0,0,63000,36000,27000,27000
055458,燿華永豐98購01  ,0,0,0,0,0,0,0,0,0,27000,0,0,0,27000,0,27000,27000
055381,茂林元大97購02  ,0,0,0,0,0,0,0,0,0,27000,0,0,0,40000,13000,27000,27000
055385,昇陽半元大98購01,0,0,0,0,0,0,0,0,0,27000,0,0,0,72000,45000,27000,27000
055265,玉晶光永豐98購03,0,0,0,0,0,0,0,0,0,27000,0,0,0,50000,23000,27000,27000
054694,聯鈞永豐97購01  ,0,0,0,0,0,0,0,0,0,27000,0,0,0,27000,0,27000,27000
054843,中環兆豐97購01  ,0,0,0,0,0,0,0,0,0,27000,0,0,0,245000,218000,27000,27000
054547,鴻海凱基98購02  ,0,0,0,0,0,0,0,0,0,27000,0,0,0,47000,20000,27000,27000
054548,鴻海凱基98購03  ,0,0,0,0,0,0,0,0,0,27000,0,0,0,47000,20000,27000,27000
043695,臻鼎兆豐92購01  ,0,0,0,0,0,0,0,0,0,27000,0,0,0,27000,0,27000,27000
050116,嘉澤元大94購03  ,0,0,0,0,0,0,0,0,0,27000,0,0,0,38000,11000,27000,27000
047134,聯發科凱基93購10,0,0,0,0,0,0,0,0,0,27000,0,0,0,27000,0,27000,27000
045436,友達統一93購02  ,0,0,0,0,0,0,0,0,0,27000,0,0,0,39000,12000,27000,27000
049318,樺漢凱基94購01  ,0,0,0,0,0,0,0,0,0,27000,0,0,0,27000,0,27000,27000
047724,智邦群益93購03  ,0,0,0,0,0,0,0,0,0,27000,0,0,0,59000,32000,27000,27000
049742,日月光群益94購02,0,0,0,0,0,0,0,0,0,27000,0,0,0,38000,11000,27000,27000
051254,健策元大96購04  ,0,0,0,0,0,0,0,0,0,27000,0,0,0,27000,0,27000,27000
052892,大成鋼群益96購01,0,0,0,0,0,0,0,0,0,27000,0,0,0,42000,15000,27000,27000
051872,矽力凱基96購01  ,0,0,0,0,0,0,0,0,0,27000,0,0,0,27000,0,27000,27000
052170,台積電元大95購20,0,0,0,0,0,0,0,0,0,27000,0,0,0,107000,80000,27000,27000
6206,飛捷            ,83000,53000,30000,0,0,0,0,0,0,-3000,0,3000,-3000,0,0,0,27000
054539,欣興國票98購01  ,0,0,0,0,0,0,0,0,0,26000,0,0,0,74000,48000,26000,26000
054520,健鼎元大96購02  ,0,0,0,0,0,0,0,0,0,26000,0,0,0,130000,104000,26000,26000
054757,南亞國票98購01  ,0,0,0,0,0,0,0,0,0,26000,0,0,0,26000,0,26000,26000
055084,國巨第一97購01  ,0,0,0,0,0,0,0,0,0,26000,0,0,0,26000,0,26000,26000
055063,玉晶光永豐99購01,0,0,0,0,0,0,0,0,0,26000,0,0,0,81000,55000,26000,26000
05501P,健策國票97售01  ,0,0,0,0,0,0,0,0,0,26000,0,0,0,778000,752000,26000,26000
055845,大立光元大97購08,0,0,0,0,0,0,0,0,0,26000,0,0,0,26000,0,26000,26000
056477,欣興元大98購02  ,0,0,0,0,0,0,0,0,0,26000,0,0,0,77000,51000,26000,26000
047127,臻鼎中信95購01  ,0,0,0,0,0,0,0,0,0,26000,0,0,0,31000,5000,26000,26000
047177,上銀元大93購05  ,0,0,0,0,0,0,0,0,0,26000,0,0,0,50000,24000,26000,26000
05010P,台郡元富95售01  ,0,0,0,0,0,0,0,0,0,26000,0,0,0,26000,0,26000,26000
050230,聯發科麥證94購02,0,0,0,168000,142000,26000,0,0,0,26000,0,0,0,168000,142000,26000,26000
050385,貿聯國票95購02  ,0,0,0,0,0,0,0,0,0,26000,0,0,0,88000,62000,26000,26000
045308,泰鼎元大93購02  ,0,0,0,0,0,0,0,0,0,26000,0,0,0,35000,9000,26000,26000
046871,美律元富93購01  ,0,0,0,0,0,0,0,0,0,26000,0,0,0,26000,0,26000,26000
045235,致茂中信93購01  ,0,0,0,0,0,0,0,0,0,26000,0,0,0,26000,0,26000,26000
00686R,群益臺灣加權反1 ,0,0,0,0,0,0,0,0,0,26000,0,0,0,75000,49000,26000,26000
051086,鴻海元大96購04  ,0,0,0,0,0,0,0,0,0,26000,0,0,0,425000,399000,26000,26000
051007,台光電麥證95購01,0,0,0,102000,76000,26000,0,0,0,26000,0,0,0,102000,76000,26000,26000
048918,上証2X永豐94購01,0,0,0,0,0,0,0,0,0,26000,0,0,0,26000,0,26000,26000
048788,華新科元大95購02,0,0,0,0,0,0,0,0,0,26000,0,0,0,49000,23000,26000,26000
049414,台積電凱基94購18,0,0,0,0,0,0,0,0,0,26000,0,0,0,28000,2000,26000,26000
049546,正崴群益94購01  ,0,0,0,0,0,0,0,0,0,26000,0,0,0,26000,0,26000,26000
052337,臺股指日盛95購02,0,0,0,0,0,0,0,0,0,26000,0,0,0,40000,14000,26000,26000
051701,華通群益97購01  ,0,0,0,0,0,0,0,0,0,26000,0,0,0,26000,0,26000,26000
052884,台積電兆豐96購01,0,0,0,0,0,0,0,0,0,26000,0,0,0,181000,155000,26000,26000
053152,大立光元大99購01,0,0,0,0,0,0,0,0,0,26000,0,0,0,69000,43000,26000,26000
05321P,鴻海凱基95售17  ,0,0,0,0,0,0,0,0,0,26000,0,0,0,26000,0,26000,26000
053088,奇鋐元大98購01  ,0,0,0,0,0,0,0,0,0,26000,0,0,0,26000,0,26000,26000
053596,嘉澤元大96購01  ,0,0,0,0,0,0,0,0,0,26000,0,0,0,81000,55000,26000,26000
05918P,大立光元大96售11,0,0,0,0,0,0,0,0,0,26000,0,0,0,232000,206000,26000,26000
056332,台郡國票99購01  ,0,0,0,0,0,0,0,0,0,25000,0,0,0,25000,0,25000,25000
056030,華通日盛97購01  ,0,0,0,0,0,0,0,0,0,25000,0,0,0,35000,10000,25000,25000
056180,南茂元富97購01  ,0,0,0,0,0,0,0,0,0,25000,0,0,0,25000,0,25000,25000
055775,友達凱基9A購01  ,0,0,0,0,0,0,0,0,0,25000,0,0,0,98000,73000,25000,25000
054362,亞光凱基96購03  ,0,0,0,0,0,0,0,0,0,25000,0,0,0,55000,30000,25000,25000
054366,和大中信98購01  ,0,0,0,0,0,0,0,0,0,25000,0,0,0,83000,58000,25000,25000
054416,禾伸堂元大97購01,0,0,0,0,0,0,0,0,0,25000,0,0,0,35000,10000,25000,25000
054608,致茂永豐97購01  ,0,0,0,0,0,0,0,0,0,25000,0,0,0,65000,40000,25000,25000
054115,台塑康和96購01  ,0,30000,-30000,0,0,0,0,0,0,55000,0,0,0,55000,0,55000,25000
054344,景碩國票97購04  ,0,0,0,0,0,0,0,0,0,25000,0,0,0,35000,10000,25000,25000
044817,可成兆豐93購01  ,0,0,0,0,0,0,0,0,0,25000,0,0,0,140000,115000,25000,25000
044514,亞光凱基93購02  ,0,0,0,0,0,0,0,0,0,25000,0,0,0,25000,0,25000,25000
046332,同欣電元大92購01,0,0,0,0,0,0,0,0,0,25000,0,0,0,25000,0,25000,25000
042793,台積電台新9C購01,0,0,0,0,0,0,0,0,0,25000,0,0,0,25000,0,25000,25000
046652,上銀元大93購02  ,0,0,0,0,0,0,0,0,0,25000,0,0,0,25000,0,25000,25000
050325,台積電永豐94購05,0,0,0,0,0,0,0,0,0,25000,0,0,0,155000,130000,25000,25000
050450,富邦金元大94購03,0,0,0,0,0,0,0,0,0,25000,0,0,0,25000,0,25000,25000
050128,旺宏凱基94購04  ,0,0,0,0,0,0,0,0,0,25000,0,0,0,33000,8000,25000,25000
047080,仁寶康和93購01  ,0,0,0,0,0,0,0,0,0,25000,0,0,0,35000,10000,25000,25000
047314,大立光元大93購22,0,0,0,0,0,0,0,0,0,25000,0,0,0,25000,0,25000,25000
04930P,國巨統一94售08  ,0,0,0,0,0,0,0,0,0,25000,0,0,0,170000,145000,25000,25000
049139,台積電元大94購06,0,0,0,0,0,0,0,0,0,25000,0,0,0,195000,170000,25000,25000
050014,國巨富邦98購01  ,0,0,0,0,0,0,0,0,0,25000,0,0,0,25000,0,25000,25000
047733,友達兆豐95購01  ,0,0,0,0,0,0,0,0,0,25000,0,0,0,35000,10000,25000,25000
050131,新光金凱基94購01,0,0,0,0,0,0,0,0,0,25000,0,0,0,25000,0,25000,25000
049948,聯發科麥證94購01,0,0,0,90000,65000,25000,0,0,0,25000,0,0,0,90000,65000,25000,25000
048972,晶豪科元大94購01,0,0,0,0,0,0,0,0,0,25000,0,0,0,25000,0,25000,25000
051233,力成群益97購01  ,0,0,0,0,0,0,0,0,0,25000,0,0,0,102000,77000,25000,25000
053528,南電中信9A購01  ,0,0,0,0,0,0,0,0,0,25000,0,0,0,35000,10000,25000,25000
053817,華新科群益97購02,0,0,0,0,0,0,0,0,0,25000,0,0,0,25000,0,25000,25000
053764,A50正2富邦99購01,0,0,0,0,0,0,0,0,0,25000,0,0,0,25000,0,25000,25000
053269,同欣電群益96購01,0,0,0,0,0,0,0,0,0,25000,0,0,0,107000,82000,25000,25000
053360,上証2X元富96購01,0,0,0,0,0,0,0,0,0,25000,0,0,0,507000,482000,25000,25000
052831,華固群益96購01  ,0,0,0,0,0,0,0,0,0,25000,0,0,0,26000,1000,25000,25000
053054,禾伸堂國票97購01,0,0,0,0,0,0,0,0,0,25000,0,0,0,25000,0,25000,25000
051784,國巨兆豐95購01  ,0,0,0,0,0,0,0,0,0,25000,0,0,0,30000,5000,25000,25000
052211,台積電元大95購22,0,0,0,0,0,0,0,0,0,25000,0,0,0,1556000,1531000,25000,25000
052137,台表科凱基96購02,0,0,0,0,0,0,0,0,0,25000,0,0,0,25000,0,25000,25000
052570,華新科凱基96購06,0,0,0,0,0,0,0,0,0,25000,0,0,0,51000,26000,25000,25000
06144P,台光電永豐97售01,0,0,0,0,0,0,0,0,0,25000,0,0,0,32000,7000,25000,25000
4766,南寶            ,52000,6000,46000,0,0,0,0,20000,-20000,-1000,0,1000,-1000,0,0,0,25000
054143,茂林元大96購04  ,0,0,0,0,0,0,0,0,0,24000,0,0,0,40000,16000,24000,24000
055294,智易元大98購01  ,0,0,0,0,0,0,0,0,0,24000,0,0,0,54000,30000,24000,24000
055770,欣興麥證97購01  ,0,0,0,24000,0,24000,0,0,0,24000,0,0,0,24000,0,24000,24000
056026,智易群益97購01  ,0,0,0,0,0,0,0,0,0,24000,0,0,0,34000,10000,24000,24000
056003,智伸科永豐97購02,0,0,0,0,0,0,0,0,0,24000,0,0,0,92000,68000,24000,24000
056308,TPK元大97購02   ,0,0,0,0,0,0,0,0,0,24000,0,0,0,24000,0,24000,24000
047316,大立光元大94購01,0,0,0,0,0,0,0,0,0,24000,0,0,0,29000,5000,24000,24000
047082,元上證永豐93購01,0,0,0,0,0,0,0,0,0,24000,0,0,0,24000,0,24000,24000
046579,台積電元大92購32,0,0,0,0,0,0,0,0,0,24000,0,0,0,24000,0,24000,24000
046586,大立光元大92購26,0,0,0,0,0,0,0,0,0,24000,0,0,0,24000,0,24000,24000
047583,深中小永豐94購01,0,0,0,0,0,0,0,0,0,24000,0,0,0,24000,0,24000,24000
046348,嘉澤兆豐93購01  ,0,0,0,0,0,0,0,0,0,24000,0,0,0,24000,0,24000,24000
044284,聯電凱基92購01  ,0,0,0,0,0,0,0,0,0,24000,0,0,0,25000,1000,24000,24000
051061,中磊群益95購01  ,0,0,0,0,0,0,0,0,0,24000,0,0,0,58000,34000,24000,24000
048162,矽力麥證93購01  ,0,0,0,27000,3000,24000,0,0,0,24000,0,0,0,27000,3000,24000,24000
050901,樺漢元大95購02  ,0,0,0,0,0,0,0,0,0,24000,0,0,0,56000,32000,24000,24000
048121,亞德客元大93購05,0,0,0,0,0,0,0,0,0,24000,0,0,0,29000,5000,24000,24000
050490,上証2X國泰95購01,0,0,0,0,0,0,0,0,0,24000,0,0,0,24000,0,24000,24000
049343,華新科統一94購03,0,0,0,0,0,0,0,0,0,24000,0,0,0,104000,80000,24000,24000
048552,鴻海元大94購03  ,0,0,0,0,0,0,0,0,0,24000,0,0,0,39000,15000,24000,24000
050771,華新科元大94購06,0,0,0,0,0,0,0,0,0,24000,0,0,0,34000,10000,24000,24000
049242,佳世達元富96購01,0,0,0,0,0,0,0,0,0,24000,0,0,0,77000,53000,24000,24000
052247,深中小永豐95購01,0,0,0,0,0,0,0,0,0,24000,0,0,0,24000,0,24000,24000
052762,欣興群益96購01  ,0,0,0,0,0,0,0,0,0,24000,0,0,0,24000,0,24000,24000
052801,友達元大9A購01  ,0,0,0,0,0,0,0,0,0,24000,0,0,0,128000,104000,24000,24000
054023,和大康和96購01  ,0,0,0,0,0,0,0,0,0,24000,0,0,0,24000,0,24000,24000
053482,矽力元大96購03  ,0,0,0,0,0,0,0,0,0,24000,0,0,0,25000,1000,24000,24000
053521,緯穎群益96購02  ,0,0,0,0,0,0,0,0,0,24000,0,0,0,175000,151000,24000,24000
1760,寶齡富錦        ,61000,34000,27000,0,0,0,0,0,0,-3000,0,1000,-1000,0,2000,-2000,24000
2614,東森            ,134000,108000,26000,0,0,0,0,0,0,-2000,0,2000,-2000,0,0,0,24000
056172,鴻海元富97購11  ,0,0,0,0,0,0,0,0,0,23000,0,0,0,43000,20000,23000,23000
055856,新唐元大97購03  ,0,0,0,0,0,0,0,0,0,23000,0,0,0,23000,0,23000,23000
055691,訊芯凱基97購02  ,0,0,0,0,0,0,0,0,0,23000,0,0,0,28000,5000,23000,23000
05538P,玉晶光國票97售02,0,0,0,0,0,0,0,0,0,23000,0,0,0,23000,0,23000,23000
055592,奇力新元大97購07,0,0,0,0,0,0,0,0,0,23000,0,0,0,257000,234000,23000,23000
054945,正崴元大97購01  ,0,0,0,0,0,0,0,0,0,23000,0,0,0,52000,29000,23000,23000
05466P,旺宏富邦97售01  ,0,0,0,0,0,0,0,0,0,23000,0,0,0,24000,1000,23000,23000
054383,傳奇群益97購01  ,0,0,0,0,0,0,0,0,0,23000,0,0,0,54000,31000,23000,23000
043660,華新科元大93購01,0,0,0,0,0,0,0,0,0,23000,0,0,0,23000,0,23000,23000
044134,訊芯凱基93購01  ,0,0,0,0,0,0,0,0,0,23000,0,0,0,23000,0,23000,23000
046351,智邦群益92購01  ,0,0,0,0,0,0,0,0,0,23000,0,0,0,23000,0,23000,23000
046740,大立光群益95購01,0,0,0,0,0,0,0,0,0,23000,0,0,0,23000,0,23000,23000
050072,京鼎凱基94購02  ,0,0,0,0,0,0,0,0,0,23000,0,0,0,38000,15000,23000,23000
049564,聯電統一94購03  ,0,0,0,0,0,0,0,0,0,23000,0,0,0,71000,48000,23000,23000
048279,聯鈞永豐93購01  ,0,0,0,0,0,0,0,0,0,23000,0,0,0,23000,0,23000,23000
048022,儒鴻凱基93購04  ,0,0,0,0,0,0,0,0,0,23000,0,0,0,25000,2000,23000,23000
051062,超眾群益95購02  ,0,0,0,0,0,0,0,0,0,23000,0,0,0,173000,150000,23000,23000
049888,智邦國泰96購01  ,0,0,0,0,0,0,0,0,0,23000,0,0,0,93000,70000,23000,23000
049800,瑞昱元大94購05  ,0,0,0,0,0,0,0,0,0,23000,0,0,0,23000,0,23000,23000
047895,台積電群益94購04,0,0,0,0,0,0,0,0,0,23000,0,0,0,217000,194000,23000,23000
053554,欣興凱基97購02  ,0,0,0,0,0,0,0,0,0,23000,0,0,0,68000,45000,23000,23000
053645,臺股指國票96購08,0,0,0,0,0,0,0,0,0,23000,0,0,0,28000,5000,23000,23000
053990,晶技兆豐96購01  ,0,0,0,0,0,0,0,0,0,23000,0,0,0,23000,0,23000,23000
053873,力成元大96購03  ,0,0,0,0,0,0,0,0,0,23000,0,0,0,146000,123000,23000,23000
051833,昇陽半元大96購01,0,0,0,0,0,0,0,0,0,23000,0,0,0,43000,20000,23000,23000
051678,鈺齊元大95購02  ,0,0,0,0,0,0,0,0,0,23000,0,0,0,23000,0,23000,23000
051366,康友國泰97購01  ,0,0,0,0,0,0,0,0,0,23000,0,0,0,32000,9000,23000,23000
2104,國際中橡        ,385000,333000,52000,0,0,0,0,0,0,-29000,0,31000,-31000,3000,1000,2000,23000
05966P,矽力凱基96售03  ,0,0,0,0,0,0,0,0,0,23000,0,0,0,23000,0,23000,23000
054946,億光元大97購01  ,0,0,0,0,0,0,0,0,0,22000,0,0,0,80000,58000,22000,22000
054940,台積電元大97購16,0,0,0,0,0,0,0,0,0,22000,0,0,0,123000,101000,22000,22000
054915,興勤凱基97購01  ,0,0,0,0,0,0,0,0,0,22000,0,0,0,120000,98000,22000,22000
054873,帆宣群益99購01  ,0,0,0,0,0,0,0,0,0,22000,0,0,0,22000,0,22000,22000
054900,金寶康和97購01  ,0,0,0,0,0,0,0,0,0,22000,0,0,0,464000,442000,22000,22000
055251,華新科統一99購01,0,0,0,0,0,0,0,0,0,22000,0,0,0,53000,31000,22000,22000
055335,健策兆豐98購01  ,0,0,0,0,0,0,0,0,0,22000,0,0,0,22000,0,22000,22000
056019,燿華群益97購02  ,0,0,0,0,0,0,0,0,0,22000,0,0,0,39000,17000,22000,22000
056281,深中小永豐97購01,0,0,0,0,0,0,0,0,0,22000,0,0,0,22000,0,22000,22000
050318,景碩國票94購02  ,0,0,0,0,0,0,0,0,0,22000,0,0,0,124000,102000,22000,22000
046781,A50永豐93購01   ,0,0,0,0,0,0,0,0,0,22000,0,0,0,22000,0,22000,22000
045080,大立光元大93購06,0,0,0,0,0,0,0,0,0,22000,0,0,0,22000,0,22000,22000
045081,大立光元大93購07,0,0,0,0,0,0,0,0,0,22000,0,0,0,22000,0,22000,22000
046216,滬深2X富邦93購02,0,0,0,0,0,0,0,0,0,22000,0,0,0,22000,0,22000,22000
046229,大立光元大92購19,0,0,0,0,0,0,0,0,0,22000,0,0,0,22000,0,22000,22000
046037,大立光元大92購16,0,0,0,0,0,0,0,0,0,22000,0,0,0,22000,0,22000,22000
046121,大立光元大92購18,0,0,0,0,0,0,0,0,0,22000,0,0,0,22000,0,22000,22000
046122,晶技元大92購01  ,0,0,0,0,0,0,0,0,0,22000,0,0,0,22000,0,22000,22000
041909,大立光元大92購01,0,0,0,0,0,0,0,0,0,22000,0,0,0,22000,0,22000,22000
04179P,滬深2X國票93售03,0,0,0,0,0,0,0,0,0,22000,0,0,0,36000,14000,22000,22000
043511,上銀富邦93購01  ,0,0,0,0,0,0,0,0,0,22000,0,0,0,42000,20000,22000,22000
048811,鴻海日盛94購01  ,0,0,0,0,0,0,0,0,0,22000,0,0,0,51000,29000,22000,22000
050638,創意國票94購02  ,0,0,0,0,0,0,0,0,0,22000,0,0,0,22000,0,22000,22000
049806,臺企銀元大94購01,0,0,0,0,0,0,0,0,0,22000,0,0,0,22000,0,22000,22000
049019,美律群益94購02  ,0,0,0,0,0,0,0,0,0,22000,0,0,0,86000,64000,22000,22000
050940,嘉澤國票95購01  ,0,0,0,0,0,0,0,0,0,22000,0,0,0,60000,38000,22000,22000
048239,嘉澤國票93購01  ,0,0,0,0,0,0,0,0,0,22000,0,0,0,32000,10000,22000,22000
047805,台積電凱基93購21,0,0,0,0,0,0,0,0,0,22000,0,0,0,22000,0,22000,22000
048530,大立光國票93購04,0,0,0,0,0,0,0,0,0,22000,0,0,0,22000,0,22000,22000
05054P,臻鼎群益95售02  ,0,0,0,0,0,0,0,0,0,22000,0,0,0,43000,21000,22000,22000
049611,緯穎兆豐95購02  ,0,0,0,0,0,0,0,0,0,22000,0,0,0,22000,0,22000,22000
051313,緯創麥證95購02  ,0,0,0,62000,40000,22000,0,0,0,22000,0,0,0,62000,40000,22000,22000
051501,康友群益95購02  ,0,0,0,0,0,0,0,0,0,22000,0,0,0,22000,0,22000,22000
052004,泰碩國泰97購03  ,0,0,0,0,0,0,0,0,0,22000,0,0,0,22000,0,22000,22000
052328,台表科中信99購01,0,0,0,0,0,0,0,0,0,22000,0,0,0,23000,1000,22000,22000
052647,晶技永豐97購01  ,0,0,0,0,0,0,0,0,0,22000,0,0,0,22000,0,22000,22000
05934P,國巨凱基96售13  ,0,0,0,0,0,0,0,0,0,22000,0,0,0,56000,34000,22000,22000
06068P,玉晶光康和97售01,0,0,0,0,0,0,0,0,0,22000,0,0,0,43000,21000,22000,22000
06388P,鴻海兆豐97售04  ,0,0,0,0,0,0,0,0,0,22000,0,0,0,32000,10000,22000,22000
3682,亞太電          ,1060002,1038078,21924,0,0,0,0,0,0,0,0,0,0,0,0,0,21924
056391,大立光富邦9C購01,0,0,0,0,0,0,0,0,0,21000,0,0,0,22000,1000,21000,21000
055666,鴻海群益97購05  ,0,0,0,0,0,0,0,0,0,21000,0,0,0,43000,22000,21000,21000
055676,亞德客凱基97購03,0,0,0,0,0,0,0,0,0,21000,0,0,0,39000,18000,21000,21000
054515,華通元大98購02  ,0,0,0,0,0,0,0,0,0,21000,0,0,0,28000,7000,21000,21000
054594,國巨麥證97購01  ,0,0,0,41000,20000,21000,0,0,0,21000,0,0,0,41000,20000,21000,21000
054203,滬深2X國票96購03,0,0,0,0,0,0,0,0,0,21000,0,0,0,21000,0,21000,21000
00700,富邦恒生國企    ,0,0,0,0,0,0,0,0,0,21000,0,0,0,121000,100000,21000,21000
020002,元富新中國N     ,0,0,0,0,0,0,0,0,0,21000,0,0,0,21000,0,21000,21000
047617,瑞昱凱基93購07  ,0,0,0,0,0,0,0,0,0,21000,0,0,0,31000,10000,21000,21000
042994,葡萄王元大94購02,0,0,0,0,0,0,0,0,0,21000,0,0,0,42000,21000,21000,21000
042168,台灣50凱基96購01,0,0,0,0,0,0,0,0,0,21000,0,0,0,72000,51000,21000,21000
042295,大立光元大92購04,0,0,0,0,0,0,0,0,0,21000,0,0,0,21000,0,21000,21000
046893,華新科群益94購01,0,0,0,0,0,0,0,0,0,21000,0,0,0,65000,44000,21000,21000
050273,GIS元大94購04   ,0,0,0,0,0,0,0,0,0,21000,0,0,0,21000,0,21000,21000
047098,大毅國泰94購01  ,0,0,0,0,0,0,0,0,0,21000,0,0,0,21000,0,21000,21000
047020,智邦元大93購04  ,0,0,0,0,0,0,0,0,0,21000,0,0,0,21000,0,21000,21000
048593,華新科群益93購04,0,0,0,0,0,0,0,0,0,21000,0,0,0,21000,0,21000,21000
049399,台光電群益94購02,0,0,0,0,0,0,0,0,0,21000,0,0,0,21000,0,21000,21000
049386,嘉聯益元大95購01,0,0,0,0,0,0,0,0,0,21000,0,0,0,26000,5000,21000,21000
05087P,GIS國泰96售01   ,0,0,0,0,0,0,0,0,0,21000,0,0,0,63000,42000,21000,21000
048055,燿華國泰95購02  ,0,0,0,0,0,0,0,0,0,21000,0,0,0,21000,0,21000,21000
049811,聯鈞元大94購01  ,0,0,0,0,0,0,0,0,0,21000,0,0,0,32000,11000,21000,21000
050688,大立光日盛94購03,0,0,0,0,0,0,0,0,0,21000,0,0,0,41000,20000,21000,21000
048837,牧德凱基94購04  ,0,0,0,0,0,0,0,0,0,21000,0,0,0,41000,20000,21000,21000
047982,奇力新群益93購05,0,0,0,0,0,0,0,0,0,21000,0,0,0,21000,0,21000,21000
052686,華新科元大96購03,0,0,0,0,0,0,0,0,0,21000,0,0,0,26000,5000,21000,21000
052448,新光金元大96購03,0,0,0,0,0,0,0,0,0,21000,0,0,0,21000,0,21000,21000
052370,滬深2X元大95購04,0,0,0,0,0,0,0,0,0,21000,0,0,0,103000,82000,21000,21000
052388,旺宏群益96購05  ,0,0,0,0,0,0,0,0,0,21000,0,0,0,53000,32000,21000,21000
052231,景碩凱基96購01  ,0,0,0,0,0,0,0,0,0,21000,0,0,0,21000,0,21000,21000
051552,牧德永豐95購03  ,0,0,0,0,0,0,0,0,0,21000,0,0,0,140000,119000,21000,21000
051340,健策永豐95購03  ,0,0,0,0,0,0,0,0,0,21000,0,0,0,21000,0,21000,21000
053888,和大群益97購01  ,0,0,0,0,0,0,0,0,0,21000,0,0,0,43000,22000,21000,21000
053927,牧德國票97購01  ,0,0,0,0,0,0,0,0,0,21000,0,0,0,68000,47000,21000,21000
052743,華新科元大97購01,0,0,0,0,0,0,0,0,0,21000,0,0,0,21000,0,21000,21000
053093,緯穎元大96購06  ,0,0,0,0,0,0,0,0,0,21000,0,0,0,188000,167000,21000,21000
053123,京元電凱基96購01,0,0,0,0,0,0,0,0,0,21000,0,0,0,21000,0,21000,21000
3346,麗清            ,34000,12000,22000,0,0,0,0,0,0,-1000,0,1000,-1000,0,0,0,21000
2499,東貝            ,105000,83000,22000,0,0,0,0,0,0,-1000,0,1000,-1000,0,0,0,21000
054315,訊芯凱基98購01  ,0,0,0,0,0,0,0,0,0,20000,0,0,0,20000,0,20000,20000
054294,世芯元大96購02  ,0,0,0,0,0,0,0,0,0,20000,0,0,0,53000,33000,20000,20000
054110,群創凱基98購09  ,0,0,0,0,0,0,0,0,0,20000,0,0,0,20000,0,20000,20000
054065,樺漢國票97購01  ,0,0,0,0,0,0,0,0,0,20000,0,0,0,60000,40000,20000,20000
054070,創意國泰96購02  ,0,0,0,0,0,0,0,0,0,20000,0,0,0,30000,10000,20000,20000
054536,宏達電富邦97購03,0,0,0,0,0,0,0,0,0,20000,0,0,0,20000,0,20000,20000
054993,南亞科元富97購03,0,0,0,0,0,0,0,0,0,20000,0,0,0,20000,0,20000,20000
055116,康控凱基98購01  ,0,0,0,0,0,0,0,0,0,20000,0,0,0,20000,0,20000,20000
054851,樺漢兆豐97購01  ,0,0,0,0,0,0,0,0,0,20000,0,0,0,20000,0,20000,20000
054908,群電康和97購01  ,0,0,0,0,0,0,0,0,0,20000,0,0,0,20000,0,20000,20000
054973,台郡元大98購02  ,0,0,0,0,0,0,0,0,0,20000,0,0,0,69000,49000,20000,20000
054688,兆赫永豐97購01  ,0,0,0,0,0,0,0,0,0,20000,0,0,0,20000,0,20000,20000
055619,同欣電國票98購02,0,0,0,0,0,0,0,0,0,20000,0,0,0,20000,0,20000,20000
055678,上銀凱基97購02  ,0,0,0,0,0,0,0,0,0,20000,0,0,0,20000,0,20000,20000
055382,台郡元大99購01  ,0,0,0,0,0,0,0,0,0,20000,0,0,0,20000,0,20000,20000
055566,台表科凱基97購03,0,0,0,0,0,0,0,0,0,20000,0,0,0,30000,10000,20000,20000
055569,聚陽統一98購01  ,0,0,0,0,0,0,0,0,0,20000,0,0,0,57000,37000,20000,20000
055470,南亞科凱基97購01,0,0,0,0,0,0,0,0,0,20000,0,0,0,20000,0,20000,20000
056386,TPK國泰99購01   ,0,0,0,0,0,0,0,0,0,20000,0,0,0,45000,25000,20000,20000
056295,國巨元大97購16  ,0,0,0,0,0,0,0,0,0,20000,0,0,0,65000,45000,20000,20000
056227,奇力新凱基98購04,0,0,0,0,0,0,0,0,0,20000,0,0,0,57000,37000,20000,20000
055941,百和群益98購02  ,0,0,0,0,0,0,0,0,0,20000,0,0,0,20000,0,20000,20000
056124,華通國票98購02  ,0,0,0,0,0,0,0,0,0,20000,0,0,0,20000,0,20000,20000
047032,台虹元大93購01  ,0,0,0,0,0,0,0,0,0,20000,0,0,0,20000,0,20000,20000
045608,鴻海群益93購02  ,0,0,0,0,0,0,0,0,0,20000,0,0,0,30000,10000,20000,20000
045592,台郡元大92購04  ,0,0,0,0,0,0,0,0,0,20000,0,0,0,20000,0,20000,20000
047072,義隆兆豐94購01  ,0,0,0,0,0,0,0,0,0,20000,0,0,0,20000,0,20000,20000
047135,可成凱基93購05  ,0,0,0,0,0,0,0,0,0,20000,0,0,0,20000,0,20000,20000
047182,智邦元大93購07  ,0,0,0,0,0,0,0,0,0,20000,0,0,0,20000,0,20000,20000
047199,鴻海元富93購03  ,0,0,0,0,0,0,0,0,0,20000,0,0,0,20000,0,20000,20000
047200,鴻海元富93購04  ,0,0,0,0,0,0,0,0,0,20000,0,0,0,70000,50000,20000,20000
047201,鴻海元富93購05  ,0,0,0,0,0,0,0,0,0,20000,0,0,0,70000,50000,20000,20000
050291,聯發科凱基94購16,0,0,0,0,0,0,0,0,0,20000,0,0,0,62000,42000,20000,20000
047344,亞德客凱基93購02,0,0,0,0,0,0,0,0,0,20000,0,0,0,20000,0,20000,20000
050124,元金2X凱基95購01,0,0,0,0,0,0,0,0,0,20000,0,0,0,20000,0,20000,20000
050480,健策國票95購04  ,0,0,0,0,0,0,0,0,0,20000,0,0,0,23000,3000,20000,20000
050436,大立光凱基94購18,0,0,0,0,0,0,0,0,0,20000,0,0,0,20000,0,20000,20000
050429,漢唐凱基94購04  ,0,0,0,0,0,0,0,0,0,20000,0,0,0,50000,30000,20000,20000
046889,燿華群益93購02  ,0,0,0,0,0,0,0,0,0,20000,0,0,0,20000,0,20000,20000
046222,上銀元大92購08  ,0,0,0,0,0,0,0,0,0,20000,0,0,0,20000,0,20000,20000
046862,台郡元大94購01  ,0,0,0,0,0,0,0,0,0,20000,0,0,0,20000,0,20000,20000
045276,臻鼎統一92購01  ,0,0,0,0,0,0,0,0,0,20000,0,0,0,20000,0,20000,20000
045348,大立光凱基93購06,0,0,0,0,0,0,0,0,0,20000,0,0,0,20000,0,20000,20000
04532P,臺股指凱基94售04,0,0,0,0,0,0,0,0,0,20000,0,0,0,20000,0,20000,20000
046119,國泰金元大92購02,0,0,0,0,0,0,0,0,0,20000,0,0,0,20000,0,20000,20000
046088,台光電兆豐92購02,0,0,0,0,0,0,0,0,0,20000,0,0,0,20000,0,20000,20000
046080,同欣電凱基92購03,0,0,0,0,0,0,0,0,0,20000,0,0,0,20000,0,20000,20000
046140,景碩統一92購01  ,0,0,0,0,0,0,0,0,0,20000,0,0,0,20000,0,20000,20000
045843,燿華台新92購01  ,0,0,0,0,0,0,0,0,0,20000,0,0,0,20000,0,20000,20000
045865,緯穎統一93購02  ,0,0,0,0,0,0,0,0,0,20000,0,0,0,20000,0,20000,20000
046574,泰鼎國泰94購01  ,0,0,0,0,0,0,0,0,0,20000,0,0,0,250000,230000,20000,20000
046413,大立光元大92購22,0,0,0,0,0,0,0,0,0,20000,0,0,0,20000,0,20000,20000
046381,緯創凱基93購03  ,0,0,0,0,0,0,0,0,0,20000,0,0,0,20000,0,20000,20000
046377,聯發科凱基92購03,0,0,0,0,0,0,0,0,0,20000,0,0,0,60000,40000,20000,20000
046387,臻鼎凱基92購04  ,0,0,0,0,0,0,0,0,0,20000,0,0,0,20000,0,20000,20000
046814,鴻海凱基93購20  ,0,0,0,0,0,0,0,0,0,20000,0,0,0,20000,0,20000,20000
045152,大立光凱基93購03,0,0,0,0,0,0,0,0,0,20000,0,0,0,30000,10000,20000,20000
046737,鴻海群益93購04  ,0,0,0,0,0,0,0,0,0,20000,0,0,0,20000,0,20000,20000
043051,天鈺國泰93購01  ,0,0,0,0,0,0,0,0,0,20000,0,0,0,20000,0,20000,20000
047574,和大群益93購03  ,0,0,0,0,0,0,0,0,0,20000,0,0,0,20000,0,20000,20000
047548,友達凱基99購03  ,0,0,0,0,0,0,0,0,0,20000,0,0,0,42000,22000,20000,20000
047406,香港反統一94購01,0,0,0,0,0,0,0,0,0,20000,0,0,0,20000,0,20000,20000
046350,上銀群益92購02  ,0,0,0,0,0,0,0,0,0,20000,0,0,0,20000,0,20000,20000
046335,矽創元大92購04  ,0,0,0,0,0,0,0,0,0,20000,0,0,0,20000,0,20000,20000
046277,可成台新92購01  ,0,0,0,0,0,0,0,0,0,20000,0,0,0,20000,0,20000,20000
046286,高鐵兆豐93購01  ,0,0,0,0,0,0,0,0,0,20000,0,0,0,20000,0,20000,20000
04625P,燿華元大94售03  ,0,0,0,0,0,0,0,0,0,20000,0,0,0,53000,33000,20000,20000
041916,大立光中信93購01,0,0,0,0,0,0,0,0,0,20000,0,0,0,20000,0,20000,20000
04210P,鴻海凱基93售36  ,0,0,0,0,0,0,0,0,0,20000,0,0,0,90000,70000,20000,20000
044304,臻鼎兆豐93購01  ,0,0,0,0,0,0,0,0,0,20000,0,0,0,20000,0,20000,20000
045013,大立光元大93購04,0,0,0,0,0,0,0,0,0,20000,0,0,0,20000,0,20000,20000
043605,創意元大93購01  ,0,0,0,0,0,0,0,0,0,20000,0,0,0,130000,110000,20000,20000
01002T,土銀國泰R1      ,20000,0,20000,0,0,0,0,0,0,0,0,0,0,0,0,0,20000
00645,富邦日本        ,0,0,0,0,0,0,0,0,0,20000,0,0,0,310000,290000,20000,20000
03111P,元油2X富邦97售01,0,0,0,0,0,0,0,0,0,20000,0,0,0,20000,0,20000,20000
03917P,鴻海凱基94售07  ,0,0,0,0,0,0,0,0,0,20000,0,0,0,70000,50000,20000,20000
03857P,聯發科元富99售02,0,0,0,0,0,0,0,0,0,20000,0,0,0,20000,0,20000,20000
04014P,聯發科元大93售18,0,0,0,0,0,0,0,0,0,20000,0,0,0,100000,80000,20000,20000
03796P,宏碁元大93售01  ,0,0,0,0,0,0,0,0,0,20000,0,0,0,20000,0,20000,20000
03777P,華通中信95售01  ,0,0,0,0,0,0,0,0,0,20000,0,0,0,20000,0,20000,20000
043529,泰鼎元大92購01  ,0,0,0,0,0,0,0,0,0,20000,0,0,0,20000,0,20000,20000
044741,玉山金富邦93購01,0,0,0,0,0,0,0,0,0,20000,0,0,0,22000,2000,20000,20000
044563,亞德客凱基92購01,0,0,0,0,0,0,0,0,0,20000,0,0,0,20000,0,20000,20000
044711,台郡元大93購01  ,0,0,0,0,0,0,0,0,0,20000,0,0,0,20000,0,20000,20000
03184P,台積電元大01售48,0,0,0,0,0,0,0,0,0,20000,0,0,0,20000,0,20000,20000
044437,台郡元大92購02  ,0,0,0,0,0,0,0,0,0,20000,0,0,0,20000,0,20000,20000
03637C,臺股指凱基94牛18,0,0,0,0,0,0,0,0,0,20000,0,0,0,20000,0,20000,20000
047993,鑽全元大96購01  ,0,0,0,0,0,0,0,0,0,20000,0,0,0,20000,0,20000,20000
048986,訊連元大94購01  ,0,0,0,0,0,0,0,0,0,20000,0,0,0,20000,0,20000,20000
050192,康控元大97購01  ,0,0,0,0,0,0,0,0,0,20000,0,0,0,30000,10000,20000,20000
047915,鴻海凱基93購27  ,0,0,0,0,0,0,0,0,0,20000,0,0,0,20000,0,20000,20000
048766,禾伸堂凱基94購01,0,0,0,0,0,0,0,0,0,20000,0,0,0,34000,14000,20000,20000
047830,智邦元大93購08  ,0,0,0,0,0,0,0,0,0,20000,0,0,0,20000,0,20000,20000
050672,上証2X富邦97購01,0,0,0,0,0,0,0,0,0,20000,0,0,0,30000,10000,20000,20000
050610,鴻海元大94購24  ,0,0,0,0,0,0,0,0,0,20000,0,0,0,159000,139000,20000,20000
049812,致伸元大94購03  ,0,0,0,0,0,0,0,0,0,20000,0,0,0,20000,0,20000,20000
049833,正文凱基94購05  ,0,0,0,0,0,0,0,0,0,20000,0,0,0,20000,0,20000,20000
04988P,楠梓電元大94售01,0,0,0,0,0,0,0,0,0,20000,0,0,0,20000,0,20000,20000
049955,崇越群益95購01  ,0,0,0,0,0,0,0,0,0,20000,0,0,0,20000,0,20000,20000
049911,智邦元大94購05  ,0,0,0,0,0,0,0,0,0,20000,0,0,0,22000,2000,20000,20000
048030,聯發科凱基93購27,0,0,0,0,0,0,0,0,0,20000,0,0,0,20000,0,20000,20000
048999,康普國票95購01  ,0,0,0,0,0,0,0,0,0,20000,0,0,0,20000,0,20000,20000
048114,景碩群益93購02  ,0,0,0,0,0,0,0,0,0,20000,0,0,0,31000,11000,20000,20000
048155,瑞昱兆豐93購01  ,0,0,0,0,0,0,0,0,0,20000,0,0,0,20000,0,20000,20000
050930,矽格凱基95購01  ,0,0,0,0,0,0,0,0,0,20000,0,0,0,20000,0,20000,20000
051160,亞德客元大95購02,0,0,0,0,0,0,0,0,0,20000,0,0,0,74000,54000,20000,20000
051199,鴻海麥證95購03  ,0,0,0,20000,0,20000,0,0,0,20000,0,0,0,20000,0,20000,20000
050768,聯發科元大94購16,0,0,0,0,0,0,0,0,0,20000,0,0,0,20000,0,20000,20000
049340,鴻海統一94購03  ,0,0,0,0,0,0,0,0,0,20000,0,0,0,20000,0,20000,20000
049333,深中小統一94購03,0,0,0,0,0,0,0,0,0,20000,0,0,0,20000,0,20000,20000
048567,台郡元大93購03  ,0,0,0,0,0,0,0,0,0,20000,0,0,0,20000,0,20000,20000
050486,可成元富94購05  ,0,0,0,0,0,0,0,0,0,20000,0,0,0,30000,10000,20000,20000
047760,元油反元大96購03,0,0,0,0,0,0,0,0,0,20000,0,0,0,20000,0,20000,20000
047815,大立光凱基93購25,0,0,0,0,0,0,0,0,0,20000,0,0,0,20000,0,20000,20000
048285,華新科亞東93購01,0,0,0,0,0,0,0,0,0,20000,0,0,0,20000,0,20000,20000
047726,友達群益94購02  ,0,0,0,0,0,0,0,0,0,20000,0,0,0,22000,2000,20000,20000
047653,上銀兆豐94購01  ,0,0,0,0,0,0,0,0,0,20000,0,0,0,20000,0,20000,20000
049625,智易群益95購01  ,0,0,0,0,0,0,0,0,0,20000,0,0,0,20000,0,20000,20000
049631,臺股指群益94購04,0,0,0,0,0,0,0,0,0,20000,0,0,0,20000,0,20000,20000
04928P,大立光凱基95售07,0,0,0,0,0,0,0,0,0,20000,0,0,0,20000,0,20000,20000
050599,美食麥證94購01  ,0,0,0,20000,0,20000,0,0,0,20000,0,0,0,20000,0,20000,20000
048900,精成科國泰95購01,0,0,0,0,0,0,0,0,0,20000,0,0,0,30000,10000,20000,20000
049525,華新科兆豐94購01,0,0,0,0,0,0,0,0,0,20000,0,0,0,21000,1000,20000,20000
048756,志超元富96購02  ,0,0,0,0,0,0,0,0,0,20000,0,0,0,50000,30000,20000,20000
04874P,高股息中信97售01,0,0,0,0,0,0,0,0,0,20000,0,0,0,20000,0,20000,20000
053083,中環元大99購01  ,0,0,0,0,0,0,0,0,0,20000,0,0,0,20000,0,20000,20000
053155,晶技元大97購02  ,0,0,0,0,0,0,0,0,0,20000,0,0,0,40000,20000,20000,20000
053384,聯發科元大96購13,0,0,0,0,0,0,0,0,0,20000,0,0,0,760000,740000,20000,20000
052735,燿華富邦98購01  ,0,0,0,0,0,0,0,0,0,20000,0,0,0,20000,0,20000,20000
052797,樺漢兆豐96購01  ,0,0,0,0,0,0,0,0,0,20000,0,0,0,25000,5000,20000,20000
052839,上海銀國泰97購01,0,0,0,0,0,0,0,0,0,20000,0,0,0,75000,55000,20000,20000
05306P,泰碩國泰97售01  ,0,0,0,0,0,0,0,0,0,20000,0,0,0,22000,2000,20000,20000
053023,泰鼎國泰97購01  ,0,0,0,0,0,0,0,0,0,20000,0,0,0,20000,0,20000,20000
052998,拓凱康和96購01  ,0,0,0,0,0,0,0,0,0,20000,0,0,0,20000,0,20000,20000
052975,嘉聯益群益96購01,0,0,0,0,0,0,0,0,0,20000,0,0,0,20000,0,20000,20000
053916,漢唐國票97購04  ,0,0,0,0,0,0,0,0,0,20000,0,0,0,30000,10000,20000,20000
053799,矽創中信9A購01  ,0,0,0,0,0,0,0,0,0,20000,0,0,0,20000,0,20000,20000
053674,臺股指元富96購01,0,0,0,0,0,0,0,0,0,20000,0,0,0,20000,0,20000,20000
053713,漢唐凱基96購04  ,0,0,0,0,0,0,0,0,0,20000,0,0,0,72000,52000,20000,20000
053467,鴻海元大96購20  ,0,0,0,0,0,0,0,0,0,20000,0,0,0,262000,242000,20000,20000
051314,嘉聯益麥證96購01,0,0,0,20000,0,20000,0,0,0,20000,0,0,0,20000,0,20000,20000
051292,牧德統一97購01  ,0,0,0,0,0,0,0,0,0,20000,0,0,0,20000,0,20000,20000
051312,國泰金麥證95購01,0,0,0,20000,0,20000,0,0,0,20000,0,0,0,20000,0,20000,20000
051318,上銀國票96購01  ,0,0,0,0,0,0,0,0,0,20000,0,0,0,20000,0,20000,20000
051748,超眾國泰96購01  ,0,0,0,0,0,0,0,0,0,20000,0,0,0,76000,56000,20000,20000
052158,華泰永豐95購01  ,0,0,0,0,0,0,0,0,0,20000,0,0,0,20000,0,20000,20000
052441,亞泥元大95購01  ,0,0,0,0,0,0,0,0,0,20000,0,0,0,20000,0,20000,20000
2820,華票            ,397000,322000,75000,0,0,0,0,0,0,-55000,0,55000,-55000,0,0,0,20000
06027P,鴻海台新96售04  ,0,0,0,0,0,0,0,0,0,20000,0,0,0,20000,0,20000,20000
06032P,健策群益97售03  ,0,0,0,0,0,0,0,0,0,20000,0,0,0,21000,1000,20000,20000
06125P,楠梓電元富99售01,0,0,0,0,0,0,0,0,0,20000,0,0,0,43000,23000,20000,20000
06360P,台積電群益97售05,0,0,0,0,0,0,0,0,0,20000,0,0,0,20000,0,20000,20000
06223P,漢唐元富97售02  ,0,0,0,0,0,0,0,0,0,20000,0,0,0,20000,0,20000,20000
06243P,亞光元富97售01  ,0,0,0,0,0,0,0,0,0,20000,0,0,0,20000,0,20000,20000
05815P,台積電凱基97售06,0,0,0,0,0,0,0,0,0,20000,0,0,0,20000,0,20000,20000
055990,矽創元富97購01  ,0,0,0,0,0,0,0,0,0,19000,0,0,0,29000,10000,19000,19000
055580,南茂統一97購01  ,0,0,0,0,0,0,0,0,0,19000,0,0,0,55000,36000,19000,19000
055389,國巨統一98購02  ,0,0,0,0,0,0,0,0,0,19000,0,0,0,25000,6000,19000,19000
055338,GIS兆豐97購01   ,0,0,0,0,0,0,0,0,0,19000,0,0,0,29000,10000,19000,19000
055834,國巨元大97購13  ,0,0,0,0,0,0,0,0,0,19000,0,0,0,69000,50000,19000,19000
054943,群光元大97購01  ,0,0,0,0,0,0,0,0,0,19000,0,0,0,80000,61000,19000,19000
055043,中砂永豐97購01  ,0,0,0,0,0,0,0,0,0,19000,0,0,0,19000,0,19000,19000
055201,興勤群益98購01  ,0,0,0,0,0,0,0,0,0,19000,0,0,0,19000,0,19000,19000
054673,京鼎國泰98購01  ,0,0,0,0,0,0,0,0,0,19000,0,0,0,20000,1000,19000,19000
054624,台積電凱基98購03,0,0,0,0,0,0,0,0,0,19000,0,0,0,25000,6000,19000,19000
054345,世芯國票96購02  ,0,0,0,0,0,0,0,0,0,19000,0,0,0,30000,11000,19000,19000
03425B,臺股指元大9A熊01,0,0,0,0,0,0,0,0,0,19000,0,0,0,24000,5000,19000,19000
03052X,元展49          ,0,0,0,0,0,0,0,0,0,19000,0,0,0,20000,1000,19000,19000
046289,群創兆豐92購03  ,0,0,0,0,0,0,0,0,0,19000,0,0,0,19000,0,19000,19000
046300,嘉聯益富邦94購01,0,0,0,0,0,0,0,0,0,19000,0,0,0,19000,0,19000,19000
042895,鴻海永昌93購03  ,0,0,0,0,0,0,0,0,0,19000,0,0,0,375000,356000,19000,19000
045223,潤泰全元大93購01,0,0,0,0,0,0,0,0,0,19000,0,0,0,29000,10000,19000,19000
050452,智原元大95購04  ,0,0,0,0,0,0,0,0,0,19000,0,0,0,22000,3000,19000,19000
047040,台勝科群益93購01,0,0,0,0,0,0,0,0,0,19000,0,0,0,20000,1000,19000,19000
047090,緯創元富93購01  ,0,0,0,0,0,0,0,0,0,19000,0,0,0,19000,0,19000,19000
04771P,友達元大96售02  ,0,0,0,0,0,0,0,0,0,19000,0,0,0,369000,350000,19000,19000
047787,正崴群益93購01  ,0,0,0,0,0,0,0,0,0,19000,0,0,0,24000,5000,19000,19000
047782,燿華國泰95購01  ,0,0,0,0,0,0,0,0,0,19000,0,0,0,24000,5000,19000,19000
050723,楠梓電國票94購01,0,0,0,0,0,0,0,0,0,19000,0,0,0,60000,41000,19000,19000
05128P,聯發科中信97售03,0,0,0,0,0,0,0,0,0,19000,0,0,0,20000,1000,19000,19000
051040,漢唐永豐95購01  ,0,0,0,0,0,0,0,0,0,19000,0,0,0,122000,103000,19000,19000
050943,楠梓電群益96購01,0,0,0,0,0,0,0,0,0,19000,0,0,0,19000,0,19000,19000
050896,華新科元大96購02,0,0,0,0,0,0,0,0,0,19000,0,0,0,32000,13000,19000,19000
048091,漢唐凱基93購03  ,0,0,0,0,0,0,0,0,0,19000,0,0,0,19000,0,19000,19000
049873,華新科台新94購02,0,0,0,0,0,0,0,0,0,19000,0,0,0,19000,0,19000,19000
050634,華新科群益96購01,0,0,0,0,0,0,0,0,0,19000,0,0,0,22000,3000,19000,19000
050673,旺宏富邦96購02  ,0,0,0,0,0,0,0,0,0,19000,0,0,0,85000,66000,19000,19000
05206P,南茂元大95售01  ,0,0,0,0,0,0,0,0,0,19000,0,0,0,19000,0,19000,19000
052278,國巨凱基95購06  ,0,0,0,0,0,0,0,0,0,19000,0,0,0,19000,0,19000,19000
051769,矽力元大95購01  ,0,0,0,0,0,0,0,0,0,19000,0,0,0,33000,14000,19000,19000
051919,台郡元大96購02  ,0,0,0,0,0,0,0,0,0,19000,0,0,0,19000,0,19000,19000
051522,玉晶光凱基95購05,0,0,0,0,0,0,0,0,0,19000,0,0,0,19000,0,19000,19000
053509,華新群益98購01  ,0,0,0,0,0,0,0,0,0,19000,0,0,0,22000,3000,19000,19000
052948,景碩國票97購02  ,0,0,0,0,0,0,0,0,0,19000,0,0,0,19000,0,19000,19000
053277,大立光元大96購04,0,0,0,0,0,0,0,0,0,19000,0,0,0,31000,12000,19000,19000
053185,友達中信99購01  ,0,0,0,0,0,0,0,0,0,19000,0,0,0,85000,66000,19000,19000
05897P,國巨凱基96售12  ,0,0,0,0,0,0,0,0,0,19000,0,0,0,55000,36000,19000,19000
05924P,超眾元富96售04  ,0,0,0,0,0,0,0,0,0,19000,0,0,0,64000,45000,19000,19000
05985P,燿華統一96售03  ,0,0,0,0,0,0,0,0,0,19000,0,0,0,51000,32000,19000,19000
1439,中和            ,29000,7000,22000,0,0,0,0,0,0,-3000,1000,4000,-3000,0,0,0,19000
8482,商億-KY         ,91000,71000,20000,0,0,0,0,0,0,-1000,0,1000,-1000,0,0,0,19000
054552,聯發科凱基98購03,0,0,0,0,0,0,0,0,0,18000,0,0,0,158000,140000,18000,18000
054463,瑞昱凱基97購01  ,0,0,0,0,0,0,0,0,0,18000,0,0,0,22000,4000,18000,18000
054856,得力群益99購01  ,0,0,0,0,0,0,0,0,0,18000,0,0,0,18000,0,18000,18000
054784,順德群益9A購01  ,0,0,0,0,0,0,0,0,0,18000,0,0,0,18000,0,18000,18000
055309,冠德群益97購01  ,0,0,0,0,0,0,0,0,0,18000,0,0,0,18000,0,18000,18000
056290,正文永豐98購01  ,0,0,0,0,0,0,0,0,0,18000,0,0,0,18000,0,18000,18000
047224,台光電凱基94購01,0,0,0,0,0,0,0,0,0,18000,0,0,0,18000,0,18000,18000
045535,A50正2群益94購01,0,0,0,0,0,0,0,0,0,18000,0,0,0,18000,0,18000,18000
050372,全新元大96購03  ,0,0,0,0,0,0,0,0,0,18000,0,0,0,30000,12000,18000,18000
046581,聯發科元大92購22,0,0,0,0,0,0,0,0,0,18000,0,0,0,18000,0,18000,18000
046915,禾伸堂台新93購01,0,0,0,0,0,0,0,0,0,18000,0,0,0,18000,0,18000,18000
044182,鴻海元富92購01  ,0,0,0,0,0,0,0,0,0,18000,0,0,0,18000,0,18000,18000
044306,瑞儀兆豐93購02  ,0,0,0,0,0,0,0,0,0,18000,0,0,0,18000,0,18000,18000
04434P,玉晶光國票96售02,0,0,0,0,0,0,0,0,0,18000,0,0,0,235000,217000,18000,18000
03841P,聯發科統一93售02,0,0,0,0,0,0,0,0,0,18000,0,0,0,18000,0,18000,18000
049826,光磊凱基94購02  ,0,0,0,0,0,0,0,0,0,18000,0,0,0,18000,0,18000,18000
048981,牧德元大94購01  ,0,0,0,0,0,0,0,0,0,18000,0,0,0,164000,146000,18000,18000
051139,康友永豐95購01  ,0,0,0,0,0,0,0,0,0,18000,0,0,0,18000,0,18000,18000
050018,高股息元大94購02,0,0,0,0,0,0,0,0,0,18000,0,0,0,30000,12000,18000,18000
048281,矽力永豐93購02  ,0,0,0,0,0,0,0,0,0,18000,0,0,0,45000,27000,18000,18000
047703,台積電凱基93購19,0,0,0,0,0,0,0,0,0,18000,0,0,0,21000,3000,18000,18000
049222,和碩國票94購01  ,0,0,0,0,0,0,0,0,0,18000,0,0,0,38000,20000,18000,18000
049117,矽格統一96購01  ,0,0,0,0,0,0,0,0,0,18000,0,0,0,18000,0,18000,18000
053224,矽力凱基96購02  ,0,0,0,0,0,0,0,0,0,18000,0,0,0,23000,5000,18000,18000
053323,群創群益98購07  ,0,0,0,0,0,0,0,0,0,18000,0,0,0,18000,0,18000,18000
053527,創意中信97購01  ,0,0,0,0,0,0,0,0,0,18000,0,0,0,18000,0,18000,18000
053503,臻鼎兆豐97購01  ,0,0,0,0,0,0,0,0,0,18000,0,0,0,58000,40000,18000,18000
053695,智易元大97購02  ,0,0,0,0,0,0,0,0,0,18000,0,0,0,20000,2000,18000,18000
053665,臺股指凱基96購26,0,0,0,0,0,0,0,0,0,18000,0,0,0,18000,0,18000,18000
053557,聯茂凱基96購04  ,0,0,0,0,0,0,0,0,0,18000,0,0,0,18000,0,18000,18000
053754,英業達元富96購02,0,0,0,0,0,0,0,0,0,18000,0,0,0,18000,0,18000,18000
053972,華新科元大96購06,0,0,0,0,0,0,0,0,0,18000,0,0,0,23000,5000,18000,18000
051760,奇力新元大95購04,0,0,0,0,0,0,0,0,0,18000,0,0,0,18000,0,18000,18000
052443,台積電元大95購23,0,0,0,0,0,0,0,0,0,18000,0,0,0,200000,182000,18000,18000
910322,康師傅-DR       ,18000,0,18000,0,0,0,0,0,0,0,0,0,0,0,0,0,18000
1708,東鹼            ,29000,9000,20000,0,0,0,0,0,0,-2000,0,2000,-2000,0,0,0,18000
06428P,國巨元大97售17  ,0,0,0,0,0,0,0,0,0,18000,0,0,0,96000,78000,18000,18000
05967P,臺股指麥證96售02,0,0,0,30000,12000,18000,0,0,0,18000,0,0,0,30000,12000,18000,18000
05790P,臺股指永昌96售07,0,0,0,0,0,0,0,0,0,18000,0,0,0,30000,12000,18000,18000
06134P,緯穎元富97售03  ,0,0,0,0,0,0,0,0,0,18000,0,0,0,40000,22000,18000,18000
05610P,國巨群益98售01  ,0,0,0,0,0,0,0,0,0,17000,0,0,0,26000,9000,17000,17000
055594,華新科元大98購02,0,0,0,0,0,0,0,0,0,17000,0,0,0,22000,5000,17000,17000
055839,瑞昱元大97購04  ,0,0,0,0,0,0,0,0,0,17000,0,0,0,27000,10000,17000,17000
054820,新日興元大97購01,0,0,0,0,0,0,0,0,0,17000,0,0,0,43000,26000,17000,17000
055022,精元國泰99購01  ,0,0,0,0,0,0,0,0,0,17000,0,0,0,17000,0,17000,17000
054593,滬深2X永昌9A購01,0,0,0,0,0,0,0,0,0,17000,0,0,0,17000,0,17000,17000
054299,南電元大96購03  ,0,0,0,0,0,0,0,0,0,17000,0,0,0,35000,18000,17000,17000
05420P,大立光國泰97售03,0,0,0,0,0,0,0,0,0,17000,0,0,0,175000,158000,17000,17000
054263,聯茂元大96購02  ,0,0,0,0,0,0,0,0,0,17000,0,0,0,21000,4000,17000,17000
03064X,元展59          ,0,0,0,0,0,0,0,0,0,17000,0,0,0,20000,3000,17000,17000
00681R,元大美債20反1   ,0,0,0,0,0,0,0,0,0,17000,0,0,0,17000,0,17000,17000
00666R,富邦恒生國企反1 ,0,0,0,0,0,0,0,0,0,17000,0,0,0,101000,84000,17000,17000
041452,滬深2X元富93購01,0,0,0,0,0,0,0,0,0,17000,0,0,0,86000,69000,17000,17000
047603,瑞昱國泰94購01  ,0,0,0,0,0,0,0,0,0,17000,0,0,0,17000,0,17000,17000
046325,日月光元大92購03,0,0,0,0,0,0,0,0,0,17000,0,0,0,17000,0,17000,17000
047517,元油反元大96購01,0,0,0,0,0,0,0,0,0,17000,0,0,0,20000,3000,17000,17000
046154,道瓊指群益94購01,0,0,0,0,0,0,0,0,0,17000,0,0,0,17000,0,17000,17000
046856,健鼎元大93購01  ,0,0,0,0,0,0,0,0,0,17000,0,0,0,17000,0,17000,17000
050213,華新科台新94購03,0,0,0,0,0,0,0,0,0,17000,0,0,0,17000,0,17000,17000
045613,祥碩群益92購01  ,0,0,0,0,0,0,0,0,0,17000,0,0,0,17000,0,17000,17000
04549P,茂林元大94售02  ,0,0,0,0,0,0,0,0,0,17000,0,0,0,17000,0,17000,17000
047144,華通群益94購01  ,0,0,0,0,0,0,0,0,0,17000,0,0,0,17000,0,17000,17000
049622,聯詠群益94購02  ,0,0,0,0,0,0,0,0,0,17000,0,0,0,39000,22000,17000,17000
050774,健策元大96購02  ,0,0,0,0,0,0,0,0,0,17000,0,0,0,190000,173000,17000,17000
050806,華新科日盛95購01,0,0,0,0,0,0,0,0,0,17000,0,0,0,583000,566000,17000,17000
050936,國巨國票95購04  ,0,0,0,0,0,0,0,0,0,17000,0,0,0,23000,6000,17000,17000
050880,大立光元富95購03,0,0,0,0,0,0,0,0,0,17000,0,0,0,61000,44000,17000,17000
050642,和大凱基94購03  ,0,0,0,0,0,0,0,0,0,17000,0,0,0,18000,1000,17000,17000
050612,台積電元大95購06,0,0,0,0,0,0,0,0,0,17000,0,0,0,17000,0,17000,17000
047896,京元電群益93購01,0,0,0,0,0,0,0,0,0,17000,0,0,0,17000,0,17000,17000
047979,中石化群益95購01,0,0,0,0,0,0,0,0,0,17000,0,0,0,20000,3000,17000,17000
052159,瑞昱永豐95購01  ,0,0,0,0,0,0,0,0,0,17000,0,0,0,66000,49000,17000,17000
051741,可成國票97購01  ,0,0,0,0,0,0,0,0,0,17000,0,0,0,30000,13000,17000,17000
051456,鈺齊元大95購01  ,0,0,0,0,0,0,0,0,0,17000,0,0,0,17000,0,17000,17000
053908,貿聯凱基98購01  ,0,0,0,0,0,0,0,0,0,17000,0,0,0,67000,50000,17000,17000
053186,健策中信9C購01  ,0,0,0,0,0,0,0,0,0,17000,0,0,0,126000,109000,17000,17000
053179,大立光統一96購04,0,0,0,0,0,0,0,0,0,17000,0,0,0,17000,0,17000,17000
06113P,台積電群益97售01,0,0,0,0,0,0,0,0,0,17000,0,0,0,47000,30000,17000,17000
06205P,台積電群益97售03,0,0,0,0,0,0,0,0,0,17000,0,0,0,27000,10000,17000,17000
05813P,臺股指國票96售06,0,0,0,0,0,0,0,0,0,17000,0,0,0,35000,18000,17000,17000
2358,廷鑫            ,23000,5000,18000,0,0,0,0,0,0,-1000,0,1000,-1000,0,0,0,17000
054056,華新科國票96購02,0,0,0,0,0,0,0,0,0,16000,0,0,0,16000,0,16000,16000
054718,可成永豐97購01  ,0,0,0,0,0,0,0,0,0,16000,0,0,0,84000,68000,16000,16000
055793,臺股指凱基97購16,0,0,0,0,0,0,0,0,0,16000,0,0,0,21000,5000,16000,16000
055807,勤誠永豐97購01  ,0,0,0,0,0,0,0,0,0,16000,0,0,0,112000,96000,16000,16000
055525,國巨群益98購05  ,0,0,0,0,0,0,0,0,0,16000,0,0,0,78000,62000,16000,16000
055535,緯創群益98購01  ,0,0,0,0,0,0,0,0,0,16000,0,0,0,27000,11000,16000,16000
056174,億光元富97購01  ,0,0,0,0,0,0,0,0,0,16000,0,0,0,63000,47000,16000,16000
047140,滬深2X兆豐94購01,0,0,0,0,0,0,0,0,0,16000,0,0,0,16000,0,16000,16000
047117,禾伸堂元大93購02,0,0,0,0,0,0,0,0,0,16000,0,0,0,16000,0,16000,16000
045555,友達國票93購01  ,0,0,0,0,0,0,0,0,0,16000,0,0,0,16000,0,16000,16000
050376,百和元大95購01  ,0,0,0,0,0,0,0,0,0,16000,0,0,0,16000,0,16000,16000
050425,國巨凱基94購12  ,0,0,0,0,0,0,0,0,0,16000,0,0,0,22000,6000,16000,16000
045731,智易第一92購01  ,0,0,0,0,0,0,0,0,0,16000,0,0,0,16000,0,16000,16000
04591P,上銀元大94售01  ,0,0,0,0,0,0,0,0,0,16000,0,0,0,16000,0,16000,16000
045337,滬深2X凱基95購01,0,0,0,0,0,0,0,0,0,16000,0,0,0,16000,0,16000,16000
047444,晶技元大93購03  ,0,0,0,0,0,0,0,0,0,16000,0,0,0,16000,0,16000,16000
043765,GIS元大93購04   ,0,0,0,0,0,0,0,0,0,16000,0,0,0,19000,3000,16000,16000
00662,富邦NASDAQ      ,0,0,0,0,0,0,0,0,0,16000,0,0,0,128000,112000,16000,16000
044623,奇力新元大92購01,0,0,0,0,0,0,0,0,0,16000,0,0,0,16000,0,16000,16000
050755,和大元富94購01  ,0,0,0,0,0,0,0,0,0,16000,0,0,0,164000,148000,16000,16000
050058,國巨凱基94購06  ,0,0,0,0,0,0,0,0,0,16000,0,0,0,28000,12000,16000,16000
048607,上銀凱基93購11  ,0,0,0,0,0,0,0,0,0,16000,0,0,0,186000,170000,16000,16000
050600,瑞儀國泰95購01  ,0,0,0,0,0,0,0,0,0,16000,0,0,0,46000,30000,16000,16000
048901,矽格國泰95購01  ,0,0,0,0,0,0,0,0,0,16000,0,0,0,26000,10000,16000,16000
04835P,鴻海元大94售18  ,0,0,0,0,0,0,0,0,0,16000,0,0,0,34000,18000,16000,16000
053114,聯茂兆豐97購01  ,0,0,0,0,0,0,0,0,0,16000,0,0,0,16000,0,16000,16000
053280,群創元大9C購01  ,0,0,0,0,0,0,0,0,0,16000,0,0,0,114000,98000,16000,16000
052938,華新科兆豐96購01,0,0,0,0,0,0,0,0,0,16000,0,0,0,16000,0,16000,16000
054025,鴻海凱基96購17  ,0,0,0,0,0,0,0,0,0,16000,0,0,0,36000,20000,16000,16000
053743,康控國票97購02  ,0,0,0,0,0,0,0,0,0,16000,0,0,0,16000,0,16000,16000
053776,台積電元大96購19,0,0,0,0,0,0,0,0,0,16000,0,0,0,16000,0,16000,16000
051528,亞泥國票96購01  ,0,0,0,0,0,0,0,0,0,16000,0,0,0,16000,0,16000,16000
051813,GIS凱基96購02   ,0,0,0,0,0,0,0,0,0,16000,0,0,0,44000,28000,16000,16000
051897,台光電國泰97購01,0,0,0,0,0,0,0,0,0,16000,0,0,0,44000,28000,16000,16000
051989,華固元大95購02  ,0,0,0,0,0,0,0,0,0,16000,0,0,0,16000,0,16000,16000
052241,台郡國票96購01  ,0,0,0,0,0,0,0,0,0,16000,0,0,0,75000,59000,16000,16000
052654,友達統一97購01  ,0,0,0,0,0,0,0,0,0,16000,0,0,0,46000,30000,16000,16000
1526,日馳            ,51000,35000,16000,0,0,0,0,0,0,0,0,0,0,0,0,0,16000
05698P,群創凱基96售01  ,0,0,0,0,0,0,0,0,0,16000,0,0,0,16000,0,16000,16000
06094P,台達電中信97售01,0,0,0,0,0,0,0,0,0,16000,0,0,0,24000,8000,16000,16000
06140P,華新科群益97售06,0,0,0,0,0,0,0,0,0,16000,0,0,0,24000,8000,16000,16000
055923,矽力凱基98購01  ,0,0,0,0,0,0,0,0,0,15000,0,0,0,17000,2000,15000,15000
055593,華新科元大97購10,0,0,0,0,0,0,0,0,0,15000,0,0,0,28000,13000,15000,15000
055828,上銀元大97購05  ,0,0,0,0,0,0,0,0,0,15000,0,0,0,63000,48000,15000,15000
055721,聯詠元大97購04  ,0,0,0,0,0,0,0,0,0,15000,0,0,0,40000,25000,15000,15000
05468P,鴻海元大96售14  ,0,0,0,0,0,0,0,0,0,15000,0,0,0,340000,325000,15000,15000
054846,瑞昱兆豐97購01  ,0,0,0,0,0,0,0,0,0,15000,0,0,0,28000,13000,15000,15000
054967,神達元大97購01  ,0,0,0,0,0,0,0,0,0,15000,0,0,0,15000,0,15000,15000
054156,聯電亞東98購01  ,0,0,0,0,0,0,0,0,0,15000,0,0,0,15000,0,15000,15000
054232,台積電群益96購12,0,0,0,0,0,0,0,0,0,15000,0,0,0,40000,25000,15000,15000
054285,國巨元大98購02  ,0,0,0,0,0,0,0,0,0,15000,0,0,0,48000,33000,15000,15000
044695,國巨元大93購03  ,0,0,0,0,0,0,0,0,0,15000,0,0,0,15000,0,15000,15000
03039P,玉晶光國票02售04,0,0,0,0,0,0,0,0,0,15000,0,0,0,15000,0,15000,15000
03689P,TPK元富93售01   ,0,0,0,0,0,0,0,0,0,15000,0,0,0,15000,0,15000,15000
044126,奇力新凱基93購01,0,0,0,0,0,0,0,0,0,15000,0,0,0,56000,41000,15000,15000
044303,群創兆豐92購01  ,0,0,0,0,0,0,0,0,0,15000,0,0,0,15000,0,15000,15000
044260,滬深2X國泰92購02,0,0,0,0,0,0,0,0,0,15000,0,0,0,15000,0,15000,15000
046116,京元電元大92購05,0,0,0,0,0,0,0,0,0,15000,0,0,0,15000,0,15000,15000
045230,嘉聯益元大93購01,0,0,0,0,0,0,0,0,0,15000,0,0,0,15000,0,15000,15000
04513P,元石油中信94售01,0,0,0,0,0,0,0,0,0,15000,0,0,0,15000,0,15000,15000
04652P,臺股指凱基94售11,0,0,0,0,0,0,0,0,0,15000,0,0,0,15000,0,15000,15000
046543,京元電台新92購01,0,0,0,0,0,0,0,0,0,15000,0,0,0,15000,0,15000,15000
050255,GIS富邦95購01   ,0,0,0,0,0,0,0,0,0,15000,0,0,0,20000,5000,15000,15000
050099,台積電永昌96購01,0,0,0,0,0,0,0,0,0,15000,0,0,0,127000,112000,15000,15000
045645,祥碩凱基93購03  ,0,0,0,0,0,0,0,0,0,15000,0,0,0,45000,30000,15000,15000
045658,儒鴻國泰93購01  ,0,0,0,0,0,0,0,0,0,15000,0,0,0,65000,50000,15000,15000
047269,同欣電康和93購01,0,0,0,0,0,0,0,0,0,15000,0,0,0,15000,0,15000,15000
048498,嘉澤元大94購01  ,0,0,0,0,0,0,0,0,0,15000,0,0,0,58000,43000,15000,15000
049469,元金2X永豐94購01,0,0,0,0,0,0,0,0,0,15000,0,0,0,15000,0,15000,15000
049635,臺股指群益94購08,0,0,0,0,0,0,0,0,0,15000,0,0,0,15000,0,15000,15000
048258,國泰金統一93購01,0,0,0,0,0,0,0,0,0,15000,0,0,0,65000,50000,15000,15000
049326,聯發科元富94購01,0,0,0,0,0,0,0,0,0,15000,0,0,0,15000,0,15000,15000
048867,台積電兆豐95購01,0,0,0,0,0,0,0,0,0,15000,0,0,0,66000,51000,15000,15000
050173,旺宏元大96購02  ,0,0,0,0,0,0,0,0,0,15000,0,0,0,211000,196000,15000,15000
050180,華新科元大95購08,0,0,0,0,0,0,0,0,0,15000,0,0,0,21000,6000,15000,15000
049694,華新科元大95購06,0,0,0,0,0,0,0,0,0,15000,0,0,0,21000,6000,15000,15000
050660,欣興元大96購02  ,0,0,0,0,0,0,0,0,0,15000,0,0,0,15000,0,15000,15000
050694,國巨凱基96購03  ,0,0,0,0,0,0,0,0,0,15000,0,0,0,15000,0,15000,15000
050687,上銀日盛94購01  ,0,0,0,0,0,0,0,0,0,15000,0,0,0,15000,0,15000,15000
049803,華新科元大95購07,0,0,0,0,0,0,0,0,0,15000,0,0,0,23000,8000,15000,15000
049907,鴻海元大94購07  ,0,0,0,0,0,0,0,0,0,15000,0,0,0,30000,15000,15000,15000
048014,貿聯國票93購03  ,0,0,0,0,0,0,0,0,0,15000,0,0,0,15000,0,15000,15000
051178,大立光凱基95購10,0,0,0,0,0,0,0,0,0,15000,0,0,0,75000,60000,15000,15000
051226,英業達群益95購01,0,0,0,0,0,0,0,0,0,15000,0,0,0,35000,20000,15000,15000
051245,南亞科元大95購01,0,0,0,0,0,0,0,0,0,15000,0,0,0,15000,0,15000,15000
051047,深中小群益99購01,0,0,0,0,0,0,0,0,0,15000,0,0,0,323000,308000,15000,15000
051073,同欣電國票96購01,0,0,0,0,0,0,0,0,0,15000,0,0,0,75000,60000,15000,15000
051103,緯穎元大96購03  ,0,0,0,0,0,0,0,0,0,15000,0,0,0,59000,44000,15000,15000
052662,華新科國票97購01,0,0,0,0,0,0,0,0,0,15000,0,0,0,17000,2000,15000,15000
05265P,正崴元大95售03  ,0,0,0,0,0,0,0,0,0,15000,0,0,0,65000,50000,15000,15000
052421,元油反國票9B購01,0,0,0,0,0,0,0,0,0,15000,0,0,0,25000,10000,15000,15000
052536,聯茂國泰97購01  ,0,0,0,0,0,0,0,0,0,15000,0,0,0,30000,15000,15000,15000
051906,國巨元大95購09  ,0,0,0,0,0,0,0,0,0,15000,0,0,0,54000,39000,15000,15000
051781,緯穎群益96購01  ,0,0,0,0,0,0,0,0,0,15000,0,0,0,73000,58000,15000,15000
051619,智邦凱基95購07  ,0,0,0,0,0,0,0,0,0,15000,0,0,0,324000,309000,15000,15000
051609,貿聯群益95購03  ,0,0,0,0,0,0,0,0,0,15000,0,0,0,88000,73000,15000,15000
053809,上銀群益96購02  ,0,0,0,0,0,0,0,0,0,15000,0,0,0,15000,0,15000,15000
053676,新光金國泰98購02,0,0,0,0,0,0,0,0,0,15000,0,0,0,48000,33000,15000,15000
8104,錸寶            ,35000,20000,15000,0,0,0,0,0,0,0,0,0,0,0,0,0,15000
3023,信邦            ,427000,445648,-18648,0,0,0,14000,0,14000,19000,0,6000,-6000,25000,0,25000,14352
054248,燿華元大97購02  ,0,0,0,0,0,0,0,0,0,14000,0,0,0,132000,118000,14000,14000
05411P,台積電國票96售08,0,0,0,0,0,0,0,0,0,14000,0,0,0,17000,3000,14000,14000
054570,易華電群益98購01,0,0,0,0,0,0,0,0,0,14000,0,0,0,14000,0,14000,14000
054523,GIS元大96購05   ,0,0,0,0,0,0,0,0,0,14000,0,0,0,14000,0,14000,14000
054823,祥碩元大97購02  ,0,0,0,0,0,0,0,0,0,14000,0,0,0,14000,0,14000,14000
055012,茂林元富97購01  ,0,0,0,0,0,0,0,0,0,14000,0,0,0,36000,22000,14000,14000
055015,帆宣元富97購01  ,0,0,0,0,0,0,0,0,0,14000,0,0,0,24000,10000,14000,14000
055057,興勤永豐97購01  ,0,0,0,0,0,0,0,0,0,14000,0,0,0,118000,104000,14000,14000
055114,新日興凱基98購01,0,0,0,0,0,0,0,0,0,14000,0,0,0,31000,17000,14000,14000
055240,京元電元富97購01,0,0,0,0,0,0,0,0,0,14000,0,0,0,24000,10000,14000,14000
055718,可成元大97購02  ,0,0,0,0,0,0,0,0,0,14000,0,0,0,118000,104000,14000,14000
055811,國巨國票98購05  ,0,0,0,0,0,0,0,0,0,14000,0,0,0,35000,21000,14000,14000
05576P,群創日盛99售02  ,0,0,0,0,0,0,0,0,0,14000,0,0,0,30000,16000,14000,14000
055879,神達元富97購01  ,0,0,0,0,0,0,0,0,0,14000,0,0,0,20000,6000,14000,14000
055328,鈺齊國票98購01  ,0,30000,-30000,0,0,0,0,0,0,44000,0,0,0,64000,20000,44000,14000
055345,國巨凱基98購01  ,0,0,0,0,0,0,0,0,0,14000,0,0,0,16000,2000,14000,14000
056401,國巨群益98購07  ,0,0,0,0,0,0,0,0,0,14000,0,0,0,34000,20000,14000,14000
047221,日月光麥證93購01,0,0,0,71000,57000,14000,0,0,0,14000,0,0,0,71000,57000,14000,14000
045576,智邦元大92購07  ,0,0,0,0,0,0,0,0,0,14000,0,0,0,14000,0,14000,14000
047369,漢唐國票94購01  ,0,0,0,0,0,0,0,0,0,14000,0,0,0,14000,0,14000,14000
050441,和碩凱基94購01  ,0,0,0,0,0,0,0,0,0,14000,0,0,0,14000,0,14000,14000
050377,華通第一94購01  ,0,0,0,0,0,0,0,0,0,14000,0,0,0,20000,6000,14000,14000
045355,聯鈞凱基92購01  ,0,0,0,0,0,0,0,0,0,14000,0,0,0,14000,0,14000,14000
046968,台積電群益94購03,0,0,0,0,0,0,0,0,0,14000,0,0,0,39000,25000,14000,14000
044834,旺宏元大93購02  ,0,0,0,0,0,0,0,0,0,14000,0,0,0,28000,14000,14000,14000
047437,旺宏元大94購02  ,0,0,0,0,0,0,0,0,0,14000,0,0,0,204000,190000,14000,14000
047488,臺股指凱基93購04,0,0,0,0,0,0,0,0,0,14000,0,0,0,14000,0,14000,14000
04259P,滬深2X群益93售03,0,0,0,0,0,0,0,0,0,14000,0,0,0,14000,0,14000,14000
051104,鈺齊元大96購01  ,0,0,0,0,0,0,0,0,0,14000,0,0,0,31000,17000,14000,14000
051070,正崴國票96購01  ,0,0,0,0,0,0,0,0,0,14000,0,0,0,14000,0,14000,14000
05061P,鴻海富邦96售03  ,0,0,0,0,0,0,0,0,0,14000,0,0,0,24000,10000,14000,14000
048610,華新科凱基94購04,0,0,0,0,0,0,0,0,0,14000,0,0,0,14000,0,14000,14000
048354,滬深2X永豐93購03,0,0,0,0,0,0,0,0,0,14000,0,0,0,14000,0,14000,14000
048394,正崴國票94購01  ,0,0,0,0,0,0,0,0,0,14000,0,0,0,15000,1000,14000,14000
053543,臺股指永豐96購02,0,0,0,0,0,0,0,0,0,14000,0,0,0,15000,1000,14000,14000
053015,緯創統一96購01  ,0,0,0,0,0,0,0,0,0,14000,0,0,0,62000,48000,14000,14000
052823,創意永豐96購02  ,0,0,0,0,0,0,0,0,0,14000,0,0,0,92000,78000,14000,14000
052783,台郡國票97購01  ,0,0,0,0,0,0,0,0,0,14000,0,0,0,14000,0,14000,14000
053274,旺宏元大98購03  ,0,0,0,0,0,0,0,0,0,14000,0,0,0,119000,105000,14000,14000
053381,友達元大9A購02  ,0,0,0,0,0,0,0,0,0,14000,0,0,0,131000,117000,14000,14000
051612,緯創日盛95購01  ,0,0,0,0,0,0,0,0,0,14000,0,0,0,14000,0,14000,14000
051995,矽力元大95購03  ,0,0,0,0,0,0,0,0,0,14000,0,0,0,14000,0,14000,14000
051954,矽力元富95購04  ,0,0,0,0,0,0,0,0,0,14000,0,0,0,29000,15000,14000,14000
052535,日月光國泰96購01,0,0,0,0,0,0,0,0,0,14000,0,0,0,168000,154000,14000,14000
052514,嘉澤凱基96購01  ,0,0,0,0,0,0,0,0,0,14000,0,0,0,14000,0,14000,14000
05239P,欣興永豐95售03  ,0,0,0,0,0,0,0,0,0,14000,0,0,0,44000,30000,14000,14000
052470,華新科亞東97購01,0,0,0,0,0,0,0,0,0,14000,0,0,0,14000,0,14000,14000
052073,矽力統一95購03  ,0,0,0,0,0,0,0,0,0,14000,0,0,0,14000,0,14000,14000
3437,榮創            ,396000,382000,14000,0,0,0,0,0,0,0,0,0,0,0,0,0,14000
5285,界霖            ,61000,45000,16000,0,0,0,0,0,0,-2000,0,2000,-2000,0,0,0,14000
6277,宏正            ,28000,11000,17000,0,0,0,0,0,0,-3000,0,3000,-3000,0,0,0,14000
05759P,智邦永豐96售02  ,0,0,0,0,0,0,0,0,0,14000,0,0,0,215000,201000,14000,14000
056293,上銀元大97購10  ,0,0,0,0,0,0,0,0,0,13000,0,0,0,29000,16000,13000,13000
056294,上銀元大97購11  ,0,0,0,0,0,0,0,0,0,13000,0,0,0,14000,1000,13000,13000
055597,禾伸堂元大98購02,0,0,0,0,0,0,0,0,0,13000,0,0,0,33000,20000,13000,13000
055499,大立光元大98購05,0,0,0,0,0,0,0,0,0,13000,0,0,0,20000,7000,13000,13000
054426,國泰金富邦97購02,0,0,0,0,0,0,0,0,0,13000,0,0,0,113000,100000,13000,13000
054550,旺宏凱基98購02  ,0,0,0,0,0,0,0,0,0,13000,0,0,0,25000,12000,13000,13000
054259,健策元大97購03  ,0,0,0,0,0,0,0,0,0,13000,0,0,0,65000,52000,13000,13000
043854,華新科富邦93購01,0,0,0,0,0,0,0,0,0,13000,0,0,0,13000,0,13000,13000
045424,友達凱基92購02  ,0,0,0,0,0,0,0,0,0,13000,0,0,0,13000,0,13000,13000
045280,儒鴻富邦94購01  ,0,0,0,0,0,0,0,0,0,13000,0,0,0,16000,3000,13000,13000
046538,大立光群益93購06,0,0,0,0,0,0,0,0,0,13000,0,0,0,38000,25000,13000,13000
046722,智邦元大93購02  ,0,0,0,0,0,0,0,0,0,13000,0,0,0,13000,0,13000,13000
050108,鴻海元大94購13  ,0,0,0,0,0,0,0,0,0,13000,0,0,0,13000,0,13000,13000
05029P,鴻海元富95售04  ,0,0,0,0,0,0,0,0,0,13000,0,0,0,90000,77000,13000,13000
045428,彩晶凱基94購01  ,0,0,0,0,0,0,0,0,0,13000,0,0,0,13000,0,13000,13000
048348,矽力元大93購03  ,0,0,0,0,0,0,0,0,0,13000,0,0,0,13000,0,13000,13000
048350,世紀鋼元大95購01,0,0,0,0,0,0,0,0,0,13000,0,0,0,100000,87000,13000,13000
049262,大立光元大94購09,0,0,0,0,0,0,0,0,0,13000,0,0,0,15000,2000,13000,13000
047749,富邦金元富93購01,0,0,0,0,0,0,0,0,0,13000,0,0,0,23000,10000,13000,13000
050541,智邦凱基94購04  ,0,0,0,0,0,0,0,0,0,13000,0,0,0,94000,81000,13000,13000
050491,旺宏國泰96購01  ,0,0,0,0,0,0,0,0,0,13000,0,0,0,110000,97000,13000,13000
050713,矽格麥證94購01  ,0,0,0,15000,2000,13000,0,0,0,13000,0,0,0,15000,2000,13000,13000
050789,矽創國泰96購01  ,0,0,0,0,0,0,0,0,0,13000,0,0,0,59000,46000,13000,13000
049847,旺宏群益94購04  ,0,0,0,0,0,0,0,0,0,13000,0,0,0,33000,20000,13000,13000
05100P,智邦凱基95售02  ,0,0,0,0,0,0,0,0,0,13000,0,0,0,13000,0,13000,13000
050891,喬山元大95購01  ,0,0,0,0,0,0,0,0,0,13000,0,0,0,13000,0,13000,13000
050869,健策永豐95購01  ,0,0,0,0,0,0,0,0,0,13000,0,0,0,13000,0,13000,13000
050841,國巨國票96購02  ,0,0,0,0,0,0,0,0,0,13000,0,0,0,20000,7000,13000,13000
052336,矽力日盛95購01  ,0,0,0,0,0,0,0,0,0,13000,0,0,0,15000,2000,13000,13000
052468,超眾統一96購02  ,0,0,0,0,0,0,0,0,0,13000,0,0,0,49000,36000,13000,13000
05144P,美律永豐95售02  ,0,0,0,0,0,0,0,0,0,13000,0,0,0,37000,24000,13000,13000
053353,玉晶光兆豐97購03,0,0,0,0,0,0,0,0,0,13000,0,0,0,13000,0,13000,13000
053312,緯穎凱基96購02  ,0,0,0,0,0,0,0,0,0,13000,0,0,0,52000,39000,13000,13000
053221,彩晶凱基98購01  ,0,0,0,0,0,0,0,0,0,13000,0,0,0,35000,22000,13000,13000
052853,友達日盛99購01  ,0,0,0,0,0,0,0,0,0,13000,0,0,0,152000,139000,13000,13000
053038,華邦電凱基97購01,0,0,0,0,0,0,0,0,0,13000,0,0,0,101000,88000,13000,13000
053685,台積電元大96購18,0,0,0,0,0,0,0,0,0,13000,0,0,0,63000,50000,13000,13000
053624,A50正2兆豐97購02,0,0,0,0,0,0,0,0,0,13000,0,0,0,13000,0,13000,13000
05720P,可成中信98售01  ,0,0,0,0,0,0,0,0,0,13000,0,0,0,13000,0,13000,13000
1455,集盛            ,82000,68000,14000,0,0,0,0,0,0,-1000,0,1000,-1000,0,0,0,13000
06403P,鴻海元富97售15  ,0,0,0,0,0,0,0,0,0,13000,0,0,0,60000,47000,13000,13000
05435P,鴻海群益95售12  ,0,0,0,0,0,0,0,0,0,12000,0,0,0,37000,25000,12000,12000
054498,燿華永豐96購06  ,0,0,0,0,0,0,0,0,0,12000,0,0,0,24000,12000,12000,12000
054976,上証2X元富9A購01,0,0,0,0,0,0,0,0,0,12000,0,0,0,12000,0,12000,12000
054927,帆宣凱基97購01  ,0,0,0,0,0,0,0,0,0,12000,0,0,0,12000,0,12000,12000
055498,大立光元大97購07,0,0,0,0,0,0,0,0,0,12000,0,0,0,29000,17000,12000,12000
055584,國巨元大97購11  ,0,0,0,0,0,0,0,0,0,12000,0,0,0,20000,8000,12000,12000
055771,台積電日盛97購04,0,0,0,0,0,0,0,0,0,12000,0,0,0,14000,2000,12000,12000
055710,亞德客元大97購03,0,0,0,0,0,0,0,0,0,12000,0,0,0,62000,50000,12000,12000
056258,訊芯元富97購04  ,0,0,0,0,0,0,0,0,0,12000,0,0,0,12000,0,12000,12000
04550P,超眾元大94售01  ,0,0,0,0,0,0,0,0,0,12000,0,0,0,22000,10000,12000,12000
045482,滬深2X兆豐93購02,0,0,0,0,0,0,0,0,0,12000,0,0,0,12000,0,12000,12000
047169,滬深2X永豐95購01,0,0,0,0,0,0,0,0,0,12000,0,0,0,12000,0,12000,12000
05024P,華通國票96售01  ,0,0,0,0,0,0,0,0,0,12000,0,0,0,15000,3000,12000,12000
050334,鴻海國泰96購07  ,0,0,0,0,0,0,0,0,0,12000,0,0,0,12000,0,12000,12000
050458,台郡元大94購03  ,0,0,0,0,0,0,0,0,0,12000,0,0,0,20000,8000,12000,12000
046662,大立光元大93購14,0,0,0,0,0,0,0,0,0,12000,0,0,0,12000,0,12000,12000
04517P,宏達電群益95售01,0,0,0,0,0,0,0,0,0,12000,0,0,0,32000,20000,12000,12000
045749,智邦富邦93購01  ,0,0,0,0,0,0,0,0,0,12000,0,0,0,74000,62000,12000,12000
046521,台郡元大92購06  ,0,0,0,0,0,0,0,0,0,12000,0,0,0,17000,5000,12000,12000
04512P,臺股指元大94售07,0,0,0,0,0,0,0,0,0,12000,0,0,0,12000,0,12000,12000
045293,鴻海元大94購01  ,0,0,0,0,0,0,0,0,0,12000,0,0,0,68000,56000,12000,12000
046863,康友元大93購01  ,0,0,0,0,0,0,0,0,0,12000,0,0,0,12000,0,12000,12000
045385,華新科元大93購04,0,0,0,0,0,0,0,0,0,12000,0,0,0,15000,3000,12000,12000
046074,佐登凱基92購01  ,0,0,0,0,0,0,0,0,0,12000,0,0,0,12000,0,12000,12000
046021,台泥元大92購01  ,0,0,0,0,0,0,0,0,0,12000,0,0,0,12000,0,12000,12000
04503P,元油2X元富98售09,0,0,0,0,0,0,0,0,0,12000,0,0,0,15000,3000,12000,12000
044993,友達國泰93購01  ,0,0,0,0,0,0,0,0,0,12000,0,0,0,12000,0,12000,12000
03993P,滬深2X中信94售03,0,0,0,0,0,0,0,0,0,12000,0,0,0,12000,0,12000,12000
00654R,富邦印度反1     ,10000,5000,5000,0,0,0,0,0,0,7000,0,0,0,13000,6000,7000,12000
03623P,台積電群益93售03,0,0,0,0,0,0,0,0,0,12000,0,0,0,12000,0,12000,12000
051005,緯創中信95購02  ,0,0,0,0,0,0,0,0,0,12000,0,0,0,60000,48000,12000,12000
051224,華通群益96購03  ,0,0,0,0,0,0,0,0,0,12000,0,0,0,14000,2000,12000,12000
051220,大立光元富95購08,0,0,0,0,0,0,0,0,0,12000,0,0,0,12000,0,12000,12000
051204,正崴麥證95購01  ,0,0,0,12000,0,12000,0,0,0,12000,0,0,0,12000,0,12000,12000
049734,瑞昱群益94購02  ,0,0,0,0,0,0,0,0,0,12000,0,0,0,12000,0,12000,12000
049327,台郡元富94購01  ,0,0,0,0,0,0,0,0,0,12000,0,0,0,12000,0,12000,12000
050586,康友國票94購01  ,0,0,0,0,0,0,0,0,0,12000,0,0,0,12000,0,12000,12000
049601,矽創元大95購02  ,0,0,0,0,0,0,0,0,0,12000,0,0,0,12000,0,12000,12000
053603,臺股指元大96購20,0,0,0,0,0,0,0,0,0,12000,0,0,0,12000,0,12000,12000
05366P,鴻海元富95售12  ,0,0,0,0,0,0,0,0,0,12000,0,0,0,115000,103000,12000,12000
053430,樺漢永豐96購01  ,0,0,0,0,0,0,0,0,0,12000,0,0,0,12000,0,12000,12000
053223,台郡凱基96購02  ,0,0,0,0,0,0,0,0,0,12000,0,0,0,12000,0,12000,12000
053376,鴻海元大96購19  ,0,0,0,0,0,0,0,0,0,12000,0,0,0,81000,69000,12000,12000
051607,緯創群益96購02  ,0,0,0,0,0,0,0,0,0,12000,0,0,0,23000,11000,12000,12000
051490,世芯凱基96購01  ,0,0,0,0,0,0,0,0,0,12000,0,0,0,22000,10000,12000,12000
051669,建準元大95購01  ,0,0,0,0,0,0,0,0,0,12000,0,0,0,34000,22000,12000,12000
05250P,臻鼎國票96售01  ,0,0,0,0,0,0,0,0,0,12000,0,0,0,12000,0,12000,12000
052713,智邦凱基96購01  ,0,0,0,0,0,0,0,0,0,12000,0,0,0,42000,30000,12000,12000
052062,臺股指國票95購09,0,0,0,0,0,0,0,0,0,12000,0,0,0,12000,0,12000,12000
2059,川湖            ,190000,162000,28000,0,0,0,0,0,0,-16000,0,12000,-12000,0,4000,-4000,12000
1732,毛寶            ,12000,0,12000,0,0,0,0,0,0,0,0,0,0,0,0,0,12000
06329P,大立光兆豐97售04,0,0,0,0,0,0,0,0,0,12000,0,0,0,1828000,1816000,12000,12000
8463,潤泰材          ,39000,26000,13000,0,0,0,0,0,0,-1000,0,1000,-1000,0,0,0,12000
3312,弘憶股          ,57000,45000,12000,0,0,0,0,0,0,0,0,0,0,0,0,0,12000
056024,大立光群益97購05,0,0,0,0,0,0,0,0,0,11000,0,0,0,18000,7000,11000,11000
055537,康友群益97購03  ,0,0,0,0,0,0,0,0,0,11000,0,0,0,11000,0,11000,11000
055534,晶技群益97購03  ,0,0,0,0,0,0,0,0,0,11000,0,0,0,11000,0,11000,11000
055502,群創元大9C購03  ,0,0,0,0,0,0,0,0,0,11000,0,0,0,39000,28000,11000,11000
055516,上銀中信97購01  ,0,0,0,0,0,0,0,0,0,11000,0,0,0,51000,40000,11000,11000
055341,台達電凱基97購02,0,0,0,0,0,0,0,0,0,11000,0,0,0,81000,70000,11000,11000
054934,金寶元大97購01  ,0,0,0,0,0,0,0,0,0,11000,0,0,0,171000,160000,11000,11000
054868,國泰金群益9A購01,0,0,0,0,0,0,0,0,0,11000,0,0,0,11000,0,11000,11000
055142,健策永豐98購01  ,0,0,0,0,0,0,0,0,0,11000,0,0,0,21000,10000,11000,11000
054516,國巨元大97購02  ,0,0,0,0,0,0,0,0,0,11000,0,0,0,22000,11000,11000,11000
054503,京鼎永豐96購04  ,0,0,0,0,0,0,0,0,0,11000,0,0,0,11000,0,11000,11000
054094,創意群益96購02  ,0,0,0,0,0,0,0,0,0,11000,0,0,0,32000,21000,11000,11000
04080P,可成元大93售11  ,0,0,0,0,0,0,0,0,0,11000,0,0,0,11000,0,11000,11000
04338P,亞光元大93售04  ,0,0,0,0,0,0,0,0,0,11000,0,0,0,11000,0,11000,11000
043323,緯穎統一92購01  ,0,0,0,0,0,0,0,0,0,11000,0,0,0,11000,0,11000,11000
03027X,元展24          ,0,0,0,0,0,0,0,0,0,11000,0,0,0,11000,0,11000,11000
041421,滬深2X凱基93購01,0,0,0,0,0,0,0,0,0,11000,0,0,0,11000,0,11000,11000
043611,台積電群益92購03,0,0,0,0,0,0,0,0,0,11000,0,0,0,11000,0,11000,11000
044064,大立光元大92購08,0,0,0,0,0,0,0,0,0,11000,0,0,0,11000,0,11000,11000
047565,美律國票93購02  ,0,0,0,0,0,0,0,0,0,11000,0,0,0,11000,0,11000,11000
047557,麗豐凱基94購02  ,0,0,0,0,0,0,0,0,0,11000,0,0,0,85000,74000,11000,11000
042942,永冠國票94購01  ,0,0,0,0,0,0,0,0,0,11000,0,0,0,11000,0,11000,11000
046324,健策元大92購05  ,0,0,0,0,0,0,0,0,0,11000,0,0,0,25000,14000,11000,11000
047442,聯詠元大93購09  ,0,0,0,0,0,0,0,0,0,11000,0,0,0,11000,0,11000,11000
045818,鴻海凱基93購10  ,0,0,0,0,0,0,0,0,0,11000,0,0,0,21000,10000,11000,11000
045322,京元電統一92購02,0,0,0,0,0,0,0,0,0,11000,0,0,0,11000,0,11000,11000
047245,聯發科群益94購03,0,0,0,0,0,0,0,0,0,11000,0,0,0,31000,20000,11000,11000
045695,英業達兆豐93購01,0,0,0,0,0,0,0,0,0,11000,0,0,0,11000,0,11000,11000
046972,同欣電群益93購01,0,0,0,0,0,0,0,0,0,11000,0,0,0,11000,0,11000,11000
047002,鴻海統一93購04  ,0,0,0,0,0,0,0,0,0,11000,0,0,0,11000,0,11000,11000
050597,聯電麥證94購01  ,0,0,0,279000,268000,11000,0,0,0,11000,0,0,0,279000,268000,11000,11000
049155,同欣電元大94購01,0,0,0,0,0,0,0,0,0,11000,0,0,0,11000,0,11000,11000
049618,美律群益94購03  ,0,0,0,0,0,0,0,0,0,11000,0,0,0,86000,75000,11000,11000
049653,緯穎凱基94購03  ,0,0,0,0,0,0,0,0,0,11000,0,0,0,35000,24000,11000,11000
049657,滬深2X台新94購01,0,0,0,0,0,0,0,0,0,11000,0,0,0,11000,0,11000,11000
050783,旺宏國泰96購02  ,0,0,0,0,0,0,0,0,0,11000,0,0,0,11000,0,11000,11000
048629,滬深2X元大96購04,0,0,0,0,0,0,0,0,0,11000,0,0,0,37000,26000,11000,11000
048246,京元電兆豐93購02,0,0,0,0,0,0,0,0,0,11000,0,0,0,11000,0,11000,11000
048263,台積電元富95購01,0,0,0,0,0,0,0,0,0,11000,0,0,0,11000,0,11000,11000
048191,亞德客元大93購06,0,0,0,0,0,0,0,0,0,11000,0,0,0,16000,5000,11000,11000
050699,京鼎凱基96購01  ,0,0,0,0,0,0,0,0,0,11000,0,0,0,50000,39000,11000,11000
04783P,貿聯元富94售01  ,0,0,0,0,0,0,0,0,0,11000,0,0,0,11000,0,11000,11000
050210,華新科國票94購08,0,0,0,0,0,0,0,0,0,11000,0,0,0,16000,5000,11000,11000
048862,中磊群益94購01  ,0,0,0,0,0,0,0,0,0,11000,0,0,0,11000,0,11000,11000
048864,昇陽半群益94購01,0,0,0,0,0,0,0,0,0,11000,0,0,0,11000,0,11000,11000
048849,光寶科群益94購01,0,0,0,0,0,0,0,0,0,11000,0,0,0,11000,0,11000,11000
047973,華通兆豐94購01  ,0,0,0,0,0,0,0,0,0,11000,0,0,0,11000,0,11000,11000
051127,同欣電群益95購01,0,0,0,0,0,0,0,0,0,11000,0,0,0,79000,68000,11000,11000
051006,中磊中信95購01  ,0,0,0,0,0,0,0,0,0,11000,0,0,0,33000,22000,11000,11000
049031,矽格群益94購01  ,0,0,0,0,0,0,0,0,0,11000,0,0,0,11000,0,11000,11000
052097,GIS元大95購05   ,0,0,0,0,0,0,0,0,0,11000,0,0,0,13000,2000,11000,11000
052551,台積電國票97購03,0,0,0,0,0,0,0,0,0,11000,0,0,0,11000,0,11000,11000
051709,TPK群益95購02   ,0,0,0,0,0,0,0,0,0,11000,0,0,0,11000,0,11000,11000
051856,亞德客凱基95購01,0,0,0,0,0,0,0,0,0,11000,0,0,0,19000,8000,11000,11000
051657,台郡元富98購01  ,0,0,0,0,0,0,0,0,0,11000,0,0,0,97000,86000,11000,11000
051291,聯詠統一95購01  ,0,0,0,0,0,0,0,0,0,11000,0,0,0,71000,60000,11000,11000
053071,南電群益96購01  ,0,0,0,0,0,0,0,0,0,11000,0,0,0,11000,0,11000,11000
053440,台積電凱基96購12,0,0,0,0,0,0,0,0,0,11000,0,0,0,11000,0,11000,11000
053558,訊芯凱基96購02  ,0,0,0,0,0,0,0,0,0,11000,0,0,0,11000,0,11000,11000
053815,聯發科群益96購01,0,0,0,0,0,0,0,0,0,11000,0,0,0,11000,0,11000,11000
053844,GIS統一96購01   ,0,0,0,0,0,0,0,0,0,11000,0,0,0,97000,86000,11000,11000
053967,華邦電元大96購03,0,0,0,0,0,0,0,0,0,11000,0,0,0,200000,189000,11000,11000
3004,豐達科          ,24000,30000,-6000,0,0,0,17000,0,17000,0,0,0,0,0,0,0,11000
9946,三發地產        ,378000,363000,15000,0,0,0,0,0,0,-4000,0,4000,-4000,0,0,0,11000
06020P,燿華元富96售04  ,0,0,0,0,0,0,0,0,0,11000,0,0,0,21000,10000,11000,11000
05721P,全新群益98售02  ,0,0,0,0,0,0,0,0,0,11000,0,0,0,11000,0,11000,11000
05704P,矽力群益96售04  ,0,0,0,0,0,0,0,0,0,11000,0,0,0,11000,0,11000,11000
05957P,友達國票97售04  ,0,0,0,0,0,0,0,0,0,11000,0,0,0,11000,0,11000,11000
2069,運錩            ,13000,3000,10000,0,0,0,0,0,0,1000,3000,2000,1000,0,0,0,11000
054086,日月光亞東98購01,0,0,0,0,0,0,0,0,0,10000,0,0,0,10000,0,10000,10000
054076,義隆第一96購01  ,0,0,0,0,0,0,0,0,0,10000,0,0,0,10000,0,10000,10000
054108,台積電凱基96購22,0,0,0,0,0,0,0,0,0,10000,0,0,0,10000,0,10000,10000
054048,國泰金元大96購04,0,0,0,0,0,0,0,0,0,10000,0,0,0,21000,11000,10000,10000
054230,上銀群益96購03  ,0,0,0,0,0,0,0,0,0,10000,0,0,0,10000,0,10000,10000
054234,可成群益96購05  ,0,0,0,0,0,0,0,0,0,10000,0,0,0,21000,11000,10000,10000
054500,美律永豐96購02  ,0,0,0,0,0,0,0,0,0,10000,0,0,0,10000,0,10000,10000
054493,同欣電台新96購01,0,0,0,0,0,0,0,0,0,10000,0,0,0,10000,0,10000,10000
054467,隆達凱基97購01  ,0,0,0,0,0,0,0,0,0,10000,0,0,0,50000,40000,10000,10000
054397,創意永豐96購05  ,0,0,0,0,0,0,0,0,0,10000,0,0,0,10000,0,10000,10000
054561,奇力新群益97購03,0,0,0,0,0,0,0,0,0,10000,0,0,0,10000,0,10000,10000
054662,同欣電元大97購02,0,0,0,0,0,0,0,0,0,10000,0,0,0,10000,0,10000,10000
054990,凌陽元富97購01  ,0,0,0,0,0,0,0,0,0,10000,0,0,0,10000,0,10000,10000
055235,金寶台新98購01  ,0,0,0,0,0,0,0,0,0,10000,0,0,0,436000,426000,10000,10000
055196,致新元富97購01  ,0,0,0,0,0,0,0,0,0,10000,0,0,0,10000,0,10000,10000
054834,帆宣中信97購01  ,0,0,0,0,0,0,0,0,0,10000,0,0,0,10000,0,10000,10000
054792,揚明光群益97購01,0,0,0,0,0,0,0,0,0,10000,0,0,0,10000,0,10000,10000
055356,大立光凱基97購06,0,0,0,0,0,0,0,0,0,10000,0,0,0,10000,0,10000,10000
05531P,臺股指群益96售04,0,0,0,0,0,0,0,0,0,10000,0,0,0,10000,0,10000,10000
055320,建準國票98購01  ,0,0,0,0,0,0,0,0,0,10000,0,0,0,10000,0,10000,10000
055399,超眾統一99購01  ,0,0,0,0,0,0,0,0,0,10000,0,0,0,10000,0,10000,10000
055402,正文元富97購02  ,0,0,0,0,0,0,0,0,0,10000,0,0,0,10000,0,10000,10000
055503,健策元大98購05  ,0,0,0,0,0,0,0,0,0,10000,0,0,0,100000,90000,10000,10000
055457,聚陽永豐97購01  ,0,0,0,0,0,0,0,0,0,10000,0,0,0,10000,0,10000,10000
055461,TPK永豐97購01   ,0,0,0,0,0,0,0,0,0,10000,0,0,0,10000,0,10000,10000
055737,開發金元富97購01,0,0,0,0,0,0,0,0,0,10000,0,0,0,10000,0,10000,10000
055642,廣宇元富97購01  ,0,0,0,0,0,0,0,0,0,10000,0,0,0,20000,10000,10000,10000
055777,冠德凱基97購01  ,0,0,0,0,0,0,0,0,0,10000,0,0,0,10000,0,10000,10000
055829,上銀元大97購06  ,0,0,0,0,0,0,0,0,0,10000,0,0,0,16000,6000,10000,10000
055804,祥碩永豐97購02  ,0,0,0,0,0,0,0,0,0,10000,0,0,0,276000,266000,10000,10000
055914,大立光凱基97購13,0,0,0,0,0,0,0,0,0,10000,0,0,0,10000,0,10000,10000
056063,大立光元大97購13,0,0,0,0,0,0,0,0,0,10000,0,0,0,42000,32000,10000,10000
055924,深中小群益9B購01,0,0,0,0,0,0,0,0,0,10000,0,0,0,10000,0,10000,10000
05597P,鴻海元富96售06  ,0,0,0,0,0,0,0,0,0,10000,0,0,0,34000,24000,10000,10000
055970,聯茂元大97購04  ,0,0,0,0,0,0,0,0,0,10000,0,0,0,30000,20000,10000,10000
05609P,國泰金凱基96售01,0,0,0,0,0,0,0,0,0,10000,0,0,0,10000,0,10000,10000
056252,聯發科兆豐97購03,0,0,0,0,0,0,0,0,0,10000,0,0,0,10000,0,10000,10000
056354,國巨元大98購10  ,0,0,0,0,0,0,0,0,0,10000,0,0,0,51000,41000,10000,10000
056350,上銀元大98購02  ,0,0,0,0,0,0,0,0,0,10000,0,0,0,10000,0,10000,10000
05630P,大立光永昌96售06,0,0,0,0,0,0,0,0,0,10000,0,0,0,300000,290000,10000,10000
056320,京鼎群益99購01  ,0,0,0,0,0,0,0,0,0,10000,0,0,0,10000,0,10000,10000
056417,欣興中信98購01  ,0,0,0,0,0,0,0,0,0,10000,0,0,0,20000,10000,10000,10000
05643P,大立光中信98售01,0,0,0,0,0,0,0,0,0,10000,0,0,0,10000,0,10000,10000
045718,瑞昱凱基92購01  ,0,0,0,0,0,0,0,0,0,10000,0,0,0,10000,0,10000,10000
045684,和碩元大92購02  ,0,0,0,0,0,0,0,0,0,10000,0,0,0,10000,0,10000,10000
045668,奇力新元富92購01,0,0,0,0,0,0,0,0,0,10000,0,0,0,10000,0,10000,10000
045643,臻鼎凱基93購01  ,0,0,0,0,0,0,0,0,0,10000,0,0,0,10000,0,10000,10000
045437,大立光統一94購02,0,0,0,0,0,0,0,0,0,10000,0,0,0,10000,0,10000,10000
04543P,鴻海富邦95售03  ,0,0,0,0,0,0,0,0,0,10000,0,0,0,10000,0,10000,10000
045447,鴻海國泰94購02  ,0,0,0,0,0,0,0,0,0,10000,0,0,0,10000,0,10000,10000
045457,光磊元大93購01  ,0,0,0,0,0,0,0,0,0,10000,0,0,0,10000,0,10000,10000
045557,宏達電國票92購03,0,0,0,0,0,0,0,0,0,10000,0,0,0,10000,0,10000,10000
045531,台郡永豐92購01  ,0,0,0,0,0,0,0,0,0,10000,0,0,0,10000,0,10000,10000
04718P,亞德客凱基94售03,0,0,0,0,0,0,0,0,0,10000,0,0,0,10000,0,10000,10000
047248,奇鋐群益95購01  ,0,0,0,0,0,0,0,0,0,10000,0,0,0,10000,0,10000,10000
047290,台積電元富93購04,0,0,0,0,0,0,0,0,0,10000,0,0,0,20000,10000,10000,10000
047119,臻鼎元大93購01  ,0,0,0,0,0,0,0,0,0,10000,0,0,0,10000,0,10000,10000
047124,華新中信93購01  ,0,0,0,0,0,0,0,0,0,10000,0,0,0,10000,0,10000,10000
04706P,力山元大95售01  ,0,0,0,0,0,0,0,0,0,10000,0,0,0,10000,0,10000,10000
047063,漢唐凱基95購01  ,0,0,0,0,0,0,0,0,0,10000,0,0,0,10000,0,10000,10000
050476,瑞儀永豐94購01  ,0,0,0,0,0,0,0,0,0,10000,0,0,0,10000,0,10000,10000
050453,創意元大95購03  ,0,0,0,0,0,0,0,0,0,10000,0,0,0,30000,20000,10000,10000
050355,瑞儀群益94購01  ,0,0,0,0,0,0,0,0,0,10000,0,0,0,10000,0,10000,10000
050341,光寶科元富94購01,0,0,0,0,0,0,0,0,0,10000,0,0,0,10000,0,10000,10000
050375,矽創元大94購02  ,0,0,0,0,0,0,0,0,0,10000,0,0,0,10000,0,10000,10000
050405,新光金麥證94購01,0,0,0,10000,0,10000,0,0,0,10000,0,0,0,10000,0,10000,10000
050245,大立光凱基94購12,0,0,0,0,0,0,0,0,0,10000,0,0,0,10000,0,10000,10000
050246,大立光凱基94購13,0,0,0,0,0,0,0,0,0,10000,0,0,0,10000,0,10000,10000
050225,亞泥中信94購01  ,0,0,0,0,0,0,0,0,0,10000,0,0,0,10000,0,10000,10000
050130,華新科凱基94購09,0,0,0,0,0,0,0,0,0,10000,0,0,0,21000,11000,10000,10000
050295,大立光凱基94購16,0,0,0,0,0,0,0,0,0,10000,0,0,0,10000,0,10000,10000
050126,國巨凱基94購08  ,0,0,0,0,0,0,0,0,0,10000,0,0,0,10000,0,10000,10000
047372,創意國票94購01  ,0,0,0,0,0,0,0,0,0,10000,0,0,0,10000,0,10000,10000
047349,可成凱基93購06  ,0,0,0,0,0,0,0,0,0,10000,0,0,0,30000,20000,10000,10000
045327,智伸科永豐92購01,0,0,0,0,0,0,0,0,0,10000,0,0,0,10000,0,10000,10000
045344,可成凱基92購06  ,0,0,0,0,0,0,0,0,0,10000,0,0,0,10000,0,10000,10000
046226,聯發科元大92購11,0,0,0,0,0,0,0,0,0,10000,0,0,0,10000,0,10000,10000
046200,上海銀凱基93購01,0,0,0,0,0,0,0,0,0,10000,0,0,0,10000,0,10000,10000
045379,智邦元大93購01  ,0,0,0,0,0,0,0,0,0,10000,0,0,0,10000,0,10000,10000
045371,元石油元大95購01,0,0,0,0,0,0,0,0,0,10000,0,0,0,10000,0,10000,10000
046904,大毅凱基93購01  ,0,0,0,0,0,0,0,0,0,10000,0,0,0,10000,0,10000,10000
04691P,智邦群益94售02  ,0,0,0,0,0,0,0,0,0,10000,0,0,0,73000,63000,10000,10000
046929,大立光統一93購03,0,0,0,0,0,0,0,0,0,10000,0,0,0,10000,0,10000,10000
045778,大立光元大93購10,0,0,0,0,0,0,0,0,0,10000,0,0,0,10000,0,10000,10000
045863,健策統一92購01  ,0,0,0,0,0,0,0,0,0,10000,0,0,0,10000,0,10000,10000
045851,健策永豐92購01  ,0,0,0,0,0,0,0,0,0,10000,0,0,0,10000,0,10000,10000
045910,華通國票92購01  ,0,0,0,0,0,0,0,0,0,10000,0,0,0,10000,0,10000,10000
045936,富邦金群益94購01,0,0,0,0,0,0,0,0,0,10000,0,0,0,10000,0,10000,10000
045946,華通兆豐92購02  ,0,0,0,0,0,0,0,0,0,10000,0,0,0,10000,0,10000,10000
045999,華通統一92購02  ,0,0,0,0,0,0,0,0,0,10000,0,0,0,10000,0,10000,10000
046068,國泰金凱基92購02,0,0,0,0,0,0,0,0,0,10000,0,0,0,20000,10000,10000,10000
046159,群創群益98購04  ,0,0,0,0,0,0,0,0,0,10000,0,0,0,10000,0,10000,10000
046185,正崴凱基93購02  ,0,0,0,0,0,0,0,0,0,10000,0,0,0,10000,0,10000,10000
046583,聯發科元大92購24,0,0,0,0,0,0,0,0,0,10000,0,0,0,10000,0,10000,10000
046635,華通台新93購01  ,0,0,0,0,0,0,0,0,0,10000,0,0,0,10000,0,10000,10000
046561,可成凱基92購11  ,0,0,0,0,0,0,0,0,0,10000,0,0,0,30000,20000,10000,10000
046455,瑞昱凱基92購03  ,0,0,0,0,0,0,0,0,0,10000,0,0,0,10000,0,10000,10000
046457,可成凱基92購09  ,0,0,0,0,0,0,0,0,0,10000,0,0,0,30000,20000,10000,10000
046459,大立光凱基92購12,0,0,0,0,0,0,0,0,0,10000,0,0,0,10000,0,10000,10000
045753,大立光國泰94購02,0,0,0,0,0,0,0,0,0,10000,0,0,0,10000,0,10000,10000
046833,晶技群益93購01  ,0,0,0,0,0,0,0,0,0,10000,0,0,0,10000,0,10000,10000
046796,南電元富93購01  ,0,0,0,0,0,0,0,0,0,10000,0,0,0,10000,0,10000,10000
046755,瑞昱凱基93購05  ,0,0,0,0,0,0,0,0,0,10000,0,0,0,10000,0,10000,10000
046774,瑞昱台新93購01  ,0,0,0,0,0,0,0,0,0,10000,0,0,0,10000,0,10000,10000
04520P,欣興群益94售02  ,0,0,0,0,0,0,0,0,0,10000,0,0,0,20000,10000,10000,10000
045250,華通凱基94購01  ,0,0,0,0,0,0,0,0,0,10000,0,0,0,10000,0,10000,10000
046736,儒鴻群益93購01  ,0,0,0,0,0,0,0,0,0,10000,0,0,0,10000,0,10000,10000
046731,嘉聯益元大93購03,0,0,0,0,0,0,0,0,0,10000,0,0,0,10000,0,10000,10000
046699,臻鼎凱基93購03  ,0,0,0,0,0,0,0,0,0,10000,0,0,0,20000,10000,10000,10000
046689,台積電麥證93購01,0,0,0,10000,0,10000,0,0,0,10000,0,0,0,10000,0,10000,10000
047450,南茂元大93購05  ,0,0,0,0,0,0,0,0,0,10000,0,0,0,10000,0,10000,10000
047467,滬深2X中信95購06,0,0,0,0,0,0,0,0,0,10000,0,0,0,10000,0,10000,10000
047476,鴻海凱基94購08  ,0,0,0,0,0,0,0,0,0,10000,0,0,0,20000,10000,10000,10000
047518,儒鴻元大93購07  ,0,0,0,0,0,0,0,0,0,10000,0,0,0,10000,0,10000,10000
047510,奇力新國票94購01,0,0,0,0,0,0,0,0,0,10000,0,0,0,10000,0,10000,10000
046266,兆豐金凱基92購01,0,0,0,0,0,0,0,0,0,10000,0,0,0,10000,0,10000,10000
04214P,美利達凱基93售04,0,0,0,0,0,0,0,0,0,10000,0,0,0,10000,0,10000,10000
042196,元油2X元大93購02,0,0,0,0,0,0,0,0,0,10000,0,0,0,10000,0,10000,10000
04233P,儒鴻兆豐93售01  ,0,0,0,0,0,0,0,0,0,10000,0,0,0,10000,0,10000,10000
04755P,大立光元富94售07,0,0,0,0,0,0,0,0,0,10000,0,0,0,10000,0,10000,10000
047599,大立光統一93購08,0,0,0,0,0,0,0,0,0,10000,0,0,0,10000,0,10000,10000
043049,奇鋐國泰93購01  ,0,0,0,0,0,0,0,0,0,10000,0,0,0,10000,0,10000,10000
04492P,元油2X永豐94售03,0,0,0,0,0,0,0,0,0,10000,0,0,0,10000,0,10000,10000
044901,聯發科凱基93購01,0,0,0,0,0,0,0,0,0,10000,0,0,0,10000,0,10000,10000
043696,瑞儀兆豐93購01  ,0,0,0,0,0,0,0,0,0,10000,0,0,0,20000,10000,10000,10000
043774,瑞昱兆豐92購01  ,0,0,0,0,0,0,0,0,0,10000,0,0,0,10000,0,10000,10000
043731,泰鼎國泰92購01  ,0,0,0,0,0,0,0,0,0,10000,0,0,0,10000,0,10000,10000
043870,光磊元大92購01  ,0,0,0,0,0,0,0,0,0,10000,0,0,0,10000,0,10000,10000
043972,大立光富邦93購02,0,0,0,0,0,0,0,0,0,10000,0,0,0,10000,0,10000,10000
043921,台表科凱基93購01,0,0,0,0,0,0,0,0,0,10000,0,0,0,10000,0,10000,10000
04181P,嘉晶國票93售04  ,0,0,0,0,0,0,0,0,0,10000,0,0,0,10000,0,10000,10000
044988,玉晶光統一95購01,0,0,0,0,0,0,0,0,0,10000,0,0,0,20000,10000,10000,10000
045000,鴻海富邦93購01  ,0,0,0,0,0,0,0,0,0,10000,0,0,0,10000,0,10000,10000
03028X,元展25          ,0,0,0,0,0,0,0,0,0,10000,0,0,0,10000,0,10000,10000
03060X,元展55          ,0,0,0,0,0,0,0,0,0,10000,0,0,0,10000,0,10000,10000
03103P,聯發科元富01售02,0,0,0,0,0,0,0,0,0,10000,0,0,0,10000,0,10000,10000
03982P,智易國票94售02  ,0,0,0,0,0,0,0,0,0,10000,0,0,0,10000,0,10000,10000
04043P,復盛元富93售02  ,0,0,0,0,0,0,0,0,0,10000,0,0,0,10000,0,10000,10000
03720P,元油2X富邦95售01,0,0,0,0,0,0,0,0,0,10000,0,0,0,40000,30000,10000,10000
03781P,智邦凱基93售03  ,0,0,0,0,0,0,0,0,0,10000,0,0,0,10000,0,10000,10000
03788P,聯發科群益94售02,0,0,0,0,0,0,0,0,0,10000,0,0,0,10000,0,10000,10000
040820,禾伸堂群益92購01,0,0,0,0,0,0,0,0,0,10000,0,0,0,10000,0,10000,10000
04461P,燿華元富94售01  ,0,0,0,0,0,0,0,0,0,10000,0,0,0,10000,0,10000,10000
044611,正崴兆豐92購01  ,0,0,0,0,0,0,0,0,0,10000,0,0,0,20000,10000,10000,10000
044633,台郡元大92購03  ,0,0,0,0,0,0,0,0,0,10000,0,0,0,10000,0,10000,10000
04463P,可成元富94售03  ,0,0,0,0,0,0,0,0,0,10000,0,0,0,30000,20000,10000,10000
044567,華通凱基93購03  ,0,0,0,0,0,0,0,0,0,10000,0,0,0,10000,0,10000,10000
044397,微星凱基92購01  ,0,0,0,0,0,0,0,0,0,10000,0,0,0,10000,0,10000,10000
04446P,元油2X凱基94售03,0,0,0,0,0,0,0,0,0,10000,0,0,0,1436000,1426000,10000,10000
03622P,台光電中信92售01,0,0,0,0,0,0,0,0,0,10000,0,0,0,10000,0,10000,10000
044440,臺股指元大92購07,0,0,0,0,0,0,0,0,0,10000,0,0,0,10000,0,10000,10000
04444P,玉晶光永豐94售06,0,0,0,0,0,0,0,0,0,10000,0,0,0,10000,0,10000,10000
03538P,景碩元富08售02  ,0,0,0,0,0,0,0,0,0,10000,0,0,0,10000,0,10000,10000
04062P,可成兆豐93售04  ,0,0,0,0,0,0,0,0,0,10000,0,0,0,10000,0,10000,10000
049014,台達電群益94購02,0,0,0,0,0,0,0,0,0,10000,0,0,0,21000,11000,10000,10000
048016,啟碁國票94購01  ,0,0,0,0,0,0,0,0,0,10000,0,0,0,10000,0,10000,10000
048036,隆達凱基93購01  ,0,0,0,0,0,0,0,0,0,10000,0,0,0,30000,20000,10000,10000
048120,台泥元大93購02  ,0,0,0,0,0,0,0,0,0,10000,0,0,0,10000,0,10000,10000
050844,大立光國票96購01,0,0,0,0,0,0,0,0,0,10000,0,0,0,10000,0,10000,10000
050884,聯茂國泰96購01  ,0,0,0,0,0,0,0,0,0,10000,0,0,0,10000,0,10000,10000
048168,致茂永豐93購02  ,0,0,0,0,0,0,0,0,0,10000,0,0,0,10000,0,10000,10000
048904,鴻海富邦94購02  ,0,0,0,0,0,0,0,0,0,10000,0,0,0,10000,0,10000,10000
050948,華固群益95購01  ,0,0,0,0,0,0,0,0,0,10000,0,0,0,20000,10000,10000,10000
051064,鴻海國票95購01  ,0,0,0,0,0,0,0,0,0,10000,0,0,0,10000,0,10000,10000
051108,鴻海統一96購02  ,0,0,0,0,0,0,0,0,0,10000,0,0,0,10000,0,10000,10000
051119,光寶科群益95購01,0,0,0,0,0,0,0,0,0,10000,0,0,0,10000,0,10000,10000
051124,創意群益95購01  ,0,0,0,0,0,0,0,0,0,10000,0,0,0,10000,0,10000,10000
05114P,臺股指元富95售02,0,0,0,0,0,0,0,0,0,10000,0,0,0,10000,0,10000,10000
05125P,鴻海群益95售06  ,0,0,0,0,0,0,0,0,0,10000,0,0,0,10000,0,10000,10000
048886,慧洋元富94購01  ,0,0,0,0,0,0,0,0,0,10000,0,0,0,10000,0,10000,10000
050157,臻鼎群益94購02  ,0,0,0,0,0,0,0,0,0,10000,0,0,0,76000,66000,10000,10000
047840,新日興元大93購03,0,0,0,0,0,0,0,0,0,10000,0,0,0,11000,1000,10000,10000
047879,台積電中信93購04,0,0,0,0,0,0,0,0,0,10000,0,0,0,30000,20000,10000,10000
049689,正崴元大94購02  ,0,0,0,0,0,0,0,0,0,10000,0,0,0,11000,1000,10000,10000
048789,大立光元大95購04,0,0,0,0,0,0,0,0,0,10000,0,0,0,10000,0,10000,10000
050667,國巨永豐94購06  ,0,0,0,0,0,0,0,0,0,10000,0,0,0,10000,0,10000,10000
049705,緯穎元大94購05  ,0,0,0,0,0,0,0,0,0,10000,0,0,0,10000,0,10000,10000
049713,鴻海凱基94購17  ,0,0,0,0,0,0,0,0,0,10000,0,0,0,20000,10000,10000,10000
049773,臺股指元富94購02,0,0,0,0,0,0,0,0,0,10000,0,0,0,35000,25000,10000,10000
049846,台泥群益94購01  ,0,0,0,0,0,0,0,0,0,10000,0,0,0,40000,30000,10000,10000
049810,欣興元大95購03  ,0,0,0,0,0,0,0,0,0,10000,0,0,0,10000,0,10000,10000
049831,日月光凱基94購01,0,0,0,0,0,0,0,0,0,10000,0,0,0,10000,0,10000,10000
049931,矽力元大94購01  ,0,0,0,0,0,0,0,0,0,10000,0,0,0,10000,0,10000,10000
050132,日電貿凱基94購02,0,0,0,0,0,0,0,0,0,10000,0,0,0,10000,0,10000,10000
050133,鈺齊凱基94購01  ,0,0,0,0,0,0,0,0,0,10000,0,0,0,42000,32000,10000,10000
048204,訊芯元大93購06  ,0,0,0,0,0,0,0,0,0,10000,0,0,0,10000,0,10000,10000
047816,大立光凱基93購26,0,0,0,0,0,0,0,0,0,10000,0,0,0,10000,0,10000,10000
047754,嘉澤元富93購02  ,0,0,0,0,0,0,0,0,0,10000,0,0,0,10000,0,10000,10000
048291,台積電群益93購09,0,0,0,0,0,0,0,0,0,10000,0,0,0,124000,114000,10000,10000
048293,聯詠群益93購04  ,0,0,0,0,0,0,0,0,0,10000,0,0,0,20000,10000,10000,10000
048335,和大元大93購03  ,0,0,0,0,0,0,0,0,0,10000,0,0,0,10000,0,10000,10000
047750,開發金元富93購01,0,0,0,0,0,0,0,0,0,10000,0,0,0,10000,0,10000,10000
047716,晶技凱基93購03  ,0,0,0,0,0,0,0,0,0,10000,0,0,0,10000,0,10000,10000
049446,為升統一94購01  ,0,0,0,0,0,0,0,0,0,10000,0,0,0,11000,1000,10000,10000
049443,元石油統一94購02,0,0,0,0,0,0,0,0,0,10000,0,0,0,10000,0,10000,10000
049456,上海銀統一94購03,0,0,0,0,0,0,0,0,0,10000,0,0,0,10000,0,10000,10000
050822,亞光凱基95購01  ,0,0,0,0,0,0,0,0,0,10000,0,0,0,18000,8000,10000,10000
05080P,亞光永豐95售02  ,0,0,0,0,0,0,0,0,0,10000,0,0,0,10000,0,10000,10000
049328,元上證統一94購01,0,0,0,0,0,0,0,0,0,10000,0,0,0,10000,0,10000,10000
049345,富邦金統一94購02,0,0,0,0,0,0,0,0,0,10000,0,0,0,20000,10000,10000,10000
048524,GIS元富94購01   ,0,0,0,0,0,0,0,0,0,10000,0,0,0,10000,0,10000,10000
049682,友達統一94購03  ,0,0,0,0,0,0,0,0,0,10000,0,0,0,10000,0,10000,10000
049617,光罩群益94購03  ,0,0,0,0,0,0,0,0,0,10000,0,0,0,10000,0,10000,10000
050497,臺指反凱基96購02,0,0,0,0,0,0,0,0,0,10000,0,0,0,60000,50000,10000,10000
049316,茂林凱基94購02  ,0,0,0,0,0,0,0,0,0,10000,0,0,0,10000,0,10000,10000
049142,智邦元大94購01  ,0,0,0,0,0,0,0,0,0,10000,0,0,0,10000,0,10000,10000
04910P,台積電統一94售12,0,0,0,0,0,0,0,0,0,10000,0,0,0,10000,0,10000,10000
049131,元油2X元大94購02,0,0,0,0,0,0,0,0,0,10000,0,0,0,10000,0,10000,10000
049082,晶豪科凱基94購01,0,0,0,0,0,0,0,0,0,10000,0,0,0,40000,30000,10000,10000
049231,鴻海富邦95購02  ,0,0,0,0,0,0,0,0,0,10000,0,0,0,10000,0,10000,10000
048688,瑞昱群益94購01  ,0,0,0,0,0,0,0,0,0,10000,0,0,0,10000,0,10000,10000
048704,台表科國票95購01,0,0,0,0,0,0,0,0,0,10000,0,0,0,42000,32000,10000,10000
048711,台郡台新94購01  ,0,0,0,0,0,0,0,0,0,10000,0,0,0,10000,0,10000,10000
048368,燿華統一93購01  ,0,0,0,0,0,0,0,0,0,10000,0,0,0,10000,0,10000,10000
048379,台郡元富96購01  ,0,0,0,0,0,0,0,0,0,10000,0,0,0,10000,0,10000,10000
048441,台積電凱基93購29,0,0,0,0,0,0,0,0,0,10000,0,0,0,30000,20000,10000,10000
048450,聯詠凱基93購09  ,0,0,0,0,0,0,0,0,0,10000,0,0,0,20000,10000,10000,10000
049058,茂林永豐94購02  ,0,0,0,0,0,0,0,0,0,10000,0,0,0,10000,0,10000,10000
048698,宏達電國票95購01,0,0,0,0,0,0,0,0,0,10000,0,0,0,10000,0,10000,10000
049507,和大凱基94購01  ,0,0,0,0,0,0,0,0,0,10000,0,0,0,10000,0,10000,10000
049497,茂林元大94購04  ,0,0,0,0,0,0,0,0,0,10000,0,0,0,10000,0,10000,10000
053804,富邦金凱基96購01,0,0,0,0,0,0,0,0,0,10000,0,0,0,10000,0,10000,10000
053767,臻鼎富邦97購02  ,0,0,0,0,0,0,0,0,0,10000,0,0,0,15000,5000,10000,10000
05379P,可成凱基95售11  ,0,0,0,0,0,0,0,0,0,10000,0,0,0,10000,0,10000,10000
053721,國泰金凱基97購01,0,0,0,0,0,0,0,0,0,10000,0,0,0,10000,0,10000,10000
053611,聯茂麥證96購01  ,0,0,0,10000,0,10000,0,0,0,10000,0,0,0,10000,0,10000,10000
053614,台積電群益96購08,0,0,0,0,0,0,0,0,0,10000,0,0,0,30000,20000,10000,10000
053618,新唐群益96購01  ,0,0,0,0,0,0,0,0,0,10000,0,0,0,10000,0,10000,10000
053655,全新凱基98購02  ,0,0,0,0,0,0,0,0,0,10000,0,0,0,20000,10000,10000,10000
053716,京元電凱基97購01,0,0,0,0,0,0,0,0,0,10000,0,0,0,20000,10000,10000,10000
053707,A50正2凱基99購02,0,0,0,0,0,0,0,0,0,10000,0,0,0,11000,1000,10000,10000
053422,可成永豐96購01  ,0,0,0,0,0,0,0,0,0,10000,0,0,0,78000,68000,10000,10000
053549,南亞科凱基96購02,0,0,0,0,0,0,0,0,0,10000,0,0,0,40000,30000,10000,10000
053100,美律元富96購01  ,0,0,0,0,0,0,0,0,0,10000,0,0,0,10000,0,10000,10000
053161,康友元大96購04  ,0,0,0,0,0,0,0,0,0,10000,0,0,0,10000,0,10000,10000
053193,超眾統一97購01  ,0,0,0,0,0,0,0,0,0,10000,0,0,0,10000,0,10000,10000
053336,元油反國票9B購02,0,0,0,0,0,0,0,0,0,10000,0,0,0,10000,0,10000,10000
053240,巨路永豐96購01  ,0,0,0,0,0,0,0,0,0,10000,0,0,0,10000,0,10000,10000
053270,台塑元大96購01  ,0,0,0,0,0,0,0,0,0,10000,0,0,0,75000,65000,10000,10000
052911,友達統一97購02  ,0,0,0,0,0,0,0,0,0,10000,0,0,0,10000,0,10000,10000
052971,京元電群益98購01,0,0,0,0,0,0,0,0,0,10000,0,0,0,10000,0,10000,10000
052860,旺宏凱基96購03  ,0,0,0,0,0,0,0,0,0,10000,0,0,0,262000,252000,10000,10000
052850,華新科統一96購02,0,0,0,0,0,0,0,0,0,10000,0,0,0,10000,0,10000,10000
052880,台積電凱基96購06,0,0,0,0,0,0,0,0,0,10000,0,0,0,60000,50000,10000,10000
051350,台積電元大95購14,0,0,0,0,0,0,0,0,0,10000,0,0,0,262000,252000,10000,10000
051362,台郡元大95購04  ,0,0,0,0,0,0,0,0,0,10000,0,0,0,60000,50000,10000,10000
051413,富邦金國票96購02,0,0,0,0,0,0,0,0,0,10000,0,0,0,10000,0,10000,10000
051622,和碩凱基96購01  ,0,0,0,0,0,0,0,0,0,10000,0,0,0,10000,0,10000,10000
051626,可成麥證95購02  ,0,0,0,10000,0,10000,0,0,0,10000,0,0,0,10000,0,10000,10000
051597,T50反1中信99購02,0,0,0,0,0,0,0,0,0,10000,0,0,0,10000,0,10000,10000
051581,聯發科元大95購12,0,0,0,0,0,0,0,0,0,10000,0,0,0,10000,0,10000,10000
051482,玉晶光凱基96購01,0,0,0,0,0,0,0,0,0,10000,0,0,0,50000,40000,10000,10000
05152P,玉晶光群益96售05,0,0,0,0,0,0,0,0,0,10000,0,0,0,10000,0,10000,10000
051860,為升凱基95購01  ,0,0,0,0,0,0,0,0,0,10000,0,0,0,31000,21000,10000,10000
051967,康友永豐95購02  ,0,0,0,0,0,0,0,0,0,10000,0,0,0,10000,0,10000,10000
052036,臺股指群益95購09,0,0,0,0,0,0,0,0,0,10000,0,0,0,10000,0,10000,10000
051730,為升國票96購02  ,0,0,0,0,0,0,0,0,0,10000,0,0,0,10000,0,10000,10000
05248P,矽創群益96售01  ,0,0,0,0,0,0,0,0,0,10000,0,0,0,10000,0,10000,10000
052402,健策凱基97購01  ,0,0,0,0,0,0,0,0,0,10000,0,0,0,10000,0,10000,10000
052432,康友永豐95購04  ,0,0,0,0,0,0,0,0,0,10000,0,0,0,10000,0,10000,10000
052715,可成凱基96購01  ,0,0,0,0,0,0,0,0,0,10000,0,0,0,10000,0,10000,10000
052716,欣興凱基96購01  ,0,0,0,0,0,0,0,0,0,10000,0,0,0,10000,0,10000,10000
052728,上証2X國泰97購01,0,0,0,0,0,0,0,0,0,10000,0,0,0,10000,0,10000,10000
052680,T50反1元大96購04,0,0,0,0,0,0,0,0,0,10000,0,0,0,10000,0,10000,10000
052660,京元電國票97購01,0,0,0,0,0,0,0,0,0,10000,0,0,0,10000,0,10000,10000
052620,上証2X富邦97購02,0,0,0,0,0,0,0,0,0,10000,0,0,0,10000,0,10000,10000
052613,易華電元大96購01,0,0,0,0,0,0,0,0,0,10000,0,0,0,10000,0,10000,10000
052575,茂林凱基96購04  ,0,0,0,0,0,0,0,0,0,10000,0,0,0,10000,0,10000,10000
052099,臺股指富邦95購02,0,0,0,0,0,0,0,0,0,10000,0,0,0,10000,0,10000,10000
052095,彩晶元大97購01  ,0,0,0,0,0,0,0,0,0,10000,0,0,0,10000,0,10000,10000
052110,可成元富95購02  ,0,0,0,0,0,0,0,0,0,10000,0,0,0,10000,0,10000,10000
052149,電子類群益95購01,0,0,0,0,0,0,0,0,0,10000,0,0,0,10000,0,10000,10000
052197,台郡元富95購03  ,0,0,0,0,0,0,0,0,0,10000,0,0,0,10000,0,10000,10000
05217P,鴻海統一95售08  ,0,0,0,0,0,0,0,0,0,10000,0,0,0,34000,24000,10000,10000
052342,茂林凱基96購01  ,0,0,0,0,0,0,0,0,0,10000,0,0,0,10000,0,10000,10000
052362,瑞昱國票96購02  ,0,0,0,0,0,0,0,0,0,10000,0,0,0,10000,0,10000,10000
052244,廣達康和95購01  ,0,0,0,0,0,0,0,0,0,10000,0,0,0,10000,0,10000,10000
052274,大立光群益95購03,0,0,0,0,0,0,0,0,0,10000,0,0,0,34000,24000,10000,10000
2642,宅配通          ,26000,15000,11000,0,0,0,0,0,0,-1000,1000,2000,-1000,0,0,0,10000
06411P,晶相光永豐97售03,0,0,0,0,0,0,0,0,0,10000,0,0,0,10000,0,10000,10000
06432P,上銀群益98售01  ,0,0,0,0,0,0,0,0,0,10000,0,0,0,60000,50000,10000,10000
06438P,玉晶光國票99售02,0,0,0,0,0,0,0,0,0,10000,0,0,0,45000,35000,10000,10000
05988P,光磊元富96售02  ,0,0,0,0,0,0,0,0,0,10000,0,0,0,10000,0,10000,10000
05870P,聯發科凱基96售19,0,0,0,0,0,0,0,0,0,10000,0,0,0,10000,0,10000,10000
05747P,漢唐群益96售03  ,0,0,0,0,0,0,0,0,0,10000,0,0,0,10000,0,10000,10000
06037P,超眾國票98售02  ,0,0,0,0,0,0,0,0,0,10000,0,0,0,10000,0,10000,10000
06009P,宏達電元富96售03,0,0,0,0,0,0,0,0,0,10000,0,0,0,10000,0,10000,10000
06087P,國巨永豐97售01  ,0,0,0,0,0,0,0,0,0,10000,0,0,0,20000,10000,10000,10000
06251P,臺股指永昌97售03,0,0,0,0,0,0,0,0,0,10000,0,0,0,10000,0,10000,10000
2882B,國泰金乙特      ,0,0,0,0,0,0,0,0,0,10000,10000,0,10000,0,0,0,10000
2888A,新光金甲特      ,10000,0,10000,0,0,0,0,0,0,0,0,0,0,0,0,0,10000
5906,台南-KY         ,13000,3000,10000,0,0,0,0,0,0,0,0,0,0,0,0,0,10000
056339,聯發科凱基99購02,0,0,0,0,0,0,0,0,0,9000,0,0,0,54000,45000,9000,9000
056242,緯創群益9A購01  ,0,0,0,0,0,0,0,0,0,9000,0,0,0,9000,0,9000,9000
055748,GIS元富97購01   ,0,0,0,0,0,0,0,0,0,9000,0,0,0,12000,3000,9000,9000
055585,國巨元大98購08  ,0,0,0,0,0,0,0,0,0,9000,0,0,0,20000,11000,9000,9000
055380,智易元大98購02  ,0,0,0,0,0,0,0,0,0,9000,0,0,0,14000,5000,9000,9000
054739,義隆凱基98購02  ,0,0,0,0,0,0,0,0,0,9000,0,0,0,60000,51000,9000,9000
055216,友達凱基98購05  ,0,0,0,0,0,0,0,0,0,9000,0,0,0,32000,23000,9000,9000
055222,臺股指凱基97購05,0,0,0,0,0,0,0,0,0,9000,0,0,0,10000,1000,9000,9000
054466,欣興凱基97購03  ,0,0,0,0,0,0,0,0,0,9000,0,0,0,22000,13000,9000,9000
03618C,高股息凱基95牛01,0,0,0,0,0,0,0,0,0,9000,0,0,0,9000,0,9000,9000
044462,漢唐兆豐93購01  ,0,0,0,0,0,0,0,0,0,9000,0,0,0,19000,10000,9000,9000
043513,台灣50元大96購05,0,0,0,0,0,0,0,0,0,9000,0,0,0,21000,12000,9000,9000
03740P,奇鋐群益94售01  ,0,0,0,0,0,0,0,0,0,9000,0,0,0,14000,5000,9000,9000
044039,康控群益93購01  ,0,0,0,0,0,0,0,0,0,9000,0,0,0,9000,0,9000,9000
044119,台郡兆豐92購01  ,0,0,0,0,0,0,0,0,0,9000,0,0,0,9000,0,9000,9000
046627,高鐵統一95購01  ,0,0,0,0,0,0,0,0,0,9000,0,0,0,29000,20000,9000,9000
046070,景碩凱基92購03  ,0,0,0,0,0,0,0,0,0,9000,0,0,0,9000,0,9000,9000
050069,禾伸堂凱基94購04,0,0,0,0,0,0,0,0,0,9000,0,0,0,15000,6000,9000,9000
050219,台積電元富95購03,0,0,0,0,0,0,0,0,0,9000,0,0,0,34000,25000,9000,9000
049600,緯穎元大95購02  ,0,0,0,0,0,0,0,0,0,9000,0,0,0,17000,8000,9000,9000
048371,華固統一93購02  ,0,0,0,0,0,0,0,0,0,9000,0,0,0,39000,30000,9000,9000
048506,華通群益94購03  ,0,0,0,0,0,0,0,0,0,9000,0,0,0,24000,15000,9000,9000
049613,華通中信94購01  ,0,0,0,0,0,0,0,0,0,9000,0,0,0,19000,10000,9000,9000
049385,茂林元大94購03  ,0,0,0,0,0,0,0,0,0,9000,0,0,0,10000,1000,9000,9000
050565,矽格元富94購01  ,0,0,0,0,0,0,0,0,0,9000,0,0,0,9000,0,9000,9000
049958,華新科統一94購08,0,0,0,0,0,0,0,0,0,9000,0,0,0,11000,2000,9000,9000
050640,致新國票94購01  ,0,0,0,0,0,0,0,0,0,9000,0,0,0,24000,15000,9000,9000
048764,台光電凱基94購03,0,0,0,0,0,0,0,0,0,9000,0,0,0,9000,0,9000,9000
048839,牧德凱基95購01  ,0,0,0,0,0,0,0,0,0,9000,0,0,0,41000,32000,9000,9000
05123P,鴻海永昌96售07  ,0,0,0,0,0,0,0,0,0,9000,0,0,0,105000,96000,9000,9000
048911,玉晶光富邦96購01,0,0,0,0,0,0,0,0,0,9000,0,0,0,10000,1000,9000,9000
048924,光罩永豐94購01  ,0,0,0,0,0,0,0,0,0,9000,0,0,0,39000,30000,9000,9000
052375,奇力新元大96購02,0,0,0,0,0,0,0,0,0,9000,0,0,0,456000,447000,9000,9000
052140,鈺齊凱基95購02  ,0,0,0,0,0,0,0,0,0,9000,0,0,0,19000,10000,9000,9000
052621,台郡富邦97購01  ,0,0,0,0,0,0,0,0,0,9000,0,0,0,251000,242000,9000,9000
051676,康舒元大95購01  ,0,0,0,0,0,0,0,0,0,9000,0,0,0,109000,100000,9000,9000
051688,大立光凱基97購02,0,0,0,0,0,0,0,0,0,9000,0,0,0,19000,10000,9000,9000
051347,國巨元大95購06  ,0,0,0,0,0,0,0,0,0,9000,0,0,0,9000,0,9000,9000
053085,華新科元大97購04,0,0,0,0,0,0,0,0,0,9000,0,0,0,14000,5000,9000,9000
053130,聯發科麥證96購01,0,0,0,119000,110000,9000,0,0,0,9000,0,0,0,119000,110000,9000,9000
053533,光罩永豐96購03  ,0,0,0,0,0,0,0,0,0,9000,0,0,0,9000,0,9000,9000
053522,臺股指群益99購01,0,0,0,0,0,0,0,0,0,9000,0,0,0,60000,51000,9000,9000
053523,T50反1中信9A購01,0,0,0,0,0,0,0,0,0,9000,0,0,0,50000,41000,9000,9000
053703,緯穎兆豐96購01  ,0,0,0,0,0,0,0,0,0,9000,0,0,0,54000,45000,9000,9000
053643,漢唐國票97購02  ,0,0,0,0,0,0,0,0,0,9000,0,0,0,26000,17000,9000,9000
4106,雃博            ,17000,8000,9000,0,0,0,0,0,0,0,1000,1000,0,0,0,0,9000
06340P,鴻海統一98售06  ,0,0,0,0,0,0,0,0,0,9000,0,0,0,9000,0,9000,9000
06314P,GIS元富97售02   ,0,0,0,0,0,0,0,0,0,9000,0,0,0,31000,22000,9000,9000
05746P,台積電群益96售07,0,0,0,0,0,0,0,0,0,9000,0,0,0,64000,55000,9000,9000
05950P,台積電國票97售04,0,0,0,0,0,0,0,0,0,9000,0,0,0,29000,20000,9000,9000
2443,億麗            ,13000,3000,10000,0,0,0,0,0,0,-1000,0,1000,-1000,0,0,0,9000
6224,聚鼎            ,65000,60223,4777,0,0,0,0,0,0,4000,5000,1000,4000,0,0,0,8777
054669,凌華元富97購01  ,0,0,0,0,0,0,0,0,0,8000,0,0,0,40000,32000,8000,8000
054237,茂林群益97購01  ,0,0,0,0,0,0,0,0,0,8000,0,0,0,113000,105000,8000,8000
055180,文曄統一97購01  ,0,0,0,0,0,0,0,0,0,8000,0,0,0,47000,39000,8000,8000
055915,大立光凱基98購07,0,0,0,0,0,0,0,0,0,8000,0,0,0,8000,0,8000,8000
055658,南電元富97購01  ,0,0,0,0,0,0,0,0,0,8000,0,0,0,8000,0,8000,8000
055949,亞德客元大97購04,0,0,0,0,0,0,0,0,0,8000,0,0,0,100000,92000,8000,8000
056061,國泰金元大97購02,0,0,0,0,0,0,0,0,0,8000,0,0,0,8000,0,8000,8000
047321,日月光元大93購03,0,0,0,0,0,0,0,0,0,8000,0,0,0,8000,0,8000,8000
047046,台積電國票94購01,0,0,0,0,0,0,0,0,0,8000,0,0,0,16000,8000,8000,8000
045461,廣達元大92購01  ,0,0,0,0,0,0,0,0,0,8000,0,0,0,10000,2000,8000,8000
045481,友達中信93購01  ,0,0,0,0,0,0,0,0,0,8000,0,0,0,8000,0,8000,8000
045797,健策中信93購01  ,0,0,0,0,0,0,0,0,0,8000,0,0,0,25000,17000,8000,8000
045360,樺漢凱基92購01  ,0,0,0,0,0,0,0,0,0,8000,0,0,0,8000,0,8000,8000
04533P,臺股指凱基94售05,0,0,0,0,0,0,0,0,0,8000,0,0,0,8000,0,8000,8000
044943,旺宏群益93購03  ,0,0,0,0,0,0,0,0,0,8000,0,0,0,9000,1000,8000,8000
043728,美律國泰93購01  ,0,0,0,0,0,0,0,0,0,8000,0,0,0,53000,45000,8000,8000
04360P,易華電永豐94售01,0,0,0,0,0,0,0,0,0,8000,0,0,0,10000,2000,8000,8000
046320,明泰元大92購02  ,0,0,0,0,0,0,0,0,0,8000,0,0,0,8000,0,8000,8000
047458,聯發科群益93購08,0,0,0,0,0,0,0,0,0,8000,0,0,0,20000,12000,8000,8000
047447,台郡元大94購02  ,0,0,0,0,0,0,0,0,0,8000,0,0,0,20000,12000,8000,8000
00689R,國泰20年美債反1 ,0,0,0,0,0,0,0,0,0,8000,0,0,0,133000,125000,8000,8000
006204,永豐臺灣加權    ,0,0,0,0,0,0,0,0,0,8000,0,0,0,8000,0,8000,8000
044510,台光電凱基93購04,0,0,0,0,0,0,0,0,0,8000,0,0,0,12000,4000,8000,8000
040508,上証2X國泰93購01,0,0,0,0,0,0,0,0,0,8000,0,0,0,8000,0,8000,8000
051286,國巨統一97購01  ,0,0,0,0,0,0,0,0,0,8000,0,0,0,13000,5000,8000,8000
051287,台積電統一95購05,0,0,0,0,0,0,0,0,0,8000,0,0,0,8000,0,8000,8000
050945,致茂群益95購01  ,0,0,0,0,0,0,0,0,0,8000,0,0,0,8000,0,8000,8000
050988,廣達富邦95購01  ,0,0,0,0,0,0,0,0,0,8000,0,0,0,333000,325000,8000,8000
051012,台積電凱基95購04,0,0,0,0,0,0,0,0,0,8000,0,0,0,8000,0,8000,8000
048008,聯發科富邦95購02,0,0,0,0,0,0,0,0,0,8000,0,0,0,98000,90000,8000,8000
048644,華固元大93購01  ,0,0,0,0,0,0,0,0,0,8000,0,0,0,8000,0,8000,8000
047634,亞德客元大93購01,0,0,0,0,0,0,0,0,0,8000,0,0,0,9000,1000,8000,8000
049344,華固統一94購01  ,0,0,0,0,0,0,0,0,0,8000,0,0,0,28000,20000,8000,8000
048568,緯穎元大93購06  ,0,0,0,0,0,0,0,0,0,8000,0,0,0,25000,17000,8000,8000
050505,可成凱基94購12  ,0,0,0,0,0,0,0,0,0,8000,0,0,0,20000,12000,8000,8000
049254,台積電元大96購02,0,0,0,0,0,0,0,0,0,8000,0,0,0,8000,0,8000,8000
048373,A50正2元富95購01,0,0,0,0,0,0,0,0,0,8000,0,0,0,8000,0,8000,8000
048726,儒鴻麥證95購01  ,0,0,0,10000,2000,8000,0,0,0,8000,0,0,0,10000,2000,8000,8000
049459,全新元富95購02  ,0,0,0,0,0,0,0,0,0,8000,0,0,0,155000,147000,8000,8000
053688,燿華元大96購05  ,0,0,0,0,0,0,0,0,0,8000,0,0,0,14000,6000,8000,8000
053615,光罩群益96購01  ,0,0,0,0,0,0,0,0,0,8000,0,0,0,8000,0,8000,8000
053397,國泰金中信96購01,0,0,0,0,0,0,0,0,0,8000,0,0,0,13000,5000,8000,8000
053883,大立光中信98購02,0,0,0,0,0,0,0,0,0,8000,0,0,0,21000,13000,8000,8000
05388P,南亞科元大95售04,0,0,0,0,0,0,0,0,0,8000,0,0,0,8000,0,8000,8000
053084,國巨元大98購01  ,0,0,0,0,0,0,0,0,0,8000,0,0,0,183000,175000,8000,8000
053335,易華電永豐96購01,0,0,0,0,0,0,0,0,0,8000,0,0,0,8000,0,8000,8000
053305,聯詠凱基96購02  ,0,0,0,0,0,0,0,0,0,8000,0,0,0,68000,60000,8000,8000
052834,彩晶群益96購01  ,0,0,0,0,0,0,0,0,0,8000,0,0,0,8000,0,8000,8000
052776,力山國票97購01  ,0,0,0,0,0,0,0,0,0,8000,0,0,0,38000,30000,8000,8000
052903,致茂國票97購01  ,0,0,0,0,0,0,0,0,0,8000,0,0,0,20000,12000,8000,8000
051436,訊芯元富95購01  ,0,0,0,0,0,0,0,0,0,8000,0,0,0,8000,0,8000,8000
051594,和碩元大96購01  ,0,0,0,0,0,0,0,0,0,8000,0,0,0,8000,0,8000,8000
051862,旺宏凱基95購05  ,0,0,0,0,0,0,0,0,0,8000,0,0,0,65000,57000,8000,8000
052515,矽力凱基95購02  ,0,0,0,0,0,0,0,0,0,8000,0,0,0,13000,5000,8000,8000
052127,日月光國票96購01,0,0,0,0,0,0,0,0,0,8000,0,0,0,20000,12000,8000,8000
06378P,國巨統一97售08  ,0,0,0,0,0,0,0,0,0,8000,0,0,0,18000,10000,8000,8000
05900P,臺股指凱基99售05,0,0,0,0,0,0,0,0,0,8000,0,0,0,53000,45000,8000,8000
06308P,國巨元富97售06  ,0,0,0,0,0,0,0,0,0,8000,0,0,0,20000,12000,8000,8000
06331P,南亞科群益97售04,0,0,0,0,0,0,0,0,0,8000,0,0,0,19000,11000,8000,8000
06160P,台達電群益97售01,0,0,0,0,0,0,0,0,0,8000,0,0,0,10000,2000,8000,8000
06062P,宏達電元富97售01,0,0,0,0,0,0,0,0,0,8000,0,0,0,8000,0,8000,8000
056165,矽力凱基98購02  ,0,0,0,0,0,0,0,0,0,7000,0,0,0,41000,34000,7000,7000
056140,康控元大98購01  ,0,0,0,0,0,0,0,0,0,7000,0,0,0,348000,341000,7000,7000
056228,可成凱基97購03  ,0,0,0,0,0,0,0,0,0,7000,0,0,0,7000,0,7000,7000
056267,文曄統一97購02  ,0,0,0,0,0,0,0,0,0,7000,0,0,0,40000,33000,7000,7000
055880,神達元富97購02  ,0,0,0,0,0,0,0,0,0,7000,0,0,0,10000,3000,7000,7000
055348,旺宏凱基97購01  ,0,0,0,0,0,0,0,0,0,7000,0,0,0,37000,30000,7000,7000
055053,瑞昱永豐97購01  ,0,0,0,0,0,0,0,0,0,7000,0,0,0,8000,1000,7000,7000
054957,興富發元大97購01,0,0,0,0,0,0,0,0,0,7000,0,0,0,10000,3000,7000,7000
054327,亞光台新96購02  ,0,0,0,0,0,0,0,0,0,7000,0,0,0,85000,78000,7000,7000
054092,大立光群益97購01,0,0,0,0,0,0,0,0,0,7000,0,0,0,22000,15000,7000,7000
054089,台積電群益96購11,0,0,0,0,0,0,0,0,0,7000,0,0,0,7000,0,7000,7000
054460,和大凱基97購01  ,0,0,0,0,0,0,0,0,0,7000,0,0,0,46000,39000,7000,7000
00660,元大歐洲50      ,0,0,0,0,0,0,0,0,0,7000,0,0,0,7000,0,7000,7000
04006P,滬深2X國票9B售01,0,0,0,0,0,0,0,0,0,7000,0,0,0,30000,23000,7000,7000
047386,南亞科元大93購01,0,0,0,0,0,0,0,0,0,7000,0,0,0,16000,9000,7000,7000
046308,廣達元大92購02  ,0,0,0,0,0,0,0,0,0,7000,0,0,0,10000,3000,7000,7000
043772,國巨兆豐92購01  ,0,0,0,0,0,0,0,0,0,7000,0,0,0,7000,0,7000,7000
040988,滬深反凱基92購01,0,0,0,0,0,0,0,0,0,7000,0,0,0,7000,0,7000,7000
045273,鴻海統一92購02  ,0,0,0,0,0,0,0,0,0,7000,0,0,0,7000,0,7000,7000
045956,英業達凱基93購01,0,0,0,0,0,0,0,0,0,7000,0,0,0,7000,0,7000,7000
045074,華新科元大93購03,0,0,0,0,0,0,0,0,0,7000,0,0,0,12000,5000,7000,7000
046395,友達國泰93購04  ,0,0,0,0,0,0,0,0,0,7000,0,0,0,7000,0,7000,7000
045184,京元電統一93購01,0,0,0,0,0,0,0,0,0,7000,0,0,0,7000,0,7000,7000
046804,群創元大94購01  ,0,0,0,0,0,0,0,0,0,7000,0,0,0,144000,137000,7000,7000
046818,奇力新凱基93購04,0,0,0,0,0,0,0,0,0,7000,0,0,0,7000,0,7000,7000
045454,上銀元大93購01  ,0,0,0,0,0,0,0,0,0,7000,0,0,0,12000,5000,7000,7000
045652,緯穎凱基92購01  ,0,0,0,0,0,0,0,0,0,7000,0,0,0,7000,0,7000,7000
047079,GIS兆豐94購01   ,0,0,0,0,0,0,0,0,0,7000,0,0,0,17000,10000,7000,7000
048403,聯發科群益93購10,0,0,0,0,0,0,0,0,0,7000,0,0,0,12000,5000,7000,7000
049099,華新科國泰95購02,0,0,0,0,0,0,0,0,0,7000,0,0,0,11000,4000,7000,7000
049351,揚明光永豐94購01,0,0,0,0,0,0,0,0,0,7000,0,0,0,75000,68000,7000,7000
049379,智原元大95購01  ,0,0,0,0,0,0,0,0,0,7000,0,0,0,17000,10000,7000,7000
047751,玉山金元富93購01,0,0,0,0,0,0,0,0,0,7000,0,0,0,27000,20000,7000,7000
048985,茂林元大94購01  ,0,0,0,0,0,0,0,0,0,7000,0,0,0,10000,3000,7000,7000
048086,鴻海凱基93購33  ,0,0,0,0,0,0,0,0,0,7000,0,0,0,50000,43000,7000,7000
048825,華新科凱基94購05,0,0,0,0,0,0,0,0,0,7000,0,0,0,12000,5000,7000,7000
049893,日月光富邦98購01,0,0,0,0,0,0,0,0,0,7000,0,0,0,88000,81000,7000,7000
052318,友達元大98購01  ,0,0,0,0,0,0,0,0,0,7000,0,0,0,14000,7000,7000,7000
051831,緯穎元大96購04  ,0,0,0,0,0,0,0,0,0,7000,0,0,0,25000,18000,7000,7000
052932,正文元大97購01  ,0,0,0,0,0,0,0,0,0,7000,0,0,0,7000,0,7000,7000
052790,智邦兆豐97購01  ,0,0,0,0,0,0,0,0,0,7000,0,0,0,249000,242000,7000,7000
053314,A50正2群益9A購01,0,0,0,0,0,0,0,0,0,7000,0,0,0,22000,15000,7000,7000
053728,茂林凱基97購01  ,0,0,0,0,0,0,0,0,0,7000,0,0,0,10000,3000,7000,7000
06008P,燿華統一96售04  ,0,0,0,0,0,0,0,0,0,7000,0,0,0,7000,0,7000,7000
06023P,超眾國票96售03  ,0,0,0,0,0,0,0,0,0,7000,0,0,0,17000,10000,7000,7000
1529,樂士            ,7000,0,7000,0,0,0,0,0,0,0,0,0,0,0,0,0,7000
1702,南僑            ,60000,50000,10000,0,0,0,0,0,0,-3000,0,3000,-3000,0,0,0,7000
2425,承啟            ,64000,57000,7000,0,0,0,0,0,0,0,0,0,0,0,0,0,7000
3032,偉訓            ,12000,4000,8000,0,0,0,0,0,0,-1000,0,1000,-1000,0,0,0,7000
054407,美律國票97購02  ,0,0,0,0,0,0,0,0,0,6000,0,0,0,146000,140000,6000,6000
054629,華新科凱基98購01,0,0,0,0,0,0,0,0,0,6000,0,0,0,75000,69000,6000,6000
054567,拓凱群益98購01  ,0,0,0,0,0,0,0,0,0,6000,0,0,0,6000,0,6000,6000
054558,劍麟群益99購01  ,0,0,0,0,0,0,0,0,0,6000,0,0,0,32000,26000,6000,6000
054309,禾伸堂凱基98購01,0,0,0,0,0,0,0,0,0,6000,0,0,0,16000,10000,6000,6000
054216,聯茂國票97購03  ,0,0,0,0,0,0,0,0,0,6000,0,0,0,9000,3000,6000,6000
054949,奇力新元大98購01,0,0,0,0,0,0,0,0,0,6000,0,0,0,431000,425000,6000,6000
054922,文曄凱基98購01  ,0,0,0,0,0,0,0,0,0,6000,0,0,0,36000,30000,6000,6000
054791,泰碩群益99購02  ,0,0,0,0,0,0,0,0,0,6000,0,0,0,111000,105000,6000,6000
055056,億光永豐97購01  ,0,0,0,0,0,0,0,0,0,6000,0,0,0,112000,106000,6000,6000
055132,台虹康和97購01  ,0,0,0,0,0,0,0,0,0,6000,0,0,0,6000,0,6000,6000
05520P,聯詠凱基96售01  ,0,0,0,0,0,0,0,0,0,6000,0,0,0,20000,14000,6000,6000
055267,百和永豐97購01  ,0,0,0,0,0,0,0,0,0,6000,0,0,0,6000,0,6000,6000
055269,和大元大97購02  ,0,0,0,0,0,0,0,0,0,6000,0,0,0,6000,0,6000,6000
055274,華泰元大97購02  ,0,0,0,0,0,0,0,0,0,6000,0,0,0,46000,40000,6000,6000
055407,祥碩國泰98購01  ,0,0,0,0,0,0,0,0,0,6000,0,0,0,31000,25000,6000,6000
055476,台郡凱基97購02  ,0,0,0,0,0,0,0,0,0,6000,0,0,0,6000,0,6000,6000
055780,禾伸堂凱基99購01,0,0,0,0,0,0,0,0,0,6000,0,0,0,6000,0,6000,6000
055713,國巨元大98購09  ,0,0,0,0,0,0,0,0,0,6000,0,0,0,80000,74000,6000,6000
055690,矽力凱基97購02  ,0,0,0,0,0,0,0,0,0,6000,0,0,0,6000,0,6000,6000
05641P,貿聯元富96售02  ,0,0,0,0,0,0,0,0,0,6000,0,0,0,6000,0,6000,6000
056399,上証2X群益9C購01,0,0,0,0,0,0,0,0,0,6000,0,0,0,6000,0,6000,6000
056416,華新科中信98購01,0,0,0,0,0,0,0,0,0,6000,0,0,0,77000,71000,6000,6000
047112,聯發科元大93購11,0,0,0,0,0,0,0,0,0,6000,0,0,0,115000,109000,6000,6000
047104,和大元大93購02  ,0,0,0,0,0,0,0,0,0,6000,0,0,0,6000,0,6000,6000
047205,GIS元富93購03   ,0,0,0,0,0,0,0,0,0,6000,0,0,0,10000,4000,6000,6000
04567P,臺股指凱基95售01,0,0,0,0,0,0,0,0,0,6000,0,0,0,6000,0,6000,6000
050121,南電元大95購02  ,0,0,0,0,0,0,0,0,0,6000,0,0,0,6000,0,6000,6000
050426,國巨凱基94購14  ,0,0,0,0,0,0,0,0,0,6000,0,0,0,6000,0,6000,6000
046848,和大元大93購01  ,0,0,0,0,0,0,0,0,0,6000,0,0,0,6000,0,6000,6000
046896,臻鼎群益94購01  ,0,0,0,0,0,0,0,0,0,6000,0,0,0,94000,88000,6000,6000
044305,瀚宇博兆豐93購01,0,0,0,0,0,0,0,0,0,6000,0,0,0,6000,0,6000,6000
043896,台積電群益92購06,0,0,0,0,0,0,0,0,0,6000,0,0,0,6000,0,6000,6000
047393,景碩元大93購02  ,0,0,0,0,0,0,0,0,0,6000,0,0,0,14000,8000,6000,6000
047421,聯茂富邦97購01  ,0,0,0,0,0,0,0,0,0,6000,0,0,0,6000,0,6000,6000
04247P,宏達電永豐93售02,0,0,0,0,0,0,0,0,0,6000,0,0,0,18000,12000,6000,6000
047556,群創凱基95購01  ,0,0,0,0,0,0,0,0,0,6000,0,0,0,6000,0,6000,6000
042931,啟碁中信95購01  ,0,0,0,0,0,0,0,0,0,6000,0,0,0,6000,0,6000,6000
00683L,元大美元指數正2 ,0,119000,-119000,0,0,0,0,0,0,125000,0,0,0,167000,42000,125000,6000
00657,國泰日經225     ,0,0,0,0,0,0,0,0,0,6000,0,0,0,107000,101000,6000,6000
044574,潤泰全凱基93購01,0,0,0,0,0,0,0,0,0,6000,0,0,0,6000,0,6000,6000
049918,宏達電元大94購01,0,0,0,0,0,0,0,0,0,6000,0,0,0,6000,0,6000,6000
049771,GIS元富94購02   ,0,0,0,0,0,0,0,0,0,6000,0,0,0,12000,6000,6000,6000
048784,台積電元大94購04,0,0,0,0,0,0,0,0,0,6000,0,0,0,164000,158000,6000,6000
048765,奇力新凱基94購01,0,0,0,0,0,0,0,0,0,6000,0,0,0,6000,0,6000,6000
047670,矽力永豐93購01  ,0,0,0,0,0,0,0,0,0,6000,0,0,0,16000,10000,6000,6000
048589,國巨兆豐96購01  ,0,0,0,0,0,0,0,0,0,6000,0,0,0,6000,0,6000,6000
049120,元油2X元富94購05,0,0,0,0,0,0,0,0,0,6000,0,0,0,72000,66000,6000,6000
049113,大立光統一94購06,0,0,0,0,0,0,0,0,0,6000,0,0,0,34000,28000,6000,6000
050500,台積電凱基94購36,0,0,0,0,0,0,0,0,0,6000,0,0,0,6000,0,6000,6000
049619,宏達電群益95購02,0,0,0,0,0,0,0,0,0,6000,0,0,0,11000,5000,6000,6000
048332,台積電富邦94購02,0,0,0,0,0,0,0,0,0,6000,0,0,0,8000,2000,6000,6000
04948P,瑞儀元大94售03  ,0,0,0,0,0,0,0,0,0,6000,0,0,0,94000,88000,6000,6000
053788,泰鼎元大97購01  ,0,0,0,0,0,0,0,0,0,6000,0,0,0,82000,76000,6000,6000
053409,和碩兆豐96購02  ,0,0,0,0,0,0,0,0,0,6000,0,0,0,44000,38000,6000,6000
053511,鴻海群益96購04  ,0,0,0,0,0,0,0,0,0,6000,0,0,0,6000,0,6000,6000
053552,華新科凱基96購08,0,0,0,0,0,0,0,0,0,6000,0,0,0,55000,49000,6000,6000
053710,華通凱基96購05  ,0,0,0,0,0,0,0,0,0,6000,0,0,0,6000,0,6000,6000
053662,矽力凱基97購01  ,0,0,0,0,0,0,0,0,0,6000,0,0,0,51000,45000,6000,6000
053362,元油反國泰98購01,0,0,0,0,0,0,0,0,0,6000,0,0,0,6000,0,6000,6000
053235,智原永豐96購01  ,0,0,0,0,0,0,0,0,0,6000,0,0,0,6000,0,6000,6000
053048,同欣電麥證96購01,0,0,0,140000,98000,42000,0,0,0,6000,0,0,0,140000,134000,6000,6000
05171P,臺股指元大95售15,0,0,0,0,0,0,0,0,0,6000,0,0,0,16000,10000,6000,6000
051710,和碩群益95購01  ,0,0,0,0,0,0,0,0,0,6000,0,0,0,6000,0,6000,6000
051556,台表科永豐96購01,0,0,0,0,0,0,0,0,0,6000,0,0,0,6000,0,6000,6000
051403,玉晶光永豐95購05,0,0,0,0,0,0,0,0,0,6000,0,0,0,6000,0,6000,6000
052065,臺股指國票95購12,0,0,0,0,0,0,0,0,0,6000,0,0,0,6000,0,6000,6000
052060,旺宏國票96購02  ,0,0,0,0,0,0,0,0,0,6000,0,0,0,12000,6000,6000,6000
052577,台積電統一96購01,0,0,0,0,0,0,0,0,0,6000,0,0,0,6000,0,6000,6000
052593,台積電群益96購02,0,0,0,0,0,0,0,0,0,6000,0,0,0,187000,181000,6000,6000
6715,嘉基            ,9000,15000,-6000,0,0,0,0,0,0,12000,12000,0,12000,0,0,0,6000
2393,億光            ,2182000,1941000,241000,0,0,0,0,0,0,-235000,214000,232000,-18000,67000,284000,-217000,6000
2373,震旦行          ,30000,18000,12000,0,0,0,0,0,0,-6000,0,6000,-6000,0,0,0,6000
1592,英瑞-KY         ,19000,8000,11000,0,0,0,0,0,0,-5000,1000,6000,-5000,0,0,0,6000
05639P,欣興統一97售01  ,0,0,0,0,0,0,0,0,0,5000,0,0,0,9000,4000,5000,5000
056336,南亞科凱基98購02,0,0,0,0,0,0,0,0,0,5000,0,0,0,5000,0,5000,5000
056164,聯茂凱基98購03  ,0,0,0,0,0,0,0,0,0,5000,0,0,0,5000,0,5000,5000
056131,鴻海元大97購12  ,0,0,0,0,0,0,0,0,0,5000,0,0,0,5000,0,5000,5000
055715,智邦元大97購04  ,0,0,0,0,0,0,0,0,0,5000,0,0,0,46000,41000,5000,5000
055798,聯茂富邦98購01  ,0,0,0,0,0,0,0,0,0,5000,0,0,0,5000,0,5000,5000
055901,超眾中信97購01  ,0,0,0,0,0,0,0,0,0,5000,0,0,0,5000,0,5000,5000
055513,旺宏亞東98購01  ,0,0,0,0,0,0,0,0,0,5000,0,0,0,5000,0,5000,5000
055561,奇鋐凱基97購01  ,0,0,0,0,0,0,0,0,0,5000,0,0,0,5000,0,5000,5000
055344,國巨凱基97購04  ,0,0,0,0,0,0,0,0,0,5000,0,0,0,5000,0,5000,5000
055367,台積電元大97購23,0,0,0,0,0,0,0,0,0,5000,0,0,0,20000,15000,5000,5000
055128,致新兆豐97購01  ,0,0,0,0,0,0,0,0,0,5000,0,0,0,15000,10000,5000,5000
055110,美律凱基98購02  ,0,0,0,0,0,0,0,0,0,5000,0,0,0,15000,10000,5000,5000
055091,微星群益97購01  ,0,0,0,0,0,0,0,0,0,5000,0,0,0,83000,78000,5000,5000
054679,台積電康和99購01,0,0,0,0,0,0,0,0,0,5000,0,0,0,5000,0,5000,5000
054941,凱美元大97購01  ,0,0,0,0,0,0,0,0,0,5000,0,0,0,45000,40000,5000,5000
054964,智易元大99購01  ,0,0,0,0,0,0,0,0,0,5000,0,0,0,5000,0,5000,5000
054855,得力群益98購01  ,0,0,0,0,0,0,0,0,0,5000,0,0,0,55000,50000,5000,5000
05487P,台表科凱基95售02,0,0,0,0,0,0,0,0,0,5000,0,0,0,5000,0,5000,5000
054045,奇力新元大97購03,0,0,0,0,0,0,0,0,0,5000,0,0,0,211000,206000,5000,5000
054135,大立光元大97購04,0,0,0,0,0,0,0,0,0,5000,0,0,0,5000,0,5000,5000
054172,易華電凱基98購01,0,0,0,0,0,0,0,0,0,5000,0,0,0,5000,0,5000,5000
054180,亞泥康和96購01  ,0,0,0,0,0,0,0,0,0,5000,0,0,0,5000,0,5000,5000
04451P,可成凱基94售04  ,0,0,0,0,0,0,0,0,0,5000,0,0,0,5000,0,5000,5000
0051,元大中型100     ,2000,2000,0,0,0,0,0,0,0,5000,0,0,0,6000,1000,5000,5000
0053,元大電子        ,0,0,0,0,0,0,0,0,0,5000,0,0,0,7000,2000,5000,5000
01003T,兆豐新光R1      ,5000,0,5000,0,0,0,0,0,0,0,0,0,0,0,0,0,5000
00735,國泰臺韓科技    ,0,0,0,0,0,0,0,0,0,5000,0,0,0,122000,117000,5000,5000
03996P,旺宏國泰95售01  ,0,0,0,0,0,0,0,0,0,5000,0,0,0,5000,0,5000,5000
039900,上証2X國泰92購01,0,0,0,0,0,0,0,0,0,5000,0,0,0,5000,0,5000,5000
03148P,聯電群益03售04  ,0,0,0,0,0,0,0,0,0,5000,0,0,0,5000,0,5000,5000
03892P,元油2X中信95售01,0,0,0,0,0,0,0,0,0,5000,0,0,0,564000,559000,5000,5000
042173,台灣50永豐93購01,0,0,0,0,0,0,0,0,0,5000,0,0,0,5000,0,5000,5000
047579,大立光群益94購02,0,0,0,0,0,0,0,0,0,5000,0,0,0,5000,0,5000,5000
04254P,亞德客國票93售03,0,0,0,0,0,0,0,0,0,5000,0,0,0,5000,0,5000,5000
046884,元油反群益95購01,0,0,0,0,0,0,0,0,0,5000,0,0,0,5000,0,5000,5000
043973,元金2X元大94購02,0,0,0,0,0,0,0,0,0,5000,0,0,0,5000,0,5000,5000
045767,大立光元富95購01,0,0,0,0,0,0,0,0,0,5000,0,0,0,5000,0,5000,5000
046383,群創凱基98購01  ,0,0,0,0,0,0,0,0,0,5000,0,0,0,15000,10000,5000,5000
046630,京元電元富95購03,0,0,0,0,0,0,0,0,0,5000,0,0,0,5000,0,5000,5000
046614,儒鴻凱基93購01  ,0,0,0,0,0,0,0,0,0,5000,0,0,0,5000,0,5000,5000
046617,台積電凱基93購01,0,0,0,0,0,0,0,0,0,5000,0,0,0,20000,15000,5000,5000
050127,台積電凱基94購31,0,0,0,0,0,0,0,0,0,5000,0,0,0,5000,0,5000,5000
050083,旺宏元富94購01  ,0,0,0,0,0,0,0,0,0,5000,0,0,0,120000,115000,5000,5000
047336,臺股指元大93購31,0,0,0,0,0,0,0,0,0,5000,0,0,0,8000,3000,5000,5000
047024,奇力新元大95購01,0,0,0,0,0,0,0,0,0,5000,0,0,0,5000,0,5000,5000
045459,致茂元大92購01  ,0,0,0,0,0,0,0,0,0,5000,0,0,0,5000,0,5000,5000
045489,晶技台新92購01  ,0,0,0,0,0,0,0,0,0,5000,0,0,0,5000,0,5000,5000
04562P,南亞科凱基94售02,0,0,0,0,0,0,0,0,0,5000,0,0,0,5000,0,5000,5000
047186,大立光元大93購20,0,0,0,0,0,0,0,0,0,5000,0,0,0,25000,20000,5000,5000
047191,同欣電元大93購02,0,0,0,0,0,0,0,0,0,5000,0,0,0,5000,0,5000,5000
047051,可成國票94購01  ,0,0,0,0,0,0,0,0,0,5000,0,0,0,5000,0,5000,5000
049532,同欣電台新94購01,0,0,0,0,0,0,0,0,0,5000,0,0,0,10000,5000,5000,5000
04907P,超眾國票95售01  ,0,0,0,0,0,0,0,0,0,5000,0,0,0,37000,32000,5000,5000
048511,美律凱基93購07  ,0,0,0,0,0,0,0,0,0,5000,0,0,0,255000,250000,5000,5000
048500,樺漢元大93購03  ,0,0,0,0,0,0,0,0,0,5000,0,0,0,5000,0,5000,5000
050499,台達電凱基94購11,0,0,0,0,0,0,0,0,0,5000,0,0,0,5000,0,5000,5000
04929P,同欣電凱基95售01,0,0,0,0,0,0,0,0,0,5000,0,0,0,5000,0,5000,5000
049671,上証2X富邦95購01,0,0,0,0,0,0,0,0,0,5000,0,0,0,5000,0,5000,5000
049644,台積電凱基94購21,0,0,0,0,0,0,0,0,0,5000,0,0,0,5000,0,5000,5000
050535,台表科群益94購02,0,0,0,0,0,0,0,0,0,5000,0,0,0,5000,0,5000,5000
049354,致新永豐94購01  ,0,0,0,0,0,0,0,0,0,5000,0,0,0,40000,35000,5000,5000
047682,滬深2X國泰94購02,0,0,0,0,0,0,0,0,0,5000,0,0,0,5000,0,5000,5000
049441,T50反1統一94購05,0,0,0,0,0,0,0,0,0,5000,0,0,0,5000,0,5000,5000
048619,台表科凱基93購07,0,0,0,0,0,0,0,0,0,5000,0,0,0,15000,10000,5000,5000
048313,南亞科凱基93購06,0,0,0,0,0,0,0,0,0,5000,0,0,0,5000,0,5000,5000
047864,信邦康和93購01  ,0,0,0,0,0,0,0,0,0,5000,0,0,0,5000,0,5000,5000
048804,和碩富邦94購01  ,0,0,0,0,0,0,0,0,0,5000,0,0,0,5000,0,5000,5000
050151,台積電群益94購12,0,0,0,0,0,0,0,0,0,5000,0,0,0,60000,55000,5000,5000
049725,台郡國票94購03  ,0,0,0,0,0,0,0,0,0,5000,0,0,0,5000,0,5000,5000
050628,美律中信94購02  ,0,0,0,0,0,0,0,0,0,5000,0,0,0,96000,91000,5000,5000
050621,易華電元大95購01,0,0,0,0,0,0,0,0,0,5000,0,0,0,5000,0,5000,5000
050661,景碩元大94購02  ,0,0,0,0,0,0,0,0,0,5000,0,0,0,5000,0,5000,5000
049951,全新群益94購03  ,0,0,0,0,0,0,0,0,0,5000,0,0,0,5000,0,5000,5000
049994,聯茂台新94購02  ,0,0,0,0,0,0,0,0,0,5000,0,0,0,5000,0,5000,5000
049853,上海銀群益94購02,0,0,0,0,0,0,0,0,0,5000,0,0,0,5000,0,5000,5000
048128,超眾元大95購01  ,0,0,0,0,0,0,0,0,0,5000,0,0,0,20000,15000,5000,5000
049001,川湖中信94購01  ,0,0,0,0,0,0,0,0,0,5000,0,0,0,5000,0,5000,5000
050838,為升國票96購01  ,0,0,0,0,0,0,0,0,0,5000,0,0,0,5000,0,5000,5000
050921,旺宏凱基95購02  ,0,0,0,0,0,0,0,0,0,5000,0,0,0,88000,83000,5000,5000
05102P,臺股指凱基96售09,0,0,0,0,0,0,0,0,0,5000,0,0,0,5000,0,5000,5000
05106P,鴻海永豐95售02  ,0,0,0,0,0,0,0,0,0,5000,0,0,0,14000,9000,5000,5000
051137,聯詠永豐95購01  ,0,0,0,0,0,0,0,0,0,5000,0,0,0,5000,0,5000,5000
052604,建準元大97購01  ,0,0,0,0,0,0,0,0,0,5000,0,0,0,20000,15000,5000,5000
052640,台表科凱基97購01,0,0,0,0,0,0,0,0,0,5000,0,0,0,5000,0,5000,5000
052566,國巨凱基96購04  ,0,0,0,0,0,0,0,0,0,5000,0,0,0,9000,4000,5000,5000
052537,力成富邦95購01  ,0,0,0,0,0,0,0,0,0,5000,0,0,0,5000,0,5000,5000
05241P,鴻海國泰97售04  ,0,0,0,0,0,0,0,0,0,5000,0,0,0,5000,0,5000,5000
052049,緯創凱基97購01  ,0,0,0,0,0,0,0,0,0,5000,0,0,0,5000,0,5000,5000
052068,瑞儀兆豐96購01  ,0,0,0,0,0,0,0,0,0,5000,0,0,0,15000,10000,5000,5000
052145,京元電群益95購02,0,0,0,0,0,0,0,0,0,5000,0,0,0,5000,0,5000,5000
052369,矽力國票96購02  ,0,0,0,0,0,0,0,0,0,5000,0,0,0,40000,35000,5000,5000
052346,訊芯凱基95購01  ,0,0,0,0,0,0,0,0,0,5000,0,0,0,12000,7000,5000,5000
052229,奇力新凱基96購01,0,0,0,0,0,0,0,0,0,5000,0,0,0,62000,57000,5000,5000
051499,康控群益95購02  ,0,0,0,0,0,0,0,0,0,5000,0,0,0,27000,22000,5000,5000
05148P,臻鼎元大95售01  ,0,0,0,0,0,0,0,0,0,5000,0,0,0,23000,18000,5000,5000
051616,鴻海凱基96購08  ,0,0,0,0,0,0,0,0,0,5000,0,0,0,10000,5000,5000,5000
052034,臺股指群益95購07,0,0,0,0,0,0,0,0,0,5000,0,0,0,5000,0,5000,5000
05284P,鴻海兆豐95售04  ,0,0,0,0,0,0,0,0,0,5000,0,0,0,5000,0,5000,5000
053126,健策凱基97購02  ,0,0,0,0,0,0,0,0,0,5000,0,0,0,20000,15000,5000,5000
053135,信邦國票96購01  ,0,0,0,0,0,0,0,0,0,5000,0,0,0,5000,0,5000,5000
053658,亞光凱基96購01  ,0,0,0,0,0,0,0,0,0,5000,0,0,0,30000,25000,5000,5000
053607,大立光第一96購01,0,0,0,0,0,0,0,0,0,5000,0,0,0,5000,0,5000,5000
053428,中磊永豐96購02  ,0,0,0,0,0,0,0,0,0,5000,0,0,0,45000,40000,5000,5000
053745,康友國票97購01  ,0,0,0,0,0,0,0,0,0,5000,0,0,0,15000,10000,5000,5000
053755,亞光元富96購01  ,0,0,0,0,0,0,0,0,0,5000,0,0,0,5000,0,5000,5000
05380P,鴻海群益95售11  ,0,0,0,0,0,0,0,0,0,5000,0,0,0,5000,0,5000,5000
053813,友達群益9A購03  ,0,0,0,0,0,0,0,0,0,5000,0,0,0,25000,20000,5000,5000
053905,華新科凱基96購10,0,0,0,0,0,0,0,0,0,5000,0,0,0,6000,1000,5000,5000
1524,耿鼎            ,8000,3000,5000,0,0,0,0,0,0,0,0,0,0,0,0,0,5000
08539P,元油2X國票99售01,0,0,0,0,0,0,0,0,0,5000,0,0,0,5000,0,5000,5000
2467,志聖            ,50000,41000,9000,0,0,0,0,0,0,-4000,0,4000,-4000,0,0,0,5000
2535,達欣工          ,123000,117000,6000,0,0,0,0,0,0,-1000,0,1000,-1000,0,0,0,5000
06033P,可成凱基96售09  ,0,0,0,0,0,0,0,0,0,5000,0,0,0,5000,0,5000,5000
05994P,奇鋐元大96售02  ,0,0,0,0,0,0,0,0,0,5000,0,0,0,12000,7000,5000,5000
06112P,台積電兆豐97售01,0,0,0,0,0,0,0,0,0,5000,0,0,0,35000,30000,5000,5000
06305P,臺股指元大97售11,0,0,0,0,0,0,0,0,0,5000,0,0,0,7000,2000,5000,5000
06269P,群創凱基98售10  ,0,0,0,0,0,0,0,0,0,5000,0,0,0,15000,10000,5000,5000
06175P,台積電元大97售21,0,0,0,0,0,0,0,0,0,5000,0,0,0,5000,0,5000,5000
06192P,高股息中信98售01,0,0,0,0,0,0,0,0,0,5000,0,0,0,10000,5000,5000,5000
05958P,聯發科國票97售04,0,0,0,0,0,0,0,0,0,5000,0,0,0,5000,0,5000,5000
05817P,可成凱基96售07  ,0,0,0,0,0,0,0,0,0,5000,0,0,0,5000,0,5000,5000
05841P,華通元大96售04  ,0,0,0,0,0,0,0,0,0,5000,0,0,0,30000,25000,5000,5000
6192,巨路            ,34000,30000,4000,0,0,0,0,0,0,1000,1000,0,1000,0,0,0,5000
3033,威健            ,51000,45000,6000,0,0,0,0,0,0,-1000,0,1000,-1000,0,0,0,5000
2887E,台新戊特        ,0,0,0,0,0,0,0,0,0,5000,5000,0,5000,0,0,0,5000
4764,雙鍵            ,8000,2000,6000,0,0,0,0,0,0,-1000,0,1000,-1000,0,0,0,5000
6184,大豐電          ,10000,5000,5000,0,0,0,0,0,0,0,0,0,0,0,0,0,5000
054199,大立光永昌96購07,0,0,0,0,0,0,0,0,0,4000,0,0,0,4000,0,4000,4000
05419P,矽力永豐95售02  ,0,0,0,0,0,0,0,0,0,4000,0,0,0,4000,0,4000,4000
054240,訊芯群益96購03  ,0,0,0,0,0,0,0,0,0,4000,0,0,0,102000,98000,4000,4000
054317,昇陽半凱基98購01,0,0,0,0,0,0,0,0,0,4000,0,0,0,4000,0,4000,4000
054485,華邦電台新96購01,0,0,0,0,0,0,0,0,0,4000,0,0,0,4000,0,4000,4000
054937,國巨元大97購03  ,0,0,0,0,0,0,0,0,0,4000,0,0,0,6000,2000,4000,4000
054710,東元元富97購01  ,0,0,0,0,0,0,0,0,0,4000,0,0,0,29000,25000,4000,4000
054736,南亞科凱基98購01,0,0,0,0,0,0,0,0,0,4000,0,0,0,104000,100000,4000,4000
054783,國巨群益98購04  ,0,0,0,0,0,0,0,0,0,4000,0,0,0,15000,11000,4000,4000
054771,茂林國票98購02  ,0,0,0,0,0,0,0,0,0,4000,0,0,0,4000,0,4000,4000
055090,國巨群益97購03  ,0,0,0,0,0,0,0,0,0,4000,0,0,0,4000,0,4000,4000
055082,台郡中信97購01  ,0,0,0,0,0,0,0,0,0,4000,0,0,0,169000,165000,4000,4000
055070,聯茂永豐97購01  ,0,0,0,0,0,0,0,0,0,4000,0,0,0,4000,0,4000,4000
055290,玉晶光元大98購08,0,0,0,0,0,0,0,0,0,4000,0,0,0,15000,11000,4000,4000
055248,可成統一97購02  ,0,0,0,0,0,0,0,0,0,4000,0,0,0,5000,1000,4000,4000
055234,昇陽半國票98購02,0,0,0,0,0,0,0,0,0,4000,0,0,0,224000,220000,4000,4000
055369,友訊元大97購01  ,0,0,0,0,0,0,0,0,0,4000,0,0,0,82000,78000,4000,4000
055352,奇力新凱基97購01,0,0,0,0,0,0,0,0,0,4000,0,0,0,34000,30000,4000,4000
055599,TPK元大97購01   ,0,0,0,0,0,0,0,0,0,4000,0,0,0,53000,49000,4000,4000
05555P,健策群益98售01  ,0,0,0,0,0,0,0,0,0,4000,0,0,0,16000,12000,4000,4000
055515,聚陽中信9A購01  ,0,0,0,0,0,0,0,0,0,4000,0,0,0,72000,68000,4000,4000
05546P,全新元大97售01  ,0,0,0,0,0,0,0,0,0,4000,0,0,0,4000,0,4000,4000
055853,群創元大98購03  ,0,0,0,0,0,0,0,0,0,4000,0,0,0,12000,8000,4000,4000
056137,聯鈞元大9A購01  ,0,0,0,0,0,0,0,0,0,4000,0,0,0,4000,0,4000,4000
056256,聯茂元富97購03  ,0,0,0,0,0,0,0,0,0,4000,0,0,0,4000,0,4000,4000
056257,聯茂元富97購04  ,0,0,0,0,0,0,0,0,0,4000,0,0,0,4000,0,4000,4000
056231,嘉聯益凱基97購02,0,0,0,0,0,0,0,0,0,4000,0,0,0,36000,32000,4000,4000
047035,華邦電群益94購02,0,0,0,0,0,0,0,0,0,4000,0,0,0,243000,239000,4000,4000
050110,京元電元大94購03,0,0,0,0,0,0,0,0,0,4000,0,0,0,4000,0,4000,4000
050419,鴻海凱基95購02  ,0,0,0,0,0,0,0,0,0,4000,0,0,0,4000,0,4000,4000
050454,嘉澤元大94購04  ,0,0,0,0,0,0,0,0,0,4000,0,0,0,103000,99000,4000,4000
046584,可成元大92購11  ,0,0,0,0,0,0,0,0,0,4000,0,0,0,4000,0,4000,4000
046531,臻鼎兆豐92購02  ,0,0,0,0,0,0,0,0,0,4000,0,0,0,4000,0,4000,4000
046706,智邦台新93購01  ,0,0,0,0,0,0,0,0,0,4000,0,0,0,4000,0,4000,4000
046942,友達元大99購01  ,0,0,0,0,0,0,0,0,0,4000,0,0,0,14000,10000,4000,4000
046938,致茂元大93購02  ,0,0,0,0,0,0,0,0,0,4000,0,0,0,4000,0,4000,4000
045830,亞德客群益92購02,0,0,0,0,0,0,0,0,0,4000,0,0,0,4000,0,4000,4000
044129,群創凱基93購02  ,0,0,0,0,0,0,0,0,0,4000,0,0,0,8000,4000,4000,4000
041921,台灣50凱基93購04,0,0,0,0,0,0,0,0,0,4000,0,0,0,4000,0,4000,4000
04146P,可成凱基93售14  ,0,0,0,0,0,0,0,0,0,4000,0,0,0,4000,0,4000,4000
047627,華新科國票94購03,0,0,0,0,0,0,0,0,0,4000,0,0,0,6000,2000,4000,4000
047417,台塑富邦97購01  ,0,0,0,0,0,0,0,0,0,4000,0,0,0,34000,30000,4000,4000
047433,鴻海元大93購16  ,0,0,0,0,0,0,0,0,0,4000,0,0,0,54000,50000,4000,4000
00865B,國泰US短期公債  ,0,0,0,0,0,0,0,0,0,4000,47000,0,47000,0,43000,-43000,4000
00851,台新全球AI      ,0,0,0,0,0,0,0,0,0,4000,0,0,0,13000,9000,4000,4000
00652,富邦印度        ,0,5000,-5000,0,0,0,0,0,0,9000,0,0,0,9000,0,9000,4000
044493,京元電元大92購02,0,0,0,0,0,0,0,0,0,4000,0,0,0,4000,0,4000,4000
03203P,台積電凱基01售26,0,0,0,0,0,0,0,0,0,4000,0,0,0,4000,0,4000,4000
03578P,創意元富08售04  ,0,0,0,0,0,0,0,0,0,4000,0,0,0,4000,0,4000,4000
05115P,T50反1群益95售02,0,0,0,0,0,0,0,0,0,4000,0,0,0,4000,0,4000,4000
051081,聯茂富邦96購01  ,0,0,0,0,0,0,0,0,0,4000,0,0,0,4000,0,4000,4000
051013,旺宏凱基95購03  ,0,0,0,0,0,0,0,0,0,4000,0,0,0,4000,0,4000,4000
050955,達方群益97購01  ,0,0,0,0,0,0,0,0,0,4000,0,0,0,34000,30000,4000,4000
050846,緯創國票96購01  ,0,0,0,0,0,0,0,0,0,4000,0,0,0,4000,0,4000,4000
048983,牧德元大95購01  ,0,0,0,0,0,0,0,0,0,4000,0,0,0,74000,70000,4000,4000
048960,矽格康和94購01  ,0,0,0,0,0,0,0,0,0,4000,0,0,0,4000,0,4000,4000
048111,奇力新群益93購06,0,0,0,0,0,0,0,0,0,4000,0,0,0,4000,0,4000,4000
048146,大立光統一93購11,0,0,0,0,0,0,0,0,0,4000,0,0,0,9000,5000,4000,4000
049936,柏文元大94購02  ,0,0,0,0,0,0,0,0,0,4000,0,0,0,4000,0,4000,4000
050645,台積電凱基94購39,0,0,0,0,0,0,0,0,0,4000,0,0,0,4000,0,4000,4000
049795,華通元大96購02  ,0,0,0,0,0,0,0,0,0,4000,0,0,0,20000,16000,4000,4000
050207,百和群益95購01  ,0,0,0,0,0,0,0,0,0,4000,0,0,0,5000,1000,4000,4000
048772,智易凱基94購01  ,0,0,0,0,0,0,0,0,0,4000,0,0,0,4000,0,4000,4000
048339,友達元大95購01  ,0,0,0,0,0,0,0,0,0,4000,0,0,0,39000,35000,4000,4000
048201,智易元大93購06  ,0,0,0,0,0,0,0,0,0,4000,0,0,0,4000,0,4000,4000
049450,友達統一94購02  ,0,0,0,0,0,0,0,0,0,4000,0,0,0,4000,0,4000,4000
049368,奇力新元大94購02,0,0,0,0,0,0,0,0,0,4000,0,0,0,4000,0,4000,4000
050733,寶成國票94購01  ,0,0,0,0,0,0,0,0,0,4000,0,0,0,52000,48000,4000,4000
047638,瑞昱元大93購11  ,0,0,0,0,0,0,0,0,0,4000,0,0,0,4000,0,4000,4000
050540,台積電凱基94購38,0,0,0,0,0,0,0,0,0,4000,0,0,0,4000,0,4000,4000
049656,臺股指凱基94購17,0,0,0,0,0,0,0,0,0,4000,0,0,0,9000,5000,4000,4000
049289,樺漢兆豐94購01  ,0,0,0,0,0,0,0,0,0,4000,0,0,0,4000,0,4000,4000
04911P,美律元富94售02  ,0,0,0,0,0,0,0,0,0,4000,0,0,0,20000,16000,4000,4000
049250,華通元大95購04  ,0,0,0,0,0,0,0,0,0,4000,0,0,0,11000,7000,4000,4000
049251,國巨元大95購02  ,0,0,0,0,0,0,0,0,0,4000,0,0,0,4000,0,4000,4000
049217,智邦國票95購01  ,0,0,0,0,0,0,0,0,0,4000,0,0,0,4000,0,4000,4000
049203,智邦群益94購01  ,0,0,0,0,0,0,0,0,0,4000,0,0,0,15000,11000,4000,4000
049075,光磊凱基94購01  ,0,0,0,0,0,0,0,0,0,4000,0,0,0,4000,0,4000,4000
049054,禾伸堂永豐94購01,0,0,0,0,0,0,0,0,0,4000,0,0,0,4000,0,4000,4000
053956,旺宏永豐96購04  ,0,0,0,0,0,0,0,0,0,4000,0,0,0,78000,74000,4000,4000
053599,崇越元大96購01  ,0,0,0,0,0,0,0,0,0,4000,0,0,0,4000,0,4000,4000
053623,臺股指群益96購09,0,0,0,0,0,0,0,0,0,4000,0,0,0,25000,21000,4000,4000
053714,南亞科凱基96購03,0,0,0,0,0,0,0,0,0,4000,0,0,0,10000,6000,4000,4000
052871,群創凱基98購07  ,0,0,0,0,0,0,0,0,0,4000,0,0,0,67000,63000,4000,4000
051979,群創凱基97購01  ,0,0,0,0,0,0,0,0,0,4000,0,0,0,4000,0,4000,4000
051881,上証2X永豐95購02,0,0,0,0,0,0,0,0,0,4000,0,0,0,4000,0,4000,4000
051735,台積電國票96購06,0,0,0,0,0,0,0,0,0,4000,0,0,0,64000,60000,4000,4000
051412,奇力新國票96購01,0,0,0,0,0,0,0,0,0,4000,0,0,0,4000,0,4000,4000
052416,滬深2X兆豐96購02,0,0,0,0,0,0,0,0,0,4000,0,0,0,4000,0,4000,4000
052522,聯發科元大96購05,0,0,0,0,0,0,0,0,0,4000,0,0,0,20000,16000,4000,4000
052512,全新凱基96購03  ,0,0,0,0,0,0,0,0,0,4000,0,0,0,10000,6000,4000,4000
052710,玉晶光日盛96購01,0,0,0,0,0,0,0,0,0,4000,0,0,0,4000,0,4000,4000
8454,富邦媒          ,20000,14000,6000,0,0,0,3000,0,3000,-5000,0,5000,-5000,0,0,0,4000
05819P,臺股指凱基96售16,0,0,0,0,0,0,0,0,0,4000,0,0,0,40000,36000,4000,4000
05809P,臺股指國票96售02,0,0,0,0,0,0,0,0,0,4000,0,0,0,4000,0,4000,4000
06101P,聯發科日盛97售03,0,0,0,0,0,0,0,0,0,4000,0,0,0,22000,18000,4000,4000
2471,資通            ,8000,4000,4000,0,0,0,0,0,0,0,0,0,0,0,0,0,4000
2455,全新            ,625000,928000,-303000,0,0,0,55000,0,55000,252000,107000,57000,50000,226000,24000,202000,4000
1472,三洋紡          ,5000,0,5000,0,0,0,0,0,0,-1000,0,1000,-1000,0,0,0,4000
1443,立益            ,0,0,0,0,0,0,0,0,0,4000,4000,0,4000,0,0,0,4000
2705,六福            ,6001,3000,3001,0,0,0,0,0,0,0,0,0,0,0,0,0,3001
056314,力成元大97購01  ,0,0,0,0,0,0,0,0,0,3000,0,0,0,18000,15000,3000,3000
056317,華通群益99購02  ,0,0,0,0,0,0,0,0,0,3000,0,0,0,3000,0,3000,3000
056423,奇鋐統一98購01  ,0,0,0,0,0,0,0,0,0,3000,0,0,0,3000,0,3000,3000
056173,廣達元富97購01  ,0,0,0,0,0,0,0,0,0,3000,0,0,0,10000,7000,3000,3000
056178,嘉澤元富97購02  ,0,0,0,0,0,0,0,0,0,3000,0,0,0,3000,0,3000,3000
055926,國巨群益98購06  ,0,0,0,0,0,0,0,0,0,3000,0,0,0,4000,1000,3000,3000
055817,京鼎國票99購01  ,0,0,0,0,0,0,0,0,0,3000,0,0,0,3000,0,3000,3000
055765,臺股指群益97購03,0,0,0,0,0,0,0,0,0,3000,0,0,0,50000,47000,3000,3000
055698,茂林國票98購03  ,0,0,0,0,0,0,0,0,0,3000,0,0,0,3000,0,3000,3000
055689,台郡凱基99購01  ,0,0,0,0,0,0,0,0,0,3000,0,0,0,3000,0,3000,3000
055646,漢唐元富97購01  ,0,0,0,0,0,0,0,0,0,3000,0,0,0,17000,14000,3000,3000
055349,京元電凱基97購02,0,0,0,0,0,0,0,0,0,3000,0,0,0,3000,0,3000,3000
055262,台虹國泰98購01  ,0,0,0,0,0,0,0,0,0,3000,0,0,0,3000,0,3000,3000
055157,晶豪科元大97購01,0,0,0,0,0,0,0,0,0,3000,0,0,0,13000,10000,3000,3000
054933,南港元大97購01  ,0,0,0,0,0,0,0,0,0,3000,0,0,0,21000,18000,3000,3000
05454P,奇鋐群益95售04  ,0,0,0,0,0,0,0,0,0,3000,0,0,0,10000,7000,3000,3000
054281,世芯群益97購01  ,0,0,0,0,0,0,0,0,0,3000,0,0,0,61000,58000,3000,3000
054290,奇力新元大96購05,0,0,0,0,0,0,0,0,0,3000,0,0,0,25000,22000,3000,3000
03560P,台積電兆豐03售10,0,0,0,0,0,0,0,0,0,3000,0,0,0,3000,0,3000,3000
03154P,華新科群益01售07,0,0,0,0,0,0,0,0,0,3000,0,0,0,3000,0,3000,3000
03074P,大立光國泰03售05,0,0,0,0,0,0,0,0,0,3000,0,0,0,3000,0,3000,3000
047494,華邦電元富96購01,0,0,0,0,0,0,0,0,0,3000,0,0,0,126000,123000,3000,3000
04166P,美利達元富93售03,0,0,0,0,0,0,0,0,0,3000,0,0,0,3000,0,3000,3000
044861,玉晶光兆豐93購01,0,0,0,0,0,0,0,0,0,3000,0,0,0,3000,0,3000,3000
045960,聯發科凱基92購01,0,0,0,0,0,0,0,0,0,3000,0,0,0,58000,55000,3000,3000
046064,中工凱基94購01  ,0,0,0,0,0,0,0,0,0,3000,0,0,0,3000,0,3000,3000
045367,新光金兆豐92購01,0,0,0,0,0,0,0,0,0,3000,0,0,0,3000,0,3000,3000
046407,華新科元大93購07,0,0,0,0,0,0,0,0,0,3000,0,0,0,3000,0,3000,3000
050288,台積電凱基94購32,0,0,0,0,0,0,0,0,0,3000,0,0,0,3000,0,3000,3000
045614,瀚宇博群益92購01,0,0,0,0,0,0,0,0,0,3000,0,0,0,3000,0,3000,3000
047306,儒鴻元大93購03  ,0,0,0,0,0,0,0,0,0,3000,0,0,0,3000,0,3000,3000
049587,美律元大95購01  ,0,0,0,0,0,0,0,0,0,3000,0,0,0,147000,144000,3000,3000
048486,傳奇國泰95購01  ,0,0,0,0,0,0,0,0,0,3000,0,0,0,3000,0,3000,3000
049152,大立光元大95購06,0,0,0,0,0,0,0,0,0,3000,0,0,0,13000,10000,3000,3000
049308,台達電凱基94購04,0,0,0,0,0,0,0,0,0,3000,0,0,0,28000,25000,3000,3000
04961P,貿聯凱基94售03  ,0,0,0,0,0,0,0,0,0,3000,0,0,0,3000,0,3000,3000
050557,台積電統一94購13,0,0,0,0,0,0,0,0,0,3000,0,0,0,3000,0,3000,3000
049425,喬山兆豐95購01  ,0,0,0,0,0,0,0,0,0,3000,0,0,0,45000,42000,3000,3000
049430,國巨國票95購02  ,0,0,0,0,0,0,0,0,0,3000,0,0,0,3000,0,3000,3000
048206,臺股指元大93購40,0,0,0,0,0,0,0,0,0,3000,0,0,0,3000,0,3000,3000
048199,大立光元大94購03,0,0,0,0,0,0,0,0,0,3000,0,0,0,3000,0,3000,3000
047770,聯詠元大93購10  ,0,0,0,0,0,0,0,0,0,3000,0,0,0,3000,0,3000,3000
048308,儒鴻凱基93購05  ,0,0,0,0,0,0,0,0,0,3000,0,0,0,3000,0,3000,3000
048277,建準永豐93購02  ,0,0,0,0,0,0,0,0,0,3000,0,0,0,3000,0,3000,3000
048245,台積電兆豐93購07,0,0,0,0,0,0,0,0,0,3000,0,0,0,43000,40000,3000,3000
048794,易華電元大97購01,0,0,0,0,0,0,0,0,0,3000,0,0,0,3000,0,3000,3000
048798,華新科國泰95購01,0,0,0,0,0,0,0,0,0,3000,0,0,0,3000,0,3000,3000
049690,義隆元大95購02  ,0,0,0,0,0,0,0,0,0,3000,0,0,0,3000,0,3000,3000
047942,華新科國票94購04,0,0,0,0,0,0,0,0,0,3000,0,0,0,43000,40000,3000,3000
048991,昇陽半元大94購01,0,0,0,0,0,0,0,0,0,3000,0,0,0,3000,0,3000,3000
049797,台積電元大94購17,0,0,0,0,0,0,0,0,0,3000,0,0,0,4000,1000,3000,3000
049828,華新科凱基94購06,0,0,0,0,0,0,0,0,0,3000,0,0,0,24000,21000,3000,3000
048129,力成元大93購02  ,0,0,0,0,0,0,0,0,0,3000,0,0,0,13000,10000,3000,3000
048084,華通凱基93購05  ,0,0,0,0,0,0,0,0,0,3000,0,0,0,3000,0,3000,3000
049044,和碩兆豐94購01  ,0,0,0,0,0,0,0,0,0,3000,0,0,0,3000,0,3000,3000
048968,可成元大94購02  ,0,0,0,0,0,0,0,0,0,3000,0,0,0,3000,0,3000,3000
048909,聯詠富邦94購01  ,0,0,0,0,0,0,0,0,0,3000,0,0,0,3000,0,3000,3000
051091,聯發科元大95購07,0,0,0,0,0,0,0,0,0,3000,0,0,0,3000,0,3000,3000
051145,台積電凱基95購05,0,0,0,0,0,0,0,0,0,3000,0,0,0,3000,0,3000,3000
052587,景碩永豐97購01  ,0,0,0,0,0,0,0,0,0,3000,0,0,0,3000,0,3000,3000
052525,聯詠元大95購06  ,0,0,0,0,0,0,0,0,0,3000,0,0,0,3000,0,3000,3000
052300,力成台新95購01  ,0,0,0,0,0,0,0,0,0,3000,0,0,0,3000,0,3000,3000
052148,康友群益95購03  ,0,0,0,0,0,0,0,0,0,3000,0,0,0,3000,0,3000,3000
051470,玉晶光日盛95購01,0,0,0,0,0,0,0,0,0,3000,0,0,0,9000,6000,3000,3000
051698,旺宏麥證95購01  ,0,0,0,3000,0,3000,0,0,0,3000,0,0,0,3000,0,3000,3000
051921,南茂元大95購04  ,0,0,0,0,0,0,0,0,0,3000,0,0,0,3000,0,3000,3000
052025,國巨群益96購01  ,0,0,0,0,0,0,0,0,0,3000,0,0,0,3000,0,3000,3000
052774,京元電亞東96購01,0,0,0,0,0,0,0,0,0,3000,0,0,0,3000,0,3000,3000
052796,和碩兆豐96購01  ,0,0,0,0,0,0,0,0,0,3000,0,0,0,43000,40000,3000,3000
053013,台積電統一97購01,0,0,0,0,0,0,0,0,0,3000,0,0,0,17000,14000,3000,3000
052924,旺宏永豐96購01  ,0,0,0,0,0,0,0,0,0,3000,0,0,0,53000,50000,3000,3000
052910,鴻海統一96購10  ,0,0,0,0,0,0,0,0,0,3000,0,0,0,3000,0,3000,3000
053282,彩晶元大9C購01  ,0,0,0,0,0,0,0,0,0,3000,0,0,0,3000,0,3000,3000
053283,同欣電元大96購03,0,0,0,0,0,0,0,0,0,3000,0,0,0,40000,37000,3000,3000
053864,義隆元大96購01  ,0,0,0,0,0,0,0,0,0,3000,0,0,0,3000,0,3000,3000
05387P,鴻海元大95售21  ,0,0,0,0,0,0,0,0,0,3000,0,0,0,70000,67000,3000,3000
1449,佳和            ,24000,20000,4000,0,0,0,0,0,0,-1000,0,1000,-1000,0,0,0,3000
1726,永記            ,3000,0,3000,0,0,0,0,0,0,0,0,0,0,0,0,0,3000
06158P,玉晶光元富97售08,0,0,0,0,0,0,0,0,0,3000,0,0,0,67000,64000,3000,3000
06010P,國泰金元富96售01,0,0,0,0,0,0,0,0,0,3000,0,0,0,3000,0,3000,3000
05873P,華通群益97售02  ,0,0,0,0,0,0,0,0,0,3000,0,0,0,13000,10000,3000,3000
05931P,鴻海凱基96售15  ,0,0,0,0,0,0,0,0,0,3000,0,0,0,3000,0,3000,3000
8103,瀚荃            ,9000,5000,4000,0,0,0,0,0,0,-1000,0,1000,-1000,0,0,0,3000
4144,康聯-KY         ,10000,2000,8000,0,0,0,0,0,0,-5000,1000,6000,-5000,0,0,0,3000
054186,高鐵永豐96購01  ,0,0,0,0,0,0,0,0,0,2000,0,0,0,2000,0,2000,2000
054091,晶豪科群益96購01,0,0,0,0,0,0,0,0,0,2000,0,0,0,14000,12000,2000,2000
054620,南茂永豐97購01  ,0,0,0,0,0,0,0,0,0,2000,0,0,0,2000,0,2000,2000
054468,台郡凱基98購01  ,0,0,0,0,0,0,0,0,0,2000,0,0,0,20000,18000,2000,2000
05446P,緯穎元大95售04  ,0,0,0,0,0,0,0,0,0,2000,0,0,0,12000,10000,2000,2000
054363,世芯凱基97購01  ,0,0,0,0,0,0,0,0,0,2000,0,0,0,8000,6000,2000,2000
054774,同欣電國票98購01,0,0,0,0,0,0,0,0,0,2000,0,0,0,83000,81000,2000,2000
055238,茂林台新97購01  ,0,0,0,0,0,0,0,0,0,2000,0,0,0,2000,0,2000,2000
055493,華新科元大97購09,0,0,0,0,0,0,0,0,0,2000,0,0,0,17000,15000,2000,2000
055684,京鼎凱基97購01  ,0,0,0,0,0,0,0,0,0,2000,0,0,0,45000,43000,2000,2000
055727,矽力元大97購02  ,0,0,0,0,0,0,0,0,0,2000,0,0,0,19000,17000,2000,2000
05580P,美律凱基96售03  ,0,0,0,0,0,0,0,0,0,2000,0,0,0,39000,37000,2000,2000
056207,茂林永豐97購03  ,0,0,0,0,0,0,0,0,0,2000,0,0,0,22000,20000,2000,2000
056434,國巨凱基98購03  ,0,0,0,0,0,0,0,0,0,2000,0,0,0,2000,0,2000,2000
056464,臺股指凱基99購06,0,0,0,0,0,0,0,0,0,2000,0,0,0,19000,17000,2000,2000
056493,晶技國泰99購01  ,0,0,0,0,0,0,0,0,0,2000,0,0,0,2000,0,2000,2000
045588,健策元大93購01  ,0,0,0,0,0,0,0,0,0,2000,0,0,0,2000,0,2000,2000
045688,祥碩元大92購01  ,0,0,0,0,0,0,0,0,0,2000,0,0,0,2000,0,2000,2000
050240,聯發科凱基94購13,0,0,0,0,0,0,0,0,0,2000,0,0,0,4000,2000,2000,2000
050227,大立光中信96購01,0,0,0,0,0,0,0,0,0,2000,0,0,0,2000,0,2000,2000
050071,明泰凱基94購01  ,0,0,0,0,0,0,0,0,0,2000,0,0,0,70000,68000,2000,2000
047374,麗豐國票93購01  ,0,0,0,0,0,0,0,0,0,2000,0,0,0,50000,48000,2000,2000
050391,大立光統一94購07,0,0,0,0,0,0,0,0,0,2000,0,0,0,61000,59000,2000,2000
050311,上銀兆豐95購01  ,0,0,0,0,0,0,0,0,0,2000,0,0,0,2000,0,2000,2000
046419,聯鈞元大92購01  ,0,0,0,0,0,0,0,0,0,2000,0,0,0,2000,0,2000,2000
046515,嘉澤元大92購04  ,0,0,0,0,0,0,0,0,0,2000,0,0,0,2000,0,2000,2000
046838,勤誠群益93購01  ,0,0,0,0,0,0,0,0,0,2000,0,0,0,10000,8000,2000,2000
046750,鴻海凱基93購17  ,0,0,0,0,0,0,0,0,0,2000,0,0,0,2000,0,2000,2000
046945,大毅元大93購01  ,0,0,0,0,0,0,0,0,0,2000,0,0,0,2000,0,2000,2000
045295,台積電元大93購02,0,0,0,0,0,0,0,0,0,2000,0,0,0,2000,0,2000,2000
046215,大立光統一92購03,0,0,0,0,0,0,0,0,0,2000,0,0,0,2000,0,2000,2000
046230,亞光元大92購03  ,0,0,0,0,0,0,0,0,0,2000,0,0,0,2000,0,2000,2000
04598P,光罩凱基94售03  ,0,0,0,0,0,0,0,0,0,2000,0,0,0,2000,0,2000,2000
04600P,可成凱基94售07  ,0,0,0,0,0,0,0,0,0,2000,0,0,0,2000,0,2000,2000
046115,京元電元大92購04,0,0,0,0,0,0,0,0,0,2000,0,0,0,2000,0,2000,2000
043884,臻鼎元大92購01  ,0,0,0,0,0,0,0,0,0,2000,0,0,0,2000,0,2000,2000
046275,台表科凱基94購01,0,0,0,0,0,0,0,0,0,2000,0,0,0,18000,16000,2000,2000
047521,台積電元大94購03,0,0,0,0,0,0,0,0,0,2000,0,0,0,25000,23000,2000,2000
04754P,宏達電元富94售02,0,0,0,0,0,0,0,0,0,2000,0,0,0,29000,27000,2000,2000
04296P,技嘉元大93售01  ,0,0,0,0,0,0,0,0,0,2000,0,0,0,2000,0,2000,2000
03038X,元展35          ,0,0,0,0,0,0,0,0,0,2000,0,0,0,2000,0,2000,2000
03644C,臺股指元大94牛28,0,0,0,0,0,0,0,0,0,2000,0,0,0,32000,30000,2000,2000
04034P,技嘉群益93售03  ,0,0,0,0,0,0,0,0,0,2000,0,0,0,2000,0,2000,2000
040381,元金2X元富95購01,0,0,0,0,0,0,0,0,0,2000,0,0,0,2000,0,2000,2000
0052,富邦科技        ,7000,6000,1000,0,0,0,0,0,0,1000,0,0,0,102000,101000,1000,2000
01004T,土銀富邦R2      ,2000,0,2000,0,0,0,0,0,0,0,0,0,0,0,0,0,2000
03007X,元展07          ,0,0,0,0,0,0,0,0,0,2000,0,0,0,2000,0,2000,2000
00770,國泰北美科技    ,0,0,0,0,0,0,0,0,0,2000,0,0,0,26000,24000,2000,2000
03539P,牧德元富08售01  ,0,0,0,0,0,0,0,0,0,2000,0,0,0,2000,0,2000,2000
03612C,臺股指元大95牛01,0,0,0,0,0,0,0,0,0,2000,0,0,0,2000,0,2000,2000
04471P,華通元大95售03  ,0,0,0,0,0,0,0,0,0,2000,0,0,0,12000,10000,2000,2000
04459P,元油2X元富94售08,0,0,0,0,0,0,0,0,0,2000,0,0,0,15000,13000,2000,2000
043580,大立光元富94購01,0,0,0,0,0,0,0,0,0,2000,0,0,0,40000,38000,2000,2000
043601,亞光元大93購01  ,0,0,0,0,0,0,0,0,0,2000,0,0,0,2000,0,2000,2000
04328P,台達電中信93售02,0,0,0,0,0,0,0,0,0,2000,0,0,0,2000,0,2000,2000
051239,國巨元大96購02  ,0,0,0,0,0,0,0,0,0,2000,0,0,0,2000,0,2000,2000
048944,茂林永豐94購01  ,0,0,0,0,0,0,0,0,0,2000,0,0,0,2000,0,2000,2000
050887,台積電富邦95購05,0,0,0,0,0,0,0,0,0,2000,0,0,0,2000,0,2000,2000
05092P,全新元大95售03  ,0,0,0,0,0,0,0,0,0,2000,0,0,0,2000,0,2000,2000
049013,川湖群益94購01  ,0,0,0,0,0,0,0,0,0,2000,0,0,0,2000,0,2000,2000
048076,亞光第一94購01  ,0,0,0,0,0,0,0,0,0,2000,0,0,0,2000,0,2000,2000
049835,緯穎凱基94購05  ,0,0,0,0,0,0,0,0,0,2000,0,0,0,25000,23000,2000,2000
049905,為升元大94購05  ,0,0,0,0,0,0,0,0,0,2000,0,0,0,22000,20000,2000,2000
049976,台積電凱基94購28,0,0,0,0,0,0,0,0,0,2000,0,0,0,42000,40000,2000,2000
050655,中磊凱基96購01  ,0,0,0,0,0,0,0,0,0,2000,0,0,0,2000,0,2000,2000
048861,牧德群益94購01  ,0,0,0,0,0,0,0,0,0,2000,0,0,0,26000,24000,2000,2000
047974,新光金兆豐93購01,0,0,0,0,0,0,0,0,0,2000,0,0,0,22000,20000,2000,2000
048820,台積電凱基94購06,0,0,0,0,0,0,0,0,0,2000,0,0,0,2000,0,2000,2000
048799,台積電富邦94購03,0,0,0,0,0,0,0,0,0,2000,0,0,0,2000,0,2000,2000
047835,華新科元大93購09,0,0,0,0,0,0,0,0,0,2000,0,0,0,2000,0,2000,2000
047761,亞德客元大93購02,0,0,0,0,0,0,0,0,0,2000,0,0,0,3000,1000,2000,2000
048190,道瓊反元大96購02,0,0,0,0,0,0,0,0,0,2000,0,0,0,2000,0,2000,2000
048193,旺宏元大94購05  ,0,0,0,0,0,0,0,0,0,2000,0,0,0,53000,51000,2000,2000
049442,滬深2X統一99購01,0,0,0,0,0,0,0,0,0,2000,0,0,0,2000,0,2000,2000
047722,南電凱基94購02  ,0,0,0,0,0,0,0,0,0,2000,0,0,0,115000,113000,2000,2000
04772P,欣興元大94售08  ,0,0,0,0,0,0,0,0,0,2000,0,0,0,24000,22000,2000,2000
048613,智原凱基93購03  ,0,0,0,0,0,0,0,0,0,2000,0,0,0,2000,0,2000,2000
049436,義隆國泰96購02  ,0,0,0,0,0,0,0,0,0,2000,0,0,0,35000,33000,2000,2000
050734,台積電台新94購02,0,0,0,0,0,0,0,0,0,2000,0,0,0,2000,0,2000,2000
050769,聯發科元大94購17,0,0,0,0,0,0,0,0,0,2000,0,0,0,6000,4000,2000,2000
050485,國巨統一96購01  ,0,0,0,0,0,0,0,0,0,2000,0,0,0,2000,0,2000,2000
05048P,同欣電永豐95售01,0,0,0,0,0,0,0,0,0,2000,0,0,0,2000,0,2000,2000
048553,光磊元大93購03  ,0,0,0,0,0,0,0,0,0,2000,0,0,0,2000,0,2000,2000
050508,上証2X元大97購01,0,0,0,0,0,0,0,0,0,2000,0,0,0,2000,0,2000,2000
049277,臺股指元大94購12,0,0,0,0,0,0,0,0,0,2000,0,0,0,2000,0,2000,2000
049156,緯穎元大96購01  ,0,0,0,0,0,0,0,0,0,2000,0,0,0,12000,10000,2000,2000
049209,GIS群益94購03   ,0,0,0,0,0,0,0,0,0,2000,0,0,0,20000,18000,2000,2000
048502,百和元大93購01  ,0,0,0,0,0,0,0,0,0,2000,0,0,0,15000,13000,2000,2000
048515,貿聯凱基93購03  ,0,0,0,0,0,0,0,0,0,2000,0,0,0,2000,0,2000,2000
048697,華新科國票94購06,0,0,0,0,0,0,0,0,0,2000,0,0,0,58000,56000,2000,2000
048683,日月光富邦93購01,0,0,0,0,0,0,0,0,0,2000,0,0,0,2000,0,2000,2000
048355,國巨永豐93購04  ,0,0,0,0,0,0,0,0,0,2000,0,0,0,2000,0,2000,2000
053917,友達國票97購03  ,0,0,0,0,0,0,0,0,0,2000,0,0,0,22000,20000,2000,2000
053704,國巨群益96購06  ,0,0,0,0,0,0,0,0,0,2000,0,0,0,2000,0,2000,2000
053598,日月光元大96購04,0,0,0,0,0,0,0,0,0,2000,0,0,0,70000,68000,2000,2000
053586,建準元大96購01  ,0,0,0,0,0,0,0,0,0,2000,0,0,0,52000,50000,2000,2000
053213,建準凱基96購02  ,0,0,0,0,0,0,0,0,0,2000,0,0,0,2000,0,2000,2000
05285P,同欣電群益95售02,0,0,0,0,0,0,0,0,0,2000,0,0,0,2000,0,2000,2000
052005,矽力國泰97購02  ,0,0,0,0,0,0,0,0,0,2000,0,0,0,64000,62000,2000,2000
051970,元黃金凱基98購01,0,0,0,0,0,0,0,0,0,2000,0,0,0,12000,10000,2000,2000
051722,玉晶光永豐97購01,0,0,0,0,0,0,0,0,0,2000,0,0,0,2000,0,2000,2000
051624,智邦麥證95購02  ,0,0,0,122000,120000,2000,0,0,0,2000,0,0,0,122000,120000,2000,2000
051649,中磊永豐95購02  ,0,0,0,0,0,0,0,0,0,2000,0,0,0,2000,0,2000,2000
051633,可成國票96購03  ,0,0,0,0,0,0,0,0,0,2000,0,0,0,32000,30000,2000,2000
051459,臺股指元大95購19,0,0,0,0,0,0,0,0,0,2000,0,0,0,2000,0,2000,2000
052048,景碩凱基95購01  ,0,0,0,0,0,0,0,0,0,2000,0,0,0,2000,0,2000,2000
052345,矽力凱基95購01  ,0,0,0,0,0,0,0,0,0,2000,0,0,0,2000,0,2000,2000
052285,康控凱基95購02  ,0,0,0,0,0,0,0,0,0,2000,0,0,0,2000,0,2000,2000
052521,友達元大9B購01  ,0,0,0,0,0,0,0,0,0,2000,0,0,0,6000,4000,2000,2000
052434,茂林國泰97購01  ,0,0,0,0,0,0,0,0,0,2000,0,0,0,105000,103000,2000,2000
052596,群創群益98購05  ,0,0,0,0,0,0,0,0,0,2000,0,0,0,2000,0,2000,2000
052725,為升元富96購01  ,0,0,0,0,0,0,0,0,0,2000,0,0,0,2000,0,2000,2000
2897A,王道銀甲特      ,0,0,0,0,0,0,0,0,0,2000,2000,0,2000,0,0,0,2000
3021,鴻名            ,3000,1000,2000,0,0,0,0,0,0,0,0,0,0,0,0,0,2000
3308,聯德            ,2000,0,2000,0,0,0,0,0,0,0,0,0,0,0,0,0,2000
6215,和椿            ,4000,3000,1000,0,0,0,0,0,0,1000,1000,0,1000,0,0,0,2000
05856P,A50正2中信99售01,0,0,0,0,0,0,0,0,0,2000,0,0,0,6000,4000,2000,2000
05830P,滬深2X元富99售03,0,0,0,0,0,0,0,0,0,2000,0,0,0,2000,0,2000,2000
05808P,臺股指國票96售01,0,0,0,0,0,0,0,0,0,2000,0,0,0,5000,3000,2000,2000
05781P,臺股指統一99售02,0,0,0,0,0,0,0,0,0,2000,0,0,0,2000,0,2000,2000
05696P,南亞科凱基96售01,0,0,0,0,0,0,0,0,0,2000,0,0,0,12000,10000,2000,2000
05697P,友達凱基96售01  ,0,0,0,0,0,0,0,0,0,2000,0,0,0,2000,0,2000,2000
06035P,同欣電凱基96售03,0,0,0,0,0,0,0,0,0,2000,0,0,0,2000,0,2000,2000
06044P,同欣電永豐96售03,0,0,0,0,0,0,0,0,0,2000,0,0,0,76000,74000,2000,2000
06045P,臺股指永豐96售03,0,0,0,0,0,0,0,0,0,2000,0,0,0,55000,53000,2000,2000
06161P,聯發科群益97售03,0,0,0,0,0,0,0,0,0,2000,0,0,0,18000,16000,2000,2000
06121P,同欣電凱基97售02,0,0,0,0,0,0,0,0,0,2000,0,0,0,2000,0,2000,2000
06196P,元上證元大97售01,0,0,0,0,0,0,0,0,0,2000,0,0,0,15000,13000,2000,2000
06204P,鴻海群益97售04  ,0,0,0,0,0,0,0,0,0,2000,0,0,0,52000,50000,2000,2000
1312A,國喬特          ,0,0,0,0,0,0,0,0,0,2000,2000,0,2000,0,0,0,2000
07480P,FBVIX凱基94售01 ,0,0,0,0,0,0,0,0,0,2000,0,0,0,3000,1000,2000,2000
2838A,聯邦銀甲特      ,0,0,0,0,0,0,0,0,0,2000,2000,0,2000,0,0,0,2000
2516,新建            ,5000,2000,3000,0,0,0,0,0,0,-1000,0,1000,-1000,0,0,0,2000
2239,英利-KY         ,9000,6000,3000,0,0,0,0,0,0,-1000,0,1000,-1000,0,0,0,2000
2228,劍麟            ,67000,61000,6000,0,0,0,0,0,0,-4000,0,0,0,0,4000,-4000,2000
3550,聯穎            ,1,0,1,0,0,0,0,0,0,1000,1000,0,1000,0,0,0,1001
056474,華新科元大99購05,0,0,0,0,0,0,0,0,0,1000,0,0,0,16000,15000,1000,1000
056353,鴻海元大99購02  ,0,0,0,0,0,0,0,0,0,1000,0,0,0,121000,120000,1000,1000
056375,玉晶光統一01購01,0,0,0,0,0,0,0,0,0,1000,0,0,0,4000,3000,1000,1000
056233,超眾凱基97購02  ,0,0,0,0,0,0,0,0,0,1000,0,0,0,1000,0,1000,1000
056126,台郡國票98購02  ,0,0,0,0,0,0,0,0,0,1000,0,0,0,36000,35000,1000,1000
056083,億光統一97購03  ,0,0,0,0,0,0,0,0,0,1000,0,0,0,78000,77000,1000,1000
056034,華通凱基98購01  ,0,0,0,0,0,0,0,0,0,1000,0,0,0,5000,4000,1000,1000
056041,禾伸堂凱基98購03,0,0,0,0,0,0,0,0,0,1000,0,0,0,26000,25000,1000,1000
055999,電子類富邦99購01,0,0,0,0,0,0,0,0,0,1000,0,0,0,1000,0,1000,1000
055872,亞泥元富97購01  ,0,0,0,0,0,0,0,0,0,1000,0,0,0,1000,0,1000,1000
055563,智易凱基97購02  ,0,0,0,0,0,0,0,0,0,1000,0,0,0,70000,69000,1000,1000
055357,欣興凱基97購04  ,0,0,0,0,0,0,0,0,0,1000,0,0,0,34000,33000,1000,1000
05526P,茂林群益96售03  ,0,0,0,0,0,0,0,0,0,1000,0,0,0,58000,57000,1000,1000
055051,藍天永豐97購01  ,0,0,0,0,0,0,0,0,0,1000,0,0,0,1000,0,1000,1000
05475P,聯茂亞東95售01  ,0,0,0,0,0,0,0,0,0,1000,0,0,0,1000,0,1000,1000
054789,高鐵群益98購01  ,0,0,0,0,0,0,0,0,0,1000,0,0,0,12000,11000,1000,1000
054802,高股息元大97購01,0,0,0,0,0,0,0,0,0,1000,0,0,0,1000,0,1000,1000
054824,同欣電元大97購04,0,0,0,0,0,0,0,0,0,1000,0,0,0,1000,0,1000,1000
054698,同欣電永豐97購01,0,0,0,0,0,0,0,0,0,1000,0,0,0,69000,68000,1000,1000
054452,華通亞東96購01  ,0,0,0,0,0,0,0,0,0,1000,0,0,0,11000,10000,1000,1000
054448,矽力兆豐96購01  ,0,0,0,0,0,0,0,0,0,1000,0,0,0,1000,0,1000,1000
054663,同欣電元大97購03,0,0,0,0,0,0,0,0,0,1000,0,0,0,1000,0,1000,1000
054645,奇力新群益97購04,0,0,0,0,0,0,0,0,0,1000,0,0,0,1000,0,1000,1000
054088,華新群益98購02  ,0,0,0,0,0,0,0,0,0,1000,0,0,0,11000,10000,1000,1000
054300,華通凱基96購07  ,0,0,0,0,0,0,0,0,0,1000,0,0,0,6000,5000,1000,1000
054303,國巨凱基96購15  ,0,0,0,0,0,0,0,0,0,1000,0,0,0,51000,50000,1000,1000
054242,元油反元大98購02,0,0,0,0,0,0,0,0,0,1000,0,0,0,201000,200000,1000,1000
054264,超眾元大97購02  ,0,0,0,0,0,0,0,0,0,1000,0,0,0,673000,672000,1000,1000
054193,鴻海麥證96購02  ,0,0,0,31000,30000,1000,0,0,0,1000,0,0,0,31000,30000,1000,1000
04334P,中石化康和93售01,0,0,0,0,0,0,0,0,0,1000,0,0,0,1000,0,1000,1000
043381,大立光元大93購02,0,0,0,0,0,0,0,0,0,1000,0,0,0,1000,0,1000,1000
043489,大立光兆豐92購03,0,0,0,0,0,0,0,0,0,1000,0,0,0,1000,0,1000,1000
04082P,智邦統一93售03  ,0,0,0,0,0,0,0,0,0,1000,0,0,0,13000,12000,1000,1000
04306P,上銀凱基93售10  ,0,0,0,0,0,0,0,0,0,1000,0,0,0,1000,0,1000,1000
04322P,可成元大94售01  ,0,0,0,0,0,0,0,0,0,1000,0,0,0,1000,0,1000,1000
044604,嘉聯益國泰93購01,0,0,0,0,0,0,0,0,0,1000,0,0,0,1000,0,1000,1000
044615,聯茂兆豐93購01  ,0,0,0,0,0,0,0,0,0,1000,0,0,0,2000,1000,1000,1000
03625P,欣興群益92售04  ,0,0,0,0,0,0,0,0,0,1000,0,0,0,1000,0,1000,1000
044425,友達國泰92購01  ,0,0,0,0,0,0,0,0,0,1000,0,0,0,1000,0,1000,1000
035275,台積電台新97購01,0,0,0,0,0,0,0,0,0,1000,0,0,0,1000,0,1000,1000
035276,南亞科台新97購01,0,0,0,0,0,0,0,0,0,1000,0,0,0,1000,0,1000,1000
03608P,鴻海元大92售14  ,0,0,0,0,0,0,0,0,0,1000,0,0,0,51000,50000,1000,1000
03202P,聯電凱基01售03  ,0,0,0,0,0,0,0,0,0,1000,0,0,0,1000,0,1000,1000
04053P,聯茂國泰94售01  ,0,0,0,0,0,0,0,0,0,1000,0,0,0,1000,0,1000,1000
03352P,臺股指麥證02售01,0,0,0,0,0,0,0,0,0,1000,0,0,0,1000,0,1000,1000
03415B,臺股指元大93熊49,0,0,0,0,0,0,0,0,0,1000,0,0,0,103000,102000,1000,1000
00709,富邦歐洲        ,0,0,0,0,0,0,0,0,0,1000,0,0,0,101000,100000,1000,1000
03001P,玉晶光群益02售17,0,0,0,0,0,0,0,0,0,1000,0,0,0,1000,0,1000,1000
03988P,上海銀群益93售01,0,0,0,0,0,0,0,0,0,1000,0,0,0,1000,0,1000,1000
04010P,上銀元大93售07  ,0,0,0,0,0,0,0,0,0,1000,0,0,0,1000,0,1000,1000
03673P,康控元富92售02  ,0,0,0,0,0,0,0,0,0,1000,0,0,0,1000,0,1000,1000
03772P,聯茂元大93售02  ,0,0,0,0,0,0,0,0,0,1000,0,0,0,1000,0,1000,1000
03098P,大立光凱基01售10,0,0,0,0,0,0,0,0,0,1000,0,0,0,1000,0,1000,1000
03064P,台灣50群益01售14,0,0,0,0,0,0,0,0,0,1000,0,0,0,1000,0,1000,1000
03953P,易華電凱基94售01,0,0,0,0,0,0,0,0,0,1000,0,0,0,1000,0,1000,1000
03849P,大成鋼凱基93售03,0,0,0,0,0,0,0,0,0,1000,0,0,0,1000,0,1000,1000
042734,大立光兆豐92購02,0,0,0,0,0,0,0,0,0,1000,0,0,0,1000,0,1000,1000
047552,潤泰全凱基94購02,0,0,0,0,0,0,0,0,0,1000,0,0,0,1000,0,1000,1000
042501,台灣50凱基96購06,0,0,0,0,0,0,0,0,0,1000,0,0,0,2000,1000,1000,1000
04245P,上海銀元大93售03,0,0,0,0,0,0,0,0,0,1000,0,0,0,1000,0,1000,1000
047525,漢唐元大93購04  ,0,0,0,0,0,0,0,0,0,1000,0,0,0,1000,0,1000,1000
046317,亞光元大92購04  ,0,0,0,0,0,0,0,0,0,1000,0,0,0,1000,0,1000,1000
047485,景碩凱基94購01  ,0,0,0,0,0,0,0,0,0,1000,0,0,0,1000,0,1000,1000
047391,潤泰全元大93購02,0,0,0,0,0,0,0,0,0,1000,0,0,0,1000,0,1000,1000
043862,和大元大92購01  ,0,0,0,0,0,0,0,0,0,1000,0,0,0,1000,0,1000,1000
043647,台積電國票92購01,0,0,0,0,0,0,0,0,0,1000,0,0,0,1000,0,1000,1000
043663,大立光元大92購07,0,0,0,0,0,0,0,0,0,1000,0,0,0,1000,0,1000,1000
043748,漢唐元大93購01  ,0,0,0,0,0,0,0,0,0,1000,0,0,0,2000,1000,1000,1000
044922,玉晶光永豐93購01,0,0,0,0,0,0,0,0,0,1000,0,0,0,1000,0,1000,1000
044037,大立光群益92購01,0,0,0,0,0,0,0,0,0,1000,0,0,0,1000,0,1000,1000
041844,台積電富邦93購01,0,0,0,0,0,0,0,0,0,1000,0,0,0,1000,0,1000,1000
04195P,上海銀永豐93售01,0,0,0,0,0,0,0,0,0,1000,0,0,0,1000,0,1000,1000
04101P,臺股指國票93售08,0,0,0,0,0,0,0,0,0,1000,0,0,0,81000,80000,1000,1000
044377,南茂兆豐93購01  ,0,0,0,0,0,0,0,0,0,1000,0,0,0,11000,10000,1000,1000
045996,南電富邦94購01  ,0,0,0,0,0,0,0,0,0,1000,0,0,0,21000,20000,1000,1000
046036,大立光元大92購15,0,0,0,0,0,0,0,0,0,1000,0,0,0,1000,0,1000,1000
045819,台積電凱基92購14,0,0,0,0,0,0,0,0,0,1000,0,0,0,1000,0,1000,1000
04577P,康友元富94售02  ,0,0,0,0,0,0,0,0,0,1000,0,0,0,1000,0,1000,1000
045775,可成元大92購06  ,0,0,0,0,0,0,0,0,0,1000,0,0,0,1000,0,1000,1000
045875,仁寶元富92購01  ,0,0,0,0,0,0,0,0,0,1000,0,0,0,1000,0,1000,1000
046861,和碩元大93購01  ,0,0,0,0,0,0,0,0,0,1000,0,0,0,1000,0,1000,1000
045380,漢唐元大93購03  ,0,0,0,0,0,0,0,0,0,1000,0,0,0,1000,0,1000,1000
046901,英業達凱基93購02,0,0,0,0,0,0,0,0,0,1000,0,0,0,1000,0,1000,1000
046887,華通群益93購01  ,0,0,0,0,0,0,0,0,0,1000,0,0,0,1000,0,1000,1000
046767,南茂凱基93購03  ,0,0,0,0,0,0,0,0,0,1000,0,0,0,1000,0,1000,1000
046741,GIS群益94購01   ,0,0,0,0,0,0,0,0,0,1000,0,0,0,11000,10000,1000,1000
046693,台積電凱基93購03,0,0,0,0,0,0,0,0,0,1000,0,0,0,16000,15000,1000,1000
046726,台新金元大93購01,0,0,0,0,0,0,0,0,0,1000,0,0,0,1000,0,1000,1000
04671P,華通統一94售01  ,0,0,0,0,0,0,0,0,0,1000,0,0,0,1000,0,1000,1000
046577,東元元大92購02  ,0,0,0,0,0,0,0,0,0,1000,0,0,0,1000,0,1000,1000
045114,玉晶光永豐93購02,0,0,0,0,0,0,0,0,0,1000,0,0,0,1000,0,1000,1000
04732P,聯茂群益94售01  ,0,0,0,0,0,0,0,0,0,1000,0,0,0,11000,10000,1000,1000
045656,滬深2X永昌93購03,0,0,0,0,0,0,0,0,0,1000,0,0,0,1000,0,1000,1000
047037,奇力新群益93購02,0,0,0,0,0,0,0,0,0,1000,0,0,0,1000,0,1000,1000
045474,力成元大92購01  ,0,0,0,0,0,0,0,0,0,1000,0,0,0,1000,0,1000,1000
047070,華通兆豐93購01  ,0,0,0,0,0,0,0,0,0,1000,0,0,0,1000,0,1000,1000
04709P,台積電元大94售15,0,0,0,0,0,0,0,0,0,1000,0,0,0,1000,0,1000,1000
04710P,台積電元大94售16,0,0,0,0,0,0,0,0,0,1000,0,0,0,1000,0,1000,1000
047116,大立光元大93購19,0,0,0,0,0,0,0,0,0,1000,0,0,0,1000,0,1000,1000
048390,國巨國票94購02  ,0,0,0,0,0,0,0,0,0,1000,0,0,0,1000,0,1000,1000
048706,緯穎國票94購01  ,0,0,0,0,0,0,0,0,0,1000,0,0,0,3000,2000,1000,1000
049581,國巨元大94購08  ,0,0,0,0,0,0,0,0,0,1000,0,0,0,1000,0,1000,1000
049597,泰鼎元大96購01  ,0,0,0,0,0,0,0,0,0,1000,0,0,0,68000,67000,1000,1000
04872P,高股息中信94售01,0,0,0,0,0,0,0,0,0,1000,0,0,0,1000,0,1000,1000
049175,台積電凱基94購12,0,0,0,0,0,0,0,0,0,1000,0,0,0,1000,0,1000,1000
049252,國巨元大96購01  ,0,0,0,0,0,0,0,0,0,1000,0,0,0,1000,0,1000,1000
049264,奇鋐元大95購01  ,0,0,0,0,0,0,0,0,0,1000,0,0,0,34000,33000,1000,1000
049266,和碩元大94購01  ,0,0,0,0,0,0,0,0,0,1000,0,0,0,1000,0,1000,1000
049105,亞泥富邦94購01  ,0,0,0,0,0,0,0,0,0,1000,0,0,0,1000,0,1000,1000
049651,訊芯凱基94購04  ,0,0,0,0,0,0,0,0,0,1000,0,0,0,1000,0,1000,1000
049659,旺宏台新95購01  ,0,0,0,0,0,0,0,0,0,1000,0,0,0,1000,0,1000,1000
048582,國泰金富邦93購01,0,0,0,0,0,0,0,0,0,1000,0,0,0,1000,0,1000,1000
049334,上銀統一94購01  ,0,0,0,0,0,0,0,0,0,1000,0,0,0,1000,0,1000,1000
050545,奇力新凱基95購01,0,0,0,0,0,0,0,0,0,1000,0,0,0,1000,0,1000,1000
050748,道瓊銀統一94購04,0,0,0,0,0,0,0,0,0,1000,0,0,0,1000,0,1000,1000
049373,大立光元大94購11,0,0,0,0,0,0,0,0,0,1000,0,0,0,1000,0,1000,1000
049362,國巨元大94購04  ,0,0,0,0,0,0,0,0,0,1000,0,0,0,1000,0,1000,1000
050821,國泰金凱基95購01,0,0,0,0,0,0,0,0,0,1000,0,0,0,1000,0,1000,1000
048205,臺股指元大93購39,0,0,0,0,0,0,0,0,0,1000,0,0,0,1000,0,1000,1000
048184,達運群益93購01  ,0,0,0,0,0,0,0,0,0,1000,0,0,0,1000,0,1000,1000
047767,聯發科元大93購20,0,0,0,0,0,0,0,0,0,1000,0,0,0,18000,17000,1000,1000
047832,漢唐元大94購03  ,0,0,0,0,0,0,0,0,0,1000,0,0,0,1000,0,1000,1000
048803,大立光富邦96購01,0,0,0,0,0,0,0,0,0,1000,0,0,0,1000,0,1000,1000
048795,復盛元大94購01  ,0,0,0,0,0,0,0,0,0,1000,0,0,0,1000,0,1000,1000
050176,正崴元大94購03  ,0,0,0,0,0,0,0,0,0,1000,0,0,0,3000,2000,1000,1000
050191,和碩元大94購02  ,0,0,0,0,0,0,0,0,0,1000,0,0,0,1000,0,1000,1000
050156,潤泰全群益94購01,0,0,0,0,0,0,0,0,0,1000,0,0,0,1000,0,1000,1000
050165,泰鼎國泰95購02  ,0,0,0,0,0,0,0,0,0,1000,0,0,0,1000,0,1000,1000
050651,大立光凱基96購02,0,0,0,0,0,0,0,0,0,1000,0,0,0,1000,0,1000,1000
050620,和碩元大94購04  ,0,0,0,0,0,0,0,0,0,1000,0,0,0,1000,0,1000,1000
049796,國巨元大94購10  ,0,0,0,0,0,0,0,0,0,1000,0,0,0,6000,5000,1000,1000
049966,旺宏國票95購02  ,0,0,0,0,0,0,0,0,0,1000,0,0,0,59000,58000,1000,1000
049949,燿華群益96購01  ,0,0,0,0,0,0,0,0,0,1000,0,0,0,1000,0,1000,1000
049909,國巨元大95購01  ,0,0,0,0,0,0,0,0,0,1000,0,0,0,11000,10000,1000,1000
04986P,茂林永豐94售05  ,0,0,0,0,0,0,0,0,0,1000,0,0,0,1000,0,1000,1000
049886,華通永昌95購01  ,0,0,0,0,0,0,0,0,0,1000,0,0,0,1000,0,1000,1000
049834,康控凱基94購01  ,0,0,0,0,0,0,0,0,0,1000,0,0,0,1000,0,1000,1000
048088,台積電凱基93購23,0,0,0,0,0,0,0,0,0,1000,0,0,0,1000,0,1000,1000
048102,矽力凱基94購01  ,0,0,0,0,0,0,0,0,0,1000,0,0,0,1000,0,1000,1000
049015,鴻海群益94購03  ,0,0,0,0,0,0,0,0,0,1000,0,0,0,1000,0,1000,1000
048994,南電元大94購03  ,0,0,0,0,0,0,0,0,0,1000,0,0,0,1000,0,1000,1000
048942,上緯控永豐94購01,0,0,0,0,0,0,0,0,0,1000,0,0,0,1000,0,1000,1000
048907,高鐵富邦94購01  ,0,0,0,0,0,0,0,0,0,1000,0,0,0,1000,0,1000,1000
051271,華新科群益95購04,0,0,0,0,0,0,0,0,0,1000,0,0,0,1000,0,1000,1000
051159,力山元大96購01  ,0,0,0,0,0,0,0,0,0,1000,0,0,0,1000,0,1000,1000
051165,可成元大95購01  ,0,0,0,0,0,0,0,0,0,1000,0,0,0,1000,0,1000,1000
051118,台塑群益95購01  ,0,0,0,0,0,0,0,0,0,1000,0,0,0,11000,10000,1000,1000
051112,台郡統一95購01  ,0,0,0,0,0,0,0,0,0,1000,0,0,0,225000,224000,1000,1000
050951,緯創群益96購01  ,0,0,0,0,0,0,0,0,0,1000,0,0,0,1000,0,1000,1000
050953,臻鼎群益95購01  ,0,0,0,0,0,0,0,0,0,1000,0,0,0,11000,10000,1000,1000
052665,緯穎國票96購03  ,0,0,0,0,0,0,0,0,0,1000,0,0,0,1000,0,1000,1000
052484,矽創群益95購02  ,0,0,0,0,0,0,0,0,0,1000,0,0,0,33000,32000,1000,1000
052245,緯創康和95購01  ,0,0,0,0,0,0,0,0,0,1000,0,0,0,1000,0,1000,1000
052323,矽力元大95購04  ,0,0,0,0,0,0,0,0,0,1000,0,0,0,1000,0,1000,1000
052072,健策統一95購02  ,0,0,0,0,0,0,0,0,0,1000,0,0,0,60000,59000,1000,1000
052157,東元永豐95購01  ,0,0,0,0,0,0,0,0,0,1000,0,0,0,1000,0,1000,1000
051386,富邦金麥證96購01,0,0,0,1000,0,1000,0,0,0,1000,0,0,0,1000,0,1000,1000
051295,國巨元富95購04  ,0,0,0,0,0,0,0,0,0,1000,0,0,0,1000,0,1000,1000
051593,和碩元大95購01  ,0,0,0,0,0,0,0,0,0,1000,0,0,0,1000,0,1000,1000
051588,聯詠元大95購03  ,0,0,0,0,0,0,0,0,0,1000,0,0,0,1000,0,1000,1000
051829,玉晶光元大98購02,0,0,0,0,0,0,0,0,0,1000,0,0,0,2000,1000,1000,1000
051812,臻鼎凱基95購03  ,0,0,0,0,0,0,0,0,0,1000,0,0,0,5000,4000,1000,1000
051980,樺漢凱基96購01  ,0,0,0,0,0,0,0,0,0,1000,0,0,0,2000,1000,1000,1000
05190P,鴻海國票96售02  ,0,0,0,0,0,0,0,0,0,1000,0,0,0,21000,20000,1000,1000
051871,同欣電凱基95購02,0,0,0,0,0,0,0,0,0,1000,0,0,0,1000,0,1000,1000
052800,國巨元大96購05  ,0,0,0,0,0,0,0,0,0,1000,0,0,0,1000,0,1000,1000
052739,國巨元大96購04  ,0,0,0,0,0,0,0,0,0,1000,0,0,0,1000,0,1000,1000
052751,臺股指元大96購05,0,0,0,0,0,0,0,0,0,1000,0,0,0,1000,0,1000,1000
052897,緯創群益96購03  ,0,0,0,0,0,0,0,0,0,1000,0,0,0,17000,16000,1000,1000
052927,友達元大98購02  ,0,0,0,0,0,0,0,0,0,1000,0,0,0,1000,0,1000,1000
052946,智原國票97購02  ,0,0,0,0,0,0,0,0,0,1000,0,0,0,21000,20000,1000,1000
052992,冠德台新96購01  ,0,0,0,0,0,0,0,0,0,1000,0,0,0,1000,0,1000,1000
053285,臺股指元大96購08,0,0,0,0,0,0,0,0,0,1000,0,0,0,1000,0,1000,1000
053303,建準凱基96購03  ,0,0,0,0,0,0,0,0,0,1000,0,0,0,1000,0,1000,1000
053311,同欣電凱基96購01,0,0,0,0,0,0,0,0,0,1000,0,0,0,1000,0,1000,1000
053320,華新科群益97購01,0,0,0,0,0,0,0,0,0,1000,0,0,0,1000,0,1000,1000
053116,華新科中信96購01,0,0,0,0,0,0,0,0,0,1000,0,0,0,23000,22000,1000,1000
053163,上証2X群益9A購02,0,0,0,0,0,0,0,0,0,1000,0,0,0,1000,0,1000,1000
053159,同欣電元大96購02,0,0,0,0,0,0,0,0,0,1000,0,0,0,4000,3000,1000,1000
053583,漢唐元大96購03  ,0,0,0,0,0,0,0,0,0,1000,0,0,0,1000,0,1000,1000
053570,京元電統一96購01,0,0,0,0,0,0,0,0,0,1000,0,0,0,1000,0,1000,1000
053692,聯詠元大96購04  ,0,0,0,0,0,0,0,0,0,1000,0,0,0,1000,0,1000,1000
053672,嘉澤元富96購02  ,0,0,0,0,0,0,0,0,0,1000,0,0,0,1000,0,1000,1000
053506,南茂兆豐97購01  ,0,0,0,0,0,0,0,0,0,1000,0,0,0,11000,10000,1000,1000
053507,百和兆豐96購01  ,0,0,0,0,0,0,0,0,0,1000,0,0,0,21000,20000,1000,1000
053480,祥碩元大96購02  ,0,0,0,0,0,0,0,0,0,1000,0,0,0,1000,0,1000,1000
05390P,康友群益95售04  ,0,0,0,0,0,0,0,0,0,1000,0,0,0,1000,0,1000,1000
054011,旺宏永豐96購05  ,0,0,0,0,0,0,0,0,0,1000,0,0,0,29000,28000,1000,1000
053720,宏達電凱基97購01,0,0,0,0,0,0,0,0,0,1000,0,0,0,1000,0,1000,1000
053794,燿華亞東96購01  ,0,0,0,0,0,0,0,0,0,1000,0,0,0,1000,0,1000,1000
053795,群創亞東96購01  ,0,0,0,0,0,0,0,0,0,1000,0,0,0,1000,0,1000,1000
4545,銘鈺            ,10000,9000,1000,0,0,0,0,0,0,0,0,0,0,0,0,0,1000
5471,松翰            ,102000,99000,3000,0,0,0,0,0,0,-2000,0,2000,-2000,0,0,0,1000
6405,悅城            ,1000,0,1000,0,0,0,0,0,0,0,0,0,0,0,0,0,1000
6671,三能-KY         ,1000,0,1000,0,0,0,0,0,0,0,0,0,0,0,0,0,1000
6625,必應            ,1000,0,1000,0,0,0,0,0,0,0,0,0,0,0,0,0,1000
6573,虹揚-KY         ,3000,2000,1000,0,0,0,0,0,0,0,0,0,0,0,0,0,1000
910861,神州-DR         ,1000,0,1000,0,0,0,0,0,0,0,0,0,0,0,0,0,1000
8481,政伸            ,2000,0,2000,0,0,0,0,0,0,-1000,0,1000,-1000,0,0,0,1000
9918,欣天然          ,0,0,0,0,0,0,0,0,0,1000,1000,0,1000,0,0,0,1000
9944,新麗            ,1000,0,1000,0,0,0,0,0,0,0,0,0,0,0,0,0,1000
9941A,裕融甲特        ,0,0,0,0,0,0,0,0,0,1000,1000,0,1000,0,0,0,1000
9937,全國            ,0,1000,-1000,0,0,0,0,0,0,2000,2000,0,2000,0,0,0,1000
2002A,中鋼特          ,0,0,0,0,0,0,0,0,0,1000,1000,0,1000,0,0,0,1000
2243,宏旭-KY         ,1000,0,1000,0,0,0,0,0,0,0,0,0,0,0,0,0,1000
2236,百達-KY         ,0,0,0,0,0,0,0,0,0,1000,1000,0,1000,0,0,0,1000
2305,全友            ,10000,8000,2000,0,0,0,0,0,0,-1000,0,1000,-1000,0,0,0,1000
2482,連宇            ,0,0,0,0,0,0,0,0,0,1000,1000,0,1000,0,0,0,1000
2453,凌群            ,55000,54000,1000,0,0,0,0,0,0,0,0,0,0,0,0,0,1000
2540,愛山林          ,1000,0,1000,0,0,0,0,0,0,0,0,0,0,0,0,0,1000
2636,台驊投控        ,4000,4000,0,0,0,0,0,0,0,1000,2000,1000,1000,0,0,0,1000
1101B,台泥乙特        ,0,0,0,0,0,0,0,0,0,1000,1000,0,1000,0,0,0,1000
06407P,創意元富97售02  ,0,0,0,0,0,0,0,0,0,1000,0,0,0,1000,0,1000,1000
1236,宏亞            ,1000,0,1000,0,0,0,0,0,0,0,0,0,0,0,0,0,1000
1457,宜進            ,27000,25000,2000,0,0,0,0,0,0,-1000,0,1000,-1000,0,0,0,1000
1453,大將            ,1000,0,1000,0,0,0,0,0,0,0,0,0,0,0,0,0,1000
1717,長興            ,182000,130000,52000,0,0,0,1000,0,1000,-52000,0,52000,-52000,0,0,0,1000
1611,中電            ,5000,3000,2000,0,0,0,0,0,0,-1000,0,1000,-1000,0,0,0,1000
06232P,智易永豐97售01  ,0,0,0,0,0,0,0,0,0,1000,0,0,0,20000,19000,1000,1000
06179P,國巨群益97售04  ,0,0,0,0,0,0,0,0,0,1000,0,0,0,1000,0,1000,1000
06132P,正文元富97售01  ,0,0,0,0,0,0,0,0,0,1000,0,0,0,1000,0,1000,1000
06038P,國泰金台新96售01,0,0,0,0,0,0,0,0,0,1000,0,0,0,1000,0,1000,1000
05676P,欣興群益96售04  ,0,0,0,0,0,0,0,0,0,1000,0,0,0,18000,17000,1000,1000
05939P,聯發科凱基96售20,0,0,0,0,0,0,0,0,0,1000,0,0,0,5000,4000,1000,1000
054235,欣興群益96購06  ,0,0,0,0,0,0,0,0,0,0,0,0,0,1000,1000,0,0
05421P,鴻海元大96售12  ,0,0,0,0,0,0,0,0,0,0,0,0,0,305000,305000,0,0
054224,亞光統一98購01  ,0,0,0,0,0,0,0,0,0,0,0,0,0,2000,2000,0,0
054250,漢唐元大96購04  ,0,0,0,0,0,0,0,0,0,0,0,0,0,1000,1000,0,0
054298,台表科元大97購03,0,0,0,0,0,0,0,0,0,0,0,0,0,10000,10000,0,0
054279,揚明光群益98購01,0,0,0,0,0,0,0,0,0,0,0,0,0,10000,10000,0,0
054296,世芯元大97購01  ,0,0,0,0,0,0,0,0,0,0,0,0,0,8000,8000,0,0
054283,元油反元大99購02,0,0,0,0,0,0,0,0,0,0,0,0,0,1600000,1600000,0,0
054286,台積電元大96購22,0,0,0,0,0,0,0,0,0,0,0,0,0,60000,60000,0,0
054078,鴻海中信98購01  ,0,17000,-17000,0,0,0,0,0,0,17000,0,0,0,17000,0,17000,0
05407P,超眾凱基95售04  ,0,0,0,0,0,0,0,0,0,0,0,0,0,20000,20000,0,0
054105,元油反凱基9A購01,0,0,0,0,0,0,0,0,0,0,0,0,0,250000,250000,0,0
054041,鴻海元大96購22  ,0,0,0,0,0,0,0,0,0,0,0,0,0,116000,116000,0,0
054050,創意元大96購06  ,0,0,0,0,0,0,0,0,0,0,0,0,0,33000,33000,0,0
054147,GIS元大96購02   ,0,0,0,0,0,0,0,0,0,0,0,0,0,2000,2000,0,0
054127,台積電元大96購21,0,0,0,0,0,0,0,0,0,0,0,0,0,51000,51000,0,0
054625,旺宏凱基98購03  ,0,0,0,0,0,0,0,0,0,0,0,0,0,24000,24000,0,0
054631,台郡凱基98購02  ,0,0,0,0,0,0,0,0,0,0,0,0,0,1000,1000,0,0
054549,台積電凱基98購01,0,0,0,0,0,0,0,0,0,0,0,0,0,34000,34000,0,0
054450,聯茂第一96購01  ,0,0,0,0,0,0,0,0,0,0,0,0,0,10000,10000,0,0
054462,旺宏凱基96購08  ,0,0,0,0,0,0,0,0,0,0,0,0,0,84000,84000,0,0
054360,智邦凱基96購03  ,0,0,0,0,0,0,0,0,0,0,0,0,0,8000,8000,0,0
054381,世芯群益98購01  ,0,0,0,0,0,0,0,0,0,0,0,0,0,16000,16000,0,0
054393,漢唐永豐96購01  ,0,0,0,0,0,0,0,0,0,0,0,0,0,68000,68000,0,0
054400,健策永豐96購02  ,0,0,0,0,0,0,0,0,0,0,0,0,0,1000,1000,0,0
05442P,鴻海元大96售13  ,0,0,0,0,0,0,0,0,0,0,0,0,0,246000,246000,0,0
054695,世芯永豐98購01  ,0,0,0,0,0,0,0,0,0,0,0,0,0,17000,17000,0,0
054812,鴻海元大97購08  ,0,0,0,0,0,0,0,0,0,0,0,0,0,423000,423000,0,0
054813,鴻海元大97購09  ,0,0,0,0,0,0,0,0,0,0,0,0,0,293000,293000,0,0
054814,台積電元大97購13,0,0,0,0,0,0,0,0,0,0,0,0,0,51000,51000,0,0
054815,台積電元大97購14,0,0,0,0,0,0,0,0,0,0,0,0,0,10000,10000,0,0
054816,聯發科元大97購12,0,0,0,0,0,0,0,0,0,0,0,0,0,10000,10000,0,0
054779,台塑群益98購01  ,0,0,0,0,0,0,0,0,0,0,0,0,0,10000,10000,0,0
054764,亞光國票98購01  ,0,0,0,0,0,0,0,0,0,0,0,0,0,20000,20000,0,0
054936,鴻海元大97購10  ,0,0,0,0,0,0,0,0,0,0,0,0,0,230000,230000,0,0
054939,台積電元大97購15,0,0,0,0,0,0,0,0,0,0,0,0,0,84000,84000,0,0
054916,聯發科凱基98購04,0,0,0,0,0,0,0,0,0,0,0,0,0,150000,150000,0,0
054974,台表科元大98購02,0,0,0,0,0,0,0,0,0,0,0,0,0,10000,10000,0,0
05508P,華通統一97售01  ,0,0,0,0,0,0,0,0,0,0,0,0,0,1000,1000,0,0
055105,鴻海凱基98購05  ,0,0,0,0,0,0,0,0,0,0,0,0,0,20000,20000,0,0
05512P,華新科台新97售01,0,0,0,0,0,0,0,0,0,0,0,0,0,100000,100000,0,0
055147,鴻海元大97購11  ,0,0,0,0,0,0,0,0,0,0,0,0,0,20000,20000,0,0
055250,華新科統一97購02,0,0,0,0,0,0,0,0,0,0,0,0,0,227000,227000,0,0
055246,美律統一98購01  ,0,0,0,0,0,0,0,0,0,0,0,0,0,48000,48000,0,0
055197,致新元富97購02  ,0,0,0,0,0,0,0,0,0,0,0,0,0,10000,10000,0,0
055342,鴻海凱基97購04  ,0,0,0,0,0,0,0,0,0,0,0,0,0,20000,20000,0,0
055343,國巨凱基97購03  ,0,0,0,0,0,0,0,0,0,0,0,0,0,1000,1000,0,0
055360,台表科凱基97購02,0,0,0,0,0,0,0,0,0,0,0,0,0,10000,10000,0,0
055383,GIS元大97購02   ,0,0,0,0,0,0,0,0,0,0,0,0,0,2000,2000,0,0
055547,台積電凱基97購13,0,0,0,0,0,0,0,0,0,0,0,0,0,42000,42000,0,0
055467,國巨凱基97購05  ,0,0,0,0,0,0,0,0,0,0,0,0,0,42000,42000,0,0
055472,大立光凱基97購07,0,0,0,0,0,0,0,0,0,0,0,0,0,55000,55000,0,0
055866,臺股指元大97購03,0,0,0,0,0,0,0,0,0,0,0,0,0,200000,200000,0,0
05587P,鴻海凱基96售12  ,0,0,0,0,0,0,0,0,0,0,0,0,0,1000,1000,0,0
05579P,友達凱基98售03  ,0,0,0,0,0,0,0,0,0,0,0,0,0,40000,40000,0,0
055814,晶豪科國票97購02,0,0,0,0,0,0,0,0,0,0,0,0,0,57000,57000,0,0
055726,台表科元大98購03,0,0,0,0,0,0,0,0,0,0,0,0,0,20000,20000,0,0
055648,可成元富97購01  ,0,0,0,0,0,0,0,0,0,0,0,0,0,10000,10000,0,0
055653,聯詠元富01購02  ,0,0,0,0,0,0,0,0,0,0,0,0,0,10000,10000,0,0
05601P,鴻海元大97售04  ,0,0,0,0,0,0,0,0,0,0,0,0,0,319000,319000,0,0
056067,智原元大97購01  ,0,0,0,0,0,0,0,0,0,0,0,0,0,50000,50000,0,0
056058,建準元大97購02  ,0,0,0,0,0,0,0,0,0,0,0,0,0,1000,1000,0,0
055925,上銀群益97購01  ,0,0,0,0,0,0,0,0,0,0,0,0,0,7000,7000,0,0
055954,南港元大97購02  ,0,0,0,0,0,0,0,0,0,0,0,0,0,16000,16000,0,0
055980,祥碩統一98購01  ,0,0,0,0,0,0,0,0,0,0,0,0,0,383000,383000,0,0
055972,GIS元大97購04   ,0,0,0,0,0,0,0,0,0,0,0,0,0,2000,2000,0,0
056071,創意元大97購02  ,0,0,0,0,0,0,0,0,0,0,0,0,0,54000,54000,0,0
056092,亞德客元富97購02,0,0,0,0,0,0,0,0,0,0,0,0,0,76000,76000,0,0
056138,群創元大9B購01  ,0,0,0,0,0,0,0,0,0,0,0,0,0,4000,4000,0,0
056142,超眾元大97購06  ,0,0,0,0,0,0,0,0,0,0,0,0,0,20000,20000,0,0
056144,GIS元大98購01   ,0,0,0,0,0,0,0,0,0,0,0,0,0,2000,2000,0,0
056133,可成元大97購05  ,0,0,0,0,0,0,0,0,0,0,0,0,0,66000,66000,0,0
056159,牧德凱基99購01  ,0,0,0,0,0,0,0,0,0,0,0,0,0,110000,110000,0,0
056239,宏達電群益98購01,0,0,0,0,0,0,0,0,0,0,0,0,0,11000,11000,0,0
056305,群創元大9A購03  ,0,0,0,0,0,0,0,0,0,0,0,0,0,163000,163000,0,0
056292,統一元大97購01  ,0,0,0,0,0,0,0,0,0,0,0,0,0,17000,17000,0,0
056355,台積電元大98購08,0,0,0,0,0,0,0,0,0,0,0,0,0,30000,30000,0,0
056364,亞光元大99購02  ,0,0,0,0,0,0,0,0,0,0,0,0,0,2000,2000,0,0
056310,神達元大97購02  ,0,0,0,0,0,0,0,0,0,0,0,0,0,15000,15000,0,0
056442,瑞昱凱基98購02  ,0,0,0,0,0,0,0,0,0,0,0,0,0,10000,10000,0,0
056447,聯發科凱基98購09,0,0,0,0,0,0,0,0,0,0,0,0,0,23000,23000,0,0
056454,欣興凱基98購02  ,0,0,0,0,0,0,0,0,0,0,0,0,0,16000,16000,0,0
056455,群創凱基9A購01  ,0,0,0,0,0,0,0,0,0,0,0,0,0,36000,36000,0,0
056457,嘉澤凱基98購01  ,0,0,0,0,0,0,0,0,0,0,0,0,0,23000,23000,0,0
056432,鴻海凱基98購08  ,0,0,0,0,0,0,0,0,0,0,0,0,0,20000,20000,0,0
056429,華通凱基98購02  ,0,0,0,0,0,0,0,0,0,0,0,0,0,9000,9000,0,0
056486,樺漢元大98購04  ,0,0,0,0,0,0,0,0,0,0,0,0,0,1000,1000,0,0
056492,全新國泰9A購01  ,0,0,0,0,0,0,0,0,0,0,0,0,0,39000,39000,0,0
056528,為升凱基98購01  ,0,0,0,0,0,0,0,0,0,0,0,0,0,23000,23000,0,0
056532,技嘉凱基98購01  ,0,0,0,0,0,0,0,0,0,0,0,0,0,210000,210000,0,0
056574,亞光元大99購03  ,0,0,0,0,0,0,0,0,0,0,0,0,0,20000,20000,0,0
047115,可成元大93購06  ,0,0,0,0,0,0,0,0,0,0,0,0,0,111000,111000,0,0
047048,華邦電國票93購02,0,0,0,0,0,0,0,0,0,0,0,0,0,102000,102000,0,0
047031,麗豐元大93購01  ,0,0,0,0,0,0,0,0,0,0,0,0,0,10000,10000,0,0
047193,南電元大94購02  ,0,0,0,0,0,0,0,0,0,0,0,0,0,5000,5000,0,0
047187,亞光元大94購01  ,0,0,0,0,0,0,0,0,0,0,0,0,0,10000,10000,0,0
045456,鴻海元大93購04  ,0,0,0,0,0,0,0,0,0,0,0,0,0,55000,55000,0,0
045470,康控元大94購03  ,0,0,0,0,0,0,0,0,0,0,0,0,0,10000,10000,0,0
045451,聯發科富邦93購01,0,0,0,0,0,0,0,0,0,0,0,0,0,1000,1000,0,0
045585,欣興元大93購03  ,0,0,0,0,0,0,0,0,0,0,0,0,0,5000,5000,0,0
04556P,大成鋼群益94售02,0,0,0,0,0,0,0,0,0,0,0,0,0,2000,2000,0,0
045631,台光電凱基93購06,0,0,0,0,0,0,0,0,0,0,0,0,0,2000,2000,0,0
045715,華邦電凱基92購04,0,0,0,0,0,0,0,0,0,0,0,0,0,10000,10000,0,0
047345,鴻海凱基94購06  ,0,0,0,0,0,0,0,0,0,0,0,0,0,68000,68000,0,0
050098,嘉聯益國泰95購02,0,0,0,0,0,0,0,0,0,0,0,0,0,20000,20000,0,0
050114,群創元大95購01  ,0,0,0,0,0,0,0,0,0,0,0,0,0,33000,33000,0,0
050115,群創元大96購01  ,0,0,0,0,0,0,0,0,0,0,0,0,0,85000,85000,0,0
050243,華新科凱基94購10,0,0,0,0,0,0,0,0,0,0,0,0,0,22000,22000,0,0
050262,台積電元大94購21,0,0,0,0,0,0,0,0,0,0,0,0,0,3000,3000,0,0
050270,景碩元大94購01  ,0,0,0,0,0,0,0,0,0,0,0,0,0,83000,83000,0,0
050258,為升元大94購08  ,0,0,0,0,0,0,0,0,0,0,0,0,0,125000,125000,0,0
05025P,聯發科群益95售02,0,0,0,0,0,0,0,0,0,0,0,0,0,20000,20000,0,0
050370,台積電元大94購24,0,0,0,0,0,0,0,0,0,0,0,0,0,96000,96000,0,0
050371,台積電元大94購25,0,0,0,0,0,0,0,0,0,0,0,0,0,73000,73000,0,0
050366,鴻海元大94購19  ,0,0,0,0,0,0,0,0,0,0,0,0,0,20000,20000,0,0
050367,鴻海元大94購20  ,0,0,0,0,0,0,0,0,0,0,0,0,0,155000,155000,0,0
050446,鴻海元大94購22  ,0,0,0,0,0,0,0,0,0,0,0,0,0,141000,141000,0,0
050459,台表科元大94購03,0,0,0,0,0,0,0,0,0,0,0,0,0,14000,14000,0,0
046624,彩晶凱基94購02  ,0,0,0,0,0,0,0,0,0,0,0,0,0,10000,10000,0,0
046528,聯詠中信94購01  ,0,0,0,0,0,0,0,0,0,0,0,0,0,20000,20000,0,0
046450,鴻海凱基93購12  ,0,0,0,0,0,0,0,0,0,0,0,0,0,10000,10000,0,0
046536,聯發科群益92購08,0,0,0,0,0,0,0,0,0,0,0,0,0,30000,30000,0,0
046435,聯發科群益92購06,0,0,0,0,0,0,0,0,0,0,0,0,0,20000,20000,0,0
045165,台虹國泰93購01  ,0,0,0,0,0,0,0,0,0,0,0,0,0,150000,150000,0,0
046816,智邦凱基93購02  ,0,0,0,0,0,0,0,0,0,0,0,0,0,5000,5000,0,0
046939,燿華元大96購01  ,0,0,0,0,0,0,0,0,0,0,0,0,0,24000,24000,0,0
04693P,超眾群益95售01  ,0,0,0,0,0,0,0,0,0,0,0,0,0,20000,20000,0,0
04528P,智原凱基94售01  ,0,0,0,0,0,0,0,0,0,0,0,0,0,20000,20000,0,0
045890,欣興元大92購06  ,0,0,0,0,0,0,0,0,0,0,0,0,0,1000,1000,0,0
04590P,元石油元大97售01,0,0,0,0,0,0,0,0,0,0,0,0,0,1615000,1615000,0,0
045782,欣興元大93購04  ,0,0,0,0,0,0,0,0,0,0,0,0,0,4000,4000,0,0
046060,台塑凱基92購01  ,0,0,0,0,0,0,0,0,0,0,0,0,0,30000,30000,0,0
046073,日月光凱基92購03,0,0,0,0,0,0,0,0,0,0,0,0,0,10000,10000,0,0
044254,深中小元大94購01,0,0,0,0,0,0,0,0,0,0,0,0,0,100000,100000,0,0
042062,台灣50兆豐92購01,0,0,0,0,0,0,0,0,0,0,0,0,0,10000,10000,0,0
041528,國泰金中信93購01,0,0,0,0,0,0,0,0,0,0,0,0,0,2000,2000,0,0
04107P,元黃金中信94售01,0,0,0,0,0,0,0,0,0,0,0,0,0,10000,10000,0,0
04117P,聯發科元大93售21,0,0,0,0,0,0,0,0,0,0,0,0,0,1000,1000,0,0
044872,旺宏統一93購02  ,0,0,0,0,0,0,0,0,0,0,0,0,0,1000,1000,0,0
04376P,漢唐元大94售04  ,0,0,0,0,0,0,0,0,0,0,0,0,0,100000,100000,0,0
043907,鴻海凱基93購01  ,0,0,0,0,0,0,0,0,0,0,0,0,0,68000,68000,0,0
043940,京元電兆豐92購01,0,0,0,0,0,0,0,0,0,0,0,0,0,30000,30000,0,0
047478,旺宏凱基93購04  ,0,0,0,0,0,0,0,0,0,0,0,0,0,36000,36000,0,0
047431,儒鴻元大93購06  ,0,0,0,0,0,0,0,0,0,0,0,0,0,30000,30000,0,0
046287,禾伸堂兆豐92購01,0,0,0,0,0,0,0,0,0,0,0,0,0,16000,16000,0,0
04243P,大立光永昌93售08,0,0,0,0,0,0,0,0,0,0,0,0,0,559000,559000,0,0
04261P,大立光群益93售12,0,0,0,0,0,0,0,0,0,0,0,0,0,10000,10000,0,0
04757P,元油2X凱基94售04,0,0,0,0,0,0,0,0,0,0,0,0,0,1300000,1300000,0,0
04291P,鴻海富邦93售04  ,0,0,0,0,0,0,0,0,0,0,0,0,0,1000,1000,0,0
03929P,元油2X永豐93售04,0,0,0,0,0,0,0,0,0,0,0,0,0,554000,554000,0,0
03770P,聯發科元大93售05,0,0,0,0,0,0,0,0,0,0,0,0,0,101000,101000,0,0
036628,統一台新99購01  ,0,0,0,0,0,0,0,0,0,0,0,0,0,3000,3000,0,0
03987P,亞光群益93售02  ,0,0,0,0,0,0,0,0,0,0,0,0,0,12000,12000,0,0
00774B,新光中國政金綠債,0,0,0,0,0,0,0,0,0,0,0,0,0,2000,2000,0,0
00707R,元大S&P日圓反1  ,0,0,0,0,0,0,0,0,0,0,0,0,0,1000,1000,0,0
00714,群益道瓊美國地產,33000,0,33000,0,0,0,0,0,0,-33000,0,0,0,0,33000,-33000,0
00767,FH美國金融股    ,0,0,0,0,0,0,0,0,0,0,0,0,0,1000,1000,0,0
00732,國泰RMB短期報酬 ,0,0,0,0,0,0,0,0,0,0,0,0,0,100000,100000,0,0
006203,元大MSCI台灣    ,1000,0,1000,0,0,0,0,0,0,-1000,0,0,0,0,1000,-1000,0
00625K,富邦上証+R      ,0,0,0,0,0,0,0,0,0,0,0,0,0,50000,50000,0,0
00636K,國泰中國A50+U   ,0,0,0,0,0,0,0,0,0,0,0,0,0,2400,2400,0,0
00657K,國泰日經225+U   ,0,0,0,0,0,0,0,0,0,0,0,0,0,100,100,0,0
00668K,國泰美國道瓊+U  ,0,0,0,0,0,0,0,0,0,0,0,0,0,100,100,0,0
00685L,群益臺灣加權正2 ,0,0,0,0,0,0,0,0,0,0,0,0,0,11000,11000,0,0
00678,群益NBI生技     ,0,0,0,0,0,0,0,0,0,0,0,0,0,450000,450000,0,0
00682U,元大美元指數    ,0,0,0,0,0,0,0,0,0,0,0,0,0,40000,40000,0,0
03366P,TPK元大02售03   ,0,0,0,0,0,0,0,0,0,0,0,0,0,10000,10000,0,0
03332P,台積電元大02售17,0,0,0,0,0,0,0,0,0,0,0,0,0,10000,10000,0,0
04063P,臺股指兆豐93售02,0,0,0,0,0,0,0,0,0,0,0,0,0,60000,60000,0,0
04075P,臺股指凱基93售11,0,0,0,0,0,0,0,0,0,0,0,0,0,300000,300000,0,0
03208P,國巨中信02售02  ,0,0,0,0,0,0,0,0,0,0,0,0,0,7000,7000,0,0
03219P,台積電康和02售01,0,0,0,0,0,0,0,0,0,0,0,0,0,600000,600000,0,0
03564P,為升群益02售02  ,0,0,0,0,0,0,0,0,0,0,0,0,0,11000,11000,0,0
03458P,玉晶光凱基03售08,0,0,0,0,0,0,0,0,0,0,0,0,0,20000,20000,0,0
044382,嘉聯益群益94購01,0,0,0,0,0,0,0,0,0,0,0,0,0,76000,76000,0,0
044705,群創元大93購03  ,0,0,0,0,0,0,0,0,0,0,0,0,0,28000,28000,0,0
044518,京鼎凱基92購01  ,0,0,0,0,0,0,0,0,0,0,0,0,0,10000,10000,0,0
044818,可成兆豐93購02  ,0,0,0,0,0,0,0,0,0,0,0,0,0,10000,10000,0,0
04339P,欣興元大93售08  ,0,0,0,0,0,0,0,0,0,0,0,0,0,22000,22000,0,0
04344P,台達電國泰94售01,0,0,0,0,0,0,0,0,0,0,0,0,0,37000,37000,0,0
050957,T50反1台新05購01,0,0,0,0,0,0,0,0,0,0,0,0,0,70000,70000,0,0
050969,台郡永豐95購01  ,0,0,0,0,0,0,0,0,0,0,0,0,0,68000,68000,0,0
050995,貿聯元大95購02  ,0,0,0,0,0,0,0,0,0,0,0,0,0,26000,26000,0,0
051163,鴻海元大95購04  ,0,0,0,0,0,0,0,0,0,0,0,0,0,250000,250000,0,0
051149,可成凱基95購04  ,0,0,0,0,0,0,0,0,0,0,0,0,0,20000,20000,0,0
051184,聯發科永豐95購03,0,0,0,0,0,0,0,0,0,0,0,0,0,10000,10000,0,0
051236,鴻海元大96購05  ,0,0,0,0,0,0,0,0,0,0,0,0,0,51000,51000,0,0
051256,中磊元大95購01  ,0,0,0,0,0,0,0,0,0,0,0,0,0,8000,8000,0,0
051250,大立光元大98購01,0,0,0,0,0,0,0,0,0,0,0,0,0,7000,7000,0,0
051217,聯發科元富95購01,0,0,0,0,0,0,0,0,0,0,0,0,0,98000,98000,0,0
048951,宏全永豐94購01  ,0,0,0,0,0,0,0,0,0,0,0,0,0,100000,100000,0,0
048962,宏全康和94購01  ,0,0,0,0,0,0,0,0,0,0,0,0,0,94000,94000,0,0
050831,超眾凱基95購01  ,0,0,0,0,0,0,0,0,0,0,0,0,0,60000,60000,0,0
050888,群創富邦95購01  ,0,0,0,0,0,0,0,0,0,0,0,0,0,10000,10000,0,0
05088P,大立光富邦99售01,0,0,0,0,0,0,0,0,0,0,0,0,0,60000,60000,0,0
050892,聯電元大96購02  ,0,0,0,0,0,0,0,0,0,0,0,0,0,24000,24000,0,0
050839,楠梓電國票96購01,0,0,0,0,0,0,0,0,0,0,0,0,0,60000,60000,0,0
048025,鴻海凱基93購30  ,0,0,0,0,0,0,0,0,0,0,0,0,0,20000,20000,0,0
048034,大立光凱基93購29,0,0,0,0,0,0,0,0,0,0,0,0,0,30000,30000,0,0
048095,大立光凱基93購32,0,0,0,0,0,0,0,0,0,0,0,0,0,10000,10000,0,0
04807P,聯茂元富94售01  ,0,0,0,0,0,0,0,0,0,0,0,0,0,21000,21000,0,0
04813P,智邦元大94售07  ,0,0,0,0,0,0,0,0,0,0,0,0,0,25000,25000,0,0
048144,華固統一93購01  ,0,0,0,0,0,0,0,0,0,0,0,0,0,30000,30000,0,0
049815,緯穎元大94購06  ,0,0,0,0,0,0,0,0,0,0,0,0,0,18000,18000,0,0
049816,緯穎元大94購07  ,0,0,0,0,0,0,0,0,0,0,0,0,0,11000,11000,0,0
049836,矽創凱基94購02  ,0,0,0,0,0,0,0,0,0,0,0,0,0,68000,68000,0,0
049915,瑞昱元大94購07  ,0,0,0,0,0,0,0,0,0,0,0,0,0,17000,17000,0,0
049927,健策元大94購02  ,0,0,0,0,0,0,0,0,0,0,0,0,0,3000,3000,0,0
049920,大立光元大94購15,0,0,0,0,0,0,0,0,0,0,0,0,0,24000,24000,0,0
049937,臺股指元大94購18,0,0,0,0,0,0,0,0,0,0,0,0,0,3000,3000,0,0
04995P,台達電凱基96售03,0,0,0,0,0,0,0,0,0,0,0,0,0,6000,6000,0,0
049973,T50反1日盛9A購01,0,0,0,0,0,0,0,0,0,0,0,0,0,180000,180000,0,0
049983,智原凱基94購02  ,0,0,0,0,0,0,0,0,0,0,0,0,0,12000,12000,0,0
049754,豐祥永豐94購01  ,0,0,0,0,0,0,0,0,0,0,0,0,0,20000,20000,0,0
05063P,聯電元大96售03  ,0,0,0,0,0,0,0,0,0,0,0,0,0,10000,10000,0,0
05065P,燿華元大96售03  ,0,0,0,0,0,0,0,0,0,0,0,0,0,21000,21000,0,0
050187,群創元大94購03  ,0,0,0,0,0,0,0,0,0,0,0,0,0,24000,24000,0,0
050196,嘉聯益元大97購01,0,0,0,0,0,0,0,0,0,0,0,0,0,1000,1000,0,0
050198,緯穎元大94購09  ,0,0,0,0,0,0,0,0,0,0,0,0,0,14000,14000,0,0
04795P,聯發科元大94售09,0,10000,-10000,0,0,0,0,0,0,10000,0,0,0,10000,0,10000,0
047996,華邦電元大93購04,0,0,0,0,0,0,0,0,0,0,0,0,0,10000,10000,0,0
048002,景碩元大93購04  ,0,0,0,0,0,0,0,0,0,0,0,0,0,12000,12000,0,0
048787,義隆元大94購02  ,0,0,0,0,0,0,0,0,0,0,0,0,0,21000,21000,0,0
047932,麗豐凱基93購01  ,0,0,0,0,0,0,0,0,0,0,0,0,0,20000,20000,0,0
047838,亞光元大93購03  ,0,0,0,0,0,0,0,0,0,0,0,0,0,3000,3000,0,0
047872,貿聯永豐93購02  ,0,0,0,0,0,0,0,0,0,0,0,0,0,100000,100000,0,0
047883,臺股指永昌93購01,0,0,0,0,0,0,0,0,0,0,0,0,0,10000,10000,0,0
047765,瑞昱元大93購12  ,0,0,0,0,0,0,0,0,0,0,0,0,0,2000,2000,0,0
048185,台郡群益93購04  ,0,0,0,0,0,0,0,0,0,0,0,0,0,50000,50000,0,0
04781P,欣興凱基94售06  ,0,0,0,0,0,0,0,0,0,0,0,0,0,22000,22000,0,0
048231,台表科凱基93購06,0,0,0,0,0,0,0,0,0,0,0,0,0,10000,10000,0,0
048272,新光金富邦98購01,0,0,0,0,0,0,0,0,0,0,0,0,0,5000,5000,0,0
04861P,中磊群益94售02  ,0,0,0,0,0,0,0,0,0,0,0,0,0,60000,60000,0,0
048650,台表科元大93購05,0,0,0,0,0,0,0,0,0,0,0,0,0,10000,10000,0,0
048635,鴻海元大94購04  ,0,0,0,0,0,0,0,0,0,0,0,0,0,20000,20000,0,0
048636,鴻海元大94購05  ,0,0,0,0,0,0,0,0,0,0,0,0,0,20000,20000,0,0
047734,欣興兆豐94購02  ,0,0,0,0,0,0,0,0,0,0,0,0,0,200000,200000,0,0
047702,鴻海凱基94購13  ,0,0,0,0,0,0,0,0,0,0,0,0,0,10000,10000,0,0
04944P,元油2X永豐94售06,0,0,0,0,0,0,0,0,0,0,0,0,0,1153000,1153000,0,0
04765P,宏達電永豐94售02,0,0,0,0,0,0,0,0,0,0,0,0,0,12000,12000,0,0
050813,旺宏凱基96購01  ,0,0,0,0,0,0,0,0,0,0,0,0,0,20000,20000,0,0
049356,台積電富邦94購05,0,0,0,0,0,0,0,0,0,0,0,0,0,4000,4000,0,0
049387,緯穎元大94購03  ,0,0,0,0,0,0,0,0,0,0,0,0,0,8000,8000,0,0
050780,台表科元大96購01,0,0,0,0,0,0,0,0,0,0,0,0,0,10000,10000,0,0
049415,智邦凱基94購02  ,0,0,0,0,0,0,0,0,0,0,0,0,0,68000,68000,0,0
049397,台達電群益94購03,0,0,0,0,0,0,0,0,0,0,0,0,0,20000,20000,0,0
050542,宏碁凱基95購01  ,0,0,0,0,0,0,0,0,0,0,0,0,0,2000,2000,0,0
050543,聯發科凱基95購01,0,0,0,0,0,0,0,0,0,0,0,0,0,37000,37000,0,0
050059,旺宏凱基94購03  ,0,0,0,0,0,0,0,0,0,0,0,0,0,40000,40000,0,0
050056,國巨凱基94購04  ,0,0,0,0,0,0,0,0,0,0,0,0,0,25000,25000,0,0
04856P,光磊元富94售01  ,0,0,0,0,0,0,0,0,0,0,0,0,0,10000,10000,0,0
04857P,美律元富94售01  ,0,0,0,0,0,0,0,0,0,0,0,0,0,22000,22000,0,0
050537,鴻海凱基95購05  ,0,0,0,0,0,0,0,0,0,0,0,0,0,1000,1000,0,0
050609,鴻海元大94購23  ,0,0,0,0,0,0,0,0,0,0,0,0,0,20000,20000,0,0
049686,T50反1元大94購02,0,0,0,0,0,0,0,0,0,0,0,0,0,300000,300000,0,0
049687,國巨元大94購09  ,0,0,0,0,0,0,0,0,0,0,0,0,0,10000,10000,0,0
049275,臺股指元大94購10,0,0,0,0,0,0,0,0,0,0,0,0,0,100000,100000,0,0
050502,聯發科凱基94購21,0,0,0,0,0,0,0,0,0,0,0,0,0,68000,68000,0,0
049088,上緯控凱基94購02,0,1000,-1000,0,0,0,0,0,0,1000,0,0,0,21000,20000,1000,0
049137,華通元大95購02  ,0,0,0,0,0,0,0,0,0,0,0,0,0,5000,5000,0,0
049269,超眾元大96購02  ,0,0,0,0,0,0,0,0,0,0,0,0,0,20000,20000,0,0
049229,台化富邦94購01  ,0,0,0,0,0,0,0,0,0,0,0,0,0,10000,10000,0,0
048731,創意麥證94購01  ,0,0,0,20000,20000,0,0,0,0,0,0,0,0,20000,20000,0,0
049485,台積電元大96購03,0,0,0,0,0,0,0,0,0,0,0,0,0,6000,6000,0,0
049505,臺股指元大94購16,0,0,0,0,0,0,0,0,0,0,0,0,0,10000,10000,0,0
049593,群創元大9A購01  ,0,0,0,0,0,0,0,0,0,0,0,0,0,228000,228000,0,0
049066,元石油凱基97購01,0,0,0,0,0,0,0,0,0,0,0,0,0,30000,30000,0,0
049588,聯發科元大94購06,0,0,0,0,0,0,0,0,0,0,0,0,0,10000,10000,0,0
05058P,燿華國票97售01  ,0,0,0,0,0,0,0,0,0,0,0,0,0,21000,21000,0,0
04839P,大立光元大94售17,0,0,0,0,0,0,0,0,0,0,0,0,0,160000,160000,0,0
04838P,宏達電元大95售02,0,0,0,0,0,0,0,0,0,0,0,0,0,41000,41000,0,0
048364,臺股指永豐93購04,0,0,0,0,0,0,0,0,0,0,0,0,0,5000,5000,0,0
048349,美利達元大96購02,0,0,0,0,0,0,0,0,0,0,0,0,0,23000,23000,0,0
04840P,大立光元大94售18,0,0,0,0,0,0,0,0,0,0,0,0,0,120000,120000,0,0
053867,創意元大96購04  ,0,0,0,0,0,0,0,0,0,0,0,0,0,9000,9000,0,0
053806,鎧勝凱基96購02  ,0,0,0,0,0,0,0,0,0,0,0,0,0,200000,200000,0,0
053978,創意元大96購05  ,0,0,0,0,0,0,0,0,0,0,0,0,0,55000,55000,0,0
053477,大立光元大97購03,0,0,0,0,0,0,0,0,0,0,0,0,0,45000,45000,0,0
053454,創意統一96購02  ,0,0,0,0,0,0,0,0,0,0,0,0,0,50000,50000,0,0
053390,彩晶元大9A購01  ,0,0,0,0,0,0,0,0,0,0,0,0,0,24000,24000,0,0
053389,彩晶元大98購01  ,0,0,0,0,0,0,0,0,0,0,0,0,0,164000,164000,0,0
053399,創意中信96購01  ,0,0,0,0,0,0,0,0,0,0,0,0,0,10000,10000,0,0
053677,同欣電國泰97購01,0,0,0,0,0,0,0,0,0,0,0,0,0,10000,10000,0,0
053646,臺股指國票96購09,0,0,0,0,0,0,0,0,0,0,0,0,0,1000,1000,0,0
053684,台積電元大96購17,0,0,0,0,0,0,0,0,0,0,0,0,0,141000,141000,0,0
05358P,大立光元大95售09,0,0,0,0,0,0,0,0,0,0,0,0,0,160000,160000,0,0
053140,燿華永豐96購02  ,0,0,0,0,0,0,0,0,0,0,0,0,0,12000,12000,0,0
053146,滬深2X元大96購08,0,0,0,0,0,0,0,0,0,0,0,0,0,10000,10000,0,0
053080,力山元大96購02  ,0,0,0,0,0,0,0,0,0,0,0,0,0,100000,100000,0,0
053092,台表科元大97購02,0,0,0,0,0,0,0,0,0,0,0,0,0,10000,10000,0,0
053338,台光電國票97購01,0,0,0,0,0,0,0,0,0,0,0,0,0,56000,56000,0,0
053375,鴻海元大96購18  ,0,0,0,0,0,0,0,0,0,0,0,0,0,80000,80000,0,0
05323P,瑞昱凱基96售02  ,0,0,0,0,0,0,0,0,0,0,0,0,0,10000,10000,0,0
053010,鴻海統一96購11  ,0,0,0,0,0,0,0,0,0,0,0,0,0,48000,48000,0,0
052748,群創元大9A購02  ,0,0,0,0,0,0,0,0,0,0,0,0,0,61000,61000,0,0
052875,樺漢凱基96購02  ,0,0,0,0,0,0,0,0,0,0,0,0,0,17000,17000,0,0
052841,群創富邦96購02  ,0,0,0,0,0,0,0,0,0,0,0,0,0,4000,4000,0,0
051924,聯茂日盛95購01  ,0,0,0,0,0,0,0,0,0,0,0,0,0,2000,2000,0,0
05196P,台積電永豐95售03,0,0,0,0,0,0,0,0,0,0,0,0,0,6000,6000,0,0
051984,台塑元大95購01  ,0,0,0,0,0,0,0,0,0,0,0,0,0,221000,221000,0,0
051966,台表科永豐95購01,0,0,0,0,0,0,0,0,0,0,0,0,0,10000,10000,0,0
05179P,大立光凱基96售06,0,0,0,0,0,0,0,0,0,0,0,0,0,100000,100000,0,0
051773,元大金中信95購02,0,0,0,0,0,0,0,0,0,0,0,0,0,30000,30000,0,0
051737,瑞昱國票96購01  ,0,0,0,0,0,0,0,0,0,0,0,0,0,10000,10000,0,0
051742,欣興國票96購01  ,0,0,0,0,0,0,0,0,0,0,0,0,0,10000,10000,0,0
051576,台積電元大97購02,0,0,0,0,0,0,0,0,0,0,0,0,0,50000,50000,0,0
051525,日月光凱基95購02,0,0,0,0,0,0,0,0,0,0,0,0,0,4000,4000,0,0
051293,鴻海元富95購05  ,0,0,0,0,0,0,0,0,0,0,0,0,0,50000,50000,0,0
051383,京鼎群益96購02  ,0,0,0,0,0,0,0,0,0,0,0,0,0,10000,10000,0,0
05136P,台積電凱基95售08,0,0,0,0,0,0,0,0,0,0,0,0,0,39000,39000,0,0
051336,智原永豐95購01  ,0,0,0,0,0,0,0,0,0,0,0,0,0,4000,4000,0,0
051355,聯發科元大96購01,0,0,0,0,0,0,0,0,0,0,0,0,0,599000,599000,0,0
05146P,鴻海元大95售10  ,0,0,0,0,0,0,0,0,0,0,0,0,0,437000,437000,0,0
051448,聯詠元大95購02  ,0,0,0,0,0,0,0,0,0,0,0,0,0,3000,3000,0,0
051441,鴻海元大95購13  ,0,0,0,0,0,0,0,0,0,0,0,0,0,20000,20000,0,0
051408,台積電國票95購03,0,0,0,0,0,0,0,0,0,0,0,0,0,56000,56000,0,0
05139P,臺股指凱基95售06,0,0,0,0,0,0,0,0,0,0,0,0,0,55000,55000,0,0
05212P,台積電國票96售04,0,0,0,0,0,0,0,0,0,0,0,0,0,12000,12000,0,0
05219P,鴻海元大95售17  ,0,0,0,0,0,0,0,0,0,0,0,0,0,320000,320000,0,0
052090,聯發科元大97購03,0,0,0,0,0,0,0,0,0,0,0,0,0,64000,64000,0,0
052389,聯發科群益95購05,0,0,0,0,0,0,0,0,0,0,0,0,0,98000,98000,0,0
052380,臺股指元大95購21,0,0,0,0,0,0,0,0,0,0,0,0,0,90000,90000,0,0
052517,滬深2X元大95購05,0,0,0,0,0,0,0,0,0,0,0,0,0,180000,180000,0,0
052519,旺宏元大95購05  ,0,0,0,0,0,0,0,0,0,0,0,0,0,11000,11000,0,0
05243P,鴻海元大95售19  ,0,0,0,0,0,0,0,0,0,0,0,0,0,208000,208000,0,0
052384,臺股指元大95購30,0,0,0,0,0,0,0,0,0,0,0,0,0,1000,1000,0,0
052682,上銀元大97購01  ,0,0,0,0,0,0,0,0,0,0,0,0,0,10000,10000,0,0
052727,仁寶元富96購01  ,0,0,0,0,0,0,0,0,0,0,0,0,0,26000,26000,0,0
052718,新唐凱基96購01  ,0,0,0,0,0,0,0,0,0,0,0,0,0,50000,50000,0,0
052712,旺宏凱基96購02  ,0,0,0,0,0,0,0,0,0,0,0,0,0,39000,39000,0,0
052706,台虹國票97購01  ,0,0,0,0,0,0,0,0,0,0,0,0,0,40000,40000,0,0
052601,大成鋼元大96購01,0,0,0,0,0,0,0,0,0,0,0,0,0,2000,2000,0,0
05913P,國巨元大96售11  ,0,0,0,0,0,0,0,0,0,0,0,0,0,145000,145000,0,0
05827P,台積電統一96售10,0,0,0,0,0,0,0,0,0,0,0,0,0,124000,124000,0,0
05825P,臺股指凱基96售22,0,0,0,0,0,0,0,0,0,0,0,0,0,3000,3000,0,0
05872P,大立光凱基96售15,0,0,0,0,0,0,0,0,0,0,0,0,0,35000,35000,0,0
05896P,宏達電群益96售03,0,0,0,0,0,0,0,0,0,0,0,0,0,10000,10000,0,0
05683P,矽創元大96售01  ,0,0,0,0,0,0,0,0,0,0,0,0,0,50000,50000,0,0
05686P,臺股指元大96售11,0,0,0,0,0,0,0,0,0,0,0,0,0,20000,20000,0,0
056575,禾伸堂元大99購01,0,0,0,0,0,0,0,0,0,0,0,0,0,40000,40000,0,0
056613,旺宏永豐98購01  ,0,0,0,0,0,0,0,0,0,0,0,0,0,25000,25000,0,0
056614,智邦永豐98購01  ,0,0,0,0,0,0,0,0,0,0,0,0,0,40000,40000,0,0
056616,台光電永豐98購01,0,0,0,0,0,0,0,0,0,0,0,0,0,30000,30000,0,0
056618,京元電永豐98購01,0,0,0,0,0,0,0,0,0,0,0,0,0,22000,22000,0,0
05662P,景碩元富96售01  ,0,0,0,0,0,0,0,0,0,0,0,0,0,10000,10000,0,0
05786P,臺股指永昌96售03,0,0,0,0,0,0,0,0,0,0,121000,0,121000,139000,260000,-121000,0
05772P,景碩凱基96售02  ,0,0,0,0,0,0,0,0,0,0,0,0,0,60000,60000,0,0
05768P,台積電凱基96售15,0,0,0,0,0,0,0,0,0,0,0,0,0,323000,323000,0,0
05762P,昇陽半永豐96售04,0,0,0,0,0,0,0,0,0,0,0,0,0,20000,20000,0,0
05799P,臺股指群益96售13,0,0,0,0,0,0,0,0,0,0,0,0,0,10000,10000,0,0
05719P,可成元大96售03  ,0,0,0,0,0,0,0,0,0,0,0,0,0,51000,51000,0,0
05756P,臺股指中信99售05,0,0,0,0,0,0,0,0,0,0,0,0,0,1000,1000,0,0
05765P,臺股指永豐96售01,0,0,0,0,0,0,0,0,0,0,0,0,0,20000,20000,0,0
05741P,聯發科元大96售14,0,0,0,0,0,0,0,0,0,0,0,0,0,79000,79000,0,0
06048P,大立光富邦96售05,0,0,0,0,0,0,0,0,0,0,0,0,0,60000,60000,0,0
06064P,台積電台新98售01,0,0,0,0,0,0,0,0,0,0,0,0,0,200000,200000,0,0
06079P,燿華群益98售02  ,0,0,0,0,0,0,0,0,0,0,0,0,0,21000,21000,0,0
06084P,宏達電元富97售02,0,0,0,0,0,0,0,0,0,0,0,0,0,10000,10000,0,0
06147P,國巨元大97售05  ,0,0,0,0,0,0,0,0,0,0,0,0,0,150000,150000,0,0
06165P,臺股指凱基9A售03,0,0,0,0,0,0,0,0,0,0,0,0,0,2000,2000,0,0
06114P,台積電統一97售03,0,0,0,0,0,0,0,0,0,0,0,0,0,50000,50000,0,0
06186P,鴻海統一97售02  ,0,0,0,0,0,0,0,0,0,0,0,0,0,50000,50000,0,0
06231P,台積電永豐97售05,0,0,0,0,0,0,0,0,0,0,0,0,0,10000,10000,0,0
06242P,大立光元富9A售02,0,0,0,0,0,0,0,0,0,0,0,0,0,33000,33000,0,0
06271P,彩晶凱基97售01  ,0,0,0,0,0,0,0,0,0,0,0,0,0,20000,20000,0,0
06259P,臺股指群益97售12,0,0,0,0,0,0,0,0,0,0,0,0,0,30000,30000,0,0
06304P,臺股指元大97售10,0,0,0,0,0,0,0,0,0,0,0,0,0,7000,7000,0,0
06330P,南亞科群益97售03,0,0,0,0,0,0,0,0,0,0,0,0,0,11000,11000,0,0
1516,川飛            ,1000,1000,0,0,0,0,0,0,0,0,0,0,0,0,0,0,0
1530,亞崴            ,0,0,0,0,0,0,0,0,0,0,1000,1000,0,0,0,0,0
1539,巨庭            ,2000,2000,0,0,0,0,0,0,0,0,0,0,0,0,0,0,0
1466,聚隆            ,2000,2000,0,0,0,0,0,0,0,0,1000,1000,0,0,0,0,0
1419,新紡            ,1000,1000,0,0,0,0,0,0,0,0,0,0,0,0,0,0,0
1423,利華            ,1000,1000,0,0,0,0,0,0,0,0,0,0,0,0,0,0,0
1325,恆大            ,6000,6000,0,0,0,0,0,0,0,0,0,0,0,0,0,0,0
06367P,台積電凱基97售14,0,0,0,0,0,0,0,0,0,0,0,0,0,124000,124000,0,0
06386P,欣興永豐97售03  ,0,0,0,0,0,0,0,0,0,0,0,0,0,32000,32000,0,0
06445P,大立光凱基98售09,0,0,0,0,0,0,0,0,0,0,0,0,0,90000,90000,0,0
06430P,大立光元大97售16,0,0,0,0,0,0,0,0,0,0,0,0,0,135000,135000,0,0
06449P,台積電元大98售09,0,0,0,0,0,0,0,0,0,0,0,0,0,4000,4000,0,0
2528,皇普            ,4000,7000,-3000,0,0,0,0,0,0,3000,3000,0,3000,0,0,0,0
2712,遠雄來          ,1000,1000,0,0,0,0,0,0,0,0,1000,1000,0,0,0,0,0
1737,臺鹽            ,23000,23000,0,0,0,0,0,0,0,0,0,0,0,0,0,0,0
9931,欣高            ,1000,1000,0,0,0,0,0,0,0,0,0,0,0,0,0,0,0
8467,波力-KY         ,2000,2000,0,0,0,0,0,0,0,0,0,0,0,0,0,0,0
911616,杜康-DR         ,6000,6000,0,0,0,0,0,0,0,0,0,0,0,0,0,0,0
8222,寶一            ,1000,1000,0,0,0,0,0,0,0,0,0,0,0,0,0,0,0
6117,迎廣            ,1000,1000,0,0,0,0,0,0,0,0,0,0,0,0,0,0,0
4562,穎漢            ,1000,1000,0,0,0,0,0,0,0,0,0,0,0,0,0,0,0
4912,聯德控股-KY     ,3000,4000,-1000,0,0,0,0,0,0,1000,1000,0,1000,0,0,0,0
4720,德淵            ,0,0,0,0,0,0,0,0,0,0,1000,1000,0,0,0,0,0
3591,艾笛森          ,3000,3000,0,0,0,0,0,0,0,0,0,0,0,0,0,0,0
3025,星通            ,2000,2000,0,0,0,0,0,0,0,0,0,0,0,0,0,0,0
008201,BP上證50        ,0,0,0,0,0,0,0,0,0,-100,0,0,0,300,400,-100,-100
056426,上証2X凱基9A購01,0,0,0,0,0,0,0,0,0,-1000,0,0,0,0,1000,-1000,-1000
056415,聯發科中信98購04,0,0,0,0,0,0,0,0,0,-1000,0,0,0,0,1000,-1000,-1000
056398,南茂永豐98購01  ,0,0,0,0,0,0,0,0,0,-1000,0,0,0,36000,37000,-1000,-1000
056331,聯鈞國票99購01  ,0,0,0,0,0,0,0,0,0,-1000,0,0,0,0,1000,-1000,-1000
05634P,玉晶光台新97售01,0,0,0,0,0,0,0,0,0,-1000,0,0,0,20000,21000,-1000,-1000
056225,聯發科凱基97購09,0,0,0,0,0,0,0,0,0,-1000,0,0,0,2000,3000,-1000,-1000
056219,T50反1日盛02購01,0,0,0,0,0,0,0,0,0,-1000,0,0,0,0,1000,-1000,-1000
056103,聯發科永豐97購03,0,0,0,0,0,0,0,0,0,-1000,0,0,0,100000,101000,-1000,-1000
055776,宏達電凱基98購02,0,0,0,0,0,0,0,0,0,-1000,0,0,0,1000,2000,-1000,-1000
055888,鴻海統一97購04  ,0,0,0,0,0,0,0,0,0,-1000,0,0,0,0,1000,-1000,-1000
055548,旺宏凱基97購02  ,0,0,0,0,0,0,0,0,0,-1000,0,0,0,20000,21000,-1000,-1000
055551,致茂凱基98購01  ,0,0,0,0,0,0,0,0,0,-1000,0,0,0,0,1000,-1000,-1000
055366,國巨元大98購05  ,0,0,0,0,0,0,0,0,0,-1000,0,0,0,20000,21000,-1000,-1000
055228,聯發科國票98購03,0,0,0,0,0,0,0,0,0,-1000,0,0,0,2000,3000,-1000,-1000
054998,玉晶光元富97購02,0,0,0,0,0,0,0,0,0,-1000,0,0,0,0,1000,-1000,-1000
054912,群光凱基97購01  ,0,0,0,0,0,0,0,0,0,-1000,0,0,0,0,1000,-1000,-1000
054406,旺宏國票98購01  ,0,0,0,0,0,0,0,0,0,-1000,0,0,0,2000,3000,-1000,-1000
054580,樺漢元大98購01  ,0,0,0,0,0,0,0,0,0,-1000,0,0,0,86000,87000,-1000,-1000
054664,台表科元大97購04,0,0,0,0,0,0,0,0,0,-1000,0,0,0,10000,11000,-1000,-1000
054074,健策富邦98購01  ,0,0,0,0,0,0,0,0,0,-1000,0,0,0,0,1000,-1000,-1000
054266,緯穎元大96購07  ,0,0,0,0,0,0,0,0,0,-1000,0,0,0,80000,81000,-1000,-1000
054200,美律富邦97購02  ,0,0,0,0,0,0,0,0,0,-1000,0,0,0,0,1000,-1000,-1000
00775B,新光投等債15+   ,0,0,0,0,0,0,0,0,0,-1000,0,0,0,2000,3000,-1000,-1000
03015X,元展15          ,0,0,0,0,0,0,0,0,0,-1000,0,0,0,0,1000,-1000,-1000
00753L,中信中國50正2   ,0,0,0,0,0,0,0,0,0,-1000,0,0,0,312000,313000,-1000,-1000
03957P,創意統一94售02  ,0,0,0,0,0,0,0,0,0,-1000,0,0,0,1000,2000,-1000,-1000
03648C,T50反1元大96牛07,0,0,0,0,0,0,0,0,0,-1000,0,0,0,0,1000,-1000,-1000
03619C,臺股指元大95牛02,0,0,0,0,0,0,0,0,0,-1000,0,0,0,0,1000,-1000,-1000
03602C,臺股指元大93牛01,0,0,0,0,0,0,0,0,0,-1000,0,0,0,18000,19000,-1000,-1000
03296P,台積電統一02售13,0,0,0,0,0,0,0,0,0,-1000,0,0,0,0,1000,-1000,-1000
042315,T50反1台新96購01,0,0,0,0,0,0,0,0,0,-1000,0,0,0,0,1000,-1000,-1000
042433,元油2X永豐96購01,0,0,0,0,0,0,0,0,0,-1000,0,0,0,0,1000,-1000,-1000
047435,台積電元大94購01,0,0,0,0,0,0,0,0,0,-1000,0,0,0,1000,2000,-1000,-1000
043971,友達富邦92購01  ,0,0,0,0,0,0,0,0,0,-1000,0,0,0,0,1000,-1000,-1000
04126P,滬深2X國票95售02,0,0,0,0,0,0,0,0,0,-1000,0,0,0,0,1000,-1000,-1000
04083P,欣興統一94售01  ,0,0,0,0,0,0,0,0,0,-1000,0,0,0,0,1000,-1000,-1000
046843,上銀永豐93購01  ,0,0,0,0,0,0,0,0,0,-1000,0,0,0,98000,99000,-1000,-1000
045228,泰鼎元大93購01  ,0,0,0,0,0,0,0,0,0,-1000,0,0,0,0,1000,-1000,-1000
050381,鴻海兆豐94購01  ,0,0,0,0,0,0,0,0,0,-1000,0,0,0,31000,32000,-1000,-1000
050146,訊芯康和94購02  ,0,0,0,0,0,0,0,0,0,-1000,0,0,0,0,1000,-1000,-1000
047339,臺股指元大93購34,0,0,0,0,0,0,0,0,0,-1000,0,0,0,0,1000,-1000,-1000
045626,上銀凱基93購05  ,0,0,0,0,0,0,0,0,0,-1000,0,0,0,99000,100000,-1000,-1000
045429,復盛凱基92購01  ,0,0,0,0,0,0,0,0,0,-1000,0,0,0,2000,3000,-1000,-1000
047227,華新科凱基94購01,0,0,0,0,0,0,0,0,0,-1000,0,0,0,34000,35000,-1000,-1000
047295,欣興元富96購02  ,0,0,0,0,0,0,0,0,0,-1000,0,0,0,0,1000,-1000,-1000
049580,國巨元大94購07  ,0,0,0,0,0,0,0,0,0,-1000,0,0,0,0,1000,-1000,-1000
049504,臺股指元大94購15,0,0,0,0,0,0,0,0,0,-1000,0,0,0,0,1000,-1000,-1000
049215,國巨國票94購03  ,0,0,0,0,0,0,0,0,0,-1000,0,0,0,0,1000,-1000,-1000
049083,大立光凱基94購02,0,0,0,0,0,0,0,0,0,-1000,0,0,0,0,1000,-1000,-1000
049107,緯創富邦94購01  ,0,0,0,0,0,0,0,0,0,-1000,0,0,0,0,1000,-1000,-1000
049274,臺股指元大94購09,0,0,0,0,0,0,0,0,0,-1000,0,0,0,1000,2000,-1000,-1000
04925P,和碩元大94售03  ,0,0,0,0,0,0,0,0,0,-1000,0,0,0,0,1000,-1000,-1000
050064,華新科凱基94購08,0,0,0,0,0,0,0,0,0,-1000,0,0,0,23000,24000,-1000,-1000
05055P,台表科群益95售01,0,0,0,0,0,0,0,0,0,-1000,0,0,0,0,1000,-1000,-1000
050022,鴻海元大94購11  ,0,0,0,0,0,0,0,0,0,-1000,0,0,0,15000,16000,-1000,-1000
047655,聯發科兆豐93購02,0,0,0,0,0,0,0,0,0,-1000,0,0,0,0,1000,-1000,-1000
047783,聯茂國泰94購02  ,0,0,0,0,0,0,0,0,0,-1000,0,0,0,0,1000,-1000,-1000
048001,中工元大96購01  ,0,0,0,0,0,0,0,0,0,-1000,0,0,0,99000,100000,-1000,-1000
049716,台積電凱基94購24,0,0,0,0,0,0,0,0,0,-1000,0,0,0,4000,5000,-1000,-1000
049804,華固元大94購01  ,0,0,0,0,0,0,0,0,0,-1000,0,0,0,32000,33000,-1000,-1000
049934,緯穎元大94購08  ,0,0,0,0,0,0,0,0,0,-1000,0,0,0,73000,74000,-1000,-1000
049892,國巨富邦96購01  ,0,0,0,0,0,0,0,0,0,-1000,0,0,0,2000,3000,-1000,-1000
048072,GIS元富93購05   ,0,0,0,0,0,0,0,0,0,-1000,0,0,0,0,1000,-1000,-1000
04809P,台光電群益94售04,0,0,0,0,0,0,0,0,0,-1000,0,0,0,50000,51000,-1000,-1000
04900P,矽格中信94售02  ,0,0,0,0,0,0,0,0,0,-1000,0,0,0,0,1000,-1000,-1000
05093P,可成元大95售03  ,0,0,0,0,0,0,0,0,0,-1000,0,0,0,23000,24000,-1000,-1000
048963,川湖元大94購01  ,0,0,0,0,0,0,0,0,0,-1000,0,0,0,0,1000,-1000,-1000
051180,喬山永豐95購03  ,0,0,0,0,0,0,0,0,0,-1000,0,0,0,0,1000,-1000,-1000
051156,鴻海富邦97購01  ,0,0,0,0,0,0,0,0,0,-1000,0,0,0,19000,20000,-1000,-1000
051128,台表科群益95購02,0,0,0,0,0,0,0,0,0,-1000,0,0,0,178000,179000,-1000,-1000
051123,和鑫群益95購01  ,0,0,0,0,0,0,0,0,0,-1000,0,0,0,134000,135000,-1000,-1000
052324,康友元大96購02  ,0,0,0,0,0,0,0,0,0,-1000,0,0,0,0,1000,-1000,-1000
052223,聯電凱基96購02  ,0,0,0,0,0,0,0,0,0,-1000,0,0,0,9000,10000,-1000,-1000
052058,臺股指凱基95購16,0,0,0,0,0,0,0,0,0,-1000,0,0,0,178000,179000,-1000,-1000
052202,矽力統一96購01  ,0,0,0,0,0,0,0,0,0,-1000,0,0,0,0,1000,-1000,-1000
052166,元油反元大95購01,0,0,0,0,0,0,0,0,0,-1000,0,0,0,0,1000,-1000,-1000
051536,玉晶光國票97購01,0,0,0,0,0,0,0,0,0,-1000,0,0,0,0,1000,-1000,-1000
051489,世芯凱基95購01  ,0,0,0,0,0,0,0,0,0,-1000,0,0,0,8000,9000,-1000,-1000
05176P,台積電凱基95售11,0,0,0,0,0,0,0,0,0,-1000,0,0,0,5000,6000,-1000,-1000
05185P,鴻海中信95售04  ,0,0,0,0,0,0,0,0,0,-1000,0,0,0,0,1000,-1000,-1000
052741,聯發科元大96購08,0,0,0,0,0,0,0,0,0,-1000,0,0,0,10000,11000,-1000,-1000
053064,國巨群益96購04  ,0,0,0,0,0,0,0,0,0,-1000,0,0,0,13000,14000,-1000,-1000
053241,元油反國票9A購01,0,0,0,0,0,0,0,0,0,-1000,0,0,0,0,1000,-1000,-1000
053313,世紀鋼凱基96購01,0,0,0,0,0,0,0,0,0,-1000,0,0,0,0,1000,-1000,-1000
053127,貿聯凱基97購01  ,0,0,0,0,0,0,0,0,0,-1000,0,0,0,1000,2000,-1000,-1000
053208,鴻海凱基96購13  ,0,0,0,0,0,0,0,0,0,-1000,0,0,0,0,1000,-1000,-1000
053659,智原凱基97購01  ,0,0,0,0,0,0,0,0,0,-1000,0,0,0,0,1000,-1000,-1000
053403,彩晶群益98購01  ,0,0,0,0,0,0,0,0,0,-1000,0,0,0,10000,11000,-1000,-1000
053519,力成群益96購02  ,0,0,0,0,0,0,0,0,0,-1000,0,0,0,0,1000,-1000,-1000
053906,宏達電凱基96購02,0,0,0,0,0,0,0,0,0,-1000,0,0,0,0,1000,-1000,-1000
053897,台郡群益96購01  ,0,0,0,0,0,0,0,0,0,-1000,0,0,0,0,1000,-1000,-1000
053954,貿聯康和96購01  ,0,0,0,0,0,0,0,0,0,-1000,0,0,0,20000,21000,-1000,-1000
05378P,台積電凱基96售02,0,0,0,0,0,0,0,0,0,-1000,0,0,0,5000,6000,-1000,-1000
2911,麗嬰房          ,9000,8000,1000,0,0,0,0,0,0,-2000,0,2000,-2000,0,0,0,-1000
2939,凱羿-KY         ,2000,3000,-1000,0,0,0,0,0,0,0,0,0,0,0,0,0,-1000
3593,力銘            ,0,4000,-4000,0,0,0,0,0,0,3000,3000,0,3000,0,0,0,-1000
3583,辛耘            ,86000,87000,-1000,0,0,0,0,0,0,0,0,0,0,0,0,0,-1000
3432,台端            ,1000,2000,-1000,0,0,0,0,0,0,0,0,0,0,0,0,0,-1000
4722,國精化          ,1000,2000,-1000,0,0,0,0,0,0,0,0,0,0,0,0,0,-1000
4930,燦星網          ,0,0,0,0,0,0,0,0,0,-1000,0,1000,-1000,0,0,0,-1000
6201,亞弘電          ,0,2000,-2000,0,0,0,0,0,0,1000,1000,0,1000,0,0,0,-1000
5484,慧友            ,0,0,0,0,0,0,0,0,0,-1000,0,1000,-1000,0,0,0,-1000
4989,榮科            ,18000,19000,-1000,0,0,0,0,0,0,0,0,0,0,0,0,0,-1000
8427,基勝-KY         ,1000,1000,0,0,0,0,0,0,0,-1000,0,1000,-1000,0,0,0,-1000
8443,阿瘦            ,1000,1000,0,0,0,0,0,0,0,-1000,0,1000,-1000,0,0,0,-1000
8466,美吉吉-KY       ,0,1000,-1000,0,0,0,0,0,0,0,0,0,0,0,0,0,-1000
8473,山林水          ,3000,4000,-1000,0,0,0,0,0,0,0,0,0,0,0,0,0,-1000
8488,吉源-KY         ,0,0,0,0,0,0,0,0,0,-1000,0,1000,-1000,0,0,0,-1000
9912,偉聯            ,0,0,0,0,0,0,0,0,0,-1000,0,1000,-1000,0,0,0,-1000
6655,科定            ,0,1000,-1000,0,0,0,0,0,0,0,0,0,0,0,0,0,-1000
1733,五鼎            ,22000,12000,10000,0,0,0,0,0,0,-11000,0,11000,-11000,0,0,0,-1000
1735,日勝化          ,0,0,0,0,0,0,0,0,0,-1000,0,1000,-1000,0,0,0,-1000
1776,展宇            ,0,0,0,0,0,0,0,0,0,-1000,1000,2000,-1000,0,0,0,-1000
2012,春雨            ,0,0,0,0,0,0,0,0,0,-1000,0,1000,-1000,0,0,0,-1000
2024,志聯            ,5000,5000,0,0,0,0,0,0,0,-1000,2000,3000,-1000,0,0,0,-1000
2302,麗正            ,0,0,0,0,0,0,0,0,0,-1000,0,1000,-1000,0,0,0,-1000
2380,虹光            ,0,0,0,0,0,0,0,0,0,-1000,0,1000,-1000,0,0,0,-1000
2832,台產            ,18000,19000,-1000,0,0,0,0,0,0,0,0,0,0,0,0,0,-1000
2465,麗臺            ,0,1000,-1000,0,0,0,0,0,0,0,0,0,0,0,0,0,-1000
2438,翔耀            ,0,0,0,0,0,0,0,0,0,-1000,0,1000,-1000,0,0,0,-1000
2433,互盛電          ,11000,8000,3000,0,0,0,0,0,0,-4000,0,4000,-4000,0,0,0,-1000
06469P,臺股指凱基99售09,0,0,0,0,0,0,0,0,0,-1000,0,0,0,0,1000,-1000,-1000
08679P,台灣50元大01售15,0,0,0,0,0,0,0,0,0,-1000,0,0,0,0,1000,-1000,-1000
06433P,大立光群益99售01,0,0,0,0,0,0,0,0,0,-1000,0,0,0,81000,82000,-1000,-1000
06429P,大立光元大97售15,0,0,0,0,0,0,0,0,0,-1000,0,0,0,135000,136000,-1000,-1000
06444P,大立光凱基98售08,0,0,0,0,0,0,0,0,0,-1000,0,0,0,155000,156000,-1000,-1000
1413,宏洲            ,0,1000,-1000,0,0,0,0,0,0,0,0,0,0,0,0,0,-1000
1445,大宇            ,1000,2000,-1000,0,0,0,0,0,0,0,0,0,0,0,0,0,-1000
1467,南緯            ,2000,2000,0,0,0,0,0,0,0,-1000,0,1000,-1000,0,0,0,-1000
1454,台富            ,0,1000,-1000,0,0,0,0,0,0,0,0,0,0,0,0,0,-1000
1456,怡華            ,0,0,0,0,0,0,0,0,0,-1000,2000,3000,-1000,0,0,0,-1000
1506,正道            ,0,0,0,0,0,0,0,0,0,-1000,0,1000,-1000,0,0,0,-1000
1616,億泰            ,0,0,0,0,0,0,0,0,0,-1000,0,1000,-1000,0,0,0,-1000
1725,元禎            ,1000,2000,-1000,0,0,0,0,0,0,0,0,0,0,0,0,0,-1000
06334P,臺股指群益9C售03,0,0,0,0,0,0,0,0,0,-1000,0,0,0,32000,33000,-1000,-1000
06278P,臺股指凱基97售10,0,0,0,0,0,0,0,0,0,-1000,0,0,0,0,1000,-1000,-1000
06074P,台積電凱基98售04,0,0,0,0,0,0,0,0,0,-1000,0,0,0,0,1000,-1000,-1000
05727P,新光金日盛96售02,0,0,0,0,0,0,0,0,0,-1000,0,0,0,18000,19000,-1000,-1000
05785P,臺股指元大96售19,0,0,0,0,0,0,0,0,0,-1000,0,0,0,1000,2000,-1000,-1000
056594,台積電元富98購03,0,0,0,0,0,0,0,0,0,-1000,0,0,0,0,1000,-1000,-1000
05705P,上証2X永豐96售03,0,0,0,0,0,0,0,0,0,-1000,0,0,0,0,1000,-1000,-1000
05877P,大立光群益96售06,0,0,0,0,0,0,0,0,0,-1000,0,0,0,101000,102000,-1000,-1000
05820P,臺股指凱基96售17,0,0,0,0,0,0,0,0,0,-1000,0,0,0,13000,14000,-1000,-1000
05928P,華邦電康和96售01,0,0,0,0,0,0,0,0,0,-1000,0,0,0,0,1000,-1000,-1000
05422P,大立光中信97售02,0,0,0,0,0,0,0,0,0,-2000,0,0,0,0,2000,-2000,-2000
054058,晶豪科國票98購01,0,0,0,0,0,0,0,0,0,-2000,0,0,0,0,2000,-2000,-2000
054169,上緯控凱基98購01,0,0,0,0,0,0,0,0,0,-2000,0,0,0,0,2000,-2000,-2000
054806,台化元大9A購01  ,0,0,0,0,0,0,0,0,0,-2000,0,0,0,0,2000,-2000,-2000
054741,亞光凱基99購01  ,0,0,0,0,0,0,0,0,0,-2000,0,0,0,0,2000,-2000,-2000
055276,台積電元大97購20,0,0,0,0,0,0,0,0,0,-2000,0,0,0,157000,159000,-2000,-2000
055529,華邦電群益97購02,0,0,0,0,0,0,0,0,0,-2000,0,0,0,199000,201000,-2000,-2000
055858,聯茂元大97購03  ,0,0,0,0,0,0,0,0,0,-2000,0,0,0,40000,42000,-2000,-2000
056224,聯發科凱基97購08,0,0,0,0,0,0,0,0,0,-2000,0,0,0,0,2000,-2000,-2000
055922,台郡凱基98購03  ,0,0,0,0,0,0,0,0,0,-2000,0,0,0,0,2000,-2000,-2000
056229,可成凱基97購04  ,0,0,0,0,0,0,0,0,0,-2000,0,0,0,0,2000,-2000,-2000
056351,鴻海元大98購06  ,0,0,0,0,0,0,0,0,0,-2000,0,0,0,95000,97000,-2000,-2000
056338,聯發科凱基99購01,0,0,0,0,0,0,0,0,0,-2000,0,0,0,18000,20000,-2000,-2000
056550,瑞儀凱基99購01  ,0,0,0,0,0,0,0,0,0,-2000,0,0,0,0,2000,-2000,-2000
056557,世紀鋼凱基98購02,0,0,0,0,0,0,0,0,0,-2000,0,0,0,0,2000,-2000,-2000
047298,聯茂元富96購01  ,0,0,0,0,0,0,0,0,0,-2000,0,0,0,0,2000,-2000,-2000
04715P,聯茂元大94售06  ,0,0,0,0,0,0,0,0,0,-2000,0,0,0,0,2000,-2000,-2000
045717,微星凱基92購03  ,0,0,0,0,0,0,0,0,0,-2000,0,0,0,13000,15000,-2000,-2000
050337,南電國泰95購01  ,0,0,0,0,0,0,0,0,0,-2000,0,0,0,28000,30000,-2000,-2000
045220,漢唐元大94購01  ,0,0,0,0,0,0,0,0,0,-2000,0,0,0,1000,3000,-2000,-2000
045255,華邦電凱基93購03,0,0,0,0,0,0,0,0,0,-2000,0,0,0,83000,85000,-2000,-2000
04527P,大立光凱基94售04,0,0,0,0,0,0,0,0,0,-2000,0,0,0,0,2000,-2000,-2000
046956,矽力國票93購01  ,0,0,0,0,0,0,0,0,0,-2000,0,0,0,0,2000,-2000,-2000
044972,元金2X國票96購01,0,0,0,0,0,0,0,0,0,-2000,0,0,0,0,2000,-2000,-2000
042116,元油2X國票97購01,0,0,0,0,0,0,0,0,0,-2000,0,0,0,0,2000,-2000,-2000
042089,台灣50中信94購03,0,0,0,0,0,0,0,0,0,-2000,0,0,0,28000,30000,-2000,-2000
042237,鴻海永昌93購01  ,0,0,0,0,0,0,0,0,0,-2000,0,0,0,0,2000,-2000,-2000
03419B,臺股指元富99熊03,0,0,0,0,0,0,0,0,0,-2000,0,0,0,0,2000,-2000,-2000
04341P,美律永豐93售03  ,0,0,0,0,0,0,0,0,0,-2000,0,0,0,30000,32000,-2000,-2000
03893P,為升凱基93售03  ,0,0,0,0,0,0,0,0,0,-2000,0,0,0,0,2000,-2000,-2000
03981P,嘉澤凱基93售02  ,0,0,0,0,0,0,0,0,0,-2000,0,0,0,0,2000,-2000,-2000
00711B,FH彭博新興債    ,0,0,0,0,0,0,0,0,0,-2000,0,0,0,160000,162000,-2000,-2000
00763U,街口道瓊銅      ,0,0,0,0,0,0,0,0,0,-2000,0,0,0,1000,3000,-2000,-2000
0057,富邦摩台        ,0,0,0,0,0,0,0,0,0,-2000,0,0,0,21000,23000,-2000,-2000
051069,智邦國票96購01  ,0,0,0,0,0,0,0,0,0,-2000,0,0,0,8000,10000,-2000,-2000
051030,康友元富95購01  ,0,0,0,0,0,0,0,0,0,-2000,0,0,0,3000,5000,-2000,-2000
050952,健策群益96購01  ,0,0,0,0,0,0,0,0,0,-2000,0,0,0,17000,19000,-2000,-2000
050919,台積電凱基95購03,0,0,0,0,0,0,0,0,0,-2000,0,0,0,0,2000,-2000,-2000
050890,南電富邦99購01  ,0,0,0,0,0,0,0,0,0,-2000,0,0,0,0,2000,-2000,-2000
048097,聯詠凱基93購07  ,0,0,0,0,0,0,0,0,0,-2000,0,0,0,0,2000,-2000,-2000
048125,和鑫元大96購01  ,0,0,0,0,0,0,0,0,0,-2000,0,0,0,0,2000,-2000,-2000
049843,康友中信95購01  ,0,0,0,0,0,0,0,0,0,-2000,0,0,0,0,2000,-2000,-2000
04972P,緯穎元富94售03  ,0,0,0,0,0,0,0,0,0,-2000,0,0,0,103000,105000,-2000,-2000
047798,臺股指群益93購09,0,0,0,0,0,0,0,0,0,-2000,0,0,0,8000,10000,-2000,-2000
048257,台積電統一93購07,0,0,0,0,0,0,0,0,0,-2000,0,0,0,0,2000,-2000,-2000
047663,亞德客永豐93購03,0,0,0,0,0,0,0,0,0,-2000,0,0,0,56000,58000,-2000,-2000
050021,鴻海元大94購10  ,0,0,0,0,0,0,0,0,0,-2000,0,0,0,15000,17000,-2000,-2000
050728,新日興國票94購01,0,0,0,0,0,0,0,0,0,-2000,0,0,0,4000,6000,-2000,-2000
050712,和碩中信94購01  ,0,0,0,0,0,0,0,0,0,-2000,0,0,0,28000,30000,-2000,-2000
050718,茂林群益94購04  ,0,0,0,0,0,0,0,0,0,-2000,0,0,0,19000,21000,-2000,-2000
049310,台積電凱基94購15,0,0,0,0,0,0,0,0,0,-2000,0,0,0,15000,17000,-2000,-2000
050604,上証2X永昌94購01,0,0,0,0,0,0,0,0,0,-2000,0,0,0,3000,5000,-2000,-2000
048714,巨大康和94購01  ,0,0,0,0,0,0,0,0,0,-2000,0,0,0,3000,5000,-2000,-2000
053913,華新國票97購01  ,0,0,0,0,0,0,0,0,0,-2000,0,0,0,12000,14000,-2000,-2000
053538,京鼎永豐96購03  ,0,0,0,0,0,0,0,0,0,-2000,0,0,0,0,2000,-2000,-2000
053489,上銀兆豐97購01  ,0,0,0,0,0,0,0,0,0,-2000,0,0,0,0,2000,-2000,-2000
053414,臻鼎國票97購01  ,0,0,0,0,0,0,0,0,0,-2000,0,0,0,0,2000,-2000,-2000
053461,台郡永昌99購01  ,0,0,0,0,0,0,0,0,0,-2000,0,0,0,1000,3000,-2000,-2000
051879,健策台新96購01  ,0,0,0,0,0,0,0,0,0,-2000,0,0,0,0,2000,-2000,-2000
05186P,鈺齊中信95售02  ,0,0,0,0,0,0,0,0,0,-2000,0,0,0,0,2000,-2000,-2000
051484,玉晶光凱基97購01,0,0,0,0,0,0,0,0,0,-2000,0,0,0,40000,42000,-2000,-2000
052047,建準凱基96購01  ,0,0,0,0,0,0,0,0,0,-2000,0,0,0,0,2000,-2000,-2000
052230,大立光凱基96購09,0,0,0,0,0,0,0,0,0,-2000,0,0,0,50000,52000,-2000,-2000
052290,鴻海元富97購01  ,0,0,0,0,0,0,0,0,0,-2000,0,0,0,8000,10000,-2000,-2000
05917P,宏達電元大96售02,0,0,0,0,0,0,0,0,0,-2000,0,0,0,20000,22000,-2000,-2000
05902P,華通國票96售02  ,0,0,0,0,0,0,0,0,0,-2000,0,0,0,20000,22000,-2000,-2000
05822P,臺股指凱基96售19,0,0,0,0,0,0,0,0,0,-2000,0,0,0,0,2000,-2000,-2000
05797P,臺股指群益96售11,0,0,0,0,0,0,0,0,0,-2000,0,0,0,0,2000,-2000,-2000
05771P,大立光凱基96售13,0,0,0,0,0,0,0,0,0,-2000,0,0,0,60000,62000,-2000,-2000
06362P,臺股指麥證97售01,0,0,0,0,2000,-2000,0,0,0,-2000,0,0,0,0,2000,-2000,-2000
1713,國化            ,1000,3000,-2000,0,0,0,0,0,0,0,0,0,0,0,0,0,-2000
1615,大山            ,3000,5000,-2000,0,0,0,0,0,0,0,1000,1000,0,0,0,0,-2000
1507,永大            ,33000,34000,-1000,0,0,0,0,0,0,-1000,0,1000,-1000,0,0,0,-2000
1535,中宇            ,0,2000,-2000,0,0,0,0,0,0,0,0,0,0,0,0,0,-2000
1587,吉茂            ,0,1000,-1000,0,0,0,0,0,0,-1000,0,1000,-1000,0,0,0,-2000
1233,天仁            ,0,2000,-2000,0,0,0,0,0,0,0,0,0,0,0,0,0,-2000
06459P,亞德客元富98售01,0,0,0,0,0,0,0,0,0,-2000,0,0,0,0,2000,-2000,-2000
06481P,台積電凱基98售12,0,0,0,0,0,0,0,0,0,-2000,0,0,0,0,2000,-2000,-2000
2459,敦吉            ,8000,7000,1000,0,0,0,0,0,0,-3000,0,3000,-3000,0,0,0,-2000
2015,豐興            ,139000,120000,19000,0,0,0,6000,0,6000,-27000,0,27000,-27000,0,0,0,-2000
2033,佳大            ,0,1000,-1000,0,0,0,0,0,0,-1000,0,1000,-1000,0,0,0,-2000
2034,允強            ,40000,42000,-2000,0,0,0,0,0,0,0,0,0,0,0,0,0,-2000
2114,鑫永銓          ,0,1000,-1000,0,0,0,0,0,0,-1000,0,1000,-1000,0,0,0,-2000
6579,研揚            ,0,1000,-1000,0,0,0,0,0,0,-1000,0,1000,-1000,0,0,0,-2000
8499,鼎炫-KY         ,16000,18000,-2000,0,0,0,0,0,0,0,0,0,0,0,0,0,-2000
8480,泰昇-KY         ,12000,14000,-2000,0,0,0,0,0,0,0,0,0,0,0,0,0,-2000
8374,羅昇            ,3000,4000,-1000,0,0,0,0,0,0,-1000,0,1000,-1000,0,0,0,-2000
8114,振樺電          ,7000,8000,-1000,0,0,0,0,0,0,-1000,0,1000,-1000,0,0,0,-2000
5284,jpp-KY          ,1000,3000,-2000,0,0,0,0,0,0,0,0,0,0,0,0,0,-2000
4572,駐龍            ,0,2000,-2000,0,0,0,0,0,0,0,0,0,0,0,0,0,-2000
4557,永新-KY         ,1000,3000,-2000,0,0,0,0,0,0,0,0,0,0,0,0,0,-2000
4133,亞諾法          ,33000,35000,-2000,0,0,0,0,0,0,0,0,0,0,0,0,0,-2000
3416,融程電          ,1000,3000,-2000,0,0,0,0,0,0,0,0,0,0,0,0,0,-2000
3058,立德            ,1000,3000,-2000,0,0,0,0,0,0,0,0,0,0,0,0,0,-2000
3296,勝德            ,0,0,0,0,0,0,0,0,0,-2000,0,2000,-2000,0,0,0,-2000
3528,安馳            ,2000,4000,-2000,0,0,0,0,0,0,0,0,0,0,0,0,0,-2000
056484,聯茂元大98購02  ,0,0,0,0,0,0,0,0,0,-3000,0,0,0,0,3000,-3000,-3000
05621P,聯電中信96售01  ,0,0,0,0,0,0,0,0,0,-3000,0,0,0,4000,7000,-3000,-3000
056149,亞光康和97購01  ,0,0,0,0,0,0,0,0,0,-3000,0,0,0,0,3000,-3000,-3000
056181,百和元富97購02  ,0,0,0,0,0,0,0,0,0,-3000,0,0,0,0,3000,-3000,-3000
056098,矽創元富97購02  ,0,0,0,0,0,0,0,0,0,-3000,0,0,0,35000,38000,-3000,-3000
056139,貿聯元大97購04  ,0,0,0,0,0,0,0,0,0,-3000,0,0,0,31000,34000,-3000,-3000
05586P,臺股指凱基96售15,0,0,0,0,0,0,0,0,0,-3000,0,0,0,0,3000,-3000,-3000
055720,宏達電元大97購05,0,0,0,0,0,0,0,0,0,-3000,0,0,0,23000,26000,-3000,-3000
054724,鴻海日盛97購02  ,0,0,0,0,0,0,0,0,0,-3000,0,0,0,68000,71000,-3000,-3000
054876,群電群益97購02  ,0,0,0,0,0,0,0,0,0,-3000,0,0,0,10000,13000,-3000,-3000
054348,康控國票97購03  ,0,0,0,0,0,0,0,0,0,-3000,0,0,0,22000,25000,-3000,-3000
0055,元大MSCI金融    ,0,0,0,0,0,0,0,0,0,-3000,0,0,0,0,3000,-3000,-3000
00668,國泰美國道瓊    ,0,0,0,0,0,0,0,0,0,-3000,0,0,0,1000,4000,-3000,-3000
03678P,欣興元大92售09  ,0,0,0,0,0,0,0,0,0,-3000,0,0,0,0,3000,-3000,-3000
044530,台積電富邦94購01,0,0,0,0,0,0,0,0,0,-3000,0,0,0,7000,10000,-3000,-3000
04052P,上銀國泰94售01  ,0,0,0,0,0,0,0,0,0,-3000,0,0,0,1000,4000,-3000,-3000
042801,達邁元大93購01  ,0,0,0,0,0,0,0,0,0,-3000,0,0,0,0,3000,-3000,-3000
042787,新日興兆豐93購01,0,0,0,0,0,0,0,0,0,-3000,0,0,0,8000,11000,-3000,-3000
047383,鴻海元大95購01  ,0,0,0,0,0,0,0,0,0,-3000,0,0,0,37000,40000,-3000,-3000
046891,南亞科群益93購01,0,0,0,0,0,0,0,0,0,-3000,0,0,0,0,3000,-3000,-3000
045381,南亞科元大92購03,0,0,0,0,0,0,0,0,0,-3000,0,0,0,0,3000,-3000,-3000
046881,智原富邦99購01  ,0,0,0,0,0,0,0,0,0,-3000,0,0,0,1000,4000,-3000,-3000
046673,樺漢元大93購01  ,0,0,0,0,0,0,0,0,0,-3000,0,0,0,0,3000,-3000,-3000
050340,鴻海統一94購07  ,0,0,0,0,0,0,0,0,0,-3000,0,0,0,26000,29000,-3000,-3000
050107,鴻海元大94購12  ,0,0,0,0,0,0,0,0,0,-3000,0,0,0,2000,5000,-3000,-3000
045644,祥碩凱基92購01  ,0,0,0,0,0,0,0,0,0,-3000,0,0,0,5000,8000,-3000,-3000
047194,世紀鋼元大96購01,0,0,0,0,0,0,0,0,0,-3000,0,0,0,57000,60000,-3000,-3000
04727P,臺股指凱基96售03,0,0,0,0,0,0,0,0,0,-3000,0,0,0,0,3000,-3000,-3000
049462,康友元富94購01  ,0,0,0,0,0,0,0,0,0,-3000,0,0,0,0,3000,-3000,-3000
049126,玉晶光元富94購02,0,0,0,0,0,0,0,0,0,-3000,0,0,0,10000,13000,-3000,-3000
049166,元油2X凱基97購02,0,0,0,0,0,0,0,0,0,-3000,0,0,0,0,3000,-3000,-3000
049258,美律元大94購03  ,0,0,0,0,0,0,0,0,0,-3000,0,0,0,300000,303000,-3000,-3000
050779,超眾元大96購03  ,0,0,0,0,0,0,0,0,0,-3000,0,0,0,50000,53000,-3000,-3000
048602,上緯控國票96購01,0,1000,-1000,0,0,0,0,0,0,-2000,0,0,0,1000,3000,-2000,-3000
048283,亞德客中信94購01,0,0,0,0,0,0,0,0,0,-3000,0,0,0,20000,23000,-3000,-3000
047774,台表科元大95購01,0,0,0,0,0,0,0,0,0,-3000,0,0,0,10000,13000,-3000,-3000
048860,玉晶光群益96購03,0,0,0,0,0,0,0,0,0,-3000,0,0,0,0,3000,-3000,-3000
049007,玉晶光中信96購01,0,0,0,0,0,0,0,0,0,-3000,0,0,0,128000,131000,-3000,-3000
050899,旭富元大95購01  ,0,0,0,0,0,0,0,0,0,-3000,0,0,0,30000,33000,-3000,-3000
051059,康普群益95購01  ,0,0,0,0,0,0,0,0,0,-3000,0,0,0,7000,10000,-3000,-3000
05110P,上銀統一95售01  ,0,0,0,0,0,0,0,0,0,-3000,0,0,0,2000,5000,-3000,-3000
052220,T50反1凱基98購01,0,0,0,0,0,0,0,0,0,-3000,0,0,0,0,3000,-3000,-3000
052233,台郡凱基96購01  ,0,0,0,0,0,0,0,0,0,-3000,0,0,0,0,3000,-3000,-3000
052606,聯發科元大97購04,0,0,0,0,0,0,0,0,0,-3000,0,0,0,31000,34000,-3000,-3000
052449,創意元大95購04  ,0,0,0,0,0,0,0,0,0,-3000,0,0,0,17000,20000,-3000,-3000
052447,聯發科元大96購04,0,0,0,0,0,0,0,0,0,-3000,0,0,0,0,3000,-3000,-3000
051432,群創元富99購03  ,0,0,0,0,0,0,0,0,0,-3000,0,0,0,0,3000,-3000,-3000
051294,鴻海元富95購06  ,0,0,0,0,0,0,0,0,0,-3000,0,0,0,0,3000,-3000,-3000
051840,康友國泰97購02  ,0,0,0,0,0,0,0,0,0,-3000,0,0,0,121000,124000,-3000,-3000
053441,旺宏凱基98購01  ,0,0,0,0,0,0,0,0,0,-3000,0,0,0,79000,82000,-3000,-3000
05338P,臺股指國票95售07,0,0,0,0,0,0,0,0,0,-3000,0,0,0,0,3000,-3000,-3000
053988,友達亞東96購01  ,0,0,0,0,0,0,0,0,0,-3000,0,0,0,0,3000,-3000,-3000
053786,新日興元大96購02,0,0,0,0,0,0,0,0,0,-3000,0,0,0,4000,7000,-3000,-3000
053782,京元電元大98購02,0,0,0,0,0,0,0,0,0,-3000,0,0,0,14000,17000,-3000,-3000
05371P,臺股指中信95售10,0,0,0,0,0,0,0,0,0,-3000,0,0,0,3000,6000,-3000,-3000
053089,貿聯元大97購02  ,0,0,0,0,0,0,0,0,0,-3000,0,0,0,61000,64000,-3000,-3000
053069,同欣電群益98購01,0,0,0,0,0,0,0,0,0,-3000,0,0,0,7000,10000,-3000,-3000
053004,燿華永豐96購01  ,0,0,0,0,0,0,0,0,0,-3000,0,0,0,1000,4000,-3000,-3000
053000,臺股指康和96購02,0,0,0,0,0,0,0,0,0,-3000,0,0,0,3000,6000,-3000,-3000
052962,台積電凱基97購03,0,0,0,0,0,0,0,0,0,-3000,0,0,0,2000,5000,-3000,-3000
052919,鈺齊富邦98購01  ,0,0,0,0,0,0,0,0,0,-3000,0,0,0,7000,10000,-3000,-3000
3011,今皓            ,0,0,0,0,0,0,0,0,0,-3000,0,3000,-3000,0,0,0,-3000
3054,立萬利          ,0,3000,-3000,0,0,0,0,0,0,0,0,0,0,0,0,0,-3000
3046,建碁            ,1000,3000,-2000,0,0,0,0,0,0,-1000,0,1000,-1000,0,0,0,-3000
4555,氣立            ,3000,6000,-3000,0,0,0,0,0,0,0,0,0,0,0,0,0,-3000
4755,三福化          ,0,3000,-3000,0,0,0,0,0,0,0,1000,1000,0,0,0,0,-3000
6172,互億            ,0,3000,-3000,0,0,0,0,0,0,0,0,0,0,0,0,0,-3000
6133,金橋            ,0,1000,-1000,0,0,0,0,0,0,-2000,1000,3000,-2000,0,0,0,-3000
8429,金麗-KY         ,11000,14000,-3000,0,0,0,0,0,0,0,0,0,0,0,0,0,-3000
6216,居易            ,0,3000,-3000,0,0,0,0,0,0,0,0,0,0,0,0,0,-3000
2115,六暉-KY         ,0,3000,-3000,0,0,0,0,0,0,0,1000,1000,0,0,0,0,-3000
2227,裕日車          ,35000,41000,-6000,0,0,0,1000,23000,-22000,25000,25000,0,25000,0,0,0,-3000
2038,海光            ,4000,7000,-3000,0,0,0,0,0,0,0,0,0,0,0,0,0,-3000
2032,新鋼            ,1000,4000,-3000,0,0,0,0,0,0,0,0,0,0,0,0,0,-3000
2440,太空梭          ,0,0,0,0,0,0,0,0,0,-3000,0,3000,-3000,0,0,0,-3000
2497,怡利電          ,3000,6000,-3000,0,0,0,0,0,0,0,0,0,0,0,0,0,-3000
2739,寒舍            ,0,3000,-3000,0,0,0,0,0,0,0,1000,1000,0,0,0,0,-3000
2630,亞航            ,0,2000,-2000,0,0,0,0,0,0,-1000,0,1000,-1000,0,0,0,-3000
2616,山隆            ,4000,7000,-3000,0,0,0,0,0,0,0,0,0,0,0,0,0,-3000
1110,東泥            ,0,5000,-5000,0,0,0,0,0,0,2000,2000,0,2000,0,0,0,-3000
1410,南染            ,1000,3000,-2000,0,0,0,0,0,0,-1000,0,1000,-1000,0,0,0,-3000
1435,中福            ,0,3000,-3000,0,0,0,0,0,0,0,0,0,0,0,0,0,-3000
06247P,同欣電元富97售02,0,0,0,0,0,0,0,0,0,-3000,0,0,0,13000,16000,-3000,-3000
06071P,大立光永豐97售01,0,0,0,0,0,0,0,0,0,-3000,0,0,0,272000,275000,-3000,-3000
06105P,國巨國票98售02  ,0,0,0,0,0,0,0,0,0,-3000,0,0,0,35000,38000,-3000,-3000
06097P,茂林永豐97售01  ,0,0,0,0,0,0,0,0,0,-3000,0,0,0,50000,53000,-3000,-3000
06148P,台積電元大97售17,0,0,0,0,0,0,0,0,0,-3000,0,0,0,33000,36000,-3000,-3000
05691P,聯發科中信98售01,0,0,0,0,0,0,0,0,0,-3000,0,0,0,0,3000,-3000,-3000
05658P,日月光元富96售02,0,0,0,0,0,0,0,0,0,-3000,0,0,0,2000,5000,-3000,-3000
05664P,國巨凱基96售09  ,0,0,0,0,0,0,0,0,0,-3000,0,0,0,0,3000,-3000,-3000
05899P,臺股指凱基96售30,0,0,0,0,0,0,0,0,0,-3000,0,0,0,4000,7000,-3000,-3000
05969P,台積電台新96售04,0,0,0,0,0,0,0,0,0,-3000,0,0,0,0,3000,-3000,-3000
054325,奇力新台新97購03,0,0,0,0,0,0,0,0,0,-4000,0,0,0,0,4000,-4000,-4000
054253,宏達電元大97購03,0,0,0,0,0,0,0,0,0,-4000,0,0,0,0,4000,-4000,-4000
054111,緯穎凱基97購01  ,0,0,0,0,0,0,0,0,0,-4000,0,0,0,47000,51000,-4000,-4000
054386,鴻海統一98購03  ,0,0,0,0,0,0,0,0,0,-4000,0,0,0,2000,6000,-4000,-4000
054355,上海銀富邦98購01,0,0,0,0,0,0,0,0,0,-4000,0,0,0,0,4000,-4000,-4000
05445P,聯詠元大95售05  ,0,0,0,0,0,0,0,0,0,-4000,0,0,0,3000,7000,-4000,-4000
05485P,旺宏凱基95售08  ,0,0,0,0,0,0,0,0,0,-4000,0,0,0,5000,9000,-4000,-4000
054803,味全元大9A購01  ,0,0,0,0,0,0,0,0,0,-4000,0,0,0,30000,34000,-4000,-4000
055465,和大凱基97購03  ,0,0,0,0,0,0,0,0,0,-4000,0,0,0,12000,16000,-4000,-4000
056077,矽力元大97購07  ,0,0,0,0,0,0,0,0,0,-4000,0,0,0,31000,35000,-4000,-4000
056451,可成凱基99購01  ,0,0,0,0,0,0,0,0,0,-4000,0,0,0,0,4000,-4000,-4000
050356,緯穎群益94購05  ,0,0,0,0,0,0,0,0,0,-4000,0,0,0,93000,97000,-4000,-4000
046694,智邦凱基93購01  ,0,0,0,0,0,0,0,0,0,-4000,0,0,0,46000,50000,-4000,-4000
046947,禾伸堂元大93購01,0,0,0,0,0,0,0,0,0,-4000,0,0,0,0,4000,-4000,-4000
046949,群創元大99購01  ,0,0,0,0,0,0,0,0,0,-4000,0,0,0,205000,209000,-4000,-4000
045895,智伸科元大92購02,0,0,0,0,0,0,0,0,0,-4000,0,0,0,5000,9000,-4000,-4000
04227P,滬深2X永豐94售04,0,0,0,0,0,0,0,0,0,-4000,0,0,0,56000,60000,-4000,-4000
04234P,華通群益94售02  ,0,0,0,0,0,0,0,0,0,-4000,0,0,0,0,4000,-4000,-4000
04252P,台達電元富93售02,0,0,0,0,0,0,0,0,0,-4000,0,0,0,2000,6000,-4000,-4000
043775,友達兆豐92購01  ,0,0,0,0,0,0,0,0,0,-4000,0,0,0,7000,11000,-4000,-4000
00684R,元大美元指數反1 ,0,105000,-105000,0,0,0,0,0,0,101000,0,0,0,102000,1000,101000,-4000
00736,國泰新興市場    ,0,0,0,0,0,0,0,0,0,-4000,0,0,0,102000,106000,-4000,-4000
00742,新光內需收益    ,2000,2000,0,0,0,0,0,0,0,-4000,0,0,0,0,4000,-4000,-4000
051249,潤泰全元大95購01,0,0,0,0,0,0,0,0,0,-4000,0,0,0,53000,57000,-4000,-4000
047860,臺股指國票93購15,0,0,0,0,0,0,0,0,0,-4000,0,0,0,0,4000,-4000,-4000
048181,A50正2群益95購01,0,0,0,0,0,0,0,0,0,-4000,0,0,0,0,4000,-4000,-4000
05071P,鴻海統一96售05  ,0,0,0,0,0,0,0,0,0,-4000,0,0,0,0,4000,-4000,-4000
05072P,聯電元富95售02  ,0,0,0,0,0,0,0,0,0,-4000,0,0,0,2000,6000,-4000,-4000
048534,貿聯國票94購01  ,0,0,0,0,0,0,0,0,0,-4000,0,0,0,105000,109000,-4000,-4000
050530,台表科元大95購04,0,0,0,0,0,0,0,0,0,-4000,0,0,0,23000,27000,-4000,-4000
04965P,日月光元大94售02,0,0,0,0,0,0,0,0,0,-4000,0,0,0,0,4000,-4000,-4000
049273,臺股指元大94購08,0,0,0,0,0,0,0,0,0,-4000,0,0,0,0,4000,-4000,-4000
049583,台積電元大95購04,0,0,0,0,0,0,0,0,0,-4000,0,0,0,111000,115000,-4000,-4000
048505,滬深2X群益99購03,0,0,0,0,0,0,0,0,0,-4000,0,0,0,0,4000,-4000,-4000
053109,聯發科兆豐96購01,0,0,0,0,0,0,0,0,0,-4000,0,0,0,2000,6000,-4000,-4000
053189,聯發科統一96購05,0,0,0,0,0,0,0,0,0,-4000,0,0,0,56000,60000,-4000,-4000
053429,彩晶永豐96購01  ,0,0,0,0,0,0,0,0,0,-4000,0,0,0,0,4000,-4000,-4000
053609,華新中信9A購01  ,0,0,0,0,0,0,0,0,0,-4000,0,0,0,0,4000,-4000,-4000
05169P,玉晶光元大95售03,0,0,0,0,0,0,0,0,0,-4000,0,0,0,0,4000,-4000,-4000
051309,卜蜂麥證95購01  ,0,0,0,0,4000,-4000,0,0,0,-4000,0,0,0,0,4000,-4000,-4000
051451,世芯元大95購03  ,0,0,0,0,0,0,0,0,0,-4000,0,0,0,7000,11000,-4000,-4000
051558,元金2X國泰97購01,0,0,0,0,0,0,0,0,0,-4000,0,0,0,12000,16000,-4000,-4000
05229P,台積電群益95售05,0,0,0,0,0,0,0,0,0,-4000,0,0,0,68000,72000,-4000,-4000
052040,臺股指永昌95購01,0,0,0,0,0,0,0,0,0,-4000,0,0,0,0,4000,-4000,-4000
052129,鴻海凱基97購02  ,0,0,0,0,0,0,0,0,0,-4000,0,0,0,16000,20000,-4000,-4000
05909P,康友元富96售02  ,0,0,0,0,0,0,0,0,0,-4000,0,0,0,1000,5000,-4000,-4000
056615,燿華永豐98購02  ,0,0,0,0,0,0,0,0,0,-4000,0,0,0,0,4000,-4000,-4000
06116P,臺股指日盛97售01,0,0,0,0,0,0,0,0,0,-4000,0,0,0,0,4000,-4000,-4000
06327P,台積電中信01售01,0,0,0,0,0,0,0,0,0,-4000,0,0,0,1000,5000,-4000,-4000
06261P,上銀凱基97售03  ,0,0,0,0,0,0,0,0,0,-4000,0,0,0,1000,5000,-4000,-4000
1432,大魯閣          ,7000,11000,-4000,0,0,0,0,0,0,0,0,0,0,0,0,0,-4000
1447,力鵬            ,22000,23000,-1000,0,0,0,0,0,0,-3000,0,3000,-3000,0,0,0,-4000
1235,興泰            ,0,3000,-3000,0,0,0,0,0,0,-1000,0,1000,-1000,0,0,0,-4000
1416,廣豐            ,0,2000,-2000,0,0,0,0,0,0,-2000,0,2000,-2000,0,0,0,-4000
1517,利奇            ,0,4000,-4000,0,0,0,0,0,0,0,0,0,0,0,0,0,-4000
1528,恩德            ,1000,3000,-2000,0,0,0,0,0,0,-2000,0,2000,-2000,0,0,0,-4000
1731,美吾華          ,1000,4000,-3000,0,0,0,0,0,0,-1000,0,1000,-1000,0,0,0,-4000
06477P,緯穎國票99售02  ,0,0,0,0,0,0,0,0,0,-4000,0,0,0,0,4000,-4000,-4000
2506,太設            ,2000,4000,-2000,0,0,0,0,0,0,-2000,0,2000,-2000,0,0,0,-4000
1903,士紙            ,0,4000,-4000,0,0,0,0,0,0,0,0,0,0,0,0,0,-4000
1786,科妍            ,22000,23000,-1000,0,0,0,0,0,0,-3000,1000,4000,-3000,0,0,0,-4000
6281,全國電          ,3000,4000,-1000,0,0,0,0,0,0,-3000,0,3000,-3000,0,0,0,-4000
6581,鋼聯            ,0,4000,-4000,0,0,0,0,0,0,0,0,0,0,0,0,0,-4000
6674,鋐寶科技        ,0,0,0,0,0,0,0,0,0,-4000,0,4000,-4000,0,0,0,-4000
4952,凌通            ,14000,18000,-4000,0,0,0,0,0,0,0,0,0,0,0,0,0,-4000
4108,懷特            ,23000,27000,-4000,0,0,0,0,0,0,0,0,0,0,0,0,0,-4000
056445,聯發科凱基98購07,0,0,0,0,0,0,0,0,0,-5000,0,0,0,27000,32000,-5000,-5000
056465,臺股指凱基99購07,0,0,0,0,0,0,0,0,0,-5000,0,0,0,0,5000,-5000,-5000
056406,建準國票99購01  ,0,0,0,0,0,0,0,0,0,-5000,0,0,0,0,5000,-5000,-5000
05651P,大立光元大97售02,0,0,0,0,0,0,0,0,0,-5000,0,0,0,223000,228000,-5000,-5000
056297,台光電元大97購04,0,0,0,0,0,0,0,0,0,-5000,0,0,0,67000,72000,-5000,-5000
055961,國泰金元大97購01,0,0,0,0,0,0,0,0,0,-5000,0,0,0,0,5000,-5000,-5000
055511,大立光兆豐97購02,0,0,0,0,0,0,0,0,0,-5000,0,0,0,0,5000,-5000,-5000
055541,聚陽凱基98購01  ,0,0,0,0,0,0,0,0,0,-5000,0,0,0,0,5000,-5000,-5000
055564,茂林凱基98購01  ,0,0,0,0,0,0,0,0,0,-5000,0,0,0,10000,15000,-5000,-5000
055355,大立光凱基97購05,0,0,0,0,0,0,0,0,0,-5000,0,0,0,0,5000,-5000,-5000
055404,超眾元富97購01  ,0,0,0,0,0,0,0,0,0,-5000,0,0,0,0,5000,-5000,-5000
055716,致茂元大97購01  ,0,0,0,0,0,0,0,0,0,-5000,0,0,0,0,5000,-5000,-5000
055889,鴻海統一97購05  ,0,0,0,0,0,0,0,0,0,-5000,0,0,0,56000,61000,-5000,-5000
054870,新日興群益98購01,0,0,0,0,0,0,0,0,0,-5000,0,0,0,36000,41000,-5000,-5000
055271,鴻海元大98購03  ,0,0,0,0,0,0,0,0,0,-5000,0,0,0,30000,35000,-5000,-5000
054459,鈺齊群益96購01  ,0,0,0,0,0,0,0,0,0,-5000,0,0,0,0,5000,-5000,-5000
054475,鴻海中信96購04  ,0,0,0,0,0,0,0,0,0,-5000,0,0,0,0,5000,-5000,-5000
054472,道瓊反中信9A購01,0,0,0,0,0,0,0,0,0,-5000,0,0,0,0,5000,-5000,-5000
054409,亞光國票97購02  ,0,0,0,0,0,0,0,0,0,-5000,0,0,0,0,5000,-5000,-5000
054659,亞光元大97購02  ,0,0,0,0,0,0,0,0,0,-5000,0,0,0,0,5000,-5000,-5000
05453P,智邦群益95售03  ,0,0,0,0,0,0,0,0,0,-5000,0,0,0,0,5000,-5000,-5000
054106,元油反凱基9C購01,0,0,0,0,0,0,0,0,0,-5000,0,0,0,0,5000,-5000,-5000
05409P,京元電元富95售05,0,0,0,0,0,0,0,0,0,-5000,0,0,0,3000,8000,-5000,-5000
054039,元油反元大96購08,0,0,0,0,0,0,0,0,0,-5000,0,0,0,1996000,2001000,-5000,-5000
05417P,燿華永豐95售07  ,0,0,0,0,0,0,0,0,0,-5000,0,0,0,32000,37000,-5000,-5000
054252,奇力新元大96購04,0,0,0,0,0,0,0,0,0,-5000,0,0,0,108000,113000,-5000,-5000
054239,台郡群益96購02  ,0,0,0,0,0,0,0,0,0,-5000,0,0,0,5000,10000,-5000,-5000
054270,寶滬深中信98購01,0,0,0,0,0,0,0,0,0,-5000,0,0,0,1000,6000,-5000,-5000
054334,超眾永豐96購04  ,0,0,0,0,0,0,0,0,0,-5000,0,0,0,0,5000,-5000,-5000
03595P,聯發科凱基02售11,0,0,0,0,0,0,0,0,0,-5000,0,0,0,0,5000,-5000,-5000
043891,羅麗芬元大94購01,0,0,0,0,0,0,0,0,0,-5000,0,0,0,0,5000,-5000,-5000
04098P,臺股指國票93售05,0,0,0,0,0,0,0,0,0,-5000,0,0,0,0,5000,-5000,-5000
04244P,可成元大93售12  ,0,0,0,0,0,0,0,0,0,-5000,0,0,0,0,5000,-5000,-5000
046319,新日興元大92購03,0,0,0,0,0,0,0,0,0,-5000,0,0,0,6000,11000,-5000,-5000
04626P,聯發科元大94售07,0,0,0,0,0,0,0,0,0,-5000,0,0,0,10000,15000,-5000,-5000
046886,喬山群益93購01  ,0,0,0,0,0,0,0,0,0,-5000,0,0,0,0,5000,-5000,-5000
04653P,臺股指凱基94售12,0,0,0,0,0,0,0,0,0,-5000,0,0,0,40000,45000,-5000,-5000
045108,康友群益93購02  ,0,0,0,0,0,0,0,0,0,-5000,0,0,0,0,5000,-5000,-5000
050468,矽格中信94購01  ,0,0,0,0,0,0,0,0,0,-5000,0,0,0,0,5000,-5000,-5000
050125,中環凱基94購01  ,0,0,0,0,0,0,0,0,0,-5000,0,0,0,0,5000,-5000,-5000
05012P,台積電元大95售07,0,0,0,0,0,0,0,0,0,-5000,0,0,0,0,5000,-5000,-5000
050234,國巨凱基94購10  ,0,0,0,0,0,0,0,0,0,-5000,0,0,0,38000,43000,-5000,-5000
04711P,台光電元大94售05,0,0,0,0,0,0,0,0,0,-5000,0,0,0,25000,30000,-5000,-5000
04713P,創意元大95售01  ,0,0,0,0,0,0,0,0,0,-5000,0,0,0,0,5000,-5000,-5000
04563P,可成凱基94售05  ,0,0,0,0,0,0,0,0,0,-5000,0,0,0,4000,9000,-5000,-5000
045669,華通元大93購02  ,0,0,0,0,0,0,0,0,0,-5000,0,0,0,0,5000,-5000,-5000
045665,聯電元富92購01  ,0,0,0,0,0,0,0,0,0,-5000,0,0,0,85000,90000,-5000,-5000
046999,康控富邦99購01  ,0,0,0,0,0,0,0,0,0,-5000,0,0,0,23000,28000,-5000,-5000
045516,聯茂統一94購01  ,0,0,0,0,0,0,0,0,0,-5000,0,0,0,0,5000,-5000,-5000
048719,亞光永豐94購01  ,0,0,0,0,0,0,0,0,0,-5000,0,0,0,25000,30000,-5000,-5000
04958P,和大凱基94售04  ,0,0,0,0,0,0,0,0,0,-5000,0,0,0,11000,16000,-5000,-5000
04889P,華通元大94售03  ,0,0,0,0,0,0,0,0,0,-5000,0,0,0,0,5000,-5000,-5000
049299,矽創群益94購01  ,0,0,0,0,0,0,0,0,0,-5000,0,0,0,5000,10000,-5000,-5000
047635,華新元大93購01  ,0,0,0,0,0,0,0,0,0,-5000,0,0,0,0,5000,-5000,-5000
050711,TPK中信94購01   ,0,0,0,0,0,0,0,0,0,-5000,0,0,0,0,5000,-5000,-5000
048194,華邦電元大94購04,0,0,0,0,0,0,0,0,0,-5000,0,0,0,35000,40000,-5000,-5000
048292,微星群益93購01  ,0,0,0,0,0,0,0,0,0,-5000,0,0,0,0,5000,-5000,-5000
048310,台達電凱基93購05,0,0,0,0,0,0,0,0,0,-5000,0,0,0,0,5000,-5000,-5000
048267,元金反中信93購01,0,0,0,0,0,0,0,0,0,-5000,0,0,0,0,5000,-5000,-5000
048786,瑞昱元大94購02  ,0,0,0,0,0,0,0,0,0,-5000,0,0,0,3000,8000,-5000,-5000
048871,晶豪科國票94購01,0,0,0,0,0,0,0,0,0,-5000,0,0,0,70000,75000,-5000,-5000
049908,鴻海元大94購08  ,0,0,0,0,0,0,0,0,0,-5000,0,0,0,20000,25000,-5000,-5000
049974,聯發科日盛94購02,0,0,0,0,0,0,0,0,0,-5000,0,0,0,0,5000,-5000,-5000
051279,喬山兆豐96購01  ,0,0,0,0,0,0,0,0,0,-5000,0,0,0,0,5000,-5000,-5000
051264,道瓊反富邦97購01,0,0,0,0,0,0,0,0,0,-5000,0,0,0,0,5000,-5000,-5000
050954,樺漢群益95購01  ,0,0,0,0,0,0,0,0,0,-5000,0,0,0,0,5000,-5000,-5000
05085P,鴻海日盛95售01  ,0,0,0,0,0,0,0,0,0,-5000,0,0,0,0,5000,-5000,-5000
04893P,創意元大94售03  ,0,0,0,0,0,0,0,0,0,-5000,0,0,0,76000,81000,-5000,-5000
049000,元油2X中信95購02,0,0,0,0,0,0,0,0,0,-5000,0,0,0,0,5000,-5000,-5000
048122,台達電元大96購02,0,0,0,0,0,0,0,0,0,-5000,0,0,0,1000,6000,-5000,-5000
052171,台積電元大95購21,0,0,0,0,0,0,0,0,0,-5000,0,0,0,123000,128000,-5000,-5000
052179,康友元大95購03  ,0,0,0,0,0,0,0,0,0,-5000,0,0,0,0,5000,-5000,-5000
052351,中環元富95購01  ,0,0,0,0,0,0,0,0,0,-5000,0,0,0,0,5000,-5000,-5000
052235,聯發科國票96購02,0,0,0,0,0,0,0,0,0,-5000,0,0,0,2000,7000,-5000,-5000
052291,鴻海元富97購02  ,0,0,0,0,0,0,0,0,0,-5000,0,0,0,0,5000,-5000,-5000
052286,力成凱基95購02  ,0,0,0,0,0,0,0,0,0,-5000,0,0,0,70000,75000,-5000,-5000
052454,力成元大95購02  ,0,0,0,0,0,0,0,0,0,-5000,0,0,0,5000,10000,-5000,-5000
052459,道瓊反統一95購04,0,0,0,0,0,0,0,0,0,-5000,0,0,0,0,5000,-5000,-5000
052692,滬深2X中信99購02,0,0,0,0,0,0,0,0,0,-5000,0,0,0,0,5000,-5000,-5000
051476,聯發科凱基95購09,0,0,0,0,0,0,0,0,0,-5000,0,0,0,42000,47000,-5000,-5000
05147P,鴻海元大95售11  ,0,0,0,0,0,0,0,0,0,-5000,0,0,0,92000,97000,-5000,-5000
051503,玉晶光統一97購01,0,0,0,0,0,0,0,0,0,-5000,0,0,0,5000,10000,-5000,-5000
051870,台郡凱基95購04  ,0,0,0,0,0,0,0,0,0,-5000,0,0,0,0,5000,-5000,-5000
051868,貿聯凱基96購01  ,0,0,0,0,0,0,0,0,0,-5000,0,0,0,0,5000,-5000,-5000
051971,元金2X凱基97購02,0,0,0,0,0,0,0,0,0,-5000,0,0,0,0,5000,-5000,-5000
051999,勤誠元大95購01  ,0,0,0,0,0,0,0,0,0,-5000,0,0,0,2000,7000,-5000,-5000
053567,群創富邦97購01  ,0,0,0,0,0,0,0,0,0,-5000,0,0,0,15000,20000,-5000,-5000
053491,鴻海兆豐97購02  ,0,0,0,0,0,0,0,0,0,-5000,0,0,0,0,5000,-5000,-5000
053530,聯發科康和96購01,0,0,0,0,0,0,0,0,0,-5000,0,0,0,0,5000,-5000,-5000
05350P,可成元富98售04  ,0,0,0,0,0,0,0,0,0,-5000,0,0,0,0,5000,-5000,-5000
053781,友達元大9B購03  ,0,0,0,0,0,0,0,0,0,-5000,0,0,0,136000,141000,-5000,-5000
053053,京元電國票97購02,0,0,0,0,0,0,0,0,0,-5000,0,0,0,0,5000,-5000,-5000
052742,可成元大96購01  ,0,0,0,0,0,0,0,0,0,-5000,0,0,0,69000,74000,-5000,-5000
4155,訊映            ,37000,42000,-5000,0,0,0,0,0,0,0,0,0,0,0,0,0,-5000
4526,東台            ,4000,8000,-4000,0,0,0,0,0,0,-1000,0,1000,-1000,0,0,0,-5000
3027,盛達            ,5000,9000,-4000,0,0,0,0,0,0,-1000,0,1000,-1000,0,0,0,-5000
2906,高林            ,0,4000,-4000,0,0,0,0,0,0,-1000,0,1000,-1000,0,0,0,-5000
3164,景岳            ,0,4000,-4000,0,0,0,0,0,0,-1000,0,1000,-1000,0,0,0,-5000
6582,申豐            ,6000,16000,-10000,0,0,0,0,0,0,5000,6000,1000,5000,0,0,0,-5000
6591,動力-KY         ,118000,119000,-1000,0,0,0,0,0,0,-4000,0,4000,-4000,0,0,0,-5000
8411,福貞-KY         ,1000,6000,-5000,0,0,0,0,0,0,0,1000,1000,0,0,0,0,-5000
8367,建新國際        ,4000,7000,-3000,0,0,0,0,0,0,-2000,0,2000,-2000,0,0,0,-5000
2509,全坤建          ,0,5000,-5000,0,0,0,0,0,0,0,0,0,0,0,0,0,-5000
2483,百容            ,0,4000,-4000,0,0,0,0,0,0,-1000,0,1000,-1000,0,0,0,-5000
2539,櫻花建          ,15000,22000,-7000,0,0,0,0,0,0,2000,3000,1000,2000,0,0,0,-5000
06486P,麗豐元大98售02  ,0,0,0,0,0,0,0,0,0,-5000,0,0,0,0,5000,-5000,-5000
06491P,台積電富邦99售02,0,0,0,0,0,0,0,0,0,-5000,0,0,0,0,5000,-5000,-5000
1219,福壽            ,2000,7000,-5000,0,0,0,0,0,0,0,0,0,0,0,0,0,-5000
1220,台榮            ,0,6000,-6000,0,0,0,0,0,0,1000,1000,0,1000,0,0,0,-5000
06447P,上銀元大98售01  ,0,0,0,0,0,0,0,0,0,-5000,0,0,0,0,5000,-5000,-5000
06437P,玉晶光國票99售01,0,0,0,0,0,0,0,0,0,-5000,0,0,0,0,5000,-5000,-5000
1513,中興電          ,384000,385000,-1000,0,0,0,0,0,0,-4000,0,4000,-4000,0,0,0,-5000
06284P,台積電國票98售03,0,0,0,0,0,0,0,0,0,-5000,0,0,0,0,5000,-5000,-5000
06364P,鴻海凱基97售08  ,0,0,0,0,0,0,0,0,0,-5000,0,0,0,15000,20000,-5000,-5000
06240P,奇力新元富97售03,0,0,0,0,0,0,0,0,0,-5000,0,0,0,1000,6000,-5000,-5000
06126P,凌陽元富97售02  ,0,0,0,0,0,0,0,0,0,-5000,0,0,0,10000,15000,-5000,-5000
06047P,聯發科富邦99售04,0,0,0,0,0,0,0,0,0,-5000,0,0,0,25000,30000,-5000,-5000
06025P,臺股指元大99售02,0,0,0,0,0,0,0,0,0,-5000,0,0,0,0,5000,-5000,-5000
05992P,華通元大96售05  ,0,0,0,0,0,0,0,0,0,-5000,0,0,0,0,5000,-5000,-5000
05787P,臺股指永昌96售04,0,0,0,0,0,0,0,0,0,-5000,90000,0,90000,0,95000,-95000,-5000
05973P,聯詠元大96售06  ,0,0,0,0,0,0,0,0,0,-5000,0,0,0,3000,8000,-5000,-5000
05842P,台積電元大96售15,0,0,0,0,0,0,0,0,0,-5000,0,0,0,240000,245000,-5000,-5000
054284,和大元大96購03  ,0,0,0,0,0,0,0,0,0,-6000,0,0,0,9000,15000,-6000,-6000
054295,世芯元大96購03  ,0,0,0,0,0,0,0,0,0,-6000,0,0,0,5000,11000,-6000,-6000
054157,國巨亞東96購01  ,0,0,0,0,0,0,0,0,0,-6000,0,0,0,1260000,1266000,-6000,-6000
054569,GIS群益98購01   ,0,0,0,0,0,0,0,0,0,-6000,0,0,0,5000,11000,-6000,-6000
054399,智易永豐96購03  ,0,0,0,0,0,0,0,0,0,-6000,0,0,0,0,6000,-6000,-6000
054417,牧德元大96購01  ,0,0,0,0,0,0,0,0,0,-6000,0,0,0,14000,20000,-6000,-6000
054391,宏達電元富96購04,0,0,0,0,0,0,0,0,0,-6000,0,0,0,0,6000,-6000,-6000
054444,緯穎台新97購01  ,0,0,0,0,0,0,0,0,0,-6000,0,0,0,0,6000,-6000,-6000
054763,宏達電國票99購01,0,0,0,0,0,0,0,0,0,-6000,0,0,0,0,6000,-6000,-6000
055740,智易元富97購01  ,0,0,0,0,0,0,0,0,0,-6000,0,0,0,0,6000,-6000,-6000
055614,華新科國票97購02,0,0,0,0,0,0,0,0,0,-6000,0,0,0,80000,86000,-6000,-6000
055354,宏達電凱基98購01,0,0,0,0,0,0,0,0,0,-6000,0,0,0,0,6000,-6000,-6000
055303,鈺齊元大97購01  ,0,0,0,0,0,0,0,0,0,-6000,0,0,0,3000,9000,-6000,-6000
055549,旺宏凱基97購03  ,0,0,0,0,0,0,0,0,0,-6000,0,0,0,13000,19000,-6000,-6000
055524,鴻海群益98購01  ,0,0,0,0,0,0,0,0,0,-6000,0,0,0,5000,11000,-6000,-6000
056500,大立光富邦9B購02,0,0,0,0,0,0,0,0,0,-6000,0,0,0,1002000,1008000,-6000,-6000
045567,滬深2X富邦93購01,0,0,0,0,0,0,0,0,0,-6000,0,0,0,4000,10000,-6000,-6000
047114,全新元大94購01  ,0,0,0,0,0,0,0,0,0,-6000,0,0,0,0,6000,-6000,-6000
04735P,聯茂兆豐94售01  ,0,0,0,0,0,0,0,0,0,-6000,0,0,0,2000,8000,-6000,-6000
049319,GIS凱基94購03   ,0,0,0,0,0,0,0,0,0,-6000,0,0,0,82000,88000,-6000,-6000
046491,滬深2X富邦95購02,0,0,0,0,0,0,0,0,0,-6000,0,0,0,344000,350000,-6000,-6000
046824,祥碩凱基93購06  ,0,0,0,0,0,0,0,0,0,-6000,0,0,0,0,6000,-6000,-6000
046220,滬深2X元大95購03,0,0,0,0,0,0,0,0,0,-6000,0,0,0,0,6000,-6000,-6000
046149,宏達電國票93購01,0,0,0,0,0,0,0,0,0,-6000,0,0,0,0,6000,-6000,-6000
047396,力成元大93購01  ,0,0,0,0,0,0,0,0,0,-6000,0,0,0,1000,7000,-6000,-6000
044247,道瓊反元富97購01,0,0,0,0,0,0,0,0,0,-6000,0,0,0,0,6000,-6000,-6000
042037,台灣50群益93購03,0,0,0,0,0,0,0,0,0,-6000,0,0,0,0,6000,-6000,-6000
04417P,光罩國泰95售02  ,0,0,0,0,0,0,0,0,0,-6000,0,0,0,0,6000,-6000,-6000
04054P,滬深2X富邦96售02,0,0,0,0,0,0,0,0,0,-6000,0,0,0,0,6000,-6000,-6000
051077,台郡國泰96購02  ,0,0,0,0,0,0,0,0,0,-6000,0,0,0,24000,30000,-6000,-6000
048792,瑞儀元大94購01  ,0,0,0,0,0,0,0,0,0,-6000,0,0,0,0,6000,-6000,-6000
048273,南電富邦97購01  ,0,0,0,0,0,0,0,0,0,-6000,0,0,0,20000,26000,-6000,-6000
048227,亞光凱基93購05  ,0,0,0,0,0,0,0,0,0,-6000,0,0,0,11000,17000,-6000,-6000
048615,貿聯凱基93購04  ,0,0,0,0,0,0,0,0,0,-6000,0,0,0,0,6000,-6000,-6000
047707,南亞科凱基93購03,0,0,0,0,0,0,0,0,0,-6000,0,0,0,0,6000,-6000,-6000
050812,台積電凱基95購01,0,0,0,0,0,0,0,0,0,-6000,0,0,0,0,6000,-6000,-6000
049589,奇力新元大95購02,0,0,0,0,0,0,0,0,0,-6000,0,0,0,2000,8000,-6000,-6000
052798,滬深2X元大96購07,0,0,0,0,0,0,0,0,0,-6000,0,0,0,24000,30000,-6000,-6000
053129,緯穎凱基96購01  ,0,0,0,0,0,0,0,0,0,-6000,0,0,0,59000,65000,-6000,-6000
053243,楠梓電國票97購02,0,0,0,0,0,0,0,0,0,-6000,0,0,0,60000,66000,-6000,-6000
053287,臺股指元大96購15,0,0,0,0,0,0,0,0,0,-6000,0,0,0,2000,8000,-6000,-6000
053656,可成凱基96購06  ,0,0,0,0,0,0,0,0,0,-6000,0,0,0,6000,12000,-6000,-6000
051977,泰碩凱基95購01  ,0,0,0,0,0,0,0,0,0,-6000,0,0,0,4000,10000,-6000,-6000
051933,嘉聯益國票97購03,0,0,0,0,0,0,0,0,0,-6000,0,0,0,2000,8000,-6000,-6000
051686,宏達電凱基95購04,0,0,0,0,0,0,0,0,0,-6000,0,0,0,0,6000,-6000,-6000
051822,和碩元富95購01  ,0,0,0,0,0,0,0,0,0,-6000,0,0,0,24000,30000,-6000,-6000
051766,泰鼎元大95購02  ,0,0,0,0,0,0,0,0,0,-6000,0,0,0,2000,8000,-6000,-6000
05154P,台積電兆豐95售05,0,0,0,0,0,0,0,0,0,-6000,0,0,0,0,6000,-6000,-6000
051402,玉晶光永豐95購04,0,0,0,0,0,0,0,0,0,-6000,0,0,0,10000,16000,-6000,-6000
05257P,欣興凱基95售04  ,0,0,0,0,0,0,0,0,0,-6000,0,0,0,203000,209000,-6000,-6000
052615,鴻海國泰98購01  ,0,0,0,0,0,0,0,0,0,-6000,0,0,0,0,6000,-6000,-6000
052457,日月光元富95購01,0,0,0,0,0,0,0,0,0,-6000,0,0,0,11000,17000,-6000,-6000
052378,矽力元大96購01  ,0,0,0,0,0,0,0,0,0,-6000,0,0,0,14000,20000,-6000,-6000
05812P,臺股指國票96售05,0,0,0,0,0,0,0,0,0,-6000,0,0,0,0,6000,-6000,-6000
05996P,華新科群益96售03,0,0,0,0,0,0,0,0,0,-6000,0,0,0,0,6000,-6000,-6000
05779P,台積電統一96售06,0,0,0,0,0,0,0,0,0,-6000,0,0,0,0,6000,-6000,-6000
06122P,亞光元大98售01  ,0,0,0,0,0,0,0,0,0,-6000,0,0,0,1000,7000,-6000,-6000
06207P,聯發科凱基97售07,0,0,0,0,0,0,0,0,0,-6000,0,0,0,10000,16000,-6000,-6000
1521,大億            ,3000,8000,-5000,0,0,0,0,0,0,-1000,0,1000,-1000,0,0,0,-6000
1323,永裕            ,1000,7000,-6000,0,0,0,0,0,0,0,0,0,0,0,0,0,-6000
2013,中鋼構          ,11000,17000,-6000,0,0,0,0,0,0,0,0,0,0,0,0,0,-6000
2029,盛餘            ,4000,9000,-5000,0,0,0,0,0,0,-1000,0,1000,-1000,0,0,0,-6000
8497,格威傳媒        ,1000,5000,-4000,0,0,0,0,0,0,-2000,0,2000,-2000,0,0,0,-6000
3305,昇貿            ,3000,9000,-6000,0,0,0,0,0,0,0,1000,1000,0,0,0,0,-6000
3494,誠研            ,4000,9000,-5000,0,0,0,0,0,0,-1000,0,1000,-1000,0,0,0,-6000
4438,廣越            ,1000,12000,-11000,0,0,0,5000,0,5000,0,1000,2000,-1000,1000,0,1000,-6000
4148,全宇生技-KY     ,6000,12000,-6000,0,0,0,0,0,0,0,0,0,0,0,0,0,-6000
056418,台光電元富98購01,0,0,0,0,0,0,0,0,0,-7000,0,0,0,41000,48000,-7000,-7000
055931,冠德群益97購02  ,0,0,0,0,0,0,0,0,0,-7000,0,0,0,43000,50000,-7000,-7000
056132,台光電元大97購03,0,0,0,0,0,0,0,0,0,-7000,0,0,0,0,7000,-7000,-7000
055572,鴻海統一98購04  ,0,0,0,0,0,0,0,0,0,-7000,0,0,0,0,7000,-7000,-7000
055589,台光電元大98購04,0,0,0,0,0,0,0,0,0,-7000,0,0,0,0,7000,-7000,-7000
055230,大毅國票98購01  ,0,0,0,0,0,0,0,0,0,-7000,0,0,0,50000,57000,-7000,-7000
054471,T50反1中信9C購01,0,0,0,0,0,0,0,0,0,-7000,0,0,0,5000,12000,-7000,-7000
054365,遠東新中信96購01,0,0,0,0,0,0,0,0,0,-7000,0,0,0,93000,100000,-7000,-7000
054564,玉晶光群益99購01,0,0,0,0,0,0,0,0,0,-7000,0,0,0,36000,43000,-7000,-7000
054584,貿聯元富97購01  ,0,0,0,0,0,0,0,0,0,-7000,0,0,0,144000,151000,-7000,-7000
044622,旺宏元大92購06  ,0,0,0,0,0,0,0,0,0,-7000,0,0,0,11000,18000,-7000,-7000
04350P,欣興國票94售01  ,0,0,0,0,0,0,0,0,0,-7000,0,0,0,13000,20000,-7000,-7000
04475P,欣興元大94售03  ,0,0,0,0,0,0,0,0,0,-7000,0,0,0,34000,41000,-7000,-7000
04003P,麗豐凱基94售03  ,0,0,0,0,0,0,0,0,0,-7000,0,0,0,23000,30000,-7000,-7000
044950,玉晶光群益94購01,0,0,0,0,0,0,0,0,0,-7000,0,0,0,0,7000,-7000,-7000
046758,聯發科凱基93購05,0,0,0,0,0,0,0,0,0,-7000,0,0,0,40000,47000,-7000,-7000
04647P,上海銀凱基94售04,0,0,0,0,0,0,0,0,0,-7000,0,0,0,0,7000,-7000,-7000
050359,T50反1元大94購05,0,0,0,0,0,0,0,0,0,-7000,0,0,0,0,7000,-7000,-7000
04708P,國巨元大94售11  ,0,0,0,0,0,0,0,0,0,-7000,0,0,0,0,7000,-7000,-7000
045633,南亞科凱基92購02,0,0,0,0,0,0,0,0,0,-7000,0,0,0,0,7000,-7000,-7000
049270,台表科元大95購02,0,0,0,0,0,0,0,0,0,-7000,0,0,0,0,7000,-7000,-7000
049154,玉晶光元大95購02,0,0,0,0,0,0,0,0,0,-7000,0,0,0,3000,10000,-7000,-7000
050547,華新科凱基95購01,0,0,0,0,0,0,0,0,0,-7000,0,0,0,0,7000,-7000,-7000
047772,泰鼎元大93購05  ,0,0,0,0,0,0,0,0,0,-7000,0,0,0,45000,52000,-7000,-7000
049921,大立光元大94購16,0,0,0,0,0,0,0,0,0,-7000,0,0,0,3000,10000,-7000,-7000
051211,道瓊反統一95購01,0,0,0,0,0,0,0,0,0,-7000,0,0,0,0,7000,-7000,-7000
04812P,國巨元大95售03  ,0,0,0,0,0,0,0,0,0,-7000,0,0,0,63000,70000,-7000,-7000
049036,燿華兆豐95購01  ,0,0,0,0,0,0,0,0,0,-7000,0,0,0,0,7000,-7000,-7000
048955,慧洋康和94購01  ,0,0,0,0,0,0,0,0,0,-7000,0,0,0,0,7000,-7000,-7000
05231P,GIS群益95售03   ,0,0,0,0,0,0,0,0,0,-7000,0,0,0,2000,9000,-7000,-7000
052186,宏達電群益95購04,0,0,0,0,0,0,0,0,0,-7000,0,0,0,4000,11000,-7000,-7000
052063,臺股指國票95購10,0,0,0,0,0,0,0,0,0,-7000,0,0,0,0,7000,-7000,-7000
052724,力成統一97購01  ,0,0,0,0,0,0,0,0,0,-7000,0,0,0,6000,13000,-7000,-7000
051424,緯穎國票97購01  ,0,0,0,0,0,0,0,0,0,-7000,0,0,0,0,7000,-7000,-7000
051774,聯茂中信96購01  ,0,0,0,0,0,0,0,0,0,-7000,0,0,0,41000,48000,-7000,-7000
05173P,臺股指元大95售17,0,0,0,0,0,0,0,0,0,-7000,0,0,0,60000,67000,-7000,-7000
05170P,世芯元大95售01  ,0,0,0,0,0,0,0,0,0,-7000,0,0,0,132000,139000,-7000,-7000
051928,大立光中信96購03,0,0,0,0,0,0,0,0,0,-7000,0,0,0,0,7000,-7000,-7000
053652,友達凱基98購04  ,0,0,0,0,0,0,0,0,0,-7000,0,0,0,6000,13000,-7000,-7000
053735,矽力中信97購01  ,0,0,0,0,0,0,0,0,0,-7000,0,0,0,23000,30000,-7000,-7000
053948,大立光富邦99購04,0,0,0,0,0,0,0,0,0,-7000,0,0,0,53000,60000,-7000,-7000
053027,玉晶光富邦98購01,0,0,0,0,0,0,0,0,0,-7000,0,0,0,5000,12000,-7000,-7000
9905,大華            ,11000,17000,-6000,0,0,0,0,0,0,-1000,0,1000,-1000,0,0,0,-7000
8201,無敵            ,0,7000,-7000,0,0,0,0,0,0,0,0,0,0,0,0,0,-7000
2413,環科            ,10000,17000,-7000,0,0,0,0,0,0,0,0,0,0,0,0,0,-7000
2468,華經            ,4000,11000,-7000,0,0,0,0,0,0,0,0,0,0,0,0,0,-7000
2476,鉅祥            ,4000,11000,-7000,0,0,0,0,0,0,0,1000,1000,0,0,0,0,-7000
2496,卓越            ,0,7000,-7000,0,0,0,0,0,0,0,0,0,0,0,0,0,-7000
2460,建通            ,0,5000,-5000,0,0,0,0,0,0,-2000,0,2000,-2000,0,0,0,-7000
1414,東和            ,2000,8000,-6000,0,0,0,0,0,0,-1000,0,1000,-1000,0,0,0,-7000
1340,勝悅-KY         ,2000,8000,-6000,0,0,0,0,0,0,-1000,0,1000,-1000,0,0,0,-7000
1234,黑松            ,4000,10000,-6000,0,0,0,0,0,0,-1000,0,1000,-1000,0,0,0,-7000
1568,倉佑            ,2000,8000,-6000,0,0,0,0,0,0,-1000,0,1000,-1000,0,0,0,-7000
1540,喬福            ,3000,10000,-7000,0,0,0,0,0,0,0,0,0,0,0,0,0,-7000
1541,錩泰            ,1000,8000,-7000,0,0,0,0,0,0,0,0,0,0,0,0,0,-7000
1533,車王電          ,2000,8000,-6000,0,0,0,0,0,0,-1000,0,1000,-1000,0,0,0,-7000
06468P,華新科統一98售02,0,0,0,0,0,0,0,0,0,-7000,0,0,0,30000,37000,-7000,-7000
06299P,可成元大97售04  ,0,0,0,0,0,0,0,0,0,-7000,0,0,0,0,7000,-7000,-7000
06031P,新光金兆豐96售02,0,0,0,0,0,0,0,0,0,-7000,0,0,0,5000,12000,-7000,-7000
06063P,玉晶光元富97售01,0,0,0,0,0,0,0,0,0,-7000,0,0,0,207000,214000,-7000,-7000
05670P,台積電國票98售01,0,0,0,0,0,0,0,0,0,-7000,0,0,0,132000,139000,-7000,-7000
05668P,滬深2X永豐96售04,0,0,0,0,0,0,0,0,0,-7000,0,0,0,13000,20000,-7000,-7000
05869P,旺宏凱基96售05  ,0,0,0,0,0,0,0,0,0,-7000,0,0,0,50000,57000,-7000,-7000
05853P,欣興群益96售05  ,0,0,0,0,0,0,0,0,0,-7000,0,0,0,31000,38000,-7000,-7000
054588,玉晶光國泰99購02,0,0,0,0,0,0,0,0,0,-8000,0,0,0,5000,13000,-8000,-8000
054185,喬山永豐96購02  ,0,0,0,0,0,0,0,0,0,-8000,0,0,0,174000,182000,-8000,-8000
054310,牧德凱基98購01  ,0,0,0,0,0,0,0,0,0,-8000,0,0,0,172000,180000,-8000,-8000
054313,麗豐凱基96購02  ,0,0,0,0,0,0,0,0,0,-8000,0,0,0,34000,42000,-8000,-8000
055011,元翎元富97購01  ,0,0,0,0,0,0,0,0,0,-8000,0,0,0,125000,133000,-8000,-8000
055760,新日興群益98購02,0,0,0,0,0,0,0,0,0,-8000,0,0,0,81000,89000,-8000,-8000
055986,祥碩元富97購01  ,0,0,0,0,0,0,0,0,0,-8000,0,0,0,347000,355000,-8000,-8000
056475,宏達電元大99購02,0,0,0,0,0,0,0,0,0,-8000,0,0,0,10000,18000,-8000,-8000
056530,旺宏凱基98購06  ,0,0,0,0,0,0,0,0,0,-8000,0,0,0,20000,28000,-8000,-8000
050313,大立光兆豐94購05,0,0,0,0,0,0,0,0,0,-8000,0,0,0,1000,9000,-8000,-8000
045858,元油2X統一94購02,0,0,0,0,0,0,0,0,0,-8000,0,0,0,0,8000,-8000,-8000
047387,美律元大93購05  ,0,0,0,0,0,0,0,0,0,-8000,0,0,0,0,8000,-8000,-8000
04299P,卜蜂中信93售02  ,0,0,0,0,0,0,0,0,0,-8000,0,0,0,0,8000,-8000,-8000
03802P,GIS元大93售07   ,0,0,0,0,0,0,0,0,0,-8000,0,0,0,0,8000,-8000,-8000
00647L,元大S&P500正2   ,0,0,0,0,0,0,0,0,0,-8000,0,0,0,13000,21000,-8000,-8000
03409P,台積電元大02售26,0,0,0,0,0,0,0,0,0,-8000,0,0,0,0,8000,-8000,-8000
050894,旺宏元大96購03  ,0,0,0,0,0,0,0,0,0,-8000,0,0,0,0,8000,-8000,-8000
048159,聯詠兆豐93購03  ,0,0,0,0,0,0,0,0,0,-8000,0,0,0,32000,40000,-8000,-8000
051260,鴻海永昌96購04  ,0,0,0,0,0,0,0,0,0,-8000,0,0,0,209000,217000,-8000,-8000
05111P,台積電統一95售04,0,0,0,0,0,0,0,0,0,-8000,0,0,0,10000,18000,-8000,-8000
049941,臺股指元大94購24,0,0,0,0,0,0,0,0,0,-8000,0,0,0,0,8000,-8000,-8000
048771,嘉澤凱基94購01  ,0,0,0,0,0,0,0,0,0,-8000,0,0,0,82000,90000,-8000,-8000
047922,聯發科凱基94購01,0,0,0,0,0,0,0,0,0,-8000,0,0,0,331000,339000,-8000,-8000
047975,緯創兆豐93購01  ,0,0,0,0,0,0,0,0,0,-8000,0,0,0,37000,45000,-8000,-8000
047953,台積電永豐93購04,0,0,0,0,0,0,0,0,0,-8000,0,0,0,0,8000,-8000,-8000
049449,宏碁統一94購01  ,0,0,0,0,0,0,0,0,0,-8000,0,0,0,22000,30000,-8000,-8000
049402,奇鋐群益95購02  ,0,0,0,0,0,0,0,0,0,-8000,0,0,0,2000,10000,-8000,-8000
049419,欣興凱基94購04  ,0,0,0,0,0,0,0,0,0,-8000,0,0,0,60000,68000,-8000,-8000
050516,華通元大95購05  ,0,0,0,0,0,0,0,0,0,-8000,0,0,0,1000,9000,-8000,-8000
04870P,大立光元富94售11,0,0,0,0,0,0,0,0,0,-8000,0,0,0,0,8000,-8000,-8000
048485,泰鼎國泰94購02  ,0,0,0,0,0,0,0,0,0,-8000,0,0,0,0,8000,-8000,-8000
052908,大成鋼統一96購01,0,0,0,0,0,0,0,0,0,-8000,0,0,0,50000,58000,-8000,-8000
052952,矽創國票97購02  ,0,0,0,0,0,0,0,0,0,-8000,0,0,0,22000,30000,-8000,-8000
053977,新日興元大96購03,0,0,0,0,0,0,0,0,0,-8000,0,0,0,33000,41000,-8000,-8000
053668,鴻海統一97購01  ,0,0,0,0,0,0,0,0,0,-8000,0,0,0,292000,300000,-8000,-8000
053634,劍麟永豐96購01  ,0,0,0,0,0,0,0,0,0,-8000,0,0,0,2000,10000,-8000,-8000
053550,聯發科凱基96購15,0,0,0,0,0,0,0,0,0,-8000,0,0,0,0,8000,-8000,-8000
051684,瑞昱凱基95購02  ,0,0,0,0,0,0,0,0,0,-8000,0,0,0,0,8000,-8000,-8000
051354,聯發科元大95購09,0,0,0,0,0,0,0,0,0,-8000,0,0,0,8000,16000,-8000,-8000
051483,玉晶光凱基96購02,0,0,0,0,0,0,0,0,0,-8000,0,0,0,21000,29000,-8000,-8000
051580,宏碁元大95購02  ,0,0,0,0,0,0,0,0,0,-8000,0,0,0,3000,11000,-8000,-8000
052714,義隆凱基96購02  ,0,0,0,0,0,0,0,0,0,-8000,0,0,0,0,8000,-8000,-8000
052569,聯發科凱基96購08,0,0,0,0,0,0,0,0,0,-8000,0,0,0,170000,178000,-8000,-8000
052051,京鼎凱基95購01  ,0,0,0,0,0,0,0,0,0,-8000,0,0,0,20000,28000,-8000,-8000
052321,華擎元大95購01  ,0,0,0,0,0,0,0,0,0,-8000,0,0,0,32000,40000,-8000,-8000
05859P,台表科國票97售04,0,0,0,0,0,0,0,0,0,-8000,0,0,0,0,8000,-8000,-8000
05991P,聯茂群益96售05  ,0,0,0,0,0,0,0,0,0,-8000,0,0,0,2000,10000,-8000,-8000
05943P,欣興凱基96售03  ,0,0,0,0,0,0,0,0,0,-8000,0,0,0,190000,198000,-8000,-8000
056620,華新科永豐98購02,0,0,0,0,0,0,0,0,0,-8000,0,0,0,0,8000,-8000,-8000
1225,福懋油          ,2000,10000,-8000,0,0,0,0,0,0,0,0,0,0,0,0,0,-8000
2466,冠西電          ,0,6000,-6000,0,0,0,0,0,0,-2000,0,2000,-2000,0,0,0,-8000
2546,根基            ,5000,12000,-7000,0,0,0,0,0,0,-1000,0,1000,-1000,0,0,0,-8000
2611,志信            ,2000,10000,-8000,0,0,0,0,0,0,0,0,0,0,0,0,0,-8000
2007,燁興            ,1000,9000,-8000,0,0,0,0,0,0,0,0,0,0,0,0,0,-8000
1906,寶隆            ,7000,14000,-7000,0,0,0,0,0,0,-1000,0,1000,-1000,0,0,0,-8000
1783,和康生          ,15000,22000,-7000,0,0,0,0,0,0,-1000,0,1000,-1000,0,0,0,-8000
8478,東哥遊艇        ,0,7000,-7000,0,0,0,0,0,0,-1000,0,1000,-1000,0,0,0,-8000
9136,巨騰-DR         ,3000,11000,-8000,0,0,0,0,0,0,0,0,0,0,0,0,0,-8000
6243,迅杰            ,6000,14000,-8000,0,0,0,0,0,0,0,0,0,0,0,0,0,-8000
9943,好樂迪          ,11000,18000,-7000,0,0,0,0,0,0,-1000,0,1000,-1000,0,0,0,-8000
4960,誠美材          ,0,8000,-8000,0,0,0,0,0,0,0,0,0,0,0,0,0,-8000
05625P,國巨國票97售01  ,0,0,0,0,0,0,0,0,0,-9000,0,0,0,1000,10000,-9000,-9000
055932,玉山金群益99購01,0,0,0,0,0,0,0,0,0,-9000,0,0,0,2000,11000,-9000,-9000
056028,GIS群益97購02   ,0,0,0,0,0,0,0,0,0,-9000,0,0,0,11000,20000,-9000,-9000
05527P,聯茂群益96售01  ,0,0,0,0,0,0,0,0,0,-9000,0,0,0,2000,11000,-9000,-9000
055200,和大群益98購01  ,0,0,0,0,0,0,0,0,0,-9000,0,0,0,62000,71000,-9000,-9000
055174,精元統一97購01  ,0,0,0,0,0,0,0,0,0,-9000,0,0,0,1000,10000,-9000,-9000
054165,亞光凱基96購02  ,0,0,0,0,0,0,0,0,0,-9000,0,0,0,48000,57000,-9000,-9000
03155P,玉晶光群益01售08,0,0,0,0,0,0,0,0,0,-9000,0,0,0,1000,10000,-9000,-9000
03961P,GIS元富93售04   ,0,0,0,0,0,0,0,0,0,-9000,0,0,0,1000,10000,-9000,-9000
03763P,聯發科元富96售01,0,0,0,0,0,0,0,0,0,-9000,0,0,0,0,9000,-9000,-9000
046326,智伸科元大92購03,0,0,0,0,0,0,0,0,0,-9000,0,0,0,0,9000,-9000,-9000
04178P,聯茂元大93售07  ,0,0,0,0,0,0,0,0,0,-9000,0,0,0,1000,10000,-9000,-9000
045853,緯穎永豐92購02  ,0,0,0,0,0,0,0,0,0,-9000,0,0,0,1000,10000,-9000,-9000
045866,南茂統一94購01  ,0,0,0,0,0,0,0,0,0,-9000,0,0,0,1000,10000,-9000,-9000
046375,友達凱基98購01  ,0,0,0,0,0,0,0,0,0,-9000,0,0,0,5000,14000,-9000,-9000
050076,百和凱基94購02  ,0,0,0,0,0,0,0,0,0,-9000,0,0,0,0,9000,-9000,-9000
050302,百和凱基94購03  ,0,0,0,0,0,0,0,0,0,-9000,0,0,0,0,9000,-9000,-9000
04544P,欣興富邦96售02  ,0,0,0,0,0,0,0,0,0,-9000,0,0,0,0,9000,-9000,-9000
047087,亞泥元富93購01  ,0,0,0,0,0,0,0,0,0,-9000,0,0,0,21000,30000,-9000,-9000
048693,GIS群益94購02   ,0,0,0,0,0,0,0,0,0,-9000,0,0,0,10000,19000,-9000,-9000
049591,開發金元大98購01,0,0,0,0,0,0,0,0,0,-9000,0,0,0,1000,10000,-9000,-9000
050515,聯電元大96購01  ,0,0,0,0,0,0,0,0,0,-9000,0,0,0,77000,86000,-9000,-9000
050528,瑞儀元大94購02  ,0,0,0,0,0,0,0,0,0,-9000,0,0,0,0,9000,-9000,-9000
049072,台積電凱基94購08,0,0,0,0,0,0,0,0,0,-9000,0,0,0,1000,10000,-9000,-9000
047694,SP黃豆國票9B購01,0,0,0,0,0,0,0,0,0,-9000,0,0,0,0,9000,-9000,-9000
047780,友達中信96購01  ,0,0,0,0,0,0,0,0,0,-9000,0,0,0,72000,81000,-9000,-9000
047912,台郡麥證94購01  ,0,0,0,31000,40000,-9000,0,0,0,-9000,0,0,0,31000,40000,-9000,-9000
049916,台光電元大94購06,0,0,0,0,0,0,0,0,0,-9000,0,0,0,6000,15000,-9000,-9000
051114,鈺齊中信95購01  ,0,0,0,0,0,0,0,0,0,-9000,0,0,0,50000,59000,-9000,-9000
05108P,欣興中信95售02  ,0,0,0,0,0,0,0,0,0,-9000,0,0,0,3000,12000,-9000,-9000
051100,同欣電元大95購01,0,0,0,0,0,0,0,0,0,-9000,0,0,0,1000,10000,-9000,-9000
051161,喬山元大95購02  ,0,0,0,0,0,0,0,0,0,-9000,0,0,0,50000,59000,-9000,-9000
050861,鴻海永豐95購01  ,0,0,0,0,0,0,0,0,0,-9000,0,0,0,1000,10000,-9000,-9000
050917,瀚宇博兆豐96購01,0,0,0,0,0,0,0,0,0,-9000,0,0,0,0,9000,-9000,-9000
052096,力成元大95購01  ,0,0,0,0,0,0,0,0,0,-9000,0,0,0,17000,26000,-9000,-9000
05213P,台積電國票96售05,0,0,0,0,0,0,0,0,0,-9000,0,0,0,69000,78000,-9000,-9000
052639,康控凱基96購02  ,0,0,0,0,0,0,0,0,0,-9000,0,0,0,1000,10000,-9000,-9000
052666,瑞昱群益96購01  ,0,0,0,0,0,0,0,0,0,-9000,0,0,0,11000,20000,-9000,-9000
051598,瑞昱兆豐95購01  ,0,0,0,0,0,0,0,0,0,-9000,0,0,0,10000,19000,-9000,-9000
051471,國巨凱基97購01  ,0,0,0,0,0,0,0,0,0,-9000,0,0,0,8000,17000,-9000,-9000
051326,聯發科台新95購01,0,0,0,0,0,0,0,0,0,-9000,0,0,0,0,9000,-9000,-9000
051661,華新科永昌96購01,0,0,0,0,0,0,0,0,0,-9000,0,0,0,3000,12000,-9000,-9000
051828,微星元大95購03  ,0,0,0,0,0,0,0,0,0,-9000,0,0,0,53000,62000,-9000,-9000
051850,臻鼎中信96購01  ,0,0,0,0,0,0,0,0,0,-9000,0,0,0,11000,20000,-9000,-9000
05346P,臺股指統一95售06,0,0,0,0,0,0,0,0,0,-9000,0,0,0,1000,10000,-9000,-9000
053451,致新凱基96購02  ,0,0,0,0,0,0,0,0,0,-9000,0,0,0,0,9000,-9000,-9000
053392,致新元大96購01  ,0,0,0,0,0,0,0,0,0,-9000,0,0,0,135000,144000,-9000,-9000
053663,臺股指凱基96購24,0,0,0,0,0,0,0,0,0,-9000,0,0,0,182000,191000,-9000,-9000
053742,創意國票97購01  ,0,0,0,0,0,0,0,0,0,-9000,0,0,0,0,9000,-9000,-9000
053194,緯穎統一99購01  ,0,0,0,0,0,0,0,0,0,-9000,0,0,0,13000,22000,-9000,-9000
4536,拓凱            ,9000,18000,-9000,0,0,0,0,0,0,0,0,0,0,0,0,0,-9000
6115,鎰勝            ,13000,16000,-3000,0,0,0,0,0,0,-6000,0,6000,-6000,0,0,0,-9000
6155,鈞寶            ,140000,147000,-7000,0,0,0,0,0,0,-2000,0,2000,-2000,0,0,0,-9000
3018,同開            ,97000,106000,-9000,0,0,0,0,0,0,0,0,0,0,0,0,0,-9000
1806,冠軍            ,4000,12000,-8000,0,0,0,0,0,0,-1000,0,1000,-1000,0,0,0,-9000
2613,中櫃            ,2000,12000,-10000,0,0,0,0,0,0,1000,1000,0,1000,0,0,0,-9000
2608,嘉里大榮        ,58000,62000,-4000,0,0,0,9000,0,9000,-14000,0,14000,-14000,0,0,0,-9000
2852,第一保          ,2000,11000,-9000,0,0,0,0,0,0,0,0,0,0,0,0,0,-9000
2430,燦坤            ,0,8000,-8000,0,0,0,0,0,0,-1000,0,1000,-1000,0,0,0,-9000
2495,普安            ,3000,10000,-7000,0,0,0,0,0,0,-2000,0,2000,-2000,0,0,0,-9000
06440P,台積電凱基98售07,0,0,0,0,0,0,0,0,0,-9000,0,0,0,60000,69000,-9000,-9000
06457P,玉晶光統一98售02,0,0,0,0,0,0,0,0,0,-9000,0,0,0,24000,33000,-9000,-9000
06381P,臺股指統一98售03,0,0,0,0,0,0,0,0,0,-9000,0,0,0,0,9000,-9000,-9000
1324,地球            ,0,9000,-9000,0,0,0,0,0,0,0,0,0,0,0,0,0,-9000
1436,華友聯          ,3000,11000,-8000,0,0,0,0,0,0,-1000,0,1000,-1000,0,0,0,-9000
06078P,臺股指凱基9A售01,0,0,0,0,0,0,0,0,0,-9000,0,0,0,11000,20000,-9000,-9000
06149P,台積電元大97售18,0,0,0,0,0,0,0,0,0,-9000,0,0,0,323000,332000,-9000,-9000
06312P,樺漢元富97售02  ,0,0,0,0,0,0,0,0,0,-9000,0,0,0,1000,10000,-9000,-9000
06332P,世紀鋼群益98售01,0,0,0,0,0,0,0,0,0,-9000,0,0,0,0,9000,-9000,-9000
06239P,奇力新元大97售08,0,0,0,0,0,0,0,0,0,-9000,0,0,0,0,9000,-9000,-9000
06233P,訊芯永豐97售03  ,0,0,0,0,0,0,0,0,0,-9000,0,0,0,21000,30000,-9000,-9000
05406P,台光電凱基95售02,0,0,0,0,0,0,0,0,0,-10000,0,0,0,0,10000,-10000,-10000
054251,聯發科元大96購21,0,0,0,0,0,0,0,0,0,-10000,0,0,0,0,10000,-10000,-10000
054238,聯茂群益96購04  ,0,0,0,0,0,0,0,0,0,-10000,0,0,0,0,10000,-10000,-10000
054533,泰碩國泰98購01  ,0,0,0,0,0,0,0,0,0,-10000,0,0,0,0,10000,-10000,-10000
054553,宏達電凱基99購01,0,0,0,0,0,0,0,0,0,-10000,0,0,0,40000,50000,-10000,-10000
054376,聯茂中信97購01  ,0,0,0,0,0,0,0,0,0,-10000,0,0,0,0,10000,-10000,-10000
05439P,聯發科國票95售06,0,0,0,0,0,0,0,0,0,-10000,0,0,0,0,10000,-10000,-10000
054494,訊芯台新96購01  ,0,0,0,0,0,0,0,0,0,-10000,0,0,0,0,10000,-10000,-10000
054526,道瓊反統一98購01,0,0,0,0,0,0,0,0,0,-10000,0,0,0,0,10000,-10000,-10000
055189,台虹統一97購01  ,0,0,0,0,0,0,0,0,0,-10000,0,0,0,0,10000,-10000,-10000
055209,勤誠康和97購01  ,0,0,0,0,0,0,0,0,0,-10000,0,0,0,0,10000,-10000,-10000
055264,國巨永豐98購01  ,0,0,0,0,0,0,0,0,0,-10000,0,0,0,0,10000,-10000,-10000
05528P,臺股指群益96售01,0,0,0,0,0,0,0,0,0,-10000,0,0,0,0,10000,-10000,-10000
055226,聯發科國票97購05,0,0,0,0,0,0,0,0,0,-10000,0,0,0,0,10000,-10000,-10000
055247,聯發科統一98購01,0,0,0,0,0,0,0,0,0,-10000,0,0,0,0,10000,-10000,-10000
05525P,奇力新群益96售02,0,0,0,0,0,0,0,0,0,-10000,0,0,0,14000,24000,-10000,-10000
055040,台虹富邦99購01  ,0,0,0,0,0,0,0,0,0,-10000,0,0,0,0,10000,-10000,-10000
055031,南港富邦99購01  ,0,0,0,0,0,0,0,0,0,-10000,0,0,0,0,10000,-10000,-10000
054732,台化凱基98購01  ,0,0,0,0,0,0,0,0,0,-10000,0,0,0,0,10000,-10000,-10000
054744,晶相光凱基99購01,0,0,0,0,0,0,0,0,0,-10000,0,0,0,42000,52000,-10000,-10000
054751,GIS凱基98購01   ,0,0,0,0,0,0,0,0,0,-10000,0,0,0,0,10000,-10000,-10000
05467P,聯電元大95售02  ,0,0,0,0,0,0,0,0,0,-10000,0,0,0,10000,20000,-10000,-10000
054888,泰碩統一97購01  ,0,0,0,0,0,0,0,0,0,-10000,0,0,0,0,10000,-10000,-10000
054969,亞翔元大97購01  ,0,0,0,0,0,0,0,0,0,-10000,0,0,0,0,10000,-10000,-10000
056055,國巨元大97購15  ,0,0,0,0,0,0,0,0,0,-10000,0,0,0,23000,33000,-10000,-10000
056046,百和凱基97購01  ,0,0,0,0,0,0,0,0,0,-10000,0,0,0,0,10000,-10000,-10000
056035,鴻海凱基97購06  ,0,0,0,0,0,0,0,0,0,-10000,0,0,0,20000,30000,-10000,-10000
05595P,友達統一96售02  ,0,0,0,0,0,0,0,0,0,-10000,0,0,0,0,10000,-10000,-10000
056134,可成元大97購06  ,0,0,0,0,0,0,0,0,0,-10000,0,0,0,0,10000,-10000,-10000
056158,新日興凱基98購02,0,0,0,0,0,0,0,0,0,-10000,0,0,0,0,10000,-10000,-10000
05623P,台積電中信96售03,0,0,0,0,0,0,0,0,0,-10000,0,0,0,0,10000,-10000,-10000
056321,創意群益98購02  ,0,0,0,0,0,0,0,0,0,-10000,0,0,0,0,10000,-10000,-10000
056524,欣興中信98購02  ,0,0,0,0,0,0,0,0,0,-10000,0,0,0,0,10000,-10000,-10000
056529,中環凱基98購01  ,0,0,0,0,0,0,0,0,0,-10000,0,0,0,0,10000,-10000,-10000
056506,晶豪科永豐98購02,0,0,0,0,0,0,0,0,0,-10000,0,0,0,0,10000,-10000,-10000
056507,創意永豐98購02  ,0,0,0,0,0,0,0,0,0,-10000,0,0,0,0,10000,-10000,-10000
055878,泰碩元富97購02  ,0,0,0,0,0,0,0,0,0,-10000,0,0,0,0,10000,-10000,-10000
055912,宏達電凱基98購03,0,0,0,0,0,0,0,0,0,-10000,0,0,0,0,10000,-10000,-10000
055886,上銀統一97購02  ,0,0,0,0,0,0,0,0,0,-10000,0,0,0,5000,15000,-10000,-10000
055679,華通凱基99購01  ,0,0,0,0,0,0,0,0,0,-10000,0,0,0,0,10000,-10000,-10000
05559P,臺股指麥證96售01,0,0,0,5000,15000,-10000,0,0,0,-10000,0,0,0,5000,15000,-10000,-10000
055466,台達電凱基97購03,0,0,0,0,0,0,0,0,0,-10000,0,0,0,1000,11000,-10000,-10000
055482,聚陽元大97購02  ,0,0,0,0,0,0,0,0,0,-10000,0,0,0,0,10000,-10000,-10000
05535P,台積電元大97售06,0,0,0,0,0,0,0,0,0,-10000,0,0,0,851000,861000,-10000,-10000
047058,聯茂國票94購01  ,0,0,0,0,0,0,0,0,0,-10000,0,0,0,0,10000,-10000,-10000
047133,旺宏凱基93購03  ,0,0,0,0,0,0,0,0,0,-10000,0,0,0,1000,11000,-10000,-10000
047236,智伸科凱基93購05,0,0,0,0,0,0,0,0,0,-10000,0,0,0,0,10000,-10000,-10000
045591,彩晶元大93購01  ,0,0,0,0,0,0,0,0,0,-10000,0,0,0,10000,20000,-10000,-10000
045703,技嘉日盛92購01  ,0,0,0,0,0,0,0,0,0,-10000,0,0,0,0,10000,-10000,-10000
050298,智伸科凱基94購02,0,0,0,0,0,0,0,0,0,-10000,0,0,0,0,10000,-10000,-10000
05032P,台積電國泰96售05,0,0,0,0,0,0,0,0,0,-10000,0,0,0,0,10000,-10000,-10000
050401,鎧勝中信94購01  ,0,0,0,0,0,0,0,0,0,-10000,0,0,0,0,10000,-10000,-10000
046384,群創凱基98購02  ,0,0,0,0,0,0,0,0,0,-10000,0,0,0,0,10000,-10000,-10000
046541,超眾群益93購01  ,0,0,0,0,0,0,0,0,0,-10000,0,0,0,0,10000,-10000,-10000
046551,聯發科麥證92購02,0,0,0,40000,50000,-10000,0,0,0,-10000,0,0,0,40000,50000,-10000,-10000
045150,聯發科凱基93購03,0,0,0,0,0,0,0,0,0,-10000,0,0,0,0,10000,-10000,-10000
046746,儒鴻凱基93購03  ,0,0,0,0,0,0,0,0,0,-10000,0,0,0,0,10000,-10000,-10000
045768,大立光元富95購02,0,0,0,0,0,0,0,0,0,-10000,0,0,0,0,10000,-10000,-10000
046691,儒鴻凱基93購02  ,0,0,0,0,0,0,0,0,0,-10000,0,0,0,0,10000,-10000,-10000
046700,台郡凱基93購02  ,0,0,0,0,0,0,0,0,0,-10000,0,0,0,0,10000,-10000,-10000
046735,聯發科國票93購01,0,0,0,0,0,0,0,0,0,-10000,0,0,0,0,10000,-10000,-10000
045874,東元元富92購01  ,0,0,0,0,0,0,0,0,0,-10000,0,0,0,10000,20000,-10000,-10000
045966,聯詠凱基92購07  ,0,0,0,0,0,0,0,0,0,-10000,0,0,0,0,10000,-10000,-10000
045796,廣達中信93購01  ,0,0,0,0,0,0,0,0,0,-10000,0,0,0,0,10000,-10000,-10000
046124,健策元大92購04  ,0,0,0,0,0,0,0,0,0,-10000,0,0,0,0,10000,-10000,-10000
04605P,台積電兆豐94售03,0,0,0,0,0,0,0,0,0,-10000,0,0,0,0,10000,-10000,-10000
04597P,為升凱基94售02  ,0,0,0,0,0,0,0,0,0,-10000,0,0,0,0,10000,-10000,-10000
04596P,臺股指元大94售14,0,0,0,0,0,0,0,0,0,-10000,0,0,0,0,10000,-10000,-10000
046016,緯穎元富92購04  ,0,0,0,0,0,0,0,0,0,-10000,0,0,0,0,10000,-10000,-10000
046201,台郡凱基92購01  ,0,0,0,0,0,0,0,0,0,-10000,0,0,0,10000,20000,-10000,-10000
046213,可成統一92購06  ,0,0,0,0,0,0,0,0,0,-10000,0,0,0,10000,20000,-10000,-10000
046189,聯發科凱基92購02,0,0,0,0,0,0,0,0,0,-10000,0,0,0,50000,60000,-10000,-10000
045285,禾伸堂永豐92購01,0,0,0,0,0,0,0,0,0,-10000,0,0,0,0,10000,-10000,-10000
046946,益航元大94購01  ,0,0,0,0,0,0,0,0,0,-10000,0,0,0,0,10000,-10000,-10000
046966,南茂中信93購01  ,0,0,0,0,0,0,0,0,0,-10000,0,0,0,0,10000,-10000,-10000
046962,群創中信95購03  ,0,0,0,0,0,0,0,0,0,-10000,0,0,0,0,10000,-10000,-10000
04165P,南亞科元富95售03,0,0,0,0,0,0,0,0,0,-10000,0,0,0,10000,20000,-10000,-10000
04172P,大立光凱基93售34,0,0,0,0,0,0,0,0,0,-10000,0,0,0,0,10000,-10000,-10000
042088,台灣50中信93購04,0,0,0,0,0,0,0,0,0,-10000,0,0,0,0,10000,-10000,-10000
04155P,全新永豐93售01  ,0,0,0,0,0,0,0,0,0,-10000,0,0,0,0,10000,-10000,-10000
04161P,全新國泰94售01  ,0,0,0,0,0,0,0,0,0,-10000,0,0,0,0,10000,-10000,-10000
044353,宏達電元大93購04,0,0,0,0,0,0,0,0,0,-10000,0,0,0,0,10000,-10000,-10000
044330,T50反1統一93購01,0,0,0,0,0,0,0,0,0,-10000,0,0,0,0,10000,-10000,-10000
044908,玉晶光凱基93購01,0,0,0,0,0,0,0,0,0,-10000,0,0,0,0,10000,-10000,-10000
044909,玉晶光凱基93購02,0,0,0,0,0,0,0,0,0,-10000,0,0,0,0,10000,-10000,-10000
044860,元油2X中信93購01,0,0,0,0,0,0,0,0,0,-10000,0,0,0,0,10000,-10000,-10000
044887,亞光麥證93購01  ,0,0,0,10000,20000,-10000,0,0,0,-10000,0,0,0,10000,20000,-10000,-10000
043980,旺宏元大92購05  ,0,0,0,0,0,0,0,0,0,-10000,0,0,0,5000,15000,-10000,-10000
04752P,大立光群益94售07,0,0,0,0,0,0,0,0,0,-10000,0,0,0,0,10000,-10000,-10000
047496,旺宏台新93購02  ,0,0,0,0,0,0,0,0,0,-10000,0,0,0,5000,15000,-10000,-10000
047500,裕隆永豐93購01  ,0,0,0,0,0,0,0,0,0,-10000,0,0,0,0,10000,-10000,-10000
047503,T50反1國票93購03,0,0,0,0,0,0,0,0,0,-10000,0,0,0,0,10000,-10000,-10000
047514,亞光國票94購01  ,0,0,0,0,0,0,0,0,0,-10000,0,0,0,30000,40000,-10000,-10000
047427,貿聯亞東93購01  ,0,0,0,0,0,0,0,0,0,-10000,0,0,0,0,10000,-10000,-10000
047477,台積電凱基93購15,0,0,0,0,0,0,0,0,0,-10000,0,0,0,5000,15000,-10000,-10000
043066,上銀兆豐93購02  ,0,0,0,0,0,0,0,0,0,-10000,0,0,0,0,10000,-10000,-10000
047604,智原國泰95購01  ,0,0,0,0,0,0,0,0,0,-10000,0,0,0,40000,50000,-10000,-10000
047616,鴻海凱基94購10  ,0,0,0,0,0,0,0,0,0,-10000,0,0,0,0,10000,-10000,-10000
04270P,台光電國票93售03,0,0,0,0,0,0,0,0,0,-10000,0,0,0,0,10000,-10000,-10000
042792,T50反1台新9C購01,0,0,0,0,0,0,0,0,0,-10000,0,0,0,0,10000,-10000,-10000
03671P,大立光凱基95售02,0,0,0,0,0,0,0,0,0,-10000,0,0,0,0,10000,-10000,-10000
03984P,上銀群益93售05  ,0,0,0,0,0,0,0,0,0,-10000,0,0,0,0,10000,-10000,-10000
03880P,華新科永豐93售01,0,0,0,0,0,0,0,0,0,-10000,0,0,0,0,10000,-10000,-10000
03852P,華邦電凱基93售05,0,0,0,0,0,0,0,0,0,-10000,0,0,0,0,10000,-10000,-10000
03946P,麗豐群益93售02  ,0,0,0,0,0,0,0,0,0,-10000,0,0,0,1000,11000,-10000,-10000
00702,國泰標普低波高息,0,0,0,0,0,0,0,0,0,-10000,0,0,0,0,10000,-10000,-10000
03422B,臺股指凱基96熊28,0,0,0,0,0,0,0,0,0,-10000,0,0,0,0,10000,-10000,-10000
03331P,臺股指群益02售05,0,0,0,0,0,0,0,0,0,-10000,0,0,0,0,10000,-10000,-10000
03305P,台達電台新02售01,0,0,0,0,0,0,0,0,0,-10000,0,0,0,0,10000,-10000,-10000
03492P,創意元大02售03  ,0,0,0,0,0,0,0,0,0,-10000,0,0,0,0,10000,-10000,-10000
03638P,嘉晶凱基93售03  ,0,0,0,0,0,0,0,0,0,-10000,0,0,0,0,10000,-10000,-10000
04308P,京元電凱基93售06,0,0,0,0,0,0,0,0,0,-10000,0,0,0,0,10000,-10000,-10000
04343P,啟碁永豐93售02  ,0,0,0,0,0,0,0,0,0,-10000,0,0,0,0,10000,-10000,-10000
043467,全新元大93購01  ,0,0,0,0,0,0,0,0,0,-10000,0,0,0,0,10000,-10000,-10000
04078P,臺股指凱基93售14,0,0,0,0,0,0,0,0,0,-10000,0,0,0,30000,40000,-10000,-10000
04452P,超眾國泰95售01  ,0,0,0,0,0,0,0,0,0,-10000,0,0,0,20000,30000,-10000,-10000
04449P,智邦凱基94售01  ,0,0,0,0,0,0,0,0,0,-10000,0,0,0,0,10000,-10000,-10000
050913,全新中信97購01  ,0,0,0,0,0,0,0,0,0,-10000,0,0,0,90000,100000,-10000,-10000
050906,臺股指元大95購13,0,0,0,0,0,0,0,0,0,-10000,0,0,0,15000,25000,-10000,-10000
05084P,嘉聯益永豐95售02,0,0,0,0,0,0,0,0,0,-10000,0,0,0,0,10000,-10000,-10000
048926,燿華永豐95購01  ,0,0,0,0,0,0,0,0,0,-10000,0,0,0,0,10000,-10000,-10000
050853,南電國票96購01  ,0,0,0,0,0,0,0,0,0,-10000,0,0,0,0,10000,-10000,-10000
04901P,臺股指麥證94售02,0,0,0,0,10000,-10000,0,0,0,-10000,0,0,0,0,10000,-10000,-10000
049016,國巨群益94購02  ,0,0,0,0,0,0,0,0,0,-10000,0,0,0,21000,31000,-10000,-10000
048028,聯發科凱基93購25,0,0,0,0,0,0,0,0,0,-10000,0,0,0,0,10000,-10000,-10000
04801P,矽力元大94售02  ,0,0,0,0,0,0,0,0,0,-10000,0,0,0,0,10000,-10000,-10000
04903P,全新永豐94售05  ,0,0,0,0,0,0,0,0,0,-10000,0,0,0,0,10000,-10000,-10000
051136,可成永豐95購02  ,0,0,0,0,0,0,0,0,0,-10000,0,0,0,0,10000,-10000,-10000
051207,聯茂麥證95購01  ,0,0,0,0,10000,-10000,0,0,0,-10000,0,0,0,0,10000,-10000,-10000
051197,光寶科麥證95購01,0,0,0,0,10000,-10000,0,0,0,-10000,0,0,0,0,10000,-10000,-10000
051281,健策兆豐96購01  ,0,0,0,0,0,0,0,0,0,-10000,0,0,0,15000,25000,-10000,-10000
050960,台光電永豐95購01,0,0,0,0,0,0,0,0,0,-10000,0,0,0,0,10000,-10000,-10000
050964,晶技永豐95購02  ,0,0,0,0,0,0,0,0,0,-10000,0,0,0,0,10000,-10000,-10000
05098P,鴻海凱基95售15  ,0,0,0,0,0,0,0,0,0,-10000,0,0,0,0,10000,-10000,-10000
051023,S&P反1統一95購02,0,0,0,0,0,0,0,0,0,-10000,0,0,0,0,10000,-10000,-10000
050997,麗豐元大95購03  ,0,0,0,0,0,0,0,0,0,-10000,0,0,0,134000,144000,-10000,-10000
04990P,臻鼎元大94售04  ,0,0,0,0,0,0,0,0,0,-10000,0,0,0,0,10000,-10000,-10000
049990,志超凱基94購03  ,0,0,0,0,0,0,0,0,0,-10000,0,0,0,0,10000,-10000,-10000
049901,瑞昱元富94購01  ,0,0,0,0,0,0,0,0,0,-10000,0,0,0,0,10000,-10000,-10000
049904,矽力元富94購01  ,0,0,0,0,0,0,0,0,0,-10000,0,0,0,0,10000,-10000,-10000
04984P,臺股指康和94售04,0,0,0,0,0,0,0,0,0,-10000,0,0,0,0,10000,-10000,-10000
04970P,中環元富94售02  ,0,0,0,0,0,0,0,0,0,-10000,0,0,0,0,10000,-10000,-10000
04976P,中磊凱基94售01  ,0,0,0,0,0,0,0,0,0,-10000,0,0,0,0,10000,-10000,-10000
049767,奇力新元富94購01,0,0,0,0,0,0,0,0,0,-10000,0,0,0,0,10000,-10000,-10000
050656,瑞儀凱基96購01  ,0,0,0,0,0,0,0,0,0,-10000,0,0,0,0,10000,-10000,-10000
050633,義隆群益96購02  ,0,0,0,0,0,0,0,0,0,-10000,0,0,0,0,10000,-10000,-10000
050669,嘉晶永豐96購01  ,0,0,0,0,0,0,0,0,0,-10000,0,0,0,0,10000,-10000,-10000
050690,台達電凱基96購01,0,0,0,0,0,0,0,0,0,-10000,0,0,0,0,10000,-10000,-10000
047906,中石化元大94購01,0,0,0,0,0,0,0,0,0,-10000,0,0,0,0,10000,-10000,-10000
048791,智原元大94購02  ,0,0,0,0,0,0,0,0,0,-10000,0,0,0,0,10000,-10000,-10000
048809,創意亞東94購01  ,0,0,0,0,0,0,0,0,0,-10000,0,0,0,0,10000,-10000,-10000
048813,元黃金凱基94購01,0,0,0,0,0,0,0,0,0,-10000,0,0,0,0,10000,-10000,-10000
047938,台化國票93購01  ,0,0,0,0,0,0,0,0,0,-10000,0,0,0,0,10000,-10000,-10000
048817,光寶科凱基94購02,0,0,0,0,0,0,0,0,0,-10000,0,0,0,0,10000,-10000,-10000
04881P,高股息凱基96售01,0,0,0,0,0,0,0,0,0,-10000,0,0,0,0,10000,-10000,-10000
047990,臺指反元大96購02,0,0,0,0,0,0,0,0,0,-10000,0,0,0,0,10000,-10000,-10000
048831,玉晶光凱基95購01,0,0,0,0,0,0,0,0,0,-10000,0,0,0,0,10000,-10000,-10000
048832,玉晶光凱基95購02,0,0,0,0,0,0,0,0,0,-10000,0,0,0,0,10000,-10000,-10000
048896,凌陽國泰95購01  ,0,0,0,0,0,0,0,0,0,-10000,0,0,0,0,10000,-10000,-10000
047773,超眾元大96購01  ,0,0,0,0,0,0,0,0,0,-10000,0,0,0,20000,30000,-10000,-10000
047769,大立光元大96購01,0,0,0,0,0,0,0,0,0,-10000,0,0,0,0,10000,-10000,-10000
047804,鴻海凱基93購26  ,0,0,0,0,0,0,0,0,0,-10000,0,0,0,170000,180000,-10000,-10000
048219,為升凱基93購06  ,0,0,0,0,0,0,0,0,0,-10000,0,0,0,0,10000,-10000,-10000
048311,台積電凱基93購28,0,0,0,0,0,0,0,0,0,-10000,0,0,0,0,10000,-10000,-10000
047701,鴻海凱基94購12  ,0,0,0,0,0,0,0,0,0,-10000,0,0,0,0,10000,-10000,-10000
047711,華新科凱基94購03,0,0,0,0,0,0,0,0,0,-10000,0,0,0,6000,16000,-10000,-10000
047725,廣達群益93購01  ,0,0,0,0,0,0,0,0,0,-10000,0,0,0,30000,40000,-10000,-10000
049444,元石油統一94購03,0,0,0,0,0,0,0,0,0,-10000,0,0,0,0,10000,-10000,-10000
049440,T50反1統一94購04,0,0,0,0,0,0,0,0,0,-10000,0,0,0,5000,15000,-10000,-10000
047662,東陽永豐93購01  ,0,0,0,0,0,0,0,0,0,-10000,0,0,0,0,10000,-10000,-10000
047641,可成元大93購09  ,0,0,0,0,0,0,0,0,0,-10000,0,0,0,3000,13000,-10000,-10000
048649,瀚宇博元大93購05,0,0,0,0,0,0,0,0,0,-10000,0,0,0,0,10000,-10000,-10000
05056P,訊芯群益95售01  ,0,0,0,0,0,0,0,0,0,-10000,0,0,0,0,10000,-10000,-10000
049395,元油2X群益94購03,0,0,0,0,0,0,0,0,0,-10000,0,0,0,0,10000,-10000,-10000
050817,可成凱基95購01  ,0,0,0,0,0,0,0,0,0,-10000,0,0,0,0,10000,-10000,-10000
048556,技嘉元大93購03  ,0,0,0,0,0,0,0,0,0,-10000,0,0,0,0,10000,-10000,-10000
048576,義隆國泰95購01  ,0,0,0,0,0,0,0,0,0,-10000,0,0,0,20000,30000,-10000,-10000
048586,美利達富邦93購01,0,0,0,0,0,0,0,0,0,-10000,0,0,0,8000,18000,-10000,-10000
048595,儒鴻國票96購01  ,0,0,0,0,0,0,0,0,0,-10000,0,0,0,0,10000,-10000,-10000
048591,台郡兆豐94購01  ,0,0,0,0,0,0,0,0,0,-10000,0,0,0,70000,80000,-10000,-10000
049161,聯發科亞東94購01,0,0,0,0,0,0,0,0,0,-10000,0,0,0,0,10000,-10000,-10000
049220,聯發科國票95購02,0,0,0,0,0,0,0,0,0,-10000,0,0,0,0,10000,-10000,-10000
049172,鴻海凱基94購14  ,0,0,0,0,0,0,0,0,0,-10000,0,0,0,10000,20000,-10000,-10000
050533,致新元大94購03  ,0,0,0,0,0,0,0,0,0,-10000,0,0,0,0,10000,-10000,-10000
049670,鈺齊國泰96購01  ,0,0,0,0,0,0,0,0,0,-10000,0,0,0,15000,25000,-10000,-10000
049296,義隆群益96購01  ,0,0,0,0,0,0,0,0,0,-10000,0,0,0,0,10000,-10000,-10000
049292,鴻海群益94購04  ,0,0,0,0,0,0,0,0,0,-10000,0,0,0,0,10000,-10000,-10000
049576,元油2X元大94購06,0,0,0,0,0,0,0,0,0,-10000,0,0,0,0,10000,-10000,-10000
049472,楠梓電永豐95購01,0,0,0,0,0,0,0,0,0,-10000,0,0,0,0,10000,-10000,-10000
049489,美律元大94購05  ,0,0,0,0,0,0,0,0,0,-10000,0,0,0,86000,96000,-10000,-10000
048728,台達電麥證94購01,0,0,0,60000,70000,-10000,0,0,0,-10000,0,0,0,60000,70000,-10000,-10000
049524,可成兆豐95購02  ,0,0,0,0,0,0,0,0,0,-10000,0,0,0,10000,20000,-10000,-10000
049515,同欣電凱基94購01,0,0,0,0,0,0,0,0,0,-10000,0,0,0,0,10000,-10000,-10000
048672,日電貿永豐93購02,0,0,0,0,0,0,0,0,0,-10000,0,0,0,0,10000,-10000,-10000
048491,A50元大93購01   ,0,0,0,0,0,0,0,0,0,-10000,0,0,0,0,10000,-10000,-10000
04849P,GIS中信94售01   ,0,0,0,0,0,0,0,0,0,-10000,0,0,0,0,10000,-10000,-10000
04850P,全新永豐94售03  ,0,0,0,0,0,0,0,0,0,-10000,0,0,0,0,10000,-10000,-10000
050578,聯發科國票95購03,0,0,0,0,0,0,0,0,0,-10000,0,0,0,0,10000,-10000,-10000
048416,台達電統一93購02,0,0,0,0,0,0,0,0,0,-10000,0,0,0,0,10000,-10000,-10000
048437,義隆麥證93購01  ,0,0,0,0,10000,-10000,0,0,0,-10000,0,0,0,0,10000,-10000,-10000
048380,T50反1國票94購02,0,0,0,0,0,0,0,0,0,-10000,0,0,0,0,10000,-10000,-10000
053175,矽力群益96購01  ,0,0,0,0,0,0,0,0,0,-10000,0,0,0,1000,11000,-10000,-10000
053090,新唐元大96購01  ,0,0,0,0,0,0,0,0,0,-10000,0,0,0,0,10000,-10000,-10000
053101,創意元富96購03  ,0,0,0,0,0,0,0,0,0,-10000,0,0,0,0,10000,-10000,-10000
05328P,臺股指凱基95售12,0,0,0,0,0,0,0,0,0,-10000,0,0,0,0,10000,-10000,-10000
05333P,臺股指國票95售02,0,0,0,0,0,0,0,0,0,-10000,0,0,0,0,10000,-10000,-10000
053371,滬深2X元大99購01,0,0,0,0,0,0,0,0,0,-10000,0,0,0,15000,25000,-10000,-10000
05334P,臺股指國票95售03,0,0,0,0,0,0,0,0,0,-10000,0,0,0,0,10000,-10000,-10000
053351,A50正2兆豐97購01,0,0,0,0,0,0,0,0,0,-10000,0,0,0,90000,100000,-10000,-10000
053051,楠梓電國票97購01,0,0,0,0,0,0,0,0,0,-10000,0,0,0,50000,60000,-10000,-10000
052806,玉晶光元大98購04,0,0,0,0,0,0,0,0,0,-10000,0,0,0,53000,63000,-10000,-10000
052736,T50反1元大96購05,0,0,0,0,0,0,0,0,0,-10000,0,0,0,0,10000,-10000,-10000
053725,晶相光凱基96購01,0,0,0,0,0,0,0,0,0,-10000,0,0,0,67000,77000,-10000,-10000
053785,聯詠元大96購05  ,0,0,0,0,0,0,0,0,0,-10000,0,0,0,100000,110000,-10000,-10000
053848,聯發科元富96購03,0,0,0,0,0,0,0,0,0,-10000,0,0,0,0,10000,-10000,-10000
054001,康友群益96購02  ,0,0,0,0,0,0,0,0,0,-10000,0,0,0,21000,31000,-10000,-10000
054034,景碩中信96購01  ,0,0,0,0,0,0,0,0,0,-10000,0,0,0,0,10000,-10000,-10000
053940,康友元富96購01  ,0,0,0,0,0,0,0,0,0,-10000,0,0,0,0,10000,-10000,-10000
053900,T50反1日盛99購01,0,0,0,0,0,0,0,0,0,-10000,0,0,0,0,10000,-10000,-10000
053616,奇力新群益97購01,0,0,0,0,0,0,0,0,0,-10000,0,0,0,0,10000,-10000,-10000
053426,創意永豐96購04  ,0,0,0,0,0,0,0,0,0,-10000,0,0,0,68000,78000,-10000,-10000
05348P,美律元富98售01  ,0,0,0,0,0,0,0,0,0,-10000,0,0,0,0,10000,-10000,-10000
053495,聯發科兆豐96購02,0,0,0,0,0,0,0,0,0,-10000,0,0,0,0,10000,-10000,-10000
053540,健策永豐96購01  ,0,0,0,0,0,0,0,0,0,-10000,0,0,0,0,10000,-10000,-10000
05351P,臺股指元富95售05,0,0,0,0,0,0,0,0,0,-10000,0,0,0,0,10000,-10000,-10000
051931,美律國票96購02  ,0,0,0,0,0,0,0,0,0,-10000,0,0,0,38000,48000,-10000,-10000
051922,鴻海亞東96購02  ,0,0,0,0,0,0,0,0,0,-10000,0,0,0,0,10000,-10000,-10000
051961,泰碩永豐95購01  ,0,0,0,0,0,0,0,0,0,-10000,0,0,0,0,10000,-10000,-10000
051993,和碩元大95購03  ,0,0,0,0,0,0,0,0,0,-10000,0,0,0,0,10000,-10000,-10000
05200P,臺股指永豐95售03,0,0,0,0,0,0,0,0,0,-10000,0,0,0,0,10000,-10000,-10000
052028,健策群益95購02  ,0,0,0,0,0,0,0,0,0,-10000,0,0,0,2000,12000,-10000,-10000
05180P,玉晶光凱基95售04,0,0,0,0,0,0,0,0,0,-10000,0,0,0,400000,410000,-10000,-10000
051808,美律凱基96購02  ,0,0,0,0,0,0,0,0,0,-10000,0,0,0,0,10000,-10000,-10000
051768,臻鼎元大95購04  ,0,0,0,0,0,0,0,0,0,-10000,0,0,0,0,10000,-10000,-10000
051799,台積電永豐96購01,0,0,0,0,0,0,0,0,0,-10000,0,0,0,61000,71000,-10000,-10000
051697,康友中信95購02  ,0,0,0,0,0,0,0,0,0,-10000,0,0,0,0,10000,-10000,-10000
05131P,聯詠統一97售01  ,0,0,0,0,0,0,0,0,0,-10000,0,0,0,0,10000,-10000,-10000
051321,建準國票96購01  ,0,0,0,0,0,0,0,0,0,-10000,0,0,0,0,10000,-10000,-10000
051361,泰鼎元大95購01  ,0,0,0,0,0,0,0,0,0,-10000,0,0,0,68000,78000,-10000,-10000
051399,玉晶光台新96購01,0,0,0,0,0,0,0,0,0,-10000,0,0,0,10000,20000,-10000,-10000
051453,智伸科元大95購02,0,0,0,0,0,0,0,0,0,-10000,0,0,0,0,10000,-10000,-10000
051485,玉晶光凱基97購02,0,0,0,0,0,0,0,0,0,-10000,0,0,0,71000,81000,-10000,-10000
051491,貿聯凱基95購01  ,0,0,0,0,0,0,0,0,0,-10000,0,0,0,0,10000,-10000,-10000
051535,新日興國票96購01,0,0,0,0,0,0,0,0,0,-10000,0,0,0,15000,25000,-10000,-10000
051590,玉晶光元大96購02,0,0,0,0,0,0,0,0,0,-10000,0,0,0,1000,11000,-10000,-10000
052696,玉晶光麥證97購01,0,0,0,0,10000,-10000,0,0,0,-10000,0,0,0,0,10000,-10000,-10000
052123,泰碩國票95購01  ,0,0,0,0,0,0,0,0,0,-10000,0,0,0,0,10000,-10000,-10000
052136,瑞儀凱基95購01  ,0,0,0,0,0,0,0,0,0,-10000,0,0,0,0,10000,-10000,-10000
052162,智伸科永豐95購01,0,0,0,0,0,0,0,0,0,-10000,0,0,0,0,10000,-10000,-10000
052185,奇力新群益95購03,0,0,0,0,0,0,0,0,0,-10000,0,0,0,0,10000,-10000,-10000
052209,深中小元大95購02,0,0,0,0,0,0,0,0,0,-10000,0,0,0,0,10000,-10000,-10000
052086,鴻海元大96購08  ,0,0,0,0,0,0,0,0,0,-10000,0,0,0,0,10000,-10000,-10000
052083,S&P反1元大97購02,0,0,0,0,0,0,0,0,0,-10000,0,0,0,0,10000,-10000,-10000
052299,T50反1台新05購03,0,0,0,0,0,0,0,0,0,-10000,0,0,0,100000,110000,-10000,-10000
052303,聯發科永豐95購05,0,0,0,0,0,0,0,0,0,-10000,0,0,0,0,10000,-10000,-10000
052264,台達電亞東96購01,0,0,0,0,0,0,0,0,0,-10000,0,0,0,0,10000,-10000,-10000
052226,旺宏凱基95購06  ,0,0,0,0,0,0,0,0,0,-10000,0,0,0,22000,32000,-10000,-10000
052214,智伸科元大96購01,0,0,0,0,0,0,0,0,0,-10000,0,0,0,0,10000,-10000,-10000
06235P,國巨元大97售12  ,0,0,0,0,0,0,0,0,0,-10000,0,0,0,245000,255000,-10000,-10000
06248P,國巨統一97售07  ,0,0,0,0,0,0,0,0,0,-10000,0,0,0,0,10000,-10000,-10000
06219P,國巨元富97售05  ,0,0,0,0,0,0,0,0,0,-10000,0,0,0,0,10000,-10000,-10000
06178P,大立光第一99售01,0,0,0,0,0,0,0,0,0,-10000,0,0,0,0,10000,-10000,-10000
06366P,鴻海凱基97售10  ,0,0,0,0,0,0,0,0,0,-10000,0,0,0,20000,30000,-10000,-10000
06354P,大立光永豐97售04,0,0,0,0,0,0,0,0,0,-10000,0,0,0,225000,235000,-10000,-10000
06302P,臺股指元大97售06,0,0,0,0,0,0,0,0,0,-10000,0,0,0,0,10000,-10000,-10000
06303P,臺股指元大97售09,0,0,0,0,0,0,0,0,0,-10000,0,0,0,0,10000,-10000,-10000
06024P,台郡國票97售05  ,0,0,0,0,0,0,0,0,0,-10000,0,0,0,0,10000,-10000,-10000
06017P,亞光凱基96售04  ,0,0,0,0,0,0,0,0,0,-10000,0,0,0,80000,90000,-10000,-10000
056610,鴻海永豐98購01  ,0,0,0,0,0,0,0,0,0,-10000,0,0,0,0,10000,-10000,-10000
05710P,禾伸堂國票97售02,0,0,0,0,0,0,0,0,0,-10000,0,0,0,0,10000,-10000,-10000
05788P,臺股指永昌96售05,0,0,0,0,0,0,0,0,0,-10000,20000,0,20000,30000,60000,-30000,-10000
05777P,台積電統一96售04,0,0,0,0,0,0,0,0,0,-10000,0,0,0,0,10000,-10000,-10000
05806P,宏達電永豐96售03,0,0,0,0,0,0,0,0,0,-10000,0,0,0,12000,22000,-10000,-10000
05735P,臺股指統一96售05,0,0,0,0,0,0,0,0,0,-10000,0,0,0,20000,30000,-10000,-10000
05959P,聯發科國票98售01,0,0,0,0,0,0,0,0,0,-10000,0,0,0,0,10000,-10000,-10000
05898P,旺宏凱基96售06  ,0,0,0,0,0,0,0,0,0,-10000,0,0,0,0,10000,-10000,-10000
1525,江申            ,0,8000,-8000,0,0,0,0,1000,-1000,-1000,0,1000,-1000,0,0,0,-10000
06384P,訊芯元富97售03  ,0,0,0,0,0,0,0,0,0,-10000,0,0,0,0,10000,-10000,-10000
06408P,聯茂元富97售02  ,0,0,0,0,0,0,0,0,0,-10000,0,0,0,0,10000,-10000,-10000
06406P,可成元富97售04  ,0,0,0,0,0,0,0,0,0,-10000,0,0,0,0,10000,-10000,-10000
08859P,奇鋐國票03售01  ,0,0,0,0,0,0,0,0,0,-10000,0,0,0,0,10000,-10000,-10000
06471P,臺股指凱基99售11,0,0,0,0,0,0,0,0,0,-10000,0,0,0,0,10000,-10000,-10000
06487P,聯發科統一99售02,0,0,0,0,0,0,0,0,0,-10000,0,0,0,0,10000,-10000,-10000
2493,揚博            ,3000,13000,-10000,0,0,0,0,0,0,0,0,0,0,0,0,0,-10000
2028,威致            ,0,8000,-8000,0,0,0,0,0,0,-2000,0,2000,-2000,0,0,0,-10000
2365,昆盈            ,0,10000,-10000,0,0,0,0,0,0,0,0,0,0,0,0,0,-10000
2881B,富邦金乙特      ,0,0,0,0,0,0,0,0,0,-10000,0,10000,-10000,0,0,0,-10000
3311,閎暉            ,1000,11000,-10000,0,0,0,0,0,0,0,0,0,0,0,0,0,-10000
6189,豐藝            ,18000,27000,-9000,0,0,0,0,0,0,-1000,0,1000,-1000,0,0,0,-10000
6128,上福            ,0,10000,-10000,0,0,0,0,0,0,0,0,0,0,0,0,0,-10000
5608,四維航          ,0,10000,-10000,0,0,0,0,0,0,0,0,0,0,0,0,0,-10000
055436,晶豪科中信99購01,0,0,0,0,0,0,0,0,0,-11000,0,0,0,0,11000,-11000,-11000
055519,茂林中信99購01  ,0,0,0,0,0,0,0,0,0,-11000,0,0,0,88000,99000,-11000,-11000
05567P,致伸群益96售01  ,0,0,0,0,0,0,0,0,0,-11000,0,0,0,0,11000,-11000,-11000
055761,創意群益97購01  ,0,0,0,0,0,0,0,0,0,-11000,0,0,0,0,11000,-11000,-11000
05652P,臻鼎群益96售01  ,0,0,0,0,0,0,0,0,0,-11000,0,0,0,20000,31000,-11000,-11000
056505,聯發科永豐98購01,0,0,0,0,0,0,0,0,0,-11000,0,0,0,1147000,1158000,-11000,-11000
056091,百和統一97購01  ,0,0,0,0,0,0,0,0,0,-11000,0,0,0,17000,28000,-11000,-11000
055968,祥碩元大97購04  ,0,0,0,0,0,0,0,0,0,-11000,0,0,0,41000,52000,-11000,-11000
055935,創意群益97購02  ,0,0,0,0,0,0,0,0,0,-11000,0,0,0,0,11000,-11000,-11000
056017,台積電群益97購04,0,0,0,0,0,0,0,0,0,-11000,0,0,0,170000,181000,-11000,-11000
054863,億光群益97購01  ,0,0,0,0,0,0,0,0,0,-11000,0,0,0,39000,50000,-11000,-11000
054854,台積電麥證97購01,0,0,0,29000,40000,-11000,0,0,0,-11000,0,0,0,29000,40000,-11000,-11000
05471P,聯電統一95售01  ,0,0,0,0,0,0,0,0,0,-11000,0,0,0,0,11000,-11000,-11000
054799,超眾群益98購01  ,0,0,0,0,0,0,0,0,0,-11000,0,0,0,20000,31000,-11000,-11000
05505P,聯發科凱基96售09,0,0,0,0,0,0,0,0,0,-11000,0,0,0,15000,26000,-11000,-11000
054375,貿聯中信99購01  ,0,0,0,0,0,0,0,0,0,-11000,0,0,0,50000,61000,-11000,-11000
05452P,亞德客群益95售02,0,0,0,0,0,0,0,0,0,-11000,0,0,0,0,11000,-11000,-11000
054095,同欣電群益98購03,0,0,0,0,0,0,0,0,0,-11000,0,0,0,3000,14000,-11000,-11000
03873P,智伸科群益93售03,0,0,0,0,0,0,0,0,0,-11000,0,0,0,0,11000,-11000,-11000
04263P,南電群益93售03  ,0,0,0,0,0,0,0,0,0,-11000,0,0,0,0,11000,-11000,-11000
04420P,奇鋐永豐94售01  ,0,0,0,0,0,0,0,0,0,-11000,0,0,0,0,11000,-11000,-11000
04201P,智原群益93售01  ,0,0,0,0,0,0,0,0,0,-11000,0,0,0,0,11000,-11000,-11000
046937,聯電元大99購01  ,0,0,0,0,0,0,0,0,0,-11000,0,0,0,118000,129000,-11000,-11000
046685,世紀鋼群益93購02,0,0,0,0,0,0,0,0,0,-11000,0,0,0,0,11000,-11000,-11000
046828,聯發科群益94購01,0,0,0,0,0,0,0,0,0,-11000,0,0,0,10000,21000,-11000,-11000
046390,旺宏統一94購02  ,0,0,0,0,0,0,0,0,0,-11000,0,0,0,0,11000,-11000,-11000
05035P,聯發科元大95售06,0,0,0,0,0,0,0,0,0,-11000,0,0,0,223000,234000,-11000,-11000
050457,力成元大94購01  ,0,0,0,0,0,0,0,0,0,-11000,0,0,0,3000,14000,-11000,-11000
045640,嘉晶凱基93購01  ,0,0,0,0,0,0,0,0,0,-11000,0,0,0,2000,13000,-11000,-11000
047003,鴻海統一93購05  ,0,0,0,0,0,0,0,0,0,-11000,0,0,0,112000,123000,-11000,-11000
05073P,臺股指中信95售09,0,0,0,0,0,0,0,0,0,-11000,0,0,0,4000,15000,-11000,-11000
050742,新日興永豐94購01,0,0,0,0,0,0,0,0,0,-11000,0,0,0,350000,361000,-11000,-11000
050575,南亞科國票94購01,0,0,0,0,0,0,0,0,0,-11000,0,0,0,0,11000,-11000,-11000
048638,台光電元大94購01,0,0,0,0,0,0,0,0,0,-11000,0,0,0,0,11000,-11000,-11000
047721,GIS凱基93購04   ,0,0,0,0,0,0,0,0,0,-11000,0,0,0,0,11000,-11000,-11000
048247,聯發科兆豐93購03,0,0,0,0,0,0,0,0,0,-11000,0,0,0,30000,41000,-11000,-11000
050177,聯發科元大94購11,0,0,0,0,0,0,0,0,0,-11000,0,0,0,332000,343000,-11000,-11000
048857,晶豪科群益94購01,0,0,0,0,0,0,0,0,0,-11000,0,0,0,20000,31000,-11000,-11000
047971,南亞科富邦95購01,0,0,0,0,0,0,0,0,0,-11000,0,0,0,0,11000,-11000,-11000
047917,台積電凱基94購01,0,0,0,0,0,0,0,0,0,-11000,0,0,0,27000,38000,-11000,-11000
047855,美律國票94購01  ,0,0,0,0,0,0,0,0,0,-11000,0,0,0,31000,42000,-11000,-11000
050648,全新凱基96購01  ,0,0,0,0,0,0,0,0,0,-11000,0,0,0,0,11000,-11000,-11000
04977P,力成凱基96售01  ,0,0,0,0,0,0,0,0,0,-11000,0,0,0,0,11000,-11000,-11000
05117P,瑞昱群益95售02  ,0,0,0,0,0,0,0,0,0,-11000,0,0,0,0,11000,-11000,-11000
050832,力成凱基95購01  ,0,0,0,0,0,0,0,0,0,-11000,0,0,0,5000,16000,-11000,-11000
052325,高股息中信99購01,0,0,0,0,0,0,0,0,0,-11000,0,0,0,1000,12000,-11000,-11000
052143,鴻海群益95購09  ,0,0,0,0,0,0,0,0,0,-11000,0,0,0,0,11000,-11000,-11000
052146,泰碩群益95購01  ,0,0,0,0,0,0,0,0,0,-11000,0,0,0,0,11000,-11000,-11000
052676,聯發科永昌98購01,0,0,0,0,0,0,0,0,0,-11000,0,0,0,1060000,1071000,-11000,-11000
052653,臺股指永豐97購01,0,0,0,0,0,0,0,0,0,-11000,0,0,0,69000,80000,-11000,-11000
052469,宏碁亞東95購01  ,0,0,0,0,0,0,0,0,0,-11000,0,0,0,2000,13000,-11000,-11000
051466,玉晶光富邦97購01,0,0,0,0,0,0,0,0,0,-11000,0,0,0,30000,41000,-11000,-11000
051411,聯發科國票95購05,0,0,0,0,0,0,0,0,0,-11000,0,0,0,0,11000,-11000,-11000
053518,聯茂群益96購03  ,0,0,0,0,0,0,0,0,0,-11000,0,0,0,0,11000,-11000,-11000
053617,宏達電群益96購02,0,0,0,0,0,0,0,0,0,-11000,0,0,0,0,11000,-11000,-11000
053294,聯發科中信9C購01,0,0,0,0,0,0,0,0,0,-11000,0,0,0,45000,56000,-11000,-11000
053165,大立光群益96購03,0,0,0,0,0,0,0,0,0,-11000,0,0,0,83000,94000,-11000,-11000
6235,華孚            ,9000,19000,-10000,0,0,0,0,0,0,-1000,0,1000,-1000,0,0,0,-11000
6666,羅麗芬-KY       ,6000,17000,-11000,0,0,0,0,0,0,0,0,0,0,0,0,0,-11000
2397,友通            ,9000,17000,-8000,0,0,0,0,0,0,-3000,0,3000,-3000,0,0,0,-11000
2109,華豐            ,1000,9000,-8000,0,0,0,0,0,0,-3000,0,3000,-3000,0,0,0,-11000
06446P,大立光凱基98售10,0,0,0,0,0,0,0,0,0,-11000,0,0,0,0,11000,-11000,-11000
06420P,大立光統一98售06,0,0,0,0,0,0,0,0,0,-11000,0,0,0,10000,21000,-11000,-11000
1618,合機            ,0,10000,-10000,0,0,0,0,0,0,-1000,0,1000,-1000,0,0,0,-11000
1459,聯發            ,0,11000,-11000,0,0,0,0,0,0,0,0,0,0,0,0,0,-11000
1463,強盛            ,1000,11000,-10000,0,0,0,0,0,0,-1000,0,1000,-1000,0,0,0,-11000
05723P,華通永豐96售03  ,0,0,0,0,0,0,0,0,0,-11000,0,0,0,22000,33000,-11000,-11000
05713P,大立光統一96售05,0,0,0,0,0,0,0,0,0,-11000,0,0,0,0,11000,-11000,-11000
06133P,帆宣元富97售02  ,0,0,0,0,0,0,0,0,0,-11000,0,0,0,0,11000,-11000,-11000
054053,聯茂元大96購01  ,0,0,0,0,0,0,0,0,0,-12000,0,0,0,85000,97000,-12000,-12000
054126,和大元大96購02  ,0,0,0,0,0,0,0,0,0,-12000,0,0,0,52000,64000,-12000,-12000
055188,亞翔統一97購01  ,0,0,0,0,0,0,0,0,0,-12000,0,0,0,0,12000,-12000,-12000
054827,宏全元大9A購01  ,0,0,0,0,0,0,0,0,0,-12000,0,0,0,8000,20000,-12000,-12000
056374,聯發科統一9B購01,0,0,0,0,0,0,0,0,0,-12000,0,0,0,0,12000,-12000,-12000
055490,台光電元大97購01,0,0,0,0,0,0,0,0,0,-12000,0,0,0,0,12000,-12000,-12000
050236,旺宏凱基94購06  ,0,0,0,0,0,0,0,0,0,-12000,0,0,0,25000,37000,-12000,-12000
04673P,友達統一94售04  ,0,0,0,0,0,0,0,0,0,-12000,0,0,0,0,12000,-12000,-12000
046903,友達凱基99購01  ,0,0,0,0,0,0,0,0,0,-12000,0,0,0,20000,32000,-12000,-12000
046869,聯發科統一95購01,0,0,0,0,0,0,0,0,0,-12000,0,0,0,76000,88000,-12000,-12000
047416,台泥富邦94購01  ,0,0,0,0,0,0,0,0,0,-12000,0,0,0,420000,432000,-12000,-12000
03903P,美律永豐93售01  ,0,0,0,0,0,0,0,0,0,-12000,0,0,0,0,12000,-12000,-12000
03047X,元展44          ,0,0,0,0,0,0,0,0,0,-12000,0,0,0,0,12000,-12000,-12000
04035P,全新群益93售03  ,0,0,0,0,0,0,0,0,0,-12000,0,0,0,0,12000,-12000,-12000
03654P,GIS元大92售07   ,0,0,0,0,0,0,0,0,0,-12000,0,0,0,0,12000,-12000,-12000
03758P,GIS永豐93售01   ,0,0,0,0,0,0,0,0,0,-12000,0,0,0,20000,32000,-12000,-12000
04806P,臻鼎元富94售06  ,0,0,0,0,0,0,0,0,0,-12000,0,0,0,0,12000,-12000,-12000
049957,智邦統一94購01  ,0,0,0,0,0,0,0,0,0,-12000,0,0,0,145000,157000,-12000,-12000
047829,旺宏元大93購06  ,0,0,0,0,0,0,0,0,0,-12000,0,0,0,15000,27000,-12000,-12000
048270,T50反1富邦99購01,0,0,0,0,0,0,0,0,0,-12000,0,0,0,8000,20000,-12000,-12000
048661,瑞昱統一93購05  ,0,0,0,0,0,0,0,0,0,-12000,0,0,0,0,12000,-12000,-12000
053505,瑞儀兆豐97購01  ,0,0,0,0,0,0,0,0,0,-12000,0,0,0,0,12000,-12000,-12000
05345P,臺股指統一95售05,0,0,0,0,0,0,0,0,0,-12000,0,0,0,0,12000,-12000,-12000
05399P,GIS國票95售03   ,0,0,0,0,0,0,0,0,0,-12000,0,0,0,0,12000,-12000,-12000
053808,大成鋼群益97購01,0,0,0,0,0,0,0,0,0,-12000,0,0,0,0,12000,-12000,-12000
053738,群創麥證96購01  ,0,0,0,19000,31000,-12000,0,0,0,-12000,0,0,0,19000,31000,-12000,-12000
051440,鴻海元大95購12  ,0,0,0,0,0,0,0,0,0,-12000,0,0,0,0,12000,-12000,-12000
051692,深中小統一95購01,0,0,0,0,0,0,0,0,0,-12000,0,0,0,24000,36000,-12000,-12000
051988,台光電元大95購01,0,0,0,0,0,0,0,0,0,-12000,0,0,0,62000,74000,-12000,-12000
051997,康友元大95購02  ,0,0,0,0,0,0,0,0,0,-12000,0,0,0,13000,25000,-12000,-12000
06067P,華新科康和97售01,0,0,0,0,0,0,0,0,0,-12000,0,0,0,0,12000,-12000,-12000
06070P,漢唐永豐97售01  ,0,0,0,0,0,0,0,0,0,-12000,0,0,0,72000,84000,-12000,-12000
06268P,聯詠凱基97售02  ,0,0,0,0,0,0,0,0,0,-12000,0,0,0,0,12000,-12000,-12000
06322P,超眾統一97售04  ,0,0,0,0,0,0,0,0,0,-12000,0,0,0,20000,32000,-12000,-12000
06184P,大立光元大97售06,0,0,0,0,0,0,0,0,0,-12000,0,0,0,382000,394000,-12000,-12000
05821P,臺股指凱基96售18,0,0,0,0,0,0,0,0,0,-12000,0,0,0,220000,232000,-12000,-12000
05972P,瑞昱元大96售01  ,0,0,0,0,0,0,0,0,0,-12000,0,0,0,0,12000,-12000,-12000
1452,宏益            ,0,13000,-13000,0,0,0,0,0,0,1000,1000,0,1000,0,0,0,-12000
06431P,新日興元大97售05,0,0,0,0,0,0,0,0,0,-12000,0,0,0,30000,42000,-12000,-12000
06434P,超眾群益98售02  ,0,0,0,0,0,0,0,0,0,-12000,0,0,0,10000,22000,-12000,-12000
1232,大統益          ,3000,15000,-12000,0,0,0,0,0,0,0,0,0,0,0,0,0,-12000
2062,橋椿            ,2000,14000,-12000,0,0,0,0,0,0,0,0,0,0,0,0,0,-12000
2017,官田鋼          ,0,10000,-10000,0,0,0,0,0,0,-2000,0,2000,-2000,0,0,0,-12000
2462,良得電          ,2000,14000,-12000,0,0,0,0,0,0,0,0,0,0,0,0,0,-12000
2442,新美齊          ,137000,142000,-5000,0,0,0,0,0,0,-7000,0,7000,-7000,0,0,0,-12000
6142,友勁            ,0,20000,-20000,0,0,0,0,0,0,8000,10000,2000,8000,0,0,0,-12000
3413,京鼎            ,184000,237000,-53000,0,0,0,63000,0,63000,-22000,26000,23000,3000,14000,39000,-25000,-12000
3557,嘉威            ,0,12000,-12000,0,0,0,0,0,0,0,0,0,0,0,0,0,-12000
3694,海華            ,1000,12000,-11000,0,0,0,0,0,0,-1000,0,1000,-1000,0,0,0,-12000
055390,國巨統一98購03  ,0,0,0,0,0,0,0,0,0,-13000,0,0,0,59000,72000,-13000,-13000
056499,鴻海富邦98購02  ,0,0,0,0,0,0,0,0,0,-13000,0,0,0,20000,33000,-13000,-13000
056512,易華電永豐98購01,0,0,0,0,0,0,0,0,0,-13000,0,0,0,0,13000,-13000,-13000
056452,亞光凱基98購02  ,0,0,0,0,0,0,0,0,0,-13000,0,0,0,38000,51000,-13000,-13000
055978,大立光統一98購05,0,0,0,0,0,0,0,0,0,-13000,0,0,0,0,13000,-13000,-13000
056094,大立光元富97購03,0,0,0,0,0,0,0,0,0,-13000,0,0,0,34000,47000,-13000,-13000
054330,世芯永豐96購02  ,0,0,0,0,0,0,0,0,0,-13000,0,0,0,11000,24000,-13000,-13000
00663L,國泰臺灣加權正2 ,0,0,0,0,0,0,0,0,0,-13000,0,0,0,11000,24000,-13000,-13000
047459,全新群益93購02  ,0,0,0,0,0,0,0,0,0,-13000,0,0,0,10000,23000,-13000,-13000
047543,鴻海凱基94購09  ,0,0,0,0,0,0,0,0,0,-13000,0,0,0,8000,21000,-13000,-13000
04164P,滬深2X元富93售03,0,0,0,0,0,0,0,0,0,-13000,0,0,0,39000,52000,-13000,-13000
04148P,GIS凱基93售05   ,0,0,0,0,0,0,0,0,0,-13000,0,0,0,0,13000,-13000,-13000
044376,日月光兆豐92購01,0,0,0,0,0,0,0,0,0,-13000,0,0,0,49000,62000,-13000,-13000
04432P,昇陽半元大94售04,0,0,0,0,0,0,0,0,0,-13000,0,0,0,0,13000,-13000,-13000
046894,日月光群益93購01,0,0,0,0,0,0,0,0,0,-13000,0,0,0,20000,33000,-13000,-13000
04583P,滬深2X永豐94售06,0,0,0,0,0,0,0,0,0,-13000,0,0,0,4000,17000,-13000,-13000
045115,玉晶光永豐94購01,0,0,0,0,0,0,0,0,0,-13000,0,0,0,7000,20000,-13000,-13000
047755,麗豐元富93購01  ,0,0,0,0,0,0,0,0,0,-13000,0,0,0,311000,324000,-13000,-13000
049380,欣興元大94購04  ,0,0,0,0,0,0,0,0,0,-13000,0,0,0,0,13000,-13000,-13000
04932P,香港2X中信96售01,0,0,0,0,0,0,0,0,0,-13000,0,0,0,3000,16000,-13000,-13000
048548,緯穎永豐93購02  ,0,0,0,0,0,0,0,0,0,-13000,0,0,0,69000,82000,-13000,-13000
050553,緯穎凱基94購06  ,0,0,0,0,0,0,0,0,0,-13000,0,0,0,4000,17000,-13000,-13000
049141,旺宏元大95購01  ,0,0,0,0,0,0,0,0,0,-13000,0,0,0,3000,16000,-13000,-13000
048105,滬深2X群益99購02,0,0,0,0,0,0,0,0,0,-13000,0,0,0,10000,23000,-13000,-13000
050893,鴻海元大96購03  ,0,0,0,0,0,0,0,0,0,-13000,0,0,0,72000,85000,-13000,-13000
051866,聯發科凱基96購05,0,0,0,0,0,0,0,0,0,-13000,0,0,0,135000,148000,-13000,-13000
051579,宏碁元大95購01  ,0,0,0,0,0,0,0,0,0,-13000,0,0,0,3000,16000,-13000,-13000
052648,茂林永豐96購01  ,0,0,0,0,0,0,0,0,0,-13000,0,0,0,0,13000,-13000,-13000
052709,光寶科日盛96購01,0,0,0,0,0,0,0,0,0,-13000,0,0,0,0,13000,-13000,-13000
053994,微星群益96購01  ,0,0,0,0,0,0,0,0,0,-13000,0,0,0,80000,93000,-13000,-13000
05341P,臺股指兆豐95售02,0,0,0,0,0,0,0,0,0,-13000,0,0,0,0,13000,-13000,-13000
053504,祥碩兆豐96購01  ,0,0,0,0,0,0,0,0,0,-13000,0,0,0,21000,34000,-13000,-13000
053641,正文永豐96購01  ,0,0,0,0,0,0,0,0,0,-13000,0,0,0,55000,68000,-13000,-13000
05304P,國巨國泰97售02  ,0,0,0,0,0,0,0,0,0,-13000,0,0,0,10000,23000,-13000,-13000
6442,光聖            ,1000,14000,-13000,0,0,0,0,0,0,0,0,0,0,0,0,0,-13000
8442,威宏-KY         ,0,13000,-13000,0,0,0,0,0,0,0,0,0,0,0,0,0,-13000
2450,神腦            ,2000,7000,-5000,0,0,0,0,0,0,-8000,0,8000,-8000,0,0,0,-13000
2427,三商電          ,1000,13000,-12000,0,0,0,0,0,0,-1000,0,1000,-1000,0,0,0,-13000
2527,宏璟            ,11000,23000,-12000,0,0,0,0,0,0,-1000,0,1000,-1000,0,0,0,-13000
1108,幸福            ,0,13000,-13000,0,0,0,0,0,0,0,0,0,0,0,0,0,-13000
1721,三晃            ,5000,17000,-12000,0,0,0,0,0,0,-1000,0,1000,-1000,0,0,0,-13000
1560,中砂            ,101000,113000,-12000,0,0,0,0,0,0,-1000,0,1000,-1000,0,0,0,-13000
05921P,同欣電元大96售06,0,0,0,0,0,0,0,0,0,-13000,0,0,0,2000,15000,-13000,-13000
056611,國巨永豐98購03  ,0,0,0,0,0,0,0,0,0,-13000,0,0,0,0,13000,-13000,-13000
06265P,美律凱基97售01  ,0,0,0,0,0,0,0,0,0,-13000,0,0,0,38000,51000,-13000,-13000
06307P,聚陽元富97售02  ,0,0,0,0,0,0,0,0,0,-13000,0,0,0,0,13000,-13000,-13000
05410P,聯發科元富95售04,0,0,0,0,0,0,0,0,0,-14000,0,0,0,1000,15000,-14000,-14000
05461P,台積電亞東97售01,0,0,0,0,0,0,0,0,0,-14000,0,0,0,0,14000,-14000,-14000
054830,世芯國泰99購01  ,0,0,0,0,0,0,0,0,0,-14000,0,0,0,11000,25000,-14000,-14000
055225,華邦電國票99購01,0,0,0,0,0,0,0,0,0,-14000,0,0,0,60000,74000,-14000,-14000
055143,臻鼎永豐97購01  ,0,0,0,0,0,0,0,0,0,-14000,0,0,0,80000,94000,-14000,-14000
055126,嘉澤兆豐97購01  ,0,0,0,0,0,0,0,0,0,-14000,0,0,0,2000,16000,-14000,-14000
055119,力成凱基98購01  ,0,0,0,0,0,0,0,0,0,-14000,0,0,0,26000,40000,-14000,-14000
055998,臺股指富邦99購01,0,0,0,0,0,0,0,0,0,-14000,0,0,0,1000,15000,-14000,-14000
055944,日月光麥證97購01,0,0,0,117000,130000,-13000,0,0,0,-14000,0,0,0,120000,134000,-14000,-14000
056318,鴻海群益98購02  ,0,0,0,0,0,0,0,0,0,-14000,0,0,0,15000,29000,-14000,-14000
05631P,國巨富邦9A售01  ,0,0,0,0,0,0,0,0,0,-14000,0,0,0,46000,60000,-14000,-14000
056279,新日興富邦99購01,0,0,0,0,0,0,0,0,0,-14000,0,0,0,417000,431000,-14000,-14000
05575P,玉晶光元富96售01,0,0,0,0,0,0,0,0,0,-14000,0,0,0,4000,18000,-14000,-14000
055854,群創元大98購04  ,0,0,0,0,0,0,0,0,0,-14000,0,0,0,70000,84000,-14000,-14000
055637,亞德客元富97購01,0,0,0,0,0,0,0,0,0,-14000,0,0,0,42000,56000,-14000,-14000
046906,新光金凱基99購02,0,0,0,0,0,0,0,0,0,-14000,0,0,0,0,14000,-14000,-14000
050374,上緯控元大95購01,0,0,0,0,0,0,0,0,0,-14000,0,0,0,0,14000,-14000,-14000
044024,祥碩凱基93購01  ,0,0,0,0,0,0,0,0,0,-14000,0,0,0,0,14000,-14000,-14000
03910P,GIS元大93售09   ,0,0,0,0,0,0,0,0,0,-14000,0,0,0,0,14000,-14000,-14000
051209,百和麥證95購01  ,0,0,0,20000,34000,-14000,0,0,0,-14000,0,0,0,20000,34000,-14000,-14000
047991,元油反元大96購05,0,0,0,0,0,0,0,0,0,-14000,0,0,0,0,14000,-14000,-14000
049423,臺股指凱基95購02,0,0,0,0,0,0,0,0,0,-14000,0,0,0,64000,78000,-14000,-14000
053172,瑞儀群益97購01  ,0,0,0,0,0,0,0,0,0,-14000,0,0,0,10000,24000,-14000,-14000
053196,康控元富96購01  ,0,0,0,0,0,0,0,0,0,-14000,0,0,0,56000,70000,-14000,-14000
053087,冠德元大96購02  ,0,0,0,0,0,0,0,0,0,-14000,0,0,0,36000,50000,-14000,-14000
053783,聯發科元大96購17,0,0,0,0,0,0,0,0,0,-14000,0,0,0,16000,30000,-14000,-14000
053880,智邦中信96購01  ,0,0,0,0,0,0,0,0,0,-14000,0,0,0,155000,169000,-14000,-14000
052578,大立光統一97購01,0,0,0,0,0,0,0,0,0,-14000,0,0,0,6000,20000,-14000,-14000
051537,牧德國票96購01  ,0,0,0,0,0,0,0,0,0,-14000,0,0,0,6000,20000,-14000,-14000
06029P,聯發科台新96售02,0,0,0,0,0,0,0,0,0,-14000,0,0,0,7000,21000,-14000,-14000
06448P,華通元大99售01  ,0,0,0,0,0,0,0,0,0,-14000,0,0,0,12000,26000,-14000,-14000
2103,台橡            ,86000,75000,11000,0,0,0,0,0,0,-25000,0,25000,-25000,0,0,0,-14000
1817,凱撒衛          ,0,14000,-14000,0,0,0,0,0,0,0,0,0,0,0,0,0,-14000
2342,茂矽            ,24000,38000,-14000,0,0,0,0,0,0,0,0,0,0,0,0,0,-14000
4999,鑫禾            ,2000,14000,-12000,0,0,0,0,0,0,-2000,0,2000,-2000,0,0,0,-14000
4576,大銀微系統      ,3000,16000,-13000,0,0,0,0,0,0,-1000,0,1000,-1000,0,0,0,-14000
055723,康控元大97購04  ,0,0,0,0,0,0,0,0,0,-15000,0,0,0,52000,67000,-15000,-15000
055873,聚陽元富97購01  ,0,0,0,0,0,0,0,0,0,-15000,0,0,0,57000,72000,-15000,-15000
055874,中環元富9A購01  ,0,0,0,0,0,0,0,0,0,-15000,0,0,0,115000,130000,-15000,-15000
055876,美食元富9A購01  ,0,0,0,0,0,0,0,0,0,-15000,0,0,0,126000,141000,-15000,-15000
055346,國巨凱基98購02  ,0,0,0,0,0,0,0,0,0,-15000,0,0,0,39000,54000,-15000,-15000
055448,健策統一97購02  ,0,0,0,0,0,0,0,0,0,-15000,0,0,0,78000,93000,-15000,-15000
056287,亞光永豐97購02  ,0,0,0,0,0,0,0,0,0,-15000,0,0,0,14000,29000,-15000,-15000
056226,聯發科凱基97購10,0,0,0,0,0,0,0,0,0,-15000,0,0,0,0,15000,-15000,-15000
056263,友訊統一99購01  ,0,0,0,0,0,0,0,0,0,-15000,0,0,0,84000,99000,-15000,-15000
056482,貿聯元大99購01  ,0,0,0,0,0,0,0,0,0,-15000,0,0,0,39000,54000,-15000,-15000
056390,台積電富邦9B購01,0,0,0,0,0,0,0,0,0,-15000,0,0,0,6000,21000,-15000,-15000
056161,康控凱基98購02  ,0,0,0,0,0,0,0,0,0,-15000,0,0,0,22000,37000,-15000,-15000
055048,台積電永豐97購04,0,0,0,0,0,0,0,0,0,-15000,0,0,0,1000,16000,-15000,-15000
05517P,臻鼎元大96售01  ,0,0,0,0,0,0,0,0,0,-15000,0,0,0,36000,51000,-15000,-15000
054859,鴻海群益97購02  ,0,0,0,0,0,0,0,0,0,-15000,0,0,0,0,15000,-15000,-15000
054975,福懋科元大97購01,0,0,0,0,0,0,0,0,0,-15000,0,0,0,0,15000,-15000,-15000
054556,世芯凱基99購01  ,0,0,0,0,0,0,0,0,0,-15000,0,0,0,494000,509000,-15000,-15000
054461,台積電凱基97購09,0,0,0,0,0,0,0,0,0,-15000,0,0,0,28000,43000,-15000,-15000
054352,世芯國泰98購01  ,0,0,0,0,0,0,0,0,0,-15000,0,0,0,34000,49000,-15000,-15000
04456P,日月光統一94售01,0,0,0,0,0,0,0,0,0,-15000,0,0,0,2000,17000,-15000,-15000
04462P,全新元富96售01  ,0,0,0,0,0,0,0,0,0,-15000,0,0,0,16000,31000,-15000,-15000
043177,致新國泰93購01  ,0,0,0,0,0,0,0,0,0,-15000,0,0,0,0,15000,-15000,-15000
03620P,GIS元大92售06   ,0,0,0,0,0,0,0,0,0,-15000,0,0,0,0,15000,-15000,-15000
03412P,滬深2X群益98售01,0,0,0,0,0,0,0,0,0,-15000,0,0,0,516000,531000,-15000,-15000
043753,聯發科元大92購02,0,0,0,0,0,0,0,0,0,-15000,0,0,0,0,15000,-15000,-15000
04372P,臺股指凱基94售02,0,0,0,0,0,0,0,0,0,-15000,0,0,0,0,15000,-15000,-15000
044997,信邦國泰93購01  ,0,0,0,0,0,0,0,0,0,-15000,0,0,0,0,15000,-15000,-15000
04187P,麗豐元富93售02  ,0,0,0,0,0,0,0,0,0,-15000,0,0,0,65000,80000,-15000,-15000
04629P,康控元大94售05  ,0,0,0,0,0,0,0,0,0,-15000,0,0,0,45000,60000,-15000,-15000
050250,台郡凱基94購03  ,0,0,0,0,0,0,0,0,0,-15000,0,0,0,32000,47000,-15000,-15000
050263,旺宏元大94購10  ,0,0,0,0,0,0,0,0,0,-15000,0,0,0,161000,176000,-15000,-15000
046975,元金2X永豐93購01,0,0,0,0,0,0,0,0,0,-15000,0,0,0,0,15000,-15000,-15000
04723P,美律凱基94售06  ,0,0,0,0,0,0,0,0,0,-15000,0,0,0,62000,77000,-15000,-15000
046067,富邦金凱基92購02,0,0,0,0,0,0,0,0,0,-15000,0,0,0,5000,20000,-15000,-15000
046039,新日興元大92購02,0,0,0,0,0,0,0,0,0,-15000,0,0,0,1000,16000,-15000,-15000
045059,同欣電國泰93購01,0,0,0,0,0,0,0,0,0,-15000,0,0,0,0,15000,-15000,-15000
04638P,臺股指群益94售13,0,0,0,0,0,0,0,0,0,-15000,0,0,0,0,15000,-15000,-15000
046509,中壽元大92購01  ,0,0,0,0,0,0,0,0,0,-15000,0,0,0,5000,20000,-15000,-15000
045751,智邦國泰93購01  ,0,0,0,0,0,0,0,0,0,-15000,0,0,0,0,15000,-15000,-15000
045213,A50正2元大95購01,0,0,0,0,0,0,0,0,0,-15000,0,0,0,30000,45000,-15000,-15000
04800P,聯茂元大94售08  ,0,0,0,0,0,0,0,0,0,-15000,0,0,0,10000,25000,-15000,-15000
047723,廣宇群益94購01  ,0,0,0,0,0,0,0,0,0,-15000,0,0,0,0,15000,-15000,-15000
049158,元油2X中信94購03,0,0,0,0,0,0,0,0,0,-15000,0,0,0,0,15000,-15000,-15000
049132,大成鋼元大94購01,0,0,0,0,0,0,0,0,0,-15000,0,0,0,0,15000,-15000,-15000
050201,光磊群益94購01  ,0,0,0,0,0,0,0,0,0,-15000,0,0,0,29000,44000,-15000,-15000
04785P,鴻海永豐94售03  ,0,0,0,0,0,0,0,0,0,-15000,0,0,0,15000,30000,-15000,-15000
049692,可成元大94購07  ,0,0,0,0,0,0,0,0,0,-15000,0,0,0,0,15000,-15000,-15000
050003,景碩永豐94購01  ,0,0,0,0,0,0,0,0,0,-15000,0,0,0,0,15000,-15000,-15000
051252,健鼎元大95購01  ,0,0,0,0,0,0,0,0,0,-15000,0,0,0,329000,344000,-15000,-15000
051223,台化群益95購01  ,0,0,0,0,0,0,0,0,0,-15000,0,0,0,0,15000,-15000,-15000
05099P,台積電凱基95售06,0,0,0,0,0,0,0,0,0,-15000,0,0,0,0,15000,-15000,-15000
051544,T50反1康和98購01,0,0,0,0,0,0,0,0,0,-15000,0,0,0,35000,50000,-15000,-15000
051509,鴻海中信97購01  ,0,0,0,0,0,0,0,0,0,-15000,0,0,0,0,15000,-15000,-15000
051608,新日興群益96購01,0,0,0,0,0,0,0,0,0,-15000,0,0,0,9000,24000,-15000,-15000
051334,宏達電永豐95購01,0,0,0,0,0,0,0,0,0,-15000,0,0,0,32000,47000,-15000,-15000
051876,宏達電國票96購01,0,0,0,0,0,0,0,0,0,-15000,0,0,0,22000,37000,-15000,-15000
051912,健鼎元大96購01  ,0,0,0,0,0,0,0,0,0,-15000,0,0,0,149000,164000,-15000,-15000
052611,力成元大96購02  ,0,0,0,0,0,0,0,0,0,-15000,0,0,0,6000,21000,-15000,-15000
05246P,南電元大95售04  ,0,0,0,0,0,0,0,0,0,-15000,0,0,0,0,15000,-15000,-15000
052494,百和中信95購02  ,0,0,0,0,0,0,0,0,0,-15000,0,0,0,15000,30000,-15000,-15000
053881,南亞科中信97購01,0,0,0,0,0,0,0,0,0,-15000,0,0,0,18000,33000,-15000,-15000
053718,全新凱基97購02  ,0,0,0,0,0,0,0,0,0,-15000,0,0,0,1000,16000,-15000,-15000
053553,聯詠凱基96購03  ,0,0,0,0,0,0,0,0,0,-15000,0,0,0,0,15000,-15000,-15000
053298,SP黃豆凱基99購01,0,0,0,0,0,0,0,0,0,-15000,0,0,0,0,15000,-15000,-15000
052918,智易富邦97購02  ,0,0,0,0,0,0,0,0,0,-15000,0,0,0,0,15000,-15000,-15000
052933,祥碩元大96購01  ,0,0,0,0,0,0,0,0,0,-15000,0,0,0,16000,31000,-15000,-15000
052761,可成群益96購02  ,0,0,0,0,0,0,0,0,0,-15000,0,0,0,10000,25000,-15000,-15000
052771,GIS群益96購01   ,0,0,0,0,0,0,0,0,0,-15000,0,0,0,20000,35000,-15000,-15000
6136,富爾特          ,1000,15000,-14000,0,0,0,0,0,0,-1000,0,1000,-1000,0,0,0,-15000
6108,競國            ,65000,75000,-10000,0,0,0,0,0,0,-5000,0,5000,-5000,0,0,0,-15000
911868,同方友友-DR     ,0,15000,-15000,0,0,0,0,0,0,0,0,0,0,0,0,0,-15000
911608,明輝-DR         ,0,15000,-15000,0,0,0,0,0,0,0,0,0,0,0,0,0,-15000
9917,中保科          ,108000,107000,1000,0,0,0,0,0,0,-16000,0,16000,-16000,0,0,0,-15000
2597,潤弘            ,4000,10000,-6000,0,0,0,0,0,0,-9000,0,9000,-9000,0,0,0,-15000
2701,萬企            ,0,13000,-13000,0,0,0,0,0,0,-2000,0,2000,-2000,0,0,0,-15000
2488,漢平            ,8000,23000,-15000,0,0,0,0,0,0,0,0,0,0,0,0,0,-15000
08671P,友訊國票01售01  ,0,0,0,0,0,0,0,0,0,-15000,0,0,0,0,15000,-15000,-15000
08484P,台灣50中信96售01,0,0,0,0,0,0,0,0,0,-15000,0,0,0,5000,20000,-15000,-15000
1451,年興            ,11000,28000,-17000,0,0,0,0,0,0,2000,2000,0,2000,0,0,0,-15000
1337,再生-KY         ,3000,17000,-14000,0,0,0,0,0,0,-1000,0,1000,-1000,0,0,0,-15000
06057P,大立光凱基98售01,0,0,0,0,0,0,0,0,0,-15000,0,0,0,10000,25000,-15000,-15000
06162P,大立光群益97售02,0,0,0,0,0,0,0,0,0,-15000,0,0,0,100000,115000,-15000,-15000
056577,玉晶光元大99購06,0,0,0,0,0,0,0,0,0,-15000,0,0,0,0,15000,-15000,-15000
05840P,臺股指富邦96售07,0,0,0,0,0,0,0,0,0,-15000,0,0,0,0,15000,-15000,-15000
05855P,滬深2X中信9C售01,0,0,0,0,0,0,0,0,0,-15000,0,0,0,0,15000,-15000,-15000
05874P,台積電群益96售10,0,0,0,0,0,0,0,0,0,-15000,0,0,0,0,15000,-15000,-15000
054565,玉晶光群益99購02,0,0,0,0,0,0,0,0,0,-16000,0,0,0,7000,23000,-16000,-16000
054621,華新科兆豐98購01,0,0,0,0,0,0,0,0,0,-16000,0,0,0,191000,207000,-16000,-16000
054668,傳奇元富97購03  ,0,0,0,0,0,0,0,0,0,-16000,0,0,0,0,16000,-16000,-16000
054801,康友群益97購02  ,0,0,0,0,0,0,0,0,0,-16000,0,0,0,33000,49000,-16000,-16000
055148,鴻海元大98購02  ,0,0,0,0,0,0,0,0,0,-16000,0,0,0,690000,706000,-16000,-16000
05613P,臻鼎台新96售01  ,0,0,0,0,0,0,0,0,0,-16000,0,0,0,5000,21000,-16000,-16000
056117,宏達電群益97購02,0,0,0,0,0,0,0,0,0,-16000,0,0,0,0,16000,-16000,-16000
056562,奇力新群益98購01,0,0,0,0,0,0,0,0,0,-16000,0,0,0,110000,126000,-16000,-16000
056383,上銀國泰99購01  ,0,0,0,0,0,0,0,0,0,-16000,0,0,0,20000,36000,-16000,-16000
055501,創意元大97購01  ,0,0,0,0,0,0,0,0,0,-16000,0,0,0,76000,92000,-16000,-16000
055550,華邦電凱基97購03,0,0,0,0,0,0,0,0,0,-16000,0,0,0,47000,63000,-16000,-16000
05529P,臺股指群益96售02,0,0,0,0,0,0,0,0,0,-16000,0,0,0,9000,25000,-16000,-16000
055311,健策群益98購02  ,0,0,0,0,0,0,0,0,0,-16000,0,0,0,85000,101000,-16000,-16000
055712,金寶元大97購02  ,0,0,0,0,0,0,0,0,0,-16000,0,0,0,375000,391000,-16000,-16000
045086,玉晶光元大94購02,0,0,0,0,0,0,0,0,0,-16000,0,0,0,0,16000,-16000,-16000
047222,鴻海凱基94購04  ,0,0,0,0,0,0,0,0,0,-16000,0,0,0,13000,29000,-16000,-16000
04726P,TPK凱基94售04   ,0,0,0,0,0,0,0,0,0,-16000,0,0,0,0,16000,-16000,-16000
05043P,佳世達元富95售01,0,0,0,0,0,0,0,0,0,-16000,0,0,0,0,16000,-16000,-16000
03351P,台積電麥證02售07,0,0,0,0,0,0,0,0,0,-16000,0,0,0,4000,20000,-16000,-16000
044464,滬深2X群益95購01,0,0,0,0,0,0,0,0,0,-16000,0,0,0,167000,183000,-16000,-16000
00690,兆豐藍籌30      ,0,0,0,0,0,0,0,0,0,-16000,0,0,0,162000,178000,-16000,-16000
051106,華通統一95購02  ,0,0,0,0,0,0,0,0,0,-16000,0,0,0,0,16000,-16000,-16000
051042,中磊永豐95購01  ,0,0,0,0,0,0,0,0,0,-16000,0,0,0,11000,27000,-16000,-16000
04898P,瑞儀中信95售01  ,0,0,0,0,0,0,0,0,0,-16000,0,0,0,177000,193000,-16000,-16000
047997,南亞科元大93購03,0,0,0,0,0,0,0,0,0,-16000,0,0,0,14000,30000,-16000,-16000
05060P,台達電富邦97售02,0,0,0,0,0,0,0,0,0,-16000,0,0,0,0,16000,-16000,-16000
049498,茂林元大95購01  ,0,0,0,0,0,0,0,0,0,-16000,0,0,0,19000,35000,-16000,-16000
049595,麗豐元大95購01  ,0,0,0,0,0,0,0,0,0,-16000,0,0,0,701000,717000,-16000,-16000
052957,T50反1凱基99購01,0,0,0,0,0,0,0,0,0,-16000,0,0,0,0,16000,-16000,-16000
053006,玉晶光永豐96購03,0,0,0,0,0,0,0,0,0,-16000,0,0,0,4000,20000,-16000,-16000
053343,宏達電國票97購02,0,0,0,0,0,0,0,0,0,-16000,0,0,0,0,16000,-16000,-16000
053149,京元電元大96購02,0,0,0,0,0,0,0,0,0,-16000,0,0,0,59000,75000,-16000,-16000
053412,台達電國票97購02,0,0,0,0,0,0,0,0,0,-16000,0,0,0,5000,21000,-16000,-16000
053861,台光電元大98購01,0,0,0,0,0,0,0,0,0,-16000,0,0,0,0,16000,-16000,-16000
053805,奇鋐凱基98購02  ,0,0,0,0,0,0,0,0,0,-16000,0,0,0,14000,30000,-16000,-16000
052489,義隆國票96購02  ,0,0,0,0,0,0,0,0,0,-16000,0,0,0,4000,20000,-16000,-16000
05240P,玉晶光永豐96售01,0,0,0,0,0,0,0,0,0,-16000,0,0,0,40000,56000,-16000,-16000
05262P,台積電元大95售19,0,0,0,0,0,0,0,0,0,-16000,0,0,0,0,16000,-16000,-16000
05268P,玉晶光元大98售01,0,0,0,0,0,0,0,0,0,-16000,0,0,0,213000,229000,-16000,-16000
052311,台積電富邦95購09,0,0,0,0,0,0,0,0,0,-16000,0,0,0,4000,20000,-16000,-16000
05192P,玉晶光台新96售02,0,0,0,0,0,0,0,0,0,-16000,0,0,0,0,16000,-16000,-16000
051849,旺宏中信98購01  ,0,0,0,0,0,0,0,0,0,-16000,0,0,0,10000,26000,-16000,-16000
051442,正崴元大95購02  ,0,0,0,0,0,0,0,0,0,-16000,0,0,0,30000,46000,-16000,-16000
05151P,台光電群益95售02,0,0,0,0,0,0,0,0,0,-16000,0,0,0,24000,40000,-16000,-16000
05986P,大立光統一97售03,0,0,0,0,0,0,0,0,0,-16000,0,0,0,97000,113000,-16000,-16000
06054P,臺股指中信9A售01,0,0,0,0,0,0,0,0,0,-16000,0,0,0,0,16000,-16000,-16000
06333P,臺股指群益9C售02,0,0,0,0,0,0,0,0,0,-16000,0,0,0,0,16000,-16000,-16000
06365P,鴻海凱基97售09  ,0,0,0,0,0,0,0,0,0,-16000,0,0,0,4000,20000,-16000,-16000
06227P,大立光群益97售04,0,0,0,0,0,0,0,0,0,-16000,0,0,0,80000,96000,-16000,-16000
1519,華城            ,243000,257000,-14000,0,0,0,0,0,0,-2000,0,2000,-2000,0,0,0,-16000
1614,三洋電          ,2000,17000,-15000,0,0,0,0,0,0,-1000,0,1000,-1000,0,0,0,-16000
2472,立隆電          ,123000,132000,-9000,0,0,0,0,0,0,-7000,15000,22000,-7000,0,0,0,-16000
2414,精技            ,3000,18000,-15000,0,0,0,0,0,0,-1000,0,1000,-1000,0,0,0,-16000
2022,聚亨            ,7000,21000,-14000,0,0,0,0,0,0,-2000,0,2000,-2000,0,0,0,-16000
8249,菱光            ,1000,17000,-16000,0,0,0,0,0,0,0,0,0,0,0,0,0,-16000
6641,基士德-KY       ,3000,19000,-16000,0,0,0,0,0,0,0,0,0,0,0,0,0,-16000
9930,中聯資源        ,0,16000,-16000,0,0,0,0,0,0,0,0,0,0,0,0,0,-16000
6024,群益期          ,6000,22000,-16000,0,0,0,0,0,0,0,0,0,0,0,0,0,-16000
5225,東科-KY         ,19000,35000,-16000,0,0,0,0,0,0,0,0,0,0,0,0,0,-16000
055581,和大元大97購04  ,0,0,0,0,0,0,0,0,0,-17000,0,0,0,8000,25000,-17000,-17000
056357,台積電元大9A購01,0,0,0,0,0,0,0,0,0,-17000,0,0,0,193000,210000,-17000,-17000
05605P,嘉聯益元大97售02,0,0,0,0,0,0,0,0,0,-17000,0,0,0,4000,21000,-17000,-17000
055055,精元永豐97購01  ,0,0,0,0,0,0,0,0,0,-17000,0,0,0,51000,68000,-17000,-17000
055163,訊芯元大98購01  ,0,0,0,0,0,0,0,0,0,-17000,0,0,0,228000,245000,-17000,-17000
054554,大立光凱基98購02,0,0,0,0,0,0,0,0,0,-17000,0,0,0,0,17000,-17000,-17000
054477,聯發科中信9C購02,0,0,0,0,0,0,0,0,0,-17000,0,0,0,0,17000,-17000,-17000
054066,緯穎國票97購03  ,0,0,0,0,0,0,0,0,0,-17000,0,0,0,8000,25000,-17000,-17000
00731,FH富時高息低波  ,1000,1000,0,0,0,0,0,0,0,-17000,0,0,0,17000,34000,-17000,-17000
04289P,臺股指中信95售07,0,0,0,0,0,0,0,0,0,-17000,0,0,0,0,17000,-17000,-17000
050253,百和國泰96購01  ,0,0,0,0,0,0,0,0,0,-17000,0,0,0,112000,129000,-17000,-17000
047052,大毅國票93購01  ,0,0,0,0,0,0,0,0,0,-17000,0,0,0,32000,49000,-17000,-17000
045630,技嘉凱基93購02  ,0,0,0,0,0,0,0,0,0,-17000,0,0,0,3000,20000,-17000,-17000
048367,華邦電統一93購01,0,0,0,0,0,0,0,0,0,-17000,0,0,0,35000,52000,-17000,-17000
048475,台郡永豐93購02  ,0,0,0,0,0,0,0,0,0,-17000,0,0,0,3000,20000,-17000,-17000
04817P,創意國票95售02  ,0,0,0,0,0,0,0,0,0,-17000,0,0,0,0,17000,-17000,-17000
050558,台積電統一94購14,0,0,0,0,0,0,0,0,0,-17000,0,0,0,123000,140000,-17000,-17000
050034,智伸科元大94購01,0,0,0,0,0,0,0,0,0,-17000,0,0,0,0,17000,-17000,-17000
047901,復盛群益93購01  ,0,0,0,0,0,0,0,0,0,-17000,0,0,0,0,17000,-17000,-17000
050624,鈺齊元大94購01  ,0,0,0,0,0,0,0,0,0,-17000,0,0,0,3000,20000,-17000,-17000
051241,台積電元大95購13,0,0,0,0,0,0,0,0,0,-17000,0,0,0,405000,422000,-17000,-17000
051272,嘉晶群益95購01  ,0,0,0,0,0,0,0,0,0,-17000,0,0,0,0,17000,-17000,-17000
052585,友達永豐97購01  ,0,0,0,0,0,0,0,0,0,-17000,0,0,0,148000,165000,-17000,-17000
052446,聯發科元大96購03,0,0,0,0,0,0,0,0,0,-17000,0,0,0,0,17000,-17000,-17000
053232,友達永豐97購02  ,0,0,0,0,0,0,0,0,0,-17000,0,0,0,102000,119000,-17000,-17000
052766,玉晶光群益9A購01,0,0,0,0,0,0,0,0,0,-17000,0,0,0,31000,48000,-17000,-17000
4956,光鋐            ,11000,28000,-17000,0,0,0,0,0,0,0,0,0,0,0,0,0,-17000
3266,昇陽            ,1000,17000,-16000,0,0,0,0,0,0,-1000,0,1000,-1000,0,0,0,-17000
1810,和成            ,0,16000,-16000,0,0,0,0,0,0,-1000,0,1000,-1000,0,0,0,-17000
2704,國賓            ,17000,33000,-16000,0,0,0,0,0,0,-1000,0,1000,-1000,0,0,0,-17000
1256,鮮活果汁-KY     ,5000,22000,-17000,0,0,0,0,0,0,0,0,0,0,0,0,0,-17000
06228P,亞德客凱基97售04,0,0,0,0,0,0,0,0,0,-17000,0,0,0,0,17000,-17000,-17000
06142P,台虹康和97售02  ,0,0,0,0,0,0,0,0,0,-17000,0,0,0,43000,60000,-17000,-17000
05860P,旺宏康和96售01  ,0,0,0,0,0,0,0,0,0,-17000,0,0,0,0,17000,-17000,-17000
054277,亞光群益97購01  ,0,0,0,0,0,0,0,0,0,-18000,0,0,0,0,18000,-18000,-18000
055061,聯詠永豐97購01  ,0,0,0,0,0,0,0,0,0,-18000,0,0,0,0,18000,-18000,-18000
056274,彩晶統一98購02  ,0,0,0,0,0,0,0,0,0,-18000,0,0,0,18000,36000,-18000,-18000
056411,緯穎國票99購01  ,0,0,0,0,0,0,0,0,0,-18000,0,0,0,12000,30000,-18000,-18000
055674,南港康和97購02  ,0,0,0,0,0,0,0,0,0,-18000,0,0,0,18000,36000,-18000,-18000
047030,日月光元大93購02,0,0,0,0,0,0,0,0,0,-18000,0,0,0,38000,56000,-18000,-18000
04505P,佳世達元富96售03,0,0,0,0,0,0,0,0,0,-18000,0,0,0,0,18000,-18000,-18000
04621P,楠梓電統一94售02,0,0,0,0,0,0,0,0,0,-18000,0,0,0,0,18000,-18000,-18000
04287P,A50正2中信96售01,0,0,0,0,0,0,0,0,0,-18000,0,0,0,120000,138000,-18000,-18000
04751P,智邦兆豐95售02  ,0,0,0,0,0,0,0,0,0,-18000,0,0,0,292000,310000,-18000,-18000
00651R,FH香港反1       ,0,76000,-76000,0,0,0,0,0,0,58000,0,0,0,697000,639000,58000,-18000
03418B,臺股指元大95熊20,0,0,0,0,0,0,0,0,0,-18000,0,0,0,80000,98000,-18000,-18000
04310P,京元電統一93售03,0,0,0,0,0,0,0,0,0,-18000,0,0,0,0,18000,-18000,-18000
044671,台積電兆豐93購01,0,0,0,0,0,0,0,0,0,-18000,0,0,0,34000,52000,-18000,-18000
049718,南亞科凱基94購04,0,0,0,0,0,0,0,0,0,-18000,0,0,0,0,18000,-18000,-18000
048821,光磊凱基95購01  ,0,0,0,0,0,0,0,0,0,-18000,0,0,0,118000,136000,-18000,-18000
048887,牧德元富94購01  ,0,0,0,0,0,0,0,0,0,-18000,0,0,0,2000,20000,-18000,-18000
047746,宏碁元富93購01  ,0,0,0,0,0,0,0,0,0,-18000,0,0,0,2000,20000,-18000,-18000
048221,鴻海凱基95購01  ,0,0,0,0,0,0,0,0,0,-18000,0,0,0,0,18000,-18000,-18000
048243,儒鴻兆豐94購01  ,0,0,0,0,0,0,0,0,0,-18000,0,0,0,95000,113000,-18000,-18000
052845,旺宏統一97購01  ,0,0,0,0,0,0,0,0,0,-18000,0,0,0,27000,45000,-18000,-18000
052731,宏達電國泰98購01,0,0,0,0,0,0,0,0,0,-18000,0,0,0,12000,30000,-18000,-18000
052352,力成元富95購01  ,0,0,0,0,0,0,0,0,0,-18000,0,0,0,0,18000,-18000,-18000
051873,緯穎凱基95購02  ,0,0,0,0,0,0,0,0,0,-18000,0,0,0,239000,257000,-18000,-18000
05183P,台積電元富95售07,0,0,0,0,0,0,0,0,0,-18000,0,0,0,0,18000,-18000,-18000
05944P,富邦金中信96售01,0,0,0,0,0,0,0,0,0,-18000,0,0,0,32000,50000,-18000,-18000
05793P,臺股指中信99售08,0,0,0,0,0,0,0,0,0,-18000,0,0,0,5000,23000,-18000,-18000
05784P,臺股指元大96售18,0,0,0,0,0,0,0,0,0,-18000,0,0,0,0,18000,-18000,-18000
06091P,華新科統一97售01,0,0,0,0,0,0,0,0,0,-18000,0,0,0,0,18000,-18000,-18000
06002P,華通康和96售01  ,0,0,0,0,0,0,0,0,0,-18000,0,0,0,100000,118000,-18000,-18000
06202P,大立光元大98售06,0,0,0,0,0,0,0,0,0,-18000,0,0,0,565000,583000,-18000,-18000
06295P,國巨元大97售14  ,0,0,0,0,0,0,0,0,0,-18000,0,0,0,0,18000,-18000,-18000
06452P,大立光元大98售08,0,0,0,0,0,0,0,0,0,-18000,0,0,0,135000,153000,-18000,-18000
06396P,新日興康和97售01,0,0,0,0,0,0,0,0,0,-18000,0,0,0,0,18000,-18000,-18000
1808,潤隆            ,88000,88000,0,0,0,0,0,0,0,-18000,0,18000,-18000,0,0,0,-18000
2231,為升            ,53000,122000,-69000,0,0,0,80000,0,80000,-29000,1000,23000,-22000,7000,14000,-7000,-18000
2908,特力            ,4000,21000,-17000,0,0,0,0,0,0,-1000,0,1000,-1000,0,0,0,-18000
056437,台積電凱基98購11,0,0,0,0,0,0,0,0,0,-19000,0,0,0,1000,20000,-19000,-19000
056560,旺宏群益98購03  ,0,0,0,0,0,0,0,0,0,-19000,0,0,0,0,19000,-19000,-19000
055997,矽創國泰99購01  ,0,0,0,0,0,0,0,0,0,-19000,0,0,0,71000,90000,-19000,-19000
055939,GIS群益97購01   ,0,0,0,0,0,0,0,0,0,-19000,0,0,0,11000,30000,-19000,-19000
056120,聯茂群益97購02  ,0,0,0,0,0,0,0,0,0,-19000,0,0,0,24000,43000,-19000,-19000
056072,群創元大97購01  ,0,0,0,0,0,0,0,0,0,-19000,0,0,0,130000,149000,-19000,-19000
055150,台積電元大98購04,0,0,0,0,0,0,0,0,0,-19000,0,0,0,20000,39000,-19000,-19000
055194,昇陽半元富97購01,0,0,0,0,0,0,0,0,0,-19000,0,0,0,17000,36000,-19000,-19000
054836,勤誠中信97購01  ,0,0,0,0,0,0,0,0,0,-19000,0,0,0,17000,36000,-19000,-19000
054260,貿聯元大96購03  ,0,0,0,0,0,0,0,0,0,-19000,0,0,0,6000,25000,-19000,-19000
01010T,京城樂富R1      ,0,0,0,0,0,0,0,0,0,-19000,0,19000,-19000,0,0,0,-19000
04038P,聯茂群益93售03  ,0,0,0,0,0,0,0,0,0,-19000,0,0,0,11000,30000,-19000,-19000
04742P,瑞昱統一94售01  ,0,0,0,0,0,0,0,0,0,-19000,0,0,0,41000,60000,-19000,-19000
046552,晶技麥證92購01  ,0,0,0,0,19000,-19000,0,0,0,-19000,0,0,0,0,19000,-19000,-19000
047288,台郡統一93購01  ,0,0,0,0,0,0,0,0,0,-19000,0,0,0,1000,20000,-19000,-19000
048220,鴻海凱基93購35  ,0,0,0,0,0,0,0,0,0,-19000,0,0,0,1000,20000,-19000,-19000
048664,華新科統一94購01,0,0,0,0,0,0,0,0,0,-19000,0,0,0,31000,50000,-19000,-19000
048581,南亞科富邦93購02,0,0,0,0,0,0,0,0,0,-19000,0,0,0,1000,20000,-19000,-19000
050704,復盛凱基94購03  ,0,0,0,0,0,0,0,0,0,-19000,0,0,0,0,19000,-19000,-19000
051000,台郡元大96購01  ,0,0,0,0,0,0,0,0,0,-19000,0,0,0,122000,141000,-19000,-19000
051841,南茂國泰96購01  ,0,0,0,0,0,0,0,0,0,-19000,0,0,0,1000,20000,-19000,-19000
051749,矽力國泰97購01  ,0,0,0,0,0,0,0,0,0,-19000,0,0,0,39000,58000,-19000,-19000
051562,玉晶光國泰97購05,0,0,0,0,0,0,0,0,0,-19000,0,0,0,0,19000,-19000,-19000
051577,台積電元大97購03,0,0,0,0,0,0,0,0,0,-19000,0,0,0,110000,129000,-19000,-19000
051381,玉晶光群益98購01,0,0,0,0,0,0,0,0,0,-19000,0,0,0,2000,21000,-19000,-19000
05230P,京元電群益95售01,0,0,0,0,0,0,0,0,0,-19000,0,0,0,1000,20000,-19000,-19000
052307,潤泰全國泰96購01,0,0,0,0,0,0,0,0,0,-19000,0,0,0,1000,20000,-19000,-19000
052343,同欣電凱基95購03,0,0,0,0,0,0,0,0,0,-19000,0,0,0,1000,20000,-19000,-19000
05233P,台郡台新95售02  ,0,0,0,0,0,0,0,0,0,-19000,0,0,0,0,19000,-19000,-19000
052167,亞泥元大96購01  ,0,0,0,0,0,0,0,0,0,-19000,0,0,0,9000,28000,-19000,-19000
05247P,上銀群益95售01  ,0,0,0,0,0,0,0,0,0,-19000,0,0,0,1000,20000,-19000,-19000
052926,旺宏元大98購02  ,0,0,0,0,0,0,0,0,0,-19000,0,0,0,771000,790000,-19000,-19000
05382P,電子類群益95售02,0,0,0,0,0,0,0,0,0,-19000,0,0,0,1000,20000,-19000,-19000
053979,健策元大98購01  ,0,0,0,0,0,0,0,0,0,-19000,0,0,0,101000,120000,-19000,-19000
053517,崇越群益97購01  ,0,0,0,0,0,0,0,0,0,-19000,0,0,0,6000,25000,-19000,-19000
3013,晟銘電          ,2000,20000,-18000,0,0,0,0,0,0,-1000,0,1000,-1000,0,0,0,-19000
3029,零壹            ,77000,95000,-18000,0,0,0,0,0,0,-1000,0,1000,-1000,0,0,0,-19000
4141,龍燈-KY         ,0,18000,-18000,0,0,0,0,0,0,-1000,0,1000,-1000,0,0,0,-19000
9908,大台北          ,4000,22000,-18000,0,0,0,0,0,0,-1000,0,1000,-1000,0,0,0,-19000
06376P,上銀統一99售01  ,0,0,0,0,0,0,0,0,0,-19000,0,0,0,165000,184000,-19000,-19000
1307,三芳            ,6000,24000,-18000,0,0,0,0,0,0,-1000,0,1000,-1000,0,0,0,-19000
06104P,大立光凱基97售04,0,0,0,0,0,0,0,0,0,-19000,0,0,0,16000,35000,-19000,-19000
054226,燿華元富96購02  ,0,0,0,0,0,0,0,0,0,-20000,0,0,0,45000,65000,-20000,-20000
054217,台表科國票97購05,0,0,0,0,0,0,0,0,0,-20000,0,0,0,0,20000,-20000,-20000
054287,台積電元大97購11,0,0,0,0,0,0,0,0,0,-20000,0,0,0,70000,90000,-20000,-20000
054055,全新國票99購02  ,0,0,0,0,0,0,0,0,0,-20000,0,0,0,0,20000,-20000,-20000
054476,聯發科中信96購03,0,0,0,0,0,0,0,0,0,-20000,0,0,0,0,20000,-20000,-20000
054583,玉晶光統一97購02,0,0,0,0,0,0,0,0,0,-20000,0,0,0,0,20000,-20000,-20000
054628,可成凱基98購01  ,0,0,0,0,0,0,0,0,0,-20000,0,0,0,10000,30000,-20000,-20000
05463P,創意國票96售04  ,0,0,0,0,0,0,0,0,0,-20000,0,0,0,0,20000,-20000,-20000
054617,超眾永豐97購01  ,0,0,0,0,0,0,0,0,0,-20000,0,0,0,0,20000,-20000,-20000
054807,台化元大9A購02  ,0,0,0,0,0,0,0,0,0,-20000,0,0,0,0,20000,-20000,-20000
054809,大成鋼元大97購01,0,0,0,0,0,0,0,0,0,-20000,0,0,0,0,20000,-20000,-20000
05476P,聯發科群益95售06,0,0,0,0,0,0,0,0,0,-20000,0,0,0,0,20000,-20000,-20000
054756,世紀鋼凱基99購01,0,0,0,0,0,0,0,0,0,-20000,0,0,0,0,20000,-20000,-20000
05518P,T50反1凱基98售03,0,0,0,0,0,0,0,0,0,-20000,0,0,0,0,20000,-20000,-20000
055239,帆宣台新97購01  ,0,0,0,0,0,0,0,0,0,-20000,0,0,0,0,20000,-20000,-20000
055301,台虹元大97購01  ,0,0,0,0,0,0,0,0,0,-20000,0,0,0,0,20000,-20000,-20000
05499P,聯詠元富95售02  ,0,0,0,0,0,0,0,0,0,-20000,0,0,0,0,20000,-20000,-20000
054994,建準元富97購01  ,0,0,0,0,0,0,0,0,0,-20000,0,0,0,0,20000,-20000,-20000
055135,聯發科富邦99購05,0,0,0,0,0,0,0,0,0,-20000,0,0,0,0,20000,-20000,-20000
055098,臺股指群益97購01,0,0,0,0,0,0,0,0,0,-20000,0,0,0,0,20000,-20000,-20000
055077,臺股指永豐97購02,0,0,0,0,0,0,0,0,0,-20000,0,0,0,10000,30000,-20000,-20000
05592P,可成群益96售03  ,0,0,0,0,0,0,0,0,0,-20000,0,0,0,0,20000,-20000,-20000
056012,勤誠中信99購01  ,0,0,0,0,0,0,0,0,0,-20000,0,0,0,0,20000,-20000,-20000
056060,宏達電元大99購01,0,0,0,0,0,0,0,0,0,-20000,0,0,0,0,20000,-20000,-20000
056516,晶豪科兆豐98購01,0,0,0,0,0,0,0,0,0,-20000,0,0,0,0,20000,-20000,-20000
056511,超眾永豐98購01  ,0,0,0,0,0,0,0,0,0,-20000,0,0,0,24000,44000,-20000,-20000
056431,鴻海凱基98購07  ,0,0,0,0,0,0,0,0,0,-20000,0,0,0,20000,40000,-20000,-20000
056402,智易群益98購02  ,0,0,0,0,0,0,0,0,0,-20000,0,0,0,10000,30000,-20000,-20000
056483,TPK元大98購01   ,0,0,0,0,0,0,0,0,0,-20000,0,0,0,0,20000,-20000,-20000
056480,京鼎元大98購02  ,0,0,0,0,0,0,0,0,0,-20000,0,0,0,8000,28000,-20000,-20000
056462,訊芯凱基98購03  ,0,0,0,0,0,0,0,0,0,-20000,0,0,0,0,20000,-20000,-20000
05589P,大立光中信9A售01,0,0,0,0,0,0,0,0,0,-20000,0,0,0,0,20000,-20000,-20000
05550P,臺股指元大96售07,0,0,0,0,0,0,0,0,0,-20000,0,0,0,0,20000,-20000,-20000
055455,健策國泰98購02  ,0,0,0,0,0,0,0,0,0,-20000,0,0,0,10000,30000,-20000,-20000
055485,國巨元大97購09  ,0,0,0,0,0,0,0,0,0,-20000,0,0,0,15000,35000,-20000,-20000
055362,GIS凱基97購03   ,0,0,0,0,0,0,0,0,0,-20000,0,0,0,0,20000,-20000,-20000
047050,可成國票93購02  ,0,0,0,0,0,0,0,0,0,-20000,0,0,0,0,20000,-20000,-20000
047026,大毅元大93購02  ,0,0,0,0,0,0,0,0,0,-20000,0,0,0,0,20000,-20000,-20000
045716,智邦凱基92購02  ,0,0,0,0,0,0,0,0,0,-20000,0,0,0,40000,60000,-20000,-20000
045638,強茂凱基93購02  ,0,0,0,0,0,0,0,0,0,-20000,0,0,0,0,20000,-20000,-20000
045629,智邦凱基92購01  ,0,0,0,0,0,0,0,0,0,-20000,0,0,0,0,20000,-20000,-20000
050307,欣興中信95購01  ,0,0,0,0,0,0,0,0,0,-20000,0,0,0,210000,230000,-20000,-20000
050241,聯發科凱基94購14,0,0,0,0,0,0,0,0,0,-20000,0,0,0,0,20000,-20000,-20000
050077,臺股指凱基99購02,0,0,0,0,0,0,0,0,0,-20000,0,0,0,0,20000,-20000,-20000
050123,群臺反凱基96購01,0,0,0,0,0,0,0,0,0,-20000,0,0,0,0,20000,-20000,-20000
045087,玉晶光元大95購01,0,0,0,0,0,0,0,0,0,-20000,0,0,0,1000,21000,-20000,-20000
046625,勤誠凱基93購01  ,0,0,0,0,0,0,0,0,0,-20000,0,0,0,10000,30000,-20000,-20000
046619,可成凱基93購01  ,0,0,0,0,0,0,0,0,0,-20000,0,0,0,0,20000,-20000,-20000
046621,智伸科凱基93購02,0,0,0,0,0,0,0,0,0,-20000,0,0,0,0,20000,-20000,-20000
04657P,國巨永豐94售03  ,0,0,0,0,0,0,0,0,0,-20000,0,0,0,0,20000,-20000,-20000
046682,聯發科群益93購03,0,0,0,0,0,0,0,0,0,-20000,0,0,0,0,20000,-20000,-20000
046696,可成凱基93購02  ,0,0,0,0,0,0,0,0,0,-20000,0,0,0,0,20000,-20000,-20000
046720,元油2X元大95購08,0,0,0,0,0,0,0,0,0,-20000,0,0,0,0,20000,-20000,-20000
04573P,聯電統一94售02  ,0,0,0,0,0,0,0,0,0,-20000,0,0,0,0,20000,-20000,-20000
045298,旺宏元大94購01  ,0,0,0,0,0,0,0,0,0,-20000,0,0,0,0,20000,-20000,-20000
046940,瑞昱元大93購07  ,0,0,0,0,0,0,0,0,0,-20000,0,0,0,0,20000,-20000,-20000
046959,技嘉中信93購01  ,0,0,0,0,0,0,0,0,0,-20000,0,0,0,20000,40000,-20000,-20000
04694P,TPK台新94售02   ,0,0,0,0,0,0,0,0,0,-20000,0,0,0,0,20000,-20000,-20000
046951,GIS元大93購08   ,0,0,0,0,0,0,0,0,0,-20000,0,0,0,0,20000,-20000,-20000
04604P,華新科國票95售01,0,0,0,0,0,0,0,0,0,-20000,0,0,0,0,20000,-20000,-20000
045971,智伸科凱基92購01,0,0,0,0,0,0,0,0,0,-20000,0,0,0,0,20000,-20000,-20000
046137,遠東新統一92購01,0,0,0,0,0,0,0,0,0,-20000,0,0,0,10000,30000,-20000,-20000
045957,技嘉凱基93購03  ,0,0,0,0,0,0,0,0,0,-20000,0,0,0,0,20000,-20000,-20000
04594P,緯穎元大94售04  ,0,0,0,0,0,0,0,0,0,-20000,0,0,0,0,20000,-20000,-20000
047441,聯發科元大93購15,0,0,0,0,0,0,0,0,0,-20000,0,0,0,141000,161000,-20000,-20000
047480,全新凱基93購01  ,0,0,0,0,0,0,0,0,0,-20000,0,0,0,0,20000,-20000,-20000
046345,世紀鋼國票93購01,0,0,0,0,0,0,0,0,0,-20000,0,0,0,0,20000,-20000,-20000
042930,大立光中信94購01,0,0,0,0,0,0,0,0,0,-20000,0,0,0,10000,30000,-20000,-20000
042281,元油2X富邦96購02,0,0,0,0,0,0,0,0,0,-20000,0,0,0,0,20000,-20000,-20000
04185P,欣興統一93售05  ,0,0,0,0,0,0,0,0,0,-20000,0,0,0,0,20000,-20000,-20000
04109P,臺股指永昌93售04,0,0,0,0,0,0,0,0,0,-20000,1000,0,1000,189000,210000,-21000,-20000
044900,建準凱基93購01  ,0,0,0,0,0,0,0,0,0,-20000,0,0,0,0,20000,-20000,-20000
04504P,台積電元富94售04,0,0,0,0,0,0,0,0,0,-20000,0,0,0,0,20000,-20000,-20000
043784,鴻海凱基94購01  ,0,0,0,0,0,0,0,0,0,-20000,0,0,0,5000,25000,-20000,-20000
03968P,聯發科國票93售05,0,0,0,0,0,0,0,0,0,-20000,0,0,0,0,20000,-20000,-20000
03932P,欣興統一93售01  ,0,0,0,0,0,0,0,0,0,-20000,0,0,0,0,20000,-20000,-20000
03921P,亞光凱基94售01  ,0,0,0,0,0,0,0,0,0,-20000,0,0,0,0,20000,-20000,-20000
03885P,華新科統一96售01,0,0,0,0,0,0,0,0,0,-20000,0,0,0,0,20000,-20000,-20000
03839P,華通統一93售02  ,0,0,0,0,0,0,0,0,0,-20000,0,0,0,0,20000,-20000,-20000
043229,T50正2中信93購02,0,0,0,0,0,0,0,0,0,-20000,0,0,0,0,20000,-20000,-20000
04329P,TPK群益93售04   ,0,0,0,0,0,0,0,0,0,-20000,0,0,0,10000,30000,-20000,-20000
03177P,國巨群益01售12  ,0,0,0,0,0,0,0,0,0,-20000,0,0,0,0,20000,-20000,-20000
051146,旺宏凱基95購04  ,0,0,0,0,0,0,0,0,0,-20000,0,0,0,26000,46000,-20000,-20000
051166,可成元大95購02  ,0,0,0,0,0,0,0,0,0,-20000,0,0,0,0,20000,-20000,-20000
050886,台積電富邦95購04,0,0,0,0,0,0,0,0,0,-20000,0,0,0,0,20000,-20000,-20000
048070,聯發科元富99購03,0,0,0,0,0,0,0,0,0,-20000,0,0,0,0,20000,-20000,-20000
050693,鴻海凱基96購05  ,0,0,0,0,0,0,0,0,0,-20000,0,0,0,10000,30000,-20000,-20000
04978P,台表科凱基94售02,0,0,0,0,0,0,0,0,0,-20000,0,0,0,0,20000,-20000,-20000
049999,義隆永豐94購01  ,0,0,0,0,0,0,0,0,0,-20000,0,0,0,0,20000,-20000,-20000
049979,美律凱基94購07  ,0,0,0,0,0,0,0,0,0,-20000,0,0,0,0,20000,-20000,-20000
049947,S&P反1中信97購01,0,0,0,0,0,0,0,0,0,-20000,0,0,0,0,20000,-20000,-20000
047994,亞德客元大93購03,0,0,0,0,0,0,0,0,0,-20000,0,0,0,5000,25000,-20000,-20000
047947,欣興統一93購04  ,0,0,0,0,0,0,0,0,0,-20000,0,0,0,0,20000,-20000,-20000
04882P,鴻海凱基94售19  ,0,0,0,0,0,0,0,0,0,-20000,0,0,0,0,20000,-20000,-20000
047925,可成凱基94購01  ,0,0,0,0,0,0,0,0,0,-20000,0,0,0,0,20000,-20000,-20000
048758,美利達元富96購02,0,0,0,0,0,0,0,0,0,-20000,0,0,0,0,20000,-20000,-20000
04784P,超眾元富94售01  ,0,0,0,0,0,0,0,0,0,-20000,0,0,0,163000,183000,-20000,-20000
050143,臻鼎元富94購05  ,0,0,0,0,0,0,0,0,0,-20000,0,0,0,0,20000,-20000,-20000
048757,美利達元富96購01,0,0,0,0,0,0,0,0,0,-20000,0,0,0,0,20000,-20000,-20000
048569,台虹元大93購03  ,0,0,0,0,0,0,0,0,0,-20000,0,0,0,0,20000,-20000,-20000
050012,台積電國泰95購03,0,0,0,0,0,0,0,0,0,-20000,0,0,0,2000,22000,-20000,-20000
04763P,臺股指凱基96售05,0,0,0,0,0,0,0,0,0,-20000,0,0,0,0,20000,-20000,-20000
050758,聯發科元富9B購01,0,0,0,0,0,0,0,0,0,-20000,0,0,0,0,20000,-20000,-20000
050818,華新科凱基95購02,0,0,0,0,0,0,0,0,0,-20000,0,0,0,33000,53000,-20000,-20000
048611,宏達電凱基93購04,0,0,0,0,0,0,0,0,0,-20000,0,0,0,0,20000,-20000,-20000
048288,T50反1群益93購05,0,0,0,0,0,0,0,0,0,-20000,0,0,0,0,20000,-20000,-20000
048186,元黃金元大96購01,0,0,0,0,0,0,0,0,0,-20000,0,0,0,0,20000,-20000,-20000
048188,臺指反元大96購05,0,0,0,0,0,0,0,0,0,-20000,0,0,0,0,20000,-20000,-20000
04819P,嘉澤永豐94售01  ,0,0,0,0,0,0,0,0,0,-20000,0,0,0,0,20000,-20000,-20000
048427,百和元富95購01  ,0,0,0,0,0,0,0,0,0,-20000,0,0,0,0,20000,-20000,-20000
04846P,旺宏凱基94售07  ,0,0,0,0,0,0,0,0,0,-20000,0,0,0,0,20000,-20000,-20000
048695,滬深2X國票95購03,0,0,0,0,0,0,0,0,0,-20000,0,0,0,0,20000,-20000,-20000
04871P,力成元富94售02  ,0,0,0,0,0,0,0,0,0,-20000,0,0,0,1000,21000,-20000,-20000
049078,瑞昱凱基94購02  ,0,0,0,0,0,0,0,0,0,-20000,0,0,0,17000,37000,-20000,-20000
048746,台達電元富94購01,0,0,0,0,0,0,0,0,0,-20000,0,0,0,1000,21000,-20000,-20000
048739,華新科統一94購02,0,0,0,0,0,0,0,0,0,-20000,0,0,0,0,20000,-20000,-20000
049486,旺宏元大94購08  ,0,0,0,0,0,0,0,0,0,-20000,0,0,0,60000,80000,-20000,-20000
049646,旺宏凱基94購01  ,0,0,0,0,0,0,0,0,0,-20000,0,0,0,11000,31000,-20000,-20000
049309,台達電凱基94購05,0,0,0,0,0,0,0,0,0,-20000,0,0,0,0,20000,-20000,-20000
049123,可成元富94購01  ,0,0,0,0,0,0,0,0,0,-20000,0,0,0,20000,40000,-20000,-20000
053485,矽創國票97購04  ,0,0,0,0,0,0,0,0,0,-20000,0,0,0,30000,50000,-20000,-20000
053588,聯發科元大97購07,0,0,0,0,0,0,0,0,0,-20000,0,0,0,1000,21000,-20000,-20000
053632,新唐兆豐96購01  ,0,0,0,0,0,0,0,0,0,-20000,0,0,0,0,20000,-20000,-20000
05370P,矽創元富95售01  ,0,0,0,0,0,0,0,0,0,-20000,0,0,0,0,20000,-20000,-20000
053693,欣興元大96購05  ,0,0,0,0,0,0,0,0,0,-20000,0,0,0,110000,130000,-20000,-20000
052906,緯創國票97購01  ,0,0,0,0,0,0,0,0,0,-20000,0,0,0,0,20000,-20000,-20000
052981,鴻海元大97購05  ,0,0,0,0,0,0,0,0,0,-20000,0,0,0,0,20000,-20000,-20000
052854,聯詠日盛96購01  ,0,0,0,0,0,0,0,0,0,-20000,0,0,0,0,20000,-20000,-20000
052772,台虹群益96購01  ,0,0,0,0,0,0,0,0,0,-20000,0,0,0,21000,41000,-20000,-20000
052734,台表科國泰98購02,0,0,0,0,0,0,0,0,0,-20000,0,0,0,0,20000,-20000,-20000
053365,彩晶國泰98購01  ,0,0,0,0,0,0,0,0,0,-20000,0,0,0,0,20000,-20000,-20000
053342,全新國票99購01  ,0,0,0,0,0,0,0,0,0,-20000,0,0,0,0,20000,-20000,-20000
053150,聯發科元大96購11,0,0,0,0,0,0,0,0,0,-20000,0,0,0,70000,90000,-20000,-20000
053204,旺宏麥證96購01  ,0,0,0,10000,30000,-20000,0,0,0,-20000,0,0,0,10000,30000,-20000,-20000
053120,復盛中信9A購01  ,0,0,0,0,0,0,0,0,0,-20000,0,0,0,0,20000,-20000,-20000
052471,華固亞東95購01  ,0,0,0,0,0,0,0,0,0,-20000,0,0,0,0,20000,-20000,-20000
052415,台表科麥證95購02,0,0,0,0,20000,-20000,0,0,0,-20000,0,0,0,0,20000,-20000,-20000
052552,智邦國票97購01  ,0,0,0,0,0,0,0,0,0,-20000,0,0,0,40000,60000,-20000,-20000
052543,聯詠元富95購01  ,0,0,0,0,0,0,0,0,0,-20000,0,0,0,0,20000,-20000,-20000
052701,群創國票96購01  ,0,0,0,0,0,0,0,0,0,-20000,0,0,0,0,20000,-20000,-20000
052589,群創永豐97購01  ,0,0,0,0,0,0,0,0,0,-20000,0,0,0,10000,30000,-20000,-20000
052093,麗豐元大96購04  ,0,0,0,0,0,0,0,0,0,-20000,0,0,0,0,20000,-20000,-20000
052109,可成元富95購01  ,0,0,0,0,0,0,0,0,0,-20000,0,0,0,0,20000,-20000,-20000
052339,光寶科凱基95購01,0,0,0,0,0,0,0,0,0,-20000,0,0,0,0,20000,-20000,-20000
052279,旺宏凱基95購07  ,0,0,0,0,0,0,0,0,0,-20000,0,0,0,11000,31000,-20000,-20000
051348,國巨元大95購07  ,0,0,0,0,0,0,0,0,0,-20000,0,0,0,0,20000,-20000,-20000
051325,台光電台新96購01,0,0,0,0,0,0,0,0,0,-20000,0,0,0,0,20000,-20000,-20000
051438,喬山元大95購03  ,0,0,0,0,0,0,0,0,0,-20000,0,0,0,46000,66000,-20000,-20000
051574,鴻海元大96購06  ,0,0,0,0,0,0,0,0,0,-20000,0,0,0,0,20000,-20000,-20000
05160P,國巨國票96售03  ,0,0,0,0,0,0,0,0,0,-20000,0,0,0,0,20000,-20000,-20000
051595,康控元大95購04  ,0,0,0,0,0,0,0,0,0,-20000,0,0,0,0,20000,-20000,-20000
051625,聯發科麥證95購01,0,0,0,10000,30000,-20000,0,0,0,-20000,0,0,0,10000,30000,-20000,-20000
051636,嘉晶國票95購02  ,0,0,0,0,0,0,0,0,0,-20000,0,0,0,0,20000,-20000,-20000
051532,潤泰全國票96購01,0,0,0,0,0,0,0,0,0,-20000,0,0,0,31000,51000,-20000,-20000
051805,元黃金凱基97購02,0,0,0,0,0,0,0,0,0,-20000,0,0,0,0,20000,-20000,-20000
05184P,緯穎元富95售01  ,0,0,0,0,0,0,0,0,0,-20000,0,0,0,0,20000,-20000,-20000
051973,華新科凱基96購04,0,0,0,0,0,0,0,0,0,-20000,0,0,0,0,20000,-20000,-20000
05195P,南茂康和95售01  ,0,0,0,0,0,0,0,0,0,-20000,0,0,0,0,20000,-20000,-20000
06107P,美律群益98售02  ,0,0,0,0,0,0,0,0,0,-20000,0,0,0,10000,30000,-20000,-20000
06128P,玉晶光元富97售05,0,0,0,0,0,0,0,0,0,-20000,0,0,0,31000,51000,-20000,-20000
06051P,嘉聯益國票97售04,0,0,0,0,0,0,0,0,0,-20000,0,0,0,0,20000,-20000,-20000
06346P,聯鈞元富97售02  ,0,0,0,0,0,0,0,0,0,-20000,0,0,0,0,20000,-20000,-20000
06224P,可成元富97售02  ,0,0,0,0,0,0,0,0,0,-20000,0,0,0,0,20000,-20000,-20000
05761P,嘉澤永豐96售01  ,0,0,0,0,0,0,0,0,0,-20000,0,0,0,0,20000,-20000,-20000
056604,鴻海富邦9A購01  ,0,0,0,0,0,0,0,0,0,-20000,0,0,0,0,20000,-20000,-20000
05694P,台積電凱基96售09,0,0,0,0,0,0,0,0,0,-20000,0,0,0,200000,220000,-20000,-20000
05956P,漢唐國票96售02  ,0,0,0,0,0,0,0,0,0,-20000,0,0,0,0,20000,-20000,-20000
05846P,大立光元大96售07,0,0,0,0,0,0,0,0,0,-20000,0,0,0,775000,795000,-20000,-20000
05838P,臺股指富邦96售05,0,0,0,0,0,0,0,0,0,-20000,0,0,0,0,20000,-20000,-20000
1437,勤益控          ,3000,23000,-20000,0,0,0,0,0,0,0,0,0,0,0,0,0,-20000
1709,和益            ,2000,22000,-20000,0,0,0,0,0,0,0,0,0,0,0,0,0,-20000
06389P,聯發科兆豐97售01,0,0,0,0,0,0,0,0,0,-20000,0,0,0,0,20000,-20000,-20000
06415P,台積電群益97售07,0,0,0,0,0,0,0,0,0,-20000,0,0,0,0,20000,-20000,-20000
08422P,玉晶光群益02售03,0,0,0,0,0,0,0,0,0,-20000,0,0,0,0,20000,-20000,-20000
06492P,上銀永豐98售01  ,0,0,0,0,0,0,0,0,0,-20000,0,0,0,0,20000,-20000,-20000
06460P,亞德客元富98售02,0,0,0,0,0,0,0,0,0,-20000,0,0,0,0,20000,-20000,-20000
2417,圓剛            ,13000,30000,-17000,0,0,0,0,0,0,-3000,0,3000,-3000,0,0,0,-20000
2537,聯上發          ,65000,83000,-18000,0,0,0,0,0,0,-2000,0,2000,-2000,0,0,0,-20000
2501,國建            ,191000,145000,46000,0,0,0,0,0,0,-66000,0,66000,-66000,0,0,0,-20000
2420,新巨            ,43000,53000,-10000,0,0,0,0,0,0,-10000,0,10000,-10000,0,0,0,-20000
910482,聖馬丁-DR       ,0,20000,-20000,0,0,0,0,0,0,0,0,0,0,0,0,0,-20000
5007,三星            ,2000,22000,-20000,0,0,0,0,0,0,0,1000,1000,0,0,0,0,-20000
5288,豐祥-KY         ,11000,31000,-20000,0,0,0,0,0,0,0,0,0,0,0,0,0,-20000
2514,龍邦            ,8000,25600,-17600,0,0,0,0,0,0,-3000,0,3000,-3000,0,0,0,-20600
055806,致新永豐97購02  ,0,0,0,0,0,0,0,0,0,-21000,0,0,0,0,21000,-21000,-21000
055644,致茂元富97購01  ,0,0,0,0,0,0,0,0,0,-21000,0,0,0,60000,81000,-21000,-21000
056472,美律元大99購03  ,0,0,0,0,0,0,0,0,0,-21000,0,0,0,32000,53000,-21000,-21000
056485,同欣電元大98購01,0,0,0,0,0,0,0,0,0,-21000,0,0,0,17000,38000,-21000,-21000
054700,致新永豐97購01  ,0,0,0,0,0,0,0,0,0,-21000,0,0,0,0,21000,-21000,-21000
054551,聯發科凱基98購02,0,0,0,0,0,0,0,0,0,-21000,0,0,0,0,21000,-21000,-21000
054518,亞光元大97購01  ,0,0,0,0,0,0,0,0,0,-21000,0,0,0,0,21000,-21000,-21000
03861P,群創元富99售01  ,0,0,0,0,0,0,0,0,0,-21000,0,0,0,27000,48000,-21000,-21000
04265P,滬深2X元富93售04,0,0,0,0,0,0,0,0,0,-21000,0,0,0,109000,130000,-21000,-21000
047620,貿聯凱基93購01  ,0,0,0,0,0,0,0,0,0,-21000,0,0,0,185000,206000,-21000,-21000
045886,華邦電元大92購04,0,0,0,0,0,0,0,0,0,-21000,0,0,0,0,21000,-21000,-21000
046578,聯電元大92購01  ,0,0,0,0,0,0,0,0,0,-21000,0,0,0,9000,30000,-21000,-21000
049138,台積電元大94購05,0,0,0,0,0,0,0,0,0,-21000,0,0,0,121000,142000,-21000,-21000
049204,京元電群益94購02,0,0,0,0,0,0,0,0,0,-21000,0,0,0,1000,22000,-21000,-21000
04923P,GIS凱基94售06   ,0,0,0,0,0,0,0,0,0,-21000,0,0,0,0,21000,-21000,-21000
048469,微星永豐93購03  ,0,0,0,0,0,0,0,0,0,-21000,0,0,0,20000,41000,-21000,-21000
047806,旺宏凱基93購05  ,0,0,0,0,0,0,0,0,0,-21000,0,0,0,47000,68000,-21000,-21000
047954,漢唐永豐93購02  ,0,0,0,0,0,0,0,0,0,-21000,0,0,0,54000,75000,-21000,-21000
048069,南亞科元富95購02,0,0,0,0,0,0,0,0,0,-21000,0,0,0,0,21000,-21000,-21000
050927,聯詠凱基95購01  ,0,0,0,0,0,0,0,0,0,-21000,0,0,0,30000,51000,-21000,-21000
050923,南亞科凱基95購03,0,0,0,0,0,0,0,0,0,-21000,0,0,0,31000,52000,-21000,-21000
051029,緯創元富95購01  ,0,0,0,0,0,0,0,0,0,-21000,0,0,0,9000,30000,-21000,-21000
051886,道瓊反統一95購03,0,0,0,0,0,0,0,0,0,-21000,0,0,0,0,21000,-21000,-21000
051830,健策元大97購01  ,0,0,0,0,0,0,0,0,0,-21000,0,0,0,86000,107000,-21000,-21000
05158P,華通永豐95售01  ,0,0,0,0,0,0,0,0,0,-21000,0,0,0,0,21000,-21000,-21000
052309,健策國泰97購01  ,0,0,0,0,0,0,0,0,0,-21000,0,0,0,100000,121000,-21000,-21000
052685,技嘉元大96購01  ,0,0,0,0,0,0,0,0,0,-21000,0,0,0,186000,207000,-21000,-21000
053349,台郡國票97購02  ,0,0,0,0,0,0,0,0,0,-21000,0,0,0,1000,22000,-21000,-21000
053257,華通富邦97購01  ,0,0,0,0,0,0,0,0,0,-21000,0,0,0,50000,71000,-21000,-21000
053271,喬山元大97購01  ,0,0,0,0,0,0,0,0,0,-21000,0,0,0,65000,86000,-21000,-21000
053009,大成鋼統一96購02,0,0,0,0,0,0,0,0,0,-21000,0,0,0,107000,128000,-21000,-21000
053592,亞光元大96購01  ,0,0,0,0,0,0,0,0,0,-21000,0,0,0,25000,46000,-21000,-21000
05381P,聯詠群益95售02  ,0,0,0,0,0,0,0,0,0,-21000,0,0,0,0,21000,-21000,-21000
2530,華建            ,5000,25000,-20000,0,0,0,0,0,0,-1000,0,1000,-1000,0,0,0,-21000
05847P,大立光元大96售08,0,0,0,0,0,0,0,0,0,-21000,0,0,0,216000,237000,-21000,-21000
05845P,大立光元大96售06,0,0,0,0,0,0,0,0,0,-21000,0,0,0,660000,681000,-21000,-21000
05865P,大立光元大96售09,0,0,0,0,0,0,0,0,0,-21000,0,0,0,798000,819000,-21000,-21000
05692P,聯發科中信9A售02,0,0,0,0,0,0,0,0,0,-21000,0,0,0,19000,40000,-21000,-21000
06187P,國巨統一97售05  ,0,0,0,0,0,0,0,0,0,-21000,0,0,0,10000,31000,-21000,-21000
06108P,奇力新群益97售05,0,0,0,0,0,0,0,0,0,-21000,0,0,0,20000,41000,-21000,-21000
3060,銘異            ,22000,42000,-20000,0,0,0,0,0,0,-1000,0,1000,-1000,0,0,0,-21000
8464,億豐            ,554000,672000,-118000,0,0,0,100000,0,100000,-3000,3000,6000,-3000,0,0,0,-21000
056458,日月光凱基98購02,0,0,0,0,0,0,0,0,0,-22000,0,0,0,0,22000,-22000,-22000
056440,智邦凱基98購03  ,0,0,0,0,0,0,0,0,0,-22000,0,0,0,45000,67000,-22000,-22000
055629,華新科永豐97購04,0,0,0,0,0,0,0,0,0,-22000,0,0,0,6000,28000,-22000,-22000
055824,臺股指國票97購11,0,0,0,0,0,0,0,0,0,-22000,0,0,0,3000,25000,-22000,-22000
05541P,鴻海統一96售08  ,0,0,0,0,0,0,0,0,0,-22000,0,0,0,0,22000,-22000,-22000
045743,台郡群益93購01  ,0,0,0,0,0,0,0,0,0,-22000,0,0,0,0,22000,-22000,-22000
050417,喬山凱基94購01  ,0,0,0,0,0,0,0,0,0,-22000,0,0,0,4000,26000,-22000,-22000
04163P,可成統一93售03  ,0,0,0,0,0,0,0,0,0,-22000,0,0,0,6000,28000,-22000,-22000
04189P,台積電兆豐94售02,0,0,0,0,0,0,0,0,0,-22000,0,0,0,0,22000,-22000,-22000
049986,嘉澤凱基94購02  ,0,0,0,0,0,0,0,0,0,-22000,0,0,0,50000,72000,-22000,-22000
048249,嘉澤兆豐94購01  ,0,0,0,0,0,0,0,0,0,-22000,0,0,0,8000,30000,-22000,-22000
049574,新日興統一94購03,0,0,0,0,0,0,0,0,0,-22000,0,0,0,22000,44000,-22000,-22000
053857,宏達電富邦97購02,0,0,0,0,0,0,0,0,0,-22000,0,0,0,0,22000,-22000,-22000
052423,宏達電國票96購02,0,0,0,0,0,0,0,0,0,-22000,0,0,0,0,22000,-22000,-22000
051357,可成元大95購05  ,0,0,0,0,0,0,0,0,0,-22000,0,0,0,0,22000,-22000,-22000
051382,玉晶光群益98購02,0,0,0,0,0,0,0,0,0,-22000,0,0,0,0,22000,-22000,-22000
05166P,中磊元富95售03  ,0,0,0,0,0,0,0,0,0,-22000,0,0,0,0,22000,-22000,-22000
6183,關貿            ,0,21000,-21000,0,0,0,0,0,0,-1000,0,1000,-1000,0,0,0,-22000
06058P,玉晶光凱基97售04,0,0,0,0,0,0,0,0,0,-22000,0,0,0,8000,30000,-22000,-22000
06181P,國巨中信97售02  ,0,0,0,0,0,0,0,0,0,-22000,0,0,0,34000,56000,-22000,-22000
06345P,臺股指統一9A售01,0,0,0,0,0,0,0,0,0,-22000,0,0,0,4000,26000,-22000,-22000
05706P,TPK永豐96售02   ,0,0,0,0,0,0,0,0,0,-22000,0,0,0,0,22000,-22000,-22000
056579,麗豐元大99購01  ,0,0,0,0,0,0,0,0,0,-22000,0,0,0,40000,62000,-22000,-22000
05755P,臺股指中信99售04,0,0,0,0,0,0,0,0,0,-22000,0,0,0,0,22000,-22000,-22000
05979P,華新科中信96售02,0,0,0,0,0,0,0,0,0,-22000,0,0,0,0,22000,-22000,-22000
05997P,嘉聯益群益96售02,0,0,0,0,0,0,0,0,0,-22000,0,0,0,0,22000,-22000,-22000
1707,葡萄王          ,47000,25000,22000,0,0,0,0,0,0,-44000,1000,45000,-44000,0,0,0,-22000
055363,緯穎凱基98購03  ,0,0,0,0,0,0,0,0,0,-23000,0,0,0,47000,70000,-23000,-23000
055456,上銀富邦99購01  ,0,0,0,0,0,0,0,0,0,-23000,0,0,0,22000,45000,-23000,-23000
056449,義隆凱基98購03  ,0,0,0,0,0,0,0,0,0,-23000,0,0,0,0,23000,-23000,-23000
05645P,聯發科凱基96售13,0,0,0,0,0,0,0,0,0,-23000,0,0,0,0,23000,-23000,-23000
056235,鴻海群益97購07  ,0,0,0,0,0,0,0,0,0,-23000,0,0,0,0,23000,-23000,-23000
054176,亞光台新96購01  ,0,0,0,0,0,0,0,0,0,-23000,0,0,0,0,23000,-23000,-23000
054725,國巨日盛97購01  ,0,0,0,0,0,0,0,0,0,-23000,0,0,0,10000,33000,-23000,-23000
054925,神達凱基97購01  ,0,0,0,0,0,0,0,0,0,-23000,0,0,0,65000,88000,-23000,-23000
04104P,臺股指國票93售11,0,0,0,0,0,0,0,0,0,-23000,0,0,0,12000,35000,-23000,-23000
044049,元金2X元大94購03,0,0,0,0,0,0,0,0,0,-23000,0,0,0,4000,27000,-23000,-23000
042993,葡萄王元大94購01,0,0,0,0,0,0,0,0,0,-23000,0,0,0,112000,135000,-23000,-23000
047547,友達凱基99購02  ,0,0,0,0,0,0,0,0,0,-23000,0,0,0,11000,34000,-23000,-23000
03416B,臺股指凱基95熊05,0,0,0,0,0,0,0,0,0,-23000,0,0,0,1000,24000,-23000,-23000
050290,南亞科凱基94購06,0,0,0,0,0,0,0,0,0,-23000,0,0,0,7000,30000,-23000,-23000
045162,玉晶光國泰94購04,0,0,0,0,0,0,0,0,0,-23000,0,0,0,0,23000,-23000,-23000
046107,勤誠永豐92購01  ,0,0,0,0,0,0,0,0,0,-23000,0,0,0,11000,34000,-23000,-23000
046030,南亞科元大92購04,0,0,0,0,0,0,0,0,0,-23000,0,0,0,0,23000,-23000,-23000
05104P,智邦台新95售02  ,0,0,0,0,0,0,0,0,0,-23000,0,0,0,10000,33000,-23000,-23000
051193,新日興兆豐96購01,0,0,0,0,0,0,0,0,0,-23000,0,0,0,78000,101000,-23000,-23000
051225,台積電群益95購02,0,0,0,0,0,0,0,0,0,-23000,0,0,0,182000,205000,-23000,-23000
051757,佳世達元大95購02,0,0,0,0,0,0,0,0,0,-23000,0,0,0,0,23000,-23000,-23000
05189P,新光金凱基97售02,0,0,0,0,0,0,0,0,0,-23000,0,0,0,0,23000,-23000,-23000
051592,健策元大96購05  ,0,0,0,0,0,0,0,0,0,-23000,0,0,0,100000,123000,-23000,-23000
052406,力成凱基95購03  ,0,0,0,0,0,0,0,0,0,-23000,0,0,0,2000,25000,-23000,-23000
05226P,智邦統一95售01  ,0,0,0,0,0,0,0,0,0,-23000,0,0,0,2000,25000,-23000,-23000
052893,聯電群益98購01  ,0,0,0,0,0,0,0,0,0,-23000,0,0,0,252000,275000,-23000,-23000
1603,華電            ,2000,24000,-22000,0,0,0,0,0,0,-1000,0,1000,-1000,0,0,0,-23000
1203,味王            ,0,23000,-23000,0,0,0,0,0,0,0,0,0,0,0,0,0,-23000
2331,精英            ,227000,245000,-18000,0,0,0,0,0,0,-5000,0,5000,-5000,0,0,0,-23000
2020,美亞            ,3000,25000,-22000,0,0,0,0,0,0,-1000,0,1000,-1000,0,0,0,-23000
05983P,聯詠國票96售02  ,0,0,0,0,0,0,0,0,0,-23000,0,0,0,0,23000,-23000,-23000
06076P,大立光凱基98售03,0,0,0,0,0,0,0,0,0,-23000,0,0,0,1000,24000,-23000,-23000
06150P,奇力新元大97售06,0,0,0,0,0,0,0,0,0,-23000,0,0,0,15000,38000,-23000,-23000
5525,順天            ,4000,26000,-22000,0,0,0,0,0,0,-1000,0,1000,-1000,0,0,0,-23000
4566,時碩工業        ,10000,33000,-23000,0,0,0,0,0,0,0,0,0,0,0,0,0,-23000
3002,歐格            ,2000,24000,-22000,0,0,0,0,0,0,-1000,0,1000,-1000,0,0,0,-23000
054245,鴻海元大96購23  ,0,0,0,0,0,0,0,0,0,-24000,0,0,0,0,24000,-24000,-24000
056503,楠梓電永豐98購01,0,0,0,0,0,0,0,0,0,-24000,0,0,0,0,24000,-24000,-24000
056213,建準國票98購02  ,0,0,0,0,0,0,0,0,0,-24000,0,0,0,0,24000,-24000,-24000
055671,世紀鋼群益97購01,0,0,0,0,0,0,0,0,0,-24000,0,0,0,26000,50000,-24000,-24000
045904,勤誠元大92購01  ,0,0,0,0,0,0,0,0,0,-24000,0,0,0,0,24000,-24000,-24000
045500,聯發科凱基93購04,0,0,0,0,0,0,0,0,0,-24000,0,0,0,4000,28000,-24000,-24000
047010,聯詠統一93購05  ,0,0,0,0,0,0,0,0,0,-24000,0,0,0,210000,234000,-24000,-24000
03420B,臺股指元大95熊31,0,0,0,0,0,0,0,0,0,-24000,0,0,0,0,24000,-24000,-24000
04426P,佳世達康和94售02,0,0,0,0,0,0,0,0,0,-24000,0,0,0,0,24000,-24000,-24000
049527,國巨中信95購01  ,0,0,0,0,0,0,0,0,0,-24000,0,0,0,20000,44000,-24000,-24000
049271,百和元大94購01  ,0,0,0,0,0,0,0,0,0,-24000,0,0,0,0,24000,-24000,-24000
053265,南亞科群益96購02,0,0,0,0,0,0,0,0,0,-24000,0,0,0,47000,71000,-24000,-24000
053276,友達元大9C購01  ,0,0,0,0,0,0,0,0,0,-24000,0,0,0,98000,122000,-24000,-24000
053535,宏達電永豐96購02,0,0,0,0,0,0,0,0,0,-24000,0,0,0,0,24000,-24000,-24000
053423,亞光永豐96購01  ,0,0,0,0,0,0,0,0,0,-24000,0,0,0,33000,57000,-24000,-24000
052523,奇力新元大97購01,0,0,0,0,0,0,0,0,0,-24000,0,0,0,453000,477000,-24000,-24000
052534,貿聯國泰96購02  ,0,0,0,0,0,0,0,0,0,-24000,0,0,0,39000,63000,-24000,-24000
3257,虹冠電          ,6000,30000,-24000,0,0,0,0,0,0,0,0,0,0,0,0,0,-24000
5515,建國            ,3000,26000,-23000,0,0,0,0,0,0,-1000,0,1000,-1000,0,0,0,-24000
6226,光鼎            ,23000,47000,-24000,0,0,0,0,0,0,0,0,0,0,0,0,0,-24000
06018P,康控凱基96售03  ,0,0,0,0,0,0,0,0,0,-24000,0,0,0,0,24000,-24000,-24000
06326P,鴻海中信01售01  ,0,0,0,0,0,0,0,0,0,-24000,0,0,0,1000,25000,-24000,-24000
05796P,臺股指群益96售10,0,0,0,0,0,0,0,0,0,-24000,0,0,0,0,24000,-24000,-24000
05804P,美律永豐96售01  ,0,0,0,0,0,0,0,0,0,-24000,0,0,0,0,24000,-24000,-24000
06369P,台積電凱基97售16,0,0,0,0,0,0,0,0,0,-24000,0,0,0,30000,54000,-24000,-24000
055722,聯鈞元大97購03  ,0,0,0,0,0,0,0,0,0,-25000,0,0,0,30000,55000,-25000,-25000
055416,欣興富邦98購01  ,0,0,0,0,0,0,0,0,0,-25000,0,0,0,0,25000,-25000,-25000
055384,緯穎元大98購02  ,0,0,0,0,0,0,0,0,0,-25000,0,0,0,180000,205000,-25000,-25000
05647P,聯發科國票97售02,0,0,0,0,0,0,0,0,0,-25000,0,0,0,0,25000,-25000,-25000
056414,國巨中信98購02  ,0,0,0,0,0,0,0,0,0,-25000,0,0,0,5000,30000,-25000,-25000
05633P,台表科群益96售04,0,0,0,0,0,0,0,0,0,-25000,0,0,0,0,25000,-25000,-25000
05431P,台光電統一97售01,0,0,0,0,0,0,0,0,0,-25000,0,0,0,0,25000,-25000,-25000
054587,玉晶光國泰99購01,0,0,0,0,0,0,0,0,0,-25000,0,0,0,14000,39000,-25000,-25000
054591,GIS國泰98購01   ,0,0,0,0,0,0,0,0,0,-25000,0,0,0,40000,65000,-25000,-25000
054914,億光凱基98購01  ,0,0,0,0,0,0,0,0,0,-25000,0,0,0,10000,35000,-25000,-25000
055074,台虹永豐97購01  ,0,0,0,0,0,0,0,0,0,-25000,0,0,0,0,25000,-25000,-25000
04159P,滬深2X中信95售08,0,0,0,0,0,0,0,0,0,-25000,0,0,0,0,25000,-25000,-25000
044875,玉晶光統一93購01,0,0,0,0,0,0,0,0,0,-25000,0,0,0,15000,40000,-25000,-25000
044930,元黃金富邦93購01,0,0,0,0,0,0,0,0,0,-25000,0,0,0,0,25000,-25000,-25000
03180P,台灣50元大01售39,0,0,0,0,0,0,0,0,0,-25000,0,0,0,0,25000,-25000,-25000
03183P,鴻海元大01售28  ,0,0,0,0,0,0,0,0,0,-25000,0,0,0,0,25000,-25000,-25000
044507,燿華凱基93購03  ,0,0,0,0,0,0,0,0,0,-25000,0,0,0,0,25000,-25000,-25000
03939P,康控元大95售02  ,0,0,0,0,0,0,0,0,0,-25000,0,0,0,0,25000,-25000,-25000
04730P,臺股指中信96售02,0,0,0,0,0,0,0,0,0,-25000,0,0,0,0,25000,-25000,-25000
050421,鴻海凱基95購04  ,0,0,0,0,0,0,0,0,0,-25000,0,0,0,30000,55000,-25000,-25000
050444,卜蜂元大94購03  ,0,0,0,0,0,0,0,0,0,-25000,0,0,0,0,25000,-25000,-25000
05037P,華新科元大95售09,0,0,0,0,0,0,0,0,0,-25000,0,0,0,0,25000,-25000,-25000
048443,旺宏凱基93購08  ,0,0,0,0,0,0,0,0,0,-25000,0,0,0,14000,39000,-25000,-25000
048431,瑞昱國票94購01  ,0,0,0,0,0,0,0,0,0,-25000,0,0,0,0,25000,-25000,-25000
048303,A50凱基96購01   ,0,0,0,0,0,0,0,0,0,-25000,0,0,0,0,25000,-25000,-25000
050770,全新元大94購04  ,0,0,0,0,0,0,0,0,0,-25000,0,0,0,0,25000,-25000,-25000
047636,台達電元大93購03,0,0,0,0,0,0,0,0,0,-25000,0,0,0,0,25000,-25000,-25000
048153,台積電兆豐94購01,0,0,0,0,0,0,0,0,0,-25000,0,0,0,10000,35000,-25000,-25000
048119,臺指反元大96購03,0,0,0,0,0,0,0,0,0,-25000,0,0,0,0,25000,-25000,-25000
049914,瑞昱元大94購06  ,0,0,0,0,0,0,0,0,0,-25000,0,0,0,18000,43000,-25000,-25000
049691,可成元大94購06  ,0,0,0,0,0,0,0,0,0,-25000,0,0,0,0,25000,-25000,-25000
047937,元金2X國票97購02,0,0,0,0,0,0,0,0,0,-25000,0,0,0,0,25000,-25000,-25000
052444,友訊元大95購01  ,0,0,0,0,0,0,0,0,0,-25000,0,0,0,25000,50000,-25000,-25000
052276,力成群益96購01  ,0,0,0,0,0,0,0,0,0,-25000,0,0,0,20000,45000,-25000,-25000
05132P,鴻海元富95售07  ,0,0,0,0,0,0,0,0,0,-25000,0,0,0,20000,45000,-25000,-25000
051450,世芯元大95購02  ,0,0,0,0,0,0,0,0,0,-25000,0,0,0,11000,36000,-25000,-25000
051911,大立光元大98購02,0,0,0,0,0,0,0,0,0,-25000,0,0,0,122000,147000,-25000,-25000
051809,義隆凱基96購01  ,0,0,0,0,0,0,0,0,0,-25000,0,0,0,0,25000,-25000,-25000
053250,百和國票97購02  ,0,0,0,0,0,0,0,0,0,-25000,0,0,0,0,25000,-25000,-25000
05299P,旺宏元大95售04  ,0,0,0,0,0,0,0,0,0,-25000,0,0,0,0,25000,-25000,-25000
08749P,鴻海台新01售02  ,0,0,0,0,0,0,0,0,0,-25000,0,0,0,0,25000,-25000,-25000
06488P,台積電元富98售05,0,0,0,0,0,0,0,0,0,-25000,0,0,0,0,25000,-25000,-25000
1460,宏遠            ,34000,57000,-23000,0,0,0,0,0,0,-2000,1000,3000,-2000,0,0,0,-25000
1473,台南            ,1000,25000,-24000,0,0,0,0,0,0,-1000,0,1000,-1000,0,0,0,-25000
1773,勝一            ,4000,27000,-23000,0,0,0,0,0,0,-2000,0,2000,-2000,0,0,0,-25000
05718P,國巨元大96售09  ,0,0,0,0,0,0,0,0,0,-25000,0,0,0,129000,154000,-25000,-25000
05906P,國巨元富96售05  ,0,0,0,0,0,0,0,0,0,-25000,0,0,0,50000,75000,-25000,-25000
06294P,臺股指國票97售08,0,0,0,0,0,0,0,0,0,-25000,0,0,0,8000,33000,-25000,-25000
06213P,大立光元大98售07,0,0,0,0,0,0,0,0,0,-25000,0,0,0,419000,444000,-25000,-25000
8016,矽創            ,144000,167000,-23000,0,0,0,0,0,0,-2000,0,3000,-3000,11000,10000,1000,-25000
4994,傳奇            ,33000,52900,-19900,0,0,0,0,0,0,-6000,1000,7000,-6000,0,0,0,-25900
055078,亞泥中信98購01  ,0,0,0,0,0,0,0,0,0,-26000,0,0,0,10000,36000,-26000,-26000
055297,啟碁元大97購01  ,0,0,0,0,0,0,0,0,0,-26000,0,0,0,2000,28000,-26000,-26000
054571,楠梓電元大99購01,0,0,0,0,0,0,0,0,0,-26000,0,0,0,300000,326000,-26000,-26000
054288,華邦電元大96購05,0,0,0,0,0,0,0,0,0,-26000,0,0,0,118000,144000,-26000,-26000
054134,強茂元大96購01  ,0,0,0,0,0,0,0,0,0,-26000,0,0,0,335000,361000,-26000,-26000
056409,麗豐國票99購01  ,0,0,0,0,0,0,0,0,0,-26000,0,0,0,0,26000,-26000,-26000
05599P,欣興台新96售01  ,0,0,0,0,0,0,0,0,0,-26000,0,0,0,78000,104000,-26000,-26000
055370,旺宏元大97購05  ,0,0,0,0,0,0,0,0,0,-26000,0,0,0,30000,56000,-26000,-26000
055628,旺宏永豐97購01  ,0,0,0,0,0,0,0,0,0,-26000,0,0,0,47000,73000,-26000,-26000
045907,鴻海中信94購02  ,0,0,0,0,0,0,0,0,0,-26000,0,0,0,14000,40000,-26000,-26000
045934,燿華群益93購01  ,0,0,0,0,0,0,0,0,0,-26000,0,0,0,0,26000,-26000,-26000
046794,智伸科元富93購01,0,0,0,0,0,0,0,0,0,-26000,0,0,0,0,26000,-26000,-26000
03266P,寶成國票04售01  ,0,0,0,0,0,0,0,0,0,-26000,0,0,0,28000,54000,-26000,-26000
048852,旺宏群益96購02  ,0,0,0,0,0,0,0,0,0,-26000,0,0,0,2000,28000,-26000,-26000
048075,美利達元富93購02,0,0,0,0,0,0,0,0,0,-26000,0,0,0,0,26000,-26000,-26000
048631,遠東新元大93購01,0,0,0,0,0,0,0,0,0,-26000,0,0,0,0,26000,-26000,-26000
049212,T50反1國票94購04,0,0,0,0,0,0,0,0,0,-26000,0,0,0,235000,261000,-26000,-26000
049667,大立光國泰96購01,0,0,0,0,0,0,0,0,0,-26000,0,0,0,126000,152000,-26000,-26000
053166,聯詠群益96購02  ,0,0,0,0,0,0,0,0,0,-26000,0,0,0,27000,53000,-26000,-26000
053701,台積電兆豐96購05,0,0,0,0,0,0,0,0,0,-26000,0,0,0,149000,175000,-26000,-26000
052404,臻鼎凱基95購05  ,0,0,0,0,0,0,0,0,0,-26000,0,0,0,0,26000,-26000,-26000
5706,鳳凰            ,2000,28000,-26000,0,0,0,0,0,0,0,0,0,0,0,0,0,-26000
05879P,台積電台新96售03,0,0,0,0,0,0,0,0,0,-26000,0,0,0,0,26000,-26000,-26000
05836P,臺股指元富96售08,0,0,0,0,0,0,0,0,0,-26000,0,0,0,0,26000,-26000,-26000
05753P,臺股指中信99售02,0,0,0,0,0,0,0,0,0,-26000,0,0,0,0,26000,-26000,-26000
2486,一詮            ,23000,47000,-24000,0,0,0,0,0,0,-2000,0,2000,-2000,0,0,0,-26000
1338,廣華-KY         ,16000,43000,-27000,0,0,0,0,0,0,1000,1000,0,1000,0,0,0,-26000
055803,鎧勝永豐97購01  ,0,0,0,0,0,0,0,0,0,-27000,0,0,0,0,27000,-27000,-27000
055442,矽創國票98購02  ,0,0,0,0,0,0,0,0,0,-27000,0,0,0,0,27000,-27000,-27000
056007,上銀中信97購02  ,0,0,0,0,0,0,0,0,0,-27000,0,0,0,91000,118000,-27000,-27000
055930,可成群益98購01  ,0,0,0,0,0,0,0,0,0,-27000,0,0,0,43000,70000,-27000,-27000
05649P,矽創國票97售03  ,0,0,0,0,0,0,0,0,0,-27000,0,0,0,0,27000,-27000,-27000
055059,健和興永豐97購01,0,0,0,0,0,0,0,0,0,-27000,0,0,0,0,27000,-27000,-27000
04450P,京元電凱基94售01,0,0,0,0,0,0,0,0,0,-27000,0,0,0,3000,30000,-27000,-27000
04032P,聯茂凱基94售02  ,0,0,0,0,0,0,0,0,0,-27000,0,0,0,58000,85000,-27000,-27000
00757,統一FANG+       ,0,0,0,0,0,0,0,0,0,-27000,0,0,0,209000,236000,-27000,-27000
04157P,鎧勝永豐93售02  ,0,0,0,0,0,0,0,0,0,-27000,0,0,0,0,27000,-27000,-27000
044302,智邦兆豐93購02  ,0,0,0,0,0,0,0,0,0,-27000,0,0,0,20000,47000,-27000,-27000
046782,建準永豐93購01  ,0,0,0,0,0,0,0,0,0,-27000,0,0,0,0,27000,-27000,-27000
046802,聯電元大93購01  ,0,0,0,0,0,0,0,0,0,-27000,0,0,0,6000,33000,-27000,-27000
046028,微星元大92購01  ,0,0,0,0,0,0,0,0,0,-27000,0,0,0,0,27000,-27000,-27000
047066,力成凱基93購04  ,0,0,0,0,0,0,0,0,0,-27000,0,0,0,0,27000,-27000,-27000
047138,智伸科凱基93購04,0,0,0,0,0,0,0,0,0,-27000,0,0,0,28000,55000,-27000,-27000
04837P,華新科元大94售05,0,0,0,0,0,0,0,0,0,-27000,0,0,0,16000,43000,-27000,-27000
048753,智伸科元富94購01,0,0,0,0,0,0,0,0,0,-27000,0,0,0,0,27000,-27000,-27000
049585,旺宏元大95購02  ,0,0,0,0,0,0,0,0,0,-27000,0,0,0,303000,330000,-27000,-27000
047676,臺股指元富99購01,0,0,0,0,0,0,0,0,0,-27000,0,0,0,3000,30000,-27000,-27000
050049,華通群益96購01  ,0,0,0,0,0,0,0,0,0,-27000,0,0,0,25000,52000,-27000,-27000
050719,世紀鋼群益96購01,0,0,0,0,0,0,0,0,0,-27000,0,0,0,22000,49000,-27000,-27000
052055,緯穎凱基95購03  ,0,0,0,0,0,0,0,0,0,-27000,0,0,0,132000,159000,-27000,-27000
053427,鎧勝永豐96購02  ,0,0,0,0,0,0,0,0,0,-27000,0,0,0,20000,47000,-27000,-27000
053982,臻鼎元大96購05  ,0,0,0,0,0,0,0,0,0,-27000,0,0,0,10000,37000,-27000,-27000
052832,益航群益96購01  ,0,0,0,0,0,0,0,0,0,-27000,0,0,0,223000,250000,-27000,-27000
1531,高林股          ,2000,29000,-27000,0,0,0,0,0,0,0,0,0,0,0,0,0,-27000
2706,第一店          ,2000,28000,-26000,0,0,0,0,0,0,-1000,0,1000,-1000,0,0,0,-27000
05925P,晶技永豐96售03  ,0,0,0,0,0,0,0,0,0,-27000,0,0,0,0,27000,-27000,-27000
3679,新至陞          ,7000,33000,-26000,0,0,0,0,0,0,-1000,0,1000,-1000,0,0,0,-27000
9902,台火            ,4000,30000,-26000,0,0,0,0,0,0,-1000,0,1000,-1000,0,0,0,-27000
055133,致新康和97購01  ,0,0,0,0,0,0,0,0,0,-28000,0,0,0,68000,96000,-28000,-28000
056352,鴻海元大99購01  ,0,0,0,0,0,0,0,0,0,-28000,0,0,0,45000,73000,-28000,-28000
055327,致新國票98購01  ,0,0,0,0,0,0,0,0,0,-28000,0,0,0,0,28000,-28000,-28000
055812,台積電國票99購02,0,19000,-19000,0,0,0,0,0,0,-9000,0,0,0,76000,85000,-9000,-28000
055643,宏碁元富97購01  ,0,0,0,0,0,0,0,0,0,-28000,0,0,0,2000,30000,-28000,-28000
050322,世紀鋼國票95購01,0,0,0,0,0,0,0,0,0,-28000,0,0,0,0,28000,-28000,-28000
045975,祥碩凱基93購04  ,0,0,0,0,0,0,0,0,0,-28000,0,0,0,8000,36000,-28000,-28000
046187,友達凱基93購03  ,0,0,0,0,0,0,0,0,0,-28000,0,0,0,15000,43000,-28000,-28000
046729,智伸科元大93購01,0,0,0,0,0,0,0,0,0,-28000,0,0,0,0,28000,-28000,-28000
046330,祥碩元大92購02  ,0,0,0,0,0,0,0,0,0,-28000,0,0,0,11000,39000,-28000,-28000
03904P,啟碁統一93售01  ,0,0,0,0,0,0,0,0,0,-28000,0,0,0,2000,30000,-28000,-28000
044758,玉山金凱基93購01,0,0,0,0,0,0,0,0,0,-28000,0,0,0,2000,30000,-28000,-28000
050791,聯發科富邦96購01,0,0,0,0,0,0,0,0,0,-28000,0,0,0,0,28000,-28000,-28000
048503,百和元大93購02  ,0,0,0,0,0,0,0,0,0,-28000,0,0,0,0,28000,-28000,-28000
049136,華通元大95購01  ,0,0,0,0,0,0,0,0,0,-28000,0,0,0,6000,34000,-28000,-28000
049087,晶相光凱基94購02,0,0,0,0,0,0,0,0,0,-28000,0,0,0,0,28000,-28000,-28000
048027,京元電凱基93購03,0,0,0,0,0,0,0,0,0,-28000,0,0,0,72000,100000,-28000,-28000
051232,貿聯群益95購02  ,0,0,0,0,0,0,0,0,0,-28000,0,0,0,37000,65000,-28000,-28000
051031,康友元富95購02  ,0,0,0,0,0,0,0,0,0,-28000,0,0,0,10000,38000,-28000,-28000
049743,全新台新94購01  ,0,0,0,0,0,0,0,0,0,-28000,0,0,0,5000,33000,-28000,-28000
051753,華通元大96購03  ,0,0,0,0,0,0,0,0,0,-28000,0,0,0,0,28000,-28000,-28000
9927,泰銘            ,7000,34000,-27000,0,0,0,0,0,0,-1000,0,1000,-1000,0,0,0,-28000
3588,通嘉            ,10000,38000,-28000,0,0,0,0,0,0,0,0,0,0,0,0,0,-28000
4306,炎洲            ,23000,49000,-26000,0,0,0,0,0,0,-2000,0,2000,-2000,0,0,0,-28000
06124P,超眾元大97售03  ,0,0,0,0,0,0,0,0,0,-28000,0,0,0,5000,33000,-28000,-28000
1612,宏泰            ,0,24000,-24000,0,0,0,0,0,0,-4000,0,4000,-4000,0,0,0,-28000
4104,佳醫            ,6000,34486,-28486,0,0,0,0,0,0,0,0,0,0,0,0,0,-28486
055661,亞德客中信98購01,0,0,0,0,0,0,0,0,0,-29000,0,0,0,67000,96000,-29000,-29000
05626P,景碩國票97售03  ,0,0,0,0,0,0,0,0,0,-29000,0,0,0,60000,89000,-29000,-29000
056535,全新凱基99購02  ,0,0,0,0,0,0,0,0,0,-29000,0,0,0,0,29000,-29000,-29000
05510P,燿華元富96售01  ,0,0,0,0,0,0,0,0,0,-29000,0,0,0,21000,50000,-29000,-29000
054962,玉晶光元大99購02,0,0,0,0,0,0,0,0,0,-29000,0,0,0,30000,59000,-29000,-29000
054899,南港康和97購01  ,0,0,0,0,0,0,0,0,0,-29000,0,0,0,7000,36000,-29000,-29000
054576,健策元大98購03  ,0,0,0,0,0,0,0,0,0,-29000,0,0,0,56000,85000,-29000,-29000
054600,中壽台新97購01  ,0,0,0,0,0,0,0,0,0,-29000,0,0,0,6000,35000,-29000,-29000
054650,南亞麥證97購01  ,0,0,0,1000,30000,-29000,0,0,0,-29000,0,0,0,1000,30000,-29000,-29000
042527,台灣50永豐94購01,0,0,0,0,0,0,0,0,0,-29000,0,0,0,2000,31000,-29000,-29000
045106,玉晶光群益95購01,0,0,0,0,0,0,0,0,0,-29000,0,0,0,0,29000,-29000,-29000
050351,華新科群益95購02,0,0,0,0,0,0,0,0,0,-29000,0,0,0,108000,137000,-29000,-29000
050344,鴻海元富96購01  ,0,0,0,0,0,0,0,0,0,-29000,0,0,0,184000,213000,-29000,-29000
050465,神基中信94購01  ,0,0,0,0,0,0,0,0,0,-29000,0,0,0,0,29000,-29000,-29000
049819,百和元大94購02  ,0,0,0,0,0,0,0,0,0,-29000,0,0,0,0,29000,-29000,-29000
051202,智邦麥證95購01  ,0,0,0,51000,80000,-29000,0,0,0,-29000,0,0,0,51000,80000,-29000,-29000
048080,元石油凱基96購01,0,0,0,0,0,0,0,0,0,-29000,0,0,0,0,29000,-29000,-29000
049259,聯發科元大94購04,0,0,0,0,0,0,0,0,0,-29000,0,0,0,169000,198000,-29000,-29000
048192,華通元大96購01  ,0,0,0,0,0,0,0,0,0,-29000,0,0,0,16000,45000,-29000,-29000
051792,泰鼎國票96購02  ,0,0,0,0,0,0,0,0,0,-29000,0,0,0,0,29000,-29000,-29000
052257,燿華國泰96購01  ,0,0,0,0,0,0,0,0,0,-29000,0,0,0,21000,50000,-29000,-29000
052553,技嘉國票96購01  ,0,0,0,0,0,0,0,0,0,-29000,0,0,0,1000,30000,-29000,-29000
4919,新唐            ,109000,121000,-12000,0,0,0,1000,0,1000,-18000,0,9000,-9000,4000,13000,-9000,-29000
3094,聯傑            ,13000,42000,-29000,0,0,0,0,0,0,0,0,0,0,0,0,0,-29000
9941,裕融            ,15000,34000,-19000,0,0,0,1000,0,1000,-11000,0,11000,-11000,0,0,0,-29000
2010,春源            ,4000,31000,-27000,0,0,0,0,0,0,-2000,0,2000,-2000,0,0,0,-29000
06127P,泰碩元富97售01  ,0,0,0,0,0,0,0,0,0,-29000,0,0,0,1000,30000,-29000,-29000
06000P,GIS元大96售04   ,0,0,0,0,0,0,0,0,0,-29000,0,0,0,0,29000,-29000,-29000
06348P,鈺齊元富97售02  ,0,0,0,0,0,0,0,0,0,-29000,0,0,0,23000,52000,-29000,-29000
06355P,聯茂永豐97售02  ,0,0,0,0,0,0,0,0,0,-29000,0,0,0,104000,133000,-29000,-29000
05948P,茂林元大96售03  ,0,0,0,0,0,0,0,0,0,-29000,0,0,0,149000,178000,-29000,-29000
054655,貿聯麥證98購01  ,0,0,0,10000,40000,-30000,0,0,0,-30000,0,0,0,10000,40000,-30000,-30000
054605,鴻海永豐97購01  ,0,0,0,0,0,0,0,0,0,-30000,0,0,0,0,30000,-30000,-30000
05458P,台積電凱基97售02,0,0,0,0,0,0,0,0,0,-30000,0,0,0,0,30000,-30000,-30000
054557,臻鼎凱基98購01  ,0,0,0,0,0,0,0,0,0,-30000,0,0,0,0,30000,-30000,-30000
05436P,台積電群益95售07,0,0,0,0,0,0,0,0,0,-30000,0,0,0,0,30000,-30000,-30000
054067,百和國票97購03  ,0,0,0,0,0,0,0,0,0,-30000,0,0,0,0,30000,-30000,-30000
054049,亞光元大96購03  ,0,0,0,0,0,0,0,0,0,-30000,0,0,0,8000,38000,-30000,-30000
054102,百和國票97購04  ,0,0,0,0,0,0,0,0,0,-30000,0,0,0,0,30000,-30000,-30000
054273,宏達電中信98購01,0,0,0,0,0,0,0,0,0,-30000,0,0,0,0,30000,-30000,-30000
054754,昇陽半凱基98購02,0,0,0,0,0,0,0,0,0,-30000,0,0,0,0,30000,-30000,-30000
054682,東元永豐97購01  ,0,0,0,0,0,0,0,0,0,-30000,0,0,0,21000,51000,-30000,-30000
054778,世紀鋼國票99購01,0,0,0,0,0,0,0,0,0,-30000,0,0,0,0,30000,-30000,-30000
055289,泰碩元大98購01  ,0,0,0,0,0,0,0,0,0,-30000,0,0,0,15000,45000,-30000,-30000
05521P,創意永豐96售01  ,0,0,0,0,0,0,0,0,0,-30000,0,0,0,0,30000,-30000,-30000
056496,康控國泰99購01  ,0,0,0,0,0,0,0,0,0,-30000,0,0,0,10000,40000,-30000,-30000
05640P,旺宏元富96售03  ,0,0,0,0,0,0,0,0,0,-30000,0,0,0,0,30000,-30000,-30000
056430,鴻海凱基98購06  ,0,0,0,0,0,0,0,0,0,-30000,0,0,0,20000,50000,-30000,-30000
055953,上銀元大97購09  ,0,0,0,0,0,0,0,0,0,-30000,0,0,0,35000,65000,-30000,-30000
055993,致茂國泰99購01  ,0,0,0,0,0,0,0,0,0,-30000,0,0,0,20000,50000,-30000,-30000
056073,智伸科元大97購01,0,0,0,0,0,0,0,0,0,-30000,0,0,0,100000,130000,-30000,-30000
05611P,康控群益96售02  ,0,0,0,0,0,0,0,0,0,-30000,0,0,0,0,30000,-30000,-30000
055797,華通富邦98購01  ,0,0,0,0,0,0,0,0,0,-30000,0,0,0,0,30000,-30000,-30000
055841,南亞科元大97購04,0,0,0,0,0,0,0,0,0,-30000,0,0,0,5000,35000,-30000,-30000
055304,瑞昱第一98購01  ,0,0,0,0,0,0,0,0,0,-30000,0,0,0,0,30000,-30000,-30000
05534P,元油反元大96售06,0,0,0,0,0,0,0,0,0,-30000,0,0,0,0,30000,-30000,-30000
05542P,滬深2X元富96售01,0,0,0,0,0,0,0,0,0,-30000,0,0,0,0,30000,-30000,-30000
055512,聯詠兆豐97購01  ,0,0,0,0,0,0,0,0,0,-30000,0,0,0,10000,40000,-30000,-30000
055570,華通統一98購03  ,0,0,0,0,0,0,0,0,0,-30000,0,0,0,54000,84000,-30000,-30000
050474,鴻海永豐94購05  ,0,0,0,0,0,0,0,0,0,-30000,0,0,0,68000,98000,-30000,-30000
050479,上証2X國票95購02,0,0,0,0,0,0,0,0,0,-30000,0,0,0,0,30000,-30000,-30000
050264,聯發科元大94購13,0,0,0,0,0,0,0,0,0,-30000,0,0,0,551000,581000,-30000,-30000
047153,聯發科國票93購02,0,0,0,0,0,0,0,0,0,-30000,0,0,0,0,30000,-30000,-30000
04705P,臺股指統一95售02,0,0,0,0,0,0,0,0,0,-30000,0,0,0,50000,80000,-30000,-30000
04508P,臺股指元大94售03,0,0,0,0,0,0,0,0,0,-30000,0,0,0,0,30000,-30000,-30000
045149,聯發科凱基93購02,0,0,0,0,0,0,0,0,0,-30000,0,0,0,10000,40000,-30000,-30000
046600,鴻海群益94購01  ,0,0,0,0,0,0,0,0,0,-30000,0,0,0,0,30000,-30000,-30000
045206,創意國泰93購02  ,0,0,0,0,0,0,0,0,0,-30000,0,0,0,0,30000,-30000,-30000
04685P,訊芯元大94售02  ,0,0,0,0,0,0,0,0,0,-30000,0,0,0,1000,31000,-30000,-30000
045389,TPK元大93購03   ,0,0,0,0,0,0,0,0,0,-30000,0,0,0,0,30000,-30000,-30000
045401,大立光兆豐93購01,0,0,0,0,0,0,0,0,0,-30000,0,0,0,0,30000,-30000,-30000
046142,康舒統一93購01  ,0,0,0,0,0,0,0,0,0,-30000,0,0,0,10000,40000,-30000,-30000
042558,瑞昱中信94購01  ,0,0,0,0,0,0,0,0,0,-30000,0,0,0,30000,60000,-30000,-30000
042280,元石油富邦96購01,0,0,0,0,0,0,0,0,0,-30000,0,0,0,0,30000,-30000,-30000
04132P,瑞昱群益93售04  ,0,0,0,0,0,0,0,0,0,-30000,0,0,0,0,30000,-30000,-30000
042126,欣興統一92購01  ,0,0,0,0,0,0,0,0,0,-30000,0,0,0,0,30000,-30000,-30000
04490P,聯發科台新94售02,0,0,0,0,0,0,0,0,0,-30000,0,0,0,0,30000,-30000,-30000
04401P,玉晶光兆豐94售01,0,0,0,0,0,0,0,0,0,-30000,0,0,0,0,30000,-30000,-30000
04408P,台積電統一94售06,0,0,0,0,0,0,0,0,0,-30000,0,0,0,0,30000,-30000,-30000
04382P,美律國泰95售01  ,0,0,0,0,0,0,0,0,0,-30000,0,0,0,3000,33000,-30000,-30000
04387P,玉晶光日盛94售01,0,0,0,0,0,0,0,0,0,-30000,0,0,0,0,30000,-30000,-30000
03430B,臺股指元大9B熊01,0,0,0,0,0,0,0,0,0,-30000,0,0,0,0,30000,-30000,-30000
03368P,臺股指元大02售11,0,0,0,0,0,0,0,0,0,-30000,0,0,0,0,30000,-30000,-30000
048320,聯詠凱基93購08  ,0,0,0,0,0,0,0,0,0,-30000,0,0,0,0,30000,-30000,-30000
04940P,台積電國票95售02,0,0,0,0,0,0,0,0,0,-30000,0,0,0,0,30000,-30000,-30000
050009,昇陽半永豐94購02,0,0,0,0,0,0,0,0,0,-30000,0,0,0,0,30000,-30000,-30000
048562,宏達電元大95購01,0,0,0,0,0,0,0,0,0,-30000,0,0,0,0,30000,-30000,-30000
04931P,臻鼎元富94售09  ,0,0,0,0,0,0,0,0,0,-30000,0,0,0,0,30000,-30000,-30000
049190,元油2X永豐94購04,0,0,0,0,0,0,0,0,0,-30000,0,0,0,0,30000,-30000,-30000
04916P,大立光永昌96售02,0,0,0,0,0,0,0,0,0,-30000,0,0,0,100000,130000,-30000,-30000
049130,臺指反元大98購01,0,0,0,0,0,0,0,0,0,-30000,0,0,0,0,30000,-30000,-30000
050531,訊芯元大95購02  ,0,0,0,0,0,0,0,0,0,-30000,0,0,0,0,30000,-30000,-30000
048678,統一富邦93購01  ,0,0,0,0,0,0,0,0,0,-30000,0,0,0,0,30000,-30000,-30000
048376,台達電元富93購01,0,0,0,0,0,0,0,0,0,-30000,0,0,0,0,30000,-30000,-30000
04847P,聯發科凱基94售17,0,0,0,0,0,0,0,0,0,-30000,0,0,0,0,30000,-30000,-30000
049571,華固統一94購02  ,0,0,0,0,0,0,0,0,0,-30000,0,0,0,10000,40000,-30000,-30000
049560,香港反統一95購01,0,0,0,0,0,0,0,0,0,-30000,0,0,0,0,30000,-30000,-30000
049547,新光金群益94購01,0,0,0,0,0,0,0,0,0,-30000,0,0,0,0,30000,-30000,-30000
04803P,台積電凱基94售30,0,0,0,0,0,0,0,0,0,-30000,0,0,0,0,30000,-30000,-30000
048996,中環第一94購01  ,0,0,0,0,0,0,0,0,0,-30000,0,0,0,0,30000,-30000,-30000
050947,聯發科群益95購01,0,0,0,0,0,0,0,0,0,-30000,0,0,0,11000,41000,-30000,-30000
048982,牧德元大94購02  ,0,0,0,0,0,0,0,0,0,-30000,0,0,0,0,30000,-30000,-30000
048935,玉晶光永豐94購04,0,0,0,0,0,0,0,0,0,-30000,0,0,0,0,30000,-30000,-30000
051158,嘉晶富邦96購01  ,0,0,0,0,0,0,0,0,0,-30000,0,0,0,0,30000,-30000,-30000
051017,聯發科凱基95購04,0,0,0,0,0,0,0,0,0,-30000,0,0,0,0,30000,-30000,-30000
050963,強茂永豐95購01  ,0,0,0,0,0,0,0,0,0,-30000,0,0,0,0,30000,-30000,-30000
051085,鴻海元大95購03  ,0,0,0,0,0,0,0,0,0,-30000,0,0,0,500000,530000,-30000,-30000
050696,台光電凱基96購01,0,0,0,0,0,0,0,0,0,-30000,0,0,0,0,30000,-30000,-30000
050647,聯發科凱基96購01,0,0,0,0,0,0,0,0,0,-30000,0,0,0,82000,112000,-30000,-30000
050170,臺指反元大97購02,0,0,0,0,0,0,0,0,0,-30000,0,0,0,0,30000,-30000,-30000
052435,滬深2X富邦96購05,0,0,0,0,0,0,0,0,0,-30000,0,0,0,0,30000,-30000,-30000
052691,GIS元大96購01   ,0,0,0,0,0,0,0,0,0,-30000,0,0,0,24000,54000,-30000,-30000
05264P,微星元大95售02  ,0,0,0,0,0,0,0,0,0,-30000,0,0,0,0,30000,-30000,-30000
052313,聯電元大98購01  ,0,0,0,0,0,0,0,0,0,-30000,0,0,0,80000,110000,-30000,-30000
052344,台表科凱基98購01,0,0,0,0,0,0,0,0,0,-30000,0,0,0,0,30000,-30000,-30000
05237P,為升永豐95售01  ,0,0,0,0,0,0,0,0,0,-30000,0,0,0,0,30000,-30000,-30000
052121,全新國票96購03  ,0,0,0,0,0,0,0,0,0,-30000,0,0,0,0,30000,-30000,-30000
052190,創意群益95購03  ,0,0,0,0,0,0,0,0,0,-30000,0,0,0,0,30000,-30000,-30000
051806,華通凱基96購02  ,0,0,0,0,0,0,0,0,0,-30000,0,0,0,0,30000,-30000,-30000
05182P,嘉晶統一95售03  ,0,0,0,0,0,0,0,0,0,-30000,0,0,0,0,30000,-30000,-30000
05172P,臺股指元大95售16,0,0,0,0,0,0,0,0,0,-30000,0,0,0,0,30000,-30000,-30000
051298,智邦凱基95購03  ,0,0,0,0,0,0,0,0,0,-30000,0,0,0,68000,98000,-30000,-30000
051641,矽創國票96購01  ,0,0,0,0,0,0,0,0,0,-30000,0,0,0,0,30000,-30000,-30000
052747,京鼎元大97購01  ,0,0,0,0,0,0,0,0,0,-30000,0,0,0,212000,242000,-30000,-30000
053184,世紀鋼元富96購01,0,0,0,0,0,0,0,0,0,-30000,0,0,0,9000,39000,-30000,-30000
05329P,臺股指凱基95售13,0,0,0,0,0,0,0,0,0,-30000,0,0,0,0,30000,-30000,-30000
05330P,臺股指凱基95售14,0,0,0,0,0,0,0,0,0,-30000,0,0,0,5000,35000,-30000,-30000
053715,美律凱基96購04  ,0,0,0,0,0,0,0,0,0,-30000,0,0,0,0,30000,-30000,-30000
05910P,力山永豐96售02  ,0,0,0,0,0,0,0,0,0,-30000,0,0,0,10000,40000,-30000,-30000
05981P,可成永昌98售02  ,0,0,0,0,0,0,0,0,0,-30000,0,0,0,12000,42000,-30000,-30000
05843P,台積電元大96售16,0,0,0,0,0,0,0,0,0,-30000,0,0,0,695000,725000,-30000,-30000
05892P,大立光中信98售03,0,0,0,0,0,0,0,0,0,-30000,0,0,0,30000,60000,-30000,-30000
05743P,創意元大96售01  ,0,0,0,0,0,0,0,0,0,-30000,0,0,0,0,30000,-30000,-30000
056624,景碩永豐98購01  ,0,0,0,0,0,0,0,0,0,-30000,0,0,0,0,30000,-30000,-30000
05672P,鴻海群益96售03  ,0,0,0,0,0,0,0,0,0,-30000,0,0,0,0,30000,-30000,-30000
06282P,聯鈞永豐97售02  ,0,0,0,0,0,0,0,0,0,-30000,0,0,0,2000,32000,-30000,-30000
06050P,玉晶光國票98售01,0,0,0,0,0,0,0,0,0,-30000,0,0,0,11000,41000,-30000,-30000
06131P,京鼎元富97售02  ,0,0,0,0,0,0,0,0,0,-30000,0,0,0,0,30000,-30000,-30000
06489P,台積電元富98售06,0,0,0,0,0,0,0,0,0,-30000,0,0,0,0,30000,-30000,-30000
06385P,聯發科永豐97售02,0,0,0,0,0,0,0,0,0,-30000,0,0,0,0,30000,-30000,-30000
06398P,禾伸堂凱基97售02,0,0,0,0,0,0,0,0,0,-30000,0,0,0,0,30000,-30000,-30000
6477,安集            ,13000,40000,-27000,0,0,0,0,0,0,-3000,0,3000,-3000,0,0,0,-30000
3705,永信            ,41000,69000,-28000,0,0,0,0,0,0,-2000,0,2000,-2000,0,0,0,-30000
5234,達興材料        ,45000,36000,9000,0,0,0,0,31000,-31000,-8000,1000,9000,-8000,0,0,0,-30000
055937,康舒群益97購01  ,0,0,0,0,0,0,0,0,0,-31000,0,0,0,0,31000,-31000,-31000
05403P,台積電富邦95售08,0,0,0,0,0,0,0,0,0,-31000,0,0,0,0,31000,-31000,-31000
03242P,聯電統一02售04  ,0,0,0,0,0,0,0,0,0,-31000,0,0,0,80000,111000,-31000,-31000
04429P,和鑫元大94售01  ,0,0,0,0,0,0,0,0,0,-31000,0,0,0,0,31000,-31000,-31000
047461,大立光群益93購09,0,0,0,0,0,0,0,0,0,-31000,0,0,0,70000,101000,-31000,-31000
04584P,楠梓電永豐94售01,0,0,0,0,0,0,0,0,0,-31000,0,0,0,1000,32000,-31000,-31000
046602,新日興群益94購01,0,0,0,0,0,0,0,0,0,-31000,0,0,0,14000,45000,-31000,-31000
050005,京鼎永豐94購01  ,0,0,0,0,0,0,0,0,0,-31000,0,0,0,78000,109000,-31000,-31000
049982,嘉晶凱基94購01  ,0,0,0,0,0,0,0,0,0,-31000,0,0,0,105000,136000,-31000,-31000
048670,華新科永豐93購03,0,0,0,0,0,0,0,0,0,-31000,0,0,0,148000,179000,-31000,-31000
05053P,新日興群益95售01,0,0,0,0,0,0,0,0,0,-31000,0,0,0,0,31000,-31000,-31000
049307,上銀凱基94購03  ,0,0,0,0,0,0,0,0,0,-31000,0,0,0,158000,189000,-31000,-31000
050024,旺宏元大94購09  ,0,0,0,0,0,0,0,0,0,-31000,0,0,0,38000,69000,-31000,-31000
053698,中磊元大96購02  ,0,0,0,0,0,0,0,0,0,-31000,0,0,0,22000,53000,-31000,-31000
053082,聯電元大98購03  ,0,0,0,0,0,0,0,0,0,-31000,0,0,0,179000,210000,-31000,-31000
052912,日月光統一96購01,0,0,0,0,0,0,0,0,0,-31000,0,0,0,155000,186000,-31000,-31000
051756,台積電元大97購04,0,0,0,0,0,0,0,0,0,-31000,0,0,0,150000,181000,-31000,-31000
051734,台積電國票95購04,0,0,0,0,0,0,0,0,0,-31000,0,0,0,56000,87000,-31000,-31000
051679,百和元大95購02  ,0,0,0,0,0,0,0,0,0,-31000,0,0,0,0,31000,-31000,-31000
052131,台積電凱基96購01,0,0,0,0,0,0,0,0,0,-31000,0,0,0,50000,81000,-31000,-31000
06374P,台表科元大97售06,0,0,0,0,0,0,0,0,0,-31000,0,0,0,0,31000,-31000,-31000
06163P,聯詠群益97售01  ,0,0,0,0,0,0,0,0,0,-31000,0,0,0,0,31000,-31000,-31000
05814P,臺股指國票96售07,0,0,0,0,0,0,0,0,0,-31000,0,0,0,21000,52000,-31000,-31000
054161,友訊凱基98購01  ,0,0,0,0,0,0,0,0,0,-32000,0,0,0,0,32000,-32000,-32000
055275,台積電元大97購19,0,0,0,0,0,0,0,0,0,-32000,0,0,0,68000,100000,-32000,-32000
055268,和大元大97購01  ,0,0,0,0,0,0,0,0,0,-32000,0,0,0,2000,34000,-32000,-32000
055008,隆達元富97購01  ,0,0,0,0,0,0,0,0,0,-32000,0,0,0,30000,62000,-32000,-32000
056397,彩晶永豐99購01  ,0,0,0,0,0,0,0,0,0,-32000,0,0,0,18000,50000,-32000,-32000
056268,新日興統一97購01,0,0,0,0,0,0,0,0,0,-32000,0,0,0,8000,40000,-32000,-32000
056367,祥碩元大98購01  ,0,0,0,0,0,0,0,0,0,-32000,0,0,0,40000,72000,-32000,-32000
05552P,聯詠群益96售01  ,0,0,0,0,0,0,0,0,0,-32000,0,0,0,0,32000,-32000,-32000
04674P,全新統一95售01  ,0,0,0,0,0,0,0,0,0,-32000,0,0,0,50000,82000,-32000,-32000
046656,華邦電元大93購02,0,0,0,0,0,0,0,0,0,-32000,0,0,0,150000,182000,-32000,-32000
04618P,電子類群益94售02,0,0,0,0,0,0,0,0,0,-32000,0,0,0,5000,37000,-32000,-32000
04630P,嘉聯益元大95售02,0,0,0,0,0,0,0,0,0,-32000,0,0,0,0,32000,-32000,-32000
047530,智伸科元大93購04,0,0,0,0,0,0,0,0,0,-32000,0,0,0,0,32000,-32000,-32000
04398P,致伸群益94售02  ,0,0,0,0,0,0,0,0,0,-32000,0,0,0,0,32000,-32000,-32000
020008,元大特股高息N   ,0,0,0,0,0,0,0,0,0,-32000,0,0,0,4000,36000,-32000,-32000
049394,T50反1群益94購01,0,0,0,0,0,0,0,0,0,-32000,0,0,0,0,32000,-32000,-32000
049375,大立光元大94購13,0,0,0,0,0,0,0,0,0,-32000,0,0,0,0,32000,-32000,-32000
048378,貿聯元富93購01  ,0,0,0,0,0,0,0,0,0,-32000,0,0,0,37000,69000,-32000,-32000
050848,日月光國票95購01,0,0,0,0,0,0,0,0,0,-32000,0,0,0,40000,72000,-32000,-32000
052619,茂林國泰99購01  ,0,0,0,0,0,0,0,0,0,-32000,0,0,0,40000,72000,-32000,-32000
05270P,台表科元大95售05,0,0,0,0,0,0,0,0,0,-32000,0,0,0,200000,232000,-32000,-32000
052526,智伸科元大96購02,0,0,0,0,0,0,0,0,0,-32000,0,0,0,0,32000,-32000,-32000
051377,鴻海群益95購07  ,0,0,0,0,0,0,0,0,0,-32000,0,0,0,0,32000,-32000,-32000
052978,貿聯麥證97購01  ,0,0,0,0,32000,-32000,0,0,0,-32000,0,0,0,0,32000,-32000,-32000
05313P,臺股指群益95售12,0,0,0,0,0,0,0,0,0,-32000,0,0,0,20000,52000,-32000,-32000
053493,智邦兆豐97購02  ,0,0,0,0,0,0,0,0,0,-32000,0,0,0,110000,142000,-32000,-32000
05960P,欣興統一96售01  ,0,0,0,0,0,0,0,0,0,-32000,0,0,0,124000,156000,-32000,-32000
06102P,智邦凱基97售03  ,0,0,0,0,0,0,0,0,0,-32000,0,0,0,25000,57000,-32000,-32000
1308,亞聚            ,99000,73000,26000,0,0,0,0,0,0,-58000,7000,65000,-58000,0,0,0,-32000
1446,宏和            ,12000,43000,-31000,0,0,0,0,0,0,-1000,0,1000,-1000,0,0,0,-32000
2477,美隆電          ,27000,54000,-27000,0,0,0,0,0,0,-5000,0,5000,-5000,0,0,0,-32000
5283,禾聯碩          ,0,28000,-28000,0,0,0,0,0,0,-4000,0,0,0,0,4000,-4000,-32000
9942,茂順            ,2000,33000,-31000,0,0,0,0,0,0,-1000,0,1000,-1000,0,0,0,-32000
055430,宏達電群益97購01,0,0,0,0,0,0,0,0,0,-33000,0,0,0,0,33000,-33000,-33000
05566P,景碩永豐96售01  ,0,0,0,0,0,0,0,0,0,-33000,0,0,0,0,33000,-33000,-33000
056380,麗豐元富98購01  ,0,0,0,0,0,0,0,0,0,-33000,0,0,0,120000,153000,-33000,-33000
054765,亞光國票98購02  ,0,0,0,0,0,0,0,0,0,-33000,0,0,0,1000,34000,-33000,-33000
054877,百和群益98購01  ,0,0,0,0,0,0,0,0,0,-33000,0,0,0,43000,76000,-33000,-33000
047509,技嘉國票93購01  ,0,0,0,0,0,0,0,0,0,-33000,0,0,0,5000,38000,-33000,-33000
04741P,台積電統一94售10,0,0,0,0,0,0,0,0,0,-33000,0,0,0,0,33000,-33000,-33000
050431,聯發科凱基94購18,0,0,0,0,0,0,0,0,0,-33000,0,0,0,20000,53000,-33000,-33000
050350,全新群益94購04  ,0,0,0,0,0,0,0,0,0,-33000,0,0,0,0,33000,-33000,-33000
050360,T50反1元大94購06,0,0,0,0,0,0,0,0,0,-33000,0,0,0,100000,133000,-33000,-33000
051237,鴻海元大97購01  ,0,0,0,0,0,0,0,0,0,-33000,0,0,0,423000,456000,-33000,-33000
050722,聯電國票96購01  ,0,0,0,0,0,0,0,0,0,-33000,0,0,0,80000,113000,-33000,-33000
047759,復盛元富93購01  ,0,0,0,0,0,0,0,0,0,-33000,0,0,0,17000,50000,-33000,-33000
05307P,光寶科中信95售01,0,0,0,0,0,0,0,0,0,-33000,0,0,0,40000,73000,-33000,-33000
05332P,臺股指國票95售01,0,0,0,0,0,0,0,0,0,-33000,0,0,0,2000,35000,-33000,-33000
053331,玉晶光永豐97購02,0,0,0,0,0,0,0,0,0,-33000,0,0,0,6000,39000,-33000,-33000
053260,喬山群益96購01  ,0,0,0,0,0,0,0,0,0,-33000,0,0,0,11000,44000,-33000,-33000
053231,奇力新康和96購01,0,0,0,0,0,0,0,0,0,-33000,0,0,0,61000,94000,-33000,-33000
051452,貿聯元大95購04  ,0,0,0,0,0,0,0,0,0,-33000,0,0,0,79000,112000,-33000,-33000
051918,聯茂元大95購01  ,0,0,0,0,0,0,0,0,0,-33000,0,0,0,179000,212000,-33000,-33000
051861,鴻海凱基98購01  ,0,0,0,0,0,0,0,0,0,-33000,0,0,0,7000,40000,-33000,-33000
3712,永崴投控        ,16000,47000,-31000,0,0,0,0,0,0,-2000,0,2000,-2000,0,0,0,-33000
05953P,台積電國票98售02,0,0,0,0,0,0,0,0,0,-33000,0,0,0,0,33000,-33000,-33000
2385,群光            ,1177000,1225909,-48909,0,0,0,6000,0,6000,9000,5000,29000,-24000,35000,2000,33000,-33909
054704,玉晶光第一97購01,0,0,0,0,0,0,0,0,0,-34000,0,0,0,0,34000,-34000,-34000
05506P,茂林凱基96售03  ,0,0,0,0,0,0,0,0,0,-34000,0,0,0,0,34000,-34000,-34000
054326,宏達電台新97購02,0,0,0,0,0,0,0,0,0,-34000,0,0,0,0,34000,-34000,-34000
054651,台化麥證97購01  ,0,0,0,0,34000,-34000,0,0,0,-34000,0,0,0,0,34000,-34000,-34000
04578P,微星富邦96售01  ,0,0,0,0,0,0,0,0,0,-34000,0,0,0,0,34000,-34000,-34000
04235P,鴻海群益93售08  ,0,0,0,0,0,0,0,0,0,-34000,0,0,0,25000,59000,-34000,-34000
042387,台積電永昌93購02,0,0,0,0,0,0,0,0,0,-34000,0,0,0,26000,60000,-34000,-34000
04103P,臺股指國票93售10,0,0,0,0,0,0,0,0,0,-34000,0,0,0,40000,74000,-34000,-34000
043396,世紀鋼元大93購01,0,0,0,0,0,0,0,0,0,-34000,0,0,0,100000,134000,-34000,-34000
048295,泰鼎群益93購01  ,0,0,0,0,0,0,0,0,0,-34000,0,0,0,74000,108000,-34000,-34000
050601,台表科國泰96購01,0,0,0,0,0,0,0,0,0,-34000,0,0,0,15000,49000,-34000,-34000
05168P,鴻海元大95售14  ,0,0,0,0,0,0,0,0,0,-34000,0,0,0,20000,54000,-34000,-34000
052520,南亞科元大95購06,0,0,0,0,0,0,0,0,0,-34000,0,0,0,0,34000,-34000,-34000
052207,台郡中信95購02  ,0,0,0,0,0,0,0,0,0,-34000,0,0,0,21000,55000,-34000,-34000
053325,GIS群益96購02   ,0,0,0,0,0,0,0,0,0,-34000,0,0,0,10000,44000,-34000,-34000
053086,宏達電元大97購01,0,0,0,0,0,0,0,0,0,-34000,0,0,0,0,34000,-34000,-34000
054035,聯詠麥證96購01  ,0,0,0,12000,46000,-34000,0,0,0,-34000,0,0,0,12000,46000,-34000,-34000
054031,中鋼中信98購01  ,0,0,0,0,0,0,0,0,0,-34000,0,0,0,0,34000,-34000,-34000
1537,廣隆            ,4000,38000,-34000,0,0,0,0,0,0,0,0,0,0,0,0,0,-34000
06419P,國巨統一97售09  ,0,0,0,0,0,0,0,0,0,-34000,0,0,0,10000,44000,-34000,-34000
05942P,奇力新凱基96售04,0,0,0,0,0,0,0,0,0,-34000,0,0,0,16000,50000,-34000,-34000
05695P,台積電凱基96售10,0,0,0,0,0,0,0,0,0,-34000,0,0,0,0,34000,-34000,-34000
06141P,大立光日盛97售01,0,0,0,0,0,0,0,0,0,-34000,0,0,0,0,34000,-34000,-34000
06310P,精元元富97售02  ,0,0,0,0,0,0,0,0,0,-34000,0,0,0,0,34000,-34000,-34000
3501,維熹            ,6000,40000,-34000,0,0,0,0,0,0,0,0,0,0,0,0,0,-34000
9921,巨大            ,830000,845000,-15000,0,0,0,0,8000,-8000,-11000,0,11000,-11000,0,0,0,-34000
054440,TPK台新98購01   ,0,0,0,0,0,0,0,0,0,-35000,0,0,0,78000,113000,-35000,-35000
054902,億光康和97購01  ,0,0,0,0,0,0,0,0,0,-35000,0,0,0,19000,54000,-35000,-35000
056283,鴻海永豐97購03  ,0,0,0,0,0,0,0,0,0,-35000,0,0,0,15000,50000,-35000,-35000
05615P,臺股指康和96售04,0,0,0,0,0,0,0,0,0,-35000,0,0,0,100000,135000,-35000,-35000
055337,超眾兆豐98購01  ,0,0,0,0,0,0,0,0,0,-35000,0,0,0,338000,373000,-35000,-35000
042929,台積電中信95購02,0,0,0,0,0,0,0,0,0,-35000,0,0,0,0,35000,-35000,-35000
04664P,臺股指國票94售03,0,0,0,0,0,0,0,0,0,-35000,0,0,0,15000,50000,-35000,-35000
046756,廣達凱基93購01  ,0,0,0,0,0,0,0,0,0,-35000,0,0,0,10000,45000,-35000,-35000
050079,元油2X統一94購06,0,0,0,0,0,0,0,0,0,-35000,0,0,0,0,35000,-35000,-35000
050518,台積電元大94購28,0,0,0,0,0,0,0,0,0,-35000,0,0,0,201000,236000,-35000,-35000
049606,可成第一94購01  ,0,0,0,0,0,0,0,0,0,-35000,0,0,0,0,35000,-35000,-35000
048713,美利達康和94購01,0,0,0,0,0,0,0,0,0,-35000,0,0,0,0,35000,-35000,-35000
049598,超眾元大95購03  ,0,0,0,0,0,0,0,0,0,-35000,0,0,0,0,35000,-35000,-35000
050801,元金2X群益98購01,0,0,0,0,0,0,0,0,0,-35000,0,0,0,0,35000,-35000,-35000
050753,百和統一94購01  ,0,0,0,0,0,0,0,0,0,-35000,0,0,0,0,35000,-35000,-35000
049324,臺股指凱基94購06,0,0,0,0,0,0,0,0,0,-35000,0,0,0,15000,50000,-35000,-35000
049898,緯穎統一95購01  ,0,0,0,0,0,0,0,0,0,-35000,0,0,0,70000,105000,-35000,-35000
049878,宏達電永豐94購01,0,0,0,0,0,0,0,0,0,-35000,0,0,0,50000,85000,-35000,-35000
053952,南亞科台新96購01,0,0,0,0,0,0,0,0,0,-35000,0,0,0,67000,102000,-35000,-35000
053882,聯發科中信98購02,0,0,0,0,0,0,0,0,0,-35000,0,0,0,0,35000,-35000,-35000
053125,宏達電凱基96購01,0,0,0,0,0,0,0,0,0,-35000,0,0,0,40000,75000,-35000,-35000
053217,群創凱基99購02  ,0,0,0,0,0,0,0,0,0,-35000,0,0,0,0,35000,-35000,-35000
051959,台郡台新95購03  ,0,0,0,0,0,0,0,0,0,-35000,0,0,0,149000,184000,-35000,-35000
05141P,華通台新96售01  ,0,0,0,0,0,0,0,0,0,-35000,0,0,0,3000,38000,-35000,-35000
051311,瑞昱麥證95購01  ,0,0,0,200000,235000,-35000,0,0,0,-35000,0,0,0,200000,235000,-35000,-35000
051584,可成元大95購08  ,0,0,0,0,0,0,0,0,0,-35000,0,0,0,50000,85000,-35000,-35000
056607,貿聯富邦99購02  ,0,0,0,0,0,0,0,0,0,-35000,0,0,0,5000,40000,-35000,-35000
06383P,聯茂元富97售01  ,0,0,0,0,0,0,0,0,0,-35000,0,0,0,0,35000,-35000,-35000
1711,永光            ,55000,84000,-29000,0,0,0,0,0,0,-6000,0,6000,-6000,0,0,0,-35000
2030,彰源            ,19000,53000,-34000,0,0,0,0,0,0,-1000,0,1000,-1000,0,0,0,-35000
055339,緯穎兆豐98購01  ,0,0,0,0,0,0,0,0,0,-36000,0,0,0,41000,77000,-36000,-36000
055677,喬山凱基97購01  ,0,0,0,0,0,0,0,0,0,-36000,0,0,0,15000,51000,-36000,-36000
055893,大立光統一97購07,0,0,0,0,0,0,0,0,0,-36000,0,0,0,0,36000,-36000,-36000
056476,智原元大98購02  ,0,0,0,0,0,0,0,0,0,-36000,0,0,0,7000,43000,-36000,-36000
056439,華邦電凱基98購02,0,0,0,0,0,0,0,0,0,-36000,0,0,0,20000,56000,-36000,-36000
054862,群光群益97購01  ,0,0,0,0,0,0,0,0,0,-36000,0,0,0,0,36000,-36000,-36000
055253,大立光統一97購06,0,0,0,0,0,0,0,0,0,-36000,0,0,0,0,36000,-36000,-36000
055184,群創統一98購02  ,0,0,0,0,0,0,0,0,0,-36000,0,0,0,0,36000,-36000,-36000
05448P,臺股指元大95售25,0,0,0,0,0,0,0,0,0,-36000,0,0,0,0,36000,-36000,-36000
054371,台積電中信9C購01,0,0,0,0,0,0,0,0,0,-36000,0,0,0,193000,229000,-36000,-36000
054630,聯鈞凱基98購01  ,0,0,0,0,0,0,0,0,0,-36000,0,0,0,0,36000,-36000,-36000
054267,上銀第一96購01  ,0,0,0,0,0,0,0,0,0,-36000,0,0,0,0,36000,-36000,-36000
054109,南亞科凱基96購05,0,0,0,0,0,0,0,0,0,-36000,0,0,0,31000,67000,-36000,-36000
050144,宏達電台新95購01,0,0,0,0,0,0,0,0,0,-36000,0,0,0,0,36000,-36000,-36000
050463,百和元大94購04  ,0,0,0,0,0,0,0,0,0,-36000,0,0,0,0,36000,-36000,-36000
04574P,台達電統一94售05,0,0,0,0,0,0,0,0,0,-36000,0,0,0,6000,42000,-36000,-36000
045022,聯電亞東93購01  ,0,0,0,0,0,0,0,0,0,-36000,0,0,0,0,36000,-36000,-36000
048977,晶相光元大94購01,0,0,0,0,0,0,0,0,0,-36000,0,0,0,104000,140000,-36000,-36000
049003,智邦中信95購01  ,0,0,0,0,0,0,0,0,0,-36000,0,0,0,12000,48000,-36000,-36000
048042,廣越康和93購02  ,0,0,0,0,0,0,0,0,0,-36000,0,0,0,0,36000,-36000,-36000
049398,微星群益94購02  ,0,0,0,0,0,0,0,0,0,-36000,0,0,0,27000,63000,-36000,-36000
048663,聯發科統一96購01,0,0,0,0,0,0,0,0,0,-36000,0,0,0,0,36000,-36000,-36000
047752,健鼎元富93購01  ,0,0,0,0,0,0,0,0,0,-36000,0,0,0,0,36000,-36000,-36000
048677,智伸科國泰94購01,0,0,0,0,0,0,0,0,0,-36000,0,0,0,0,36000,-36000,-36000
048691,智伸科群益94購01,0,0,0,0,0,0,0,0,0,-36000,0,0,0,2000,38000,-36000,-36000
051675,瑞儀元大96購02  ,0,0,0,0,0,0,0,0,0,-36000,0,0,0,0,36000,-36000,-36000
051725,緯穎永豐95購02  ,0,0,0,0,0,0,0,0,0,-36000,0,0,0,56000,92000,-36000,-36000
052896,宏達電群益96購01,0,0,0,0,0,0,0,0,0,-36000,0,0,0,12000,48000,-36000,-36000
2009,第一銅          ,10000,44000,-34000,0,0,0,0,0,0,-2000,0,2000,-2000,0,0,0,-36000
2748,雲品            ,4000,8000,-4000,0,0,0,0,32000,-32000,0,0,0,0,0,0,0,-36000
1720,生達            ,14000,49000,-35000,0,0,0,0,0,0,-1000,0,1000,-1000,0,0,0,-36000
1231,聯華食          ,14000,50000,-36000,0,0,0,0,0,0,0,0,0,0,0,0,0,-36000
05669P,嘉晶永豐96售03  ,0,0,0,0,0,0,0,0,0,-36000,0,0,0,0,36000,-36000,-36000
06256P,臺股指群益97售09,0,0,0,0,0,0,0,0,0,-36000,0,0,0,0,36000,-36000,-36000
054782,國巨群益97購01  ,0,0,0,0,0,0,0,0,0,-37000,0,0,0,0,37000,-37000,-37000
054822,祥碩元大97購01  ,0,0,0,0,0,0,0,0,0,-37000,0,0,0,0,37000,-37000,-37000
055842,建準元大98購01  ,0,0,0,0,0,0,0,0,0,-37000,0,0,0,0,37000,-37000,-37000
055692,緯穎凱基97購03  ,0,0,0,0,0,0,0,0,0,-37000,0,0,0,12000,49000,-37000,-37000
044465,元油2X群益97購01,0,0,0,0,0,0,0,0,0,-37000,0,0,0,30000,67000,-37000,-37000
04667P,臺股指國票94售06,0,0,0,0,0,0,0,0,0,-37000,0,0,0,0,37000,-37000,-37000
046197,日月光凱基92購04,0,0,0,0,0,0,0,0,0,-37000,0,0,0,3000,40000,-37000,-37000
04541P,智易永豐94售03  ,0,0,0,0,0,0,0,0,0,-37000,0,0,0,0,37000,-37000,-37000
04724P,可成凱基94售08  ,0,0,0,0,0,0,0,0,0,-37000,0,0,0,0,37000,-37000,-37000
047033,日月光中信95購01,0,0,0,0,0,0,0,0,0,-37000,0,0,0,32000,69000,-37000,-37000
04950P,上証2X中信96售02,0,0,0,0,0,0,0,0,0,-37000,0,0,0,13000,50000,-37000,-37000
049121,元油2X元富94購06,0,0,0,0,0,0,0,0,0,-37000,0,0,0,0,37000,-37000,-37000
047766,聯發科元大93購19,0,0,0,0,0,0,0,0,0,-37000,0,0,0,30000,67000,-37000,-37000
048547,訊芯永豐93購03  ,0,0,0,0,0,0,0,0,0,-37000,0,0,0,13000,50000,-37000,-37000
05103P,臺股指凱基96售10,0,0,0,0,0,0,0,0,0,-37000,0,0,0,159000,196000,-37000,-37000
050150,國巨群益95購01  ,0,0,0,0,0,0,0,0,0,-37000,0,0,0,3000,40000,-37000,-37000
052792,大立光兆豐96購01,0,0,0,0,0,0,0,0,0,-37000,0,0,0,10000,47000,-37000,-37000
05159P,聯發科永豐95售04,0,0,0,0,0,0,0,0,0,-37000,0,0,0,0,37000,-37000,-37000
052693,微星中信96購01  ,0,0,0,0,0,0,0,0,0,-37000,0,0,0,10000,47000,-37000,-37000
06320P,上銀統一97售04  ,0,0,0,0,0,0,0,0,0,-37000,0,0,0,4000,41000,-37000,-37000
06095P,燿華永豐97售01  ,0,0,0,0,0,0,0,0,0,-37000,0,0,0,0,37000,-37000,-37000
05801P,正崴兆豐96售01  ,0,0,0,0,0,0,0,0,0,-37000,0,0,0,24000,61000,-37000,-37000
8261,富鼎            ,18000,55000,-37000,0,0,0,0,0,0,0,0,0,0,0,0,0,-37000
8070,長華*           ,1000,22000,-21000,0,0,0,0,0,0,-16000,2000,18000,-16000,0,0,0,-37000
6491,晶碩            ,2000,3000,-1000,0,0,0,0,30000,-30000,-6000,0,6000,-6000,0,0,0,-37000
3209,全科            ,14000,49000,-35000,0,0,0,0,0,0,-2000,0,2000,-2000,0,0,0,-37000
6197,佳必琪          ,5000,42000,-37000,0,0,0,0,0,0,0,0,0,0,0,0,0,-37000
055742,健策元富97購02  ,0,0,0,0,0,0,0,0,0,-38000,0,0,0,7000,45000,-38000,-38000
055329,百和國票98購01  ,0,0,0,0,0,0,0,0,0,-38000,0,0,0,0,38000,-38000,-38000
054759,台化國票98購01  ,0,0,0,0,0,0,0,0,0,-38000,0,0,0,0,38000,-38000,-38000
05507P,聯茂凱基96售02  ,0,0,0,0,0,0,0,0,0,-38000,0,0,0,1000,39000,-38000,-38000
047157,智伸科國票93購01,0,0,0,0,0,0,0,0,0,-38000,0,0,0,0,38000,-38000,-38000
042556,台灣50中信96購04,0,0,0,0,0,0,0,0,0,-38000,0,0,0,52000,90000,-38000,-38000
050152,聯發科群益94購07,0,0,0,0,0,0,0,0,0,-38000,0,0,0,0,38000,-38000,-38000
050184,信邦元大94購01  ,0,0,0,0,0,0,0,0,0,-38000,0,0,0,0,38000,-38000,-38000
04998P,京元電永豐95售01,0,0,0,0,0,0,0,0,0,-38000,0,0,0,0,38000,-38000,-38000
048031,全新凱基93購02  ,0,0,0,0,0,0,0,0,0,-38000,0,0,0,13000,51000,-38000,-38000
050852,矽創國票95購02  ,0,0,0,0,0,0,0,0,0,-38000,0,0,0,0,38000,-38000,-38000
048597,台達電國票93購02,0,0,0,0,0,0,0,0,0,-38000,0,0,0,0,38000,-38000,-38000
047637,旺宏元大94購03  ,0,0,0,0,0,0,0,0,0,-38000,0,0,0,162000,200000,-38000,-38000
04826P,華新科麥證95售01,0,0,0,225000,263000,-38000,0,0,0,-38000,0,0,0,225000,263000,-38000,-38000
051300,台光電凱基96購02,0,0,0,0,0,0,0,0,0,-38000,0,0,0,30000,68000,-38000,-38000
051428,玉晶光統一96購01,0,0,0,0,0,0,0,0,0,-38000,0,0,0,12000,50000,-38000,-38000
051819,燿華統一96購01  ,0,0,0,0,0,0,0,0,0,-38000,0,0,0,0,38000,-38000,-38000
053026,奇力新富邦98購01,0,0,0,0,0,0,0,0,0,-38000,0,0,0,2000,40000,-38000,-38000
053340,建準國票97購01  ,0,0,0,0,0,0,0,0,0,-38000,0,0,0,0,38000,-38000,-38000
053966,旺宏元大96購08  ,0,0,0,0,0,0,0,0,0,-38000,0,0,0,426000,464000,-38000,-38000
053894,創意群益96購01  ,0,0,0,0,0,0,0,0,0,-38000,0,0,0,13000,51000,-38000,-38000
6112,聚碩            ,12000,49000,-37000,0,0,0,0,0,0,-1000,0,1000,-1000,0,0,0,-38000
3167,大量            ,14000,49000,-35000,0,0,0,0,0,0,-3000,0,3000,-3000,0,0,0,-38000
06060P,玉晶光元大97售03,0,0,0,0,0,0,0,0,0,-38000,0,0,0,0,38000,-38000,-38000
055487,國巨元大98購07  ,0,0,0,0,0,0,0,0,0,-39000,0,0,0,32000,71000,-39000,-39000
05569P,漢唐統一97售01  ,0,0,0,0,0,0,0,0,0,-39000,0,0,0,96000,135000,-39000,-39000
05571P,大立光統一96售03,0,0,0,0,0,0,0,0,0,-39000,0,0,0,4000,43000,-39000,-39000
055670,矽創群益98購02  ,0,0,0,0,0,0,0,0,0,-39000,0,0,0,42000,81000,-39000,-39000
056347,GIS凱基9A購01   ,0,0,0,0,0,0,0,0,0,-39000,0,0,0,0,39000,-39000,-39000
04438P,微星群益94售01  ,0,0,0,0,0,0,0,0,0,-39000,0,0,0,4000,43000,-39000,-39000
046702,旺宏元富93購02  ,0,0,0,0,0,0,0,0,0,-39000,0,0,0,14000,53000,-39000,-39000
046474,創意永豐92購03  ,0,0,0,0,0,0,0,0,0,-39000,0,0,0,10000,49000,-39000,-39000
04860P,鴻海群益94售07  ,0,0,0,0,0,0,0,0,0,-39000,0,0,0,12000,51000,-39000,-39000
048594,泰鼎群益93購02  ,0,0,0,0,0,0,0,0,0,-39000,0,0,0,39000,78000,-39000,-39000
048687,旺宏群益96購01  ,0,0,0,0,0,0,0,0,0,-39000,0,0,0,1000,40000,-39000,-39000
051131,玉山金台新95購01,0,0,0,0,0,0,0,0,0,-39000,0,0,0,58000,97000,-39000,-39000
050611,鴻海元大95購02  ,0,0,0,0,0,0,0,0,0,-39000,0,0,0,275000,314000,-39000,-39000
048773,貿聯凱基94購01  ,0,0,0,0,0,0,0,0,0,-39000,0,0,0,1000,40000,-39000,-39000
053889,致茂群益97購01  ,0,0,0,0,0,0,0,0,0,-39000,0,0,0,0,39000,-39000,-39000
053494,南亞科兆豐96購02,0,0,0,0,0,0,0,0,0,-39000,0,0,0,3000,42000,-39000,-39000
053421,南亞科永豐96購01,0,0,0,0,0,0,0,0,0,-39000,0,0,0,35000,74000,-39000,-39000
053405,台達電兆豐96購01,0,0,0,0,0,0,0,0,0,-39000,0,0,0,30000,69000,-39000,-39000
053119,日月光中信97購01,0,0,0,0,0,0,0,0,0,-39000,0,0,0,0,39000,-39000,-39000
051762,國泰金元大95購01,0,0,0,0,0,0,0,0,0,-39000,0,0,0,71000,110000,-39000,-39000
051982,深中小元大95購01,0,0,0,0,0,0,0,0,0,-39000,0,0,0,261000,300000,-39000,-39000
05261P,鴻海元大95售20  ,0,0,0,0,0,0,0,0,0,-39000,0,0,0,768000,807000,-39000,-39000
05252P,華通凱基95售01  ,0,0,0,0,0,0,0,0,0,-39000,0,0,0,0,39000,-39000,-39000
052347,GIS凱基95購05   ,0,0,0,0,0,0,0,0,0,-39000,0,0,0,0,39000,-39000,-39000
2851,中再保          ,14000,53000,-39000,0,0,0,0,0,0,0,0,0,0,0,0,0,-39000
9939,宏全            ,82000,142000,-60000,0,0,0,5000,0,5000,16000,11000,10000,1000,15000,0,15000,-39000
056344,嘉晶凱基98購02  ,0,0,0,0,0,0,0,0,0,-40000,0,0,0,0,40000,-40000,-40000
056509,晶相光永豐98購01,0,0,0,0,0,0,0,0,0,-40000,0,0,0,17000,57000,-40000,-40000
056069,新日興元大97購03,0,0,0,0,0,0,0,0,0,-40000,0,0,0,1000,41000,-40000,-40000
056021,興富發群益97購01,0,0,0,0,0,0,0,0,0,-40000,0,0,0,0,40000,-40000,-40000
055741,健策元富97購01  ,0,0,0,0,0,0,0,0,0,-40000,0,0,0,10000,50000,-40000,-40000
05568P,台積電統一96售03,0,0,0,0,0,0,0,0,0,-40000,0,0,0,0,40000,-40000,-40000
055825,臺股指國票97購12,0,0,0,0,0,0,0,0,0,-40000,0,0,0,2000,42000,-40000,-40000
055855,牧德元大99購02  ,0,0,0,0,0,0,0,0,0,-40000,0,0,0,206000,246000,-40000,-40000
054995,宏盛元富97購01  ,0,0,0,0,0,0,0,0,0,-40000,0,0,0,0,40000,-40000,-40000
055229,大毅國票97購02  ,0,0,0,0,0,0,0,0,0,-40000,0,0,0,113000,153000,-40000,-40000
055291,京鼎元大97購02  ,0,0,0,0,0,0,0,0,0,-40000,0,0,0,0,40000,-40000,-40000
054847,創意兆豐97購01  ,0,0,0,0,0,0,0,0,0,-40000,0,0,0,0,40000,-40000,-40000
054965,健策元大98購04  ,0,0,0,0,0,0,0,0,0,-40000,0,0,0,100000,140000,-40000,-40000
054183,亞光康和96購01  ,0,0,0,0,0,0,0,0,0,-40000,0,0,0,0,40000,-40000,-40000
054192,國巨中信98購01  ,0,0,0,0,0,0,0,0,0,-40000,0,0,0,64000,104000,-40000,-40000
054148,矽創元大96購03  ,0,0,0,0,0,0,0,0,0,-40000,0,0,0,60000,100000,-40000,-40000
054322,國巨台新96購02  ,0,0,0,0,0,0,0,0,0,-40000,0,0,0,50000,90000,-40000,-40000
054311,世芯凱基96購02  ,0,0,0,0,0,0,0,0,0,-40000,0,0,0,3000,43000,-40000,-40000
054598,鴻海台新98購01  ,0,0,0,0,0,0,0,0,0,-40000,0,0,0,0,40000,-40000,-40000
05443P,宏達電元大95售05,0,0,0,0,0,0,0,0,0,-40000,0,0,0,20000,60000,-40000,-40000
046441,儒鴻兆豐92購01  ,0,0,0,0,0,0,0,0,0,-40000,0,0,0,10000,50000,-40000,-40000
04645P,禾伸堂凱基94售03,0,0,0,0,0,0,0,0,0,-40000,0,0,0,5000,45000,-40000,-40000
046432,宏達電中信94購01,0,0,0,0,0,0,0,0,0,-40000,0,0,0,0,40000,-40000,-40000
046404,友達元大93購02  ,0,0,0,0,0,0,0,0,0,-40000,0,0,0,34000,74000,-40000,-40000
046981,智伸科兆豐94購01,0,0,0,0,0,0,0,0,0,-40000,0,0,0,10000,50000,-40000,-40000
045479,T50反1中信95購01,0,0,0,0,0,0,0,0,0,-40000,0,0,0,0,40000,-40000,-40000
045499,技嘉凱基92購02  ,0,0,0,0,0,0,0,0,0,-40000,0,0,0,30000,70000,-40000,-40000
046264,美律凱基93購05  ,0,0,0,0,0,0,0,0,0,-40000,0,0,0,110000,150000,-40000,-40000
04102P,臺股指國票93售09,0,0,0,0,0,0,0,0,0,-40000,0,0,0,0,40000,-40000,-40000
047955,南亞科永豐93購01,0,0,0,0,0,0,0,0,0,-40000,0,0,0,0,40000,-40000,-40000
050678,美律統一94購04  ,0,0,0,0,0,0,0,0,0,-40000,0,0,0,208000,248000,-40000,-40000
049801,可成元大94購09  ,0,0,0,0,0,0,0,0,0,-40000,0,0,0,0,40000,-40000,-40000
049859,味全兆豐95購01  ,0,0,0,0,0,0,0,0,0,-40000,0,0,0,0,40000,-40000,-40000
051268,創意富邦97購01  ,0,0,0,0,0,0,0,0,0,-40000,0,0,0,270000,310000,-40000,-40000
048019,GIS麥證94購01   ,0,0,0,12000,50000,-38000,0,0,0,-40000,0,0,0,12000,52000,-40000,-40000
04851P,創意永豐94售02  ,0,0,0,0,0,0,0,0,0,-40000,0,0,0,0,40000,-40000,-40000
050581,美食國票94購02  ,0,0,0,0,0,0,0,0,0,-40000,0,0,0,76000,116000,-40000,-40000
048512,全新凱基93購04  ,0,0,0,0,0,0,0,0,0,-40000,0,0,0,0,40000,-40000,-40000
048735,美利達麥證95購01,0,0,0,10000,50000,-40000,0,0,0,-40000,0,0,0,10000,50000,-40000,-40000
049582,台積電元大95購03,0,0,0,0,0,0,0,0,0,-40000,0,0,0,4000,44000,-40000,-40000
04914P,國巨國泰95售06  ,0,0,0,0,0,0,0,0,0,-40000,0,0,0,0,40000,-40000,-40000
049230,台達電富邦96購01,0,0,0,0,0,0,0,0,0,-40000,0,0,0,10000,50000,-40000,-40000
05049P,矽創永豐95售01  ,0,0,0,0,0,0,0,0,0,-40000,0,0,0,62000,102000,-40000,-40000
05051P,鴻海群益95售05  ,0,0,0,0,0,0,0,0,0,-40000,0,0,0,0,40000,-40000,-40000
05052P,友達群益97售01  ,0,0,0,0,0,0,0,0,0,-40000,0,0,0,150000,190000,-40000,-40000
049672,臺股指富邦94購01,0,0,0,0,0,0,0,0,0,-40000,0,0,0,0,40000,-40000,-40000
048575,旺宏國泰94購04  ,0,0,0,0,0,0,0,0,0,-40000,0,0,0,25000,65000,-40000,-40000
049393,世紀鋼第一94購01,0,0,0,0,0,0,0,0,0,-40000,0,0,0,0,40000,-40000,-40000
050764,鴻海元大94購27  ,0,0,0,0,0,0,0,0,0,-40000,0,0,0,632000,672000,-40000,-40000
050766,燿華元大96購02  ,0,0,0,0,0,0,0,0,0,-40000,0,0,0,0,40000,-40000,-40000
050737,聯詠康和94購01  ,0,0,0,0,0,0,0,0,0,-40000,0,0,0,0,40000,-40000,-40000
050710,元黃金中信96購01,0,0,0,0,0,0,0,0,0,-40000,0,0,0,10000,50000,-40000,-40000
052153,GIS富邦96購02   ,0,0,0,0,0,0,0,0,0,-40000,0,0,0,100000,140000,-40000,-40000
052529,力成元大95購03  ,0,0,0,0,0,0,0,0,0,-40000,0,0,0,23000,63000,-40000,-40000
052690,台表科元大97購01,0,0,0,0,0,0,0,0,0,-40000,0,0,0,0,40000,-40000,-40000
052679,致伸富邦98購01  ,0,0,0,0,0,0,0,0,0,-40000,0,0,0,0,40000,-40000,-40000
051946,健策統一98購01  ,0,0,0,0,0,0,0,0,0,-40000,0,0,0,421000,461000,-40000,-40000
051903,T50反1元大97購02,0,0,0,0,0,0,0,0,0,-40000,0,0,0,0,40000,-40000,-40000
051835,百和元大95購03  ,0,0,0,0,0,0,0,0,0,-40000,0,0,0,0,40000,-40000,-40000
051842,大成鋼富邦97購01,0,0,0,0,0,0,0,0,0,-40000,0,0,0,0,40000,-40000,-40000
051304,緯創凱基96購01  ,0,0,0,0,0,0,0,0,0,-40000,0,0,0,20000,60000,-40000,-40000
053275,燿華元大97購01  ,0,0,0,0,0,0,0,0,0,-40000,0,0,0,4000,44000,-40000,-40000
053286,臺股指元大96購14,0,0,0,0,0,0,0,0,0,-40000,0,0,0,1000,41000,-40000,-40000
053593,晶技元大98購01  ,0,0,0,0,0,0,0,0,0,-40000,0,0,0,0,40000,-40000,-40000
054013,聯發科永豐96購02,0,0,0,0,0,0,0,0,0,-40000,0,0,0,0,40000,-40000,-40000
054020,技嘉台新97購01  ,0,0,0,0,0,0,0,0,0,-40000,0,0,0,0,40000,-40000,-40000
053835,南亞科永豐96購02,0,0,0,0,0,0,0,0,0,-40000,0,0,0,28000,68000,-40000,-40000
4164,承業醫          ,26000,54000,-28000,0,0,0,0,0,0,-12000,0,12000,-12000,0,0,0,-40000
2233,宇隆            ,16000,56000,-40000,0,0,0,0,0,0,0,0,0,0,0,0,0,-40000
2207,和泰車          ,187000,214000,-27000,0,0,0,1000,0,1000,-14000,0,14000,-14000,0,0,0,-40000
2374,佳能            ,6000,43000,-37000,0,0,0,0,0,0,-3000,0,3000,-3000,0,0,0,-40000
08672P,聯發科統一01售09,0,0,0,0,0,0,0,0,0,-40000,0,0,0,0,40000,-40000,-40000
06042P,華新科永豐96售04,0,0,0,0,0,0,0,0,0,-40000,0,0,0,40000,80000,-40000,-40000
06109P,華新科群益97售05,0,0,0,0,0,0,0,0,0,-40000,0,0,0,43000,83000,-40000,-40000
06359P,上銀群益97售03  ,0,0,0,0,0,0,0,0,0,-40000,0,0,0,1000,41000,-40000,-40000
05854P,華新科凱基96售09,0,0,0,0,0,0,0,0,0,-40000,0,0,0,40000,80000,-40000,-40000
054470,緯穎國票97購04  ,0,0,0,0,0,0,0,0,0,-41000,0,0,0,30000,71000,-41000,-41000
054131,南亞科元大96購04,0,0,0,0,0,0,0,0,0,-41000,0,0,0,38000,79000,-41000,-41000
054168,貿聯凱基97購02  ,0,0,0,0,0,0,0,0,0,-41000,0,0,0,0,41000,-41000,-41000
05492P,聯茂元大95售02  ,0,0,0,0,0,0,0,0,0,-41000,0,0,0,119000,160000,-41000,-41000
055821,勤誠國票98購01  ,0,0,0,0,0,0,0,0,0,-41000,0,0,0,52000,93000,-41000,-41000
055667,致茂群益98購01  ,0,0,0,0,0,0,0,0,0,-41000,0,0,0,0,41000,-41000,-41000
055323,貿聯國票98購01  ,0,0,0,0,0,0,0,0,0,-41000,0,0,0,94000,135000,-41000,-41000
056407,嘉晶國票99購01  ,0,0,0,0,0,0,0,0,0,-41000,0,0,0,0,41000,-41000,-41000
043650,喬山國泰93購02  ,0,0,0,0,0,0,0,0,0,-41000,0,0,0,5000,46000,-41000,-41000
03645C,臺股指凱基96牛27,0,0,0,0,0,0,0,0,0,-41000,0,0,0,10000,51000,-41000,-41000
05008P,大立光元富95售05,0,0,0,0,0,0,0,0,0,-41000,0,0,0,23000,64000,-41000,-41000
045897,泰鼎元大93購04  ,0,0,0,0,0,0,0,0,0,-41000,0,0,0,0,41000,-41000,-41000
050778,瑞儀元大96購01  ,0,0,0,0,0,0,0,0,0,-41000,0,0,0,10000,51000,-41000,-41000
04987P,昇陽半永豐94售04,0,0,0,0,0,0,0,0,0,-41000,0,0,0,0,41000,-41000,-41000
053836,亞光永豐96購02  ,0,0,0,0,0,0,0,0,0,-41000,0,0,0,15000,56000,-41000,-41000
053045,國巨中信97購01  ,0,0,0,0,0,0,0,0,0,-41000,0,0,0,111000,152000,-41000,-41000
051755,台積電元大96購08,0,0,0,0,0,0,0,0,0,-41000,0,0,0,227000,268000,-41000,-41000
051917,瑞儀元大95購01  ,0,0,0,0,0,0,0,0,0,-41000,0,0,0,0,41000,-41000,-41000
05824P,臺股指凱基96售21,0,0,0,0,0,0,0,0,0,-41000,0,0,0,18000,59000,-41000,-41000
06439P,上銀凱基98售02  ,0,0,0,0,0,0,0,0,0,-41000,0,0,0,0,41000,-41000,-41000
3015,全漢            ,7000,47000,-40000,0,0,0,0,0,0,-1000,0,1000,-1000,0,0,0,-41000
056183,南亞科統一97購02,0,0,0,0,0,0,0,0,0,-42000,0,0,0,0,42000,-42000,-42000
055494,華新科元大98購01,0,0,0,0,0,0,0,0,0,-42000,0,0,0,29000,71000,-42000,-42000
054894,GIS統一97購01   ,0,0,0,0,0,0,0,0,0,-42000,0,0,0,8000,50000,-42000,-42000
054884,友達統一99購01  ,0,0,0,0,0,0,0,0,0,-42000,0,0,0,443000,485000,-42000,-42000
055122,國巨兆豐98購01  ,0,0,0,0,0,0,0,0,0,-42000,0,0,0,83000,125000,-42000,-42000
054292,欣興元大96購06  ,0,0,0,0,0,0,0,0,0,-42000,0,0,0,310000,352000,-42000,-42000
05456P,鴻海凱基95售19  ,0,0,0,0,0,0,0,0,0,-42000,0,0,0,32000,74000,-42000,-42000
045734,全新國票93購01  ,0,0,0,0,0,0,0,0,0,-42000,0,0,0,0,42000,-42000,-42000
04575P,新日興統一94售02,0,0,0,0,0,0,0,0,0,-42000,0,0,0,20000,62000,-42000,-42000
047271,華通永豐93購01  ,0,0,0,0,0,0,0,0,0,-42000,0,0,0,13000,55000,-42000,-42000
04394P,臻鼎凱基94售01  ,0,0,0,0,0,0,0,0,0,-42000,0,0,0,0,42000,-42000,-42000
04193P,智原永豐93售01  ,0,0,0,0,0,0,0,0,0,-42000,0,0,0,0,42000,-42000,-42000
047626,全新國票94購01  ,0,0,0,0,0,0,0,0,0,-42000,0,0,0,10000,52000,-42000,-42000
042644,貿聯兆豐92購01  ,0,0,0,0,0,0,0,0,0,-42000,0,0,0,0,42000,-42000,-42000
048161,旺宏麥證94購01  ,0,0,0,22000,83000,-61000,0,0,0,-42000,0,0,0,43000,85000,-42000,-42000
053986,矽創第一96購01  ,0,0,0,0,0,0,0,0,0,-42000,0,0,0,8000,50000,-42000,-42000
053898,康友群益97購01  ,0,0,0,0,0,0,0,0,0,-42000,0,0,0,22000,64000,-42000,-42000
053547,台積電凱基96購14,0,0,0,0,0,0,0,0,0,-42000,0,0,0,0,42000,-42000,-42000
1608,華榮            ,2000,43000,-41000,0,0,0,0,0,0,-1000,0,1000,-1000,0,0,0,-42000
05798P,臺股指群益96售12,0,0,0,0,0,0,0,0,0,-42000,0,0,0,0,42000,-42000,-42000
05707P,中磊永豐96售01  ,0,0,0,0,0,0,0,0,0,-42000,0,0,0,0,42000,-42000,-42000
06167P,欣興國票97售05  ,0,0,0,0,0,0,0,0,0,-42000,0,0,0,0,42000,-42000,-42000
054649,聯茂群益97購01  ,0,0,0,0,0,0,0,0,0,-43000,0,0,0,0,43000,-43000,-43000
055483,和大元大97購03  ,0,0,0,0,0,0,0,0,0,-43000,0,0,0,77000,120000,-43000,-43000
055336,茂林兆豐98購01  ,0,0,0,0,0,0,0,0,0,-43000,0,0,0,32000,75000,-43000,-43000
055840,南亞科元大97購03,0,0,0,0,0,0,0,0,0,-43000,0,0,0,34000,77000,-43000,-43000
056419,欣興元富98購02  ,0,0,0,0,0,0,0,0,0,-43000,0,0,0,6000,49000,-43000,-43000
044801,微星凱基93購01  ,0,0,0,0,0,0,0,0,0,-43000,0,0,0,23000,66000,-43000,-43000
046988,南亞科凱基93購02,0,0,0,0,0,0,0,0,0,-43000,0,0,0,0,43000,-43000,-43000
049874,全新康和94購01  ,0,0,0,0,0,0,0,0,0,-43000,0,0,0,0,43000,-43000,-43000
053963,百和永豐96購01  ,0,0,0,0,0,0,0,0,0,-43000,0,0,0,32000,75000,-43000,-43000
053021,國巨國泰97購04  ,0,0,0,0,0,0,0,0,0,-43000,0,0,0,57000,100000,-43000,-43000
051523,牧德凱基95購02  ,0,0,0,0,0,0,0,0,0,-43000,0,0,0,64000,107000,-43000,-43000
06241P,大立光元富9A售01,0,0,0,0,0,0,0,0,0,-43000,0,0,0,34000,77000,-43000,-43000
06190P,玉晶光永豐97售05,0,0,0,0,0,0,0,0,0,-43000,0,0,0,101000,144000,-43000,-43000
1444,力麗            ,78000,117000,-39000,0,0,0,0,0,0,-4000,0,4000,-4000,0,0,0,-43000
6415,矽力-KY         ,344000,356500,-12500,0,0,0,27000,47000,-20000,-11000,2000,4000,-2000,2000,11000,-9000,-43500
05577P,上銀凱基96售02  ,0,0,0,0,0,0,0,0,0,-44000,0,0,0,1000,45000,-44000,-44000
054207,國巨國票98購01  ,0,0,0,0,0,0,0,0,0,-44000,0,0,0,43000,87000,-44000,-44000
054805,台苯元大9A購01  ,0,0,0,0,0,0,0,0,0,-44000,0,0,0,60000,104000,-44000,-44000
045803,旺宏國票93購01  ,0,0,0,0,0,0,0,0,0,-44000,0,0,0,16000,60000,-44000,-44000
046186,南亞科凱基92購03,0,0,0,0,0,0,0,0,0,-44000,0,0,0,20000,64000,-44000,-44000
046178,聯發科日盛92購01,0,0,0,0,0,0,0,0,0,-44000,0,0,0,29000,73000,-44000,-44000
045376,友訊元大93購01  ,0,0,0,0,0,0,0,0,0,-44000,0,0,0,0,44000,-44000,-44000
04499P,滬深2X統一94售03,0,0,0,0,0,0,0,0,0,-44000,0,0,0,0,44000,-44000,-44000
047833,全新元大94購02  ,0,0,0,0,0,0,0,0,0,-44000,0,0,0,0,44000,-44000,-44000
048269,瀚宇博國泰95購01,0,0,0,0,0,0,0,0,0,-44000,0,0,0,66000,110000,-44000,-44000
049101,聯詠國泰95購01  ,0,0,0,0,0,0,0,0,0,-44000,0,0,0,6000,50000,-44000,-44000
049554,禾伸堂富邦96購01,0,0,0,0,0,0,0,0,0,-44000,0,0,0,27000,71000,-44000,-44000
052561,矽創國票97購01  ,0,0,0,0,0,0,0,0,0,-44000,0,0,0,0,44000,-44000,-44000
052152,創意富邦98購01  ,0,0,0,0,0,0,0,0,0,-44000,0,0,0,10000,54000,-44000,-44000
3006,晶豪科          ,458000,420000,38000,0,0,0,0,0,0,-82000,100000,37000,63000,7000,152000,-145000,-44000
1442,名軒            ,2000,44000,-42000,0,0,0,0,0,0,-2000,0,2000,-2000,0,0,0,-44000
1712,興農            ,49000,91000,-42000,0,0,0,0,0,0,-2000,0,2000,-2000,0,0,0,-44000
1789,神隆            ,22000,66000,-44000,0,0,0,0,0,0,0,0,0,0,0,0,0,-44000
06200P,聯發科元大97售18,0,0,0,0,0,0,0,0,0,-44000,0,0,0,0,44000,-44000,-44000
06093P,華通元富97售03  ,0,0,0,0,0,0,0,0,0,-44000,0,0,0,30000,74000,-44000,-44000
05657P,樺漢統一97售01  ,0,0,0,0,0,0,0,0,0,-44000,0,0,0,0,44000,-44000,-44000
05748P,臺股指群益99售02,0,0,0,0,0,0,0,0,0,-44000,0,0,0,20000,64000,-44000,-44000
054845,智邦兆豐98購01  ,0,0,0,0,0,0,0,0,0,-45000,0,0,0,225000,270000,-45000,-45000
054931,緯穎凱基98購01  ,0,0,0,0,0,0,0,0,0,-45000,0,0,0,11000,56000,-45000,-45000
054042,華泰元大96購01  ,0,0,0,0,0,0,0,0,0,-45000,0,0,0,0,45000,-45000,-45000
056446,聯發科凱基98購08,0,0,0,0,0,0,0,0,0,-45000,0,0,0,7000,52000,-45000,-45000
05607P,華通日盛96售01  ,0,0,0,0,0,0,0,0,0,-45000,0,0,0,0,45000,-45000,-45000
04121P,宏碁凱基93售02  ,0,0,0,0,0,0,0,0,0,-45000,0,0,0,10000,55000,-45000,-45000
046356,智伸科群益93購01,0,0,0,0,0,0,0,0,0,-45000,0,0,0,8000,53000,-45000,-45000
046877,燿華國泰94購01  ,0,0,0,0,0,0,0,0,0,-45000,0,0,0,100000,145000,-45000,-45000
046717,世紀鋼國泰94購01,0,0,0,0,0,0,0,0,0,-45000,0,0,0,0,45000,-45000,-45000
047049,聯發科國票94購01,0,0,0,0,0,0,0,0,0,-45000,0,0,0,25000,70000,-45000,-45000
049544,台積電群益94購08,0,0,0,0,0,0,0,0,0,-45000,0,0,0,57000,102000,-45000,-45000
049608,旺宏兆豐94購02  ,0,0,0,0,0,0,0,0,0,-45000,0,0,0,0,45000,-45000,-45000
047630,元油反元大96購02,0,0,0,0,0,0,0,0,0,-45000,0,0,0,0,45000,-45000,-45000
05205P,緯穎元大95售03  ,0,0,0,0,0,0,0,0,0,-45000,0,0,0,10000,55000,-45000,-45000
052270,力成日盛95購01  ,0,0,0,0,0,0,0,0,0,-45000,0,0,0,0,45000,-45000,-45000
052282,宏達電凱基95購05,0,0,0,0,0,0,0,0,0,-45000,0,0,0,20000,65000,-45000,-45000
053245,全新國票97購01  ,0,0,0,0,0,0,0,0,0,-45000,0,0,0,0,45000,-45000,-45000
053346,群創國票97購04  ,0,0,0,0,0,0,0,0,0,-45000,0,0,0,12000,57000,-45000,-45000
05363P,臺股指富邦95售03,0,0,0,0,0,0,0,0,0,-45000,0,0,0,0,45000,-45000,-45000
056584,鴻海統一9B購01  ,0,0,0,0,0,0,0,0,0,-45000,0,0,0,0,45000,-45000,-45000
056588,聯發科統一9A購02,0,0,0,0,0,0,0,0,0,-45000,0,0,0,0,45000,-45000,-45000
06238P,台積電元大98售07,0,0,0,0,0,0,0,0,0,-45000,0,0,0,0,45000,-45000,-45000
4540,全球傳動        ,29000,73000,-44000,0,0,0,0,0,0,-1000,0,1000,-1000,0,0,0,-45000
056438,旺宏凱基98購05  ,0,0,0,0,0,0,0,0,0,-46000,0,0,0,21000,67000,-46000,-46000
05637P,聯電元大96售04  ,0,0,0,0,0,0,0,0,0,-46000,0,0,0,10000,56000,-46000,-46000
056369,彩晶元大01購01  ,0,0,0,0,0,0,0,0,0,-46000,0,0,0,4000,50000,-46000,-46000
054198,台積電永昌96購08,0,0,0,0,0,0,0,0,0,-46000,0,0,0,164000,210000,-46000,-46000
054715,中橡康和97購01  ,0,0,0,0,0,0,0,0,0,-46000,0,0,0,15000,61000,-46000,-46000
055232,泰碩國票98購01  ,0,0,0,0,0,0,0,0,0,-46000,0,0,0,103000,149000,-46000,-46000
055153,台光電元大98購02,0,0,0,0,0,0,0,0,0,-46000,0,0,0,0,46000,-46000,-46000
03399P,欣興中信02售03  ,0,0,0,0,0,0,0,0,0,-46000,0,0,0,7000,53000,-46000,-46000
048573,世紀鋼元大93購05,0,0,0,0,0,0,0,0,0,-46000,0,0,0,0,46000,-46000,-46000
050786,健策國泰96購01  ,0,0,0,0,0,0,0,0,0,-46000,0,0,0,35000,81000,-46000,-46000
050797,聯發科中信99購01,0,0,0,0,0,0,0,0,0,-46000,0,0,0,0,46000,-46000,-46000
049447,聯電統一94購01  ,0,0,0,0,0,0,0,0,0,-46000,0,0,0,0,46000,-46000,-46000
04919P,聯詠凱基94售05  ,0,0,0,0,0,0,0,0,0,-46000,0,0,0,0,46000,-46000,-46000
048834,牧德凱基94購01  ,0,0,0,0,0,0,0,0,0,-46000,0,0,0,0,46000,-46000,-46000
048176,美利達國泰94購01,0,0,0,0,0,0,0,0,0,-46000,0,0,0,0,46000,-46000,-46000
051101,台表科元大96購02,0,0,0,0,0,0,0,0,0,-46000,0,0,0,0,46000,-46000,-46000
052243,致茂康和95購01  ,0,0,0,0,0,0,0,0,0,-46000,0,0,0,105000,151000,-46000,-46000
051385,矽創群益95購01  ,0,0,0,0,0,0,0,0,0,-46000,0,0,0,68000,114000,-46000,-46000
06338P,亞德客統一97售02,0,0,0,0,0,0,0,0,0,-46000,0,0,0,17000,63000,-46000,-46000
06005P,晶豪科永豐96售04,0,0,0,0,0,0,0,0,0,-46000,0,0,0,0,46000,-46000,-46000
05974P,國巨富邦97售03  ,0,0,0,0,0,0,0,0,0,-46000,0,0,0,60000,106000,-46000,-46000
1558,伸興            ,3000,25000,-22000,0,0,0,0,0,0,-24000,0,24000,-24000,0,0,0,-46000
06390P,美律國票97售03  ,0,0,0,0,0,0,0,0,0,-46000,0,0,0,10000,56000,-46000,-46000
055266,京鼎永豐97購01  ,0,0,0,0,0,0,0,0,0,-47000,0,0,0,21000,68000,-47000,-47000
054811,裕隆元大9A購01  ,0,0,0,0,0,0,0,0,0,-47000,0,0,0,23000,70000,-47000,-47000
05415P,台積電台新95售04,0,0,0,0,0,0,0,0,0,-47000,0,0,0,50000,97000,-47000,-47000
056088,台郡統一97購02  ,0,0,0,0,0,0,0,0,0,-47000,0,0,0,41000,88000,-47000,-47000
055445,旺宏統一99購01  ,0,0,0,0,0,0,0,0,0,-47000,0,0,0,49000,96000,-47000,-47000
03421B,臺股指元大99熊01,0,0,0,0,0,0,0,0,0,-47000,0,0,0,3000,50000,-47000,-47000
044468,台積電群益93購01,0,0,0,0,0,0,0,0,0,-47000,0,0,0,12000,59000,-47000,-47000
04194P,欣興永豐93售05  ,0,0,0,0,0,0,0,0,0,-47000,0,0,0,20000,67000,-47000,-47000
051015,南亞科凱基95購04,0,0,0,0,0,0,0,0,0,-47000,0,0,0,17000,64000,-47000,-47000
051182,旺宏永豐95購01  ,0,0,0,0,0,0,0,0,0,-47000,0,0,0,131000,178000,-47000,-47000
047988,志超群益93購02  ,0,0,0,0,0,0,0,0,0,-47000,0,0,0,6000,53000,-47000,-47000
048759,巨大元富96購01  ,0,0,0,0,0,0,0,0,0,-47000,0,0,0,1000,48000,-47000,-47000
050554,百和凱基95購01  ,0,0,0,0,0,0,0,0,0,-47000,0,0,0,3000,50000,-47000,-47000
050061,聯發科凱基94購07,0,0,0,0,0,0,0,0,0,-47000,0,0,0,193000,240000,-47000,-47000
051691,台表科凱基95購01,0,0,0,0,0,0,0,0,0,-47000,0,0,0,10000,57000,-47000,-47000
052669,群創群益98購06  ,0,0,0,0,0,0,0,0,0,-47000,0,0,0,133000,180000,-47000,-47000
05340P,臺股指國票95售08,0,0,0,0,0,0,0,0,0,-47000,0,0,0,8000,55000,-47000,-47000
05396P,台郡元大95售05  ,0,0,0,0,0,0,0,0,0,-47000,0,0,0,0,47000,-47000,-47000
053210,華邦電凱基97購02,0,0,0,0,0,0,0,0,0,-47000,0,0,0,45000,92000,-47000,-47000
06474P,鴻海富邦98售03  ,0,0,0,0,0,0,0,0,0,-47000,0,0,0,0,47000,-47000,-47000
1315,達新            ,29000,76000,-47000,0,0,0,0,0,0,0,0,0,0,0,0,0,-47000
1316,上曜            ,2000,48000,-46000,0,0,0,0,0,0,-1000,0,1000,-1000,0,0,0,-47000
3028,增你強          ,6000,52000,-46000,0,0,0,0,0,0,-1000,0,1000,-1000,0,0,0,-47000
8462,柏文            ,14000,60000,-46000,0,0,0,0,1878,-1878,0,0,0,0,0,0,0,-47878
055966,茂林元大99購01  ,0,0,0,0,0,0,0,0,0,-48000,0,0,0,39000,87000,-48000,-48000
054136,亞光元大96購04  ,0,0,0,0,0,0,0,0,0,-48000,0,0,0,14000,62000,-48000,-48000
054177,牧德台新97購01  ,0,0,0,0,0,0,0,0,0,-48000,0,0,0,3000,51000,-48000,-48000
054473,鴻海中信96購02  ,0,0,0,0,0,0,0,0,0,-48000,0,0,0,0,48000,-48000,-48000
054980,國巨元富97購01  ,0,0,0,0,0,0,0,0,0,-48000,0,0,0,285000,333000,-48000,-48000
054885,建準統一98購01  ,0,0,0,0,0,0,0,0,0,-48000,0,0,0,0,48000,-48000,-48000
054879,大成鋼統一97購01,0,0,0,0,0,0,0,0,0,-48000,0,0,0,0,48000,-48000,-48000
03978P,瑞儀元大93售01  ,0,0,0,0,0,0,0,0,0,-48000,0,0,0,4000,52000,-48000,-48000
049453,新日興統一94購01,0,0,0,0,0,0,0,0,0,-48000,0,0,0,28000,76000,-48000,-48000
048640,南亞科元大93購06,0,0,0,0,0,0,0,0,0,-48000,0,0,0,2000,50000,-48000,-48000
051186,創意永豐95購01  ,0,0,0,0,0,0,0,0,0,-48000,0,0,0,20000,68000,-48000,-48000
051240,台積電元大95購12,0,0,0,0,0,0,0,0,0,-48000,0,0,0,51000,99000,-48000,-48000
050922,南亞科凱基95購02,0,0,0,0,0,0,0,0,0,-48000,0,0,0,0,48000,-48000,-48000
053212,友達凱基99購04  ,0,0,0,0,0,0,0,0,0,-48000,0,0,0,19000,67000,-48000,-48000
053171,中磊群益96購01  ,0,0,0,0,0,0,0,0,0,-48000,0,0,0,106000,154000,-48000,-48000
053173,矽格群益97購01  ,0,0,0,0,0,0,0,0,0,-48000,0,0,0,14000,62000,-48000,-48000
053134,南亞科國票97購01,0,0,0,0,0,0,0,0,0,-48000,0,0,0,68000,116000,-48000,-48000
053318,全新群益99購01  ,0,0,0,0,0,0,0,0,0,-48000,0,0,0,142000,190000,-48000,-48000
053847,美律元富96購02  ,0,0,0,0,0,0,0,0,0,-48000,0,0,0,72000,120000,-48000,-48000
053413,台積電國票99購01,0,0,0,0,0,0,0,0,0,-48000,0,0,0,100000,148000,-48000,-48000
053566,大立光富邦99購03,0,0,0,0,0,0,0,0,0,-48000,0,0,0,0,48000,-48000,-48000
05224P,華通統一95售03  ,0,0,0,0,0,0,0,0,0,-48000,0,0,0,30000,78000,-48000,-48000
05238P,禾伸堂永豐95售01,0,0,0,0,0,0,0,0,0,-48000,0,0,0,24000,72000,-48000,-48000
052327,聯詠中信95購03  ,0,0,0,0,0,0,0,0,0,-48000,0,0,0,30000,78000,-48000,-48000
052056,緯穎凱基95購04  ,0,0,0,0,0,0,0,0,0,-48000,0,0,0,5000,53000,-48000,-48000
051844,宏達電富邦96購01,0,0,0,0,0,0,0,0,0,-48000,0,0,0,54000,102000,-48000,-48000
051458,臺股指元大95購18,0,0,0,0,0,0,0,0,0,-48000,0,0,0,100000,148000,-48000,-48000
1809,中釉            ,102000,150000,-48000,0,0,0,0,0,0,0,0,0,0,0,0,0,-48000
05665P,台積電凱基96售08,0,0,0,0,0,0,0,0,0,-48000,0,0,0,10000,58000,-48000,-48000
06096P,全新永豐97售02  ,0,0,0,0,0,0,0,0,0,-48000,0,0,0,40000,88000,-48000,-48000
055257,景碩統一97購01  ,0,0,0,0,0,0,0,0,0,-49000,0,0,0,89000,138000,-49000,-49000
055171,凱美統一97購01  ,0,0,0,0,0,0,0,0,0,-49000,0,0,0,31000,80000,-49000,-49000
054374,信邦中信96購01  ,0,0,0,0,0,0,0,0,0,-49000,0,0,0,24000,73000,-49000,-49000
054380,世芯群益97購02  ,0,0,0,0,0,0,0,0,0,-49000,0,0,0,18000,67000,-49000,-49000
054566,貿聯群益97購02  ,0,0,0,0,0,0,0,0,0,-49000,0,0,0,16000,65000,-49000,-49000
055946,元油反元大97購02,0,0,0,0,0,0,0,0,0,-49000,0,0,0,11000,60000,-49000,-49000
05606P,TPK國票97售02   ,0,0,0,0,0,0,0,0,0,-49000,0,0,0,15000,64000,-49000,-49000
056255,華新科元富97購05,0,0,0,0,0,0,0,0,0,-49000,0,0,0,25000,74000,-49000,-49000
055696,華新科國票98購01,0,0,0,0,0,0,0,0,0,-49000,0,0,0,46000,95000,-49000,-49000
04692P,大立光群益94售06,0,0,0,0,0,0,0,0,0,-49000,0,0,0,101000,150000,-49000,-49000
045968,貿聯凱基92購03  ,0,0,0,0,0,0,0,0,0,-49000,0,0,0,1000,50000,-49000,-49000
051088,台積電元大95購09,0,0,0,0,0,0,0,0,0,-49000,0,0,0,270000,319000,-49000,-49000
04864P,欣興元大94售10  ,0,0,0,0,0,0,0,0,0,-49000,0,0,0,23000,72000,-49000,-49000
047788,欣興群益93購05  ,0,0,0,0,0,0,0,0,0,-49000,0,0,0,475000,524000,-49000,-49000
053293,聯發科中信9B購01,0,0,0,0,0,0,0,0,0,-49000,0,0,0,41000,90000,-49000,-49000
2881A,富邦特          ,0,0,0,0,0,0,0,0,0,-49000,1000,50000,-49000,0,0,0,-49000
2731,雄獅            ,11000,60000,-49000,0,0,0,0,0,0,0,0,0,0,0,0,0,-49000
1609,大亞            ,476000,499000,-23000,0,0,0,1000,0,1000,-27000,0,27000,-27000,0,0,0,-49000
6414,樺漢            ,109000,131000,-22000,0,0,0,0,0,0,-27492,10000,5000,5000,1000,33492,-32492,-49492
055826,中石化元大97購01,0,0,0,0,0,0,0,0,0,-50000,0,0,0,0,50000,-50000,-50000
055851,智原元大98購01  ,0,0,0,0,0,0,0,0,0,-50000,0,0,0,0,50000,-50000,-50000
055405,華泰國泰98購01  ,0,0,0,0,0,0,0,0,0,-50000,0,0,0,50000,100000,-50000,-50000
055486,國巨元大98購06  ,0,0,0,0,0,0,0,0,0,-50000,0,0,0,85000,135000,-50000,-50000
056324,南亞科兆豐98購01,0,0,0,0,0,0,0,0,0,-50000,0,0,0,0,50000,-50000,-50000
056443,南亞科凱基98購03,0,0,0,0,0,0,0,0,0,-50000,0,0,0,0,50000,-50000,-50000
056070,新日興元大97購04,0,0,0,0,0,0,0,0,0,-50000,0,0,0,11000,61000,-50000,-50000
056129,義隆麥證97購01  ,0,0,0,0,50000,-50000,0,0,0,-50000,0,0,0,0,50000,-50000,-50000
05612P,台積電元大96售13,0,0,0,0,0,0,0,0,0,-50000,0,0,0,0,50000,-50000,-50000
056155,嘉晶凱基97購01  ,0,0,0,0,0,0,0,0,0,-50000,0,0,0,0,50000,-50000,-50000
056221,鴻海凱基99購01  ,0,0,0,0,0,0,0,0,0,-50000,0,0,0,0,50000,-50000,-50000
054137,聯詠元大97購02  ,0,0,0,0,0,0,0,0,0,-50000,0,0,0,182000,232000,-50000,-50000
054318,台虹凱基98購01  ,0,0,0,0,0,0,0,0,0,-50000,0,0,0,0,50000,-50000,-50000
055273,華泰元大97購01  ,0,0,0,0,0,0,0,0,0,-50000,0,0,0,42000,92000,-50000,-50000
05509P,智邦元富96售02  ,0,0,0,0,0,0,0,0,0,-50000,0,0,0,0,50000,-50000,-50000
054817,聯發科元大97購13,0,0,0,0,0,0,0,0,0,-50000,0,0,0,0,50000,-50000,-50000
054748,正文凱基98購01  ,0,0,0,0,0,0,0,0,0,-50000,0,0,0,0,50000,-50000,-50000
05469P,台積電元大95售24,0,0,0,0,0,0,0,0,0,-50000,0,0,0,742000,792000,-50000,-50000
054675,美律台新98購01  ,0,0,0,0,0,0,0,0,0,-50000,0,0,0,0,50000,-50000,-50000
054684,裕隆永豐97購01  ,0,0,0,0,0,0,0,0,0,-50000,0,0,0,116000,166000,-50000,-50000
045869,滬深2X元富95購01,0,0,0,0,0,0,0,0,0,-50000,0,0,0,150000,200000,-50000,-50000
045856,南亞科國泰94購01,0,0,0,0,0,0,0,0,0,-50000,0,0,0,34000,84000,-50000,-50000
04616P,臺股指群益95售02,0,0,0,0,0,0,0,0,0,-50000,0,0,0,0,50000,-50000,-50000
046062,遠東新凱基92購02,0,0,0,0,0,0,0,0,0,-50000,0,0,0,10000,60000,-50000,-50000
046195,聯詠凱基92購08  ,0,0,0,0,0,0,0,0,0,-50000,0,0,0,20000,70000,-50000,-50000
046208,滬深2X元富95購03,0,0,0,0,0,0,0,0,0,-50000,0,0,0,50000,100000,-50000,-50000
046436,新光金群益92購02,0,0,0,0,0,0,0,0,0,-50000,0,0,0,10000,60000,-50000,-50000
046564,聯詠凱基92購09  ,0,0,0,0,0,0,0,0,0,-50000,0,0,0,0,50000,-50000,-50000
046599,S&P反1群益93購01,0,0,0,0,0,0,0,0,0,-50000,0,0,0,0,50000,-50000,-50000
04716P,中石化凱基94售01,0,0,0,0,0,0,0,0,0,-50000,0,0,0,0,50000,-50000,-50000
047302,為升富邦97購01  ,0,0,0,0,0,0,0,0,0,-50000,0,0,0,0,50000,-50000,-50000
04703P,樺漢統一95售01  ,0,0,0,0,0,0,0,0,0,-50000,0,0,0,4000,54000,-50000,-50000
045664,元油2X元富96購01,0,0,0,0,0,0,0,0,0,-50000,0,0,0,0,50000,-50000,-50000
05011P,南電國泰96售01  ,0,0,0,0,0,0,0,0,0,-50000,0,0,0,0,50000,-50000,-50000
050481,泰鼎國票96購01  ,0,0,0,0,0,0,0,0,0,-50000,0,0,0,83000,133000,-50000,-50000
05042P,GIS凱基95售03   ,0,0,0,0,0,0,0,0,0,-50000,0,0,0,0,50000,-50000,-50000
050418,為升凱基94購06  ,0,0,0,0,0,0,0,0,0,-50000,0,0,0,0,50000,-50000,-50000
050343,鴻海元富94購01  ,0,0,0,0,0,0,0,0,0,-50000,0,0,0,10000,60000,-50000,-50000
04028P,燿華凱基94售02  ,0,0,0,0,0,0,0,0,0,-50000,0,0,0,0,50000,-50000,-50000
03410P,聯發科元大02售15,0,0,0,0,0,0,0,0,0,-50000,0,0,0,0,50000,-50000,-50000
03197P,台積電統一01售14,0,0,0,0,0,0,0,0,0,-50000,0,0,0,0,50000,-50000,-50000
03276P,聯發科台新02售01,0,0,0,0,0,0,0,0,0,-50000,0,0,0,0,50000,-50000,-50000
04473P,國巨元大94售03  ,0,0,0,0,0,0,0,0,0,-50000,0,0,0,0,50000,-50000,-50000
04152P,喬山永豐93售02  ,0,0,0,0,0,0,0,0,0,-50000,0,0,0,0,50000,-50000,-50000
04140P,聯茂國票93售03  ,0,0,0,0,0,0,0,0,0,-50000,0,0,0,0,50000,-50000,-50000
043758,創意元大92購03  ,0,0,0,0,0,0,0,0,0,-50000,0,0,0,0,50000,-50000,-50000
044944,技嘉群益93購01  ,0,0,0,0,0,0,0,0,0,-50000,0,0,0,20000,70000,-50000,-50000
047526,可成元大93購08  ,0,0,0,0,0,0,0,0,0,-50000,0,0,0,0,50000,-50000,-50000
04744P,臻鼎元富94售04  ,0,0,0,0,0,0,0,0,0,-50000,0,0,0,0,50000,-50000,-50000
047745,廣宇元富93購01  ,0,0,0,0,0,0,0,0,0,-50000,0,0,0,0,50000,-50000,-50000
04865P,台積電亞東95售01,0,0,0,0,0,0,0,0,0,-50000,0,0,0,0,50000,-50000,-50000
049452,新光金統一94購02,0,0,0,0,0,0,0,0,0,-50000,0,0,0,0,50000,-50000,-50000
048538,美利達國票94購01,0,0,0,0,0,0,0,0,0,-50000,0,0,0,0,50000,-50000,-50000
049305,元油2X凱基95購06,0,0,0,0,0,0,0,0,0,-50000,0,0,0,0,50000,-50000,-50000
048740,富邦金統一94購01,0,0,0,0,0,0,0,0,0,-50000,0,0,0,0,50000,-50000,-50000
048352,嘉澤台新93購01  ,0,0,0,0,0,0,0,0,0,-50000,0,0,0,0,50000,-50000,-50000
04811P,上銀元大94售02  ,0,0,0,0,0,0,0,0,0,-50000,0,0,0,1000,51000,-50000,-50000
048807,崇越中信94購01  ,0,0,0,0,0,0,0,0,0,-50000,0,0,0,210000,260000,-50000,-50000
049814,超眾元大95購04  ,0,0,0,0,0,0,0,0,0,-50000,0,0,0,0,50000,-50000,-50000
049763,美食國泰96購01  ,0,0,0,0,0,0,0,0,0,-50000,0,0,0,0,50000,-50000,-50000
053279,景碩元大97購01  ,0,0,0,0,0,0,0,0,0,-50000,0,0,0,0,50000,-50000,-50000
05325P,臺股指凱基95售09,0,0,0,0,0,0,0,0,0,-50000,0,0,0,30000,80000,-50000,-50000
053382,友達元大9C購02  ,0,0,0,0,0,0,0,0,0,-50000,0,0,0,102000,152000,-50000,-50000
05300P,健策元大95售02  ,0,0,0,0,0,0,0,0,0,-50000,0,0,0,0,50000,-50000,-50000
053700,臺股指元大96購23,0,0,0,0,0,0,0,0,0,-50000,0,0,0,0,50000,-50000,-50000
053705,滬深2X凱基99購01,0,0,0,0,0,0,0,0,0,-50000,0,0,0,150000,200000,-50000,-50000
053463,可成富邦98購01  ,0,0,0,0,0,0,0,0,0,-50000,0,0,0,0,50000,-50000,-50000
053792,百和元大96購01  ,0,0,0,0,0,0,0,0,0,-50000,0,0,0,87000,137000,-50000,-50000
051431,群創元富99購02  ,0,0,0,0,0,0,0,0,0,-50000,0,0,0,0,50000,-50000,-50000
05149P,緯穎國泰96售01  ,0,0,0,0,0,0,0,0,0,-50000,0,0,0,0,50000,-50000,-50000
051878,鴻海台新96購01  ,0,0,0,0,0,0,0,0,0,-50000,0,0,0,0,50000,-50000,-50000
051951,聯發科元富95購02,0,0,0,0,0,0,0,0,0,-50000,0,0,0,0,50000,-50000,-50000
051738,全新國票96購02  ,0,0,0,0,0,0,0,0,0,-50000,0,0,0,0,50000,-50000,-50000
052080,康友元富98購02  ,0,0,0,0,0,0,0,0,0,-50000,0,0,0,10000,60000,-50000,-50000
05227P,大立光統一95售04,0,0,0,0,0,0,0,0,0,-50000,0,0,0,0,50000,-50000,-50000
052719,致新凱基96購01  ,0,0,0,0,0,0,0,0,0,-50000,0,0,0,0,50000,-50000,-50000
05256P,義隆凱基95售02  ,0,0,0,0,0,0,0,0,0,-50000,0,0,0,0,50000,-50000,-50000
1598,岱宇            ,14000,67000,-53000,0,0,0,0,0,0,3000,3000,0,3000,0,0,0,-50000
06164P,臺股指凱基97售04,0,0,0,0,0,0,0,0,0,-50000,0,0,0,0,50000,-50000,-50000
06059P,泰碩元大97售02  ,0,0,0,0,0,0,0,0,0,-50000,0,0,0,0,50000,-50000,-50000
06363P,臺股指麥證97售02,0,0,0,0,50000,-50000,0,0,0,-50000,0,0,0,0,50000,-50000,-50000
06257P,臺股指群益97售10,0,0,0,0,0,0,0,0,0,-50000,0,0,0,0,50000,-50000,-50000
06280P,臺股指凱基97售12,0,0,0,0,0,0,0,0,0,-50000,0,0,0,0,50000,-50000,-50000
06197P,國巨元大97售08  ,0,0,0,0,0,0,0,0,0,-50000,0,0,0,157000,207000,-50000,-50000
056601,鈺齊元富98購01  ,0,0,0,0,0,0,0,0,0,-50000,0,0,0,0,50000,-50000,-50000
056602,嘉澤國泰99購01  ,0,0,0,0,0,0,0,0,0,-50000,0,0,0,0,50000,-50000,-50000
05699P,茂林凱基96售05  ,0,0,0,0,0,0,0,0,0,-50000,0,0,0,0,50000,-50000,-50000
05679P,台表科群益96售05,0,0,0,0,0,0,0,0,0,-50000,0,0,0,0,50000,-50000,-50000
05965P,健策凱基96售05  ,0,0,0,0,0,0,0,0,0,-50000,0,0,0,0,50000,-50000,-50000
054991,南亞科元富97購01,0,0,0,0,0,0,0,0,0,-51000,0,0,0,7000,58000,-51000,-51000
054543,元金2X中信01購01,0,0,0,0,0,0,0,0,0,-51000,0,0,0,5000,56000,-51000,-51000
05563P,台積電元大97售07,0,0,0,0,0,0,0,0,0,-51000,0,0,0,460000,511000,-51000,-51000
04212P,微星凱基93售03  ,0,0,0,0,0,0,0,0,0,-51000,0,0,0,0,51000,-51000,-51000
03765P,大立光元富96售01,0,0,0,0,0,0,0,0,0,-51000,0,0,0,0,51000,-51000,-51000
00710B,FH彭博高收益債  ,0,0,0,0,0,0,0,0,0,-51000,0,0,0,197000,248000,-51000,-51000
045448,宏達電國泰93購02,0,0,0,0,0,0,0,0,0,-51000,0,0,0,14000,65000,-51000,-51000
051175,國巨凱基95購04  ,0,0,0,0,0,0,0,0,0,-51000,0,0,0,1000,52000,-51000,-51000
049056,玉晶光永豐95購03,0,0,0,0,0,0,0,0,0,-51000,0,0,0,6000,57000,-51000,-51000
047696,聯發科國票94購02,0,0,0,0,0,0,0,0,0,-51000,0,0,0,104000,155000,-51000,-51000
052869,新日興凱基96購01,0,0,0,0,0,0,0,0,0,-51000,0,0,0,14000,65000,-51000,-51000
06458P,玉晶光統一9A售02,0,0,0,0,0,0,0,0,0,-51000,0,0,0,23000,74000,-51000,-51000
2545,皇翔            ,10000,60000,-50000,0,0,0,0,0,0,-1000,0,1000,-1000,0,0,0,-51000
9925,新保            ,10000,61000,-51000,0,0,0,0,0,0,0,0,0,0,0,0,0,-51000
3042,晶技            ,580000,463000,117000,0,0,0,0,0,0,-168000,27000,109000,-82000,0,86000,-86000,-51000
055688,力成凱基98購02  ,0,0,0,0,0,0,0,0,0,-52000,0,0,0,52000,104000,-52000,-52000
055414,奇力新富邦9B購01,0,0,0,0,0,0,0,0,0,-52000,0,0,0,18000,70000,-52000,-52000
054573,漢唐元大98購01  ,0,0,0,0,0,0,0,0,0,-52000,0,0,0,58000,110000,-52000,-52000
05009P,大立光元富95售06,0,0,0,0,0,0,0,0,0,-52000,0,0,0,0,52000,-52000,-52000
046620,智伸科凱基93購01,0,0,0,0,0,0,0,0,0,-52000,0,0,0,10000,62000,-52000,-52000
044799,華邦電凱基93購01,0,0,0,0,0,0,0,0,0,-52000,0,0,0,10000,62000,-52000,-52000
049255,旺宏元大97購02  ,0,0,0,0,0,0,0,0,0,-52000,0,0,0,93000,145000,-52000,-52000
051147,南亞科凱基95購05,0,0,0,0,0,0,0,0,0,-52000,0,0,0,0,52000,-52000,-52000
051065,台積電國票96購01,0,0,0,0,0,0,0,0,0,-52000,0,0,0,4000,56000,-52000,-52000
048966,佳世達元大95購01,0,0,0,0,0,0,0,0,0,-52000,0,0,0,31000,83000,-52000,-52000
050697,冠德凱基96購01  ,0,0,0,0,0,0,0,0,0,-52000,0,0,0,5000,57000,-52000,-52000
053020,貿聯元富96購01  ,0,0,0,0,0,0,0,0,0,-52000,0,0,0,6000,58000,-52000,-52000
053555,日月光凱基97購01,0,0,0,0,0,0,0,0,0,-52000,0,0,0,18000,70000,-52000,-52000
05360P,健策元大95售03  ,0,0,0,0,0,0,0,0,0,-52000,0,0,0,0,52000,-52000,-52000
2464,盟立            ,26000,78000,-52000,0,0,0,0,0,0,0,0,0,0,0,0,0,-52000
05811P,臺股指國票96售04,0,0,0,0,0,0,0,0,0,-52000,0,0,0,62000,114000,-52000,-52000
06208P,台郡凱基97售03  ,0,0,0,0,0,0,0,0,0,-52000,0,0,0,74000,126000,-52000,-52000
054099,TPK國票98購01   ,0,0,0,0,0,0,0,0,0,-53000,0,0,0,82000,135000,-53000,-53000
05493P,華新科富邦99售02,0,0,0,0,0,0,0,0,0,-53000,0,0,0,0,53000,-53000,-53000
04314P,聯茂元富93售01  ,0,0,0,0,0,0,0,0,0,-53000,0,0,0,1000,54000,-53000,-53000
04455P,台積電統一94售07,0,0,0,0,0,0,0,0,0,-53000,0,0,0,2000,55000,-53000,-53000
049738,神基群益94購01  ,0,0,0,0,0,0,0,0,0,-53000,0,0,0,148000,201000,-53000,-53000
050519,旺宏元大95購03  ,0,0,0,0,0,0,0,0,0,-53000,0,0,0,64000,117000,-53000,-53000
049584,台積電元大96購04,0,0,0,0,0,0,0,0,0,-53000,0,0,0,38000,91000,-53000,-53000
050026,友達元大96購01  ,0,0,0,0,0,0,0,0,0,-53000,0,0,0,21000,74000,-53000,-53000
050763,楠梓電元大94購03,0,0,0,0,0,0,0,0,0,-53000,0,0,0,0,53000,-53000,-53000
053188,旺宏統一97購03  ,0,0,0,0,0,0,0,0,0,-53000,0,0,0,75000,128000,-53000,-53000
051938,旭富群益95購01  ,0,0,0,0,0,0,0,0,0,-53000,0,0,0,0,53000,-53000,-53000
06129P,玉晶光元富97售06,0,0,0,0,0,0,0,0,0,-53000,0,0,0,111000,164000,-53000,-53000
2816,旺旺保          ,5000,56000,-51000,0,0,0,0,0,0,-2000,0,2000,-2000,0,0,0,-53000
3038,全台            ,99000,151000,-52000,0,0,0,0,0,0,-1000,0,1000,-1000,0,0,0,-53000
4739,康普            ,50000,99000,-49000,0,0,0,0,0,0,-4000,0,4000,-4000,0,0,0,-53000
05480P,滬深2X凱基96售05,0,0,0,0,0,0,0,0,0,-54000,0,0,0,620000,674000,-54000,-54000
05519P,上証2X凱基98售01,0,0,0,0,0,0,0,0,0,-54000,0,0,0,1000,55000,-54000,-54000
054343,世紀鋼元富96購02,0,0,0,0,0,0,0,0,0,-54000,0,0,0,0,54000,-54000,-54000
050682,南亞科元富94購02,0,0,0,0,0,0,0,0,0,-54000,0,0,0,52000,106000,-54000,-54000
048835,牧德凱基94購02  ,0,0,0,0,0,0,0,0,0,-54000,0,0,0,14000,68000,-54000,-54000
04886P,臺股指凱基94售20,0,0,0,0,0,0,0,0,0,-54000,0,0,0,122000,176000,-54000,-54000
051902,T50反1元大97購01,0,0,0,0,0,0,0,0,0,-54000,0,0,0,20000,74000,-54000,-54000
051916,和碩元大95購02  ,0,0,0,0,0,0,0,0,0,-54000,0,0,0,1000,55000,-54000,-54000
051533,健鼎國票96購02  ,0,0,0,0,0,0,0,0,0,-54000,0,0,0,6000,60000,-54000,-54000
052312,美律富邦96購02  ,0,0,0,0,0,0,0,0,0,-54000,0,0,0,56000,110000,-54000,-54000
052894,國巨群益96購03  ,0,0,0,0,0,0,0,0,0,-54000,0,0,0,2000,56000,-54000,-54000
053438,玉晶光麥證97購02,0,0,0,0,54000,-54000,0,0,0,-54000,0,0,0,0,54000,-54000,-54000
053474,聯發科元大97購06,0,0,0,0,0,0,0,0,0,-54000,0,0,0,907000,961000,-54000,-54000
3703,欣陸            ,133000,186000,-53000,0,0,0,0,0,0,-1000,0,1000,-1000,0,0,0,-54000
2348,海悅            ,11000,62000,-51000,0,0,0,0,0,0,-3000,0,3000,-3000,0,0,0,-54000
06399P,台表科凱基97售05,0,0,0,0,0,0,0,0,0,-54000,0,0,0,0,54000,-54000,-54000
1626,艾美特-KY       ,17000,71000,-54000,0,0,0,0,0,0,0,1000,1000,0,0,0,0,-54000
05823P,臺股指凱基96售20,0,0,0,0,0,0,0,0,0,-54000,0,0,0,60000,114000,-54000,-54000
05744P,台表科元大96售04,0,0,0,0,0,0,0,0,0,-54000,0,0,0,0,54000,-54000,-54000
054228,貿聯元富96購03  ,0,0,0,0,0,0,0,0,0,-55000,0,0,0,37000,92000,-55000,-55000
055205,京鼎中信99購01  ,0,0,0,0,0,0,0,0,0,-55000,0,0,0,0,55000,-55000,-55000
055299,康友元大97購02  ,0,0,0,0,0,0,0,0,0,-55000,0,0,0,0,55000,-55000,-55000
055002,群創元富99購04  ,0,0,0,0,0,0,0,0,0,-55000,0,0,0,162000,217000,-55000,-55000
054896,聯茂日盛97購01  ,0,0,0,0,0,0,0,0,0,-55000,0,0,0,95000,150000,-55000,-55000
055424,聚陽群益98購01  ,0,0,0,0,0,0,0,0,0,-55000,0,0,0,45000,100000,-55000,-55000
055651,富邦金元富97購01,0,0,0,0,0,0,0,0,0,-55000,0,0,0,10000,65000,-55000,-55000
046248,技嘉群益93購02  ,0,0,0,0,0,0,0,0,0,-55000,0,0,0,0,55000,-55000,-55000
050306,聯發科中信97購01,0,0,0,0,0,0,0,0,0,-55000,0,0,0,0,55000,-55000,-55000
050281,台積電日盛94購03,0,0,0,0,0,0,0,0,0,-55000,0,0,0,110000,165000,-55000,-55000
047251,麗豐群益93購01  ,0,0,0,0,0,0,0,0,0,-55000,0,0,0,8000,63000,-55000,-55000
048838,牧德凱基94購07  ,0,0,0,0,0,0,0,0,0,-55000,0,0,0,10000,65000,-55000,-55000
05107P,鴻海兆豐96售02  ,0,0,0,0,0,0,0,0,0,-55000,0,0,0,10000,65000,-55000,-55000
051267,美律富邦96購01  ,0,0,0,0,0,0,0,0,0,-55000,0,0,0,18000,73000,-55000,-55000
048480,FB上証中信94購01,0,0,0,0,0,0,0,0,0,-55000,0,0,0,96000,151000,-55000,-55000
053602,台虹元大96購01  ,0,0,0,0,0,0,0,0,0,-55000,0,0,0,0,55000,-55000,-55000
052795,健策兆豐97購01  ,0,0,0,0,0,0,0,0,0,-55000,0,0,0,0,55000,-55000,-55000
053378,台積電元大98購02,0,0,0,0,0,0,0,0,0,-55000,0,0,0,7000,62000,-55000,-55000
052610,貿聯元大97購01  ,0,0,0,0,0,0,0,0,0,-55000,0,0,0,125000,180000,-55000,-55000
051487,健策凱基96購03  ,0,0,0,0,0,0,0,0,0,-55000,0,0,0,23000,78000,-55000,-55000
051863,技嘉凱基95購01  ,0,0,0,0,0,0,0,0,0,-55000,0,0,0,6000,61000,-55000,-55000
051983,道瓊反元大95購01,0,0,0,0,0,0,0,0,0,-55000,0,0,0,0,55000,-55000,-55000
05740P,宏達電元富96售01,0,0,0,0,0,0,0,0,0,-55000,0,0,0,50000,105000,-55000,-55000
05919P,京鼎元大96售03  ,0,0,0,0,0,0,0,0,0,-55000,0,0,0,0,55000,-55000,-55000
2607,榮運            ,49000,101000,-52000,0,0,0,0,0,0,-3000,0,3000,-3000,0,0,0,-55000
2524,京城            ,11000,65000,-54000,0,0,0,0,0,0,-1000,0,1000,-1000,0,0,0,-55000
6209,今國光          ,52000,106000,-54000,0,0,0,0,0,0,-1000,0,1000,-1000,0,0,0,-55000
3702,大聯大          ,947000,1314000,-367000,0,0,0,18000,0,18000,294000,300000,44000,256000,45000,7000,38000,-55000
05583P,訊芯凱基96售01  ,0,0,0,0,0,0,0,0,0,-56000,0,0,0,500000,556000,-56000,-56000
055567,訊芯凱基98購02  ,0,0,0,0,0,0,0,0,0,-56000,0,0,0,24000,80000,-56000,-56000
054918,華新科凱基98購02,0,0,0,0,0,0,0,0,0,-56000,0,0,0,10000,66000,-56000,-56000
054054,光磊國票97購02  ,0,0,0,0,0,0,0,0,0,-56000,0,0,0,4000,60000,-56000,-56000
054435,華新科台新97購02,0,0,0,0,0,0,0,0,0,-56000,0,0,0,1554000,1610000,-56000,-56000
046872,全新元富93購02  ,0,0,0,0,0,0,0,0,0,-56000,0,0,0,0,56000,-56000,-56000
044403,新日興凱基92購01,0,0,0,0,0,0,0,0,0,-56000,0,0,0,20000,76000,-56000,-56000
00670L,富邦NASDAQ正2   ,0,24000,-24000,0,0,0,0,0,0,-32000,0,0,0,143000,175000,-32000,-56000
048418,瑞昱統一93購04  ,0,0,0,0,0,0,0,0,0,-56000,0,0,0,195000,251000,-56000,-56000
049257,南亞科元大94購03,0,0,0,0,0,0,0,0,0,-56000,0,0,0,31000,87000,-56000,-56000
050815,南亞科凱基95購01,0,0,0,0,0,0,0,0,0,-56000,0,0,0,0,56000,-56000,-56000
049338,台達電統一94購04,0,0,0,0,0,0,0,0,0,-56000,0,0,0,0,56000,-56000,-56000
049030,凌華群益94購01  ,0,0,0,0,0,0,0,0,0,-56000,0,0,0,80000,136000,-56000,-56000
051650,矽力永豐95購01  ,0,0,0,0,0,0,0,0,0,-56000,0,0,0,40000,96000,-56000,-56000
052855,群創日盛99購01  ,0,0,0,0,0,0,0,0,0,-56000,0,0,0,26000,82000,-56000,-56000
053002,鴻海永豐96購01  ,0,0,0,0,0,0,0,0,0,-56000,0,0,0,0,56000,-56000,-56000
053062,緯穎富邦97購01  ,0,0,0,0,0,0,0,0,0,-56000,0,0,0,268000,324000,-56000,-56000
5258,虹堡            ,58000,114000,-56000,0,0,0,0,0,0,0,0,0,0,0,0,0,-56000
2480,敦陽科          ,6000,64000,-58000,0,0,0,0,0,0,2000,5000,3000,2000,0,0,0,-56000
05927P,正文永豐96售03  ,0,0,0,0,0,0,0,0,0,-56000,0,0,0,0,56000,-56000,-56000
05954P,旺宏國票97售03  ,0,0,0,0,0,0,0,0,0,-56000,0,0,0,12000,68000,-56000,-56000
05703P,矽力群益96售03  ,0,0,0,0,0,0,0,0,0,-56000,0,0,0,50000,106000,-56000,-56000
06249P,億光統一97售02  ,0,0,0,0,0,0,0,0,0,-56000,0,0,0,109000,165000,-56000,-56000
06217P,鴻海元富97售05  ,0,0,0,0,0,0,0,0,0,-56000,0,0,0,630000,686000,-56000,-56000
055058,大毅永豐97購01  ,0,0,0,0,0,0,0,0,0,-57000,0,0,0,207000,264000,-57000,-57000
055758,旺宏群益97購01  ,0,0,0,0,0,0,0,0,0,-57000,0,0,0,35000,92000,-57000,-57000
056052,T50反1元大97購06,0,0,0,0,0,0,0,0,0,-57000,0,0,0,1437000,1494000,-57000,-57000
056045,勤誠凱基97購01  ,0,0,0,0,0,0,0,0,0,-57000,0,0,0,11000,68000,-57000,-57000
056325,群創兆豐9A購01  ,0,0,0,0,0,0,0,0,0,-57000,0,0,0,0,57000,-57000,-57000
03026X,元展23          ,0,0,0,0,0,0,0,0,0,-57000,0,0,0,43000,100000,-57000,-57000
045287,元油2X元大95購01,0,0,0,0,0,0,0,0,0,-57000,0,0,0,0,57000,-57000,-57000
048049,滬深反中信96購01,0,0,0,0,0,0,0,0,0,-57000,0,0,0,10000,67000,-57000,-57000
048818,台達電凱基94購01,0,0,0,0,0,0,0,0,0,-57000,0,0,0,0,57000,-57000,-57000
04979P,臺股指凱基96售07,0,0,0,0,0,0,0,0,0,-57000,0,0,0,10000,67000,-57000,-57000
05288P,寶成元富95售02  ,0,0,0,0,0,0,0,0,0,-57000,0,0,0,32000,89000,-57000,-57000
052107,台積電統一95購06,0,0,0,0,0,0,0,0,0,-57000,0,0,0,110000,167000,-57000,-57000
06043P,創意永豐96售06  ,0,0,0,0,0,0,0,0,0,-57000,0,0,0,65000,122000,-57000,-57000
2484,希華            ,87000,144000,-57000,0,0,0,0,0,0,0,0,0,0,0,0,0,-57000
2609,陽明            ,55000,112000,-57000,0,0,0,0,0,0,0,0,0,0,0,0,0,-57000
06409P,康友元富97售03  ,0,0,0,0,0,0,0,0,0,-57000,0,0,0,1000,58000,-57000,-57000
6152,百一            ,2000,58000,-56000,0,0,0,0,0,0,-1000,0,1000,-1000,0,0,0,-57000
3050,鈺德            ,19000,75000,-56000,0,0,0,0,0,0,-1000,0,1000,-1000,0,0,0,-57000
056459,茂林凱基99購01  ,0,0,0,0,0,0,0,0,0,-58000,0,0,0,10000,68000,-58000,-58000
055459,建準永豐97購03  ,0,0,0,0,0,0,0,0,0,-58000,0,0,0,10000,68000,-58000,-58000
05459P,聯詠凱基95售03  ,0,0,0,0,0,0,0,0,0,-58000,0,0,0,0,58000,-58000,-58000
03909P,奇鋐元大93售04  ,0,0,0,0,0,0,0,0,0,-58000,0,0,0,2000,60000,-58000,-58000
044639,京元電元富94購01,0,0,0,0,0,0,0,0,0,-58000,0,0,0,166000,224000,-58000,-58000
04738P,揚明光永豐94售03,0,0,0,0,0,0,0,0,0,-58000,0,0,0,1000,59000,-58000,-58000
050677,光寶科統一94購01,0,0,0,0,0,0,0,0,0,-58000,0,0,0,0,58000,-58000,-58000
050663,麗豐元大96購03  ,0,0,0,0,0,0,0,0,0,-58000,0,0,0,0,58000,-58000,-58000
050613,台光電元大94購09,0,0,0,0,0,0,0,0,0,-58000,0,0,0,13000,71000,-58000,-58000
051157,華新科富邦98購01,0,0,0,0,0,0,0,0,0,-58000,0,0,0,256000,314000,-58000,-58000
050968,超眾永豐95購01  ,0,0,0,0,0,0,0,0,0,-58000,0,0,0,40000,98000,-58000,-58000
049413,台達電凱基94購06,0,0,0,0,0,0,0,0,0,-58000,0,0,0,2000,60000,-58000,-58000
04833P,鴻海元大94售16  ,0,0,0,0,0,0,0,0,0,-58000,0,0,0,37000,95000,-58000,-58000
049169,統一凱基94購01  ,0,0,0,0,0,0,0,0,0,-58000,0,0,0,10000,68000,-58000,-58000
050588,矽創國票95購01  ,0,0,0,0,0,0,0,0,0,-58000,0,0,0,0,58000,-58000,-58000
049493,可成元大94購05  ,0,0,0,0,0,0,0,0,0,-58000,0,0,0,0,58000,-58000,-58000
052945,嘉晶國票97購01  ,0,0,0,0,0,0,0,0,0,-58000,0,0,0,0,58000,-58000,-58000
053827,漢唐麥證9A購01  ,0,0,0,87000,145000,-58000,0,0,0,-58000,0,0,0,87000,145000,-58000,-58000
3622,洋華            ,13000,70000,-57000,0,0,0,0,0,0,-1000,0,1000,-1000,0,0,0,-58000
06377P,華通統一97售04  ,0,0,0,0,0,0,0,0,0,-58000,0,0,0,0,58000,-58000,-58000
06436P,台光電國票98售04,0,0,0,0,0,0,0,0,0,-58000,0,0,0,0,58000,-58000,-58000
06461P,玉晶光國泰9A售01,0,0,0,0,0,0,0,0,0,-58000,0,0,0,31000,89000,-58000,-58000
2108,南帝            ,77000,134000,-57000,0,0,0,0,0,0,-1000,0,1000,-1000,0,0,0,-58000
06041P,全新永豐96售03  ,0,0,0,0,0,0,0,0,0,-58000,0,0,0,0,58000,-58000,-58000
06100P,台積電日盛97售03,0,0,0,0,0,0,0,0,0,-58000,0,0,0,500000,558000,-58000,-58000
05770P,聯發科凱基96售16,0,0,0,0,0,0,0,0,0,-58000,0,0,0,5000,63000,-58000,-58000
054794,貿聯群益98購01  ,0,0,0,0,0,0,0,0,0,-59000,0,0,0,18000,77000,-59000,-59000
055808,世紀鋼永豐97購01,0,0,0,0,0,0,0,0,0,-59000,0,0,0,68000,127000,-59000,-59000
04241P,欣興國泰95售02  ,0,0,0,0,0,0,0,0,0,-59000,0,0,0,63000,122000,-59000,-59000
047154,新光金國票95購01,0,0,0,0,0,0,0,0,0,-59000,0,0,0,0,59000,-59000,-59000
050560,聯詠統一94購02  ,0,0,0,0,0,0,0,0,0,-59000,0,0,0,253000,312000,-59000,-59000
049335,聯電統一97購01  ,0,0,0,0,0,0,0,0,0,-59000,0,0,0,59000,118000,-59000,-59000
049004,聯發科中信96購01,0,0,0,0,0,0,0,0,0,-59000,0,0,0,10000,69000,-59000,-59000
05070P,鴻海統一96售04  ,0,0,0,0,0,0,0,0,0,-59000,0,0,0,10000,69000,-59000,-59000
05384P,大立光永豐95售02,0,0,0,0,0,0,0,0,0,-59000,0,0,0,120000,179000,-59000,-59000
053969,瑞昱元大97購01  ,0,0,0,0,0,0,0,0,0,-59000,0,0,0,196000,255000,-59000,-59000
052968,燿華群益98購01  ,0,0,0,0,0,0,0,0,0,-59000,0,0,0,81000,140000,-59000,-59000
052067,中磊兆豐96購01  ,0,0,0,0,0,0,0,0,0,-59000,0,0,0,196000,255000,-59000,-59000
052461,和大統一95購01  ,0,0,0,0,0,0,0,0,0,-59000,0,0,0,20000,79000,-59000,-59000
05975P,國巨日盛99售02  ,0,0,0,0,0,0,0,0,0,-59000,0,0,0,20000,79000,-59000,-59000
06216P,上銀元富97售03  ,0,0,0,0,0,0,0,0,0,-59000,0,0,0,33000,92000,-59000,-59000
5533,皇鼎            ,4000,63000,-59000,0,0,0,0,0,0,0,0,0,0,0,0,0,-59000
055632,群創永豐98購01  ,0,0,0,0,0,0,0,0,0,-60000,0,0,0,0,60000,-60000,-60000
055305,旺宏群益99購01  ,0,0,0,0,0,0,0,0,0,-60000,0,0,0,22000,82000,-60000,-60000
056335,微星凱基98購01  ,0,0,0,0,0,0,0,0,0,-60000,0,0,0,0,60000,-60000,-60000
055920,智伸科凱基97購02,0,0,0,0,0,0,0,0,0,-60000,0,0,0,0,60000,-60000,-60000
05465P,台表科永豐95售03,0,0,0,0,0,0,0,0,0,-60000,0,0,0,0,60000,-60000,-60000
054247,華邦電元大96購04,0,0,0,0,0,0,0,0,0,-60000,0,0,0,10000,70000,-60000,-60000
04717P,和大凱基94售02  ,0,0,0,0,0,0,0,0,0,-60000,0,0,0,0,60000,-60000,-60000
047356,貿聯兆豐94購01  ,0,0,0,0,0,0,0,0,0,-60000,0,0,0,0,60000,-60000,-60000
05036P,義隆元大95售03  ,0,0,0,0,0,0,0,0,0,-60000,0,0,0,116000,176000,-60000,-60000
04269P,華通國票93售03  ,0,0,0,0,0,0,0,0,0,-60000,0,0,0,0,60000,-60000,-60000
006206,元大上證50      ,860000,655000,205000,0,0,0,0,0,0,-265000,10000,10000,0,128000,393000,-265000,-60000
050659,宏達電元大96購01,0,0,0,0,0,0,0,0,0,-60000,0,0,0,40000,100000,-60000,-60000
049858,百和群益94購05  ,0,0,0,0,0,0,0,0,0,-60000,0,0,0,0,60000,-60000,-60000
049924,欣興元大95購04  ,0,0,0,0,0,0,0,0,0,-60000,0,0,0,50000,110000,-60000,-60000
047941,義隆國票94購02  ,0,0,0,0,0,0,0,0,0,-60000,0,0,0,0,60000,-60000,-60000
048969,兆赫元大94購01  ,0,0,0,0,0,0,0,0,0,-60000,0,0,0,0,60000,-60000,-60000
050949,亞光群益96購01  ,0,0,0,0,0,0,0,0,0,-60000,0,0,0,22000,82000,-60000,-60000
049337,台達電統一94購03,0,0,0,0,0,0,0,0,0,-60000,0,0,0,0,60000,-60000,-60000
050039,鴻海中信94購03  ,0,0,0,0,0,0,0,0,0,-60000,0,0,0,0,60000,-60000,-60000
049458,SP黃豆元富96購01,0,0,0,0,0,0,0,0,0,-60000,0,0,0,0,60000,-60000,-60000
049655,臺股指凱基94購16,0,0,0,0,0,0,0,0,0,-60000,0,0,0,35000,95000,-60000,-60000
052675,新光金國泰98購01,0,0,0,0,0,0,0,0,0,-60000,0,0,0,63000,123000,-60000,-60000
051632,全新國票96購01  ,0,0,0,0,0,0,0,0,0,-60000,0,0,0,0,60000,-60000,-60000
051589,健鼎元大95購02  ,0,0,0,0,0,0,0,0,0,-60000,0,0,0,10000,70000,-60000,-60000
051681,日月光兆豐95購01,0,0,0,0,0,0,0,0,0,-60000,0,0,0,0,60000,-60000,-60000
052956,聯發科日盛96購01,0,0,0,0,0,0,0,0,0,-60000,0,0,0,30000,90000,-60000,-60000
053997,健策群益97購02  ,0,0,0,0,0,0,0,0,0,-60000,0,0,0,5000,65000,-60000,-60000
053635,技嘉永豐96購01  ,0,0,0,0,0,0,0,0,0,-60000,0,0,0,94000,154000,-60000,-60000
053579,華通元大97購01  ,0,0,0,0,0,0,0,0,0,-60000,0,0,0,0,60000,-60000,-60000
06321P,台積電統一98售03,0,0,0,0,0,0,0,0,0,-60000,0,0,0,0,60000,-60000,-60000
06341P,大立光統一97售08,0,0,0,0,0,0,0,0,0,-60000,0,0,0,0,60000,-60000,-60000
06036P,台表科凱基96售04,0,0,0,0,0,0,0,0,0,-60000,0,0,0,0,60000,-60000,-60000
05908P,大立光元富96售05,0,0,0,0,0,0,0,0,0,-60000,0,0,0,80000,140000,-60000,-60000
056606,華新科富邦9A購02,0,0,0,0,0,0,0,0,0,-60000,0,0,0,0,60000,-60000,-60000
054364,智伸科凱基96購01,0,0,0,0,0,0,0,0,0,-61000,0,0,0,121000,182000,-61000,-61000
05603P,聯發科元大96售09,0,0,0,0,0,0,0,0,0,-61000,0,0,0,13000,74000,-61000,-61000
056020,義隆群益97購01  ,0,0,0,0,0,0,0,0,0,-61000,0,0,0,0,61000,-61000,-61000
056128,和大中信99購01  ,0,0,0,0,0,0,0,0,0,-61000,0,0,0,53000,114000,-61000,-61000
055396,瑞儀統一97購01  ,0,0,0,0,0,0,0,0,0,-61000,0,0,0,0,61000,-61000,-61000
055724,祥碩元大97購03  ,0,0,0,0,0,0,0,0,0,-61000,0,0,0,1000,62000,-61000,-61000
03950P,聯發科中信93售03,0,0,0,0,0,0,0,0,0,-61000,0,0,0,14000,75000,-61000,-61000
04529P,正文凱基94售04  ,0,0,0,0,0,0,0,0,0,-61000,0,0,0,0,61000,-61000,-61000
045161,玉晶光國泰94購03,0,0,0,0,0,0,0,0,0,-61000,0,0,0,18000,79000,-61000,-61000
053394,鴻海中信9A購01  ,0,0,0,0,0,0,0,0,0,-61000,0,0,0,0,61000,-61000,-61000
051610,GIS群益95購02   ,0,0,0,0,0,0,0,0,0,-61000,0,0,0,10000,71000,-61000,-61000
2399,映泰            ,174000,234000,-60000,0,0,0,0,0,0,-1000,0,1000,-1000,0,0,0,-61000
05553P,智原群益96售01  ,0,0,0,0,0,0,0,0,0,-62000,0,0,0,0,62000,-62000,-62000
054935,華通元大98購03  ,0,0,0,0,0,0,0,0,0,-62000,0,0,0,38000,100000,-62000,-62000
04668P,臺股指國票94售07,0,0,0,0,0,0,0,0,0,-62000,0,0,0,0,62000,-62000,-62000
046209,全新元富92購01  ,0,0,0,0,0,0,0,0,0,-62000,0,0,0,0,62000,-62000,-62000
04454P,大立光富邦98售02,0,0,0,0,0,0,0,0,0,-62000,0,0,0,17000,79000,-62000,-62000
03387P,台積電凱基03售11,0,0,0,0,0,0,0,0,0,-62000,0,0,0,7199000,7261000,-62000,-62000
049537,元石油群益97購01,0,0,0,0,0,0,0,0,0,-62000,0,0,0,0,62000,-62000,-62000
049445,遠東新統一94購01,0,0,0,0,0,0,0,0,0,-62000,0,0,0,10000,72000,-62000,-62000
048560,聯發科元大94購01,0,0,0,0,0,0,0,0,0,-62000,0,0,0,0,62000,-62000,-62000
05097P,聯發科日盛95售01,0,0,0,0,0,0,0,0,0,-62000,0,0,0,0,62000,-62000,-62000
050205,牧德群益94購02  ,0,0,0,0,0,0,0,0,0,-62000,0,0,0,120000,182000,-62000,-62000
052878,台虹凱基96購01  ,0,0,0,0,0,0,0,0,0,-62000,0,0,0,20000,82000,-62000,-62000
06427P,鴻海元大97售13  ,0,0,0,0,0,0,0,0,0,-62000,0,0,0,13000,75000,-62000,-62000
05673P,台積電群益96售05,0,0,0,0,0,0,0,0,0,-62000,0,0,0,0,62000,-62000,-62000
8422,可寧衛          ,3000,62000,-59000,0,0,0,2000,0,2000,-5000,0,5000,-5000,0,0,0,-62000
055212,和大凱基97購02  ,0,0,0,0,0,0,0,0,0,-63000,0,0,0,13000,76000,-63000,-63000
05437P,聯詠永豐95售02  ,0,0,0,0,0,0,0,0,0,-63000,0,0,0,0,63000,-63000,-63000
055578,群創統一98購03  ,0,0,0,0,0,0,0,0,0,-63000,0,0,0,7000,70000,-63000,-63000
055623,貿聯國泰99購01  ,0,0,0,0,0,0,0,0,0,-63000,0,0,0,25000,88000,-63000,-63000
045365,智邦兆豐93購04  ,0,0,0,0,0,0,0,0,0,-63000,0,0,0,25000,88000,-63000,-63000
047285,鴻海統一95購02  ,0,0,0,0,0,0,0,0,0,-63000,0,0,0,223000,286000,-63000,-63000
048131,全新國票94購02  ,0,0,0,0,0,0,0,0,0,-63000,0,0,0,0,63000,-63000,-63000
049369,義隆元大95購01  ,0,0,0,0,0,0,0,0,0,-63000,0,0,0,0,63000,-63000,-63000
048667,旺宏永豐94購02  ,0,0,0,0,0,0,0,0,0,-63000,0,0,0,301000,364000,-63000,-63000
048407,貿聯群益93購04  ,0,0,0,0,0,0,0,0,0,-63000,0,0,0,72000,135000,-63000,-63000
053379,南亞科元大96購01,0,0,0,0,0,0,0,0,0,-63000,0,0,0,13000,76000,-63000,-63000
053778,旺宏元大97購03  ,0,0,0,0,0,0,0,0,0,-63000,0,0,0,108000,171000,-63000,-63000
051673,玉晶光元大96購04,0,0,0,0,0,0,0,0,0,-63000,0,0,0,34000,97000,-63000,-63000
8011,台通            ,5000,68000,-63000,0,0,0,0,0,0,0,0,0,0,0,0,0,-63000
6168,宏齊            ,48000,105000,-57000,0,0,0,0,0,0,-6000,0,6000,-6000,0,0,0,-63000
2923,鼎固-KY         ,0,64000,-64000,0,0,0,0,0,0,1000,1000,0,1000,0,0,0,-63000
05700P,臻鼎凱基96售02  ,0,0,0,0,0,0,0,0,0,-63000,0,0,0,33000,96000,-63000,-63000
1503,士電            ,0,43000,-43000,0,0,0,0,0,0,-20000,0,20000,-20000,0,0,0,-63000
056384,玉晶光國泰9A購02,0,0,0,0,0,0,0,0,0,-64000,0,0,0,85000,149000,-64000,-64000
054129,技嘉元大96購02  ,0,0,0,0,0,0,0,0,0,-64000,0,0,0,216000,280000,-64000,-64000
05477P,華新科群益95售06,0,0,0,0,0,0,0,0,0,-64000,0,0,0,0,64000,-64000,-64000
054740,強茂凱基99購01  ,0,0,0,0,0,0,0,0,0,-64000,0,0,0,10000,74000,-64000,-64000
047047,旺宏國票95購01  ,0,0,0,0,0,0,0,0,0,-64000,0,0,0,46000,110000,-64000,-64000
047028,新日興元大93購02,0,0,0,0,0,0,0,0,0,-64000,0,0,0,11000,75000,-64000,-64000
050111,全新元大95購02  ,0,0,0,0,0,0,0,0,0,-64000,0,0,0,0,64000,-64000,-64000
044819,新日興兆豐93購02,0,0,0,0,0,0,0,0,0,-64000,0,0,0,101000,165000,-64000,-64000
04949P,致新元大94售04  ,0,0,0,0,0,0,0,0,0,-64000,0,0,0,0,64000,-64000,-64000
05091P,台積電元大95售11,0,0,0,0,0,0,0,0,0,-64000,0,0,0,792000,856000,-64000,-64000
051058,景碩群益96購01  ,0,0,0,0,0,0,0,0,0,-64000,0,0,0,21000,85000,-64000,-64000
051344,鴻海元大95購08  ,0,0,0,0,0,0,0,0,0,-64000,0,0,0,623000,687000,-64000,-64000
053886,亞光兆豐96購01  ,0,0,0,0,0,0,0,0,0,-64000,0,0,0,1000,65000,-64000,-64000
053923,亞光國票97購01  ,0,0,0,0,0,0,0,0,0,-64000,0,0,0,36000,100000,-64000,-64000
6177,達麗            ,8000,72000,-64000,0,0,0,0,0,0,0,0,0,0,0,0,0,-64000
055639,上銀元富97購02  ,0,0,0,0,0,0,0,0,0,-65000,0,0,0,88000,153000,-65000,-65000
04359P,中磊永豐94售01  ,0,0,0,0,0,0,0,0,0,-65000,0,0,0,0,65000,-65000,-65000
04749P,臺股指元大94售25,0,0,0,0,0,0,0,0,0,-65000,0,0,0,100000,165000,-65000,-65000
05282P,可成元大95售09  ,0,0,0,0,0,0,0,0,0,-65000,0,0,0,43000,108000,-65000,-65000
051375,道瓊反群益9A購01,0,0,0,0,0,0,0,0,0,-65000,0,0,0,0,65000,-65000,-65000
05251P,喬山台新95售02  ,0,0,0,0,0,0,0,0,0,-65000,0,0,0,0,65000,-65000,-65000
052386,鴻海群益96購02  ,0,0,0,0,0,0,0,0,0,-65000,0,0,0,0,65000,-65000,-65000
1909,榮成            ,581000,596000,-15000,0,0,0,0,0,0,-50000,0,50000,-50000,0,0,0,-65000
06118P,上証2X凱基98售03,0,0,0,0,0,0,0,0,0,-65000,0,0,0,200000,265000,-65000,-65000
06189P,華新科永豐97售03,0,0,0,0,0,0,0,0,0,-65000,0,0,0,0,65000,-65000,-65000
05632P,大立光群益96售02,0,0,0,0,0,0,0,0,0,-66000,0,0,0,40000,106000,-66000,-66000
03890P,聯詠國泰94售02  ,0,0,0,0,0,0,0,0,0,-66000,0,0,0,0,66000,-66000,-66000
00674R,元大S&P黃金反1  ,0,0,0,0,0,0,0,0,0,-66000,0,4000,-4000,21000,83000,-62000,-66000
04586P,光罩永豐94售02  ,0,0,0,0,0,0,0,0,0,-66000,0,0,0,0,66000,-66000,-66000
050944,智邦群益95購01  ,0,0,0,0,0,0,0,0,0,-66000,0,0,0,0,66000,-66000,-66000
048964,劍麟元大94購01  ,0,0,0,0,0,0,0,0,0,-66000,0,0,0,0,66000,-66000,-66000
048109,旺宏群益94購02  ,0,0,0,0,0,0,0,0,0,-66000,0,0,0,48000,114000,-66000,-66000
04967P,台表科永豐94售04,0,0,0,0,0,0,0,0,0,-66000,0,0,0,0,66000,-66000,-66000
052103,台積電兆豐95購06,0,0,0,0,0,0,0,0,0,-66000,0,0,0,374000,440000,-66000,-66000
052155,百和台新95購01  ,0,0,0,0,0,0,0,0,0,-66000,0,0,0,17000,83000,-66000,-66000
05218P,大立光永昌96售04,0,0,0,0,0,0,0,0,0,-66000,0,0,0,532000,598000,-66000,-66000
052182,鴻海群益96購01  ,0,0,0,0,0,0,0,0,0,-66000,0,0,0,0,66000,-66000,-66000
051591,玉晶光元大97購01,0,0,0,0,0,0,0,0,0,-66000,0,0,0,64000,130000,-66000,-66000
052030,GIS群益95購04   ,0,0,0,0,0,0,0,0,0,-66000,0,0,0,20000,86000,-66000,-66000
052843,鴻海統一96購09  ,0,0,0,0,0,0,0,0,0,-66000,0,0,0,18000,84000,-66000,-66000
053377,台積電元大98購01,0,0,0,0,0,0,0,0,0,-66000,0,0,0,876000,942000,-66000,-66000
053669,台積電統一96購08,0,0,0,0,0,0,0,0,0,-66000,0,0,0,114000,180000,-66000,-66000
06328P,台積電中信01售02,0,0,0,0,0,0,0,0,0,-66000,0,0,0,0,66000,-66000,-66000
2423,固緯            ,14000,79000,-65000,0,0,0,0,0,0,-1000,0,1000,-1000,0,0,0,-66000
5305,敦南            ,15000,71000,-56000,0,0,0,0,0,0,-10000,0,10000,-10000,0,0,0,-66000
3504,揚明光          ,135000,153000,-18000,0,0,0,0,0,0,-48000,2000,3000,-1000,4000,51000,-47000,-66000
6452,康友-KY         ,56000,110000,-54000,0,0,0,0,0,0,-12000,0,4000,-4000,2000,10000,-8000,-66000
9924,福興            ,28000,94000,-66000,0,0,0,0,0,0,0,0,0,0,0,0,0,-66000
05629P,聯發科永昌99售02,0,0,0,0,0,0,0,0,0,-67000,0,0,0,48000,115000,-67000,-67000
056573,華新科元大99購06,0,0,0,0,0,0,0,0,0,-67000,0,0,0,0,67000,-67000,-67000
05539P,鎧勝永豐96售01  ,0,0,0,0,0,0,0,0,0,-67000,0,0,0,0,67000,-67000,-67000
055190,華新科元富97購01,0,0,0,0,0,0,0,0,0,-67000,0,0,0,73000,140000,-67000,-67000
054190,矽創永豐96購01  ,0,0,0,0,0,0,0,0,0,-67000,0,0,0,1000,68000,-67000,-67000
054233,聯發科群益96購04,0,0,0,0,0,0,0,0,0,-67000,0,0,0,100000,167000,-67000,-67000
054219,楠梓電統一97購01,0,0,0,0,0,0,0,0,0,-67000,0,0,0,75000,142000,-67000,-67000
050536,亞泥凱基95購01  ,0,0,0,0,0,0,0,0,0,-67000,0,0,0,1000,68000,-67000,-67000
05081P,京鼎永豐95售01  ,0,0,0,0,0,0,0,0,0,-67000,0,0,0,0,67000,-67000,-67000
049410,統一凱基94購02  ,0,0,0,0,0,0,0,0,0,-67000,0,0,0,10000,77000,-67000,-67000
053341,聯發科國票97購03,0,0,0,0,0,0,0,0,0,-67000,0,0,0,90000,157000,-67000,-67000
05165P,欣興元富95售03  ,0,0,0,0,0,0,0,0,0,-67000,0,0,0,0,67000,-67000,-67000
05204P,TPK元大95售03   ,0,0,0,0,0,0,0,0,0,-67000,0,0,0,16000,83000,-67000,-67000
052221,東元凱基95購01  ,0,0,0,0,0,0,0,0,0,-67000,0,0,0,1000,68000,-67000,-67000
05269P,臻鼎元大95售05  ,0,0,0,0,0,0,0,0,0,-67000,0,0,0,5000,72000,-67000,-67000
4967,十銓            ,335000,375000,-40000,0,0,0,0,0,0,-27000,15000,42000,-27000,0,0,0,-67000
06455P,上銀統一99售03  ,0,0,0,0,0,0,0,0,0,-67000,0,0,0,0,67000,-67000,-67000
06153P,健策元大97售04  ,0,0,0,0,0,0,0,0,0,-67000,0,0,0,104000,171000,-67000,-67000
1218,泰山            ,25000,89500,-64500,0,0,0,0,0,0,-3000,0,3000,-3000,0,0,0,-67500
055306,燿華群益97購01  ,0,0,0,0,0,0,0,0,0,-68000,0,0,0,65000,133000,-68000,-68000
055682,智原凱基98購02  ,0,0,0,0,0,0,0,0,0,-68000,0,0,0,0,68000,-68000,-68000
056240,嘉晶群益97購02  ,0,0,0,0,0,0,0,0,0,-68000,0,0,0,0,68000,-68000,-68000
04619P,華新統一94售02  ,0,0,0,0,0,0,0,0,0,-68000,0,0,0,0,68000,-68000,-68000
050422,鴻海凱基96購01  ,0,0,0,0,0,0,0,0,0,-68000,0,0,0,0,68000,-68000,-68000
04568P,瑞昱兆豐94售02  ,0,0,0,0,0,0,0,0,0,-68000,0,0,0,0,68000,-68000,-68000
047484,聯詠凱基93購03  ,0,0,0,0,0,0,0,0,0,-68000,0,0,0,0,68000,-68000,-68000
050065,冠德凱基94購01  ,0,0,0,0,0,0,0,0,0,-68000,0,0,0,0,68000,-68000,-68000
048218,上銀凱基93購07  ,0,0,0,0,0,0,0,0,0,-68000,0,0,0,101000,169000,-68000,-68000
050970,康舒永豐95購01  ,0,0,0,0,0,0,0,0,0,-68000,0,0,0,0,68000,-68000,-68000
049688,台光電元大94購04,0,0,0,0,0,0,0,0,0,-68000,0,0,0,54000,122000,-68000,-68000
050707,寶成凱基94購02  ,0,0,0,0,0,0,0,0,0,-68000,0,0,0,0,68000,-68000,-68000
049746,全新永豐95購01  ,0,0,0,0,0,0,0,0,0,-68000,0,0,0,0,68000,-68000,-68000
052075,旺宏元富95購03  ,0,0,0,0,0,0,0,0,0,-68000,0,0,0,67000,135000,-68000,-68000
052160,美律永豐95購03  ,0,0,0,0,0,0,0,0,0,-68000,0,0,0,0,68000,-68000,-68000
051404,牧德永豐96購01  ,0,0,0,0,0,0,0,0,0,-68000,0,0,0,157000,225000,-68000,-68000
052019,創意永豐95購02  ,0,0,0,0,0,0,0,0,0,-68000,0,0,0,0,68000,-68000,-68000
051777,聯發科群益95購04,0,0,0,0,0,0,0,0,0,-68000,0,0,0,3000,71000,-68000,-68000
052888,台表科中信9A購01,0,0,0,0,0,0,0,0,0,-68000,0,0,0,88000,156000,-68000,-68000
3419,譁裕            ,31000,97000,-66000,0,0,0,0,0,0,-2000,0,2000,-2000,0,0,0,-68000
054098,嘉晶國票97購04  ,0,0,0,0,0,0,0,0,0,-69000,0,0,0,0,69000,-69000,-69000
047495,新日興元富96購01,0,0,0,0,0,0,0,0,0,-69000,0,0,0,143000,212000,-69000,-69000
04369P,台光電凱基94售04,0,0,0,0,0,0,0,0,0,-69000,0,0,0,20000,89000,-69000,-69000
047263,揚明光國票94購01,0,0,0,0,0,0,0,0,0,-69000,0,0,0,0,69000,-69000,-69000
046934,智邦元富96購01  ,0,0,0,0,0,0,0,0,0,-69000,0,0,0,149000,218000,-69000,-69000
04592P,台積電元大94售10,0,0,0,0,0,0,0,0,0,-69000,0,0,0,20000,89000,-69000,-69000
051107,鴻海統一95購05  ,0,0,0,0,0,0,0,0,0,-69000,0,0,0,0,69000,-69000,-69000
049463,華新科富邦97購01,0,0,0,0,0,0,0,0,0,-69000,0,0,0,9000,78000,-69000,-69000
053236,群創永豐97購02  ,0,0,0,0,0,0,0,0,0,-69000,0,0,0,69000,138000,-69000,-69000
05361P,聯發科富邦97售01,0,0,0,0,0,0,0,0,0,-69000,0,0,0,0,69000,-69000,-69000
052177,京鼎元大95購02  ,0,0,0,0,0,0,0,0,0,-69000,0,0,0,19000,88000,-69000,-69000
052708,楠梓電永豐97購01,0,0,0,0,0,0,0,0,0,-69000,0,0,0,10000,79000,-69000,-69000
05998P,台積電元大97售12,0,0,0,0,0,0,0,0,0,-69000,0,0,0,542000,611000,-69000,-69000
05848P,臺股指元大96售24,0,0,0,0,0,0,0,0,0,-69000,0,0,0,36000,105000,-69000,-69000
055068,亞翔永豐97購01  ,0,0,0,0,0,0,0,0,0,-70000,0,0,0,10000,80000,-70000,-70000
055630,聯詠永豐97購02  ,0,0,0,0,0,0,0,0,0,-70000,0,0,0,0,70000,-70000,-70000
05543P,鴻海元富96售04  ,0,0,0,0,0,0,0,0,0,-70000,0,0,0,165000,235000,-70000,-70000
046081,康舒凱基92購01  ,0,0,0,0,0,0,0,0,0,-70000,0,0,0,0,70000,-70000,-70000
046573,上緯控國泰94購01,0,0,0,0,0,0,0,0,0,-70000,0,0,0,90000,160000,-70000,-70000
04207P,臺股指元大93售47,0,0,0,0,0,0,0,0,0,-70000,0,0,0,30000,100000,-70000,-70000
04293P,滬深2X元大96售02,0,0,0,0,0,0,0,0,0,-70000,0,0,0,0,70000,-70000,-70000
042470,元油2X元大93購04,0,0,0,0,0,0,0,0,0,-70000,0,0,0,0,70000,-70000,-70000
03999P,鴻海凱基94售11  ,0,0,0,0,0,0,0,0,0,-70000,0,0,0,0,70000,-70000,-70000
044683,聯鈞凱基93購01  ,0,0,0,0,0,0,0,0,0,-70000,0,0,0,30000,100000,-70000,-70000
048177,臺指反富邦99購01,0,0,0,0,0,0,0,0,0,-70000,0,0,0,0,70000,-70000,-70000
04767P,台積電國泰95售04,0,0,0,0,0,0,0,0,0,-70000,0,0,0,35000,105000,-70000,-70000
050044,聯詠兆豐94購02  ,0,0,0,0,0,0,0,0,0,-70000,0,0,0,0,70000,-70000,-70000
05126P,牧德群益95售01  ,0,0,0,0,0,0,0,0,0,-70000,0,0,0,0,70000,-70000,-70000
04808P,訊芯永豐94售02  ,0,0,0,0,0,0,0,0,0,-70000,0,0,0,0,70000,-70000,-70000
05086P,鴻海凱基95售13  ,0,0,0,0,0,0,0,0,0,-70000,0,0,0,17000,87000,-70000,-70000
050681,南亞科元富94購01,0,0,0,0,0,0,0,0,0,-70000,0,0,0,0,70000,-70000,-70000
047923,聯發科凱基94購02,0,0,0,0,0,0,0,0,0,-70000,0,0,0,0,70000,-70000,-70000
052650,台郡永豐96購01  ,0,0,0,0,0,0,0,0,0,-70000,0,0,0,0,70000,-70000,-70000
052359,百和永豐95購01  ,0,0,0,0,0,0,0,0,0,-70000,0,0,0,18000,88000,-70000,-70000
051310,台達電麥證95購01,0,0,0,30000,100000,-70000,0,0,0,-70000,0,0,0,30000,100000,-70000,-70000
051585,美食元大95購01  ,0,0,0,0,0,0,0,0,0,-70000,0,0,0,40000,110000,-70000,-70000
05364P,臺股指富邦95售04,0,0,0,0,0,0,0,0,0,-70000,0,0,0,0,70000,-70000,-70000
05320P,華通凱基96售03  ,0,0,0,0,0,0,0,0,0,-70000,0,0,0,20000,90000,-70000,-70000
052964,台表科凱基96購03,0,0,0,0,0,0,0,0,0,-70000,0,0,0,10000,80000,-70000,-70000
2444,兆勁            ,9000,79000,-70000,0,0,0,0,0,0,0,0,0,0,0,0,0,-70000
2101,南港            ,305000,378000,-73000,0,0,0,0,0,0,3000,7000,26000,-19000,26000,4000,22000,-70000
6558,興能高          ,114400,159000,-44600,0,0,0,0,0,0,-26000,0,26000,-26000,0,0,0,-70600
056057,華邦電元大97購05,0,0,0,0,0,0,0,0,0,-71000,0,0,0,79000,150000,-71000,-71000
054798,超眾群益97購01  ,0,0,0,0,0,0,0,0,0,-71000,0,0,0,0,71000,-71000,-71000
054103,T50反1凱基99購04,0,0,0,0,0,0,0,0,0,-71000,0,0,0,0,71000,-71000,-71000
050092,鴻海永豐94購04  ,0,0,0,0,0,0,0,0,0,-71000,0,0,0,158000,229000,-71000,-71000
050979,鴻海元富96購02  ,0,0,0,0,0,0,0,0,0,-71000,0,0,0,49000,120000,-71000,-71000
04947P,聯詠元大94售05  ,0,0,0,0,0,0,0,0,0,-71000,0,0,0,0,71000,-71000,-71000
049233,聯發科統一94購04,0,0,0,0,0,0,0,0,0,-71000,0,0,0,0,71000,-71000,-71000
052861,台光電凱基96購03,0,0,0,0,0,0,0,0,0,-71000,0,0,0,105000,176000,-71000,-71000
053938,彩晶元富96購01  ,0,0,0,0,0,0,0,0,0,-71000,0,0,0,13000,84000,-71000,-71000
051529,東元國票96購01  ,0,0,0,0,0,0,0,0,0,-71000,0,0,0,1000,72000,-71000,-71000
051719,鴻海永豐95購04  ,0,0,0,0,0,0,0,0,0,-71000,0,0,0,0,71000,-71000,-71000
6605,帝寶            ,5000,76000,-71000,0,0,0,0,0,0,0,0,0,0,0,0,0,-71000
5215,科嘉-KY         ,171000,244000,-73000,0,0,0,0,0,0,2000,2000,0,2000,0,0,0,-71000
06422P,勤誠統一98售01  ,0,0,0,0,0,0,0,0,0,-71000,0,0,0,246000,317000,-71000,-71000
06004P,奇力新永豐96售02,0,0,0,0,0,0,0,0,0,-71000,0,0,0,81000,152000,-71000,-71000
054892,彩晶統一99購01  ,0,0,0,0,0,0,0,0,0,-72000,0,0,0,48000,120000,-72000,-72000
055049,智邦永豐97購01  ,0,0,0,0,0,0,0,0,0,-72000,0,0,0,68000,140000,-72000,-72000
055634,訊芯永豐97購02  ,0,0,0,0,0,0,0,0,0,-72000,0,0,0,8000,80000,-72000,-72000
04342P,揚明光永豐93售03,0,0,0,0,0,0,0,0,0,-72000,0,0,0,0,72000,-72000,-72000
047540,技嘉麥證93購01  ,0,0,0,48000,120000,-72000,0,0,0,-72000,0,0,0,48000,120000,-72000,-72000
050016,緯穎富邦95購01  ,0,0,0,0,0,0,0,0,0,-72000,0,0,0,88000,160000,-72000,-72000
052105,南亞科兆豐95購01,0,0,0,0,0,0,0,0,0,-72000,0,0,0,46000,118000,-72000,-72000
053449,超眾凱基98購01  ,0,0,0,0,0,0,0,0,0,-72000,0,0,0,6000,78000,-72000,-72000
055591,全新元大98購01  ,0,0,0,0,0,0,0,0,0,-73000,0,0,0,50000,123000,-73000,-73000
056470,旺宏元大99購01  ,0,0,0,0,0,0,0,0,0,-73000,0,0,0,138000,211000,-73000,-73000
045189,大立光元富98購01,0,0,0,0,0,0,0,0,0,-73000,0,0,0,44000,117000,-73000,-73000
049237,元油2X元富96購07,0,0,0,0,0,0,0,0,0,-73000,0,0,0,52000,125000,-73000,-73000
049216,華邦電國票95購01,0,0,0,0,0,0,0,0,0,-73000,0,0,0,311000,384000,-73000,-73000
049913,微星元大94購01  ,0,0,0,0,0,0,0,0,0,-73000,0,0,0,161000,234000,-73000,-73000
053922,亞光國票96購01  ,0,0,0,0,0,0,0,0,0,-73000,0,0,0,1000,74000,-73000,-73000
053899,矽創群益96購02  ,0,0,0,0,0,0,0,0,0,-73000,0,0,0,3000,76000,-73000,-73000
06172P,台虹永豐97售02  ,0,0,0,0,0,0,0,0,0,-73000,0,0,0,42000,115000,-73000,-73000
05989P,健策元富96售01  ,0,0,0,0,0,0,0,0,0,-73000,0,0,0,20000,93000,-73000,-73000
6525,捷敏-KY         ,10000,83000,-73000,0,0,0,0,0,0,0,0,0,0,0,0,0,-73000
056533,友達凱基9A購02  ,0,0,0,0,0,0,0,0,0,-74000,0,0,0,0,74000,-74000,-74000
054776,矽創國票98購01  ,0,0,0,0,0,0,0,0,0,-74000,0,0,0,64000,138000,-74000,-74000
047250,日月光群益94購01,0,0,0,0,0,0,0,0,0,-74000,0,0,0,159000,233000,-74000,-74000
046291,友達統一94購01  ,0,0,0,0,0,0,0,0,0,-74000,0,0,0,107000,181000,-74000,-74000
048876,牧德國票95購02  ,0,0,0,0,0,0,0,0,0,-74000,0,0,0,22000,96000,-74000,-74000
051150,宏達電凱基95購02,0,0,0,0,0,0,0,0,0,-74000,0,0,0,10000,84000,-74000,-74000
050836,緯穎凱基95購01  ,0,0,0,0,0,0,0,0,0,-74000,0,0,0,149000,223000,-74000,-74000
052634,華邦電凱基96購01,0,0,0,0,0,0,0,0,0,-74000,0,0,0,0,74000,-74000,-74000
051926,聯電中信97購01  ,0,0,0,0,0,0,0,0,0,-74000,0,0,0,222000,296000,-74000,-74000
3617,碩天            ,22000,90000,-68000,0,0,0,0,0,0,-6000,0,6000,-6000,0,0,0,-74000
06159P,牧德元富97售02  ,0,0,0,0,0,0,0,0,0,-74000,0,0,0,0,74000,-74000,-74000
06368P,台積電凱基97售15,0,0,0,0,0,0,0,0,0,-74000,0,0,0,90000,164000,-74000,-74000
054132,聯發科元大97購10,0,0,0,0,0,0,0,0,0,-75000,0,0,0,22000,97000,-75000,-75000
054611,全新永豐97購01  ,0,0,0,0,0,0,0,0,0,-75000,0,0,0,0,75000,-75000,-75000
055554,聯發科凱基97購06,0,0,0,0,0,0,0,0,0,-75000,0,0,0,13000,88000,-75000,-75000
05584P,臺股指凱基96售13,0,0,0,0,0,0,0,0,0,-75000,0,0,0,21000,96000,-75000,-75000
047545,智邦凱基93購05  ,0,0,0,0,0,0,0,0,0,-75000,0,0,0,98000,173000,-75000,-75000
04106P,滬深2X永豐93售02,0,0,0,0,0,0,0,0,0,-75000,0,0,0,0,75000,-75000,-75000
043652,微星國泰93購01  ,0,0,0,0,0,0,0,0,0,-75000,0,0,0,66000,141000,-75000,-75000
00762,元大全球AI      ,0,0,0,0,0,0,0,0,0,-75000,0,0,0,13000,88000,-75000,-75000
047293,全新元富93購03  ,0,0,0,0,0,0,0,0,0,-75000,0,0,0,0,75000,-75000,-75000
050915,健策中信98購01  ,0,0,0,0,0,0,0,0,0,-75000,0,0,0,0,75000,-75000,-75000
05020P,廣達中信95售01  ,0,0,0,0,0,0,0,0,0,-75000,0,0,0,0,75000,-75000,-75000
04848P,康控凱基94售02  ,0,0,0,0,0,0,0,0,0,-75000,0,0,0,0,75000,-75000,-75000
051390,京元電兆豐95購01,0,0,0,0,0,0,0,0,0,-75000,0,0,0,45000,120000,-75000,-75000
052627,中壽中信98購01  ,0,0,0,0,0,0,0,0,0,-75000,0,0,0,15000,90000,-75000,-75000
052076,可成元富98購01  ,0,0,0,0,0,0,0,0,0,-75000,0,0,0,50000,125000,-75000,-75000
052242,台達電台新96購01,0,0,0,0,0,0,0,0,0,-75000,0,0,0,0,75000,-75000,-75000
053987,宏碁亞東96購01  ,0,0,0,0,0,0,0,0,0,-75000,0,0,0,5000,80000,-75000,-75000
053380,南亞科元大97購01,0,0,0,0,0,0,0,0,0,-75000,0,0,0,38000,113000,-75000,-75000
06476P,臺股指永豐98售01,0,0,0,0,0,0,0,0,0,-75000,0,0,0,2000,77000,-75000,-75000
05887P,友達元富99售03  ,0,0,0,0,0,0,0,0,0,-75000,0,0,0,47000,122000,-75000,-75000
6443,元晶            ,58000,132000,-74000,0,0,0,0,0,0,-1000,0,1000,-1000,0,0,0,-75000
054155,美律第一96購01  ,0,0,0,0,0,0,0,0,0,-76000,0,0,0,24000,100000,-76000,-76000
054686,順德永豐97購01  ,0,0,0,0,0,0,0,0,0,-76000,0,0,0,0,76000,-76000,-76000
04669P,臺股指國票94售08,0,0,0,0,0,0,0,0,0,-76000,0,0,0,24000,100000,-76000,-76000
044513,義隆凱基93購02  ,0,0,0,0,0,0,0,0,0,-76000,0,0,0,173000,249000,-76000,-76000
04283P,麗豐永豐93售03  ,0,0,0,0,0,0,0,0,0,-76000,0,0,0,80000,156000,-76000,-76000
050534,臻鼎兆豐94購01  ,0,0,0,0,0,0,0,0,0,-76000,0,0,0,0,76000,-76000,-76000
047886,京元電富邦95購01,0,0,0,0,0,0,0,0,0,-76000,0,0,0,19000,95000,-76000,-76000
049848,聯發科群益94購06,0,0,0,0,0,0,0,0,0,-76000,0,0,0,108000,184000,-76000,-76000
053502,智伸科兆豐97購01,0,0,0,0,0,0,0,0,0,-76000,0,0,0,50000,126000,-76000,-76000
053585,友達元大9C購03  ,0,0,0,0,0,0,0,0,0,-76000,0,0,0,122000,198000,-76000,-76000
051392,玉山金兆豐95購01,0,0,0,0,0,0,0,0,0,-76000,0,0,0,3000,79000,-76000,-76000
05164P,南亞科元富95售04,0,0,0,0,0,0,0,0,0,-76000,0,0,0,0,76000,-76000,-76000
06453P,群創元大9B售02  ,0,0,0,0,0,0,0,0,0,-76000,0,0,0,29000,105000,-76000,-76000
00688L,國泰20年美債正2 ,0,0,0,0,0,0,0,0,0,-77000,0,0,0,123000,200000,-77000,-77000
046712,勤誠永豐93購01  ,0,0,0,0,0,0,0,0,0,-77000,0,0,0,15000,92000,-77000,-77000
048370,可成統一93購04  ,0,0,0,0,0,0,0,0,0,-77000,0,0,0,74000,151000,-77000,-77000
049361,華通元大94購02  ,0,0,0,0,0,0,0,0,0,-77000,0,0,0,33000,110000,-77000,-77000
052672,世紀鋼群益96購02,0,0,0,0,0,0,0,0,0,-77000,0,0,0,11000,88000,-77000,-77000
05255P,義隆凱基95售01  ,0,0,0,0,0,0,0,0,0,-77000,0,0,0,0,77000,-77000,-77000
052740,聯發科元大96購07,0,0,0,0,0,0,0,0,0,-77000,0,0,0,40000,117000,-77000,-77000
05904P,大立光統一96售07,0,0,0,0,0,0,0,0,0,-77000,0,0,0,0,77000,-77000,-77000
054701,宏全永豐97購01  ,0,0,0,0,0,0,0,0,0,-78000,0,0,0,0,78000,-78000,-78000
054716,緯穎康和97購01  ,0,0,0,0,0,0,0,0,0,-78000,0,0,0,14000,92000,-78000,-78000
054623,華新科第一97購01,0,0,0,0,0,0,0,0,0,-78000,0,0,0,282000,360000,-78000,-78000
054428,禾伸堂富邦98購01,0,0,0,0,0,0,0,0,0,-78000,0,0,0,42000,120000,-78000,-78000
056363,華新科元大99購04,0,0,0,0,0,0,0,0,0,-78000,0,0,0,31000,109000,-78000,-78000
056100,楠梓電永豐97購02,0,0,0,0,0,0,0,0,0,-78000,0,0,0,223000,301000,-78000,-78000
046240,中鋼中信94購01  ,0,0,0,0,0,0,0,0,0,-78000,0,0,0,22000,100000,-78000,-78000
04760P,旺宏凱基94售02  ,0,0,0,0,0,0,0,0,0,-78000,0,0,0,177000,255000,-78000,-78000
049407,台積電日盛94購02,0,0,0,0,0,0,0,0,0,-78000,0,0,0,45000,123000,-78000,-78000
050595,緯穎永豐94購03  ,0,0,0,0,0,0,0,0,0,-78000,0,0,0,80000,158000,-78000,-78000
050646,美律凱基96購01  ,0,0,0,0,0,0,0,0,0,-78000,0,0,0,0,78000,-78000,-78000
05013P,台積電元大96售05,0,0,0,0,0,0,0,0,0,-78000,0,0,0,5000,83000,-78000,-78000
053256,上銀富邦98購01  ,0,0,0,0,0,0,0,0,0,-78000,0,0,0,221000,299000,-78000,-78000
053998,泰鼎群益98購01  ,0,0,0,0,0,0,0,0,0,-78000,0,0,0,591000,669000,-78000,-78000
052353,高鐵群益97購01  ,0,0,0,0,0,0,0,0,0,-78000,0,0,0,22000,100000,-78000,-78000
051539,瀚宇博國票97購01,0,0,0,0,0,0,0,0,0,-78000,0,0,0,60000,138000,-78000,-78000
06145P,華新科永豐97售02,0,0,0,0,0,0,0,0,0,-78000,0,0,0,0,78000,-78000,-78000
06358P,力成中信97售02  ,0,0,0,0,0,0,0,0,0,-78000,0,0,0,133000,211000,-78000,-78000
055852,聯鈞元大98購01  ,0,0,0,0,0,0,0,0,0,-79000,0,0,0,51000,130000,-79000,-79000
054236,貿聯群益96購01  ,0,0,0,0,0,0,0,0,0,-79000,0,0,0,5000,84000,-79000,-79000
055284,全新元大99購01  ,0,0,0,0,0,0,0,0,0,-79000,0,0,0,0,79000,-79000,-79000
044290,群創凱基93購05  ,0,0,0,0,0,0,0,0,0,-79000,0,0,0,266000,345000,-79000,-79000
020000,富邦特選蘋果N   ,0,0,0,0,0,0,0,0,0,-79000,0,0,0,58000,137000,-79000,-79000
04066P,京元電凱基93售02,0,0,0,0,0,0,0,0,0,-79000,0,0,0,0,79000,-79000,-79000
046026,友訊元大92購01  ,0,0,0,0,0,0,0,0,0,-79000,0,0,0,1000,80000,-79000,-79000
046370,全新麥證93購01  ,0,0,0,49000,128000,-79000,0,0,0,-79000,0,0,0,49000,128000,-79000,-79000
050260,鴻海元大94購15  ,0,0,0,0,0,0,0,0,0,-79000,0,0,0,115000,194000,-79000,-79000
048774,麗豐凱基94購04  ,0,0,0,0,0,0,0,0,0,-79000,0,0,0,10000,89000,-79000,-79000
049040,亞光兆豐95購01  ,0,0,0,0,0,0,0,0,0,-79000,0,0,0,89000,168000,-79000,-79000
049478,祥碩永豐94購02  ,0,0,0,0,0,0,0,0,0,-79000,0,0,0,149000,228000,-79000,-79000
049607,台積電兆豐94購04,0,0,0,0,0,0,0,0,0,-79000,0,0,0,72000,151000,-79000,-79000
05078P,義隆永豐95售01  ,0,0,0,0,0,0,0,0,0,-79000,0,0,0,50000,129000,-79000,-79000
048179,臻鼎富邦97購01  ,0,0,0,0,0,0,0,0,0,-79000,0,0,0,50000,129000,-79000,-79000
05133P,臺股指日盛95售01,0,0,0,0,0,0,0,0,0,-79000,0,0,0,1000,80000,-79000,-79000
052298,易華電國票96購01,0,0,0,0,0,0,0,0,0,-79000,0,0,0,0,79000,-79000,-79000
052936,華通兆豐98購01  ,0,0,0,0,0,0,0,0,0,-79000,0,0,0,1000,80000,-79000,-79000
06209P,旺宏統一97售07  ,0,0,0,0,0,0,0,0,0,-79000,0,0,0,0,79000,-79000,-79000
05867P,友達兆豐97售02  ,0,0,0,0,0,0,0,0,0,-79000,0,0,0,21000,100000,-79000,-79000
4961,天鈺            ,63000,138000,-75000,0,0,0,0,0,0,-4000,0,1000,-1000,0,3000,-3000,-79000
055050,敬鵬永豐97購01  ,0,0,0,0,0,0,0,0,0,-80000,0,0,0,0,80000,-80000,-80000
054083,智伸科元富96購01,0,0,0,0,0,0,0,0,0,-80000,0,0,0,0,80000,-80000,-80000
05404P,台積電群益95售06,0,0,0,0,0,0,0,0,0,-80000,0,0,0,0,80000,-80000,-80000
054414,全新元大97購02  ,0,0,0,0,0,0,0,0,0,-80000,0,0,0,20000,100000,-80000,-80000
055408,力成國泰98購01  ,0,0,0,0,0,0,0,0,0,-80000,0,0,0,20000,100000,-80000,-80000
056296,旺宏元大97購07  ,0,0,0,0,0,0,0,0,0,-80000,0,0,0,353000,433000,-80000,-80000
047322,日月光元大93購04,0,0,0,0,0,0,0,0,0,-80000,0,0,0,2000,82000,-80000,-80000
046560,南亞科凱基92購04,0,0,0,0,0,0,0,0,0,-80000,0,0,0,0,80000,-80000,-80000
046787,和鑫永豐93購01  ,0,0,0,0,0,0,0,0,0,-80000,0,0,0,0,80000,-80000,-80000
04688P,大立光凱基94售09,0,0,0,0,0,0,0,0,0,-80000,0,0,0,0,80000,-80000,-80000
04045P,鴻海元大93售19  ,0,0,0,0,0,0,0,0,0,-80000,0,0,0,0,80000,-80000,-80000
04136P,智邦元大93售09  ,0,0,0,0,0,0,0,0,0,-80000,0,0,0,0,80000,-80000,-80000
047457,旺宏群益95購01  ,0,0,0,0,0,0,0,0,0,-80000,0,0,0,124000,204000,-80000,-80000
048402,聯茂兆豐95購01  ,0,0,0,0,0,0,0,0,0,-80000,0,0,0,0,80000,-80000,-80000
04991P,台表科元大94售05,0,0,0,0,0,0,0,0,0,-80000,0,0,0,0,80000,-80000,-80000
053901,T50反1凱基99購03,0,0,0,0,0,0,0,0,0,-80000,0,0,0,73000,153000,-80000,-80000
052277,台達電凱基97購01,0,0,0,0,0,0,0,0,0,-80000,0,0,0,30000,110000,-80000,-80000
052539,華邦電統一95購01,0,0,0,0,0,0,0,0,0,-80000,0,0,0,39000,119000,-80000,-80000
052417,聯發科兆豐9B購01,0,0,0,0,0,0,0,0,0,-80000,0,0,0,0,80000,-80000,-80000
051846,S&P反1中信96購02,0,0,0,0,0,0,0,0,0,-80000,0,0,0,126000,206000,-80000,-80000
3047,訊舟            ,35000,114000,-79000,0,0,0,0,0,0,-1000,0,1000,-1000,0,0,0,-80000
05851P,力山群益97售01  ,0,0,0,0,0,0,0,0,0,-80000,0,0,0,10000,90000,-80000,-80000
056605,台積電富邦9B購02,0,0,0,0,0,0,0,0,0,-80000,0,0,0,0,80000,-80000,-80000
06230P,亞德客永豐97售03,0,0,0,0,0,0,0,0,0,-80000,0,0,0,0,80000,-80000,-80000
03830P,緯創中信95售01  ,0,0,0,0,0,0,0,0,0,-81000,0,0,0,0,81000,-81000,-81000
050455,貿聯元大94購02  ,0,0,0,0,0,0,0,0,0,-81000,0,0,0,80000,161000,-81000,-81000
048384,遠東新國票94購01,0,0,0,0,0,0,0,0,0,-81000,0,0,0,5000,86000,-81000,-81000
050579,聯發科國票95購04,0,0,0,0,0,0,0,0,0,-81000,0,0,0,0,81000,-81000,-81000
049294,南亞科群益94購01,0,0,0,0,0,0,0,0,0,-81000,0,0,0,30000,111000,-81000,-81000
052695,台表科中信98購01,0,0,0,0,0,0,0,0,0,-81000,0,0,0,21000,102000,-81000,-81000
053690,南亞科元大96購02,0,0,0,0,0,0,0,0,0,-81000,0,0,0,9000,90000,-81000,-81000
056115,奇力新群益97購06,0,0,0,0,0,0,0,0,0,-82000,0,0,0,55000,137000,-82000,-82000
055409,元黃金富邦01購01,0,0,0,0,0,0,0,0,0,-82000,0,0,0,3000,85000,-82000,-82000
054367,鴻海中信98購03  ,20000,0,20000,0,0,0,0,0,0,-102000,0,0,0,0,102000,-102000,-82000
054560,全新群益98購03  ,0,0,0,0,0,0,0,0,0,-82000,0,0,0,1000,83000,-82000,-82000
045955,宏碁凱基93購01  ,0,0,0,0,0,0,0,0,0,-82000,0,0,0,2000,84000,-82000,-82000
04395P,台積電群益94售06,0,0,0,0,0,0,0,0,0,-82000,0,0,0,0,82000,-82000,-82000
04957P,上証2X凱基96售02,0,0,0,0,0,0,0,0,0,-82000,0,0,0,30000,112000,-82000,-82000
052422,聯電國票96購03  ,0,0,0,0,0,0,0,0,0,-82000,0,0,0,48000,130000,-82000,-82000
052289,為升元富95購02  ,0,0,0,0,0,0,0,0,0,-82000,0,0,0,218000,300000,-82000,-82000
06111P,上銀兆豐98售01  ,0,0,0,0,0,0,0,0,0,-82000,0,0,0,1000,83000,-82000,-82000
1902,台紙            ,33000,114000,-81000,0,0,0,0,0,0,-1000,0,1000,-1000,0,0,0,-82000
4552,力達-KY         ,12000,93000,-81000,0,0,0,0,0,0,-1000,0,1000,-1000,0,0,0,-82000
6668,中揚光          ,113000,177000,-64000,0,0,0,0,0,0,-18000,0,18000,-18000,2000,2000,0,-82000
055471,聯發科凱基97購04,0,0,0,0,0,0,0,0,0,-83000,0,0,0,17000,100000,-83000,-83000
048528,華泰國票94購01  ,0,0,0,0,0,0,0,0,0,-83000,0,0,0,0,83000,-83000,-83000
052393,康友群益95購05  ,0,0,0,0,0,0,0,0,0,-83000,0,0,0,42000,125000,-83000,-83000
051759,全新元大95購04  ,0,0,0,0,0,0,0,0,0,-83000,0,0,0,0,83000,-83000,-83000
051488,健策凱基96購04  ,0,0,0,0,0,0,0,0,0,-83000,0,0,0,59000,142000,-83000,-83000
051573,鴻海元大95購15  ,0,15000,-15000,0,0,0,0,0,0,-68000,0,0,0,15000,83000,-68000,-83000
053581,台積電元大96購14,0,0,0,0,0,0,0,0,0,-83000,0,0,0,267000,350000,-83000,-83000
06001P,樺漢台新96售01  ,0,0,0,0,0,0,0,0,0,-83000,0,0,0,0,83000,-83000,-83000
05674P,瑞昱群益96售02  ,0,0,0,0,0,0,0,0,0,-83000,0,0,0,0,83000,-83000,-83000
05574P,英業達元富96售01,0,0,0,0,0,0,0,0,0,-84000,0,0,0,0,84000,-84000,-84000
055732,全新元富9A購01  ,0,0,0,0,0,0,0,0,0,-84000,0,0,0,0,84000,-84000,-84000
056197,友訊永豐97購01  ,0,0,0,0,0,0,0,0,0,-84000,0,0,0,1000,85000,-84000,-84000
054445,技嘉兆豐96購01  ,0,0,0,0,0,0,0,0,0,-84000,0,0,0,43000,127000,-84000,-84000
044863,矽創兆豐93購01  ,0,0,0,0,0,0,0,0,0,-84000,0,0,0,10000,94000,-84000,-84000
045908,矽創中信92購01  ,0,0,0,0,0,0,0,0,0,-84000,0,0,0,10000,94000,-84000,-84000
05849P,臺股指元大96售25,0,0,0,0,0,0,0,0,0,-84000,0,0,0,10000,94000,-84000,-84000
05837P,臺股指富邦96售04,0,0,0,0,0,0,0,0,0,-84000,0,0,0,12000,96000,-84000,-84000
06073P,健策永豐97售01  ,0,0,0,0,0,0,0,0,0,-84000,0,0,0,18000,102000,-84000,-84000
2388,威盛            ,37000,120000,-83000,0,0,0,0,0,0,-1000,0,1000,-1000,0,0,0,-84000
046225,南亞科元大92購05,0,0,0,0,0,0,0,0,0,-85000,0,0,0,0,85000,-85000,-85000
047109,華邦電元大94購01,0,0,0,0,0,0,0,0,0,-85000,0,0,0,52000,137000,-85000,-85000
05118P,超眾元大96售04  ,0,0,0,0,0,0,0,0,0,-85000,0,0,0,0,85000,-85000,-85000
051109,美律統一95購02  ,0,0,0,0,0,0,0,0,0,-85000,0,0,0,157000,242000,-85000,-85000
053572,彩晶統一96購01  ,0,0,0,0,0,0,0,0,0,-85000,0,0,0,520000,605000,-85000,-85000
052721,友達統一96購01  ,0,0,0,0,0,0,0,0,0,-85000,0,0,0,0,85000,-85000,-85000
052297,旭富國票96購01  ,0,0,0,0,0,0,0,0,0,-85000,0,0,0,1000,86000,-85000,-85000
06137P,玉晶光永豐97售04,0,0,0,0,0,0,0,0,0,-85000,0,0,0,15000,100000,-85000,-85000
05905P,晶技統一97售01  ,0,0,0,0,0,0,0,0,0,-85000,0,0,0,0,85000,-85000,-85000
05742P,可成元大96售04  ,0,0,0,0,0,0,0,0,0,-85000,0,0,0,151000,236000,-85000,-85000
05766P,A50正2凱基99售01,0,0,0,0,0,0,0,0,0,-85000,0,0,0,43000,128000,-85000,-85000
054413,台光電元大96購03,0,0,0,0,0,0,0,0,0,-86000,0,0,0,30000,116000,-86000,-86000
056187,京鼎統一97購01  ,0,0,0,0,0,0,0,0,0,-86000,0,0,0,0,86000,-86000,-86000
055983,全新元富9A購02  ,0,0,0,0,0,0,0,0,0,-86000,0,0,0,0,86000,-86000,-86000
00728,第一金工業30    ,0,0,0,0,0,0,0,0,0,-86000,0,0,0,414000,500000,-86000,-86000
044511,全新凱基92購01  ,0,0,0,0,0,0,0,0,0,-86000,0,0,0,0,86000,-86000,-86000
048143,聯發科統一94購03,0,0,0,0,0,0,0,0,0,-86000,0,0,0,133000,219000,-86000,-86000
049872,聯發科台新94購03,0,0,0,0,0,0,0,0,0,-86000,0,0,0,10000,96000,-86000,-86000
050708,臺股指凱基96購06,0,0,0,0,0,0,0,0,0,-86000,0,0,0,75000,161000,-86000,-86000
050752,美律統一94購05  ,0,0,0,0,0,0,0,0,0,-86000,0,0,0,40000,126000,-86000,-86000
053248,智伸科國票97購01,0,0,0,0,0,0,0,0,0,-86000,0,0,0,1000,87000,-86000,-86000
053369,T50反1元大96購06,0,0,0,0,0,0,0,0,0,-86000,0,0,0,0,86000,-86000,-86000
05749P,臺股指群益99售03,0,0,0,0,0,0,0,0,0,-86000,0,0,0,0,86000,-86000,-86000
056580,泰鼎元大9A購01  ,0,0,0,0,0,0,0,0,0,-86000,0,0,0,137000,223000,-86000,-86000
06323P,台郡統一97售01  ,0,0,0,0,0,0,0,0,0,-86000,0,0,0,0,86000,-86000,-86000
056469,國巨元大99購01  ,0,0,0,0,0,0,0,0,0,-87000,0,0,0,16000,103000,-87000,-87000
054272,華通中信98購01  ,0,0,0,0,0,0,0,0,0,-87000,0,0,0,23000,110000,-87000,-87000
055054,群光永豐97購01  ,0,0,0,0,0,0,0,0,0,-87000,0,0,0,0,87000,-87000,-87000
04317P,樺漢國票93售03  ,0,0,0,0,0,0,0,0,0,-87000,0,0,0,0,87000,-87000,-87000
045854,貿聯富邦93購01  ,0,0,0,0,0,0,0,0,0,-87000,0,0,0,0,87000,-87000,-87000
045752,全新國泰93購01  ,0,0,0,0,0,0,0,0,0,-87000,0,0,0,0,87000,-87000,-87000
050190,麗豐元大95購02  ,0,0,0,0,0,0,0,0,0,-87000,0,0,0,23000,110000,-87000,-87000
050174,技嘉元大94購01  ,0,0,0,0,0,0,0,0,0,-87000,0,0,0,60000,147000,-87000,-87000
051384,康友群益95購01  ,0,0,0,0,0,0,0,0,0,-87000,0,0,0,0,87000,-87000,-87000
051937,廣達群益95購01  ,0,0,0,0,0,0,0,0,0,-87000,0,0,0,22000,109000,-87000,-87000
05895P,奇力新群益96售03,0,0,0,0,0,0,0,0,0,-87000,0,0,0,31000,118000,-87000,-87000
054785,建準群益98購01  ,0,0,0,0,0,0,0,0,0,-88000,0,0,0,10000,98000,-88000,-88000
054036,T50反1元大96購08,0,0,0,0,0,0,0,0,0,-88000,0,0,0,911000,999000,-88000,-88000
050211,貿聯國票95購01  ,0,0,0,0,0,0,0,0,0,-88000,0,0,0,67000,155000,-88000,-88000
047479,美律凱基94購01  ,0,0,0,0,0,0,0,0,0,-88000,0,0,0,0,88000,-88000,-88000
049899,台積電元富94購05,0,0,0,0,0,0,0,0,0,-88000,0,0,0,313000,401000,-88000,-88000
048422,瑞昱元富96購02  ,0,0,0,0,0,0,0,0,0,-88000,0,0,0,112000,200000,-88000,-88000
051801,牧德永豐95購04  ,0,0,0,0,0,0,0,0,0,-88000,0,0,0,149000,237000,-88000,-88000
052829,上銀群益96購01  ,0,0,0,0,0,0,0,0,0,-88000,0,0,0,11000,99000,-88000,-88000
2511,太子            ,198000,282000,-84000,0,0,0,0,0,0,-4000,0,4000,-4000,0,0,0,-88000
5531,鄉林            ,26000,106000,-80000,0,0,0,0,0,0,-8000,0,8000,-8000,0,0,0,-88000
044759,新日興凱基93購01,0,0,0,0,0,0,0,0,0,-89000,0,0,0,24000,113000,-89000,-89000
03414B,臺股指凱基99熊01,0,0,0,0,0,0,0,0,0,-89000,0,0,0,82000,171000,-89000,-89000
03960P,新日興元富96售02,0,0,0,0,0,0,0,0,0,-89000,0,0,0,5000,94000,-89000,-89000
050415,力成永豐94購01  ,0,0,0,0,0,0,0,0,0,-89000,0,0,0,80000,169000,-89000,-89000
049148,全新元大95購01  ,0,0,0,0,0,0,0,0,0,-89000,0,0,0,0,89000,-89000,-89000
049091,訊連凱基94購01  ,0,0,0,0,0,0,0,0,0,-89000,0,0,0,0,89000,-89000,-89000
051465,鴻海富邦97購02  ,0,0,0,0,0,0,0,0,0,-89000,0,0,0,0,89000,-89000,-89000
6449,鈺邦            ,28000,116000,-88000,0,0,0,0,0,0,-1000,6000,7000,-1000,0,0,0,-89000
05412P,泰碩國票95售02  ,0,0,0,0,0,0,0,0,0,-90000,0,0,0,0,90000,-90000,-90000
05490P,鴻海元大95售23  ,0,0,0,0,0,0,0,0,0,-90000,0,0,0,121000,211000,-90000,-90000
05635P,健策台新96售02  ,0,0,0,0,0,0,0,0,0,-90000,0,0,0,18000,108000,-90000,-90000
056313,聯茂元大98購01  ,0,0,0,0,0,0,0,0,0,-90000,0,0,0,50000,140000,-90000,-90000
047341,貿聯第一93購01  ,0,0,0,0,0,0,0,0,0,-90000,0,0,0,60000,150000,-90000,-90000
046670,彩晶元大93購02  ,0,0,0,0,0,0,0,0,0,-90000,0,0,0,0,90000,-90000,-90000
04603P,訊芯凱基94售03  ,0,0,0,0,0,0,0,0,0,-90000,0,0,0,500000,590000,-90000,-90000
03526P,欣興凱基02售13  ,0,0,0,0,0,0,0,0,0,-90000,0,0,0,0,90000,-90000,-90000
04427P,滬深2X元大97售02,0,0,0,0,0,0,0,0,0,-90000,0,0,0,539000,629000,-90000,-90000
050525,嘉晶元大95購02  ,0,0,0,0,0,0,0,0,0,-90000,0,0,0,10000,100000,-90000,-90000
04834P,鴻海元大94售17  ,0,0,0,0,0,0,0,0,0,-90000,0,0,0,110000,200000,-90000,-90000
049529,華新科中信95購01,0,0,0,0,0,0,0,0,0,-90000,0,0,0,309000,399000,-90000,-90000
04852P,臻鼎永豐94售02  ,0,0,0,0,0,0,0,0,0,-90000,0,0,0,0,90000,-90000,-90000
049832,麗豐凱基94購05  ,0,0,0,0,0,0,0,0,0,-90000,0,0,0,0,90000,-90000,-90000
048775,智伸科凱基94購01,0,0,0,0,0,0,0,0,0,-90000,0,0,0,0,90000,-90000,-90000
050983,新光金國泰97購01,0,0,0,0,0,0,0,0,0,-90000,0,0,0,213000,303000,-90000,-90000
051387,新光金麥證96購01,0,0,0,10000,100000,-90000,0,0,0,-90000,0,0,0,10000,100000,-90000,-90000
05199P,訊芯永豐95售02  ,0,0,0,0,0,0,0,0,0,-90000,0,0,0,500000,590000,-90000,-90000
052069,聯茂兆豐96購01  ,0,0,0,0,0,0,0,0,0,-90000,0,0,0,0,90000,-90000,-90000
053039,聯發科凱基96購11,0,0,0,0,0,0,0,0,0,-90000,0,0,0,30000,120000,-90000,-90000
053319,可成群益96購04  ,0,0,0,0,0,0,0,0,0,-90000,0,0,0,181000,271000,-90000,-90000
6672,騰輝電子-KY     ,33000,123000,-90000,0,0,0,0,0,0,0,0,0,0,0,0,0,-90000
5607,遠雄港          ,32000,122000,-90000,0,0,0,0,0,0,0,0,0,0,0,0,0,-90000
4763,材料-KY         ,23000,43000,-20000,0,0,0,0,0,0,-70000,2000,72000,-70000,0,0,0,-90000
2023,燁輝            ,68000,154000,-86000,0,0,0,0,0,0,-4000,0,4000,-4000,0,0,0,-90000
055221,矽創凱基97購02  ,0,0,0,0,0,0,0,0,0,-91000,0,0,0,99000,190000,-91000,-91000
044094,南亞科統一92購01,0,0,0,0,0,0,0,0,0,-91000,0,0,0,108000,199000,-91000,-91000
04737P,正崴永豐94售02  ,0,0,0,0,0,0,0,0,0,-91000,0,0,0,0,91000,-91000,-91000
03636C,元油2X元富04牛01,0,0,0,0,0,0,0,0,0,-91000,0,0,0,0,91000,-91000,-91000
048059,欣興國泰95購01  ,1000,0,1000,0,0,0,0,0,0,-92000,0,0,0,94000,186000,-92000,-91000
048616,智伸科凱基93購07,0,0,0,0,0,0,0,0,0,-91000,0,0,0,0,91000,-91000,-91000
053148,華邦電元大96購01,0,0,0,0,0,0,0,0,0,-91000,0,0,0,445000,536000,-91000,-91000
053780,南亞科元大96購03,0,0,0,0,0,0,0,0,0,-91000,0,0,0,5000,96000,-91000,-91000
055681,奇鋐凱基98購03  ,0,0,0,0,0,0,0,0,0,-92000,0,0,0,176000,268000,-92000,-92000
055605,緯穎元大97購02  ,0,0,0,0,0,0,0,0,0,-92000,0,0,0,202000,294000,-92000,-92000
04275P,南亞科凱基93售08,0,0,0,0,0,0,0,0,0,-92000,0,0,0,0,92000,-92000,-92000
047094,聯發科麥證93購02,0,0,0,68000,260000,-192000,0,0,0,-92000,0,0,0,168000,260000,-92000,-92000
05068P,鴻海統一95售06  ,0,0,0,0,0,0,0,0,0,-92000,0,0,0,175000,267000,-92000,-92000
052703,貿聯國票97購01  ,0,0,0,0,0,0,0,0,0,-92000,0,0,0,24000,116000,-92000,-92000
05201P,玉晶光國泰97售02,0,0,0,0,0,0,0,0,0,-92000,0,0,0,68000,160000,-92000,-92000
051848,元金2X中信98購02,0,0,0,0,0,0,0,0,0,-92000,0,0,0,0,92000,-92000,-92000
1589,永冠-KY         ,175000,268000,-93000,0,0,0,0,0,0,1000,10000,1000,9000,0,8000,-8000,-92000
047921,南亞科凱基93購05,0,0,0,0,0,0,0,0,0,-93000,0,0,0,0,93000,-93000,-93000
051089,旺宏元大96購04  ,0,0,0,0,0,0,0,0,0,-93000,0,0,0,219000,312000,-93000,-93000
04821P,臺股指永豐94售01,0,0,0,0,0,0,0,0,0,-93000,0,0,0,0,93000,-93000,-93000
049102,智伸科國泰96購01,0,0,0,0,0,0,0,0,0,-93000,0,0,0,5000,98000,-93000,-93000
052239,泰鼎國票97購01  ,0,0,0,0,0,0,0,0,0,-93000,0,0,0,0,93000,-93000,-93000
2426,鼎元            ,56000,138000,-82000,0,0,0,0,0,0,-11000,0,11000,-11000,0,0,0,-93000
055763,鎧勝群益97購01  ,0,0,0,0,0,0,0,0,0,-94000,0,0,0,3000,97000,-94000,-94000
054635,台達電中信98購01,0,0,0,0,0,0,0,0,0,-94000,0,0,0,25000,119000,-94000,-94000
047166,台達電康和93購01,0,0,0,0,0,0,0,0,0,-94000,0,0,0,0,94000,-94000,-94000
04612P,上銀群益94售01  ,0,0,0,0,0,0,0,0,0,-94000,0,0,0,71000,165000,-94000,-94000
050507,聯詠凱基94購06  ,0,0,0,0,0,0,0,0,0,-94000,0,0,0,0,94000,-94000,-94000
050040,鴻海中信94購04  ,0,0,0,0,0,0,0,0,0,-94000,0,0,0,0,94000,-94000,-94000
049885,緯穎永豐94購01  ,0,0,0,0,0,0,0,0,0,-94000,0,0,0,77000,171000,-94000,-94000
051351,台積電元大95購15,0,0,0,0,0,0,0,0,0,-94000,0,0,0,695000,789000,-94000,-94000
2615,萬海            ,264000,276000,-12000,0,0,0,2000,0,2000,-84000,0,84000,-84000,0,0,0,-94000
2836,高雄銀          ,64000,158000,-94000,0,0,0,0,0,0,0,0,0,0,0,0,0,-94000
05970P,超眾永豐96售03  ,0,0,0,0,0,0,0,0,0,-94000,0,0,0,6000,100000,-94000,-94000
06138P,台積電中信99售01,0,0,0,0,0,0,0,0,0,-94000,0,0,0,1000,95000,-94000,-94000
054069,亞光國泰98購01  ,0,0,0,0,0,0,0,0,0,-95000,0,0,0,131000,226000,-95000,-95000
05430P,台積電統一95售07,0,0,0,0,0,0,0,0,0,-95000,0,0,0,5000,100000,-95000,-95000
054889,京鼎統一99購01  ,0,0,0,0,0,0,0,0,0,-95000,0,0,0,48000,143000,-95000,-95000
055734,奇力新元富97購02,0,0,0,0,0,0,0,0,0,-95000,0,0,0,155000,250000,-95000,-95000
055955,微星元大97購01  ,0,0,0,0,0,0,0,0,0,-95000,0,0,0,269000,364000,-95000,-95000
046969,聯發科群益93購05,0,0,0,0,0,0,0,0,0,-95000,0,0,0,21000,116000,-95000,-95000
04198P,滬深2X群益95售04,0,0,0,0,0,0,0,0,0,-95000,0,0,0,0,95000,-95000,-95000
049877,南亞科永豐94購01,0,0,0,0,0,0,0,0,0,-95000,0,0,0,20000,115000,-95000,-95000
049775,旺宏統一95購02  ,0,0,0,0,0,0,0,0,0,-95000,0,0,0,0,95000,-95000,-95000
05121P,創意國泰96售01  ,0,0,0,0,0,0,0,0,0,-95000,0,0,0,29000,124000,-95000,-95000
049011,元油2X群益94購01,0,0,0,0,0,0,0,0,0,-95000,0,0,0,5000,100000,-95000,-95000
05276P,GIS永豐95售02   ,0,0,0,0,0,0,0,0,0,-95000,0,0,0,0,95000,-95000,-95000
2849,安泰銀          ,2000,59000,-57000,0,0,0,0,0,0,-38000,0,38000,-38000,0,0,0,-95000
2390,云辰            ,124000,215000,-91000,0,0,0,0,0,0,-4000,0,4000,-4000,0,0,0,-95000
9955,佳龍            ,10000,106000,-96000,0,0,0,0,0,0,1000,1000,0,1000,0,0,0,-95000
056269,新日興統一98購01,0,0,0,0,0,0,0,0,0,-96000,0,0,0,173000,269000,-96000,-96000
056570,旺宏元大98購07  ,0,0,0,0,0,0,0,0,0,-96000,0,0,0,40000,136000,-96000,-96000
055586,旺宏元大98購06  ,0,0,0,0,0,0,0,0,0,-96000,0,0,0,84000,180000,-96000,-96000
054853,TPK國票98購02   ,0,0,0,0,0,0,0,0,0,-96000,0,0,0,64000,160000,-96000,-96000
054189,貿聯永豐96購03  ,0,0,0,0,0,0,0,0,0,-96000,0,0,0,5000,101000,-96000,-96000
04137P,元油反國票97售01,0,0,0,0,0,0,0,0,0,-96000,0,0,0,0,96000,-96000,-96000
04116P,京元電元大94售02,0,0,0,0,0,0,0,0,0,-96000,0,0,0,14000,110000,-96000,-96000
04639P,臺股指群益94售14,0,0,0,0,0,0,0,0,0,-96000,0,0,0,48000,144000,-96000,-96000
050433,華新科凱基94購11,0,0,0,0,0,0,0,0,0,-96000,0,0,0,4000,100000,-96000,-96000
050402,緯穎中信96購01  ,0,0,0,0,0,0,0,0,0,-96000,0,0,0,30000,126000,-96000,-96000
048577,GIS國泰94購01   ,0,0,0,0,0,0,0,0,0,-96000,0,0,0,5000,101000,-96000,-96000
049357,微星富邦94購01  ,0,0,0,0,0,0,0,0,0,-96000,0,0,0,16000,112000,-96000,-96000
049146,南亞科元大94購02,0,0,0,0,0,0,0,0,0,-96000,0,0,0,95000,191000,-96000,-96000
053131,華通國票97購03  ,0,0,0,0,0,0,0,0,0,-96000,0,0,0,4000,100000,-96000,-96000
053108,南亞科兆豐96購01,0,0,0,0,0,0,0,0,0,-96000,0,0,0,10000,106000,-96000,-96000
053327,彩晶台新97購01  ,0,0,0,0,0,0,0,0,0,-96000,0,0,0,4000,100000,-96000,-96000
053501,明泰兆豐96購01  ,0,0,0,0,0,0,0,0,0,-96000,0,0,0,162000,258000,-96000,-96000
9914,美利達          ,235000,178000,57000,0,0,0,0,126000,-126000,-27000,4000,33000,-29000,2000,0,2000,-96000
4942,嘉彰            ,47000,143000,-96000,0,0,0,0,0,0,0,0,0,0,0,0,0,-96000
1321,大洋            ,4000,88000,-84000,0,0,0,0,0,0,-12000,0,12000,-12000,0,0,0,-96000
06157P,聯鈞統一97售02  ,0,0,0,0,0,0,0,0,0,-96000,0,0,0,11000,107000,-96000,-96000
05795P,華邦電群益96售05,0,0,0,0,0,0,0,0,0,-96000,0,0,0,0,96000,-96000,-96000
054301,楠梓電凱基98購01,0,0,0,0,0,0,0,0,0,-97000,0,0,0,15000,112000,-97000,-97000
05046P,台光電永豐95售02,0,0,0,0,0,0,0,0,0,-97000,0,0,0,0,97000,-97000,-97000
047491,旺宏統一94購03  ,0,0,0,0,0,0,0,0,0,-97000,0,0,0,46000,143000,-97000,-97000
043538,元石油國票97購01,0,0,0,0,0,0,0,0,0,-97000,0,0,0,0,97000,-97000,-97000
049134,為升元大95購01  ,0,0,0,0,0,0,0,0,0,-97000,0,0,0,0,97000,-97000,-97000
048446,南亞科凱基93購07,0,0,0,0,0,0,0,0,0,-97000,0,0,0,3000,100000,-97000,-97000
053863,聯發科元大96購18,0,0,0,0,0,0,0,0,0,-97000,0,0,0,195000,292000,-97000,-97000
05211P,國巨國票96售05  ,0,0,0,0,0,0,0,0,0,-97000,0,0,0,113000,210000,-97000,-97000
052684,旺宏元大98購01  ,0,0,0,0,0,0,0,0,0,-97000,0,0,0,422000,519000,-97000,-97000
05907P,聯發科元富96售05,0,0,0,0,0,0,0,0,0,-97000,0,0,0,0,97000,-97000,-97000
06028P,智邦台新97售01  ,0,0,0,0,0,0,0,0,0,-97000,0,0,0,44000,141000,-97000,-97000
4532,瑞智            ,20000,116000,-96000,0,0,0,0,0,0,-1000,0,1000,-1000,0,0,0,-97000
055107,旺宏凱基98購04  ,0,0,0,0,0,0,0,0,0,-98000,0,0,0,74000,172000,-98000,-98000
05556P,全新國票96售04  ,0,0,0,0,0,0,0,0,0,-98000,0,0,0,70000,168000,-98000,-98000
055453,華邦電元富97購01,0,0,0,0,0,0,0,0,0,-98000,0,0,0,43000,141000,-98000,-98000
046644,台達電國泰93購01,0,0,0,0,0,0,0,0,0,-98000,0,0,0,0,98000,-98000,-98000
049353,茂林永豐94購03  ,0,0,0,0,0,0,0,0,0,-98000,0,0,0,154000,252000,-98000,-98000
050735,亞光台新94購01  ,0,0,0,0,0,0,0,0,0,-98000,0,0,0,13000,111000,-98000,-98000
049023,玉晶光群益96購04,0,0,0,0,0,0,0,0,0,-98000,0,0,0,50000,148000,-98000,-98000
05249P,臻鼎國票95售01  ,0,0,0,0,0,0,0,0,0,-98000,0,0,0,0,98000,-98000,-98000
051952,聯發科元富95購03,0,0,0,0,0,0,0,0,0,-98000,0,0,0,0,98000,-98000,-98000
053063,力山群益98購01  ,0,0,0,0,0,0,0,0,0,-98000,0,0,0,0,98000,-98000,-98000
8131,福懋科          ,70000,162000,-92000,0,0,0,8000,0,8000,-14000,0,14000,-14000,0,0,0,-98000
05978P,麗豐永豐96售02  ,0,0,0,0,0,0,0,0,0,-98000,0,0,0,7000,105000,-98000,-98000
1723,中碳            ,32000,120000,-88000,0,0,0,0,0,0,-10000,0,10000,-10000,0,0,0,-98000
055177,宏達電統一99購01,0,0,0,0,0,0,0,0,0,-99000,0,0,0,0,99000,-99000,-99000
051213,華新科統一95購01,0,0,0,0,0,0,0,0,0,-99000,0,0,0,108000,207000,-99000,-99000
048781,臺股指凱基96購01,0,0,0,0,0,0,0,0,0,-99000,0,0,0,10000,109000,-99000,-99000
05301P,矽力元大95售02  ,0,0,0,0,0,0,0,0,0,-99000,0,0,0,241000,340000,-99000,-99000
05297P,臻鼎凱基95售04  ,0,0,0,0,0,0,0,0,0,-99000,0,0,0,0,99000,-99000,-99000
052836,旺宏國泰98購01  ,0,0,0,0,0,0,0,0,0,-99000,0,0,0,559000,658000,-99000,-99000
051343,鴻海元大95購07  ,0,0,0,0,0,0,0,0,0,-99000,0,0,0,1000,100000,-99000,-99000
051566,鴻海富邦95購05  ,0,0,0,0,0,0,0,0,0,-99000,0,0,0,0,99000,-99000,-99000
052605,聯發科元大96購06,0,0,0,0,0,0,0,0,0,-99000,0,0,0,0,99000,-99000,-99000
1730,花仙子          ,68000,167000,-99000,0,0,0,0,0,0,0,0,0,0,0,0,0,-99000
08638P,泰碩國票9C售01  ,0,0,0,0,0,0,0,0,0,-99000,0,0,0,1000,100000,-99000,-99000
05470P,康控元大95售05  ,0,0,0,0,0,0,0,0,0,-100000,0,0,0,0,100000,-100000,-100000
05432P,國巨元富95售07  ,0,0,0,0,0,0,0,0,0,-100000,0,0,0,0,100000,-100000,-100000
055350,聯發科凱基97購02,0,0,0,0,0,0,0,0,0,-100000,0,0,0,0,100000,-100000,-100000
055364,矽創凱基97購03  ,0,0,0,0,0,0,0,0,0,-100000,0,0,0,0,100000,-100000,-100000
055638,上銀元富97購01  ,0,0,0,0,0,0,0,0,0,-100000,0,0,0,118000,218000,-100000,-100000
055899,群創中信99購01  ,0,0,0,0,0,0,0,0,0,-100000,0,0,0,0,100000,-100000,-100000
056358,友訊元大99購01  ,0,0,0,0,0,0,0,0,0,-100000,0,0,0,0,100000,-100000,-100000
056392,玉晶光富邦9C購01,0,0,0,0,0,0,0,0,0,-100000,0,0,0,0,100000,-100000,-100000
04511P,臺股指元大94售06,0,0,0,0,0,0,0,0,0,-100000,0,0,0,0,100000,-100000,-100000
046466,台虹凱基92購01  ,0,0,0,0,0,0,0,0,0,-100000,0,0,0,33000,133000,-100000,-100000
04679P,臺股指統一94售04,0,0,0,0,0,0,0,0,0,-100000,0,0,0,0,100000,-100000,-100000
046233,臻鼎元大92購08  ,0,0,0,0,0,0,0,0,0,-100000,0,0,0,0,100000,-100000,-100000
05031P,台光電元富95售01,0,0,0,0,0,0,0,0,0,-100000,0,0,0,10000,110000,-100000,-100000
047213,新日興富邦97購01,0,0,0,0,0,0,0,0,0,-100000,0,0,0,53000,153000,-100000,-100000
047000,和大統一93購01  ,0,0,0,0,0,0,0,0,0,-100000,0,0,0,0,100000,-100000,-100000
045455,鴻海元大92購08  ,0,0,0,0,0,0,0,0,0,-100000,0,0,0,0,100000,-100000,-100000
045537,華新群益94購01  ,0,0,0,0,0,0,0,0,0,-100000,0,0,0,10000,110000,-100000,-100000
04559P,華通凱基94售03  ,0,0,0,0,0,0,0,0,0,-100000,0,0,0,0,100000,-100000,-100000
044637,滬深2X元富94購01,0,0,0,0,0,0,0,0,0,-100000,0,0,0,0,100000,-100000,-100000
03087P,聯發科元大01售24,0,0,0,0,0,0,0,0,0,-100000,0,0,0,0,100000,-100000,-100000
03940P,訊芯元大93售05  ,0,0,0,0,0,0,0,0,0,-100000,0,0,0,0,100000,-100000,-100000
03938P,聯鈞元大93售01  ,0,0,0,0,0,0,0,0,0,-100000,0,0,0,0,100000,-100000,-100000
04284P,瀚宇博永豐93售01,0,0,0,0,0,0,0,0,0,-100000,0,0,0,0,100000,-100000,-100000
04226P,宏達電元富93售01,0,0,0,0,0,0,0,0,0,-100000,0,0,0,50000,150000,-100000,-100000
047584,元金2X永豐95購01,0,0,0,0,0,0,0,0,0,-100000,0,0,0,0,100000,-100000,-100000
04186P,創意元富93售04  ,0,0,0,0,0,0,0,0,0,-100000,0,0,0,0,100000,-100000,-100000
042028,滬深反凱基93購01,0,0,0,0,0,0,0,0,0,-100000,0,0,0,0,100000,-100000,-100000
04428P,台光電元大94售02,0,0,0,0,0,0,0,0,0,-100000,0,0,0,0,100000,-100000,-100000
04416P,牧德元富94售06  ,0,0,0,0,0,0,0,0,0,-100000,0,0,0,0,100000,-100000,-100000
049739,大立光群益94購05,0,0,0,0,0,0,0,0,0,-100000,0,0,0,10000,110000,-100000,-100000
050686,欣興兆豐96購01  ,0,0,0,0,0,0,0,0,0,-100000,0,0,0,0,100000,-100000,-100000
049923,智原元大95購02  ,0,0,0,0,0,0,0,0,0,-100000,0,0,0,0,100000,-100000,-100000
049919,美食元大94購03  ,0,0,0,0,0,0,0,0,0,-100000,0,0,0,0,100000,-100000,-100000
050974,大成鋼統一95購01,0,0,0,0,0,0,0,0,0,-100000,0,0,0,5000,105000,-100000,-100000
050882,華泰國泰96購01  ,0,0,0,0,0,0,0,0,0,-100000,0,0,0,40000,140000,-100000,-100000
049323,百和凱基94購01  ,0,0,0,0,0,0,0,0,0,-100000,0,0,0,0,100000,-100000,-100000
048284,臺股指中信95購04,0,0,0,0,0,0,0,0,0,-100000,0,0,0,200000,300000,-100000,-100000
048189,臺指反元大96購06,0,0,0,0,0,0,0,0,0,-100000,0,0,0,0,100000,-100000,-100000
047643,新光金元大95購02,0,0,0,0,0,0,0,0,0,-100000,0,0,0,0,100000,-100000,-100000
048381,T50反1國票94購03,0,0,0,0,0,0,0,0,0,-100000,0,0,0,0,100000,-100000,-100000
049111,元油2X統一94購03,0,0,0,0,0,0,0,0,0,-100000,0,0,0,0,100000,-100000,-100000
049185,南電凱基94購03  ,0,0,0,0,0,0,0,0,0,-100000,0,0,0,0,100000,-100000,-100000
050511,元油2X元大94購11,0,0,0,0,0,0,0,0,0,-100000,0,0,0,0,100000,-100000,-100000
049301,致新群益95購01  ,0,0,0,0,0,0,0,0,0,-100000,0,0,0,0,100000,-100000,-100000
052582,喬山台新96購01  ,0,0,0,0,0,0,0,0,0,-100000,0,0,0,0,100000,-100000,-100000
05253P,智邦凱基95售08  ,0,0,0,0,0,0,0,0,0,-100000,0,0,0,0,100000,-100000,-100000
052549,喬山國票97購01  ,0,0,0,0,0,0,0,0,0,-100000,0,0,0,0,100000,-100000,-100000
052265,聯發科亞東95購01,0,0,0,0,0,0,0,0,0,-100000,0,0,0,0,100000,-100000,-100000
051615,華通凱基96購01  ,0,0,0,0,0,0,0,0,0,-100000,0,0,0,0,100000,-100000,-100000
051750,華通富邦96購01  ,0,0,0,0,0,0,0,0,0,-100000,0,0,0,0,100000,-100000,-100000
05303P,華通國泰97售01  ,0,0,0,0,0,0,0,0,0,-100000,0,0,0,0,100000,-100000,-100000
053079,世紀鋼永豐96購01,0,0,0,0,0,0,0,0,0,-100000,0,0,0,20000,120000,-100000,-100000
053859,台積電元大97購09,0,0,0,0,0,0,0,0,0,-100000,0,0,0,101000,201000,-100000,-100000
053965,聯電元大98購04  ,0,0,0,0,0,0,0,0,0,-100000,0,0,0,142000,242000,-100000,-100000
053711,鴻海凱基96購14  ,0,0,0,0,0,0,0,0,0,-100000,0,0,0,0,100000,-100000,-100000
053649,台積電凱基97購05,0,0,0,0,0,0,0,0,0,-100000,0,0,0,218000,318000,-100000,-100000
08602P,台灣50凱基96售04,0,0,0,0,0,0,0,0,0,-100000,0,0,0,0,100000,-100000,-100000
2436,偉詮電          ,15000,107000,-92000,0,0,0,0,0,0,-8000,0,8000,-8000,0,0,0,-100000
05903P,聯發科統一96售09,0,0,0,0,0,0,0,0,0,-100000,0,0,0,10000,110000,-100000,-100000
05715P,創意元富96售05  ,0,0,0,0,0,0,0,0,0,-100000,0,0,0,0,100000,-100000,-100000
06136P,華新科國泰99售02,0,0,0,0,0,0,0,0,0,-100000,0,0,0,126000,226000,-100000,-100000
054372,南亞科中信96購01,0,0,0,0,0,0,0,0,0,-101000,0,0,0,0,101000,-101000,-101000
054864,聯發科群益97購02,0,0,0,0,0,0,0,0,0,-101000,0,0,0,0,101000,-101000,-101000
049697,群創元大98購01  ,0,0,0,0,0,0,0,0,0,-101000,0,0,0,216000,317000,-101000,-101000
053034,上海銀兆豐96購01,0,0,0,0,0,0,0,0,0,-101000,0,0,0,111000,212000,-101000,-101000
053017,世紀鋼統一96購02,0,0,0,0,0,0,0,0,0,-101000,0,0,0,60000,161000,-101000,-101000
052698,深中小國票99購01,0,0,0,0,0,0,0,0,0,-101000,0,0,0,324000,425000,-101000,-101000
06185P,台表科元大97售05,0,0,0,0,0,0,0,0,0,-101000,0,0,0,0,101000,-101000,-101000
1339,昭輝            ,67000,166000,-99000,0,0,0,0,0,0,-2000,0,2000,-2000,0,0,0,-101000
054786,全新群益99購02  ,0,0,0,0,0,0,0,0,0,-102000,0,0,0,20000,122000,-102000,-102000
055026,健和興國泰98購01,0,0,0,0,0,0,0,0,0,-102000,0,0,0,48000,150000,-102000,-102000
054353,世紀鋼國泰98購01,0,0,0,0,0,0,0,0,0,-102000,0,0,0,7000,109000,-102000,-102000
054289,聯發科元大97購11,0,0,0,0,0,0,0,0,0,-102000,0,0,0,40000,142000,-102000,-102000
056400,道瓊反群益9C購01,0,0,0,0,0,0,0,0,0,-102000,0,0,0,0,102000,-102000,-102000
055996,矽力國泰99購01  ,0,0,0,0,0,0,0,0,0,-102000,0,0,0,276000,378000,-102000,-102000
046290,儒鴻統一93購01  ,0,0,0,0,0,0,0,0,0,-102000,0,0,0,58000,160000,-102000,-102000
047389,義隆元大94購01  ,0,0,0,0,0,0,0,0,0,-102000,0,0,0,0,102000,-102000,-102000
00713,元大台灣高息低波,0,18000,-18000,0,0,0,0,0,0,-84000,0,0,0,2000,86000,-84000,-102000
05090P,國巨元大95售05  ,0,0,0,0,0,0,0,0,0,-102000,0,0,0,128000,230000,-102000,-102000
049370,可成元大94購03  ,0,0,0,0,0,0,0,0,0,-102000,0,0,0,0,102000,-102000,-102000
051358,台新金元大95購01,0,0,0,0,0,0,0,0,0,-102000,0,0,0,0,102000,-102000,-102000
06089P,矽創永豐97售01  ,0,0,0,0,0,0,0,0,0,-102000,0,0,0,0,102000,-102000,-102000
2913,農林            ,65000,146000,-81000,0,0,0,0,0,0,-21000,0,6000,-6000,0,15000,-15000,-102000
055975,鴻海統一98購05  ,0,0,0,0,0,0,0,0,0,-103000,0,0,0,45000,148000,-103000,-103000
04750P,臺股指元大94售26,0,0,0,0,0,0,0,0,0,-103000,0,0,0,0,103000,-103000,-103000
048068,南亞科元富95購01,0,0,0,0,0,0,0,0,0,-103000,0,0,0,5000,108000,-103000,-103000
052533,聯發科國泰96購03,0,0,0,0,0,0,0,0,0,-103000,0,0,0,100000,203000,-103000,-103000
052445,南亞科元大95購05,0,0,0,0,0,0,0,0,0,-103000,0,0,0,87000,190000,-103000,-103000
06272P,台郡凱基97售04  ,0,0,0,0,0,0,0,0,0,-103000,0,0,0,37000,140000,-103000,-103000
056593,台積電元富98購02,0,0,0,0,0,0,0,0,0,-103000,0,0,0,0,103000,-103000,-103000
05915P,聯發科元大96售19,0,0,0,0,0,0,0,0,0,-103000,0,0,0,15000,118000,-103000,-103000
06479P,聯發科中信99售02,0,0,0,0,0,0,0,0,0,-103000,0,0,0,0,103000,-103000,-103000
2633,台灣高鐵        ,1153000,1084500,68500,0,0,0,4000,0,4000,-176000,7000,79000,-72000,13000,117000,-104000,-103500
056037,美律凱基98購03  ,0,0,0,0,0,0,0,0,0,-104000,0,0,0,0,104000,-104000,-104000
056359,旺宏元大9A購01  ,0,0,0,0,0,0,0,0,0,-104000,0,0,0,50000,154000,-104000,-104000
054654,全新麥證99購01  ,0,0,0,44000,148000,-104000,0,0,0,-104000,0,0,0,44000,148000,-104000,-104000
051087,國巨元大97購01  ,0,0,0,0,0,0,0,0,0,-104000,0,0,0,16000,120000,-104000,-104000
049997,聯發科永豐94購04,0,0,0,0,0,0,0,0,0,-104000,0,0,0,70000,174000,-104000,-104000
050033,日月光元大94購01,0,0,0,0,0,0,0,0,0,-104000,0,0,0,35000,139000,-104000,-104000
051654,致新永豐95購01  ,0,0,0,0,0,0,0,0,0,-104000,0,0,0,0,104000,-104000,-104000
056303,亞光元大97購04  ,0,0,0,0,0,0,0,0,0,-105000,0,0,0,37000,142000,-105000,-105000
055739,健鼎元富97購01  ,0,0,0,0,0,0,0,0,0,-105000,0,0,0,26000,131000,-105000,-105000
055685,日月光凱基97購02,0,0,0,0,0,0,0,0,0,-105000,0,0,0,0,105000,-105000,-105000
055706,大立光永豐97購03,0,0,0,0,0,0,0,0,0,-105000,0,0,0,0,105000,-105000,-105000
050279,彩晶第一94購01  ,0,0,0,0,0,0,0,0,0,-105000,0,0,0,0,105000,-105000,-105000
04993P,上銀兆豐96售01  ,0,0,0,0,0,0,0,0,0,-105000,0,0,0,10000,115000,-105000,-105000
05155P,聯發科兆豐95售03,0,0,0,0,0,0,0,0,0,-105000,0,0,0,0,105000,-105000,-105000
051427,聯發科統一95購04,0,0,0,0,0,0,0,0,0,-105000,0,0,0,0,105000,-105000,-105000
051731,聯電國票96購02  ,0,0,0,0,0,0,0,0,0,-105000,0,0,0,3000,108000,-105000,-105000
052437,聯發科富邦99購02,0,0,0,0,0,0,0,0,0,-105000,0,0,0,10000,115000,-105000,-105000
053921,嘉晶國票97購03  ,0,0,0,0,0,0,0,0,0,-105000,0,0,0,0,105000,-105000,-105000
05835P,臺股指元富96售07,0,0,0,0,0,0,0,0,0,-105000,0,0,0,30000,135000,-105000,-105000
05724P,致茂永豐96售01  ,0,0,0,0,0,0,0,0,0,-105000,0,0,0,128000,233000,-105000,-105000
06254P,臺股指群益97售07,0,0,0,0,0,0,0,0,0,-105000,0,0,0,0,105000,-105000,-105000
06169P,華新科元富97售02,0,0,0,0,0,0,0,0,0,-105000,0,0,0,19000,124000,-105000,-105000
3017,奇鋐            ,2410000,2385000,25000,0,0,0,0,0,0,-130000,0,7000,-7000,0,123000,-123000,-105000
056299,友達元大9B購04  ,0,0,0,0,0,0,0,0,0,-106000,0,0,0,39000,145000,-106000,-106000
05616P,台光電永豐96售01,0,0,0,0,0,0,0,0,0,-106000,0,0,0,0,106000,-106000,-106000
043170,喬山國泰93購01  ,0,0,0,0,0,0,0,0,0,-106000,0,0,0,119000,225000,-106000,-106000
04792P,智邦元大94售06  ,0,0,0,0,0,0,0,0,0,-106000,0,0,0,4000,110000,-106000,-106000
048040,百和凱基93購07  ,0,0,0,0,0,0,0,0,0,-106000,0,0,0,0,106000,-106000,-106000
047741,鴻海統一93購06  ,0,0,0,0,0,0,0,0,0,-106000,0,0,0,10000,116000,-106000,-106000
052969,建準群益97購01  ,0,0,0,0,0,0,0,0,0,-106000,0,0,0,0,106000,-106000,-106000
2929,淘帝-KY         ,254000,360699,-106699,0,0,0,0,0,0,0,2000,1000,1000,0,1000,-1000,-106699
055977,南亞科統一97購01,0,0,0,0,0,0,0,0,0,-107000,0,0,0,0,107000,-107000,-107000
05596P,可成統一96售01  ,0,0,0,0,0,0,0,0,0,-107000,0,0,0,18000,125000,-107000,-107000
054456,華泰群益99購01  ,0,0,0,0,0,0,0,0,0,-107000,0,0,0,231000,338000,-107000,-107000
050470,智邦台新94購01  ,0,0,0,0,0,0,0,0,0,-107000,0,0,0,0,107000,-107000,-107000
053584,友達元大9B購02  ,0,0,0,0,0,0,0,0,0,-107000,0,0,0,39000,146000,-107000,-107000
054575,聯鈞元大97購01  ,0,0,0,0,0,0,0,0,0,-108000,0,0,0,33000,141000,-108000,-108000
054241,深中小元大98購01,0,0,0,0,0,0,0,0,0,-108000,0,0,0,392000,500000,-108000,-108000
054079,鴻海中信98購02  ,0,0,0,0,0,0,0,0,0,-108000,0,0,0,0,108000,-108000,-108000
045054,聯發科元富98購02,0,0,0,0,0,0,0,0,0,-108000,0,0,0,140000,248000,-108000,-108000
047420,全新富邦97購01  ,0,0,0,0,0,0,0,0,0,-108000,0,0,0,0,108000,-108000,-108000
044960,京元電兆豐93購01,0,0,0,0,0,0,0,0,0,-108000,0,0,0,3000,111000,-108000,-108000
044961,聯電中信94購01  ,0,0,0,0,0,0,0,0,0,-108000,0,0,0,30000,138000,-108000,-108000
045001,旺宏富邦94購01  ,0,0,0,0,0,0,0,0,0,-108000,0,0,0,96000,204000,-108000,-108000
048946,崇越永豐94購01  ,0,0,0,0,0,0,0,0,0,-108000,0,0,0,14000,122000,-108000,-108000
050202,建準群益95購01  ,0,0,0,0,0,0,0,0,0,-108000,0,0,0,0,108000,-108000,-108000
053074,嘉晶永豐96購02  ,0,0,0,0,0,0,0,0,0,-108000,0,0,0,0,108000,-108000,-108000
052497,楠梓電永豐96購01,0,0,0,0,0,0,0,0,0,-108000,0,0,0,10000,118000,-108000,-108000
1217,愛之味          ,18000,124000,-106000,0,0,0,0,0,0,-2000,0,2000,-2000,0,0,0,-108000
054122,康友永豐96購01  ,0,0,0,0,0,0,0,0,0,-109000,0,0,0,61000,170000,-109000,-109000
056025,嘉晶群益97購01  ,0,0,0,0,0,0,0,0,0,-109000,0,0,0,6000,115000,-109000,-109000
055400,緯穎統一97購01  ,0,0,0,0,0,0,0,0,0,-109000,0,0,0,361000,470000,-109000,-109000
044846,旺宏統一93購01  ,0,0,0,0,0,0,0,0,0,-109000,0,0,0,42000,151000,-109000,-109000
03639C,元油2X元大9B牛01,0,0,0,0,0,0,0,0,0,-109000,0,0,0,0,109000,-109000,-109000
03882P,鴻海元大93售10  ,0,0,0,0,0,0,0,0,0,-109000,0,0,0,456000,565000,-109000,-109000
048003,旭富元大93購01  ,0,0,0,0,0,0,0,0,0,-109000,0,0,0,0,109000,-109000,-109000
051130,百和群益96購01  ,0,0,0,0,0,0,0,0,0,-109000,0,0,0,0,109000,-109000,-109000
051969,世紀鋼永豐95購01,0,0,0,0,0,0,0,0,0,-109000,0,0,0,34000,143000,-109000,-109000
05356P,臺股指元富95售10,0,0,0,0,0,0,0,0,0,-109000,0,0,0,127000,236000,-109000,-109000
055387,世紀鋼元大97購01,0,0,0,0,0,0,0,0,0,-110000,0,0,0,0,110000,-110000,-110000
055441,緯穎國票98購01  ,0,0,0,0,0,0,0,0,0,-110000,0,0,0,10000,120000,-110000,-110000
055794,聯發科國泰99購01,0,0,0,0,0,0,0,0,0,-110000,0,0,0,0,110000,-110000,-110000
054100,致伸國票97購03  ,0,0,0,0,0,0,0,0,0,-110000,0,0,0,0,110000,-110000,-110000
054531,聯發科國泰97購02,0,0,0,0,0,0,0,0,0,-110000,0,0,0,10000,120000,-110000,-110000
054441,力成台新96購01  ,0,0,0,0,0,0,0,0,0,-110000,0,0,0,0,110000,-110000,-110000
03808P,旺宏國泰94售02  ,0,0,0,0,0,0,0,0,0,-110000,0,0,0,0,110000,-110000,-110000
04337P,台積電元大93售25,0,0,0,0,0,0,0,0,0,-110000,0,0,0,30000,140000,-110000,-110000
04085P,欣興元富93售01  ,0,0,0,0,0,0,0,0,0,-110000,0,0,0,0,110000,-110000,-110000
042953,鴻海台新01購01  ,0,0,0,0,0,0,0,0,0,-110000,0,0,0,0,110000,-110000,-110000
045288,元油2X元大95購02,0,0,0,0,0,0,0,0,0,-110000,0,0,0,0,110000,-110000,-110000
049286,美律兆豐94購01  ,0,0,0,0,0,0,0,0,0,-110000,0,0,0,99000,209000,-110000,-110000
053971,聯發科元大97購09,0,0,0,0,0,0,0,0,0,-110000,0,0,0,0,110000,-110000,-110000
053768,S&P反1元大99購01,0,0,0,0,0,0,0,0,0,-110000,0,0,0,0,110000,-110000,-110000
051568,智邦富邦95購01  ,0,0,0,0,0,0,0,0,0,-110000,0,0,0,1000,111000,-110000,-110000
052637,欣興凱基97購01  ,0,0,0,0,0,0,0,0,0,-110000,0,0,0,0,110000,-110000,-110000
056592,台積電元富98購01,0,0,0,0,0,0,0,0,0,-110000,0,0,0,50000,160000,-110000,-110000
05666P,聯發科凱基96售14,0,0,0,0,0,0,0,0,0,-110000,0,0,0,20000,130000,-110000,-110000
4934,太極            ,64000,174944,-110944,0,0,0,0,0,0,0,0,0,0,0,0,0,-110944
054336,台積電統一96購11,0,0,0,0,0,0,0,0,0,-111000,0,0,0,30000,141000,-111000,-111000
05514P,康舒永豐96售01  ,0,0,0,0,0,0,0,0,0,-111000,0,0,0,0,111000,-111000,-111000
056184,南亞科統一97購03,0,0,0,0,0,0,0,0,0,-111000,0,0,0,22000,133000,-111000,-111000
04680P,臺股指統一94售05,0,0,0,0,0,0,0,0,0,-111000,0,0,0,0,111000,-111000,-111000
048329,台積電永昌93購07,0,0,0,0,0,0,0,0,0,-111000,0,0,0,166000,277000,-111000,-111000
050698,明泰凱基96購01  ,0,0,0,0,0,0,0,0,0,-111000,0,0,0,157000,268000,-111000,-111000
05828P,台積電統一97售02,0,0,0,0,0,0,0,0,0,-111000,0,0,0,198000,309000,-111000,-111000
05886P,華通元富96售01  ,0,0,0,0,0,0,0,0,0,-111000,0,0,0,86000,197000,-111000,-111000
056010,力成中信97購01  ,0,0,0,0,0,0,0,0,0,-112000,0,0,0,147000,259000,-112000,-112000
043231,鴻海中信95購01  ,0,0,0,0,0,0,0,0,0,-112000,0,0,0,69000,181000,-112000,-112000
047967,南亞科國泰95購01,0,0,0,0,0,0,0,0,0,-112000,0,0,0,670000,782000,-112000,-112000
049306,元油2X凱基96購01,0,0,0,0,0,0,0,0,0,-112000,0,0,0,317000,429000,-112000,-112000
053628,微星兆豐96購01  ,0,0,0,0,0,0,0,0,0,-112000,0,0,0,25000,137000,-112000,-112000
05775P,台積電國泰98售02,0,0,0,0,0,0,0,0,0,-112000,0,0,0,60000,172000,-112000,-112000
3443,創意            ,117000,197000,-80000,0,0,0,0,0,0,-32000,0,11000,-11000,2000,23000,-21000,-112000
055759,技嘉群益98購02  ,0,0,0,0,0,0,0,0,0,-113000,0,0,0,13000,126000,-113000,-113000
05570P,聯發科統一96售04,0,0,0,0,0,0,0,0,0,-113000,0,0,0,7000,120000,-113000,-113000
051923,聯發科日盛95購02,0,0,0,0,0,0,0,0,0,-113000,0,0,0,7000,120000,-113000,-113000
08625P,台灣50凱基96售05,0,0,0,0,0,0,0,0,0,-113000,0,0,0,0,113000,-113000,-113000
055832,台達電元大97購02,0,0,0,0,0,0,0,0,0,-114000,0,0,0,44000,158000,-114000,-114000
055871,群創台新97購02  ,0,0,0,0,0,0,0,0,0,-114000,0,0,0,0,114000,-114000,-114000
04297P,微星元大93售03  ,0,0,0,0,0,0,0,0,0,-114000,0,0,0,0,114000,-114000,-114000
050149,東元群益94購01  ,0,0,0,0,0,0,0,0,0,-114000,0,0,0,11000,125000,-114000,-114000
052683,鴻海元大97購03  ,0,0,0,0,0,0,0,0,0,-114000,0,0,0,0,114000,-114000,-114000
053636,全新永豐96購02  ,0,0,0,0,0,0,0,0,0,-114000,0,0,0,0,114000,-114000,-114000
053291,旺宏中信9A購01  ,0,0,0,0,0,0,0,0,0,-114000,0,0,0,90000,204000,-114000,-114000
1905,華紙            ,30000,141000,-111000,0,0,0,0,0,0,-3000,0,3000,-3000,0,0,0,-114000
055568,緯穎凱基97購02  ,0,0,0,0,0,0,0,0,0,-115000,0,0,0,3000,118000,-115000,-115000
055293,晶相光元大97購01,0,0,0,0,0,0,0,0,0,-115000,0,0,0,102000,217000,-115000,-115000
046788,貿聯永豐93購01  ,0,0,0,0,0,0,0,0,0,-115000,0,0,0,0,115000,-115000,-115000
046660,宏達電元大93購07,0,0,0,0,0,0,0,0,0,-115000,0,0,0,30000,145000,-115000,-115000
051230,聯詠群益95購01  ,0,0,0,0,0,0,0,0,0,-115000,0,0,0,15000,130000,-115000,-115000
052006,康友富邦98購01  ,0,0,0,0,0,0,0,0,0,-115000,0,0,0,130000,245000,-115000,-115000
1215,卜蜂            ,21000,136000,-115000,0,0,0,0,0,0,0,0,0,0,0,0,0,-115000
056082,旺宏統一99購02  ,0,0,0,0,0,0,0,0,0,-116000,0,0,0,4000,120000,-116000,-116000
052224,楠梓電凱基97購01,0,0,0,0,0,0,0,0,0,-116000,0,0,0,0,116000,-116000,-116000
053076,貿聯永豐96購01  ,0,0,0,0,0,0,0,0,0,-116000,0,0,0,68000,184000,-116000,-116000
06405P,億光元富97售02  ,0,0,0,0,0,0,0,0,0,-116000,0,0,0,201000,317000,-116000,-116000
05545P,台表科國泰98售01,0,0,0,0,0,0,0,0,0,-117000,0,0,0,0,117000,-117000,-117000
045798,華邦電亞東93購02,0,0,0,0,0,0,0,0,0,-117000,0,0,0,0,117000,-117000,-117000
043916,群創凱基93購01  ,0,0,0,0,0,0,0,0,0,-117000,0,0,0,81000,198000,-117000,-117000
03314P,台積電元大02售16,0,0,0,0,0,0,0,0,0,-117000,0,0,0,288000,405000,-117000,-117000
051049,亞德客群益95購01,0,0,0,0,0,0,0,0,0,-117000,0,0,0,111000,228000,-117000,-117000
050715,台積電群益96購01,0,0,0,0,0,0,0,0,0,-117000,0,0,0,295000,412000,-117000,-117000
06090P,旺宏統一97售06  ,0,0,0,0,0,0,0,0,0,-117000,0,0,0,41000,158000,-117000,-117000
05502P,台表科國票97售01,0,0,0,0,0,0,0,0,0,-118000,0,0,0,0,118000,-118000,-118000
054984,華泰元富97購01  ,0,0,0,0,0,0,0,0,0,-118000,0,0,0,12000,130000,-118000,-118000
054201,聯詠富邦97購02  ,0,0,0,0,0,0,0,0,0,-118000,0,0,0,214000,332000,-118000,-118000
054390,智邦元富96購03  ,0,0,0,0,0,0,0,0,0,-118000,0,0,0,71000,189000,-118000,-118000
04358P,TPK永豐94售01   ,0,0,0,0,0,0,0,0,0,-118000,0,0,0,0,118000,-118000,-118000
00830,國泰費城半導體  ,217000,0,217000,0,0,0,0,0,0,-335000,0,0,0,137000,472000,-335000,-118000
044289,群創凱基93購04  ,0,0,0,0,0,0,0,0,0,-118000,0,0,0,315000,433000,-118000,-118000
049372,華新科元大95購04,0,0,0,0,0,0,0,0,0,-118000,0,0,0,163000,281000,-118000,-118000
052644,聯發科永豐96購01,0,0,0,0,0,0,0,0,0,-118000,0,0,0,104000,222000,-118000,-118000
051790,貿聯國票95購03  ,0,0,0,0,0,0,0,0,0,-118000,0,0,0,2000,120000,-118000,-118000
051553,牧德永豐96購02  ,0,0,0,0,0,0,0,0,0,-118000,0,0,0,129000,247000,-118000,-118000
2405,浩鑫            ,3000,120000,-117000,0,0,0,0,0,0,-1000,0,1000,-1000,0,0,0,-118000
2882A,國泰特          ,0,0,0,0,0,0,0,0,0,-118000,2000,120000,-118000,0,0,0,-118000
9910,豐泰            ,663000,761299,-98299,0,0,0,0,0,0,-20000,0,20000,-20000,0,0,0,-118299
047343,台達電中信95購01,0,0,0,0,0,0,0,0,0,-119000,0,0,0,30000,149000,-119000,-119000
051024,南亞科統一95購01,0,0,0,0,0,0,0,0,0,-119000,0,0,0,5000,124000,-119000,-119000
053107,旺宏兆豐97購01  ,0,0,0,0,0,0,0,0,0,-119000,0,0,0,0,119000,-119000,-119000
053820,大立光群益96購05,0,0,0,0,0,0,0,0,0,-119000,0,0,0,60000,179000,-119000,-119000
056521,群創日盛98購01  ,0,0,0,0,0,0,0,0,0,-120000,0,0,0,0,120000,-120000,-120000
047351,聯詠凱基93購02  ,0,0,0,0,0,0,0,0,0,-120000,0,0,0,0,120000,-120000,-120000
045627,聯電凱基93購03  ,0,0,0,0,0,0,0,0,0,-120000,0,0,0,107000,227000,-120000,-120000
044105,聯詠中信95購01  ,0,0,0,0,0,0,0,0,0,-120000,0,0,0,0,120000,-120000,-120000
047554,聯詠凱基93購04  ,0,0,0,0,0,0,0,0,0,-120000,0,0,0,0,120000,-120000,-120000
04743P,台積電元富94售07,0,0,0,0,0,0,0,0,0,-120000,0,0,0,0,120000,-120000,-120000
03926P,麗豐元大93售02  ,0,0,0,0,0,0,0,0,0,-120000,0,0,0,91000,211000,-120000,-120000
048912,牧德富邦94購01  ,0,0,0,0,0,0,0,0,0,-120000,0,0,0,15000,135000,-120000,-120000
048539,巨大國票94購01  ,0,0,0,0,0,0,0,0,0,-120000,0,0,0,7000,127000,-120000,-120000
048542,美利達台新93購01,0,0,0,0,0,0,0,0,0,-120000,0,0,0,0,120000,-120000,-120000
049244,亞光元富94購01  ,0,0,0,0,0,0,0,0,0,-120000,0,0,0,110000,230000,-120000,-120000
053757,聯發科國泰96購04,0,0,0,0,0,0,0,0,0,-120000,0,0,0,0,120000,-120000,-120000
053255,貿聯國泰97購01  ,0,0,0,0,0,0,0,0,0,-120000,0,0,0,118000,238000,-120000,-120000
053014,旺宏統一97購02  ,0,0,0,0,0,0,0,0,0,-120000,0,0,0,281000,401000,-120000,-120000
051494,中環兆豐95購01  ,0,0,0,0,0,0,0,0,0,-120000,0,0,0,10000,130000,-120000,-120000
05135P,鴻海凱基96售07  ,0,0,0,0,0,0,0,0,0,-120000,0,0,0,0,120000,-120000,-120000
05260P,和碩元富95售02  ,0,0,0,0,0,0,0,0,0,-120000,0,0,0,0,120000,-120000,-120000
052114,華固中信95購01  ,0,0,0,0,0,0,0,0,0,-120000,0,0,0,0,120000,-120000,-120000
08897P,國巨群益01售10  ,0,0,0,0,0,0,0,0,0,-120000,0,0,0,0,120000,-120000,-120000
06046P,健策統一96售03  ,0,0,0,0,0,0,0,0,0,-120000,0,0,0,58000,178000,-120000,-120000
05414P,台表科國票96售02,0,0,0,0,0,0,0,0,0,-121000,0,0,0,0,121000,-121000,-121000
05473P,聯詠統一97售02  ,0,0,0,0,0,0,0,0,0,-121000,0,0,0,0,121000,-121000,-121000
04370P,聯茂凱基94售05  ,0,0,0,0,0,0,0,0,0,-121000,0,0,0,0,121000,-121000,-121000
051120,南亞科群益95購01,0,0,0,0,0,0,0,0,0,-121000,0,0,0,9000,130000,-121000,-121000
054160,華泰凱基98購01  ,0,0,0,0,0,0,0,0,0,-122000,0,0,0,0,122000,-122000,-122000
054387,台積電統一98購02,0,0,0,0,0,0,0,0,0,-122000,0,0,0,0,122000,-122000,-122000
055427,技嘉群益98購01  ,0,0,0,0,0,0,0,0,0,-122000,0,0,0,23000,145000,-122000,-122000
04380P,欣興元大94售02  ,0,0,0,0,0,0,0,0,0,-122000,0,0,0,30000,152000,-122000,-122000
046639,嘉晶永豐93購01  ,0,0,0,0,0,0,0,0,0,-122000,0,0,0,0,122000,-122000,-122000
049363,旺宏元大94購07  ,0,0,0,0,0,0,0,0,0,-122000,0,0,0,102000,224000,-122000,-122000
051563,泰鼎國泰96購01  ,0,0,0,0,0,0,0,0,0,-122000,0,0,0,50000,172000,-122000,-122000
05805P,義隆永豐96售02  ,0,0,0,0,0,0,0,0,0,-122000,0,0,0,14000,136000,-122000,-122000
055417,健策富邦98購02  ,0,0,0,0,0,0,0,0,0,-123000,0,0,0,0,123000,-123000,-123000
056008,全新中信9B購01  ,0,0,0,0,0,0,0,0,0,-123000,0,0,0,150000,273000,-123000,-123000
046618,南亞科凱基93購01,0,0,0,0,0,0,0,0,0,-123000,0,0,0,0,123000,-123000,-123000
044463,全新兆豐93購01  ,0,0,0,0,0,0,0,0,0,-123000,0,0,0,0,123000,-123000,-123000
050587,緯穎國票94購02  ,0,0,0,0,0,0,0,0,0,-123000,0,0,0,49000,172000,-123000,-123000
05094P,大立光元大95售07,0,0,0,0,0,0,0,0,0,-123000,0,0,0,160000,283000,-123000,-123000
05120P,聯發科國泰97售01,0,0,0,0,0,0,0,0,0,-123000,0,0,0,132000,255000,-123000,-123000
05730P,臺股指凱基97售03,0,0,0,0,0,0,0,0,0,-123000,0,0,0,20000,143000,-123000,-123000
3149,正達            ,4000,116000,-112000,0,0,0,0,0,0,-11000,1000,12000,-11000,0,0,0,-123000
054153,宏達電國泰97購01,0,0,0,0,0,0,0,0,0,-124000,0,0,0,57000,181000,-124000,-124000
049167,元油2X凱基97購03,0,0,0,0,0,0,0,0,0,-125000,0,0,0,0,125000,-125000,-125000
052942,聯發科中信97購04,0,0,0,0,0,0,0,0,0,-125000,0,0,0,25000,150000,-125000,-125000
053708,道瓊反凱基98購01,0,0,0,0,0,0,0,0,0,-125000,0,0,0,0,125000,-125000,-125000
054389,為升元富96購02  ,0,0,0,0,0,0,0,0,0,-126000,0,0,0,135000,261000,-126000,-126000
055017,緯穎元富97購01  ,0,0,0,0,0,0,0,0,0,-126000,0,0,0,422000,548000,-126000,-126000
056200,大毅永豐98購01  ,0,0,0,0,0,0,0,0,0,-126000,0,0,0,209000,335000,-126000,-126000
049118,元油2X元富94購03,0,0,0,0,0,0,0,0,0,-126000,0,0,0,30000,156000,-126000,-126000
053118,大立光中信9C購01,0,0,0,0,0,0,0,0,0,-126000,0,0,0,21000,147000,-126000,-126000
051747,貿聯國泰96購01  ,0,0,0,0,0,0,0,0,0,-126000,0,0,0,72000,198000,-126000,-126000
051953,矽力元富95購03  ,0,0,0,0,0,0,0,0,0,-126000,0,0,0,18000,144000,-126000,-126000
051915,日月光元大96購01,0,0,0,0,0,0,0,0,0,-126000,0,0,0,97000,223000,-126000,-126000
08703P,華碩凱基01售02  ,0,0,0,0,0,0,0,0,0,-126000,0,0,0,200000,326000,-126000,-126000
055717,聯發科元大97購19,0,0,0,0,0,0,0,0,0,-127000,0,0,0,36000,163000,-127000,-127000
055609,旺宏國票99購01  ,10000,0,10000,0,0,0,0,0,0,-137000,0,0,0,0,137000,-137000,-127000
03307P,臺股指中信05售02,0,0,0,0,0,0,0,0,0,-127000,0,0,0,0,127000,-127000,-127000
047571,滬深2X群益99購01,0,0,0,0,0,0,0,0,0,-127000,0,0,0,881000,1008000,-127000,-127000
048940,晶相光永豐94購01,0,0,0,0,0,0,0,0,0,-127000,0,0,0,0,127000,-127000,-127000
050670,牧德永豐94購03  ,0,0,0,0,0,0,0,0,0,-127000,0,0,0,178000,305000,-127000,-127000
05140P,台表科國票96售01,0,0,0,0,0,0,0,0,0,-127000,0,0,0,0,127000,-127000,-127000
1417,嘉裕            ,9000,135000,-126000,0,0,0,0,0,0,-1000,0,1000,-1000,0,0,0,-127000
2349,錸德            ,251000,376000,-125000,0,0,0,0,0,0,-2000,0,2000,-2000,0,0,0,-127000
056093,大毅元富97購01  ,0,0,0,0,0,0,0,0,0,-128000,0,0,0,226000,354000,-128000,-128000
04747P,臺股指元大94售22,0,0,0,0,0,0,0,0,0,-128000,0,0,0,215000,343000,-128000,-128000
045058,華邦電國泰94購01,0,0,0,0,0,0,0,0,0,-128000,0,0,0,222000,350000,-128000,-128000
045958,技嘉凱基93購04  ,0,0,0,0,0,0,0,0,0,-128000,0,0,0,0,128000,-128000,-128000
04985P,景碩永豐94售02  ,0,0,0,0,0,0,0,0,0,-128000,0,0,0,0,128000,-128000,-128000
048149,泰鼎元富95購01  ,0,0,0,0,0,0,0,0,0,-128000,0,0,0,323000,451000,-128000,-128000
049285,宏碁兆豐94購01  ,0,0,0,0,0,0,0,0,0,-128000,0,0,0,12000,140000,-128000,-128000
050526,貿聯元大95購01  ,0,0,0,0,0,0,0,0,0,-128000,0,0,0,226000,354000,-128000,-128000
05272P,臻鼎中信97售03  ,0,0,0,0,0,0,0,0,0,-128000,0,0,0,2000,130000,-128000,-128000
053980,泰鼎元大97購02  ,0,0,0,0,0,0,0,0,0,-128000,0,0,0,302000,430000,-128000,-128000
1701,中化            ,17000,141000,-124000,0,0,0,0,0,0,-4000,0,4000,-4000,0,0,0,-128000
1109,信大            ,87000,215000,-128000,0,0,0,0,0,0,0,2000,2000,0,0,0,0,-128000
06226P,聯發科麥證97售03,0,0,0,0,128000,-128000,0,0,0,-128000,0,0,0,0,128000,-128000,-128000
06177P,玉晶光元大98售07,0,0,0,0,0,0,0,0,0,-128000,0,0,0,15000,143000,-128000,-128000
9940,信義            ,0,105000,-105000,0,0,0,0,0,0,-23000,0,23000,-23000,0,0,0,-128000
056056,旺宏元大97購06  ,0,0,0,0,0,0,0,0,0,-129000,0,0,0,479000,608000,-129000,-129000
055492,華新科元大97購08,0,0,0,0,0,0,0,0,0,-129000,0,0,0,17000,146000,-129000,-129000
055528,華邦電群益97購01,0,0,0,0,0,0,0,0,0,-129000,0,0,0,41000,170000,-129000,-129000
045377,華邦電元大93購01,0,0,0,0,0,0,0,0,0,-129000,0,0,0,79000,208000,-129000,-129000
049438,嘉晶國泰96購01  ,0,0,0,0,0,0,0,0,0,-129000,0,0,0,0,129000,-129000,-129000
050007,貿聯永豐94購01  ,0,0,0,0,0,0,0,0,0,-129000,0,0,0,142000,271000,-129000,-129000
047658,全新麥證93購02  ,0,0,0,1000,130000,-129000,0,0,0,-129000,0,0,0,1000,130000,-129000,-129000
048979,晶相光元大94購03,0,0,0,0,0,0,0,0,0,-129000,0,0,0,275000,404000,-129000,-129000
050154,可成群益94購05  ,0,0,0,0,0,0,0,0,0,-129000,0,0,0,0,129000,-129000,-129000
052108,鴻海元富95購11  ,0,0,0,0,0,0,0,0,0,-129000,0,0,0,0,129000,-129000,-129000
051940,康舒群益95購01  ,0,0,0,0,0,0,0,0,0,-129000,0,0,0,21000,150000,-129000,-129000
2431,聯昌            ,18000,146000,-128000,0,0,0,0,0,0,-1000,0,1000,-1000,0,0,0,-129000
055553,聯發科凱基97購05,0,0,0,0,0,0,0,0,0,-130000,0,0,0,0,130000,-130000,-130000
046697,麗豐凱基94購01  ,0,0,0,0,0,0,0,0,0,-130000,0,0,0,0,130000,-130000,-130000
050218,世紀鋼統一94購02,0,0,0,0,0,0,0,0,0,-130000,0,0,0,20000,150000,-130000,-130000
04379P,大立光元大94售06,0,0,0,0,0,0,0,0,0,-130000,0,0,0,140000,270000,-130000,-130000
03267P,台灣50元大02售06,0,0,0,0,0,0,0,0,0,-130000,0,0,0,111000,241000,-130000,-130000
050993,聯發科元大95購05,0,0,0,0,0,0,0,0,0,-130000,0,0,0,0,130000,-130000,-130000
051467,GIS富邦96購01   ,0,0,0,0,0,0,0,0,0,-130000,0,0,0,120000,250000,-130000,-130000
052480,麗豐群益95購01  ,0,0,0,0,0,0,0,0,0,-130000,0,0,0,5000,135000,-130000,-130000
2617,台航            ,35000,164000,-129000,0,0,0,0,0,0,-1000,0,1000,-1000,0,0,0,-130000
06106P,國巨群益97售02  ,0,0,0,0,0,0,0,0,0,-130000,0,0,0,15000,145000,-130000,-130000
3010,華立            ,5000,134000,-129000,0,0,0,0,0,0,-1249,0,1000,-1000,0,249,-249,-130249
056495,泰鼎國泰99購01  ,0,0,0,0,0,0,0,0,0,-131000,0,0,0,0,131000,-131000,-131000
056424,泰碩統一98購01  ,0,0,0,0,0,0,0,0,0,-131000,0,0,0,0,131000,-131000,-131000
047897,可成群益94購01  ,0,0,0,0,0,0,0,0,0,-131000,0,0,0,100000,231000,-131000,-131000
06286P,世芯國票97售02  ,0,0,0,0,0,0,0,0,0,-131000,0,0,0,61000,192000,-131000,-131000
1736,喬山            ,482000,588000,-106000,0,0,0,0,45000,-45000,20000,1000,22000,-21000,62000,21000,41000,-131000
049968,麗豐國票95購01  ,0,0,0,0,0,0,0,0,0,-132000,0,0,0,60000,192000,-132000,-132000
04963P,鴻海元大94售25  ,0,0,0,0,0,0,0,0,0,-132000,0,0,0,108000,240000,-132000,-132000
053106,鴻海兆豐98購01  ,0,0,0,0,0,0,0,0,0,-132000,0,0,0,20000,152000,-132000,-132000
053296,貿聯中信98購01  ,0,0,0,0,0,0,0,0,0,-132000,0,0,0,27000,159000,-132000,-132000
2428,興勤            ,93000,214000,-121000,0,0,0,0,0,0,-11000,0,3000,-3000,8000,16000,-8000,-132000
06120P,大立光凱基98售05,0,0,0,0,0,0,0,0,0,-132000,0,0,0,10000,142000,-132000,-132000
3014,聯陽            ,63000,190000,-127000,0,0,0,0,0,0,-5000,0,5000,-5000,0,0,0,-132000
6533,晶心科          ,107000,238000,-131000,0,0,0,0,0,0,-1000,0,1000,-1000,0,0,0,-132000
05604P,聯發科元大96售10,0,0,0,0,0,0,0,0,0,-133000,0,0,0,234000,367000,-133000,-133000
047576,技嘉群益94購01  ,0,0,0,0,0,0,0,0,0,-133000,0,0,0,19000,152000,-133000,-133000
049108,玉晶光富邦96購02,0,0,0,0,0,0,0,0,0,-133000,0,0,0,8000,141000,-133000,-133000
06425P,TPK永豐97售02   ,0,0,0,0,0,0,0,0,0,-133000,0,0,0,0,133000,-133000,-133000
1101,台泥            ,6787616,6506600,281016,0,0,0,12000,59000,-47000,-368000,0,296000,-296000,98000,170000,-72000,-133984
056087,世芯統一97購01  ,0,0,0,0,0,0,0,0,0,-134000,0,0,0,31000,165000,-134000,-134000
055565,祥碩凱基97購01  ,0,0,0,0,0,0,0,0,0,-134000,0,0,0,96000,230000,-134000,-134000
04230P,臺股指中信95售06,0,0,0,0,0,0,0,0,0,-134000,0,0,0,8000,142000,-134000,-134000
044998,玉晶光國泰94購01,0,0,0,0,0,0,0,0,0,-134000,0,0,0,2000,136000,-134000,-134000
050091,喬山永豐94購02  ,0,0,0,0,0,0,0,0,0,-134000,0,0,0,67000,201000,-134000,-134000
04554P,可成中信94售01  ,0,0,0,0,0,0,0,0,0,-134000,0,0,0,16000,150000,-134000,-134000
048018,南亞科麥證93購01,0,0,0,0,134000,-134000,0,0,0,-134000,0,0,0,0,134000,-134000,-134000
049026,晶相光群益94購01,0,0,0,0,0,0,0,0,0,-134000,0,0,0,41000,175000,-134000,-134000
053733,華邦電中信98購01,0,0,0,0,0,0,0,0,0,-134000,0,0,0,11000,145000,-134000,-134000
2612,中航            ,13000,116000,-103000,0,0,0,0,55000,-55000,24000,24000,0,24000,0,0,0,-134000
06214P,國巨國票98售04  ,0,0,0,0,0,0,0,0,0,-134000,0,0,0,23000,157000,-134000,-134000
05489P,臺股指凱基95售22,0,0,0,0,0,0,0,0,0,-135000,0,0,0,46000,181000,-135000,-135000
044763,瀚宇博凱基93購01,0,0,0,0,0,0,0,0,0,-135000,0,0,0,50000,185000,-135000,-135000
03027P,玉晶光元大01售09,0,0,0,0,0,0,0,0,0,-135000,0,0,0,0,135000,-135000,-135000
03955P,華通統一93售04  ,0,0,0,0,0,0,0,0,0,-135000,0,0,0,0,135000,-135000,-135000
050759,貿聯元富94購02  ,0,0,0,0,0,0,0,0,0,-135000,0,0,0,151000,286000,-135000,-135000
2457,飛宏            ,23000,155000,-132000,0,0,0,0,0,0,-3000,0,3000,-3000,0,0,0,-135000
1304,台聚            ,115000,198000,-83000,0,0,0,0,0,0,-52000,0,52000,-52000,0,0,0,-135000
054821,貿聯元大9A購01  ,0,0,0,0,0,0,0,0,0,-136000,0,0,0,100000,236000,-136000,-136000
054170,泰鼎凱基98購01  ,0,0,0,0,0,0,0,0,0,-136000,0,0,0,31000,167000,-136000,-136000
00771,元大US高息特別股,0,0,0,0,0,0,0,0,0,-136000,0,0,0,0,136000,-136000,-136000
04345P,景碩國泰94售02  ,0,0,0,0,0,0,0,0,0,-136000,0,0,0,0,136000,-136000,-136000
047910,全新麥證94購01  ,0,0,0,0,136000,-136000,0,0,0,-136000,0,0,0,0,136000,-136000,-136000
054007,貿聯統一96購01  ,0,0,0,0,0,0,0,0,0,-136000,0,0,0,100000,236000,-136000,-136000
6251,定穎            ,815000,1590000,-775000,0,0,0,0,0,0,639000,932000,293000,639000,0,0,0,-136000
9907,統一實          ,33000,166000,-133000,0,0,0,0,0,0,-4000,0,4000,-4000,0,0,0,-137000
05778P,台積電統一96售05,0,0,0,0,0,0,0,0,0,-137000,0,0,0,100000,237000,-137000,-137000
05447P,臺股指元大95售24,0,0,0,0,0,0,0,0,0,-138000,0,0,0,23000,161000,-138000,-138000
054563,泰碩群益99購01  ,0,0,0,0,0,0,0,0,0,-138000,0,0,0,28000,166000,-138000,-138000
050493,聯發科永昌96購01,0,0,0,0,0,0,0,0,0,-138000,0,0,0,298000,436000,-138000,-138000
053837,貿聯永豐96購02  ,0,0,0,0,0,0,0,0,0,-138000,0,0,0,42000,180000,-138000,-138000
08218P,滬深2X凱基96售01,0,0,0,0,0,0,0,0,0,-138000,0,0,0,300000,438000,-138000,-138000
2707,晶華            ,37000,161000,-124000,0,0,0,0,4000,-4000,-10000,0,9000,-9000,0,1000,-1000,-138000
2889,國票金          ,692000,760000,-68000,0,0,0,55000,0,55000,-125000,0,125000,-125000,0,0,0,-138000
3090,日電貿          ,169000,246000,-77000,0,0,0,0,0,0,-61000,0,5000,-5000,3000,59000,-56000,-138000
055785,祥碩凱基97購02  ,0,0,0,0,0,0,0,0,0,-139000,0,0,0,84000,223000,-139000,-139000
046184,台光電凱基93購08,0,0,0,0,0,0,0,0,0,-139000,0,0,0,50000,189000,-139000,-139000
050958,日月光台新95購01,0,0,0,0,0,0,0,0,0,-139000,0,0,0,51000,190000,-139000,-139000
051559,宏達電國泰96購01,0,0,0,0,0,0,0,0,0,-139000,0,0,0,81000,220000,-139000,-139000
2362,藍天            ,99000,191000,-92000,0,0,0,0,0,0,-47000,0,47000,-47000,0,0,0,-139000
056222,台積電凱基9A購01,0,0,0,0,0,0,0,0,0,-140000,0,0,0,10000,150000,-140000,-140000
045527,建準永豐92購01  ,0,0,0,0,0,0,0,0,0,-140000,0,0,0,0,140000,-140000,-140000
044405,材料凱基93購01  ,0,0,0,0,0,0,0,0,0,-140000,0,0,0,90000,230000,-140000,-140000
049119,元油2X元富94購04,0,0,0,0,0,0,0,0,0,-140000,0,0,0,0,140000,-140000,-140000
052439,寶成富邦97購01  ,0,0,0,0,0,0,0,0,0,-140000,0,0,0,50000,190000,-140000,-140000
05331P,上証2X國票96售01,0,0,0,0,0,0,0,0,0,-140000,0,0,0,35000,175000,-140000,-140000
052768,泰鼎群益96購01  ,0,0,0,0,0,0,0,0,0,-140000,0,0,0,583000,723000,-140000,-140000
054297,台郡元大98購01  ,0,0,0,0,0,0,0,0,0,-141000,0,0,0,12000,153000,-141000,-141000
053608,彩晶第一96購01  ,0,0,0,0,0,0,0,0,0,-141000,0,0,0,0,141000,-141000,-141000
2538,基泰            ,4000,144000,-140000,0,0,0,0,0,0,-1000,0,1000,-1000,0,0,0,-141000
05767P,國巨凱基96售11  ,0,0,0,0,0,0,0,0,0,-141000,0,0,0,231000,372000,-141000,-141000
06246P,茂林元富97售03  ,0,0,0,0,0,0,0,0,0,-141000,0,0,0,3000,144000,-141000,-141000
049649,信邦凱基94購01  ,0,0,0,0,0,0,0,0,0,-142000,0,0,0,0,142000,-142000,-142000
053344,嘉晶國票97購02  ,0,0,0,0,0,0,0,0,0,-142000,0,0,0,0,142000,-142000,-142000
055835,華邦電元大97購03,0,0,0,0,0,0,0,0,0,-143000,0,0,0,130000,273000,-143000,-143000
055415,禾伸堂富邦9B購01,0,0,0,0,0,0,0,0,0,-143000,0,0,0,98000,241000,-143000,-143000
047357,欣興麥證93購01  ,0,0,0,37000,180000,-143000,0,0,0,-143000,0,0,0,37000,180000,-143000,-143000
05167P,百和元富95售03  ,0,0,0,0,0,0,0,0,0,-143000,0,0,0,0,143000,-143000,-143000
2314,台揚            ,96000,238000,-142000,0,0,0,0,0,0,-1000,0,1000,-1000,0,0,0,-143000
04753P,台積電統一94售11,0,0,0,0,0,0,0,0,0,-144000,0,0,0,26000,170000,-144000,-144000
049165,元油2X凱基97購01,0,0,0,0,0,0,0,0,0,-144000,0,0,0,1000,145000,-144000,-144000
04869P,鴻海元富95售02  ,0,0,0,0,0,0,0,0,0,-144000,0,0,0,0,144000,-144000,-144000
053926,晶相光國票97購01,0,0,0,0,0,0,0,0,0,-144000,0,0,0,102000,246000,-144000,-144000
054338,全新統一96購01  ,0,0,0,0,0,0,0,0,0,-145000,0,0,0,284000,429000,-145000,-145000
03635C,滬深2X元富99牛01,0,0,0,0,0,0,0,0,0,-145000,0,0,0,60000,205000,-145000,-145000
06456P,聯發科統一98售03,0,0,0,0,0,0,0,0,0,-145000,0,0,0,0,145000,-145000,-145000
3048,益登            ,89000,231000,-142000,0,0,0,0,0,0,-3000,0,3000,-3000,0,0,0,-145000
05585P,臺股指凱基96售14,0,0,0,0,0,0,0,0,0,-146000,0,0,0,65000,211000,-146000,-146000
047470,聯發科中信94購03,0,0,0,0,0,0,0,0,0,-146000,0,0,0,0,146000,-146000,-146000
048225,全新凱基93購03  ,0,0,0,0,0,0,0,0,0,-146000,0,0,0,4000,150000,-146000,-146000
052642,滬深2X永豐96購03,0,0,0,0,0,0,0,0,0,-146000,0,0,0,54000,200000,-146000,-146000
06267P,大立光凱基97售12,0,0,0,0,0,0,0,0,0,-146000,0,0,0,760000,906000,-146000,-146000
06013P,世芯國泰97售03  ,0,0,0,0,0,0,0,0,0,-146000,0,0,0,80000,226000,-146000,-146000
05661P,聯發科統一96售06,0,0,0,0,0,0,0,0,0,-146000,0,0,0,14000,160000,-146000,-146000
055167,友訊統一97購01  ,0,0,0,0,0,0,0,0,0,-147000,0,0,0,116000,263000,-147000,-147000
050614,聯發科元大95購04,0,0,0,0,0,0,0,0,0,-147000,0,0,0,59000,206000,-147000,-147000
055590,聯發科元大98購02,0,0,0,0,0,0,0,0,0,-148000,0,0,0,523000,671000,-148000,-148000
05028P,康控永豐95售02  ,0,0,0,0,0,0,0,0,0,-148000,0,0,0,18000,166000,-148000,-148000
053133,華邦電國票97購01,0,0,0,0,0,0,0,0,0,-148000,0,0,0,40000,188000,-148000,-148000
06211P,鴻海元大98售04  ,0,0,0,0,0,0,0,0,0,-148000,0,0,0,34000,182000,-148000,-148000
054385,矽創群益98購01  ,0,0,0,0,0,0,0,0,0,-149000,0,0,0,25000,174000,-149000,-149000
04798P,牧德元大95售02  ,0,0,0,0,0,0,0,0,0,-149000,0,0,0,2000,151000,-149000,-149000
048223,微星凱基93購02  ,0,0,0,0,0,0,0,0,0,-149000,0,0,0,0,149000,-149000,-149000
050751,聯電統一94購05  ,0,0,0,0,0,0,0,0,0,-149000,0,0,0,176000,325000,-149000,-149000
052738,聯電元大98購02  ,0,0,0,0,0,0,0,0,0,-149000,0,0,0,158000,307000,-149000,-149000
053415,聯茂國票97購01  ,0,0,0,0,0,0,0,0,0,-149000,0,0,0,1000,150000,-149000,-149000
052507,日月光日盛95購02,0,0,0,0,0,0,0,0,0,-149000,0,0,0,104000,253000,-149000,-149000
2106,建大            ,54000,177000,-123000,0,0,0,0,0,0,-26000,0,26000,-26000,0,0,0,-149000
054316,矽創凱基97購01  ,0,0,0,0,0,0,0,0,0,-150000,0,0,0,78000,228000,-150000,-150000
055005,晶相光元富97購01,0,0,0,0,0,0,0,0,0,-150000,0,0,0,44000,194000,-150000,-150000
04542P,致伸永豐94售01  ,0,0,0,0,0,0,0,0,0,-150000,0,0,0,0,150000,-150000,-150000
045842,T50反1台新98購01,0,0,0,0,0,0,0,0,0,-150000,0,0,0,0,150000,-150000,-150000
046572,貿聯國泰94購01  ,0,0,0,0,0,0,0,0,0,-150000,0,0,0,57000,207000,-150000,-150000
046293,聯發科統一94購01,0,0,0,0,0,0,0,0,0,-150000,0,0,0,46000,196000,-150000,-150000
042927,道瓊反中信94購01,0,0,0,0,0,0,0,0,0,-150000,0,0,0,20000,170000,-150000,-150000
04169P,鴻海凱基93售34  ,0,0,0,0,0,0,0,0,0,-150000,0,0,0,0,150000,-150000,-150000
04489P,大立光凱基94售03,0,0,0,0,0,0,0,0,0,-150000,0,0,0,50000,200000,-150000,-150000
04938P,亞德客國票95售01,0,0,0,0,0,0,0,0,0,-150000,0,0,0,27000,177000,-150000,-150000
050035,聯茂元大94購07  ,0,0,0,0,0,0,0,0,0,-150000,0,0,0,50000,200000,-150000,-150000
048555,技嘉元大93購02  ,0,0,0,0,0,0,0,0,0,-150000,0,0,0,0,150000,-150000,-150000
049891,T50反1富邦94購02,0,0,0,0,0,0,0,0,0,-150000,0,0,0,30000,180000,-150000,-150000
050860,喬山永豐95購01  ,0,0,0,0,0,0,0,0,0,-150000,0,0,0,0,150000,-150000,-150000
052087,鴻海元大96購09  ,0,0,0,0,0,0,0,0,0,-150000,0,0,0,0,150000,-150000,-150000
052902,鴻海國票97購04  ,0,0,0,0,0,0,0,0,0,-150000,0,0,0,0,150000,-150000,-150000
2880,華南金          ,6224000,6089000,135000,0,0,0,19000,0,19000,-304000,0,304000,-304000,0,0,0,-150000
05839P,臺股指富邦96售06,0,0,0,0,0,0,0,0,0,-150000,0,0,0,70000,220000,-150000,-150000
056265,國泰金統一97購01,0,0,0,0,0,0,0,0,0,-151000,0,0,0,6000,157000,-151000,-151000
05040P,聯發科凱基95售05,0,0,0,0,0,0,0,0,0,-151000,0,0,0,0,151000,-151000,-151000
050918,南亞科日盛95購01,0,0,0,0,0,0,0,0,0,-151000,0,0,0,40000,191000,-151000,-151000
048079,燿華日盛93購01  ,0,0,0,0,0,0,0,0,0,-151000,0,0,0,210000,361000,-151000,-151000
049751,牧德永豐95購01  ,0,0,0,0,0,0,0,0,0,-151000,0,0,0,101000,252000,-151000,-151000
052092,貿聯元大96購02  ,0,0,0,0,0,0,0,0,0,-151000,0,0,0,190000,341000,-151000,-151000
054261,智伸科元大96購03,0,0,0,0,0,0,0,0,0,-152000,0,0,0,111000,263000,-152000,-152000
054544,統一中信97購01  ,0,0,0,0,0,0,0,0,0,-152000,0,0,0,67000,219000,-152000,-152000
050439,新日興凱基94購01,0,0,0,0,0,0,0,0,0,-152000,0,0,0,65000,217000,-152000,-152000
052765,新日興群益97購01,0,0,0,0,0,0,0,0,0,-152000,0,0,0,72000,224000,-152000,-152000
053510,聯電群益97購01  ,0,0,0,0,0,0,0,0,0,-152000,0,0,0,63000,215000,-152000,-152000
2485,兆赫            ,9000,151000,-142000,0,0,0,0,0,0,-10000,0,10000,-10000,0,0,0,-152000
054249,技嘉元大96購03  ,0,0,0,0,0,0,0,0,0,-153000,0,0,0,1000,154000,-153000,-153000
055137,GIS富邦98購01   ,0,0,0,0,0,0,0,0,0,-153000,0,0,0,0,153000,-153000,-153000
056368,祥碩元大98購02  ,0,0,0,0,0,0,0,0,0,-153000,0,0,0,147000,300000,-153000,-153000
041824,元油2X國票96購01,0,0,0,0,0,0,0,0,0,-153000,0,0,0,5000,158000,-153000,-153000
047522,微星元大93購02  ,0,0,0,0,0,0,0,0,0,-153000,0,0,0,0,153000,-153000,-153000
052961,國巨凱基97購02  ,0,0,0,0,0,0,0,0,0,-153000,0,0,0,10000,163000,-153000,-153000
052269,T50反1日盛9B購01,0,0,0,0,0,0,0,0,0,-153000,0,0,0,6000,159000,-153000,-153000
1907,永豐餘          ,543000,663000,-120000,0,0,0,26000,0,26000,-59000,0,59000,-59000,0,0,0,-153000
6153,嘉聯益          ,790000,673000,117000,0,0,0,0,0,0,-270966,49000,119000,-70000,2034,203000,-200966,-153966
050104,元石油元大97購02,0,0,0,0,0,0,0,0,0,-154000,0,0,0,0,154000,-154000,-154000
046480,群創元富96購01  ,0,0,0,0,0,0,0,0,0,-154000,0,0,0,41000,195000,-154000,-154000
05089P,亞德客元大95售01,0,0,0,0,0,0,0,0,0,-154000,0,0,0,0,154000,-154000,-154000
051243,微星元大95購01  ,0,0,0,0,0,0,0,0,0,-154000,0,0,0,160000,314000,-154000,-154000
2355,敬鵬            ,452000,579000,-127000,0,0,0,0,0,0,-27000,2000,29000,-27000,0,0,0,-154000
05893P,國巨兆豐96售04  ,0,0,0,0,0,0,0,0,0,-154000,0,0,0,0,154000,-154000,-154000
03570P,台積電元大03售09,0,0,0,0,0,0,0,0,0,-155000,0,0,0,0,155000,-155000,-155000
049988,貿聯凱基94購02  ,0,0,0,0,0,0,0,0,0,-155000,0,0,0,215000,370000,-155000,-155000
04946P,華通元大94售04  ,0,0,0,0,0,0,0,0,0,-155000,0,0,0,0,155000,-155000,-155000
053030,南亞科第一96購01,0,0,0,0,0,0,0,0,0,-155000,0,0,0,126000,281000,-155000,-155000
053263,華邦電群益96購03,0,0,0,0,0,0,0,0,0,-155000,0,0,0,13000,168000,-155000,-155000
053670,台積電統一96購09,0,0,0,0,0,0,0,0,0,-155000,0,0,0,0,155000,-155000,-155000
055762,智伸科群益97購01,0,0,0,0,0,0,0,0,0,-156000,0,0,0,11000,167000,-156000,-156000
049331,元石油統一94購01,0,0,0,0,0,0,0,0,0,-156000,0,0,0,29000,185000,-156000,-156000
052053,泰鼎凱基96購01  ,0,0,0,0,0,0,0,0,0,-156000,0,0,0,312000,468000,-156000,-156000
055310,聯詠群益97購02  ,0,0,0,0,0,0,0,0,0,-157000,0,0,0,6000,163000,-157000,-157000
054104,T50反1凱基9A購02,0,0,0,0,0,0,0,0,0,-157000,0,0,0,10000,167000,-157000,-157000
053931,楠梓電統一96購01,0,0,0,0,0,0,0,0,0,-157000,0,0,0,202000,359000,-157000,-157000
052886,世紀鋼兆豐96購01,0,0,0,0,0,0,0,0,0,-157000,0,0,0,17000,174000,-157000,-157000
1515,力山            ,471000,616000,-145000,0,0,0,0,0,0,-12000,1000,2000,-1000,21000,32000,-11000,-157000
054164,強茂凱基98購01  ,0,0,0,0,0,0,0,0,0,-158000,0,0,0,52000,210000,-158000,-158000
055885,大成鋼統一97購02,0,0,0,0,0,0,0,0,0,-158000,0,0,0,0,158000,-158000,-158000
048902,昇陽半國泰96購01,0,0,0,0,0,0,0,0,0,-158000,0,0,0,162000,320000,-158000,-158000
053465,聯電元大96購05  ,0,0,0,0,0,0,0,0,0,-158000,0,0,0,92000,250000,-158000,-158000
054849,日月光兆豐97購01,0,0,0,0,0,0,0,0,0,-159000,0,0,0,35000,194000,-159000,-159000
047569,世紀鋼國票94購02,0,0,0,0,0,0,0,0,0,-159000,0,0,0,0,159000,-159000,-159000
04162P,南亞科統一94售02,0,0,0,0,0,0,0,0,0,-159000,0,0,0,176000,335000,-159000,-159000
051352,南亞科元大95購02,0,0,0,0,0,0,0,0,0,-159000,0,0,0,8000,167000,-159000,-159000
1582,信錦            ,110000,266000,-156000,0,0,0,0,0,0,-3000,0,3000,-3000,0,0,0,-159000
2855,統一證          ,293000,464000,-171000,0,0,0,12000,0,12000,0,0,0,0,0,0,0,-159000
05995P,T50正2中信9C售01,0,0,0,0,0,0,0,0,0,-159000,0,0,0,32000,191000,-159000,-159000
054911,敬鵬凱基97購01  ,0,0,0,0,0,0,0,0,0,-160000,0,0,0,0,160000,-160000,-160000
05536P,奇力新元大96售03,0,0,0,0,0,0,0,0,0,-160000,0,0,0,170000,330000,-160000,-160000
056148,臺股指日盛97購03,0,0,0,0,0,0,0,0,0,-160000,0,0,0,0,160000,-160000,-160000
044362,元油2X中信94購01,0,0,0,0,0,0,0,0,0,-160000,0,0,0,0,160000,-160000,-160000
04633P,旺宏群益96售04  ,0,0,0,0,0,0,0,0,0,-160000,0,0,0,0,160000,-160000,-160000
047353,台郡凱基93購03  ,0,0,0,0,0,0,0,0,0,-160000,0,0,0,0,160000,-160000,-160000
050169,臺指反元大97購01,0,0,0,0,0,0,0,0,0,-160000,0,0,0,0,160000,-160000,-160000
051216,為升元富95購01  ,0,0,0,0,0,0,0,0,0,-160000,0,0,0,59000,219000,-160000,-160000
05116P,台積電群益95售03,0,0,0,0,0,0,0,0,0,-160000,0,0,0,10000,170000,-160000,-160000
051391,聯發科兆豐95購02,0,0,0,0,0,0,0,0,0,-160000,0,0,0,0,160000,-160000,-160000
06012P,世芯國票96售01  ,0,0,0,0,0,0,0,0,0,-160000,0,0,0,36000,196000,-160000,-160000
05711P,茂林國票97售03  ,0,0,0,0,0,0,0,0,0,-160000,0,0,0,30000,190000,-160000,-160000
056114,台達電群益97購02,0,0,0,0,0,0,0,0,0,-161000,0,0,0,138000,299000,-161000,-161000
046089,南亞科兆豐92購01,0,0,0,0,0,0,0,0,0,-161000,0,0,0,10000,171000,-161000,-161000
056306,晶相光元大98購01,0,0,0,0,0,0,0,0,0,-162000,0,0,0,66000,228000,-162000,-162000
054282,泰鼎群益98購02  ,0,0,0,0,0,0,0,0,0,-162000,0,0,0,640000,802000,-162000,-162000
054641,祥碩中信98購01  ,0,0,0,0,0,0,0,0,0,-162000,0,0,0,274000,436000,-162000,-162000
047365,隆達群益93購01  ,0,0,0,0,0,0,0,0,0,-162000,0,0,0,5000,167000,-162000,-162000
051791,智伸科國票96購01,0,0,0,0,0,0,0,0,0,-162000,0,0,0,10000,172000,-162000,-162000
047095,聯詠麥證93購01  ,0,0,0,78000,241000,-163000,0,0,0,-163000,0,0,0,78000,241000,-163000,-163000
046268,嘉晶凱基93購02  ,0,0,0,0,0,0,0,0,0,-163000,0,0,0,0,163000,-163000,-163000
044784,華邦電中信96購01,0,0,0,0,0,0,0,0,0,-163000,0,0,0,10000,173000,-163000,-163000
048248,聯發科兆豐95購01,0,0,0,0,0,0,0,0,0,-163000,0,0,0,2000,165000,-163000,-163000
05654P,台光電統一96售01,0,0,0,0,0,0,0,0,0,-164000,0,0,0,24000,188000,-164000,-164000
00675L,富邦臺灣加權正2 ,30000,0,30000,0,0,0,0,0,0,-194000,0,0,0,60000,254000,-194000,-164000
047287,貿聯統一95購01  ,0,0,0,0,0,0,0,0,0,-164000,0,0,0,132000,296000,-164000,-164000
05181P,健策凱基95售01  ,0,0,0,0,0,0,0,0,0,-164000,0,0,0,0,164000,-164000,-164000
051322,國泰金國票96購01,0,0,0,0,0,0,0,0,0,-164000,0,0,0,38000,202000,-164000,-164000
051582,聯發科元大97購02,0,0,0,0,0,0,0,0,0,-164000,0,0,0,382000,546000,-164000,-164000
05298P,上銀元大95售03  ,0,0,0,0,0,0,0,0,0,-164000,0,0,0,1000,165000,-164000,-164000
2206,三陽工業        ,20000,180000,-160000,0,0,0,0,0,0,-4000,0,4000,-4000,0,0,0,-164000
055669,緯穎群益97購02  ,0,0,0,0,0,0,0,0,0,-165000,0,0,0,168000,333000,-165000,-165000
049473,光罩永豐94購03  ,0,0,0,0,0,0,0,0,0,-165000,0,0,0,0,165000,-165000,-165000
049787,麗豐兆豐94購01  ,0,0,0,0,0,0,0,0,0,-165000,0,0,0,0,165000,-165000,-165000
053862,南亞科元大97購02,0,0,0,0,0,0,0,0,0,-165000,0,0,0,0,165000,-165000,-165000
2489,瑞軒            ,143000,297000,-154000,0,0,0,0,0,0,-11000,0,11000,-11000,0,0,0,-165000
056501,貿聯富邦99購01  ,0,0,0,0,0,0,0,0,0,-166000,0,0,0,32000,198000,-166000,-166000
055277,旺宏元大97購04  ,0,0,0,0,0,0,0,0,0,-166000,0,0,0,264000,430000,-166000,-166000
046663,亞光元大93購02  ,0,0,0,0,0,0,0,0,0,-166000,0,0,0,0,166000,-166000,-166000
04745P,祥碩元大94售04  ,0,0,0,0,0,0,0,0,0,-166000,0,0,0,0,166000,-166000,-166000
049017,旺宏群益96購03  ,0,0,0,0,0,0,0,0,0,-166000,0,0,0,79000,245000,-166000,-166000
06475P,牧德永豐98售03  ,0,0,0,0,0,0,0,0,0,-166000,0,0,0,0,166000,-166000,-166000
3533,嘉澤            ,227000,449000,-222000,0,0,0,192000,87000,105000,-50000,12000,19000,-7000,7000,50000,-43000,-167000
055003,群創元富99購05  ,0,0,0,0,0,0,0,0,0,-168000,0,0,0,50000,218000,-168000,-168000
04628P,欣興元大95售01  ,0,0,0,0,0,0,0,0,0,-168000,0,0,0,24000,192000,-168000,-168000
2520,冠德            ,979000,851000,128000,0,0,0,0,170000,-170000,-126000,0,118000,-118000,0,8000,-8000,-168000
05731P,創意統一96售03  ,0,0,0,0,0,0,0,0,0,-168000,0,0,0,5000,173000,-168000,-168000
055120,南港兆豐97購01  ,0,0,0,0,0,0,0,0,0,-169000,0,0,0,0,169000,-169000,-169000
056162,祥碩凱基97購03  ,0,0,0,0,0,0,0,0,0,-169000,0,0,0,13000,182000,-169000,-169000
04655P,臺股指凱基94售14,0,0,0,0,0,0,0,0,0,-169000,0,0,0,43000,212000,-169000,-169000
051002,華邦電亞東96購01,0,0,0,0,0,0,0,0,0,-169000,0,0,0,29000,198000,-169000,-169000
05322P,台積電凱基95售17,0,0,0,0,0,0,0,0,0,-169000,0,0,0,0,169000,-169000,-169000
8210,勤誠            ,362000,516000,-154000,0,0,0,0,14000,-14000,-1000,30000,78000,-48000,70000,23000,47000,-169000
05617P,大立光統一97售02,0,0,0,0,0,0,0,0,0,-170000,0,0,0,499000,669000,-170000,-170000
055325,佐登國票98購01  ,0,0,0,0,0,0,0,0,0,-170000,0,0,0,0,170000,-170000,-170000
054361,技嘉凱基96購01  ,0,0,0,0,0,0,0,0,0,-170000,0,0,0,70000,240000,-170000,-170000
03359P,金像電群益02售04,0,0,0,0,0,0,0,0,0,-170000,0,0,0,0,170000,-170000,-170000
050576,南亞科國票95購01,0,0,0,0,0,0,0,0,0,-170000,0,0,0,0,170000,-170000,-170000
04862P,台積電元大94售26,0,0,0,0,0,0,0,0,0,-170000,0,0,0,0,170000,-170000,-170000
05263P,台積電元大96售09,0,0,0,0,0,0,0,0,0,-170000,0,0,0,30000,200000,-170000,-170000
055489,瑞昱元大97購02  ,0,0,0,0,0,0,0,0,0,-171000,0,0,0,128000,299000,-171000,-171000
03016P,滬深2X群益01售09,0,0,0,0,0,0,0,0,0,-171000,0,0,0,0,171000,-171000,-171000
053620,臺股指群益96購06,0,0,0,0,0,0,0,0,0,-171000,0,0,0,20000,191000,-171000,-171000
054960,新日興元大97購02,0,0,0,0,0,0,0,0,0,-172000,0,0,0,26000,198000,-172000,-172000
049396,元油2X群益97購03,0,0,0,0,0,0,0,0,0,-172000,0,0,0,0,172000,-172000,-172000
05015P,臺股指元大95售06,0,0,0,0,0,0,0,0,0,-172000,0,0,0,130000,302000,-172000,-172000
054047,富邦金元大97購01,0,0,0,0,0,0,0,0,0,-173000,0,0,0,21000,194000,-173000,-173000
055544,鴻海凱基97購05  ,0,0,0,0,0,0,0,0,0,-173000,0,0,0,10000,183000,-173000,-173000
048850,聯電群益96購01  ,0,0,0,0,0,0,0,0,0,-173000,0,0,0,204000,377000,-173000,-173000
050030,嘉晶元大94購03  ,0,0,0,0,0,0,0,0,0,-173000,0,0,0,30000,203000,-173000,-173000
048724,台達電日盛94購01,0,0,0,0,0,0,0,0,0,-173000,0,0,0,5000,178000,-173000,-173000
052390,聯詠群益95購03  ,0,0,0,0,0,0,0,0,0,-173000,0,0,0,122000,295000,-173000,-173000
051814,鈺齊凱基95購01  ,0,0,0,0,0,0,0,0,0,-173000,0,0,0,2000,175000,-173000,-173000
054607,台積電永豐97購03,0,0,0,0,0,0,0,0,0,-174000,0,0,0,20000,194000,-174000,-174000
055187,彩晶統一98購01  ,0,0,0,0,0,0,0,0,0,-174000,0,0,0,73000,247000,-174000,-174000
04672P,台積電統一94售09,0,0,0,0,0,0,0,0,0,-174000,0,0,0,12000,186000,-174000,-174000
051891,智邦元富95購04  ,0,0,0,0,0,0,0,0,0,-174000,0,0,0,0,174000,-174000,-174000
051401,華新科永豐95購01,0,0,0,0,0,0,0,0,0,-174000,0,0,0,54000,228000,-174000,-174000
052183,華邦電群益95購01,0,0,0,0,0,0,0,0,0,-174000,0,0,0,14000,188000,-174000,-174000
06300P,緯穎元大97售04  ,0,0,0,0,0,0,0,0,0,-174000,0,0,0,75000,249000,-174000,-174000
2204,中華            ,11000,164000,-153000,0,0,0,0,0,0,-21000,0,21000,-21000,0,0,0,-174000
056195,群創富邦98購01  ,0,0,0,0,0,0,0,0,0,-175000,0,0,0,29000,204000,-175000,-175000
056192,智邦富邦98購01  ,0,0,0,0,0,0,0,0,0,-175000,0,0,0,168000,343000,-175000,-175000
05642P,玉晶光兆豐97售02,0,0,0,0,0,0,0,0,0,-175000,0,0,0,40000,215000,-175000,-175000
047986,明泰群益93購01  ,0,0,0,0,0,0,0,0,0,-175000,0,0,0,0,175000,-175000,-175000
051463,世芯國泰97購02  ,0,0,0,0,0,0,0,0,0,-175000,0,0,0,46000,221000,-175000,-175000
06061P,訊芯統一97售01  ,0,0,0,0,0,0,0,0,0,-175000,0,0,0,0,175000,-175000,-175000
05844P,旺宏元大96售07  ,0,0,0,0,0,0,0,0,0,-175000,0,0,0,306000,481000,-175000,-175000
055374,明泰元大97購01  ,0,0,0,0,0,0,0,0,0,-176000,0,0,0,0,176000,-176000,-176000
048888,牧德元富94購02  ,0,0,0,0,0,0,0,0,0,-176000,0,0,0,25000,201000,-176000,-176000
048810,玉晶光第一94購01,0,0,0,0,0,0,0,0,0,-176000,0,0,0,0,176000,-176000,-176000
053492,華邦電兆豐97購01,0,0,0,0,0,0,0,0,0,-176000,0,0,0,106000,282000,-176000,-176000
052368,力成國票96購01  ,0,0,0,0,0,0,0,0,0,-177000,0,0,0,43000,220000,-177000,-177000
06174P,國巨元大97售07  ,0,0,0,0,0,0,0,0,0,-177000,0,0,0,183000,360000,-177000,-177000
050053,訊芯群益94購03  ,0,0,0,0,0,0,0,0,0,-178000,0,0,0,17000,195000,-178000,-178000
050767,京元電元大96購01,0,0,0,0,0,0,0,0,0,-178000,0,0,0,0,178000,-178000,-178000
051890,智邦元富95購03  ,0,0,0,0,0,0,0,0,0,-178000,0,0,0,0,178000,-178000,-178000
05760P,京鼎永豐96售02  ,0,0,0,0,0,0,0,0,0,-178000,0,0,0,0,178000,-178000,-178000
055263,華新科富邦9A購01,0,0,0,0,0,0,0,0,0,-179000,0,0,0,1063000,1242000,-179000,-179000
048642,聯發科元大94購02,0,0,0,0,0,0,0,0,0,-179000,0,0,0,329000,508000,-179000,-179000
050189,旭富元大94購01  ,0,0,0,0,0,0,0,0,0,-179000,0,0,0,0,179000,-179000,-179000
052322,力成元大96購01  ,0,0,0,0,0,0,0,0,0,-179000,0,0,0,113000,292000,-179000,-179000
053650,華邦電凱基98購01,0,0,0,0,0,0,0,0,0,-179000,0,0,0,115000,294000,-179000,-179000
053177,華邦電統一96購01,0,0,0,0,0,0,0,0,0,-179000,0,0,0,37000,216000,-179000,-179000
054540,泰鼎國票99購01  ,0,0,0,0,0,0,0,0,0,-180000,0,0,0,58000,238000,-180000,-180000
04171P,旺宏凱基93售07  ,0,0,0,0,0,0,0,0,0,-180000,0,0,0,0,180000,-180000,-180000
04954P,健策國票96售01  ,0,0,0,0,0,0,0,0,0,-180000,0,0,0,20000,200000,-180000,-180000
050522,聯發科元大95購03,0,0,0,0,0,0,0,0,0,-180000,0,0,0,691000,871000,-180000,-180000
052804,淘帝元大96購01  ,0,0,0,0,0,0,0,0,0,-180000,0,0,0,25000,205000,-180000,-180000
04599P,南亞科凱基94售03,0,0,0,0,0,0,0,0,0,-181000,0,0,0,72000,253000,-181000,-181000
050353,華擎群益95購01  ,0,0,0,0,0,0,0,0,0,-181000,0,0,0,368000,549000,-181000,-181000
053122,美律凱基98購01  ,0,0,0,0,0,0,0,0,0,-181000,0,0,0,149000,330000,-181000,-181000
05376P,聯發科日盛95售04,0,0,0,0,0,0,0,0,0,-181000,0,0,0,3000,184000,-181000,-181000
054008,大立光元富96購06,0,0,0,0,0,0,0,0,0,-181000,0,0,0,15000,196000,-181000,-181000
052263,聯電亞東95購01  ,0,0,0,0,0,0,0,0,0,-181000,0,0,0,0,181000,-181000,-181000
052133,華邦電凱基9B購01,0,0,0,0,0,0,0,0,0,-181000,0,0,0,43000,224000,-181000,-181000
06215P,康控永豐97售02  ,0,0,0,0,0,0,0,0,0,-181000,0,0,0,28000,209000,-181000,-181000
00738U,元大道瓊白銀    ,0,426000,-426000,0,0,0,0,0,0,244000,0,0,0,365000,121000,244000,-182000
052271,力成日盛95購02  ,0,0,0,0,0,0,0,0,0,-182000,0,0,0,0,182000,-182000,-182000
047735,華邦電台新94購01,0,0,0,0,0,0,0,0,0,-183000,0,0,0,313000,496000,-183000,-183000
2338,光罩            ,686000,527000,159000,0,0,0,0,0,0,-342000,56000,42000,14000,36000,392000,-356000,-183000
054880,華泰統一97購01  ,0,0,0,0,0,0,0,0,0,-184000,0,0,0,54000,238000,-184000,-184000
050792,可成富邦96購01  ,0,0,0,0,0,0,0,0,0,-184000,0,0,0,110000,294000,-184000,-184000
04956P,臺股指日盛94售02,0,0,0,0,0,0,0,0,0,-184000,0,0,0,33000,217000,-184000,-184000
052395,上証2X凱基97購01,0,0,0,0,0,0,0,0,0,-184000,0,0,0,21000,205000,-184000,-184000
05891P,聯發科中信98售03,0,0,0,0,0,0,0,0,0,-184000,0,0,0,29000,213000,-184000,-184000
05912P,和大元大96售01  ,0,0,0,0,0,0,0,0,0,-184000,0,0,0,0,184000,-184000,-184000
047292,台光電元富96購01,0,0,0,0,0,0,0,0,0,-185000,0,0,0,199000,384000,-185000,-185000
049197,信邦永豐94購01  ,0,0,0,0,0,0,0,0,0,-185000,0,0,0,0,185000,-185000,-185000
052106,明泰兆豐95購01  ,0,0,0,0,0,0,0,0,0,-185000,0,0,0,40000,225000,-185000,-185000
05162P,玉晶光國票96售03,0,0,0,0,0,0,0,0,0,-185000,0,0,0,100000,285000,-185000,-185000
054979,南港元富97購01  ,0,0,0,0,0,0,0,0,0,-186000,0,0,0,83000,269000,-186000,-186000
055753,貿聯第一98購01  ,0,0,0,0,0,0,0,0,0,-186000,0,0,0,84000,270000,-186000,-186000
048516,麗豐凱基93購02  ,0,0,0,0,0,0,0,0,0,-186000,0,0,0,13000,199000,-186000,-186000
048978,晶相光元大94購02,0,0,0,0,0,0,0,0,0,-187000,0,0,0,86000,273000,-187000,-187000
2208,台船            ,38000,224000,-186000,0,0,0,0,0,0,-1000,0,1000,-1000,0,0,0,-187000
055085,大毅國票97購01  ,0,0,0,0,0,0,0,0,0,-188000,0,0,0,103000,291000,-188000,-188000
04729P,臺股指中信96售01,0,0,0,0,0,0,0,0,0,-188000,0,0,0,0,188000,-188000,-188000
044996,嘉晶國泰95購01  ,0,0,0,0,0,0,0,0,0,-188000,0,0,0,0,188000,-188000,-188000
050702,崇越凱基94購01  ,0,0,0,0,0,0,0,0,0,-188000,0,0,0,0,188000,-188000,-188000
5243,乙盛-KY         ,64000,253000,-189000,0,0,0,0,0,0,1000,1000,0,1000,0,0,0,-188000
1504,東元            ,718000,835362,-117362,0,0,0,3000,0,3000,-74000,4000,78000,-74000,0,0,0,-188362
055769,智伸科中信97購01,0,0,0,0,0,0,0,0,0,-189000,0,0,0,166000,355000,-189000,-189000
056246,祥碩群益97購01  ,0,0,0,0,0,0,0,0,0,-189000,0,0,0,61000,250000,-189000,-189000
056205,貿聯永豐97購01  ,0,0,0,0,0,0,0,0,0,-189000,0,0,0,5000,194000,-189000,-189000
047385,華邦電元大94購02,0,0,0,0,0,0,0,0,0,-189000,0,0,0,30000,219000,-189000,-189000
049491,聯發科元大95購01,0,0,0,0,0,0,0,0,0,-189000,0,0,0,531000,720000,-189000,-189000
050757,聯發科元富94購03,0,0,0,0,0,0,0,0,0,-189000,0,0,0,0,189000,-189000,-189000
053420,華邦電永豐96購01,0,0,0,0,0,0,0,0,0,-189000,0,0,0,135000,324000,-189000,-189000
055296,康舒元大97購02  ,0,0,0,0,0,0,0,0,0,-190000,0,0,0,100000,290000,-190000,-190000
044898,旺宏凱基93購01  ,0,0,0,0,0,0,0,0,0,-190000,0,0,0,38000,228000,-190000,-190000
047280,泰鼎永豐93購01  ,0,0,0,0,0,0,0,0,0,-190000,0,0,0,75000,265000,-190000,-190000
049352,泰鼎永豐95購01  ,0,0,0,0,0,0,0,0,0,-190000,0,0,0,115000,305000,-190000,-190000
048732,台勝科麥證95購01,0,0,0,20000,210000,-190000,0,0,0,-190000,0,0,0,20000,210000,-190000,-190000
051651,易華電永豐95購01,0,0,0,0,0,0,0,0,0,-190000,0,0,0,10000,200000,-190000,-190000
9934,成霖            ,24000,206000,-182000,0,0,0,0,0,0,-8000,0,8000,-8000,0,0,0,-190000
055995,華擎國泰99購01  ,0,0,0,0,0,0,0,0,0,-191000,0,0,0,613000,804000,-191000,-191000
006208,富邦台50        ,2000,2000,0,0,0,0,0,0,0,-191000,0,0,0,494000,685000,-191000,-191000
053520,康友群益96購01  ,0,0,0,0,0,0,0,0,0,-191000,0,0,0,3000,194000,-191000,-191000
056208,崇越永豐97購01  ,0,0,0,0,0,0,0,0,0,-192000,0,0,0,0,192000,-192000,-192000
4142,國光生          ,529000,720000,-191000,0,0,0,0,0,0,-1000,0,1000,-1000,0,0,0,-192000
056300,聯發科元大97購23,0,0,0,0,0,0,0,0,0,-193000,0,0,0,335000,528000,-193000,-193000
055371,正崴元大97購02  ,0,0,0,0,0,0,0,0,0,-193000,0,0,0,129000,322000,-193000,-193000
00715L,街口布蘭特油正2 ,0,0,0,0,0,0,0,0,0,-193000,0,0,0,0,193000,-193000,-193000
04327P,台積電國泰95售01,0,0,0,0,0,0,0,0,0,-193000,0,0,0,543000,736000,-193000,-193000
053411,深中小國票9B購01,0,0,0,0,0,0,0,0,0,-193000,0,0,0,232000,425000,-193000,-193000
06339P,上銀統一97售06  ,0,0,0,0,0,0,0,0,0,-193000,0,0,0,1000,194000,-193000,-193000
00693U,街口S&P黃豆     ,0,231000,-231000,0,0,0,0,0,0,36000,0,0,0,36000,0,36000,-195000
044187,泰鼎國泰93購01  ,0,0,0,0,0,0,0,0,0,-195000,0,0,0,2000,197000,-195000,-195000
049900,台積電元富94購06,0,0,0,0,0,0,0,0,0,-195000,0,0,0,330000,525000,-195000,-195000
2006,東和鋼鐵        ,40000,189000,-149000,0,0,0,1000,0,1000,-47000,0,47000,-47000,0,0,0,-195000
05440P,緯穎國票96售02  ,0,0,0,0,0,0,0,0,0,-196000,0,0,0,7000,203000,-196000,-196000
05857P,旺宏中信98售02  ,0,0,0,0,0,0,0,0,0,-196000,0,0,0,71000,267000,-196000,-196000
048012,嘉晶國票94購01  ,0,0,0,0,0,0,0,0,0,-197000,0,0,0,0,197000,-197000,-197000
047969,台達電富邦97購01,0,0,0,0,0,0,0,0,0,-197000,0,0,0,156000,353000,-197000,-197000
055413,全新富邦98購01  ,0,0,0,0,0,0,0,0,0,-198000,0,0,0,0,198000,-198000,-198000
05573P,仁寶元富96售02  ,0,0,0,0,0,0,0,0,0,-198000,0,0,0,1000,199000,-198000,-198000
04220P,聯發科兆豐93售04,0,0,0,0,0,0,0,0,0,-198000,0,0,0,20000,218000,-198000,-198000
03824P,燿華元大94售01  ,0,0,0,0,0,0,0,0,0,-198000,0,0,0,10000,208000,-198000,-198000
048395,南亞科國票93購02,0,0,0,0,0,0,0,0,0,-198000,0,0,0,800000,998000,-198000,-198000
053432,世紀鋼永豐96購02,0,0,0,0,0,0,0,0,0,-198000,0,0,0,51000,249000,-198000,-198000
053266,全新群益98購01  ,0,0,0,0,0,0,0,0,0,-198000,0,0,0,48000,246000,-198000,-198000
05161P,華新科國票96售01,0,0,0,0,0,0,0,0,0,-198000,0,0,0,0,198000,-198000,-198000
056254,為升元富97購01  ,0,0,0,0,0,0,0,0,0,-199000,0,0,0,0,199000,-199000,-199000
053468,鴻海元大98購01  ,0,0,0,0,0,0,0,0,0,-199000,0,0,0,0,199000,-199000,-199000
3055,蔚華科          ,83000,282000,-199000,0,0,0,0,0,0,0,0,0,0,0,0,0,-199000
055034,建準富邦99購01  ,0,0,0,0,0,0,0,0,0,-200000,0,0,0,0,200000,-200000,-200000
03813P,可成麥證93售02  ,0,0,0,0,200000,-200000,0,0,0,-200000,0,0,0,0,200000,-200000,-200000
039212,台達電台新9A購01,0,0,0,0,0,0,0,0,0,-200000,0,0,0,3000,203000,-200000,-200000
04040P,大立光統一93售09,0,0,0,0,0,0,0,0,0,-200000,0,0,0,0,200000,-200000,-200000
04286P,滬深2X中信96售01,0,0,0,0,0,0,0,0,0,-200000,0,0,0,0,200000,-200000,-200000
043040,永冠元富94購01  ,0,0,0,0,0,0,0,0,0,-200000,0,0,0,0,200000,-200000,-200000
04154P,南亞科永豐93售02,0,0,0,0,0,0,0,0,0,-200000,0,0,0,0,200000,-200000,-200000
045599,神基中信92購01  ,0,0,0,0,0,0,0,0,0,-200000,0,0,0,0,200000,-200000,-200000
045799,微星亞東93購01  ,0,0,0,0,0,0,0,0,0,-200000,0,0,0,0,200000,-200000,-200000
045417,華新凱基93購01  ,0,0,0,0,0,0,0,0,0,-200000,0,0,0,0,200000,-200000,-200000
046719,元石油元大95購02,0,0,0,0,0,0,0,0,0,-200000,0,0,0,0,200000,-200000,-200000
049191,元油2X永豐95購01,0,0,0,0,0,0,0,0,0,-200000,0,0,0,0,200000,-200000,-200000
049145,南亞科元大94購01,0,0,0,0,0,0,0,0,0,-200000,0,0,0,9000,209000,-200000,-200000
049685,T50反1元大94購01,0,0,0,0,0,0,0,0,0,-200000,0,0,0,300000,500000,-200000,-200000
049676,美食國票94購01  ,0,0,0,0,0,0,0,0,0,-200000,0,0,0,0,200000,-200000,-200000
04880P,GIS永豐94售02   ,0,0,0,0,0,0,0,0,0,-200000,0,0,0,0,200000,-200000,-200000
048048,大立光永豐93購03,0,0,0,0,0,0,0,0,0,-200000,0,0,0,0,200000,-200000,-200000
05395P,旺宏元大96售06  ,0,0,0,0,0,0,0,0,0,-200000,0,0,0,0,200000,-200000,-200000
05277P,深中小統一95售02,0,0,0,0,0,0,0,0,0,-200000,0,0,0,0,200000,-200000,-200000
052913,鴻海元富96購05  ,0,0,0,0,0,0,0,0,0,-200000,0,0,0,84000,284000,-200000,-200000
051728,道瓊反國票97購01,0,0,0,0,0,0,0,0,0,-200000,0,0,0,0,200000,-200000,-200000
056617,美律永豐98購01  ,0,0,0,0,0,0,0,0,0,-200000,0,0,0,0,200000,-200000,-200000
06011P,貿聯元富96售04  ,0,0,0,0,0,0,0,0,0,-200000,0,0,0,32000,232000,-200000,-200000
2402,毅嘉            ,38000,246000,-208000,0,0,0,0,0,0,8000,11000,3000,8000,0,0,0,-200000
054005,旺宏統一97購04  ,0,0,0,0,0,0,0,0,0,-201000,0,0,0,139000,340000,-201000,-201000
6202,盛群            ,10000,214000,-204000,0,0,0,0,0,0,3000,0,6000,-6000,9000,0,9000,-201000
056356,台積電元大99購01,0,0,0,0,0,0,0,0,0,-202000,0,0,0,403000,605000,-202000,-202000
05289P,鴻海永豐95售05  ,0,0,0,0,0,0,0,0,0,-202000,0,0,0,464000,666000,-202000,-202000
053190,聯發科統一99購01,0,0,0,0,0,0,0,0,0,-202000,0,0,0,0,202000,-202000,-202000
052597,茂林群益96購01  ,0,0,0,0,0,0,0,0,0,-202000,0,0,0,138000,340000,-202000,-202000
052681,T50反1元大98購02,0,0,0,0,0,0,0,0,0,-203000,0,0,0,0,203000,-203000,-203000
1104,環泥            ,17000,220000,-203000,0,0,0,0,0,0,0,0,0,0,0,0,0,-203000
055454,華邦電元富97購02,0,0,0,0,0,0,0,0,0,-204000,0,0,0,147000,351000,-204000,-204000
2702,華園            ,47000,250000,-203000,0,0,0,0,0,0,-1000,0,1000,-1000,0,0,0,-204000
06255P,臺股指群益97售08,0,0,0,0,0,0,0,0,0,-204000,0,0,0,35000,239000,-204000,-204000
055705,微星永豐97購01  ,0,0,0,0,0,0,0,0,0,-205000,0,0,0,108000,313000,-205000,-205000
051406,泰鼎永豐96購01  ,0,0,0,0,0,0,0,0,0,-205000,0,0,0,51000,256000,-205000,-205000
053654,聯發科凱基98購01,0,0,0,0,0,0,0,0,0,-205000,0,0,0,45000,250000,-205000,-205000
04644P,全新凱基94售01  ,0,0,0,0,0,0,0,0,0,-206000,0,0,0,0,206000,-206000,-206000
05197P,智原永豐95售02  ,0,0,0,0,0,0,0,0,0,-206000,0,0,0,0,206000,-206000,-206000
052228,聯發科凱基96購06,0,0,0,0,0,0,0,0,0,-206000,0,0,0,17000,223000,-206000,-206000
052355,為升永豐95購02  ,0,0,0,0,0,0,0,0,0,-206000,0,0,0,26000,232000,-206000,-206000
056362,聯發科元大99購01,0,0,0,0,0,0,0,0,0,-207000,0,0,0,646000,853000,-207000,-207000
056018,旺宏群益97購02  ,0,0,0,0,0,0,0,0,0,-207000,0,0,0,11000,218000,-207000,-207000
054206,鴻海國票99購01  ,0,0,0,0,0,0,0,0,0,-207000,0,0,0,35000,242000,-207000,-207000
05119P,聯發科國泰96售02,0,0,0,0,0,0,0,0,0,-207000,0,0,0,0,207000,-207000,-207000
6456,GIS-KY          ,208000,338000,-130000,0,0,0,0,0,0,-77000,1000,11000,-10000,12000,79000,-67000,-207000
056111,力成永豐97購01  ,0,0,0,0,0,0,0,0,0,-208000,0,0,0,132000,340000,-208000,-208000
04687P,全新凱基94售02  ,0,0,0,0,0,0,0,0,0,-208000,0,0,0,0,208000,-208000,-208000
052132,旺宏凱基9B購01  ,0,0,0,0,0,0,0,0,0,-208000,0,0,0,38000,246000,-208000,-208000
052428,嘉晶永豐95購01  ,0,0,0,0,0,0,0,0,0,-208000,0,0,0,0,208000,-208000,-208000
8105,凌巨            ,173000,367000,-194000,0,0,0,0,0,0,-14000,3000,17000,-14000,0,0,0,-208000
06229P,欣興凱基97售07  ,0,0,0,0,0,0,0,0,0,-208000,0,0,0,189000,397000,-208000,-208000
056106,晶相光永豐97購02,0,0,0,0,0,0,0,0,0,-210000,0,0,0,0,210000,-210000,-210000
05549P,臺股指元大96售03,0,0,0,0,0,0,0,0,0,-210000,0,0,0,15000,225000,-210000,-210000
042712,元石油國票95購01,0,0,0,0,0,0,0,0,0,-210000,0,0,0,0,210000,-210000,-210000
052664,麗豐國票96購02  ,0,0,0,0,0,0,0,0,0,-210000,0,0,0,80000,290000,-210000,-210000
056396,祥碩永豐98購01  ,0,0,0,0,0,0,0,0,0,-211000,0,0,0,0,211000,-211000,-211000
06034P,世芯凱基96售03  ,0,0,0,0,0,0,0,0,0,-211000,0,0,0,15000,226000,-211000,-211000
049762,華邦電國泰95購01,0,0,0,0,0,0,0,0,0,-212000,0,0,0,239000,451000,-212000,-212000
05223P,臻鼎凱基95售02  ,0,0,0,0,0,0,0,0,0,-212000,0,0,0,2000,214000,-212000,-212000
053309,泰鼎凱基96購03  ,0,0,0,0,0,0,0,0,0,-212000,0,0,0,221000,433000,-212000,-212000
3019,亞光            ,769000,1006000,-237000,0,0,0,60000,77000,-17000,42000,69000,55000,14000,41000,13000,28000,-212000
055816,新日興國票98購01,0,0,0,0,0,0,0,0,0,-213000,0,0,0,44000,257000,-213000,-213000
050363,臺指反元大98購04,0,0,0,0,0,0,0,0,0,-213000,0,0,0,0,213000,-213000,-213000
5534,長虹            ,3000,200000,-197000,0,0,0,0,0,0,-16000,0,16000,-16000,0,0,0,-213000
054615,牧德永豐98購01  ,0,0,0,0,0,0,0,0,0,-214000,0,0,0,195000,409000,-214000,-214000
055018,緯穎元富97購02  ,0,0,0,0,0,0,0,0,0,-214000,0,0,0,456000,670000,-214000,-214000
3518,柏騰            ,21000,237000,-216000,0,0,0,0,0,0,2000,2000,0,2000,0,0,0,-214000
055764,臺股指群益97購02,0,0,0,0,0,0,0,0,0,-215000,0,0,0,46000,261000,-215000,-215000
056130,新日興麥證97購01,0,0,0,146000,361000,-215000,0,0,0,-215000,0,0,0,146000,361000,-215000,-215000
04402P,TPK兆豐95售01   ,0,0,0,0,0,0,0,0,0,-215000,0,0,0,0,215000,-215000,-215000
052560,康舒國票97購01  ,0,0,0,0,0,0,0,0,0,-215000,0,0,0,0,215000,-215000,-215000
08663P,台灣50元大96售01,0,0,0,0,0,0,0,0,0,-215000,0,0,0,0,215000,-215000,-215000
1229,聯華            ,61000,237000,-176000,0,0,0,5000,0,5000,-44000,0,44000,-44000,0,0,0,-215000
044270,群創中信95購02  ,0,0,0,0,0,0,0,0,0,-216000,0,0,0,4000,220000,-216000,-216000
053357,可成統一96購02  ,0,0,0,0,0,0,0,0,0,-216000,0,0,0,194000,410000,-216000,-216000
4414,如興            ,179000,400000,-221000,0,0,0,0,0,0,5000,10000,5000,5000,0,0,0,-216000
9935,慶豐富          ,79000,304000,-225000,0,0,0,0,0,0,9000,1000,1000,0,11000,2000,9000,-216000
055673,旺宏日盛97購01  ,0,0,0,0,0,0,0,0,0,-217000,0,0,0,127000,344000,-217000,-217000
054577,世芯元大98購01  ,0,0,0,0,0,0,0,0,0,-217000,0,0,0,19000,236000,-217000,-217000
049050,崇越康和94購01  ,0,0,0,0,0,0,0,0,0,-217000,0,0,0,0,217000,-217000,-217000
051968,勤誠永豐95購01  ,0,0,0,0,0,0,0,0,0,-217000,0,0,0,34000,251000,-217000,-217000
049788,智伸科兆豐95購01,0,0,0,0,0,0,0,0,0,-218000,0,0,0,18000,236000,-218000,-218000
049226,元石油富邦95購01,0,0,0,0,0,0,0,0,0,-218000,0,0,0,0,218000,-218000,-218000
04953P,台積電群益94售13,0,0,0,0,0,0,0,0,0,-218000,0,0,0,20000,238000,-218000,-218000
053264,南亞科群益96購01,0,0,0,0,0,0,0,0,0,-218000,0,0,0,39000,257000,-218000,-218000
053524,聯電中信97購02  ,0,0,0,0,0,0,0,0,0,-218000,0,0,0,10000,228000,-218000,-218000
055154,聯發科元大98購01,0,0,0,0,0,0,0,0,0,-219000,0,0,0,80000,299000,-219000,-219000
047981,南亞科群益93購02,0,0,0,0,0,0,0,0,0,-219000,0,0,0,19000,238000,-219000,-219000
052538,和大統一95購02  ,0,0,0,0,0,0,0,0,0,-219000,0,0,0,69000,288000,-219000,-219000
054709,宏達電統一97購01,0,0,0,0,0,0,0,0,0,-220000,0,0,0,4000,224000,-220000,-220000
043642,元金2X國票97購01,0,0,0,0,0,0,0,0,0,-220000,0,0,0,0,220000,-220000,-220000
042735,TPK兆豐92購01   ,0,0,0,0,0,0,0,0,0,-220000,0,0,0,0,220000,-220000,-220000
046797,T50反1元大96購01,0,0,0,0,0,0,0,0,0,-220000,0,0,0,100000,320000,-220000,-220000
047639,聯發科元大93購16,0,0,0,0,0,0,0,0,0,-220000,0,0,0,0,220000,-220000,-220000
052371,元金2X元大95購01,0,0,0,0,0,0,0,0,0,-220000,0,0,0,0,220000,-220000,-220000
2897,王道銀行        ,55000,178000,-123000,0,0,0,1000,0,1000,-98000,0,98000,-98000,0,0,0,-220000
054073,群創富邦96購03  ,0,0,0,0,0,0,0,0,0,-221000,0,0,0,26000,247000,-221000,-221000
050006,華擎永豐94購03  ,0,0,0,0,0,0,0,0,0,-221000,0,0,0,283000,504000,-221000,-221000
3661,世芯-KY         ,1044830,679000,365830,0,0,0,0,335000,-335000,-252000,13000,277000,-264000,24000,12000,12000,-221170
055308,聯發科群益97購04,0,0,0,0,0,0,0,0,0,-222000,0,0,0,0,222000,-222000,-222000
055928,南亞科群益97購02,0,0,0,0,0,0,0,0,0,-222000,0,0,0,58000,280000,-222000,-222000
04748P,臺股指元大94售23,0,0,0,0,0,0,0,0,0,-222000,0,0,0,0,222000,-222000,-222000
2534,宏盛            ,23000,244000,-221000,0,0,0,0,0,0,-1000,0,1000,-1000,0,0,0,-222000
049389,元石油中信97購02,5000,0,5000,0,0,0,0,0,0,-228000,0,0,0,0,228000,-228000,-223000
052037,全新國泰96購02  ,0,0,0,0,0,0,0,0,0,-223000,0,0,0,48000,271000,-223000,-223000
054197,台積電永昌96購07,0,0,0,0,0,0,0,0,0,-224000,0,0,0,2195000,2419000,-224000,-224000
050867,聯鈞永豐95購01  ,0,0,0,0,0,0,0,0,0,-224000,0,0,0,11000,235000,-224000,-224000
054154,智易國泰97購01  ,0,0,0,0,0,0,0,0,0,-225000,0,0,0,34000,259000,-225000,-225000
055965,泰鼎元大97購03  ,0,0,0,0,0,0,0,0,0,-225000,0,0,0,377000,602000,-225000,-225000
05245P,台積電元大95售18,0,0,0,0,0,0,0,0,0,-225000,0,0,0,908000,1133000,-225000,-225000
047482,新光金凱基99購03,0,0,0,0,0,0,0,0,0,-226000,0,0,0,108000,334000,-226000,-226000
047920,南亞科凱基93購04,0,0,0,0,0,0,0,0,0,-226000,0,0,0,0,226000,-226000,-226000
052767,智伸科群益98購01,0,0,0,0,0,0,0,0,0,-226000,0,0,0,0,226000,-226000,-226000
2536,宏普            ,4000,228000,-224000,0,0,0,0,0,0,-2000,0,2000,-2000,0,0,0,-226000
2548,華固            ,128000,390000,-262000,0,0,0,0,0,0,36000,55000,14000,41000,0,5000,-5000,-226000
2107,厚生            ,11000,235000,-224000,0,0,0,0,0,0,-2000,0,2000,-2000,0,0,0,-226000
06007P,世芯永豐96售01  ,0,0,0,0,0,0,0,0,0,-226000,0,0,0,14000,240000,-226000,-226000
054080,微星中信98購01  ,0,0,0,0,0,0,0,0,0,-227000,0,0,0,7000,234000,-227000,-227000
051222,世紀鋼元富95購01,0,0,0,0,0,0,0,0,0,-227000,0,0,0,24000,251000,-227000,-227000
046608,超眾兆豐93購02  ,0,0,0,0,0,0,0,0,0,-228000,0,0,0,2000,230000,-228000,-228000
049950,南亞科群益94購02,0,0,0,0,0,0,0,0,0,-228000,0,0,0,11000,239000,-228000,-228000
05079P,可成永豐95售01  ,0,0,0,0,0,0,0,0,0,-228000,0,0,0,0,228000,-228000,-228000
05418P,瑞昱永豐95售02  ,0,0,0,0,0,0,0,0,0,-229000,0,0,0,0,229000,-229000,-229000
046864,和大統一97購01  ,0,0,0,0,0,0,0,0,0,-229000,0,0,0,785000,1014000,-229000,-229000
051113,聯電元富95購01  ,0,0,0,0,0,0,0,0,0,-229000,0,0,0,713000,942000,-229000,-229000
054632,緯穎凱基9A購01  ,0,0,0,0,0,0,0,0,0,-230000,0,0,0,75000,305000,-230000,-230000
04684P,欣興元大94售07  ,0,0,0,0,0,0,0,0,0,-230000,0,0,0,47000,277000,-230000,-230000
04766P,緯穎永豐94售02  ,0,0,0,0,0,0,0,0,0,-230000,0,0,0,0,230000,-230000,-230000
053717,聯發科凱基96購17,0,0,0,0,0,0,0,0,0,-230000,0,0,0,230000,460000,-230000,-230000
2727,王品            ,20000,249000,-229000,0,0,0,0,0,0,-1000,0,1000,-1000,0,0,0,-230000
06387P,緯穎永豐97售02  ,0,0,0,0,0,0,0,0,0,-230000,0,0,0,0,230000,-230000,-230000
06170P,禾伸堂元富97售02,0,0,0,0,0,0,0,0,0,-231000,0,0,0,30000,261000,-231000,-231000
00641R,富邦日本反1     ,0,0,0,0,0,0,0,0,0,-232000,0,0,0,103000,335000,-232000,-232000
051187,晶相光永豐95購01,0,0,0,0,0,0,0,0,0,-233000,0,0,0,47000,280000,-233000,-233000
05312P,臺股指群益95售11,0,0,0,0,0,0,0,0,0,-233000,0,0,0,15000,248000,-233000,-233000
052590,祥碩永豐96購01  ,0,0,0,0,0,0,0,0,0,-233000,0,0,0,103000,336000,-233000,-233000
1527,鑽全            ,10000,241000,-231000,0,0,0,0,0,0,-2000,0,2000,-2000,0,0,0,-233000
04571P,華新科國泰95售03,0,0,0,0,0,0,0,0,0,-235000,0,0,0,50000,285000,-235000,-235000
050603,致新國泰96購01  ,0,0,0,0,0,0,0,0,0,-235000,0,0,0,0,235000,-235000,-235000
053124,聯發科凱基96購12,0,0,0,0,0,0,0,0,0,-235000,0,0,0,155000,390000,-235000,-235000
8996,高力            ,449000,1044000,-595000,0,0,0,240000,0,240000,119000,150000,31000,119000,0,0,0,-236000
05402P,台郡永豐95售02  ,0,0,0,0,0,0,0,0,0,-237000,0,0,0,57000,294000,-237000,-237000
052629,訊芯中信99購01  ,0,0,0,0,0,0,0,0,0,-237000,0,0,0,30000,267000,-237000,-237000
3062,建漢            ,161000,395000,-234000,0,0,0,0,0,0,-3000,0,3000,-3000,0,0,0,-237000
049792,元油2X元大94購08,0,0,0,0,0,0,0,0,0,-238000,0,0,0,2000,240000,-238000,-238000
054829,亞光國泰99購01  ,0,0,0,0,0,0,0,0,0,-239000,0,0,0,285000,524000,-239000,-239000
06203P,奇力新中信98售02,0,0,0,0,0,0,0,0,0,-239000,0,0,0,6000,245000,-239000,-239000
055224,鴻海國票99購02  ,0,0,0,0,0,0,0,0,0,-240000,0,0,0,80000,320000,-240000,-240000
054359,南亞科日盛96購02,0,0,0,0,0,0,0,0,0,-240000,0,0,0,485000,725000,-240000,-240000
056253,京鼎兆豐98購01  ,0,0,0,0,0,0,0,0,0,-240000,0,0,0,0,240000,-240000,-240000
051235,鴻海元大95購06  ,0,0,0,0,0,0,0,0,0,-240000,0,0,0,61000,301000,-240000,-240000
049408,旺宏日盛94購01  ,0,0,0,0,0,0,0,0,0,-240000,0,0,0,315000,555000,-240000,-240000
052425,華通台新95購02  ,0,0,0,0,0,0,0,0,0,-240000,0,0,0,0,240000,-240000,-240000
051696,新日興中信96購01,0,0,0,0,0,0,0,0,0,-240000,0,0,0,239000,479000,-240000,-240000
9945,潤泰新          ,436000,642000,-206000,0,0,0,4000,0,4000,-39000,0,39000,-39000,2000,2000,0,-241000
055156,華新科元大99購02,0,0,0,0,0,0,0,0,0,-242000,0,0,0,84000,326000,-242000,-242000
04363P,儒鴻元富94售01  ,0,0,0,0,0,0,0,0,0,-242000,0,0,0,0,242000,-242000,-242000
048442,友訊凱基94購01  ,0,0,0,0,0,0,0,0,0,-243000,0,0,0,40000,283000,-243000,-243000
053242,聯電國票96購04  ,0,0,0,0,0,0,0,0,0,-243000,0,0,0,0,243000,-243000,-243000
6120,達運            ,103000,322000,-219000,0,0,0,0,0,0,-24000,2000,24000,-22000,0,2000,-2000,-243000
055421,玉晶光永豐98購04,0,0,0,0,0,0,0,0,0,-244000,0,0,0,10000,254000,-244000,-244000
041991,元油2X國票98購01,0,0,0,0,0,0,0,0,0,-244000,0,0,0,30000,274000,-244000,-244000
1590,亞德客-KY       ,704374,964000,-259626,0,0,0,69000,3000,66000,-51000,0,6000,-6000,4000,49000,-45000,-244626
04875P,台積電中信94售04,0,0,0,0,0,0,0,0,0,-245000,0,0,0,5000,250000,-245000,-245000
05685P,臺股指元大96售10,0,0,0,0,0,0,0,0,0,-245000,0,0,0,0,245000,-245000,-245000
055160,玉晶光元大99購03,0,0,0,0,0,0,0,0,0,-246000,0,0,0,15000,261000,-246000,-246000
050400,臻鼎中信97購01  ,0,0,0,0,0,0,0,0,0,-246000,0,0,0,0,246000,-246000,-246000
05722P,玉晶光國票97售03,0,0,0,0,0,0,0,0,0,-246000,0,0,0,225000,471000,-246000,-246000
1464,得力            ,19000,258000,-239000,0,0,0,0,0,0,-7000,0,6000,-6000,1000,2000,-1000,-246000
2481,強茂            ,322000,342000,-20000,0,0,0,0,0,0,-227000,0,2000,-2000,10000,235000,-225000,-247000
06152P,玉晶光元大98售06,0,0,0,0,0,0,0,0,0,-247000,0,0,0,35000,282000,-247000,-247000
6706,惠特            ,142000,71000,71000,0,0,0,35000,301000,-266000,-52000,3000,55000,-52000,0,0,0,-247000
053238,麗豐永豐96購01  ,0,0,0,0,0,0,0,0,0,-248000,0,0,0,441000,689000,-248000,-248000
053885,全新兆豐96購01  ,0,0,0,0,0,0,0,0,0,-248000,0,0,0,0,248000,-248000,-248000
052085,聯電元大95購01  ,0,0,0,0,0,0,0,0,0,-248000,0,0,0,86000,334000,-248000,-248000
1722,台肥            ,120000,322000,-202000,0,0,0,1000,0,1000,-47000,0,40000,-40000,7000,14000,-7000,-248000
052509,鴻海凱基96購10  ,0,0,0,0,0,0,0,0,0,-249000,0,0,0,0,249000,-249000,-249000
051858,上銀凱基95購01  ,0,0,0,0,0,0,0,0,0,-249000,0,0,0,20000,269000,-249000,-249000
053400,緯穎中信9A購01  ,0,0,0,0,0,0,0,0,0,-249000,0,0,0,126000,375000,-249000,-249000
05279P,上銀元大95售02  ,0,0,0,0,0,0,0,0,0,-249000,0,0,0,1000,250000,-249000,-249000
1313,聯成            ,78000,324000,-246000,0,0,0,0,0,0,-3000,0,3000,-3000,0,0,0,-249000
06123P,玉晶光元大97售04,0,0,0,0,0,0,0,0,0,-249000,0,0,0,89000,338000,-249000,-249000
047529,嘉晶元大94購02  ,0,0,0,0,0,0,0,0,0,-250000,0,0,0,8000,258000,-250000,-250000
03799P,京元電元大94售01,0,0,0,0,0,0,0,0,0,-250000,0,0,0,0,250000,-250000,-250000
03388P,元油2X元富98售02,0,0,0,0,0,0,0,0,0,-250000,0,0,0,150000,400000,-250000,-250000
050623,致新元大94購05  ,0,0,0,0,0,0,0,0,0,-250000,0,0,0,0,250000,-250000,-250000
051132,喬山永豐95購02  ,0,0,0,0,0,0,0,0,0,-250000,0,0,0,0,250000,-250000,-250000
05273P,國巨群益95售02  ,0,0,0,0,0,0,0,0,0,-250000,0,0,0,0,250000,-250000,-250000
06139P,台積電中信99售02,0,0,0,0,0,0,0,0,0,-250000,0,0,0,0,250000,-250000,-250000
06210P,元油反元大97售01,0,0,0,0,0,0,0,0,0,-250000,0,0,0,0,250000,-250000,-250000
056244,群創群益98購09  ,0,0,0,0,0,0,0,0,0,-251000,0,0,0,95000,346000,-251000,-251000
053073,技嘉康和96購01  ,0,0,0,0,0,0,0,0,0,-251000,0,0,0,10000,261000,-251000,-251000
055010,佐登元富97購01  ,0,0,0,0,0,0,0,0,0,-252000,0,0,0,0,252000,-252000,-252000
05496P,聯詠統一95售04  ,0,0,0,0,0,0,0,0,0,-252000,0,0,0,18000,270000,-252000,-252000
03757P,麗豐永豐93售01  ,0,0,0,0,0,0,0,0,0,-252000,0,0,0,0,252000,-252000,-252000
06361P,聯發科群益97售06,0,0,0,0,0,0,0,0,0,-252000,0,0,0,0,252000,-252000,-252000
038489,T50反1台新9A購01,0,0,0,0,0,0,0,0,0,-253000,0,0,0,0,253000,-253000,-253000
050971,緯穎永豐95購01  ,0,0,0,0,0,0,0,0,0,-253000,0,0,0,270000,523000,-253000,-253000
050617,神基元大94購01  ,0,0,0,0,0,0,0,0,0,-253000,0,0,0,11000,264000,-253000,-253000
050664,全新台新94購02  ,0,0,0,0,0,0,0,0,0,-253000,0,0,0,0,253000,-253000,-253000
049733,旺宏群益94購03  ,0,0,0,0,0,0,0,0,0,-253000,0,0,0,133000,386000,-253000,-253000
053433,友達日盛99購06  ,0,0,0,0,0,0,0,0,0,-253000,0,0,0,369000,622000,-253000,-253000
1802,台玻            ,181000,334000,-153000,0,0,0,0,0,0,-100000,0,100000,-100000,0,0,0,-253000
050257,為升元大94購07  ,0,0,0,0,0,0,0,0,0,-254000,0,0,0,0,254000,-254000,-254000
06371P,茂林國票98售04  ,0,0,0,0,0,0,0,0,0,-255000,0,0,0,0,255000,-255000,-255000
055278,旺宏元大98購05  ,0,0,0,0,0,0,0,0,0,-256000,0,0,0,520000,776000,-256000,-256000
056185,全新統一98購01  ,0,0,0,0,0,0,0,0,0,-256000,0,0,0,0,256000,-256000,-256000
052506,日月光日盛95購01,0,0,0,0,0,0,0,0,0,-256000,0,0,0,1000,257000,-256000,-256000
05491P,茂林元大95售04  ,0,0,0,0,0,0,0,0,0,-257000,0,0,0,201000,458000,-257000,-257000
04294P,台積電元大95售01,0,0,0,0,0,0,0,0,0,-257000,0,0,0,0,257000,-257000,-257000
052877,矽創凱基96購01  ,0,0,0,0,0,0,0,0,0,-257000,0,0,0,2000,259000,-257000,-257000
044965,大立光中信95購01,0,0,0,0,0,0,0,0,0,-258000,0,0,0,107000,365000,-258000,-258000
049661,喬山永豐94購01  ,0,0,0,0,0,0,0,0,0,-258000,0,0,0,0,258000,-258000,-258000
054871,明泰群益98購01  ,0,0,0,0,0,0,0,0,0,-259000,0,0,0,130000,389000,-259000,-259000
044291,群創凱基93購06  ,0,0,0,0,0,0,0,0,0,-259000,0,0,0,124000,383000,-259000,-259000
2845,遠東銀          ,648000,770000,-122000,0,0,0,5000,0,5000,-142000,0,142000,-142000,0,0,0,-259000
056278,全新富邦98購02  ,0,0,0,0,0,0,0,0,0,-260000,0,0,0,0,260000,-260000,-260000
048509,上証反凱基99購02,0,0,0,0,0,0,0,0,0,-260000,0,0,0,140000,400000,-260000,-260000
053691,聯發科元大96購16,0,0,0,0,0,0,0,0,0,-260000,0,0,0,516000,776000,-260000,-260000
1762,中化生          ,195000,455000,-260000,0,0,0,0,0,0,0,0,0,0,0,0,0,-260000
056078,勤誠元大97購01  ,0,0,0,0,0,0,0,0,0,-261000,0,0,0,154000,415000,-261000,-261000
03828P,致茂中信95售01  ,0,0,0,0,0,0,0,0,0,-261000,0,0,0,39000,300000,-261000,-261000
048627,T50反1元大96購02,0,0,0,0,0,0,0,0,0,-261000,0,0,0,192000,453000,-261000,-261000
3708,上緯投控        ,59000,288000,-229000,0,0,0,0,0,0,-32000,0,4000,-4000,4000,32000,-28000,-261000
3031,佰鴻            ,122000,401000,-279000,0,0,0,0,0,0,18000,18000,0,18000,0,0,0,-261000
055426,旺宏群益99購02  ,0,0,0,0,0,0,0,0,0,-262000,0,0,0,222000,484000,-262000,-262000
048060,台達電統一93購01,0,0,0,0,0,0,0,0,0,-262000,0,0,0,0,262000,-262000,-262000
048652,巨大元大96購01  ,0,0,0,0,0,0,0,0,0,-263000,0,0,0,21000,284000,-263000,-263000
049243,佳世達元富96購02,0,0,0,0,0,0,0,0,0,-263000,0,0,0,2000,265000,-263000,-263000
053396,漢唐中信9A購01  ,0,0,0,0,0,0,0,0,0,-263000,0,0,0,33000,296000,-263000,-263000
049538,元油2X群益98購01,50000,0,50000,0,0,0,0,0,0,-314000,0,0,0,0,314000,-314000,-264000
053947,義隆富邦97購01  ,0,0,0,0,0,0,0,0,0,-264000,0,0,0,349000,613000,-264000,-264000
053094,聯電統一97購02  ,0,0,0,0,0,0,0,0,0,-264000,0,0,0,95000,359000,-264000,-264000
049867,日月光兆豐94購01,0,0,0,0,0,0,0,0,0,-266000,0,0,0,0,266000,-266000,-266000
054084,旺宏統一97購05  ,0,0,0,0,0,0,0,0,0,-267000,0,0,0,218000,485000,-267000,-267000
045053,聯發科元富98購01,0,0,0,0,0,0,0,0,0,-267000,0,0,0,390000,657000,-267000,-267000
044848,華邦電統一94購01,0,0,0,0,0,0,0,0,0,-267000,0,0,0,54000,321000,-267000,-267000
049605,旺宏第一94購01  ,0,0,0,0,0,0,0,0,0,-267000,0,0,0,8000,275000,-267000,-267000
8028,昇陽半導體      ,131000,362000,-231000,0,0,0,0,0,0,-37000,6000,7000,-1000,19000,55000,-36000,-268000
2357,華碩            ,615000,868500,-253500,0,0,0,1000,0,1000,-16000,0,20000,-20000,6000,2000,4000,-268500
055613,全新國票98購01  ,0,0,0,0,0,0,0,0,0,-269000,0,0,0,0,269000,-269000,-269000
04662P,臺股指國票94售01,0,0,0,0,0,0,0,0,0,-269000,0,0,0,0,269000,-269000,-269000
051700,深中小群益99購04,0,0,0,0,0,0,0,0,0,-269000,0,0,0,141000,410000,-269000,-269000
5264,鎧勝-KY         ,76000,332000,-256000,0,0,0,0,0,0,-13340,0,13000,-13000,0,340,-340,-269340
052317,台積電元大96購11,0,0,0,0,0,0,0,0,0,-270000,0,0,0,35000,305000,-270000,-270000
049799,旺宏元大96購01  ,0,0,0,0,0,0,0,0,0,-271000,0,0,0,71000,342000,-271000,-271000
048163,南亞科台新93購01,0,0,0,0,0,0,0,0,0,-271000,0,0,0,0,271000,-271000,-271000
052341,泰鼎凱基96購02  ,0,0,0,0,0,0,0,0,0,-271000,0,0,0,459000,730000,-271000,-271000
052527,泰鼎元大96購02  ,0,0,0,0,0,0,0,0,0,-271000,0,0,0,486000,757000,-271000,-271000
2328,廣宇            ,176000,400000,-224000,0,0,0,0,0,0,-47000,1000,17000,-16000,0,31000,-31000,-271000
2105,正新            ,1291000,1478000,-187000,0,0,0,2000,0,2000,-86000,0,86000,-86000,0,0,0,-271000
4915,致伸            ,854000,1108000,-254000,0,0,0,136000,0,136000,-154000,0,146000,-146000,1000,9000,-8000,-272000
03413B,臺股指凱基94熊19,0,0,0,0,0,0,0,0,0,-274000,0,0,0,773000,1047000,-274000,-274000
051251,信邦元大95購01  ,0,0,0,0,0,0,0,0,0,-274000,0,0,0,7000,281000,-274000,-274000
052817,楠梓電永豐96購02,0,0,0,0,0,0,0,0,0,-274000,0,0,0,35000,309000,-274000,-274000
054425,聯發科富邦99購03,0,0,0,0,0,0,0,0,0,-275000,0,0,0,0,275000,-275000,-275000
03563P,台灣50群益02售14,0,0,0,0,0,0,0,0,0,-275000,0,0,0,0,275000,-275000,-275000
046793,聯發科元富99購01,0,0,0,0,0,0,0,0,0,-275000,0,0,0,113000,388000,-275000,-275000
045891,健鼎元大92購01  ,0,0,0,0,0,0,0,0,0,-275000,0,0,0,25000,300000,-275000,-275000
050386,智伸科國票94購01,0,0,0,0,0,0,0,0,0,-275000,0,0,0,2000,277000,-275000,-275000
055802,新日興永豐97購01,0,0,0,0,0,0,0,0,0,-276000,0,0,0,156000,432000,-276000,-276000
050854,世紀鋼國票97購01,0,0,0,0,0,0,0,0,0,-276000,0,0,0,0,276000,-276000,-276000
2406,國碩            ,46000,323165,-277165,0,0,0,0,0,0,1000,1000,0,1000,0,0,0,-276165
054323,旺宏台新96購02  ,0,0,0,0,0,0,0,0,0,-277000,0,0,0,35000,312000,-277000,-277000
052726,鴻海元富96購03  ,0,0,0,0,0,0,0,0,0,-278000,0,0,0,0,278000,-278000,-278000
055892,國巨統一99購01  ,0,0,0,0,0,0,0,0,0,-279000,0,0,0,38000,317000,-279000,-279000
06234P,亞德客元大97售02,0,0,0,0,0,0,0,0,0,-279000,0,0,0,3000,282000,-279000,-279000
054427,潤泰全富邦97購01,0,0,0,0,0,0,0,0,0,-280000,0,0,0,31000,311000,-280000,-280000
05215P,台積電台新95售03,0,0,0,0,0,0,0,0,0,-280000,0,0,0,0,280000,-280000,-280000
05041P,大立光凱基95售09,0,0,0,0,0,0,0,0,0,-281000,0,0,0,52000,333000,-281000,-281000
053534,微星永豐96購02  ,0,0,0,0,0,0,0,0,0,-281000,0,0,0,187000,468000,-281000,-281000
050416,高股息凱基96購02,0,0,0,0,0,0,0,0,0,-282000,0,0,0,221000,503000,-282000,-282000
05006P,華通元富95售01  ,0,0,0,0,0,0,0,0,0,-282000,0,0,0,48000,330000,-282000,-282000
044184,南亞科國泰93購01,0,0,0,0,0,0,0,0,0,-282000,0,0,0,13000,295000,-282000,-282000
056108,麗豐永豐97購01  ,0,0,0,0,0,0,0,0,0,-283000,0,0,0,13000,296000,-283000,-283000
054429,中石化台新97購01,0,0,0,0,0,0,0,0,0,-284000,0,0,0,15000,299000,-284000,-284000
055191,牧德元富97購01  ,0,0,0,0,0,0,0,0,0,-285000,0,0,0,93000,378000,-285000,-285000
045341,華邦電凱基93購04,0,0,0,0,0,0,0,0,0,-285000,0,0,0,79000,364000,-285000,-285000
051277,聯發科中信9A購01,0,0,0,0,0,0,0,0,0,-285000,0,0,0,0,285000,-285000,-285000
049609,全新兆豐95購01  ,0,0,0,0,0,0,0,0,0,-285000,0,0,0,0,285000,-285000,-285000
052181,南茂元大95購05  ,0,0,0,0,0,0,0,0,0,-285000,0,0,0,115000,400000,-285000,-285000
06110P,國巨國泰98售02  ,0,0,0,0,0,0,0,0,0,-285000,0,0,0,405000,690000,-285000,-285000
053222,聯茂凱基96購03  ,0,0,0,0,0,0,0,0,0,-286000,0,0,0,10000,296000,-286000,-286000
055185,晶相光統一97購01,0,0,0,0,0,0,0,0,0,-287000,0,0,0,2000,289000,-287000,-287000
048889,牧德元富94購03  ,0,0,0,0,0,0,0,0,0,-287000,0,0,0,157000,444000,-287000,-287000
052622,貿聯兆豐97購01  ,0,0,0,0,0,0,0,0,0,-288000,0,0,0,18000,306000,-288000,-288000
056422,全新統一98購02  ,0,0,0,0,0,0,0,0,0,-289000,0,0,0,0,289000,-289000,-289000
03629C,元油2X元富98牛06,0,0,0,0,0,0,0,0,0,-289000,0,0,0,21000,310000,-289000,-289000
051958,貿聯台新95購01  ,0,0,0,0,0,0,0,0,0,-289000,0,0,0,0,289000,-289000,-289000
053536,明泰永豐96購01  ,0,0,0,0,0,0,0,0,0,-289000,0,0,0,72000,361000,-289000,-289000
05774P,臺股指凱基99售04,0,0,0,0,0,0,0,0,0,-289000,0,0,0,107000,396000,-289000,-289000
06490P,鴻海富邦99售02  ,0,0,0,0,0,0,0,0,0,-289000,0,0,0,0,289000,-289000,-289000
049783,元油2X兆豐95購01,0,0,0,0,0,0,0,0,0,-290000,0,0,0,10000,300000,-290000,-290000
048847,A50群益98購01   ,0,0,0,0,0,0,0,0,0,-291000,0,0,0,111000,402000,-291000,-291000
049477,泰鼎永豐94購01  ,0,0,0,0,0,0,0,0,0,-291000,0,0,0,66000,357000,-291000,-291000
050568,為升中信97購01  ,0,0,0,0,0,0,0,0,0,-291000,0,0,0,9000,300000,-291000,-291000
047885,元金2X富邦99購01,0,0,0,0,0,0,0,0,0,-292000,0,0,0,0,292000,-292000,-292000
1522,堤維西          ,40000,329000,-289000,0,0,0,0,0,0,-3000,0,1000,-1000,0,2000,-2000,-292000
04036P,臻鼎群益93售03  ,0,0,0,0,0,0,0,0,0,-293000,0,0,0,0,293000,-293000,-293000
05653P,華邦電統一96售02,0,0,0,0,0,0,0,0,0,-294000,0,0,0,243000,537000,-294000,-294000
055096,緯穎群益97購01  ,0,0,0,0,0,0,0,0,0,-294000,0,0,0,316000,610000,-294000,-294000
049355,元油2X富邦96購04,0,0,0,0,0,0,0,0,0,-295000,0,0,0,0,295000,-295000,-295000
053541,泰鼎永豐96購02  ,0,0,0,0,0,0,0,0,0,-295000,0,0,0,0,295000,-295000,-295000
049068,元油2X凱基95購03,0,0,0,0,0,0,0,0,0,-296000,0,0,0,0,296000,-296000,-296000
2031,新光鋼          ,150000,377000,-227000,0,0,0,0,65000,-65000,-4000,10000,14000,-4000,0,0,0,-296000
2505,國揚            ,86000,531000,-445000,0,0,0,0,0,0,149000,1000,3000,-2000,154000,3000,151000,-296000
046257,A50正2國票94購01,0,0,0,0,0,0,0,0,0,-297000,0,0,0,5000,302000,-297000,-297000
08795P,聯發科凱基01售11,0,0,0,0,0,0,0,0,0,-297000,0,0,0,2000,299000,-297000,-297000
055283,聯發科元大97購16,0,0,0,0,0,0,0,0,0,-299000,0,0,0,104000,403000,-299000,-299000
047361,致茂群益93購01  ,0,0,0,0,0,0,0,0,0,-299000,0,0,0,0,299000,-299000,-299000
048062,南亞科統一93購05,0,0,0,0,0,0,0,0,0,-299000,0,0,0,0,299000,-299000,-299000
055094,智易群益98購01  ,0,0,0,0,0,0,0,0,0,-300000,0,0,0,0,300000,-300000,-300000
03883P,鴻海元大93售11  ,0,0,0,0,0,0,0,0,0,-300000,0,0,0,0,300000,-300000,-300000
050895,聯發科元大97購01,0,0,0,0,0,0,0,0,0,-300000,0,0,0,0,300000,-300000,-300000
050941,T50反1群益95購01,0,0,0,0,0,0,0,0,0,-300000,0,0,0,0,300000,-300000,-300000
047931,日月光凱基93購01,0,0,0,0,0,0,0,0,0,-300000,0,0,0,50000,350000,-300000,-300000
050785,全新國泰96購01  ,0,0,0,0,0,0,0,0,0,-300000,0,0,0,39000,339000,-300000,-300000
05244P,台積電元大95售17,0,0,0,0,0,0,0,0,0,-300000,0,0,0,848000,1148000,-300000,-300000
04225P,台積電元富94售02,0,0,0,0,0,0,0,0,0,-301000,0,0,0,0,301000,-301000,-301000
050414,泰鼎永豐94購04  ,0,0,0,0,0,0,0,0,0,-301000,0,0,0,57000,358000,-301000,-301000
04702P,臺股指元富94售08,0,0,0,0,0,0,0,0,0,-301000,0,0,0,0,301000,-301000,-301000
055025,華新科國泰98購02,0,0,0,0,0,0,0,0,0,-302000,0,0,0,24000,326000,-302000,-302000
047286,美律統一93購02  ,0,0,0,0,0,0,0,0,0,-302000,0,0,0,28000,330000,-302000,-302000
05266P,華新科元大95售11,0,0,0,0,0,0,0,0,0,-302000,0,0,0,100000,402000,-302000,-302000
04453P,聯發科富邦94售04,0,0,0,0,0,0,0,0,0,-303000,0,0,0,150000,453000,-303000,-303000
049985,華擎凱基94購01  ,0,0,0,0,0,0,0,0,0,-303000,0,0,0,150000,453000,-303000,-303000
055783,群創凱基99購03  ,0,0,0,0,0,0,0,0,0,-305000,0,0,0,0,305000,-305000,-305000
03638C,T50反1元大94牛03,0,0,0,0,0,0,0,0,0,-305000,0,0,0,5000,310000,-305000,-305000
049022,聯詠群益94購01  ,0,0,0,0,0,0,0,0,0,-305000,0,0,0,42000,347000,-305000,-305000
048653,巨大元大96購02  ,0,0,0,0,0,0,0,0,0,-305000,0,0,0,57000,362000,-305000,-305000
3645,達邁            ,85000,388000,-303000,0,0,0,0,0,0,-3000,0,3000,-3000,0,0,0,-306000
052785,滬深2X中信99購03,0,0,0,0,0,0,0,0,0,-307000,0,0,0,0,307000,-307000,-307000
054081,聯電元富96購01  ,0,0,0,0,0,0,0,0,0,-308000,0,0,0,163000,471000,-308000,-308000
05017P,臺股指元大95售08,0,0,0,0,0,0,0,0,0,-308000,0,0,0,0,308000,-308000,-308000
05221P,玉晶光元大95售04,0,0,0,0,0,0,0,0,0,-308000,0,0,0,2000,310000,-308000,-308000
1714,和桐            ,264000,505000,-241000,0,0,0,0,0,0,-67000,0,67000,-67000,0,0,0,-308000
055027,牧德國泰99購01  ,0,0,0,0,0,0,0,0,0,-309000,0,0,0,1346000,1655000,-309000,-309000
06156P,大立光統一97售05,0,0,0,0,0,0,0,0,0,-309000,0,0,0,0,309000,-309000,-309000
053803,聯發科凱基96購18,0,0,0,0,0,0,0,0,0,-310000,0,0,0,0,310000,-310000,-310000
05888P,友達元大97售01  ,0,0,0,0,0,0,0,0,0,-310000,0,0,0,87000,397000,-310000,-310000
04756P,大立光元富94售08,0,0,0,0,0,0,0,0,0,-311000,0,0,0,28000,339000,-311000,-311000
045484,聯電亞東94購01  ,0,0,0,0,0,0,0,0,0,-311000,0,0,0,36000,347000,-311000,-311000
055104,台達電凱基98購01,0,0,0,0,0,0,0,0,0,-312000,0,0,0,1000,313000,-312000,-312000
049406,T50反1日盛97購01,0,0,0,0,0,0,0,0,0,-312000,0,0,0,0,312000,-312000,-312000
049341,旺宏統一95購01  ,0,0,0,0,0,0,0,0,0,-312000,0,0,0,10000,322000,-312000,-312000
2332,友訊            ,415000,806000,-391000,0,0,0,0,0,0,78000,15000,4000,11000,127000,60000,67000,-313000
04974P,聯發科凱基96售02,0,0,0,0,0,0,0,0,0,-314000,0,0,0,452000,766000,-314000,-314000
054354,技嘉富邦97購01  ,0,0,0,0,0,0,0,0,0,-315000,0,0,0,10000,325000,-315000,-315000
05000P,臺股指永豐95售01,0,0,0,0,0,0,0,0,0,-315000,0,0,0,0,315000,-315000,-315000
2324,仁寶            ,2053000,2277000,-224000,0,0,0,37000,0,37000,-128000,0,113000,-113000,80000,95000,-15000,-315000
055462,華邦電日盛97購01,0,0,0,0,0,0,0,0,0,-316000,0,0,0,534000,850000,-316000,-316000
050657,宏達電麥證94購01,0,0,0,10000,327000,-317000,0,0,0,-317000,0,0,0,10000,327000,-317000,-317000
047946,南亞科統一93購04,0,0,0,0,0,0,0,0,0,-317000,0,0,0,40000,357000,-317000,-317000
05884P,旺宏統一96售01  ,0,0,0,0,0,0,0,0,0,-317000,0,0,0,75000,392000,-317000,-317000
055884,臺股指元富97購01,0,0,0,0,0,0,0,0,0,-318000,0,0,0,6000,324000,-318000,-318000
043735,元金2X元大94購01,0,0,0,0,0,0,0,0,0,-318000,0,0,0,2000,320000,-318000,-318000
054009,欣興元富96購03  ,0,0,0,0,0,0,0,0,0,-318000,0,0,0,5000,323000,-318000,-318000
055260,晶相光統一98購01,0,0,0,0,0,0,0,0,0,-319000,0,0,0,119000,438000,-319000,-319000
6005,群益證          ,556000,934000,-378000,0,0,0,59000,0,59000,0,0,0,0,0,0,0,-319000
04119P,旺宏凱基93售06  ,0,0,0,0,0,0,0,0,0,-320000,0,0,0,0,320000,-320000,-320000
03832P,臺股指中信95售03,0,0,0,0,0,0,0,0,0,-320000,0,0,0,100000,420000,-320000,-320000
052793,健鼎兆豐96購01  ,0,0,0,0,0,0,0,0,0,-320000,0,0,0,35000,355000,-320000,-320000
052116,T50反1國票97購01,0,0,0,0,0,0,0,0,0,-320000,0,0,0,100000,420000,-320000,-320000
4119,旭富            ,194000,487000,-293000,0,0,0,0,0,0,-27000,0,27000,-27000,0,0,0,-320000
06183P,大立光元大97售05,0,0,0,0,0,0,0,0,0,-320000,0,0,0,160000,480000,-320000,-320000
1710,東聯            ,76000,359000,-283000,0,0,0,1000,0,1000,-38000,0,38000,-38000,0,0,0,-320000
055081,健鼎中信97購01  ,0,0,0,0,0,0,0,0,0,-321000,0,0,0,12000,333000,-321000,-321000
041527,T50反1中信96購01,0,0,0,0,0,0,0,0,0,-322000,0,0,0,120000,442000,-322000,-322000
06382P,大毅元富97售02  ,0,0,0,0,0,0,0,0,0,-322000,0,0,0,1000,323000,-322000,-322000
054071,泰鼎國泰97購02  ,0,0,0,0,0,0,0,0,0,-324000,0,0,0,39000,363000,-324000,-324000
055314,華邦電中信99購01,0,0,0,0,0,0,0,0,0,-325000,0,0,0,90000,415000,-325000,-325000
05083P,麗豐永豐95售02  ,0,0,0,0,0,0,0,0,0,-325000,0,0,0,66000,391000,-325000,-325000
052677,景碩富邦97購01  ,0,0,0,0,0,0,0,0,0,-325000,0,0,0,0,325000,-325000,-325000
05281P,南亞科元大95售03,0,0,0,0,0,0,0,0,0,-325000,0,0,0,0,325000,-325000,-325000
051506,台積電元富95購06,0,0,0,0,0,0,0,0,0,-327000,0,0,0,514000,841000,-327000,-327000
054616,智伸科永豐97購01,0,0,0,0,0,0,0,0,0,-328000,0,0,0,92000,420000,-328000,-328000
047212,宏達電富邦97購01,0,0,0,0,0,0,0,0,0,-328000,0,0,0,10000,338000,-328000,-328000
048052,力成中信93購01  ,0,0,0,0,0,0,0,0,0,-329000,0,0,0,154000,483000,-329000,-329000
5876,上海商銀        ,2003000,2183000,-180000,0,0,0,0,0,0,-149000,0,112000,-112000,15000,52000,-37000,-329000
051247,可成元大95購04  ,0,0,0,0,0,0,0,0,0,-330000,0,0,0,0,330000,-330000,-330000
051547,健鼎康和95購01  ,0,0,0,0,0,0,0,0,0,-330000,0,0,0,0,330000,-330000,-330000
08714P,華碩元富01售03  ,0,0,0,0,0,0,0,0,0,-330000,0,0,0,0,330000,-330000,-330000
05005P,台表科統一95售01,0,0,0,0,0,0,0,0,0,-332000,0,0,0,1000,333000,-332000,-332000
6416,瑞祺電通        ,17000,367000,-350000,0,0,0,0,0,0,18000,20000,2000,18000,0,0,0,-332000
052694,開發金中信98購01,0,0,0,0,0,0,0,0,0,-333000,0,0,0,0,333000,-333000,-333000
055140,晶相光永豐97購01,0,0,0,0,0,0,0,0,0,-334000,0,0,0,20000,354000,-334000,-334000
051370,聯詠富邦97購01  ,0,0,0,0,0,0,0,0,0,-334000,0,0,0,166000,500000,-334000,-334000
5519,隆大            ,0,334000,-334000,0,0,0,0,0,0,0,0,0,0,0,0,0,-334000
055576,嘉晶統一98購01  ,0,0,0,0,0,0,0,0,0,-335000,0,0,0,0,335000,-335000,-335000
2347,聯強            ,963000,1592000,-629000,0,0,0,5000,0,5000,289000,308000,52000,256000,39000,6000,33000,-335000
2359,所羅門          ,11000,346000,-335000,0,0,0,0,0,0,0,0,0,0,0,0,0,-335000
045870,元油2X元富96購02,0,0,0,0,0,0,0,0,0,-337000,0,0,0,38000,375000,-337000,-337000
044850,南亞科統一94購01,0,0,0,0,0,0,0,0,0,-337000,0,0,0,18000,355000,-337000,-337000
048351,旺宏台新94購02  ,0,0,0,0,0,0,0,0,0,-338000,0,0,0,0,338000,-338000,-338000
047466,新光金國泰95購01,0,0,0,0,0,0,0,0,0,-339000,0,0,0,47000,386000,-339000,-339000
05516P,台積電元大96售12,0,0,0,0,0,0,0,0,0,-340000,0,0,0,290000,630000,-340000,-340000
050467,力成中信94購01  ,0,0,0,0,0,0,0,0,0,-340000,0,0,0,45000,385000,-340000,-340000
05729P,臺股指凱基97售02,0,0,0,0,0,0,0,0,0,-340000,0,0,0,1000,341000,-340000,-340000
047005,南亞科統一93購03,0,0,0,0,0,0,0,0,0,-342000,0,0,0,46000,388000,-342000,-342000
049427,瑞昱兆豐94購01  ,0,0,0,0,0,0,0,0,0,-342000,0,0,0,35000,377000,-342000,-342000
056234,GIS麥證97購01   ,0,0,0,40000,383000,-343000,0,0,0,-343000,0,0,0,40000,383000,-343000,-343000
045763,南亞科統一93購01,0,0,0,0,0,0,0,0,0,-343000,0,0,0,0,343000,-343000,-343000
052794,群創兆豐97購01  ,0,0,0,0,0,0,0,0,0,-343000,0,0,0,71000,414000,-343000,-343000
2637,慧洋-KY         ,70000,469000,-399000,0,0,0,0,0,0,54000,100000,24000,76000,0,22000,-22000,-345000
048936,玉晶光永豐94購05,0,0,0,0,0,0,0,0,0,-346000,0,0,0,0,346000,-346000,-346000
050521,聯發科元大94購15,0,0,0,0,0,0,0,0,0,-347000,0,0,0,10000,357000,-347000,-347000
9938,百和            ,130000,445000,-315000,0,0,0,0,0,0,-33000,0,8000,-8000,8000,33000,-25000,-348000
049776,全新統一95購02  ,0,0,0,0,0,0,0,0,0,-349000,0,0,0,20000,369000,-349000,-349000
1305,華夏            ,96000,446000,-350000,0,0,0,0,0,0,1000,4000,3000,1000,0,0,0,-349000
054746,貿聯凱基98購02  ,0,0,0,0,0,0,0,0,0,-350000,0,0,0,0,350000,-350000,-350000
050352,欣興群益95購01  ,0,0,0,0,0,0,0,0,0,-350000,0,0,0,0,350000,-350000,-350000
6214,精誠            ,124000,465000,-341000,0,0,0,0,0,0,-9000,0,9000,-9000,0,0,0,-350000
2886,兆豐金          ,7076000,7212000,-136000,0,0,0,42000,0,42000,-257000,51000,337000,-286000,44000,15000,29000,-351000
08164P,滬深2X中信95售04,0,0,0,0,0,0,0,0,0,-351000,0,0,0,0,351000,-351000,-351000
056191,世紀鋼統一97購01,0,0,0,0,0,0,0,0,0,-352000,0,0,0,24000,376000,-352000,-352000
048733,台勝科麥證95購02,0,0,0,10000,363000,-353000,0,0,0,-353000,0,0,0,10000,363000,-353000,-353000
2387,精元            ,157000,504534,-347534,0,0,0,0,0,0,-6000,0,5000,-5000,1000,2000,-1000,-353534
055192,世芯元富97購01  ,0,0,0,0,0,0,0,0,0,-354000,0,0,0,50000,404000,-354000,-354000
03253P,台灣50國泰03售02,0,0,0,0,0,0,0,0,0,-355000,0,0,0,80000,435000,-355000,-355000
05681P,大立光元大96售05,0,0,0,0,0,0,0,0,0,-355000,0,0,0,209000,564000,-355000,-355000
054604,麗豐台新98購01  ,0,0,0,0,0,0,0,0,0,-356000,0,0,0,278000,634000,-356000,-356000
5522,遠雄            ,103000,445000,-342000,0,0,0,9000,0,9000,-24000,22000,46000,-24000,0,0,0,-357000
6504,南六            ,44000,423000,-379000,0,0,0,0,0,0,22000,10000,0,10000,12000,0,12000,-357000
049055,聯詠永豐94購01  ,0,0,0,0,0,0,0,0,0,-358000,0,0,0,0,358000,-358000,-358000
048628,T50反1元大96購03,0,0,0,0,0,0,0,0,0,-358000,0,0,0,0,358000,-358000,-358000
050327,泰鼎永豐94購03  ,0,0,0,0,0,0,0,0,0,-359000,0,0,0,40000,399000,-359000,-359000
050397,力成元富94購01  ,0,0,0,0,0,0,0,0,0,-359000,0,0,0,100000,459000,-359000,-359000
2618,長榮航          ,2882000,2805727,76273,0,0,0,7000,0,7000,-443000,0,443000,-443000,0,0,0,-359727
05283P,健鼎元大95售04  ,0,0,0,0,0,0,0,0,0,-360000,0,0,0,60000,420000,-360000,-360000
06463P,大立光富邦9A售01,0,0,0,0,0,0,0,0,0,-360000,0,0,0,60000,420000,-360000,-360000
049236,元油2X元富96購06,0,0,0,0,0,0,0,0,0,-362000,0,0,0,210000,572000,-362000,-362000
053200,華邦電日盛96購01,0,0,0,0,0,0,0,0,0,-362000,0,0,0,114000,476000,-362000,-362000
055166,台積電統一97購05,0,0,0,0,0,0,0,0,0,-366000,0,0,0,2160000,2526000,-366000,-366000
053444,奇力新凱基96購03,0,0,0,0,0,0,0,0,0,-367000,0,0,0,170000,537000,-367000,-367000
056166,微星台新97購01  ,0,0,0,0,0,0,0,0,0,-368000,0,0,0,11000,379000,-368000,-368000
056387,智伸科國泰99購01,0,0,0,0,0,0,0,0,0,-368000,0,0,0,45000,413000,-368000,-368000
04935P,鴻海中信96售01  ,0,0,0,0,0,0,0,0,0,-368000,0,0,0,20000,388000,-368000,-368000
056188,晶相光統一99購01,0,0,0,0,0,0,0,0,0,-369000,0,0,0,0,369000,-369000,-369000
4426,利勤            ,52000,421344,-369344,0,0,0,0,0,0,0,1000,1000,0,0,0,0,-369344
052574,茂林凱基96購02  ,0,0,0,0,0,0,0,0,0,-371000,0,0,0,16000,387000,-371000,-371000
06014P,聯發科富邦97售02,0,0,0,0,0,0,0,0,0,-371000,0,0,0,923000,1294000,-371000,-371000
056273,祥碩統一97購02  ,0,0,0,0,0,0,0,0,0,-372000,0,0,0,50000,422000,-372000,-372000
055412,旺宏富邦99購01  ,0,0,0,0,0,0,0,0,0,-372000,0,0,0,92000,464000,-372000,-372000
054369,鴻海中信9C購01  ,0,0,0,0,0,0,0,0,0,-372000,0,0,0,0,372000,-372000,-372000
051843,聯發科富邦99購01,0,0,0,0,0,0,0,0,0,-372000,0,0,0,1549000,1921000,-372000,-372000
1210,大成            ,89000,448190,-359190,0,0,0,17000,0,17000,-30000,0,30000,-30000,0,0,0,-372190
051319,光磊國票96購02  ,0,0,0,0,0,0,0,0,0,-373000,0,0,0,28000,401000,-373000,-373000
3576,聯合再生        ,252000,572000,-320000,0,0,0,0,0,0,-54000,0,54000,-54000,0,0,0,-374000
040760,T50反1凱基95購01,0,0,0,0,0,0,0,0,0,-376000,0,0,0,48000,424000,-376000,-376000
2375,凱美            ,209000,534000,-325000,0,0,0,0,0,0,-51000,0,0,0,53000,104000,-51000,-376000
054483,聯電台新96購01  ,0,0,0,0,0,0,0,0,0,-377000,0,0,0,292000,669000,-377000,-377000
06301P,臺股指元大97售04,0,0,0,0,0,0,0,0,0,-377000,0,0,0,40000,417000,-377000,-377000
051367,可成富邦97購01  ,0,0,0,0,0,0,0,0,0,-378000,0,0,0,50000,428000,-378000,-378000
05234P,美食康和95售01  ,0,0,0,0,0,0,0,0,0,-378000,0,0,0,20000,398000,-378000,-378000
2903,遠百            ,267000,622000,-355000,0,0,0,0,0,0,-26000,25000,51000,-26000,0,0,0,-381000
055340,華新科日盛97購01,0,0,0,0,0,0,0,0,0,-382000,0,0,0,208000,590000,-382000,-382000
05656P,台表科統一96售01,0,0,0,0,0,0,0,0,0,-383000,0,0,0,0,383000,-383000,-383000
2363,矽統            ,121000,500000,-379000,0,0,0,0,0,0,-4000,0,4000,-4000,0,0,0,-383000
052996,聯電康和96購01  ,0,0,0,0,0,0,0,0,0,-385000,0,0,0,0,385000,-385000,-385000
05682P,大立光元大98售03,0,0,0,0,0,0,0,0,0,-385000,0,0,0,140000,525000,-385000,-385000
05684P,臺股指元大96售09,0,0,0,0,0,0,0,0,0,-385000,0,0,0,110000,495000,-385000,-385000
04051P,友達中信94售02  ,0,0,0,0,0,0,0,0,0,-386000,0,0,0,34000,420000,-386000,-386000
04876P,台光電中信94售02,0,0,0,0,0,0,0,0,0,-387000,0,0,0,20000,407000,-387000,-387000
2605,新興            ,296000,412000,-116000,0,0,0,0,0,0,-271000,0,271000,-271000,0,0,0,-387000
055633,牧德永豐97購02  ,0,0,0,0,0,0,0,0,0,-388000,0,0,0,364000,752000,-388000,-388000
044429,元金2X元大94購04,0,0,0,0,0,0,0,0,0,-388000,0,0,0,60000,448000,-388000,-388000
6230,超眾            ,113000,421000,-308000,0,0,0,0,0,0,-80000,0,2000,-2000,7000,85000,-78000,-388000
047454,滬深2X群益96購03,0,0,0,0,0,0,0,0,0,-390000,0,0,0,210000,600000,-390000,-390000
2841,台開            ,261000,649000,-388000,0,0,0,0,0,0,-2000,0,2000,-2000,0,0,0,-390000
055662,上銀中信99購01  ,0,0,0,0,0,0,0,0,0,-392000,0,0,0,103000,495000,-392000,-392000
043958,臻鼎元富94購01  ,0,0,0,0,0,0,0,0,0,-393000,0,0,0,40000,433000,-393000,-393000
052194,旺宏元富95購04  ,0,0,0,0,0,0,0,0,0,-394000,0,0,0,172000,566000,-394000,-394000
052113,漢唐中信98購01  ,0,0,0,0,0,0,0,0,0,-395000,0,0,0,20000,415000,-395000,-395000
055159,玉晶光元大98購05,0,0,0,0,0,0,0,0,0,-396000,0,0,0,115000,511000,-396000,-396000
2809,京城銀          ,454000,804589,-350589,0,0,0,1000,0,1000,-47000,0,47000,-47000,0,0,0,-396589
051084,華通元大95購06  ,0,0,0,0,0,0,0,0,0,-398000,0,0,0,2000,400000,-398000,-398000
052688,新日興元大96購01,0,0,0,0,0,0,0,0,0,-399000,0,0,0,31000,430000,-399000,-399000
04437P,滬深2X群益98售03,0,0,0,0,0,0,0,0,0,-402000,0,0,0,157000,559000,-402000,-402000
049523,微星兆豐94購02  ,0,0,0,0,0,0,0,0,0,-404000,0,0,0,75000,479000,-404000,-404000
05791P,臺股指中信99售06,0,0,0,0,0,0,0,0,0,-404000,0,0,0,10000,414000,-404000,-404000
053199,旺宏日盛96購01  ,0,0,0,0,0,0,0,0,0,-406000,0,0,0,0,406000,-406000,-406000
1718,中纖            ,410000,816000,-406000,0,0,0,0,0,0,0,0,0,0,0,0,0,-406000
04595P,臺股指元大94售13,0,0,0,0,0,0,0,0,0,-407000,0,0,0,0,407000,-407000,-407000
055703,緯穎富邦98購01  ,0,0,0,0,0,0,0,0,0,-408000,0,0,0,374000,782000,-408000,-408000
04601P,大立光凱基94售07,0,0,0,0,0,0,0,0,0,-410000,0,0,0,0,410000,-410000,-410000
052420,道瓊反國票9B購01,0,0,0,0,0,0,0,0,0,-410000,0,0,0,0,410000,-410000,-410000
3380,明泰            ,185000,507000,-322000,0,0,0,0,0,0,-92000,67000,365000,-298000,264000,58000,206000,-414000
3056,總太            ,104000,509000,-405000,0,0,0,0,0,0,-10000,2000,12000,-10000,0,0,0,-415000
05178P,大立光凱基96售05,0,0,0,0,0,0,0,0,0,-417000,0,0,0,0,417000,-417000,-417000
00669R,國泰美國道瓊反1 ,0,0,0,0,0,0,0,0,0,-418000,90000,0,90000,43000,551000,-508000,-418000
049350,麗豐康和94購01  ,0,0,0,0,0,0,0,0,0,-418000,0,0,0,288000,706000,-418000,-418000
053018,旺宏元富96購02  ,0,0,0,0,0,0,0,0,0,-418000,0,0,0,273000,691000,-418000,-418000
2867,三商壽          ,1055000,874000,181000,0,0,0,0,0,0,-600000,0,600000,-600000,0,0,0,-419000
00664R,國泰臺灣加權反1 ,0,0,0,0,0,0,0,0,0,-420000,0,0,0,844000,1264000,-420000,-420000
05267P,欣興元大95售08  ,0,0,0,0,0,0,0,0,0,-420000,0,0,0,189000,609000,-420000,-420000
055007,晶相光元富9A購02,0,0,0,0,0,0,0,0,0,-421000,0,0,0,297000,718000,-421000,-421000
8081,致新            ,121000,392000,-271000,0,0,0,41000,185000,-144000,-7000,7000,11000,-4000,8000,11000,-3000,-422000
048429,旺宏國票94購02  ,0,0,0,0,0,0,0,0,0,-428000,0,0,0,161000,589000,-428000,-428000
049293,友訊群益95購01  ,0,0,0,0,0,0,0,0,0,-428000,0,0,0,90000,518000,-428000,-428000
2369,菱生            ,113000,528000,-415000,0,0,0,0,0,0,-13000,0,13000,-13000,0,0,0,-428000
04373P,滬深2X元大97售01,0,0,0,0,0,0,0,0,0,-430000,0,0,0,10000,440000,-430000,-430000
04374P,深中小元大94售03,0,0,0,0,0,0,0,0,0,-430000,0,0,0,0,430000,-430000,-430000
1309,台達化          ,6000,434000,-428000,0,0,0,0,0,0,-2000,0,2000,-2000,0,0,0,-430000
055141,牧德永豐98購02  ,0,0,0,0,0,0,0,0,0,-431000,0,0,0,308000,739000,-431000,-431000
00648R,元大S&P500反1   ,0,81000,-81000,0,0,0,0,0,0,-352000,0,0,0,198000,550000,-352000,-433000
04888P,臺股指凱基95售03,0,0,0,0,0,0,0,0,0,-433000,0,0,0,70000,503000,-433000,-433000
1604,聲寶            ,9000,442000,-433000,0,0,0,0,0,0,-1000,0,1000,-1000,0,0,0,-434000
05999P,世芯元大96售01  ,0,0,0,0,0,0,0,0,0,-435000,0,0,0,90000,525000,-435000,-435000
054667,神基元富97購01  ,0,0,0,0,0,0,0,0,0,-436000,0,0,0,104000,540000,-436000,-436000
053239,崇越永豐96購01  ,0,0,0,0,0,0,0,0,0,-439000,0,0,0,0,439000,-439000,-439000
054204,元金2X國票9B購02,0,0,0,0,0,0,0,0,0,-441000,0,0,0,0,441000,-441000,-441000
056206,泰鼎永豐97購01  ,0,0,0,0,0,0,0,0,0,-441000,0,0,0,58000,499000,-441000,-441000
2915,潤泰全          ,454000,880500,-426500,0,0,0,0,0,0,-15000,0,39000,-39000,27000,3000,24000,-441500
056288,健鼎永豐97購01  ,0,0,0,0,0,0,0,0,0,-442000,0,0,0,68000,510000,-442000,-442000
04768P,大立光國泰96售03,0,0,0,0,0,0,0,0,0,-446000,0,0,0,160000,606000,-446000,-446000
05650P,台積電富邦96售01,0,0,0,0,0,0,0,0,0,-448000,0,0,0,0,448000,-448000,-448000
04023P,臺股指元富99售02,0,0,0,0,0,0,0,0,0,-449000,0,0,0,54000,503000,-449000,-449000
048259,新日興統一93購01,0,0,0,0,0,0,0,0,0,-450000,0,0,0,220000,670000,-450000,-450000
050179,全新元大96購02  ,0,0,0,0,0,0,0,0,0,-450000,0,0,0,0,450000,-450000,-450000
05374P,台積電國票96售07,0,0,0,0,0,0,0,0,0,-450000,0,0,0,51000,501000,-450000,-450000
05479P,華新科台新96售01,0,0,0,0,0,0,0,0,0,-453000,0,0,0,0,453000,-453000,-453000
05620P,大立光富邦9B售01,0,0,0,0,0,0,0,0,0,-454000,0,0,0,45000,499000,-454000,-454000
3704,合勤控          ,180000,586000,-406000,0,0,0,0,0,0,-48000,1000,3000,-2000,0,46000,-46000,-454000
06410P,祥碩統一97售01  ,0,0,0,0,0,0,0,0,0,-454000,0,0,0,115000,569000,-454000,-454000
050559,聯發科統一94購10,0,0,0,0,0,0,0,0,0,-455000,0,0,0,315000,770000,-455000,-455000
049681,旺宏統一94購04  ,0,0,0,0,0,0,0,0,0,-455000,0,0,0,126000,581000,-455000,-455000
045871,元油2X元富96購03,0,0,0,0,0,0,0,0,0,-460000,0,0,0,70000,530000,-460000,-460000
050914,健鼎中信95購01  ,0,0,0,0,0,0,0,0,0,-460000,0,0,0,13000,473000,-460000,-460000
049122,元油2X元富94購07,0,0,0,0,0,0,0,0,0,-461000,0,0,0,0,461000,-461000,-461000
6257,矽格            ,505000,834063,-329063,0,0,0,0,0,0,-132000,14000,126000,-112000,0,20000,-20000,-461063
047867,旺宏永豐93購02  ,0,0,0,0,0,0,0,0,0,-462000,0,0,0,366000,828000,-462000,-462000
056079,世紀鋼元大97購02,0,0,0,0,0,0,0,0,0,-463000,0,0,0,9000,472000,-463000,-463000
3596,智易            ,173415,592000,-418585,0,0,0,0,0,0,-45000,6000,8000,-2000,12000,55000,-43000,-463585
1795,美時            ,159000,550000,-391000,0,0,0,0,40000,-40000,-33000,0,33000,-33000,0,0,0,-464000
046146,南亞科第一92購01,0,0,0,0,0,0,0,0,0,-465000,0,0,0,5000,470000,-465000,-465000
03427P,聯電元大02售11  ,0,0,0,0,0,0,0,0,0,-465000,0,0,0,15000,480000,-465000,-465000
048493,微星元大93購04  ,0,0,0,0,0,0,0,0,0,-468000,0,0,0,42000,510000,-468000,-468000
051540,力成國票95購01  ,0,0,0,0,0,0,0,0,0,-469000,0,0,0,60000,529000,-469000,-469000
06316P,臺股指元富97售03,0,0,0,0,0,0,0,0,0,-471000,0,0,0,0,471000,-471000,-471000
054446,美食兆豐97購01  ,0,0,0,0,0,0,0,0,0,-472000,0,0,0,138000,610000,-472000,-472000
00730,富邦臺灣優質高息,0,0,0,0,0,0,0,0,0,-472000,0,0,0,205000,677000,-472000,-472000
8112,至上            ,263000,724453,-461453,0,0,0,0,0,0,-11000,2000,13000,-11000,0,0,0,-472453
050950,健鼎群益96購01  ,0,0,0,0,0,0,0,0,0,-473000,0,0,0,96000,569000,-473000,-473000
6288,聯嘉            ,221000,691000,-470000,0,0,0,0,0,0,-3000,3000,6000,-3000,0,0,0,-473000
053936,旺宏元富96購04  ,0,0,0,0,0,0,0,0,0,-474000,0,0,0,338000,812000,-474000,-474000
053568,智伸科富邦98購01,0,0,0,0,0,0,0,0,0,-476000,0,0,0,34000,510000,-476000,-476000
05347P,滬深2X元富9B售02,0,0,0,0,0,0,0,0,0,-478000,0,0,0,30000,508000,-478000,-478000
3041,揚智            ,344000,823000,-479000,0,0,0,0,0,0,0,0,0,0,0,0,0,-479000
03557P,欣興元大02售17  ,0,0,0,0,0,0,0,0,0,-480000,0,0,0,100000,580000,-480000,-480000
05687P,臺股指元大96售12,0,0,0,0,0,0,0,0,0,-480000,0,0,0,10000,490000,-480000,-480000
06454P,緯穎元大98售04  ,0,0,0,0,0,0,0,0,0,-482000,0,0,0,50000,532000,-482000,-482000
06337P,祥碩元大97售05  ,0,0,0,0,0,0,0,0,0,-485000,0,0,0,0,485000,-485000,-485000
2367,燿華            ,1191000,1616000,-425000,0,0,0,0,0,0,-61000,5000,19000,-14000,36000,83000,-47000,-486000
056113,新日興兆豐98購01,0,0,0,0,0,0,0,0,0,-487000,0,0,0,156000,643000,-487000,-487000
3036,文曄            ,106000,401000,-295000,0,0,0,12000,222000,-210000,18000,23000,8000,15000,11000,8000,3000,-487000
048276,旺宏永豐94購01  ,0,0,0,0,0,0,0,0,0,-488000,0,0,0,120000,608000,-488000,-488000
041427,滬深2X國票93購01,0,0,0,0,0,0,0,0,0,-490000,0,0,0,10000,500000,-490000,-490000
04206P,臺股指元大93售46,0,0,0,0,0,0,0,0,0,-490000,0,0,0,0,490000,-490000,-490000
054689,華新科永豐97購01,0,0,0,0,0,0,0,0,0,-492000,0,0,0,400000,892000,-492000,-492000
044269,群創中信95購01  ,0,0,0,0,0,0,0,0,0,-492000,0,0,0,120000,612000,-492000,-492000
06245P,健策元富97售03  ,0,0,0,0,0,0,0,0,0,-492000,0,0,0,0,492000,-492000,-492000
053950,緯穎富邦97購02  ,0,0,0,0,0,0,0,0,0,-493000,0,0,0,257000,750000,-493000,-493000
053157,日月光元大96購03,0,0,0,0,0,0,0,0,0,-493000,0,0,0,16000,509000,-493000,-493000
050496,鴻海富邦96購01  ,0,0,0,0,0,0,0,0,0,-495000,0,0,0,15000,510000,-495000,-495000
056377,智伸科統一9A購01,0,0,0,0,0,0,0,0,0,-496000,0,0,0,0,496000,-496000,-496000
052016,神基永豐95購01  ,1000,0,1000,0,0,0,0,0,0,-498000,0,0,0,85000,583000,-498000,-497000
048460,盛群凱基94購01  ,0,0,0,0,0,0,0,0,0,-498000,0,0,0,63000,561000,-498000,-498000
04796P,聯發科元大94售10,0,0,0,0,0,0,0,0,0,-499000,0,0,0,81000,580000,-499000,-499000
051714,健鼎台新95購01  ,0,0,0,0,0,0,0,0,0,-499000,0,0,0,118000,617000,-499000,-499000
053005,微星永豐96購01  ,0,0,0,0,0,0,0,0,0,-499000,0,0,0,110000,609000,-499000,-499000
042326,元油2X國票94購01,0,0,0,0,0,0,0,0,0,-500000,0,0,0,0,500000,-500000,-500000
03438P,群創群益98售03  ,0,0,0,0,0,0,0,0,0,-500000,0,0,0,0,500000,-500000,-500000
050223,聯茂元富94購02  ,0,0,0,0,0,0,0,0,0,-500000,0,0,0,0,500000,-500000,-500000
049295,全新群益94購02  ,0,0,0,0,0,0,0,0,0,-500000,0,0,0,0,500000,-500000,-500000
052144,鴻海群益95購10  ,0,0,0,0,0,0,0,0,0,-500000,0,0,0,0,500000,-500000,-500000
04510P,臺股指元大94售05,0,0,0,0,0,0,0,0,0,-501000,0,0,0,0,501000,-501000,-501000
9802,鈺齊-KY         ,302000,749557,-447557,0,0,0,20000,0,20000,-75000,8000,5000,3000,4000,82000,-78000,-502557
05228P,大立光元富95售09,0,0,0,0,0,0,0,0,0,-503000,0,0,0,119000,622000,-503000,-503000
054905,國揚康和97購01  ,0,0,0,0,0,0,0,0,0,-508000,0,0,0,12000,520000,-508000,-508000
03025P,國巨元大01售12  ,0,0,0,0,0,0,0,0,0,-509000,0,0,0,0,509000,-509000,-509000
049153,大立光元大96購02,0,0,0,0,0,0,0,0,0,-509000,0,0,0,196000,705000,-509000,-509000
04044P,鴻海元大93售18  ,0,0,0,0,0,0,0,0,0,-510000,0,0,0,0,510000,-510000,-510000
04433P,上証2X國票95售01,0,0,0,0,0,0,0,0,0,-512000,0,0,0,66000,578000,-512000,-512000
8046,南電            ,204000,532000,-328000,0,0,0,0,0,0,-187000,5000,22000,-17000,2000,172000,-170000,-515000
049053,可成永豐94購01  ,0,0,0,0,0,0,0,0,0,-520000,0,0,0,0,520000,-520000,-520000
044104,鴻海中信95購03  ,0,0,0,0,0,0,0,0,0,-521000,0,0,0,0,521000,-521000,-521000
2102,泰豐            ,31000,549000,-518000,0,0,0,0,0,0,-3000,0,3000,-3000,0,0,0,-521000
05551P,電子類元大96售01,0,0,0,0,0,0,0,0,0,-522000,0,0,0,151000,673000,-522000,-522000
052314,鴻海元大96購11  ,0,0,0,0,0,0,0,0,0,-522000,0,0,0,38000,560000,-522000,-522000
06225P,華新科元富97售04,0,0,0,0,0,0,0,0,0,-522000,0,0,0,54000,576000,-522000,-522000
052451,旭富元大95購02  ,0,0,0,0,0,0,0,0,0,-525000,0,0,0,0,525000,-525000,-525000
047865,健鼎康和93購01  ,0,0,0,0,0,0,0,0,0,-526000,0,0,0,0,526000,-526000,-526000
045618,元油2X永豐98購01,0,0,0,0,0,0,0,0,0,-532000,0,0,0,50000,582000,-532000,-532000
044496,群創元大93購02  ,0,0,0,0,0,0,0,0,0,-537000,0,0,0,140000,677000,-537000,-537000
052066,華邦電兆豐96購01,0,0,0,0,0,0,0,0,0,-538000,0,0,0,150000,688000,-538000,-538000
051405,世芯永豐95購01  ,0,0,0,0,0,0,0,0,0,-539000,0,0,0,87000,626000,-539000,-539000
06195P,台積電元富97售06,0,0,0,0,0,0,0,0,0,-539000,0,0,0,1492000,2031000,-539000,-539000
3406,玉晶光          ,1076763,1348000,-271237,0,0,0,0,102000,-102000,-168000,71000,194000,-123000,7000,52000,-45000,-541237
052770,聯茂群益96購02  ,0,0,0,0,0,0,0,0,0,-542000,0,0,0,154000,696000,-542000,-542000
2401,凌陽            ,46000,552000,-506000,0,0,0,0,0,0,-37000,0,37000,-37000,0,0,0,-543000
053138,華邦電富邦96購01,0,0,0,0,0,0,0,0,0,-545000,0,0,0,1027000,1572000,-545000,-545000
052504,鴻海日盛95購03  ,0,0,0,0,0,0,0,0,0,-545000,0,0,0,0,545000,-545000,-545000
049539,元油2X群益9A購01,5000,0,5000,0,0,0,0,0,0,-552000,0,0,0,5000,557000,-552000,-547000
055433,嘉聯益群益99購01,0,0,0,0,0,0,0,0,0,-548000,0,0,0,52000,600000,-548000,-548000
049069,元油2X凱基95購04,0,0,0,0,0,0,0,0,0,-548000,0,0,0,0,548000,-548000,-548000
051027,楠梓電元富95購01,0,0,0,0,0,0,0,0,0,-551000,0,0,0,0,551000,-551000,-551000
044190,聯詠富邦93購01  ,0,0,0,0,0,0,0,0,0,-553000,0,0,0,195000,748000,-553000,-553000
046241,聯發科中信94購02,0,0,0,0,0,0,0,0,0,-554000,0,0,0,330000,884000,-554000,-554000
3653,健策            ,204000,393000,-189000,0,0,0,0,291000,-291000,-76000,26000,84000,-58000,48000,66000,-18000,-556000
049279,元油2X國票94購02,0,0,0,0,0,0,0,0,0,-557000,0,0,0,0,557000,-557000,-557000
053761,健策國泰98購01  ,0,0,0,0,0,0,0,0,0,-558000,0,0,0,305000,863000,-558000,-558000
044255,群創元大93購01  ,0,0,0,0,0,0,0,0,0,-559000,0,0,0,221000,780000,-559000,-559000
055891,鴻海統一9A購01  ,0,0,0,0,0,0,0,0,0,-562000,0,0,0,512000,1074000,-562000,-562000
054627,義隆凱基98購01  ,0,0,0,0,0,0,0,0,0,-565000,0,0,0,40000,605000,-565000,-565000
054046,義隆元大96購02  ,0,0,0,0,0,0,0,0,0,-567000,0,0,0,240000,807000,-567000,-567000
05316P,台積電永昌96售06,0,0,0,0,0,0,0,0,0,-569000,0,0,0,1018000,1587000,-569000,-569000
054983,國巨元富97購04  ,0,0,0,0,0,0,0,0,0,-570000,0,0,0,1174000,1744000,-570000,-570000
05495P,大立光統一95售07,0,0,0,0,0,0,0,0,0,-571000,0,0,0,0,571000,-571000,-571000
05062P,大立光富邦98售03,0,0,0,0,0,0,0,0,0,-571000,0,0,0,13000,584000,-571000,-571000
6213,聯茂            ,497059,793712,-296653,0,0,0,0,35000,-35000,-243000,10000,222000,-212000,6000,37000,-31000,-574653
055211,A50反1凱基9A購01,0,0,0,0,0,0,0,0,0,-577000,0,0,0,286000,863000,-577000,-577000
052044,華通凱基97購01  ,0,0,0,0,0,0,0,0,0,-580000,0,0,0,0,580000,-580000,-580000
047681,滬深反中信95購01,0,0,0,0,0,0,0,0,0,-581000,0,0,0,3000,584000,-581000,-581000
048056,全新國泰94購02  ,0,0,0,0,0,0,0,0,0,-584000,0,0,0,252000,836000,-584000,-584000
049020,可成群益94購02  ,0,0,0,0,0,0,0,0,0,-589000,0,0,0,21000,610000,-589000,-589000
053812,台積電群益96購09,0,0,0,0,0,0,0,0,0,-589000,0,0,0,39000,628000,-589000,-589000
053992,中環群益96購01  ,0,0,0,0,0,0,0,0,0,-589000,0,0,0,11000,600000,-589000,-589000
056572,義隆元大99購01  ,0,0,0,0,0,0,0,0,0,-591000,0,0,0,0,591000,-591000,-591000
06283P,祥碩永豐97售01  ,0,0,0,0,0,0,0,0,0,-591000,0,0,0,55000,646000,-591000,-591000
051396,健鼎兆豐95購01  ,0,0,0,0,0,0,0,0,0,-592000,0,0,0,35000,627000,-592000,-592000
06222P,致茂元富97售02  ,0,0,0,0,0,0,0,0,0,-594000,0,0,0,2000,596000,-594000,-594000
054693,神基永豐97購01  ,0,0,0,0,0,0,0,0,0,-597000,0,0,0,324000,921000,-597000,-597000
3189,景碩            ,533000,855000,-322000,0,0,0,0,165000,-165000,-118000,23000,26000,-3000,19000,134000,-115000,-605000
06077P,GIS凱基97售02   ,0,0,0,0,0,0,0,0,0,-606000,0,0,0,0,606000,-606000,-606000
03887P,大立光元富93售02,0,0,0,0,0,0,0,0,0,-610000,0,0,0,60000,670000,-610000,-610000
04414P,牧德元富94售04  ,0,0,0,0,0,0,0,0,0,-611000,0,0,0,100000,711000,-611000,-611000
05901P,臺股指凱基9C售01,0,0,0,0,0,0,0,0,0,-612000,0,0,0,68000,680000,-612000,-612000
049235,元油2X元富96購05,0,0,0,0,0,0,0,0,0,-614000,0,0,0,0,614000,-614000,-614000
056051,T50反1元大97購05,0,0,0,0,0,0,0,0,0,-615000,0,0,0,0,615000,-615000,-615000
053638,信邦永豐96購01  ,0,0,0,0,0,0,0,0,0,-616000,0,0,0,78000,694000,-616000,-616000
9911,櫻花            ,171000,853000,-682000,0,0,0,0,0,0,63000,64000,1000,63000,0,0,0,-619000
04682P,臺股指統一96售01,0,0,0,0,0,0,0,0,0,-624000,0,0,0,10000,634000,-624000,-624000
054901,群光康和97購01  ,0,0,0,0,0,0,0,0,0,-627000,0,0,0,0,627000,-627000,-627000
055747,康舒元富97購01  ,0,0,0,0,0,0,0,0,0,-631000,0,0,0,0,631000,-631000,-631000
048563,明泰元大94購01  ,0,0,0,0,0,0,0,0,0,-631000,0,0,0,2000,633000,-631000,-631000
056502,A50正2永豐98購01,0,0,0,0,0,0,0,0,0,-632000,0,0,0,12000,644000,-632000,-632000
1312,國喬            ,243000,722000,-479000,0,0,0,0,135000,-135000,-21000,0,15000,-15000,0,6000,-6000,-635000
055028,佐登國泰98購01  ,0,0,0,0,0,0,0,0,0,-638000,0,0,0,139000,777000,-638000,-638000
045662,華邦電統一94購02,0,0,0,0,0,0,0,0,0,-641000,0,0,0,265000,906000,-641000,-641000
04412P,欣興元富94售01  ,0,0,0,0,0,0,0,0,0,-645000,0,0,0,50000,695000,-645000,-645000
00635U,元大S&P黃金     ,1000,725000,-724000,0,0,0,0,0,0,76000,50000,0,50000,193000,167000,26000,-648000
054948,聯發科元大97購14,0,0,0,0,0,0,0,0,0,-650000,0,0,0,0,650000,-650000,-650000
052614,聯電國泰97購01  ,0,0,0,0,0,0,0,0,0,-650000,0,0,0,233000,883000,-650000,-650000
055193,世芯元富97購02  ,0,0,0,0,0,0,0,0,0,-651000,0,0,0,201000,852000,-651000,-651000
8215,明基材          ,102000,757000,-655000,0,0,0,0,0,0,4000,6000,2000,4000,0,0,0,-651000
3706,神達            ,465000,1081000,-616000,0,0,0,8000,0,8000,-46000,0,33000,-33000,2000,15000,-13000,-654000
2634,漢翔            ,251000,859000,-608000,0,0,0,1000,0,1000,-49000,36000,85000,-49000,0,0,0,-656000
5521,工信            ,49000,681000,-632000,0,0,0,0,0,0,-32000,8000,40000,-32000,0,0,0,-664000
3450,聯鈞            ,190000,781000,-591000,0,0,0,0,0,0,-77000,6000,5000,1000,6000,84000,-78000,-668000
04787P,台積電永昌96售04,20000,0,20000,0,0,0,0,0,0,-689000,0,0,0,3017000,3706000,-689000,-669000
6451,訊芯-KY         ,148000,304000,-156000,0,0,0,0,428000,-428000,-85000,9000,4000,5000,2000,92000,-90000,-669000
0050,元大台灣50      ,117000,1250000,-1133000,0,0,0,32000,0,32000,423000,746000,132000,614000,1049000,1240000,-191000,-678000
2352,佳世達          ,396000,1048000,-652000,0,0,0,20000,0,20000,-47000,0,56000,-56000,9000,0,9000,-679000
05675P,美律群益97售01  ,0,0,0,0,0,0,0,0,0,-684000,0,0,0,10000,694000,-684000,-684000
00692,富邦公司治理    ,0,0,0,0,0,0,0,0,0,-685000,0,0,0,7158000,7843000,-685000,-685000
044487,元油2X元大94購01,0,0,0,0,0,0,0,0,0,-685000,0,0,0,0,685000,-685000,-685000
2027,大成鋼          ,153000,829000,-676000,0,0,0,0,0,0,-9000,0,73000,-73000,94000,30000,64000,-685000
4906,正文            ,101000,775000,-674000,0,0,0,0,0,0,-14000,18000,17000,1000,0,15000,-15000,-688000
3035,智原            ,475000,843000,-368000,0,0,0,0,271000,-271000,-52000,0,26000,-26000,1000,27000,-26000,-691000
8163,達方            ,165000,753000,-588000,0,0,0,0,0,0,-104000,3000,79000,-76000,0,28000,-28000,-692000
047586,聯發科永豐94購01,0,0,0,0,0,0,0,0,0,-693000,0,0,0,825000,1518000,-693000,-693000
055131,茂林康和97購01  ,0,0,0,0,0,0,0,0,0,-695000,0,0,0,64000,759000,-695000,-695000
055645,技嘉元富97購01  ,0,0,0,0,0,0,0,0,0,-695000,0,0,0,256000,951000,-695000,-695000
2002,中鋼            ,5352000,5669000,-317000,0,0,0,25000,0,25000,-405000,0,405000,-405000,0,0,0,-697000
054968,佐登元大97購01  ,0,0,0,0,0,0,0,0,0,-701000,0,0,0,97000,798000,-701000,-701000
056112,勤誠永豐97購02  ,0,0,0,0,0,0,0,0,0,-704000,0,0,0,0,704000,-704000,-704000
2542,興富發          ,1014326,1670000,-655674,0,0,0,0,0,0,-52000,18000,57000,-39000,0,13000,-13000,-707674
049067,元油2X凱基94購02,0,0,0,0,0,0,0,0,0,-708000,0,0,0,0,708000,-708000,-708000
03875P,滬深2X國票05售01,0,0,0,0,0,0,0,0,0,-710000,0,0,0,2000,712000,-710000,-710000
1201,味全            ,102459,794000,-691541,0,0,0,0,0,0,-19000,0,0,0,1000,20000,-19000,-710541
052272,T50反1群益95購03,0,0,0,0,0,0,0,0,0,-718000,0,0,0,0,718000,-718000,-718000
053770,元金2X元大98購01,0,0,0,0,0,0,0,0,0,-720000,0,0,0,74000,794000,-720000,-720000
052383,臺股指元大95購29,0,0,0,0,0,0,0,0,0,-721000,0,0,0,0,721000,-721000,-721000
05618P,聯發科元富96售02,0,0,0,0,0,0,0,0,0,-726000,0,0,0,5000,731000,-726000,-726000
8021,尖點            ,317000,1029000,-712000,0,0,0,0,0,0,-15000,1000,16000,-15000,0,0,0,-727000
00717,富邦美國特別股  ,0,0,0,0,0,0,0,0,0,-728364,0,0,0,430000,1158364,-728364,-728364
2201,裕隆            ,494000,1164000,-670000,0,0,0,0,0,0,-59000,0,59000,-59000,0,0,0,-729000
2547,日勝生          ,37000,776000,-739000,0,0,0,0,0,0,8000,10000,2000,8000,0,0,0,-731000
07866P,上証2X國票97售01,0,0,0,0,0,0,0,0,0,-731000,0,0,0,0,731000,-731000,-731000
055100,得力凱基97購01  ,0,0,0,0,0,0,0,0,0,-732000,0,0,0,68000,800000,-732000,-732000
05885P,牧德統一96售01  ,0,0,0,0,0,0,0,0,0,-737000,0,0,0,223000,960000,-737000,-737000
045663,元油2X元富94購01,0,0,0,0,0,0,0,0,0,-749000,0,0,0,50000,799000,-749000,-749000
050823,信邦凱基95購01  ,0,0,0,0,0,0,0,0,0,-753000,0,0,0,0,753000,-753000,-753000
3698,隆達            ,416000,915000,-499000,0,0,0,0,0,0,-257000,82000,339000,-257000,0,0,0,-756000
1301,台塑            ,2097339,2631600,-534261,0,0,0,5000,55000,-50000,-178000,2000,162000,-160000,1000,19000,-18000,-762261
053734,友達中信98購02  ,0,0,0,0,0,0,0,0,0,-764000,0,0,0,372000,1136000,-764000,-764000
053457,旺宏國泰98購03  ,0,0,0,0,0,0,0,0,0,-764000,0,0,0,415000,1179000,-764000,-764000
6191,精成科          ,192000,951000,-759000,0,0,0,0,0,0,-8000,0,9000,-9000,6000,5000,1000,-767000
050100,台積電永昌96購02,0,0,0,0,0,0,0,0,0,-770000,0,0,0,696000,1466000,-770000,-770000
04506P,旺宏元大94售06  ,0,0,0,0,0,0,0,0,0,-772000,0,0,0,0,772000,-772000,-772000
051505,台積電元富95購05,0,0,0,0,0,0,0,0,0,-775000,0,0,0,590000,1365000,-775000,-775000
04890P,台積電元大95售05,0,0,0,0,0,0,0,0,0,-778000,0,0,0,1000,779000,-778000,-778000
043909,台光電凱基93購01,0,0,0,0,0,0,0,0,0,-785000,0,0,0,6000,791000,-785000,-785000
056005,臺股指永豐97購04,0,0,0,0,0,0,0,0,0,-789000,0,0,0,31000,820000,-789000,-789000
2014,中鴻            ,170000,890000,-720000,0,0,0,0,0,0,-71000,0,71000,-71000,0,0,0,-791000
6505,台塑化          ,1132000,1800666,-668666,0,0,0,6000,0,6000,-129000,0,279000,-279000,150000,0,150000,-791666
9919,康那香          ,23000,816000,-793000,0,0,0,0,0,0,0,0,0,0,0,0,0,-793000
052400,聯詠凱基97購01  ,0,0,0,0,0,0,0,0,0,-795000,0,0,0,68000,863000,-795000,-795000
053949,康控富邦9A購01  ,0,0,0,0,0,0,0,0,0,-801000,0,0,0,0,801000,-801000,-801000
050765,鴻海元大96購02  ,0,0,0,0,0,0,0,0,0,-807000,0,0,0,702000,1509000,-807000,-807000
048346,智易元大95購01  ,0,0,0,0,0,0,0,0,0,-810000,0,0,0,0,810000,-810000,-810000
05405P,大立光群益95售04,0,0,0,0,0,0,0,0,0,-812000,0,0,0,0,812000,-812000,-812000
049034,台達電兆豐94購01,0,0,0,0,0,0,0,0,0,-818000,0,0,0,22000,840000,-818000,-818000
044814,華邦電兆豐93購02,0,0,0,0,0,0,0,0,0,-824000,0,0,0,17000,841000,-824000,-824000
045517,元油2X元富98購01,0,0,0,0,0,0,0,0,0,-835000,0,0,0,40000,875000,-835000,-835000
04410P,大立光統一94售05,0,0,0,0,0,0,0,0,0,-838000,0,0,0,208000,1046000,-838000,-838000
048167,旺宏永豐93購04  ,0,0,0,0,0,0,0,0,0,-841000,0,0,0,53000,894000,-841000,-841000
2392,正崴            ,243000,915000,-672000,0,0,0,0,0,0,-171702,2000,28000,-26000,0,145702,-145702,-843702
056491,南亞科國泰99購01,0,0,0,0,0,0,0,0,0,-844000,0,0,0,0,844000,-844000,-844000
00656R,國泰中國A50反1  ,6000,117000,-111000,0,0,0,0,0,0,-739000,0,0,0,378000,1117000,-739000,-850000
053657,元大金凱基96購01,0,0,0,0,0,0,0,0,0,-850000,0,0,0,59000,909000,-850000,-850000
6271,同欣電          ,662000,1296000,-634000,0,0,0,0,0,0,-229000,15000,201000,-186000,5000,48000,-43000,-863000
05076P,深中小群益99售02,0,0,0,0,0,0,0,0,0,-881000,0,0,0,15000,896000,-881000,-881000
05638P,國巨統一96售04  ,0,0,0,0,0,0,0,0,0,-884000,0,0,0,601000,1485000,-884000,-884000
2329,華泰            ,629000,1722000,-1093000,0,0,0,0,0,0,209000,0,26000,-26000,319000,84000,235000,-884000
06081P,深中小元大97售02,0,0,0,0,0,0,0,0,0,-886000,0,0,0,467000,1353000,-886000,-886000
056467,上証2X元大98購02,0,0,0,0,0,0,0,0,0,-890000,0,0,0,26000,916000,-890000,-890000
053337,聯電國票97購01  ,0,0,0,0,0,0,0,0,0,-890000,0,0,0,38000,928000,-890000,-890000
055403,泰鼎元富97購01  ,0,0,0,0,0,0,0,0,0,-891000,0,0,0,310000,1201000,-891000,-891000
04690P,國巨群益94售06  ,0,0,0,0,0,0,0,0,0,-894000,0,0,0,120000,1014000,-894000,-894000
046645,技嘉國泰94購01  ,0,0,0,0,0,0,0,0,0,-895000,0,0,0,140000,1035000,-895000,-895000
03888P,大立光元富93售03,0,0,0,0,0,0,0,0,0,-899000,0,0,0,0,899000,-899000,-899000
3049,和鑫            ,728000,979000,-251000,0,0,0,0,300000,-300000,-348000,10000,4000,6000,4000,358000,-354000,-899000
1477,聚陽            ,88000,972204,-884204,0,0,0,0,7000,-7000,-11000,10000,20000,-10000,1000,2000,-1000,-902204
045572,元油2X元大98購01,0,0,0,0,0,0,0,0,0,-908000,0,0,0,20000,928000,-908000,-908000
00752,中信中國50      ,1000,2000,-1000,0,0,0,0,0,0,-909000,0,0,0,2163000,3072000,-909000,-910000
047141,宏達電兆豐94購01,0,0,0,0,0,0,0,0,0,-915000,0,0,0,48000,963000,-915000,-915000
00632R,元大台灣50反1   ,3753000,817000,2936000,0,0,0,0,0,0,-3852000,4950000,8399000,-3449000,17691000,18094000,-403000,-916000
8213,志超            ,235000,1215000,-980000,0,0,0,40000,0,40000,18000,30000,6000,24000,0,6000,-6000,-922000
4904,遠傳            ,1658000,2576000,-918000,0,0,0,4000,7000,-3000,-2000,0,2000,-2000,0,0,0,-923000
055663,崇越中信97購01  ,0,0,0,0,0,0,0,0,0,-925000,0,0,0,0,925000,-925000,-925000
053766,友達富邦97購01  ,0,0,0,0,0,0,0,0,0,-927000,0,0,0,133000,1060000,-927000,-927000
056270,群創統一98購04  ,0,0,0,0,0,0,0,0,0,-929000,0,0,0,306000,1235000,-929000,-929000
050117,麗豐元大96購02  ,0,0,0,0,0,0,0,0,0,-936000,0,0,0,239000,1175000,-936000,-936000
054037,T50反1元大96購09,0,0,0,0,0,0,0,0,0,-943000,0,0,0,0,943000,-943000,-943000
053763,T50反1富邦98購01,0,0,0,0,0,0,0,0,0,-943000,0,0,0,0,943000,-943000,-943000
048590,貿聯兆豐94購02  ,0,0,0,0,0,0,0,0,0,-944000,0,0,0,110000,1054000,-944000,-944000
050725,光磊國票96購01  ,0,0,0,0,0,0,0,0,0,-945000,0,0,0,4000,949000,-945000,-945000
06313P,訊芯元富97售01  ,0,0,0,0,0,0,0,0,0,-963000,0,0,0,52000,1015000,-963000,-963000
050142,聯發科元富9A購01,0,0,0,0,0,0,0,0,0,-964000,0,0,0,366000,1330000,-964000,-964000
04139P,大立光國票93售03,0,0,0,0,0,0,0,0,0,-970000,0,0,0,0,970000,-970000,-970000
050469,聯電台新94購01  ,0,0,0,0,0,0,0,0,0,-973000,0,0,0,89000,1062000,-973000,-973000
053762,T50反1富邦97購01,0,0,0,0,0,0,0,0,0,-978000,0,0,0,0,978000,-978000,-978000
2383,台光電          ,921000,1045000,-124000,0,0,0,186000,607000,-421000,-444000,160000,432000,-272000,6000,178000,-172000,-989000
052208,力成麥證95購01  ,0,0,0,30000,1021000,-991000,0,0,0,-991000,0,0,0,30000,1021000,-991000,-991000
056498,A50正2富邦9B購01,0,0,0,0,0,0,0,0,0,-993000,0,0,0,0,993000,-993000,-993000
05688P,臺股指元大96售13,0,0,0,0,0,0,0,0,0,-995000,0,0,0,32000,1027000,-995000,-995000
1434,福懋            ,480000,1414900,-934900,0,0,0,3000,0,3000,-70000,0,70000,-70000,0,0,0,-1001900
053244,光磊國票97購01  ,0,0,0,0,0,0,0,0,0,-1005000,0,0,0,44000,1049000,-1005000,-1005000
04548P,大立光元大94售14,0,0,0,0,0,0,0,0,0,-1010000,0,0,0,145000,1155000,-1010000,-1010000
3045,台灣大          ,1659000,2578000,-919000,0,0,0,7000,0,7000,-100000,0,100000,-100000,0,0,0,-1012000
2368,金像電          ,5817000,7451000,-1634000,0,0,0,0,0,0,597000,1142000,545000,597000,0,0,0,-1037000
04378P,大立光元大94售05,0,0,0,0,0,0,0,0,0,-1040000,0,0,0,150000,1190000,-1040000,-1040000
2474,可成            ,1806000,2774000,-968000,0,0,0,2000,0,2000,-84000,34000,61000,-27000,17000,74000,-57000,-1050000
055927,南亞科群益97購01,0,0,0,0,0,0,0,0,0,-1058000,0,0,0,29000,1087000,-1058000,-1058000
053951,T50反1台新06購02,0,0,0,0,0,0,0,0,0,-1063000,0,0,0,30000,1093000,-1063000,-1063000
053851,鴻海國泰98購03  ,0,0,0,0,0,0,0,0,0,-1072000,0,0,0,106000,1178000,-1072000,-1072000
04049P,大立光元大95售02,0,0,0,0,0,0,0,0,0,-1087000,0,0,0,454000,1541000,-1087000,-1087000
3711,日月光投控      ,4731000,5426163,-695163,0,0,0,158000,0,158000,-568000,67000,582000,-515000,98000,151000,-53000,-1105163
00701,國泰股利精選30  ,0,11000,-11000,0,0,0,0,0,0,-1095000,0,0,0,229000,1324000,-1095000,-1106000
056311,泰鼎元大98購01  ,0,0,0,0,0,0,0,0,0,-1108000,0,0,0,159000,1267000,-1108000,-1108000
04980P,臺股指凱基96售08,0,0,0,0,0,0,0,0,0,-1115000,0,0,0,265000,1380000,-1115000,-1115000
051316,T50反1國票95購02,0,0,0,0,0,0,0,0,0,-1124000,0,0,0,0,1124000,-1124000,-1124000
052602,聯電元大97購01  ,0,0,0,0,0,0,0,0,0,-1130000,0,0,0,96000,1226000,-1130000,-1130000
1303,南亞            ,2888307,3487000,-598693,0,0,0,16000,379000,-363000,-198000,16000,213000,-197000,0,1000,-1000,-1159693
054961,玉晶光元大99購01,0,0,0,0,0,0,0,0,0,-1167000,0,0,0,29000,1196000,-1167000,-1167000
044201,群創國票95購01  ,0,0,0,0,0,0,0,0,0,-1202000,0,0,0,291000,1493000,-1202000,-1202000
6282,康舒            ,457000,1617000,-1160000,0,0,0,0,0,0,-48000,0,16000,-16000,0,32000,-32000,-1208000
04377P,大立光元大94售04,0,0,0,0,0,0,0,0,0,-1210000,0,0,0,80000,1290000,-1210000,-1210000
2601,益航            ,256000,1509000,-1253000,0,0,0,0,0,0,27000,31000,3000,28000,0,1000,-1000,-1226000
2379,瑞昱            ,452129,1547700,-1095571,0,0,0,0,100000,-100000,-33000,49000,36000,13000,9000,55000,-46000,-1228571
049205,聯發科群益94購05,0,0,0,0,0,0,0,0,0,-1247000,0,0,0,499000,1746000,-1247000,-1247000
0056,元大高股息      ,5000,0,5000,0,0,0,200000,0,200000,-1456000,0,0,0,907000,2363000,-1456000,-1251000
04465P,大立光元富94售03,0,0,0,0,0,0,0,0,0,-1280000,0,0,0,0,1280000,-1280000,-1280000
049638,A50反1凱基94購01,0,0,0,0,0,0,0,0,0,-1283000,0,0,0,0,1283000,-1283000,-1283000
054038,T50反1元大98購04,0,0,0,0,0,0,0,0,0,-1327000,0,0,0,60000,1387000,-1327000,-1327000
06426P,T50正2元大9B售01,0,0,0,0,0,0,0,0,0,-1334000,0,0,0,46000,1380000,-1334000,-1334000
054848,群創兆豐98購01  ,0,0,0,0,0,0,0,0,0,-1339000,0,0,0,15000,1354000,-1339000,-1339000
2890,永豐金          ,6262000,7354000,-1092000,0,0,0,20000,12000,8000,-274000,0,272000,-272000,0,2000,-2000,-1358000
3545,敦泰            ,162000,1535000,-1373000,0,0,0,0,0,0,0,2000,2000,0,0,0,0,-1373000
2892,第一金          ,6508000,7638096,-1130096,0,0,0,64000,0,64000,-323000,0,321000,-321000,0,2000,-2000,-1389096
051173,元油2X凱基98購01,0,0,0,0,0,0,0,0,0,-1417000,0,0,0,0,1417000,-1417000,-1417000
6278,台表科          ,802000,848000,-46000,0,0,0,6000,1314000,-1308000,-83000,50000,79000,-29000,1000,55000,-54000,-1437000
06212P,華新科元大97售11,0,0,0,0,0,0,0,0,0,-1447000,0,0,0,341000,1788000,-1447000,-1447000
049996,元油2X永豐94購05,0,0,0,0,0,0,0,0,0,-1458000,0,0,0,180000,1638000,-1458000,-1458000
055518,華新科中信99購01,0,0,0,0,0,0,0,0,0,-1467000,0,0,0,281000,1748000,-1467000,-1467000
2458,義隆            ,370000,1927000,-1557000,0,0,0,256000,40000,216000,-137000,24000,85000,-61000,4000,80000,-76000,-1478000
2382,廣達            ,5207705,6441000,-1233295,0,0,0,6000,6000,0,-251000,2000,213000,-211000,25000,65000,-40000,-1484295
2504,國產            ,1353000,2847000,-1494000,0,0,0,0,0,0,-28000,0,28000,-28000,0,0,0,-1522000
06194P,台積電元富97售05,0,0,0,0,0,0,0,0,0,-1534000,0,0,0,725000,2259000,-1534000,-1534000
00850,元大臺灣ESG永續 ,0,0,0,0,0,0,0,0,0,-1541000,0,0,0,610000,2151000,-1541000,-1541000
050282,T50反1凱基97購01,0,0,0,0,0,0,0,0,0,-1625000,0,0,0,0,1625000,-1625000,-1625000
051614,元金2X凱基97購01,0,0,0,0,0,0,0,0,0,-1648000,0,0,0,0,1648000,-1648000,-1648000
1402,遠東新          ,1704390,3266100,-1561710,0,0,0,15000,0,15000,-112000,0,131000,-131000,22000,3000,19000,-1658710
03840P,台積電統一99售02,0,0,0,0,0,0,0,0,0,-1683000,0,0,0,380000,2063000,-1683000,-1683000
053852,南亞科國泰98購01,0,0,0,0,0,0,0,0,0,-1684000,0,0,0,241000,1925000,-1684000,-1684000
04466P,大立光元富94售04,0,0,0,0,0,0,0,0,0,-1695000,0,0,0,0,1695000,-1695000,-1695000
06151P,華新科元大97售07,0,0,0,0,0,0,0,0,0,-1704000,0,0,0,268000,1972000,-1704000,-1704000
1326,台化            ,2570005,3800000,-1229995,0,0,0,11000,324000,-313000,-164000,0,173000,-173000,14000,5000,9000,-1706995
05862P,大立光國泰98售01,0,0,0,0,0,0,0,0,0,-1725000,0,0,0,1955000,3680000,-1725000,-1725000
6176,瑞儀            ,439000,2117175,-1678175,0,0,0,0,1000,-1000,-49000,9000,57000,-48000,17000,18000,-1000,-1728175
3231,緯創            ,2834000,4622000,-1788000,0,0,0,6000,0,6000,53000,195000,49000,146000,59000,152000,-93000,-1729000
053057,聯電國泰97購02  ,0,0,0,0,0,0,0,0,0,-1750000,0,0,0,467000,2217000,-1750000,-1750000
1216,統一            ,7030302,8725000,-1694698,0,0,0,10000,0,10000,-137000,0,142000,-142000,19000,14000,5000,-1821698
00671R,富邦NASDAQ反1   ,0,0,0,0,0,0,0,0,0,-1838000,0,0,0,85000,1923000,-1838000,-1838000
3673,TPK-KY          ,499000,2170000,-1671000,0,0,0,0,0,0,-176350,12000,122000,-110000,4000,70350,-66350,-1847350
2353,宏碁            ,2178000,3986000,-1808000,0,0,0,4000,0,4000,-72000,58000,96000,-38000,58000,92000,-34000,-1876000
043656,上証反元大94購01,0,0,0,0,0,0,0,0,0,-1920000,0,0,0,0,1920000,-1920000,-1920000
00634R,富邦上証反1     ,1053000,3953000,-2900000,0,0,0,0,0,0,937000,2854000,0,2854000,262000,2179000,-1917000,-1963000
4958,臻鼎-KY         ,640000,2638000,-1998000,0,0,0,42000,0,42000,-21000,57000,53000,4000,4000,29000,-25000,-1977000
050991,元油2X元大96購04,0,0,0,0,0,0,0,0,0,-1980000,0,0,0,90000,2070000,-1980000,-1980000
2439,美律            ,346000,1172000,-826000,0,0,0,12000,1000000,-988000,-174000,72000,194000,-122000,34000,86000,-52000,-1988000
2801,彰銀            ,2291134,4134040,-1842906,0,0,0,13000,0,13000,-205000,66000,246000,-180000,0,25000,-25000,-2034906
055144,T50反1元大97購03,0,0,0,0,0,0,0,0,0,-2035000,0,0,0,1386000,3421000,-2035000,-2035000
2603,長榮            ,2876000,4728000,-1852000,0,0,0,5000,0,5000,-194000,110000,306000,-196000,10000,8000,2000,-2041000
2412,中華電          ,1554000,3451000,-1897000,0,0,0,9000,0,9000,-216000,0,216000,-216000,0,0,0,-2104000
5880,合庫金          ,3773000,5685000,-1912000,0,0,0,20000,0,20000,-248000,65000,303000,-238000,0,10000,-10000,-2140000
3034,聯詠            ,1261000,2590473,-1329473,0,0,0,4000,828000,-824000,-19000,32000,37000,-5000,28000,42000,-14000,-2172473
1310,台苯            ,576000,2736000,-2160000,0,0,0,0,0,0,-21000,0,21000,-21000,0,0,0,-2181000
8039,台虹            ,234000,1903000,-1669000,0,0,0,0,480000,-480000,-44000,2000,43000,-41000,6000,9000,-3000,-2193000
06006P,欣興永豐96售04  ,0,0,0,0,0,0,0,0,0,-2200000,0,0,0,22000,2222000,-2200000,-2200000
2449,京元電子        ,2113051,4367000,-2253949,0,0,0,20000,0,20000,-153000,8000,87000,-79000,48000,122000,-74000,-2386949
2356,英業達          ,1491000,3935000,-2444000,0,0,0,7000,0,7000,-45000,0,97000,-97000,69000,17000,52000,-2482000
1514,亞力            ,682000,3375000,-2693000,0,0,0,0,0,0,21000,1000,3000,-2000,23000,0,23000,-2672000
2301,光寶科          ,1975000,4735000,-2760000,0,0,0,4000,0,4000,-83000,0,106000,-106000,34000,11000,23000,-2839000
2891,中信金          ,12490000,15051313,-2561313,0,0,0,50000,5000,45000,-439000,0,439000,-439000,0,0,0,-2955313
1314,中石化          ,2482000,5426000,-2944000,0,0,0,2000,0,2000,-189000,0,201000,-201000,63000,51000,12000,-3131000
03033P,微星國票03售01  ,0,0,0,0,0,0,0,0,0,-3165000,0,0,0,0,3165000,-3165000,-3165000
045872,元油2X元富98購03,0,0,0,0,0,0,0,0,0,-3318000,0,0,0,531000,3849000,-3318000,-3318000
1409,新纖            ,422000,3769000,-3347000,0,0,0,14000,0,14000,-69000,0,69000,-69000,0,0,0,-3402000
2883,開發金          ,7426000,10591632,-3165632,0,0,0,26000,0,26000,-280000,8000,360000,-352000,84000,12000,72000,-3419632
2610,華航            ,2109000,5280000,-3171000,0,0,0,6000,0,6000,-261000,0,169000,-169000,73000,165000,-92000,-3426000
00638R,元大滬深300反1  ,1311000,1610000,-299000,0,0,0,0,0,0,-3173000,0,0,0,513000,3686000,-3173000,-3472000
2823,中壽            ,2517000,5829870,-3312870,0,0,0,8000,53000,-45000,-155000,0,189000,-189000,34000,0,34000,-3512870
9904,寶成            ,3207000,6646000,-3439000,0,0,0,15000,140000,-125000,-56000,35000,96000,-61000,6000,1000,5000,-3620000
2344,華邦電          ,8603000,14177000,-5574000,0,0,0,302000,10000,292000,1423000,455000,554000,-99000,2147000,625000,1522000,-3859000
4968,立積            ,627000,4584000,-3957000,0,0,0,3000,31000,-28000,-1000,0,1000,-1000,0,0,0,-3986000
1102,亞泥            ,5670000,9522400,-3852400,0,0,0,21000,0,21000,-187000,55000,255000,-200000,43000,30000,13000,-4018400
00708L,元大S&P黃金正2  ,0,1169000,-1169000,0,0,0,0,0,0,-2971000,0,0,0,717000,3688000,-2971000,-4140000
2834,臺企銀          ,3336406,7407500,-4071094,0,0,0,70000,0,70000,-282000,0,282000,-282000,0,0,0,-4283094
2454,聯發科          ,5724017,9282934,-3558917,0,0,0,13000,550000,-537000,-438000,81000,499000,-418000,121000,141000,-20000,-4533917
2317,鴻海            ,23160012,27255200,-4095188,0,0,0,18000,170000,-152000,-881000,184000,484000,-300000,322000,903000,-581000,-5128188
2448,晶電            ,4297000,10517000,-6220000,0,0,0,104000,30000,74000,-150000,772000,922000,-150000,0,0,0,-6296000
2888,新光金          ,17889389,24737897,-6848508,0,0,0,23000,0,23000,227000,70000,109000,-39000,516000,250000,266000,-6598508
3037,欣興            ,6018000,10658000,-4640000,0,0,0,417000,1097000,-680000,-1736000,167000,328000,-161000,125000,1700000,-1575000,-7056000
2303,聯電            ,23528000,47376334,-23848334,0,0,0,5972000,0,5972000,2641000,419000,859000,-440000,3349000,268000,3081000,-15235334
00642U,元大S&P石油     ,23000,1300000,-1277000,0,0,0,0,0,0,-22244000,604000,0,604000,1688000,24536000,-22848000,-23521000
00677U,富邦VIX         ,5469000,32363000,-26894000,0,0,0,0,0,0,-2106000,1800000,0,1800000,3014000,6920000,-3906000,-29000000
00672L,元大S&P原油正2  ,1816000,34429000,-32613000,0,0,0,0,0,0,-197040000,1200000,0,1200000,12047000,210287000,-198240000,-229653000
