證券代號,證券名稱,外陸資買進股數(不含外資自營商),外陸資賣出股數(不含外資自營商),外陸資買賣超股數(不含外資自營商),外資自營商買進股數,外資自營商賣出股數,外資自營商買賣超股數,投信買進股數,投信賣出股數,投信買賣超股數,自營商買賣超股數,自營商買進股數(自行買賣),自營商賣出股數(自行買賣),自營商買賣超股數(自行買賣),自營商買進股數(避險),自營商賣出股數(避險),自營商買賣超股數(避險),三大法人買賣超股數
2603,長榮            ,30449000,17604000,12845000,0,0,0,6243000,0,6243000,3625000,4930000,1280000,3650000,0,25000,-25000,22713000
2409,友達            ,17734102,15338000,2396102,0,0,0,14099000,0,14099000,1716000,218000,212000,6000,1995000,285000,1710000,18211102
00677U,富邦VIX         ,15561000,3570000,11991000,0,0,0,0,0,0,2235000,1200000,405000,795000,3820000,2380000,1440000,14226000
2885,元大金          ,29683654,17270920,12412734,0,0,0,0,49000,-49000,-321000,485000,1057000,-572000,525000,274000,251000,12042734
6116,彩晶            ,16602000,12764000,3838000,0,0,0,0,0,0,5239000,3222000,1017000,2205000,3745000,711000,3034000,9077000
1312,國喬            ,12384000,3342000,9042000,0,0,0,0,0,0,-248000,167000,322000,-155000,69000,162000,-93000,8794000
00632R,元大台灣50反1   ,18222000,614000,17608000,0,0,0,0,0,0,-8889000,3914000,0,3914000,4496000,17299000,-12803000,8719000
00653L,富邦印度正2     ,1339000,170000,1169000,0,0,0,0,0,0,6439000,0,0,0,6639000,200000,6439000,7608000
2881,富邦金          ,13449021,6213000,7236021,0,0,0,9683,28000,-18317,169000,21000,108000,-87000,347000,91000,256000,7386704
066243,潤泰新富邦03購01,0,0,0,0,0,0,0,0,0,7252000,0,0,0,8587000,1335000,7252000,7252000
2317,鴻海            ,24589566,15089793,9499773,0,0,0,0,0,0,-3497000,84000,983000,-899000,51000,2649000,-2598000,6002773
2882,國泰金          ,13061262,7164000,5897262,0,0,0,10925,32000,-21075,-61000,37000,105000,-68000,115000,108000,7000,5815187
1101,台泥            ,15894835,10160000,5734835,0,0,0,1806323,35000,1771323,-1856991,314009,2143000,-1828991,106000,134000,-28000,5649167
2520,冠德            ,7016000,1663000,5353000,0,0,0,320000,0,320000,-96000,389000,786000,-397000,426000,125000,301000,5577000
2887,台新金          ,10647199,5496000,5151199,0,0,0,0,40000,-40000,-89000,8000,73000,-65000,95000,119000,-24000,5022199
1714,和桐            ,7734000,3103000,4631000,0,0,0,0,0,0,-35000,0,35000,-35000,0,0,0,4596000
1904,正隆            ,4943000,1879000,3064000,0,0,0,918000,0,918000,419000,0,0,0,464000,45000,419000,4401000
3380,明泰            ,4885000,1014000,3871000,0,0,0,0,0,0,448000,276000,8000,268000,186000,6000,180000,4319000
2353,宏碁            ,12526270,8016000,4510270,0,0,0,0,0,0,-200000,413000,497000,-84000,226000,342000,-116000,4310270
069215,潤泰新元大02購01,0,0,0,0,0,0,0,0,0,4164000,0,0,0,4813000,649000,4164000,4164000
069029,潤泰新國票03購01,0,0,0,0,0,0,0,0,0,4047000,0,0,0,4753000,706000,4047000,4047000
1313,聯成            ,5612000,1582655,4029345,0,0,0,0,0,0,-29000,4000,33000,-29000,0,0,0,4000345
3016,嘉晶            ,4650000,2488000,2162000,0,0,0,650000,0,650000,1046000,93000,11000,82000,1125000,161000,964000,3858000
1598,岱宇            ,3702000,486171,3215829,0,0,0,301000,0,301000,-87000,64000,151000,-87000,0,0,0,3429829
07861P,台灣50中信03售08,0,0,0,0,0,0,0,0,0,2994000,0,0,0,2994000,0,2994000,2994000
069846,南電群益03購02  ,0,0,0,0,0,0,0,0,0,2713000,0,0,0,3232000,519000,2713000,2713000
3017,奇鋐            ,5362000,6222000,-860000,0,0,0,3380000,0,3380000,163000,86000,301000,-215000,1008000,630000,378000,2683000
00676R,富邦臺灣加權反1 ,0,0,0,0,0,0,0,0,0,2315000,0,0,0,2751000,436000,2315000,2315000
068215,潤泰新凱基01購02,0,0,0,0,0,0,0,0,0,2292000,0,0,0,2613000,321000,2292000,2292000
2352,佳世達          ,2935000,1211000,1724000,0,0,0,0,0,0,556000,158000,41000,117000,464000,25000,439000,2280000
07597P,臺股指中信01售02,0,0,0,0,0,0,0,0,0,2261000,0,0,0,2371000,110000,2261000,2261000
3034,聯詠            ,5012000,1885000,3127000,0,0,0,194734,805000,-610266,-256000,11000,222000,-211000,50000,95000,-45000,2260734
4906,正文            ,3206000,1075000,2131000,0,0,0,0,0,0,65000,85000,79000,6000,425000,366000,59000,2196000
067508,奇鋐統一03購01  ,0,0,0,0,0,0,0,0,0,2145000,0,0,0,2409000,264000,2145000,2145000
2884,玉山金          ,14491096,11966305,2524791,0,0,0,0,47000,-47000,-345000,334000,233000,101000,20000,466000,-446000,2132791
00636,國泰中國A50     ,1363000,37000,1326000,0,0,0,0,0,0,665000,0,190000,-190000,1452000,597000,855000,1991000
068655,台積電元大02購08,0,0,0,0,0,0,0,0,0,1972000,0,0,0,2748000,776000,1972000,1972000
2301,光寶科          ,4511000,2698000,1813000,0,0,0,0,0,0,145000,322000,87000,235000,27000,117000,-90000,1958000
066198,華碩統一03購01  ,0,0,0,0,0,0,0,0,0,1929000,0,0,0,2150000,221000,1929000,1929000
5871,中租-KY         ,3434000,1469000,1965000,0,0,0,1701,0,1701,-51000,28000,83000,-55000,32000,28000,4000,1915701
069620,奇鋐統一02購02  ,0,0,0,0,0,0,0,0,0,1895000,0,0,0,2803000,908000,1895000,1895000
3037,欣興            ,12609000,11383000,1226000,0,0,0,710000,70000,640000,11000,664000,971000,-307000,624000,306000,318000,1877000
08987P,臻鼎元富07售02  ,0,0,0,0,0,0,0,0,0,1874000,0,0,0,1874000,0,1874000,1874000
2615,萬海            ,1329000,1774000,-445000,0,0,0,2000000,0,2000000,276000,300000,24000,276000,0,0,0,1831000
07903P,台積電群益9B售03,0,0,0,0,0,0,0,0,0,1817000,0,0,0,1978000,161000,1817000,1817000
067664,台船元大01購01  ,0,0,0,0,0,0,0,0,0,1813000,0,0,0,2147000,334000,1813000,1813000
3406,玉晶光          ,3594480,1238000,2356480,0,0,0,0,150000,-150000,-425000,14000,342000,-328000,26000,123000,-97000,1781480
067368,技嘉統一03購01  ,0,1000,-1000,0,0,0,0,0,0,1736000,0,0,0,2086000,350000,1736000,1735000
066300,潤泰新元大01購02,0,0,0,0,0,0,0,0,0,1733000,0,0,0,1876000,143000,1733000,1733000
1305,華夏            ,871000,760000,111000,0,0,0,1356000,0,1356000,198000,340000,18000,322000,28000,152000,-124000,1665000
3605,宏致            ,2188000,621000,1567000,0,0,0,0,250000,-250000,344000,364000,20000,344000,0,0,0,1661000
068720,台積電元大02購14,0,0,0,0,0,0,0,0,0,1631000,0,0,0,1749000,118000,1631000,1631000
2368,金像電          ,12064000,10020000,2044000,0,0,0,0,33000,-33000,-444000,106000,285000,-179000,188000,453000,-265000,1567000
063862,世紀鋼國泰02購01,0,0,0,0,0,0,0,0,0,1551000,0,0,0,1837000,286000,1551000,1551000
2377,微星            ,3905000,2923740,981260,0,0,0,897000,147000,750000,-188000,106000,199000,-93000,34000,129000,-95000,1543260
058832,立積永豐99購01  ,0,0,0,0,0,0,0,0,0,1521000,0,0,0,1675000,154000,1521000,1521000
069390,申豐元大02購01  ,0,0,0,0,0,0,0,0,0,1500000,0,0,0,1596000,96000,1500000,1500000
064916,玉山金統一02購01,0,0,0,0,0,0,0,0,0,1463000,0,0,0,1466000,3000,1463000,1463000
1710,東聯            ,2032000,376000,1656000,0,0,0,0,0,0,-210000,25000,235000,-210000,0,0,0,1446000
4142,國光生          ,5027000,3946000,1081000,0,0,0,360000,0,360000,-7000,3000,10000,-7000,0,0,0,1434000
054546,玉晶光中信9B購01,0,0,0,0,0,0,0,0,0,1433000,0,0,0,1505000,72000,1433000,1433000
066299,潤泰新元大01購01,0,0,0,0,0,0,0,0,0,1418000,0,0,0,1624000,206000,1418000,1418000
069381,強茂元大02購01  ,3000,0,3000,0,0,0,0,0,0,1391000,0,0,0,1846000,455000,1391000,1394000
2614,東森            ,1913000,545000,1368000,0,0,0,0,0,0,26000,0,7000,-7000,33000,0,33000,1394000
057581,元大金中信9A購01,0,0,0,0,0,0,0,0,0,1390000,0,0,0,1613000,223000,1390000,1390000
2382,廣達            ,5081000,3334930,1746070,0,0,0,0,10000,-10000,-354000,58000,433000,-375000,70000,49000,21000,1382070
067100,華邦電群益01購01,0,0,0,0,0,0,0,0,0,1380000,0,0,0,1410000,30000,1380000,1380000
2357,華碩            ,3284000,1784500,1499500,0,0,0,36000,1000,35000,-167000,49000,142000,-93000,23000,97000,-74000,1367500
03050X,元展47          ,0,0,0,0,0,0,0,0,0,1347000,0,0,0,1360000,13000,1347000,1347000
2454,聯發科          ,10632966,8516810,2116156,0,0,0,123937,633000,-509063,-270000,162000,339000,-177000,43000,136000,-93000,1337093
00852L,國泰美國道瓊正2 ,0,590000,-590000,0,0,0,0,0,0,1911000,500000,0,500000,1442000,31000,1411000,1321000
067097,為升群益01購01  ,0,0,0,0,0,0,0,0,0,1317000,0,0,0,1680000,363000,1317000,1317000
2347,聯強            ,3424000,2024000,1400000,0,0,0,0,0,0,-92000,22000,190000,-168000,237000,161000,76000,1308000
069773,奇鋐元大03購01  ,0,0,0,0,0,0,0,0,0,1291000,0,0,0,1747000,456000,1291000,1291000
064045,南亞科統一9C購04,0,0,0,0,0,0,0,0,0,1289000,0,0,0,1289000,0,1289000,1289000
1218,泰山            ,1454000,349000,1105000,0,0,0,0,0,0,161000,10000,0,10000,151000,0,151000,1266000
2101,南港            ,1828000,658000,1170000,0,0,0,0,0,0,95000,100000,1000,99000,76000,80000,-4000,1265000
069094,金像電統一02購02,0,0,0,0,0,0,0,0,0,1261000,0,0,0,1321000,60000,1261000,1261000
2006,東和鋼鐵        ,1384000,312000,1072000,0,0,0,0,0,0,160000,260000,100000,160000,0,0,0,1232000
066359,潤泰新永豐01購01,0,0,0,0,0,0,0,0,0,1222000,0,0,0,2831000,1609000,1222000,1222000
063768,華新科國泰9C購03,0,0,0,0,0,0,0,0,0,1221000,0,0,0,1252000,31000,1221000,1221000
08095P,大立光元富9B售03,0,0,0,0,0,0,0,0,0,1216000,0,0,0,1359000,143000,1216000,1216000
063076,柏文永豐9B購02  ,0,0,0,0,0,0,0,0,0,1214000,0,0,0,1214000,0,1214000,1214000
066197,鴻海統一02購02  ,0,0,0,0,0,0,0,0,0,1212000,0,0,0,1212000,0,1212000,1212000
066858,聯鈞國票02購01  ,0,0,0,0,0,0,0,0,0,1200000,0,0,0,1200000,0,1200000,1200000
2421,建準            ,3017100,2552000,465100,0,0,0,520000,0,520000,207000,192000,10000,182000,695000,670000,25000,1192100
068562,台積電元大03購02,0,0,0,0,0,0,0,0,0,1166000,0,0,0,2028000,862000,1166000,1166000
064843,巨大統一02購01  ,0,0,0,0,0,0,0,0,0,1157000,0,0,0,1268000,111000,1157000,1157000
2106,建大            ,1860000,714000,1146000,0,0,0,0,0,0,4000,22000,18000,4000,0,0,0,1150000
065404,玉晶光國泰02購03,0,0,0,0,0,0,0,0,0,1145000,0,0,0,1717000,572000,1145000,1145000
2458,義隆            ,2718000,670000,2048000,0,0,0,0,370000,-370000,-545000,13000,454000,-441000,18000,122000,-104000,1133000
067064,為升元大01購02  ,0,0,0,0,0,0,0,0,0,1131000,0,0,0,1974000,843000,1131000,1131000
03128P,玉晶光國泰03售04,0,0,0,0,0,0,0,0,0,1117000,0,0,0,1231000,114000,1117000,1117000
08606P,聯發科國票9C售05,0,0,0,0,0,0,0,0,0,1114000,0,0,0,1169000,55000,1114000,1114000
0061,元大寶滬深      ,3031000,156000,2875000,0,0,0,0,0,0,-1765000,10000,860000,-850000,218000,1133000,-915000,1110000
067305,國產元大01購02  ,0,0,0,0,0,0,0,0,0,1108000,0,0,0,1280000,172000,1108000,1108000
067322,達方元大01購01  ,0,0,0,0,0,0,0,0,0,1094000,0,0,0,1988000,894000,1094000,1094000
5521,工信            ,2028000,1032000,996000,0,0,0,0,0,0,45000,0,0,0,45000,0,45000,1041000
2892,第一金          ,9161357,7997000,1164357,0,0,0,0,40000,-40000,-88000,0,80000,-80000,0,8000,-8000,1036357
068411,世紀鋼元富07購01,0,0,0,0,0,0,0,0,0,1032000,0,0,0,1250000,218000,1032000,1032000
063668,奇力新統一01購03,0,0,0,0,0,0,0,0,0,1030000,0,0,0,1140000,110000,1030000,1030000
6456,GIS-KY          ,4688000,2502000,2186000,0,0,0,10000,952000,-942000,-229000,137000,79000,58000,63000,350000,-287000,1015000
00861,元大全球未來通訊,9000,0,9000,0,0,0,0,0,0,1000000,0,0,0,1000000,0,1000000,1009000
4938,和碩            ,5290000,4118305,1171695,0,0,0,97000,0,97000,-260000,144000,311000,-167000,39000,132000,-93000,1008695
065647,健鼎元大9C購05  ,0,0,0,0,0,0,0,0,0,1008000,0,0,0,1073000,65000,1008000,1008000
065058,東元群益9C購01  ,0,0,0,0,0,0,0,0,0,1006000,0,0,0,1120000,114000,1006000,1006000
00634R,富邦上証反1     ,198000,46000,152000,0,0,0,0,0,0,843000,0,0,0,2356000,1513000,843000,995000
068276,訊連永豐01購02  ,0,0,0,0,0,0,0,0,0,989000,0,0,0,999000,10000,989000,989000
069412,奇力新統一04購02,0,0,0,0,0,0,0,0,0,987000,0,0,0,1208000,221000,987000,987000
1444,力麗            ,1008000,25000,983000,0,0,0,0,0,0,-3000,0,3000,-3000,0,0,0,980000
067154,華擎統一03購03  ,0,0,0,0,0,0,0,0,0,965000,0,0,0,1081000,116000,965000,965000
00701,國泰股利精選30  ,0,5000,-5000,0,0,0,0,0,0,969000,0,0,0,1143000,174000,969000,964000
067138,正文永豐01購02  ,0,0,0,0,0,0,0,0,0,955000,0,0,0,1025000,70000,955000,955000
067642,貿聯統一01購03  ,0,0,0,0,0,0,0,0,0,948000,0,0,0,1451000,503000,948000,948000
1326,台化            ,1480000,610000,870000,0,0,0,5546,17000,-11454,88000,72000,0,72000,16000,0,16000,946546
1789,神隆            ,1346000,548000,798000,0,0,0,0,0,0,148000,2000,18000,-16000,169000,5000,164000,946000
066149,潤泰新群益01購01,0,0,0,0,0,0,0,0,0,942000,0,0,0,1521000,579000,942000,942000
064233,燿華統一9C購02  ,0,0,0,0,0,0,0,0,0,935000,0,0,0,935000,0,935000,935000
068159,華擎元大01購08  ,0,0,0,0,0,0,0,0,0,930000,0,0,0,1018000,88000,930000,930000
066529,巨大統一03購01  ,0,0,0,0,0,0,0,0,0,930000,0,0,0,951000,21000,930000,930000
2385,群光            ,1895000,970000,925000,0,0,0,0,0,0,4000,7000,28000,-21000,88000,63000,25000,929000
057085,立積統一9B購02  ,0,0,0,0,0,0,0,0,0,926000,0,0,0,1227000,301000,926000,926000
067505,微星統一03購01  ,0,0,0,0,0,0,0,0,0,923000,0,0,0,1228000,305000,923000,923000
067478,興勤元大01購01  ,0,0,0,0,0,0,0,0,0,918000,0,0,0,1168000,250000,918000,918000
061901,柏文永豐9B購01  ,0,0,0,0,0,0,0,0,0,917000,0,0,0,917000,0,917000,917000
060360,南亞科元富9A購02,0,0,0,0,0,0,0,0,0,914000,0,0,0,994000,80000,914000,914000
069594,宏碁國票03購01  ,0,0,0,0,0,0,0,0,0,896000,0,0,0,915000,19000,896000,896000
066020,東元群益01購01  ,0,0,0,0,0,0,0,0,0,896000,0,0,0,969000,73000,896000,896000
07578P,高鐵元大9A售02  ,0,0,0,0,0,0,0,0,0,893000,0,0,0,893000,0,893000,893000
068560,台積電元大01購51,0,0,0,0,0,0,0,0,0,893000,0,0,0,1377000,484000,893000,893000
067383,樺漢統一03購02  ,0,0,0,0,0,0,0,0,0,892000,0,0,0,1189000,297000,892000,892000
069041,巨大統一02購03  ,0,0,0,0,0,0,0,0,0,890000,0,0,0,906000,16000,890000,890000
069039,TPK統一04購01   ,0,0,0,0,0,0,0,0,0,884000,0,0,0,1250000,366000,884000,884000
066713,台灣50元大01購21,0,0,0,0,0,0,0,0,0,878000,0,0,0,970000,92000,878000,878000
069355,台塑永豐02購01  ,0,0,0,0,0,0,0,0,0,873000,0,0,0,873000,0,873000,873000
4904,遠傳            ,1792000,951000,841000,0,0,0,2830,0,2830,28000,63000,45000,18000,10000,0,10000,871830
2379,瑞昱            ,2628600,1525134,1103466,0,0,0,10599,99000,-88401,-145000,48000,181000,-133000,25000,37000,-12000,870065
064207,國巨凱基03購02  ,0,0,0,0,0,0,0,0,0,857000,0,0,0,858000,1000,857000,857000
067277,樺漢統一03購01  ,0,0,0,0,0,0,0,0,0,857000,0,0,0,857000,0,857000,857000
066923,滬深2X國票02購01,0,0,0,0,0,0,0,0,0,856000,0,0,0,1310000,454000,856000,856000
9958,世紀鋼          ,2079000,734000,1345000,0,0,0,400000,0,400000,-890000,96000,69000,27000,87000,1004000,-917000,855000
068776,台積電元富08購01,0,0,0,0,0,0,0,0,0,846000,0,0,0,1351000,505000,846000,846000
068709,上緯控國票03購01,0,0,0,0,0,0,0,0,0,841000,0,0,0,874000,33000,841000,841000
08157P,大立光元富9B售06,0,0,0,0,0,0,0,0,0,834000,0,0,0,1027000,193000,834000,834000
08315P,台積電元大9C售08,0,0,0,0,0,0,0,0,0,831000,0,0,0,851000,20000,831000,831000
3665,貿聯-KY         ,1500000,1163000,337000,0,0,0,355000,0,355000,138000,44000,0,44000,221000,127000,94000,830000
069420,樺漢統一03購03  ,0,0,0,0,0,0,0,0,0,825000,0,0,0,1167000,342000,825000,825000
3030,德律            ,1176000,363000,813000,0,0,0,0,0,0,12000,1000,62000,-61000,78000,5000,73000,825000
069208,聯詠元大03購01  ,0,0,0,0,0,0,0,0,0,822000,0,0,0,822000,0,822000,822000
068016,宏碁國票02購01  ,10000,0,10000,0,0,0,0,0,0,807000,0,0,0,1107000,300000,807000,817000
069385,華擎元大02購03  ,0,0,0,0,0,0,0,0,0,811000,0,0,0,1057000,246000,811000,811000
08118P,嘉澤元富9B售02  ,0,0,0,0,0,0,0,0,0,811000,0,0,0,963000,152000,811000,811000
067222,申豐元大01購01  ,0,0,0,0,0,0,0,0,0,811000,0,0,0,831000,20000,811000,811000
8215,明基材          ,1380000,580000,800000,0,0,0,0,0,0,3000,3000,0,3000,0,0,0,803000
2308,台達電          ,2738927,1859000,879927,0,0,0,2727,0,2727,-81000,152000,186000,-34000,99000,146000,-47000,801654
067281,T50反1國票01購05,0,0,0,0,0,0,0,0,0,800000,0,0,0,1101000,301000,800000,800000
069001,為升兆豐03購02  ,0,0,0,0,0,0,0,0,0,783000,0,0,0,1142000,359000,783000,783000
1309,台達化          ,2774000,1684000,1090000,0,0,0,0,0,0,-307000,1000,308000,-307000,0,0,0,783000
6191,精成科          ,3545000,2641000,904000,0,0,0,0,0,0,-121000,15000,0,15000,6000,142000,-136000,783000
08158P,嘉澤元富9B售03  ,0,0,0,0,0,0,0,0,0,776000,0,0,0,1028000,252000,776000,776000
2206,三陽工業        ,971000,197000,774000,0,0,0,0,0,0,0,0,0,0,0,0,0,774000
067063,為升元大01購01  ,0,0,0,0,0,0,0,0,0,770000,0,0,0,1411000,641000,770000,770000
2535,達欣工          ,749000,345000,404000,0,0,0,0,0,0,365000,420000,55000,365000,0,0,0,769000
1907,永豐餘          ,2459000,1622000,837000,0,0,0,0,0,0,-71000,0,71000,-71000,0,0,0,766000
062173,世紀鋼永豐9B購01,0,0,0,0,0,0,0,0,0,761000,0,0,0,1140000,379000,761000,761000
067031,華擎元富01購01  ,0,0,0,0,0,0,0,0,0,760000,0,0,0,1014000,254000,760000,760000
07033P,大立光統一9B售03,0,0,0,0,0,0,0,0,0,755000,0,0,0,930000,175000,755000,755000
063272,GIS兆豐9C購01   ,0,0,0,0,0,0,0,0,0,755000,0,0,0,755000,0,755000,755000
065010,國巨國泰01購04  ,0,0,0,0,0,0,0,0,0,754000,0,0,0,1040000,286000,754000,754000
068888,茂林統一03購01  ,0,0,0,0,0,0,0,0,0,751000,0,0,0,779000,28000,751000,751000
063624,GIS兆豐9B購01   ,0,0,0,0,0,0,0,0,0,751000,0,0,0,1063000,312000,751000,751000
066531,智伸科元富01購01,0,0,0,0,0,0,0,0,0,751000,0,0,0,927000,176000,751000,751000
056554,GIS凱基99購01   ,0,0,0,0,0,0,0,0,0,747000,0,0,0,747000,0,747000,747000
061986,晶豪科元大9B購01,0,0,0,0,0,0,0,0,0,743000,0,0,0,821000,78000,743000,743000
069373,華新元大02購01  ,0,0,0,0,0,0,0,0,0,740000,0,0,0,860000,120000,740000,740000
08316P,祥碩元大9C售04  ,0,0,0,0,0,0,0,0,0,740000,0,0,0,1368000,628000,740000,740000
066844,聯發科元大01購12,0,0,0,0,0,0,0,0,0,740000,0,0,0,758000,18000,740000,740000
065083,南亞科元大01購01,0,0,0,0,0,0,0,0,0,739000,0,0,0,853000,114000,739000,739000
03406P,大立光群益02售07,0,0,0,0,0,0,0,0,0,734000,0,0,0,739000,5000,734000,734000
3702,大聯大          ,2815000,1445000,1370000,0,0,0,0,0,0,-640000,166000,806000,-640000,28000,28000,0,730000
065685,同欣電統一01購04,0,0,0,0,0,0,0,0,0,729000,0,0,0,735000,6000,729000,729000
1515,力山            ,1111000,619000,492000,0,0,0,107000,0,107000,129000,80000,81000,-1000,214000,84000,130000,728000
00664R,國泰臺灣加權反1 ,0,0,0,0,0,0,0,0,0,727000,0,0,0,1109000,382000,727000,727000
062051,上銀統一9C購02  ,0,0,0,0,0,0,0,0,0,726000,0,0,0,746000,20000,726000,726000
065955,健鼎統一01購03  ,0,10000,-10000,0,0,0,0,0,0,729000,0,0,0,729000,0,729000,719000
08750P,台灣50群益01售04,0,0,0,0,0,0,0,0,0,719000,0,0,0,1291000,572000,719000,719000
064230,上銀統一01購04  ,0,0,0,0,0,0,0,0,0,711000,0,0,0,711000,0,711000,711000
069043,上銀元富08購01  ,0,0,0,0,0,0,0,0,0,709000,0,0,0,1185000,476000,709000,709000
061518,達方永豐9A購02  ,0,0,0,0,0,0,0,0,0,709000,0,0,0,732000,23000,709000,709000
067835,微星統一02購02  ,0,0,0,0,0,0,0,0,0,708000,0,0,0,1185000,477000,708000,708000
065179,同欣電元大02購01,0,0,0,0,0,0,0,0,0,703000,0,0,0,705000,2000,703000,703000
066833,正文群益01購01  ,0,0,0,0,0,0,0,0,0,702000,0,0,0,941000,239000,702000,702000
8213,志超            ,2322000,1662000,660000,0,0,0,0,0,0,42000,8000,0,8000,74000,40000,34000,702000
2809,京城銀          ,1300511,678000,622511,0,0,0,0,0,0,78000,30000,2000,28000,76000,26000,50000,700511
057307,瀚宇博兆豐99購01,0,0,0,0,0,0,0,0,0,699000,0,0,0,700000,1000,699000,699000
068190,台積電凱基01購20,0,0,0,0,0,0,0,0,0,698000,0,0,0,706000,8000,698000,698000
066508,世紀鋼富邦03購01,0,0,0,0,0,0,0,0,0,698000,0,0,0,708000,10000,698000,698000
065778,南亞科國泰01購01,0,0,0,0,0,0,0,0,0,696000,0,0,0,709000,13000,696000,696000
061379,鈺齊永豐9A購02  ,0,0,0,0,0,0,0,0,0,694000,0,0,0,1129000,435000,694000,694000
062323,上銀統一9B購03  ,0,0,0,0,0,0,0,0,0,688000,0,0,0,842000,154000,688000,688000
065315,玉晶光中信03購02,0,0,0,0,0,0,0,0,0,687000,0,0,0,1465000,778000,687000,687000
068126,樺漢元富07購01  ,0,0,0,0,0,0,0,0,0,686000,0,0,0,716000,30000,686000,686000
08124P,臻鼎群益9B售02  ,0,0,0,0,0,0,0,0,0,685000,0,0,0,765000,80000,685000,685000
2605,新興            ,1105000,449000,656000,0,0,0,0,0,0,27000,0,16000,-16000,43000,0,43000,683000
062163,大毅國泰01購01  ,0,0,0,0,0,0,0,0,0,680000,0,0,0,680000,0,680000,680000
069444,金像電元富08購01,0,0,0,0,0,0,0,0,0,678000,0,0,0,702000,24000,678000,678000
061005,可成兆豐9A購01  ,0,0,0,0,0,0,0,0,0,678000,0,0,0,1010000,332000,678000,678000
2349,錸德            ,1250000,574000,676000,0,0,0,0,0,0,1000,1000,0,1000,0,0,0,677000
065490,國巨國泰02購02  ,0,0,0,0,0,0,0,0,0,676000,0,0,0,994000,318000,676000,676000
064842,南六統一9C購04  ,0,0,0,0,0,0,0,0,0,672000,0,0,0,952000,280000,672000,672000
067760,旭富永豐01購01  ,0,0,0,0,0,0,0,0,0,671000,0,0,0,671000,0,671000,671000
067800,SP黃豆凱基04購01,0,0,0,0,0,0,0,0,0,670000,0,0,0,788000,118000,670000,670000
062328,南亞科統一9C購01,0,0,0,0,0,0,0,0,0,667000,0,0,0,793000,126000,667000,667000
066587,台船群益01購01  ,0,0,0,0,0,0,0,0,0,666000,0,0,0,783000,117000,666000,666000
9919,康那香          ,1682000,1027000,655000,0,0,0,0,0,0,-2000,0,2000,-2000,0,0,0,653000
068738,寶成元大02購01  ,0,0,0,0,0,0,0,0,0,652000,0,0,0,664000,12000,652000,652000
9907,統一實          ,1042000,427000,615000,0,0,0,0,0,0,35000,40000,5000,35000,0,0,0,650000
064936,世紀鋼統一9C購02,0,0,0,0,0,0,0,0,0,649000,0,0,0,769000,120000,649000,649000
053925,群創國票98購01  ,0,0,0,0,0,0,0,0,0,644000,0,0,0,644000,0,644000,644000
069548,聯發科元大02購19,0,0,0,0,0,0,0,0,0,640000,0,0,0,725000,85000,640000,640000
066134,強茂群益01購01  ,0,0,0,0,0,0,0,0,0,639000,0,0,0,705000,66000,639000,639000
062008,南亞科國泰9C購01,0,0,0,0,0,0,0,0,0,635000,0,0,0,637000,2000,635000,635000
063716,旺宏兆豐9B購01  ,0,0,0,0,0,0,0,0,0,634000,0,0,0,634000,0,634000,634000
4725,信昌化          ,180000,29000,151000,0,0,0,0,0,0,480000,0,0,0,480000,0,480000,631000
062336,茂林統一01購02  ,0,0,0,0,0,0,0,0,0,624000,0,0,0,647000,23000,624000,624000
066921,日月光麥證01購01,0,0,0,623000,1000,622000,0,0,0,622000,0,0,0,623000,1000,622000,622000
068885,健鼎統一02購06  ,0,0,0,0,0,0,0,0,0,619000,0,0,0,619000,0,619000,619000
062062,貿聯統一01購01  ,0,0,0,0,0,0,0,0,0,619000,0,0,0,873000,254000,619000,619000
069856,聯發科永豐02購04,0,0,0,0,0,0,0,0,0,613000,0,0,0,1078000,465000,613000,613000
061639,晶豪科元大9A購02,0,0,0,0,0,0,0,0,0,613000,0,0,0,865000,252000,613000,613000
063926,南亞科統一03購01,0,0,0,0,0,0,0,0,0,613000,0,0,0,685000,72000,613000,613000
064995,世紀鋼兆豐9C購01,0,0,0,0,0,0,0,0,0,612000,0,0,0,612000,0,612000,612000
069446,華新科統一04購01,0,0,0,0,0,0,0,0,0,610000,0,0,0,610000,0,610000,610000
08377P,臻鼎元富9C售02  ,0,0,0,0,0,0,0,0,0,608000,0,0,0,644000,36000,608000,608000
055902,同欣電中信99購01,0,0,0,0,0,0,0,0,0,607000,0,0,0,658000,51000,607000,607000
063521,國巨凱基03購01  ,0,0,0,0,0,0,0,0,0,605000,0,0,0,605000,0,605000,605000
067884,鴻海群益02購03  ,0,0,0,0,0,0,0,0,0,600000,0,0,0,600000,0,600000,600000
07974P,上証2X元大9B售02,0,0,0,0,0,0,0,0,0,599000,0,0,0,799000,200000,599000,599000
069327,樺漢兆豐03購01  ,0,0,0,0,0,0,0,0,0,599000,0,0,0,750000,151000,599000,599000
1402,遠東新          ,3705000,3086505,618495,0,0,0,0,14000,-14000,-6000,205000,49000,156000,21000,183000,-162000,598495
066410,潤泰新凱基01購01,0,0,0,0,0,0,0,0,0,595000,0,0,0,786000,191000,595000,595000
069117,聯發科群益02購13,0,0,0,0,0,0,0,0,0,590000,0,0,0,666000,76000,590000,590000
08313P,健策國票01售01  ,0,0,0,0,0,0,0,0,0,590000,0,0,0,830000,240000,590000,590000
063630,智邦元大9B購09  ,0,0,0,0,0,0,0,0,0,589000,0,0,0,705000,116000,589000,589000
067003,聯發科永豐01購02,0,0,0,0,0,0,0,0,0,588000,0,0,0,873000,285000,588000,588000
00652,富邦印度        ,245000,8000,237000,0,0,0,0,0,0,348786,0,0,0,399786,51000,348786,585786
2345,智邦            ,2164000,1464335,699665,0,0,0,15000,0,15000,-129000,17000,130000,-113000,34000,50000,-16000,585665
066854,樺漢元大01購02  ,0,0,0,0,0,0,0,0,0,575000,0,0,0,1310000,735000,575000,575000
3209,全科            ,643000,45000,598000,0,0,0,0,0,0,-26000,1000,27000,-26000,0,0,0,572000
068125,潤泰新元富07購01,0,0,0,0,0,0,0,0,0,571000,0,0,0,1072000,501000,571000,571000
065034,玉晶光統一01購11,0,0,0,0,0,0,0,0,0,570000,0,0,0,949000,379000,570000,570000
066869,聯發科元富07購02,0,0,0,0,0,0,0,0,0,569000,0,0,0,756000,187000,569000,569000
1215,卜蜂            ,547000,172000,375000,0,0,0,0,0,0,194000,103000,4000,99000,95000,0,95000,569000
064470,世紀鋼元富03購01,0,0,0,0,0,0,0,0,0,568000,0,0,0,585000,17000,568000,568000
067963,宏碁群益02購01  ,0,0,0,0,0,0,0,0,0,567000,0,0,0,613000,46000,567000,567000
058809,國巨統一9B購03  ,0,0,0,0,0,0,0,0,0,565000,0,0,0,565000,0,565000,565000
060457,中橡元大9A購02  ,0,0,0,0,0,0,0,0,0,563000,0,0,0,793000,230000,563000,563000
066997,樺漢國泰03購01  ,0,0,0,0,0,0,0,0,0,563000,0,0,0,838000,275000,563000,563000
08530P,鴻海統一9C售19  ,0,0,0,0,0,0,0,0,0,559000,0,0,0,559000,0,559000,559000
2548,華固            ,770000,209000,561000,0,0,0,0,1000,-1000,-2000,7000,2000,5000,0,7000,-7000,558000
068530,瀚宇博元富04購02,0,0,0,0,0,0,0,0,0,555000,0,0,0,724000,169000,555000,555000
063846,智邦元大9C購01  ,0,0,0,0,0,0,0,0,0,554000,0,0,0,658000,104000,554000,554000
068033,國產元富01購01  ,0,0,0,0,0,0,0,0,0,545000,0,0,0,741000,196000,545000,545000
065195,國巨元富06購01  ,0,0,0,0,0,0,0,0,0,544000,0,0,0,568000,24000,544000,544000
03304P,欣興元富02售02  ,0,0,0,0,0,0,0,0,0,539000,0,0,0,640000,101000,539000,539000
056353,鴻海元大99購02  ,0,0,0,0,0,0,0,0,0,539000,0,0,0,539000,0,539000,539000
059023,可成統一9B購02  ,0,0,0,0,0,0,0,0,0,538000,0,0,0,774000,236000,538000,538000
067996,南亞科元大01購02,0,0,0,0,0,0,0,0,0,538000,0,0,0,887000,349000,538000,538000
068079,瑞儀凱基01購01  ,0,0,0,0,0,0,0,0,0,535000,0,0,0,641000,106000,535000,535000
069230,申豐群益02購01  ,0,0,0,0,0,0,0,0,0,531000,0,0,0,601000,70000,531000,531000
08761P,聯詠元大01售02  ,0,0,0,0,0,0,0,0,0,530000,0,0,0,569000,39000,530000,530000
2331,精英            ,891000,201000,690000,0,0,0,0,0,0,-161000,28000,189000,-161000,0,0,0,529000
067065,為升元大01購03  ,0,0,0,0,0,0,0,0,0,527000,0,0,0,1083000,556000,527000,527000
063147,東元元富9B購01  ,0,0,0,0,0,0,0,0,0,524000,0,0,0,605000,81000,524000,524000
067712,惠特元富04購01  ,0,0,0,0,0,0,0,0,0,524000,0,0,0,598000,74000,524000,524000
057282,大立光元大99購06,0,0,0,0,0,0,0,0,0,523000,0,0,0,523000,0,523000,523000
069055,台表科元富08購01,0,0,0,0,0,0,0,0,0,522000,0,0,0,542000,20000,522000,522000
065654,台表科元大9C購12,0,0,0,0,0,0,0,0,0,520000,0,0,0,585000,65000,520000,520000
08388P,台灣50中信03售09,0,0,0,0,0,0,0,0,0,519000,0,0,0,523000,4000,519000,519000
066748,同欣電元大01購03,0,0,0,0,0,0,0,0,0,519000,0,0,0,551000,32000,519000,519000
065279,T50反1群益9C購03,0,0,0,0,0,0,0,0,0,518000,0,0,0,618000,100000,518000,518000
069463,智伸科兆豐03購02,0,0,0,0,0,0,0,0,0,517000,0,0,0,724000,207000,517000,517000
065320,技嘉凱基9C購02  ,0,0,0,0,0,0,0,0,0,517000,0,0,0,558000,41000,517000,517000
065372,漢唐元大9C購02  ,0,0,0,0,0,0,0,0,0,516000,0,0,0,526000,10000,516000,516000
08591P,台光電凱基9C售02,0,0,0,0,0,0,0,0,0,511000,0,0,0,511000,0,511000,511000
069669,台船元大02購01  ,0,0,0,0,0,0,0,0,0,509000,0,0,0,1128000,619000,509000,509000
03116P,玉晶光康和01售02,0,0,0,0,0,0,0,0,0,508000,0,0,0,508000,0,508000,508000
068110,華新元富03購01  ,0,0,0,0,0,0,0,0,0,508000,0,0,0,525000,17000,508000,508000
068003,玉晶光元大01購12,0,0,0,0,0,0,0,0,0,508000,0,0,0,591000,83000,508000,508000
1447,力鵬            ,746000,244000,502000,0,0,0,0,0,0,5000,5000,0,5000,0,0,0,507000
069912,百和元大02購02  ,0,0,0,0,0,0,0,0,0,506000,0,0,0,510000,4000,506000,506000
067261,樺漢國票02購01  ,0,0,0,0,0,0,0,0,0,506000,0,0,0,713000,207000,506000,506000
057740,茂林富邦9A購01  ,0,0,0,0,0,0,0,0,0,504000,0,0,0,1070000,566000,504000,504000
068692,為升凱基02購03  ,0,0,0,0,0,0,0,0,0,503000,0,0,0,605000,102000,503000,503000
065084,南亞科元大9C購08,0,0,0,0,0,0,0,0,0,501000,0,0,0,502000,1000,501000,501000
067380,華擎統一02購02  ,0,0,0,0,0,0,0,0,0,501000,0,0,0,642000,141000,501000,501000
068533,台郡元富07購03  ,0,0,0,0,0,0,0,0,0,499000,0,0,0,499000,0,499000,499000
08331P,義隆元富9C售02  ,0,0,0,0,0,0,0,0,0,499000,0,0,0,499000,0,499000,499000
061868,旺宏元大9B購03  ,0,0,0,0,0,0,0,0,0,498000,0,0,0,498000,0,498000,498000
061730,旺宏統一01購02  ,0,0,0,0,0,0,0,0,0,497000,0,0,0,499000,2000,497000,497000
066913,樺漢凱基01購01  ,0,0,0,0,0,0,0,0,0,497000,0,0,0,604000,107000,497000,497000
2417,圓剛            ,644000,123000,521000,0,0,0,0,0,0,-24000,59000,83000,-24000,0,0,0,497000
07964P,大立光統一9B售12,0,0,0,0,0,0,0,0,0,496000,0,0,0,504000,8000,496000,496000
07378P,大立光元大99售29,0,0,0,0,0,0,0,0,0,496000,0,0,0,496000,0,496000,496000
08983P,玉晶光凱基01售06,0,0,0,0,0,0,0,0,0,496000,0,0,0,587000,91000,496000,496000
07709P,創意元大9A售01  ,0,0,0,0,0,0,0,0,0,495000,0,0,0,520000,25000,495000,495000
061517,瑞祺永豐9A購03  ,0,0,0,0,0,0,0,0,0,494000,0,0,0,504000,10000,494000,494000
068927,台達電永豐02購01,0,0,0,0,0,0,0,0,0,493000,0,0,0,499000,6000,493000,493000
068656,台積電元大02購09,0,0,0,0,0,0,0,0,0,491000,0,0,0,556000,65000,491000,491000
063444,金像電統一03購01,10000,0,10000,0,0,0,0,0,0,481000,0,0,0,1328000,847000,481000,491000
065793,旭富永豐9C購02  ,0,0,0,0,0,0,0,0,0,491000,0,0,0,491000,0,491000,491000
066507,和碩富邦03購01  ,0,0,0,0,0,0,0,0,0,491000,0,0,0,568000,77000,491000,491000
067023,巨大中信01購01  ,0,0,0,0,0,0,0,0,0,490000,0,0,0,490000,0,490000,490000
065505,健鼎永豐9C購01  ,0,0,0,0,0,0,0,0,0,489000,0,0,0,489000,0,489000,489000
063497,東元永豐9B購01  ,0,0,0,0,0,0,0,0,0,488000,0,0,0,494000,6000,488000,488000
066614,貿聯麥證01購01  ,0,0,0,573000,87000,486000,0,0,0,486000,0,0,0,573000,87000,486000,486000
067076,聯詠元大01購05  ,0,0,0,0,0,0,0,0,0,486000,0,0,0,538000,52000,486000,486000
08556P,臺股指中信01售08,0,0,0,0,0,0,0,0,0,485000,0,0,0,515000,30000,485000,485000
057451,大立光元富9B購01,0,0,0,0,0,0,0,0,0,485000,0,0,0,485000,0,485000,485000
068403,南亞科元富07購01,0,0,0,0,0,0,0,0,0,484000,0,0,0,496000,12000,484000,484000
065237,茂林凱基01購01  ,0,0,0,0,0,0,0,0,0,483000,0,0,0,616000,133000,483000,483000
067180,為升凱基02購01  ,0,0,0,0,0,0,0,0,0,483000,0,0,0,644000,161000,483000,483000
067842,微星元富07購01  ,0,0,0,0,0,0,0,0,0,483000,0,0,0,606000,123000,483000,483000
064853,亞德客麥證9C購01,0,0,0,492000,11000,481000,0,0,0,481000,0,0,0,492000,11000,481000,481000
067365,美利達群益01購03,0,0,0,0,0,0,0,0,0,481000,0,0,0,511000,30000,481000,481000
067850,台郡元富07購01  ,0,0,0,0,0,0,0,0,0,479000,0,0,0,489000,10000,479000,479000
067991,旺宏元大01購04  ,0,0,0,0,0,0,0,0,0,478000,0,0,0,478000,0,478000,478000
03199P,台積電統一01售16,0,0,0,0,0,0,0,0,0,477000,0,0,0,836000,359000,477000,477000
03382P,帆宣康和02售01  ,0,0,0,0,0,0,0,0,0,476000,0,0,0,1038000,562000,476000,476000
064054,中租統一02購01  ,0,0,0,0,0,0,0,0,0,475000,0,0,0,519000,44000,475000,475000
067109,晶豪科群益01購01,0,0,0,0,0,0,0,0,0,475000,0,0,0,481000,6000,475000,475000
3041,揚智            ,1213000,742000,471000,0,0,0,0,0,0,3000,3000,0,3000,0,0,0,474000
069743,華碩永豐02購01  ,0,0,0,0,0,0,0,0,0,473000,0,0,0,491000,18000,473000,473000
063594,上銀中信9C購01  ,0,0,0,0,0,0,0,0,0,472000,0,0,0,497000,25000,472000,472000
062651,世紀鋼富邦9C購01,0,0,0,0,0,0,0,0,0,471000,0,0,0,600000,129000,471000,471000
069486,強茂元大02購02  ,0,0,0,0,0,0,0,0,0,470000,0,0,0,934000,464000,470000,470000
067386,巨大統一02購02  ,0,0,0,0,0,0,0,0,0,469000,0,0,0,479000,10000,469000,469000
06950P,鴻海統一9B售02  ,0,0,0,0,0,0,0,0,0,468000,0,0,0,547000,79000,468000,468000
058347,玉晶光群益9B購01,0,0,0,0,0,0,0,0,0,468000,0,0,0,489000,21000,468000,468000
2360,致茂            ,1066000,674000,392000,0,0,0,0,0,0,75000,39000,12000,27000,49000,1000,48000,467000
064733,南六統一9C購03  ,0,0,0,0,0,0,0,0,0,466000,0,0,0,469000,3000,466000,466000
069118,強茂群益02購01  ,0,0,0,0,0,0,0,0,0,463000,0,0,0,608000,145000,463000,463000
3052,夆典            ,672000,200000,472000,0,0,0,0,0,0,-10000,0,10000,-10000,0,0,0,462000
065763,台表科元大9C購14,0,0,0,0,0,0,0,0,0,459000,0,0,0,476000,17000,459000,459000
069459,華碩兆豐03購01  ,0,0,0,0,0,0,0,0,0,458000,0,0,0,570000,112000,458000,458000
067279,美利達統一02購02,0,0,0,0,0,0,0,0,0,458000,0,0,0,505000,47000,458000,458000
063401,中租群益9B購03  ,0,0,0,0,0,0,0,0,0,457000,0,0,0,494000,37000,457000,457000
064809,冠德元大9C購01  ,0,0,0,0,0,0,0,0,0,457000,0,0,0,567000,110000,457000,457000
061957,上銀統一01購01  ,0,0,0,0,0,0,0,0,0,457000,0,0,0,559000,102000,457000,457000
064839,旭富統一9C購01  ,0,0,0,0,0,0,0,0,0,456000,0,0,0,456000,0,456000,456000
067776,巨大統一03購02  ,0,0,0,0,0,0,0,0,0,456000,0,0,0,512000,56000,456000,456000
065961,東元元大04購01  ,0,0,0,0,0,0,0,0,0,455000,0,0,0,478000,23000,455000,455000
069360,聯發科永豐02購03,0,0,0,0,0,0,0,0,0,452000,0,0,0,456000,4000,452000,452000
03105P,大立光元富04售02,0,0,0,0,0,0,0,0,0,452000,0,0,0,488000,36000,452000,452000
066190,惠特凱基01購01  ,0,0,0,0,0,0,0,0,0,452000,0,0,0,452000,0,452000,452000
065816,聯發科元富03購07,0,0,0,0,0,0,0,0,0,451000,0,0,0,483000,32000,451000,451000
069187,矽創麥證02購01  ,0,0,0,450000,0,450000,0,0,0,450000,0,0,0,450000,0,450000,450000
066282,鎧勝元大01購01  ,0,0,0,0,0,0,0,0,0,450000,0,0,0,450000,0,450000,450000
03310P,聯詠凱基02售05  ,0,0,0,0,0,0,0,0,0,449000,0,0,0,491000,42000,449000,449000
03414P,臺股指元大03售06,0,0,0,0,0,0,0,0,0,448000,0,0,0,501000,53000,448000,448000
058515,健鼎元大99購01  ,0,0,0,0,0,0,0,0,0,448000,0,0,0,448000,0,448000,448000
065694,國巨群益9C購19  ,0,0,0,0,0,0,0,0,0,448000,0,0,0,912000,464000,448000,448000
08272P,鴻海元富9C售02  ,0,0,0,0,0,0,0,0,0,446000,0,0,0,446000,0,446000,446000
1227,佳格            ,953000,507000,446000,0,0,0,0,0,0,0,0,0,0,0,0,0,446000
069543,台積電元大03購05,0,0,0,0,0,0,0,0,0,444000,0,0,0,449000,5000,444000,444000
068155,國揚元大01購03  ,0,0,0,0,0,0,0,0,0,444000,0,0,0,538000,94000,444000,444000
03019P,全新群益01售01  ,0,0,0,0,0,0,0,0,0,444000,0,0,0,573000,129000,444000,444000
064788,台汽電群益9C購01,0,0,0,0,0,0,0,0,0,444000,0,0,0,444000,0,444000,444000
059181,世紀鋼元富9C購01,0,0,0,0,0,0,0,0,0,442000,0,0,0,556000,114000,442000,442000
6669,緯穎            ,732000,210350,521650,0,0,0,0,87000,-87000,7000,1000,12000,-11000,40000,22000,18000,441650
068400,瑞昱元富07購02  ,0,0,0,0,0,0,0,0,0,441000,0,0,0,458000,17000,441000,441000
064830,可成統一9C購04  ,0,0,0,0,0,0,0,0,0,441000,0,0,0,800000,359000,441000,441000
064970,東元元大9C購01  ,0,0,0,0,0,0,0,0,0,441000,0,0,0,459000,18000,441000,441000
067494,日月光元大01購03,0,0,0,0,0,0,0,0,0,441000,0,0,0,621000,180000,441000,441000
063593,GIS永豐9B購01   ,0,0,0,0,0,0,0,0,0,440000,0,0,0,491000,51000,440000,440000
08320P,智邦統一9C售02  ,0,0,0,0,0,0,0,0,0,439000,0,0,0,440000,1000,439000,439000
063659,世紀鋼元富9B購01,0,0,0,0,0,0,0,0,0,439000,0,0,0,615000,176000,439000,439000
068432,技嘉凱基01購02  ,0,0,0,0,0,0,0,0,0,438000,0,0,0,928000,490000,438000,438000
063195,訊連元富9B購01  ,0,0,0,0,0,0,0,0,0,438000,0,0,0,449000,11000,438000,438000
062129,世紀鋼統一02購01,0,0,0,0,0,0,0,0,0,438000,0,0,0,836000,398000,438000,438000
067793,鈺齊群益01購02  ,0,0,0,0,0,0,0,0,0,438000,0,0,0,610000,172000,438000,438000
03061P,南電凱基01售05  ,0,0,0,0,0,0,0,0,0,437000,0,0,0,549000,112000,437000,437000
068672,聯發科統一02購10,0,0,0,0,0,0,0,0,0,435000,0,0,0,476000,41000,435000,435000
08706P,台積電統一02售04,0,0,0,0,0,0,0,0,0,435000,0,0,0,435000,0,435000,435000
062442,華新科元大9C購02,0,0,0,0,0,0,0,0,0,433000,0,0,0,603000,170000,433000,433000
08683P,大立光凱基02售03,0,0,0,0,0,0,0,0,0,431000,0,0,0,446000,15000,431000,431000
067073,國揚元大01購02  ,0,0,0,0,0,0,0,0,0,430000,0,0,0,757000,327000,430000,430000
065480,旭富元大9C購06  ,0,0,0,0,0,0,0,0,0,429000,0,0,0,429000,0,429000,429000
060413,東元永豐9A購01  ,0,0,0,0,0,0,0,0,0,428000,0,0,0,428000,0,428000,428000
08213P,台光電統一9B售03,0,0,0,0,0,0,0,0,0,427000,0,0,0,432000,5000,427000,427000
2365,昆盈            ,473000,48000,425000,0,0,0,0,0,0,2000,2000,0,2000,0,0,0,427000
066817,瀚宇博兆豐03購01,0,0,0,0,0,0,0,0,0,426000,0,0,0,437000,11000,426000,426000
061708,同欣電國票9A購02,0,0,0,0,0,0,0,0,0,424000,0,0,0,424000,0,424000,424000
067967,玉山金群益01購01,0,0,0,0,0,0,0,0,0,424000,0,0,0,424000,0,424000,424000
064570,TPK群益9C購03   ,0,0,0,0,0,0,0,0,0,420000,0,0,0,464000,44000,420000,420000
069415,欣興統一04購04  ,0,0,0,0,0,0,0,0,0,418000,0,0,0,519000,101000,418000,418000
066831,亞光群益01購01  ,0,0,0,0,0,0,0,0,0,418000,0,0,0,438000,20000,418000,418000
069344,華擎群益03購01  ,0,0,0,0,0,0,0,0,0,417000,0,0,0,477000,60000,417000,417000
055874,中環元富9A購01  ,0,0,0,0,0,0,0,0,0,416000,0,0,0,513000,97000,416000,416000
00646,元大S&P500      ,93000,0,93000,0,0,0,0,0,0,323000,0,0,0,323000,0,323000,416000
063675,亞德客國泰01購01,0,0,0,0,0,0,0,0,0,416000,0,0,0,444000,28000,416000,416000
08541P,景碩國票01售02  ,0,0,0,0,0,0,0,0,0,415000,0,0,0,465000,50000,415000,415000
03445P,聯詠群益02售02  ,0,0,0,0,0,0,0,0,0,415000,0,0,0,475000,60000,415000,415000
062967,上銀元富9B購01  ,0,0,0,0,0,0,0,0,0,413000,0,0,0,454000,41000,413000,413000
062119,世紀鋼中信9B購01,0,0,0,0,0,0,0,0,0,412000,0,0,0,412000,0,412000,412000
066815,華擎兆豐03購01  ,0,0,0,0,0,0,0,0,0,412000,0,0,0,412000,0,412000,412000
067240,聯陽群益01購02  ,0,0,0,0,0,0,0,0,0,412000,0,0,0,412000,0,412000,412000
068326,技嘉元大01購04  ,0,0,0,0,0,0,0,0,0,411000,0,0,0,680000,269000,411000,411000
067009,樺漢永豐01購01  ,0,0,0,0,0,0,0,0,0,410000,0,0,0,534000,124000,410000,410000
065660,晶豪科永豐9C購01,0,0,0,0,0,0,0,0,0,410000,0,0,0,421000,11000,410000,410000
2439,美律            ,1461000,1572278,-111278,0,0,0,112000,0,112000,409000,218000,156000,62000,381000,34000,347000,409722
062604,東元凱基9B購01  ,0,0,0,0,0,0,0,0,0,409000,0,0,0,599000,190000,409000,409000
067069,友訊元大01購03  ,0,0,0,0,0,0,0,0,0,408000,0,0,0,620000,212000,408000,408000
6443,元晶            ,1437000,788000,649000,0,0,0,0,0,0,-242000,20000,262000,-242000,0,0,0,407000
08492P,大立光元大9C售22,0,0,0,0,0,0,0,0,0,406000,0,0,0,431000,25000,406000,406000
2013,中鋼構          ,427000,178000,249000,0,0,0,157000,0,157000,0,0,0,0,0,0,0,406000
067716,台船凱基01購01  ,0,0,0,0,0,0,0,0,0,405000,0,0,0,585000,180000,405000,405000
06771P,台灣50中信02售01,0,0,0,0,0,0,0,0,0,405000,0,0,0,420000,15000,405000,405000
063774,GIS富邦9B購02   ,0,0,0,0,0,0,0,0,0,404000,0,0,0,563000,159000,404000,404000
069311,大立光凱基04購01,0,0,0,0,0,0,0,0,0,403000,0,0,0,408000,5000,403000,403000
056277,上銀富邦99購02  ,0,0,0,0,0,0,0,0,0,403000,0,0,0,506000,103000,403000,403000
065092,健鼎元大9C購02  ,0,0,0,0,0,0,0,0,0,402000,0,0,0,402000,0,402000,402000
08826P,健策元大01售08  ,0,0,0,0,0,0,0,0,0,402000,0,0,0,452000,50000,402000,402000
6598,ABC-KY          ,117000,24000,93000,0,0,0,217000,0,217000,91000,91000,0,91000,0,0,0,401000
056410,康控國票99購01  ,0,0,0,0,0,0,0,0,0,400000,0,0,0,400000,0,400000,400000
055736,宏達電元富99購01,0,0,0,0,0,0,0,0,0,400000,0,0,0,400000,0,400000,400000
058646,聯茂富邦9A購01  ,0,0,0,0,0,0,0,0,0,400000,0,0,0,400000,0,400000,400000
062520,晶豪科元大9B購02,50000,0,50000,0,0,0,0,0,0,350000,0,0,0,407000,57000,350000,400000
062580,華通統一9C購03  ,0,0,0,0,0,0,0,0,0,400000,0,0,0,400000,0,400000,400000
065820,瑞祺元富03購01  ,0,0,0,0,0,0,0,0,0,400000,0,0,0,415000,15000,400000,400000
061793,上銀永豐9B購01  ,0,0,0,0,0,0,0,0,0,399000,0,0,0,399000,0,399000,399000
08096P,大立光元富9B售04,0,0,0,0,0,0,0,0,0,398000,0,0,0,557000,159000,398000,398000
063658,瑞祺元富9B購01  ,0,0,0,0,0,0,0,0,0,398000,0,0,0,398000,0,398000,398000
3027,盛達            ,709000,314000,395000,0,0,0,0,0,0,1000,2000,1000,1000,0,0,0,396000
9941,裕融            ,120000,105000,15000,0,0,0,300000,0,300000,81000,1000,0,1000,80000,0,80000,396000
064153,中壽統一9C購01  ,0,0,0,0,0,0,0,0,0,393000,0,0,0,393000,0,393000,393000
069328,巨大兆豐03購01  ,0,0,0,0,0,0,0,0,0,392000,0,0,0,392000,0,392000,392000
03259P,聯發科康和02售01,0,0,0,0,0,0,0,0,0,392000,0,0,0,637000,245000,392000,392000
066914,樺漢凱基02購01  ,0,0,0,0,0,0,0,0,0,392000,0,0,0,392000,0,392000,392000
067239,聯陽群益01購01  ,0,0,0,0,0,0,0,0,0,390000,0,0,0,410000,20000,390000,390000
069700,TPK元富03購02   ,0,0,0,0,0,0,0,0,0,389000,0,0,0,400000,11000,389000,389000
061892,亞德客永豐9B購01,0,0,0,0,0,0,0,0,0,389000,0,0,0,389000,0,389000,389000
067362,眾達群益01購02  ,0,0,0,0,0,0,0,0,0,389000,0,0,0,449000,60000,389000,389000
9939,宏全            ,638000,390000,248000,0,0,0,80000,0,80000,61000,20000,14000,6000,59000,4000,55000,389000
07883P,可成凱基9B售03  ,0,0,0,0,0,0,0,0,0,388000,0,0,0,480000,92000,388000,388000
069195,上銀台新02購01  ,0,0,0,0,0,0,0,0,0,387000,0,0,0,587000,200000,387000,387000
064777,南亞科群益9C購01,0,0,0,0,0,0,0,0,0,387000,0,0,0,387000,0,387000,387000
067131,為升永豐01購01  ,0,0,0,0,0,0,0,0,0,387000,0,0,0,539000,152000,387000,387000
063225,茂林群益9B購04  ,0,0,0,0,0,0,0,0,0,385000,0,0,0,527000,142000,385000,385000
066267,強茂元大01購02  ,0,0,0,0,0,0,0,0,0,384000,0,0,0,415000,31000,384000,384000
069070,欣興麥證02購01  ,0,0,0,397000,64000,333000,0,0,0,383000,0,0,0,464000,81000,383000,383000
1795,美時            ,627000,216000,411000,0,0,0,0,30000,-30000,1000,1000,0,1000,0,0,0,382000
065844,南亞科元大9C購09,0,0,0,0,0,0,0,0,0,381000,0,0,0,388000,7000,381000,381000
1802,台玻            ,6973000,6538000,435000,0,0,0,0,0,0,-54000,12000,66000,-54000,0,0,0,381000
062684,華新科統一01購02,0,0,0,0,0,0,0,0,0,380000,0,0,0,400000,20000,380000,380000
066604,台郡富邦04購01  ,0,0,0,0,0,0,0,0,0,379000,0,0,0,407000,28000,379000,379000
062979,茂林元富9B購01  ,0,0,0,0,0,0,0,0,0,378000,0,0,0,834000,456000,378000,378000
063703,晶豪科群益9B購02,0,0,0,0,0,0,0,0,0,377000,0,0,0,503000,126000,377000,377000
065977,旭富元大02購01  ,0,0,0,0,0,0,0,0,0,377000,0,0,0,625000,248000,377000,377000
063589,美食永豐9B購02  ,0,0,0,0,0,0,0,0,0,376000,0,0,0,452000,76000,376000,376000
067325,巨大元大01購05  ,0,0,0,0,0,0,0,0,0,376000,0,0,0,376000,0,376000,376000
069675,旺宏元大02購02  ,0,0,0,0,0,0,0,0,0,375000,0,0,0,397000,22000,375000,375000
060183,南亞科元富9A購01,0,0,0,0,0,0,0,0,0,375000,0,0,0,605000,230000,375000,375000
062597,世紀鋼統一01購01,0,0,0,0,0,0,0,0,0,374000,0,0,0,413000,39000,374000,374000
067404,盛群永豐01購01  ,0,0,0,0,0,0,0,0,0,374000,0,0,0,374000,0,374000,374000
069584,中壽永豐02購01  ,0,0,0,0,0,0,0,0,0,372000,0,0,0,372000,0,372000,372000
068228,聯發科元富07購08,0,0,0,0,0,0,0,0,0,372000,0,0,0,752000,380000,372000,372000
054158,國巨日盛99購01  ,0,0,0,0,0,0,0,0,0,372000,0,0,0,372000,0,372000,372000
063745,喬山國票9C購01  ,0,0,0,0,0,0,0,0,0,371000,0,0,0,440000,69000,371000,371000
1611,中電            ,421000,50000,371000,0,0,0,0,0,0,0,0,0,0,0,0,0,371000
062917,旭富元大9C購03  ,0,0,0,0,0,0,0,0,0,370000,0,0,0,370000,0,370000,370000
064919,嘉晶統一02購02  ,0,0,0,0,0,0,0,0,0,368000,0,0,0,445000,77000,368000,368000
064495,南亞科元大9C購03,0,0,0,0,0,0,0,0,0,368000,0,0,0,368000,0,368000,368000
064618,南亞科元大9C購04,0,0,0,0,0,0,0,0,0,368000,0,0,0,368000,0,368000,368000
067500,台表科元大01購03,0,0,0,0,0,0,0,0,0,368000,0,0,0,383000,15000,368000,368000
067825,南港兆豐03購01  ,0,0,0,0,0,0,0,0,0,368000,0,0,0,435000,67000,368000,368000
6269,台郡            ,1765350,480000,1285350,0,0,0,0,91000,-91000,-827000,49000,812000,-763000,2000,66000,-64000,367350
063539,世紀鋼統一9B購02,0,0,0,0,0,0,0,0,0,367000,0,0,0,367000,0,367000,367000
2348,海悅            ,648000,239000,409000,0,0,0,0,0,0,-42000,2000,44000,-42000,0,0,0,367000
068761,興勤永豐02購01  ,0,0,0,0,0,0,0,0,0,366000,0,0,0,412000,46000,366000,366000
057544,鴻海凱基02購01  ,0,0,0,0,0,0,0,0,0,366000,0,0,0,461000,95000,366000,366000
066879,智伸科富邦03購01,0,0,0,0,0,0,0,0,0,366000,0,0,0,637000,271000,366000,366000
068904,美利達元大02購01,0,0,0,0,0,0,0,0,0,365000,0,0,0,365000,0,365000,365000
067852,大毅國票02購01  ,0,0,0,0,0,0,0,0,0,365000,0,0,0,365000,0,365000,365000
067556,義隆國票02購02  ,0,0,0,0,0,0,0,0,0,365000,0,0,0,365000,0,365000,365000
08860P,鴻海統一01售06  ,0,0,0,0,0,0,0,0,0,365000,0,0,0,365000,0,365000,365000
063162,國喬永豐9B購01  ,0,0,0,0,0,0,0,0,0,364000,0,0,0,552000,188000,364000,364000
069103,TPK統一04購04   ,0,0,0,0,0,0,0,0,0,363000,0,0,0,363000,0,363000,363000
068386,台達電統一03購02,0,0,0,0,0,0,0,0,0,362000,0,0,0,439000,77000,362000,362000
066855,樺漢元大01購03  ,0,0,0,0,0,0,0,0,0,362000,0,0,0,1007000,645000,362000,362000
08304P,大立光中信02售01,0,0,0,0,0,0,0,0,0,360000,0,0,0,360000,0,360000,360000
03316P,欣興群益02售02  ,0,0,0,0,0,0,0,0,0,360000,0,0,0,494000,134000,360000,360000
058547,世紀鋼富邦9A購01,0,0,0,0,0,0,0,0,0,360000,0,0,0,371000,11000,360000,360000
063220,建準群益9B購01  ,0,0,0,0,0,0,0,0,0,360000,0,0,0,540000,180000,360000,360000
062063,世紀鋼統一9C購01,0,0,0,0,0,0,0,0,0,360000,0,0,0,360000,0,360000,360000
067927,瑞祺兆豐01購01  ,0,0,0,0,0,0,0,0,0,360000,0,0,0,386000,26000,360000,360000
4532,瑞智            ,582000,215000,367000,0,0,0,0,0,0,-7000,0,7000,-7000,0,0,0,360000
2504,國產            ,3601000,3185000,416000,0,0,0,350000,0,350000,-406000,76000,42000,34000,38000,478000,-440000,360000
062944,茂林凱基9B購02  ,0,0,0,0,0,0,0,0,0,359000,0,0,0,367000,8000,359000,359000
067567,瀚宇博康和01購01,0,0,0,0,0,0,0,0,0,358000,0,0,0,359000,1000,358000,358000
063484,達方元大9B購01  ,0,0,0,0,0,0,0,0,0,357000,0,0,0,357000,0,357000,357000
064453,微星統一02購01  ,0,0,0,0,0,0,0,0,0,357000,0,0,0,432000,75000,357000,357000
067346,巨大凱基02購01  ,0,0,0,0,0,0,0,0,0,357000,0,0,0,362000,5000,357000,357000
069837,華城群益02購01  ,0,0,0,0,0,0,0,0,0,356000,0,0,0,371000,15000,356000,356000
067092,美利達元大01購03,0,0,0,0,0,0,0,0,0,356000,0,0,0,410000,54000,356000,356000
08169P,台光電群益9B售04,0,0,0,0,0,0,0,0,0,355000,0,0,0,355000,0,355000,355000
068865,茂林元富08購01  ,0,0,0,0,0,0,0,0,0,355000,0,0,0,817000,462000,355000,355000
068971,元金2X元大02購01,0,0,0,0,0,0,0,0,0,354000,0,0,0,366000,12000,354000,354000
067409,巨大永豐01購01  ,0,0,0,0,0,0,0,0,0,353000,0,0,0,353000,0,353000,353000
1325,恆大            ,1228000,881000,347000,0,0,0,0,0,0,6000,0,0,0,6000,0,6000,353000
063667,全新統一01購02  ,0,0,0,0,0,0,0,0,0,352000,0,0,0,383000,31000,352000,352000
067855,達方國票02購01  ,0,0,0,0,0,0,0,0,0,352000,0,0,0,404000,52000,352000,352000
065756,緯創元大9C購05  ,0,0,0,0,0,0,0,0,0,352000,0,0,0,368000,16000,352000,352000
07032P,聯發科統一9C售02,0,0,0,0,0,0,0,0,0,351000,0,0,0,2185000,1834000,351000,351000
08091P,A50正2元富9B售02,0,0,0,0,0,0,0,0,0,350000,0,0,0,350000,0,350000,350000
08521P,台達電元大9C售03,0,0,0,0,0,0,0,0,0,350000,0,0,0,396000,46000,350000,350000
08526P,義隆元大9C售04  ,0,0,0,0,0,0,0,0,0,350000,0,0,0,501000,151000,350000,350000
061317,旺宏凱基9A購05  ,0,0,0,0,0,0,0,0,0,350000,0,0,0,350000,0,350000,350000
068532,台郡元富07購02  ,0,0,0,0,0,0,0,0,0,349000,0,0,0,499000,150000,349000,349000
2915,潤泰全          ,805000,515000,290000,0,0,0,0,0,0,59000,3000,74000,-71000,188000,58000,130000,349000
069389,南六元大03購01  ,0,0,0,0,0,0,0,0,0,348000,0,0,0,368000,20000,348000,348000
08326P,臺股指凱基9C售09,0,0,0,0,0,0,0,0,0,347000,0,0,0,347000,0,347000,347000
058946,SGBR2X群益9B購01,0,0,0,0,0,0,0,0,0,347000,0,0,0,349000,2000,347000,347000
2354,鴻準            ,1352000,1053035,298965,0,0,0,1723,0,1723,46000,52000,4000,48000,0,2000,-2000,346688
063845,旺宏元大9C購03  ,0,0,0,0,0,0,0,0,0,346000,0,0,0,346000,0,346000,346000
062266,世紀鋼元大9B購02,0,0,0,0,0,0,0,0,0,346000,0,0,0,368000,22000,346000,346000
2104,國際中橡        ,534000,283000,251000,0,0,0,0,0,0,95000,1000,0,1000,104000,10000,94000,346000
068315,台灣50元大01購33,0,0,0,0,0,0,0,0,0,345000,0,0,0,577000,232000,345000,345000
064451,技嘉統一01購02  ,0,0,0,0,0,0,0,0,0,344000,0,0,0,369000,25000,344000,344000
062017,京鼎永豐9B購01  ,0,0,0,0,0,0,0,0,0,344000,0,0,0,615000,271000,344000,344000
069396,聚陽統一02購05  ,0,0,0,0,0,0,0,0,0,343000,0,0,0,351000,8000,343000,343000
03158P,大立光元大01售20,0,0,0,0,0,0,0,0,0,343000,0,0,0,450000,107000,343000,343000
065606,可成元大01購05  ,0,0,0,0,0,0,0,0,0,343000,0,0,0,382000,39000,343000,343000
067266,義隆國泰03購01  ,0,0,0,0,0,0,0,0,0,343000,0,0,0,822000,479000,343000,343000
065907,南亞科永豐9C購01,0,0,0,0,0,0,0,0,0,342000,0,0,0,367000,25000,342000,342000
059024,大立光統一9B購04,0,0,0,0,0,0,0,0,0,341000,0,0,0,366000,25000,341000,341000
03343P,鴻海元富08售02  ,0,0,0,0,0,0,0,0,0,340000,0,0,0,340000,0,340000,340000
065650,旭富元大9C購07  ,0,0,0,0,0,0,0,0,0,340000,0,0,0,340000,0,340000,340000
08512P,玉晶光永豐9C售06,0,0,0,0,0,0,0,0,0,339000,0,0,0,729000,390000,339000,339000
069544,宏碁元大02購01  ,0,0,0,0,0,0,0,0,0,339000,0,0,0,382000,43000,339000,339000
062867,東元中信9B購01  ,0,0,0,0,0,0,0,0,0,338000,0,0,0,449000,111000,338000,338000
069391,世紀鋼元大03購02,0,0,0,0,0,0,0,0,0,337000,0,0,0,352000,15000,337000,337000
069376,台積電元大03購04,0,0,0,0,0,0,0,0,0,337000,0,0,0,380000,43000,337000,337000
062810,華通兆豐9B購02  ,0,0,0,0,0,0,0,0,0,337000,0,0,0,377000,40000,337000,337000
067826,高鐵兆豐03購01  ,0,0,0,0,0,0,0,0,0,336000,0,0,0,348000,12000,336000,336000
08529P,臻鼎元大9C售03  ,0,0,0,0,0,0,0,0,0,335000,0,0,0,349000,14000,335000,335000
062030,旭富群益9B購01  ,0,0,0,0,0,0,0,0,0,335000,0,0,0,335000,0,335000,335000
066187,瑞祺凱基01購01  ,0,0,0,0,0,0,0,0,0,335000,0,0,0,376000,41000,335000,335000
068325,宏碁元大01購04  ,0,0,0,0,0,0,0,0,0,333000,0,0,0,342000,9000,333000,333000
062523,世紀鋼元大9C購03,0,0,0,0,0,0,0,0,0,332000,0,0,0,608000,276000,332000,332000
08924P,鴻海元富07售10  ,0,0,0,0,0,0,0,0,0,332000,0,0,0,341000,9000,332000,332000
08710P,鴻海元富07售03  ,0,0,0,0,0,0,0,0,0,332000,0,0,0,499000,167000,332000,332000
08850P,台光電群益01售03,0,0,0,0,0,0,0,0,0,331000,0,0,0,339000,8000,331000,331000
058616,台虹元大9A購01  ,0,0,0,0,0,0,0,0,0,328000,0,0,0,500000,172000,328000,328000
064576,世紀鋼群益01購01,0,0,0,0,0,0,0,0,0,328000,0,0,0,428000,100000,328000,328000
3596,智易            ,489000,551000,-62000,0,0,0,349000,0,349000,40000,7000,12000,-5000,49000,4000,45000,327000
069451,鎧勝統一04購01  ,0,0,0,0,0,0,0,0,0,326000,0,0,0,326000,0,326000,326000
057604,鴻海統一9C購01  ,0,0,0,0,0,0,0,0,0,326000,0,0,0,336000,10000,326000,326000
060719,瀚宇博永豐9A購01,0,0,0,0,0,0,0,0,0,325000,0,0,0,511000,186000,325000,325000
0056,元大高股息      ,73000,69000,4000,0,0,0,0,0,0,321000,10000,10000,0,1360000,1039000,321000,325000
061306,瑞祺永豐9A購02  ,0,0,0,0,0,0,0,0,0,325000,0,0,0,325000,0,325000,325000
063654,上銀元富9B購05  ,0,0,0,0,0,0,0,0,0,325000,0,0,0,421000,96000,325000,325000
069860,精成科永豐02購02,0,0,0,0,0,0,0,0,0,323000,0,0,0,333000,10000,323000,323000
03431P,聯詠元大02售06  ,0,0,0,0,0,0,0,0,0,323000,0,0,0,333000,10000,323000,323000
059689,南亞科永豐99購02,0,0,0,0,0,0,0,0,0,323000,0,0,0,323000,0,323000,323000
068466,帆宣永豐01購02  ,0,0,0,0,0,0,0,0,0,322000,0,0,0,322000,0,322000,322000
065754,健鼎元大9C購06  ,0,0,0,0,0,0,0,0,0,322000,0,0,0,332000,10000,322000,322000
067501,聚陽統一01購03  ,0,0,0,0,0,0,0,0,0,322000,0,0,0,344000,22000,322000,322000
1717,長興            ,2206000,2015000,191000,0,0,0,0,0,0,131000,140000,1000,139000,16000,24000,-8000,322000
063246,嘉晶元大9C購01  ,0,0,0,0,0,0,0,0,0,321000,0,0,0,407000,86000,321000,321000
054821,貿聯元大9A購01  ,0,0,0,0,0,0,0,0,0,320000,0,0,0,320000,0,320000,320000
058751,南茂凱基9A購01  ,0,0,0,0,0,0,0,0,0,320000,0,0,0,320000,0,320000,320000
063765,上銀元富9B購09  ,0,0,0,0,0,0,0,0,0,320000,0,0,0,408000,88000,320000,320000
068074,玉山金凱基01購01,0,0,0,0,0,0,0,0,0,320000,0,0,0,322000,2000,320000,320000
066893,技嘉兆豐01購02  ,0,0,0,0,0,0,0,0,0,320000,0,0,0,333000,13000,320000,320000
066325,可成永豐01購01  ,0,0,0,0,0,0,0,0,0,320000,0,0,0,460000,140000,320000,320000
063354,茂林元富9B購02  ,0,0,0,0,0,0,0,0,0,319000,0,0,0,591000,272000,319000,319000
066573,瑞祺元大01購02  ,0,0,0,0,0,0,0,0,0,319000,0,0,0,369000,50000,319000,319000
2023,燁輝            ,389000,70000,319000,0,0,0,0,0,0,0,0,0,0,0,0,0,319000
067280,國巨第一01購01  ,0,0,0,0,0,0,0,0,0,318000,0,0,0,378000,60000,318000,318000
054079,鴻海中信98購02  ,0,0,0,0,0,0,0,0,0,317000,0,0,0,317000,0,317000,317000
03071P,GIS群益01售02   ,0,0,0,0,0,0,0,0,0,316000,0,0,0,387000,71000,316000,316000
069198,聯電元大02購06  ,0,0,0,0,0,0,0,0,0,313000,0,0,0,428000,115000,313000,313000
064812,旭富元大9C購04  ,0,0,0,0,0,0,0,0,0,313000,0,0,0,313000,0,313000,313000
067144,上銀統一02購01  ,0,0,0,0,0,0,0,0,0,313000,0,0,0,340000,27000,313000,313000
03420P,牧德群益02售04  ,0,0,0,0,0,0,0,0,0,312000,0,0,0,399000,87000,312000,312000
067090,南六元大01購04  ,0,0,0,0,0,0,0,0,0,312000,0,0,0,316000,4000,312000,312000
9802,鈺齊-KY         ,1011099,889000,122099,0,0,0,383000,0,383000,-194000,348000,365000,-17000,129000,306000,-177000,311099
4536,拓凱            ,301000,165000,136000,0,0,0,49000,0,49000,126000,10000,16000,-6000,139000,7000,132000,311000
056724,臻鼎中信9A購01  ,0,0,0,0,0,0,0,0,0,309000,0,0,0,603000,294000,309000,309000
03007P,玉晶光永豐01售01,0,0,0,0,0,0,0,0,0,309000,0,0,0,317000,8000,309000,309000
064596,台表科統一01購03,0,0,0,0,0,0,0,0,0,309000,0,0,0,559000,250000,309000,309000
067763,鈺齊永豐01購01  ,0,0,0,0,0,0,0,0,0,309000,0,0,0,858000,549000,309000,309000
059920,宏達電元大99購07,0,0,0,0,0,0,0,0,0,308000,0,0,0,378000,70000,308000,308000
063592,瑞祺永豐9B購02  ,0,0,0,0,0,0,0,0,0,308000,0,0,0,308000,0,308000,308000
064464,台郡統一01購01  ,0,0,0,0,0,0,0,0,0,308000,0,0,0,308000,0,308000,308000
067186,晶豪科凱基01購02,0,0,0,0,0,0,0,0,0,308000,0,0,0,338000,30000,308000,308000
060284,南港元大01購01  ,0,0,0,0,0,0,0,0,0,307000,0,0,0,307000,0,307000,307000
03427B,臺股指元大9A熊02,72000,0,72000,0,0,0,0,0,0,235000,0,0,0,535000,300000,235000,307000
062638,茂林國票9C購01  ,0,0,0,0,0,0,0,0,0,306000,0,0,0,449000,143000,306000,306000
067495,日月光元大01購04,0,0,0,0,0,0,0,0,0,306000,0,0,0,570000,264000,306000,306000
068473,聯發科群益01購13,0,0,0,0,0,0,0,0,0,305000,0,0,0,425000,120000,305000,305000
064703,T50反1國泰01購01,0,0,0,0,0,0,0,0,0,305000,0,0,0,305000,0,305000,305000
068220,聯發科統一04購01,0,0,0,0,0,0,0,0,0,304000,0,0,0,328000,24000,304000,304000
069017,台郡兆豐03購01  ,0,0,0,0,0,0,0,0,0,304000,0,0,0,321000,17000,304000,304000
068882,亞德客統一04購01,0,0,0,0,0,0,0,0,0,304000,0,0,0,310000,6000,304000,304000
068922,TPK元富04購01   ,0,0,0,0,0,0,0,0,0,304000,0,0,0,318000,14000,304000,304000
065924,東元國票02購01  ,0,0,0,0,0,0,0,0,0,304000,0,0,0,521000,217000,304000,304000
068937,TPK永豐02購01   ,0,0,0,0,0,0,0,0,0,303000,0,0,0,303000,0,303000,303000
068149,旺宏元大01購05  ,0,0,0,0,0,0,0,0,0,303000,0,0,0,603000,300000,303000,303000
062279,晶豪科群益9B購01,0,0,0,0,0,0,0,0,0,303000,0,0,0,343000,40000,303000,303000
069131,聯華永豐02購01  ,0,0,0,0,0,0,0,0,0,302000,0,0,0,302000,0,302000,302000
062602,華通麥證9C購01  ,0,0,0,303000,1000,302000,0,0,0,302000,0,0,0,303000,1000,302000,302000
6209,今國光          ,967000,671000,296000,0,0,0,0,0,0,6000,6000,0,6000,0,0,0,302000
069216,世紀鋼元大03購01,0,0,0,0,0,0,0,0,0,301000,0,0,0,391000,90000,301000,301000
063262,南六富邦9C購01  ,0,0,0,0,0,0,0,0,0,301000,0,0,0,336000,35000,301000,301000
062891,台汽電群益9B購01,0,0,0,0,0,0,0,0,0,301000,0,0,0,301000,0,301000,301000
08045P,健策國票9B售01  ,0,0,0,0,0,0,0,0,0,300000,0,0,0,300000,0,300000,300000
058810,國巨統一9B購04  ,0,0,0,0,0,0,0,0,0,300000,0,0,0,300000,0,300000,300000
00675L,富邦臺灣加權正2 ,214000,27000,187000,0,0,0,0,0,0,113000,0,0,0,205000,92000,113000,300000
056409,麗豐國票99購01  ,0,0,0,0,0,0,0,0,0,300000,0,0,0,300000,0,300000,300000
056012,勤誠中信99購01  ,0,0,0,0,0,0,0,0,0,300000,0,0,0,300000,0,300000,300000
060759,南亞科元大9A購03,0,0,0,0,0,0,0,0,0,300000,0,0,0,300000,0,300000,300000
058558,鴻海日盛9A購02  ,0,0,0,0,0,0,0,0,0,300000,0,0,0,300000,0,300000,300000
061164,燿華兆豐9B購01  ,0,0,0,0,0,0,0,0,0,300000,0,0,0,300000,0,300000,300000
062908,晶豪科元大9B購03,0,0,0,0,0,0,0,0,0,300000,0,0,0,444000,144000,300000,300000
08765P,鴻海富邦01售02  ,0,0,0,0,0,0,0,0,0,300000,0,0,0,300000,0,300000,300000
068406,同欣電元富07購01,0,0,0,0,0,0,0,0,0,299000,0,0,0,300000,1000,299000,299000
00876,元大未來關鍵科技,6000,0,6000,0,0,0,0,0,0,293000,10000,0,10000,1230000,947000,283000,299000
061879,超眾元大9C購01  ,0,0,0,0,0,0,0,0,0,298000,0,0,0,522000,224000,298000,298000
07895P,美律元大9B售01  ,0,0,0,0,0,0,0,0,0,297000,0,0,0,300000,3000,297000,297000
067710,同欣電元富04購01,0,0,0,0,0,0,0,0,0,297000,0,0,0,300000,3000,297000,297000
08871P,大立光群益01售08,0,0,0,0,0,0,0,0,0,297000,0,0,0,303000,6000,297000,297000
08605P,聯發科中信9C售06,0,0,0,0,0,0,0,0,0,296000,0,0,0,316000,20000,296000,296000
063755,上銀統一9C購03  ,0,0,0,0,0,0,0,0,0,296000,0,0,0,860000,564000,296000,296000
066600,瀚宇博國泰03購01,0,0,0,0,0,0,0,0,0,296000,0,0,0,302000,6000,296000,296000
068676,華擎元富07購01  ,0,0,0,0,0,0,0,0,0,295000,0,0,0,320000,25000,295000,295000
062702,可成元大9C購01  ,0,0,0,0,0,0,0,0,0,294000,0,0,0,304000,10000,294000,294000
067479,京元電元大01購05,0,0,0,0,0,0,0,0,0,294000,0,0,0,382000,88000,294000,294000
069223,微星群益02購03  ,0,0,0,0,0,0,0,0,0,293000,0,0,0,465000,172000,293000,293000
068681,新唐國泰03購01  ,0,0,0,0,0,0,0,0,0,291000,0,0,0,374000,83000,291000,291000
068300,聯電國票03購01  ,0,0,0,0,0,0,0,0,0,291000,0,0,0,328000,37000,291000,291000
061740,華新科凱基03購01,0,0,0,0,0,0,0,0,0,291000,0,0,0,343000,52000,291000,291000
063709,上銀凱基9B購07  ,0,0,0,0,0,0,0,0,0,291000,0,0,0,346000,55000,291000,291000
1210,大成            ,894000,588000,306000,0,0,0,0,0,0,-15000,27000,76000,-49000,34000,0,34000,291000
059820,南亞科凱基99購07,0,0,0,0,0,0,0,0,0,290000,0,0,0,300000,10000,290000,290000
064838,旭富統一01購01  ,0,0,0,0,0,0,0,0,0,289000,0,0,0,289000,0,289000,289000
065198,玉晶光元富06購01,0,0,0,0,0,0,0,0,0,289000,0,0,0,309000,20000,289000,289000
067326,世紀鋼元大01購02,0,0,0,0,0,0,0,0,0,289000,0,0,0,368000,79000,289000,289000
066218,美利達統一03購02,0,0,0,0,0,0,0,0,0,289000,0,0,0,289000,0,289000,289000
059460,GIS永豐99購02   ,0,0,0,0,0,0,0,0,0,288000,0,0,0,288000,0,288000,288000
061819,茂林群益9B購01  ,0,0,0,0,0,0,0,0,0,288000,0,0,0,604000,316000,288000,288000
8464,億豐            ,879000,696000,183000,0,0,0,35000,0,35000,70000,52000,7000,45000,28000,3000,25000,288000
058795,可成元大99購03  ,0,0,0,0,0,0,0,0,0,287000,0,0,0,337000,50000,287000,287000
063320,旭富群益9B購03  ,0,0,0,0,0,0,0,0,0,287000,0,0,0,287000,0,287000,287000
057626,技嘉富邦9A購01  ,0,0,0,0,0,0,0,0,0,286000,0,0,0,315000,29000,286000,286000
2511,太子            ,483000,313000,170000,0,0,0,0,0,0,116000,0,28000,-28000,144000,0,144000,286000
069161,聯發科元大02購08,0,0,0,0,0,0,0,0,0,285000,0,0,0,391000,106000,285000,285000
064225,健策國票01購02  ,0,0,0,0,0,0,0,0,0,285000,0,0,0,320000,35000,285000,285000
08621P,景碩群益9C售01  ,0,0,0,0,0,0,0,0,0,284000,0,0,0,284000,0,284000,284000
067089,瑞祺元大01購04  ,0,0,0,0,0,0,0,0,0,284000,0,0,0,284000,0,284000,284000
068817,聯發科元大02購05,0,0,0,0,0,0,0,0,0,283000,0,0,0,1019000,736000,283000,283000
067225,巨大元大01購03  ,0,0,0,0,0,0,0,0,0,283000,0,0,0,353000,70000,283000,283000
067300,金像電元大02購02,0,0,0,0,0,0,0,0,0,283000,0,0,0,365000,82000,283000,283000
4960,誠美材          ,959000,676000,283000,0,0,0,0,0,0,0,0,0,0,0,0,0,283000
08405P,聯發科元大9C售11,0,0,0,0,0,0,0,0,0,282000,0,0,0,493000,211000,282000,282000
069556,台積電日盛02購01,0,0,0,0,0,0,0,0,0,282000,0,0,0,285000,3000,282000,282000
061796,興勤永豐9B購01  ,0,0,0,0,0,0,0,0,0,282000,0,0,0,558000,276000,282000,282000
063548,同欣電兆豐9B購01,0,0,0,0,0,0,0,0,0,282000,0,0,0,339000,57000,282000,282000
066205,京鼎統一03購01  ,0,0,0,0,0,0,0,0,0,281000,0,0,0,340000,59000,281000,281000
8499,鼎炫-KY         ,322000,52000,270000,0,0,0,7000,0,7000,4000,30000,26000,4000,0,0,0,281000
062631,奇力新國票9B購01,0,0,0,0,0,0,0,0,0,279000,0,0,0,300000,21000,279000,279000
064940,智伸科元富9C購01,0,0,0,0,0,0,0,0,0,279000,0,0,0,553000,274000,279000,279000
066800,晶豪科凱基02購01,0,0,0,0,0,0,0,0,0,279000,0,0,0,340000,61000,279000,279000
062350,台表科群益9B購01,0,0,0,0,0,0,0,0,0,278000,0,0,0,280000,2000,278000,278000
067053,申豐凱基02購01  ,0,0,0,0,0,0,0,0,0,278000,0,0,0,453000,175000,278000,278000
066564,智伸科元大01購01,0,0,0,0,0,0,0,0,0,278000,0,0,0,815000,537000,278000,278000
064658,喬山元大9C購01  ,0,0,0,0,0,0,0,0,0,276000,0,0,0,457000,181000,276000,276000
066639,彩晶凱基05購01  ,0,0,0,0,0,0,0,0,0,276000,0,0,0,326000,50000,276000,276000
066086,東元永豐01購01  ,0,0,0,0,0,0,0,0,0,276000,0,0,0,276000,0,276000,276000
068071,興勤凱基02購01  ,0,0,0,0,0,0,0,0,0,276000,0,0,0,288000,12000,276000,276000
064932,緯穎統一01購04  ,0,0,0,0,0,0,0,0,0,274000,0,0,0,312000,38000,274000,274000
062780,旺宏元大01購01  ,0,0,0,0,0,0,0,0,0,274000,0,0,0,274000,0,274000,274000
063664,漢唐統一9C購01  ,0,0,0,0,0,0,0,0,0,274000,0,0,0,400000,126000,274000,274000
069432,華新科群益02購04,0,0,0,0,0,0,0,0,0,273000,0,0,0,307000,34000,273000,273000
5434,崇越            ,779000,498000,281000,0,0,0,0,1000,-1000,-7000,51000,79000,-28000,22000,1000,21000,273000
064549,神基凱基9C購01  ,0,0,0,0,0,0,0,0,0,271000,0,0,0,300000,29000,271000,271000
064999,T50反1國票9C購03,0,0,0,0,0,0,0,0,0,271000,0,0,0,405000,134000,271000,271000
066327,強茂永豐01購01  ,0,0,0,0,0,0,0,0,0,271000,0,0,0,283000,12000,271000,271000
08404P,技嘉元大9C售02  ,0,0,0,0,0,0,0,0,0,270000,0,0,0,270000,0,270000,270000
03452B,臺股指凱基03熊05,0,0,0,0,0,0,0,0,0,270000,0,0,0,1802000,1532000,270000,270000
065188,玉晶光統一02購01,0,0,0,0,0,0,0,0,0,270000,0,0,0,272000,2000,270000,270000
063205,貿聯統一9C購01  ,0,0,0,0,0,0,0,0,0,269000,0,0,0,311000,42000,269000,269000
07265P,大立光元大99售16,0,0,0,0,0,0,0,0,0,267000,0,0,0,267000,0,267000,267000
069323,華擎兆豐03購02  ,0,0,0,0,0,0,0,0,0,267000,0,0,0,307000,40000,267000,267000
056366,玉晶光元大99購04,0,0,0,0,0,0,0,0,0,267000,0,0,0,278000,11000,267000,267000
067932,技嘉凱基01購01  ,0,0,0,0,0,0,0,0,0,267000,0,0,0,295000,28000,267000,267000
063973,緯穎國票9C購01  ,0,0,0,0,0,0,0,0,0,266000,0,0,0,294000,28000,266000,266000
068089,T50反1群益01購08,0,0,0,0,0,0,0,0,0,266000,0,0,0,470000,204000,266000,266000
1514,亞力            ,1222000,956000,266000,0,0,0,0,0,0,0,0,0,0,0,0,0,266000
062720,南亞科凱基9B購03,0,0,0,0,0,0,0,0,0,265000,0,0,0,265000,0,265000,265000
066460,智原統一03購01  ,0,0,0,0,0,0,0,0,0,265000,0,0,0,265000,0,265000,265000
065340,旺宏統一9C購04  ,0,0,0,0,0,0,0,0,0,265000,0,0,0,275000,10000,265000,265000
3033,威健            ,317000,59000,258000,0,0,0,0,0,0,7000,7000,0,7000,0,0,0,265000
069492,欣興元大03購03  ,0,0,0,0,0,0,0,0,0,264000,0,0,0,713000,449000,264000,264000
061267,玉山金凱基9B購01,0,0,0,0,0,0,0,0,0,264000,0,0,0,264000,0,264000,264000
066920,華擎麥證01購01  ,0,0,0,264000,0,264000,0,0,0,264000,0,0,0,264000,0,264000,264000
068295,旭富兆豐01購02  ,0,0,0,0,0,0,0,0,0,263000,0,0,0,419000,156000,263000,263000
062528,全新統一9C購01  ,0,0,0,0,0,0,0,0,0,263000,0,0,0,266000,3000,263000,263000
064361,旺宏統一01購06  ,0,0,0,0,0,0,0,0,0,263000,0,0,0,263000,0,263000,263000
067345,美利達凱基02購01,0,0,0,0,0,0,0,0,0,263000,0,0,0,313000,50000,263000,263000
065659,華新科永豐9C購04,0,0,0,0,0,0,0,0,0,263000,0,0,0,317000,54000,263000,263000
08243P,祥碩凱基9C售02  ,0,0,0,0,0,0,0,0,0,262000,0,0,0,840000,578000,262000,262000
064195,晶豪科群益9C購01,0,0,0,0,0,0,0,0,0,262000,0,0,0,279000,17000,262000,262000
067792,GIS群益02購02   ,0,0,0,0,0,0,0,0,0,262000,0,0,0,297000,35000,262000,262000
067408,達方永豐01購02  ,0,0,0,0,0,0,0,0,0,262000,0,0,0,292000,30000,262000,262000
2606,裕民            ,633000,425000,208000,0,0,0,0,0,0,54000,2000,0,2000,52000,0,52000,262000
069782,百和元大02購01  ,0,2000,-2000,0,0,0,0,0,0,263000,0,0,0,413000,150000,263000,261000
068343,台積電麥證01購12,0,0,0,277000,16000,261000,0,0,0,261000,0,0,0,277000,16000,261000,261000
068763,世紀鋼永豐02購01,0,0,0,0,0,0,0,0,0,261000,0,0,0,319000,58000,261000,261000
064873,世紀鋼永豐9C購01,0,0,0,0,0,0,0,0,0,261000,0,0,0,261000,0,261000,261000
067823,台表科凱基01購02,0,0,0,0,0,0,0,0,0,261000,0,0,0,329000,68000,261000,261000
07368P,國巨凱基99售19  ,0,0,0,0,0,0,0,0,0,260000,0,0,0,270000,10000,260000,260000
069739,儒鴻永豐02購01  ,0,0,0,0,0,0,0,0,0,260000,0,0,0,260000,0,260000,260000
069730,世紀鋼群益02購02,0,0,0,0,0,0,0,0,0,260000,0,0,0,260000,0,260000,260000
064049,信邦統一01購01  ,0,0,0,0,0,0,0,0,0,260000,0,0,0,496000,236000,260000,260000
058544,FBVIX富邦9B購01 ,0,0,0,0,0,0,0,0,0,260000,0,0,0,260000,0,260000,260000
058752,鈺齊凱基9A購01  ,0,0,0,0,0,0,0,0,0,260000,0,0,0,260000,0,260000,260000
063311,喬山群益9B購01  ,0,0,0,0,0,0,0,0,0,260000,0,0,0,387000,127000,260000,260000
08152P,祥碩統一9B售02  ,0,0,0,0,0,0,0,0,0,259000,0,0,0,555000,296000,259000,259000
068370,臺股指富邦01購04,0,0,0,0,0,0,0,0,0,259000,0,0,0,301000,42000,259000,259000
063270,喬山兆豐9C購01  ,0,0,0,0,0,0,0,0,0,259000,0,0,0,447000,188000,259000,259000
064975,南亞科元大9C購07,0,0,0,0,0,0,0,0,0,259000,0,0,0,259000,0,259000,259000
069285,聯電國泰03購03  ,0,0,0,0,0,0,0,0,0,258000,0,0,0,448000,190000,258000,258000
068250,聯發科元大02購04,0,0,0,0,0,0,0,0,0,257000,0,0,0,277000,20000,257000,257000
060265,宏達電國票9A購02,0,0,0,0,0,0,0,0,0,257000,0,0,0,274000,17000,257000,257000
060432,達方永豐9A購01  ,0,0,0,0,0,0,0,0,0,256000,0,0,0,280000,24000,256000,256000
067861,聚陽元大01購04  ,0,0,0,0,0,0,0,0,0,256000,0,0,0,299000,43000,256000,256000
03538P,景碩元富08售02  ,0,0,0,0,0,0,0,0,0,255000,0,0,0,2258000,2003000,255000,255000
063764,上銀元富9B購08  ,0,0,0,0,0,0,0,0,0,255000,0,0,0,275000,20000,255000,255000
068060,聯發科中信04購01,0,0,0,0,0,0,0,0,0,255000,0,0,0,255000,0,255000,255000
068028,國巨元富07購12  ,0,0,0,0,0,0,0,0,0,255000,0,0,0,275000,20000,255000,255000
068342,鴻海麥證01購03  ,0,0,0,254000,0,254000,0,0,0,254000,0,0,0,254000,0,254000,254000
068547,台積電群益01購21,0,0,0,0,0,0,0,0,0,254000,0,0,0,386000,132000,254000,254000
068576,台積電國泰03購07,0,0,0,0,0,0,0,0,0,254000,0,0,0,599000,345000,254000,254000
065879,瑞祺群益9C購02  ,0,0,0,0,0,0,0,0,0,254000,0,0,0,284000,30000,254000,254000
069329,世紀鋼兆豐04購01,0,0,0,0,0,0,0,0,0,253000,0,0,0,476000,223000,253000,253000
057112,立積群益99購01  ,0,0,0,0,0,0,0,0,0,253000,0,0,0,355000,102000,253000,253000
064944,亞德客凱基9C購03,0,0,0,0,0,0,0,0,0,253000,0,0,0,253000,0,253000,253000
068883,亞德客統一04購02,0,0,0,0,0,0,0,0,0,252000,0,0,0,252000,0,252000,252000
061044,世紀鋼永豐9A購02,0,0,0,0,0,0,0,0,0,252000,0,0,0,252000,0,252000,252000
064368,日月光統一01購01,0,0,0,0,0,0,0,0,0,252000,0,0,0,313000,61000,252000,252000
068819,國揚元大02購01  ,0,0,0,0,0,0,0,0,0,251000,0,0,0,350000,99000,251000,251000
03233P,台積電元大02售11,0,0,0,0,0,0,0,0,0,251000,0,0,0,344000,93000,251000,251000
062496,矽創中信9B購01  ,0,0,0,0,0,0,0,0,0,251000,0,0,0,251000,0,251000,251000
068850,旺宏統一04購02  ,0,0,0,0,0,0,0,0,0,250000,0,0,0,250000,0,250000,250000
069014,茂林兆豐03購01  ,0,0,0,0,0,0,0,0,0,250000,0,0,0,971000,721000,250000,250000
060361,南亞科元富9A購03,0,0,0,0,0,0,0,0,0,250000,0,0,0,253000,3000,250000,250000
061210,玉山金元大9A購02,0,0,0,0,0,0,0,0,0,250000,0,0,0,250000,0,250000,250000
064755,南亞科凱基01購02,0,0,0,0,0,0,0,0,0,250000,0,0,0,250000,0,250000,250000
065887,巨大元富9C購01  ,0,0,0,0,0,0,0,0,0,250000,0,0,0,250000,0,250000,250000
065861,台汽電元大9C購01,0,0,0,0,0,0,0,0,0,250000,0,0,0,250000,0,250000,250000
08773P,瑞昱凱基01售01  ,0,0,0,0,0,0,0,0,0,250000,0,0,0,333000,83000,250000,250000
069062,台積電麥證02購04,0,0,0,259000,10000,249000,0,0,0,249000,0,0,0,259000,10000,249000,249000
068508,世紀鋼元大01購05,0,0,0,0,0,0,0,0,0,249000,0,0,0,306000,57000,249000,249000
065375,神基元大03購01  ,0,0,0,0,0,0,0,0,0,249000,0,0,0,255000,6000,249000,249000
067448,華碩國票01購01  ,0,0,0,0,0,0,0,0,0,249000,0,0,0,250000,1000,249000,249000
067481,國產元大01購03  ,0,0,0,0,0,0,0,0,0,249000,0,0,0,392000,143000,249000,249000
068374,技嘉永豐01購01  ,0,0,0,0,0,0,0,0,0,248000,0,0,0,424000,176000,248000,248000
065451,台表科統一02購04,0,0,0,0,0,0,0,0,0,248000,0,0,0,577000,329000,248000,248000
063145,台表科統一02購01,0,0,0,0,0,0,0,0,0,247000,0,0,0,252000,5000,247000,247000
066987,旭富群益01購01  ,0,0,0,0,0,0,0,0,0,247000,0,0,0,247000,0,247000,247000
08880P,全新凱基01售02  ,0,0,0,0,0,0,0,0,0,247000,0,0,0,374000,127000,247000,247000
07991P,鴻海群益9C售02  ,0,0,0,0,0,0,0,0,0,246000,0,0,0,249000,3000,246000,246000
03190P,日月光元大01售05,0,0,0,0,0,0,0,0,0,245000,0,0,0,499000,254000,245000,245000
061038,TPK永豐9A購01   ,0,0,0,0,0,0,0,0,0,245000,0,0,0,258000,13000,245000,245000
068066,亞德客凱基03購01,0,0,0,0,0,0,0,0,0,245000,0,0,0,245000,0,245000,245000
065817,聯發科元富03購08,0,0,0,0,0,0,0,0,0,245000,0,0,0,423000,178000,245000,245000
08658P,聯發科統一9C售19,0,0,0,0,0,0,0,0,0,245000,0,0,0,248000,3000,245000,245000
069378,金像電元大02購06,0,0,0,0,0,0,0,0,0,244000,0,0,0,315000,71000,244000,244000
03286P,台積電群益02售08,0,0,0,0,0,0,0,0,0,244000,0,0,0,275000,31000,244000,244000
065807,智伸科群益01購01,0,0,0,0,0,0,0,0,0,244000,0,0,0,334000,90000,244000,244000
066562,上緯控元大01購01,0,0,0,0,0,0,0,0,0,244000,0,0,0,508000,264000,244000,244000
068102,晶豪科永豐01購01,0,0,0,0,0,0,0,0,0,244000,0,0,0,252000,8000,244000,244000
066839,台灣50元大01購24,0,0,0,0,0,0,0,0,0,244000,0,0,0,250000,6000,244000,244000
063690,健鼎永豐9B購01  ,0,0,0,0,0,0,0,0,0,243000,0,0,0,243000,0,243000,243000
063763,上銀元富9B購07  ,0,0,0,0,0,0,0,0,0,243000,0,0,0,274000,31000,243000,243000
066622,南帝凱基01購01  ,0,0,0,0,0,0,0,0,0,243000,0,0,0,284000,41000,243000,243000
3056,總太            ,518000,351000,167000,0,0,0,0,0,0,76000,0,60000,-60000,146000,10000,136000,243000
069151,世紀鋼永豐02購02,0,0,0,0,0,0,0,0,0,242000,0,0,0,257000,15000,242000,242000
060197,臻鼎元富9A購02  ,0,0,0,0,0,0,0,0,0,242000,0,0,0,242000,0,242000,242000
063384,巨大永豐9B購04  ,0,0,0,0,0,0,0,0,0,242000,0,0,0,297000,55000,242000,242000
066178,拓凱凱基01購01  ,0,0,0,0,0,0,0,0,0,242000,0,0,0,409000,167000,242000,242000
067921,旭富永豐01購02  ,0,0,0,0,0,0,0,0,0,242000,0,0,0,242000,0,242000,242000
068479,帆宣群益01購02  ,0,0,0,0,0,0,0,0,0,241000,0,0,0,241000,0,241000,241000
068590,台積電元富07購12,0,0,0,0,0,0,0,0,0,241000,0,0,0,361000,120000,241000,241000
067332,旺宏凱基03購02  ,0,0,0,0,0,0,0,0,0,241000,0,0,0,278000,37000,241000,241000
068186,GIS群益01購03   ,0,0,0,0,0,0,0,0,0,240000,0,0,0,240000,0,240000,240000
068095,GIS群益01購01   ,0,0,0,0,0,0,0,0,0,240000,0,0,0,250000,10000,240000,240000
067459,微星永豐01購01  ,0,0,0,0,0,0,0,0,0,240000,0,0,0,374000,134000,240000,240000
08779P,旺宏群益01售04  ,0,0,0,0,0,0,0,0,0,240000,0,0,0,290000,50000,240000,240000
07982P,全新群益9B售04  ,0,0,0,0,0,0,0,0,0,239000,0,0,0,431000,192000,239000,239000
08125P,聯茂群益9B售02  ,0,0,0,0,0,0,0,0,0,239000,0,0,0,278000,39000,239000,239000
060840,可成國票9B購01  ,0,0,0,0,0,0,0,0,0,239000,0,0,0,326000,87000,239000,239000
00717,富邦美國特別股  ,9000,0,9000,0,0,0,0,0,0,230000,0,0,0,661000,431000,230000,239000
067410,聚陽兆豐01購01  ,0,0,0,0,0,0,0,0,0,239000,0,0,0,249000,10000,239000,239000
067998,聯發科元大01購22,0,0,0,0,0,0,0,0,0,239000,0,0,0,471000,232000,239000,239000
067320,訊連元大01購01  ,0,0,0,0,0,0,0,0,0,239000,0,0,0,346000,107000,239000,239000
066065,東元凱基04購01  ,0,0,0,0,0,0,0,0,0,239000,0,0,0,551000,312000,239000,239000
066570,力成元大02購01  ,0,0,0,0,0,0,0,0,0,239000,0,0,0,310000,71000,239000,239000
08231P,上銀元富9B售10  ,0,0,0,0,0,0,0,0,0,238000,0,0,0,404000,166000,238000,238000
063944,建準元大9C購01  ,1000,0,1000,0,0,0,0,0,0,237000,0,0,0,824000,587000,237000,238000
064118,喬山元大01購01  ,0,0,0,0,0,0,0,0,0,238000,0,0,0,472000,234000,238000,238000
061913,宏碁中信9B購01  ,0,0,0,0,0,0,0,0,0,238000,0,0,0,365000,127000,238000,238000
066332,慧洋永豐01購01  ,0,0,0,0,0,0,0,0,0,237000,0,0,0,237000,0,237000,237000
069222,金像電群益02購05,0,0,0,0,0,0,0,0,0,236000,0,0,0,276000,40000,236000,236000
057730,聯鈞國泰9A購01  ,0,0,0,0,0,0,0,0,0,236000,0,0,0,321000,85000,236000,236000
3703,欣陸            ,1453000,1217000,236000,0,0,0,0,0,0,0,0,0,0,0,0,0,236000
6412,群電            ,717000,185000,532000,0,0,0,79000,381000,-302000,6000,0,1000,-1000,7000,0,7000,236000
069411,奇力新統一04購01,0,0,0,0,0,0,0,0,0,235000,0,0,0,255000,20000,235000,235000
061470,鈺齊群益9A購02  ,0,0,0,0,0,0,0,0,0,235000,0,0,0,252000,17000,235000,235000
063612,金像電群益9B購04,0,0,0,0,0,0,0,0,0,233000,0,0,0,409000,176000,233000,233000
064711,國喬統一02購01  ,0,0,0,0,0,0,0,0,0,233000,0,0,0,472000,239000,233000,233000
067088,啟碁元大01購01  ,0,0,0,0,0,0,0,0,0,233000,0,0,0,253000,20000,233000,233000
1810,和成            ,601000,365000,236000,0,0,0,0,0,0,-3000,0,3000,-3000,0,0,0,233000
063729,國巨元大9C購08  ,0,0,0,0,0,0,0,0,0,232000,0,0,0,240000,8000,232000,232000
066012,友訊元富01購01  ,0,0,0,0,0,0,0,0,0,232000,0,0,0,429000,197000,232000,232000
068269,南亞科永豐01購01,0,0,0,0,0,0,0,0,0,231000,0,0,0,231000,0,231000,231000
065495,上銀富邦01購02  ,0,0,0,0,0,0,0,0,0,231000,0,0,0,361000,130000,231000,231000
066515,強茂永豐01購02  ,0,0,0,0,0,0,0,0,0,231000,0,0,0,459000,228000,231000,231000
067276,義隆統一03購01  ,0,0,0,0,0,0,0,0,0,231000,0,0,0,594000,363000,231000,231000
068521,同欣電統一03購02,0,0,0,0,0,0,0,0,0,230000,0,0,0,230000,0,230000,230000
069181,上銀麥證02購01  ,0,0,0,230000,0,230000,0,0,0,230000,0,0,0,230000,0,230000,230000
064709,瑞祺永豐9C購01  ,0,0,0,0,0,0,0,0,0,230000,0,0,0,280000,50000,230000,230000
066297,美利達元大01購01,0,0,0,0,0,0,0,0,0,230000,0,0,0,308000,78000,230000,230000
068397,世紀鋼統一03購01,0,0,0,0,0,0,0,0,0,229000,0,0,0,229000,0,229000,229000
054472,道瓊反中信9A購01,0,0,0,0,0,0,0,0,0,229000,0,0,0,249000,20000,229000,229000
065580,鈺齊群益01購01  ,0,0,0,0,0,0,0,0,0,229000,0,0,0,323000,94000,229000,229000
064409,彩晶凱基04購01  ,0,0,0,0,0,0,0,0,0,228000,0,0,0,238000,10000,228000,228000
065242,巨大凱基01購02  ,0,0,0,0,0,0,0,0,0,228000,0,0,0,246000,18000,228000,228000
067615,鈺齊凱基01購01  ,0,0,0,0,0,0,0,0,0,228000,0,0,0,234000,6000,228000,228000
03455B,臺股指凱基03熊06,0,0,0,0,0,0,0,0,0,227000,0,0,0,232000,5000,227000,227000
03193P,台積電國泰03售06,0,0,0,0,0,0,0,0,0,227000,0,0,0,663000,436000,227000,227000
063614,美食群益9B購03  ,0,0,0,0,0,0,0,0,0,227000,0,0,0,227000,0,227000,227000
066753,聯鈞國泰03購01  ,0,0,0,0,0,0,0,0,0,227000,0,0,0,232000,5000,227000,227000
065597,旺宏元大01購03  ,0,0,0,0,0,0,0,0,0,227000,0,0,0,229000,2000,227000,227000
065675,茂林凱基03購01  ,0,0,0,0,0,0,0,0,0,227000,0,0,0,439000,212000,227000,227000
066207,聯鈞統一01購02  ,0,0,0,0,0,0,0,0,0,227000,0,0,0,237000,10000,227000,227000
065177,旭富元大9C購05  ,0,0,0,0,0,0,0,0,0,226000,0,0,0,226000,0,226000,226000
064467,南亞科元富9C購02,0,0,0,0,0,0,0,0,0,226000,0,0,0,400000,174000,226000,226000
068440,華擎凱基01購04  ,0,0,0,0,0,0,0,0,0,225000,0,0,0,260000,35000,225000,225000
068563,宏碁元大01購05  ,0,0,0,0,0,0,0,0,0,225000,0,0,0,248000,23000,225000,225000
08456P,聯發科元大9C售13,0,0,0,0,0,0,0,0,0,225000,0,0,0,230000,5000,225000,225000
066749,瑞祺元大01購03  ,0,0,0,0,0,0,0,0,0,225000,0,0,0,275000,50000,225000,225000
067165,世紀鋼國票02購02,0,0,0,0,0,0,0,0,0,225000,0,0,0,225000,0,225000,225000
068131,聯發科統一02購09,0,0,0,0,0,0,0,0,0,224000,0,0,0,559000,335000,224000,224000
064619,南亞科元大9C購05,0,0,0,0,0,0,0,0,0,224000,0,0,0,314000,90000,224000,224000
067271,世紀鋼永豐01購02,0,0,0,0,0,0,0,0,0,224000,0,0,0,224000,0,224000,224000
064554,儒鴻群益9C購01  ,0,0,0,0,0,0,0,0,0,223000,0,0,0,223000,0,223000,223000
067876,世紀鋼元大01購03,0,0,0,0,0,0,0,0,0,223000,0,0,0,223000,0,223000,223000
068249,聯發科元大01購25,2000,0,2000,0,0,0,0,0,0,220000,0,0,0,320000,100000,220000,222000
006205,富邦上証        ,75000,14000,61000,0,0,0,0,1309000,-1309000,1470000,0,0,0,2787000,1317000,1470000,222000
059841,國巨富邦9C購01  ,0,0,0,0,0,0,0,0,0,222000,0,0,0,335000,113000,222000,222000
067412,玉山金中信07購01,0,0,0,0,0,0,0,0,0,222000,0,0,0,222000,0,222000,222000
068113,台光電元富07購01,0,0,0,0,0,0,0,0,0,221000,0,0,0,356000,135000,221000,221000
08156P,大立光元富9B售05,0,0,0,0,0,0,0,0,0,221000,0,0,0,387000,166000,221000,221000
064638,儒鴻凱基9C購03  ,0,0,0,0,0,0,0,0,0,221000,0,0,0,236000,15000,221000,221000
069697,台積電元富08購17,0,0,0,0,0,0,0,0,0,220000,0,0,0,225000,5000,220000,220000
065019,華邦電富邦9C購01,0,0,0,0,0,0,0,0,0,220000,0,0,0,220000,0,220000,220000
064574,達方群益01購01  ,0,0,0,0,0,0,0,0,0,220000,0,0,0,258000,38000,220000,220000
069561,力山康和02購01  ,0,0,0,0,0,0,0,0,0,219000,0,0,0,219000,0,219000,219000
069000,亞德客兆豐03購01,0,0,0,0,0,0,0,0,0,219000,0,0,0,260000,41000,219000,219000
061634,遠東新元大9A購01,0,0,0,0,0,0,0,0,0,219000,0,0,0,285000,66000,219000,219000
066210,瑞祺統一02購01  ,0,0,0,0,0,0,0,0,0,219000,0,0,0,219000,0,219000,219000
03100P,玉晶光凱基03售04,0,0,0,0,0,0,0,0,0,218000,0,0,0,299000,81000,218000,218000
063662,上銀統一01購03  ,0,0,0,0,0,0,0,0,0,218000,0,0,0,325000,107000,218000,218000
03457P,欣興凱基02售08  ,0,0,0,0,0,0,0,0,0,216000,0,0,0,365000,149000,216000,216000
055655,群創元富99購07  ,0,0,0,0,0,0,0,0,0,216000,0,0,0,216000,0,216000,216000
059297,大立光元富9C購01,0,0,0,0,0,0,0,0,0,216000,0,0,0,297000,81000,216000,216000
064813,祥碩元大9C購05  ,0,0,0,0,0,0,0,0,0,216000,0,0,0,727000,511000,216000,216000
066211,瑞祺統一04購01  ,0,0,0,0,0,0,0,0,0,216000,0,0,0,236000,20000,216000,216000
067247,瀚宇博群益01購02,0,0,0,0,0,0,0,0,0,216000,0,0,0,326000,110000,216000,216000
6715,嘉基            ,371000,242000,129000,0,0,0,41000,0,41000,46000,0,0,0,50000,4000,46000,216000
069219,華新群益04購01  ,0,0,0,0,0,0,0,0,0,215000,0,0,0,254000,39000,215000,215000
03485P,智邦永豐02售01  ,0,0,0,0,0,0,0,0,0,215000,0,0,0,233000,18000,215000,215000
061694,玉山金群益9A購01,0,0,0,0,0,0,0,0,0,215000,0,0,0,215000,0,215000,215000
067651,漢唐元富07購01  ,0,0,0,0,0,0,0,0,0,214000,0,0,0,350000,136000,214000,214000
066281,眾達元大02購01  ,0,0,0,0,0,0,0,0,0,214000,0,0,0,389000,175000,214000,214000
2442,新美齊          ,304000,168000,136000,0,0,0,0,0,0,78000,78000,0,78000,0,0,0,214000
068208,彩晶凱基02購01  ,0,0,0,0,0,0,0,0,0,213000,0,0,0,313000,100000,213000,213000
08763P,健策永豐01售02  ,0,0,0,0,0,0,0,0,0,213000,0,0,0,213000,0,213000,213000
2838,聯邦銀          ,887058,643000,244058,0,0,0,0,0,0,-32000,0,32000,-32000,0,0,0,212058
069647,世紀鋼康和04購01,0,0,0,0,0,0,0,0,0,212000,0,0,0,272000,60000,212000,212000
060777,茂林凱基9C購01  ,0,0,0,0,0,0,0,0,0,212000,0,0,0,322000,110000,212000,212000
065386,華通兆豐9C購02  ,0,0,0,0,0,0,0,0,0,212000,0,0,0,246000,34000,212000,212000
069176,南電元大02購04  ,0,0,0,0,0,0,0,0,0,211000,0,0,0,406000,195000,211000,211000
068966,TPK群益02購01   ,0,0,0,0,0,0,0,0,0,211000,0,0,0,262000,51000,211000,211000
059797,大立光國票99購01,0,0,0,0,0,0,0,0,0,211000,0,0,0,250000,39000,211000,211000
064035,GIS元大9C購03   ,0,0,0,0,0,0,0,0,0,211000,0,0,0,211000,0,211000,211000
065087,可成元大9C購08  ,0,0,0,0,0,0,0,0,0,211000,0,0,0,211000,0,211000,211000
062049,亞德客統一01購01,0,0,0,0,0,0,0,0,0,211000,0,0,0,211000,0,211000,211000
067302,聯發科元大01購20,0,0,0,0,0,0,0,0,0,211000,0,0,0,534000,323000,211000,211000
067366,巨大群益01購01  ,0,0,0,0,0,0,0,0,0,211000,0,0,0,237000,26000,211000,211000
068354,燿華凱基01購03  ,0,0,0,0,0,0,0,0,0,210000,0,0,0,210000,0,210000,210000
07976P,聯發科群益9C售02,0,0,0,0,0,0,0,0,0,210000,0,0,0,210000,0,210000,210000
07926P,上銀統一9B售02  ,0,0,0,0,0,0,0,0,0,210000,0,0,0,210000,0,210000,210000
064262,玉晶光永豐9C購03,0,0,0,0,0,0,0,0,0,210000,0,0,0,295000,85000,210000,210000
060280,元金2X元大9A購01,0,0,0,0,0,0,0,0,0,210000,0,0,0,210000,0,210000,210000
064420,台積電兆豐9C購03,0,0,0,0,0,0,0,0,0,210000,0,0,0,210000,0,210000,210000
08383P,智邦群益9C售03  ,0,0,0,0,0,0,0,0,0,209000,0,0,0,219000,10000,209000,209000
068783,亞德客康和02購01,0,0,0,0,0,0,0,0,0,209000,0,0,0,209000,0,209000,209000
066179,智伸科凱基01購01,0,0,0,0,0,0,0,0,0,209000,0,0,0,299000,90000,209000,209000
066286,瑞祺元大01購01  ,0,0,0,0,0,0,0,0,0,208000,0,0,0,218000,10000,208000,208000
08984P,玉晶光凱基02售03,0,0,0,0,0,0,0,0,0,208000,0,0,0,218000,10000,208000,208000
060642,華擎永豐9A購02  ,0,0,0,0,0,0,0,0,0,207000,0,0,0,225000,18000,207000,207000
067402,茂林永豐01購01  ,0,0,0,0,0,0,0,0,0,207000,0,0,0,317000,110000,207000,207000
08696P,臺股指群益01售01,0,0,0,0,0,0,0,0,0,207000,0,0,0,422000,215000,207000,207000
068994,精成科永豐02購01,0,0,0,0,0,0,0,0,0,206000,0,0,0,265000,59000,206000,206000
057961,茂林元大9A購01  ,0,0,0,0,0,0,0,0,0,206000,0,0,0,411000,205000,206000,206000
066976,台達電群益01購01,0,0,0,0,0,0,0,0,0,206000,0,0,0,214000,8000,206000,206000
067515,美利達統一03購03,0,0,0,0,0,0,0,0,0,206000,0,0,0,208000,2000,206000,206000
07791P,奇鋐元大9A售02  ,0,0,0,0,0,0,0,0,0,205000,0,0,0,305000,100000,205000,205000
059925,可成國泰9B購01  ,0,0,0,0,0,0,0,0,0,205000,0,0,0,510000,305000,205000,205000
03325P,臺股指凱基04售05,0,0,0,0,0,0,0,0,0,205000,0,0,0,206000,1000,205000,205000
066595,敦泰群益01購01  ,0,0,0,0,0,0,0,0,0,205000,0,0,0,307000,102000,205000,205000
2636,台驊投控        ,176000,58000,118000,0,0,0,0,0,0,87000,87000,0,87000,0,0,0,205000
068539,T50反1國票03購04,0,0,0,0,0,0,0,0,0,204000,0,0,0,204000,0,204000,204000
061837,華新科凱基05購02,0,0,0,0,0,0,0,0,0,204000,0,0,0,245000,41000,204000,204000
064928,同欣電統一01購02,0,0,0,0,0,0,0,0,0,204000,0,0,0,215000,11000,204000,204000
066694,深中小群益03購01,0,0,0,0,0,0,0,0,0,204000,0,0,0,972000,768000,204000,204000
067057,滬深2X元大01購09,0,0,0,0,0,0,0,0,0,204000,0,0,0,224000,20000,204000,204000
067268,日月光永豐01購01,0,0,0,0,0,0,0,0,0,204000,0,0,0,232000,28000,204000,204000
069063,台積電麥證02購05,0,0,0,203000,0,203000,0,0,0,203000,0,0,0,203000,0,203000,203000
069564,儒鴻凱基02購01  ,0,0,0,0,0,0,0,0,0,203000,0,0,0,203000,0,203000,203000
065132,臻鼎兆豐01購01  ,0,0,0,0,0,0,0,0,0,203000,0,0,0,218000,15000,203000,203000
063826,中興電國票01購01,0,0,0,0,0,0,0,0,0,203000,0,0,0,257000,54000,203000,203000
066617,鎧勝康和01購01  ,0,0,0,0,0,0,0,0,0,203000,0,0,0,203000,0,203000,203000
08957P,聯電凱基03售02  ,0,0,0,0,0,0,0,0,0,203000,0,0,0,203000,0,203000,203000
068421,GIS兆豐01購02   ,0,0,0,0,0,0,0,0,0,202000,0,0,0,232000,30000,202000,202000
066233,華碩富邦02購01  ,0,0,0,0,0,0,0,0,0,202000,0,0,0,304000,102000,202000,202000
065668,南亞科凱基9C購02,0,0,0,0,0,0,0,0,0,202000,0,0,0,275000,73000,202000,202000
06698P,玉晶光國票99售05,0,0,0,0,0,0,0,0,0,202000,0,0,0,202000,0,202000,202000
068395,GIS統一03購03   ,0,0,0,0,0,0,0,0,0,201000,0,0,0,212000,11000,201000,201000
068670,台積電統一03購12,0,0,0,0,0,0,0,0,0,201000,0,0,0,454000,253000,201000,201000
069025,建準國票03購02  ,0,0,0,0,0,0,0,0,0,201000,0,0,0,473000,272000,201000,201000
069823,欣興統一03購01  ,0,0,0,0,0,0,0,0,0,201000,0,0,0,201000,0,201000,201000
05631P,國巨富邦9A售01  ,0,0,0,0,0,0,0,0,0,201000,0,0,0,201000,0,201000,201000
063783,儒鴻中信9C購01  ,0,0,0,0,0,0,0,0,0,201000,0,0,0,316000,115000,201000,201000
067233,微星群益02購02  ,0,0,0,0,0,0,0,0,0,201000,0,0,0,305000,104000,201000,201000
065646,健鼎元大9C購04  ,0,0,0,0,0,0,0,0,0,201000,0,0,0,201000,0,201000,201000
065295,旭富群益9C購02  ,0,0,0,0,0,0,0,0,0,201000,0,0,0,201000,0,201000,201000
065838,鴻海元大03購01  ,0,0,0,0,0,0,0,0,0,201000,0,0,0,211000,10000,201000,201000
6415,矽力-KY         ,990230,811622,178608,0,0,0,1000,4000,-3000,25000,4000,0,4000,23000,2000,21000,200608
07130P,台郡元大9B售01  ,0,0,0,0,0,0,0,0,0,200000,0,0,0,200000,0,200000,200000
07729P,臺股指凱基9A售21,0,0,0,0,0,0,0,0,0,200000,0,0,0,200000,0,200000,200000
07671P,超眾元大9A售04  ,0,0,0,0,0,0,0,0,0,200000,0,0,0,200000,0,200000,200000
08249P,聯發科群益9C售06,0,0,0,0,0,0,0,0,0,200000,0,0,0,200000,0,200000,200000
08435P,台積電群益9C售11,0,0,0,0,0,0,0,0,0,200000,0,0,0,200000,0,200000,200000
08609P,世紀鋼永豐9C售03,0,0,0,0,0,0,0,0,0,200000,0,0,0,200000,0,200000,200000
069295,奇力新中信03購01,0,0,0,0,0,0,0,0,0,200000,0,0,0,200000,0,200000,200000
058863,可成凱基99購02  ,0,0,0,0,0,0,0,0,0,200000,0,0,0,200000,0,200000,200000
060815,茂林凱基9B購01  ,0,0,0,0,0,0,0,0,0,200000,0,0,0,317000,117000,200000,200000
059396,T50反1元富99購04,0,0,0,0,0,0,0,0,0,200000,0,0,0,200000,0,200000,200000
058212,華新科群益9A購01,0,0,0,0,0,0,0,0,0,200000,0,0,0,200000,0,200000,200000
061589,世紀鋼富邦9B購01,0,0,0,0,0,0,0,0,0,200000,0,0,0,230000,30000,200000,200000
063898,旭富群益9C購01  ,0,0,0,0,0,0,0,0,0,200000,0,0,0,200000,0,200000,200000
063653,儒鴻元富9B購01  ,0,0,0,0,0,0,0,0,0,200000,0,0,0,200000,0,200000,200000
064494,南亞科元大9C購02,0,0,0,0,0,0,0,0,0,200000,0,0,0,200000,0,200000,200000
066509,南亞永豐01購01  ,0,0,0,0,0,0,0,0,0,200000,0,0,0,200000,0,200000,200000
08937P,大立光元大01售14,0,0,0,0,0,0,0,0,0,200000,0,0,0,200000,0,200000,200000
069110,台灣50群益02購11,0,0,0,0,0,0,0,0,0,199000,0,0,0,199000,0,199000,199000
068639,神基凱基03購01  ,0,0,0,0,0,0,0,0,0,199000,0,0,0,201000,2000,199000,199000
00670L,富邦NASDAQ正2   ,0,0,0,0,0,0,0,0,0,199000,92000,0,92000,202000,95000,107000,199000
061339,京元電元大9A購05,0,0,0,0,0,0,0,0,0,199000,0,0,0,201000,2000,199000,199000
063136,智邦統一9B購02  ,0,0,0,0,0,0,0,0,0,199000,0,0,0,693000,494000,199000,199000
064334,可成元大01購01  ,0,0,0,0,0,0,0,0,0,199000,0,0,0,209000,10000,199000,199000
065540,台表科統一02購05,0,0,0,0,0,0,0,0,0,199000,0,0,0,200000,1000,199000,199000
066824,旺宏群益02購01  ,0,0,0,0,0,0,0,0,0,199000,0,0,0,212000,13000,199000,199000
08645P,臺股指中信03售01,0,0,0,0,0,0,0,0,0,199000,0,0,0,210000,11000,199000,199000
061593,智原永豐9A購01  ,0,0,0,0,0,0,0,0,0,198000,0,0,0,203000,5000,198000,198000
058584,百和群益9A購01  ,0,0,0,0,0,0,0,0,0,198000,0,0,0,201000,3000,198000,198000
060434,台汽電永豐9A購01,0,0,0,0,0,0,0,0,0,198000,0,0,0,198000,0,198000,198000
065349,玉晶光統一9C購05,0,0,0,0,0,0,0,0,0,197000,0,0,0,415000,218000,197000,197000
08991P,玉晶光元大01售06,0,0,0,0,0,0,0,0,0,197000,0,0,0,343000,146000,197000,197000
060792,信錦永豐9A購01  ,0,0,0,0,0,0,0,0,0,196000,0,0,0,216000,20000,196000,196000
03381P,臺股指群益02售08,0,0,0,0,0,0,0,0,0,196000,0,0,0,226000,30000,196000,196000
062713,台灣50凱基02購03,0,0,0,0,0,0,0,0,0,196000,0,0,0,196000,0,196000,196000
065455,金寶元富9C購01  ,0,0,0,0,0,0,0,0,0,195000,0,0,0,200000,5000,195000,195000
065584,華通富邦01購01  ,0,0,0,0,0,0,0,0,0,194000,0,0,0,216000,22000,194000,194000
066283,鎧勝元大01購02  ,0,0,0,0,0,0,0,0,0,194000,0,0,0,194000,0,194000,194000
065246,旭富兆豐01購01  ,0,0,0,0,0,0,0,0,0,193000,0,0,0,193000,0,193000,193000
064967,道瓊銀元大01購01,0,0,0,0,0,0,0,0,0,193000,0,0,0,193000,0,193000,193000
064840,彩晶統一02購01  ,0,0,0,0,0,0,0,0,0,193000,0,0,0,975000,782000,193000,193000
066519,達方永豐01購01  ,0,0,0,0,0,0,0,0,0,193000,0,0,0,196000,3000,193000,193000
067372,聯發科統一03購03,0,0,0,0,0,0,0,0,0,193000,0,0,0,257000,64000,193000,193000
068686,瑞儀中信02購01  ,0,0,0,0,0,0,0,0,0,192000,0,0,0,192000,0,192000,192000
068211,樺漢凱基01購02  ,0,0,0,0,0,0,0,0,0,192000,0,0,0,348000,156000,192000,192000
068122,彩晶元富03購01  ,0,0,0,0,0,0,0,0,0,192000,0,0,0,636000,444000,192000,192000
064355,南六元大01購01  ,0,0,0,0,0,0,0,0,0,192000,0,0,0,203000,11000,192000,192000
061372,世紀鋼國泰9C購01,0,0,0,0,0,0,0,0,0,192000,0,0,0,222000,30000,192000,192000
067922,玉晶光中信04購01,0,0,0,0,0,0,0,0,0,192000,0,0,0,213000,21000,192000,192000
068749,聯詠群益02購01  ,0,0,0,0,0,0,0,0,0,191000,0,0,0,347000,156000,191000,191000
068580,聯電永豐01購02  ,0,0,0,0,0,0,0,0,0,191000,0,0,0,193000,2000,191000,191000
069244,金像電凱基02購04,0,0,0,0,0,0,0,0,0,191000,0,0,0,261000,70000,191000,191000
062494,中石化中信9C購01,0,0,0,0,0,0,0,0,0,191000,0,0,0,304000,113000,191000,191000
061940,世紀鋼國票9C購01,0,0,0,0,0,0,0,0,0,191000,0,0,0,193000,2000,191000,191000
2812,台中銀          ,1918196,3325225,-1407029,0,0,0,0,9000,-9000,1607000,17000,10000,7000,1600000,0,1600000,190971
8454,富邦媒          ,377000,318144,58856,0,0,0,93000,1000,92000,40000,52000,12000,40000,0,0,0,190856
068512,聯發科統一03購07,0,0,0,0,0,0,0,0,0,190000,0,0,0,210000,20000,190000,190000
069709,聯發科國票03購05,0,0,0,0,0,0,0,0,0,190000,0,0,0,210000,20000,190000,190000
059091,中信金元大99購01,0,0,0,0,0,0,0,0,0,190000,0,0,0,200000,10000,190000,190000
08129P,聯發科元大9B售23,0,0,0,0,0,0,0,0,0,189000,0,0,0,200000,11000,189000,189000
069123,南六群益02購03  ,0,0,0,0,0,0,0,0,0,189000,0,0,0,199000,10000,189000,189000
061227,日月光中信9B購01,0,0,0,0,0,0,0,0,0,189000,0,0,0,203000,14000,189000,189000
060288,群光元大9C購01  ,0,0,0,0,0,0,0,0,0,189000,0,0,0,286000,97000,189000,189000
060170,世紀鋼永豐9A購01,0,0,0,0,0,0,0,0,0,189000,0,0,0,192000,3000,189000,189000
060214,茂林康和9A購01  ,0,0,0,0,0,0,0,0,0,189000,0,0,0,257000,68000,189000,189000
065040,燿華凱基9C購01  ,0,0,0,0,0,0,0,0,0,189000,0,0,0,189000,0,189000,189000
063541,華擎元富9B購02  ,0,0,0,0,0,0,0,0,0,189000,0,0,0,194000,5000,189000,189000
066208,聯鈞統一02購01  ,0,0,0,0,0,0,0,0,0,189000,0,0,0,189000,0,189000,189000
068500,華擎元大01購09  ,0,0,0,0,0,0,0,0,0,188000,0,0,0,443000,255000,188000,188000
069510,宏碁凱基04購01  ,0,0,0,0,0,0,0,0,0,188000,0,0,0,310000,122000,188000,188000
064524,GIS群益02購01   ,0,0,0,0,0,0,0,0,0,188000,0,0,0,301000,113000,188000,188000
03319P,健策元富03售01  ,0,0,0,0,0,0,0,0,0,188000,0,0,0,251000,63000,188000,188000
066338,德律永豐01購01  ,0,0,0,0,0,0,0,0,0,188000,0,0,0,188000,0,188000,188000
066381,景碩康和01購01  ,0,0,0,0,0,0,0,0,0,188000,0,0,0,291000,103000,188000,188000
08669P,聯發科群益02售02,0,0,0,0,0,0,0,0,0,188000,0,0,0,193000,5000,188000,188000
03163P,玉晶光元大01售15,0,0,0,0,0,0,0,0,0,187000,0,0,0,187000,0,187000,187000
00650L,FH香港正2       ,54000,34000,20000,0,0,0,0,0,0,167000,0,0,0,225000,58000,167000,187000
066040,友訊元大01購02  ,0,0,0,0,0,0,0,0,0,187000,0,0,0,198000,11000,187000,187000
065436,力成凱基02購01  ,0,0,0,0,0,0,0,0,0,187000,0,0,0,200000,13000,187000,187000
065317,上銀凱基9C購03  ,0,0,0,0,0,0,0,0,0,187000,0,0,0,290000,103000,187000,187000
066364,可成中信03購01  ,0,0,0,0,0,0,0,0,0,186000,0,0,0,243000,57000,186000,186000
6230,超眾            ,339000,272000,67000,0,0,0,0,0,0,119000,43000,20000,23000,117000,21000,96000,186000
069719,台積電群益02購11,0,0,0,0,0,0,0,0,0,185000,0,0,0,204000,19000,185000,185000
00753L,中信中國50正2   ,0,50000,-50000,0,0,0,0,0,0,235000,0,0,0,410000,175000,235000,185000
058631,鈺齊國票9A購01  ,0,0,0,0,0,0,0,0,0,185000,0,0,0,185000,0,185000,185000
067316,嘉澤元大01購03  ,0,0,0,0,0,0,0,0,0,185000,0,0,0,241000,56000,185000,185000
08062P,華擎國票9B售03  ,0,0,0,0,0,0,0,0,0,184000,0,0,0,200000,16000,184000,184000
068561,台積電元大01購52,0,0,0,0,0,0,0,0,0,184000,0,0,0,239000,55000,184000,184000
068402,群光元富03購01  ,0,0,0,0,0,0,0,0,0,183000,0,0,0,1033000,850000,183000,183000
08617P,緯創元富9C售03  ,0,0,0,0,0,0,0,0,0,183000,0,0,0,580000,397000,183000,183000
069442,長興元富06購01  ,0,0,0,0,0,0,0,0,0,183000,0,0,0,344000,161000,183000,183000
03001P,玉晶光群益02售17,0,0,0,0,0,0,0,0,0,183000,0,0,0,347000,164000,183000,183000
064374,旺宏元富9C購01  ,0,0,0,0,0,0,0,0,0,183000,0,0,0,183000,0,183000,183000
062689,華擎統一02購01  ,0,0,0,0,0,0,0,0,0,183000,0,0,0,193000,10000,183000,183000
061427,旭富元大9A購02  ,0,0,0,0,0,0,0,0,0,183000,0,0,0,183000,0,183000,183000
067139,訊連永豐01購01  ,0,0,0,0,0,0,0,0,0,183000,0,0,0,183000,0,183000,183000
069035,可成統一02購02  ,0,0,0,0,0,0,0,0,0,182000,0,0,0,397000,215000,182000,182000
063029,喬山凱基9B購01  ,0,0,0,0,0,0,0,0,0,182000,0,0,0,367000,185000,182000,182000
067282,金像電國票02購02,0,0,0,0,0,0,0,0,0,182000,0,0,0,226000,44000,182000,182000
068489,技嘉元大01購05  ,0,0,0,0,0,0,0,0,0,181000,0,0,0,635000,454000,181000,181000
064960,世紀鋼凱基03購01,0,0,0,0,0,0,0,0,0,181000,0,0,0,233000,52000,181000,181000
066457,可成統一02購01  ,0,0,0,0,0,0,0,0,0,181000,0,0,0,188000,7000,181000,181000
08929P,可成元富07售04  ,0,0,0,0,0,0,0,0,0,181000,0,0,0,205000,24000,181000,181000
068690,喬山凱基03購01  ,0,0,0,0,0,0,0,0,0,180000,0,0,0,193000,13000,180000,180000
06836P,玉晶光國票99售06,0,0,0,0,0,0,0,0,0,180000,0,0,0,180000,0,180000,180000
069125,美利達群益02購02,0,0,0,0,0,0,0,0,0,180000,0,0,0,278000,98000,180000,180000
069180,力山麥證02購01  ,0,0,0,252000,72000,180000,0,0,0,180000,0,0,0,252000,72000,180000,180000
058268,泰碩永豐9A購01  ,0,0,0,0,0,0,0,0,0,180000,0,0,0,180000,0,180000,180000
062870,亞德客兆豐9C購01,0,0,0,0,0,0,0,0,0,180000,0,0,0,180000,0,180000,180000
062372,旭富元大9B購01  ,0,0,0,0,0,0,0,0,0,180000,0,0,0,180000,0,180000,180000
066124,台化群益01購01  ,0,0,0,0,0,0,0,0,0,180000,0,0,0,200000,20000,180000,180000
069336,華碩群益02購01  ,0,0,0,0,0,0,0,0,0,179000,0,0,0,191000,12000,179000,179000
068513,聯發科統一03購08,0,0,0,0,0,0,0,0,0,179000,0,0,0,281000,102000,179000,179000
068609,華擎凱基03購01  ,0,0,0,0,0,0,0,0,0,179000,0,0,0,179000,0,179000,179000
063473,茂林元大9B購05  ,0,0,0,0,0,0,0,0,0,179000,0,0,0,348000,169000,179000,179000
066637,瀚宇博凱基01購02,0,0,0,0,0,0,0,0,0,179000,0,0,0,256000,77000,179000,179000
065862,世紀鋼元大9C購06,0,0,0,0,0,0,0,0,0,179000,0,0,0,184000,5000,179000,179000
08634P,大立光元大9C售26,0,0,0,0,0,0,0,0,0,179000,0,0,0,179000,0,179000,179000
068341,世紀鋼元大01購04,0,0,0,0,0,0,0,0,0,178000,0,0,0,185000,7000,178000,178000
060428,瑞祺永豐9A購01  ,0,0,0,0,0,0,0,0,0,178000,0,0,0,208000,30000,178000,178000
08418P,大立光元大01售04,0,0,0,0,0,0,0,0,0,177000,0,0,0,177000,0,177000,177000
065800,技嘉群益9C購01  ,0,0,0,0,0,0,0,0,0,177000,0,0,0,194000,17000,177000,177000
065972,聯發科元大01購07,0,0,0,0,0,0,0,0,0,177000,0,0,0,243000,66000,177000,177000
08771P,滬深2X凱基01售02,0,0,0,0,0,0,0,0,0,177000,0,0,0,200000,23000,177000,177000
069140,金像電永豐02購01,0,0,0,0,0,0,0,0,0,176000,0,0,0,239000,63000,176000,176000
054471,T50反1中信9C購01,0,0,0,0,0,0,0,0,0,176000,0,0,0,176000,0,176000,176000
06458P,玉晶光統一9A售02,0,0,0,0,0,0,0,0,0,176000,0,0,0,206000,30000,176000,176000
067591,聚陽凱基02購02  ,0,0,0,0,0,0,0,0,0,176000,0,0,0,176000,0,176000,176000
068978,義隆元大02購02  ,0,0,0,0,0,0,0,0,0,175000,0,0,0,262000,87000,175000,175000
03099P,玉晶光凱基03售01,0,0,0,0,0,0,0,0,0,175000,0,0,0,220000,45000,175000,175000
066819,樺漢兆豐01購01  ,0,0,0,0,0,0,0,0,0,175000,0,0,0,231000,56000,175000,175000
08737P,聯詠凱基01售01  ,0,0,0,0,0,0,0,0,0,175000,0,0,0,260000,85000,175000,175000
058854,樺漢群益9B購01  ,0,0,0,0,0,0,0,0,0,174000,0,0,0,174000,0,174000,174000
058251,百和元大99購03  ,0,0,0,0,0,0,0,0,0,174000,0,0,0,246000,72000,174000,174000
066991,訊芯群益01購01  ,0,0,0,0,0,0,0,0,0,174000,0,0,0,673000,499000,174000,174000
065865,光寶科群益9C購02,0,0,0,0,0,0,0,0,0,174000,0,0,0,174000,0,174000,174000
066311,生達永豐01購01  ,0,0,0,0,0,0,0,0,0,174000,0,0,0,174000,0,174000,174000
3321,同泰            ,219000,45000,174000,0,0,0,0,0,0,0,0,0,0,0,0,0,174000
066644,瑞昱麥證01購01  ,0,0,0,173000,0,173000,0,0,0,173000,0,0,0,173000,0,173000,173000
067293,智伸科兆豐03購01,0,0,0,0,0,0,0,0,0,173000,0,0,0,334000,161000,173000,173000
067323,美利達元大01購04,0,0,0,0,0,0,0,0,0,173000,0,0,0,478000,305000,173000,173000
064538,鈺齊國票01購01  ,0,0,0,0,0,0,0,0,0,172000,0,0,0,474000,302000,172000,172000
063795,上銀凱基9C購01  ,0,0,0,0,0,0,0,0,0,172000,0,0,0,177000,5000,172000,172000
067986,亞德客元大01購04,0,0,0,0,0,0,0,0,0,172000,0,0,0,172000,0,172000,172000
069169,TPK元大02購02   ,0,0,0,0,0,0,0,0,0,171000,0,0,0,171000,0,171000,171000
069627,聯電元富02購02  ,0,0,0,0,0,0,0,0,0,171000,0,0,0,216000,45000,171000,171000
059096,百和元大99購04  ,0,0,0,0,0,0,0,0,0,171000,0,0,0,204000,33000,171000,171000
063616,上銀兆豐9C購01  ,0,0,0,0,0,0,0,0,0,171000,0,0,0,332000,161000,171000,171000
08792P,聯發科中信02售02,0,0,0,0,0,0,0,0,0,171000,0,0,0,171000,0,171000,171000
08290P,高鐵統一01售01  ,0,0,0,0,0,0,0,0,0,170000,0,0,0,232000,62000,170000,170000
059870,全新凱基99購05  ,0,0,0,0,0,0,0,0,0,170000,0,0,0,170000,0,170000,170000
03149P,鴻海群益01售12  ,0,0,0,0,0,0,0,0,0,170000,0,0,0,170000,0,170000,170000
064804,英業達元大9C購01,0,0,0,0,0,0,0,0,0,170000,0,0,0,170000,0,170000,170000
065042,國產凱基02購01  ,0,0,0,0,0,0,0,0,0,170000,0,0,0,170000,0,170000,170000
062291,力成富邦9B購01  ,0,0,0,0,0,0,0,0,0,170000,0,0,0,170000,0,170000,170000
064395,華新科永豐9C購02,0,0,0,0,0,0,0,0,0,170000,0,0,0,200000,30000,170000,170000
063133,喬山統一01購01  ,0,0,0,0,0,0,0,0,0,170000,0,0,0,691000,521000,170000,170000
1201,味全            ,523000,351000,172000,0,0,0,0,0,0,-2000,0,0,0,0,2000,-2000,170000
069134,上銀永豐02購01  ,0,0,0,0,0,0,0,0,0,169000,0,0,0,169000,0,169000,169000
069229,瑞祺群益02購01  ,0,0,0,0,0,0,0,0,0,169000,0,0,0,170000,1000,169000,169000
066169,晶豪科凱基01購01,0,0,0,0,0,0,0,0,0,169000,0,0,0,171000,2000,169000,169000
069114,智邦群益02購01  ,0,0,0,0,0,0,0,0,0,168000,0,0,0,309000,141000,168000,168000
068977,建準元大02購01  ,0,0,0,0,0,0,0,0,0,168000,0,0,0,540000,372000,168000,168000
069676,華碩元大02購03  ,0,0,0,0,0,0,0,0,0,168000,0,0,0,221000,53000,168000,168000
059165,南亞科凱基99購04,0,0,0,0,0,0,0,0,0,168000,0,0,0,168000,0,168000,168000
060743,鴻海國票9A購03  ,0,0,0,0,0,0,0,0,0,168000,0,0,0,182000,14000,168000,168000
058270,上緯控永豐99購01,0,0,0,0,0,0,0,0,0,168000,0,0,0,202000,34000,168000,168000
060915,旭富元大9A購01  ,0,0,0,0,0,0,0,0,0,168000,0,0,0,168000,0,168000,168000
066194,美利達凱基01購01,0,0,0,0,0,0,0,0,0,168000,0,0,0,168000,0,168000,168000
067541,華擎群益01購06  ,0,0,0,0,0,0,0,0,0,168000,0,0,0,175000,7000,168000,168000
068769,義隆統一04購01  ,0,0,0,0,0,0,0,0,0,167000,0,0,0,195000,28000,167000,167000
063761,嘉澤統一02購01  ,0,0,0,0,0,0,0,0,0,167000,0,0,0,167000,0,167000,167000
067908,玉晶光國泰03購01,0,0,0,0,0,0,0,0,0,167000,0,0,0,212000,45000,167000,167000
066822,泰豐群益01購01  ,0,0,0,0,0,0,0,0,0,167000,0,0,0,189000,22000,167000,167000
068291,大立光群益03購01,0,0,0,0,0,0,0,0,0,166000,0,0,0,240000,74000,166000,166000
062091,世紀鋼元大9B購01,0,0,0,0,0,0,0,0,0,166000,0,0,0,171000,5000,166000,166000
064493,南亞科元大9C購01,0,0,0,0,0,0,0,0,0,166000,0,0,0,177000,11000,166000,166000
066765,揚明光永豐01購01,0,0,0,0,0,0,0,0,0,166000,0,0,0,166000,0,166000,166000
062003,國巨國泰01購01  ,0,0,0,0,0,0,0,0,0,165000,0,0,0,165000,0,165000,165000
064949,南亞科凱基9C購01,0,0,0,0,0,0,0,0,0,165000,0,0,0,165000,0,165000,165000
064552,巨大凱基01購01  ,0,0,0,0,0,0,0,0,0,165000,0,0,0,165000,0,165000,165000
067629,亞德客永豐01購01,0,0,0,0,0,0,0,0,0,165000,0,0,0,165000,0,165000,165000
07579P,聯茂元大9A售01  ,0,0,0,0,0,0,0,0,0,164000,0,0,0,174000,10000,164000,164000
08366P,祥碩凱基9C售04  ,0,0,0,0,0,0,0,0,0,164000,0,0,0,465000,301000,164000,164000
07849P,大立光群益9A售06,0,0,0,0,0,0,0,0,0,164000,0,0,0,184000,20000,164000,164000
063958,瑞祺元大9C購01  ,0,0,0,0,0,0,0,0,0,164000,0,0,0,168000,4000,164000,164000
066419,聯發科元大01購11,0,0,0,0,0,0,0,0,0,164000,0,0,0,191000,27000,164000,164000
069897,宏碁元大02購02  ,0,0,0,0,0,0,0,0,0,163000,0,0,0,169000,6000,163000,163000
069466,欣興國票03購04  ,0,0,0,0,0,0,0,0,0,163000,0,0,0,272000,109000,163000,163000
068192,台積電凱基03購04,0,0,0,0,0,0,0,0,0,163000,0,0,0,419000,256000,163000,163000
03184P,台積電元大01售48,0,0,0,0,0,0,0,0,0,163000,0,0,0,163000,0,163000,163000
061978,旺宏元大9C購01  ,0,0,0,0,0,0,0,0,0,163000,0,0,0,200000,37000,163000,163000
062086,瑞祺元大9B購01  ,0,0,0,0,0,0,0,0,0,163000,0,0,0,189000,26000,163000,163000
065982,T50反1國泰02購01,0,0,0,0,0,0,0,0,0,163000,0,0,0,293000,130000,163000,163000
066857,大立光國票02購02,0,0,0,0,0,0,0,0,0,163000,0,0,0,216000,53000,163000,163000
2834,臺企銀          ,2552433,2440000,112433,0,0,0,0,21000,-21000,71000,0,210000,-210000,351000,70000,281000,162433
068121,TPK元富03購01   ,0,0,0,0,0,0,0,0,0,162000,0,0,0,193000,31000,162000,162000
06925P,致茂群益9A售02  ,0,0,0,0,0,0,0,0,0,162000,0,0,0,292000,130000,162000,162000
067619,臺股指凱基04購02,0,0,0,0,0,0,0,0,0,162000,0,0,0,738000,576000,162000,162000
8021,尖點            ,310000,147000,163000,0,0,0,0,0,0,-1000,1000,2000,-1000,0,0,0,162000
08995P,台灣50群益01售12,0,0,0,0,0,0,0,0,0,162000,0,0,0,237000,75000,162000,162000
2108,南帝            ,342000,197000,145000,0,0,0,0,0,0,17000,2000,2000,0,17000,0,17000,162000
03421B,臺股指元大99熊01,0,0,0,0,0,0,0,0,0,161000,0,0,0,215000,54000,161000,161000
062504,旭富群益9B購02  ,0,0,0,0,0,0,0,0,0,161000,0,0,0,161000,0,161000,161000
063378,茂林永豐9B購02  ,0,0,0,0,0,0,0,0,0,161000,0,0,0,163000,2000,161000,161000
064317,日月光群益9C購01,0,0,0,0,0,0,0,0,0,161000,0,0,0,192000,31000,161000,161000
069126,世紀鋼群益02購01,0,0,0,0,0,0,0,0,0,160000,0,0,0,165000,5000,160000,160000
069291,為升中信04購01  ,0,0,0,0,0,0,0,0,0,160000,0,0,0,499000,339000,160000,160000
069357,聯電永豐02購04  ,0,0,0,0,0,0,0,0,0,160000,0,0,0,160000,0,160000,160000
08603P,電子類元大9C售02,0,0,0,0,0,0,0,0,0,160000,0,0,0,180000,20000,160000,160000
059295,大立光元富99購05,0,0,0,0,0,0,0,0,0,160000,0,0,0,366000,206000,160000,160000
03264P,聯茂國票04售01  ,0,0,0,0,0,0,0,0,0,160000,0,0,0,225000,65000,160000,160000
064712,聚陽統一02購03  ,0,0,0,0,0,0,0,0,0,160000,0,0,0,168000,8000,160000,160000
063615,瑞祺群益9B購03  ,0,0,0,0,0,0,0,0,0,160000,0,0,0,283000,123000,160000,160000
065326,華擎凱基02購01  ,0,0,0,0,0,0,0,0,0,160000,0,0,0,170000,10000,160000,160000
066674,達方凱基01購01  ,0,0,0,0,0,0,0,0,0,160000,0,0,0,212000,52000,160000,160000
066263,華碩元大02購01  ,0,0,0,0,0,0,0,0,0,160000,0,0,0,349000,189000,160000,160000
08938P,大立光元大01售15,0,0,0,0,0,0,0,0,0,160000,0,0,0,160000,0,160000,160000
069106,南電統一04購03  ,0,0,0,0,0,0,0,0,0,159000,0,0,0,740000,581000,159000,159000
069678,金像電元大03購01,0,0,0,0,0,0,0,0,0,158000,0,0,0,206000,48000,158000,158000
060435,鈺齊永豐9A購01  ,0,0,0,0,0,0,0,0,0,158000,0,0,0,295000,137000,158000,158000
063236,旺宏元大9B購07  ,0,0,0,0,0,0,0,0,0,158000,0,0,0,200000,42000,158000,158000
062694,遠東新元大9B購01,0,0,0,0,0,0,0,0,0,158000,0,0,0,234000,76000,158000,158000
064387,GIS富邦9C購01   ,0,0,0,0,0,0,0,0,0,158000,0,0,0,270000,112000,158000,158000
067713,聚陽凱基01購02  ,0,0,0,0,0,0,0,0,0,158000,0,0,0,170000,12000,158000,158000
08952P,台積電元富07售08,0,0,0,0,0,0,0,0,0,158000,0,0,0,160000,2000,158000,158000
08896P,台灣50群益01售10,0,0,0,0,0,0,0,0,0,158000,0,0,0,183000,25000,158000,158000
6112,聚碩            ,181000,84000,97000,0,0,0,0,0,0,61000,1000,4000,-3000,65000,1000,64000,158000
068292,精成科群益01購01,0,0,0,0,0,0,0,0,0,157000,0,0,0,208000,51000,157000,157000
067385,申豐統一02購04  ,0,0,0,0,0,0,0,0,0,157000,0,0,0,175000,18000,157000,157000
6531,愛普            ,1628000,1525000,103000,0,0,0,60000,4000,56000,-2000,17000,19000,-2000,0,0,0,157000
068308,強茂國票01購01  ,0,0,0,0,0,0,0,0,0,156000,0,0,0,164000,8000,156000,156000
057555,玉晶光凱基9A購02,0,0,0,0,0,0,0,0,0,156000,0,0,0,256000,100000,156000,156000
067072,建準元大01購01  ,0,0,0,0,0,0,0,0,0,156000,0,0,0,166000,10000,156000,156000
066270,國揚元大01購01  ,0,0,0,0,0,0,0,0,0,156000,0,0,0,206000,50000,156000,156000
6533,晶心科          ,334000,171000,163000,0,0,0,0,8000,-8000,1000,1000,0,1000,0,0,0,156000
08347P,大立光元大9C售16,0,0,0,0,0,0,0,0,0,155000,0,0,0,155000,0,155000,155000
03101P,GIS凱基01售04   ,0,0,0,0,0,0,0,0,0,155000,0,0,0,221000,66000,155000,155000
063692,華擎永豐9B購02  ,0,0,0,0,0,0,0,0,0,155000,0,0,0,169000,14000,155000,155000
067232,友訊群益01購05  ,0,0,0,0,0,0,0,0,0,155000,0,0,0,237000,82000,155000,155000
066786,聯發科麥證01購05,0,0,0,155000,0,155000,0,0,0,155000,0,0,0,155000,0,155000,155000
068252,晶技元大01購05  ,0,0,0,0,0,0,0,0,0,154000,0,0,0,263000,109000,154000,154000
064575,鈺齊群益9C購01  ,0,0,0,0,0,0,0,0,0,154000,0,0,0,239000,85000,154000,154000
065424,華新凱基02購01  ,0,0,0,0,0,0,0,0,0,154000,0,0,0,171000,17000,154000,154000
069605,敦泰國票03購01  ,0,0,0,0,0,0,0,0,0,153000,0,0,0,157000,4000,153000,153000
07284P,大立光凱基99售10,0,0,0,0,0,0,0,0,0,153000,0,0,0,153000,0,153000,153000
055331,國巨兆豐99購01  ,0,0,0,0,0,0,0,0,0,153000,0,0,0,153000,0,153000,153000
068494,玉山金元大01購01,0,0,0,0,0,0,0,0,0,152000,0,0,0,157000,5000,152000,152000
068957,美利達凱基02購02,0,0,0,0,0,0,0,0,0,152000,0,0,0,152000,0,152000,152000
064908,世紀鋼群益01購02,0,0,0,0,0,0,0,0,0,152000,0,0,0,197000,45000,152000,152000
068545,帆宣康和01購01  ,0,0,0,0,0,0,0,0,0,151000,0,0,0,151000,0,151000,151000
068622,技嘉群益03購01  ,0,0,0,0,0,0,0,0,0,151000,0,0,0,330000,179000,151000,151000
060612,世紀鋼凱基9A購01,0,0,0,0,0,0,0,0,0,151000,0,0,0,176000,25000,151000,151000
056915,上銀兆豐99購01  ,0,0,0,0,0,0,0,0,0,151000,0,0,0,151000,0,151000,151000
064058,儒鴻麥證01購01  ,0,0,0,232000,81000,151000,0,0,0,151000,0,0,0,232000,81000,151000,151000
07195P,大立光元大99售12,0,0,0,0,0,0,0,0,0,150000,0,0,0,200000,50000,150000,150000
08175P,金像電統一9B售02,0,0,0,0,0,0,0,0,0,150000,0,0,0,150000,0,150000,150000
064080,宏達電中信06購01,0,0,0,0,0,0,0,0,0,150000,0,0,0,167000,17000,150000,150000
060107,旭富元大99購03  ,0,0,0,0,0,0,0,0,0,150000,0,0,0,150000,0,150000,150000
058989,茂林凱基99購02  ,0,0,0,0,0,0,0,0,0,150000,0,0,0,190000,40000,150000,150000
063665,南亞科統一01購02,0,0,0,0,0,0,0,0,0,150000,0,0,0,200000,50000,150000,150000
065522,旭富群益9C購03  ,0,0,0,0,0,0,0,0,0,150000,0,0,0,150000,0,150000,150000
066449,瀚宇博群益01購01,0,0,0,0,0,0,0,0,0,150000,0,0,0,171000,21000,150000,150000
067361,旭富群益01購02  ,0,0,0,0,0,0,0,0,0,150000,0,0,0,150000,0,150000,150000
08760P,瑞昱元大01售02  ,0,0,0,0,0,0,0,0,0,150000,0,0,0,290000,140000,150000,150000
08372P,大立光凱基01售04,0,0,0,0,0,0,0,0,0,149000,0,0,0,149000,0,149000,149000
068566,聯發科元大01購31,0,0,0,0,0,0,0,0,0,149000,0,0,0,798000,649000,149000,149000
069377,華碩元大02購02  ,0,0,0,0,0,0,0,0,0,149000,0,0,0,265000,116000,149000,149000
063360,茂林國泰9C購02  ,0,0,0,0,0,0,0,0,0,149000,0,0,0,221000,72000,149000,149000
062941,大立光凱基9B購07,0,0,0,0,0,0,0,0,0,149000,0,0,0,149000,0,149000,149000
062189,康控元大9B購02  ,0,0,0,0,0,0,0,0,0,149000,0,0,0,179000,30000,149000,149000
066968,技嘉元富07購01  ,0,0,0,0,0,0,0,0,0,149000,0,0,0,151000,2000,149000,149000
066321,華碩永豐01購01  ,0,0,0,0,0,0,0,0,0,149000,0,0,0,268000,119000,149000,149000
2103,台橡            ,534000,449000,85000,0,0,0,0,0,0,64000,7000,0,7000,57000,0,57000,149000
063383,億豐永豐9B購02  ,0,0,0,0,0,0,0,0,0,148000,0,0,0,318000,170000,148000,148000
060601,技嘉凱基9A購02  ,0,0,0,0,0,0,0,0,0,148000,0,0,0,148000,0,148000,148000
062108,晶豪科國票9B購01,0,0,0,0,0,0,0,0,0,148000,0,0,0,248000,100000,148000,148000
065152,燿華群益9C購02  ,0,0,0,0,0,0,0,0,0,148000,0,0,0,148000,0,148000,148000
063961,世紀鋼元大9C購05,0,0,0,0,0,0,0,0,0,148000,0,0,0,162000,14000,148000,148000
067422,微星凱基02購03  ,0,0,0,0,0,0,0,0,0,148000,0,0,0,355000,207000,148000,148000
08644P,臺股指中信02售02,0,0,0,0,0,0,0,0,0,148000,0,0,0,191000,43000,148000,148000
2820,華票            ,384660,213000,171660,0,0,0,0,0,0,-24000,0,24000,-24000,0,0,0,147660
08380P,GIS元大9C售06   ,0,0,0,0,0,0,0,0,0,147000,0,0,0,385000,238000,147000,147000
08069P,大立光國泰01售02,0,0,0,0,0,0,0,0,0,147000,0,0,0,147000,0,147000,147000
069441,力山元富08購01  ,0,0,0,0,0,0,0,0,0,147000,0,0,0,353000,206000,147000,147000
064876,旺宏兆豐9C購01  ,0,0,0,0,0,0,0,0,0,147000,0,0,0,173000,26000,147000,147000
08719P,華通元大01售04  ,0,0,0,0,0,0,0,0,0,147000,0,0,0,147000,0,147000,147000
058834,GIS永豐99購01   ,0,0,0,0,0,0,0,0,0,146000,0,0,0,146000,0,146000,146000
057082,玉晶光統一9A購04,0,0,0,0,0,0,0,0,0,146000,0,0,0,581000,435000,146000,146000
066089,文曄永豐01購01  ,0,0,0,0,0,0,0,0,0,146000,0,0,0,146000,0,146000,146000
066046,聯發科元大01購09,0,0,0,0,0,0,0,0,0,146000,0,0,0,263000,117000,146000,146000
08346P,大立光元大9C售15,0,0,0,0,0,0,0,0,0,145000,0,0,0,145000,0,145000,145000
069075,上銀凱基03購01  ,0,0,0,0,0,0,0,0,0,145000,0,0,0,153000,8000,145000,145000
006207,FH滬深          ,105000,286000,-181000,0,0,0,0,0,0,326000,440000,0,440000,347000,461000,-114000,145000
062747,立積永豐9B購01  ,0,0,0,0,0,0,0,0,0,145000,0,0,0,250000,105000,145000,145000
063811,亞德客群益9C購01,0,0,0,0,0,0,0,0,0,145000,0,0,0,163000,18000,145000,145000
9944,新麗            ,222000,69000,153000,0,0,0,0,0,0,-8000,1000,9000,-8000,0,0,0,145000
068909,台積電群益02購09,0,0,0,0,0,0,0,0,0,144000,0,0,0,244000,100000,144000,144000
03175P,台積電國票03售04,0,0,0,0,0,0,0,0,0,144000,0,0,0,157000,13000,144000,144000
065666,旺宏凱基9C購03  ,0,0,0,0,0,0,0,0,0,144000,0,0,0,144000,0,144000,144000
067650,技嘉元富07購03  ,0,0,0,0,0,0,0,0,0,144000,0,0,0,168000,24000,144000,144000
066669,華擎凱基02購02  ,0,0,0,0,0,0,0,0,0,143000,0,0,0,150000,7000,143000,143000
068667,聯電統一03購05  ,0,0,0,0,0,0,0,0,0,142000,0,0,0,262000,120000,142000,142000
068371,華城永豐01購04  ,0,0,0,0,0,0,0,0,0,142000,0,0,0,189000,47000,142000,142000
069876,健策兆豐03購01  ,0,0,0,0,0,0,0,0,0,142000,0,0,0,178000,36000,142000,142000
064170,儒鴻元富9C購01  ,0,0,0,0,0,0,0,0,0,142000,0,0,0,173000,31000,142000,142000
063491,國巨富邦02購02  ,0,40000,-40000,0,0,0,0,0,0,182000,0,0,0,1183000,1001000,182000,142000
066128,台積電群益02購01,0,0,0,0,0,0,0,0,0,142000,0,0,0,142000,0,142000,142000
067657,日月光元富01購01,0,0,0,0,0,0,0,0,0,142000,0,0,0,216000,74000,142000,142000
07424P,大立光元大9B售01,0,0,0,0,0,0,0,0,0,141000,0,0,0,141000,0,141000,141000
07531P,大立光國泰9B售03,0,0,0,0,0,0,0,0,0,141000,0,0,0,141000,0,141000,141000
069232,臺股指群益02購07,0,0,0,0,0,0,0,0,0,141000,0,0,0,200000,59000,141000,141000
064594,奇力新統一01購05,0,0,0,0,0,0,0,0,0,141000,0,0,0,146000,5000,141000,141000
064008,日月光凱基9C購01,0,0,0,0,0,0,0,0,0,141000,0,0,0,163000,22000,141000,141000
065108,建準國票01購01  ,0,0,0,0,0,0,0,0,0,141000,0,0,0,237000,96000,141000,141000
068601,台積電凱基03購07,0,0,0,0,0,0,0,0,0,140000,0,0,0,249000,109000,140000,140000
069482,台積電元大02購27,0,0,0,0,0,0,0,0,0,140000,0,0,0,178000,38000,140000,140000
08112P,臺股指中信01售07,0,0,0,0,0,0,0,0,0,140000,0,0,0,175000,35000,140000,140000
07807P,聯茂永豐9A售02  ,0,0,0,0,0,0,0,0,0,140000,0,0,0,210000,70000,140000,140000
00656R,國泰中國A50反1  ,0,0,0,0,0,0,0,0,0,140000,0,0,0,277000,137000,140000,140000
058053,上銀統一9B購01  ,0,0,0,0,0,0,0,0,0,140000,0,0,0,749000,609000,140000,140000
058106,神達統一98購02  ,0,0,0,0,0,0,0,0,0,140000,0,0,0,140000,0,140000,140000
059995,南亞科元富99購01,0,0,0,0,0,0,0,0,0,140000,0,0,0,227000,87000,140000,140000
061938,大立光國票9B購03,0,0,0,0,0,0,0,0,0,140000,0,0,0,140000,0,140000,140000
061261,台積電凱基9B購03,0,0,0,0,0,0,0,0,0,140000,0,0,0,243000,103000,140000,140000
067580,亞德客群益01購03,0,0,0,0,0,0,0,0,0,140000,0,0,0,150000,10000,140000,140000
067782,亞德客群益01購04,0,0,0,0,0,0,0,0,0,140000,0,0,0,156000,16000,140000,140000
067978,緯穎群益01購06  ,0,0,0,0,0,0,0,0,0,140000,0,0,0,185000,45000,140000,140000
065542,緯穎統一01購05  ,0,0,0,0,0,0,0,0,0,140000,0,0,0,140000,0,140000,140000
065744,華新元大9C購01  ,0,0,0,0,0,0,0,0,0,140000,0,0,0,202000,62000,140000,140000
2107,厚生            ,236000,80000,156000,0,0,0,0,0,0,-16000,0,16000,-16000,0,0,0,140000
069677,金像電元大02購09,0,0,0,0,0,0,0,0,0,139000,0,0,0,247000,108000,139000,139000
068115,玉山金元富07購01,0,0,0,0,0,0,0,0,0,139000,0,0,0,339000,200000,139000,139000
061303,玉晶光永豐9B購03,0,0,0,0,0,0,0,0,0,139000,0,0,0,198000,59000,139000,139000
067123,京鼎富邦05購01  ,0,0,0,0,0,0,0,0,0,139000,0,0,0,139000,0,139000,139000
3024,憶聲            ,314000,163000,151000,0,0,0,0,0,0,-12000,0,12000,-12000,0,0,0,139000
068746,台達電群益02購01,0,0,0,0,0,0,0,0,0,138000,0,0,0,193000,55000,138000,138000
069490,聯詠元大02購05  ,0,0,0,0,0,0,0,0,0,138000,0,0,0,586000,448000,138000,138000
08513P,聯發科凱基9C售08,0,0,0,0,0,0,0,0,0,138000,0,0,0,138000,0,138000,138000
057548,微星凱基99購01  ,0,0,0,0,0,0,0,0,0,138000,0,0,0,167000,29000,138000,138000
066732,可成元大01購06  ,0,0,0,0,0,0,0,0,0,138000,0,0,0,142000,4000,138000,138000
068383,上銀統一03購01  ,0,0,0,0,0,0,0,0,0,137000,0,0,0,162000,25000,137000,137000
068424,台灣50凱基04購11,0,0,0,0,0,0,0,0,0,137000,0,0,0,137000,0,137000,137000
064092,世紀鋼凱基9C購03,0,0,0,0,0,0,0,0,0,137000,0,0,0,138000,1000,137000,137000
063569,美食元大9B購03  ,0,0,0,0,0,0,0,0,0,137000,0,0,0,405000,268000,137000,137000
065167,華通元大02購01  ,0,0,0,0,0,0,0,0,0,137000,0,0,0,170000,33000,137000,137000
067118,上緯控群益01購01,0,0,0,0,0,0,0,0,0,137000,0,0,0,394000,257000,137000,137000
067520,健策元富01購03  ,0,0,0,0,0,0,0,0,0,137000,0,0,0,254000,117000,137000,137000
066206,聯鈞統一01購01  ,0,0,0,0,0,0,0,0,0,137000,0,0,0,157000,20000,137000,137000
08790P,聯發科元富01售01,0,0,0,0,0,0,0,0,0,137000,0,0,0,264000,127000,137000,137000
068537,信邦中信01購01  ,0,0,0,0,0,0,0,0,0,136000,0,0,0,184000,48000,136000,136000
069423,聯電台新02購01  ,0,0,0,0,0,0,0,0,0,136000,0,0,0,268000,132000,136000,136000
069590,台船國票03購01  ,0,0,0,0,0,0,0,0,0,136000,0,0,0,196000,60000,136000,136000
067195,台虹凱基02購01  ,0,0,0,0,0,0,0,0,0,136000,0,0,0,201000,65000,136000,136000
069646,美利達康和02購01,0,0,0,0,0,0,0,0,0,135000,0,0,0,150000,15000,135000,135000
08074P,緯穎元富9B售02  ,0,0,0,0,0,0,0,0,0,135000,0,0,0,151000,16000,135000,135000
061137,晶技統一9B購01  ,0,0,0,0,0,0,0,0,0,135000,0,0,0,160000,25000,135000,135000
066131,群光群益02購01  ,0,0,0,0,0,0,0,0,0,135000,0,0,0,421000,286000,135000,135000
058464,矽創兆豐9A購01  ,0,0,0,0,0,0,0,0,0,134000,0,0,0,135000,1000,134000,134000
058978,SGBR2X凱基9A購03,0,0,0,0,0,0,0,0,0,134000,0,0,0,134000,0,134000,134000
03160P,大立光元大01售22,0,0,0,0,0,0,0,0,0,134000,0,0,0,134000,0,134000,134000
067210,聯發科元大01購18,0,0,0,0,0,0,0,0,0,134000,0,0,0,386000,252000,134000,134000
067229,台達電群益01購02,0,0,0,0,0,0,0,0,0,134000,0,0,0,203000,69000,134000,134000
067400,華擎永豐01購02  ,0,0,0,0,0,0,0,0,0,134000,0,0,0,174000,40000,134000,134000
066836,樺漢群益01購01  ,0,0,0,0,0,0,0,0,0,134000,0,0,0,458000,324000,134000,134000
067543,臻鼎群益01購01  ,0,0,0,0,0,0,0,0,0,134000,0,0,0,160000,26000,134000,134000
066069,英業達凱基02購01,0,0,0,0,0,0,0,0,0,133000,0,0,0,168000,35000,133000,133000
6177,達麗            ,220000,177000,43000,0,0,0,0,0,0,90000,0,8000,-8000,132000,34000,98000,133000
060562,旺宏富邦9C購02  ,0,0,0,0,0,0,0,0,0,132000,0,0,0,447000,315000,132000,132000
06716P,台積電元大9A售02,0,0,0,0,0,0,0,0,0,132000,0,0,0,732000,600000,132000,132000
08378P,世紀鋼元富9C售02,0,0,0,0,0,0,0,0,0,131000,0,0,0,181000,50000,131000,131000
068698,聯鈞凱基02購01  ,0,0,0,0,0,0,0,0,0,131000,0,0,0,132000,1000,131000,131000
00737,國泰AI+Robo     ,27000,0,27000,0,0,0,0,0,0,104000,0,0,0,183000,79000,104000,131000
065762,台表科元大9C購13,0,0,0,0,0,0,0,0,0,131000,0,0,0,264000,133000,131000,131000
2515,中工            ,902000,929000,-27000,0,0,0,0,0,0,158000,30000,11000,19000,145000,6000,139000,131000
069218,儒鴻群益02購01  ,0,0,0,0,0,0,0,0,0,130000,0,0,0,200000,70000,130000,130000
068871,台灣50凱基03購04,0,0,0,0,0,0,0,0,0,130000,0,0,0,130000,0,130000,130000
069095,金像電統一04購01,0,0,0,0,0,0,0,0,0,130000,0,0,0,135000,5000,130000,130000
08271P,華通元富9C售01  ,0,0,0,0,0,0,0,0,0,130000,0,0,0,155000,25000,130000,130000
057243,樺漢凱基99購01  ,0,0,0,0,0,0,0,0,0,130000,0,0,0,133000,3000,130000,130000
03417P,瑞昱群益04售01  ,0,0,0,0,0,0,0,0,0,130000,0,0,0,130000,0,130000,130000
058910,泰鼎元大99購03  ,0,0,0,0,0,0,0,0,0,130000,0,0,0,130000,0,130000,130000
060401,世紀鋼國票9B購01,0,0,0,0,0,0,0,0,0,130000,0,0,0,130000,0,130000,130000
064086,旺宏凱基9C購01  ,0,0,0,0,0,0,0,0,0,130000,0,0,0,130000,0,130000,130000
061610,力成統一9C購01  ,0,0,0,0,0,0,0,0,0,130000,0,0,0,205000,75000,130000,130000
062331,大立光統一9B購10,0,0,0,0,0,0,0,0,0,130000,0,0,0,244000,114000,130000,130000
063803,世紀鋼凱基01購01,0,0,0,0,0,0,0,0,0,130000,0,0,0,130000,0,130000,130000
067929,華通凱基01購04  ,0,0,0,0,0,0,0,0,0,130000,0,0,0,414000,284000,130000,130000
069546,微星元大02購01  ,0,0,0,0,0,0,0,0,0,129000,0,0,0,208000,79000,129000,129000
064048,大立光統一9C購07,0,0,0,0,0,0,0,0,0,129000,0,0,0,142000,13000,129000,129000
061891,力山永豐9B購01  ,0,0,0,0,0,0,0,0,0,129000,0,0,0,294000,165000,129000,129000
066823,國巨群益02購02  ,0,0,0,0,0,0,0,0,0,129000,0,0,0,274000,145000,129000,129000
065912,瑞祺永豐9C購02  ,0,0,0,0,0,0,0,0,0,129000,0,0,0,134000,5000,129000,129000
065527,巨大群益9C購03  ,0,0,0,0,0,0,0,0,0,129000,0,0,0,149000,20000,129000,129000
066156,建準康和01購01  ,0,0,0,0,0,0,0,0,0,129000,0,0,0,358000,229000,129000,129000
2393,億光            ,1490000,1327000,163000,0,0,0,0,0,0,-34000,25000,86000,-61000,28000,1000,27000,129000
08309P,GIS凱基9C售01   ,0,0,0,0,0,0,0,0,0,128000,0,0,0,250000,122000,128000,128000
068254,訊連元大01購02  ,0,0,0,0,0,0,0,0,0,128000,0,0,0,240000,112000,128000,128000
057850,上銀兆豐99購02  ,0,0,0,0,0,0,0,0,0,128000,0,0,0,128000,0,128000,128000
060946,世紀鋼國票9A購02,0,0,0,0,0,0,0,0,0,128000,0,0,0,188000,60000,128000,128000
03015P,玉晶光永豐01售06,0,0,0,0,0,0,0,0,0,128000,0,0,0,152000,24000,128000,128000
062381,上銀國泰9C購01  ,0,0,0,0,0,0,0,0,0,128000,0,0,0,148000,20000,128000,128000
066033,南六群益02購01  ,0,0,0,0,0,0,0,0,0,128000,0,0,0,191000,63000,128000,128000
067473,旺宏元大02購01  ,0,0,0,0,0,0,0,0,0,128000,0,0,0,200000,72000,128000,128000
03237P,大立光元大02售04,0,0,0,0,0,0,0,0,0,127000,0,0,0,127000,0,127000,127000
052524,新光金元大9B購01,0,0,0,0,0,0,0,0,0,127000,0,0,0,127000,0,127000,127000
060510,大立光元大9A購03,0,0,0,0,0,0,0,0,0,127000,0,0,0,139000,12000,127000,127000
062807,和碩統一9B購01  ,0,0,0,0,0,0,0,0,0,127000,0,0,0,175000,48000,127000,127000
065199,華擎元富03購01  ,0,0,0,0,0,0,0,0,0,127000,0,0,0,156000,29000,127000,127000
064930,南六統一02購02  ,0,0,0,0,0,0,0,0,0,127000,0,0,0,132000,5000,127000,127000
067449,微星國票02購02  ,0,0,0,0,0,0,0,0,0,127000,0,0,0,145000,18000,127000,127000
065897,凌華統一03購01  ,0,0,0,0,0,0,0,0,0,127000,0,0,0,177000,50000,127000,127000
1711,永光            ,370000,246000,124000,0,0,0,0,0,0,3000,3000,0,3000,0,0,0,127000
069457,欣興麥證02購02  ,0,0,0,232000,1107000,-875000,0,0,0,126000,0,0,0,1241000,1115000,126000,126000
03250P,日月光元富07售02,0,0,0,0,0,0,0,0,0,126000,0,0,0,257000,131000,126000,126000
03324P,南六凱基02售03  ,0,0,0,0,0,0,0,0,0,126000,0,0,0,200000,74000,126000,126000
061374,力山永豐9A購04  ,0,0,0,0,0,0,0,0,0,126000,0,0,0,235000,109000,126000,126000
063056,嘉澤統一9C購02  ,0,0,0,0,0,0,0,0,0,126000,0,0,0,137000,11000,126000,126000
067576,元金反群益04購01,0,0,0,0,0,0,0,0,0,126000,0,0,0,200000,74000,126000,126000
067221,台表科元大01購02,0,0,0,0,0,0,0,0,0,126000,0,0,0,169000,43000,126000,126000
08358P,大立光元大9C售18,0,0,0,0,0,0,0,0,0,125000,0,0,0,125000,0,125000,125000
03459B,臺股指元大9C熊38,0,0,0,0,0,0,0,0,0,125000,0,0,0,226000,101000,125000,125000
058162,上銀日盛9B購01  ,0,0,0,0,0,0,0,0,0,125000,0,0,0,214000,89000,125000,125000
064261,力山永豐9C購01  ,0,0,0,0,0,0,0,0,0,125000,0,0,0,147000,22000,125000,125000
059054,國巨凱基99購11  ,0,0,0,0,0,0,0,0,0,125000,0,0,0,125000,0,125000,125000
061367,瑞祺國票9A購01  ,0,0,0,0,0,0,0,0,0,125000,0,0,0,125000,0,125000,125000
064413,世紀鋼凱基02購01,0,0,0,0,0,0,0,0,0,125000,0,0,0,150000,25000,125000,125000
068037,聯鈞元富07購01  ,0,0,0,0,0,0,0,0,0,125000,0,0,0,130000,5000,125000,125000
066404,瑞祺凱基02購01  ,0,0,0,0,0,0,0,0,0,125000,0,0,0,154000,29000,125000,125000
1476,儒鴻            ,407000,242000,165000,0,0,0,238,0,238,-41000,10000,29000,-19000,2000,24000,-22000,124238
08538P,聯發科國票01售01,0,0,0,0,0,0,0,0,0,124000,0,0,0,124000,0,124000,124000
063295,京元電麥證9B購01,0,0,0,124000,0,124000,0,0,0,124000,0,0,0,124000,0,124000,124000
066142,超眾群益01購03  ,0,0,0,0,0,0,0,0,0,124000,0,0,0,340000,216000,124000,124000
067748,GIS元大01購02   ,0,0,0,0,0,0,0,0,0,124000,0,0,0,243000,119000,124000,124000
08203P,同欣電永豐9B售04,0,0,0,0,0,0,0,0,0,123000,0,0,0,124000,1000,123000,123000
064877,可成兆豐9C購02  ,0,0,0,0,0,0,0,0,0,123000,0,0,0,153000,30000,123000,123000
064665,南亞科元大9C購06,0,0,0,0,0,0,0,0,0,123000,0,0,0,123000,0,123000,123000
067584,技嘉群益02購01  ,0,0,0,0,0,0,0,0,0,123000,0,0,0,155000,32000,123000,123000
067358,華擎群益01購05  ,0,0,0,0,0,0,0,0,0,123000,0,0,0,269000,146000,123000,123000
066111,上銀兆豐02購01  ,0,0,0,0,0,0,0,0,0,123000,0,0,0,318000,195000,123000,123000
068821,聯詠元大02購01  ,0,0,0,0,0,0,0,0,0,122000,0,0,0,226000,104000,122000,122000
065085,聯發科元大01購02,0,0,0,0,0,0,0,0,0,122000,0,0,0,190000,68000,122000,122000
062443,大立光元大9B購05,0,0,0,0,0,0,0,0,0,122000,0,0,0,196000,74000,122000,122000
064143,旺宏統一01購05  ,0,0,0,0,0,0,0,0,0,122000,0,0,0,123000,1000,122000,122000
066014,嘉晶元富07購01  ,0,0,0,0,0,0,0,0,0,122000,0,0,0,123000,1000,122000,122000
068039,鎧勝元富07購01  ,0,0,0,0,0,0,0,0,0,122000,0,0,0,185000,63000,122000,122000
068046,台積電統一03購05,0,0,0,0,0,0,0,0,0,122000,0,0,0,1008000,886000,122000,122000
08677P,超眾群益01售02  ,0,0,0,0,0,0,0,0,0,122000,0,0,0,122000,0,122000,122000
064234,正崴統一01購01  ,0,0,0,0,0,0,0,0,0,121000,0,0,0,374000,253000,121000,121000
064959,巨大凱基9C購02  ,0,0,0,0,0,0,0,0,0,121000,0,0,0,121000,0,121000,121000
068097,台積電富邦03購05,0,0,0,0,0,0,0,0,0,121000,0,0,0,121000,0,121000,121000
065643,聯發科元大01購06,0,0,0,0,0,0,0,0,0,121000,0,0,0,132000,11000,121000,121000
066463,鎧勝統一02購01  ,0,0,0,0,0,0,0,0,0,121000,0,0,0,121000,0,121000,121000
068995,南六永豐02購01  ,0,0,0,0,0,0,0,0,0,120000,0,0,0,148000,28000,120000,120000
08356P,聯發科元大9C售08,0,0,0,0,0,0,0,0,0,120000,0,0,0,205000,85000,120000,120000
08289P,智邦統一9C售01  ,0,0,0,0,0,0,0,0,0,120000,0,0,0,120000,0,120000,120000
060789,禾伸堂富邦9B購02,0,0,0,0,0,0,0,0,0,120000,0,0,0,120000,0,120000,120000
064249,聯發科元富06購01,0,0,0,0,0,0,0,0,0,120000,0,0,0,169000,49000,120000,120000
058884,世紀鋼永豐99購02,0,0,0,0,0,0,0,0,0,120000,0,0,0,120000,0,120000,120000
061048,國巨中信9A購05  ,0,0,0,0,0,0,0,0,0,120000,0,0,0,120000,0,120000,120000
065024,華擎永豐9C購01  ,0,0,0,0,0,0,0,0,0,120000,0,0,0,189000,69000,120000,120000
062444,大立光元大9C購01,0,0,0,0,0,0,0,0,0,120000,0,0,0,120000,0,120000,120000
064477,南六國泰02購01  ,0,0,0,0,0,0,0,0,0,120000,0,0,0,312000,192000,120000,120000
061418,世紀鋼群益9A購02,0,0,0,0,0,0,0,0,0,120000,0,0,0,120000,0,120000,120000
063039,大立光凱基9C購02,0,0,0,0,0,0,0,0,0,120000,0,0,0,120000,0,120000,120000
063252,緯穎元大9B購07  ,0,0,0,0,0,0,0,0,0,120000,0,0,0,120000,0,120000,120000
066148,美利達群益01購02,0,0,0,0,0,0,0,0,0,120000,0,0,0,120000,0,120000,120000
065749,友訊元大9C購03  ,0,0,0,0,0,0,0,0,0,120000,0,0,0,204000,84000,120000,120000
065849,景碩元大9C購03  ,0,0,0,0,0,0,0,0,0,120000,0,0,0,196000,76000,120000,120000
9902,台火            ,155000,35000,120000,0,0,0,0,0,0,0,0,0,0,0,0,0,120000
08056P,華通群益9B售06  ,0,0,0,0,0,0,0,0,0,119000,0,0,0,142000,23000,119000,119000
069386,敦泰元大02購01  ,0,0,0,0,0,0,0,0,0,119000,0,0,0,131000,12000,119000,119000
068718,台積電元大02購12,0,0,0,0,0,0,0,0,0,119000,0,0,0,196000,77000,119000,119000
03236P,大立光元大02售03,0,0,0,0,0,0,0,0,0,119000,0,0,0,125000,6000,119000,119000
059849,興勤永豐99購01  ,0,0,0,0,0,0,0,0,0,119000,0,0,0,140000,21000,119000,119000
059191,茂林富邦9B購01  ,0,0,0,0,0,0,0,0,0,119000,0,0,0,120000,1000,119000,119000
062549,中租永豐9B購01  ,0,0,0,0,0,0,0,0,0,119000,0,0,0,468000,349000,119000,119000
064931,南六統一9C購05  ,0,0,0,0,0,0,0,0,0,119000,0,0,0,350000,231000,119000,119000
065457,旭富元富03購01  ,0,0,0,0,0,0,0,0,0,119000,0,0,0,119000,0,119000,119000
067548,亞德客中信03購01,0,0,0,0,0,0,0,0,0,119000,0,0,0,119000,0,119000,119000
067738,技嘉元大01購02  ,0,0,0,0,0,0,0,0,0,119000,0,0,0,281000,162000,119000,119000
1905,華紙            ,366000,232000,134000,0,0,0,0,0,0,-15000,0,13000,-13000,0,2000,-2000,119000
4942,嘉彰            ,228000,110000,118000,0,0,0,0,0,0,1000,1000,0,1000,0,0,0,119000
068651,聯電元大02購04  ,0,0,0,0,0,0,0,0,0,118000,0,0,0,125000,7000,118000,118000
068943,大立光日盛02購01,0,0,0,0,0,0,0,0,0,118000,0,0,0,118000,0,118000,118000
069083,景碩凱基03購01  ,0,300000,-300000,0,0,0,0,0,0,418000,0,0,0,440000,22000,418000,118000
069535,瀚宇博群益03購01,0,0,0,0,0,0,0,0,0,118000,0,0,0,151000,33000,118000,118000
058377,茂林凱基9A購03  ,0,0,0,0,0,0,0,0,0,118000,0,0,0,242000,124000,118000,118000
051431,群創元富99購02  ,0,0,0,0,0,0,0,0,0,118000,0,0,0,118000,0,118000,118000
064992,玉晶光兆豐01購01,0,0,0,0,0,0,0,0,0,118000,0,0,0,237000,119000,118000,118000
064224,玉晶光國票01購04,0,0,0,0,0,0,0,0,0,118000,0,0,0,154000,36000,118000,118000
064330,燿華元大9C購02  ,0,0,0,0,0,0,0,0,0,118000,0,0,0,138000,20000,118000,118000
064388,緯穎富邦9C購01  ,0,0,0,0,0,0,0,0,0,118000,0,0,0,541000,423000,118000,118000
067437,瑞祺凱基02購02  ,0,0,0,0,0,0,0,0,0,118000,0,0,0,118000,0,118000,118000
068011,台表科元大01購05,0,0,0,0,0,0,0,0,0,118000,0,0,0,270000,152000,118000,118000
065733,茂林凱基9C購03  ,0,0,0,0,0,0,0,0,0,118000,0,0,0,483000,365000,118000,118000
066196,南港統一03購01  ,0,0,0,0,0,0,0,0,0,118000,0,0,0,377000,259000,118000,118000
056347,GIS凱基9A購01   ,0,0,0,0,0,0,0,0,0,117000,0,0,0,130000,13000,117000,117000
057798,貿聯兆豐99購01  ,0,0,0,0,0,0,0,0,0,117000,0,0,0,137000,20000,117000,117000
063544,華新科台新9B購02,0,0,0,0,0,0,0,0,0,117000,0,0,0,490000,373000,117000,117000
062679,技嘉統一01購01  ,0,0,0,0,0,0,0,0,0,117000,0,0,0,136000,19000,117000,117000
064179,上銀富邦01購01  ,0,0,0,0,0,0,0,0,0,117000,0,0,0,289000,172000,117000,117000
062351,瑞祺群益9C購01  ,0,0,0,0,0,0,0,0,0,117000,0,0,0,147000,30000,117000,117000
062396,華通永豐9B購01  ,0,0,0,0,0,0,0,0,0,117000,0,0,0,135000,18000,117000,117000
066701,京元電群益01購02,40000,0,40000,0,0,0,0,0,0,77000,0,0,0,123000,46000,77000,117000
2534,宏盛            ,234000,127000,107000,0,0,0,0,0,0,10000,10000,0,10000,0,0,0,117000
068290,大立光群益01購12,0,0,0,0,0,0,0,0,0,116000,0,0,0,116000,0,116000,116000
064446,聚陽統一02購02  ,0,0,0,0,0,0,0,0,0,116000,0,0,0,325000,209000,116000,116000
064498,可成元大01購03  ,0,0,0,0,0,0,0,0,0,116000,0,0,0,118000,2000,116000,116000
066225,松翰國泰03購01  ,0,0,0,0,0,0,0,0,0,116000,0,0,0,240000,124000,116000,116000
065551,聯發科凱基9C購11,0,0,0,0,0,0,0,0,0,116000,0,0,0,150000,34000,116000,116000
068620,聯電群益03購05  ,0,0,0,0,0,0,0,0,0,115000,0,0,0,253000,138000,115000,115000
068527,義隆元富03購01  ,10000,0,10000,0,0,0,0,0,0,105000,0,0,0,131000,26000,105000,115000
069710,奇力新國票02購01,0,0,0,0,0,0,0,0,0,115000,0,0,0,115000,0,115000,115000
065086,可成元大01購04  ,0,0,0,0,0,0,0,0,0,115000,0,0,0,368000,253000,115000,115000
062722,京元電凱基9B購02,30000,0,30000,0,0,0,0,0,0,85000,0,0,0,398000,313000,85000,115000
064336,可成元大9C購06  ,0,0,0,0,0,0,0,0,0,115000,0,0,0,118000,3000,115000,115000
08797P,健策凱基02售03  ,0,0,0,0,0,0,0,0,0,115000,0,0,0,226000,111000,115000,115000
08834P,聯發科統一01售11,0,0,0,0,0,0,0,0,0,115000,0,0,0,115000,0,115000,115000
068851,漢唐統一04購01  ,0,0,0,0,0,0,0,0,0,114000,0,0,0,200000,86000,114000,114000
069289,玉晶光國泰08購02,0,0,0,0,0,0,0,0,0,114000,0,0,0,115000,1000,114000,114000
060716,新唐永豐9A購01  ,0,0,0,0,0,0,0,0,0,114000,0,0,0,240000,126000,114000,114000
03189P,玉晶光元大03售05,0,0,0,0,0,0,0,0,0,114000,0,0,0,157000,43000,114000,114000
03302P,聯發科元富02售08,0,0,0,0,0,0,0,0,0,114000,0,0,0,126000,12000,114000,114000
058712,鴻海統一9B購03  ,0,0,0,0,0,0,0,0,0,114000,0,0,0,135000,21000,114000,114000
064165,同欣電統一01購01,0,0,0,0,0,0,0,0,0,114000,0,0,0,430000,316000,114000,114000
065185,和大統一02購05  ,0,0,0,0,0,0,0,0,0,114000,0,0,0,114000,0,114000,114000
065287,華新科群益01購03,0,0,0,0,0,0,0,0,0,114000,0,0,0,114000,0,114000,114000
062374,茂林元大9B購03  ,0,0,0,0,0,0,0,0,0,114000,0,0,0,197000,83000,114000,114000
065815,微星元富9C購01  ,0,0,0,0,0,0,0,0,0,114000,0,0,0,129000,15000,114000,114000
066348,松翰永豐01購01  ,0,0,0,0,0,0,0,0,0,114000,0,0,0,233000,119000,114000,114000
068055,鎧勝統一02購02  ,0,0,0,0,0,0,0,0,0,114000,0,0,0,174000,60000,114000,114000
066986,健策群益02購02  ,0,0,0,0,0,0,0,0,0,114000,0,0,0,120000,6000,114000,114000
2608,嘉里大榮        ,141000,25000,116000,0,0,0,0,0,0,-2000,0,2000,-2000,0,0,0,114000
06911P,鴻海元大99售09  ,0,0,0,0,0,0,0,0,0,113000,0,0,0,113000,0,113000,113000
069154,光寶科元大02購01,0,0,0,0,0,0,0,0,0,113000,0,0,0,123000,10000,113000,113000
069659,百和凱基03購01  ,0,0,0,0,0,0,0,0,0,113000,0,0,0,124000,11000,113000,113000
03060P,微星凱基01售01  ,0,0,0,0,0,0,0,0,0,113000,0,0,0,292000,179000,113000,113000
03073P,大立光國泰03售04,0,0,0,0,0,0,0,0,0,113000,0,0,0,119000,6000,113000,113000
059261,華邦電中信01購01,0,0,0,0,0,0,0,0,0,113000,0,0,0,120000,7000,113000,113000
063073,瑞昱永豐9B購01  ,0,0,0,0,0,0,0,0,0,113000,0,0,0,142000,29000,113000,113000
067150,聯發科統一02購05,0,0,0,0,0,0,0,0,0,113000,0,0,0,475000,362000,113000,113000
067485,緯創元大01購01  ,0,0,0,0,0,0,0,0,0,113000,0,0,0,197000,84000,113000,113000
069173,康舒元大02購02  ,0,0,0,0,0,0,0,0,0,112000,0,0,0,247000,135000,112000,112000
064391,亞德客永豐9C購01,0,0,0,0,0,0,0,0,0,112000,0,0,0,123000,11000,112000,112000
064741,南亞科國票01購01,0,0,0,0,0,0,0,0,0,112000,0,0,0,112000,0,112000,112000
067566,台積電康和01購01,0,0,0,0,0,0,0,0,0,112000,0,0,0,170000,58000,112000,112000
067645,樺漢統一02購01  ,0,0,0,0,0,0,0,0,0,112000,0,0,0,135000,23000,112000,112000
066686,鴻海元富07購05  ,0,0,0,0,0,0,0,0,0,112000,0,0,0,132000,20000,112000,112000
065968,國巨元大02購01  ,0,0,0,0,0,0,0,0,0,112000,0,0,0,332000,220000,112000,112000
065950,正崴統一03購01  ,0,0,0,0,0,0,0,0,0,112000,0,0,0,741000,629000,112000,112000
069363,華擎永豐02購01  ,0,0,0,0,0,0,0,0,0,111000,0,0,0,111000,0,111000,111000
069418,彩晶統一04購01  ,33000,0,33000,0,0,0,0,0,0,78000,0,0,0,169000,91000,78000,111000
068191,台積電凱基01購21,0,0,0,0,0,0,0,0,0,111000,0,0,0,147000,36000,111000,111000
069611,南電國票03購03  ,0,0,0,0,0,0,0,0,0,111000,0,0,0,111000,0,111000,111000
069851,聯電永豐02購07  ,0,0,0,0,0,0,0,0,0,111000,0,0,0,112000,1000,111000,111000
064246,南六統一9C購02  ,0,0,0,0,0,0,0,0,0,111000,0,0,0,111000,0,111000,111000
03032P,華通國票03售01  ,0,0,0,0,0,0,0,0,0,111000,0,0,0,241000,130000,111000,111000
062069,喬山元大9B購01  ,0,0,0,0,0,0,0,0,0,111000,0,0,0,295000,184000,111000,111000
061489,高鐵兆豐9A購01  ,0,0,0,0,0,0,0,0,0,111000,0,0,0,121000,10000,111000,111000
066672,瑞祺凱基03購01  ,0,0,0,0,0,0,0,0,0,111000,0,0,0,111000,0,111000,111000
067707,奇力新元富04購01,0,0,0,0,0,0,0,0,0,111000,0,0,0,111000,0,111000,111000
067420,國巨凱基02購03  ,0,0,0,0,0,0,0,0,0,111000,0,0,0,164000,53000,111000,111000
066812,志超凱基01購01  ,0,0,0,0,0,0,0,0,0,111000,0,0,0,543000,432000,111000,111000
4720,德淵            ,170000,57000,113000,0,0,0,0,0,0,-2000,26000,28000,-2000,0,0,0,111000
08940P,聯發科第一01售01,0,0,0,0,0,0,0,0,0,111000,0,0,0,111000,0,111000,111000
069641,聯電中信02購01  ,0,0,0,0,0,0,0,0,0,110000,0,0,0,114000,4000,110000,110000
069505,可成永豐02購01  ,0,0,0,0,0,0,0,0,0,110000,0,0,0,120000,10000,110000,110000
068744,亞德客群益02購01,0,0,0,0,0,0,0,0,0,110000,0,0,0,126000,16000,110000,110000
055966,茂林元大99購01  ,0,0,0,0,0,0,0,0,0,110000,0,0,0,160000,50000,110000,110000
00739,元大MSCI A股    ,1000,1000,0,0,0,0,0,0,0,110000,0,0,0,311000,201000,110000,110000
00640L,富邦日本正2     ,0,49000,-49000,0,0,0,0,0,0,159000,0,0,0,232000,73000,159000,110000
059695,聯鈞永豐99購02  ,0,0,0,0,0,0,0,0,0,110000,0,0,0,111000,1000,110000,110000
060449,元金2X元大9A購02,0,0,0,0,0,0,0,0,0,110000,0,0,0,110000,0,110000,110000
061817,高鐵群益9B購01  ,0,0,0,0,0,0,0,0,0,110000,0,0,0,110000,0,110000,110000
064918,中信金統一02購01,0,0,0,0,0,0,0,0,0,110000,0,0,0,110000,0,110000,110000
062982,同欣電元富9B購01,0,0,0,0,0,0,0,0,0,110000,0,0,0,125000,15000,110000,110000
063909,旺宏凱基02購01  ,0,0,0,0,0,0,0,0,0,110000,0,0,0,110000,0,110000,110000
067217,康控元大01購02  ,0,0,0,0,0,0,0,0,0,110000,0,0,0,110000,0,110000,110000
067547,儒鴻中信01購01  ,0,0,0,0,0,0,0,0,0,110000,0,0,0,150000,40000,110000,110000
067542,旭富群益01購03  ,0,0,0,0,0,0,0,0,0,110000,0,0,0,110000,0,110000,110000
067993,宏碁元大01購02  ,0,0,0,0,0,0,0,0,0,110000,0,0,0,110000,0,110000,110000
067821,力成凱基01購02  ,0,0,0,0,0,0,0,0,0,110000,0,0,0,130000,20000,110000,110000
066371,同欣電中信05購01,0,0,0,0,0,0,0,0,0,110000,0,0,0,110000,0,110000,110000
065391,和大群益01購03  ,0,0,0,0,0,0,0,0,0,110000,0,0,0,150000,40000,110000,110000
068748,可成群益03購01  ,0,0,0,0,0,0,0,0,0,109000,0,0,0,209000,100000,109000,109000
068334,玉晶光元大01購14,0,0,0,0,0,0,0,0,0,109000,0,0,0,110000,1000,109000,109000
068905,巨大元大03購01  ,0,0,0,0,0,0,0,0,0,109000,0,0,0,118000,9000,109000,109000
069569,聯陽凱基02購01  ,0,0,0,0,0,0,0,0,0,109000,0,0,0,110000,1000,109000,109000
08312P,旺宏國票01售01  ,0,0,0,0,0,0,0,0,0,109000,0,0,0,160000,51000,109000,109000
064033,茂林元大9C購02  ,0,0,0,0,0,0,0,0,0,109000,0,0,0,335000,226000,109000,109000
03088P,大立光元大01售17,0,0,0,0,0,0,0,0,0,109000,0,0,0,174000,65000,109000,109000
063164,聯發科永豐9B購03,0,0,0,0,0,0,0,0,0,109000,0,0,0,153000,44000,109000,109000
064922,玉晶光統一01購10,0,0,0,0,0,0,0,0,0,109000,0,0,0,256000,147000,109000,109000
061423,廣達元大9A購01  ,0,0,0,0,0,0,0,0,0,109000,0,0,0,109000,0,109000,109000
065466,台表科中信01購03,0,0,0,0,0,0,0,0,0,109000,0,0,0,200000,91000,109000,109000
065783,友訊永豐9C購02  ,0,0,0,0,0,0,0,0,0,109000,0,0,0,178000,69000,109000,109000
066649,華新科麥證01購02,0,0,0,121000,10000,111000,0,0,0,109000,0,0,0,121000,12000,109000,109000
067917,冠德永豐01購01  ,0,0,0,0,0,0,0,0,0,109000,0,0,0,184000,75000,109000,109000
069839,裕隆群益02購01  ,0,0,0,0,0,0,0,0,0,108000,0,0,0,192000,84000,108000,108000
068891,亞德客元大02購03,0,0,0,0,0,0,0,0,0,108000,0,0,0,132000,24000,108000,108000
068737,南電元大02購03  ,0,0,0,0,0,0,0,0,0,108000,0,0,0,113000,5000,108000,108000
065173,可成元大9C購10  ,0,0,0,0,0,0,0,0,0,108000,0,0,0,170000,62000,108000,108000
064642,裕隆凱基9C購01  ,0,0,0,0,0,0,0,0,0,108000,0,0,0,128000,20000,108000,108000
061915,T50反1凱基02購02,0,0,0,0,0,0,0,0,0,108000,0,0,0,234000,126000,108000,108000
063168,台表科永豐9B購01,0,0,0,0,0,0,0,0,0,108000,0,0,0,214000,106000,108000,108000
062654,技嘉永豐9B購01  ,0,0,0,0,0,0,0,0,0,108000,0,0,0,108000,0,108000,108000
063191,台表科凱基9B購03,0,0,0,0,0,0,0,0,0,108000,0,0,0,118000,10000,108000,108000
062605,上銀凱基9B購03  ,0,0,0,0,0,0,0,0,0,108000,0,0,0,131000,23000,108000,108000
08887P,聯發科富邦03售06,0,0,0,0,0,0,0,0,0,108000,0,0,0,109000,1000,108000,108000
068328,聯發科元大01購28,0,0,0,0,0,0,0,0,0,107000,0,0,0,507000,400000,107000,107000
068408,緯穎元富01購02  ,0,0,0,0,0,0,0,0,0,107000,0,0,0,107000,0,107000,107000
069174,南六元大02購02  ,0,0,0,0,0,0,0,0,0,107000,0,0,0,107000,0,107000,107000
08462P,臻鼎國票9C售02  ,0,0,0,0,0,0,0,0,0,107000,0,0,0,107000,0,107000,107000
062932,滬深2X凱基01購01,0,0,0,0,0,0,0,0,0,107000,0,0,0,303000,196000,107000,107000
064692,嘉晶群益9C購03  ,0,0,0,0,0,0,0,0,0,107000,0,0,0,311000,204000,107000,107000
067891,玉晶光群益02購05,0,0,0,0,0,0,0,0,0,107000,0,0,0,108000,1000,107000,107000
066859,華擎國票02購01  ,0,0,0,0,0,0,0,0,0,107000,0,0,0,107000,0,107000,107000
067044,華碩凱基02購01  ,0,0,0,0,0,0,0,0,0,107000,0,0,0,108000,1000,107000,107000
066253,泰豐元大01購01  ,0,0,0,0,0,0,0,0,0,107000,0,0,0,157000,50000,107000,107000
066141,盛群群益01購01  ,0,0,0,0,0,0,0,0,0,107000,0,0,0,202000,95000,107000,107000
065938,文曄群益01購01  ,0,0,0,0,0,0,0,0,0,107000,0,0,0,179000,72000,107000,107000
2031,新光鋼          ,294000,202000,92000,0,0,0,0,0,0,15000,25000,10000,15000,0,0,0,107000
1102,亞泥            ,4239000,5710370,-1471370,0,0,0,1500000,11000,1489000,89000,155000,107000,48000,70000,29000,41000,106630
069644,華碩康和02購01  ,0,0,0,0,0,0,0,0,0,106000,0,0,0,153000,47000,106000,106000
068962,奇鋐群益02購02  ,0,0,0,0,0,0,0,0,0,106000,0,0,0,116000,10000,106000,106000
068468,聯電群益03購03  ,0,0,0,0,0,0,0,0,0,106000,0,0,0,165000,59000,106000,106000
068445,精成科凱基01購01,0,0,0,0,0,0,0,0,0,106000,0,0,0,116000,10000,106000,106000
03271P,台積電群益02售06,0,0,0,0,0,0,0,0,0,106000,0,0,0,126000,20000,106000,106000
058242,玉晶光元大9A購01,0,0,0,0,0,0,0,0,0,106000,0,0,0,106000,0,106000,106000
059093,旭富元大99購01  ,0,0,0,0,0,0,0,0,0,106000,0,0,0,156000,50000,106000,106000
064481,技嘉永豐9C購01  ,0,0,0,0,0,0,0,0,0,106000,0,0,0,165000,59000,106000,106000
1587,吉茂            ,140000,29000,111000,0,0,0,0,0,0,-5000,0,5000,-5000,0,0,0,106000
8011,台通            ,155000,50000,105000,0,0,0,0,0,0,1000,1000,0,1000,0,0,0,106000
069220,聯電群益03購06  ,0,0,0,0,0,0,0,0,0,105000,0,0,0,320000,215000,105000,105000
069359,瑞昱永豐02購02  ,0,0,0,0,0,0,0,0,0,105000,0,0,0,105000,0,105000,105000
069591,聯電國票02購01  ,0,0,0,0,0,0,0,0,0,105000,0,0,0,115000,10000,105000,105000
060122,亞德客永豐99購02,0,0,0,0,0,0,0,0,0,105000,0,0,0,120000,15000,105000,105000
064163,康控統一01購01  ,0,0,0,0,0,0,0,0,0,105000,0,0,0,105000,0,105000,105000
063271,中磊兆豐9C購01  ,0,0,0,0,0,0,0,0,0,105000,0,0,0,263000,158000,105000,105000
067142,美利達永豐01購02,0,0,0,0,0,0,0,0,0,105000,0,0,0,173000,68000,105000,105000
06782P,大立光元大99售07,0,0,0,0,0,0,0,0,0,105000,0,0,0,125000,20000,105000,105000
08110P,臺股指中信01售05,0,0,0,0,0,0,0,0,0,104000,0,0,0,419000,315000,104000,104000
069122,聯茂群益02購01  ,0,0,0,0,0,0,0,0,0,104000,0,0,0,104000,0,104000,104000
068382,亞德客統一03購01,0,0,0,0,0,0,0,0,0,104000,0,0,0,105000,1000,104000,104000
058022,樺漢凱基99購02  ,0,0,0,0,0,0,0,0,0,104000,0,0,0,104000,0,104000,104000
03188P,聯發科元大01售34,0,0,0,0,0,0,0,0,0,104000,0,0,0,134000,30000,104000,104000
063698,上銀群益9B購05  ,0,0,0,0,0,0,0,0,0,104000,0,0,0,165000,61000,104000,104000
063969,晶豪科國票01購01,0,0,0,0,0,0,0,0,0,104000,0,0,0,104000,0,104000,104000
063204,高鐵統一9C購01  ,0,0,0,0,0,0,0,0,0,104000,0,0,0,104000,0,104000,104000
064891,台達電群益9C購01,0,0,0,0,0,0,0,0,0,104000,0,0,0,104000,0,104000,104000
065213,南六國票01購03  ,0,0,0,0,0,0,0,0,0,104000,0,0,0,104000,0,104000,104000
065026,世紀鋼永豐9C購02,0,0,0,0,0,0,0,0,0,104000,0,0,0,104000,0,104000,104000
067902,中磊群益01購01  ,0,0,0,0,0,0,0,0,0,104000,0,0,0,202000,98000,104000,104000
065975,緯創元大02購01  ,0,0,0,0,0,0,0,0,0,104000,0,0,0,351000,247000,104000,104000
066342,上緯控永豐01購01,0,0,0,0,0,0,0,0,0,104000,0,0,0,104000,0,104000,104000
4912,聯德控股-KY     ,223000,164000,59000,0,0,0,0,0,0,45000,67000,22000,45000,0,0,0,104000
08762P,南六元大01售03  ,0,0,0,0,0,0,0,0,0,104000,0,0,0,289000,185000,104000,104000
2395,研華            ,600312,506330,93982,0,0,0,2549,1000,1549,8000,8000,0,8000,0,0,0,103531
069317,智邦兆豐03購01  ,0,0,0,0,0,0,0,0,0,103000,0,0,0,155000,52000,103000,103000
068970,美利達群益02購01,0,0,0,0,0,0,0,0,0,103000,0,0,0,103000,0,103000,103000
068789,旺宏凱基04購01  ,0,0,0,0,0,0,0,0,0,103000,0,0,0,103000,0,103000,103000
07989P,玉晶光凱基9B售07,0,0,0,0,0,0,0,0,0,103000,0,0,0,153000,50000,103000,103000
08527P,大立光元大01售06,0,0,0,0,0,0,0,0,0,103000,0,0,0,105000,2000,103000,103000
069545,金像電元大02購08,0,0,0,0,0,0,0,0,0,103000,0,0,0,280000,177000,103000,103000
069616,台積電統一03購17,0,0,0,0,0,0,0,0,0,103000,0,0,0,203000,100000,103000,103000
059042,世紀鋼群益99購02,0,0,0,0,0,0,0,0,0,103000,0,0,0,133000,30000,103000,103000
055259,玉晶光統一9A購01,0,0,0,0,0,0,0,0,0,103000,0,0,0,194000,91000,103000,103000
057947,和碩國票99購01  ,0,0,0,0,0,0,0,0,0,103000,0,0,0,103000,0,103000,103000
063916,瀚宇博凱基01購01,0,0,0,0,0,0,0,0,0,103000,0,0,0,103000,0,103000,103000
063890,正隆群益9C購01  ,0,0,0,0,0,0,0,0,0,103000,0,0,0,153000,50000,103000,103000
064285,貿聯元大9C購02  ,0,0,0,0,0,0,0,0,0,103000,0,0,0,202000,99000,103000,103000
066679,微星兆豐01購01  ,0,0,0,0,0,0,0,0,0,103000,0,0,0,234000,131000,103000,103000
067951,宏碁永豐01購02  ,0,0,0,0,0,0,0,0,0,103000,0,0,0,138000,35000,103000,103000
067091,台虹元大01購02  ,0,0,0,0,0,0,0,0,0,103000,0,0,0,120000,17000,103000,103000
067270,精成科永豐01購01,0,0,0,0,0,0,0,0,0,103000,0,0,0,122000,19000,103000,103000
067013,致新永豐01購01  ,0,0,0,0,0,0,0,0,0,103000,0,0,0,103000,0,103000,103000
08647P,鴻海凱基9C售06  ,0,0,0,0,0,0,0,0,0,103000,0,0,0,103000,0,103000,103000
1103,嘉泥            ,268000,165000,103000,0,0,0,0,0,0,0,0,0,0,0,0,0,103000
2723,美食-KY         ,797000,890000,-93000,0,0,0,0,0,0,196000,76000,0,76000,163000,43000,120000,103000
069852,台積電永豐02購05,0,0,0,0,0,0,0,0,0,102000,0,0,0,102000,0,102000,102000
068872,台灣50凱基03購05,0,0,0,0,0,0,0,0,0,102000,0,0,0,103000,1000,102000,102000
061257,上銀凱基9A購06  ,0,0,0,0,0,0,0,0,0,102000,0,0,0,153000,51000,102000,102000
064433,金像電凱基02購01,0,0,0,0,0,0,0,0,0,102000,0,0,0,102000,0,102000,102000
066965,鴻海元富07購07  ,0,0,0,0,0,0,0,0,0,102000,0,0,0,105000,3000,102000,102000
066949,聯發科元大01購17,0,0,0,0,0,0,0,0,0,102000,0,0,0,957000,855000,102000,102000
066559,聯鈞元大01購03  ,0,0,0,0,0,0,0,0,0,102000,0,0,0,102000,0,102000,102000
068933,奇鋐永豐02購01  ,0,0,0,0,0,0,0,0,0,101000,0,0,0,678000,577000,101000,101000
068257,聯發科國泰03購05,0,0,0,0,0,0,0,0,0,101000,0,0,0,143000,42000,101000,101000
069674,台積電元大04購01,0,0,0,0,0,0,0,0,0,101000,0,0,0,261000,160000,101000,101000
063408,茂林國票9C購02  ,0,0,0,0,0,0,0,0,0,101000,0,0,0,139000,38000,101000,101000
059512,晶豪科永豐99購02,0,0,0,0,0,0,0,0,0,101000,0,0,0,101000,0,101000,101000
059956,玉山金康和99購01,0,0,0,0,0,0,0,0,0,101000,0,0,0,101000,0,101000,101000
055701,亞德客富邦99購01,0,0,0,0,0,0,0,0,0,101000,0,0,0,101000,0,101000,101000
03157P,鴻海元大01售27  ,0,0,0,0,0,0,0,0,0,101000,0,0,0,103000,2000,101000,101000
055976,台積電統一99購03,0,0,0,0,0,0,0,0,0,101000,0,0,0,216000,115000,101000,101000
057150,貿聯國票99購02  ,0,0,0,0,0,0,0,0,0,101000,0,0,0,130000,29000,101000,101000
064650,台表科凱基03購01,0,0,0,0,0,0,0,0,0,101000,0,0,0,115000,14000,101000,101000
062262,茂林元大9B購02  ,0,0,0,0,0,0,0,0,0,101000,0,0,0,163000,62000,101000,101000
065653,同欣電元大03購01,0,0,0,0,0,0,0,0,0,101000,0,0,0,216000,115000,101000,101000
067117,健策群益01購09  ,0,0,0,0,0,0,0,0,0,101000,0,0,0,120000,19000,101000,101000
067925,可成兆豐02購01  ,0,0,0,0,0,0,0,0,0,101000,0,0,0,160000,59000,101000,101000
069690,南六元大02購04  ,0,0,0,0,0,0,0,0,0,100000,0,0,0,100000,0,100000,100000
069538,聯電元大02購12  ,0,0,0,0,0,0,0,0,0,100000,0,0,0,100000,0,100000,100000
069530,亞德客群益03購01,0,0,0,0,0,0,0,0,0,100000,0,0,0,100000,0,100000,100000
069496,南六元大02購03  ,0,0,0,0,0,0,0,0,0,100000,0,0,0,100000,0,100000,100000
069829,奇力新元富08購01,0,0,0,0,0,0,0,0,0,100000,0,0,0,100000,0,100000,100000
07352P,台積電國票99售11,0,0,0,0,0,0,0,0,0,100000,0,0,0,100000,0,100000,100000
08253P,鴻海元大9C售06  ,0,0,0,0,0,0,0,0,0,100000,0,0,0,100000,0,100000,100000
07972P,大立光統一9C售05,0,0,0,0,0,0,0,0,0,100000,0,0,0,100000,0,100000,100000
08134P,臺股指元大9B售40,0,0,0,0,0,0,0,0,0,100000,0,0,0,100000,0,100000,100000
07757P,國巨國票9B售04  ,0,0,0,0,0,0,0,0,0,100000,0,0,0,100000,0,100000,100000
068283,帆宣中信01購02  ,0,0,0,0,0,0,0,0,0,100000,0,0,0,100000,0,100000,100000
068558,聯電元大01購07  ,0,0,0,0,0,0,0,0,0,100000,0,0,0,180000,80000,100000,100000
068596,亞德客凱基01購03,0,0,0,0,0,0,0,0,0,100000,0,0,0,100000,0,100000,100000
068697,聯詠凱基03購02  ,0,0,0,0,0,0,0,0,0,100000,0,0,0,100000,0,100000,100000
068896,聯詠元大02購02  ,0,0,0,0,0,0,0,0,0,100000,0,0,0,194000,94000,100000,100000
068772,欣興統一04購01  ,0,0,0,0,0,0,0,0,0,100000,0,0,0,100000,0,100000,100000
068802,台積電群益02購07,0,0,0,0,0,0,0,0,0,100000,0,0,0,106000,6000,100000,100000
068820,聯陽元大02購01  ,0,0,0,0,0,0,0,0,0,100000,0,0,0,100000,0,100000,100000
069375,聯電元大02購09  ,0,0,0,0,0,0,0,0,0,100000,0,0,0,168000,68000,100000,100000
056903,大立光元大99購04,0,0,0,0,0,0,0,0,0,100000,0,0,0,100000,0,100000,100000
03132P,玉晶光台新01售01,0,0,0,0,0,0,0,0,0,100000,0,0,0,110000,10000,100000,100000
03168P,聯發科元富01售03,0,0,0,0,0,0,0,0,0,100000,0,0,0,102000,2000,100000,100000
03222P,為升凱基02售02  ,0,0,0,0,0,0,0,0,0,100000,0,0,0,100000,0,100000,100000
03360P,鴻海元大03售02  ,0,0,0,0,0,0,0,0,0,100000,0,0,0,100000,0,100000,100000
055205,京鼎中信99購01  ,0,0,0,0,0,0,0,0,0,100000,0,0,0,100000,0,100000,100000
054758,南亞國票9A購01  ,0,0,0,0,0,0,0,0,0,100000,0,0,0,100000,0,100000,100000
052775,滬深2X國票99購02,0,0,0,0,0,0,0,0,0,100000,0,0,0,150000,50000,100000,100000
03455P,瑞昱凱基02售04  ,0,0,0,0,0,0,0,0,0,100000,0,0,0,106000,6000,100000,100000
03494P,國產康和02售01  ,0,0,0,0,0,0,0,0,0,100000,0,0,0,100000,0,100000,100000
03533P,臺股指凱基02售12,0,0,0,0,0,0,0,0,0,100000,0,0,0,100000,0,100000,100000
060278,道瓊反元大9A購03,0,0,0,0,0,0,0,0,0,100000,0,0,0,100000,0,100000,100000
059127,國巨中信99購04  ,0,0,0,0,0,0,0,0,0,100000,0,0,0,100000,0,100000,100000
057696,聯電群益9A購01  ,0,0,0,0,0,0,0,0,0,100000,0,0,0,100000,0,100000,100000
062239,台汽電凱基9B購01,0,0,0,0,0,0,0,0,0,100000,0,0,0,100000,0,100000,100000
06461P,玉晶光國泰9A售01,0,0,0,0,0,0,0,0,0,100000,0,0,0,100000,0,100000,100000
064474,華新科麥證01購01,0,0,0,100000,0,100000,0,0,0,100000,0,0,0,100000,0,100000,100000
061475,漢唐元大9A購01  ,0,0,0,0,0,0,0,0,0,100000,0,0,0,100000,0,100000,100000
061526,宏達電凱基9A購04,0,0,0,0,0,0,0,0,0,100000,0,0,0,103000,3000,100000,100000
061822,和潤群益9B購01  ,0,0,0,0,0,0,0,0,0,100000,0,0,0,100000,0,100000,100000
064787,和潤群益9C購01  ,0,0,0,0,0,0,0,0,0,100000,0,0,0,100000,0,100000,100000
061967,旺宏統一01購04  ,0,0,0,0,0,0,0,0,0,100000,0,0,0,100000,0,100000,100000
064905,嘉聯益群益9C購01,0,0,0,0,0,0,0,0,0,100000,0,0,0,100000,0,100000,100000
063180,台塑凱基9B購01  ,0,0,0,0,0,0,0,0,0,100000,0,0,0,100000,0,100000,100000
063289,台表科元大9B購07,0,0,0,0,0,0,0,0,0,100000,0,0,0,100000,0,100000,100000
062643,緯穎國票9B購01  ,0,0,0,0,0,0,0,0,0,100000,0,0,0,300000,200000,100000,100000
061737,南亞科凱基9B購01,0,0,0,0,0,0,0,0,0,100000,0,0,0,100000,0,100000,100000
064158,健鼎統一02購01  ,0,0,0,0,0,0,0,0,0,100000,0,0,0,100000,0,100000,100000
063739,台勝科元大9B購03,0,0,0,0,0,0,0,0,0,100000,0,0,0,100000,0,100000,100000
064714,和大統一02購02  ,0,0,0,0,0,0,0,0,0,100000,0,0,0,100000,0,100000,100000
063455,T50反1元大9B購07,0,0,0,0,0,0,0,0,0,100000,0,0,0,100000,0,100000,100000
068080,台表科凱基02購03,0,0,0,0,0,0,0,0,0,100000,0,0,0,170000,70000,100000,100000
067482,高鐵元大01購01  ,0,0,0,0,0,0,0,0,0,100000,0,0,0,100000,0,100000,100000
067620,聚陽國泰02購01  ,0,0,0,0,0,0,0,0,0,100000,0,0,0,116000,16000,100000,100000
067614,台汽電凱基01購01,0,0,0,0,0,0,0,0,0,100000,0,0,0,100000,0,100000,100000
067384,南六統一01購03  ,0,0,0,0,0,0,0,0,0,100000,0,0,0,237000,137000,100000,100000
066959,新唐元大01購01  ,0,0,0,0,0,0,0,0,0,100000,0,0,0,100000,0,100000,100000
067042,旺宏凱基01購02  ,0,0,0,0,0,0,0,0,0,100000,0,0,0,120000,20000,100000,100000
066886,T50反1中信05購01,0,0,0,0,0,0,0,0,0,100000,0,0,0,100000,0,100000,100000
065995,台虹永豐01購01  ,0,0,0,0,0,0,0,0,0,100000,0,0,0,150000,50000,100000,100000
065826,國巨凱基9C購12  ,0,0,0,0,0,0,0,0,0,100000,0,0,0,105000,5000,100000,100000
065767,T50反1國票03購01,0,0,0,0,0,0,0,0,0,100000,0,0,0,100000,0,100000,100000
066615,長榮航康和01購01,0,0,0,0,0,0,0,0,0,100000,0,0,0,100000,0,100000,100000
066599,鴻海國泰03購02  ,0,0,0,0,0,0,0,0,0,100000,0,0,0,100000,0,100000,100000
066383,臻鼎康和01購01  ,0,0,0,0,0,0,0,0,0,100000,0,0,0,100000,0,100000,100000
066401,智伸科凱基01購02,0,0,0,0,0,0,0,0,0,100000,0,0,0,100000,0,100000,100000
066492,台郡元富01購01  ,0,0,0,0,0,0,0,0,0,100000,0,0,0,100000,0,100000,100000
066215,惠特統一04購01  ,0,0,0,0,0,0,0,0,0,100000,0,0,0,100000,0,100000,100000
08703P,華碩凱基01售02  ,0,0,0,0,0,0,0,0,0,100000,0,0,0,138000,38000,100000,100000
08752P,長榮航群益01售01,0,0,0,0,0,0,0,0,0,100000,0,0,0,100000,0,100000,100000
069399,聯電統一02購06  ,0,0,0,0,0,0,0,0,0,99000,0,0,0,105000,6000,99000,99000
068880,茂林凱基03購02  ,0,0,0,0,0,0,0,0,0,99000,0,0,0,267000,168000,99000,99000
068861,聯發科元富08購02,0,0,0,0,0,0,0,0,0,99000,0,0,0,114000,15000,99000,99000
08417P,聯發科元大9C售12,0,0,0,0,0,0,0,0,0,99000,0,0,0,100000,1000,99000,99000
08555P,超眾國票01售01  ,0,0,0,0,0,0,0,0,0,99000,0,0,0,99000,0,99000,99000
07281P,鴻海凱基99售13  ,0,0,0,0,0,0,0,0,0,99000,0,0,0,99000,0,99000,99000
064037,寶成元大9C購02  ,0,0,0,0,0,0,0,0,0,99000,0,0,0,99000,0,99000,99000
061613,南六統一9C購01  ,0,0,0,0,0,0,0,0,0,99000,0,0,0,99000,0,99000,99000
00688L,國泰20年美債正2 ,0,0,0,0,0,0,0,0,0,99000,0,0,0,200000,101000,99000,99000
063445,金像電統一9B購01,0,2000,-2000,0,0,0,0,0,0,101000,0,0,0,101000,0,101000,99000
064674,鈺齊元大9C購01  ,0,0,0,0,0,0,0,0,0,99000,0,0,0,396000,297000,99000,99000
061529,國巨台新9A購02  ,0,0,0,0,0,0,0,0,0,99000,0,0,0,99000,0,99000,99000
066685,T50反1元富07購02,0,0,0,0,0,0,0,0,0,99000,0,0,0,505000,406000,99000,99000
065411,旺宏永豐9C購02  ,0,0,0,0,0,0,0,0,0,99000,0,0,0,99000,0,99000,99000
066761,聯陽永豐01購03  ,0,0,0,0,0,0,0,0,0,99000,0,0,0,119000,20000,99000,99000
067704,台表科麥證01購02,0,0,0,100000,1000,99000,0,0,0,99000,0,0,0,100000,1000,99000,99000
069166,聯詠元大02購04  ,0,0,0,0,0,0,0,0,0,98000,0,0,0,139000,41000,98000,98000
068751,日月光群益02購01,0,0,0,0,0,0,0,0,0,98000,0,0,0,98000,0,98000,98000
058009,智易國票99購01  ,0,0,0,0,0,0,0,0,0,98000,0,0,0,154000,56000,98000,98000
061409,力成國票9A購02  ,0,0,0,0,0,0,0,0,0,98000,0,0,0,101000,3000,98000,98000
061939,中租國票9B購01  ,0,0,0,0,0,0,0,0,0,98000,0,0,0,173000,75000,98000,98000
063590,華擎永豐9B購01  ,0,0,0,0,0,0,0,0,0,98000,0,0,0,148000,50000,98000,98000
067675,中工元大03購01  ,0,0,0,0,0,0,0,0,0,98000,0,0,0,445000,347000,98000,98000
067958,中磊永豐01購01  ,0,0,0,0,0,0,0,0,0,98000,0,0,0,130000,32000,98000,98000
066897,京元電康和01購01,0,0,0,0,0,0,0,0,0,98000,0,0,0,287000,189000,98000,98000
065537,健鼎統一02購05  ,0,0,0,0,0,0,0,0,0,98000,0,0,0,98000,0,98000,98000
066261,華碩元大01購01  ,0,0,0,0,0,0,0,0,0,98000,0,0,0,231000,133000,98000,98000
08949P,臺股指國票01售06,0,0,0,0,0,0,0,0,0,98000,0,0,0,103000,5000,98000,98000
08900P,聯發科群益01售07,0,0,0,0,0,0,0,0,0,98000,0,0,0,98000,0,98000,98000
068177,台積電群益02購04,0,0,0,0,0,0,0,0,0,97000,0,0,0,100000,3000,97000,97000
068427,儒鴻凱基01購01  ,0,0,0,0,0,0,0,0,0,97000,0,0,0,100000,3000,97000,97000
07051P,大立光中信99售02,0,0,0,0,0,0,0,0,0,97000,0,0,0,97000,0,97000,97000
058026,上銀富邦9A購01  ,0,0,0,0,0,0,0,0,0,97000,0,0,0,239000,142000,97000,97000
062324,上銀統一9B購04  ,0,0,0,0,0,0,0,0,0,97000,0,0,0,97000,0,97000,97000
063752,瑞祺國票9C購01  ,0,0,0,0,0,0,0,0,0,97000,0,0,0,97000,0,97000,97000
063267,台表科中信01購02,0,0,0,0,0,0,0,0,0,97000,0,0,0,100000,3000,97000,97000
063576,台表科元大9B購08,0,0,0,0,0,0,0,0,0,97000,0,0,0,127000,30000,97000,97000
066467,晶碩統一03購01  ,0,0,0,0,0,0,0,0,0,97000,0,0,0,624000,527000,97000,97000
067132,瑞昱永豐01購01  ,0,0,0,0,0,0,0,0,0,97000,0,0,0,100000,3000,97000,97000
068100,喬山永豐01購01  ,0,0,0,0,0,0,0,0,0,97000,0,0,0,212000,115000,97000,97000
067641,群創統一01購02  ,0,0,0,0,0,0,0,0,0,97000,0,0,0,100000,3000,97000,97000
067681,嘉澤元大01購05  ,0,0,0,0,0,0,0,0,0,97000,0,0,0,142000,45000,97000,97000
3050,鈺德            ,156000,59000,97000,0,0,0,0,0,0,0,1000,1000,0,0,0,0,97000
069698,台積電元富08購18,0,0,0,0,0,0,0,0,0,96000,0,0,0,96000,0,96000,96000
069119,欣興群益02購04  ,0,0,0,0,0,0,0,0,0,96000,0,0,0,202000,106000,96000,96000
069255,華擎凱基02購03  ,0,0,0,0,0,0,0,0,0,96000,0,0,0,178000,82000,96000,96000
060467,神基元大9A購01  ,0,0,0,0,0,0,0,0,0,96000,0,0,0,131000,35000,96000,96000
03421P,健策群益02售04  ,0,0,0,0,0,0,0,0,0,96000,0,0,0,172000,76000,96000,96000
060967,鈺齊凱基9A購02  ,0,0,0,0,0,0,0,0,0,96000,0,0,0,106000,10000,96000,96000
061490,茂林兆豐9B購01  ,0,0,0,0,0,0,0,0,0,96000,0,0,0,160000,64000,96000,96000
064784,祥碩群益9C購01  ,0,0,0,0,0,0,0,0,0,96000,0,0,0,504000,408000,96000,96000
067714,上銀凱基01購01  ,0,0,0,0,0,0,0,0,0,96000,0,0,0,121000,25000,96000,96000
067933,微星凱基02購04  ,0,0,0,0,0,0,0,0,0,96000,0,0,0,131000,35000,96000,96000
066927,亞德客國票02購01,0,0,0,0,0,0,0,0,0,96000,0,0,0,150000,54000,96000,96000
066316,台船永豐01購01  ,0,0,0,0,0,0,0,0,0,96000,0,0,0,404000,308000,96000,96000
068837,欣興永豐02購02  ,0,0,0,0,0,0,0,0,0,95000,0,0,0,95000,0,95000,95000
054740,強茂凱基99購01  ,0,0,0,0,0,0,0,0,0,95000,0,0,0,95000,0,95000,95000
03227P,大立光凱基02售05,0,0,0,0,0,0,0,0,0,95000,0,0,0,95000,0,95000,95000
063518,儒鴻凱基9B購02  ,0,0,0,0,0,0,0,0,0,95000,0,0,0,119000,24000,95000,95000
063231,台泥元大9B購01  ,0,0,0,0,0,0,0,0,0,95000,0,0,0,112000,17000,95000,95000
062718,技嘉凱基9B購01  ,0,0,0,0,0,0,0,0,0,95000,0,0,0,95000,0,95000,95000
06638P,鴻海統一99售02  ,0,0,0,0,0,0,0,0,0,95000,0,0,0,105000,10000,95000,95000
066569,帆宣元大01購02  ,0,0,0,0,0,0,0,0,0,95000,0,0,0,100000,5000,95000,95000
069539,聯電元大02購13  ,0,0,0,0,0,0,0,0,0,94000,0,0,0,100000,6000,94000,94000
069537,百和群益03購01  ,0,0,0,0,0,0,0,0,0,94000,0,0,0,108000,14000,94000,94000
08439P,智邦國票01售02  ,0,0,0,0,0,0,0,0,0,94000,0,0,0,94000,0,94000,94000
03103P,聯發科元富01售02,0,0,0,0,0,0,0,0,0,94000,0,0,0,146000,52000,94000,94000
03484P,欣興國泰04售02  ,0,0,0,0,0,0,0,0,0,94000,0,0,0,111000,17000,94000,94000
058801,致伸元大99購01  ,0,0,0,0,0,0,0,0,0,94000,0,0,0,109000,15000,94000,94000
065134,中石化凱基01購01,0,0,0,0,0,0,0,0,0,94000,0,0,0,441000,347000,94000,94000
066908,聯發科凱基03購05,0,0,0,0,0,0,0,0,0,94000,0,0,0,94000,0,94000,94000
08632P,聯發科元大9C售19,0,0,0,0,0,0,0,0,0,94000,0,0,0,130000,36000,94000,94000
08451P,南六統一9C售06  ,0,0,0,0,0,0,0,0,0,93000,0,0,0,96000,3000,93000,93000
07922P,大立光群益9B售05,0,0,0,0,0,0,0,0,0,93000,0,0,0,93000,0,93000,93000
069057,美利達元富08購01,0,0,0,0,0,0,0,0,0,93000,0,0,0,93000,0,93000,93000
068522,旺宏元富04購01  ,0,0,0,0,0,0,0,0,0,93000,0,0,0,93000,0,93000,93000
03453P,儒鴻康和02售01  ,0,0,0,0,0,0,0,0,0,93000,0,0,0,113000,20000,93000,93000
059075,FBVIX元大99購01 ,0,0,0,0,0,0,0,0,0,93000,0,0,0,93000,0,93000,93000
064977,玉晶光元大01購03,0,0,0,0,0,0,0,0,0,93000,0,0,0,218000,125000,93000,93000
064985,台表科元大9C購09,0,0,0,0,0,0,0,0,0,93000,0,0,0,100000,7000,93000,93000
064754,漢唐凱基02購01  ,0,0,0,0,0,0,0,0,0,93000,0,0,0,93000,0,93000,93000
063794,亞德客凱基9C購01,0,0,0,0,0,0,0,0,0,93000,0,0,0,100000,7000,93000,93000
063715,鈺齊凱基9C購01  ,0,0,0,0,0,0,0,0,0,93000,0,0,0,108000,15000,93000,93000
063999,日月光兆豐9C購01,0,0,0,0,0,0,0,0,0,93000,0,0,0,110000,17000,93000,93000
064304,信邦兆豐01購01  ,0,0,0,0,0,0,0,0,0,93000,0,0,0,143000,50000,93000,93000
064719,聯發科統一02購01,0,0,0,0,0,0,0,0,0,93000,0,0,0,118000,25000,93000,93000
06733P,鴻海凱基99售02  ,0,0,0,0,0,0,0,0,0,93000,0,0,0,181000,88000,93000,93000
067961,台達電群益01購03,0,0,0,0,0,0,0,0,0,93000,0,0,0,188000,95000,93000,93000
066688,台積電元富07購01,0,0,0,0,0,0,0,0,0,93000,0,0,0,272000,179000,93000,93000
065491,華新科國泰02購01,0,0,0,0,0,0,0,0,0,93000,0,0,0,147000,54000,93000,93000
058410,國巨兆豐99購03  ,0,0,0,0,0,0,0,0,0,92000,0,0,0,100000,8000,92000,92000
03409P,台積電元大02售26,0,0,0,0,0,0,0,0,0,92000,0,0,0,92000,0,92000,92000
064491,金像電元大9C購03,0,0,0,0,0,0,0,0,0,92000,0,0,0,112000,20000,92000,92000
062310,南亞科凱基9B購02,0,0,0,0,0,0,0,0,0,92000,0,0,0,175000,83000,92000,92000
064197,智伸科群益9C購01,0,0,0,0,0,0,0,0,0,92000,0,0,0,126000,34000,92000,92000
08754P,臺股指群益01售04,0,0,0,0,0,0,0,0,0,92000,0,0,0,117000,25000,92000,92000
07992P,玉晶光群益01售04,0,0,0,0,0,0,0,0,0,91000,0,0,0,391000,300000,91000,91000
07085P,超眾元富9C售01  ,0,0,0,0,0,0,0,0,0,91000,0,0,0,149000,58000,91000,91000
052755,滬深2X群益9A購01,0,0,0,0,0,0,0,0,0,91000,0,0,0,101000,10000,91000,91000
03340P,瀚宇博國票04售01,0,0,0,0,0,0,0,0,0,91000,0,0,0,186000,95000,91000,91000
065033,和碩兆豐9C購01  ,0,0,0,0,0,0,0,0,0,91000,0,0,0,96000,5000,91000,91000
065054,百和凱基02購01  ,0,0,0,0,0,0,0,0,0,91000,0,0,0,194000,103000,91000,91000
063196,力成元富9B購01  ,0,0,0,0,0,0,0,0,0,91000,0,0,0,92000,1000,91000,91000
064000,台郡兆豐9C購01  ,0,0,0,0,0,0,0,0,0,91000,0,0,0,121000,30000,91000,91000
062649,緯穎富邦9B購03  ,0,0,0,0,0,0,0,0,0,91000,0,0,0,91000,0,91000,91000
065750,智邦元大9C購09  ,0,0,0,0,0,0,0,0,0,91000,0,0,0,144000,53000,91000,91000
065949,瑞昱統一01購06  ,0,0,0,0,0,0,0,0,0,91000,0,0,0,137000,46000,91000,91000
066953,禾伸堂元大01購01,0,0,0,0,0,0,0,0,0,91000,0,0,0,91000,0,91000,91000
2412,中華電          ,2198154,2268036,-69882,0,0,0,6536,20000,-13464,174000,227000,62000,165000,9000,0,9000,90654
069581,宏碁永豐02購01  ,0,0,0,0,0,0,0,0,0,90000,0,0,0,100000,10000,90000,90000
08146P,台積電群益9B售08,0,0,0,0,0,0,0,0,0,90000,0,0,0,90000,0,90000,90000
069006,義隆兆豐04購01  ,0,0,0,0,0,0,0,0,0,90000,0,0,0,100000,10000,90000,90000
068786,亞德客凱基03購02,0,0,0,0,0,0,0,0,0,90000,0,0,0,111000,21000,90000,90000
056497,GIS國泰99購01   ,0,0,0,0,0,0,0,0,0,90000,0,0,0,90000,0,90000,90000
055225,華邦電國票99購01,0,0,0,0,0,0,0,0,0,90000,0,0,0,90000,0,90000,90000
064291,南六元大9C購04  ,0,0,0,0,0,0,0,0,0,90000,0,0,0,109000,19000,90000,90000
067895,玉晶光群益02購09,0,0,0,0,0,0,0,0,0,90000,0,0,0,91000,1000,90000,90000
067810,聯發科凱基02購06,0,0,0,0,0,0,0,0,0,90000,0,0,0,115000,25000,90000,90000
067578,SP黃豆群益01購01,0,0,0,0,0,0,0,0,0,90000,0,0,0,100000,10000,90000,90000
066031,力成群益01購01  ,0,0,0,0,0,0,0,0,0,90000,0,0,0,90000,0,90000,90000
065405,華新科富邦03購01,0,0,0,0,0,0,0,0,0,90000,0,0,0,270000,180000,90000,90000
066516,智原永豐01購01  ,0,0,0,0,0,0,0,0,0,90000,0,0,0,90000,0,90000,90000
069199,聯電元大02購08  ,0,0,0,0,0,0,0,0,0,89000,0,0,0,89000,0,89000,89000
03408P,南電國泰02售02  ,0,0,0,0,0,0,0,0,0,89000,0,0,0,630000,541000,89000,89000
03403P,玉晶光凱基03售07,0,0,0,0,0,0,0,0,0,89000,0,0,0,89000,0,89000,89000
03022P,玉晶光群益02售26,0,0,0,0,0,0,0,0,0,89000,0,0,0,97000,8000,89000,89000
00752,中信中國50      ,1000,1000,0,0,0,0,0,0,0,89000,0,0,0,93000,4000,89000,89000
059865,國巨凱基01購01  ,0,0,0,0,0,0,0,0,0,89000,0,0,0,173000,84000,89000,89000
064026,建準元大9C購02  ,0,0,0,0,0,0,0,0,0,89000,0,0,0,365000,276000,89000,89000
062221,奇力新統一01購01,0,0,0,0,0,0,0,0,0,89000,0,0,0,188000,99000,89000,89000
065713,緯穎群益9C購04  ,0,0,0,0,0,0,0,0,0,89000,0,0,0,89000,0,89000,89000
067976,訊連群益01購01  ,0,0,0,0,0,0,0,0,0,89000,0,0,0,228000,139000,89000,89000
069349,瀚宇博群益02購01,0,0,0,0,0,0,0,0,0,88000,0,0,0,126000,38000,88000,88000
068363,世紀鋼凱基01購02,0,0,0,0,0,0,0,0,0,88000,0,0,0,88000,0,88000,88000
068154,聯發科元大01購23,0,0,0,0,0,0,0,0,0,88000,0,0,0,461000,373000,88000,88000
03311P,欣興凱基02售05  ,0,0,0,0,0,0,0,0,0,88000,0,0,0,458000,370000,88000,88000
064786,GIS群益9C購04   ,0,0,0,0,0,0,0,0,0,88000,0,0,0,429000,341000,88000,88000
063777,儒鴻永豐9B購02  ,0,0,0,0,0,0,0,0,0,88000,0,0,0,90000,2000,88000,88000
065692,國巨群益9C購17  ,0,0,0,0,0,0,0,0,0,88000,0,0,0,212000,124000,88000,88000
065407,世紀鋼富邦01購01,0,0,0,0,0,0,0,0,0,88000,0,0,0,90000,2000,88000,88000
5519,隆大            ,165000,77000,88000,0,0,0,0,0,0,0,0,0,0,0,0,0,88000
069266,義隆兆豐04購02  ,0,0,0,0,0,0,0,0,0,87000,0,0,0,97000,10000,87000,87000
058656,燿華中信99購01  ,0,0,0,0,0,0,0,0,0,87000,0,0,0,87000,0,87000,87000
065686,同欣電統一03購01,0,0,0,0,0,0,0,0,0,87000,0,0,0,187000,100000,87000,87000
066922,台表科麥證01購01,0,0,0,115000,28000,87000,0,0,0,87000,0,0,0,115000,28000,87000,87000
08720P,台光電元大01售03,0,0,0,0,0,0,0,0,0,87000,0,0,0,89000,2000,87000,87000
069183,微星麥證02購01  ,0,0,0,114000,28000,86000,0,0,0,86000,0,0,0,114000,28000,86000,86000
068757,亞德客永豐02購01,0,0,0,0,0,0,0,0,0,86000,0,0,0,86000,0,86000,86000
07034P,大立光元富99售03,0,0,0,0,0,0,0,0,0,86000,0,0,0,86000,0,86000,86000
062540,茂林國泰9C購01  ,0,0,0,0,0,0,0,0,0,86000,0,0,0,288000,202000,86000,86000
063404,金像電國票9B購01,14000,90000,-76000,0,0,0,0,0,0,162000,0,0,0,247000,85000,162000,86000
061034,晶豪科永豐9A購01,0,0,0,0,0,0,0,0,0,86000,0,0,0,97000,11000,86000,86000
064316,貿聯群益9C購02  ,0,0,0,0,0,0,0,0,0,86000,0,0,0,86000,0,86000,86000
062858,微星國票9B購01  ,0,0,0,0,0,0,0,0,0,86000,0,0,0,86000,0,86000,86000
067442,南港國票02購01  ,0,0,0,0,0,0,0,0,0,86000,0,0,0,96000,10000,86000,86000
2453,凌群            ,226000,141000,85000,0,0,0,0,0,0,1000,1000,0,1000,0,0,0,86000
068890,南六統一02購03  ,0,0,0,0,0,0,0,0,0,85000,0,0,0,103000,18000,85000,85000
060559,世紀鋼凱基9C購01,0,0,0,0,0,0,0,0,0,85000,0,0,0,210000,125000,85000,85000
058473,上銀凱基9A購03  ,0,0,0,0,0,0,0,0,0,85000,0,0,0,85000,0,85000,85000
062610,啟碁凱基9B購01  ,0,0,0,0,0,0,0,0,0,85000,0,0,0,175000,90000,85000,85000
063734,可成元大9B購04  ,0,0,0,0,0,0,0,0,0,85000,0,0,0,85000,0,85000,85000
067599,台積電凱基01購14,0,0,0,0,0,0,0,0,0,85000,0,0,0,87000,2000,85000,85000
067815,玉晶光凱基01購04,0,0,0,0,0,0,0,0,0,85000,0,0,0,85000,0,85000,85000
08906P,義隆群益01售04  ,0,0,0,0,0,0,0,0,0,85000,0,0,0,108000,23000,85000,85000
068683,聯電永豐02購02  ,0,0,0,0,0,0,0,0,0,84000,0,0,0,102000,18000,84000,84000
069741,聯強永豐02購01  ,0,0,0,0,0,0,0,0,0,84000,0,0,0,352000,268000,84000,84000
069765,聯電元大02購21  ,0,0,0,0,0,0,0,0,0,84000,0,0,0,143000,59000,84000,84000
08588P,緯穎元富03售01  ,0,0,0,0,0,0,0,0,0,84000,0,0,0,120000,36000,84000,84000
03087P,聯發科元大01售24,0,0,0,0,0,0,0,0,0,84000,0,0,0,191000,107000,84000,84000
03014P,玉晶光永豐01售05,0,0,0,0,0,0,0,0,0,84000,0,0,0,84000,0,84000,84000
064854,祥碩麥證9C購01  ,0,0,0,138000,44000,94000,0,0,0,84000,0,0,0,138000,54000,84000,84000
064738,裕隆國票01購01  ,0,0,0,0,0,0,0,0,0,84000,0,0,0,110000,26000,84000,84000
062800,奇力新統一01購02,0,0,0,0,0,0,0,0,0,84000,0,0,0,162000,78000,84000,84000
067992,宏碁元大01購01  ,0,0,0,0,0,0,0,0,0,84000,0,0,0,239000,155000,84000,84000
08812P,聯發科群益01售01,0,0,0,0,0,0,0,0,0,84000,0,0,0,114000,30000,84000,84000
2208,台船            ,870000,428000,442000,0,0,0,0,0,0,-358000,5000,1000,4000,83000,445000,-362000,84000
5522,遠雄            ,503000,476000,27000,0,0,0,0,0,0,57000,11000,15000,-4000,61000,0,61000,84000
4133,亞諾法          ,15000,1000,14000,0,0,0,0,0,0,70000,1000,1000,0,70000,0,70000,84000
6142,友勁            ,65000,69000,-4000,0,0,0,0,0,0,88000,88000,0,88000,0,0,0,84000
058694,鈺齊國票9A購02  ,0,0,0,0,0,0,0,0,0,83000,0,0,0,91000,8000,83000,83000
058292,上銀凱基9A購01  ,0,0,0,0,0,0,0,0,0,83000,0,0,0,139000,56000,83000,83000
060546,旺宏凱基9A購02  ,0,0,0,0,0,0,0,0,0,83000,0,0,0,151000,68000,83000,83000
061878,茂林元大9B購01  ,0,0,0,0,0,0,0,0,0,83000,0,0,0,218000,135000,83000,83000
065150,上銀群益9C購03  ,0,0,0,0,0,0,0,0,0,83000,0,0,0,93000,10000,83000,83000
063134,裕隆統一01購01  ,0,1000,-1000,0,0,0,0,0,0,84000,0,0,0,102000,18000,84000,83000
067806,宏碁凱基02購01  ,0,0,0,0,0,0,0,0,0,83000,0,0,0,396000,313000,83000,83000
067425,京元電凱基01購01,0,0,0,0,0,0,0,0,0,83000,0,0,0,84000,1000,83000,83000
067101,華邦電群益01購02,0,0,0,0,0,0,0,0,0,83000,0,0,0,97000,14000,83000,83000
065413,玉晶光永豐9C購10,0,0,0,0,0,0,0,0,0,83000,0,0,0,88000,5000,83000,83000
065310,華擎國票01購01  ,0,0,0,0,0,0,0,0,0,83000,0,0,0,93000,10000,83000,83000
066380,瑞昱康和01購02  ,0,0,0,0,0,0,0,0,0,83000,0,0,0,83000,0,83000,83000
066222,生達國泰02購01  ,0,0,0,0,0,0,0,0,0,83000,0,0,0,183000,100000,83000,83000
066092,億豐永豐01購01  ,0,0,0,0,0,0,0,0,0,83000,0,0,0,230000,147000,83000,83000
066094,元黃金中信03購01,0,0,0,0,0,0,0,0,0,83000,0,0,0,147000,64000,83000,83000
1590,亞德客-KY       ,449594,351045,98549,0,0,0,22159,15000,7159,-23000,5000,4000,1000,5000,29000,-24000,82708
08516P,技嘉群益01售02  ,0,0,0,0,0,0,0,0,0,82000,0,0,0,82000,0,82000,82000
08371P,京元電凱基9C售01,0,0,0,0,0,0,0,0,0,82000,0,0,0,419000,337000,82000,82000
08260P,大立光元大9C售08,0,0,0,0,0,0,0,0,0,82000,0,0,0,82000,0,82000,82000
08214P,南六統一9B售03  ,0,0,0,0,0,0,0,0,0,82000,0,0,0,82000,0,82000,82000
07366P,國巨康和99售02  ,0,0,0,0,0,0,0,0,0,82000,0,0,0,103000,21000,82000,82000
068897,聯詠元大02購03  ,0,0,0,0,0,0,0,0,0,82000,0,0,0,176000,94000,82000,82000
068949,鴻海凱基02購08  ,0,0,0,0,0,0,0,0,0,82000,0,0,0,105000,23000,82000,82000
061646,力成元大9A購02  ,0,0,0,0,0,0,0,0,0,82000,0,0,0,82000,0,82000,82000
056591,S&P正2元富9A購01,0,0,0,0,0,0,0,0,0,82000,0,0,0,82000,0,82000,82000
063143,嘉澤統一9B購02  ,0,0,0,0,0,0,0,0,0,82000,0,0,0,111000,29000,82000,82000
061273,臺股指凱基9A購23,0,0,0,0,0,0,0,0,0,82000,0,0,0,140000,58000,82000,82000
064895,奇力新群益9C購02,0,0,0,0,0,0,0,0,0,82000,0,0,0,91000,9000,82000,82000
066167,強茂凱基01購01  ,0,0,0,0,0,0,0,0,0,82000,0,0,0,192000,110000,82000,82000
066226,惠特國泰03購01  ,0,0,0,0,0,0,0,0,0,82000,0,0,0,92000,10000,82000,82000
065523,茂林群益9C購03  ,0,0,0,0,0,0,0,0,0,82000,0,0,0,150000,68000,82000,82000
068104,彩晶永豐01購01  ,0,0,0,0,0,0,0,0,0,82000,0,0,0,111000,29000,82000,82000
068777,台積電元富08購02,0,0,0,0,0,0,0,0,0,81000,0,0,0,102000,21000,81000,81000
069145,聯陽永豐02購01  ,0,0,0,0,0,0,0,0,0,81000,0,0,0,82000,1000,81000,81000
06842P,臺股指統一9A售03,0,0,0,0,0,0,0,0,0,81000,0,0,0,175000,94000,81000,81000
069519,鎧勝凱基02購02  ,0,0,0,0,0,0,0,0,0,81000,0,0,0,81000,0,81000,81000
03288P,台灣50元大02售09,0,0,0,0,0,0,0,0,0,81000,0,0,0,141000,60000,81000,81000
059932,世紀鋼富邦9A購02,0,0,0,0,0,0,0,0,0,81000,0,0,0,81000,0,81000,81000
064732,GIS統一01購03   ,0,0,0,0,0,0,0,0,0,81000,0,0,0,103000,22000,81000,81000
063019,聯發科元大9C購01,0,0,0,0,0,0,0,0,0,81000,0,0,0,105000,24000,81000,81000
065679,聯發科統一03購01,0,0,0,0,0,0,0,0,0,81000,0,0,0,90000,9000,81000,81000
065351,中租統一02購02  ,0,0,0,0,0,0,0,0,0,81000,0,0,0,114000,33000,81000,81000
065420,中租國票01購01  ,0,0,0,0,0,0,0,0,0,81000,0,0,0,176000,95000,81000,81000
066118,台郡兆豐01購01  ,0,0,0,0,0,0,0,0,0,81000,0,0,0,121000,40000,81000,81000
066370,帆宣中信01購01  ,0,0,0,0,0,0,0,0,0,81000,0,0,0,84000,3000,81000,81000
6197,佳必琪          ,460000,382000,78000,0,0,0,0,0,0,3000,3000,0,3000,0,0,0,81000
08425P,世紀鋼元富9C售03,0,0,0,0,0,0,0,0,0,80000,0,0,0,260000,180000,80000,80000
08478P,臺股指凱基9C售16,0,0,0,0,0,0,0,0,0,80000,0,0,0,280000,200000,80000,80000
068353,台積電凱基01購23,0,0,0,0,0,0,0,0,0,80000,0,0,0,119000,39000,80000,80000
068221,聯發科統一05購01,0,0,0,0,0,0,0,0,0,80000,0,0,0,100000,20000,80000,80000
058479,亞光凱基9A購01  ,0,0,0,0,0,0,0,0,0,80000,0,0,0,80000,0,80000,80000
064252,嘉澤元富9C購01  ,0,0,0,0,0,0,0,0,0,80000,0,0,0,80000,0,80000,80000
056144,GIS元大98購01   ,0,0,0,0,0,0,0,0,0,80000,0,0,0,80000,0,80000,80000
03369P,景碩中信02售01  ,0,0,0,0,0,0,0,0,0,80000,0,0,0,218000,138000,80000,80000
064300,英業達兆豐9C購01,0,0,0,0,0,0,0,0,0,80000,0,0,0,133000,53000,80000,80000
065038,上銀凱基9C購02  ,0,0,0,0,0,0,0,0,0,80000,0,0,0,100000,20000,80000,80000
064749,巨大國票01購01  ,0,0,0,0,0,0,0,0,0,80000,0,0,0,80000,0,80000,80000
067942,瑞儀凱基02購01  ,0,0,0,0,0,0,0,0,0,80000,0,0,0,202000,122000,80000,80000
067546,世紀鋼群益01購05,0,0,0,0,0,0,0,0,0,80000,0,0,0,80000,0,80000,80000
066888,長榮航中信07購01,0,0,0,0,0,0,0,0,0,80000,0,0,0,80000,0,80000,80000
08702P,南電康和01售01  ,0,0,0,0,0,0,0,0,0,80000,0,0,0,80000,0,80000,80000
068506,GIS元大01購07   ,0,0,0,0,0,0,0,0,0,79000,0,0,0,225000,146000,79000,79000
069341,國產群益04購01  ,0,0,0,0,0,0,0,0,0,79000,0,0,0,100000,21000,79000,79000
069023,台積電國票03購07,0,0,0,0,0,0,0,0,0,79000,0,0,0,80000,1000,79000,79000
03452P,健策元大02售08  ,0,0,0,0,0,0,0,0,0,79000,0,0,0,100000,21000,79000,79000
03027P,玉晶光元大01售09,0,0,0,0,0,0,0,0,0,79000,0,0,0,126000,47000,79000,79000
062016,美食永豐9B購01  ,0,0,0,0,0,0,0,0,0,79000,0,0,0,332000,253000,79000,79000
064473,技嘉麥證9C購01  ,0,0,0,216000,134000,82000,0,0,0,79000,0,0,0,216000,137000,79000,79000
063778,亞德客永豐9B購02,0,0,0,0,0,0,0,0,0,79000,0,0,0,79000,0,79000,79000
062957,鴻海麥證9C購01  ,0,0,0,79000,0,79000,0,0,0,79000,0,0,0,79000,0,79000,79000
065485,巨大元大9C購02  ,0,0,0,0,0,0,0,0,0,79000,0,0,0,167000,88000,79000,79000
08840P,臺股指麥證01售07,0,0,0,292000,213000,79000,0,0,0,79000,0,0,0,292000,213000,79000,79000
1528,恩德            ,119000,40000,79000,0,0,0,0,0,0,0,0,0,0,0,0,0,79000
4526,東台            ,119000,36000,83000,0,0,0,0,0,0,-4000,0,4000,-4000,0,0,0,79000
068999,力山兆豐03購01  ,0,0,0,0,0,0,0,0,0,78000,0,0,0,220000,142000,78000,78000
069157,金像電元大02購04,0,0,0,0,0,0,0,0,0,78000,0,0,0,406000,328000,78000,78000
068348,上銀凱基01購02  ,0,0,0,0,0,0,0,0,0,78000,0,0,0,150000,72000,78000,78000
03320P,台達電凱基02售02,0,0,0,0,0,0,0,0,0,78000,0,0,0,78000,0,78000,78000
058693,旭富國票9A購01  ,0,0,0,0,0,0,0,0,0,78000,0,0,0,78000,0,78000,78000
058434,旺宏統一9B購01  ,0,0,0,0,0,0,0,0,0,78000,0,0,0,90000,12000,78000,78000
063972,緯創國票9C購01  ,0,0,0,0,0,0,0,0,0,78000,0,0,0,90000,12000,78000,78000
065699,南亞科群益9C購02,0,0,0,0,0,0,0,0,0,78000,0,0,0,80000,2000,78000,78000
065864,光寶科群益9C購01,0,0,0,0,0,0,0,0,0,78000,0,0,0,139000,61000,78000,78000
068023,聚陽元富07購01  ,0,0,0,0,0,0,0,0,0,78000,0,0,0,78000,0,78000,78000
08978P,臺股指群益01售12,0,0,0,0,0,0,0,0,0,78000,0,0,0,138000,60000,78000,78000
068380,欣興永豐01購05  ,0,0,0,0,0,0,0,0,0,77000,0,0,0,77000,0,77000,77000
07294P,滬深2X元富9C售08,0,0,0,0,0,0,0,0,0,77000,0,0,0,81000,4000,77000,77000
060660,國巨凱基9B購04  ,0,0,0,0,0,0,0,0,0,77000,0,0,0,78000,1000,77000,77000
03210P,美食國票03售01  ,0,0,0,0,0,0,0,0,0,77000,0,0,0,147000,70000,77000,77000
067499,帆宣元大01購04  ,0,0,0,0,0,0,0,0,0,77000,0,0,0,92000,15000,77000,77000
066877,奇鋐富邦03購01  ,0,0,0,0,0,0,0,0,0,77000,0,0,0,122000,45000,77000,77000
067037,美利達康和01購02,0,0,0,0,0,0,0,0,0,77000,0,0,0,160000,83000,77000,77000
069536,緯穎群益02購02  ,0,0,0,0,0,0,0,0,0,76000,0,0,0,100000,24000,76000,76000
069660,世紀鋼凱基03購03,0,0,0,0,0,0,0,0,0,76000,0,0,0,170000,94000,76000,76000
08597P,聯發科元大9C售18,0,10000,-10000,0,0,0,0,0,0,86000,0,0,0,164000,78000,86000,76000
069298,欣興中信04購01  ,0,0,0,0,0,0,0,0,0,76000,0,0,0,467000,391000,76000,76000
061027,儒鴻永豐9A購02  ,0,0,0,0,0,0,0,0,0,76000,0,0,0,92000,16000,76000,76000
064393,友訊永豐9C購01  ,0,0,0,0,0,0,0,0,0,76000,0,0,0,158000,82000,76000,76000
064220,力山國票01購01  ,0,0,0,0,0,0,0,0,0,76000,0,0,0,131000,55000,76000,76000
065803,大立光群益01購03,0,0,0,0,0,0,0,0,0,76000,0,0,0,276000,200000,76000,76000
065814,健策統一9C購08  ,0,0,0,0,0,0,0,0,0,76000,0,0,0,138000,62000,76000,76000
066003,台表科國票02購02,0,0,0,0,0,0,0,0,0,76000,0,0,0,76000,0,76000,76000
065678,聯發科統一01購07,0,0,0,0,0,0,0,0,0,76000,0,0,0,76000,0,76000,76000
065456,義隆元富9C購03  ,0,0,0,0,0,0,0,0,0,76000,0,0,0,84000,8000,76000,76000
066074,文曄凱基01購01  ,0,0,0,0,0,0,0,0,0,76000,0,0,0,126000,50000,76000,76000
066227,惠特國泰03購02  ,0,0,0,0,0,0,0,0,0,76000,0,0,0,104000,28000,76000,76000
6573,虹揚-KY         ,111000,33000,78000,0,0,0,0,0,0,-2000,1000,3000,-2000,0,0,0,76000
068870,美利達中信03購01,0,0,0,0,0,0,0,0,0,75000,0,0,0,123000,48000,75000,75000
069699,華碩元富02購01  ,0,0,0,0,0,0,0,0,0,75000,0,0,0,165000,90000,75000,75000
061439,寶成凱基9A購01  ,0,0,0,0,0,0,0,0,0,75000,0,0,0,78000,3000,75000,75000
061958,鴻海統一01購01  ,0,0,0,0,0,0,0,0,0,75000,0,0,0,410000,335000,75000,75000
065063,玉晶光群益02購04,0,0,0,0,0,0,0,0,0,75000,0,0,0,76000,1000,75000,75000
061244,和碩兆豐9A購01  ,0,0,0,0,0,0,0,0,0,75000,0,0,0,137000,62000,75000,75000
064157,健鼎統一01購02  ,0,0,0,0,0,0,0,0,0,75000,0,0,0,75000,0,75000,75000
063891,國巨群益9C購07  ,0,0,0,0,0,0,0,0,0,75000,0,0,0,108000,33000,75000,75000
063899,同欣電群益9C購01,0,0,0,0,0,0,0,0,0,75000,0,0,0,83000,8000,75000,75000
066250,大成鋼元大01購01,0,0,0,0,0,0,0,0,0,75000,0,0,0,105000,30000,75000,75000
065636,台表科國票01購03,0,0,0,0,0,0,0,0,0,75000,0,0,0,85000,10000,75000,75000
067214,聯陽元大01購02  ,0,0,0,0,0,0,0,0,0,75000,0,0,0,135000,60000,75000,75000
067475,微星元大01購05  ,0,0,0,0,0,0,0,0,0,75000,0,0,0,233000,158000,75000,75000
07142P,台灣50元大01售01,0,0,0,0,0,0,0,0,0,74000,0,0,0,75000,1000,74000,74000
069790,台積電凱基04購02,0,0,0,0,0,0,0,0,0,74000,0,0,0,100000,26000,74000,74000
08565P,聯發科群益9C售12,0,0,0,0,0,0,0,0,0,74000,0,0,0,164000,90000,74000,74000
03448P,台積電元大02售30,0,0,0,0,0,0,0,0,0,74000,0,0,0,858000,784000,74000,74000
064683,台表科兆豐9C購02,0,0,0,0,0,0,0,0,0,74000,0,0,0,74000,0,74000,74000
064328,華通元大9C購04  ,0,0,0,0,0,0,0,0,0,74000,0,0,0,100000,26000,74000,74000
065228,南亞科凱基01購03,0,0,0,0,0,0,0,0,0,74000,0,0,0,75000,1000,74000,74000
064222,玉山金國票01購01,0,0,0,0,0,0,0,0,0,74000,0,0,0,74000,0,74000,74000
067706,台積電元富07購07,0,0,0,0,0,0,0,0,0,74000,0,0,0,100000,26000,74000,74000
067218,鎧勝元大01購04  ,0,0,0,0,0,0,0,0,0,74000,0,0,0,272000,198000,74000,74000
067324,巨大元大01購04  ,0,0,0,0,0,0,0,0,0,74000,0,0,0,176000,102000,74000,74000
066450,松翰群益01購01  ,0,0,0,0,0,0,0,0,0,74000,0,0,0,74000,0,74000,74000
069794,微星凱基04購01  ,0,0,0,0,0,0,0,0,0,73000,0,0,0,78000,5000,73000,73000
068938,美利達永豐02購01,0,0,0,0,0,0,0,0,0,73000,0,0,0,80000,7000,73000,73000
03415P,臺股指元大03售07,0,0,0,0,0,0,0,0,0,73000,0,0,0,76000,3000,73000,73000
03054P,宏碁中信03售02  ,0,0,0,0,0,0,0,0,0,73000,0,0,0,99000,26000,73000,73000
059242,南亞科凱基99購06,0,0,0,0,0,0,0,0,0,73000,0,0,0,80000,7000,73000,73000
064106,國巨兆豐9C購04  ,0,0,0,0,0,0,0,0,0,73000,0,0,0,123000,50000,73000,73000
064973,智邦元大9C購06  ,0,0,0,0,0,0,0,0,0,73000,0,0,0,147000,74000,73000,73000
066671,TPK凱基02購02   ,0,0,0,0,0,0,0,0,0,73000,0,0,0,132000,59000,73000,73000
066577,巨大元大01購02  ,0,0,0,0,0,0,0,0,0,73000,0,0,0,100000,27000,73000,73000
066351,關貿永豐01購01  ,0,0,0,0,0,0,0,0,0,73000,0,0,0,73000,0,73000,73000
065850,緯創元大9C購06  ,0,0,0,0,0,0,0,0,0,73000,0,0,0,113000,40000,73000,73000
067344,鎧勝凱基02購01  ,0,0,0,0,0,0,0,0,0,73000,0,0,0,73000,0,73000,73000
066948,聯發科元大01購16,0,0,0,0,0,0,0,0,0,73000,0,0,0,430000,357000,73000,73000
068087,臺股指凱基04購04,0,0,0,0,0,0,0,0,0,73000,0,0,0,261000,188000,73000,73000
067817,玉晶光凱基02購01,0,0,0,0,0,0,0,0,0,73000,0,0,0,73000,0,73000,73000
08969P,臺股指元大01售12,0,0,0,0,0,0,0,0,0,73000,0,0,0,83000,10000,73000,73000
08813P,聯發科群益01售02,0,0,0,0,0,0,0,0,0,73000,0,0,0,73000,0,73000,73000
08780P,聯發科群益02售06,0,0,0,0,0,0,0,0,0,73000,0,0,0,83000,10000,73000,73000
069226,聯陽群益02購01  ,0,0,0,0,0,0,0,0,0,72000,0,0,0,72000,0,72000,72000
08535P,和大國票01售02  ,0,0,0,0,0,0,0,0,0,72000,0,0,0,75000,3000,72000,72000
061577,泰碩元大9A購03  ,0,0,0,0,0,0,0,0,0,72000,0,0,0,75000,3000,72000,72000
063372,漢翔永豐9B購01  ,0,0,0,0,0,0,0,0,0,72000,0,0,0,149000,77000,72000,72000
060906,旺宏元大9A購07  ,0,0,0,0,0,0,0,0,0,72000,0,0,0,72000,0,72000,72000
03303P,義隆元富02售01  ,0,0,0,0,0,0,0,0,0,72000,0,0,0,232000,160000,72000,72000
03006P,華通永豐01售01  ,0,0,0,0,0,0,0,0,0,72000,0,0,0,100000,28000,72000,72000
060987,華新科元大9A購11,0,0,0,0,0,0,0,0,0,72000,0,0,0,150000,78000,72000,72000
058934,台灣50中信03購03,0,0,0,0,0,0,0,0,0,72000,0,0,0,72000,0,72000,72000
066810,瀚宇博凱基02購01,0,0,0,0,0,0,0,0,0,72000,0,0,0,108000,36000,72000,72000
08733P,臺股指麥證01售05,0,0,0,72000,0,72000,0,0,0,72000,0,0,0,72000,0,72000,72000
068879,TPK凱基02購03   ,0,0,0,0,0,0,0,0,0,71000,0,0,0,105000,34000,71000,71000
068213,台塑化凱基01購01,0,0,0,0,0,0,0,0,0,71000,0,0,0,71000,0,71000,71000
03151P,聯發科群益01售14,0,0,0,0,0,0,0,0,0,71000,0,0,0,71000,0,71000,71000
062219,燿華統一9B購01  ,0,0,0,0,0,0,0,0,0,71000,0,0,0,71000,0,71000,71000
063194,華新科台新9B購01,0,0,0,0,0,0,0,0,0,71000,0,0,0,72000,1000,71000,71000
067831,聯電統一03購01  ,0,0,0,0,0,0,0,0,0,71000,0,0,0,122000,51000,71000,71000
065877,TPK群益9C購05   ,0,0,0,0,0,0,0,0,0,71000,0,0,0,102000,31000,71000,71000
1220,台榮            ,85000,14000,71000,0,0,0,0,0,0,0,0,0,0,0,0,0,71000
2727,王品            ,95000,22000,73000,0,0,0,0,0,0,-2000,0,2000,-2000,0,0,0,71000
9940,信義            ,100000,50000,50000,0,0,0,0,0,0,21000,21000,0,21000,0,0,0,71000
069304,台達電凱基02購03,0,0,0,0,0,0,0,0,0,70000,0,0,0,70000,0,70000,70000
08373P,大立光凱基01售05,0,0,0,0,0,0,0,0,0,70000,0,0,0,70000,0,70000,70000
08067P,大立光凱基9B售08,0,0,0,0,0,0,0,0,0,70000,0,0,0,70000,0,70000,70000
069479,道瓊銀元大03購06,0,0,0,0,0,0,0,0,0,70000,0,0,0,211000,141000,70000,70000
057000,亞德客國票99購01,0,0,0,0,0,0,0,0,0,70000,0,0,0,70000,0,70000,70000
057393,台積電中信02購01,0,0,0,0,0,0,0,0,0,70000,0,0,0,70000,0,70000,70000
059778,上証2X元大9C購03,0,0,0,0,0,0,0,0,0,70000,0,0,0,70000,0,70000,70000
05953P,台積電國票98售02,0,0,0,0,0,0,0,0,0,70000,0,0,0,70000,0,70000,70000
057674,台郡元大99購03  ,0,0,0,0,0,0,0,0,0,70000,0,0,0,70000,0,70000,70000
059291,華新科元富9B購01,0,0,0,0,0,0,0,0,0,70000,0,0,0,100000,30000,70000,70000
061361,世紀鋼兆豐9A購01,0,0,0,0,0,0,0,0,0,70000,0,0,0,70000,0,70000,70000
064290,GIS元大9C購04   ,0,0,0,0,0,0,0,0,0,70000,0,0,0,138000,68000,70000,70000
062081,華新科元大9B購06,0,0,0,0,0,0,0,0,0,70000,0,0,0,102000,32000,70000,70000
062140,元金2X國票9B購03,0,0,0,0,0,0,0,0,0,70000,0,0,0,115000,45000,70000,70000
062828,聯詠群益9B購02  ,0,0,0,0,0,0,0,0,0,70000,0,0,0,70000,0,70000,70000
064448,裕隆統一02購01  ,0,0,0,0,0,0,0,0,0,70000,0,0,0,179000,109000,70000,70000
062026,華邦電群益9B購01,0,0,0,0,0,0,0,0,0,70000,0,0,0,70000,0,70000,70000
062755,茂林麥證9B購01  ,0,0,0,130000,60000,70000,0,0,0,70000,0,0,0,130000,60000,70000,70000
064846,旺宏元富03購01  ,0,0,0,0,0,0,0,0,0,70000,0,0,0,70000,0,70000,70000
065338,旺宏統一01購07  ,0,0,0,0,0,0,0,0,0,70000,0,0,0,70000,0,70000,70000
066522,建準中信01購01  ,0,0,0,0,0,0,0,0,0,70000,0,0,0,90000,20000,70000,70000
068063,大立光兆豐01購02,0,0,0,0,0,0,0,0,0,70000,0,0,0,70000,0,70000,70000
067711,緯穎元富05購01  ,0,0,0,0,0,0,0,0,0,70000,0,0,0,204000,134000,70000,70000
067643,台郡統一03購01  ,0,0,0,0,0,0,0,0,0,70000,0,0,0,100000,30000,70000,70000
066963,T50反1元富07購03,0,0,0,0,0,0,0,0,0,70000,0,0,0,160000,90000,70000,70000
066993,世紀鋼群益01購03,0,0,0,0,0,0,0,0,0,70000,0,0,0,70000,0,70000,70000
08883P,台積電國票02售02,0,0,0,0,0,0,0,0,0,70000,0,0,0,510000,440000,70000,70000
2015,豐興            ,175000,89000,86000,0,0,0,0,0,0,-16000,0,16000,-16000,0,0,0,70000
2851,中再保          ,172358,88000,84358,0,0,0,0,0,0,-15000,0,15000,-15000,0,0,0,69358
069686,景碩元大02購04  ,0,0,0,0,0,0,0,0,0,69000,0,0,0,185000,116000,69000,69000
069771,南亞科元大02購01,0,0,0,0,0,0,0,0,0,69000,0,0,0,213000,144000,69000,69000
059722,南亞科元大99購02,0,0,0,0,0,0,0,0,0,69000,0,0,0,79000,10000,69000,69000
063402,GIS群益9B購02   ,0,0,0,0,0,0,0,0,0,69000,0,0,0,157000,88000,69000,69000
051847,香港反中信99購01,0,0,0,0,0,0,0,0,0,69000,0,0,0,69000,0,69000,69000
03342P,台郡國票04售01  ,0,0,0,0,0,0,0,0,0,69000,0,0,0,120000,51000,69000,69000
03181P,台灣50元大01售40,0,0,0,0,0,0,0,0,0,69000,0,0,0,108000,39000,69000,69000
064662,鴻海元大9C購10  ,0,0,0,0,0,0,0,0,0,69000,0,0,0,77000,8000,69000,69000
061506,瑞祺國票9A購02  ,0,0,0,0,0,0,0,0,0,69000,0,0,0,69000,0,69000,69000
063057,祥碩統一03購01  ,0,20000,-20000,0,0,0,0,0,0,89000,0,0,0,1270000,1181000,89000,69000
065331,亞德客國票01購01,0,0,0,0,0,0,0,0,0,69000,0,0,0,69000,0,69000,69000
2908,特力            ,87000,14000,73000,0,0,0,0,0,0,-4000,0,4000,-4000,0,0,0,69000
6214,精誠            ,314000,244000,70000,0,0,0,0,0,0,-1000,15000,16000,-1000,0,0,0,69000
069516,景碩凱基02購03  ,0,0,0,0,0,0,0,0,0,68000,0,0,0,72000,4000,68000,68000
08187P,大毅群益9B售04  ,0,0,0,0,0,0,0,0,0,68000,0,0,0,200000,132000,68000,68000
069260,申豐凱基02購02  ,0,0,0,0,0,0,0,0,0,68000,0,0,0,110000,42000,68000,68000
068572,帆宣元大01購07  ,0,0,0,0,0,0,0,0,0,68000,0,0,0,68000,0,68000,68000
054421,臺股指元大99購03,0,0,0,0,0,0,0,0,0,68000,0,0,0,100000,32000,68000,68000
064583,光寶科永豐9C購01,0,0,0,0,0,0,0,0,0,68000,0,0,0,68000,0,68000,68000
063781,健策永豐9B購08  ,0,0,0,0,0,0,0,0,0,68000,0,0,0,86000,18000,68000,68000
065339,旺宏統一01購08  ,0,0,0,0,0,0,0,0,0,68000,0,0,0,68000,0,68000,68000
065604,聯發科元大9C購17,0,0,0,0,0,0,0,0,0,68000,0,0,0,86000,18000,68000,68000
066341,永信永豐01購01  ,0,0,0,0,0,0,0,0,0,68000,0,0,0,68000,0,68000,68000
067329,巨大康和01購02  ,0,0,0,0,0,0,0,0,0,68000,0,0,0,68000,0,68000,68000
067135,聯詠永豐01購02  ,0,0,0,0,0,0,0,0,0,68000,0,0,0,68000,0,68000,68000
067827,富邦金兆豐03購01,0,0,0,0,0,0,0,0,0,68000,0,0,0,628000,560000,68000,68000
4144,康聯-KY         ,88000,12000,76000,0,0,0,0,0,0,-8000,0,8000,-8000,0,0,0,68000
069236,玉晶光康和08購01,0,0,0,0,0,0,0,0,0,67000,0,0,0,82000,15000,67000,67000
08367P,臺股指凱基9C售11,0,0,0,0,0,0,0,0,0,67000,0,0,0,67000,0,67000,67000
063347,祥碩統一01購03  ,0,0,0,0,0,0,0,0,0,67000,0,0,0,67000,0,67000,67000
062615,亞德客元大9B購02,0,0,0,0,0,0,0,0,0,67000,0,0,0,86000,19000,67000,67000
063153,南六元富9B購01  ,0,0,0,0,0,0,0,0,0,67000,0,0,0,67000,0,67000,67000
065095,玉晶光元大02購02,0,0,0,0,0,0,0,0,0,67000,0,0,0,206000,139000,67000,67000
067975,茂林群益04購01  ,0,0,0,0,0,0,0,0,0,67000,0,0,0,151000,84000,67000,67000
067477,億光元大01購01  ,0,0,0,0,0,0,0,0,0,67000,0,0,0,130000,63000,67000,67000
065566,裕隆群益9C購02  ,0,0,0,0,0,0,0,0,0,67000,0,0,0,188000,121000,67000,67000
065470,聚陽元大01購01  ,0,0,0,0,0,0,0,0,0,67000,0,0,0,68000,1000,67000,67000
065430,可成凱基02購03  ,0,0,0,0,0,0,0,0,0,67000,0,0,0,70000,3000,67000,67000
07076P,鴻海凱基9A售08  ,0,0,0,0,0,0,0,0,0,66000,0,0,0,66000,0,66000,66000
058625,旺宏國票9A購01  ,0,0,0,0,0,0,0,0,0,66000,0,0,0,87000,21000,66000,66000
061198,世紀鋼永豐9A購03,0,0,0,0,0,0,0,0,0,66000,0,0,0,66000,0,66000,66000
03321P,智邦凱基03售01  ,0,0,0,0,0,0,0,0,0,66000,0,0,0,207000,141000,66000,66000
063159,嘉澤國泰01購01  ,0,0,0,0,0,0,0,0,0,66000,0,0,0,66000,0,66000,66000
063688,建準永豐9B購03  ,67000,0,67000,0,0,0,0,0,0,-1000,0,0,0,498000,499000,-1000,66000
062628,廣達國票9B購01  ,0,0,0,0,0,0,0,0,0,66000,0,0,0,136000,70000,66000,66000
067656,新日興元富07購01,0,0,0,0,0,0,0,0,0,66000,0,0,0,100000,34000,66000,66000
067756,奇鋐國泰03購01  ,0,0,0,0,0,0,0,0,0,66000,0,0,0,87000,21000,66000,66000
067890,華新科群益01購06,0,0,0,0,0,0,0,0,0,66000,0,0,0,308000,242000,66000,66000
067291,可成兆豐01購01  ,0,0,0,0,0,0,0,0,0,66000,0,0,0,86000,20000,66000,66000
2375,凱美            ,405000,336000,69000,0,0,0,0,0,0,-3000,0,0,0,0,3000,-3000,66000
07864P,可成元大9B售01  ,0,0,0,0,0,0,0,0,0,65000,0,0,0,65000,0,65000,65000
068498,玉晶光元大01購16,0,0,0,0,0,0,0,0,0,65000,0,0,0,176000,111000,65000,65000
056263,友訊統一99購01  ,0,0,0,0,0,0,0,0,0,65000,0,0,0,100000,35000,65000,65000
055245,凱美統一99購01  ,0,0,0,0,0,0,0,0,0,65000,0,0,0,65000,0,65000,65000
060630,國巨富邦9C購03  ,0,0,0,0,0,0,0,0,0,65000,0,0,0,80000,15000,65000,65000
064560,技嘉群益01購01  ,0,0,0,0,0,0,0,0,0,65000,0,0,0,65000,0,65000,65000
065270,TPK元大01購01   ,0,0,0,0,0,0,0,0,0,65000,0,0,0,118000,53000,65000,65000
065017,和大富邦03購01  ,0,0,0,0,0,0,0,0,0,65000,0,0,0,125000,60000,65000,65000
062263,康控元大9B購03  ,0,0,0,0,0,0,0,0,0,65000,0,0,0,65000,0,65000,65000
066788,聯發科麥證01購07,0,0,0,65000,0,65000,0,0,0,65000,0,0,0,65000,0,65000,65000
066117,茂林兆豐02購01  ,0,0,0,0,0,0,0,0,0,65000,0,0,0,939000,874000,65000,65000
4137,麗豐-KY         ,108000,43000,65000,0,0,0,0,0,0,0,0,0,0,3000,3000,0,65000
068223,京鼎統一03購02  ,0,0,0,0,0,0,0,0,0,64000,0,0,0,75000,11000,64000,64000
069152,台灣50元大02購10,0,0,0,0,0,0,0,0,0,64000,0,0,0,65000,1000,64000,64000
08411P,技嘉凱基9C售01  ,0,0,0,0,0,0,0,0,0,64000,0,0,0,64000,0,64000,64000
058911,茂林元大99購04  ,0,0,0,0,0,0,0,0,0,64000,0,0,0,100000,36000,64000,64000
03686C,臺股指元大04牛05,0,0,0,0,0,0,0,0,0,64000,0,0,0,100000,36000,64000,64000
03152P,聯發科群益01售15,0,0,0,0,0,0,0,0,0,64000,0,0,0,64000,0,64000,64000
03063P,臺股指凱基04售03,0,0,0,0,0,0,0,0,0,64000,0,0,0,399000,335000,64000,64000
062019,嘉澤永豐9B購01  ,0,0,0,0,0,0,0,0,0,64000,0,0,0,64000,0,64000,64000
065112,台表科國票02購01,0,0,0,0,0,0,0,0,0,64000,0,0,0,64000,0,64000,64000
064811,華擎元大01購01  ,0,0,0,0,0,0,0,0,0,64000,0,0,0,115000,51000,64000,64000
064408,TPK凱基02購01   ,0,0,0,0,0,0,0,0,0,64000,0,0,0,86000,22000,64000,64000
067509,京鼎統一01購01  ,0,0,0,0,0,0,0,0,0,64000,0,0,0,65000,1000,64000,64000
069772,中工元大04購01  ,0,0,0,0,0,0,0,0,0,63000,0,0,0,374000,311000,63000,63000
069472,南六國票03購01  ,0,0,0,0,0,0,0,0,0,63000,0,0,0,63000,0,63000,63000
069520,中租凱基03購01  ,0,0,0,0,0,0,0,0,0,63000,0,0,0,143000,80000,63000,63000
03089P,華擎元大01售07  ,0,0,0,0,0,0,0,0,0,63000,0,0,0,181000,118000,63000,63000
059259,FBVIX中信03購06 ,0,0,0,0,0,0,0,0,0,63000,0,0,0,72000,9000,63000,63000
060885,世紀鋼中信9A購01,0,0,0,0,0,0,0,0,0,63000,0,0,0,222000,159000,63000,63000
061948,美食群益9B購01  ,0,0,0,0,0,0,0,0,0,63000,0,0,0,100000,37000,63000,63000
062161,南六凱基9C購01  ,0,0,0,0,0,0,0,0,0,63000,0,0,0,63000,0,63000,63000
066444,華擎群益01購03  ,0,0,0,0,0,0,0,0,0,63000,0,0,0,63000,0,63000,63000
066689,技嘉台新01購01  ,0,0,0,0,0,0,0,0,0,63000,0,0,0,64000,1000,63000,63000
065613,GIS元大9C購08   ,0,0,0,0,0,0,0,0,0,63000,0,0,0,96000,33000,63000,63000
065931,瑞祺國票02購01  ,0,0,0,0,0,0,0,0,0,63000,0,0,0,78000,15000,63000,63000
5288,豐祥-KY         ,242000,279000,-37000,0,0,0,20000,0,20000,80000,100000,20000,80000,0,0,0,63000
069563,百和康和02購01  ,0,0,0,0,0,0,0,0,0,62000,0,0,0,159000,97000,62000,62000
069762,啟碁兆豐03購01  ,0,0,0,0,0,0,0,0,0,62000,0,0,0,62000,0,62000,62000
069671,聯電元大02購18  ,0,0,0,0,0,0,0,0,0,62000,0,0,0,62000,0,62000,62000
08434P,臺股指凱基03售02,0,0,0,0,0,0,0,0,0,62000,0,0,0,361000,299000,62000,62000
08622P,緯創群益9C售03  ,0,0,0,0,0,0,0,0,0,62000,0,0,0,62000,0,62000,62000
069362,奇鋐永豐02購03  ,0,0,0,0,0,0,0,0,0,62000,0,0,0,410000,348000,62000,62000
068286,聯電群益03購02  ,0,0,0,0,0,0,0,0,0,62000,0,0,0,92000,30000,62000,62000
068505,GIS元大01購06   ,0,0,0,0,0,0,0,0,0,62000,0,0,0,73000,11000,62000,62000
058293,光寶科凱基9A購01,0,0,0,0,0,0,0,0,0,62000,0,0,0,66000,4000,62000,62000
056330,玉晶光國票99購03,0,0,0,0,0,0,0,0,0,62000,0,0,0,83000,21000,62000,62000
03458P,玉晶光凱基03售08,0,0,0,0,0,0,0,0,0,62000,0,0,0,142000,80000,62000,62000
063176,南亞科兆豐9B購01,0,0,0,0,0,0,0,0,0,62000,0,0,0,67000,5000,62000,62000
065448,緯創統一9C購01  ,0,0,0,0,0,0,0,0,0,62000,0,0,0,96000,34000,62000,62000
066493,美利達元富01購01,0,0,0,0,0,0,0,0,0,62000,0,0,0,62000,0,62000,62000
08950P,臺股指國票01售07,0,0,0,0,0,0,0,0,0,62000,0,0,0,62000,0,62000,62000
07790P,台灣50元大9A售19,0,0,0,0,0,0,0,0,0,61000,0,0,0,61000,0,61000,61000
069780,樺漢元大02購01  ,0,0,0,0,0,0,0,0,0,61000,0,0,0,61000,0,61000,61000
051266,國巨富邦99購01  ,0,0,0,0,0,0,0,0,0,61000,0,0,0,61000,0,61000,61000
058202,鴻海凱基9A購04  ,0,0,0,0,0,0,0,0,0,61000,0,0,0,61000,0,61000,61000
060489,世紀鋼群益9A購01,0,0,0,0,0,0,0,0,0,61000,0,0,0,211000,150000,61000,61000
060194,旭富元富9A購01  ,0,0,0,0,0,0,0,0,0,61000,0,0,0,61000,0,61000,61000
062678,華通統一9C購04  ,0,0,0,0,0,0,0,0,0,61000,0,0,0,91000,30000,61000,61000
064134,瑞祺元大9C購02  ,0,0,0,0,0,0,0,0,0,61000,0,0,0,63000,2000,61000,61000
061454,國巨凱基9A購16  ,0,0,0,0,0,0,0,0,0,61000,0,0,0,81000,20000,61000,61000
068084,南電凱基02購03  ,0,0,0,0,0,0,0,0,0,61000,0,0,0,320000,259000,61000,61000
066990,啟碁群益01購01  ,0,0,0,0,0,0,0,0,0,61000,0,0,0,113000,52000,61000,61000
066917,美利達凱基01購02,0,0,0,0,0,0,0,0,0,61000,0,0,0,63000,2000,61000,61000
067130,泰豐永豐01購02  ,0,0,0,0,0,0,0,0,0,61000,0,0,0,61000,0,61000,61000
067224,致新元大01購03  ,0,0,0,0,0,0,0,0,0,61000,0,0,0,106000,45000,61000,61000
1526,日馳            ,614000,548000,66000,0,0,0,0,0,0,-5000,0,5000,-5000,0,0,0,61000
9933,中鼎            ,667000,599000,68000,0,0,0,0,0,0,-7000,0,7000,-7000,17000,17000,0,61000
07633P,台灣50元大9A售18,0,0,0,0,0,0,0,0,0,60000,0,0,0,60000,0,60000,60000
069551,欣興元大02購12  ,0,0,0,0,0,0,0,0,0,60000,0,0,0,422000,362000,60000,60000
07880P,可成群益9B售05  ,0,0,0,0,0,0,0,0,0,60000,0,0,0,67000,7000,60000,60000
07954P,台表科元大9B售02,0,0,0,0,0,0,0,0,0,60000,0,0,0,180000,120000,60000,60000
08191P,鴻海台新9B售03  ,0,0,0,0,0,0,0,0,0,60000,0,0,0,235000,175000,60000,60000
08559P,瑞昱國票9C售01  ,0,0,0,0,0,0,0,0,0,60000,0,0,0,70000,10000,60000,60000
08413P,臻鼎凱基9C售03  ,0,0,0,0,0,0,0,0,0,60000,0,0,0,60000,0,60000,60000
08202P,台表科國泰01售04,0,0,0,0,0,0,0,0,0,60000,0,0,0,60000,0,60000,60000
08278P,玉晶光元富9C售02,0,0,0,0,0,0,0,0,0,60000,0,0,0,60000,0,60000,60000
068689,亞德客凱基02購01,0,0,0,0,0,0,0,0,0,60000,0,0,0,65000,5000,60000,60000
068628,台表科群益02購01,0,0,0,0,0,0,0,0,0,60000,0,0,0,60000,0,60000,60000
068350,鴻海凱基03購05  ,0,0,0,0,0,0,0,0,0,60000,0,0,0,60000,0,60000,60000
060032,利勤永豐99購01  ,0,0,0,0,0,0,0,0,0,60000,0,0,0,60000,0,60000,60000
060817,華邦電台新9A購01,0,0,0,0,0,0,0,0,0,60000,0,0,0,60000,0,60000,60000
06054P,臺股指中信9A售01,0,0,0,0,0,0,0,0,0,60000,0,0,0,254000,194000,60000,60000
058294,華新科凱基9A購01,0,0,0,0,0,0,0,0,0,60000,0,0,0,60000,0,60000,60000
055623,貿聯國泰99購01  ,0,0,0,0,0,0,0,0,0,60000,0,0,0,70000,10000,60000,60000
054892,彩晶統一99購01  ,0,0,0,0,0,0,0,0,0,60000,0,0,0,80000,20000,60000,60000
056346,聯茂凱基99購02  ,0,0,0,0,0,0,0,0,0,60000,0,0,0,60000,0,60000,60000
056869,國巨日盛99購03  ,0,0,0,0,0,0,0,0,0,60000,0,0,0,60000,0,60000,60000
056725,鴻海國票99購03  ,0,0,0,0,0,0,0,0,0,60000,0,0,0,60000,0,60000,60000
02001R,富邦蘋果反一N   ,0,0,0,0,0,0,0,0,0,60000,0,0,0,60000,0,60000,60000
064508,力成元大9C購03  ,0,0,0,0,0,0,0,0,0,60000,0,0,0,132000,72000,60000,60000
062005,旺宏國泰01購01  ,0,0,0,0,0,0,0,0,0,60000,0,0,0,60000,0,60000,60000
061918,上銀凱基9B購02  ,0,0,0,0,0,0,0,0,0,60000,0,0,0,60000,0,60000,60000
064990,世紀鋼元大01購01,0,0,0,0,0,0,0,0,0,60000,0,0,0,60000,0,60000,60000
063955,TPK元大9C購01   ,0,0,0,0,0,0,0,0,0,60000,0,0,0,62000,2000,60000,60000
062568,緯穎中信9C購01  ,0,0,0,0,0,0,0,0,0,60000,0,0,0,60000,0,60000,60000
063860,旺宏國泰02購01  ,0,0,0,0,0,0,0,0,0,60000,0,0,0,60000,0,60000,60000
067190,智伸科凱基02購01,0,0,0,0,0,0,0,0,0,60000,0,0,0,208000,148000,60000,60000
067265,巨大國票02購01  ,0,0,0,0,0,0,0,0,0,60000,0,0,0,60000,0,60000,60000
067242,景碩群益01購03  ,0,0,0,0,0,0,0,0,0,60000,0,0,0,80000,20000,60000,60000
066899,義隆康和01購01  ,0,0,0,0,0,0,0,0,0,60000,0,0,0,60000,0,60000,60000
067804,旺宏凱基01購04  ,0,0,0,0,0,0,0,0,0,60000,0,0,0,70000,10000,60000,60000
067732,遠東新元大01購01,0,0,0,0,0,0,0,0,0,60000,0,0,0,133000,73000,60000,60000
067638,台積電統一03購02,0,0,0,0,0,0,0,0,0,60000,0,0,0,60000,0,60000,60000
066414,鴻海元大01購07  ,0,0,0,0,0,0,0,0,0,60000,0,0,0,60000,0,60000,60000
066422,嘉晶元大02購01  ,0,0,0,0,0,0,0,0,0,60000,0,0,0,168000,108000,60000,60000
066635,敦泰凱基01購01  ,0,0,0,0,0,0,0,0,0,60000,0,0,0,220000,160000,60000,60000
066536,漢唐兆豐03購01  ,0,0,0,0,0,0,0,0,0,60000,0,0,0,200000,140000,60000,60000
066058,TPK元大01購02   ,0,0,0,0,0,0,0,0,0,60000,0,0,0,63000,3000,60000,60000
066340,敦泰永豐01購01  ,0,0,0,0,0,0,0,0,0,60000,0,0,0,66000,6000,60000,60000
065463,大立光中信01購02,0,0,0,0,0,0,0,0,0,60000,0,0,0,160000,100000,60000,60000
08636P,華通國票01售03  ,0,0,0,0,0,0,0,0,0,60000,0,0,0,225000,165000,60000,60000
6591,動力-KY         ,562000,476000,86000,0,0,0,0,0,0,-26000,0,26000,-26000,0,0,0,60000
8429,金麗-KY         ,134000,72000,62000,0,0,0,0,0,0,-2000,0,2000,-2000,0,0,0,60000
068983,日月光元大02購01,0,0,0,0,0,0,0,0,0,59000,0,0,0,60000,1000,59000,59000
08553P,嘉澤群益9C售01  ,0,0,0,0,0,0,0,0,0,59000,0,0,0,125000,66000,59000,59000
08101P,超眾群益9B售02  ,0,0,0,0,0,0,0,0,0,59000,0,0,0,89000,30000,59000,59000
07844P,可成國票9A售01  ,0,0,0,0,0,0,0,0,0,59000,0,0,0,431000,372000,59000,59000
03207P,臺股指凱基03售09,0,0,0,0,0,0,0,0,0,59000,0,0,0,73000,14000,59000,59000
058154,泰碩統一9A購01  ,0,0,0,0,0,0,0,0,0,59000,0,0,0,59000,0,59000,59000
060920,超眾富邦9B購01  ,0,0,0,0,0,0,0,0,0,59000,0,0,0,154000,95000,59000,59000
062466,FBVIX凱基9B購01 ,0,0,0,0,0,0,0,0,0,59000,0,0,0,59000,0,59000,59000
064248,億光元富9C購01  ,0,0,0,0,0,0,0,0,0,59000,0,0,0,204000,145000,59000,59000
061762,台塑元大9B購01  ,0,0,0,0,0,0,0,0,0,59000,0,0,0,72000,13000,59000,59000
063154,南六元富9B購02  ,0,0,0,0,0,0,0,0,0,59000,0,0,0,59000,0,59000,59000
065200,健策元富9C購04  ,0,0,0,0,0,0,0,0,0,59000,0,0,0,100000,41000,59000,59000
062343,中石化群益9B購01,0,0,0,0,0,0,0,0,0,59000,0,0,0,97000,38000,59000,59000
067994,技嘉元大01購03  ,0,0,0,0,0,0,0,0,0,59000,0,0,0,238000,179000,59000,59000
067212,聯發科元大02購02,0,0,0,0,0,0,0,0,0,59000,0,0,0,547000,488000,59000,59000
08996P,華通群益02售05  ,0,0,0,0,0,0,0,0,0,59000,0,0,0,82000,23000,59000,59000
08170P,緯穎群益9B售03  ,0,0,0,0,0,0,0,0,0,58000,0,0,0,78000,20000,58000,58000
069460,金像電兆豐03購03,0,0,0,0,0,0,0,0,0,58000,0,0,0,59000,1000,58000,58000
068974,國巨元大02購09  ,0,0,0,0,0,0,0,0,0,58000,0,0,0,68000,10000,58000,58000
069028,TPK國票03購02   ,0,0,0,0,0,0,0,0,0,58000,0,0,0,85000,27000,58000,58000
068265,信錦永豐01購01  ,0,0,0,0,0,0,0,0,0,58000,0,0,0,58000,0,58000,58000
068127,台積電統一02購07,0,0,0,0,0,0,0,0,0,58000,0,0,0,59000,1000,58000,58000
068492,聯發科元大01購29,0,0,0,0,0,0,0,0,0,58000,0,0,0,141000,83000,58000,58000
064085,儒鴻凱基9C購02  ,0,0,0,0,0,0,0,0,0,58000,0,0,0,68000,10000,58000,58000
060322,卜蜂群益9A購01  ,0,0,0,0,0,0,0,0,0,58000,0,0,0,95000,37000,58000,58000
062113,瑞祺國票9B購01  ,0,0,0,0,0,0,0,0,0,58000,0,0,0,58000,0,58000,58000
061389,華新科群益9B購01,0,0,0,0,0,0,0,0,0,58000,0,0,0,79000,21000,58000,58000
065180,台表科元大9C購10,0,0,0,0,0,0,0,0,0,58000,0,0,0,58000,0,58000,58000
062845,微星富邦01購01  ,0,0,0,0,0,0,0,0,0,58000,0,0,0,75000,17000,58000,58000
061950,日月光群益9B購01,0,0,0,0,0,0,0,0,0,58000,0,0,0,85000,27000,58000,58000
064743,聯詠國票01購01  ,0,0,0,0,0,0,0,0,0,58000,0,0,0,72000,14000,58000,58000
063782,致新永豐9B購02  ,0,0,0,0,0,0,0,0,0,58000,0,0,0,58000,0,58000,58000
064278,高鐵元大9C購02  ,0,0,0,0,0,0,0,0,0,58000,0,0,0,58000,0,58000,58000
067662,聚陽元大01購03  ,0,0,0,0,0,0,0,0,0,58000,0,0,0,106000,48000,58000,58000
065482,立積元大01購02  ,0,0,0,0,0,0,0,0,0,58000,0,0,0,124000,66000,58000,58000
065951,聯發科統一01購08,0,0,0,0,0,0,0,0,0,58000,0,0,0,58000,0,58000,58000
066288,晶碩元大01購01  ,0,0,0,0,0,0,0,0,0,58000,0,0,0,350000,292000,58000,58000
066682,聯詠兆豐03購01  ,0,0,0,0,0,0,0,0,0,58000,0,0,0,236000,178000,58000,58000
068502,帆宣元大01購05  ,0,0,0,0,0,0,0,0,0,57000,0,0,0,68000,11000,57000,57000
068631,亞泥凱基02購01  ,0,0,0,0,0,0,0,0,0,57000,0,0,0,101000,44000,57000,57000
068632,華新凱基03購01  ,0,0,0,0,0,0,0,0,0,57000,0,0,0,112000,55000,57000,57000
068128,台積電統一03購07,0,0,0,0,0,0,0,0,0,57000,0,0,0,110000,53000,57000,57000
069027,晶技國票03購01  ,0,0,0,0,0,0,0,0,0,57000,0,0,0,57000,0,57000,57000
069735,百和麥證02購01  ,0,0,0,102000,38000,64000,0,0,0,57000,0,0,0,102000,45000,57000,57000
058537,彩晶統一9B購01  ,0,0,0,0,0,0,0,0,0,57000,0,0,0,57000,0,57000,57000
00639,富邦深100       ,38000,53000,-15000,0,0,0,0,0,0,72000,480000,100000,380000,896000,1204000,-308000,57000
03098P,大立光凱基01售10,0,0,0,0,0,0,0,0,0,57000,0,0,0,57000,0,57000,57000
03112P,GIS元大01售03   ,0,0,0,0,0,0,0,0,0,57000,0,0,0,326000,269000,57000,57000
054893,帆宣統一99購01  ,0,0,0,0,0,0,0,0,0,57000,0,0,0,57000,0,57000,57000
03507P,臺股指群益02售12,0,0,0,0,0,0,0,0,0,57000,0,0,0,60000,3000,57000,57000
03399P,欣興中信02售03  ,0,0,0,0,0,0,0,0,0,57000,0,0,0,156000,99000,57000,57000
063027,台汽電元大9B購01,0,0,0,0,0,0,0,0,0,57000,0,0,0,62000,5000,57000,57000
063707,儒鴻凱基9C購01  ,0,0,0,0,0,0,0,0,0,57000,0,0,0,82000,25000,57000,57000
066204,京鼎統一02購01  ,0,0,0,0,0,0,0,0,0,57000,0,0,0,69000,12000,57000,57000
066098,華碩中信02購01  ,0,0,0,0,0,0,0,0,0,57000,0,0,0,135000,78000,57000,57000
065651,中磊元大9C購01  ,0,0,0,0,0,0,0,0,0,57000,0,0,0,551000,494000,57000,57000
067786,緯創群益04購01  ,0,0,0,0,0,0,0,0,0,57000,0,0,0,66000,9000,57000,57000
067848,臻鼎元富07購01  ,0,0,0,0,0,0,0,0,0,57000,0,0,0,239000,182000,57000,57000
066738,聯鈞元大01購05  ,0,0,0,0,0,0,0,0,0,57000,0,0,0,62000,5000,57000,57000
1517,利奇            ,195000,149000,46000,0,0,0,0,0,0,11000,11000,0,11000,0,0,0,57000
2501,國建            ,211000,139000,72000,0,0,0,0,0,0,-15000,0,15000,-15000,0,0,0,57000
2836,高雄銀          ,162287,106000,56287,0,0,0,0,0,0,0,0,0,0,0,0,0,56287
069579,中興電永豐02購01,0,0,0,0,0,0,0,0,0,56000,0,0,0,59000,3000,56000,56000
069084,TPK凱基04購01   ,0,0,0,0,0,0,0,0,0,56000,0,0,0,90000,34000,56000,56000
068358,啟碁凱基01購01  ,0,0,0,0,0,0,0,0,0,56000,0,0,0,56000,0,56000,56000
068384,聯電統一03購02  ,0,0,0,0,0,0,0,0,0,56000,0,0,0,88000,32000,56000,56000
00647L,元大S&P500正2   ,5000,2000,3000,0,0,0,0,0,0,53000,0,0,0,103000,50000,53000,56000
060816,世紀鋼凱基9C購02,0,0,0,0,0,0,0,0,0,56000,0,0,0,66000,10000,56000,56000
059986,宏達電元大99購08,0,0,0,0,0,0,0,0,0,56000,0,0,0,56000,0,56000,56000
064958,GIS凱基02購03   ,0,0,0,0,0,0,0,0,0,56000,0,0,0,74000,18000,56000,56000
066826,聯發科群益02購03,0,0,0,0,0,0,0,0,0,56000,0,0,0,140000,84000,56000,56000
067113,京鼎群益02購03  ,0,0,0,0,0,0,0,0,0,56000,0,0,0,56000,0,56000,56000
065298,健策統一9C購06  ,0,0,0,0,0,0,0,0,0,56000,0,0,0,99000,43000,56000,56000
065832,貿聯凱基02購03  ,0,0,0,0,0,0,0,0,0,56000,0,0,0,332000,276000,56000,56000
065753,正崴元大9C購02  ,0,0,0,0,0,0,0,0,0,56000,0,0,0,94000,38000,56000,56000
066234,群光富邦04購01  ,0,0,0,0,0,0,0,0,0,56000,0,0,0,622000,566000,56000,56000
066590,華新科群益01購04,0,0,0,0,0,0,0,0,0,56000,0,0,0,75000,19000,56000,56000
8104,錸寶            ,168000,110000,58000,0,0,0,0,0,0,-2000,0,2000,-2000,0,0,0,56000
068112,宏碁元富07購01  ,0,0,0,0,0,0,0,0,0,55000,0,0,0,65000,10000,55000,55000
068771,大立光統一05購01,0,0,0,0,0,0,0,0,0,55000,0,0,0,55000,0,55000,55000
069658,鈺齊凱基02購01  ,0,0,0,0,0,0,0,0,0,55000,0,0,0,688000,633000,55000,55000
060315,易華電永豐9A購01,0,0,0,0,0,0,0,0,0,55000,0,0,0,60000,5000,55000,55000
03179P,聯發科群益01售16,0,0,0,0,0,0,0,0,0,55000,0,0,0,69000,14000,55000,55000
03229P,臺股指凱基02售07,0,0,0,0,0,0,0,0,0,55000,0,0,0,55000,0,55000,55000
057249,華邦電統一9A購01,0,0,0,0,0,0,0,0,0,55000,0,0,0,70000,15000,55000,55000
054819,裕民元大9A購01  ,0,0,0,0,0,0,0,0,0,55000,0,0,0,555000,500000,55000,55000
065052,南六凱基02購02  ,0,0,0,0,0,0,0,0,0,55000,0,0,0,65000,10000,55000,55000
063642,茂林元大9B購08  ,0,0,0,0,0,0,0,0,0,55000,0,0,0,205000,150000,55000,55000
063607,中租凱基9B購02  ,0,0,0,0,0,0,0,0,0,55000,0,0,0,75000,20000,55000,55000
063128,智伸科元大9B購01,0,0,0,0,0,0,0,0,0,55000,0,0,0,55000,0,55000,55000
062682,全新統一9B購01  ,0,0,0,0,0,0,0,0,0,55000,0,0,0,60000,5000,55000,55000
063273,緯穎兆豐9C購01  ,0,0,0,0,0,0,0,0,0,55000,0,0,0,55000,0,55000,55000
066424,晶技元大01購03  ,0,0,0,0,0,0,0,0,0,55000,0,0,0,69000,14000,55000,55000
066209,聯鈞統一03購01  ,0,0,0,0,0,0,0,0,0,55000,0,0,0,55000,0,55000,55000
066883,聯發科永豐01購01,0,0,0,0,0,0,0,0,0,55000,0,0,0,90000,35000,55000,55000
066974,SP黃豆群益03購01,0,0,0,0,0,0,0,0,0,55000,0,0,0,100000,45000,55000,55000
067528,聚陽群益01購01  ,0,0,0,0,0,0,0,0,0,55000,0,0,0,74000,19000,55000,55000
08807P,可成元富07售02  ,0,0,0,0,0,0,0,0,0,55000,0,0,0,65000,10000,55000,55000
08240P,華通中信06售03  ,0,0,0,0,0,0,0,0,0,54000,0,0,0,254000,200000,54000,54000
069160,聯發科元大02購07,0,0,0,0,0,0,0,0,0,54000,0,0,0,54000,0,54000,54000
069121,聯鈞群益02購01  ,0,0,0,0,0,0,0,0,0,54000,0,0,0,56000,2000,54000,54000
069233,聯電康和02購03  ,0,0,0,0,0,0,0,0,0,54000,0,0,0,148000,94000,54000,54000
068753,聯發科國泰06購01,0,0,0,0,0,0,0,0,0,54000,0,0,0,68000,14000,54000,54000
054890,聯鈞統一99購01  ,0,0,0,0,0,0,0,0,0,54000,0,0,0,54000,0,54000,54000
053564,台積電富邦99購01,0,0,0,0,0,0,0,0,0,54000,0,0,0,61000,7000,54000,54000
03687C,臺股指凱基9C牛22,0,0,0,0,0,0,0,0,0,54000,0,0,0,69000,15000,54000,54000
064530,康控中信9C購01  ,0,0,0,0,0,0,0,0,0,54000,0,0,0,54000,0,54000,54000
058245,訊連元大99購01  ,0,0,0,0,0,0,0,0,0,54000,0,0,0,54000,0,54000,54000
063902,志超群益9C購01  ,0,0,0,0,0,0,0,0,0,54000,0,0,0,63000,9000,54000,54000
063873,南六永豐9C購01  ,0,0,0,0,0,0,0,0,0,54000,0,0,0,65000,11000,54000,54000
067739,微星元大01購07  ,0,0,0,0,0,0,0,0,0,54000,0,0,0,239000,185000,54000,54000
066563,日月光元大01購01,0,0,0,0,0,0,0,0,0,54000,0,0,0,130000,76000,54000,54000
08665P,鴻海國票02售01  ,0,0,0,0,0,0,0,0,0,54000,0,0,0,54000,0,54000,54000
1808,潤隆            ,135000,79000,56000,0,0,0,0,0,0,-2000,0,2000,-2000,0,0,0,54000
068139,亞德客元大01購05,0,0,0,0,0,0,0,0,0,53000,0,0,0,63000,10000,53000,53000
08561P,台表科國票01售02,0,0,0,0,0,0,0,0,0,53000,0,0,0,96000,43000,53000,53000
057902,嘉晶永豐98購02  ,0,0,0,0,0,0,0,0,0,53000,0,0,0,53000,0,53000,53000
03297P,台積電統一02售14,0,0,0,0,0,0,0,0,0,53000,0,0,0,53000,0,53000,53000
03252P,台積電台新02售01,0,0,0,0,0,0,0,0,0,53000,0,0,0,120000,67000,53000,53000
063773,可成富邦9C購01  ,0,0,0,0,0,0,0,0,0,53000,0,0,0,53000,0,53000,53000
063077,巨大永豐9B購03  ,0,0,0,0,0,0,0,0,0,53000,0,0,0,163000,110000,53000,53000
062644,中環國泰9C購01  ,0,0,0,0,0,0,0,0,0,53000,0,0,0,370000,317000,53000,53000
063849,奇鋐元大9C購01  ,0,0,0,0,0,0,0,0,0,53000,0,0,0,58000,5000,53000,53000
064445,聚陽統一02購01  ,0,0,0,0,0,0,0,0,0,53000,0,0,0,54000,1000,53000,53000
065144,大立光凱基01購06,0,0,0,0,0,0,0,0,0,53000,0,0,0,53000,0,53000,53000
066517,智伸科永豐01購01,0,0,0,0,0,0,0,0,0,53000,0,0,0,53000,0,53000,53000
067102,聯發科群益01購03,0,0,0,0,0,0,0,0,0,53000,0,0,0,127000,74000,53000,53000
068372,聯電永豐01購01  ,0,0,0,0,0,0,0,0,0,52000,0,0,0,95000,43000,52000,52000
068571,帆宣元大01購06  ,0,0,0,0,0,0,0,0,0,52000,0,0,0,68000,16000,52000,52000
069416,景碩統一04購01  ,0,0,0,0,0,0,0,0,0,52000,0,0,0,64000,12000,52000,52000
03159P,大立光元大01售21,0,0,0,0,0,0,0,0,0,52000,0,0,0,53000,1000,52000,52000
063373,晶技永豐9B購02  ,0,0,0,0,0,0,0,0,0,52000,0,0,0,165000,113000,52000,52000
060019,彰銀康和99購01  ,0,0,0,0,0,0,0,0,0,52000,0,0,0,52000,0,52000,52000
065158,和碩群益9C購01  ,0,0,0,0,0,0,0,0,0,52000,0,0,0,84000,32000,52000,52000
067775,GIS統一02購04   ,0,0,0,0,0,0,0,0,0,52000,0,0,0,299000,247000,52000,52000
066238,聯鈞富邦03購01  ,0,0,0,0,0,0,0,0,0,52000,0,0,0,62000,10000,52000,52000
065336,華新統一02購01  ,0,0,0,0,0,0,0,0,0,52000,0,0,0,62000,10000,52000,52000
065608,緯創元大9C購04  ,0,0,0,0,0,0,0,0,0,52000,0,0,0,99000,47000,52000,52000
068637,長榮航凱基03購01,0,0,0,0,0,0,0,0,0,51000,0,0,0,55000,4000,51000,51000
07979P,大立光凱基9B售05,0,0,0,0,0,0,0,0,0,51000,0,0,0,51000,0,51000,51000
08055P,臺股指國票9B售20,0,0,0,0,0,0,0,0,0,51000,0,0,0,51000,0,51000,51000
061599,元金反中信9C購01,0,0,0,0,0,0,0,0,0,51000,0,0,0,61000,10000,51000,51000
057789,上銀統一9A購01  ,0,0,0,0,0,0,0,0,0,51000,0,0,0,712000,661000,51000,51000
03447P,台積電元大02售29,0,0,0,0,0,0,0,0,0,51000,0,0,0,51000,0,51000,51000
03422P,GIS群益02售04   ,0,0,0,0,0,0,0,0,0,51000,0,0,0,438000,387000,51000,51000
03430P,聯發科元大02售17,0,0,0,0,0,0,0,0,0,51000,0,0,0,105000,54000,51000,51000
064213,大立光凱基03購01,0,0,0,0,0,0,0,0,0,51000,0,0,0,53000,2000,51000,51000
063687,金像電永豐9B購04,0,0,0,0,0,0,0,0,0,51000,0,0,0,150000,99000,51000,51000
062676,南六台新9B購01  ,0,0,0,0,0,0,0,0,0,51000,0,0,0,51000,0,51000,51000
062665,智易群益9B購01  ,0,0,0,0,0,0,0,0,0,51000,0,0,0,60000,9000,51000,51000
063450,華新科統一02購01,0,0,0,0,0,0,0,0,0,51000,0,0,0,81000,30000,51000,51000
064702,百和群益01購01  ,0,0,0,0,0,0,0,0,0,51000,0,0,0,116000,65000,51000,51000
066591,華新科群益01購05,0,0,0,0,0,0,0,0,0,51000,0,0,0,103000,52000,51000,51000
068092,聯發科群益01購10,0,0,0,0,0,0,0,0,0,51000,0,0,0,491000,440000,51000,51000
067124,華擎富邦03購01  ,0,0,0,0,0,0,0,0,0,51000,0,0,0,51000,0,51000,51000
08048P,臺股指國票9B售13,0,0,0,0,0,0,0,0,0,50000,0,0,0,50000,0,50000,50000
08054P,臺股指國票9B售19,0,0,0,0,0,0,0,0,0,50000,0,0,0,135000,85000,50000,50000
08149P,祥碩群益9B售07  ,0,0,0,0,0,0,0,0,0,50000,0,0,0,50000,0,50000,50000
08592P,聯發科凱基01售06,0,0,0,0,0,0,0,0,0,50000,0,0,0,50000,0,50000,50000
08491P,全新元大9C售01  ,0,0,0,0,0,0,0,0,0,50000,0,0,0,250000,200000,50000,50000
08406P,緯穎元大9C售01  ,0,0,0,0,0,0,0,0,0,50000,0,0,0,50000,0,50000,50000
069514,全新凱基02購02  ,0,0,0,0,0,0,0,0,0,50000,0,0,0,50000,0,50000,50000
069511,華碩凱基02購02  ,0,0,0,0,0,0,0,0,0,50000,0,0,0,51000,1000,50000,50000
07025P,玉晶光凱基99售01,0,0,0,0,0,0,0,0,0,50000,0,0,0,50000,0,50000,50000
069898,華碩元大02購04  ,0,0,0,0,0,0,0,0,0,50000,0,0,0,52000,2000,50000,50000
068700,瑞儀凱基03購01  ,0,0,0,0,0,0,0,0,0,50000,0,0,0,70000,20000,50000,50000
068727,全新元大02購02  ,0,0,0,0,0,0,0,0,0,50000,0,0,0,50000,0,50000,50000
06928P,鴻海元大99售10  ,0,0,0,0,0,0,0,0,0,50000,0,0,0,50000,0,50000,50000
069292,台積電中信06購05,0,0,0,0,0,0,0,0,0,50000,0,0,0,74000,24000,50000,50000
068836,義隆永豐02購01  ,0,0,0,0,0,0,0,0,0,50000,0,0,0,50000,0,50000,50000
053291,旺宏中信9A購01  ,50000,0,50000,0,0,0,0,0,0,0,0,0,0,0,0,0,50000
052299,T50反1台新05購03,0,0,0,0,0,0,0,0,0,50000,0,0,0,60000,10000,50000,50000
03374P,玉晶光元大02售06,0,0,0,0,0,0,0,0,0,50000,0,0,0,75000,25000,50000,50000
058829,華新科永豐99購04,0,0,0,0,0,0,0,0,0,50000,0,0,0,50000,0,50000,50000
060617,華新科元大9A購08,0,0,0,0,0,0,0,0,0,50000,0,0,0,50000,0,50000,50000
020002,元富新中國N     ,0,0,0,0,0,0,0,0,0,50000,0,0,0,125000,75000,50000,50000
03183P,鴻海元大01售28  ,0,0,0,0,0,0,0,0,0,50000,0,0,0,50000,0,50000,50000
056810,群創統一9A購01  ,0,0,0,0,0,0,0,0,0,50000,0,0,0,50000,0,50000,50000
056301,開發金元大9A購01,0,0,0,0,0,0,0,0,0,50000,0,0,0,900000,850000,50000,50000
056492,全新國泰9A購01  ,0,0,0,0,0,0,0,0,0,50000,0,0,0,50000,0,50000,50000
03091P,臺股指元大01售20,0,0,0,0,0,0,0,0,0,50000,0,0,0,76000,26000,50000,50000
03083P,鴻海元大01售22  ,0,0,0,0,0,0,0,0,0,50000,0,0,0,50000,0,50000,50000
057795,鴻海兆豐99購02  ,0,0,0,0,0,0,0,0,0,50000,0,0,0,50000,0,50000,50000
057948,嘉聯益國票99購02,0,0,0,0,0,0,0,0,0,50000,0,0,0,60000,10000,50000,50000
057958,禾伸堂元大99購05,0,0,0,0,0,0,0,0,0,50000,0,0,0,50000,0,50000,50000
058033,景碩永豐98購02  ,0,0,0,0,0,0,0,0,0,50000,0,0,0,50000,0,50000,50000
061640,智原元大9A購01  ,0,0,0,0,0,0,0,0,0,50000,0,0,0,50000,0,50000,50000
063368,遠東新永豐9B購01,0,0,0,0,0,0,0,0,0,50000,0,0,0,100000,50000,50000,50000
063350,台表科統一02購02,0,0,0,0,0,0,0,0,0,50000,0,0,0,219000,169000,50000,50000
062524,鴻海統一9C購09  ,0,0,0,0,0,0,0,0,0,50000,0,0,0,50000,0,50000,50000
064034,台表科元大9C購07,0,0,0,0,0,0,0,0,0,50000,0,0,0,50000,0,50000,50000
059984,華新科元大99購21,0,0,0,0,0,0,0,0,0,50000,0,0,0,50000,0,50000,50000
060151,旺宏富邦9A購02  ,0,0,0,0,0,0,0,0,0,50000,0,0,0,60000,10000,50000,50000
060798,旭富永豐9A購01  ,0,0,0,0,0,0,0,0,0,50000,0,0,0,50000,0,50000,50000
059921,大立光元大99購24,0,0,0,0,0,0,0,0,0,50000,0,0,0,200000,150000,50000,50000
062629,聯發科國票9C購01,0,0,0,0,0,0,0,0,0,50000,0,0,0,90000,40000,50000,50000
063746,上銀國票9C購01  ,0,0,0,0,0,0,0,0,0,50000,0,0,0,72000,22000,50000,50000
064174,致新元富9C購02  ,0,0,0,0,0,0,0,0,0,50000,0,0,0,130000,80000,50000,50000
062681,全新統一01購01  ,0,0,0,0,0,0,0,0,0,50000,0,0,0,50000,0,50000,50000
061344,禾伸堂元大9A購02,0,0,0,0,0,0,0,0,0,50000,0,0,0,50000,0,50000,50000
063510,台表科群益9C購01,0,0,0,0,0,0,0,0,0,50000,0,0,0,50000,0,50000,50000
062304,臺指反凱基9B購01,0,0,0,0,0,0,0,0,0,50000,0,0,0,50000,0,50000,50000
062409,巨大永豐9B購02  ,0,0,0,0,0,0,0,0,0,50000,0,0,0,80000,30000,50000,50000
062195,聚陽中信9C購01  ,0,0,0,0,0,0,0,0,0,50000,0,0,0,50000,0,50000,50000
062260,華新科元大9B購09,0,0,0,0,0,0,0,0,0,50000,0,0,0,50000,0,50000,50000
062230,緯穎統一01購01  ,0,0,0,0,0,0,0,0,0,50000,0,0,0,333000,283000,50000,50000
062037,華新凱基9B購01  ,0,0,0,0,0,0,0,0,0,50000,0,0,0,50000,0,50000,50000
065103,南六元大9C購06  ,0,0,0,0,0,0,0,0,0,50000,0,0,0,52000,2000,50000,50000
065245,國泰金兆豐9C購01,0,0,0,0,0,0,0,0,0,50000,0,0,0,50000,0,50000,50000
065081,金像電元大9C購05,0,0,0,0,0,0,0,0,0,50000,0,0,0,50000,0,50000,50000
063591,麗豐永豐9B購02  ,0,0,0,0,0,0,0,0,0,50000,0,0,0,50000,0,50000,50000
064782,健策群益9C購02  ,0,0,0,0,0,0,0,0,0,50000,0,0,0,61000,11000,50000,50000
061917,亞德客凱基9B購02,0,0,0,0,0,0,0,0,0,50000,0,0,0,50000,0,50000,50000
064815,台表科元大01購01,0,0,0,0,0,0,0,0,0,50000,0,0,0,100000,50000,50000,50000
064867,華新科永豐9C購03,0,0,0,0,0,0,0,0,0,50000,0,0,0,50000,0,50000,50000
067016,康控富邦04購01  ,0,0,0,0,0,0,0,0,0,50000,0,0,0,50000,0,50000,50000
067901,旭富群益01購04  ,0,0,0,0,0,0,0,0,0,50000,0,0,0,50000,0,50000,50000
06777P,鴻海元大99售06  ,0,0,0,0,0,0,0,0,0,50000,0,0,0,50000,0,50000,50000
067688,南六元大01購06  ,0,0,0,0,0,0,0,0,0,50000,0,0,0,80000,30000,50000,50000
067646,元金2X元富01購01,0,0,0,0,0,0,0,0,0,50000,0,0,0,50000,0,50000,50000
067488,群創元大03購01  ,0,0,0,0,0,0,0,0,0,50000,0,0,0,55000,5000,50000,50000
067502,聚陽統一02購04  ,0,0,0,0,0,0,0,0,0,50000,0,0,0,241000,191000,50000,50000
066567,臻鼎元大01購01  ,0,0,0,0,0,0,0,0,0,50000,0,0,0,50000,0,50000,50000
066499,台郡國泰02購01  ,0,0,0,0,0,0,0,0,0,50000,0,0,0,50000,0,50000,50000
066276,敦泰元大01購01  ,0,0,0,0,0,0,0,0,0,50000,0,0,0,161000,111000,50000,50000
066347,鎧勝永豐01購01  ,0,0,0,0,0,0,0,0,0,50000,0,0,0,50000,0,50000,50000
066177,上緯控凱基01購01,0,0,0,0,0,0,0,0,0,50000,0,0,0,376000,326000,50000,50000
066121,道瓊反群益04購01,0,0,0,0,0,0,0,0,0,50000,0,0,0,50000,0,50000,50000
065366,英業達元大9C購02,0,0,0,0,0,0,0,0,0,50000,0,0,0,50000,0,50000,50000
065392,華通群益01購02  ,0,0,0,0,0,0,0,0,0,50000,0,0,0,200000,150000,50000,50000
065833,中租凱基02購01  ,0,0,0,0,0,0,0,0,0,50000,0,0,0,85000,35000,50000,50000
065780,國巨富邦03購02  ,0,0,0,0,0,0,0,0,0,50000,0,0,0,50000,0,50000,50000
06586P,鴻海元大9C售01  ,0,0,0,0,0,0,0,0,0,50000,0,0,0,80000,30000,50000,50000
066017,南六元富03購01  ,0,0,0,0,0,0,0,0,0,50000,0,0,0,50000,0,50000,50000
08718P,台灣50元大02售03,0,0,0,0,0,0,0,0,0,50000,0,0,0,50000,0,50000,50000
08992P,牧德元大01售02  ,0,0,0,0,0,0,0,0,0,50000,0,0,0,100000,50000,50000,50000
08935P,鴻海元大01售19  ,0,0,0,0,0,0,0,0,0,50000,0,0,0,50000,0,50000,50000
07235P,T50正2元大9C售02,0,0,0,0,0,0,0,0,0,49000,0,0,0,49000,0,49000,49000
069464,南電兆豐03購02  ,0,0,0,0,0,0,0,0,0,49000,0,0,0,299000,250000,49000,49000
07756P,台灣50國票04售01,0,0,0,0,0,0,0,0,0,49000,0,0,0,100000,51000,49000,49000
059197,可成永豐99購02  ,0,0,0,0,0,0,0,0,0,49000,0,0,0,49000,0,49000,49000
061596,健策永豐9A購03  ,0,0,0,0,0,0,0,0,0,49000,0,0,0,49000,0,49000,49000
057727,華邦電國泰9A購01,0,0,0,0,0,0,0,0,0,49000,0,0,0,50000,1000,49000,49000
060502,國巨元大9A購07  ,0,0,0,0,0,0,0,0,0,49000,0,0,0,82000,33000,49000,49000
065030,亞光兆豐9C購01  ,0,0,0,0,0,0,0,0,0,49000,0,0,0,75000,26000,49000,49000
062386,京鼎國泰9C購01  ,0,0,0,0,0,0,0,0,0,49000,0,0,0,54000,5000,49000,49000
063806,瀚宇博兆豐01購01,0,0,0,0,0,0,0,0,0,49000,0,0,0,79000,30000,49000,49000
067593,亞德客凱基01購01,0,0,0,0,0,0,0,0,0,49000,0,0,0,49000,0,49000,49000
067625,欣興富邦03購01  ,0,0,0,0,0,0,0,0,0,49000,0,0,0,49000,0,49000,49000
066992,緯穎群益01購02  ,0,0,0,0,0,0,0,0,0,49000,0,0,0,76000,27000,49000,49000
066837,樺漢群益01購02  ,0,0,0,0,0,0,0,0,0,49000,0,0,0,128000,79000,49000,49000
066731,瑞昱元大01購01  ,0,0,0,0,0,0,0,0,0,49000,0,0,0,81000,32000,49000,49000
067353,可成群益02購01  ,0,0,0,0,0,0,0,0,0,49000,0,0,0,52000,3000,49000,49000
1219,福壽            ,51000,2000,49000,0,0,0,0,0,0,0,0,0,0,0,0,0,49000
5283,禾聯碩          ,61000,11000,50000,0,0,0,0,0,0,-1000,0,6000,-6000,5000,0,5000,49000
9908,大台北          ,64000,8000,56000,0,0,0,0,0,0,-7000,0,7000,-7000,0,0,0,49000
08294P,台積電元大9C售06,0,0,0,0,0,0,0,0,0,48000,0,0,0,50000,2000,48000,48000
069859,敦泰永豐02購01  ,0,0,0,0,0,0,0,0,0,48000,0,0,0,48000,0,48000,48000
068471,聯發科群益01購11,0,0,0,0,0,0,0,0,0,48000,0,0,0,127000,79000,48000,48000
068323,台積電元大01購42,0,0,0,0,0,0,0,0,0,48000,0,0,0,54000,6000,48000,48000
060733,和大統一9C購01  ,0,0,0,0,0,0,0,0,0,48000,0,0,0,68000,20000,48000,48000
063279,國巨元大9C購05  ,0,0,0,0,0,0,0,0,0,48000,0,0,0,50000,2000,48000,48000
063937,上銀元大9C購02  ,0,0,0,0,0,0,0,0,0,48000,0,0,0,80000,32000,48000,48000
063081,技嘉凱基9B購02  ,0,0,0,0,0,0,0,0,0,48000,0,0,0,48000,0,48000,48000
064630,巨大元大9C購01  ,0,0,0,0,0,0,0,0,0,48000,0,0,0,48000,0,48000,48000
067512,台郡統一02購03  ,0,0,0,0,0,0,0,0,0,48000,0,0,0,50000,2000,48000,48000
065394,英業達群益9C購01,0,0,0,0,0,0,0,0,0,48000,0,0,0,48000,0,48000,48000
065477,健鼎元大9C購03  ,0,0,0,0,0,0,0,0,0,48000,0,0,0,48000,0,48000,48000
066504,全新富邦03購01  ,0,0,0,0,0,0,0,0,0,48000,0,0,0,48000,0,48000,48000
08749P,鴻海台新01售02  ,0,0,0,0,0,0,0,0,0,48000,0,0,0,147000,99000,48000,48000
1733,五鼎            ,80000,42000,38000,0,0,0,0,0,0,10000,17000,7000,10000,0,0,0,48000
2897,王道銀行        ,498683,447000,51683,0,0,0,0,0,0,-4000,0,4000,-4000,0,0,0,47683
068317,台灣50元大01購35,0,0,0,0,0,0,0,0,0,47000,0,0,0,63000,16000,47000,47000
068313,松翰國票03購01  ,0,0,0,0,0,0,0,0,0,47000,0,0,0,160000,113000,47000,47000
068174,華新科中信01購01,0,0,0,0,0,0,0,0,0,47000,0,0,0,48000,1000,47000,47000
068682,神達富邦03購01  ,0,0,0,0,0,0,0,0,0,47000,0,0,0,47000,0,47000,47000
069284,聯電國泰03購02  ,0,0,0,0,0,0,0,0,0,47000,0,0,0,103000,56000,47000,47000
07637P,國巨國票9A售08  ,0,0,0,0,0,0,0,0,0,47000,0,0,0,140000,93000,47000,47000
08248P,旺宏群益9C售02  ,0,0,0,0,0,0,0,0,0,47000,0,0,0,70000,23000,47000,47000
064247,廣達元富9C購01  ,0,0,0,0,0,0,0,0,0,47000,0,0,0,48000,1000,47000,47000
064243,TPK統一02購02   ,0,0,0,0,0,0,0,0,0,47000,0,0,0,75000,28000,47000,47000
03028P,玉晶光元大01售11,0,0,0,0,0,0,0,0,0,47000,0,0,0,57000,10000,47000,47000
03276P,聯發科台新02售01,0,0,0,0,0,0,0,0,0,47000,0,0,0,1256000,1209000,47000,47000
062850,友訊永豐9B購01  ,0,0,0,0,0,0,0,0,0,47000,0,0,0,128000,81000,47000,47000
065176,玉晶光元大01購04,0,0,0,0,0,0,0,0,0,47000,0,0,0,92000,45000,47000,47000
061388,台積電群益9A購05,0,0,0,0,0,0,0,0,0,47000,0,0,0,153000,106000,47000,47000
063026,南六元大9B購04  ,0,0,0,0,0,0,0,0,0,47000,0,0,0,71000,24000,47000,47000
063927,奇力新統一02購01,0,0,0,0,0,0,0,0,0,47000,0,0,0,189000,142000,47000,47000
061782,智邦群益9B購01  ,0,0,0,0,0,0,0,0,0,47000,0,0,0,62000,15000,47000,47000
063522,技嘉凱基9B購03  ,0,0,0,0,0,0,0,0,0,47000,0,0,0,64000,17000,47000,47000
066096,友訊中信05購02  ,0,0,0,0,0,0,0,0,0,47000,0,0,0,148000,101000,47000,47000
066045,聯發科元大01購08,0,0,0,0,0,0,0,0,0,47000,0,0,0,53000,6000,47000,47000
065481,臻鼎元大9C購04  ,0,0,0,0,0,0,0,0,0,47000,0,0,0,87000,40000,47000,47000
065681,聯發科統一9C購17,0,0,0,0,0,0,0,0,0,47000,0,0,0,115000,68000,47000,47000
067127,台虹富邦03購01  ,0,0,0,0,0,0,0,0,0,47000,0,0,0,107000,60000,47000,47000
068925,欣興國泰04購01  ,0,0,0,0,0,0,0,0,0,46000,0,0,0,46000,0,46000,46000
03059P,台積電凱基01售19,0,0,0,0,0,0,0,0,0,46000,0,0,0,46000,0,46000,46000
052132,旺宏凱基9B購01  ,0,0,0,0,0,0,0,0,0,46000,0,0,0,86000,40000,46000,46000
060286,佳世達元大9C購01,0,0,0,0,0,0,0,0,0,46000,0,0,0,46000,0,46000,46000
058586,鴻海中信01購02  ,0,0,0,0,0,0,0,0,0,46000,0,0,0,49000,3000,46000,46000
064398,聚陽凱基01購01  ,0,0,0,0,0,0,0,0,0,46000,0,0,0,46000,0,46000,46000
063837,亞德客元大01購01,0,0,0,0,0,0,0,0,0,46000,0,0,0,46000,0,46000,46000
067476,台光電元大01購04,0,0,0,0,0,0,0,0,0,46000,0,0,0,106000,60000,46000,46000
065548,台達電凱基01購02,0,0,0,0,0,0,0,0,0,46000,0,0,0,58000,12000,46000,46000
066001,景碩國票02購01  ,0,0,0,0,0,0,0,0,0,46000,0,0,0,95000,49000,46000,46000
3563,牧德            ,142000,137079,4921,0,0,0,0,0,0,41000,2000,0,2000,56000,17000,39000,45921
068986,帆宣元大02購02  ,0,0,0,0,0,0,0,0,0,45000,0,0,0,69000,24000,45000,45000
068659,嘉晶元大03購01  ,0,0,0,0,0,0,0,0,0,45000,0,0,0,234000,189000,45000,45000
068264,達新永豐01購01  ,0,0,0,0,0,0,0,0,0,45000,0,0,0,45000,0,45000,45000
068233,同欣電元富05購01,0,0,0,0,0,0,0,0,0,45000,0,0,0,155000,110000,45000,45000
068352,台積電凱基01購22,0,0,0,0,0,0,0,0,0,45000,0,0,0,45000,0,45000,45000
08093P,英業達元富9B售02,0,0,0,0,0,0,0,0,0,45000,0,0,0,115000,70000,45000,45000
069501,華新永豐02購01  ,0,0,0,0,0,0,0,0,0,45000,0,0,0,45000,0,45000,45000
059922,大立光元大99購25,0,0,0,0,0,0,0,0,0,45000,0,0,0,45000,0,45000,45000
059581,日月光元富99購02,0,0,0,0,0,0,0,0,0,45000,0,0,0,45000,0,45000,45000
060952,滬深2X群益9C購05,0,0,0,0,0,0,0,0,0,45000,0,0,0,145000,100000,45000,45000
060867,智伸科永豐9A購01,0,0,0,0,0,0,0,0,0,45000,0,0,0,47000,2000,45000,45000
03366P,TPK元大02售03   ,0,0,0,0,0,0,0,0,0,45000,0,0,0,75000,30000,45000,45000
03691C,T50反1元大01牛05,0,0,0,0,0,0,0,0,0,45000,0,0,0,45000,0,45000,45000
056673,中石化元富9B購01,0,0,0,0,0,0,0,0,0,45000,0,0,0,60000,15000,45000,45000
063933,TPK統一01購01   ,0,0,0,0,0,0,0,0,0,45000,0,0,0,45000,0,45000,45000
063762,緯穎統一9C購01  ,0,0,0,0,0,0,0,0,0,45000,0,0,0,45000,0,45000,45000
063498,金像電永豐9B購02,0,0,0,0,0,0,0,0,0,45000,0,0,0,48000,3000,45000,45000
062398,建準永豐9B購01  ,0,0,0,0,0,0,0,0,0,45000,0,0,0,200000,155000,45000,45000
062414,臻鼎中信01購01  ,0,0,0,0,0,0,0,0,0,45000,0,0,0,50000,5000,45000,45000
064889,T50反1群益9C購02,0,0,0,0,0,0,0,0,0,45000,0,0,0,46000,1000,45000,45000
062893,元金2X元大9C購01,0,20000,-20000,0,0,0,0,0,0,65000,0,0,0,71000,6000,65000,45000
065994,南六永豐01購01  ,0,0,0,0,0,0,0,0,0,45000,0,0,0,47000,2000,45000,45000
066659,燿華凱基03購01  ,0,0,0,0,0,0,0,0,0,45000,0,0,0,70000,25000,45000,45000
067439,巨大凱基02購02  ,0,0,0,0,0,0,0,0,0,45000,0,0,0,45000,0,45000,45000
067774,同欣電統一02購01,0,0,0,0,0,0,0,0,0,45000,0,0,0,135000,90000,45000,45000
067797,臺股指群益01購09,0,0,0,0,0,0,0,0,0,45000,0,0,0,53000,8000,45000,45000
067919,玉晶光永豐01購03,0,0,0,0,0,0,0,0,0,45000,0,0,0,46000,1000,45000,45000
068043,GIS元富07購02   ,0,0,0,0,0,0,0,0,0,45000,0,0,0,57000,12000,45000,45000
067341,欣興凱基03購01  ,0,0,0,0,0,0,0,0,0,45000,0,0,0,68000,23000,45000,45000
1712,興農            ,1357000,1309000,48000,0,0,0,0,0,0,-3000,0,3000,-3000,0,0,0,45000
08835P,聯發科統一01售12,0,0,0,0,0,0,0,0,0,45000,0,0,0,45000,0,45000,45000
069443,金像電元富02購01,0,0,0,0,0,0,0,0,0,44000,0,0,0,149000,105000,44000,44000
069631,金像電元富08購02,0,0,0,0,0,0,0,0,0,44000,0,0,0,507000,463000,44000,44000
068635,台積電凱基03購09,0,0,0,0,0,0,0,0,0,44000,0,0,0,50000,6000,44000,44000
069142,聯發科永豐02購02,0,0,0,0,0,0,0,0,0,44000,0,0,0,68000,24000,44000,44000
069143,強茂永豐02購01  ,0,0,0,0,0,0,0,0,0,44000,0,0,0,79000,35000,44000,44000
03402P,大立光凱基02售07,0,0,0,0,0,0,0,0,0,44000,0,0,0,54000,10000,44000,44000
057582,亞光中信9A購02  ,0,0,0,0,0,0,0,0,0,44000,0,0,0,84000,40000,44000,44000
061085,聯茂兆豐9A購01  ,0,0,0,0,0,0,0,0,0,44000,0,0,0,54000,10000,44000,44000
059375,道瓊反群益9C購02,0,0,0,0,0,0,0,0,0,44000,0,0,0,45000,1000,44000,44000
064774,聚陽群益9C購04  ,0,0,0,0,0,0,0,0,0,44000,0,0,0,50000,6000,44000,44000
063480,南六元大9C購01  ,0,0,0,0,0,0,0,0,0,44000,0,0,0,56000,12000,44000,44000
063108,世紀鋼群益9C購01,0,0,0,0,0,0,0,0,0,44000,0,0,0,44000,0,44000,44000
063724,亞德客元大9B購03,0,0,0,0,0,0,0,0,0,44000,0,0,0,44000,0,44000,44000
064347,貿聯元大9C購03  ,0,0,0,0,0,0,0,0,0,44000,0,0,0,221000,177000,44000,44000
067004,義隆永豐01購01  ,0,0,0,0,0,0,0,0,0,44000,0,0,0,44000,0,44000,44000
067692,鈺齊元大01購02  ,0,0,0,0,0,0,0,0,0,44000,0,0,0,111000,67000,44000,44000
067723,國揚凱基01購02  ,0,0,0,0,0,0,0,0,0,44000,0,0,0,50000,6000,44000,44000
08922P,京元電永豐01售01,0,0,0,0,0,0,0,0,0,44000,0,0,0,79000,35000,44000,44000
6141,柏承            ,495000,447000,48000,0,0,0,0,0,0,-4000,1000,5000,-4000,0,0,0,44000
068912,聯發科群益02購10,0,0,0,0,0,0,0,0,0,43000,0,0,0,51000,8000,43000,43000
06885P,國巨國票99售06  ,0,0,0,0,0,0,0,0,0,43000,0,0,0,75000,32000,43000,43000
068487,台積電元大01購46,0,0,0,0,0,0,0,0,0,43000,0,0,0,43000,0,43000,43000
069469,華擎國票03購01  ,0,0,0,0,0,0,0,0,0,43000,0,0,0,83000,40000,43000,43000
069547,聯發科元大02購18,0,0,0,0,0,0,0,0,0,43000,0,0,0,100000,57000,43000,43000
08282P,南六群益9C售01  ,0,0,0,0,0,0,0,0,0,43000,0,0,0,64000,21000,43000,43000
08422P,玉晶光群益02售03,0,0,0,0,0,0,0,0,0,43000,0,0,0,43000,0,43000,43000
060244,大立光元大9B購02,0,0,0,0,0,0,0,0,0,43000,0,0,0,58000,15000,43000,43000
060799,茂林永豐9A購01  ,0,0,0,0,0,0,0,0,0,43000,0,0,0,53000,10000,43000,43000
03305P,台達電台新02售01,0,0,0,0,0,0,0,0,0,43000,0,0,0,43000,0,43000,43000
063126,TPK元大9B購01   ,0,0,0,0,0,0,0,0,0,43000,0,0,0,73000,30000,43000,43000
063816,TPK群益9C購01   ,0,0,0,0,0,0,0,0,0,43000,0,0,0,70000,27000,43000,43000
063657,茂林元富9B購04  ,0,0,0,0,0,0,0,0,0,43000,0,0,0,496000,453000,43000,43000
063876,華新元富9C購01  ,0,0,0,0,0,0,0,0,0,43000,0,0,0,43000,0,43000,43000
064892,台達電群益9C購02,0,0,0,0,0,0,0,0,0,43000,0,0,0,59000,16000,43000,43000
065060,上銀群益9C購02  ,0,0,0,0,0,0,0,0,0,43000,0,0,0,43000,0,43000,43000
062188,貿聯元大9B購02  ,0,0,0,0,0,0,0,0,0,43000,0,0,0,128000,85000,43000,43000
062142,喬山國票9B購01  ,0,0,0,0,0,0,0,0,0,43000,0,0,0,103000,60000,43000,43000
064487,和大元大9C購01  ,0,0,0,0,0,0,0,0,0,43000,0,0,0,43000,0,43000,43000
067684,康控元大01購05  ,0,0,0,0,0,0,0,0,0,43000,0,0,0,43000,0,43000,43000
068090,大成鋼群益01購02,0,0,0,0,0,0,0,0,0,43000,0,0,0,43000,0,43000,43000
067830,帆宣兆豐03購01  ,0,0,0,0,0,0,0,0,0,43000,0,0,0,81000,38000,43000,43000
067375,大立光統一03購03,0,0,0,0,0,0,0,0,0,43000,0,0,0,48000,5000,43000,43000
067308,欣興元大01購03  ,0,0,0,0,0,0,0,0,0,43000,0,0,0,58000,15000,43000,43000
07678P,大立光群益9A售03,0,0,0,0,0,0,0,0,0,42000,0,0,0,42000,0,42000,42000
068393,GIS統一03購01   ,0,0,0,0,0,0,0,0,0,42000,0,0,0,42000,0,42000,42000
068120,智易元富07購01  ,0,0,0,0,0,0,0,0,0,42000,0,0,0,50000,8000,42000,42000
068898,健策元大02購05  ,0,0,0,0,0,0,0,0,0,42000,0,0,0,144000,102000,42000,42000
068830,台積電國泰05購01,0,0,0,0,0,0,0,0,0,42000,0,0,0,67000,25000,42000,42000
03269P,健策元大02售04  ,0,0,0,0,0,0,0,0,0,42000,0,0,0,62000,20000,42000,42000
058936,國喬中信99購01  ,0,0,0,0,0,0,0,0,0,42000,0,0,0,52000,10000,42000,42000
057347,國巨統一9A購03  ,0,0,0,0,0,0,0,0,0,42000,0,0,0,42000,0,42000,42000
060158,廣達永豐9A購01  ,0,0,0,0,0,0,0,0,0,42000,0,0,0,141000,99000,42000,42000
059637,大立光凱基01購01,0,0,0,0,0,0,0,0,0,42000,0,0,0,62000,20000,42000,42000
061469,瑞祺群益9A購02  ,0,0,0,0,0,0,0,0,0,42000,0,0,0,52000,10000,42000,42000
062264,南六元大9B購02  ,0,0,0,0,0,0,0,0,0,42000,0,0,0,66000,24000,42000,42000
063722,遠東新元大9B購02,0,0,0,0,0,0,0,0,0,42000,0,0,0,152000,110000,42000,42000
063435,儒鴻統一01購02  ,0,0,0,0,0,0,0,0,0,42000,0,0,0,42000,0,42000,42000
067791,康舒群益01購01  ,0,0,0,0,0,0,0,0,0,42000,0,0,0,419000,377000,42000,42000
066266,強茂元大01購01  ,0,0,0,0,0,0,0,0,0,42000,0,0,0,53000,11000,42000,42000
065906,瑞昱永豐9C購01  ,0,0,0,0,0,0,0,0,0,42000,0,0,0,77000,35000,42000,42000
065598,微星元大01購02  ,0,0,0,0,0,0,0,0,0,42000,0,0,0,42000,0,42000,42000
065587,亞德客永豐9C購02,0,0,0,0,0,0,0,0,0,42000,0,0,0,42000,0,42000,42000
068461,瑞儀國票03購01  ,0,0,0,0,0,0,0,0,0,41000,0,0,0,41000,0,41000,41000
059662,旭富元大9C購01  ,0,0,0,0,0,0,0,0,0,41000,0,0,0,41000,0,41000,41000
052987,華新科元大99購01,0,0,0,0,0,0,0,0,0,41000,0,0,0,41000,0,41000,41000
00681R,元大美債20反1   ,0,0,0,0,0,0,0,0,0,41000,0,0,0,51000,10000,41000,41000
064701,巨大群益9C購02  ,0,0,0,0,0,0,0,0,0,41000,0,0,0,41000,0,41000,41000
063820,華邦電麥證01購01,0,0,0,41000,0,41000,0,0,0,41000,0,0,0,41000,0,41000,41000
063139,聯發科統一9B購07,0,0,0,0,0,0,0,0,0,41000,0,0,0,41000,0,41000,41000
064189,TPK永豐9C購01   ,0,0,0,0,0,0,0,0,0,41000,0,0,0,51000,10000,41000,41000
064760,玉晶光凱基01購02,0,0,0,0,0,0,0,0,0,41000,0,0,0,250000,209000,41000,41000
065900,瑞祺國泰02購01  ,0,0,0,0,0,0,0,0,0,41000,0,0,0,42000,1000,41000,41000
066656,滬深2X凱基03購02,0,0,0,0,0,0,0,0,0,41000,0,0,0,41000,0,41000,41000
067436,訊連凱基01購01  ,0,0,0,0,0,0,0,0,0,41000,0,0,0,41000,0,41000,41000
067255,日月光國票02購01,0,0,0,0,0,0,0,0,0,41000,0,0,0,41000,0,41000,41000
08739P,台郡凱基01售03  ,0,0,0,0,0,0,0,0,0,41000,0,0,0,90000,49000,41000,41000
068451,台積電國票01購11,0,0,0,0,0,0,0,0,0,40000,0,0,0,40000,0,40000,40000
068626,帆宣群益02購01  ,0,0,0,0,0,0,0,0,0,40000,0,0,0,61000,21000,40000,40000
068133,鎧勝統一03購01  ,0,0,0,0,0,0,0,0,0,40000,0,0,0,40000,0,40000,40000
068368,國巨富邦04購01  ,0,0,0,0,0,0,0,0,0,40000,0,0,0,50000,10000,40000,40000
068843,國巨統一03購05  ,0,0,0,0,0,0,0,0,0,40000,0,0,0,40000,0,40000,40000
069071,台勝科麥證02購01,0,0,0,40000,0,40000,0,0,0,40000,0,0,0,40000,0,40000,40000
069196,景碩台新02購01  ,0,0,0,0,0,0,0,0,0,40000,0,0,0,138000,98000,40000,40000
069286,鴻海國泰04購01  ,0,0,0,0,0,0,0,0,0,40000,0,0,0,40000,0,40000,40000
069296,華新科中信02購01,0,0,0,0,0,0,0,0,0,40000,0,0,0,41000,1000,40000,40000
069397,上銀統一04購01  ,0,0,0,0,0,0,0,0,0,40000,0,0,0,312000,272000,40000,40000
069682,聯發科元大02購21,0,0,0,0,0,0,0,0,0,40000,0,0,0,90000,50000,40000,40000
07502P,美食元大9A售01  ,0,0,0,0,0,0,0,0,0,40000,0,0,0,40000,0,40000,40000
07474P,滬深2X群益9C售03,0,0,0,0,0,0,0,0,0,40000,0,0,0,40000,0,40000,40000
03161P,景碩元大01售03  ,0,0,0,0,0,0,0,0,0,40000,0,0,0,87000,47000,40000,40000
03217P,臺股指群益02售02,0,0,0,0,0,0,0,0,0,40000,0,0,0,150000,110000,40000,40000
03122P,台積電元大01售44,0,0,0,0,0,0,0,0,0,40000,0,0,0,40000,0,40000,40000
053120,復盛中信9A購01  ,0,0,0,0,0,0,0,0,0,40000,0,0,0,40000,0,40000,40000
054592,美律永昌9A購01  ,0,0,0,0,0,0,0,0,0,40000,0,0,0,40000,0,40000,40000
058852,貿聯群益99購04  ,0,0,0,0,0,0,0,0,0,40000,0,0,0,40000,0,40000,40000
060988,華新科元大9A購12,0,0,0,0,0,0,0,0,0,40000,0,0,0,100000,60000,40000,40000
03418P,大毅群益02售03  ,0,0,0,0,0,0,0,0,0,40000,0,0,0,286000,246000,40000,40000
057401,晶豪科群益99購01,0,0,0,0,0,0,0,0,0,40000,0,0,0,40000,0,40000,40000
058705,長榮航元大99購01,0,0,0,0,0,0,0,0,0,40000,0,0,0,40000,0,40000,40000
059535,玉山金凱基99購01,0,0,0,0,0,0,0,0,0,40000,0,0,0,40000,0,40000,40000
061581,貿聯元大9A購05  ,0,0,0,0,0,0,0,0,0,40000,0,0,0,40000,0,40000,40000
060233,宏碁元大9A購01  ,0,0,0,0,0,0,0,0,0,40000,0,0,0,40000,0,40000,40000
059350,樺漢凱基9A購01  ,0,0,0,0,0,0,0,0,0,40000,0,0,0,40000,0,40000,40000
064232,鴻海統一01購04  ,0,0,0,0,0,0,0,0,0,40000,0,0,0,40000,0,40000,40000
062095,旺宏富邦9C購03  ,0,0,0,0,0,0,0,0,0,40000,0,0,0,40000,0,40000,40000
062757,華通凱基9B購02  ,0,0,0,0,0,0,0,0,0,40000,0,0,0,46000,6000,40000,40000
062746,致伸永豐9B購01  ,0,0,0,0,0,0,0,0,0,40000,0,0,0,40000,0,40000,40000
062730,致伸凱基9B購01  ,0,0,0,0,0,0,0,0,0,40000,0,0,0,40000,0,40000,40000
063146,南六統一9B購02  ,0,0,0,0,0,0,0,0,0,40000,0,0,0,40000,0,40000,40000
061778,元金2X群益9B購02,0,0,0,0,0,0,0,0,0,40000,0,0,0,89000,49000,40000,40000
064329,國巨元大01購03  ,0,0,0,0,0,0,0,0,0,40000,0,0,0,40000,0,40000,40000
063340,英業達統一9B購01,0,0,0,0,0,0,0,0,0,40000,0,0,0,40000,0,40000,40000
063310,和大群益9B購02  ,0,0,0,0,0,0,0,0,0,40000,0,0,0,40000,0,40000,40000
061354,瑞儀元大9A購01  ,0,0,0,0,0,0,0,0,0,40000,0,0,0,40000,0,40000,40000
061297,台積電富邦9C購09,0,0,0,0,0,0,0,0,0,40000,0,0,0,40000,0,40000,40000
063553,同欣電國票9B購03,0,0,0,0,0,0,0,0,0,40000,0,0,0,40000,0,40000,40000
063567,漢唐元大9B購03  ,0,0,0,0,0,0,0,0,0,40000,0,0,0,242000,202000,40000,40000
063477,訊芯元大9B購01  ,0,0,0,0,0,0,0,0,0,40000,0,0,0,41000,1000,40000,40000
063479,南六元大9B購06  ,0,0,0,0,0,0,0,0,0,40000,0,0,0,56000,16000,40000,40000
063086,祥碩凱基9C購01  ,0,0,0,0,0,0,0,0,0,40000,0,0,0,54000,14000,40000,40000
062579,華通統一01購02  ,0,0,0,0,0,0,0,0,0,40000,0,0,0,40000,0,40000,40000
067066,鴻海元大01購15  ,0,0,0,0,0,0,0,0,0,40000,0,0,0,40000,0,40000,40000
067045,聯發科凱基02購05,0,0,0,0,0,0,0,0,0,40000,0,0,0,40000,0,40000,40000
066910,華擎凱基01購03  ,0,0,0,0,0,0,0,0,0,40000,0,0,0,167000,127000,40000,40000
066820,南茂兆豐03購01  ,0,0,0,0,0,0,0,0,0,40000,0,0,0,390000,350000,40000,40000
067824,鈺齊凱基01購02  ,0,0,0,0,0,0,0,0,0,40000,0,0,0,405000,365000,40000,40000
067870,玉晶光元大01購07,0,0,0,0,0,0,0,0,0,40000,0,0,0,50000,10000,40000,40000
066514,盟立永豐01購01  ,0,0,0,0,0,0,0,0,0,40000,0,0,0,55000,15000,40000,40000
066482,華碩元富01購02  ,0,0,0,0,0,0,0,0,0,40000,0,0,0,125000,85000,40000,40000
066235,大毅富邦04購01  ,0,0,0,0,0,0,0,0,0,40000,0,0,0,110000,70000,40000,40000
065396,微星群益01購01  ,0,0,0,0,0,0,0,0,0,40000,0,0,0,40000,0,40000,40000
08873P,欣興永豐01售01  ,0,0,0,0,0,0,0,0,0,40000,0,0,0,315000,275000,40000,40000
1104,環泥            ,134000,94000,40000,0,0,0,0,0,0,0,0,0,0,0,0,0,40000
069038,聯鈞統一02購02  ,0,0,0,0,0,0,0,0,0,39000,0,0,0,149000,110000,39000,39000
068657,台積電元大02購10,0,0,0,0,0,0,0,0,0,39000,0,0,0,387000,348000,39000,39000
068499,京鼎元大01購07  ,0,0,0,0,0,0,0,0,0,39000,0,0,0,91000,52000,39000,39000
058664,百和兆豐99購01  ,0,0,0,0,0,0,0,0,0,39000,0,0,0,39000,0,39000,39000
064250,亞光元富9C購01  ,0,0,0,0,0,0,0,0,0,39000,0,0,0,39000,0,39000,39000
063415,台積電凱基03購01,0,0,0,0,0,0,0,0,0,39000,0,0,0,47000,8000,39000,39000
058828,大毅永豐99購01  ,0,0,0,0,0,0,0,0,0,39000,0,0,0,39000,0,39000,39000
063434,和潤元富9B購01  ,0,0,0,0,0,0,0,0,0,39000,0,0,0,100000,61000,39000,39000
063800,玉晶光凱基9C購02,0,0,0,0,0,0,0,0,0,39000,0,0,0,41000,2000,39000,39000
065943,台表科元富01購01,0,0,0,0,0,0,0,0,0,39000,0,0,0,40000,1000,39000,39000
066442,華碩群益01購01  ,0,0,0,0,0,0,0,0,0,39000,0,0,0,49000,10000,39000,39000
068010,台郡元大01購06  ,0,0,0,0,0,0,0,0,0,39000,0,0,0,124000,85000,39000,39000
066851,瀚宇博元大01購02,0,0,0,0,0,0,0,0,0,39000,0,0,0,304000,265000,39000,39000
08993P,彩晶元大01售02  ,0,0,0,0,0,0,0,0,0,39000,0,0,0,39000,0,39000,39000
069365,南六永豐02購02  ,0,0,0,0,0,0,0,0,0,38000,0,0,0,38000,0,38000,38000
06952P,大立光統一9A售03,0,0,0,0,0,0,0,0,0,38000,0,0,0,117000,79000,38000,38000
058773,和碩兆豐99購01  ,0,0,0,0,0,0,0,0,0,38000,0,0,0,68000,30000,38000,38000
058851,大立光群益99購07,0,0,0,0,0,0,0,0,0,38000,0,0,0,38000,0,38000,38000
050754,元金2X元富9B購01,0,0,0,0,0,0,0,0,0,38000,0,0,0,38000,0,38000,38000
03056P,台灣50兆豐03售02,0,0,0,0,0,0,0,0,0,38000,0,0,0,38000,0,38000,38000
057198,智伸科統一9B購01,0,0,0,0,0,0,0,0,0,38000,0,0,0,76000,38000,38000,38000
058592,聯發科統一9C購01,0,0,0,0,0,0,0,0,0,38000,0,0,0,59000,21000,38000,38000
063531,台表科凱基9B購04,0,0,0,0,0,0,0,0,0,38000,0,0,0,38000,0,38000,38000
064167,緯穎統一01購03  ,0,0,0,0,0,0,0,0,0,38000,0,0,0,38000,0,38000,38000
064299,宏碁兆豐9C購01  ,0,0,0,0,0,0,0,0,0,38000,0,0,0,40000,2000,38000,38000
062775,大成鋼元大9B購02,0,0,0,0,0,0,0,0,0,38000,0,0,0,109000,71000,38000,38000
064751,亞德客凱基9C購02,0,0,0,0,0,0,0,0,0,38000,0,0,0,38000,0,38000,38000
064902,健策群益01購03  ,0,0,0,0,0,0,0,0,0,38000,0,0,0,87000,49000,38000,38000
065288,華新科群益02購02,0,0,0,0,0,0,0,0,0,38000,0,0,0,142000,104000,38000,38000
065110,嘉澤國票01購01  ,0,0,0,0,0,0,0,0,0,38000,0,0,0,38000,0,38000,38000
067103,聯發科群益01購04,0,0,0,0,0,0,0,0,0,38000,0,0,0,50000,12000,38000,38000
067407,南六永豐01購03  ,0,0,0,0,0,0,0,0,0,38000,0,0,0,55000,17000,38000,38000
068044,寶成元富07購01  ,0,0,0,0,0,0,0,0,0,38000,0,0,0,46000,8000,38000,38000
066423,智原元大01購02  ,0,0,0,0,0,0,0,0,0,38000,0,0,0,38000,0,38000,38000
066217,美利達統一03購01,0,0,0,0,0,0,0,0,0,38000,0,0,0,49000,11000,38000,38000
066079,道瓊反國泰03購01,0,0,0,0,0,0,0,0,0,38000,0,0,0,38000,0,38000,38000
08345P,大立光元大9C售14,0,0,0,0,0,0,0,0,0,37000,0,0,0,37000,0,37000,37000
069345,台勝科群益04購01,0,0,0,0,0,0,0,0,0,37000,0,0,0,37000,0,37000,37000
069212,和碩元大02購02  ,0,0,0,0,0,0,0,0,0,37000,0,0,0,64000,27000,37000,37000
069190,上銀統一03購02  ,0,0,0,0,0,0,0,0,0,37000,0,0,0,517000,480000,37000,37000
069227,欣興群益02購05  ,0,0,0,0,0,0,0,0,0,37000,0,0,0,115000,78000,37000,37000
058387,國巨國票9A購03  ,0,0,0,0,0,0,0,0,0,37000,0,0,0,38000,1000,37000,37000
060865,創意永豐9A購01  ,0,0,0,0,0,0,0,0,0,37000,0,0,0,154000,117000,37000,37000
056605,台積電富邦9B購02,0,0,0,0,0,0,0,0,0,37000,0,0,0,37000,0,37000,37000
03212P,健策國票03售03  ,0,0,0,0,0,0,0,0,0,37000,0,0,0,37000,0,37000,37000
061057,華新科國票9A購04,0,0,0,0,0,0,0,0,0,37000,0,0,0,37000,0,37000,37000
061839,華新科凱基05購04,0,0,0,0,0,0,0,0,0,37000,0,0,0,45000,8000,37000,37000
064480,聚陽永豐9C購01  ,0,0,0,0,0,0,0,0,0,37000,0,0,0,59000,22000,37000,37000
063560,力山元大9B購05  ,0,0,0,0,0,0,0,0,0,37000,0,0,0,448000,411000,37000,37000
066055,聯鈞元大01購01  ,0,0,0,0,0,0,0,0,0,37000,0,0,0,37000,0,37000,37000
066277,敦泰元大01購02  ,0,0,0,0,0,0,0,0,0,37000,0,0,0,133000,96000,37000,37000
066322,群光永豐01購01  ,0,0,0,0,0,0,0,0,0,37000,0,0,0,290000,253000,37000,37000
066393,華碩凱基01購01  ,0,0,0,0,0,0,0,0,0,37000,0,0,0,66000,29000,37000,37000
067307,聯詠元大01購06  ,0,0,0,0,0,0,0,0,0,37000,0,0,0,238000,201000,37000,37000
5269,祥碩            ,446250,370000,76250,0,0,0,34000,44000,-10000,-30000,24000,64000,-40000,12000,2000,10000,36250
068602,智邦凱基01購01  ,0,0,0,0,0,0,0,0,0,36000,0,0,0,56000,20000,36000,36000
068565,建準元大01購02  ,0,0,0,0,0,0,0,0,0,36000,0,0,0,454000,418000,36000,36000
068168,臺股指元大01購18,0,0,0,0,0,0,0,0,0,36000,0,0,0,51000,15000,36000,36000
068205,京鼎凱基01購05  ,0,0,0,0,0,0,0,0,0,36000,0,0,0,43000,7000,36000,36000
07840P,康控元大9A售02  ,0,0,0,0,0,0,0,0,0,36000,0,0,0,273000,237000,36000,36000
069749,啟碁永豐02購01  ,0,0,0,0,0,0,0,0,0,36000,0,0,0,36000,0,36000,36000
069629,台達電元富08購02,0,0,0,0,0,0,0,0,0,36000,0,0,0,51000,15000,36000,36000
07423P,大立光元大99售33,0,0,0,0,0,0,0,0,0,36000,0,0,0,36000,0,36000,36000
057543,華通凱基99購02  ,0,0,0,0,0,0,0,0,0,36000,0,0,0,38000,2000,36000,36000
03451P,創意元大02售01  ,0,0,0,0,0,0,0,0,0,36000,0,0,0,105000,69000,36000,36000
047885,元金2X富邦99購01,0,0,0,0,0,0,0,0,0,36000,0,0,0,36000,0,36000,36000
061190,力山永豐9A購02  ,0,0,0,0,0,0,0,0,0,36000,0,0,0,52000,16000,36000,36000
061697,世紀鋼群益9A購03,0,0,0,0,0,0,0,0,0,36000,0,0,0,36000,0,36000,36000
063870,健策永豐01購01  ,0,0,0,0,0,0,0,0,0,36000,0,0,0,99000,63000,36000,36000
063013,技嘉元大9B購02  ,0,0,0,0,0,0,0,0,0,36000,0,0,0,42000,6000,36000,36000
061496,華新科國票9A購07,11000,0,11000,0,0,0,0,0,0,25000,0,0,0,131000,106000,25000,36000
061927,玉晶光凱基9C購01,0,0,0,0,0,0,0,0,0,36000,0,0,0,36000,0,36000,36000
064836,群創統一9C購04  ,0,0,0,0,0,0,0,0,0,36000,0,0,0,72000,36000,36000,36000
067287,瀚宇博國票02購01,0,0,0,0,0,0,0,0,0,36000,0,0,0,69000,33000,36000,36000
067228,華新群益01購01  ,0,0,0,0,0,0,0,0,0,36000,0,0,0,36000,0,36000,36000
067041,國巨凱基04購02  ,0,0,0,0,0,0,0,0,0,36000,0,0,0,100000,64000,36000,36000
068103,松翰永豐01購02  ,0,0,0,0,0,0,0,0,0,36000,0,0,0,116000,80000,36000,36000
067805,宏碁凱基01購02  ,0,0,0,0,0,0,0,0,0,36000,0,0,0,141000,105000,36000,36000
066399,聯鈞凱基01購02  ,0,0,0,0,0,0,0,0,0,36000,0,0,0,36000,0,36000,36000
066472,美利達統一02購01,0,0,0,0,0,0,0,0,0,36000,0,0,0,185000,149000,36000,36000
066337,聯陽永豐01購02  ,0,0,0,0,0,0,0,0,0,36000,0,0,0,38000,2000,36000,36000
065998,友訊國票01購02  ,0,0,0,0,0,0,0,0,0,36000,0,0,0,113000,77000,36000,36000
3032,偉訓            ,137000,271000,-134000,0,0,0,0,0,0,170000,176000,6000,170000,0,0,0,36000
1506,正道            ,55000,19000,36000,0,0,0,0,0,0,0,0,0,0,0,0,0,36000
07400P,國巨凱基99售20  ,0,0,0,0,0,0,0,0,0,35000,0,0,0,35000,0,35000,35000
07536P,華新科元富9A售04,0,0,0,0,0,0,0,0,0,35000,0,0,0,35000,0,35000,35000
07288P,台灣50凱基99售06,0,0,0,0,0,0,0,0,0,35000,0,0,0,35000,0,35000,35000
069820,啟碁國票03購01  ,0,0,0,0,0,0,0,0,0,35000,0,0,0,35000,0,35000,35000
069821,GIS國票03購02   ,0,0,0,0,0,0,0,0,0,35000,0,0,0,35000,0,35000,35000
069609,GIS國票03購01   ,0,0,0,0,0,0,0,0,0,35000,0,0,0,35000,0,35000,35000
069764,聯電元大02購20  ,0,0,0,0,0,0,0,0,0,35000,0,0,0,37000,2000,35000,35000
069707,微星國票03購02  ,0,0,0,0,0,0,0,0,0,35000,0,0,0,70000,35000,35000,35000
069471,同欣電國票03購01,0,0,0,0,0,0,0,0,0,35000,0,0,0,35000,0,35000,35000
08209P,上銀元富9B售06  ,0,0,0,0,0,0,0,0,0,35000,0,0,0,73000,38000,35000,35000
08414P,超眾凱基9C售02  ,0,0,0,0,0,0,0,0,0,35000,0,0,0,35000,0,35000,35000
068396,南電統一03購02  ,0,0,0,0,0,0,0,0,0,35000,0,0,0,45000,10000,35000,35000
068496,景碩元大01購04  ,0,0,0,0,0,0,0,0,0,35000,0,0,0,95000,60000,35000,35000
058554,瀚宇博永豐99購01,0,0,0,0,0,0,0,0,0,35000,0,0,0,36000,1000,35000,35000
059348,日月光凱基99購01,0,0,0,0,0,0,0,0,0,35000,0,0,0,35000,0,35000,35000
060328,可成群益9A購06  ,0,0,0,0,0,0,0,0,0,35000,0,0,0,35000,0,35000,35000
060414,中興電永豐9A購01,0,0,0,0,0,0,0,0,0,35000,0,0,0,111000,76000,35000,35000
058278,FBVIX中信03購02 ,0,0,0,0,0,0,0,0,0,35000,0,0,0,35000,0,35000,35000
061654,旺宏國票9A購02  ,0,0,0,0,0,0,0,0,0,35000,0,0,0,35000,0,35000,35000
03395P,大立光國泰04售02,0,0,0,0,0,0,0,0,0,35000,0,0,0,135000,100000,35000,35000
03164P,牧德元大01售03  ,0,0,0,0,0,0,0,0,0,35000,0,0,0,179000,144000,35000,35000
00783,富邦中証500     ,69000,6000,63000,0,0,0,0,0,0,-28000,0,0,0,874000,902000,-28000,35000
00714,群益道瓊美國地產,5000,0,5000,0,0,0,0,0,0,30000,0,0,0,30000,0,30000,35000
062763,華擎凱基9C購02  ,0,0,0,0,0,0,0,0,0,35000,0,0,0,40000,5000,35000,35000
061996,矽格元大9B購01  ,0,0,0,0,0,0,0,0,0,35000,0,0,0,39000,4000,35000,35000
064686,鴻海群益01購03  ,0,0,0,0,0,0,0,0,0,35000,0,0,0,41000,6000,35000,35000
063525,廣達凱基9B購02  ,0,0,0,0,0,0,0,0,0,35000,0,0,0,250000,215000,35000,35000
063344,臺企銀統一9C購01,0,0,0,0,0,0,0,0,0,35000,0,0,0,35000,0,35000,35000
063832,矽創國票01購01  ,0,0,0,0,0,0,0,0,0,35000,0,0,0,35000,0,35000,35000
061256,亞德客凱基9B購01,0,0,0,0,0,0,0,0,0,35000,0,0,0,174000,139000,35000,35000
065450,同欣電統一01購03,0,0,0,0,0,0,0,0,0,35000,0,0,0,35000,0,35000,35000
065371,漢唐元大01購01  ,0,0,0,0,0,0,0,0,0,35000,0,0,0,108000,73000,35000,35000
06535P,可成群益99售02  ,0,0,0,0,0,0,0,0,0,35000,0,0,0,35000,0,35000,35000
065488,臺股指元大9C購26,0,0,0,0,0,0,0,0,0,35000,0,0,0,35000,0,35000,35000
065513,旺宏群益9C購05  ,0,0,0,0,0,0,0,0,0,35000,0,0,0,35000,0,35000,35000
066648,可成麥證01購01  ,0,0,0,35000,50000,-15000,0,0,0,35000,0,0,0,85000,50000,35000,35000
067794,臺股指群益01購06,0,0,0,0,0,0,0,0,0,35000,0,0,0,65000,30000,35000,35000
067768,鴻海統一03購05  ,0,0,0,0,0,0,0,0,0,35000,0,0,0,50000,15000,35000,35000
067454,矽格國票02購02  ,0,0,0,0,0,0,0,0,0,35000,0,0,0,35000,0,35000,35000
067455,T50反1國泰03購01,0,0,0,0,0,0,0,0,0,35000,0,0,0,85000,50000,35000,35000
066802,亞光凱基02購01  ,0,0,0,0,0,0,0,0,0,35000,0,0,0,35000,0,35000,35000
067200,深中小元大03購01,0,0,0,0,0,0,0,0,0,35000,0,0,0,40000,5000,35000,35000
067137,健策永豐01購03  ,0,0,0,0,0,0,0,0,0,35000,0,0,0,35000,0,35000,35000
1503,士電            ,86000,45000,41000,0,0,0,0,0,0,-6000,0,6000,-6000,0,0,0,35000
1732,毛寶            ,92000,56000,36000,0,0,0,0,0,0,-1000,4000,5000,-1000,0,0,0,35000
1737,臺鹽            ,73000,32000,41000,0,0,0,0,0,0,-6000,0,6000,-6000,0,0,0,35000
2420,新巨            ,61000,37000,24000,0,0,0,0,0,0,11000,11000,0,11000,0,0,0,35000
3607,谷崧            ,53000,18000,35000,0,0,0,0,0,0,0,1000,1000,0,0,0,0,35000
07490P,大立光國票9A售03,0,0,0,0,0,0,0,0,0,34000,0,0,0,34000,0,34000,34000
056763,國巨元大99購02  ,0,0,0,0,0,0,0,0,0,34000,0,0,0,84000,50000,34000,34000
03074P,大立光國泰03售05,0,0,0,0,0,0,0,0,0,34000,0,0,0,54000,20000,34000,34000
061035,亞光永豐9A購01  ,0,0,0,0,0,0,0,0,0,34000,0,0,0,34000,0,34000,34000
060390,聯鈞群益9A購01  ,0,0,0,0,0,0,0,0,0,34000,0,0,0,34000,0,34000,34000
061091,奇力新統一9C購02,0,0,0,0,0,0,0,0,0,34000,0,0,0,34000,0,34000,34000
061138,晶技統一9C購01  ,0,0,0,0,0,0,0,0,0,34000,0,0,0,93000,59000,34000,34000
061286,大立光統一9A購05,0,0,0,0,0,0,0,0,0,34000,0,0,0,34000,0,34000,34000
063519,聚陽凱基9B購02  ,0,0,0,0,0,0,0,0,0,34000,0,0,0,42000,8000,34000,34000
064492,技嘉元大9C購01  ,0,0,0,0,0,0,0,0,0,34000,0,0,0,35000,1000,34000,34000
064888,景碩中信9C購01  ,0,0,0,0,0,0,0,0,0,34000,0,0,0,219000,185000,34000,34000
064745,聯鈞國票01購01  ,0,0,0,0,0,0,0,0,0,34000,0,0,0,34000,0,34000,34000
065210,健策國票01購03  ,0,0,0,0,0,0,0,0,0,34000,0,0,0,81000,47000,34000,34000
066978,國巨群益01購03  ,0,0,0,0,0,0,0,0,0,34000,0,0,0,35000,1000,34000,34000
067906,國揚國泰02購01  ,0,0,0,0,0,0,0,0,0,34000,0,0,0,45000,11000,34000,34000
066439,信錦群益02購01  ,0,0,0,0,0,0,0,0,0,34000,0,0,0,34000,0,34000,34000
065518,聯鈞群益9C購02  ,0,0,0,0,0,0,0,0,0,34000,0,0,0,35000,1000,34000,34000
065980,中租元大02購01  ,0,0,0,0,0,0,0,0,0,34000,0,0,0,34000,0,34000,34000
3005,神基            ,543000,537000,6000,0,0,0,0,0,0,28000,88000,3000,85000,26000,83000,-57000,34000
069768,台積電元大03購06,0,0,0,0,0,0,0,0,0,33000,0,0,0,38000,5000,33000,33000
08219P,上銀凱基9B售08  ,0,0,0,0,0,0,0,0,0,33000,0,0,0,114000,81000,33000,33000
069073,美利達中信03購02,0,0,0,0,0,0,0,0,0,33000,0,0,0,33000,0,33000,33000
058477,億光凱基9A購01  ,0,0,0,0,0,0,0,0,0,33000,0,0,0,33000,0,33000,33000
057568,友訊永豐99購01  ,0,0,0,0,0,0,0,0,0,33000,0,0,0,71000,38000,33000,33000
0054,元大台商50      ,0,0,0,0,0,0,0,0,0,33000,0,0,0,34000,1000,33000,33000
065271,日月光元大9C購02,0,0,0,0,0,0,0,0,0,33000,0,0,0,61000,28000,33000,33000
065046,玉晶光凱基01購03,0,0,0,0,0,0,0,0,0,33000,0,0,0,36000,3000,33000,33000
064465,台表科統一01購02,0,0,0,0,0,0,0,0,0,33000,0,0,0,33000,0,33000,33000
064237,奇鋐統一01購01  ,0,0,0,0,0,0,0,0,0,33000,0,0,0,33000,0,33000,33000
063261,康控富邦03購01  ,0,0,0,0,0,0,0,0,0,33000,0,0,0,34000,1000,33000,33000
062974,奇力新元富9B購01,0,0,0,0,0,0,0,0,0,33000,0,0,0,33000,0,33000,33000
063197,遠東新統一9C購01,0,0,0,0,0,0,0,0,0,33000,0,0,0,191000,158000,33000,33000
066093,世紀鋼永豐01購01,0,0,0,0,0,0,0,0,0,33000,0,0,0,33000,0,33000,33000
066201,大毅統一02購01  ,0,0,0,0,0,0,0,0,0,33000,0,0,0,38000,5000,33000,33000
068077,晶技凱基02購01  ,0,0,0,0,0,0,0,0,0,33000,0,0,0,33000,0,33000,33000
067487,京鼎元大01購06  ,0,0,0,0,0,0,0,0,0,33000,0,0,0,66000,33000,33000,33000
066830,國揚群益01購01  ,0,0,0,0,0,0,0,0,0,33000,0,0,0,40000,7000,33000,33000
2430,燦坤            ,100000,43000,57000,0,0,0,0,0,0,-24000,1000,25000,-24000,0,0,0,33000
08725P,臺股指元大01售06,0,0,0,0,0,0,0,0,0,33000,0,0,0,51000,18000,33000,33000
08666P,智邦國票02售01  ,0,0,0,0,0,0,0,0,0,33000,0,0,0,95000,62000,33000,33000
069379,微星元大03購01  ,0,0,0,0,0,0,0,0,0,32000,0,0,0,326000,294000,32000,32000
068476,聯鈞群益01購02  ,0,0,0,0,0,0,0,0,0,32000,0,0,0,39000,7000,32000,32000
068134,上証反元大04購01,0,0,0,0,0,0,0,0,0,32000,0,0,0,32000,0,32000,32000
08298P,大立光國票9C售01,0,0,0,0,0,0,0,0,0,32000,0,0,0,56000,24000,32000,32000
08542P,台勝科國票02售01,0,0,0,0,0,0,0,0,0,32000,0,0,0,32000,0,32000,32000
08445P,臺股指麥證9C售03,0,0,0,32000,0,32000,0,0,0,32000,0,0,0,32000,0,32000,32000
08612P,嘉晶凱基9C售03  ,0,0,0,0,0,0,0,0,0,32000,0,0,0,212000,180000,32000,32000
00665L,富邦恒生國企正2 ,271000,277000,-6000,0,0,0,0,0,0,38000,0,0,0,78000,40000,38000,32000
03020P,大立光群益01售11,0,0,0,0,0,0,0,0,0,32000,0,0,0,32000,0,32000,32000
03084P,鴻海元大01售23  ,0,0,0,0,0,0,0,0,0,32000,0,0,0,56000,24000,32000,32000
03072P,台積電國泰03售04,0,0,0,0,0,0,0,0,0,32000,0,0,0,188000,156000,32000,32000
03419P,玉晶光群益03售04,0,0,0,0,0,0,0,0,0,32000,0,0,0,37000,5000,32000,32000
063226,康控群益9B購03  ,0,0,0,0,0,0,0,0,0,32000,0,0,0,32000,0,32000,32000
062952,台積電永豐9B購02,0,0,0,0,0,0,0,0,0,32000,0,0,0,44000,12000,32000,32000
064578,TPK國泰02購01   ,0,0,0,0,0,0,0,0,0,32000,0,0,0,56000,24000,32000,32000
065138,上銀凱基02購01  ,0,0,0,0,0,0,0,0,0,32000,0,0,0,75000,43000,32000,32000
067913,華城永豐01購03  ,0,0,0,0,0,0,0,0,0,32000,0,0,0,110000,78000,32000,32000
067790,台表科群益01購03,0,0,0,0,0,0,0,0,0,32000,0,0,0,85000,53000,32000,32000
066147,美利達群益01購01,0,0,0,0,0,0,0,0,0,32000,0,0,0,34000,2000,32000,32000
065515,大立光群益02購01,0,0,0,0,0,0,0,0,0,32000,0,0,0,32000,0,32000,32000
065674,華擎凱基9C購03  ,0,0,0,0,0,0,0,0,0,32000,0,0,0,35000,3000,32000,32000
065357,立積元富03購01  ,0,0,0,0,0,0,0,0,0,32000,0,0,0,36000,4000,32000,32000
08976P,臺股指群益01售10,0,0,0,0,0,0,0,0,0,32000,0,0,0,136000,104000,32000,32000
08844P,滬深2X元大03售03,0,0,0,0,0,0,0,0,0,32000,0,0,0,32000,0,32000,32000
1234,黑松            ,43000,6000,37000,0,0,0,0,0,0,-5000,0,5000,-5000,0,0,0,32000
08560P,茂林國票01售01  ,0,0,0,0,0,0,0,0,0,31000,0,0,0,93000,62000,31000,31000
068336,瀚宇博元大01購05,0,0,0,0,0,0,0,0,0,31000,0,0,0,249000,218000,31000,31000
060608,玉晶光凱基9A購08,0,0,0,0,0,0,0,0,0,31000,0,0,0,31000,0,31000,31000
053294,聯發科中信9C購01,0,0,0,0,0,0,0,0,0,31000,0,0,0,31000,0,31000,31000
058210,臺股指凱基9C購04,0,0,0,0,0,0,0,0,0,31000,0,0,0,31000,0,31000,31000
058014,上銀凱基99購02  ,0,0,0,0,0,0,0,0,0,31000,0,0,0,35000,4000,31000,31000
062218,燿華統一01購01  ,0,0,0,0,0,0,0,0,0,31000,0,0,0,244000,213000,31000,31000
062749,元金2X中信9B購01,0,0,0,0,0,0,0,0,0,31000,0,0,0,75000,44000,31000,31000
064150,全新統一01購03  ,0,0,0,0,0,0,0,0,0,31000,0,0,0,31000,0,31000,31000
063305,亞光凱基9B購01  ,0,0,0,0,0,0,0,0,0,31000,0,0,0,32000,1000,31000,31000
066241,瑞祺富邦03購01  ,0,0,0,0,0,0,0,0,0,31000,0,0,0,151000,120000,31000,31000
066459,智原統一01購01  ,0,0,0,0,0,0,0,0,0,31000,0,0,0,51000,20000,31000,31000
068075,欣興凱基01購04  ,0,0,0,0,0,0,0,0,0,31000,0,0,0,85000,54000,31000,31000
068093,達欣工群益01購01,0,0,0,0,0,0,0,0,0,31000,0,0,0,31000,0,31000,31000
068024,聚陽元富07購02  ,0,0,0,0,0,0,0,0,0,31000,0,0,0,61000,30000,31000,31000
066898,聯發科康和01購01,0,0,0,0,0,0,0,0,0,31000,0,0,0,81000,50000,31000,31000
4560,強信-KY         ,95000,64000,31000,0,0,0,0,0,0,0,0,0,0,0,0,0,31000
4989,榮科            ,99000,68000,31000,0,0,0,0,0,0,0,1000,1000,0,0,0,0,31000
068415,台積電中信07購04,0,0,0,0,0,0,0,0,0,30000,0,0,0,84000,54000,30000,30000
068419,聯發科兆豐03購02,0,0,0,0,0,0,0,0,0,30000,0,0,0,50000,20000,30000,30000
068475,晶技群益01購04  ,0,0,0,0,0,0,0,0,0,30000,0,0,0,32000,2000,30000,30000
06937P,GIS元大98售03   ,0,0,0,0,0,0,0,0,0,30000,0,0,0,30000,0,30000,30000
069438,中工康和03購01  ,0,0,0,0,0,0,0,0,0,30000,0,0,0,30000,0,30000,30000
069202,台積電元大02購22,0,0,0,0,0,0,0,0,0,30000,0,0,0,109000,79000,30000,30000
068980,欣興元大02購06  ,0,0,0,0,0,0,0,0,0,30000,0,0,0,31000,1000,30000,30000
08607P,聯發科富邦03售04,0,0,0,0,0,0,0,0,0,30000,0,0,0,30000,0,30000,30000
08473P,康控凱基9C售01  ,0,0,0,0,0,0,0,0,0,30000,0,0,0,30000,0,30000,30000
08234P,華擎元富9B售03  ,0,0,0,0,0,0,0,0,0,30000,0,0,0,30000,0,30000,30000
07780P,美律凱基9A售02  ,0,0,0,0,0,0,0,0,0,30000,0,0,0,30000,0,30000,30000
07615P,華通中信02售02  ,0,0,0,0,0,0,0,0,0,30000,0,0,0,30000,0,30000,30000
07867P,晶技元大9B售01  ,0,0,0,0,0,0,0,0,0,30000,0,0,0,30000,0,30000,30000
069721,宏碁群益04購01  ,0,0,0,0,0,0,0,0,0,30000,0,0,0,106000,76000,30000,30000
069529,信錦群益03購01  ,0,0,0,0,0,0,0,0,0,30000,0,0,0,30000,0,30000,30000
07338P,滬深2X凱基99售02,0,0,0,0,0,0,0,0,0,30000,0,0,0,30000,0,30000,30000
07349P,大立光凱基99售16,0,0,0,0,0,0,0,0,0,30000,0,0,0,30000,0,30000,30000
07215P,大立光凱基99售07,0,0,0,0,0,0,0,0,0,30000,0,0,0,30000,0,30000,30000
058249,緯穎元大99購04  ,0,0,0,0,0,0,0,0,0,30000,0,0,0,30000,0,30000,30000
060531,大立光中信9A購04,0,0,0,0,0,0,0,0,0,30000,0,0,0,55000,25000,30000,30000
062519,元金2X元大9B購03,0,0,0,0,0,0,0,0,0,30000,0,0,0,30000,0,30000,30000
061092,可成統一9C購02  ,0,0,0,0,0,0,0,0,0,30000,0,0,0,40000,10000,30000,30000
060712,建準永豐9A購01  ,0,0,0,0,0,0,0,0,0,30000,0,0,0,40000,10000,30000,30000
060747,聯鈞國票9A購02  ,0,0,0,0,0,0,0,0,0,30000,0,0,0,30000,0,30000,30000
060411,達新永豐9A購01  ,0,0,0,0,0,0,0,0,0,30000,0,0,0,40000,10000,30000,30000
059268,鎧勝中信01購01  ,0,0,0,0,0,0,0,0,0,30000,0,0,0,30000,0,30000,30000
058655,鴻海中信03購02  ,0,0,0,0,0,0,0,0,0,30000,0,0,0,30000,0,30000,30000
060050,鴻海凱基9B購01  ,0,0,0,0,0,0,0,0,0,30000,0,0,0,30000,0,30000,30000
03456B,臺股指元大03熊03,0,0,0,0,0,0,0,0,0,30000,0,0,0,30000,0,30000,30000
03472P,台灣50元大03售06,0,0,0,0,0,0,0,0,0,30000,0,0,0,30000,0,30000,30000
060637,玉晶光永豐9A購03,0,0,0,0,0,0,0,0,0,30000,0,0,0,90000,60000,30000,30000
058947,SGBR2X群益9B購02,0,0,0,0,0,0,0,0,0,30000,0,0,0,30000,0,30000,30000
061052,和大群益9A購01  ,0,0,0,0,0,0,0,0,0,30000,0,0,0,30000,0,30000,30000
059051,和大凱基9A購01  ,0,0,0,0,0,0,0,0,0,30000,0,0,0,40000,10000,30000,30000
060963,禾伸堂凱基9A購01,0,0,0,0,0,0,0,0,0,30000,0,0,0,30000,0,30000,30000
058963,華新科兆豐99購05,0,0,0,0,0,0,0,0,0,30000,0,0,0,30000,0,30000,30000
059029,旺宏兆豐99購01  ,0,0,0,0,0,0,0,0,0,30000,0,0,0,30000,0,30000,30000
057567,嘉聯益富邦9A購01,0,0,0,0,0,0,0,0,0,30000,0,0,0,30000,0,30000,30000
057218,可成群益99購03  ,0,0,0,0,0,0,0,0,0,30000,0,0,0,30000,0,30000,30000
03350P,台積電麥證02售06,0,0,0,30000,0,30000,0,0,0,30000,0,0,0,30000,0,30000,30000
03331P,臺股指群益02售05,0,0,0,0,0,0,0,0,0,30000,0,0,0,30000,0,30000,30000
03009P,玉晶光凱基01售08,0,0,0,0,0,0,0,0,0,30000,0,0,0,430000,400000,30000,30000
03198P,台積電統一01售15,0,0,0,0,0,0,0,0,0,30000,0,0,0,30000,0,30000,30000
03209P,台積電國票02售05,0,0,0,0,0,0,0,0,0,30000,0,0,0,30000,0,30000,30000
00728,第一金工業30    ,0,0,0,0,0,0,0,0,0,30000,0,0,0,254000,224000,30000,30000
061754,晶技麥證9B購01  ,0,0,0,30000,0,30000,0,0,0,30000,0,0,0,30000,0,30000,30000
063167,同欣電永豐9B購03,0,0,0,0,0,0,0,0,0,30000,0,0,0,60000,30000,30000,30000
063113,聯茂兆豐9B購01  ,0,0,0,0,0,0,0,0,0,30000,0,0,0,30000,0,30000,30000
064166,和潤統一02購01  ,0,0,0,0,0,0,0,0,0,30000,0,0,0,32000,2000,30000,30000
064295,聚陽國票01購01  ,0,0,0,0,0,0,0,0,0,30000,0,0,0,30000,0,30000,30000
063930,高鐵統一02購02  ,0,0,0,0,0,0,0,0,0,30000,0,0,0,30000,0,30000,30000
063997,泰鼎群益9C購01  ,0,0,0,0,0,0,0,0,0,30000,0,0,0,30000,0,30000,30000
063474,康控元大9B購04  ,0,0,0,0,0,0,0,0,0,30000,0,0,0,30000,0,30000,30000
061804,國巨中信9B購02  ,0,0,0,0,0,0,0,0,0,30000,0,0,0,30000,0,30000,30000
064506,康控元大9C購02  ,0,0,0,0,0,0,0,0,0,30000,0,0,0,30000,0,30000,30000
064611,亞德客元大9C購02,0,0,0,0,0,0,0,0,0,30000,0,0,0,30000,0,30000,30000
064896,華新科群益01購02,0,0,0,0,0,0,0,0,0,30000,0,0,0,34000,4000,30000,30000
064769,漢翔中信9C購01  ,0,0,0,0,0,0,0,0,0,30000,0,0,0,30000,0,30000,30000
061949,大立光群益9B購03,0,0,0,0,0,0,0,0,0,30000,0,0,0,50000,20000,30000,30000
063617,鴻海兆豐01購01  ,0,0,0,0,0,0,0,0,0,30000,0,0,0,30000,0,30000,30000
067099,友訊群益01購04  ,0,0,0,0,0,0,0,0,0,30000,0,0,0,136000,106000,30000,30000
067184,聯發科凱基01購13,0,0,0,0,0,0,0,0,0,30000,0,0,0,55000,25000,30000,30000
067160,燿華國票03購01  ,0,0,0,0,0,0,0,0,0,30000,0,0,0,40000,10000,30000,30000
067243,華擎群益01購04  ,0,0,0,0,0,0,0,0,0,30000,0,0,0,301000,271000,30000,30000
067321,南六元大01購05  ,0,0,0,0,0,0,0,0,0,30000,0,0,0,128000,98000,30000,30000
067814,緯創凱基01購02  ,0,0,0,0,0,0,0,0,0,30000,0,0,0,30000,0,30000,30000
067872,玉晶光元大02購03,0,0,0,0,0,0,0,0,0,30000,0,0,0,35000,5000,30000,30000
067483,禾伸堂元大01購02,0,0,0,0,0,0,0,0,0,30000,0,0,0,40000,10000,30000,30000
066506,宏達電富邦03購01,0,0,0,0,0,0,0,0,0,30000,0,0,0,30000,0,30000,30000
066145,昇陽半群益01購01,0,0,0,0,0,0,0,0,0,30000,0,0,0,30000,0,30000,30000
066168,強茂凱基01購02  ,0,0,0,0,0,0,0,0,0,30000,0,0,0,160000,130000,30000,30000
065545,華通兆豐9C購03  ,0,0,0,0,0,0,0,0,0,30000,0,0,0,30000,0,30000,30000
066019,T50反1群益01購03,0,0,0,0,0,0,0,0,0,30000,0,0,0,30000,0,30000,30000
065724,國巨凱基9C購11  ,0,0,0,0,0,0,0,0,0,30000,0,0,0,40000,10000,30000,30000
3049,和鑫            ,1203000,1212000,-9000,0,0,0,0,0,0,39000,51000,0,51000,2000,14000,-12000,30000
08885P,台積電國泰03售02,0,0,0,0,0,0,0,0,0,30000,0,0,0,30000,0,30000,30000
08682P,鴻海凱基01售06  ,0,0,0,0,0,0,0,0,0,30000,0,0,0,30000,0,30000,30000
08766P,臺股指中信03售03,0,0,0,0,0,0,0,0,0,30000,0,0,0,30000,0,30000,30000
069638,百和元富03購01  ,0,0,0,0,0,0,0,0,0,29000,0,0,0,391000,362000,29000,29000
068141,鴻海元大01購25  ,0,0,0,0,0,0,0,0,0,29000,0,0,0,62000,33000,29000,29000
00680L,元大美債20正2   ,0,1000,-1000,0,0,0,0,0,0,30000,0,0,0,42000,12000,30000,29000
058706,聯鈞元大9C購01  ,0,0,0,0,0,0,0,0,0,29000,0,0,0,118000,89000,29000,29000
03689C,T50反1元大02牛01,0,0,0,0,0,0,0,0,0,29000,0,0,0,889000,860000,29000,29000
061142,南電統一9A購01  ,0,0,0,0,0,0,0,0,0,29000,0,0,0,29000,0,29000,29000
060855,華新科富邦01購01,0,0,0,0,0,0,0,0,0,29000,0,0,0,30000,1000,29000,29000
06485P,玉晶光群益9A售02,0,0,0,0,0,0,0,0,0,29000,0,0,0,30000,1000,29000,29000
064848,金像電元富9C購02,0,0,0,0,0,0,0,0,0,29000,0,0,0,31000,2000,29000,29000
064228,同欣電國票01購01,0,0,0,0,0,0,0,0,0,29000,0,0,0,70000,41000,29000,29000
061877,貿聯元大9B購01  ,0,0,0,0,0,0,0,0,0,29000,0,0,0,29000,0,29000,29000
062688,華擎統一01購03  ,0,0,0,0,0,0,0,0,0,29000,0,0,0,29000,0,29000,29000
064342,晶技元大9C購01  ,0,0,0,0,0,0,0,0,0,29000,0,0,0,34000,5000,29000,29000
065903,聯發科富邦02購02,0,0,0,0,0,0,0,0,0,29000,0,0,0,43000,14000,29000,29000
065588,聯發科永豐9C購02,0,0,0,0,0,0,0,0,0,29000,0,0,0,29000,0,29000,29000
065367,技嘉元大01購01  ,0,0,0,0,0,0,0,0,0,29000,0,0,0,30000,1000,29000,29000
065312,日月光國票01購01,0,0,0,0,0,0,0,0,0,29000,0,0,0,89000,60000,29000,29000
066144,惠特群益01購02  ,0,0,0,0,0,0,0,0,0,29000,0,0,0,29000,0,29000,29000
066553,大立光元大01購09,0,0,0,0,0,0,0,0,0,29000,0,0,0,39000,10000,29000,29000
067360,日月光群益01購01,0,0,0,0,0,0,0,0,0,29000,0,0,0,29000,0,29000,29000
067395,金像電永豐01購04,0,0,0,0,0,0,0,0,0,29000,0,0,0,58000,29000,29000,29000
066766,嘉澤永豐01購01  ,0,0,0,0,0,0,0,0,0,29000,0,0,0,38000,9000,29000,29000
066717,上証2X元大01購01,0,0,0,0,0,0,0,0,0,29000,0,0,0,58000,29000,29000,29000
2540,愛山林          ,46000,15000,31000,0,0,0,0,0,0,-2000,0,2000,-2000,0,0,0,29000
068793,聯詠凱基03購03  ,0,0,0,0,0,0,0,0,0,28000,0,0,0,100000,72000,28000,28000
069461,大毅兆豐03購01  ,0,0,0,0,0,0,0,0,0,28000,0,0,0,28000,0,28000,28000
07891P,臺股指國票9B售01,0,0,0,0,0,0,0,0,0,28000,0,0,0,28000,0,28000,28000
07905P,大立光群益9B售04,0,0,0,0,0,0,0,0,0,28000,0,0,0,29000,1000,28000,28000
08365P,貿聯凱基9C售01  ,0,0,0,0,0,0,0,0,0,28000,0,0,0,33000,5000,28000,28000
08450P,台積電統一9C售14,0,0,0,0,0,0,0,0,0,28000,0,0,0,28000,0,28000,28000
08549P,大立光元大9C售25,0,0,0,0,0,0,0,0,0,28000,0,0,0,28000,0,28000,28000
064102,宏達電群益9C購01,0,0,0,0,0,0,0,0,0,28000,0,0,0,48000,20000,28000,28000
064522,華擎群益01購01  ,0,0,0,0,0,0,0,0,0,28000,0,0,0,136000,108000,28000,28000
058528,世紀鋼元大99購02,0,0,0,0,0,0,0,0,0,28000,0,0,0,30000,2000,28000,28000
060404,台勝科國泰9B購01,0,0,0,0,0,0,0,0,0,28000,0,0,0,28000,0,28000,28000
03481P,欣興群益02售08  ,0,0,0,0,0,0,0,0,0,28000,0,0,0,99000,71000,28000,28000
064343,健鼎元大9C購01  ,0,0,0,0,0,0,0,0,0,28000,0,0,0,32000,4000,28000,28000
063561,上銀元大9B購08  ,0,0,0,0,0,0,0,0,0,28000,0,0,0,48000,20000,28000,28000
063684,上銀永豐9B購02  ,0,0,0,0,0,0,0,0,0,28000,0,0,0,56000,28000,28000,28000
061269,嘉澤凱基9A購01  ,0,0,0,0,0,0,0,0,0,28000,0,0,0,28000,0,28000,28000
061378,南六永豐9A購03  ,0,0,0,0,0,0,0,0,0,28000,0,0,0,56000,28000,28000,28000
063443,金像電統一01購02,0,0,0,0,0,0,0,0,0,28000,0,0,0,28000,0,28000,28000
062227,南六統一01購02  ,0,0,0,0,0,0,0,0,0,28000,0,0,0,100000,72000,28000,28000
063610,儒鴻群益9B購02  ,0,0,0,0,0,0,0,0,0,28000,0,0,0,39000,11000,28000,28000
066896,緯穎兆豐03購01  ,0,0,0,0,0,0,0,0,0,28000,0,0,0,28000,0,28000,28000
067749,申豐元大01購02  ,0,0,0,0,0,0,0,0,0,28000,0,0,0,30000,2000,28000,28000
067639,奇力新統一01購06,0,0,0,0,0,0,0,0,0,28000,0,0,0,143000,115000,28000,28000
067849,瀚宇博元富04購01,0,0,0,0,0,0,0,0,0,28000,0,0,0,332000,304000,28000,28000
067836,聯發科統一03購05,0,0,0,0,0,0,0,0,0,28000,0,0,0,35000,7000,28000,28000
065400,華擎群益01購02  ,0,0,0,0,0,0,0,0,0,28000,0,0,0,28000,0,28000,28000
065635,智伸科國票01購02,0,0,0,0,0,0,0,0,0,28000,0,0,0,28000,0,28000,28000
5388,中磊            ,632000,592000,40000,0,0,0,0,0,0,-12000,1000,2000,-1000,28000,39000,-11000,28000
08877P,臺股指中信04售03,0,0,0,0,0,0,0,0,0,28000,0,0,0,31000,3000,28000,28000
08578P,TPK元大9C售04   ,0,0,0,0,0,0,0,0,0,27000,0,0,0,71000,44000,27000,27000
069893,台積電元大02購32,0,0,0,0,0,0,0,0,0,27000,0,0,0,27000,0,27000,27000
068860,聯發科元富08購01,0,0,0,0,0,0,0,0,0,27000,0,0,0,62000,35000,27000,27000
069102,TPK統一04購03   ,0,0,0,0,0,0,0,0,0,27000,0,0,0,27000,0,27000,27000
068275,健策永豐01購04  ,0,0,0,0,0,0,0,0,0,27000,0,0,0,27000,0,27000,27000
054658,道瓊銀元大9A購01,0,0,0,0,0,0,0,0,0,27000,0,0,0,27000,0,27000,27000
00771,元大US高息特別股,0,0,0,0,0,0,0,0,0,27000,0,0,0,143000,116000,27000,27000
03329P,大立光群益02售06,0,0,0,0,0,0,0,0,0,27000,0,0,0,32000,5000,27000,27000
060388,世紀鋼凱基9B購01,0,0,0,0,0,0,0,0,0,27000,0,0,0,69000,42000,27000,27000
059425,SGBR2X元大9A購02,0,0,0,0,0,0,0,0,0,27000,0,0,0,30000,3000,27000,27000
064670,智伸科元大9C購01,0,0,0,0,0,0,0,0,0,27000,0,0,0,128000,101000,27000,27000
062925,建準國票9B購01  ,0,0,0,0,0,0,0,0,0,27000,0,0,0,152000,125000,27000,27000
063529,聯茂凱基9B購02  ,0,0,0,0,0,0,0,0,0,27000,0,0,0,27000,0,27000,27000
064346,貿聯元大01購01  ,0,0,0,0,0,0,0,0,0,27000,0,0,0,231000,204000,27000,27000
065851,京鼎元大02購01  ,0,0,0,0,0,0,0,0,0,27000,0,0,0,52000,25000,27000,27000
066138,健策群益01購05  ,0,0,0,0,0,0,0,0,0,27000,0,0,0,30000,3000,27000,27000
066101,微星國票02購01  ,0,0,0,0,0,0,0,0,0,27000,0,0,0,39000,12000,27000,27000
067554,聚陽國票02購02  ,0,0,0,0,0,0,0,0,0,27000,0,0,0,27000,0,27000,27000
067561,晶技國票02購01  ,0,0,0,0,0,0,0,0,0,27000,0,0,0,57000,30000,27000,27000
066909,義隆凱基01購04  ,0,0,0,0,0,0,0,0,0,27000,0,0,0,30000,3000,27000,27000
068219,聯發科統一03購06,0,0,0,0,0,0,0,0,0,26000,0,0,0,26000,0,26000,26000
08429P,台達電凱基9C售01,0,0,0,0,0,0,0,0,0,26000,0,0,0,28000,2000,26000,26000
08159P,日月光元富9B售01,0,0,0,0,0,0,0,0,0,26000,0,0,0,405000,379000,26000,26000
058650,台虹永豐9A購01  ,0,0,0,0,0,0,0,0,0,26000,0,0,0,26000,0,26000,26000
059880,世紀鋼凱基99購02,0,0,0,0,0,0,0,0,0,26000,0,0,0,26000,0,26000,26000
063377,泰鼎永豐9B購03  ,0,0,0,0,0,0,0,0,0,26000,0,0,0,70000,44000,26000,26000
058299,同欣電凱基9A購01,0,0,0,0,0,0,0,0,0,26000,0,0,0,152000,126000,26000,26000
056906,玉晶光元大9B購01,0,0,0,0,0,0,0,0,0,26000,0,0,0,47000,21000,26000,26000
056667,上銀國票99購01  ,0,0,0,0,0,0,0,0,0,26000,0,0,0,26000,0,26000,26000
056357,台積電元大9A購01,0,0,0,0,0,0,0,0,0,26000,0,0,0,26000,0,26000,26000
055034,建準富邦99購01  ,0,0,0,0,0,0,0,0,0,26000,0,0,0,26000,0,26000,26000
061348,聯鈞元大9A購05  ,0,0,0,0,0,0,0,0,0,26000,0,0,0,32000,6000,26000,26000
064693,玉晶光群益01購06,0,0,0,0,0,0,0,0,0,26000,0,0,0,96000,70000,26000,26000
062620,台表科元大9B購04,0,0,0,0,0,0,0,0,0,26000,0,0,0,41000,15000,26000,26000
061926,晶技凱基9B購02  ,0,0,0,0,0,0,0,0,0,26000,0,0,0,36000,10000,26000,26000
064752,台達電凱基01購01,0,0,0,0,0,0,0,0,0,26000,0,0,0,26000,0,26000,26000
066736,京鼎元大01購02  ,0,0,0,0,0,0,0,0,0,26000,0,0,0,28000,2000,26000,26000
067563,上緯控國票02購01,0,0,0,0,0,0,0,0,0,26000,0,0,0,144000,118000,26000,26000
067514,申豐統一02購05  ,0,0,0,0,0,0,0,0,0,26000,0,0,0,29000,3000,26000,26000
067758,儒鴻永豐01購01  ,0,0,0,0,0,0,0,0,0,26000,0,0,0,35000,9000,26000,26000
066175,聯鈞凱基01購01  ,0,0,0,0,0,0,0,0,0,26000,0,0,0,26000,0,26000,26000
066336,聯陽永豐01購01  ,0,0,0,0,0,0,0,0,0,26000,0,0,0,48000,22000,26000,26000
065967,國巨元大01購07  ,0,0,0,0,0,0,0,0,0,26000,0,0,0,31000,5000,26000,26000
065514,建準群益9C購01  ,0,0,0,0,0,0,0,0,0,26000,0,0,0,26000,0,26000,26000
069494,健策元大02購07  ,0,0,0,0,0,0,0,0,0,25000,0,0,0,87000,62000,25000,25000
069702,道瓊銀國票02購02,0,0,0,0,0,0,0,0,0,25000,0,0,0,26000,1000,25000,25000
069156,台積電元大02購21,0,0,0,0,0,0,0,0,0,25000,0,0,0,75000,50000,25000,25000
054152,漢唐國泰98購02  ,0,0,0,0,0,0,0,0,0,25000,0,0,0,25000,0,25000,25000
03351P,台積電麥證02售07,0,0,0,30000,5000,25000,0,0,0,25000,0,0,0,30000,5000,25000,25000
03079P,台灣50元大01售31,0,0,0,0,0,0,0,0,0,25000,0,0,0,60000,35000,25000,25000
03062P,世紀鋼凱基02售02,0,0,0,0,0,0,0,0,0,25000,0,0,0,35000,10000,25000,25000
057682,台積電日盛9A購03,0,0,0,0,0,0,0,0,0,25000,0,0,0,25000,0,25000,25000
058481,玉晶光凱基9A購04,0,0,0,0,0,0,0,0,0,25000,0,0,0,26000,1000,25000,25000
061110,超眾元大9A購03  ,0,0,0,0,0,0,0,0,0,25000,0,0,0,104000,79000,25000,25000
059097,世紀鋼元大99購05,0,0,0,0,0,0,0,0,0,25000,0,0,0,45000,20000,25000,25000
059296,大立光元富99購06,0,0,0,0,0,0,0,0,0,25000,0,0,0,25000,0,25000,25000
064841,彩晶統一02購02  ,0,0,0,0,0,0,0,0,0,25000,0,0,0,179000,154000,25000,25000
064610,儒鴻元大9C購03  ,0,0,0,0,0,0,0,0,0,25000,0,0,0,50000,25000,25000,25000
064900,景碩群益01購01  ,0,0,0,0,0,0,0,0,0,25000,0,0,0,25000,0,25000,25000
065267,聯鈞元大9C購02  ,0,0,0,0,0,0,0,0,0,25000,0,0,0,28000,3000,25000,25000
062306,華通凱基9B購01  ,0,0,0,0,0,0,0,0,0,25000,0,0,0,25000,0,25000,25000
062994,祥碩群益9B購05  ,0,0,0,0,0,0,0,0,0,25000,0,0,0,30000,5000,25000,25000
063673,GIS統一9C購02   ,0,0,0,0,0,0,0,0,0,25000,0,0,0,50000,25000,25000,25000
066603,台達電富邦05購01,0,0,0,0,0,0,0,0,0,25000,0,0,0,35000,10000,25000,25000
066407,昇陽半凱基01購01,0,0,0,0,0,0,0,0,0,25000,0,0,0,25000,0,25000,25000
067634,高鐵永豐01購01  ,0,0,0,0,0,0,0,0,0,25000,0,0,0,25000,0,25000,25000
067857,百和國票02購01  ,0,0,0,0,0,0,0,0,0,25000,0,0,0,37000,12000,25000,25000
068059,宏碁中信03購01  ,0,0,0,0,0,0,0,0,0,25000,0,0,0,112000,87000,25000,25000
066777,群創富邦01購01  ,0,0,0,0,0,0,0,0,0,25000,0,0,0,45000,20000,25000,25000
067015,義隆富邦04購01  ,0,0,0,0,0,0,0,0,0,25000,0,0,0,25000,0,25000,25000
08936P,鴻海元大01售20  ,0,0,0,0,0,0,0,0,0,25000,0,0,0,75000,50000,25000,25000
08999P,玉晶光群益02售16,0,0,0,0,0,0,0,0,0,25000,0,0,0,74000,49000,25000,25000
08726P,台積電群益01售07,0,0,0,0,0,0,0,0,0,25000,0,0,0,25000,0,25000,25000
068822,欣興元大02購04  ,0,0,0,0,0,0,0,0,0,24000,0,0,0,30000,6000,24000,24000
068965,泰碩群益02購01  ,0,0,0,0,0,0,0,0,0,24000,0,0,0,24000,0,24000,24000
068333,緯創元大01購04  ,0,0,0,0,0,0,0,0,0,24000,0,0,0,31000,7000,24000,24000
068459,玉晶光國票03購04,0,0,0,0,0,0,0,0,0,24000,0,0,0,35000,11000,24000,24000
069596,精元國票02購01  ,0,0,0,0,0,0,0,0,0,24000,0,0,0,54000,30000,24000,24000
069801,健策凱基03購02  ,0,0,0,0,0,0,0,0,0,24000,0,0,0,30000,6000,24000,24000
059113,群光永豐99購01  ,0,0,0,0,0,0,0,0,0,24000,0,0,0,216000,192000,24000,24000
060824,旺宏元大9A購06  ,0,0,0,0,0,0,0,0,0,24000,0,0,0,50000,26000,24000,24000
061663,南六永豐9A購05  ,0,0,0,0,0,0,0,0,0,24000,0,0,0,25000,1000,24000,24000
063414,鴻海凱基03購01  ,0,0,0,0,0,0,0,0,0,24000,0,0,0,24000,0,24000,24000
057287,彩晶元大9C購03  ,0,0,0,0,0,0,0,0,0,24000,0,0,0,117000,93000,24000,24000
056650,彩晶凱基9A購01  ,0,0,0,0,0,0,0,0,0,24000,0,0,0,24000,0,24000,24000
060606,玉晶光凱基9A購05,0,0,0,0,0,0,0,0,0,24000,0,0,0,24000,0,24000,24000
060618,玉晶光元大9A購02,0,0,0,0,0,0,0,0,0,24000,0,0,0,50000,26000,24000,24000
064366,群創統一01購01  ,20000,0,20000,0,0,0,0,0,0,4000,0,0,0,41000,37000,4000,24000
064591,臻鼎永豐9C購01  ,0,0,0,0,0,0,0,0,0,24000,0,0,0,24000,0,24000,24000
062619,台表科元大9B購03,0,0,0,0,0,0,0,0,0,24000,0,0,0,24000,0,24000,24000
062641,瀚宇博國票9B購01,0,0,0,0,0,0,0,0,0,24000,0,0,0,25000,1000,24000,24000
063737,大立光元大9C購07,0,0,0,0,0,0,0,0,0,24000,0,0,0,24000,0,24000,24000
064180,國巨富邦02購03  ,0,0,0,0,0,0,0,0,0,24000,0,0,0,24000,0,24000,24000
062075,智邦元大9B購03  ,0,0,0,0,0,0,0,0,0,24000,0,0,0,28000,4000,24000,24000
061528,超眾凱基9A購04  ,0,0,0,0,0,0,0,0,0,24000,0,0,0,24000,0,24000,24000
06527P,T50正2富邦9C售01,0,0,0,0,0,0,0,0,0,24000,0,0,0,24000,0,24000,24000
062865,臺股指國票9B購22,0,0,0,0,0,0,0,0,0,24000,0,0,0,25000,1000,24000,24000
067254,華擎國票02購02  ,0,0,0,0,0,0,0,0,0,24000,0,0,0,26000,2000,24000,24000
067595,國巨凱基02購04  ,0,0,0,0,0,0,0,0,0,24000,0,0,0,49000,25000,24000,24000
067588,欣興群益01購04  ,0,0,0,0,0,0,0,0,0,24000,0,0,0,24000,0,24000,24000
066362,瑞昱中信05購01  ,0,0,0,0,0,0,0,0,0,24000,0,0,0,60000,36000,24000,24000
066528,南電統一02購01  ,0,0,0,0,0,0,0,0,0,24000,0,0,0,39000,15000,24000,24000
08670P,健策統一01售01  ,0,0,0,0,0,0,0,0,0,24000,0,0,0,60000,36000,24000,24000
08974P,可成群益02售02  ,0,0,0,0,0,0,0,0,0,24000,0,0,0,41000,17000,24000,24000
2227,裕日車          ,45000,8000,37000,0,0,0,0,0,0,-13000,0,13000,-13000,0,0,0,24000
3653,健策            ,287000,337000,-50000,0,0,0,27000,0,27000,47000,67000,65000,2000,76000,31000,45000,24000
069704,泰豐國票03購01  ,0,0,0,0,0,0,0,0,0,23000,0,0,0,23000,0,23000,23000
08063P,立積國票9B售03  ,0,0,0,0,0,0,0,0,0,23000,0,0,0,40000,17000,23000,23000
07825P,健策國泰9B售04  ,0,0,0,0,0,0,0,0,0,23000,0,0,0,23000,0,23000,23000
07838P,泰碩元大9A售04  ,0,0,0,0,0,0,0,0,0,23000,0,0,0,177000,154000,23000,23000
08386P,臺股指群益9C售14,0,0,0,0,0,0,0,0,0,23000,0,0,0,23000,0,23000,23000
068488,台積電元大01購47,0,0,0,0,0,0,0,0,0,23000,0,0,0,23000,0,23000,23000
068652,聯電元大02購05  ,0,0,0,0,0,0,0,0,0,23000,0,0,0,23000,0,23000,23000
068680,聯陽國泰03購01  ,0,0,0,0,0,0,0,0,0,23000,0,0,0,252000,229000,23000,23000
068693,台積電凱基02購11,0,0,0,0,0,0,0,0,0,23000,0,0,0,28000,5000,23000,23000
068701,道瓊銀國票02購01,0,0,0,0,0,0,0,0,0,23000,0,0,0,61000,38000,23000,23000
068330,大立光元大01購19,0,0,0,0,0,0,0,0,0,23000,0,0,0,25000,2000,23000,23000
068390,聯詠統一03購01  ,0,0,0,0,0,0,0,0,0,23000,0,0,0,415000,392000,23000,23000
069101,TPK統一04購02   ,0,0,0,0,0,0,0,0,0,23000,0,0,0,65000,42000,23000,23000
069132,力山永豐02購01  ,0,0,0,0,0,0,0,0,0,23000,0,0,0,91000,68000,23000,23000
03040P,玉晶光國票03售02,0,0,0,0,0,0,0,0,0,23000,0,0,0,23000,0,23000,23000
00762,元大全球AI      ,0,0,0,0,0,0,0,0,0,23000,0,0,0,120000,97000,23000,23000
03187P,聯發科元大01售33,0,0,0,0,0,0,0,0,0,23000,0,0,0,50000,27000,23000,23000
063403,鈺齊群益9B購01  ,0,0,0,0,0,0,0,0,0,23000,0,0,0,23000,0,23000,23000
061609,華新科統一9C購01,0,0,0,0,0,0,0,0,0,23000,0,0,0,61000,38000,23000,23000
057658,玉晶光兆豐99購02,0,0,0,0,0,0,0,0,0,23000,0,0,0,24000,1000,23000,23000
059068,台虹國票9A購01  ,0,0,0,0,0,0,0,0,0,23000,0,0,0,48000,25000,23000,23000
061069,嘉聯益凱基9A購01,0,0,0,0,0,0,0,0,0,23000,0,0,0,109000,86000,23000,23000
060106,旭富元大99購02  ,0,0,0,0,0,0,0,0,0,23000,0,0,0,23000,0,23000,23000
061400,可成兆豐9B購02  ,0,0,0,0,0,0,0,0,0,23000,0,0,0,38000,15000,23000,23000
062302,聯詠中信05購02  ,0,0,0,0,0,0,0,0,0,23000,0,0,0,35000,12000,23000,23000
063440,上銀統一01購02  ,0,0,0,0,0,0,0,0,0,23000,0,0,0,23000,0,23000,23000
063496,儒鴻永豐9B購01  ,0,0,0,0,0,0,0,0,0,23000,0,0,0,23000,0,23000,23000
063812,智邦群益9C購02  ,0,0,0,0,0,0,0,0,0,23000,0,0,0,76000,53000,23000,23000
066543,大成鋼元大01購02,0,0,0,0,0,0,0,0,0,23000,0,0,0,33000,10000,23000,23000
066597,緯穎群益02購01  ,0,0,0,0,0,0,0,0,0,23000,0,0,0,51000,28000,23000,23000
066100,鎧勝中信05購01  ,0,0,0,0,0,0,0,0,0,23000,0,0,0,23000,0,23000,23000
065945,鴻海統一02購01  ,0,0,0,0,0,0,0,0,0,23000,0,0,0,23000,0,23000,23000
067594,國巨凱基01購06  ,0,0,0,0,0,0,0,0,0,23000,0,0,0,43000,20000,23000,23000
067450,聯發科國票02購01,0,0,0,0,0,0,0,0,0,23000,0,0,0,34000,11000,23000,23000
067115,京鼎群益02購05  ,0,0,0,0,0,0,0,0,0,23000,0,0,0,23000,0,23000,23000
5007,三星            ,25000,3000,22000,0,0,0,0,0,0,1000,1000,0,1000,0,0,0,23000
1473,台南            ,53000,29000,24000,0,0,0,0,0,0,-1000,0,1000,-1000,0,0,0,23000
08638P,泰碩國票9C售01  ,0,0,0,0,0,0,0,0,0,23000,0,0,0,89000,66000,23000,23000
08694P,大立光群益01售05,0,0,0,0,0,0,0,0,0,23000,0,0,0,65000,42000,23000,23000
069334,華通群益03購01  ,0,0,0,0,0,0,0,0,0,22000,0,0,0,30000,8000,22000,22000
068950,台積電凱基02購16,0,0,0,0,0,0,0,0,0,22000,0,0,0,59000,37000,22000,22000
08430P,友達凱基01售01  ,0,0,0,0,0,0,0,0,0,22000,0,0,0,22000,0,22000,22000
069728,訊芯群益04購01  ,0,0,0,0,0,0,0,0,0,22000,0,0,0,24000,2000,22000,22000
069617,台積電統一03購18,0,0,0,0,0,0,0,0,0,22000,0,0,0,22000,0,22000,22000
060254,世紀鋼元大9A購01,0,0,0,0,0,0,0,0,0,22000,0,0,0,22000,0,22000,22000
058669,上銀群益99購01  ,0,0,0,0,0,0,0,0,0,22000,0,0,0,22000,0,22000,22000
059872,華新科凱基01購01,0,0,0,0,0,0,0,0,0,22000,0,0,0,60000,38000,22000,22000
059540,新光金日盛99購01,0,0,0,0,0,0,0,0,0,22000,0,0,0,25000,3000,22000,22000
063379,帆宣永豐9B購01  ,0,0,0,0,0,0,0,0,0,22000,0,0,0,22000,0,22000,22000
062513,玉晶光國票9C購01,0,0,0,0,0,0,0,0,0,22000,0,0,0,30000,8000,22000,22000
020012,富邦行動通訊N   ,0,0,0,0,0,0,0,0,0,22000,0,0,0,26000,4000,22000,22000
00641R,富邦日本反1     ,0,4000,-4000,0,0,0,0,0,0,26000,0,0,0,151000,125000,26000,22000
03035P,玉晶光國票01售07,0,0,0,0,0,0,0,0,0,22000,0,0,0,40000,18000,22000,22000
03064X,元展59          ,0,0,0,0,0,0,0,0,0,22000,0,0,0,22000,0,22000,22000
061039,台表科永豐9A購03,0,0,0,0,0,0,0,0,0,22000,0,0,0,22000,0,22000,22000
057438,禾伸堂國票99購01,0,0,0,0,0,0,0,0,0,22000,0,0,0,22000,0,22000,22000
047547,友達凱基99購02  ,0,0,0,0,0,0,0,0,0,22000,0,0,0,30000,8000,22000,22000
064379,TPK元富9C購01   ,0,0,0,0,0,0,0,0,0,22000,0,0,0,64000,42000,22000,22000
064550,南茂凱基01購01  ,0,0,0,0,0,0,0,0,0,22000,0,0,0,32000,10000,22000,22000
062155,國巨凱基9C購03  ,0,0,0,0,0,0,0,0,0,22000,0,0,0,52000,30000,22000,22000
061932,上銀國票9B購01  ,0,0,0,0,0,0,0,0,0,22000,0,0,0,70000,48000,22000,22000
065268,嘉澤元大9C購02  ,0,0,0,0,0,0,0,0,0,22000,0,0,0,22000,0,22000,22000
065051,和碩凱基02購01  ,0,0,0,0,0,0,0,0,0,22000,0,0,0,27000,5000,22000,22000
065032,TPK兆豐01購01   ,0,0,0,0,0,0,0,0,0,22000,0,0,0,43000,21000,22000,22000
066741,華擎元大01購03  ,0,0,0,0,0,0,0,0,0,22000,0,0,0,139000,117000,22000,22000
067564,訊芯國票02購01  ,0,0,0,0,0,0,0,0,0,22000,0,0,0,22000,0,22000,22000
067607,聯鈞凱基01購04  ,0,0,0,0,0,0,0,0,0,22000,0,0,0,28000,6000,22000,22000
068086,世紀鋼凱基03購02,0,0,0,0,0,0,0,0,0,22000,0,0,0,241000,219000,22000,22000
065571,神基群益01購01  ,0,0,0,0,0,0,0,0,0,22000,0,0,0,22000,0,22000,22000
066313,泰豐永豐01購01  ,0,0,0,0,0,0,0,0,0,22000,0,0,0,22000,0,22000,22000
066596,健策群益02購01  ,0,0,0,0,0,0,0,0,0,22000,0,0,0,140000,118000,22000,22000
08786P,滬深2X元富01售05,0,0,0,0,0,0,0,0,0,22000,0,0,0,45000,23000,22000,22000
4952,凌通            ,63000,42000,21000,0,0,0,0,0,0,1000,1000,0,1000,0,0,0,22000
069540,聯電元大02購14  ,0,0,0,0,0,0,0,0,0,21000,0,0,0,21000,0,21000,21000
069456,鴻海麥證02購02  ,0,0,0,21000,0,21000,0,0,0,21000,0,0,0,21000,0,21000,21000
068981,晶技元大02購01  ,0,0,0,0,0,0,0,0,0,21000,0,0,0,21000,0,21000,21000
068862,義隆元富04購01  ,0,0,0,0,0,0,0,0,0,21000,0,0,0,100000,79000,21000,21000
069318,金像電兆豐03購02,0,0,0,0,0,0,0,0,0,21000,0,0,0,21000,0,21000,21000
069356,台化永豐02購01  ,0,0,0,0,0,0,0,0,0,21000,0,0,0,41000,20000,21000,21000
068422,緯穎兆豐03購02  ,0,0,0,0,0,0,0,0,0,21000,0,0,0,21000,0,21000,21000
068327,聯發科元大01購27,0,0,0,0,0,0,0,0,0,21000,0,0,0,442000,421000,21000,21000
068301,華通國票03購02  ,0,0,0,0,0,0,0,0,0,21000,0,0,0,21000,0,21000,21000
068702,台達電國票03購01,0,0,0,0,0,0,0,0,0,21000,0,0,0,37000,16000,21000,21000
03454B,臺股指元大04熊06,0,0,0,0,0,0,0,0,0,21000,0,0,0,72000,51000,21000,21000
03355P,聯發科凱基03售08,0,0,0,0,0,0,0,0,0,21000,0,0,0,30000,9000,21000,21000
00703,台新MSCI中國    ,0,0,0,0,0,0,0,0,0,21000,0,0,0,21000,0,21000,21000
058517,景碩元大99購06  ,0,0,0,0,0,0,0,0,0,21000,0,0,0,24000,3000,21000,21000
064816,訊芯元大9C購01  ,0,0,0,0,0,0,0,0,0,21000,0,0,0,51000,30000,21000,21000
062886,中興電群益9B購01,0,0,0,0,0,0,0,0,0,21000,0,0,0,21000,0,21000,21000
062126,創意統一9B購01  ,0,0,0,0,0,0,0,0,0,21000,0,0,0,36000,15000,21000,21000
062088,緯穎元大9B購04  ,0,0,0,0,0,0,0,0,0,21000,0,0,0,496000,475000,21000,21000
064520,京鼎群益02購01  ,0,0,0,0,0,0,0,0,0,21000,0,0,0,28000,7000,21000,21000
061392,泰鼎群益9A購02  ,0,0,0,0,0,0,0,0,0,21000,0,0,0,21000,0,21000,21000
062726,華擎凱基9B購02  ,0,0,0,0,0,0,0,0,0,21000,0,0,0,21000,0,21000,21000
062819,奇鋐兆豐9B購01  ,0,0,0,0,0,0,0,0,0,21000,0,0,0,30000,9000,21000,21000
063209,巨大統一01購01  ,0,0,0,0,0,0,0,0,0,21000,0,0,0,172000,151000,21000,21000
063691,聯鈞永豐9B購01  ,0,0,0,0,0,0,0,0,0,21000,0,0,0,24000,3000,21000,21000
061358,世紀鋼元大9A購04,0,0,0,0,0,0,0,0,0,21000,0,0,0,41000,20000,21000,21000
066174,京鼎凱基01購01  ,0,0,0,0,0,0,0,0,0,21000,0,0,0,32000,11000,21000,21000
065362,華通元大9C購06  ,0,0,0,0,0,0,0,0,0,21000,0,0,0,23000,2000,21000,21000
065843,瑞昱元大9C購03  ,0,0,0,0,0,0,0,0,0,21000,0,0,0,57000,36000,21000,21000
066742,健策元大02購03  ,0,0,0,0,0,0,0,0,0,21000,0,0,0,23000,2000,21000,21000
066902,台泥凱基01購01  ,0,0,0,0,0,0,0,0,0,21000,0,0,0,646000,625000,21000,21000
067071,燿華元大01購02  ,0,0,0,0,0,0,0,0,0,21000,0,0,0,21000,0,21000,21000
067149,瑞昱統一03購01  ,0,0,0,0,0,0,0,0,0,21000,0,0,0,211000,190000,21000,21000
08836P,滬深2X國票02售04,0,0,0,0,0,0,0,0,0,21000,0,0,0,26000,5000,21000,21000
068669,國巨統一03購04  ,0,0,0,0,0,0,0,0,0,20000,0,0,0,20000,0,20000,20000
068356,奇力新凱基01購03,0,0,0,0,0,0,0,0,0,20000,0,0,0,20000,0,20000,20000
068431,華通凱基03購02  ,0,0,0,0,0,0,0,0,0,20000,0,0,0,20000,0,20000,20000
068438,大立光凱基01購11,0,0,0,0,0,0,0,0,0,20000,0,0,0,20000,0,20000,20000
068172,燿華中信01購02  ,0,0,0,0,0,0,0,0,0,20000,0,0,0,20000,0,20000,20000
068187,南電群益01購02  ,0,0,0,0,0,0,0,0,0,20000,0,0,0,40000,20000,20000,20000
068923,鴻海國泰08購01  ,0,0,0,0,0,0,0,0,0,20000,0,0,0,20000,0,20000,20000
068805,欣興群益03購01  ,0,0,0,0,0,0,0,0,0,20000,0,0,0,20000,0,20000,20000
068954,晶技凱基02購02  ,0,0,0,0,0,0,0,0,0,20000,0,0,0,20000,0,20000,20000
069050,聯發科元富04購04,0,0,0,0,0,0,0,0,0,20000,0,0,0,50000,30000,20000,20000
069042,T50反1元富08購03,0,0,0,0,0,0,0,0,0,20000,0,0,0,180000,160000,20000,20000
06948P,FBVIX元大01售02 ,0,0,0,0,0,0,0,0,0,20000,0,0,0,20000,0,20000,20000
07260P,台灣50元大9A售01,0,0,0,0,0,0,0,0,0,20000,0,0,0,20000,0,20000,20000
07300P,臺股指元大9A售33,0,0,0,0,0,0,0,0,0,20000,0,0,0,20000,0,20000,20000
07028P,大立光群益99售06,0,0,0,0,0,0,0,0,0,20000,0,0,0,20000,0,20000,20000
07011P,宏達電凱基99售02,0,0,0,0,0,0,0,0,0,20000,0,0,0,20000,0,20000,20000
08387P,臺股指群益9C售15,0,0,0,0,0,0,0,0,0,20000,0,0,0,20000,0,20000,20000
08567P,台勝科群益9C售01,0,0,0,0,0,0,0,0,0,20000,0,0,0,20000,0,20000,20000
08531P,台積電統一9C售15,0,0,0,0,0,0,0,0,0,20000,0,0,0,20000,0,20000,20000
08490P,上銀元大9C售08  ,0,0,0,0,0,0,0,0,0,20000,0,0,0,30000,10000,20000,20000
08509P,臺股指國票9C售10,0,0,0,0,0,0,0,0,0,20000,0,0,0,90000,70000,20000,20000
07841P,臻鼎元大9A售04  ,0,0,0,0,0,0,0,0,0,20000,0,0,0,20000,0,20000,20000
07899P,和大凱基9B售01  ,0,0,0,0,0,0,0,0,0,20000,0,0,0,20000,0,20000,20000
07878P,智邦群益9C售01  ,0,0,0,0,0,0,0,0,0,20000,0,0,0,20000,0,20000,20000
08104P,晶技元大9B售06  ,0,0,0,0,0,0,0,0,0,20000,0,0,0,20000,0,20000,20000
08161P,台表科元富9B售02,0,0,0,0,0,0,0,0,0,20000,0,0,0,20000,0,20000,20000
08210P,健策元富9B售02  ,0,0,0,0,0,0,0,0,0,20000,0,0,0,20000,0,20000,20000
058549,藍天永豐99購01  ,0,0,0,0,0,0,0,0,0,20000,0,0,0,20000,0,20000,20000
058336,鴻海元富99購07  ,0,0,0,0,0,0,0,0,0,20000,0,0,0,20000,0,20000,20000
059931,緯穎富邦9A購01  ,0,0,0,0,0,0,0,0,0,20000,0,0,0,20000,0,20000,20000
060710,上銀永豐9A購01  ,0,0,0,0,0,0,0,0,0,20000,0,0,0,20000,0,20000,20000
060279,SP黃豆元大9A購01,0,0,0,0,0,0,0,0,0,20000,0,0,0,20000,0,20000,20000
060291,高鐵元大9A購01  ,0,0,0,0,0,0,0,0,0,20000,0,0,0,20000,0,20000,20000
060355,元金2X元富9C購01,0,0,0,0,0,0,0,0,0,20000,0,0,0,20000,0,20000,20000
063352,上銀元富9B購02  ,0,0,0,0,0,0,0,0,0,20000,0,0,0,32000,12000,20000,20000
064077,台積電中信06購03,0,0,0,0,0,0,0,0,0,20000,0,0,0,20000,0,20000,20000
064245,GIS統一02購02   ,0,0,0,0,0,0,0,0,0,20000,0,0,0,276000,256000,20000,20000
059597,大立光元大99購21,0,0,0,0,0,0,0,0,0,20000,0,0,0,20000,0,20000,20000
057734,訊芯國泰9A購01  ,0,0,0,0,0,0,0,0,0,20000,0,0,0,20000,0,20000,20000
057969,緯穎國泰99購01  ,0,0,0,0,0,0,0,0,0,20000,0,0,0,20000,0,20000,20000
058018,南亞科凱基99購03,0,0,0,0,0,0,0,0,0,20000,0,0,0,20000,0,20000,20000
00706L,元大S&P日圓正2  ,0,0,0,0,0,0,0,0,0,20000,0,0,0,22000,2000,20000,20000
00713,元大台灣高息低波,1000,10000,-9000,0,0,0,0,0,0,29000,0,0,0,31000,2000,29000,20000
03012X,元展12          ,0,0,0,0,0,0,0,0,0,20000,0,0,0,20000,0,20000,20000
056580,泰鼎元大9A購01  ,0,0,0,0,0,0,0,0,0,20000,0,0,0,20000,0,20000,20000
03117P,南電康和01售03  ,0,0,0,0,0,0,0,0,0,20000,0,0,0,376000,356000,20000,20000
046905,新光金凱基99購01,0,0,0,0,0,0,0,0,0,20000,0,0,0,20000,0,20000,20000
03489P,上証2X元大03售07,0,0,0,0,0,0,0,0,0,20000,0,0,0,20000,0,20000,20000
054169,上緯控凱基98購01,0,0,0,0,0,0,0,0,0,20000,0,0,0,20000,0,20000,20000
058739,喬山中信99購01  ,0,0,0,0,0,0,0,0,0,20000,0,0,0,50000,30000,20000,20000
059030,奇力新兆豐99購03,0,0,0,0,0,0,0,0,0,20000,0,0,0,20000,0,20000,20000
058984,全新凱基9A購03  ,0,0,0,0,0,0,0,0,0,20000,0,0,0,20000,0,20000,20000
058950,國巨群益99購06  ,0,0,0,0,0,0,0,0,0,20000,0,0,0,20000,0,20000,20000
058937,仁寶中信99購01  ,0,0,0,0,0,0,0,0,0,20000,0,0,0,20000,0,20000,20000
058901,美律元大99購07  ,0,0,0,0,0,0,0,0,0,20000,0,0,0,20000,0,20000,20000
061362,台塑國票9B購01  ,0,0,0,0,0,0,0,0,0,20000,0,0,0,20000,0,20000,20000
063700,台積電群益9B購09,0,0,0,0,0,0,0,0,0,20000,0,0,0,20000,0,20000,20000
063839,華通元大9C購02  ,0,0,0,0,0,0,0,0,0,20000,0,0,0,83000,63000,20000,20000
061734,全新中信9B購02  ,0,0,0,0,0,0,0,0,0,20000,0,0,0,20000,0,20000,20000
064568,聯鈞群益9C購01  ,0,0,0,0,0,0,0,0,0,20000,0,0,0,31000,11000,20000,20000
063719,T50反1元大9B購11,0,0,0,0,0,0,0,0,0,20000,0,0,0,20000,0,20000,20000
064007,嘉澤凱基02購01  ,0,0,0,0,0,0,0,0,0,20000,0,0,0,20000,0,20000,20000
064024,漢唐元大9C購01  ,0,0,0,0,0,0,0,0,0,20000,0,0,0,22000,2000,20000,20000
064018,儒鴻元大9C購02  ,0,0,0,0,0,0,0,0,0,20000,0,0,0,20000,0,20000,20000
062041,華擎凱基9C購01  ,0,0,0,0,0,0,0,0,0,20000,0,0,0,20000,0,20000,20000
062751,華擎中信9C購01  ,0,0,0,0,0,0,0,0,0,20000,0,0,0,30000,10000,20000,20000
061840,長榮航凱基9C購01,0,0,0,0,0,0,0,0,0,20000,0,0,0,20000,0,20000,20000
061790,中租群益9B購01  ,0,0,0,0,0,0,0,0,0,20000,0,0,0,20000,0,20000,20000
064518,華新科群益02購01,0,0,0,0,0,0,0,0,0,20000,0,0,0,100000,80000,20000,20000
062441,華新科元大9C購01,0,0,0,0,0,0,0,0,0,20000,0,0,0,20000,0,20000,20000
063635,漢唐元大9B購04  ,0,0,0,0,0,0,0,0,0,20000,0,0,0,32000,12000,20000,20000
06466P,台積電統一9B售01,0,0,0,0,0,0,0,0,0,20000,0,0,0,20000,0,20000,20000
064858,鴻海富邦01購01  ,0,0,0,0,0,0,0,0,0,20000,0,0,0,20000,0,20000,20000
065256,上銀元大9C購10  ,0,0,0,0,0,0,0,0,0,20000,0,0,0,20000,0,20000,20000
065222,玉晶光永豐9C購07,0,0,0,0,0,0,0,0,0,20000,0,0,0,45000,25000,20000,20000
065101,力成元大9C購05  ,0,0,0,0,0,0,0,0,0,20000,0,0,0,24000,4000,20000,20000
067311,欣興元大01購06  ,0,0,0,0,0,0,0,0,0,20000,0,0,0,20000,0,20000,20000
067381,康控統一03購01  ,0,0,0,0,0,0,0,0,0,20000,0,0,0,20000,0,20000,20000
066943,FBVIX元大04購01 ,0,0,0,0,0,0,0,0,0,20000,0,0,0,20000,0,20000,20000
066972,滬深2X群益03購04,0,0,0,0,0,0,0,0,0,20000,0,0,0,20000,0,20000,20000
067005,盟立永豐01購04  ,0,0,0,0,0,0,0,0,0,20000,0,0,0,20000,0,20000,20000
066735,智原元大01購03  ,0,0,0,0,0,0,0,0,0,20000,0,0,0,20000,0,20000,20000
066772,友達富邦03購01  ,0,0,0,0,0,0,0,0,0,20000,0,0,0,20000,0,20000,20000
066863,上証2X元富07購01,0,0,0,0,0,0,0,0,0,20000,0,0,0,30000,10000,20000,20000
068101,奇力新永豐01購01,0,0,0,0,0,0,0,0,0,20000,0,0,0,20000,0,20000,20000
068031,致茂元富07購01  ,0,0,0,0,0,0,0,0,0,20000,0,0,0,20000,0,20000,20000
067969,玉晶光群益02購19,0,0,0,0,0,0,0,0,0,20000,0,0,0,20000,0,20000,20000
067809,聯發科凱基01購17,0,0,0,0,0,0,0,0,0,20000,0,0,0,20000,0,20000,20000
067574,臺指反群益01購04,0,0,0,0,0,0,0,0,0,20000,0,0,0,20000,0,20000,20000
067575,道瓊反群益01購04,0,0,0,0,0,0,0,0,0,20000,0,0,0,20000,0,20000,20000
067411,矽格兆豐03購01  ,0,0,0,0,0,0,0,0,0,20000,0,0,0,20000,0,20000,20000
065810,台表科群益9C購05,0,0,0,0,0,0,0,0,0,20000,0,0,0,20000,0,20000,20000
065913,光寶科凱基01購01,0,0,0,0,0,0,0,0,0,20000,0,0,0,20000,0,20000,20000
065970,燿華元大02購01  ,0,0,0,0,0,0,0,0,0,20000,0,0,0,20000,0,20000,20000
065957,華擎統一03購02  ,0,0,0,0,0,0,0,0,0,20000,0,0,0,20000,0,20000,20000
065354,金像電元富03購01,0,0,0,0,0,0,0,0,0,20000,0,0,0,20000,0,20000,20000
066309,永光永豐01購01  ,0,0,0,0,0,0,0,0,0,20000,0,0,0,20000,0,20000,20000
066310,長興永豐01購01  ,0,0,0,0,0,0,0,0,0,20000,0,0,0,20000,0,20000,20000
066568,聚碩元大01購01  ,0,0,0,0,0,0,0,0,0,20000,0,0,0,20000,0,20000,20000
066628,宏達電凱基03購01,0,0,0,0,0,0,0,0,0,20000,0,0,0,28000,8000,20000,20000
08769P,上証2X凱基01售02,0,0,0,0,0,0,0,0,0,20000,0,0,0,20000,0,20000,20000
08424P,群創元富9C售03  ,0,0,0,0,0,0,0,0,0,19000,0,0,0,19000,0,19000,19000
068899,TPK元大02購01   ,0,0,0,0,0,0,0,0,0,19000,0,0,0,90000,71000,19000,19000
069403,華通統一02購02  ,0,0,0,0,0,0,0,0,0,19000,0,0,0,32000,13000,19000,19000
068240,道瓊銀元大01購05,0,0,0,0,0,0,0,0,0,19000,0,0,0,19000,0,19000,19000
068418,微星兆豐03購01  ,0,0,0,0,0,0,0,0,0,19000,0,0,0,129000,110000,19000,19000
068688,聚陽凱基02購03  ,0,0,0,0,0,0,0,0,0,19000,0,0,0,93000,74000,19000,19000
068643,GIS凱基02購05   ,0,0,0,0,0,0,0,0,0,19000,0,0,0,31000,12000,19000,19000
068719,台積電元大02購13,0,0,0,0,0,0,0,0,0,19000,0,0,0,69000,50000,19000,19000
068444,中磊凱基01購01  ,0,0,0,0,0,0,0,0,0,19000,0,0,0,103000,84000,19000,19000
068557,道瓊銀元大03購02,0,0,0,0,0,0,0,0,0,19000,0,0,0,19000,0,19000,19000
058969,亞德客永豐99購01,0,0,0,0,0,0,0,0,0,19000,0,0,0,27000,8000,19000,19000
03405P,聯電群益04售01  ,0,0,0,0,0,0,0,0,0,19000,0,0,0,31000,12000,19000,19000
055749,智邦永昌9C購01  ,0,0,0,0,0,0,0,0,0,19000,0,0,0,19000,0,19000,19000
0053,元大電子        ,0,0,0,0,0,0,0,0,0,19000,0,0,0,23000,4000,19000,19000
059633,聯發科凱基9A購07,0,0,0,0,0,0,0,0,0,19000,0,0,0,19000,0,19000,19000
062514,玉晶光國票9C購02,0,0,0,0,0,0,0,0,0,19000,0,0,0,19000,0,19000,19000
062512,美食國票9B購01  ,0,0,0,0,0,0,0,0,0,19000,0,0,0,176000,157000,19000,19000
065111,瀚宇博國票01購01,0,0,0,0,0,0,0,0,0,19000,0,0,0,231000,212000,19000,19000
065282,國巨群益9C購14  ,0,0,0,0,0,0,0,0,0,19000,0,0,0,20000,1000,19000,19000
064974,燿華元大9C購03  ,0,0,0,0,0,0,0,0,0,19000,0,0,0,20000,1000,19000,19000
064651,GIS凱基9C購02   ,0,0,0,0,0,0,0,0,0,19000,0,0,0,165000,146000,19000,19000
064628,南六元大9C購05  ,0,0,0,0,0,0,0,0,0,19000,0,0,0,119000,100000,19000,19000
062416,和大統一01購02  ,0,0,0,0,0,0,0,0,0,19000,0,0,0,23000,4000,19000,19000
062329,奇力新統一9C購03,0,0,0,0,0,0,0,0,0,19000,0,0,0,20000,1000,19000,19000
062191,台郡元大9B購05  ,0,0,0,0,0,0,0,0,0,19000,0,0,0,20000,1000,19000,19000
063950,信邦元大9C購01  ,0,0,0,0,0,0,0,0,0,19000,0,0,0,138000,119000,19000,19000
061764,旺宏元大9B購01  ,0,0,0,0,0,0,0,0,0,19000,0,0,0,20000,1000,19000,19000
064350,茂林元大01購01  ,0,0,0,0,0,0,0,0,0,19000,0,0,0,187000,168000,19000,19000
063257,牧德國泰01購01  ,0,0,0,0,0,0,0,0,0,19000,0,0,0,37000,18000,19000,19000
063232,裕隆元大9B購01  ,0,0,0,0,0,0,0,0,0,19000,0,0,0,27000,8000,19000,19000
066386,宏全康和01購01  ,0,0,0,0,0,0,0,0,0,19000,0,0,0,116000,97000,19000,19000
066526,創意統一05購01  ,0,0,0,0,0,0,0,0,0,19000,0,0,0,21000,2000,19000,19000
066202,大立光統一02購07,0,0,0,0,0,0,0,0,0,19000,0,0,0,20000,1000,19000,19000
065417,嘉晶國票01購02  ,0,0,0,0,0,0,0,0,0,19000,0,0,0,109000,90000,19000,19000
08730P,緯穎永豐01售02  ,0,0,0,0,0,0,0,0,0,19000,0,0,0,19000,0,19000,19000
2527,宏璟            ,140000,121000,19000,0,0,0,0,0,0,0,0,0,0,0,0,0,19000
9905,大華            ,5000,0,5000,0,0,0,0,0,0,14000,14000,0,14000,0,0,0,19000
068765,台積電統一04購03,0,0,0,0,0,0,0,0,0,18000,0,0,0,23000,5000,18000,18000
068666,聯電統一03購04  ,0,0,0,0,0,0,0,0,0,18000,0,0,0,87000,69000,18000,18000
068312,鎧勝國票03購01  ,0,0,0,0,0,0,0,0,0,18000,0,0,0,18000,0,18000,18000
068229,聯發科元富07購09,0,0,0,0,0,0,0,0,0,18000,0,0,0,105000,87000,18000,18000
069308,聯發科凱基06購01,0,0,0,0,0,0,0,0,0,18000,0,0,0,50000,32000,18000,18000
068778,華邦電台新02購01,0,0,0,0,0,0,0,0,0,18000,0,0,0,38000,20000,18000,18000
068831,台積電國泰06購01,0,0,0,0,0,0,0,0,0,18000,0,0,0,18000,0,18000,18000
08336P,聯發科中信9C售05,0,0,0,0,0,0,0,0,0,18000,0,0,0,18000,0,18000,18000
08557P,臺股指中信01售09,0,0,0,0,0,0,0,0,0,18000,0,0,0,43000,25000,18000,18000
069615,國巨統一03購07  ,0,0,0,0,0,0,0,0,0,18000,0,0,0,25000,7000,18000,18000
060099,宏達電元大99購09,0,0,0,0,0,0,0,0,0,18000,0,0,0,40000,22000,18000,18000
061067,貿聯凱基9A購03  ,0,0,0,0,0,0,0,0,0,18000,0,0,0,152000,134000,18000,18000
061179,華擎凱基9A購01  ,0,0,0,0,0,0,0,0,0,18000,0,0,0,18000,0,18000,18000
00663L,國泰臺灣加權正2 ,7000,0,7000,0,0,0,0,0,0,11000,0,0,0,23000,12000,11000,18000
03156P,台灣50元大01售36,0,0,0,0,0,0,0,0,0,18000,0,0,0,18000,0,18000,18000
03126P,旭富凱基01售04  ,0,0,0,0,0,0,0,0,0,18000,0,0,0,50000,32000,18000,18000
058817,嘉聯益台新99購01,0,0,0,0,0,0,0,0,0,18000,0,0,0,38000,20000,18000,18000
064600,技嘉元富9C購01  ,0,0,0,0,0,0,0,0,0,18000,0,0,0,18000,0,18000,18000
063215,台表科國票9C購02,0,0,0,0,0,0,0,0,0,18000,0,0,0,18000,0,18000,18000
062261,嘉晶元大9B購02  ,0,0,0,0,0,0,0,0,0,18000,0,0,0,20000,2000,18000,18000
061456,玉晶光凱基9B購05,0,0,0,0,0,0,0,0,0,18000,0,0,0,28000,10000,18000,18000
065701,聯發科群益9C購13,0,0,0,0,0,0,0,0,0,18000,0,0,0,110000,92000,18000,18000
066408,致新凱基01購02  ,0,0,0,0,0,0,0,0,0,18000,0,0,0,20000,2000,18000,18000
067601,金像電凱基01購04,0,0,0,0,0,0,0,0,0,18000,0,0,0,55000,37000,18000,18000
067652,義隆元富01購01  ,0,0,0,0,0,0,0,0,0,18000,0,0,0,110000,92000,18000,18000
067703,臺股指國票01購11,0,0,0,0,0,0,0,0,0,18000,0,0,0,104000,86000,18000,18000
067828,聯鈞兆豐03購01  ,0,0,0,0,0,0,0,0,0,18000,0,0,0,29000,11000,18000,18000
067315,京鼎元大01購05  ,0,0,0,0,0,0,0,0,0,18000,0,0,0,57000,39000,18000,18000
067204,國巨元大02購02  ,0,0,0,0,0,0,0,0,0,18000,0,0,0,18000,0,18000,18000
9937,全國            ,19000,1000,18000,0,0,0,0,0,0,0,0,0,0,0,0,0,18000
2881A,富邦特          ,25000,0,25000,0,0,0,0,0,0,-7000,1000,8000,-7000,0,0,0,18000
08674P,嘉晶元富07售02  ,0,0,0,0,0,0,0,0,0,18000,0,0,0,18000,0,18000,18000
08903P,台積電兆豐01售04,0,0,0,0,0,0,0,0,0,18000,0,0,0,18000,0,18000,18000
068717,華通元大02購04  ,0,0,0,0,0,0,0,0,0,17000,0,0,0,19000,2000,17000,17000
050758,聯發科元富9B購01,0,0,0,0,0,0,0,0,0,17000,0,0,0,23000,6000,17000,17000
00654R,富邦印度反1     ,0,0,0,0,0,0,0,0,0,17000,0,0,0,50000,33000,17000,17000
03315P,聯發科群益02售12,0,0,0,0,0,0,0,0,0,17000,0,0,0,56000,39000,17000,17000
03205P,聯發科凱基01售24,0,0,0,0,0,0,0,0,0,17000,0,0,0,23000,6000,17000,17000
03242P,聯電統一02售04  ,0,0,0,0,0,0,0,0,0,17000,0,0,0,26000,9000,17000,17000
061145,臻鼎中信9A購02  ,0,0,0,0,0,0,0,0,0,17000,0,0,0,30000,13000,17000,17000
060468,聯鈞元大9A購02  ,0,0,0,0,0,0,0,0,0,17000,0,0,0,17000,0,17000,17000
058632,世紀鋼國票9A購01,0,0,0,0,0,0,0,0,0,17000,0,0,0,37000,20000,17000,17000
061628,緯穎群益9A購04  ,0,0,0,0,0,0,0,0,0,17000,0,0,0,129000,112000,17000,17000
064270,華通元大9C購03  ,0,0,0,0,0,0,0,0,0,17000,0,0,0,23000,6000,17000,17000
057936,健策群益99購01  ,0,0,0,0,0,0,0,0,0,17000,0,0,0,20000,3000,17000,17000
064485,儒鴻元大01購01  ,0,0,0,0,0,0,0,0,0,17000,0,0,0,68000,51000,17000,17000
061831,智邦凱基9B購02  ,0,0,0,0,0,0,0,0,0,17000,0,0,0,17000,0,17000,17000
062145,億光國票9B購01  ,0,0,0,0,0,0,0,0,0,17000,0,0,0,37000,20000,17000,17000
062089,矽創元大9B購02  ,0,0,0,0,0,0,0,0,0,17000,0,0,0,20000,3000,17000,17000
064625,健策元大01購02  ,0,0,0,0,0,0,0,0,0,17000,0,0,0,57000,40000,17000,17000
06453P,群創元大9B售02  ,0,0,0,0,0,0,0,0,0,17000,0,0,0,17000,0,17000,17000
062616,玉晶光元大9C購06,0,0,0,0,0,0,0,0,0,17000,0,0,0,51000,34000,17000,17000
067339,欣興凱基02購01  ,0,0,0,0,0,0,0,0,0,17000,0,0,0,17000,0,17000,17000
067941,鎧勝凱基01購02  ,0,0,0,0,0,0,0,0,0,17000,0,0,0,27000,10000,17000,17000
066413,鴻海元大01購06  ,0,0,0,0,0,0,0,0,0,17000,0,0,0,49000,32000,17000,17000
065818,奇鋐元富9C購01  ,0,0,0,0,0,0,0,0,0,17000,0,0,0,72000,55000,17000,17000
065373,聯發科元大01購03,0,0,0,0,0,0,0,0,0,17000,0,0,0,21000,4000,17000,17000
065564,臺指反群益02購01,0,0,0,0,0,0,0,0,0,17000,0,0,0,17000,0,17000,17000
08822P,聯發科凱基01售12,0,0,0,0,0,0,0,0,0,17000,0,0,0,78000,61000,17000,17000
1232,大統益          ,17000,0,17000,0,0,0,0,0,0,0,0,0,0,0,0,0,17000
1513,中興電          ,1228000,1171000,57000,0,0,0,0,0,0,-40000,6000,153000,-147000,115000,8000,107000,17000
2545,皇翔            ,52000,17000,35000,0,0,0,0,0,0,-18000,0,18000,-18000,0,0,0,17000
068634,台積電凱基03購08,0,0,0,0,0,0,0,0,0,16000,0,0,0,16000,0,16000,16000
068184,彩晶群益03購03  ,0,0,0,0,0,0,0,0,0,16000,0,0,0,149000,133000,16000,16000
068797,茂林凱基02購01  ,0,0,0,0,0,0,0,0,0,16000,0,0,0,29000,13000,16000,16000
069026,聯陽國票03購01  ,0,0,0,0,0,0,0,0,0,16000,0,0,0,19000,3000,16000,16000
07792P,牧德元大9A售04  ,0,0,0,0,0,0,0,0,0,16000,0,0,0,116000,100000,16000,16000
064242,TPK統一02購01   ,0,0,0,0,0,0,0,0,0,16000,0,0,0,247000,231000,16000,16000
061597,南六永豐9A購04  ,0,0,0,0,0,0,0,0,0,16000,0,0,0,47000,31000,16000,16000
060249,正文元大9C購01  ,0,0,0,0,0,0,0,0,0,16000,0,0,0,36000,20000,16000,16000
060745,京元電國票9A購01,0,0,0,0,0,0,0,0,0,16000,0,0,0,396000,380000,16000,16000
03029X,元展26          ,0,0,0,0,0,0,0,0,0,16000,0,0,0,16000,0,16000,16000
03038P,玉晶光國票02售03,0,0,0,0,0,0,0,0,0,16000,0,0,0,19000,3000,16000,16000
064001,華通凱基02購01  ,0,0,0,0,0,0,0,0,0,16000,0,0,0,28000,12000,16000,16000
061732,智邦中信9B購01  ,0,0,0,0,0,0,0,0,0,16000,0,0,0,117000,101000,16000,16000
062040,玉晶光凱基01購01,0,0,0,0,0,0,0,0,0,16000,0,0,0,17000,1000,16000,16000
061990,台勝科元大9C購01,0,0,0,0,0,0,0,0,0,16000,0,0,0,16000,0,16000,16000
065619,金融類元大9C購02,0,0,0,0,0,0,0,0,0,16000,0,0,0,16000,0,16000,16000
066490,創意元富07購01  ,0,0,0,0,0,0,0,0,0,16000,0,0,0,16000,0,16000,16000
066549,京元電元大01購03,0,0,0,0,0,0,0,0,0,16000,0,0,0,37000,21000,16000,16000
066136,景碩群益01購02  ,0,0,0,0,0,0,0,0,0,16000,0,0,0,65000,49000,16000,16000
067201,A50正2元大03購01,0,0,0,0,0,0,0,0,0,16000,0,0,0,47000,31000,16000,16000
2538,基泰            ,126000,109000,17000,0,0,0,0,0,0,-1000,14000,15000,-1000,0,0,0,16000
6409,旭隼            ,97000,81000,16000,0,0,0,0,0,0,0,0,0,0,0,0,0,16000
08743P,群創凱基01售04  ,0,0,0,0,0,0,0,0,0,16000,0,0,0,16000,0,16000,16000
07833P,大立光群益9B售02,0,0,0,0,0,0,0,0,0,15000,0,0,0,15000,0,15000,15000
07906P,中租群益9B售02  ,0,0,0,0,0,0,0,0,0,15000,0,0,0,15000,0,15000,15000
08105P,景碩元大9B售01  ,0,0,0,0,0,0,0,0,0,15000,0,0,0,15000,0,15000,15000
08540P,嘉晶國票01售01  ,0,0,0,0,0,0,0,0,0,15000,0,0,0,30000,15000,15000,15000
07394P,國巨群益99售12  ,0,0,0,0,0,0,0,0,0,15000,0,0,0,15000,0,15000,15000
069091,長興統一05購01  ,0,0,0,0,0,0,0,0,0,15000,0,0,0,15000,0,15000,15000
06897P,FBVIX群益01售01 ,0,0,0,0,0,0,0,0,0,15000,0,0,0,15000,0,15000,15000
068324,台積電元大01購43,0,0,0,0,0,0,0,0,0,15000,0,0,0,30000,15000,15000,15000
068474,義隆群益01購05  ,0,0,0,0,0,0,0,0,0,15000,0,0,0,120000,105000,15000,15000
03130P,滬深2X元富07售01,0,0,0,0,0,0,0,0,0,15000,0,0,0,15000,0,15000,15000
00683L,元大美元指數正2 ,0,0,0,0,0,0,0,0,0,15000,0,0,0,60000,45000,15000,15000
0055,元大MSCI金融    ,0,0,0,0,0,0,0,0,0,15000,0,0,0,15000,0,15000,15000
054778,世紀鋼國票99購01,0,0,0,0,0,0,0,0,0,15000,0,0,0,15000,0,15000,15000
057542,上銀凱基99購01  ,0,0,0,0,0,0,0,0,0,15000,0,0,0,15000,0,15000,15000
060976,SP黃豆元大9A購03,0,0,0,0,0,0,0,0,0,15000,0,0,0,15000,0,15000,15000
061030,喬山永豐9A購01  ,0,0,0,0,0,0,0,0,0,15000,0,0,0,130000,115000,15000,15000
060682,牧德元大9A購03  ,0,0,0,0,0,0,0,0,0,15000,0,0,0,15000,0,15000,15000
059074,元油2X元大9C購15,0,0,0,0,0,0,0,0,0,15000,0,0,0,20000,5000,15000,15000
061124,微星永豐9A購02  ,0,0,0,0,0,0,0,0,0,15000,0,0,0,15000,0,15000,15000
058374,玉晶光凱基9A購03,0,0,0,0,0,0,0,0,0,15000,0,0,0,25000,10000,15000,15000
060758,台積電元大9A購19,0,0,0,0,0,0,0,0,0,15000,0,0,0,15000,0,15000,15000
060451,中石化元大9C購02,0,0,0,0,0,0,0,0,0,15000,0,0,0,15000,0,15000,15000
058623,國巨國票99購08  ,0,0,0,0,0,0,0,0,0,15000,0,0,0,20000,5000,15000,15000
059950,百和永豐99購02  ,0,0,0,0,0,0,0,0,0,15000,0,0,0,15000,0,15000,15000
058314,欣興富邦9B購01  ,0,0,0,0,0,0,0,0,0,15000,0,0,0,15000,0,15000,15000
064079,英業達中信9C購01,0,0,0,0,0,0,0,0,0,15000,0,0,0,20000,5000,15000,15000
061798,晶豪科永豐9B購01,0,0,0,0,0,0,0,0,0,15000,0,0,0,15000,0,15000,15000
062100,矽格永豐9B購01  ,0,0,0,0,0,0,0,0,0,15000,0,0,0,15000,0,15000,15000
062212,臻鼎台新9B購01  ,0,0,0,0,0,0,0,0,0,15000,0,0,0,30000,15000,15000,15000
064814,祥碩元大9C購06  ,0,0,0,0,0,0,0,0,0,15000,0,0,0,15000,0,15000,15000
065169,華邦電元大9C購03,0,0,0,0,0,0,0,0,0,15000,0,0,0,41000,26000,15000,15000
062652,上証2X永豐9B購01,0,0,0,0,0,0,0,0,0,15000,0,0,0,35000,20000,15000,15000
062661,華通群益9B購05  ,0,0,0,0,0,0,0,0,0,15000,0,0,0,15000,0,15000,15000
062701,漢唐元大9B購01  ,0,0,0,0,0,0,0,0,0,15000,0,0,0,71000,56000,15000,15000
063129,祥碩元大9C購03  ,0,0,0,0,0,0,0,0,0,15000,0,0,0,15000,0,15000,15000
063239,建準元大9B購01  ,0,0,0,0,0,0,0,0,0,15000,0,0,0,25000,10000,15000,15000
063835,滬深2X元大01購04,0,0,0,0,0,0,0,0,0,15000,0,0,0,15000,0,15000,15000
064434,微星凱基02購01  ,0,0,0,0,0,0,0,0,0,15000,0,0,0,15000,0,15000,15000
064429,鴻海凱基03購03  ,0,0,0,0,0,0,0,0,0,15000,0,0,0,15000,0,15000,15000
062553,台積電凱基9B購07,0,0,0,0,0,0,0,0,0,15000,0,0,0,16000,1000,15000,15000
064119,上銀元大9C購06  ,0,0,0,0,0,0,0,0,0,15000,0,0,0,35000,20000,15000,15000
064729,聯茂統一02購02  ,0,0,0,0,0,0,0,0,0,15000,0,0,0,15000,0,15000,15000
063493,金像電富邦01購01,0,0,0,0,0,0,0,0,0,15000,0,0,0,15000,0,15000,15000
063449,全新統一9B購02  ,0,0,0,0,0,0,0,0,0,15000,0,0,0,39000,24000,15000,15000
064708,帆宣永豐9C購01  ,0,0,0,0,0,0,0,0,0,15000,0,0,0,20000,5000,15000,15000
067205,台積電元大01購22,0,0,0,0,0,0,0,0,0,15000,0,0,0,15000,0,15000,15000
067406,矽格永豐01購01  ,0,0,0,0,0,0,0,0,0,15000,0,0,0,15000,0,15000,15000
067313,欣興元大03購01  ,0,0,0,0,0,0,0,0,0,15000,0,0,0,26000,11000,15000,15000
067284,華新科國票02購01,0,0,0,0,0,0,0,0,0,15000,0,0,0,116000,101000,15000,15000
067953,京元電永豐01購02,0,0,0,0,0,0,0,0,0,15000,0,0,0,15000,0,15000,15000
068006,玉晶光元大03購03,0,0,0,0,0,0,0,0,0,15000,0,0,0,15000,0,15000,15000
068030,台積電元富07購10,0,0,0,0,0,0,0,0,0,15000,0,0,0,16000,1000,15000,15000
067579,道瓊銀群益01購03,0,0,0,0,0,0,0,0,0,15000,0,0,0,15000,0,15000,15000
066687,國巨元富07購05  ,0,0,0,0,0,0,0,0,0,15000,0,0,0,19000,4000,15000,15000
066458,大毅統一02購02  ,0,0,0,0,0,0,0,0,0,15000,0,0,0,15000,0,15000,15000
065509,上銀群益9C購04  ,0,0,0,0,0,0,0,0,0,15000,0,0,0,15000,0,15000,15000
065798,華通群益01購03  ,0,0,0,0,0,0,0,0,0,15000,0,0,0,15000,0,15000,15000
065908,聯發科永豐9C購04,0,0,0,0,0,0,0,0,0,15000,0,0,0,15000,0,15000,15000
08827P,緯穎元大01售05  ,0,0,0,0,0,0,0,0,0,15000,0,0,0,15000,0,15000,15000
08785P,滬深2X元富01售04,0,0,0,0,0,0,0,0,0,15000,0,0,0,15000,0,15000,15000
08698P,可成凱基01售02  ,0,0,0,0,0,0,0,0,0,15000,0,0,0,119000,104000,15000,15000
08629P,緯創凱基9C售02  ,0,0,0,0,0,0,0,0,0,15000,0,0,0,85000,70000,15000,15000
08668P,燿華群益01售01  ,0,0,0,0,0,0,0,0,0,15000,0,0,0,282000,267000,15000,15000
08941P,臺股指中信04售04,0,0,0,0,0,0,0,0,0,15000,0,0,0,20000,5000,15000,15000
068198,奇力新凱基02購02,0,0,0,0,0,0,0,0,0,14000,0,0,0,15000,1000,14000,14000
068934,聯詠永豐02購01  ,0,0,0,0,0,0,0,0,0,14000,0,0,0,14000,0,14000,14000
069059,鴻海麥證02購01  ,0,0,0,23000,9000,14000,0,0,0,14000,0,0,0,23000,9000,14000,14000
06959P,鴻海凱基9A售02  ,0,0,0,0,0,0,0,0,0,14000,0,0,0,14000,0,14000,14000
064097,友訊群益9C購01  ,0,0,0,0,0,0,0,0,0,14000,0,0,0,24000,10000,14000,14000
064536,富邦金國票01購01,0,0,0,0,0,0,0,0,0,14000,0,0,0,80000,66000,14000,14000
064272,鴻海元大9C購09  ,0,0,0,0,0,0,0,0,0,14000,0,0,0,15000,1000,14000,14000
060109,茂林元大99購05  ,0,0,0,0,0,0,0,0,0,14000,0,0,0,166000,152000,14000,14000
058488,華擎國票9A購01  ,0,0,0,0,0,0,0,0,0,14000,0,0,0,14000,0,14000,14000
059078,FBVIX元大99購06 ,0,0,0,0,0,0,0,0,0,14000,0,0,0,14000,0,14000,14000
03428P,台積電元大02售28,0,0,0,0,0,0,0,0,0,14000,0,0,0,20000,6000,14000,14000
00686R,群益臺灣加權反1 ,0,0,0,0,0,0,0,0,0,14000,0,0,0,23000,9000,14000,14000
03206P,台郡凱基01售05  ,0,0,0,0,0,0,0,0,0,14000,0,0,0,72000,58000,14000,14000
03150P,台積電群益03售01,0,0,0,0,0,0,0,0,0,14000,0,0,0,59000,45000,14000,14000
063053,聯發科統一01購04,0,0,0,0,0,0,0,0,0,14000,0,0,0,14000,0,14000,14000
063676,上銀國泰9C購02  ,0,0,0,0,0,0,0,0,0,14000,0,0,0,219000,205000,14000,14000
063292,致新元大9B購02  ,0,0,0,0,0,0,0,0,0,14000,0,0,0,14000,0,14000,14000
064345,創意元大9C購03  ,0,0,0,0,0,0,0,0,0,14000,0,0,0,14000,0,14000,14000
062192,南六元大9B購01  ,0,0,0,0,0,0,0,0,0,14000,0,0,0,44000,30000,14000,14000
064616,智邦元大9C購04  ,0,0,0,0,0,0,0,0,0,14000,0,0,0,21000,7000,14000,14000
061870,智邦元大9B購02  ,0,0,0,0,0,0,0,0,0,14000,0,0,0,16000,2000,14000,14000
062760,漢唐凱基9B購01  ,0,0,0,0,0,0,0,0,0,14000,0,0,0,51000,37000,14000,14000
065475,聯發科元大01購04,0,0,0,0,0,0,0,0,0,14000,0,0,0,55000,41000,14000,14000
065589,景碩永豐9C購02  ,0,0,0,0,0,0,0,0,0,14000,0,0,0,81000,67000,14000,14000
066705,聯鈞群益01購01  ,0,0,0,0,0,0,0,0,0,14000,0,0,0,14000,0,14000,14000
067631,上銀永豐01購01  ,0,0,0,0,0,0,0,0,0,14000,0,0,0,20000,6000,14000,14000
067950,元金2X永豐01購02,0,0,0,0,0,0,0,0,0,14000,0,0,0,55000,41000,14000,14000
067252,智邦國票02購02  ,0,0,0,0,0,0,0,0,0,14000,0,0,0,14000,0,14000,14000
08980P,華通凱基01售03  ,0,0,0,0,0,0,0,0,0,14000,0,0,0,25000,11000,14000,14000
08998P,玉晶光群益02售15,0,0,0,0,0,0,0,0,0,14000,0,0,0,31000,17000,14000,14000
08787P,滬深2X元富01售06,0,0,0,0,0,0,0,0,0,14000,0,0,0,18000,4000,14000,14000
6184,大豐電          ,17000,3000,14000,0,0,0,0,0,0,0,0,0,0,0,0,0,14000
068947,台達電凱基03購01,0,0,0,0,0,0,0,0,0,13000,0,0,0,70000,57000,13000,13000
068829,台積電國泰04購01,0,0,0,0,0,0,0,0,0,13000,0,0,0,26000,13000,13000,13000
068736,南電元大02購02  ,0,0,0,0,0,0,0,0,0,13000,0,0,0,13000,0,13000,13000
03030P,玉晶光元大03售01,0,0,0,0,0,0,0,0,0,13000,0,0,0,13000,0,13000,13000
03506P,鴻海國泰06售01  ,0,0,0,0,0,0,0,0,0,13000,0,0,0,26000,13000,13000,13000
060607,玉晶光凱基9A購06,0,0,0,0,0,0,0,0,0,13000,0,0,0,13000,0,13000,13000
058716,華新科台新99購02,0,0,0,0,0,0,0,0,0,13000,0,0,0,1873000,1860000,13000,13000
060697,鴻海國泰9C購01  ,0,0,0,0,0,0,0,0,0,13000,0,0,0,507000,494000,13000,13000
061186,牧德國泰9C購01  ,0,0,0,0,0,0,0,0,0,13000,0,0,0,36000,23000,13000,13000
061168,力成兆豐9A購01  ,0,0,0,0,0,0,0,0,0,13000,0,0,0,25000,12000,13000,13000
059948,正文永豐99購01  ,0,0,0,0,0,0,0,0,0,13000,0,0,0,29000,16000,13000,13000
061611,南六統一01購01  ,0,0,0,0,0,0,0,0,0,13000,0,0,0,13000,0,13000,13000
062478,牧德國票9B購03  ,0,0,0,0,0,0,0,0,0,13000,0,0,0,38000,25000,13000,13000
059647,超眾凱基99購04  ,0,0,0,0,0,0,0,0,0,13000,0,0,0,13000,0,13000,13000
062745,聯詠永豐9B購01  ,0,0,0,0,0,0,0,0,0,13000,0,0,0,25000,12000,13000,13000
062733,巨大凱基9B購01  ,0,0,0,0,0,0,0,0,0,13000,0,0,0,13000,0,13000,13000
062105,國巨國票9C購03  ,0,0,0,0,0,0,0,0,0,13000,0,0,0,13000,0,13000,13000
065220,義隆富邦01購02  ,0,0,0,0,0,0,0,0,0,13000,0,0,0,27000,14000,13000,13000
064897,宏達電群益9C購02,0,0,0,0,0,0,0,0,0,13000,0,0,0,48000,35000,13000,13000
064660,華通元大9C購05  ,0,0,0,0,0,0,0,0,0,13000,0,0,0,13000,0,13000,13000
064656,聚陽元大9C購03  ,0,0,0,0,0,0,0,0,0,13000,0,0,0,34000,21000,13000,13000
064327,金寶元大01購01  ,0,0,0,0,0,0,0,0,0,13000,0,0,0,59000,46000,13000,13000
063179,群創兆豐9B購01  ,0,0,0,0,0,0,0,0,0,13000,0,0,0,13000,0,13000,13000
063527,美食凱基01購01  ,0,0,0,0,0,0,0,0,0,13000,0,0,0,50000,37000,13000,13000
063830,智伸科國票01購01,0,0,0,0,0,0,0,0,0,13000,0,0,0,70000,57000,13000,13000
061308,元金2X中信9A購01,0,0,0,0,0,0,0,0,0,13000,0,0,0,16000,3000,13000,13000
064145,宏碁統一02購01  ,0,0,0,0,0,0,0,0,0,13000,0,0,0,36000,23000,13000,13000
064135,復盛元大9C購01  ,0,0,0,0,0,0,0,0,0,13000,0,0,0,13000,0,13000,13000
067024,旺宏兆豐03購01  ,0,0,0,0,0,0,0,0,0,13000,0,0,0,13000,0,13000,13000
067516,美利達統一03購04,0,0,0,0,0,0,0,0,0,13000,0,0,0,13000,0,13000,13000
066358,美利達永豐01購01,0,0,0,0,0,0,0,0,0,13000,0,0,0,62000,49000,13000,13000
066165,大毅凱基01購01  ,0,0,0,0,0,0,0,0,0,13000,0,0,0,13000,0,13000,13000
066275,台勝科元大01購01,0,0,0,0,0,0,0,0,0,13000,0,0,0,13000,0,13000,13000
066326,敦陽科永豐01購01,0,0,0,0,0,0,0,0,0,13000,0,0,0,13000,0,13000,13000
065350,華擎統一01購04  ,0,0,0,0,0,0,0,0,0,13000,0,0,0,13000,0,13000,13000
1618,合機            ,99000,108000,-9000,0,0,0,0,0,0,22000,22000,0,22000,0,0,0,13000
068745,上銀群益02購01  ,0,0,0,0,0,0,0,0,0,12000,0,0,0,141000,129000,12000,12000
068699,松翰凱基03購01  ,0,0,0,0,0,0,0,0,0,12000,0,0,0,17000,5000,12000,12000
068548,台積電群益01購22,0,0,0,0,0,0,0,0,0,12000,0,0,0,23000,11000,12000,12000
068142,鴻海元大02購02  ,0,0,0,0,0,0,0,0,0,12000,0,0,0,21000,9000,12000,12000
068147,台積電元大02購06,0,0,0,0,0,0,0,0,0,12000,0,0,0,15000,3000,12000,12000
068118,欣興元富07購03  ,0,0,0,0,0,0,0,0,0,12000,0,0,0,12000,0,12000,12000
068296,緯穎康和01購01  ,0,0,0,0,0,0,0,0,0,12000,0,0,0,12000,0,12000,12000
068844,台積電統一02購11,0,0,0,0,0,0,0,0,0,12000,0,0,0,12000,0,12000,12000
069830,華新科元富02購01,0,0,0,0,0,0,0,0,0,12000,0,0,0,12000,0,12000,12000
07920P,大立光中信01售01,0,0,0,0,0,0,0,0,0,12000,0,0,0,32000,20000,12000,12000
07660P,聯茂凱基9A售03  ,0,0,0,0,0,0,0,0,0,12000,0,0,0,30000,18000,12000,12000
07751P,世紀鋼凱基9A售02,0,0,0,0,0,0,0,0,0,12000,0,0,0,12000,0,12000,12000
059626,台積電凱基01購01,0,0,0,0,0,0,0,0,0,12000,0,0,0,12000,0,12000,12000
064081,國產中信06購01  ,0,0,0,0,0,0,0,0,0,12000,0,0,0,38000,26000,12000,12000
064039,亞德客統一02購01,0,0,0,0,0,0,0,0,0,12000,0,0,0,12000,0,12000,12000
059533,富邦金凱基99購01,0,0,0,0,0,0,0,0,0,12000,0,0,0,62000,50000,12000,12000
060022,勤誠康和99購01  ,0,0,0,0,0,0,0,0,0,12000,0,0,0,19000,7000,12000,12000
058572,百和凱基9A購01  ,0,0,0,0,0,0,0,0,0,12000,0,0,0,44000,32000,12000,12000
061077,國巨兆豐9B購01  ,0,0,0,0,0,0,0,0,0,12000,0,0,0,40000,28000,12000,12000
058371,智原凱基9A購01  ,0,0,0,0,0,0,0,0,0,12000,0,0,0,14000,2000,12000,12000
058711,鴻海統一9A購02  ,0,0,0,0,0,0,0,0,0,12000,0,0,0,12000,0,12000,12000
057547,技嘉凱基99購01  ,0,0,0,0,0,0,0,0,0,12000,0,0,0,12000,0,12000,12000
03486P,欣興永豐02售07  ,0,0,0,0,0,0,0,0,0,12000,0,0,0,12000,0,12000,12000
03458B,臺股指元大04熊07,0,0,0,0,0,0,0,0,0,12000,0,0,0,44000,32000,12000,12000
053282,彩晶元大9C購01  ,0,0,0,0,0,0,0,0,0,12000,0,0,0,12000,0,12000,12000
053186,健策中信9C購01  ,0,0,0,0,0,0,0,0,0,12000,0,0,0,24000,12000,12000,12000
05589P,大立光中信9A售01,0,0,0,0,0,0,0,0,0,12000,0,0,0,32000,20000,12000,12000
03224P,鴻海凱基03售06  ,0,0,0,0,0,0,0,0,0,12000,0,0,0,12000,0,12000,12000
03021P,玉晶光群益02售25,0,0,0,0,0,0,0,0,0,12000,0,0,0,30000,18000,12000,12000
03275P,台積電台新02售02,0,0,0,0,0,0,0,0,0,12000,0,0,0,48000,36000,12000,12000
00866,新光Shiller CAPE,0,0,0,0,0,0,0,0,0,12000,0,0,0,38000,26000,12000,12000
00736,國泰新興市場    ,0,0,0,0,0,0,0,0,0,12000,0,0,0,115000,103000,12000,12000
063793,和大凱基9C購01  ,0,0,0,0,0,0,0,0,0,12000,0,0,0,12000,0,12000,12000
062578,超眾群益9B購01  ,0,0,0,0,0,0,0,0,0,12000,0,0,0,25000,13000,12000,12000
063082,瑞昱凱基9B購04  ,0,0,0,0,0,0,0,0,0,12000,0,0,0,12000,0,12000,12000
063223,牧德群益9B購04  ,0,0,0,0,0,0,0,0,0,12000,0,0,0,12000,0,12000,12000
063089,巨大凱基9C購01  ,0,0,0,0,0,0,0,0,0,12000,0,0,0,12000,0,12000,12000
064348,TPK元大9C購03   ,0,0,0,0,0,0,0,0,0,12000,0,0,0,37000,25000,12000,12000
063611,儒鴻群益9B購03  ,0,0,0,0,0,0,0,0,0,12000,0,0,0,12000,0,12000,12000
064957,台表科凱基02購02,0,0,0,0,0,0,0,0,0,12000,0,0,0,12000,0,12000,12000
062822,力成兆豐9B購01  ,0,0,0,0,0,0,0,0,0,12000,0,0,0,12000,0,12000,12000
062036,致新群益9B購01  ,0,0,0,0,0,0,0,0,0,12000,0,0,0,12000,0,12000,12000
065397,宏達電群益9C購03,0,0,0,0,0,0,0,0,0,12000,0,0,0,36000,24000,12000,12000
065934,智邦群益01購02  ,0,0,0,0,0,0,0,0,0,12000,0,0,0,93000,81000,12000,12000
065777,正崴國泰03購01  ,0,0,0,0,0,0,0,0,0,12000,0,0,0,191000,179000,12000,12000
066162,泰豐凱基01購01  ,0,0,0,0,0,0,0,0,0,12000,0,0,0,12000,0,12000,12000
066123,華夏群益01購01  ,0,0,0,0,0,0,0,0,0,12000,0,0,0,18000,6000,12000,12000
066426,台勝科元大01購02,0,0,0,0,0,0,0,0,0,12000,0,0,0,12000,0,12000,12000
066494,旺宏國泰03購01  ,0,0,0,0,0,0,0,0,0,12000,0,0,0,508000,496000,12000,12000
067460,晶技永豐01購02  ,0,0,0,0,0,0,0,0,0,12000,0,0,0,38000,26000,12000,12000
067658,矽格元富04購01  ,0,0,0,0,0,0,0,0,0,12000,0,0,0,25000,13000,12000,12000
067745,泰鼎元大01購03  ,0,0,0,0,0,0,0,0,0,12000,0,0,0,12000,0,12000,12000
067752,臺股指元大01購16,0,0,0,0,0,0,0,0,0,12000,0,0,0,12000,0,12000,12000
067725,旭富凱基01購03  ,0,0,0,0,0,0,0,0,0,12000,0,0,0,12000,0,12000,12000
068049,玉晶光統一01購13,0,0,0,0,0,0,0,0,0,12000,0,0,0,23000,11000,12000,12000
066947,聯發科元大01購15,0,0,0,0,0,0,0,0,0,12000,0,0,0,1104000,1092000,12000,12000
066958,日月光元大01購02,0,0,0,0,0,0,0,0,0,12000,0,0,0,12000,0,12000,12000
066887,聯發科中信02購01,12000,0,12000,0,0,0,0,0,0,0,0,0,0,0,0,0,12000
066758,智邦永豐01購01  ,0,0,0,0,0,0,0,0,0,12000,0,0,0,23000,11000,12000,12000
067181,華通凱基01購02  ,0,0,0,0,0,0,0,0,0,12000,0,0,0,12000,0,12000,12000
6464,台數科          ,13000,0,13000,0,0,0,0,0,0,-1000,0,1000,-1000,0,0,0,12000
6706,惠特            ,64000,59000,5000,0,0,0,0,0,0,7000,0,0,0,19000,12000,7000,12000
2706,第一店          ,12000,0,12000,0,0,0,0,0,0,0,0,0,0,0,0,0,12000
3416,融程電          ,26000,10000,16000,0,0,0,0,0,0,-4000,0,4000,-4000,0,0,0,12000
07720P,臺股指群益9A售09,0,0,0,0,0,0,0,0,0,11000,0,0,0,11000,0,11000,11000
069673,華通元大02購08  ,0,0,0,0,0,0,0,0,0,11000,0,0,0,11000,0,11000,11000
069663,華新科兆豐04購01,0,0,0,0,0,0,0,0,0,11000,0,0,0,11000,0,11000,11000
068926,道瓊銀永豐02購01,0,0,0,0,0,0,0,0,0,11000,0,0,0,40000,29000,11000,11000
068564,燿華元大01購04  ,0,0,0,0,0,0,0,0,0,11000,0,0,0,11000,0,11000,11000
068691,大成鋼凱基02購01,0,0,0,0,0,0,0,0,0,11000,0,0,0,11000,0,11000,11000
03219P,台積電康和02售01,0,0,0,0,0,0,0,0,0,11000,0,0,0,28000,17000,11000,11000
058721,立積元富9C購01  ,0,0,0,0,0,0,0,0,0,11000,0,0,0,21000,10000,11000,11000
058766,力山兆豐99購01  ,0,0,0,0,0,0,0,0,0,11000,0,0,0,31000,20000,11000,11000
060966,台表科凱基9B購01,0,0,0,0,0,0,0,0,0,11000,0,0,0,11000,0,11000,11000
060807,新光金群益9A購01,0,0,0,0,0,0,0,0,0,11000,0,0,0,11000,0,11000,11000
060362,建準元富9A購02  ,0,0,0,0,0,0,0,0,0,11000,0,0,0,11000,0,11000,11000
063356,台表科元富02購01,0,0,0,0,0,0,0,0,0,11000,0,0,0,11000,0,11000,11000
064490,金像電元大9C購02,0,0,0,0,0,0,0,0,0,11000,0,0,0,11000,0,11000,11000
064972,台積電元大9C購11,0,0,0,0,0,0,0,0,0,11000,0,0,0,11000,0,11000,11000
064920,景碩統一01購02  ,0,0,0,0,0,0,0,0,0,11000,0,0,0,18000,7000,11000,11000
065196,技嘉元富06購01  ,0,0,0,0,0,0,0,0,0,11000,0,0,0,11000,0,11000,11000
065125,奇力新永豐9C購01,0,0,0,0,0,0,0,0,0,11000,0,0,0,11000,0,11000,11000
064646,群創凱基02購01  ,0,0,0,0,0,0,0,0,0,11000,0,0,0,16000,5000,11000,11000
061353,康控元大9A購01  ,0,0,0,0,0,0,0,0,0,11000,0,0,0,11000,0,11000,11000
063851,健策元大01購01  ,0,0,0,0,0,0,0,0,0,11000,0,0,0,63000,52000,11000,11000
063577,台表科元大9C購04,0,0,0,0,0,0,0,0,0,11000,0,0,0,20000,9000,11000,11000
064567,晶技群益01購01  ,0,0,0,0,0,0,0,0,0,11000,0,0,0,11000,0,11000,11000
063988,華通永豐9C購01  ,0,0,0,0,0,0,0,0,0,11000,0,0,0,23000,12000,11000,11000
067306,奇鋐元大01購02  ,0,0,0,0,0,0,0,0,0,11000,0,0,0,23000,12000,11000,11000
066841,臺指反元大04購06,0,0,0,0,0,0,0,0,0,11000,0,0,0,444000,433000,11000,11000
068036,緯創元富02購01  ,0,0,0,0,0,0,0,0,0,11000,0,0,0,11000,0,11000,11000
067935,大立光凱基01購09,0,0,0,0,0,0,0,0,0,11000,0,0,0,11000,0,11000,11000
067694,聚陽中信03購01  ,0,0,0,0,0,0,0,0,0,11000,0,0,0,17000,6000,11000,11000
066048,奇鋐元大01購01  ,0,0,0,0,0,0,0,0,0,11000,0,0,0,11000,0,11000,11000
066159,寶成康和01購01  ,0,0,0,0,0,0,0,0,0,11000,0,0,0,11000,0,11000,11000
065937,大毅群益02購01  ,0,0,0,0,0,0,0,0,0,11000,0,0,0,11000,0,11000,11000
065929,TPK國票02購01   ,0,0,0,0,0,0,0,0,0,11000,0,0,0,38000,27000,11000,11000
065926,金像電國票02購01,0,0,0,0,0,0,0,0,0,11000,0,0,0,11000,0,11000,11000
065468,FBVIX元大9C購04 ,0,0,0,0,0,0,0,0,0,11000,0,0,0,11000,0,11000,11000
065306,泰鼎元富9C購02  ,0,0,0,0,0,0,0,0,0,11000,0,0,0,11000,0,11000,11000
065611,嘉聯益元大9C購02,0,0,0,0,0,0,0,0,0,11000,0,0,0,11000,0,11000,11000
065576,泰鼎群益9C購02  ,0,0,0,0,0,0,0,0,0,11000,0,0,0,12000,1000,11000,11000
3018,同開            ,28000,17000,11000,0,0,0,0,0,0,0,0,0,0,0,0,0,11000
1532,勤美            ,22000,15000,7000,0,0,0,0,0,0,4000,4000,0,4000,0,0,0,11000
08803P,鴻海元富07售08  ,0,0,0,0,0,0,0,0,0,11000,0,0,0,80000,69000,11000,11000
08744P,臺股指凱基02售05,0,0,0,0,0,0,0,0,0,11000,0,0,0,381000,370000,11000,11000
08643P,和碩群益9C售02  ,0,0,0,0,0,0,0,0,0,11000,0,0,0,156000,145000,11000,11000
08967P,聯電元大01售03  ,0,0,0,0,0,0,0,0,0,11000,0,0,0,11000,0,11000,11000
068767,台積電統一04購05,0,0,0,0,0,0,0,0,0,10000,0,0,0,21000,11000,10000,10000
068755,鎧勝國泰04購01  ,0,0,0,0,0,0,0,0,0,10000,0,0,0,10000,0,10000,10000
068552,台灣50元大01購38,0,0,0,0,0,0,0,0,0,10000,0,0,0,10000,0,10000,10000
068510,鴻海統一03購06  ,0,0,0,0,0,0,0,0,0,10000,0,0,0,30000,20000,10000,10000
068349,聯電凱基03購03  ,0,0,0,0,0,0,0,0,0,10000,0,0,0,19000,9000,10000,10000
068409,緯穎元富07購01  ,0,0,0,0,0,0,0,0,0,10000,0,0,0,15000,5000,10000,10000
068414,聯電中信01購01  ,0,0,0,0,0,0,0,0,0,10000,0,0,0,71000,61000,10000,10000
068140,鴻海元大01購24  ,0,0,0,0,0,0,0,0,0,10000,0,0,0,10000,0,10000,10000
068245,國巨元大01購16  ,0,0,0,0,0,0,0,0,0,10000,0,0,0,11000,1000,10000,10000
068887,新唐統一02購01  ,0,0,0,0,0,0,0,0,0,10000,0,0,0,10000,0,10000,10000
06900P,FBVIX國票12售01 ,0,0,0,0,0,0,0,0,0,10000,0,0,0,10000,0,10000,10000
069293,台積電中信06購06,0,0,0,0,0,0,0,0,0,10000,0,0,0,30000,20000,10000,10000
069324,嘉澤兆豐04購01  ,0,0,0,0,0,0,0,0,0,10000,0,0,0,10000,0,10000,10000
069382,欣興元大02購09  ,0,0,0,0,0,0,0,0,0,10000,0,0,0,10000,0,10000,10000
069383,晶技元大02購03  ,0,0,0,0,0,0,0,0,0,10000,0,0,0,10000,0,10000,10000
069192,晶技統一05購01  ,0,0,0,0,0,0,0,0,0,10000,0,0,0,10000,0,10000,10000
069662,台達電兆豐03購02,0,0,0,0,0,0,0,0,0,10000,0,0,0,10000,0,10000,10000
069668,臺指反元大03購06,0,0,0,0,0,0,0,0,0,10000,0,0,0,10000,0,10000,10000
069679,瑞昱元大02購06  ,0,0,0,0,0,0,0,0,0,10000,0,0,0,17000,7000,10000,10000
069636,嘉澤元富08購01  ,0,0,0,0,0,0,0,0,0,10000,0,0,0,10000,0,10000,10000
069618,瑞昱統一04購02  ,0,0,0,0,0,0,0,0,0,10000,0,0,0,10000,0,10000,10000
069769,金像電元大02購10,0,0,0,0,0,0,0,0,0,10000,0,0,0,150000,140000,10000,10000
069751,華碩中信03購01  ,0,0,0,0,0,0,0,0,0,10000,0,0,0,44000,34000,10000,10000
069706,旺宏國票03購01  ,0,0,0,0,0,0,0,0,0,10000,0,0,0,10000,0,10000,10000
069528,道瓊銀群益02購03,0,0,0,0,0,0,0,0,0,10000,0,0,0,10000,0,10000,10000
069475,台灣50元大03購02,0,0,0,0,0,0,0,0,0,10000,0,0,0,10000,0,10000,10000
069503,聯電永豐02購06  ,0,0,0,0,0,0,0,0,0,10000,0,0,0,15000,5000,10000,10000
069484,聯發科元大02購16,0,0,0,0,0,0,0,0,0,10000,0,0,0,10000,0,10000,10000
069831,華新科元富02購02,0,0,0,0,0,0,0,0,0,10000,0,0,0,48000,38000,10000,10000
06993P,鴻海凱基99售05  ,0,0,0,0,0,0,0,0,0,10000,0,0,0,10000,0,10000,10000
07639P,緯穎國票9A售01  ,0,0,0,0,0,0,0,0,0,10000,0,0,0,10000,0,10000,10000
07148P,富邦金元大99售01,0,0,0,0,0,0,0,0,0,10000,0,0,0,10000,0,10000,10000
07055P,景碩群益9A售02  ,0,0,0,0,0,0,0,0,0,10000,0,0,0,10000,0,10000,10000
07068P,欣興台新99售01  ,0,0,0,0,0,0,0,0,0,10000,0,0,0,10000,0,10000,10000
07758P,台積電國票9A售06,0,0,0,0,0,0,0,0,0,10000,0,0,0,10000,0,10000,10000
07839P,嘉澤元大9A售04  ,0,0,0,0,0,0,0,0,0,10000,0,0,0,10000,0,10000,10000
07779P,鴻海凱基9B售04  ,0,0,0,0,0,0,0,0,0,10000,0,0,0,20000,10000,10000,10000
07956P,鴻海群益9B售06  ,0,0,0,0,0,0,0,0,0,10000,0,0,0,10000,0,10000,10000
07951P,智邦元大9B售05  ,0,0,0,0,0,0,0,0,0,10000,0,0,0,10000,0,10000,10000
07873P,華新科群益9B售03,0,0,0,0,0,0,0,0,0,10000,0,0,0,10000,0,10000,10000
08189P,超眾群益9B售04  ,0,0,0,0,0,0,0,0,0,10000,0,0,0,10000,0,10000,10000
08536P,台積電國票9C售08,0,0,0,0,0,0,0,0,0,10000,0,0,0,10000,0,10000,10000
08447P,緯穎永豐9C售02  ,0,0,0,0,0,0,0,0,0,10000,0,0,0,32000,22000,10000,10000
08482P,亞德客群益9C售02,0,0,0,0,0,0,0,0,0,10000,0,0,0,10000,0,10000,10000
08593P,聯發科凱基9C售13,0,0,0,0,0,0,0,0,0,10000,0,0,0,40000,30000,10000,10000
08409P,臺股指元大9C售15,0,0,0,0,0,0,0,0,0,10000,0,0,0,10000,0,10000,10000
08222P,南六凱基9B售05  ,0,0,0,0,0,0,0,0,0,10000,0,0,0,10000,0,10000,10000
08286P,大立光凱基9C售04,0,0,0,0,0,0,0,0,0,10000,0,0,0,10000,0,10000,10000
062497,遠東新群益9B購01,0,0,0,0,0,0,0,0,0,10000,0,0,0,12000,2000,10000,10000
061607,台表科凱基9B購02,0,0,0,0,0,0,0,0,0,10000,0,0,0,10000,0,10000,10000
061586,智邦富邦9A購02  ,0,0,0,0,0,0,0,0,0,10000,0,0,0,10000,0,10000,10000
058291,元油2X日盛99購01,0,0,0,0,0,0,0,0,0,10000,0,0,0,10000,0,10000,10000
058327,大毅統一9B購01  ,0,0,0,0,0,0,0,0,0,10000,0,0,0,10000,0,10000,10000
061664,上銀中信9A購01  ,0,0,0,0,0,0,0,0,0,10000,0,0,0,30000,20000,10000,10000
059622,上銀凱基99購10  ,0,0,0,0,0,0,0,0,0,10000,0,0,0,10000,0,10000,10000
059562,上銀凱基99購09  ,0,0,0,0,0,0,0,0,0,10000,0,0,0,10000,0,10000,10000
059663,旭富元大9C購02  ,0,0,0,0,0,0,0,0,0,10000,0,0,0,10000,0,10000,10000
060542,上銀凱基9A購04  ,0,0,0,0,0,0,0,0,0,10000,0,0,0,10000,0,10000,10000
060940,國巨國票9B購03  ,0,0,0,0,0,0,0,0,0,10000,0,0,0,10000,0,10000,10000
060878,奇力新中信9C購01,0,0,0,0,0,0,0,0,0,10000,0,0,0,10000,0,10000,10000
060881,玉山金中信02購01,0,0,0,0,0,0,0,0,0,10000,0,0,0,10000,0,10000,10000
057841,茂林富邦9A購02  ,0,0,0,0,0,0,0,0,0,10000,0,0,0,10000,0,10000,10000
057668,華新科元大9A購01,0,0,0,0,0,0,0,0,0,10000,0,0,0,10000,0,10000,10000
057669,嘉晶元大99購03  ,0,0,0,0,0,0,0,0,0,10000,0,0,0,10000,0,10000,10000
058013,SP黃豆凱基9A購01,0,0,0,0,0,0,0,0,0,10000,0,0,0,10000,0,10000,10000
058055,華擎統一9A購01  ,0,0,0,0,0,0,0,0,0,10000,0,0,0,10000,0,10000,10000
058068,旺宏凱基98購11  ,0,0,0,0,0,0,0,0,0,10000,0,0,0,10000,0,10000,10000
058262,大立光富邦9C購02,0,0,0,0,0,0,0,0,0,10000,0,0,0,10000,0,10000,10000
058259,訊連國泰9B購01  ,0,0,0,0,0,0,0,0,0,10000,0,0,0,20000,10000,10000,10000
058216,TPK群益99購01   ,0,0,0,0,0,0,0,0,0,10000,0,0,0,10000,0,10000,10000
058167,鴻海凱基9A購03  ,0,0,0,0,0,0,0,0,0,10000,0,0,0,10000,0,10000,10000
060389,世紀鋼凱基9B購02,0,0,0,0,0,0,0,0,0,10000,0,0,0,10000,0,10000,10000
060343,台積電統一9C購02,0,0,0,0,0,0,0,0,0,10000,0,0,0,10000,0,10000,10000
060423,智易永豐9A購01  ,0,0,0,0,0,0,0,0,0,10000,0,0,0,10000,0,10000,10000
060425,凌華永豐9A購01  ,0,0,0,0,0,0,0,0,0,10000,0,0,0,10000,0,10000,10000
060165,上緯控永豐9A購01,0,0,0,0,0,0,0,0,0,10000,0,0,0,10000,0,10000,10000
060239,國揚元大9C購01  ,0,0,0,0,0,0,0,0,0,10000,0,0,0,10000,0,10000,10000
060283,台肥元大9C購01  ,0,0,0,0,0,0,0,0,0,10000,0,0,0,10000,0,10000,10000
058663,瑞儀兆豐9A購01  ,0,0,0,0,0,0,0,0,0,10000,0,0,0,10000,0,10000,10000
059344,長榮航凱基99購01,0,0,0,0,0,0,0,0,0,10000,0,0,0,10000,0,10000,10000
059358,旺宏永豐99購02  ,0,0,0,0,0,0,0,0,0,10000,0,0,0,10000,0,10000,10000
059386,上銀凱基99購07  ,0,0,0,0,0,0,0,0,0,10000,0,0,0,10000,0,10000,10000
060016,廣達康和99購01  ,0,0,0,0,0,0,0,0,0,10000,0,0,0,10000,0,10000,10000
060057,欣興凱基9B購01  ,0,0,0,0,0,0,0,0,0,10000,0,0,0,10000,0,10000,10000
059431,旺宏元大99購14  ,0,0,0,0,0,0,0,0,0,10000,0,0,0,10000,0,10000,10000
059525,上銀凱基99購08  ,0,0,0,0,0,0,0,0,0,10000,0,0,0,10000,0,10000,10000
060813,高鐵凱基9A購01  ,0,0,0,0,0,0,0,0,0,10000,0,0,0,10000,0,10000,10000
060760,南亞科元大9A購04,0,0,0,0,0,0,0,0,0,10000,0,0,0,13000,3000,10000,10000
059890,大立光國票99購03,0,0,0,0,0,0,0,0,0,10000,0,0,0,10000,0,10000,10000
059871,義隆凱基99購03  ,0,0,0,0,0,0,0,0,0,10000,0,0,0,10000,0,10000,10000
059838,茂林國泰9B購01  ,0,0,0,0,0,0,0,0,0,10000,0,0,0,10000,0,10000,10000
059938,凱美永豐99購01  ,0,0,0,0,0,0,0,0,0,10000,0,0,0,10000,0,10000,10000
058352,鴻海凱基9A購05  ,0,0,0,0,0,0,0,0,0,10000,0,0,0,10000,0,10000,10000
058385,創意中信99購01  ,0,0,0,0,0,0,0,0,0,10000,0,0,0,10000,0,10000,10000
058455,玉晶光永豐99購03,0,0,0,0,0,0,0,0,0,10000,0,0,0,21000,11000,10000,10000
061134,大成鋼統一9C購01,0,0,0,0,0,0,0,0,0,10000,0,0,0,10000,0,10000,10000
061154,可成群益9B購04  ,0,0,0,0,0,0,0,0,0,10000,0,0,0,10000,0,10000,10000
059198,華新科永豐99購06,0,0,0,0,0,0,0,0,0,10000,0,0,0,10000,0,10000,10000
059254,台表科凱基9A購02,0,0,0,0,0,0,0,0,0,10000,0,0,0,10000,0,10000,10000
060734,華通統一9C購01  ,0,0,0,0,0,0,0,0,0,10000,0,0,0,10000,0,10000,10000
059065,南電凱基9A購01  ,0,0,0,0,0,0,0,0,0,10000,0,0,0,10000,0,10000,10000
059159,上銀凱基99購05  ,0,0,0,0,0,0,0,0,0,10000,0,0,0,10000,0,10000,10000
060980,台積電元大9A購21,0,0,0,0,0,0,0,0,0,10000,0,0,0,10000,0,10000,10000
060602,京元電凱基9A購01,0,0,0,0,0,0,0,0,0,10000,0,0,0,10000,0,10000,10000
060664,聯詠凱基9A購01  ,0,0,0,0,0,0,0,0,0,10000,0,0,0,10000,0,10000,10000
060657,旺宏統一9B購05  ,0,0,0,0,0,0,0,0,0,10000,0,0,0,10000,0,10000,10000
058887,元石油元大9C購04,0,0,0,0,0,0,0,0,0,10000,0,0,0,10000,0,10000,10000
058697,亞德客元大99購01,0,0,0,0,0,0,0,0,0,10000,0,0,0,10000,0,10000,10000
058803,世紀鋼元大99購03,0,0,0,0,0,0,0,0,0,10000,0,0,0,10000,0,10000,10000
060556,緯穎凱基9A購04  ,0,0,0,0,0,0,0,0,0,10000,0,0,0,10000,0,10000,10000
03385P,台積電凱基02售17,0,0,0,0,0,0,0,0,0,10000,0,0,0,10000,0,10000,10000
053382,友達元大9C購02  ,0,0,0,0,0,0,0,0,0,10000,0,0,0,10000,0,10000,10000
054207,國巨國票98購01  ,0,0,0,0,0,0,0,0,0,10000,0,0,0,10000,0,10000,10000
054099,TPK國票98購01   ,0,0,0,0,0,0,0,0,0,10000,0,0,0,10000,0,10000,10000
053789,彩晶元大9C購02  ,0,0,0,0,0,0,0,0,0,10000,0,0,0,10000,0,10000,10000
047211,華新科富邦99購01,0,0,0,0,0,0,0,0,0,10000,0,0,0,10000,0,10000,10000
054756,世紀鋼凱基99購01,0,0,0,0,0,0,0,0,0,10000,0,0,0,40000,30000,10000,10000
054511,香港反元大98購01,0,0,0,0,0,0,0,0,0,10000,0,0,0,10000,0,10000,10000
057377,康控元大99購02  ,0,0,0,0,0,0,0,0,0,10000,0,0,0,10000,0,10000,10000
055399,超眾統一99購01  ,0,0,0,0,0,0,0,0,0,10000,0,0,0,10000,0,10000,10000
03221P,和大凱基02售03  ,0,0,0,0,0,0,0,0,0,10000,0,0,0,10000,0,10000,10000
03197P,台積電統一01售14,0,0,0,0,0,0,0,0,0,10000,0,0,0,10000,0,10000,10000
03295P,台積電統一02售12,0,0,0,0,0,0,0,0,0,10000,0,0,0,10000,0,10000,10000
03296P,台積電統一02售13,0,0,0,0,0,0,0,0,0,10000,0,0,0,10000,0,10000,10000
03260P,技嘉凱基02售01  ,0,0,0,0,0,0,0,0,0,10000,0,0,0,90000,80000,10000,10000
03011P,臺股指富邦01售01,0,0,0,0,0,0,0,0,0,10000,0,0,0,10000,0,10000,10000
03298P,台積電統一03售15,0,0,0,0,0,0,0,0,0,10000,0,0,0,10000,0,10000,10000
055812,台積電國票99購02,0,0,0,0,0,0,0,0,0,10000,0,0,0,10000,0,10000,10000
056269,新日興統一98購01,0,0,0,0,0,0,0,0,0,10000,0,0,0,10000,0,10000,10000
03055P,台積電康和01售02,0,0,0,0,0,0,0,0,0,10000,0,0,0,10000,0,10000,10000
03069P,大毅群益01售04  ,0,0,0,0,0,0,0,0,0,10000,0,0,0,224000,214000,10000,10000
056783,國巨群益99購01  ,0,0,0,0,0,0,0,0,0,10000,0,0,0,10000,0,10000,10000
03328P,台積電群益03售02,0,0,0,0,0,0,0,0,0,10000,0,0,0,10000,0,10000,10000
057244,鈺齊凱基99購01  ,0,0,0,0,0,0,0,0,0,10000,0,0,0,19000,9000,10000,10000
063982,TPK兆豐9C購01   ,0,0,0,0,0,0,0,0,0,10000,0,0,0,11000,1000,10000,10000
063979,健鼎兆豐9C購01  ,0,0,0,0,0,0,0,0,0,10000,0,0,0,10000,0,10000,10000
062596,緯穎統一01購02  ,0,0,0,0,0,0,0,0,0,10000,0,0,0,10000,0,10000,10000
064128,國產元大9C購01  ,0,0,0,0,0,0,0,0,0,10000,0,0,0,10000,0,10000,10000
064110,國巨國票01購01  ,0,0,0,0,0,0,0,0,0,10000,0,0,0,10000,0,10000,10000
063924,致新元富9C購01  ,0,0,0,0,0,0,0,0,0,10000,0,0,0,10000,0,10000,10000
063463,瑞昱元大9B購05  ,0,0,0,0,0,0,0,0,0,10000,0,0,0,10000,0,10000,10000
063501,旭富永豐9B購02  ,0,0,0,0,0,0,0,0,0,10000,0,0,0,10000,0,10000,10000
063100,聚陽群益9C購02  ,0,0,0,0,0,0,0,0,0,10000,0,0,0,10000,0,10000,10000
063088,緯穎凱基9B購04  ,0,0,0,0,0,0,0,0,0,10000,0,0,0,10000,0,10000,10000
063198,仁寶統一01購02  ,0,0,0,0,0,0,0,0,0,10000,0,0,0,128000,118000,10000,10000
062924,世紀鋼元大9C購04,0,0,0,0,0,0,0,0,0,10000,0,0,0,10000,0,10000,10000
062940,華新科凱基9C購02,0,0,0,0,0,0,0,0,0,10000,0,0,0,13000,3000,10000,10000
063533,緯穎凱基9B購06  ,0,0,0,0,0,0,0,0,0,10000,0,0,0,20000,10000,10000,10000
064417,創意中信9C購01  ,0,0,0,0,0,0,0,0,0,10000,0,0,0,30000,20000,10000,10000
061327,台郡凱基9A購02  ,0,0,0,0,0,0,0,0,0,10000,0,0,0,10000,0,10000,10000
061293,聯茂統一9A購01  ,0,0,0,0,0,0,0,0,0,10000,0,0,0,10000,0,10000,10000
061238,晶技元大9A購02  ,0,0,0,0,0,0,0,0,0,10000,0,0,0,10000,0,10000,10000
062698,台積電元大01購01,0,0,0,0,0,0,0,0,0,10000,0,0,0,10000,0,10000,10000
062703,可成元大9C購02  ,0,0,0,0,0,0,0,0,0,10000,0,0,0,25000,15000,10000,10000
062690,華擎統一9B購01  ,0,0,0,0,0,0,0,0,0,10000,0,0,0,10000,0,10000,10000
063118,中鋼元大9C購01  ,0,0,0,0,0,0,0,0,0,10000,0,0,0,10000,0,10000,10000
063121,友達元大9C購09  ,0,0,0,0,0,0,0,0,0,10000,0,0,0,10000,0,10000,10000
062671,國泰金中信03購01,0,0,0,0,0,0,0,0,0,10000,0,0,0,10000,0,10000,10000
061785,奇力新群益9B購01,0,0,0,0,0,0,0,0,0,10000,0,0,0,10000,0,10000,10000
061720,智邦國泰9C購01  ,0,0,0,0,0,0,0,0,0,10000,0,0,0,10000,0,10000,10000
061765,義隆元大9B購01  ,0,0,0,0,0,0,0,0,0,10000,0,0,0,10000,0,10000,10000
061709,SP黃豆凱基01購02,0,0,0,0,0,0,0,0,0,10000,0,0,0,10000,0,10000,10000
063579,GIS元大9C購01   ,0,0,0,0,0,0,0,0,0,10000,0,0,0,25000,15000,10000,10000
063581,同欣電國泰9C購01,0,0,0,0,0,0,0,0,0,10000,0,0,0,10000,0,10000,10000
064655,聚陽元大9C購02  ,0,0,0,0,0,0,0,0,0,10000,0,0,0,10000,0,10000,10000
062906,全新元大9B購03  ,0,0,0,0,0,0,0,0,0,10000,0,0,0,10000,0,10000,10000
064740,台光電國票01購01,0,0,0,0,0,0,0,0,0,10000,0,0,0,10000,0,10000,10000
065149,遠東新群益9C購01,0,0,0,0,0,0,0,0,0,10000,0,0,0,34000,24000,10000,10000
065172,義隆元大9C購05  ,0,0,0,0,0,0,0,0,0,10000,0,0,0,11000,1000,10000,10000
064899,大立光群益9C購06,0,0,0,0,0,0,0,0,0,10000,0,0,0,10000,0,10000,10000
064497,可成元大01購02  ,0,0,0,0,0,0,0,0,0,10000,0,0,0,20000,10000,10000,10000
061476,大毅元大9A購02  ,0,0,0,0,0,0,0,0,0,10000,0,0,0,10000,0,10000,10000
061436,上銀凱基9A購07  ,0,0,0,0,0,0,0,0,0,10000,0,0,0,10000,0,10000,10000
061505,力成國票9A購03  ,0,0,0,0,0,0,0,0,0,10000,0,0,0,48000,38000,10000,10000
061479,泰碩元大9A購02  ,0,0,0,0,0,0,0,0,0,10000,0,0,0,10000,0,10000,10000
062826,奇力新群益9C購01,0,0,0,0,0,0,0,0,0,10000,0,0,0,13000,3000,10000,10000
061979,友達元大9C購08  ,0,0,0,0,0,0,0,0,0,10000,0,0,0,10000,0,10000,10000
062767,GIS凱基9B購02   ,0,0,0,0,0,0,0,0,0,10000,0,0,0,10000,0,10000,10000
062769,臺股指凱基9B購13,0,0,0,0,0,0,0,0,0,10000,0,0,0,10000,0,10000,10000
062774,儒鴻元大9C購01  ,0,0,0,0,0,0,0,0,0,10000,0,0,0,10000,0,10000,10000
061803,巨大永豐9B購01  ,0,0,0,0,0,0,0,0,0,10000,0,0,0,10000,0,10000,10000
061815,奇力新群益9B購02,0,0,0,0,0,0,0,0,0,10000,0,0,0,10000,0,10000,10000
062054,鴻海統一9C購06  ,0,0,0,0,0,0,0,0,0,10000,0,0,0,30000,20000,10000,10000
062252,華邦電元大9C購01,0,0,0,0,0,0,0,0,0,10000,0,0,0,15000,5000,10000,10000
062378,台表科元大9C購01,0,0,0,0,0,0,0,0,0,10000,0,0,0,11000,1000,10000,10000
062400,晶豪科永豐9B購02,0,0,0,0,0,0,0,0,0,10000,0,0,0,10000,0,10000,10000
062410,台積電第一9B購02,0,0,0,0,0,0,0,0,0,10000,0,0,0,10000,0,10000,10000
062394,大立光富邦02購01,0,0,0,0,0,0,0,0,0,10000,0,0,0,20000,10000,10000,10000
062361,智邦元大9B購06  ,0,0,0,0,0,0,0,0,0,10000,0,0,0,40000,30000,10000,10000
062299,台積電第一9B購01,0,0,0,0,0,0,0,0,0,10000,0,0,0,10000,0,10000,10000
062335,茂林統一01購01  ,0,0,0,0,0,0,0,0,0,10000,0,0,0,30000,20000,10000,10000
062345,和大群益9B購01  ,0,0,0,0,0,0,0,0,0,10000,0,0,0,10000,0,10000,10000
062283,玉晶光群益01購01,0,0,0,0,0,0,0,0,0,10000,0,0,0,11000,1000,10000,10000
062285,台勝科群益9B購01,0,0,0,0,0,0,0,0,0,10000,0,0,0,10000,0,10000,10000
065556,旭富凱基9C購02  ,0,0,0,0,0,0,0,0,0,10000,0,0,0,10000,0,10000,10000
065547,同欣電兆豐01購01,0,0,0,0,0,0,0,0,0,10000,0,0,0,10000,0,10000,10000
065530,亞德客統一9C購02,0,0,0,0,0,0,0,0,0,10000,0,0,0,10000,0,10000,10000
065665,鴻海凱基9C購04  ,0,0,0,0,0,0,0,0,0,10000,0,0,0,50000,40000,10000,10000
065325,亞光凱基9C購01  ,0,0,0,0,0,0,0,0,0,10000,0,0,0,10000,0,10000,10000
065355,聯發科元富03購05,0,0,0,0,0,0,0,0,0,10000,0,0,0,20000,10000,10000,10000
065335,玉晶光台新9C購03,0,0,0,0,0,0,0,0,0,10000,0,0,0,10000,0,10000,10000
065388,華擎兆豐01購01  ,0,0,0,0,0,0,0,0,0,10000,0,0,0,10000,0,10000,10000
065946,鴻海統一03購03  ,0,0,0,0,0,0,0,0,0,10000,0,0,0,10000,0,10000,10000
065954,大立光統一03購01,0,0,0,0,0,0,0,0,0,10000,0,0,0,20000,10000,10000,10000
065964,鴻海元大02購01  ,0,0,0,0,0,0,0,0,0,10000,0,0,0,10000,0,10000,10000
065999,燿華國票02購01  ,0,0,0,0,0,0,0,0,0,10000,0,0,0,10000,0,10000,10000
065828,大立光凱基06購01,0,0,0,0,0,0,0,0,0,10000,0,0,0,30000,20000,10000,10000
065822,緯創台新9C購01  ,0,0,0,0,0,0,0,0,0,10000,0,0,0,10000,0,10000,10000
065698,旺宏群益9C購08  ,0,0,0,0,0,0,0,0,0,10000,0,0,0,26000,16000,10000,10000
066184,鎧勝凱基01購01  ,0,0,0,0,0,0,0,0,0,10000,0,0,0,10000,0,10000,10000
066116,宏達電兆豐01購01,0,0,0,0,0,0,0,0,0,10000,0,0,0,10000,0,10000,10000
066104,鎧勝國票02購01  ,0,0,0,0,0,0,0,0,0,10000,0,0,0,10000,0,10000,10000
066095,友訊中信05購01  ,0,0,0,0,0,0,0,0,0,10000,0,0,0,259000,249000,10000,10000
066355,惠特永豐01購01  ,0,0,0,0,0,0,0,0,0,10000,0,0,0,10000,0,10000,10000
066307,華城永豐01購01  ,0,0,0,0,0,0,0,0,0,10000,0,0,0,20000,10000,10000,10000
066429,矽格元大01購01  ,0,0,0,0,0,0,0,0,0,10000,0,0,0,10000,0,10000,10000
066692,T50反1群益01購04,0,0,0,0,0,0,0,0,0,10000,0,0,0,10000,0,10000,10000
066673,緯穎凱基02購01  ,0,0,0,0,0,0,0,0,0,10000,0,0,0,10000,0,10000,10000
066544,鴻海元大01購08  ,0,0,0,0,0,0,0,0,0,10000,0,0,0,10000,0,10000,10000
066571,矽格元大01購02  ,0,0,0,0,0,0,0,0,0,10000,0,0,0,26000,16000,10000,10000
067719,旺宏凱基01購03  ,0,0,0,0,0,0,0,0,0,10000,0,0,0,20000,10000,10000,10000
067469,國巨元大01購09  ,0,0,0,0,0,0,0,0,0,10000,0,0,0,10000,0,10000,10000
067527,遠東新群益01購01,0,0,0,0,0,0,0,0,0,10000,0,0,0,20000,10000,10000,10000
067552,亞光兆豐01購01  ,0,0,0,0,0,0,0,0,0,10000,0,0,0,10000,0,10000,10000
067900,玉晶光群益02購14,0,0,0,0,0,0,0,0,0,10000,0,0,0,10000,0,10000,10000
067897,玉晶光群益02購11,0,0,0,0,0,0,0,0,0,10000,0,0,0,10000,0,10000,10000
067889,大毅群益01購03  ,0,0,0,0,0,0,0,0,0,10000,0,0,0,10000,0,10000,10000
067875,百和元大01購01  ,0,0,0,0,0,0,0,0,0,10000,0,0,0,325000,315000,10000,10000
067837,大立光統一03購04,0,0,0,0,0,0,0,0,0,10000,0,0,0,50000,40000,10000,10000
067771,新光金統一03購01,0,0,0,0,0,0,0,0,0,10000,0,0,0,10000,0,10000,10000
068022,聯發科台新01購01,0,0,0,0,0,0,0,0,0,10000,0,0,0,10000,0,10000,10000
068047,台積電統一03購06,0,0,0,0,0,0,0,0,0,10000,0,0,0,117000,107000,10000,10000
066832,健策群益01購08  ,0,0,0,0,0,0,0,0,0,10000,0,0,0,13000,3000,10000,10000
066813,亞德客兆豐01購01,0,0,0,0,0,0,0,0,0,10000,0,0,0,10000,0,10000,10000
066850,鎧勝元大01購03  ,0,0,0,0,0,0,0,0,0,10000,0,0,0,10000,0,10000,10000
066752,南電元大01購06  ,0,0,0,0,0,0,0,0,0,10000,0,0,0,10000,0,10000,10000
066945,鴻海元大01購14  ,0,0,0,0,0,0,0,0,0,10000,0,0,0,10000,0,10000,10000
066891,鴻海兆豐04購01  ,0,0,0,0,0,0,0,0,0,10000,0,0,0,10000,0,10000,10000
067263,台汽電國票01購01,0,0,0,0,0,0,0,0,0,10000,0,0,0,10000,0,10000,10000
067371,聯發科統一02購08,0,0,0,0,0,0,0,0,0,10000,0,0,0,10000,0,10000,10000
067355,大立光群益01購07,0,0,0,0,0,0,0,0,0,10000,0,0,0,10000,0,10000,10000
067148,燿華統一01購03  ,0,0,0,0,0,0,0,0,0,10000,0,0,0,10000,0,10000,10000
067152,義隆統一02購03  ,0,0,0,0,0,0,0,0,0,10000,0,0,0,232000,222000,10000,10000
067078,京鼎元大01購04  ,0,0,0,0,0,0,0,0,0,10000,0,0,0,20000,10000,10000,10000
08997P,台積電群益01售17,0,0,0,0,0,0,0,0,0,10000,0,0,0,10000,0,10000,10000
08662P,台積電國泰03售01,0,0,0,0,0,0,0,0,0,10000,0,0,0,10000,0,10000,10000
08652P,鴻海群益9C售09  ,0,0,0,0,0,0,0,0,0,10000,0,0,0,14000,4000,10000,10000
08697P,臺股指麥證01售03,0,0,0,20000,10000,10000,0,0,0,10000,0,0,0,20000,10000,10000,10000
08686P,臺股指凱基03售03,0,0,0,0,0,0,0,0,0,10000,0,0,0,10000,0,10000,10000
08799P,台積電元大01售19,0,0,0,0,0,0,0,0,0,10000,0,0,0,10000,0,10000,10000
08776P,上証2X群益03售02,0,0,0,0,0,0,0,0,0,10000,0,0,0,12000,2000,10000,10000
1459,聯發            ,10000,0,10000,0,0,0,0,0,0,0,0,0,0,0,0,0,10000
2358,廷鑫            ,12000,1000,11000,0,0,0,0,0,0,-1000,0,1000,-1000,0,0,0,10000
2373,震旦行          ,17000,8000,9000,0,0,0,0,0,0,1000,1000,0,1000,0,0,0,10000
8482,商億-KY         ,93000,83000,10000,0,0,0,0,0,0,0,0,0,0,0,0,0,10000
6666,羅麗芬-KY       ,10000,0,10000,0,0,0,0,0,0,0,0,0,0,0,0,0,10000
911868,同方友友-DR     ,10000,0,10000,0,0,0,0,0,0,0,0,0,0,0,0,0,10000
08469P,富邦金凱基9C售01,0,0,0,0,0,0,0,0,0,9000,0,0,0,29000,20000,9000,9000
069515,長榮航凱基02購01,0,0,0,0,0,0,0,0,0,9000,0,0,0,9000,0,9000,9000
069517,敦泰凱基02購01  ,0,0,0,0,0,0,0,0,0,9000,0,0,0,11000,2000,9000,9000
069449,玉晶光統一08購01,0,0,0,0,0,0,0,0,0,9000,0,0,0,10000,1000,9000,9000
069182,台達電麥證02購01,0,0,0,9000,0,9000,0,0,0,9000,0,0,0,9000,0,9000,9000
068984,新唐元大02購01  ,0,0,0,0,0,0,0,0,0,9000,0,0,0,40000,31000,9000,9000
068972,力山元大02購01  ,0,0,0,0,0,0,0,0,0,9000,0,0,0,301000,292000,9000,9000
069024,佳世達國票03購01,0,0,0,0,0,0,0,0,0,9000,0,0,0,112000,103000,9000,9000
068752,GIS群益02購03   ,0,0,0,0,0,0,0,0,0,9000,0,0,0,11000,2000,9000,9000
056274,彩晶統一98購02  ,0,0,0,0,0,0,0,0,0,9000,0,0,0,90000,81000,9000,9000
03244P,台積電統一03售13,0,0,0,0,0,0,0,0,0,9000,0,0,0,10000,1000,9000,9000
055579,健策統一9A購01  ,0,0,0,0,0,0,0,0,0,9000,0,0,0,9000,0,9000,9000
046383,群創凱基98購01  ,0,0,0,0,0,0,0,0,0,9000,0,0,0,9000,0,9000,9000
057407,超眾群益99購01  ,0,0,0,0,0,0,0,0,0,9000,0,0,0,15000,6000,9000,9000
057411,臺股指群益99購05,0,0,0,0,0,0,0,0,0,9000,0,0,0,13000,4000,9000,9000
060553,祥碩凱基9A購01  ,0,0,0,0,0,0,0,0,0,9000,0,0,0,9000,0,9000,9000
060982,旺宏元大9A購09  ,0,0,0,0,0,0,0,0,0,9000,0,0,0,9000,0,9000,9000
058959,南茂國票9A購01  ,0,0,0,0,0,0,0,0,0,9000,0,0,0,9000,0,9000,9000
059014,SGBR2X元富03購01,0,0,0,0,0,0,0,0,0,9000,0,0,0,11000,2000,9000,9000
060984,南亞科元大9A購07,0,0,0,0,0,0,0,0,0,9000,0,0,0,9000,0,9000,9000
060164,合勤控永豐9A購01,0,0,0,0,0,0,0,0,0,9000,0,0,0,54000,45000,9000,9000
059755,宏達電國泰9A購01,0,0,0,0,0,0,0,0,0,9000,0,0,0,29000,20000,9000,9000
059643,日月光凱基99購02,0,0,0,0,0,0,0,0,0,9000,0,0,0,9000,0,9000,9000
064227,和碩國票01購01  ,0,0,0,0,0,0,0,0,0,9000,0,0,0,10000,1000,9000,9000
061808,聯發科統一01購02,0,0,0,0,0,0,0,0,0,9000,0,0,0,28000,19000,9000,9000
061859,勤誠國票9B購01  ,0,0,0,0,0,0,0,0,0,9000,0,0,0,9000,0,9000,9000
061387,鴻海群益9A購05  ,0,0,0,0,0,0,0,0,0,9000,0,0,0,76000,67000,9000,9000
065027,玉晶光中信03購01,10000,0,10000,0,0,0,0,0,0,-1000,0,0,0,62000,63000,-1000,9000
065194,和大元富9C購01  ,0,0,0,0,0,0,0,0,0,9000,0,0,0,10000,1000,9000,9000
062914,嘉澤元大9B購02  ,0,0,0,0,0,0,0,0,0,9000,0,0,0,9000,0,9000,9000
062896,中興電元大9B購01,0,0,0,0,0,0,0,0,0,9000,0,0,0,10000,1000,9000,9000
063339,智邦統一01購01  ,0,0,0,0,0,0,0,0,0,9000,0,0,0,152000,143000,9000,9000
061282,台積電統一9C購06,0,0,0,0,0,0,0,0,0,9000,0,0,0,10000,1000,9000,9000
064411,台表科凱基02購01,0,0,0,0,0,0,0,0,0,9000,0,0,0,11000,2000,9000,9000
063201,廣達統一01購01  ,0,0,0,0,0,0,0,0,0,9000,0,0,0,200000,191000,9000,9000
063058,A50正2元富02購01,0,0,0,0,0,0,0,0,0,9000,0,0,0,20000,11000,9000,9000
062560,奇鋐凱基9B購02  ,0,0,0,0,0,0,0,0,0,9000,0,0,0,9000,0,9000,9000
064019,上銀元大9C購05  ,0,0,0,0,0,0,0,0,0,9000,0,0,0,87000,78000,9000,9000
067285,欣興國票02購01  ,0,0,0,0,0,0,0,0,0,9000,0,0,0,172000,163000,9000,9000
068009,矽格元大01購05  ,0,0,0,0,0,0,0,0,0,9000,0,0,0,39000,30000,9000,9000
066521,A50反1中信03購01,0,0,0,0,0,0,0,0,0,9000,0,0,0,9000,0,9000,9000
066481,華碩元富01購01  ,0,0,0,0,0,0,0,0,0,9000,0,0,0,30000,21000,9000,9000
066343,佳醫永豐01購01  ,0,0,0,0,0,0,0,0,0,9000,0,0,0,10000,1000,9000,9000
066193,致新凱基01購01  ,0,0,0,0,0,0,0,0,0,9000,0,0,0,9000,0,9000,9000
065776,鴻海國泰03購01  ,0,0,0,0,0,0,0,0,0,9000,0,0,0,9000,0,9000,9000
911616,杜康-DR         ,9000,0,9000,0,0,0,0,0,0,0,0,0,0,0,0,0,9000
6281,全國電          ,12000,1000,11000,0,0,0,0,0,0,-2000,1000,3000,-2000,0,0,0,9000
2936,客思達-KY       ,14000,5000,9000,0,0,0,0,0,0,0,0,0,0,0,0,0,9000
2506,太設            ,10000,1000,9000,0,0,0,0,0,0,0,0,0,0,0,0,0,9000
1537,廣隆            ,39000,26000,13000,0,0,0,0,0,0,-4000,0,4000,-4000,0,0,0,9000
08676P,泰碩群益04售01  ,0,0,0,0,0,0,0,0,0,9000,0,0,0,14000,5000,9000,9000
08923P,聯發科統一01售13,0,0,0,0,0,0,0,0,0,9000,0,0,0,142000,133000,9000,9000
068246,台積電元大01購38,0,0,0,0,0,0,0,0,0,8000,0,0,0,20000,12000,8000,8000
068266,國巨永豐01購02  ,0,0,0,0,0,0,0,0,0,8000,0,0,0,65000,57000,8000,8000
068373,華通永豐01購02  ,0,0,0,0,0,0,0,0,0,8000,0,0,0,11000,3000,8000,8000
068377,京元電永豐01購03,0,0,0,0,0,0,0,0,0,8000,0,0,0,51000,43000,8000,8000
069147,聯鈞永豐02購01  ,0,0,0,0,0,0,0,0,0,8000,0,0,0,12000,4000,8000,8000
069959,樺漢永豐02購01  ,0,0,0,0,0,0,0,0,0,8000,0,0,0,49000,41000,8000,8000
08600P,臺股指元大9C售32,0,0,0,0,0,0,0,0,0,8000,0,0,0,8000,0,8000,8000
059635,華新科凱基9A購06,0,0,0,0,0,0,0,0,0,8000,0,0,0,10000,2000,8000,8000
061657,智原國票9A購01  ,0,0,0,0,0,0,0,0,0,8000,0,0,0,12000,4000,8000,8000
061624,中租群益9A購01  ,0,0,0,0,0,0,0,0,0,8000,0,0,0,8000,0,8000,8000
063397,廣達群益9B購02  ,0,0,0,0,0,0,0,0,0,8000,0,0,0,8000,0,8000,8000
060470,台勝科元大9A購03,0,0,0,0,0,0,0,0,0,8000,0,0,0,8000,0,8000,8000
060308,劍麟永豐9A購01  ,0,0,0,0,0,0,0,0,0,8000,0,0,0,8000,0,8000,8000
060376,瑞祺元富9A購01  ,0,0,0,0,0,0,0,0,0,8000,0,0,0,8000,0,8000,8000
060785,國巨富邦9B購04  ,0,0,0,0,0,0,0,0,0,8000,0,0,0,10000,2000,8000,8000
046384,群創凱基98購02  ,0,0,0,0,0,0,0,0,0,8000,0,0,0,8000,0,8000,8000
055415,禾伸堂富邦9B購01,0,0,0,0,0,0,0,0,0,8000,0,0,0,8000,0,8000,8000
055032,億光富邦99購01  ,0,0,0,0,0,0,0,0,0,8000,0,0,0,8000,0,8000,8000
054159,T50正2凱基99購01,0,0,0,0,0,0,0,0,0,8000,0,0,0,8000,0,8000,8000
03214P,技嘉群益02售02  ,0,0,0,0,0,0,0,0,0,8000,0,0,0,63000,55000,8000,8000
03138P,台灣50凱基04售12,0,0,0,0,0,0,0,0,0,8000,0,0,0,8000,0,8000,8000
057241,超眾凱基99購02  ,0,0,0,0,0,0,0,0,0,8000,0,0,0,8000,0,8000,8000
064012,泰碩國票01購02  ,0,0,0,0,0,0,0,0,0,8000,0,0,0,8000,0,8000,8000
063723,儒鴻元大9B購04  ,0,0,0,0,0,0,0,0,0,8000,0,0,0,26000,18000,8000,8000
063050,葡萄王統一01購01,0,0,0,0,0,0,0,0,0,8000,0,0,0,8000,0,8000,8000
062942,嘉澤凱基9B購02  ,0,0,0,0,0,0,0,0,0,8000,0,0,0,8000,0,8000,8000
062937,旺宏凱基9B購08  ,0,0,0,0,0,0,0,0,0,8000,0,0,0,8000,0,8000,8000
063858,鴻海國泰02購01  ,0,0,0,0,0,0,0,0,0,8000,0,0,0,8000,0,8000,8000
063274,鈺齊兆豐9B購01  ,0,0,0,0,0,0,0,0,0,8000,0,0,0,8000,0,8000,8000
061711,台積電凱基9A購27,0,0,0,0,0,0,0,0,0,8000,0,0,0,8000,0,8000,8000
063600,燿華凱基9B購04  ,0,0,0,0,0,0,0,0,0,8000,0,0,0,11000,3000,8000,8000
064993,嘉澤兆豐9C購01  ,0,0,0,0,0,0,0,0,0,8000,0,0,0,10000,2000,8000,8000
064901,牧德群益9C購01  ,0,0,0,0,0,0,0,0,0,8000,0,0,0,13000,5000,8000,8000
061421,台積電元大9A購29,0,0,0,0,0,0,0,0,0,8000,0,0,0,8000,0,8000,8000
061455,京元電凱基9B購01,0,0,0,0,0,0,0,0,0,8000,0,0,0,28000,20000,8000,8000
062363,燿華元大9B購03  ,0,0,0,0,0,0,0,0,0,8000,0,0,0,8000,0,8000,8000
062353,亞德客元大9B購01,0,0,0,0,0,0,0,0,0,8000,0,0,0,8000,0,8000,8000
062220,台光電統一01購01,0,0,0,0,0,0,0,0,0,8000,0,0,0,8000,0,8000,8000
062190,瀚宇博元大9B購01,0,0,0,0,0,0,0,0,0,8000,0,0,0,15000,7000,8000,8000
066018,南六元富03購02  ,0,0,0,0,0,0,0,0,0,8000,0,0,0,9000,1000,8000,8000
065952,聯發科統一03購02,0,0,0,0,0,0,0,0,0,8000,0,0,0,15000,7000,8000,8000
065936,聯發科群益02購01,0,0,0,0,0,0,0,0,0,8000,0,0,0,8000,0,8000,8000
066140,鎧勝群益01購01  ,0,0,0,0,0,0,0,0,0,8000,0,0,0,8000,0,8000,8000
066064,T50反1凱基03購03,0,0,0,0,0,0,0,0,0,8000,0,0,0,8000,0,8000,8000
066440,南帝群益01購01  ,0,0,0,0,0,0,0,0,0,8000,0,0,0,8000,0,8000,8000
066576,矽創元大01購02  ,0,0,0,0,0,0,0,0,0,8000,0,0,0,104000,96000,8000,8000
066607,台郡永豐01購01  ,0,0,0,0,0,0,0,0,0,8000,0,0,0,8000,0,8000,8000
067590,茂林群益01購01  ,0,0,0,0,0,0,0,0,0,8000,0,0,0,48000,40000,8000,8000
067060,A50正2元大01購02,0,0,0,0,0,0,0,0,0,8000,0,0,0,8000,0,8000,8000
066784,滬深反中信03購01,0,0,0,0,0,0,0,0,0,8000,0,0,0,8000,0,8000,8000
1721,三晃            ,96000,87000,9000,0,0,0,0,0,0,-1000,0,1000,-1000,0,0,0,8000
1414,東和            ,20000,1000,19000,0,0,0,0,0,0,-11000,0,11000,-11000,0,0,0,8000
1416,廣豐            ,61000,49000,12000,0,0,0,0,0,0,-4000,0,4000,-4000,0,0,0,8000
1419,新紡            ,35000,19000,16000,0,0,0,0,0,0,-8000,0,8000,-8000,0,0,0,8000
069832,華新科元富04購01,0,0,0,0,0,0,0,0,0,7000,0,0,0,12000,5000,7000,7000
069158,精元元大02購02  ,0,0,0,0,0,0,0,0,0,7000,0,0,0,105000,98000,7000,7000
069338,瑞昱群益03購01  ,0,0,0,0,0,0,0,0,0,7000,0,0,0,12000,5000,7000,7000
069300,滬深2X凱基08購01,0,0,0,0,0,0,0,0,0,7000,0,0,0,7000,0,7000,7000
069044,鴻海元富08購01  ,0,0,0,0,0,0,0,0,0,7000,0,0,0,7000,0,7000,7000
069011,晶技兆豐03購01  ,0,0,0,0,0,0,0,0,0,7000,0,0,0,8000,1000,7000,7000
068207,日月光凱基01購02,0,0,0,0,0,0,0,0,0,7000,0,0,0,7000,0,7000,7000
068759,台船永豐02購01  ,0,0,0,0,0,0,0,0,0,7000,0,0,0,107000,100000,7000,7000
03139P,聯電凱基01售02  ,0,0,0,0,0,0,0,0,0,7000,0,0,0,7000,0,7000,7000
00709,富邦歐洲        ,0,0,0,0,0,0,0,0,0,7000,0,0,0,117000,110000,7000,7000
00766L,台新MSCI中國正2 ,0,0,0,0,0,0,0,0,0,7000,0,0,0,21000,14000,7000,7000
03155P,玉晶光群益01售08,0,0,0,0,0,0,0,0,0,7000,0,0,0,23000,16000,7000,7000
058878,旭富國泰9B購01  ,0,0,0,0,0,0,0,0,0,7000,0,0,0,9000,2000,7000,7000
058748,景碩凱基9A購01  ,0,0,0,0,0,0,0,0,0,7000,0,0,0,7000,0,7000,7000
057454,上銀國泰99購02  ,0,0,0,0,0,0,0,0,0,7000,0,0,0,7000,0,7000,7000
059791,超眾元大99購06  ,0,0,0,0,0,0,0,0,0,7000,0,0,0,7000,0,7000,7000
059814,SP黃豆凱基9A購02,0,0,0,0,0,0,0,0,0,7000,0,0,0,7000,0,7000,7000
059940,微星永豐99購01  ,0,0,0,0,0,0,0,0,0,7000,0,0,0,7000,0,7000,7000
058201,華通凱基9A購01  ,0,0,0,0,0,0,0,0,0,7000,0,0,0,14000,7000,7000,7000
062071,華通元大9B購02  ,0,0,0,0,0,0,0,0,0,7000,0,0,0,10000,3000,7000,7000
061395,健策統一9C購02  ,0,0,0,0,0,0,0,0,0,7000,0,0,0,7000,0,7000,7000
061866,力山元大9C購01  ,0,0,0,0,0,0,0,0,0,7000,0,0,0,21000,14000,7000,7000
061886,力山國泰01購01  ,0,0,0,0,0,0,0,0,0,7000,0,0,0,8000,1000,7000,7000
062762,聯詠凱基9B購02  ,0,0,0,0,0,0,0,0,0,7000,0,0,0,9000,2000,7000,7000
065178,和碩元大9C購01  ,0,0,0,0,0,0,0,0,0,7000,0,0,0,21000,14000,7000,7000
061916,元金2X凱基02購01,0,0,0,0,0,0,0,0,0,7000,0,0,0,7000,0,7000,7000
064765,緯穎凱基9C購02  ,0,0,0,0,0,0,0,0,0,7000,0,0,0,16000,9000,7000,7000
062947,國巨富邦01購01  ,0,0,0,0,0,0,0,0,0,7000,0,0,0,7000,0,7000,7000
063041,貿聯凱基9B購01  ,0,0,0,0,0,0,0,0,0,7000,0,0,0,27000,20000,7000,7000
063069,道瓊銀富邦05購01,0,0,0,0,0,0,0,0,0,7000,0,0,0,7000,0,7000,7000
063208,鈺齊統一9C購01  ,0,0,0,0,0,0,0,0,0,7000,0,0,0,8000,1000,7000,7000
063751,祥碩國票9C購02  ,0,0,0,0,0,0,0,0,0,7000,0,0,0,55000,48000,7000,7000
063742,道瓊指國票9C購01,0,0,0,0,0,0,0,0,0,7000,0,0,0,15000,8000,7000,7000
062575,景碩群益9B購01  ,0,0,0,0,0,0,0,0,0,7000,0,0,0,7000,0,7000,7000
067256,新唐國票02購01  ,0,0,0,0,0,0,0,0,0,7000,0,0,0,7000,0,7000,7000
067349,中化群益02購01  ,0,0,0,0,0,0,0,0,0,7000,0,0,0,47000,40000,7000,7000
066548,燿華元大02購02  ,0,0,0,0,0,0,0,0,0,7000,0,0,0,20000,13000,7000,7000
066469,申豐統一02購02  ,0,0,0,0,0,0,0,0,0,7000,0,0,0,7000,0,7000,7000
066091,南電永豐01購01  ,0,0,0,0,0,0,0,0,0,7000,0,0,0,10000,3000,7000,7000
066007,大立光統一02購06,0,0,0,0,0,0,0,0,0,7000,0,0,0,147000,140000,7000,7000
065983,亞德客國泰03購01,0,0,0,0,0,0,0,0,0,7000,0,0,0,18000,11000,7000,7000
065601,聯發科元大01購05,0,0,0,0,0,0,0,0,0,7000,0,0,0,97000,90000,7000,7000
1568,倉佑            ,10000,3000,7000,0,0,0,0,0,0,0,0,0,0,0,0,0,7000
1472,三洋紡          ,12000,5000,7000,0,0,0,0,0,0,0,0,0,0,0,0,0,7000
1762,中化生          ,376000,365000,11000,0,0,0,0,0,0,-4000,1000,5000,-4000,0,0,0,7000
2024,志聯            ,9000,2000,7000,0,0,0,0,0,0,0,0,0,0,0,0,0,7000
08628P,微星中信9C售01  ,0,0,0,0,0,0,0,0,0,7000,0,0,0,8000,1000,7000,7000
2543,皇昌            ,7000,0,7000,0,0,0,0,0,0,0,0,0,0,0,0,0,7000
3054,立萬利          ,2000,0,2000,0,0,0,0,0,0,5000,6000,1000,5000,0,0,0,7000
4572,駐龍            ,15000,8000,7000,0,0,0,0,0,0,0,0,0,0,0,0,0,7000
068768,台積電統一05購01,0,0,0,0,0,0,0,0,0,6000,0,0,0,10000,4000,6000,6000
068531,瀚宇博元富04購03,0,0,0,0,0,0,0,0,0,6000,0,0,0,106000,100000,6000,6000
068114,富邦金元富07購01,0,0,0,0,0,0,0,0,0,6000,0,0,0,546000,540000,6000,6000
068338,GIS元大01購04   ,0,0,0,0,0,0,0,0,0,6000,0,0,0,74000,68000,6000,6000
069337,燿華群益02購03  ,0,0,0,0,0,0,0,0,0,6000,0,0,0,6000,0,6000,6000
069351,台虹群益03購01  ,0,0,0,0,0,0,0,0,0,6000,0,0,0,6000,0,6000,6000
07248P,可成凱基99售06  ,0,0,0,0,0,0,0,0,0,6000,0,0,0,6000,0,6000,6000
069436,南六群益02購04  ,0,0,0,0,0,0,0,0,0,6000,0,0,0,6000,0,6000,6000
069661,南港兆豐03購02  ,0,0,0,0,0,0,0,0,0,6000,0,0,0,8000,2000,6000,6000
08616P,聯發科元富9C售02,0,0,0,0,0,0,0,0,0,6000,0,0,0,172000,166000,6000,6000
08389P,技嘉國票9C售01  ,0,0,0,0,0,0,0,0,0,6000,0,0,0,6000,0,6000,6000
07694P,超眾元大9A售05  ,0,0,0,0,0,0,0,0,0,6000,0,0,0,16000,10000,6000,6000
058073,大立光凱基99購04,0,0,0,0,0,0,0,0,0,6000,0,0,0,8000,2000,6000,6000
057583,啟碁中信9A購01  ,0,0,0,0,0,0,0,0,0,6000,0,0,0,6000,0,6000,6000
060913,宏達電元大9A購03,0,0,0,0,0,0,0,0,0,6000,0,0,0,18000,12000,6000,6000
061571,奇力新元大9A購03,0,0,0,0,0,0,0,0,0,6000,0,0,0,6000,0,6000,6000
063382,南茂永豐9B購01  ,0,0,0,0,0,0,0,0,0,6000,0,0,0,6000,0,6000,6000
059474,元石油群益99購01,0,0,0,0,0,0,0,0,0,6000,0,0,0,6000,0,6000,6000
060368,緯穎元富9A購03  ,0,0,0,0,0,0,0,0,0,6000,0,0,0,6000,0,6000,6000
060209,喬山康和9A購01  ,0,0,0,0,0,0,0,0,0,6000,0,0,0,77000,71000,6000,6000
059825,嘉晶凱基99購02  ,0,0,0,0,0,0,0,0,0,6000,0,0,0,31000,25000,6000,6000
060672,鴻海元大9A購14  ,0,0,0,0,0,0,0,0,0,6000,0,0,0,6000,0,6000,6000
051432,群創元富99購03  ,0,0,0,0,0,0,0,0,0,6000,0,0,0,6000,0,6000,6000
052766,玉晶光群益9A購01,0,0,0,0,0,0,0,0,0,6000,0,0,0,6000,0,6000,6000
054634,FB上証中信99購01,0,0,0,0,0,0,0,0,0,6000,0,0,0,6000,0,6000,6000
055653,聯詠元富01購02  ,0,0,0,0,0,0,0,0,0,6000,0,0,0,6000,0,6000,6000
03231P,聯電元大02售03  ,0,0,0,0,0,0,0,0,0,6000,0,0,0,6000,0,6000,6000
03085P,台積電元大01售34,0,0,0,0,0,0,0,0,0,6000,0,0,0,6000,0,6000,6000
03023P,玉晶光群益02售27,0,0,0,0,0,0,0,0,0,6000,0,0,0,21000,15000,6000,6000
057223,富邦金日盛99購01,0,0,0,0,0,0,0,0,0,6000,0,0,0,6000,0,6000,6000
057041,國巨元大99購04  ,0,0,0,0,0,0,0,0,0,6000,0,0,0,6000,0,6000,6000
056607,貿聯富邦99購02  ,0,0,0,0,0,0,0,0,0,6000,0,0,0,6000,0,6000,6000
056359,旺宏元大9A購01  ,0,0,0,0,0,0,0,0,0,6000,0,0,0,6000,0,6000,6000
063735,華新科元大9B購15,0,0,0,0,0,0,0,0,0,6000,0,0,0,14000,8000,6000,6000
063730,台積電元大9B購09,0,0,0,0,0,0,0,0,0,6000,0,0,0,11000,5000,6000,6000
064014,貿聯國票01購01  ,0,0,0,0,0,0,0,0,0,6000,0,0,0,100000,94000,6000,6000
063956,神達元大9C購01  ,0,0,0,0,0,0,0,0,0,6000,0,0,0,6000,0,6000,6000
063018,聯發科元大9B購14,0,0,0,0,0,0,0,0,0,6000,0,0,0,66000,60000,6000,6000
064730,超眾統一02購02  ,0,0,0,0,0,0,0,0,0,6000,0,0,0,6000,0,6000,6000
064579,大立光富邦03購02,0,0,0,0,0,0,0,0,0,6000,0,0,0,381000,375000,6000,6000
064545,智邦凱基9C購02  ,0,0,0,0,0,0,0,0,0,6000,0,0,0,6000,0,6000,6000
061698,智邦國票9A購04  ,0,0,0,0,0,0,0,0,0,6000,0,0,0,6000,0,6000,6000
063337,國巨統一02購02  ,0,0,0,0,0,0,0,0,0,6000,0,0,0,10000,4000,6000,6000
064392,喬山永豐9C購01  ,0,0,0,0,0,0,0,0,0,6000,0,0,0,6000,0,6000,6000
063651,金像電台新9B購01,0,0,0,0,0,0,0,0,0,6000,0,0,0,6000,0,6000,6000
064871,緯穎永豐9C購03  ,0,0,0,0,0,0,0,0,0,6000,0,0,0,6000,0,6000,6000
064939,健策元富9C購03  ,0,0,0,0,0,0,0,0,0,6000,0,0,0,25000,19000,6000,6000
065001,中橡國票9C購01  ,0,0,0,0,0,0,0,0,0,6000,0,0,0,6000,0,6000,6000
062047,緯穎凱基9B購01  ,0,0,0,0,0,0,0,0,0,6000,0,0,0,47000,41000,6000,6000
064218,南六凱基01購01  ,0,0,0,0,0,0,0,0,0,6000,0,0,0,6000,0,6000,6000
065285,宏碁群益01購01  ,0,0,0,0,0,0,0,0,0,6000,0,0,0,6000,0,6000,6000
066026,泰碩群益03購01  ,0,0,0,0,0,0,0,0,0,6000,0,0,0,30000,24000,6000,6000
065683,嘉聯益統一03購01,0,0,0,0,0,0,0,0,0,6000,0,0,0,21000,15000,6000,6000
066130,燿華群益01購03  ,0,0,0,0,0,0,0,0,0,6000,0,0,0,26000,20000,6000,6000
066489,京鼎元富04購01  ,0,0,0,0,0,0,0,0,0,6000,0,0,0,6000,0,6000,6000
067331,友訊凱基01購02  ,0,0,0,0,0,0,0,0,0,6000,0,0,0,224000,218000,6000,6000
067120,矽創群益01購01  ,0,0,0,0,0,0,0,0,0,6000,0,0,0,6000,0,6000,6000
067545,矽格群益01購02  ,0,0,0,0,0,0,0,0,0,6000,0,0,0,21000,15000,6000,6000
067737,英業達元大01購01,0,0,0,0,0,0,0,0,0,6000,0,0,0,6000,0,6000,6000
067626,聚陽永豐01購01  ,0,0,0,0,0,0,0,0,0,6000,0,0,0,44000,38000,6000,6000
3645,達邁            ,992000,992000,0,0,0,0,0,0,0,6000,6000,0,6000,0,0,0,6000
6215,和椿            ,26000,24000,2000,0,0,0,0,0,0,4000,4000,0,4000,0,0,0,6000
2516,新建            ,29000,25000,4000,0,0,0,0,0,0,2000,2000,0,2000,0,0,0,6000
2433,互盛電          ,14000,6000,8000,0,0,0,0,0,0,-2000,2000,4000,-2000,0,0,0,6000
08977P,臺股指群益01售11,0,0,0,0,0,0,0,0,0,6000,0,0,0,10000,4000,6000,6000
1805,寶徠            ,6000,0,6000,0,0,0,0,0,0,0,0,0,0,0,0,0,6000
1817,凱撒衛          ,11000,2000,9000,0,0,0,0,0,0,-3000,0,3000,-3000,0,0,0,6000
2009,第一銅          ,6000,0,6000,0,0,0,0,0,0,0,0,0,0,0,0,0,6000
2010,春源            ,9000,0,9000,0,0,0,0,0,0,-3000,0,3000,-3000,0,0,0,6000
07626P,台灣50凱基04售07,0,0,0,0,0,0,0,0,0,5000,0,0,0,5000,0,5000,5000
07656P,國巨凱基9A售15  ,0,0,0,0,0,0,0,0,0,5000,0,0,0,10000,5000,5000,5000
08433P,臺股指凱基03售01,0,0,0,0,0,0,0,0,0,5000,0,0,0,5000,0,5000,5000
08579P,臺股指元大9C售27,0,0,0,0,0,0,0,0,0,5000,0,0,0,5000,0,5000,5000
08581P,臺股指元大9C售29,0,0,0,0,0,0,0,0,0,5000,0,0,0,15000,10000,5000,5000
08483P,金像電群益9C售02,0,0,0,0,0,0,0,0,0,5000,0,0,0,15000,10000,5000,5000
08504P,臺股指國票9C售06,0,0,0,0,0,0,0,0,0,5000,0,0,0,5000,0,5000,5000
069635,玉晶光元富08購01,0,0,0,0,0,0,0,0,0,5000,0,0,0,5000,0,5000,5000
069691,台積電統一04購10,0,0,0,0,0,0,0,0,0,5000,0,0,0,634000,629000,5000,5000
069694,鴻海元富08購03  ,0,0,0,0,0,0,0,0,0,5000,0,0,0,5000,0,5000,5000
07610P,大立光國票9A售04,0,0,0,0,0,0,0,0,0,5000,0,0,0,5000,0,5000,5000
069321,中壽兆豐03購01  ,0,0,0,0,0,0,0,0,0,5000,0,0,0,5000,0,5000,5000
069272,華通永豐02購01  ,0,0,0,0,0,0,0,0,0,5000,0,0,0,15000,10000,5000,5000
068319,聯電元大01購05  ,0,0,0,0,0,0,0,0,0,5000,0,0,0,5000,0,5000,5000
068381,玉晶光永豐03購01,0,0,0,0,0,0,0,0,0,5000,0,0,0,5000,0,5000,5000
068164,南電元大01購07  ,0,0,0,0,0,0,0,0,0,5000,0,0,0,5000,0,5000,5000
068447,A50正2國票03購01,0,0,0,0,0,0,0,0,0,5000,0,0,0,6000,1000,5000,5000
068615,矽創凱基03購01  ,0,0,0,0,0,0,0,0,0,5000,0,0,0,45000,40000,5000,5000
068671,台積電統一04購02,0,0,0,0,0,0,0,0,0,5000,0,0,0,145000,140000,5000,5000
056276,同欣電國泰98購01,0,0,0,0,0,0,0,0,0,5000,0,0,0,5000,0,5000,5000
03186P,台積電元大01售50,0,0,0,0,0,0,0,0,0,5000,0,0,0,695000,690000,5000,5000
03008P,玉晶光中信01售01,0,0,0,0,0,0,0,0,0,5000,0,0,0,13000,8000,5000,5000
03258P,台積電中信02售04,0,0,0,0,0,0,0,0,0,5000,0,0,0,5000,0,5000,5000
00731,FH富時高息低波  ,2000,1000,1000,0,0,0,0,0,0,4000,0,0,0,1014000,1010000,4000,5000
054632,緯穎凱基9A購01  ,0,0,0,0,0,0,0,0,0,5000,0,0,0,5000,0,5000,5000
054808,東元元大9A購01  ,0,0,0,0,0,0,0,0,0,5000,0,0,0,5000,0,5000,5000
054218,S&P反1統一98購02,0,0,0,0,0,0,0,0,0,5000,0,0,0,5000,0,5000,5000
03476P,鴻海元富08售04  ,0,0,0,0,0,0,0,0,0,5000,0,0,0,53000,48000,5000,5000
03440P,台光電凱基02售02,0,0,0,0,0,0,0,0,0,5000,0,0,0,117000,112000,5000,5000
060611,同欣電凱基9A購02,0,0,0,0,0,0,0,0,0,5000,0,0,0,20000,15000,5000,5000
060688,世紀鋼元大9C購01,0,0,0,0,0,0,0,0,0,5000,0,0,0,5000,0,5000,5000
061036,晶技永豐9A購03  ,0,0,0,0,0,0,0,0,0,5000,0,0,0,9000,4000,5000,5000
058956,健策國票9A購02  ,0,0,0,0,0,0,0,0,0,5000,0,0,0,5000,0,5000,5000
05754P,臺股指中信99售03,0,0,0,0,0,0,0,0,0,5000,0,0,0,5000,0,5000,5000
03416P,聯電台新02售02  ,0,0,0,0,0,0,0,0,0,5000,0,0,0,5000,0,5000,5000
057556,智易凱基99購01  ,0,0,0,0,0,0,0,0,0,5000,0,0,0,5000,0,5000,5000
058483,道瓊指國票9A購01,0,0,0,0,0,0,0,0,0,5000,0,0,0,5000,0,5000,5000
058567,華新科凱基9A購02,0,0,0,0,0,0,0,0,0,5000,0,0,0,5000,0,5000,5000
058422,百和麥證99購01  ,0,0,0,14000,9000,5000,0,0,0,5000,0,0,0,14000,9000,5000,5000
058445,旺宏富邦9C購01  ,0,0,0,0,0,0,0,0,0,5000,0,0,0,5000,0,5000,5000
058368,奇鋐凱基9A購01  ,0,0,0,0,0,0,0,0,0,5000,0,0,0,5000,0,5000,5000
059080,亞泥元大99購01  ,0,0,0,0,0,0,0,0,0,5000,0,0,0,5000,0,5000,5000
061212,聯鈞元大9A購04  ,0,0,0,0,0,0,0,0,0,5000,0,0,0,17000,12000,5000,5000
059064,緯穎凱基99購02  ,0,0,0,0,0,0,0,0,0,5000,0,0,0,5000,0,5000,5000
061070,超眾凱基9C購01  ,0,0,0,0,0,0,0,0,0,5000,0,0,0,5000,0,5000,5000
060203,緯穎元富9A購01  ,0,0,0,0,0,0,0,0,0,5000,0,0,0,9000,4000,5000,5000
060293,緯創元大9A購01  ,0,0,0,0,0,0,0,0,0,5000,0,0,0,5000,0,5000,5000
060410,台苯永豐9A購01  ,0,0,0,0,0,0,0,0,0,5000,0,0,0,5000,0,5000,5000
060009,南亞科群益99購03,0,0,0,0,0,0,0,0,0,5000,0,0,0,5000,0,5000,5000
058654,鴻海中信03購01  ,0,0,0,0,0,0,0,0,0,5000,0,0,0,5000,0,5000,5000
058313,台積電富邦9B購04,0,0,0,0,0,0,0,0,0,5000,0,0,0,5000,0,5000,5000
061582,麗豐元大9A購01  ,0,0,0,0,0,0,0,0,0,5000,0,0,0,5000,0,5000,5000
064031,玉晶光元大02購01,0,0,0,0,0,0,0,0,0,5000,0,0,0,5000,0,5000,5000
064535,國產國票01購01  ,0,0,0,0,0,0,0,0,0,5000,0,0,0,45000,40000,5000,5000
064251,緯創元富9C購01  ,0,0,0,0,0,0,0,0,0,5000,0,0,0,5000,0,5000,5000
058207,南茂凱基99購01  ,0,0,0,0,0,0,0,0,0,5000,0,0,0,5000,0,5000,5000
058164,FBVIX凱基03購02 ,0,0,0,0,0,0,0,0,0,5000,0,0,0,5000,0,5000,5000
057638,上銀元大99購01  ,0,0,0,0,0,0,0,0,0,5000,0,0,0,5000,0,5000,5000
064236,奇力新統一01購04,0,0,0,0,0,0,0,0,0,5000,0,0,0,25000,20000,5000,5000
062311,奇力新凱基9B購01,0,0,0,0,0,0,0,0,0,5000,0,0,0,5000,0,5000,5000
062293,麗豐永豐9B購01  ,0,0,0,0,0,0,0,0,0,5000,0,0,0,5000,0,5000,5000
062066,元黃金元大9B購01,0,0,0,0,0,0,0,0,0,5000,0,0,0,5000,0,5000,5000
062144,華通國票9B購01  ,0,0,0,0,0,0,0,0,0,5000,0,0,0,5000,0,5000,5000
062367,禾伸堂元大9B購02,0,0,0,0,0,0,0,0,0,5000,0,0,0,5000,0,5000,5000
062038,鴻海凱基9B購05  ,0,0,0,0,0,0,0,0,0,5000,0,0,0,5000,0,5000,5000
062809,同欣電統一9C購01,0,0,0,0,0,0,0,0,0,5000,0,0,0,150000,145000,5000,5000
061431,鈺齊元大9A購01  ,0,0,0,0,0,0,0,0,0,5000,0,0,0,5000,0,5000,5000
061478,奇鋐元大9A購01  ,0,0,0,0,0,0,0,0,0,5000,0,0,0,5000,0,5000,5000
061511,緯穎富邦9B購02  ,0,0,0,0,0,0,0,0,0,5000,0,0,0,5000,0,5000,5000
064509,台表科元大9C購08,0,0,0,0,0,0,0,0,0,5000,0,0,0,50000,45000,5000,5000
064510,GIS元大01購01   ,0,0,0,0,0,0,0,0,0,5000,0,0,0,5000,0,5000,5000
064486,聚陽元大9C購01  ,0,0,0,0,0,0,0,0,0,5000,0,0,0,5000,0,5000,5000
065072,和大元大9C購03  ,0,0,0,0,0,0,0,0,0,5000,0,0,0,5000,0,5000,5000
065078,台積電元大02購01,0,0,0,0,0,0,0,0,0,5000,0,0,0,5000,0,5000,5000
064796,緯穎國票01購01  ,0,0,0,0,0,0,0,0,0,5000,0,0,0,179000,174000,5000,5000
064764,聯茂凱基01購01  ,0,0,0,0,0,0,0,0,0,5000,0,0,0,5000,0,5000,5000
061947,旺宏群益9B購02  ,0,0,0,0,0,0,0,0,0,5000,0,0,0,20000,15000,5000,5000
062832,嘉澤群益9B購02  ,0,0,0,0,0,0,0,0,0,5000,0,0,0,5000,0,5000,5000
063598,國巨凱基9B購14  ,0,0,0,0,0,0,0,0,0,5000,0,0,0,10000,5000,5000,5000
063648,台表科元大9C購05,0,0,0,0,0,0,0,0,0,5000,0,0,0,50000,45000,5000,5000
064437,可成凱基02購01  ,0,0,0,0,0,0,0,0,0,5000,0,0,0,5000,0,5000,5000
063825,道瓊銀國票01購01,0,0,0,0,0,0,0,0,0,5000,0,0,0,5000,0,5000,5000
063505,奇力新群益9B購03,0,0,0,0,0,0,0,0,0,5000,0,0,0,47000,42000,5000,5000
062650,南電富邦01購01  ,0,0,0,0,0,0,0,0,0,5000,0,0,0,5000,0,5000,5000
062669,微星中信03購01  ,0,0,0,0,0,0,0,0,0,5000,0,0,0,25000,20000,5000,5000
063110,牧德兆豐9B購01  ,0,0,0,0,0,0,0,0,0,5000,0,0,0,5000,0,5000,5000
062987,祥碩中信01購01  ,0,0,0,0,0,0,0,0,0,5000,0,0,0,5000,0,5000,5000
063078,元金2X凱基02購03,0,0,0,0,0,0,0,0,0,5000,0,0,0,5000,0,5000,5000
064286,TPK元大9C購02   ,0,0,0,0,0,0,0,0,0,5000,0,0,0,46000,41000,5000,5000
064021,國巨元大9C購15  ,0,0,0,0,0,0,0,0,0,5000,0,0,0,10000,5000,5000,5000
063728,國巨元大9B購21  ,0,0,0,0,0,0,0,0,0,5000,0,0,0,15000,10000,5000,5000
062564,矽創凱基9B購01  ,0,0,0,0,0,0,0,0,0,5000,0,0,0,5000,0,5000,5000
067708,華新科元富01購01,0,0,0,0,0,0,0,0,0,5000,0,0,0,59000,54000,5000,5000
067534,億光群益01購01  ,0,0,0,0,0,0,0,0,0,5000,0,0,0,5000,0,5000,5000
067582,華通群益02購04  ,0,0,0,0,0,0,0,0,0,5000,0,0,0,10000,5000,5000,5000
067562,牧德國票02購01  ,0,0,0,0,0,0,0,0,0,5000,0,0,0,5000,0,5000,5000
067966,聯發科群益01購09,0,0,0,0,0,0,0,0,0,5000,0,0,0,26000,21000,5000,5000
068096,聯電富邦03購01  ,0,0,0,0,0,0,0,0,0,5000,0,0,0,5000,0,5000,5000
067888,奇力新群益01購02,0,0,0,0,0,0,0,0,0,5000,0,0,0,6000,1000,5000,5000
067106,義隆群益01購01  ,0,0,0,0,0,0,0,0,0,5000,0,0,0,5000,0,5000,5000
067136,京鼎永豐01購01  ,0,0,0,0,0,0,0,0,0,5000,0,0,0,5000,0,5000,5000
067077,智原元大01購04  ,0,0,0,0,0,0,0,0,0,5000,0,0,0,5000,0,5000,5000
067193,台表科凱基03購02,0,0,0,0,0,0,0,0,0,5000,0,0,0,77000,72000,5000,5000
067275,聯發科統一02購07,0,0,0,0,0,0,0,0,0,5000,0,0,0,5000,0,5000,5000
067278,申豐統一02購03  ,0,0,0,0,0,0,0,0,0,5000,0,0,0,5000,0,5000,5000
066906,聯發科凱基03購03,0,0,0,0,0,0,0,0,0,5000,0,0,0,5000,0,5000,5000
066411,南紡元大01購01  ,0,0,0,0,0,0,0,0,0,5000,0,0,0,5000,0,5000,5000
066565,泰鼎元大01購01  ,0,0,0,0,0,0,0,0,0,5000,0,0,0,10000,5000,5000,5000
066627,大毅凱基03購01  ,0,0,0,0,0,0,0,0,0,5000,0,0,0,40000,35000,5000,5000
066085,台積電富邦05購01,0,0,0,0,0,0,0,0,0,5000,0,0,0,5000,0,5000,5000
066090,泰鼎永豐01購01  ,0,0,0,0,0,0,0,0,0,5000,0,0,0,5000,0,5000,5000
066242,惠特富邦03購01  ,0,0,0,0,0,0,0,0,0,5000,0,0,0,5000,0,5000,5000
06626P,大立光統一9A售01,0,0,0,0,0,0,0,0,0,5000,0,0,0,27000,22000,5000,5000
065690,台苯群益9C購01  ,0,0,0,0,0,0,0,0,0,5000,0,0,0,15000,10000,5000,5000
065819,京鼎元富03購01  ,0,0,0,0,0,0,0,0,0,5000,0,0,0,10000,5000,5000,5000
065989,泰碩永豐01購01  ,0,0,0,0,0,0,0,0,0,5000,0,0,0,5000,0,5000,5000
065956,緯創統一01購01  ,0,0,0,0,0,0,0,0,0,5000,0,0,0,5000,0,5000,5000
065962,鴻海元大01購04  ,0,0,0,0,0,0,0,0,0,5000,0,0,0,25000,20000,5000,5000
065953,宏達電統一03購01,0,0,0,0,0,0,0,0,0,5000,0,0,0,23000,18000,5000,5000
065919,禾伸堂凱基02購01,0,0,0,0,0,0,0,0,0,5000,0,0,0,5000,0,5000,5000
065516,健鼎群益9C購02  ,0,0,0,0,0,0,0,0,0,5000,0,0,0,5000,0,5000,5000
065403,健鼎國泰02購01  ,0,0,0,0,0,0,0,0,0,5000,0,0,0,5000,0,5000,5000
065322,聯發科凱基01購05,0,0,0,0,0,0,0,0,0,5000,0,0,0,6000,1000,5000,5000
2022,聚亨            ,39000,34000,5000,0,0,0,0,0,0,0,0,0,0,0,0,0,5000
2069,運錩            ,7000,0,7000,0,0,0,0,0,0,-2000,0,2000,-2000,0,0,0,5000
1603,華電            ,8000,3000,5000,0,0,0,0,0,0,0,0,0,0,0,0,0,5000
08692P,國巨兆豐01售02  ,0,0,0,0,0,0,0,0,0,5000,0,0,0,5000,0,5000,5000
2427,三商電          ,16000,15000,1000,0,0,0,0,0,0,4000,4000,0,4000,0,0,0,5000
2428,興勤            ,471000,351000,120000,0,0,0,0,0,0,-115000,1000,38000,-37000,13000,91000,-78000,5000
6641,基士德-KY       ,5000,0,5000,0,0,0,0,0,0,0,0,0,0,0,0,0,5000
6117,迎廣            ,5000,0,5000,0,0,0,0,0,0,0,0,0,0,0,0,0,5000
9930,中聯資源        ,5000,0,5000,0,0,0,0,0,0,0,0,0,0,0,0,0,5000
068119,健鼎元富07購01  ,0,0,0,0,0,0,0,0,0,4000,0,0,0,4000,0,4000,4000
068391,玉晶光統一07購01,0,0,0,0,0,0,0,0,0,4000,0,0,0,4000,0,4000,4000
069320,華新科兆豐03購01,0,0,0,0,0,0,0,0,0,4000,0,0,0,15000,11000,4000,4000
069010,欣興兆豐03購03  ,0,0,0,0,0,0,0,0,0,4000,0,0,0,35000,31000,4000,4000
068895,京元電元大02購02,0,0,0,0,0,0,0,0,0,4000,0,0,0,5000,1000,4000,4000
068818,聯發科元大02購06,0,0,0,0,0,0,0,0,0,4000,0,0,0,780000,776000,4000,4000
07452P,國巨元大9A售05  ,0,0,0,0,0,0,0,0,0,4000,0,0,0,4000,0,4000,4000
069701,致新元富08購01  ,0,0,0,0,0,0,0,0,0,4000,0,0,0,4000,0,4000,4000
069723,華新科群益03購01,0,0,0,0,0,0,0,0,0,4000,0,0,0,5000,1000,4000,4000
07946P,華通統一9B售02  ,0,0,0,0,0,0,0,0,0,4000,0,0,0,4000,0,4000,4000
057788,嘉聯益國票99購01,0,0,0,0,0,0,0,0,0,4000,0,0,0,4000,0,4000,4000
060836,上銀國票9A購03  ,0,0,0,0,0,0,0,0,0,4000,0,0,0,4000,0,4000,4000
057579,長榮航中信9A購01,0,0,0,0,0,0,0,0,0,4000,0,0,0,24000,20000,4000,4000
059659,旺宏元大9A購03  ,0,0,0,0,0,0,0,0,0,4000,0,0,0,4000,0,4000,4000
064071,台郡永豐9C購01  ,0,0,0,0,0,0,0,0,0,4000,0,0,0,4000,0,4000,4000
062544,信錦永豐9B購01  ,0,0,0,0,0,0,0,0,0,4000,0,0,0,4000,0,4000,4000
059534,國泰金凱基99購01,0,0,0,0,0,0,0,0,0,4000,0,0,0,4000,0,4000,4000
060215,柏文康和9A購01  ,0,0,0,0,0,0,0,0,0,4000,0,0,0,4000,0,4000,4000
061122,敬鵬永豐9A購01  ,0,0,0,0,0,0,0,0,0,4000,0,0,0,4000,0,4000,4000
060818,上銀統一9C購01  ,0,0,0,0,0,0,0,0,0,4000,0,0,0,20000,16000,4000,4000
058788,喬山元大99購01  ,0,0,0,0,0,0,0,0,0,4000,0,0,0,131000,127000,4000,4000
058812,台積電統一9B購06,0,0,0,0,0,0,0,0,0,4000,0,0,0,4000,0,4000,4000
057536,康控元大99購03  ,0,0,0,0,0,0,0,0,0,4000,0,0,0,7000,3000,4000,4000
03426P,道瓊銀元大03售05,0,0,0,0,0,0,0,0,0,4000,0,0,0,63000,59000,4000,4000
03341P,帆宣國票03售03  ,0,0,0,0,0,0,0,0,0,4000,0,0,0,203000,199000,4000,4000
03327P,臺股指凱基05售02,0,0,0,0,0,0,0,0,0,4000,0,0,0,5000,1000,4000,4000
064016,南六國票01購01  ,0,0,0,0,0,0,0,0,0,4000,0,0,0,4000,0,4000,4000
064120,鴻海元大9C購07  ,0,0,0,0,0,0,0,0,0,4000,0,0,0,4000,0,4000,4000
064148,瑞昱統一02購01  ,0,0,0,0,0,0,0,0,0,4000,0,0,0,12000,8000,4000,4000
063966,大毅國票01購01  ,0,0,0,0,0,0,0,0,0,4000,0,0,0,20000,16000,4000,4000
063908,國巨凱基9C購06  ,0,0,0,0,0,0,0,0,0,4000,0,0,0,15000,11000,4000,4000
063436,儒鴻統一01購03  ,0,0,0,0,0,0,0,0,0,4000,0,0,0,4000,0,4000,4000
063256,鴻海國泰01購02  ,0,0,0,0,0,0,0,0,0,4000,0,0,0,5000,1000,4000,4000
063507,奇鋐群益9B購02  ,0,0,0,0,0,0,0,0,0,4000,0,0,0,17000,13000,4000,4000
064390,台塑永豐9C購01  ,0,0,0,0,0,0,0,0,0,4000,0,0,0,164000,160000,4000,4000
063663,台光電統一9C購01,0,0,0,0,0,0,0,0,0,4000,0,0,0,4000,0,4000,4000
065080,燿華元大01購01  ,0,0,0,0,0,0,0,0,0,4000,0,0,0,4000,0,4000,4000
062799,聯發科統一9C購09,0,0,0,0,0,0,0,0,0,4000,0,0,0,5000,1000,4000,4000
062803,嘉晶統一9B購02  ,0,0,0,0,0,0,0,0,0,4000,0,0,0,4000,0,4000,4000
062781,微星元大9C購01  ,0,0,0,0,0,0,0,0,0,4000,0,0,0,14000,10000,4000,4000
062050,亞德客統一9C購01,0,0,0,0,0,0,0,0,0,4000,0,0,0,10000,6000,4000,4000
062417,鴻海統一9C購08  ,0,0,0,0,0,0,0,0,0,4000,0,0,0,4000,0,4000,4000
065605,義隆元大01購02  ,0,0,0,0,0,0,0,0,0,4000,0,0,0,4000,0,4000,4000
065928,創意國票02購01  ,0,0,0,0,0,0,0,0,0,4000,0,0,0,8000,4000,4000,4000
065742,宏達電麥證9C購01,0,0,0,7000,0,7000,0,0,0,4000,0,0,0,7000,3000,4000,4000
066716,高股息元大01購01,0,0,0,0,0,0,0,0,0,4000,0,0,0,4000,0,4000,4000
066379,台達電康和01購01,0,0,0,0,0,0,0,0,0,4000,0,0,0,4000,0,4000,4000
066510,堤維西永豐01購01,0,0,0,0,0,0,0,0,0,4000,0,0,0,4000,0,4000,4000
067036,南電康和01購02  ,0,0,0,0,0,0,0,0,0,4000,0,0,0,4000,0,4000,4000
066988,新唐群益02購01  ,0,0,0,0,0,0,0,0,0,4000,0,0,0,9000,5000,4000,4000
066884,亞光永豐01購01  ,0,0,0,0,0,0,0,0,0,4000,0,0,0,4000,0,4000,4000
067373,聯發科統一03購04,0,0,0,0,0,0,0,0,0,4000,0,0,0,14000,10000,4000,4000
067230,國巨群益01購05  ,0,0,0,0,0,0,0,0,0,4000,0,0,0,24000,20000,4000,4000
067907,緯創國泰03購01  ,0,0,0,0,0,0,0,0,0,4000,0,0,0,17000,13000,4000,4000
067931,旺宏凱基01購05  ,0,0,0,0,0,0,0,0,0,4000,0,0,0,24000,20000,4000,4000
068085,寶成凱基02購01  ,0,0,0,0,0,0,0,0,0,4000,0,0,0,4000,0,4000,4000
068067,台積電凱基01購17,0,0,0,0,0,0,0,0,0,4000,0,0,0,13000,9000,4000,4000
067939,玉晶光凱基02購06,0,0,0,0,0,0,0,0,0,4000,0,0,0,4000,0,4000,4000
067586,奇鋐群益01購02  ,0,0,0,0,0,0,0,0,0,4000,0,0,0,4000,0,4000,4000
8478,東哥遊艇        ,13000,9000,4000,0,0,0,0,0,0,0,1000,1000,0,0,0,0,4000
8443,阿瘦            ,0,0,0,0,0,0,0,0,0,4000,4000,0,4000,0,0,0,4000
8201,無敵            ,4000,1000,3000,0,0,0,0,0,0,1000,1000,0,1000,0,0,0,4000
6243,迅杰            ,12000,8000,4000,0,0,0,0,0,0,0,0,0,0,0,0,0,4000
2613,中櫃            ,5000,1000,4000,0,0,0,0,0,0,0,0,0,0,0,0,0,4000
2891C,中信金丙特      ,0,0,0,0,0,0,0,0,0,4000,4000,0,4000,0,0,0,4000
1535,中宇            ,7000,0,7000,0,0,0,0,0,0,-3000,0,3000,-3000,0,0,0,4000
2028,威致            ,4000,0,4000,0,0,0,0,0,0,0,0,0,0,0,0,0,4000
07904P,聯發科群益9B售05,0,0,0,0,0,0,0,0,0,3000,0,0,0,3000,0,3000,3000
08192P,大毅國票9B售05  ,0,0,0,0,0,0,0,0,0,3000,0,0,0,26000,23000,3000,3000
08587P,聯發科中信01售05,0,0,0,0,0,0,0,0,0,3000,0,0,0,3000,0,3000,3000
08349P,南六元大9C售03  ,0,0,0,0,0,0,0,0,0,3000,0,0,0,279000,276000,3000,3000
069542,華通元大02購07  ,0,0,0,0,0,0,0,0,0,3000,0,0,0,3000,0,3000,3000
07353P,大立光國票99售02,0,0,0,0,0,0,0,0,0,3000,0,0,0,3000,0,3000,3000
069822,鈺齊國票03購01  ,0,0,0,0,0,0,0,0,0,3000,0,0,0,80000,77000,3000,3000
069804,南電凱基02購06  ,0,0,0,0,0,0,0,0,0,3000,0,0,0,281000,278000,3000,3000
068928,鴻海永豐02購01  ,0,0,0,0,0,0,0,0,0,3000,0,0,0,3000,0,3000,3000
069058,台積電台新03購03,0,0,0,0,0,0,0,0,0,3000,0,0,0,106000,103000,3000,3000
069079,聯發科凱基02購07,0,0,0,0,0,0,0,0,0,3000,0,0,0,143000,140000,3000,3000
069405,國巨統一03購06  ,0,0,0,0,0,0,0,0,0,3000,0,0,0,3000,0,3000,3000
068420,大立光兆豐01購03,0,0,0,0,0,0,0,0,0,3000,0,0,0,3000,0,3000,3000
068116,欣興元富07購01  ,0,0,0,0,0,0,0,0,0,3000,0,0,0,3000,0,3000,3000
068148,台積電元大02購07,0,0,0,0,0,0,0,0,0,3000,0,0,0,3000,0,3000,3000
068162,GIS元大02購01   ,0,0,0,0,0,0,0,0,0,3000,0,0,0,73000,70000,3000,3000
068747,台積電群益02購05,0,0,0,0,0,0,0,0,0,3000,0,0,0,3000,0,3000,3000
068497,緯創元大01購05  ,0,0,0,0,0,0,0,0,0,3000,0,0,0,10000,7000,3000,3000
068550,玉晶光群益03購01,0,0,0,0,0,0,0,0,0,3000,0,0,0,204000,201000,3000,3000
057180,華新科元大99購08,0,0,0,0,0,0,0,0,0,3000,0,0,0,3000,0,3000,3000
056734,國巨凱基99購01  ,0,0,0,0,0,0,0,0,0,3000,0,0,0,3000,0,3000,3000
056011,矽力中信99購01  ,0,0,0,0,0,0,0,0,0,3000,0,0,0,3000,0,3000,3000
0057,富邦摩台        ,1000,0,1000,0,0,0,0,0,0,2000,0,0,0,299000,297000,2000,3000
046937,聯電元大99購01  ,0,0,0,0,0,0,0,0,0,3000,0,0,0,3000,0,3000,3000
055652,聯詠元富01購01  ,0,0,0,0,0,0,0,0,0,3000,0,0,0,20000,17000,3000,3000
05749P,臺股指群益99售03,0,0,0,0,0,0,0,0,0,3000,0,0,0,3000,0,3000,3000
061019,大毅國票9A購01  ,0,0,0,0,0,0,0,0,0,3000,0,0,0,3000,0,3000,3000
05981P,可成永昌98售02  ,0,0,0,0,0,0,0,0,0,3000,0,0,0,3000,0,3000,3000
059170,康控凱基9B購01  ,0,0,0,0,0,0,0,0,0,3000,0,0,0,3000,0,3000,3000
060756,鴻海元大9A購16  ,0,0,0,0,0,0,0,0,0,3000,0,0,0,3000,0,3000,3000
060238,強茂元大9C購01  ,0,0,0,0,0,0,0,0,0,3000,0,0,0,3000,0,3000,3000
059458,鎧勝永豐99購01  ,0,0,0,0,0,0,0,0,0,3000,0,0,0,3000,0,3000,3000
059976,道瓊銀元大99購01,0,0,0,0,0,0,0,0,0,3000,0,0,0,3000,0,3000,3000
059304,華新科兆豐99購06,0,0,0,0,0,0,0,0,0,3000,0,0,0,4000,1000,3000,3000
061583,矽創元大9A購01  ,0,0,0,0,0,0,0,0,0,3000,0,0,0,3000,0,3000,3000
064273,華邦電元大9C購02,0,0,0,0,0,0,0,0,0,3000,0,0,0,35000,32000,3000,3000
059766,同欣電永豐99購03,0,0,0,0,0,0,0,0,0,3000,0,0,0,30000,27000,3000,3000
060919,滬深2X富邦9B購01,0,0,0,0,0,0,0,0,0,3000,0,0,0,3000,0,3000,3000
057904,矽力永豐98購01  ,0,0,0,0,0,0,0,0,0,3000,0,0,0,3000,0,3000,3000
058099,鴻海國泰9A購02  ,0,0,0,0,0,0,0,0,0,3000,0,0,0,3000,0,3000,3000
062177,上銀元大9B購02  ,0,0,0,0,0,0,0,0,0,3000,0,0,0,6000,3000,3000,3000
062786,立積元大9C購03  ,0,0,0,0,0,0,0,0,0,3000,0,0,0,3000,0,3000,3000
064489,宏碁元大9C購01  ,0,0,0,0,0,0,0,0,0,3000,0,0,0,23000,20000,3000,3000
061520,健策中信9A購01  ,0,0,0,0,0,0,0,0,0,3000,0,0,0,20000,17000,3000,3000
061410,緯穎國票9A購03  ,0,0,0,0,0,0,0,0,0,3000,0,0,0,3000,0,3000,3000
064904,茂林群益9C購02  ,0,0,0,0,0,0,0,0,0,3000,0,0,0,208000,205000,3000,3000
065147,寶成凱基01購01  ,0,0,0,0,0,0,0,0,0,3000,0,0,0,3000,0,3000,3000
064664,微星元大9C購04  ,0,0,0,0,0,0,0,0,0,3000,0,0,0,15000,12000,3000,3000
062884,康控兆豐9C購01  ,0,0,0,0,0,0,0,0,0,3000,0,0,0,3000,0,3000,3000
063818,矽創群益9C購01  ,0,0,0,0,0,0,0,0,0,3000,0,0,0,23000,20000,3000,3000
063856,臺股指元大9C購09,0,0,0,0,0,0,0,0,0,3000,0,0,0,3000,0,3000,3000
063706,台虹群益9B購01  ,0,0,0,0,0,0,0,0,0,3000,0,0,0,5000,2000,3000,3000
061270,彩晶凱基9A購02  ,0,0,0,0,0,0,0,0,0,3000,0,0,0,3000,0,3000,3000
063230,緯穎群益9B購02  ,0,0,0,0,0,0,0,0,0,3000,0,0,0,46000,43000,3000,3000
063293,億豐元大9B購01  ,0,0,0,0,0,0,0,0,0,3000,0,0,0,6000,3000,3000,3000
064309,聯發科群益9C購07,0,0,0,0,0,0,0,0,0,3000,0,0,0,3000,0,3000,3000
062695,華通元大9C購01  ,0,0,0,0,0,0,0,0,0,3000,0,0,0,14000,11000,3000,3000
062706,大立光元大9B購06,0,0,0,0,0,0,0,0,0,3000,0,0,0,3000,0,3000,3000
063494,金像電富邦9B購01,0,0,0,0,0,0,0,0,0,3000,0,0,0,3000,0,3000,3000
063001,巨大國票9B購01  ,0,0,0,0,0,0,0,0,0,3000,0,0,0,5000,2000,3000,3000
063014,技嘉元大9B購03  ,0,0,0,0,0,0,0,0,0,3000,0,0,0,3000,0,3000,3000
064172,義隆元富9C購01  ,0,0,0,0,0,0,0,0,0,3000,0,0,0,3000,0,3000,3000
063989,大立光永豐9C購01,0,0,0,0,0,0,0,0,0,3000,0,0,0,23000,20000,3000,3000
062566,嘉晶中信9C購01  ,0,0,0,0,0,0,0,0,0,3000,0,0,0,19000,16000,3000,3000
062590,亞光統一9B購01  ,0,0,0,0,0,0,0,0,0,3000,0,0,0,3000,0,3000,3000
062601,富邦金台新9B購01,0,0,0,0,0,0,0,0,0,3000,0,0,0,117000,114000,3000,3000
062633,亞光國票9B購01  ,0,0,0,0,0,0,0,0,0,3000,0,0,0,71000,68000,3000,3000
067472,台積電元大03購01,0,0,0,0,0,0,0,0,0,3000,0,0,0,13000,10000,3000,3000
067696,欣興兆豐03購01  ,0,0,0,0,0,0,0,0,0,3000,0,0,0,3000,0,3000,3000
067632,台積電永豐01購03,0,0,0,0,0,0,0,0,0,3000,0,0,0,3000,0,3000,3000
067630,大成鋼永豐01購01,0,0,0,0,0,0,0,0,0,3000,0,0,0,25000,22000,3000,3000
067669,金像電元大02購03,0,0,0,0,0,0,0,0,0,3000,0,0,0,40000,37000,3000,3000
067783,高鐵群益02購01  ,0,0,0,0,0,0,0,0,0,3000,0,0,0,3000,0,3000,3000
067798,GIS中信03購01   ,0,0,0,0,0,0,0,0,0,3000,0,0,0,4000,1000,3000,3000
067337,欣興凱基01購01  ,0,0,0,0,0,0,0,0,0,3000,0,0,0,3000,0,3000,3000
067248,帆宣群益01購01  ,0,0,0,0,0,0,0,0,0,3000,0,0,0,3000,0,3000,3000
067245,康控群益01購03  ,0,0,0,0,0,0,0,0,0,3000,0,0,0,3000,0,3000,3000
066801,奇鋐凱基01購02  ,0,0,0,0,0,0,0,0,0,3000,0,0,0,19000,16000,3000,3000
066756,長興永豐01購02  ,0,0,0,0,0,0,0,0,0,3000,0,0,0,3000,0,3000,3000
067030,南電兆豐03購01  ,0,0,0,0,0,0,0,0,0,3000,0,0,0,5000,2000,3000,3000
066474,微星麥證01購01  ,0,0,0,3000,0,3000,0,0,0,3000,0,0,0,3000,0,3000,3000
066435,臺指反群益03購01,0,0,0,0,0,0,0,0,0,3000,0,0,0,3000,0,3000,3000
066598,致新群益02購01  ,0,0,0,0,0,0,0,0,0,3000,0,0,0,54000,51000,3000,3000
066268,宏達電元大01購02,0,0,0,0,0,0,0,0,0,3000,0,0,0,16000,13000,3000,3000
066216,南電統一03購01  ,0,0,0,0,0,0,0,0,0,3000,0,0,0,3000,0,3000,3000
066315,南帝永豐01購01  ,0,0,0,0,0,0,0,0,0,3000,0,0,0,3000,0,3000,3000
065731,群創凱基03購02  ,0,0,0,0,0,0,0,0,0,3000,0,0,0,10000,7000,3000,3000
065688,緯創元富9C購02  ,0,0,0,0,0,0,0,0,0,3000,0,0,0,3000,0,3000,3000
065695,友訊群益01購02  ,0,0,0,0,0,0,0,0,0,3000,0,0,0,29000,26000,3000,3000
065714,矽創群益9C購02  ,0,0,0,0,0,0,0,0,0,3000,0,0,0,3000,0,3000,3000
065582,景碩國泰01購01  ,0,0,0,0,0,0,0,0,0,3000,0,0,0,3000,0,3000,3000
065536,健鼎統一02購04  ,0,0,0,0,0,0,0,0,0,3000,0,0,0,3000,0,3000,3000
065578,台郡群益9C購02  ,0,0,0,0,0,0,0,0,0,3000,0,0,0,3000,0,3000,3000
065309,亞光國票01購01  ,0,0,0,0,0,0,0,0,0,3000,0,0,0,3000,0,3000,3000
1516,川飛            ,16000,18000,-2000,0,0,0,0,0,0,5000,5000,0,5000,0,0,0,3000
1443,立益            ,3000,0,3000,0,0,0,0,0,0,0,0,0,0,0,0,0,3000
1413,宏洲            ,9000,6000,3000,0,0,0,0,0,0,0,0,0,0,0,0,0,3000
08774P,華擎凱基01售02  ,0,0,0,0,0,0,0,0,0,3000,0,0,0,95000,92000,3000,3000
2630,亞航            ,3000,0,3000,0,0,0,0,0,0,0,0,0,0,0,0,0,3000
2460,建通            ,31000,30000,1000,0,0,0,0,0,0,2000,3000,1000,2000,0,0,0,3000
8473,山林水          ,3000,0,3000,0,0,0,0,0,0,0,0,0,0,0,0,0,3000
068607,聯詠凱基01購02  ,0,0,0,0,0,0,0,0,0,2000,0,0,0,2000,0,2000,2000
068477,嘉聯益群益01購02,0,0,0,0,0,0,0,0,0,2000,0,0,0,2000,0,2000,2000
06862P,大立光凱基98售16,0,0,0,0,0,0,0,0,0,2000,0,0,0,2000,0,2000,2000
068203,玉晶光凱基03購03,0,0,0,0,0,0,0,0,0,2000,0,0,0,5000,3000,2000,2000
068351,鴻海凱基04購01  ,0,0,0,0,0,0,0,0,0,2000,0,0,0,7000,5000,2000,2000
069417,玉晶光統一03購05,0,0,0,0,0,0,0,0,0,2000,0,0,0,13000,11000,2000,2000
069332,聯電群益03購07  ,0,0,0,0,0,0,0,0,0,2000,0,0,0,8000,6000,2000,2000
068939,鴻海日盛02購01  ,0,0,0,0,0,0,0,0,0,2000,0,0,0,6000,4000,2000,2000
068770,大立光統一02購09,0,0,0,0,0,0,0,0,0,2000,0,0,0,4000,2000,2000,2000
07580P,緯穎元大9A售03  ,0,0,0,0,0,0,0,0,0,2000,0,0,0,2000,0,2000,2000
07057P,大立光康和9B售02,0,0,0,0,0,0,0,0,0,2000,0,0,0,2000,0,2000,2000
069601,玉晶光國票03購05,0,0,0,0,0,0,0,0,0,2000,0,0,0,2000,0,2000,2000
08357P,聯發科元大9C售09,0,0,0,0,0,0,0,0,0,2000,0,0,0,2000,0,2000,2000
08452P,智邦台新9C售05  ,0,0,0,0,0,0,0,0,0,2000,0,0,0,62000,60000,2000,2000
08094P,華新科元富9B售05,0,0,0,0,0,0,0,0,0,2000,0,0,0,2000,0,2000,2000
07865P,可成元大9B售02  ,0,0,0,0,0,0,0,0,0,2000,0,0,0,11000,9000,2000,2000
07958P,華擎群益9B售01  ,0,0,0,0,0,0,0,0,0,2000,0,0,0,2000,0,2000,2000
07688P,華通元大9A售07  ,0,0,0,0,0,0,0,0,0,2000,0,0,0,22000,20000,2000,2000
07782P,寶成凱基9A售02  ,0,0,0,0,0,0,0,0,0,2000,0,0,0,2000,0,2000,2000
057870,大立光凱基99購02,0,0,0,0,0,0,0,0,0,2000,0,0,0,2000,0,2000,2000
057959,欣興元大98購14  ,0,0,0,0,0,0,0,0,0,2000,0,0,0,2000,0,2000,2000
057719,欣興元富02購01  ,0,0,0,0,0,0,0,0,0,2000,0,0,0,2000,0,2000,2000
057784,台積電國票9B購01,0,0,0,0,0,0,0,0,0,2000,0,0,0,2000,0,2000,2000
060870,旭富群益9A購01  ,0,0,0,0,0,0,0,0,0,2000,0,0,0,2000,0,2000,2000
064260,矽創富邦9C購01  ,0,0,0,0,0,0,0,0,0,2000,0,0,0,2000,0,2000,2000
064537,健鼎國票01購02  ,0,0,0,0,0,0,0,0,0,2000,0,0,0,2000,0,2000,2000
064065,大立光富邦02購02,0,0,0,0,0,0,0,0,0,2000,0,0,0,3000,1000,2000,2000
058334,鴻海元富99購05  ,0,0,0,0,0,0,0,0,0,2000,0,0,0,2000,0,2000,2000
058324,嘉聯益永豐9A購01,0,0,0,0,0,0,0,0,0,2000,0,0,0,2000,0,2000,2000
061617,微星群益9A購02  ,0,0,0,0,0,0,0,0,0,2000,0,0,0,2000,0,2000,2000
062479,TPK國票9B購01   ,0,0,0,0,0,0,0,0,0,2000,0,0,0,6000,4000,2000,2000
059294,宏達電元富9B購02,0,0,0,0,0,0,0,0,0,2000,0,0,0,2000,0,2000,2000
060300,佐登國泰9B購01  ,0,0,0,0,0,0,0,0,0,2000,0,0,0,2000,0,2000,2000
060431,復盛永豐9A購01  ,0,0,0,0,0,0,0,0,0,2000,0,0,0,2000,0,2000,2000
060387,盛群凱基9A購01  ,0,0,0,0,0,0,0,0,0,2000,0,0,0,2000,0,2000,2000
060738,矽格統一9C購01  ,0,0,0,0,0,0,0,0,0,2000,0,0,0,2000,0,2000,2000
060700,華新科國泰9C購01,0,0,0,0,0,0,0,0,0,2000,0,0,0,191000,189000,2000,2000
061081,宏碁兆豐9A購01  ,0,0,0,0,0,0,0,0,0,2000,0,0,0,2000,0,2000,2000
059009,世紀鋼元大99購04,0,0,0,0,0,0,0,0,0,2000,0,0,0,2000,0,2000,2000
060583,南亞科元富9A購05,0,0,0,0,0,0,0,0,0,2000,0,0,0,2000,0,2000,2000
060567,華擎富邦9C購01  ,0,0,0,0,0,0,0,0,0,2000,0,0,0,2000,0,2000,2000
058718,台灣50元富03購01,0,0,0,0,0,0,0,0,0,2000,0,0,0,2000,0,2000,2000
054377,臺股指中信99購09,0,0,0,0,0,0,0,0,0,2000,0,0,0,2000,0,2000,2000
054371,台積電中信9C購01,0,0,0,0,0,0,0,0,0,2000,0,0,0,2000,0,2000,2000
053891,欣興群益98購01  ,0,0,0,0,0,0,0,0,0,2000,0,0,0,2000,0,2000,2000
03459P,台積電國票03售08,0,0,0,0,0,0,0,0,0,2000,0,0,0,2000,0,2000,2000
00684R,元大美元指數反1 ,0,0,0,0,0,0,0,0,0,2000,0,0,0,2000,0,2000,2000
00673R,元大S&P原油反1  ,0,0,0,0,0,0,0,0,0,2000,0,0,0,65000,63000,2000,2000
03108P,台積電元大01售40,0,0,0,0,0,0,0,0,0,2000,0,0,0,2000,0,2000,2000
056675,聯發科元富02購01,0,0,0,0,0,0,0,0,0,2000,0,0,0,2000,0,2000,2000
056465,臺股指凱基99購07,0,0,0,0,0,0,0,0,0,2000,0,0,0,2000,0,2000,2000
057043,台積電元大99購02,0,0,0,0,0,0,0,0,0,2000,0,0,0,2000,0,2000,2000
062634,玉晶光國票9B購03,0,0,0,0,0,0,0,0,0,2000,0,0,0,2000,0,2000,2000
062642,帆宣國票9B購01  ,0,0,0,0,0,0,0,0,0,2000,0,0,0,2000,0,2000,2000
064003,台積電凱基01購03,0,0,0,0,0,0,0,0,0,2000,0,0,0,2000,0,2000,2000
064013,創意國票01購01  ,0,0,0,0,0,0,0,0,0,2000,0,0,0,5000,3000,2000,2000
063878,國巨元富9C購01  ,0,0,0,0,0,0,0,0,0,2000,0,0,0,2000,0,2000,2000
062964,FBVIX元富9B購01 ,0,0,0,0,0,0,0,0,0,2000,0,0,0,2000,0,2000,2000
062976,嘉澤元富9B購01  ,0,0,0,0,0,0,0,0,0,2000,0,0,0,2000,0,2000,2000
063055,創意統一9B購02  ,0,0,0,0,0,0,0,0,0,2000,0,0,0,2000,0,2000,2000
063468,聯詠元大9B購04  ,0,0,0,0,0,0,0,0,0,2000,0,0,0,2000,0,2000,2000
063478,GIS元大9B購03   ,0,0,0,0,0,0,0,0,0,2000,0,0,0,20000,18000,2000,2000
064717,台積電統一01購08,0,0,0,0,0,0,0,0,0,2000,0,0,0,2000,0,2000,2000
063437,聚陽統一01購01  ,0,0,0,0,0,0,0,0,0,2000,0,0,0,2000,0,2000,2000
064586,緯創永豐9C購01  ,0,0,0,0,0,0,0,0,0,2000,0,0,0,2000,0,2000,2000
063112,祥碩兆豐9B購01  ,0,0,0,0,0,0,0,0,0,2000,0,0,0,2000,0,2000,2000
061690,旺宏群益9A購05  ,0,0,0,0,0,0,0,0,0,2000,0,0,0,2000,0,2000,2000
064352,嘉聯益元大9C購01,0,0,0,0,0,0,0,0,0,2000,0,0,0,2000,0,2000,2000
061683,台灣50群益9B購09,0,0,0,0,0,0,0,0,0,2000,0,0,0,32000,30000,2000,2000
061247,玉晶光群益9A購09,0,0,0,0,0,0,0,0,0,2000,0,0,0,17000,15000,2000,2000
061263,微星凱基9A購01  ,0,0,0,0,0,0,0,0,0,2000,0,0,0,12000,10000,2000,2000
061375,華通永豐9A購02  ,0,0,0,0,0,0,0,0,0,2000,0,0,0,6000,4000,2000,2000
064442,嘉聯益凱基9C購01,0,0,0,0,0,0,0,0,0,2000,0,0,0,2000,0,2000,2000
061907,裕隆中信9B購01  ,0,0,0,0,0,0,0,0,0,2000,0,0,0,16000,14000,2000,2000
063644,祥碩元大9B購10  ,0,0,0,0,0,0,0,0,0,2000,0,0,0,2000,0,2000,2000
062843,臺股指群益9B購10,0,0,0,0,0,0,0,0,0,2000,0,0,0,4000,2000,2000,2000
063625,儒鴻元大9B購03  ,0,0,0,0,0,0,0,0,0,2000,0,0,0,2000,0,2000,2000
061933,光寶科國票9B購01,0,0,0,0,0,0,0,0,0,2000,0,0,0,2000,0,2000,2000
065175,大立光元大01購05,0,0,0,0,0,0,0,0,0,2000,0,0,0,2000,0,2000,2000
065170,智邦元大9C購07  ,0,0,0,0,0,0,0,0,0,2000,0,0,0,151000,149000,2000,2000
065281,和大群益01購02  ,0,0,0,0,0,0,0,0,0,2000,0,0,0,100000,98000,2000,2000
065284,旺宏群益9C購03  ,0,0,0,0,0,0,0,0,0,2000,0,0,0,2000,0,2000,2000
064906,台表科群益9C購02,0,0,0,0,0,0,0,0,0,2000,0,0,0,33000,31000,2000,2000
064954,奇鋐凱基9C購01  ,0,0,0,0,0,0,0,0,0,2000,0,0,0,11000,9000,2000,2000
065009,勤誠國票01購01  ,0,0,0,0,0,0,0,0,0,2000,0,0,0,2000,0,2000,2000
061521,亞光兆豐9A購02  ,0,0,0,0,0,0,0,0,0,2000,0,0,0,2000,0,2000,2000
061451,南電中信9A購03  ,0,0,0,0,0,0,0,0,0,2000,0,0,0,2000,0,2000,2000
061550,聯鈞群益9A購03  ,0,0,0,0,0,0,0,0,0,2000,0,0,0,49000,47000,2000,2000
062806,世芯統一02購01  ,0,0,0,0,0,0,0,0,0,2000,0,0,0,2000,0,2000,2000
062013,奇鋐富邦9B購01  ,0,0,0,0,0,0,0,0,0,2000,0,0,0,67000,65000,2000,2000
061890,元金2X永豐9B購01,0,0,0,0,0,0,0,0,0,2000,0,0,0,2000,0,2000,2000
061820,康控群益9B購02  ,0,0,0,0,0,0,0,0,0,2000,0,0,0,2000,0,2000,2000
062052,華通統一01購01  ,0,0,0,0,0,0,0,0,0,2000,0,0,0,10000,8000,2000,2000
06242P,大立光元富9A售02,0,0,0,0,0,0,0,0,0,2000,0,0,0,2000,0,2000,2000
062347,台光電群益9B購02,0,0,0,0,0,0,0,0,0,2000,0,0,0,2000,0,2000,2000
062332,大立光統一9B購11,0,0,0,0,0,0,0,0,0,2000,0,0,0,2000,0,2000,2000
065552,聯發科凱基9C購12,0,0,0,0,0,0,0,0,0,2000,0,0,0,12000,10000,2000,2000
065585,聯發科富邦03購02,0,0,0,0,0,0,0,0,0,2000,0,0,0,27000,25000,2000,2000
065624,聯詠中信9C購01  ,0,0,0,0,0,0,0,0,0,2000,0,0,0,10000,8000,2000,2000
065680,聯發科統一9C購16,0,0,0,0,0,0,0,0,0,2000,0,0,0,2000,0,2000,2000
065732,健策凱基9C購04  ,0,0,0,0,0,0,0,0,0,2000,0,0,0,51000,49000,2000,2000
065868,燿華群益02購01  ,0,0,0,0,0,0,0,0,0,2000,0,0,0,2000,0,2000,2000
065881,京元電台新9C購01,0,0,0,0,0,0,0,0,0,2000,0,0,0,2000,0,2000,2000
066032,矽格群益01購01  ,0,0,0,0,0,0,0,0,0,2000,0,0,0,2000,0,2000,2000
066023,燿華群益01購02  ,0,0,0,0,0,0,0,0,0,2000,0,0,0,2000,0,2000,2000
066008,大立光統一03購02,0,0,0,0,0,0,0,0,0,2000,0,0,0,81000,79000,2000,2000
066114,瑞昱兆豐02購01  ,0,0,0,0,0,0,0,0,0,2000,0,0,0,2000,0,2000,2000
066087,大毅永豐01購02  ,0,0,0,0,0,0,0,0,0,2000,0,0,0,2000,0,2000,2000
066608,國巨麥證01購03  ,0,0,0,2000,0,2000,0,0,0,2000,0,0,0,2000,0,2000,2000
066581,臺股指元大01購10,0,0,0,0,0,0,0,0,0,2000,0,0,0,2000,0,2000,2000
066699,台積電群益01購08,0,0,0,0,0,0,0,0,0,2000,0,0,0,2000,0,2000,2000
066634,泰碩凱基02購02  ,0,0,0,0,0,0,0,0,0,2000,0,0,0,2000,0,2000,2000
066451,台郡群益01購01  ,0,0,0,0,0,0,0,0,0,2000,0,0,0,2000,0,2000,2000
066728,台積電元大01購15,0,0,0,0,0,0,0,0,0,2000,0,0,0,2000,0,2000,2000
066809,新唐凱基01購01  ,0,0,0,0,0,0,0,0,0,2000,0,0,0,2000,0,2000,2000
067310,欣興元大01購05  ,0,0,0,0,0,0,0,0,0,2000,0,0,0,2000,0,2000,2000
067147,台積電統一04購01,0,0,0,0,0,0,0,0,0,2000,0,0,0,2000,0,2000,2000
067134,國揚永豐01購02  ,0,0,0,0,0,0,0,0,0,2000,0,0,0,44000,42000,2000,2000
067839,臺股指統一01購01,0,0,0,0,0,0,0,0,0,2000,0,0,0,2000,0,2000,2000
068017,玉晶光國票01購09,0,0,0,0,0,0,0,0,0,2000,0,0,0,35000,33000,2000,2000
067754,元金2X元大01購02,0,0,0,0,0,0,0,0,0,2000,0,0,0,7000,5000,2000,2000
067458,台積電永豐01購02,0,0,0,0,0,0,0,0,0,2000,0,0,0,2000,0,2000,2000
9110,越南控-DR       ,2000,0,2000,0,0,0,0,0,0,0,0,0,0,0,0,0,2000
9912,偉聯            ,2000,0,2000,0,0,0,0,0,0,0,0,0,0,0,0,0,2000
2429,銘旺科          ,2000,0,2000,0,0,0,0,0,0,0,0,0,0,0,0,0,2000
2611,志信            ,13000,11000,2000,0,0,0,0,0,0,0,0,0,0,0,0,0,2000
3015,全漢            ,337000,340000,-3000,0,0,0,0,0,0,5000,11000,6000,5000,0,0,0,2000
3040,遠見            ,55000,55000,0,0,0,0,0,0,0,2000,2000,0,2000,0,0,0,2000
3308,聯德            ,2000,0,2000,0,0,0,0,0,0,0,0,0,0,0,0,0,2000
8467,波力-KY         ,1000,0,1000,0,0,0,0,0,0,1000,1000,0,1000,0,0,0,2000
5906,台南-KY         ,2000,0,2000,0,0,0,0,0,0,0,0,0,0,0,0,0,2000
5533,皇鼎            ,1000,0,1000,0,0,0,0,0,0,1000,1000,0,1000,0,0,0,2000
4557,永新-KY         ,2000,0,2000,0,0,0,0,0,0,0,0,0,0,0,0,0,2000
4551,智伸科          ,88000,98000,-10000,0,0,0,22000,0,22000,-10000,25000,19000,6000,34000,50000,-16000,2000
08778P,台積電群益01售09,0,0,0,0,0,0,0,0,0,2000,0,0,0,2000,0,2000,2000
08811P,鴻海群益01售08  ,0,0,0,0,0,0,0,0,0,2000,0,0,0,59000,57000,2000,2000
1468,昶和            ,2000,0,2000,0,0,0,0,0,0,0,0,0,0,0,0,0,2000
1540,喬福            ,9000,7000,2000,0,0,0,0,0,0,0,0,0,0,0,0,0,2000
1713,國化            ,4000,0,4000,0,0,0,0,0,0,-2000,0,2000,-2000,0,0,0,2000
2007,燁興            ,2000,0,2000,0,0,0,0,0,0,0,0,0,0,0,0,0,2000
2002A,中鋼特          ,0,0,0,0,0,0,0,0,0,2000,8000,6000,2000,0,0,0,2000
1724,台硝            ,2000,0,2000,0,0,0,0,0,0,0,0,0,0,0,0,0,2000
07777P,創意元大9A售03  ,0,0,0,0,0,0,0,0,0,1000,0,0,0,30000,29000,1000,1000
07794P,智邦國票9A售03  ,0,0,0,0,0,0,0,0,0,1000,0,0,0,1000,0,1000,1000
07708P,玉晶光元大9A售13,0,0,0,0,0,0,0,0,0,1000,0,0,0,1000,0,1000,1000
07063P,臺股指元大9A售24,0,0,0,0,0,0,0,0,0,1000,0,0,0,2000,1000,1000,1000
07054P,華新科兆豐99售04,0,0,0,0,0,0,0,0,0,1000,0,0,0,1000,0,1000,1000
07100P,華航元大99售01  ,0,0,0,0,0,0,0,0,0,1000,0,0,0,1000,0,1000,1000
07035P,大立光元富99售04,0,0,0,0,0,0,0,0,0,1000,0,0,0,1000,0,1000,1000
07609P,台灣50國票9C售04,0,0,0,0,0,0,0,0,0,1000,0,0,0,1000,0,1000,1000
07358P,鴻海元大99售39  ,0,0,0,0,0,0,0,0,0,1000,0,0,0,1000,0,1000,1000
069775,欣興元大03購04  ,0,0,0,0,0,0,0,0,0,1000,0,0,0,10000,9000,1000,1000
068815,精元元大02購01  ,0,0,0,0,0,0,0,0,0,1000,0,0,0,3000,2000,1000,1000
068845,台積電統一03購14,0,0,0,0,0,0,0,0,0,1000,0,0,0,1000,0,1000,1000
068908,道瓊銀群益02購02,0,0,0,0,0,0,0,0,0,1000,0,0,0,1000,0,1000,1000
06887P,華新科元大98售04,0,0,0,0,0,0,0,0,0,1000,0,0,0,1000,0,1000,1000
068956,嘉聯益凱基02購01,0,0,0,0,0,0,0,0,0,1000,0,0,0,1000,0,1000,1000
069068,全新麥證02購01  ,0,0,0,1000,0,1000,0,0,0,1000,0,0,0,1000,0,1000,1000
069310,大立光凱基02購06,0,0,0,0,0,0,0,0,0,1000,0,0,0,1000,0,1000,1000
06939P,國巨永豐98售09  ,0,0,0,0,0,0,0,0,0,1000,0,0,0,1000,0,1000,1000
069120,晶技群益03購01  ,0,0,0,0,0,0,0,0,0,1000,0,0,0,1000,0,1000,1000
069206,聯發科元大02購13,0,0,0,0,0,0,0,0,0,1000,0,0,0,1000,0,1000,1000
069250,奇力新凱基03購01,0,0,0,0,0,0,0,0,0,1000,0,0,0,11000,10000,1000,1000
068274,玉晶光永豐01購10,0,0,0,0,0,0,0,0,0,1000,0,0,0,1000,0,1000,1000
068469,鴻海群益01購11  ,0,0,0,0,0,0,0,0,0,1000,0,0,0,1000,0,1000,1000
057165,國巨元大99購05  ,0,0,0,0,0,0,0,0,0,1000,0,0,0,26000,25000,1000,1000
056569,T50正2元大9B購02,0,0,0,0,0,0,0,0,0,1000,0,0,0,1000,0,1000,1000
056550,瑞儀凱基99購01  ,0,0,0,0,0,0,0,0,0,1000,0,0,0,1000,0,1000,1000
056737,國巨凱基9A購01  ,0,0,0,0,0,0,0,0,0,1000,0,0,0,1000,0,1000,1000
03144P,台積電國票01售09,0,0,0,0,0,0,0,0,0,1000,0,0,0,7000,6000,1000,1000
056146,台虹元大98購01  ,0,0,0,0,0,0,0,0,0,1000,0,0,0,1000,0,1000,1000
03078X,元展73          ,0,0,0,0,0,0,0,0,0,1000,0,0,0,1000,0,1000,1000
00666R,富邦恒生國企反1 ,0,0,0,0,0,0,0,0,0,1000,0,0,0,102000,101000,1000,1000
01009T,王道圓滿R1      ,0,0,0,0,0,0,0,0,0,1000,1000,0,1000,0,0,0,1000
00851,台新全球AI      ,0,0,0,0,0,0,0,0,0,1000,0,0,0,9000,8000,1000,1000
03278P,臺股指中信02售03,0,0,0,0,0,0,0,0,0,1000,0,0,0,1000,0,1000,1000
03460B,臺股指元大9C熊39,0,0,0,0,0,0,0,0,0,1000,0,0,0,1000,0,1000,1000
03674C,臺股指元富9C牛02,0,0,0,0,0,0,0,0,0,1000,0,0,0,1000,0,1000,1000
03497P,金像電凱基02售06,0,0,0,0,0,0,0,0,0,1000,0,0,0,18000,17000,1000,1000
053739,A50正2國票9A購01,0,0,0,0,0,0,0,0,0,1000,0,0,0,1000,0,1000,1000
053590,新光金元大9A購02,0,0,0,0,0,0,0,0,0,1000,0,0,0,261000,260000,1000,1000
052828,滬深2X群益9A購02,0,0,0,0,0,0,0,0,0,1000,0,0,0,1000,0,1000,1000
050797,聯發科中信99購01,0,0,0,0,0,0,0,0,0,1000,0,0,0,1000,0,1000,1000
054353,世紀鋼國泰98購01,0,0,0,0,0,0,0,0,0,1000,0,0,0,1000,0,1000,1000
054370,台積電中信9A購01,0,0,0,0,0,0,0,0,0,1000,0,0,0,1000,0,1000,1000
055160,玉晶光元大99購03,0,0,0,0,0,0,0,0,0,1000,0,0,0,1000,0,1000,1000
058737,鴻海第一01購01  ,0,0,0,0,0,0,0,0,0,1000,0,0,0,1000,0,1000,1000
058768,南港兆豐99購01  ,0,0,0,0,0,0,0,0,0,1000,0,0,0,1000,0,1000,1000
05756P,臺股指中信99售05,0,0,0,0,0,0,0,0,0,1000,0,0,0,1000,0,1000,1000
058710,臺股指元大9A購23,0,0,0,0,0,0,0,0,0,1000,0,0,0,1000,0,1000,1000
057546,台積電凱基02購01,0,0,0,0,0,0,0,0,0,1000,0,0,0,1000,0,1000,1000
059052,為升凱基99購01  ,0,0,0,0,0,0,0,0,0,1000,0,0,0,1000,0,1000,1000
061042,致新永豐9A購02  ,0,0,0,0,0,0,0,0,0,1000,0,0,0,1000,0,1000,1000
060595,台灣50凱基04購04,0,0,0,0,0,0,0,0,0,1000,0,0,0,1000,0,1000,1000
060680,玉晶光元大9C購03,0,0,0,0,0,0,0,0,0,1000,0,0,0,2000,1000,1000,1000
061235,台積電元大9A購23,0,0,0,0,0,0,0,0,0,1000,0,0,0,1000,0,1000,1000
061187,瀚宇博國泰9C購01,0,0,0,0,0,0,0,0,0,1000,0,0,0,1000,0,1000,1000
061197,矽創永豐9A購02  ,0,0,0,0,0,0,0,0,0,1000,0,0,0,1000,0,1000,1000
059819,台積電凱基99購17,0,0,0,0,0,0,0,0,0,1000,0,0,0,1000,0,1000,1000
059856,昇陽半永豐99購03,0,0,0,0,0,0,0,0,0,1000,0,0,0,1000,0,1000,1000
058540,嘉聯益國泰9A購02,0,0,0,0,0,0,0,0,0,1000,0,0,0,1000,0,1000,1000
058501,S&P正2元大99購01,0,0,0,0,0,0,0,0,0,1000,0,0,0,1000,0,1000,1000
058447,玉晶光富邦9A購02,0,0,0,0,0,0,0,0,0,1000,0,0,0,1000,0,1000,1000
060430,和潤永豐9A購01  ,0,0,0,0,0,0,0,0,0,1000,0,0,0,56000,55000,1000,1000
060421,華擎永豐9A購01  ,0,0,0,0,0,0,0,0,0,1000,0,0,0,1000,0,1000,1000
060257,臺股指元大9B購08,0,0,0,0,0,0,0,0,0,1000,0,0,0,1000,0,1000,1000
059281,創意永豐99購02  ,0,0,0,0,0,0,0,0,0,1000,0,0,0,1000,0,1000,1000
058583,臻鼎群益99購01  ,0,0,0,0,0,0,0,0,0,1000,0,0,0,1000,0,1000,1000
060015,國巨康和99購03  ,0,0,0,0,0,0,0,0,0,1000,0,0,0,22000,21000,1000,1000
059975,元金2X元大99購02,0,0,0,0,0,0,0,0,0,1000,0,0,0,1000,0,1000,1000
062483,致新國票9B購01  ,0,0,0,0,0,0,0,0,0,1000,0,0,0,1000,0,1000,1000
062503,玉晶光群益01購03,0,0,0,0,0,0,0,0,0,1000,0,0,0,8000,7000,1000,1000
063346,TPK統一9C購01   ,0,0,0,0,0,0,0,0,0,1000,0,0,0,1000,0,1000,1000
062460,京鼎群益9C購01  ,0,0,0,0,0,0,0,0,0,1000,0,0,0,1000,0,1000,1000
061665,旺宏中信9C購01  ,0,0,0,0,0,0,0,0,0,1000,0,0,0,1000,0,1000,1000
063410,南六國票9C購01  ,0,0,0,0,0,0,0,0,0,1000,0,0,0,7000,6000,1000,1000
064527,裕隆中信01購01  ,0,0,0,0,0,0,0,0,0,1000,0,0,0,1000,0,1000,1000
059762,禾伸堂永豐99購02,0,0,0,0,0,0,0,0,0,1000,0,0,0,1000,0,1000,1000
059681,華新科國泰9B購02,0,0,0,0,0,0,0,0,0,1000,0,0,0,1000,0,1000,1000
060896,晶技凱基9A購02  ,0,0,0,0,0,0,0,0,0,1000,0,0,0,1000,0,1000,1000
059705,華新科凱基9A購07,0,0,0,0,0,0,0,0,0,1000,0,0,0,1000,0,1000,1000
060521,鴻海中信01購03  ,0,0,0,0,0,0,0,0,0,1000,0,0,0,1000,0,1000,1000
057783,台積電國票9A購01,0,0,0,0,0,0,0,0,0,1000,0,0,0,1000,0,1000,1000
057688,國巨凱基99購07  ,0,0,0,0,0,0,0,0,0,1000,0,0,0,1000,0,1000,1000
057954,宏碁元大99購01  ,0,0,0,0,0,0,0,0,0,1000,0,0,0,1000,0,1000,1000
057949,南電國票99購01  ,0,0,0,0,0,0,0,0,0,1000,0,0,0,1000,0,1000,1000
057941,聯電國票99購01  ,0,0,0,0,0,0,0,0,0,1000,0,0,0,1000,0,1000,1000
058213,欣興群益99購01  ,0,0,0,0,0,0,0,0,0,1000,0,0,0,1000,0,1000,1000
058267,奇鋐永豐99購01  ,0,0,0,0,0,0,0,0,0,1000,0,0,0,1000,0,1000,1000
062356,國巨元大9B購10  ,0,0,0,0,0,0,0,0,0,1000,0,0,0,1000,0,1000,1000
062357,國巨元大9B購11  ,0,0,0,0,0,0,0,0,0,1000,0,0,0,15000,14000,1000,1000
062433,上銀元大9B購05  ,0,0,0,0,0,0,0,0,0,1000,0,0,0,1000,0,1000,1000
062408,致新永豐9B購01  ,0,0,0,0,0,0,0,0,0,1000,0,0,0,1000,0,1000,1000
064198,超眾群益9C購01  ,0,0,0,0,0,0,0,0,0,1000,0,0,0,46000,45000,1000,1000
064208,智邦凱基02購01  ,0,0,0,0,0,0,0,0,0,1000,0,0,0,71000,70000,1000,1000
062056,國巨統一9C購08  ,0,0,0,0,0,0,0,0,0,1000,0,0,0,1000,0,1000,1000
062411,玉晶光第一9B購01,0,0,0,0,0,0,0,0,0,1000,0,0,0,1000,0,1000,1000
062393,智邦富邦9B購01  ,0,0,0,0,0,0,0,0,0,1000,0,0,0,9000,8000,1000,1000
062203,燿華國票9C購01  ,0,0,0,0,0,0,0,0,0,1000,0,0,0,11000,10000,1000,1000
062021,康控永豐9B購01  ,0,0,0,0,0,0,0,0,0,1000,0,0,0,1000,0,1000,1000
062789,臺股指元大9B購32,0,0,0,0,0,0,0,0,0,1000,0,0,0,1000,0,1000,1000
061546,大立光群益9A購05,0,0,0,0,0,0,0,0,0,1000,0,0,0,2000,1000,1000,1000
064476,金像電國泰02購01,0,0,0,0,0,0,0,0,0,1000,0,0,0,1000,0,1000,1000
061443,大立光統一9C購02,0,0,0,0,0,0,0,0,0,1000,0,0,0,1000,0,1000,1000
065013,矽創國泰02購01  ,0,0,0,0,0,0,0,0,0,1000,0,0,0,171000,170000,1000,1000
065183,和大統一01購03  ,0,0,0,0,0,0,0,0,0,1000,0,0,0,14000,13000,1000,1000
065166,台達電元大9C購04,0,0,0,0,0,0,0,0,0,1000,0,0,0,1000,0,1000,1000
065156,可成群益01購02  ,0,0,0,0,0,0,0,0,0,1000,0,0,0,1000,0,1000,1000
065129,上銀兆豐01購01  ,0,0,0,0,0,0,0,0,0,1000,0,0,0,1000,0,1000,1000
065109,台勝科國票01購01,0,0,0,0,0,0,0,0,0,1000,0,0,0,1000,0,1000,1000
065090,大立光元大9C購24,0,0,0,0,0,0,0,0,0,1000,0,0,0,1000,0,1000,1000
061963,台積電統一01購04,0,0,0,0,0,0,0,0,0,1000,0,0,0,1000,0,1000,1000
061955,FANG+統一9B購01 ,0,0,0,0,0,0,0,0,0,1000,0,0,0,25000,24000,1000,1000
061970,大立光統一9C購03,0,0,0,0,0,0,0,0,0,1000,0,0,0,1000,0,1000,1000
064818,華新統一01購01  ,0,0,0,0,0,0,0,0,0,1000,0,0,0,1000,0,1000,1000
064866,義隆永豐9C購02  ,0,0,0,0,0,0,0,0,0,1000,0,0,0,11000,10000,1000,1000
063620,奇力新兆豐9B購01,0,0,0,0,0,0,0,0,0,1000,0,0,0,1000,0,1000,1000
063584,南六國泰01購01  ,0,0,0,0,0,0,0,0,0,1000,0,0,0,4000,3000,1000,1000
063638,華新科元大9B購14,0,0,0,0,0,0,0,0,0,1000,0,0,0,2000,1000,1000,1000
061922,瑞昱凱基9B購01  ,0,0,0,0,0,0,0,0,0,1000,0,0,0,1000,0,1000,1000
064444,聚陽統一01購02  ,0,0,0,0,0,0,0,0,0,1000,0,0,0,8000,7000,1000,1000
063520,上銀凱基9B購05  ,0,0,0,0,0,0,0,0,0,1000,0,0,0,16000,15000,1000,1000
064385,台積電富邦03購02,0,0,0,0,0,0,0,0,0,1000,0,0,0,1000,0,1000,1000
063187,全新凱基9B購02  ,0,0,0,0,0,0,0,0,0,1000,0,0,0,1000,0,1000,1000
061319,聯發科凱基9A購16,0,0,0,0,0,0,0,0,0,1000,0,0,0,1000,0,1000,1000
063808,台表科兆豐9C購01,0,0,0,0,0,0,0,0,0,1000,0,0,0,66000,65000,1000,1000
06333P,臺股指群益9C售02,0,0,0,0,0,0,0,0,0,1000,0,0,0,9000,8000,1000,1000
063304,大立光凱基01購02,0,0,0,0,0,0,0,0,0,1000,0,0,0,1000,0,1000,1000
063284,大立光元大9B購07,0,0,0,0,0,0,0,0,0,1000,0,0,0,1000,0,1000,1000
061748,華新科統一9C購02,0,0,0,0,0,0,0,0,0,1000,0,0,0,1000,0,1000,1000
062705,美食元大9B購01  ,0,0,0,0,0,0,0,0,0,1000,0,0,0,51000,50000,1000,1000
062710,盛群元大9B購01  ,0,0,0,0,0,0,0,0,0,1000,0,0,0,1000,0,1000,1000
063157,鴻海台新9B購02  ,0,0,0,0,0,0,0,0,0,1000,0,0,0,1000,0,1000,1000
064547,宏達電凱基9C購01,0,0,0,0,0,0,0,0,0,1000,0,0,0,11000,10000,1000,1000
064592,同欣電永豐9C購01,0,0,0,0,0,0,0,0,0,1000,0,0,0,2000,1000,1000,1000
063080,裕隆凱基9B購01  ,0,0,0,0,0,0,0,0,0,1000,0,0,0,26000,25000,1000,1000
063061,華新科元富9B購04,0,0,0,0,0,0,0,0,0,1000,0,0,0,1000,0,1000,1000
063218,台塑群益9B購01  ,0,0,0,0,0,0,0,0,0,1000,0,0,0,1000,0,1000,1000
062993,華新科群益9B購05,0,0,0,0,0,0,0,0,0,1000,0,0,0,14000,13000,1000,1000
062956,同欣電永豐9B購02,0,0,0,0,0,0,0,0,0,1000,0,0,0,2000,1000,1000,1000
063897,神達群益9C購01  ,0,0,0,0,0,0,0,0,0,1000,0,0,0,1000,0,1000,1000
063947,大毅元大9C購02  ,0,0,0,0,0,0,0,0,0,1000,0,0,0,2000,1000,1000,1000
064307,聚陽群益9C購03  ,0,0,0,0,0,0,0,0,0,1000,0,0,0,6000,5000,1000,1000
064308,國巨群益9C購09  ,0,0,0,0,0,0,0,0,0,1000,0,0,0,1000,0,1000,1000
064284,京鼎元大9C購01  ,0,0,0,0,0,0,0,0,0,1000,0,0,0,38000,37000,1000,1000
064028,大毅元大01購01  ,0,0,0,0,0,0,0,0,0,1000,0,0,0,1000,0,1000,1000
063733,聯發科元大9B購27,0,0,0,0,0,0,0,0,0,1000,0,0,0,1000,0,1000,1000
062561,瀚宇博凱基9B購01,0,0,0,0,0,0,0,0,0,1000,0,0,0,172000,171000,1000,1000
063772,智邦富邦9B購02  ,0,0,0,0,0,0,0,0,0,1000,0,0,0,1000,0,1000,1000
067447,台積電國票02購04,0,0,0,0,0,0,0,0,0,1000,0,0,0,1000,0,1000,1000
067550,燿華中信02購01  ,0,0,0,0,0,0,0,0,0,1000,0,0,0,1000,0,1000,1000
067679,奇鋐元大02購02  ,0,0,0,0,0,0,0,0,0,1000,0,0,0,28000,27000,1000,1000
067667,台積電元大02購05,0,0,0,0,0,0,0,0,0,1000,0,0,0,1000,0,1000,1000
068025,聯電元富02購01  ,0,0,0,0,0,0,0,0,0,1000,0,0,0,1000,0,1000,1000
067989,台積電元大01購31,0,0,0,0,0,0,0,0,0,1000,0,0,0,1000,0,1000,1000
067808,聯發科凱基01購16,0,0,0,0,0,0,0,0,0,1000,0,0,0,1000,0,1000,1000
067813,晶技凱基01購03  ,0,0,0,0,0,0,0,0,0,1000,0,0,0,1000,0,1000,1000
067158,T50反1國票02購02,0,0,0,0,0,0,0,0,0,1000,0,0,0,1000,0,1000,1000
067171,聯發科麥證01購08,0,0,0,1000,0,1000,0,0,0,1000,0,0,0,1000,0,1000,1000
067192,矽格凱基01購03  ,0,0,0,0,0,0,0,0,0,1000,0,0,0,1000,0,1000,1000
067237,國揚群益01購02  ,0,0,0,0,0,0,0,0,0,1000,0,0,0,5000,4000,1000,1000
067338,欣興凱基01購02  ,0,0,0,0,0,0,0,0,0,1000,0,0,0,1000,0,1000,1000
066733,大立光元大01購10,0,0,0,0,0,0,0,0,0,1000,0,0,0,1000,0,1000,1000
066711,臺股指群益01購03,0,0,0,0,0,0,0,0,0,1000,0,0,0,1000,0,1000,1000
066754,南電國泰02購01  ,0,0,0,0,0,0,0,0,0,1000,0,0,0,1000,0,1000,1000
067018,FB上証中信02購01,0,0,0,0,0,0,0,0,0,1000,0,0,0,1000,0,1000,1000
066998,訊芯國泰03購01  ,0,0,0,0,0,0,0,0,0,1000,0,0,0,11000,10000,1000,1000
066905,台積電凱基03購03,0,0,0,0,0,0,0,0,0,1000,0,0,0,1000,0,1000,1000
066962,致新元大01購02  ,0,0,0,0,0,0,0,0,0,1000,0,0,0,1000,0,1000,1000
066967,台積電元富07購03,0,0,0,0,0,0,0,0,0,1000,0,0,0,1000,0,1000,1000
066497,大立光國泰03購02,0,0,0,0,0,0,0,0,0,1000,0,0,0,1000,0,1000,1000
066518,惠特永豐01購02  ,0,0,0,0,0,0,0,0,0,1000,0,0,0,1000,0,1000,1000
066601,上証2X富邦02購01,0,0,0,0,0,0,0,0,0,1000,0,0,0,2000,1000,1000,1000
066566,康控元大01購01  ,0,0,0,0,0,0,0,0,0,1000,0,0,0,1000,0,1000,1000
066557,京鼎元大01購01  ,0,0,0,0,0,0,0,0,0,1000,0,0,0,11000,10000,1000,1000
066181,泰鼎凱基01購01  ,0,0,0,0,0,0,0,0,0,1000,0,0,0,8000,7000,1000,1000
066254,南帝元大01購01  ,0,0,0,0,0,0,0,0,0,1000,0,0,0,11000,10000,1000,1000
065715,勤誠群益9C購01  ,0,0,0,0,0,0,0,0,0,1000,0,0,0,1000,0,1000,1000
065634,聯發科國票9C購06,0,0,0,0,0,0,0,0,0,1000,0,0,0,1000,0,1000,1000
065632,正崴國票01購01  ,0,0,0,0,0,0,0,0,0,1000,0,0,0,30000,29000,1000,1000
065538,健鼎統一9C購01  ,0,0,0,0,0,0,0,0,0,1000,0,0,0,1000,0,1000,1000
065504,宏達電永豐9C購01,0,0,0,0,0,0,0,0,0,1000,0,0,0,22000,21000,1000,1000
065290,奇鋐群益9C購01  ,0,0,0,0,0,0,0,0,0,1000,0,0,0,1000,0,1000,1000
065370,瑞昱元大9C購02  ,0,0,0,0,0,0,0,0,0,1000,0,0,0,1000,0,1000,1000
065378,嘉澤元大01購01  ,0,0,0,0,0,0,0,0,0,1000,0,0,0,4000,3000,1000,1000
065427,台積電凱基02購04,0,0,0,0,0,0,0,0,0,1000,0,0,0,1000,0,1000,1000
1776,展宇            ,1000,0,1000,0,0,0,0,0,0,0,0,0,0,0,0,0,1000
1470,大統新創        ,1000,0,1000,0,0,0,0,0,0,0,0,0,0,0,0,0,1000
1446,宏和            ,6000,5000,1000,0,0,0,0,0,0,0,0,0,0,0,0,0,1000
1410,南染            ,3000,2000,1000,0,0,0,0,0,0,0,0,0,0,0,0,0,1000
1321,大洋            ,64000,64000,0,0,0,0,0,0,0,1000,1000,0,1000,0,0,0,1000
1235,興泰            ,1000,0,1000,0,0,0,0,0,0,0,0,0,0,0,0,0,1000
08728P,緯穎群益01售01  ,0,0,0,0,0,0,0,0,0,1000,0,0,0,4000,3000,1000,1000
08679P,台灣50元大01售15,0,0,0,0,0,0,0,0,0,1000,0,0,0,1000,0,1000,1000
08939P,緯穎元大01售06  ,0,0,0,0,0,0,0,0,0,1000,0,0,0,1000,0,1000,1000
1101B,台泥乙特        ,0,0,0,0,0,0,0,0,0,1000,1000,0,1000,0,0,0,1000
08913P,臺股指凱基01售04,0,0,0,0,0,0,0,0,0,1000,0,0,0,6000,5000,1000,1000
4581,光隆精密-KY     ,3000,2000,1000,0,0,0,0,0,0,0,0,0,0,0,0,0,1000
3701,大眾控          ,1000,0,1000,0,0,0,0,0,0,0,0,0,0,0,0,0,1000
5284,jpp-KY          ,3000,2000,1000,0,0,0,0,0,0,0,0,0,0,0,0,0,1000
6131,鈞泰            ,1000,0,1000,0,0,0,0,0,0,0,0,0,0,0,0,0,1000
4764,雙鍵            ,1000,0,1000,0,0,0,0,0,0,0,0,0,0,0,0,0,1000
8114,振樺電          ,8000,7000,1000,0,0,0,0,0,0,0,1000,1000,0,0,0,0,1000
8367,建新國際        ,5000,4000,1000,0,0,0,0,0,0,0,0,0,0,0,0,0,1000
6625,必應            ,1000,0,1000,0,0,0,0,0,0,0,0,0,0,0,0,0,1000
6674,鋐寶科技        ,5000,5000,0,0,0,0,0,0,0,1000,1000,0,1000,0,0,0,1000
2901,欣欣            ,3000,1000,2000,0,0,0,0,0,0,-1000,0,1000,-1000,0,0,0,1000
2882B,國泰金乙特      ,0,0,0,0,0,0,0,0,0,1000,1000,0,1000,0,0,0,1000
2701,萬企            ,1000,0,1000,0,0,0,0,0,0,0,0,0,0,0,0,0,1000
2712,遠雄來          ,1000,0,1000,0,0,0,0,0,0,0,0,0,0,0,0,0,1000
008201,BP上證50        ,0,0,0,0,0,0,0,0,0,100,0,0,0,100,0,100,100
068437,宏達電凱基01購03,0,0,0,0,0,0,0,0,0,0,0,0,0,14000,14000,0,0
068452,台積電國票03購02,0,0,0,0,0,0,0,0,0,0,0,0,0,2000,2000,0,0
068495,新光金元大04購01,0,0,0,0,0,0,0,0,0,0,0,0,0,30000,30000,0,0
068534,台達電中信03購01,0,0,0,0,0,0,0,0,0,0,0,0,0,25000,25000,0,0
068616,日月光國票03購01,0,0,0,0,0,0,0,0,0,0,0,0,0,16000,16000,0,0
068642,帆宣凱基03購01  ,0,0,0,0,0,0,0,0,0,0,0,0,0,20000,20000,0,0
068660,欣興元大02購02  ,0,0,0,0,0,0,0,0,0,0,0,0,0,6000,6000,0,0
068728,宏達電元大02購03,0,0,0,0,0,0,0,0,0,0,0,0,0,17000,17000,0,0
068210,嘉聯益凱基01購01,0,0,0,0,0,0,0,0,0,0,0,0,0,40000,40000,0,0
068200,亞光凱基01購01  ,0,0,0,0,0,0,0,0,0,0,0,0,0,54000,54000,0,0
068201,玉晶光凱基02購07,0,0,0,0,0,0,0,0,0,0,0,0,0,69000,69000,0,0
068188,T50反1凱基04購02,0,0,0,0,0,0,0,0,0,0,0,0,0,220000,220000,0,0
068320,國巨元大01購17  ,0,0,0,0,0,0,0,0,0,0,0,0,0,5000,5000,0,0
069239,聯電凱基02購02  ,0,0,0,0,0,0,0,0,0,0,0,0,0,1000,1000,0,0
069221,國巨群益02購04  ,0,0,0,0,0,0,0,0,0,0,0,0,0,5000,5000,0,0
069194,玉晶光統一02購03,0,0,0,0,0,0,0,0,0,0,0,0,0,2000,2000,0,0
069185,華擎麥證02購01  ,0,0,0,101000,0,101000,0,0,0,0,0,0,0,101000,101000,0,0
069203,華邦電元大02購01,0,0,0,0,0,0,0,0,0,0,0,0,0,20000,20000,0,0
069104,南電統一04購01  ,0,0,0,0,0,0,0,0,0,0,0,0,0,10000,10000,0,0
069398,聯電統一02購05  ,0,0,0,0,0,0,0,0,0,0,0,0,0,1000,1000,0,0
069402,聯電統一04購02  ,0,0,0,0,0,0,0,0,0,0,0,0,0,5000,5000,0,0
069407,台積電統一04購09,0,0,0,0,0,0,0,0,0,0,0,0,0,29000,29000,0,0
069428,A50正2群益03購02,0,0,0,0,0,0,0,0,0,0,0,0,0,25000,25000,0,0
069394,臺股指元大03購09,0,0,0,0,0,0,0,0,0,0,0,0,0,220000,220000,0,0
069340,大毅群益02購02  ,0,0,0,0,0,0,0,0,0,0,0,0,0,30000,30000,0,0
069288,玉晶光國泰08購01,0,0,0,0,0,0,0,0,0,0,0,0,0,21000,21000,0,0
068940,國巨日盛02購01  ,0,0,0,0,0,0,0,0,0,0,0,0,0,5000,5000,0,0
068951,華邦電凱基02購01,0,0,0,0,0,0,0,0,0,0,0,0,0,20000,20000,0,0
068998,儒鴻兆豐03購01  ,0,0,0,0,0,0,0,0,0,0,0,0,0,26000,26000,0,0
068886,群創統一02購04  ,0,0,0,0,0,0,0,0,0,0,0,0,0,5000,5000,0,0
068847,台積電統一06購01,0,0,0,0,0,0,0,0,0,0,0,0,0,4000,4000,0,0
068839,康控永豐02購01  ,0,0,0,0,0,0,0,0,0,0,0,0,0,10000,10000,0,0
068826,群創元大05購01  ,0,0,0,0,0,0,0,0,0,0,0,0,0,5000,5000,0,0
068787,國巨凱基02購09  ,0,0,0,0,0,0,0,0,0,0,0,0,0,12000,12000,0,0
069788,國巨凱基04購06  ,0,0,0,0,0,0,0,0,0,0,0,0,0,5000,5000,0,0
069784,群創麥證02購01  ,0,0,0,0,5000,-5000,0,0,0,0,0,0,0,5000,5000,0,0
069824,百和統一04購01  ,0,0,0,0,0,0,0,0,0,0,0,0,0,27000,27000,0,0
069943,瑞儀元富02購01  ,0,0,0,0,0,0,0,0,0,0,0,0,0,50000,50000,0,0
069914,南港凱基02購01  ,0,0,0,0,0,0,0,0,0,0,0,0,0,2000,2000,0,0
069917,華碩凱基03購01  ,0,0,0,0,0,0,0,0,0,0,0,0,0,4000,4000,0,0
069894,台積電元大02購33,0,0,0,0,0,0,0,0,0,0,0,0,0,3000,3000,0,0
069895,台積電元大02購34,0,0,0,0,0,0,0,0,0,0,0,0,0,5000,5000,0,0
069892,台達電元大02購04,0,0,0,0,0,0,0,0,0,0,0,0,0,67000,67000,0,0
069908,TPK元大02購04   ,0,0,0,0,0,0,0,0,0,0,0,0,0,2000,2000,0,0
069866,南港群益02購01  ,0,0,0,0,0,0,0,0,0,0,0,0,0,1000,1000,0,0
069868,台積電群益03購03,0,0,0,0,0,0,0,0,0,0,0,0,0,11000,11000,0,0
07466P,亞德客元大9A售02,0,0,0,0,0,0,0,0,0,0,0,0,0,10000,10000,0,0
070030,和碩國票03購01  ,0,0,0,0,0,0,0,0,0,0,0,0,0,12000,12000,0,0
069972,宏碁康和02購01  ,0,0,0,0,0,0,0,0,0,0,0,0,0,1000,1000,0,0
069653,可成凱基02購04  ,0,0,0,0,0,0,0,0,0,0,0,0,0,100000,100000,0,0
069695,國巨元富08購03  ,0,0,0,0,0,0,0,0,0,0,0,0,0,5000,5000,0,0
069684,新光金元大04購02,0,0,0,0,0,0,0,0,0,0,0,0,0,140000,140000,0,0
069754,儒鴻兆豐03購02  ,0,0,0,0,0,0,0,0,0,0,0,0,0,30000,30000,0,0
069726,群創群益02購03  ,0,0,0,0,0,0,0,0,0,0,0,0,0,5000,5000,0,0
069557,燿華日盛02購01  ,0,0,0,0,0,0,0,0,0,0,0,0,0,15000,15000,0,0
069550,義隆元大02購03  ,0,0,0,0,0,0,0,0,0,0,0,0,0,15000,15000,0,0
069454,聯電麥證02購01  ,0,0,0,6000,0,6000,0,0,0,0,0,0,0,6000,6000,0,0
069468,玉晶光國票02購08,0,0,0,0,0,0,0,0,0,0,0,0,0,19000,19000,0,0
069522,GIS凱基03購01   ,0,0,0,0,0,0,0,0,0,0,0,0,0,1000,1000,0,0
069524,矽創凱基02購01  ,0,0,0,0,0,0,0,0,0,0,0,0,0,20000,20000,0,0
069512,金像電凱基03購01,0,0,0,0,0,0,0,0,0,0,0,0,0,16000,16000,0,0
07766P,美律群益9A售03  ,0,0,0,0,0,0,0,0,0,0,0,0,0,100000,100000,0,0
07668P,旺宏元大9A售10  ,0,0,0,0,0,0,0,0,0,0,0,0,0,100000,100000,0,0
07652P,臺股指中信9A售07,0,0,0,0,0,0,0,0,0,0,0,0,0,20000,20000,0,0
07874P,長榮航群益9B售01,0,0,0,0,0,0,0,0,0,0,0,0,0,100000,100000,0,0
07913P,友達元大01售01  ,20000,0,20000,0,0,0,0,0,0,-20000,0,0,0,0,20000,-20000,0
08042P,臺股指群益9B售15,0,0,0,0,0,0,0,0,0,0,0,0,0,60000,60000,0,0
08019P,緯穎國票9B售02  ,0,0,0,0,0,0,0,0,0,0,0,0,0,9000,9000,0,0
08148P,長榮航群益9B售03,0,0,0,0,0,0,0,0,0,0,0,0,0,100000,100000,0,0
08455P,台積電凱基9C售05,0,0,0,0,0,0,0,0,0,0,0,0,0,20000,20000,0,0
08493P,嘉澤元大9C售01  ,0,0,0,0,0,0,0,0,0,0,0,0,0,200000,200000,0,0
08507P,臺股指國票9C售08,0,0,0,0,0,0,0,0,0,0,0,0,0,5000,5000,0,0
08364P,聯發科凱基02售02,0,0,0,0,0,0,0,0,0,0,0,0,0,2000,2000,0,0
00774B,新光中國政金綠債,0,0,0,0,0,0,0,0,0,0,0,0,0,2000,2000,0,0
00775B,新光投等債15+   ,0,0,0,0,0,0,0,0,0,0,0,0,0,2000,2000,0,0
00865B,國泰US短期公債  ,0,0,0,0,0,0,0,0,0,0,0,0,0,100000,100000,0,0
020006,永昌中小300N    ,0,0,0,0,0,0,0,0,0,0,0,0,0,20000,20000,0,0
020011,統一微波高息20N ,0,0,0,0,0,0,0,0,0,0,0,0,0,33000,33000,0,0
00732,國泰RMB短期報酬 ,0,0,0,0,0,0,0,0,0,0,0,0,0,100000,100000,0,0
00707R,元大S&P日圓反1  ,0,0,0,0,0,0,0,0,0,0,0,0,0,1000,1000,0,0
00691R,兆豐藍籌30反1   ,0,0,0,0,0,0,0,0,0,0,0,0,0,400000,400000,0,0
00700,富邦恒生國企    ,0,0,0,0,0,0,0,0,0,0,0,0,0,100000,100000,0,0
00668K,國泰美國道瓊+U  ,0,0,0,0,0,0,0,0,0,0,0,0,0,100,100,0,0
00657K,國泰日經225+U   ,0,0,0,0,0,0,0,0,0,0,0,0,0,100,100,0,0
00660,元大歐洲50      ,0,0,0,0,0,0,0,0,0,0,0,0,0,1000,1000,0,0
00625K,富邦上証+R      ,0,0,0,0,0,0,0,0,0,0,0,0,0,50000,50000,0,0
00651R,FH香港反1       ,6000,0,6000,0,0,0,0,0,0,-6000,0,0,0,72000,78000,-6000,0
00636K,國泰中國A50+U   ,0,0,0,0,0,0,0,0,0,0,0,0,0,400,400,0,0
03273P,台積電元富08售03,0,0,0,0,0,0,0,0,0,0,0,0,0,7000,7000,0,0
03314P,台積電元大02售16,0,0,0,0,0,0,0,0,0,0,0,0,0,550000,550000,0,0
03185P,台積電元大01售49,0,0,0,0,0,0,0,0,0,0,0,0,0,650000,650000,0,0
03167P,友達元富07售02  ,0,0,0,0,0,0,0,0,0,0,0,0,0,60000,60000,0,0
03208P,國巨中信02售02  ,0,0,0,0,0,0,0,0,0,0,0,0,0,10000,10000,0,0
056264,聯發科統一98購02,0,0,0,0,0,0,0,0,0,0,0,0,0,130000,130000,0,0
03121P,聯電元大01售04  ,0,0,0,0,0,0,0,0,0,0,0,0,0,10000,10000,0,0
056746,超眾凱基99購01  ,0,0,0,0,0,0,0,0,0,0,0,0,0,10000,10000,0,0
056771,嘉晶元大99購01  ,0,0,0,0,0,0,0,0,0,0,0,0,0,1000,1000,0,0
056907,群創元大9C購04  ,0,0,0,0,0,0,0,0,0,0,0,0,0,5000,5000,0,0
056490,台積電國泰99購01,0,0,0,0,0,0,0,0,0,0,0,0,0,98000,98000,0,0
057101,新光金中信9A購01,0,0,0,0,0,0,0,0,0,0,0,0,0,78000,78000,0,0
057051,群創元大9B購03  ,0,0,0,0,0,0,0,0,0,0,0,0,0,5000,5000,0,0
057020,台積電凱基99購02,0,0,0,0,0,0,0,0,0,0,0,0,0,1000,1000,0,0
03344P,台積電元富08售15,0,0,0,0,0,0,0,0,0,0,0,0,0,7000,7000,0,0
060604,宏達電凱基9B購01,0,0,0,0,0,0,0,0,0,0,0,0,0,17000,17000,0,0
058865,群創凱基01購01  ,0,0,0,0,0,0,0,0,0,0,0,0,0,5000,5000,0,0
061012,國巨麥證9A購03  ,0,0,0,0,5000,-5000,0,0,0,0,0,0,0,5000,5000,0,0
060959,金像電凱基9A購01,0,0,0,0,0,0,0,0,0,0,0,0,0,60000,60000,0,0
057554,新日興凱基99購02,0,0,0,0,0,0,0,0,0,0,0,0,0,50000,50000,0,0
057437,可成國票99購01  ,0,0,0,0,0,0,0,0,0,0,0,0,0,40000,40000,0,0
03372P,台積電元大02售25,0,0,0,0,0,0,0,0,0,0,0,0,0,550000,550000,0,0
03377P,南電元大02售06  ,0,0,0,0,0,0,0,0,0,0,0,0,0,104000,104000,0,0
058713,國巨統一9B購02  ,0,0,0,0,0,0,0,0,0,0,0,0,0,10000,10000,0,0
058732,矽格永豐99購01  ,0,0,0,0,0,0,0,0,0,0,0,0,0,25000,25000,0,0
055092,開發金群益9B購01,0,0,0,0,0,0,0,0,0,0,0,0,0,100000,100000,0,0
055596,新光金元大9B購02,0,0,0,0,0,0,0,0,0,0,0,0,0,560000,560000,0,0
055662,上銀中信99購01  ,0,0,0,0,0,0,0,0,0,0,0,0,0,103000,103000,0,0
054451,上銀亞東98購01  ,0,0,0,0,0,0,0,0,0,0,0,0,0,140000,140000,0,0
054763,宏達電國票99購01,0,20000,-20000,0,0,0,0,0,0,20000,0,0,0,20000,0,20000,0
047564,滬深2X國票99購01,0,0,0,0,0,0,0,0,0,0,0,0,0,20000,20000,0,0
049695,新光金元大9A購01,0,0,0,0,0,0,0,0,0,0,0,0,0,610000,610000,0,0
052542,友達元富98購01  ,0,0,0,0,0,0,0,0,0,0,0,0,0,2000,2000,0,0
052112,滬深2X中信99購01,0,0,0,0,0,0,0,0,0,0,0,0,0,30000,30000,0,0
053371,滬深2X元大99購01,0,0,0,0,0,0,0,0,0,0,0,0,0,100000,100000,0,0
054072,台積電富邦98購02,0,0,0,0,0,0,0,0,0,0,0,0,0,295000,295000,0,0
054312,TPK凱基98購01   ,0,10000,-10000,0,0,0,0,0,0,10000,0,0,0,10000,0,10000,0
046949,群創元大99購01  ,0,0,0,0,0,0,0,0,0,0,0,0,0,10000,10000,0,0
046629,群創統一98購01  ,0,0,0,0,0,0,0,0,0,0,0,0,0,12000,12000,0,0
03425P,台灣50元大03售04,0,0,0,0,0,0,0,0,0,0,0,0,0,10000,10000,0,0
057374,禾伸堂元大99購03,0,0,0,0,0,0,0,0,0,0,0,0,0,19000,19000,0,0
057327,玉晶光群益9A購04,0,0,0,0,0,0,0,0,0,0,0,0,0,2000,2000,0,0
058114,台積電第一01購01,0,0,0,0,0,0,0,0,0,0,0,0,0,39000,39000,0,0
058128,FBVIX元大9C購02 ,0,0,0,0,0,0,0,0,0,0,0,0,0,30000,30000,0,0
058131,義隆元大99購02  ,0,0,0,0,0,0,0,0,0,0,0,0,0,100000,100000,0,0
060544,國巨凱基9B購03  ,0,0,0,0,0,0,0,0,0,0,0,0,0,5000,5000,0,0
057580,玉山金中信9A購01,0,0,0,0,0,0,0,0,0,0,0,0,0,14000,14000,0,0
059660,華新科元大9A購04,0,0,0,0,0,0,0,0,0,0,0,0,0,1000,1000,0,0
059640,聯詠凱基99購04  ,0,0,0,0,0,0,0,0,0,0,0,0,0,10000,10000,0,0
059641,群創凱基99購06  ,0,0,0,0,0,0,0,0,0,0,0,0,0,10000,10000,0,0
060899,超眾凱基9A購01  ,0,0,0,0,0,0,0,0,0,0,0,0,0,7000,7000,0,0
060912,華新科元大9A購10,0,0,0,0,0,0,0,0,0,0,0,0,0,200000,200000,0,0
060926,宏達電永豐9A購01,0,0,0,0,0,0,0,0,0,0,0,0,0,8000,8000,0,0
059726,華新科元大99購18,0,0,0,0,0,0,0,0,0,0,0,0,0,3000,3000,0,0
059761,國巨永豐99購06  ,0,0,0,0,0,0,0,0,0,0,0,0,0,5000,5000,0,0
060861,漢唐永豐9A購01  ,0,0,0,0,0,0,0,0,0,0,0,0,0,26000,26000,0,0
060841,宏達電國票9B購01,0,0,0,0,0,0,0,0,0,0,0,0,0,26000,26000,0,0
064041,國巨統一01購07  ,0,0,0,0,0,0,0,0,0,0,0,0,0,5000,5000,0,0
064083,群創中信06購01  ,0,0,0,0,0,0,0,0,0,0,0,0,0,5000,5000,0,0
059466,國巨元大99購26  ,0,0,0,0,0,0,0,0,0,0,0,0,0,3000,3000,0,0
059469,智邦元大99購03  ,0,0,0,0,0,0,0,0,0,0,0,0,0,7000,7000,0,0
059427,國巨元大99購24  ,0,0,0,0,0,0,0,0,0,0,0,0,0,3000,3000,0,0
059428,國巨元大99購25  ,0,0,0,0,0,0,0,0,0,0,0,0,0,1000,1000,0,0
059988,大立光元大9A購02,0,0,0,0,0,0,0,0,0,0,0,0,0,1000,1000,0,0
060247,牧德元大9A購02  ,0,0,0,0,0,0,0,0,0,0,0,0,0,10000,10000,0,0
060296,和碩元大9A購01  ,0,0,0,0,0,0,0,0,0,0,0,0,0,5000,5000,0,0
060264,華新科國票9A購02,0,0,0,0,0,0,0,0,0,0,0,0,0,2000,2000,0,0
060217,國巨凱基9A購10  ,0,0,0,0,0,0,0,0,0,0,0,0,0,6000,6000,0,0
058367,大立光凱基9A購01,0,0,0,0,0,0,0,0,0,0,0,0,0,10000,10000,0,0
059912,國巨元大99購28  ,0,0,0,0,0,0,0,0,0,0,0,0,0,7000,7000,0,0
058428,大立光元富99購02,0,0,0,0,0,0,0,0,0,0,0,0,0,10000,10000,0,0
058375,群創凱基9B購04  ,0,0,0,0,0,0,0,0,0,0,0,0,0,16000,16000,0,0
059887,華新科國票99購02,0,0,0,0,0,0,0,0,0,0,0,0,0,3000,3000,0,0
059788,華新科元大9A購05,0,0,0,0,0,0,0,0,0,0,0,0,0,2000,2000,0,0
060763,聯鈞元大9A購03  ,0,0,0,0,0,0,0,0,0,0,0,0,0,1000,1000,0,0
060769,國巨麥證9A購02  ,0,0,0,0,5000,-5000,0,0,0,0,0,0,0,5000,5000,0,0
060770,宏達電麥證9A購01,0,0,0,19000,0,19000,0,0,0,0,0,0,0,19000,19000,0,0
060805,國巨群益9A購06  ,0,0,0,0,0,0,0,0,0,0,0,0,0,5000,5000,0,0
061193,玉晶光永豐9B購02,0,0,0,0,0,0,0,0,0,0,0,0,0,1000,1000,0,0
061195,健策永豐9B購02  ,0,0,0,0,0,0,0,0,0,0,0,0,0,5000,5000,0,0
061213,群創元大9A購05  ,0,0,0,0,0,0,0,0,0,0,0,0,0,5000,5000,0,0
061105,宏達電元大9A購04,0,0,0,0,0,0,0,0,0,0,0,0,0,11000,11000,0,0
061126,京元電永豐9A購02,0,0,0,0,0,0,0,0,0,0,0,0,0,10000,10000,0,0
060709,緯穎富邦9B購01  ,0,0,0,0,0,0,0,0,0,0,0,0,0,20000,20000,0,0
060741,滬深2X國票9A購05,0,0,0,0,0,0,0,0,0,0,0,0,0,5000,5000,0,0
060721,瑞儀永豐9A購01  ,0,0,0,0,0,0,0,0,0,0,0,0,0,17000,17000,0,0
060723,致新永豐9A購01  ,0,0,0,0,0,0,0,0,0,0,0,0,0,10000,10000,0,0
059188,京元電富邦9B購01,0,0,0,0,0,0,0,0,0,0,0,0,0,33000,33000,0,0
059162,國巨凱基99購12  ,0,0,0,0,0,0,0,0,0,0,0,0,0,66000,66000,0,0
063791,玉晶光台新9C購01,0,0,0,0,0,0,0,0,0,0,0,0,0,10000,10000,0,0
064544,國巨凱基9C購09  ,0,0,0,0,0,0,0,0,0,0,0,0,0,11000,11000,0,0
062635,創意國票9B購01  ,0,0,0,0,0,0,0,0,0,0,0,0,0,3000,3000,0,0
062598,華通台新9B購02  ,0,0,0,0,0,0,0,0,0,0,0,0,0,5000,5000,0,0
063740,矽格元大9B購03  ,0,0,0,0,0,0,0,0,0,0,0,0,0,3000,3000,0,0
063717,宏達電兆豐9B購02,0,0,0,0,0,0,0,0,0,0,0,0,0,6000,6000,0,0
064010,GIS凱基02購01   ,0,0,0,0,0,0,0,0,0,0,0,0,0,68000,68000,0,0
064027,義隆元大9C購01  ,0,0,0,0,0,0,0,0,0,0,0,0,0,10000,10000,0,0
064306,和潤兆豐01購01  ,0,0,0,0,0,0,0,0,0,0,0,0,0,15000,15000,0,0
064122,國巨元大9C購17  ,0,0,0,0,0,0,0,0,0,0,0,0,0,5000,5000,0,0
063965,漢唐國票01購01  ,0,0,0,0,0,0,0,0,0,0,0,0,0,3000,3000,0,0
063910,漢唐凱基9C購01  ,0,0,0,0,0,0,0,0,0,0,0,0,0,17000,17000,0,0
063917,南六凱基02購01  ,0,0,0,0,0,0,0,0,0,0,0,0,0,76000,76000,0,0
063869,玉晶光永豐9C購01,0,0,0,0,0,0,0,0,0,0,0,0,0,1000,1000,0,0
062950,貿聯富邦01購01  ,0,0,0,0,0,0,0,0,0,0,0,0,0,10000,10000,0,0
063009,國巨元大9B購18  ,0,0,0,0,0,0,0,0,0,0,0,0,0,5000,5000,0,0
062968,仁寶元富9B購01  ,0,0,0,0,0,0,0,0,0,0,0,0,0,100000,100000,0,0
063222,群創群益9B購03  ,0,0,0,0,0,0,0,0,0,0,0,0,0,5000,5000,0,0
063106,台表科群益9B購03,0,0,0,0,0,0,0,0,0,0,0,0,0,20000,20000,0,0
063459,華通元大9B購08  ,0,0,0,0,0,0,0,0,0,0,0,0,0,1000,1000,0,0
064694,玉晶光群益02購02,0,0,0,0,0,0,0,0,0,0,0,0,0,17000,17000,0,0
063485,巨大元大9B購04  ,0,0,0,0,0,0,0,0,0,0,0,0,0,1000,1000,0,0
064673,南茂元大9C購01  ,0,0,0,0,0,0,0,0,0,0,0,0,0,35000,35000,0,0
062719,微星凱基9B購01  ,0,0,0,0,0,0,0,0,0,0,0,0,0,10000,10000,0,0
061787,華新科群益9C購01,0,0,0,0,0,0,0,0,0,0,0,0,0,1000,1000,0,0
061789,群創群益9B購01  ,0,0,0,0,0,0,0,0,0,0,0,0,0,5000,5000,0,0
062645,國巨國泰9B購08  ,0,0,0,0,0,0,0,0,0,0,0,0,0,152000,152000,0,0
061705,健策國票9A購06  ,0,0,0,0,0,0,0,0,0,0,0,0,0,5000,5000,0,0
061725,國巨麥證9A購05  ,0,0,0,0,5000,-5000,0,0,0,0,0,0,0,5000,5000,0,0
063302,國巨凱基9C購05  ,0,0,0,0,0,0,0,0,0,0,0,0,0,5000,5000,0,0
063233,國巨元大9B購19  ,0,0,0,0,0,0,0,0,0,0,0,0,0,5000,5000,0,0
063332,矽格國票9B購01  ,0,0,0,0,0,0,0,0,0,0,0,0,0,2000,2000,0,0
063327,燿華國票9C購02  ,0,0,0,0,0,0,0,0,0,0,0,0,0,10000,10000,0,0
063329,健策國票9C購01  ,0,0,0,0,0,0,0,0,0,0,0,0,0,2000,2000,0,0
064337,大毅元大01購02  ,0,0,0,0,0,0,0,0,0,0,0,0,0,100000,100000,0,0
064373,和大元富03購01  ,0,0,0,0,0,0,0,0,0,0,0,0,0,205000,205000,0,0
064341,聯詠元大9C購01  ,0,0,0,0,0,0,0,0,0,0,0,0,0,36000,36000,0,0
063842,國巨元大9C購10  ,0,0,0,0,0,0,0,0,0,0,0,0,0,5000,5000,0,0
061335,國巨元大9A購19  ,0,0,0,0,0,0,0,0,0,0,0,0,0,5000,5000,0,0
061246,玉晶光群益9A購08,0,0,0,0,0,0,0,0,0,0,0,0,0,2000,2000,0,0
063185,聯發科凱基9C購03,0,0,0,0,0,0,0,0,0,0,0,0,0,1000,1000,0,0
063686,國巨永豐9B購04  ,0,0,0,0,0,0,0,0,0,0,0,0,0,5000,5000,0,0
063649,南六元大9C購02  ,0,0,0,0,0,0,0,0,0,0,0,0,0,1000,1000,0,0
063517,遠東新凱基01購01,0,0,0,0,0,0,0,0,0,0,0,0,0,24000,24000,0,0
063643,臻鼎元大9B購03  ,0,0,0,0,0,0,0,0,0,0,0,0,0,50000,50000,0,0
063586,燿華永豐9B購02  ,0,0,0,0,0,0,0,0,0,0,0,0,0,1000,1000,0,0
063608,力成凱基9B購03  ,0,0,0,0,0,0,0,0,0,0,0,0,0,10000,10000,0,0
064669,健策元大01購03  ,0,0,0,0,0,0,0,0,0,0,0,0,0,7000,7000,0,0
064894,漢唐群益9C購02  ,0,0,0,0,0,0,0,0,0,0,0,0,0,29000,29000,0,0
064808,國產元大9C購02  ,0,0,0,0,0,0,0,0,0,0,0,0,0,20000,20000,0,0
064766,矽創凱基9C購01  ,0,0,0,0,0,0,0,0,0,0,0,0,0,20000,20000,0,0
064744,創意國票01購02  ,0,0,0,0,0,0,0,0,0,0,0,0,0,2000,2000,0,0
064753,英業達凱基9C購01,0,0,0,0,0,0,0,0,0,0,0,0,0,68000,68000,0,0
065140,國巨凱基01購02  ,0,0,0,0,0,0,0,0,0,0,0,0,0,18000,18000,0,0
065171,燿華元大9C購04  ,0,0,0,0,0,0,0,0,0,0,0,0,0,10000,10000,0,0
065161,矽格群益9C購01  ,0,0,0,0,0,0,0,0,0,0,0,0,0,14000,14000,0,0
065204,神隆國票01購01  ,0,0,0,0,0,0,0,0,0,0,0,0,0,7000,7000,0,0
065283,台積電群益01購01,0,0,0,0,0,0,0,0,0,0,0,0,0,2000,2000,0,0
065243,聯發科兆豐01購03,0,0,0,0,0,0,0,0,0,0,0,0,0,100000,100000,0,0
065251,宏達電國泰02購01,0,0,0,0,0,0,0,0,0,0,0,0,0,19000,19000,0,0
065235,旭富凱基02購01  ,0,0,0,0,0,0,0,0,0,0,0,0,0,10000,10000,0,0
065007,群創國票01購01  ,0,0,0,0,0,0,0,0,0,0,0,0,0,11000,11000,0,0
065045,信邦凱基9C購01  ,0,0,0,0,0,0,0,0,0,0,0,0,0,10000,10000,0,0
065047,群創凱基9C購01  ,0,0,0,0,0,0,0,0,0,0,0,0,0,5000,5000,0,0
064952,國泰金凱基9C購01,0,0,0,0,0,0,0,0,0,0,0,0,0,69000,69000,0,0
064979,華擎元大9C購04  ,0,0,0,0,0,0,0,0,0,0,0,0,0,33000,33000,0,0
064964,T50反1元大9C購10,0,0,0,0,0,0,0,0,0,0,0,0,0,35000,35000,0,0
061446,鴻海中信04購01  ,0,0,0,0,0,0,0,0,0,0,0,0,0,1000,1000,0,0
061425,華新科元大9A購19,0,0,0,0,0,0,0,0,0,0,0,0,0,1000,1000,0,0
061457,TPK凱基9A購01   ,0,0,0,0,0,0,0,0,0,0,0,0,0,10000,10000,0,0
061419,國巨元大9A購21  ,0,0,0,0,0,0,0,0,0,0,0,0,0,5000,5000,0,0
061482,健策元大9C購01  ,0,0,0,0,0,0,0,0,0,0,0,0,0,22000,22000,0,0
061512,國巨永豐9A購04  ,0,0,0,0,0,0,0,0,0,0,0,0,0,5000,5000,0,0
061525,華新科凱基9A購13,0,0,0,0,0,0,0,0,0,0,0,0,0,1000,1000,0,0
064458,玉晶光統一01購09,0,0,0,0,0,0,0,0,0,0,0,0,0,1000,1000,0,0
061563,群創國票9B購02  ,0,0,0,0,0,0,0,0,0,0,0,0,0,5000,5000,0,0
064503,日電貿元大9C購01,0,0,0,0,0,0,0,0,0,0,0,0,0,39000,39000,0,0
064507,臻鼎元大9C購02  ,0,0,0,0,0,0,0,0,0,0,0,0,0,9000,9000,0,0
062778,國巨元大9B購17  ,0,0,0,0,0,0,0,0,0,0,0,0,0,26000,26000,0,0
062802,宏達電統一9B購01,0,0,0,0,0,0,0,0,0,0,0,0,0,2000,2000,0,0
062818,大立光兆豐9C購01,0,0,0,0,0,0,0,0,0,0,0,0,0,10000,10000,0,0
061833,華新科凱基02購01,0,0,0,0,0,0,0,0,0,0,0,0,0,30000,30000,0,0
061838,華新科凱基05購03,0,0,0,0,0,0,0,0,0,0,0,0,0,100000,100000,0,0
061871,瑞昱元大9B購01  ,0,0,0,0,0,0,0,0,0,0,0,0,0,10000,10000,0,0
062758,國巨凱基9B購09  ,0,0,0,0,0,0,0,0,0,0,0,0,0,5000,5000,0,0
062197,聯發科中信01購03,0,0,0,0,0,0,0,0,0,0,0,0,0,10000,10000,0,0
062141,遠東新國票9B購01,0,0,0,0,0,0,0,0,0,0,0,0,0,46000,46000,0,0
064226,TPK國票01購01   ,0,0,0,0,0,0,0,0,0,0,0,0,0,3000,3000,0,0
062270,上銀群益9B購03  ,0,0,0,0,0,0,0,0,0,0,0,0,0,1000,1000,0,0
062435,國巨元大9B購13  ,0,0,0,0,0,0,0,0,0,0,0,0,0,30000,30000,0,0
062436,國巨元大9B購14  ,0,0,0,0,0,0,0,0,0,0,0,0,0,5000,5000,0,0
062446,聯詠元大9B購02  ,0,0,0,0,0,0,0,0,0,0,0,0,0,17000,17000,0,0
062338,鴻海麥證9B購01  ,0,0,0,11000,0,11000,0,0,0,0,0,0,0,11000,11000,0,0
062330,可成統一9B購03  ,0,0,0,0,0,0,0,0,0,0,0,0,0,30000,30000,0,0
065418,緯創國票01購01  ,0,0,0,0,0,0,0,0,0,0,0,0,0,9000,9000,0,0
065443,智邦統一9C購03  ,0,0,0,0,0,0,0,0,0,0,0,0,0,81000,81000,0,0
065446,宏達電統一9C購02,0,0,0,0,0,0,0,0,0,0,0,0,0,17000,17000,0,0
065398,國泰金群益9C購01,0,0,0,0,0,0,0,0,0,0,0,0,0,104000,104000,0,0
065311,TPK國票01購03   ,0,0,0,0,0,0,0,0,0,0,0,0,0,1000,1000,0,0
065313,聯茂國票01購01  ,0,0,0,0,0,0,0,0,0,0,0,0,0,10000,10000,0,0
065314,矽創國票01購02  ,0,0,0,0,0,0,0,0,0,0,0,0,0,10000,10000,0,0
065319,鴻海凱基9C購03  ,0,0,0,0,0,0,0,0,0,0,0,0,0,40000,40000,0,0
065691,國巨群益9C購16  ,0,0,0,0,0,0,0,0,0,0,0,0,0,5000,5000,0,0
065743,宏達電麥證9C購02,0,0,0,12000,0,12000,0,0,0,0,0,0,0,12000,12000,0,0
066005,國巨統一03購01  ,0,0,0,0,0,0,0,0,0,0,0,0,0,4000,4000,0,0
065965,國巨元大01購05  ,0,0,0,0,0,0,0,0,0,0,0,0,0,5000,5000,0,0
065966,國巨元大01購06  ,0,0,0,0,0,0,0,0,0,0,0,0,0,4000,4000,0,0
065974,智原元大01購01  ,0,0,0,0,0,0,0,0,0,0,0,0,0,103000,103000,0,0
065878,麗豐群益02購01  ,0,0,0,0,0,0,0,0,0,0,0,0,0,47000,47000,0,0
066269,宏達電元大01購03,0,0,0,0,0,0,0,0,0,0,0,0,0,9000,9000,0,0
066291,惠特元大01購01  ,0,0,0,0,0,0,0,0,0,0,0,0,0,1000,1000,0,0
066613,燿華麥證01購01  ,0,0,0,10000,10000,0,0,0,0,0,0,0,0,10000,10000,0,0
066650,宏達電康和01購01,0,0,0,0,0,0,0,0,0,0,0,0,0,22000,22000,0,0
066647,聯發科麥證01購04,0,0,0,6000,6000,0,0,0,0,0,0,0,0,6000,6000,0,0
066641,台郡凱基03購01  ,0,0,0,0,0,0,0,0,0,0,0,0,0,40000,40000,0,0
066520,大立光第一01購01,0,0,0,0,0,0,0,0,0,0,0,0,0,50000,50000,0,0
066398,京鼎凱基01購02  ,0,0,0,0,0,0,0,0,0,0,0,0,0,8000,8000,0,0
066926,聚陽國票02購01  ,0,35000,-35000,0,0,0,0,0,0,35000,0,0,0,35000,0,35000,0
066934,宏達電國票02購01,0,0,0,0,0,0,0,0,0,0,0,0,0,8000,8000,0,0
066939,TPK國票02購02   ,0,0,0,0,0,0,0,0,0,0,0,0,0,4000,4000,0,0
067002,生達永豐01購02  ,0,0,0,0,0,0,0,0,0,0,0,0,0,58000,58000,0,0
067020,臺指反中信03購02,0,0,0,0,0,0,0,0,0,0,0,0,0,10000,10000,0,0
067025,禾伸堂兆豐03購01,0,0,0,0,0,0,0,0,0,0,0,0,0,5000,5000,0,0
067029,台表科兆豐03購01,0,0,0,0,0,0,0,0,0,0,0,0,0,100000,100000,0,0
066751,矽創元大01購03  ,0,0,0,0,0,0,0,0,0,0,0,0,0,213000,213000,0,0
066721,臺指反元大04購03,0,0,0,0,0,0,0,0,0,0,0,0,0,10000,10000,0,0
066789,聯詠麥證01購01  ,0,0,0,98000,98000,0,0,0,0,0,0,0,0,98000,98000,0,0
066860,健策國票02購02  ,0,0,0,0,0,0,0,0,0,0,0,0,0,2000,2000,0,0
067330,台達電凱基02購01,0,0,0,0,0,0,0,0,0,0,0,0,0,70000,70000,0,0
067264,美利達國票02購01,0,0,0,0,0,0,0,0,0,0,0,0,0,38000,38000,0,0
067258,盛群國票01購01  ,0,0,0,0,0,0,0,0,0,0,0,0,0,54000,54000,0,0
067317,嘉澤元大02購01  ,0,0,0,0,0,0,0,0,0,0,0,0,0,34000,34000,0,0
067166,華通麥證01購01  ,0,0,0,68000,0,68000,0,0,0,0,0,0,0,68000,68000,0,0
067163,眾達國票02購01  ,0,0,0,0,0,0,0,0,0,0,0,0,0,35000,35000,0,0
067799,玉晶光康和01購01,0,0,0,0,0,0,0,0,0,0,0,0,0,2000,2000,0,0
067918,玉晶光永豐01購02,0,0,0,0,0,0,0,0,0,0,0,0,0,1000,1000,0,0
067915,宏碁永豐01購01  ,0,0,0,0,0,0,0,0,0,0,0,0,0,34000,34000,0,0
067899,玉晶光群益02購13,0,0,0,0,0,0,0,0,0,0,0,0,0,1000,1000,0,0
067893,玉晶光群益02購07,0,0,0,0,0,0,0,0,0,0,0,0,0,10000,10000,0,0
067943,矽格凱基01購04  ,0,0,0,0,0,0,0,0,0,0,0,0,0,10000,10000,0,0
067971,玉晶光群益02購21,0,0,0,0,0,0,0,0,0,0,0,0,0,11000,11000,0,0
068065,京鼎兆豐01購02  ,0,0,0,0,0,0,0,0,0,0,0,0,0,1000,1000,0,0
068076,欣興凱基01購05  ,0,0,0,0,0,0,0,0,0,0,0,0,0,12000,12000,0,0
067602,億光凱基01購01  ,0,0,0,0,0,0,0,0,0,0,0,0,0,1000,1000,0,0
067600,台積電凱基01購15,0,0,0,0,0,0,0,0,0,0,0,0,0,1000,1000,0,0
067597,國巨凱基02購06  ,0,0,0,0,0,0,0,0,0,0,0,0,0,5000,5000,0,0
067606,京鼎凱基01購04  ,0,0,0,0,0,0,0,0,0,0,0,0,0,7000,7000,0,0
067592,信錦凱基01購01  ,0,0,0,0,0,0,0,0,0,0,0,0,0,40000,40000,0,0
067426,聯發科凱基01購14,0,0,0,0,0,0,0,0,0,0,0,0,0,25000,25000,0,0
06742P,可成富邦99售02  ,0,0,0,0,0,0,0,0,0,0,0,0,0,11000,11000,0,0
2739,寒舍            ,7000,6000,1000,0,0,0,0,0,0,-1000,0,1000,-1000,0,0,0,0
2426,鼎元            ,543000,546000,-3000,0,0,0,0,0,0,3000,3000,0,3000,0,0,0,0
2881B,富邦金乙特      ,0,0,0,0,0,0,0,0,0,0,3000,3000,0,0,0,0,0
3550,聯穎            ,15000,16000,-1000,0,0,0,0,0,0,1000,1000,0,1000,0,0,0,0
6442,光聖            ,1000,0,1000,0,0,0,0,0,0,-1000,1000,2000,-1000,0,0,0,0
5215,科嘉-KY         ,951000,711000,240000,0,0,0,100000,290000,-190000,-50000,0,50000,-50000,0,0,0,0
4562,穎漢            ,7000,7000,0,0,0,0,0,0,0,0,0,0,0,0,0,0,0
08915P,臺股指凱基01售06,0,0,0,0,0,0,0,0,0,0,0,0,0,1000,1000,0,0
08833P,緯穎群益01售03  ,0,0,0,0,0,0,0,0,0,0,0,0,0,15000,15000,0,0
08688P,台灣50中信04售02,0,0,0,0,0,0,0,0,0,0,0,0,0,100000,100000,0,0
08661P,台灣50麥證9C售03,0,0,0,50000,0,50000,0,0,0,0,0,0,0,50000,50000,0,0
1236,宏亞            ,3000,3000,0,0,0,0,0,0,0,0,0,0,0,0,0,0,0
1256,鮮活果汁-KY     ,22000,22000,0,0,0,0,0,0,0,0,0,0,0,0,0,0,0
1452,宏益            ,17000,16000,1000,0,0,0,0,0,0,-1000,0,1000,-1000,0,0,0,0
1436,華友聯          ,1000,0,1000,0,0,0,0,0,0,-1000,0,1000,-1000,0,0,0,0
1456,怡華            ,1000,0,1000,0,0,0,0,0,0,-1000,0,1000,-1000,0,0,0,0
1558,伸興            ,30000,30000,0,0,0,0,0,0,0,0,0,0,0,0,0,0,0
2243,宏旭-KY         ,4000,4000,0,0,0,0,0,0,0,0,0,0,0,0,0,0,0
9918,欣天然          ,1000,0,1000,0,0,0,0,0,0,-1000,0,1000,-1000,0,0,0,0
08197P,聯發科元大9B售24,0,0,0,0,0,0,0,0,0,-1000,0,0,0,0,1000,-1000,-1000
08204P,台灣50中信01售04,0,0,0,0,0,0,0,0,0,-1000,0,0,0,0,1000,-1000,-1000
08111P,臺股指中信01售06,0,0,0,0,0,0,0,0,0,-1000,0,0,0,0,1000,-1000,-1000
07871P,台積電群益9C售02,0,0,0,0,0,0,0,0,0,-1000,0,0,0,0,1000,-1000,-1000
069455,聯電麥證02購02  ,0,0,0,0,1000,-1000,0,0,0,-1000,0,0,0,0,1000,-1000,-1000
069711,宏達電國票02購02,0,0,0,0,0,0,0,0,0,-1000,0,0,0,20000,21000,-1000,-1000
069626,儒鴻元富05購01  ,0,0,0,0,0,0,0,0,0,-1000,0,0,0,34000,35000,-1000,-1000
06962P,華新科永豐99售01,0,0,0,0,0,0,0,0,0,-1000,0,0,0,0,1000,-1000,-1000
069994,可成台新02購01  ,0,0,0,0,0,0,0,0,0,-1000,0,0,0,72000,73000,-1000,-1000
070001,聯電元大02購25  ,0,0,0,0,0,0,0,0,0,-1000,0,0,0,1000,2000,-1000,-1000
07420P,可成元大99售07  ,0,0,0,0,0,0,0,0,0,-1000,0,0,0,0,1000,-1000,-1000
07576P,可成元大9A售01  ,0,0,0,0,0,0,0,0,0,-1000,0,0,0,0,1000,-1000,-1000
069953,微星永豐02購01  ,0,0,0,0,0,0,0,0,0,-1000,0,0,0,0,1000,-1000,-1000
06888P,日月光元大98售02,0,0,0,0,0,0,0,0,0,-1000,0,0,0,0,1000,-1000,-1000
069009,聯詠兆豐03購02  ,0,0,0,0,0,0,0,0,0,-1000,0,0,0,68000,69000,-1000,-1000
069032,台光電統一04購01,0,0,0,0,0,0,0,0,0,-1000,0,0,0,0,1000,-1000,-1000
06931P,大立光元大98售20,0,0,0,0,0,0,0,0,0,-1000,0,0,0,0,1000,-1000,-1000
069406,台積電統一03購16,0,0,0,0,0,0,0,0,0,-1000,0,0,0,0,1000,-1000,-1000
069128,台達電國泰04購01,0,0,0,0,0,0,0,0,0,-1000,0,0,0,21000,22000,-1000,-1000
069193,景碩統一05購01  ,0,0,0,0,0,0,0,0,0,-1000,0,0,0,0,1000,-1000,-1000
068299,華新國票03購01  ,0,0,0,0,0,0,0,0,0,-1000,0,0,0,56000,57000,-1000,-1000
068398,上証2X元富07購04,0,0,0,0,0,0,0,0,0,-1000,0,0,0,0,1000,-1000,-1000
068158,緯創元大01購03  ,0,0,0,0,0,0,0,0,0,-1000,0,0,0,5000,6000,-1000,-1000
068649,道瓊銀元大02購01,0,0,0,0,0,0,0,0,0,-1000,0,0,0,0,1000,-1000,-1000
068570,日月光元大01購06,0,0,0,0,0,0,0,0,0,-1000,0,0,0,1000,2000,-1000,-1000
068575,南電元大01購10  ,0,0,0,0,0,0,0,0,0,-1000,0,0,0,0,1000,-1000,-1000
060752,上銀元大9A購04  ,0,0,0,0,0,0,0,0,0,-1000,0,0,0,0,1000,-1000,-1000
059246,奇力新凱基9A購02,0,0,0,0,0,0,0,0,0,-1000,0,0,0,0,1000,-1000,-1000
061204,國巨元大9A購16  ,0,0,0,0,0,0,0,0,0,-1000,0,0,0,9000,10000,-1000,-1000
058390,樺漢國票9A購01  ,0,0,0,0,0,0,0,0,0,-1000,0,0,0,14000,15000,-1000,-1000
060391,華擎群益9C購01  ,0,0,0,0,0,0,0,0,0,-1000,0,0,0,0,1000,-1000,-1000
060369,滬深2X元富01購01,0,0,0,0,0,0,0,0,0,-1000,0,0,0,0,1000,-1000,-1000
060008,華邦電群益9A購01,0,0,0,0,0,0,0,0,0,-1000,0,0,0,0,1000,-1000,-1000
060035,臺股指永豐99購04,0,0,0,0,0,0,0,0,0,-1000,0,0,0,0,1000,-1000,-1000
058644,元黃金富邦03購01,0,0,0,0,0,0,0,0,0,-1000,0,0,0,0,1000,-1000,-1000
064055,台郡統一02購01  ,0,0,0,0,0,0,0,0,0,-1000,0,0,0,0,1000,-1000,-1000
061637,華新科元大9A購22,0,0,0,0,0,0,0,0,0,-1000,0,0,0,0,1000,-1000,-1000
063380,台表科永豐9B購03,0,0,0,0,0,0,0,0,0,-1000,0,0,0,0,1000,-1000,-1000
062501,台積電群益9C購03,0,0,0,0,0,0,0,0,0,-1000,0,0,0,0,1000,-1000,-1000
060847,康控國票9A購01  ,0,0,0,0,0,0,0,0,0,-1000,0,0,0,0,1000,-1000,-1000
059754,訊芯群益9A購01  ,0,0,0,0,0,0,0,0,0,-1000,0,0,0,0,1000,-1000,-1000
059733,緯穎元大99購08  ,0,0,0,0,0,0,0,0,0,-1000,0,0,0,0,1000,-1000,-1000
060951,元黃金群益9A購01,0,0,0,0,0,0,0,0,0,-1000,0,0,0,0,1000,-1000,-1000
058181,華新科國泰9B購01,0,0,0,0,0,0,0,0,0,-1000,0,0,0,0,1000,-1000,-1000
057733,嘉聯益國泰99購01,0,0,0,0,0,0,0,0,0,-1000,0,0,0,0,1000,-1000,-1000
03439P,聯電凱基02售05  ,0,0,0,0,0,0,0,0,0,-1000,0,0,0,6000,7000,-1000,-1000
03551P,致新凱基02售01  ,0,0,0,0,0,0,0,0,0,-1000,0,0,0,0,1000,-1000,-1000
03535P,臺股指凱基02售14,0,0,0,0,0,0,0,0,0,-1000,0,0,0,0,1000,-1000,-1000
05175P,TPK富邦99售01   ,0,0,0,0,0,0,0,0,0,-1000,0,0,0,3000,4000,-1000,-1000
053163,上証2X群益9A購02,0,0,0,0,0,0,0,0,0,-1000,0,0,0,30000,31000,-1000,-1000
058777,台光電國票9A購01,0,0,0,0,0,0,0,0,0,-1000,0,0,0,0,1000,-1000,-1000
057443,臺股指統一99購04,0,0,0,0,0,0,0,0,0,-1000,0,0,0,1000,2000,-1000,-1000
058955,台積電國票9A購04,0,0,0,0,0,0,0,0,0,-1000,0,0,0,1000,2000,-1000,-1000
060999,國巨兆豐9A購01  ,0,0,0,0,0,0,0,0,0,-1000,0,0,0,5000,6000,-1000,-1000
058841,深中小群益01購01,0,0,0,0,0,0,0,0,0,-1000,0,0,0,0,1000,-1000,-1000
058923,華新科元富99購06,0,0,0,0,0,0,0,0,0,-1000,0,0,0,0,1000,-1000,-1000
060640,京鼎永豐9A購01  ,0,0,0,0,0,0,0,0,0,-1000,0,0,0,0,1000,-1000,-1000
057004,滬深反中信9A購01,0,0,0,0,0,0,0,0,0,-1000,0,0,0,0,1000,-1000,-1000
057154,易華電國泰99購01,0,0,0,0,0,0,0,0,0,-1000,0,0,0,0,1000,-1000,-1000
056864,新日興群益99購01,0,0,0,0,0,0,0,0,0,-1000,0,0,0,0,1000,-1000,-1000
056747,致新凱基99購01  ,0,0,0,0,0,0,0,0,0,-1000,0,0,0,0,1000,-1000,-1000
056721,台灣50永昌9A購01,0,0,0,0,0,0,0,0,0,-1000,0,0,0,0,1000,-1000,-1000
056659,泰碩元大99購01  ,0,0,0,0,0,0,0,0,0,-1000,0,0,0,4000,5000,-1000,-1000
055815,亞光國票99購01  ,0,0,0,0,0,0,0,0,0,-1000,0,0,0,0,1000,-1000,-1000
03216P,臺股指群益02售01,0,0,0,0,0,0,0,0,0,-1000,0,0,0,21000,22000,-1000,-1000
03022X,富展01          ,0,0,0,0,0,0,0,0,0,-1000,0,0,0,0,1000,-1000,-1000
00657,國泰日經225     ,0,0,0,0,0,0,0,0,0,-1000,0,0,0,126000,127000,-1000,-1000
00645,富邦日本        ,0,0,0,0,0,0,0,0,0,-1000,0,0,0,102000,103000,-1000,-1000
062352,南六群益9B購02  ,0,0,0,0,0,0,0,0,0,-1000,0,0,0,0,1000,-1000,-1000
062122,國巨統一02購01  ,0,0,0,0,0,0,0,0,0,-1000,0,0,0,0,1000,-1000,-1000
061849,國巨國票9B購08  ,0,0,0,0,0,0,0,0,0,-1000,0,0,0,0,1000,-1000,-1000
064502,大立光元大9C購19,0,0,0,0,0,0,0,0,0,-1000,0,0,0,0,1000,-1000,-1000
061568,國巨元大9A購25  ,0,0,0,0,0,0,0,0,0,-1000,0,0,0,7000,8000,-1000,-1000
064927,瀚宇博統一02購01,0,0,0,0,0,0,0,0,0,-1000,0,0,0,23000,24000,-1000,-1000
065008,TPK國票01購02   ,0,0,0,0,0,0,0,0,0,-1000,0,0,0,3000,4000,-1000,-1000
065244,聯發科兆豐9C購05,0,0,0,0,0,0,0,0,0,-1000,0,0,0,0,1000,-1000,-1000
065128,大成鋼兆豐9C購01,0,0,0,0,0,0,0,0,0,-1000,0,0,0,9000,10000,-1000,-1000
065113,南電國票01購02  ,0,0,0,0,0,0,0,0,0,-1000,0,0,0,0,1000,-1000,-1000
061956,和大統一01購01  ,0,0,0,0,0,0,0,0,0,-1000,0,0,0,0,1000,-1000,-1000
061945,華通群益9B購04  ,0,0,0,0,0,0,0,0,0,-1000,0,0,0,0,1000,-1000,-1000
064643,瑞昱凱基04購01  ,0,0,0,0,0,0,0,0,0,-1000,0,0,0,0,1000,-1000,-1000
062842,臺股指群益9B購09,0,0,0,0,0,0,0,0,0,-1000,0,0,0,0,1000,-1000,-1000
061906,統一中信9B購01  ,0,0,0,0,0,0,0,0,0,-1000,0,0,0,0,1000,-1000,-1000
063652,國泰金台新9B購01,0,0,0,0,0,0,0,0,0,-1000,0,0,0,0,1000,-1000,-1000
064436,聯發科凱基03購02,0,0,0,0,0,0,0,0,0,-1000,0,0,0,0,1000,-1000,-1000
063864,健策富邦01購01  ,0,0,0,0,0,0,0,0,0,-1000,0,0,0,0,1000,-1000,-1000
063314,美律群益9B購01  ,0,0,0,0,0,0,0,0,0,-1000,0,0,0,45000,46000,-1000,-1000
063281,京元電元大9B購01,0,0,0,0,0,0,0,0,0,-1000,0,0,0,1000,2000,-1000,-1000
061701,友達國票9B購02  ,0,0,0,0,0,0,0,0,0,-1000,0,0,0,49000,50000,-1000,-1000
061707,超眾國票9B購01  ,0,0,0,0,0,0,0,0,0,-1000,0,0,0,2000,3000,-1000,-1000
063116,大立光麥證9C購01,0,0,0,1000,2000,-1000,0,0,0,-1000,0,0,0,1000,2000,-1000,-1000
063211,道瓊銀國票9B購01,0,0,0,0,0,0,0,0,0,-1000,0,0,0,20000,21000,-1000,-1000
063000,緯穎國票9B購03  ,0,0,0,0,0,0,0,0,0,-1000,0,0,0,1000,2000,-1000,-1000
064111,國巨國票02購02  ,0,0,0,0,0,0,0,0,0,-1000,0,0,0,7000,8000,-1000,-1000
064280,大立光元大9C購11,0,0,0,0,0,0,0,0,0,-1000,0,0,0,32000,33000,-1000,-1000
063788,矽創統一02購01  ,0,0,0,0,0,0,0,0,0,-1000,0,0,0,0,1000,-1000,-1000
062571,臺指反群益9B購04,0,0,0,0,0,0,0,0,0,-1000,0,0,0,0,1000,-1000,-1000
067428,大毅凱基01購02  ,0,0,0,0,0,0,0,0,0,-1000,0,0,0,0,1000,-1000,-1000
067668,金像電元大01購02,0,0,0,0,0,0,0,0,0,-1000,0,0,0,10000,11000,-1000,-1000
067660,元金2X元大01購01,0,0,0,0,0,0,0,0,0,-1000,0,0,0,0,1000,-1000,-1000
067649,台積電元富07購05,0,0,0,0,0,0,0,0,0,-1000,0,0,0,1402000,1403000,-1000,-1000
068106,南電永豐01購02  ,0,0,0,0,0,0,0,0,0,-1000,0,0,0,45000,46000,-1000,-1000
067168,國巨麥證01購05  ,0,0,0,9000,15000,-6000,0,0,0,-1000,0,0,0,14000,15000,-1000,-1000
067283,南亞科國票02購01,0,0,0,0,0,0,0,0,0,-1000,0,0,0,41000,42000,-1000,-1000
067260,台郡國票02購02  ,0,0,0,0,0,0,0,0,0,-1000,0,0,0,0,1000,-1000,-1000
067357,欣興群益01購02  ,0,0,0,0,0,0,0,0,0,-1000,0,0,0,0,1000,-1000,-1000
067370,南亞科統一03購03,0,0,0,0,0,0,0,0,0,-1000,0,0,0,11000,12000,-1000,-1000
067401,嘉澤永豐01購02  ,0,0,0,0,0,0,0,0,0,-1000,0,0,0,5000,6000,-1000,-1000
067399,新日興永豐01購01,0,0,0,0,0,0,0,0,0,-1000,0,0,0,0,1000,-1000,-1000
066864,上証2X元富07購02,0,0,0,0,0,0,0,0,0,-1000,0,0,0,0,1000,-1000,-1000
066806,京鼎凱基02購01  ,0,0,0,0,0,0,0,0,0,-1000,0,0,0,2000,3000,-1000,-1000
066759,盟立永豐01購03  ,0,0,0,0,0,0,0,0,0,-1000,0,0,0,0,1000,-1000,-1000
066915,訊芯凱基02購01  ,0,0,0,0,0,0,0,0,0,-1000,0,0,0,6000,7000,-1000,-1000
066367,緯創中信05購01  ,0,0,0,0,0,0,0,0,0,-1000,0,0,0,16000,17000,-1000,-1000
066438,南紡群益01購01  ,0,0,0,0,0,0,0,0,0,-1000,0,0,0,0,1000,-1000,-1000
066166,大毅凱基02購01  ,0,0,0,0,0,0,0,0,0,-1000,0,0,0,2000,3000,-1000,-1000
066146,昇陽半群益01購02,0,0,0,0,0,0,0,0,0,-1000,0,0,0,0,1000,-1000,-1000
06610P,台積電凱基9A售03,0,0,0,0,0,0,0,0,0,-1000,0,0,0,0,1000,-1000,-1000
065323,聯發科凱基9C購09,0,0,0,0,0,0,0,0,0,-1000,0,0,0,8000,9000,-1000,-1000
065379,立積元大01購01  ,0,0,0,0,0,0,0,0,0,-1000,0,0,0,1000,2000,-1000,-1000
065531,聯電統一01購01  ,0,0,0,0,0,0,0,0,0,-1000,0,0,0,0,1000,-1000,-1000
9926,新海            ,0,0,0,0,0,0,0,0,0,-1000,0,1000,-1000,0,0,0,-1000
9928,中視            ,0,0,0,0,0,0,0,0,0,-1000,0,1000,-1000,0,0,0,-1000
910861,神州-DR         ,0,1000,-1000,0,0,0,0,0,0,0,0,0,0,0,0,0,-1000
9941A,裕融甲特        ,0,0,0,0,0,0,0,0,0,-1000,0,1000,-1000,0,0,0,-1000
2388,威盛            ,170000,172000,-2000,0,0,0,0,0,0,1000,1000,0,1000,0,0,0,-1000
1727,中華化          ,9000,8000,1000,0,0,0,0,0,0,-2000,0,2000,-2000,0,0,0,-1000
1626,艾美特-KY       ,16000,9000,7000,0,0,0,0,0,0,-8000,0,8000,-8000,0,0,0,-1000
1616,億泰            ,0,1000,-1000,0,0,0,0,0,0,0,0,0,0,0,0,0,-1000
1442,名軒            ,19000,26000,-7000,0,0,0,0,0,0,6000,6000,0,6000,0,0,0,-1000
1233,天仁            ,0,0,0,0,0,0,0,0,0,-1000,0,1000,-1000,0,0,0,-1000
1323,永裕            ,10000,10000,0,0,0,0,0,0,0,-1000,0,1000,-1000,0,0,0,-1000
1324,地球            ,7000,8000,-1000,0,0,0,0,0,0,0,0,0,0,0,0,0,-1000
1423,利華            ,17000,20000,-3000,0,0,0,0,0,0,2000,2000,0,2000,0,0,0,-1000
08727P,健策群益01售07  ,0,0,0,0,0,0,0,0,0,-1000,0,0,0,120000,121000,-1000,-1000
08764P,台灣50富邦03售03,0,0,0,0,0,0,0,0,0,-1000,0,0,0,0,1000,-1000,-1000
08830P,A50正2群益01售05,0,0,0,0,0,0,0,0,0,-1000,0,0,0,1000,2000,-1000,-1000
1225,福懋油          ,1000,2000,-1000,0,0,0,0,0,0,0,0,0,0,0,0,0,-1000
08973P,聯發科群益01售08,0,0,0,0,0,0,0,0,0,-1000,0,0,0,0,1000,-1000,-1000
4555,氣立            ,35000,36000,-1000,0,0,0,0,0,0,0,0,0,0,0,0,0,-1000
6201,亞弘電          ,0,2000,-2000,0,0,0,0,0,0,1000,1000,0,1000,0,0,0,-1000
8101,華冠            ,0,0,0,0,0,0,0,0,0,-1000,0,1000,-1000,0,0,0,-1000
8222,寶一            ,19000,18000,1000,0,0,0,0,0,0,-2000,0,2000,-2000,0,0,0,-1000
8427,基勝-KY         ,0,0,0,0,0,0,0,0,0,-1000,0,1000,-1000,0,0,0,-1000
3528,安馳            ,6000,6000,0,0,0,0,0,0,0,-1000,0,1000,-1000,0,0,0,-1000
2904,匯僑            ,6000,6000,0,0,0,0,0,0,0,-1000,0,1000,-1000,0,0,0,-1000
2887F,台新戊特二      ,0,0,0,0,0,0,0,0,0,-1000,0,1000,-1000,0,0,0,-1000
2419,仲琦            ,91000,87000,4000,0,0,0,0,0,0,-5000,1000,6000,-5000,0,0,0,-1000
068528,緯創元富03購01  ,0,0,0,0,0,0,0,0,0,-2000,0,0,0,29000,31000,-2000,-2000
068519,群創統一03購01  ,0,0,0,0,0,0,0,0,0,-2000,0,0,0,0,2000,-2000,-2000
068385,聯電統一03購03  ,0,0,0,0,0,0,0,0,0,-2000,0,0,0,124000,126000,-2000,-2000
068375,台光電永豐01購02,0,0,0,0,0,0,0,0,0,-2000,0,0,0,0,2000,-2000,-2000
068430,聯電凱基01購01  ,0,0,0,0,0,0,0,0,0,-2000,0,0,0,50000,52000,-2000,-2000
069241,聯電凱基03購06  ,0,0,0,0,0,0,0,0,0,-2000,0,0,0,0,2000,-2000,-2000
069331,亞聚群益02購01  ,0,0,0,0,0,0,0,0,0,-2000,0,0,0,0,2000,-2000,-2000
069278,晶技永豐02購02  ,0,0,0,0,0,0,0,0,0,-2000,0,0,0,0,2000,-2000,-2000
069069,大立光麥證02購01,0,0,0,19000,21000,-2000,0,0,0,-2000,0,0,0,19000,21000,-2000,-2000
068961,宏達電群益02購01,0,0,0,0,0,0,0,0,0,-2000,0,0,0,24000,26000,-2000,-2000
069924,樺漢凱基02購02  ,0,0,0,0,0,0,0,0,0,-2000,0,0,0,0,2000,-2000,-2000
069777,華擎元大02購04  ,0,0,0,0,0,0,0,0,0,-2000,0,0,0,151000,153000,-2000,-2000
07482P,南亞科元富9A售04,0,0,0,0,0,0,0,0,0,-2000,0,0,0,0,2000,-2000,-2000
07303P,臺股指元大9A售36,0,0,0,0,0,0,0,0,0,-2000,0,0,0,0,2000,-2000,-2000
07129P,華新科元大99售14,0,0,0,0,0,0,0,0,0,-2000,0,0,0,0,2000,-2000,-2000
069610,緯穎國票03購02  ,0,0,0,0,0,0,0,0,0,-2000,0,0,0,22000,24000,-2000,-2000
069665,南電兆豐03購03  ,0,0,0,0,0,0,0,0,0,-2000,0,0,0,129000,131000,-2000,-2000
069670,聯電元大02購17  ,0,0,0,0,0,0,0,0,0,-2000,0,0,0,0,2000,-2000,-2000
069560,玉晶光麥證02購01,0,0,0,20000,21000,-1000,0,0,0,-2000,0,0,0,20000,22000,-2000,-2000
08037P,台表科群益9B售02,0,0,0,0,0,0,0,0,0,-2000,0,0,0,0,2000,-2000,-2000
08421P,台積電群益9C售10,0,0,0,0,0,0,0,0,0,-2000,0,0,0,0,2000,-2000,-2000
08448P,台灣50中信01售05,0,0,0,0,0,0,0,0,0,-2000,0,0,0,0,2000,-2000,-2000
08546P,可成中信9C售02  ,0,0,0,0,0,0,0,0,0,-2000,0,0,0,157000,159000,-2000,-2000
0051,元大中型100     ,2000,2000,0,0,0,0,0,0,0,-2000,0,0,0,16000,18000,-2000,-2000
00733,富邦臺灣中小    ,0,0,0,0,0,0,0,0,0,-2000,0,0,0,5000,7000,-2000,-2000
03245P,聯發科統一02售11,0,0,0,0,0,0,0,0,0,-2000,0,0,0,0,2000,-2000,-2000
056214,義隆國票99購01  ,0,0,0,0,0,0,0,0,0,-2000,0,0,0,4000,6000,-2000,-2000
03129P,台光電統一01售06,0,0,0,0,0,0,0,0,0,-2000,0,0,0,0,2000,-2000,-2000
056856,華通群益9A購01  ,0,0,0,0,0,0,0,0,0,-2000,0,0,0,1000,3000,-2000,-2000
056829,台積電富邦9A購01,0,0,0,0,0,0,0,0,0,-2000,0,0,0,4000,6000,-2000,-2000
056498,A50正2富邦9B購01,0,0,0,0,0,0,0,0,0,-2000,0,0,0,12000,14000,-2000,-2000
056996,矽力日盛99購01  ,0,0,0,0,0,0,0,0,0,-2000,0,0,0,0,2000,-2000,-2000
03354P,上銀凱基02售02  ,0,0,0,0,0,0,0,0,0,-2000,0,0,0,58000,60000,-2000,-2000
060695,同欣電麥證9A購01,0,0,0,0,2000,-2000,0,0,0,-2000,0,0,0,0,2000,-2000,-2000
059031,元石油中信03購01,0,0,0,0,0,0,0,0,0,-2000,0,0,0,0,2000,-2000,-2000
03419B,臺股指元富99熊03,0,0,0,0,0,0,0,0,0,-2000,0,0,0,0,2000,-2000,-2000
057397,茂林中信9A購01  ,0,0,0,0,0,0,0,0,0,-2000,0,0,0,0,2000,-2000,-2000
03386P,台積電凱基02售18,0,0,0,0,0,0,0,0,0,-2000,0,0,0,0,2000,-2000,-2000
060552,群創凱基9B購05  ,0,0,0,0,0,0,0,0,0,-2000,0,0,0,0,2000,-2000,-2000
03367P,臺股指元大02售10,0,0,0,0,0,0,0,0,0,-2000,0,0,0,0,2000,-2000,-2000
03504P,T50反1台新04售01,0,0,0,0,0,0,0,0,0,-2000,0,0,0,0,2000,-2000,-2000
03557P,欣興元大02售17  ,0,0,0,0,0,0,0,0,0,-2000,0,0,0,0,2000,-2000,-2000
057945,京鼎國票99購03  ,0,0,0,0,0,0,0,0,0,-2000,0,0,0,42000,44000,-2000,-2000
057953,聚陽元大98購01  ,0,0,0,0,0,0,0,0,0,-2000,0,0,0,0,2000,-2000,-2000
060930,超眾永豐9A購03  ,0,0,0,0,0,0,0,0,0,-2000,0,0,0,0,2000,-2000,-2000
060888,金像電統一9C購01,0,0,0,0,0,0,0,0,0,-2000,0,0,0,1000,3000,-2000,-2000
060871,台灣50中信01購03,0,0,0,0,0,0,0,0,0,-2000,0,0,0,0,2000,-2000,-2000
060516,臺股指元大9B購13,0,0,0,0,0,0,0,0,0,-2000,0,0,0,0,2000,-2000,-2000
060492,元黃金元富9A購01,0,0,0,0,0,0,0,0,0,-2000,0,0,0,0,2000,-2000,-2000
059509,奇力新永豐99購02,0,0,0,0,0,0,0,0,0,-2000,0,0,0,0,2000,-2000,-2000
059960,健策國票99購01  ,0,0,0,0,0,0,0,0,0,-2000,0,0,0,0,2000,-2000,-2000
059126,臺指反中信9B購01,0,0,0,0,0,0,0,0,0,-2000,0,0,0,0,2000,-2000,-2000
059187,國巨富邦9B購02  ,0,0,0,0,0,0,0,0,0,-2000,0,0,0,8000,10000,-2000,-2000
063750,和鑫國票9B購01  ,0,0,0,0,0,0,0,0,0,-2000,0,0,0,5000,7000,-2000,-2000
063010,國巨元大9C購02  ,0,0,0,0,0,0,0,0,0,-2000,0,0,0,0,2000,-2000,-2000
063020,奇力新元大9B購04,0,0,0,0,0,0,0,0,0,-2000,0,0,0,3000,5000,-2000,-2000
062922,南六元大9B購03  ,0,0,0,0,0,0,0,0,0,-2000,0,0,0,0,2000,-2000,-2000
063107,矽創群益9B購01  ,0,0,0,0,0,0,0,0,0,-2000,0,0,0,0,2000,-2000,-2000
063099,臺指反群益9B購05,0,0,0,0,0,0,0,0,0,-2000,0,0,0,0,2000,-2000,-2000
064706,嘉晶富邦01購01  ,0,0,0,0,0,0,0,0,0,-2000,0,0,0,8000,10000,-2000,-2000
064566,大立光群益9C購04,0,0,0,0,0,0,0,0,0,-2000,0,0,0,0,2000,-2000,-2000
062696,國巨元大9B購16  ,0,0,0,0,0,0,0,0,0,-2000,0,0,0,0,2000,-2000,-2000
061735,上銀凱基9B購01  ,0,0,0,0,0,0,0,0,0,-2000,0,0,0,18000,20000,-2000,-2000
061745,南電凱基9B購02  ,0,0,0,0,0,0,0,0,0,-2000,0,0,0,18000,20000,-2000,-2000
063259,廣達富邦9C購01  ,0,0,0,0,0,0,0,0,0,-2000,0,0,0,9000,11000,-2000,-2000
061262,智邦凱基9A購02  ,0,0,0,0,0,0,0,0,0,-2000,0,0,0,0,2000,-2000,-2000
061259,台積電凱基9A購21,0,0,0,0,0,0,0,0,0,-2000,0,0,0,0,2000,-2000,-2000
061368,南六國票9A購01  ,0,0,0,0,0,0,0,0,0,-2000,0,0,0,5000,7000,-2000,-2000
062851,建準永豐9B購02  ,0,0,0,0,0,0,0,0,0,-2000,0,0,0,342000,344000,-2000,-2000
063583,GIS國泰01購01   ,0,0,0,0,0,0,0,0,0,-2000,0,0,0,4000,6000,-2000,-2000
064859,南亞科富邦01購01,0,0,0,0,0,0,0,0,0,-2000,0,0,0,0,2000,-2000,-2000
065124,燿華永豐9C購03  ,0,0,0,0,0,0,0,0,0,-2000,0,0,0,5000,7000,-2000,-2000
065151,國巨群益9C購13  ,0,0,0,0,0,0,0,0,0,-2000,0,0,0,13000,15000,-2000,-2000
065233,TPK凱基01購01   ,0,0,0,0,0,0,0,0,0,-2000,0,0,0,71000,73000,-2000,-2000
065069,臺股指群益9C購17,0,0,0,0,0,0,0,0,0,-2000,0,0,0,0,2000,-2000,-2000
065071,電子類群益9C購01,0,0,0,0,0,0,0,0,0,-2000,0,0,0,0,2000,-2000,-2000
064903,新唐群益9C購01  ,0,0,0,0,0,0,0,0,0,-2000,0,0,0,35000,37000,-2000,-2000
06495P,華新科亞東9A售01,0,0,0,0,0,0,0,0,0,-2000,0,0,0,0,2000,-2000,-2000
061544,大毅群益9B購02  ,0,0,0,0,0,0,0,0,0,-2000,0,0,0,0,2000,-2000,-2000
064483,瑞儀永豐9C購01  ,0,0,0,0,0,0,0,0,0,-2000,0,0,0,66000,68000,-2000,-2000
064499,可成元大9C購07  ,0,0,0,0,0,0,0,0,0,-2000,0,0,0,8000,10000,-2000,-2000
062015,喬山永豐9B購01  ,0,0,0,0,0,0,0,0,0,-2000,0,0,0,0,2000,-2000,-2000
062033,瀚宇博群益9B購01,0,0,0,0,0,0,0,0,0,-2000,0,0,0,7000,9000,-2000,-2000
062106,華邦電國票9B購02,0,0,0,0,0,0,0,0,0,-2000,0,0,0,0,2000,-2000,-2000
064201,新光金兆豐9C購01,0,0,0,0,0,0,0,0,0,-2000,0,0,0,0,2000,-2000,-2000
062346,智邦群益9B購02  ,0,0,0,0,0,0,0,0,0,-2000,0,0,0,0,2000,-2000,-2000
065512,友訊群益01購01  ,0,0,0,0,0,0,0,0,0,-2000,0,0,0,34000,36000,-2000,-2000
065476,聯發科元大9C購14,0,0,0,0,0,0,0,0,0,-2000,0,0,0,6000,8000,-2000,-2000
065563,T50反1群益9C購04,0,0,0,0,0,0,0,0,0,-2000,0,0,0,0,2000,-2000,-2000
065410,國巨永豐9C購01  ,0,0,0,0,0,0,0,0,0,-2000,0,0,0,0,2000,-2000,-2000
065337,華通統一01購03  ,0,0,0,0,0,0,0,0,0,-2000,0,0,0,30000,32000,-2000,-2000
065884,智原元富9C購02  ,0,0,0,0,0,0,0,0,0,-2000,0,0,0,0,2000,-2000,-2000
065895,台勝科統一02購01,0,0,0,0,0,0,0,0,0,-2000,0,0,0,0,2000,-2000,-2000
065747,華通元大9C購07  ,0,0,0,0,0,0,0,0,0,-2000,0,0,0,211000,213000,-2000,-2000
065863,臺股指元大9C購37,0,0,0,0,0,0,0,0,0,-2000,0,0,0,0,2000,-2000,-2000
066437,台泥群益02購01  ,0,0,0,0,0,0,0,0,0,-2000,0,0,0,216000,218000,-2000,-2000
066357,昇陽半永豐01購01,0,0,0,0,0,0,0,0,0,-2000,0,0,0,0,2000,-2000,-2000
066496,大立光國泰03購01,0,0,0,0,0,0,0,0,0,-2000,0,0,0,0,2000,-2000,-2000
066912,盛群凱基01購01  ,0,0,0,0,0,0,0,0,0,-2000,0,0,0,0,2000,-2000,-2000
066890,聯詠中信07購01  ,0,0,0,0,0,0,0,0,0,-2000,0,0,0,97000,99000,-2000,-2000
066937,群創國票03購01  ,0,0,0,0,0,0,0,0,0,-2000,0,0,0,0,2000,-2000,-2000
067052,帆宣凱基02購01  ,0,0,0,0,0,0,0,0,0,-2000,0,0,0,0,2000,-2000,-2000
067340,欣興凱基02購02  ,0,0,0,0,0,0,0,0,0,-2000,0,0,0,0,2000,-2000,-2000
067303,聯發科元大02購03,0,0,0,0,0,0,0,0,0,-2000,0,0,0,45000,47000,-2000,-2000
067107,義隆群益01購02  ,0,0,0,0,0,0,0,0,0,-2000,0,0,0,0,2000,-2000,-2000
068078,緯創凱基02購01  ,0,0,0,0,0,0,0,0,0,-2000,0,0,0,6000,8000,-2000,-2000
068088,台灣50群益01購13,0,0,0,0,0,0,0,0,0,-2000,0,0,0,0,2000,-2000,-2000
067886,台積電群益02購03,0,0,0,0,0,0,0,0,0,-2000,0,0,0,0,2000,-2000,-2000
067427,奇力新凱基01購01,0,0,0,0,0,0,0,0,0,-2000,0,0,0,3000,5000,-2000,-2000
067466,元金2X元大03購01,0,0,0,0,0,0,0,0,0,-2000,0,0,0,131000,133000,-2000,-2000
2496,卓越            ,1000,3000,-2000,0,0,0,0,0,0,0,0,0,0,0,0,0,-2000
2497,怡利電          ,1000,0,1000,0,0,0,0,0,0,-3000,0,3000,-3000,0,0,0,-2000
2483,百容            ,7000,7000,0,0,0,0,0,0,0,-2000,1000,3000,-2000,0,0,0,-2000
2597,潤弘            ,3000,7000,-4000,0,0,0,0,0,0,2000,2000,0,2000,0,0,0,-2000
6172,互億            ,5000,7000,-2000,0,0,0,0,0,0,0,0,0,0,0,0,0,-2000
4545,銘鈺            ,14000,13000,1000,0,0,0,0,0,0,-3000,0,3000,-3000,0,0,0,-2000
4439,冠星-KY         ,0,1000,-1000,0,0,0,0,0,0,-1000,0,1000,-1000,0,0,0,-2000
3593,力銘            ,4000,6000,-2000,0,0,0,0,0,0,0,0,0,0,0,0,0,-2000
08828P,上証2X群益01售05,0,0,0,0,0,0,0,0,0,-2000,0,0,0,0,2000,-2000,-2000
08689P,高股息中信01售01,0,0,0,0,0,0,0,0,0,-2000,0,0,0,3000,5000,-2000,-2000
1445,大宇            ,0,0,0,0,0,0,0,0,0,-2000,0,2000,-2000,0,0,0,-2000
1617,榮星            ,5000,1000,4000,0,0,0,0,0,0,-6000,0,6000,-6000,0,0,0,-2000
9934,成霖            ,126000,103000,23000,0,0,0,0,0,0,-25000,0,25000,-25000,0,0,0,-2000
08310P,南電凱基9C售01  ,0,0,0,0,0,0,0,0,0,-3000,0,0,0,0,3000,-3000,-3000
08236P,國巨富邦03售01  ,0,0,0,0,0,0,0,0,0,-3000,0,0,0,11000,14000,-3000,-3000
069567,聯發科凱基04購02,0,0,0,0,0,0,0,0,0,-3000,0,0,0,5000,8000,-3000,-3000
070033,宏碁國泰04購01  ,0,0,0,0,0,0,0,0,0,-3000,0,0,0,1000,4000,-3000,-3000
07190P,臺股指富邦9C售02,0,0,0,0,0,0,0,0,0,-3000,0,0,0,0,3000,-3000,-3000
069840,金像電群益03購01,0,0,0,0,0,0,0,0,0,-3000,0,0,0,2000,5000,-3000,-3000
069048,台積電元富08購14,0,0,0,0,0,0,0,0,0,-3000,0,0,0,133000,136000,-3000,-3000
068795,上緯控凱基02購02,0,0,0,0,0,0,0,0,0,-3000,0,0,0,355000,358000,-3000,-3000
069277,欣興永豐02購06  ,0,0,0,0,0,0,0,0,0,-3000,0,0,0,138000,141000,-3000,-3000
069290,玉晶光第一02購01,0,0,0,0,0,0,0,0,0,-3000,0,0,0,0,3000,-3000,-3000
069374,長興元大02購01  ,0,0,0,0,0,0,0,0,0,-3000,0,0,0,30000,33000,-3000,-3000
069113,鴻海群益03購01  ,0,0,0,0,0,0,0,0,0,-3000,0,0,0,0,3000,-3000,-3000
068425,道瓊銀凱基04購01,0,0,0,0,0,0,0,0,0,-3000,0,0,0,5000,8000,-3000,-3000
068322,國巨元大03購02  ,0,0,0,0,0,0,0,0,0,-3000,0,0,0,10000,13000,-3000,-3000
068117,欣興元富07購02  ,0,0,0,0,0,0,0,0,0,-3000,0,0,0,0,3000,-3000,-3000
068212,GIS凱基02購04   ,0,0,0,0,0,0,0,0,0,-3000,0,0,0,2000,5000,-3000,-3000
068251,大立光元大01購18,0,0,0,0,0,0,0,0,0,-3000,0,0,0,68000,71000,-3000,-3000
068673,聯發科統一03購11,0,0,0,0,0,0,0,0,0,-3000,0,0,0,2000,5000,-3000,-3000
068716,華通元大02購03  ,0,0,0,0,0,0,0,0,0,-3000,0,0,0,7000,10000,-3000,-3000
060722,矽格永豐9A購01  ,0,0,0,0,0,0,0,0,0,-3000,0,0,0,12000,15000,-3000,-3000
061132,志超永豐9A購01  ,0,0,0,0,0,0,0,0,0,-3000,0,0,0,0,3000,-3000,-3000
059901,滬深2X元大9C購07,0,0,0,0,0,0,0,0,0,-3000,0,0,0,0,3000,-3000,-3000
059944,欣興永豐99購03  ,0,0,0,0,0,0,0,0,0,-3000,0,0,0,3000,6000,-3000,-3000
058675,康控群益9B購01  ,0,0,0,0,0,0,0,0,0,-3000,0,0,0,2000,5000,-3000,-3000
059403,T50反1台新03購03,0,0,0,0,0,0,0,0,0,-3000,0,0,0,0,3000,-3000,-3000
060149,元金2X富邦04購01,0,0,0,0,0,0,0,0,0,-3000,0,0,0,0,3000,-3000,-3000
060482,東元富邦9A購01  ,0,0,0,0,0,0,0,0,0,-3000,0,0,0,0,3000,-3000,-3000
059649,矽力凱基99購02  ,0,0,0,0,0,0,0,0,0,-3000,0,0,0,3000,6000,-3000,-3000
060886,國巨統一01購03  ,0,0,0,0,0,0,0,0,0,-3000,0,0,0,0,3000,-3000,-3000
061572,奇力新元大9A購04,0,0,0,0,0,0,0,0,0,-3000,0,0,0,7000,10000,-3000,-3000
03466P,玉晶光台新02售01,0,0,0,0,0,0,0,0,0,-3000,0,0,0,0,3000,-3000,-3000
058719,智邦元富99購01  ,0,0,0,0,0,0,0,0,0,-3000,0,0,0,0,3000,-3000,-3000
061018,台積電國票9B購05,0,0,0,0,0,0,0,0,0,-3000,0,0,0,0,3000,-3000,-3000
060627,國巨國泰9B購05  ,0,0,0,0,0,0,0,0,0,-3000,0,0,0,11000,14000,-3000,-3000
056095,臻鼎元富9A購01  ,0,0,0,0,0,0,0,0,0,-3000,0,0,0,2000,5000,-3000,-3000
03064P,台灣50群益01售14,0,0,0,0,0,0,0,0,0,-3000,0,0,0,43000,46000,-3000,-3000
03223P,華通凱基03售03  ,0,0,0,0,0,0,0,0,0,-3000,0,0,0,36000,39000,-3000,-3000
00682U,元大美元指數    ,0,0,0,0,0,0,0,0,0,-3000,0,0,0,0,3000,-3000,-3000
062326,國巨統一9C購09  ,0,0,0,0,0,0,0,0,0,-3000,0,0,0,0,3000,-3000,-3000
062313,聯詠凱基9C購01  ,0,0,0,0,0,0,0,0,0,-3000,0,0,0,0,3000,-3000,-3000
064196,健策群益01購01  ,0,0,0,0,0,0,0,0,0,-3000,0,0,0,6000,9000,-3000,-3000
064193,華新群益9C購01  ,0,0,0,0,0,0,0,0,0,-3000,0,0,0,39000,42000,-3000,-3000
064620,大立光元大01購03,0,0,0,0,0,0,0,0,0,-3000,0,0,0,9000,12000,-3000,-3000
062070,金寶元大9B購01  ,0,0,0,0,0,0,0,0,0,-3000,0,0,0,0,3000,-3000,-3000
062138,力成群益9B購01  ,0,0,0,0,0,0,0,0,0,-3000,0,0,0,10000,13000,-3000,-3000
062392,國巨富邦02購01  ,0,0,0,0,0,0,0,0,0,-3000,0,0,0,168000,171000,-3000,-3000
061850,國巨國票9C購02  ,0,0,0,0,0,0,0,0,0,-3000,0,0,0,0,3000,-3000,-3000
061841,晶技凱基9C購01  ,0,0,0,0,0,0,0,0,0,-3000,0,0,0,0,3000,-3000,-3000
064947,台積電凱基01購08,0,0,0,0,0,0,0,0,0,-3000,0,0,0,5000,8000,-3000,-3000
064807,義隆元大9C購03  ,0,0,0,0,0,0,0,0,0,-3000,0,0,0,27000,30000,-3000,-3000
063268,GIS中信9B購01   ,0,0,0,0,0,0,0,0,0,-3000,0,0,0,0,3000,-3000,-3000
064310,華新科群益9C購02,0,0,0,0,0,0,0,0,0,-3000,0,0,0,5000,8000,-3000,-3000
063033,台積電凱基9B購09,0,0,0,0,0,0,0,0,0,-3000,0,0,0,0,3000,-3000,-3000
062992,聯發科群益9B購09,0,0,0,0,0,0,0,0,0,-3000,0,0,0,0,3000,-3000,-3000
062586,國巨統一01購06  ,0,0,0,0,0,0,0,0,0,-3000,0,0,0,0,3000,-3000,-3000
067503,聚陽統一03購01  ,0,0,0,0,0,0,0,0,0,-3000,0,0,0,3000,6000,-3000,-3000
067717,聯電凱基03購01  ,0,0,0,0,0,0,0,0,0,-3000,0,0,0,2000,5000,-3000,-3000
067734,亞德客元大01購03,0,0,0,0,0,0,0,0,0,-3000,0,0,0,113000,116000,-3000,-3000
067795,臺股指群益01購07,0,0,0,0,0,0,0,0,0,-3000,0,0,0,7000,10000,-3000,-3000
066583,上証2X群益03購01,0,0,0,0,0,0,0,0,0,-3000,0,0,0,0,3000,-3000,-3000
066106,台郡國票02購01  ,0,0,0,0,0,0,0,0,0,-3000,0,0,0,0,3000,-3000,-3000
065301,聯發科元富03購03,0,0,0,0,0,0,0,0,0,-3000,0,0,0,0,3000,-3000,-3000
065429,微星凱基02購02  ,0,0,0,0,0,0,0,0,0,-3000,0,0,0,66000,69000,-3000,-3000
1340,勝悅-KY         ,15000,18000,-3000,0,0,0,0,0,0,0,0,0,0,0,0,0,-3000
2397,友通            ,0,5000,-5000,0,0,0,0,0,0,2000,2000,0,2000,0,0,0,-3000
1108,幸福            ,29000,32000,-3000,0,0,0,0,0,0,0,0,0,0,0,0,0,-3000
1203,味王            ,2000,5000,-3000,0,0,0,0,0,0,0,0,0,0,0,0,0,-3000
08965P,台灣50元大01售30,0,0,0,0,0,0,0,0,0,-3000,0,0,0,0,3000,-3000,-3000
08919P,臺股指凱基01售10,0,0,0,0,0,0,0,0,0,-3000,0,0,0,0,3000,-3000,-3000
4552,力達-KY         ,22000,25000,-3000,0,0,0,0,0,0,0,0,0,0,0,0,0,-3000
4807,日成-KY         ,1000,4000,-3000,0,0,0,0,0,0,0,0,0,0,0,0,0,-3000
6133,金橋            ,12000,17000,-5000,0,0,0,0,0,0,2000,3000,1000,2000,0,0,0,-3000
6541,泰福-KY         ,20000,23000,-3000,0,0,0,0,0,0,0,0,0,0,0,0,0,-3000
2642,宅配通          ,26000,31000,-5000,0,0,0,0,0,0,2000,2000,0,2000,0,0,0,-3000
2923,鼎固-KY         ,113000,116000,-3000,0,0,0,0,0,0,0,0,0,0,0,0,0,-3000
3046,建碁            ,0,3000,-3000,0,0,0,0,0,0,0,0,0,0,0,0,0,-3000
3130,一零四          ,0,3000,-3000,0,0,0,0,0,0,0,0,0,0,0,0,0,-3000
068173,友達中信01購05  ,0,0,0,0,0,0,0,0,0,-4000,0,0,0,130000,134000,-4000,-4000
068294,玉晶光兆豐03購01,0,0,0,0,0,0,0,0,0,-4000,0,0,0,8000,12000,-4000,-4000
069346,牧德群益03購01  ,0,0,0,0,0,0,0,0,0,-4000,0,0,0,0,4000,-4000,-4000
069005,奇力新兆豐03購01,0,0,0,0,0,0,0,0,0,-4000,0,0,0,0,4000,-4000,-4000
07274P,上証2X群益01售01,0,0,0,0,0,0,0,0,0,-4000,0,0,0,0,4000,-4000,-4000
07475P,A50正2群益9C售02,0,0,0,0,0,0,0,0,0,-4000,0,0,0,0,4000,-4000,-4000
070039,統一永豐02購01  ,0,0,0,0,0,0,0,0,0,-4000,0,0,0,0,4000,-4000,-4000
070050,南電永豐02購03  ,0,0,0,0,0,0,0,0,0,-4000,0,0,0,0,4000,-4000,-4000
069606,智易國票03購01  ,0,0,0,0,0,0,0,0,0,-4000,0,0,0,0,4000,-4000,-4000
08399P,技嘉元富9C售02  ,0,0,0,0,0,0,0,0,0,-4000,0,0,0,6000,10000,-4000,-4000
08363P,南亞科凱基01售01,0,0,0,0,0,0,0,0,0,-4000,0,0,0,50000,54000,-4000,-4000
08610P,鴻海凱基9C售05  ,0,0,0,0,0,0,0,0,0,-4000,0,0,0,109000,113000,-4000,-4000
08465P,玉晶光兆豐01售02,0,0,0,0,0,0,0,0,0,-4000,0,0,0,150000,154000,-4000,-4000
00685L,群益臺灣加權正2 ,0,0,0,0,0,0,0,0,0,-4000,0,0,0,25000,29000,-4000,-4000
006203,元大MSCI台灣    ,2000,2000,0,0,0,0,0,0,0,-4000,0,0,0,0,4000,-4000,-4000
03268P,可成元大02售01  ,0,0,0,0,0,0,0,0,0,-4000,0,0,0,23000,27000,-4000,-4000
057055,立積元大99購01  ,0,0,0,0,0,0,0,0,0,-4000,0,0,0,0,4000,-4000,-4000
060684,同欣電元大9A購01,0,0,0,0,0,0,0,0,0,-4000,0,0,0,0,4000,-4000,-4000
058725,美律富邦9A購01  ,0,0,0,0,0,0,0,0,0,-4000,0,0,0,4000,8000,-4000,-4000
060571,京元電永豐9A購01,0,0,0,0,0,0,0,0,0,-4000,0,0,0,0,4000,-4000,-4000
03467P,臺股指中信04售06,0,0,0,0,0,0,0,0,0,-4000,0,0,0,0,4000,-4000,-4000
048105,滬深2X群益99購02,0,0,0,0,0,0,0,0,0,-4000,0,0,0,0,4000,-4000,-4000
053396,漢唐中信9A購01  ,0,0,0,0,0,0,0,0,0,-4000,0,0,0,0,4000,-4000,-4000
061655,微星國票9A購01  ,0,0,0,0,0,0,0,0,0,-4000,0,0,0,0,4000,-4000,-4000
064032,群創元大9C購06  ,0,0,0,0,0,0,0,0,0,-4000,0,0,0,0,4000,-4000,-4000
057613,瑞昱元富02購02  ,0,0,0,0,0,0,0,0,0,-4000,0,0,0,0,4000,-4000,-4000
057985,華通元富02購03  ,0,0,0,0,0,0,0,0,0,-4000,0,0,0,0,4000,-4000,-4000
058152,聯發科統一9B購02,0,0,0,0,0,0,0,0,0,-4000,0,0,0,0,4000,-4000,-4000
058062,上銀中信98購01  ,0,0,0,0,0,0,0,0,0,-4000,0,0,0,0,4000,-4000,-4000
060221,大立光凱基9A購07,0,0,0,0,0,0,0,0,0,-4000,0,0,0,0,4000,-4000,-4000
060227,和大元大9A購01  ,0,0,0,0,0,0,0,0,0,-4000,0,0,0,0,4000,-4000,-4000
059360,全新永豐99購02  ,0,0,0,0,0,0,0,0,0,-4000,0,0,0,1000,5000,-4000,-4000
059452,全新永豐99購03  ,0,0,0,0,0,0,0,0,0,-4000,0,0,0,1000,5000,-4000,-4000
058527,世紀鋼元大99購01,0,0,0,0,0,0,0,0,0,-4000,0,0,0,226000,230000,-4000,-4000
063790,南亞科台新9C購01,0,0,0,0,0,0,0,0,0,-4000,0,0,0,38000,42000,-4000,-4000
064020,華通元大01購01  ,0,0,0,0,0,0,0,0,0,-4000,0,0,0,65000,69000,-4000,-4000
064121,國巨元大9C購16  ,0,0,0,0,0,0,0,0,0,-4000,0,0,0,90000,94000,-4000,-4000
063212,聯發科國票9C購02,0,0,0,0,0,0,0,0,0,-4000,0,0,0,2000,6000,-4000,-4000
063471,泰鼎元大9C購01  ,0,0,0,0,0,0,0,0,0,-4000,0,0,0,1000,5000,-4000,-4000
063601,金像電凱基01購01,0,0,0,0,0,0,0,0,0,-4000,0,0,0,2000,6000,-4000,-4000
065004,瑞昱國票01購02  ,0,0,0,0,0,0,0,0,0,-4000,0,0,0,0,4000,-4000,-4000
061988,大立光元大9B購04,0,0,0,0,0,0,0,0,0,-4000,0,0,0,0,4000,-4000,-4000
062115,臺股指國票9B購09,0,0,0,0,0,0,0,0,0,-4000,0,0,0,8000,12000,-4000,-4000
062307,華通凱基9C購01  ,0,0,0,0,0,0,0,0,0,-4000,0,0,0,0,4000,-4000,-4000
065327,台表科凱基9C購02,0,0,0,0,0,0,0,0,0,-4000,0,0,0,10000,14000,-4000,-4000
065785,奇力新永豐9C購02,0,0,0,0,0,0,0,0,0,-4000,0,0,0,0,4000,-4000,-4000
066572,台郡元大01購02  ,0,0,0,0,0,0,0,0,0,-4000,0,0,0,0,4000,-4000,-4000
066373,美利達中信01購01,0,0,0,0,0,0,0,0,0,-4000,0,0,0,17000,21000,-4000,-4000
066384,訊芯康和01購01  ,0,0,0,0,0,0,0,0,0,-4000,0,0,0,0,4000,-4000,-4000
066385,巨大康和01購01  ,0,0,0,0,0,0,0,0,0,-4000,0,0,0,1000,5000,-4000,-4000
067765,百和永豐01購01  ,0,0,0,0,0,0,0,0,0,-4000,0,0,0,35000,39000,-4000,-4000
067766,上銀統一02購02  ,0,0,0,0,0,0,0,0,0,-4000,0,0,0,61000,65000,-4000,-4000
067673,義隆元大01購06  ,0,0,0,0,0,0,0,0,0,-4000,0,0,0,0,4000,-4000,-4000
067128,華城永豐01購02  ,0,0,0,0,0,0,0,0,0,-4000,0,0,0,63000,67000,-4000,-4000
067298,台積電元大02購04,0,0,0,0,0,0,0,0,0,-4000,0,0,0,20000,24000,-4000,-4000
3229,晟鈦            ,5000,9000,-4000,0,0,0,0,0,0,0,0,0,0,0,0,0,-4000
3432,台端            ,5000,5000,0,0,0,0,0,0,0,-4000,0,4000,-4000,0,0,0,-4000
2887E,台新戊特        ,0,0,0,0,0,0,0,4000,-4000,0,0,0,0,0,0,0,-4000
2459,敦吉            ,16000,21000,-5000,0,0,0,0,0,0,1000,1000,0,1000,0,0,0,-4000
6431,光麗-KY         ,3000,7000,-4000,0,0,0,0,0,0,0,0,0,0,0,0,0,-4000
8411,福貞-KY         ,14000,16000,-2000,0,0,0,0,0,0,-2000,0,2000,-2000,0,0,0,-4000
6592,和潤企業        ,185000,187000,-2000,0,0,0,0,0,0,-2000,3000,0,3000,6000,11000,-5000,-4000
4722,國精化          ,48000,50000,-2000,0,0,0,0,0,0,-2000,0,2000,-2000,0,0,0,-4000
08892P,台積電元大01售27,0,0,0,0,0,0,0,0,0,-4000,0,0,0,74000,78000,-4000,-4000
08775P,台灣50群益01售05,0,0,0,0,0,0,0,0,0,-4000,0,0,0,0,4000,-4000,-4000
2033,佳大            ,0,1000,-1000,0,0,0,0,0,0,-3000,0,3000,-3000,0,0,0,-4000
1530,亞崴            ,0,0,0,0,0,0,0,0,0,-4000,0,4000,-4000,0,0,0,-4000
9929,秋雨            ,0,4000,-4000,0,0,0,0,0,0,0,0,0,0,0,0,0,-4000
08548P,台勝科凱基9C售03,0,0,0,0,0,0,0,0,0,-5000,0,0,0,0,5000,-5000,-5000
08558P,香港2X國票9C售01,0,0,0,0,0,0,0,0,0,-5000,0,0,0,20000,25000,-5000,-5000
08087P,聯發科凱基9B售12,0,0,0,0,0,0,0,0,0,-5000,0,0,0,0,5000,-5000,-5000
069664,訊芯兆豐03購01  ,0,0,0,0,0,0,0,0,0,-5000,0,0,0,0,5000,-5000,-5000
069756,國巨兆豐03購04  ,0,0,0,0,0,0,0,0,0,-5000,0,0,0,0,5000,-5000,-5000
069480,聯電元大02購10  ,0,0,0,0,0,0,0,0,0,-5000,0,0,0,0,5000,-5000,-5000
069495,鎧勝元大02購02  ,0,0,0,0,0,0,0,0,0,-5000,0,0,0,45000,50000,-5000,-5000
07006P,旺宏統一9B售03  ,0,0,0,0,0,0,0,0,0,-5000,0,0,0,11000,16000,-5000,-5000
069997,可成元富08購02  ,0,0,0,0,0,0,0,0,0,-5000,0,0,0,0,5000,-5000,-5000
069888,儒鴻元大02購01  ,0,0,0,0,0,0,0,0,0,-5000,0,0,0,100000,105000,-5000,-5000
068963,欣興群益02購03  ,0,0,0,0,0,0,0,0,0,-5000,0,0,0,74000,79000,-5000,-5000
068906,台灣50群益02購10,0,0,0,0,0,0,0,0,0,-5000,0,0,0,30000,35000,-5000,-5000
068917,臺股指群益02購03,0,0,0,0,0,0,0,0,0,-5000,0,0,0,0,5000,-5000,-5000
069299,滬深2X凱基02購01,0,0,0,0,0,0,0,0,0,-5000,0,0,0,0,5000,-5000,-5000
069168,景碩元大02購03  ,0,0,0,0,0,0,0,0,0,-5000,0,0,0,123000,128000,-5000,-5000
069256,泰鼎凱基02購02  ,0,0,0,0,0,0,0,0,0,-5000,0,0,0,0,5000,-5000,-5000
069189,景碩中信03購01  ,0,0,0,0,0,0,0,0,0,-5000,0,0,0,27000,32000,-5000,-5000
068297,臺指反國票01購03,0,0,0,0,0,0,0,0,0,-5000,0,0,0,0,5000,-5000,-5000
068361,惠特凱基03購01  ,0,0,0,0,0,0,0,0,0,-5000,0,0,0,5000,10000,-5000,-5000
068429,裕隆凱基01購01  ,0,0,0,0,0,0,0,0,0,-5000,0,0,0,35000,40000,-5000,-5000
068441,台勝科凱基01購03,0,0,0,0,0,0,0,0,0,-5000,0,0,0,0,5000,-5000,-5000
06841P,臺股指統一9A售02,0,0,0,0,0,0,0,0,0,-5000,0,0,0,0,5000,-5000,-5000
068193,順德凱基01購01  ,0,0,0,0,0,0,0,0,0,-5000,0,0,0,0,5000,-5000,-5000
068726,全新元大02購01  ,0,0,0,0,0,0,0,0,0,-5000,0,0,0,0,5000,-5000,-5000
068743,滬深2X群益02購04,0,0,0,0,0,0,0,0,0,-5000,0,0,0,0,5000,-5000,-5000
068764,台積電統一02購09,0,0,0,0,0,0,0,0,0,-5000,0,0,0,0,5000,-5000,-5000
059794,滬深2X國票99購04,0,0,0,0,0,0,0,0,0,-5000,0,0,0,0,5000,-5000,-5000
059214,國巨元大99購20  ,0,0,0,0,0,0,0,0,0,-5000,0,0,0,21000,26000,-5000,-5000
060043,全新群益9B購02  ,0,0,0,0,0,0,0,0,0,-5000,0,0,0,4000,9000,-5000,-5000
060013,S&P正2康和99購01,0,0,0,0,0,0,0,0,0,-5000,0,0,0,0,5000,-5000,-5000
059391,立積凱基9A購01  ,0,0,0,0,0,0,0,0,0,-5000,0,0,0,0,5000,-5000,-5000
058651,FBVIX中信9C購01 ,0,0,0,0,0,0,0,0,0,-5000,0,0,0,0,5000,-5000,-5000
060191,亞光元富9A購02  ,0,0,0,0,0,0,0,0,0,-5000,0,0,0,25000,30000,-5000,-5000
060251,易華電元大9C購01,0,0,0,0,0,0,0,0,0,-5000,0,0,0,0,5000,-5000,-5000
060340,國巨統一01購02  ,0,0,0,0,0,0,0,0,0,-5000,0,0,0,0,5000,-5000,-5000
057876,隆達元大98購01  ,0,0,0,0,0,0,0,0,0,-5000,0,0,0,2000,7000,-5000,-5000
057894,華通元富02購02  ,0,0,0,0,0,0,0,0,0,-5000,0,0,0,0,5000,-5000,-5000
057764,台表科凱基9A購01,0,0,0,0,0,0,0,0,0,-5000,0,0,0,0,5000,-5000,-5000
060485,華新科富邦9C購04,0,0,0,0,0,0,0,0,0,-5000,0,0,0,0,5000,-5000,-5000
060900,超眾凱基9B購01  ,0,0,0,0,0,0,0,0,0,-5000,0,0,0,0,5000,-5000,-5000
059682,可成富邦9A購01  ,0,0,0,0,0,0,0,0,0,-5000,0,0,0,0,5000,-5000,-5000
061666,友達中信01購01  ,0,0,0,0,0,0,0,0,0,-5000,0,0,0,6000,11000,-5000,-5000
062462,GIS群益9B購01   ,0,0,0,0,0,0,0,0,0,-5000,0,0,0,0,5000,-5000,-5000
061600,聯電凱基9B購01  ,0,0,0,0,0,0,0,0,0,-5000,0,0,0,0,5000,-5000,-5000
062476,神隆國票9B購01  ,0,0,0,0,0,0,0,0,0,-5000,0,0,0,39000,44000,-5000,-5000
051218,聯發科元富9B購02,0,0,0,0,0,0,0,0,0,-5000,0,0,0,0,5000,-5000,-5000
03526P,欣興凱基02售13  ,0,0,0,0,0,0,0,0,0,-5000,0,0,0,55000,60000,-5000,-5000
03468P,臺股指中信05售04,0,0,0,0,0,0,0,0,0,-5000,0,0,0,0,5000,-5000,-5000
057331,台積電國票99購04,0,0,0,0,0,0,0,0,0,-5000,0,0,0,0,5000,-5000,-5000
057413,臺股指群益9C購04,0,0,0,0,0,0,0,0,0,-5000,0,0,0,0,5000,-5000,-5000
057118,欣興日盛9A購01  ,0,0,0,0,0,0,0,0,0,-5000,0,0,0,0,5000,-5000,-5000
057183,玉晶光元大99購07,0,0,0,0,0,0,0,0,0,-5000,0,0,0,10000,15000,-5000,-5000
03326P,臺股指凱基05售01,0,0,0,0,0,0,0,0,0,-5000,0,0,0,0,5000,-5000,-5000
03047X,元展44          ,0,0,0,0,0,0,0,0,0,-5000,0,0,0,0,5000,-5000,-5000
03042P,玉晶光國票04售01,0,0,0,0,0,0,0,0,0,-5000,0,0,0,0,5000,-5000,-5000
03104P,大立光元富04售01,0,0,0,0,0,0,0,0,0,-5000,0,0,0,0,5000,-5000,-5000
03306P,臺股指中信05售01,0,0,0,0,0,0,0,0,0,-5000,0,0,0,0,5000,-5000,-5000
03182P,聯電元大01售08  ,0,0,0,0,0,0,0,0,0,-5000,0,0,0,0,5000,-5000,-5000
00735,國泰臺韓科技    ,0,120000,-120000,0,0,0,0,0,0,115000,0,0,0,165000,50000,115000,-5000
00743,國泰中國A150    ,0,0,0,0,0,0,0,0,0,-5000,0,0,0,2000,7000,-5000,-5000
00690,兆豐藍籌30      ,1000,1000,0,0,0,0,0,0,0,-5000,0,0,0,411000,416000,-5000,-5000
062359,旺宏元大9C購02  ,0,0,0,0,0,0,0,0,0,-5000,0,0,0,0,5000,-5000,-5000
062431,元金2X元大9B購02,0,0,0,0,0,0,0,0,0,-5000,0,0,0,0,5000,-5000,-5000
062445,大立光元大9C購02,0,0,0,0,0,0,0,0,0,-5000,0,0,0,0,5000,-5000,-5000
064186,燿華永豐9C購01  ,0,0,0,0,0,0,0,0,0,-5000,0,0,0,0,5000,-5000,-5000
062057,華邦電統一01購01,0,0,0,0,0,0,0,0,0,-5000,0,0,0,5000,10000,-5000,-5000
062160,南六凱基9B購01  ,0,0,0,0,0,0,0,0,0,-5000,0,0,0,0,5000,-5000,-5000
062035,瑞祺群益9B購01  ,0,0,0,0,0,0,0,0,0,-5000,0,0,0,0,5000,-5000,-5000
061853,晶技國票9B購02  ,0,0,0,0,0,0,0,0,0,-5000,0,0,0,5000,10000,-5000,-5000
064456,禾伸堂統一01購01,0,0,0,0,0,0,0,0,0,-5000,0,0,0,0,5000,-5000,-5000
061802,勤誠永豐9B購01  ,0,0,0,0,0,0,0,0,0,-5000,0,0,0,0,5000,-5000,-5000
061565,滬深2X元大9A購08,0,0,0,0,0,0,0,0,0,-5000,0,0,0,0,5000,-5000,-5000
061542,旺宏群益9A購04  ,0,0,0,0,0,0,0,0,0,-5000,0,0,0,0,5000,-5000,-5000
065006,景碩國票01購01  ,0,0,0,0,0,0,0,0,0,-5000,0,0,0,131000,136000,-5000,-5000
065036,世芯統一02購02  ,0,0,0,0,0,0,0,0,0,-5000,0,0,0,1000,6000,-5000,-5000
063582,瑞祺國泰9C購01  ,0,0,0,0,0,0,0,0,0,-5000,0,0,0,23000,28000,-5000,-5000
062907,可成元大9C購03  ,0,0,0,0,0,0,0,0,0,-5000,0,0,0,34000,39000,-5000,-5000
062902,智邦元大9B購07  ,0,0,0,0,0,0,0,0,0,-5000,0,0,0,35000,40000,-5000,-5000
064829,義隆統一01購02  ,0,0,0,0,0,0,0,0,0,-5000,0,0,0,15000,20000,-5000,-5000
064878,大立光兆豐9C購03,0,0,0,0,0,0,0,0,0,-5000,0,0,0,0,5000,-5000,-5000
061924,聯發科凱基9C購01,0,0,0,0,0,0,0,0,0,-5000,0,0,0,0,5000,-5000,-5000
063470,泰鼎元大9B購03  ,0,0,0,0,0,0,0,0,0,-5000,0,0,0,30000,35000,-5000,-5000
063085,嘉澤凱基9C購01  ,0,0,0,0,0,0,0,0,0,-5000,0,0,0,0,5000,-5000,-5000
062921,GIS元大9B購01   ,0,0,0,0,0,0,0,0,0,-5000,0,0,0,0,5000,-5000,-5000
064117,中興電元大9C購01,0,0,0,0,0,0,0,0,0,-5000,0,0,0,12000,17000,-5000,-5000
063894,漢唐群益9C購01  ,0,0,0,0,0,0,0,0,0,-5000,0,0,0,62000,67000,-5000,-5000
063887,香港2X中信02購01,0,0,0,0,0,0,0,0,0,-5000,0,0,0,0,5000,-5000,-5000
063904,大立光麥證01購01,0,0,0,3000,8000,-5000,0,0,0,-5000,0,0,0,3000,8000,-5000,-5000
062559,嘉晶凱基9B購02  ,0,0,0,0,0,0,0,0,0,-5000,0,0,0,7000,12000,-5000,-5000
063282,奇力新元大9B購06,0,0,0,0,0,0,0,0,0,-5000,0,0,0,10000,15000,-5000,-5000
061347,創意元大9A購02  ,0,0,0,0,0,0,0,0,0,-5000,0,0,0,5000,10000,-5000,-5000
061312,滬深2X凱基9A購05,0,0,0,0,0,0,0,0,0,-5000,0,0,0,0,5000,-5000,-5000
063815,玉晶光群益02購01,0,0,0,0,0,0,0,0,0,-5000,0,0,0,3000,8000,-5000,-5000
063836,台塑元大9C購01  ,0,0,0,0,0,0,0,0,0,-5000,0,0,0,67000,72000,-5000,-5000
063701,燿華群益9B購02  ,0,0,0,0,0,0,0,0,0,-5000,0,0,0,0,5000,-5000,-5000
064435,聯發科凱基02購03,0,0,0,0,0,0,0,0,0,-5000,0,0,0,0,5000,-5000,-5000
063655,華通元富9B購01  ,0,0,0,0,0,0,0,0,0,-5000,0,0,0,195000,200000,-5000,-5000
067079,聯鈞元大02購01  ,0,0,0,0,0,0,0,0,0,-5000,0,0,0,0,5000,-5000,-5000
067206,台積電元大01購23,0,0,0,0,0,0,0,0,0,-5000,0,0,0,0,5000,-5000,-5000
067028,上海銀兆豐03購01,0,0,0,0,0,0,0,0,0,-5000,0,0,0,0,5000,-5000,-5000
066804,緯創凱基01購01  ,0,0,0,0,0,0,0,0,0,-5000,0,0,0,0,5000,-5000,-5000
066797,台積電凱基02購09,0,0,0,0,0,0,0,0,0,-5000,0,0,0,0,5000,-5000,-5000
066829,奇力新群益01購01,0,0,0,0,0,0,0,0,0,-5000,0,0,0,0,5000,-5000,-5000
06685P,鴻海國泰9A售01  ,0,0,0,0,0,0,0,0,0,-5000,0,0,0,0,5000,-5000,-5000
067640,欣興統一02購03  ,0,0,0,0,0,0,0,0,0,-5000,0,0,0,5000,10000,-5000,-5000
067598,台積電凱基01購13,0,0,0,0,0,0,0,0,0,-5000,0,0,0,0,5000,-5000,-5000
067736,國巨元大02購04  ,0,0,0,0,0,0,0,0,0,-5000,0,0,0,0,5000,-5000,-5000
067764,寶成永豐01購01  ,0,0,0,0,0,0,0,0,0,-5000,0,0,0,0,5000,-5000,-5000
067471,台積電元大01購26,0,0,0,0,0,0,0,0,0,-5000,0,0,0,1000,6000,-5000,-5000
067457,FBVIX國泰03購01 ,0,0,0,0,0,0,0,0,0,-5000,0,0,0,0,5000,-5000,-5000
067796,臺股指群益01購08,0,0,0,0,0,0,0,0,0,-5000,0,0,0,0,5000,-5000,-5000
067914,鴻海永豐01購01  ,0,0,0,0,0,0,0,0,0,-5000,0,0,0,0,5000,-5000,-5000
067910,玉晶光國泰03購03,0,0,0,0,0,0,0,0,0,-5000,0,0,0,0,5000,-5000,-5000
068098,同欣電富邦01購02,0,0,0,0,0,0,0,0,0,-5000,0,0,0,0,5000,-5000,-5000
066406,南六凱基01購02  ,0,0,0,0,0,0,0,0,0,-5000,0,0,0,0,5000,-5000,-5000
066418,京元電元大01購02,0,0,0,0,0,0,0,0,0,-5000,0,0,0,9000,14000,-5000,-5000
066420,宏達電元大02購01,0,0,0,0,0,0,0,0,0,-5000,0,0,0,12000,17000,-5000,-5000
066059,帆宣元大01購01  ,0,0,0,0,0,0,0,0,0,-5000,0,0,0,0,5000,-5000,-5000
066173,泰碩凱基02購01  ,0,0,0,0,0,0,0,0,0,-5000,0,0,0,0,5000,-5000,-5000
065804,大立光群益01購04,0,0,0,0,0,0,0,0,0,-5000,0,0,0,0,5000,-5000,-5000
065736,同欣電凱基9C購05,0,0,0,0,0,0,0,0,0,-5000,0,0,0,30000,35000,-5000,-5000
065737,南茂凱基9C購02  ,0,0,0,0,0,0,0,0,0,-5000,0,0,0,47000,52000,-5000,-5000
065896,智易統一02購01  ,0,0,0,0,0,0,0,0,0,-5000,0,0,0,5000,10000,-5000,-5000
065925,鴻海國票04購01  ,0,0,0,0,0,0,0,0,0,-5000,0,0,0,577000,582000,-5000,-5000
065342,華邦電統一02購01,0,0,0,0,0,0,0,0,0,-5000,0,0,0,0,5000,-5000,-5000
065353,GIS統一02購03   ,0,0,0,0,0,0,0,0,0,-5000,0,0,0,5000,10000,-5000,-5000
065414,立積永豐9C購01  ,0,0,0,0,0,0,0,0,0,-5000,0,0,0,3000,8000,-5000,-5000
065626,華新科兆豐9C購02,0,0,0,0,0,0,0,0,0,-5000,0,0,0,0,5000,-5000,-5000
065599,台光電元大9C購05,0,0,0,0,0,0,0,0,0,-5000,0,0,0,40000,45000,-5000,-5000
8940,新天地          ,3000,8000,-5000,0,0,0,0,0,0,0,0,0,0,0,0,0,-5000
2114,鑫永銓          ,3000,6000,-3000,0,0,0,0,0,0,-2000,0,2000,-2000,0,0,0,-5000
1909,榮成            ,956000,1082000,-126000,0,0,0,0,0,0,121000,123000,2000,121000,0,0,0,-5000
08788P,A50正2元富01售03,0,0,0,0,0,0,0,0,0,-5000,0,0,0,0,5000,-5000,-5000
08627P,臺股指群益9C售22,0,0,0,0,0,0,0,0,0,-5000,0,0,0,0,5000,-5000,-5000
08898P,台積電群益01售15,0,0,0,0,0,0,0,0,0,-5000,0,0,0,0,5000,-5000,-5000
08841P,A50正2中信03售02,0,0,0,0,0,0,0,0,0,-5000,0,0,0,0,5000,-5000,-5000
08846P,上証2X群益03售03,0,0,0,0,0,0,0,0,0,-5000,0,0,0,0,5000,-5000,-5000
4566,時碩工業        ,9000,14000,-5000,0,0,0,0,0,0,0,0,0,0,0,0,0,-5000
5546,永固-KY         ,0,5000,-5000,0,0,0,0,0,0,0,0,0,0,0,0,0,-5000
8341,日友            ,78000,83000,-5000,0,0,0,0,0,0,0,0,0,0,0,0,0,-5000
6579,研揚            ,0,0,0,0,0,0,0,0,0,-5000,1000,6000,-5000,0,0,0,-5000
6128,上福            ,1000,2000,-1000,0,0,0,0,0,0,-4000,1000,5000,-4000,0,0,0,-5000
2704,國賓            ,29000,33000,-4000,0,0,0,0,0,0,-1000,0,1000,-1000,0,0,0,-5000
3023,信邦            ,362000,371000,-9000,0,0,0,0,0,0,4000,3000,3000,0,19000,15000,4000,-5000
3494,誠研            ,15000,20000,-5000,0,0,0,0,0,0,0,0,0,0,0,0,0,-5000
068253,玉晶光元大01購13,0,0,0,0,0,0,0,0,0,-6000,0,0,0,295000,301000,-6000,-6000
068362,南電凱基01購06  ,0,0,0,0,0,0,0,0,0,-6000,0,0,0,35000,41000,-6000,-6000
069200,台達電元大02購02,0,0,0,0,0,0,0,0,0,-6000,0,0,0,104000,110000,-6000,-6000
069263,台光電兆豐03購01,0,0,0,0,0,0,0,0,0,-6000,0,0,0,0,6000,-6000,-6000
069395,臺股指元大03購10,0,0,0,0,0,0,0,0,0,-6000,0,0,0,0,6000,-6000,-6000
069434,景碩群益03購02  ,0,0,0,0,0,0,0,0,0,-6000,0,0,0,0,6000,-6000,-6000
068892,台達電元大02購01,0,0,0,0,0,0,0,0,0,-6000,0,0,0,59000,65000,-6000,-6000
069792,致茂凱基02購01  ,0,0,0,0,0,0,0,0,0,-6000,0,0,0,26000,32000,-6000,-6000
070040,光寶科永豐02購01,0,0,0,0,0,0,0,0,0,-6000,0,0,0,0,6000,-6000,-6000
07510P,台灣50元富04售02,0,0,0,0,0,0,0,0,0,-6000,0,0,0,0,6000,-6000,-6000
07177P,臺股指凱基99售19,0,0,0,0,0,0,0,0,0,-6000,0,0,0,0,6000,-6000,-6000
069733,玉晶光麥證02購02,0,0,0,2000,6000,-4000,0,0,0,-6000,0,0,0,2000,8000,-6000,-6000
08193P,同欣電國票9C售02,0,0,0,0,0,0,0,0,0,-6000,0,0,0,16000,22000,-6000,-6000
08613P,同欣電凱基9C售04,0,0,0,0,0,0,0,0,0,-6000,0,0,0,20000,26000,-6000,-6000
08256P,台積電元大9C售02,0,0,0,0,0,0,0,0,0,-6000,0,0,0,0,6000,-6000,-6000
03243P,台積電統一02售08,0,0,0,0,0,0,0,0,0,-6000,0,0,0,30000,36000,-6000,-6000
056290,正文永豐98購01  ,0,0,0,0,0,0,0,0,0,-6000,0,0,0,0,6000,-6000,-6000
058875,台表科國票9A購02,0,0,0,0,0,0,0,0,0,-6000,0,0,0,10000,16000,-6000,-6000
057363,華通元大99購02  ,0,0,0,0,0,0,0,0,0,-6000,0,0,0,4000,10000,-6000,-6000
03443P,台積電兆豐03售09,0,0,0,0,0,0,0,0,0,-6000,0,0,0,0,6000,-6000,-6000
03537P,欣興統一02售05  ,0,0,0,0,0,0,0,0,0,-6000,0,0,0,0,6000,-6000,-6000
062491,矽創永豐9B購01  ,0,0,0,0,0,0,0,0,0,-6000,0,0,0,0,6000,-6000,-6000
064042,國巨統一9C購12  ,0,0,0,0,0,0,0,0,0,-6000,0,0,0,22000,28000,-6000,-6000
064082,緯創中信06購01  ,0,0,0,0,0,0,0,0,0,-6000,0,0,0,14000,20000,-6000,-6000
059727,大立光元大9A購01,0,0,0,0,0,0,0,0,0,-6000,0,0,0,20000,26000,-6000,-6000
059779,滬深2X元大9C購05,0,0,0,0,0,0,0,0,0,-6000,0,0,0,0,6000,-6000,-6000
057662,上銀元大9A購01  ,0,0,0,0,0,0,0,0,0,-6000,0,0,0,54000,60000,-6000,-6000
060072,國巨元富99購04  ,0,0,0,0,0,0,0,0,0,-6000,0,0,0,3000,9000,-6000,-6000
059128,友達中信99購02  ,0,0,0,0,0,0,0,0,0,-6000,0,0,0,4000,10000,-6000,-6000
058437,可成統一9B購01  ,0,0,0,0,0,0,0,0,0,-6000,0,0,0,4000,10000,-6000,-6000
058351,上銀凱基9A購02  ,0,0,0,0,0,0,0,0,0,-6000,0,0,0,14000,20000,-6000,-6000
063575,矽格元大9B購02  ,0,0,0,0,0,0,0,0,0,-6000,0,0,0,20000,26000,-6000,-6000
063524,瑞昱凱基9B購05  ,0,0,0,0,0,0,0,0,0,-6000,0,0,0,0,6000,-6000,-6000
063538,神達統一9C購01  ,0,0,0,0,0,0,0,0,0,-6000,0,0,0,0,6000,-6000,-6000
061783,友達群益9B購01  ,0,0,0,0,0,0,0,0,0,-6000,0,0,0,0,6000,-6000,-6000
063980,智易兆豐9C購02  ,0,0,0,0,0,0,0,0,0,-6000,0,0,0,6000,12000,-6000,-6000
064293,勤誠元大9C購01  ,0,0,0,0,0,0,0,0,0,-6000,0,0,0,24000,30000,-6000,-6000
064679,晶技兆豐9C購01  ,0,0,0,0,0,0,0,0,0,-6000,0,0,0,4000,10000,-6000,-6000
064742,奇鋐國票01購02  ,0,0,0,0,0,0,0,0,0,-6000,0,0,0,0,6000,-6000,-6000
061896,景碩永豐9B購01  ,0,0,0,0,0,0,0,0,0,-6000,0,0,0,43000,49000,-6000,-6000
063633,金像電元大9B購05,0,0,0,0,0,0,0,0,0,-6000,0,0,0,0,6000,-6000,-6000
063641,泰鼎元大9B購04  ,0,0,0,0,0,0,0,0,0,-6000,0,0,0,0,6000,-6000,-6000
065263,國泰金元大9C購02,0,0,0,0,0,0,0,0,0,-6000,0,0,0,0,6000,-6000,-6000
065104,南茂元大9C購02  ,0,0,0,0,0,0,0,0,0,-6000,0,0,0,1000,7000,-6000,-6000
062039,聯發科凱基9B購07,0,0,0,0,0,0,0,0,0,-6000,0,0,0,0,6000,-6000,-6000
062046,矽格凱基9B購01  ,0,0,0,0,0,0,0,0,0,-6000,0,0,0,2000,8000,-6000,-6000
061987,大立光元大9B購03,0,0,0,0,0,0,0,0,0,-6000,0,0,0,35000,41000,-6000,-6000
064609,滬深2X元大9C購12,0,0,0,0,0,0,0,0,0,-6000,0,0,0,63000,69000,-6000,-6000
062451,瀚宇博元大9B購02,0,0,0,0,0,0,0,0,0,-6000,0,0,0,0,6000,-6000,-6000
065458,立積元富03購02  ,0,0,0,0,0,0,0,0,0,-6000,0,0,0,19000,25000,-6000,-6000
065811,億豐群益9C購01  ,0,0,0,0,0,0,0,0,0,-6000,0,0,0,100000,106000,-6000,-6000
066077,健策凱基01購01  ,0,0,0,0,0,0,0,0,0,-6000,0,0,0,28000,34000,-6000,-6000
068034,國揚元富07購01  ,0,0,0,0,0,0,0,0,0,-6000,0,0,0,0,6000,-6000,-6000
067988,台積電元大01購30,0,0,0,0,0,0,0,0,0,-6000,0,0,0,0,6000,-6000,-6000
067858,上証2X元大01購06,0,0,0,0,0,0,0,0,0,-6000,0,0,0,0,6000,-6000,-6000
067536,大立光群益01購09,0,0,0,0,0,0,0,0,0,-6000,0,0,0,0,6000,-6000,-6000
066825,智邦群益01購03  ,0,0,0,0,0,0,0,0,0,-6000,0,0,0,8000,14000,-6000,-6000
067187,聯陽凱基01購02  ,0,0,0,0,0,0,0,0,0,-6000,0,0,0,0,6000,-6000,-6000
3002,歐格            ,9000,16000,-7000,0,0,0,0,0,0,1000,1000,0,1000,0,0,0,-6000
2528,皇普            ,6000,10000,-4000,0,0,0,0,0,0,-2000,0,2000,-2000,0,0,0,-6000
6405,悅城            ,0,4000,-4000,0,0,0,0,0,0,-2000,1000,3000,-2000,0,0,0,-6000
8466,美吉吉-KY       ,1000,5000,-4000,0,0,0,0,0,0,-2000,0,2000,-2000,0,0,0,-6000
6655,科定            ,0,4000,-4000,0,0,0,0,0,0,-2000,0,2000,-2000,0,0,0,-6000
4930,燦星網          ,5000,11000,-6000,0,0,0,0,0,0,0,0,0,0,0,0,0,-6000
2029,盛餘            ,2000,0,2000,0,0,0,0,0,0,-8000,0,8000,-8000,0,0,0,-6000
1529,樂士            ,13000,13000,0,0,0,0,0,0,0,-6000,0,6000,-6000,0,0,0,-6000
1539,巨庭            ,26000,30000,-4000,0,0,0,0,0,0,-2000,0,2000,-2000,0,0,0,-6000
1525,江申            ,36000,42000,-6000,0,0,0,0,0,0,0,0,0,0,0,0,0,-6000
9105,泰金寶-DR       ,0,6000,-6000,0,0,0,0,0,0,0,0,0,0,0,0,0,-6000
07670P,茂林元大9A售02  ,0,0,0,0,0,0,0,0,0,-7000,0,0,0,0,7000,-7000,-7000
069696,國巨元富08購04  ,0,0,0,0,0,0,0,0,0,-7000,0,0,0,5000,12000,-7000,-7000
069874,英業達兆豐03購01,0,0,0,0,0,0,0,0,0,-7000,0,0,0,0,7000,-7000,-7000
068346,GIS麥證01購02   ,0,0,0,0,7000,-7000,0,0,0,-7000,0,0,0,0,7000,-7000,-7000
068305,台光電國票03購01,0,0,0,0,0,0,0,0,0,-7000,0,0,0,0,7000,-7000,-7000
068138,道瓊銀元大01購03,0,0,0,0,0,0,0,0,0,-7000,0,0,0,70000,77000,-7000,-7000
068577,台積電國泰03購08,0,0,0,0,0,0,0,0,0,-7000,0,0,0,136000,143000,-7000,-7000
058485,智邦國票9A購01  ,0,0,0,0,0,0,0,0,0,-7000,0,0,0,0,7000,-7000,-7000
060806,華新科群益9A購03,0,0,0,0,0,0,0,0,0,-7000,0,0,0,1000,8000,-7000,-7000
061023,茂林國泰9B購02  ,0,0,0,0,0,0,0,0,0,-7000,0,0,0,34000,41000,-7000,-7000
060297,和碩元大9A購02  ,0,0,0,0,0,0,0,0,0,-7000,0,0,0,6000,13000,-7000,-7000
061595,智易永豐9A購02  ,0,0,0,0,0,0,0,0,0,-7000,0,0,0,0,7000,-7000,-7000
03684C,臺股指元大06牛01,0,0,0,0,0,0,0,0,0,-7000,0,0,0,3000,10000,-7000,-7000
058850,華新科群益99購03,0,0,0,0,0,0,0,0,0,-7000,0,0,0,0,7000,-7000,-7000
061032,金像電永豐9A購03,0,0,0,0,0,0,0,0,0,-7000,0,0,0,0,7000,-7000,-7000
03378P,台積電群益02售10,0,0,0,0,0,0,0,0,0,-7000,0,0,0,10000,17000,-7000,-7000
03094P,台達電凱基01售04,0,0,0,0,0,0,0,0,0,-7000,0,0,0,53000,60000,-7000,-7000
061858,南電國票9B購02  ,0,0,0,0,0,0,0,0,0,-7000,0,0,0,3000,10000,-7000,-7000
061510,嘉澤富邦9C購01  ,0,0,0,0,0,0,0,0,0,-7000,0,0,0,3000,10000,-7000,-7000
061545,華新科群益9A購09,0,0,0,0,0,0,0,0,0,-7000,0,0,0,1000,8000,-7000,-7000
065208,義隆國票01購01  ,0,0,0,0,0,0,0,0,0,-7000,0,0,0,13000,20000,-7000,-7000
062857,SP黃豆國票9C購01,0,0,0,0,0,0,0,0,0,-7000,0,0,0,0,7000,-7000,-7000
062877,可成兆豐9C購01  ,0,0,0,0,0,0,0,0,0,-7000,0,0,0,84000,91000,-7000,-7000
061898,茂林永豐9B購01  ,0,0,0,0,0,0,0,0,0,-7000,0,0,0,3000,10000,-7000,-7000
061930,臺股指凱基9B購05,0,0,0,0,0,0,0,0,0,-7000,0,0,0,5000,12000,-7000,-7000
063495,台光電富邦9C購01,0,0,0,0,0,0,0,0,0,-7000,0,0,0,3000,10000,-7000,-7000
064589,聯鈞永豐9C購01  ,0,0,0,0,0,0,0,0,0,-7000,0,0,0,0,7000,-7000,-7000
064723,大立光統一02購04,0,0,0,0,0,0,0,0,0,-7000,0,0,0,0,7000,-7000,-7000
064175,華通國泰02購01  ,0,0,0,0,0,0,0,0,0,-7000,0,0,0,0,7000,-7000,-7000
063914,和碩凱基9C購01  ,0,0,0,0,0,0,0,0,0,-7000,0,0,0,12000,19000,-7000,-7000
063872,嘉聯益永豐9C購01,0,0,0,0,0,0,0,0,0,-7000,0,0,0,3000,10000,-7000,-7000
063981,貿聯兆豐9C購01  ,0,0,0,0,0,0,0,0,0,-7000,0,0,0,336000,343000,-7000,-7000
063789,智邦台新9C購01  ,0,0,0,0,0,0,0,0,0,-7000,0,0,0,13000,20000,-7000,-7000
063286,嘉澤元大9B購04  ,0,0,0,0,0,0,0,0,0,-7000,0,0,0,0,7000,-7000,-7000
064370,聯茂統一02購01  ,0,0,0,0,0,0,0,0,0,-7000,0,0,0,0,7000,-7000,-7000
066725,華通元大01購05  ,0,0,0,0,0,0,0,0,0,-7000,0,0,0,24000,31000,-7000,-7000
066950,義隆元大01購03  ,0,0,0,0,0,0,0,0,0,-7000,0,0,0,100000,107000,-7000,-7000
066185,松翰凱基01購01  ,0,0,0,0,0,0,0,0,0,-7000,0,0,0,0,7000,-7000,-7000
066455,聯發科統一01購10,0,0,0,0,0,0,0,0,0,-7000,0,0,0,19000,26000,-7000,-7000
066708,嘉澤群益02購01  ,0,0,0,0,0,0,0,0,0,-7000,0,0,0,0,7000,-7000,-7000
065831,緯創凱基9C購03  ,0,0,0,0,0,0,0,0,0,-7000,0,0,0,0,7000,-7000,-7000
066025,宏達電群益01購01,0,0,0,0,0,0,0,0,0,-7000,0,0,0,32000,39000,-7000,-7000
066028,嘉澤群益01購01  ,0,0,0,0,0,0,0,0,0,-7000,0,0,0,0,7000,-7000,-7000
065602,聯發科元大9C購15,0,0,0,0,0,0,0,0,0,-7000,0,0,0,57000,64000,-7000,-7000
1615,大山            ,8000,15000,-7000,0,0,0,0,0,0,0,0,0,0,0,0,0,-7000
08801P,聯發科元大01售13,20000,0,20000,0,0,0,0,0,0,-27000,0,0,0,65000,92000,-27000,-7000
4737,華廣            ,3000,10000,-7000,0,0,0,0,0,0,0,0,0,0,0,0,0,-7000
4190,佐登-KY         ,10000,18000,-8000,0,0,0,0,0,0,1000,1000,0,1000,0,0,0,-7000
2882A,國泰特          ,0,3000,-3000,0,0,0,0,0,0,-4000,1000,5000,-4000,0,0,0,-7000
2832,台產            ,29808,35000,-5192,0,0,0,0,0,0,-2000,0,2000,-2000,0,0,0,-7192
068568,聯詠元大01購10  ,0,0,0,0,0,0,0,0,0,-8000,0,0,0,125000,133000,-8000,-8000
068453,台積電國票03購03,0,0,0,0,0,0,0,0,0,-8000,0,0,0,0,8000,-8000,-8000
068644,臺股指凱基03購10,0,0,0,0,0,0,0,0,0,-8000,0,0,0,2000,10000,-8000,-8000
068407,同欣電元富07購02,0,0,0,0,0,0,0,0,0,-8000,0,0,0,0,8000,-8000,-8000
069090,長興統一02購01  ,0,0,0,0,0,0,0,0,0,-8000,0,0,0,98000,106000,-8000,-8000
069280,智易永豐02購02  ,0,0,0,0,0,0,0,0,0,-8000,0,0,0,0,8000,-8000,-8000
06985P,華新科富邦9C售02,0,0,0,0,0,0,0,0,0,-8000,0,0,0,0,8000,-8000,-8000
069925,臺股指凱基02購16,0,0,0,0,0,0,0,0,0,-8000,0,0,0,0,8000,-8000,-8000
069478,臺指反元大05購05,0,0,0,0,0,0,0,0,0,-8000,0,0,0,0,8000,-8000,-8000
069599,和鑫國票02購01  ,0,0,0,0,0,0,0,0,0,-8000,0,0,0,0,8000,-8000,-8000
069527,S&P反1群益02購01,0,0,0,0,0,0,0,0,0,-8000,0,0,0,0,8000,-8000,-8000
08168P,金像電群益9B售03,0,0,0,0,0,0,0,0,0,-8000,0,0,0,0,8000,-8000,-8000
056738,國巨凱基9A購02  ,0,0,0,0,0,0,0,0,0,-8000,0,0,0,20000,28000,-8000,-8000
060621,玉晶光元大9A購05,0,0,0,0,0,0,0,0,0,-8000,0,0,0,13000,21000,-8000,-8000
057990,美律統一99購02  ,0,0,0,0,0,0,0,0,0,-8000,0,0,0,0,8000,-8000,-8000
060548,友達凱基9B購03  ,0,0,0,0,0,0,0,0,0,-8000,0,0,0,0,8000,-8000,-8000
059489,上証2X國票9A購01,0,0,0,0,0,0,0,0,0,-8000,0,0,0,1000,9000,-8000,-8000
058443,T50正2富邦01購01,0,0,0,0,0,0,0,0,0,-8000,0,0,0,2000,10000,-8000,-8000
058342,鴻海群益9A購01  ,0,0,0,0,0,0,0,0,0,-8000,0,0,0,2000,10000,-8000,-8000
058446,新光金富邦9C購01,0,0,0,0,0,0,0,0,0,-8000,0,0,0,0,8000,-8000,-8000
058376,貿聯凱基9A購01  ,0,0,0,0,0,0,0,0,0,-8000,0,0,0,10000,18000,-8000,-8000
063288,泰鼎元大9B購02  ,0,0,0,0,0,0,0,0,0,-8000,0,0,0,11000,19000,-8000,-8000
062704,大毅元大9C購01  ,0,0,0,0,0,0,0,0,0,-8000,0,0,0,2000,10000,-8000,-8000
062724,可成凱基9B購04  ,0,0,0,0,0,0,0,0,0,-8000,0,0,0,0,8000,-8000,-8000
063132,台表科元大9C購02,0,0,0,0,0,0,0,0,0,-8000,0,0,0,24000,32000,-8000,-8000
063847,聯發科元大9C購03,0,0,0,0,0,0,0,0,0,-8000,0,0,0,1000,9000,-8000,-8000
063867,全新永豐9C購01  ,0,0,0,0,0,0,0,0,0,-8000,0,0,0,1000,9000,-8000,-8000
063747,國巨國票9C購06  ,0,0,0,0,0,0,0,0,0,-8000,0,0,0,0,8000,-8000,-8000
063075,祥碩永豐9B購04  ,0,0,0,0,0,0,0,0,0,-8000,0,0,0,4000,12000,-8000,-8000
061943,上銀群益9B購02  ,0,0,0,0,0,0,0,0,0,-8000,0,0,0,4000,12000,-8000,-8000
064821,聯電統一02購01  ,0,0,0,0,0,0,0,0,0,-8000,0,0,0,3000,11000,-8000,-8000
065105,巨大元大01購01  ,0,0,0,0,0,0,0,0,0,-8000,0,0,0,6000,14000,-8000,-8000
062737,聯發科國票9B購03,0,0,0,0,0,0,0,0,0,-8000,0,0,0,0,8000,-8000,-8000
065920,日月光凱基02購01,0,0,0,0,0,0,0,0,0,-8000,0,0,0,25000,33000,-8000,-8000
065915,聯發科凱基01購09,0,0,0,0,0,0,0,0,0,-8000,0,0,0,51000,59000,-8000,-8000
065712,緯穎群益9C購03  ,0,0,0,0,0,0,0,0,0,-8000,0,0,0,10000,18000,-8000,-8000
066109,南電國票02購01  ,0,0,0,0,0,0,0,0,0,-8000,0,0,0,3000,11000,-8000,-8000
067253,精元國票01購01  ,0,0,0,0,0,0,0,0,0,-8000,0,0,0,2000,10000,-8000,-8000
067687,啟碁元大01購02  ,0,0,0,0,0,0,0,0,0,-8000,0,0,0,22000,30000,-8000,-8000
3013,晟銘電          ,28000,48000,-20000,0,0,0,0,0,0,12000,12000,0,12000,0,0,0,-8000
3028,增你強          ,30000,33000,-3000,0,0,0,0,0,0,-5000,2000,7000,-5000,0,0,0,-8000
5515,建國            ,99000,94000,5000,0,0,0,0,0,0,-13000,0,13000,-13000,0,0,0,-8000
6671,三能-KY         ,3000,1000,2000,0,0,0,0,0,0,-10000,1000,11000,-10000,0,0,0,-8000
8033,雷虎            ,14000,19000,-5000,0,0,0,0,0,0,-3000,0,3000,-3000,0,0,0,-8000
6581,鋼聯            ,1000,9000,-8000,0,0,0,0,0,0,0,0,0,0,0,0,0,-8000
08759P,滬深2X元大01售08,0,0,0,0,0,0,0,0,0,-8000,0,0,0,1000,9000,-8000,-8000
08931P,晶技元富07售02  ,0,0,0,0,0,0,0,0,0,-8000,0,0,0,20000,28000,-8000,-8000
1441,大東            ,8000,16000,-8000,0,0,0,0,0,0,0,2000,2000,0,0,0,0,-8000
2115,六暉-KY         ,0,8000,-8000,0,0,0,0,0,0,0,0,0,0,0,0,0,-8000
1786,科妍            ,16000,24000,-8000,0,0,0,0,0,0,0,0,0,0,0,0,0,-8000
2374,佳能            ,64000,70000,-6000,0,0,0,0,0,0,-2000,2000,4000,-2000,0,0,0,-8000
08292P,華新科台新9C售01,0,0,0,0,0,0,0,0,0,-9000,0,0,0,0,9000,-9000,-9000
069347,智易群益02購01  ,0,0,0,0,0,0,0,0,0,-9000,0,0,0,17000,26000,-9000,-9000
068916,聯詠群益03購02  ,0,0,0,0,0,0,0,0,0,-9000,0,0,0,1000,10000,-9000,-9000
068944,中石化凱基04購01,0,0,0,0,0,0,0,0,0,-9000,0,0,0,7000,16000,-9000,-9000
068825,京鼎元大02購02  ,0,0,0,0,0,0,0,0,0,-9000,0,0,0,7000,16000,-9000,-9000
068838,智易永豐02購01  ,0,0,0,0,0,0,0,0,0,-9000,0,0,0,4000,13000,-9000,-9000
068529,貿聯元富07購01  ,0,0,0,0,0,0,0,0,0,-9000,0,0,0,740000,749000,-9000,-9000
058525,台虹元大99購02  ,0,0,0,0,0,0,0,0,0,-9000,0,0,0,0,9000,-9000,-9000
060281,卜蜂元大9C購01  ,0,0,0,0,0,0,0,0,0,-9000,0,0,0,1000,10000,-9000,-9000
060849,力成國票9A購01  ,0,0,0,0,0,0,0,0,0,-9000,0,0,0,1000,10000,-9000,-9000
059708,立積凱基9A購02  ,0,0,0,0,0,0,0,0,0,-9000,0,0,0,0,9000,-9000,-9000
064100,義隆群益9C購01  ,0,0,0,0,0,0,0,0,0,-9000,0,0,0,0,9000,-9000,-9000
064104,TPK群益9C購02   ,0,0,0,0,0,0,0,0,0,-9000,0,0,0,2000,11000,-9000,-9000
060624,玉晶光元大9C購02,0,0,0,0,0,0,0,0,0,-9000,0,0,0,1000,10000,-9000,-9000
03501P,奇鋐國票03售02  ,0,0,0,0,0,0,0,0,0,-9000,0,0,0,0,9000,-9000,-9000
053609,華新中信9A購01  ,0,0,0,0,0,0,0,0,0,-9000,0,0,0,0,9000,-9000,-9000
061501,嘉澤國票9A購01  ,0,0,0,0,0,0,0,0,0,-9000,0,0,0,42000,51000,-9000,-9000
062229,南六統一9B購01  ,0,0,0,0,0,0,0,0,0,-9000,0,0,0,11000,20000,-9000,-9000
065126,世芯永豐9C購02  ,0,0,0,0,0,0,0,0,0,-9000,0,0,0,10000,19000,-9000,-9000
065044,大立光凱基9C購06,0,0,0,0,0,0,0,0,0,-9000,0,0,0,5000,14000,-9000,-9000
063452,創意統一01購01  ,0,0,0,0,0,0,0,0,0,-9000,0,0,0,12000,21000,-9000,-9000
064695,京鼎群益02購02  ,0,0,0,0,0,0,0,0,0,-9000,0,0,0,33000,42000,-9000,-9000
063532,GIS凱基9B購03   ,0,0,0,0,0,0,0,0,0,-9000,0,0,0,5000,14000,-9000,-9000
063547,大立光兆豐9B購04,0,0,0,0,0,0,0,0,0,-9000,0,0,0,1000,10000,-9000,-9000
063172,廣達中信9C購01  ,0,0,0,0,0,0,0,0,0,-9000,0,0,0,146000,155000,-9000,-9000
061722,健策永豐9B購03  ,0,0,0,0,0,0,0,0,0,-9000,0,0,0,28000,37000,-9000,-9000
067743,緯創元大01購02  ,0,0,0,0,0,0,0,0,0,-9000,0,0,0,110000,119000,-9000,-9000
067604,晶技凱基01購02  ,5000,0,5000,0,0,0,0,0,0,-14000,0,0,0,0,14000,-14000,-9000
067538,晶技群益01購02  ,0,0,0,0,0,0,0,0,0,-9000,0,0,0,13000,22000,-9000,-9000
067555,旺宏國票02購01  ,0,0,0,0,0,0,0,0,0,-9000,0,0,0,6000,15000,-9000,-9000
067435,眾達凱基02購01  ,0,0,0,0,0,0,0,0,0,-9000,0,0,0,0,9000,-9000,-9000
067853,京鼎國票02購01  ,0,0,0,0,0,0,0,0,0,-9000,0,0,0,11000,20000,-9000,-9000
067923,台勝科中信01購01,0,0,0,0,0,0,0,0,0,-9000,0,0,0,3000,12000,-9000,-9000
067812,國泰金凱基01購01,0,0,0,0,0,0,0,0,0,-9000,0,0,0,0,9000,-9000,-9000
068042,GIS元富07購01   ,0,0,0,0,0,0,0,0,0,-9000,0,0,0,10000,19000,-9000,-9000
067257,帆宣國票02購01  ,0,0,0,0,0,0,0,0,0,-9000,0,0,0,10000,19000,-9000,-9000
066084,國巨富邦05購01  ,0,0,0,0,0,0,0,0,0,-9000,0,0,0,347000,356000,-9000,-9000
066248,長興元大01購01  ,0,0,0,0,0,0,0,0,0,-9000,0,0,0,21000,30000,-9000,-9000
066409,勤誠凱基01購01  ,0,0,0,0,0,0,0,0,0,-9000,0,0,0,1000,10000,-9000,-9000
065759,TPK元大9C購05   ,0,0,0,0,0,0,0,0,0,-9000,0,0,0,55000,64000,-9000,-9000
065779,台勝科國泰01購02,0,0,0,0,0,0,0,0,0,-9000,0,0,0,0,9000,-9000,-9000
065419,立積國票01購03  ,0,0,0,0,0,0,0,0,0,-9000,0,0,0,0,9000,-9000,-9000
1312A,國喬特          ,0,0,0,0,0,0,0,0,0,-9000,1000,10000,-9000,0,0,0,-9000
1524,耿鼎            ,16000,45000,-29000,0,0,0,0,0,0,20000,20000,0,20000,0,0,0,-9000
08904P,為升國票03售01  ,0,0,0,0,0,0,0,0,0,-9000,0,0,0,1000,10000,-9000,-9000
1110,東泥            ,1000,10000,-9000,0,0,0,0,0,0,0,0,0,0,0,0,0,-9000
1231,聯華食          ,12000,21000,-9000,0,0,0,0,0,0,0,0,0,0,0,0,0,-9000
08671P,友訊國票01售01  ,0,0,0,0,0,0,0,0,0,-9000,0,0,0,29000,38000,-9000,-9000
5706,鳳凰            ,5000,15000,-10000,0,0,0,0,0,0,1000,1000,0,1000,0,0,0,-9000
3591,艾笛森          ,3000,13000,-10000,0,0,0,0,0,0,1000,1000,0,1000,0,0,0,-9000
3296,勝德            ,7000,19000,-12000,0,0,0,0,0,0,3000,3000,0,3000,0,0,0,-9000
9906,欣巴巴          ,2000,11000,-9000,0,0,0,0,0,0,0,0,0,0,0,0,0,-9000
06854P,鴻海富邦99售05  ,0,0,0,0,0,0,0,0,0,-10000,0,0,0,10000,20000,-10000,-10000
068598,台積電凱基01購25,0,0,0,0,0,0,0,0,0,-10000,0,0,0,0,10000,-10000,-10000
068483,聯電元大01購06  ,0,0,0,0,0,0,0,0,0,-10000,0,0,0,0,10000,-10000,-10000
068685,台積電中信02購03,0,0,0,0,0,0,0,0,0,-10000,0,0,0,0,10000,-10000,-10000
068707,玉山金國票03購01,0,0,0,0,0,0,0,0,0,-10000,0,0,0,0,10000,-10000,-10000
068401,瑞昱元富07購03  ,0,0,0,0,0,0,0,0,0,-10000,0,0,0,130000,140000,-10000,-10000
068364,鴻海國泰07購01  ,0,0,0,0,0,0,0,0,0,-10000,0,0,0,0,10000,-10000,-10000
068259,台灣50富邦03購04,0,0,0,0,0,0,0,0,0,-10000,0,0,0,10000,20000,-10000,-10000
068279,台灣50中信04購04,0,0,0,0,0,0,0,0,0,-10000,0,0,0,0,10000,-10000,-10000
068846,台積電統一04購06,0,0,0,0,0,0,0,0,0,-10000,0,0,0,0,10000,-10000,-10000
068810,T50反1元大02購02,0,0,0,0,0,0,0,0,0,-10000,0,0,0,680000,690000,-10000,-10000
068910,瑞昱群益02購01  ,0,0,0,0,0,0,0,0,0,-10000,0,0,0,39000,49000,-10000,-10000
069031,台積電統一04購07,0,0,0,0,0,0,0,0,0,-10000,0,0,0,0,10000,-10000,-10000
069325,中磊兆豐03購02  ,0,0,0,0,0,0,0,0,0,-10000,0,0,0,0,10000,-10000,-10000
069294,瑞昱中信06購02  ,0,0,0,0,0,0,0,0,0,-10000,0,0,0,150000,160000,-10000,-10000
069388,松翰元大02購01  ,0,0,0,0,0,0,0,0,0,-10000,0,0,0,0,10000,-10000,-10000
069358,台積電永豐02購04,0,0,0,0,0,0,0,0,0,-10000,0,0,0,0,10000,-10000,-10000
069149,彩晶永豐02購01  ,0,0,0,0,0,0,0,0,0,-10000,0,0,0,182000,192000,-10000,-10000
069116,金像電群益02購02,0,0,0,0,0,0,0,0,0,-10000,0,0,0,0,10000,-10000,-10000
08287P,茂林凱基9C售02  ,0,0,0,0,0,0,0,0,0,-10000,0,0,0,20000,30000,-10000,-10000
08332P,智邦台新9C售03  ,0,0,0,0,0,0,0,0,0,-10000,0,0,0,0,10000,-10000,-10000
08400P,美律元富9C售02  ,0,0,0,0,0,0,0,0,0,-10000,0,0,0,120000,130000,-10000,-10000
08116P,臺股指凱基9B售17,0,0,0,0,0,0,0,0,0,-10000,0,0,0,0,10000,-10000,-10000
08099P,聯發科中信9B售04,0,0,0,0,0,0,0,0,0,-10000,0,0,0,10000,20000,-10000,-10000
08106P,聯發科統一9B售09,0,0,0,0,0,0,0,0,0,-10000,0,0,0,0,10000,-10000,-10000
07623P,大立光統一9B售05,0,0,0,0,0,0,0,0,0,-10000,0,0,0,0,10000,-10000,-10000
07744P,奇力新凱基9A售05,0,0,0,0,0,0,0,0,0,-10000,0,0,0,0,10000,-10000,-10000
07805P,義隆永豐9A售02  ,0,0,0,0,0,0,0,0,0,-10000,0,0,0,0,10000,-10000,-10000
07875P,祥碩群益9B售01  ,0,0,0,0,0,0,0,0,0,-10000,0,0,0,0,10000,-10000,-10000
07918P,玉晶光永豐9B售04,0,0,0,0,0,0,0,0,0,-10000,0,0,0,0,10000,-10000,-10000
069521,力成凱基02購02  ,0,0,0,0,0,0,0,0,0,-10000,0,0,0,0,10000,-10000,-10000
069637,矽創元富08購01  ,0,0,0,0,0,0,0,0,0,-10000,0,0,0,0,10000,-10000,-10000
069920,欣興凱基03購05  ,0,0,0,0,0,0,0,0,0,-10000,0,0,0,0,10000,-10000,-10000
069875,創意兆豐03購01  ,0,0,0,0,0,0,0,0,0,-10000,0,0,0,3000,13000,-10000,-10000
069842,國揚群益03購02  ,0,0,0,0,0,0,0,0,0,-10000,0,0,0,0,10000,-10000,-10000
069835,高股息台新02購01,0,0,0,0,0,0,0,0,0,-10000,0,0,0,0,10000,-10000,-10000
07649P,金像電永豐9A售02,0,0,0,0,0,0,0,0,0,-10000,0,0,0,0,10000,-10000,-10000
07456P,華新科元大9A售06,0,0,0,0,0,0,0,0,0,-10000,0,0,0,0,10000,-10000,-10000
070049,彩晶永豐02購02  ,0,0,0,0,0,0,0,0,0,-10000,0,0,0,0,10000,-10000,-10000
07115P,T50反1日盛9C售02,0,0,0,0,0,0,0,0,0,-10000,0,0,0,0,10000,-10000,-10000
070029,貿聯國票03購01  ,0,0,0,0,0,0,0,0,0,-10000,0,0,0,0,10000,-10000,-10000
069988,宏碁兆豐03購02  ,0,0,0,0,0,0,0,0,0,-10000,0,0,0,1000,11000,-10000,-10000
051469,友達日盛9B購01  ,0,0,0,0,0,0,0,0,0,-10000,0,0,0,0,10000,-10000,-10000
054811,裕隆元大9A購01  ,0,0,0,0,0,0,0,0,0,-10000,0,0,0,0,10000,-10000,-10000
054375,貿聯中信99購01  ,0,0,0,0,0,0,0,0,0,-10000,0,0,0,10000,20000,-10000,-10000
03692C,T50反1元大05牛01,0,0,0,0,0,0,0,0,0,-10000,0,0,0,0,10000,-10000,-10000
03552P,上銀元富08售02  ,0,0,0,0,0,0,0,0,0,-10000,0,0,0,0,10000,-10000,-10000
03541P,欣興國泰04售03  ,0,0,0,0,0,0,0,0,0,-10000,0,0,0,0,10000,-10000,-10000
03480P,國巨群益02售06  ,0,0,0,0,0,0,0,0,0,-10000,0,0,0,40000,50000,-10000,-10000
060623,玉晶光元大9C購01,0,0,0,0,0,0,0,0,0,-10000,0,0,0,0,10000,-10000,-10000
060632,可成富邦9B購01  ,0,0,0,0,0,0,0,0,0,-10000,0,0,0,0,10000,-10000,-10000
058892,元油2X元大9C購08,0,0,0,0,0,0,0,0,0,-10000,0,0,0,0,10000,-10000,-10000
058930,華新科統一9B購01,0,0,0,0,0,0,0,0,0,-10000,0,0,0,0,10000,-10000,-10000
058944,元石油群益9C購02,0,0,0,0,0,0,0,0,0,-10000,0,0,0,0,10000,-10000,-10000
060995,泰鼎元大9A購03  ,0,0,0,0,0,0,0,0,0,-10000,0,0,0,0,10000,-10000,-10000
061016,可成麥證9A購01  ,0,0,0,0,10000,-10000,0,0,0,-10000,0,0,0,0,10000,-10000,-10000
061053,國巨群益9A購08  ,0,0,0,0,0,0,0,0,0,-10000,0,0,0,89000,99000,-10000,-10000
058981,國巨凱基99購10  ,0,0,0,0,0,0,0,0,0,-10000,0,0,0,0,10000,-10000,-10000
060965,中租凱基9B購01  ,0,0,0,0,0,0,0,0,0,-10000,0,0,0,10000,20000,-10000,-10000
055782,新日興凱基99購01,0,0,0,0,0,0,0,0,0,-10000,0,0,0,0,10000,-10000,-10000
060585,玉晶光元富9A購02,0,0,0,0,0,0,0,0,0,-10000,0,0,0,0,10000,-10000,-10000
060554,中租凱基9A購01  ,0,0,0,0,0,0,0,0,0,-10000,0,0,0,10000,20000,-10000,-10000
058691,友訊國票9A購01  ,0,0,0,0,0,0,0,0,0,-10000,0,0,0,0,10000,-10000,-10000
056748,T50反1兆豐99購01,0,0,0,0,0,0,0,0,0,-10000,0,0,0,0,10000,-10000,-10000
057238,群創凱基9B購03  ,0,0,0,0,0,0,0,0,0,-10000,0,0,0,0,10000,-10000,-10000
03065P,台積電群益01售18,0,0,0,0,0,0,0,0,0,-10000,0,0,0,20000,30000,-10000,-10000
056138,群創元大9B購01  ,0,0,0,0,0,0,0,0,0,-10000,0,0,0,5000,15000,-10000,-10000
03230P,道瓊銀元大02售02,0,0,0,0,0,0,0,0,0,-10000,0,0,0,0,10000,-10000,-10000
03226P,台積電凱基03售10,0,0,0,0,0,0,0,0,0,-10000,0,0,0,0,10000,-10000,-10000
03262P,建準國票04售01  ,0,0,0,0,0,0,0,0,0,-10000,0,0,0,0,10000,-10000,-10000
00678,群益NBI生技     ,0,0,0,0,0,0,0,0,0,-10000,0,0,0,300000,310000,-10000,-10000
00668,國泰美國道瓊    ,5000,0,5000,0,0,0,0,0,0,-15000,0,0,0,26000,41000,-15000,-10000
064094,達新群益9C購01  ,0,0,0,0,0,0,0,0,0,-10000,0,0,0,0,10000,-10000,-10000
061603,瑞昱凱基9A購02  ,0,0,0,0,0,0,0,0,0,-10000,0,0,0,0,10000,-10000,-10000
062474,台表科凱基9C購01,0,0,0,0,0,0,0,0,0,-10000,0,0,0,0,10000,-10000,-10000
063362,台表科國泰01購03,0,0,0,0,0,0,0,0,0,-10000,0,0,0,70000,80000,-10000,-10000
063351,億豐統一9B購01  ,0,0,0,0,0,0,0,0,0,-10000,0,0,0,10000,20000,-10000,-10000
059687,卜蜂永豐99購01  ,0,0,0,0,0,0,0,0,0,-10000,0,0,0,0,10000,-10000,-10000
060844,大立光國票9A購07,0,0,0,0,0,0,0,0,0,-10000,0,0,0,0,10000,-10000,-10000
060876,國巨中信9A購04  ,0,0,0,0,0,0,0,0,0,-10000,0,0,0,0,10000,-10000,-10000
060541,正隆凱基9A購01  ,0,0,0,0,0,0,0,0,0,-10000,0,0,0,0,10000,-10000,-10000
06047P,聯發科富邦99售04,0,0,0,0,0,0,0,0,0,-10000,0,0,0,0,10000,-10000,-10000
059629,友達凱基99購06  ,0,0,0,0,0,0,0,0,0,-10000,0,0,0,0,10000,-10000,-10000
057915,台泥凱基98購01  ,0,0,0,0,0,0,0,0,0,-10000,0,0,0,0,10000,-10000,-10000
057690,美律凱基99購03  ,0,0,0,0,0,0,0,0,0,-10000,0,0,0,0,10000,-10000,-10000
057700,新日興群益9A購01,0,0,0,0,0,0,0,0,0,-10000,0,0,0,0,10000,-10000,-10000
057792,群創統一99購01  ,0,0,0,0,0,0,0,0,0,-10000,0,0,0,0,10000,-10000,-10000
058054,台積電統一9C購01,0,0,0,0,0,0,0,0,0,-10000,0,0,0,0,10000,-10000,-10000
057968,可成國泰9A購01  ,0,0,0,0,0,0,0,0,0,-10000,0,0,0,10000,20000,-10000,-10000
058260,華新科富邦9C購01,0,0,0,0,0,0,0,0,0,-10000,0,0,0,0,10000,-10000,-10000
060213,牧德康和9A購01  ,0,0,0,0,0,0,0,0,0,-10000,0,0,0,0,10000,-10000,-10000
060337,FBVIX統一9A購01 ,0,0,0,0,0,0,0,0,0,-10000,0,0,0,0,10000,-10000,-10000
060443,滬深2X元大9A購03,0,0,0,0,0,0,0,0,0,-10000,0,0,0,0,10000,-10000,-10000
060055,宏達電凱基99購06,0,0,0,0,0,0,0,0,0,-10000,0,0,0,0,10000,-10000,-10000
060036,上証2X國票99購03,0,0,0,0,0,0,0,0,0,-10000,0,0,0,0,10000,-10000,-10000
058600,國巨元大99購15  ,0,0,0,0,0,0,0,0,0,-10000,0,0,0,0,10000,-10000,-10000
058546,玉晶光富邦9B購01,0,0,0,0,0,0,0,0,0,-10000,0,0,0,5000,15000,-10000,-10000
058450,旺宏永豐99購01  ,0,0,0,0,0,0,0,0,0,-10000,0,0,0,0,10000,-10000,-10000
059924,世紀鋼元大99購06,0,0,0,0,0,0,0,0,0,-10000,0,0,0,0,10000,-10000,-10000
059889,華新科國票99購04,0,0,0,0,0,0,0,0,0,-10000,0,0,0,0,10000,-10000,-10000
059875,信邦凱基99購02  ,0,0,0,0,0,0,0,0,0,-10000,0,0,0,0,10000,-10000,-10000
059848,智邦永豐99購01  ,0,0,0,0,0,0,0,0,0,-10000,0,0,0,0,10000,-10000,-10000
061106,群創元大9B購09  ,0,0,0,0,0,0,0,0,0,-10000,0,0,0,5000,15000,-10000,-10000
061094,彩晶統一9B購02  ,0,0,0,0,0,0,0,0,0,-10000,0,0,0,0,10000,-10000,-10000
061203,國巨元大9A購15  ,0,0,0,0,0,0,0,0,0,-10000,0,0,0,5000,15000,-10000,-10000
059154,可成日盛99購02  ,0,0,0,0,0,0,0,0,0,-10000,0,0,0,515000,525000,-10000,-10000
060729,國巨群益9A購05  ,0,0,0,0,0,0,0,0,0,-10000,0,0,0,0,10000,-10000,-10000
061775,臺指反國票9B購04,0,0,0,0,0,0,0,0,0,-10000,0,0,0,0,10000,-10000,-10000
062673,台新金中信03購01,0,0,0,0,0,0,0,0,0,-10000,0,0,0,0,10000,-10000,-10000
063260,信邦富邦9B購01  ,0,0,0,0,0,0,0,0,0,-10000,0,0,0,0,10000,-10000,-10000
063237,微星元大9B購02  ,0,0,0,0,0,0,0,0,0,-10000,0,0,0,0,10000,-10000,-10000
061679,健策元大9B購04  ,0,0,0,0,0,0,0,0,0,-10000,0,0,0,11000,21000,-10000,-10000
061680,崇越元大9A購01  ,0,0,0,0,0,0,0,0,0,-10000,0,0,0,0,10000,-10000,-10000
063530,同欣電凱基9C購02,0,0,0,0,0,0,0,0,0,-10000,0,0,0,40000,50000,-10000,-10000
064439,大立光凱基03購02,0,0,0,0,0,0,0,0,0,-10000,0,0,0,0,10000,-10000,-10000
064414,臺股指凱基9C購10,0,0,0,0,0,0,0,0,0,-10000,0,0,0,0,10000,-10000,-10000
064422,聯發科兆豐01購02,0,0,0,0,0,0,0,0,0,-10000,0,0,0,0,10000,-10000,-10000
064430,鴻海凱基03購04  ,0,0,0,0,0,0,0,0,0,-10000,0,0,0,10000,20000,-10000,-10000
064428,裕隆凱基02購01  ,0,0,0,0,0,0,0,0,0,-10000,0,0,0,33000,43000,-10000,-10000
063188,TPK凱基9B購01   ,0,0,0,0,0,0,0,0,0,-10000,0,0,0,0,10000,-10000,-10000
061253,臺股指群益9A購04,0,0,0,0,0,0,0,0,0,-10000,0,0,0,0,10000,-10000,-10000
063695,上銀第一9B購01  ,0,0,0,0,0,0,0,0,0,-10000,0,0,0,0,10000,-10000,-10000
063804,華邦電兆豐01購01,0,0,0,0,0,0,0,0,0,-10000,0,0,0,5000,15000,-10000,-10000
064687,國巨群益9C購10  ,0,0,0,0,0,0,0,0,0,-10000,0,0,0,0,10000,-10000,-10000
064713,和大統一02購01  ,0,0,0,0,0,0,0,0,0,-10000,0,0,0,0,10000,-10000,-10000
064604,聯茂元富9C購01  ,0,0,0,0,0,0,0,0,0,-10000,0,0,0,0,10000,-10000,-10000
064569,群創群益9C購01  ,0,0,0,0,0,0,0,0,0,-10000,0,0,0,50000,60000,-10000,-10000
064553,臺指反群益9C購01,0,0,0,0,0,0,0,0,0,-10000,0,0,0,20000,30000,-10000,-10000
064563,全新群益02購01  ,0,0,0,0,0,0,0,0,0,-10000,0,0,0,0,10000,-10000,-10000
064557,鴻海群益9C購04  ,0,0,0,0,0,0,0,0,0,-10000,0,0,0,0,10000,-10000,-10000
064559,旺宏群益01購02  ,0,0,0,0,0,0,0,0,0,-10000,0,0,0,0,10000,-10000,-10000
063064,台表科元富9B購01,0,0,0,0,0,0,0,0,0,-10000,0,0,0,10000,20000,-10000,-10000
063035,燿華凱基9B購02  ,0,0,0,0,0,0,0,0,0,-10000,0,0,0,0,10000,-10000,-10000
064724,健鼎統一02購02  ,0,0,0,0,0,0,0,0,0,-10000,0,0,0,0,10000,-10000,-10000
062980,康控元富9B購01  ,0,0,0,0,0,0,0,0,0,-10000,0,0,0,0,10000,-10000,-10000
063024,祥碩元大9B購05  ,0,0,0,0,0,0,0,0,0,-10000,0,0,0,0,10000,-10000,-10000
063785,華通中信06購02  ,0,0,0,0,0,0,0,0,0,-10000,0,0,0,0,10000,-10000,-10000
06376P,上銀統一99售01  ,0,0,0,0,0,0,0,0,0,-10000,0,0,0,0,10000,-10000,-10000
062577,泰鼎群益9B購01  ,0,0,0,0,0,0,0,0,0,-10000,0,0,0,0,10000,-10000,-10000
062608,智易凱基9B購01  ,0,0,0,0,0,0,0,0,0,-10000,0,0,0,0,10000,-10000,-10000
062625,華通國票9B購02  ,0,0,0,0,0,0,0,0,0,-10000,0,0,0,0,10000,-10000,-10000
062630,全新國票9B購02  ,0,0,0,0,0,0,0,0,0,-10000,0,0,0,0,10000,-10000,-10000
064029,宏達電元大9C購01,0,0,0,0,0,0,0,0,0,-10000,0,0,0,38000,48000,-10000,-10000
063962,台達電國票01購01,0,0,0,0,0,0,0,0,0,-10000,0,0,0,0,10000,-10000,-10000
065059,神隆群益9C購01  ,0,0,0,0,0,0,0,0,0,-10000,0,0,0,6000,16000,-10000,-10000
064989,鈺齊元大01購01  ,0,0,0,0,0,0,0,0,0,-10000,0,0,0,200000,210000,-10000,-10000
064943,聚陽凱基9C購01  ,0,0,0,0,0,0,0,0,0,-10000,0,0,0,40000,50000,-10000,-10000
065107,道瓊反國票9C購03,0,0,0,0,0,0,0,0,0,-10000,0,0,0,0,10000,-10000,-10000
065192,臺股指統一9C購03,0,0,0,0,0,0,0,0,0,-10000,0,0,0,0,10000,-10000,-10000
065225,神隆凱基01購01  ,0,0,0,0,0,0,0,0,0,-10000,0,0,0,2000,12000,-10000,-10000
064883,GIS兆豐01購01   ,0,0,0,0,0,0,0,0,0,-10000,0,0,0,0,10000,-10000,-10000
064849,大立光元富9C購06,0,0,0,0,0,0,0,0,0,-10000,0,0,0,0,10000,-10000,-10000
061937,聯發科國票9B購02,0,0,0,0,0,0,0,0,0,-10000,0,0,0,0,10000,-10000,-10000
061959,鴻海統一9B購04  ,0,0,0,0,0,0,0,0,0,-10000,0,0,0,200000,210000,-10000,-10000
062876,全新兆豐9B購01  ,0,0,0,0,0,0,0,0,0,-10000,0,0,0,0,10000,-10000,-10000
062869,帆宣中信9B購01  ,0,0,0,0,0,0,0,0,0,-10000,0,0,0,0,10000,-10000,-10000
064640,和大凱基03購01  ,0,0,0,0,0,0,0,0,0,-10000,0,0,0,0,10000,-10000,-10000
064623,創意元大9C購04  ,0,0,0,0,0,0,0,0,0,-10000,0,0,0,13000,23000,-10000,-10000
063631,燿華元大9B購06  ,0,0,0,0,0,0,0,0,0,-10000,0,0,0,0,10000,-10000,-10000
063626,聚陽元大9B購03  ,0,0,0,0,0,0,0,0,0,-10000,0,0,0,0,10000,-10000,-10000
062211,玉晶光台新9B購01,0,0,0,0,0,0,0,0,0,-10000,0,0,0,0,10000,-10000,-10000
062214,金寶統一01購01  ,0,0,0,0,0,0,0,0,0,-10000,0,0,0,0,10000,-10000,-10000
062246,力山元大9B購02  ,0,0,0,0,0,0,0,0,0,-10000,0,0,0,10000,20000,-10000,-10000
062248,國巨元大9B購08  ,0,0,0,0,0,0,0,0,0,-10000,0,0,0,6000,16000,-10000,-10000
062183,奇鋐元大9B購01  ,0,0,0,0,0,0,0,0,0,-10000,0,0,0,10000,20000,-10000,-10000
062429,A50正2元大9B購01,0,0,0,0,0,0,0,0,0,-10000,0,0,0,0,10000,-10000,-10000
064614,友訊元大9C購02  ,0,0,0,0,0,0,0,0,0,-10000,0,0,0,158000,168000,-10000,-10000
064204,瑞儀兆豐01購01  ,0,0,0,0,0,0,0,0,0,-10000,0,0,0,656000,666000,-10000,-10000
061523,SP黃豆凱基9B購01,0,0,0,0,0,0,0,0,0,-10000,0,0,0,0,10000,-10000,-10000
061447,鴻海中信04購02  ,0,0,0,0,0,0,0,0,0,-10000,0,0,0,0,10000,-10000,-10000
064484,元金2X元大9C購02,0,0,0,0,0,0,0,0,0,-10000,0,0,0,0,10000,-10000,-10000
062731,力成凱基9B購02  ,0,0,0,0,0,0,0,0,0,-10000,0,0,0,0,10000,-10000,-10000
065399,新日興群益01購01,0,0,0,0,0,0,0,0,0,-10000,0,0,0,5000,15000,-10000,-10000
065369,瑞昱元大9C購01  ,0,0,0,0,0,0,0,0,0,-10000,0,0,0,0,10000,-10000,-10000
065344,瑞昱統一01購05  ,0,0,0,0,0,0,0,0,0,-10000,0,0,0,0,10000,-10000,-10000
065316,大成鋼凱基9C購01,0,0,0,0,0,0,0,0,0,-10000,0,0,0,0,10000,-10000,-10000
065292,緯創群益9C購01  ,0,0,0,0,0,0,0,0,0,-10000,0,0,0,0,10000,-10000,-10000
065625,聯發科兆豐9C購06,0,0,0,0,0,0,0,0,0,-10000,0,0,0,0,10000,-10000,-10000
065607,聯詠元大9C購02  ,0,0,0,0,0,0,0,0,0,-10000,0,0,0,29000,39000,-10000,-10000
065572,泰碩群益01購01  ,0,0,0,0,0,0,0,0,0,-10000,0,0,0,0,10000,-10000,-10000
065541,GIS統一01購05   ,0,0,0,0,0,0,0,0,0,-10000,0,0,0,0,10000,-10000,-10000
065550,聯發科凱基01購07,0,0,0,0,0,0,0,0,0,-10000,0,0,0,0,10000,-10000,-10000
065493,T50反1富邦03購01,0,0,0,0,0,0,0,0,0,-10000,0,0,0,0,10000,-10000,-10000
065812,寶成群益9C購02  ,0,0,0,0,0,0,0,0,0,-10000,0,0,0,0,10000,-10000,-10000
065841,國巨元大9C購20  ,0,0,0,0,0,0,0,0,0,-10000,0,0,0,0,10000,-10000,-10000
065853,智伸科元大9C購02,0,0,0,0,0,0,0,0,0,-10000,0,0,0,760000,770000,-10000,-10000
065755,日電貿元大9C購02,0,0,0,0,0,0,0,0,0,-10000,0,0,0,40000,50000,-10000,-10000
065738,國巨麥證9C購04  ,0,0,0,50000,60000,-10000,0,0,0,-10000,0,0,0,50000,60000,-10000,-10000
065716,道瓊反中信03購01,0,0,0,0,0,0,0,0,0,-10000,0,0,0,0,10000,-10000,-10000
065684,超眾統一03購01  ,0,0,0,0,0,0,0,0,0,-10000,0,0,0,1000,11000,-10000,-10000
065933,鴻海群益01購06  ,0,0,0,0,0,0,0,0,0,-10000,0,0,0,0,10000,-10000,-10000
066431,台郡元大02購01  ,0,0,0,0,0,0,0,0,0,-10000,0,0,0,50000,60000,-10000,-10000
066696,臺指反群益01購02,0,0,0,0,0,0,0,0,0,-10000,0,0,0,0,10000,-10000,-10000
066642,臺股指凱基04購01,0,0,0,0,0,0,0,0,0,-10000,0,0,0,473000,483000,-10000,-10000
066578,臺股指元大01購07,0,0,0,0,0,0,0,0,0,-10000,0,0,0,0,10000,-10000,-10000
066220,矽格台新01購01  ,0,0,0,0,0,0,0,0,0,-10000,0,0,0,0,10000,-10000,-10000
066237,京鼎富邦04購01  ,0,0,0,0,0,0,0,0,0,-10000,0,0,0,25000,35000,-10000,-10000
066293,惠特元大02購01  ,0,0,0,0,0,0,0,0,0,-10000,0,0,0,3000,13000,-10000,-10000
066328,國揚永豐01購01  ,0,0,0,0,0,0,0,0,0,-10000,0,0,0,0,10000,-10000,-10000
066329,達欣工永豐01購01,0,0,0,0,0,0,0,0,0,-10000,0,0,0,0,10000,-10000,-10000
066073,奇鋐凱基01購01  ,0,0,0,0,0,0,0,0,0,-10000,0,0,0,0,10000,-10000,-10000
067202,聚陽元大01購02  ,0,0,0,0,0,0,0,0,0,-10000,0,0,0,10000,20000,-10000,-10000
067140,鎧勝永豐01購02  ,0,0,0,0,0,0,0,0,0,-10000,0,0,0,0,10000,-10000,-10000
067141,台表科永豐01購01,0,0,0,0,0,0,0,0,0,-10000,0,0,0,0,10000,-10000,-10000
066944,鴻海元大01購13  ,0,0,0,0,0,0,0,0,0,-10000,0,0,0,142000,152000,-10000,-10000
067050,京鼎凱基03購01  ,0,0,0,0,0,0,0,0,0,-10000,0,0,0,0,10000,-10000,-10000
067048,聯詠凱基02購02  ,0,0,0,0,0,0,0,0,0,-10000,0,0,0,0,10000,-10000,-10000
067012,台虹永豐01購02  ,0,0,0,0,0,0,0,0,0,-10000,0,0,0,1000,11000,-10000,-10000
066980,台光電群益01購02,0,0,0,0,0,0,0,0,0,-10000,0,0,0,0,10000,-10000,-10000
068041,訊芯元富07購01  ,0,0,0,0,0,0,0,0,0,-10000,0,0,0,0,10000,-10000,-10000
068054,玉晶光統一03購04,0,0,0,0,0,0,0,0,0,-10000,0,0,0,25000,35000,-10000,-10000
068058,聯電中信03購02  ,0,0,0,0,0,0,0,0,0,-10000,0,0,0,10000,20000,-10000,-10000
068081,GIS凱基01購03   ,0,0,0,0,0,0,0,0,0,-10000,0,0,0,0,10000,-10000,-10000
067964,燿華群益02購02  ,0,0,0,0,0,0,0,0,0,-10000,0,0,0,0,10000,-10000,-10000
067818,玉晶光凱基02購02,0,0,0,0,0,0,0,0,0,-10000,0,0,0,5000,15000,-10000,-10000
067777,元上證群益01購01,0,0,0,0,0,0,0,0,0,-10000,0,0,0,0,10000,-10000,-10000
067936,泰碩凱基01購02  ,0,0,0,0,0,0,0,0,0,-10000,0,0,0,0,10000,-10000,-10000
067866,可成元大01購09  ,0,0,0,0,0,0,0,0,0,-10000,0,0,0,0,10000,-10000,-10000
067596,國巨凱基02購05  ,0,0,0,0,0,0,0,0,0,-10000,0,0,0,7000,17000,-10000,-10000
9942,茂順            ,2000,7000,-5000,0,0,0,0,0,0,-5000,0,5000,-5000,0,0,0,-10000
2616,山隆            ,11000,16000,-5000,0,0,0,0,0,0,-5000,0,5000,-5000,0,0,0,-10000
2464,盟立            ,139000,143000,-4000,0,0,0,0,0,0,-6000,3000,0,3000,4000,13000,-9000,-10000
2450,神腦            ,5000,13000,-8000,0,0,0,0,0,0,-2000,2000,4000,-2000,0,0,0,-10000
6164,華興            ,13000,22000,-9000,0,0,0,0,0,0,-1000,0,1000,-1000,0,0,0,-10000
08655P,大立光群益02售02,0,0,0,0,0,0,0,0,0,-10000,0,0,0,0,10000,-10000,-10000
08902P,台灣50中信05售01,0,0,0,0,0,0,0,0,0,-10000,0,0,0,0,10000,-10000,-10000
08908P,義隆凱基01售05  ,0,0,0,0,0,0,0,0,0,-10000,0,0,0,0,10000,-10000,-10000
08855P,台灣50國票01售05,0,0,0,0,0,0,0,0,0,-10000,0,0,0,0,10000,-10000,-10000
1449,佳和            ,381000,296000,85000,0,0,0,0,0,0,-95000,0,95000,-95000,0,0,0,-10000
2032,新鋼            ,12000,22000,-10000,0,0,0,0,0,0,0,0,0,0,0,0,0,-10000
07183P,臺股指凱基99售25,0,0,0,0,0,0,0,0,0,-11000,0,0,0,7000,18000,-11000,-11000
069805,道瓊銀國票04購01,0,0,0,0,0,0,0,0,0,-11000,0,0,0,0,11000,-11000,-11000
069759,大立光兆豐03購04,0,0,0,0,0,0,0,0,0,-11000,0,0,0,0,11000,-11000,-11000
08461P,長榮航國票9C售01,0,0,0,0,0,0,0,0,0,-11000,0,0,0,36000,47000,-11000,-11000
069108,大立光兆豐03購02,0,0,0,0,0,0,0,0,0,-11000,0,0,0,0,11000,-11000,-11000
069184,富邦金麥證02購01,0,0,0,172000,694000,-522000,0,0,0,-11000,0,0,0,683000,694000,-11000,-11000
069282,崇越永豐02購01  ,0,0,0,0,0,0,0,0,0,-11000,0,0,0,0,11000,-11000,-11000
068878,智易凱基02購01  ,0,0,0,0,0,0,0,0,0,-11000,0,0,0,7000,18000,-11000,-11000
068857,華通元富08購01  ,0,0,0,0,0,0,0,0,0,-11000,0,0,0,0,11000,-11000,-11000
068780,國揚國票03購01  ,0,0,0,0,0,0,0,0,0,-11000,0,0,0,0,11000,-11000,-11000
061236,台積電元大9A購24,0,0,0,0,0,0,0,0,0,-11000,0,0,0,0,11000,-11000,-11000
060063,可成兆豐9B購01  ,0,0,0,0,0,0,0,0,0,-11000,0,0,0,22000,33000,-11000,-11000
060339,國巨統一01購01  ,0,0,0,0,0,0,0,0,0,-11000,0,0,0,0,11000,-11000,-11000
060305,得力永豐9A購01  ,0,0,0,0,0,0,0,0,0,-11000,0,0,0,0,11000,-11000,-11000
057914,日月光日盛9A購01,0,0,0,0,0,0,0,0,0,-11000,0,0,0,0,11000,-11000,-11000
057962,超眾元大99購03  ,0,0,0,0,0,0,0,0,0,-11000,0,0,0,4000,15000,-11000,-11000
060911,大毅元大9A購01  ,0,0,0,0,0,0,0,0,0,-11000,0,0,0,9000,20000,-11000,-11000
00642U,元大S&P石油     ,0,10000,-10000,0,0,0,0,0,0,-1000,0,0,0,0,1000,-1000,-11000
057563,旭富國泰9A購01  ,0,0,0,0,0,0,0,0,0,-11000,0,0,0,0,11000,-11000,-11000
03435P,聯電永豐02售05  ,0,0,0,0,0,0,0,0,0,-11000,0,0,0,0,11000,-11000,-11000
03554P,可成元富08售04  ,0,0,0,0,0,0,0,0,0,-11000,0,0,0,0,11000,-11000,-11000
03505P,華通群益03售02  ,0,0,0,0,0,0,0,0,0,-11000,0,0,0,10000,21000,-11000,-11000
053799,矽創中信9A購01  ,0,0,0,0,0,0,0,0,0,-11000,0,0,0,0,11000,-11000,-11000
061391,晶技群益9A購02  ,0,0,0,0,0,0,0,0,0,-11000,0,0,0,59000,70000,-11000,-11000
064216,矽格凱基01購01  ,0,0,0,0,0,0,0,0,0,-11000,0,0,0,0,11000,-11000,-11000
064194,燿華群益9C購01  ,0,0,0,0,0,0,0,0,0,-11000,0,0,0,10000,21000,-11000,-11000
062258,奇力新元大9B購03,0,0,0,0,0,0,0,0,0,-11000,0,0,0,0,11000,-11000,-11000
064864,金像電永豐01購01,0,0,0,0,0,0,0,0,0,-11000,0,0,0,0,11000,-11000,-11000
065259,燿華元大9C購05  ,0,0,0,0,0,0,0,0,0,-11000,0,0,0,3000,14000,-11000,-11000
064572,同欣電群益9C購02,0,0,0,0,0,0,0,0,0,-11000,0,0,0,29000,40000,-11000,-11000
064715,和大統一02購03  ,0,0,0,0,0,0,0,0,0,-11000,0,0,0,0,11000,-11000,-11000
063697,香港反群益9C購01,0,0,0,0,0,0,0,0,0,-11000,0,0,0,0,11000,-11000,-11000
063819,致新群益9C購01  ,0,0,0,0,0,0,0,0,0,-11000,0,0,0,0,11000,-11000,-11000
061302,晶技永豐9A購04  ,0,0,0,0,0,0,0,0,0,-11000,0,0,0,1000,12000,-11000,-11000
063526,台光電凱基9B購04,0,0,0,0,0,0,0,0,0,-11000,0,0,0,0,11000,-11000,-11000
063549,國巨國票9C購05  ,0,0,0,0,0,0,0,0,0,-11000,0,0,0,8000,19000,-11000,-11000
064344,緯創元大9C購01  ,0,0,0,0,0,0,0,0,0,-11000,0,0,0,19000,30000,-11000,-11000
064312,大立光群益01購01,0,0,0,0,0,0,0,0,0,-11000,0,0,0,0,11000,-11000,-11000
067874,台郡元大01購05  ,0,0,0,0,0,0,0,0,0,-11000,0,0,0,0,11000,-11000,-11000
067974,玉晶光群益02購24,0,0,0,0,0,0,0,0,0,-11000,0,0,0,31000,42000,-11000,-11000
067995,瑞昱元大02購01  ,0,0,0,0,0,0,0,0,0,-11000,0,0,0,125000,136000,-11000,-11000
066724,台達電元大01購01,0,0,0,0,0,0,0,0,0,-11000,0,0,0,76000,87000,-11000,-11000
066814,健鼎兆豐01購01  ,0,0,0,0,0,0,0,0,0,-11000,0,0,0,10000,21000,-11000,-11000
067119,泰鼎群益01購02  ,0,0,0,0,0,0,0,0,0,-11000,0,0,0,0,11000,-11000,-11000
067068,台積電元大01購21,0,0,0,0,0,0,0,0,0,-11000,0,0,0,182000,193000,-11000,-11000
066395,可成凱基01購03  ,0,0,0,0,0,0,0,0,0,-11000,0,0,0,0,11000,-11000,-11000
065792,TPK永豐9C購02   ,0,0,0,0,0,0,0,0,0,-11000,0,0,0,16000,27000,-11000,-11000
065341,華邦電統一01購02,0,0,0,0,0,0,0,0,0,-11000,0,0,0,0,11000,-11000,-11000
065368,技嘉元大9C購04  ,0,0,0,0,0,0,0,0,0,-11000,0,0,0,15000,26000,-11000,-11000
1435,中福            ,9000,20000,-11000,0,0,0,0,0,0,0,0,0,0,0,0,0,-11000
1507,永大            ,35000,46000,-11000,0,0,0,0,0,0,0,0,0,0,0,0,0,-11000
1541,錩泰            ,19000,32000,-13000,0,0,0,0,0,0,2000,2000,0,2000,0,0,0,-11000
1614,三洋電          ,11000,19000,-8000,0,0,0,0,0,0,-3000,0,3000,-3000,0,0,0,-11000
2702,華園            ,6000,23000,-17000,0,0,0,0,0,0,6000,6000,0,6000,0,0,0,-11000
3025,星通            ,4000,15000,-11000,0,0,0,0,0,0,0,0,0,0,0,0,0,-11000
068979,欣興元大02購05  ,0,0,0,0,0,0,0,0,0,-12000,0,0,0,13000,25000,-12000,-12000
068157,晶技元大01購04  ,0,0,0,0,0,0,0,0,0,-12000,0,0,0,16000,28000,-12000,-12000
068176,滬深2X群益01購10,0,0,0,0,0,0,0,0,0,-12000,0,0,0,0,12000,-12000,-12000
068460,健策國票03購02  ,0,0,0,0,0,0,0,0,0,-12000,0,0,0,4000,16000,-12000,-12000
08577P,臺指2X中信03售01,0,0,0,0,0,0,0,0,0,-12000,0,0,0,2000,14000,-12000,-12000
08121P,聯發科國票9B售05,0,0,0,0,0,0,0,0,0,-12000,0,0,0,8000,20000,-12000,-12000
069869,臺股指群益02購09,0,0,0,0,0,0,0,0,0,-12000,0,0,0,0,12000,-12000,-12000
069929,台積電統一04購11,0,0,0,0,0,0,0,0,0,-12000,0,0,0,0,12000,-12000,-12000
03492P,創意元大02售03  ,0,0,0,0,0,0,0,0,0,-12000,0,0,0,59000,71000,-12000,-12000
058929,可成統一9C購01  ,0,0,0,0,0,0,0,0,0,-12000,0,0,0,385000,397000,-12000,-12000
058138,晶相光元大9C購01,0,0,0,0,0,0,0,0,0,-12000,0,0,0,0,12000,-12000,-12000
062495,友達中信01購02  ,0,0,0,0,0,0,0,0,0,-12000,0,0,0,0,12000,-12000,-12000
064068,義隆永豐9C購01  ,0,0,0,0,0,0,0,0,0,-12000,0,0,0,0,12000,-12000,-12000
064036,矽創元大9C購01  ,0,0,0,0,0,0,0,0,0,-12000,0,0,0,0,12000,-12000,-12000
059935,國巨永豐99購07  ,0,0,0,0,0,0,0,0,0,-12000,0,0,0,13000,25000,-12000,-12000
064349,泰鼎元大9C購02  ,0,0,0,0,0,0,0,0,0,-12000,0,0,0,3000,15000,-12000,-12000
063258,緯穎國泰9C購01  ,0,0,0,0,0,0,0,0,0,-12000,0,0,0,280000,292000,-12000,-12000
063326,正隆國票9B購01  ,0,0,0,0,0,0,0,0,0,-12000,0,0,0,145000,157000,-12000,-12000
064406,健策凱基03購01  ,0,0,0,0,0,0,0,0,0,-12000,0,0,0,34000,46000,-12000,-12000
064432,台積電凱基9C購04,0,0,0,0,0,0,0,0,0,-12000,0,0,0,1000,13000,-12000,-12000
061275,臺股指凱基9A購25,0,0,0,0,0,0,0,0,0,-12000,0,0,0,5000,17000,-12000,-12000
064539,玉晶光麥證01購01,0,0,0,2000,12000,-10000,0,0,0,-12000,0,0,0,2000,14000,-12000,-12000
064882,同欣電兆豐9C購01,0,0,0,0,0,0,0,0,0,-12000,0,0,0,1000,13000,-12000,-12000
063604,群創凱基01購02  ,0,0,0,0,0,0,0,0,0,-12000,0,0,0,0,12000,-12000,-12000
062202,國巨國票9C購04  ,0,0,0,0,0,0,0,0,0,-12000,0,0,0,0,12000,-12000,-12000
062153,智邦麥證9B購01  ,0,0,0,13000,25000,-12000,0,0,0,-12000,0,0,0,13000,25000,-12000,-12000
061424,華新科元大9A購18,0,0,0,0,0,0,0,0,0,-12000,0,0,0,0,12000,-12000,-12000
062020,智伸科永豐9B購01,0,0,0,0,0,0,0,0,0,-12000,0,0,0,81000,93000,-12000,-12000
065517,緯創群益9C購02  ,0,0,0,0,0,0,0,0,0,-12000,0,0,0,22000,34000,-12000,-12000
065565,神隆群益01購01  ,0,0,0,0,0,0,0,0,0,-12000,0,0,0,0,12000,-12000,-12000
065758,嘉澤元大9C購03  ,0,0,0,0,0,0,0,0,0,-12000,0,0,0,0,12000,-12000,-12000
066376,聯詠兆豐01購01  ,0,0,0,0,0,0,0,0,0,-12000,0,0,0,21000,33000,-12000,-12000
066657,滬深2X凱基04購01,0,0,0,0,0,0,0,0,0,-12000,0,0,0,0,12000,-12000,-12000
066979,國巨群益01購04  ,0,0,0,0,0,0,0,0,0,-12000,0,0,0,91000,103000,-12000,-12000
067742,大立光元大01購16,0,0,0,0,0,0,0,0,0,-12000,0,0,0,28000,40000,-12000,-12000
067434,日月光凱基01購01,0,0,0,0,0,0,0,0,0,-12000,0,0,0,16000,28000,-12000,-12000
3011,今皓            ,10000,22000,-12000,0,0,0,0,0,0,0,0,0,0,0,0,0,-12000
2722,夏都            ,1000,15000,-14000,0,0,0,0,0,0,2000,3000,1000,2000,0,0,0,-12000
2477,美隆電          ,1000,10000,-9000,0,0,0,0,0,0,-3000,1000,4000,-3000,0,0,0,-12000
6216,居易            ,7000,20000,-13000,0,0,0,0,0,0,1000,1000,0,1000,0,0,0,-12000
4976,佳凌            ,88000,104000,-16000,0,0,0,0,0,0,4000,4000,0,4000,0,0,0,-12000
1454,台富            ,10000,21000,-11000,0,0,0,0,0,0,-1000,0,1000,-1000,0,0,0,-12000
2038,海光            ,42000,54000,-12000,0,0,0,0,0,0,0,0,0,0,0,0,0,-12000
1726,永記            ,11000,22000,-11000,0,0,0,0,0,0,-1000,0,1000,-1000,0,0,0,-12000
2239,英利-KY         ,117000,181000,-64000,0,0,0,30000,0,30000,22000,6000,0,6000,16000,0,16000,-12000
069576,緯穎凱基02購03  ,0,0,0,0,0,0,0,0,0,-13000,0,0,0,0,13000,-13000,-13000
08547P,大立光中信9C售04,0,0,0,0,0,0,0,0,0,-13000,0,0,0,0,13000,-13000,-13000
08432P,台勝科凱基9C售02,0,0,0,0,0,0,0,0,0,-13000,0,0,0,77000,90000,-13000,-13000
068641,神達凱基03購01  ,0,0,0,0,0,0,0,0,0,-13000,0,0,0,0,13000,-13000,-13000
068272,華新科永豐01購02,0,0,0,0,0,0,0,0,0,-13000,0,0,0,17000,30000,-13000,-13000
060350,元黃金元富9B購01,0,0,0,0,0,0,0,0,0,-13000,0,0,0,0,13000,-13000,-13000
060320,元金2X群益02購01,0,0,0,0,0,0,0,0,0,-13000,0,0,0,2000,15000,-13000,-13000
060381,元黃金凱基9A購01,0,0,0,0,0,0,0,0,0,-13000,0,0,0,56000,69000,-13000,-13000
064255,泰碩國泰02購01  ,0,0,0,0,0,0,0,0,0,-13000,0,0,0,7000,20000,-13000,-13000
060877,華邦電中信02購01,0,0,0,0,0,0,0,0,0,-13000,0,0,0,12000,25000,-13000,-13000
059539,緯穎凱基99購03  ,0,0,0,0,0,0,0,0,0,-13000,0,0,0,0,13000,-13000,-13000
048383,元金2X國票99購01,0,0,0,0,0,0,0,0,0,-13000,0,0,0,2000,15000,-13000,-13000
03545P,可成群益03售02  ,0,0,0,0,0,0,0,0,0,-13000,0,0,0,0,13000,-13000,-13000
03057P,亞德客凱基01售02,0,0,0,0,0,0,0,0,0,-13000,0,0,0,60000,73000,-13000,-13000
061468,神達群益9A購01  ,0,0,0,0,0,0,0,0,0,-13000,0,0,0,0,13000,-13000,-13000
064190,新光金第一9C購01,0,0,0,0,0,0,0,0,0,-13000,0,0,0,0,13000,-13000,-13000
063732,建準元大9B購02  ,0,0,0,0,0,0,0,0,0,-13000,0,0,0,0,13000,-13000,-13000
064281,大立光元大9C購12,0,0,0,0,0,0,0,0,0,-13000,0,0,0,2000,15000,-13000,-13000
063104,大立光群益9C購02,0,0,0,0,0,0,0,0,0,-13000,0,0,0,10000,23000,-13000,-13000
061294,奇力新麥證9A購01,0,0,0,0,13000,-13000,0,0,0,-13000,0,0,0,0,13000,-13000,-13000
064315,創意群益9C購01  ,0,0,0,0,0,0,0,0,0,-13000,0,0,0,14000,27000,-13000,-13000
067513,南六統一01購04  ,0,0,0,0,0,0,0,0,0,-13000,0,0,0,9000,22000,-13000,-13000
068019,玉晶光國票02購06,0,0,0,0,0,0,0,0,0,-13000,0,0,0,10000,23000,-13000,-13000
066966,國巨元富07購07  ,0,0,0,0,0,0,0,0,0,-13000,0,0,0,0,13000,-13000,-13000
066903,中興電凱基01購01,0,0,0,0,0,0,0,0,0,-13000,0,0,0,199000,212000,-13000,-13000
066866,滬深2X元富01購03,0,0,0,0,0,0,0,0,0,-13000,0,0,0,0,13000,-13000,-13000
066785,台光電麥證01購01,0,0,0,0,13000,-13000,0,0,0,-13000,0,0,0,0,13000,-13000,-13000
066621,川湖凱基01購01  ,0,0,0,0,0,0,0,0,0,-13000,0,0,0,33000,46000,-13000,-13000
066078,南電凱基02購02  ,0,0,0,0,0,0,0,0,0,-13000,0,0,0,14000,27000,-13000,-13000
06633P,國巨國票99售01  ,0,0,0,0,0,0,0,0,0,-13000,0,0,0,16000,29000,-13000,-13000
065882,景碩台新9C購03  ,0,0,0,0,0,0,0,0,0,-13000,0,0,0,17000,30000,-13000,-13000
065603,聯發科元大9C購16,0,0,0,0,0,0,0,0,0,-13000,0,0,0,28000,41000,-13000,-13000
065393,旺宏群益9C購04  ,0,0,0,0,0,0,0,0,0,-13000,0,0,0,118000,131000,-13000,-13000
1465,偉全            ,12000,18000,-6000,0,0,0,0,0,0,-7000,0,7000,-7000,0,0,0,-13000
1533,車王電          ,3000,18000,-15000,0,0,0,0,0,0,2000,2000,0,2000,0,0,0,-13000
08907P,奇鋐群益01售03  ,0,0,0,0,0,0,0,0,0,-13000,0,0,0,25000,38000,-13000,-13000
8488,吉源-KY         ,0,13000,-13000,0,0,0,0,0,0,0,0,0,0,0,0,0,-13000
8442,威宏-KY         ,0,4000,-4000,0,0,0,0,0,0,-9000,0,9000,-9000,0,0,0,-13000
3021,鴻名            ,5000,8000,-3000,0,0,0,0,0,0,-10000,1000,11000,-10000,0,0,0,-13000
068766,台積電統一04購04,0,0,0,0,0,0,0,0,0,-14000,0,0,0,0,14000,-14000,-14000
068750,欣興群益02購01  ,0,0,0,0,0,0,0,0,0,-14000,0,0,0,8000,22000,-14000,-14000
069124,南電群益02購01  ,0,0,0,0,0,0,0,0,0,-14000,0,0,0,10000,24000,-14000,-14000
08554P,玉晶光國票01售06,0,0,0,0,0,0,0,0,0,-14000,0,0,0,200000,214000,-14000,-14000
069595,華碩國票03購01  ,0,0,0,0,0,0,0,0,0,-14000,0,0,0,0,14000,-14000,-14000
06997P,台灣50中信03售01,0,0,0,0,0,0,0,0,0,-14000,0,0,0,0,14000,-14000,-14000
03049P,台積電元富07售11,0,0,0,0,0,0,0,0,0,-14000,0,0,0,141000,155000,-14000,-14000
03043P,健策國票03售01  ,0,0,0,0,0,0,0,0,0,-14000,0,0,0,5000,19000,-14000,-14000
00742,新光內需收益    ,0,0,0,0,0,0,0,0,0,-14000,250000,250000,0,363000,377000,-14000,-14000
01002T,土銀國泰R1      ,0,14000,-14000,0,0,0,0,0,0,0,0,0,0,0,0,0,-14000
058093,神達元大9A購01  ,0,0,0,0,0,0,0,0,0,-14000,0,0,0,0,14000,-14000,-14000
057758,鴻海凱基99購03  ,0,0,0,0,0,0,0,0,0,-14000,0,0,0,16000,30000,-14000,-14000
064057,緯穎統一02購01  ,0,0,0,0,0,0,0,0,0,-14000,0,0,0,309000,323000,-14000,-14000
059173,矽力凱基99購01  ,0,0,0,0,0,0,0,0,0,-14000,0,0,0,0,14000,-14000,-14000
063021,大立光元大9C購05,0,0,0,0,0,0,0,0,0,-14000,0,0,0,0,14000,-14000,-14000
063499,金像電永豐9B購03,0,0,0,0,0,0,0,0,0,-14000,0,0,0,0,14000,-14000,-14000
063464,廣達元大9B購02  ,0,0,0,0,0,0,0,0,0,-14000,0,0,0,20000,34000,-14000,-14000
062215,華通統一9B購01  ,0,0,0,0,0,0,0,0,0,-14000,0,0,0,33000,47000,-14000,-14000
062369,創意元大9B購01  ,0,0,0,0,0,0,0,0,0,-14000,0,0,0,1000,15000,-14000,-14000
064447,喬山統一02購01  ,0,0,0,0,0,0,0,0,0,-14000,0,0,0,15000,29000,-14000,-14000
062011,上銀富邦9C購01  ,0,0,0,0,0,0,0,0,0,-14000,0,0,0,100000,114000,-14000,-14000
065232,健策凱基02購01  ,0,0,0,0,0,0,0,0,0,-14000,0,0,0,14000,28000,-14000,-14000
064983,力成元大9C購04  ,0,0,0,0,0,0,0,0,0,-14000,0,0,0,16000,30000,-14000,-14000
065377,群創元大02購02  ,0,0,0,0,0,0,0,0,0,-14000,0,0,0,5000,19000,-14000,-14000
065408,華通永豐9C購02  ,0,0,0,0,0,0,0,0,0,-14000,0,0,0,0,14000,-14000,-14000
065461,台光電中信9C購01,0,0,0,0,0,0,0,0,0,-14000,0,0,0,0,14000,-14000,-14000
065886,中磊元富9C購01  ,0,0,0,0,0,0,0,0,0,-14000,0,0,0,157000,171000,-14000,-14000
06597P,國巨富邦9A售05  ,0,0,0,0,0,0,0,0,0,-14000,0,0,0,66000,80000,-14000,-14000
066428,健策元大02購02  ,0,0,0,0,0,0,0,0,0,-14000,0,0,0,66000,80000,-14000,-14000
066470,惠特統一02購01  ,0,0,0,0,0,0,0,0,0,-14000,0,0,0,0,14000,-14000,-14000
066498,康控國泰02購01  ,0,0,0,0,0,0,0,0,0,-14000,0,0,0,52000,66000,-14000,-14000
066867,A50正2元富01購02,0,0,0,0,0,0,0,0,0,-14000,0,0,0,0,14000,-14000,-14000
067249,緯穎群益01購04  ,0,0,0,0,0,0,0,0,0,-14000,0,0,0,3000,17000,-14000,-14000
067945,台積電國泰03購03,0,0,0,0,0,0,0,0,0,-14000,0,0,0,0,14000,-14000,-14000
067871,玉晶光元大01購08,0,0,0,0,0,0,0,0,0,-14000,0,0,0,20000,34000,-14000,-14000
2509,全坤建          ,0,14000,-14000,0,0,0,0,0,0,0,0,0,0,0,0,0,-14000
8480,泰昇-KY         ,13000,27000,-14000,0,0,0,0,0,0,0,0,0,0,0,0,0,-14000
08918P,臺股指凱基01售09,0,0,0,0,0,0,0,0,0,-14000,0,0,0,1000,15000,-14000,-14000
1109,信大            ,17000,31000,-14000,0,0,0,0,0,0,0,0,0,0,0,0,0,-14000
069991,國產兆豐03購01  ,0,0,0,0,0,0,0,0,0,-15000,0,0,0,0,15000,-15000,-15000
070015,南電元大02購10  ,0,0,0,0,0,0,0,0,0,-15000,0,0,0,0,15000,-15000,-15000
069941,景碩元富08購01  ,0,0,0,0,0,0,0,0,0,-15000,0,0,0,0,15000,-15000,-15000
069483,金像電元大02購07,0,0,0,0,0,0,0,0,0,-15000,0,0,0,37000,52000,-15000,-15000
069487,大立光元大02購05,0,0,0,0,0,0,0,0,0,-15000,0,0,0,0,15000,-15000,-15000
069504,華通永豐02購02  ,0,0,0,0,0,0,0,0,0,-15000,0,0,0,0,15000,-15000,-15000
08574P,聯發科凱基02售04,0,0,0,0,0,0,0,0,0,-15000,0,0,0,5000,20000,-15000,-15000
07963P,智邦統一9B售01  ,0,0,0,0,0,0,0,0,0,-15000,0,0,0,98000,113000,-15000,-15000
069015,臻鼎兆豐03購01  ,0,0,0,0,0,0,0,0,0,-15000,0,0,0,35000,50000,-15000,-15000
069081,國揚凱基03購01  ,0,0,0,0,0,0,0,0,0,-15000,0,0,0,20000,35000,-15000,-15000
068449,國巨國票01購03  ,0,0,0,0,0,0,0,0,0,-15000,0,0,0,0,15000,-15000,-15000
068520,彩晶統一03購02  ,0,0,0,0,0,0,0,0,0,-15000,0,0,0,120000,135000,-15000,-15000
060736,旺宏統一01購01  ,0,0,0,0,0,0,0,0,0,-15000,0,0,0,0,15000,-15000,-15000
060303,宏達電富邦9B購01,0,0,0,0,0,0,0,0,0,-15000,0,0,0,0,15000,-15000,-15000
060287,燿華元大9A購01  ,0,0,0,0,0,0,0,0,0,-15000,0,0,0,0,15000,-15000,-15000
059531,華新科凱基9B購02,0,0,0,0,0,0,0,0,0,-15000,0,0,0,2000,17000,-15000,-15000
059955,美食康和99購01  ,0,0,0,0,0,0,0,0,0,-15000,0,0,0,0,15000,-15000,-15000
058673,華新科群益9A購02,0,0,0,0,0,0,0,0,0,-15000,0,0,0,7000,22000,-15000,-15000
058685,TPK凱基99購01   ,0,0,0,0,0,0,0,0,0,-15000,0,0,0,11000,26000,-15000,-15000
058189,嘉澤永豐99購01  ,0,0,0,0,0,0,0,0,0,-15000,0,0,0,0,15000,-15000,-15000
057623,友訊國泰99購01  ,0,0,0,0,0,0,0,0,0,-15000,0,0,0,0,15000,-15000,-15000
00711B,FH彭博新興債    ,0,0,0,0,0,0,0,0,0,-15000,0,0,0,109000,124000,-15000,-15000
03037P,玉晶光國票02售02,0,0,0,0,0,0,0,0,0,-15000,0,0,0,0,15000,-15000,-15000
057306,玉晶光兆豐99購01,0,0,0,0,0,0,0,0,0,-15000,0,0,0,1000,16000,-15000,-15000
056768,宏達電元大99購03,0,0,0,0,0,0,0,0,0,-15000,0,0,0,0,15000,-15000,-15000
03483P,聯發科國泰04售01,0,0,0,0,0,0,0,0,0,-15000,0,0,0,7000,22000,-15000,-15000
058815,華新科台新99購03,0,0,0,0,0,0,0,0,0,-15000,0,0,0,0,15000,-15000,-15000
03383P,聯電凱基02售04  ,0,0,0,0,0,0,0,0,0,-15000,0,0,0,5000,20000,-15000,-15000
065163,香港反元大03購01,0,0,0,0,0,0,0,0,0,-15000,0,0,0,0,15000,-15000,-15000
062029,牧德群益9B購03  ,0,0,0,0,0,0,0,0,0,-15000,0,0,0,0,15000,-15000,-15000
061994,瑞儀元大9B購01  ,0,0,0,0,0,0,0,0,0,-15000,0,0,0,5000,20000,-15000,-15000
062185,禾伸堂元大9B購01,0,0,0,0,0,0,0,0,0,-15000,0,0,0,0,15000,-15000,-15000
062058,瑞昱統一01購01  ,0,0,0,0,0,0,0,0,0,-15000,0,0,0,0,15000,-15000,-15000
062432,上銀元大9B購04  ,0,0,0,0,0,0,0,0,0,-15000,0,0,0,32000,47000,-15000,-15000
064546,燿華凱基02購01  ,0,0,0,0,0,0,0,0,0,-15000,0,0,0,10000,25000,-15000,-15000
063224,泰鼎群益9B購02  ,0,0,0,0,0,0,0,0,0,-15000,0,0,0,0,15000,-15000,-15000
064296,奇鋐國票01購01  ,0,0,0,0,0,0,0,0,0,-15000,0,0,0,3000,18000,-15000,-15000
064139,裕隆統一01購02  ,0,0,0,0,0,0,0,0,0,-15000,0,0,0,10000,25000,-15000,-15000
064318,彩晶群益9C購01  ,0,0,0,0,0,0,0,0,0,-15000,0,0,0,5000,20000,-15000,-15000
063290,GIS元大9B購02   ,0,0,0,0,0,0,0,0,0,-15000,0,0,0,5000,20000,-15000,-15000
063283,華新科元大9C購03,0,0,0,0,0,0,0,0,0,-15000,0,0,0,35000,50000,-15000,-15000
067877,T50反1群益01購07,0,0,0,0,0,0,0,0,0,-15000,0,0,0,0,15000,-15000,-15000
067970,玉晶光群益02購20,0,0,0,0,0,0,0,0,0,-15000,0,0,0,16000,31000,-15000,-15000
068029,台積電元富07購09,0,0,0,0,0,0,0,0,0,-15000,0,0,0,0,15000,-15000,-15000
067980,上証2X元大03購02,0,0,0,0,0,0,0,0,0,-15000,0,0,0,0,15000,-15000,-15000
067333,凌陽凱基02購01  ,0,10000,-10000,0,0,0,0,0,0,-5000,0,0,0,185000,190000,-5000,-15000
066296,昇陽半元大01購02,0,0,0,0,0,0,0,0,0,-15000,0,0,0,0,15000,-15000,-15000
066259,聯強元大01購01  ,0,0,0,0,0,0,0,0,0,-15000,0,0,0,336000,351000,-15000,-15000
066056,聯鈞元大01購02  ,0,0,0,0,0,0,0,0,0,-15000,0,0,0,15000,30000,-15000,-15000
065905,聯茂富邦02購01  ,0,0,0,0,0,0,0,0,0,-15000,0,0,0,50000,65000,-15000,-15000
08972P,義隆永豐01售02  ,0,0,0,0,0,0,0,0,0,-15000,0,0,0,122000,137000,-15000,-15000
8374,羅昇            ,7000,22000,-15000,0,0,0,0,0,0,0,0,0,0,0,0,0,-15000
5285,界霖            ,28000,41000,-13000,0,0,0,0,0,0,-2000,1000,3000,-2000,0,0,0,-15000
2524,京城            ,115000,128000,-13000,0,0,0,0,0,0,-2000,0,2000,-2000,0,0,0,-15000
2465,麗臺            ,14000,29000,-15000,0,0,0,0,0,0,0,0,0,0,0,0,0,-15000
2440,太空梭          ,0,15000,-15000,0,0,0,0,0,0,0,0,0,0,0,0,0,-15000
068677,日月光元富07購01,0,0,0,0,0,0,0,0,0,-16000,0,0,0,15000,31000,-16000,-16000
069066,聯發科麥證02購02,0,0,0,4000,20000,-16000,0,0,0,-16000,0,0,0,4000,20000,-16000,-16000
069052,信邦元富08購01  ,0,0,0,0,0,0,0,0,0,-16000,0,0,0,78000,94000,-16000,-16000
07829P,旺宏凱基9A售07  ,0,0,0,0,0,0,0,0,0,-16000,0,0,0,55000,71000,-16000,-16000
08393P,鴻海群益9C售05  ,0,0,0,0,0,0,0,0,0,-16000,0,0,0,0,16000,-16000,-16000
069630,宏碁元富08購01  ,0,0,0,0,0,0,0,0,0,-16000,0,0,0,11000,27000,-16000,-16000
069817,智伸科國票03購01,0,0,0,0,0,0,0,0,0,-16000,0,0,0,0,16000,-16000,-16000
07505P,台勝科元大9A售01,0,0,0,0,0,0,0,0,0,-16000,0,0,0,100000,116000,-16000,-16000
058727,嘉晶富邦9A購01  ,0,0,0,0,0,0,0,0,0,-16000,0,0,0,2000,18000,-16000,-16000
060609,玉晶光凱基9B購01,0,0,0,0,0,0,0,0,0,-16000,0,0,0,15000,31000,-16000,-16000
03482P,緯穎群益03售01  ,0,0,0,0,0,0,0,0,0,-16000,0,0,0,0,16000,-16000,-16000
053768,S&P反1元大99購01,0,0,0,0,0,0,0,0,0,-16000,0,0,0,0,16000,-16000,-16000
058195,鈺齊永豐99購01  ,0,0,0,0,0,0,0,0,0,-16000,0,0,0,0,16000,-16000,-16000
057785,智邦國票99購02  ,0,0,0,0,0,0,0,0,0,-16000,0,0,0,0,16000,-16000,-16000
059943,信邦永豐99購01  ,0,0,0,0,0,0,0,0,0,-16000,0,0,0,33000,49000,-16000,-16000
060125,強茂永豐99購01  ,0,0,0,0,0,0,0,0,0,-16000,0,0,0,0,16000,-16000,-16000
059783,旺宏元大99購17  ,0,0,0,0,0,0,0,0,0,-16000,0,0,0,5000,21000,-16000,-16000
063331,瑞儀國票9C購01  ,0,0,0,0,0,0,0,0,0,-16000,0,0,0,16000,32000,-16000,-16000
062660,神隆群益9B購02  ,0,0,0,0,0,0,0,0,0,-16000,0,0,0,8000,24000,-16000,-16000
061702,奇鋐國票9A購02  ,0,0,0,0,0,0,0,0,0,-16000,0,0,0,15000,31000,-16000,-16000
061364,國巨國票9A購09  ,0,0,0,0,0,0,0,0,0,-16000,0,0,0,1000,17000,-16000,-16000
063919,大立光元富03購01,0,0,0,0,0,0,0,0,0,-16000,0,0,0,0,16000,-16000,-16000
063504,國巨群益9C購06  ,0,0,0,0,0,0,0,0,0,-16000,0,0,0,0,16000,-16000,-16000
064516,華通群益02購01  ,0,0,0,0,0,0,0,0,0,-16000,0,0,0,0,16000,-16000,-16000
062224,玉晶光統一9C購03,0,0,0,0,0,0,0,0,0,-16000,0,0,0,1000,17000,-16000,-16000
062824,國巨群益9C購03  ,0,0,0,0,0,0,0,0,0,-16000,0,0,0,14000,30000,-16000,-16000
062889,可成群益9C購01  ,0,0,0,0,0,0,0,0,0,-16000,0,0,0,8000,24000,-16000,-16000
066034,南六群益02購02  ,0,0,0,0,0,0,0,0,0,-16000,0,0,0,16000,32000,-16000,-16000
066016,台表科元富01購02,0,0,0,0,0,0,0,0,0,-16000,0,0,0,68000,84000,-16000,-16000
065735,矽格凱基01購02  ,0,0,0,0,0,0,0,0,0,-16000,0,0,0,0,16000,-16000,-16000
065706,奇鋐群益9C購02  ,0,0,0,0,0,0,0,0,0,-16000,0,0,0,38000,54000,-16000,-16000
066057,華擎元大02購01  ,0,0,0,0,0,0,0,0,0,-16000,0,0,0,43000,59000,-16000,-16000
066580,臺股指元大01購09,0,0,0,0,0,0,0,0,0,-16000,0,0,0,6000,22000,-16000,-16000
066702,開發金群益03購01,0,0,0,0,0,0,0,0,0,-16000,0,0,0,100000,116000,-16000,-16000
067179,健策康和01購01  ,0,0,0,0,0,0,0,0,0,-16000,0,0,0,58000,74000,-16000,-16000
066743,和碩元大01購01  ,0,0,0,0,0,0,0,0,0,-16000,0,0,0,124000,140000,-16000,-16000
068091,華碩群益01購02  ,0,0,0,0,0,0,0,0,0,-16000,0,0,0,26000,42000,-16000,-16000
067928,華城凱基01購01  ,0,0,0,0,0,0,0,0,0,-16000,0,0,0,258000,274000,-16000,-16000
067678,大立光元大02購02,0,0,0,0,0,0,0,0,0,-16000,0,0,0,20000,36000,-16000,-16000
1453,大將            ,5000,21000,-16000,0,0,0,0,0,0,0,0,0,0,0,0,0,-16000
08035P,國巨群益9C售04  ,0,0,0,0,0,0,0,0,0,-17000,0,0,0,40000,57000,-17000,-17000
061638,國泰金元大9A購03,0,0,0,0,0,0,0,0,0,-17000,0,0,0,0,17000,-17000,-17000
03525P,欣興凱基02售12  ,0,0,0,0,0,0,0,0,0,-17000,0,0,0,0,17000,-17000,-17000
02001L,富邦蘋果正二N   ,0,0,0,0,0,0,0,0,0,-17000,0,0,0,1000,18000,-17000,-17000
020000,富邦特選蘋果N   ,0,0,0,0,0,0,0,0,0,-17000,0,0,0,0,17000,-17000,-17000
064639,聚陽凱基02購01  ,0,0,0,0,0,0,0,0,0,-17000,0,0,0,0,17000,-17000,-17000
064978,群創元大9C購07  ,0,0,0,0,0,0,0,0,0,-17000,0,0,0,5000,22000,-17000,-17000
062269,葡萄王群益9B購01,0,0,0,0,0,0,0,0,0,-17000,0,0,0,3000,20000,-17000,-17000
062422,億光統一01購01  ,0,0,0,0,0,0,0,0,0,-17000,0,0,0,51000,68000,-17000,-17000
064682,嘉聯益兆豐01購01,0,0,0,0,0,0,0,0,0,-17000,0,0,0,11000,28000,-17000,-17000
062639,臻鼎國票9C購01  ,0,0,0,0,0,0,0,0,0,-17000,0,0,0,0,17000,-17000,-17000
063801,GIS凱基01購01   ,0,0,0,0,0,0,0,0,0,-17000,0,0,0,0,17000,-17000,-17000
063542,泰鼎元富9B購02  ,0,0,0,0,0,0,0,0,0,-17000,0,0,0,26000,43000,-17000,-17000
067666,國巨元大02購03  ,0,0,0,0,0,0,0,0,0,-17000,0,0,0,253000,270000,-17000,-17000
067438,緯穎凱基01購03  ,0,0,0,0,0,0,0,0,0,-17000,0,0,0,150000,167000,-17000,-17000
066935,奇鋐國票02購02  ,0,0,0,0,0,0,0,0,0,-17000,0,0,0,0,17000,-17000,-17000
066468,申豐統一02購01  ,0,0,0,0,0,0,0,0,0,-17000,0,0,0,1000,18000,-17000,-17000
066369,瀚宇博中信01購01,0,5000,-5000,0,0,0,0,0,0,-12000,0,0,0,65000,77000,-12000,-17000
066363,美律中信05購01  ,0,0,0,0,0,0,0,0,0,-17000,0,0,0,3000,20000,-17000,-17000
2034,允強            ,87000,107000,-20000,0,0,0,0,0,0,3000,3000,0,3000,0,0,0,-17000
3266,昇陽            ,3000,20000,-17000,0,0,0,0,0,0,0,0,0,0,0,0,0,-17000
3164,景岳            ,5000,12000,-7000,0,0,0,0,0,0,-10000,0,10000,-10000,0,0,0,-17000
6136,富爾特          ,9000,22000,-13000,0,0,0,0,0,0,-4000,0,4000,-4000,0,0,0,-17000
8072,陞泰            ,16000,34000,-18000,0,0,0,0,0,0,1000,1000,0,1000,0,0,0,-17000
07938P,國巨統一9B售10  ,0,0,0,0,0,0,0,0,0,-18000,0,0,0,40000,58000,-18000,-18000
069657,緯穎凱基03購03  ,0,0,0,0,0,0,0,0,0,-18000,0,0,0,0,18000,-18000,-18000
069525,台虹凱基03購01  ,0,0,0,0,0,0,0,0,0,-18000,0,0,0,0,18000,-18000,-18000
069155,國巨元大02購10  ,0,0,0,0,0,0,0,0,0,-18000,0,0,0,55000,73000,-18000,-18000
069209,晶技元大02購02  ,0,0,0,0,0,0,0,0,0,-18000,0,0,0,12000,30000,-18000,-18000
068600,台積電凱基03購06,0,0,0,0,0,0,0,0,0,-18000,0,0,0,0,18000,-18000,-18000
03473P,聯電元大02售15  ,0,0,0,0,0,0,0,0,0,-18000,0,0,0,0,18000,-18000,-18000
03432P,欣興元大02售10  ,0,0,0,0,0,0,0,0,0,-18000,0,0,0,136000,154000,-18000,-18000
057745,泰鼎永豐99購01  ,0,0,0,0,0,0,0,0,0,-18000,0,0,0,5000,23000,-18000,-18000
059543,可成亞東99購02  ,0,0,0,0,0,0,0,0,0,-18000,0,0,0,14000,32000,-18000,-18000
058421,國泰金麥證01購01,0,0,0,20000,38000,-18000,0,0,0,-18000,0,0,0,20000,38000,-18000,-18000
059148,百和國票9A購01  ,0,0,0,0,0,0,0,0,0,-18000,0,0,0,2000,20000,-18000,-18000
059166,友達凱基99購05  ,0,0,0,0,0,0,0,0,0,-18000,0,0,0,0,18000,-18000,-18000
059129,麗豐中信99購01  ,0,0,0,0,0,0,0,0,0,-18000,0,0,0,2000,20000,-18000,-18000
059265,美律中信01購01  ,0,0,0,0,0,0,0,0,0,-18000,0,0,0,2000,20000,-18000,-18000
063678,友達國泰9C購01  ,0,0,0,0,0,0,0,0,0,-18000,0,0,0,0,18000,-18000,-18000
064697,健策群益01購02  ,0,0,0,0,0,0,0,0,0,-18000,0,0,0,78000,96000,-18000,-18000
064710,元金2X統一03購01,0,0,0,0,0,0,0,0,0,-18000,0,0,0,2000,20000,-18000,-18000
062247,國巨元大9B購07  ,0,0,0,0,0,0,0,0,0,-18000,0,0,0,5000,23000,-18000,-18000
062885,臻鼎兆豐9C購01  ,0,0,0,0,0,0,0,0,0,-18000,0,0,0,0,18000,-18000,-18000
062831,嘉澤群益9B購01  ,0,0,0,0,0,0,0,0,0,-18000,0,0,0,0,18000,-18000,-18000
061928,群創凱基9B購06  ,0,0,0,0,0,0,0,0,0,-18000,0,0,0,6000,24000,-18000,-18000
065702,聯發科群益9C購14,0,0,0,0,0,0,0,0,0,-18000,0,0,0,45000,63000,-18000,-18000
065944,大成鋼統一02購01,0,0,0,0,0,0,0,0,0,-18000,0,0,0,2000,20000,-18000,-18000
065593,達新元大9C購02  ,0,0,0,0,0,0,0,0,0,-18000,0,0,0,0,18000,-18000,-18000
066849,神達元大01購01  ,0,0,0,0,0,0,0,0,0,-18000,0,0,0,0,18000,-18000,-18000
067610,上緯控凱基02購01,0,0,0,0,0,0,0,0,0,-18000,0,0,0,356000,374000,-18000,-18000
067820,和碩凱基01購01  ,0,0,0,0,0,0,0,0,0,-18000,0,0,0,18000,36000,-18000,-18000
6152,百一            ,14000,32000,-18000,0,0,0,0,0,0,0,0,0,0,0,0,0,-18000
2444,兆勁            ,0,18000,-18000,0,0,0,0,0,0,0,0,0,0,0,0,0,-18000
2305,全友            ,34000,50000,-16000,0,0,0,0,0,0,-2000,2000,4000,-2000,0,0,0,-18000
08994P,台灣50群益01售11,0,0,0,0,0,0,0,0,0,-18000,0,0,0,141000,159000,-18000,-18000
9943,好樂迪          ,15000,28000,-13000,0,0,0,0,0,0,-5000,0,5000,-5000,0,0,0,-18000
068663,臺股指元大02購08,0,0,0,0,0,0,0,0,0,-19000,0,0,0,1000,20000,-19000,-19000
068760,精元永豐02購01  ,0,0,0,0,0,0,0,0,0,-19000,0,0,0,1000,20000,-19000,-19000
069400,聯電統一03購06  ,0,0,0,0,0,0,0,0,0,-19000,0,0,0,2000,21000,-19000,-19000
068835,台積電永豐02購01,0,0,0,0,0,0,0,0,0,-19000,0,0,0,35000,54000,-19000,-19000
069992,奇鋐兆豐04購01  ,0,0,0,0,0,0,0,0,0,-19000,0,0,0,0,19000,-19000,-19000
07965P,玉晶光群益01售02,0,0,0,0,0,0,0,0,0,-19000,0,0,0,42000,61000,-19000,-19000
08002P,大毅國票9B售03  ,0,0,0,0,0,0,0,0,0,-19000,0,0,0,22000,41000,-19000,-19000
08339P,上銀統一9C售04  ,0,0,0,0,0,0,0,0,0,-19000,0,0,0,91000,110000,-19000,-19000
058678,南亞科日盛99購01,0,0,0,0,0,0,0,0,0,-19000,0,0,0,0,19000,-19000,-19000
061066,嘉晶凱基9B購01  ,0,0,0,0,0,0,0,0,0,-19000,0,0,0,5000,24000,-19000,-19000
057605,旺宏統一99購03  ,0,0,0,0,0,0,0,0,0,-19000,0,0,0,0,19000,-19000,-19000
061642,創意元大9A購04  ,0,0,0,0,0,0,0,0,0,-19000,0,0,0,0,19000,-19000,-19000
064087,華新科凱基9C購03,0,0,0,0,0,0,0,0,0,-19000,0,0,0,1000,20000,-19000,-19000
063389,大立光兆豐9C購02,0,0,0,0,0,0,0,0,0,-19000,0,0,0,4000,23000,-19000,-19000
00689R,國泰20年美債反1 ,0,0,0,0,0,0,0,0,0,-19000,0,0,0,101000,120000,-19000,-19000
03173P,台灣50國票03售02,0,0,0,0,0,0,0,0,0,-19000,0,0,0,0,19000,-19000,-19000
062146,大毅國票9B購01  ,0,0,0,0,0,0,0,0,0,-19000,0,0,0,11000,30000,-19000,-19000
061851,智邦國票9B購01  ,0,0,0,0,0,0,0,0,0,-19000,0,0,0,1000,20000,-19000,-19000
061795,智邦永豐9B購01  ,0,0,0,0,0,0,0,0,0,-19000,0,0,0,0,19000,-19000,-19000
063476,台表科元大9C購03,0,0,0,0,0,0,0,0,0,-19000,0,0,0,66000,85000,-19000,-19000
063084,可成凱基9C購01  ,0,0,0,0,0,0,0,0,0,-19000,0,0,0,3000,22000,-19000,-19000
062996,致茂國票9C購01  ,0,0,0,0,0,0,0,0,0,-19000,0,0,0,0,19000,-19000,-19000
063921,大立光元富9C購03,0,0,0,0,0,0,0,0,0,-19000,0,0,0,6000,25000,-19000,-19000
062700,台光電元大9B購05,0,0,0,0,0,0,0,0,0,-19000,0,0,0,19000,38000,-19000,-19000
061689,國巨群益9A購12  ,0,0,0,0,0,0,0,0,0,-19000,0,0,0,44000,63000,-19000,-19000
067778,A50群益01購01   ,0,0,0,0,0,0,0,0,0,-19000,0,0,0,0,19000,-19000,-19000
067544,超眾群益03購01  ,0,0,0,0,0,0,0,0,0,-19000,0,0,0,11000,30000,-19000,-19000
067043,佳世達凱基01購01,0,0,0,0,0,0,0,0,0,-19000,0,0,0,116000,135000,-19000,-19000
065437,台表科凱基9C購03,0,0,0,0,0,0,0,0,0,-19000,0,0,0,85000,104000,-19000,-19000
066365,富邦金中信03購01,0,0,0,0,0,0,0,0,0,-19000,0,0,0,124000,143000,-19000,-19000
08845P,友訊元大01售05  ,0,0,0,0,0,0,0,0,0,-19000,0,0,0,100000,119000,-19000,-19000
1463,強盛            ,14000,24000,-10000,0,0,0,0,0,0,-9000,0,9000,-9000,0,0,0,-19000
2705,六福            ,2000,21000,-19000,0,0,0,0,0,0,0,0,0,0,0,0,0,-19000
3311,閎暉            ,12000,26000,-14000,0,0,0,0,0,0,-5000,0,5000,-5000,0,0,0,-19000
6205,詮欣            ,47000,51000,-4000,0,0,0,0,0,0,-15000,0,15000,-15000,0,0,0,-19000
8463,潤泰材          ,97000,122000,-25000,0,0,0,0,0,0,6000,6000,0,6000,0,0,0,-19000
08281P,國巨群益9C售08  ,0,0,0,0,0,0,0,0,0,-20000,0,0,0,0,20000,-20000,-20000
08006P,長榮航中信03售01,0,0,0,0,0,0,0,0,0,-20000,0,0,0,0,20000,-20000,-20000
08076P,國巨群益9C售05  ,0,0,0,0,0,0,0,0,0,-20000,0,0,0,40000,60000,-20000,-20000
08078P,聯發科國票9B售04,0,0,0,0,0,0,0,0,0,-20000,0,0,0,0,20000,-20000,-20000
08205P,智邦凱基9B售03  ,0,0,0,0,0,0,0,0,0,-20000,0,0,0,0,20000,-20000,-20000
07949P,滬深2X元大9B售04,0,0,0,0,0,0,0,0,0,-20000,0,0,0,0,20000,-20000,-20000
07786P,南電中信9C售01  ,0,0,0,0,0,0,0,0,0,-20000,0,0,0,0,20000,-20000,-20000
070045,神基永豐02購01  ,0,0,0,0,0,0,0,0,0,-20000,0,0,0,0,20000,-20000,-20000
070052,潤泰新永豐02購01,0,0,0,0,0,0,0,0,0,-20000,0,0,0,0,20000,-20000,-20000
069880,樺漢國票03購01  ,0,0,0,0,0,0,0,0,0,-20000,0,0,0,0,20000,-20000,-20000
069488,大立光元大02購06,0,0,0,0,0,0,0,0,0,-20000,0,0,0,0,20000,-20000,-20000
069489,聯陽元大02購02  ,0,0,0,0,0,0,0,0,0,-20000,0,0,0,0,20000,-20000,-20000
069645,智易康和02購01  ,0,0,0,0,0,0,0,0,0,-20000,0,0,0,0,20000,-20000,-20000
069613,華通統一03購01  ,0,0,0,0,0,0,0,0,0,-20000,0,0,0,10000,30000,-20000,-20000
068827,鎧勝元大02購01  ,0,0,0,0,0,0,0,0,0,-20000,0,0,0,0,20000,-20000,-20000
068901,嘉聯益元大02購02,0,0,0,0,0,0,0,0,0,-20000,0,0,0,11000,31000,-20000,-20000
068946,劍麟凱基02購01  ,0,0,0,0,0,0,0,0,0,-20000,0,0,0,0,20000,-20000,-20000
069439,華固康和02購01  ,0,10000,-10000,0,0,0,0,0,0,-10000,0,0,0,10000,20000,-10000,-20000
069371,道瓊銀元大03購03,0,0,0,0,0,0,0,0,0,-20000,0,0,0,0,20000,-20000,-20000
069253,晶技凱基02購03  ,0,0,0,0,0,0,0,0,0,-20000,0,0,0,0,20000,-20000,-20000
068526,聯發科元富04購03,0,0,0,0,0,0,0,0,0,-20000,0,0,0,0,20000,-20000,-20000
068196,南亞科凱基01購04,0,0,0,0,0,0,0,0,0,-20000,0,0,0,0,20000,-20000,-20000
068225,華通元富07購02  ,0,0,0,0,0,0,0,0,0,-20000,0,0,0,54000,74000,-20000,-20000
03180P,台灣50元大01售39,0,0,0,0,0,0,0,0,0,-20000,0,0,0,0,20000,-20000,-20000
056870,全新日盛9A購01  ,0,0,0,0,0,0,0,0,0,-20000,0,0,0,0,20000,-20000,-20000
056669,貿聯國票99購01  ,0,0,0,0,0,0,0,0,0,-20000,0,0,0,38000,58000,-20000,-20000
056525,T50反1凱基99購06,0,0,0,0,0,0,0,0,0,-20000,0,0,0,0,20000,-20000,-20000
056636,台積電日盛9A購01,0,0,0,0,0,0,0,0,0,-20000,0,0,0,200000,220000,-20000,-20000
05644P,大立光中信9A售03,0,0,0,0,0,0,0,0,0,-20000,0,0,0,0,20000,-20000,-20000
057177,奇力新元大99購04,0,0,0,0,0,0,0,0,0,-20000,0,0,0,0,20000,-20000,-20000
057100,國巨中信9A購02  ,0,0,0,0,0,0,0,0,0,-20000,0,0,0,0,20000,-20000,-20000
03345P,台積電元富08售16,0,0,0,0,0,0,0,0,0,-20000,0,0,0,0,20000,-20000,-20000
057023,美律凱基99購02  ,0,0,0,0,0,0,0,0,0,-20000,0,0,0,0,20000,-20000,-20000
056325,群創兆豐9A購01  ,0,0,0,0,0,0,0,0,0,-20000,0,0,0,0,20000,-20000,-20000
03441P,義隆凱基02售03  ,0,0,0,0,0,0,0,0,0,-20000,0,0,0,0,20000,-20000,-20000
03527P,健策凱基02售04  ,0,0,0,0,0,0,0,0,0,-20000,0,0,0,0,20000,-20000,-20000
03528P,日月光凱基02售02,0,0,0,0,0,0,0,0,0,-20000,0,0,0,0,20000,-20000,-20000
03694C,臺股指元大04牛08,0,0,0,0,0,0,0,0,0,-20000,0,0,0,0,20000,-20000,-20000
051047,深中小群益99購01,0,0,0,0,0,0,0,0,0,-20000,0,0,0,0,20000,-20000,-20000
052659,上証2X國票99購01,0,0,0,0,0,0,0,0,0,-20000,0,0,0,10000,30000,-20000,-20000
055006,晶相光元富9A購01,0,0,0,0,0,0,0,0,0,-20000,0,0,0,0,20000,-20000,-20000
060622,玉晶光元大9B購02,0,0,0,0,0,0,0,0,0,-20000,0,0,0,0,20000,-20000,-20000
060649,國巨第一9A購01  ,0,0,0,0,0,0,0,0,0,-20000,0,0,0,0,20000,-20000,-20000
058873,美律國票9A購02  ,0,0,0,0,0,0,0,0,0,-20000,0,0,0,0,20000,-20000,-20000
059046,滬深2X凱基9C購01,0,0,0,0,0,0,0,0,0,-20000,0,0,0,0,20000,-20000,-20000
058707,泰鼎元大99購02  ,0,0,0,0,0,0,0,0,0,-20000,0,0,0,0,20000,-20000,-20000
063421,可成凱基9C購02  ,0,0,0,0,0,0,0,0,0,-20000,0,0,0,0,20000,-20000,-20000
064084,群創中信06購02  ,0,0,0,0,0,0,0,0,0,-20000,0,0,0,7000,27000,-20000,-20000
058315,TPK富邦9C購01   ,0,0,0,0,0,0,0,0,0,-20000,0,0,0,22000,42000,-20000,-20000
062473,同欣電凱基9B購01,0,0,0,0,0,0,0,0,0,-20000,0,0,0,0,20000,-20000,-20000
060522,鴻海中信9A購03  ,0,0,0,0,0,0,0,0,0,-20000,0,0,0,0,20000,-20000,-20000
059639,大立光凱基9A購06,0,0,0,0,0,0,0,0,0,-20000,0,0,0,0,20000,-20000,-20000
061083,京元電兆豐9A購01,0,0,0,0,0,0,0,0,0,-20000,0,0,0,0,20000,-20000,-20000
061144,玉晶光中信9B購02,0,0,0,0,0,0,0,0,0,-20000,0,0,0,0,20000,-20000,-20000
061215,健策元大9A購06  ,0,0,0,0,0,0,0,0,0,-20000,0,0,0,0,20000,-20000,-20000
060699,華新科國泰9B購03,0,0,0,0,0,0,0,0,0,-20000,0,0,0,0,20000,-20000,-20000
058439,玉晶光統一01購02,0,0,0,0,0,0,0,0,0,-20000,0,0,0,0,20000,-20000,-20000
059781,A50正2元大9C購03,0,0,0,0,0,0,0,0,0,-20000,0,0,0,0,20000,-20000,-20000
059869,友達凱基99購07  ,0,0,0,0,0,0,0,0,0,-20000,0,0,0,0,20000,-20000,-20000
058681,大立光康和9B購01,0,0,0,0,0,0,0,0,0,-20000,0,0,0,0,20000,-20000,-20000
058652,SGBR2X中信01購01,0,0,0,0,0,0,0,0,0,-20000,0,0,0,0,20000,-20000,-20000
058614,台郡元大9A購01  ,0,0,0,0,0,0,0,0,0,-20000,0,0,0,0,20000,-20000,-20000
058591,台灣50統一9B購02,0,0,0,0,0,0,0,0,0,-20000,0,0,0,0,20000,-20000,-20000
060383,葡萄王凱基9A購01,0,0,0,0,0,0,0,0,0,-20000,0,0,0,0,20000,-20000,-20000
060424,中租永豐9A購01  ,0,0,0,0,0,0,0,0,0,-20000,0,0,0,0,20000,-20000,-20000
064332,聯發科元大01購01,0,0,0,0,0,0,0,0,0,-20000,0,0,0,40000,60000,-20000,-20000
061772,健策元大9B購06  ,0,0,0,0,0,0,0,0,0,-20000,0,0,0,0,20000,-20000,-20000
063666,京元電統一9C購01,0,0,0,0,0,0,0,0,0,-20000,0,0,0,0,20000,-20000,-20000
061376,瑞昱永豐9A購02  ,0,0,0,0,0,0,0,0,0,-20000,0,0,0,10000,30000,-20000,-20000
061357,寶成元大9A購01  ,0,0,0,0,0,0,0,0,0,-20000,0,0,0,0,20000,-20000,-20000
064183,聯茂富邦01購01  ,0,0,0,0,0,0,0,0,0,-20000,0,0,0,0,20000,-20000,-20000
062951,鴻海永豐9B購02  ,0,0,0,0,0,0,0,0,0,-20000,0,0,0,0,20000,-20000,-20000
063042,同欣電凱基9C購01,0,0,0,0,0,0,0,0,0,-20000,0,0,0,0,20000,-20000,-20000
064707,群創富邦9C購02  ,0,0,0,0,0,0,0,0,0,-20000,0,0,0,0,20000,-20000,-20000
064460,健策統一9C購03  ,0,0,0,0,0,0,0,0,0,-20000,0,0,0,0,20000,-20000,-20000
061486,國巨兆豐9B購02  ,0,0,0,0,0,0,0,0,0,-20000,0,0,0,0,20000,-20000,-20000
061867,旺宏元大9B購02  ,0,0,0,0,0,0,0,0,0,-20000,0,0,0,20000,40000,-20000,-20000
062728,健策凱基9B購04  ,0,0,0,0,0,0,0,0,0,-20000,0,0,0,0,20000,-20000,-20000
062798,台光電統一9B購01,0,0,0,0,0,0,0,0,0,-20000,0,0,0,0,20000,-20000,-20000
062147,大毅國票9B購02  ,0,0,0,0,0,0,0,0,0,-20000,0,0,0,0,20000,-20000,-20000
062371,健策元大9B購08  ,0,0,0,0,0,0,0,0,0,-20000,0,0,0,0,20000,-20000,-20000
062385,玉晶光國泰01購01,0,0,0,0,0,0,0,0,0,-20000,0,0,0,63000,83000,-20000,-20000
062448,健策元大9C購04  ,0,0,0,0,0,0,0,0,0,-20000,0,0,0,7000,27000,-20000,-20000
064515,中橡群益9C購01  ,0,0,0,0,0,0,0,0,0,-20000,0,0,0,0,20000,-20000,-20000
064761,神達凱基9C購01  ,0,0,0,0,0,0,0,0,0,-20000,0,0,0,0,20000,-20000,-20000
062873,國巨兆豐9C購01  ,0,0,0,0,0,0,0,0,0,-20000,0,0,0,0,20000,-20000,-20000
062909,大立光元大9C購04,0,0,0,0,0,0,0,0,0,-20000,0,0,0,0,20000,-20000,-20000
063603,友達凱基9B購05  ,0,0,0,0,0,0,0,0,0,-20000,0,0,0,0,20000,-20000,-20000
063606,TPK凱基9C購01   ,0,0,0,0,0,0,0,0,0,-20000,0,0,0,27000,47000,-20000,-20000
064907,緯穎群益9C購02  ,0,0,0,0,0,0,0,0,0,-20000,0,0,0,56000,76000,-20000,-20000
065223,旺宏中信01購01  ,0,0,0,0,0,0,0,0,0,-20000,0,0,0,0,20000,-20000,-20000
065257,友訊元大01購01  ,0,0,0,0,0,0,0,0,0,-20000,0,0,0,0,20000,-20000,-20000
065265,景碩元大9C購02  ,0,0,0,0,0,0,0,0,0,-20000,0,0,0,0,20000,-20000,-20000
065324,聯發科凱基9C購10,0,0,0,0,0,0,0,0,0,-20000,0,0,0,0,20000,-20000,-20000
065539,瑞儀統一01購01  ,0,0,0,0,0,0,0,0,0,-20000,0,0,0,198000,218000,-20000,-20000
065987,大毅永豐01購01  ,0,0,0,0,0,0,0,0,0,-20000,0,0,0,0,20000,-20000,-20000
065697,旺宏群益9C購07  ,0,0,0,0,0,0,0,0,0,-20000,0,0,0,0,20000,-20000,-20000
065859,GIS元大9C購10   ,0,0,0,0,0,0,0,0,0,-20000,0,0,0,36000,56000,-20000,-20000
067027,日月光兆豐03購01,0,0,0,0,0,0,0,0,0,-20000,0,0,0,10000,30000,-20000,-20000
066875,臺指反富邦03購01,0,0,0,0,0,0,0,0,0,-20000,0,0,0,0,20000,-20000,-20000
067174,嘉澤兆豐01購01  ,0,0,0,0,0,0,0,0,0,-20000,0,0,0,0,20000,-20000,-20000
067295,滬深2X元大01購11,0,0,0,0,0,0,0,0,0,-20000,0,0,0,0,20000,-20000,-20000
067618,臺股指凱基01購14,0,0,0,0,0,0,0,0,0,-20000,0,0,0,0,20000,-20000,-20000
067693,滬深2X中信04購02,0,0,0,0,0,0,0,0,0,-20000,0,0,0,1000,21000,-20000,-20000
067753,臺股指元大01購17,0,0,0,0,0,0,0,0,0,-20000,0,0,0,0,20000,-20000,-20000
067912,上証2X永豐01購03,0,0,0,0,0,0,0,0,0,-20000,0,0,0,2000,22000,-20000,-20000
067882,A50正2群益01購06,0,0,0,0,0,0,0,0,0,-20000,0,0,0,6000,26000,-20000,-20000
068070,友達凱基05購01  ,0,0,0,0,0,0,0,0,0,-20000,0,0,0,0,20000,-20000,-20000
068045,滬深2X統一03購01,0,0,0,0,0,0,0,0,0,-20000,0,0,0,0,20000,-20000,-20000
8249,菱光            ,40000,62000,-22000,0,0,0,0,0,0,2000,2000,0,2000,0,0,0,-20000
3346,麗清            ,4000,21000,-17000,0,0,0,0,0,0,-3000,0,3000,-3000,0,0,0,-20000
3167,大量            ,3000,18000,-15000,0,0,0,0,0,0,-5000,0,5000,-5000,0,0,0,-20000
2888A,新光金甲特      ,0,0,0,0,0,0,0,0,0,-20000,0,20000,-20000,0,0,0,-20000
2612,中航            ,9000,29000,-20000,0,0,0,0,0,0,0,0,0,0,0,0,0,-20000
2415,錩新            ,12000,20000,-8000,0,0,0,0,0,0,-12000,1000,13000,-12000,0,0,0,-20000
08870P,鴻海群益01售09  ,0,0,0,0,0,0,0,0,0,-20000,0,0,0,410000,430000,-20000,-20000
08861P,台積電統一01售10,0,0,0,0,0,0,0,0,0,-20000,0,0,0,250000,270000,-20000,-20000
08905P,金像電群益01售06,0,0,0,0,0,0,0,0,0,-20000,0,0,0,50000,70000,-20000,-20000
08742P,友達凱基01售02  ,0,0,0,0,0,0,0,0,0,-20000,0,0,0,40000,60000,-20000,-20000
08805P,台積電元富07售04,0,0,0,0,0,0,0,0,0,-20000,0,0,0,0,20000,-20000,-20000
08806P,技嘉元富07售02  ,0,0,0,0,0,0,0,0,0,-20000,0,0,0,9000,29000,-20000,-20000
9911,櫻花            ,38000,80000,-42000,0,0,0,0,0,0,22000,38000,16000,22000,0,0,0,-20000
068268,旺宏永豐01購01  ,0,0,0,0,0,0,0,0,0,-21000,0,0,0,20000,41000,-21000,-21000
068551,台灣50元大01購37,0,0,0,0,0,0,0,0,0,-21000,0,0,0,0,21000,-21000,-21000
068696,聯詠凱基02購03  ,0,0,0,0,0,0,0,0,0,-21000,0,0,0,0,21000,-21000,-21000
068730,富邦金元大02購01,0,0,0,0,0,0,0,0,0,-21000,0,0,0,66000,87000,-21000,-21000
069249,聯發科凱基02購09,0,0,0,0,0,0,0,0,0,-21000,0,0,0,0,21000,-21000,-21000
06984P,上銀富邦9B售01  ,0,0,0,0,0,0,0,0,0,-21000,0,0,0,39000,60000,-21000,-21000
07917P,可成永豐9B售01  ,0,0,0,0,0,0,0,0,0,-21000,0,0,0,10000,31000,-21000,-21000
08302P,長榮航國泰02售01,0,0,0,0,0,0,0,0,0,-21000,0,0,0,150000,171000,-21000,-21000
03094X,大立光元大68展08,0,0,0,0,0,0,0,0,0,-21000,0,0,0,0,21000,-21000,-21000
057016,中石化凱基9B購01,0,0,0,0,0,0,0,0,0,-21000,0,0,0,30000,51000,-21000,-21000
03333P,台積電元大03售03,0,0,0,0,0,0,0,0,0,-21000,0,0,0,7000,28000,-21000,-21000
065097,貿聯元大9C購04  ,0,0,0,0,0,0,0,0,0,-21000,0,0,0,344000,365000,-21000,-21000
064212,可成凱基03購01  ,0,0,0,0,0,0,0,0,0,-21000,0,0,0,10000,31000,-21000,-21000
062797,瑞昱統一9B購01  ,0,0,0,0,0,0,0,0,0,-21000,0,0,0,0,21000,-21000,-21000
064551,鈺齊凱基9C購02  ,0,0,0,0,0,0,0,0,0,-21000,0,0,0,344000,365000,-21000,-21000
061320,奇力新凱基9A購04,0,0,0,0,0,0,0,0,0,-21000,0,0,0,0,21000,-21000,-21000
067167,鴻海麥證01購02  ,0,0,0,0,21000,-21000,0,0,0,-21000,0,0,0,0,21000,-21000,-21000
066865,滬深2X元富01購02,0,0,0,0,0,0,0,0,0,-21000,0,0,0,0,21000,-21000,-21000
066827,聯發科群益02購04,0,0,0,0,0,0,0,0,0,-21000,0,0,0,0,21000,-21000,-21000
066779,上証2X中信03購01,0,0,0,0,0,0,0,0,0,-21000,0,0,0,0,21000,-21000,-21000
065866,鴻海群益9C購07  ,0,0,0,0,0,0,0,0,0,-21000,0,0,0,0,21000,-21000,-21000
066550,國泰金元大01購01,0,0,0,0,0,0,0,0,0,-21000,0,0,0,1000,22000,-21000,-21000
1536,和大            ,301000,294000,7000,0,0,0,0,0,0,-28000,8000,39000,-31000,24000,21000,3000,-21000
3149,正達            ,55000,76000,-21000,0,0,0,0,0,0,0,0,0,0,0,0,0,-21000
6698,旭暉應材        ,6000,28000,-22000,0,0,0,0,0,0,1000,1000,0,1000,0,0,0,-21000
08140P,祥碩元大9B售07  ,0,0,0,0,0,0,0,0,0,-22000,0,0,0,32000,54000,-22000,-22000
069958,聯茂永豐02購01  ,0,0,0,0,0,0,0,0,0,-22000,0,0,0,0,22000,-22000,-22000
070026,聯發科國票04購01,0,0,0,0,0,0,0,0,0,-22000,0,0,0,0,22000,-22000,-22000
070009,國產元大02購01  ,0,0,0,0,0,0,0,0,0,-22000,0,0,0,0,22000,-22000,-22000
069085,日月光凱基03購01,0,0,0,0,0,0,0,0,0,-22000,0,0,0,0,22000,-22000,-22000
069086,瀚宇博凱基02購02,0,0,0,0,0,0,0,0,0,-22000,0,0,0,138000,160000,-22000,-22000
03097P,聯發科凱基01售20,0,0,0,0,0,0,0,0,0,-22000,0,0,0,28000,50000,-22000,-22000
03127P,台表科凱基01售03,0,0,0,0,0,0,0,0,0,-22000,0,0,0,0,22000,-22000,-22000
03118P,台積電國票01售07,0,0,0,0,0,0,0,0,0,-22000,0,0,0,39000,61000,-22000,-22000
03174P,台積電國票01售12,0,0,0,0,0,0,0,0,0,-22000,0,0,0,47000,69000,-22000,-22000
057494,玉晶光元大99購09,0,0,0,0,0,0,0,0,0,-22000,0,0,0,49000,71000,-22000,-22000
03453B,臺股指元大02熊02,0,0,0,0,0,0,0,0,0,-22000,0,0,0,36000,58000,-22000,-22000
060346,華新科統一01購01,0,0,0,0,0,0,0,0,0,-22000,0,0,0,40000,62000,-22000,-22000
061150,國巨群益9A購09  ,0,0,0,0,0,0,0,0,0,-22000,0,0,0,43000,65000,-22000,-22000
063523,微星凱基9B購03  ,0,0,0,0,0,0,0,0,0,-22000,0,0,0,20000,42000,-22000,-22000
063454,瑞儀統一9B購01  ,0,0,0,0,0,0,0,0,0,-22000,0,0,0,10000,32000,-22000,-22000
063054,健鼎統一01購01  ,0,0,0,0,0,0,0,0,0,-22000,0,0,0,0,22000,-22000,-22000
063939,上銀元大9C購04  ,0,0,0,0,0,0,0,0,0,-22000,0,0,0,110000,132000,-22000,-22000
065258,華邦電元大01購01,0,0,0,0,0,0,0,0,0,-22000,0,0,0,34000,56000,-22000,-22000
061977,國巨元大9B購02  ,0,0,0,0,0,0,0,0,0,-22000,0,0,0,115000,137000,-22000,-22000
065687,華通元富9C購03  ,0,0,0,0,0,0,0,0,0,-22000,0,0,0,0,22000,-22000,-22000
065769,T50反1國票03購03,0,0,0,0,0,0,0,0,0,-22000,0,0,0,0,22000,-22000,-22000
6183,關貿            ,11000,30000,-19000,0,0,0,0,0,0,-3000,1000,0,1000,0,4000,-4000,-22000
4994,傳奇            ,16000,40000,-24000,0,0,0,0,0,0,2000,2000,0,2000,0,0,0,-22000
068903,帆宣元大02購01  ,0,0,0,0,0,0,0,0,0,-23000,0,0,0,3000,26000,-23000,-23000
06926P,可成群益9A售04  ,0,0,0,0,0,0,0,0,0,-23000,0,0,0,0,23000,-23000,-23000
068258,可成國泰03購01  ,0,0,0,0,0,0,0,0,0,-23000,0,0,0,687000,710000,-23000,-23000
069938,國產元富02購01  ,0,0,0,0,0,0,0,0,0,-23000,0,0,0,14000,37000,-23000,-23000
069712,美食國票03購02  ,0,0,0,0,0,0,0,0,0,-23000,0,0,0,0,23000,-23000,-23000
069465,金像電國票03購01,0,0,0,0,0,0,0,0,0,-23000,0,0,0,25000,48000,-23000,-23000
08186P,泰碩永豐9B售03  ,0,0,0,0,0,0,0,0,0,-23000,0,0,0,52000,75000,-23000,-23000
060048,元金2X凱基99購03,0,0,0,0,0,0,0,0,0,-23000,0,0,0,0,23000,-23000,-23000
063390,嘉晶兆豐9B購01  ,0,0,0,0,0,0,0,0,0,-23000,0,0,0,769000,792000,-23000,-23000
03400P,滬深2X凱基05售01,0,0,0,0,0,0,0,0,0,-23000,0,0,0,12000,35000,-23000,-23000
061017,國泰金麥證9A購01,0,0,0,0,23000,-23000,0,0,0,-23000,0,0,0,0,23000,-23000,-23000
03247P,聯電元富03售02  ,0,0,0,0,0,0,0,0,0,-23000,0,0,0,72000,95000,-23000,-23000
03002P,玉晶光群益02售18,0,0,0,0,0,0,0,0,0,-23000,0,0,0,49000,72000,-23000,-23000
03051P,玉晶光統一01售14,0,0,0,0,0,0,0,0,0,-23000,0,0,0,127000,150000,-23000,-23000
03339P,TPK國票03售01   ,0,0,0,0,0,0,0,0,0,-23000,0,0,0,44000,67000,-23000,-23000
064756,友達凱基02購02  ,0,0,0,0,0,0,0,0,0,-23000,0,0,0,10000,33000,-23000,-23000
062170,健策永豐9B購04  ,0,0,0,0,0,0,0,0,0,-23000,0,0,0,38000,61000,-23000,-23000
063784,華通中信06購01  ,0,0,0,0,0,0,0,0,0,-23000,0,0,0,10000,33000,-23000,-23000
061280,國巨統一9C購06  ,0,0,0,0,0,0,0,0,0,-23000,0,0,0,0,23000,-23000,-23000
063850,玉晶光元大9C購07,0,0,0,0,0,0,0,0,0,-23000,0,0,0,62000,85000,-23000,-23000
063137,瑞昱統一01購02  ,0,0,0,0,0,0,0,0,0,-23000,0,0,0,0,23000,-23000,-23000
065921,GIS凱基01購02   ,0,0,0,0,0,0,0,0,0,-23000,0,0,0,20000,43000,-23000,-23000
066102,國揚國票02購01  ,0,0,0,0,0,0,0,0,0,-23000,0,0,0,0,23000,-23000,-23000
066981,聯發科群益02購07,0,0,0,0,0,0,0,0,0,-23000,0,0,0,179000,202000,-23000,-23000
067084,泰鼎元大01購02  ,0,0,0,0,0,0,0,0,0,-23000,0,0,0,0,23000,-23000,-23000
067116,嘉澤群益01購02  ,0,0,0,0,0,0,0,0,0,-23000,0,0,0,3000,26000,-23000,-23000
067394,國巨永豐01購01  ,0,0,0,0,0,0,0,0,0,-23000,0,0,0,5000,28000,-23000,-23000
068007,玉晶光元大03購04,0,0,0,0,0,0,0,0,0,-23000,0,0,0,36000,59000,-23000,-23000
067759,美食永豐01購01  ,0,0,0,0,0,0,0,0,0,-23000,0,0,0,69000,92000,-23000,-23000
4763,材料-KY         ,9000,41000,-32000,0,0,0,0,0,0,9000,10000,1000,9000,0,0,0,-23000
6477,安集            ,938000,963000,-25000,0,0,0,0,0,0,2000,2000,0,2000,0,0,0,-23000
2302,麗正            ,13000,36000,-23000,0,0,0,0,0,0,0,0,0,0,0,0,0,-23000
2351,順德            ,33000,155000,-122000,0,0,0,0,0,0,99000,101000,7000,94000,5000,0,5000,-23000
2030,彰源            ,13000,30000,-17000,0,0,0,0,0,0,-6000,0,6000,-6000,0,0,0,-23000
1809,中釉            ,43000,66000,-23000,0,0,0,0,0,0,0,0,0,0,0,0,0,-23000
08738P,TPK凱基01售02   ,0,0,0,0,0,0,0,0,0,-23000,0,0,0,0,23000,-23000,-23000
08018P,牧德國票9B售04  ,0,0,0,0,0,0,0,0,0,-24000,0,0,0,0,24000,-24000,-24000
08328P,國巨國票9C售07  ,0,0,0,0,0,0,0,0,0,-24000,0,0,0,0,24000,-24000,-24000
069799,玉晶光凱基03購09,0,0,0,0,0,0,0,0,0,-24000,0,0,0,6000,30000,-24000,-24000
068704,精元國票03購01  ,0,0,0,0,0,0,0,0,0,-24000,0,0,0,0,24000,-24000,-24000
068583,信邦永豐01購01  ,0,0,0,0,0,0,0,0,0,-24000,0,0,0,100000,124000,-24000,-24000
03461P,聯發科國票03售04,0,0,0,0,0,0,0,0,0,-24000,0,0,0,141000,165000,-24000,-24000
03553P,可成元富08售03  ,0,0,0,0,0,0,0,0,0,-24000,0,0,0,0,24000,-24000,-24000
063422,奇鋐凱基9B購04  ,0,0,0,0,0,0,0,0,0,-24000,0,0,0,3000,27000,-24000,-24000
064044,台光電統一01購03,0,0,0,0,0,0,0,0,0,-24000,0,0,0,0,24000,-24000,-24000
060945,緯穎國票9A購02  ,0,0,0,0,0,0,0,0,0,-24000,0,0,0,48000,72000,-24000,-24000
060874,中鋼中信02購01  ,0,0,0,0,0,0,0,0,0,-24000,0,0,0,0,24000,-24000,-24000
058297,茂林凱基9A購02  ,0,0,0,0,0,0,0,0,0,-24000,0,0,0,60000,84000,-24000,-24000
060017,全新康和99購01  ,0,0,0,0,0,0,0,0,0,-24000,0,0,0,0,24000,-24000,-24000
062562,瑞儀凱基9B購02  ,0,0,0,0,0,0,0,0,0,-24000,0,0,0,1000,25000,-24000,-24000
063948,高鐵元大9C購01  ,0,0,0,0,0,0,0,0,0,-24000,0,0,0,0,24000,-24000,-24000
064595,超眾統一02購01  ,0,0,0,0,0,0,0,0,0,-24000,0,0,0,17000,41000,-24000,-24000
064678,嘉晶兆豐01購01  ,0,0,0,0,0,0,0,0,0,-24000,0,0,0,42000,66000,-24000,-24000
064185,裕隆永豐9C購01  ,0,0,0,0,0,0,0,0,0,-24000,0,0,0,0,24000,-24000,-24000
062349,新日興群益9B購02,0,0,0,0,0,0,0,0,0,-24000,0,0,0,0,24000,-24000,-24000
061524,華通凱基9A購07  ,0,0,0,0,0,0,0,0,0,-24000,0,0,0,0,24000,-24000,-24000
061931,力山國票9B購02  ,0,0,0,0,0,0,0,0,0,-24000,0,0,0,41000,65000,-24000,-24000
064845,華通元富9C購02  ,0,0,0,0,0,0,0,0,0,-24000,0,0,0,0,24000,-24000,-24000
064955,健策凱基9C購03  ,0,0,0,0,0,0,0,0,0,-24000,0,0,0,61000,85000,-24000,-24000
066843,台達電元大01購02,0,0,0,0,0,0,0,0,0,-24000,0,0,0,65000,89000,-24000,-24000
066616,創意康和01購01  ,0,0,0,0,0,0,0,0,0,-24000,0,0,0,120000,144000,-24000,-24000
065717,創意中信9C購02  ,0,0,0,0,0,0,0,0,0,-24000,0,0,0,4000,28000,-24000,-24000
1437,勤益控          ,23000,46000,-23000,0,0,0,0,0,0,-1000,0,1000,-1000,0,0,0,-24000
8422,可寧衛          ,23000,46000,-23000,0,0,0,0,0,0,-1000,1000,2000,-1000,0,0,0,-24000
4576,大銀微系統      ,9000,36000,-27000,0,0,0,0,0,0,3000,3000,0,3000,0,0,0,-24000
3305,昇貿            ,95000,119000,-24000,0,0,0,0,0,0,0,1000,1000,0,0,0,0,-24000
3543,州巧            ,0,24000,-24000,0,0,0,0,0,0,0,0,0,0,0,0,0,-24000
2468,華經            ,2000,26000,-24000,0,0,0,0,0,0,0,0,0,0,0,0,0,-24000
2491,吉祥全          ,5000,29000,-24000,0,0,0,0,0,0,0,0,0,0,0,0,0,-24000
2049,上銀            ,1002691,969000,33691,0,0,0,110000,0,110000,-168000,35000,37000,-2000,30000,196000,-166000,-24309
068546,國巨群益01購11  ,0,0,0,0,0,0,0,0,0,-25000,0,0,0,0,25000,-25000,-25000
068464,聯詠富邦03購02  ,0,0,0,0,0,0,0,0,0,-25000,0,0,0,25000,50000,-25000,-25000
068458,玉晶光國票01購10,0,0,0,0,0,0,0,0,0,-25000,0,0,0,10000,35000,-25000,-25000
068232,泰鼎元富04購01  ,0,0,0,0,0,0,0,0,0,-25000,0,0,0,0,25000,-25000,-25000
068167,世紀鋼元大02購01,0,0,0,0,0,0,0,0,0,-25000,0,0,0,7000,32000,-25000,-25000
068146,台積電元大01購36,0,0,0,0,0,0,0,0,0,-25000,0,0,0,13000,38000,-25000,-25000
068310,欣興國票03購02  ,0,0,0,0,0,0,0,0,0,-25000,0,0,0,23000,48000,-25000,-25000
069259,台表科凱基02購04,0,0,0,0,0,0,0,0,0,-25000,0,0,0,10000,35000,-25000,-25000
068967,茂林群益02購01  ,0,0,0,0,0,0,0,0,0,-25000,0,0,0,111000,136000,-25000,-25000
07605P,台灣50元大9B售10,0,0,0,0,0,0,0,0,0,-25000,0,0,0,0,25000,-25000,-25000
08476P,臺股指凱基9C售14,0,0,0,0,0,0,0,0,0,-25000,0,0,0,0,25000,-25000,-25000
08060P,嘉澤元大9B售01  ,0,0,0,0,0,0,0,0,0,-25000,0,0,0,229000,254000,-25000,-25000
07863P,華新科凱基9B售07,0,0,0,0,0,0,0,0,0,-25000,0,0,0,0,25000,-25000,-25000
07950P,智邦元大9B售04  ,0,0,0,0,0,0,0,0,0,-25000,0,0,0,0,25000,-25000,-25000
07941P,國巨凱基9B售07  ,0,0,0,0,0,0,0,0,0,-25000,0,0,0,5000,30000,-25000,-25000
059213,國巨元大99購19  ,0,0,0,0,0,0,0,0,0,-25000,0,0,0,0,25000,-25000,-25000
059189,國泰金富邦9B購01,0,0,0,0,0,0,0,0,0,-25000,0,0,0,6000,31000,-25000,-25000
059847,喬山永豐99購01  ,0,0,0,0,0,0,0,0,0,-25000,0,0,0,0,25000,-25000,-25000
060922,金像電永豐9A購01,0,0,0,0,0,0,0,0,0,-25000,0,0,0,0,25000,-25000,-25000
060551,大立光凱基9B購02,0,0,0,0,0,0,0,0,0,-25000,0,0,0,0,25000,-25000,-25000
063420,奇力新凱基9B購03,0,0,0,0,0,0,0,0,0,-25000,0,0,0,27000,52000,-25000,-25000
064534,京元電國票01購01,0,0,0,0,0,0,0,0,0,-25000,0,0,0,10000,35000,-25000,-25000
062480,茂林國票9B購01  ,0,0,0,0,0,0,0,0,0,-25000,0,0,0,60000,85000,-25000,-25000
063374,嘉澤永豐9B購04  ,0,0,0,0,0,0,0,0,0,-25000,0,0,0,0,25000,-25000,-25000
058952,南茂群益99購01  ,0,0,0,0,0,0,0,0,0,-25000,0,0,0,0,25000,-25000,-25000
060582,玉晶光群益9C購01,0,0,0,0,0,0,0,0,0,-25000,0,0,0,0,25000,-25000,-25000
00770,國泰北美科技    ,0,1000,-1000,0,0,0,0,0,0,-24000,0,0,0,32000,56000,-24000,-25000
061498,大立光國票9A購10,0,0,0,0,0,0,0,0,0,-25000,0,0,0,8000,33000,-25000,-25000
061477,晶豪科元大9A購01,0,0,0,0,0,0,0,0,0,-25000,0,0,0,26000,51000,-25000,-25000
061882,矽創元大9B購01  ,0,0,0,0,0,0,0,0,0,-25000,0,0,0,0,25000,-25000,-25000
064214,群創凱基03購01  ,0,0,0,0,0,0,0,0,0,-25000,0,0,0,5000,30000,-25000,-25000
062405,泰鼎永豐9B購02  ,0,0,0,0,0,0,0,0,0,-25000,0,0,0,11000,36000,-25000,-25000
064141,國巨統一01購08  ,0,0,0,0,0,0,0,0,0,-25000,0,0,0,10000,35000,-25000,-25000
064129,新日興元大9C購02,0,0,0,0,0,0,0,0,0,-25000,0,0,0,86000,111000,-25000,-25000
062672,兆豐金中信03購01,0,0,0,0,0,0,0,0,0,-25000,0,0,0,0,25000,-25000,-25000
06326P,鴻海中信01售01  ,30000,0,30000,0,0,0,0,0,0,-55000,0,0,0,2000,57000,-55000,-25000
063244,華新科元大9B購11,0,0,0,0,0,0,0,0,0,-25000,0,0,0,24000,49000,-25000,-25000
063546,國巨兆豐9C購03  ,0,0,0,0,0,0,0,0,0,-25000,0,0,0,43000,68000,-25000,-25000
065741,聯發科麥證9C購06,0,0,0,90000,115000,-25000,0,0,0,-25000,0,0,0,90000,115000,-25000,-25000
065997,元黃金國票03購01,0,0,0,0,0,0,0,0,0,-25000,0,0,0,6000,31000,-25000,-25000
066037,華通元大01購03  ,0,0,0,0,0,0,0,0,0,-25000,0,0,0,37000,62000,-25000,-25000
065535,健鼎統一02購03  ,0,0,0,0,0,0,0,0,0,-25000,0,0,0,0,25000,-25000,-25000
066690,瑞昱台新01購01  ,0,0,0,0,0,0,0,0,0,-25000,0,0,0,107000,132000,-25000,-25000
066107,惠特國票02購01  ,0,0,0,0,0,0,0,0,0,-25000,0,0,0,10000,35000,-25000,-25000
066290,台塑化元大01購01,0,0,0,0,0,0,0,0,0,-25000,0,0,0,105000,130000,-25000,-25000
067058,滬深2X元大01購10,0,0,0,0,0,0,0,0,0,-25000,0,0,0,20000,45000,-25000,-25000
067178,京鼎康和01購01  ,0,0,0,0,0,0,0,0,0,-25000,0,0,0,75000,100000,-25000,-25000
067557,可成國票01購01  ,0,0,0,0,0,0,0,0,0,-25000,0,0,0,195000,220000,-25000,-25000
067470,國巨元大01購10  ,0,0,0,0,0,0,0,0,0,-25000,0,0,0,0,25000,-25000,-25000
068038,康控元富03購01  ,0,0,0,0,0,0,0,0,0,-25000,0,0,0,1000,26000,-25000,-25000
067934,美律凱基01購01  ,0,0,0,0,0,0,0,0,0,-25000,0,0,0,0,25000,-25000,-25000
067779,滬深2X群益01購08,0,0,0,0,0,0,0,0,0,-25000,0,0,0,0,25000,-25000,-25000
2012,春雨            ,1000,26000,-25000,0,0,0,0,0,0,0,0,0,0,0,0,0,-25000
08839P,臺股指麥證01售06,0,0,0,0,25000,-25000,0,0,0,-25000,0,0,0,0,25000,-25000,-25000
08934P,鴻海元大01售18  ,0,0,0,0,0,0,0,0,0,-25000,0,0,0,25000,50000,-25000,-25000
2748,雲品            ,1000,24000,-23000,0,0,0,0,4000,-4000,2000,2000,0,2000,0,0,0,-25000
9946,三發地產        ,1000,26000,-25000,0,0,0,0,0,0,0,0,0,0,0,0,0,-25000
069818,正文國票03購02  ,0,0,0,0,0,0,0,0,0,-26000,0,0,0,0,26000,-26000,-26000
069074,長興凱基03購01  ,0,0,0,0,0,0,0,0,0,-26000,0,0,0,37000,63000,-26000,-26000
068337,同欣電元大01購05,0,0,0,0,0,0,0,0,0,-26000,0,0,0,110000,136000,-26000,-26000
068267,台積電永豐01購04,0,0,0,0,0,0,0,0,0,-26000,0,0,0,0,26000,-26000,-26000
068538,帆宣中信01購03  ,0,0,0,0,0,0,0,0,0,-26000,0,0,0,14000,40000,-26000,-26000
068618,上証2X群益02購04,0,0,0,0,0,0,0,0,0,-26000,0,0,0,7000,33000,-26000,-26000
062527,美律統一01購01  ,0,0,0,0,0,0,0,0,0,-26000,0,0,0,173000,199000,-26000,-26000
063424,新日興凱基01購01,0,0,0,0,0,0,0,0,0,-26000,0,0,0,4000,30000,-26000,-26000
060956,超眾群益9A購01  ,0,0,0,0,0,0,0,0,0,-26000,0,0,0,9000,35000,-26000,-26000
059115,美食永豐99購01  ,0,0,0,0,0,0,0,0,0,-26000,0,0,0,30000,56000,-26000,-26000
058585,S&P正2中信9B購02,0,0,0,0,0,0,0,0,0,-26000,0,0,0,0,26000,-26000,-26000
058671,旺宏群益9A購01  ,0,0,0,0,0,0,0,0,0,-26000,0,0,0,0,26000,-26000,-26000
061363,儒鴻國票9B購01  ,0,0,0,0,0,0,0,0,0,-26000,0,0,0,0,26000,-26000,-26000
062454,華通群益9C購03  ,0,0,0,0,0,0,0,0,0,-26000,0,0,0,0,26000,-26000,-26000
062404,新唐永豐9B購01  ,0,0,0,0,0,0,0,0,0,-26000,0,0,0,24000,50000,-26000,-26000
062237,緯創凱基9B購01  ,0,0,0,0,0,0,0,0,0,-26000,0,0,0,90000,116000,-26000,-26000
061541,旺宏群益9A購03  ,0,0,0,0,0,0,0,0,0,-26000,0,0,0,0,26000,-26000,-26000
064644,台光電凱基9C購01,0,0,0,0,0,0,0,0,0,-26000,0,0,0,0,26000,-26000,-26000
067751,臺股指元大01購15,0,0,0,0,0,0,0,0,0,-26000,0,0,0,0,26000,-26000,-26000
067654,嘉晶元富07購03  ,0,0,0,0,0,0,0,0,0,-26000,0,0,0,4000,30000,-26000,-26000
066240,泰鼎富邦03購01  ,0,0,0,0,0,0,0,0,0,-26000,0,0,0,10000,36000,-26000,-26000
065623,瑞昱中信04購01  ,0,0,0,0,0,0,0,0,0,-26000,0,0,0,40000,66000,-26000,-26000
065667,台光電凱基01購01,0,0,0,0,0,0,0,0,0,-26000,0,0,0,0,26000,-26000,-26000
065914,智邦凱基02購03  ,0,0,0,0,0,0,0,0,0,-26000,0,0,0,79000,105000,-26000,-26000
2467,志聖            ,52000,58000,-6000,0,0,0,0,0,0,-20000,1000,21000,-20000,0,0,0,-26000
4164,承業醫          ,46000,60000,-14000,0,0,0,0,0,0,-12000,2000,14000,-12000,0,0,0,-26000
068973,亞德客元大02購04,0,0,0,0,0,0,0,0,0,-27000,0,0,0,25000,52000,-27000,-27000
069002,國巨兆豐03購01  ,0,0,0,0,0,0,0,0,0,-27000,0,0,0,30000,57000,-27000,-27000
069316,康舒凱基02購01  ,0,0,0,0,0,0,0,0,0,-27000,0,0,0,216000,243000,-27000,-27000
069781,志超元大02購01  ,0,0,0,0,0,0,0,0,0,-27000,0,0,0,415000,442000,-27000,-27000
060306,台肥永豐9A購01  ,0,0,0,0,0,0,0,0,0,-27000,0,0,0,23000,50000,-27000,-27000
059882,臺股指凱基9C購06,0,0,0,0,0,0,0,0,0,-27000,0,0,0,5000,32000,-27000,-27000
061055,康控群益9A購01  ,0,0,0,0,0,0,0,0,0,-27000,0,0,0,3000,30000,-27000,-27000
03546P,欣興群益02售12  ,0,0,0,0,0,0,0,0,0,-27000,0,0,0,0,27000,-27000,-27000
062836,同欣電群益9B購02,0,0,0,0,0,0,0,0,0,-27000,0,0,0,83000,110000,-27000,-27000
065088,可成元大9C購09  ,0,0,0,0,0,0,0,0,0,-27000,0,0,0,0,27000,-27000,-27000
062151,世紀鋼國票01購01,0,0,0,0,0,0,0,0,0,-27000,0,0,0,153000,180000,-27000,-27000
063838,上銀元大9C購01  ,0,0,0,0,0,0,0,0,0,-27000,0,0,0,91000,118000,-27000,-27000
062632,嘉晶國票9B購01  ,0,0,0,0,0,0,0,0,0,-27000,0,0,0,42000,69000,-27000,-27000
064700,致新群益9C購02  ,0,0,0,0,0,0,0,0,0,-27000,0,0,0,22000,49000,-27000,-27000
064588,玉晶光永豐9C購05,0,0,0,0,0,0,0,0,0,-27000,0,0,0,67000,94000,-27000,-27000
063083,聯發科凱基01購02,0,0,0,0,0,0,0,0,0,-27000,0,0,0,77000,104000,-27000,-27000
063221,京元電群益9B購02,0,0,0,0,0,0,0,0,0,-27000,0,0,0,0,27000,-27000,-27000
066255,英利元大01購01  ,0,0,0,0,0,0,0,0,0,-27000,0,0,0,20000,47000,-27000,-27000
066287,訊芯元大01購01  ,0,0,0,0,0,0,0,0,0,-27000,0,0,0,29000,56000,-27000,-27000
066483,瑞昱元富01購01  ,0,0,0,0,0,0,0,0,0,-27000,0,0,0,98000,125000,-27000,-27000
067061,亞泥元大01購01  ,0,0,0,0,0,0,0,0,0,-27000,0,0,0,551000,578000,-27000,-27000
066720,滬深2X元大01購07,0,0,0,0,0,0,0,0,0,-27000,0,0,0,245000,272000,-27000,-27000
3501,維熹            ,8000,33000,-25000,0,0,0,0,0,0,-2000,1000,3000,-2000,0,0,0,-27000
08657P,牧德群益9C售02  ,0,0,0,0,0,0,0,0,0,-27000,0,0,0,0,27000,-27000,-27000
2849,安泰銀          ,240557,268000,-27443,0,0,0,0,0,0,0,0,0,0,0,0,0,-27443
069470,鎧勝國票03購02  ,0,0,0,0,0,0,0,0,0,-28000,0,0,0,0,28000,-28000,-28000
069602,玉晶光國票04購02,0,0,0,0,0,0,0,0,0,-28000,0,0,0,7000,35000,-28000,-28000
08403P,上銀元大9C售07  ,0,0,0,0,0,0,0,0,0,-28000,0,0,0,0,28000,-28000,-28000
068260,道瓊銀富邦07購01,0,0,0,0,0,0,0,0,0,-28000,0,0,0,0,28000,-28000,-28000
068262,南電富邦03購01  ,0,0,0,0,0,0,0,0,0,-28000,0,0,0,23000,51000,-28000,-28000
068379,聯陽永豐01購04  ,0,0,0,0,0,0,0,0,0,-28000,0,0,0,2000,30000,-28000,-28000
00710B,FH彭博高收益債  ,0,1000,-1000,0,0,0,0,0,0,-27000,0,0,0,113000,140000,-27000,-28000
03177P,國巨群益01售12  ,0,0,0,0,0,0,0,0,0,-28000,0,0,0,40000,68000,-28000,-28000
03033X,元展30          ,0,0,0,0,0,0,0,0,0,-28000,0,0,0,1000,29000,-28000,-28000
058438,大立光統一9B購01,0,0,0,0,0,0,0,0,0,-28000,0,0,0,57000,85000,-28000,-28000
059140,大立光兆豐9A購02,0,0,0,0,0,0,0,0,0,-28000,0,0,0,85000,113000,-28000,-28000
057671,群創元大9B購06  ,0,0,0,0,0,0,0,0,0,-28000,0,0,0,6000,34000,-28000,-28000
058116,正崴中信99購02  ,0,0,0,0,0,0,0,0,0,-28000,0,0,0,12000,40000,-28000,-28000
059732,超眾元大9A購01  ,0,0,0,0,0,0,0,0,0,-28000,0,0,0,0,28000,-28000,-28000
062717,華邦電凱基9C購01,0,0,0,0,0,0,0,0,0,-28000,0,0,0,4000,32000,-28000,-28000
062184,奇鋐元大9B購02  ,0,0,0,0,0,0,0,0,0,-28000,0,0,0,12000,40000,-28000,-28000
065005,台光電國票01購02,0,0,0,0,0,0,0,0,0,-28000,0,0,0,0,28000,-28000,-28000
062898,華通元大9B購05  ,0,0,0,0,0,0,0,0,0,-28000,0,0,0,0,28000,-28000,-28000
064666,華新科元大02購01,0,0,0,0,0,0,0,0,0,-28000,0,0,0,60000,88000,-28000,-28000
067685,瀚宇博元大01購03,0,0,0,0,0,0,0,0,0,-28000,0,0,0,212000,240000,-28000,-28000
066447,智伸科群益01購02,0,0,0,0,0,0,0,0,0,-28000,0,0,0,12000,40000,-28000,-28000
066361,微星中信05購01  ,0,0,0,0,0,0,0,0,0,-28000,0,0,0,36000,64000,-28000,-28000
06602P,國巨統一99售02  ,0,0,0,0,0,0,0,0,0,-28000,0,0,0,40000,68000,-28000,-28000
065574,創意群益9C購04  ,0,0,0,0,0,0,0,0,0,-28000,0,0,0,7000,35000,-28000,-28000
4967,十銓            ,331000,343000,-12000,0,0,0,0,0,0,-16000,0,16000,-16000,0,0,0,-28000
1730,花仙子          ,10000,38000,-28000,0,0,0,0,0,0,0,0,0,0,0,0,0,-28000
9927,泰銘            ,15000,43000,-28000,0,0,0,0,0,0,0,0,0,0,0,0,0,-28000
2852,第一保          ,38324,66000,-27676,0,0,0,0,0,0,-1000,0,1000,-1000,0,0,0,-28676
069273,精元永豐02購02  ,0,0,0,0,0,0,0,0,0,-29000,0,0,0,41000,70000,-29000,-29000
068856,台達電元富08購01,0,0,0,0,0,0,0,0,0,-29000,0,0,0,50000,79000,-29000,-29000
08171P,嘉澤國票9C售01  ,0,0,0,0,0,0,0,0,0,-29000,0,0,0,122000,151000,-29000,-29000
069588,長興國票02購01  ,0,0,0,0,0,0,0,0,0,-29000,0,0,0,0,29000,-29000,-29000
069849,大立光國泰06購01,0,0,0,0,0,0,0,0,0,-29000,0,0,0,0,29000,-29000,-29000
069913,世紀鋼麥證02購01,0,0,0,11000,40000,-29000,0,0,0,-29000,0,0,0,11000,40000,-29000,-29000
069950,國喬永豐02購01  ,0,0,0,0,0,0,0,0,0,-29000,0,0,0,66000,95000,-29000,-29000
058148,百和元大99購01  ,0,0,0,0,0,0,0,0,0,-29000,0,0,0,99000,128000,-29000,-29000
057812,友達元大9A購05  ,0,0,0,0,0,0,0,0,0,-29000,0,0,0,125000,154000,-29000,-29000
063432,金寶元富9B購01  ,0,0,0,0,0,0,0,0,0,-29000,0,0,0,71000,100000,-29000,-29000
064267,南六永豐9C購03  ,0,0,0,0,0,0,0,0,0,-29000,0,0,0,0,29000,-29000,-29000
063361,台表科國泰01購02,0,0,0,0,0,0,0,0,0,-29000,0,0,0,0,29000,-29000,-29000
059949,啟碁永豐99購01  ,0,0,0,0,0,0,0,0,0,-29000,0,0,0,2000,31000,-29000,-29000
03254P,台積電國泰03售09,0,0,0,0,0,0,0,0,0,-29000,0,0,0,79000,108000,-29000,-29000
058831,茂林永豐99購01  ,0,0,0,0,0,0,0,0,0,-29000,0,0,0,21000,50000,-29000,-29000
064648,臻鼎凱基9C購02  ,0,0,0,0,0,0,0,0,0,-29000,0,0,0,31000,60000,-29000,-29000
063628,華通元大9B購09  ,0,0,0,0,0,0,0,0,0,-29000,0,0,0,4000,33000,-29000,-29000
064192,巨大中信9C購01  ,0,0,0,0,0,0,0,0,0,-29000,0,0,0,86000,115000,-29000,-29000
062344,力山群益9B購02  ,0,0,0,0,0,0,0,0,0,-29000,0,0,0,102000,131000,-29000,-29000
064468,健策元富9C購02  ,0,0,0,0,0,0,0,0,0,-29000,0,0,0,40000,69000,-29000,-29000
063656,台光電元富03購01,0,0,0,0,0,0,0,0,0,-29000,0,0,0,3000,32000,-29000,-29000
063993,華通群益01購01  ,0,0,0,0,0,0,0,0,0,-29000,0,0,0,103000,132000,-29000,-29000
064289,台郡元大9C購01  ,0,0,0,0,0,0,0,0,0,-29000,0,0,0,0,29000,-29000,-29000
064176,京元電國泰01購01,0,0,0,0,0,0,0,0,0,-29000,0,0,0,171000,200000,-29000,-29000
065658,聯發科富邦03購03,0,0,0,0,0,0,0,0,0,-29000,0,0,0,25000,54000,-29000,-29000
066584,滬深2X群益03購01,0,0,0,0,0,0,0,0,0,-29000,0,0,0,96000,125000,-29000,-29000
066532,力成元富07購01  ,0,0,0,0,0,0,0,0,0,-29000,0,0,0,36000,65000,-29000,-29000
066302,卜蜂永豐01購01  ,0,0,0,0,0,0,0,0,0,-29000,0,0,0,7000,36000,-29000,-29000
067463,T50反1元大01購04,0,0,0,0,0,0,0,0,0,-29000,0,0,0,0,29000,-29000,-29000
067504,鴻海統一01購07  ,0,0,0,0,0,0,0,0,0,-29000,0,0,0,111000,140000,-29000,-29000
067489,華擎元大01購06  ,0,0,0,0,0,0,0,0,0,-29000,0,0,0,101000,130000,-29000,-29000
067269,眾達永豐01購02  ,0,0,0,0,0,0,0,0,0,-29000,0,0,0,0,29000,-29000,-29000
5225,東科-KY         ,15000,48000,-33000,0,0,0,0,0,0,4000,4000,0,4000,0,0,0,-29000
4155,訊映            ,24000,49000,-25000,0,0,0,0,0,0,-4000,0,4000,-4000,0,0,0,-29000
4540,全球傳動        ,30000,59000,-29000,0,0,0,0,0,0,0,0,0,0,0,0,0,-29000
6605,帝寶            ,5000,39000,-34000,0,0,0,0,0,0,5000,5000,0,5000,0,0,0,-29000
1522,堤維西          ,32000,46000,-14000,0,0,0,0,0,0,-15000,0,15000,-15000,0,0,0,-29000
08951P,臺股指國票01售08,0,0,0,0,0,0,0,0,0,-29000,0,0,0,111000,140000,-29000,-29000
9917,中保科          ,48200,87000,-38800,0,0,0,0,0,0,9000,17000,8000,9000,0,0,0,-29800
069931,聯發科統一02購12,0,0,0,0,0,0,0,0,0,-30000,0,0,0,0,30000,-30000,-30000
07287P,全新群益9B售01  ,0,0,0,0,0,0,0,0,0,-30000,0,0,0,0,30000,-30000,-30000
070020,台積電國票03購09,0,0,0,0,0,0,0,0,0,-30000,0,0,0,0,30000,-30000,-30000
069990,聯發科兆豐03購04,0,0,0,0,0,0,0,0,0,-30000,0,0,0,0,30000,-30000,-30000
07050P,宏達電中信9B售01,0,0,0,0,0,0,0,0,0,-30000,0,0,0,0,30000,-30000,-30000
069533,創意群益02購01  ,0,0,0,0,0,0,0,0,0,-30000,0,0,0,7000,37000,-30000,-30000
069552,玉晶光元大03購11,0,0,0,0,0,0,0,0,0,-30000,0,0,0,11000,41000,-30000,-30000
069755,華通兆豐03購01  ,0,0,0,0,0,0,0,0,0,-30000,0,0,0,0,30000,-30000,-30000
08088P,義隆凱基9B售03  ,0,0,0,0,0,0,0,0,0,-30000,0,0,0,0,30000,-30000,-30000
07962P,聯詠中信05售03  ,0,0,0,0,0,0,0,0,0,-30000,0,0,0,0,30000,-30000,-30000
07685P,玉晶光凱基9B售03,0,0,0,0,0,0,0,0,0,-30000,0,0,0,0,30000,-30000,-30000
08277P,嘉晶元富9C售02  ,0,0,0,0,0,0,0,0,0,-30000,0,0,0,0,30000,-30000,-30000
08270P,鴻海富邦9C售02  ,0,0,0,0,0,0,0,0,0,-30000,0,0,0,0,30000,-30000,-30000
08216P,聯發科群益9C售05,0,0,0,0,0,0,0,0,0,-30000,0,0,0,20000,50000,-30000,-30000
08575P,長榮航凱基9C售02,0,0,0,0,0,0,0,0,0,-30000,0,0,0,0,30000,-30000,-30000
069201,台達電元大02購03,0,0,0,0,0,0,0,0,0,-30000,0,0,0,101000,131000,-30000,-30000
068661,臺股指元大02購06,0,0,0,0,0,0,0,0,0,-30000,0,0,0,0,30000,-30000,-30000
068448,光寶科國票03購01,0,0,0,0,0,0,0,0,0,-30000,0,0,0,14000,44000,-30000,-30000
058687,聯茂凱基9A購01  ,0,0,0,0,0,0,0,0,0,-30000,0,0,0,0,30000,-30000,-30000
061049,奇力新中信9A購02,0,0,0,0,0,0,0,0,0,-30000,0,0,0,0,30000,-30000,-30000
03558P,矽創元大02售01  ,0,0,0,0,0,0,0,0,0,-30000,0,0,0,0,30000,-30000,-30000
03200P,台積電統一03售11,0,0,0,0,0,0,0,0,0,-30000,0,0,0,10000,40000,-30000,-30000
03249P,華擎元富04售01  ,0,0,0,0,0,0,0,0,0,-30000,0,0,0,0,30000,-30000,-30000
03102P,臺股指凱基03售08,0,0,0,0,0,0,0,0,0,-30000,0,0,0,0,30000,-30000,-30000
03356P,南電凱基02售05  ,0,0,0,0,0,0,0,0,0,-30000,0,0,0,18000,48000,-30000,-30000
057263,可成兆豐99購01  ,0,0,0,0,0,0,0,0,0,-30000,0,0,0,0,30000,-30000,-30000
056377,智伸科統一9A購01,0,0,0,0,0,0,0,0,0,-30000,0,0,0,0,30000,-30000,-30000
056811,健策統一9B購01  ,0,0,0,0,0,0,0,0,0,-30000,0,0,0,0,30000,-30000,-30000
060121,新光金富邦99購01,0,0,0,0,0,0,0,0,0,-30000,0,0,0,0,30000,-30000,-30000
060232,友訊元大9C購01  ,0,0,0,0,0,0,0,0,0,-30000,0,0,0,0,30000,-30000,-30000
060190,國泰金元富9A購01,0,0,0,0,0,0,0,0,0,-30000,0,0,0,0,30000,-30000,-30000
060312,潤泰全永豐9A購01,0,0,0,0,0,0,0,0,0,-30000,0,0,0,0,30000,-30000,-30000
059121,瑞儀永豐99購01  ,0,0,0,0,0,0,0,0,0,-30000,0,0,0,0,30000,-30000,-30000
061088,國巨統一9C購05  ,0,0,0,0,0,0,0,0,0,-30000,0,0,0,0,30000,-30000,-30000
058399,美律元大99購05  ,0,0,0,0,0,0,0,0,0,-30000,0,0,0,0,30000,-30000,-30000
058474,鴻海凱基9A購06  ,0,0,0,0,0,0,0,0,0,-30000,0,0,0,0,30000,-30000,-30000
058514,潤泰全元大99購01,0,0,0,0,0,0,0,0,0,-30000,0,0,0,0,30000,-30000,-30000
062493,元金反中信9B購01,0,0,0,0,0,0,0,0,0,-30000,0,0,0,0,30000,-30000,-30000
062489,可成永豐9B購02  ,0,0,0,0,0,0,0,0,0,-30000,0,0,0,0,30000,-30000,-30000
058323,泰鼎永豐9A購01  ,0,0,0,0,0,0,0,0,0,-30000,0,0,0,0,30000,-30000,-30000
061616,鴻海群益9A購07  ,0,0,0,0,0,0,0,0,0,-30000,0,0,0,0,30000,-30000,-30000
063412,寶成國票9C購01  ,0,0,0,0,0,0,0,0,0,-30000,0,0,0,0,30000,-30000,-30000
057971,華新科富邦9B購02,0,0,0,0,0,0,0,0,0,-30000,0,0,0,0,30000,-30000,-30000
060515,臺股指元大9B購12,0,0,0,0,0,0,0,0,0,-30000,0,0,0,0,30000,-30000,-30000
059630,美律凱基99購07  ,0,0,0,0,0,0,0,0,0,-30000,0,0,0,0,30000,-30000,-30000
062637,智易國票9B購01  ,0,0,0,0,0,0,0,0,0,-30000,0,0,0,0,30000,-30000,-30000
062923,緯穎元大9B購06  ,0,0,0,0,0,0,0,0,0,-30000,0,0,0,118000,148000,-30000,-30000
063809,矽創兆豐01購01  ,0,0,0,0,0,0,0,0,0,-30000,0,0,0,0,30000,-30000,-30000
063170,智邦第一9B購01  ,0,0,0,0,0,0,0,0,0,-30000,0,0,0,3000,33000,-30000,-30000
063171,光寶科中信9B購01,0,0,0,0,0,0,0,0,0,-30000,0,0,0,0,30000,-30000,-30000
064372,滬深2X元富9C購10,0,0,0,0,0,0,0,0,0,-30000,0,0,0,0,30000,-30000,-30000
063307,同欣電凱基9B購02,0,0,0,0,0,0,0,0,0,-30000,0,0,0,10000,40000,-30000,-30000
064209,燿華凱基01購01  ,0,0,0,0,0,0,0,0,0,-30000,0,0,0,0,30000,-30000,-30000
062235,億光凱基9B購01  ,0,0,0,0,0,0,0,0,0,-30000,0,0,0,6000,36000,-30000,-30000
062880,大立光兆豐9B購02,0,0,0,0,0,0,0,0,0,-30000,0,0,0,0,30000,-30000,-30000
064880,神達兆豐9C購01  ,0,0,0,0,0,0,0,0,0,-30000,0,0,0,80000,110000,-30000,-30000
064770,開發金中信01購01,0,0,0,0,0,0,0,0,0,-30000,0,0,0,0,30000,-30000,-30000
065025,健策永豐9C購02  ,0,0,0,0,0,0,0,0,0,-30000,0,0,0,43000,73000,-30000,-30000
065209,國泰金國票01購01,0,0,0,0,0,0,0,0,0,-30000,0,0,0,90000,120000,-30000,-30000
067194,惠特凱基01購03  ,0,0,0,0,0,0,0,0,0,-30000,0,0,0,0,30000,-30000,-30000
066818,力成兆豐01購01  ,0,0,0,0,0,0,0,0,0,-30000,0,0,0,10000,40000,-30000,-30000
066846,京鼎元大01購03  ,0,0,0,0,0,0,0,0,0,-30000,0,0,0,17000,47000,-30000,-30000
06688P,鴻海中信02售01  ,0,0,0,0,0,0,0,0,0,-30000,0,0,0,0,30000,-30000,-30000
067464,上証2X元大03購01,0,0,0,0,0,0,0,0,0,-30000,0,0,0,25000,55000,-30000,-30000
067468,鴻海元大01購17  ,0,0,0,0,0,0,0,0,0,-30000,0,0,0,10000,40000,-30000,-30000
067709,大立光元富07購01,0,0,0,0,0,0,0,0,0,-30000,0,0,0,23000,53000,-30000,-30000
067851,華邦電國票02購01,0,0,0,0,0,0,0,0,0,-30000,0,0,0,6000,36000,-30000,-30000
066262,華碩元大01購02  ,0,0,0,0,0,0,0,0,0,-30000,0,0,0,0,30000,-30000,-30000
06627P,華新科元富99售01,0,0,0,0,0,0,0,0,0,-30000,0,0,0,0,30000,-30000,-30000
066213,惠特統一03購01  ,0,0,0,0,0,0,0,0,0,-30000,0,0,0,0,30000,-30000,-30000
066183,眾達凱基01購01  ,0,0,0,0,0,0,0,0,0,-30000,0,0,0,20000,50000,-30000,-30000
066199,金像電統一02購01,0,0,0,0,0,0,0,0,0,-30000,0,0,0,0,30000,-30000,-30000
066626,盟立凱基01購01  ,0,0,0,0,0,0,0,0,0,-30000,0,0,0,0,30000,-30000,-30000
065655,緯穎元大9C購05  ,0,0,0,0,0,0,0,0,0,-30000,0,0,0,20000,50000,-30000,-30000
06552P,茂林元大99售02  ,0,0,0,0,0,0,0,0,0,-30000,0,0,0,20000,50000,-30000,-30000
065296,國巨統一01購10  ,0,0,0,0,0,0,0,0,0,-30000,0,0,0,5000,35000,-30000,-30000
065918,可成凱基01購01  ,0,0,0,0,0,0,0,0,0,-30000,0,0,0,103000,133000,-30000,-30000
065848,聯詠元大9C購03  ,0,0,0,0,0,0,0,0,0,-30000,0,0,0,334000,364000,-30000,-30000
065840,國巨元大03購01  ,0,0,0,0,0,0,0,0,0,-30000,0,0,0,52000,82000,-30000,-30000
065808,力成群益9C購02  ,0,0,0,0,0,0,0,0,0,-30000,0,0,0,0,30000,-30000,-30000
08971P,臺股指元大01售14,0,0,0,0,0,0,0,0,0,-30000,0,0,0,150000,180000,-30000,-30000
08648P,健策凱基9C售05  ,0,0,0,0,0,0,0,0,0,-30000,0,0,0,0,30000,-30000,-30000
08640P,台灣50群益9C售07,0,0,0,0,0,0,0,0,0,-30000,0,0,0,0,30000,-30000,-30000
068378,聯發科永豐01購03,0,0,0,0,0,0,0,0,0,-31000,0,0,0,78000,109000,-31000,-31000
068331,欣興元大01購09  ,0,0,0,0,0,0,0,0,0,-31000,0,0,0,4000,35000,-31000,-31000
068930,億光永豐02購01  ,0,0,0,0,0,0,0,0,0,-31000,0,0,0,41000,72000,-31000,-31000
069060,台積電麥證02購02,0,0,0,100000,131000,-31000,0,0,0,-31000,0,0,0,100000,131000,-31000,-31000
069999,台泥元大02購01  ,0,0,0,0,0,0,0,0,0,-31000,0,0,0,0,31000,-31000,-31000
07214P,聯發科凱基9A售04,0,0,0,0,0,0,0,0,0,-31000,0,0,0,0,31000,-31000,-31000
059730,晶相光元大9C購02,0,0,0,0,0,0,0,0,0,-31000,0,0,0,76000,107000,-31000,-31000
058209,臺股指凱基01購01,0,0,0,0,0,0,0,0,0,-31000,0,0,0,5000,36000,-31000,-31000
061662,瑞儀永豐9A購02  ,0,0,0,0,0,0,0,0,0,-31000,0,0,0,6000,37000,-31000,-31000
061584,勤誠元大9A購01  ,0,0,0,0,0,0,0,0,0,-31000,0,0,0,50000,81000,-31000,-31000
03192P,台積電國泰03售05,0,0,0,0,0,0,0,0,0,-31000,0,0,0,252000,283000,-31000,-31000
03263P,日月光國票04售01,0,0,0,0,0,0,0,0,0,-31000,0,0,0,48000,79000,-31000,-31000
00662,富邦NASDAQ      ,0,0,0,0,0,0,0,0,0,-31000,0,0,0,132000,163000,-31000,-31000
065159,臻鼎群益9C購02  ,0,0,0,0,0,0,0,0,0,-31000,0,0,0,35000,66000,-31000,-31000
065012,燿華國泰02購01  ,0,0,0,0,0,0,0,0,0,-31000,0,0,0,1000,32000,-31000,-31000
062849,中興電永豐9B購02,0,0,0,0,0,0,0,0,0,-31000,0,0,0,0,31000,-31000,-31000
062288,南六群益9B購01  ,0,0,0,0,0,0,0,0,0,-31000,0,0,0,0,31000,-31000,-31000
063213,智伸科國票9C購01,0,0,0,0,0,0,0,0,0,-31000,0,0,0,28000,59000,-31000,-31000
063738,奇鋐元大9B購03  ,0,0,0,0,0,0,0,0,0,-31000,0,0,0,11000,42000,-31000,-31000
063714,超眾凱基9B購03  ,0,0,0,0,0,0,0,0,0,-31000,0,0,0,15000,46000,-31000,-31000
066933,可成國票02購01  ,0,0,0,0,0,0,0,0,0,-31000,0,0,0,90000,121000,-31000,-31000
067391,健策元富01購02  ,0,0,0,0,0,0,0,0,0,-31000,0,0,0,333000,364000,-31000,-31000
2059,川湖            ,46000,63000,-17000,0,0,0,0,0,0,-14000,2000,16000,-14000,0,0,0,-31000
3094,聯傑            ,32000,62000,-30000,0,0,0,0,0,0,-1000,0,1000,-1000,0,0,0,-31000
2482,連宇            ,0,36000,-36000,0,0,0,0,0,0,5000,5000,0,5000,0,0,0,-31000
9925,新保            ,41000,62000,-21000,0,0,0,0,0,0,-10000,0,10000,-10000,0,0,0,-31000
07145P,為升元大99售03  ,0,0,0,0,0,0,0,0,0,-32000,0,0,0,20000,52000,-32000,-32000
069843,欣興群益02購09  ,0,0,0,0,0,0,0,0,0,-32000,0,0,0,90000,122000,-32000,-32000
069725,欣興群益02購07  ,0,0,0,0,0,0,0,0,0,-32000,0,0,0,155000,187000,-32000,-32000
069597,京元電國票03購01,0,0,0,0,0,0,0,0,0,-32000,0,0,0,0,32000,-32000,-32000
07993P,寶成群益9B售01  ,0,0,0,0,0,0,0,0,0,-32000,0,0,0,0,32000,-32000,-32000
069019,GIS兆豐03購01   ,0,0,0,0,0,0,0,0,0,-32000,0,0,0,6000,38000,-32000,-32000
069264,聯發科兆豐03購03,0,0,0,0,0,0,0,0,0,-32000,0,0,0,60000,92000,-32000,-32000
069261,緯穎凱基03購02  ,0,0,0,0,0,0,0,0,0,-32000,0,0,0,68000,100000,-32000,-32000
069307,瑞昱凱基02購03  ,0,0,0,0,0,0,0,0,0,-32000,0,0,0,68000,100000,-32000,-32000
060964,日月光凱基9A購01,0,0,0,0,0,0,0,0,0,-32000,0,0,0,30000,62000,-32000,-32000
061643,嘉澤元大9A購05  ,0,0,0,0,0,0,0,0,0,-32000,0,0,0,0,32000,-32000,-32000
064529,友達中信01購03  ,0,0,0,0,0,0,0,0,0,-32000,0,0,0,36000,68000,-32000,-32000
063888,TPK中信01購01   ,0,0,0,0,0,0,0,0,0,-32000,0,0,0,24000,56000,-32000,-32000
061771,玉晶光元大9C購04,0,0,0,0,0,0,0,0,0,-32000,0,0,0,5000,37000,-32000,-32000
061341,華新科元大9A購16,0,0,0,0,0,0,0,0,0,-32000,0,0,0,0,32000,-32000,-32000
064389,台泥永豐9C購01  ,0,0,0,0,0,0,0,0,0,-32000,0,0,0,117000,149000,-32000,-32000
064852,智邦台新9C購04  ,0,0,0,0,0,0,0,0,0,-32000,0,0,0,0,32000,-32000,-32000
06721P,臺股指中信9A售03,0,0,0,0,0,0,0,0,0,-32000,0,0,0,15000,47000,-32000,-32000
067648,國巨元富07購09  ,0,0,0,0,0,0,0,0,0,-32000,0,0,0,10000,42000,-32000,-32000
065721,中壽兆豐9C購01  ,0,0,0,0,0,0,0,0,0,-32000,0,0,0,4000,36000,-32000,-32000
065302,聯發科元富03購04,0,0,0,0,0,0,0,0,0,-32000,0,0,0,0,32000,-32000,-32000
066231,友訊富邦02購01  ,0,0,0,0,0,0,0,0,0,-32000,0,0,0,0,32000,-32000,-32000
2431,聯昌            ,135000,179000,-44000,0,0,0,0,0,0,12000,12000,0,12000,0,0,0,-32000
5243,乙盛-KY         ,119000,158000,-39000,0,0,0,0,0,0,7000,7000,0,7000,0,0,0,-32000
2020,美亞            ,41000,68000,-27000,0,0,0,0,0,0,-5000,0,5000,-5000,0,0,0,-32000
1307,三芳            ,64000,97000,-33000,0,0,0,0,0,0,1000,1000,0,1000,0,0,0,-32000
068309,聯詠國票03購01  ,0,0,0,0,0,0,0,0,0,-33000,0,0,0,39000,72000,-33000,-33000
061644,健策元大9C購02  ,0,0,0,0,0,0,0,0,0,-33000,0,0,0,3000,36000,-33000,-33000
062470,智邦凱基9C購01  ,0,0,0,0,0,0,0,0,0,-33000,0,0,0,8000,41000,-33000,-33000
060892,超眾統一9C購01  ,0,0,0,0,0,0,0,0,0,-33000,0,0,0,0,33000,-33000,-33000
059143,國巨國票9A購04  ,0,0,0,0,0,0,0,0,0,-33000,0,0,0,34000,67000,-33000,-33000
03393P,聯電國泰03售01  ,0,0,0,0,0,0,0,0,0,-33000,0,0,0,148000,181000,-33000,-33000
03499P,南電凱基02售07  ,0,0,0,0,0,0,0,0,0,-33000,0,0,0,27000,60000,-33000,-33000
064988,志超元大9C購01  ,0,0,0,0,0,0,0,0,0,-33000,0,0,0,22000,55000,-33000,-33000
063578,瑞祺元大9B購03  ,0,0,0,0,0,0,0,0,0,-33000,0,0,0,393000,426000,-33000,-33000
064125,聯發科元大02購01,0,0,0,0,0,0,0,0,0,-33000,0,0,0,37000,70000,-33000,-33000
066706,揚明光群益01購01,0,0,0,0,0,0,0,0,0,-33000,0,0,0,36000,69000,-33000,-33000
065871,南亞科群益9C購03,0,0,0,0,0,0,0,0,0,-33000,0,0,0,10000,43000,-33000,-33000
067387,智邦元富04購01  ,0,0,0,0,0,0,0,0,0,-33000,0,0,0,79000,112000,-33000,-33000
1806,冠軍            ,94000,121000,-27000,0,0,0,0,0,0,-6000,0,6000,-6000,0,0,0,-33000
08751P,友達群益01售01  ,0,0,0,0,0,0,0,0,0,-33000,0,0,0,27000,60000,-33000,-33000
08843P,台表科凱基01售01,0,0,0,0,0,0,0,0,0,-33000,0,0,0,0,33000,-33000,-33000
2488,漢平            ,14000,51000,-37000,0,0,0,0,0,0,4000,4000,0,4000,0,0,0,-33000
068687,亞聚凱基02購01  ,0,0,0,0,0,0,0,0,0,-34000,0,0,0,45000,79000,-34000,-34000
068722,瑞昱元大02購02  ,0,0,0,0,0,0,0,0,0,-34000,0,0,0,70000,104000,-34000,-34000
068866,申豐元富05購01  ,0,0,0,0,0,0,0,0,0,-34000,0,0,0,345000,379000,-34000,-34000
08190P,宏達電元富9B售04,0,0,0,0,0,0,0,0,0,-34000,0,0,0,0,34000,-34000,-34000
03362P,台積電元大02售19,0,0,0,0,0,0,0,0,0,-34000,0,0,0,0,34000,-34000,-34000
061037,嘉澤永豐9A購01  ,0,0,0,0,0,0,0,0,0,-34000,0,0,0,2000,36000,-34000,-34000
060718,中磊永豐9A購01  ,0,0,0,0,0,0,0,0,0,-34000,0,0,0,66000,100000,-34000,-34000
061125,億光永豐9A購01  ,0,0,0,0,0,0,0,0,0,-34000,0,0,0,14000,48000,-34000,-34000
061178,晶技凱基9B購01  ,0,0,0,0,0,0,0,0,0,-34000,0,0,0,0,34000,-34000,-34000
058520,智易元大99購03  ,0,0,0,0,0,0,0,0,0,-34000,0,0,0,3000,37000,-34000,-34000
060402,神隆國泰9B購01  ,0,0,0,0,0,0,0,0,0,-34000,0,0,0,21000,55000,-34000,-34000
060506,京元電元大9A購02,0,0,0,0,0,0,0,0,0,-34000,0,0,0,10000,44000,-34000,-34000
062488,台光電永豐9B購02,0,0,0,0,0,0,0,0,0,-34000,0,0,0,0,34000,-34000,-34000
062680,微星統一01購01  ,0,0,0,0,0,0,0,0,0,-34000,0,0,0,2000,36000,-34000,-34000
061673,仁寶元大9B購01  ,0,0,0,0,0,0,0,0,0,-34000,0,0,0,166000,200000,-34000,-34000
062744,超眾國泰9C購01  ,0,0,0,0,0,0,0,0,0,-34000,0,0,0,1000,35000,-34000,-34000
065255,上銀元大01購01  ,0,0,0,0,0,0,0,0,0,-34000,0,0,0,162000,196000,-34000,-34000
067940,健策凱基01購04  ,0,0,0,0,0,0,0,0,0,-34000,0,0,0,4000,38000,-34000,-34000
065930,矽格國票02購01  ,0,0,0,0,0,0,0,0,0,-34000,0,0,0,46000,80000,-34000,-34000
066551,大立光元大01購07,0,0,0,0,0,0,0,0,0,-34000,0,0,0,100000,134000,-34000,-34000
2731,雄獅            ,5000,41000,-36000,0,0,0,0,0,0,2000,2000,0,2000,0,0,0,-34000
08734P,創意康和01售02  ,0,0,0,0,0,0,0,0,0,-34000,0,0,0,0,34000,-34000,-34000
08305P,茂林群益9C售01  ,0,0,0,0,0,0,0,0,0,-35000,0,0,0,0,35000,-35000,-35000
069881,南電國票03購04  ,0,0,0,0,0,0,0,0,0,-35000,0,0,0,0,35000,-35000,-35000
068779,華邦電國票03購01,0,0,0,0,0,0,0,0,0,-35000,0,0,0,0,35000,-35000,-35000
068959,鴻海群益02購05  ,0,0,0,0,0,0,0,0,0,-35000,0,0,0,0,35000,-35000,-35000
068525,京元電元富07購01,0,0,0,0,0,0,0,0,0,-35000,0,0,0,100000,135000,-35000,-35000
068597,聯電凱基03購04  ,0,0,0,0,0,0,0,0,0,-35000,0,0,0,11000,46000,-35000,-35000
068345,聯發科麥證01購09,0,0,0,0,35000,-35000,0,0,0,-35000,0,0,0,0,35000,-35000,-35000
068293,國巨兆豐01購03  ,0,0,0,0,0,0,0,0,0,-35000,0,0,0,0,35000,-35000,-35000
063393,華通群益9C購05  ,0,0,0,0,0,0,0,0,0,-35000,0,0,0,0,35000,-35000,-35000
058019,美律凱基99購04  ,0,0,0,0,0,0,0,0,0,-35000,0,0,0,0,35000,-35000,-35000
060169,群電永豐9A購01  ,0,0,0,0,0,0,0,0,0,-35000,0,0,0,7000,42000,-35000,-35000
059510,華新科永豐99購07,0,0,0,0,0,0,0,0,0,-35000,0,0,0,15000,50000,-35000,-35000
059528,華新科凱基99購06,0,0,0,0,0,0,0,0,0,-35000,0,0,0,0,35000,-35000,-35000
059987,大立光元大99購28,0,0,0,0,0,0,0,0,0,-35000,0,0,0,15000,50000,-35000,-35000
061173,T50反1凱基04購01,0,0,0,0,0,0,0,0,0,-35000,0,0,0,0,35000,-35000,-35000
03358P,金像電群益02售03,0,0,0,0,0,0,0,0,0,-35000,0,0,0,5000,40000,-35000,-35000
03495P,南電康和02售02  ,0,0,0,0,0,0,0,0,0,-35000,0,0,0,62000,97000,-35000,-35000
055916,奇鋐凱基99購01  ,0,0,0,0,0,0,0,0,0,-35000,0,0,0,95000,130000,-35000,-35000
065139,華通凱基03購01  ,0,0,0,0,0,0,0,0,0,-35000,0,0,0,0,35000,-35000,-35000
061847,力山國票9B購01  ,0,0,0,0,0,0,0,0,0,-35000,0,0,0,32000,67000,-35000,-35000
061865,力山元大9B購01  ,0,0,0,0,0,0,0,0,0,-35000,0,0,0,0,35000,-35000,-35000
062068,滬深2X元大9B購02,0,0,0,0,0,0,0,0,0,-35000,0,0,0,0,35000,-35000,-35000
063265,瑞祺永豐9B購01  ,0,0,0,0,0,0,0,0,0,-35000,0,0,0,245000,280000,-35000,-35000
061360,智邦兆豐9B購02  ,0,0,0,0,0,0,0,0,0,-35000,0,0,0,10000,45000,-35000,-35000
061668,信邦中信9B購01  ,0,0,0,0,0,0,0,0,0,-35000,0,0,0,1000,36000,-35000,-35000
066681,聯發科兆豐01購04,0,0,0,0,0,0,0,0,0,-35000,0,0,0,10000,45000,-35000,-35000
065917,全新凱基02購01  ,0,0,0,0,0,0,0,0,0,-35000,0,0,0,0,35000,-35000,-35000
065870,正崴群益02購01  ,0,0,0,0,0,0,0,0,0,-35000,0,0,0,93000,128000,-35000,-35000
068020,玉晶光國票02購07,0,0,0,0,0,0,0,0,0,-35000,0,0,0,0,35000,-35000,-35000
067801,台達電凱基01購03,0,0,0,0,0,0,0,0,0,-35000,0,0,0,89000,124000,-35000,-35000
067701,臺股指國票01購09,0,0,0,0,0,0,0,0,0,-35000,0,0,0,0,35000,-35000,-35000
066956,華擎元大01購04  ,0,0,0,0,0,0,0,0,0,-35000,0,0,0,208000,243000,-35000,-35000
06691P,臺股指群益9C售05,0,0,0,0,0,0,0,0,0,-35000,0,0,0,0,35000,-35000,-35000
066852,矽格元大01購03  ,0,0,0,0,0,0,0,0,0,-35000,0,0,0,0,35000,-35000,-35000
066834,泰鼎群益01購01  ,0,0,0,0,0,0,0,0,0,-35000,0,0,0,5000,40000,-35000,-35000
066791,牧德康和01購01  ,0,0,0,0,0,0,0,0,0,-35000,0,0,0,0,35000,-35000,-35000
066792,T50反1凱基01購03,0,0,0,0,0,0,0,0,0,-35000,0,0,0,39000,74000,-35000,-35000
08881P,奇力新凱基01售02,0,0,0,0,0,0,0,0,0,-35000,0,0,0,30000,65000,-35000,-35000
2443,億麗            ,20000,55000,-35000,0,0,0,0,0,0,0,0,0,0,0,0,0,-35000
3356,奇偶            ,43000,77000,-34000,0,0,0,0,0,0,-1000,1000,2000,-1000,0,0,0,-35000
9955,佳龍            ,34000,68000,-34000,0,0,0,0,0,0,-1000,0,1000,-1000,0,0,0,-35000
9910,豐泰            ,1328305,1601300,-272995,0,0,0,199651,0,199651,38000,63000,25000,38000,0,0,0,-35344
068823,景碩元大02購02  ,0,0,0,0,0,0,0,0,0,-36000,0,0,0,141000,177000,-36000,-36000
069940,欣興元富08購05  ,0,0,0,0,0,0,0,0,0,-36000,0,0,0,183000,219000,-36000,-36000
08196P,上銀元大9B售07  ,0,0,0,0,0,0,0,0,0,-36000,0,0,0,0,36000,-36000,-36000
056668,光磊國票99購01  ,0,0,0,0,0,0,0,0,0,-36000,0,0,0,24000,60000,-36000,-36000
03004P,華擎群益02售02  ,0,0,0,0,0,0,0,0,0,-36000,0,0,0,80000,116000,-36000,-36000
03363P,台積電元大02售20,0,0,0,0,0,0,0,0,0,-36000,0,0,0,405000,441000,-36000,-36000
059292,華新科元富9B購02,0,0,0,0,0,0,0,0,0,-36000,0,0,0,12000,48000,-36000,-36000
058165,FBVIX凱基9C購01 ,0,0,0,0,0,0,0,0,0,-36000,0,0,0,5000,41000,-36000,-36000
057777,可成群益9A購03  ,0,0,0,0,0,0,0,0,0,-36000,0,0,0,111000,147000,-36000,-36000
059706,嘉晶凱基99購01  ,0,0,0,0,0,0,0,0,0,-36000,0,0,0,11000,47000,-36000,-36000
064268,緯穎永豐9C購01  ,0,0,0,0,0,0,0,0,0,-36000,0,0,0,0,36000,-36000,-36000
061656,華新科國票9A購08,0,0,0,0,0,0,0,0,0,-36000,0,0,0,20000,56000,-36000,-36000
064287,日月光元大9C購01,0,0,0,0,0,0,0,0,0,-36000,0,0,0,39000,75000,-36000,-36000
063036,聯發科凱基9B購11,0,0,0,0,0,0,0,0,0,-36000,0,0,0,0,36000,-36000,-36000
066775,智原富邦03購01  ,0,0,0,0,0,0,0,0,0,-36000,0,0,0,14000,50000,-36000,-36000
067259,聯茂國票02購01  ,0,0,0,0,0,0,0,0,0,-36000,0,0,0,0,36000,-36000,-36000
067973,玉晶光群益02購23,0,0,0,0,0,0,0,0,0,-36000,0,0,0,0,36000,-36000,-36000
065426,台積電凱基01購09,0,0,0,0,0,0,0,0,0,-36000,0,0,0,0,36000,-36000,-36000
066558,創意元大01購04  ,0,0,0,0,0,0,0,0,0,-36000,0,0,0,155000,191000,-36000,-36000
4148,全宇生技-KY     ,5000,41000,-36000,0,0,0,0,0,0,0,0,0,0,0,0,0,-36000
1604,聲寶            ,268000,274000,-6000,0,0,0,0,0,0,-30000,0,30000,-30000,0,0,0,-36000
3008,大立光          ,292762,291639,1123,0,0,0,130,9000,-8870,-29000,1000,14000,-13000,2000,18000,-16000,-36747
08017P,華新科國票9B售01,0,0,0,0,0,0,0,0,0,-37000,0,0,0,18000,55000,-37000,-37000
069585,玉晶光永豐02購02,0,0,0,0,0,0,0,0,0,-37000,0,0,0,31000,68000,-37000,-37000
060370,滬深2X元富04購01,0,0,0,0,0,0,0,0,0,-37000,0,0,0,0,37000,-37000,-37000
061174,鴻海凱基9A購23  ,0,0,0,0,0,0,0,0,0,-37000,0,0,0,0,37000,-37000,-37000
061202,和大元大9A購02  ,0,0,0,0,0,0,0,0,0,-37000,0,0,0,17000,54000,-37000,-37000
03463P,宏碁元富08售02  ,0,0,0,0,0,0,0,0,0,-37000,0,0,0,85000,122000,-37000,-37000
062548,智易永豐9B購01  ,0,0,0,0,0,0,0,0,0,-37000,0,0,0,1000,38000,-37000,-37000
064937,英業達元富9C購01,0,0,0,0,0,0,0,0,0,-37000,0,0,0,30000,67000,-37000,-37000
066445,牧德群益01購01  ,0,0,0,0,0,0,0,0,0,-37000,0,0,0,0,37000,-37000,-37000
066487,聯詠元富01購03  ,0,0,0,0,0,0,0,0,0,-37000,0,0,0,0,37000,-37000,-37000
066214,惠特統一03購02  ,0,0,0,0,0,0,0,0,0,-37000,0,0,0,0,37000,-37000,-37000
066252,南港元大01購02  ,0,0,0,0,0,0,0,0,0,-37000,0,0,0,58000,95000,-37000,-37000
067413,臺股指中信04購02,0,0,0,0,0,0,0,0,0,-37000,0,0,0,17000,54000,-37000,-37000
067080,群創元大01購04  ,0,0,0,0,0,0,0,0,0,-37000,0,0,0,5000,42000,-37000,-37000
067081,華擎元大01購05  ,0,0,0,0,0,0,0,0,0,-37000,0,0,0,76000,113000,-37000,-37000
067104,聯發科群益01購05,0,0,0,0,0,0,0,0,0,-37000,0,0,0,70000,107000,-37000,-37000
2514,龍邦            ,1000,9000,-8000,0,0,0,0,0,0,-29000,0,29000,-29000,0,0,0,-37000
6449,鈺邦            ,49000,96000,-47000,0,0,0,0,0,0,10000,18000,8000,10000,0,0,0,-37000
069825,滬深2X元富08購01,0,0,0,0,0,0,0,0,0,-38000,0,0,0,0,38000,-38000,-38000
08119P,南亞科統一9C售03,0,0,0,0,0,0,0,0,0,-38000,0,0,0,1000,39000,-38000,-38000
08436P,TPK群益9C售04   ,0,0,0,0,0,0,0,0,0,-38000,0,0,0,19000,57000,-38000,-38000
068151,瑞昱元大01購05  ,0,0,0,0,0,0,0,0,0,-38000,0,0,0,113000,151000,-38000,-38000
068762,牧德永豐02購01  ,0,0,0,0,0,0,0,0,0,-38000,0,0,0,0,38000,-38000,-38000
068654,國巨元大02購07  ,0,0,0,0,0,0,0,0,0,-38000,0,0,0,0,38000,-38000,-38000
057084,立積統一9B購01  ,0,0,0,0,0,0,0,0,0,-38000,0,0,0,2000,40000,-38000,-38000
059219,旺宏元大99購12  ,0,0,0,0,0,0,0,0,0,-38000,0,0,0,0,38000,-38000,-38000
059905,A50正2元大9C購06,0,0,0,0,0,0,0,0,0,-38000,0,0,0,8000,46000,-38000,-38000
060029,嘉晶永豐99購03  ,0,0,0,0,0,0,0,0,0,-38000,0,0,0,43000,81000,-38000,-38000
058274,世紀鋼永豐99購01,0,0,0,0,0,0,0,0,0,-38000,0,0,0,196000,234000,-38000,-38000
062498,華通群益9C購04  ,0,0,0,0,0,0,0,0,0,-38000,0,0,0,0,38000,-38000,-38000
064921,景碩統一02購01  ,0,0,0,0,0,0,0,0,0,-38000,0,0,0,38000,76000,-38000,-38000
064200,華通兆豐01購01  ,0,0,0,0,0,0,0,0,0,-38000,0,0,0,50000,88000,-38000,-38000
062034,同欣電群益9B購01,0,0,0,0,0,0,0,0,0,-38000,0,0,0,22000,60000,-38000,-38000
064496,聯發科元大9C購10,0,0,0,0,0,0,0,0,0,-38000,0,0,0,5000,43000,-38000,-38000
062640,訊連國票9C購01  ,0,0,0,0,0,0,0,0,0,-38000,0,0,0,0,38000,-38000,-38000
063536,美食統一01購01  ,0,0,0,0,0,0,0,0,0,-38000,0,0,0,581000,619000,-38000,-38000
062721,美律凱基9B購02  ,0,0,0,0,0,0,0,0,0,-38000,0,0,0,0,38000,-38000,-38000
067405,超眾永豐01購01  ,0,0,0,0,0,0,0,0,0,-38000,0,0,0,0,38000,-38000,-38000
067690,惠特元大01購04  ,0,0,0,0,0,0,0,0,0,-38000,0,0,0,0,38000,-38000,-38000
068099,GIS富邦01購01   ,0,0,0,0,0,0,0,0,0,-38000,0,0,0,19000,57000,-38000,-38000
065308,葡萄王國票01購01,0,0,0,0,0,0,0,0,0,-38000,0,0,0,0,38000,-38000,-38000
6192,巨路            ,7000,39000,-32000,0,0,0,0,0,0,-6000,1000,7000,-6000,0,0,0,-38000
08884P,義隆國票02售01  ,0,0,0,0,0,0,0,0,0,-38000,0,0,0,52000,90000,-38000,-38000
08837P,牧德國票03售01  ,0,0,0,0,0,0,0,0,0,-38000,0,0,0,0,38000,-38000,-38000
068621,國巨群益02購03  ,0,0,0,0,0,0,0,0,0,-39000,0,0,0,0,39000,-39000,-39000
068931,聯發科永豐02購01,0,0,0,0,0,0,0,0,0,-39000,0,0,0,6000,45000,-39000,-39000
069046,國巨元富08購02  ,0,0,0,0,0,0,0,0,0,-39000,0,0,0,28000,67000,-39000,-39000
07886P,國巨國票9B售06  ,0,0,0,0,0,0,0,0,0,-39000,0,0,0,29000,68000,-39000,-39000
063287,嘉澤元大9B購05  ,0,0,0,0,0,0,0,0,0,-39000,0,0,0,11000,50000,-39000,-39000
061352,茂林元大9A購04  ,0,0,0,0,0,0,0,0,0,-39000,0,0,0,11000,50000,-39000,-39000
063705,臻鼎群益9B購03  ,0,0,0,0,0,0,0,0,0,-39000,0,0,0,0,39000,-39000,-39000
062587,國巨統一9B購13  ,0,0,0,0,0,0,0,0,0,-39000,0,0,0,1000,40000,-39000,-39000
063071,華新科富邦02購01,0,0,0,0,0,0,0,0,0,-39000,0,0,0,46000,85000,-39000,-39000
064976,景碩元大9C購01  ,0,0,0,0,0,0,0,0,0,-39000,0,0,0,11000,50000,-39000,-39000
066405,晶碩凱基01購01  ,0,0,0,0,0,0,0,0,0,-39000,0,0,0,161000,200000,-39000,-39000
066654,上証2X凱基03購02,0,0,0,0,0,0,0,0,0,-39000,0,0,0,0,39000,-39000,-39000
1466,聚隆            ,64000,104000,-40000,0,0,0,0,0,0,1000,5000,4000,1000,0,0,0,-39000
4564,元翎            ,388000,416000,-28000,0,0,0,0,0,0,-11000,0,11000,-11000,0,0,0,-39000
2495,普安            ,34000,82000,-48000,0,0,0,0,0,0,9000,9000,0,9000,0,0,0,-39000
07318P,鴻海凱基01售02  ,0,0,0,0,0,0,0,0,0,-40000,0,0,0,0,40000,-40000,-40000
069983,奇鋐凱基03購02  ,0,0,0,0,0,0,0,0,0,-40000,0,0,0,50000,90000,-40000,-40000
069534,創意群益04購01  ,0,0,0,0,0,0,0,0,0,-40000,0,0,0,5000,45000,-40000,-40000
069467,泰碩國票03購01  ,0,0,0,0,0,0,0,0,0,-40000,0,0,0,0,40000,-40000,-40000
069667,A50正2元大03購02,0,0,0,0,0,0,0,0,0,-40000,0,0,0,0,40000,-40000,-40000
069040,日月光統一02購01,0,0,0,0,0,0,0,0,0,-40000,0,0,0,10000,50000,-40000,-40000
069072,T50反1第一02購01,0,0,0,0,0,0,0,0,0,-40000,0,0,0,0,40000,-40000,-40000
069419,瑞儀統一03購01  ,0,0,0,0,0,0,0,0,0,-40000,0,0,0,6000,46000,-40000,-40000
068553,T50反1元大01購09,0,0,0,0,0,0,0,0,0,-40000,0,0,0,0,40000,-40000,-40000
068303,台積電國票01購08,0,0,0,0,0,0,0,0,0,-40000,0,0,0,0,40000,-40000,-40000
068304,台積電國票03購01,0,0,0,0,0,0,0,0,0,-40000,0,0,0,6000,46000,-40000,-40000
062534,力成統一01購01  ,0,0,0,0,0,0,0,0,0,-40000,0,0,0,0,40000,-40000,-40000
060894,奇力新凱基9A購03,0,0,0,0,0,0,0,0,0,-40000,0,0,0,40000,80000,-40000,-40000
058261,大立光富邦03購01,0,0,0,0,0,0,0,0,0,-40000,0,0,0,0,40000,-40000,-40000
060093,友達元大03購01  ,0,0,0,0,0,0,0,0,0,-40000,0,0,0,0,40000,-40000,-40000
058573,鴻海群益9A購02  ,0,0,0,0,0,0,0,0,0,-40000,0,0,0,0,40000,-40000,-40000
060474,中租元大9B購01  ,0,0,0,0,0,0,0,0,0,-40000,0,0,0,10000,50000,-40000,-40000
059247,可成凱基99購05  ,0,0,0,0,0,0,0,0,0,-40000,0,0,0,0,40000,-40000,-40000
056742,玉晶光凱基9A購01,0,0,0,0,0,0,0,0,0,-40000,0,0,0,0,40000,-40000,-40000
056573,華新科元大99購06,0,0,0,0,0,0,0,0,0,-40000,0,0,0,0,40000,-40000,-40000
042792,T50反1台新9C購01,0,0,0,0,0,0,0,0,0,-40000,0,0,0,0,40000,-40000,-40000
03359P,金像電群益02售04,0,0,0,0,0,0,0,0,0,-40000,0,0,0,0,40000,-40000,-40000
061047,大立光第一9A購01,0,0,0,0,0,0,0,0,0,-40000,0,0,0,0,40000,-40000,-40000
065141,國巨凱基9C購10  ,0,0,0,0,0,0,0,0,0,-40000,0,0,0,35000,75000,-40000,-40000
065116,臺股指國票9C購13,0,0,0,0,0,0,0,0,0,-40000,0,0,0,0,40000,-40000,-40000
064863,台積電永豐9C購01,0,0,0,0,0,0,0,0,0,-40000,0,0,0,0,40000,-40000,-40000
063597,健策中信9B購02  ,0,0,0,0,0,0,0,0,0,-40000,0,0,0,10000,50000,-40000,-40000
064210,台光電凱基03購01,0,0,0,0,0,0,0,0,0,-40000,0,0,0,0,40000,-40000,-40000
062213,和大統一9B購02  ,0,0,0,0,0,0,0,0,0,-40000,0,0,0,0,40000,-40000,-40000
063934,寶成統一02購01  ,0,0,0,0,0,0,0,0,0,-40000,0,0,0,0,40000,-40000,-40000
064182,臻鼎富邦01購01  ,0,0,0,0,0,0,0,0,0,-40000,0,0,0,0,40000,-40000,-40000
063799,華邦電凱基9C購02,0,0,0,0,0,0,0,0,0,-40000,0,0,0,0,40000,-40000,-40000
061304,創意永豐9A購02  ,0,0,0,0,0,0,0,0,0,-40000,0,0,0,25000,65000,-40000,-40000
063554,GIS國票9C購03   ,0,0,0,0,0,0,0,0,0,-40000,0,0,0,5000,45000,-40000,-40000
063296,可成麥證9B購01  ,0,0,0,0,40000,-40000,0,0,0,-40000,0,0,0,0,40000,-40000,-40000
062666,和碩群益9B購01  ,0,0,0,0,0,0,0,0,0,-40000,0,0,0,10000,50000,-40000,-40000
066421,國產元大01購01  ,0,0,0,0,0,0,0,0,0,-40000,0,0,0,2000,42000,-40000,-40000
065303,國泰金元富9C購01,0,0,0,0,0,0,0,0,0,-40000,0,0,0,17000,57000,-40000,-40000
065609,嘉澤元大01購02  ,0,0,0,0,0,0,0,0,0,-40000,0,0,0,0,40000,-40000,-40000
065720,義隆兆豐9C購03  ,0,0,0,0,0,0,0,0,0,-40000,0,0,0,20000,60000,-40000,-40000
067623,台積電富邦04購05,0,0,0,0,0,0,0,0,0,-40000,0,0,0,0,40000,-40000,-40000
067609,智易凱基01購01  ,0,0,0,0,0,0,0,0,0,-40000,0,0,0,6000,46000,-40000,-40000
067490,嘉澤元大01購04  ,0,0,0,0,0,0,0,0,0,-40000,0,0,0,15000,55000,-40000,-40000
067299,燿華元大01購03  ,0,0,0,0,0,0,0,0,0,-40000,0,0,0,0,40000,-40000,-40000
2423,固緯            ,3000,39000,-36000,0,0,0,0,0,0,-4000,1000,5000,-4000,0,0,0,-40000
2530,華建            ,48000,77000,-29000,0,0,0,0,0,0,-11000,0,11000,-11000,0,0,0,-40000
3010,華立            ,115000,157000,-42000,0,0,0,0,0,0,2000,2000,0,2000,0,0,0,-40000
3022,威強電          ,41000,81000,-40000,0,0,0,0,0,0,0,0,0,0,0,0,0,-40000
3518,柏騰            ,22000,63000,-41000,0,0,0,0,0,0,1000,2000,1000,1000,0,0,0,-40000
3058,立德            ,16000,54000,-38000,0,0,0,0,0,0,-2000,0,2000,-2000,0,0,0,-40000
5608,四維航          ,227000,270000,-43000,0,0,0,0,0,0,3000,4000,1000,3000,0,0,0,-40000
6525,捷敏-KY         ,12000,53000,-41000,0,0,0,0,0,0,1000,1000,0,1000,0,0,0,-40000
1701,中化            ,337000,385000,-48000,0,0,0,0,0,0,8000,0,31000,-31000,39000,0,39000,-40000
08784P,上証2X元富01售01,0,0,0,0,0,0,0,0,0,-40000,0,0,0,110000,150000,-40000,-40000
08842P,京鼎凱基01售03  ,0,0,0,0,0,0,0,0,0,-40000,0,0,0,220000,260000,-40000,-40000
08921P,台灣50國泰03售01,0,0,0,0,0,0,0,0,0,-40000,0,0,0,100000,140000,-40000,-40000
9924,福興            ,11000,46000,-35000,0,0,0,0,0,0,-5000,0,5000,-5000,0,0,0,-40000
068366,泰碩國泰03購02  ,0,0,0,0,0,0,0,0,0,-41000,0,0,0,50000,91000,-41000,-41000
068282,信邦中信03購01  ,0,0,0,0,0,0,0,0,0,-41000,0,0,0,14000,55000,-41000,-41000
068569,健策元大01購13  ,0,0,0,0,0,0,0,0,0,-41000,0,0,0,71000,112000,-41000,-41000
068804,大立光群益02購05,0,0,0,0,0,0,0,0,0,-41000,0,0,0,0,41000,-41000,-41000
068806,景碩群益03購01  ,0,0,0,0,0,0,0,0,0,-41000,0,0,0,30000,71000,-41000,-41000
069715,超眾國票02購01  ,0,0,0,0,0,0,0,0,0,-41000,0,0,0,12000,53000,-41000,-41000
069507,泰碩永豐02購01  ,0,0,0,0,0,0,0,0,0,-41000,0,0,0,0,41000,-41000,-41000
069962,興勤中信02購01  ,0,0,0,0,0,0,0,0,0,-41000,0,0,0,0,41000,-41000,-41000
07775P,國巨群益9A售10  ,0,0,0,0,0,0,0,0,0,-41000,0,0,0,0,41000,-41000,-41000
08117P,聯發科元富9B售04,0,0,0,0,0,0,0,0,0,-41000,0,0,0,0,41000,-41000,-41000
08598P,立積元大9C售04  ,0,0,0,0,0,0,0,0,0,-41000,0,0,0,81000,122000,-41000,-41000
08296P,同欣電元大9C售04,0,0,0,0,0,0,0,0,0,-41000,0,0,0,290000,331000,-41000,-41000
052328,台表科中信99購01,0,0,0,0,0,0,0,0,0,-41000,0,0,0,0,41000,-41000,-41000
03498P,矽創凱基02售02  ,0,0,0,0,0,0,0,0,0,-41000,0,0,0,30000,71000,-41000,-41000
059334,A50正2國票9A購02,0,0,0,0,0,0,0,0,0,-41000,0,0,0,0,41000,-41000,-41000
059493,國巨國票9B購01  ,0,0,0,0,0,0,0,0,0,-41000,0,0,0,0,41000,-41000,-41000
062543,華通富邦9C購01  ,0,0,0,0,0,0,0,0,0,-41000,0,0,0,10000,51000,-41000,-41000
063234,國巨元大9C購03  ,0,0,0,0,0,0,0,0,0,-41000,0,0,0,0,41000,-41000,-41000
063911,大立光凱基9C購03,0,0,0,0,0,0,0,0,0,-41000,0,0,0,0,41000,-41000,-41000
061974,光寶科元大9B購01,0,0,0,0,0,0,0,0,0,-41000,0,0,0,43000,84000,-41000,-41000
064982,新唐元大9C購01  ,0,0,0,0,0,0,0,0,0,-41000,0,0,0,14000,55000,-41000,-41000
065011,智邦國泰02購01  ,0,0,0,0,0,0,0,0,0,-41000,0,0,0,61000,102000,-41000,-41000
065752,正崴元大9C購01  ,0,0,0,0,0,0,0,0,0,-41000,0,0,0,15000,56000,-41000,-41000
066137,智易群益01購01  ,0,0,0,0,0,0,0,0,0,-41000,0,0,0,5000,46000,-41000,-41000
1906,寶隆            ,29000,75000,-46000,0,0,0,0,0,0,5000,5000,0,5000,0,0,0,-41000
3060,銘異            ,66000,108000,-42000,0,0,0,0,0,0,1000,1000,0,1000,0,0,0,-41000
2816,旺旺保          ,21179,57000,-35821,0,0,0,0,0,0,-6000,0,6000,-6000,0,0,0,-41821
08608P,臺股指富邦9C售06,0,0,0,0,0,0,0,0,0,-42000,0,0,0,0,42000,-42000,-42000
08123P,台表科國票9C售01,0,0,0,0,0,0,0,0,0,-42000,0,0,0,10000,52000,-42000,-42000
07070P,晶相光元富99售01,0,0,0,0,0,0,0,0,0,-42000,0,0,0,2000,44000,-42000,-42000
069844,欣興群益02購10  ,0,0,0,0,0,0,0,0,0,-42000,0,0,0,0,42000,-42000,-42000
06992P,玉晶光日盛9B售01,0,0,0,0,0,0,0,0,0,-42000,0,0,0,0,42000,-42000,-42000
068465,致茂永豐01購03  ,0,0,0,0,0,0,0,0,0,-42000,0,0,0,40000,82000,-42000,-42000
068472,聯發科群益01購12,0,0,0,0,0,0,0,0,0,-42000,0,0,0,51000,93000,-42000,-42000
060884,超眾中信9B購01  ,0,0,0,0,0,0,0,0,0,-42000,0,0,0,140000,182000,-42000,-42000
059284,緯穎永豐99購03  ,0,0,0,0,0,0,0,0,0,-42000,0,0,0,0,42000,-42000,-42000
03290P,亞德客元大02售01,0,0,0,0,0,0,0,0,0,-42000,0,0,0,0,42000,-42000,-42000
063627,上銀元大9B購09  ,0,0,0,0,0,0,0,0,0,-42000,0,0,0,254000,296000,-42000,-42000
064725,緯創統一02購01  ,0,0,0,0,0,0,0,0,0,-42000,0,0,0,2000,44000,-42000,-42000
061716,瑞儀凱基9B購01  ,0,0,0,0,0,0,0,0,0,-42000,0,0,0,28000,70000,-42000,-42000
063124,奇力新元大9B購05,0,0,0,0,0,0,0,0,0,-42000,0,0,0,0,42000,-42000,-42000
061237,晶技元大9A購01  ,0,0,0,0,0,0,0,0,0,-42000,0,0,0,8000,50000,-42000,-42000
066540,景碩兆豐01購02  ,0,0,0,0,0,0,0,0,0,-42000,0,0,0,174000,216000,-42000,-42000
066620,長興凱基01購01  ,0,0,0,0,0,0,0,0,0,-42000,0,0,0,36000,78000,-42000,-42000
065761,中租元大9C購02  ,0,0,0,0,0,0,0,0,0,-42000,0,0,0,157000,199000,-42000,-42000
065745,裕隆元大9C購03  ,0,0,0,0,0,0,0,0,0,-42000,0,0,0,24000,66000,-42000,-42000
065711,矽格群益9C購02  ,0,0,0,0,0,0,0,0,0,-42000,0,0,0,18000,60000,-42000,-42000
066771,滬深2X富邦02購01,0,0,0,0,0,0,0,0,0,-42000,0,0,0,0,42000,-42000,-42000
067577,FBVIX群益01購02 ,0,0,0,0,0,0,0,0,0,-42000,0,0,0,0,42000,-42000,-42000
8462,柏文            ,13000,27000,-14000,0,0,0,0,0,0,-28000,0,2000,-2000,0,26000,-26000,-42000
4104,佳醫            ,21000,71000,-50000,0,0,0,0,0,0,8000,18000,10000,8000,0,0,0,-42000
1316,上曜            ,19000,61000,-42000,0,0,0,0,0,0,0,0,0,0,0,0,0,-42000
068803,國揚群益03購01  ,0,0,0,0,0,0,0,0,0,-43000,0,0,0,0,43000,-43000,-43000
068781,欣興國票03購03  ,0,0,0,0,0,0,0,0,0,-43000,0,0,0,137000,180000,-43000,-43000
069279,玉晶光永豐02購01,0,0,0,0,0,0,0,0,0,-43000,0,0,0,1000,44000,-43000,-43000
069878,美律國票03購02  ,0,0,0,0,0,0,0,0,0,-43000,0,0,0,0,43000,-43000,-43000
08215P,旺宏群益9B售04  ,0,0,0,0,0,0,0,0,0,-43000,0,0,0,30000,73000,-43000,-43000
07966P,瑞祺群益9B售02  ,0,0,0,0,0,0,0,0,0,-43000,0,0,0,2000,45000,-43000,-43000
08354P,旺宏元大9C售05  ,0,0,0,0,0,0,0,0,0,-43000,0,0,0,50000,93000,-43000,-43000
056404,嘉聯益群益9A購01,0,0,0,0,0,0,0,0,0,-43000,0,0,0,22000,65000,-43000,-43000
03534P,臺股指凱基02售13,0,0,0,0,0,0,0,0,0,-43000,0,0,0,0,43000,-43000,-43000
03696C,臺股指元大9B牛44,0,0,0,0,0,0,0,0,0,-43000,0,0,0,42000,85000,-43000,-43000
03465P,欣興元富02售04  ,0,0,0,0,0,0,0,0,0,-43000,0,0,0,23000,66000,-43000,-43000
03364P,金像電元大02售05,0,0,0,0,0,0,0,0,0,-43000,0,0,0,120000,163000,-43000,-43000
059947,貿聯永豐99購03  ,0,0,0,0,0,0,0,0,0,-43000,0,0,0,208000,251000,-43000,-43000
059853,超眾永豐99購03  ,0,0,0,0,0,0,0,0,0,-43000,0,0,0,0,43000,-43000,-43000
059661,大立光元大99購22,0,0,0,0,0,0,0,0,0,-43000,0,0,0,0,43000,-43000,-43000
063342,台光電統一9B購02,0,0,0,0,0,0,0,0,0,-43000,0,0,0,3000,46000,-43000,-43000
063034,致茂凱基9B購01  ,0,0,0,0,0,0,0,0,0,-43000,0,0,0,0,43000,-43000,-43000
064276,聯發科元大9C購07,0,0,0,0,0,0,0,0,0,-43000,0,0,0,6000,49000,-43000,-43000
062275,燿華群益9B購01  ,0,0,0,0,0,0,0,0,0,-43000,0,0,0,12000,55000,-43000,-43000
061557,台積電國票9C購02,0,0,0,0,0,0,0,0,0,-43000,0,0,0,9000,52000,-43000,-43000
067635,超眾永豐01購02  ,0,0,0,0,0,0,0,0,0,-43000,0,0,0,13000,56000,-43000,-43000
068111,大成鋼元富07購01,0,0,0,0,0,0,0,0,0,-43000,0,0,0,2000,45000,-43000,-43000
066651,創意康和01購04  ,0,0,0,0,0,0,0,0,0,-43000,0,0,0,10000,53000,-43000,-43000
2547,日勝生          ,183000,258280,-75280,0,0,0,0,0,0,32000,42000,10000,32000,0,0,0,-43280
08160P,茂林元富9B售03  ,0,0,0,0,0,0,0,0,0,-44000,0,0,0,161000,205000,-44000,-44000
068841,華通統一02購01  ,0,0,0,0,0,0,0,0,0,-44000,0,0,0,34000,78000,-44000,-44000
068624,聯發科群益02購08,0,0,0,0,0,0,0,0,0,-44000,0,0,0,169000,213000,-44000,-44000
058318,致茂永豐9A購01  ,0,0,0,0,0,0,0,0,0,-44000,0,0,0,60000,104000,-44000,-44000
061619,大立光群益9B購01,0,0,0,0,0,0,0,0,0,-44000,0,0,0,4000,48000,-44000,-44000
03125P,台積電凱基01售24,0,0,0,0,0,0,0,0,0,-44000,0,0,0,56000,100000,-44000,-44000
062289,緯穎群益9B購01  ,0,0,0,0,0,0,0,0,0,-44000,0,0,0,78000,122000,-44000,-44000
064199,南六群益01購01  ,0,0,0,0,0,0,0,0,0,-44000,0,0,0,0,44000,-44000,-44000
062076,美律元大9B購02  ,0,0,0,0,0,0,0,0,0,-44000,0,0,0,0,44000,-44000,-44000
062171,中磊永豐9B購01  ,0,0,0,0,0,0,0,0,0,-44000,0,0,0,550000,594000,-44000,-44000
066182,康控凱基01購01  ,0,0,0,0,0,0,0,0,0,-44000,0,0,0,0,44000,-44000,-44000
065726,京元電凱基9C購02,0,0,0,0,0,0,0,0,0,-44000,0,0,0,66000,110000,-44000,-44000
065645,嘉晶元大01購02  ,0,0,0,0,0,0,0,0,0,-44000,0,0,0,85000,129000,-44000,-44000
065364,國巨元大9C購18  ,0,0,0,0,0,0,0,0,0,-44000,0,0,0,24000,68000,-44000,-44000
2546,根基            ,17000,59000,-42000,0,0,0,0,0,0,-2000,1000,3000,-2000,0,0,0,-44000
3031,佰鴻            ,32000,75000,-43000,0,0,0,0,0,0,-1000,1000,2000,-1000,0,0,0,-44000
4306,炎洲            ,318000,379000,-61000,0,0,0,0,0,0,17000,23000,6000,17000,0,0,0,-44000
4438,廣越            ,10000,31000,-21000,0,0,0,0,23000,-23000,0,0,0,0,0,0,0,-44000
5907,大洋-KY         ,18000,39000,-21000,0,0,0,0,0,0,-23000,0,23000,-23000,0,0,0,-44000
068920,台積電元富08購10,0,0,0,0,0,0,0,0,0,-45000,0,0,0,0,45000,-45000,-45000
07923P,元金2X凱基02售02,0,0,0,0,0,0,0,0,0,-45000,0,0,0,1000,46000,-45000,-45000
08528P,台勝科元大9C售02,0,0,0,0,0,0,0,0,0,-45000,0,0,0,56000,101000,-45000,-45000
069509,道瓊銀凱基04購02,0,0,0,0,0,0,0,0,0,-45000,0,0,0,24000,69000,-45000,-45000
062500,國巨群益01購01  ,0,0,0,0,0,0,0,0,0,-45000,0,0,0,58000,103000,-45000,-45000
062509,SP黃豆國票9B購03,0,0,0,0,0,0,0,0,0,-45000,0,0,0,0,45000,-45000,-45000
064264,智伸科永豐9C購01,0,0,0,0,0,0,0,0,0,-45000,0,0,0,183000,228000,-45000,-45000
060955,大立光群益9A購02,0,0,0,0,0,0,0,0,0,-45000,0,0,0,9000,54000,-45000,-45000
064831,宏達電統一02購01,0,0,0,0,0,0,0,0,0,-45000,0,0,0,10000,55000,-45000,-45000
063051,仁寶統一01購01  ,0,0,0,0,0,0,0,0,0,-45000,0,0,0,118000,163000,-45000,-45000
063460,智邦元大9B購08  ,0,0,0,0,0,0,0,0,0,-45000,0,0,0,27000,72000,-45000,-45000
064672,同欣電元大01購01,0,0,0,0,0,0,0,0,0,-45000,0,0,0,42000,87000,-45000,-45000
063325,SP黃豆國票9C購02,0,0,0,0,0,0,0,0,0,-45000,0,0,0,0,45000,-45000,-45000
061298,華新科富邦01購02,0,0,0,0,0,0,0,0,0,-45000,0,0,0,10000,55000,-45000,-45000
065343,智邦統一01購03  ,0,0,0,0,0,0,0,0,0,-45000,0,0,0,206000,251000,-45000,-45000
066203,景碩統一03購01  ,0,0,0,0,0,0,0,0,0,-45000,0,0,0,141000,186000,-45000,-45000
066126,南港群益01購01  ,0,0,0,0,0,0,0,0,0,-45000,0,0,0,10000,55000,-45000,-45000
067840,滬深2X元富04購02,0,0,0,0,0,0,0,0,0,-45000,0,0,0,5000,50000,-45000,-45000
067474,華邦電元大01購02,0,0,0,0,0,0,0,0,0,-45000,0,0,0,13000,58000,-45000,-45000
1734,杏輝            ,654000,738000,-84000,0,0,0,0,0,0,39000,43000,4000,39000,0,0,0,-45000
08927P,技嘉元富07售04  ,0,0,0,0,0,0,0,0,0,-45000,0,0,0,20000,65000,-45000,-45000
07570P,旺宏凱基9A售04  ,0,0,0,0,0,0,0,0,0,-46000,0,0,0,0,46000,-46000,-46000
08522P,智邦元大9C售08  ,0,0,0,0,0,0,0,0,0,-46000,0,0,0,5000,51000,-46000,-46000
08392P,上銀群益9C售01  ,0,0,0,0,0,0,0,0,0,-46000,0,0,0,3000,49000,-46000,-46000
08244P,同欣電凱基9C售03,0,0,0,0,0,0,0,0,0,-46000,0,0,0,20000,66000,-46000,-46000
064089,新日興凱基02購01,0,0,0,0,0,0,0,0,0,-46000,0,0,0,4000,50000,-46000,-46000
059957,中信金康和99購01,0,0,0,0,0,0,0,0,0,-46000,0,0,0,0,46000,-46000,-46000
03337P,華邦電國票04售01,0,0,0,0,0,0,0,0,0,-46000,0,0,0,0,46000,-46000,-46000
03294P,欣興永豐02售01  ,0,0,0,0,0,0,0,0,0,-46000,0,0,0,74000,120000,-46000,-46000
03323P,牧德凱基02售03  ,0,0,0,0,0,0,0,0,0,-46000,0,0,0,0,46000,-46000,-46000
03548P,美律凱基02售03  ,0,0,0,0,0,0,0,0,0,-46000,0,0,0,0,46000,-46000,-46000
064396,創意永豐9C購01  ,0,0,0,0,0,0,0,0,0,-46000,0,0,0,12000,58000,-46000,-46000
064177,立積國泰01購01  ,0,0,0,0,0,0,0,0,0,-46000,0,0,0,2000,48000,-46000,-46000
062280,大立光群益9C購01,0,0,0,0,0,0,0,0,0,-46000,0,0,0,0,46000,-46000,-46000
067699,奇鋐國票02購03  ,0,0,0,0,0,0,0,0,0,-46000,0,0,0,45000,91000,-46000,-46000
067959,嘉聯益永豐01購01,0,0,0,0,0,0,0,0,0,-46000,0,0,0,0,46000,-46000,-46000
066795,台積電凱基02購07,0,0,0,0,0,0,0,0,0,-46000,0,0,0,0,46000,-46000,-46000
066703,聯詠群益01購02  ,0,0,0,0,0,0,0,0,0,-46000,0,0,0,145000,191000,-46000,-46000
066430,台郡元大01購01  ,0,0,0,0,0,0,0,0,0,-46000,0,0,0,5000,51000,-46000,-46000
065569,智邦群益01購01  ,0,0,0,0,0,0,0,0,0,-46000,0,0,0,39000,85000,-46000,-46000
065846,華新科元大03購01,0,0,0,0,0,0,0,0,0,-46000,0,0,0,32000,78000,-46000,-46000
08825P,義隆元大01售04  ,0,0,0,0,0,0,0,0,0,-46000,0,0,0,18000,64000,-46000,-46000
08675P,旺宏群益01售03  ,0,0,0,0,0,0,0,0,0,-46000,0,0,0,75000,121000,-46000,-46000
3588,通嘉            ,62000,108000,-46000,0,0,0,0,0,0,0,0,0,0,0,0,0,-46000
08391P,智邦凱基02售02  ,0,0,0,0,0,0,0,0,0,-47000,0,0,0,27000,74000,-47000,-47000
068606,聯發科凱基01購26,0,0,0,0,0,0,0,0,0,-47000,0,0,0,12000,59000,-47000,-47000
03662C,FBVIX凱基03牛01 ,0,0,0,0,0,0,0,0,0,-47000,0,0,0,31000,78000,-47000,-47000
03487P,台積電第一02售01,0,0,0,0,0,0,0,0,0,-47000,0,0,0,123000,170000,-47000,-47000
061000,旺宏兆豐9A購02  ,0,0,0,0,0,0,0,0,0,-47000,0,0,0,203000,250000,-47000,-47000
061626,超眾群益9A購02  ,0,0,0,0,0,0,0,0,0,-47000,0,0,0,23000,70000,-47000,-47000
064615,智邦元大01購01  ,0,0,0,0,0,0,0,0,0,-47000,0,0,0,5000,52000,-47000,-47000
064759,景碩凱基9C購01  ,0,0,0,0,0,0,0,0,0,-47000,0,0,0,25000,72000,-47000,-47000
063645,瑞儀元大9B購02  ,0,0,0,0,0,0,0,0,0,-47000,0,0,0,16000,63000,-47000,-47000
064283,奇鋐元大9C購02  ,0,0,0,0,0,0,0,0,0,-47000,0,0,0,46000,93000,-47000,-47000
065363,國巨元大01購04  ,0,0,0,0,0,0,0,0,0,-47000,0,0,0,25000,72000,-47000,-47000
067227,T50反1群益01購06,0,0,0,0,0,0,0,0,0,-47000,0,0,0,8000,55000,-47000,-47000
067177,日月光麥證01購02,0,0,0,44000,75000,-31000,0,0,0,-47000,0,0,0,44000,91000,-47000,-47000
6108,競國            ,29000,53000,-24000,0,0,0,0,0,0,-23000,1000,24000,-23000,0,0,0,-47000
2462,良得電          ,1000,44000,-43000,0,0,0,0,0,0,-4000,2000,6000,-4000,0,0,0,-47000
068357,富邦金凱基01購01,0,0,0,0,0,0,0,0,0,-48000,0,0,0,174000,222000,-48000,-48000
069177,南電元大03購01  ,0,0,0,0,0,0,0,0,0,-48000,0,0,0,288000,336000,-48000,-48000
08590P,智邦凱基9C售04  ,0,0,0,0,0,0,0,0,0,-48000,0,0,0,122000,170000,-48000,-48000
08177P,金像電元大9B售02,0,0,0,0,0,0,0,0,0,-48000,0,0,0,0,48000,-48000,-48000
069473,百和國票03購01  ,0,0,0,0,0,0,0,0,0,-48000,0,0,0,51000,99000,-48000,-48000
058078,景碩國票99購01  ,0,0,0,0,0,0,0,0,0,-48000,0,0,0,0,48000,-48000,-48000
059262,致茂中信01購01  ,0,0,0,0,0,0,0,0,0,-48000,0,0,0,0,48000,-48000,-48000
058645,康控富邦01購01  ,0,0,0,0,0,0,0,0,0,-48000,0,0,0,373000,421000,-48000,-48000
060341,國巨統一9C購02  ,0,0,0,0,0,0,0,0,0,-48000,0,0,0,0,48000,-48000,-48000
059829,超眾凱基99購05  ,0,0,0,0,0,0,0,0,0,-48000,0,0,0,2000,50000,-48000,-48000
056767,大毅元大99購01  ,0,0,0,0,0,0,0,0,0,-48000,0,0,0,2000,50000,-48000,-48000
03107P,台積電元大01售39,0,0,0,0,0,0,0,0,0,-48000,0,0,0,104000,152000,-48000,-48000
03047P,矽創國票03售01  ,0,0,0,0,0,0,0,0,0,-48000,0,0,0,88000,136000,-48000,-48000
064136,致新元大9C購01  ,0,0,0,0,0,0,0,0,0,-48000,0,0,0,2000,50000,-48000,-48000
062574,美食群益9B購02  ,0,0,0,0,0,0,0,0,0,-48000,0,0,0,100000,148000,-48000,-48000
065264,亞光元大9C購02  ,0,0,0,0,0,0,0,0,0,-48000,0,0,0,63000,111000,-48000,-48000
062434,華通元大9B購04  ,0,0,0,0,0,0,0,0,0,-48000,0,0,0,2000,50000,-48000,-48000
062148,奇鋐國票9B購01  ,0,0,0,0,0,0,0,0,0,-48000,0,0,0,84000,132000,-48000,-48000
062787,超眾元大9C購02  ,0,0,0,0,0,0,0,0,0,-48000,0,0,0,18000,66000,-48000,-48000
067185,宏達電凱基02購01,0,0,0,0,0,0,0,0,0,-48000,0,0,0,26000,74000,-48000,-48000
067787,致伸群益03購01  ,0,0,0,0,0,0,0,0,0,-48000,0,0,0,12000,60000,-48000,-48000
067559,高鐵國票02購01  ,0,0,0,0,0,0,0,0,0,-48000,0,0,0,0,48000,-48000,-48000
065857,嘉聯益元大9C購03,0,0,0,0,0,0,0,0,0,-48000,0,0,0,9000,57000,-48000,-48000
065794,麗豐永豐9C購01  ,0,0,0,0,0,0,0,0,0,-48000,0,0,0,0,48000,-48000,-48000
06658P,台灣50富邦9C售01,0,0,0,0,0,0,0,0,0,-48000,0,0,0,45000,93000,-48000,-48000
066318,友訊永豐01購01  ,0,0,0,0,0,0,0,0,0,-48000,0,0,0,30000,78000,-48000,-48000
08958P,鴻海凱基01售08  ,0,0,0,0,0,0,0,0,0,-48000,0,0,0,69000,117000,-48000,-48000
069811,國產國票03購02  ,0,0,0,0,0,0,0,0,0,-49000,0,0,0,56000,105000,-49000,-49000
060652,滬深2X群益9C購04,0,0,0,0,0,0,0,0,0,-49000,0,0,0,0,49000,-49000,-49000
03413P,華擎元大02售02  ,0,0,0,0,0,0,0,0,0,-49000,0,0,0,15000,64000,-49000,-49000
03475P,欣興元大02售13  ,0,0,0,0,0,0,0,0,0,-49000,0,0,0,1000,50000,-49000,-49000
059850,日電貿永豐99購01,0,0,0,0,0,0,0,0,0,-49000,0,0,0,1000,50000,-49000,-49000
060246,晶相光元大9C購03,0,0,0,0,0,0,0,0,0,-49000,0,0,0,6000,55000,-49000,-49000
063605,健策凱基9C購02  ,0,0,0,0,0,0,0,0,0,-49000,0,0,0,30000,79000,-49000,-49000
064803,智邦元大9C購05  ,0,0,0,0,0,0,0,0,0,-49000,0,0,0,123000,172000,-49000,-49000
064879,健策兆豐01購01  ,0,0,0,0,0,0,0,0,0,-49000,0,0,0,11000,60000,-49000,-49000
063945,京元電元大9C購01,0,0,0,0,0,0,0,0,0,-49000,0,0,0,0,49000,-49000,-49000
061326,新日興凱基9B購01,0,0,0,0,0,0,0,0,0,-49000,0,0,0,15000,64000,-49000,-49000
064365,美食統一01購02  ,0,0,0,0,0,0,0,0,0,-49000,0,0,0,12000,61000,-49000,-49000
066125,得力群益01購01  ,0,0,0,0,0,0,0,0,0,-49000,0,0,0,1000,50000,-49000,-49000
065880,訊芯群益9C購01  ,0,0,0,0,0,0,0,0,0,-49000,0,0,0,351000,400000,-49000,-49000
065479,新日興元大9C購05,0,0,0,0,0,0,0,0,0,-49000,0,0,0,1000,50000,-49000,-49000
067565,聯發科日盛01購01,0,0,0,0,0,0,0,0,0,-49000,0,0,0,87000,136000,-49000,-49000
4141,龍燈-KY         ,11000,60000,-49000,0,0,0,0,0,0,0,0,0,0,0,0,0,-49000
07293P,臺股指凱基99售45,0,0,0,0,0,0,0,0,0,-50000,0,0,0,0,50000,-50000,-50000
069499,FBVIX國泰04購01 ,0,0,0,0,0,0,0,0,0,-50000,0,0,0,50000,100000,-50000,-50000
08173P,金像電凱基9B售02,0,0,0,0,0,0,0,0,0,-50000,0,0,0,10000,60000,-50000,-50000
08083P,健策元大9C售05  ,0,0,0,0,0,0,0,0,0,-50000,0,0,0,0,50000,-50000,-50000
08084P,台表科元大9B售06,0,0,0,0,0,0,0,0,0,-50000,0,0,0,50000,100000,-50000,-50000
07975P,國巨元大9B售15  ,0,0,0,0,0,0,0,0,0,-50000,0,0,0,70000,120000,-50000,-50000
07955P,大成鋼群益9B售02,0,0,0,0,0,0,0,0,0,-50000,0,0,0,60000,110000,-50000,-50000
08571P,台積電兆豐9C售06,0,0,0,0,0,0,0,0,0,-50000,0,0,0,0,50000,-50000,-50000
08459P,聯發科兆豐9C售04,0,0,0,0,0,0,0,0,0,-50000,0,0,0,0,50000,-50000,-50000
069313,中磊凱基02購01  ,0,0,0,0,0,0,0,0,0,-50000,0,0,0,212000,262000,-50000,-50000
069404,華通統一04購02  ,0,0,0,0,0,0,0,0,0,-50000,0,0,0,60000,110000,-50000,-50000
069098,聯發科統一03購13,0,0,0,0,0,0,0,0,0,-50000,0,0,0,0,50000,-50000,-50000
068584,帆宣永豐01購03  ,0,0,0,0,0,0,0,0,0,-50000,0,0,0,0,50000,-50000,-50000
068544,台積電兆豐03購04,0,0,0,0,0,0,0,0,0,-50000,0,0,0,120000,170000,-50000,-50000
068503,同欣電元大01購06,0,0,0,0,0,0,0,0,0,-50000,0,0,0,0,50000,-50000,-50000
059833,緯穎康和99購01  ,0,0,0,0,0,0,0,0,0,-50000,0,0,0,1000,51000,-50000,-50000
03464P,信邦元富02售01  ,0,0,0,0,0,0,0,0,0,-50000,0,0,0,50000,100000,-50000,-50000
03521P,欣興元大02售16  ,0,0,0,0,0,0,0,0,0,-50000,0,0,0,0,50000,-50000,-50000
05174P,元金2X富邦9B售01,0,0,0,0,0,0,0,0,0,-50000,0,0,0,0,50000,-50000,-50000
057445,華通元富02購01  ,0,0,0,0,0,0,0,0,0,-50000,0,0,0,0,50000,-50000,-50000
059036,可成群益9B購03  ,0,0,0,0,0,0,0,0,0,-50000,0,0,0,0,50000,-50000,-50000
03332P,台積電元大02售17,0,0,0,0,0,0,0,0,0,-50000,0,0,0,600000,650000,-50000,-50000
057292,國巨國泰9B購01  ,0,0,0,0,0,0,0,0,0,-50000,0,0,0,130000,180000,-50000,-50000
057228,友達凱基9B購01  ,0,0,0,0,0,0,0,0,0,-50000,0,0,0,0,50000,-50000,-50000
03178P,台積電群益01售23,0,0,0,0,0,0,0,0,0,-50000,0,0,0,10000,60000,-50000,-50000
063166,超眾永豐9B購01  ,0,0,0,0,0,0,0,0,0,-50000,0,0,0,4000,54000,-50000,-50000
061241,晶技兆豐9A購01  ,0,0,0,0,0,0,0,0,0,-50000,0,0,0,0,50000,-50000,-50000
064400,大成鋼凱基01購01,0,0,0,0,0,0,0,0,0,-50000,0,0,0,0,50000,-50000,-50000
063189,臻鼎凱基9B購01  ,0,0,0,0,0,0,0,0,0,-50000,0,0,0,7000,57000,-50000,-50000
064378,群創元富9C購01  ,0,0,0,0,0,0,0,0,0,-50000,0,0,0,0,50000,-50000,-50000
064419,鴻海兆豐9C購01  ,0,0,0,0,0,0,0,0,0,-50000,0,0,0,50000,100000,-50000,-50000
063566,台光電元大9B購08,0,0,0,0,0,0,0,0,0,-50000,0,0,0,0,50000,-50000,-50000
063534,鴻海統一9B購07  ,0,0,0,0,0,0,0,0,0,-50000,0,0,0,30000,80000,-50000,-50000
063940,國巨元大01購02  ,0,0,0,0,0,0,0,0,0,-50000,0,0,0,18000,68000,-50000,-50000
063941,國巨元大9C購12  ,0,0,0,0,0,0,0,0,0,-50000,0,0,0,5000,55000,-50000,-50000
064275,台光電元大9C購03,0,0,0,0,0,0,0,0,0,-50000,0,0,0,0,50000,-50000,-50000
064131,群創元大01購02  ,0,0,0,0,0,0,0,0,0,-50000,0,0,0,11000,61000,-50000,-50000
063756,鴻海統一9B購09  ,0,0,0,0,0,0,0,0,0,-50000,0,0,0,0,50000,-50000,-50000
064837,TPK統一9C購02   ,0,0,0,0,0,0,0,0,0,-50000,0,0,0,5000,55000,-50000,-50000
064629,和潤元大9C購01  ,0,0,0,0,0,0,0,0,0,-50000,0,0,0,17000,67000,-50000,-50000
062835,瑞儀群益9B購01  ,0,0,0,0,0,0,0,0,0,-50000,0,0,0,0,50000,-50000,-50000
061923,友達凱基9B購04  ,0,0,0,0,0,0,0,0,0,-50000,0,0,0,0,50000,-50000,-50000
062734,臺指反國票9C購03,0,0,0,0,0,0,0,0,0,-50000,0,0,0,0,50000,-50000,-50000
061567,華通元大9A購11  ,0,0,0,0,0,0,0,0,0,-50000,0,0,0,8000,58000,-50000,-50000
061503,臻鼎國票9B購01  ,0,0,0,0,0,0,0,0,0,-50000,0,0,0,10000,60000,-50000,-50000
062222,華新科統一9B購04,0,0,0,0,0,0,0,0,0,-50000,0,0,0,0,50000,-50000,-50000
062450,臻鼎元大9B購02  ,0,0,0,0,0,0,0,0,0,-50000,0,0,0,2000,52000,-50000,-50000
062362,致茂元大9B購01  ,0,0,0,0,0,0,0,0,0,-50000,0,0,0,0,50000,-50000,-50000
067533,瑞昱群益01購02  ,0,0,0,0,0,0,0,0,0,-50000,0,0,0,23000,73000,-50000,-50000
067869,玉晶光元大01購05,0,0,0,0,0,0,0,0,0,-50000,0,0,0,0,50000,-50000,-50000
067173,京鼎兆豐01購01  ,0,0,0,0,0,0,0,0,0,-50000,0,0,0,0,50000,-50000,-50000
067213,大立光元大01購11,0,0,0,0,0,0,0,0,0,-50000,0,0,0,0,50000,-50000,-50000
066767,敦泰永豐01購02  ,0,0,0,0,0,0,0,0,0,-50000,0,0,0,0,50000,-50000,-50000
067055,上証2X元大01購03,0,0,0,0,0,0,0,0,0,-50000,0,0,0,0,50000,-50000,-50000
065345,台光電統一01購04,0,0,0,0,0,0,0,0,0,-50000,0,0,0,11000,61000,-50000,-50000
065291,日電貿群益01購01,0,0,0,0,0,0,0,0,0,-50000,0,0,0,13000,63000,-50000,-50000
065996,T50反1第一01購01,0,0,0,0,0,0,0,0,0,-50000,0,0,0,0,50000,-50000,-50000
065775,神隆國泰03購01  ,0,0,0,0,0,0,0,0,0,-50000,0,0,0,24000,74000,-50000,-50000
066047,嘉晶元大01購04  ,0,0,0,0,0,0,0,0,0,-50000,0,0,0,139000,189000,-50000,-50000
066143,惠特群益01購01  ,0,0,0,0,0,0,0,0,0,-50000,0,0,0,0,50000,-50000,-50000
066224,眾達國泰03購01  ,0,0,0,0,0,0,0,0,0,-50000,0,0,0,220000,270000,-50000,-50000
066655,上証2X凱基03購03,0,0,0,0,0,0,0,0,0,-50000,0,0,0,0,50000,-50000,-50000
066464,台郡統一02購02  ,0,0,0,0,0,0,0,0,0,-50000,0,0,0,0,50000,-50000,-50000
08925P,國巨元富07售10  ,0,0,0,0,0,0,0,0,0,-50000,0,0,0,0,50000,-50000,-50000
08641P,台灣50群益9C售08,0,0,0,0,0,0,0,0,0,-50000,0,0,0,0,50000,-50000,-50000
1315,達新            ,35000,80000,-45000,0,0,0,0,0,0,-5000,0,1000,-1000,0,4000,-4000,-50000
068989,瑞昱永豐02購01  ,0,0,0,0,0,0,0,0,0,-51000,0,0,0,1000,52000,-51000,-51000
069348,和碩群益02購01  ,0,0,0,0,0,0,0,0,0,-51000,0,0,0,35000,86000,-51000,-51000
08262P,茂林元大9C售01  ,0,0,0,0,0,0,0,0,0,-51000,0,0,0,0,51000,-51000,-51000
07945P,上銀國票9B售02  ,0,0,0,0,0,0,0,0,0,-51000,0,0,0,100000,151000,-51000,-51000
08089P,嘉澤凱基9B售03  ,0,0,0,0,0,0,0,0,0,-51000,0,0,0,185000,236000,-51000,-51000
058861,國巨凱基9A購08  ,0,0,0,0,0,0,0,0,0,-51000,0,0,0,0,51000,-51000,-51000
057354,聯鈞統一99購03  ,0,0,0,0,0,0,0,0,0,-51000,0,0,0,0,51000,-51000,-51000
061594,玉晶光永豐9A購08,0,0,0,0,0,0,0,0,0,-51000,0,0,0,36000,87000,-51000,-51000
064059,新日興麥證01購01,0,0,0,10000,51000,-41000,0,0,0,-51000,0,0,0,10000,61000,-51000,-51000
064514,喬山群益9C購01  ,0,0,0,0,0,0,0,0,0,-51000,0,0,0,130000,181000,-51000,-51000
062314,玉晶光凱基9B購06,0,0,0,0,0,0,0,0,0,-51000,0,0,0,9000,60000,-51000,-51000
062337,台表科統一01購01,0,0,0,0,0,0,0,0,0,-51000,0,0,0,0,51000,-51000,-51000
061873,友達元大9C購07  ,0,0,0,0,0,0,0,0,0,-51000,0,0,0,14000,65000,-51000,-51000
065142,華邦電凱基01購01,0,0,0,0,0,0,0,0,0,-51000,0,0,0,0,51000,-51000,-51000
063072,裕隆永豐9B購01  ,0,0,0,0,0,0,0,0,0,-51000,0,0,0,1000,52000,-51000,-51000
065902,燿華富邦02購01  ,0,0,0,0,0,0,0,0,0,-51000,0,0,0,5000,56000,-51000,-51000
1464,得力            ,45000,96000,-51000,0,0,0,0,0,0,0,0,0,0,0,0,0,-51000
08795P,聯發科凱基01售11,0,0,0,0,0,0,0,0,0,-51000,0,0,0,13000,64000,-51000,-51000
5258,虹堡            ,7000,47000,-40000,0,0,0,0,0,0,-11000,1000,12000,-11000,0,0,0,-51000
07902P,玉晶光國票01售01,0,0,0,0,0,0,0,0,0,-52000,0,0,0,210000,262000,-52000,-52000
08611P,聯發科凱基01售08,0,0,0,0,0,0,0,0,0,-52000,0,0,0,34000,86000,-52000,-52000
068982,健策元大02購06  ,0,0,0,0,0,0,0,0,0,-52000,0,0,0,60000,112000,-52000,-52000
068314,南電國票03購02  ,0,0,0,0,0,0,0,0,0,-52000,0,0,0,64000,116000,-52000,-52000
064099,億光群益9C購01  ,0,0,0,0,0,0,0,0,0,-52000,0,0,0,106000,158000,-52000,-52000
060821,SP黃豆元大9A購02,0,0,0,0,0,0,0,0,0,-52000,0,0,0,0,52000,-52000,-52000
053827,漢唐麥證9A購01  ,0,0,0,0,52000,-52000,0,0,0,-52000,0,0,0,0,52000,-52000,-52000
060654,大毅群益9B購01  ,0,0,0,0,0,0,0,0,0,-52000,0,0,0,48000,100000,-52000,-52000
061336,國巨元大9A購20  ,0,0,0,0,0,0,0,0,0,-52000,0,0,0,5000,57000,-52000,-52000
061509,SP黃豆富邦9C購01,0,0,0,0,0,0,0,0,0,-52000,0,0,0,0,52000,-52000,-52000
062238,臻鼎凱基9C購01  ,0,0,0,0,0,0,0,0,0,-52000,0,0,0,51000,103000,-52000,-52000
065910,立積永豐9C購02  ,0,0,0,0,0,0,0,0,0,-52000,0,0,0,0,52000,-52000,-52000
066630,東森凱基01購01  ,0,0,0,0,0,0,0,0,0,-52000,0,0,0,0,52000,-52000,-52000
066112,智邦兆豐02購01  ,0,0,0,0,0,0,0,0,0,-52000,0,0,0,10000,62000,-52000,-52000
2471,資通            ,7000,60000,-53000,0,0,0,0,0,0,1000,1000,0,1000,0,0,0,-52000
3003,健和興          ,194000,283000,-89000,0,0,0,0,0,0,37000,4000,0,4000,35000,2000,33000,-52000
3257,虹冠電          ,64000,115000,-51000,0,0,0,0,0,0,-1000,0,1000,-1000,0,0,0,-52000
3419,譁裕            ,39000,96000,-57000,0,0,0,0,0,0,5000,5000,0,5000,0,0,0,-52000
1339,昭輝            ,7000,59000,-52000,0,0,0,0,0,0,0,0,0,0,0,0,0,-52000
1707,葡萄王          ,70000,120000,-50000,0,0,0,0,0,0,-2000,0,7000,-7000,6000,1000,5000,-52000
1592,英瑞-KY         ,23000,75000,-52000,0,0,0,0,0,0,0,0,0,0,0,0,0,-52000
6024,群益期          ,20117,73000,-52883,0,0,0,0,0,0,0,0,0,0,0,0,0,-52883
068573,矽格元大01購06  ,0,0,0,0,0,0,0,0,0,-53000,0,0,0,10000,63000,-53000,-53000
068694,台積電凱基02購12,0,0,0,0,0,0,0,0,0,-53000,0,0,0,0,53000,-53000,-53000
08472P,和碩凱基9C售02  ,0,0,0,0,0,0,0,0,0,-53000,0,0,0,92000,145000,-53000,-53000
07884P,華新科凱基9B售08,0,0,0,0,0,0,0,0,0,-53000,0,0,0,0,53000,-53000,-53000
060599,國巨凱基9C購01  ,0,0,0,0,0,0,0,0,0,-53000,0,0,0,49000,102000,-53000,-53000
03082P,鴻海元大01售21  ,0,0,0,0,0,0,0,0,0,-53000,0,0,0,61000,114000,-53000,-53000
060252,緯穎元大9A購02  ,0,0,0,0,0,0,0,0,0,-53000,0,0,0,25000,78000,-53000,-53000
059488,大立光兆豐99購03,0,0,0,0,0,0,0,0,0,-53000,0,0,0,0,53000,-53000,-53000
062522,同欣電元大9B購02,0,0,0,0,0,0,0,0,0,-53000,0,0,0,17000,70000,-53000,-53000
057618,台光電凱基99購01,0,0,0,0,0,0,0,0,0,-53000,0,0,0,0,53000,-53000,-53000
061497,大立光國票9A購09,0,0,0,0,0,0,0,0,0,-53000,0,0,0,0,53000,-53000,-53000
062674,百和中信03購01  ,0,0,0,0,0,0,0,0,0,-53000,0,0,0,34000,87000,-53000,-53000
065657,智邦富邦9C購01  ,0,0,0,0,0,0,0,0,0,-53000,0,0,0,0,53000,-53000,-53000
066946,京元電元大01購04,0,0,0,0,0,0,0,0,0,-53000,0,0,0,110000,163000,-53000,-53000
066757,南港永豐01購01  ,0,0,0,0,0,0,0,0,0,-53000,0,0,0,2000,55000,-53000,-53000
066889,元大金中信07購01,0,0,0,0,0,0,0,0,0,-53000,0,0,0,114000,167000,-53000,-53000
067390,聯詠元富07購02  ,0,0,0,0,0,0,0,0,0,-53000,0,0,0,100000,153000,-53000,-53000
067841,A50正2元富04購01,0,0,0,0,0,0,0,0,0,-53000,0,0,0,3000,56000,-53000,-53000
067453,嘉澤國票02購02  ,0,0,0,0,0,0,0,0,0,-53000,0,0,0,0,53000,-53000,-53000
1467,南緯            ,244000,282000,-38000,0,0,0,0,0,0,-15000,0,15000,-15000,0,0,0,-53000
1903,士紙            ,17000,70000,-53000,0,0,0,0,0,0,0,0,0,0,0,0,0,-53000
08651P,台灣50群益02售05,0,0,0,0,0,0,0,0,0,-53000,0,0,0,0,53000,-53000,-53000
08853P,嘉晶群益02售02  ,0,0,0,0,0,0,0,0,0,-53000,0,0,0,0,53000,-53000,-53000
08293P,國巨元大9C售13  ,0,0,0,0,0,0,0,0,0,-54000,0,0,0,90000,144000,-54000,-54000
068664,臺股指元大02購09,0,0,0,0,0,0,0,0,0,-54000,0,0,0,33000,87000,-54000,-54000
068605,聯發科凱基01購25,0,0,0,0,0,0,0,0,0,-54000,0,0,0,0,54000,-54000,-54000
068958,臺股指凱基04購06,0,0,0,0,0,0,0,0,0,-54000,0,0,0,10000,64000,-54000,-54000
059454,亞光永豐99購01  ,0,0,0,0,0,0,0,0,0,-54000,0,0,0,2000,56000,-54000,-54000
059116,晶豪科永豐99購01,0,0,0,0,0,0,0,0,0,-54000,0,0,0,0,54000,-54000,-54000
061020,超眾國票9A購02  ,0,0,0,0,0,0,0,0,0,-54000,0,0,0,11000,65000,-54000,-54000
03669C,滬深2X元富09牛01,0,0,0,0,0,0,0,0,0,-54000,0,0,0,49000,103000,-54000,-54000
063163,京元電永豐9B購01,0,0,0,0,0,0,0,0,0,-54000,0,0,0,0,54000,-54000,-54000
065252,玉晶光永豐9C購08,0,0,0,0,0,0,0,0,0,-54000,0,0,0,0,54000,-54000,-54000
065227,金像電凱基9C購01,0,0,0,0,0,0,0,0,0,-54000,0,0,0,22000,76000,-54000,-54000
067612,超眾凱基02購03  ,0,0,0,0,0,0,0,0,0,-54000,0,0,0,50000,104000,-54000,-54000
067297,台積電元大02購03,0,0,0,0,0,0,0,0,0,-54000,0,0,0,12000,66000,-54000,-54000
066015,健策元富01購01  ,0,0,0,0,0,0,0,0,0,-54000,0,0,0,24000,78000,-54000,-54000
065790,創意永豐9C購02  ,0,0,0,0,0,0,0,0,0,-54000,0,0,0,0,54000,-54000,-54000
066153,南帝康和01購01  ,0,0,0,0,0,0,0,0,0,-54000,0,0,0,7000,61000,-54000,-54000
08680P,聯發科元大01售10,0,0,0,0,0,0,0,0,0,-54000,0,0,0,10000,64000,-54000,-54000
2017,官田鋼          ,26000,77000,-51000,0,0,0,0,0,0,-3000,0,3000,-3000,0,0,0,-54000
3705,永信            ,73000,127000,-54000,0,0,0,0,0,0,0,0,0,0,0,0,0,-54000
068610,牧德凱基01購05  ,0,0,0,0,0,0,0,0,0,-55000,0,0,0,0,55000,-55000,-55000
068344,台積電麥證01購13,0,0,0,62000,117000,-55000,0,0,0,-55000,0,0,0,62000,117000,-55000,-55000
069652,京元電凱基02購02,0,0,0,0,0,0,0,0,0,-55000,0,0,0,0,55000,-55000,-55000
069607,彩晶國票02購01  ,0,0,0,0,0,0,0,0,0,-55000,0,0,0,659000,714000,-55000,-55000
069985,聯茂凱基02購03  ,0,0,0,0,0,0,0,0,0,-55000,0,0,0,0,55000,-55000,-55000
070021,光磊國票03購01  ,0,0,0,0,0,0,0,0,0,-55000,0,0,0,0,55000,-55000,-55000
060638,玉晶光永豐9A購04,0,0,0,0,0,0,0,0,0,-55000,0,0,0,7000,62000,-55000,-55000
058931,玉晶光統一9C購01,0,0,0,0,0,0,0,0,0,-55000,0,0,0,0,55000,-55000,-55000
062801,宏達電統一01購01,0,0,0,0,0,0,0,0,0,-55000,0,0,0,3000,58000,-55000,-55000
064187,亞光永豐9C購01  ,0,0,0,0,0,0,0,0,0,-55000,0,0,0,0,55000,-55000,-55000
062708,立積元大9B購01  ,0,0,0,0,0,0,0,0,0,-55000,0,0,0,27000,82000,-55000,-55000
063710,光寶科凱基9C購01,0,0,0,0,0,0,0,0,0,-55000,0,0,0,31000,86000,-55000,-55000
06613P,華新科富邦9A售03,0,0,0,0,0,0,0,0,0,-55000,0,0,0,10000,65000,-55000,-55000
067822,同欣電凱基01購02,0,0,0,0,0,0,0,0,0,-55000,0,0,0,45000,100000,-55000,-55000
067781,SP黃豆群益01購02,0,0,0,0,0,0,0,0,0,-55000,0,0,0,0,55000,-55000,-55000
068018,玉晶光國票02購05,0,0,0,0,0,0,0,0,0,-55000,0,0,0,3000,58000,-55000,-55000
6672,騰輝電子-KY     ,18000,73000,-55000,0,0,0,0,0,0,0,0,0,0,0,0,0,-55000
1783,和康生          ,71000,126000,-55000,0,0,0,0,0,0,0,0,0,0,0,0,0,-55000
069896,台積電元大02購35,0,0,0,0,0,0,0,0,0,-56000,0,0,0,6000,62000,-56000,-56000
08453P,玉晶光台新9C售02,0,0,0,0,0,0,0,0,0,-56000,0,0,0,163000,219000,-56000,-56000
069045,國巨元富08購01  ,0,0,0,0,0,0,0,0,0,-56000,0,0,0,10000,66000,-56000,-56000
060591,富邦金台新9A購01,0,0,0,0,0,0,0,0,0,-56000,0,0,0,0,56000,-56000,-56000
052130,國巨凱基9B購01  ,0,0,0,0,0,0,0,0,0,-56000,0,0,0,0,56000,-56000,-56000
03058P,台積電凱基01售18,0,0,0,0,0,0,0,0,0,-56000,0,0,0,2000,58000,-56000,-56000
063853,同欣電元大9C購02,0,0,0,0,0,0,0,0,0,-56000,0,0,0,0,56000,-56000,-56000
063247,信邦元大9B購02  ,0,0,0,0,0,0,0,0,0,-56000,0,0,0,57000,113000,-56000,-56000
061869,智邦元大9B購01  ,0,0,0,0,0,0,0,0,0,-56000,0,0,0,39000,95000,-56000,-56000
061442,玉晶光永豐9A購07,0,0,0,0,0,0,0,0,0,-56000,0,0,0,1000,57000,-56000,-56000
065137,中鋼凱基01購01  ,0,0,0,0,0,0,0,0,0,-56000,0,0,0,0,56000,-56000,-56000
064984,同欣電元大9C購06,0,0,0,0,0,0,0,0,0,-56000,0,0,0,0,56000,-56000,-56000
064856,GIS國泰02購01   ,0,0,0,0,0,0,0,0,0,-56000,0,0,0,0,56000,-56000,-56000
068027,國巨元富07購11  ,0,0,0,0,0,0,0,0,0,-56000,0,0,0,0,56000,-56000,-56000
066747,台郡元大01購03  ,0,0,0,0,0,0,0,0,0,-56000,0,0,0,0,56000,-56000,-56000
066200,建準統一02購01  ,0,0,0,0,0,0,0,0,0,-56000,0,0,0,50000,106000,-56000,-56000
065433,緯創凱基9C購01  ,0,0,0,0,0,0,0,0,0,-56000,0,0,0,40000,96000,-56000,-56000
4943,康控-KY         ,123000,174000,-51000,0,0,0,0,0,0,-5000,0,3000,-3000,7000,9000,-2000,-56000
068339,GIS元大01購05   ,0,0,0,0,0,0,0,0,0,-57000,0,0,0,0,57000,-57000,-57000
08495P,同欣電元大9C售08,0,0,0,0,0,0,0,0,0,-57000,0,0,0,200000,257000,-57000,-57000
08428P,GIS國票01售01   ,0,0,0,0,0,0,0,0,0,-57000,0,0,0,59000,116000,-57000,-57000
069619,聯發科統一03購14,0,0,0,0,0,0,0,0,0,-57000,0,0,0,0,57000,-57000,-57000
069713,欣興國票03購05  ,0,0,0,0,0,0,0,0,0,-57000,0,0,0,11000,68000,-57000,-57000
057404,貿聯群益99購01  ,0,0,0,0,0,0,0,0,0,-57000,0,0,0,159000,216000,-57000,-57000
062783,大立光元大9C購03,0,0,0,0,0,0,0,0,0,-57000,0,0,0,0,57000,-57000,-57000
061678,玉晶光元大9B購04,0,0,0,0,0,0,0,0,0,-57000,0,0,0,10000,67000,-57000,-57000
065438,緯穎凱基9C購04  ,0,0,0,0,0,0,0,0,0,-57000,0,0,0,27000,84000,-57000,-57000
066305,華夏永豐01購01  ,0,0,0,0,0,0,0,0,0,-57000,0,0,0,108000,165000,-57000,-57000
066402,泰鼎凱基01購02  ,0,0,0,0,0,0,0,0,0,-57000,0,0,0,29000,86000,-57000,-57000
067957,玉晶光永豐01購09,0,0,0,0,0,0,0,0,0,-57000,0,0,0,0,57000,-57000,-57000
068056,台表科統一03購01,0,0,0,0,0,0,0,0,0,-57000,0,0,0,45000,102000,-57000,-57000
067769,國巨統一02購04  ,0,0,0,0,0,0,0,0,0,-57000,0,0,0,20000,77000,-57000,-57000
1531,高林股          ,20000,75000,-55000,0,0,0,0,0,0,-2000,0,2000,-2000,0,0,0,-57000
08255P,國巨元大9C售11  ,0,0,0,0,0,0,0,0,0,-58000,0,0,0,40000,98000,-58000,-58000
08595P,南電群益9C售03  ,0,0,0,0,0,0,0,0,0,-58000,0,0,0,100000,158000,-58000,-58000
068271,大毅永豐01購03  ,0,0,0,0,0,0,0,0,0,-58000,0,0,0,0,58000,-58000,-58000
068226,聯發科元富04購02,0,0,0,0,0,0,0,0,0,-58000,0,0,0,12000,70000,-58000,-58000
069440,台達電台新02購02,0,0,0,0,0,0,0,0,0,-58000,0,0,0,0,58000,-58000,-58000
03401P,聯發科凱基03售09,0,0,0,0,0,0,0,0,0,-58000,0,0,0,26000,84000,-58000,-58000
00730,富邦臺灣優質高息,0,1000,-1000,0,0,0,0,0,0,-57000,0,0,0,235000,292000,-57000,-58000
057787,TPK國票99購01   ,0,0,0,0,0,0,0,0,0,-58000,0,0,0,42000,100000,-58000,-58000
063827,國巨國票02購01  ,0,0,0,0,0,0,0,0,0,-58000,0,0,0,30000,88000,-58000,-58000
062098,億光永豐9B購01  ,0,0,0,0,0,0,0,0,0,-58000,0,0,0,61000,119000,-58000,-58000
066394,建準凱基01購01  ,0,0,0,0,0,0,0,0,0,-58000,0,0,0,98000,156000,-58000,-58000
066594,聯詠群益01購01  ,0,0,0,0,0,0,0,0,0,-58000,0,0,0,103000,161000,-58000,-58000
066099,大立光中信05購01,0,0,0,0,0,0,0,0,0,-58000,0,0,0,122000,180000,-58000,-58000
065543,緯穎元富01購01  ,0,0,0,0,0,0,0,0,0,-58000,0,0,0,178000,236000,-58000,-58000
065549,智邦凱基9C購03  ,0,0,0,0,0,0,0,0,0,-58000,0,0,0,12000,70000,-58000,-58000
065856,中租元大9C購03  ,0,0,0,0,0,0,0,0,0,-58000,0,0,0,196000,254000,-58000,-58000
08878P,台積電凱基01售11,0,0,0,0,0,0,0,0,0,-58000,0,0,0,0,58000,-58000,-58000
08901P,台表科群益01售02,0,0,0,0,0,0,0,0,0,-58000,0,0,0,0,58000,-58000,-58000
08979P,電子類群益01售01,0,0,0,0,0,0,0,0,0,-58000,0,0,0,6000,64000,-58000,-58000
3702A,大聯大甲特      ,0,9000,-9000,0,0,0,0,0,0,-49000,1000,50000,-49000,0,0,0,-58000
068394,GIS統一03購02   ,0,0,0,0,0,0,0,0,0,-59000,0,0,0,52000,111000,-59000,-59000
08036P,嘉澤群益9B售03  ,0,0,0,0,0,0,0,0,0,-59000,0,0,0,150000,209000,-59000,-59000
069612,聯電統一04購03  ,0,0,0,0,0,0,0,0,0,-59000,0,0,0,1000,60000,-59000,-59000
061569,旺宏元大9A購14  ,0,0,0,0,0,0,0,0,0,-59000,0,0,0,0,59000,-59000,-59000
064188,玉晶光永豐9C購02,0,0,0,0,0,0,0,0,0,-59000,0,0,0,1000,60000,-59000,-59000
061985,富邦金元大9B購01,0,0,0,0,0,0,0,0,0,-59000,0,0,0,100000,159000,-59000,-59000
064359,華通統一9C購05  ,0,0,0,0,0,0,0,0,0,-59000,0,0,0,13000,72000,-59000,-59000
062939,奇力新凱基9B購02,0,0,0,0,0,0,0,0,0,-59000,0,0,0,5000,64000,-59000,-59000
064699,臻鼎群益9C購01  ,0,0,0,0,0,0,0,0,0,-59000,0,0,0,11000,70000,-59000,-59000
062603,台化凱基9B購01  ,0,0,0,0,0,0,0,0,0,-59000,0,0,0,250000,309000,-59000,-59000
063433,臻鼎元富9B購01  ,0,0,0,0,0,0,0,0,0,-59000,0,0,0,0,59000,-59000,-59000
065799,友訊群益01購03  ,0,0,0,0,0,0,0,0,0,-59000,0,0,0,66000,125000,-59000,-59000
067838,玉晶光統一01購12,0,0,0,0,0,0,0,0,0,-59000,0,0,0,0,59000,-59000,-59000
067560,聯詠國票02購01  ,0,0,0,0,0,0,0,0,0,-59000,0,0,0,90000,149000,-59000,-59000
3622,洋華            ,56000,112000,-56000,0,0,0,0,0,0,-3000,1000,4000,-3000,0,0,0,-59000
2466,冠西電          ,1000,59000,-58000,0,0,0,0,0,0,-1000,1000,2000,-1000,0,0,0,-59000
069632,聯發科元富02購09,0,0,0,0,0,0,0,0,0,-60000,0,0,0,90000,150000,-60000,-60000
069566,宏碁凱基02購02  ,0,0,0,0,0,0,0,0,0,-60000,0,0,0,8000,68000,-60000,-60000
069944,T50反1台新04購02,0,0,0,0,0,0,0,0,0,-60000,0,0,0,0,60000,-60000,-60000
069776,創意元大02購04  ,0,0,0,0,0,0,0,0,0,-60000,0,0,0,26000,86000,-60000,-60000
070000,國喬元大02購01  ,0,0,0,0,0,0,0,0,0,-60000,0,0,0,0,60000,-60000,-60000
07983P,茂林群益9B售03  ,0,0,0,0,0,0,0,0,0,-60000,0,0,0,10000,70000,-60000,-60000
07876P,台灣50國泰01售01,0,0,0,0,0,0,0,0,0,-60000,0,0,0,50000,110000,-60000,-60000
07769P,國巨國票9A售10  ,0,0,0,0,0,0,0,0,0,-60000,0,0,0,0,60000,-60000,-60000
068359,GIS凱基01購05   ,0,0,0,0,0,0,0,0,0,-60000,0,0,0,10000,70000,-60000,-60000
068711,瑞儀國票03購02  ,0,0,0,0,0,0,0,0,0,-60000,0,0,0,25000,85000,-60000,-60000
069089,億光康和02購01  ,0,0,0,0,0,0,0,0,0,-60000,0,0,0,5000,65000,-60000,-60000
068774,T50反1元富08購02,0,0,0,0,0,0,0,0,0,-60000,0,0,0,0,60000,-60000,-60000
06334P,臺股指群益9C售03,0,0,0,0,0,0,0,0,0,-60000,0,0,0,10000,70000,-60000,-60000
058069,美律凱基99購05  ,0,0,0,0,0,0,0,0,0,-60000,0,0,0,0,60000,-60000,-60000
060550,可成凱基9A購02  ,0,0,0,0,0,0,0,0,0,-60000,0,0,0,0,60000,-60000,-60000
059772,可成群益9A購05  ,0,0,0,0,0,0,0,0,0,-60000,0,0,0,2000,62000,-60000,-60000
061090,奇力新統一9C購01,0,0,0,0,0,0,0,0,0,-60000,0,0,0,0,60000,-60000,-60000
059355,國巨富邦9B購03  ,0,0,0,0,0,0,0,0,0,-60000,0,0,0,0,60000,-60000,-60000
060314,元翎永豐9A購01  ,0,0,0,0,0,0,0,0,0,-60000,0,0,0,0,60000,-60000,-60000
03044P,康控國票03售01  ,0,0,0,0,0,0,0,0,0,-60000,0,0,0,109000,169000,-60000,-60000
03068P,美律群益01售03  ,0,0,0,0,0,0,0,0,0,-60000,0,0,0,10000,70000,-60000,-60000
064598,國巨元富9C購03  ,0,0,0,0,0,0,0,0,0,-60000,0,0,0,0,60000,-60000,-60000
061415,健策群益9A購04  ,0,0,0,0,0,0,0,0,0,-60000,0,0,0,0,60000,-60000,-60000
062383,大立光國泰01購01,0,0,0,0,0,0,0,0,0,-60000,0,0,0,50000,110000,-60000,-60000
064991,友達兆豐9C購01  ,0,0,0,0,0,0,0,0,0,-60000,0,0,0,0,60000,-60000,-60000
065226,華通凱基01購01  ,0,0,0,0,0,0,0,0,0,-60000,0,0,0,0,60000,-60000,-60000
065586,嘉聯益富邦03購01,0,0,0,0,0,0,0,0,0,-60000,0,0,0,0,60000,-60000,-60000
066052,景碩元大02購01  ,0,0,0,0,0,0,0,0,0,-60000,0,0,0,77000,137000,-60000,-60000
3504,揚明光          ,40000,99000,-59000,0,0,0,0,0,0,-1000,2000,0,2000,0,3000,-3000,-60000
08928P,漢唐元富07售02  ,0,0,0,0,0,0,0,0,0,-60000,0,0,0,0,60000,-60000,-60000
08714P,華碩元富01售03  ,0,0,0,0,0,0,0,0,0,-60000,0,0,0,0,60000,-60000,-60000
08635P,大成鋼國票01售01,0,0,0,0,0,0,0,0,0,-60000,0,0,0,1000,61000,-60000,-60000
08732P,臺股指麥證01售04,0,0,0,4000,64000,-60000,0,0,0,-60000,0,0,0,4000,64000,-60000,-60000
6005,群益證          ,1483795,1544000,-60205,0,0,0,0,0,0,0,0,0,0,0,0,0,-60205
08004P,大毅永豐9B售02  ,0,0,0,0,0,0,0,0,0,-61000,0,0,0,43000,104000,-61000,-61000
08596P,聯發科國泰02售02,0,0,0,0,0,0,0,0,0,-61000,0,0,0,15000,76000,-61000,-61000
08523P,金像電元大9C售06,0,0,0,0,0,0,0,0,0,-61000,0,0,0,0,61000,-61000,-61000
03373P,聯發科元大02售11,0,0,0,0,0,0,0,0,0,-61000,0,0,0,59000,120000,-61000,-61000
058012,鈺齊國票99購01  ,0,0,0,0,0,0,0,0,0,-61000,0,0,0,174000,235000,-61000,-61000
062305,遠東新凱基9B購01,0,0,0,0,0,0,0,0,0,-61000,0,0,0,23000,84000,-61000,-61000
063002,上証2X元大9B購03,0,0,0,0,0,0,0,0,0,-61000,0,0,0,0,61000,-61000,-61000
063928,可成統一01購02  ,0,0,0,0,0,0,0,0,0,-61000,0,0,0,284000,345000,-61000,-61000
063974,南電國票01購01  ,0,0,0,0,0,0,0,0,0,-61000,0,0,0,0,61000,-61000,-61000
063328,京元電國票9C購02,0,0,0,0,0,0,0,0,0,-61000,0,0,0,92000,153000,-61000,-61000
063859,國巨國泰01購03  ,0,0,0,0,0,0,0,0,0,-61000,0,0,0,66000,127000,-61000,-61000
066592,大立光群益01購06,0,0,0,0,0,0,0,0,0,-61000,0,0,0,0,61000,-61000,-61000
067627,中興電永豐01購01,0,0,0,0,0,0,0,0,0,-61000,0,0,0,14000,75000,-61000,-61000
066842,卜蜂元大01購01  ,0,0,0,0,0,0,0,0,0,-61000,0,0,0,372000,433000,-61000,-61000
067046,聯發科凱基04購01,0,0,0,0,0,0,0,0,0,-61000,0,0,0,0,61000,-61000,-61000
6277,宏正            ,26000,82000,-56000,0,0,0,0,0,0,-5000,1000,6000,-5000,0,0,0,-61000
069163,聯發科元大02購10,0,0,0,0,0,0,0,0,0,-62000,0,0,0,116000,178000,-62000,-62000
060732,玉晶光群益9C購02,0,0,0,0,0,0,0,0,0,-62000,0,0,0,64000,126000,-62000,-62000
056578,智易元大99購02  ,0,0,0,0,0,0,0,0,0,-62000,0,0,0,46000,108000,-62000,-62000
062971,英業達元富9B購01,0,0,0,0,0,0,0,0,0,-62000,0,0,0,0,62000,-62000,-62000
064956,麗豐凱基9C購01  ,0,0,0,0,0,0,0,0,0,-62000,0,0,0,11000,73000,-62000,-62000
066816,泰鼎兆豐03購01  ,0,0,0,0,0,0,0,0,0,-62000,0,0,0,0,62000,-62000,-62000
067207,微星元大01購04  ,0,0,0,0,0,0,0,0,0,-62000,0,0,0,94000,156000,-62000,-62000
067920,玉晶光永豐01購04,0,0,0,0,0,0,0,0,0,-62000,0,0,0,0,62000,-62000,-62000
066129,佳世達群益01購01,0,0,0,0,0,0,0,0,0,-62000,0,0,0,169000,231000,-62000,-62000
065718,健策中信9C購02  ,0,0,0,0,0,0,0,0,0,-62000,0,0,0,37000,99000,-62000,-62000
065875,創意群益9C購05  ,0,0,0,0,0,0,0,0,0,-62000,0,0,0,30000,92000,-62000,-62000
5305,敦南            ,67000,131000,-64000,0,0,0,0,0,0,2000,2000,0,2000,0,0,0,-62000
4935,茂林-KY         ,996000,1190000,-194000,0,0,0,305000,0,305000,-173000,2000,15000,-13000,59000,219000,-160000,-62000
08323P,華新科凱基9C售04,0,0,0,0,0,0,0,0,0,-63000,0,0,0,0,63000,-63000,-63000
053381,友達元大9A購02  ,0,0,0,0,0,0,0,0,0,-63000,0,0,0,5000,68000,-63000,-63000
058448,滬深2X永豐9A購01,0,0,0,0,0,0,0,0,0,-63000,0,0,0,5000,68000,-63000,-63000
060123,光罩永豐99購02  ,0,0,0,0,0,0,0,0,0,-63000,0,0,0,72000,135000,-63000,-63000
063399,智原群益9B購01  ,0,0,0,0,0,0,0,0,0,-63000,0,0,0,0,63000,-63000,-63000
062761,嘉晶凱基9C購01  ,0,0,0,0,0,0,0,0,0,-63000,0,0,0,15000,78000,-63000,-63000
063038,富邦金凱基9B購02,0,0,0,0,0,0,0,0,0,-63000,0,0,0,103000,166000,-63000,-63000
063951,新日興元大9C購01,0,0,0,0,0,0,0,0,0,-63000,0,0,0,31000,94000,-63000,-63000
063229,台表科群益9B購04,0,0,0,0,0,0,0,0,0,-63000,0,0,0,2000,65000,-63000,-63000
065670,華新科凱基01購02,0,0,0,0,0,0,0,0,0,-63000,0,0,0,7000,70000,-63000,-63000
067670,微星元大01購06  ,0,0,0,0,0,0,0,0,0,-63000,0,0,0,210000,273000,-63000,-63000
067416,南紡凱基01購01  ,0,0,0,0,0,0,0,0,0,-63000,0,0,0,0,63000,-63000,-63000
067354,國揚群益01購03  ,0,0,0,0,0,0,0,0,0,-63000,0,0,0,0,63000,-63000,-63000
066734,聯詠元大01購03  ,0,0,0,0,0,0,0,0,0,-63000,0,0,0,28000,91000,-63000,-63000
3454,晶睿            ,22000,86000,-64000,0,0,0,0,0,0,1000,1000,0,1000,0,0,0,-63000
2476,鉅祥            ,28000,89000,-61000,0,0,0,0,0,0,-2000,1000,3000,-2000,0,0,0,-63000
08693P,宏達電群益01售02,0,0,0,0,0,0,0,0,0,-63000,0,0,0,1000,64000,-63000,-63000
1702,南僑            ,21000,83000,-62000,0,0,0,0,0,0,-1000,1000,2000,-1000,0,0,0,-63000
069923,精成科凱基02購01,0,0,0,0,0,0,0,0,0,-64000,0,0,0,2000,66000,-64000,-64000
069598,強茂國票03購01  ,0,0,0,0,0,0,0,0,0,-64000,0,0,0,47000,111000,-64000,-64000
069003,台積電兆豐03購06,0,0,0,0,0,0,0,0,0,-64000,0,0,0,53000,117000,-64000,-64000
068255,鎧勝元大01購05  ,0,0,0,0,0,0,0,0,0,-64000,0,0,0,0,64000,-64000,-64000
057818,泰碩元大9A購01  ,0,0,0,0,0,0,0,0,0,-64000,0,0,0,70000,134000,-64000,-64000
03522P,牧德元大02售05  ,0,0,0,0,0,0,0,0,0,-64000,0,0,0,0,64000,-64000,-64000
063245,富邦金元大9B購03,0,0,0,0,0,0,0,0,0,-64000,0,0,0,65000,129000,-64000,-64000
063506,嘉晶群益9B購01  ,0,0,0,0,0,0,0,0,0,-64000,0,0,0,5000,69000,-64000,-64000
065039,國巨凱基02購02  ,0,0,0,0,0,0,0,0,0,-64000,0,0,0,19000,83000,-64000,-64000
065211,世芯國票01購03  ,0,0,0,0,0,0,0,0,0,-64000,0,0,0,40000,104000,-64000,-64000
064869,景碩永豐9C購01  ,0,0,0,0,0,0,0,0,0,-64000,0,0,0,22000,86000,-64000,-64000
067033,新日興康和01購01,0,0,0,0,0,0,0,0,0,-64000,0,0,0,0,64000,-64000,-64000
067161,嘉澤國票02購01  ,0,0,0,0,0,0,0,0,0,-64000,0,0,0,40000,104000,-64000,-64000
067985,聚陽元大02購01  ,0,0,0,0,0,0,0,0,0,-64000,0,0,0,51000,115000,-64000,-64000
065478,緯創元大9C購03  ,0,0,0,0,0,0,0,0,0,-64000,0,0,0,87000,151000,-64000,-64000
066021,華通群益02購03  ,0,0,0,0,0,0,0,0,0,-64000,0,0,0,2000,66000,-64000,-64000
068713,台灣50元大02購05,0,0,0,0,0,0,0,0,0,-65000,0,0,0,20000,85000,-65000,-65000
069600,景碩國票03購01  ,0,0,0,0,0,0,0,0,0,-65000,0,0,0,46000,111000,-65000,-65000
08427P,義隆國票9C售01  ,0,0,0,0,0,0,0,0,0,-65000,0,0,0,0,65000,-65000,-65000
08419P,元金2X群益9C售01,0,0,0,0,0,0,0,0,0,-65000,0,0,0,15000,80000,-65000,-65000
08395P,燿華永豐9C售02  ,0,0,0,0,0,0,0,0,0,-65000,0,0,0,19000,84000,-65000,-65000
08544P,和碩國票01售02  ,0,0,0,0,0,0,0,0,0,-65000,0,0,0,44000,109000,-65000,-65000
03491P,台積電元大02售31,0,0,0,0,0,0,0,0,0,-65000,0,0,0,1070000,1135000,-65000,-65000
051277,聯發科中信9A購01,0,0,0,0,0,0,0,0,0,-65000,0,0,0,0,65000,-65000,-65000
060253,昇陽半元大9C購01,0,0,0,0,0,0,0,0,0,-65000,0,0,0,0,65000,-65000,-65000
065093,新日興元大9C購03,0,0,0,0,0,0,0,0,0,-65000,0,0,0,56000,121000,-65000,-65000
064935,寶成統一02購02  ,0,0,0,0,0,0,0,0,0,-65000,0,0,0,40000,105000,-65000,-65000
061845,SP黃豆國票9B購02,0,0,0,0,0,0,0,0,0,-65000,0,0,0,0,65000,-65000,-65000
062073,國巨元大9B購06  ,0,0,0,0,0,0,0,0,0,-65000,0,0,0,5000,70000,-65000,-65000
063708,上銀凱基9B購06  ,0,0,0,0,0,0,0,0,0,-65000,0,0,0,84000,149000,-65000,-65000
065532,台光電統一02購02,0,0,0,0,0,0,0,0,0,-65000,0,0,0,13000,78000,-65000,-65000
065435,臻鼎凱基02購01  ,0,0,0,0,0,0,0,0,0,-65000,0,0,0,5000,70000,-65000,-65000
065321,瑞昱凱基9C購01  ,0,0,0,0,0,0,0,0,0,-65000,0,0,0,106000,171000,-65000,-65000
066512,致茂永豐01購01  ,0,0,0,0,0,0,0,0,0,-65000,0,0,0,20000,85000,-65000,-65000
067947,京鼎國泰03購01  ,0,0,0,0,0,0,0,0,0,-65000,0,0,0,10000,75000,-65000,-65000
067864,台光電元大01購05,0,0,0,0,0,0,0,0,0,-65000,0,0,0,0,65000,-65000,-65000
067624,微星富邦04購01  ,0,0,0,0,0,0,0,0,0,-65000,0,0,0,349000,414000,-65000,-65000
067396,欣興永豐01購02  ,0,0,0,0,0,0,0,0,0,-65000,0,0,0,261000,326000,-65000,-65000
067289,燿華兆豐03購01  ,0,0,0,0,0,0,0,0,0,-65000,0,0,0,0,65000,-65000,-65000
08155P,聯發科元富9B售05,0,0,0,0,0,0,0,0,0,-66000,0,0,0,21000,87000,-66000,-66000
069687,玉晶光元大02購09,0,0,0,0,0,0,0,0,0,-66000,0,0,0,62000,128000,-66000,-66000
069766,聯電元大02購22  ,0,0,0,0,0,0,0,0,0,-66000,0,0,0,42000,108000,-66000,-66000
069555,南電元大02購08  ,0,0,0,0,0,0,0,0,0,-66000,0,0,0,156000,222000,-66000,-66000
068578,帆宣國泰03購01  ,0,0,0,0,0,0,0,0,0,-66000,0,0,0,0,66000,-66000,-66000
068426,道瓊銀凱基05購01,0,0,0,0,0,0,0,0,0,-66000,0,0,0,33000,99000,-66000,-66000
069065,聯發科麥證02購01,0,0,0,45000,111000,-66000,0,0,0,-66000,0,0,0,45000,111000,-66000,-66000
060326,群光群益9A購01  ,0,0,0,0,0,0,0,0,0,-66000,0,0,0,49000,115000,-66000,-66000
057589,超眾國票9A購01  ,0,0,0,0,0,0,0,0,0,-66000,0,0,0,0,66000,-66000,-66000
03502P,奇力新元富03售01,0,0,0,0,0,0,0,0,0,-66000,0,0,0,260000,326000,-66000,-66000
056469,國巨元大99購01  ,0,0,0,0,0,0,0,0,0,-66000,0,0,0,0,66000,-66000,-66000
03330P,牧德群益02售03  ,0,0,0,0,0,0,0,0,0,-66000,0,0,0,20000,86000,-66000,-66000
056911,緯穎元大99購01  ,0,0,0,0,0,0,0,0,0,-66000,0,0,0,70000,136000,-66000,-66000
03153P,聯發科群益03售01,0,0,0,0,0,0,0,0,0,-66000,0,0,0,0,66000,-66000,-66000
063848,大立光元大9C購09,0,0,0,0,0,0,0,0,0,-66000,0,0,0,4000,70000,-66000,-66000
063446,台光電統一01購02,0,0,0,0,0,0,0,0,0,-66000,0,0,0,115000,181000,-66000,-66000
062377,力成元大9B購01  ,0,0,0,0,0,0,0,0,0,-66000,0,0,0,19000,85000,-66000,-66000
061499,嘉晶國票9A購03  ,0,0,0,0,0,0,0,0,0,-66000,0,0,0,4000,70000,-66000,-66000
067686,矽格元大01購04  ,0,0,0,0,0,0,0,0,0,-66000,0,0,0,2000,68000,-66000,-66000
068012,台虹元大01購04  ,0,0,0,0,0,0,0,0,0,-66000,0,0,0,127000,193000,-66000,-66000
065858,台表科元大03購01,0,0,0,0,0,0,0,0,0,-66000,0,0,0,120000,186000,-66000,-66000
1560,中砂            ,31000,93000,-62000,0,0,0,0,0,0,-4000,0,4000,-4000,0,0,0,-66000
08681P,台灣50凱基01售16,0,0,0,0,0,0,0,0,0,-66000,0,0,0,0,66000,-66000,-66000
2939,凱羿-KY         ,42000,106000,-64000,0,0,0,0,0,0,-2000,0,2000,-2000,0,0,0,-66000
9103,美德醫療-DR     ,1000,67000,-66000,0,0,0,0,0,0,0,0,0,0,0,0,0,-66000
069424,瑞昱台新02購01  ,0,0,0,0,0,0,0,0,0,-67000,0,0,0,143000,210000,-67000,-67000
068593,台積電統一03購08,0,0,0,0,0,0,0,0,0,-67000,0,0,0,0,67000,-67000,-67000
08254P,國巨元大9C售09  ,0,0,0,0,0,0,0,0,0,-67000,0,0,0,20000,87000,-67000,-67000
03261P,力山國票04售01  ,0,0,0,0,0,0,0,0,0,-67000,0,0,0,0,67000,-67000,-67000
063407,泰鼎國票9C購01  ,0,0,0,0,0,0,0,0,0,-67000,0,0,0,0,67000,-67000,-67000
062457,京元電群益9B購01,0,0,0,0,0,0,0,0,0,-67000,0,0,0,33000,100000,-67000,-67000
058553,合勤控永豐99購01,0,0,0,0,0,0,0,0,0,-67000,0,0,0,21000,88000,-67000,-67000
059867,華邦電凱基99購02,0,0,0,0,0,0,0,0,0,-67000,0,0,0,0,67000,-67000,-67000
064681,牧德兆豐01購01  ,0,0,0,0,0,0,0,0,0,-67000,0,0,0,9000,76000,-67000,-67000
063901,緯穎群益9C購01  ,0,0,0,0,0,0,0,0,0,-67000,0,0,0,145000,212000,-67000,-67000
065911,超眾永豐9C購01  ,0,0,0,0,0,0,0,0,0,-67000,0,0,0,10000,77000,-67000,-67000
3535,晶彩科          ,40000,107000,-67000,0,0,0,0,0,0,0,0,0,0,0,0,0,-67000
5234,達興材料        ,4000,58000,-54000,0,0,0,0,11000,-11000,-2000,1000,3000,-2000,0,0,0,-67000
8210,勤誠            ,265000,328000,-63000,0,0,0,0,0,0,-4000,1000,4000,-3000,0,1000,-1000,-67000
1451,年興            ,1000,72000,-71000,0,0,0,0,0,0,4000,4000,0,4000,0,0,0,-67000
1773,勝一            ,31000,94000,-63000,0,0,0,0,0,0,-4000,0,4000,-4000,0,0,0,-67000
2062,橋椿            ,348000,417000,-69000,0,0,0,0,0,0,2000,112000,110000,2000,0,0,0,-67000
08348P,貿聯元大9C售01  ,0,0,0,0,0,0,0,0,0,-68000,0,0,0,22000,90000,-68000,-68000
069810,京元電國票03購02,0,0,0,0,0,0,0,0,0,-68000,0,0,0,0,68000,-68000,-68000
068611,臻鼎凱基01購01  ,0,0,0,0,0,0,0,0,0,-68000,0,0,0,24000,92000,-68000,-68000
069384,玉晶光元大03購09,0,0,0,0,0,0,0,0,0,-68000,0,0,0,51000,119000,-68000,-68000
069254,玉晶光凱基03購06,0,0,0,0,0,0,0,0,0,-68000,0,0,0,1000,69000,-68000,-68000
069080,聯發科凱基03購07,0,0,0,0,0,0,0,0,0,-68000,0,0,0,0,68000,-68000,-68000
068784,聯發科康和02購02,0,0,0,0,0,0,0,0,0,-68000,0,0,0,279000,347000,-68000,-68000
063418,京元電凱基9B購03,0,0,0,0,0,0,0,0,0,-68000,0,0,0,0,68000,-68000,-68000
03460P,瑞昱國票02售01  ,0,0,0,0,0,0,0,0,0,-68000,0,0,0,101000,169000,-68000,-68000
063285,華擎元大9B購03  ,0,0,0,0,0,0,0,0,0,-68000,0,0,0,0,68000,-68000,-68000
063155,緯穎元富9B購03  ,0,0,0,0,0,0,0,0,0,-68000,0,0,0,62000,130000,-68000,-68000
061713,華邦電凱基9A購01,0,0,0,0,0,0,0,0,0,-68000,0,0,0,0,68000,-68000,-68000
065600,友達元大9C購11  ,0,0,0,0,0,0,0,0,0,-68000,0,0,0,5000,73000,-68000,-68000
066400,健策凱基02購02  ,0,0,0,0,0,0,0,0,0,-68000,0,0,0,0,68000,-68000,-68000
067863,國巨元大02購05  ,0,0,0,0,0,0,0,0,0,-68000,0,0,0,75000,143000,-68000,-68000
066894,聯發科兆豐03購01,0,0,0,0,0,0,0,0,0,-68000,0,0,0,0,68000,-68000,-68000
069047,台積電元富08購13,0,0,0,0,0,0,0,0,0,-69000,0,0,0,30000,99000,-69000,-69000
068435,聯發科凱基01購21,0,0,0,0,0,0,0,0,0,-69000,0,0,0,200000,269000,-69000,-69000
03255P,台積電國泰03售10,0,0,0,0,0,0,0,0,0,-69000,0,0,0,57000,126000,-69000,-69000
061995,超眾元大01購01  ,0,0,0,0,0,0,0,0,0,-69000,0,0,0,0,69000,-69000,-69000
064219,滬深2X國票03購01,0,0,0,0,0,0,0,0,0,-69000,0,0,0,11000,80000,-69000,-69000
067807,京元電凱基01購02,0,0,0,0,0,0,0,0,0,-69000,0,0,0,0,69000,-69000,-69000
067946,聯發科國泰03購04,0,0,0,0,0,0,0,0,0,-69000,0,0,0,142000,211000,-69000,-69000
065760,和碩元大9C購02  ,0,0,0,0,0,0,0,0,0,-69000,0,0,0,8000,77000,-69000,-69000
068604,聯發科凱基01購23,0,0,0,0,0,0,0,0,0,-70000,0,0,0,0,70000,-70000,-70000
068484,聯電元大03購02  ,0,0,0,0,0,0,0,0,0,-70000,0,0,0,0,70000,-70000,-70000
07600P,台灣50凱基04售06,0,0,0,0,0,0,0,0,0,-70000,0,0,0,30000,100000,-70000,-70000
069575,瑞儀凱基03購02  ,0,0,0,0,0,0,0,0,0,-70000,0,0,0,0,70000,-70000,-70000
069736,深中小國泰03購01,0,0,0,0,0,0,0,0,0,-70000,0,0,0,130000,200000,-70000,-70000
069655,欣興凱基03購04  ,0,0,0,0,0,0,0,0,0,-70000,0,0,0,31000,101000,-70000,-70000
08221P,台表科凱基9B售05,0,0,0,0,0,0,0,0,0,-70000,0,0,0,0,70000,-70000,-70000
07858P,旺宏永豐9A售03  ,0,0,0,0,0,0,0,0,0,-70000,0,0,0,0,70000,-70000,-70000
03239P,臺股指元大02售04,0,0,0,0,0,0,0,0,0,-70000,0,0,0,10000,80000,-70000,-70000
00763U,街口道瓊銅      ,0,113000,-113000,0,0,0,0,0,0,43000,0,0,0,57000,14000,43000,-70000
056242,緯創群益9A購01  ,0,0,0,0,0,0,0,0,0,-70000,0,0,0,230000,300000,-70000,-70000
03384P,聯電凱基03售07  ,0,0,0,0,0,0,0,0,0,-70000,0,0,0,0,70000,-70000,-70000
061659,信邦永豐9A購01  ,0,0,0,0,0,0,0,0,0,-70000,0,0,0,101000,171000,-70000,-70000
062455,鴻海群益9C購01  ,0,0,0,0,0,0,0,0,0,-70000,0,0,0,0,70000,-70000,-70000
060234,凱美元大9C購01  ,0,0,0,0,0,0,0,0,0,-70000,0,0,0,10000,80000,-70000,-70000
059530,華新科凱基9A購05,0,0,0,0,0,0,0,0,0,-70000,0,0,0,0,70000,-70000,-70000
062044,健策凱基9B購02  ,0,0,0,0,0,0,0,0,0,-70000,0,0,0,0,70000,-70000,-70000
061875,華新科元大9B購03,0,0,0,0,0,0,0,0,0,-70000,0,0,0,30000,100000,-70000,-70000
064482,微星永豐9C購01  ,0,0,0,0,0,0,0,0,0,-70000,0,0,0,174000,244000,-70000,-70000
064948,致茂凱基01購01  ,0,0,0,0,0,0,0,0,0,-70000,0,0,0,0,70000,-70000,-70000
064966,FBVIX元大9C購03 ,0,0,0,0,0,0,0,0,0,-70000,0,0,0,140000,210000,-70000,-70000
065119,大立光富邦03購03,0,0,0,0,0,0,0,0,0,-70000,0,0,0,0,70000,-70000,-70000
064737,中石化國票01購01,0,0,0,0,0,0,0,0,0,-70000,0,0,0,430000,500000,-70000,-70000
062697,國巨元大9C購01  ,0,0,0,0,0,0,0,0,0,-70000,0,0,0,10000,80000,-70000,-70000
063306,聯茂凱基9C購01  ,0,0,0,0,0,0,0,0,0,-70000,0,0,0,0,70000,-70000,-70000
063190,聯茂凱基9B購01  ,0,0,0,0,0,0,0,0,0,-70000,0,0,0,0,70000,-70000,-70000
063574,茂林元大9B購07  ,0,0,0,0,0,0,0,0,0,-70000,0,0,0,74000,144000,-70000,-70000
063912,信邦凱基01購01  ,0,0,0,0,0,0,0,0,0,-70000,0,0,0,10000,80000,-70000,-70000
063868,嘉晶永豐9C購01  ,0,0,0,0,0,0,0,0,0,-70000,0,0,0,0,70000,-70000,-70000
065751,台光電元大9C購06,0,0,0,0,0,0,0,0,0,-70000,0,0,0,0,70000,-70000,-70000
065873,信邦群益02購01  ,0,0,0,0,0,0,0,0,0,-70000,0,0,0,0,70000,-70000,-70000
066589,英業達群益01購01,0,0,0,0,0,0,0,0,0,-70000,0,0,0,0,70000,-70000,-70000
066660,群光凱基01購01  ,0,0,0,0,0,0,0,0,0,-70000,0,0,0,322000,392000,-70000,-70000
066684,T50反1元富07購01,0,0,0,0,0,0,0,0,0,-70000,0,0,0,130000,200000,-70000,-70000
066108,惠特國票02購02  ,0,0,0,0,0,0,0,0,0,-70000,0,0,0,0,70000,-70000,-70000
066916,台虹凱基01購01  ,0,0,0,0,0,0,0,0,0,-70000,0,0,0,0,70000,-70000,-70000
066744,和碩元大01購02  ,0,0,0,0,0,0,0,0,0,-70000,0,0,0,30000,100000,-70000,-70000
067250,中化國票02購01  ,0,0,0,0,0,0,0,0,0,-70000,0,0,0,0,70000,-70000,-70000
1731,美吾華          ,205000,254000,-49000,0,0,0,0,0,0,-21000,0,21000,-21000,0,0,0,-70000
08664P,金像電凱基01售02,0,0,0,0,0,0,0,0,0,-70000,0,0,0,25000,95000,-70000,-70000
4916,事欣科          ,12000,84000,-72000,0,0,0,0,0,0,2000,2000,0,2000,0,0,0,-70000
08390P,旺宏凱基9C售02  ,0,0,0,0,0,0,0,0,0,-71000,0,0,0,115000,186000,-71000,-71000
069809,興勤國票03購01  ,0,0,0,0,0,0,0,0,0,-71000,0,0,0,5000,76000,-71000,-71000
069162,聯發科元大02購09,0,0,0,0,0,0,0,0,0,-71000,0,0,0,1000,72000,-71000,-71000
058588,致茂中信9B購01  ,0,0,0,0,0,0,0,0,0,-71000,0,0,0,23000,94000,-71000,-71000
059146,貿聯國票9A購02  ,0,0,0,0,0,0,0,0,0,-71000,0,0,0,40000,111000,-71000,-71000
061268,玉晶光凱基9B購04,0,0,0,0,0,0,0,0,0,-71000,0,0,0,1000,72000,-71000,-71000
065002,致茂國票01購01  ,0,0,0,0,0,0,0,0,0,-71000,0,0,0,41000,112000,-71000,-71000
062413,台光電中信9B購02,0,0,0,0,0,0,0,0,0,-71000,0,0,0,100000,171000,-71000,-71000
066928,台達電國票01購02,0,0,0,0,0,0,0,0,0,-71000,0,0,0,0,71000,-71000,-71000
066189,和潤凱基01購01  ,0,0,0,0,0,0,0,0,0,-71000,0,0,0,27000,98000,-71000,-71000
6668,中揚光          ,19000,87000,-68000,0,0,0,0,0,0,-3000,2000,5000,-3000,0,0,0,-71000
069430,精元群益02購01  ,0,0,0,0,0,0,0,0,0,-72000,0,0,0,74000,146000,-72000,-72000
069422,南六統一02購04  ,0,0,0,0,0,0,0,0,0,-72000,0,0,0,10000,82000,-72000,-72000
068658,義隆元大02購01  ,0,0,0,0,0,0,0,0,0,-72000,0,0,0,149000,221000,-72000,-72000
068194,致茂凱基01購02  ,0,0,0,0,0,0,0,0,0,-72000,0,0,0,0,72000,-72000,-72000
069946,國巨國泰03購03  ,0,0,0,0,0,0,0,0,0,-72000,0,0,0,12000,84000,-72000,-72000
058494,可成群益9B購01  ,0,0,0,0,0,0,0,0,0,-72000,0,0,0,0,72000,-72000,-72000
064256,玉晶光國泰02購02,0,0,0,0,0,0,0,0,0,-72000,0,0,0,320000,392000,-72000,-72000
057447,智邦元富02購01  ,0,0,0,0,0,0,0,0,0,-72000,0,0,0,0,72000,-72000,-72000
03539P,牧德元富08售01  ,0,0,0,0,0,0,0,0,0,-72000,0,0,0,0,72000,-72000,-72000
063298,統一凱基9B購01  ,0,0,0,0,0,0,0,0,0,-72000,0,0,0,50000,122000,-72000,-72000
066160,美利達康和01購01,0,0,0,0,0,0,0,0,0,-72000,0,0,0,78000,150000,-72000,-72000
066579,臺股指元大01購08,0,0,0,0,0,0,0,0,0,-72000,0,0,0,0,72000,-72000,-72000
065765,GIS元大9C購09   ,0,0,0,0,0,0,0,0,0,-72000,0,0,0,0,72000,-72000,-72000
3694,海華            ,1130000,1200000,-70000,0,0,0,0,0,0,-2000,4000,6000,-2000,0,0,0,-72000
2406,國碩            ,692000,769000,-77000,0,0,0,0,0,0,5000,5000,0,5000,0,0,0,-72000
08817P,致新元富01售02  ,0,0,0,0,0,0,0,0,0,-72000,0,0,0,140000,212000,-72000,-72000
068289,國泰金群益01購01,0,0,0,0,0,0,0,0,0,-73000,0,0,0,0,73000,-73000,-73000
069258,同欣電凱基03購02,0,0,0,0,0,0,0,0,0,-73000,0,0,0,20000,93000,-73000,-73000
03256P,聯發科富邦03售08,0,0,0,0,0,0,0,0,0,-73000,0,0,0,21000,94000,-73000,-73000
059224,大立光元大99購15,0,0,0,0,0,0,0,0,0,-73000,0,0,0,0,73000,-73000,-73000
063025,超眾元大9B購01  ,0,0,0,0,0,0,0,0,0,-73000,0,0,0,25000,98000,-73000,-73000
064621,大立光元大9C購20,0,0,0,0,0,0,0,0,0,-73000,0,0,0,0,73000,-73000,-73000
062027,國泰金群益9B購01,0,0,0,0,0,0,0,0,0,-73000,0,0,0,0,73000,-73000,-73000
066002,健策國票02購01  ,0,0,0,0,0,0,0,0,0,-73000,0,0,0,55000,128000,-73000,-73000
065533,台光電統一02購03,0,0,0,0,0,0,0,0,0,-73000,0,0,0,55000,128000,-73000,-73000
067622,同欣電國泰02購01,0,0,0,0,0,0,0,0,0,-73000,0,0,0,5000,78000,-73000,-73000
069573,臻鼎凱基02購02  ,0,0,0,0,0,0,0,0,0,-74000,0,0,0,0,74000,-74000,-74000
08015P,可成凱基9B售05  ,0,0,0,0,0,0,0,0,0,-74000,0,0,0,55000,129000,-74000,-74000
061084,京元電兆豐9A購02,0,0,0,0,0,0,0,0,0,-74000,0,0,0,390000,464000,-74000,-74000
058272,超眾永豐9A購01  ,0,0,0,0,0,0,0,0,0,-74000,0,0,0,2000,76000,-74000,-74000
03081P,華通元大01售06  ,0,0,0,0,0,0,0,0,0,-74000,0,0,0,71000,145000,-74000,-74000
056479,玉晶光元大99購05,0,0,0,0,0,0,0,0,0,-74000,0,0,0,0,74000,-74000,-74000
063467,大立光元大9C購06,0,0,0,0,0,0,0,0,0,-74000,0,0,0,0,74000,-74000,-74000
065784,正崴永豐9C購01  ,0,0,0,0,0,0,0,0,0,-74000,0,0,0,105000,179000,-74000,-74000
066062,同欣電元大01購02,0,0,0,0,0,0,0,0,0,-74000,0,0,0,1000,75000,-74000,-74000
2109,華豐            ,2000,76000,-74000,0,0,0,0,0,0,0,0,0,0,0,0,0,-74000
6115,鎰勝            ,21000,96000,-75000,0,0,0,0,0,0,1000,2000,1000,1000,0,0,0,-74000
068153,美律元大01購04  ,0,0,0,0,0,0,0,0,0,-75000,0,0,0,0,75000,-75000,-75000
068721,致茂元大02購01  ,0,0,0,0,0,0,0,0,0,-75000,0,0,0,151000,226000,-75000,-75000
056723,國巨中信9A購01  ,0,0,0,0,0,0,0,0,0,-75000,0,0,0,0,75000,-75000,-75000
03145P,聯發科國票03售01,0,0,0,0,0,0,0,0,0,-75000,0,0,0,36000,111000,-75000,-75000
061033,台光電永豐9A購01,0,0,0,0,0,0,0,0,0,-75000,0,0,0,0,75000,-75000,-75000
060978,國巨元大9A購13  ,0,0,0,0,0,0,0,0,0,-75000,0,0,0,30000,105000,-75000,-75000
064095,鴻海群益01購02  ,0,0,0,0,0,0,0,0,0,-75000,0,0,0,25000,100000,-75000,-75000
063674,力山國泰01購02  ,0,0,0,0,0,0,0,0,0,-75000,0,0,0,199000,274000,-75000,-75000
063186,聯發科凱基9C購04,0,0,0,0,0,0,0,0,0,-75000,0,0,0,96000,171000,-75000,-75000
065079,致茂元大9C購01  ,0,0,0,0,0,0,0,0,0,-75000,0,0,0,50000,125000,-75000,-75000
065207,奇力新國票9C購02,0,0,0,0,0,0,0,0,0,-75000,0,0,0,0,75000,-75000,-75000
063618,智邦兆豐9C購01  ,0,0,0,0,0,0,0,0,0,-75000,0,0,0,45000,120000,-75000,-75000
066000,奇鋐國票02購01  ,0,0,0,0,0,0,0,0,0,-75000,0,0,0,3000,78000,-75000,-75000
065365,國巨元大9C購19  ,0,0,0,0,0,0,0,0,0,-75000,0,0,0,5000,80000,-75000,-75000
066783,友達中信01購04  ,0,0,0,0,0,0,0,0,0,-75000,0,0,0,0,75000,-75000,-75000
3004,豐達科          ,15000,45000,-30000,0,0,0,0,0,0,-45000,0,0,0,0,45000,-45000,-75000
08802P,聯發科元大01售14,0,0,0,0,0,0,0,0,0,-75000,0,0,0,217000,292000,-75000,-75000
08684P,禾伸堂凱基01售01,0,0,0,0,0,0,0,0,0,-75000,0,0,0,60000,135000,-75000,-75000
068485,台達電元大01購05,0,0,0,0,0,0,0,0,0,-76000,0,0,0,114000,190000,-76000,-76000
08230P,台表科國票9C售03,0,0,0,0,0,0,0,0,0,-76000,0,0,0,162000,238000,-76000,-76000
060698,旺宏國泰9C購01  ,0,0,0,0,0,0,0,0,0,-76000,0,0,0,44000,120000,-76000,-76000
056584,鴻海統一9B購01  ,0,0,0,0,0,0,0,0,0,-76000,0,0,0,2950000,3026000,-76000,-76000
063922,大立光元富9C購04,0,0,0,0,0,0,0,0,0,-76000,0,0,0,15000,91000,-76000,-76000
066274,景碩元大01購02  ,0,0,0,0,0,0,0,0,0,-76000,0,0,0,120000,196000,-76000,-76000
08228P,華擎國票9C售01  ,0,0,0,0,0,0,0,0,0,-77000,0,0,0,0,77000,-77000,-77000
068567,聯發科元大01購32,0,0,0,0,0,0,0,0,0,-77000,0,0,0,4000,81000,-77000,-77000
068953,奇鋐凱基02購01  ,0,0,0,0,0,0,0,0,0,-77000,0,0,0,80000,157000,-77000,-77000
064277,可成元大9C購04  ,0,0,0,0,0,0,0,0,0,-77000,0,0,0,21000,98000,-77000,-77000
063736,大立光元大9B購08,0,0,0,0,0,0,0,0,0,-77000,0,0,0,2000,79000,-77000,-77000
063063,泰鼎元富9B購01  ,0,0,0,0,0,0,0,0,0,-77000,0,0,0,10000,87000,-77000,-77000
063841,國巨元大01購01  ,0,0,0,0,0,0,0,0,0,-77000,0,0,0,5000,82000,-77000,-77000
066170,聯陽凱基01購01  ,0,0,0,0,0,0,0,0,0,-77000,0,0,0,50000,127000,-77000,-77000
066538,信邦兆豐03購01  ,0,0,0,0,0,0,0,0,0,-77000,0,0,0,250000,327000,-77000,-77000
066561,健策元大01購04  ,0,0,0,0,0,0,0,0,0,-77000,0,0,0,53000,130000,-77000,-77000
067892,玉晶光群益02購06,0,0,0,0,0,0,0,0,0,-77000,0,0,0,56000,133000,-77000,-77000
068902,瑞儀元大02購03  ,0,0,0,0,0,0,0,0,0,-78000,0,0,0,130000,208000,-78000,-78000
068574,GIS元大01購08   ,0,0,0,0,0,0,0,0,0,-78000,0,0,0,0,78000,-78000,-78000
08184P,可成永豐9B售03  ,0,0,0,0,0,0,0,0,0,-78000,0,0,0,1000,79000,-78000,-78000
07977P,華新科群益01售01,0,0,0,0,0,0,0,0,0,-78000,0,0,0,12000,90000,-78000,-78000
069624,鎧勝統一02購03  ,0,0,0,0,0,0,0,0,0,-78000,0,0,0,0,78000,-78000,-78000
03347P,欣興台新02售01  ,0,0,0,0,0,0,0,0,0,-78000,0,0,0,132000,210000,-78000,-78000
060790,日月光富邦9A購01,0,0,0,0,0,0,0,0,0,-78000,0,0,0,37000,115000,-78000,-78000
067001,中化永豐01購02  ,0,0,0,0,0,0,0,0,0,-78000,0,0,0,38000,116000,-78000,-78000
2850,新產            ,59684,137000,-77316,0,0,0,0,0,0,-1000,0,1000,-1000,0,0,0,-78316
08115P,聯發科凱基9B售13,0,0,0,0,0,0,0,0,0,-79000,0,0,0,1000,80000,-79000,-79000
068864,欣興元富08購01  ,0,0,0,0,0,0,0,0,0,-79000,0,0,0,10000,89000,-79000,-79000
03338P,緯創國票04售01  ,0,0,0,0,0,0,0,0,0,-79000,0,0,0,44000,123000,-79000,-79000
00643,群益深証中小    ,61000,60000,1000,0,0,0,0,0,0,-80000,0,20000,-20000,483000,543000,-60000,-79000
064504,玉晶光元大01購02,0,0,0,0,0,0,0,0,0,-79000,0,0,0,6000,85000,-79000,-79000
066737,創意元大01購05  ,0,0,0,0,0,0,0,0,0,-79000,0,0,0,98000,177000,-79000,-79000
066280,眾達元大01購01  ,0,0,0,0,0,0,0,0,0,-79000,0,0,0,21000,100000,-79000,-79000
6226,光鼎            ,58000,136000,-78000,0,0,0,0,0,0,-1000,2000,3000,-1000,0,0,0,-79000
6206,飛捷            ,7000,53000,-46000,0,0,0,0,0,0,-33000,1000,34000,-33000,0,0,0,-79000
08986P,聯發科元富07售06,0,0,0,0,0,0,0,0,0,-79000,0,0,0,154000,233000,-79000,-79000
068137,FBVIX元大01購04 ,0,0,0,0,0,0,0,0,0,-80000,0,0,0,1000,81000,-80000,-80000
08000P,奇鋐凱基9B售03  ,0,0,0,0,0,0,0,0,0,-80000,0,0,0,0,80000,-80000,-80000
07772P,華新科國票9A售05,0,0,0,0,0,0,0,0,0,-80000,0,0,0,23000,103000,-80000,-80000
07731P,臺股指凱基9A售28,0,0,0,0,0,0,0,0,0,-80000,0,0,0,30000,110000,-80000,-80000
08276P,可成元富9C售02  ,20000,0,20000,0,0,0,0,0,0,-100000,0,0,0,437000,537000,-100000,-80000
08344P,旺宏元大01售02  ,0,0,0,0,0,0,0,0,0,-80000,0,0,0,50000,130000,-80000,-80000
069532,玉晶光群益03購05,0,0,0,0,0,0,0,0,0,-80000,0,0,0,0,80000,-80000,-80000
03542P,可成永豐02售02  ,0,0,0,0,0,0,0,0,0,-80000,0,0,0,0,80000,-80000,-80000
03434P,金融類元大02售01,0,0,0,0,0,0,0,0,0,-80000,0,0,0,0,80000,-80000,-80000
058613,茂林元大99購03  ,0,0,0,0,0,0,0,0,0,-80000,0,0,0,106000,186000,-80000,-80000
060456,正隆元大9A購01  ,0,0,0,0,0,0,0,0,0,-80000,0,0,0,0,80000,-80000,-80000
057691,健策凱基99購01  ,0,0,0,0,0,0,0,0,0,-80000,0,0,0,9000,89000,-80000,-80000
061792,和大永豐9B購01  ,0,0,0,0,0,0,0,0,0,-80000,0,0,0,0,80000,-80000,-80000
061539,國巨群益9B購03  ,0,0,0,0,0,0,0,0,0,-80000,0,0,0,0,80000,-80000,-80000
064641,神隆凱基9C購01  ,0,0,0,0,0,0,0,0,0,-80000,0,0,0,100000,180000,-80000,-80000
062846,國泰金富邦9C購01,0,0,0,0,0,0,0,0,0,-80000,0,0,0,0,80000,-80000,-80000
064783,貿聯群益9C購03  ,0,0,0,0,0,0,0,0,0,-80000,0,0,0,127000,207000,-80000,-80000
063852,瀚宇博元大9C購01,0,0,0,0,0,0,0,0,0,-80000,0,0,0,16000,96000,-80000,-80000
061350,牧德元大9B購03  ,0,0,0,0,0,0,0,0,0,-80000,0,0,0,0,80000,-80000,-80000
064386,友達富邦01購01  ,0,0,0,0,0,0,0,0,0,-80000,0,0,0,0,80000,-80000,-80000
063049,上海銀兆豐9B購01,0,0,0,0,0,0,0,0,0,-80000,0,0,0,0,80000,-80000,-80000
064593,鈺齊永豐9C購01  ,0,0,0,0,0,0,0,0,0,-80000,0,0,0,1556000,1636000,-80000,-80000
066554,嘉晶元大01購05  ,0,0,0,0,0,0,0,0,0,-80000,0,0,0,402000,482000,-80000,-80000
066485,台光電元富01購01,0,0,0,0,0,0,0,0,0,-80000,0,0,0,0,80000,-80000,-80000
067695,國產中信05購01  ,0,0,0,0,0,0,0,0,0,-80000,0,0,0,100000,180000,-80000,-80000
067746,瀚宇博元大01購04,0,0,0,0,0,0,0,0,0,-80000,0,0,0,136000,216000,-80000,-80000
067530,國巨群益01購09  ,0,0,0,0,0,0,0,0,0,-80000,0,0,0,51000,131000,-80000,-80000
08920P,臺股指凱基03售07,0,0,0,0,0,0,0,0,0,-80000,0,0,0,131000,211000,-80000,-80000
08685P,南電凱基01售03  ,0,0,0,0,0,0,0,0,0,-80000,0,0,0,195000,275000,-80000,-80000
3057,喬鼎            ,31000,111000,-80000,0,0,0,0,0,0,0,0,0,0,0,0,0,-80000
069865,台泥群益03購01  ,0,0,0,0,0,0,0,0,0,-81000,0,0,0,0,81000,-81000,-81000
064258,臻鼎國泰01購02  ,0,0,0,0,0,0,0,0,0,-81000,0,0,0,10000,91000,-81000,-81000
063970,大立光國票01購01,0,0,0,0,0,0,0,0,0,-81000,0,0,0,8000,89000,-81000,-81000
063699,國巨群益9B購07  ,0,0,0,0,0,0,0,0,0,-81000,0,0,0,0,81000,-81000,-81000
067721,義隆凱基01購06  ,0,0,0,0,0,0,0,0,0,-81000,0,0,0,0,81000,-81000,-81000
067789,和碩群益01購01  ,0,0,0,0,0,0,0,0,0,-81000,0,0,0,8000,89000,-81000,-81000
067944,緯穎凱基01購04  ,0,0,0,0,0,0,0,0,0,-81000,0,0,0,19000,100000,-81000,-81000
066718,滬深2X元大01購05,0,0,0,0,0,0,0,0,0,-81000,0,0,0,80000,161000,-81000,-81000
066719,滬深2X元大01購06,0,0,0,0,0,0,0,0,0,-81000,0,0,0,64000,145000,-81000,-81000
067111,聯詠群益01購03  ,0,0,0,0,0,0,0,0,0,-81000,0,0,0,52000,133000,-81000,-81000
066042,正崴元大02購01  ,0,0,0,0,0,0,0,0,0,-81000,0,0,0,83000,164000,-81000,-81000
069847,南電群益03購03  ,0,0,0,0,0,0,0,0,0,-82000,0,0,0,86000,168000,-82000,-82000
070016,潤泰新元大02購02,0,0,0,0,0,0,0,0,0,-82000,0,0,0,0,82000,-82000,-82000
08440P,玉晶光國票01售05,0,0,0,0,0,0,0,0,0,-82000,0,0,0,5000,87000,-82000,-82000
068758,喬山永豐02購01  ,0,0,0,0,0,0,0,0,0,-82000,0,0,0,24000,106000,-82000,-82000
069248,聯發科凱基02購08,0,0,0,0,0,0,0,0,0,-82000,0,0,0,35000,117000,-82000,-82000
03334P,宏達電元大02售04,0,0,0,0,0,0,0,0,0,-82000,0,0,0,50000,132000,-82000,-82000
03067P,南亞科群益01售01,0,0,0,0,0,0,0,0,0,-82000,0,0,0,10000,92000,-82000,-82000
063821,南亞科麥證9C購01,0,0,0,0,82000,-82000,0,0,0,-82000,0,0,0,0,82000,-82000,-82000
066278,健策元大02購01  ,0,0,0,0,0,0,0,0,0,-82000,0,0,0,27000,109000,-82000,-82000
065553,聯詠凱基9C購03  ,0,0,0,0,0,0,0,0,0,-82000,0,0,0,0,82000,-82000,-82000
07990P,緯穎凱基9B售02  ,0,0,0,0,0,0,0,0,0,-83000,0,0,0,2000,85000,-83000,-83000
069703,中石化國票04購01,0,0,0,0,0,0,0,0,0,-83000,0,0,0,2000,85000,-83000,-83000
03456P,華新科凱基02售04,0,0,0,0,0,0,0,0,0,-83000,0,0,0,30000,113000,-83000,-83000
03479P,牧德國票03售04  ,0,0,0,0,0,0,0,0,0,-83000,0,0,0,59000,142000,-83000,-83000
03411P,欣興元大02售08  ,0,0,0,0,0,0,0,0,0,-83000,0,0,0,240000,323000,-83000,-83000
061165,美律兆豐9A購01  ,0,0,0,0,0,0,0,0,0,-83000,0,0,0,0,83000,-83000,-83000
064727,群創統一02購03  ,0,0,0,0,0,0,0,0,0,-83000,0,0,0,38000,121000,-83000,-83000
065644,義隆元大9C購08  ,0,0,0,0,0,0,0,0,0,-83000,0,0,0,20000,103000,-83000,-83000
065932,世紀鋼國票02購01,0,0,0,0,0,0,0,0,0,-83000,0,0,0,112000,195000,-83000,-83000
066043,美律元大01購01  ,0,0,0,0,0,0,0,0,0,-83000,0,0,0,92000,175000,-83000,-83000
066484,瑞昱元富07購01  ,0,0,0,0,0,0,0,0,0,-83000,0,0,0,0,83000,-83000,-83000
067209,瑞昱元大01購04  ,0,0,0,0,0,0,0,0,0,-83000,0,0,0,170000,253000,-83000,-83000
067680,聯詠元大01購08  ,0,0,0,0,0,0,0,0,0,-83000,0,0,0,32000,115000,-83000,-83000
067676,大立光元大01購12,0,0,0,0,0,0,0,0,0,-83000,0,0,0,0,83000,-83000,-83000
6558,興能高          ,5000,87000,-82000,0,0,0,0,0,0,-1000,0,1000,-1000,0,0,0,-83000
9938,百和            ,603000,873000,-270000,0,0,0,164000,0,164000,23000,126000,56000,70000,10000,57000,-47000,-83000
07928P,國巨統一9B售09  ,0,0,0,0,0,0,0,0,0,-84000,0,0,0,0,84000,-84000,-84000
068813,南港元大02購01  ,0,0,0,0,0,0,0,0,0,-84000,0,0,0,49000,133000,-84000,-84000
068723,億光元大02購01  ,0,0,0,0,0,0,0,0,0,-84000,0,0,0,9000,93000,-84000,-84000
068360,緯穎凱基01購05  ,0,0,0,0,0,0,0,0,0,-84000,0,0,0,21000,105000,-84000,-84000
054640,健策中信9B購01  ,0,0,0,0,0,0,0,0,0,-84000,0,0,0,21000,105000,-84000,-84000
063693,智易永豐9B購02  ,0,0,0,0,0,0,0,0,0,-84000,0,0,0,0,84000,-84000,-84000
066377,健策兆豐01購02  ,0,0,0,0,0,0,0,0,0,-84000,0,0,0,3000,87000,-84000,-84000
066704,創意群益01購02  ,0,0,0,0,0,0,0,0,0,-84000,0,0,0,34000,118000,-84000,-84000
065307,矽格元富9C購01  ,0,0,0,0,0,0,0,0,0,-84000,0,0,0,19000,103000,-84000,-84000
3679,新至陞          ,52000,136000,-84000,0,0,0,0,0,0,0,0,0,0,0,0,0,-84000
2204,中華            ,357000,445000,-88000,0,0,0,0,0,0,4000,4000,0,4000,0,0,0,-84000
068834,大立光國泰08購01,0,0,0,0,0,0,0,0,0,-85000,0,0,0,4000,89000,-85000,-85000
068858,台積電元富08購05,0,0,0,0,0,0,0,0,0,-85000,0,0,0,359000,444000,-85000,-85000
069639,金像電台新02購01,0,0,0,0,0,0,0,0,0,-85000,0,0,0,108000,193000,-85000,-85000
060983,南亞科元大9A購06,0,0,0,0,0,0,0,0,0,-85000,0,0,0,5000,90000,-85000,-85000
020008,元大特股高息N   ,0,0,0,0,0,0,0,0,0,-85000,0,0,0,66000,151000,-85000,-85000
059917,華新科元大99購19,0,0,0,0,0,0,0,0,0,-85000,0,0,0,0,85000,-85000,-85000
063299,金寶凱基9B購01  ,0,0,0,0,0,0,0,0,0,-85000,0,0,0,115000,200000,-85000,-85000
061719,緯穎凱基9A購06  ,0,0,0,0,0,0,0,0,0,-85000,0,0,0,0,85000,-85000,-85000
062986,T50反1中信02購01,0,0,0,0,0,0,0,0,0,-85000,0,0,0,15000,100000,-85000,-85000
065730,新日興凱基9C購01,0,0,0,0,0,0,0,0,0,-85000,0,0,0,24000,109000,-85000,-85000
067444,國巨國票03購01  ,0,0,0,0,0,0,0,0,0,-85000,0,0,0,0,85000,-85000,-85000
1337,再生-KY         ,197000,276000,-79000,0,0,0,0,0,0,-6000,0,6000,-6000,0,0,0,-85000
2707,晶華            ,23800,74000,-50200,0,0,0,0,35000,-35000,0,0,0,0,0,0,0,-85200
07824P,國巨元大9A售24  ,0,0,0,0,0,0,0,0,0,-86000,0,0,0,155000,241000,-86000,-86000
069077,智邦凱基03購02  ,0,0,0,0,0,0,0,0,0,-86000,0,0,0,10000,96000,-86000,-86000
068523,台光電元富07購02,0,0,0,0,0,0,0,0,0,-86000,0,0,0,0,86000,-86000,-86000
061171,大立光麥證9A購01,0,0,0,0,86000,-86000,0,0,0,-86000,0,0,0,0,86000,-86000,-86000
059742,富邦金元富99購01,0,0,0,0,0,0,0,0,0,-86000,0,0,0,40000,126000,-86000,-86000
03266P,寶成國票04售01  ,0,0,0,0,0,0,0,0,0,-86000,0,0,0,61000,147000,-86000,-86000
053316,友達群益9A購01  ,0,0,0,0,0,0,0,0,0,-86000,0,0,0,10000,96000,-86000,-86000
064301,漢唐兆豐01購01  ,0,0,0,0,0,0,0,0,0,-86000,0,0,0,94000,180000,-86000,-86000
08695P,嘉晶群益01售01  ,0,0,0,0,0,0,0,0,0,-86000,0,0,0,10000,96000,-86000,-86000
068715,為升元大02購01  ,0,0,0,0,0,0,0,0,0,-87000,0,0,0,75000,162000,-87000,-87000
068913,聯發科群益02購11,0,0,0,0,0,0,0,0,0,-87000,0,0,0,70000,157000,-87000,-87000
069246,精元凱基02購02  ,0,0,0,0,0,0,0,0,0,-87000,0,0,0,10000,97000,-87000,-87000
08178P,南亞科元大9B售01,0,0,0,0,0,0,0,0,0,-87000,0,0,0,19000,106000,-87000,-87000
069858,欣興永豐02購09  ,0,0,0,0,0,0,0,0,0,-87000,0,0,0,0,87000,-87000,-87000
058750,緯穎凱基9A購03  ,0,0,0,0,0,0,0,0,0,-87000,0,0,0,0,87000,-87000,-87000
03045P,台表科國票03售01,0,0,0,0,0,0,0,0,0,-87000,0,0,0,33000,120000,-87000,-87000
064817,鈺齊元大9C購02  ,0,0,0,0,0,0,0,0,0,-87000,0,0,0,172000,259000,-87000,-87000
067862,泰豐元大01購02  ,0,0,0,0,0,0,0,0,0,-87000,0,0,0,191000,278000,-87000,-87000
067274,燿華統一03購01  ,0,0,0,0,0,0,0,0,0,-87000,0,0,0,0,87000,-87000,-87000
066984,總太群益02購01  ,0,0,0,0,0,0,0,0,0,-87000,0,0,0,0,87000,-87000,-87000
065334,立積國票01購02  ,0,0,0,0,0,0,0,0,0,-87000,0,0,0,5000,92000,-87000,-87000
066425,創意元大01購03  ,0,0,0,0,0,0,0,0,0,-87000,0,0,0,31000,118000,-87000,-87000
08701P,景碩康和01售02  ,0,0,0,0,0,0,0,0,0,-87000,0,0,0,48000,135000,-87000,-87000
068859,台積電元富08購06,0,0,0,0,0,0,0,0,0,-88000,0,0,0,111000,199000,-88000,-88000
068478,瑞儀群益01購02  ,0,0,0,0,0,0,0,0,0,-88000,0,0,0,155000,243000,-88000,-88000
057318,台光電凱基9A購01,0,0,0,0,0,0,0,0,0,-88000,0,0,0,40000,128000,-88000,-88000
058431,國巨統一9B購01  ,0,0,0,0,0,0,0,0,0,-88000,0,0,0,0,88000,-88000,-88000
05995P,T50正2中信9C售01,0,0,0,0,0,0,0,0,0,-88000,0,0,0,92000,180000,-88000,-88000
063177,友達兆豐9B購01  ,0,0,0,0,0,0,0,0,0,-88000,0,0,0,0,88000,-88000,-88000
065557,中磊凱基9C購01  ,0,0,0,0,0,0,0,0,0,-88000,0,0,0,183000,271000,-88000,-88000
065525,瑞儀群益01購01  ,0,0,0,0,0,0,0,0,0,-88000,0,0,0,170000,258000,-88000,-88000
066787,聯發科麥證01購06,0,0,0,20000,108000,-88000,0,0,0,-88000,0,0,0,20000,108000,-88000,-88000
067540,新日興群益02購01,0,0,0,0,0,0,0,0,0,-88000,0,0,0,0,88000,-88000,-88000
068675,聯電元富03購01  ,0,0,0,0,0,0,0,0,0,-89000,0,0,0,119000,208000,-89000,-89000
068270,建準永豐01購01  ,0,0,0,0,0,0,0,0,0,-89000,0,0,0,235000,324000,-89000,-89000
058480,新日興凱基9A購01,0,0,0,0,0,0,0,0,0,-89000,0,0,0,4000,93000,-89000,-89000
057739,新日興富邦9B購01,0,0,0,0,0,0,0,0,0,-89000,0,0,0,28000,117000,-89000,-89000
063144,超眾統一9C購02  ,0,0,0,0,0,0,0,0,0,-89000,0,0,0,28000,117000,-89000,-89000
061971,力山元大9C購02  ,0,0,0,0,0,0,0,0,0,-89000,0,0,0,263000,352000,-89000,-89000
066488,聯詠元富07購01  ,0,0,0,0,0,0,0,0,0,-89000,0,0,0,0,89000,-89000,-89000
06837P,上銀統一9A售02  ,0,0,0,0,0,0,0,0,0,-90000,0,0,0,0,90000,-90000,-90000
068756,得力永豐02購01  ,0,0,0,0,0,0,0,0,0,-90000,0,0,0,11000,101000,-90000,-90000
068733,瑞儀元大02購01  ,0,0,0,0,0,0,0,0,0,-90000,0,0,0,186000,276000,-90000,-90000
069366,百和永豐02購01  ,0,0,0,0,0,0,0,0,0,-90000,0,0,0,171000,261000,-90000,-90000
069890,上銀元大02購01  ,0,0,0,0,0,0,0,0,0,-90000,0,0,0,10000,100000,-90000,-90000
07009P,臺股指中信9B售01,0,0,0,0,0,0,0,0,0,-90000,0,0,0,30000,120000,-90000,-90000
069770,精元元大02購03  ,0,0,0,0,0,0,0,0,0,-90000,0,0,0,12000,102000,-90000,-90000
08198P,聯發科元大9B售25,0,0,0,0,0,0,0,0,0,-90000,0,0,0,10000,100000,-90000,-90000
07819P,旺宏國票9B售01  ,0,0,0,0,0,0,0,0,0,-90000,0,0,0,0,90000,-90000,-90000
08497P,華新科國票01售02,0,0,0,0,0,0,0,0,0,-90000,0,0,0,25000,115000,-90000,-90000
061645,超眾元大9A購06  ,0,0,0,0,0,0,0,0,0,-90000,0,0,0,79000,169000,-90000,-90000
059836,大立光國泰9B購02,0,0,0,0,0,0,0,0,0,-90000,0,0,0,13000,103000,-90000,-90000
060054,華新科凱基9B購04,0,0,0,0,0,0,0,0,0,-90000,0,0,0,30000,120000,-90000,-90000
054803,味全元大9A購01  ,0,0,0,0,0,0,0,0,0,-90000,0,0,0,10000,100000,-90000,-90000
03075P,泰碩國泰03售01  ,0,0,0,0,0,0,0,0,0,-90000,0,0,0,56000,146000,-90000,-90000
055989,矽力元富9A購01  ,0,0,0,0,0,0,0,0,0,-90000,0,0,0,27000,117000,-90000,-90000
00830,國泰費城半導體  ,0,0,0,0,0,0,0,0,0,-90000,0,0,0,107000,197000,-90000,-90000
061897,泰碩永豐9B購01  ,0,0,0,0,0,0,0,0,0,-90000,0,0,0,0,90000,-90000,-90000
062023,寶成永豐9B購01  ,0,0,0,0,0,0,0,0,0,-90000,0,0,0,0,90000,-90000,-90000
064238,玉晶光統一01購08,0,0,0,0,0,0,0,0,0,-90000,0,0,0,111000,201000,-90000,-90000
062426,大立光統一02購02,0,0,0,0,0,0,0,0,0,-90000,0,0,0,5000,95000,-90000,-90000
066284,松翰元大01購01  ,0,0,0,0,0,0,0,0,0,-90000,0,0,0,10000,100000,-90000,-90000
065719,T50反1兆豐9C購01,0,0,0,0,0,0,0,0,0,-90000,0,0,0,0,90000,-90000,-90000
069740,智邦永豐02購02  ,0,0,0,0,0,0,0,0,0,-91000,0,0,0,4000,95000,-91000,-91000
068734,瑞儀元大02購02  ,0,0,0,0,0,0,0,0,0,-91000,0,0,0,48000,139000,-91000,-91000
068608,景碩凱基01購01  ,0,0,0,0,0,0,0,0,0,-91000,0,0,0,0,91000,-91000,-91000
058786,元黃金元大99購01,0,0,0,0,0,0,0,0,0,-91000,0,0,0,90000,181000,-91000,-91000
064667,大立光元大02購01,0,0,0,0,0,0,0,0,0,-91000,0,0,0,30000,121000,-91000,-91000
064323,滬深2X元大9C購09,0,0,0,0,0,0,0,0,0,-91000,0,0,0,19000,110000,-91000,-91000
066155,華碩康和01購01  ,0,0,0,0,0,0,0,0,0,-91000,0,0,0,89000,180000,-91000,-91000
066552,大立光元大01購08,0,0,0,0,0,0,0,0,0,-91000,0,0,0,0,91000,-91000,-91000
08631P,臺股指麥證9C售06,0,0,0,5000,96000,-91000,0,0,0,-91000,0,0,0,5000,96000,-91000,-91000
2489,瑞軒            ,332000,384000,-52000,0,0,0,0,0,0,-39000,2000,41000,-39000,0,0,0,-91000
5607,遠雄港          ,26000,120000,-94000,0,0,0,0,0,0,3000,3000,0,3000,0,0,0,-91000
069339,群光群益02購02  ,0,0,0,0,0,0,0,0,0,-92000,0,0,0,164000,256000,-92000,-92000
068929,台積電永豐02購02,0,0,0,0,0,0,0,0,0,-92000,0,0,0,0,92000,-92000,-92000
08068P,宏達電國泰9C售01,0,0,0,0,0,0,0,0,0,-92000,0,0,0,97000,189000,-92000,-92000
056850,彩晶元富99購01  ,0,0,0,0,0,0,0,0,0,-92000,0,0,0,32000,124000,-92000,-92000
059363,超眾永豐99購02  ,0,0,0,0,0,0,0,0,0,-92000,0,0,0,0,92000,-92000,-92000
059886,可成國票99購04  ,0,0,0,0,0,0,0,0,0,-92000,0,0,0,394000,486000,-92000,-92000
061717,力成凱基9B購01  ,0,0,0,0,0,0,0,0,0,-92000,0,0,0,0,92000,-92000,-92000
062401,信邦永豐9B購01  ,0,0,0,0,0,0,0,0,0,-92000,0,0,0,225000,317000,-92000,-92000
066312,川湖永豐01購01  ,0,0,0,0,0,0,0,0,0,-92000,0,0,0,38000,130000,-92000,-92000
07847P,國巨群益9A售13  ,0,0,0,0,0,0,0,0,0,-93000,0,0,0,40000,133000,-93000,-93000
08443P,臺股指麥證01售02,0,0,0,1208000,1301000,-93000,0,0,0,-93000,0,0,0,1208000,1301000,-93000,-93000
068828,台郡元大02購02  ,0,0,0,0,0,0,0,0,0,-93000,0,0,0,0,93000,-93000,-93000
069326,瀚宇博兆豐03購02,0,0,0,0,0,0,0,0,0,-93000,0,0,0,248000,341000,-93000,-93000
03520P,臺股指國票02售09,0,0,0,0,0,0,0,0,0,-93000,0,0,0,0,93000,-93000,-93000
064144,智邦統一01購02  ,0,0,0,0,0,0,0,0,0,-93000,0,0,0,12000,105000,-93000,-93000
063938,上銀元大9C購03  ,0,0,0,0,0,0,0,0,0,-93000,0,0,0,80000,173000,-93000,-93000
066004,國巨統一01購11  ,0,0,0,0,0,0,0,0,0,-93000,0,0,0,251000,344000,-93000,-93000
4755,三福化          ,12000,105000,-93000,0,0,0,0,0,0,0,1000,1000,0,0,0,0,-93000
08633P,聯發科元大9C售20,0,0,0,0,0,0,0,0,0,-93000,0,0,0,26000,119000,-93000,-93000
068439,信邦凱基01購02  ,0,0,0,0,0,0,0,0,0,-94000,0,0,0,30000,124000,-94000,-94000
069583,群光永豐02購01  ,0,0,0,0,0,0,0,0,0,-94000,0,0,0,153000,247000,-94000,-94000
03478P,義隆台新02售01  ,0,0,0,0,0,0,0,0,0,-94000,0,0,0,31000,125000,-94000,-94000
062511,台光電國票9B購02,0,0,0,0,0,0,0,0,0,-94000,0,0,0,0,94000,-94000,-94000
058105,旺宏統一9A購02  ,0,0,0,0,0,0,0,0,0,-94000,0,0,0,106000,200000,-94000,-94000
063508,緯創群益9B購01  ,0,0,0,0,0,0,0,0,0,-94000,0,0,0,41000,135000,-94000,-94000
062855,嘉澤永豐9B購02  ,0,0,0,0,0,0,0,0,0,-94000,0,0,0,0,94000,-94000,-94000
065700,京元電群益9C購01,0,0,0,0,0,0,0,0,0,-94000,0,0,0,19000,113000,-94000,-94000
067304,義隆元大01購05  ,0,0,0,0,0,0,0,0,0,-94000,0,0,0,0,94000,-94000,-94000
3532,台勝科          ,105000,195000,-90000,0,0,0,0,0,0,-4000,3000,0,3000,0,7000,-7000,-94000
07947P,國巨統一9B售12  ,0,0,0,0,0,0,0,0,0,-95000,0,0,0,0,95000,-95000,-95000
068335,牧德元大03購02  ,0,0,0,0,0,0,0,0,0,-95000,0,0,0,20000,115000,-95000,-95000
069228,玉晶光群益03購02,0,0,0,0,0,0,0,0,0,-95000,0,0,0,15000,110000,-95000,-95000
069146,欣興永豐02購03  ,0,0,0,0,0,0,0,0,0,-95000,0,0,0,57000,152000,-95000,-95000
068807,上緯控群益02購01,0,0,0,0,0,0,0,0,0,-95000,0,0,0,319000,414000,-95000,-95000
064101,可成群益01購01  ,0,0,0,0,0,0,0,0,0,-95000,0,0,0,16000,111000,-95000,-95000
054976,上証2X元富9A購01,0,0,0,0,0,0,0,0,0,-95000,0,0,0,57000,152000,-95000,-95000
058794,旺宏元大99購09  ,0,0,0,0,0,0,0,0,0,-95000,0,0,0,5000,100000,-95000,-95000
064363,聯發科統一9C購14,0,0,0,0,0,0,0,0,0,-95000,0,0,0,5000,100000,-95000,-95000
063920,大立光元富03購02,0,0,0,0,0,0,0,0,0,-95000,0,0,0,2000,97000,-95000,-95000
063915,祥碩凱基01購01  ,0,0,0,0,0,0,0,0,0,-95000,0,0,0,84000,179000,-95000,-95000
063207,聯茂統一01購01  ,0,0,0,0,0,0,0,0,0,-95000,0,0,0,10000,105000,-95000,-95000
067628,力山永豐01購01  ,0,0,0,0,0,0,0,0,0,-95000,0,0,0,33000,128000,-95000,-95000
067916,敬鵬永豐01購01  ,0,0,0,0,0,0,0,0,0,-95000,0,0,0,0,95000,-95000,-95000
068072,聯發科凱基01購18,0,0,0,0,0,0,0,0,0,-95000,0,0,0,75000,170000,-95000,-95000
066606,聯詠永豐01購01  ,0,0,0,0,0,0,0,0,0,-95000,0,0,0,0,95000,-95000,-95000
4108,懷特            ,34000,120000,-86000,0,0,0,0,0,0,-9000,0,9000,-9000,0,0,0,-95000
08981P,台積電凱基01售16,0,0,0,0,0,0,0,0,0,-95000,0,0,0,72000,167000,-95000,-95000
069276,欣興永豐02購05  ,0,0,0,0,0,0,0,0,0,-96000,0,0,0,110000,206000,-96000,-96000
069586,創意永豐02購01  ,0,0,0,0,0,0,0,0,0,-96000,0,0,0,2000,98000,-96000,-96000
03124P,台郡元大01售07  ,0,0,0,0,0,0,0,0,0,-96000,0,0,0,431000,527000,-96000,-96000
063388,台光電兆豐9C購01,0,0,0,0,0,0,0,0,0,-96000,0,0,0,0,96000,-96000,-96000
064217,GIS凱基02購02   ,0,0,0,0,0,0,0,0,0,-96000,0,0,0,17000,113000,-96000,-96000
066054,創意元大01購02  ,0,0,0,0,0,0,0,0,0,-96000,0,0,0,152000,248000,-96000,-96000
068069,台光電凱基01購03,0,0,0,0,0,0,0,0,0,-96000,0,0,0,0,96000,-96000,-96000
08933P,上銀元大01售02  ,0,0,0,0,0,0,0,0,0,-96000,0,0,0,1000,97000,-96000,-96000
8404,百和興業-KY     ,24000,124000,-100000,0,0,0,0,0,0,4000,4000,0,4000,0,0,0,-96000
069572,欣興凱基03購03  ,0,0,0,0,0,0,0,0,0,-97000,0,0,0,133000,230000,-97000,-97000
069087,緯穎凱基03購01  ,0,0,0,0,0,0,0,0,0,-97000,0,0,0,25000,122000,-97000,-97000
068417,宏碁兆豐03購01  ,0,40000,-40000,0,0,0,0,0,0,-57000,0,0,0,185000,242000,-57000,-97000
068706,國產國票03購01  ,0,0,0,0,0,0,0,0,0,-97000,0,0,0,43000,140000,-97000,-97000
057666,奇力新元大9A購01,0,0,0,0,0,0,0,0,0,-97000,0,0,0,13000,110000,-97000,-97000
058747,友達凱基9A購03  ,0,0,0,0,0,0,0,0,0,-97000,0,0,0,0,97000,-97000,-97000
065091,亞光元大9C購01  ,0,0,0,0,0,0,0,0,0,-97000,0,0,0,3000,100000,-97000,-97000
063315,京元電群益9B購03,0,0,0,0,0,0,0,0,0,-97000,0,0,0,47000,144000,-97000,-97000
068068,瑞昱凱基01購03  ,0,0,0,0,0,0,0,0,0,-97000,0,0,0,0,97000,-97000,-97000
067498,臻鼎元大01購03  ,0,0,0,0,0,0,0,0,0,-97000,0,0,0,50000,147000,-97000,-97000
066465,同欣電統一01購05,0,0,0,0,0,0,0,0,0,-97000,0,0,0,289000,386000,-97000,-97000
6283,淳安            ,27000,125000,-98000,0,0,0,0,0,0,1000,1000,0,1000,0,0,0,-97000
3312,弘憶股          ,32000,117000,-85000,0,0,0,0,0,0,-12000,1000,13000,-12000,0,0,0,-97000
068434,美律凱基01購03  ,0,0,0,0,0,0,0,0,0,-98000,0,0,0,30000,128000,-98000,-98000
068197,聯發科凱基01購19,0,0,0,0,0,0,0,0,0,-98000,0,0,0,12000,110000,-98000,-98000
068798,南電凱基02購04  ,0,0,0,0,0,0,0,0,0,-98000,0,0,0,319000,417000,-98000,-98000
068915,聯詠群益03購01  ,0,0,0,0,0,0,0,0,0,-98000,0,0,0,0,98000,-98000,-98000
07968P,國巨元大9B售09  ,0,0,0,0,0,0,0,0,0,-98000,0,0,0,20000,118000,-98000,-98000
03392P,奇鋐永豐02售02  ,0,0,0,0,0,0,0,0,0,-98000,0,0,0,5000,103000,-98000,-98000
051375,道瓊反群益9A購01,0,0,0,0,0,0,0,0,0,-98000,0,0,0,4000,102000,-98000,-98000
060953,富邦金群益9A購01,0,0,0,0,0,0,0,0,0,-98000,0,0,0,111000,209000,-98000,-98000
063426,茂林凱基9B購03  ,0,0,0,0,0,0,0,0,0,-98000,0,0,0,180000,278000,-98000,-98000
064335,可成元大9C購05  ,0,0,0,0,0,0,0,0,0,-98000,0,0,0,142000,240000,-98000,-98000
061816,長榮航群益9B購02,0,0,0,0,0,0,0,0,0,-98000,0,0,0,2000,100000,-98000,-98000
065827,正崴凱基9C購01  ,0,0,0,0,0,0,0,0,0,-98000,0,0,0,77000,175000,-98000,-98000
067342,新日興凱基01購02,0,0,0,0,0,0,0,0,0,-98000,0,0,0,0,98000,-98000,-98000
069714,和鑫國票03購01  ,0,0,0,0,0,0,0,0,0,-99000,0,0,0,1000,100000,-99000,-99000
069957,中租永豐02購01  ,0,0,0,0,0,0,0,0,0,-99000,0,0,0,0,99000,-99000,-99000
069774,欣興元大02購14  ,0,0,0,0,0,0,0,0,0,-99000,0,0,0,21000,120000,-99000,-99000
069164,聯發科元大03購01,0,0,0,0,0,0,0,0,0,-99000,0,0,0,3000,102000,-99000,-99000
069097,瑞昱統一04購01  ,0,0,0,0,0,0,0,0,0,-99000,0,0,0,63000,162000,-99000,-99000
068754,聯發科國泰08購01,0,0,0,0,0,0,0,0,0,-99000,0,0,0,304000,403000,-99000,-99000
059911,國巨元大99購27  ,0,0,0,0,0,0,0,0,0,-99000,0,0,0,5000,104000,-99000,-99000
03003P,京鼎群益01售02  ,0,0,0,0,0,0,0,0,0,-99000,0,0,0,37000,136000,-99000,-99000
064739,智邦國票01購01  ,0,0,0,0,0,0,0,0,0,-99000,0,0,0,10000,109000,-99000,-99000
064313,嘉晶群益9C購02  ,0,0,0,0,0,0,0,0,0,-99000,0,0,0,26000,125000,-99000,-99000
063881,嘉晶元富9C購01  ,0,0,0,0,0,0,0,0,0,-99000,0,0,0,3000,102000,-99000,-99000
062607,美食凱基9B購01  ,0,0,0,0,0,0,0,0,0,-99000,0,0,0,50000,149000,-99000,-99000
067199,滬深2X元大04購02,0,0,0,0,0,0,0,0,0,-99000,0,0,0,201000,300000,-99000,-99000
068105,GIS永豐01購01   ,0,0,0,0,0,0,0,0,0,-99000,0,0,0,5000,104000,-99000,-99000
067949,緯穎國泰03購01  ,0,0,0,0,0,0,0,0,0,-99000,0,0,0,267000,366000,-99000,-99000
067894,玉晶光群益02購08,0,0,0,0,0,0,0,0,0,-99000,0,0,0,0,99000,-99000,-99000
068740,T50反1群益03購01,0,0,0,0,0,0,0,0,0,-100000,0,0,0,0,100000,-100000,-100000
068646,上証2X元大03購05,0,0,0,0,0,0,0,0,0,-100000,0,0,0,0,100000,-100000,-100000
068638,國泰金凱基03購01,0,0,0,0,0,0,0,0,0,-100000,0,0,0,0,100000,-100000,-100000
068501,泰鼎元大01購04  ,0,0,0,0,0,0,0,0,0,-100000,0,0,0,0,100000,-100000,-100000
068288,長榮航群益01購02,0,0,0,0,0,0,0,0,0,-100000,0,0,0,0,100000,-100000,-100000
068442,牧德凱基01購04  ,0,0,0,0,0,0,0,0,0,-100000,0,0,0,0,100000,-100000,-100000
068387,國巨統一03購02  ,0,0,0,0,0,0,0,0,0,-100000,0,0,0,0,100000,-100000,-100000
069302,道瓊銀凱基05購02,0,0,0,0,0,0,0,0,0,-100000,0,0,0,0,100000,-100000,-100000
068785,兆豐金康和02購01,0,0,0,0,0,0,0,0,0,-100000,0,0,0,0,100000,-100000,-100000
069061,台積電麥證02購03,0,0,0,0,100000,-100000,0,0,0,-100000,0,0,0,0,100000,-100000,-100000
068936,景碩永豐02購01  ,0,0,0,0,0,0,0,0,0,-100000,0,0,0,7000,107000,-100000,-100000
07094P,華通國票9A售03  ,0,0,0,0,0,0,0,0,0,-100000,0,0,0,0,100000,-100000,-100000
069981,新興凱基02購01  ,0,0,0,0,0,0,0,0,0,-100000,0,0,0,0,100000,-100000,-100000
07370P,南亞科凱基99售08,0,0,0,0,0,0,0,0,0,-100000,0,0,0,0,100000,-100000,-100000
07823P,國巨元大9A售23  ,0,0,0,0,0,0,0,0,0,-100000,0,0,0,40000,140000,-100000,-100000
07691P,宏達電元大9A售05,0,0,0,0,0,0,0,0,0,-100000,0,0,0,0,100000,-100000,-100000
07669P,華新科元大9A售14,0,0,0,0,0,0,0,0,0,-100000,0,0,0,0,100000,-100000,-100000
08132P,南六元大9B售05  ,0,0,0,0,0,0,0,0,0,-100000,0,0,0,0,100000,-100000,-100000
08130P,義隆元大9B售05  ,0,0,0,0,0,0,0,0,0,-100000,0,0,0,0,100000,-100000,-100000
08599P,台表科元大9C售11,0,0,0,0,0,0,0,0,0,-100000,0,0,0,0,100000,-100000,-100000
03078P,上銀統一01售05  ,0,0,0,0,0,0,0,0,0,-100000,0,0,0,0,100000,-100000,-100000
055063,玉晶光永豐99購01,0,0,0,0,0,0,0,0,0,-100000,0,0,0,0,100000,-100000,-100000
03474P,聯電元大02售16  ,0,0,0,0,0,0,0,0,0,-100000,0,0,0,0,100000,-100000,-100000
03524P,奇鋐凱基03售01  ,0,0,0,0,0,0,0,0,0,-100000,0,0,0,0,100000,-100000,-100000
058825,同欣電富邦9A購01,0,0,0,0,0,0,0,0,0,-100000,0,0,0,0,100000,-100000,-100000
060058,牧德凱基9B購01  ,0,0,0,0,0,0,0,0,0,-100000,0,0,0,0,100000,-100000,-100000
060455,葡萄王元大9A購02,0,0,0,0,0,0,0,0,0,-100000,0,0,0,0,100000,-100000,-100000
060384,葡萄王凱基9B購01,0,0,0,0,0,0,0,0,0,-100000,0,0,0,0,100000,-100000,-100000
061625,聯茂群益9A購02  ,0,0,0,0,0,0,0,0,0,-100000,0,0,0,0,100000,-100000,-100000
060954,國泰金群益9A購02,0,0,0,0,0,0,0,0,0,-100000,0,0,0,0,100000,-100000,-100000
060851,國巨國泰9C購01  ,0,0,0,0,0,0,0,0,0,-100000,0,0,0,60000,160000,-100000,-100000
060838,華通國票9A購05  ,0,0,0,0,0,0,0,0,0,-100000,0,0,0,0,100000,-100000,-100000
063992,大立光中信9C購03,0,0,0,0,0,0,0,0,0,-100000,0,0,0,20000,120000,-100000,-100000
064735,群創元富9C購02  ,0,0,0,0,0,0,0,0,0,-100000,0,0,0,0,100000,-100000,-100000
062927,同欣電國票9B購02,0,0,0,0,0,0,0,0,0,-100000,0,0,0,0,100000,-100000,-100000
063475,同欣電元大9C購01,0,0,0,0,0,0,0,0,0,-100000,0,0,0,77000,177000,-100000,-100000
064671,聯茂元大9C購02  ,0,0,0,0,0,0,0,0,0,-100000,0,0,0,0,100000,-100000,-100000
061773,和潤元大9B購01  ,0,0,0,0,0,0,0,0,0,-100000,0,0,0,15000,115000,-100000,-100000
063131,聯茂元大9B購03  ,0,0,0,0,0,0,0,0,0,-100000,0,0,0,0,100000,-100000,-100000
063650,矽創元大9B購03  ,0,0,0,0,0,0,0,0,0,-100000,0,0,0,0,100000,-100000,-100000
063563,國巨元大9C購07  ,0,0,0,0,0,0,0,0,0,-100000,0,0,0,0,100000,-100000,-100000
061342,華新科元大9A購17,0,0,0,0,0,0,0,0,0,-100000,0,0,0,0,100000,-100000,-100000
061905,上証反中信03購01,0,0,0,0,0,0,0,0,0,-100000,0,0,0,0,100000,-100000,-100000
062910,亞光元大9B購01  ,0,0,0,0,0,0,0,0,0,-100000,0,0,0,0,100000,-100000,-100000
065146,帆宣凱基9C購01  ,0,0,0,0,0,0,0,0,0,-100000,0,0,0,0,100000,-100000,-100000
065215,義隆國泰02購02  ,0,0,0,0,0,0,0,0,0,-100000,0,0,0,200000,300000,-100000,-100000
065272,聯茂元大9C購05  ,0,0,0,0,0,0,0,0,0,-100000,0,0,0,0,100000,-100000,-100000
061842,牧德凱基9C購01  ,0,0,0,0,0,0,0,0,0,-100000,0,0,0,0,100000,-100000,-100000
062004,國巨國泰9C購03  ,0,0,0,0,0,0,0,0,0,-100000,0,0,0,5000,105000,-100000,-100000
061991,牧德元大9C購01  ,0,0,0,0,0,0,0,0,0,-100000,0,0,0,0,100000,-100000,-100000
062390,元黃金富邦9C購01,0,0,0,0,0,0,0,0,0,-100000,0,0,0,0,100000,-100000,-100000
067727,聯茂凱基01購02  ,0,0,0,0,0,0,0,0,0,-100000,0,0,0,5000,105000,-100000,-100000
067215,亞光元大01購05  ,0,0,0,0,0,0,0,0,0,-100000,0,0,0,0,100000,-100000,-100000
067086,中磊元大01購01  ,0,0,0,0,0,0,0,0,0,-100000,0,0,0,126000,226000,-100000,-100000
066808,牧德凱基01購01  ,0,0,0,0,0,0,0,0,0,-100000,0,0,0,0,100000,-100000,-100000
066845,亞光元大01購02  ,0,0,0,0,0,0,0,0,0,-100000,0,0,0,0,100000,-100000,-100000
066911,牧德凱基02購01  ,0,0,0,0,0,0,0,0,0,-100000,0,0,0,0,100000,-100000,-100000
066970,T50反1群益01購05,0,0,0,0,0,0,0,0,0,-100000,0,0,0,112000,212000,-100000,-100000
065845,友達元大9C購12  ,0,0,0,0,0,0,0,0,0,-100000,0,0,0,0,100000,-100000,-100000
065959,T50反1元大01購02,0,0,0,0,0,0,0,0,0,-100000,0,0,0,0,100000,-100000,-100000
065559,超眾凱基9C購03  ,0,0,0,0,0,0,0,0,0,-100000,0,0,0,0,100000,-100000,-100000
065560,同欣電麥證9C購02,0,0,0,0,100000,-100000,0,0,0,-100000,0,0,0,0,100000,-100000,-100000
065562,同欣電麥證9C購04,0,0,0,0,100000,-100000,0,0,0,-100000,0,0,0,0,100000,-100000,-100000
065352,GIS統一01購04   ,0,0,0,0,0,0,0,0,0,-100000,0,0,0,0,100000,-100000,-100000
066382,拓凱康和01購01  ,0,0,0,0,0,0,0,0,0,-100000,0,0,0,20000,120000,-100000,-100000
3443,創意            ,527281,632000,-104719,0,0,0,24000,0,24000,-20000,73000,84000,-11000,48000,57000,-9000,-100719
08131P,立積元大9B售02  ,0,0,0,0,0,0,0,0,0,-101000,0,0,0,0,101000,-101000,-101000
068808,瑞儀群益02購01  ,0,0,0,0,0,0,0,0,0,-101000,0,0,0,98000,199000,-101000,-101000
069213,GIS元大02購02   ,0,0,0,0,0,0,0,0,0,-101000,0,0,0,0,101000,-101000,-101000
068129,宏碁統一03購01  ,0,0,0,0,0,0,0,0,0,-101000,0,0,0,217000,318000,-101000,-101000
068509,義隆台新01購01  ,0,0,0,0,0,0,0,0,0,-101000,0,0,0,200000,301000,-101000,-101000
061818,富邦金群益9C購01,0,0,0,0,0,0,0,0,0,-101000,0,0,0,188000,289000,-101000,-101000
061800,泰鼎永豐9B購01  ,0,0,0,0,0,0,0,0,0,-101000,0,0,0,12000,113000,-101000,-101000
065082,台光電元大9C購04,0,0,0,0,0,0,0,0,0,-101000,0,0,0,0,101000,-101000,-101000
064603,和碩元富9C購01  ,0,0,0,0,0,0,0,0,0,-101000,0,0,0,117000,218000,-101000,-101000
065984,緯創富邦03購01  ,0,0,0,0,0,0,0,0,0,-101000,0,0,0,270000,371000,-101000,-101000
065939,創意群益01購01  ,0,0,0,0,0,0,0,0,0,-101000,0,0,0,49000,150000,-101000,-101000
067417,力山凱基02購01  ,0,0,0,0,0,0,0,0,0,-101000,0,0,0,58000,159000,-101000,-101000
2457,飛宏            ,586000,685000,-99000,0,0,0,0,0,0,-2000,2000,4000,-2000,0,0,0,-101000
08708P,華通台新01售01  ,0,0,0,0,0,0,0,0,0,-101000,0,0,0,36000,137000,-101000,-101000
068222,緯創統一01購02  ,0,0,0,0,0,0,0,0,0,-102000,0,0,0,0,102000,-102000,-102000
069930,華碩統一04購01  ,0,0,0,0,0,0,0,0,0,-102000,0,0,0,4000,106000,-102000,-102000
069901,奇力新元大02購03,0,0,0,0,0,0,0,0,0,-102000,0,0,0,0,102000,-102000,-102000
060347,大立光統一02購01,0,0,0,0,0,0,0,0,0,-102000,0,0,0,10000,112000,-102000,-102000
061043,百和永豐9A購01  ,0,0,0,0,0,0,0,0,0,-102000,0,0,0,21000,123000,-102000,-102000
05887P,友達元富99售03  ,0,0,0,0,0,0,0,0,0,-102000,0,0,0,73000,175000,-102000,-102000
064376,美律元富9C購01  ,0,0,0,0,0,0,0,0,0,-102000,0,0,0,0,102000,-102000,-102000
065100,聯茂元大9C購04  ,0,0,0,0,0,0,0,0,0,-102000,0,0,0,0,102000,-102000,-102000
067491,健策元大01購10  ,0,0,0,0,0,0,0,0,0,-102000,0,0,0,31000,133000,-102000,-102000
068057,惠特統一02購02  ,0,0,0,0,0,0,0,0,0,-102000,0,0,0,55000,157000,-102000,-102000
067146,台達電統一02購01,0,0,0,0,0,0,0,0,0,-102000,0,0,0,21000,123000,-102000,-102000
066700,瑞昱群益01購01  ,0,0,0,0,0,0,0,0,0,-102000,0,0,0,71000,173000,-102000,-102000
08740P,創意康和01售03  ,0,0,0,0,0,0,0,0,0,-102000,0,0,0,20000,122000,-102000,-102000
069352,義隆國泰04購01  ,0,0,0,0,0,0,0,0,0,-103000,0,0,0,50000,153000,-103000,-103000
060650,奇力新中信9A購01,0,0,0,0,0,0,0,0,0,-103000,0,0,0,0,103000,-103000,-103000
006206,元大上證50      ,3000,202000,-199000,0,0,0,0,0,0,96000,250000,50000,200000,228000,332000,-104000,-103000
059851,晶相光永豐99購02,0,0,0,0,0,0,0,0,0,-103000,0,0,0,10000,113000,-103000,-103000
060944,國泰金國票9A購01,0,0,0,0,0,0,0,0,0,-103000,0,0,0,0,103000,-103000,-103000
064898,國產群益9C購01  ,0,0,0,0,0,0,0,0,0,-103000,0,0,0,219000,322000,-103000,-103000
066448,眾達群益01購01  ,0,0,0,0,0,0,0,0,0,-103000,0,0,0,126000,229000,-103000,-103000
066030,超眾群益01購01  ,0,0,0,0,0,0,0,0,0,-103000,0,0,0,0,103000,-103000,-103000
065782,健策富邦01購02  ,0,0,0,0,0,0,0,0,0,-103000,0,0,0,361000,464000,-103000,-103000
067529,力山群益01購02  ,0,0,0,0,0,0,0,0,0,-103000,0,0,0,12000,115000,-103000,-103000
069204,瑞昱元大02購04  ,0,0,0,0,0,0,0,0,0,-104000,0,0,0,125000,229000,-104000,-104000
069863,志超永豐02購01  ,0,0,0,0,0,0,0,0,0,-104000,0,0,0,0,104000,-104000,-104000
069864,南電中信03購01  ,0,0,0,0,0,0,0,0,0,-104000,0,0,0,4000,108000,-104000,-104000
061234,國巨元大9A購18  ,0,0,0,0,0,0,0,0,0,-104000,0,0,0,8000,112000,-104000,-104000
065145,貿聯凱基9C購02  ,0,0,0,0,0,0,0,0,0,-104000,0,0,0,114000,218000,-104000,-104000
063619,聯發科兆豐01購01,0,0,0,0,0,0,0,0,0,-104000,0,0,0,11000,115000,-104000,-104000
2413,環科            ,43000,148000,-105000,0,0,0,0,0,0,1000,1000,0,1000,0,0,0,-104000
069970,志超群益04購01  ,0,0,0,0,0,0,0,0,0,-105000,0,0,0,0,105000,-105000,-105000
068603,京元電凱基03購01,0,0,0,0,0,0,0,0,0,-105000,0,0,0,93000,198000,-105000,-105000
03293P,和碩元大02售01  ,0,0,0,0,0,0,0,0,0,-105000,0,0,0,15000,120000,-105000,-105000
03115P,玉晶光第一01售01,0,0,0,0,0,0,0,0,0,-105000,0,0,0,84000,189000,-105000,-105000
056689,玉晶光統一9A購03,0,0,0,0,0,0,0,0,0,-105000,0,0,0,1000,106000,-105000,-105000
03352P,臺股指麥證02售01,0,0,0,0,105000,-105000,0,0,0,-105000,0,0,0,0,105000,-105000,-105000
060957,SP黃豆凱基9A購04,0,0,0,0,0,0,0,0,0,-105000,0,0,0,0,105000,-105000,-105000
058744,FBVIX凱基9C購03 ,0,0,0,0,0,0,0,0,0,-105000,0,0,0,10000,115000,-105000,-105000
03490P,聯電元大02售23  ,0,0,0,0,0,0,0,0,0,-105000,0,0,0,7000,112000,-105000,-105000
065133,SP黃豆凱基02購01,0,0,0,0,0,0,0,0,0,-105000,0,0,0,0,105000,-105000,-105000
062234,廣達凱基9B購01  ,0,0,0,0,0,0,0,0,0,-105000,0,0,0,1000,106000,-105000,-105000
061693,華新科群益9B購02,0,0,0,0,0,0,0,0,0,-105000,0,0,0,1000,106000,-105000,-105000
063251,同欣電元大9B購04,0,0,0,0,0,0,0,0,0,-105000,0,0,0,98000,203000,-105000,-105000
067720,瑞昱凱基01購02  ,0,0,0,0,0,0,0,0,0,-105000,0,0,0,81000,186000,-105000,-105000
067880,滬深反群益01購02,0,0,0,0,0,0,0,0,0,-105000,0,0,0,0,105000,-105000,-105000
065847,嘉晶元大9C購03  ,0,0,0,0,0,0,0,0,0,-105000,0,0,0,183000,288000,-105000,-105000
065627,貿聯兆豐9C購02  ,0,0,0,0,0,0,0,0,0,-105000,0,0,0,386000,491000,-105000,-105000
066662,建準凱基02購01  ,0,0,0,0,0,0,0,0,0,-105000,0,0,0,434000,539000,-105000,-105000
066575,緯穎元大01購03  ,0,0,0,0,0,0,0,0,0,-105000,0,0,0,64000,169000,-105000,-105000
08910P,宏達電凱基01售02,0,0,0,0,0,0,0,0,0,-105000,0,0,0,6000,111000,-105000,-105000
068202,玉晶光凱基03購02,0,0,0,0,0,0,0,0,0,-106000,0,0,0,0,106000,-106000,-106000
053181,滬深2X元富99購02,0,0,0,0,0,0,0,0,0,-106000,0,0,0,111000,217000,-106000,-106000
058733,同欣電永豐99購02,0,0,0,0,0,0,0,0,0,-106000,0,0,0,1000,107000,-106000,-106000
059580,大立光元富99購07,0,0,0,0,0,0,0,0,0,-106000,0,0,0,0,106000,-106000,-106000
063228,聯茂群益9B購01  ,0,0,0,0,0,0,0,0,0,-106000,0,0,0,100000,206000,-106000,-106000
062360,華邦電元大9B購01,0,0,0,0,0,0,0,0,0,-106000,0,0,0,25000,131000,-106000,-106000
064926,臻鼎統一02購01  ,0,0,0,0,0,0,0,0,0,-106000,0,0,0,291000,397000,-106000,-106000
067506,台光電統一02購04,0,0,0,0,0,0,0,0,0,-106000,0,0,0,0,106000,-106000,-106000
08872P,臺股指群益01售05,0,0,0,0,0,0,0,0,0,-106000,0,0,0,0,106000,-106000,-106000
068347,T50反1凱基04購03,0,0,0,0,0,0,0,0,0,-107000,0,0,0,25000,132000,-107000,-107000
069100,TPK統一02購03   ,0,0,0,0,0,0,0,0,0,-107000,0,0,0,26000,133000,-107000,-107000
061087,國巨統一01購04  ,0,0,0,0,0,0,0,0,0,-107000,0,0,0,31000,138000,-107000,-107000
060105,牧德元大9B購01  ,0,0,0,0,0,0,0,0,0,-107000,0,0,0,0,107000,-107000,-107000
053402,A50正2群益9A購02,0,0,0,0,0,0,0,0,0,-107000,0,0,0,3000,110000,-107000,-107000
065136,正隆凱基9C購01  ,0,0,0,0,0,0,0,0,0,-107000,0,0,0,4000,111000,-107000,-107000
062259,可成元大9B購03  ,0,0,0,0,0,0,0,0,0,-107000,0,0,0,24000,131000,-107000,-107000
064127,聯發科元大9C購06,0,0,0,0,0,0,0,0,0,-107000,0,0,0,31000,138000,-107000,-107000
066256,華通元大02購02  ,0,0,0,0,0,0,0,0,0,-107000,0,0,0,86000,193000,-107000,-107000
065356,聯發科元富03購06,0,0,0,0,0,0,0,0,0,-107000,0,0,0,0,107000,-107000,-107000
069067,聯發科麥證02購03,0,0,0,0,108000,-108000,0,0,0,-108000,0,0,0,0,108000,-108000,-108000
068591,台積電元富07購13,0,0,0,0,0,0,0,0,0,-108000,0,0,0,64000,172000,-108000,-108000
069828,裕隆元富08購01  ,0,0,0,0,0,0,0,0,0,-108000,0,0,0,19000,127000,-108000,-108000
08207P,金像電群益9B售05,0,0,0,0,0,0,0,0,0,-108000,0,0,0,0,108000,-108000,-108000
08065P,瑞昱凱基9B售03  ,0,0,0,0,0,0,0,0,0,-108000,0,0,0,0,108000,-108000,-108000
07978P,茂林群益9B售02  ,0,0,0,0,0,0,0,0,0,-108000,0,0,0,10000,118000,-108000,-108000
03241P,聯電統一02售03  ,0,0,0,0,0,0,0,0,0,-108000,0,0,0,20000,128000,-108000,-108000
064061,GIS麥證01購01   ,0,0,0,0,108000,-108000,0,0,0,-108000,0,0,0,0,108000,-108000,-108000
064582,裕隆永豐9C購02  ,0,0,0,0,0,0,0,0,0,-108000,0,0,0,3000,111000,-108000,-108000
063248,創意元大9C購01  ,0,0,0,0,0,0,0,0,0,-108000,0,0,0,71000,179000,-108000,-108000
061287,大立光統一9B購06,0,0,0,0,0,0,0,0,0,-108000,0,0,0,2000,110000,-108000,-108000
064500,國泰金元大9C購01,0,0,0,0,0,0,0,0,0,-108000,0,0,0,0,108000,-108000,-108000
061881,緯穎元大9B購02  ,0,0,0,0,0,0,0,0,0,-108000,0,0,0,42000,150000,-108000,-108000
064861,緯創富邦9C購01  ,0,0,0,0,0,0,0,0,0,-108000,0,0,0,2000,110000,-108000,-108000
065385,億豐元大03購01  ,0,0,0,0,0,0,0,0,0,-108000,0,0,0,46000,154000,-108000,-108000
061127,美食永豐9A購01  ,0,0,0,0,0,0,0,0,0,-109000,0,0,0,68000,177000,-109000,-109000
064548,漢翔凱基9C購01  ,0,0,0,0,0,0,0,0,0,-109000,0,0,0,33000,142000,-109000,-109000
063481,緯穎元大9B購08  ,0,0,0,0,0,0,0,0,0,-109000,0,0,0,64000,173000,-109000,-109000
063769,玉晶光國泰02購01,0,0,0,0,0,0,0,0,0,-109000,0,0,0,67000,176000,-109000,-109000
067865,友達元大01購02  ,0,0,0,0,0,0,0,0,0,-109000,0,0,0,0,109000,-109000,-109000
066961,超眾元大01購05  ,0,0,0,0,0,0,0,0,0,-109000,0,0,0,6000,115000,-109000,-109000
07919P,創意永豐9B售01  ,0,0,0,0,0,0,0,0,0,-110000,0,0,0,0,110000,-110000,-110000
08027P,嘉晶元大9B售03  ,0,0,0,0,0,0,0,0,0,-110000,0,0,0,0,110000,-110000,-110000
08291P,智邦台新9C售02  ,0,0,0,0,0,0,0,0,0,-110000,0,0,0,0,110000,-110000,-110000
069553,臻鼎元大02購02  ,0,0,0,0,0,0,0,0,0,-110000,0,0,0,80000,190000,-110000,-110000
069477,T50反1元大04購01,0,0,0,0,0,0,0,0,0,-110000,0,0,0,3000,113000,-110000,-110000
068234,T50反1元大01購07,0,0,0,0,0,0,0,0,0,-110000,0,0,0,110000,220000,-110000,-110000
068206,牧德凱基01購03  ,0,0,0,0,0,0,0,0,0,-110000,0,0,0,0,110000,-110000,-110000
068992,日電貿永豐02購01,0,0,0,0,0,0,0,0,0,-110000,0,0,0,0,110000,-110000,-110000
059293,宏達電元富9B購01,0,0,0,0,0,0,0,0,0,-110000,0,0,0,0,110000,-110000,-110000
03232P,國巨元大02售06  ,0,0,0,0,0,0,0,0,0,-110000,0,0,0,34000,144000,-110000,-110000
00692,富邦公司治理    ,6000,1000,5000,0,0,0,0,0,0,-115000,0,0,0,1222000,1337000,-115000,-110000
064691,友達群益9C購04  ,0,0,0,0,0,0,0,0,0,-110000,0,0,0,0,110000,-110000,-110000
065274,南茂元大9C購03  ,0,0,0,0,0,0,0,0,0,-110000,0,0,0,0,110000,-110000,-110000
062032,崇越群益9B購01  ,0,0,0,0,0,0,0,0,0,-110000,0,0,0,0,110000,-110000,-110000
066995,盟立國泰03購01  ,0,0,0,0,0,0,0,0,0,-110000,0,0,0,0,110000,-110000,-110000
067019,A50中信02購01   ,0,0,0,0,0,0,0,0,0,-110000,0,0,0,0,110000,-110000,-110000
067526,深中小群益02購01,0,0,0,0,0,0,0,0,0,-110000,0,0,0,490000,600000,-110000,-110000
065460,嘉聯益台新9C購01,0,0,0,0,0,0,0,0,0,-110000,0,0,0,0,110000,-110000,-110000
065561,同欣電麥證9C購03,0,0,0,0,110000,-110000,0,0,0,-110000,0,0,0,0,110000,-110000,-110000
065855,瀚宇博元大9C購03,0,0,0,0,0,0,0,0,0,-110000,0,0,0,8000,118000,-110000,-110000
065899,神基麥證9C購02  ,0,0,0,0,110000,-110000,0,0,0,-110000,0,0,0,0,110000,-110000,-110000
08077P,亞德客國票9B售02,0,0,0,0,0,0,0,0,0,-111000,0,0,0,3000,114000,-111000,-111000
062085,同欣電元大9B購01,0,0,0,0,0,0,0,0,0,-111000,0,0,0,15000,126000,-111000,-111000
065791,牧德永豐9C購03  ,0,0,0,0,0,0,0,0,0,-111000,0,0,0,94000,205000,-111000,-111000
067418,中化凱基01購01  ,0,0,0,0,0,0,0,0,0,-111000,0,0,0,39000,150000,-111000,-111000
067859,滬深2X元大01購12,0,0,0,0,0,0,0,0,0,-111000,0,0,0,4000,115000,-111000,-111000
067219,瑞儀元大01購01  ,0,0,0,0,0,0,0,0,0,-111000,0,0,0,163000,274000,-111000,-111000
067363,同欣電群益01購02,0,0,0,0,0,0,0,0,0,-111000,0,0,0,10000,121000,-111000,-111000
08564P,國巨群益9C售15  ,0,0,0,0,0,0,0,0,0,-112000,0,0,0,0,112000,-112000,-112000
00757,統一FANG+       ,0,0,0,0,0,0,0,0,0,-112000,0,0,0,203000,315000,-112000,-112000
064407,貿聯凱基02購02  ,0,0,0,0,0,0,0,0,0,-112000,0,0,0,190000,302000,-112000,-112000
063250,同欣電元大9B購03,0,0,0,0,0,0,0,0,0,-112000,0,0,0,0,112000,-112000,-112000
066525,創意統一03購01  ,0,0,0,0,0,0,0,0,0,-112000,0,0,0,2000,114000,-112000,-112000
1527,鑽全            ,9000,116000,-107000,0,0,0,0,0,0,-5000,0,5000,-5000,0,0,0,-112000
07767P,華新科群益9A售07,0,0,0,0,0,0,0,0,0,-113000,0,0,0,0,113000,-113000,-113000
07845P,南亞科元大9A售08,0,0,0,0,0,0,0,0,0,-113000,0,0,0,17000,130000,-113000,-113000
069746,景碩永豐02購02  ,0,0,0,0,0,0,0,0,0,-113000,0,0,0,0,113000,-113000,-113000
068975,瑞昱元大02購03  ,0,0,0,0,0,0,0,0,0,-113000,0,0,0,89000,202000,-113000,-113000
068731,健策元大03購01  ,0,0,0,0,0,0,0,0,0,-113000,0,0,0,87000,200000,-113000,-113000
062406,臻鼎永豐9B購01  ,0,0,0,0,0,0,0,0,0,-113000,0,0,0,21000,134000,-113000,-113000
066452,晶碩群益01購01  ,0,0,0,0,0,0,0,0,0,-113000,0,0,0,65000,178000,-113000,-113000
066392,聯強凱基01購01  ,0,0,0,0,0,0,0,0,0,-113000,0,0,0,30000,143000,-113000,-113000
067220,台郡元大01購04  ,0,0,0,0,0,0,0,0,0,-113000,0,0,0,0,113000,-113000,-113000
066954,聯詠元大01購04  ,0,0,0,0,0,0,0,0,0,-113000,0,0,0,32000,145000,-113000,-113000
067691,台虹元大01購03  ,0,0,0,0,0,0,0,0,0,-113000,0,0,0,26000,139000,-113000,-113000
1439,中和            ,27000,132000,-105000,0,0,0,0,0,0,-8000,0,8000,-8000,0,0,0,-113000
6155,鈞寶            ,23000,136000,-113000,0,0,0,0,0,0,0,0,0,0,0,0,0,-113000
068640,緯創凱基03購01  ,0,0,0,0,0,0,0,0,0,-114000,0,0,0,20000,134000,-114000,-114000
068482,光寶科元大01購01,0,0,0,0,0,0,0,0,0,-114000,0,0,0,6000,120000,-114000,-114000
069791,聯強凱基02購01  ,0,0,0,0,0,0,0,0,0,-114000,0,0,0,0,114000,-114000,-114000
08135P,玉晶光國泰01售02,0,0,0,0,0,0,0,0,0,-114000,0,0,0,0,114000,-114000,-114000
064030,泰碩元大01購01  ,0,0,0,0,0,0,0,0,0,-114000,0,0,0,2000,116000,-114000,-114000
063817,GIS群益9C購01   ,0,0,0,0,0,0,0,0,0,-114000,0,0,0,71000,185000,-114000,-114000
063913,貿聯凱基02購01  ,0,0,0,0,0,0,0,0,0,-114000,0,0,0,184000,298000,-114000,-114000
066219,惠特元富01購01  ,0,0,0,0,0,0,0,0,0,-114000,0,0,0,86000,200000,-114000,-114000
065872,漢翔群益9C購01  ,0,0,0,0,0,0,0,0,0,-114000,0,0,0,38000,152000,-114000,-114000
07948P,大成鋼凱基9B售01,0,0,0,0,0,0,0,0,0,-115000,0,0,0,0,115000,-115000,-115000
08351P,南六國票01售02  ,0,0,0,0,0,0,0,0,0,-115000,0,0,0,84000,199000,-115000,-115000
069577,南電凱基03購02  ,0,0,0,0,0,0,0,0,0,-115000,0,0,0,80000,195000,-115000,-115000
068824,緯創元大02購02  ,0,0,0,0,0,0,0,0,0,-115000,0,0,0,255000,370000,-115000,-115000
069251,奇鋐凱基02購02  ,0,0,0,0,0,0,0,0,0,-115000,0,0,0,0,115000,-115000,-115000
064244,GIS統一02購01   ,0,0,0,0,0,0,0,0,0,-115000,0,0,0,435000,550000,-115000,-115000
064415,群創麥證9C購01  ,0,0,0,0,120000,-120000,0,0,0,-115000,0,0,0,5000,120000,-115000,-115000
062162,世紀鋼凱基9B購03,0,0,0,0,0,0,0,0,0,-115000,0,0,0,280000,395000,-115000,-115000
065174,華新科元大02購02,0,0,0,0,0,0,0,0,0,-115000,0,0,0,10000,125000,-115000,-115000
065854,臻鼎元大9C購05  ,0,0,0,0,0,0,0,0,0,-115000,0,0,0,8000,123000,-115000,-115000
065293,玉晶光群益01購07,0,0,0,0,0,0,0,0,0,-115000,0,0,0,156000,271000,-115000,-115000
066301,大成永豐01購01  ,0,0,0,0,0,0,0,0,0,-115000,0,0,0,19000,134000,-115000,-115000
6166,凌華            ,52000,170000,-118000,0,0,0,0,0,0,3000,5000,0,5000,1000,3000,-2000,-115000
08233P,國泰金元富9B售01,0,0,0,0,0,0,0,0,0,-116000,0,0,0,104000,220000,-116000,-116000
064412,緯穎凱基01購01  ,0,0,0,0,0,0,0,0,0,-116000,0,0,0,18000,134000,-116000,-116000
065380,緯穎元大9C購02  ,0,0,0,0,0,0,0,0,0,-116000,0,0,0,100000,216000,-116000,-116000
065614,緯穎元大01購02  ,0,0,0,0,0,0,0,0,0,-116000,0,0,0,100000,216000,-116000,-116000
2461,光群雷          ,41000,159000,-118000,0,0,0,0,0,0,2000,2000,0,2000,0,0,0,-116000
2617,台航            ,81000,181000,-100000,0,0,0,0,0,0,-16000,0,16000,-16000,0,0,0,-116000
063694,貿聯永豐9B購01  ,0,0,0,0,0,0,0,0,0,-117000,0,0,0,355000,472000,-117000,-117000
061742,奇鋐凱基9B購01  ,0,0,0,0,0,0,0,0,0,-117000,0,0,0,5000,122000,-117000,-117000
063978,美食兆豐9C購01  ,0,0,0,0,0,0,0,0,0,-117000,0,0,0,30000,147000,-117000,-117000
065677,南亞科統一03購02,0,5000,-5000,0,0,0,0,0,0,-112000,0,0,0,36000,148000,-112000,-117000
066013,友訊元富01購02  ,0,0,0,0,0,0,0,0,0,-117000,0,0,0,124000,241000,-117000,-117000
066229,力山富邦04購01  ,0,0,0,0,0,0,0,0,0,-117000,0,0,0,74000,191000,-117000,-117000
066560,聯鈞元大01購04  ,0,0,0,0,0,0,0,0,0,-117000,0,0,0,56000,173000,-117000,-117000
067022,台虹中信01購01  ,0,0,0,0,0,0,0,0,0,-117000,0,0,0,58000,175000,-117000,-117000
3530,晶相光          ,143000,261000,-118000,0,0,0,0,0,0,1000,1000,0,1000,0,0,0,-117000
069973,欣興康和02購02  ,0,0,0,0,0,0,0,0,0,-118000,0,0,0,0,118000,-118000,-118000
068695,台積電凱基02購13,0,0,0,0,0,0,0,0,0,-118000,0,0,0,0,118000,-118000,-118000
068725,京元電元大02購01,0,0,0,0,0,0,0,0,0,-118000,0,0,0,0,118000,-118000,-118000
065089,大立光元大9C購23,0,0,0,0,0,0,0,0,0,-118000,0,0,0,0,118000,-118000,-118000
062297,億豐永豐9B購01  ,22000,0,22000,0,0,0,0,0,0,-140000,0,0,0,81000,221000,-140000,-118000
061466,創意群益9A購01  ,0,0,0,0,0,0,0,0,0,-118000,0,0,0,21000,139000,-118000,-118000
067728,南亞科台新01購01,0,0,0,0,0,0,0,0,0,-118000,0,0,0,41000,159000,-118000,-118000
067747,同欣電元大01購04,0,0,0,0,0,0,0,0,0,-118000,0,0,0,59000,177000,-118000,-118000
066157,晶碩康和01購01  ,0,0,0,0,0,0,0,0,0,-118000,0,0,0,164000,282000,-118000,-118000
066180,正文凱基01購01  ,0,0,0,0,0,0,0,0,0,-118000,0,0,0,135000,253000,-118000,-118000
08090P,嘉澤統一9B售01  ,0,0,0,0,0,0,0,0,0,-119000,0,0,0,0,119000,-119000,-119000
03096P,台積電凱基03售05,0,0,0,0,0,0,0,0,0,-119000,0,0,0,2000,121000,-119000,-119000
03029P,玉晶光元大02售05,0,0,0,0,0,0,0,0,0,-119000,0,0,0,1000,120000,-119000,-119000
064925,和碩統一02購01  ,0,0,0,0,0,0,0,0,0,-119000,0,0,0,173000,292000,-119000,-119000
066317,英利永豐01購01  ,0,0,0,0,0,0,0,0,0,-119000,0,0,0,54000,173000,-119000,-119000
8028,昇陽半導體      ,40000,169000,-129000,0,0,0,0,0,0,10000,12000,0,12000,0,2000,-2000,-119000
4766,南寶            ,14000,133000,-119000,0,0,0,0,0,0,0,0,0,0,0,0,0,-119000
1474,弘裕            ,229000,344000,-115000,0,0,0,0,0,0,-4000,2000,6000,-4000,0,0,0,-119000
07931P,國巨元大9B售03  ,0,0,0,0,0,0,0,0,0,-120000,0,0,0,20000,140000,-120000,-120000
08468P,台郡統一9C售02  ,0,0,0,0,0,0,0,0,0,-120000,0,0,0,0,120000,-120000,-120000
069623,臻鼎統一04購01  ,0,0,0,0,0,0,0,0,0,-120000,0,0,0,0,120000,-120000,-120000
068514,聯發科統一03購09,0,0,0,0,0,0,0,0,0,-120000,0,0,0,106000,226000,-120000,-120000
06839P,玉晶光統一9A售05,0,0,0,0,0,0,0,0,0,-120000,0,0,0,0,120000,-120000,-120000
069150,南電永豐02購01  ,0,0,0,0,0,0,0,0,0,-120000,0,0,0,247000,367000,-120000,-120000
063386,國巨兆豐9B購04  ,0,0,0,0,0,0,0,0,0,-120000,0,0,0,0,120000,-120000,-120000
058319,大毅永豐9A購01  ,0,0,0,0,0,0,0,0,0,-120000,0,0,0,10000,130000,-120000,-120000
064950,美律凱基02購01  ,0,0,0,0,0,0,0,0,0,-120000,0,0,0,15000,135000,-120000,-120000
065130,奇鋐兆豐9C購01  ,0,0,0,0,0,0,0,0,0,-120000,0,0,0,28000,148000,-120000,-120000
064443,同欣電凱基03購01,0,0,0,0,0,0,0,0,0,-120000,0,0,0,0,120000,-120000,-120000
066247,中化元大01購02  ,0,0,0,0,0,0,0,0,0,-120000,0,0,0,0,120000,-120000,-120000
066680,友達兆豐01購02  ,0,0,0,0,0,0,0,0,0,-120000,0,0,0,0,120000,-120000,-120000
08909P,華新科凱基01售04,0,0,0,0,0,0,0,0,0,-120000,0,0,0,0,120000,-120000,-120000
069333,聯電群益03購08  ,0,0,0,0,0,0,0,0,0,-121000,0,0,0,113000,234000,-121000,-121000
08537P,台光電國票01售03,0,0,0,0,0,0,0,0,0,-121000,0,0,0,79000,200000,-121000,-121000
059631,京元電凱基99購02,0,0,0,0,0,0,0,0,0,-121000,0,0,0,0,121000,-121000,-121000
03248P,聯電元富03售03  ,0,0,0,0,0,0,0,0,0,-121000,0,0,0,0,121000,-121000,-121000
061266,國泰金凱基9B購01,0,0,0,0,0,0,0,0,0,-121000,0,0,0,0,121000,-121000,-121000
064362,友達統一01購02  ,0,0,0,0,0,0,0,0,0,-121000,0,0,0,0,121000,-121000,-121000
066847,群創元大01購03  ,0,0,0,0,0,0,0,0,0,-121000,0,0,0,5000,126000,-121000,-121000
08982P,泰碩凱基01售01  ,0,0,0,0,0,0,0,0,0,-121000,0,0,0,100000,221000,-121000,-121000
2637,慧洋-KY         ,248000,412000,-164000,0,0,0,0,0,0,43000,17000,11000,6000,60000,23000,37000,-121000
08458P,南電元大9C售04  ,0,0,0,0,0,0,0,0,0,-122000,0,0,0,160000,282000,-122000,-122000
066868,聯發科元富07購01,10000,0,10000,0,0,0,0,0,0,-132000,0,0,0,373000,505000,-132000,-122000
067535,友達群益02購01  ,0,0,0,0,0,0,0,0,0,-122000,0,0,0,0,122000,-122000,-122000
067926,嘉晶兆豐01購02  ,0,0,0,0,0,0,0,0,0,-122000,0,0,0,113000,235000,-122000,-122000
3673,TPK-KY          ,1628000,1824000,-196000,0,0,0,0,0,0,74000,175000,112000,63000,94000,83000,11000,-122000
069855,精元永豐02購03  ,0,0,0,0,0,0,0,0,0,-123000,0,0,0,43000,166000,-123000,-123000
069165,國揚元大02購02  ,0,0,0,0,0,0,0,0,0,-123000,0,0,0,3000,126000,-123000,-123000
069135,南帝永豐02購01  ,0,0,0,0,0,0,0,0,0,-123000,0,0,0,4000,127000,-123000,-123000
068433,台光電凱基01購04,0,0,0,0,0,0,0,0,0,-123000,0,0,0,0,123000,-123000,-123000
062530,大立光統一01購03,0,0,0,0,0,0,0,0,0,-123000,0,0,0,0,123000,-123000,-123000
064025,友達元大02購01  ,0,0,0,0,0,0,0,0,0,-123000,0,0,0,10000,133000,-123000,-123000
064953,嘉晶凱基9C購02  ,0,0,0,0,0,0,0,0,0,-123000,0,0,0,13000,136000,-123000,-123000
064221,華通國票01購01  ,0,0,0,0,0,0,0,0,0,-123000,0,0,0,255000,378000,-123000,-123000
065346,台光電統一02購01,0,0,0,0,0,0,0,0,0,-123000,0,0,0,0,123000,-123000,-123000
064040,鴻海統一9C購18  ,0,0,0,0,0,0,0,0,0,-124000,0,0,0,156000,280000,-124000,-124000
060030,晶相光永豐99購03,0,0,0,0,0,0,0,0,0,-124000,0,0,0,0,124000,-124000,-124000
062919,聯茂元大9B購01  ,0,0,0,0,0,0,0,0,0,-124000,0,0,0,12000,136000,-124000,-124000
063559,力山元大9B購04  ,0,0,0,0,0,0,0,0,0,-124000,0,0,0,358000,482000,-124000,-124000
066389,南港凱基01購01  ,0,0,0,0,0,0,0,0,0,-124000,0,0,0,113000,237000,-124000,-124000
066285,松翰元大01購02  ,0,0,0,0,0,0,0,0,0,-124000,0,0,0,6000,130000,-124000,-124000
4739,康普            ,24000,148000,-124000,0,0,0,0,0,0,0,0,0,0,0,0,0,-124000
2342,茂矽            ,471000,586000,-115000,0,0,0,0,0,0,-9000,1000,10000,-9000,0,0,0,-124000
068404,建準元富04購01  ,0,0,0,0,0,0,0,0,0,-125000,0,0,0,2196000,2321000,-125000,-125000
068582,聯發科永豐01購04,0,0,0,0,0,0,0,0,0,-125000,0,0,0,32000,157000,-125000,-125000
069243,台積電凱基03購13,0,0,0,0,0,0,0,0,0,-125000,0,0,0,0,125000,-125000,-125000
069834,欣興元富08購03  ,0,0,0,0,0,0,0,0,0,-125000,0,0,0,207000,332000,-125000,-125000
069541,華通元大02購06  ,0,0,0,0,0,0,0,0,0,-125000,0,0,0,0,125000,-125000,-125000
08359P,緯創元大9C售02  ,0,0,0,0,0,0,0,0,0,-125000,0,0,0,335000,460000,-125000,-125000
064240,群創統一02購02  ,0,0,0,0,0,0,0,0,0,-125000,0,0,0,13000,138000,-125000,-125000
055376,群創元大01購01  ,0,0,0,0,0,0,0,0,0,-125000,0,0,0,15000,140000,-125000,-125000
064617,台光電元大01購01,0,0,0,0,0,0,0,0,0,-125000,0,0,0,10000,135000,-125000,-125000
065094,新日興元大9C購04,0,0,0,0,0,0,0,0,0,-125000,0,0,0,72000,197000,-125000,-125000
066354,緯穎永豐01購01  ,0,0,0,0,0,0,0,0,0,-125000,0,0,0,0,125000,-125000,-125000
065649,牧德元大03購01  ,0,0,0,0,0,0,0,0,0,-125000,0,0,0,0,125000,-125000,-125000
067968,大立光群益01購10,0,0,0,0,0,0,0,0,0,-125000,0,0,0,20000,145000,-125000,-125000
067977,中磊群益01購02  ,0,0,0,0,0,0,0,0,0,-125000,0,0,0,6000,131000,-125000,-125000
066773,美律富邦03購01  ,0,0,0,0,0,0,0,0,0,-125000,0,0,0,19000,144000,-125000,-125000
068985,瑞儀元大02購04  ,0,0,0,0,0,0,0,0,0,-126000,0,0,0,100000,226000,-126000,-126000
068224,健策統一03購01  ,0,0,0,0,0,0,0,0,0,-126000,0,0,0,46000,172000,-126000,-126000
068195,瑞昱凱基02購02  ,0,0,0,0,0,0,0,0,0,-126000,0,0,0,41000,167000,-126000,-126000
059807,大立光元富99購09,0,60000,-60000,0,0,0,0,0,0,-66000,0,0,0,76000,142000,-66000,-126000
064649,同欣電凱基01購01,0,0,0,0,0,0,0,0,0,-126000,0,0,0,100000,226000,-126000,-126000
063489,新日興國泰01購01,0,0,0,0,0,0,0,0,0,-126000,0,0,0,10000,136000,-126000,-126000
065382,緯穎元大9C購04  ,0,0,0,0,0,0,0,0,0,-126000,0,0,0,74000,200000,-126000,-126000
2414,精技            ,7000,121000,-114000,0,0,0,0,0,0,-12000,1000,13000,-12000,0,0,0,-126000
069793,金像電凱基02購05,0,0,0,0,0,0,0,0,0,-127000,0,0,0,62000,189000,-127000,-127000
066434,台虹元大01購01  ,0,0,0,0,0,0,0,0,0,-127000,0,0,0,344000,471000,-127000,-127000
060065,大立光兆豐9B購01,0,0,0,0,0,0,0,0,0,-128000,0,0,0,0,128000,-128000,-128000
03470P,欣興凱基02售10  ,0,0,0,0,0,0,0,0,0,-128000,0,0,0,13000,141000,-128000,-128000
063472,茂林元大9B購04  ,0,0,0,0,0,0,0,0,0,-128000,0,0,0,116000,244000,-128000,-128000
066072,華新科凱基01購03,0,0,0,0,0,0,0,0,0,-128000,0,0,0,206000,334000,-128000,-128000
065471,和大元大9C購05  ,0,0,0,0,0,0,0,0,0,-128000,0,0,0,40000,168000,-128000,-128000
065852,創意元大9C購06  ,0,0,0,0,0,0,0,0,0,-128000,0,0,0,94000,222000,-128000,-128000
065727,冠德凱基9C購01  ,0,0,0,0,0,0,0,0,0,-128000,0,0,0,202000,330000,-128000,-128000
069343,玉晶光群益03購03,0,0,0,0,0,0,0,0,0,-129000,0,0,0,0,129000,-129000,-129000
060039,大立光國票99購04,0,0,0,0,0,0,0,0,0,-129000,0,0,0,0,129000,-129000,-129000
063240,聯發科元大9B購17,0,0,0,0,0,0,0,0,0,-129000,0,0,0,6000,135000,-129000,-129000
064914,友達統一02購03  ,0,0,0,0,0,0,0,0,0,-129000,0,0,0,107000,236000,-129000,-129000
065708,中磊群益9C購01  ,0,0,0,0,0,0,0,0,0,-129000,0,0,0,189000,318000,-129000,-129000
6491,晶碩            ,125000,274000,-149000,0,0,0,0,0,0,20000,5000,0,5000,35000,20000,15000,-129000
069127,SP黃豆國泰04購01,0,0,0,0,0,0,0,0,0,-130000,0,0,0,0,130000,-130000,-130000
068894,美律元大02購03  ,0,0,0,0,0,0,0,0,0,-130000,0,0,0,24000,154000,-130000,-130000
069977,仁寶凱基04購01  ,0,0,0,0,0,0,0,0,0,-130000,0,0,0,0,130000,-130000,-130000
069587,SP黃豆國票03購01,0,0,0,0,0,0,0,0,0,-130000,0,0,0,15000,145000,-130000,-130000
060575,大立光中信9B購02,0,0,0,0,0,0,0,0,0,-130000,0,0,0,0,130000,-130000,-130000
0052,富邦科技        ,7000,7000,0,0,0,0,35000,0,35000,-165000,0,0,0,101000,266000,-165000,-130000
063562,國巨元大9C購06  ,0,0,0,0,0,0,0,0,0,-130000,0,0,0,0,130000,-130000,-130000
065612,聯茂元大9C購07  ,0,0,0,0,0,0,0,0,0,-130000,0,0,0,0,130000,-130000,-130000
066366,信邦中信02購01  ,0,0,0,0,0,0,0,0,0,-130000,0,0,0,66000,196000,-130000,-130000
066746,聯茂元大01購01  ,0,0,0,0,0,0,0,0,0,-130000,0,0,0,0,130000,-130000,-130000
068021,泰鼎國票02購01  ,0,0,0,0,0,0,0,0,0,-130000,0,0,0,0,130000,-130000,-130000
067674,可成元大01購08  ,0,0,0,0,0,0,0,0,0,-130000,0,0,0,0,130000,-130000,-130000
068884,華通統一04購01  ,0,0,0,0,0,0,0,0,0,-131000,0,0,0,164000,295000,-131000,-131000
068816,美律元大02購02  ,0,0,0,0,0,0,0,0,0,-131000,0,0,0,0,131000,-131000,-131000
069414,欣興統一04購03  ,0,0,0,0,0,0,0,0,0,-131000,0,0,0,678000,809000,-131000,-131000
068579,GIS國泰03購01   ,0,0,0,0,0,0,0,0,0,-131000,0,0,0,22000,153000,-131000,-131000
03446P,創意群益02售02  ,0,0,0,0,0,0,0,0,0,-131000,0,0,0,19000,150000,-131000,-131000
065216,群創國泰01購02  ,0,0,0,0,0,0,0,0,0,-131000,0,0,0,5000,136000,-131000,-131000
064810,嘉晶元大01購01  ,0,0,0,0,0,0,0,0,0,-131000,0,0,0,378000,509000,-131000,-131000
066353,台塑化永豐01購01,0,0,0,0,0,0,0,0,0,-131000,0,0,0,34000,165000,-131000,-131000
2480,敦陽科          ,14000,146000,-132000,0,0,0,0,0,0,1000,10000,9000,1000,0,0,0,-131000
1417,嘉裕            ,20000,142000,-122000,0,0,0,0,0,0,-9000,0,9000,-9000,0,0,0,-131000
069287,大立光國泰04購03,0,0,0,0,0,0,0,0,0,-132000,0,0,0,28000,160000,-132000,-132000
069622,創意統一03購02  ,0,0,0,0,0,0,0,0,0,-132000,0,0,0,28000,160000,-132000,-132000
03026P,國巨元大01售13  ,0,0,0,0,0,0,0,0,0,-132000,0,0,0,20000,152000,-132000,-132000
03070P,台表科群益01售04,0,0,0,0,0,0,0,0,0,-132000,0,0,0,30000,162000,-132000,-132000
1582,信錦            ,18000,132000,-114000,0,0,0,0,0,0,-18000,1000,10000,-9000,0,9000,-9000,-132000
08715P,創意元富07售02  ,0,0,0,0,0,0,0,0,0,-132000,0,0,0,0,132000,-132000,-132000
5531,鄉林            ,150000,283000,-133000,0,0,0,0,0,0,1000,2000,1000,1000,0,0,0,-132000
069224,聯發科群益02購14,0,0,0,0,0,0,0,0,0,-133000,0,0,0,17000,150000,-133000,-133000
068945,力山凱基02購02  ,0,0,0,0,0,0,0,0,0,-133000,0,0,0,25000,158000,-133000,-133000
067653,可成元富07購03  ,0,0,0,0,0,0,0,0,0,-133000,0,0,0,30000,163000,-133000,-133000
067613,康舒凱基01購01  ,0,0,0,0,0,0,0,0,0,-133000,0,0,0,219000,352000,-133000,-133000
067083,正文元大01購01  ,0,0,0,0,0,0,0,0,0,-133000,0,0,0,1424000,1557000,-133000,-133000
08258P,旺宏元大9C售04  ,0,0,0,0,0,0,0,0,0,-134000,0,0,0,50000,184000,-134000,-134000
07932P,國巨元大9B售04  ,0,0,0,0,0,0,0,0,0,-134000,0,0,0,20000,154000,-134000,-134000
03523P,南電元大02售09  ,0,0,0,0,0,0,0,0,0,-134000,0,0,0,3000,137000,-134000,-134000
055775,友達凱基9A購01  ,0,0,0,0,0,0,0,0,0,-134000,0,0,0,0,134000,-134000,-134000
060307,南港永豐9A購01  ,0,0,0,0,0,0,0,0,0,-134000,0,0,0,17000,151000,-134000,-134000
058075,貿聯凱基99購02  ,0,0,0,0,0,0,0,0,0,-134000,0,0,0,33000,167000,-134000,-134000
064555,力山群益01購01  ,0,0,0,0,0,0,0,0,0,-134000,0,0,0,28000,162000,-134000,-134000
067211,聯發科元大01購19,0,0,0,0,0,0,0,0,0,-134000,0,0,0,150000,284000,-134000,-134000
065333,冠德國票01購01  ,0,0,0,0,0,0,0,0,0,-134000,0,0,0,12000,146000,-134000,-134000
08355P,智邦元大9C售03  ,0,0,0,0,0,0,0,0,0,-135000,0,0,0,24000,159000,-135000,-135000
07106P,國巨統一9B售05  ,0,0,0,0,0,0,0,0,0,-135000,0,0,0,5000,140000,-135000,-135000
069361,強茂永豐02購02  ,0,0,0,0,0,0,0,0,0,-135000,0,0,0,31000,166000,-135000,-135000
068542,SP黃豆國票01購01,0,0,0,0,0,0,0,0,0,-135000,0,0,0,29000,164000,-135000,-135000
068307,美律國票03購01  ,0,0,0,0,0,0,0,0,0,-135000,0,0,0,28000,163000,-135000,-135000
059112,上銀永豐99購01  ,0,0,0,0,0,0,0,0,0,-135000,0,0,0,135000,270000,-135000,-135000
064718,友達統一02購01  ,0,0,0,0,0,0,0,0,0,-135000,0,0,0,153000,288000,-135000,-135000
063844,台積電元大9C購05,0,0,0,0,0,0,0,0,0,-135000,0,0,0,10000,145000,-135000,-135000
061960,國巨統一01購05  ,0,0,0,0,0,0,0,0,0,-135000,0,0,0,104000,239000,-135000,-135000
066466,晶碩統一02購01  ,0,0,0,0,0,0,0,0,0,-135000,0,0,0,198000,333000,-135000,-135000
2903,遠百            ,272000,414000,-142000,0,0,0,0,0,0,7000,7000,0,7000,0,0,0,-135000
068814,台光電元大02購01,0,0,0,0,0,0,0,0,0,-136000,0,0,0,0,136000,-136000,-136000
08147P,聯發科群益9B售10,0,0,0,0,0,0,0,0,0,-136000,0,0,0,122000,258000,-136000,-136000
060208,卜蜂康和9A購01  ,0,0,0,0,0,0,0,0,0,-136000,0,0,0,0,136000,-136000,-136000
065239,超眾凱基02購02  ,0,0,0,0,0,0,0,0,0,-136000,0,0,0,50000,186000,-136000,-136000
063677,台光電國泰9C購02,0,0,0,0,0,0,0,0,0,-136000,0,0,0,6000,142000,-136000,-136000
067235,正崴群益02購02  ,0,0,0,0,0,0,0,0,0,-136000,0,0,0,130000,266000,-136000,-136000
08699P,南電元大01售05  ,0,0,0,0,0,0,0,0,0,-136000,0,0,0,643000,779000,-136000,-136000
2231,為升            ,393000,464000,-71000,0,0,0,0,0,0,-65000,51000,65000,-14000,44000,95000,-51000,-136000
062693,中石化元大02購01,0,0,0,0,0,0,0,0,0,-137000,0,0,0,20000,157000,-137000,-137000
064799,裕隆元大9C購02  ,0,0,0,0,0,0,0,0,0,-137000,0,0,0,85000,222000,-137000,-137000
067351,國巨群益01購08  ,0,0,0,0,0,0,0,0,0,-137000,0,0,0,6000,143000,-137000,-137000
067539,緯創群益01購01  ,0,0,0,0,0,0,0,0,0,-137000,0,0,0,207000,344000,-137000,-137000
1519,華城            ,1095000,1219000,-124000,0,0,0,0,0,0,-13000,51000,29000,22000,16000,51000,-35000,-137000
5203,訊連            ,172000,290000,-118000,0,0,0,0,0,0,-19000,1000,0,1000,0,20000,-20000,-137000
6189,豐藝            ,11000,66000,-55000,0,0,0,0,0,0,-82000,1000,5000,-4000,0,78000,-78000,-137000
068273,嘉晶永豐01購01  ,0,0,0,0,0,0,0,0,0,-138000,0,0,0,156000,294000,-138000,-138000
068450,台積電國票01購10,0,0,0,0,0,0,0,0,0,-138000,0,0,0,40000,178000,-138000,-138000
059060,大立光凱基9A購03,0,0,0,0,0,0,0,0,0,-138000,0,0,0,0,138000,-138000,-138000
063573,茂林元大9B購06  ,0,0,0,0,0,0,0,0,0,-138000,0,0,0,196000,334000,-138000,-138000
064685,裕隆群益9C購01  ,0,0,0,0,0,0,0,0,0,-138000,0,0,0,66000,204000,-138000,-138000
065416,華通國票01購02  ,0,0,0,0,0,0,0,0,0,-138000,0,0,0,0,138000,-138000,-138000
068650,神隆元大02購02  ,0,0,0,0,0,0,0,0,0,-139000,0,0,0,20000,159000,-139000,-139000
058287,國巨國票9A購02  ,0,0,0,0,0,0,0,0,0,-139000,0,0,0,115000,254000,-139000,-139000
03090P,臺股指元大01售19,0,0,0,0,0,0,0,0,0,-139000,0,0,0,73000,212000,-139000,-139000
066115,美律兆豐02購01  ,0,0,0,0,0,0,0,0,0,-139000,0,0,0,189000,328000,-139000,-139000
4426,利勤            ,44000,183000,-139000,0,0,0,0,0,0,0,0,0,0,0,0,0,-139000
3047,訊舟            ,650000,802000,-152000,0,0,0,0,0,0,13000,14000,1000,13000,0,0,0,-139000
2405,浩鑫            ,11000,150000,-139000,0,0,0,0,0,0,0,0,0,0,0,0,0,-139000
08963P,牧德凱基01售02  ,0,0,0,0,0,0,0,0,0,-139000,0,0,0,1000,140000,-139000,-139000
068152,美律元大01購03  ,0,0,0,0,0,0,0,0,0,-140000,0,0,0,74000,214000,-140000,-140000
069245,台光電凱基03購02,0,0,0,0,0,0,0,0,0,-140000,0,0,0,0,140000,-140000,-140000
08176P,國巨元大9B售20  ,0,0,0,0,0,0,0,0,0,-140000,0,0,0,60000,200000,-140000,-140000
08014P,微星凱基9B售02  ,0,0,0,0,0,0,0,0,0,-140000,0,0,0,0,140000,-140000,-140000
07943P,瑞昱元大9B售02  ,0,0,0,0,0,0,0,0,0,-140000,0,0,0,120000,260000,-140000,-140000
08297P,寶成元大9C售01  ,0,0,0,0,0,0,0,0,0,-140000,0,0,0,10000,150000,-140000,-140000
069803,晶碩凱基02購01  ,0,0,0,0,0,0,0,0,0,-140000,0,0,0,118000,258000,-140000,-140000
03025P,國巨元大01售12  ,0,0,0,0,0,0,0,0,0,-140000,0,0,0,20000,160000,-140000,-140000
03234P,技嘉元大02售01  ,0,0,0,0,0,0,0,0,0,-140000,0,0,0,30000,170000,-140000,-140000
03503P,欣興元富05售02  ,0,0,0,0,0,0,0,0,0,-140000,0,0,0,0,140000,-140000,-140000
064107,友達兆豐01購01  ,0,0,0,0,0,0,0,0,0,-140000,0,0,0,2000,142000,-140000,-140000
061914,台光電中信9B購01,0,0,0,0,0,0,0,0,0,-140000,0,0,0,0,140000,-140000,-140000
066623,國巨凱基04購01  ,0,0,0,0,0,0,0,0,0,-140000,0,0,0,0,140000,-140000,-140000
066556,和鑫元大01購01  ,0,0,0,0,0,0,0,0,0,-140000,0,0,0,10000,150000,-140000,-140000
065449,中租統一9C購01  ,0,0,0,0,0,0,0,0,0,-140000,0,0,0,21000,161000,-140000,-140000
08866P,旭富元大01售01  ,0,0,0,0,0,0,0,0,0,-140000,0,0,0,100000,240000,-140000,-140000
3669,圓展            ,66000,116000,-50000,0,0,0,0,25000,-25000,-65000,18000,93000,-75000,10000,0,10000,-140000
6414,樺漢            ,447000,668000,-221000,0,0,0,154000,38000,116000,-35000,227000,195000,32000,72000,139000,-67000,-140000
08534P,玉晶光元富06售02,0,0,0,0,0,0,0,0,0,-141000,0,0,0,60000,201000,-141000,-141000
08568P,臺股指富邦9C售05,0,0,0,0,0,0,0,0,0,-141000,0,0,0,24000,165000,-141000,-141000
08576P,嘉澤凱基9C售03  ,0,0,0,0,0,0,0,0,0,-141000,0,0,0,219000,360000,-141000,-141000
08552P,華新科群益9C售04,0,0,0,0,0,0,0,0,0,-141000,0,0,0,9000,150000,-141000,-141000
061903,宏全永豐9B購01  ,0,0,0,0,0,0,0,0,0,-141000,0,0,0,125000,266000,-141000,-141000
061398,力成中信9A購01  ,0,0,0,0,0,0,0,0,0,-141000,0,0,0,2000,143000,-141000,-141000
062984,致新元富9B購01  ,0,0,0,0,0,0,0,0,0,-141000,0,0,0,10000,151000,-141000,-141000
067070,友訊元大01購04  ,0,0,0,0,0,0,0,0,0,-141000,0,0,0,329000,470000,-141000,-141000
066957,健策元大01購06  ,0,0,0,0,0,0,0,0,0,-141000,0,0,0,362000,503000,-141000,-141000
2425,承啟            ,245000,392000,-147000,0,0,0,0,0,0,6000,6000,0,6000,0,0,0,-141000
2537,聯上發          ,42000,183000,-141000,0,0,0,0,0,0,0,0,0,0,0,0,0,-141000
069096,瑞昱統一02購02  ,0,0,0,0,0,0,0,0,0,-142000,0,0,0,249000,391000,-142000,-142000
057964,緯穎元大99購03  ,0,0,0,0,0,0,0,0,0,-142000,0,0,0,55000,197000,-142000,-142000
064403,正崴凱基01購01  ,0,0,0,0,0,0,0,0,0,-142000,0,0,0,154000,296000,-142000,-142000
4106,雃博            ,93000,219000,-126000,0,0,0,0,0,0,-16000,1000,17000,-16000,0,0,0,-142000
068855,南港元富03購01  ,0,0,0,0,0,0,0,0,0,-143000,0,0,0,57000,200000,-143000,-143000
069350,瑞儀群益02購02  ,0,0,0,0,0,0,0,0,0,-143000,0,0,0,110000,253000,-143000,-143000
2911,麗嬰房          ,49000,188000,-139000,0,0,0,0,0,0,-4000,0,4000,-4000,0,0,0,-143000
069004,瑞昱兆豐03購02  ,0,0,0,0,0,0,0,0,0,-144000,0,0,0,63000,207000,-144000,-144000
058365,奇力新凱基9A購01,0,0,0,0,0,0,0,0,0,-144000,0,0,0,0,144000,-144000,-144000
061744,超眾凱基9B購02  ,0,0,0,0,0,0,0,0,0,-144000,0,0,0,30000,174000,-144000,-144000
064827,友達統一02購02  ,0,0,0,0,0,0,0,0,0,-144000,0,0,0,42000,186000,-144000,-144000
066938,敦泰國票02購01  ,0,0,0,0,0,0,0,0,0,-144000,0,0,0,56000,200000,-144000,-144000
065722,緯創兆豐9C購02  ,5000,0,5000,0,0,0,0,0,0,-149000,0,0,0,164000,313000,-149000,-144000
069270,長興永豐02購01  ,0,0,0,0,0,0,0,0,0,-145000,0,0,0,9000,154000,-145000,-145000
068454,致茂國票03購01  ,0,0,0,0,0,0,0,0,0,-145000,0,0,0,0,145000,-145000,-145000
069582,金像電永豐02購02,0,0,0,0,0,0,0,0,0,-145000,0,0,0,123000,268000,-145000,-145000
059195,國巨永豐99購04  ,0,0,0,0,0,0,0,0,0,-145000,0,0,0,5000,150000,-145000,-145000
060889,國泰金統一9C購01,0,0,0,0,0,0,0,0,0,-145000,0,0,0,7000,152000,-145000,-145000
063807,超眾兆豐01購01  ,0,0,0,0,0,0,0,0,0,-145000,0,0,0,65000,210000,-145000,-145000
069708,群光國票03購01  ,0,0,0,0,0,0,0,0,0,-146000,0,0,0,66000,212000,-146000,-146000
08585P,台表科群益9C售04,0,0,0,0,0,0,0,0,0,-146000,0,0,0,0,146000,-146000,-146000
08341P,國泰金台新9C售01,0,0,0,0,0,0,0,0,0,-146000,0,0,0,91000,237000,-146000,-146000
069105,南電統一04購02  ,0,0,0,0,0,0,0,0,0,-146000,0,0,0,560000,706000,-146000,-146000
062547,玉晶光永豐9B購05,0,0,0,0,0,0,0,0,0,-146000,0,0,0,11000,157000,-146000,-146000
058772,茂林兆豐9A購01  ,0,0,0,0,0,0,0,0,0,-146000,0,0,0,233000,379000,-146000,-146000
062915,嘉澤元大9B購03  ,0,0,0,0,0,0,0,0,0,-146000,0,0,0,4000,150000,-146000,-146000
065993,立積永豐01購02  ,0,0,0,0,0,0,0,0,0,-146000,0,0,0,0,146000,-146000,-146000
065521,貿聯群益9C購04  ,0,0,0,0,0,0,0,0,0,-146000,0,0,0,52000,198000,-146000,-146000
066534,華通台新01購02  ,0,0,0,0,0,0,0,0,0,-146000,0,0,0,1130000,1276000,-146000,-146000
066044,京元電元大01購01,0,0,0,0,0,0,0,0,0,-146000,0,0,0,277000,423000,-146000,-146000
067750,鈺齊元大02購01  ,0,0,0,0,0,0,0,0,0,-146000,0,0,0,238000,384000,-146000,-146000
067843,聯發科元富07購05,0,0,0,0,0,0,0,0,0,-146000,0,0,0,263000,409000,-146000,-146000
2607,榮運            ,349000,460000,-111000,0,0,0,0,0,0,-35000,0,35000,-35000,0,0,0,-146000
08649P,聯發科元大9C售21,0,0,0,0,0,0,0,0,0,-146000,0,0,0,2000,148000,-146000,-146000
069757,台積電兆豐04購01,0,0,0,0,0,0,0,0,0,-147000,0,0,0,110000,257000,-147000,-147000
03235P,宏達電元大02售02,0,0,0,0,0,0,0,0,0,-147000,0,0,0,1000,148000,-147000,-147000
059873,華新科凱基99購09,0,0,0,0,0,0,0,0,0,-147000,0,0,0,0,147000,-147000,-147000
059298,大立光元富9C購02,0,0,0,0,0,0,0,0,0,-147000,0,0,0,93000,240000,-147000,-147000
061969,大立光統一01購02,0,0,0,0,0,0,0,0,0,-147000,0,0,0,15000,162000,-147000,-147000
066876,大立光富邦05購01,0,0,0,0,0,0,0,0,0,-147000,0,0,0,810000,957000,-147000,-147000
2362,藍天            ,99000,242000,-143000,0,0,0,0,0,0,-4000,14000,7000,7000,0,11000,-11000,-147000
3583,辛耘            ,76000,67000,9000,0,0,0,0,160000,-160000,4000,4000,0,4000,0,0,0,-147000
069786,國產康和04購01  ,0,0,0,0,0,0,0,0,0,-148000,0,0,0,203000,351000,-148000,-148000
069909,樺漢元大02購02  ,0,0,0,0,0,0,0,0,0,-148000,0,0,0,77000,225000,-148000,-148000
069238,台橡凱基02購01  ,0,0,0,0,0,0,0,0,0,-148000,0,0,0,33000,181000,-148000,-148000
068678,台積電台新03購02,0,0,0,0,0,0,0,0,0,-148000,0,0,0,4000,152000,-148000,-148000
062546,新日興永豐9B購01,0,0,0,0,0,0,0,0,0,-148000,0,0,0,0,148000,-148000,-148000
064887,嘉晶中信9C購02  ,0,0,0,0,0,0,0,0,0,-148000,0,0,0,110000,258000,-148000,-148000
062254,台光電元大9B購02,0,0,0,0,0,0,0,0,0,-148000,0,0,0,16000,164000,-148000,-148000
067208,瑞昱元大01購03  ,0,0,0,0,0,0,0,0,0,-148000,0,0,0,178000,326000,-148000,-148000
03024P,南六群益01售02  ,0,0,0,0,0,0,0,0,0,-149000,0,0,0,112000,261000,-149000,-149000
062233,神隆凱基9B購01  ,0,0,0,0,0,0,0,0,0,-149000,0,0,0,0,149000,-149000,-149000
064750,緯穎麥證9C購01  ,0,0,0,10000,159000,-149000,0,0,0,-149000,0,0,0,10000,159000,-149000,-149000
063458,正隆元大9B購01  ,0,0,0,0,0,0,0,0,0,-149000,0,0,0,136000,285000,-149000,-149000
067241,信邦群益01購01  ,0,0,0,0,0,0,0,0,0,-149000,0,0,0,12000,161000,-149000,-149000
067571,大立光麥證01購04,0,0,0,0,149000,-149000,0,0,0,-149000,0,0,0,0,149000,-149000,-149000
066524,創意統一02購03  ,0,0,0,0,0,0,0,0,0,-149000,0,0,0,99000,248000,-149000,-149000
068490,台光電元大01購06,0,0,0,0,0,0,0,0,0,-150000,0,0,0,0,150000,-150000,-150000
070013,彩晶元大02購03  ,0,0,0,0,0,0,0,0,0,-150000,0,0,0,0,150000,-150000,-150000
06970P,旺宏元大99售08  ,0,0,0,0,0,0,0,0,0,-150000,0,0,0,0,150000,-150000,-150000
08514P,華新科凱基9C售05,0,0,0,0,0,0,0,0,0,-150000,0,0,0,0,150000,-150000,-150000
08026P,臺股指凱基9B售12,0,0,0,0,0,0,0,0,0,-150000,0,0,0,0,150000,-150000,-150000
03272P,台積電統一02售10,0,0,0,0,0,0,0,0,0,-150000,0,0,0,30000,180000,-150000,-150000
053584,友達元大9B購02  ,0,0,0,0,0,0,0,0,0,-150000,0,0,0,50000,200000,-150000,-150000
050957,T50反1台新05購01,0,0,0,0,0,0,0,0,0,-150000,0,0,0,0,150000,-150000,-150000
058683,可成凱基9A購01  ,0,0,0,0,0,0,0,0,0,-150000,0,0,0,0,150000,-150000,-150000
060774,南亞科凱基9A購01,0,0,0,0,0,0,0,0,0,-150000,0,0,0,0,150000,-150000,-150000
062960,上証2X元富9B購02,0,0,0,0,0,0,0,0,0,-150000,0,0,0,0,150000,-150000,-150000
063515,香港2X凱基01購01,0,0,0,0,0,0,0,0,0,-150000,0,0,0,0,150000,-150000,-150000
065254,大成鋼元大9C購01,0,0,0,0,0,0,0,0,0,-150000,0,0,0,50000,200000,-150000,-150000
064945,中橡凱基9C購01  ,0,0,0,0,0,0,0,0,0,-150000,0,0,0,50000,200000,-150000,-150000
065483,聯茂元大9C購06  ,0,0,0,0,0,0,0,0,0,-150000,0,0,0,0,150000,-150000,-150000
065689,群創元富9C購04  ,0,0,0,0,0,0,0,0,0,-150000,0,0,0,0,150000,-150000,-150000
067484,聯詠元大01購07  ,0,0,0,0,0,0,0,0,0,-150000,0,0,0,159000,309000,-150000,-150000
066977,鴻海群益02購01  ,0,0,0,0,0,0,0,0,0,-150000,0,0,0,0,150000,-150000,-150000
069562,健策康和02購01  ,0,0,0,0,0,0,0,0,0,-151000,0,0,0,107000,258000,-151000,-151000
068329,義隆元大01購07  ,0,0,0,0,0,0,0,0,0,-151000,0,0,0,123000,274000,-151000,-151000
061136,可成統一9A購01  ,0,0,0,0,0,0,0,0,0,-151000,0,0,0,0,151000,-151000,-151000
063419,聯發科凱基03購01,0,0,0,0,0,0,0,0,0,-151000,0,0,0,51000,202000,-151000,-151000
065049,世芯凱基02購01  ,0,0,0,0,0,0,0,0,0,-151000,0,0,0,33000,184000,-151000,-151000
063551,美食國票9B購02  ,0,0,0,0,0,0,0,0,0,-151000,0,0,0,135000,286000,-151000,-151000
066770,上証2X富邦02購02,0,0,0,0,0,0,0,0,0,-151000,0,0,0,0,151000,-151000,-151000
065898,神基麥證9C購01  ,0,0,0,50000,201000,-151000,0,0,0,-151000,0,0,0,50000,201000,-151000,-151000
066139,拓凱群益01購01  ,0,0,0,0,0,0,0,0,0,-151000,0,0,0,70000,221000,-151000,-151000
1457,宜進            ,180000,302000,-122000,0,0,0,0,0,0,-29000,0,29000,-29000,0,0,0,-151000
08263P,台表科元大9C售06,0,0,0,0,0,0,0,0,0,-152000,0,0,0,3000,155000,-152000,-152000
057718,旺宏元富02購02  ,0,0,0,0,0,0,0,0,0,-152000,0,0,0,50000,202000,-152000,-152000
068849,旺宏統一04購01  ,0,0,0,0,0,0,0,0,0,-153000,0,0,0,92000,245000,-153000,-153000
057972,群創富邦9C購01  ,0,0,0,0,0,0,0,0,0,-153000,0,0,0,0,153000,-153000,-153000
6505,台塑化          ,2086000,2255000,-169000,0,0,0,2963,0,2963,13000,71000,63000,8000,11000,6000,5000,-153037
060212,華航康和9A購01  ,0,0,0,0,0,0,0,0,0,-154000,0,0,0,14000,168000,-154000,-154000
061876,明泰元大9B購01  ,0,0,0,0,0,0,0,0,0,-154000,0,0,0,23000,177000,-154000,-154000
066320,順德永豐01購01  ,0,0,0,0,0,0,0,0,0,-154000,0,0,0,0,154000,-154000,-154000
2207,和泰車          ,216052,306610,-90558,0,0,0,566,65000,-64434,0,0,0,0,0,0,0,-154992
063303,聯發科凱基9B購14,0,0,0,0,0,0,0,0,0,-155000,0,0,0,74000,229000,-155000,-155000
062557,台光電凱基9B購02,0,0,0,0,0,0,0,0,0,-155000,0,0,0,0,155000,-155000,-155000
067038,滬深2X凱基04購02,0,0,0,0,0,0,0,0,0,-155000,0,0,0,35000,190000,-155000,-155000
067722,國產凱基01購01  ,0,0,0,0,0,0,0,0,0,-155000,0,0,0,293000,448000,-155000,-155000
03410P,聯發科元大02售15,0,0,0,0,0,0,0,0,0,-156000,0,0,0,31000,187000,-156000,-156000
064410,超眾凱基02購01  ,0,0,0,0,0,0,0,0,0,-156000,0,0,0,70000,226000,-156000,-156000
062236,信邦凱基9B購01  ,0,0,0,0,0,0,0,0,0,-156000,0,0,0,0,156000,-156000,-156000
066799,台光電凱基01購02,0,0,0,0,0,0,0,0,0,-156000,0,0,0,0,156000,-156000,-156000
2906,高林            ,79000,214000,-135000,0,0,0,0,0,0,-21000,0,21000,-21000,0,0,0,-156000
068960,建準群益02購01  ,0,0,0,0,0,0,0,0,0,-157000,0,0,0,278000,435000,-157000,-157000
069753,欣興中信03購01  ,0,0,0,0,0,0,0,0,0,-157000,0,0,0,40000,197000,-157000,-157000
069954,欣興永豐03購01  ,0,0,0,0,0,0,0,0,0,-157000,0,0,0,40000,197000,-157000,-157000
057925,貿聯凱基99購01  ,0,0,0,0,0,0,0,0,0,-157000,0,0,0,102000,259000,-157000,-157000
062991,台光電群益9B購03,0,0,0,0,0,0,0,0,0,-157000,0,0,0,0,157000,-157000,-157000
067845,美食元富04購01  ,0,0,0,0,0,0,0,0,0,-157000,0,0,0,311000,468000,-157000,-157000
065076,中橡元大9C購01  ,0,0,0,0,0,0,0,0,0,-158000,0,0,0,0,158000,-158000,-158000
065099,聯茂元大9C購03  ,0,0,0,0,0,0,0,0,0,-158000,0,0,0,0,158000,-158000,-158000
066260,聯強元大01購02  ,0,0,0,0,0,0,0,0,0,-158000,0,0,0,184000,342000,-158000,-158000
061063,國巨凱基9A購14  ,0,0,0,0,0,0,0,0,0,-159000,0,0,0,41000,200000,-159000,-159000
064023,智邦元大9C購02  ,0,0,0,0,0,0,0,0,0,-159000,0,0,0,6000,165000,-159000,-159000
07590P,玉晶光國票9A售03,0,0,0,0,0,0,0,0,0,-160000,0,0,0,140000,300000,-160000,-160000
03398P,瑞昱中信06售03  ,0,0,0,0,0,0,0,0,0,-160000,0,0,0,34000,194000,-160000,-160000
063487,國巨國泰01購02  ,0,0,0,0,0,0,0,0,0,-160000,0,0,0,20000,180000,-160000,-160000
063182,國巨凱基9B購10  ,0,0,0,0,0,0,0,0,0,-160000,0,0,0,0,160000,-160000,-160000
061747,南亞科統一01購01,0,0,0,0,0,0,0,0,0,-160000,0,0,0,30000,190000,-160000,-160000
066251,川湖元大01購01  ,0,0,0,0,0,0,0,0,0,-160000,0,0,0,55000,215000,-160000,-160000
066246,中化元大01購01  ,0,0,0,0,0,0,0,0,0,-160000,0,0,0,26000,186000,-160000,-160000
066051,景碩元大01購01  ,0,0,0,0,0,0,0,0,0,-160000,0,0,0,92000,252000,-160000,-160000
067697,致茂國票02購01  ,0,0,0,0,0,0,0,0,0,-160000,0,0,0,0,160000,-160000,-160000
069761,欣興兆豐03購05  ,0,0,0,0,0,0,0,0,0,-161000,0,0,0,108000,269000,-161000,-161000
069656,彩晶凱基03購01  ,0,0,0,0,0,0,0,0,0,-161000,0,0,0,364000,525000,-161000,-161000
08401P,玉晶光元富9C售04,0,0,0,0,0,0,0,0,0,-161000,0,0,0,100000,261000,-161000,-161000
056279,新日興富邦99購01,0,0,0,0,0,0,0,0,0,-161000,0,0,0,20000,181000,-161000,-161000
060419,漢翔永豐9A購01  ,0,0,0,0,0,0,0,0,0,-161000,0,0,0,3000,164000,-161000,-161000
064211,友達凱基02購01  ,0,0,0,0,0,0,0,0,0,-161000,0,0,0,18000,179000,-161000,-161000
067429,國揚凱基02購01  ,0,0,0,0,0,0,0,0,0,-161000,0,0,0,39000,200000,-161000,-161000
08299P,玉晶光國票02售01,0,0,0,0,0,0,0,0,0,-162000,0,0,0,40000,202000,-162000,-162000
063359,泰鼎國泰01購01  ,0,0,0,0,0,0,0,0,0,-162000,0,0,0,76000,238000,-162000,-162000
03066P,台積電群益01售19,0,0,0,0,0,0,0,0,0,-162000,0,0,0,10000,172000,-162000,-162000
064511,GIS元大9C購05   ,0,0,0,0,0,0,0,0,0,-162000,0,0,0,177000,339000,-162000,-162000
063148,建準元富9B購01  ,0,0,0,0,0,0,0,0,0,-162000,0,0,0,806000,968000,-162000,-162000
063203,華新科統一9C購04,0,0,0,0,0,0,0,0,0,-162000,0,0,0,238000,400000,-162000,-162000
065728,嘉晶凱基9C購04  ,0,0,0,0,0,0,0,0,0,-162000,0,0,0,151000,313000,-162000,-162000
065829,嘉晶凱基9C購05  ,0,0,0,0,0,0,0,0,0,-162000,0,0,0,206000,368000,-162000,-162000
065573,新日興群益01購02,0,0,0,0,0,0,0,0,0,-162000,0,0,0,100000,262000,-162000,-162000
08723P,臺股指元大01售04,0,0,0,0,0,0,0,0,0,-162000,0,0,0,0,162000,-162000,-162000
069683,奇力新元大02購02,0,0,0,0,0,0,0,0,0,-163000,0,0,0,0,163000,-163000,-163000
05755P,臺股指中信99售04,0,0,0,0,0,0,0,0,0,-163000,0,0,0,40000,203000,-163000,-163000
060921,中橡永豐9A購02  ,0,0,0,0,0,0,0,0,0,-163000,0,0,0,0,163000,-163000,-163000
066163,友訊凱基01購01  ,0,0,0,0,0,0,0,0,0,-163000,0,0,0,101000,264000,-163000,-163000
066345,正文永豐01購01  ,0,0,0,0,0,0,0,0,0,-163000,0,0,0,133000,296000,-163000,-163000
066811,致新凱基01購03  ,0,0,0,0,0,0,0,0,0,-163000,0,0,0,10000,173000,-163000,-163000
067125,健策富邦03購01  ,0,0,0,0,0,0,0,0,0,-164000,0,0,0,105000,269000,-164000,-164000
08010P,大成鋼元大9B售01,0,0,0,0,0,0,0,0,0,-165000,0,0,0,0,165000,-165000,-165000
062045,崇越凱基9B購01  ,0,0,0,0,0,0,0,0,0,-165000,0,0,0,0,165000,-165000,-165000
067672,聯發科元大01購21,0,0,0,0,0,0,0,0,0,-165000,0,0,0,268000,433000,-165000,-165000
066041,台光電元大01購02,0,0,0,0,0,0,0,0,0,-165000,0,0,0,0,165000,-165000,-165000
070041,技嘉永豐02購01  ,0,0,0,0,0,0,0,0,0,-166000,0,0,0,0,166000,-166000,-166000
061587,美律富邦9A購02  ,0,0,0,0,0,0,0,0,0,-166000,0,0,0,27000,193000,-166000,-166000
03371P,聯電元大02售07  ,0,0,0,0,0,0,0,0,0,-166000,0,0,0,0,166000,-166000,-166000
062097,台光電永豐9B購01,0,0,0,0,0,0,0,0,0,-166000,0,0,0,0,166000,-166000,-166000
064771,貿聯中信01購01  ,0,0,0,0,0,0,0,0,0,-166000,0,0,0,231000,397000,-166000,-166000
061669,崇越中信9A購01  ,0,0,0,0,0,0,0,0,0,-166000,0,0,0,20000,186000,-166000,-166000
066232,聯強富邦03購01  ,0,0,0,0,0,0,0,0,0,-166000,0,0,0,989000,1155000,-166000,-166000
066664,嘉晶凱基02購01  ,0,0,0,0,0,0,0,0,0,-166000,0,0,0,139000,305000,-166000,-166000
03394P,聯電國泰04售01  ,0,0,0,0,0,0,0,0,0,-167000,0,0,0,10000,177000,-167000,-167000
062739,嘉晶國票9B購02  ,0,0,0,0,0,0,0,0,0,-167000,0,0,0,36000,203000,-167000,-167000
1723,中碳            ,26000,195000,-169000,0,0,0,0,0,0,2000,2000,0,2000,0,0,0,-167000
070014,樺漢元大02購03  ,0,0,0,0,0,0,0,0,0,-168000,0,0,0,0,168000,-168000,-168000
063067,緯穎麥證9B購01  ,0,0,0,10000,178000,-168000,0,0,0,-168000,0,0,0,10000,178000,-168000,-168000
065583,超眾國泰02購01  ,0,0,0,0,0,0,0,0,0,-168000,0,0,0,0,168000,-168000,-168000
067430,中工凱基05購01  ,0,0,0,0,0,0,0,0,0,-168000,0,0,0,127000,295000,-168000,-168000
067904,SP黃豆國泰03購01,0,0,0,0,0,0,0,0,0,-168000,0,0,0,180000,348000,-168000,-168000
066750,緯穎元大01購04  ,0,0,0,0,0,0,0,0,0,-168000,0,0,0,0,168000,-168000,-168000
058124,玉晶光國票9A購01,0,0,0,0,0,0,0,0,0,-169000,0,0,0,0,169000,-169000,-169000
061223,T50反1中信01購01,0,0,0,0,0,0,0,0,0,-169000,0,0,0,31000,200000,-169000,-169000
067294,中磊兆豐03購01  ,0,0,0,0,0,0,0,0,0,-169000,0,0,0,5000,174000,-169000,-169000
065472,華新元大01購01  ,0,0,0,0,0,0,0,0,0,-169000,0,0,0,112000,281000,-169000,-169000
3055,蔚華科          ,314000,413000,-99000,0,0,0,0,0,0,-70000,1000,71000,-70000,0,0,0,-169000
3533,嘉澤            ,310234,417000,-106766,0,0,0,1000,22000,-21000,-42000,16000,39000,-23000,2000,21000,-19000,-169766
07391P,台灣50國泰02售01,0,0,0,0,0,0,0,0,0,-170000,0,0,0,0,170000,-170000,-170000
069107,國巨兆豐03購02  ,0,0,0,0,0,0,0,0,0,-170000,0,0,0,282000,452000,-170000,-170000
058441,T50反1台新03購01,0,0,0,0,0,0,0,0,0,-170000,0,0,0,0,170000,-170000,-170000
057863,美律凱基9A購01  ,0,0,0,0,0,0,0,0,0,-170000,0,0,0,112000,282000,-170000,-170000
063967,華新科國票01購01,0,0,0,0,0,0,0,0,0,-170000,0,0,0,10000,180000,-170000,-170000
061900,志超永豐9B購01  ,0,0,0,0,0,0,0,0,0,-170000,0,0,0,4000,174000,-170000,-170000
066633,總太凱基01購01  ,0,0,0,0,0,0,0,0,0,-170000,0,0,0,0,170000,-170000,-170000
066527,泰鼎統一03購01  ,0,0,0,0,0,0,0,0,0,-170000,0,0,0,0,170000,-170000,-170000
066952,亞光元大01購03  ,0,0,0,0,0,0,0,0,0,-170000,0,0,0,80000,250000,-170000,-170000
3338,泰碩            ,216000,371000,-155000,0,0,0,0,0,0,-15000,10000,0,10000,2000,27000,-25000,-170000
07879P,瑞昱群益9C售01  ,0,0,0,0,0,0,0,0,0,-171000,0,0,0,110000,281000,-171000,-171000
063135,國巨統一9B購16  ,0,0,0,0,0,0,0,0,0,-171000,0,0,0,0,171000,-171000,-171000
065361,上銀元大9C購11  ,0,0,0,0,0,0,0,0,0,-171000,0,0,0,114000,285000,-171000,-171000
8110,華東            ,104000,299000,-195000,0,0,0,0,0,0,24000,24000,0,24000,0,0,0,-171000
08968P,台表科元大01售04,0,0,0,0,0,0,0,0,0,-171000,0,0,0,76000,247000,-171000,-171000
07830P,牧德凱基9A售03  ,0,0,0,0,0,0,0,0,0,-172000,0,0,0,0,172000,-172000,-172000
069570,奇鋐凱基02購03  ,0,0,0,0,0,0,0,0,0,-172000,0,0,0,145000,317000,-172000,-172000
069099,欣興統一04購02  ,0,0,0,0,0,0,0,0,0,-172000,0,0,0,747000,919000,-172000,-172000
058534,友達統一9B購01  ,0,0,0,0,0,0,0,0,0,-172000,0,0,0,49000,221000,-172000,-172000
062972,京元電元富9B購01,0,0,0,0,0,0,0,0,0,-172000,0,0,0,104000,276000,-172000,-172000
062265,南茂元大9B購01  ,0,0,0,0,0,0,0,0,0,-172000,0,0,0,50000,222000,-172000,-172000
065621,聯發科第一9C購01,0,0,0,0,0,0,0,0,0,-172000,0,0,0,0,172000,-172000,-172000
065894,漢翔統一03購01  ,0,0,0,0,0,0,0,0,0,-172000,0,0,0,2000,174000,-172000,-172000
066088,漢翔永豐01購01  ,0,0,0,0,0,0,0,0,0,-172000,0,0,0,0,172000,-172000,-172000
067388,聯發科元富07購03,0,0,0,0,0,0,0,0,0,-172000,0,0,0,82000,254000,-172000,-172000
068511,國巨統一07購01  ,0,0,0,0,0,0,0,0,0,-173000,0,0,0,0,173000,-173000,-173000
060979,國巨元大9A購14  ,0,0,0,0,0,0,0,0,0,-173000,0,0,0,17000,190000,-173000,-173000
064469,臻鼎元富9C購01  ,0,0,0,0,0,0,0,0,0,-173000,0,0,0,32000,205000,-173000,-173000
064011,嘉晶國票9C購01  ,0,0,0,0,0,0,0,0,0,-173000,0,0,0,1000,174000,-173000,-173000
063550,可成國票9C購01  ,0,0,0,0,0,0,0,0,0,-173000,0,0,0,309000,482000,-173000,-173000
067335,國產凱基02購02  ,0,0,0,0,0,0,0,0,0,-173000,0,0,0,66000,239000,-173000,-173000
067665,台達電元大01購04,0,0,0,0,0,0,0,0,0,-173000,0,0,0,116000,289000,-173000,-173000
066061,超眾元大01購04  ,0,0,0,0,0,0,0,0,0,-173000,0,0,0,191000,364000,-173000,-173000
066352,晶碩永豐01購01  ,0,0,0,0,0,0,0,0,0,-173000,0,0,0,316000,489000,-173000,-173000
1722,台肥            ,378000,958000,-580000,0,0,0,400000,0,400000,7000,6000,15000,-9000,24000,8000,16000,-173000
069353,華新科國泰03購01,0,0,0,0,0,0,0,0,0,-174000,0,0,0,12000,186000,-174000,-174000
064380,超眾元富9C購03  ,0,0,0,0,0,0,0,0,0,-174000,0,0,0,6000,180000,-174000,-174000
064405,美食凱基01購02  ,0,0,0,0,0,0,0,0,0,-174000,0,0,0,83000,257000,-174000,-174000
065834,億豐凱基03購01  ,0,0,0,0,0,0,0,0,0,-174000,0,0,0,121000,295000,-174000,-174000
065802,義隆群益9C購05  ,0,0,0,0,0,0,0,0,0,-174000,0,0,0,29000,203000,-174000,-174000
2542,興富發          ,824000,1302000,-478000,0,0,0,0,0,0,304000,227000,7000,220000,84000,0,84000,-174000
069996,可成元富08購01  ,0,0,0,0,0,0,0,0,0,-175000,0,0,0,0,175000,-175000,-175000
064009,超眾凱基01購01  ,0,0,0,0,0,0,0,0,0,-175000,0,0,0,24000,199000,-175000,-175000
065262,義隆元大9C購06  ,0,0,0,0,0,0,0,0,0,-175000,0,0,0,15000,190000,-175000,-175000
066555,聯詠元大01購01  ,0,0,0,0,0,0,0,0,0,-175000,0,0,0,13000,188000,-175000,-175000
2316,楠梓電          ,704000,901000,-197000,0,0,0,0,0,0,22000,3000,30000,-27000,49000,0,49000,-175000
08545P,南電國泰01售02  ,0,0,0,0,0,0,0,0,0,-176000,0,0,0,54000,230000,-176000,-176000
08059P,京鼎元大9B售02  ,0,0,0,0,0,0,0,0,0,-177000,0,0,0,10000,187000,-177000,-177000
061006,新光金兆豐9A購01,0,0,0,0,0,0,0,0,0,-177000,0,0,0,25000,202000,-177000,-177000
03013P,華新科永豐01售01,0,0,0,0,0,0,0,0,0,-177000,0,0,0,50000,227000,-177000,-177000
03165P,台表科元大01售06,0,0,0,0,0,0,0,0,0,-177000,0,0,0,40000,217000,-177000,-177000
020018,統一價值成長30N ,0,0,0,0,0,0,0,0,0,-177000,0,0,0,226000,403000,-177000,-177000
064427,喬山凱基01購01  ,0,0,0,0,0,0,0,0,0,-177000,0,0,0,156000,333000,-177000,-177000
063130,聯茂元大9B購02  ,0,0,0,0,0,0,0,0,0,-177000,0,0,0,0,177000,-177000,-177000
066071,台光電凱基02購01,0,0,0,0,0,0,0,0,0,-177000,0,0,0,0,177000,-177000,-177000
065705,嘉晶群益9C購05  ,0,0,0,0,0,0,0,0,0,-177000,0,0,0,116000,293000,-177000,-177000
08821P,旺宏凱基01售01  ,0,0,0,0,0,0,0,0,0,-177000,0,0,0,268000,445000,-177000,-177000
6165,捷泰            ,10000,187000,-177000,0,0,0,0,0,0,0,0,0,0,0,0,0,-177000
068365,大立光國泰03購06,0,0,0,0,0,0,0,0,0,-178000,0,0,0,0,178000,-178000,-178000
061184,大立光國泰9C購01,0,0,0,0,0,0,0,0,0,-178000,0,0,0,8000,186000,-178000,-178000
2228,劍麟            ,15000,163000,-148000,0,0,0,10000,40000,-30000,0,0,0,0,0,0,0,-178000
069758,智邦兆豐03購02  ,0,0,0,0,0,0,0,0,0,-179000,0,0,0,0,179000,-179000,-179000
060367,緯穎元富9A購02  ,0,0,0,0,0,0,0,0,0,-179000,0,0,0,12000,191000,-179000,-179000
062499,鴻海群益01購01  ,0,0,0,0,0,0,0,0,0,-179000,0,0,0,121000,300000,-179000,-179000
057057,立積元大9A購01  ,0,0,0,0,0,0,0,0,0,-179000,0,0,0,5000,184000,-179000,-179000
03380P,欣興群益02售06  ,0,0,0,0,0,0,0,0,0,-179000,0,0,0,220000,399000,-179000,-179000
06564P,國巨富邦9A售04  ,0,0,0,0,0,0,0,0,0,-179000,0,0,0,3000,182000,-179000,-179000
066441,聯強群益01購01  ,0,0,0,0,0,0,0,0,0,-179000,0,0,0,112000,291000,-179000,-179000
07689P,旺宏元大9A售13  ,0,0,0,0,0,0,0,0,0,-180000,0,0,0,120000,300000,-180000,-180000
068625,信邦群益02購02  ,0,0,0,0,0,0,0,0,0,-180000,0,0,0,0,180000,-180000,-180000
064137,台泥統一02購01  ,0,0,0,0,0,0,0,0,0,-180000,0,0,0,401000,581000,-180000,-180000
08964P,美律台新01售01  ,0,0,0,0,0,0,0,0,0,-180000,0,0,0,0,180000,-180000,-180000
069214,南電元大02購07  ,0,0,0,0,0,0,0,0,0,-181000,0,0,0,588000,769000,-181000,-181000
08376P,南亞科元富9C售03,0,0,0,0,0,0,0,0,0,-181000,0,0,0,81000,262000,-181000,-181000
066491,麗豐元富01購01  ,0,0,0,0,0,0,0,0,0,-181000,0,0,0,51000,232000,-181000,-181000
08851P,義隆群益01售03  ,0,0,0,0,0,0,0,0,0,-181000,0,0,0,20000,201000,-181000,-181000
08642P,華新科群益9C售06,0,0,0,0,0,0,0,0,0,-181000,0,0,0,10000,191000,-181000,-181000
3617,碩天            ,14000,75000,-61000,0,0,0,0,0,0,-120000,1000,11000,-10000,0,110000,-110000,-181000
08154P,上銀元富9B售04  ,0,0,0,0,0,0,0,0,0,-182000,0,0,0,63000,245000,-182000,-182000
068399,中興電元富03購01,0,0,0,0,0,0,0,0,0,-182000,0,0,0,526000,708000,-182000,-182000
064241,貿聯統一02購02  ,0,0,0,0,0,0,0,0,0,-182000,0,0,0,0,182000,-182000,-182000
066853,樺漢元大01購01  ,0,0,0,0,0,0,0,0,0,-182000,0,0,0,611000,793000,-182000,-182000
069207,信邦元大02購01  ,0,0,0,0,0,0,0,0,0,-183000,0,0,0,102000,285000,-183000,-183000
069838,正隆群益02購01  ,0,0,0,0,0,0,0,0,0,-183000,0,0,0,42000,225000,-183000,-183000
062156,美律凱基9B購01  ,0,0,0,0,0,0,0,0,0,-183000,0,0,0,0,183000,-183000,-183000
067085,臻鼎元大01購02  ,0,0,0,0,0,0,0,0,0,-183000,0,0,0,55000,238000,-183000,-183000
066625,瑞昱凱基02購01  ,0,0,0,0,0,0,0,0,0,-183000,0,0,0,14000,197000,-183000,-183000
069734,創意麥證02購01  ,0,0,0,0,197000,-197000,0,0,0,-184000,0,0,0,13000,197000,-184000,-184000
07803P,南亞科永豐9A售02,0,0,0,0,0,0,0,0,0,-184000,0,0,0,0,184000,-184000,-184000
059996,美律元富99購01  ,0,0,0,0,0,0,0,0,0,-184000,0,0,0,0,184000,-184000,-184000
065193,和大元富03購02  ,0,0,0,0,0,0,0,0,0,-184000,0,0,0,10000,194000,-184000,-184000
063219,友達群益9B購03  ,0,0,0,0,0,0,0,0,0,-184000,0,0,0,2000,186000,-184000,-184000
063528,元大金凱基9B購01,0,0,0,0,0,0,0,0,0,-184000,0,0,0,2000,186000,-184000,-184000
065723,新日興兆豐01購01,0,0,0,0,0,0,0,0,0,-184000,0,0,0,0,184000,-184000,-184000
069796,精元凱基03購01  ,0,0,0,0,0,0,0,0,0,-185000,0,0,0,166000,351000,-185000,-185000
068633,聯電凱基03購05  ,0,0,0,0,0,0,0,0,0,-185000,0,0,0,200000,385000,-185000,-185000
058061,貿聯元富9B購01  ,0,0,0,0,0,0,0,0,0,-185000,0,0,0,175000,360000,-185000,-185000
03488P,欣興中信02售05  ,0,0,0,0,0,0,0,0,0,-185000,0,0,0,0,185000,-185000,-185000
066075,景碩凱基02購01  ,0,2000,-2000,0,0,0,0,0,0,-183000,0,0,0,48000,231000,-183000,-185000
6278,台表科          ,1633000,1022000,611000,0,0,0,30000,83000,-53000,-743000,70000,705000,-635000,14000,122000,-108000,-185000
6504,南六            ,178000,242000,-64000,0,0,0,0,50000,-50000,-71000,0,24000,-24000,8000,55000,-47000,-185000
069370,SP黃豆元大03購02,0,0,0,0,0,0,0,0,0,-186000,0,0,0,0,186000,-186000,-186000
069518,正文凱基02購01  ,0,0,0,0,0,0,0,0,0,-186000,0,0,0,453000,639000,-186000,-186000
08464P,牧德永豐9C售02  ,0,0,0,0,0,0,0,0,0,-186000,0,0,0,75000,261000,-186000,-186000
060229,楠梓電元大9C購01,0,0,0,0,0,0,0,0,0,-186000,0,0,0,91000,277000,-186000,-186000
063863,儒鴻富邦02購01  ,0,0,0,0,0,0,0,0,0,-186000,0,0,0,50000,236000,-186000,-186000
062715,T50反1凱基03購01,0,0,0,0,0,0,0,0,0,-186000,0,0,0,0,186000,-186000,-186000
064314,信邦群益9C購01  ,0,0,0,0,0,0,0,0,0,-186000,0,0,0,12000,198000,-186000,-186000
067997,美律元大01購02  ,0,0,0,0,0,0,0,0,0,-186000,0,0,0,66000,252000,-186000,-186000
08139P,華新科元大9B售12,0,0,0,0,0,0,0,0,0,-187000,0,0,0,4000,191000,-187000,-187000
066941,滬深2X元大03購01,0,0,0,0,0,0,0,0,0,-187000,0,0,0,10000,197000,-187000,-187000
08314P,國巨元大9C售14  ,0,0,0,0,0,0,0,0,0,-188000,0,0,0,20000,208000,-188000,-188000
063398,信邦群益9B購02  ,0,0,0,0,0,0,0,0,0,-188000,0,0,0,12000,200000,-188000,-188000
03429P,瑞昱元大02售05  ,0,0,0,0,0,0,0,0,0,-188000,0,0,0,132000,320000,-188000,-188000
03477P,TPK元富03售03   ,0,0,0,0,0,0,0,0,0,-188000,0,0,0,126000,314000,-188000,-188000
064792,美律國票9C購01  ,0,0,0,0,0,0,0,0,0,-188000,0,0,0,27000,215000,-188000,-188000
066683,和碩兆豐01購01  ,0,0,0,0,0,0,0,0,0,-188000,0,0,0,14000,202000,-188000,-188000
8996,高力            ,169000,340000,-171000,0,0,0,0,17000,-17000,0,0,0,0,0,0,0,-188000
064722,大立光統一02購03,0,0,0,0,0,0,0,0,0,-189000,0,0,0,1000,190000,-189000,-189000
067021,正崴中信01購01  ,0,0,0,0,0,0,0,0,0,-189000,0,0,0,334000,523000,-189000,-189000
2536,宏普            ,80000,269000,-189000,0,0,0,0,0,0,0,0,0,0,0,0,0,-189000
3437,榮創            ,357000,550000,-193000,0,0,0,0,0,0,4000,4000,0,4000,0,0,0,-189000
069474,世紀鋼國票03購01,0,0,0,0,0,0,0,0,0,-190000,0,0,0,136000,326000,-190000,-190000
07593P,臺股指凱基9A售08,0,0,0,0,0,0,0,0,0,-190000,0,0,0,10000,200000,-190000,-190000
068581,台積電永豐01購05,0,0,0,0,0,0,0,0,0,-190000,0,0,0,150000,340000,-190000,-190000
03033P,微星國票03售01  ,0,0,0,0,0,0,0,0,0,-190000,0,0,0,60000,250000,-190000,-190000
060301,國巨富邦9C購02  ,0,0,0,0,0,0,0,0,0,-190000,0,0,0,0,190000,-190000,-190000
063900,GIS群益9C購03   ,0,0,0,0,0,0,0,0,0,-190000,0,0,0,50000,240000,-190000,-190000
064780,義隆群益9C購04  ,0,0,0,0,0,0,0,0,0,-190000,0,0,0,131000,321000,-190000,-190000
061902,百和永豐9B購01  ,0,0,0,0,0,0,0,0,0,-190000,0,0,0,0,190000,-190000,-190000
068180,華新科群益02購03,0,0,0,0,0,0,0,0,0,-191000,0,0,0,155000,346000,-191000,-191000
065106,S&P反1國票9C購02,0,0,0,0,0,0,0,0,0,-191000,0,0,0,9000,200000,-191000,-191000
067948,群創國泰03購01  ,0,0,0,0,0,0,0,0,0,-191000,0,0,0,5000,196000,-191000,-191000
08673P,友訊元富01售03  ,0,0,0,0,0,0,0,0,0,-191000,0,0,0,45000,236000,-191000,-191000
08985P,台表科兆豐03售02,0,0,0,0,0,0,0,0,0,-191000,0,0,0,152000,343000,-191000,-191000
2359,所羅門          ,30000,233000,-203000,0,0,0,0,0,0,12000,12000,0,12000,0,0,0,-191000
068840,瑞儀永豐02購01  ,0,0,0,0,0,0,0,0,0,-192000,0,0,0,7000,199000,-192000,-192000
08092P,仁寶元富9B售02  ,0,0,0,0,0,0,0,0,0,-192000,0,0,0,100000,292000,-192000,-192000
07653P,華新科群益9A售05,0,0,0,0,0,0,0,0,0,-192000,0,0,0,12000,204000,-192000,-192000
03493P,世紀鋼元大02售02,0,0,0,0,0,0,0,0,0,-192000,0,0,0,200000,392000,-192000,-192000
067216,健策元大01購09  ,0,0,0,0,0,0,0,0,0,-192000,0,0,0,28000,220000,-192000,-192000
065381,緯穎元大9C購03  ,0,0,0,0,0,0,0,0,0,-192000,0,0,0,184000,376000,-192000,-192000
063983,麗豐兆豐9C購01  ,0,0,0,0,0,0,0,0,0,-193000,0,0,0,65000,258000,-193000,-193000
067451,嘉晶國票02購01  ,0,0,0,0,0,0,0,0,0,-193000,0,0,0,83000,276000,-193000,-193000
056764,友達元大9A購03  ,0,0,0,0,0,0,0,0,0,-194000,0,0,0,62000,256000,-194000,-194000
060744,鴻海國票9A購04  ,0,0,0,0,0,0,0,0,0,-194000,0,0,0,100000,294000,-194000,-194000
060513,緯穎元大9B購01  ,0,0,0,0,0,0,0,0,0,-194000,0,0,0,30000,224000,-194000,-194000
063500,嘉晶永豐9B購02  ,0,0,0,0,0,0,0,0,0,-194000,0,0,0,25000,219000,-194000,-194000
064375,智邦元富03購01  ,0,0,0,0,0,0,0,0,0,-194000,0,0,0,12000,206000,-194000,-194000
065219,緯穎國泰01購01  ,0,0,0,0,0,0,0,0,0,-194000,0,0,0,128000,322000,-194000,-194000
064768,仁寶中信03購01  ,0,0,0,0,0,0,0,0,0,-194000,0,0,0,326000,520000,-194000,-194000
8261,富鼎            ,123000,307000,-184000,0,0,0,0,0,0,-10000,0,10000,-10000,0,0,0,-194000
08620P,聯發科群益9C售15,0,0,0,0,0,0,0,0,0,-195000,0,0,0,100000,295000,-195000,-195000
068388,宏碁統一03購02  ,0,0,0,0,0,0,0,0,0,-195000,0,0,0,11000,206000,-195000,-195000
068507,緯穎元大01購08  ,0,0,0,0,0,0,0,0,0,-195000,0,0,0,44000,239000,-195000,-195000
067075,亞光元大01購04  ,0,0,0,0,0,0,0,0,0,-195000,0,0,0,5000,200000,-195000,-195000
066678,台達電兆豐03購01,0,0,0,0,0,0,0,0,0,-195000,0,0,0,230000,425000,-195000,-195000
068674,聯發科統一03購12,0,0,0,0,0,0,0,0,0,-196000,0,0,0,167000,363000,-196000,-196000
061492,超眾兆豐9B購01  ,0,0,0,0,0,0,0,0,0,-196000,0,0,0,7000,203000,-196000,-196000
058221,上銀統一99購04  ,0,0,0,0,0,0,0,0,0,-197000,0,0,0,15000,212000,-197000,-197000
061318,智邦凱基9B購01  ,0,0,0,0,0,0,0,0,0,-197000,0,0,0,10000,207000,-197000,-197000
08174P,國巨統一9B售17  ,0,0,0,0,0,0,0,0,0,-198000,0,0,0,77000,275000,-198000,-198000
067854,力成國票02購01  ,0,0,0,0,0,0,0,0,0,-198000,0,0,0,0,198000,-198000,-198000
067784,富邦金群益02購01,0,0,0,0,0,0,0,0,0,-198000,0,0,0,167000,365000,-198000,-198000
067780,臺指反群益02購03,0,0,0,0,0,0,0,0,0,-198000,0,0,0,31000,229000,-198000,-198000
08798P,聯發科國票01售03,0,0,0,0,0,0,0,0,0,-198000,0,0,0,33000,231000,-198000,-198000
064523,聯茂群益9C購01  ,0,0,0,0,0,0,0,0,0,-199000,0,0,0,0,199000,-199000,-199000
062481,同欣電國票9B購01,0,0,0,0,0,0,0,0,0,-199000,0,0,0,0,199000,-199000,-199000
065160,聯茂群益9C購02  ,0,0,0,0,0,0,0,0,0,-199000,0,0,0,0,199000,-199000,-199000
067762,康舒永豐01購02  ,0,0,0,0,0,0,0,0,0,-199000,0,0,0,86000,285000,-199000,-199000
067318,康控元大01購03  ,0,0,0,0,0,0,0,0,0,-199000,0,0,0,31000,230000,-199000,-199000
066195,臺股指凱基03購04,0,0,0,0,0,0,0,0,0,-199000,0,0,0,16000,215000,-199000,-199000
066279,拓凱元大01購01  ,0,0,0,0,0,0,0,0,0,-199000,0,0,0,0,199000,-199000,-199000
3026,禾伸堂          ,103000,301000,-198000,0,0,0,0,0,0,-1000,3000,0,3000,0,4000,-4000,-199000
08194P,同欣電國票9C售03,0,0,0,0,0,0,0,0,0,-200000,0,0,0,46000,246000,-200000,-200000
07853P,國巨凱基9A售19  ,0,0,0,0,0,0,0,0,0,-200000,0,0,0,40000,240000,-200000,-200000
069814,聯詠國票03購03  ,0,0,0,0,0,0,0,0,0,-200000,0,0,0,0,200000,-200000,-200000
069462,TPK兆豐03購01   ,0,0,0,0,0,0,0,0,0,-200000,0,0,0,21000,221000,-200000,-200000
069593,國巨國票04購01  ,0,0,0,0,0,0,0,0,0,-200000,0,0,0,0,200000,-200000,-200000
068873,光寶科凱基03購01,0,0,0,0,0,0,0,0,0,-200000,0,0,0,0,200000,-200000,-200000
069409,聯發科統一04購02,0,0,0,0,0,0,0,0,0,-200000,0,0,0,0,200000,-200000,-200000
069148,牧德永豐02購02  ,0,0,0,0,0,0,0,0,0,-200000,0,0,0,0,200000,-200000,-200000
057852,國巨國票99購05  ,0,0,0,0,0,0,0,0,0,-200000,0,0,0,0,200000,-200000,-200000
060826,牧德元大9B購02  ,0,0,0,0,0,0,0,0,0,-200000,0,0,0,0,200000,-200000,-200000
03017P,深中小群益01售02,0,0,0,0,0,0,0,0,0,-200000,0,0,0,600000,800000,-200000,-200000
03253P,台灣50國泰03售02,0,0,0,0,0,0,0,0,0,-200000,0,0,0,622000,822000,-200000,-200000
062738,可成國票9B購02  ,0,0,0,0,0,0,0,0,0,-200000,0,0,0,0,200000,-200000,-200000
066638,聚碩凱基01購01  ,0,0,0,0,0,0,0,0,0,-200000,0,0,0,0,200000,-200000,-200000
065991,牧德永豐01購01  ,0,0,0,0,0,0,0,0,0,-200000,0,0,0,0,200000,-200000,-200000
067122,眾達國泰03購02  ,0,0,0,0,0,0,0,0,0,-200000,0,0,0,0,200000,-200000,-200000
067155,健策統一02購01  ,0,0,0,0,0,0,0,0,0,-200000,0,0,0,0,200000,-200000,-200000
067492,健策元大01購11  ,0,0,0,0,0,0,0,0,0,-200000,0,0,0,0,200000,-200000,-200000
08882P,上証2X國票02售02,0,0,0,0,0,0,0,0,0,-200000,0,0,0,0,200000,-200000,-200000
6552,易華電          ,34000,232000,-198000,0,0,0,0,0,0,-3000,0,0,0,0,3000,-3000,-201000
068062,瑞昱兆豐03購01  ,0,0,0,0,0,0,0,0,0,-202000,0,0,0,114000,316000,-202000,-202000
065633,聯發科國票01購02,0,0,0,0,0,0,0,0,0,-202000,0,0,0,7000,209000,-202000,-202000
6582,申豐            ,238000,389000,-151000,0,0,0,0,0,0,-51000,9000,7000,2000,3000,56000,-53000,-202000
068893,友達元大04購01  ,0,0,0,0,0,0,0,0,0,-203000,0,0,0,0,203000,-203000,-203000
069082,欣興凱基03購02  ,0,0,0,0,0,0,0,0,0,-203000,0,0,0,334000,537000,-203000,-203000
03092P,臺股指元大01售21,0,0,0,0,0,0,0,0,0,-203000,0,0,0,0,203000,-203000,-203000
061121,智邦永豐9A購02  ,0,0,0,0,0,0,0,0,0,-203000,0,0,0,50000,253000,-203000,-203000
069051,聯發科元富08購03,0,0,0,0,0,0,0,0,0,-204000,0,0,0,73000,277000,-204000,-204000
069955,玉晶光永豐02購04,0,0,0,0,0,0,0,0,0,-204000,0,0,0,1000,205000,-204000,-204000
07001P,國巨元大99售12  ,0,0,0,0,0,0,0,0,0,-204000,0,0,0,0,204000,-204000,-204000
063022,嘉晶元大9B購04  ,0,0,0,0,0,0,0,0,0,-204000,0,0,0,150000,354000,-204000,-204000
07577P,華新科元大9A售09,0,0,0,0,0,0,0,0,0,-205000,0,0,0,0,205000,-205000,-205000
069034,美律統一04購01  ,0,0,0,0,0,0,0,0,0,-205000,0,0,0,100000,305000,-205000,-205000
068918,臺股指群益02購04,0,0,0,0,0,0,0,0,0,-205000,0,0,0,10000,215000,-205000,-205000
065165,上銀元大9C購09  ,0,0,0,0,0,0,0,0,0,-205000,0,0,0,95000,300000,-205000,-205000
08989P,玉晶光國票03售01,0,0,0,0,0,0,0,0,0,-206000,0,0,0,0,206000,-206000,-206000
069906,智易元大02購01  ,0,0,0,0,0,0,0,0,0,-207000,0,0,0,0,207000,-207000,-207000
065978,臻鼎元大02購01  ,0,0,0,0,0,0,0,0,0,-207000,0,0,0,8000,215000,-207000,-207000
069205,友達元大02購02  ,0,0,0,0,0,0,0,0,0,-208000,0,0,0,25000,233000,-208000,-208000
03211P,健鼎國票03售01  ,0,0,0,0,0,0,0,0,0,-208000,0,0,0,88000,296000,-208000,-208000
066192,嘉基凱基01購01  ,0,0,0,0,0,0,0,0,0,-208000,0,0,0,3000,211000,-208000,-208000
066050,亞光元大01購01  ,0,0,0,0,0,0,0,0,0,-208000,0,0,0,7000,215000,-208000,-208000
068169,臺股指元大01購22,0,0,0,0,0,0,0,0,0,-209000,0,0,0,23000,232000,-209000,-209000
053276,友達元大9C購01  ,0,0,0,0,0,0,0,0,0,-209000,0,0,0,2000,211000,-209000,-209000
058328,世紀鋼統一9B購01,0,0,0,0,0,0,0,0,0,-209000,0,0,0,1026000,1235000,-209000,-209000
063637,聯發科元大9C購02,0,0,0,0,0,0,0,0,0,-209000,0,0,0,121000,330000,-209000,-209000
062983,緯穎元富9B購01  ,0,0,0,0,0,0,0,0,0,-209000,0,0,0,47000,256000,-209000,-209000
2369,菱生            ,274000,490000,-216000,0,0,0,0,0,0,7000,7000,0,7000,0,0,0,-209000
068791,元大金凱基02購01,0,0,0,0,0,0,0,0,0,-210000,0,0,0,0,210000,-210000,-210000
068969,台塑化群益02購01,0,0,0,0,0,0,0,0,0,-210000,0,0,0,100000,310000,-210000,-210000
062072,國巨元大9B購05  ,0,0,0,0,0,0,0,0,0,-210000,0,0,0,5000,215000,-210000,-210000
066289,晶碩元大02購01  ,0,0,0,0,0,0,0,0,0,-210000,0,0,0,139000,349000,-210000,-210000
1308,亞聚            ,58000,347000,-289000,0,0,0,0,0,0,79000,0,2000,-2000,81000,0,81000,-210000
065577,超眾群益9C購02  ,0,0,0,0,0,0,0,0,0,-211000,0,0,0,27000,238000,-211000,-211000
068230,亞光元富04購01  ,0,0,0,0,0,0,0,0,0,-212000,0,0,0,0,212000,-212000,-212000
069559,美律麥證02購01  ,5000,0,5000,15000,233000,-218000,0,0,0,-218000,0,0,0,15000,233000,-218000,-213000
060416,神隆永豐9A購01  ,0,0,0,0,0,0,0,0,0,-213000,0,0,0,0,213000,-213000,-213000
03427P,聯電元大02售11  ,0,0,0,0,0,0,0,0,0,-213000,0,0,0,2000,215000,-213000,-213000
067733,力山元大01購01  ,0,0,0,0,0,0,0,0,0,-213000,0,0,0,356000,569000,-213000,-213000
1736,喬山            ,439000,615000,-176000,0,0,0,0,0,0,-37000,0,1000,-1000,38000,74000,-36000,-213000
068216,國巨台新01購01  ,0,0,0,0,0,0,0,0,0,-214000,0,0,0,166000,380000,-214000,-214000
057240,茂林凱基9A購01  ,0,0,0,0,0,0,0,0,0,-214000,0,0,0,92000,306000,-214000,-214000
065269,貿聯元大9C購05  ,0,0,0,0,0,0,0,0,0,-214000,0,0,0,228000,442000,-214000,-214000
064404,奇力新凱基02購01,0,0,0,0,0,0,0,0,0,-214000,0,0,0,20000,234000,-214000,-214000
066768,瀚宇博永豐01購01,0,0,0,0,0,0,0,0,0,-214000,0,0,0,172000,386000,-214000,-214000
6196,帆宣            ,447000,261000,186000,0,0,0,0,404000,-404000,4000,4000,0,4000,18000,18000,0,-214000
068318,中興電元大01購01,0,0,0,0,0,0,0,0,0,-215000,0,0,0,144000,359000,-215000,-215000
08285P,國巨凱基9C售07  ,0,0,0,0,0,0,0,0,0,-215000,0,0,0,41000,256000,-215000,-215000
049593,群創元大9A購01  ,0,0,0,0,0,0,0,0,0,-215000,0,0,0,5000,220000,-215000,-215000
061706,旭富國票9A購02  ,0,0,0,0,0,0,0,0,0,-215000,0,0,0,65000,280000,-215000,-215000
064911,光寶科統一02購01,0,0,0,0,0,0,0,0,0,-215000,0,0,0,23000,238000,-215000,-215000
1720,生達            ,67000,240000,-173000,0,0,0,0,0,0,-42000,0,28000,-28000,0,14000,-14000,-215000
069506,元大金永豐02購01,0,0,0,0,0,0,0,0,0,-216000,0,0,0,0,216000,-216000,-216000
069807,金像電國票03購02,0,0,0,0,0,0,0,0,0,-216000,0,0,0,0,216000,-216000,-216000
065786,神基永豐9C購01  ,0,0,0,0,0,0,0,0,0,-216000,0,0,0,0,216000,-216000,-216000
066308,中化永豐01購01  ,0,0,0,0,0,0,0,0,0,-216000,0,0,0,34000,250000,-216000,-216000
08058P,華新科元大9B售10,0,0,0,0,0,0,0,0,0,-218000,0,0,0,0,218000,-218000,-218000
062834,立積群益9B購02  ,0,0,0,0,0,0,0,0,0,-218000,0,0,0,0,218000,-218000,-218000
8131,福懋科          ,56000,286000,-230000,0,0,0,0,0,0,12000,12000,0,12000,0,0,0,-218000
069621,創意統一02購04  ,0,0,0,0,0,0,0,0,0,-219000,0,0,0,14000,233000,-219000,-219000
068874,精元凱基02購01  ,0,0,0,0,0,0,0,0,0,-219000,0,0,0,47000,266000,-219000,-219000
064986,GIS元大9C購07   ,0,0,0,0,0,0,0,0,0,-219000,0,0,0,179000,398000,-219000,-219000
063322,台郡群益9B購02  ,0,0,0,0,0,0,0,0,0,-219000,0,0,0,74000,293000,-219000,-219000
066161,力山凱基01購01  ,0,0,0,0,0,0,0,0,0,-219000,0,0,0,295000,514000,-219000,-219000
065431,大立光凱基02購02,0,0,0,0,0,0,0,0,0,-219000,0,0,0,192000,411000,-219000,-219000
067369,瑞昱統一01購07  ,0,0,0,0,0,0,0,0,0,-219000,0,0,0,343000,562000,-219000,-219000
069387,牧德元大02購04  ,0,0,0,0,0,0,0,0,0,-220000,0,0,0,0,220000,-220000,-220000
068493,聯發科元大01購30,0,0,0,0,0,0,0,0,0,-220000,0,0,0,102000,322000,-220000,-220000
069907,智易元大02購02  ,0,0,0,0,0,0,0,0,0,-220000,0,0,0,0,220000,-220000,-220000
058536,群創統一9B購01  ,0,0,0,0,0,0,0,0,0,-220000,0,0,0,32000,252000,-220000,-220000
058122,美律國票9A購01  ,0,0,0,0,0,0,0,0,0,-220000,0,0,0,1000,221000,-220000,-220000
065102,同欣電元大9C購07,0,0,0,0,0,0,0,0,0,-220000,0,0,0,0,220000,-220000,-220000
064868,嘉晶永豐9C購02  ,0,0,0,0,0,0,0,0,0,-220000,0,0,0,0,220000,-220000,-220000
067832,鴻海統一02購04  ,0,0,0,0,0,0,0,0,0,-220000,0,0,0,0,220000,-220000,-220000
065570,台光電群益01購01,0,0,0,0,0,0,0,0,0,-221000,0,0,0,0,221000,-221000,-221000
064354,同欣電元大9C購05,0,0,0,0,0,0,0,0,0,-223000,0,0,0,51000,274000,-223000,-223000
065973,嘉晶元大01購03  ,0,0,0,0,0,0,0,0,0,-224000,0,0,0,59000,283000,-224000,-224000
1477,聚陽            ,588000,649000,-61000,0,0,0,61000,33000,28000,-191000,78000,180000,-102000,12000,101000,-89000,-224000
053361,友達元富99購01  ,0,0,0,0,0,0,0,0,0,-225000,0,0,0,0,225000,-225000,-225000
064778,美律群益9C購01  ,0,0,0,0,0,0,0,0,0,-225000,0,0,0,112000,337000,-225000,-225000
07944P,華新科元大9B售08,0,0,0,0,0,0,0,0,0,-226000,0,0,0,12000,238000,-226000,-226000
6670,復盛應用        ,37000,177000,-140000,0,0,0,0,86000,-86000,0,0,0,0,0,0,0,-226000
068612,崇越凱基01購01  ,0,0,0,0,0,0,0,0,0,-227000,0,0,0,0,227000,-227000,-227000
063647,超眾元大9B購02  ,0,0,0,0,0,0,0,0,0,-227000,0,0,0,29000,256000,-227000,-227000
067755,大立光國泰03購03,0,0,0,0,0,0,0,0,0,-227000,0,0,0,30000,257000,-227000,-227000
2913,農林            ,87000,272000,-185000,0,0,0,0,0,0,-42000,12000,54000,-42000,0,0,0,-227000
064235,美律統一9C購02  ,0,0,0,0,0,0,0,0,0,-228000,0,0,0,10000,238000,-228000,-228000
067389,聯發科元富07購04,0,0,0,0,0,0,0,0,0,-228000,0,0,0,101000,329000,-228000,-228000
065075,葡萄王元大01購01,0,0,0,0,0,0,0,0,0,-229000,0,0,0,0,229000,-229000,-229000
063291,緯穎元大01購01  ,0,0,0,0,0,0,0,0,0,-229000,0,0,0,10000,239000,-229000,-229000
066994,聯發科國泰03購02,0,0,0,0,0,0,0,0,0,-229000,0,0,0,137000,366000,-229000,-229000
07929P,旺宏統一9B售07  ,0,0,0,0,0,0,0,0,0,-230000,0,0,0,0,230000,-230000,-230000
064915,美律統一02購02  ,0,0,0,0,0,0,0,0,0,-230000,0,0,0,10000,240000,-230000,-230000
065981,超眾元大02購01  ,0,0,0,0,0,0,0,0,0,-230000,0,0,0,164000,394000,-230000,-230000
065445,台光電統一01購05,0,0,0,0,0,0,0,0,0,-230000,0,0,0,10000,240000,-230000,-230000
9935,慶豐富          ,479000,709000,-230000,0,0,0,0,0,0,0,0,0,0,0,0,0,-230000
068179,致茂群益02購01  ,0,0,0,0,0,0,0,0,0,-231000,0,0,0,0,231000,-231000,-231000
067952,台光電永豐01購01,0,0,0,0,0,0,0,0,0,-231000,0,0,0,5000,236000,-231000,-231000
03225P,國巨凱基02售08  ,0,0,0,0,0,0,0,0,0,-232000,0,0,0,163000,395000,-232000,-232000
062438,台光電元大9B購04,0,0,0,0,0,0,0,0,0,-232000,0,0,0,0,232000,-232000,-232000
068040,超眾元富04購01  ,0,0,0,0,0,0,0,0,0,-232000,0,0,0,10000,242000,-232000,-232000
065447,緯創統一02購02  ,0,0,0,0,0,0,0,0,0,-232000,0,0,0,18000,250000,-232000,-232000
9136,巨騰-DR         ,201000,429000,-228000,0,0,0,0,0,0,-5000,14000,19000,-5000,0,0,0,-233000
03162P,泰碩元大01售02  ,0,0,0,0,0,0,0,0,0,-234000,0,0,0,16000,250000,-234000,-234000
03046P,緯穎國票03售01  ,0,0,0,0,0,0,0,0,0,-234000,0,0,0,13000,247000,-234000,-234000
060156,光磊永豐9A購01  ,0,0,0,0,0,0,0,0,0,-234000,0,0,0,0,234000,-234000,-234000
2634,漢翔            ,318000,617000,-299000,0,0,0,0,0,0,65000,0,3000,-3000,75000,7000,68000,-234000
08832P,台表科群益01售01,0,0,0,0,0,0,0,0,0,-234000,0,0,0,0,234000,-234000,-234000
058495,元大金群益9B購01,0,0,0,0,0,0,0,0,0,-235000,0,0,0,4000,239000,-235000,-235000
064353,力成元大9C購02  ,0,0,0,0,0,0,0,0,0,-235000,0,0,0,0,235000,-235000,-235000
065496,裕隆富邦9C購01  ,0,0,0,0,0,0,0,0,0,-235000,0,0,0,30000,265000,-235000,-235000
8105,凌巨            ,129000,390000,-261000,0,0,0,0,0,0,26000,26000,0,26000,0,0,0,-235000
00674R,元大S&P黃金反1  ,0,0,0,0,0,0,0,0,0,-236000,0,0,0,97000,333000,-236000,-236000
2929,淘帝-KY         ,463000,678788,-215788,0,0,0,0,0,0,-22000,0,15000,-15000,0,7000,-7000,-237788
068703,瑞昱國票03購01  ,0,0,0,0,0,0,0,0,0,-238000,0,0,0,0,238000,-238000,-238000
059067,上銀國票9A購02  ,0,0,0,0,0,0,0,0,0,-238000,0,0,0,12000,250000,-238000,-238000
060167,禾聯碩永豐9A購01,0,0,0,0,0,0,0,0,0,-238000,0,0,0,0,238000,-238000,-238000
058046,國巨元大9A購01  ,0,0,0,0,0,0,0,0,0,-238000,0,0,0,61000,299000,-238000,-238000
065806,貿聯群益9C購05  ,0,0,0,0,0,0,0,0,0,-238000,0,0,0,130000,368000,-238000,-238000
065746,光寶科元大9C購01,0,0,0,0,0,0,0,0,0,-238000,0,0,0,31000,269000,-238000,-238000
2233,宇隆            ,11000,249000,-238000,0,0,0,0,0,0,0,0,0,0,0,0,0,-238000
068455,聯發科國票03購02,0,0,0,0,0,0,0,0,0,-239000,0,0,0,16000,255000,-239000,-239000
069580,佳世達永豐02購02,0,0,0,0,0,0,0,0,0,-239000,0,0,0,76000,315000,-239000,-239000
066331,東森永豐01購01  ,0,0,0,0,0,0,0,0,0,-239000,0,0,0,5000,244000,-239000,-239000
068792,潤泰全凱基02購01,0,0,0,0,0,0,0,0,0,-240000,0,0,0,30000,270000,-240000,-240000
062143,大成鋼國票9B購01,0,0,0,0,0,0,0,0,0,-240000,0,0,0,0,240000,-240000,-240000
064791,友達國票9C購01  ,0,0,0,0,0,0,0,0,0,-240000,0,0,0,0,240000,-240000,-240000
066730,致茂元大01購01  ,0,0,0,0,0,0,0,0,0,-240000,0,0,0,100000,340000,-240000,-240000
068209,彩晶凱基04購02  ,0,0,0,0,0,0,0,0,0,-241000,0,0,0,19000,260000,-241000,-241000
07471P,南亞科元大9A售01,0,0,0,0,0,0,0,0,0,-241000,0,0,0,1000,242000,-241000,-241000
066885,牧德永豐01購02  ,0,0,0,0,0,0,0,0,0,-241000,0,0,0,0,241000,-241000,-241000
3661,世芯-KY         ,821000,1052000,-231000,0,0,0,39000,64000,-25000,15000,62000,48000,14000,2000,1000,1000,-241000
057592,美律兆豐99購01  ,0,0,0,0,0,0,0,0,0,-242000,0,0,0,30000,272000,-242000,-242000
069853,光磊永豐02購02  ,0,0,0,0,0,0,0,0,0,-243000,0,0,0,0,243000,-243000,-243000
068629,聯電康和02購01  ,0,0,0,0,0,0,0,0,0,-243000,0,0,0,212000,455000,-243000,-243000
068853,華新科統一02購03,0,0,0,0,0,0,0,0,0,-243000,0,0,0,186000,429000,-243000,-243000
068000,聯詠元大01購09  ,0,0,0,0,0,0,0,0,0,-243000,0,0,0,156000,399000,-243000,-243000
058161,T50反1日盛03購01,0,0,0,0,0,0,0,0,0,-244000,0,0,0,0,244000,-244000,-244000
067133,正崴永豐01購01  ,0,0,0,0,0,0,0,0,0,-244000,0,0,0,23000,267000,-244000,-244000
068630,T50反1凱基04購04,0,0,0,0,0,0,0,0,0,-245000,0,0,0,0,245000,-245000,-245000
00648R,元大S&P500反1   ,0,0,0,0,0,0,0,0,0,-245000,0,0,0,197000,442000,-245000,-245000
03154P,華新科群益01售07,0,0,0,0,0,0,0,0,0,-245000,0,0,0,20000,265000,-245000,-245000
069797,奇鋐凱基04購01  ,0,0,0,0,0,0,0,0,0,-246000,0,0,0,37000,283000,-246000,-246000
08566P,禾伸堂群益9C售01,0,0,0,0,0,0,0,0,0,-247000,0,0,0,0,247000,-247000,-247000
03202P,聯電凱基01售03  ,0,0,0,0,0,0,0,0,0,-247000,0,0,0,35000,282000,-247000,-247000
058808,大成鋼統一9B購01,0,0,0,0,0,0,0,0,0,-247000,0,0,0,0,247000,-247000,-247000
062268,力山群益9B購01  ,0,0,0,0,0,0,0,0,0,-247000,0,0,0,6000,253000,-247000,-247000
068942,美律日盛02購01  ,0,0,0,0,0,0,0,0,0,-248000,0,0,0,0,248000,-248000,-248000
069297,欣興中信02購02  ,0,0,0,0,0,0,0,0,0,-248000,0,0,0,787000,1035000,-248000,-248000
066698,川湖群益01購01  ,0,0,0,0,0,0,0,0,0,-248000,0,0,0,0,248000,-248000,-248000
068518,大立光統一01購10,0,0,0,0,0,0,0,0,0,-249000,0,0,0,242000,491000,-249000,-249000
068585,美律台新01購02  ,0,0,0,0,0,0,0,0,0,-249000,0,0,0,0,249000,-249000,-249000
065499,京元電富邦01購01,0,0,0,0,0,0,0,0,0,-249000,0,0,0,172000,421000,-249000,-249000
068627,同欣電群益02購01,0,0,0,0,0,0,0,0,0,-250000,0,0,0,0,250000,-250000,-250000
068876,聯詠凱基02購04  ,0,0,0,0,0,0,0,0,0,-250000,0,0,0,0,250000,-250000,-250000
070012,玉晶光元大02購10,0,0,0,0,0,0,0,0,0,-250000,0,0,0,0,250000,-250000,-250000
056096,超眾元富9A購01  ,0,0,0,0,0,0,0,0,0,-250000,0,0,0,44000,294000,-250000,-250000
063996,貿聯群益9C購01  ,0,0,0,0,0,0,0,0,0,-250000,0,0,0,228000,478000,-250000,-250000
6451,訊芯-KY         ,21000,256000,-235000,0,0,0,0,0,0,-15000,2000,0,2000,4000,21000,-17000,-250000
063672,GIS統一9C購01   ,0,0,0,0,0,0,0,0,0,-251000,0,0,0,10000,261000,-251000,-251000
066391,國巨凱基01購04  ,0,0,0,0,0,0,0,0,0,-251000,0,0,0,156000,407000,-251000,-251000
061265,富邦金凱基9B購01,0,0,0,0,0,0,0,0,0,-252000,0,0,0,193000,445000,-252000,-252000
065395,致茂群益01購01  ,0,0,0,0,0,0,0,0,0,-252000,0,0,0,93000,345000,-252000,-252000
067424,美律凱基02購02  ,0,0,0,0,0,0,0,0,0,-252000,0,0,0,0,252000,-252000,-252000
056361,美律元大99購02  ,0,0,0,0,0,0,0,0,0,-253000,0,0,0,0,253000,-253000,-253000
060159,健和興永豐9A購01,0,0,0,0,0,0,0,0,0,-253000,0,0,0,44000,297000,-253000,-253000
058630,日月光國票9A購01,0,0,0,0,0,0,0,0,0,-253000,0,0,0,0,253000,-253000,-253000
063275,臺指反元大02購16,0,0,0,0,0,0,0,0,0,-253000,0,0,0,0,253000,-253000,-253000
03267P,台灣50元大02售06,0,0,0,0,0,0,0,0,0,-254000,0,0,0,0,254000,-254000,-254000
064680,創意兆豐01購01  ,0,0,0,0,0,0,0,0,0,-254000,0,0,0,3000,257000,-254000,-254000
08729P,創意永豐01售01  ,0,0,0,0,0,0,0,0,0,-254000,0,0,0,137000,391000,-254000,-254000
3045,台灣大          ,1356100,1829000,-472900,0,0,0,2593,3000,-407,219000,305000,88000,217000,2000,0,2000,-254307
069916,光磊凱基02購01  ,0,0,0,0,0,0,0,0,0,-255000,0,0,0,50000,305000,-255000,-255000
08457P,大毅元大9C售03  ,0,0,0,0,0,0,0,0,0,-255000,0,0,0,63000,318000,-255000,-255000
069092,台達電統一03購03,0,0,0,0,0,0,0,0,0,-255000,0,0,0,0,255000,-255000,-255000
068214,嘉基凱基02購01  ,0,0,0,0,0,0,0,0,0,-255000,0,0,0,25000,280000,-255000,-255000
062425,可成統一01購01  ,0,0,0,0,0,0,0,0,0,-255000,0,0,0,165000,420000,-255000,-255000
2383,台光電          ,394900,824000,-429100,0,0,0,9000,20000,-11000,185000,55000,90000,-35000,232000,12000,220000,-255100
06886P,旺宏元大99售07  ,0,0,0,0,0,0,0,0,0,-256000,0,0,0,50000,306000,-256000,-256000
065212,瑞儀國票01購01  ,0,0,0,0,0,0,0,0,0,-256000,0,0,0,11000,267000,-256000,-256000
064357,中橡統一9C購01  ,0,0,0,0,0,0,0,0,0,-256000,0,0,0,0,256000,-256000,-256000
067671,正崴元大01購01  ,0,0,0,0,0,0,0,0,0,-257000,0,0,0,67000,324000,-257000,-257000
069854,金像電永豐02購03,0,0,0,0,0,0,0,0,0,-258000,0,0,0,111000,369000,-258000,-258000
07986P,大成鋼統一9B售02,0,0,0,0,0,0,0,0,0,-259000,0,0,0,120000,379000,-259000,-259000
062132,神隆群益9B購01  ,0,0,0,0,0,0,0,0,0,-259000,0,0,0,0,259000,-259000,-259000
065941,超眾群益02購01  ,0,0,0,0,0,0,0,0,0,-259000,0,0,0,32000,291000,-259000,-259000
063640,貿聯元大9B購03  ,0,0,0,0,0,0,0,0,0,-260000,0,0,0,172000,432000,-260000,-260000
062879,美食兆豐9B購01  ,0,0,0,0,0,0,0,0,0,-260000,0,0,0,150000,410000,-260000,-260000
067962,鴻海群益02購04  ,0,0,0,0,0,0,0,0,0,-260000,0,0,0,340000,600000,-260000,-260000
6416,瑞祺電通        ,129000,690000,-561000,0,0,0,275000,0,275000,26000,126000,5000,121000,6000,101000,-95000,-260000
08061P,大毅國票9B售04  ,0,0,0,0,0,0,0,0,0,-261000,0,0,0,100000,361000,-261000,-261000
069513,友達凱基02購04  ,0,0,0,0,0,0,0,0,0,-261000,0,0,0,23000,284000,-261000,-261000
069129,國揚國泰03購01  ,0,0,0,0,0,0,0,0,0,-261000,0,0,0,51000,312000,-261000,-261000
068456,冠德國票03購01  ,0,0,0,0,0,0,0,0,0,-261000,0,0,0,116000,377000,-261000,-261000
060157,致茂永豐9A購02  ,0,0,0,0,0,0,0,0,0,-261000,0,0,0,0,261000,-261000,-261000
057828,緯穎元大99購02  ,0,0,0,0,0,0,0,0,0,-261000,0,0,0,72000,333000,-261000,-261000
065037,緯穎統一02購02  ,0,0,0,0,0,0,0,0,0,-261000,0,0,0,58000,319000,-261000,-261000
068035,聯詠元富07購03  ,0,0,0,0,0,0,0,0,0,-261000,0,0,0,153000,414000,-261000,-261000
068073,京城銀凱基01購01,0,0,0,0,0,0,0,0,0,-261000,0,0,0,100000,361000,-261000,-261000
066122,卜蜂群益03購01  ,0,0,0,0,0,0,0,0,0,-261000,0,0,0,162000,423000,-261000,-261000
058511,華新科元大9B購01,0,0,0,0,0,0,0,0,0,-263000,0,0,0,10000,273000,-263000,-263000
03215P,南電群益03售01  ,0,0,0,0,0,0,0,0,0,-263000,0,0,0,2000,265000,-263000,-263000
066319,聯強永豐01購01  ,0,0,0,0,0,0,0,0,0,-263000,0,0,0,195000,458000,-263000,-263000
1709,和益            ,230000,493000,-263000,0,0,0,0,0,0,0,0,0,0,0,0,0,-263000
068705,聯發科國票03購03,0,0,0,0,0,0,0,0,0,-264000,0,0,0,230000,494000,-264000,-264000
064562,友達群益9C購03  ,0,0,0,0,0,0,0,0,0,-264000,0,0,0,0,264000,-264000,-264000
069729,惠特群益03購01  ,0,0,0,0,0,0,0,0,0,-265000,0,0,0,2000,267000,-265000,-265000
067234,正崴群益01購01  ,0,0,0,0,0,0,0,0,0,-265000,0,0,0,32000,297000,-265000,-265000
2380,虹光            ,116000,381000,-265000,0,0,0,0,0,0,0,0,0,0,0,0,0,-265000
03690C,臺股指凱基01牛13,0,0,0,0,0,0,0,0,0,-266000,0,0,0,129000,395000,-266000,-266000
066670,貿聯凱基01購01  ,0,0,0,0,0,0,0,0,0,-266000,0,0,0,275000,541000,-266000,-266000
08487P,同欣電群益01售01,0,0,0,0,0,0,0,0,0,-267000,0,0,0,54000,321000,-267000,-267000
056392,玉晶光富邦9C購01,0,0,0,0,0,0,0,0,0,-267000,0,0,0,3000,270000,-267000,-267000
063482,緯穎元大9B購09  ,0,0,0,0,0,0,0,0,0,-267000,0,0,0,15000,282000,-267000,-267000
066360,致茂中信05購01  ,0,0,0,0,0,0,0,0,0,-267000,0,0,0,75000,342000,-267000,-267000
08259P,華新科元大9C售04,0,0,0,0,0,0,0,0,0,-268000,0,0,0,0,268000,-268000,-268000
065546,景碩兆豐01購01  ,0,0,0,0,0,0,0,0,0,-268000,0,0,0,32000,300000,-268000,-268000
2486,一詮            ,214000,474000,-260000,0,0,0,0,0,0,-8000,4000,12000,-8000,0,0,0,-268000
058222,玉晶光統一9B購01,0,0,0,0,0,0,0,0,0,-269000,0,0,0,93000,362000,-269000,-269000
062621,緯穎元大9B購05  ,0,0,0,0,0,0,0,0,0,-269000,0,0,0,11000,280000,-269000,-269000
5534,長虹            ,91000,477000,-386000,0,0,0,0,0,0,117000,165000,8000,157000,0,40000,-40000,-269000
1310,台苯            ,451000,701000,-250000,0,0,0,0,1000,-1000,-18000,0,14000,-14000,0,4000,-4000,-269000
068516,聯發科統一05購02,0,0,0,0,0,0,0,0,0,-270000,0,0,0,595000,865000,-270000,-270000
060417,正隆永豐9A購01  ,0,0,0,0,0,0,0,0,0,-270000,0,0,0,0,270000,-270000,-270000
062683,可成統一9B購04  ,0,0,0,0,0,0,0,0,0,-270000,0,0,0,100000,370000,-270000,-270000
063823,T50反1國票01購02,0,0,0,0,0,0,0,0,0,-270000,0,0,0,100000,370000,-270000,-270000
067262,嘉基國票02購01  ,0,0,0,0,0,0,0,0,0,-270000,0,0,0,0,270000,-270000,-270000
069319,正崴兆豐03購01  ,0,0,0,0,0,0,0,0,0,-271000,0,0,0,99000,370000,-271000,-271000
069939,欣興元富08購04  ,0,0,0,0,0,0,0,0,0,-271000,0,0,0,179000,450000,-271000,-271000
063294,美律麥證9B購01  ,0,0,0,5000,276000,-271000,0,0,0,-271000,0,0,0,5000,276000,-271000,-271000
062205,奇力新國票9C購01,0,0,0,0,0,0,0,0,0,-271000,0,0,0,55000,326000,-271000,-271000
056395,玉晶光永豐9B購01,0,0,0,0,0,0,0,0,0,-272000,0,0,0,10000,282000,-272000,-272000
03265P,訊芯國票04售01  ,0,0,0,0,0,0,0,0,0,-272000,0,0,0,57000,329000,-272000,-272000
066878,牧德富邦03購01  ,0,0,0,0,0,0,0,0,0,-275000,0,0,0,0,275000,-275000,-275000
1217,愛之味          ,1599000,1874000,-275000,0,0,0,0,0,0,0,0,0,0,0,0,0,-275000
069680,群光元大02購01  ,0,0,0,0,0,0,0,0,0,-276000,0,0,0,102000,378000,-276000,-276000
065979,立積元大03購01  ,0,0,0,0,0,0,0,0,0,-276000,0,0,0,63000,339000,-276000,-276000
069608,彩晶國票03購01  ,0,0,0,0,0,0,0,0,0,-277000,0,0,0,378000,655000,-277000,-277000
2102,泰豐            ,732000,988000,-256000,0,0,0,0,0,0,-21000,1000,0,1000,5000,27000,-22000,-277000
069998,奇鋐元富05購01  ,0,0,0,0,0,0,0,0,0,-278000,0,0,0,0,278000,-278000,-278000
066781,滬深2X中信04購01,0,0,0,0,0,0,0,0,0,-279000,0,0,0,213000,492000,-279000,-279000
069961,華碩中信05購01  ,0,0,0,0,0,0,0,0,0,-280000,0,0,0,0,280000,-280000,-280000
060801,滬深2X中信01購01,0,0,0,0,0,0,0,0,0,-280000,0,0,0,0,280000,-280000,-280000
062208,旭富國票9C購01  ,0,0,0,0,0,0,0,0,0,-280000,0,0,0,0,280000,-280000,-280000
066272,聯陽元大01購01  ,0,0,0,0,0,0,0,0,0,-280000,0,0,0,452000,732000,-280000,-280000
2455,全新            ,282800,341000,-58200,0,0,0,0,93000,-93000,-129000,8000,27000,-19000,7000,117000,-110000,-280200
069247,美律凱基03購01  ,0,0,0,0,0,0,0,0,0,-281000,0,0,0,5000,286000,-281000,-281000
4958,臻鼎-KY         ,1743000,2321215,-578215,0,0,0,549000,67000,482000,-185000,5000,185000,-180000,5000,10000,-5000,-281215
1338,廣華-KY         ,130000,411000,-281000,0,0,0,0,0,0,-1000,0,1000,-1000,0,0,0,-282000
068623,美律群益02購01  ,0,0,0,0,0,0,0,0,0,-283000,0,0,0,137000,420000,-283000,-283000
069787,美食康和02購01  ,0,0,0,0,0,0,0,0,0,-283000,0,0,0,170000,453000,-283000,-283000
08932P,矽格元富01售01  ,0,0,0,0,0,0,0,0,0,-283000,0,0,0,294000,577000,-283000,-283000
057105,致茂群益9A購01  ,0,0,0,0,0,0,0,0,0,-284000,0,0,0,0,284000,-284000,-284000
065055,臺股指凱基02購04,0,0,0,0,0,0,0,0,0,-284000,0,0,0,417000,701000,-284000,-284000
1440,南紡            ,845000,1140000,-295000,0,0,0,0,0,0,11000,15000,1000,14000,0,3000,-3000,-284000
069633,聯詠元富08購01  ,0,0,0,0,0,0,0,0,0,-285000,0,0,0,150000,435000,-285000,-285000
068617,康舒國票03購01  ,0,0,0,0,0,0,0,0,0,-285000,0,0,0,643000,928000,-285000,-285000
069408,美律統一02購03  ,0,0,0,0,0,0,0,0,0,-285000,0,0,0,0,285000,-285000,-285000
03113P,南電元大01售09  ,0,0,0,0,0,0,0,0,0,-285000,0,0,0,374000,659000,-285000,-285000
069054,欣興元富05購01  ,0,0,0,0,0,0,0,0,0,-286000,0,0,0,178000,464000,-286000,-286000
057412,臺股指群益99購06,0,0,0,0,0,0,0,0,0,-286000,0,0,0,98000,384000,-286000,-286000
060596,元黃金凱基9A購02,0,0,0,0,0,0,0,0,0,-286000,0,0,0,100000,386000,-286000,-286000
064881,聯茂兆豐01購02  ,0,0,0,0,0,0,0,0,0,-286000,0,0,0,100000,386000,-286000,-286000
1460,宏遠            ,58000,343000,-285000,0,0,0,0,0,0,-1000,0,1000,-1000,0,0,0,-286000
3062,建漢            ,119000,408000,-289000,0,0,0,0,0,0,3000,3000,0,3000,0,0,0,-286000
062955,立積永豐9B購02  ,0,0,0,0,0,0,0,0,0,-288000,0,0,0,8000,296000,-288000,-288000
066271,東森元大01購01  ,0,0,0,0,0,0,0,0,0,-288000,0,0,0,12000,300000,-288000,-288000
068735,康舒元大02購01  ,0,0,0,0,0,0,0,0,0,-289000,0,0,0,169000,458000,-289000,-289000
068248,美律元大01購05  ,0,0,0,0,0,0,0,0,0,-289000,0,0,0,66000,355000,-289000,-289000
064865,美律永豐9C購02  ,0,0,0,0,0,0,0,0,0,-289000,0,0,0,11000,300000,-289000,-289000
1708,東鹼            ,148000,418000,-270000,0,0,0,0,0,0,-19000,0,19000,-19000,0,0,0,-289000
08815P,聯發科國泰03售03,0,0,0,0,0,0,0,0,0,-289000,0,0,0,790000,1079000,-289000,-289000
08449P,華新科群益9C售03,0,0,0,0,0,0,0,0,0,-290000,0,0,0,21000,311000,-290000,-290000
07834P,聯詠群益9A售03  ,0,0,0,0,0,0,0,0,0,-290000,0,0,0,0,290000,-290000,-290000
066636,健策凱基01購02  ,0,0,0,0,0,0,0,0,0,-290000,0,0,0,3000,293000,-290000,-290000
6288,聯嘉            ,249000,517000,-268000,0,0,0,0,0,0,-22000,5000,27000,-22000,0,0,0,-290000
067183,友訊凱基02購01  ,0,0,0,0,0,0,0,0,0,-291000,0,0,0,69000,360000,-291000,-291000
063883,超眾元富9C購02  ,0,0,0,0,0,0,0,0,0,-293000,0,0,0,6000,299000,-293000,-293000
067319,眾達元大01購02  ,0,0,0,0,0,0,0,0,0,-293000,0,0,0,7000,300000,-293000,-293000
069144,國揚永豐02購01  ,0,0,0,0,0,0,0,0,0,-296000,0,0,0,28000,324000,-296000,-296000
064561,友達群益9C購02  ,0,0,0,0,0,0,0,0,0,-296000,0,0,0,5000,301000,-296000,-296000
061799,奇鋐永豐9B購01  ,0,0,0,0,0,0,0,0,0,-297000,0,0,0,299000,596000,-297000,-297000
069088,南電凱基03購01  ,0,0,0,0,0,0,0,0,0,-298000,0,0,0,119000,417000,-298000,-298000
068710,正文國票03購01  ,0,0,0,0,0,0,0,0,0,-298000,0,0,0,164000,462000,-298000,-298000
08524P,奇力新元大9C售01,0,0,0,0,0,0,0,0,0,-298000,0,0,0,23000,321000,-298000,-298000
064109,上銀國票01購01  ,0,0,0,0,0,0,0,0,0,-298000,0,0,0,5000,303000,-298000,-298000
064517,國巨群益02購01  ,0,0,0,0,0,0,0,0,0,-298000,0,0,0,5000,303000,-298000,-298000
067726,帆宣凱基01購01  ,0,0,0,0,0,0,0,0,0,-298000,0,0,0,102000,400000,-298000,-298000
08859P,奇鋐國票03售01  ,0,0,0,0,0,0,0,0,0,-298000,0,0,0,31000,329000,-298000,-298000
07086P,力成元富9C售01  ,0,0,0,0,0,0,0,0,0,-299000,0,0,0,58000,357000,-299000,-299000
07285P,上証2X群益01售02,0,0,0,0,0,0,0,0,0,-299000,0,0,0,0,299000,-299000,-299000
060676,京元電元大9A購03,0,0,0,0,0,0,0,0,0,-299000,0,0,0,34000,333000,-299000,-299000
060696,道瓊反國泰9C購01,0,0,0,0,0,0,0,0,0,-299000,0,0,0,0,299000,-299000,-299000
064690,台光電群益9C購02,0,0,0,0,0,0,0,0,0,-299000,0,0,0,1000,300000,-299000,-299000
070035,聯詠國泰03購01  ,0,0,0,0,0,0,0,0,0,-300000,0,0,0,0,300000,-300000,-300000
064098,正崴群益9C購01  ,0,0,0,0,0,0,0,0,0,-300000,0,0,0,69000,369000,-300000,-300000
062812,國巨兆豐9B購03  ,0,0,0,0,0,0,0,0,0,-300000,0,0,0,0,300000,-300000,-300000
064624,群創元大02購01  ,0,0,0,0,0,0,0,0,0,-300000,0,0,0,5000,305000,-300000,-300000
068008,聯茂元大01購02  ,0,0,0,0,0,0,0,0,0,-300000,0,0,0,0,300000,-300000,-300000
067189,牧德凱基02購02  ,0,0,0,0,0,0,0,0,0,-300000,0,0,0,0,300000,-300000,-300000
066776,創意富邦03購02  ,0,0,0,0,0,0,0,0,0,-300000,0,0,0,95000,395000,-300000,-300000
065904,群創富邦02購01  ,0,0,0,0,0,0,0,0,0,-300000,0,0,0,0,300000,-300000,-300000
8016,矽創            ,75000,311000,-236000,0,0,0,0,0,0,-64000,1000,64000,-63000,12000,13000,-1000,-300000
067661,大成元大01購01  ,0,0,0,0,0,0,0,0,0,-301000,0,0,0,124000,425000,-301000,-301000
1319,東陽            ,185000,167000,18000,0,0,0,0,185000,-185000,-134000,8000,142000,-134000,0,0,0,-301000
067014,聯發科富邦03購05,0,0,0,0,0,0,0,0,0,-303000,0,0,0,0,303000,-303000,-303000
060928,明泰永豐9A購01  ,0,0,0,0,0,0,0,0,0,-304000,0,0,0,136000,440000,-304000,-304000
066873,健策國泰02購01  ,0,0,0,0,0,0,0,0,0,-304000,0,0,0,259000,563000,-304000,-304000
067415,大成凱基01購01  ,1000,0,1000,0,0,0,0,0,0,-305000,0,0,0,6000,311000,-305000,-304000
060730,台積電群益9A購03,0,0,0,0,0,0,0,0,0,-305000,0,0,0,0,305000,-305000,-305000
068491,美律元大01購06  ,5000,0,5000,0,0,0,0,0,0,-311000,0,0,0,3000,314000,-311000,-306000
068952,瑞昱凱基03購01  ,0,0,0,0,0,0,0,0,0,-306000,0,0,0,10000,316000,-306000,-306000
066471,致新統一02購01  ,0,0,0,0,0,0,0,0,0,-306000,0,0,0,91000,397000,-306000,-306000
069410,聯發科統一04購03,0,0,0,0,0,0,0,0,0,-307000,0,0,0,5000,312000,-307000,-307000
063570,嘉晶元大9C購02  ,0,0,0,0,0,0,0,0,0,-307000,0,0,0,88000,395000,-307000,-307000
068875,正崴凱基02購01  ,0,0,0,0,0,0,0,0,0,-309000,0,0,0,76000,385000,-309000,-309000
08250P,GIS群益9C售02   ,0,0,0,0,0,0,0,0,0,-309000,0,0,0,499000,808000,-309000,-309000
058178,國巨國泰9A購02  ,0,0,0,0,0,0,0,0,0,-309000,0,0,0,1000,310000,-309000,-309000
062539,可成國泰01購01  ,0,0,0,0,0,0,0,0,0,-310000,0,0,0,298000,608000,-310000,-310000
063210,百和統一9C購01  ,0,0,0,0,0,0,0,0,0,-310000,0,0,0,361000,671000,-310000,-310000
065757,新日興元大9C購06,0,0,0,0,0,0,0,0,0,-310000,0,0,0,12000,322000,-310000,-310000
067008,康舒永豐01購01  ,0,0,0,0,0,0,0,0,0,-311000,0,0,0,186000,497000,-311000,-311000
2539,櫻花建          ,167000,458000,-291000,0,0,0,0,0,0,-20000,1000,0,1000,0,21000,-21000,-311000
069571,欣興凱基02購09  ,0,0,0,0,0,0,0,0,0,-312000,0,0,0,198000,510000,-312000,-312000
063959,GIS元大9C購02   ,0,0,0,0,0,0,0,0,0,-312000,0,0,0,46000,358000,-312000,-312000
067663,神隆元大01購03  ,0,0,0,0,0,0,0,0,0,-312000,0,0,0,0,312000,-312000,-312000
08893P,京元電元大01售06,0,0,0,0,0,0,0,0,0,-312000,0,0,0,291000,603000,-312000,-312000
059101,康控統一9A購01  ,0,0,0,0,0,0,0,0,0,-313000,0,0,0,0,313000,-313000,-313000
03053P,台灣50中信04售03,0,0,0,0,0,0,0,0,0,-313000,0,0,0,0,313000,-313000,-313000
066502,國巨富邦05購02  ,0,0,0,0,0,0,0,0,0,-313000,0,0,0,116000,429000,-313000,-313000
066691,京元電台新01購01,0,0,0,0,0,0,0,0,0,-313000,0,0,0,19000,332000,-313000,-313000
066154,聯強康和01購01  ,0,0,0,0,0,0,0,0,0,-313000,0,0,0,0,313000,-313000,-313000
064736,超眾元富9C購04  ,0,0,0,0,0,0,0,0,0,-314000,0,0,0,3000,317000,-314000,-314000
068976,台光電元大02購02,0,0,0,0,0,0,0,0,0,-316000,0,0,0,0,316000,-316000,-316000
061976,國巨元大9B購01  ,0,0,0,0,0,0,0,0,0,-316000,0,0,0,30000,346000,-316000,-316000
6202,盛群            ,355000,655000,-300000,0,0,0,0,0,0,-17000,2000,11000,-9000,0,8000,-8000,-317000
069018,同欣電兆豐03購01,0,0,0,0,0,0,0,0,0,-318000,0,0,0,216000,534000,-318000,-318000
069848,潤泰新群益02購01,0,0,0,0,0,0,0,0,0,-318000,0,0,0,2000,320000,-318000,-318000
057713,美律統一99購01  ,0,0,0,0,0,0,0,0,0,-318000,0,0,0,2000,320000,-318000,-318000
059760,楠梓電永豐99購01,0,0,0,0,0,0,0,0,0,-319000,0,0,0,44000,363000,-319000,-319000
03376P,南電元大02售05  ,0,0,0,0,0,0,0,0,0,-319000,0,0,0,10000,329000,-319000,-319000
065830,景碩凱基9C購04  ,0,0,0,0,0,0,0,0,0,-319000,0,0,0,119000,438000,-319000,-319000
08563P,金像電元富9C售03,0,0,0,0,0,0,0,0,0,-320000,0,0,0,505000,825000,-320000,-320000
064767,宏全凱基9C購01  ,0,0,0,0,0,0,0,0,0,-320000,0,0,0,140000,460000,-320000,-320000
066427,牧德元大02購03  ,0,0,0,0,0,0,0,0,0,-320000,0,0,0,0,320000,-320000,-320000
069948,創意國泰03購01  ,0,0,0,0,0,0,0,0,0,-322000,0,0,0,78000,400000,-322000,-322000
069688,創意元大02購02  ,0,0,0,0,0,0,0,0,0,-322000,0,0,0,40000,362000,-322000,-322000
069235,奇鋐康和02購01  ,0,0,0,0,0,0,0,0,0,-322000,0,0,0,93000,415000,-322000,-322000
058972,新日興永豐9A購01,0,0,0,0,0,0,0,0,0,-322000,0,0,0,0,322000,-322000,-322000
064980,牧德元大01購01  ,0,0,0,0,0,0,0,0,0,-322000,0,0,0,0,322000,-322000,-322000
057796,鴻海兆豐99購03  ,0,0,0,0,0,0,0,0,0,-323000,0,0,0,47000,370000,-323000,-323000
063355,超眾元富9B購01  ,0,0,0,0,0,0,0,0,0,-323000,0,0,0,32000,355000,-323000,-323000
1409,新纖            ,1869000,2183000,-314000,0,0,0,0,0,0,-9000,0,9000,-9000,0,0,0,-323000
067611,拓凱凱基02購01  ,0,0,0,0,0,0,0,0,0,-324000,0,0,0,48000,372000,-324000,-324000
062741,立積國票9B購02  ,0,0,0,0,0,0,0,0,0,-325000,0,0,0,18000,343000,-325000,-325000
066955,新日興元大01購01,0,0,0,0,0,0,0,0,0,-325000,0,0,0,301000,626000,-325000,-325000
069431,美律群益02購02  ,0,0,0,0,0,0,0,0,0,-326000,0,0,0,20000,346000,-326000,-326000
069933,奇鋐統一04購01  ,0,0,0,0,0,0,0,0,0,-326000,0,0,0,10000,336000,-326000,-326000
064253,貿聯元富9C購01  ,0,0,0,0,0,0,0,0,0,-326000,0,0,0,566000,892000,-326000,-326000
4934,太極            ,439000,765000,-326000,0,0,0,0,0,0,0,0,0,0,0,0,0,-326000
4746,台耀            ,569000,882000,-313000,0,0,0,0,0,0,-13000,11000,24000,-13000,0,0,0,-326000
059276,可成元大99購06  ,0,0,0,0,0,0,0,0,0,-329000,0,0,0,0,329000,-329000,-329000
065976,牧德元大02購02  ,0,0,0,0,0,0,0,0,0,-329000,0,0,0,80000,409000,-329000,-329000
2456,奇力新          ,1131000,1184000,-53000,0,0,0,0,0,0,-276000,109000,254000,-145000,15000,146000,-131000,-329000
08179P,華新科元大9B售13,0,0,0,0,0,0,0,0,0,-330000,0,0,0,0,330000,-330000,-330000
068428,神隆凱基03購01  ,0,0,0,0,0,0,0,0,0,-330000,0,0,0,0,330000,-330000,-330000
3038,全台            ,90000,401000,-311000,0,0,0,0,0,0,-19000,1000,20000,-19000,0,0,0,-330000
4119,旭富            ,98000,337000,-239000,0,0,0,0,0,0,-91000,0,1000,-1000,7000,97000,-90000,-330000
066676,A50正2兆豐03購01,0,0,0,0,0,0,0,0,0,-331000,0,0,0,0,331000,-331000,-331000
00638R,元大滬深300反1  ,0,50000,-50000,0,0,0,0,0,0,-282000,0,0,0,353000,635000,-282000,-332000
065190,緯穎統一9C購02  ,0,0,0,0,0,0,0,0,0,-332000,0,0,0,179000,511000,-332000,-332000
066171,德律凱基01購01  ,0,0,0,0,0,0,0,0,0,-332000,0,0,0,326000,658000,-332000,-332000
067493,健策元大01購12  ,0,0,0,0,0,0,0,0,0,-332000,0,0,0,71000,403000,-332000,-332000
4927,泰鼎-KY         ,892000,716000,176000,0,0,0,0,298000,-298000,-211000,1000,236000,-235000,32000,8000,24000,-333000
065289,冠德群益9C購01  ,0,0,0,0,0,0,0,0,0,-335000,0,0,0,80000,415000,-335000,-335000
3557,嘉威            ,97000,428000,-331000,0,0,0,0,0,0,-4000,0,4000,-4000,0,0,0,-335000
064326,裕隆元大9C購01  ,0,0,0,0,0,0,0,0,0,-336000,0,0,0,78000,414000,-336000,-336000
066856,致新元大01購01  ,0,0,0,0,0,0,0,0,0,-337000,0,0,0,0,337000,-337000,-337000
3090,日電貿          ,113000,461000,-348000,0,0,0,0,0,0,11000,8000,0,8000,3000,0,3000,-337000
1304,台聚            ,506000,846000,-340000,0,0,0,0,0,0,3000,3000,0,3000,0,0,0,-337000
069936,南電統一03購03  ,0,0,0,0,0,0,0,0,0,-338000,0,0,0,112000,450000,-338000,-338000
03005P,旭富群益01售05  ,0,0,0,0,0,0,0,0,0,-338000,0,0,0,60000,398000,-338000,-338000
056765,友達元大9B購05  ,0,0,0,0,0,0,0,0,0,-338000,0,0,0,0,338000,-338000,-338000
06690P,玉晶光群益9A售05,0,0,0,0,0,0,0,0,0,-338000,0,0,0,41000,379000,-338000,-338000
08066P,南亞科凱基9B售04,0,0,0,0,0,0,0,0,0,-340000,0,0,0,0,340000,-340000,-340000
066501,鴻海富邦03購01  ,0,0,0,0,0,0,0,0,0,-340000,0,0,0,0,340000,-340000,-340000
08824P,微星元大01售03  ,0,0,0,0,0,0,0,0,0,-340000,0,0,0,0,340000,-340000,-340000
069064,友達麥證02購01  ,0,0,0,19000,360000,-341000,0,0,0,-341000,0,0,0,19000,360000,-341000,-341000
058672,可成群益9B購02  ,0,0,0,0,0,0,0,0,0,-341000,0,0,0,0,341000,-341000,-341000
6224,聚鼎            ,168000,475000,-307000,0,0,0,0,0,0,-34000,1000,35000,-34000,0,0,0,-341000
068231,聯詠元富07購04  ,0,0,0,0,0,0,0,0,0,-342000,0,0,0,115000,457000,-342000,-342000
064215,康控凱基02購01  ,0,0,0,0,0,0,0,0,0,-344000,0,0,0,7000,351000,-344000,-344000
066901,台虹康和01購01  ,0,0,0,0,0,0,0,0,0,-344000,0,0,0,52000,396000,-344000,-344000
03292P,欣興元大02售03  ,0,0,0,0,0,0,0,0,0,-345000,0,0,0,191000,536000,-345000,-345000
055036,中工富邦9B購01  ,0,0,0,0,0,0,0,0,0,-345000,0,0,0,224000,569000,-345000,-345000
065534,台光電統一9C購02,0,0,0,0,0,0,0,0,0,-345000,0,0,0,0,345000,-345000,-345000
4915,致伸            ,433000,774000,-341000,0,0,0,0,0,0,-4000,4000,0,4000,0,8000,-8000,-345000
066244,臺指反元大04購01,0,0,0,0,0,0,0,0,0,-346000,0,0,0,40000,386000,-346000,-346000
03379P,奇鋐群益02售03  ,0,0,0,0,0,0,0,0,0,-348000,0,0,0,63000,411000,-348000,-348000
2105,正新            ,1580000,1986000,-406000,0,0,0,0,0,0,58000,271000,216000,55000,8000,5000,3000,-348000
057275,友達元大9A購04  ,0,0,0,0,0,0,0,0,0,-349000,0,0,0,0,349000,-349000,-349000
2014,中鴻            ,251000,615000,-364000,0,0,0,0,0,0,15000,15000,0,15000,0,0,0,-349000
069969,健策群益03購01  ,0,0,0,0,0,0,0,0,0,-350000,0,0,0,3000,353000,-350000,-350000
06651P,華新科元大99售09,0,0,0,0,0,0,0,0,0,-350000,0,0,0,0,350000,-350000,-350000
066374,臺股指中信04購01,0,0,0,0,0,0,0,0,0,-350000,0,0,0,30000,380000,-350000,-350000
067062,神隆元大01購02  ,0,0,0,0,0,0,0,0,0,-350000,0,0,0,0,350000,-350000,-350000
6168,宏齊            ,47000,414000,-367000,0,0,0,0,0,0,17000,17000,0,17000,0,0,0,-350000
070011,欣興元大02購18  ,0,0,0,0,0,0,0,0,0,-351000,0,0,0,121000,472000,-351000,-351000
066080,台光電國泰03購01,0,0,0,0,0,0,0,0,0,-351000,0,0,0,6000,357000,-351000,-351000
00672L,元大S&P原油正2  ,0,0,0,0,0,0,0,0,0,-352000,0,0,0,0,352000,-352000,-352000
069649,正隆凱基02購01  ,0,0,0,0,0,0,0,0,0,-354000,0,0,0,80000,434000,-354000,-354000
03407P,華新科國泰03售02,0,0,0,0,0,0,0,0,0,-355000,0,0,0,291000,646000,-355000,-355000
066388,力山凱基01購02  ,0,0,0,0,0,0,0,0,0,-355000,0,0,0,215000,570000,-355000,-355000
068990,建準永豐02購01  ,0,0,0,0,0,0,0,0,0,-356000,0,0,0,511000,867000,-356000,-356000
068854,超眾統一03購03  ,0,0,0,0,0,0,0,0,0,-356000,0,0,0,309000,665000,-356000,-356000
064746,貿聯國票01購02  ,0,0,0,0,0,0,0,0,0,-356000,0,0,0,90000,446000,-356000,-356000
066378,超眾兆豐03購01  ,0,0,0,0,0,0,0,0,0,-356000,0,0,0,20000,376000,-356000,-356000
08396P,鴻海元富9C售04  ,0,0,0,0,0,0,0,0,0,-357000,0,0,0,0,357000,-357000,-357000
03291P,國巨元大02售08  ,0,0,0,0,0,0,0,0,0,-359000,0,0,0,25000,384000,-359000,-359000
066745,瀚宇博元大01購01,0,0,0,0,0,0,0,0,0,-359000,0,0,0,198000,557000,-359000,-359000
08891P,國巨元大01售11  ,0,0,0,0,0,0,0,0,0,-359000,0,0,0,40000,399000,-359000,-359000
08441P,同欣電元富9C售01,0,0,0,0,0,0,0,0,0,-360000,0,0,0,23000,383000,-360000,-360000
03093P,台灣50凱基04售10,0,0,0,0,0,0,0,0,0,-360000,0,0,0,100000,460000,-360000,-360000
062750,可成中信9B購01  ,0,0,0,0,0,0,0,0,0,-360000,0,0,0,0,360000,-360000,-360000
069309,強茂凱基02購01  ,0,0,0,0,0,0,0,0,0,-361000,0,0,0,189000,550000,-361000,-361000
055449,超眾統一9A購01  ,0,0,0,0,0,0,0,0,0,-361000,0,0,0,0,361000,-361000,-361000
062526,友達統一01購01  ,0,0,0,0,0,0,0,0,0,-361000,0,0,0,116000,477000,-361000,-361000
067164,台虹國票02購01  ,0,0,0,0,0,0,0,0,0,-362000,0,0,0,54000,416000,-362000,-362000
068868,聯發科台新02購02,0,0,0,0,0,0,0,0,0,-363000,0,0,0,343000,706000,-363000,-363000
068794,欣興凱基02購04  ,0,0,0,0,0,0,0,0,0,-363000,0,0,0,281000,644000,-363000,-363000
068665,聯電統一02購02  ,0,0,0,0,0,0,0,0,0,-364000,0,0,0,62000,426000,-364000,-364000
08295P,長榮航元大9C售01,0,0,0,0,0,0,0,0,0,-364000,0,0,0,429000,793000,-364000,-364000
03462P,國巨統一02售07  ,0,0,0,0,0,0,0,0,0,-364000,0,0,0,40000,404000,-364000,-364000
2436,偉詮電          ,390000,745000,-355000,0,0,0,0,0,0,-9000,1000,10000,-9000,0,0,0,-364000
062545,嘉晶永豐9B購01  ,0,0,0,0,0,0,0,0,0,-366000,0,0,0,102000,468000,-366000,-366000
057578,可成中信99購01  ,0,0,0,0,0,0,0,0,0,-366000,0,0,0,0,366000,-366000,-366000
03469P,欣興康和02售01  ,0,0,0,0,0,0,0,0,0,-368000,0,0,0,0,368000,-368000,-368000
057508,康控國票99購03  ,0,0,0,0,0,0,0,0,0,-368000,0,0,0,0,368000,-368000,-368000
067082,健策元大01購07  ,0,0,0,0,0,0,0,0,0,-368000,0,0,0,10000,378000,-368000,-368000
065329,億豐凱基9C購02  ,0,0,0,0,0,0,0,0,0,-369000,0,0,0,306000,675000,-369000,-369000
2314,台揚            ,137000,511000,-374000,0,0,0,0,0,0,5000,5000,0,5000,0,0,0,-369000
068316,台灣50元大01購34,0,0,0,0,0,0,0,0,0,-370000,0,0,0,111000,481000,-370000,-370000
062165,聯茂國泰01購01  ,0,0,0,0,0,0,0,0,0,-370000,0,0,0,0,370000,-370000,-370000
063696,T50反1群益9B購03,0,0,0,0,0,0,0,0,0,-370000,0,0,0,0,370000,-370000,-370000
2451,創見            ,126000,493000,-367000,0,0,0,0,0,0,-3000,2000,6000,-4000,10000,9000,1000,-370000
3014,聯陽            ,298000,643000,-345000,0,0,0,0,0,0,-25000,11000,0,11000,4000,40000,-36000,-370000
8046,南電            ,4726000,4610000,116000,0,0,0,3000,416000,-413000,-73000,289000,362000,-73000,196000,196000,0,-370000
066314,台橡永豐01購01  ,0,0,0,0,0,0,0,0,0,-372000,0,0,0,28000,400000,-372000,-372000
069283,達麗永豐02購01  ,0,0,0,0,0,0,0,0,0,-375000,0,0,0,277000,652000,-375000,-375000
060437,宏全永豐9A購01  ,0,0,0,0,0,0,0,0,0,-375000,0,0,0,390000,765000,-375000,-375000
066640,達麗凱基01購01  ,0,0,0,0,0,0,0,0,0,-375000,0,0,0,0,375000,-375000,-375000
067486,新日興元大01購03,0,0,0,0,0,0,0,0,0,-376000,0,0,0,3000,379000,-376000,-376000
03148P,聯電群益03售04  ,0,0,0,0,0,0,0,0,0,-377000,0,0,0,25000,402000,-377000,-377000
063451,漢翔統一9C購01  ,0,0,0,0,0,0,0,0,0,-377000,0,0,0,1000,378000,-377000,-377000
08867P,欣興凱基01售03  ,0,0,0,0,0,0,0,0,0,-377000,0,0,0,116000,493000,-377000,-377000
069889,正隆元大02購01  ,0,0,0,0,0,0,0,0,0,-379000,0,0,0,0,379000,-379000,-379000
061200,道瓊反元大9A購06,0,0,0,0,0,0,0,0,0,-379000,0,0,0,0,379000,-379000,-379000
6139,亞翔            ,239000,1378000,-1139000,0,0,0,0,0,0,760000,60000,0,60000,700000,0,700000,-379000
068955,和鑫凱基02購01  ,0,0,0,0,0,0,0,0,0,-380000,0,0,0,0,380000,-380000,-380000
08517P,奇力新群益9C售03,0,0,0,0,0,0,0,0,0,-381000,0,0,0,10000,391000,-381000,-381000
3413,京鼎            ,307000,337000,-30000,0,0,0,2000,299000,-297000,-55000,22000,43000,-21000,0,34000,-34000,-382000
07855P,旺宏凱基9A售09  ,0,0,0,0,0,0,0,0,0,-383000,0,0,0,113000,496000,-383000,-383000
08498P,大立光國票01售02,0,0,0,0,0,0,0,0,0,-385000,0,0,0,0,385000,-385000,-385000
069744,奇鋐永豐02購04  ,0,0,0,0,0,0,0,0,0,-385000,0,0,0,50000,435000,-385000,-385000
068355,美律凱基01購02  ,0,0,0,0,0,0,0,0,0,-387000,0,0,0,10000,397000,-387000,-387000
066036,神隆元大02購01  ,0,0,0,0,0,0,0,0,0,-387000,0,0,0,0,387000,-387000,-387000
3376,新日興          ,320000,433000,-113000,0,0,0,45000,457000,-412000,137000,115000,52000,63000,95000,21000,74000,-388000
1229,聯華            ,421000,805000,-384000,0,0,0,0,0,0,-4000,10000,0,10000,0,14000,-14000,-388000
068392,彩晶統一03購01  ,0,0,0,0,0,0,0,0,0,-389000,0,0,0,193000,582000,-389000,-389000
069685,嘉晶元大02購02  ,0,0,0,0,0,0,0,0,0,-390000,0,0,0,122000,512000,-390000,-390000
08220P,華邦電凱基9B售02,0,0,0,0,0,0,0,0,0,-391000,0,0,0,20000,411000,-391000,-391000
08199P,大毅元大9B售02  ,0,0,0,0,0,0,0,0,0,-391000,0,0,0,135000,526000,-391000,-391000
059503,大立光富邦9B購04,0,0,0,0,0,0,0,0,0,-391000,0,0,0,60000,451000,-391000,-391000
063814,嘉晶群益9C購01  ,0,0,0,0,0,0,0,0,0,-391000,0,0,0,141000,532000,-391000,-391000
07836P,大成鋼元大9A售01,0,0,0,0,0,0,0,0,0,-392000,0,0,0,8000,400000,-392000,-392000
3515,華擎            ,581000,880000,-299000,0,0,0,0,40000,-40000,-53000,99000,25000,74000,13000,140000,-127000,-392000
03131P,南亞科元富07售02,0,0,0,0,0,0,0,0,0,-393000,0,0,0,110000,503000,-393000,-393000
066433,南六元大02購01  ,0,0,0,0,0,0,0,0,0,-394000,0,0,0,73000,467000,-394000,-394000
4919,新唐            ,407000,732000,-325000,0,0,0,0,0,0,-69000,5000,6000,-1000,11000,79000,-68000,-394000
066060,超眾元大01購03  ,0,0,0,0,0,0,0,0,0,-395000,0,0,0,162000,557000,-395000,-395000
065652,超眾元大01購02  ,0,0,0,0,0,0,0,0,0,-395000,0,0,0,182000,577000,-395000,-395000
067960,帆宣永豐01購01  ,0,0,0,0,0,0,0,0,0,-395000,0,0,0,66000,461000,-395000,-395000
6235,華孚            ,635000,1033000,-398000,0,0,0,0,0,0,3000,3000,0,3000,0,0,0,-395000
08619P,國巨群益9C售21  ,0,0,0,0,0,0,0,0,0,-397000,0,0,0,40000,437000,-397000,-397000
03282P,京元電凱基02售01,0,0,0,0,0,0,0,0,0,-398000,0,0,0,159000,557000,-398000,-398000
060242,潤泰全元大9C購01,0,0,0,0,0,0,0,0,0,-398000,0,0,0,102000,500000,-398000,-398000
064369,彩晶統一01購01  ,0,0,0,0,0,0,0,0,0,-398000,0,0,0,28000,426000,-398000,-398000
066677,台泥兆豐03購01  ,0,0,0,0,0,0,0,0,0,-398000,0,0,0,29000,427000,-398000,-398000
065739,正崴麥證9C購01  ,0,0,0,12000,411000,-399000,0,0,0,-399000,0,0,0,12000,411000,-399000,-399000
08322P,國巨凱基9C售08  ,0,0,0,0,0,0,0,0,0,-400000,0,0,0,0,400000,-400000,-400000
07900P,臺股指凱基9B售03,0,0,0,0,0,0,0,0,0,-400000,0,0,0,0,400000,-400000,-400000
069891,上銀元大02購02  ,0,0,0,0,0,0,0,0,0,-400000,0,0,0,0,400000,-400000,-400000
068708,新光金國票02購01,0,0,0,0,0,0,0,0,0,-400000,0,0,0,0,400000,-400000,-400000
060259,潤泰全凱基9C購01,0,0,0,0,0,0,0,0,0,-400000,0,0,0,80000,480000,-400000,-400000
063555,SP黃豆元大9B購01,0,0,0,0,0,0,0,0,0,-400000,0,0,0,0,400000,-400000,-400000
063874,志超永豐9C購01  ,0,0,0,0,0,0,0,0,0,-400000,0,0,0,386000,786000,-400000,-400000
067188,日電貿凱基01購02,0,0,0,0,0,0,0,0,0,-400000,0,0,0,0,400000,-400000,-400000
066661,友達凱基03購01  ,0,0,0,0,0,0,0,0,0,-401000,0,0,0,0,401000,-401000,-401000
2493,揚博            ,14000,250000,-236000,0,0,0,0,0,0,-165000,1000,108000,-107000,0,58000,-58000,-401000
063431,神隆元富9B購01  ,0,0,0,0,0,0,0,0,0,-403000,0,0,0,30000,433000,-403000,-403000
066334,京城銀永豐01購01,0,0,0,0,0,0,0,0,0,-404000,0,0,0,20000,424000,-404000,-404000
2484,希華            ,139000,544000,-405000,0,0,0,0,0,0,1000,1000,0,1000,0,0,0,-404000
08618P,國巨群益9C售20  ,0,0,0,0,0,0,0,0,0,-406000,0,0,0,40000,446000,-406000,-406000
03036P,玉晶光國票01售08,0,0,0,0,0,0,0,0,0,-406000,0,0,0,50000,456000,-406000,-406000
3059,華晶科          ,87000,499000,-412000,0,0,0,0,0,0,6000,6000,0,6000,0,0,0,-406000
4961,天鈺            ,271000,676000,-405000,0,0,0,0,0,0,-2000,0,2000,-2000,0,0,0,-407000
067496,拓凱元大01購02  ,0,0,0,0,0,0,0,0,0,-408000,0,0,0,334000,742000,-408000,-408000
08961P,大毅凱基01售03  ,0,0,0,0,0,0,0,0,0,-408000,0,0,0,100000,508000,-408000,-408000
068163,緯穎元大01購07  ,0,0,0,0,0,0,0,0,0,-409000,0,0,0,28000,437000,-409000,-409000
067461,晶碩永豐01購02  ,0,0,0,0,0,0,0,0,0,-409000,0,0,0,145000,554000,-409000,-409000
07940P,國巨群益9B售06  ,0,0,0,0,0,0,0,0,0,-410000,0,0,0,10000,420000,-410000,-410000
03018P,華邦電群益01售03,0,0,0,0,0,0,0,0,0,-410000,0,0,0,51000,461000,-410000,-410000
067145,南港統一03購02  ,0,0,0,0,0,0,0,0,0,-410000,0,0,0,20000,430000,-410000,-410000
066609,國巨麥證01購04  ,0,0,0,0,410000,-410000,0,0,0,-410000,0,0,0,0,410000,-410000,-410000
068924,國巨國泰05購01  ,0,0,0,0,0,0,0,0,0,-413000,0,0,0,27000,440000,-413000,-413000
069435,健策群益02購03  ,0,0,0,0,0,0,0,0,0,-413000,0,0,0,7000,420000,-413000,-413000
066931,友達國票02購01  ,0,0,0,0,0,0,0,0,0,-416000,0,0,0,0,416000,-416000,-416000
00669R,國泰美國道瓊反1 ,78000,0,78000,0,0,0,0,0,0,-496000,0,0,0,181000,677000,-496000,-418000
068991,冠德永豐02購01  ,0,0,0,0,0,0,0,0,0,-421000,0,0,0,150000,571000,-421000,-421000
07800P,華新科國泰9B售04,0,0,0,0,0,0,0,0,0,-421000,0,0,0,12000,433000,-421000,-421000
08142P,國巨凱基9B售13  ,0,0,0,0,0,0,0,0,0,-421000,0,0,0,40000,461000,-421000,-421000
2609,陽明            ,1131000,1352000,-221000,0,0,0,0,250000,-250000,50000,50000,0,50000,0,0,0,-421000
062333,嘉晶統一9C購01  ,0,0,0,0,0,0,0,0,0,-422000,0,0,0,98000,520000,-422000,-422000
08086P,燿華凱基9B售03  ,0,0,0,0,0,0,0,0,0,-425000,0,0,0,273000,698000,-425000,-425000
2390,云辰            ,478000,906000,-428000,0,0,0,0,0,0,3000,10000,7000,3000,0,0,0,-425000
070010,美食元大02購01  ,0,0,0,0,0,0,0,0,0,-426000,0,0,0,0,426000,-426000,-426000
07114P,旺宏兆豐9A售01  ,0,0,0,0,0,0,0,0,0,-426000,0,0,0,111000,537000,-426000,-426000
061998,緯穎元大9B購03  ,0,0,0,0,0,0,0,0,0,-426000,0,0,0,38000,464000,-426000,-426000
069919,奇鋐凱基04購02  ,0,0,0,0,0,0,0,0,0,-427000,0,0,0,28000,455000,-427000,-427000
057078,國巨統一9A購02  ,0,0,0,0,0,0,0,0,0,-428000,0,0,0,0,428000,-428000,-428000
064781,嘉晶群益9C購04  ,0,0,0,0,0,0,0,0,0,-429000,0,0,0,115000,544000,-429000,-429000
068877,聯詠凱基03購04  ,0,0,0,0,0,0,0,0,0,-430000,0,0,0,193000,623000,-430000,-430000
068217,台達電統一03購01,0,0,0,0,0,0,0,0,0,-430000,0,0,0,35000,465000,-430000,-430000
066763,創意永豐01購02  ,0,0,0,0,0,0,0,0,0,-430000,0,0,0,0,430000,-430000,-430000
066135,潤泰全群益02購01,0,0,0,0,0,0,0,0,0,-430000,0,0,0,205000,635000,-430000,-430000
066335,潤泰全永豐01購01,0,0,0,0,0,0,0,0,0,-431000,0,0,0,111000,542000,-431000,-431000
4414,如興            ,1765000,2155000,-390000,0,0,0,0,0,0,-41000,0,41000,-41000,0,0,0,-431000
056266,開發金統一9A購01,0,0,0,0,0,0,0,0,0,-432000,0,0,0,0,432000,-432000,-432000
03559P,南電國泰02售03  ,0,0,0,0,0,0,0,0,0,-432000,0,0,0,0,432000,-432000,-432000
069159,美律元大02購04  ,0,0,0,0,0,0,0,0,0,-433000,0,0,0,0,433000,-433000,-433000
08431P,景碩凱基9C售02  ,0,0,0,0,0,0,0,0,0,-433000,0,0,0,10000,443000,-433000,-433000
08624P,力成群益9C售01  ,0,0,0,0,0,0,0,0,0,-433000,0,0,0,17000,450000,-433000,-433000
069918,精元凱基03購02  ,0,0,0,0,0,0,0,0,0,-434000,0,0,0,0,434000,-434000,-434000
059675,大立光元富99購08,0,0,0,0,0,0,0,0,0,-435000,0,0,0,4000,439000,-435000,-435000
08975P,欣興群益01售05  ,0,0,0,0,0,0,0,0,0,-436000,0,0,0,682000,1118000,-436000,-436000
065118,國巨富邦01購02  ,0,0,0,0,0,0,0,0,0,-437000,0,0,0,35000,472000,-437000,-437000
068166,鈺齊元大01購03  ,0,0,0,0,0,0,0,0,0,-439000,0,0,0,889000,1328000,-439000,-439000
066848,健策元大01購05  ,0,0,0,0,0,0,0,0,0,-439000,0,0,0,15000,454000,-439000,-439000
069445,美律元富08購01  ,0,0,0,0,0,0,0,0,0,-440000,0,0,0,103000,543000,-440000,-440000
062298,國巨第一9B購01  ,0,0,0,0,0,0,0,0,0,-440000,0,0,0,0,440000,-440000,-440000
066306,亞聚永豐01購01  ,0,0,0,0,0,0,0,0,0,-440000,0,0,0,10000,450000,-440000,-440000
054827,宏全元大9A購01  ,0,0,0,0,0,0,0,0,0,-442000,0,0,0,579000,1021000,-442000,-442000
064302,美律兆豐01購01  ,0,0,0,0,0,0,0,0,0,-445000,0,0,0,150000,595000,-445000,-445000
068241,力山元大01購02  ,0,0,0,0,0,0,0,0,0,-446000,0,0,0,406000,852000,-446000,-446000
006208,富邦台50        ,18000,35000,-17000,0,0,0,0,0,0,-429000,0,0,0,0,429000,-429000,-446000
064763,祥碩凱基02購01  ,0,0,0,0,0,0,0,0,0,-446000,0,0,0,162000,608000,-446000,-446000
066709,聚碩群益01購01  ,0,0,0,0,0,0,0,0,0,-448000,0,0,0,0,448000,-448000,-448000
08120P,南亞科國票9C售01,0,0,0,0,0,0,0,0,0,-449000,0,0,0,0,449000,-449000,-449000
057525,光磊元大99購01  ,0,0,0,0,0,0,0,0,0,-449000,0,0,0,50000,499000,-449000,-449000
064626,聯茂元大9C購01  ,0,0,0,0,0,0,0,0,0,-450000,0,0,0,0,450000,-450000,-450000
069526,台積電兆豐03購08,5000,0,5000,0,0,0,0,0,0,-458000,0,0,0,340000,798000,-458000,-453000
6120,達運            ,10000,488000,-478000,0,0,0,0,0,0,24000,24000,0,24000,0,0,0,-454000
1760,寶齡富錦        ,2335000,2871000,-536000,0,0,0,0,0,0,79000,90000,11000,79000,0,0,0,-457000
066330,新興永豐01購01  ,0,0,0,0,0,0,0,0,0,-458000,0,0,0,20000,478000,-458000,-458000
2323,中環            ,2447000,2701000,-254000,0,0,0,0,1000,-1000,-204000,24000,153000,-129000,105000,180000,-75000,-459000
069314,彩晶凱基02購02  ,0,30000,-30000,0,0,0,0,0,0,-432000,0,0,0,330000,762000,-432000,-462000
07754P,日月光元大9A售02,0,0,0,0,0,0,0,0,0,-463000,0,0,0,77000,540000,-463000,-463000
066350,達麗永豐01購01  ,0,0,0,0,0,0,0,0,0,-463000,0,0,0,0,463000,-463000,-463000
066349,聚碩永豐01購01  ,0,0,0,0,0,0,0,0,0,-464000,0,0,0,0,464000,-464000,-464000
066006,大立光統一01購07,0,0,0,0,0,0,0,0,0,-465000,0,0,0,0,465000,-465000,-465000
069795,群光凱基02購01  ,0,0,0,0,0,0,0,0,0,-466000,0,0,0,43000,509000,-466000,-466000
064704,嘉晶國泰01購01  ,0,0,0,0,0,0,0,0,0,-467000,0,0,0,249000,716000,-467000,-467000
067705,遠東新元富01購01,0,0,0,0,0,0,0,0,0,-467000,0,0,0,233000,700000,-467000,-467000
060290,興富發元大9C購01,0,0,0,0,0,0,0,0,0,-468000,0,0,0,0,468000,-468000,-468000
068524,友達元富07購01  ,0,0,0,0,0,0,0,0,0,-469000,0,0,0,22000,491000,-469000,-469000
08809P,台灣50群益01售07,0,0,0,0,0,0,0,0,0,-469000,0,0,0,130000,599000,-469000,-469000
066412,神隆元大01購01  ,0,0,0,0,0,0,0,0,0,-470000,0,0,0,0,470000,-470000,-470000
067558,中工國票02購01  ,0,0,0,0,0,0,0,0,0,-471000,0,0,0,250000,721000,-471000,-471000
069625,彩晶統一03購03  ,0,0,0,0,0,0,0,0,0,-472000,0,0,0,358000,830000,-472000,-472000
069303,聯電凱基03購08  ,0,0,0,0,0,0,0,0,0,-473000,0,0,0,280000,753000,-473000,-473000
07690P,華新科元大9A售15,0,0,0,0,0,0,0,0,0,-474000,0,0,0,0,474000,-474000,-474000
066774,聯詠富邦03購01  ,0,0,0,0,0,0,0,0,0,-474000,0,0,0,465000,939000,-474000,-474000
066223,拓凱國泰03購01  ,0,0,0,0,0,0,0,0,0,-474000,0,0,0,2000,476000,-474000,-474000
1455,集盛            ,481000,953000,-472000,0,0,0,0,0,0,-4000,0,4000,-4000,0,0,0,-476000
08623P,健策群益01售04  ,0,0,0,0,0,0,0,0,0,-477000,0,0,0,5000,482000,-477000,-477000
069899,精元元大03購01  ,0,0,0,0,0,0,0,0,0,-478000,0,0,0,70000,548000,-478000,-478000
066658,卜蜂凱基01購01  ,0,0,0,0,0,0,0,0,0,-478000,0,0,0,298000,776000,-478000,-478000
069689,彩晶元大02購01  ,50000,0,50000,0,0,0,0,0,0,-529000,0,0,0,475000,1004000,-529000,-479000
2399,映泰            ,717000,1194000,-477000,0,0,0,0,0,0,-2000,1000,3000,-2000,0,0,0,-479000
066105,松翰國票01購01  ,0,0,0,0,0,0,0,0,0,-480000,0,0,0,60000,540000,-480000,-480000
068852,可成統一04購01  ,0,0,0,0,0,0,0,0,0,-486000,0,0,0,853000,1339000,-486000,-486000
068389,美律統一03購03  ,0,0,0,0,0,0,0,0,0,-487000,0,0,0,125000,612000,-487000,-487000
08426P,奇力新國票01售01,0,0,0,0,0,0,0,0,0,-488000,0,0,0,100000,588000,-488000,-488000
00875,國泰網路資安    ,510000,0,510000,0,0,0,0,0,0,-1001000,0,0,0,524000,1525000,-1001000,-491000
056894,佳世達元大99購01,0,0,0,0,0,0,0,0,0,-495000,0,0,0,148000,643000,-495000,-495000
061080,華邦電兆豐9B購01,0,0,0,0,0,0,0,0,0,-495000,0,0,0,67000,562000,-495000,-495000
6213,聯茂            ,544000,467063,76937,0,0,0,0,417000,-417000,-155000,2000,132000,-130000,30000,55000,-25000,-495063
064455,美食統一01購03  ,0,0,0,0,0,0,0,0,0,-496000,0,0,0,15000,511000,-496000,-496000
8271,宇瞻            ,128000,500000,-372000,0,0,0,0,0,0,-124000,1000,69000,-68000,0,56000,-56000,-496000
2340,光磊            ,1391000,1930000,-539000,0,0,0,0,0,0,43000,8000,126000,-118000,161000,0,161000,-496000
08382P,國巨群益01售02  ,0,0,0,0,0,0,0,0,0,-498000,0,0,0,51000,549000,-498000,-498000
069833,欣興元富02購05  ,0,0,0,0,0,0,0,0,0,-498000,0,0,0,1000,499000,-498000,-498000
064581,葡萄王永豐9C購01,0,0,0,0,0,0,0,0,0,-498000,0,0,0,0,498000,-498000,-498000
063976,正崴兆豐9C購01  ,0,0,0,0,0,0,0,0,0,-498000,0,0,0,107000,605000,-498000,-498000
03041P,玉晶光國票03售03,0,0,0,0,0,0,0,0,0,-499000,0,0,0,0,499000,-499000,-499000
064426,群創兆豐9C購01  ,0,0,0,0,0,0,0,0,0,-499000,0,0,0,8000,507000,-499000,-499000
067026,群創兆豐03購01  ,0,0,0,0,0,0,0,0,0,-499000,0,0,0,10000,509000,-499000,-499000
08713P,國巨元富07售04  ,0,0,0,0,0,0,0,0,0,-499000,0,0,0,0,499000,-499000,-499000
069942,中租元富02購01  ,0,0,0,0,0,0,0,0,0,-500000,0,0,0,100000,600000,-500000,-500000
08505P,臺股指國票9C售07,0,0,0,0,0,0,0,0,0,-500000,0,0,0,2000,502000,-500000,-500000
067603,冠德凱基02購01  ,0,0,0,0,0,0,0,0,0,-500000,0,0,0,97000,597000,-500000,-500000
066982,嘉晶群益02購01  ,0,0,0,0,0,0,0,0,0,-501000,0,0,0,126000,627000,-501000,-501000
08362P,國巨凱基02售01  ,0,0,0,0,0,0,0,0,0,-502000,0,0,0,0,502000,-502000,-502000
063466,美食元大9B購02  ,0,0,0,0,0,0,0,0,0,-502000,0,0,0,63000,565000,-502000,-502000
067067,國巨元大01購08  ,0,0,0,0,0,0,0,0,0,-502000,0,0,0,187000,689000,-502000,-502000
00631L,元大台灣50正2   ,444000,130000,314000,0,0,0,0,0,0,-818000,5000,42000,-37000,518000,1299000,-781000,-504000
03039P,玉晶光國票02售04,0,0,0,0,0,0,0,0,0,-505000,0,0,0,5000,510000,-505000,-505000
069745,欣興永豐02購08  ,0,0,0,0,0,0,0,0,0,-506000,0,0,0,0,506000,-506000,-506000
2867,三商壽          ,777685,1282000,-504315,0,0,0,0,0,0,-3000,0,3000,-3000,0,0,0,-507315
08848P,國巨群益01售06  ,0,0,0,0,0,0,0,0,0,-509000,0,0,0,40000,549000,-509000,-509000
069732,嘉晶麥證02購01  ,0,0,0,19000,579000,-560000,0,0,0,-510000,0,0,0,73000,583000,-510000,-510000
066339,總太永豐01購01  ,0,0,0,0,0,0,0,0,0,-511000,0,0,0,102000,613000,-511000,-511000
066530,美律元富04購01  ,0,0,0,0,0,0,0,0,0,-512000,0,0,0,12000,524000,-512000,-512000
062124,大立光統一9B購09,0,0,0,0,0,0,0,0,0,-515000,0,0,0,5000,520000,-515000,-515000
067327,聯詠康和01購01  ,0,0,0,0,0,0,0,0,0,-515000,0,0,0,139000,654000,-515000,-515000
069554,彩晶元大04購02  ,0,0,0,0,0,0,0,0,0,-517000,0,0,0,208000,725000,-517000,-517000
069779,康舒元大02購03  ,0,0,0,0,0,0,0,0,0,-517000,0,0,0,348000,865000,-517000,-517000
067589,拓凱群益02購01  ,0,0,0,0,0,0,0,0,0,-519000,0,0,0,121000,640000,-519000,-519000
2472,立隆電          ,739000,1239000,-500000,0,0,0,0,0,0,-20000,12000,32000,-20000,0,0,0,-520000
08420P,國巨群益9C售12  ,0,0,0,0,0,0,0,0,0,-522000,0,0,0,40000,562000,-522000,-522000
062916,智易元大9B購01  ,0,0,0,0,0,0,0,0,0,-522000,0,0,0,0,522000,-522000,-522000
056369,彩晶元大01購01  ,0,0,0,0,0,0,0,0,0,-526000,0,0,0,528000,1054000,-526000,-526000
057577,廣宇中信9A購01  ,0,0,0,0,0,0,0,0,0,-526000,0,0,0,0,526000,-526000,-526000
069947,奇鋐國泰04購01  ,0,0,0,0,0,0,0,0,0,-527000,0,0,0,28000,555000,-527000,-527000
066778,緯穎富邦03購01  ,0,0,0,0,0,0,0,0,0,-527000,0,0,0,0,527000,-527000,-527000
1718,中纖            ,1146000,1716000,-570000,0,0,0,0,0,0,42000,109000,67000,42000,0,0,0,-528000
2889,國票金          ,493445,1027000,-533555,0,0,0,0,0,0,4000,7000,3000,4000,0,0,0,-529555
2505,國揚            ,2304000,2686000,-382000,0,0,0,0,0,0,-150000,0,0,0,86000,236000,-150000,-532000
067223,嘉基元大01購02  ,0,0,0,0,0,0,0,0,0,-534000,0,0,0,0,534000,-534000,-534000
065229,友達凱基02購03  ,0,0,0,0,0,0,0,0,0,-535000,0,0,0,50000,585000,-535000,-535000
064070,祥碩永豐9C購01  ,0,0,0,0,0,0,0,0,0,-540000,0,0,0,21000,561000,-540000,-540000
069053,欣興元富02購03  ,0,0,0,0,0,0,0,0,0,-541000,0,0,0,401000,942000,-541000,-541000
066453,嘉基群益01購01  ,0,0,0,0,0,0,0,0,0,-542000,0,0,0,0,542000,-542000,-542000
062487,中興電永豐9B購01,0,0,0,0,0,0,0,0,0,-543000,0,0,0,13000,556000,-543000,-543000
03391P,國巨兆豐03售03  ,0,0,0,0,0,0,0,0,0,-544000,0,0,0,40000,584000,-544000,-544000
065673,嘉晶凱基01購02  ,0,0,0,0,0,0,0,0,0,-545000,0,0,0,120000,665000,-545000,-545000
08211P,台表科元富9B售03,0,0,0,0,0,0,0,0,0,-546000,0,0,0,192000,738000,-546000,-546000
065330,億豐凱基9C購03  ,0,0,0,0,0,0,0,0,0,-546000,0,0,0,39000,585000,-546000,-546000
8926,台汽電          ,135000,623000,-488000,0,0,0,0,0,0,-58000,0,10000,-10000,0,48000,-48000,-546000
07788P,華新科群益9A售08,0,0,0,0,0,0,0,0,0,-549000,0,0,0,0,549000,-549000,-549000
08532P,國巨元富06售02  ,0,0,0,0,0,0,0,0,0,-549000,0,0,0,0,549000,-549000,-549000
07707P,玉山金元大9A售03,0,0,0,0,0,0,0,0,0,-550000,0,0,0,50000,600000,-550000,-550000
2392,正崴            ,2961000,4226000,-1265000,0,0,0,0,0,0,715000,845000,376000,469000,372000,126000,246000,-550000
060375,葡萄王元富9A購01,0,0,0,0,0,0,0,0,0,-551000,0,0,0,10000,561000,-551000,-551000
066762,總太永豐01購02  ,0,0,0,0,0,0,0,0,0,-551000,0,0,0,66000,617000,-551000,-551000
068911,聯發科群益02購09,0,0,0,0,0,0,0,0,0,-553000,0,0,0,350000,903000,-553000,-553000
067110,德律群益01購01  ,0,0,0,0,0,0,0,0,0,-556000,0,0,0,443000,999000,-556000,-556000
066344,拓凱永豐01購01  ,0,0,0,0,0,0,0,0,0,-556000,0,0,0,96000,652000,-556000,-556000
00712,FH富時不動產    ,0,463000,-463000,0,0,0,0,0,0,-97000,0,0,0,89000,186000,-97000,-560000
03277P,聯發科中信04售03,0,0,0,0,0,0,0,0,0,-563000,0,0,0,94000,657000,-563000,-563000
064726,創意統一01購03  ,0,0,0,0,0,0,0,0,0,-564000,0,0,0,153000,717000,-564000,-564000
08471P,日月光凱基9C售02,0,0,0,0,0,0,0,0,0,-565000,0,0,0,28000,593000,-565000,-565000
065374,義隆元大9C購07  ,0,0,0,0,0,0,0,0,0,-567000,0,0,0,3000,570000,-567000,-567000
2367,燿華            ,1537000,1766000,-229000,0,0,0,0,0,0,-338000,4000,0,4000,20000,362000,-342000,-567000
068227,聯發科元富07購07,0,0,0,0,0,0,0,0,0,-568000,0,0,0,784000,1352000,-568000,-568000
03106P,T50反1元大01售06,0,0,0,0,0,0,0,0,0,-569000,0,0,0,400000,969000,-569000,-569000
3035,智原            ,214000,669000,-455000,0,0,0,0,1000,-1000,-113000,26000,59000,-33000,5000,85000,-80000,-569000
057485,友達元大9C購04  ,0,0,0,0,0,0,0,0,0,-570000,0,0,0,0,570000,-570000,-570000
060948,可成第一9A購01  ,0,0,0,0,0,0,0,0,0,-570000,0,0,0,250000,820000,-570000,-570000
062518,臺指反元大02購07,0,0,0,0,0,0,0,0,0,-572000,0,0,0,0,572000,-572000,-572000
068306,建準國票03購01  ,0,0,0,0,0,0,0,0,0,-573000,0,0,0,115000,688000,-573000,-573000
03390P,欣興凱基02售07  ,0,0,0,0,0,0,0,0,0,-574000,0,0,0,230000,804000,-574000,-574000
058928,國巨統一9C購01  ,0,0,0,0,0,0,0,0,0,-574000,0,0,0,1973000,2547000,-574000,-574000
2338,光罩            ,519000,1044000,-525000,0,0,0,0,0,0,-49000,6000,0,6000,0,55000,-55000,-574000
055876,美食元富9A購01  ,0,0,0,0,0,0,0,0,0,-577000,0,0,0,297000,874000,-577000,-577000
03095P,國巨凱基02售07  ,0,0,0,0,0,0,0,0,0,-580000,0,0,0,20000,600000,-580000,-580000
058769,友達兆豐99購01  ,0,0,0,0,0,0,0,0,0,-580000,0,0,0,40000,620000,-580000,-580000
064067,美律永豐9C購01  ,0,0,0,0,0,0,0,0,0,-583000,0,0,0,10000,593000,-583000,-583000
08273P,國巨元富9C售02  ,0,0,0,0,0,0,0,0,0,-584000,0,0,0,0,584000,-584000,-584000
2485,兆赫            ,145000,731000,-586000,0,0,0,0,0,0,1000,7000,6000,1000,0,0,0,-585000
062600,可成台新9B購01  ,0,0,0,0,0,0,0,0,0,-587000,0,0,0,1000,588000,-587000,-587000
066769,嘉基永豐01購02  ,0,0,0,0,0,0,0,0,0,-587000,0,0,0,0,587000,-587000,-587000
067772,超眾統一03購02  ,0,0,0,0,0,0,0,0,0,-587000,0,0,0,11000,598000,-587000,-587000
08897P,國巨群益01售10  ,0,0,0,0,0,0,0,0,0,-588000,0,0,0,40000,628000,-588000,-588000
068863,元大金元富03購01,0,0,0,0,0,0,0,0,0,-589000,0,0,0,172000,761000,-589000,-589000
068161,智易元大01購02  ,0,0,0,0,0,0,0,0,0,-591000,0,0,0,24000,615000,-591000,-591000
069133,神隆永豐02購01  ,0,0,0,0,0,0,0,0,0,-594000,0,0,0,7000,601000,-594000,-594000
08114P,國巨凱基9B售11  ,0,0,0,0,0,0,0,0,0,-598000,0,0,0,2000,600000,-598000,-598000
064263,貿聯永豐9C購01  ,0,0,0,0,0,0,0,0,0,-598000,0,0,0,199000,797000,-598000,-598000
4956,光鋐            ,378000,979000,-601000,0,0,0,0,0,0,2000,2000,0,2000,0,0,0,-599000
068679,T50反1國泰03購02,0,0,0,0,0,0,0,0,0,-600000,0,0,0,0,600000,-600000,-600000
060454,葡萄王元大9A購01,0,0,0,0,0,0,0,0,0,-600000,0,0,0,0,600000,-600000,-600000
061402,矽創兆豐9B購01  ,0,0,0,0,0,0,0,0,0,-600000,0,0,0,0,600000,-600000,-600000
08959P,國巨凱基01售07  ,0,0,0,0,0,0,0,0,0,-600000,0,0,0,0,600000,-600000,-600000
08741P,國巨凱基01售05  ,0,0,0,0,0,0,0,0,0,-603000,0,0,0,45000,648000,-603000,-603000
065672,嘉晶凱基01購01  ,0,0,0,0,0,0,0,0,0,-604000,0,0,0,246000,850000,-604000,-604000
067621,友達國泰02購01  ,0,0,0,0,0,0,0,0,0,-605000,0,0,0,710000,1315000,-605000,-605000
065474,旺宏元大9C購06  ,0,0,0,0,0,0,0,0,0,-606000,0,0,0,320000,926000,-606000,-606000
064149,美律統一02購01  ,0,0,0,0,0,0,0,0,0,-607000,0,0,0,17000,624000,-607000,-607000
066479,國巨元富07購01  ,0,0,0,0,0,0,0,0,0,-607000,0,0,0,218000,825000,-607000,-607000
069033,友達統一04購01  ,0,0,0,0,0,0,0,0,0,-611000,0,0,0,102000,713000,-611000,-611000
061131,崇越永豐9A購01  ,0,0,0,0,0,0,0,0,0,-612000,0,0,0,12000,624000,-612000,-612000
9188,精熙-DR         ,136000,748000,-612000,0,0,0,0,0,0,0,0,0,0,0,0,0,-612000
08003P,國巨國泰9B售07  ,0,0,0,0,0,0,0,0,0,-615000,0,0,0,259000,874000,-615000,-615000
0050,元大台灣50      ,3261000,1708000,1553000,0,0,0,60000,0,60000,-2229000,129000,32000,97000,390000,2716000,-2326000,-616000
063671,GIS統一01購01   ,0,0,0,0,0,0,0,0,0,-616000,0,0,0,324000,940000,-616000,-616000
062817,富邦金兆豐9B購01,0,0,0,0,0,0,0,0,0,-616000,0,0,0,170000,786000,-616000,-616000
1608,華榮            ,125000,750000,-625000,0,0,0,0,0,0,7000,7000,0,7000,0,0,0,-618000
3019,亞光            ,286150,863000,-576850,0,0,0,0,0,0,-42000,5000,29000,-24000,5000,23000,-18000,-618850
064239,群創統一02購01  ,0,0,0,0,0,0,0,0,0,-619000,0,0,0,30000,649000,-619000,-619000
065387,台光電兆豐9C購02,0,0,0,0,0,0,0,0,0,-622000,0,0,0,46000,668000,-622000,-622000
3044,健鼎            ,823000,1223000,-400000,0,0,0,0,0,0,-223000,77000,218000,-141000,20000,102000,-82000,-623000
8081,致新            ,142000,225000,-83000,0,0,0,0,534000,-534000,-6000,1000,0,1000,4000,11000,-7000,-623000
069036,冠德統一03購01  ,0,0,0,0,0,0,0,0,0,-625000,0,0,0,20000,645000,-625000,-625000
2801,彰銀            ,3102549,4373000,-1270451,0,0,0,0,24000,-24000,668000,643000,4000,639000,29000,0,29000,-626451
4999,鑫禾            ,102000,724000,-622000,0,0,0,0,0,0,-5000,0,5000,-5000,0,0,0,-627000
068160,智易元大01購01  ,0,0,0,0,0,0,0,0,0,-631000,0,0,0,10000,641000,-631000,-631000
058714,美律統一9B購01  ,0,0,0,0,0,0,0,0,0,-631000,0,0,0,67000,698000,-631000,-631000
066932,京元電國票02購01,0,0,0,0,0,0,0,0,0,-632000,0,0,0,22000,654000,-632000,-632000
069237,南電康和02購01  ,0,0,0,0,0,0,0,0,0,-635000,0,0,0,752000,1387000,-635000,-635000
066346,眾達永豐01購01  ,0,0,0,0,0,0,0,0,0,-640000,0,0,0,18000,658000,-640000,-640000
03110P,聯發科元大01售26,0,0,0,0,0,0,0,0,0,-647000,0,0,0,902000,1549000,-647000,-647000
08397P,國巨元富9C售04  ,0,0,0,0,0,0,0,0,0,-649000,0,0,0,0,649000,-649000,-649000
067049,明泰凱基01購01  ,0,0,0,0,0,0,0,0,0,-649000,0,0,0,129000,778000,-649000,-649000
08712P,國巨元富07售03  ,0,0,0,0,0,0,0,0,0,-649000,0,0,0,50000,699000,-649000,-649000
061852,大立光國票9B購02,0,0,0,0,0,0,0,0,0,-653000,0,0,0,6000,659000,-653000,-653000
8039,台虹            ,480000,916000,-436000,0,0,0,0,0,0,-220000,43000,278000,-235000,67000,52000,15000,-656000
2441,超豐            ,141000,801000,-660000,0,0,0,0,0,0,2000,3000,1000,2000,0,0,0,-658000
00850,元大臺灣ESG永續 ,1000,0,1000,0,0,0,0,0,0,-660000,0,0,0,564000,1224000,-660000,-659000
061633,統一元大9A購01  ,0,0,0,0,0,0,0,0,0,-659000,0,0,0,71000,730000,-659000,-659000
058156,超眾統一9A購02  ,0,0,0,0,0,0,0,0,0,-659000,0,0,0,63000,722000,-659000,-659000
064971,裕隆元大01購01  ,0,0,0,0,0,0,0,0,0,-663000,0,0,0,85000,748000,-663000,-663000
00738U,元大道瓊白銀    ,201000,945000,-744000,0,0,0,0,0,0,79455,0,0,0,1774000,1694545,79455,-664545
065821,億豐元富03購01  ,0,0,0,0,0,0,0,0,0,-678000,0,0,0,152000,830000,-678000,-678000
07894P,燿華元大9B售01  ,0,0,0,0,0,0,0,0,0,-679000,0,0,0,100000,779000,-679000,-679000
068559,鴻海元大01購29  ,0,0,0,0,0,0,0,0,0,-680000,0,0,0,25000,705000,-680000,-680000
069141,美律永豐02購01  ,0,0,0,0,0,0,0,0,0,-682000,0,0,0,11000,693000,-682000,-682000
00635U,元大S&P黃金     ,4000,4000,0,0,0,0,0,0,0,-689000,0,0,0,204000,893000,-689000,-689000
069275,欣興永豐02購04  ,0,0,0,0,0,0,0,0,0,-690000,0,0,0,231000,921000,-690000,-690000
064367,貿聯統一01購02  ,0,0,0,0,0,0,0,0,0,-692000,0,0,0,767000,1459000,-692000,-692000
069175,惠特元大02購02  ,0,0,0,0,0,0,0,0,0,-694000,0,0,0,1074000,1768000,-694000,-694000
060243,潤泰全元大9C購02,0,0,0,0,0,0,0,0,0,-695000,0,0,0,1000,696000,-695000,-695000
03034P,欣興國票03售01  ,0,0,0,0,0,0,0,0,0,-696000,0,0,0,395000,1091000,-696000,-696000
066996,拓凱國泰03購02  ,0,0,0,0,0,0,0,0,0,-696000,0,0,0,0,696000,-696000,-696000
068987,GIS元大03購01   ,0,0,0,0,0,0,0,0,0,-697000,0,0,0,681000,1378000,-697000,-697000
03218P,聯電康和02售02  ,0,0,0,0,0,0,0,0,0,-698000,0,0,0,56000,754000,-698000,-698000
069737,強茂國泰04購01  ,0,0,0,0,0,0,0,0,0,-700000,0,0,0,30000,730000,-700000,-700000
1612,宏泰            ,283000,992000,-709000,0,0,0,0,0,0,9000,9000,0,9000,0,0,0,-700000
062928,富邦金台新9B購02,0,0,0,0,0,0,0,0,0,-705000,0,0,0,0,705000,-705000,-705000
03050P,台積電統一01售12,0,0,0,0,0,0,0,0,0,-706000,0,0,0,77000,783000,-706000,-706000
9921,巨大            ,633000,1263000,-630000,0,0,0,0,0,0,-77000,23000,27000,-4000,2000,75000,-73000,-707000
065214,友達國泰01購01  ,0,0,0,0,0,0,0,0,0,-710000,0,0,0,120000,830000,-710000,-710000
3708,上緯投控        ,999000,1842000,-843000,0,0,0,15000,0,15000,117000,67000,63000,4000,185000,72000,113000,-711000
069171,彩晶元大04購01  ,0,0,0,0,0,0,0,0,0,-712000,0,0,0,430000,1142000,-712000,-712000
2912,統一超          ,588000,1154000,-566000,0,0,0,0,0,0,-147000,0,147000,-147000,0,0,0,-713000
1434,福懋            ,512000,1229000,-717000,0,0,0,0,0,0,2000,2000,1000,1000,31000,30000,1000,-715000
5264,鎧勝-KY         ,3416000,4284000,-868000,0,0,0,0,0,0,152000,262000,0,262000,66000,176000,-110000,-716000
066356,嘉基永豐01購01  ,0,0,0,0,0,0,0,0,0,-717000,0,0,0,2000,719000,-717000,-717000
064338,美食元大9C購01  ,0,0,0,0,0,0,0,0,0,-719000,0,0,0,165000,884000,-719000,-719000
065992,立積永豐01購01  ,0,0,0,0,0,0,0,0,0,-720000,0,0,0,197000,917000,-720000,-720000
067288,為升兆豐03購01  ,0,0,0,0,0,0,0,0,0,-721000,0,0,0,700000,1421000,-721000,-721000
067006,德律永豐01購02  ,0,0,0,0,0,0,0,0,0,-726000,0,0,0,0,726000,-726000,-726000
08264P,南電元大9C售02  ,0,0,0,0,0,0,0,0,0,-729000,0,0,0,0,729000,-729000,-729000
067633,致茂永豐01購02  ,0,0,0,0,0,0,0,0,0,-735000,0,0,0,0,735000,-735000,-735000
3698,隆達            ,861000,1025000,-164000,0,0,0,0,0,0,-573000,75000,601000,-526000,0,47000,-47000,-737000
067644,康舒統一01購01  ,0,0,0,0,0,0,0,0,0,-738000,0,0,0,297000,1035000,-738000,-738000
066432,南六元大01購02  ,0,0,0,0,0,0,0,0,0,-740000,0,0,0,179000,919000,-740000,-740000
2855,統一證          ,487042,1228000,-740958,0,0,0,0,0,0,0,0,0,0,0,0,0,-740958
065682,健策統一9C購07  ,0,0,0,0,0,0,0,0,0,-741000,0,0,0,386000,1127000,-741000,-741000
064160,新日興統一01購03,0,0,0,0,0,0,0,0,0,-743000,0,0,0,212000,955000,-743000,-743000
069752,欣興中信02購04  ,0,0,0,0,0,0,0,0,0,-745000,0,0,0,71000,816000,-745000,-745000
069861,南電永豐02購02  ,0,0,0,0,0,0,0,0,0,-749000,0,0,0,187000,936000,-749000,-749000
3712,永崴投控        ,816000,1574000,-758000,0,0,0,0,0,0,7000,8000,1000,7000,0,0,0,-751000
08849P,國巨群益01售07  ,0,0,0,0,0,0,0,0,0,-754000,0,0,0,40000,794000,-754000,-754000
069322,新日興兆豐03購01,0,0,0,0,0,0,0,0,0,-755000,0,0,0,81000,836000,-755000,-755000
067364,緯穎群益01購05  ,0,0,0,0,0,0,0,0,0,-755000,0,0,0,10000,765000,-755000,-755000
066294,嘉基元大01購01  ,0,0,0,0,0,0,0,0,0,-763000,0,0,0,30000,793000,-763000,-763000
067314,新日興元大01購02,0,0,0,0,0,0,0,0,0,-765000,0,0,0,0,765000,-765000,-765000
069778,彩晶元大02購02  ,0,0,0,0,0,0,0,0,0,-766000,0,0,0,42000,808000,-766000,-766000
08275P,南亞科元富9C售01,0,0,0,0,0,0,0,0,0,-769000,0,0,0,94000,863000,-769000,-769000
067007,拓凱永豐01購02  ,0,0,0,0,0,0,0,0,0,-769000,0,0,0,1000,770000,-769000,-769000
069007,可成兆豐03購01  ,0,0,0,0,0,0,0,0,0,-773000,0,0,0,1006000,1779000,-773000,-773000
05750P,臺股指群益99售04,0,0,0,0,0,0,0,0,0,-777000,0,0,0,0,777000,-777000,-777000
064521,群創群益02購01  ,0,0,0,0,0,0,0,0,0,-782000,0,0,0,5000,787000,-782000,-782000
067511,拓凱統一01購01  ,0,0,0,0,0,0,0,0,0,-786000,0,0,0,242000,1028000,-786000,-786000
3036,文曄            ,177000,1002000,-825000,0,0,0,0,0,0,37000,52000,13000,39000,4000,6000,-2000,-788000
07842P,力成元大9A售01  ,0,0,0,0,0,0,0,0,0,-789000,0,0,0,1000,790000,-789000,-789000
069491,欣興元大02購11  ,0,0,0,0,0,0,0,0,0,-789000,0,0,0,307000,1096000,-789000,-789000
066228,嘉基國泰02購01  ,0,0,0,0,0,0,0,0,0,-791000,0,0,0,25000,816000,-791000,-791000
2448,晶電            ,4997000,4303000,694000,0,0,0,0,140000,-140000,-1345000,3000,1484000,-1481000,136000,0,136000,-791000
063345,嘉晶統一9C購02  ,0,0,0,0,0,0,0,0,0,-793000,0,0,0,87000,880000,-793000,-793000
08150P,立積國票9C售01  ,0,0,0,0,0,0,0,0,0,-794000,0,0,0,117000,911000,-794000,-794000
08864P,欣興元大01售01  ,0,0,0,0,0,0,0,0,0,-795000,0,0,0,255000,1050000,-795000,-795000
08181P,華新科國泰9C售02,0,0,0,0,0,0,0,0,0,-802000,0,0,0,50000,852000,-802000,-802000
2905,三商            ,196000,1082000,-886000,0,0,0,0,0,0,84000,0,31000,-31000,115000,0,115000,-802000
069558,元大金日盛02購01,0,0,0,0,0,0,0,0,0,-804000,0,0,0,5000,809000,-804000,-804000
08360P,國巨國泰02售01  ,0,0,0,0,0,0,0,0,0,-807000,0,0,0,466000,1273000,-807000,-807000
08201P,祥碩元大9B售09  ,0,0,0,0,0,0,0,0,0,-811000,0,0,0,344000,1155000,-811000,-811000
067700,緯創國票02購01  ,0,0,0,0,0,0,0,0,0,-816000,0,0,0,970000,1786000,-816000,-816000
069413,奇鋐統一02購01  ,0,0,0,0,0,0,0,0,0,-818000,0,0,0,4000,822000,-818000,-818000
069267,欣興兆豐03購04  ,0,0,0,0,0,0,0,0,0,-821000,0,0,0,245000,1066000,-821000,-821000
5471,松翰            ,364000,1169000,-805000,0,0,0,0,0,0,-16000,1000,4000,-3000,18000,31000,-13000,-821000
2387,精元            ,3804000,2322000,1482000,0,0,0,0,1729000,-1729000,-582000,9000,601000,-592000,15000,5000,10000,-829000
068376,美律永豐01購01  ,0,0,0,0,0,0,0,0,0,-833000,0,0,0,36000,869000,-833000,-833000
07898P,國巨國泰9C售02  ,0,0,0,0,0,0,0,0,0,-833000,0,0,0,159000,992000,-833000,-833000
064580,統一永豐9C購01  ,0,0,0,0,0,0,0,0,0,-833000,0,0,0,0,833000,-833000,-833000
062428,超眾統一9B購01  ,0,0,0,0,0,0,0,0,0,-836000,0,0,0,12000,848000,-836000,-836000
3481,群創            ,21397000,24103419,-2706419,0,0,0,0,0,0,1864000,875000,230000,645000,2000000,781000,1219000,-842419
2601,益航            ,377000,1229000,-852000,0,0,0,0,0,0,-1000,0,1000,-1000,0,0,0,-853000
069170,正文元大02購01  ,0,0,0,0,0,0,0,0,0,-861000,0,0,0,812000,1673000,-861000,-861000
062653,正隆永豐9B購01  ,40000,0,40000,0,0,0,0,0,0,-907000,0,0,0,81000,988000,-907000,-867000
064870,中租永豐9C購01  ,0,0,0,0,0,0,0,0,0,-871000,0,0,0,56000,927000,-871000,-871000
2633,台灣高鐵        ,686000,1506000,-820000,0,0,0,0,0,0,-52000,59000,5000,54000,18000,124000,-106000,-872000
069137,光磊永豐02購01  ,0,0,0,0,0,0,0,0,0,-874000,0,0,0,0,874000,-874000,-874000
064917,元大金統一02購01,0,0,0,0,0,0,0,0,0,-891000,0,0,0,252000,1143000,-891000,-891000
8112,至上            ,44000,919000,-875000,0,0,0,0,1000,-1000,-20000,2000,22000,-20000,0,0,0,-896000
068015,臺指反國票01購02,0,0,0,0,0,0,0,0,0,-899000,0,0,0,0,899000,-899000,-899000
07706P,長榮航元大9A售03,0,0,0,0,0,0,0,0,0,-900000,0,0,0,0,900000,-900000,-900000
066722,臺指反元大04購04,0,0,0,0,0,0,0,0,0,-900000,0,0,0,0,900000,-900000,-900000
063439,正隆統一01購01  ,0,0,0,0,0,0,0,0,0,-903000,0,0,0,434000,1337000,-903000,-903000
064162,貿聯統一02購01  ,0,0,0,0,0,0,0,0,0,-912000,0,0,0,401000,1313000,-912000,-912000
2404,漢唐            ,166000,1049000,-883000,0,0,0,0,0,0,-38000,6000,26000,-20000,6000,24000,-18000,-921000
2481,強茂            ,3812000,4598000,-786000,0,0,0,776000,408000,368000,-510000,75000,326000,-251000,254000,513000,-259000,-928000
069138,佳世達永豐02購01,0,0,0,0,0,0,0,0,0,-929000,0,0,0,13000,942000,-929000,-929000
2478,大毅            ,225000,1011000,-786000,0,0,0,0,0,0,-144000,4000,33000,-29000,25000,140000,-115000,-930000
069905,欣興元大02購15  ,0,0,0,0,0,0,0,0,0,-937000,0,0,0,106000,1043000,-937000,-937000
066133,京元電群益01購01,0,0,0,0,0,0,0,0,0,-940000,0,0,0,19000,959000,-940000,-940000
064835,嘉晶統一02購01  ,0,0,0,0,0,0,0,0,0,-945000,0,0,0,325000,1270000,-945000,-945000
067867,冠德元大01購01  ,0,40000,-40000,0,0,0,0,0,0,-908000,0,0,0,825000,1733000,-908000,-948000
4977,眾達-KY         ,451000,374000,77000,0,0,0,2000,1033000,-1031000,0,0,0,0,19000,19000,0,-954000
07856P,力成凱基9A售02  ,0,0,0,0,0,0,0,0,0,-966000,0,0,0,2000,968000,-966000,-966000
3450,聯鈞            ,220000,927000,-707000,0,0,0,0,34000,-34000,-228000,5000,0,5000,6000,239000,-233000,-969000
08911P,力成凱基01售01  ,0,0,0,0,0,0,0,0,0,-971000,0,0,0,0,971000,-971000,-971000
067682,上緯控元大01購02,0,0,0,0,0,0,0,0,0,-972000,0,0,0,698000,1670000,-972000,-972000
068340,緯穎元大03購01  ,0,0,0,0,0,0,0,0,0,-976000,0,0,0,11000,987000,-976000,-976000
020019,統一特選台灣5GN ,0,0,0,0,0,0,0,0,0,-988000,0,0,0,691000,1679000,-988000,-988000
050077,臺股指凱基99購02,0,0,0,0,0,0,0,0,0,-991000,0,0,0,87000,1078000,-991000,-991000
1504,東元            ,1040000,1078000,-38000,0,0,0,0,0,0,-959000,15000,53000,-38000,5000,926000,-921000,-997000
1301,台塑            ,1354594,2406000,-1051406,0,0,0,6849,0,6849,37000,133000,35000,98000,0,61000,-61000,-1007557
9914,美利達          ,424000,1406000,-982000,0,0,0,31000,45000,-14000,-18000,61000,36000,25000,3000,46000,-43000,-1014000
068130,美律統一03購02  ,0,0,0,0,0,0,0,0,0,-1015000,0,0,0,151000,1166000,-1015000,-1015000
08466P,旺宏統一9C售03  ,0,0,0,0,0,0,0,0,0,-1025000,0,0,0,78000,1103000,-1025000,-1025000
066009,創意統一02購02  ,0,0,0,0,0,0,0,0,0,-1028000,0,0,0,122000,1150000,-1028000,-1028000
064721,國泰金統一02購01,0,0,0,0,0,0,0,0,0,-1032000,0,0,0,5000,1037000,-1032000,-1032000
068921,奇鋐元富08購01  ,0,0,0,0,0,0,0,0,0,-1033000,0,0,0,453000,1486000,-1033000,-1033000
069634,欣興元富08購02  ,0,0,0,0,0,0,0,0,0,-1034000,0,0,0,463000,1497000,-1034000,-1034000
03194P,國巨元富07售14  ,0,0,0,0,0,0,0,0,0,-1043000,0,0,0,7000,1050000,-1043000,-1043000
03299P,華通元富02售04  ,0,0,0,0,0,0,0,0,0,-1046000,0,0,0,95000,1141000,-1046000,-1046000
2355,敬鵬            ,64000,1059000,-995000,0,0,0,0,0,0,-60000,11000,71000,-60000,0,0,0,-1055000
3682,亞太電          ,966000,2025000,-1059000,0,0,0,0,0,0,3000,3000,0,3000,0,0,0,-1056000
2402,毅嘉            ,135000,1200000,-1065000,0,0,0,0,0,0,8000,8000,0,8000,0,0,0,-1057000
069453,南電統一02購02  ,0,0,0,0,0,0,0,0,0,-1067000,0,0,0,1048000,2115000,-1067000,-1067000
064159,新日興統一01購02,0,0,0,0,0,0,0,0,0,-1068000,0,0,0,20000,1088000,-1068000,-1068000
2841,台開            ,802000,1882000,-1080000,0,0,0,0,0,0,1000,2000,1000,1000,0,0,0,-1079000
8163,達方            ,899000,1726000,-827000,0,0,0,0,0,0,-256000,27000,26000,1000,1000,258000,-257000,-1083000
1303,南亞            ,1992000,2905000,-913000,0,0,0,7093,268000,-260907,89000,117000,1000,116000,0,27000,-27000,-1084907
066303,泰山永豐01購01  ,0,0,0,0,0,0,0,0,0,-1086000,0,0,0,34000,1120000,-1086000,-1086000
066969,可成元富07購01  ,0,0,0,0,0,0,0,0,0,-1089000,0,0,0,96000,1185000,-1089000,-1089000
069252,欣興凱基02購06  ,0,0,0,0,0,0,0,0,0,-1091000,0,0,0,305000,1396000,-1091000,-1091000
2328,廣宇            ,180000,1000000,-820000,0,0,0,0,0,0,-275000,2000,277000,-275000,0,0,0,-1095000
03191P,國巨國泰03售02  ,0,0,0,0,0,0,0,0,0,-1116000,0,0,0,634000,1750000,-1116000,-1116000
08955P,台灣50凱基04售09,0,0,0,0,0,0,0,0,0,-1120000,0,0,0,80000,1200000,-1120000,-1120000
060309,佳世達永豐9A購01,0,0,0,0,0,0,0,0,0,-1121000,0,0,0,33000,1154000,-1121000,-1121000
2498,宏達電          ,490350,1422000,-931650,0,0,0,0,0,0,-196000,15000,75000,-60000,3000,139000,-136000,-1127650
068833,大立光國泰04購01,0,0,0,0,0,0,0,0,0,-1133000,0,0,0,357000,1490000,-1133000,-1133000
08584P,立積群益9C售02  ,0,0,0,0,0,0,0,0,0,-1158000,0,0,0,325000,1483000,-1158000,-1158000
065704,華新科群益9C購05,0,0,0,0,0,0,0,0,0,-1166000,0,0,0,5000,1171000,-1166000,-1166000
08615P,同欣電統一9C售02,0,0,0,0,0,0,0,0,0,-1176000,0,0,0,0,1176000,-1176000,-1176000
03010P,國巨國泰03售01  ,0,0,0,0,0,0,0,0,0,-1176000,0,0,0,216000,1392000,-1176000,-1176000
3048,益登            ,197000,1361000,-1164000,0,0,0,0,0,0,-12000,1000,13000,-12000,0,0,0,-1176000
064051,新日興統一01購01,0,0,0,0,0,0,0,0,0,-1179000,0,0,0,0,1179000,-1179000,-1179000
063670,美食統一9C購01  ,0,0,0,0,0,0,0,0,0,-1181000,0,0,0,7000,1188000,-1181000,-1181000
08865P,欣興元大01售02  ,0,0,0,0,0,0,0,0,0,-1213000,0,0,0,102000,1315000,-1213000,-1213000
066236,潤泰全富邦01購01,0,0,0,0,0,0,0,0,0,-1221000,0,0,0,601000,1822000,-1221000,-1221000
068900,上緯控元大02購01,0,0,0,0,0,0,0,0,0,-1256000,0,0,0,374000,1630000,-1256000,-1256000
2324,仁寶            ,7604000,8713545,-1109545,0,0,0,0,15000,-15000,-136000,9000,157000,-148000,99000,87000,12000,-1260545
2845,遠東銀          ,937611,2252000,-1314389,0,0,0,0,0,0,11000,11000,0,11000,0,0,0,-1303389
1605,華新            ,3885000,4779000,-894000,0,0,0,0,0,0,-436000,95000,71000,24000,85000,545000,-460000,-1330000
068048,美律統一03購01  ,0,0,0,0,0,0,0,0,0,-1380000,0,0,0,487000,1867000,-1380000,-1380000
1589,永冠-KY         ,380000,1871050,-1491050,0,0,0,50000,0,50000,61000,139000,78000,61000,0,0,0,-1380050
6271,同欣電          ,819000,1641000,-822000,0,0,0,0,25000,-25000,-536000,161000,578000,-417000,19000,138000,-119000,-1383000
8103,瀚荃            ,696000,2253000,-1557000,0,0,0,0,0,0,152000,153000,1000,152000,0,0,0,-1405000
00708L,元大S&P黃金正2  ,31000,29000,2000,0,0,0,0,0,0,-1449000,0,0,0,1749000,3198000,-1449000,-1447000
5876,上海商銀        ,1609989,3089000,-1479011,0,0,0,4357,0,4357,20000,0,1000,-1000,21000,0,21000,-1454654
066542,臺指反元大04購02,0,0,0,0,0,0,0,0,0,-1459000,0,0,0,0,1459000,-1459000,-1459000
2880,華南金          ,7764618,9333365,-1568747,0,0,0,0,37000,-37000,143000,228000,85000,143000,0,0,0,-1462747
4968,立積            ,1947000,2342000,-395000,0,0,0,6000,645000,-639000,-456000,77000,470000,-393000,70000,133000,-63000,-1490000
065940,立積群益02購01  ,0,0,0,0,0,0,0,0,0,-1496000,0,0,0,378000,1874000,-1496000,-1496000
064601,嘉晶元富9C購03  ,0,0,0,0,0,0,0,0,0,-1509000,0,0,0,100000,1609000,-1509000,-1509000
00715L,街口布蘭特油正2 ,0,0,0,0,0,0,0,0,0,-1547000,0,0,0,0,1547000,-1547000,-1547000
3576,聯合再生        ,3718000,5277000,-1559000,0,0,0,0,0,0,3000,3000,0,3000,0,0,0,-1556000
03201P,台灣50凱基04售13,0,0,0,0,0,0,0,0,0,-1600000,0,0,0,0,1600000,-1600000,-1600000
2329,華泰            ,93000,1717000,-1624000,0,0,0,0,0,0,21000,21000,0,21000,0,0,0,-1603000
066840,臺指反元大04購05,0,0,0,0,0,0,0,0,0,-1604000,0,0,0,0,1604000,-1604000,-1604000
2330,台積電          ,18282979,19941939,-1658960,0,0,0,112418,12000,100418,-57000,220000,378000,-158000,401000,300000,101000,-1615542
1609,大亞            ,4335000,5991000,-1656000,0,0,0,0,0,0,33000,33000,0,33000,0,0,0,-1623000
054040,中石化元大9C購01,0,0,0,0,0,0,0,0,0,-1629000,0,0,0,441000,2070000,-1629000,-1629000
064450,致茂統一01購01  ,0,0,0,0,0,0,0,0,0,-1634000,0,0,0,0,1634000,-1634000,-1634000
6251,定穎            ,1724000,3049000,-1325000,0,0,0,0,0,0,-314000,96000,410000,-314000,0,0,0,-1639000
068183,彩晶群益03購02  ,0,0,0,0,0,0,0,0,0,-1646000,0,0,0,347000,1993000,-1646000,-1646000
2002,中鋼            ,3099000,5113000,-2014000,0,0,0,0,47000,-47000,401000,420000,19000,401000,0,0,0,-1660000
065021,貿聯富邦03購01  ,0,0,0,0,0,0,0,0,0,-1691000,0,0,0,1158000,2849000,-1691000,-1691000
2201,裕隆            ,1627000,3652000,-2025000,0,0,0,0,0,0,288000,592000,423000,169000,162000,43000,119000,-1737000
2618,長榮航          ,3700000,5761000,-2061000,0,0,0,0,12000,-12000,333000,545000,166000,379000,221000,267000,-46000,-1740000
6239,力成            ,2114000,3564000,-1450000,0,0,0,0,0,0,-292000,13000,183000,-170000,34000,156000,-122000,-1742000
2401,凌陽            ,859000,2346000,-1487000,0,0,0,0,0,0,-262000,8000,270000,-262000,0,0,0,-1749000
3042,晶技            ,631000,2037000,-1406000,0,0,0,18000,190000,-172000,-187000,92000,182000,-90000,7000,104000,-97000,-1765000
07837P,華邦電元大9A售01,0,0,0,0,0,0,0,0,0,-1835000,0,0,0,125000,1960000,-1835000,-1835000
2363,矽統            ,1211000,3138000,-1927000,0,0,0,0,0,0,25000,25000,0,25000,0,0,0,-1902000
067683,上緯控元大01購03,0,0,0,0,0,0,0,0,0,-1918000,0,0,0,1509000,3427000,-1918000,-1918000
069693,欣興統一02購04  ,0,0,0,0,0,0,0,0,0,-1948000,0,0,0,970000,2918000,-1948000,-1948000
068182,群創群益04購01  ,0,0,0,0,0,0,0,0,0,-1983000,0,0,0,73000,2056000,-1983000,-1983000
3545,敦泰            ,341000,2286750,-1945750,0,0,0,0,0,0,-54000,5000,0,5000,5000,64000,-59000,-1999750
8070,長華*           ,680000,2738000,-2058000,0,0,0,0,0,0,0,0,0,0,0,0,0,-2058000
2313,華通            ,6816000,6530000,286000,0,0,0,0,599000,-599000,-1755000,171000,957000,-786000,83000,1052000,-969000,-2068000
00655L,國泰中國A50正2  ,147000,147000,0,0,0,0,0,0,0,-2093000,0,0,0,636000,2729000,-2093000,-2093000
03322P,景碩凱基02售02  ,0,0,0,0,0,0,0,0,0,-2143000,0,0,0,1206000,3349000,-2143000,-2143000
6153,嘉聯益          ,590000,2482000,-1892000,0,0,0,0,0,0,-296000,47000,272000,-225000,66000,137000,-71000,-2188000
6257,矽格            ,1538000,1566000,-28000,0,0,0,0,2399000,-2399000,102000,88000,171000,-83000,189000,4000,185000,-2325000
3706,神達            ,374000,1910862,-1536862,0,0,0,0,0,0,-830000,1000,739000,-738000,3000,95000,-92000,-2366862
2890,永豐金          ,4123104,6451000,-2327896,0,0,0,0,41000,-41000,-53000,20000,73000,-53000,0,0,0,-2421896
2474,可成            ,8849000,11683976,-2834976,0,0,0,129919,0,129919,250000,264000,58000,206000,190000,146000,44000,-2455057
3029,零壹            ,489000,2976000,-2487000,0,0,0,0,0,0,-6000,1000,7000,-6000,0,0,0,-2493000
08467P,長榮航統一9C售01,0,0,0,0,0,0,0,0,0,-2505000,0,0,0,0,2505000,-2505000,-2505000
2027,大成鋼          ,430000,2849000,-2419000,0,0,0,0,0,0,-118000,53000,30000,23000,62000,203000,-141000,-2537000
8150,南茂            ,340000,2798000,-2458000,0,0,0,0,0,0,-154000,5000,1000,4000,15000,173000,-158000,-2612000
068811,臺指反元大05購02,0,0,0,0,0,0,0,0,0,-2681000,0,0,0,384000,3065000,-2681000,-2681000
2312,金寶            ,225000,3037000,-2812000,0,0,0,0,0,0,47000,11000,8000,3000,93000,49000,44000,-2765000
3189,景碩            ,2863150,5481000,-2617850,0,0,0,196000,38000,158000,-315000,111000,285000,-174000,147000,288000,-141000,-2774850
00671R,富邦NASDAQ反1   ,0,30000,-30000,0,0,0,0,0,0,-2806000,0,0,0,39000,2845000,-2806000,-2836000
5469,瀚宇博          ,2647000,4980000,-2333000,0,0,0,30000,0,30000,-644000,791000,1037000,-246000,64000,462000,-398000,-2947000
6285,啟碁            ,284000,3414480,-3130480,0,0,0,152000,0,152000,7000,60000,48000,12000,3000,8000,-5000,-2971480
3704,合勤控          ,2477000,5612000,-3135000,0,0,0,0,0,0,20000,8000,4000,4000,26000,10000,16000,-3115000
2883,開發金          ,14701971,17901000,-3199029,0,0,0,0,53000,-53000,31000,46000,75000,-29000,60000,0,60000,-3221029
6176,瑞儀            ,655000,3600000,-2945000,0,0,0,0,5000,-5000,-345000,3000,393000,-390000,76000,31000,45000,-3295000
6282,康舒            ,1599000,5246000,-3647000,0,0,0,0,0,0,347000,73000,108000,-35000,471000,89000,382000,-3300000
5880,合庫金          ,3851278,7142000,-3290722,0,0,0,0,36000,-36000,-15000,11000,2000,9000,0,24000,-24000,-3341722
00633L,富邦上証正2     ,1685000,3108000,-1423000,0,0,0,0,0,0,-1997100,0,45000,-45000,2018000,3970100,-1952100,-3420100
2356,英業達          ,5719000,7566475,-1847475,0,0,0,0,1300000,-1300000,-399000,1000,381000,-380000,162000,181000,-19000,-3546475
2327,國巨            ,1877730,4495000,-2617270,0,0,0,502,55000,-54498,-943000,60000,271000,-211000,39000,771000,-732000,-3614768
2492,華新科          ,1118100,4515000,-3396900,0,0,0,0,0,0,-227000,52000,100000,-48000,59000,238000,-179000,-3623900
068536,聯發科中信04購02,0,0,0,0,0,0,0,0,0,-4120000,0,0,0,11000,4131000,-4120000,-4120000
2337,旺宏            ,1634000,5014000,-3380000,0,0,0,0,3000,-3000,-833000,233000,175000,58000,190000,1081000,-891000,-4216000
069798,欣興凱基02購11  ,0,0,0,0,0,0,0,0,0,-4245000,0,0,0,100000,4345000,-4245000,-4245000
1216,統一            ,3446431,7755600,-4309169,0,0,0,6187,18000,-11813,65000,4000,0,4000,76000,15000,61000,-4255982
2823,中壽            ,2793551,7018000,-4224449,0,0,0,0,0,0,-327000,3000,591000,-588000,363000,102000,261000,-4551449
2376,技嘉            ,2929000,8452000,-5523000,0,0,0,1337000,0,1337000,-525000,440000,527000,-87000,41000,479000,-438000,-4711000
2332,友訊            ,1557000,6285000,-4728000,0,0,0,0,0,0,-93000,11000,184000,-173000,191000,111000,80000,-4821000
2886,兆豐金          ,6379738,10793000,-4413262,0,0,0,13926,521000,-507074,14000,1000,15000,-14000,56000,28000,28000,-4906336
2371,大同            ,375000,3270105,-2895105,0,0,0,0,0,0,-2061000,0,2061000,-2061000,0,0,0,-4956105
3006,晶豪科          ,590000,4921000,-4331000,0,0,0,0,1000,-1000,-726000,56000,141000,-85000,0,641000,-641000,-5058000
00693U,街口S&P黃豆     ,10000,337000,-327000,0,0,0,0,0,0,-5612000,0,0,0,519000,6131000,-5612000,-5939000
3711,日月光投控      ,5643200,10517900,-4874700,0,0,0,0,80000,-80000,-1770000,76000,1407000,-1331000,31000,470000,-439000,-6724700
2610,華航            ,2240000,9176000,-6936000,0,0,0,0,0,0,54000,0,56000,-56000,140000,30000,110000,-6882000
9904,寶成            ,2564000,9678600,-7114600,0,0,0,0,10000,-10000,-573000,31000,556000,-525000,58000,106000,-48000,-7697600
2408,南亞科          ,8069000,17200000,-9131000,0,0,0,1501474,5000,1496474,-1070000,122000,333000,-211000,27000,886000,-859000,-8704526
00637L,元大滬深300正2  ,7633000,18801000,-11168000,0,0,0,0,0,0,2333000,100000,132000,-32000,15097000,12732000,2365000,-8835000
2891,中信金          ,9012903,16496000,-7483097,0,0,0,24766,2573000,-2548234,-274000,0,247000,-247000,0,27000,-27000,-10305331
2449,京元電子        ,2877000,13188000,-10311000,0,0,0,0,300000,-300000,-511000,35000,62000,-27000,83000,567000,-484000,-11122000
1314,中石化          ,2064000,13880000,-11816000,0,0,0,0,0,0,238000,106000,57000,49000,269000,80000,189000,-11578000
2888,新光金          ,4975432,15902023,-10926591,0,0,0,0,0,0,-762000,0,827000,-827000,299000,234000,65000,-11688591
3231,緯創            ,8302000,19271195,-10969195,0,0,0,0,1000,-1000,-1162000,2000,783000,-781000,63000,444000,-381000,-12132195
2303,聯電            ,35088000,46009785,-10921785,0,0,0,1002000,0,1002000,-2859000,1280000,1889000,-609000,167000,2417000,-2250000,-12778785
00878,國泰永續高股息  ,2000,2000,0,0,0,0,0,0,0,-12901000,0,0,0,538000,13439000,-12901000,-12901000
9945,潤泰新          ,5508000,6443000,-935000,0,0,0,0,0,0,-13085000,31000,8915000,-8884000,374000,4575000,-4201000,-14020000
2344,華邦電          ,9418000,46892000,-37474000,0,0,0,0,0,0,-615000,294000,281000,13000,263000,891000,-628000,-38089000
