證券代號,證券名稱,外陸資買進股數(不含外資自營商),外陸資賣出股數(不含外資自營商),外陸資買賣超股數(不含外資自營商),外資自營商買進股數,外資自營商賣出股數,外資自營商買賣超股數,投信買進股數,投信賣出股數,投信買賣超股數,自營商買賣超股數,自營商買進股數(自行買賣),自營商賣出股數(自行買賣),自營商買賣超股數(自行買賣),自營商買進股數(避險),自營商賣出股數(避險),自營商買賣超股數(避險),三大法人買賣超股數
00852L,國泰美國道瓊正2 ,2086000,129000,1957000,0,0,0,0,0,0,24894000,0,0,0,25551000,657000,24894000,26851000
2610,華航            ,16742100,5120000,11622100,0,0,0,7075000,0,7075000,549000,18000,0,18000,531000,0,531000,19246100
2891,中信金          ,28935000,16230047,12704953,0,0,0,0,0,0,285000,283000,3000,280000,52000,47000,5000,12989953
3231,緯創            ,13735000,2818568,10916432,0,0,0,0,77000,-77000,224000,160000,22000,138000,184000,98000,86000,11063432
2454,聯發科          ,16564768,6682985,9881783,0,0,0,841000,41000,800000,-21000,192000,193000,-1000,123000,143000,-20000,10660783
2888,新光金          ,19137887,8197919,10939968,0,0,0,0,41614,-41614,-438000,151000,590000,-439000,141000,140000,1000,10460354
3481,群創            ,19395000,11040385,8354615,0,0,0,0,0,0,1876000,1325000,22000,1303000,709000,136000,573000,10230615
2886,兆豐金          ,17365215,8292792,9072423,0,0,0,81000,0,81000,83000,91000,10000,81000,2000,0,2000,9236423
2382,廣達            ,12024388,4359984,7664404,0,0,0,521000,4000,517000,170000,447000,351000,96000,94000,20000,74000,8351404
3037,欣興            ,32874000,17864370,15009630,0,0,0,292000,8578000,-8286000,830000,2011000,1380000,631000,507000,308000,199000,7553630
2892,第一金          ,12401374,5426672,6974702,0,0,0,0,0,0,67000,26000,11000,15000,54000,2000,52000,7041702
2409,友達            ,43663977,38503589,5160388,0,0,0,0,0,0,1721000,601000,86000,515000,1423000,217000,1206000,6881388
2201,裕隆            ,4902000,1535237,3366763,0,0,0,3079000,0,3079000,-27000,55000,124000,-69000,147000,105000,42000,6418763
2887,台新金          ,13074000,6949323,6124677,0,0,0,0,0,0,31000,23000,2000,21000,16000,6000,10000,6155677
1314,中石化          ,9226000,4198000,5028000,0,0,0,0,0,0,954000,125000,68000,57000,1065000,168000,897000,5982000
00637L,元大滬深300正2  ,5505000,1081000,4424000,0,0,0,0,0,0,1549000,0,0,0,20618000,19069000,1549000,5973000
1101,台泥            ,9179373,4817202,4362171,0,0,0,893000,0,893000,675000,543000,2000,541000,209000,75000,134000,5930171
2368,金像電          ,9003000,4237370,4765630,0,0,0,729000,130000,599000,-723000,517000,1370000,-853000,165000,35000,130000,4641630
2881,富邦金          ,12644882,8600350,4044532,0,0,0,71000,0,71000,185000,22000,4000,18000,221000,54000,167000,4300532
2882,國泰金          ,10156163,6118088,4038075,0,0,0,0,0,0,145000,0,15000,-15000,160000,0,160000,4183075
07478P,南電康和9A售02  ,0,0,0,0,0,0,0,0,0,4152000,0,0,0,4648000,496000,4152000,4152000
2890,永豐金          ,12792000,8907045,3884955,0,0,0,60000,0,60000,91000,75000,37000,38000,55000,2000,53000,4035955
2347,聯強            ,4580000,1700271,2879729,0,0,0,709000,0,709000,211000,255000,44000,211000,0,0,0,3799729
2880,華南金          ,6052518,2591039,3461479,0,0,0,0,0,0,192000,172000,0,172000,20000,0,20000,3653479
6278,台表科          ,3889000,1609000,2280000,0,0,0,466000,0,466000,725000,476000,168000,308000,554000,137000,417000,3471000
051277,聯發科中信9A購01,0,0,0,0,0,0,0,0,0,3427000,0,0,0,3427000,0,3427000,3427000
00632R,元大台灣50反1   ,2743000,528000,2215000,0,0,0,0,0,0,1129393,1070000,6299000,-5229000,17810393,11452000,6358393,3344393
4142,國光生          ,10690000,7631000,3059000,0,0,0,250000,0,250000,5000,5000,0,5000,0,0,0,3314000
5880,合庫金          ,7032319,3841047,3191272,0,0,0,0,0,0,94000,10000,0,10000,86000,2000,84000,3285272
1909,榮成            ,5869000,2724000,3145000,0,0,0,0,0,0,-52000,28000,80000,-52000,0,0,0,3093000
2301,光寶科          ,5374777,3755884,1618893,0,0,0,1037000,0,1037000,302000,239000,7000,232000,70000,0,70000,2957893
2377,微星            ,3169970,1271729,1898241,0,0,0,725000,0,725000,254000,227000,108000,119000,166000,31000,135000,2877241
00830,國泰費城半導體  ,2035000,11000,2024000,0,0,0,0,0,0,830000,116000,0,116000,1029000,315000,714000,2854000
6505,台塑化          ,4987000,3539794,1447206,0,0,0,1219000,0,1219000,25000,47000,22000,25000,0,0,0,2691206
00631L,元大台灣50正2   ,518000,514000,4000,0,0,0,0,0,0,2530000,0,0,0,3885000,1355000,2530000,2534000
059825,嘉晶凱基99購02  ,0,0,0,0,0,0,0,0,0,2483000,0,0,0,2503000,20000,2483000,2483000
1718,中纖            ,2811000,364000,2447000,0,0,0,0,0,0,28000,36000,8000,28000,0,0,0,2475000
00670L,富邦NASDAQ正2   ,454000,7000,447000,0,0,0,0,0,0,2019000,112000,30000,82000,2123000,186000,1937000,2466000
1312,國喬            ,4329000,2590000,1739000,0,0,0,0,0,0,667000,542000,0,542000,125000,0,125000,2406000
00861,元大全球未來通訊,622000,3000,619000,0,0,0,0,0,0,1767000,72000,0,72000,1858000,163000,1695000,2386000
2633,台灣高鐵        ,3609000,2774000,835000,0,0,0,1395000,0,1395000,78000,72000,10000,62000,133000,117000,16000,2308000
00640L,富邦日本正2     ,321000,0,321000,0,0,0,0,0,0,1913000,0,0,0,2351000,438000,1913000,2234000
060848,聯茂國票9A購02  ,0,0,0,0,0,0,0,0,0,2175000,0,0,0,2188000,13000,2175000,2175000
2834,臺企銀          ,4785802,1468592,3317210,0,0,0,0,1295850,-1295850,149000,99000,2000,97000,54000,2000,52000,2170360
2421,建準            ,2768000,851000,1917000,0,0,0,421000,0,421000,-227000,26000,0,26000,332000,585000,-253000,2111000
2308,台達電          ,4251879,2360143,1891736,0,0,0,53000,0,53000,103000,108000,24000,84000,33000,14000,19000,2047736
00676R,富邦臺灣加權反1 ,171000,0,171000,0,0,0,0,0,0,1822000,0,0,0,2534000,712000,1822000,1993000
048754,瀚宇博元富97購01,0,0,0,0,0,0,0,0,0,1992000,0,0,0,1992000,0,1992000,1992000
00647L,元大S&P500正2   ,8000,11000,-3000,0,0,0,0,0,0,1991000,0,30000,-30000,2220000,199000,2021000,1988000
2002,中鋼            ,8069622,6296310,1773312,0,0,0,0,0,0,99000,39000,0,39000,60000,0,60000,1872312
061283,智邦統一9A購01  ,0,0,0,0,0,0,0,0,0,1866000,0,0,0,2484000,618000,1866000,1866000
1904,正隆            ,2015000,1764000,251000,0,0,0,1551000,0,1551000,-43000,73000,100000,-27000,267000,283000,-16000,1759000
1477,聚陽            ,1654000,490000,1164000,0,0,0,504000,0,504000,50000,48000,34000,14000,39000,3000,36000,1718000
2356,英業達          ,4379000,2413090,1965910,0,0,0,22000,0,22000,-285000,61000,36000,25000,33000,343000,-310000,1702910
2867,三商壽          ,2073000,415000,1658000,0,0,0,0,0,0,10000,10000,0,10000,0,0,0,1668000
1210,大成            ,1704850,704500,1000350,0,0,0,650000,18000,632000,-38000,0,38000,-38000,0,0,0,1594350
00752,中信中國50      ,6000,6000,0,0,0,0,0,0,0,1566000,0,0,0,2305000,739000,1566000,1566000
046793,聯發科元富99購01,0,0,0,0,0,0,0,0,0,1564000,0,0,0,1564000,0,1564000,1564000
2884,玉山金          ,54733609,53175929,1557680,0,0,0,0,0,0,-2000,19000,121000,-102000,100000,0,100000,1555680
2357,華碩            ,2902494,1429112,1473382,0,0,0,7000,0,7000,62000,70000,8000,62000,0,0,0,1542382
3673,TPK-KY          ,1738000,365000,1373000,0,0,0,0,0,0,148000,50000,4000,46000,126000,24000,102000,1521000
00646,元大S&P500      ,323000,1000,322000,0,0,0,0,0,0,1143000,11000,0,11000,1211000,79000,1132000,1465000
052986,聯發科元大97購05,0,0,0,0,0,0,0,0,0,1461000,0,0,0,1657000,196000,1461000,1461000
07279P,台灣50台新99售02,0,0,0,0,0,0,0,0,0,1452000,0,0,0,1567000,115000,1452000,1452000
058327,大毅統一9B購01  ,0,0,0,0,0,0,0,0,0,1365000,0,0,0,1613000,248000,1365000,1365000
1326,台化            ,4159535,2938595,1220940,0,0,0,26000,0,26000,84000,84000,0,84000,0,0,0,1330940
6282,康舒            ,1589000,317000,1272000,0,0,0,0,0,0,46000,44000,2000,42000,7000,3000,4000,1318000
2515,中工            ,1633000,451000,1182000,0,0,0,0,0,0,114000,104000,4000,100000,21000,7000,14000,1296000
044346,力山富邦95購01  ,0,0,0,0,0,0,0,0,0,1286000,0,0,0,1286000,0,1286000,1286000
2883,開發金          ,13501000,12222274,1278726,0,0,0,0,0,0,-35000,29000,4000,25000,161000,221000,-60000,1243726
2323,中環            ,3400000,2767000,633000,0,0,0,0,2000,-2000,606000,1059000,98000,961000,49000,404000,-355000,1237000
061031,神隆永豐9A購02  ,0,0,0,0,0,0,0,0,0,1206000,0,0,0,1216000,10000,1206000,1206000
2448,晶電            ,2606000,2260000,346000,0,0,0,638000,0,638000,220000,255000,48000,207000,33000,20000,13000,1204000
1303,南亞            ,4364054,3286751,1077303,0,0,0,62000,0,62000,59000,60000,1000,59000,0,0,0,1198303
00712,FH富時不動產    ,1100000,0,1100000,0,0,0,0,0,0,94000,0,0,0,418000,324000,94000,1194000
2504,國產            ,630000,1066000,-436000,0,0,0,0,0,0,1624000,1708000,0,1708000,282000,366000,-84000,1188000
061411,T50反1群益9A購05,0,0,0,0,0,0,0,0,0,1171000,0,0,0,1200000,29000,1171000,1171000
062153,智邦麥證9B購01  ,0,0,0,1312000,144000,1168000,0,0,0,1168000,0,0,0,1312000,144000,1168000,1168000
9938,百和            ,1067000,172000,895000,0,0,0,256000,164000,92000,181000,72000,11000,61000,153000,33000,120000,1168000
061659,信邦永豐9A購01  ,0,0,0,0,0,0,0,0,0,1166000,0,0,0,1196000,30000,1166000,1166000
045053,聯發科元富98購01,0,0,0,0,0,0,0,0,0,1165000,0,0,0,1539000,374000,1165000,1165000
061720,智邦國泰9C購01  ,5000,0,5000,0,0,0,0,0,0,1158000,0,0,0,1649000,491000,1158000,1163000
4927,泰鼎-KY         ,1561000,1205000,356000,0,0,0,205000,0,205000,597000,183000,43000,140000,487000,30000,457000,1158000
058035,旭富永豐98購02  ,0,0,0,0,0,0,0,0,0,1120000,0,0,0,1180000,60000,1120000,1120000
056664,上証反中信9B購01,0,0,0,0,0,0,0,0,0,1075000,0,0,0,1075000,0,1075000,1075000
2542,興富發          ,2191000,1122058,1068942,0,0,0,5000,0,5000,-28000,26000,31000,-5000,0,23000,-23000,1045942
06852P,臺股指元大98售11,0,0,0,0,0,0,0,0,0,1020000,0,0,0,1637000,617000,1020000,1020000
00664R,國泰臺灣加權反1 ,0,0,0,0,0,0,0,0,0,1008000,0,0,0,2139000,1131000,1008000,1008000
04788P,台積電永昌96售05,0,0,0,0,0,0,0,0,0,1007000,0,0,0,1007000,0,1007000,1007000
060666,聯茂凱基9A購02  ,0,0,0,0,0,0,0,0,0,1002000,0,0,0,1212000,210000,1002000,1002000
061612,南六統一9A購01  ,0,0,0,0,0,0,0,0,0,999000,0,0,0,1208000,209000,999000,999000
057804,為升元大98購01  ,0,0,0,0,0,0,0,0,0,996000,0,0,0,1730000,734000,996000,996000
2355,敬鵬            ,1980000,1046100,933900,0,0,0,0,0,0,58000,15000,2000,13000,45000,0,45000,991900
053971,聯發科元大97購09,0,0,0,0,0,0,0,0,0,956000,0,0,0,956000,0,956000,956000
020012,富邦行動通訊N   ,0,0,0,0,0,0,0,0,0,954000,0,0,0,964000,10000,954000,954000
00633L,富邦上証正2     ,1229000,123000,1106000,0,0,0,0,0,0,-154000,0,0,0,2536000,2690000,-154000,952000
058925,旭富元富99購02  ,0,0,0,0,0,0,0,0,0,949000,0,0,0,954000,5000,949000,949000
8996,高力            ,1642000,952000,690000,0,0,0,107000,0,107000,150000,162000,12000,150000,0,0,0,947000
2489,瑞軒            ,965000,103000,862000,0,0,0,0,0,0,42000,42000,0,42000,0,0,0,904000
062069,喬山元大9B購01  ,0,0,0,0,0,0,0,0,0,903000,0,0,0,1043000,140000,903000,903000
1513,中興電          ,1008000,255000,753000,0,0,0,0,0,0,148000,75000,100000,-25000,206000,33000,173000,901000
056638,臺股指日盛98購01,0,0,0,0,0,0,0,0,0,900000,0,0,0,1380000,480000,900000,900000
061372,世紀鋼國泰9C購01,0,0,0,0,0,0,0,0,0,895000,0,0,0,1166000,271000,895000,895000
054533,泰碩國泰98購01  ,0,0,0,0,0,0,0,0,0,879000,0,0,0,1018000,139000,879000,879000
047962,T50反1中信96購02,0,0,0,0,0,0,0,0,0,877000,0,0,0,4070000,3193000,877000,877000
061613,南六統一9C購01  ,0,0,0,0,0,0,0,0,0,874000,0,0,0,931000,57000,874000,874000
2103,台橡            ,1568000,715000,853000,0,0,0,0,0,0,8000,8000,0,8000,0,0,0,861000
062126,創意統一9B購01  ,0,0,0,0,0,0,0,0,0,853000,0,0,0,1257000,404000,853000,853000
058146,勤誠元大99購01  ,0,0,0,0,0,0,0,0,0,838000,0,0,0,949000,111000,838000,838000
1605,華新            ,2429000,1630418,798582,0,0,0,21000,0,21000,13000,13000,0,13000,0,0,0,832582
2352,佳世達          ,1523000,800000,723000,0,0,0,9000,0,9000,100000,76000,5000,71000,39000,10000,29000,832000
058134,信邦元大99購01  ,0,0,0,0,0,0,0,0,0,830000,0,0,0,840000,10000,830000,830000
061808,聯發科統一01購02,0,0,0,0,0,0,0,0,0,826000,0,0,0,1137000,311000,826000,826000
062020,智伸科永豐9B購01,0,0,0,0,0,0,0,0,0,810000,0,0,0,1021000,211000,810000,810000
060416,神隆永豐9A購01  ,0,0,0,0,0,0,0,0,0,809000,0,0,0,824000,15000,809000,809000
6116,彩晶            ,3212000,2738000,474000,0,0,0,0,0,0,335000,66000,28000,38000,300000,3000,297000,809000
1722,台肥            ,1284000,337000,947000,0,0,0,356000,533000,-177000,32000,32000,0,32000,0,0,0,802000
053644,台表科國票97購03,0,0,0,0,0,0,0,0,0,800000,0,0,0,800000,0,800000,800000
062229,南六統一9B購01  ,0,0,0,0,0,0,0,0,0,798000,0,0,0,823000,25000,798000,798000
055462,華邦電日盛97購01,0,0,0,0,0,0,0,0,0,794000,0,0,0,794000,0,794000,794000
056755,聯茂兆豐98購01  ,0,0,0,0,0,0,0,0,0,790000,0,0,0,920000,130000,790000,790000
058788,喬山元大99購01  ,0,0,0,0,0,0,0,0,0,789000,0,0,0,794000,5000,789000,789000
060915,旭富元大9A購01  ,0,0,0,0,0,0,0,0,0,784000,0,0,0,939000,155000,784000,784000
061399,喬山兆豐9B購01  ,0,0,0,0,0,0,0,0,0,779000,0,0,0,792000,13000,779000,779000
060870,旭富群益9A購01  ,0,0,0,0,0,0,0,0,0,772000,0,0,0,822000,50000,772000,772000
061464,瑞昱群益9A購01  ,0,0,0,0,0,0,0,0,0,770000,0,0,0,1161000,391000,770000,770000
1305,華夏            ,2057000,1271000,786000,0,0,0,0,0,0,-17000,89000,106000,-17000,0,0,0,769000
053573,臺股指統一99購01,0,0,0,0,0,0,0,0,0,767000,0,0,0,882000,115000,767000,767000
8016,矽創            ,952000,329000,623000,0,0,0,20000,0,20000,121000,4000,11000,-7000,137000,9000,128000,764000
5876,上海商銀        ,2168388,1420335,748053,0,0,0,0,0,0,14000,11000,0,11000,3000,0,3000,762053
058656,燿華中信99購01  ,0,0,0,0,0,0,0,0,0,762000,0,0,0,862000,100000,762000,762000
060320,元金2X群益02購01,0,0,0,0,0,0,0,0,0,761000,0,0,0,810000,49000,761000,761000
9945,潤泰新          ,1215000,485661,729339,0,0,0,7000,0,7000,24000,7000,2000,5000,19000,0,19000,760339
1802,台玻            ,974000,238000,736000,0,0,0,0,0,0,24000,24000,0,24000,0,0,0,760000
2105,正新            ,1828000,1088658,739342,0,0,0,0,0,0,13000,15000,4000,11000,2000,0,2000,752342
2014,中鴻            ,963000,233000,730000,0,0,0,0,0,0,22000,22000,0,22000,0,0,0,752000
4977,眾達-KY         ,910000,123000,787000,0,0,0,0,51000,-51000,0,2000,0,2000,0,2000,-2000,736000
061788,信邦群益9B購01  ,0,0,0,0,0,0,0,0,0,715000,0,0,0,715000,0,715000,715000
062239,台汽電凱基9B購01,0,0,0,0,0,0,0,0,0,713000,0,0,0,797000,84000,713000,713000
061907,裕隆中信9B購01  ,0,0,0,0,0,0,0,0,0,712000,0,0,0,1166000,454000,712000,712000
6706,惠特            ,156000,306665,-150665,0,0,0,822000,0,822000,36000,36000,0,36000,0,0,0,707335
2520,冠德            ,713000,227000,486000,0,0,0,0,0,0,220000,226000,6000,220000,0,0,0,706000
061589,世紀鋼富邦9B購01,0,0,0,0,0,0,0,0,0,702000,0,0,0,784000,82000,702000,702000
2723,美食-KY         ,654000,344000,310000,0,0,0,190000,0,190000,200940,95000,20000,75000,128000,2060,125940,700940
053028,康控富邦98購01  ,0,0,0,0,0,0,0,0,0,699000,0,0,0,700000,1000,699000,699000
056320,京鼎群益99購01  ,0,0,0,0,0,0,0,0,0,687000,0,0,0,705000,18000,687000,687000
8021,尖點            ,670000,71000,599000,0,0,0,0,0,0,87000,87000,0,87000,0,0,0,686000
2634,漢翔            ,913000,260000,653000,0,0,0,0,0,0,28000,5000,1000,4000,24000,0,24000,681000
2376,技嘉            ,3093000,2889000,204000,0,0,0,389000,70000,319000,154000,208000,58000,150000,111000,107000,4000,677000
2379,瑞昱            ,2348000,2769444,-421444,0,0,0,472000,25000,447000,651000,645000,106000,539000,217000,105000,112000,676556
061668,信邦中信9B購01  ,0,0,0,0,0,0,0,0,0,675000,0,0,0,832000,157000,675000,675000
053882,聯發科中信98購02,0,0,0,0,0,0,0,0,0,675000,0,0,0,675000,0,675000,675000
00737,國泰AI+Robo     ,1393000,0,1393000,0,0,0,0,0,0,-718000,0,0,0,306000,1024000,-718000,675000
061252,臺股指群益9A購03,0,0,0,0,0,0,0,0,0,663000,0,0,0,810000,147000,663000,663000
055203,建準中信97購01  ,0,0,0,0,0,0,0,0,0,663000,0,0,0,724000,61000,663000,663000
062380,巨大元大9B購01  ,0,0,0,0,0,0,0,0,0,659000,0,0,0,753000,94000,659000,659000
4943,康控-KY         ,884000,376000,508000,0,0,0,0,0,0,148000,2000,0,2000,163000,17000,146000,656000
052888,台表科中信9A購01,0,0,0,0,0,0,0,0,0,655000,0,0,0,1724000,1069000,655000,655000
059536,新光金凱基99購05,0,0,0,0,0,0,0,0,0,654000,0,0,0,663000,9000,654000,654000
2642,宅配通          ,271000,287000,-16000,0,0,0,490000,0,490000,180000,195000,15000,180000,0,0,0,654000
3034,聯詠            ,3714065,3817202,-103137,0,0,0,759000,43000,716000,37000,47000,55000,-8000,56000,11000,45000,649863
062427,嘉澤統一01購01  ,0,0,0,0,0,0,0,0,0,641000,0,0,0,724000,83000,641000,641000
054567,拓凱群益98購01  ,0,0,0,0,0,0,0,0,0,640000,0,0,0,2640000,2000000,640000,640000
062030,旭富群益9B購01  ,0,0,0,0,0,0,0,0,0,639000,0,0,0,679000,40000,639000,639000
058927,勤誠元富99購02  ,0,0,0,0,0,0,0,0,0,636000,0,0,0,636000,0,636000,636000
062504,旭富群益9B購02  ,0,0,0,0,0,0,0,0,0,632000,0,0,0,672000,40000,632000,632000
056986,超眾群益98購03  ,0,0,0,0,0,0,0,0,0,631000,0,0,0,631000,0,631000,631000
060918,康友國泰9C購01  ,0,0,0,0,0,0,0,0,0,622000,0,0,0,831000,209000,622000,622000
062407,同欣電永豐9B購01,0,0,0,0,0,0,0,0,0,618000,0,0,0,642000,24000,618000,618000
056919,英業達兆豐98購01,0,0,0,0,0,0,0,0,0,618000,0,0,0,618000,0,618000,618000
07491P,臺股指國票9A售09,0,0,0,0,0,0,0,0,0,618000,0,0,0,769000,151000,618000,618000
061427,旭富元大9A購02  ,0,0,0,0,0,0,0,0,0,616000,0,0,0,826000,210000,616000,616000
061803,巨大永豐9B購01  ,0,0,0,0,0,0,0,0,0,615000,0,0,0,873000,258000,615000,615000
053939,台表科元富96購03,0,0,0,0,0,0,0,0,0,614000,0,0,0,899000,285000,614000,614000
052223,聯電凱基96購02  ,0,0,0,0,0,0,0,0,0,613000,0,0,0,713000,100000,613000,613000
3380,明泰            ,856000,275000,581000,0,0,0,0,0,0,30000,117000,82000,35000,32000,37000,-5000,611000
052942,聯發科中信97購04,0,0,0,0,0,0,0,0,0,610000,0,0,0,610000,0,610000,610000
5871,中租-KY         ,2272000,1707190,564810,0,0,0,0,0,0,43000,49000,2000,47000,4000,8000,-4000,607810
060243,潤泰全元大9C購02,0,0,0,0,0,0,0,0,0,606000,0,0,0,607000,1000,606000,606000
054994,建準元富97購01  ,0,0,0,0,0,0,0,0,0,601000,0,0,0,956000,355000,601000,601000
061901,柏文永豐9B購01  ,0,0,0,0,0,0,0,0,0,597000,0,0,0,1137000,540000,597000,597000
06727P,台光電元大98售05,0,0,0,0,0,0,0,0,0,593000,0,0,0,638000,45000,593000,593000
3016,嘉晶            ,870000,456000,414000,0,0,0,323000,0,323000,-148000,6000,0,6000,76000,230000,-154000,589000
9921,巨大            ,1607000,1211068,395932,0,0,0,178000,0,178000,14000,90000,45000,45000,14000,45000,-31000,587932
062219,燿華統一9B購01  ,0,0,0,0,0,0,0,0,0,581000,0,0,0,713000,132000,581000,581000
0050,元大台灣50      ,273119,373000,-99881,0,0,0,59000,0,59000,618000,158000,0,158000,1584000,1124000,460000,577119
2605,新興            ,542000,152000,390000,0,0,0,0,0,0,186000,195000,9000,186000,0,0,0,576000
062296,南六永豐9B購02  ,0,0,0,0,0,0,0,0,0,575000,0,0,0,595000,20000,575000,575000
8081,致新            ,869000,105000,764000,0,0,0,0,68000,-68000,-121000,25000,31000,-6000,6000,121000,-115000,575000
061030,喬山永豐9A購01  ,0,0,0,0,0,0,0,0,0,574000,0,0,0,665000,91000,574000,574000
062382,燿華國泰9C購01  ,0,0,0,0,0,0,0,0,0,569000,0,0,0,727000,158000,569000,569000
1434,福懋            ,1235000,688000,547000,0,0,0,10000,0,10000,8000,8000,0,8000,0,0,0,565000
050142,聯發科元富9A購01,0,0,0,0,0,0,0,0,0,564000,0,0,0,674000,110000,564000,564000
055809,T50反1國票98購02,0,0,0,0,0,0,0,0,0,560000,0,0,0,560000,0,560000,560000
059560,T50反1凱基99購08,0,0,0,0,0,0,0,0,0,550000,0,0,0,575000,25000,550000,550000
07039P,南電台新99售01  ,0,0,0,0,0,0,0,0,0,548000,0,0,0,548000,0,548000,548000
061508,南六國泰9C購02  ,0,0,0,0,0,0,0,0,0,548000,0,0,0,584000,36000,548000,548000
057815,信邦元大98購01  ,0,0,0,0,0,0,0,0,0,548000,0,0,0,632000,84000,548000,548000
061269,嘉澤凱基9A購01  ,0,0,0,0,0,0,0,0,0,546000,0,0,0,688000,142000,546000,546000
058720,旭富元富99購01  ,0,0,0,0,0,0,0,0,0,542000,0,0,0,542000,0,542000,542000
062594,祥碩統一01購02  ,0,0,0,0,0,0,0,0,0,540000,0,0,0,636000,96000,540000,540000
059654,T50反1元大99購09,0,0,0,0,0,0,0,0,0,540000,0,0,0,540000,0,540000,540000
058398,中環元大99購02  ,0,0,0,0,0,0,0,0,0,540000,0,0,0,540000,0,540000,540000
6251,定穎            ,2394000,1900000,494000,0,0,0,0,0,0,46000,46000,0,46000,0,0,0,540000
059932,世紀鋼富邦9A購02,0,0,0,0,0,0,0,0,0,539000,0,0,0,889000,350000,539000,539000
4551,智伸科          ,295000,152000,143000,0,0,0,294000,0,294000,100000,88000,9000,79000,56000,35000,21000,537000
00701,國泰股利精選30  ,175000,1000,174000,0,0,0,0,0,0,362000,0,0,0,580000,218000,362000,536000
2412,中華電          ,3456000,3048948,407052,0,0,0,0,27000,-27000,148000,152000,0,152000,0,4000,-4000,528052
047595,元石油元富97購01,0,0,0,0,0,0,0,0,0,528000,0,0,0,528000,0,528000,528000
061584,勤誠元大9A購01  ,0,0,0,0,0,0,0,0,0,525000,0,0,0,674000,149000,525000,525000
055196,致新元富97購01  ,0,0,0,0,0,0,0,0,0,524000,0,0,0,596000,72000,524000,524000
2102,泰豐            ,949000,426000,523000,0,0,0,0,0,0,1000,1000,0,1000,0,0,0,524000
00650L,FH香港正2       ,395000,0,395000,0,0,0,0,0,0,126000,0,0,0,396000,270000,126000,521000
3706,神達            ,599000,166000,433000,0,0,0,0,0,0,86000,16000,11000,5000,112000,31000,81000,519000
00675L,富邦臺灣加權正2 ,447000,0,447000,0,0,0,0,0,0,71000,0,0,0,202000,131000,71000,518000
059396,T50反1元富99購04,0,0,0,0,0,0,0,0,0,516000,0,0,0,722000,206000,516000,516000
00738U,元大道瓊白銀    ,10000,10000,0,0,0,0,0,0,0,508000,0,0,0,1780000,1272000,508000,508000
052602,聯電元大97購01  ,0,0,0,0,0,0,0,0,0,507000,0,0,0,2551000,2044000,507000,507000
061886,力山國泰01購01  ,0,0,0,0,0,0,0,0,0,505000,0,0,0,555000,50000,505000,505000
059928,道瓊銀富邦03購01,0,0,0,0,0,0,0,0,0,504000,0,0,0,544000,40000,504000,504000
059395,T50反1元富99購03,0,0,0,0,0,0,0,0,0,502000,0,0,0,655000,153000,502000,502000
060561,台積電富邦04購01,0,0,0,0,0,0,0,0,0,501000,0,0,0,551000,50000,501000,501000
054297,台郡元大98購01  ,0,0,0,0,0,0,0,0,0,500000,0,0,0,500000,0,500000,500000
054698,同欣電永豐97購01,0,0,0,0,0,0,0,0,0,498000,0,0,0,498000,0,498000,498000
055197,致新元富97購02  ,0,0,0,0,0,0,0,0,0,497000,0,0,0,541000,44000,497000,497000
053111,緯創兆豐97購01  ,0,0,0,0,0,0,0,0,0,495000,0,0,0,495000,0,495000,495000
051536,玉晶光國票97購01,0,0,0,0,0,0,0,0,0,495000,0,0,0,556000,61000,495000,495000
060958,儒鴻凱基9A購02  ,0,0,0,0,0,0,0,0,0,492000,0,0,0,868000,376000,492000,492000
061663,南六永豐9A購05  ,0,0,0,0,0,0,0,0,0,491000,0,0,0,576000,85000,491000,491000
054749,聯茂凱基98購01  ,0,0,0,0,0,0,0,0,0,490000,0,0,0,490000,0,490000,490000
060484,聯發科富邦9C購02,0,0,0,0,0,0,0,0,0,486000,0,0,0,743000,257000,486000,486000
05876P,聯發科群益96售03,0,0,0,0,0,0,0,0,0,485000,0,0,0,485000,0,485000,485000
9907,統一實          ,528000,66000,462000,0,0,0,0,0,0,22000,22000,0,22000,0,0,0,484000
053640,上緯控永豐96購01,0,0,0,0,0,0,0,0,0,481000,0,0,0,508000,27000,481000,481000
060857,旭富富邦9B購01  ,0,0,0,0,0,0,0,0,0,480000,0,0,0,650000,170000,480000,480000
2027,大成鋼          ,1145000,834000,311000,0,0,0,10000,0,10000,159000,61000,12000,49000,146000,36000,110000,480000
061032,金像電永豐9A購03,0,0,0,0,0,0,0,0,0,478000,0,0,0,758000,280000,478000,478000
061889,祥碩富邦9B購01  ,0,0,0,0,0,0,0,0,0,478000,0,0,0,499000,21000,478000,478000
061318,智邦凱基9B購01  ,0,0,0,0,0,0,0,0,0,473000,0,0,0,721000,248000,473000,473000
00638R,元大滬深300反1  ,61000,22000,39000,0,0,0,0,0,0,432000,0,0,0,507000,75000,432000,471000
052655,群創統一97購01  ,0,0,0,0,0,0,0,0,0,466000,0,0,0,466000,0,466000,466000
061636,聯發科元大9A購11,0,0,0,0,0,0,0,0,0,464000,0,0,0,464000,0,464000,464000
060460,鴻海元大9A購08  ,0,0,0,0,0,0,0,0,0,464000,0,0,0,491000,27000,464000,464000
2401,凌陽            ,1439000,1009000,430000,0,0,0,0,0,0,34000,118000,84000,34000,0,0,0,464000
058406,聯茂元大99購06  ,0,0,0,0,0,0,0,0,0,461000,0,0,0,692000,231000,461000,461000
056586,光罩統一98購02  ,0,0,0,0,0,0,0,0,0,458000,0,0,0,759000,301000,458000,458000
1301,台塑            ,7856000,9305241,-1449241,0,0,0,1631000,0,1631000,276000,181000,40000,141000,152000,17000,135000,457759
2618,長榮航          ,7608000,7466000,142000,0,0,0,0,0,0,315000,284000,472000,-188000,507000,4000,503000,457000
00766L,台新MSCI中國正2 ,0,0,0,0,0,0,0,0,0,451000,0,0,0,792000,341000,451000,451000
3006,晶豪科          ,1963000,1456000,507000,0,0,0,0,0,0,-56000,34000,55000,-21000,42000,77000,-35000,451000
061564,華擎國票9A購02  ,0,0,0,0,0,0,0,0,0,450000,0,0,0,450000,0,450000,450000
042712,元石油國票95購01,0,0,0,0,0,0,0,0,0,450000,0,0,0,450000,0,450000,450000
6412,群電            ,606000,120000,486000,0,0,0,0,0,0,-36000,0,50000,-50000,14000,0,14000,450000
062288,南六群益9B購01  ,0,0,0,0,0,0,0,0,0,448000,0,0,0,513000,65000,448000,448000
1310,台苯            ,1238000,848000,390000,0,0,0,0,0,0,58000,9000,0,9000,49000,0,49000,448000
062236,信邦凱基9B購01  ,0,0,0,0,0,0,0,0,0,446000,0,0,0,467000,21000,446000,446000
060259,潤泰全凱基9C購01,0,0,0,0,0,0,0,0,0,446000,0,0,0,480000,34000,446000,446000
3708,上緯投控        ,396000,62000,334000,0,0,0,150000,0,150000,-39000,0,0,0,0,39000,-39000,445000
061767,信邦元大9B購01  ,0,0,0,0,0,0,0,0,0,444000,0,0,0,571000,127000,444000,444000
057626,技嘉富邦9A購01  ,0,0,0,0,0,0,0,0,0,444000,0,0,0,516000,72000,444000,444000
054808,東元元大9A購01  ,0,0,0,0,0,0,0,0,0,443000,0,0,0,575000,132000,443000,443000
060431,復盛永豐9A購01  ,0,0,0,0,0,0,0,0,0,440000,0,0,0,440000,0,440000,440000
9914,美利達          ,873950,518000,355950,0,0,0,327000,168000,159000,-75000,23000,98000,-75000,0,0,0,439950
3702,大聯大          ,1127159,688517,438642,0,0,0,11000,0,11000,-10000,25000,35000,-10000,0,0,0,439642
058247,聯茂元大99購04  ,0,0,0,0,0,0,0,0,0,439000,0,0,0,649000,210000,439000,439000
052104,英業達兆豐96購01,0,0,0,0,0,0,0,0,0,438000,0,0,0,438000,0,438000,438000
053754,英業達元富96購02,0,0,0,0,0,0,0,0,0,437000,0,0,0,447000,10000,437000,437000
055133,致新康和97購01  ,0,0,0,0,0,0,0,0,0,435000,0,0,0,457000,22000,435000,435000
062533,嘉澤統一9C購01  ,0,0,0,0,0,0,0,0,0,434000,0,0,0,503000,69000,434000,434000
061843,億豐凱基9C購01  ,0,0,0,0,0,0,0,0,0,432000,0,0,0,432000,0,432000,432000
6288,聯嘉            ,674000,237000,437000,0,0,0,0,0,0,-5000,2000,7000,-5000,0,0,0,432000
2606,裕民            ,611000,187000,424000,0,0,0,0,0,0,7000,7000,0,7000,0,0,0,431000
056770,國產元大98購02  ,0,0,0,0,0,0,0,0,0,430000,0,0,0,459000,29000,430000,430000
057085,立積統一9B購02  ,0,0,0,0,0,0,0,0,0,430000,0,0,0,600000,170000,430000,430000
055049,智邦永豐97購01  ,0,0,0,0,0,0,0,0,0,429000,0,0,0,452000,23000,429000,429000
061466,創意群益9A購01  ,0,0,0,0,0,0,0,0,0,427000,0,0,0,584000,157000,427000,427000
056271,嘉澤統一97購01  ,0,0,0,0,0,0,0,0,0,427000,0,0,0,437000,10000,427000,427000
2351,順德            ,523000,67000,456000,0,0,0,50000,60000,-10000,-19000,4000,23000,-19000,0,0,0,427000
057724,亞德客國泰99購01,0,0,0,0,0,0,0,0,0,425000,0,0,0,518000,93000,425000,425000
1440,南紡            ,512000,99000,413000,0,0,0,0,0,0,11000,11000,0,11000,0,0,0,424000
056471,台光電元大99購01,0,0,0,0,0,0,0,0,0,421000,0,0,0,430000,9000,421000,421000
055909,大成鋼凱基98購02,0,0,0,0,0,0,0,0,0,420000,0,0,0,421000,1000,420000,420000
062388,旭富國泰01購01  ,0,0,0,0,0,0,0,0,0,419000,0,0,0,439000,20000,419000,419000
058719,智邦元富99購01  ,0,0,0,0,0,0,0,0,0,418000,0,0,0,418000,0,418000,418000
2375,凱美            ,557000,264000,293000,0,0,0,0,0,0,125000,53000,0,53000,72000,0,72000,418000
2383,台光電          ,939500,1410600,-471100,0,0,0,404000,0,404000,483000,710000,361000,349000,151000,17000,134000,415900
060312,潤泰全永豐9A購01,0,0,0,0,0,0,0,0,0,413000,0,0,0,413000,0,413000,413000
2006,東和鋼鐵        ,529000,185000,344000,0,0,0,0,0,0,69000,71000,2000,69000,0,0,0,413000
060865,創意永豐9A購01  ,0,0,0,0,0,0,0,0,0,408000,0,0,0,408000,0,408000,408000
07677P,祥碩永豐9A售01  ,0,0,0,0,0,0,0,0,0,407000,0,0,0,444000,37000,407000,407000
4536,拓凱            ,465000,125000,340000,0,0,0,78000,0,78000,-11000,1000,0,1000,0,12000,-12000,407000
061957,上銀統一01購01  ,0,0,0,0,0,0,0,0,0,406000,0,0,0,407000,1000,406000,406000
054477,聯發科中信9C購02,0,0,0,0,0,0,0,0,0,405000,0,0,0,425000,20000,405000,405000
07774P,台灣50群益9A售16,0,0,0,0,0,0,0,0,0,405000,0,0,0,430000,25000,405000,405000
060195,旭富元富9A購02  ,0,0,0,0,0,0,0,0,0,403000,0,0,0,403000,0,403000,403000
06067P,華新科康和97售01,0,0,0,0,0,0,0,0,0,402000,0,0,0,452000,50000,402000,402000
053863,聯發科元大96購18,0,0,0,0,0,0,0,0,0,401000,0,0,0,401000,0,401000,401000
053893,京鼎群益97購02  ,0,0,0,0,0,0,0,0,0,401000,0,0,0,401000,0,401000,401000
2838,聯邦銀          ,390000,135000,255000,0,0,0,0,0,0,145000,154000,9000,145000,0,0,0,400000
2207,和泰車          ,528537,152543,375994,0,0,0,2000,0,2000,22000,22000,0,22000,0,0,0,399994
06627P,華新科元富99售01,0,0,0,0,0,0,0,0,0,398000,0,0,0,398000,0,398000,398000
053915,光罩國票96購02  ,0,0,0,0,0,0,0,0,0,398000,0,0,0,398000,0,398000,398000
057940,和大國票99購01  ,0,0,0,0,0,0,0,0,0,398000,0,0,0,408000,10000,398000,398000
056855,祥碩中信98購02  ,0,0,0,0,0,0,0,0,0,397000,0,0,0,695000,298000,397000,397000
06608P,立積群益99售02  ,0,0,0,0,0,0,0,0,0,396000,0,0,0,655000,259000,396000,396000
056617,美律永豐98購01  ,0,0,0,0,0,0,0,0,0,394000,0,0,0,419000,25000,394000,394000
060867,智伸科永豐9A購01,0,0,0,0,0,0,0,0,0,393000,0,0,0,1039000,646000,393000,393000
056177,嘉澤元富97購01  ,0,0,0,0,0,0,0,0,0,393000,0,0,0,447000,54000,393000,393000
2371,大同            ,2615000,2138000,477000,0,0,0,0,0,0,-84000,11000,95000,-84000,0,0,0,393000
07535P,上銀元富9A售03  ,0,0,0,0,0,0,0,0,0,393000,0,0,0,395000,2000,393000,393000
2442,新美齊          ,522000,142000,380000,0,0,0,0,0,0,12000,12000,0,12000,0,0,0,392000
061866,力山元大9C購01  ,0,0,0,0,0,0,0,0,0,391000,0,0,0,404000,13000,391000,391000
061700,瑞昱國票9A購02  ,0,0,0,0,0,0,0,0,0,391000,0,0,0,484000,93000,391000,391000
062381,上銀國泰9C購01  ,0,0,0,0,0,0,0,0,0,389000,0,0,0,389000,0,389000,389000
2204,中華            ,899000,492070,406930,0,0,0,0,0,0,-18000,2000,20000,-18000,0,0,0,388930
051728,道瓊反國票97購01,0,0,0,0,0,0,0,0,0,388000,0,0,0,505000,117000,388000,388000
060704,台積電富邦01購01,0,0,0,0,0,0,0,0,0,387000,0,0,0,399000,12000,387000,387000
07081P,南電群益9A售01  ,0,0,0,0,0,0,0,0,0,386000,0,0,0,413000,27000,386000,386000
1714,和桐            ,713000,332000,381000,0,0,0,0,0,0,5000,5000,0,5000,0,0,0,386000
061074,儒鴻兆豐9B購01  ,0,0,0,0,0,0,0,0,0,385000,0,0,0,422000,37000,385000,385000
062218,燿華統一01購01  ,0,0,0,0,0,0,0,0,0,383000,0,0,0,446000,63000,383000,383000
058547,世紀鋼富邦9A購01,0,0,0,0,0,0,0,0,0,382000,0,0,0,393000,11000,382000,382000
07711P,世芯元大9A售07  ,0,0,0,0,0,0,0,0,0,379000,0,0,0,408000,29000,379000,379000
1325,恆大            ,302000,161000,141000,0,0,0,20000,0,20000,218000,1000,30000,-29000,247000,0,247000,379000
058999,台積電元大99購24,0,0,0,0,0,0,0,0,0,378000,0,0,0,383000,5000,378000,378000
061450,嘉晶中信9A購01  ,0,0,0,0,0,0,0,0,0,375000,0,0,0,625000,250000,375000,375000
06161P,聯發科群益97售03,0,0,0,0,0,0,0,0,0,375000,0,0,0,411000,36000,375000,375000
07874P,長榮航群益9B售01,0,0,0,0,0,0,0,0,0,373000,0,0,0,412000,39000,373000,373000
060708,康友富邦9B購01  ,0,0,0,0,0,0,0,0,0,370000,0,0,0,380000,10000,370000,370000
6257,矽格            ,410000,343000,67000,0,0,0,400000,0,400000,-98000,87000,169000,-82000,2000,18000,-16000,369000
00672L,元大S&P原油正2  ,300000,60000,240000,0,0,0,0,0,0,128000,0,0,0,1978000,1850000,128000,368000
061412,儒鴻群益9A購01  ,0,0,0,0,0,0,0,0,0,367000,0,0,0,422000,55000,367000,367000
062012,燿華富邦9C購01  ,0,0,0,0,0,0,0,0,0,367000,0,0,0,424000,57000,367000,367000
060782,道瓊指富邦9C購01,0,0,0,0,0,0,0,0,0,364000,0,0,0,546000,182000,364000,364000
053488,中石化兆豐97購01,0,0,0,0,0,0,0,0,0,364000,0,0,0,450000,86000,364000,364000
07312P,台灣50元大99售10,0,0,0,0,0,0,0,0,0,364000,0,0,0,384000,20000,364000,364000
2049,上銀            ,643493,315000,328493,0,0,0,13000,0,13000,21000,61000,32000,29000,3000,11000,-8000,362493
061831,智邦凱基9B購02  ,0,0,0,0,0,0,0,0,0,362000,0,0,0,544000,182000,362000,362000
2889,國票金          ,559000,178000,381000,0,0,0,0,0,0,-19000,12000,31000,-19000,0,0,0,362000
06436P,台光電國票98售04,0,0,0,0,0,0,0,0,0,359000,0,0,0,359000,0,359000,359000
1402,遠東新          ,5234881,5779760,-544879,0,0,0,820000,0,820000,83000,36000,0,36000,48000,1000,47000,358121
061002,瑞昱兆豐9B購01  ,0,0,0,0,0,0,0,0,0,356000,0,0,0,358000,2000,356000,356000
057987,大立光元富98購02,0,0,0,0,0,0,0,0,0,356000,0,0,0,881000,525000,356000,356000
2536,宏普            ,344000,54000,290000,0,0,0,0,0,0,64000,70000,6000,64000,0,0,0,354000
057447,智邦元富02購01  ,0,0,0,0,0,0,0,0,0,353000,0,0,0,397000,44000,353000,353000
060942,智邦國票9A購02  ,0,0,0,0,0,0,0,0,0,352000,0,0,0,542000,190000,352000,352000
06954P,大立光元富99售01,0,0,0,0,0,0,0,0,0,352000,0,0,0,443000,91000,352000,352000
054693,神基永豐97購01  ,0,0,0,0,0,0,0,0,0,351000,0,0,0,351000,0,351000,351000
057149,京鼎國票99購02  ,0,0,0,0,0,0,0,0,0,351000,0,0,0,447000,96000,351000,351000
056622,高鐵永豐98購01  ,0,0,0,0,0,0,0,0,0,350000,0,0,0,350000,0,350000,350000
07014P,華通元大99售04  ,0,0,0,0,0,0,0,0,0,349000,0,0,0,360000,11000,349000,349000
1217,愛之味          ,486000,140000,346000,0,0,0,0,0,0,0,0,0,0,0,0,0,346000
9940,信義            ,118000,60000,58000,0,0,0,0,0,0,288000,311000,23000,288000,0,0,0,346000
054724,鴻海日盛97購02  ,0,0,0,0,0,0,0,0,0,344000,0,0,0,344000,0,344000,344000
060242,潤泰全元大9C購01,0,0,0,0,0,0,0,0,0,344000,0,0,0,412000,68000,344000,344000
058328,世紀鋼統一9B購01,0,0,0,0,0,0,0,0,0,343000,0,0,0,428000,85000,343000,343000
07841P,臻鼎元大9A售04  ,0,0,0,0,0,0,0,0,0,342000,0,0,0,342000,0,342000,342000
062409,巨大永豐9B購02  ,0,0,0,0,0,0,0,0,0,340000,0,0,0,425000,85000,340000,340000
060804,T50反1群益9A購02,0,0,0,0,0,0,0,0,0,340000,0,0,0,350000,10000,340000,340000
047571,滬深2X群益99購01,0,0,0,0,0,0,0,0,0,340000,0,0,0,340000,0,340000,340000
3545,敦泰            ,3095000,2763000,332000,0,0,0,0,0,0,8000,8000,0,8000,0,0,0,340000
062264,南六元大9B購02  ,0,0,0,0,0,0,0,0,0,339000,0,0,0,477000,138000,339000,339000
00850,元大臺灣ESG永續 ,0,0,0,0,0,0,0,0,0,339000,0,0,0,576000,237000,339000,339000
058878,旭富國泰9B購01  ,0,0,0,0,0,0,0,0,0,338000,0,0,0,442000,104000,338000,338000
00639,富邦深100       ,69000,110000,-41000,0,0,0,0,0,0,378699,30000,20000,10000,1553699,1185000,368699,337699
061380,巨大永豐9A購02  ,0,0,0,0,0,0,0,0,0,337000,0,0,0,347000,10000,337000,337000
056187,京鼎統一97購01  ,0,0,0,0,0,0,0,0,0,337000,0,0,0,337000,0,337000,337000
057109,信邦群益98購01  ,0,0,0,0,0,0,0,0,0,337000,0,0,0,442000,105000,337000,337000
061360,智邦兆豐9B購02  ,0,0,0,0,0,0,0,0,0,336000,0,0,0,401000,65000,336000,336000
061900,志超永豐9B購01  ,0,0,0,0,0,0,0,0,0,336000,0,0,0,390000,54000,336000,336000
062293,麗豐永豐9B購01  ,0,0,0,0,0,0,0,0,0,336000,0,0,0,405000,69000,336000,336000
060126,創意永豐99購04  ,0,0,0,0,0,0,0,0,0,335000,0,0,0,335000,0,335000,335000
00762,元大全球AI      ,0,0,0,0,0,0,0,0,0,335000,0,0,0,345000,10000,335000,335000
05958P,聯發科國票97售04,0,0,0,0,0,0,0,0,0,335000,0,0,0,484000,149000,335000,335000
059176,臺股指凱基99購27,0,0,0,0,0,0,0,0,0,334000,0,0,0,474000,140000,334000,334000
051561,玉晶光國泰97購04,0,0,0,0,0,0,0,0,0,333000,0,0,0,396000,63000,333000,333000
056178,嘉澤元富97購02  ,0,0,0,0,0,0,0,0,0,332000,0,0,0,404000,72000,332000,332000
4960,誠美材          ,536000,211000,325000,0,0,0,0,0,0,7000,7000,0,7000,0,0,0,332000
059181,世紀鋼元富9C購01,0,0,0,0,0,0,0,0,0,331000,0,0,0,575000,244000,331000,331000
061376,瑞昱永豐9A購02  ,0,0,0,0,0,0,0,0,0,330000,0,0,0,362000,32000,330000,330000
055320,建準國票98購01  ,0,0,0,0,0,0,0,0,0,329000,0,0,0,346000,17000,329000,329000
07953P,健策元大9B售07  ,0,0,0,0,0,0,0,0,0,329000,0,0,0,452000,123000,329000,329000
07614P,華新科群益9A售04,0,0,0,0,0,0,0,0,0,329000,0,0,0,390000,61000,329000,329000
2547,日勝生          ,678000,358000,320000,0,0,0,0,0,0,8000,8000,0,8000,0,0,0,328000
060374,儒鴻元富9A購01  ,0,0,0,0,0,0,0,0,0,327000,0,0,0,492000,165000,327000,327000
2354,鴻準            ,1034747,752506,282241,0,0,0,10000,0,10000,34000,40000,6000,34000,0,0,0,326241
056058,建準元大97購02  ,0,0,0,0,0,0,0,0,0,326000,0,0,0,460000,134000,326000,326000
05431P,台光電統一97售01,0,0,0,0,0,0,0,0,0,326000,0,0,0,410000,84000,326000,326000
06355P,聯茂永豐97售02  ,0,0,0,0,0,0,0,0,0,324000,0,0,0,380000,56000,324000,324000
057516,和鑫元富98購01  ,0,0,0,0,0,0,0,0,0,324000,0,0,0,566000,242000,324000,324000
3576,聯合再生        ,583000,260000,323000,0,0,0,0,0,0,0,0,0,0,0,0,0,323000
062160,南六凱基9B購01  ,0,0,0,0,0,0,0,0,0,322000,0,0,0,420000,98000,322000,322000
061570,瑞昱元大9A購05  ,0,0,0,0,0,0,0,0,0,322000,0,0,0,509000,187000,322000,322000
3661,世芯-KY         ,2182000,1951000,231000,0,0,0,5000,29000,-24000,115000,218000,185000,33000,105000,23000,82000,322000
057009,信邦中信99購01  ,0,0,0,0,0,0,0,0,0,321000,0,0,0,349000,28000,321000,321000
061275,臺股指凱基9A購25,0,0,0,0,0,0,0,0,0,320000,0,0,0,447000,127000,320000,320000
06058P,玉晶光凱基97售04,0,0,0,0,0,0,0,0,0,318000,0,0,0,448000,130000,318000,318000
058194,勤誠永豐99購01  ,0,0,0,0,0,0,0,0,0,317000,0,0,0,320000,3000,317000,317000
2360,致茂            ,744000,486000,258000,0,0,0,49000,0,49000,10000,13000,2000,11000,4000,5000,-1000,317000
060569,台積電永豐9A購01,0,0,0,0,0,0,0,0,0,314000,0,0,0,334000,20000,314000,314000
3189,景碩            ,2185000,1994000,191000,0,0,0,0,30000,-30000,152000,70000,16000,54000,117000,19000,98000,313000
07527P,台灣50凱基9B售02,0,0,0,0,0,0,0,0,0,313000,0,0,0,455000,142000,313000,313000
061121,智邦永豐9A購02  ,0,0,0,0,0,0,0,0,0,312000,0,0,0,318000,6000,312000,312000
0056,元大高股息      ,25000,23000,2000,0,0,0,190000,0,190000,120000,40000,0,40000,80000,0,80000,312000
055444,致新台新97購01  ,0,0,0,0,0,0,0,0,0,310000,0,0,0,310000,0,310000,310000
054738,聯發科凱基97購01,0,0,0,0,0,0,0,0,0,310000,0,0,0,310000,0,310000,310000
05609P,國泰金凱基96售01,0,0,0,0,0,0,0,0,0,310000,0,0,0,310000,0,310000,310000
05555P,健策群益98售01  ,0,0,0,0,0,0,0,0,0,308000,0,0,0,315000,7000,308000,308000
07420P,可成元大99售07  ,0,0,0,0,0,0,0,0,0,308000,0,0,0,308000,0,308000,308000
06914P,南茂元大98售03  ,0,0,0,0,0,0,0,0,0,307000,0,0,0,422000,115000,307000,307000
056774,和鑫元大98購01  ,0,0,0,0,0,0,0,0,0,306000,0,0,0,386000,80000,306000,306000
052047,建準凱基96購01  ,0,0,0,0,0,0,0,0,0,303000,0,0,0,361000,58000,303000,303000
057071,華擎永豐98購02  ,0,0,0,0,0,0,0,0,0,301000,0,0,0,538000,237000,301000,301000
054009,欣興元富96購03  ,0,0,0,0,0,0,0,0,0,300000,0,0,0,300000,0,300000,300000
061025,創意富邦9B購01  ,0,0,0,0,0,0,0,0,0,299000,0,0,0,399000,100000,299000,299000
050322,世紀鋼國票95購01,0,0,0,0,0,0,0,0,0,299000,0,0,0,299000,0,299000,299000
060382,儒鴻凱基9A購01  ,0,0,0,0,0,0,0,0,0,299000,0,0,0,342000,43000,299000,299000
058714,美律統一9B購01  ,0,0,0,0,0,0,0,0,0,298000,0,0,0,298000,0,298000,298000
053850,嘉澤元富96購03  ,0,0,0,0,0,0,0,0,0,297000,0,0,0,297000,0,297000,297000
061661,京鼎永豐9A購02  ,0,0,0,0,0,0,0,0,0,296000,0,0,0,382000,86000,296000,296000
060099,宏達電元大99購09,0,0,0,0,0,0,0,0,0,296000,0,0,0,395000,99000,296000,296000
060601,技嘉凱基9A購02  ,0,0,0,0,0,0,0,0,0,296000,0,0,0,497000,201000,296000,296000
056396,祥碩永豐98購01  ,0,0,0,0,0,0,0,0,0,295000,0,0,0,295000,0,295000,295000
057659,台表科兆豐98購01,0,0,0,0,0,0,0,0,0,295000,0,0,0,337000,42000,295000,295000
03678C,臺股指凱基01牛02,0,0,0,0,0,0,0,0,0,294000,0,0,0,493000,199000,294000,294000
00655L,國泰中國A50正2  ,25000,568000,-543000,0,0,0,0,0,0,834011,0,0,0,2125011,1291000,834011,291011
061378,南六永豐9A購03  ,0,0,0,0,0,0,0,0,0,291000,0,0,0,366000,75000,291000,291000
07660P,聯茂凱基9A售03  ,0,0,0,0,0,0,0,0,0,291000,0,0,0,352000,61000,291000,291000
3645,達邁            ,310000,24000,286000,0,0,0,0,0,0,3000,3000,0,3000,0,0,0,289000
055943,瑞昱麥證97購01  ,0,0,0,368000,80000,288000,0,0,0,288000,0,0,0,368000,80000,288000,288000
060215,柏文康和9A購01  ,0,0,0,0,0,0,0,0,0,288000,0,0,0,361000,73000,288000,288000
061620,禾伸堂群益9A購02,0,0,0,0,0,0,0,0,0,287000,0,0,0,330000,43000,287000,287000
060723,致新永豐9A購01  ,0,0,0,0,0,0,0,0,0,287000,0,0,0,334000,47000,287000,287000
060194,旭富元富9A購01  ,0,0,0,0,0,0,0,0,0,285000,0,0,0,287000,2000,285000,285000
058195,鈺齊永豐99購01  ,0,0,0,0,0,0,0,0,0,285000,0,0,0,285000,0,285000,285000
07304P,臺股指元大9A售37,0,0,0,0,0,0,0,0,0,285000,0,0,0,415000,130000,285000,285000
062015,喬山永豐9B購01  ,0,0,0,0,0,0,0,0,0,284000,0,0,0,352000,68000,284000,284000
058203,信邦凱基99購01  ,0,0,0,0,0,0,0,0,0,283000,0,0,0,424000,141000,283000,283000
056614,智邦永豐98購01  ,0,0,0,0,0,0,0,0,0,282000,0,0,0,297000,15000,282000,282000
2608,嘉里大榮        ,425000,119000,306000,0,0,0,0,0,0,-24000,4000,28000,-24000,0,0,0,282000
061552,南六群益9A購02  ,0,0,0,0,0,0,0,0,0,280000,0,0,0,397000,117000,280000,280000
058704,台積電元大99購17,0,0,0,0,0,0,0,0,0,279000,0,0,0,329000,50000,279000,279000
062193,瑞昱第一9B購01  ,0,0,0,0,0,0,0,0,0,277000,0,0,0,620000,343000,277000,277000
060489,世紀鋼群益9A購01,0,0,0,0,0,0,0,0,0,277000,0,0,0,302000,25000,277000,277000
056266,開發金統一9A購01,0,0,0,0,0,0,0,0,0,275000,0,0,0,446000,171000,275000,275000
057298,旭富永豐98購01  ,0,0,0,0,0,0,0,0,0,275000,0,0,0,288000,13000,275000,275000
058775,台積電國票9A購02,0,0,0,0,0,0,0,0,0,275000,0,0,0,318000,43000,275000,275000
062339,瑞昱麥證9C購01  ,0,0,0,576000,322000,254000,0,0,0,274000,0,0,0,611000,337000,274000,274000
6669,緯穎            ,696321,448000,248321,0,0,0,47000,0,47000,-22000,19000,55000,-36000,39000,25000,14000,273321
062246,力山元大9B購02  ,0,0,0,0,0,0,0,0,0,271000,0,0,0,271000,0,271000,271000
061865,力山元大9B購01  ,0,0,0,0,0,0,0,0,0,271000,0,0,0,274000,3000,271000,271000
055026,健和興國泰98購01,0,0,0,0,0,0,0,0,0,270000,0,0,0,270000,0,270000,270000
056121,勤誠群益97購01  ,0,0,0,0,0,0,0,0,0,270000,0,0,0,275000,5000,270000,270000
054772,康控國票98購02  ,0,0,0,0,0,0,0,0,0,270000,0,0,0,270000,0,270000,270000
061870,智邦元大9B購02  ,0,0,0,0,0,0,0,0,0,269000,0,0,0,303000,34000,269000,269000
052695,台表科中信98購01,0,0,0,0,0,0,0,0,0,269000,0,0,0,396000,127000,269000,269000
058766,力山兆豐99購01  ,0,0,0,0,0,0,0,0,0,269000,0,0,0,279000,10000,269000,269000
07456P,華新科元大9A售06,0,0,0,0,0,0,0,0,0,269000,0,0,0,389000,120000,269000,269000
061185,嘉晶國泰9B購01  ,0,0,0,0,0,0,0,0,0,266000,0,0,0,358000,92000,266000,266000
055334,禾伸堂兆豐97購01,0,0,0,0,0,0,0,0,0,265000,0,0,0,265000,0,265000,265000
2484,希華            ,400000,140000,260000,0,0,0,0,0,0,4000,4000,0,4000,0,0,0,264000
2472,立隆電          ,350000,82000,268000,0,0,0,0,0,0,-4000,2000,6000,-4000,0,0,0,264000
3406,玉晶光          ,1115000,700000,415000,0,0,0,14000,48000,-34000,-117000,275000,348000,-73000,11000,55000,-44000,264000
062505,祥碩群益9B購03  ,0,0,0,0,0,0,0,0,0,263000,0,0,0,263000,0,263000,263000
048651,美利達元大96購05,0,0,0,0,0,0,0,0,0,263000,0,0,0,283000,20000,263000,263000
061035,亞光永豐9A購01  ,0,0,0,0,0,0,0,0,0,261000,0,0,0,261000,0,261000,261000
057203,麗豐元富98購02  ,0,0,0,0,0,0,0,0,0,261000,0,0,0,492000,231000,261000,261000
4968,立積            ,824000,490000,334000,0,0,0,0,65000,-65000,-8000,1000,0,1000,25000,34000,-9000,261000
06617P,智邦元大98售03  ,0,0,0,0,0,0,0,0,0,260000,0,0,0,290000,30000,260000,260000
050374,上緯控元大95購01,0,0,0,0,0,0,0,0,0,260000,0,0,0,260000,0,260000,260000
050641,上証反凱基96購01,0,0,0,0,0,0,0,0,0,260000,0,0,0,265000,5000,260000,260000
6139,亞翔            ,318000,60000,258000,0,0,0,0,0,0,2000,12000,0,12000,0,10000,-10000,260000
9802,鈺齊-KY         ,568000,383000,185000,0,0,0,50000,0,50000,25000,12000,0,12000,18000,5000,13000,260000
2395,研華            ,704600,459879,244721,0,0,0,0,0,0,15000,15000,0,15000,0,0,0,259721
062132,神隆群益9B購01  ,0,0,0,0,0,0,0,0,0,258000,0,0,0,326000,68000,258000,258000
052094,瀚宇博元大96購02,0,0,0,0,0,0,0,0,0,258000,0,0,0,258000,0,258000,258000
058514,潤泰全元大99購01,0,0,0,0,0,0,0,0,0,258000,0,0,0,275000,17000,258000,258000
061607,台表科凱基9B購02,0,0,0,0,0,0,0,0,0,257000,0,0,0,656000,399000,257000,257000
060812,智邦凱基9A購01  ,0,1000,-1000,0,0,0,0,0,0,257000,0,0,0,371000,114000,257000,256000
062292,旭富永豐9B購01  ,0,0,0,0,0,0,0,0,0,256000,0,0,0,256000,0,256000,256000
06421P,嘉澤統一97售02  ,0,0,0,0,0,0,0,0,0,255000,0,0,0,461000,206000,255000,255000
061869,智邦元大9B購01  ,0,0,0,0,0,0,0,0,0,255000,0,0,0,328000,73000,255000,255000
8215,明基材          ,319000,72000,247000,0,0,0,0,0,0,8000,8000,0,8000,0,0,0,255000
062233,神隆凱基9B購01  ,0,0,0,0,0,0,0,0,0,253000,0,0,0,253000,0,253000,253000
6414,樺漢            ,299000,52010,246990,0,0,0,0,0,0,6000,3000,7000,-4000,20000,10000,10000,252990
4934,太極            ,443000,191000,252000,0,0,0,0,0,0,0,0,0,0,0,0,0,252000
06491P,台積電富邦99售02,0,0,0,0,0,0,0,0,0,251000,0,0,0,807000,556000,251000,251000
057883,中環群益98購01  ,0,0,0,0,0,0,0,0,0,251000,0,0,0,323000,72000,251000,251000
052004,泰碩國泰97購03  ,0,0,0,0,0,0,0,0,0,249000,0,0,0,249000,0,249000,249000
05131P,聯詠統一97售01  ,0,0,0,0,0,0,0,0,0,249000,0,0,0,249000,0,249000,249000
062096,神隆永豐9B購01  ,0,0,0,0,0,0,0,0,0,248000,0,0,0,416000,168000,248000,248000
061642,創意元大9A購04  ,0,0,0,0,0,0,0,0,0,247000,0,0,0,543000,296000,247000,247000
048271,可成富邦95購02  ,0,0,0,0,0,0,0,0,0,246000,0,0,0,246000,0,246000,246000
058145,聯茂元大99購03  ,0,0,0,0,0,0,0,0,0,246000,0,0,0,347000,101000,246000,246000
058879,智邦富邦99購01  ,0,0,0,0,0,0,0,0,0,246000,0,0,0,246000,0,246000,246000
6285,啟碁            ,390000,138000,252000,0,0,0,2000,0,2000,-8000,16000,2000,14000,11000,33000,-22000,246000
07791P,奇鋐元大9A售02  ,0,0,0,0,0,0,0,0,0,246000,0,0,0,254000,8000,246000,246000
9933,中鼎            ,887651,779000,108651,0,0,0,131000,0,131000,6000,6000,0,6000,0,0,0,245651
061540,台積電群益9A購07,0,0,0,0,0,0,0,0,0,244000,0,0,0,293000,49000,244000,244000
061358,世紀鋼元大9A購04,0,0,0,0,0,0,0,0,0,244000,0,0,0,272000,28000,244000,244000
06246P,茂林元富97售03  ,0,0,0,0,0,0,0,0,0,243000,0,0,0,300000,57000,243000,243000
041824,元油2X國票96購01,0,0,0,0,0,0,0,0,0,243000,0,0,0,243000,0,243000,243000
062019,嘉澤永豐9B購01  ,0,0,0,0,0,0,0,0,0,241000,0,0,0,277000,36000,241000,241000
060763,聯鈞元大9A購03  ,0,0,0,0,0,0,0,0,0,241000,0,0,0,316000,75000,241000,241000
054755,世紀鋼凱基98購01,0,0,0,0,0,0,0,0,0,241000,0,0,0,324000,83000,241000,241000
060313,淘帝永豐9A購01  ,0,0,0,0,0,0,0,0,0,241000,0,0,0,386000,145000,241000,241000
4935,茂林-KY         ,361000,65000,296000,0,0,0,0,20000,-20000,-35000,81000,113000,-32000,5000,8000,-3000,241000
06822P,上銀富邦99售03  ,0,0,0,0,0,0,0,0,0,240000,0,0,0,241000,1000,240000,240000
056243,創意群益97購03  ,0,0,0,0,0,0,0,0,0,240000,0,0,0,250000,10000,240000,240000
061697,世紀鋼群益9A購03,0,0,0,0,0,0,0,0,0,239000,0,0,0,239000,0,239000,239000
061428,南六元大9A購01  ,0,0,0,0,0,0,0,0,0,238000,0,0,0,275000,37000,238000,238000
062466,FBVIX凱基9B購01 ,0,0,0,0,0,0,0,0,0,238000,0,0,0,279000,41000,238000,238000
054768,泰碩國票99購02  ,0,0,0,0,0,0,0,0,0,238000,0,0,0,314000,76000,238000,238000
00692,富邦公司治理    ,0,0,0,0,0,0,0,0,0,238000,0,0,0,1522000,1284000,238000,238000
00654R,富邦印度反1     ,90000,43000,47000,0,0,0,0,0,0,190000,0,0,0,251000,61000,190000,237000
060281,卜蜂元大9C購01  ,0,0,0,0,0,0,0,0,0,237000,0,0,0,258000,21000,237000,237000
058803,世紀鋼元大99購03,0,0,0,0,0,0,0,0,0,237000,0,0,0,246000,9000,237000,237000
053294,聯發科中信9C購01,0,0,0,0,0,0,0,0,0,236000,0,0,0,491000,255000,236000,236000
054835,致新中信97購01  ,0,0,0,0,0,0,0,0,0,235000,0,0,0,256000,21000,235000,235000
060798,旭富永豐9A購01  ,0,0,0,0,0,0,0,0,0,234000,0,0,0,244000,10000,234000,234000
060008,華邦電群益9A購01,0,0,0,0,0,0,0,0,0,233000,0,0,0,522000,289000,233000,233000
060809,康友群益9A購01  ,0,0,0,0,0,0,0,0,0,232000,0,0,0,262000,30000,232000,232000
060434,台汽電永豐9A購01,0,0,0,0,0,0,0,0,0,232000,0,0,0,465000,233000,232000,232000
056552,台表科凱基99購01,25000,0,25000,0,0,0,0,0,0,207000,0,0,0,350000,143000,207000,232000
055093,京鼎群益98購01  ,0,0,0,0,0,0,0,0,0,231000,0,0,0,257000,26000,231000,231000
045055,聯發科元富98購03,0,0,0,0,0,0,0,0,0,231000,0,0,0,231000,0,231000,231000
062036,致新群益9B購01  ,0,0,0,0,0,0,0,0,0,230000,0,0,0,379000,149000,230000,230000
00703,台新MSCI中國    ,2000,2000,0,0,0,0,0,0,0,230000,0,0,0,300000,70000,230000,230000
056151,建準凱基97購01  ,0,0,0,0,0,0,0,0,0,230000,0,0,0,327000,97000,230000,230000
060129,祥碩永豐99購03  ,0,0,0,0,0,0,0,0,0,230000,0,0,0,240000,10000,230000,230000
07579P,聯茂元大9A售01  ,0,0,0,0,0,0,0,0,0,229000,0,0,0,418000,189000,229000,229000
3090,日電貿          ,376000,140000,236000,0,0,0,0,0,0,-7000,4000,0,4000,0,11000,-11000,229000
062319,南六凱基9B購02  ,0,0,0,0,0,0,0,0,0,228000,0,0,0,243000,15000,228000,228000
06072P,牧德永豐97售01  ,0,0,0,0,0,0,0,0,0,228000,0,0,0,228000,0,228000,228000
061732,智邦中信9B購01  ,0,0,0,0,0,0,0,0,0,228000,0,0,0,238000,10000,228000,228000
06006P,欣興永豐96售04  ,0,0,0,0,0,0,0,0,0,228000,0,0,0,313000,85000,228000,228000
057526,智邦元大98購10  ,0,0,0,0,0,0,0,0,0,228000,0,0,0,265000,37000,228000,228000
056543,京鼎凱基98購01  ,0,0,0,0,0,0,0,0,0,227000,0,0,0,266000,39000,227000,227000
058396,力山元大99購01  ,0,0,0,0,0,0,0,0,0,227000,0,0,0,227000,0,227000,227000
057322,旺宏群益98購04  ,0,0,0,0,0,0,0,0,0,227000,0,0,0,247000,20000,227000,227000
07080P,健策群益9A售01  ,0,0,0,0,0,0,0,0,0,226000,0,0,0,370000,144000,226000,226000
054013,聯發科永豐96購02,0,0,0,0,0,0,0,0,0,226000,0,0,0,226000,0,226000,226000
062063,世紀鋼統一9C購01,0,0,0,0,0,0,0,0,0,225000,0,0,0,229000,4000,225000,225000
020015,統一MSCI美低波N ,0,0,0,0,0,0,0,0,0,225000,0,0,0,261000,36000,225000,225000
062653,正隆永豐9B購01  ,0,0,0,0,0,0,0,0,0,224000,0,0,0,650000,426000,224000,224000
060549,聯發科凱基9B購03,0,0,0,0,0,0,0,0,0,224000,0,0,0,224000,0,224000,224000
2330,台積電          ,37855808,38963317,-1107509,0,0,0,1510000,339000,1171000,160014,295000,187000,108000,294000,241986,52014,223505
06170P,禾伸堂元富97售02,0,0,0,0,0,0,0,0,0,223000,0,0,0,243000,20000,223000,223000
051866,聯發科凱基96購05,0,0,0,0,0,0,0,0,0,222000,0,0,0,222000,0,222000,222000
061123,燿華永豐9A購01  ,0,0,0,0,0,0,0,0,0,221000,0,0,0,221000,0,221000,221000
07786P,南電中信9C售01  ,0,0,0,0,0,0,0,0,0,221000,0,0,0,236000,15000,221000,221000
062104,上証2X國票9B購03,0,0,0,0,0,0,0,0,0,220000,0,0,0,220000,0,220000,220000
07088P,訊芯永豐99售02  ,0,0,0,0,0,0,0,0,0,220000,0,0,0,240000,20000,220000,220000
058957,貿聯國票9A購01  ,0,0,0,0,0,0,0,0,0,220000,0,0,0,249000,29000,220000,220000
052945,嘉晶國票97購01  ,0,0,0,0,0,0,0,0,0,219000,0,0,0,325000,106000,219000,219000
059656,T50反1元大99購11,0,0,0,0,0,0,0,0,0,219000,0,0,0,327000,108000,219000,219000
060813,高鐵凱基9A購01  ,0,0,0,0,0,0,0,0,0,218000,0,0,0,286000,68000,218000,218000
2897,王道銀行        ,237000,5000,232000,0,0,0,0,0,0,-14000,11000,25000,-14000,0,0,0,218000
061262,智邦凱基9A購02  ,0,0,0,0,0,0,0,0,0,217000,0,0,0,253000,36000,217000,217000
06962P,華新科永豐99售01,0,0,0,0,0,0,0,0,0,216000,0,0,0,316000,100000,216000,216000
053958,京元電永豐96購01,0,0,0,0,0,0,0,0,0,216000,0,0,0,294000,78000,216000,216000
05524P,瀚宇博國票97售02,0,0,0,0,0,0,0,0,0,216000,0,0,0,256000,40000,216000,216000
060631,微星富邦9B購01  ,18000,0,18000,0,0,0,0,0,0,198000,0,0,0,284000,86000,198000,216000
061374,力山永豐9A購04  ,0,0,0,0,0,0,0,0,0,215000,0,0,0,215000,0,215000,215000
055902,同欣電中信99購01,0,0,0,0,0,0,0,0,0,215000,0,0,0,247000,32000,215000,215000
050424,鴻海凱基96購03  ,0,0,0,0,0,0,0,0,0,215000,0,0,0,215000,0,215000,215000
1809,中釉            ,234000,19000,215000,0,0,0,0,0,0,0,0,0,0,0,0,0,215000
06766P,玉晶光元大99售10,0,0,0,0,0,0,0,0,0,214000,0,0,0,262000,48000,214000,214000
06701P,臺股指統一99售06,0,0,0,0,0,0,0,0,0,214000,0,0,0,270000,56000,214000,214000
00665L,富邦恒生國企正2 ,213000,3000,210000,0,0,0,0,0,0,4000,0,0,0,186000,182000,4000,214000
057683,技嘉日盛98購01  ,0,0,0,0,0,0,0,0,0,214000,0,0,0,271000,57000,214000,214000
060758,台積電元大9A購19,0,0,0,0,0,0,0,0,0,213000,0,0,0,254000,41000,213000,213000
2637,慧洋-KY         ,542000,257000,285000,0,0,0,0,0,0,-72000,0,72000,-72000,0,0,0,213000
8404,百和興業-KY     ,256000,43000,213000,0,0,0,0,0,0,0,1000,1000,0,0,0,0,213000
053082,聯電元大98購03  ,0,0,0,0,0,0,0,0,0,212000,0,0,0,340000,128000,212000,212000
061423,廣達元大9A購01  ,2000,0,2000,0,0,0,0,0,0,209000,0,0,0,572000,363000,209000,211000
053313,世紀鋼凱基96購01,0,0,0,0,0,0,0,0,0,211000,0,0,0,211000,0,211000,211000
058498,世紀鋼群益99購01,0,0,0,0,0,0,0,0,0,211000,0,0,0,224000,13000,211000,211000
062161,南六凱基9C購01  ,0,0,0,0,0,0,0,0,0,210000,0,0,0,258000,48000,210000,210000
062327,燿華統一9B購02  ,0,0,0,0,0,0,0,0,0,210000,0,0,0,286000,76000,210000,210000
6672,騰輝電子-KY     ,436000,226000,210000,0,0,0,0,0,0,0,1000,1000,0,0,0,0,210000
3665,貿聯-KY         ,511000,463000,48000,0,0,0,100000,0,100000,62000,31000,0,31000,38000,7000,31000,210000
061429,南六元大9A購02  ,0,0,0,0,0,0,0,0,0,209000,0,0,0,331000,122000,209000,209000
057328,京鼎群益99購02  ,0,0,0,0,0,0,0,0,0,209000,0,0,0,209000,0,209000,209000
07653P,華新科群益9A售05,0,0,0,0,0,0,0,0,0,209000,0,0,0,364000,155000,209000,209000
07210P,智邦凱基99售03  ,0,0,0,0,0,0,0,0,0,208000,0,0,0,213000,5000,208000,208000
059688,燿華永豐99購01  ,0,0,0,0,0,0,0,0,0,208000,0,0,0,273000,65000,208000,208000
8163,達方            ,405000,198000,207000,0,0,0,0,0,0,1000,6000,0,6000,0,5000,-5000,208000
07082P,美律元大99售06  ,5000,0,5000,0,0,0,0,0,0,202000,0,0,0,250000,48000,202000,207000
061243,麗豐兆豐9A購01  ,0,0,0,0,0,0,0,0,0,207000,0,0,0,296000,89000,207000,207000
056191,世紀鋼統一97購01,0,0,0,0,0,0,0,0,0,207000,0,0,0,207000,0,207000,207000
059961,T50反1凱基99購09,0,0,0,0,0,0,0,0,0,206000,0,0,0,208000,2000,206000,206000
06657P,寶成元大98售01  ,0,0,0,0,0,0,0,0,0,205000,0,0,0,216000,11000,205000,205000
052003,泰碩國泰97購02  ,0,0,0,0,0,0,0,0,0,205000,0,0,0,328000,123000,205000,205000
3535,晶彩科          ,245000,46000,199000,0,0,0,0,0,0,6000,6000,0,6000,0,0,0,205000
2511,太子            ,227000,47000,180000,0,0,0,0,0,0,25000,25000,0,25000,0,0,0,205000
060807,新光金群益9A購01,0,0,0,0,0,0,0,0,0,204000,0,0,0,204000,0,204000,204000
054471,T50反1中信9C購01,0,0,0,0,0,0,0,0,0,204000,0,0,0,449000,245000,204000,204000
059103,旭富元富99購03  ,0,0,0,0,0,0,0,0,0,204000,0,0,0,204000,0,204000,204000
056395,玉晶光永豐9B購01,0,0,0,0,0,0,0,0,0,203000,0,0,0,203000,0,203000,203000
059945,嘉澤永豐99購03  ,0,0,0,0,0,0,0,0,0,203000,0,0,0,225000,22000,203000,203000
07884P,華新科凱基9B售08,0,0,0,0,0,0,0,0,0,203000,0,0,0,210000,7000,203000,203000
062295,康友永豐9B購01  ,0,0,0,0,0,0,0,0,0,202000,0,0,0,222000,20000,202000,202000
059646,聯茂凱基99購06  ,0,0,0,0,0,0,0,0,0,202000,0,0,0,212000,10000,202000,202000
054151,瑞昱國泰97購01  ,0,0,0,0,0,0,0,0,0,201000,0,0,0,345000,144000,201000,201000
05375P,健策國票96售02  ,0,0,0,0,0,0,0,0,0,201000,0,0,0,201000,0,201000,201000
08004P,大毅永豐9B售02  ,0,0,0,0,0,0,0,0,0,201000,0,0,0,261000,60000,201000,201000
060904,臺指反元大9C購07,0,0,0,0,0,0,0,0,0,200000,0,0,0,200000,0,200000,200000
061544,大毅群益9B購02  ,0,0,0,0,0,0,0,0,0,200000,0,0,0,200000,0,200000,200000
061673,仁寶元大9B購01  ,0,0,0,0,0,0,0,0,0,200000,0,0,0,268000,68000,200000,200000
055012,茂林元富97購01  ,0,0,0,0,0,0,0,0,0,200000,0,0,0,200000,0,200000,200000
056404,嘉聯益群益9A購01,0,0,0,0,0,0,0,0,0,200000,0,0,0,200000,0,200000,200000
058965,祥碩兆豐99購02  ,0,0,0,0,0,0,0,0,0,200000,0,0,0,200000,0,200000,200000
05683P,矽創元大96售01  ,0,0,0,0,0,0,0,0,0,200000,0,0,0,200000,0,200000,200000
057302,福懋科中信98購01,0,0,0,0,0,0,0,0,0,200000,0,0,0,200000,0,200000,200000
057269,鈺齊兆豐98購01  ,0,0,0,0,0,0,0,0,0,200000,0,0,0,200000,0,200000,200000
061418,世紀鋼群益9A購02,0,0,0,0,0,0,0,0,0,199000,0,0,0,615000,416000,199000,199000
052127,日月光國票96購01,0,0,0,0,0,0,0,0,0,199000,0,0,0,199000,0,199000,199000
059469,智邦元大99購03  ,0,0,0,0,0,0,0,0,0,199000,0,0,0,289000,90000,199000,199000
2836,高雄銀          ,201000,2000,199000,0,0,0,0,0,0,0,0,0,0,0,0,0,199000
061037,嘉澤永豐9A購01  ,0,0,0,0,0,0,0,0,0,198000,0,0,0,343000,145000,198000,198000
053638,信邦永豐96購01  ,0,0,0,0,0,0,0,0,0,198000,0,0,0,198000,0,198000,198000
1339,昭輝            ,263000,24000,239000,0,0,0,0,0,0,-41000,0,41000,-41000,0,0,0,198000
07520P,臺股指元大9B售11,0,0,0,0,0,0,0,0,0,198000,0,0,0,223000,25000,198000,198000
07411P,國巨元大99售31  ,0,0,0,0,0,0,0,0,0,198000,0,0,0,198000,0,198000,198000
05921P,同欣電元大96售06,0,0,0,0,0,0,0,0,0,197000,0,0,0,199000,2000,197000,197000
05870P,聯發科凱基96售19,0,0,0,0,0,0,0,0,0,197000,0,0,0,200000,3000,197000,197000
058225,旺宏元富99購01  ,0,0,0,0,0,0,0,0,0,197000,0,0,0,257000,60000,197000,197000
058380,臺股指凱基99購15,0,0,0,0,0,0,0,0,0,197000,0,0,0,197000,0,197000,197000
07283P,華新科凱基99售07,0,0,0,0,0,0,0,0,0,197000,0,0,0,200000,3000,197000,197000
3045,台灣大          ,2288139,2165655,122484,0,0,0,11000,0,11000,63000,63000,0,63000,0,0,0,196484
061802,勤誠永豐9B購01  ,0,0,0,0,0,0,0,0,0,196000,0,0,0,201000,5000,196000,196000
053519,力成群益96購02  ,0,0,0,0,0,0,0,0,0,196000,0,0,0,196000,0,196000,196000
058844,元油2X群益9C購03,0,0,0,0,0,0,0,0,0,196000,0,0,0,196000,0,196000,196000
056958,喬山永豐98購01  ,0,0,0,0,0,0,0,0,0,196000,0,0,0,201000,5000,196000,196000
1527,鑽全            ,230000,36000,194000,0,0,0,0,0,0,2000,2000,0,2000,0,0,0,196000
053582,英業達元大97購01,0,0,0,0,0,0,0,0,0,195000,0,0,0,197000,2000,195000,195000
059875,信邦凱基99購02  ,0,0,0,0,0,0,0,0,0,195000,0,0,0,298000,103000,195000,195000
060529,聯發科中信9A購04,0,0,0,0,0,0,0,0,0,195000,0,0,0,261000,66000,195000,195000
06705P,臻鼎元富98售03  ,0,0,0,0,0,0,0,0,0,194000,0,0,0,197000,3000,194000,194000
07071P,立積元富99售01  ,0,0,0,0,0,0,0,0,0,194000,0,0,0,483000,289000,194000,194000
05571P,大立光統一96售03,0,0,0,0,0,0,0,0,0,194000,0,0,0,238000,44000,194000,194000
055108,智邦凱基98購01  ,0,0,0,0,0,0,0,0,0,194000,0,0,0,195000,1000,194000,194000
052863,友達凱基98購02  ,0,0,0,0,0,0,0,0,0,193000,0,0,0,200000,7000,193000,193000
060578,臺股指中信9C購03,0,0,0,0,0,0,0,0,0,193000,0,0,0,243000,50000,193000,193000
1464,得力            ,226000,37000,189000,0,0,0,0,0,0,4000,5000,0,5000,0,1000,-1000,193000
051843,聯發科富邦99購01,0,0,0,0,0,0,0,0,0,192000,0,0,0,192000,0,192000,192000
2457,飛宏            ,248000,65000,183000,0,0,0,0,0,0,9000,9000,0,9000,0,0,0,192000
061043,百和永豐9A購01  ,0,0,0,0,0,0,0,0,0,190000,0,0,0,288000,98000,190000,190000
061244,和碩兆豐9A購01  ,0,0,0,0,0,0,0,0,0,190000,0,0,0,230000,40000,190000,190000
061867,旺宏元大9B購02  ,0,0,0,0,0,0,0,0,0,189000,0,0,0,212000,23000,189000,189000
061879,超眾元大9C購01  ,0,0,0,0,0,0,0,0,0,189000,0,0,0,212000,23000,189000,189000
07504P,聯詠元大9A售02  ,0,0,0,0,0,0,0,0,0,189000,0,0,0,189000,0,189000,189000
060900,超眾凱基9B購01  ,0,0,0,0,0,0,0,0,0,188000,0,0,0,188000,0,188000,188000
06594P,立積元大98售01  ,0,0,0,0,0,0,0,0,0,188000,0,0,0,320000,132000,188000,188000
053458,聯詠國泰97購01  ,0,0,0,0,0,0,0,0,0,188000,0,0,0,200000,12000,188000,188000
00674R,元大S&P黃金反1  ,0,58000,-58000,0,0,0,0,0,0,246000,0,0,0,264000,18000,246000,188000
054319,世紀鋼凱基96購02,0,0,0,0,0,0,0,0,0,188000,0,0,0,188000,0,188000,188000
054343,世紀鋼元富96購02,0,0,0,0,0,0,0,0,0,188000,0,0,0,251000,63000,188000,188000
054550,旺宏凱基98購02  ,0,0,0,0,0,0,0,0,0,188000,0,0,0,208000,20000,188000,188000
05920P,力成元大96售04  ,0,0,0,0,0,0,0,0,0,188000,0,0,0,191000,3000,188000,188000
6451,訊芯-KY         ,345000,173000,172000,0,0,0,0,0,0,16000,4000,3000,1000,17000,2000,15000,188000
060788,嘉晶富邦9B購01  ,0,0,0,0,0,0,0,0,0,187000,0,0,0,325000,138000,187000,187000
061492,超眾兆豐9B購01  ,0,0,0,0,0,0,0,0,0,187000,0,0,0,237000,50000,187000,187000
1417,嘉裕            ,201000,14000,187000,0,0,0,0,0,0,0,0,0,0,0,0,0,187000
2492,華新科          ,1700000,1589000,111000,0,0,0,0,0,0,76000,16000,17000,-1000,260000,183000,77000,187000
061634,遠東新元大9A購01,0,0,0,0,0,0,0,0,0,186000,0,0,0,659000,473000,186000,186000
062075,智邦元大9B購03  ,0,0,0,0,0,0,0,0,0,186000,0,0,0,249000,63000,186000,186000
055540,京鼎台新97購01  ,0,0,0,0,0,0,0,0,0,186000,0,0,0,186000,0,186000,186000
3588,通嘉            ,204000,18000,186000,0,0,0,0,0,0,0,0,0,0,0,0,0,186000
06142P,台虹康和97售02  ,0,0,0,0,0,0,0,0,0,185000,0,0,0,200000,15000,185000,185000
055060,聯陽永豐97購01  ,0,0,0,0,0,0,0,0,0,185000,0,0,0,185000,0,185000,185000
06046P,健策統一96售03  ,0,0,0,0,0,0,0,0,0,184000,0,0,0,319000,135000,184000,184000
062051,上銀統一9C購02  ,0,0,0,0,0,0,0,0,0,184000,0,0,0,184000,0,184000,184000
056012,勤誠中信99購01  ,0,0,0,0,0,0,0,0,0,184000,0,0,0,499000,315000,184000,184000
058752,鈺齊凱基9A購01  ,0,0,0,0,0,0,0,0,0,184000,0,0,0,184000,0,184000,184000
056894,佳世達元大99購01,0,0,0,0,0,0,0,0,0,184000,0,0,0,268000,84000,184000,184000
060211,智邦康和9A購01  ,0,0,0,0,0,0,0,0,0,184000,0,0,0,186000,2000,184000,184000
06748P,智邦台新98售02  ,0,0,0,0,0,0,0,0,0,183000,0,0,0,183000,0,183000,183000
060946,世紀鋼國票9A購02,0,0,0,0,0,0,0,0,0,183000,0,0,0,193000,10000,183000,183000
061354,瑞儀元大9A購01  ,0,0,0,0,0,0,0,0,0,183000,0,0,0,240000,57000,183000,183000
057451,大立光元富9B購01,0,0,0,0,0,0,0,0,0,183000,0,0,0,241000,58000,183000,183000
4916,事欣科          ,179000,2000,177000,0,0,0,0,0,0,6000,6000,0,6000,0,0,0,183000
06082P,華通統一98售01  ,0,0,0,0,0,0,0,0,0,182000,0,0,0,182000,0,182000,182000
057875,京鼎元大98購03  ,0,0,0,0,0,0,0,0,0,182000,0,0,0,192000,10000,182000,182000
061448,旺宏中信9A購02  ,0,0,0,0,0,0,0,0,0,181000,0,0,0,208000,27000,181000,181000
049064,T50反1凱基96購03,0,0,0,0,0,0,0,0,0,181000,0,0,0,181000,0,181000,181000
2903,遠百            ,590000,398000,192000,0,0,0,0,0,0,-11000,2000,13000,-11000,0,0,0,181000
060959,金像電凱基9A購01,0,0,0,0,0,0,0,0,0,180000,0,0,0,393000,213000,180000,180000
06884P,台郡群益98售03  ,0,0,0,0,0,0,0,0,0,180000,0,0,0,186000,6000,180000,180000
059949,啟碁永豐99購01  ,0,0,0,0,0,0,0,0,0,180000,0,0,0,311000,131000,180000,180000
054214,京鼎國票97購02  ,0,0,0,0,0,0,0,0,0,180000,0,0,0,180000,0,180000,180000
060304,大立光富邦9C購05,0,0,0,0,0,0,0,0,0,180000,0,0,0,180000,0,180000,180000
058613,茂林元大99購03  ,0,0,0,0,0,0,0,0,0,180000,0,0,0,200000,20000,180000,180000
06667P,鴻海凱基98售11  ,0,0,0,0,0,0,0,0,0,179000,0,0,0,231000,52000,179000,179000
058730,玉晶光永豐9A購01,0,0,0,0,0,0,0,0,0,179000,0,0,0,179000,0,179000,179000
060288,群光元大9C購01  ,0,0,0,0,0,0,0,0,0,179000,0,0,0,250000,71000,179000,179000
6271,同欣電          ,815000,1097000,-282000,0,0,0,616000,50000,566000,-105000,26000,105000,-79000,17000,43000,-26000,179000
06576P,台光電群益98售03,0,0,0,0,0,0,0,0,0,178000,0,0,0,208000,30000,178000,178000
062034,同欣電群益9B購01,0,0,0,0,0,0,0,0,0,178000,0,0,0,255000,77000,178000,178000
059326,康友元大99購01  ,0,0,0,0,0,0,0,0,0,178000,0,0,0,306000,128000,178000,178000
058926,勤誠元富99購01  ,0,0,0,0,0,0,0,0,0,177000,0,0,0,207000,30000,177000,177000
2607,榮運            ,191000,11000,180000,0,0,0,0,0,0,-3000,1000,4000,-3000,0,0,0,177000
1215,卜蜂            ,337000,125000,212000,0,0,0,0,0,0,-35000,0,5000,-5000,24000,54000,-30000,177000
07863P,華新科凱基9B售07,0,0,0,0,0,0,0,0,0,177000,0,0,0,180000,3000,177000,177000
062476,神隆國票9B購01  ,0,0,0,0,0,0,0,0,0,176000,0,0,0,185000,9000,176000,176000
05994P,奇鋐元大96售02  ,0,0,0,0,0,0,0,0,0,176000,0,0,0,190000,14000,176000,176000
00714,群益道瓊美國地產,0,0,0,0,0,0,0,0,0,176000,0,0,0,176000,0,176000,176000
059281,創意永豐99購02  ,0,0,0,0,0,0,0,0,0,175000,0,0,0,259000,84000,175000,175000
060379,T50反1凱基9A購07,0,0,0,0,0,0,0,0,0,175000,0,0,0,176000,1000,175000,175000
020000,富邦特選蘋果N   ,0,0,0,0,0,0,0,0,0,174000,0,0,0,227000,53000,174000,174000
2228,劍麟            ,266000,95000,171000,0,0,0,0,0,0,3000,0,0,0,3000,0,3000,174000
9910,豐泰            ,1292000,1394934,-102934,0,0,0,244000,0,244000,32000,40000,8000,32000,0,0,0,173066
058154,泰碩統一9A購01  ,0,0,0,0,0,0,0,0,0,173000,0,0,0,293000,120000,173000,173000
058189,嘉澤永豐99購01  ,30000,0,30000,0,0,0,0,0,0,143000,0,0,0,222000,79000,143000,173000
062142,喬山國票9B購01  ,0,0,0,0,0,0,0,0,0,172000,0,0,0,172000,0,172000,172000
062227,南六統一01購02  ,0,0,0,0,0,0,0,0,0,172000,0,0,0,202000,30000,172000,172000
06180P,禾伸堂群益97售01,0,0,0,0,0,0,0,0,0,172000,0,0,0,250000,78000,172000,172000
056087,世芯統一97購01  ,0,0,0,0,0,0,0,0,0,172000,0,0,0,182000,10000,172000,172000
056164,聯茂凱基98購03  ,0,0,0,0,0,0,0,0,0,172000,0,0,0,200000,28000,172000,172000
058016,智邦凱基98購06  ,0,0,0,0,0,0,0,0,0,172000,0,0,0,172000,0,172000,172000
052700,奇鋐國票97購02  ,0,0,0,0,0,0,0,0,0,171000,0,0,0,397000,226000,171000,171000
057366,智邦元大98購08  ,0,0,0,0,0,0,0,0,0,171000,0,0,0,254000,83000,171000,171000
2369,菱生            ,264000,104000,160000,0,0,0,0,0,0,11000,11000,0,11000,0,0,0,171000
05884P,旺宏統一96售01  ,0,0,0,0,0,0,0,0,0,170000,0,0,0,170000,0,170000,170000
057824,日月光元大98購01,0,0,0,0,0,0,0,0,0,170000,0,0,0,200000,30000,170000,170000
07484P,台灣50凱基04售02,0,0,0,0,0,0,0,0,0,170000,0,0,0,170000,0,170000,170000
07238P,台灣50國票99售07,0,0,0,0,0,0,0,0,0,170000,0,0,0,202000,32000,170000,170000
062166,致新國泰01購01  ,0,0,0,0,0,0,0,0,0,169000,0,0,0,169000,0,169000,169000
059348,日月光凱基99購01,0,0,0,0,0,0,0,0,0,169000,0,0,0,169000,0,169000,169000
07501P,華新科元大9A售07,0,0,0,0,0,0,0,0,0,169000,0,0,0,280000,111000,169000,169000
06172P,台虹永豐97售02  ,0,0,0,0,0,0,0,0,0,168000,0,0,0,168000,0,168000,168000
054563,泰碩群益99購01  ,0,0,0,0,0,0,0,0,0,168000,0,0,0,228000,60000,168000,168000
061347,創意元大9A購02  ,0,0,0,0,0,0,0,0,0,167000,0,0,0,308000,141000,167000,167000
056321,創意群益98購02  ,0,0,0,0,0,0,0,0,0,167000,0,0,0,207000,40000,167000,167000
057207,立積元富98購02  ,0,0,0,0,0,0,0,0,0,167000,0,0,0,269000,102000,167000,167000
060297,和碩元大9A購02  ,0,0,0,0,0,0,0,0,0,167000,0,0,0,175000,8000,167000,167000
060547,瑞昱凱基9A購01  ,1000,0,1000,0,0,0,0,0,0,166000,0,0,0,506000,340000,166000,167000
1522,堤維西          ,182000,20000,162000,0,0,0,0,0,0,5000,5000,0,5000,0,0,0,167000
06144P,台光電永豐97售01,0,0,0,0,0,0,0,0,0,166000,0,0,0,176000,10000,166000,166000
061734,全新中信9B購02  ,0,0,0,0,0,0,0,0,0,166000,0,0,0,206000,40000,166000,166000
061931,力山國票9B購02  ,0,0,0,0,0,0,0,0,0,166000,0,0,0,166000,0,166000,166000
060818,上銀統一9C購01  ,0,0,0,0,0,0,0,0,0,166000,0,0,0,182000,16000,166000,166000
060854,台積電富邦9C購08,0,0,0,0,0,0,0,0,0,165000,0,0,0,185000,20000,165000,165000
060896,晶技凱基9A購02  ,0,0,0,0,0,0,0,0,0,165000,0,0,0,258000,93000,165000,165000
05658P,日月光元富96售02,0,0,0,0,0,0,0,0,0,165000,0,0,0,199000,34000,165000,165000
05063P,聯電元大96售03  ,0,0,0,0,0,0,0,0,0,164000,0,0,0,164000,0,164000,164000
060203,緯穎元富9A購01  ,0,0,0,0,0,0,0,0,0,164000,0,0,0,380000,216000,164000,164000
059454,亞光永豐99購01  ,0,0,0,0,0,0,0,0,0,164000,0,0,0,164000,0,164000,164000
2615,萬海            ,387000,238000,149000,0,0,0,0,0,0,15000,15000,0,15000,0,0,0,164000
056079,世紀鋼元大97購02,0,0,0,0,0,0,0,0,0,163000,0,0,0,163000,0,163000,163000
058555,矽創永豐9A購01  ,0,0,0,0,0,0,0,0,0,163000,0,0,0,200000,37000,163000,163000
058337,日月光元富99購01,0,0,0,0,0,0,0,0,0,162000,0,0,0,212000,50000,162000,162000
2233,宇隆            ,141000,13000,128000,0,0,0,0,0,0,34000,35000,1000,34000,0,0,0,162000
061549,泰碩群益9A購01  ,0,0,0,0,0,0,0,0,0,161000,0,0,0,215000,54000,161000,161000
06448P,華通元大99售01  ,0,0,0,0,0,0,0,0,0,161000,0,0,0,172000,11000,161000,161000
054861,智邦群益97購01  ,0,0,0,0,0,0,0,0,0,161000,0,0,0,162000,1000,161000,161000
06934P,聯鈞元大98售03  ,0,0,0,0,0,0,0,0,0,160000,0,0,0,259000,99000,160000,160000
061971,力山元大9C購02  ,0,0,0,0,0,0,0,0,0,160000,0,0,0,226000,66000,160000,160000
056734,國巨凱基99購01  ,0,0,0,0,0,0,0,0,0,160000,0,0,0,200000,40000,160000,160000
051544,T50反1康和98購01,0,0,0,0,0,0,0,0,0,160000,0,0,0,160000,0,160000,160000
6196,帆宣            ,177000,50000,127000,0,0,0,0,0,0,33000,26000,0,26000,7000,0,7000,160000
061042,致新永豐9A購02  ,0,0,0,0,0,0,0,0,0,159000,0,0,0,290000,131000,159000,159000
05348P,美律元富98售01  ,0,0,0,0,0,0,0,0,0,159000,0,0,0,180000,21000,159000,159000
1536,和大            ,381000,435000,-54000,0,0,0,0,7000,-7000,220000,97000,2000,95000,135000,10000,125000,159000
1717,長興            ,1445000,860000,585000,0,0,0,0,0,0,-426000,76000,502000,-426000,0,0,0,159000
060412,儒鴻永豐9A購01  ,0,0,0,0,0,0,0,0,0,158000,0,0,0,287000,129000,158000,158000
058764,康友群益99購01  ,0,0,0,0,0,0,0,0,0,158000,0,0,0,168000,10000,158000,158000
1906,寶隆            ,182000,23000,159000,0,0,0,0,0,0,-1000,0,1000,-1000,0,0,0,158000
2537,聯上發          ,177000,19000,158000,0,0,0,0,0,0,0,0,0,0,0,0,0,158000
060435,鈺齊永豐9A購01  ,0,0,0,0,0,0,0,0,0,156000,0,0,0,217000,61000,156000,156000
061511,緯穎富邦9B購02  ,0,0,0,0,0,0,0,0,0,156000,0,0,0,252000,96000,156000,156000
07174P,臺股指國票99售11,0,0,0,0,0,0,0,0,0,156000,0,0,0,775000,619000,156000,156000
054626,建準凱基98購01  ,0,0,0,0,0,0,0,0,0,156000,0,0,0,166000,10000,156000,156000
6277,宏正            ,223000,70000,153000,0,0,0,0,0,0,3000,6000,3000,3000,0,0,0,156000
062070,金寶元大9B購01  ,0,0,0,0,0,0,0,0,0,155000,0,0,0,155000,0,155000,155000
06169P,華新科元富97售02,0,0,0,0,0,0,0,0,0,155000,0,0,0,156000,1000,155000,155000
060373,元金2X元富9A購01,0,0,0,0,0,0,0,0,0,155000,0,0,0,162000,7000,155000,155000
07670P,茂林元大9A售02  ,0,0,0,0,0,0,0,0,0,155000,0,0,0,182000,27000,155000,155000
055124,建準兆豐97購01  ,0,0,0,0,0,0,0,0,0,154000,0,0,0,489000,335000,154000,154000
058522,聯茂元大99購07  ,0,0,0,0,0,0,0,0,0,154000,0,0,0,585000,431000,154000,154000
060230,台積電元大9A購07,0,0,0,0,0,0,0,0,0,153000,0,0,0,155000,2000,153000,153000
059064,緯穎凱基99購02  ,0,0,0,0,0,0,0,0,0,153000,0,0,0,334000,181000,153000,153000
059042,世紀鋼群益99購02,0,0,0,0,0,0,0,0,0,153000,0,0,0,153000,0,153000,153000
1449,佳和            ,198000,45000,153000,0,0,0,0,0,0,0,0,0,0,0,0,0,153000
2385,群光            ,1431373,1003337,428036,0,0,0,0,287000,-287000,11000,12000,0,12000,4000,5000,-1000,152036
061929,嘉澤凱基9B購01  ,0,0,0,0,0,0,0,0,0,152000,0,0,0,152000,0,152000,152000
06656P,GIS元大98售02   ,0,0,0,0,0,0,0,0,0,152000,0,0,0,162000,10000,152000,152000
2353,宏碁            ,5600000,5742799,-142799,0,0,0,25000,0,25000,269000,249000,3000,246000,65000,42000,23000,151201
062361,智邦元大9B購06  ,0,0,0,0,0,0,0,0,0,151000,0,0,0,228000,77000,151000,151000
061647,南六元大9A購03  ,0,0,0,0,0,0,0,0,0,151000,0,0,0,215000,64000,151000,151000
056767,大毅元大99購01  ,0,70000,-70000,0,0,0,0,0,0,221000,0,0,0,310000,89000,221000,151000
052969,建準群益97購01  ,0,0,0,0,0,0,0,0,0,151000,0,0,0,171000,20000,151000,151000
057446,旺宏元富02購01  ,0,0,0,0,0,0,0,0,0,151000,0,0,0,151000,0,151000,151000
07765P,台積電群益9A售06,0,0,0,0,0,0,0,0,0,151000,0,0,0,166000,15000,151000,151000
052215,樺漢元大96購02  ,0,0,0,0,0,0,0,0,0,150000,0,0,0,150000,0,150000,150000
057860,金寶凱基98購01  ,0,0,0,0,0,0,0,0,0,150000,0,0,0,200000,50000,150000,150000
056480,京鼎元大98購02  ,0,0,0,0,0,0,0,0,0,150000,0,0,0,218000,68000,150000,150000
055205,京鼎中信99購01  ,0,0,0,0,0,0,0,0,0,150000,0,0,0,170000,20000,150000,150000
07875P,祥碩群益9B售01  ,0,0,0,0,0,0,0,0,0,150000,0,0,0,171000,21000,150000,150000
07907P,台灣50台新9B售08,0,0,0,0,0,0,0,0,0,150000,0,0,0,150000,0,150000,150000
07641P,上銀凱基9A售05  ,0,0,0,0,0,0,0,0,0,150000,0,0,0,170000,20000,150000,150000
2426,鼎元            ,435000,297000,138000,0,0,0,0,0,0,12000,12000,0,12000,0,0,0,150000
5519,隆大            ,182000,32000,150000,0,0,0,0,0,0,0,0,0,0,0,0,0,150000
062039,聯發科凱基9B購07,0,0,0,0,0,0,0,0,0,149000,0,0,0,219000,70000,149000,149000
053443,智邦凱基97購01  ,0,0,0,0,0,0,0,0,0,149000,0,0,0,170000,21000,149000,149000
058457,創意永豐99購01  ,0,0,0,0,0,0,0,0,0,149000,0,0,0,207000,58000,149000,149000
07612P,國巨國泰9B售06  ,0,0,0,0,0,0,0,0,0,149000,0,0,0,221000,72000,149000,149000
07640P,國巨群益9A售07  ,0,0,0,0,0,0,0,0,0,149000,0,0,0,150000,1000,149000,149000
062398,建準永豐9B購01  ,0,0,0,0,0,0,0,0,0,148000,0,0,0,205000,57000,148000,148000
06151P,華新科元大97售07,0,0,0,0,0,0,0,0,0,148000,0,0,0,238000,90000,148000,148000
053537,玉晶光永豐98購02,0,0,0,0,0,0,0,0,0,148000,0,0,0,248000,100000,148000,148000
060623,玉晶光元大9C購01,0,0,0,0,0,0,0,0,0,148000,0,0,0,168000,20000,148000,148000
057323,智邦群益98購01  ,0,0,0,0,0,0,0,0,0,148000,0,0,0,149000,1000,148000,148000
061771,玉晶光元大9C購04,0,0,0,0,0,0,0,0,0,147000,0,0,0,150000,3000,147000,147000
057270,遠東新元大98購01,0,0,0,0,0,0,0,0,0,147000,0,0,0,157000,10000,147000,147000
06035P,同欣電凱基96售03,0,0,0,0,0,0,0,0,0,147000,0,0,0,147000,0,147000,147000
07800P,華新科國泰9B售04,0,0,0,0,0,0,0,0,0,147000,0,0,0,209000,62000,147000,147000
056385,創意國泰99購01  ,0,0,0,0,0,0,0,0,0,146000,0,0,0,151000,5000,146000,146000
05708P,奇力新國票97售04,0,0,0,0,0,0,0,0,0,146000,0,0,0,171000,25000,146000,146000
2727,王品            ,190000,46000,144000,0,0,0,0,0,0,2000,2000,0,2000,0,0,0,146000
054558,劍麟群益99購01  ,0,0,0,0,0,0,0,0,0,145000,0,0,0,200000,55000,145000,145000
055794,聯發科國泰99購01,0,0,0,0,0,0,0,0,0,145000,0,0,0,145000,0,145000,145000
052113,漢唐中信98購01  ,0,0,0,0,0,0,0,0,0,145000,0,0,0,165000,20000,145000,145000
046999,康控富邦99購01  ,0,0,0,0,0,0,0,0,0,145000,0,0,0,145000,0,145000,145000
048652,巨大元大96購01  ,0,0,0,0,0,0,0,0,0,145000,0,0,0,150000,5000,145000,145000
4133,亞諾法          ,1495000,1429000,66000,0,0,0,0,0,0,79000,79000,0,79000,0,0,0,145000
4566,時碩工業        ,189000,42000,147000,0,0,0,0,0,0,-2000,1000,3000,-2000,0,0,0,145000
07161P,臺股指群益99售12,0,0,0,0,0,0,0,0,0,144000,0,0,0,150000,6000,144000,144000
00634R,富邦上証反1     ,0,43000,-43000,0,0,0,0,0,0,187000,0,0,0,207000,20000,187000,144000
052654,友達統一97購01  ,0,0,0,0,0,0,0,0,0,144000,0,0,0,195000,51000,144000,144000
052818,智邦永豐96購01  ,0,0,0,0,0,0,0,0,0,144000,0,0,0,144000,0,144000,144000
056766,義隆元大98購01  ,0,0,0,0,0,0,0,0,0,144000,0,0,0,144000,0,144000,144000
058520,智易元大99購03  ,0,0,0,0,0,0,0,0,0,144000,0,0,0,151000,7000,144000,144000
061579,京鼎元大9A購02  ,0,0,0,0,0,0,0,0,0,143000,0,0,0,143000,0,143000,143000
060375,葡萄王元富9A購01,0,0,0,0,0,0,0,0,0,143000,0,0,0,236000,93000,143000,143000
057153,祥碩國泰99購01  ,0,0,0,0,0,0,0,0,0,143000,0,0,0,143000,0,143000,143000
5203,訊連            ,213000,148000,65000,0,0,0,10000,0,10000,68000,14000,0,14000,59000,5000,54000,143000
07754P,日月光元大9A售02,0,0,0,0,0,0,0,0,0,143000,0,0,0,286000,143000,143000,143000
07989P,玉晶光凱基9B售07,0,0,0,0,0,0,0,0,0,143000,0,0,0,162000,19000,143000,143000
054552,聯發科凱基98購03,0,0,0,0,0,0,0,0,0,142000,0,0,0,142000,0,142000,142000
5288,豐祥-KY         ,148000,6000,142000,0,0,0,0,0,0,0,0,0,0,0,0,0,142000
061782,智邦群益9B購01  ,0,0,0,0,0,0,0,0,0,141000,0,0,0,141000,0,141000,141000
062005,旺宏國泰01購01  ,0,0,0,0,0,0,0,0,0,141000,0,0,0,150000,9000,141000,141000
059861,聯發科群益9A購01,0,0,0,0,0,0,0,0,0,141000,0,0,0,141000,0,141000,141000
060310,瑞昱永豐9A購01  ,0,0,0,0,0,0,0,0,0,141000,0,0,0,141000,0,141000,141000
058483,道瓊指國票9A購01,0,0,0,0,0,0,0,0,0,141000,0,0,0,141000,0,141000,141000
061978,旺宏元大9C購01  ,0,0,0,0,0,0,0,0,0,140000,0,0,0,140000,0,140000,140000
061801,祥碩永豐9B購01  ,0,0,0,0,0,0,0,0,0,140000,0,0,0,170000,30000,140000,140000
060911,大毅元大9A購01  ,0,0,0,0,0,0,0,0,0,140000,0,0,0,154000,14000,140000,140000
060815,茂林凱基9B購01  ,0,0,0,0,0,0,0,0,0,140000,0,0,0,140000,0,140000,140000
054425,聯發科富邦99購03,57000,0,57000,0,0,0,0,0,0,83000,0,0,0,83000,0,83000,140000
055067,禾聯碩永豐97購01,0,0,0,0,0,0,0,0,0,140000,0,0,0,140000,0,140000,140000
052964,台表科凱基96購03,0,0,0,0,0,0,0,0,0,140000,0,0,0,140000,0,140000,140000
051419,麗豐國票96購01  ,0,0,0,0,0,0,0,0,0,140000,0,0,0,140000,0,140000,140000
053190,聯發科統一99購01,0,0,0,0,0,0,0,0,0,140000,0,0,0,140000,0,140000,140000
058037,台灣50元大9B購02,0,0,0,0,0,0,0,0,0,140000,0,0,0,140000,0,140000,140000
056902,大立光元大98購12,0,0,0,0,0,0,0,0,0,140000,0,0,0,140000,0,140000,140000
059641,群創凱基99購06  ,0,0,0,0,0,0,0,0,0,140000,0,0,0,343000,203000,140000,140000
5521,工信            ,361000,225000,136000,0,0,0,0,0,0,4000,4000,0,4000,0,0,0,140000
2107,厚生            ,249000,77000,172000,0,0,0,0,0,0,-32000,0,32000,-32000,0,0,0,140000
061624,中租群益9A購01  ,0,0,0,0,0,0,0,0,0,139000,0,0,0,139000,0,139000,139000
058026,上銀富邦9A購01  ,0,0,0,0,0,0,0,0,0,139000,0,0,0,151000,12000,139000,139000
058950,國巨群益99購06  ,0,0,0,0,0,0,0,0,0,139000,0,0,0,147000,8000,139000,139000
060512,祥碩元大9A購02  ,0,0,0,0,0,0,0,0,0,139000,0,0,0,279000,140000,139000,139000
058248,聯茂元大99購05  ,0,0,0,0,0,0,0,0,0,139000,0,0,0,207000,68000,139000,139000
056693,國產群益98購01  ,0,0,0,0,0,0,0,0,0,139000,0,0,0,537000,398000,139000,139000
06721P,臺股指中信9A售03,0,0,0,0,0,0,0,0,0,138000,0,0,0,157000,19000,138000,138000
057499,奇鋐群益98購01  ,0,0,0,0,0,0,0,0,0,138000,0,0,0,138000,0,138000,138000
07816P,聯發科群益9A售02,0,0,0,0,0,0,0,0,0,138000,0,0,0,149000,11000,138000,138000
8341,日友            ,167000,29000,138000,0,0,0,0,0,0,0,0,0,0,0,0,0,138000
060436,巨大永豐9A購01  ,0,0,0,0,0,0,0,0,0,137000,0,0,0,197000,60000,137000,137000
059070,道瓊指元大99購02,0,0,0,0,0,0,0,0,0,137000,0,0,0,137000,0,137000,137000
2534,宏盛            ,247000,115000,132000,0,0,0,0,0,0,5000,5000,0,5000,0,0,0,137000
061212,聯鈞元大9A購04  ,0,0,0,0,0,0,0,0,0,136000,0,0,0,206000,70000,136000,136000
058229,為升元大99購02  ,0,0,0,0,0,0,0,0,0,136000,0,0,0,246000,110000,136000,136000
3019,亞光            ,516000,340000,176000,0,0,0,0,0,0,-40000,43000,32000,11000,16000,67000,-51000,136000
07795P,美律國票9A售03  ,0,0,0,0,0,0,0,0,0,136000,0,0,0,136000,0,136000,136000
1218,泰山            ,249000,113000,136000,0,0,0,0,0,0,0,0,0,0,0,0,0,136000
047420,全新富邦97購01  ,0,0,0,0,0,0,0,0,0,135000,0,0,0,210000,75000,135000,135000
054710,東元元富97購01  ,0,0,0,0,0,0,0,0,0,135000,0,0,0,186000,51000,135000,135000
060029,嘉晶永豐99購03  ,0,0,0,0,0,0,0,0,0,135000,0,0,0,135000,0,135000,135000
056599,臻鼎元富98購01  ,0,0,0,0,0,0,0,0,0,135000,0,0,0,135000,0,135000,135000
056526,力山凱基98購01  ,0,0,0,0,0,0,0,0,0,135000,0,0,0,159000,24000,135000,135000
058270,上緯控永豐99購01,0,0,0,0,0,0,0,0,0,135000,0,0,0,220000,85000,135000,135000
05880P,創意康和96售01  ,0,0,0,0,0,0,0,0,0,135000,0,0,0,150000,15000,135000,135000
3004,豐達科          ,171000,37000,134000,0,0,0,0,0,0,1000,1000,0,1000,0,0,0,135000
8261,富鼎            ,164000,29000,135000,0,0,0,0,0,0,0,0,0,0,0,0,0,135000
060322,卜蜂群益9A購01  ,0,0,0,0,0,0,0,0,0,134000,0,0,0,184000,50000,134000,134000
1514,亞力            ,185000,54000,131000,0,0,0,0,0,0,3000,3000,0,3000,0,0,0,134000
052135,聯發科凱基9B購01,0,0,0,0,0,0,0,0,0,133000,0,0,0,133000,0,133000,133000
059694,創意永豐99購03  ,0,0,0,0,0,0,0,0,0,133000,0,0,0,145000,12000,133000,133000
2451,創見            ,196000,169000,27000,0,0,0,102000,0,102000,4000,7000,3000,4000,0,0,0,133000
061510,嘉澤富邦9C購01  ,0,0,0,0,0,0,0,0,0,132000,0,0,0,138000,6000,132000,132000
05024P,華通國票96售01  ,0,0,0,0,0,0,0,0,0,132000,0,0,0,140000,8000,132000,132000
061214,華擎元大9A購04  ,0,0,0,0,0,0,0,0,0,131000,0,0,0,150000,19000,131000,131000
06083P,華通統一98售02  ,0,0,0,0,0,0,0,0,0,131000,0,0,0,133000,2000,131000,131000
056712,京鼎永豐98購01  ,0,0,0,0,0,0,0,0,0,131000,0,0,0,131000,0,131000,131000
060556,緯穎凱基9A購04  ,0,0,0,0,0,0,0,0,0,131000,0,0,0,229000,98000,131000,131000
08000P,奇鋐凱基9B售03  ,0,0,0,0,0,0,0,0,0,131000,0,0,0,178000,47000,131000,131000
061433,華通麥證9A購03  ,0,0,0,130000,0,130000,0,0,0,130000,0,0,0,130000,0,130000,130000
06652P,長榮航元大98售01,0,0,0,0,0,0,0,0,0,130000,0,0,0,140000,10000,130000,130000
062131,臺指反群益9B購03,0,0,0,0,0,0,0,0,0,130000,0,0,0,130000,0,130000,130000
062359,旺宏元大9C購02  ,0,0,0,0,0,0,0,0,0,130000,0,0,0,150000,20000,130000,130000
056795,鴻海麥證98購01  ,0,0,0,130000,0,130000,0,0,0,130000,0,0,0,130000,0,130000,130000
055052,凱美永豐97購01  ,0,0,0,0,0,0,0,0,0,130000,0,0,0,150000,20000,130000,130000
055877,奇鋐元富97購01  ,0,0,0,0,0,0,0,0,0,130000,0,0,0,130000,0,130000,130000
046942,友達元大99購01  ,0,0,0,0,0,0,0,0,0,130000,0,0,0,130000,0,130000,130000
053642,瀚宇博永豐96購01,0,0,0,0,0,0,0,0,0,130000,0,0,0,130000,0,130000,130000
052858,華通凱基97購02  ,0,0,0,0,0,0,0,0,0,130000,0,0,0,200000,70000,130000,130000
055657,超眾元富97購02  ,0,0,0,0,0,0,0,0,0,130000,0,0,0,252000,122000,130000,130000
057094,祥碩元富98購01  ,0,0,0,0,0,0,0,0,0,130000,0,0,0,130000,0,130000,130000
057100,國巨中信9A購02  ,0,0,0,0,0,0,0,0,0,130000,0,0,0,170000,40000,130000,130000
057151,易華電國票99購01,0,0,0,0,0,0,0,0,0,130000,0,0,0,140000,10000,130000,130000
07576P,可成元大9A售01  ,0,0,0,0,0,0,0,0,0,130000,0,0,0,250000,120000,130000,130000
06338P,亞德客統一97售02,0,0,0,0,0,0,0,0,0,129000,0,0,0,150000,21000,129000,129000
061301,華新科永豐9A購03,0,0,0,0,0,0,0,0,0,129000,0,0,0,142000,13000,129000,129000
06068P,玉晶光康和97售01,0,0,0,0,0,0,0,0,0,129000,0,0,0,215000,86000,129000,129000
05861P,瀚宇博永豐96售02,0,0,0,0,0,0,0,0,0,129000,0,0,0,174000,45000,129000,129000
050255,GIS富邦95購01   ,0,0,0,0,0,0,0,0,0,128000,0,0,0,128000,0,128000,128000
060744,鴻海國票9A購04  ,0,0,0,0,0,0,0,0,0,127000,0,0,0,242000,115000,127000,127000
07780P,美律凱基9A售02  ,0,0,0,0,0,0,0,0,0,127000,0,0,0,145000,18000,127000,127000
062610,啟碁凱基9B購01  ,0,0,0,0,0,0,0,0,0,126000,0,0,0,136000,10000,126000,126000
051193,新日興兆豐96購01,0,0,0,0,0,0,0,0,0,126000,0,0,0,126000,0,126000,126000
052265,聯發科亞東95購01,0,0,0,0,0,0,0,0,0,125000,0,0,0,125000,0,125000,125000
056512,易華電永豐98購01,0,0,0,0,0,0,0,0,0,125000,0,0,0,125000,0,125000,125000
057504,技嘉麥證98購01  ,0,0,0,291000,160000,131000,0,0,0,125000,0,0,0,291000,166000,125000,125000
057190,立積元大9A購02  ,0,0,0,0,0,0,0,0,0,125000,0,0,0,146000,21000,125000,125000
060384,葡萄王凱基9B購01,0,0,0,0,0,0,0,0,0,125000,0,0,0,125000,0,125000,125000
057454,上銀國泰99購02  ,0,0,0,0,0,0,0,0,0,125000,0,0,0,125000,0,125000,125000
07649P,金像電永豐9A售02,0,0,0,0,0,0,0,0,0,125000,0,0,0,335000,210000,125000,125000
8464,億豐            ,479000,321000,158000,0,0,0,0,31000,-31000,-2000,1000,0,1000,1000,4000,-3000,125000
06801P,技嘉群益99售02  ,0,0,0,0,0,0,0,0,0,124000,0,0,0,303000,179000,124000,124000
054229,超眾元富96購05  ,0,0,0,0,0,0,0,0,0,124000,0,0,0,134000,10000,124000,124000
055207,致新中信99購01  ,0,0,0,0,0,0,0,0,0,124000,0,0,0,126000,2000,124000,124000
055271,鴻海元大98購03  ,0,0,0,0,0,0,0,0,0,124000,0,0,0,145000,21000,124000,124000
07027P,台積電群益99售04,0,0,0,0,0,0,0,0,0,123000,0,0,0,133000,10000,123000,123000
061633,統一元大9A購01  ,0,0,0,0,0,0,0,0,0,123000,0,0,0,208000,85000,123000,123000
055327,致新國票98購01  ,0,0,0,0,0,0,0,0,0,123000,0,0,0,148000,25000,123000,123000
059425,SGBR2X元大9A購02,0,0,0,0,0,0,0,0,0,123000,0,0,0,384000,261000,123000,123000
5607,遠雄港          ,226000,108000,118000,0,0,0,0,0,0,5000,5000,0,5000,0,0,0,123000
07819P,旺宏國票9B售01  ,0,0,0,0,0,0,0,0,0,123000,0,0,0,193000,70000,123000,123000
2231,為升            ,545000,412000,133000,0,0,0,0,0,0,-10000,1000,2000,-1000,16000,25000,-9000,123000
1903,士紙            ,131000,8000,123000,0,0,0,0,0,0,0,0,0,0,0,0,0,123000
061948,美食群益9B購01  ,0,0,0,0,0,0,0,0,0,121000,0,0,0,135000,14000,121000,121000
061011,華通麥證9A購02  ,0,0,0,121000,0,121000,0,0,0,121000,0,0,0,121000,0,121000,121000
054215,創意國票97購02  ,0,0,0,0,0,0,0,0,0,121000,0,0,0,121000,0,121000,121000
056481,創意元大98購01  ,0,0,0,0,0,0,0,0,0,121000,0,0,0,121000,0,121000,121000
3605,宏致            ,277000,160000,117000,0,0,0,0,0,0,4000,4000,0,4000,0,0,0,121000
07554P,玉晶光元大9A售06,0,0,0,0,0,0,0,0,0,121000,0,0,0,121000,0,121000,121000
061166,玉晶光兆豐9B購01,0,0,0,0,0,0,0,0,0,120000,0,0,0,130000,10000,120000,120000
061762,台塑元大9B購01  ,0,0,0,0,0,0,0,0,0,120000,0,0,0,567000,447000,120000,120000
062266,世紀鋼元大9B購02,0,0,0,0,0,0,0,0,0,120000,0,0,0,120000,0,120000,120000
052203,T50反1中信99購03,0,0,0,0,0,0,0,0,0,120000,0,0,0,220000,100000,120000,120000
05207P,高股息中信97售03,0,0,0,0,0,0,0,0,0,120000,0,0,0,120000,0,120000,120000
058273,同欣電永豐99購01,0,0,0,0,0,0,0,0,0,120000,0,0,0,120000,0,120000,120000
1227,佳格            ,646000,486000,160000,0,0,0,0,0,0,-40000,3000,43000,-40000,0,0,0,120000
3041,揚智            ,490000,377000,113000,0,0,0,0,0,0,7000,7000,0,7000,0,0,0,120000
049007,玉晶光中信96購01,0,0,0,0,0,0,0,0,0,119000,0,0,0,140000,21000,119000,119000
060663,聯發科凱基9A購13,0,0,0,0,0,0,0,0,0,119000,0,0,0,129000,10000,119000,119000
058105,旺宏統一9A購02  ,0,0,0,0,0,0,0,0,0,119000,0,0,0,124000,5000,119000,119000
062190,瀚宇博元大9B購01,0,0,0,0,0,0,0,0,0,118000,0,0,0,118000,0,118000,118000
062297,億豐永豐9B購01  ,0,0,0,0,0,0,0,0,0,118000,0,0,0,239000,121000,118000,118000
06857P,超眾永豐98售02  ,0,0,0,0,0,0,0,0,0,118000,0,0,0,150000,32000,118000,118000
061930,臺股指凱基9B購05,0,0,0,0,0,0,0,0,0,118000,0,0,0,143000,25000,118000,118000
060991,京鼎元大9A購01  ,0,0,0,0,0,0,0,0,0,118000,0,0,0,118000,0,118000,118000
020016,統一MSCI美科技N ,0,0,0,0,0,0,0,0,0,118000,0,0,0,190000,72000,118000,118000
053005,微星永豐96購01  ,0,0,0,0,0,0,0,0,0,118000,0,0,0,118000,0,118000,118000
056237,智邦群益97購02  ,0,0,0,0,0,0,0,0,0,118000,0,0,0,120000,2000,118000,118000
3047,訊舟            ,143000,30000,113000,0,0,0,0,0,0,5000,5000,0,5000,0,0,0,118000
062372,旭富元大9B購01  ,0,0,0,0,0,0,0,0,0,117000,0,0,0,239000,122000,117000,117000
062460,京鼎群益9C購01  ,0,0,0,0,0,0,0,0,0,117000,0,0,0,132000,15000,117000,117000
058556,百和永豐99購01  ,0,0,0,0,0,0,0,0,0,117000,0,0,0,144000,27000,117000,117000
056946,國巨統一98購05  ,0,0,0,0,0,0,0,0,0,117000,0,0,0,137000,20000,117000,117000
05922P,京元電兆豐96售01,0,0,0,0,0,0,0,0,0,117000,0,0,0,132000,15000,117000,117000
057133,京鼎凱基98購02  ,0,0,0,0,0,0,0,0,0,117000,0,0,0,117000,0,117000,117000
058212,華新科群益9A購01,0,0,0,0,0,0,0,0,0,117000,0,0,0,507000,390000,117000,117000
2535,達欣工          ,72000,218000,-146000,0,0,0,0,0,0,263000,263000,0,263000,0,0,0,117000
07794P,智邦國票9A售03  ,0,0,0,0,0,0,0,0,0,117000,0,0,0,148000,31000,117000,117000
062470,智邦凱基9C購01  ,0,0,0,0,0,0,0,0,0,116000,0,0,0,178000,62000,116000,116000
07022P,嘉晶永豐99售02  ,0,0,0,0,0,0,0,0,0,116000,0,0,0,183000,67000,116000,116000
058221,上銀統一99購04  ,0,0,0,0,0,0,0,0,0,116000,0,0,0,116000,0,116000,116000
058982,台積電凱基99購08,0,0,0,0,0,0,0,0,0,116000,0,0,0,116000,0,116000,116000
5234,達興材料        ,125000,11000,114000,0,0,0,0,0,0,2000,2000,0,2000,0,0,0,116000
05640P,旺宏元富96售03  ,0,0,0,0,0,0,0,0,0,115000,0,0,0,115000,0,115000,115000
056507,創意永豐98購02  ,0,0,0,0,0,0,0,0,0,115000,0,0,0,115000,0,115000,115000
054169,上緯控凱基98購01,0,0,0,0,0,0,0,0,0,115000,0,0,0,226000,111000,115000,115000
055806,致新永豐97購02  ,0,0,0,0,0,0,0,0,0,115000,0,0,0,280000,165000,115000,115000
055497,開發金元大97購01,0,0,0,0,0,0,0,0,0,115000,0,0,0,120000,5000,115000,115000
056920,友達兆豐98購02  ,0,0,0,0,0,0,0,0,0,115000,0,0,0,115000,0,115000,115000
059009,世紀鋼元大99購04,0,0,0,0,0,0,0,0,0,115000,0,0,0,306000,191000,115000,115000
05724P,致茂永豐96售01  ,0,0,0,0,0,0,0,0,0,115000,0,0,0,232000,117000,115000,115000
057497,祥碩元大98購06  ,0,0,0,0,0,0,0,0,0,115000,0,0,0,150000,35000,115000,115000
060290,興富發元大9C購01,0,0,0,0,0,0,0,0,0,115000,0,0,0,115000,0,115000,115000
060853,健策國泰9B購02  ,0,0,0,0,0,0,0,0,0,114000,0,0,0,114000,0,114000,114000
056571,燿華元大98購02  ,0,0,0,0,0,0,0,0,0,114000,0,0,0,114000,0,114000,114000
060198,祥碩元富9A購02  ,0,0,0,0,0,0,0,0,0,114000,0,0,0,134000,20000,114000,114000
058625,旺宏國票9A購01  ,0,0,0,0,0,0,0,0,0,114000,0,0,0,114000,0,114000,114000
5305,敦南            ,203000,88000,115000,0,0,0,0,0,0,-1000,4000,5000,-1000,0,0,0,114000
3530,晶相光          ,274000,194000,80000,0,0,0,0,0,0,34000,1000,0,1000,36000,3000,33000,114000
3437,榮創            ,314000,207000,107000,0,0,0,0,0,0,7000,7000,0,7000,0,0,0,114000
061242,玉晶光兆豐9B購02,0,0,0,0,0,0,0,0,0,113000,0,0,0,113000,0,113000,113000
050895,聯發科元大97購01,0,0,0,0,0,0,0,0,0,113000,0,0,0,113000,0,113000,113000
07351P,鴻海國票99售08  ,0,0,0,0,0,0,0,0,0,113000,0,0,0,155000,42000,113000,113000
6670,復盛應用        ,303000,149888,153112,0,0,0,0,72000,-72000,31000,35000,0,35000,3000,7000,-4000,112112
060986,聯發科元大9A購07,0,0,0,0,0,0,0,0,0,112000,0,0,0,117000,5000,112000,112000
06681P,致茂元大98售02  ,0,0,0,0,0,0,0,0,0,112000,0,0,0,112000,0,112000,112000
062004,國巨國泰9C購03  ,0,0,0,0,0,0,0,0,0,112000,0,0,0,132000,20000,112000,112000
052297,旭富國票96購01  ,0,0,0,0,0,0,0,0,0,112000,0,0,0,112000,0,112000,112000
05947P,大成鋼元大96售03,0,0,0,0,0,0,0,0,0,112000,0,0,0,112000,0,112000,112000
059943,信邦永豐99購01  ,0,0,0,0,0,0,0,0,0,112000,0,0,0,112000,0,112000,112000
060949,祥碩中信9A購01  ,0,0,0,0,0,0,0,0,0,111000,0,0,0,151000,40000,111000,111000
061847,力山國票9B購01  ,0,0,0,0,0,0,0,0,0,111000,0,0,0,111000,0,111000,111000
052690,台表科元大97購01,0,0,0,0,0,0,0,0,0,111000,0,0,0,111000,0,111000,111000
00643,群益深証中小    ,17000,53000,-36000,0,0,0,0,0,0,147000,90000,10000,80000,149000,82000,67000,111000
00671R,富邦NASDAQ反1   ,0,7000,-7000,0,0,0,0,0,0,118000,0,0,0,726000,608000,118000,111000
059991,超眾元大9A購02  ,0,0,0,0,0,0,0,0,0,111000,0,0,0,132000,21000,111000,111000
056162,祥碩凱基97購03  ,0,0,0,0,0,0,0,0,0,111000,0,0,0,123000,12000,111000,111000
058170,國巨凱基9A購06  ,0,0,0,0,0,0,0,0,0,111000,0,0,0,171000,60000,111000,111000
060537,台灣50凱基9B購01,0,0,0,0,0,0,0,0,0,111000,0,0,0,161000,50000,111000,111000
4564,元翎            ,134000,32000,102000,0,0,0,0,0,0,9000,0,0,0,9000,0,9000,111000
4722,國精化          ,72000,14000,58000,0,0,0,0,0,0,53000,58000,5000,53000,0,0,0,111000
062112,祥碩國票9C購01  ,0,0,0,0,0,0,0,0,0,110000,0,0,0,110000,0,110000,110000
06893P,致新元富98售02  ,0,0,0,0,0,0,0,0,0,110000,0,0,0,110000,0,110000,110000
049255,旺宏元大97購02  ,0,0,0,0,0,0,0,0,0,110000,0,0,0,110000,0,110000,110000
052740,聯發科元大96購07,0,0,0,0,0,0,0,0,0,110000,0,0,0,110000,0,110000,110000
051630,力山國票96購01  ,0,0,0,0,0,0,0,0,0,110000,0,0,0,211000,101000,110000,110000
053452,臺股指凱基97購01,0,0,0,0,0,0,0,0,0,110000,0,0,0,110000,0,110000,110000
060376,瑞祺元富9A購01  ,0,0,0,0,0,0,0,0,0,110000,0,0,0,226000,116000,110000,110000
060155,友訊永豐9A購01  ,0,0,0,0,0,0,0,0,0,110000,0,0,0,171000,61000,110000,110000
056639,國產康和98購01  ,0,0,0,0,0,0,0,0,0,110000,0,0,0,330000,220000,110000,110000
059343,宏達電凱基99購04,0,0,0,0,0,0,0,0,0,110000,0,0,0,130000,20000,110000,110000
057848,台表科永豐98購02,0,0,0,0,0,0,0,0,0,110000,0,0,0,110000,0,110000,110000
056845,揚明光元富98購01,0,0,0,0,0,0,0,0,0,110000,0,0,0,208000,98000,110000,110000
07561P,玉晶光永豐9A售02,0,0,0,0,0,0,0,0,0,110000,0,0,0,110000,0,110000,110000
07845P,南亞科元大9A售08,0,0,0,0,0,0,0,0,0,109000,0,0,0,241000,132000,109000,109000
1321,大洋            ,113000,2000,111000,0,0,0,0,0,0,-2000,3000,5000,-2000,0,0,0,109000
062605,上銀凱基9B購03  ,0,0,0,0,0,0,0,0,0,108000,0,0,0,108000,0,108000,108000
061832,聯發科凱基9B購06,0,0,0,0,0,0,0,0,0,108000,0,0,0,121000,13000,108000,108000
052908,大成鋼統一96購01,0,0,0,0,0,0,0,0,0,108000,0,0,0,108000,0,108000,108000
056603,嘉聯益國泰9A購01,0,0,0,0,0,0,0,0,0,108000,0,0,0,183000,75000,108000,108000
059950,百和永豐99購02  ,0,0,0,0,0,0,0,0,0,108000,0,0,0,117000,9000,108000,108000
057613,瑞昱元富02購02  ,0,0,0,0,0,0,0,0,0,108000,0,0,0,717000,609000,108000,108000
056657,華邦電元大99購01,0,0,0,0,0,0,0,0,0,108000,0,0,0,108000,0,108000,108000
061908,台積電中信05購01,0,0,0,0,0,0,0,0,0,107000,0,0,0,167000,60000,107000,107000
052937,國巨兆豐97購01  ,0,0,0,0,0,0,0,0,0,107000,0,0,0,120000,13000,107000,107000
052734,台表科國泰98購02,0,0,0,0,0,0,0,0,0,107000,0,0,0,107000,0,107000,107000
05306P,泰碩國泰97售01  ,0,0,0,0,0,0,0,0,0,107000,0,0,0,142000,35000,107000,107000
059568,台積電凱基9A購13,0,0,0,0,0,0,0,0,0,107000,0,0,0,113000,6000,107000,107000
07683P,宏達電凱基9A售03,0,0,0,0,0,0,0,0,0,107000,0,0,0,107000,0,107000,107000
060715,日電貿永豐9A購01,0,0,0,0,0,0,0,0,0,106000,0,0,0,106000,0,106000,106000
062437,廣達元大9B購01  ,0,0,0,0,0,0,0,0,0,106000,0,0,0,171000,65000,106000,106000
055804,祥碩永豐97購02  ,0,0,0,0,0,0,0,0,0,106000,0,0,0,173000,67000,106000,106000
056945,鴻海統一98購12  ,0,0,0,0,0,0,0,0,0,106000,0,0,0,599000,493000,106000,106000
058527,世紀鋼元大99購01,0,0,0,0,0,0,0,0,0,106000,0,0,0,106000,0,106000,106000
060402,神隆國泰9B購01  ,0,0,0,0,0,0,0,0,0,106000,0,0,0,126000,20000,106000,106000
062167,燿華永豐9B購01  ,0,0,0,0,0,0,0,0,0,105000,0,0,0,105000,0,105000,105000
061044,世紀鋼永豐9A購02,0,0,0,0,0,0,0,0,0,105000,0,0,0,105000,0,105000,105000
061791,康友群益9B購01  ,0,0,0,0,0,0,0,0,0,105000,0,0,0,124000,19000,105000,105000
054582,致新元大97購01  ,0,0,0,0,0,0,0,0,0,105000,0,0,0,210000,105000,105000,105000
056747,致新凱基99購01  ,0,0,0,0,0,0,0,0,0,105000,0,0,0,148000,43000,105000,105000
055631,創意永豐98購01  ,0,0,0,0,0,0,0,0,0,105000,0,0,0,115000,10000,105000,105000
058518,玉晶光元大99購13,0,0,0,0,0,0,0,0,0,105000,0,0,0,150000,45000,105000,105000
07246P,旺宏凱基99售08  ,0,0,0,0,0,0,0,0,0,105000,0,0,0,105000,0,105000,105000
1315,達新            ,183000,77000,106000,0,0,0,0,0,0,-1000,2000,3000,-1000,0,0,0,105000
6668,中揚光          ,153000,40000,113000,0,0,0,0,0,0,-8000,1000,9000,-8000,0,0,0,105000
061891,力山永豐9B購01  ,0,0,0,0,0,0,0,0,0,104000,0,0,0,160000,56000,104000,104000
061708,同欣電國票9A購02,0,0,0,0,0,0,0,0,0,104000,0,0,0,146000,42000,104000,104000
062177,上銀元大9B購02  ,0,0,0,0,0,0,0,0,0,104000,0,0,0,104000,0,104000,104000
062578,超眾群益9B購01  ,0,0,0,0,0,0,0,0,0,104000,0,0,0,104000,0,104000,104000
052424,泰碩國票97購01  ,0,0,0,0,0,0,0,0,0,104000,0,0,0,104000,0,104000,104000
049842,道瓊反中信98購01,0,0,0,0,0,0,0,0,0,104000,0,0,0,104000,0,104000,104000
057062,立積國泰99購01  ,0,0,0,0,0,0,0,0,0,104000,0,0,0,107000,3000,104000,104000
062393,智邦富邦9B購01  ,0,0,0,0,0,0,0,0,0,103000,0,0,0,868000,765000,103000,103000
062001,臺股指元大9B購25,0,0,0,0,0,0,0,0,0,103000,0,0,0,108000,5000,103000,103000
061871,瑞昱元大9B購01  ,0,0,0,0,0,0,0,0,0,103000,0,0,0,236000,133000,103000,103000
052437,聯發科富邦99購02,0,0,0,0,0,0,0,0,0,103000,0,0,0,103000,0,103000,103000
052979,上銀元大96購02  ,0,0,0,0,0,0,0,0,0,103000,0,0,0,120000,17000,103000,103000
056286,奇鋐永豐97購01  ,0,0,0,0,0,0,0,0,0,103000,0,0,0,115000,12000,103000,103000
057424,訊芯凱基98購04  ,0,0,0,0,0,0,0,0,0,103000,0,0,0,113000,10000,103000,103000
05805P,義隆永豐96售02  ,0,0,0,0,0,0,0,0,0,103000,0,0,0,103000,0,103000,103000
6165,捷泰            ,122000,19000,103000,0,0,0,0,0,0,0,0,0,0,0,0,0,103000
061918,上銀凱基9B購02  ,0,0,0,0,0,0,0,0,0,102000,0,0,0,102000,0,102000,102000
047969,台達電富邦97購01,0,0,0,0,0,0,0,0,0,102000,0,0,0,102000,0,102000,102000
060291,高鐵元大9A購01  ,0,0,0,0,0,0,0,0,0,102000,0,0,0,143000,41000,102000,102000
062352,南六群益9B購02  ,0,0,0,0,0,0,0,0,0,101000,0,0,0,141000,40000,101000,101000
054606,台積電永豐97購02,0,0,0,0,0,0,0,0,0,101000,0,0,0,101000,0,101000,101000
057862,智邦凱基99購01  ,0,0,0,0,0,0,0,0,0,101000,0,0,0,202000,101000,101000,101000
060006,華通群益9A購04  ,0,0,0,0,0,0,0,0,0,101000,0,0,0,101000,0,101000,101000
060404,台勝科國泰9B購01,0,0,0,0,0,0,0,0,0,101000,0,0,0,183000,82000,101000,101000
07568P,鴻海凱基9A售22  ,0,0,0,0,0,0,0,0,0,101000,0,0,0,101000,0,101000,101000
06977P,臺股指元大9A售15,0,0,0,0,0,0,0,0,0,100000,0,0,0,100000,0,100000,100000
061337,台積電元大9A購27,0,0,0,0,0,0,0,0,0,100000,0,0,0,100000,0,100000,100000
061439,寶成凱基9A購01  ,0,0,0,0,0,0,0,0,0,100000,0,0,0,183000,83000,100000,100000
061520,健策中信9A購01  ,0,0,0,0,0,0,0,0,0,100000,0,0,0,100000,0,100000,100000
061238,晶技元大9A購02  ,0,0,0,0,0,0,0,0,0,100000,0,0,0,100000,0,100000,100000
061226,台積電中信9A購05,0,0,0,0,0,0,0,0,0,100000,0,0,0,100000,0,100000,100000
056529,中環凱基98購01  ,0,0,0,0,0,0,0,0,0,100000,0,0,0,100000,0,100000,100000
056309,合勤控元大97購01,0,0,0,0,0,0,0,0,0,100000,0,0,0,168000,68000,100000,100000
054245,鴻海元大96購23  ,0,0,0,0,0,0,0,0,0,100000,0,0,0,100000,0,100000,100000
055745,臻鼎元富97購01  ,0,0,0,0,0,0,0,0,0,100000,0,0,0,225000,125000,100000,100000
054910,信錦凱基97購01  ,0,0,0,0,0,0,0,0,0,100000,0,0,0,100000,0,100000,100000
055131,茂林康和97購01  ,0,0,0,0,0,0,0,0,0,100000,0,0,0,200000,100000,100000,100000
048058,大立光國泰95購01,0,0,0,0,0,0,0,0,0,100000,0,0,0,100000,0,100000,100000
050615,奇力新元大95購03,0,0,0,0,0,0,0,0,0,100000,0,0,0,100000,0,100000,100000
050726,可成國票96購01  ,0,0,0,0,0,0,0,0,0,100000,0,0,0,100000,0,100000,100000
050840,中環國票96購01  ,0,0,0,0,0,0,0,0,0,100000,0,0,0,100000,0,100000,100000
050934,喬山國票96購01  ,0,0,0,0,0,0,0,0,0,100000,0,0,0,100000,0,100000,100000
05118P,超眾元大96售04  ,0,0,0,0,0,0,0,0,0,100000,0,0,0,100000,0,100000,100000
053654,聯發科凱基98購01,0,0,0,0,0,0,0,0,0,100000,0,0,0,100000,0,100000,100000
053717,聯發科凱基96購17,0,0,0,0,0,0,0,0,0,100000,0,0,0,100000,0,100000,100000
052798,滬深2X元大96購07,0,0,0,0,0,0,0,0,0,100000,0,0,0,100000,0,100000,100000
052629,訊芯中信99購01  ,0,0,0,0,0,0,0,0,0,100000,0,0,0,100000,0,100000,100000
060603,聯發科凱基9A購12,0,0,0,0,0,0,0,0,0,100000,0,0,0,100000,0,100000,100000
057421,智原凱基98購04  ,0,0,0,0,0,0,0,0,0,100000,0,0,0,100000,0,100000,100000
058377,茂林凱基9A購03  ,0,0,0,0,0,0,0,0,0,100000,0,0,0,100000,0,100000,100000
058456,京鼎永豐99購01  ,0,0,0,0,0,0,0,0,0,100000,0,0,0,100000,0,100000,100000
057219,群創群益98購10  ,0,0,0,0,0,0,0,0,0,100000,0,0,0,100000,0,100000,100000
058973,麗豐永豐99購01  ,0,0,0,0,0,0,0,0,0,100000,0,0,0,477000,377000,100000,100000
058985,可成凱基99購03  ,0,0,0,0,0,0,0,0,0,100000,0,0,0,100000,0,100000,100000
057989,旺宏統一99購04  ,0,0,0,0,0,0,0,0,0,100000,0,0,0,100000,0,100000,100000
057936,健策群益99購01  ,0,0,0,0,0,0,0,0,0,100000,0,0,0,103000,3000,100000,100000
056970,TPK永豐98購01   ,0,0,0,0,0,0,0,0,0,100000,0,0,0,210000,110000,100000,100000
07655P,台灣50凱基01售09,0,0,0,0,0,0,0,0,0,100000,0,0,0,110000,10000,100000,100000
07328P,FBVIX國泰9B售01 ,0,0,0,0,0,0,0,0,0,100000,0,0,0,100000,0,100000,100000
07947P,國巨統一9B售12  ,0,0,0,0,0,0,0,0,0,100000,0,0,0,100000,0,100000,100000
6120,達運            ,139000,59000,80000,0,0,0,0,0,0,20000,20000,0,20000,0,0,0,100000
8028,昇陽半導體      ,219000,113000,106000,0,0,0,0,0,0,-6000,2000,0,2000,0,8000,-8000,100000
06265P,美律凱基97售01  ,0,0,0,0,0,0,0,0,0,99000,0,0,0,99000,0,99000,99000
055817,京鼎國票99購01  ,0,0,0,0,0,0,0,0,0,99000,0,0,0,99000,0,99000,99000
056392,玉晶光富邦9C購01,0,0,0,0,0,0,0,0,0,99000,0,0,0,99000,0,99000,99000
057949,南電國票99購01  ,0,0,0,0,0,0,0,0,0,99000,0,0,0,100000,1000,99000,99000
058535,玉晶光統一9A購06,0,0,0,0,0,0,0,0,0,99000,0,0,0,114000,15000,99000,99000
060640,京鼎永豐9A購01  ,0,0,0,0,0,0,0,0,0,99000,0,0,0,99000,0,99000,99000
07354P,臺股指國票99售22,0,0,0,0,0,0,0,0,0,99000,0,0,0,199000,100000,99000,99000
062483,致新國票9B購01  ,0,0,0,0,0,0,0,0,0,98000,0,0,0,194000,96000,98000,98000
06718P,聯詠元大98售01  ,0,0,0,0,0,0,0,0,0,98000,0,0,0,117000,19000,98000,98000
06386P,欣興永豐97售03  ,0,0,0,0,0,0,0,0,0,98000,0,0,0,215000,117000,98000,98000
061415,健策群益9A購04  ,0,0,0,0,0,0,0,0,0,98000,0,0,0,98000,0,98000,98000
061946,鴻海群益9B購03  ,0,0,0,0,0,0,0,0,0,98000,0,0,0,100000,2000,98000,98000
061694,玉山金群益9A購01,0,0,0,0,0,0,0,0,0,98000,0,0,0,98000,0,98000,98000
054872,瀚宇博群益98購01,0,0,0,0,0,0,0,0,0,98000,0,0,0,98000,0,98000,98000
054789,高鐵群益98購01  ,0,0,0,0,0,0,0,0,0,98000,0,0,0,98000,0,98000,98000
052849,可成統一97購01  ,0,0,0,0,0,0,0,0,0,98000,0,0,0,160000,62000,98000,98000
055731,美律元富97購01  ,0,0,0,0,0,0,0,0,0,98000,0,0,0,98000,0,98000,98000
055536,嘉聯益群益99購02,0,0,0,0,0,0,0,0,0,98000,0,0,0,98000,0,98000,98000
055527,旺宏群益99購03  ,0,0,0,0,0,0,0,0,0,98000,0,0,0,98000,0,98000,98000
049004,聯發科中信96購01,0,0,0,0,0,0,0,0,0,98000,0,0,0,98000,0,98000,98000
059041,南茂群益99購02  ,0,0,0,0,0,0,0,0,0,98000,0,0,0,98000,0,98000,98000
057777,可成群益9A購03  ,0,0,0,0,0,0,0,0,0,98000,0,0,0,101000,3000,98000,98000
058725,美律富邦9A購01  ,0,0,0,0,0,0,0,0,0,98000,0,0,0,98000,0,98000,98000
058669,上銀群益99購01  ,0,0,0,0,0,0,0,0,0,98000,0,0,0,98000,0,98000,98000
058677,矽格群益99購01  ,0,0,0,0,0,0,0,0,0,98000,0,0,0,98000,0,98000,98000
07644P,南電凱基9A售03  ,0,0,0,0,0,0,0,0,0,98000,0,0,0,372000,274000,98000,98000
061898,茂林永豐9B購01  ,0,0,0,0,0,0,0,0,0,97000,0,0,0,97000,0,97000,97000
060698,旺宏國泰9C購01  ,0,0,0,0,0,0,0,0,0,97000,0,0,0,113000,16000,97000,97000
053135,信邦國票96購01  ,0,0,0,0,0,0,0,0,0,97000,0,0,0,97000,0,97000,97000
055887,上銀統一97購03  ,0,0,0,0,0,0,0,0,0,97000,0,0,0,197000,100000,97000,97000
055940,致新群益98購01  ,0,0,0,0,0,0,0,0,0,97000,0,0,0,224000,127000,97000,97000
058573,鴻海群益9A購02  ,0,0,0,0,0,0,0,0,0,97000,0,0,0,104000,7000,97000,97000
057742,喬山永豐98購02  ,0,0,0,0,0,0,0,0,0,97000,0,0,0,97000,0,97000,97000
060539,道瓊反凱基9A購01,0,0,0,0,0,0,0,0,0,97000,0,0,0,159000,62000,97000,97000
060901,臺股指凱基9A購13,0,0,0,0,0,0,0,0,0,96000,0,0,0,165000,69000,96000,96000
060453,儒鴻元大9A購02  ,0,0,0,0,0,0,0,0,0,96000,0,0,0,293000,197000,96000,96000
055820,矽力國票98購02  ,0,0,0,0,0,0,0,0,0,96000,0,0,0,102000,6000,96000,96000
056421,鴻海統一98購08  ,0,0,0,0,0,0,0,0,0,96000,0,0,0,106000,10000,96000,96000
053601,台表科元大98購01,0,0,0,0,0,0,0,0,0,96000,0,0,0,106000,10000,96000,96000
07793P,同欣電元大9A售02,0,0,0,0,0,0,0,0,0,96000,0,0,0,96000,0,96000,96000
062675,台積電台新9B購06,0,0,0,0,0,0,0,0,0,95000,0,0,0,100000,5000,95000,95000
07135P,臺股指元大9A售29,0,0,0,0,0,0,0,0,0,95000,0,0,0,100000,5000,95000,95000
061479,泰碩元大9A購02  ,0,0,0,0,0,0,0,0,0,94000,0,0,0,129000,35000,94000,94000
053694,創意元大96購03  ,0,0,0,0,0,0,0,0,0,94000,0,0,0,94000,0,94000,94000
060355,元金2X元富9C購01,0,0,0,0,0,0,0,0,0,94000,0,0,0,334000,240000,94000,94000
057316,國巨凱基99購04  ,0,0,0,0,0,0,0,0,0,94000,0,0,0,94000,0,94000,94000
059068,台虹國票9A購01  ,0,0,0,0,0,0,0,0,0,94000,0,0,0,244000,150000,94000,94000
07840P,康控元大9A售02  ,0,0,0,0,0,0,0,0,0,94000,0,0,0,177000,83000,94000,94000
07509P,牧德國票9A售03  ,0,0,0,0,0,0,0,0,0,94000,0,0,0,127000,33000,94000,94000
07536P,華新科元富9A售04,0,0,0,0,0,0,0,0,0,94000,0,0,0,127000,33000,94000,94000
061480,泰碩元大9B購01  ,0,0,0,0,0,0,0,0,0,93000,0,0,0,135000,42000,93000,93000
060455,葡萄王元大9A購02,0,0,0,0,0,0,0,0,0,93000,0,0,0,113000,20000,93000,93000
060716,新唐永豐9A購01  ,0,0,0,0,0,0,0,0,0,93000,0,0,0,93000,0,93000,93000
060047,道瓊反凱基99購01,0,0,0,0,0,0,0,0,0,93000,0,0,0,99000,6000,93000,93000
06055P,華通凱基97售04  ,0,0,0,0,0,0,0,0,0,93000,0,0,0,107000,14000,93000,93000
07918P,玉晶光永豐9B售04,0,0,0,0,0,0,0,0,0,93000,0,0,0,93000,0,93000,93000
2390,云辰            ,224000,131000,93000,0,0,0,0,0,0,0,0,0,0,0,0,0,93000
060422,台勝科永豐9A購01,0,0,0,0,0,0,0,0,0,92000,0,0,0,94000,2000,92000,92000
061586,智邦富邦9A購02  ,0,0,0,0,0,0,0,0,0,92000,0,0,0,163000,71000,92000,92000
061550,聯鈞群益9A購03  ,0,0,0,0,0,0,0,0,0,92000,0,0,0,92000,0,92000,92000
07128P,大毅元大99售04  ,0,0,0,0,0,0,0,0,0,92000,0,0,0,254000,162000,92000,92000
06848P,聯詠元大98售04  ,0,0,0,0,0,0,0,0,0,92000,0,0,0,140000,48000,92000,92000
04908P,南電國票95售03  ,0,0,0,0,0,0,0,0,0,92000,0,0,0,92000,0,92000,92000
060651,瑞儀中信9B購01  ,0,0,0,0,0,0,0,0,0,92000,0,0,0,92000,0,92000,92000
05719P,可成元大96售03  ,0,0,0,0,0,0,0,0,0,92000,0,0,0,92000,0,92000,92000
05711P,茂林國票97售03  ,0,0,0,0,0,0,0,0,0,92000,0,0,0,96000,4000,92000,92000
056949,義隆統一98購01  ,0,0,0,0,0,0,0,0,0,92000,0,0,0,122000,30000,92000,92000
07457P,宏達電元大9A售01,0,0,0,0,0,0,0,0,0,92000,0,0,0,103000,11000,92000,92000
062453,聚陽群益9C購01  ,0,0,0,0,0,0,0,0,0,91000,0,0,0,91000,0,91000,91000
062212,臻鼎台新9B購01  ,0,0,0,0,0,0,0,0,0,91000,0,0,0,104000,13000,91000,91000
058801,致伸元大99購01  ,0,0,0,0,0,0,0,0,0,91000,0,0,0,135000,44000,91000,91000
06025P,臺股指元大99售02,0,0,0,0,0,0,0,0,0,91000,0,0,0,107000,16000,91000,91000
3052,夆典            ,103000,12000,91000,0,0,0,0,0,0,0,0,0,0,0,0,0,91000
061078,台積電兆豐9A購01,0,0,0,0,0,0,0,0,0,90000,0,0,0,90000,0,90000,90000
051483,玉晶光凱基96購02,0,0,0,0,0,0,0,0,0,90000,0,0,0,100000,10000,90000,90000
03669C,滬深2X元富09牛01,0,0,0,0,0,0,0,0,0,90000,0,0,0,150000,60000,90000,90000
00702,國泰標普低波高息,56000,1000,55000,0,0,0,0,0,0,35000,0,0,0,35000,0,35000,90000
053150,聯發科元大96購11,0,0,0,0,0,0,0,0,0,90000,0,0,0,90000,0,90000,90000
055426,旺宏群益99購02  ,0,0,0,0,0,0,0,0,0,90000,0,0,0,97000,7000,90000,90000
05999P,世芯元大96售01  ,0,0,0,0,0,0,0,0,0,90000,0,0,0,90000,0,90000,90000
056441,燿華凱基98購01  ,0,0,0,0,0,0,0,0,0,90000,0,0,0,90000,0,90000,90000
056052,T50反1元大97購06,0,0,0,0,0,0,0,0,0,90000,0,0,0,90000,0,90000,90000
058275,S&P500中信9B購01,0,0,0,0,0,0,0,0,0,90000,0,0,0,90000,0,90000,90000
059818,鴻海凱基99購14  ,0,0,0,0,0,0,0,0,0,90000,0,0,0,90000,0,90000,90000
057162,上銀元大98購03  ,0,0,0,0,0,0,0,0,0,90000,0,0,0,90000,0,90000,90000
059341,台積電凱基99購15,0,0,0,0,0,0,0,0,0,90000,0,0,0,105000,15000,90000,90000
059061,晶技凱基9A購01  ,0,0,0,0,0,0,0,0,0,90000,0,0,0,100000,10000,90000,90000
056972,祥碩永豐98購02  ,0,0,0,0,0,0,0,0,0,90000,0,0,0,90000,0,90000,90000
07055P,景碩群益9A售02  ,0,0,0,0,0,0,0,0,0,89000,0,0,0,120000,31000,89000,89000
055590,聯發科元大98購02,0,0,0,0,0,0,0,0,0,89000,0,0,0,89000,0,89000,89000
044963,台積電中信96購01,0,0,0,0,0,0,0,0,0,89000,0,0,0,145000,56000,89000,89000
059201,祥碩永豐99購02  ,0,0,0,0,0,0,0,0,0,89000,0,0,0,99000,10000,89000,89000
060262,臺股指凱基9B購02,0,0,0,0,0,0,0,0,0,89000,0,0,0,89000,0,89000,89000
060674,瑞昱元大9A購03  ,0,0,0,0,0,0,0,0,0,89000,0,0,0,278000,189000,89000,89000
060160,聯陽永豐9A購01  ,0,0,0,0,0,0,0,0,0,89000,0,0,0,140000,51000,89000,89000
060191,亞光元富9A購02  ,0,0,0,0,0,0,0,0,0,89000,0,0,0,272000,183000,89000,89000
07255P,國巨凱基99售15  ,0,0,0,0,0,0,0,0,0,89000,0,0,0,115000,26000,89000,89000
061422,台積電元大9A購30,0,0,0,0,0,0,0,0,0,88000,0,0,0,110000,22000,88000,88000
061349,嘉澤元大9A購02  ,0,0,0,0,0,0,0,0,0,88000,0,0,0,308000,220000,88000,88000
061304,創意永豐9A購02  ,0,0,0,0,0,0,0,0,0,88000,0,0,0,88000,0,88000,88000
053630,奇鋐兆豐97購01  ,0,0,0,0,0,0,0,0,0,88000,0,0,0,88000,0,88000,88000
055227,聯發科國票98購02,0,0,0,0,0,0,0,0,0,88000,0,0,0,88000,0,88000,88000
055232,泰碩國票98購01  ,0,0,0,0,0,0,0,0,0,88000,0,0,0,132000,44000,88000,88000
055916,奇鋐凱基99購01  ,0,0,0,0,0,0,0,0,0,88000,0,0,0,88000,0,88000,88000
060170,世紀鋼永豐9A購01,0,0,0,0,0,0,0,0,0,88000,0,0,0,88000,0,88000,88000
8926,台汽電          ,873000,775000,98000,0,0,0,0,0,0,-10000,15000,0,15000,0,25000,-25000,88000
062268,力山群益9B購01  ,0,0,0,0,0,0,0,0,0,87000,0,0,0,87000,0,87000,87000
05361P,聯發科富邦97售01,0,0,0,0,0,0,0,0,0,87000,0,0,0,224000,137000,87000,87000
00686R,群益臺灣加權反1 ,0,0,0,0,0,0,0,0,0,87000,0,0,0,148000,61000,87000,87000
051614,元金2X凱基97購01,0,0,0,0,0,0,0,0,0,87000,0,0,0,107000,20000,87000,87000
059816,聯電凱基99購03  ,0,0,0,0,0,0,0,0,0,87000,0,0,0,139000,52000,87000,87000
058077,超眾凱基98購02  ,0,0,0,0,0,0,0,0,0,87000,0,0,0,94000,7000,87000,87000
06091P,華新科統一97售01,0,0,0,0,0,0,0,0,0,86000,0,0,0,88000,2000,86000,86000
00728,第一金工業30    ,0,0,0,0,0,0,0,0,0,86000,0,0,0,329000,243000,86000,86000
055746,同欣電元富97購01,0,0,0,0,0,0,0,0,0,86000,0,0,0,223000,137000,86000,86000
060572,景碩永豐9A購01  ,0,0,0,0,0,0,0,0,0,86000,0,0,0,86000,0,86000,86000
2388,威盛            ,247000,160000,87000,0,0,0,0,1000,-1000,0,0,0,0,0,0,0,86000
060884,超眾中信9B購01  ,0,0,0,0,0,0,0,0,0,85000,0,0,0,85000,0,85000,85000
060697,鴻海國泰9C購01  ,0,0,0,0,0,0,0,0,0,85000,0,0,0,85000,0,85000,85000
061359,台灣50兆豐9C購02,0,0,0,0,0,0,0,0,0,85000,0,0,0,85000,0,85000,85000
061616,鴻海群益9A購07  ,0,0,0,0,0,0,0,0,0,85000,0,0,0,85000,0,85000,85000
061784,聯發科群益9B購02,0,0,0,0,0,0,0,0,0,85000,0,0,0,85000,0,85000,85000
054862,群光群益97購01  ,0,0,0,0,0,0,0,0,0,85000,0,0,0,98000,13000,85000,85000
054799,超眾群益98購01  ,0,0,0,0,0,0,0,0,0,85000,0,0,0,85000,0,85000,85000
060107,旭富元大99購03  ,0,0,0,0,0,0,0,0,0,85000,0,0,0,205000,120000,85000,85000
057888,貿聯群益98購02  ,0,0,0,0,0,0,0,0,0,85000,0,0,0,126000,41000,85000,85000
049272,世紀鋼元大96購02,0,0,0,0,0,0,0,0,0,85000,0,0,0,85000,0,85000,85000
053534,微星永豐96購02  ,0,0,0,0,0,0,0,0,0,85000,0,0,0,102000,17000,85000,85000
055717,聯發科元大97購19,0,0,0,0,0,0,0,0,0,85000,0,0,0,85000,0,85000,85000
060383,葡萄王凱基9A購01,0,0,0,0,0,0,0,0,0,85000,0,0,0,110000,25000,85000,85000
058031,旺宏永豐98購04  ,0,0,0,0,0,0,0,0,0,85000,0,0,0,85000,0,85000,85000
056922,全新兆豐99購01  ,0,0,0,0,0,0,0,0,0,85000,0,0,0,85000,0,85000,85000
1760,寶齡富錦        ,816000,799000,17000,0,0,0,167000,0,167000,-99000,16000,115000,-99000,0,0,0,85000
07300P,臺股指元大9A售33,0,0,0,0,0,0,0,0,0,85000,0,0,0,139000,54000,85000,85000
07833P,大立光群益9B售02,0,0,0,0,0,0,0,0,0,85000,0,0,0,90000,5000,85000,85000
07948P,大成鋼凱基9B售01,0,0,0,0,0,0,0,0,0,85000,0,0,0,85000,0,85000,85000
062462,GIS群益9B購01   ,0,0,0,0,0,0,0,0,0,84000,0,0,0,85000,1000,84000,84000
06832P,玉晶光凱基98售03,0,0,0,0,0,0,0,0,0,84000,0,0,0,146000,62000,84000,84000
059643,日月光凱基99購02,0,0,0,0,0,0,0,0,0,84000,0,0,0,116000,32000,84000,84000
058693,旭富國票9A購01  ,0,0,0,0,0,0,0,0,0,84000,0,0,0,106000,22000,84000,84000
060591,富邦金台新9A購01,0,0,0,0,0,0,0,0,0,84000,0,0,0,92000,8000,84000,84000
1104,環泥            ,104000,21000,83000,0,0,0,0,0,0,1000,1000,0,1000,0,0,0,84000
061516,力成永豐9A購02  ,0,0,0,0,0,0,0,0,0,83000,0,0,0,83000,0,83000,83000
056272,嘉澤統一99購01  ,0,0,0,0,0,0,0,0,0,83000,0,0,0,83000,0,83000,83000
060558,億豐凱基9A購01  ,0,0,0,0,0,0,0,0,0,83000,0,0,0,216000,133000,83000,83000
060503,技嘉元大9A購01  ,0,0,0,0,0,0,0,0,0,83000,0,0,0,138000,55000,83000,83000
059474,元石油群益99購01,0,0,0,0,0,0,0,0,0,83000,0,0,0,311000,228000,83000,83000
07895P,美律元大9B售01  ,0,0,0,0,0,0,0,0,0,83000,0,0,0,88000,5000,83000,83000
061527,牧德凱基9A購02  ,0,0,0,0,0,0,0,0,0,82000,0,0,0,274000,192000,82000,82000
061029,力山永豐9A購01  ,0,0,0,0,0,0,0,0,0,82000,0,0,0,107000,25000,82000,82000
062192,南六元大9B購01  ,0,0,0,0,0,0,0,0,0,82000,0,0,0,163000,81000,82000,82000
055935,創意群益97購02  ,0,0,0,0,0,0,0,0,0,82000,0,0,0,82000,0,82000,82000
053303,建準凱基96購03  ,0,0,0,0,0,0,0,0,0,82000,0,0,0,124000,42000,82000,82000
07882P,台灣50凱基01售12,0,0,0,0,0,0,0,0,0,82000,0,0,0,90000,8000,82000,82000
07814P,華通群益9A售06  ,0,0,0,0,0,0,0,0,0,82000,0,0,0,85000,3000,82000,82000
07560P,台積電國泰9B售01,0,0,0,0,0,0,0,0,0,82000,0,0,0,85000,3000,82000,82000
06369P,台積電凱基97售16,0,0,0,0,0,0,0,0,0,81000,0,0,0,91000,10000,81000,81000
050614,聯發科元大95購04,0,0,0,0,0,0,0,0,0,81000,0,0,0,81000,0,81000,81000
058739,喬山中信99購01  ,0,0,0,0,0,0,0,0,0,81000,0,0,0,221000,140000,81000,81000
1457,宜進            ,104000,27000,77000,0,0,0,0,0,0,4000,4000,0,4000,0,0,0,81000
3003,健和興          ,262000,18000,244000,0,0,0,0,61000,-61000,-102000,3000,95000,-92000,0,10000,-10000,81000
6142,友勁            ,4000,8000,-4000,0,0,0,0,0,0,85000,85000,0,85000,0,0,0,81000
062017,京鼎永豐9B購01  ,0,0,0,0,0,0,0,0,0,80000,0,0,0,80000,0,80000,80000
062463,世紀鋼麥證9B購01,0,0,0,80000,0,80000,0,0,0,80000,0,0,0,80000,0,80000,80000
060466,玉山金元大9A購01,0,0,0,0,0,0,0,0,0,80000,0,0,0,100000,20000,80000,80000
060852,京鼎國泰9B購01  ,0,0,0,0,0,0,0,0,0,80000,0,0,0,80000,0,80000,80000
061609,華新科統一9C購01,0,0,0,0,0,0,0,0,0,80000,0,0,0,100000,20000,80000,80000
061590,金寶永豐9A購01  ,0,0,0,0,0,0,0,0,0,80000,0,0,0,80000,0,80000,80000
061776,晶技國票9B購01  ,0,0,0,0,0,0,0,0,0,80000,0,0,0,135000,55000,80000,80000
061690,旺宏群益9A購05  ,0,0,0,0,0,0,0,0,0,80000,0,0,0,82000,2000,80000,80000
053571,奇鋐統一96購02  ,0,0,0,0,0,0,0,0,0,80000,0,0,0,80000,0,80000,80000
054077,中石化中信98購01,0,0,0,0,0,0,0,0,0,80000,0,0,0,80000,0,80000,80000
054547,鴻海凱基98購02  ,0,0,0,0,0,0,0,0,0,80000,0,0,0,80000,0,80000,80000
054532,強茂國泰98購01  ,0,0,0,0,0,0,0,0,0,80000,0,0,0,80000,0,80000,80000
054525,奇鋐元富96購01  ,0,0,0,0,0,0,0,0,0,80000,0,0,0,80000,0,80000,80000
054461,台積電凱基97購09,0,0,0,0,0,0,0,0,0,80000,0,0,0,80000,0,80000,80000
055299,康友元大97購02  ,0,0,0,0,0,0,0,0,0,80000,0,0,0,80000,0,80000,80000
056423,奇鋐統一98購01  ,0,0,0,0,0,0,0,0,0,80000,0,0,0,80000,0,80000,80000
056564,亞光群益98購02  ,0,0,0,0,0,0,0,0,0,80000,0,0,0,80000,0,80000,80000
060106,旭富元大99購02  ,0,0,0,0,0,0,0,0,0,80000,0,0,0,210000,130000,80000,80000
058568,宏達電凱基9A購02,0,0,0,0,0,0,0,0,0,80000,0,0,0,80000,0,80000,80000
05956P,漢唐國票96售02  ,0,0,0,0,0,0,0,0,0,80000,0,0,0,80000,0,80000,80000
058044,鴻海元大99購07  ,0,0,0,0,0,0,0,0,0,80000,0,0,0,80000,0,80000,80000
057639,國巨元大99購07  ,0,0,0,0,0,0,0,0,0,80000,0,0,0,80000,0,80000,80000
060598,鴻海凱基9A購20  ,0,0,0,0,0,0,0,0,0,80000,0,0,0,90000,10000,80000,80000
058416,鴻海麥證99購01  ,0,0,0,80000,0,80000,0,0,0,80000,0,0,0,80000,0,80000,80000
058289,奇鋐國票9A購01  ,0,0,0,0,0,0,0,0,0,80000,0,0,0,80000,0,80000,80000
2419,仲琦            ,91000,16000,75000,0,0,0,0,0,0,5000,5000,0,5000,0,0,0,80000
07327P,台灣50群益9A售06,0,0,0,0,0,0,0,0,0,80000,0,0,0,80000,0,80000,80000
07474P,滬深2X群益9C售03,0,0,0,0,0,0,0,0,0,80000,0,0,0,80000,0,80000,80000
07355P,臺股指國票99售23,0,0,0,0,0,0,0,0,0,80000,0,0,0,80000,0,80000,80000
07883P,可成凱基9B售03  ,0,0,0,0,0,0,0,0,0,80000,0,0,0,211000,131000,80000,80000
07965P,玉晶光群益01售02,0,10000,-10000,0,0,0,0,0,0,90000,0,0,0,167000,77000,90000,80000
061476,大毅元大9A購02  ,0,0,0,0,0,0,0,0,0,79000,0,0,0,134000,55000,79000,79000
061253,臺股指群益9A購04,0,0,0,0,0,0,0,0,0,79000,0,0,0,179000,100000,79000,79000
06621P,欣興元大98售06  ,0,0,0,0,0,0,0,0,0,79000,0,0,0,126000,47000,79000,79000
055730,建準元富97購02  ,0,0,0,0,0,0,0,0,0,79000,0,0,0,345000,266000,79000,79000
052553,技嘉國票96購01  ,0,0,0,0,0,0,0,0,0,79000,0,0,0,79000,0,79000,79000
058292,上銀凱基9A購01  ,0,0,0,0,0,0,0,0,0,79000,0,0,0,79000,0,79000,79000
07767P,華新科群益9A售07,0,0,0,0,0,0,0,0,0,79000,0,0,0,139000,60000,79000,79000
062169,禾伸堂永豐9B購01,0,0,0,0,0,0,0,0,0,78000,0,0,0,78000,0,78000,78000
062257,聯發科元大9B購09,0,0,0,0,0,0,0,0,0,78000,0,0,0,88000,10000,78000,78000
060868,致伸永豐9A購01  ,0,0,0,0,0,0,0,0,0,78000,0,0,0,78000,0,78000,78000
060433,億豐永豐9A購01  ,0,0,0,0,0,0,0,0,0,78000,0,0,0,224000,146000,78000,78000
061688,華通群益9A購07  ,0,0,0,0,0,0,0,0,0,78000,0,0,0,78000,0,78000,78000
054090,瑞昱群益97購01  ,0,0,0,0,0,0,0,0,0,78000,0,0,0,248000,170000,78000,78000
00636,國泰中國A50     ,221000,32000,189000,0,0,0,0,0,0,-111000,10000,10000,0,199000,310000,-111000,78000
055215,智邦凱基98購02  ,0,0,0,0,0,0,0,0,0,78000,0,0,0,78000,0,78000,78000
05930P,景碩康和96售01  ,0,0,0,0,0,0,0,0,0,78000,0,0,0,178000,100000,78000,78000
057717,友訊元富98購02  ,0,0,0,0,0,0,0,0,0,78000,0,0,0,131000,53000,78000,78000
058187,泰碩永豐99購01  ,0,0,0,0,0,0,0,0,0,77000,0,0,0,100000,23000,77000,77000
058206,祥碩凱基99購01  ,0,0,0,0,0,0,0,0,0,77000,0,0,0,77000,0,77000,77000
061698,智邦國票9A購04  ,0,0,0,0,0,0,0,0,0,76000,0,0,0,76000,0,76000,76000
061367,瑞祺國票9A購01  ,0,0,0,0,0,0,0,0,0,76000,0,0,0,163000,87000,76000,76000
060767,世紀鋼元大9A購02,0,0,0,0,0,0,0,0,0,76000,0,0,0,119000,43000,76000,76000
061027,儒鴻永豐9A購02  ,0,0,0,0,0,0,0,0,0,76000,0,0,0,90000,14000,76000,76000
062253,燿華元大9B購02  ,0,0,0,0,0,0,0,0,0,76000,0,0,0,76000,0,76000,76000
055222,臺股指凱基97購05,0,0,0,0,0,0,0,0,0,76000,0,0,0,76000,0,76000,76000
05646P,聯發科國票96售05,0,0,0,0,0,0,0,0,0,76000,0,0,0,76000,0,76000,76000
055686,致伸凱基97購02  ,0,0,0,0,0,0,0,0,0,76000,0,0,0,76000,0,76000,76000
059256,臺股指凱基99購34,0,0,0,0,0,0,0,0,0,76000,0,0,0,121000,45000,76000,76000
058129,國巨元大99購10  ,0,0,0,0,0,0,0,0,0,76000,0,0,0,76000,0,76000,76000
1526,日馳            ,141000,66000,75000,0,0,0,0,0,0,1000,1000,0,1000,0,0,0,76000
1737,臺鹽            ,85000,9000,76000,0,0,0,0,0,0,0,0,0,0,0,0,0,76000
2538,基泰            ,70000,0,70000,0,0,0,0,0,0,6000,6000,0,6000,0,0,0,76000
6155,鈞寶            ,108000,33000,75000,0,0,0,0,0,0,1000,1000,0,1000,0,0,0,76000
4961,天鈺            ,96000,22000,74000,0,0,0,0,0,0,2000,2000,0,2000,0,0,0,76000
061191,可成永豐9A購02  ,0,0,0,0,0,0,0,0,0,75000,0,0,0,85000,10000,75000,75000
061141,臻鼎統一9A購01  ,0,0,0,0,0,0,0,0,0,75000,0,0,0,175000,100000,75000,75000
060914,健策元大9A購03  ,0,0,0,0,0,0,0,0,0,75000,0,0,0,130000,55000,75000,75000
052434,茂林國泰97購01  ,0,0,0,0,0,0,0,0,0,75000,0,0,0,88000,13000,75000,75000
05250P,臻鼎國票96售01  ,0,0,0,0,0,0,0,0,0,75000,0,0,0,76000,1000,75000,75000
00730,富邦臺灣優質高息,0,0,0,0,0,0,0,0,0,75000,0,0,0,313000,238000,75000,75000
057779,禾伸堂群益98購02,0,0,0,0,0,0,0,0,0,75000,0,0,0,75000,0,75000,75000
059926,世紀鋼國泰9B購01,0,0,0,0,0,0,0,0,0,75000,0,0,0,79000,4000,75000,75000
058784,臺股指國票99購03,0,0,0,0,0,0,0,0,0,75000,0,0,0,75000,0,75000,75000
07558P,玉晶光元大9A售10,0,0,0,0,0,0,0,0,0,75000,0,0,0,82000,7000,75000,75000
07595P,台灣50中信03售07,0,0,0,0,0,0,0,0,0,75000,0,0,0,75000,0,75000,75000
2812,台中銀          ,406000,472507,-66507,0,0,0,0,0,0,141000,185000,44000,141000,0,0,0,74493
062289,緯穎群益9B購01  ,0,0,0,0,0,0,0,0,0,74000,0,0,0,74000,0,74000,74000
052686,華新科元大96購03,0,0,0,0,0,0,0,0,0,74000,0,0,0,89000,15000,74000,74000
05161P,華新科國票96售01,0,0,0,0,0,0,0,0,0,74000,0,0,0,74000,0,74000,74000
05626P,景碩國票97售03  ,0,0,0,0,0,0,0,0,0,74000,0,0,0,159000,85000,74000,74000
055240,京元電元富97購01,0,0,0,0,0,0,0,0,0,74000,0,0,0,115000,41000,74000,74000
057445,華通元富02購01  ,0,0,0,0,0,0,0,0,0,74000,0,0,0,105000,31000,74000,74000
060388,世紀鋼凱基9B購01,0,0,0,0,0,0,0,0,0,74000,0,0,0,99000,25000,74000,74000
060906,旺宏元大9A購07  ,0,0,0,0,0,0,0,0,0,73000,0,0,0,77000,4000,73000,73000
060998,華通兆豐9A購01  ,0,0,0,0,0,0,0,0,0,73000,0,0,0,102000,29000,73000,73000
056743,貿聯凱基98購04  ,0,0,0,0,0,0,0,0,0,73000,0,0,0,81000,8000,73000,73000
05730P,臺股指凱基97售03,0,0,0,0,0,0,0,0,0,73000,0,0,0,73000,0,73000,73000
05973P,聯詠元大96售06  ,0,0,0,0,0,0,0,0,0,73000,0,0,0,73000,0,73000,73000
057953,聚陽元大98購01  ,0,0,0,0,0,0,0,0,0,73000,0,0,0,73000,0,73000,73000
057789,上銀統一9A購01  ,0,0,0,0,0,0,0,0,0,73000,0,0,0,83000,10000,73000,73000
3266,昇陽            ,71000,8000,63000,0,0,0,0,0,0,10000,10000,0,10000,0,0,0,73000
1319,東陽            ,716000,295000,421000,0,0,0,0,327000,-327000,-21000,29000,50000,-21000,0,0,0,73000
061770,泰碩元大9B購02  ,0,0,0,0,0,0,0,0,0,72000,0,0,0,91000,19000,72000,72000
061716,瑞儀凱基9B購01  ,0,0,0,0,0,0,0,0,0,72000,0,0,0,150000,78000,72000,72000
062172,南六永豐9B購01  ,0,0,0,0,0,0,0,0,0,72000,0,0,0,157000,85000,72000,72000
056746,超眾凱基99購01  ,0,0,0,0,0,0,0,0,0,72000,0,0,0,127000,55000,72000,72000
056559,華通群益98購02  ,0,0,0,0,0,0,0,0,0,72000,0,0,0,199000,127000,72000,72000
058711,鴻海統一9A購02  ,0,0,0,0,0,0,0,0,0,72000,0,0,0,72000,0,72000,72000
060658,台灣50凱基01購04,0,0,0,0,0,0,0,0,0,72000,0,0,0,92000,20000,72000,72000
057388,奇鋐永豐98購02  ,0,0,0,0,0,0,0,0,0,72000,0,0,0,72000,0,72000,72000
9941,裕融            ,54000,25000,29000,0,0,0,45000,0,45000,-2000,0,2000,-2000,0,0,0,72000
062275,燿華群益9B購01  ,0,0,0,0,0,0,0,0,0,71000,0,0,0,71000,0,71000,71000
062323,上銀統一9B購03  ,0,0,0,0,0,0,0,0,0,71000,0,0,0,71000,0,71000,71000
060956,超眾群益9A購01  ,0,0,0,0,0,0,0,0,0,71000,0,0,0,71000,0,71000,71000
056786,亞光群益98購03  ,0,0,0,0,0,0,0,0,0,71000,0,0,0,80000,9000,71000,71000
057599,技嘉群益9A購01  ,0,0,0,0,0,0,0,0,0,71000,0,0,0,73000,2000,71000,71000
4725,信昌化          ,172000,101000,71000,0,0,0,0,0,0,0,0,0,0,0,0,0,71000
6177,達麗            ,103000,34000,69000,0,0,0,0,0,0,2000,2000,0,2000,0,0,0,71000
1316,上曜            ,78000,11000,67000,0,0,0,0,0,0,4000,4000,0,4000,0,0,0,71000
3031,佰鴻            ,128000,64000,64000,0,0,0,0,0,0,7000,9000,2000,7000,0,0,0,71000
2849,安泰銀          ,73000,2000,71000,0,0,0,0,0,0,0,0,0,0,0,0,0,71000
2420,新巨            ,85000,16000,69000,0,0,0,0,0,0,2000,2000,0,2000,0,0,0,71000
060932,南六永豐9A購02  ,0,0,0,0,0,0,0,0,0,70000,0,0,0,135000,65000,70000,70000
060893,台灣50凱基01購07,0,0,0,0,0,0,0,0,0,70000,0,0,0,70000,0,70000,70000
061132,志超永豐9A購01  ,0,0,0,0,0,0,0,0,0,70000,0,0,0,138000,68000,70000,70000
061194,聯鈞永豐9A購02  ,0,0,0,0,0,0,0,0,0,70000,0,0,0,70000,0,70000,70000
061995,超眾元大01購01  ,0,0,0,0,0,0,0,0,0,70000,0,0,0,70000,0,70000,70000
056304,創意元大97購03  ,0,0,0,0,0,0,0,0,0,70000,0,0,0,80000,10000,70000,70000
054864,聯發科群益97購02,0,0,0,0,0,0,0,0,0,70000,0,0,0,70000,0,70000,70000
055097,福懋科群益97購01,0,0,0,0,0,0,0,0,0,70000,0,0,0,70000,0,70000,70000
053072,國巨台新97購01  ,0,0,0,0,0,0,0,0,0,70000,0,0,0,110000,40000,70000,70000
049406,T50反1日盛97購01,0,0,0,0,0,0,0,0,0,70000,0,0,0,70000,0,70000,70000
053827,漢唐麥證9A購01  ,0,0,0,70000,0,70000,0,0,0,70000,0,0,0,70000,0,70000,70000
058648,聯陽永豐99購01  ,0,0,0,0,0,0,0,0,0,70000,0,0,0,74000,4000,70000,70000
059732,超眾元大9A購01  ,0,0,0,0,0,0,0,0,0,70000,0,0,0,80000,10000,70000,70000
059833,緯穎康和99購01  ,0,0,0,0,0,0,0,0,0,70000,0,0,0,70000,0,70000,70000
07722P,玉晶光凱基9A售10,0,0,0,0,0,0,0,0,0,70000,0,0,0,70000,0,70000,70000
07545P,玉晶光凱基9A售07,0,0,0,0,0,0,0,0,0,70000,0,0,0,85000,15000,70000,70000
062499,鴻海群益01購01  ,0,0,0,0,0,0,0,0,0,69000,0,0,0,74000,5000,69000,69000
06879P,長榮航凱基98售02,0,0,0,0,0,0,0,0,0,69000,0,0,0,74000,5000,69000,69000
07215P,大立光凱基99售07,0,0,0,0,0,0,0,0,0,69000,0,0,0,80000,11000,69000,69000
061234,國巨元大9A購18  ,0,0,0,0,0,0,0,0,0,69000,0,0,0,70000,1000,69000,69000
061092,可成統一9C購02  ,0,0,0,0,0,0,0,0,0,69000,0,0,0,111000,42000,69000,69000
052963,智邦凱基96購02  ,0,0,0,0,0,0,0,0,0,69000,0,0,0,78000,9000,69000,69000
060056,大立光凱基9B購01,0,0,0,0,0,0,0,0,0,69000,0,0,0,119000,50000,69000,69000
057357,超眾統一98購01  ,0,0,0,0,0,0,0,0,0,69000,0,0,0,69000,0,69000,69000
058397,大成鋼元大99購02,0,0,0,0,0,0,0,0,0,69000,0,0,0,276000,207000,69000,69000
060326,群光群益9A購01  ,0,0,0,0,0,0,0,0,0,69000,0,0,0,99000,30000,69000,69000
057616,聯電凱基99購01  ,0,0,0,0,0,0,0,0,0,69000,0,0,0,94000,25000,69000,69000
07877P,晶技永豐9B售01  ,0,0,0,0,0,0,0,0,0,69000,0,0,0,83000,14000,69000,69000
6209,今國光          ,98000,40000,58000,0,0,0,0,0,0,11000,11000,0,11000,0,0,0,69000
6531,愛普            ,465000,412000,53000,0,0,0,0,0,0,16000,16000,0,16000,0,0,0,69000
061179,華擎凱基9A購01  ,0,0,0,0,0,0,0,0,0,68000,0,0,0,68000,0,68000,68000
061637,華新科元大9A購22,0,0,0,0,0,0,0,0,0,68000,0,0,0,68000,0,68000,68000
061856,台郡國票9B購02  ,0,0,0,0,0,0,0,0,0,68000,0,0,0,97000,29000,68000,68000
061528,超眾凱基9A購04  ,0,0,0,0,0,0,0,0,0,68000,0,0,0,68000,0,68000,68000
061611,南六統一01購01  ,0,0,0,0,0,0,0,0,0,68000,0,0,0,160000,92000,68000,68000
06631P,玉晶光群益9A售03,0,0,0,0,0,0,0,0,0,68000,0,0,0,69000,1000,68000,68000
06545P,致茂元大98售01  ,0,0,0,0,0,0,0,0,0,68000,0,0,0,92000,24000,68000,68000
06514P,國巨凱基98售05  ,0,0,0,0,0,0,0,0,0,68000,0,0,0,110000,42000,68000,68000
062022,緯穎永豐9B購01  ,0,0,0,0,0,0,0,0,0,68000,0,0,0,185000,117000,68000,68000
057874,可成元大99購02  ,0,0,0,0,0,0,0,0,0,68000,0,0,0,68000,0,68000,68000
056233,超眾凱基97購02  ,0,0,0,0,0,0,0,0,0,68000,0,0,0,68000,0,68000,68000
054480,和碩中信98購01  ,0,0,0,0,0,0,0,0,0,68000,0,0,0,68000,0,68000,68000
056143,訊芯元大97購04  ,0,0,0,0,0,0,0,0,0,68000,0,0,0,68000,0,68000,68000
054050,創意元大96購06  ,0,0,0,0,0,0,0,0,0,68000,0,0,0,68000,0,68000,68000
057713,美律統一99購01  ,0,0,0,0,0,0,0,0,0,68000,0,0,0,68000,0,68000,68000
057826,祥碩元大98購08  ,0,0,0,0,0,0,0,0,0,68000,0,0,0,88000,20000,68000,68000
057960,聯鈞元大98購02  ,0,0,0,0,0,0,0,0,0,68000,0,0,0,68000,0,68000,68000
057975,台積電永豐98購05,0,0,0,0,0,0,0,0,0,68000,0,0,0,68000,0,68000,68000
058782,臺股指國票99購01,0,0,0,0,0,0,0,0,0,68000,0,0,0,90000,22000,68000,68000
057486,美律元大98購04  ,0,0,0,0,0,0,0,0,0,68000,0,0,0,68000,0,68000,68000
060629,鴻海富邦9B購01  ,0,0,0,0,0,0,0,0,0,68000,0,0,0,135000,67000,68000,68000
056684,旺宏統一98購02  ,0,0,0,0,0,0,0,0,0,68000,0,0,0,68000,0,68000,68000
056674,華邦電元富98購01,0,0,0,0,0,0,0,0,0,68000,0,0,0,98000,30000,68000,68000
057163,上銀元大98購04  ,0,0,0,0,0,0,0,0,0,68000,0,0,0,68000,0,68000,68000
059297,大立光元富9C購01,0,0,0,0,0,0,0,0,0,68000,0,0,0,152000,84000,68000,68000
061977,國巨元大9B購02  ,0,0,0,0,0,0,0,0,0,67000,0,0,0,83000,16000,67000,67000
07190P,臺股指富邦9C售02,0,0,0,0,0,0,0,0,0,67000,0,0,0,75000,8000,67000,67000
06952P,大立光統一9A售03,0,0,0,0,0,0,0,0,0,67000,0,0,0,67000,0,67000,67000
061463,智邦群益9A購02  ,0,0,0,0,0,0,0,0,0,67000,0,0,0,117000,50000,67000,67000
061675,華新科元大9A購23,0,0,0,0,0,0,0,0,0,67000,0,0,0,67000,0,67000,67000
061110,超眾元大9A購03  ,0,0,0,0,0,0,0,0,0,67000,0,0,0,81000,14000,67000,67000
060730,台積電群益9A購03,0,0,0,0,0,0,0,0,0,67000,0,0,0,68000,1000,67000,67000
055980,祥碩統一98購01  ,0,0,0,0,0,0,0,0,0,67000,0,0,0,67000,0,67000,67000
058602,台積電元大99購11,0,0,0,0,0,0,0,0,0,67000,0,0,0,70000,3000,67000,67000
059107,南茂國泰9A購01  ,0,0,0,0,0,0,0,0,0,67000,0,0,0,95000,28000,67000,67000
07276P,臺股指群益99售19,0,0,0,0,0,0,0,0,0,67000,0,0,0,132000,65000,67000,67000
060702,玉晶光國泰9C購02,0,0,0,0,0,0,0,0,0,66000,0,0,0,90000,24000,66000,66000
061139,玉晶光統一9C購02,0,0,0,0,0,0,0,0,0,66000,0,0,0,71000,5000,66000,66000
061421,台積電元大9A購29,0,0,0,0,0,0,0,0,0,66000,0,0,0,68000,2000,66000,66000
06763P,技嘉元大98售05  ,0,0,0,0,0,0,0,0,0,66000,0,0,0,147000,81000,66000,66000
07208P,台積電凱基99售14,0,0,0,0,0,0,0,0,0,66000,0,0,0,83000,17000,66000,66000
07059P,華通國票9A售02  ,0,0,0,0,0,0,0,0,0,66000,0,0,0,66000,0,66000,66000
062178,上銀元大9B購03  ,0,0,0,0,0,0,0,0,0,66000,0,0,0,67000,1000,66000,66000
062346,智邦群益9B購02  ,0,0,0,0,0,0,0,0,0,66000,0,0,0,77000,11000,66000,66000
055835,華邦電元大97購03,0,0,0,0,0,0,0,0,0,66000,0,0,0,66000,0,66000,66000
053331,玉晶光永豐97購02,0,0,0,0,0,0,0,0,0,66000,0,0,0,87000,21000,66000,66000
058806,道瓊銀統一9B購01,0,0,0,0,0,0,0,0,0,66000,0,0,0,102000,36000,66000,66000
058736,鈺齊永豐99購02  ,0,0,0,0,0,0,0,0,0,66000,0,0,0,66000,0,66000,66000
060593,華通麥證9A購01  ,0,0,0,66000,0,66000,0,0,0,66000,0,0,0,66000,0,66000,66000
060245,聯陽元大9C購01  ,0,0,0,0,0,0,0,0,0,66000,0,0,0,72000,6000,66000,66000
060479,億豐元大9A購01  ,0,0,0,0,0,0,0,0,0,66000,0,0,0,107000,41000,66000,66000
058515,健鼎元大99購01  ,0,0,0,0,0,0,0,0,0,66000,0,0,0,231000,165000,66000,66000
3454,晶睿            ,82000,18000,64000,0,0,0,0,0,0,2000,2000,0,2000,0,0,0,66000
8462,柏文            ,140000,86000,54000,0,0,0,34000,0,34000,-22000,0,0,0,12000,34000,-22000,66000
06846P,美律元大98售05  ,0,0,0,0,0,0,0,0,0,65000,0,0,0,65000,0,65000,65000
061654,旺宏國票9A購02  ,0,0,0,0,0,0,0,0,0,65000,0,0,0,65000,0,65000,65000
061722,健策永豐9B購03  ,0,0,0,0,0,0,0,0,0,65000,0,0,0,93000,28000,65000,65000
060921,中橡永豐9A購02  ,0,0,0,0,0,0,0,0,0,65000,0,0,0,70000,5000,65000,65000
055388,華通統一97購03  ,0,0,0,0,0,0,0,0,0,65000,0,0,0,80000,15000,65000,65000
058519,嘉澤元大99購01  ,0,0,0,0,0,0,0,0,0,65000,0,0,0,117000,52000,65000,65000
057385,光罩永豐99購01  ,0,0,0,0,0,0,0,0,0,65000,0,0,0,292000,227000,65000,65000
060254,世紀鋼元大9A購01,0,0,0,0,0,0,0,0,0,65000,0,0,0,68000,3000,65000,65000
057329,緯穎群益98購02  ,0,0,0,0,0,0,0,0,0,65000,0,0,0,257000,192000,65000,65000
059924,世紀鋼元大99購06,0,0,0,0,0,0,0,0,0,65000,0,0,0,81000,16000,65000,65000
057589,超眾國票9A購01  ,0,0,0,0,0,0,0,0,0,65000,0,0,0,65000,0,65000,65000
3504,揚明光          ,86000,18000,68000,0,0,0,0,0,0,-3000,3000,0,3000,2000,8000,-6000,65000
2841,台開            ,319000,259000,60000,0,0,0,0,0,0,5000,5000,0,5000,0,0,0,65000
07539P,玉山金台新9A售01,0,0,0,0,0,0,0,0,0,65000,0,0,0,65000,0,65000,65000
07920P,大立光中信01售01,0,0,0,0,0,0,0,0,0,65000,0,0,0,70000,5000,65000,65000
061273,臺股指凱基9A購23,0,0,0,0,0,0,0,0,0,64000,0,0,0,71000,7000,64000,64000
06937P,GIS元大98售03   ,0,0,0,0,0,0,0,0,0,64000,0,0,0,98000,34000,64000,64000
06597P,國巨富邦9A售05  ,0,0,0,0,0,0,0,0,0,64000,0,0,0,121000,57000,64000,64000
054579,聯茂元大97購01  ,0,0,0,0,0,0,0,0,0,64000,0,0,0,64000,0,64000,64000
057993,中環中信98購01  ,0,0,0,0,0,0,0,0,0,64000,0,0,0,64000,0,64000,64000
06431P,新日興元大97售05,0,0,0,0,0,0,0,0,0,63000,0,0,0,63000,0,63000,63000
062432,上銀元大9B購04  ,0,0,0,0,0,0,0,0,0,63000,0,0,0,63000,0,63000,63000
060477,和潤元大9A購01  ,0,0,0,0,0,0,0,0,0,63000,0,0,0,70000,7000,63000,63000
061763,聯電元大9C購02  ,0,0,0,0,0,0,0,0,0,63000,0,0,0,68000,5000,63000,63000
054682,東元永豐97購01  ,0,0,0,0,0,0,0,0,0,63000,0,0,0,63000,0,63000,63000
055814,晶豪科國票97購02,0,0,0,0,0,0,0,0,0,63000,0,0,0,99000,36000,63000,63000
059023,可成統一9B購02  ,0,0,0,0,0,0,0,0,0,63000,0,0,0,70000,7000,63000,63000
058763,和碩群益99購01  ,0,0,0,0,0,0,0,0,0,63000,0,0,0,83000,20000,63000,63000
059274,國巨元大99購22  ,0,0,0,0,0,0,0,0,0,63000,0,0,0,63000,0,63000,63000
061518,達方永豐9A購02  ,0,0,0,0,0,0,0,0,0,62000,0,0,0,62000,0,62000,62000
061065,神基凱基9A購01  ,0,0,0,0,0,0,0,0,0,62000,0,0,0,62000,0,62000,62000
060686,康友元大9A購02  ,0,0,0,0,0,0,0,0,0,62000,0,0,0,122000,60000,62000,62000
062023,寶成永豐9B購01  ,0,0,0,0,0,0,0,0,0,62000,0,0,0,62000,0,62000,62000
07051P,大立光中信99售02,0,0,0,0,0,0,0,0,0,62000,0,0,0,70000,8000,62000,62000
060147,臺股指國票9A購07,0,0,0,0,0,0,0,0,0,62000,0,0,0,62000,0,62000,62000
055397,超眾統一97購02  ,0,0,0,0,0,0,0,0,0,62000,0,0,0,62000,0,62000,62000
055359,超眾凱基97購01  ,0,0,0,0,0,0,0,0,0,62000,0,0,0,75000,13000,62000,62000
053474,聯發科元大97購06,0,0,0,0,0,0,0,0,0,62000,0,0,0,62000,0,62000,62000
053355,超眾兆豐97購01  ,0,0,0,0,0,0,0,0,0,62000,0,0,0,62000,0,62000,62000
059824,大立光凱基99購13,0,0,0,0,0,0,0,0,0,62000,0,0,0,62000,0,62000,62000
060296,和碩元大9A購01  ,0,0,0,0,0,0,0,0,0,62000,0,0,0,150000,88000,62000,62000
059080,亞泥元大99購01  ,0,0,0,0,0,0,0,0,0,62000,0,0,0,81000,19000,62000,62000
059695,聯鈞永豐99購02  ,0,0,0,0,0,0,0,0,0,62000,0,0,0,143000,81000,62000,62000
057507,貿聯國票98購02  ,0,0,0,0,0,0,0,0,0,62000,0,0,0,69000,7000,62000,62000
2031,新光鋼          ,127000,63000,64000,0,0,0,0,0,0,-2000,13000,15000,-2000,0,0,0,62000
07068P,欣興台新99售01  ,0,0,0,0,0,0,0,0,0,61000,0,0,0,66000,5000,61000,61000
060692,鴻海麥證9A購01  ,0,0,0,81000,20000,61000,0,0,0,61000,0,0,0,81000,20000,61000,61000
061208,聯發科元大9A購09,0,0,0,0,0,0,0,0,0,61000,0,0,0,65000,4000,61000,61000
061387,鴻海群益9A購05  ,0,0,0,0,0,0,0,0,0,61000,0,0,0,72000,11000,61000,61000
061823,勤誠群益9B購01  ,0,0,0,0,0,0,0,0,0,61000,0,0,0,61000,0,61000,61000
00753L,中信中國50正2   ,243000,70000,173000,0,0,0,0,0,0,-112000,0,0,0,262000,374000,-112000,61000
056044,同欣電凱基97購03,0,0,0,0,0,0,0,0,0,61000,0,0,0,61000,0,61000,61000
057747,致新永豐98購01  ,0,0,0,0,0,0,0,0,0,61000,0,0,0,61000,0,61000,61000
057649,嘉聯益元大99購04,0,0,0,0,0,0,0,0,0,61000,0,0,0,68000,7000,61000,61000
058686,祥碩凱基99購03  ,0,0,0,0,0,0,0,0,0,61000,0,0,0,81000,20000,61000,61000
060380,T50反1凱基9A購08,0,0,0,0,0,0,0,0,0,61000,0,0,0,66000,5000,61000,61000
060597,華通凱基9A購04  ,0,0,0,0,0,0,0,0,0,61000,0,0,0,61000,0,61000,61000
2539,櫻花建          ,83000,23000,60000,0,0,0,0,0,0,1000,1000,0,1000,0,0,0,61000
07855P,旺宏凱基9A售09  ,0,0,0,0,0,0,0,0,0,61000,0,0,0,75000,14000,61000,61000
07357P,鴻海元大99售38  ,0,0,0,0,0,0,0,0,0,61000,0,0,0,111000,50000,61000,61000
061893,鴻海永豐9B購01  ,0,0,0,0,0,0,0,0,0,60000,0,0,0,60000,0,60000,60000
061764,旺宏元大9B購01  ,0,0,0,0,0,0,0,0,0,60000,0,0,0,60000,0,60000,60000
061597,南六永豐9A購04  ,0,0,0,0,0,0,0,0,0,60000,0,0,0,138000,78000,60000,60000
060764,華擎元大9A購03  ,0,0,0,0,0,0,0,0,0,60000,0,0,0,171000,111000,60000,60000
06398P,禾伸堂凱基97售02,0,0,0,0,0,0,0,0,0,60000,0,0,0,60000,0,60000,60000
062457,京元電群益9B購01,0,0,0,0,0,0,0,0,0,60000,0,0,0,60000,0,60000,60000
055164,矽創元大98購01  ,0,0,0,0,0,0,0,0,0,60000,0,0,0,60000,0,60000,60000
054554,大立光凱基98購02,0,0,0,0,0,0,0,0,0,60000,0,0,0,60000,0,60000,60000
055795,茂林國泰98購01  ,0,0,0,0,0,0,0,0,0,60000,0,0,0,60000,0,60000,60000
054354,技嘉富邦97購01  ,0,0,0,0,0,0,0,0,0,60000,0,0,0,96000,36000,60000,60000
054630,聯鈞凱基98購01  ,0,0,0,0,0,0,0,0,0,60000,0,0,0,60000,0,60000,60000
056574,亞光元大99購03  ,0,0,0,0,0,0,0,0,0,60000,0,0,0,62000,2000,60000,60000
04854P,鴻海國泰96售04  ,0,0,0,0,0,0,0,0,0,60000,0,0,0,60000,0,60000,60000
053459,康控國泰97購01  ,0,0,0,0,0,0,0,0,0,60000,0,0,0,60000,0,60000,60000
053387,緯創元大97購01  ,0,0,0,0,0,0,0,0,0,60000,0,0,0,60000,0,60000,60000
052112,滬深2X中信99購01,0,0,0,0,0,0,0,0,0,60000,0,0,0,60000,0,60000,60000
052972,義隆群益96購04  ,0,0,0,0,0,0,0,0,0,60000,0,0,0,60000,0,60000,60000
052316,台積電元大96購10,0,0,0,0,0,0,0,0,0,60000,0,0,0,60000,0,60000,60000
055424,聚陽群益98購01  ,0,0,0,0,0,0,0,0,0,60000,0,0,0,60000,0,60000,60000
055684,京鼎凱基97購01  ,0,0,0,0,0,0,0,0,0,60000,0,0,0,100000,40000,60000,60000
055662,上銀中信99購01  ,0,0,0,0,0,0,0,0,0,60000,0,0,0,60000,0,60000,60000
060602,京元電凱基9A購01,0,0,0,0,0,0,0,0,0,60000,0,0,0,258000,198000,60000,60000
060530,聯發科中信9C購03,0,0,0,0,0,0,0,0,0,60000,0,0,0,67000,7000,60000,60000
058524,超眾元大99購04  ,0,0,0,0,0,0,0,0,0,60000,0,0,0,66000,6000,60000,60000
057480,技嘉元大98購03  ,0,0,0,0,0,0,0,0,0,60000,0,0,0,60000,0,60000,60000
057059,易華電元大99購01,0,0,0,0,0,0,0,0,0,60000,0,0,0,128000,68000,60000,60000
05873P,華通群益97售02  ,0,0,0,0,0,0,0,0,0,60000,0,0,0,85000,25000,60000,60000
059097,世紀鋼元大99購05,0,0,0,0,0,0,0,0,0,60000,0,0,0,116000,56000,60000,60000
059473,T50反1群益99購03,0,0,0,0,0,0,0,0,0,60000,0,0,0,60000,0,60000,60000
05811P,臺股指國票96售04,0,0,0,0,0,0,0,0,0,60000,0,0,0,60000,0,60000,60000
058911,茂林元大99購04  ,0,0,0,0,0,0,0,0,0,60000,0,0,0,60000,0,60000,60000
058922,聯發科元富03購02,0,0,0,0,0,0,0,0,0,60000,0,0,0,60000,0,60000,60000
1582,信錦            ,116000,56000,60000,0,0,0,0,0,0,0,2000,2000,0,0,0,0,60000
062203,燿華國票9C購01  ,0,0,0,0,0,0,0,0,0,59000,0,0,0,59000,0,59000,59000
06377P,華通統一97售04  ,0,0,0,0,0,0,0,0,0,59000,0,0,0,61000,2000,59000,59000
060734,華通統一9C購01  ,0,0,0,0,0,0,0,0,0,59000,0,0,0,104000,45000,59000,59000
061577,泰碩元大9A購03  ,0,0,0,0,0,0,0,0,0,59000,0,0,0,73000,14000,59000,59000
055603,超眾元大97購04  ,0,0,0,0,0,0,0,0,0,59000,0,0,0,69000,10000,59000,59000
055381,茂林元大97購02  ,0,0,0,0,0,0,0,0,0,59000,0,0,0,64000,5000,59000,59000
055986,祥碩元富97購01  ,0,0,0,0,0,0,0,0,0,59000,0,0,0,59000,0,59000,59000
055773,瑞昱凱基97購03  ,0,0,0,0,0,0,0,0,0,59000,0,0,0,60000,1000,59000,59000
057780,台郡群益98購02  ,0,0,0,0,0,0,0,0,0,59000,0,0,0,170000,111000,59000,59000
058575,智邦群益99購01  ,0,0,0,0,0,0,0,0,0,59000,0,0,0,60000,1000,59000,59000
061381,台灣50群益9B購07,0,0,0,0,0,0,0,0,0,58000,0,0,0,58000,0,58000,58000
061371,嘉澤國泰9C購01  ,0,0,0,0,0,0,0,0,0,58000,0,0,0,60000,2000,58000,58000
06125P,楠梓電元富99售01,0,0,0,0,0,0,0,0,0,58000,0,0,0,58000,0,58000,58000
061192,奇鋐永豐9A購01  ,0,0,0,0,0,0,0,0,0,58000,0,0,0,58000,0,58000,58000
062028,晶技群益9B購01  ,0,0,0,0,0,0,0,0,0,58000,0,0,0,98000,40000,58000,58000
061964,台積電統一01購05,0,0,0,0,0,0,0,0,0,58000,0,0,0,59000,1000,58000,58000
060122,亞德客永豐99購02,0,0,0,0,0,0,0,0,0,58000,0,0,0,58000,0,58000,58000
06000P,GIS元大96售04   ,0,0,0,0,0,0,0,0,0,58000,0,0,0,88000,30000,58000,58000
055561,奇鋐凱基97購01  ,0,0,0,0,0,0,0,0,0,58000,0,0,0,80000,22000,58000,58000
00681R,元大美債20反1   ,0,0,0,0,0,0,0,0,0,58000,0,0,0,59000,1000,58000,58000
059148,百和國票9A購01  ,0,0,0,0,0,0,0,0,0,58000,0,0,0,66000,8000,58000,58000
059203,勤誠永豐99購02  ,0,0,0,0,0,0,0,0,0,58000,0,0,0,67000,9000,58000,58000
059580,大立光元富99購07,0,0,0,0,0,0,0,0,0,58000,0,0,0,122000,64000,58000,58000
059014,SGBR2X元富03購01,0,0,0,0,0,0,0,0,0,58000,0,0,0,97000,39000,58000,58000
057181,亞光元大98購02  ,0,0,0,0,0,0,0,0,0,58000,0,0,0,70000,12000,58000,58000
058480,新日興凱基9A購01,0,0,0,0,0,0,0,0,0,58000,0,0,0,80000,22000,58000,58000
060241,國泰金元大9A購01,0,0,0,0,0,0,0,0,0,58000,0,0,0,178000,120000,58000,58000
07555P,玉晶光元大9A售07,0,0,0,0,0,0,0,0,0,58000,0,0,0,96000,38000,58000,58000
4942,嘉彰            ,115000,59000,56000,0,0,0,0,0,0,2000,2000,0,2000,0,0,0,58000
062119,世紀鋼中信9B購01,0,0,0,0,0,0,0,0,0,57000,0,0,0,74000,17000,57000,57000
06867P,訊芯元大98售08  ,0,0,0,0,0,0,0,0,0,57000,0,0,0,57000,0,57000,57000
061054,台積電群益9A購04,0,0,0,0,0,0,0,0,0,57000,0,0,0,68000,11000,57000,57000
060963,禾伸堂凱基9A購01,0,0,0,0,0,0,0,0,0,57000,0,0,0,67000,10000,57000,57000
05059P,大立光國票96售02,0,0,0,0,0,0,0,0,0,57000,0,0,0,58000,1000,57000,57000
052705,超眾國票97購01  ,0,0,0,0,0,0,0,0,0,57000,0,0,0,57000,0,57000,57000
056711,亞光永豐98購01  ,0,0,0,0,0,0,0,0,0,57000,0,0,0,57000,0,57000,57000
056984,嘉晶群益98購01  ,0,0,0,0,0,0,0,0,0,57000,0,0,0,100000,43000,57000,57000
4526,東台            ,101000,48000,53000,0,0,0,0,0,0,4000,4000,0,4000,0,0,0,57000
8429,金麗-KY         ,84000,29000,55000,0,0,0,0,0,0,2000,2000,0,2000,0,0,0,57000
07363P,大立光元大99售26,0,0,0,0,0,0,0,0,0,57000,0,0,0,113000,56000,57000,57000
07266P,大立光元大99售19,0,0,0,0,0,0,0,0,0,57000,0,0,0,83000,26000,57000,57000
2108,南帝            ,986000,950000,36000,0,0,0,0,0,0,21000,21000,0,21000,0,0,0,57000
060470,台勝科元大9A購03,0,0,0,0,0,0,0,0,0,56000,0,0,0,60000,4000,56000,56000
061202,和大元大9A購02  ,0,0,0,0,0,0,0,0,0,56000,0,0,0,150000,94000,56000,56000
061119,國巨永豐9A購03  ,0,0,0,0,0,0,0,0,0,56000,0,0,0,56000,0,56000,56000
061795,智邦永豐9B購01  ,0,0,0,0,0,0,0,0,0,56000,0,0,0,86000,30000,56000,56000
06583P,可成凱基98售07  ,0,0,0,0,0,0,0,0,0,56000,0,0,0,68000,12000,56000,56000
06683P,訊芯元大98售07  ,0,0,0,0,0,0,0,0,0,56000,0,0,0,60000,4000,56000,56000
062405,泰鼎永豐9B購02  ,0,0,0,0,0,0,0,0,0,56000,0,0,0,63000,7000,56000,56000
056267,文曄統一97購02  ,0,0,0,0,0,0,0,0,0,56000,0,0,0,56000,0,56000,56000
056307,貿聯元大97購05  ,0,0,0,0,0,0,0,0,0,56000,0,0,0,68000,12000,56000,56000
054304,台積電凱基96購23,0,0,0,0,0,0,0,0,0,56000,0,0,0,56000,0,56000,56000
052387,台積電群益95購08,0,0,0,0,0,0,0,0,0,56000,0,0,0,56000,0,56000,56000
05320P,華通凱基96售03  ,0,0,0,0,0,0,0,0,0,56000,0,0,0,56000,0,56000,56000
059740,瑞昱元富99購02  ,0,0,0,0,0,0,0,0,0,56000,0,0,0,56000,0,56000,56000
057773,技嘉群益9A購02  ,0,0,0,0,0,0,0,0,0,56000,0,0,0,61000,5000,56000,56000
060164,合勤控永豐9A購01,0,0,0,0,0,0,0,0,0,56000,0,0,0,124000,68000,56000,56000
057189,康控元大98購02  ,0,0,0,0,0,0,0,0,0,56000,0,0,0,127000,71000,56000,56000
2059,川湖            ,119000,64000,55000,0,0,0,0,0,0,1000,1000,0,1000,0,0,0,56000
2612,中航            ,66000,10000,56000,0,0,0,0,0,0,0,0,0,0,0,0,0,56000
9934,成霖            ,60000,10000,50000,0,0,0,0,0,0,6000,6000,0,6000,0,0,0,56000
061975,華通元大9B購01  ,0,0,0,0,0,0,0,0,0,55000,0,0,0,65000,10000,55000,55000
07192P,聯發科元大99售23,0,0,0,0,0,0,0,0,0,55000,0,0,0,60000,5000,55000,55000
061953,台積電台新9B購04,0,0,0,0,0,0,0,0,0,55000,0,0,0,55000,0,55000,55000
047773,超眾元大96購01  ,0,0,0,0,0,0,0,0,0,55000,0,0,0,55000,0,55000,55000
054875,群電群益97購01  ,0,0,0,0,0,0,0,0,0,55000,0,0,0,55000,0,55000,55000
054132,聯發科元大97購10,0,0,0,0,0,0,0,0,0,55000,0,0,0,55000,0,55000,55000
054578,世芯元大99購01  ,0,0,0,0,0,0,0,0,0,55000,0,0,0,55000,0,55000,55000
060022,勤誠康和99購01  ,0,0,0,0,0,0,0,0,0,55000,0,0,0,59000,4000,55000,55000
05830P,滬深2X元富99售03,0,0,0,0,0,0,0,0,0,55000,0,0,0,105000,50000,55000,55000
060154,堤維西永豐9A購01,0,0,0,0,0,0,0,0,0,55000,0,0,0,110000,55000,55000,55000
1472,三洋紡          ,83000,28000,55000,0,0,0,0,0,0,0,0,0,0,0,0,0,55000
061651,世紀鋼元大9C購02,0,0,0,0,0,0,0,0,0,54000,0,0,0,54000,0,54000,54000
061103,聯發科元大9A購08,0,0,0,0,0,0,0,0,0,54000,0,0,0,54000,0,54000,54000
07067P,旺宏台新99售02  ,0,0,0,0,0,0,0,0,0,54000,0,0,0,67000,13000,54000,54000
062011,上銀富邦9C購01  ,0,0,0,0,0,0,0,0,0,54000,0,0,0,54000,0,54000,54000
055228,聯發科國票98購03,0,0,0,0,0,0,0,0,0,54000,0,0,0,54000,0,54000,54000
050797,聯發科中信99購01,0,0,0,0,0,0,0,0,0,54000,0,0,0,54000,0,54000,54000
057397,茂林中信9A購01  ,0,0,0,0,0,0,0,0,0,54000,0,0,0,54000,0,54000,54000
058243,華擎元大99購01  ,0,0,0,0,0,0,0,0,0,54000,0,0,0,196000,142000,54000,54000
057757,鴻海凱基98購13  ,0,0,0,0,0,0,0,0,0,54000,0,0,0,54000,0,54000,54000
059882,臺股指凱基9C購06,0,0,0,0,0,0,0,0,0,54000,0,0,0,554000,500000,54000,54000
05963P,貿聯國票97售02  ,0,0,0,0,0,0,0,0,0,54000,0,0,0,71000,17000,54000,54000
059086,國巨元大99購18  ,0,0,0,0,0,0,0,0,0,54000,0,0,0,144000,90000,54000,54000
061646,力成元大9A購02  ,0,0,0,0,0,0,0,0,0,53000,0,0,0,125000,72000,53000,53000
055330,上銀兆豐98購02  ,0,0,0,0,0,0,0,0,0,53000,0,0,0,53000,0,53000,53000
054289,聯發科元大97購11,0,0,0,0,0,0,0,0,0,53000,0,0,0,53000,0,53000,53000
056383,上銀國泰99購01  ,0,0,0,0,0,0,0,0,0,53000,0,0,0,64000,11000,53000,53000
059520,台表科永豐99購02,0,0,0,0,0,0,0,0,0,53000,0,0,0,53000,0,53000,53000
058094,祥碩元大98購09  ,0,0,0,0,0,0,0,0,0,53000,0,0,0,53000,0,53000,53000
057096,緯穎元富98購01  ,0,0,0,0,0,0,0,0,0,53000,0,0,0,491000,438000,53000,53000
057491,美食元大98購03  ,0,0,0,0,0,0,0,0,0,53000,0,0,0,223000,170000,53000,53000
2331,精英            ,138000,117000,21000,0,0,0,0,0,0,32000,36000,4000,32000,0,0,0,53000
07630P,臺股指凱基9A售11,0,0,0,0,0,0,0,0,0,53000,0,0,0,88000,35000,53000,53000
07763P,嘉澤永豐9A售02  ,0,0,0,0,0,0,0,0,0,53000,0,0,0,304000,251000,53000,53000
08011P,玉晶光元大9B售05,0,0,0,0,0,0,0,0,0,53000,0,0,0,63000,10000,53000,53000
6715,嘉基            ,71000,18000,53000,0,0,0,0,0,0,0,0,0,0,0,0,0,53000
061979,友達元大9C購08  ,0,0,0,0,0,0,0,0,0,52000,0,0,0,196000,144000,52000,52000
06212P,華新科元大97售11,0,0,0,0,0,0,0,0,0,52000,0,0,0,153000,101000,52000,52000
062128,祥碩統一01購01  ,0,0,0,0,0,0,0,0,0,52000,0,0,0,601000,549000,52000,52000
05639P,欣興統一97售01  ,0,0,0,0,0,0,0,0,0,52000,0,0,0,207000,155000,52000,52000
048070,聯發科元富99購03,0,0,0,0,0,0,0,0,0,52000,0,0,0,52000,0,52000,52000
052417,聯發科兆豐9B購01,0,0,0,0,0,0,0,0,0,52000,0,0,0,52000,0,52000,52000
055468,智邦凱基97購04  ,0,0,0,0,0,0,0,0,0,52000,0,0,0,52000,0,52000,52000
057367,技嘉元大98購02  ,0,0,0,0,0,0,0,0,0,52000,0,0,0,62000,10000,52000,52000
056821,日電貿永豐98購01,0,0,0,0,0,0,0,0,0,52000,0,0,0,65000,13000,52000,52000
059612,奇鋐永豐99購02  ,0,0,0,0,0,0,0,0,0,52000,0,0,0,52000,0,52000,52000
059057,聯發科凱基99購10,0,0,0,0,0,0,0,0,0,52000,0,0,0,52000,0,52000,52000
058369,亞光凱基99購02  ,0,0,0,0,0,0,0,0,0,52000,0,0,0,52000,0,52000,52000
058703,台積電元大99購16,0,0,0,0,0,0,0,0,0,52000,0,0,0,72000,20000,52000,52000
07617P,聯發科中信9C售04,0,0,0,0,0,0,0,0,0,52000,0,0,0,170000,118000,52000,52000
07680P,鴻海凱基9A售24  ,0,0,0,0,0,0,0,0,0,52000,0,0,0,156000,104000,52000,52000
2109,華豐            ,60000,8000,52000,0,0,0,0,0,0,0,0,0,0,0,0,0,52000
062113,瑞祺國票9B購01  ,0,0,0,0,0,0,0,0,0,51000,0,0,0,63000,12000,51000,51000
062324,上銀統一9B購04  ,0,0,0,0,0,0,0,0,0,51000,0,0,0,51000,0,51000,51000
062299,台積電第一9B購01,0,0,0,0,0,0,0,0,0,51000,0,0,0,51000,0,51000,51000
061377,聯發科永豐9A購04,0,0,0,0,0,0,0,0,0,51000,0,0,0,51000,0,51000,51000
061503,臻鼎國票9B購01  ,0,0,0,0,0,0,0,0,0,51000,0,0,0,60000,9000,51000,51000
050894,旺宏元大96購03  ,0,0,0,0,0,0,0,0,0,51000,0,0,0,100000,49000,51000,51000
056204,嘉澤永豐97購01  ,0,0,0,0,0,0,0,0,0,51000,0,0,0,61000,10000,51000,51000
054296,世芯元大97購01  ,0,0,0,0,0,0,0,0,0,51000,0,0,0,51000,0,51000,51000
059922,大立光元大99購25,0,0,0,0,0,0,0,0,0,51000,0,0,0,91000,40000,51000,51000
060282,聚陽元大9A購01  ,0,0,0,0,0,0,0,0,0,51000,0,0,0,305000,254000,51000,51000
057102,亞光中信9A購01  ,0,0,0,0,0,0,0,0,0,51000,0,0,0,51000,0,51000,51000
057198,智伸科統一9B購01,0,0,0,0,0,0,0,0,0,51000,0,0,0,51000,0,51000,51000
057321,台泥群益98購01  ,0,0,0,0,0,0,0,0,0,51000,0,0,0,208000,157000,51000,51000
2431,聯昌            ,76000,26000,50000,0,0,0,0,0,0,1000,1000,0,1000,0,0,0,51000
2365,昆盈            ,96000,52000,44000,0,0,0,0,0,0,7000,7000,0,7000,0,0,0,51000
07552P,技嘉元大9A售03  ,0,0,0,0,0,0,0,0,0,51000,0,0,0,165000,114000,51000,51000
061471,台積電元大9A購31,0,0,0,0,0,0,0,0,0,50000,0,0,0,60000,10000,50000,50000
06160P,台達電群益97售01,0,0,0,0,0,0,0,0,0,50000,0,0,0,50000,0,50000,50000
061424,華新科元大9A購18,0,0,0,0,0,0,0,0,0,50000,0,0,0,50000,0,50000,50000
061942,亞德客群益9B購01,0,0,0,0,0,0,0,0,0,50000,0,0,0,50000,0,50000,50000
061868,旺宏元大9B購03  ,0,0,0,0,0,0,0,0,0,50000,0,0,0,50000,0,50000,50000
061090,奇力新統一9C購01,0,0,0,0,0,0,0,0,0,50000,0,0,0,50000,0,50000,50000
061190,力山永豐9A購02  ,0,0,0,0,0,0,0,0,0,50000,0,0,0,80000,30000,50000,50000
061288,大立光統一9C購01,0,0,0,0,0,0,0,0,0,50000,0,0,0,50000,0,50000,50000
060980,台積電元大9A購21,0,0,0,0,0,0,0,0,0,50000,0,0,0,50000,0,50000,50000
060757,台積電元大9A購18,0,0,0,0,0,0,0,0,0,50000,0,0,0,50000,0,50000,50000
060822,華通元大9A購05  ,0,0,0,0,0,0,0,0,0,50000,0,0,0,50000,0,50000,50000
062448,健策元大9C購04  ,0,0,0,0,0,0,0,0,0,50000,0,0,0,50000,0,50000,50000
062548,智易永豐9B購01  ,0,0,0,0,0,0,0,0,0,50000,0,0,0,63000,13000,50000,50000
062151,世紀鋼國票01購01,0,0,0,0,0,0,0,0,0,50000,0,0,0,50000,0,50000,50000
062272,鴻海群益9B購05  ,0,0,0,0,0,0,0,0,0,50000,0,0,0,51000,1000,50000,50000
062235,億光凱基9B購01  ,0,0,0,0,0,0,0,0,0,50000,0,0,0,50000,0,50000,50000
062251,旺宏元大9B購06  ,0,0,0,0,0,0,0,0,0,50000,0,0,0,50000,0,50000,50000
06901P,亞德客凱基98售02,0,0,0,0,0,0,0,0,0,50000,0,0,0,50000,0,50000,50000
06553P,訊芯元大98售05  ,0,0,0,0,0,0,0,0,0,50000,0,0,0,50000,0,50000,50000
054334,超眾永豐96購04  ,0,0,0,0,0,0,0,0,0,50000,0,0,0,50000,0,50000,50000
055019,福懋科元富97購01,0,0,0,0,0,0,0,0,0,50000,0,0,0,70000,20000,50000,50000
054161,友訊凱基98購01  ,0,0,0,0,0,0,0,0,0,50000,0,0,0,50000,0,50000,50000
05424P,台達電亞東96售02,0,0,0,0,0,0,0,0,0,50000,0,0,0,50000,0,50000,50000
055962,晶豪科元大97購02,0,0,0,0,0,0,0,0,0,50000,0,0,0,60000,10000,50000,50000
055912,宏達電凱基98購03,0,0,0,0,0,0,0,0,0,50000,0,0,0,50000,0,50000,50000
054428,禾伸堂富邦98購01,0,0,0,0,0,0,0,0,0,50000,0,0,0,50000,0,50000,50000
056084,漢唐統一97購03  ,0,0,0,0,0,0,0,0,0,50000,0,0,0,50000,0,50000,50000
054593,滬深2X永昌9A購01,0,0,0,0,0,0,0,0,0,50000,0,0,0,70000,20000,50000,50000
054664,台表科元大97購04,0,0,0,0,0,0,0,0,0,50000,0,0,0,50000,0,50000,50000
060021,立積康和99購01  ,0,0,0,0,0,0,0,0,0,50000,0,0,0,50000,0,50000,50000
057878,台郡元大99購04  ,0,0,0,0,0,0,0,0,0,50000,0,0,0,50000,0,50000,50000
057903,聯鈞永豐99購01  ,0,0,0,0,0,0,0,0,0,50000,0,0,0,120000,70000,50000,50000
053889,致茂群益97購01  ,0,0,0,0,0,0,0,0,0,50000,0,0,0,50000,0,50000,50000
053803,聯發科凱基96購18,0,0,0,0,0,0,0,0,0,50000,0,0,0,50000,0,50000,50000
050758,聯發科元富9B購01,0,0,0,0,0,0,0,0,0,50000,0,0,0,50000,0,50000,50000
055579,健策統一9A購01  ,0,0,0,0,0,0,0,0,0,50000,0,0,0,50000,0,50000,50000
055598,欣興元大97購03  ,0,0,0,0,0,0,0,0,0,50000,0,0,0,50000,0,50000,50000
052374,瑞昱元大95購02  ,0,0,0,0,0,0,0,0,0,50000,0,0,0,50000,0,50000,50000
052280,聯發科凱基95購11,0,0,0,0,0,0,0,0,0,50000,0,0,0,50000,0,50000,50000
053451,致新凱基96購02  ,0,0,0,0,0,0,0,0,0,50000,0,0,0,50000,0,50000,50000
053505,瑞儀兆豐97購01  ,0,0,0,0,0,0,0,0,0,50000,0,0,0,50000,0,50000,50000
057164,國巨元大98購14  ,0,0,0,0,0,0,0,0,0,50000,0,0,0,50000,0,50000,50000
059327,南茂元大99購01  ,0,0,0,0,0,0,0,0,0,50000,0,0,0,50000,0,50000,50000
057114,台虹群益98購01  ,0,0,0,0,0,0,0,0,0,50000,0,0,0,50000,0,50000,50000
058276,道瓊指中信9C購01,0,0,0,0,0,0,0,0,0,50000,0,0,0,50000,0,50000,50000
058160,奇鋐元富99購01  ,0,0,0,0,0,0,0,0,0,50000,0,0,0,50000,0,50000,50000
057490,可成元大98購10  ,0,0,0,0,0,0,0,0,0,50000,0,0,0,50000,0,50000,50000
058371,智原凱基9A購01  ,0,0,0,0,0,0,0,0,0,50000,0,0,0,60000,10000,50000,50000
060251,易華電元大9C購01,0,0,0,0,0,0,0,0,0,50000,0,0,0,50000,0,50000,50000
060620,玉晶光元大9A購04,0,0,0,0,0,0,0,0,0,50000,0,0,0,50000,0,50000,50000
059936,台積電永豐99購06,0,0,0,0,0,0,0,0,0,50000,0,0,0,50000,0,50000,50000
058919,SGBR2X元富99購05,0,0,0,0,0,0,0,0,0,50000,0,0,0,60000,10000,50000,50000
057770,亞德客群益98購01,0,0,0,0,0,0,0,0,0,50000,0,0,0,50000,0,50000,50000
057524,旺宏元大99購04  ,0,0,0,0,0,0,0,0,0,50000,0,0,0,50000,0,50000,50000
057531,禾伸堂元大99購04,0,0,0,0,0,0,0,0,0,50000,0,0,0,50000,0,50000,50000
057582,亞光中信9A購02  ,0,0,0,0,0,0,0,0,0,50000,0,0,0,50000,0,50000,50000
058791,鴻海元大99購17  ,0,0,0,0,0,0,0,0,0,50000,0,0,0,50000,0,50000,50000
058768,南港兆豐99購01  ,0,0,0,0,0,0,0,0,0,50000,0,0,0,50000,0,50000,50000
058771,神達兆豐99購01  ,0,0,0,0,0,0,0,0,0,50000,0,0,0,150000,100000,50000,50000
05919P,京鼎元大96售03  ,0,0,0,0,0,0,0,0,0,50000,0,0,0,213000,163000,50000,50000
059218,台積電元大99購31,0,0,0,0,0,0,0,0,0,50000,0,0,0,50000,0,50000,50000
059791,超眾元大99購06  ,0,0,0,0,0,0,0,0,0,50000,0,0,0,58000,8000,50000,50000
07550P,國巨元大9A售09  ,0,0,0,0,0,0,0,0,0,50000,0,0,0,50000,0,50000,50000
07588P,滬深2X國票9C售01,0,0,0,0,0,0,0,0,0,50000,0,0,0,50000,0,50000,50000
07662P,台積電兆豐9A售03,0,0,0,0,0,0,0,0,0,50000,0,0,0,50000,0,50000,50000
07264P,台積電元大99售38,0,0,0,0,0,0,0,0,0,50000,0,0,0,510000,460000,50000,50000
07762P,聯發科永豐9A售03,0,0,0,0,0,0,0,0,0,50000,0,0,0,50000,0,50000,50000
07820P,臺股指國票9A售11,0,0,0,0,0,0,0,0,0,50000,0,0,0,50000,0,50000,50000
07832P,台積電群益9A售08,0,0,0,0,0,0,0,0,0,50000,0,0,0,92000,42000,50000,50000
2704,國賓            ,55000,5000,50000,0,0,0,0,0,0,0,0,0,0,0,0,0,50000
062162,世紀鋼凱基9B購03,0,0,0,0,0,0,0,0,0,49000,0,0,0,64000,15000,49000,49000
062141,遠東新國票9B購01,0,0,0,0,0,0,0,0,0,49000,0,0,0,249000,200000,49000,49000
06167P,欣興國票97售05  ,0,0,0,0,0,0,0,0,0,49000,0,0,0,50000,1000,49000,49000
061696,南茂群益9A購01  ,0,0,0,0,0,0,0,0,0,49000,0,0,0,98000,49000,49000,49000
061461,元金2X群益9A購01,0,0,0,0,0,0,0,0,0,49000,0,0,0,59000,10000,49000,49000
055710,亞德客元大97購03,0,0,0,0,0,0,0,0,0,49000,0,0,0,50000,1000,49000,49000
060031,旭富永豐99購02  ,0,0,0,0,0,0,0,0,0,49000,0,0,0,117000,68000,49000,49000
059979,台積電元大99購49,0,0,0,0,0,0,0,0,0,49000,0,0,0,60000,11000,49000,49000
055874,中環元富9A購01  ,0,0,0,0,0,0,0,0,0,49000,0,0,0,468000,419000,49000,49000
05594P,旺宏國票96售04  ,0,0,0,0,0,0,0,0,0,49000,0,0,0,49000,0,49000,49000
054294,世芯元大96購02  ,0,0,0,0,0,0,0,0,0,49000,0,0,0,49000,0,49000,49000
054913,億光凱基97購01  ,0,0,0,0,0,0,0,0,0,49000,0,0,0,49000,0,49000,49000
059769,滬深2X群益9C購01,0,0,0,0,0,0,0,0,0,49000,0,0,0,49000,0,49000,49000
058798,大立光元大99購11,0,0,0,0,0,0,0,0,0,49000,0,0,0,49000,0,49000,49000
059113,群光永豐99購01  ,0,0,0,0,0,0,0,0,0,49000,0,0,0,49000,0,49000,49000
057787,TPK國票99購01   ,0,0,0,0,0,0,0,0,0,49000,0,0,0,331000,282000,49000,49000
057834,聯發科元富02購07,0,0,0,0,0,0,0,0,0,49000,0,0,0,49000,0,49000,49000
058895,鴻海元大99購20  ,0,0,0,0,0,0,0,0,0,49000,0,0,0,50000,1000,49000,49000
058951,南電群益99購01  ,0,0,0,0,0,0,0,0,0,49000,0,0,0,132000,83000,49000,49000
3038,全台            ,147000,327000,-180000,0,0,0,0,0,0,229000,229000,0,229000,0,0,0,49000
07369P,台積電凱基99售20,0,0,0,0,0,0,0,0,0,49000,0,0,0,50000,1000,49000,49000
07413P,國巨元大99售33  ,0,0,0,0,0,0,0,0,0,49000,0,0,0,58000,9000,49000,49000
07647P,健策國票9A售04  ,0,0,0,0,0,0,0,0,0,49000,0,0,0,49000,0,49000,49000
061069,嘉聯益凱基9A購01,0,0,0,0,0,0,0,0,0,48000,0,0,0,78000,30000,48000,48000
060457,中橡元大9A購02  ,0,0,0,0,0,0,0,0,0,48000,0,0,0,63000,15000,48000,48000
06623P,立積元大98售04  ,0,0,0,0,0,0,0,0,0,48000,0,0,0,48000,0,48000,48000
055974,上銀統一97購05  ,0,0,0,0,0,0,0,0,0,48000,0,0,0,52000,4000,48000,48000
054478,可成中信97購01  ,0,0,0,0,0,0,0,0,0,48000,0,0,0,48000,0,48000,48000
060052,宏碁凱基99購01  ,0,0,0,0,0,0,0,0,0,48000,0,0,0,88000,40000,48000,48000
00660,元大歐洲50      ,0,0,0,0,0,0,0,0,0,48000,0,0,0,97000,49000,48000,48000
07507P,國巨國票9B售02  ,0,0,0,0,0,0,0,0,0,48000,0,0,0,48000,0,48000,48000
07865P,可成元大9B售02  ,0,0,0,0,0,0,0,0,0,48000,0,0,0,138000,90000,48000,48000
06510P,燿華永豐98售03  ,0,0,0,0,0,0,0,0,0,47000,0,0,0,57000,10000,47000,47000
062306,華通凱基9B購01  ,0,0,0,0,0,0,0,0,0,47000,0,0,0,47000,0,47000,47000
061707,超眾國票9B購01  ,0,0,0,0,0,0,0,0,0,47000,0,0,0,112000,65000,47000,47000
0061,元大寶滬深      ,44000,13000,31000,0,0,0,0,0,0,16000,0,20000,-20000,46000,10000,36000,47000
055744,茂林元富97購02  ,0,0,0,0,0,0,0,0,0,47000,0,0,0,77000,30000,47000,47000
057505,健策麥證98購01  ,0,0,0,50000,3000,47000,0,0,0,47000,0,0,0,50000,3000,47000,47000
059663,旭富元大9C購02  ,0,0,0,0,0,0,0,0,0,47000,0,0,0,62000,15000,47000,47000
059524,FBVIX凱基9A購02 ,0,0,0,0,0,0,0,0,0,47000,0,0,0,62000,15000,47000,47000
057353,玉晶光統一99購01,0,0,0,0,0,0,0,0,0,47000,0,0,0,50000,3000,47000,47000
05722P,玉晶光國票97售03,0,0,0,0,0,0,0,0,0,47000,0,0,0,187000,140000,47000,47000
07946P,華通統一9B售02  ,0,0,0,0,0,0,0,0,0,47000,0,0,0,102000,55000,47000,47000
061201,FBVIX元大01購03 ,0,0,0,0,0,0,0,0,0,46000,0,0,0,49000,3000,46000,46000
062379,致新元大9B購01  ,0,0,0,0,0,0,0,0,0,46000,0,0,0,223000,177000,46000,46000
062497,遠東新群益9B購01,0,0,0,0,0,0,0,0,0,46000,0,0,0,393000,347000,46000,46000
054919,興富發凱基97購01,0,0,0,0,0,0,0,0,0,46000,0,0,0,66000,20000,46000,46000
054673,京鼎國泰98購01  ,0,0,0,0,0,0,0,0,0,46000,0,0,0,46000,0,46000,46000
05649P,矽創國票97售03  ,0,0,0,0,0,0,0,0,0,46000,0,0,0,46000,0,46000,46000
050170,臺指反元大97購02,0,0,0,0,0,0,0,0,0,46000,0,0,0,181000,135000,46000,46000
05163P,聯發科統一96售02,0,0,0,0,0,0,0,0,0,46000,0,0,0,53000,7000,46000,46000
052447,聯發科元大96購04,0,0,0,0,0,0,0,0,0,46000,0,0,0,46000,0,46000,46000
057234,宏達電凱基98購05,0,0,0,0,0,0,0,0,0,46000,0,0,0,46000,0,46000,46000
060405,中租國泰9C購01  ,0,0,0,0,0,0,0,0,0,46000,0,0,0,77000,31000,46000,46000
05976P,國巨凱基96售14  ,0,0,0,0,0,0,0,0,0,46000,0,0,0,183000,137000,46000,46000
05853P,欣興群益96售05  ,0,0,0,0,0,0,0,0,0,46000,0,0,0,51000,5000,46000,46000
058651,FBVIX中信9C購01 ,0,0,0,0,0,0,0,0,0,46000,0,0,0,60000,14000,46000,46000
056915,上銀兆豐99購01  ,0,0,0,0,0,0,0,0,0,46000,0,0,0,46000,0,46000,46000
07872P,聯發科群益9B售03,0,0,0,0,0,0,0,0,0,46000,0,0,0,46000,0,46000,46000
4967,十銓            ,290000,243000,47000,0,0,0,0,0,0,-1000,1000,2000,-1000,0,0,0,46000
062425,可成統一01購01  ,0,0,0,0,0,0,0,0,0,45000,0,0,0,50000,5000,45000,45000
06888P,日月光元大98售02,0,0,0,0,0,0,0,0,0,45000,0,0,0,73000,28000,45000,45000
07094P,華通國票9A售03  ,0,0,0,0,0,0,0,0,0,45000,0,0,0,47000,2000,45000,45000
061575,華新科元大9A購20,0,0,0,0,0,0,0,0,0,45000,0,0,0,50000,5000,45000,45000
052446,聯發科元大96購03,0,0,0,0,0,0,0,0,0,45000,0,0,0,45000,0,45000,45000
052388,旺宏群益96購05  ,0,0,0,0,0,0,0,0,0,45000,0,0,0,45000,0,45000,45000
054103,T50反1凱基99購04,0,0,0,0,0,0,0,0,0,45000,0,0,0,45000,0,45000,45000
053782,京元電元大98購02,0,0,0,0,0,0,0,0,0,45000,0,0,0,45000,0,45000,45000
056469,國巨元大99購01  ,0,0,0,0,0,0,0,0,0,45000,0,0,0,45000,0,45000,45000
060093,友達元大03購01  ,0,0,0,0,0,0,0,0,0,45000,0,0,0,180000,135000,45000,45000
054816,聯發科元大97購12,0,0,0,0,0,0,0,0,0,45000,0,0,0,45000,0,45000,45000
055919,景碩凱基98購02  ,0,0,0,0,0,0,0,0,0,45000,0,0,0,50000,5000,45000,45000
054745,智易凱基97購01  ,0,0,0,0,0,0,0,0,0,45000,0,0,0,45000,0,45000,45000
057831,聯發科元富02購04,0,0,0,0,0,0,0,0,0,45000,0,0,0,100000,55000,45000,45000
058053,上銀統一9B購01  ,0,0,0,0,0,0,0,0,0,45000,0,0,0,47000,2000,45000,45000
058060,貿聯元富98購01  ,0,0,0,0,0,0,0,0,0,45000,0,0,0,45000,0,45000,45000
058081,技嘉群益9A購03  ,0,0,0,0,0,0,0,0,0,45000,0,0,0,47000,2000,45000,45000
056943,華通統一99購01  ,0,0,0,0,0,0,0,0,0,45000,0,0,0,73000,28000,45000,45000
059713,滬深2X元大9C購04,0,0,0,0,0,0,0,0,0,45000,0,0,0,45000,0,45000,45000
060616,宏碁元大9A購02  ,0,0,0,0,0,0,0,0,0,45000,0,0,0,100000,55000,45000,45000
058390,樺漢國票9A購01  ,0,0,0,0,0,0,0,0,0,45000,0,0,0,45000,0,45000,45000
057477,智邦元大98購09  ,0,0,0,0,0,0,0,0,0,45000,0,0,0,94000,49000,45000,45000
05851P,力山群益97售01  ,0,0,0,0,0,0,0,0,0,45000,0,0,0,85000,40000,45000,45000
060199,台郡元富9A購01  ,0,0,0,0,0,0,0,0,0,45000,0,0,0,45000,0,45000,45000
058326,祥碩台新99購01  ,0,0,0,0,0,0,0,0,0,45000,0,0,0,45000,0,45000,45000
059344,長榮航凱基99購01,0,0,0,0,0,0,0,0,0,45000,0,0,0,45000,0,45000,45000
057024,義隆凱基99購01  ,0,0,0,0,0,0,0,0,0,45000,0,0,0,45000,0,45000,45000
07889P,旭富國票9B售01  ,0,0,0,0,0,0,0,0,0,45000,0,0,0,105000,60000,45000,45000
07817P,同欣電群益9A售02,0,0,0,0,0,0,0,0,0,45000,0,0,0,45000,0,45000,45000
060432,達方永豐9A購01  ,0,0,0,0,0,0,0,0,0,44000,0,0,0,80000,36000,44000,44000
05445P,聯詠元大95售05  ,0,0,0,0,0,0,0,0,0,44000,0,0,0,44000,0,44000,44000
055785,祥碩凱基97購02  ,0,0,0,0,0,0,0,0,0,44000,0,0,0,45000,1000,44000,44000
054943,群光元大97購01  ,0,0,0,0,0,0,0,0,0,44000,0,0,0,110000,66000,44000,44000
058193,緯穎永豐99購01  ,0,0,0,0,0,0,0,0,0,44000,0,0,0,44000,0,44000,44000
057201,華擎元富98購01  ,0,0,0,0,0,0,0,0,0,44000,0,0,0,55000,11000,44000,44000
05729P,臺股指凱基97售02,0,0,0,0,0,0,0,0,0,44000,0,0,0,97000,53000,44000,44000
057317,技嘉凱基98購02  ,0,0,0,0,0,0,0,0,0,44000,0,0,0,50000,6000,44000,44000
057380,技嘉國泰9A購01  ,0,0,0,0,0,0,0,0,0,44000,0,0,0,59000,15000,44000,44000
059650,緯穎凱基99購04  ,0,0,0,0,0,0,0,0,0,44000,0,0,0,44000,0,44000,44000
058746,華通凱基9A購02  ,0,0,0,0,0,0,0,0,0,44000,0,0,0,46000,2000,44000,44000
059911,國巨元大99購27  ,0,0,0,0,0,0,0,0,0,44000,0,0,0,54000,10000,44000,44000
07687P,上銀元大9A售06  ,0,0,0,0,0,0,0,0,0,44000,0,0,0,76000,32000,44000,44000
6283,淳安            ,55000,15000,40000,0,0,0,0,0,0,4000,4000,0,4000,0,0,0,44000
6141,柏承            ,83000,44000,39000,0,0,0,0,0,0,5000,5000,0,5000,0,0,0,44000
06123P,玉晶光元大97售04,0,0,0,0,0,0,0,0,0,43000,0,0,0,54000,11000,43000,43000
061501,嘉澤國票9A購01  ,0,0,0,0,0,0,0,0,0,43000,0,0,0,48000,5000,43000,43000
061355,康友元大9A購03  ,0,0,0,0,0,0,0,0,0,43000,0,0,0,176000,133000,43000,43000
07122P,欣興凱基99售05  ,0,0,0,0,0,0,0,0,0,43000,0,0,0,101000,58000,43000,43000
07218P,臺股指凱基99售31,0,0,0,0,0,0,0,0,0,43000,0,0,0,67000,24000,43000,43000
054641,祥碩中信98購01  ,0,0,0,0,0,0,0,0,0,43000,0,0,0,124000,81000,43000,43000
056287,亞光永豐97購02  ,0,0,0,0,0,0,0,0,0,43000,0,0,0,43000,0,43000,43000
053293,聯發科中信9B購01,0,0,0,0,0,0,0,0,0,43000,0,0,0,201000,158000,43000,43000
052410,智邦亞東96購01  ,0,0,0,0,0,0,0,0,0,43000,0,0,0,44000,1000,43000,43000
052235,聯發科國票96購02,0,0,0,0,0,0,0,0,0,43000,0,0,0,100000,57000,43000,43000
057919,技嘉凱基98購03  ,0,0,0,0,0,0,0,0,0,43000,0,0,0,120000,77000,43000,43000
057534,旭富元大98購01  ,0,0,0,0,0,0,0,0,0,43000,0,0,0,81000,38000,43000,43000
058574,台積電群益99購03,0,0,0,0,0,0,0,0,0,43000,0,0,0,44000,1000,43000,43000
059647,超眾凱基99購04  ,0,0,0,0,0,0,0,0,0,43000,0,0,0,53000,10000,43000,43000
059632,聯發科凱基01購01,0,0,0,0,0,0,0,0,0,43000,0,0,0,46000,3000,43000,43000
9911,櫻花            ,53000,8000,45000,0,0,0,0,0,0,-2000,2000,4000,-2000,0,0,0,43000
07292P,臺股指凱基99售44,0,0,0,0,0,0,0,0,0,43000,0,0,0,70000,27000,43000,43000
3022,威強電          ,59000,16000,43000,0,0,0,0,0,0,0,0,0,0,0,0,0,43000
2609,陽明            ,273000,230000,43000,0,0,0,0,0,0,0,0,0,0,0,0,0,43000
07172P,臺股指國票99售09,0,0,0,0,0,0,0,0,0,42000,0,0,0,150000,108000,42000,42000
07085P,超眾元富9C售01  ,0,0,0,0,0,0,0,0,0,42000,0,0,0,42000,0,42000,42000
06839P,玉晶光統一9A售05,0,0,0,0,0,0,0,0,0,42000,0,0,0,134000,92000,42000,42000
062338,鴻海麥證9B購01  ,0,0,0,42000,0,42000,0,0,0,42000,0,0,0,42000,0,42000,42000
062083,健策元大9C購03  ,0,0,0,0,0,0,0,0,0,42000,0,0,0,91000,49000,42000,42000
061506,瑞祺國票9A購02  ,0,0,0,0,0,0,0,0,0,42000,0,0,0,125000,83000,42000,42000
061626,超眾群益9A購02  ,0,0,0,0,0,0,0,0,0,42000,0,0,0,55000,13000,42000,42000
061198,世紀鋼永豐9A購03,0,0,0,0,0,0,0,0,0,42000,0,0,0,42000,0,42000,42000
051847,香港反中信99購01,0,0,0,0,0,0,0,0,0,42000,0,0,0,63000,21000,42000,42000
055584,國巨元大97購11  ,0,0,0,0,0,0,0,0,0,42000,0,0,0,42000,0,42000,42000
054258,牧德元大97購01  ,0,0,0,0,0,0,0,0,0,42000,0,0,0,50000,8000,42000,42000
055160,玉晶光元大99購03,0,0,0,0,0,0,0,0,0,42000,0,0,0,42000,0,42000,42000
059689,南亞科永豐99購02,0,0,0,0,0,0,0,0,0,42000,0,0,0,52000,10000,42000,42000
059680,台積電國泰9A購03,0,0,0,0,0,0,0,0,0,42000,0,0,0,458000,416000,42000,42000
057980,聯詠永豐98購01  ,0,0,0,0,0,0,0,0,0,42000,0,0,0,42000,0,42000,42000
057402,嘉晶群益98購02  ,0,0,0,0,0,0,0,0,0,42000,0,0,0,52000,10000,42000,42000
060662,旺宏凱基9A購03  ,0,0,0,0,0,0,0,0,0,42000,0,0,0,42000,0,42000,42000
07643P,禾伸堂凱基9A售02,0,0,0,0,0,0,0,0,0,42000,0,0,0,42000,0,42000,42000
07707P,玉山金元大9A售03,0,0,0,0,0,0,0,0,0,42000,0,0,0,42000,0,42000,42000
061397,上銀台新9A購01  ,0,0,0,0,0,0,0,0,0,41000,0,0,0,41000,0,41000,41000
062100,矽格永豐9B購01  ,0,0,0,0,0,0,0,0,0,41000,0,0,0,41000,0,41000,41000
06242P,大立光元富9A售02,0,0,0,0,0,0,0,0,0,41000,0,0,0,48000,7000,41000,41000
062617,京鼎元大9B購01  ,0,0,0,0,0,0,0,0,0,41000,0,0,0,133000,92000,41000,41000
06971P,台光電元大99售03,0,0,0,0,0,0,0,0,0,41000,0,0,0,113000,72000,41000,41000
07184P,台灣50元富01售01,0,0,0,0,0,0,0,0,0,41000,0,0,0,41000,0,41000,41000
07211P,南亞科凱基99售05,0,0,0,0,0,0,0,0,0,41000,0,0,0,63000,22000,41000,41000
06457P,玉晶光統一98售02,0,0,0,0,0,0,0,0,0,41000,0,0,0,53000,12000,41000,41000
056026,智易群益97購01  ,0,0,0,0,0,0,0,0,0,41000,0,0,0,66000,25000,41000,41000
050570,聯發科中信97購02,0,0,0,0,0,0,0,0,0,41000,0,0,0,41000,0,41000,41000
050485,國巨統一96購01  ,0,0,0,0,0,0,0,0,0,41000,0,0,0,488000,447000,41000,41000
060536,祥碩麥證9A購01  ,0,0,0,41000,0,41000,0,0,0,41000,0,0,0,41000,0,41000,41000
058487,晶技國票9A購01  ,0,0,0,0,0,0,0,0,0,41000,0,0,0,41000,0,41000,41000
058167,鴻海凱基9A購03  ,0,0,0,0,0,0,0,0,0,41000,0,0,0,41000,0,41000,41000
059289,瑞昱元富99購01  ,0,0,0,0,0,0,0,0,0,41000,0,0,0,354000,313000,41000,41000
056893,智邦元大98購02  ,0,0,0,0,0,0,0,0,0,41000,0,0,0,49000,8000,41000,41000
05955P,台光電國票97售02,0,0,0,0,0,0,0,0,0,41000,0,0,0,80000,39000,41000,41000
1708,東鹼            ,52000,11000,41000,0,0,0,0,0,0,0,0,0,0,0,0,0,41000
06206P,台積電凱基97售11,0,0,0,0,0,0,0,0,0,40000,0,0,0,40000,0,40000,40000
061368,南六國票9A購01  ,0,0,0,0,0,0,0,0,0,40000,0,0,0,69000,29000,40000,40000
061548,聯詠群益9A購02  ,0,0,0,0,0,0,0,0,0,40000,0,0,0,40000,0,40000,40000
061656,華新科國票9A購08,0,0,0,0,0,0,0,0,0,40000,0,0,0,63000,23000,40000,40000
06120P,大立光凱基98售05,0,0,0,0,0,0,0,0,0,40000,0,0,0,40000,0,40000,40000
061051,臺股指中信9A購06,0,0,0,0,0,0,0,0,0,40000,0,0,0,50000,10000,40000,40000
053341,聯發科國票97購03,0,0,0,0,0,0,0,0,0,40000,0,0,0,40000,0,40000,40000
053203,智易日盛96購01  ,0,0,0,0,0,0,0,0,0,40000,0,0,0,40000,0,40000,40000
050055,道瓊反凱基95購01,0,0,0,0,0,0,0,0,0,40000,0,0,0,40000,0,40000,40000
053627,宏碁兆豐97購01  ,0,0,0,0,0,0,0,0,0,40000,0,0,0,40000,0,40000,40000
053593,晶技元大98購01  ,0,0,0,0,0,0,0,0,0,40000,0,0,0,111000,71000,40000,40000
054036,T50反1元大96購08,0,0,0,0,0,0,0,0,0,40000,0,0,0,40000,0,40000,40000
053087,冠德元大96購02  ,0,0,0,0,0,0,0,0,0,40000,0,0,0,40000,0,40000,40000
052610,貿聯元大97購01  ,0,0,0,0,0,0,0,0,0,40000,0,0,0,40000,0,40000,40000
053444,奇力新凱基96購03,0,0,0,0,0,0,0,0,0,40000,0,0,0,40000,0,40000,40000
053479,達興元大96購01  ,0,0,0,0,0,0,0,0,0,40000,0,0,0,40000,0,40000,40000
053404,致新群益96購01  ,0,0,0,0,0,0,0,0,0,40000,0,0,0,40000,0,40000,40000
052884,台積電兆豐96購01,0,0,0,0,0,0,0,0,0,40000,0,0,0,40000,0,40000,40000
056133,可成元大97購05  ,0,0,0,0,0,0,0,0,0,40000,0,0,0,50000,10000,40000,40000
055070,聯茂永豐97購01  ,0,0,0,0,0,0,0,0,0,40000,0,0,0,40000,0,40000,40000
056343,高鐵凱基98購02  ,0,0,0,0,0,0,0,0,0,40000,0,0,0,55000,15000,40000,40000
054569,GIS群益98購01   ,0,0,0,0,0,0,0,0,0,40000,0,0,0,40000,0,40000,40000
059996,美律元富99購01  ,0,0,0,0,0,0,0,0,0,40000,0,0,0,135000,95000,40000,40000
058846,鴻海群益99購03  ,0,0,0,0,0,0,0,0,0,40000,0,0,0,40000,0,40000,40000
056898,全新元大98購02  ,0,0,0,0,0,0,0,0,0,40000,0,0,0,40000,0,40000,40000
058115,台光電中信99購01,0,0,0,0,0,0,0,0,0,40000,0,0,0,40000,0,40000,40000
058043,鴻海元大98購13  ,0,0,0,0,0,0,0,0,0,40000,0,0,0,50000,10000,40000,40000
059842,台積電富邦9C購05,0,0,0,0,0,0,0,0,0,40000,0,0,0,50000,10000,40000,40000
057137,鈺齊凱基98購01  ,0,0,0,0,0,0,0,0,0,40000,0,0,0,40000,0,40000,40000
057097,致新元富98購01  ,0,0,0,0,0,0,0,0,0,40000,0,0,0,40000,0,40000,40000
060182,旺宏元富9A購01  ,0,0,0,0,0,0,0,0,0,40000,0,0,0,40000,0,40000,40000
060398,立積國票9B購01  ,0,0,0,0,0,0,0,0,0,40000,0,0,0,40000,0,40000,40000
060250,台表科元大9A購01,0,0,0,0,0,0,0,0,0,40000,0,0,0,43000,3000,40000,40000
060563,智邦富邦9A購01  ,0,0,0,0,0,0,0,0,0,40000,0,0,0,45000,5000,40000,40000
2850,新產            ,65000,25000,40000,0,0,0,0,0,0,0,0,0,0,0,0,0,40000
3617,碩天            ,39000,4000,35000,0,0,0,0,0,0,5000,5000,0,5000,0,0,0,40000
07318P,鴻海凱基01售02  ,0,0,0,0,0,0,0,0,0,40000,0,0,0,40000,0,40000,40000
07257P,臺股指凱基99售37,0,0,0,0,0,0,0,0,0,40000,0,0,0,40000,0,40000,40000
07836P,大成鋼元大9A售01,0,0,0,0,0,0,0,0,0,40000,0,0,0,53000,13000,40000,40000
07966P,瑞祺群益9B售02  ,0,0,0,0,0,0,0,0,0,40000,0,0,0,40000,0,40000,40000
061159,同欣電群益9A購01,0,0,0,0,0,0,0,0,0,39000,0,0,0,579000,540000,39000,39000
060777,茂林凱基9C購01  ,0,0,0,0,0,0,0,0,0,39000,0,0,0,41000,2000,39000,39000
061502,嘉澤國票9A購02  ,0,0,0,0,0,0,0,0,0,39000,0,0,0,39000,0,39000,39000
061419,國巨元大9A購21  ,0,0,0,0,0,0,0,0,0,39000,0,0,0,40000,1000,39000,39000
06505P,康控國票99售02  ,0,0,0,0,0,0,0,0,0,39000,0,0,0,72000,33000,39000,39000
07145P,為升元大99售03  ,0,0,0,0,0,0,0,0,0,39000,0,0,0,39000,0,39000,39000
06912P,台光電元大99售02,0,0,0,0,0,0,0,0,0,39000,0,0,0,71000,32000,39000,39000
054652,裕隆麥證97購01  ,0,0,0,39000,0,39000,0,0,0,39000,0,0,0,39000,0,39000,39000
054885,建準統一98購01  ,0,0,0,0,0,0,0,0,0,39000,0,0,0,47000,8000,39000,39000
055291,京鼎元大97購02  ,0,0,0,0,0,0,0,0,0,39000,0,0,0,51000,12000,39000,39000
055393,華新科統一97購03,0,0,0,0,0,0,0,0,0,39000,0,0,0,80000,41000,39000,39000
049153,大立光元大96購02,0,0,0,0,0,0,0,0,0,39000,0,0,0,39000,0,39000,39000
060260,京鼎凱基9C購01  ,0,0,0,0,0,0,0,0,0,39000,0,0,0,131000,92000,39000,39000
058512,宏達電元大99購04,0,0,0,0,0,0,0,0,0,39000,0,0,0,40000,1000,39000,39000
058470,台灣50日盛9B購02,0,0,0,0,0,0,0,0,0,39000,0,0,0,39000,0,39000,39000
058272,超眾永豐9A購01  ,0,0,0,0,0,0,0,0,0,39000,0,0,0,39000,0,39000,39000
3028,增你強          ,39000,5000,34000,0,0,0,0,0,0,5000,5000,0,5000,0,0,0,39000
9905,大華            ,38000,1000,37000,0,0,0,0,0,0,2000,2000,0,2000,0,0,0,39000
8110,華東            ,109000,92000,17000,0,0,0,0,0,0,22000,29000,7000,22000,0,0,0,39000
6558,興能高          ,63000,27000,36000,0,0,0,0,0,0,3000,3000,0,3000,0,0,0,39000
06365P,鴻海凱基97售09  ,0,0,0,0,0,0,0,0,0,38000,0,0,0,38000,0,38000,38000
062145,億光國票9B購01  ,0,0,0,0,0,0,0,0,0,38000,0,0,0,38000,0,38000,38000
061307,和潤永豐9A購02  ,0,0,0,0,0,0,0,0,0,38000,0,0,0,94000,56000,38000,38000
061336,國巨元大9A購20  ,0,0,0,0,0,0,0,0,0,38000,0,0,0,50000,12000,38000,38000
061604,台光電凱基9B購01,0,0,0,0,0,0,0,0,0,38000,0,0,0,38000,0,38000,38000
061643,嘉澤元大9A購05  ,0,0,0,0,0,0,0,0,0,38000,0,0,0,162000,124000,38000,38000
061738,聯發科凱基9B購04,0,0,0,0,0,0,0,0,0,38000,0,0,0,38000,0,38000,38000
061937,聯發科國票9B購02,0,0,0,0,0,0,0,0,0,38000,0,0,0,49000,11000,38000,38000
061257,上銀凱基9A購06  ,0,0,0,0,0,0,0,0,0,38000,0,0,0,38000,0,38000,38000
048847,A50群益98購01   ,0,0,0,0,0,0,0,0,0,38000,0,0,0,38000,0,38000,38000
049024,玉晶光群益97購01,0,0,0,0,0,0,0,0,0,38000,0,0,0,63000,25000,38000,38000
00757,統一FANG+       ,0,0,0,0,0,0,0,0,0,38000,0,0,0,264000,226000,38000,38000
055459,建準永豐97購03  ,0,0,0,0,0,0,0,0,0,38000,0,0,0,80000,42000,38000,38000
054101,茂林國票97購04  ,0,0,0,0,0,0,0,0,0,38000,0,0,0,38000,0,38000,38000
054773,台郡國票98購01  ,0,0,0,0,0,0,0,0,0,38000,0,0,0,38000,0,38000,38000
05416P,喬山永豐95售04  ,0,0,0,0,0,0,0,0,0,38000,0,0,0,38000,0,38000,38000
056495,泰鼎國泰99購01  ,0,0,0,0,0,0,0,0,0,38000,0,0,0,38000,0,38000,38000
05982P,漢唐國票96售03  ,0,0,0,0,0,0,0,0,0,38000,0,0,0,38000,0,38000,38000
058411,技嘉兆豐99購01  ,0,0,0,0,0,0,0,0,0,38000,0,0,0,38000,0,38000,38000
057748,華通國票98購04  ,0,0,0,0,0,0,0,0,0,38000,0,0,0,38000,0,38000,38000
057694,臺股指凱基98購12,0,0,0,0,0,0,0,0,0,38000,0,0,0,38000,0,38000,38000
059885,台積電國票99購12,0,0,0,0,0,0,0,0,0,38000,0,0,0,47000,9000,38000,38000
059937,旺宏永豐99購03  ,0,0,0,0,0,0,0,0,0,38000,0,0,0,38000,0,38000,38000
9930,中聯資源        ,36000,1000,35000,0,0,0,0,0,0,3000,3000,0,3000,0,0,0,38000
6166,凌華            ,77000,40000,37000,0,0,0,0,0,0,1000,1000,0,1000,0,0,0,38000
07839P,嘉澤元大9A售04  ,0,0,0,0,0,0,0,0,0,38000,0,0,0,114000,76000,38000,38000
07505P,台勝科元大9A售01,0,0,0,0,0,0,0,0,0,38000,0,0,0,41000,3000,38000,38000
060685,康友元大9A購01  ,0,0,0,0,0,0,0,0,0,37000,0,0,0,44000,7000,37000,37000
060887,台積電統一01購01,0,0,0,0,0,0,0,0,0,37000,0,0,0,41000,4000,37000,37000
061582,麗豐元大9A購01  ,0,0,0,0,0,0,0,0,0,37000,0,0,0,296000,259000,37000,37000
06140P,華新科群益97售06,0,0,0,0,0,0,0,0,0,37000,0,0,0,158000,121000,37000,37000
062566,嘉晶中信9C購01  ,0,0,0,0,0,0,0,0,0,37000,0,0,0,80000,43000,37000,37000
062541,臻鼎國泰01購01  ,0,0,0,0,0,0,0,0,0,37000,0,0,0,81000,44000,37000,37000
055812,台積電國票99購02,0,0,0,0,0,0,0,0,0,37000,0,0,0,37000,0,37000,37000
055626,力山永豐97購01  ,0,0,0,0,0,0,0,0,0,37000,0,0,0,37000,0,37000,37000
00663L,國泰臺灣加權正2 ,44000,0,44000,0,0,0,0,0,0,-7000,0,0,0,62000,69000,-7000,37000
04831P,聯詠富邦96售01  ,0,0,0,0,0,0,0,0,0,37000,0,0,0,62000,25000,37000,37000
04633P,旺宏群益96售04  ,0,0,0,0,0,0,0,0,0,37000,0,0,0,47000,10000,37000,37000
05691P,聯發科中信98售01,0,0,0,0,0,0,0,0,0,37000,0,0,0,290000,253000,37000,37000
057955,技嘉元大98購07  ,0,0,0,0,0,0,0,0,0,37000,0,0,0,174000,137000,37000,37000
057802,卜蜂元大98購01  ,0,0,0,0,0,0,0,0,0,37000,0,0,0,94000,57000,37000,37000
056962,技嘉永豐98購01  ,0,0,0,0,0,0,0,0,0,37000,0,0,0,42000,5000,37000,37000
058399,美律元大99購05  ,0,0,0,0,0,0,0,0,0,37000,0,0,0,47000,10000,37000,37000
060232,友訊元大9C購01  ,0,0,0,0,0,0,0,0,0,37000,0,0,0,68000,31000,37000,37000
060342,台積電統一02購01,0,0,0,0,0,0,0,0,0,37000,0,0,0,41000,4000,37000,37000
060524,國巨中信9A購03  ,0,0,0,0,0,0,0,0,0,37000,0,0,0,52000,15000,37000,37000
07922P,大立光群益9B售05,0,0,0,0,0,0,0,0,0,37000,0,0,0,73000,36000,37000,37000
9908,大台北          ,29000,0,29000,0,0,0,0,0,0,8000,8000,0,8000,0,0,0,37000
06926P,可成群益9A售04  ,0,0,0,0,0,0,0,0,0,36000,0,0,0,36000,0,36000,36000
061556,台積電國票9A購08,0,0,0,0,0,0,0,0,0,36000,0,0,0,36000,0,36000,36000
060849,力成國票9A購01  ,0,0,0,0,0,0,0,0,0,36000,0,0,0,51000,15000,36000,36000
061218,臺股指元大9A購55,0,0,0,0,0,0,0,0,0,36000,0,0,0,55000,19000,36000,36000
060996,臻鼎元大9A購01  ,0,0,0,0,0,0,0,0,0,36000,0,0,0,50000,14000,36000,36000
00690,兆豐藍籌30      ,0,0,0,0,0,0,0,0,0,36000,0,0,0,429000,393000,36000,36000
053557,聯茂凱基96購04  ,0,0,0,0,0,0,0,0,0,36000,0,0,0,40000,4000,36000,36000
055126,嘉澤兆豐97購01  ,0,0,0,0,0,0,0,0,0,36000,0,0,0,36000,0,36000,36000
055214,聯電凱基97購02  ,0,0,0,0,0,0,0,0,0,36000,0,0,0,136000,100000,36000,36000
056581,超眾元大99購01  ,0,0,0,0,0,0,0,0,0,36000,0,0,0,36000,0,36000,36000
060370,滬深2X元富04購01,0,0,0,0,0,0,0,0,0,36000,0,0,0,36000,0,36000,36000
059363,超眾永豐99購02  ,0,0,0,0,0,0,0,0,0,36000,0,0,0,41000,5000,36000,36000
059563,鴻海凱基9A購14  ,0,0,0,0,0,0,0,0,0,36000,0,0,0,36000,0,36000,36000
059919,宏達電元大99購06,0,0,0,0,0,0,0,0,0,36000,0,0,0,64000,28000,36000,36000
07898P,國巨國泰9C售02  ,0,0,0,0,0,0,0,0,0,36000,0,0,0,156000,120000,36000,36000
07909P,台積電統一9B售12,0,0,0,0,0,0,0,0,0,36000,0,0,0,36000,0,36000,36000
060912,華新科元大9A購10,0,0,0,0,0,0,0,0,0,35000,0,0,0,35000,0,35000,35000
061881,緯穎元大9B購02  ,0,0,0,0,0,0,0,0,0,35000,0,0,0,63000,28000,35000,35000
06451P,聯發科元大98售04,0,0,0,0,0,0,0,0,0,35000,0,0,0,35000,0,35000,35000
06626P,大立光統一9A售01,0,0,0,0,0,0,0,0,0,35000,0,0,0,35000,0,35000,35000
062221,奇力新統一01購01,0,0,0,0,0,0,0,0,0,35000,0,0,0,45000,10000,35000,35000
062091,世紀鋼元大9B購01,0,0,0,0,0,0,0,0,0,35000,0,0,0,95000,60000,35000,35000
054634,FB上証中信99購01,0,0,0,0,0,0,0,0,0,35000,0,0,0,45000,10000,35000,35000
056394,晶豪科永豐98購01,0,0,0,0,0,0,0,0,0,35000,0,0,0,51000,16000,35000,35000
054374,信邦中信96購01  ,0,0,0,0,0,0,0,0,0,35000,0,0,0,194000,159000,35000,35000
055283,聯發科元大97購16,0,0,0,0,0,0,0,0,0,35000,0,0,0,35000,0,35000,35000
056038,可成凱基97購01  ,0,0,0,0,0,0,0,0,0,35000,0,0,0,40000,5000,35000,35000
055034,建準富邦99購01  ,0,0,0,0,0,0,0,0,0,35000,0,0,0,41000,6000,35000,35000
054015,晶豪科永豐96購03,0,0,0,0,0,0,0,0,0,35000,0,0,0,35000,0,35000,35000
055490,台光電元大97購01,0,0,0,0,0,0,0,0,0,35000,0,0,0,35000,0,35000,35000
047004,台積電統一99購01,0,0,0,0,0,0,0,0,0,35000,0,0,0,80000,45000,35000,35000
049017,旺宏群益96購03  ,0,0,0,0,0,0,0,0,0,35000,0,0,0,35000,0,35000,35000
051155,聯發科國泰96購01,0,0,0,0,0,0,0,0,0,35000,0,0,0,35000,0,35000,35000
057570,技嘉永豐98購02  ,0,0,0,0,0,0,0,0,0,35000,0,0,0,231000,196000,35000,35000
057255,聯發科麥證98購02,0,0,0,50000,15000,35000,0,0,0,35000,0,0,0,50000,15000,35000,35000
058210,臺股指凱基9C購04,0,0,0,0,0,0,0,0,0,35000,0,0,0,35000,0,35000,35000
057082,玉晶光統一9A購04,0,0,0,0,0,0,0,0,0,35000,0,0,0,80000,45000,35000,35000
060408,和潤國泰9C購01  ,0,0,0,0,0,0,0,0,0,35000,0,0,0,77000,42000,35000,35000
07771P,義隆國票9A售01  ,0,0,0,0,0,0,0,0,0,35000,0,0,0,37000,2000,35000,35000
07930P,聯發科統一9B售06,0,0,0,0,0,0,0,0,0,35000,0,0,0,110000,75000,35000,35000
07531P,大立光國泰9B售03,0,0,0,0,0,0,0,0,0,35000,0,0,0,72000,37000,35000,35000
07248P,可成凱基99售06  ,0,0,0,0,0,0,0,0,0,35000,0,0,0,35000,0,35000,35000
07230P,滬深2X群益01售02,0,0,0,0,0,0,0,0,0,35000,0,0,0,35000,0,35000,35000
2516,新建            ,40000,8000,32000,0,0,0,0,0,0,3000,3000,0,3000,0,0,0,35000
2316,楠梓電          ,201000,409000,-208000,0,0,0,0,0,0,243000,269000,16000,253000,0,10000,-10000,35000
2348,海悅            ,65000,30000,35000,0,0,0,0,0,0,0,1000,1000,0,0,0,0,35000
062079,聯發科元大9B購06,0,0,0,0,0,0,0,0,0,34000,0,0,0,34000,0,34000,34000
062060,奇鋐統一9C購01  ,0,0,0,0,0,0,0,0,0,34000,0,0,0,64000,30000,34000,34000
06458P,玉晶光統一9A售02,0,0,0,0,0,0,0,0,0,34000,0,0,0,34000,0,34000,34000
06953P,景碩統一9A售01  ,0,0,0,0,0,0,0,0,0,34000,0,0,0,49000,15000,34000,34000
07171P,臺股指國票99售08,0,0,0,0,0,0,0,0,0,34000,0,0,0,110000,76000,34000,34000
061743,祥碩凱基9B購02  ,0,0,0,0,0,0,0,0,0,34000,0,0,0,182000,148000,34000,34000
061473,台積電元大9A購33,0,0,0,0,0,0,0,0,0,34000,0,0,0,34000,0,34000,34000
061481,嘉澤元大9A購03  ,0,0,0,0,0,0,0,0,0,34000,0,0,0,140000,106000,34000,34000
060941,台積電國票9B購04,0,0,0,0,0,0,0,0,0,34000,0,0,0,34000,0,34000,34000
060719,瀚宇博永豐9A購01,0,0,0,0,0,0,0,0,0,34000,0,0,0,50000,16000,34000,34000
061068,祥碩凱基9B購01  ,0,0,0,0,0,0,0,0,0,34000,0,0,0,34000,0,34000,34000
053691,聯發科元大96購16,0,0,0,0,0,0,0,0,0,34000,0,0,0,34000,0,34000,34000
046928,奇鋐富邦97購01  ,0,0,0,0,0,0,0,0,0,34000,0,0,0,50000,16000,34000,34000
055098,臺股指群益97購01,0,0,0,0,0,0,0,0,0,34000,0,0,0,34000,0,34000,34000
05606P,TPK國票97售02   ,0,0,0,0,0,0,0,0,0,34000,0,0,0,34000,0,34000,34000
056083,億光統一97購03  ,0,0,0,0,0,0,0,0,0,34000,0,0,0,34000,0,34000,34000
054649,聯茂群益97購01  ,0,0,0,0,0,0,0,0,0,34000,0,0,0,34000,0,34000,34000
060161,牧德永豐9A購02  ,0,0,0,0,0,0,0,0,0,34000,0,0,0,74000,40000,34000,34000
057088,上銀元富98購01  ,0,0,0,0,0,0,0,0,0,34000,0,0,0,79000,45000,34000,34000
059370,玉晶光元富99購02,0,0,0,0,0,0,0,0,0,34000,0,0,0,134000,100000,34000,34000
05757P,旺宏永豐96售03  ,0,0,0,0,0,0,0,0,0,34000,0,0,0,34000,0,34000,34000
057810,技嘉元大98購06  ,0,0,0,0,0,0,0,0,0,34000,0,0,0,107000,73000,34000,34000
059907,道瓊指元大99購03,0,0,0,0,0,0,0,0,0,34000,0,0,0,81000,47000,34000,34000
059664,立積元大9C購01  ,0,0,0,0,0,0,0,0,0,34000,0,0,0,39000,5000,34000,34000
059711,滬深2X元大9C購02,0,0,0,0,0,0,0,0,0,34000,0,0,0,34000,0,34000,34000
059135,臺股指群益99購10,0,0,0,0,0,0,0,0,0,34000,0,0,0,34000,0,34000,34000
3015,全漢            ,65000,34000,31000,0,0,0,0,0,0,3000,7000,4000,3000,0,0,0,34000
061706,旭富國票9A購02  ,0,0,0,0,0,0,0,0,0,33000,0,0,0,87000,54000,33000,33000
061649,緯穎元大9A購06  ,0,0,0,0,0,0,0,0,0,33000,0,0,0,79000,46000,33000,33000
060116,世紀鋼元大99購07,0,0,0,0,0,0,0,0,0,33000,0,0,0,46000,13000,33000,33000
054803,味全元大9A購01  ,0,0,0,0,0,0,0,0,0,33000,0,0,0,33000,0,33000,33000
01002T,土銀國泰R1      ,33000,0,33000,0,0,0,0,0,0,0,0,0,0,0,0,0,33000
053181,滬深2X元富99購02,0,0,0,0,0,0,0,0,0,33000,0,0,0,774000,741000,33000,33000
053635,技嘉永豐96購01  ,0,0,0,0,0,0,0,0,0,33000,0,0,0,40000,7000,33000,33000
051192,緯創兆豐96購01  ,0,0,0,0,0,0,0,0,0,33000,0,0,0,48000,15000,33000,33000
051424,緯穎國票97購01  ,0,0,0,0,0,0,0,0,0,33000,0,0,0,33000,0,33000,33000
057967,聯發科國泰9A購02,0,0,0,0,0,0,0,0,0,33000,0,0,0,116000,83000,33000,33000
059024,大立光統一9B購04,0,0,0,0,0,0,0,0,0,33000,0,0,0,83000,50000,33000,33000
059039,致伸群益99購01  ,0,0,0,0,0,0,0,0,0,33000,0,0,0,33000,0,33000,33000
057637,上銀元大98購07  ,0,0,0,0,0,0,0,0,0,33000,0,0,0,71000,38000,33000,33000
3583,辛耘            ,48000,16000,32000,0,0,0,0,0,0,1000,1000,0,1000,0,0,0,33000
2359,所羅門          ,61000,36000,25000,0,0,0,0,0,0,8000,8000,0,8000,0,0,0,33000
07692P,玉晶光元大9A售11,0,0,0,0,0,0,0,0,0,33000,0,0,0,33000,0,33000,33000
9924,福興            ,44000,11000,33000,0,0,0,0,0,0,0,0,0,0,0,0,0,33000
6235,華孚            ,32000,6000,26000,0,0,0,0,0,0,7000,7000,0,7000,0,0,0,33000
4994,傳奇            ,75900,45000,30900,0,0,0,0,0,0,2000,2000,0,2000,0,0,0,32900
061595,智易永豐9A購02  ,0,0,0,0,0,0,0,0,0,32000,0,0,0,41000,9000,32000,32000
06425P,TPK永豐97售02   ,0,0,0,0,0,0,0,0,0,32000,0,0,0,32000,0,32000,32000
06282P,聯鈞永豐97售02  ,0,0,0,0,0,0,0,0,0,32000,0,0,0,45000,13000,32000,32000
062154,國巨凱基9C購02  ,0,0,0,0,0,0,0,0,0,32000,0,0,0,32000,0,32000,32000
062428,超眾統一9B購01  ,0,0,0,0,0,0,0,0,0,32000,0,0,0,32000,0,32000,32000
047687,元金2X富邦96購01,0,0,0,0,0,0,0,0,0,32000,0,0,0,32000,0,32000,32000
055635,緯穎永豐97購01  ,0,0,0,0,0,0,0,0,0,32000,0,0,0,40000,8000,32000,32000
052488,旺宏國票96購03  ,0,0,0,0,0,0,0,0,0,32000,0,0,0,32000,0,32000,32000
055305,旺宏群益99購01  ,0,0,0,0,0,0,0,0,0,32000,0,0,0,32000,0,32000,32000
057876,隆達元大98購01  ,0,0,0,0,0,0,0,0,0,32000,0,0,0,41000,9000,32000,32000
054632,緯穎凱基9A購01  ,0,0,0,0,0,0,0,0,0,32000,0,0,0,36000,4000,32000,32000
056194,聯發科富邦9B購01,0,0,0,0,0,0,0,0,0,32000,0,0,0,32000,0,32000,32000
059934,華通永豐99購02  ,0,0,0,0,0,0,0,0,0,32000,0,0,0,34000,2000,32000,32000
059760,楠梓電永豐99購01,0,0,0,0,0,0,0,0,0,32000,0,0,0,32000,0,32000,32000
057349,聯發科統一98購04,0,0,0,0,0,0,0,0,0,32000,0,0,0,52000,20000,32000,32000
059296,大立光元富99購06,0,0,0,0,0,0,0,0,0,32000,0,0,0,142000,110000,32000,32000
058444,國巨富邦9B購01  ,0,0,0,0,0,0,0,0,0,32000,0,0,0,43000,11000,32000,32000
057475,聯電元大9A購01  ,0,0,0,0,0,0,0,0,0,32000,0,0,0,176000,144000,32000,32000
060502,國巨元大9A購07  ,0,0,0,0,0,0,0,0,0,32000,0,0,0,33000,1000,32000,32000
4739,康普            ,72000,38000,34000,0,0,0,0,0,0,-2000,1000,3000,-2000,0,0,0,32000
6552,易華電          ,144000,83000,61000,0,0,0,0,0,0,-29000,3000,26000,-23000,0,6000,-6000,32000
2832,台產            ,32000,2000,30000,0,0,0,0,0,0,2000,2000,0,2000,0,0,0,32000
062330,可成統一9B購03  ,0,0,0,0,0,0,0,0,0,31000,0,0,0,53000,22000,31000,31000
062604,東元凱基9B購01  ,0,0,0,0,0,0,0,0,0,31000,0,0,0,31000,0,31000,31000
062659,台灣50群益9B購10,0,0,0,0,0,0,0,0,0,31000,0,0,0,31000,0,31000,31000
061987,大立光元大9B購03,0,0,0,0,0,0,0,0,0,31000,0,0,0,31000,0,31000,31000
06507P,台表科國票99售01,0,0,0,0,0,0,0,0,0,31000,0,0,0,186000,155000,31000,31000
06467P,旺宏統一98售01  ,0,0,0,0,0,0,0,0,0,31000,0,0,0,33000,2000,31000,31000
060785,國巨富邦9B購04  ,0,0,0,0,0,0,0,0,0,31000,0,0,0,63000,32000,31000,31000
060148,臺股指國票9A購08,0,0,0,0,0,0,0,0,0,31000,0,0,0,31000,0,31000,31000
059981,聯發科元大99購36,0,0,0,0,0,0,0,0,0,31000,0,0,0,85000,54000,31000,31000
054100,致伸國票97購03  ,0,0,0,0,0,0,0,0,0,31000,0,0,0,69000,38000,31000,31000
047418,智邦富邦97購01  ,0,0,0,0,0,0,0,0,0,31000,0,0,0,35000,4000,31000,31000
057061,華擎國泰9A購01  ,0,0,0,0,0,0,0,0,0,31000,0,0,0,31000,0,31000,31000
05937P,台積電凱基96售21,0,0,0,0,0,0,0,0,0,31000,0,0,0,31000,0,31000,31000
057191,祥碩元大98購05  ,0,0,0,0,0,0,0,0,0,31000,0,0,0,62000,31000,31000,31000
057658,玉晶光兆豐99購02,0,0,0,0,0,0,0,0,0,31000,0,0,0,31000,0,31000,31000
057842,緯穎富邦99購02  ,0,0,0,0,0,0,0,0,0,31000,0,0,0,34000,3000,31000,31000
2009,第一銅          ,31000,5000,26000,0,0,0,0,0,0,5000,5000,0,5000,0,0,0,31000
07694P,超眾元大9A售05  ,0,0,0,0,0,0,0,0,0,31000,0,0,0,31000,0,31000,31000
1338,廣華-KY         ,107000,43000,64000,0,0,0,0,0,0,-33000,0,33000,-33000,0,0,0,31000
07886P,國巨國票9B售06  ,0,0,0,0,0,0,0,0,0,31000,0,0,0,31000,0,31000,31000
060833,道瓊反國票9A購01,0,0,0,0,0,0,0,0,0,30000,0,0,0,130000,100000,30000,30000
061081,宏碁兆豐9A購01  ,0,0,0,0,0,0,0,0,0,30000,0,0,0,178000,148000,30000,30000
061135,聯發科統一9C購03,0,0,0,0,0,0,0,0,0,30000,0,0,0,30000,0,30000,30000
061472,台積電元大9A購32,0,0,0,0,0,0,0,0,0,30000,0,0,0,130000,100000,30000,30000
061403,滬深2X國票9A購06,0,0,0,0,0,0,0,0,0,30000,0,0,0,30000,0,30000,30000
061445,道瓊指中信9A購01,0,0,0,0,0,0,0,0,0,30000,0,0,0,60000,30000,30000,30000
061662,瑞儀永豐9A購02  ,0,0,0,0,0,0,0,0,0,30000,0,0,0,188000,158000,30000,30000
061711,台積電凱基9A購27,0,0,0,0,0,0,0,0,0,30000,0,0,0,30000,0,30000,30000
061744,超眾凱基9B購02  ,0,0,0,0,0,0,0,0,0,30000,0,0,0,30000,0,30000,30000
061730,旺宏統一01購02  ,0,0,0,0,0,0,0,0,0,30000,0,0,0,30000,0,30000,30000
061962,台積電統一01購03,0,0,0,0,0,0,0,0,0,30000,0,0,0,51000,21000,30000,30000
06560P,台積電統一98售07,0,0,0,0,0,0,0,0,0,30000,0,0,0,30000,0,30000,30000
06637P,大立光凱基98售15,0,0,0,0,0,0,0,0,0,30000,0,0,0,30000,0,30000,30000
07147P,高鐵元大99售01  ,0,0,0,0,0,0,0,0,0,30000,0,0,0,150000,120000,30000,30000
06967P,台郡台新99售02  ,0,0,0,0,0,0,0,0,0,30000,0,0,0,30000,0,30000,30000
06880P,鈺齊凱基98售03  ,0,0,0,0,0,0,0,0,0,30000,0,0,0,30000,0,30000,30000
062067,滬深2X元大9B購01,0,0,0,0,0,0,0,0,0,30000,0,0,0,30000,0,30000,30000
062071,華通元大9B購02  ,0,0,0,0,0,0,0,0,0,30000,0,0,0,60000,30000,30000,30000
062120,國巨台新9B購01  ,0,0,0,0,0,0,0,0,0,30000,0,0,0,30000,0,30000,30000
062241,滬深2X元大9B購03,0,0,0,0,0,0,0,0,0,30000,0,0,0,30000,0,30000,30000
062654,技嘉永豐9B購01  ,0,0,0,0,0,0,0,0,0,30000,0,0,0,77000,47000,30000,30000
062517,滬深2X元大9B購05,0,0,0,0,0,0,0,0,0,30000,0,0,0,30000,0,30000,30000
047689,瑞昱富邦97購01  ,0,0,0,0,0,0,0,0,0,30000,0,0,0,30000,0,30000,30000
048130,美利達元大96購01,0,0,0,0,0,0,0,0,0,30000,0,0,0,30000,0,30000,30000
048334,A50正2元大96購01,0,0,0,0,0,0,0,0,0,30000,0,0,0,30000,0,30000,30000
053949,康控富邦9A購01  ,0,0,0,0,0,0,0,0,0,30000,0,0,0,30000,0,30000,30000
053281,茂林元大96購02  ,0,0,0,0,0,0,0,0,0,30000,0,0,0,30000,0,30000,30000
053752,超眾永豐96購02  ,0,0,0,0,0,0,0,0,0,30000,0,0,0,30000,0,30000,30000
053709,台達電凱基96購04,0,0,0,0,0,0,0,0,0,30000,0,0,0,30000,0,30000,30000
053043,嘉晶凱基96購01  ,0,0,0,0,0,0,0,0,0,30000,0,0,0,30000,0,30000,30000
052939,富邦金兆豐96購01,0,0,0,0,0,0,0,0,0,30000,0,0,0,50000,20000,30000,30000
052885,高鐵兆豐98購01  ,0,0,0,0,0,0,0,0,0,30000,0,0,0,143000,113000,30000,30000
052851,滬深2X元富96購02,0,0,0,0,0,0,0,0,0,30000,0,0,0,30000,0,30000,30000
055531,華新科群益98購03,0,0,0,0,0,0,0,0,0,30000,0,0,0,30000,0,30000,30000
054016,嘉晶永豐96購04  ,0,0,0,0,0,0,0,0,0,30000,0,0,0,30000,0,30000,30000
052536,聯茂國泰97購01  ,0,0,0,0,0,0,0,0,0,30000,0,0,0,30000,0,30000,30000
052598,滬深2X元大96購05,0,0,0,0,0,0,0,0,0,30000,0,0,0,30000,0,30000,30000
055791,臺股指凱基97購14,0,0,0,0,0,0,0,0,0,30000,0,0,0,30000,0,30000,30000
055828,上銀元大97購05  ,0,0,0,0,0,0,0,0,0,30000,0,0,0,30000,0,30000,30000
055872,亞泥元富97購01  ,0,0,0,0,0,0,0,0,0,30000,0,0,0,50000,20000,30000,30000
055955,微星元大97購01  ,0,0,0,0,0,0,0,0,0,30000,0,0,0,30000,0,30000,30000
054335,緯穎永豐96購02  ,0,0,0,0,0,0,0,0,0,30000,0,0,0,40000,10000,30000,30000
054828,正崴國泰99購01  ,0,0,0,0,0,0,0,0,0,30000,0,0,0,30000,0,30000,30000
05496P,聯詠統一95售04  ,0,0,0,0,0,0,0,0,0,30000,0,0,0,30000,0,30000,30000
054941,凱美元大97購01  ,0,0,0,0,0,0,0,0,0,30000,0,0,0,30000,0,30000,30000
05443P,宏達電元大95售05,0,0,0,0,0,0,0,0,0,30000,0,0,0,30000,0,30000,30000
054502,泰碩永豐96購01  ,0,0,0,0,0,0,0,0,0,30000,0,0,0,30000,0,30000,30000
060023,T50反1國泰9A購03,0,0,0,0,0,0,0,0,0,30000,0,0,0,30000,0,30000,30000
060110,茂林元大99購06  ,0,0,0,0,0,0,0,0,0,30000,0,0,0,60000,30000,30000,30000
057820,華擎元大98購02  ,0,0,0,0,0,0,0,0,0,30000,0,0,0,100000,70000,30000,30000
058063,旺宏中信98購04  ,0,0,0,0,0,0,0,0,0,30000,0,0,0,30000,0,30000,30000
057718,旺宏元富02購02  ,0,0,0,0,0,0,0,0,0,30000,0,0,0,30000,0,30000,30000
057605,旺宏統一99購03  ,0,0,0,0,0,0,0,0,0,30000,0,0,0,30000,0,30000,30000
057556,智易凱基99購01  ,0,0,0,0,0,0,0,0,0,30000,0,0,0,64000,34000,30000,30000
058912,祥碩元大99購01  ,0,0,0,0,0,0,0,0,0,30000,0,0,0,45000,15000,30000,30000
056906,玉晶光元大9B購01,0,0,0,0,0,0,0,0,0,30000,0,0,0,57000,27000,30000,30000
056931,智原台新98購01  ,0,0,0,0,0,0,0,0,0,30000,0,0,0,30000,0,30000,30000
059120,致伸永豐99購01  ,0,0,0,0,0,0,0,0,0,30000,0,0,0,30000,0,30000,30000
05862P,大立光國泰98售01,0,0,0,0,0,0,0,0,0,30000,0,0,0,30000,0,30000,30000
058338,康友元富99購01  ,0,0,0,0,0,0,0,0,0,30000,0,0,0,30000,0,30000,30000
058339,康友元富99購02  ,0,0,0,0,0,0,0,0,0,30000,0,0,0,30000,0,30000,30000
057275,友達元大9A購04  ,0,0,0,0,0,0,0,0,0,30000,0,0,0,30000,0,30000,30000
057308,同欣電兆豐99購01,0,0,0,0,0,0,0,0,0,30000,0,0,0,40000,10000,30000,30000
056629,昇陽半永豐98購01,0,0,0,0,0,0,0,0,0,30000,0,0,0,30000,0,30000,30000
057060,緯穎元大98購05  ,0,0,0,0,0,0,0,0,0,30000,0,0,0,30000,0,30000,30000
05706P,TPK永豐96售02   ,0,0,0,0,0,0,0,0,0,30000,0,0,0,30000,0,30000,30000
058234,華新科元大99購12,0,0,0,0,0,0,0,0,0,30000,0,0,0,30000,0,30000,30000
059255,臺股指凱基99購33,0,0,0,0,0,0,0,0,0,30000,0,0,0,32000,2000,30000,30000
059259,FBVIX中信03購06 ,0,0,0,0,0,0,0,0,0,30000,0,0,0,69000,39000,30000,30000
059240,台積電凱基9A購09,0,0,0,0,0,0,0,0,0,30000,0,0,0,40000,10000,30000,30000
059309,滬深2X元大99購02,0,0,0,0,0,0,0,0,0,30000,0,0,0,30000,0,30000,30000
060498,華通元大9A購03  ,0,0,0,0,0,0,0,0,0,30000,0,0,0,30000,0,30000,30000
060344,聯發科統一01購01,0,0,0,0,0,0,0,0,0,30000,0,0,0,40000,10000,30000,30000
057472,T50正2元大9B購03,0,0,0,0,0,0,0,0,0,30000,0,0,0,90000,60000,30000,30000
057462,光磊永豐98購02  ,0,0,0,0,0,0,0,0,0,30000,0,0,0,40000,10000,30000,30000
060208,卜蜂康和9A購01  ,0,0,0,0,0,0,0,0,0,30000,0,0,0,30000,0,30000,30000
058493,台積電群益9A購01,0,0,0,0,0,0,0,0,0,30000,0,0,0,30000,0,30000,30000
07903P,台積電群益9B售03,0,0,0,0,0,0,0,0,0,30000,0,0,0,40000,10000,30000,30000
07615P,華通中信02售02  ,0,0,0,0,0,0,0,0,0,30000,0,0,0,30000,0,30000,30000
2816,旺旺保          ,29000,0,29000,0,0,0,0,0,0,1000,1000,0,1000,0,0,0,30000
3596,智易            ,251000,568000,-317000,0,0,0,363000,0,363000,-16000,7000,3000,4000,4000,24000,-20000,30000
6215,和椿            ,58000,30000,28000,0,0,0,0,0,0,2000,2000,0,2000,0,0,0,30000
00645,富邦日本        ,0,0,0,0,0,0,0,0,0,29712,0,0,0,109712,80000,29712,29712
062176,元金2X元大9B購01,0,0,0,0,0,0,0,0,0,29000,0,0,0,30000,1000,29000,29000
06864P,健策凱基98售01  ,0,0,0,0,0,0,0,0,0,29000,0,0,0,267000,238000,29000,29000
06737P,台郡凱基98售07  ,0,0,0,0,0,0,0,0,0,29000,0,0,0,29000,0,29000,29000
06569P,可成永豐98售01  ,0,0,0,0,0,0,0,0,0,29000,0,0,0,59000,30000,29000,29000
06461P,玉晶光國泰9A售01,0,0,0,0,0,0,0,0,0,29000,0,0,0,31000,2000,29000,29000
061627,台表科群益9A購01,0,0,0,0,0,0,0,0,0,29000,0,0,0,41000,12000,29000,29000
061603,瑞昱凱基9A購02  ,0,0,0,0,0,0,0,0,0,29000,0,0,0,416000,387000,29000,29000
056301,開發金元大9A購01,0,0,0,0,0,0,0,0,0,29000,0,0,0,100000,71000,29000,29000
056577,玉晶光元大99購06,0,0,0,0,0,0,0,0,0,29000,0,0,0,73000,44000,29000,29000
059236,鴻海凱基99購09  ,0,0,0,0,0,0,0,0,0,29000,0,0,0,119000,90000,29000,29000
059366,台積電台新99購04,0,0,0,0,0,0,0,0,0,29000,0,0,0,100000,71000,29000,29000
058008,禾伸堂國票99購02,0,0,0,0,0,0,0,0,0,29000,0,0,0,38000,9000,29000,29000
05987P,健策統一96售02  ,0,0,0,0,0,0,0,0,0,29000,0,0,0,31000,2000,29000,29000
6192,巨路            ,31000,1000,30000,0,0,0,0,0,0,-1000,3000,4000,-1000,0,0,0,29000
1709,和益            ,174000,149000,25000,0,0,0,0,0,0,4000,4000,0,4000,0,0,0,29000
2106,建大            ,449000,423000,26000,0,0,0,0,0,0,3000,3000,0,3000,0,0,0,29000
07890P,南電國票9B售01  ,0,0,0,0,0,0,0,0,0,29000,0,0,0,30000,1000,29000,29000
061432,世紀鋼元大9A購05,0,0,0,0,0,0,0,0,0,28000,0,0,0,221000,193000,28000,28000
061884,臺股指元大9B購18,0,0,0,0,0,0,0,0,0,28000,0,0,0,30000,2000,28000,28000
061147,上証2X群益9C購06,0,0,0,0,0,0,0,0,0,28000,0,0,0,28000,0,28000,28000
060450,南亞元大9A購02  ,0,0,0,0,0,0,0,0,0,28000,0,0,0,50000,22000,28000,28000
062228,南六統一02購01  ,0,0,0,0,0,0,0,0,0,28000,0,0,0,83000,55000,28000,28000
062111,台勝科國票9B購01,0,0,0,0,0,0,0,0,0,28000,0,0,0,45000,17000,28000,28000
062045,崇越凱基9B購01  ,0,0,0,0,0,0,0,0,0,28000,0,0,0,130000,102000,28000,28000
060113,祥碩元大9B購01  ,0,0,0,0,0,0,0,0,0,28000,0,0,0,29000,1000,28000,28000
054785,建準群益98購01  ,0,0,0,0,0,0,0,0,0,28000,0,0,0,384000,356000,28000,28000
056029,國巨麥證98購01  ,0,0,0,28000,0,28000,0,0,0,28000,0,0,0,28000,0,28000,28000
00668,國泰美國道瓊    ,0,0,0,0,0,0,0,0,0,28000,0,0,0,169000,141000,28000,28000
053441,旺宏凱基98購01  ,0,0,0,0,0,0,0,0,0,28000,0,0,0,28000,0,28000,28000
057832,聯發科元富02購05,0,0,0,0,0,0,0,0,0,28000,0,0,0,35000,7000,28000,28000
058612,健策元大99購02  ,0,0,0,0,0,0,0,0,0,28000,0,0,0,46000,18000,28000,28000
058596,旺宏台新99購01  ,0,0,0,0,0,0,0,0,0,28000,0,0,0,28000,0,28000,28000
057022,智邦凱基98購04  ,0,0,0,0,0,0,0,0,0,28000,0,0,0,69000,41000,28000,28000
059224,大立光元大99購15,0,0,0,0,0,0,0,0,0,28000,0,0,0,55000,27000,28000,28000
057241,超眾凱基99購02  ,0,0,0,0,0,0,0,0,0,28000,0,0,0,28000,0,28000,28000
058191,祥碩永豐99購01  ,0,0,0,0,0,0,0,0,0,28000,0,0,0,48000,20000,28000,28000
057381,微星國泰9A購01  ,0,0,0,0,0,0,0,0,0,28000,0,0,0,28000,0,28000,28000
060261,臺股指凱基9A購04,0,0,0,0,0,0,0,0,0,28000,0,0,0,34000,6000,28000,28000
060481,巨大元大9A購01  ,0,0,0,0,0,0,0,0,0,28000,0,0,0,28000,0,28000,28000
07856P,力成凱基9A售02  ,0,0,0,0,0,0,0,0,0,28000,0,0,0,93000,65000,28000,28000
07806P,健策永豐9A售02  ,0,0,0,0,0,0,0,0,0,28000,0,0,0,48000,20000,28000,28000
1337,再生-KY         ,150000,129000,21000,0,0,0,0,0,0,7000,7000,0,7000,0,0,0,28000
07678P,大立光群益9A售03,0,0,0,0,0,0,0,0,0,28000,0,0,0,28000,0,28000,28000
5531,鄉林            ,32000,11000,21000,0,0,0,0,0,0,7000,7000,0,7000,0,0,0,28000
5907,大洋-KY         ,33000,4000,29000,0,0,0,0,0,0,-1000,0,1000,-1000,0,0,0,28000
4532,瑞智            ,54000,32000,22000,0,0,0,0,0,0,6000,6000,0,6000,0,0,0,28000
4576,大銀微系統      ,33000,5000,28000,0,0,0,0,0,0,0,0,0,0,0,0,0,28000
061264,全新凱基9B購01  ,0,0,0,0,0,0,0,0,0,27000,0,0,0,27000,0,27000,27000
06044P,同欣電永豐96售03,0,0,0,0,0,0,0,0,0,27000,0,0,0,27000,0,27000,27000
06173P,華通元大97售02  ,0,0,0,0,0,0,0,0,0,27000,0,0,0,33000,6000,27000,27000
061363,儒鴻國票9B購01  ,0,0,0,0,0,0,0,0,0,27000,0,0,0,57000,30000,27000,27000
053079,世紀鋼永豐96購01,0,0,0,0,0,0,0,0,0,27000,0,0,0,27000,0,27000,27000
053176,矽力群益96購02  ,0,0,0,0,0,0,0,0,0,27000,0,0,0,30000,3000,27000,27000
049023,玉晶光群益96購04,0,0,0,0,0,0,0,0,0,27000,0,0,0,27000,0,27000,27000
055863,緯穎元大97購05  ,0,0,0,0,0,0,0,0,0,27000,0,0,0,27000,0,27000,27000
055755,禾伸堂兆豐97購02,0,0,0,0,0,0,0,0,0,27000,0,0,0,27000,0,27000,27000
060032,利勤永豐99購01  ,0,0,0,0,0,0,0,0,0,27000,0,0,0,27000,0,27000,27000
057856,聯鈞國票99購03  ,0,0,0,0,0,0,0,0,0,27000,0,0,0,27000,0,27000,27000
060294,嘉澤元大9A購01  ,0,0,0,0,0,0,0,0,0,27000,0,0,0,30000,3000,27000,27000
06018P,康控凱基96售03  ,0,0,0,0,0,0,0,0,0,27000,0,0,0,30000,3000,27000,27000
059340,鴻海凱基9A購12  ,0,0,0,0,0,0,0,0,0,27000,0,0,0,127000,100000,27000,27000
059786,全新元大99購06  ,0,0,0,0,0,0,0,0,0,27000,0,0,0,88000,61000,27000,27000
058626,瑞昱國票9A購01  ,0,0,0,0,0,0,0,0,0,27000,0,0,0,27000,0,27000,27000
058830,健策永豐99購02  ,0,0,0,0,0,0,0,0,0,27000,0,0,0,27000,0,27000,27000
4572,駐龍            ,29000,2000,27000,0,0,0,0,0,0,0,0,0,0,0,0,0,27000
07553P,嘉晶元大9A售02  ,0,0,0,0,0,0,0,0,0,27000,0,0,0,117000,90000,27000,27000
1608,華榮            ,57000,38000,19000,0,0,0,0,0,0,8000,8000,0,8000,0,0,0,27000
2929,淘帝-KY         ,83000,24000,59000,0,0,0,0,0,0,-32000,1000,26000,-25000,0,7000,-7000,27000
2616,山隆            ,28000,1000,27000,0,0,0,0,0,0,0,0,0,0,0,0,0,27000
6541,泰福-KY         ,130000,104913,25087,0,0,0,0,0,0,1000,1000,0,1000,0,0,0,26087
061375,華通永豐9A購02  ,0,0,0,0,0,0,0,0,0,26000,0,0,0,26000,0,26000,26000
061446,鴻海中信04購01  ,0,0,0,0,0,0,0,0,0,26000,0,0,0,30000,4000,26000,26000
061851,智邦國票9B購01  ,0,0,0,0,0,0,0,0,0,26000,0,0,0,26000,0,26000,26000
06090P,旺宏統一97售06  ,0,0,0,0,0,0,0,0,0,26000,0,0,0,27000,1000,26000,26000
060789,禾伸堂富邦9B購02,0,0,0,0,0,0,0,0,0,26000,0,0,0,26000,0,26000,26000
060752,上銀元大9A購04  ,0,0,0,0,0,0,0,0,0,26000,0,0,0,26000,0,26000,26000
061040,康友永豐9A購01  ,0,0,0,0,0,0,0,0,0,26000,0,0,0,26000,0,26000,26000
062344,力山群益9B購02  ,0,0,0,0,0,0,0,0,0,26000,0,0,0,71000,45000,26000,26000
062408,致新永豐9B購01  ,0,0,0,0,0,0,0,0,0,26000,0,0,0,162000,136000,26000,26000
06523P,台積電麥證98售02,0,0,0,26000,0,26000,0,0,0,26000,0,0,0,26000,0,26000,26000
06849P,欣興元大98售12  ,0,0,0,0,0,0,0,0,0,26000,0,0,0,51000,25000,26000,26000
06803P,臺股指群益98售09,0,0,0,0,0,0,0,0,0,26000,0,0,0,26000,0,26000,26000
059967,聯發科凱基99購20,0,0,0,0,0,0,0,0,0,26000,0,0,0,222000,196000,26000,26000
054186,高鐵永豐96購01  ,0,0,0,0,0,0,0,0,0,26000,0,0,0,26000,0,26000,26000
051970,元黃金凱基98購01,0,0,0,0,0,0,0,0,0,26000,0,0,0,26000,0,26000,26000
051736,旺宏國票96購01  ,0,0,0,0,0,0,0,0,0,26000,0,0,0,26000,0,26000,26000
052644,聯發科永豐96購01,0,0,0,0,0,0,0,0,0,26000,0,0,0,26000,0,26000,26000
058654,鴻海中信03購01  ,0,0,0,0,0,0,0,0,0,26000,0,0,0,26000,0,26000,26000
05977P,旺宏永豐96售06  ,0,0,0,0,0,0,0,0,0,26000,0,0,0,26000,0,26000,26000
058937,仁寶中信99購01  ,0,0,0,0,0,0,0,0,0,26000,0,0,0,50000,24000,26000,26000
060200,同欣電元富9A購01,0,0,0,0,0,0,0,0,0,26000,0,0,0,110000,84000,26000,26000
058479,亞光凱基9A購01  ,0,0,0,0,0,0,0,0,0,26000,0,0,0,36000,10000,26000,26000
3094,聯傑            ,68000,44000,24000,0,0,0,0,0,0,2000,2000,0,2000,0,0,0,26000
07544P,大立光凱基9A售09,0,0,0,0,0,0,0,0,0,26000,0,0,0,50000,24000,26000,26000
07404P,華新科凱基99售10,0,0,0,0,0,0,0,0,0,26000,0,0,0,116000,90000,26000,26000
06950P,鴻海統一9B售02  ,0,0,0,0,0,0,0,0,0,25000,0,0,0,35000,10000,25000,25000
06590P,大立光元大98售13,0,0,0,0,0,0,0,0,0,25000,0,0,0,25000,0,25000,25000
06593P,欣興元大98售05  ,0,0,0,0,0,0,0,0,0,25000,0,0,0,84000,59000,25000,25000
06646P,國巨元大98售16  ,0,0,0,0,0,0,0,0,0,25000,0,0,0,25000,0,25000,25000
06353P,電子類富邦99售02,0,0,0,0,0,0,0,0,0,25000,0,0,0,25000,0,25000,25000
062422,億光統一01購01  ,0,0,0,0,0,0,0,0,0,25000,0,0,0,25000,0,25000,25000
062317,祥碩凱基9B購03  ,0,0,0,0,0,0,0,0,0,25000,0,0,0,25000,0,25000,25000
06262P,國巨凱基97售07  ,0,0,0,0,0,0,0,0,0,25000,0,0,0,42000,17000,25000,25000
062579,華通統一01購02  ,0,0,0,0,0,0,0,0,0,25000,0,0,0,25000,0,25000,25000
062584,鴻海統一9C購13  ,0,0,0,0,0,0,0,0,0,25000,0,0,0,25000,0,25000,25000
062054,鴻海統一9C購06  ,0,0,0,0,0,0,0,0,0,25000,0,0,0,25000,0,25000,25000
062226,臻鼎統一9B購01  ,0,0,0,0,0,0,0,0,0,25000,0,0,0,25000,0,25000,25000
060452,儒鴻元大9A購01  ,0,0,0,0,0,0,0,0,0,25000,0,0,0,205000,180000,25000,25000
060877,華邦電中信02購01,0,0,0,0,0,0,0,0,0,25000,0,0,0,30000,5000,25000,25000
061600,聯電凱基9B購01  ,0,0,0,0,0,0,0,0,0,25000,0,0,0,25000,0,25000,25000
061566,華通元大9A購10  ,0,0,0,0,0,0,0,0,0,25000,0,0,0,83000,58000,25000,25000
061592,義隆永豐9A購03  ,0,0,0,0,0,0,0,0,0,25000,0,0,0,45000,20000,25000,25000
061569,旺宏元大9A購14  ,0,0,0,0,0,0,0,0,0,25000,0,0,0,25000,0,25000,25000
055389,國巨統一98購02  ,0,0,0,0,0,0,0,0,0,25000,0,0,0,25000,0,25000,25000
055387,世紀鋼元大97購01,0,0,0,0,0,0,0,0,0,25000,0,0,0,25000,0,25000,25000
048572,美利達元大96購04,0,0,0,0,0,0,0,0,0,25000,0,0,0,25000,0,25000,25000
049947,S&P反1中信97購01,0,0,0,0,0,0,0,0,0,25000,0,0,0,75000,50000,25000,25000
051410,京元電國票96購01,0,0,0,0,0,0,0,0,0,25000,0,0,0,25000,0,25000,25000
053788,泰鼎元大97購01  ,0,0,0,0,0,0,0,0,0,25000,0,0,0,25000,0,25000,25000
050786,健策國泰96購01  ,0,0,0,0,0,0,0,0,0,25000,0,0,0,38000,13000,25000,25000
054188,欣興永豐96購03  ,0,0,0,0,0,0,0,0,0,25000,0,0,0,135000,110000,25000,25000
055953,上銀元大97購09  ,0,0,0,0,0,0,0,0,0,25000,0,0,0,25000,0,25000,25000
055094,智易群益98購01  ,0,0,0,0,0,0,0,0,0,25000,0,0,0,32000,7000,25000,25000
055128,致新兆豐97購01  ,0,0,0,0,0,0,0,0,0,25000,0,0,0,25000,0,25000,25000
056103,聯發科永豐97購03,0,0,0,0,0,0,0,0,0,25000,0,0,0,25000,0,25000,25000
060002,T50反1群益9A購01,0,0,0,0,0,0,0,0,0,25000,0,0,0,25000,0,25000,25000
05676P,欣興群益96售04  ,0,0,0,0,0,0,0,0,0,25000,0,0,0,35000,10000,25000,25000
056782,鴻海群益98購04  ,0,0,0,0,0,0,0,0,0,25000,0,0,0,25000,0,25000,25000
056715,瀚宇博永豐98購01,0,0,0,0,0,0,0,0,0,25000,0,0,0,35000,10000,25000,25000
057901,大立光永豐98購04,0,0,0,0,0,0,0,0,0,25000,0,0,0,25000,0,25000,25000
056592,台積電元富98購01,0,0,0,0,0,0,0,0,0,25000,0,0,0,50000,25000,25000,25000
056555,矽創凱基98購01  ,0,0,0,0,0,0,0,0,0,25000,0,0,0,25000,0,25000,25000
060202,康友元富9A購01  ,0,0,0,0,0,0,0,0,0,25000,0,0,0,46000,21000,25000,25000
060409,味全永豐9A購01  ,0,0,0,0,0,0,0,0,0,25000,0,0,0,50000,25000,25000,25000
060541,正隆凱基9A購01  ,30000,0,30000,0,0,0,0,0,0,-5000,0,0,0,516000,521000,-5000,25000
060369,滬深2X元富01購01,0,0,0,0,0,0,0,0,0,25000,0,0,0,25000,0,25000,25000
058156,超眾統一9A購02  ,0,0,0,0,0,0,0,0,0,25000,0,0,0,97000,72000,25000,25000
059862,全新群益99購04  ,0,0,0,0,0,0,0,0,0,25000,0,0,0,25000,0,25000,25000
058905,京鼎元大99購01  ,0,0,0,0,0,0,0,0,0,25000,0,0,0,75000,50000,25000,25000
057778,大立光群益98購02,0,0,0,0,0,0,0,0,0,25000,0,0,0,25000,0,25000,25000
059021,台積電統一9B購07,0,0,0,0,0,0,0,0,0,25000,0,0,0,25000,0,25000,25000
059485,台灣50兆豐99購02,0,0,0,0,0,0,0,0,0,25000,0,0,0,25000,0,25000,25000
07227P,聯發科元富99售05,0,0,0,0,0,0,0,0,0,25000,0,0,0,180000,155000,25000,25000
07322P,鴻海元大99售33  ,0,0,0,0,0,0,0,0,0,25000,0,0,0,79000,54000,25000,25000
1109,信大            ,49000,24000,25000,0,0,0,0,0,0,0,0,0,0,0,0,0,25000
07981P,上銀群益9B售04  ,0,0,0,0,0,0,0,0,0,25000,0,0,0,35000,10000,25000,25000
07917P,可成永豐9B售01  ,0,0,0,0,0,0,0,0,0,25000,0,0,0,75000,50000,25000,25000
1467,南緯            ,63000,40000,23000,0,0,0,0,0,0,2000,2000,0,2000,0,0,0,25000
2358,廷鑫            ,28000,3000,25000,0,0,0,0,0,0,0,0,0,0,0,0,0,25000
061200,道瓊反元大9A購06,0,0,0,0,0,0,0,0,0,24000,0,0,0,41000,17000,24000,24000
062061,台勝科統一01購01,0,0,0,0,0,0,0,0,0,24000,0,0,0,148000,124000,24000,24000
062417,鴻海統一9C購08  ,0,0,0,0,0,0,0,0,0,24000,0,0,0,24000,0,24000,24000
06587P,國巨元大98售13  ,0,0,0,0,0,0,0,0,0,24000,0,0,0,25000,1000,24000,24000
06863P,欣興凱基98售05  ,0,0,0,0,0,0,0,0,0,24000,0,0,0,154000,130000,24000,24000
07180P,臺股指凱基99售22,0,0,0,0,0,0,0,0,0,24000,0,0,0,56000,32000,24000,24000
056430,鴻海凱基98購06  ,0,0,0,0,0,0,0,0,0,24000,0,0,0,34000,10000,24000,24000
060024,T50反1國泰9B購02,0,0,0,0,0,0,0,0,0,24000,0,0,0,24000,0,24000,24000
056173,廣達元富97購01  ,0,0,0,0,0,0,0,0,0,24000,0,0,0,30000,6000,24000,24000
059685,T50正2永豐99購02,0,0,0,0,0,0,0,0,0,24000,0,0,0,37000,13000,24000,24000
057638,上銀元大99購01  ,0,0,0,0,0,0,0,0,0,24000,0,0,0,24000,0,24000,24000
059925,可成國泰9B購01  ,0,0,0,0,0,0,0,0,0,24000,0,0,0,30000,6000,24000,24000
056911,緯穎元大99購01  ,0,0,0,0,0,0,0,0,0,24000,0,0,0,109000,85000,24000,24000
059869,友達凱基99購07  ,0,0,0,0,0,0,0,0,0,24000,0,0,0,24000,0,24000,24000
057260,微星兆豐98購01  ,0,0,0,0,0,0,0,0,0,24000,0,0,0,94000,70000,24000,24000
07326P,大立光元大99售23,0,0,0,0,0,0,0,0,0,24000,0,0,0,38000,14000,24000,24000
6698,旭暉應材        ,25000,1000,24000,0,0,0,0,0,0,0,0,0,0,0,0,0,24000
911868,同方友友-DR     ,24000,0,24000,0,0,0,0,0,0,0,0,0,0,0,0,0,24000
6115,鎰勝            ,20000,0,20000,0,0,0,0,0,0,4000,4000,0,4000,0,0,0,24000
07086P,力成元富9C售01  ,0,0,0,0,0,0,0,0,0,23000,0,0,0,93000,70000,23000,23000
06591P,大立光元大98售14,0,0,0,0,0,0,0,0,0,23000,0,0,0,38000,15000,23000,23000
06578P,華新科國票98售02,0,0,0,0,0,0,0,0,0,23000,0,0,0,23000,0,23000,23000
06230P,亞德客永豐97售03,0,0,0,0,0,0,0,0,0,23000,0,0,0,23000,0,23000,23000
061973,上銀元大9B購01  ,0,0,0,0,0,0,0,0,0,23000,0,0,0,73000,50000,23000,23000
061193,玉晶光永豐9B購02,0,0,0,0,0,0,0,0,0,23000,0,0,0,23000,0,23000,23000
060993,健策元大9B購03  ,0,0,0,0,0,0,0,0,0,23000,0,0,0,53000,30000,23000,23000
061402,矽創兆豐9B購01  ,0,0,0,0,0,0,0,0,0,23000,0,0,0,35000,12000,23000,23000
061319,聯發科凱基9A購16,0,10000,-10000,0,0,0,0,0,0,33000,0,0,0,65000,32000,33000,23000
06163P,聯詠群益97售01  ,0,0,0,0,0,0,0,0,0,23000,0,0,0,23000,0,23000,23000
056165,矽力凱基98購02  ,0,0,0,0,0,0,0,0,0,23000,0,0,0,35000,12000,23000,23000
054778,世紀鋼國票99購01,0,0,0,0,0,0,0,0,0,23000,0,0,0,38000,15000,23000,23000
056426,上証2X凱基9A購01,0,0,0,0,0,0,0,0,0,23000,0,0,0,23000,0,23000,23000
056265,國泰金統一97購01,0,0,0,0,0,0,0,0,0,23000,0,0,0,23000,0,23000,23000
056511,超眾永豐98購01  ,0,0,0,0,0,0,0,0,0,23000,0,0,0,33000,10000,23000,23000
058283,世紀鋼中信99購01,0,0,0,0,0,0,0,0,0,23000,0,0,0,23000,0,23000,23000
057017,和大凱基98購01  ,0,0,0,0,0,0,0,0,0,23000,0,0,0,23000,0,23000,23000
05959P,聯發科國票98售01,0,0,0,0,0,0,0,0,0,23000,0,0,0,42000,19000,23000,23000
059143,國巨國票9A購04  ,0,0,0,0,0,0,0,0,0,23000,0,0,0,63000,40000,23000,23000
059077,FBVIX元大99購05 ,0,0,0,0,0,0,0,0,0,23000,0,0,0,25000,2000,23000,23000
059159,上銀凱基99購05  ,0,0,0,0,0,0,0,0,0,23000,0,0,0,23000,0,23000,23000
5706,鳳凰            ,37000,14000,23000,0,0,0,0,0,0,0,0,0,0,0,0,0,23000
07688P,華通元大9A售07  ,0,0,0,0,0,0,0,0,0,23000,0,0,0,23000,0,23000,23000
07667P,亞德客元大9A售05,0,0,0,0,0,0,0,0,0,23000,0,0,0,55000,32000,23000,23000
07834P,聯詠群益9A售03  ,0,0,0,0,0,0,0,0,0,23000,0,0,0,152000,129000,23000,23000
07842P,力成元大9A售01  ,0,0,0,0,0,0,0,0,0,23000,0,0,0,55000,32000,23000,23000
07978P,茂林群益9B售02  ,0,0,0,0,0,0,0,0,0,23000,0,0,0,48000,25000,23000,23000
2015,豐興            ,87000,65000,22000,0,0,0,0,0,0,1000,1000,0,1000,0,0,0,23000
2527,宏璟            ,47000,19000,28000,0,0,0,0,0,0,-5000,0,5000,-5000,0,0,0,23000
061924,聯發科凱基9C購01,0,0,0,0,0,0,0,0,0,22000,0,0,0,61000,39000,22000,22000
061274,臺股指凱基9A購24,0,0,0,0,0,0,0,0,0,22000,0,0,0,148000,126000,22000,22000
062276,瑞昱群益9B購01  ,0,0,0,0,0,0,0,0,0,22000,0,0,0,52000,30000,22000,22000
062279,晶豪科群益9B購01,0,0,0,0,0,0,0,0,0,22000,0,0,0,50000,28000,22000,22000
062325,鴻海統一9B購05  ,0,0,0,0,0,0,0,0,0,22000,0,0,0,22000,0,22000,22000
07023P,南電永豐99售02  ,0,0,0,0,0,0,0,0,0,22000,0,0,0,55000,33000,22000,22000
07121P,華新科凱基99售03,0,0,0,0,0,0,0,0,0,22000,0,0,0,82000,60000,22000,22000
06933P,禾伸堂元大98售03,0,0,0,0,0,0,0,0,0,22000,0,0,0,203000,181000,22000,22000
060065,大立光兆豐9B購01,0,0,0,0,0,0,0,0,0,22000,0,0,0,73000,51000,22000,22000
056065,奇鋐元大97購01  ,0,0,0,0,0,0,0,0,0,22000,0,0,0,72000,50000,22000,22000
05596P,可成統一96售01  ,0,0,0,0,0,0,0,0,0,22000,0,0,0,22000,0,22000,22000
055805,矽力永豐97購01  ,0,0,0,0,0,0,0,0,0,22000,0,0,0,22000,0,22000,22000
0051,元大中型100     ,0,0,0,0,0,0,0,0,0,22000,0,0,0,24000,2000,22000,22000
053874,台表科元大96購05,0,0,0,0,0,0,0,0,0,22000,0,0,0,22000,0,22000,22000
04906P,欣興國票95售01  ,0,0,0,0,0,0,0,0,0,22000,0,0,0,24000,2000,22000,22000
052890,FB上証群益9B購01,0,0,0,0,0,0,0,0,0,22000,0,0,0,30000,8000,22000,22000
052468,超眾統一96購02  ,0,0,0,0,0,0,0,0,0,22000,0,0,0,22000,0,22000,22000
058588,致茂中信9B購01  ,0,0,0,0,0,0,0,0,0,22000,0,0,0,60000,38000,22000,22000
059192,臺股指富邦9C購01,0,0,0,0,0,0,0,0,0,22000,0,0,0,23000,1000,22000,22000
059197,可成永豐99購02  ,0,0,0,0,0,0,0,0,0,22000,0,0,0,27000,5000,22000,22000
057664,台積電元大9A購03,0,44000,-44000,0,0,0,0,0,0,66000,0,0,0,66000,0,66000,22000
058218,緯穎群益99購01  ,0,0,0,0,0,0,0,0,0,22000,0,0,0,36000,14000,22000,22000
058220,世芯國票9A購01  ,0,0,0,0,0,0,0,0,0,22000,0,0,0,24000,2000,22000,22000
060351,滬深2X元富9A購01,0,0,0,0,0,0,0,0,0,22000,0,0,0,42000,20000,22000,22000
1612,宏泰            ,18000,0,18000,0,0,0,0,0,0,4000,4000,0,4000,0,0,0,22000
08653P,台灣50凱基96售07,0,0,0,0,0,0,0,0,0,22000,0,0,0,22000,0,22000,22000
07256P,臺股指凱基99售36,0,0,0,0,0,0,0,0,0,22000,0,0,0,22000,0,22000,22000
07129P,華新科元大99售14,0,0,0,0,0,0,0,0,0,21000,0,0,0,187000,166000,21000,21000
062663,聯發科群益9B購07,0,0,0,0,0,0,0,0,0,21000,0,0,0,21000,0,21000,21000
061980,聯發科元大9B購01,0,0,0,0,0,0,0,0,0,21000,0,0,0,32000,11000,21000,21000
061992,祥碩元大9B購02  ,0,0,0,0,0,0,0,0,0,21000,0,0,0,30000,9000,21000,21000
061182,南六凱基9A購01  ,0,0,0,0,0,0,0,0,0,21000,0,0,0,56000,35000,21000,21000
060454,葡萄王元大9A購01,0,0,0,0,0,0,0,0,0,21000,0,0,0,21000,0,21000,21000
060934,台汽電永豐9A購02,0,0,0,0,0,0,0,0,0,21000,0,0,0,122000,101000,21000,21000
060761,南亞科元大9A購05,0,0,0,0,0,0,0,0,0,21000,0,0,0,21000,0,21000,21000
061731,旺宏統一9B購06  ,0,0,0,0,0,0,0,0,0,21000,0,0,0,21000,0,21000,21000
061436,上銀凱基9A購07  ,0,0,0,0,0,0,0,0,0,21000,0,0,0,21000,0,21000,21000
06155P,智邦統一97售02  ,0,0,0,0,0,0,0,0,0,21000,0,0,0,40000,19000,21000,21000
052907,嘉澤國票97購01  ,0,0,0,0,0,0,0,0,0,21000,0,0,0,41000,20000,21000,21000
053023,泰鼎國泰97購01  ,0,0,0,0,0,0,0,0,0,21000,0,0,0,21000,0,21000,21000
052586,晶豪科永豐96購01,0,0,0,0,0,0,0,0,0,21000,0,0,0,21000,0,21000,21000
050163,群創國泰95購01  ,0,0,0,0,0,0,0,0,0,21000,0,0,0,21000,0,21000,21000
051321,建準國票96購01  ,0,0,0,0,0,0,0,0,0,21000,0,0,0,21000,0,21000,21000
052011,欣興中信96購01  ,0,0,0,0,0,0,0,0,0,21000,0,0,0,21000,0,21000,21000
055858,聯茂元大97購03  ,0,0,0,0,0,0,0,0,0,21000,0,0,0,50000,29000,21000,21000
054271,中石化中信99購01,0,0,0,0,0,0,0,0,0,21000,0,0,0,21000,0,21000,21000
054360,智邦凱基96購03  ,0,0,0,0,0,0,0,0,0,21000,0,0,0,21000,0,21000,21000
060090,台積電元大99購55,0,0,0,0,0,0,0,0,0,21000,0,0,0,21000,0,21000,21000
056189,樺漢統一97購02  ,0,0,0,0,0,0,0,0,0,21000,0,0,0,248000,227000,21000,21000
056360,智邦元大98購01  ,0,0,0,0,0,0,0,0,0,21000,0,0,0,51000,30000,21000,21000
060367,緯穎元富9A購02  ,0,0,0,0,0,0,0,0,0,21000,0,0,0,542000,521000,21000,21000
060381,元黃金凱基9A購01,0,0,0,0,0,0,0,0,0,21000,0,0,0,22000,1000,21000,21000
060599,國巨凱基9C購01  ,0,0,0,0,0,0,0,0,0,21000,0,0,0,26000,5000,21000,21000
058508,聯發科元大99購11,0,0,0,0,0,0,0,0,0,21000,0,0,0,21000,0,21000,21000
057501,超眾群益98購04  ,0,0,0,0,0,0,0,0,0,21000,0,0,0,21000,0,21000,21000
058264,瑞昱永豐99購01  ,0,0,0,0,0,0,0,0,0,21000,0,0,0,31000,10000,21000,21000
057278,可成元大98購06  ,0,0,0,0,0,0,0,0,0,21000,0,0,0,25000,4000,21000,21000
057295,可成永豐98購02  ,0,0,0,0,0,0,0,0,0,21000,0,0,0,58000,37000,21000,21000
057558,致新凱基98購01  ,0,0,0,0,0,0,0,0,0,21000,0,0,0,41000,20000,21000,21000
057846,神達永豐98購01  ,0,0,0,0,0,0,0,0,0,21000,0,0,0,21000,0,21000,21000
056851,瑞儀元富98購01  ,0,0,0,0,0,0,0,0,0,21000,0,0,0,117000,96000,21000,21000
056992,祥碩兆豐98購01  ,0,0,0,0,0,0,0,0,0,21000,0,0,0,21000,0,21000,21000
058823,聯發科富邦9C購01,0,0,0,0,0,0,0,0,0,21000,0,0,0,21000,0,21000,21000
07265P,大立光元大99售16,0,0,0,0,0,0,0,0,0,21000,0,0,0,30000,9000,21000,21000
07690P,華新科元大9A售15,0,0,0,0,0,0,0,0,0,21000,0,0,0,131000,110000,21000,21000
1459,聯發            ,24000,3000,21000,0,0,0,0,0,0,0,0,0,0,0,0,0,21000
2362,藍天            ,78000,70000,8000,0,0,0,0,0,0,13000,13000,0,13000,0,0,0,21000
2913,農林            ,121000,113000,8000,0,0,0,0,0,0,13000,13000,0,13000,0,0,0,21000
061456,玉晶光凱基9B購05,0,0,0,0,0,0,0,0,0,20000,0,0,0,48000,28000,20000,20000
061341,華新科元大9A購16,0,0,0,0,0,0,0,0,0,20000,0,0,0,50000,30000,20000,20000
061343,大立光元大9A購04,0,0,0,0,0,0,0,0,0,20000,0,0,0,20000,0,20000,20000
061728,華新科麥證9A購02,0,0,0,20000,0,20000,0,0,0,20000,0,0,0,20000,0,20000,20000
061684,T50反1群益9A購06,0,0,0,0,0,0,0,0,0,20000,0,0,0,20000,0,20000,20000
061919,國巨凱基9B購06  ,0,0,0,0,0,0,0,0,0,20000,0,0,0,20000,0,20000,20000
061897,泰碩永豐9B購01  ,0,0,0,0,0,0,0,0,0,20000,0,0,0,20000,0,20000,20000
061829,T50反1凱基9C購02,0,0,0,0,0,0,0,0,0,20000,0,0,0,20000,0,20000,20000
061807,元金2X統一9B購01,0,0,0,0,0,0,0,0,0,20000,0,0,0,20000,0,20000,20000
060939,鴻海國票9A購06  ,0,0,0,0,0,0,0,0,0,20000,0,0,0,20000,0,20000,20000
060950,T50反1群益9A購03,0,0,0,0,0,0,0,0,0,20000,0,0,0,20000,0,20000,20000
060331,台積電麥證9A購01,0,0,0,20000,0,20000,0,0,0,20000,0,0,0,20000,0,20000,20000
061089,台積電統一9C購04,0,0,0,0,0,0,0,0,0,20000,0,0,0,20000,0,20000,20000
061204,國巨元大9A購16  ,0,0,0,0,0,0,0,0,0,20000,0,0,0,20000,0,20000,20000
062278,聯發科群益9C購01,0,0,0,0,0,0,0,0,0,20000,0,0,0,54000,34000,20000,20000
062152,國巨麥證9C購01  ,0,0,0,20000,0,20000,0,0,0,20000,0,0,0,20000,0,20000,20000
062523,世紀鋼元大9C購03,0,0,0,0,0,0,0,0,0,20000,0,0,0,20000,0,20000,20000
062665,智易群益9B購01  ,0,0,0,0,0,0,0,0,0,20000,0,0,0,20000,0,20000,20000
06418P,T50反1統一9A售02,0,0,0,0,0,0,0,0,0,20000,0,0,0,40000,20000,20000,20000
06550P,健策元大99售01  ,0,0,0,0,0,0,0,0,0,20000,0,0,0,20000,0,20000,20000
06535P,可成群益99售02  ,0,0,0,0,0,0,0,0,0,20000,0,0,0,39000,19000,20000,20000
06466P,台積電統一9B售01,0,0,0,0,0,0,0,0,0,20000,0,0,0,20000,0,20000,20000
06655P,TPK元大98售02   ,0,0,0,0,0,0,0,0,0,20000,0,0,0,79000,59000,20000,20000
06625P,華新科統一98售03,0,0,0,0,0,0,0,0,0,20000,0,0,0,20000,0,20000,20000
06679P,旺宏元大98售09  ,0,0,0,0,0,0,0,0,0,20000,0,0,0,73000,53000,20000,20000
07175P,聯詠凱基99售02  ,0,0,0,0,0,0,0,0,0,20000,0,0,0,20000,0,20000,20000
056197,友訊永豐97購01  ,0,0,0,0,0,0,0,0,0,20000,0,0,0,20000,0,20000,20000
056281,深中小永豐97購01,0,0,0,0,0,0,0,0,0,20000,0,0,0,30000,10000,20000,20000
056459,茂林凱基99購01  ,0,0,0,0,0,0,0,0,0,20000,0,0,0,20000,0,20000,20000
060085,華通元大99購10  ,0,0,0,0,0,0,0,0,0,20000,0,0,0,45000,25000,20000,20000
060013,S&P正2康和99購01,0,0,0,0,0,0,0,0,0,20000,0,0,0,20000,0,20000,20000
059972,S&P正2元大99購03,0,0,0,0,0,0,0,0,0,20000,0,0,0,20000,0,20000,20000
056791,嘉聯益群益98購01,0,0,0,0,0,0,0,0,0,20000,0,0,0,20000,0,20000,20000
05511P,T50反1台新06售01,0,0,0,0,0,0,0,0,0,20000,0,0,0,20000,0,20000,20000
056074,茂林元大97購04  ,0,0,0,0,0,0,0,0,0,20000,0,0,0,20000,0,20000,20000
055308,聯發科群益97購04,0,0,0,0,0,0,0,0,0,20000,0,0,0,20000,0,20000,20000
054445,技嘉兆豐96購01  ,0,0,0,0,0,0,0,0,0,20000,0,0,0,20000,0,20000,20000
054490,臻鼎台新96購02  ,0,0,0,0,0,0,0,0,0,20000,0,0,0,20000,0,20000,20000
055851,智原元大98購01  ,0,0,0,0,0,0,0,0,0,20000,0,0,0,20000,0,20000,20000
054251,聯發科元大96購21,0,0,0,0,0,0,0,0,0,20000,0,0,0,20000,0,20000,20000
053815,聯發科群益96購01,0,0,0,0,0,0,0,0,0,20000,0,0,0,20000,0,20000,20000
051381,玉晶光群益98購01,0,0,0,0,0,0,0,0,0,20000,0,0,0,32000,12000,20000,20000
053583,漢唐元大96購03  ,0,0,0,0,0,0,0,0,0,20000,0,0,0,20000,0,20000,20000
053584,友達元大9B購02  ,0,0,0,0,0,0,0,0,0,20000,0,0,0,25000,5000,20000,20000
050939,健鼎國票96購01  ,0,0,0,0,0,0,0,0,0,20000,0,0,0,20000,0,20000,20000
050911,光磊中信98購01  ,0,0,0,0,0,0,0,0,0,20000,0,0,0,20000,0,20000,20000
049795,華通元大96購02  ,0,0,0,0,0,0,0,0,0,20000,0,0,0,20000,0,20000,20000
050522,聯發科元大95購03,0,0,0,0,0,0,0,0,0,20000,0,0,0,20000,0,20000,20000
050306,聯發科中信97購01,0,0,0,0,0,0,0,0,0,20000,0,0,0,20000,0,20000,20000
03446B,臺股指元大9B熊26,0,0,0,0,0,0,0,0,0,20000,0,0,0,40000,20000,20000,20000
052590,祥碩永豐96購01  ,0,0,0,0,0,0,0,0,0,20000,0,0,0,20000,0,20000,20000
052597,茂林群益96購01  ,0,0,0,0,0,0,0,0,0,20000,0,0,0,20000,0,20000,20000
053074,嘉晶永豐96購02  ,0,0,0,0,0,0,0,0,0,20000,0,0,0,20000,0,20000,20000
055367,台積電元大97購23,0,0,0,0,0,0,0,0,0,20000,0,0,0,20000,0,20000,20000
054012,廣達永豐96購01  ,0,0,0,0,0,0,0,0,0,20000,0,0,0,40000,20000,20000,20000
055604,訊芯元大98購02  ,0,0,0,0,0,0,0,0,0,20000,0,0,0,20000,0,20000,20000
054062,TPK國票96購02   ,0,0,0,0,0,0,0,0,0,20000,0,0,0,20000,0,20000,20000
055698,茂林國票98購03  ,0,0,0,0,0,0,0,0,0,20000,0,0,0,20000,0,20000,20000
053041,可成凱基96購02  ,0,0,0,0,0,0,0,0,0,20000,0,0,0,20000,0,20000,20000
052414,聯電麥證95購01  ,0,0,0,20000,0,20000,0,0,0,20000,0,0,0,20000,0,20000,20000
052886,世紀鋼兆豐96購01,0,0,0,0,0,0,0,0,0,20000,0,0,0,20000,0,20000,20000
052360,FB上証國票96購01,0,0,0,0,0,0,0,0,0,20000,0,0,0,20000,0,20000,20000
051789,嘉澤國票96購01  ,0,0,0,0,0,0,0,0,0,20000,0,0,0,43000,23000,20000,20000
052090,聯發科元大97購03,0,0,0,0,0,0,0,0,0,20000,0,0,0,20000,0,20000,20000
053495,聯發科兆豐96購02,0,0,0,0,0,0,0,0,0,20000,0,0,0,20000,0,20000,20000
058821,泰鼎國泰9B購01  ,0,0,0,0,0,0,0,0,0,20000,0,0,0,42000,22000,20000,20000
058734,康友永豐99購01  ,0,0,0,0,0,0,0,0,0,20000,0,0,0,50000,30000,20000,20000
058609,玉山金元大99購01,0,0,0,0,0,0,0,0,0,20000,0,0,0,20000,0,20000,20000
059796,台積電國票99購10,0,0,0,0,0,0,0,0,0,20000,0,0,0,70000,50000,20000,20000
059662,旭富元大9C購01  ,0,0,0,0,0,0,0,0,0,20000,0,0,0,150000,130000,20000,20000
059618,台積電日盛99購01,0,0,0,0,0,0,0,0,0,20000,0,0,0,135000,115000,20000,20000
059551,T50正2康和99購02,0,0,0,0,0,0,0,0,0,20000,0,0,0,20000,0,20000,20000
058014,上銀凱基99購02  ,0,0,0,0,0,0,0,0,0,20000,0,0,0,20000,0,20000,20000
057771,鴻海群益99購01  ,0,0,0,0,0,0,0,0,0,20000,0,0,0,30000,10000,20000,20000
057545,國巨凱基99購05  ,0,0,0,0,0,0,0,0,0,20000,0,0,0,20000,0,20000,20000
057611,技嘉元富98購02  ,0,0,0,0,0,0,0,0,0,20000,0,0,0,20000,0,20000,20000
057632,傳奇永豐98購01  ,0,0,0,0,0,0,0,0,0,20000,0,0,0,20000,0,20000,20000
057714,聯發科統一98購05,0,0,0,0,0,0,0,0,0,20000,0,0,0,40000,20000,20000,20000
057759,聯發科凱基98購17,0,0,0,0,0,0,0,0,0,20000,0,0,0,20000,0,20000,20000
057276,全新元大99購03  ,0,0,0,0,0,0,0,0,0,20000,0,0,0,20000,0,20000,20000
058357,智邦凱基99購02  ,0,0,0,0,0,0,0,0,0,20000,0,0,0,20000,0,20000,20000
058257,聯陽國泰9B購01  ,0,0,0,0,0,0,0,0,0,20000,0,0,0,20000,0,20000,20000
058222,玉晶光統一9B購01,0,0,0,0,0,0,0,0,0,20000,0,0,0,20000,0,20000,20000
057077,國巨統一98購06  ,0,0,0,0,0,0,0,0,0,20000,0,0,0,20000,0,20000,20000
057138,亞德客兆豐98購01,0,0,0,0,0,0,0,0,0,20000,0,0,0,50000,30000,20000,20000
057101,新光金中信9A購01,0,0,0,0,0,0,0,0,0,20000,0,0,0,30000,10000,20000,20000
059249,大立光凱基99購05,0,0,0,0,0,0,0,0,0,20000,0,0,0,20000,0,20000,20000
059264,台光電中信99購02,0,0,0,0,0,0,0,0,0,20000,0,0,0,40000,20000,20000,20000
057386,聯發科永豐98購04,0,0,0,0,0,0,0,0,0,20000,0,0,0,20000,0,20000,20000
060580,A50正2群益9C購03,0,0,0,0,0,0,0,0,0,20000,0,0,0,20000,0,20000,20000
060553,祥碩凱基9A購01  ,0,0,0,0,0,0,0,0,0,20000,0,0,0,20000,0,20000,20000
060362,建準元富9A購02  ,0,0,0,0,0,0,0,0,0,20000,0,0,0,20000,0,20000,20000
060522,鴻海中信9A購03  ,0,0,0,0,0,0,0,0,0,20000,0,0,0,30000,10000,20000,20000
3024,憶聲            ,21000,1000,20000,0,0,0,0,0,0,0,0,0,0,0,0,0,20000
3679,新至陞          ,22000,2000,20000,0,0,0,0,0,0,0,0,0,0,0,0,0,20000
2305,全友            ,17000,3000,14000,0,0,0,0,0,0,6000,6000,0,6000,0,0,0,20000
07642P,華通凱基9A售05  ,0,0,0,0,0,0,0,0,0,20000,0,0,0,20000,0,20000,20000
07623P,大立光統一9B售05,0,0,0,0,0,0,0,0,0,20000,0,0,0,20000,0,20000,20000
07533P,臺股指中信9C售04,0,0,0,0,0,0,0,0,0,20000,0,0,0,30000,10000,20000,20000
07352P,台積電國票99售11,0,0,0,0,0,0,0,0,0,20000,0,0,0,30000,10000,20000,20000
07391P,台灣50國泰02售01,0,0,0,0,0,0,0,0,0,20000,0,0,0,20000,0,20000,20000
07858P,旺宏永豐9A售03  ,0,0,0,0,0,0,0,0,0,20000,0,0,0,20000,0,20000,20000
5434,崇越            ,165000,144000,21000,0,0,0,0,0,0,-1000,5000,6000,-1000,0,0,0,20000
6024,群益期          ,41000,21867,19133,0,0,0,0,0,0,0,0,0,0,0,0,0,19133
06739P,聯詠兆豐98售02  ,0,0,0,0,0,0,0,0,0,19000,0,0,0,25000,6000,19000,19000
06339P,上銀統一97售06  ,0,0,0,0,0,0,0,0,0,19000,0,0,0,20000,1000,19000,19000
060974,滬深2X元大01購01,0,0,0,0,0,0,0,0,0,19000,0,0,0,19000,0,19000,19000
060430,和潤永豐9A購01  ,0,0,0,0,0,0,0,0,0,19000,0,0,0,141000,122000,19000,19000
060927,嘉晶永豐9A購01  ,0,0,0,0,0,0,0,0,0,19000,0,0,0,45000,26000,19000,19000
053040,全新凱基98購01  ,0,0,0,0,0,0,0,0,0,19000,0,0,0,20000,1000,19000,19000
053029,國巨第一96購01  ,0,0,0,0,0,0,0,0,0,19000,0,0,0,257000,238000,19000,19000
05499P,聯詠元富95售02  ,0,0,0,0,0,0,0,0,0,19000,0,0,0,19000,0,19000,19000
054819,裕民元大9A購01  ,0,0,0,0,0,0,0,0,0,19000,0,0,0,307000,288000,19000,19000
056081,T50反1統一99購02,0,0,0,0,0,0,0,0,0,19000,0,0,0,19000,0,19000,19000
056532,技嘉凱基98購01  ,0,0,0,0,0,0,0,0,0,19000,0,0,0,21000,2000,19000,19000
060395,儒鴻國票9A購01  ,0,0,0,0,0,0,0,0,0,19000,0,0,0,63000,44000,19000,19000
057399,滬深反群益9C購01,0,0,0,0,0,0,0,0,0,19000,0,0,0,19000,0,19000,19000
059948,正文永豐99購01  ,0,0,0,0,0,0,0,0,0,19000,0,0,0,145000,126000,19000,19000
05886P,華通元富96售01  ,0,0,0,0,0,0,0,0,0,19000,0,0,0,24000,5000,19000,19000
059704,聯發科凱基9A購08,0,0,0,0,0,0,0,0,0,19000,0,0,0,19000,0,19000,19000
059811,高股息凱基99購02,0,0,0,0,0,0,0,0,0,19000,0,0,0,20000,1000,19000,19000
910861,神州-DR         ,19000,0,19000,0,0,0,0,0,0,0,0,0,0,0,0,0,19000
8249,菱光            ,19000,4000,15000,0,0,0,0,0,0,4000,4000,0,4000,0,0,0,19000
07902P,玉晶光國票01售01,0,0,0,0,0,0,0,0,0,19000,0,0,0,19000,0,19000,19000
2428,興勤            ,61000,41000,20000,0,0,0,0,0,0,-1000,1000,0,1000,0,2000,-2000,19000
1614,三洋電          ,20000,1000,19000,0,0,0,0,0,0,0,0,0,0,0,0,0,19000
2882B,國泰金乙特      ,0,0,0,0,0,0,0,0,0,19000,22000,3000,19000,0,0,0,19000
2546,根基            ,23000,2000,21000,0,0,0,0,0,0,-2000,8000,10000,-2000,0,0,0,19000
060962,義隆凱基9B購01  ,0,0,0,0,0,0,0,0,0,18000,0,0,0,18000,0,18000,18000
061241,晶技兆豐9A購01  ,0,0,0,0,0,0,0,0,0,18000,0,0,0,38000,20000,18000,18000
060335,明泰康和9A購01  ,0,0,0,0,0,0,0,0,0,18000,0,0,0,18000,0,18000,18000
061857,康友國票9B購01  ,0,0,0,0,0,0,0,0,0,18000,0,0,0,28000,10000,18000,18000
061963,台積電統一01購04,0,0,0,0,0,0,0,0,0,18000,0,0,0,20000,2000,18000,18000
061679,健策元大9B購04  ,0,0,0,0,0,0,0,0,0,18000,0,0,0,40000,22000,18000,18000
06428P,國巨元大97售17  ,0,0,0,0,0,0,0,0,0,18000,0,0,0,18000,0,18000,18000
07013P,玉晶光群益9A售06,0,0,0,0,0,0,0,0,0,18000,0,0,0,31000,13000,18000,18000
062356,國巨元大9B購10  ,0,0,0,0,0,0,0,0,0,18000,0,0,0,18000,0,18000,18000
060114,緯穎元大99購10  ,0,0,0,0,0,0,0,0,0,18000,0,0,0,22000,4000,18000,18000
05500P,臺股指中信96售04,0,0,0,0,0,0,0,0,0,18000,0,0,0,28000,10000,18000,18000
055753,貿聯第一98購01  ,0,0,0,0,0,0,0,0,0,18000,0,0,0,18000,0,18000,18000
00865B,國泰US短期公債  ,0,0,0,0,0,0,0,0,0,18000,0,0,0,118000,100000,18000,18000
00656R,國泰中國A50反1  ,0,0,0,0,0,0,0,0,0,18000,0,0,0,31000,13000,18000,18000
048785,台積電元大96購01,0,0,0,0,0,0,0,0,0,18000,0,0,0,18000,0,18000,18000
059771,台積電群益99購11,0,0,0,0,0,0,0,0,0,18000,0,0,0,52000,34000,18000,18000
058877,T50反1國泰9B購01,0,0,0,0,0,0,0,0,0,18000,0,0,0,23000,5000,18000,18000
057962,超眾元大99購03  ,0,0,0,0,0,0,0,0,0,18000,0,0,0,18000,0,18000,18000
057509,聯發科統一9A購03,0,0,0,0,0,0,0,0,0,18000,0,0,0,18000,0,18000,18000
057809,英業達元大98購01,0,0,0,0,0,0,0,0,0,18000,0,0,0,119000,101000,18000,18000
059860,台積電群益9A購02,0,0,0,0,0,0,0,0,0,18000,0,0,0,18000,0,18000,18000
058342,鴻海群益9A購01  ,0,0,0,0,0,0,0,0,0,18000,0,0,0,19000,1000,18000,18000
057365,智邦元大98購07  ,0,0,0,0,0,0,0,0,0,18000,0,0,0,50000,32000,18000,18000
058409,鴻海兆豐99購05  ,0,0,0,0,0,0,0,0,0,18000,0,0,0,18000,0,18000,18000
060244,大立光元大9B購02,0,0,0,0,0,0,0,0,0,18000,0,0,0,60000,42000,18000,18000
2851,中再保          ,43000,12000,31000,0,0,0,0,0,0,-13000,2000,15000,-13000,0,0,0,18000
1731,美吾華          ,46000,146000,-100000,0,0,0,0,0,0,118000,118000,0,118000,0,0,0,18000
2459,敦吉            ,18000,0,18000,0,0,0,0,0,0,0,2000,2000,0,0,0,0,18000
07799P,南電國票9A售04  ,0,0,0,0,0,0,0,0,0,18000,0,0,0,26000,8000,18000,18000
07782P,寶成凱基9A售02  ,0,0,0,0,0,0,0,0,0,18000,0,0,0,27000,9000,18000,18000
07710P,華擎元大9A售05  ,0,0,0,0,0,0,0,0,0,18000,0,0,0,43000,25000,18000,18000
07313P,台灣50元大99售11,0,0,0,0,0,0,0,0,0,18000,0,0,0,18000,0,18000,18000
07242P,台灣50凱基9A售03,0,0,0,0,0,0,0,0,0,18000,0,0,0,18000,0,18000,18000
6592,和潤企業        ,233000,210000,23000,0,0,0,0,0,0,-5000,4000,0,4000,4000,13000,-9000,18000
6164,華興            ,19000,5000,14000,0,0,0,0,0,0,4000,4000,0,4000,0,0,0,18000
062434,華通元大9B購04  ,0,0,0,0,0,0,0,0,0,17000,0,0,0,67000,50000,17000,17000
062550,啟碁永豐9B購01  ,0,0,0,0,0,0,0,0,0,17000,0,0,0,180000,163000,17000,17000
06883P,聯茂群益98售03  ,0,0,0,0,0,0,0,0,0,17000,0,0,0,18000,1000,17000,17000
061940,世紀鋼國票9C購01,0,0,0,0,0,0,0,0,0,17000,0,0,0,18000,1000,17000,17000
06150P,奇力新元大97售06,0,0,0,0,0,0,0,0,0,17000,0,0,0,17000,0,17000,17000
00851,台新全球AI      ,0,0,0,0,0,0,0,0,0,17000,0,0,0,35000,18000,17000,17000
052362,瑞昱國票96購02  ,0,0,0,0,0,0,0,0,0,17000,0,0,0,17000,0,17000,17000
056508,揚明光永豐98購01,0,0,0,0,0,0,0,0,0,17000,0,0,0,85000,68000,17000,17000
06057P,大立光凱基98售01,0,0,0,0,0,0,0,0,0,17000,0,0,0,27000,10000,17000,17000
060612,世紀鋼凱基9A購01,0,0,0,0,0,0,0,0,0,17000,0,0,0,44000,27000,17000,17000
060218,台積電凱基9A購15,0,0,0,0,0,0,0,0,0,17000,0,0,0,32000,15000,17000,17000
057332,旺宏國票99購03  ,0,0,0,0,0,0,0,0,0,17000,0,0,0,17000,0,17000,17000
058970,鴻海永豐99購02  ,0,0,0,0,0,0,0,0,0,17000,0,0,0,17000,0,17000,17000
056966,嘉晶永豐98購01  ,0,0,0,0,0,0,0,0,0,17000,0,0,0,17000,0,17000,17000
058606,聯發科元大99購13,0,0,0,0,0,0,0,0,0,17000,0,0,0,17000,0,17000,17000
058565,鴻海凱基9A購07  ,0,0,0,0,0,0,0,0,0,17000,0,0,0,17000,0,17000,17000
07259P,滬深2X國票01售01,0,0,0,0,0,0,0,0,0,17000,0,0,0,27000,10000,17000,17000
07620P,國巨統一9B售07  ,0,0,0,0,0,0,0,0,0,17000,0,0,0,19000,2000,17000,17000
2010,春源            ,59000,42000,17000,0,0,0,0,0,0,0,0,0,0,0,0,0,17000
2495,普安            ,13000,0,13000,0,0,0,0,0,0,4000,4000,0,4000,0,0,0,17000
3703,欣陸            ,82000,74000,8000,0,0,0,0,0,0,9000,9000,0,9000,0,0,0,17000
061345,玉晶光元大9A購14,0,0,0,0,0,0,0,0,0,16000,0,0,0,19000,3000,16000,16000
061426,玉晶光元大9A購15,0,0,0,0,0,0,0,0,0,16000,0,0,0,16000,0,16000,16000
061099,滬深2X元大9A購07,0,0,0,0,0,0,0,0,0,16000,0,0,0,16000,0,16000,16000
061209,聯發科元大9A購10,0,0,0,0,0,0,0,0,0,16000,0,0,0,31000,15000,16000,16000
060975,滬深2X元大01購02,0,0,0,0,0,0,0,0,0,16000,0,0,0,16000,0,16000,16000
06599P,宏達電永豐98售02,0,0,0,0,0,0,0,0,0,16000,0,0,0,27000,11000,16000,16000
062630,全新國票9B購02  ,0,0,0,0,0,0,0,0,0,16000,0,0,0,16000,0,16000,16000
062618,祥碩元大9B購04  ,0,0,0,0,0,0,0,0,0,16000,0,0,0,16000,0,16000,16000
062433,上銀元大9B購05  ,0,0,0,0,0,0,0,0,0,16000,0,0,0,16000,0,16000,16000
05421P,鴻海元大96售12  ,0,0,0,0,0,0,0,0,0,16000,0,0,0,25000,9000,16000,16000
055154,聯發科元大98購01,0,0,0,0,0,0,0,0,0,16000,0,0,0,16000,0,16000,16000
055229,大毅國票97購02  ,0,0,0,0,0,0,0,0,0,16000,0,0,0,26000,10000,16000,16000
052724,力成統一97購01  ,0,0,0,0,0,0,0,0,0,16000,0,0,0,16000,0,16000,16000
055714,智邦元大97購03  ,0,0,0,0,0,0,0,0,0,16000,0,0,0,20000,4000,16000,16000
055569,聚陽統一98購01  ,0,0,0,0,0,0,0,0,0,16000,0,0,0,16000,0,16000,16000
05088P,大立光富邦99售01,0,0,0,0,0,0,0,0,0,16000,0,0,0,77000,61000,16000,16000
050124,元金2X凱基95購01,0,0,0,0,0,0,0,0,0,16000,0,0,0,16000,0,16000,16000
058723,元石油國泰9A購01,0,0,0,0,0,0,0,0,0,16000,0,0,0,16000,0,16000,16000
05915P,聯發科元大96售19,0,0,0,0,0,0,0,0,0,16000,0,0,0,52000,36000,16000,16000
059219,旺宏元大99購12  ,0,0,0,0,0,0,0,0,0,16000,0,0,0,36000,20000,16000,16000
057226,上銀凱基98購06  ,0,0,0,0,0,0,0,0,0,16000,0,0,0,16000,0,16000,16000
057998,玉晶光麥證9A購01,0,0,0,16000,0,16000,0,0,0,16000,0,0,0,16000,0,16000,16000
059880,世紀鋼凱基99購02,0,0,0,0,0,0,0,0,0,16000,0,0,0,46000,30000,16000,16000
059876,智易凱基99購02  ,0,0,0,0,0,0,0,0,0,16000,0,0,0,16000,0,16000,16000
056641,華通凱基98購03  ,0,0,0,0,0,0,0,0,0,16000,0,0,0,16000,0,16000,16000
059867,華邦電凱基99購02,0,0,0,0,0,0,0,0,0,16000,0,0,0,86000,70000,16000,16000
058198,瑞昱亞東99購01  ,0,0,0,0,0,0,0,0,0,16000,0,0,0,34000,18000,16000,16000
060197,臻鼎元富9A購02  ,0,0,0,0,0,0,0,0,0,16000,0,0,0,150000,134000,16000,16000
060265,宏達電國票9A購02,0,0,0,0,0,0,0,0,0,16000,0,0,0,16000,0,16000,16000
3501,維熹            ,13000,0,13000,0,0,0,0,0,0,3000,3000,0,3000,0,0,0,16000
1474,弘裕            ,34000,18000,16000,0,0,0,0,0,0,0,0,0,0,0,0,0,16000
2374,佳能            ,12000,3000,9000,0,0,0,0,0,0,7000,7000,0,7000,0,0,0,16000
07702P,台積電中信9A售06,0,0,0,0,0,0,0,0,0,16000,0,0,0,16000,0,16000,16000
07682P,聯發科凱基9A售15,0,0,0,0,0,0,0,0,0,16000,0,0,0,16000,0,16000,16000
07508P,華新科國票9A售03,0,0,0,0,0,0,0,0,0,16000,0,0,0,16000,0,16000,16000
07423P,大立光元大99售33,0,0,0,0,0,0,0,0,0,16000,0,0,0,41000,25000,16000,16000
07967P,力山元大9B售03  ,0,0,0,0,0,0,0,0,0,16000,0,0,0,21000,5000,16000,16000
4560,強信-KY         ,162000,146000,16000,0,0,0,0,0,0,0,0,0,0,0,0,0,16000
2023,燁輝            ,256600,250000,6600,0,0,0,0,0,0,9000,9000,0,9000,0,0,0,15600
062138,力成群益9B購01  ,0,0,0,0,0,0,0,0,0,15000,0,0,0,15000,0,15000,15000
061993,祥碩元大9C購01  ,0,0,0,0,0,0,0,0,0,15000,0,0,0,34000,19000,15000,15000
062057,華邦電統一01購01,0,0,0,0,0,0,0,0,0,15000,0,0,0,20000,5000,15000,15000
06602P,國巨統一99售02  ,0,0,0,0,0,0,0,0,0,15000,0,0,0,19000,4000,15000,15000
06359P,上銀群益97售03  ,0,0,0,0,0,0,0,0,0,15000,0,0,0,15000,0,15000,15000
06966P,健策台新9A售02  ,0,0,0,0,0,0,0,0,0,15000,0,0,0,15000,0,15000,15000
06978P,聯發科富邦9B售02,0,0,0,0,0,0,0,0,0,15000,0,0,0,15000,0,15000,15000
06847P,奇力新元大98售05,0,0,0,0,0,0,0,0,0,15000,0,0,0,31000,16000,15000,15000
060985,聯發科元大9A購06,0,0,0,0,0,0,0,0,0,15000,0,0,0,25000,10000,15000,15000
060886,國巨統一01購03  ,0,0,0,0,0,0,0,0,0,15000,0,0,0,28000,13000,15000,15000
060722,矽格永豐9A購01  ,0,0,0,0,0,0,0,0,0,15000,0,0,0,30000,15000,15000,15000
060831,T50反1國票9B購03,0,0,0,0,0,0,0,0,0,15000,0,0,0,15000,0,15000,15000
061247,玉晶光群益9A購09,0,0,0,0,0,0,0,0,0,15000,0,0,0,15000,0,15000,15000
061098,滬深2X元大9A購06,0,0,0,0,0,0,0,0,0,15000,0,0,0,15000,0,15000,15000
061086,FBVIX統一01購01 ,0,0,0,0,0,0,0,0,0,15000,0,0,0,20000,5000,15000,15000
061057,華新科國票9A購04,0,0,0,0,0,0,0,0,0,15000,0,0,0,15000,0,15000,15000
061311,元黃金凱基9A購03,0,0,0,0,0,0,0,0,0,15000,0,0,0,15000,0,15000,15000
061565,滬深2X元大9A購08,0,0,0,0,0,0,0,0,0,15000,0,0,0,15000,0,15000,15000
061615,鴻海群益9A購06  ,0,0,0,0,0,0,0,0,0,15000,0,0,0,56000,41000,15000,15000
06188P,大立光元富97售01,0,0,0,0,0,0,0,0,0,15000,0,0,0,72000,57000,15000,15000
06179P,國巨群益97售04  ,0,0,0,0,0,0,0,0,0,15000,0,0,0,25000,10000,15000,15000
061644,健策元大9C購02  ,0,0,0,0,0,0,0,0,0,15000,0,0,0,25000,10000,15000,15000
053708,道瓊反凱基98購01,0,0,0,0,0,0,0,0,0,15000,0,0,0,15000,0,15000,15000
053921,嘉晶國票97購03  ,0,0,0,0,0,0,0,0,0,15000,0,0,0,40000,25000,15000,15000
053250,百和國票97購02  ,0,0,0,0,0,0,0,0,0,15000,0,0,0,15000,0,15000,15000
048653,巨大元大96購02  ,0,0,0,0,0,0,0,0,0,15000,0,0,0,38000,23000,15000,15000
04866P,台積電統一95售02,0,0,0,0,0,0,0,0,0,15000,0,0,0,15000,0,15000,15000
047564,滬深2X國票99購01,0,0,0,0,0,0,0,0,0,15000,0,0,0,361000,346000,15000,15000
00763U,街口道瓊銅      ,0,0,0,0,0,0,0,0,0,15000,0,0,0,47000,32000,15000,15000
054021,義隆台新96購01  ,0,0,0,0,0,0,0,0,0,15000,0,0,0,15000,0,15000,15000
05401P,聯茂永豐95售03  ,0,0,0,0,0,0,0,0,0,15000,0,0,0,15000,0,15000,15000
053165,大立光群益96購03,0,0,0,0,0,0,0,0,0,15000,0,0,0,45000,30000,15000,15000
055439,台表科國票98購02,0,0,0,0,0,0,0,0,0,15000,0,0,0,15000,0,15000,15000
052530,台郡元大96購04  ,0,0,0,0,0,0,0,0,0,15000,0,0,0,15000,0,15000,15000
052569,聯發科凱基96購08,0,0,0,0,0,0,0,0,0,15000,0,0,0,15000,0,15000,15000
05240P,玉晶光永豐96售01,0,0,0,0,0,0,0,0,0,15000,0,0,0,15000,0,15000,15000
052076,可成元富98購01  ,0,0,0,0,0,0,0,0,0,15000,0,0,0,15000,0,15000,15000
051872,矽力凱基96購01  ,0,0,0,0,0,0,0,0,0,15000,0,0,0,15000,0,15000,15000
051748,超眾國泰96購01  ,0,0,0,0,0,0,0,0,0,15000,0,0,0,15000,0,15000,15000
054420,緯穎元大96購08  ,0,0,0,0,0,0,0,0,0,15000,0,0,0,115000,100000,15000,15000
055304,瑞昱第一98購01  ,0,0,0,0,0,0,0,0,0,15000,0,0,0,20000,5000,15000,15000
055287,日電貿元大97購01,0,0,0,0,0,0,0,0,0,15000,0,0,0,15000,0,15000,15000
054427,潤泰全富邦97購01,0,0,0,0,0,0,0,0,0,15000,0,0,0,15000,0,15000,15000
054729,聯發科日盛97購02,0,0,0,0,0,0,0,0,0,15000,0,0,0,15000,0,15000,15000
055779,國泰金凱基97購02,0,0,0,0,0,0,0,0,0,15000,0,0,0,20000,5000,15000,15000
055938,矽力群益97購01  ,0,0,0,0,0,0,0,0,0,15000,0,0,0,15000,0,15000,15000
054915,興勤凱基97購01  ,0,0,0,0,0,0,0,0,0,15000,0,0,0,15000,0,15000,15000
056169,鴻海元富97購08  ,0,0,0,0,0,0,0,0,0,15000,0,0,0,15000,0,15000,15000
060048,元金2X凱基99購03,0,0,0,0,0,0,0,0,0,15000,0,0,0,49000,34000,15000,15000
056777,矽力元大98購02  ,0,0,0,0,0,0,0,0,0,15000,0,0,0,15000,0,15000,15000
060657,旺宏統一9B購05  ,0,0,0,0,0,0,0,0,0,15000,0,0,0,25000,10000,15000,15000
058507,美律元大9A購01  ,0,0,0,0,0,0,0,0,0,15000,0,0,0,15000,0,15000,15000
060283,台肥元大9C購01  ,0,0,0,0,0,0,0,0,0,15000,0,0,0,224000,209000,15000,15000
058436,聯發科統一9B購03,0,0,0,0,0,0,0,0,0,15000,0,0,0,15000,0,15000,15000
059822,聯發科凱基99購19,0,0,0,0,0,0,0,0,0,15000,0,0,0,15000,0,15000,15000
059819,台積電凱基99購17,0,0,0,0,0,0,0,0,0,15000,0,0,0,25000,10000,15000,15000
057084,立積統一9B購01  ,0,0,0,0,0,0,0,0,0,15000,0,0,0,207000,192000,15000,15000
058956,健策國票9A購02  ,0,0,0,0,0,0,0,0,0,15000,0,0,0,26000,11000,15000,15000
057768,華新科中信9A購01,0,0,0,0,0,0,0,0,0,15000,0,0,0,15000,0,15000,15000
058090,聯發科元大98購16,0,0,0,0,0,0,0,0,0,15000,0,0,0,15000,0,15000,15000
057619,玉晶光凱基98購02,0,0,0,0,0,0,0,0,0,15000,0,0,0,20000,5000,15000,15000
057705,臺股指群益98購05,0,0,0,0,0,0,0,0,0,15000,0,0,0,174000,159000,15000,15000
059217,台積電元大99購30,0,0,0,0,0,0,0,0,0,15000,0,0,0,45000,30000,15000,15000
059452,全新永豐99購03  ,0,0,0,0,0,0,0,0,0,15000,0,0,0,20000,5000,15000,15000
059805,台積電元富99購02,0,0,0,0,0,0,0,0,0,15000,0,0,0,20000,5000,15000,15000
058659,力成中信99購01  ,0,0,0,0,0,0,0,0,0,15000,0,0,0,15000,0,15000,15000
1446,宏和            ,16000,5000,11000,0,0,0,0,0,0,4000,4000,0,4000,0,0,0,15000
2820,華票            ,230000,215000,15000,0,0,0,0,0,0,0,19000,19000,0,0,0,0,15000
07998P,聯電凱基9C售01  ,0,0,0,0,0,0,0,0,0,15000,0,0,0,15000,0,15000,15000
07760P,力山永豐9A售03  ,0,0,0,0,0,0,0,0,0,15000,0,0,0,15000,0,15000,15000
07788P,華新科群益9A售08,0,0,0,0,0,0,0,0,0,15000,0,0,0,105000,90000,15000,15000
07470P,國巨元大9A售06  ,0,0,0,0,0,0,0,0,0,15000,0,0,0,18000,3000,15000,15000
07386P,臺股指群益99售24,0,0,0,0,0,0,0,0,0,15000,0,0,0,15000,0,15000,15000
07396P,聯發科群益9B售01,0,0,0,0,0,0,0,0,0,15000,0,0,0,15000,0,15000,15000
5285,界霖            ,40000,25000,15000,0,0,0,0,0,0,0,0,0,0,0,0,0,15000
8454,富邦媒          ,187798,169493,18305,0,0,0,0,0,0,-4000,0,4000,-4000,0,0,0,14305
061515,泰碩永豐9A購03  ,0,0,0,0,0,0,0,0,0,14000,0,0,0,46000,32000,14000,14000
061308,元金2X中信9A購01,0,0,0,0,0,0,0,0,0,14000,0,0,0,148000,134000,14000,14000
061408,華新科國票9A購06,0,0,0,0,0,0,0,0,0,14000,0,0,0,14000,0,14000,14000
06862P,大立光凱基98售16,0,0,0,0,0,0,0,0,0,14000,0,0,0,17000,3000,14000,14000
06765P,欣興元大98售11  ,0,0,0,0,0,0,0,0,0,14000,0,0,0,80000,66000,14000,14000
06983P,台積電國泰9A售02,0,0,0,0,0,0,0,0,0,14000,0,0,0,26000,12000,14000,14000
06935P,神達元大98售02  ,0,0,0,0,0,0,0,0,0,14000,0,0,0,20000,6000,14000,14000
06633P,國巨國票99售01  ,0,0,0,0,0,0,0,0,0,14000,0,0,0,16000,2000,14000,14000
06558P,旺宏元富98售02  ,0,0,0,0,0,0,0,0,0,14000,0,0,0,14000,0,14000,14000
062078,聯發科元大9B購05,0,0,0,0,0,0,0,0,0,14000,0,0,0,29000,15000,14000,14000
056362,聯發科元大99購01,0,0,0,0,0,0,0,0,0,14000,0,0,0,14000,0,14000,14000
056580,泰鼎元大9A購01  ,1000,0,1000,0,0,0,0,0,0,13000,0,0,0,13000,0,13000,14000
055822,臺股指國票97購09,0,0,0,0,0,0,0,0,0,14000,0,0,0,15000,1000,14000,14000
056160,智易凱基97購03  ,0,0,0,0,0,0,0,0,0,14000,0,0,0,14000,0,14000,14000
00731,FH富時高息低波  ,1000,1000,0,0,0,0,0,0,0,14000,0,0,0,648000,634000,14000,14000
04869P,鴻海元富95售02  ,0,0,0,0,0,0,0,0,0,14000,0,0,0,14000,0,14000,14000
03675C,臺股指元大04牛02,0,0,0,0,0,0,0,0,0,14000,0,0,0,14000,0,14000,14000
039212,台達電台新9A購01,0,0,0,0,0,0,0,0,0,14000,0,0,0,14000,0,14000,14000
053865,欣興元大97購02  ,0,0,0,0,0,0,0,0,0,14000,0,0,0,56000,42000,14000,14000
053867,創意元大96購04  ,0,0,0,0,0,0,0,0,0,14000,0,0,0,100000,86000,14000,14000
058750,緯穎凱基9A購03  ,0,0,0,0,0,0,0,0,0,14000,0,0,0,159000,145000,14000,14000
05869P,旺宏凱基96售05  ,0,0,0,0,0,0,0,0,0,14000,0,0,0,14000,0,14000,14000
059180,祥碩元富9A購01  ,0,0,0,0,0,0,0,0,0,14000,0,0,0,14000,0,14000,14000
059614,致新永豐99購01  ,0,0,0,0,0,0,0,0,0,14000,0,0,0,27000,13000,14000,14000
057760,聯發科凱基98購18,0,0,0,0,0,0,0,0,0,14000,0,0,0,16000,2000,14000,14000
057591,鴻海兆豐99購01  ,0,0,0,0,0,0,0,0,0,14000,0,0,0,14000,0,14000,14000
05902P,華通國票96售02  ,0,0,0,0,0,0,0,0,0,14000,0,0,0,15000,1000,14000,14000
05778P,台積電統一96售05,0,0,0,0,0,0,0,0,0,14000,0,0,0,14000,0,14000,14000
057072,日月光永豐98購01,0,0,0,0,0,0,0,0,0,14000,0,0,0,58000,44000,14000,14000
057334,技嘉國票98購02  ,0,0,0,0,0,0,0,0,0,14000,0,0,0,24000,10000,14000,14000
057288,聯茂元大98購03  ,0,0,0,0,0,0,0,0,0,14000,0,0,0,79000,65000,14000,14000
060280,元金2X元大9A購01,0,0,0,0,0,0,0,0,0,14000,0,0,0,40000,26000,14000,14000
060508,聯發科元大9A購04,0,0,0,0,0,0,0,0,0,14000,0,0,0,14000,0,14000,14000
8103,瀚荃            ,14000,0,14000,0,0,0,0,0,0,0,2000,2000,0,0,0,0,14000
4438,廣越            ,19000,5000,14000,0,0,0,0,0,0,0,0,0,0,0,0,0,14000
4766,南寶            ,28000,13000,15000,0,0,0,0,0,0,-1000,0,1000,-1000,0,0,0,14000
07364P,大立光元大99售27,0,0,0,0,0,0,0,0,0,14000,0,0,0,14000,0,14000,14000
07488P,鴻海國票9A售02  ,0,0,0,0,0,0,0,0,0,14000,0,0,0,14000,0,14000,14000
07583P,台積電富邦9B售05,0,0,0,0,0,0,0,0,0,14000,0,0,0,14000,0,14000,14000
07789P,緯穎群益9A售03  ,0,0,0,0,0,0,0,0,0,14000,0,0,0,91000,77000,14000,14000
07932P,國巨元大9B售04  ,0,0,0,0,0,0,0,0,0,14000,0,0,0,65000,51000,14000,14000
1203,味王            ,16000,2000,14000,0,0,0,0,0,0,0,0,0,0,0,0,0,14000
2852,第一保          ,17000,5000,12000,0,0,0,0,0,0,2000,2000,0,2000,0,0,0,14000
3011,今皓            ,14000,0,14000,0,0,0,0,0,0,0,0,0,0,0,0,0,14000
5269,祥碩            ,434000,406010,27990,0,0,0,44000,35000,9000,-23000,17000,8000,9000,8000,40000,-32000,13990
061966,旺宏統一01購03  ,0,0,0,0,0,0,0,0,0,13000,0,0,0,13000,0,13000,13000
062271,華通群益9C購02  ,0,0,0,0,0,0,0,0,0,13000,0,0,0,13000,0,13000,13000
06239P,奇力新元大97售08,0,0,0,0,0,0,0,0,0,13000,0,0,0,13000,0,13000,13000
062386,京鼎國泰9C購01  ,0,0,0,0,0,0,0,0,0,13000,0,0,0,137000,124000,13000,13000
062290,聯發科富邦9C購04,0,0,0,0,0,0,0,0,0,13000,0,0,0,128000,115000,13000,13000
06245P,健策元富97售03  ,0,0,0,0,0,0,0,0,0,13000,0,0,0,182000,169000,13000,13000
06549P,大立光元大98售11,0,0,0,0,0,0,0,0,0,13000,0,0,0,27000,14000,13000,13000
06886P,旺宏元大99售07  ,0,0,0,0,0,0,0,0,0,13000,0,0,0,42000,29000,13000,13000
07076P,鴻海凱基9A售08  ,0,0,0,0,0,0,0,0,0,13000,0,0,0,41000,28000,13000,13000
061388,台積電群益9A購05,0,0,0,0,0,0,0,0,0,13000,0,0,0,24000,11000,13000,13000
061061,聯發科麥證9A購02,0,0,0,13000,0,13000,0,0,0,13000,0,0,0,13000,0,13000,13000
061020,超眾國票9A購02  ,0,0,0,0,0,0,0,0,0,13000,0,0,0,26000,13000,13000,13000
061176,聯發科凱基9A購14,0,0,0,0,0,0,0,0,0,13000,0,0,0,13000,0,13000,13000
06089P,矽創永豐97售01  ,0,0,0,0,0,0,0,0,0,13000,0,0,0,13000,0,13000,13000
04980P,臺股指凱基96售08,0,0,0,0,0,0,0,0,0,13000,0,0,0,143000,130000,13000,13000
03650C,T50反1元大98牛05,0,0,0,0,0,0,0,0,0,13000,0,0,0,13000,0,13000,13000
048571,美利達元大96購03,0,0,0,0,0,0,0,0,0,13000,0,0,0,13000,0,13000,13000
00709,富邦歐洲        ,0,0,0,0,0,0,0,0,0,13000,0,0,0,114000,101000,13000,13000
00735,國泰臺韓科技    ,11000,0,11000,0,0,0,0,0,0,2000,0,0,0,203000,201000,2000,13000
00866,新光Shiller CAPE,0,0,0,0,0,0,0,0,0,13000,0,0,0,39000,26000,13000,13000
055591,全新元大98購01  ,0,0,0,0,0,0,0,0,0,13000,0,0,0,13000,0,13000,13000
056092,亞德客元富97購02,0,0,0,0,0,0,0,0,0,13000,0,0,0,13000,0,13000,13000
055910,瑞昱凱基98購01  ,0,0,0,0,0,0,0,0,0,13000,0,0,0,23000,10000,13000,13000
054921,文曄凱基97購01  ,0,0,0,0,0,0,0,0,0,13000,0,0,0,13000,0,13000,13000
056407,嘉晶國票99購01  ,0,0,0,0,0,0,0,0,0,13000,0,0,0,69000,56000,13000,13000
056787,健鼎群益98購01  ,0,0,0,0,0,0,0,0,0,13000,0,0,0,111000,98000,13000,13000
060492,元黃金元富9A購01,0,0,0,0,0,0,0,0,0,13000,0,0,0,13000,0,13000,13000
060235,瑞昱元大9A購01  ,0,0,0,0,0,0,0,0,0,13000,0,0,0,123000,110000,13000,13000
060671,亞德客元大9A購03,0,0,0,0,0,0,0,0,0,13000,0,0,0,20000,7000,13000,13000
060641,聯鈞永豐9A購01  ,0,0,0,0,0,0,0,0,0,13000,0,0,0,13000,0,13000,13000
058530,為升元富99購01  ,0,0,0,0,0,0,0,0,0,13000,0,0,0,13000,0,13000,13000
058408,華通兆豐99購02  ,0,0,0,0,0,0,0,0,0,13000,0,0,0,26000,13000,13000,13000
057147,新日興國票99購01,0,0,0,0,0,0,0,0,0,13000,0,0,0,13000,0,13000,13000
057129,聯發科凱基99購03,0,0,0,0,0,0,0,0,0,13000,0,0,0,13000,0,13000,13000
059946,健策永豐99購05  ,0,0,0,0,0,0,0,0,0,13000,0,0,0,14000,1000,13000,13000
056918,台積電兆豐98購01,0,0,0,0,0,0,0,0,0,13000,0,0,0,13000,0,13000,13000
05954P,旺宏國票97售03  ,0,0,0,0,0,0,0,0,0,13000,0,0,0,13000,0,13000,13000
059501,可成元富99購01  ,0,0,0,0,0,0,0,0,0,13000,0,0,0,20000,7000,13000,13000
059723,美律元大9A購02  ,0,0,0,0,0,0,0,0,0,13000,0,0,0,18000,5000,13000,13000
058649,健策永豐99購01  ,0,0,0,0,0,0,0,0,0,13000,0,0,0,13000,0,13000,13000
058604,華邦電元大99購03,0,0,0,0,0,0,0,0,0,13000,0,0,0,81000,68000,13000,13000
058605,華邦電元大99購04,0,0,0,0,0,0,0,0,0,13000,0,0,0,81000,68000,13000,13000
059121,瑞儀永豐99購01  ,0,0,0,0,0,0,0,0,0,13000,0,0,0,39000,26000,13000,13000
6605,帝寶            ,86000,36000,50000,0,0,0,0,0,0,-37000,0,37000,-37000,0,0,0,13000
6449,鈺邦            ,17000,6000,11000,0,0,0,0,0,0,2000,4000,2000,2000,0,0,0,13000
3518,柏騰            ,105000,94000,11000,0,0,0,0,0,0,2000,2000,0,2000,0,0,0,13000
2462,良得電          ,11000,0,11000,0,0,0,0,0,0,2000,2000,0,2000,0,0,0,13000
2227,裕日車          ,22000,15000,7000,0,0,0,0,0,0,6000,6000,0,6000,0,0,0,13000
2062,橋椿            ,18000,6000,12000,0,0,0,0,0,0,1000,1000,0,1000,0,0,0,13000
07609P,台灣50國票9C售04,0,0,0,0,0,0,0,0,0,13000,0,0,0,13000,0,13000,13000
07451P,鴻海元大9B售01  ,0,0,0,0,0,0,0,0,0,13000,0,0,0,63000,50000,13000,13000
060952,滬深2X群益9C購05,0,0,0,0,0,0,0,0,0,12000,0,0,0,12000,0,12000,12000
060682,牧德元大9A購03  ,0,0,0,0,0,0,0,0,0,12000,0,0,0,74000,62000,12000,12000
061174,鴻海凱基9A購23  ,0,0,0,0,0,0,0,0,0,12000,0,0,0,12000,0,12000,12000
061150,國巨群益9A購09  ,0,0,0,0,0,0,0,0,0,12000,0,0,0,12000,0,12000,12000
061157,聯鈞群益9A購02  ,0,0,0,0,0,0,0,0,0,12000,0,0,0,12000,0,12000,12000
061314,滬深2X凱基9B購06,0,0,0,0,0,0,0,0,0,12000,0,0,0,12000,0,12000,12000
06165P,臺股指凱基9A售03,0,0,0,0,0,0,0,0,0,12000,0,0,0,12000,0,12000,12000
061674,聯發科元大9A購12,0,0,0,0,0,0,0,0,0,12000,0,0,0,22000,10000,12000,12000
061692,聯發科群益9A購04,0,0,0,0,0,0,0,0,0,12000,0,0,0,22000,10000,12000,12000
061852,大立光國票9B購02,0,0,0,0,0,0,0,0,0,12000,0,0,0,12000,0,12000,12000
061854,祥碩國票9B購02  ,0,0,0,0,0,0,0,0,0,12000,0,0,0,12000,0,12000,12000
06641P,智邦兆豐99售01  ,0,0,0,0,0,0,0,0,0,12000,0,0,0,22000,10000,12000,12000
06686P,麗豐永豐98售02  ,0,0,0,0,0,0,0,0,0,12000,0,0,0,12000,0,12000,12000
06673P,大立光群益98售01,0,0,0,0,0,0,0,0,0,12000,0,0,0,21000,9000,12000,12000
06314P,GIS元富97售02   ,0,0,0,0,0,0,0,0,0,12000,0,0,0,12000,0,12000,12000
062737,聯發科國票9B購03,0,0,0,0,0,0,0,0,0,12000,0,0,0,12000,0,12000,12000
061990,台勝科元大9C購01,0,0,0,0,0,0,0,0,0,12000,0,0,0,62000,50000,12000,12000
062068,滬深2X元大9B購02,0,0,0,0,0,0,0,0,0,12000,0,0,0,27000,15000,12000,12000
062116,元金2X第一9B購01,0,0,0,0,0,0,0,0,0,12000,0,0,0,759000,747000,12000,12000
060132,滬深2X群益9C購02,0,0,0,0,0,0,0,0,0,12000,0,0,0,12000,0,12000,12000
055989,矽力元富9A購01  ,0,0,0,0,0,0,0,0,0,12000,0,0,0,13000,1000,12000,12000
056021,興富發群益97購01,0,0,0,0,0,0,0,0,0,12000,0,0,0,42000,30000,12000,12000
052533,聯發科國泰96購03,0,0,0,0,0,0,0,0,0,12000,0,0,0,12000,0,12000,12000
052256,台泥國泰96購01  ,0,0,0,0,0,0,0,0,0,12000,0,0,0,12000,0,12000,12000
052895,台積電群益96購04,0,0,0,0,0,0,0,0,0,12000,0,0,0,12000,0,12000,12000
00783,富邦中証500     ,4000,6000,-2000,0,0,0,0,0,0,14000,0,0,0,811000,797000,14000,12000
020008,元大特股高息N   ,0,0,0,0,0,0,0,0,0,12000,0,0,0,15000,3000,12000,12000
00682U,元大美元指數    ,0,0,0,0,0,0,0,0,0,12000,0,0,0,12000,0,12000,12000
00683L,元大美元指數正2 ,0,0,0,0,0,0,0,0,0,12000,0,0,0,15000,3000,12000,12000
050829,臻鼎凱基96購01  ,0,0,0,0,0,0,0,0,0,12000,0,0,0,12000,0,12000,12000
053780,南亞科元大96購03,0,0,0,0,0,0,0,0,0,12000,0,0,0,60000,48000,12000,12000
059127,國巨中信99購04  ,0,0,0,0,0,0,0,0,0,12000,0,0,0,15000,3000,12000,12000
058839,瑞儀中信99購02  ,0,0,0,0,0,0,0,0,0,12000,0,0,0,32000,20000,12000,12000
058772,茂林兆豐9A購01  ,0,0,0,0,0,0,0,0,0,12000,0,0,0,12000,0,12000,12000
059466,國巨元大99購26  ,0,0,0,0,0,0,0,0,0,12000,0,0,0,13000,1000,12000,12000
059507,鴻海永豐99購03  ,0,0,0,0,0,0,0,0,0,12000,0,0,0,32000,20000,12000,12000
057795,鴻海兆豐99購02  ,0,0,0,0,0,0,0,0,0,12000,0,0,0,16000,4000,12000,12000
05755P,臺股指中信99售04,0,0,0,0,0,0,0,0,0,12000,0,0,0,15000,3000,12000,12000
059288,旺宏元富99購03  ,0,0,0,0,0,0,0,0,0,12000,0,0,0,12000,0,12000,12000
057026,長榮航凱基98購01,0,0,0,0,0,0,0,0,0,12000,0,0,0,12000,0,12000,12000
05813P,臺股指國票96售06,0,0,0,0,0,0,0,0,0,12000,0,0,0,15000,3000,12000,12000
060209,喬山康和9A購01  ,0,0,0,0,0,0,0,0,0,12000,0,0,0,13000,1000,12000,12000
06060P,玉晶光元大97售03,0,0,0,0,0,0,0,0,0,12000,0,0,0,12000,0,12000,12000
07955P,大成鋼群益9B售02,0,0,0,0,0,0,0,0,0,12000,0,0,0,14000,2000,12000,12000
2460,建通            ,8000,0,8000,0,0,0,0,0,0,4000,4000,0,4000,0,0,0,12000
1444,力麗            ,287000,288000,-1000,0,0,0,0,0,0,13000,13000,0,13000,0,0,0,12000
3607,谷崧            ,44000,37000,7000,0,0,0,0,0,0,5000,5000,0,5000,0,0,0,12000
8105,凌巨            ,84000,95000,-11000,0,0,0,0,0,0,23000,23000,0,23000,0,0,0,12000
06208P,台郡凱基97售03  ,0,0,0,0,0,0,0,0,0,11000,0,0,0,12000,1000,11000,11000
061996,矽格元大9B購01  ,0,0,0,0,0,0,0,0,0,11000,0,0,0,190000,179000,11000,11000
07108P,FBVIX台新99售02 ,0,0,0,0,0,0,0,0,0,11000,0,0,0,11000,0,11000,11000
061853,晶技國票9B購02  ,0,0,0,0,0,0,0,0,0,11000,0,0,0,11000,0,11000,11000
061887,祥碩國泰9C購01  ,0,0,0,0,0,0,0,0,0,11000,0,0,0,81000,70000,11000,11000
061660,禾伸堂永豐9A購01,0,0,0,0,0,0,0,0,0,11000,0,0,0,106000,95000,11000,11000
06073P,健策永豐97售01  ,0,0,0,0,0,0,0,0,0,11000,0,0,0,142000,131000,11000,11000
051531,國巨國票96購04  ,0,0,0,0,0,0,0,0,0,11000,0,0,0,73000,62000,11000,11000
03676C,臺股指元大04牛03,0,0,0,0,0,0,0,0,0,11000,0,0,0,11000,0,11000,11000
052696,玉晶光麥證97購01,0,0,0,48000,6000,42000,0,0,0,11000,0,0,0,54000,43000,11000,11000
052659,上証2X國票99購01,0,0,0,0,0,0,0,0,0,11000,0,0,0,16000,5000,11000,11000
051745,玉晶光國泰97購06,0,0,0,0,0,0,0,0,0,11000,0,0,0,12000,1000,11000,11000
053550,聯發科凱基96購15,0,0,0,0,0,0,0,0,0,11000,0,0,0,11000,0,11000,11000
05305P,華新科國泰97售01,0,0,0,0,0,0,0,0,0,11000,0,0,0,21000,10000,11000,11000
055264,國巨永豐98購01  ,0,0,0,0,0,0,0,0,0,11000,0,0,0,12000,1000,11000,11000
054771,茂林國票98購02  ,0,0,0,0,0,0,0,0,0,11000,0,0,0,121000,110000,11000,11000
054298,台表科元大97購03,0,0,0,0,0,0,0,0,0,11000,0,0,0,13000,2000,11000,11000
06004P,奇力新永豐96售02,0,0,0,0,0,0,0,0,0,11000,0,0,0,11000,0,11000,11000
059977,鴻海元大99購40  ,0,0,0,0,0,0,0,0,0,11000,0,0,0,11000,0,11000,11000
056578,智易元大99購02  ,0,0,0,0,0,0,0,0,0,11000,0,0,0,32000,21000,11000,11000
056483,TPK元大98購01   ,0,0,0,0,0,0,0,0,0,11000,0,0,0,88000,77000,11000,11000
058434,旺宏統一9B購01  ,0,0,0,0,0,0,0,0,0,11000,0,0,0,21000,10000,11000,11000
059286,S&P正2元富01購03,0,0,0,0,0,0,0,0,0,11000,0,0,0,11000,0,11000,11000
059339,上銀凱基99購06  ,0,0,0,0,0,0,0,0,0,11000,0,0,0,11000,0,11000,11000
059350,樺漢凱基9A購01  ,0,0,0,0,0,0,0,0,0,11000,0,0,0,60000,49000,11000,11000
059387,華通凱基9A購03  ,0,0,0,0,0,0,0,0,0,11000,0,0,0,12000,1000,11000,11000
056649,智易凱基98購01  ,0,0,0,0,0,0,0,0,0,11000,0,0,0,39000,28000,11000,11000
057662,上銀元大9A購01  ,0,0,0,0,0,0,0,0,0,11000,0,0,0,11000,0,11000,11000
059626,台積電凱基01購01,0,0,0,0,0,0,0,0,0,11000,0,0,0,11000,0,11000,11000
059705,華新科凱基9A購07,0,0,0,0,0,0,0,0,0,11000,0,0,0,11000,0,11000,11000
057023,美律凱基99購02  ,0,0,0,0,0,0,0,0,0,11000,0,0,0,55000,44000,11000,11000
059171,祥碩凱基99購04  ,0,0,0,0,0,0,0,0,0,11000,0,0,0,35000,24000,11000,11000
058632,世紀鋼國票9A購01,0,0,0,0,0,0,0,0,0,11000,0,0,0,11000,0,11000,11000
6666,羅麗芬-KY       ,12000,1000,11000,0,0,0,0,0,0,0,0,0,0,0,0,0,11000
5007,三星            ,14000,4000,10000,0,0,0,0,0,0,1000,1000,0,1000,0,0,0,11000
6224,聚鼎            ,21000,8000,13000,0,0,0,0,0,0,-2000,1000,3000,-2000,0,0,0,11000
2705,六福            ,65000,54000,11000,0,0,0,0,0,0,0,0,0,0,0,0,0,11000
1810,和成            ,5000,0,5000,0,0,0,0,0,0,6000,6000,0,6000,0,0,0,11000
1732,毛寶            ,3000,0,3000,0,0,0,0,0,0,8000,8000,0,8000,0,0,0,11000
1702,南僑            ,35000,28000,7000,0,0,0,0,0,0,4000,4000,0,4000,0,0,0,11000
2402,毅嘉            ,130000,132000,-2000,0,0,0,0,0,0,13000,13000,0,13000,0,0,0,11000
07997P,上銀凱基9B售04  ,0,0,0,0,0,0,0,0,0,11000,0,0,0,11000,0,11000,11000
08003P,國巨國泰9B售07  ,0,0,0,0,0,0,0,0,0,11000,0,0,0,13000,2000,11000,11000
07407P,欣興凱基99售07  ,0,0,0,0,0,0,0,0,0,11000,0,0,0,572000,561000,11000,11000
07473P,祥碩元大9A售01  ,0,0,0,0,0,0,0,0,0,11000,0,0,0,11000,0,11000,11000
060792,信錦永豐9A購01  ,0,0,0,0,0,0,0,0,0,10000,0,0,0,126000,116000,10000,10000
06080P,景碩群益98售02  ,0,0,0,0,0,0,0,0,0,10000,0,0,0,10000,0,10000,10000
060984,南亞科元大9A購07,0,0,0,0,0,0,0,0,0,10000,0,0,0,18000,8000,10000,10000
060895,華新科凱基9B購05,0,0,0,0,0,0,0,0,0,10000,0,0,0,10000,0,10000,10000
060864,可成永豐9A購01  ,0,0,0,0,0,0,0,0,0,10000,0,0,0,10000,0,10000,10000
061171,大立光麥證9A購01,0,0,0,10000,0,10000,0,0,0,10000,0,0,0,10000,0,10000,10000
061172,大立光麥證9A購02,0,0,0,10000,0,10000,0,0,0,10000,0,0,0,10000,0,10000,10000
061217,臺股指元大9A購54,0,0,0,0,0,0,0,0,0,10000,0,0,0,10000,0,10000,10000
061023,茂林國泰9B購02  ,0,0,0,0,0,0,0,0,0,10000,0,0,0,10000,0,10000,10000
060472,中租元大9A購02  ,0,0,0,0,0,0,0,0,0,10000,0,0,0,75000,65000,10000,10000
06105P,國巨國票98售02  ,0,0,0,0,0,0,0,0,0,10000,0,0,0,20000,10000,10000,10000
061045,儒鴻第一9A購01  ,0,0,0,0,0,0,0,0,0,10000,0,0,0,60000,50000,10000,10000
061641,玉晶光元大9A購17,0,0,0,0,0,0,0,0,0,10000,0,0,0,10000,0,10000,10000
061635,台積電元大9A購34,0,0,0,0,0,0,0,0,0,10000,0,0,0,10000,0,10000,10000
061703,信邦國票9A購01  ,10000,0,10000,0,0,0,0,0,0,0,0,0,0,22000,22000,0,10000
061664,上銀中信9A購01  ,0,0,0,0,0,0,0,0,0,10000,0,0,0,10000,0,10000,10000
061759,上証反元大02購01,0,0,0,0,0,0,0,0,0,10000,0,0,0,10000,0,10000,10000
06192P,高股息中信98售01,0,0,0,0,0,0,0,0,0,10000,0,0,0,10000,0,10000,10000
061861,臺股指國票9B購05,0,0,0,0,0,0,0,0,0,10000,0,0,0,10000,0,10000,10000
061793,上銀永豐9B購01  ,0,0,0,0,0,0,0,0,0,10000,0,0,0,10000,0,10000,10000
061297,台積電富邦9C購09,0,0,0,0,0,0,0,0,0,10000,0,0,0,10000,0,10000,10000
061404,臺指反國票04購01,0,0,0,0,0,0,0,0,0,10000,0,0,0,10000,0,10000,10000
061396,台灣50台新9C購03,0,0,0,0,0,0,0,0,0,10000,0,0,0,10000,0,10000,10000
061454,國巨凱基9A購16  ,0,0,0,0,0,0,0,0,0,10000,0,0,0,10000,0,10000,10000
061467,嘉澤群益9A購01  ,0,0,0,0,0,0,0,0,0,10000,0,0,0,10000,0,10000,10000
061434,國巨麥證9A購04  ,0,0,0,10000,0,10000,0,0,0,10000,0,0,0,10000,0,10000,10000
061482,健策元大9C購01  ,0,0,0,0,0,0,0,0,0,10000,0,0,0,10000,0,10000,10000
061614,亞德客群益9A購01,0,0,0,0,0,0,0,0,0,10000,0,0,0,10000,0,10000,10000
061599,元金反中信9C購01,0,0,0,0,0,0,0,0,0,10000,0,0,0,15000,5000,10000,10000
061594,玉晶光永豐9A購08,0,0,0,0,0,0,0,0,0,10000,0,0,0,10000,0,10000,10000
07133P,臺股指元大9A售27,0,0,0,0,0,0,0,0,0,10000,0,0,0,20000,10000,10000,10000
07024P,臺股指永豐99售02,0,0,0,0,0,0,0,0,0,10000,0,0,0,10000,0,10000,10000
07158P,FBVIX國泰9C售01 ,0,0,0,0,0,0,0,0,0,10000,0,0,0,10000,0,10000,10000
07185P,臺股指統一9C售01,0,0,0,0,0,0,0,0,0,10000,0,0,0,10000,0,10000,10000
06890P,金融類元大98售02,0,0,0,0,0,0,0,0,0,10000,0,0,0,10000,0,10000,10000
06742P,可成富邦99售02  ,0,0,0,0,0,0,0,0,0,10000,0,0,0,27000,17000,10000,10000
06733P,鴻海凱基99售02  ,0,0,0,0,0,0,0,0,0,10000,0,0,0,10000,0,10000,10000
06744P,嘉聯益永豐98售03,0,0,0,0,0,0,0,0,0,10000,0,0,0,34000,24000,10000,10000
06850P,聯茂元大98售06  ,0,0,0,0,0,0,0,0,0,10000,0,0,0,10000,0,10000,10000
062697,國巨元大9C購01  ,0,0,0,0,0,0,0,0,0,10000,0,0,0,60000,50000,10000,10000
06459P,亞德客元富98售01,0,0,0,0,0,0,0,0,0,10000,0,0,0,10000,0,10000,10000
06440P,台積電凱基98售07,0,0,0,0,0,0,0,0,0,10000,0,0,0,10000,0,10000,10000
06654P,欣興元大98售08  ,0,0,0,0,0,0,0,0,0,10000,0,0,0,218000,208000,10000,10000
06490P,鴻海富邦99售02  ,0,0,0,0,0,0,0,0,0,10000,0,0,0,10000,0,10000,10000
06486P,麗豐元大98售02  ,0,0,0,0,0,0,0,0,0,10000,0,0,0,160000,150000,10000,10000
061982,聯發科元大9B購03,0,0,0,0,0,0,0,0,0,10000,0,0,0,35000,25000,10000,10000
062267,滬深2X群益01購05,0,0,0,0,0,0,0,0,0,10000,0,0,0,24000,14000,10000,10000
062262,茂林元大9B購02  ,0,0,0,0,0,0,0,0,0,10000,0,0,0,10000,0,10000,10000
06213P,大立光元大98售07,0,0,0,0,0,0,0,0,0,10000,0,0,0,11000,1000,10000,10000
062156,美律凱基9B購01  ,0,0,0,0,0,0,0,0,0,10000,0,0,0,15000,5000,10000,10000
062209,台積電台新9B購05,0,0,0,0,0,0,0,0,0,10000,0,0,0,70000,60000,10000,10000
06261P,上銀凱基97售03  ,0,0,0,0,0,0,0,0,0,10000,0,0,0,10000,0,10000,10000
062645,國巨國泰9B購08  ,0,0,0,0,0,0,0,0,0,10000,0,0,0,10000,0,10000,10000
062347,台光電群益9B購02,0,0,0,0,0,0,0,0,0,10000,0,0,0,180000,170000,10000,10000
062444,大立光元大9C購01,0,0,0,0,0,0,0,0,0,10000,0,0,0,10000,0,10000,10000
056519,創意國票99購01  ,0,0,0,0,0,0,0,0,0,10000,0,0,0,110000,100000,10000,10000
056596,光磊元富98購01  ,0,0,0,0,0,0,0,0,0,10000,0,0,0,10000,0,10000,10000
056598,京元電元富98購01,0,0,0,0,0,0,0,0,0,10000,0,0,0,30000,20000,10000,10000
056604,鴻海富邦9A購01  ,0,0,0,0,0,0,0,0,0,10000,0,0,0,10000,0,10000,10000
056440,智邦凱基98購03  ,0,0,0,0,0,0,0,0,0,10000,0,0,0,10000,0,10000,10000
056346,聯茂凱基99購02  ,0,0,0,0,0,0,0,0,0,10000,0,0,0,10000,0,10000,10000
056334,台積電凱基98購06,0,0,0,0,0,0,0,0,0,10000,0,0,0,10000,0,10000,10000
056224,聯發科凱基97購08,0,0,0,0,0,0,0,0,0,10000,0,0,0,10000,0,10000,10000
056252,聯發科兆豐97購03,0,0,0,0,0,0,0,0,0,10000,0,0,0,10000,0,10000,10000
059964,元金2X凱基99購02,0,0,0,0,0,0,0,0,0,10000,0,0,0,15000,5000,10000,10000
060025,台積電富邦9C購06,0,0,0,0,0,0,0,0,0,10000,0,0,0,22000,12000,10000,10000
060079,台郡台新99購03  ,0,0,0,0,0,0,0,0,0,10000,0,0,0,10000,0,10000,10000
060137,T50反1國票9A購02,0,0,0,0,0,0,0,0,0,10000,0,0,0,10000,0,10000,10000
056738,國巨凱基9A購02  ,0,0,0,0,0,0,0,0,0,10000,0,0,0,10000,0,10000,10000
056723,國巨中信9A購01  ,0,0,0,0,0,0,0,0,0,10000,0,0,0,10000,0,10000,10000
057877,神達元大99購01  ,0,0,0,0,0,0,0,0,0,10000,0,0,0,10000,0,10000,10000
055056,億光永豐97購01  ,0,0,0,0,0,0,0,0,0,10000,0,0,0,10000,0,10000,10000
054881,光罩統一97購01  ,0,0,0,0,0,0,0,0,0,10000,0,0,0,10000,0,10000,10000
054931,緯穎凱基98購01  ,0,0,0,0,0,0,0,0,0,10000,0,0,0,10000,0,10000,10000
05497P,聯詠統一96售01  ,0,0,0,0,0,0,0,0,0,10000,0,0,0,20000,10000,10000,10000
055958,台光電元大97購02,0,0,0,0,0,0,0,0,0,10000,0,0,0,10000,0,10000,10000
054163,燿華凱基97購02  ,0,0,0,0,0,0,0,0,0,10000,0,0,0,10000,0,10000,10000
056145,緯穎元大98購03  ,0,0,0,0,0,0,0,0,0,10000,0,0,0,10000,0,10000,10000
054723,鴻海日盛97購01  ,0,0,0,0,0,0,0,0,0,10000,0,0,0,10000,0,10000,10000
056077,矽力元大97購07  ,0,0,0,0,0,0,0,0,0,10000,0,0,0,10000,0,10000,10000
054451,上銀亞東98購01  ,0,0,0,0,0,0,0,0,0,10000,0,0,0,10000,0,10000,10000
054488,禾伸堂台新96購01,0,0,0,0,0,0,0,0,0,10000,0,0,0,10000,0,10000,10000
05525P,奇力新群益96售02,0,0,0,0,0,0,0,0,0,10000,0,0,0,10000,0,10000,10000
055326,緯穎國票97購06  ,0,0,0,0,0,0,0,0,0,10000,0,0,0,13000,3000,10000,10000
056048,同欣電兆豐97購01,0,0,0,0,0,0,0,0,0,10000,0,0,0,10000,0,10000,10000
056051,T50反1元大97購05,0,0,0,0,0,0,0,0,0,10000,0,0,0,10000,0,10000,10000
054396,日電貿永豐96購02,0,0,0,0,0,0,0,0,0,10000,0,0,0,10000,0,10000,10000
055183,聯鈞統一97購01  ,0,0,0,0,0,0,0,0,0,10000,0,0,0,10000,0,10000,10000
055176,大毅統一98購02  ,0,0,0,0,0,0,0,0,0,10000,0,0,0,21000,11000,10000,10000
052615,鴻海國泰98購01  ,0,0,0,0,0,0,0,0,0,10000,0,0,0,10000,0,10000,10000
053083,中環元大99購01  ,0,0,0,0,0,0,0,0,0,10000,0,0,0,10000,0,10000,10000
053115,滬深2X中信97購01,0,0,0,0,0,0,0,0,0,10000,0,0,0,10000,0,10000,10000
053171,中磊群益96購01  ,0,0,0,0,0,0,0,0,0,10000,0,0,0,10000,0,10000,10000
055386,致新元大97購02  ,0,0,0,0,0,0,0,0,0,10000,0,0,0,10000,0,10000,10000
055541,聚陽凱基98購01  ,0,0,0,0,0,0,0,0,0,10000,0,0,0,10000,0,10000,10000
055481,聚陽元大97購01  ,0,0,0,0,0,0,0,0,0,10000,0,0,0,10000,0,10000,10000
055519,茂林中信99購01  ,0,0,0,0,0,0,0,0,0,10000,0,0,0,10000,0,10000,10000
054027,欣興凱基96購04  ,0,0,0,0,0,0,0,0,0,10000,0,0,0,10000,0,10000,10000
054034,景碩中信96購01  ,0,0,0,0,0,0,0,0,0,10000,0,0,0,10000,0,10000,10000
053990,晶技兆豐96購01  ,0,0,0,0,0,0,0,0,0,10000,0,0,0,10000,0,10000,10000
055665,亞德客群益97購01,0,0,0,0,0,0,0,0,0,10000,0,0,0,10000,0,10000,10000
051582,聯發科元大97購02,0,0,0,0,0,0,0,0,0,10000,0,0,0,10000,0,10000,10000
051694,A50正2中信96購03,0,0,0,0,0,0,0,0,0,10000,0,0,0,10000,0,10000,10000
053454,創意統一96購02  ,0,0,0,0,0,0,0,0,0,10000,0,0,0,10000,0,10000,10000
053490,為升兆豐97購01  ,0,0,0,0,0,0,0,0,0,10000,0,0,0,10000,0,10000,10000
053392,致新元大96購01  ,0,0,0,0,0,0,0,0,0,10000,0,0,0,10000,0,10000,10000
051755,台積電元大96購08,0,0,0,0,0,0,0,0,0,10000,0,0,0,17000,7000,10000,10000
052693,微星中信96購01  ,0,0,0,0,0,0,0,0,0,10000,0,0,0,10000,0,10000,10000
052343,同欣電凱基95購03,0,0,0,0,0,0,0,0,0,10000,0,0,0,10000,0,10000,10000
052344,台表科凱基98購01,0,0,0,0,0,0,0,0,0,10000,0,0,0,10000,0,10000,10000
052846,智邦統一97購01  ,0,0,0,0,0,0,0,0,0,10000,0,0,0,10000,0,10000,10000
052741,聯發科元大96購08,0,0,0,0,0,0,0,0,0,10000,0,0,0,10000,0,10000,10000
052363,廣達國票96購01  ,0,0,0,0,0,0,0,0,0,10000,0,0,0,10000,0,10000,10000
052529,力成元大95購03  ,0,0,0,0,0,0,0,0,0,10000,0,0,0,10000,0,10000,10000
042792,T50反1台新9C購01,0,0,0,0,0,0,0,0,0,10000,0,0,0,10000,0,10000,10000
050271,上緯控元大96購01,0,0,0,0,0,0,0,0,0,10000,0,0,0,10000,0,10000,10000
050791,聯發科富邦96購01,0,0,0,0,0,0,0,0,0,10000,0,0,0,10000,0,10000,10000
050780,台表科元大96購01,0,0,0,0,0,0,0,0,0,10000,0,0,0,10000,0,10000,10000
05067P,欣興兆豐96售02  ,0,0,0,0,0,0,0,0,0,10000,0,0,0,10000,0,10000,10000
050699,京鼎凱基96購01  ,0,0,0,0,0,0,0,0,0,10000,0,0,0,10000,0,10000,10000
048350,世紀鋼元大95購01,0,0,0,0,0,0,0,0,0,10000,0,0,0,10000,0,10000,10000
053861,台光電元大98購01,0,0,0,0,0,0,0,0,0,10000,0,0,0,10000,0,10000,10000
053854,聯茂國泰97購02  ,0,0,0,0,0,0,0,0,0,10000,0,0,0,10000,0,10000,10000
053645,臺股指國票96購08,0,0,0,0,0,0,0,0,0,10000,0,0,0,60000,50000,10000,10000
053723,奇鋐凱基98購01  ,0,0,0,0,0,0,0,0,0,10000,0,0,0,10000,0,10000,10000
053713,漢唐凱基96購04  ,0,0,0,0,0,0,0,0,0,10000,0,0,0,10000,0,10000,10000
053246,聯詠國票97購02  ,0,0,0,0,0,0,0,0,0,10000,0,0,0,10000,0,10000,10000
049552,鴻海國泰96購01  ,0,0,0,0,0,0,0,0,0,10000,0,0,0,10000,0,10000,10000
049593,群創元大9A購01  ,0,0,0,0,0,0,0,0,0,10000,0,0,0,10000,0,10000,10000
049438,嘉晶國泰96購01  ,0,0,0,0,0,0,0,0,0,10000,0,0,0,20000,10000,10000,10000
050135,禾伸堂兆豐95購01,0,0,0,0,0,0,0,0,0,10000,0,0,0,10000,0,10000,10000
050138,台表科國票95購02,0,0,0,0,0,0,0,0,0,10000,0,0,0,10000,0,10000,10000
050992,台積電元大97購01,0,0,0,0,0,0,0,0,0,10000,0,0,0,10000,0,10000,10000
053562,玉晶光國泰98購02,0,0,0,0,0,0,0,0,0,10000,0,0,0,10000,0,10000,10000
051300,台光電凱基96購02,0,0,0,0,0,0,0,0,0,10000,0,0,0,10000,0,10000,10000
051355,聯發科元大96購01,0,0,0,0,0,0,0,0,0,10000,0,0,0,10000,0,10000,10000
05119P,聯發科國泰96售02,0,0,0,0,0,0,0,0,0,10000,0,0,0,10000,0,10000,10000
051218,聯發科元富9B購02,0,0,0,0,0,0,0,0,0,10000,0,0,0,10000,0,10000,10000
03033X,元展30          ,0,0,0,0,0,0,0,0,0,10000,0,0,0,16000,6000,10000,10000
058637,晶技兆豐99購01  ,0,0,0,0,0,0,0,0,0,10000,0,0,0,10000,0,10000,10000
059138,台積電兆豐99購04,0,0,0,0,0,0,0,0,0,10000,0,0,0,10000,0,10000,10000
059087,台積電元大99購26,0,0,0,0,0,0,0,0,0,10000,0,0,0,10000,0,10000,10000
058794,旺宏元大99購09  ,0,0,0,0,0,0,0,0,0,10000,0,0,0,10000,0,10000,10000
058796,可成元大99購04  ,0,0,0,0,0,0,0,0,0,10000,0,0,0,10000,0,10000,10000
058808,大成鋼統一9B購01,0,0,0,0,0,0,0,0,0,10000,0,0,0,10000,0,10000,10000
058692,華邦電國票9B購01,0,0,0,0,0,0,0,0,0,10000,0,0,0,10000,0,10000,10000
058672,可成群益9B購02  ,0,0,0,0,0,0,0,0,0,10000,0,0,0,19000,9000,10000,10000
059772,可成群益9A購05  ,0,0,0,0,0,0,0,0,0,10000,0,0,0,12000,2000,10000,10000
059702,台積電凱基9A購14,0,0,0,0,0,0,0,0,0,10000,0,0,0,11000,1000,10000,10000
059699,華通凱基99購04  ,0,0,0,0,0,0,0,0,0,10000,0,0,0,10000,0,10000,10000
05964P,華通凱基96售06  ,0,0,0,0,0,0,0,0,0,10000,0,0,0,20000,10000,10000,10000
059645,祥碩凱基99購05  ,0,0,0,0,0,0,0,0,0,10000,0,0,0,10000,0,10000,10000
059708,立積凱基9A購02  ,0,0,0,0,0,0,0,0,0,10000,0,0,0,10000,0,10000,10000
059717,國巨元大99購21  ,0,0,0,0,0,0,0,0,0,10000,0,0,0,12000,2000,10000,10000
059178,臺股指凱基99購30,0,0,0,0,0,0,0,0,0,10000,0,0,0,10000,0,10000,10000
057699,可成群益9A購02  ,0,0,0,0,0,0,0,0,0,10000,0,0,0,11000,1000,10000,10000
057752,臺股指國票98購08,0,0,0,0,0,0,0,0,0,10000,0,0,0,115000,105000,10000,10000
057510,泰碩統一98購02  ,0,0,0,0,0,0,0,0,0,10000,0,0,0,10000,0,10000,10000
05760P,京鼎永豐96售02  ,0,0,0,0,0,0,0,0,0,10000,0,0,0,10000,0,10000,10000
057627,和大永豐98購01  ,0,0,0,0,0,0,0,0,0,10000,0,0,0,10000,0,10000,10000
057629,泰碩永豐98購02  ,0,0,0,0,0,0,0,0,0,10000,0,0,0,10000,0,10000,10000
057786,聯發科國票98購05,0,0,0,0,0,0,0,0,0,10000,0,0,0,10000,0,10000,10000
057818,泰碩元大9A購01  ,0,0,0,0,0,0,0,0,0,10000,0,0,0,40000,30000,10000,10000
057835,華擎元富9B購01  ,0,0,0,0,0,0,0,0,0,10000,0,0,0,95000,85000,10000,10000
059038,健策群益9A購02  ,0,0,0,0,0,0,0,0,0,10000,0,0,0,22000,12000,10000,10000
058103,台積電永豐98購06,0,0,0,0,0,0,0,0,0,10000,0,0,0,10000,0,10000,10000
057954,宏碁元大99購01  ,0,0,0,0,0,0,0,0,0,10000,0,0,0,10000,0,10000,10000
057999,智邦亞東99購02  ,0,0,0,0,0,0,0,0,0,10000,0,0,0,10000,0,10000,10000
056818,正崴永豐98購01  ,0,0,0,0,0,0,0,0,0,10000,0,0,0,10000,0,10000,10000
056838,旺宏元富98購01  ,0,0,0,0,0,0,0,0,0,10000,0,0,0,10000,0,10000,10000
059874,大立光凱基99購15,0,0,0,0,0,0,0,0,0,10000,0,0,0,10000,0,10000,10000
058959,南茂國票9A購01  ,0,0,0,0,0,0,0,0,0,10000,0,0,0,10000,0,10000,10000
058902,聯發科元大99購15,0,0,0,0,0,0,0,0,0,10000,0,0,0,10000,0,10000,10000
057916,國巨凱基98購13  ,0,0,0,0,0,0,0,0,0,10000,0,0,0,70000,60000,10000,10000
056637,台光電日盛9A購01,0,0,0,0,0,0,0,0,0,10000,0,0,0,20000,10000,10000,10000
057320,玉晶光凱基98購01,0,0,0,0,0,0,0,0,0,10000,0,0,0,11000,1000,10000,10000
057265,聯詠兆豐98購01  ,0,0,0,0,0,0,0,0,0,10000,0,0,0,10000,0,10000,10000
057289,力成元大98購03  ,0,0,0,0,0,0,0,0,0,10000,0,0,0,10000,0,10000,10000
057268,臻鼎兆豐99購01  ,0,0,0,0,0,0,0,0,0,10000,0,0,0,10000,0,10000,10000
059347,京鼎凱基99購02  ,0,0,0,0,0,0,0,0,0,10000,0,0,0,10000,0,10000,10000
058345,台光電群益99購03,0,0,0,0,0,0,0,0,0,10000,0,0,0,25000,15000,10000,10000
05931P,鴻海凱基96售15  ,0,0,0,0,0,0,0,0,0,10000,0,0,0,10000,0,10000,10000
05716P,T50反1元大98售03,0,0,0,0,0,0,0,0,0,10000,0,0,0,20000,10000,10000,10000
05720P,可成中信98售01  ,0,0,0,0,0,0,0,0,0,10000,0,0,0,10000,0,10000,10000
059817,華通凱基99購05  ,0,0,0,0,0,0,0,0,0,10000,0,0,0,10000,0,10000,10000
05702P,矽創凱基96售02  ,0,0,0,0,0,0,0,0,0,10000,0,0,0,10000,0,10000,10000
058197,國巨中信99購02  ,0,0,0,0,0,0,0,0,0,10000,0,0,0,10000,0,10000,10000
058213,欣興群益99購01  ,0,0,0,0,0,0,0,0,0,10000,0,0,0,32000,22000,10000,10000
059856,昇陽半永豐99購03,0,0,0,0,0,0,0,0,0,10000,0,0,0,10000,0,10000,10000
057106,美律群益98購03  ,0,0,0,0,0,0,0,0,0,10000,0,0,0,10000,0,10000,10000
057139,華新科兆豐98購02,0,0,0,0,0,0,0,0,0,10000,0,0,0,10000,0,10000,10000
057121,立積康和98購01  ,0,0,0,0,0,0,0,0,0,10000,0,0,0,10000,0,10000,10000
057123,上銀凱基98購05  ,0,0,0,0,0,0,0,0,0,10000,0,0,0,10000,0,10000,10000
057124,為升凱基98購02  ,0,0,0,0,0,0,0,0,0,10000,0,0,0,10000,0,10000,10000
057083,立積統一98購01  ,0,0,0,0,0,0,0,0,0,10000,0,0,0,10000,0,10000,10000
057092,健策元富98購01  ,0,0,0,0,0,0,0,0,0,10000,0,0,0,10000,0,10000,10000
057058,祥碩元大98購04  ,0,0,0,0,0,0,0,0,0,10000,0,0,0,10000,0,10000,10000
058428,大立光元富99購02,0,0,0,0,0,0,0,0,0,10000,0,0,0,20000,10000,10000,10000
058482,祥碩凱基99購02  ,0,0,0,0,0,0,0,0,0,10000,0,0,0,20000,10000,10000,10000
058484,元金2X國票04購01,0,0,0,0,0,0,0,0,0,10000,0,0,0,10000,0,10000,10000
058473,上銀凱基9A購03  ,0,0,0,0,0,0,0,0,0,10000,0,0,0,10000,0,10000,10000
057389,玉晶光永豐98購06,0,0,0,0,0,0,0,0,0,10000,0,0,0,10000,0,10000,10000
057413,臺股指群益9C購04,0,0,0,0,0,0,0,0,0,10000,0,0,0,11000,1000,10000,10000
057437,可成國票99購01  ,0,0,0,0,0,0,0,0,0,10000,0,0,0,15000,5000,10000,10000
057488,聯發科元大99購02,0,0,0,0,0,0,0,0,0,10000,0,0,0,10000,0,10000,10000
060213,牧德康和9A購01  ,0,0,0,0,0,0,0,0,0,10000,0,0,0,10000,0,10000,10000
060328,可成群益9A購06  ,0,0,0,0,0,0,0,0,0,10000,0,0,0,16000,6000,10000,10000
05852P,嘉晶群益96售01  ,0,0,0,0,0,0,0,0,0,10000,0,0,0,10000,0,10000,10000
058509,聯發科元大99購12,0,0,0,0,0,0,0,0,0,10000,0,0,0,10000,0,10000,10000
06059P,泰碩元大97售02  ,0,0,0,0,0,0,0,0,0,10000,0,0,0,180000,170000,10000,10000
060573,力成永豐9A購01  ,0,0,0,0,0,0,0,0,0,10000,0,0,0,10000,0,10000,10000
060652,滬深2X群益9C購04,0,0,0,0,0,0,0,0,0,10000,0,0,0,10000,0,10000,10000
060256,臺股指元大9B購07,0,0,0,0,0,0,0,0,0,10000,0,0,0,10000,0,10000,10000
060371,A50正2元富01購01,0,0,0,0,0,0,0,0,0,10000,0,0,0,10000,0,10000,10000
060352,滬深2X元富9A購02,0,0,0,0,0,0,0,0,0,10000,0,0,0,10000,0,10000,10000
060397,群創國票9A購01  ,0,0,0,0,0,0,0,0,0,10000,0,0,0,10000,0,10000,10000
060542,上銀凱基9A購04  ,0,0,0,0,0,0,0,0,0,10000,0,0,0,10000,0,10000,10000
07542P,台積電凱基9A售16,0,0,0,0,0,0,0,0,0,10000,0,0,0,10000,0,10000,10000
07549P,台灣50元大9A售13,0,0,0,0,0,0,0,0,0,10000,0,0,0,10000,0,10000,10000
07569P,國巨凱基9A售13  ,0,0,0,0,0,0,0,0,0,10000,0,0,0,10000,0,10000,10000
07684P,大立光凱基9A售11,0,0,0,0,0,0,0,0,0,10000,0,0,0,10000,0,10000,10000
07676P,華新科永豐9A售02,0,0,0,0,0,0,0,0,0,10000,0,0,0,130000,120000,10000,10000
07382P,台積電群益9B售01,0,0,0,0,0,0,0,0,0,10000,0,0,0,10000,0,10000,10000
07465P,台灣50元大9C售24,0,0,0,0,0,0,0,0,0,10000,0,0,0,10000,0,10000,10000
07466P,亞德客元大9A售02,0,0,0,0,0,0,0,0,0,10000,0,0,0,35000,25000,10000,10000
07294P,滬深2X元富9C售08,0,0,0,0,0,0,0,0,0,10000,0,0,0,10000,0,10000,10000
07996P,亞德客凱基9B售03,0,0,0,0,0,0,0,0,0,10000,0,0,0,10000,0,10000,10000
07937P,國巨中信9B售03  ,0,0,0,0,0,0,0,0,0,10000,0,0,0,10000,0,10000,10000
07752P,台灣50元大9C售33,0,0,0,0,0,0,0,0,0,10000,0,0,0,10000,0,10000,10000
07741P,滬深2X凱基9B售04,0,0,0,0,0,0,0,0,0,10000,0,0,0,10000,0,10000,10000
07743P,智邦凱基9A售03  ,0,0,0,0,0,0,0,0,0,10000,0,0,0,240000,230000,10000,10000
2417,圓剛            ,246000,242000,4000,0,0,0,0,0,0,6000,6000,0,6000,0,0,0,10000
1465,偉全            ,10000,0,10000,0,0,0,0,0,0,0,0,0,0,0,0,0,10000
1533,車王電          ,10000,1000,9000,0,0,0,0,0,0,1000,1000,0,1000,0,0,0,10000
2887E,台新戊特        ,0,0,0,0,0,0,0,0,0,10000,10000,0,10000,0,0,0,10000
6128,上福            ,9000,0,9000,0,0,0,0,0,0,1000,1000,0,1000,0,0,0,10000
6573,虹揚-KY         ,34000,24000,10000,0,0,0,0,0,0,0,0,0,0,0,0,0,10000
8374,羅昇            ,12000,3000,9000,0,0,0,0,0,0,1000,1000,0,1000,0,0,0,10000
9105,泰金寶-DR       ,50000,40000,10000,0,0,0,0,0,0,0,0,0,0,0,0,0,10000
062375,祥碩元大9B購03  ,0,0,0,0,0,0,0,0,0,9000,0,0,0,34000,25000,9000,9000
062484,臺股指國票9B購10,0,0,0,0,0,0,0,0,0,9000,0,0,0,10000,1000,9000,9000
061970,大立光統一9C購03,0,0,0,0,0,0,0,0,0,9000,0,0,0,9000,0,9000,9000
062102,T50反1國票9B購07,0,0,0,0,0,0,0,0,0,9000,0,0,0,10000,1000,9000,9000
062046,矽格凱基9B購01  ,0,0,0,0,0,0,0,0,0,9000,0,0,0,10000,1000,9000,9000
06483P,聯發科凱基98售10,0,0,0,0,0,0,0,0,0,9000,0,0,0,9000,0,9000,9000
06366P,鴻海凱基97售10  ,0,0,0,0,0,0,0,0,0,9000,0,0,0,9000,0,9000,9000
06841P,臺股指統一9A售02,0,0,0,0,0,0,0,0,0,9000,0,0,0,9000,0,9000,9000
06903P,技嘉凱基98售04  ,0,0,0,0,0,0,0,0,0,9000,0,0,0,10000,1000,9000,9000
06921P,台光電凱基98售06,0,0,0,0,0,0,0,0,0,9000,0,0,0,52000,43000,9000,9000
07053P,台灣50兆豐01售01,0,0,0,0,0,0,0,0,0,9000,0,0,0,9000,0,9000,9000
061585,台積電富邦9B購06,0,0,0,0,0,0,0,0,0,9000,0,0,0,15000,6000,9000,9000
061541,旺宏群益9A購03  ,0,0,0,0,0,0,0,0,0,9000,0,0,0,9000,0,9000,9000
061442,玉晶光永豐9A購07,0,0,0,0,0,0,0,0,0,9000,0,0,0,9000,0,9000,9000
061623,祥碩群益9A購01  ,0,0,0,0,0,0,0,0,0,9000,0,0,0,10000,1000,9000,9000
060850,康友國票9A購03  ,0,0,0,0,0,0,0,0,0,9000,0,0,0,95000,86000,9000,9000
03094X,大立光元大68展08,0,0,0,0,0,0,0,0,0,9000,0,0,0,10000,1000,9000,9000
05395P,旺宏元大96售06  ,0,0,0,0,0,0,0,0,0,9000,0,0,0,9000,0,9000,9000
053648,台積電凱基97購04,0,0,0,0,0,0,0,0,0,9000,0,0,0,630000,621000,9000,9000
053702,智易兆豐97購02  ,0,0,0,0,0,0,0,0,0,9000,0,0,0,9000,0,9000,9000
00685L,群益臺灣加權正2 ,0,0,0,0,0,0,0,0,0,9000,0,0,0,13000,4000,9000,9000
052191,超眾群益96購01  ,0,0,0,0,0,0,0,0,0,9000,0,0,0,9000,0,9000,9000
055489,瑞昱元大97購02  ,0,0,0,0,0,0,0,0,0,9000,0,0,0,19000,10000,9000,9000
056059,美律元大98購02  ,0,0,0,0,0,0,0,0,0,9000,0,0,0,9000,0,9000,9000
056175,可成元富97購03  ,0,0,0,0,0,0,0,0,0,9000,0,0,0,10000,1000,9000,9000
060091,技嘉元大99購03  ,0,0,0,0,0,0,0,0,0,9000,0,0,0,39000,30000,9000,9000
056374,聯發科統一9B購01,0,0,0,0,0,0,0,0,0,9000,0,0,0,10000,1000,9000,9000
060496,滬深2X元大9A購05,0,0,0,0,0,0,0,0,0,9000,0,0,0,9000,0,9000,9000
060306,台肥永豐9A購01  ,0,0,0,0,0,0,0,0,0,9000,0,0,0,241000,232000,9000,9000
059864,亞德客凱基99購01,0,0,0,0,0,0,0,0,0,9000,0,0,0,10000,1000,9000,9000
059235,鴻海凱基99購08  ,0,0,0,0,0,0,0,0,0,9000,0,0,0,9000,0,9000,9000
058352,鴻海凱基9A購05  ,0,0,0,0,0,0,0,0,0,9000,0,0,0,19000,10000,9000,9000
058332,鴻海元富99購03  ,0,0,0,0,0,0,0,0,0,9000,0,0,0,169000,160000,9000,9000
059361,玉晶光永豐99購04,0,0,0,0,0,0,0,0,0,9000,0,0,0,10000,1000,9000,9000
056683,台積電統一98購05,0,0,0,0,0,0,0,0,0,9000,0,0,0,245000,236000,9000,9000
059871,義隆凱基99購03  ,0,0,0,0,0,0,0,0,0,9000,0,0,0,9000,0,9000,9000
057547,技嘉凱基99購01  ,0,0,0,0,0,0,0,0,0,9000,0,0,0,13000,4000,9000,9000
057764,台表科凱基9A購01,0,0,0,0,0,0,0,0,0,9000,0,0,0,10000,1000,9000,9000
057700,新日興群益9A購01,0,0,0,0,0,0,0,0,0,9000,0,0,0,20000,11000,9000,9000
059596,大立光元大99購20,0,0,0,0,0,0,0,0,0,9000,0,0,0,14000,5000,9000,9000
059526,鴻海凱基99購12  ,0,0,0,0,0,0,0,0,0,9000,0,0,0,29000,20000,9000,9000
059747,台達電台新99購01,0,0,0,0,0,0,0,0,0,9000,0,0,0,9000,0,9000,9000
059748,聯發科台新99購03,0,0,0,0,0,0,0,0,0,9000,0,0,0,9000,0,9000,9000
059767,矽力永豐99購01  ,0,0,0,0,0,0,0,0,0,9000,0,0,0,21000,12000,9000,9000
056994,緯穎兆豐98購02  ,0,0,0,0,0,0,0,0,0,9000,0,0,0,9000,0,9000,9000
057003,立積國票98購01  ,0,0,0,0,0,0,0,0,0,9000,0,0,0,19000,10000,9000,9000
058671,旺宏群益9A購01  ,0,0,0,0,0,0,0,0,0,9000,0,0,0,9000,0,9000,9000
059129,麗豐中信99購01  ,0,0,0,0,0,0,0,0,0,9000,0,0,0,41000,32000,9000,9000
059114,華新科永豐99購05,0,0,0,0,0,0,0,0,0,9000,0,0,0,25000,16000,9000,9000
8201,無敵            ,13000,4000,9000,0,0,0,0,0,0,0,0,0,0,0,0,0,9000
6443,元晶            ,51000,42000,9000,0,0,0,0,0,0,0,0,0,0,0,0,0,9000
6184,大豐電          ,20000,11000,9000,0,0,0,0,0,0,0,0,0,0,0,0,0,9000
2480,敦陽科          ,53000,39000,14000,0,0,0,0,0,0,-5000,7000,12000,-5000,0,0,0,9000
2488,漢平            ,11000,4000,7000,0,0,0,0,0,0,2000,2000,0,2000,0,0,0,9000
3563,牧德            ,125000,117000,8000,0,0,0,0,0,0,1000,0,13000,-13000,16000,2000,14000,9000
3059,華晶科          ,201000,198000,3000,0,0,0,0,0,0,6000,6000,0,6000,0,0,0,9000
1451,年興            ,25000,18000,7000,0,0,0,0,0,0,2000,2000,0,2000,0,0,0,9000
1443,立益            ,9000,0,9000,0,0,0,0,0,0,0,0,0,0,0,0,0,9000
2465,麗臺            ,10000,1000,9000,0,0,0,0,0,0,0,0,0,0,0,0,0,9000
2239,英利-KY         ,28000,19000,9000,0,0,0,0,0,0,0,0,0,0,0,0,0,9000
060874,中鋼中信02購01  ,0,0,0,0,0,0,0,0,0,8000,0,0,0,30000,22000,8000,8000
060863,聯發科永豐9A購02,0,0,0,0,0,0,0,0,0,8000,0,0,0,8000,0,8000,8000
060413,東元永豐9A購01  ,0,0,0,0,0,0,0,0,0,8000,0,0,0,8000,0,8000,8000
061735,上銀凱基9B購01  ,0,0,0,0,0,0,0,0,0,8000,0,0,0,8000,0,8000,8000
061398,力成中信9A購01  ,0,0,0,0,0,0,0,0,0,8000,0,0,0,108000,100000,8000,8000
061405,亞德客國票9B購01,0,0,0,0,0,0,0,0,0,8000,0,0,0,8000,0,8000,8000
061410,緯穎國票9A購03  ,0,0,0,0,0,0,0,0,0,8000,0,0,0,9000,1000,8000,8000
061536,華擎統一9C購02  ,0,0,0,0,0,0,0,0,0,8000,0,0,0,78000,70000,8000,8000
07137P,大立光中信9B售01,0,0,0,0,0,0,0,0,0,8000,0,0,0,8000,0,8000,8000
06485P,玉晶光群益9A售02,0,0,0,0,0,0,0,0,0,8000,0,0,0,8000,0,8000,8000
06567P,鴻海永豐98售02  ,0,0,0,0,0,0,0,0,0,8000,0,0,0,8000,0,8000,8000
06199P,聯發科元大97售17,0,0,0,0,0,0,0,0,0,8000,0,0,0,8000,0,8000,8000
062256,聯發科元大9B購08,0,0,0,0,0,0,0,0,0,8000,0,0,0,23000,15000,8000,8000
062637,智易國票9B購01  ,0,0,0,0,0,0,0,0,0,8000,0,0,0,8000,0,8000,8000
062401,信邦永豐9B購01  ,0,0,0,0,0,0,0,0,0,8000,0,0,0,8000,0,8000,8000
056245,嘉澤群益97購01  ,0,0,0,0,0,0,0,0,0,8000,0,0,0,20000,12000,8000,8000
060044,大立光群益99購09,0,0,0,0,0,0,0,0,0,8000,0,0,0,8000,0,8000,8000
060034,立積永豐99購04  ,0,0,0,0,0,0,0,0,0,8000,0,0,0,32000,24000,8000,8000
054246,國巨元大96購12  ,0,0,0,0,0,0,0,0,0,8000,0,0,0,8000,0,8000,8000
052128,聯發科日盛95購03,0,0,0,0,0,0,0,0,0,8000,0,0,0,8000,0,8000,8000
053006,玉晶光永豐96購03,0,0,0,0,0,0,0,0,0,8000,0,0,0,10000,2000,8000,8000
046384,群創凱基98購02  ,0,0,0,0,0,0,0,0,0,8000,0,0,0,90000,82000,8000,8000
045054,聯發科元富98購02,0,0,0,0,0,0,0,0,0,8000,0,0,0,18000,10000,8000,8000
053864,義隆元大96購01  ,0,0,0,0,0,0,0,0,0,8000,0,0,0,8000,0,8000,8000
053178,南亞科統一98購01,0,0,0,0,0,0,0,0,0,8000,0,0,0,8000,0,8000,8000
053339,友達國票97購02  ,0,0,0,0,0,0,0,0,0,8000,0,0,0,8000,0,8000,8000
03434B,臺股指元大99熊10,0,0,0,0,0,0,0,0,0,8000,0,0,0,8000,0,8000,8000
059126,臺指反中信9B購01,0,0,0,0,0,0,0,0,0,8000,0,0,0,15000,7000,8000,8000
058732,矽格永豐99購01  ,0,0,0,0,0,0,0,0,0,8000,0,0,0,53000,45000,8000,8000
059672,滬深2X元富99購06,0,0,0,0,0,0,0,0,0,8000,0,0,0,8000,0,8000,8000
059628,智邦凱基99購04  ,0,0,0,0,0,0,0,0,0,8000,0,0,0,18000,10000,8000,8000
059456,智易永豐99購01  ,0,0,0,0,0,0,0,0,0,8000,0,0,0,10000,2000,8000,8000
057721,華擎元富98購02  ,0,0,0,0,0,0,0,0,0,8000,0,0,0,155000,147000,8000,8000
058915,SGBR2X元富99購01,0,0,0,0,0,0,0,0,0,8000,0,0,0,8000,0,8000,8000
058909,神達元大99購03  ,0,0,0,0,0,0,0,0,0,8000,0,0,0,76000,68000,8000,8000
056668,光磊國票99購01  ,0,0,0,0,0,0,0,0,0,8000,0,0,0,8000,0,8000,8000
057325,可成群益9A購01  ,0,0,0,0,0,0,0,0,0,8000,0,0,0,32000,24000,8000,8000
058385,創意中信99購01  ,0,0,0,0,0,0,0,0,0,8000,0,0,0,13000,5000,8000,8000
060544,國巨凱基9B購03  ,0,0,0,0,0,0,0,0,0,8000,0,0,0,8000,0,8000,8000
060618,玉晶光元大9A購02,0,0,0,0,0,0,0,0,0,8000,0,0,0,8000,0,8000,8000
2069,運錩            ,3000,0,3000,0,0,0,0,0,0,5000,5000,0,5000,0,0,0,8000
2104,國際中橡        ,518000,519000,-1000,0,0,0,0,0,0,9000,3000,0,3000,6000,0,6000,8000
2466,冠西電          ,7000,0,7000,0,0,0,0,0,0,1000,1000,0,1000,0,0,0,8000
2427,三商電          ,8000,3000,5000,0,0,0,0,0,0,3000,3000,0,3000,0,0,0,8000
2387,精元            ,267000,267000,0,0,0,0,0,0,0,8000,5000,0,5000,3000,0,3000,8000
1454,台富            ,9000,1000,8000,0,0,0,0,0,0,0,0,0,0,0,0,0,8000
1503,士電            ,29000,19000,10000,0,0,0,0,0,0,-2000,2000,4000,-2000,0,0,0,8000
1521,大億            ,8000,0,8000,0,0,0,0,0,0,0,0,0,0,0,0,0,8000
3046,建碁            ,8000,0,8000,0,0,0,0,0,0,0,0,0,0,0,0,0,8000
3622,洋華            ,17000,8000,9000,0,0,0,0,0,0,-1000,2000,3000,-1000,0,0,0,8000
4141,龍燈-KY         ,19000,11000,8000,0,0,0,0,0,0,0,0,0,0,0,0,0,8000
2748,雲品            ,9000,1000,8000,0,0,0,0,0,0,0,0,0,0,0,0,0,8000
07761P,智邦永豐9A售03  ,0,0,0,0,0,0,0,0,0,8000,0,0,0,8000,0,8000,8000
07776P,國巨群益9B售02  ,0,0,0,0,0,0,0,0,0,8000,0,0,0,8000,0,8000,8000
07905P,大立光群益9B售04,0,0,0,0,0,0,0,0,0,8000,0,0,0,8000,0,8000,8000
07864P,可成元大9B售01  ,0,0,0,0,0,0,0,0,0,8000,0,0,0,121000,113000,8000,8000
1234,黑松            ,8000,0,8000,0,0,0,0,0,0,0,0,0,0,0,0,0,8000
07385P,緯穎群益99售04  ,0,0,0,0,0,0,0,0,0,8000,0,0,0,10000,2000,8000,8000
07362P,聯發科元大99售35,0,0,0,0,0,0,0,0,0,8000,0,0,0,16000,8000,8000,8000
6581,鋼聯            ,12000,4000,8000,0,0,0,0,0,0,0,0,0,0,0,0,0,8000
8499,鼎炫-KY         ,4000,6000,-2000,0,0,0,10000,0,10000,0,0,0,0,0,0,0,8000
062415,聯茂中信9C購01  ,0,0,0,0,0,0,0,0,0,7000,0,0,0,135000,128000,7000,7000
062567,祥碩中信9C購01  ,0,0,0,0,0,0,0,0,0,7000,0,0,0,355000,348000,7000,7000
062473,同欣電凱基9B購01,0,0,0,0,0,0,0,0,0,7000,0,0,0,40000,33000,7000,7000
061462,國巨群益9A購11  ,0,0,0,0,0,0,0,0,0,7000,0,0,0,7000,0,7000,7000
060425,凌華永豐9A購01  ,0,0,0,0,0,0,0,0,0,7000,0,0,0,30000,23000,7000,7000
060945,緯穎國票9A購02  ,0,0,0,0,0,0,0,0,0,7000,0,0,0,10000,3000,7000,7000
060947,台積電統一9C購03,0,0,0,0,0,0,0,0,0,7000,0,0,0,8000,1000,7000,7000
060837,上銀國票9A購04  ,0,0,0,0,0,0,0,0,0,7000,0,0,0,7000,0,7000,7000
061010,上銀麥證9A購02  ,0,0,0,7000,0,7000,0,0,0,7000,0,0,0,7000,0,7000,7000
061012,國巨麥證9A購03  ,0,0,0,7000,0,7000,0,0,0,7000,0,0,0,7000,0,7000,7000
03039X,元展36          ,0,0,0,0,0,0,0,0,0,7000,0,0,0,7000,0,7000,7000
051325,台光電台新96購01,0,0,0,0,0,0,0,0,0,7000,0,0,0,10000,3000,7000,7000
049759,元黃金富邦9A購01,0,0,0,0,0,0,0,0,0,7000,0,0,0,7000,0,7000,7000
053664,臺股指凱基96購25,0,0,0,0,0,0,0,0,0,7000,0,0,0,7000,0,7000,7000
052787,國巨中信96購02  ,0,0,0,0,0,0,0,0,0,7000,0,0,0,107000,100000,7000,7000
052089,聯發科元大96購02,0,0,0,0,0,0,0,0,0,7000,0,0,0,7000,0,7000,7000
053384,聯發科元大96購13,0,0,0,0,0,0,0,0,0,7000,0,0,0,7000,0,7000,7000
053502,智伸科兆豐97購01,0,0,0,0,0,0,0,0,0,7000,0,0,0,245000,238000,7000,7000
055528,華邦電群益97購01,0,0,0,0,0,0,0,0,0,7000,0,0,0,7000,0,7000,7000
054066,緯穎國票97購03  ,0,0,0,0,0,0,0,0,0,7000,0,0,0,11000,4000,7000,7000
055404,超眾元富97購01  ,0,0,0,0,0,0,0,0,0,7000,0,0,0,120000,113000,7000,7000
052605,聯發科元大96購06,0,0,0,0,0,0,0,0,0,7000,0,0,0,7000,0,7000,7000
054929,群電凱基97購01  ,0,0,0,0,0,0,0,0,0,7000,0,0,0,10000,3000,7000,7000
054351,華新科國泰97購03,0,0,0,0,0,0,0,0,0,7000,0,0,0,164000,157000,7000,7000
056166,微星台新97購01  ,0,0,0,0,0,0,0,0,0,7000,0,0,0,20000,13000,7000,7000
054720,禾伸堂永豐97購01,0,0,0,0,0,0,0,0,0,7000,0,0,0,7000,0,7000,7000
055256,日電貿統一99購01,0,0,0,0,0,0,0,0,0,7000,0,0,0,7000,0,7000,7000
055163,訊芯元大98購01  ,0,0,0,0,0,0,0,0,0,7000,0,0,0,7000,0,7000,7000
056794,上銀麥證98購01  ,0,0,0,7000,0,7000,0,0,0,7000,0,0,0,7000,0,7000,7000
056796,國巨麥證98購02  ,0,0,0,7000,0,7000,0,0,0,7000,0,0,0,7000,0,7000,7000
056612,台積電永豐98購01,0,0,0,0,0,0,0,0,0,7000,0,0,0,7000,0,7000,7000
056504,國巨永豐98購02  ,0,0,0,0,0,0,0,0,0,7000,0,0,0,7000,0,7000,7000
060533,臺股指中信9B購05,0,0,0,0,0,0,0,0,0,7000,0,0,0,7000,0,7000,7000
057251,泰鼎統一98購02  ,0,0,0,0,0,0,0,0,0,7000,0,0,0,7000,0,7000,7000
059373,滬深2X群益01購03,0,0,0,0,0,0,0,0,0,7000,0,0,0,7000,0,7000,7000
059913,台積電元大99購44,0,0,0,0,0,0,0,0,0,7000,0,0,0,10000,3000,7000,7000
056904,大立光元大99購05,0,0,0,0,0,0,0,0,0,7000,0,0,0,12000,5000,7000,7000
05782P,聯詠元富96售02  ,0,0,0,0,0,0,0,0,0,7000,0,0,0,7000,0,7000,7000
059671,滬深2X元富99購05,0,0,0,0,0,0,0,0,0,7000,0,0,0,65000,58000,7000,7000
059782,A50正2元大9C購04,0,0,0,0,0,0,0,0,0,7000,0,0,0,30000,23000,7000,7000
05907P,聯發科元富96售05,0,0,0,0,0,0,0,0,0,7000,0,0,0,30000,23000,7000,7000
912000,晨訊科-DR       ,7000,0,7000,0,0,0,0,0,0,0,0,0,0,0,0,0,7000
4952,凌通            ,20000,16000,4000,0,0,0,0,0,0,3000,3000,0,3000,0,0,0,7000
07693P,群創元大9B售10  ,0,0,0,0,0,0,0,0,0,7000,0,0,0,7000,0,7000,7000
1220,台榮            ,6000,0,6000,0,0,0,0,0,0,1000,7000,6000,1000,0,0,0,7000
2911,麗嬰房          ,6000,1000,5000,0,0,0,0,0,0,2000,2000,0,2000,0,0,0,7000
2506,太設            ,7000,0,7000,0,0,0,0,0,0,0,0,0,0,0,0,0,7000
1721,三晃            ,8000,5000,3000,0,0,0,0,0,0,4000,4000,0,4000,0,0,0,7000
2002A,中鋼特          ,0,0,0,0,0,0,0,0,0,7000,7000,0,7000,0,0,0,7000
2032,新鋼            ,8000,1000,7000,0,0,0,0,0,0,0,0,0,0,0,0,0,7000
060729,國巨群益9A購05  ,0,0,0,0,0,0,0,0,0,6000,0,0,0,6000,0,6000,6000
060876,國巨中信9A購04  ,0,0,0,0,0,0,0,0,0,6000,0,0,0,16000,10000,6000,6000
061542,旺宏群益9A購04  ,0,0,0,0,0,0,0,0,0,6000,0,0,0,6000,0,6000,6000
061474,瑞昱元大9A購04  ,0,0,0,0,0,0,0,0,0,6000,0,0,0,191000,185000,6000,6000
061500,京鼎國票9B購01  ,0,0,0,0,0,0,0,0,0,6000,0,0,0,6000,0,6000,6000
061665,旺宏中信9C購01  ,0,0,0,0,0,0,0,0,0,6000,0,0,0,21000,15000,6000,6000
062369,創意元大9B購01  ,0,0,0,0,0,0,0,0,0,6000,0,0,0,24000,18000,6000,6000
062150,南六國票9B購01  ,0,0,0,0,0,0,0,0,0,6000,0,0,0,6000,0,6000,6000
062077,聯發科元大9B購04,0,0,0,0,0,0,0,0,0,6000,0,0,0,21000,15000,6000,6000
062115,臺股指國票9B購09,0,0,0,0,0,0,0,0,0,6000,0,0,0,10000,4000,6000,6000
06554P,臺股指元大99售06,0,0,0,0,0,0,0,0,0,6000,0,0,0,20000,14000,6000,6000
06475P,牧德永豐98售03  ,0,0,0,0,0,0,0,0,0,6000,0,0,0,6000,0,6000,6000
06417P,台積電兆豐97售03,0,0,0,0,0,0,0,0,0,6000,0,0,0,6000,0,6000,6000
06378P,國巨統一97售08  ,0,0,0,0,0,0,0,0,0,6000,0,0,0,6000,0,6000,6000
06397P,T50反1凱基9A售03,0,0,0,0,0,0,0,0,0,6000,0,0,0,6000,0,6000,6000
07197P,臺股指元大99售13,0,0,0,0,0,0,0,0,0,6000,0,0,0,30000,24000,6000,6000
06779P,智邦元大98售12  ,0,0,0,0,0,0,0,0,0,6000,0,0,0,6000,0,6000,6000
060012,電子類群益99購02,0,0,0,0,0,0,0,0,0,6000,0,0,0,6000,0,6000,6000
060059,鴻海兆豐99購06  ,0,0,0,0,0,0,0,0,0,6000,0,0,0,6000,0,6000,6000
054542,台表科國票98購01,0,0,0,0,0,0,0,0,0,6000,0,0,0,6000,0,6000,6000
054957,興富發元大97購01,0,0,0,0,0,0,0,0,0,6000,0,0,0,6000,0,6000,6000
054843,中環兆豐97購01  ,0,0,0,0,0,0,0,0,0,6000,0,0,0,6000,0,6000,6000
055700,緯穎國泰98購02  ,0,0,0,0,0,0,0,0,0,6000,0,0,0,6000,0,6000,6000
055588,瑞昱元大97購03  ,0,0,0,0,0,0,0,0,0,6000,0,0,0,6000,0,6000,6000
051543,鈺齊國票96購01  ,0,0,0,0,0,0,0,0,0,6000,0,0,0,6000,0,6000,6000
053432,世紀鋼永豐96購02,0,0,0,0,0,0,0,0,0,6000,0,0,0,6000,0,6000,6000
052893,聯電群益98購01  ,0,0,0,0,0,0,0,0,0,6000,0,0,0,35000,29000,6000,6000
053197,超眾元富96購02  ,0,0,0,0,0,0,0,0,0,6000,0,0,0,6000,0,6000,6000
053894,創意群益96購01  ,0,0,0,0,0,0,0,0,0,6000,0,0,0,71000,65000,6000,6000
051158,嘉晶富邦96購01  ,0,0,0,0,0,0,0,0,0,6000,0,0,0,6000,0,6000,6000
05011P,南電國泰96售01  ,0,0,0,0,0,0,0,0,0,6000,0,0,0,6000,0,6000,6000
059145,創意國票99購02  ,0,0,0,0,0,0,0,0,0,6000,0,0,0,6000,0,6000,6000
05865P,大立光元大96售09,0,0,0,0,0,0,0,0,0,6000,0,0,0,21000,15000,6000,6000
059784,台光電元大9A購01,0,0,0,0,0,0,0,0,0,6000,0,0,0,30000,24000,6000,6000
059616,滬深2X群益01購04,0,0,0,0,0,0,0,0,0,6000,0,0,0,6000,0,6000,6000
059544,創意亞東99購01  ,0,0,0,0,0,0,0,0,0,6000,0,0,0,6000,0,6000,6000
057812,友達元大9A購05  ,0,0,0,0,0,0,0,0,0,6000,0,0,0,106000,100000,6000,6000
057566,欣興富邦99購01  ,0,0,0,0,0,0,0,0,0,6000,0,0,0,6000,0,6000,6000
058317,國巨永豐99購02  ,0,0,0,0,0,0,0,0,0,6000,0,0,0,6000,0,6000,6000
056675,聯發科元富02購01,0,0,0,0,0,0,0,0,0,6000,0,0,0,6000,0,6000,6000
059829,超眾凱基99購05  ,0,0,0,0,0,0,0,0,0,6000,0,0,0,26000,20000,6000,6000
058159,健策台新9A購01  ,0,0,0,0,0,0,0,0,0,6000,0,0,0,10000,4000,6000,6000
059850,日電貿永豐99購01,0,0,0,0,0,0,0,0,0,6000,0,0,0,21000,15000,6000,6000
059940,微星永豐99購01  ,0,0,0,0,0,0,0,0,0,6000,0,0,0,80000,74000,6000,6000
058227,台灣50元大9C購01,0,0,0,0,0,0,0,0,0,6000,0,0,0,6000,0,6000,6000
06050P,玉晶光國票98售01,0,0,0,0,0,0,0,0,0,6000,0,0,0,131000,125000,6000,6000
060391,華擎群益9C購01  ,0,0,0,0,0,0,0,0,0,6000,0,0,0,15000,9000,6000,6000
060595,台灣50凱基04購04,0,0,0,0,0,0,0,0,0,6000,0,0,0,120000,114000,6000,6000
060559,世紀鋼凱基9C購01,0,0,0,0,0,0,0,0,0,6000,0,0,0,6000,0,6000,6000
058451,智邦永豐9A購01  ,0,0,0,0,0,0,0,0,0,6000,0,0,0,6000,0,6000,6000
05740P,宏達電元富96售01,0,0,0,0,0,0,0,0,0,6000,0,0,0,6000,0,6000,6000
057368,微星元大98購02  ,0,0,0,0,0,0,0,0,0,6000,0,0,0,11000,5000,6000,6000
060165,上緯控永豐9A購01,0,0,0,0,0,0,0,0,0,6000,0,0,0,6000,0,6000,6000
1463,強盛            ,4000,0,4000,0,0,0,0,0,0,2000,2000,0,2000,0,0,0,6000
1525,江申            ,9000,0,9000,0,0,0,0,0,0,-3000,0,3000,-3000,0,0,0,6000
1537,廣隆            ,27000,21000,6000,0,0,0,0,0,0,0,0,0,0,0,0,0,6000
1506,正道            ,11000,5000,6000,0,0,0,0,0,0,0,0,0,0,0,0,0,6000
2528,皇普            ,8000,2000,6000,0,0,0,0,0,0,0,0,0,0,0,0,0,6000
3058,立德            ,12000,10000,2000,0,0,0,0,0,0,4000,4000,0,4000,0,0,0,6000
1323,永裕            ,28000,14000,14000,0,0,0,0,0,0,-8000,2000,10000,-8000,0,0,0,6000
07900P,臺股指凱基9B售03,0,0,0,0,0,0,0,0,0,6000,0,0,0,7000,1000,6000,6000
07811P,華新科統一9A售02,0,0,0,0,0,0,0,0,0,6000,0,0,0,7000,1000,6000,6000
07400P,國巨凱基99售20  ,0,0,0,0,0,0,0,0,0,6000,0,0,0,6000,0,6000,6000
07459P,緯穎元大9A售01  ,0,0,0,0,0,0,0,0,0,6000,0,0,0,644000,638000,6000,6000
07270P,台灣50元大01售09,0,0,0,0,0,0,0,0,0,6000,0,0,0,10000,4000,6000,6000
8411,福貞-KY         ,4000,1000,3000,0,0,0,0,0,0,3000,3000,0,3000,0,0,0,6000
06825P,臺股指國票98售01,0,0,0,0,0,0,0,0,0,5000,0,0,0,5000,0,5000,5000
06809P,電子類群益98售03,0,0,0,0,0,0,0,0,0,5000,0,0,0,10000,5000,5000,5000
06813P,友訊元富98售03  ,0,0,0,0,0,0,0,0,0,5000,0,0,0,5000,0,5000,5000
06929P,鴻海元大99售11  ,0,0,0,0,0,0,0,0,0,5000,0,0,0,5000,0,5000,5000
07216P,大立光凱基99售08,0,0,0,0,0,0,0,0,0,5000,0,0,0,22000,17000,5000,5000
07010P,T50正2凱基9C售01,0,0,0,0,0,0,0,0,0,5000,0,0,0,6000,1000,5000,5000
06468P,華新科統一98售02,0,0,0,0,0,0,0,0,0,5000,0,0,0,5000,0,5000,5000
06552P,茂林元大99售02  ,0,0,0,0,0,0,0,0,0,5000,0,0,0,5000,0,5000,5000
06534P,聯發科群益98售04,0,0,0,0,0,0,0,0,0,5000,0,0,0,12000,7000,5000,5000
06543P,鴻海元大98售08  ,0,0,0,0,0,0,0,0,0,5000,0,0,0,322000,317000,5000,5000
062038,鴻海凱基9B購05  ,0,0,0,0,0,0,0,0,0,5000,0,0,0,12000,7000,5000,5000
062508,臺股指群益9B購03,0,0,0,0,0,0,0,0,0,5000,0,0,0,5000,0,5000,5000
062590,亞光統一9B購01  ,0,0,0,0,0,0,0,0,0,5000,0,0,0,99000,94000,5000,5000
061655,微星國票9A購01  ,0,0,0,0,0,0,0,0,0,5000,0,0,0,5000,0,5000,5000
060875,華通中信02購01  ,0,0,0,0,0,0,0,0,0,5000,0,0,0,10000,5000,5000,5000
060981,旺宏元大9A購08  ,0,0,0,0,0,0,0,0,0,5000,0,0,0,30000,25000,5000,5000
060420,神基永豐9A購01  ,0,0,0,0,0,0,0,0,0,5000,0,0,0,5000,0,5000,5000
060794,景碩永豐9A購02  ,0,0,0,0,0,0,0,0,0,5000,0,0,0,10000,5000,5000,5000
061015,旺宏麥證9A購03  ,0,0,0,19000,14000,5000,0,0,0,5000,0,0,0,19000,14000,5000,5000
061075,亞德客兆豐9A購01,0,0,0,0,0,0,0,0,0,5000,0,0,0,5000,0,5000,5000
061235,台積電元大9A購23,0,0,0,0,0,0,0,0,0,5000,0,0,0,5000,0,5000,5000
061246,玉晶光群益9A購08,0,0,0,0,0,0,0,0,0,5000,0,0,0,22000,17000,5000,5000
051001,緯穎元大96購02  ,0,0,0,0,0,0,0,0,0,5000,0,0,0,5000,0,5000,5000
053363,旺宏國泰98購02  ,0,0,0,0,0,0,0,0,0,5000,0,0,0,5000,0,5000,5000
042168,台灣50凱基96購01,0,0,0,0,0,0,0,0,0,5000,0,0,0,6000,1000,5000,5000
00743,國泰中國A150    ,0,0,0,0,0,0,0,0,0,5000,0,0,0,5000,0,5000,5000
00733,富邦臺灣中小    ,0,0,0,0,0,0,0,0,0,5000,0,0,0,223000,218000,5000,5000
052897,緯創群益96購03  ,0,0,0,0,0,0,0,0,0,5000,0,0,0,5000,0,5000,5000
052871,群創凱基98購07  ,0,0,0,0,0,0,0,0,0,5000,0,0,0,5000,0,5000,5000
052733,台郡國泰97購01  ,0,0,0,0,0,0,0,0,0,5000,0,0,0,5000,0,5000,5000
052753,電子類元大96購02,0,0,0,0,0,0,0,0,0,5000,0,0,0,5000,0,5000,5000
053003,國巨永豐96購02  ,0,0,0,0,0,0,0,0,0,5000,0,0,0,15000,10000,5000,5000
052998,拓凱康和96購01  ,0,0,0,0,0,0,0,0,0,5000,0,0,0,5000,0,5000,5000
052522,聯發科元大96購05,0,0,0,0,0,0,0,0,0,5000,0,0,0,5000,0,5000,5000
05242P,群創國泰97售01  ,0,0,0,0,0,0,0,0,0,5000,0,0,0,60000,55000,5000,5000
051575,國巨元大96購03  ,0,0,0,0,0,0,0,0,0,5000,0,0,0,5000,0,5000,5000
051752,緯穎富邦96購01  ,0,0,0,0,0,0,0,0,0,5000,0,0,0,5000,0,5000,5000
051973,華新科凱基96購04,0,0,0,0,0,0,0,0,0,5000,0,0,0,5000,0,5000,5000
051939,同欣電群益97購01,0,0,0,0,0,0,0,0,0,5000,0,0,0,5000,0,5000,5000
054048,國泰金元大96購04,0,0,0,0,0,0,0,0,0,5000,0,0,0,5000,0,5000,5000
055421,玉晶光永豐98購04,0,0,0,0,0,0,0,0,0,5000,0,0,0,5000,0,5000,5000
055449,超眾統一9A購01  ,0,0,0,0,0,0,0,0,0,5000,0,0,0,33000,28000,5000,5000
054858,台肥群益97購01  ,0,0,0,0,0,0,0,0,0,5000,0,0,0,5000,0,5000,5000
054320,國喬台新96購01  ,0,0,0,0,0,0,0,0,0,5000,0,0,0,5000,0,5000,5000
055775,友達凱基9A購01  ,0,0,0,0,0,0,0,0,0,5000,0,0,0,10000,5000,5000,5000
054140,智易元大97購03  ,0,0,0,0,0,0,0,0,0,5000,0,0,0,5000,0,5000,5000
054192,國巨中信98購01  ,0,0,0,0,0,0,0,0,0,5000,0,0,0,5000,0,5000,5000
055994,聯發科國泰99購02,0,0,0,0,0,0,0,0,0,5000,0,0,0,29000,24000,5000,5000
055296,康舒元大97購02  ,0,0,0,0,0,0,0,0,0,5000,0,0,0,5000,0,5000,5000
060074,台積電元富99購04,0,0,0,0,0,0,0,0,0,5000,0,0,0,5000,0,5000,5000
060095,聯發科元大99購42,0,0,0,0,0,0,0,0,0,5000,0,0,0,20000,15000,5000,5000
059968,世紀鋼凱基99購03,0,0,0,0,0,0,0,0,0,5000,0,0,0,10000,5000,5000,5000
057873,義隆元大98購03  ,0,0,0,0,0,0,0,0,0,5000,0,0,0,5000,0,5000,5000
057882,華通群益9A購03  ,0,0,0,0,0,0,0,0,0,5000,0,0,0,5000,0,5000,5000
056460,同欣電凱基99購01,0,0,0,0,0,0,0,0,0,5000,0,0,0,5000,0,5000,5000
054624,台積電凱基98購03,0,0,0,0,0,0,0,0,0,5000,0,0,0,5000,0,5000,5000
059952,旺宏康和99購01  ,0,0,0,0,0,0,0,0,0,5000,0,0,0,5000,0,5000,5000
056333,台積電日盛9B購01,0,0,0,0,0,0,0,0,0,5000,0,0,0,5000,0,5000,5000
058502,鴻海元大99購13  ,0,0,0,0,0,0,0,0,0,5000,0,0,0,60000,55000,5000,5000
058423,臺股指麥證99購01,0,0,0,5000,0,5000,0,0,0,5000,0,0,0,5000,0,5000,5000
060608,玉晶光凱基9A購08,0,0,0,0,0,0,0,0,0,5000,0,0,0,15000,10000,5000,5000
060667,力成凱基9A購01  ,0,0,0,0,0,0,0,0,0,5000,0,0,0,105000,100000,5000,5000
060349,上証2X元富9A購04,0,0,0,0,0,0,0,0,0,5000,0,0,0,35000,30000,5000,5000
060249,正文元大9C購01  ,0,0,0,0,0,0,0,0,0,5000,0,0,0,5000,0,5000,5000
058268,泰碩永豐9A購01  ,0,0,0,0,0,0,0,0,0,5000,0,0,0,25000,20000,5000,5000
058223,世芯統一9B購01  ,0,0,0,0,0,0,0,0,0,5000,0,0,0,5000,0,5000,5000
057074,立積永豐98購01  ,0,0,0,0,0,0,0,0,0,5000,0,0,0,5000,0,5000,5000
059814,SP黃豆凱基9A購02,0,0,0,0,0,0,0,0,0,5000,0,0,0,10000,5000,5000,5000
059287,華通元富99購03  ,0,0,0,0,0,0,0,0,0,5000,0,0,0,15000,10000,5000,5000
059416,T50反1元大99購08,0,0,0,0,0,0,0,0,0,5000,0,0,0,5000,0,5000,5000
057273,智邦元大98購05  ,0,0,0,0,0,0,0,0,0,5000,0,0,0,28000,23000,5000,5000
057230,建準凱基98購02  ,0,0,0,0,0,0,0,0,0,5000,0,0,0,37000,32000,5000,5000
056631,臺股指永豐98購03,0,0,0,0,0,0,0,0,0,5000,0,0,0,5000,0,5000,5000
057176,全新元大99購02  ,0,0,0,0,0,0,0,0,0,5000,0,0,0,10000,5000,5000,5000
059316,國巨元大99購23  ,0,0,0,0,0,0,0,0,0,5000,0,0,0,5000,0,5000,5000
057827,康友元大98購03  ,0,0,0,0,0,0,0,0,0,5000,0,0,0,5000,0,5000,5000
058109,台灣50元富9B購01,0,0,0,0,0,0,0,0,0,5000,0,0,0,5000,0,5000,5000
059052,為升凱基99購01  ,0,0,0,0,0,0,0,0,0,5000,0,0,0,5000,0,5000,5000
056856,華通群益9A購01  ,0,0,0,0,0,0,0,0,0,5000,0,0,0,6000,1000,5000,5000
058960,臺股指國票99購05,0,0,0,0,0,0,0,0,0,5000,0,0,0,5000,0,5000,5000
059896,T50反1元大99購13,0,0,0,0,0,0,0,0,0,5000,0,0,0,5000,0,5000,5000
058948,道瓊銀群益9C購01,0,0,0,0,0,0,0,0,0,5000,0,0,0,5000,0,5000,5000
058874,聯鈞國票9A購01  ,0,0,0,0,0,0,0,0,0,5000,0,0,0,7000,2000,5000,5000
059591,台積電元大9A購04,0,0,0,0,0,0,0,0,0,5000,0,0,0,5000,0,5000,5000
059493,國巨國票9B購01  ,0,0,0,0,0,0,0,0,0,5000,0,0,0,5000,0,5000,5000
057004,滬深反中信9A購01,0,0,0,0,0,0,0,0,0,5000,0,0,0,5000,0,5000,5000
059706,嘉晶凱基99購01  ,0,0,0,0,0,0,0,0,0,5000,0,0,0,9000,4000,5000,5000
058593,大立光統一9B購02,0,0,0,0,0,0,0,0,0,5000,0,0,0,5000,0,5000,5000
058607,聯發科元大99購14,0,0,0,0,0,0,0,0,0,5000,0,0,0,5000,0,5000,5000
058557,健策第一01購01  ,0,0,0,0,0,0,0,0,0,5000,0,0,0,50000,45000,5000,5000
058708,臺股指元大9A購21,0,0,0,0,0,0,0,0,0,5000,0,0,0,5000,0,5000,5000
058785,臺股指國票99購04,0,0,0,0,0,0,0,0,0,5000,0,0,0,5000,0,5000,5000
058789,喬山元大99購02  ,0,0,0,0,0,0,0,0,0,5000,0,0,0,5000,0,5000,5000
8222,寶一            ,5000,1000,4000,0,0,0,0,0,0,1000,1000,0,1000,0,0,0,5000
8101,華冠            ,5000,0,5000,0,0,0,0,0,0,0,0,0,0,0,0,0,5000
4976,佳凌            ,28000,25000,3000,0,0,0,0,0,0,2000,2000,0,2000,0,0,0,5000
6152,百一            ,5000,0,5000,0,0,0,0,0,0,0,0,0,0,0,0,0,5000
07239P,台灣50國票9A售04,0,0,0,0,0,0,0,0,0,5000,0,0,0,5000,0,5000,5000
07241P,台灣50國票9A售05,0,0,0,0,0,0,0,0,0,5000,0,0,0,20000,15000,5000,5000
07293P,臺股指凱基99售45,0,0,0,0,0,0,0,0,0,5000,0,0,0,5000,0,5000,5000
07285P,上証2X群益01售02,0,0,0,0,0,0,0,0,0,5000,0,0,0,5000,0,5000,5000
07629P,臺股指凱基9A售10,0,0,0,0,0,0,0,0,0,5000,0,0,0,5000,0,5000,5000
07519P,臺股指元大9B售10,0,0,0,0,0,0,0,0,0,5000,0,0,0,5000,0,5000,5000
07745P,華新科凱基9A售10,0,0,0,0,0,0,0,0,0,5000,0,0,0,70000,65000,5000,5000
3013,晟銘電          ,5000,2000,3000,0,0,0,0,0,0,2000,2000,0,2000,0,0,0,5000
2838A,聯邦銀甲特      ,5000,0,5000,0,0,0,0,0,0,0,0,0,0,0,0,0,5000
1456,怡華            ,5000,0,5000,0,0,0,0,0,0,0,0,0,0,0,0,0,5000
1452,宏益            ,3000,0,3000,0,0,0,0,0,0,2000,2000,0,2000,0,0,0,5000
1445,大宇            ,3000,0,3000,0,0,0,0,0,0,2000,2000,0,2000,0,0,0,5000
1603,華電            ,5000,0,5000,0,0,0,0,0,0,0,0,0,0,0,0,0,5000
2028,威致            ,8000,3000,5000,0,0,0,0,0,0,0,0,0,0,0,0,0,5000
2397,友通            ,5000,1000,4000,0,0,0,0,0,0,1000,1000,0,1000,0,0,0,5000
1256,鮮活果汁-KY     ,9000,5100,3900,0,0,0,0,0,0,1000,1000,0,1000,0,0,0,4900
061255,道瓊反凱基9C購01,0,0,0,0,0,0,0,0,0,4000,0,0,0,6000,2000,4000,4000
060810,滬深2X凱基9B購03,0,0,0,0,0,0,0,0,0,4000,0,0,0,4000,0,4000,4000
060839,聯發科國票9A購02,0,0,0,0,0,0,0,0,0,4000,0,0,0,4000,0,4000,4000
060753,上銀元大9A購05  ,0,0,0,0,0,0,0,0,0,4000,0,0,0,4000,0,4000,4000
060771,滬深2X凱基9B購02,0,0,0,0,0,0,0,0,0,4000,0,0,0,4000,0,4000,4000
060920,超眾富邦9B購01  ,0,0,0,0,0,0,0,0,0,4000,0,0,0,166000,162000,4000,4000
061530,智邦台新9A購02  ,0,0,0,0,0,0,0,0,0,4000,0,0,0,10000,6000,4000,4000
062503,玉晶光群益01購03,0,0,0,0,0,0,0,0,0,4000,0,0,0,8000,4000,4000,4000
06243P,亞光元富97售01  ,0,0,0,0,0,0,0,0,0,4000,0,0,0,4000,0,4000,4000
062184,奇鋐元大9B購02  ,0,0,0,0,0,0,0,0,0,4000,0,0,0,14000,10000,4000,4000
062281,奇鋐群益9B購01  ,0,0,0,0,0,0,0,0,0,4000,0,0,0,4000,0,4000,4000
062285,台勝科群益9B購01,0,0,0,0,0,0,0,0,0,4000,0,0,0,20000,16000,4000,4000
06516P,國巨凱基98售08  ,0,0,0,0,0,0,0,0,0,4000,0,0,0,4000,0,4000,4000
06634P,欣興國票98售02  ,0,0,0,0,0,0,0,0,0,4000,0,0,0,4000,0,4000,4000
06273P,台表科凱基97售04,0,0,0,0,0,0,0,0,0,4000,0,0,0,5000,1000,4000,4000
07057P,大立光康和9B售02,0,0,0,0,0,0,0,0,0,4000,0,0,0,4000,0,4000,4000
07146P,瑞昱元大99售02  ,0,0,0,0,0,0,0,0,0,4000,0,0,0,4000,0,4000,4000
06787P,臺股指元大98售04,0,0,0,0,0,0,0,0,0,4000,0,0,0,4000,0,4000,4000
05642P,玉晶光兆豐97售02,0,0,0,0,0,0,0,0,0,4000,0,0,0,4000,0,4000,4000
056406,建準國票99購01  ,0,0,0,0,0,0,0,0,0,4000,0,0,0,4000,0,4000,4000
06013P,世芯國泰97售03  ,0,0,0,0,0,0,0,0,0,4000,0,0,0,194000,190000,4000,4000
060143,台積電國票9B購03,0,0,0,0,0,0,0,0,0,4000,0,0,0,4000,0,4000,4000
055300,緯穎元大98購01  ,0,0,0,0,0,0,0,0,0,4000,0,0,0,4000,0,4000,4000
055830,上銀元大97購07  ,0,0,0,0,0,0,0,0,0,4000,0,0,0,22000,18000,4000,4000
054352,世芯國泰98購01  ,0,0,0,0,0,0,0,0,0,4000,0,0,0,20000,16000,4000,4000
053973,晶豪科元大96購01,0,0,0,0,0,0,0,0,0,4000,0,0,0,14000,10000,4000,4000
052789,台積電麥證96購01,0,0,0,0,80000,-80000,0,0,0,4000,0,0,0,84000,80000,4000,4000
052317,台積電元大96購11,0,0,0,0,0,0,0,0,0,4000,0,0,0,4000,0,4000,4000
050261,國巨元大95購04  ,0,0,0,0,0,0,0,0,0,4000,0,0,0,4000,0,4000,4000
00684R,元大美元指數反1 ,0,0,0,0,0,0,0,0,0,4000,0,0,0,5000,1000,4000,4000
05071P,鴻海統一96售05  ,0,0,0,0,0,0,0,0,0,4000,0,0,0,4000,0,4000,4000
050543,聯發科凱基95購01,0,0,0,0,0,0,0,0,0,4000,0,0,0,4000,0,4000,4000
04606P,高股息中信96售01,0,0,0,0,0,0,0,0,0,4000,0,0,0,4000,0,4000,4000
059177,臺股指凱基99購28,0,0,0,0,0,0,0,0,0,4000,0,0,0,4000,0,4000,4000
058831,茂林永豐99購01  ,0,0,0,0,0,0,0,0,0,4000,0,0,0,5000,1000,4000,4000
05875P,旺宏群益98售01  ,0,0,0,0,0,0,0,0,0,4000,0,0,0,4000,0,4000,4000
058631,鈺齊國票9A購01  ,0,0,0,0,0,0,0,0,0,4000,0,0,0,4000,0,4000,4000
056978,技嘉群益99購01  ,0,0,0,0,0,0,0,0,0,4000,0,0,0,28000,24000,4000,4000
05960P,欣興統一96售01  ,0,0,0,0,0,0,0,0,0,4000,0,0,0,4000,0,4000,4000
056812,泰鼎統一98購01  ,0,0,0,0,0,0,0,0,0,4000,0,0,0,4000,0,4000,4000
057766,矽力凱基98購03  ,0,0,0,0,0,0,0,0,0,4000,0,0,0,4000,0,4000,4000
057696,聯電群益9A購01  ,0,0,0,0,0,0,0,0,0,4000,0,0,0,4000,0,4000,4000
059338,滬深2X凱基9C購02,0,0,0,0,0,0,0,0,0,4000,0,0,0,4000,0,4000,4000
059353,滬深2X富邦9A購02,0,0,0,0,0,0,0,0,0,4000,0,0,0,4000,0,4000,4000
057306,玉晶光兆豐99購01,0,0,0,0,0,0,0,0,0,4000,0,0,0,4000,0,4000,4000
059284,緯穎永豐99購03  ,0,0,0,0,0,0,0,0,0,4000,0,0,0,4000,0,4000,4000
057027,祥碩凱基98購01  ,0,0,0,0,0,0,0,0,0,4000,0,0,0,23000,19000,4000,4000
059239,台積電凱基99購12,0,0,0,0,0,0,0,0,0,4000,0,0,0,5000,1000,4000,4000
057066,緯穎富邦99購01  ,0,0,0,0,0,0,0,0,0,4000,0,0,0,4000,0,4000,4000
059847,喬山永豐99購01  ,0,0,0,0,0,0,0,0,0,4000,0,0,0,4000,0,4000,4000
058455,玉晶光永豐99購03,0,0,0,0,0,0,0,0,0,4000,0,0,0,4000,0,4000,4000
058488,華擎國票9A購01  ,0,0,0,0,0,0,0,0,0,4000,0,0,0,10000,6000,4000,4000
057503,世紀鋼群益98購02,0,0,0,0,0,0,0,0,0,4000,0,0,0,4000,0,4000,4000
060295,貿聯元大9A購03  ,0,0,0,0,0,0,0,0,0,4000,0,0,0,26000,22000,4000,4000
1419,新紡            ,8000,4000,4000,0,0,0,0,0,0,0,0,0,0,0,0,0,4000
07724P,臺股指凱基9A售16,0,0,0,0,0,0,0,0,0,4000,0,0,0,4000,0,4000,4000
07815P,美律群益9A售04  ,0,0,0,0,0,0,0,0,0,4000,0,0,0,4000,0,4000,4000
07414P,台積電元大99售51,0,0,0,0,0,0,0,0,0,4000,0,0,0,4000,0,4000,4000
1539,巨庭            ,2000,0,2000,0,0,0,0,0,0,2000,2000,0,2000,0,0,0,4000
1726,永記            ,4000,0,4000,0,0,0,0,0,0,0,0,0,0,0,0,0,4000
1723,中碳            ,115000,113000,2000,0,0,0,0,0,0,2000,2000,0,2000,0,0,0,4000
2706,第一店          ,7000,3000,4000,0,0,0,0,0,0,0,0,0,0,0,0,0,4000
3002,歐格            ,2000,0,2000,0,0,0,0,0,0,2000,2000,0,2000,0,0,0,4000
2477,美隆電          ,3000,5000,-2000,0,0,0,0,0,0,6000,6000,0,6000,0,0,0,4000
2468,華經            ,4000,0,4000,0,0,0,0,0,0,0,0,0,0,0,0,0,4000
3055,蔚華科          ,1000,0,1000,0,0,0,0,0,0,3000,3000,0,3000,0,0,0,4000
3494,誠研            ,7000,3000,4000,0,0,0,0,0,0,0,0,0,0,0,0,0,4000
4755,三福化          ,2000,0,2000,0,0,0,0,0,0,2000,2000,0,2000,0,0,0,4000
6525,捷敏-KY         ,17000,14000,3000,0,0,0,0,0,0,1000,1000,0,1000,0,0,0,4000
9906,欣巴巴          ,4000,0,4000,0,0,0,0,0,0,0,0,0,0,0,0,0,4000
9927,泰銘            ,7000,3000,4000,0,0,0,0,0,0,0,0,0,0,0,0,0,4000
3023,信邦            ,680000,592943,87057,0,0,0,0,0,0,-84000,6000,7000,-1000,0,83000,-83000,3057
06821P,臺股指元富98售10,0,0,0,0,0,0,0,0,0,3000,0,0,0,3000,0,3000,3000
06911P,鴻海元大99售09  ,0,0,0,0,0,0,0,0,0,3000,0,0,0,127000,124000,3000,3000
07139P,元油2X群益9C售06,0,0,0,0,0,0,0,0,0,3000,0,0,0,10000,7000,3000,3000
07130P,台郡元大9B售01  ,0,0,0,0,0,0,0,0,0,3000,0,0,0,122000,119000,3000,3000
07187P,臺股指台新99售10,0,0,0,0,0,0,0,0,0,3000,0,0,0,3000,0,3000,3000
06268P,聯詠凱基97售02  ,0,0,0,0,0,0,0,0,0,3000,0,0,0,3000,0,3000,3000
06638P,鴻海統一99售02  ,0,0,0,0,0,0,0,0,0,3000,0,0,0,23000,20000,3000,3000
06624P,訊芯元大98售06  ,0,0,0,0,0,0,0,0,0,3000,0,0,0,28000,25000,3000,3000
062211,玉晶光台新9B購01,0,0,0,0,0,0,0,0,0,3000,0,0,0,3000,0,3000,3000
062485,華通國泰01購01  ,0,0,0,0,0,0,0,0,0,3000,0,0,0,10000,7000,3000,3000
062643,緯穎國票9B購01  ,0,0,0,0,0,0,0,0,0,3000,0,0,0,7000,4000,3000,3000
06148P,台積電元大97售17,0,0,0,0,0,0,0,0,0,3000,0,0,0,3000,0,3000,3000
06133P,帆宣元富97售02  ,0,0,0,0,0,0,0,0,0,3000,0,0,0,3000,0,3000,3000
061725,國巨麥證9A購05  ,0,0,0,3000,0,3000,0,0,0,3000,0,0,0,3000,0,3000,3000
060866,世芯永豐9B購01  ,0,0,0,0,0,0,0,0,0,3000,0,0,0,3000,0,3000,3000
06094P,台達電中信97售01,0,0,0,0,0,0,0,0,0,3000,0,0,0,3000,0,3000,3000
060769,國巨麥證9A購02  ,0,0,0,3000,0,3000,0,0,0,3000,0,0,0,3000,0,3000,3000
060846,欣興國票9A購02  ,0,0,0,0,0,0,0,0,0,3000,0,0,0,44000,41000,3000,3000
060836,上銀國票9A購03  ,0,0,0,0,0,0,0,0,0,3000,0,0,0,3000,0,3000,3000
061272,超眾凱基9A購03  ,0,0,0,0,0,0,0,0,0,3000,0,0,0,3000,0,3000,3000
061144,玉晶光中信9B購02,0,0,0,0,0,0,0,0,0,3000,0,0,0,3000,0,3000,3000
061125,億光永豐9A購01  ,0,0,0,0,0,0,0,0,0,3000,0,0,0,30000,27000,3000,3000
061091,奇力新統一9C購02,0,0,0,0,0,0,0,0,0,3000,0,0,0,19000,16000,3000,3000
048248,聯發科兆豐95購01,0,0,0,0,0,0,0,0,0,3000,0,0,0,3000,0,3000,3000
03647C,T50反1元富99牛02,0,0,0,0,0,0,0,0,0,3000,0,0,0,3000,0,3000,3000
03679C,臺股指元大04牛04,0,0,0,0,0,0,0,0,0,3000,0,0,0,52000,49000,3000,3000
00688L,國泰20年美債正2 ,0,0,0,0,0,0,0,0,0,3000,0,0,0,105000,102000,3000,3000
03029X,元展26          ,0,0,0,0,0,0,0,0,0,3000,0,0,0,3000,0,3000,3000
052296,TPK國票96購01   ,0,0,0,0,0,0,0,0,0,3000,0,0,0,3000,0,3000,3000
053376,鴻海元大96購19  ,0,0,0,0,0,0,0,0,0,3000,0,0,0,3000,0,3000,3000
055521,S&P反1群益01購01,0,0,0,0,0,0,0,0,0,3000,0,0,0,8000,5000,3000,3000
055553,聯發科凱基97購05,0,0,0,0,0,0,0,0,0,3000,0,0,0,3000,0,3000,3000
055738,玉山金元富97購01,0,0,0,0,0,0,0,0,0,3000,0,0,0,3000,0,3000,3000
05544P,台表科元富96售01,0,0,0,0,0,0,0,0,0,3000,0,0,0,3000,0,3000,3000
055398,超眾統一97購03  ,0,0,0,0,0,0,0,0,0,3000,0,0,0,43000,40000,3000,3000
053064,國巨群益96購04  ,0,0,0,0,0,0,0,0,0,3000,0,0,0,20000,17000,3000,3000
053122,美律凱基98購01  ,0,0,0,0,0,0,0,0,0,3000,0,0,0,3000,0,3000,3000
053130,聯發科麥證96購01,0,0,0,3000,0,3000,0,0,0,3000,0,0,0,3000,0,3000,3000
053097,超眾統一96購03  ,0,0,0,0,0,0,0,0,0,3000,0,0,0,42000,39000,3000,3000
05495P,大立光統一95售07,0,0,0,0,0,0,0,0,0,3000,0,0,0,3000,0,3000,3000
054961,玉晶光元大99購01,0,0,0,0,0,0,0,0,0,3000,0,0,0,3000,0,3000,3000
054543,元金2X中信01購01,0,0,0,0,0,0,0,0,0,3000,0,0,0,3000,0,3000,3000
060092,瑞昱元大99購03  ,0,0,0,0,0,0,0,0,0,3000,0,0,0,189000,186000,3000,3000
059978,國巨元大99購29  ,0,0,0,0,0,0,0,0,0,3000,0,0,0,3000,0,3000,3000
057904,矽力永豐98購01  ,0,0,0,0,0,0,0,0,0,3000,0,0,0,112000,109000,3000,3000
056311,泰鼎元大98購01  ,0,0,0,0,0,0,0,0,0,3000,0,0,0,3000,0,3000,3000
056505,聯發科永豐98購01,0,0,0,0,0,0,0,0,0,3000,0,0,0,3000,0,3000,3000
058410,國巨兆豐99購03  ,0,0,0,0,0,0,0,0,0,3000,0,0,0,5000,2000,3000,3000
058447,玉晶光富邦9A購02,0,0,0,0,0,0,0,0,0,3000,0,0,0,3000,0,3000,3000
060638,玉晶光永豐9A購04,0,0,0,0,0,0,0,0,0,3000,0,0,0,3000,0,3000,3000
059408,台灣50國票9B購02,0,0,0,0,0,0,0,0,0,3000,0,0,0,3000,0,3000,3000
056697,緯穎群益98購01  ,0,0,0,0,0,0,0,0,0,3000,0,0,0,3000,0,3000,3000
059385,滬深2X凱基9C購03,0,0,0,0,0,0,0,0,0,3000,0,0,0,3000,0,3000,3000
058366,元大金凱基99購01,0,0,0,0,0,0,0,0,0,3000,0,0,0,3000,0,3000,3000
057525,光磊元大99購01  ,0,0,0,0,0,0,0,0,0,3000,0,0,0,50000,47000,3000,3000
057575,世紀鋼永豐98購02,0,0,0,0,0,0,0,0,0,3000,0,0,0,10000,7000,3000,3000
057577,廣宇中信9A購01  ,0,0,0,0,0,0,0,0,0,3000,0,0,0,3000,0,3000,3000
059046,滬深2X凱基9C購01,0,0,0,0,0,0,0,0,0,3000,0,0,0,8000,5000,3000,3000
058989,茂林凱基99購02  ,0,0,0,0,0,0,0,0,0,3000,0,0,0,3000,0,3000,3000
057963,緯穎元大98購08  ,0,0,0,0,0,0,0,0,0,3000,0,0,0,39000,36000,3000,3000
059209,華通元大99購08  ,0,0,0,0,0,0,0,0,0,3000,0,0,0,6000,3000,3000,3000
059681,華新科國泰9B購02,0,0,0,0,0,0,0,0,0,3000,0,0,0,3000,0,3000,3000
058630,日月光國票9A購01,0,0,0,0,0,0,0,0,0,3000,0,0,0,3000,0,3000,3000
05859P,台表科國票97售04,0,0,0,0,0,0,0,0,0,3000,0,0,0,3000,0,3000,3000
058583,臻鼎群益99購01  ,0,0,0,0,0,0,0,0,0,3000,0,0,0,41000,38000,3000,3000
058741,欣興日盛99購01  ,0,0,0,0,0,0,0,0,0,3000,0,0,0,35000,32000,3000,3000
058699,楠梓電元大99購02,0,0,0,0,0,0,0,0,0,3000,0,0,0,71000,68000,3000,3000
059167,聯發科凱基99購11,0,0,0,0,0,0,0,0,0,3000,0,0,0,3000,0,3000,3000
3296,勝德            ,0,0,0,0,0,0,0,0,0,3000,3000,0,3000,0,0,0,3000
3712,永崴投控        ,38000,44000,-6000,0,0,0,0,0,0,9000,9000,0,9000,0,0,0,3000
2514,龍邦            ,17000,17000,0,0,0,0,0,0,0,3000,3000,0,3000,0,0,0,3000
2597,潤弘            ,3000,0,3000,0,0,0,0,0,0,0,0,0,0,0,0,0,3000
2939,凱羿-KY         ,46000,41000,5000,0,0,0,0,0,0,-2000,5000,7000,-2000,0,0,0,3000
2904,匯僑            ,9000,5000,4000,0,0,0,0,0,0,-1000,0,1000,-1000,0,0,0,3000
1724,台硝            ,1000,0,1000,0,0,0,0,0,0,2000,2000,0,2000,0,0,0,3000
1616,億泰            ,3000,0,3000,0,0,0,0,0,0,0,0,0,0,0,0,0,3000
1805,寶徠            ,3000,0,3000,0,0,0,0,0,0,0,0,0,0,0,0,0,3000
1558,伸興            ,16000,13000,3000,0,0,0,0,0,0,0,0,0,0,0,0,0,3000
1560,中砂            ,57000,54000,3000,0,0,0,0,0,0,0,0,0,0,0,0,0,3000
2302,麗正            ,3000,0,3000,0,0,0,0,0,0,0,0,0,0,0,0,0,3000
07421P,國泰金元大99售01,0,0,0,0,0,0,0,0,0,3000,0,0,0,3000,0,3000,3000
07390P,華新科康和99售02,0,0,0,0,0,0,0,0,0,3000,0,0,0,3000,0,3000,3000
07570P,旺宏凱基9A售04  ,0,0,0,0,0,0,0,0,0,3000,0,0,0,3000,0,3000,3000
07700P,臺股指元大9A售53,0,0,0,0,0,0,0,0,0,3000,0,0,0,5000,2000,3000,3000
1414,東和            ,2000,2000,0,0,0,0,0,0,0,3000,3000,0,3000,0,0,0,3000
1312A,國喬特          ,0,0,0,0,0,0,0,0,0,3000,3000,0,3000,0,0,0,3000
6464,台數科          ,3000,0,3000,0,0,0,0,0,0,0,0,0,0,0,0,0,3000
8072,陞泰            ,2000,0,2000,0,0,0,0,0,0,1000,1000,0,1000,0,0,0,3000
4807,日成-KY         ,6000,3000,3000,0,0,0,0,0,0,0,0,0,0,0,0,0,3000
4545,銘鈺            ,3000,1000,2000,0,0,0,0,0,0,1000,1000,0,1000,0,0,0,3000
061067,貿聯凱基9A購03  ,0,0,0,0,0,0,0,0,0,2000,0,0,0,41000,39000,2000,2000
061050,康友中信9A購01  ,0,0,0,0,0,0,0,0,0,2000,0,0,0,43000,41000,2000,2000
060456,正隆元大9A購01  ,0,0,0,0,0,0,0,0,0,2000,0,0,0,626000,624000,2000,2000
06112P,台積電兆豐97售01,0,0,0,0,0,0,0,0,0,2000,0,0,0,2000,0,2000,2000
061648,緯穎元大9A購04  ,0,0,0,0,0,0,0,0,0,2000,0,0,0,5000,3000,2000,2000
062634,玉晶光國票9B購03,0,0,0,0,0,0,0,0,0,2000,0,0,0,7000,5000,2000,2000
062500,國巨群益01購01  ,0,0,0,0,0,0,0,0,0,2000,0,0,0,2000,0,2000,2000
062225,華擎統一01購01  ,0,0,0,0,0,0,0,0,0,2000,0,0,0,128000,126000,2000,2000
06680P,智邦元大98售06  ,0,0,0,0,0,0,0,0,0,2000,0,0,0,2000,0,2000,2000
06566P,華通永豐98售03  ,0,0,0,0,0,0,0,0,0,2000,0,0,0,4000,2000,2000,2000
062709,帆宣元大9B購01  ,0,0,0,0,0,0,0,0,0,2000,0,0,0,2000,0,2000,2000
06395P,台積電元大97售29,0,0,0,0,0,0,0,0,0,2000,0,0,0,16000,14000,2000,2000
07134P,臺股指元大9A售28,0,0,0,0,0,0,0,0,0,2000,0,0,0,2000,0,2000,2000
07074P,FBVIX凱基9A售01 ,0,0,0,0,0,0,0,0,0,2000,0,0,0,2000,0,2000,2000
06868P,電子類元大99售01,0,0,0,0,0,0,0,0,0,2000,0,0,0,2000,0,2000,2000
06940P,旺宏永豐98售05  ,0,0,0,0,0,0,0,0,0,2000,0,0,0,2000,0,2000,2000
06834P,訊芯群益99售02  ,0,0,0,0,0,0,0,0,0,2000,0,0,0,2000,0,2000,2000
06735P,奇力新凱基98售07,0,0,0,0,0,0,0,0,0,2000,0,0,0,2000,0,2000,2000
056457,嘉澤凱基98購01  ,0,0,0,0,0,0,0,0,0,2000,0,0,0,17000,15000,2000,2000
05651P,大立光元大97售02,0,0,0,0,0,0,0,0,0,2000,0,0,0,2000,0,2000,2000
054663,同欣電元大97購03,0,0,0,0,0,0,0,0,0,2000,0,0,0,2000,0,2000,2000
054596,聯發科麥證97購01,0,0,0,2000,0,2000,0,0,0,2000,0,0,0,2000,0,2000,2000
05631P,國巨富邦9A售01  ,0,0,0,0,0,0,0,0,0,2000,0,0,0,2000,0,2000,2000
056308,TPK元大97購02   ,0,0,0,0,0,0,0,0,0,2000,0,0,0,80000,78000,2000,2000
056292,統一元大97購01  ,0,0,0,0,0,0,0,0,0,2000,0,0,0,2000,0,2000,2000
056735,國巨凱基99購02  ,0,0,0,0,0,0,0,0,0,2000,0,0,0,2000,0,2000,2000
056721,台灣50永昌9A購01,0,0,0,0,0,0,0,0,0,2000,0,0,0,2000,0,2000,2000
060136,T50反1國票9A購01,0,0,0,0,0,0,0,0,0,2000,0,0,0,2000,0,2000,2000
059973,A50正2元大99購02,0,0,0,0,0,0,0,0,0,2000,0,0,0,2000,0,2000,2000
057849,南茂永豐98購02  ,0,0,0,0,0,0,0,0,0,2000,0,0,0,12000,10000,2000,2000
060062,聯發科兆豐99購04,0,0,0,0,0,0,0,0,0,2000,0,0,0,2000,0,2000,2000
054718,可成永豐97購01  ,0,0,0,0,0,0,0,0,0,2000,0,0,0,2000,0,2000,2000
054760,台化國票9A購01  ,0,0,0,0,0,0,0,0,0,2000,0,0,0,2000,0,2000,2000
05533P,滬深2X富邦97售01,0,0,0,0,0,0,0,0,0,2000,0,0,0,2000,0,2000,2000
054376,聯茂中信97購01  ,0,0,0,0,0,0,0,0,0,2000,0,0,0,2000,0,2000,2000
05493P,華新科富邦99售02,0,0,0,0,0,0,0,0,0,2000,0,0,0,2000,0,2000,2000
055013,訊連元富97購01  ,0,0,0,0,0,0,0,0,0,2000,0,0,0,2000,0,2000,2000
055852,聯鈞元大98購01  ,0,0,0,0,0,0,0,0,0,2000,0,0,0,2000,0,2000,2000
05585P,臺股指凱基96售14,0,0,0,0,0,0,0,0,0,2000,0,0,0,2000,0,2000,2000
055885,大成鋼統一97購02,0,0,0,0,0,0,0,0,0,2000,0,0,0,2000,0,2000,2000
055780,禾伸堂凱基99購01,0,0,0,0,0,0,0,0,0,2000,0,0,0,2000,0,2000,2000
055759,技嘉群益98購02  ,0,0,0,0,0,0,0,0,0,2000,0,0,0,2000,0,2000,2000
053129,緯穎凱基96購01  ,0,0,0,0,0,0,0,0,0,2000,0,0,0,32000,30000,2000,2000
053048,同欣電麥證96購01,0,0,0,2000,0,2000,0,0,0,2000,0,0,0,2000,0,2000,2000
053050,華通國票97購02  ,0,0,0,0,0,0,0,0,0,2000,0,0,0,2000,0,2000,2000
05541P,鴻海統一96售08  ,0,0,0,0,0,0,0,0,0,2000,0,0,0,60000,58000,2000,2000
055440,矽力國票98購01  ,0,0,0,0,0,0,0,0,0,2000,0,0,0,2000,0,2000,2000
055498,大立光元大97購07,0,0,0,0,0,0,0,0,0,2000,0,0,0,2000,0,2000,2000
055671,世紀鋼群益97購01,0,0,0,0,0,0,0,0,0,2000,0,0,0,2000,0,2000,2000
055606,矽創元大97購01  ,0,0,0,0,0,0,0,0,0,2000,0,0,0,2000,0,2000,2000
053489,上銀兆豐97購01  ,0,0,0,0,0,0,0,0,0,2000,0,0,0,2000,0,2000,2000
051688,大立光凱基97購02,0,0,0,0,0,0,0,0,0,2000,0,0,0,2000,0,2000,2000
052053,泰鼎凱基96購01  ,0,0,0,0,0,0,0,0,0,2000,0,0,0,2000,0,2000,2000
05213P,台積電國票96售05,0,0,0,0,0,0,0,0,0,2000,0,0,0,2000,0,2000,2000
052658,友達元富9C購01  ,0,0,0,0,0,0,0,0,0,2000,0,0,0,2000,0,2000,2000
052813,T50正2永豐96購01,0,0,0,0,0,0,0,0,0,2000,0,0,0,2000,0,2000,2000
053588,聯發科元大97購07,0,0,0,0,0,0,0,0,0,2000,0,0,0,2000,0,2000,2000
04974P,聯發科凱基96售02,0,0,0,0,0,0,0,0,0,2000,0,0,0,2000,0,2000,2000
053356,聯發科統一96購07,0,0,0,0,0,0,0,0,0,2000,0,0,0,2000,0,2000,2000
053689,台光電元大96購01,0,0,0,0,0,0,0,0,0,2000,0,0,0,2000,0,2000,2000
051471,國巨凱基97購01  ,0,0,0,0,0,0,0,0,0,2000,0,0,0,34000,32000,2000,2000
053810,台達電群益96購01,0,0,0,0,0,0,0,0,0,2000,0,0,0,100000,98000,2000,2000
00691R,兆豐藍籌30反1   ,0,0,0,0,0,0,0,0,0,2000,0,0,0,40000,38000,2000,2000
050202,建準群益95購01  ,0,0,0,0,0,0,0,0,0,2000,0,0,0,2000,0,2000,2000
00700,富邦恒生國企    ,0,0,0,0,0,0,0,0,0,2000,0,0,0,103000,101000,2000,2000
050402,緯穎中信96購01  ,0,0,0,0,0,0,0,0,0,2000,0,0,0,2000,0,2000,2000
059089,聯發科元大99購19,0,0,0,0,0,0,0,0,0,2000,0,0,0,21000,19000,2000,2000
059761,國巨永豐99購06  ,0,0,0,0,0,0,0,0,0,2000,0,0,0,2000,0,2000,2000
059730,晶相光元大9C購02,0,0,0,0,0,0,0,0,0,2000,0,0,0,10000,8000,2000,2000
059738,上証2X元富99購01,0,0,0,0,0,0,0,0,0,2000,0,0,0,2000,0,2000,2000
057013,聯發科麥證98購01,0,0,0,2000,0,2000,0,0,0,2000,0,0,0,2000,0,2000,2000
059223,大立光元大99購14,0,0,0,0,0,0,0,0,0,2000,0,0,0,4000,2000,2000,2000
059561,滬深2X凱基9C購05,0,0,0,0,0,0,0,0,0,2000,0,0,0,2000,0,2000,2000
059415,台灣50元大9A購03,0,0,0,0,0,0,0,0,0,2000,0,0,0,2000,0,2000,2000
059534,國泰金凱基99購01,0,0,0,0,0,0,0,0,0,2000,0,0,0,102000,100000,2000,2000
059523,滬深2X凱基9C購04,0,0,0,0,0,0,0,0,0,2000,0,0,0,2000,0,2000,2000
057506,聯鈞國票99購02  ,0,0,0,0,0,0,0,0,0,2000,0,0,0,2000,0,2000,2000
058849,奇力新群益99購02,0,0,0,0,0,0,0,0,0,2000,0,0,0,3000,1000,2000,2000
058861,國巨凱基9A購08  ,0,0,0,0,0,0,0,0,0,2000,0,0,0,2000,0,2000,2000
059901,滬深2X元大9C購07,0,0,0,0,0,0,0,0,0,2000,0,0,0,2000,0,2000,2000
059884,鴻海國票99購09  ,0,0,0,0,0,0,0,0,0,2000,0,0,0,2000,0,2000,2000
059035,旺宏群益99購06  ,0,0,0,0,0,0,0,0,0,2000,0,0,0,2000,0,2000,2000
057814,聯發科元大98購12,0,0,0,0,0,0,0,0,0,2000,0,0,0,2000,0,2000,2000
057572,明泰永豐98購01  ,0,0,0,0,0,0,0,0,0,2000,0,0,0,2000,0,2000,2000
057693,臺股指凱基98購11,0,0,0,0,0,0,0,0,0,2000,0,0,0,2000,0,2000,2000
057656,大成鋼兆豐98購01,0,0,0,0,0,0,0,0,0,2000,0,0,0,30000,28000,2000,2000
057740,茂林富邦9A購01  ,0,0,0,0,0,0,0,0,0,2000,0,0,0,2000,0,2000,2000
056663,臺股指元大9A購10,0,0,0,0,0,0,0,0,0,2000,0,0,0,2000,0,2000,2000
059854,台表科永豐99購03,0,0,0,0,0,0,0,0,0,2000,0,0,0,5000,3000,2000,2000
058232,聯發科元大99購05,0,0,0,0,0,0,0,0,0,2000,0,0,0,17000,15000,2000,2000
057055,立積元大99購01  ,0,0,0,0,0,0,0,0,0,2000,0,0,0,27000,25000,2000,2000
057053,立積元大98購02  ,0,0,0,0,0,0,0,0,0,2000,0,0,0,16000,14000,2000,2000
060639,玉晶光永豐9A購05,0,0,0,0,0,0,0,0,0,2000,0,0,0,3000,1000,2000,2000
060584,玉晶光元富9A購01,0,0,0,0,0,0,0,0,0,2000,0,0,0,5000,3000,2000,2000
060520,臺指2X中信01購02,0,0,0,0,0,0,0,0,0,2000,0,0,0,3000,1000,2000,2000
060158,廣達永豐9A購01  ,0,0,0,0,0,0,0,0,0,2000,0,0,0,14000,12000,2000,2000
060196,泰鼎元富9A購01  ,0,0,0,0,0,0,0,0,0,2000,0,0,0,3000,1000,2000,2000
4930,燦星網          ,2000,0,2000,0,0,0,0,0,0,0,0,0,0,0,0,0,2000
6117,迎廣            ,2000,2000,0,0,0,0,0,0,0,2000,2000,0,2000,0,0,0,2000
6201,亞弘電          ,0,0,0,0,0,0,0,0,0,2000,2000,0,2000,0,0,0,2000
6205,詮欣            ,2000,2000,0,0,0,0,0,0,0,2000,2000,0,2000,0,0,0,2000
6579,研揚            ,1000,0,1000,0,0,0,0,0,0,1000,1000,0,1000,0,0,0,2000
6671,三能-KY         ,2000,0,2000,0,0,0,0,0,0,0,0,0,0,0,0,0,2000
8940,新天地          ,2000,0,2000,0,0,0,0,0,0,0,0,0,0,0,0,0,2000
8488,吉源-KY         ,2000,0,2000,0,0,0,0,0,0,0,0,0,0,0,0,0,2000
8497,格威傳媒        ,2000,0,2000,0,0,0,0,0,0,0,0,0,0,0,0,0,2000
8481,政伸            ,2000,0,2000,0,0,0,0,0,0,0,0,0,0,0,0,0,2000
1324,地球            ,2000,0,2000,0,0,0,0,0,0,0,0,0,0,0,0,0,2000
1423,利華            ,1000,0,1000,0,0,0,0,0,0,1000,1000,0,1000,0,0,0,2000
1233,天仁            ,0,0,0,0,0,0,0,0,0,2000,2000,0,2000,0,0,0,2000
07847P,國巨群益9A售13  ,0,0,0,0,0,0,0,0,0,2000,0,0,0,2000,0,2000,2000
07837P,華邦電元大9A售01,0,0,0,0,0,0,0,0,0,2000,0,0,0,57000,55000,2000,2000
07709P,創意元大9A售01  ,0,0,0,0,0,0,0,0,0,2000,0,0,0,2000,0,2000,2000
07669P,華新科元大9A售14,0,0,0,0,0,0,0,0,0,2000,0,0,0,132000,130000,2000,2000
07622P,華新科統一9B售02,0,0,0,0,0,0,0,0,0,2000,0,0,0,2000,0,2000,2000
07645P,華通元大9A售06  ,0,0,0,0,0,0,0,0,0,2000,0,0,0,2000,0,2000,2000
07589P,玉晶光國票9A售02,0,0,0,0,0,0,0,0,0,2000,0,0,0,2000,0,2000,2000
07528P,鴻海凱基9A售19  ,0,0,0,0,0,0,0,0,0,2000,0,0,0,2000,0,2000,2000
07394P,國巨群益99售12  ,0,0,0,0,0,0,0,0,0,2000,0,0,0,2000,0,2000,2000
07225P,台積電元大99售33,0,0,0,0,0,0,0,0,0,2000,0,0,0,2000,0,2000,2000
2114,鑫永銓          ,5000,3000,2000,0,0,0,0,0,0,0,0,0,0,0,0,0,2000
2033,佳大            ,2000,0,2000,0,0,0,0,0,0,0,0,0,0,0,0,0,2000
1535,中宇            ,2000,0,2000,0,0,0,0,0,0,0,0,0,0,0,0,0,2000
1541,錩泰            ,10000,8000,2000,0,0,0,0,0,0,0,0,0,0,0,0,0,2000
1468,昶和            ,2000,0,2000,0,0,0,0,0,0,0,0,0,0,0,0,0,2000
1776,展宇            ,2000,0,2000,0,0,0,0,0,0,0,0,0,0,0,0,0,2000
2024,志聯            ,3000,2000,1000,0,0,0,0,0,0,1000,1000,0,1000,0,0,0,2000
1713,國化            ,1000,1000,0,0,0,0,0,0,0,2000,2000,0,2000,0,0,0,2000
2936,客思達-KY       ,2000,0,2000,0,0,0,0,0,0,0,0,0,0,0,0,0,2000
2739,寒舍            ,2000,0,2000,0,0,0,0,0,0,0,0,0,0,0,0,0,2000
2881A,富邦特          ,2000,0,2000,0,0,0,0,0,0,0,0,0,0,0,0,0,2000
2881B,富邦金乙特      ,2000,0,2000,0,0,0,0,0,0,0,0,0,0,0,0,0,2000
2630,亞航            ,2000,0,2000,0,0,0,0,0,0,0,0,0,0,0,0,0,2000
2613,中櫃            ,2000,0,2000,0,0,0,0,0,0,0,0,0,0,0,0,0,2000
2497,怡利電          ,2000,1000,1000,0,0,0,0,0,0,1000,1000,0,1000,0,0,0,2000
2482,連宇            ,6000,3000,3000,0,0,0,0,0,0,-1000,1000,2000,-1000,0,0,0,2000
2491,吉祥全          ,2000,0,2000,0,0,0,0,0,0,0,0,0,0,0,0,0,2000
3701,大眾控          ,5000,3000,2000,0,0,0,0,0,0,0,0,0,0,0,0,0,2000
3528,安馳            ,2000,0,2000,0,0,0,0,0,0,0,0,0,0,0,0,0,2000
3416,融程電          ,12000,7000,5000,0,0,0,0,0,0,-3000,1000,4000,-3000,0,0,0,2000
3229,晟鈦            ,2000,0,2000,0,0,0,0,0,0,0,0,0,0,0,0,0,2000
3057,喬鼎            ,4000,2000,2000,0,0,0,0,0,0,0,0,0,0,0,0,0,2000
3032,偉訓            ,40000,28000,12000,0,0,0,0,0,0,-10000,0,10000,-10000,0,0,0,2000
06917P,聯電亞東99售01  ,0,0,0,0,0,0,0,0,0,1000,0,0,0,151000,150000,1000,1000
07016P,聯發科元大99售10,0,0,0,0,0,0,0,0,0,1000,0,0,0,1000,0,1000,1000
07127P,精元元大99售01  ,0,0,0,0,0,0,0,0,0,1000,0,0,0,16000,15000,1000,1000
07102P,南電元大99售03  ,0,0,0,0,0,0,0,0,0,1000,0,0,0,1000,0,1000,1000
07191P,台積電元大99售32,0,0,0,0,0,0,0,0,0,1000,0,0,0,1000,0,1000,1000
07194P,聯發科元大99售25,0,0,0,0,0,0,0,0,0,1000,0,0,0,1000,0,1000,1000
07150P,和碩元大99售01  ,0,0,0,0,0,0,0,0,0,1000,0,0,0,1000,0,1000,1000
07178P,臺股指凱基99售20,0,0,0,0,0,0,0,0,0,1000,0,0,0,1000,0,1000,1000
07213P,聯發科凱基99售15,0,0,0,0,0,0,0,0,0,1000,0,0,0,1000,0,1000,1000
06452P,大立光元大98售08,0,0,0,0,0,0,0,0,0,1000,0,0,0,1000,0,1000,1000
06309P,光罩元富97售03  ,0,0,0,0,0,0,0,0,0,1000,0,0,0,1000,0,1000,1000
06295P,國巨元大97售14  ,0,0,0,0,0,0,0,0,0,1000,0,0,0,31000,30000,1000,1000
06266P,大立光凱基97售11,0,0,0,0,0,0,0,0,0,1000,0,0,0,1000,0,1000,1000
06635P,聯發科凱基98售15,0,0,0,0,0,0,0,0,0,1000,0,0,0,1000,0,1000,1000
06214P,國巨國票98售04  ,0,0,0,0,0,0,0,0,0,1000,0,0,0,12000,11000,1000,1000
062414,臻鼎中信01購01  ,0,0,0,0,0,0,0,0,0,1000,0,0,0,3000,2000,1000,1000
06234P,亞德客元大97售02,0,0,0,0,0,0,0,0,0,1000,0,0,0,1000,0,1000,1000
06229P,欣興凱基97售07  ,0,0,0,0,0,0,0,0,0,1000,0,0,0,3000,2000,1000,1000
061710,國巨凱基9A購18  ,0,0,0,0,0,0,0,0,0,1000,0,0,0,1000,0,1000,1000
06176P,台積電元大97售22,0,0,0,0,0,0,0,0,0,1000,0,0,0,1000,0,1000,1000
061768,晶技元大9B購02  ,0,0,0,0,0,0,0,0,0,1000,0,0,0,69000,68000,1000,1000
06184P,大立光元大97售06,0,0,0,0,0,0,0,0,0,1000,0,0,0,251000,250000,1000,1000
061943,上銀群益9B購02  ,0,0,0,0,0,0,0,0,0,1000,0,0,0,1000,0,1000,1000
061316,台積電凱基9A購24,0,0,0,0,0,0,0,0,0,1000,0,0,0,1000,0,1000,1000
061494,聯發科國票9A購04,0,0,0,0,0,0,0,0,0,1000,0,0,0,1000,0,1000,1000
060779,臺股指凱基9A購07,0,0,0,0,0,0,0,0,0,1000,0,0,0,30000,29000,1000,1000
060780,祥碩國泰9B購01  ,0,0,0,0,0,0,0,0,0,1000,0,0,0,1000,0,1000,1000
060765,世芯元大9A購01  ,0,0,0,0,0,0,0,0,0,1000,0,0,0,1000,0,1000,1000
060415,葡萄王永豐9A購01,0,0,0,0,0,0,0,0,0,1000,0,0,0,74000,73000,1000,1000
06086P,台積電康和97售01,0,0,0,0,0,0,0,0,0,1000,0,0,0,1000,0,1000,1000
060892,超眾統一9C購01  ,0,0,0,0,0,0,0,0,0,1000,0,0,0,1000,0,1000,1000
060910,聯發科元大9A購05,0,0,0,0,0,0,0,0,0,1000,0,0,0,27000,26000,1000,1000
050228,中磊中信96購01  ,0,0,0,0,0,0,0,0,0,1000,0,0,0,1000,0,1000,1000
050579,聯發科國票95購04,0,0,0,0,0,0,0,0,0,1000,0,0,0,1000,0,1000,1000
03647P,京元電元富95售02,0,0,0,0,0,0,0,0,0,1000,0,0,0,1000,0,1000,1000
03658C,T50反1元大9A牛02,0,0,0,0,0,0,0,0,0,1000,0,0,0,1000,0,1000,1000
044475,國巨元富95購02  ,0,0,0,0,0,0,0,0,0,1000,0,0,0,1000,0,1000,1000
02001L,富邦蘋果正二N   ,0,0,0,0,0,0,0,0,0,1000,0,0,0,6000,5000,1000,1000
03007X,元展07          ,0,0,0,0,0,0,0,0,0,1000,0,0,0,1000,0,1000,1000
00657,國泰日經225     ,10000,0,10000,0,0,0,0,0,0,-9000,0,0,0,132000,141000,-9000,1000
053823,茂林群益96購06  ,0,0,0,0,0,0,0,0,0,1000,0,0,0,1000,0,1000,1000
053712,台光電凱基96購04,0,0,0,0,0,0,0,0,0,1000,0,0,0,1000,0,1000,1000
05331P,上証2X國票96售01,0,0,0,0,0,0,0,0,0,1000,0,0,0,1000,0,1000,1000
053930,S&P反1統一98購01,0,0,0,0,0,0,0,0,0,1000,0,0,0,1000,0,1000,1000
053198,亞德客日盛96購01,0,0,0,0,0,0,0,0,0,1000,0,0,0,1000,0,1000,1000
053194,緯穎統一99購01  ,0,0,0,0,0,0,0,0,0,1000,0,0,0,1000,0,1000,1000
053969,瑞昱元大97購01  ,0,0,0,0,0,0,0,0,0,1000,0,0,0,2000,1000,1000,1000
04932P,香港2X中信96售01,0,0,0,0,0,0,0,0,0,1000,0,0,0,1000,0,1000,1000
05272P,臻鼎中信97售03  ,0,0,0,0,0,0,0,0,0,1000,0,0,0,2000,1000,1000,1000
052326,滬深反中信99購01,0,0,0,0,0,0,0,0,0,1000,0,0,0,2000,1000,1000,1000
052385,滬深2X群益99購05,0,0,0,0,0,0,0,0,0,1000,0,0,0,600000,599000,1000,1000
053022,欣興國泰98購01  ,0,0,0,0,0,0,0,0,0,1000,0,0,0,1000,0,1000,1000
052193,國巨元富95購06  ,0,0,0,0,0,0,0,0,0,1000,0,0,0,175000,174000,1000,1000
052130,國巨凱基9B購01  ,0,0,0,0,0,0,0,0,0,1000,0,0,0,1000,0,1000,1000
052005,矽力國泰97購02  ,0,0,0,0,0,0,0,0,0,1000,0,0,0,1000,0,1000,1000
05179P,大立光凱基96售06,0,0,0,0,0,0,0,0,0,1000,0,0,0,1000,0,1000,1000
051577,台積電元大97購03,0,0,0,0,0,0,0,0,0,1000,0,0,0,1000,0,1000,1000
053496,義隆兆豐96購02  ,0,0,0,0,0,0,0,0,0,1000,0,0,0,1000,0,1000,1000
053460,緯穎國泰97購01  ,0,0,0,0,0,0,0,0,0,1000,0,0,0,1000,0,1000,1000
053397,國泰金中信96購01,0,0,0,0,0,0,0,0,0,1000,0,0,0,1000,0,1000,1000
054020,技嘉台新97購01  ,0,0,0,0,0,0,0,0,0,1000,0,0,0,1000,0,1000,1000
05551P,電子類元大96售01,0,0,0,0,0,0,0,0,0,1000,0,0,0,1000,0,1000,1000
05549P,臺股指元大96售03,0,0,0,0,0,0,0,0,0,1000,0,0,0,1000,0,1000,1000
055374,明泰元大97購01  ,0,0,0,0,0,0,0,0,0,1000,0,0,0,1000,0,1000,1000
055352,奇力新凱基97購01,0,0,0,0,0,0,0,0,0,1000,0,0,0,1000,0,1000,1000
052606,聯發科元大97購04,0,0,0,0,0,0,0,0,0,1000,0,0,0,1000,0,1000,1000
053103,瀚宇博元富96購01,0,0,0,0,0,0,0,0,0,1000,0,0,0,1000,0,1000,1000
055781,聯詠凱基98購01  ,0,0,0,0,0,0,0,0,0,1000,0,0,0,1000,0,1000,1000
054120,奇力新永豐96購01,0,0,0,0,0,0,0,0,0,1000,0,0,0,1000,0,1000,1000
055966,茂林元大99購01  ,0,0,0,0,0,0,0,0,0,1000,0,0,0,11000,10000,1000,1000
055861,矽力元大97購03  ,0,0,0,0,0,0,0,0,0,1000,0,0,0,1000,0,1000,1000
055092,開發金群益9B購01,0,0,0,0,0,0,0,0,0,1000,0,0,0,209000,208000,1000,1000
054274,智易中信96購02  ,0,0,0,0,0,0,0,0,0,1000,0,0,0,1000,0,1000,1000
054937,國巨元大97購03  ,0,0,0,0,0,0,0,0,0,1000,0,0,0,1000,0,1000,1000
054905,國揚康和97購01  ,0,0,0,0,0,0,0,0,0,1000,0,0,0,1000,0,1000,1000
054964,智易元大99購01  ,0,0,0,0,0,0,0,0,0,1000,0,0,0,1000,0,1000,1000
054863,億光群益97購01  ,0,0,0,0,0,0,0,0,0,1000,0,0,0,1000,0,1000,1000
054841,亞德客兆豐97購01,0,0,0,0,0,0,0,0,0,1000,0,0,0,1000,0,1000,1000
05521P,創意永豐96售01  ,0,0,0,0,0,0,0,0,0,1000,0,0,0,5000,4000,1000,1000
056076,超眾元大97購05  ,0,0,0,0,0,0,0,0,0,1000,0,0,0,1000,0,1000,1000
05530P,臺股指群益96售03,0,0,0,0,0,0,0,0,0,1000,0,0,0,1000,0,1000,1000
055270,上銀元大97購03  ,0,0,0,0,0,0,0,0,0,1000,0,0,0,1000,0,1000,1000
05471P,聯電統一95售01  ,0,0,0,0,0,0,0,0,0,1000,0,0,0,1000,0,1000,1000
054716,緯穎康和97購01  ,0,0,0,0,0,0,0,0,0,1000,0,0,0,8000,7000,1000,1000
054717,亞德客永豐97購01,0,0,0,0,0,0,0,0,0,1000,0,0,0,1000,0,1000,1000
054504,聯鈞永豐96購01  ,0,0,0,0,0,0,0,0,0,1000,0,0,0,1000,0,1000,1000
054510,S&P反1元大98購01,0,0,0,0,0,0,0,0,0,1000,0,0,0,1000,0,1000,1000
056126,台郡國票98購02  ,0,0,0,0,0,0,0,0,0,1000,0,0,0,13000,12000,1000,1000
060146,健策國票9A購03  ,0,0,0,0,0,0,0,0,0,1000,0,0,0,1000,0,1000,1000
056736,國巨凱基99購03  ,0,0,0,0,0,0,0,0,0,1000,0,0,0,1000,0,1000,1000
056202,國揚永豐97購01  ,0,0,0,0,0,0,0,0,0,1000,0,0,0,1000,0,1000,1000
056388,勤誠國泰99購01  ,0,0,0,0,0,0,0,0,0,1000,0,0,0,1000,0,1000,1000
056415,聯發科中信98購04,0,0,0,0,0,0,0,0,0,1000,0,0,0,6000,5000,1000,1000
05462P,美律亞東97售01  ,0,0,0,0,0,0,0,0,0,1000,0,0,0,1000,0,1000,1000
056557,世紀鋼凱基98購02,0,0,0,0,0,0,0,0,0,1000,0,0,0,1000,0,1000,1000
060299,友訊國泰9B購01  ,0,0,0,0,0,0,0,0,0,1000,0,0,0,1000,0,1000,1000
058440,玉晶光統一99購02,0,0,0,0,0,0,0,0,0,1000,0,0,0,1000,0,1000,1000
058415,祥碩兆豐99購01  ,0,0,0,0,0,0,0,0,0,1000,0,0,0,1000,0,1000,1000
058383,道瓊指中信9C購02,0,0,0,0,0,0,0,0,0,1000,0,0,0,1000,0,1000,1000
057383,玉晶光富邦9A購01,0,0,0,0,0,0,0,0,0,1000,0,0,0,1000,0,1000,1000
060401,世紀鋼國票9B購01,0,0,0,0,0,0,0,0,0,1000,0,0,0,6000,5000,1000,1000
06038P,國泰金台新96售01,0,0,0,0,0,0,0,0,0,1000,0,0,0,1000,0,1000,1000
060582,玉晶光群益9C購01,0,0,0,0,0,0,0,0,0,1000,0,0,0,79000,78000,1000,1000
06065P,大立光台新97售01,0,0,0,0,0,0,0,0,0,1000,0,0,0,1000,0,1000,1000
058162,上銀日盛9B購01  ,0,0,0,0,0,0,0,0,0,1000,0,0,0,1000,0,1000,1000
058163,道瓊反凱基9B購01,0,0,0,0,0,0,0,0,0,1000,0,0,0,1000,0,1000,1000
059294,宏達電元富9B購02,0,0,0,0,0,0,0,0,0,1000,0,0,0,1000,0,1000,1000
056686,可成統一98購01  ,0,0,0,0,0,0,0,0,0,1000,0,0,0,31000,30000,1000,1000
056642,旺宏凱基98購07  ,0,0,0,0,0,0,0,0,0,1000,0,0,0,1000,0,1000,1000
059402,台灣50台新99購01,0,0,0,0,0,0,0,0,0,1000,0,0,0,1000,0,1000,1000
057307,瀚宇博兆豐99購01,0,0,0,0,0,0,0,0,0,1000,0,0,0,84000,83000,1000,1000
058330,鴻海元富99購01  ,0,0,0,0,0,0,0,0,0,1000,0,0,0,1000,0,1000,1000
059383,台灣50凱基99購03,0,0,0,0,0,0,0,0,0,1000,0,0,0,1000,0,1000,1000
05933P,鴻海凱基97售03  ,0,0,0,0,0,0,0,0,0,1000,0,0,0,1000,0,1000,1000
057152,緯穎國票99購03  ,0,0,0,0,0,0,0,0,0,1000,0,0,0,3000,2000,1000,1000
058311,緯穎元大99購05  ,0,0,0,0,0,0,0,0,0,1000,0,0,0,1000,0,1000,1000
059034,華通群益9B購02  ,0,0,0,0,0,0,0,0,0,1000,0,0,0,1000,0,1000,1000
059031,元石油中信03購01,0,0,0,0,0,0,0,0,0,1000,0,0,0,25000,24000,1000,1000
058080,台積電群益98購06,0,0,0,0,0,0,0,0,0,1000,0,0,0,10000,9000,1000,1000
059890,大立光國票99購03,0,0,0,0,0,0,0,0,0,1000,0,0,0,1000,0,1000,1000
058944,元石油群益9C購02,0,0,0,0,0,0,0,0,0,1000,0,0,0,1000,0,1000,1000
057930,旺宏群益99購04  ,0,0,0,0,0,0,0,0,0,1000,0,0,0,6000,5000,1000,1000
057933,聯發科群益98購06,0,0,0,0,0,0,0,0,0,1000,0,0,0,1000,0,1000,1000
058986,華新科凱基9A購03,0,0,0,0,0,0,0,0,0,1000,0,0,0,2000,1000,1000,1000
059525,上銀凱基99購08  ,0,0,0,0,0,0,0,0,0,1000,0,0,0,1000,0,1000,1000
059608,聯發科富邦9B購04,0,0,0,0,0,0,0,0,0,1000,0,0,0,1000,0,1000,1000
059567,台積電凱基9A購12,0,0,0,0,0,0,0,0,0,1000,0,0,0,1000,0,1000,1000
059216,台積電元大99購29,0,0,0,0,0,0,0,0,0,1000,0,0,0,1000,0,1000,1000
059480,美律群益9A購01  ,0,0,0,0,0,0,0,0,0,1000,0,0,0,21000,20000,1000,1000
059462,台灣50元大9C購06,0,0,0,0,0,0,0,0,0,1000,0,0,0,1000,0,1000,1000
059813,滬深2X凱基9B購01,0,0,0,0,0,0,0,0,0,1000,0,0,0,1000,0,1000,1000
059083,華通元大99購07  ,0,0,0,0,0,0,0,0,0,1000,0,0,0,1000,0,1000,1000
058682,聯發科凱基99購07,0,0,0,0,0,0,0,0,0,1000,0,0,0,11000,10000,1000,1000
3054,立萬利          ,2000,1000,1000,0,0,0,0,0,0,0,0,0,0,0,0,0,1000
3308,聯德            ,2000,1000,1000,0,0,0,0,0,0,0,0,0,0,0,0,0,1000
3432,台端            ,0,1000,-1000,0,0,0,0,0,0,2000,2000,0,2000,0,0,0,1000
3686,達能            ,4000,3000,1000,0,0,0,0,0,0,0,0,0,0,0,0,0,1000
4426,利勤            ,62000,61000,1000,0,0,0,0,0,0,0,0,0,0,0,0,0,1000
2611,志信            ,0,2000,-2000,0,0,0,0,0,0,3000,3000,0,3000,0,0,0,1000
2901,欣欣            ,2000,1000,1000,0,0,0,0,0,0,0,0,0,0,0,0,0,1000
2891C,中信金丙特      ,0,0,0,0,0,0,0,0,0,1000,1000,0,1000,0,0,0,1000
1617,榮星            ,3000,0,3000,0,0,0,0,0,0,-2000,0,2000,-2000,0,0,0,1000
1725,元禎            ,2000,1000,1000,0,0,0,0,0,0,0,0,0,0,0,0,0,1000
2007,燁興            ,12000,11000,1000,0,0,0,0,0,0,0,0,0,0,0,0,0,1000
2008,高興昌          ,1000,0,1000,0,0,0,0,0,0,0,0,0,0,0,0,0,1000
1441,大東            ,0,0,0,0,0,0,0,0,0,1000,1000,0,1000,0,0,0,1000
1438,裕豐            ,1000,0,1000,0,0,0,0,0,0,0,0,0,0,0,0,0,1000
1516,川飛            ,2000,1000,1000,0,0,0,0,0,0,0,0,0,0,0,0,0,1000
2430,燦坤            ,3000,2000,1000,0,0,0,0,0,0,0,3000,3000,0,0,0,0,1000
07252P,台灣50凱基99售01,0,0,0,0,0,0,0,0,0,1000,0,0,0,1000,0,1000,1000
07346P,FBVIX群益99售04 ,0,0,0,0,0,0,0,0,0,1000,0,0,0,1000,0,1000,1000
07398P,鴻海凱基99售18  ,0,0,0,0,0,0,0,0,0,1000,0,0,0,1000,0,1000,1000
07399P,鴻海凱基99售19  ,0,0,0,0,0,0,0,0,0,1000,0,0,0,1000,0,1000,1000
07412P,國巨元大99售32  ,0,0,0,0,0,0,0,0,0,1000,0,0,0,2000,1000,1000,1000
07475P,A50正2群益9C售02,0,0,0,0,0,0,0,0,0,1000,0,0,0,1000,0,1000,1000
07673P,電子類元大9A售01,0,0,0,0,0,0,0,0,0,1000,0,0,0,51000,50000,1000,1000
07674P,金融類元大9A售01,0,0,0,0,0,0,0,0,0,1000,0,0,0,2000,1000,1000,1000
07892P,臺股指國票9B售02,0,0,0,0,0,0,0,0,0,1000,0,0,0,1000,0,1000,1000
07746P,華新科凱基9A售11,0,0,0,0,0,0,0,0,0,1000,0,0,0,61000,60000,1000,1000
07757P,國巨國票9B售04  ,0,0,0,0,0,0,0,0,0,1000,0,0,0,1000,0,1000,1000
1231,聯華食          ,27000,16000,11000,0,0,0,0,0,0,-10000,20000,30000,-10000,0,0,0,1000
1232,大統益          ,1000,2000,-1000,0,0,0,0,0,0,2000,2000,0,2000,0,0,0,1000
8478,東哥遊艇        ,1000,1000,0,0,0,0,0,0,0,1000,1000,0,1000,0,0,0,1000
9929,秋雨            ,2000,1000,1000,0,0,0,0,0,0,0,0,0,0,0,0,0,1000
9912,偉聯            ,1000,0,1000,0,0,0,0,0,0,0,0,0,0,0,0,0,1000
9931,欣高            ,1000,0,1000,0,0,0,0,0,0,0,0,0,0,0,0,0,1000
6625,必應            ,1000,0,1000,0,0,0,0,0,0,0,0,0,0,0,0,0,1000
6641,基士德-KY       ,1000,0,1000,0,0,0,0,0,0,0,0,0,0,0,0,0,1000
6655,科定            ,1000,0,1000,0,0,0,0,0,0,0,0,0,0,0,0,0,1000
8114,振樺電          ,3000,6000,-3000,0,0,0,0,0,0,4000,4000,0,4000,0,0,0,1000
6405,悅城            ,2000,1000,1000,0,0,0,0,0,0,0,0,0,0,0,0,0,1000
6133,金橋            ,0,0,0,0,0,0,0,0,0,1000,1000,0,1000,0,0,0,1000
5284,jpp-KY          ,1000,0,1000,0,0,0,0,0,0,0,0,0,0,0,0,0,1000
008201,BP上證50        ,0,0,0,0,0,0,0,0,0,500,0,0,0,500,0,500,500
060924,大毅永豐9A購03  ,0,0,0,0,0,0,0,0,0,0,0,0,0,1000,1000,0,0
060925,華新科永豐9A購01,0,0,0,0,0,0,0,0,0,0,0,0,0,3000,3000,0,0
060881,玉山金中信02購01,0,0,0,0,0,0,0,0,0,0,0,0,0,3000,3000,0,0
060680,玉晶光元大9C購03,0,0,0,0,0,0,0,0,0,0,0,0,0,21000,21000,0,0
060835,亞德客國票9A購01,15000,30000,-15000,0,0,0,0,0,0,15000,0,0,0,30000,15000,15000,0
061136,可成統一9A購01  ,0,0,0,0,0,0,0,0,0,0,0,0,0,113000,113000,0,0
061120,台積電永豐9A購03,0,0,0,0,0,0,0,0,0,0,0,0,0,1000,1000,0,0
061154,可成群益9B購04  ,0,0,0,0,0,0,0,0,0,0,0,0,0,5000,5000,0,0
061245,晶技群益9A購01  ,0,0,0,0,0,0,0,0,0,0,0,0,0,10000,10000,0,0
061211,玉晶光元大9A購12,0,0,0,0,0,0,0,0,0,0,0,0,0,20000,20000,0,0
06100P,台積電日盛97售03,0,0,0,0,0,0,0,0,0,0,0,0,0,20000,20000,0,0
06106P,國巨群益97售02  ,0,0,0,0,0,0,0,0,0,0,0,0,0,10000,10000,0,0
061100,SP黃豆元大9A購04,0,0,0,0,0,0,0,0,0,0,0,0,0,1000,1000,0,0
061537,SP黃豆群益9A購02,0,0,0,0,0,0,0,0,0,0,0,0,0,10000,10000,0,0
061580,華擎元大9A購06  ,0,0,0,0,0,0,0,0,0,0,0,0,0,68000,68000,0,0
061596,健策永豐9A購03  ,0,0,0,0,0,0,0,0,0,0,0,0,0,15000,15000,0,0
061298,華新科富邦01購02,0,0,0,0,0,0,0,0,0,0,0,0,0,1000,1000,0,0
061310,華新科麥證9A購01,0,0,0,2000,2000,0,0,0,0,0,0,0,0,2000,2000,0,0
061361,世紀鋼兆豐9A購01,0,0,0,0,0,0,0,0,0,0,0,0,0,90000,90000,0,0
061365,國巨國票9B購05  ,0,0,0,0,0,0,0,0,0,0,0,0,0,2000,2000,0,0
061441,大毅永豐9A購04  ,0,0,0,0,0,0,0,0,0,0,0,0,0,1000,1000,0,0
061420,國巨元大9A購22  ,0,0,0,0,0,0,0,0,0,0,0,0,0,25000,25000,0,0
061933,光寶科國票9B購01,0,0,0,0,0,0,0,0,0,0,0,0,0,8000,8000,0,0
061910,台積電中信05購03,0,0,0,0,0,0,0,0,0,0,0,0,0,11000,11000,0,0
061715,牧德凱基9B購03  ,0,0,0,0,0,0,0,0,0,0,0,0,0,40000,40000,0,0
061669,崇越中信9A購01  ,0,0,0,0,0,0,0,0,0,0,0,0,0,133000,133000,0,0
061687,大成鋼群益9A購01,0,0,0,0,0,0,0,0,0,0,0,0,0,98000,98000,0,0
062314,玉晶光凱基9B購06,0,0,0,0,0,0,0,0,0,0,0,0,0,18000,18000,0,0
06238P,台積電元大98售07,0,0,0,0,0,0,0,0,0,0,0,0,0,75000,75000,0,0
06237P,台積電元大97售26,0,0,0,0,0,0,0,0,0,0,0,0,0,20000,20000,0,0
062420,台積電統一9C購08,0,0,0,0,0,0,0,0,0,0,0,0,0,1000,1000,0,0
062519,元金2X元大9B購03,0,0,0,0,0,0,0,0,0,0,0,0,0,1000,1000,0,0
062513,玉晶光國票9C購01,0,0,0,0,0,0,0,0,0,0,0,0,0,9000,9000,0,0
062538,台積電國泰9C購02,0,0,0,0,0,0,0,0,0,0,0,0,0,1000,1000,0,0
062530,大立光統一01購03,0,0,0,0,0,0,0,0,0,0,0,0,0,10000,10000,0,0
062606,聯電凱基9C購02  ,0,0,0,0,0,0,0,0,0,0,0,0,0,85000,85000,0,0
062600,可成台新9B購01  ,0,0,0,0,0,0,0,0,0,0,0,0,0,7000,7000,0,0
062137,華新科群益9B購04,0,0,0,0,0,0,0,0,0,0,0,0,0,9000,9000,0,0
062188,貿聯元大9B購02  ,0,0,0,0,0,0,0,0,0,0,0,0,0,31000,31000,0,0
062179,旺宏元大9B購05  ,0,0,0,0,0,0,0,0,0,0,0,0,0,50000,50000,0,0
06216P,上銀元富97售03  ,0,0,0,0,0,0,0,0,0,0,0,0,0,2000,2000,0,0
062170,健策永豐9B購04  ,0,0,0,0,0,0,0,0,0,0,0,0,0,2000,2000,0,0
062204,京元電國票9C購01,0,0,0,0,0,0,0,0,0,0,0,0,0,10000,10000,0,0
062215,華通統一9B購01  ,0,0,0,0,0,0,0,0,0,0,0,0,0,23000,23000,0,0
062231,台光電麥證9C購01,0,0,0,85000,85000,0,0,0,0,0,0,0,0,85000,85000,0,0
062283,玉晶光群益01購01,0,0,0,0,0,0,0,0,0,0,0,0,0,5000,5000,0,0
062259,可成元大9B購03  ,0,0,0,0,0,0,0,0,0,0,0,0,0,1000,1000,0,0
06204P,鴻海群益97售04  ,0,0,0,0,0,0,0,0,0,0,0,0,0,26000,26000,0,0
062050,亞德客統一9C購01,0,0,0,0,0,0,0,0,0,0,0,0,0,10000,10000,0,0
06211P,鴻海元大98售04  ,0,0,0,0,0,0,0,0,0,0,0,0,0,210000,210000,0,0
062013,奇鋐富邦9B購01  ,0,0,0,0,0,0,0,0,0,0,0,0,0,10000,10000,0,0
061989,晶技元大9B購04  ,0,0,0,0,0,0,0,0,0,0,0,0,0,50000,50000,0,0
062032,崇越群益9B購01  ,0,0,0,0,0,0,0,0,0,0,0,0,0,98000,98000,0,0
06201P,可成元大97售01  ,0,0,0,0,0,0,0,0,0,0,0,0,0,50000,50000,0,0
061965,台積電統一02購02,0,0,0,0,0,0,0,0,0,0,0,0,0,1000,1000,0,0
061997,台郡元大9B購03  ,0,0,0,0,0,0,0,0,0,0,0,0,0,50000,50000,0,0
06640P,國巨兆豐99售02  ,0,0,0,0,0,0,0,0,0,0,0,0,0,11000,11000,0,0
06613P,華新科富邦9A售03,0,0,0,0,0,0,0,0,0,0,0,0,0,30000,30000,0,0
06675P,國巨國票99售02  ,0,0,0,0,0,0,0,0,0,0,0,0,0,10000,10000,0,0
06691P,臺股指群益9C售05,0,0,0,0,0,0,0,0,0,0,0,0,0,1000,1000,0,0
06666P,台積電日盛9A售02,0,0,0,0,0,0,0,0,0,0,0,0,0,10000,10000,0,0
06586P,鴻海元大9C售01  ,0,0,0,0,0,0,0,0,0,0,0,0,0,65000,65000,0,0
06472P,道瓊銀元大98售03,0,0,0,0,0,0,0,0,0,0,0,0,0,10000,10000,0,0
062678,華通統一9C購04  ,0,0,0,0,0,0,0,0,0,0,0,0,0,5000,5000,0,0
062738,可成國票9B購02  ,0,0,0,0,0,0,0,0,0,0,0,0,0,7000,7000,0,0
062723,聯發科凱基9B購09,0,0,0,0,0,0,0,0,0,0,0,0,0,11000,11000,0,0
062728,健策凱基9B購04  ,0,0,0,0,0,0,0,0,0,0,0,0,0,1000,1000,0,0
062779,台積電元大9B購03,0,0,0,0,0,0,0,0,0,0,0,0,0,1000,1000,0,0
062774,儒鴻元大9C購01  ,0,0,0,0,0,0,0,0,0,0,0,0,0,21000,21000,0,0
062775,大成鋼元大9B購02,0,0,0,0,0,0,0,0,0,0,0,0,0,65000,65000,0,0
062782,聯發科元大9B購12,0,0,0,0,0,0,0,0,0,0,0,0,0,38000,38000,0,0
062835,瑞儀群益9B購01  ,0,0,0,0,0,0,0,0,0,0,0,0,0,37000,37000,0,0
062817,富邦金兆豐9B購01,0,0,0,0,0,0,0,0,0,0,0,0,0,1000,1000,0,0
06308P,國巨元富97售06  ,0,0,0,0,0,0,0,0,0,0,0,0,0,532000,532000,0,0
06464P,台光電亞東99售01,0,0,0,0,0,0,0,0,0,0,0,0,0,4000,4000,0,0
06449P,台積電元大98售09,0,0,0,0,0,0,0,0,0,0,0,0,0,40000,40000,0,0
07198P,臺股指元大99售14,0,0,0,0,0,0,0,0,0,0,0,0,0,10000,10000,0,0
07070P,晶相光元富99售01,0,0,0,0,0,0,0,0,0,0,0,0,0,3000,3000,0,0
07034P,大立光元富99售03,0,0,0,0,0,0,0,0,0,0,0,0,0,6000,6000,0,0
07037P,台積電台新99售03,0,0,0,0,0,0,0,0,0,0,0,0,0,600000,600000,0,0
07001P,國巨元大99售12  ,0,0,0,0,0,0,0,0,0,0,0,0,0,130000,130000,0,0
06919P,臺股指日盛98售02,0,0,0,0,0,0,0,0,0,0,0,0,0,10000,10000,0,0
06874P,台積電台新98售02,0,0,0,0,0,0,0,0,0,0,0,0,0,570000,570000,0,0
06965P,台積電台新99售02,0,0,0,0,0,0,0,0,0,0,0,0,0,560000,560000,0,0
06955P,臻鼎元富99售01  ,0,0,0,0,0,0,0,0,0,0,0,0,0,10000,10000,0,0
06986P,台積電台新9A售01,0,0,0,0,0,0,0,0,0,0,0,0,0,590000,590000,0,0
06760P,台積電元大98售18,0,0,0,0,0,0,0,0,0,0,0,0,0,290000,290000,0,0
00774B,新光中國政金綠債,0,0,0,0,0,0,0,0,0,0,0,0,0,2000,2000,0,0
00775B,新光投等債15+   ,0,0,0,0,0,0,0,0,0,0,0,0,0,2000,2000,0,0
0053,元大電子        ,0,0,0,0,0,0,0,0,0,0,0,0,0,1000,1000,0,0
00657K,國泰日經225+U   ,0,0,0,0,0,0,0,0,0,0,0,0,0,100,100,0,0
00625K,富邦上証+R      ,0,0,0,0,0,0,0,0,0,0,0,0,0,60000,60000,0,0
00636K,國泰中國A50+U   ,0,0,0,0,0,0,0,0,0,0,0,0,0,100,100,0,0
00707R,元大S&P日圓反1  ,0,0,0,0,0,0,0,0,0,0,0,0,0,1000,1000,0,0
00732,國泰RMB短期報酬 ,4000,0,4000,0,0,0,0,0,0,-4000,0,0,0,100000,104000,-4000,0
050252,聯發科國泰95購01,0,0,0,0,0,0,0,0,0,0,0,0,0,291000,291000,0,0
00689R,國泰20年美債反1 ,0,0,0,0,0,0,0,0,0,0,0,0,0,125000,125000,0,0
00668K,國泰美國道瓊+U  ,0,0,0,0,0,0,0,0,0,0,0,0,0,100,100,0,0
042501,台灣50凱基96購06,0,0,0,0,0,0,0,0,0,0,0,0,0,10000,10000,0,0
047410,上銀元富96購01  ,0,0,0,0,0,0,0,0,0,0,0,0,0,20000,20000,0,0
04787P,台積電永昌96售04,0,0,0,0,0,0,0,0,0,0,0,0,0,10000,10000,0,0
048001,中工元大96購01  ,0,0,0,0,0,0,0,0,0,0,0,0,0,13000,13000,0,0
050841,國巨國票96購02  ,0,0,0,0,0,0,0,0,0,0,0,0,0,50000,50000,0,0
050612,台積電元大95購06,0,0,0,0,0,0,0,0,0,0,0,0,0,869000,869000,0,0
050686,欣興兆豐96購01  ,0,0,0,0,0,0,0,0,0,0,0,0,0,30000,30000,0,0
050332,鴻海國泰96購05  ,0,0,0,0,0,0,0,0,0,0,0,0,0,120000,120000,0,0
050344,鴻海元富96購01  ,0,0,0,0,0,0,0,0,0,0,0,0,0,499000,499000,0,0
050480,健策國票95購04  ,0,0,0,0,0,0,0,0,0,0,0,0,0,30000,30000,0,0
048759,巨大元富96購01  ,0,0,0,0,0,0,0,0,0,0,0,0,0,200000,200000,0,0
049254,台積電元大96購02,0,0,0,0,0,0,0,0,0,0,0,0,0,49000,49000,0,0
051103,緯穎元大96購03  ,0,0,0,0,0,0,0,0,0,0,0,0,0,13000,13000,0,0
051154,國巨國泰96購03  ,0,0,0,0,0,0,0,0,0,0,0,0,0,20000,20000,0,0
051067,台積電國票96購03,0,0,0,0,0,0,0,0,0,0,0,0,0,1000,1000,0,0
051087,國巨元大97購01  ,0,0,0,0,0,0,0,0,0,0,0,0,0,39000,39000,0,0
053577,上証2X元大96購02,0,0,0,0,0,0,0,0,0,0,0,0,0,133000,133000,0,0
05123P,鴻海永昌96售07  ,0,0,0,0,0,0,0,0,0,0,0,0,0,10000,10000,0,0
053950,緯穎富邦97購02  ,0,0,0,0,0,0,0,0,0,0,0,0,0,3000,3000,0,0
053292,美律中信98購01  ,0,0,0,0,0,0,0,0,0,0,0,0,0,15000,15000,0,0
053258,上証2X群益9A購03,0,0,0,0,0,0,0,0,0,0,0,0,0,1600000,1600000,0,0
053224,矽力凱基96購02  ,0,0,0,0,0,0,0,0,0,0,0,0,0,10000,10000,0,0
053919,可成國票97購02  ,0,0,0,0,0,0,0,0,0,0,0,0,0,1000,1000,0,0
051487,健策凱基96購03  ,0,0,0,0,0,0,0,0,0,0,0,0,0,70000,70000,0,0
053693,欣興元大96購05  ,0,0,0,0,0,0,0,0,0,0,0,0,0,50000,50000,0,0
053704,國巨群益96購06  ,0,0,0,0,0,0,0,0,0,0,0,0,0,20000,20000,0,0
053842,聯發科統一96購08,0,0,0,0,0,0,0,0,0,0,0,0,0,400000,400000,0,0
053871,臻鼎元大96購03  ,0,0,0,0,0,0,0,0,0,0,0,0,0,68000,68000,0,0
053884,緯穎第一96購01  ,0,0,0,0,0,0,0,0,0,0,0,0,0,10000,10000,0,0
053811,國巨群益98購02  ,0,0,0,0,0,0,0,0,0,0,0,0,0,20000,20000,0,0
053778,旺宏元大97購03  ,0,0,0,0,0,0,0,0,0,0,0,0,0,19000,19000,0,0
053761,健策國泰98購01  ,0,0,0,0,0,0,0,0,0,0,0,0,0,267000,267000,0,0
05304P,國巨國泰97售02  ,0,0,0,0,0,0,0,0,0,0,0,0,0,40000,40000,0,0
052619,茂林國泰99購01  ,0,0,0,0,0,0,0,0,0,0,0,0,0,23000,23000,0,0
053055,聯詠國票97購01  ,0,0,0,0,0,0,0,0,0,0,0,0,0,10000,10000,0,0
05315P,鴻海永昌96售08  ,0,0,0,0,0,0,0,0,0,0,0,0,0,130000,130000,0,0
053163,上証2X群益9A購02,0,0,0,0,0,0,0,0,0,0,0,0,0,708000,708000,0,0
053142,緯穎永豐96購01  ,0,0,0,0,0,0,0,0,0,0,0,0,0,10000,10000,0,0
055467,國巨凱基97購05  ,0,0,0,0,0,0,0,0,0,0,0,0,0,50000,50000,0,0
055437,禾伸堂中信99購01,0,0,0,0,0,0,0,0,0,0,0,0,0,20000,20000,0,0
055568,緯穎凱基97購02  ,0,0,0,0,0,0,0,0,0,0,0,0,0,16000,16000,0,0
053997,健策群益97購02  ,0,0,0,0,0,0,0,0,0,0,0,0,0,15000,15000,0,0
054003,鴻海統一96購13  ,0,0,0,0,0,0,0,0,0,0,0,0,0,10000,10000,0,0
054008,大立光元富96購06,0,0,0,0,0,0,0,0,0,0,0,0,0,10000,10000,0,0
055672,國巨日盛97購02  ,0,0,0,0,0,0,0,0,0,0,0,0,0,50000,50000,0,0
055696,華新科國票98購01,0,0,0,0,0,0,0,0,0,0,0,0,0,20000,20000,0,0
054064,台郡國票97購04  ,0,0,0,0,0,0,0,0,0,0,0,0,0,15000,15000,0,0
054074,健策富邦98購01  ,0,0,0,0,0,0,0,0,0,0,0,0,0,32000,32000,0,0
05563P,台積電元大97售07,0,0,0,0,0,0,0,0,0,0,0,0,0,10000,10000,0,0
055645,技嘉元富97購01  ,0,0,0,0,0,0,0,0,0,0,0,0,0,5000,5000,0,0
055624,聯發科富邦99購07,0,0,0,0,0,0,0,0,0,0,0,0,0,245000,245000,0,0
053371,滬深2X元大99購01,0,0,0,0,0,0,0,0,0,0,0,0,0,153000,153000,0,0
053375,鴻海元大96購18  ,0,0,0,0,0,0,0,0,0,0,0,0,0,10000,10000,0,0
053501,明泰兆豐96購01  ,0,0,0,0,0,0,0,0,0,0,0,0,0,20000,20000,0,0
053516,茂林群益96購05  ,0,0,0,0,0,0,0,0,0,0,0,0,0,10000,10000,0,0
051594,和碩元大96購01  ,0,0,0,0,0,0,0,0,0,0,0,0,0,100000,100000,0,0
05160P,國巨國票96售03  ,0,0,0,0,0,0,0,0,0,0,0,0,0,10000,10000,0,0
051838,國巨國泰97購01  ,0,0,0,0,0,0,0,0,0,0,0,0,0,10000,10000,0,0
051776,上証2X群益99購01,0,0,0,0,0,0,0,0,0,0,0,0,0,220000,220000,0,0
051879,健策台新96購01  ,0,0,0,0,0,0,0,0,0,0,0,0,0,44000,44000,0,0
052038,國巨永昌96購01  ,0,0,0,0,0,0,0,0,0,0,0,0,0,10000,10000,0,0
052115,T50反1國票95購03,0,0,0,0,0,0,0,0,0,0,0,0,0,10000,10000,0,0
052218,大立光日盛95購01,0,0,0,0,0,0,0,0,0,0,0,0,0,1217000,1217000,0,0
053021,國巨國泰97購04  ,0,0,0,0,0,0,0,0,0,0,0,0,0,20000,20000,0,0
053032,國巨兆豐97購02  ,0,0,0,0,0,0,0,0,0,0,0,0,0,10000,10000,0,0
052940,玉晶光兆豐97購01,0,0,0,0,0,0,0,0,0,0,0,0,0,1000,1000,0,0
052402,健策凱基97購01  ,0,0,0,0,0,0,0,0,0,0,0,0,0,70000,70000,0,0
053045,國巨中信97購01  ,0,0,0,0,0,0,0,0,0,0,0,0,0,50000,50000,0,0
053036,聯電凱基98購01  ,0,0,0,0,0,0,0,0,0,0,0,0,0,10000,10000,0,0
053037,國巨凱基96購08  ,0,0,0,0,0,0,0,0,0,0,0,0,0,20000,20000,0,0
052493,上証2X中信97購02,0,0,0,0,0,0,0,0,0,0,0,0,0,10000,10000,0,0
052463,聯電統一96購01  ,0,0,0,0,0,0,0,0,0,0,0,0,0,11000,11000,0,0
052727,仁寶元富96購01  ,0,0,0,0,0,0,0,0,0,0,0,0,0,150000,150000,0,0
052728,上証2X國泰97購01,0,0,0,0,0,0,0,0,0,0,0,0,0,500000,500000,0,0
052706,台虹國票97購01  ,0,0,0,0,0,0,0,0,0,0,0,0,0,77000,77000,0,0
052711,滬深2X凱基97購01,0,0,0,0,0,0,0,0,0,0,0,0,0,241000,241000,0,0
052754,上証2X群益9A購01,0,0,0,0,0,0,0,0,0,0,0,0,0,1022000,1022000,0,0
052764,景碩群益98購01  ,0,0,0,0,0,0,0,0,0,0,0,0,0,40000,40000,0,0
052791,友達兆豐97購01  ,0,0,0,0,0,0,0,0,0,0,0,0,0,10000,10000,0,0
052745,欣興元大96購04  ,0,0,0,0,0,0,0,0,0,0,0,0,0,20000,20000,0,0
052828,滬深2X群益9A購02,0,0,0,0,0,0,0,0,0,0,0,0,0,1584000,1584000,0,0
056518,美律國票99購01  ,0,0,0,0,0,0,0,0,0,0,0,0,0,15000,15000,0,0
056470,旺宏元大99購01  ,0,0,0,0,0,0,0,0,0,0,0,0,0,1000,1000,0,0
056498,A50正2富邦9B購01,0,0,0,0,0,0,0,0,0,0,0,0,0,45000,45000,0,0
054644,A50正2群益9B購01,0,0,0,0,0,0,0,0,0,0,0,0,0,245000,245000,0,0
054679,台積電康和99購01,0,0,0,0,0,0,0,0,0,0,0,0,0,1000,1000,0,0
059953,聯發科康和99購01,0,0,0,0,0,0,0,0,0,0,0,0,0,20000,20000,0,0
05456P,鴻海凱基95售19  ,0,0,0,0,0,0,0,0,0,0,0,0,0,520000,520000,0,0
056399,上証2X群益9C購01,0,0,0,0,0,0,0,0,0,0,0,0,0,2821000,2821000,0,0
056367,祥碩元大98購01  ,0,0,0,0,0,0,0,0,0,0,0,0,0,10000,10000,0,0
056210,矽創永豐97購02  ,0,0,0,0,0,0,0,0,0,0,0,0,0,30000,30000,0,0
056745,聯茂凱基99購03  ,0,0,0,0,0,0,0,0,0,0,0,0,0,10000,10000,0,0
056707,鴻海富邦99購03  ,0,0,0,0,0,0,0,0,0,0,0,0,0,200000,200000,0,0
056752,國巨兆豐98購02  ,0,0,0,0,0,0,0,0,0,0,0,0,0,61000,61000,0,0
060108,泰鼎元大99購04  ,0,0,0,0,0,0,0,0,0,0,0,0,0,39000,39000,0,0
060077,台積電台新9B購01,0,0,0,0,0,0,0,0,0,0,0,0,0,21000,21000,0,0
059980,台積電元大99購50,0,0,0,0,0,0,0,0,0,0,0,0,0,50000,50000,0,0
059987,大立光元大99購28,0,0,0,0,0,0,0,0,0,0,0,0,0,5000,5000,0,0
05996P,華新科群益96售03,0,0,0,0,0,0,0,0,0,0,0,0,0,110000,110000,0,0
059958,鎧勝康和99購01  ,0,0,0,0,0,0,0,0,0,0,0,0,0,160000,160000,0,0
059956,玉山金康和99購01,0,0,0,0,0,0,0,0,0,0,0,0,0,13000,13000,0,0
056107,智易永豐97購02  ,0,0,0,0,0,0,0,0,0,0,0,0,0,80000,80000,0,0
054457,強茂群益96購01  ,0,0,0,0,0,0,0,0,0,0,0,0,0,98000,98000,0,0
05469P,台積電元大95售24,0,0,0,0,0,0,0,0,0,0,0,0,0,310000,310000,0,0
054700,致新永豐97購01  ,0,0,0,0,0,0,0,0,0,0,0,0,0,60000,60000,0,0
054703,聯發科第一97購01,0,0,0,0,0,0,0,0,0,0,0,0,0,10000,10000,0,0
054782,國巨群益97購01  ,0,0,0,0,0,0,0,0,0,0,0,0,0,60000,60000,0,0
056168,鴻海元富97購07  ,0,0,0,0,0,0,0,0,0,0,0,0,0,20000,20000,0,0
05480P,滬深2X凱基96售05,0,0,0,0,0,0,0,0,0,0,0,0,0,99000,99000,0,0
055280,智邦元大97購01  ,0,0,0,0,0,0,0,0,0,0,0,0,0,1000,1000,0,0
05528P,臺股指群益96售01,0,0,0,0,0,0,0,0,0,0,0,0,0,30000,30000,0,0
055311,健策群益98購02  ,0,0,0,0,0,0,0,0,0,0,0,0,0,9000,9000,0,0
055333,晶豪科兆豐97購01,0,0,0,0,0,0,0,0,0,0,0,0,0,15000,15000,0,0
056075,瀚宇博元大97購03,0,0,0,0,0,0,0,0,0,0,0,0,0,15000,15000,0,0
055343,國巨凱基97購03  ,0,0,0,0,0,0,0,0,0,0,0,0,0,80000,80000,0,0
05601P,鴻海元大97售04  ,0,0,0,0,0,0,0,0,0,0,0,0,0,49000,49000,0,0
055230,大毅國票98購01  ,0,0,0,0,0,0,0,0,0,0,0,0,0,7000,7000,0,0
055122,國巨兆豐98購01  ,0,0,0,0,0,0,0,0,0,0,0,0,0,10000,10000,0,0
055142,健策永豐98購01  ,0,0,0,0,0,0,0,0,0,0,0,0,0,4000,4000,0,0
054951,大毅元大97購01  ,0,0,0,0,0,0,0,0,0,0,0,0,0,4000,4000,0,0
054263,聯茂元大96購02  ,0,0,0,0,0,0,0,0,0,0,0,0,0,5000,5000,0,0
054265,GIS元大96購03   ,0,0,0,0,0,0,0,0,0,0,0,0,0,15000,15000,0,0
055040,台虹富邦99購01  ,0,0,0,0,0,0,0,0,0,0,0,0,0,80000,80000,0,0
055036,中工富邦9B購01  ,0,0,0,0,0,0,0,0,0,0,0,0,0,30000,30000,0,0
05587P,鴻海凱基96售12  ,0,0,0,0,0,0,0,0,0,0,0,0,0,10000,10000,0,0
055850,聯詠元大97購06  ,0,0,0,0,0,0,0,0,0,0,0,0,0,68000,68000,0,0
055813,聯發科國票98購04,0,0,0,0,0,0,0,0,0,0,0,0,0,1000,1000,0,0
054143,茂林元大96購04  ,0,0,0,0,0,0,0,0,0,0,0,0,0,10000,10000,0,0
054231,國巨群益98購03  ,0,0,0,0,0,0,0,0,0,0,0,0,0,21000,21000,0,0
055741,健策元富97購01  ,0,0,0,0,0,0,0,0,0,0,0,0,0,4000,4000,0,0
058687,聯茂凱基9A購01  ,0,0,0,0,0,0,0,0,0,0,0,0,0,10000,10000,0,0
058673,華新科群益9A購02,0,0,0,0,0,0,0,0,0,0,0,0,0,45000,45000,0,0
058662,禾伸堂兆豐99購01,0,0,0,0,0,0,0,0,0,0,0,0,0,50000,50000,0,0
059169,可成凱基99購04  ,0,0,0,0,0,0,0,0,0,0,0,0,0,2000,2000,0,0
059161,鴻海凱基9A購09  ,0,0,0,0,0,0,0,0,0,0,0,0,0,1000,1000,0,0
059162,國巨凱基99購12  ,0,0,0,0,0,0,0,0,0,0,0,0,0,1000,1000,0,0
059164,旺宏凱基99購06  ,0,0,0,0,0,0,0,0,0,0,0,0,0,10000,10000,0,0
059165,南亞科凱基99購04,0,0,0,0,0,0,0,0,0,0,0,0,0,10000,10000,0,0
058811,台積電統一9A購05,0,0,0,0,0,0,0,0,0,0,0,0,0,1000,1000,0,0
058812,台積電統一9B購06,0,0,0,0,0,0,0,0,0,0,0,0,0,1000,1000,0,0
05879P,台積電台新96售03,0,0,0,0,0,0,0,0,0,0,0,0,0,200000,200000,0,0
059085,鴻海元大99購25  ,0,0,0,0,0,0,0,0,0,0,0,0,0,3000,3000,0,0
059058,可成凱基9B購01  ,0,0,0,0,0,0,0,0,0,0,0,0,0,4000,4000,0,0
059059,宏達電凱基99購03,0,0,0,0,0,0,0,0,0,0,0,0,0,68000,68000,0,0
059062,群創凱基99購05  ,0,0,0,0,0,0,0,0,0,0,0,0,0,100000,100000,0,0
059056,技嘉凱基99購02  ,0,0,0,0,0,0,0,0,0,0,0,0,0,1000,1000,0,0
05913P,國巨元大96售11  ,0,0,0,0,0,0,0,0,0,0,0,0,0,112000,112000,0,0
058577,南亞科群益99購02,0,0,0,0,0,0,0,0,0,0,0,0,0,20000,20000,0,0
05914P,友達元大96售04  ,0,0,0,0,0,0,0,0,0,0,0,0,0,1000,1000,0,0
058545,義隆富邦9C購01  ,0,0,0,0,0,0,0,0,0,0,0,0,0,2000,2000,0,0
059783,旺宏元大99購17  ,0,0,0,0,0,0,0,0,0,0,0,0,0,1000,1000,0,0
057016,中石化凱基9B購01,0,0,0,0,0,0,0,0,0,0,0,0,0,504000,504000,0,0
05698P,群創凱基96售01  ,0,0,0,0,0,0,0,0,0,0,0,0,0,8000,8000,0,0
056979,微星群益98購01  ,0,0,0,0,0,0,0,0,0,0,0,0,0,100000,100000,0,0
056988,聚陽兆豐98購01  ,0,0,0,0,0,0,0,0,0,0,0,0,0,10000,10000,0,0
059719,台積電元大99購42,0,0,0,0,0,0,0,0,0,0,0,0,0,201000,201000,0,0
059721,旺宏元大99購16  ,0,0,0,0,0,0,0,0,0,0,0,0,0,1000,1000,0,0
059709,上証2X元大9C購01,0,0,0,0,0,0,0,0,0,0,0,0,0,10000,10000,0,0
059716,鴻海元大99購35  ,0,0,0,0,0,0,0,0,0,0,0,0,0,5000,5000,0,0
05969P,台積電台新96售04,0,0,0,0,0,0,0,0,0,0,0,0,0,580000,580000,0,0
059467,旺宏元大99購15  ,0,0,0,0,0,0,0,0,0,0,0,0,0,1000,1000,0,0
059458,鎧勝永豐99購01  ,0,0,0,0,0,0,0,0,0,0,0,0,0,10000,10000,0,0
059440,康控元大9B購01  ,0,0,0,0,0,0,0,0,0,0,0,0,0,23000,23000,0,0
059211,鴻海元大99購27  ,0,0,0,0,0,0,0,0,0,0,0,0,0,15000,15000,0,0
059212,鴻海元大99購28  ,0,0,0,0,0,0,0,0,0,0,0,0,0,1000,1000,0,0
059186,華通富邦9A購01  ,0,0,0,0,0,0,0,0,0,0,0,0,0,100000,100000,0,0
059590,台積電元大99購39,0,0,0,0,0,0,0,0,0,0,0,0,0,1000,1000,0,0
059528,華新科凱基99購06,0,0,0,0,0,0,0,0,0,0,0,0,0,5000,5000,0,0
058980,鴻海凱基99購06  ,0,0,0,0,0,0,0,0,0,0,0,0,0,7000,7000,0,0
058983,旺宏凱基99購05  ,20000,0,20000,0,0,0,0,0,0,-20000,0,0,0,0,20000,-20000,0
058011,台虹國票99購01  ,0,0,0,0,0,0,0,0,0,0,0,0,0,7000,7000,0,0
057985,華通元富02購03  ,0,0,0,0,0,0,0,0,0,0,0,0,0,2000,2000,0,0
057996,臻鼎中信98購01  ,0,0,0,0,0,0,0,0,0,0,0,0,0,20000,20000,0,0
057910,華新科兆豐99購02,0,0,0,0,0,0,0,0,0,0,0,0,0,10000,10000,0,0
057943,可成國票99購03  ,0,0,0,0,0,0,0,0,0,0,0,0,0,14000,14000,0,0
05793P,臺股指中信99售08,0,0,0,0,0,0,0,0,0,0,0,0,0,1000,1000,0,0
058873,美律國票9A購02  ,0,0,0,0,0,0,0,0,0,0,0,0,0,19000,19000,0,0
058907,健策元大99購04  ,0,0,0,0,0,0,0,0,0,0,0,0,0,18000,18000,0,0
059929,華新科富邦9C購03,0,0,0,0,0,0,0,0,0,0,0,0,0,1000,1000,0,0
059886,可成國票99購04  ,0,0,0,0,0,0,0,0,0,0,0,0,0,3000,3000,0,0
059893,台積電台新9A購02,0,0,0,0,0,0,0,0,0,0,0,0,0,1000,1000,0,0
059881,臺股指凱基99購46,0,0,0,0,0,0,0,0,0,0,0,0,0,7000,7000,0,0
058122,美律國票9A購01  ,0,0,0,0,0,0,0,0,0,0,0,0,0,14000,14000,0,0
059053,鴻海凱基99購07  ,0,0,0,0,0,0,0,0,0,0,0,0,0,1000,1000,0,0
057790,台積電統一99購04,0,0,0,0,0,0,0,0,0,0,0,0,0,1000,1000,0,0
05783P,嘉澤元富96售01  ,0,0,0,0,0,0,0,0,0,0,0,0,0,400000,400000,0,0
05993P,國巨元大96售13  ,0,0,0,0,0,0,0,0,0,0,0,0,0,14000,14000,0,0
057744,健策永豐98購02  ,0,0,0,0,0,0,0,0,0,0,0,0,0,14000,14000,0,0
057633,緯穎永豐98購02  ,0,0,0,0,0,0,0,0,0,0,0,0,0,10000,10000,0,0
057642,南亞科元大98購07,0,0,0,0,0,0,0,0,0,0,0,0,0,68000,68000,0,0
057665,技嘉元大99購01  ,0,0,0,0,0,0,0,0,0,0,0,0,0,31000,31000,0,0
057682,台積電日盛9A購03,0,0,0,0,0,0,0,0,0,0,0,0,0,10000,10000,0,0
057527,億光元大98購01  ,0,0,0,0,0,0,0,0,0,0,0,0,0,100000,100000,0,0
057563,旭富國泰9A購01  ,0,0,0,0,0,0,0,0,0,0,0,0,0,1000,1000,0,0
057532,智原元大98購03  ,0,0,0,0,0,0,0,0,0,0,0,0,0,56000,56000,0,0
058321,大立光永豐99購01,0,0,0,0,0,0,0,0,0,0,0,0,0,127000,127000,0,0
057178,可成元大98購03  ,0,0,0,0,0,0,0,0,0,0,0,0,0,50000,50000,0,0
05718P,國巨元大96售09  ,0,0,0,0,0,0,0,0,0,0,0,0,0,30000,30000,0,0
059358,旺宏永豐99購02  ,0,0,0,0,0,0,0,0,0,0,0,0,0,10000,10000,0,0
059362,健策永豐99購03  ,0,0,0,0,0,0,0,0,0,0,0,0,0,10000,10000,0,0
058331,鴻海元富99購02  ,0,0,0,0,0,0,0,0,0,0,0,0,0,250000,250000,0,0
058325,昇陽半永豐99購01,0,0,0,0,0,0,0,0,0,0,0,0,0,15000,15000,0,0
059315,鴻海元大99購30  ,0,0,0,0,0,0,0,0,0,0,0,0,0,60000,60000,0,0
058361,美律凱基99購06  ,0,0,0,0,0,0,0,0,0,0,0,0,0,13000,13000,0,0
059334,A50正2國票9A購02,0,0,0,0,0,0,0,0,0,0,0,0,0,10000,10000,0,0
057286,群創元大9B購05  ,0,0,0,0,0,0,0,0,0,0,0,0,0,50000,50000,0,0
059424,SGBR2X元大9A購01,0,0,0,0,0,0,0,0,0,0,0,0,0,706000,706000,0,0
057318,台光電凱基9A購01,0,0,0,0,0,0,0,0,0,0,0,0,0,10000,10000,0,0
057327,玉晶光群益9A購04,0,0,0,0,0,0,0,0,0,0,0,0,0,2000,2000,0,0
057363,華通元大99購02  ,0,0,0,0,0,0,0,0,0,0,0,0,0,2000,2000,0,0
059290,全新元富99購01  ,0,0,0,0,0,0,0,0,0,0,0,0,0,1000,1000,0,0
059262,致茂中信01購01  ,0,0,0,0,0,0,0,0,0,0,0,0,0,10000,10000,0,0
059275,可成元大99購05  ,0,0,0,0,0,0,0,0,0,0,0,0,0,3000,3000,0,0
05981P,可成永昌98售02  ,0,0,0,0,0,0,0,0,0,0,0,0,0,50000,50000,0,0
058161,T50反1日盛03購01,0,0,0,0,0,0,0,0,0,0,0,0,0,80000,80000,0,0
058137,玉晶光元大99購11,0,0,0,0,0,0,0,0,0,0,0,0,0,50000,50000,0,0
059238,台積電凱基99購11,0,0,0,0,0,0,0,0,0,0,0,0,0,10000,10000,0,0
057045,美律元大99購04  ,0,0,0,0,0,0,0,0,0,0,0,0,0,5000,5000,0,0
057118,欣興日盛9A購01  ,0,0,0,0,0,0,0,0,0,0,0,0,0,5000,5000,0,0
057103,禾伸堂中信9A購01,0,0,0,0,0,0,0,0,0,0,0,0,0,20000,20000,0,0
058231,技嘉元大99購02  ,0,0,0,0,0,0,0,0,0,0,0,0,0,20000,20000,0,0
058244,神達元大99購02  ,0,0,0,0,0,0,0,0,0,0,0,0,0,73000,73000,0,0
059853,超眾永豐99購03  ,0,0,0,0,0,0,0,0,0,0,0,0,0,10000,10000,0,0
059866,國巨凱基99購18  ,0,0,0,0,0,0,0,0,0,0,0,0,0,3000,3000,0,0
06064P,台積電台新98售01,0,0,0,0,0,0,0,0,0,0,0,0,0,620000,620000,0,0
060590,台積電台新9C購02,0,0,0,0,0,0,0,0,0,0,0,0,0,1000,1000,0,0
060574,高股息中信9C購01,0,0,0,0,0,0,0,0,0,0,0,0,0,1000,1000,0,0
060610,玉晶光凱基9B購02,0,0,0,0,0,0,0,0,0,0,0,0,0,13000,13000,0,0
060621,玉晶光元大9A購05,0,0,0,0,0,0,0,0,0,0,0,0,0,14000,14000,0,0
060343,台積電統一9C購02,0,0,0,0,0,0,0,0,0,0,0,0,0,10000,10000,0,0
060499,鴻海元大9A購11  ,0,0,0,0,0,0,0,0,0,0,0,0,0,7000,7000,0,0
057371,可成元大98購08  ,0,0,0,0,0,0,0,0,0,0,0,0,0,23000,23000,0,0
057376,新日興元大98購04,0,0,0,0,0,0,0,0,0,0,0,0,0,68000,68000,0,0
057379,寶成元大98購02  ,5000,0,5000,0,0,0,0,0,0,-5000,0,0,0,10000,15000,-5000,0
057498,台郡元大98購04  ,0,0,0,0,0,0,0,0,0,0,0,0,0,68000,68000,0,0
057478,智邦元大99購01  ,0,0,0,0,0,0,0,0,0,0,0,0,0,5000,5000,0,0
057481,技嘉元大98購04  ,0,0,0,0,0,0,0,0,0,0,0,0,0,30000,30000,0,0
057429,華新科兆豐98購03,0,0,0,0,0,0,0,0,0,0,0,0,0,10000,10000,0,0
057448,致茂元富98購01  ,0,0,0,0,0,0,0,0,0,0,0,0,0,10000,10000,0,0
058387,國巨國票9A購03  ,0,0,0,0,0,0,0,0,0,0,0,0,0,3000,3000,0,0
058417,國巨麥證99購01  ,0,0,0,79000,0,79000,0,0,0,0,0,0,0,79000,79000,0,0
058418,台積電麥證99購01,0,0,0,0,30000,-30000,0,0,0,0,0,0,0,30000,30000,0,0
058491,滬深2X群益01購01,0,0,0,0,0,0,0,0,0,0,0,0,0,255000,255000,0,0
058494,可成群益9B購01  ,0,0,0,0,0,0,0,0,0,0,0,0,0,2000,2000,0,0
060157,致茂永豐9A購02  ,0,0,0,0,0,0,0,0,0,0,0,0,0,68000,68000,0,0
060327,美律群益9A購02  ,0,0,0,0,0,0,0,0,0,0,0,0,0,12000,12000,0,0
060323,華通群益9C購01  ,0,0,0,0,0,0,0,0,0,0,0,0,0,281000,281000,0,0
5215,科嘉-KY         ,71000,72000,-1000,0,0,0,0,0,0,1000,1000,0,1000,0,0,0,0
4439,冠星-KY         ,1000,1000,0,0,0,0,0,0,0,0,0,0,0,0,0,0,0
5906,台南-KY         ,1000,1000,0,0,0,0,0,0,0,0,0,0,0,0,0,0,0
6674,鋐寶科技        ,1000,1000,0,0,0,0,0,0,0,0,0,0,0,0,0,0,0
6442,光聖            ,0,0,0,0,0,0,0,0,0,0,1000,1000,0,0,0,0,0
1410,南染            ,2000,1000,1000,0,0,0,0,0,0,-1000,0,1000,-1000,0,0,0,0
1307,三芳            ,0,1000,-1000,0,0,0,0,0,0,1000,1000,0,1000,0,0,0,0
07823P,國巨元大9A售23  ,0,0,0,0,0,0,0,0,0,0,0,0,0,20000,20000,0,0
07784P,華新科富邦9B售04,0,0,0,0,0,0,0,0,0,0,0,0,0,60000,60000,0,0
07849P,大立光群益9A售06,0,0,0,0,0,0,0,0,0,0,0,0,0,2000,2000,0,0
07691P,宏達電元大9A售05,0,0,0,0,0,0,0,0,0,0,0,0,0,10000,10000,0,0
07627P,超眾凱基9A售02  ,0,0,0,0,0,0,0,0,0,0,0,0,0,20000,20000,0,0
07577P,華新科元大9A售09,0,0,0,0,0,0,0,0,0,0,0,0,0,110000,110000,0,0
07373P,A50正2元大99售01,0,0,0,0,0,0,0,0,0,0,0,0,0,1000,1000,0,0
07284P,大立光凱基99售10,0,0,0,0,0,0,0,0,0,0,0,0,0,10000,10000,0,0
2373,震旦行          ,10000,10000,0,0,0,0,0,0,0,0,0,0,0,0,0,0,0
2115,六暉-KY         ,2000,0,2000,0,0,0,0,0,0,-2000,0,2000,-2000,0,0,0,0
1598,岱宇            ,162000,163000,-1000,0,0,0,0,0,0,1000,1000,0,1000,0,0,0,0
1568,倉佑            ,1000,2000,-1000,0,0,0,0,0,0,1000,1000,0,1000,0,0,0,0
1583,程泰            ,12000,12000,0,0,0,0,0,0,0,0,0,0,0,0,0,0,0
2712,遠雄來          ,2000,2000,0,0,0,0,0,0,0,0,0,0,0,0,0,0,0
2540,愛山林          ,1000,1000,0,0,0,0,0,0,0,0,0,0,0,0,0,0,0
3030,德律            ,94000,82000,12000,0,0,0,0,0,0,-12000,10000,22000,-12000,0,0,0,0
00717,富邦美國特別股  ,0,0,0,0,0,0,0,0,0,-245,0,0,0,512000,512245,-245,-245
06762P,智邦元大98售11  ,0,0,0,0,0,0,0,0,0,-1000,0,0,0,0,1000,-1000,-1000
06752P,訊芯凱基98售05  ,0,0,0,0,0,0,0,0,0,-1000,0,0,0,0,1000,-1000,-1000
06757P,台灣50元大9B售01,0,0,0,0,0,0,0,0,0,-1000,0,0,0,0,1000,-1000,-1000
06972P,聯發科元大99售04,0,0,0,0,0,0,0,0,0,-1000,0,0,0,0,1000,-1000,-1000
06904P,TPK凱基98售03   ,0,0,0,0,0,0,0,0,0,-1000,0,0,0,0,1000,-1000,-1000
07096P,元石油元大9C售05,0,0,0,0,0,0,0,0,0,-1000,0,0,0,0,1000,-1000,-1000
07120P,聯發科凱基99售09,0,0,0,0,0,0,0,0,0,-1000,0,0,0,2000,3000,-1000,-1000
07183P,臺股指凱基99售25,0,0,0,0,0,0,0,0,0,-1000,0,0,0,23000,24000,-1000,-1000
062830,玉晶光群益01購05,0,0,0,0,0,0,0,0,0,-1000,0,0,0,0,1000,-1000,-1000
062700,台光電元大9B購05,0,0,0,0,0,0,0,0,0,-1000,0,0,0,0,1000,-1000,-1000
06581P,南亞科凱基98售04,0,0,0,0,0,0,0,0,0,-1000,0,0,0,0,1000,-1000,-1000
06674P,祥碩群益98售02  ,0,0,0,0,0,0,0,0,0,-1000,0,0,0,133000,134000,-1000,-1000
06723P,台灣50麥證99售01,0,0,0,0,1000,-1000,0,0,0,-1000,0,0,0,0,1000,-1000,-1000
06611P,祥碩國票98售01  ,0,0,0,0,0,0,0,0,0,-1000,0,0,0,70000,71000,-1000,-1000
06618P,智邦元大98售04  ,0,0,0,0,0,0,0,0,0,-1000,0,0,0,0,1000,-1000,-1000
062616,玉晶光元大9C購06,0,0,0,0,0,0,0,0,0,-1000,0,0,0,0,1000,-1000,-1000
062628,廣達國票9B購01  ,0,0,0,0,0,0,0,0,0,-1000,0,0,0,15000,16000,-1000,-1000
062480,茂林國票9B購01  ,0,0,0,0,0,0,0,0,0,-1000,0,0,0,12000,13000,-1000,-1000
062467,國巨凱基9B購08  ,0,0,0,0,0,0,0,0,0,-1000,0,0,0,0,1000,-1000,-1000
062336,茂林統一01購02  ,0,0,0,0,0,0,0,0,0,-1000,0,0,0,0,1000,-1000,-1000
061689,國巨群益9A購12  ,0,0,0,0,0,0,0,0,0,-1000,0,0,0,6000,7000,-1000,-1000
06190P,玉晶光永豐97售05,0,0,0,0,0,0,0,0,0,-1000,0,0,0,2000,3000,-1000,-1000
061567,華通元大9A購11  ,0,0,0,0,0,0,0,0,0,-1000,0,0,0,10000,11000,-1000,-1000
061224,道瓊反中信01購01,0,0,0,0,0,0,0,0,0,-1000,0,0,0,3000,4000,-1000,-1000
060838,華通國票9A購05  ,0,0,0,0,0,0,0,0,0,-1000,0,0,0,0,1000,-1000,-1000
06074P,台積電凱基98售04,0,0,0,0,0,0,0,0,0,-1000,0,0,0,0,1000,-1000,-1000
006206,元大上證50      ,24000,5000,19000,0,0,0,0,0,0,-20000,0,0,0,46000,66000,-20000,-1000
006207,FH滬深          ,0,1000,-1000,0,0,0,0,0,0,0,0,0,0,27000,27000,0,-1000
05057P,鴻海國票96售01  ,0,0,0,0,0,0,0,0,0,-1000,0,0,0,0,1000,-1000,-1000
050853,南電國票96購01  ,0,0,0,0,0,0,0,0,0,-1000,0,0,0,0,1000,-1000,-1000
03681C,台灣50凱基02牛02,0,0,0,0,0,0,0,0,0,-1000,0,0,0,1000,2000,-1000,-1000
03677C,臺股指元大05牛02,0,0,0,0,0,0,0,0,0,-1000,0,0,0,3000,4000,-1000,-1000
042317,台灣50永豐96購01,0,0,0,0,0,0,0,0,0,-1000,0,0,0,0,1000,-1000,-1000
047342,T50反1中信99購01,0,0,0,0,0,0,0,0,0,-1000,0,0,0,0,1000,-1000,-1000
053719,可成凱基96購08  ,0,0,0,0,0,0,0,0,0,-1000,0,0,0,0,1000,-1000,-1000
03049X,元展46          ,0,0,0,0,0,0,0,0,0,-1000,0,0,0,0,1000,-1000,-1000
03026X,元展23          ,0,0,0,0,0,0,0,0,0,-1000,0,0,0,0,1000,-1000,-1000
053621,臺股指群益96購07,0,0,0,0,0,0,0,0,0,-1000,0,0,0,1000,2000,-1000,-1000
05362P,可成富邦97售02  ,0,0,0,0,0,0,0,0,0,-1000,0,0,0,0,1000,-1000,-1000
03418B,臺股指元大95熊20,0,0,0,0,0,0,0,0,0,-1000,0,0,0,0,1000,-1000,-1000
03422B,臺股指凱基96熊28,0,0,0,0,0,0,0,0,0,-1000,0,0,0,0,1000,-1000,-1000
03424B,臺股指元大96熊26,0,0,0,0,0,0,0,0,0,-1000,0,0,0,0,1000,-1000,-1000
03425B,臺股指元大9A熊01,0,0,0,0,0,0,0,0,0,-1000,0,0,0,0,1000,-1000,-1000
051047,深中小群益99購01,0,0,0,0,0,0,0,0,0,-1000,0,0,0,0,1000,-1000,-1000
052459,道瓊反統一95購04,0,0,0,0,0,0,0,0,0,-1000,0,0,0,0,1000,-1000,-1000
051746,玉晶光國泰97購07,0,0,0,0,0,0,0,0,0,-1000,0,0,0,0,1000,-1000,-1000
053407,台積電兆豐96購02,0,0,0,0,0,0,0,0,0,-1000,0,0,0,0,1000,-1000,-1000
053450,同欣電凱基96購02,0,0,0,0,0,0,0,0,0,-1000,0,0,0,0,1000,-1000,-1000
055713,國巨元大98購09  ,0,0,0,0,0,0,0,0,0,-1000,0,0,0,9000,10000,-1000,-1000
05559P,臺股指麥證96售01,0,0,0,0,1000,-1000,0,0,0,-1000,0,0,0,0,1000,-1000,-1000
055563,智易凱基97購02  ,0,0,0,0,0,0,0,0,0,-1000,0,0,0,0,1000,-1000,-1000
05557P,S&P500中信96售02,0,0,0,0,0,0,0,0,0,-1000,0,0,0,0,1000,-1000,-1000
055457,聚陽永豐97購01  ,0,0,0,0,0,0,0,0,0,-1000,0,0,0,0,1000,-1000,-1000
055408,力成國泰98購01  ,0,0,0,0,0,0,0,0,0,-1000,0,0,0,0,1000,-1000,-1000
055474,欣興凱基97購05  ,0,0,0,0,0,0,0,0,0,-1000,0,0,0,0,1000,-1000,-1000
053059,聯發科永昌99購01,0,0,0,0,0,0,0,0,0,-1000,0,0,0,20000,21000,-1000,-1000
052622,貿聯兆豐97購01  ,0,0,0,0,0,0,0,0,0,-1000,0,0,0,0,1000,-1000,-1000
053137,旺宏富邦98購01  ,0,0,0,0,0,0,0,0,0,-1000,0,0,0,0,1000,-1000,-1000
055787,聯茂凱基99購01  ,0,0,0,0,0,0,0,0,0,-1000,0,0,0,0,1000,-1000,-1000
05584P,臺股指凱基96售13,0,0,0,0,0,0,0,0,0,-1000,0,0,0,0,1000,-1000,-1000
05593P,鴻海國票97售03  ,0,0,0,0,0,0,0,0,0,-1000,0,0,0,1000,2000,-1000,-1000
05502P,台表科國票97售01,0,0,0,0,0,0,0,0,0,-1000,0,0,0,0,1000,-1000,-1000
054923,晶技凱基98購01  ,0,0,0,0,0,0,0,0,0,-1000,0,0,0,16000,17000,-1000,-1000
056071,創意元大97購02  ,0,0,0,0,0,0,0,0,0,-1000,0,0,0,0,1000,-1000,-1000
055322,欣興國票97購06  ,0,0,0,0,0,0,0,0,0,-1000,0,0,0,0,1000,-1000,-1000
054512,元油反元大99購03,0,0,0,0,0,0,0,0,0,-1000,0,0,0,0,1000,-1000,-1000
054516,國巨元大97購02  ,0,0,0,0,0,0,0,0,0,-1000,0,0,0,0,1000,-1000,-1000
060086,鴻海元大99購42  ,0,0,0,0,0,0,0,0,0,-1000,0,0,0,48000,49000,-1000,-1000
05675P,美律群益97售01  ,0,0,0,0,0,0,0,0,0,-1000,0,0,0,0,1000,-1000,-1000
056214,義隆國票99購01  ,0,0,0,0,0,0,0,0,0,-1000,0,0,0,0,1000,-1000,-1000
056230,可成凱基98購03  ,0,0,0,0,0,0,0,0,0,-1000,0,0,0,0,1000,-1000,-1000
05634P,玉晶光台新97售01,0,0,0,0,0,0,0,0,0,-1000,0,0,0,0,1000,-1000,-1000
056335,微星凱基98購01  ,0,0,0,0,0,0,0,0,0,-1000,0,0,0,67000,68000,-1000,-1000
056412,上証2X中信9A購02,0,0,0,0,0,0,0,0,0,-1000,0,0,0,3000,4000,-1000,-1000
056435,台積電凱基98購09,0,0,0,0,0,0,0,0,0,-1000,0,0,0,0,1000,-1000,-1000
054662,同欣電元大97購02,0,0,0,0,0,0,0,0,0,-1000,0,0,0,47000,48000,-1000,-1000
05655P,南亞科統一96售01,0,0,0,0,0,0,0,0,0,-1000,0,0,0,0,1000,-1000,-1000
060163,健策永豐9B購01  ,0,0,0,0,0,0,0,0,0,-1000,0,0,0,10000,11000,-1000,-1000
060273,T50反1元大9A購03,0,0,0,0,0,0,0,0,0,-1000,0,0,0,0,1000,-1000,-1000
05845P,大立光元大96售06,0,0,0,0,0,0,0,0,0,-1000,0,0,0,0,1000,-1000,-1000
058414,大立光兆豐99購02,0,0,0,0,0,0,0,0,0,-1000,0,0,0,119000,120000,-1000,-1000
057438,禾伸堂國票99購01,0,0,0,0,0,0,0,0,0,-1000,0,0,0,9000,10000,-1000,-1000
057482,微星元大98購03  ,0,0,0,0,0,0,0,0,0,-1000,0,0,0,0,1000,-1000,-1000
060501,鴻海元大9A購13  ,0,0,0,0,0,0,0,0,0,-1000,0,0,0,8000,9000,-1000,-1000
060386,台勝科凱基9B購01,0,0,0,0,0,0,0,0,0,-1000,0,0,0,0,1000,-1000,-1000
060630,國巨富邦9C購03  ,0,0,0,0,0,0,0,0,0,-1000,0,0,0,2000,3000,-1000,-1000
059947,貿聯永豐99購03  ,0,0,0,0,0,0,0,0,0,-1000,0,0,0,38000,39000,-1000,-1000
058201,華通凱基9A購01  ,0,0,0,0,0,0,0,0,0,-1000,0,0,0,2000,3000,-1000,-1000
058185,國巨永豐99購01  ,0,0,0,0,0,0,0,0,0,-1000,0,0,0,37000,38000,-1000,-1000
057249,華邦電統一9A購01,0,0,0,0,0,0,0,0,0,-1000,0,0,0,0,1000,-1000,-1000
058347,玉晶光群益9B購01,0,0,0,0,0,0,0,0,0,-1000,0,0,0,41000,42000,-1000,-1000
058355,旺宏凱基99購04  ,0,0,0,0,0,0,0,0,0,-1000,0,0,0,0,1000,-1000,-1000
058323,泰鼎永豐9A購01  ,0,0,0,0,0,0,0,0,0,-1000,0,0,0,0,1000,-1000,-1000
058279,FBVIX中信03購03 ,0,0,0,0,0,0,0,0,0,-1000,0,0,0,0,1000,-1000,-1000
057600,大立光群益99購03,0,0,0,0,0,0,0,0,0,-1000,0,0,0,0,1000,-1000,-1000
057645,華新科元大99購11,0,0,0,0,0,0,0,0,0,-1000,0,0,0,0,1000,-1000,-1000
057734,訊芯國泰9A購01  ,0,0,0,0,0,0,0,0,0,-1000,0,0,0,0,1000,-1000,-1000
058045,鴻海元大99購08  ,0,0,0,0,0,0,0,0,0,-1000,0,0,0,0,1000,-1000,-1000
058089,聯發科元大98購15,0,0,0,0,0,0,0,0,0,-1000,0,0,0,0,1000,-1000,-1000
058096,南電元大98購04  ,0,0,0,0,0,0,0,0,0,-1000,0,0,0,0,1000,-1000,-1000
058958,台表科國票9A購03,0,0,0,0,0,0,0,0,0,-1000,0,0,0,20000,21000,-1000,-1000
058897,國巨元大99購17  ,0,0,0,0,0,0,0,0,0,-1000,0,0,0,0,1000,-1000,-1000
058847,國巨群益99購05  ,0,0,0,0,0,0,0,0,0,-1000,0,0,0,0,1000,-1000,-1000
05790P,臺股指永昌96售07,0,0,0,0,0,0,0,0,0,-1000,0,0,0,4000,5000,-1000,-1000
058975,台灣50凱基01購02,0,0,0,0,0,0,0,0,0,-1000,0,0,0,0,1000,-1000,-1000
056811,健策統一9B購01  ,0,0,0,0,0,0,0,0,0,-1000,0,0,0,0,1000,-1000,-1000
056892,旺宏元大9A購02  ,0,0,0,0,0,0,0,0,0,-1000,0,0,0,0,1000,-1000,-1000
059555,台灣50凱基9A購06,0,0,0,0,0,0,0,0,0,-1000,0,0,0,0,1000,-1000,-1000
059540,新光金日盛99購01,0,0,0,0,0,0,0,0,0,-1000,0,0,0,0,1000,-1000,-1000
059541,T50正2康和99購01,0,0,0,0,0,0,0,0,0,-1000,0,0,0,7000,8000,-1000,-1000
059491,國巨國票9A購05  ,0,0,0,0,0,0,0,0,0,-1000,0,0,0,0,1000,-1000,-1000
059800,T50反1元富99購09,0,0,0,0,0,0,0,0,0,-1000,0,0,0,0,1000,-1000,-1000
059152,臺股指國票99購15,0,0,0,0,0,0,0,0,0,-1000,0,0,0,0,1000,-1000,-1000
059149,臺股指國票99購12,0,0,0,0,0,0,0,0,0,-1000,0,0,0,0,1000,-1000,-1000
059119,華擎永豐99購02  ,0,0,0,0,0,0,0,0,0,-1000,0,0,0,0,1000,-1000,-1000
059078,FBVIX元大99購06 ,0,0,0,0,0,0,0,0,0,-1000,0,0,0,0,1000,-1000,-1000
058790,楠梓電元大99購03,0,0,0,0,0,0,0,0,0,-1000,0,0,0,60000,61000,-1000,-1000
058793,鴻海元大99購19  ,0,0,0,0,0,0,0,0,0,-1000,0,0,0,99000,100000,-1000,-1000
058836,FBVIX中信03購05 ,0,0,0,0,0,0,0,0,0,-1000,0,0,0,156000,157000,-1000,-1000
058828,大毅永豐99購01  ,0,0,0,0,0,0,0,0,0,-1000,0,0,0,0,1000,-1000,-1000
058834,GIS永豐99購01   ,0,0,0,0,0,0,0,0,0,-1000,0,0,0,0,1000,-1000,-1000
058668,元油2X群益9B購04,0,0,0,0,0,0,0,0,0,-1000,0,0,0,0,1000,-1000,-1000
058691,友訊國票9A購01  ,0,0,0,0,0,0,0,0,0,-1000,0,0,0,36000,37000,-1000,-1000
3383,新世紀          ,2000,3000,-1000,0,0,0,0,0,0,0,0,0,0,0,0,0,-1000
3356,奇偶            ,38000,42000,-4000,0,0,0,0,0,0,3000,3000,0,3000,0,0,0,-1000
1530,亞崴            ,1000,1000,0,0,0,0,0,0,0,-1000,2000,3000,-1000,0,0,0,-1000
1735,日勝化          ,0,0,0,0,0,0,0,0,0,-1000,0,1000,-1000,0,0,0,-1000
1618,合機            ,2000,3000,-1000,0,0,0,0,0,0,0,0,0,0,0,0,0,-1000
07295P,滬深2X元富9C售09,0,0,0,0,0,0,0,0,0,-1000,0,0,0,0,1000,-1000,-1000
07243P,台灣50凱基9A售04,0,0,0,0,0,0,0,0,0,-1000,0,0,0,9000,10000,-1000,-1000
07384P,大立光群益9A售01,0,0,0,0,0,0,0,0,0,-1000,0,0,0,0,1000,-1000,-1000
07444P,聯發科凱基9A售10,0,0,0,0,0,0,0,0,0,-1000,0,0,0,0,1000,-1000,-1000
07490P,大立光國票9A售03,0,0,0,0,0,0,0,0,0,-1000,0,0,0,37000,38000,-1000,-1000
07838P,泰碩元大9A售04  ,0,0,0,0,0,0,0,0,0,-1000,0,0,0,45000,46000,-1000,-1000
07831P,大立光統一9B售07,0,0,0,0,0,0,0,0,0,-1000,0,0,0,0,1000,-1000,-1000
07808P,超眾永豐9A售04  ,0,0,0,0,0,0,0,0,0,-1000,0,0,0,0,1000,-1000,-1000
1235,興泰            ,0,0,0,0,0,0,0,0,0,-1000,1000,2000,-1000,0,0,0,-1000
07995P,臺股指麥證9C售01,0,0,0,0,1000,-1000,0,0,0,-1000,0,0,0,0,1000,-1000,-1000
8367,建新國際        ,1000,2000,-1000,0,0,0,0,0,0,0,0,0,0,0,0,0,-1000
910322,康師傅-DR       ,0,1000,-1000,0,0,0,0,0,0,0,0,0,0,0,0,0,-1000
6136,富爾特          ,23000,26000,-3000,0,0,0,0,0,0,2000,2000,0,2000,0,0,0,-1000
4763,材料-KY         ,31000,27000,4000,0,0,0,0,0,0,-5000,1000,6000,-5000,0,0,0,-1000
4989,榮科            ,20000,25000,-5000,0,0,0,0,0,0,4000,4000,0,4000,0,0,0,-1000
6409,旭隼            ,50000,52037,-2037,0,0,0,0,0,0,1000,1000,0,1000,0,0,0,-1037
060834,道瓊反國票9C購01,0,0,0,0,0,0,0,0,0,-2000,0,0,0,0,2000,-2000,-2000
061165,美律兆豐9A購01  ,0,0,0,0,0,0,0,0,0,-2000,0,0,0,0,2000,-2000,-2000
061151,友訊群益9A購01  ,0,0,0,0,0,0,0,0,0,-2000,0,0,0,28000,30000,-2000,-2000
06117P,臺股指日盛97售02,0,0,0,0,0,0,0,0,0,-2000,0,0,0,0,2000,-2000,-2000
061008,群創兆豐9A購02  ,0,0,0,0,0,0,0,0,0,-2000,0,0,0,0,2000,-2000,-2000
060471,台勝科元大9B購01,0,0,0,0,0,0,0,0,0,-2000,0,0,0,0,2000,-2000,-2000
061512,國巨永豐9A購04  ,0,0,0,0,0,0,0,0,0,-2000,0,0,0,2000,4000,-2000,-2000
061338,台積電元大9A購28,0,0,0,0,0,0,0,0,0,-2000,0,0,0,3000,5000,-2000,-2000
061855,台郡國票9B購01  ,0,0,0,0,0,0,0,0,0,-2000,0,0,0,9000,11000,-2000,-2000
061760,臺指反元大01購06,0,0,0,0,0,0,0,0,0,-2000,0,0,0,0,2000,-2000,-2000
06240P,奇力新元富97售03,0,0,0,0,0,0,0,0,0,-2000,0,0,0,0,2000,-2000,-2000
062635,創意國票9B購01  ,0,0,0,0,0,0,0,0,0,-2000,0,0,0,0,2000,-2000,-2000
062580,華通統一9C購03  ,0,0,0,0,0,0,0,0,0,-2000,0,0,0,10000,12000,-2000,-2000
062107,台光電國票9B購01,0,0,0,0,0,0,0,0,0,-2000,0,0,0,40000,42000,-2000,-2000
062090,南電元大9B購02  ,0,0,0,0,0,0,0,0,0,-2000,0,0,0,20000,22000,-2000,-2000
062274,台積電群益9B購04,0,0,0,0,0,0,0,0,0,-2000,0,0,0,3000,5000,-2000,-2000
06713P,臺股指富邦99售04,0,0,0,0,0,0,0,0,0,-2000,0,0,0,0,2000,-2000,-2000
06697P,台積電國票99售05,0,0,0,0,0,0,0,0,0,-2000,0,0,0,0,2000,-2000,-2000
06496P,台灣50日盛98售01,0,0,0,0,0,0,0,0,0,-2000,0,0,0,1000,3000,-2000,-2000
062770,臺股指凱基9B購14,0,0,0,0,0,0,0,0,0,-2000,0,0,0,0,2000,-2000,-2000
06383P,聯茂元富97售01  ,0,0,0,0,0,0,0,0,0,-2000,0,0,0,0,2000,-2000,-2000
06371P,茂林國票98售04  ,0,0,0,0,0,0,0,0,0,-2000,0,0,0,51000,53000,-2000,-2000
07181P,臺股指凱基99售23,0,0,0,0,0,0,0,0,0,-2000,0,0,0,6000,8000,-2000,-2000
07006P,旺宏統一9B售03  ,0,0,0,0,0,0,0,0,0,-2000,0,0,0,1000,3000,-2000,-2000
07011P,宏達電凱基99售02,0,0,0,0,0,0,0,0,0,-2000,0,0,0,82000,84000,-2000,-2000
06925P,致茂群益9A售02  ,0,0,0,0,0,0,0,0,0,-2000,0,0,0,3000,5000,-2000,-2000
06899P,嘉澤群益98售01  ,0,0,0,0,0,0,0,0,0,-2000,0,0,0,277000,279000,-2000,-2000
06900P,FBVIX國票12售01 ,0,0,0,0,0,0,0,0,0,-2000,0,0,0,8000,10000,-2000,-2000
06939P,國巨永豐98售09  ,0,0,0,0,0,0,0,0,0,-2000,0,0,0,8000,10000,-2000,-2000
06794P,臺股指凱基98售04,0,0,0,0,0,0,0,0,0,-2000,0,0,0,0,2000,-2000,-2000
06838P,台積電統一99售05,0,0,0,0,0,0,0,0,0,-2000,0,0,0,0,2000,-2000,-2000
056516,晶豪科兆豐98購01,0,0,0,0,0,0,0,0,0,-2000,0,0,0,0,2000,-2000,-2000
05463P,創意國票96售04  ,0,0,0,0,0,0,0,0,0,-2000,0,0,0,0,2000,-2000,-2000
056409,麗豐國票99購01  ,0,0,0,0,0,0,0,0,0,-2000,0,0,0,0,2000,-2000,-2000
056323,旺宏兆豐98購01  ,0,0,0,0,0,0,0,0,0,-2000,0,0,0,0,2000,-2000,-2000
056184,南亞科統一97購03,0,0,0,0,0,0,0,0,0,-2000,0,0,0,0,2000,-2000,-2000
056250,瑞昱兆豐97購02  ,0,0,0,0,0,0,0,0,0,-2000,0,0,0,461000,463000,-2000,-2000
060027,元金2X永豐99購02,0,0,0,0,0,0,0,0,0,-2000,0,0,0,68000,70000,-2000,-2000
05450P,臺股指元大95售27,0,0,0,0,0,0,0,0,0,-2000,0,0,0,0,2000,-2000,-2000
056144,GIS元大98購01   ,0,0,0,0,0,0,0,0,0,-2000,0,0,0,0,2000,-2000,-2000
054756,世紀鋼凱基99購01,0,0,0,0,0,0,0,0,0,-2000,0,0,0,1000,3000,-2000,-2000
055997,矽創國泰99購01  ,0,0,0,0,0,0,0,0,0,-2000,0,0,0,0,2000,-2000,-2000
05519P,上証2X凱基98售01,0,0,0,0,0,0,0,0,0,-2000,0,0,0,0,2000,-2000,-2000
055096,緯穎群益97購01  ,0,0,0,0,0,0,0,0,0,-2000,0,0,0,0,2000,-2000,-2000
05579P,友達凱基98售03  ,0,0,0,0,0,0,0,0,0,-2000,0,0,0,0,2000,-2000,-2000
053069,同欣電群益98購01,0,0,0,0,0,0,0,0,0,-2000,0,0,0,0,2000,-2000,-2000
052624,微星亞東97購01  ,0,0,0,0,0,0,0,0,0,-2000,0,0,0,10000,12000,-2000,-2000
052625,南電亞東97購01  ,0,0,0,0,0,0,0,0,0,-2000,0,0,0,0,2000,-2000,-2000
05535P,台積電元大97售06,0,0,0,0,0,0,0,0,0,-2000,0,0,0,0,2000,-2000,-2000
055545,國巨凱基97購06  ,0,0,0,0,0,0,0,0,0,-2000,0,0,0,5000,7000,-2000,-2000
054061,晶技國票97購03  ,0,0,0,0,0,0,0,0,0,-2000,0,0,0,1000,3000,-2000,-2000
052132,旺宏凱基9B購01  ,0,0,0,0,0,0,0,0,0,-2000,0,0,0,0,2000,-2000,-2000
053590,新光金元大9A購02,0,0,0,0,0,0,0,0,0,-2000,0,0,0,0,2000,-2000,-2000
03013X,元展13          ,0,0,0,0,0,0,0,0,0,-2000,0,0,0,0,2000,-2000,-2000
03052X,元展49          ,0,0,0,0,0,0,0,0,0,-2000,0,0,0,0,2000,-2000,-2000
03071X,元展66          ,0,0,0,0,0,0,0,0,0,-2000,0,0,0,0,2000,-2000,-2000
051508,元黃金中信97購01,0,0,0,0,0,0,0,0,0,-2000,0,0,0,0,2000,-2000,-2000
053916,漢唐國票97購04  ,0,0,0,0,0,0,0,0,0,-2000,0,0,0,0,2000,-2000,-2000
053904,漢唐凱基97購01  ,0,0,0,0,0,0,0,0,0,-2000,0,0,0,50000,52000,-2000,-2000
047211,華新科富邦99購01,0,0,0,0,0,0,0,0,0,-2000,0,0,0,1000,3000,-2000,-2000
048263,台積電元富95購01,0,0,0,0,0,0,0,0,0,-2000,0,0,0,0,2000,-2000,-2000
006203,元大MSCI台灣    ,0,0,0,0,0,0,0,0,0,-2000,0,0,0,0,2000,-2000,-2000
006204,永豐臺灣加權    ,0,0,0,0,0,0,0,0,0,-2000,0,0,0,25000,27000,-2000,-2000
0054,元大台商50      ,0,0,0,0,0,0,0,0,0,-2000,0,0,0,3000,5000,-2000,-2000
03012X,元展12          ,0,0,0,0,0,0,0,0,0,-2000,0,0,0,0,2000,-2000,-2000
01004T,土銀富邦R2      ,0,2000,-2000,0,0,0,0,0,0,0,0,0,0,0,0,0,-2000
059066,道瓊指國票04購01,0,0,0,0,0,0,0,0,0,-2000,0,0,0,0,2000,-2000,-2000
05911P,南亞科永豐96售03,0,0,0,0,0,0,0,0,0,-2000,0,0,0,35000,37000,-2000,-2000
059793,滬深2X國票99購03,0,0,0,0,0,0,0,0,0,-2000,0,0,0,0,2000,-2000,-2000
059624,鴻海凱基01購01  ,0,0,0,0,0,0,0,0,0,-2000,0,0,0,0,2000,-2000,-2000
059722,南亞科元大99購02,0,0,0,0,0,0,0,0,0,-2000,0,0,0,0,2000,-2000,-2000
059746,聯鈞元富99購03  ,0,0,0,0,0,0,0,0,0,-2000,0,0,0,0,2000,-2000,-2000
059753,貿聯群益99購06  ,0,0,0,0,0,0,0,0,0,-2000,0,0,0,0,2000,-2000,-2000
059200,京鼎永豐99購02  ,0,0,0,0,0,0,0,0,0,-2000,0,0,0,0,2000,-2000,-2000
059533,富邦金凱基99購01,0,0,0,0,0,0,0,0,0,-2000,0,0,0,24000,26000,-2000,-2000
056849,瀚宇博元富98購01,0,0,0,0,0,0,0,0,0,-2000,0,0,0,2000,4000,-2000,-2000
056883,美食康和98購01  ,0,0,0,0,0,0,0,0,0,-2000,0,0,0,0,2000,-2000,-2000
05897P,國巨凱基96售12  ,0,0,0,0,0,0,0,0,0,-2000,0,0,0,330000,332000,-2000,-2000
057929,上銀群益98購02  ,0,0,0,0,0,0,0,0,0,-2000,0,0,0,0,2000,-2000,-2000
05885P,牧德統一96售01  ,0,0,0,0,0,0,0,0,0,-2000,0,0,0,0,2000,-2000,-2000
059899,上証2X元大9C購04,0,0,0,0,0,0,0,0,0,-2000,0,0,0,0,2000,-2000,-2000
05903P,聯發科統一96售09,0,0,0,0,0,0,0,0,0,-2000,0,0,0,0,2000,-2000,-2000
05762P,昇陽半永豐96售04,0,0,0,0,0,0,0,0,0,-2000,0,0,0,0,2000,-2000,-2000
057528,南亞科元大99購01,0,0,0,0,0,0,0,0,0,-2000,0,0,0,0,2000,-2000,-2000
058368,奇鋐凱基9A購01  ,0,0,0,0,0,0,0,0,0,-2000,0,0,0,0,2000,-2000,-2000
059369,滬深2X元富9C購01,0,0,0,0,0,0,0,0,0,-2000,0,0,0,30000,32000,-2000,-2000
059322,晶技元大99購06  ,0,0,0,0,0,0,0,0,0,-2000,0,0,0,0,2000,-2000,-2000
05938P,旺宏凱基96售07  ,0,0,0,0,0,0,0,0,0,-2000,0,0,0,13000,15000,-2000,-2000
05726P,易華電永豐96售02,0,0,0,0,0,0,0,0,0,-2000,0,0,0,0,2000,-2000,-2000
059430,台積電元大99購36,0,0,0,0,0,0,0,0,0,-2000,0,0,0,0,2000,-2000,-2000
056694,欣興群益98購04  ,0,0,0,0,0,0,0,0,0,-2000,0,0,0,58000,60000,-2000,-2000
056671,台灣50元富9A購01,0,0,0,0,0,0,0,0,0,-2000,0,0,0,0,2000,-2000,-2000
059835,聯發科國泰9B購01,0,0,0,0,0,0,0,0,0,-2000,0,0,0,0,2000,-2000,-2000
058224,世芯統一9B購02  ,0,0,0,0,0,0,0,0,0,-2000,0,0,0,0,2000,-2000,-2000
058217,新唐群益99購01  ,0,0,0,0,0,0,0,0,0,-2000,0,0,0,0,2000,-2000,-2000
060622,玉晶光元大9B購02,0,0,0,0,0,0,0,0,0,-2000,0,0,0,0,2000,-2000,-2000
058485,智邦國票9A購01  ,0,0,0,0,0,0,0,0,0,-2000,0,0,0,0,2000,-2000,-2000
6216,居易            ,2000,6000,-4000,0,0,0,0,0,0,2000,2000,0,2000,0,0,0,-2000
6172,互億            ,10000,13000,-3000,0,0,0,0,0,0,1000,2000,1000,1000,0,0,0,-2000
4764,雙鍵            ,0,2000,-2000,0,0,0,0,0,0,0,0,0,0,0,0,0,-2000
4737,華廣            ,6000,8000,-2000,0,0,0,0,0,0,0,0,0,0,0,0,0,-2000
8442,威宏-KY         ,0,1000,-1000,0,0,0,0,0,0,-1000,0,1000,-1000,0,0,0,-2000
8463,潤泰材          ,20000,22000,-2000,0,0,0,0,0,0,0,0,0,0,0,0,0,-2000
8473,山林水          ,2000,6000,-4000,0,0,0,0,0,0,2000,2000,0,2000,0,0,0,-2000
9925,新保            ,30000,29000,1000,0,0,0,0,0,0,-3000,1000,4000,-3000,0,0,0,-2000
07988P,台積電台新9C售03,0,0,0,0,0,0,0,0,0,-2000,0,0,0,21000,23000,-2000,-2000
08037P,台表科群益9B售02,0,0,0,0,0,0,0,0,0,-2000,0,0,0,0,2000,-2000,-2000
08043P,電子類群益9B售01,0,0,0,0,0,0,0,0,0,-2000,0,0,0,0,2000,-2000,-2000
1413,宏洲            ,0,2000,-2000,0,0,0,0,0,0,0,0,0,0,0,0,0,-2000
07860P,臺股指麥證9A售06,0,0,0,0,2000,-2000,0,0,0,-2000,0,0,0,0,2000,-2000,-2000
07857P,國巨永豐9A售05  ,0,0,0,0,0,0,0,0,0,-2000,0,0,0,0,2000,-2000,-2000
07445P,大立光凱基9A售08,0,0,0,0,0,0,0,0,0,-2000,0,0,0,4000,6000,-2000,-2000
07402P,瑞昱凱基99售02  ,0,0,0,0,0,0,0,0,0,-2000,0,0,0,30000,32000,-2000,-2000
07452P,國巨元大9A售05  ,0,0,0,0,0,0,0,0,0,-2000,0,0,0,0,2000,-2000,-2000
07228P,台灣50群益9B售06,0,0,0,0,0,0,0,0,0,-2000,0,0,0,64000,66000,-2000,-2000
07306P,台灣50凱基9A售09,0,0,0,0,0,0,0,0,0,-2000,0,0,0,0,2000,-2000,-2000
07344P,鴻海富邦9A售03  ,0,0,0,0,0,0,0,0,0,-2000,0,0,0,9000,11000,-2000,-2000
1528,恩德            ,4000,9000,-5000,0,0,0,0,0,0,3000,3000,0,3000,0,0,0,-2000
1587,吉茂            ,0,2000,-2000,0,0,0,0,0,0,0,0,0,0,0,0,0,-2000
3027,盛達            ,1000,4000,-3000,0,0,0,0,0,0,1000,1000,0,1000,0,0,0,-2000
3021,鴻名            ,5000,2000,3000,0,0,0,0,0,0,-5000,0,5000,-5000,0,0,0,-2000
06946P,T50正2元大9C售01,0,0,0,0,0,0,0,0,0,-3000,0,0,0,0,3000,-3000,-3000
06988P,鴻海元富99售09  ,0,0,0,0,0,0,0,0,0,-3000,0,0,0,0,3000,-3000,-3000
06994P,台光電凱基99售02,0,0,0,0,0,0,0,0,0,-3000,0,0,0,7000,10000,-3000,-3000
07149P,健鼎元大99售03  ,0,0,0,0,0,0,0,0,0,-3000,0,0,0,2000,5000,-3000,-3000
062754,台勝科麥證9B購01,0,0,0,0,3000,-3000,0,0,0,-3000,0,0,0,0,3000,-3000,-3000
06277P,臺股指凱基97售09,0,0,0,0,0,0,0,0,0,-3000,0,0,0,0,3000,-3000,-3000
06645P,上銀元大98售05  ,0,0,0,0,0,0,0,0,0,-3000,0,0,0,67000,70000,-3000,-3000
062187,台勝科元大9B購02,0,0,0,0,0,0,0,0,0,-3000,0,0,0,0,3000,-3000,-3000
062597,世紀鋼統一01購01,0,0,0,0,0,0,0,0,0,-3000,0,0,0,0,3000,-3000,-3000
061773,和潤元大9B購01  ,0,0,0,0,0,0,0,0,0,-3000,0,0,0,79000,82000,-3000,-3000
061631,SP黃豆元大9A購05,0,0,0,0,0,0,0,0,0,-3000,0,0,0,0,3000,-3000,-3000
061364,國巨國票9A購09  ,0,0,0,0,0,0,0,0,0,-3000,0,0,0,0,3000,-3000,-3000
06141P,大立光日盛97售01,0,0,0,0,0,0,0,0,0,-3000,0,0,0,2000,5000,-3000,-3000
061431,鈺齊元大9A購01  ,0,0,0,0,0,0,0,0,0,-3000,0,0,0,15000,18000,-3000,-3000
061514,泰碩永豐9A購02  ,0,0,0,0,0,0,0,0,0,-3000,0,0,0,49000,52000,-3000,-3000
061525,華新科凱基9A購13,0,0,0,0,0,0,0,0,0,-3000,0,0,0,1000,4000,-3000,-3000
061546,大立光群益9A購05,0,0,0,0,0,0,0,0,0,-3000,0,0,0,5000,8000,-3000,-3000
061621,健策群益9A購05  ,0,0,0,0,0,0,0,0,0,-3000,0,0,0,22000,25000,-3000,-3000
060469,台勝科元大9A購02,0,0,0,0,0,0,0,0,0,-3000,0,0,0,0,3000,-3000,-3000
060458,華通元大9A購02  ,0,0,0,0,0,0,0,0,0,-3000,0,0,0,3000,6000,-3000,-3000
061064,可成凱基9B購02  ,0,0,0,0,0,0,0,0,0,-3000,0,0,0,0,3000,-3000,-3000
061206,旺宏元大9A購12  ,0,0,0,0,0,0,0,0,0,-3000,0,0,0,0,3000,-3000,-3000
0057,富邦摩台        ,0,0,0,0,0,0,0,0,0,-3000,0,0,0,40000,43000,-3000,-3000
042953,鴻海台新01購01  ,0,0,0,0,0,0,0,0,0,-3000,0,0,0,0,3000,-3000,-3000
053762,T50反1富邦97購01,0,0,0,0,0,0,0,0,0,-3000,0,0,0,0,3000,-3000,-3000
051486,玉晶光凱基97購03,0,0,0,0,0,0,0,0,0,-3000,0,0,0,2000,5000,-3000,-3000
050167,T50反1富邦96購01,0,0,0,0,0,0,0,0,0,-3000,0,0,0,0,3000,-3000,-3000
053391,嘉聯益元大99購01,0,0,0,0,0,0,0,0,0,-3000,0,0,0,0,3000,-3000,-3000
052955,國巨日盛96購01  ,0,0,0,0,0,0,0,0,0,-3000,0,0,0,0,3000,-3000,-3000
054201,聯詠富邦97購02  ,0,0,0,0,0,0,0,0,0,-3000,0,0,0,0,3000,-3000,-3000
056011,矽力中信99購01  ,0,0,0,0,0,0,0,0,0,-3000,0,0,0,3000,6000,-3000,-3000
056080,世紀鋼元大97購03,0,0,0,0,0,0,0,0,0,-3000,0,0,0,0,3000,-3000,-3000
05615P,臺股指康和96售04,0,0,0,0,0,0,0,0,0,-3000,0,0,0,0,3000,-3000,-3000
056150,台光電凱基98購02,0,0,0,0,0,0,0,0,0,-3000,0,0,0,27000,30000,-3000,-3000
060075,台積電元富99購05,0,0,0,0,0,0,0,0,0,-3000,0,0,0,0,3000,-3000,-3000
056247,台郡群益97購01  ,0,0,0,0,0,0,0,0,0,-3000,0,0,0,68000,71000,-3000,-3000
054643,上証2X群益9B購01,0,0,0,0,0,0,0,0,0,-3000,0,0,0,539000,542000,-3000,-3000
05656P,台表科統一96售01,0,0,0,0,0,0,0,0,0,-3000,0,0,0,0,3000,-3000,-3000
05647P,聯發科國票97售02,0,0,0,0,0,0,0,0,0,-3000,0,0,0,0,3000,-3000,-3000
05841P,華通元大96售04  ,0,0,0,0,0,0,0,0,0,-3000,0,0,0,3000,6000,-3000,-3000
05849P,臺股指元大96售25,0,0,0,0,0,0,0,0,0,-3000,0,0,0,0,3000,-3000,-3000
060301,國巨富邦9C購02  ,0,0,0,0,0,0,0,0,0,-3000,0,0,0,0,3000,-3000,-3000
060174,T50反1元富04購01,0,0,0,0,0,0,0,0,0,-3000,0,0,0,0,3000,-3000,-3000
060669,上証2X元大9A購03,0,0,0,0,0,0,0,0,0,-3000,0,0,0,0,3000,-3000,-3000
060480,億豐元大9A購02  ,0,0,0,0,0,0,0,0,0,-3000,0,0,0,60000,63000,-3000,-3000
060399,康友國票9A購02  ,0,0,0,0,0,0,0,0,0,-3000,0,0,0,35000,38000,-3000,-3000
057136,立積凱基98購02  ,0,0,0,0,0,0,0,0,0,-3000,0,0,0,7000,10000,-3000,-3000
056632,鴻海永昌98購01  ,0,0,0,0,0,0,0,0,0,-3000,0,0,0,7000,10000,-3000,-3000
059377,台積電群益99購09,0,0,0,0,0,0,0,0,0,-3000,0,0,0,1000,4000,-3000,-3000
059337,台灣50凱基9C購05,0,0,0,0,0,0,0,0,0,-3000,0,0,0,0,3000,-3000,-3000
059317,台積電元大99購34,0,0,0,0,0,0,0,0,0,-3000,0,0,0,2000,5000,-3000,-3000
057540,緯穎日盛99購01  ,0,0,0,0,0,0,0,0,0,-3000,0,0,0,0,3000,-3000,-3000
058040,FBVIX元大98購01 ,0,0,0,0,0,0,0,0,0,-3000,0,0,0,2000,5000,-3000,-3000
057785,智邦國票99購02  ,0,0,0,0,0,0,0,0,0,-3000,0,0,0,2000,5000,-3000,-3000
057799,世紀鋼兆豐98購01,0,0,0,0,0,0,0,0,0,-3000,0,0,0,1000,4000,-3000,-3000
058933,FBVIX台新9B購01 ,0,0,0,0,0,0,0,0,0,-3000,0,0,0,0,3000,-3000,-3000
056843,冠德元富98購01  ,0,0,0,0,0,0,0,0,0,-3000,0,0,0,0,3000,-3000,-3000
059621,T50正2凱基9C購04,0,0,0,0,0,0,0,0,0,-3000,0,0,0,0,3000,-3000,-3000
059455,玉晶光永豐99購05,0,0,0,0,0,0,0,0,0,-3000,0,0,0,1000,4000,-3000,-3000
059790,立積元大9C購02  ,0,0,0,0,0,0,0,0,0,-3000,0,0,0,10000,13000,-3000,-3000
059142,道瓊指國票9B購02,0,0,0,0,0,0,0,0,0,-3000,0,0,0,23000,26000,-3000,-3000
058792,鴻海元大99購18  ,0,0,0,0,0,0,0,0,0,-3000,0,0,0,0,3000,-3000,-3000
3025,星通            ,0,5000,-5000,0,0,0,0,0,0,2000,2000,0,2000,0,0,0,-3000
2483,百容            ,2000,4000,-2000,0,0,0,0,0,0,-1000,6000,7000,-1000,0,0,0,-3000
1524,耿鼎            ,11000,14000,-3000,0,0,0,0,0,0,0,0,0,0,0,0,0,-3000
1442,名軒            ,9000,7000,2000,0,0,0,0,0,0,-5000,0,5000,-5000,0,0,0,-3000
1817,凱撒衛          ,0,3000,-3000,0,0,0,0,0,0,0,0,0,0,0,0,0,-3000
07282P,聯發科凱基99售17,0,0,0,0,0,0,0,0,0,-3000,0,0,0,0,3000,-3000,-3000
07290P,台灣50凱基9A售08,0,0,0,0,0,0,0,0,0,-3000,0,0,0,0,3000,-3000,-3000
07467P,上銀元大9A售03  ,0,0,0,0,0,0,0,0,0,-3000,0,0,0,100000,103000,-3000,-3000
07668P,旺宏元大9A售10  ,0,0,0,0,0,0,0,0,0,-3000,0,0,0,0,3000,-3000,-3000
07835P,台表科群益9A售02,0,0,0,0,0,0,0,0,0,-3000,0,0,0,87000,90000,-3000,-3000
07812P,大立光統一9A售06,0,0,0,0,0,0,0,0,0,-3000,0,0,0,0,3000,-3000,-3000
08016P,臺股指凱基02售02,0,0,0,0,0,0,0,0,0,-3000,0,0,0,0,3000,-3000,-3000
07980P,臺股指凱基02售01,0,0,0,0,0,0,0,0,0,-3000,0,0,0,0,3000,-3000,-3000
8482,商億-KY         ,15000,18000,-3000,0,0,0,0,0,0,0,0,0,0,0,0,0,-3000
4999,鑫禾            ,5000,3000,2000,0,0,0,0,0,0,-5000,1000,6000,-5000,0,0,0,-3000
6202,盛群            ,255000,261300,-6300,0,0,0,0,0,0,3000,3000,0,3000,0,0,0,-3300
061286,大立光統一9A購05,0,0,0,0,0,0,0,0,0,-4000,0,0,0,8000,12000,-4000,-4000
061013,台積電麥證9A購03,0,0,0,5000,9000,-4000,0,0,0,-4000,0,0,0,5000,9000,-4000,-4000
060844,大立光國票9A購07,0,0,0,0,0,0,0,0,0,-4000,0,0,0,0,4000,-4000,-4000
060988,華新科元大9A購12,0,0,0,0,0,0,0,0,0,-4000,0,0,0,11000,15000,-4000,-4000
061559,南亞科國票9A購02,0,0,0,0,0,0,0,0,0,-4000,0,0,0,3000,7000,-4000,-4000
061498,大立光國票9A購10,0,0,0,0,0,0,0,0,0,-4000,0,0,0,0,4000,-4000,-4000
061499,嘉晶國票9A購03  ,0,0,0,0,0,0,0,0,0,-4000,0,0,0,0,4000,-4000,-4000
061324,華新科凱基9C購01,0,0,0,0,0,0,0,0,0,-4000,0,0,0,0,4000,-4000,-4000
061718,GIS凱基9B購01   ,0,0,0,0,0,0,0,0,0,-4000,0,0,0,0,4000,-4000,-4000
062636,聯鈞國票9B購01  ,0,0,0,0,0,0,0,0,0,-4000,0,0,0,8000,12000,-4000,-4000
062632,嘉晶國票9B購01  ,0,0,0,0,0,0,0,0,0,-4000,0,0,0,1000,5000,-4000,-4000
062559,嘉晶凱基9B購02  ,0,0,0,0,0,0,0,0,0,-4000,0,0,0,30000,34000,-4000,-4000
062412,道瓊指中信9C購05,0,0,0,0,0,0,0,0,0,-4000,0,0,0,6000,10000,-4000,-4000
062440,聯發科元大9B購11,0,0,0,0,0,0,0,0,0,-4000,0,0,0,5000,9000,-4000,-4000
062087,瑞祺元大9B購02  ,0,0,0,0,0,0,0,0,0,-4000,0,0,0,73000,77000,-4000,-4000
06422P,勤誠統一98售01  ,0,0,0,0,0,0,0,0,0,-4000,0,0,0,0,4000,-4000,-4000
062823,台表科兆豐9B購01,0,0,0,0,0,0,0,0,0,-4000,0,0,0,0,4000,-4000,-4000
06296P,燿華元大98售01  ,0,0,0,0,0,0,0,0,0,-4000,0,0,0,10000,14000,-4000,-4000
07219P,臺股指凱基99售32,0,0,0,0,0,0,0,0,0,-4000,0,0,0,6000,10000,-4000,-4000
07104P,聯發科元富99售04,0,0,0,0,0,0,0,0,0,-4000,0,0,0,0,4000,-4000,-4000
056506,晶豪科永豐98購02,0,0,0,0,0,0,0,0,0,-4000,0,0,0,6000,10000,-4000,-4000
056576,晶技元大99購02  ,0,0,0,0,0,0,0,0,0,-4000,0,0,0,0,4000,-4000,-4000
056610,鴻海永豐98購01  ,0,0,0,0,0,0,0,0,0,-4000,0,0,0,12000,16000,-4000,-4000
060073,台積電元富99購03,0,0,0,0,0,0,0,0,0,-4000,0,0,0,0,4000,-4000,-4000
060087,鴻海元大99購43  ,0,0,0,0,0,0,0,0,0,-4000,0,0,0,0,4000,-4000,-4000
057899,台積電永豐98購04,0,0,0,0,0,0,0,0,0,-4000,0,0,0,1000,5000,-4000,-4000
054515,華通元大98購02  ,0,0,0,0,0,0,0,0,0,-4000,0,0,0,0,4000,-4000,-4000
054481,鎧勝中信96購01  ,0,0,0,0,0,0,0,0,0,-4000,0,0,0,142000,146000,-4000,-4000
054117,宏全康和96購01  ,0,0,0,0,0,0,0,0,0,-4000,0,0,0,0,4000,-4000,-4000
054250,漢唐元大96購04  ,0,0,0,0,0,0,0,0,0,-4000,0,0,0,45000,49000,-4000,-4000
054898,台肥康和97購01  ,0,0,0,0,0,0,0,0,0,-4000,0,0,0,0,4000,-4000,-4000
053027,玉晶光富邦98購01,0,0,0,0,0,0,0,0,0,-4000,0,0,0,1000,5000,-4000,-4000
053012,國巨統一96購03  ,0,0,0,0,0,0,0,0,0,-4000,0,0,0,1288000,1292000,-4000,-4000
052527,泰鼎元大96購02  ,0,0,0,0,0,0,0,0,0,-4000,0,0,0,0,4000,-4000,-4000
051722,玉晶光永豐97購01,0,0,0,0,0,0,0,0,0,-4000,0,0,0,14000,18000,-4000,-4000
055565,祥碩凱基97購01  ,0,0,0,0,0,0,0,0,0,-4000,0,0,0,1000,5000,-4000,-4000
055473,禾伸堂凱基97購01,0,0,0,0,0,0,0,0,0,-4000,0,0,0,0,4000,-4000,-4000
053559,台積電國泰98購01,0,0,0,0,0,0,0,0,0,-4000,0,0,0,0,4000,-4000,-4000
051488,健策凱基96購04  ,0,0,0,0,0,0,0,0,0,-4000,0,0,0,94000,98000,-4000,-4000
059133,臺股指群益99購08,0,0,0,0,0,0,0,0,0,-4000,0,0,0,4000,8000,-4000,-4000
058552,欣興永豐99購01  ,0,0,0,0,0,0,0,0,0,-4000,0,0,0,0,4000,-4000,-4000
059194,元金2X永豐99購01,0,0,0,0,0,0,0,0,0,-4000,0,0,0,64000,68000,-4000,-4000
059196,聯發科永豐99購02,0,0,0,0,0,0,0,0,0,-4000,0,0,0,0,4000,-4000,-4000
058967,可成麥證99購01  ,0,0,0,0,4000,-4000,0,0,0,-4000,0,0,0,0,4000,-4000,-4000
058961,台灣50兆豐9C購01,0,0,0,0,0,0,0,0,0,-4000,0,0,0,0,4000,-4000,-4000
05895P,奇力新群益96售03,0,0,0,0,0,0,0,0,0,-4000,0,0,0,6000,10000,-4000,-4000
057805,華通元大98購06  ,0,0,0,0,0,0,0,0,0,-4000,0,0,0,47000,51000,-4000,-4000
058132,義隆元大99購03  ,0,0,0,0,0,0,0,0,0,-4000,0,0,0,183000,187000,-4000,-4000
057335,技嘉國票99購01  ,0,0,0,0,0,0,0,0,0,-4000,0,0,0,36000,40000,-4000,-4000
059308,T50反1元大99購07,0,0,0,0,0,0,0,0,0,-4000,0,0,0,2000,6000,-4000,-4000
060507,聯發科元大9A購03,0,0,0,0,0,0,0,0,0,-4000,0,0,0,11000,15000,-4000,-4000
060526,台積電中信9A購02,0,0,0,0,0,0,0,0,0,-4000,0,0,0,1000,5000,-4000,-4000
060368,緯穎元富9A購03  ,0,0,0,0,0,0,0,0,0,-4000,0,0,0,0,4000,-4000,-4000
06023P,超眾國票96售03  ,0,0,0,0,0,0,0,0,0,-4000,0,0,0,0,4000,-4000,-4000
058497,新日興群益9B購01,0,0,0,0,0,0,0,0,0,-4000,0,0,0,98000,102000,-4000,-4000
07958P,華擎群益9B售01  ,0,0,0,0,0,0,0,0,0,-4000,0,0,0,0,4000,-4000,-4000
07928P,國巨統一9B售09  ,0,0,0,0,0,0,0,0,0,-4000,0,0,0,1000,5000,-4000,-4000
07730P,臺股指凱基9A售22,0,0,0,0,0,0,0,0,0,-4000,0,0,0,21000,25000,-4000,-4000
07852P,臺股指國票9A售13,0,0,0,0,0,0,0,0,0,-4000,0,0,0,4000,8000,-4000,-4000
07417P,聯發科元大99售44,0,0,0,0,0,0,0,0,0,-4000,0,0,0,6000,10000,-4000,-4000
2029,盛餘            ,16000,10000,6000,0,0,0,0,0,0,-10000,0,10000,-10000,0,0,0,-4000
2493,揚博            ,130000,137000,-7000,0,0,0,0,0,0,3000,4000,1000,3000,0,0,0,-4000
2543,皇昌            ,2000,6000,-4000,0,0,0,0,0,0,0,0,0,0,0,0,0,-4000
2906,高林            ,5000,7000,-2000,0,0,0,0,0,0,-2000,0,2000,-2000,0,0,0,-4000
3419,譁裕            ,22000,30000,-8000,0,0,0,0,0,0,4000,4000,0,4000,0,0,0,-4000
3543,州巧            ,0,4000,-4000,0,0,0,0,0,0,0,0,0,0,0,0,0,-4000
07109P,聯發科中信9B售02,0,0,0,0,0,0,0,0,0,-5000,0,0,0,0,5000,-5000,-5000
07165P,臺股指群益99售16,0,0,0,0,0,0,0,0,0,-5000,0,0,0,0,5000,-5000,-5000
06806P,臺股指群益98售12,0,0,0,0,0,0,0,0,0,-5000,0,0,0,0,5000,-5000,-5000
06777P,鴻海元大99售06  ,0,0,0,0,0,0,0,0,0,-5000,0,0,0,0,5000,-5000,-5000
062824,國巨群益9C購03  ,0,0,0,0,0,0,0,0,0,-5000,0,0,0,0,5000,-5000,-5000
062836,同欣電群益9B購02,0,0,0,0,0,0,0,0,0,-5000,0,0,0,0,5000,-5000,-5000
06434P,超眾群益98售02  ,0,0,0,0,0,0,0,0,0,-5000,0,0,0,100000,105000,-5000,-5000
062739,嘉晶國票9B購02  ,0,0,0,0,0,0,0,0,0,-5000,0,0,0,0,5000,-5000,-5000
06270P,致伸凱基97售03  ,0,0,0,0,0,0,0,0,0,-5000,0,0,0,0,5000,-5000,-5000
062695,華通元大9C購01  ,0,0,0,0,0,0,0,0,0,-5000,0,0,0,0,5000,-5000,-5000
061952,臺股指群益9B購01,0,0,0,0,0,0,0,0,0,-5000,0,0,0,5000,10000,-5000,-5000
062202,國巨國票9C購04  ,0,0,0,0,0,0,0,0,0,-5000,0,0,0,0,5000,-5000,-5000
062134,國巨群益9B購04  ,0,0,0,0,0,0,0,0,0,-5000,0,0,0,10000,15000,-5000,-5000
062623,元金2X國票01購01,0,0,0,0,0,0,0,0,0,-5000,0,0,0,0,5000,-5000,-5000
061765,義隆元大9B購01  ,0,0,0,0,0,0,0,0,0,-5000,0,0,0,0,5000,-5000,-5000
061645,超眾元大9A購06  ,0,0,0,0,0,0,0,0,0,-5000,0,0,0,28000,33000,-5000,-5000
061705,健策國票9A購06  ,0,0,0,0,0,0,0,0,0,-5000,0,0,0,0,5000,-5000,-5000
061827,台灣50凱基02購01,0,0,0,0,0,0,0,0,0,-5000,0,0,0,0,5000,-5000,-5000
061406,華通國票9A購06  ,0,0,0,0,0,0,0,0,0,-5000,0,0,0,0,5000,-5000,-5000
061437,燿華凱基9A購01  ,0,0,0,0,0,0,0,0,0,-5000,0,0,0,0,5000,-5000,-5000
061539,國巨群益9B購03  ,0,0,0,0,0,0,0,0,0,-5000,0,0,0,0,5000,-5000,-5000
060951,元黃金群益9A購01,0,0,0,0,0,0,0,0,0,-5000,0,0,0,0,5000,-5000,-5000
060935,T50反1國票9A購08,0,0,0,0,0,0,0,0,0,-5000,0,0,0,0,5000,-5000,-5000
061088,國巨統一9C購05  ,0,0,0,0,0,0,0,0,0,-5000,0,0,0,0,5000,-5000,-5000
061189,可成富邦9B購02  ,0,0,0,0,0,0,0,0,0,-5000,0,0,0,20000,25000,-5000,-5000
053705,滬深2X凱基99購01,0,0,0,0,0,0,0,0,0,-5000,0,0,0,50000,55000,-5000,-5000
051422,超眾國票96購01  ,0,0,0,0,0,0,0,0,0,-5000,0,0,0,24000,29000,-5000,-5000
03686P,大立光統一98售02,0,0,0,0,0,0,0,0,0,-5000,0,0,0,0,5000,-5000,-5000
048270,T50反1富邦99購01,0,0,0,0,0,0,0,0,0,-5000,0,0,0,0,5000,-5000,-5000
020011,統一微波高息20N ,0,0,0,0,0,0,0,0,0,-5000,0,0,0,1000,6000,-5000,-5000
055471,聯發科凱基97購04,0,0,0,0,0,0,0,0,0,-5000,0,0,0,0,5000,-5000,-5000
055392,凱美統一97購03  ,0,0,0,0,0,0,0,0,0,-5000,0,0,0,0,5000,-5000,-5000
055406,大毅國泰99購01  ,0,0,0,0,0,0,0,0,0,-5000,0,0,0,0,5000,-5000,-5000
055351,聯發科凱基97購03,0,0,0,0,0,0,0,0,0,-5000,0,0,0,5000,10000,-5000,-5000
053071,南電群益96購01  ,0,0,0,0,0,0,0,0,0,-5000,0,0,0,0,5000,-5000,-5000
054071,泰鼎國泰97購02  ,0,0,0,0,0,0,0,0,0,-5000,0,0,0,0,5000,-5000,-5000
05573P,仁寶元富96售02  ,0,0,0,0,0,0,0,0,0,-5000,0,0,0,0,5000,-5000,-5000
053494,南亞科兆豐96購02,0,0,0,0,0,0,0,0,0,-5000,0,0,0,55000,60000,-5000,-5000
05189P,新光金凱基97售02,0,0,0,0,0,0,0,0,0,-5000,0,0,0,35000,40000,-5000,-5000
052790,智邦兆豐97購01  ,0,0,0,0,0,0,0,0,0,-5000,0,0,0,0,5000,-5000,-5000
052806,玉晶光元大98購04,0,0,0,0,0,0,0,0,0,-5000,0,0,0,0,5000,-5000,-5000
052676,聯發科永昌98購01,0,0,0,0,0,0,0,0,0,-5000,0,0,0,55000,60000,-5000,-5000
054830,世芯國泰99購01  ,0,0,0,0,0,0,0,0,0,-5000,0,0,0,0,5000,-5000,-5000
054821,貿聯元大9A購01  ,0,0,0,0,0,0,0,0,0,-5000,0,0,0,0,5000,-5000,-5000
054987,凱美元富97購01  ,0,0,0,0,0,0,0,0,0,-5000,0,0,0,0,5000,-5000,-5000
05427P,聯發科凱基96售07,0,0,0,0,0,0,0,0,0,-5000,0,0,0,0,5000,-5000,-5000
054282,泰鼎群益98購02  ,0,0,0,0,0,0,0,0,0,-5000,0,0,0,5000,10000,-5000,-5000
055844,大毅元大98購01  ,0,0,0,0,0,0,0,0,0,-5000,0,0,0,3000,8000,-5000,-5000
054495,滬深2X永豐97購02,0,0,0,0,0,0,0,0,0,-5000,0,0,0,0,5000,-5000,-5000
054470,緯穎國票97購04  ,0,0,0,0,0,0,0,0,0,-5000,0,0,0,3000,8000,-5000,-5000
054513,元金2X元大96購01,0,0,0,0,0,0,0,0,0,-5000,0,0,0,0,5000,-5000,-5000
054791,泰碩群益99購02  ,0,0,0,0,0,0,0,0,0,-5000,0,0,0,45000,50000,-5000,-5000
054795,合勤控群益98購01,0,0,0,0,0,0,0,0,0,-5000,0,0,0,0,5000,-5000,-5000
055276,台積電元大97購20,0,0,0,0,0,0,0,0,0,-5000,0,0,0,0,5000,-5000,-5000
060149,元金2X富邦04購01,0,0,0,0,0,0,0,0,0,-5000,0,0,0,0,5000,-5000,-5000
060014,中鋼康和99購01  ,0,0,0,0,0,0,0,0,0,-5000,0,0,0,6000,11000,-5000,-5000
059870,全新凱基99購05  ,0,0,0,0,0,0,0,0,0,-5000,0,0,0,0,5000,-5000,-5000
056497,GIS國泰99購01   ,0,0,0,0,0,0,0,0,0,-5000,0,0,0,0,5000,-5000,-5000
056192,智邦富邦98購01  ,0,0,0,0,0,0,0,0,0,-5000,0,0,0,12000,17000,-5000,-5000
056261,台積電統一97購07,0,0,0,0,0,0,0,0,0,-5000,0,0,0,0,5000,-5000,-5000
056289,合勤控永豐97購01,0,0,0,0,0,0,0,0,0,-5000,0,0,0,0,5000,-5000,-5000
060315,易華電永豐9A購01,0,0,0,0,0,0,0,0,0,-5000,0,0,0,2000,7000,-5000,-5000
057466,泰鼎永豐98購01  ,0,0,0,0,0,0,0,0,0,-5000,0,0,0,15000,20000,-5000,-5000
060527,台積電中信9C購04,0,0,0,0,0,0,0,0,0,-5000,0,0,0,1000,6000,-5000,-5000
060619,玉晶光元大9A購03,0,0,0,0,0,0,0,0,0,-5000,0,0,0,10000,15000,-5000,-5000
060615,T50反1元大9A購07,0,0,0,0,0,0,0,0,0,-5000,0,0,0,0,5000,-5000,-5000
060570,南亞科永豐9A購01,0,0,0,0,0,0,0,0,0,-5000,0,0,0,3000,8000,-5000,-5000
057032,A50反1元大9B購01,0,0,0,0,0,0,0,0,0,-5000,0,0,0,0,5000,-5000,-5000
058164,FBVIX凱基03購02 ,0,0,0,0,0,0,0,0,0,-5000,0,0,0,0,5000,-5000,-5000
058165,FBVIX凱基9C購01 ,0,0,0,0,0,0,0,0,0,-5000,0,0,0,0,5000,-5000,-5000
058158,台積電台新99購01,0,0,0,0,0,0,0,0,0,-5000,0,0,0,470000,475000,-5000,-5000
059941,聯發科永豐99購04,0,0,0,0,0,0,0,0,0,-5000,0,0,0,3000,8000,-5000,-5000
058246,帆宣元大99購01  ,0,0,0,0,0,0,0,0,0,-5000,0,0,0,20000,25000,-5000,-5000
057354,聯鈞統一99購03  ,0,0,0,0,0,0,0,0,0,-5000,0,0,0,0,5000,-5000,-5000
056704,健策國泰99購01  ,0,0,0,0,0,0,0,0,0,-5000,0,0,0,100000,105000,-5000,-5000
056634,為升兆豐99購01  ,0,0,0,0,0,0,0,0,0,-5000,0,0,0,5000,10000,-5000,-5000
05721P,全新群益98售02  ,0,0,0,0,0,0,0,0,0,-5000,0,0,0,0,5000,-5000,-5000
058277,FBVIX中信03購01 ,0,0,0,0,0,0,0,0,0,-5000,0,0,0,0,5000,-5000,-5000
058127,FBVIX元大9C購01 ,0,0,0,0,0,0,0,0,0,-5000,0,0,0,0,5000,-5000,-5000
058083,聯發科群益98購08,0,0,0,0,0,0,0,0,0,-5000,0,0,0,0,5000,-5000,-5000
057813,京元電元大98購03,0,0,0,0,0,0,0,0,0,-5000,0,0,0,0,5000,-5000,-5000
058041,FBVIX元大98購02 ,0,0,0,0,0,0,0,0,0,-5000,0,0,0,0,5000,-5000,-5000
057847,聯茂永豐98購01  ,0,0,0,0,0,0,0,0,0,-5000,0,0,0,0,5000,-5000,-5000
057609,友訊元富98購01  ,0,0,0,0,0,0,0,0,0,-5000,0,0,0,161000,166000,-5000,-5000
058946,SGBR2X群益9B購01,0,0,0,0,0,0,0,0,0,-5000,0,0,0,15000,20000,-5000,-5000
057912,美律日盛99購01  ,0,0,0,0,0,0,0,0,0,-5000,0,0,0,14000,19000,-5000,-5000
05889P,群創元大98售02  ,0,0,0,0,0,0,0,0,0,-5000,0,0,0,4000,9000,-5000,-5000
058929,可成統一9C購01  ,0,0,0,0,0,0,0,0,0,-5000,0,0,0,7000,12000,-5000,-5000
058001,FBVIX群益9B購02 ,0,0,0,0,0,0,0,0,0,-5000,0,0,0,0,5000,-5000,-5000
058002,FBVIX群益9C購01 ,0,0,0,0,0,0,0,0,0,-5000,0,0,0,0,5000,-5000,-5000
058003,FBVIX群益9C購02 ,0,0,0,0,0,0,0,0,0,-5000,0,0,0,0,5000,-5000,-5000
059766,同欣電永豐99購03,0,0,0,0,0,0,0,0,0,-5000,0,0,0,63000,68000,-5000,-5000
059720,台積電元大99購43,0,0,0,0,0,0,0,0,0,-5000,0,0,0,30000,35000,-5000,-5000
058617,南電元大99購01  ,0,0,0,0,0,0,0,0,0,-5000,0,0,0,0,5000,-5000,-5000
059118,晶技永豐9A購01  ,0,0,0,0,0,0,0,0,0,-5000,0,0,0,0,5000,-5000,-5000
058813,旺宏統一9B購04  ,0,0,0,0,0,0,0,0,0,-5000,0,0,0,3000,8000,-5000,-5000
058807,和大統一9B購01  ,0,0,0,0,0,0,0,0,0,-5000,0,0,0,0,5000,-5000,-5000
058777,台光電國票9A購01,0,0,0,0,0,0,0,0,0,-5000,0,0,0,1000,6000,-5000,-5000
058810,國巨統一9B購04  ,0,0,0,0,0,0,0,0,0,-5000,0,0,0,100000,105000,-5000,-5000
058702,國巨元大99購16  ,0,0,0,0,0,0,0,0,0,-5000,0,0,0,18000,23000,-5000,-5000
058710,臺股指元大9A購23,0,0,0,0,0,0,0,0,0,-5000,0,0,0,0,5000,-5000,-5000
3346,麗清            ,26000,32000,-6000,0,0,0,0,0,0,1000,1000,0,1000,0,0,0,-5000
3164,景岳            ,7000,13000,-6000,0,0,0,0,0,0,1000,1000,0,1000,0,0,0,-5000
2731,雄獅            ,68000,73000,-5000,0,0,0,0,0,0,0,0,0,0,0,0,0,-5000
2423,固緯            ,1000,9000,-8000,0,0,0,0,0,0,3000,3000,0,3000,0,0,0,-5000
2425,承啟            ,32000,40000,-8000,0,0,0,0,0,0,3000,3000,0,3000,0,0,0,-5000
07418P,聯發科元大99售45,0,0,0,0,0,0,0,0,0,-5000,0,0,0,0,5000,-5000,-5000
07419P,聯發科元大99售46,0,0,0,0,0,0,0,0,0,-5000,0,0,0,5000,10000,-5000,-5000
07392P,台積電國泰02售01,0,0,0,0,0,0,0,0,0,-5000,0,0,0,25000,30000,-5000,-5000
07358P,鴻海元大99售39  ,0,0,0,0,0,0,0,0,0,-5000,0,0,0,31000,36000,-5000,-5000
07309P,聯發科凱基99售18,0,0,0,0,0,0,0,0,0,-5000,0,0,0,0,5000,-5000,-5000
07274P,上証2X群益01售01,0,0,0,0,0,0,0,0,0,-5000,0,0,0,0,5000,-5000,-5000
07513P,台積電元大9A售13,0,0,0,0,0,0,0,0,0,-5000,0,0,0,0,5000,-5000,-5000
07525P,臺股指中信9B售07,0,0,0,0,0,0,0,0,0,-5000,0,0,0,0,5000,-5000,-5000
07880P,可成群益9B售05  ,0,0,0,0,0,0,0,0,0,-5000,0,0,0,22000,27000,-5000,-5000
07759P,臺股指富邦9A售04,0,0,0,0,0,0,0,0,0,-5000,0,0,0,0,5000,-5000,-5000
07751P,世紀鋼凱基9A售02,0,0,0,0,0,0,0,0,0,-5000,0,0,0,28000,33000,-5000,-5000
07942P,健策凱基9B售03  ,0,0,0,0,0,0,0,0,0,-5000,0,0,0,118000,123000,-5000,-5000
07935P,臺股指國票9B售07,0,0,0,0,0,0,0,0,0,-5000,0,0,0,0,5000,-5000,-5000
07979P,大立光凱基9B售05,0,0,0,0,0,0,0,0,0,-5000,0,0,0,55000,60000,-5000,-5000
08022P,臺股指凱基9B售08,0,0,0,0,0,0,0,0,0,-5000,0,0,0,0,5000,-5000,-5000
08033P,台灣50兆豐9C售03,0,0,0,0,0,0,0,0,0,-5000,0,0,0,0,5000,-5000,-5000
6281,全國電          ,1000,8000,-7000,0,0,0,0,0,0,2000,2000,0,2000,0,0,0,-5000
4540,全球傳動        ,17000,22000,-5000,0,0,0,0,0,0,0,0,0,0,0,0,0,-5000
8480,泰昇-KY         ,3000,8000,-5000,0,0,0,0,0,0,0,0,0,0,0,0,0,-5000
8070,長華*           ,3000,9000,-6000,0,0,0,0,0,0,1000,1000,0,1000,0,0,0,-5000
6477,安集            ,2000,8000,-6000,0,0,0,0,0,0,1000,1000,0,1000,0,0,0,-5000
6415,矽力-KY         ,719000,723296,-4296,0,0,0,0,20000,-20000,19000,22000,2000,20000,0,1000,-1000,-5296
006208,富邦台50        ,249,0,249,0,0,0,0,0,0,-6000,0,0,0,378000,384000,-6000,-5751
061203,國巨元大9A購15  ,0,0,0,0,0,0,0,0,0,-6000,0,0,0,0,6000,-6000,-6000
061022,健策國泰9B購03  ,0,0,0,0,0,0,0,0,0,-6000,0,0,0,93000,99000,-6000,-6000
060467,神基元大9A購01  ,0,0,0,0,0,0,0,0,0,-6000,0,0,0,50000,56000,-6000,-6000
060473,中租元大9A購03  ,0,0,0,0,0,0,0,0,0,-6000,0,0,0,30000,36000,-6000,-6000
060940,國巨國票9B購03  ,0,0,0,0,0,0,0,0,0,-6000,0,0,0,0,6000,-6000,-6000
061576,華新科元大9A購21,0,0,0,0,0,0,0,0,0,-6000,0,0,0,2000,8000,-6000,-6000
061822,和潤群益9B購01  ,0,0,0,0,0,0,0,0,0,-6000,0,0,0,84000,90000,-6000,-6000
061778,元金2X群益9B購02,0,0,0,0,0,0,0,0,0,-6000,0,0,0,26000,32000,-6000,-6000
062143,大成鋼國票9B購01,0,0,0,0,0,0,0,0,0,-6000,0,0,0,24000,30000,-6000,-6000
062780,旺宏元大01購01  ,0,0,0,0,0,0,0,0,0,-6000,0,0,0,0,6000,-6000,-6000
062778,國巨元大9B購17  ,0,0,0,0,0,0,0,0,0,-6000,0,0,0,0,6000,-6000,-6000
062825,聯發科群益9B購08,0,0,0,0,0,0,0,0,0,-6000,0,0,0,0,6000,-6000,-6000
06568P,國巨永豐98售05  ,0,0,0,0,0,0,0,0,0,-6000,0,0,0,15000,21000,-6000,-6000
06851P,鈺齊元大98售01  ,0,0,0,0,0,0,0,0,0,-6000,0,0,0,117000,123000,-6000,-6000
00742,新光內需收益    ,0,0,0,0,0,0,0,0,0,-6000,0,0,0,101000,107000,-6000,-6000
049893,日月光富邦98購01,0,0,0,0,0,0,0,0,0,-6000,0,0,0,0,6000,-6000,-6000
053900,T50反1日盛99購01,0,0,0,0,0,0,0,0,0,-6000,0,0,0,0,6000,-6000,-6000
055675,亞德客凱基97購02,0,0,0,0,0,0,0,0,0,-6000,0,0,0,0,6000,-6000,-6000
055390,國巨統一98購03  ,0,0,0,0,0,0,0,0,0,-6000,0,0,0,0,6000,-6000,-6000
053173,矽格群益97購01  ,0,0,0,0,0,0,0,0,0,-6000,0,0,0,54000,60000,-6000,-6000
055435,佳世達中信99購01,0,0,0,0,0,0,0,0,0,-6000,0,0,0,0,6000,-6000,-6000
05627P,致伸國票97售01  ,0,0,0,0,0,0,0,0,0,-6000,0,0,0,0,6000,-6000,-6000
05624P,同欣電中信98售01,0,0,0,0,0,0,0,0,0,-6000,0,0,0,25000,31000,-6000,-6000
056386,TPK國泰99購01   ,0,0,0,0,0,0,0,0,0,-6000,0,0,0,0,6000,-6000,-6000
059975,元金2X元大99購02,0,0,0,0,0,0,0,0,0,-6000,0,0,0,220000,226000,-6000,-6000
060038,台積電國票99購13,0,0,0,0,0,0,0,0,0,-6000,0,0,0,0,6000,-6000,-6000
055249,大毅統一99購01  ,0,0,0,0,0,0,0,0,0,-6000,0,0,0,3000,9000,-6000,-6000
055149,國巨元大97購06  ,0,0,0,0,0,0,0,0,0,-6000,0,0,0,0,6000,-6000,-6000
055138,大毅永豐97購02  ,0,0,0,0,0,0,0,0,0,-6000,0,0,0,1000,7000,-6000,-6000
055892,國巨統一99購01  ,0,0,0,0,0,0,0,0,0,-6000,0,0,0,20000,26000,-6000,-6000
058727,嘉晶富邦9A購01  ,0,0,0,0,0,0,0,0,0,-6000,0,0,0,20000,26000,-6000,-6000
059673,玉山金元富99購01,0,0,0,0,0,0,0,0,0,-6000,0,0,0,2000,8000,-6000,-6000
059789,貿聯元大9A購02  ,0,0,0,0,0,0,0,0,0,-6000,0,0,0,50000,56000,-6000,-6000
057008,華新科中信99購02,0,0,0,0,0,0,0,0,0,-6000,0,0,0,0,6000,-6000,-6000
059635,華新科凱基9A購06,0,0,0,0,0,0,0,0,0,-6000,0,0,0,0,6000,-6000,-6000
059873,華新科凱基99購09,0,0,0,0,0,0,0,0,0,-6000,0,0,0,0,6000,-6000,-6000
058055,華擎統一9A購01  ,0,0,0,0,0,0,0,0,0,-6000,0,0,0,100000,106000,-6000,-6000
056685,光罩統一98購03  ,0,0,0,0,0,0,0,0,0,-6000,0,0,0,50000,56000,-6000,-6000
056658,美食元大98購01  ,0,0,0,0,0,0,0,0,0,-6000,0,0,0,4000,10000,-6000,-6000
05814P,臺股指國票96售07,0,0,0,0,0,0,0,0,0,-6000,0,0,0,4000,10000,-6000,-6000
060653,全新群益9A購02  ,0,0,0,0,0,0,0,0,0,-6000,0,0,0,0,6000,-6000,-6000
1110,東泥            ,7000,13000,-6000,0,0,0,0,0,0,0,0,0,0,0,0,0,-6000
07708P,玉晶光元大9A售13,0,0,0,0,0,0,0,0,0,-6000,0,0,0,99000,105000,-6000,-6000
1437,勤益控          ,18000,24000,-6000,0,0,0,0,0,0,0,0,0,0,0,0,0,-6000
1540,喬福            ,3000,9000,-6000,0,0,0,0,0,0,0,0,0,0,0,0,0,-6000
1615,大山            ,3000,9000,-6000,0,0,0,0,0,0,0,0,0,0,0,0,0,-6000
2476,鉅祥            ,5000,11000,-6000,0,0,0,0,0,0,0,0,0,0,0,0,0,-6000
06845P,億光元大98售02  ,0,0,0,0,0,0,0,0,0,-7000,0,0,0,25000,32000,-7000,-7000
06532P,友達元富98售04  ,0,0,0,0,0,0,0,0,0,-7000,0,0,0,0,7000,-7000,-7000
06441P,台積電凱基98售08,0,0,0,0,0,0,0,0,0,-7000,0,0,0,0,7000,-7000,-7000
062742,技嘉國泰01購01  ,0,0,0,0,0,0,0,0,0,-7000,0,0,0,0,7000,-7000,-7000
062572,元金反群益9C購01,0,0,0,0,0,0,0,0,0,-7000,0,0,0,0,7000,-7000,-7000
062510,台積電國票01購01,0,0,0,0,0,0,0,0,0,-7000,0,0,0,8000,15000,-7000,-7000
062478,牧德國票9B購03  ,0,0,0,0,0,0,0,0,0,-7000,0,0,0,0,7000,-7000,-7000
06249P,億光統一97售02  ,0,0,0,0,0,0,0,0,0,-7000,0,0,0,0,7000,-7000,-7000
062370,華擎元大9B購01  ,0,0,0,0,0,0,0,0,0,-7000,0,0,0,13000,20000,-7000,-7000
061505,力成國票9A購03  ,0,0,0,0,0,0,0,0,0,-7000,0,0,0,0,7000,-7000,-7000
061058,健策國票9A購05  ,0,0,0,0,0,0,0,0,0,-7000,0,0,0,0,7000,-7000,-7000
061145,臻鼎中信9A購02  ,0,0,0,0,0,0,0,0,0,-7000,0,0,0,143000,150000,-7000,-7000
060054,華新科凱基9B購04,0,0,0,0,0,0,0,0,0,-7000,0,0,0,3000,10000,-7000,-7000
060109,茂林元大99購05  ,0,0,0,0,0,0,0,0,0,-7000,0,0,0,13000,20000,-7000,-7000
060103,聯詠元大99購01  ,0,0,0,0,0,0,0,0,0,-7000,0,0,0,63000,70000,-7000,-7000
054111,緯穎凱基97購01  ,0,0,0,0,0,0,0,0,0,-7000,0,0,0,0,7000,-7000,-7000
055668,欣興群益97購01  ,0,0,0,0,0,0,0,0,0,-7000,0,0,0,3000,10000,-7000,-7000
049539,元油2X群益9A購01,0,0,0,0,0,0,0,0,0,-7000,0,0,0,0,7000,-7000,-7000
03022X,富展01          ,0,0,0,0,0,0,0,0,0,-7000,0,0,0,0,7000,-7000,-7000
06051P,嘉聯益國票97售04,0,0,0,0,0,0,0,0,0,-7000,0,0,0,0,7000,-7000,-7000
057957,嘉晶元大98購01  ,0,0,0,0,0,0,0,0,0,-7000,0,0,0,4000,11000,-7000,-7000
059538,健策凱基99購03  ,0,0,0,0,0,0,0,0,0,-7000,0,0,0,0,7000,-7000,-7000
059532,華新科凱基9B購03,0,0,0,0,0,0,0,0,0,-7000,0,0,0,4000,11000,-7000,-7000
059489,上証2X國票9A購01,0,0,0,0,0,0,0,0,0,-7000,0,0,0,3000,10000,-7000,-7000
058698,華通元大99購05  ,0,0,0,0,0,0,0,0,0,-7000,0,0,0,0,7000,-7000,-7000
058540,嘉聯益國泰9A購02,0,0,0,0,0,0,0,0,0,-7000,0,0,0,0,7000,-7000,-7000
059139,全新兆豐9A購01  ,0,0,0,0,0,0,0,0,0,-7000,0,0,0,0,7000,-7000,-7000
2509,全坤建          ,2000,9000,-7000,0,0,0,0,0,0,0,0,0,0,0,0,0,-7000
2702,華園            ,9000,16000,-7000,0,0,0,0,0,0,0,0,0,0,0,0,0,-7000
1531,高林股          ,14000,21000,-7000,0,0,0,0,0,0,0,0,0,0,0,0,0,-7000
2443,億麗            ,0,7000,-7000,0,0,0,0,0,0,0,0,0,0,0,0,0,-7000
2438,翔耀            ,2000,9000,-7000,0,0,0,0,0,0,0,0,0,0,0,0,0,-7000
2413,環科            ,9000,19000,-10000,0,0,0,0,0,0,3000,3000,0,3000,0,0,0,-7000
1432,大魯閣          ,1000,8000,-7000,0,0,0,0,0,0,0,0,0,0,0,0,0,-7000
4571,鈞興-KY         ,0,7000,-7000,0,0,0,0,0,0,0,0,0,0,0,0,0,-7000
4912,聯德控股-KY     ,7000,14000,-7000,0,0,0,0,0,0,0,0,0,0,0,0,0,-7000
6243,迅杰            ,1000,1000,0,0,0,0,0,0,0,-7000,0,7000,-7000,0,0,0,-7000
061287,大立光統一9B購06,0,0,0,0,0,0,0,0,0,-8000,0,0,0,0,8000,-8000,-8000
060999,國巨兆豐9A購01  ,0,0,0,0,0,0,0,0,0,-8000,0,0,0,10000,18000,-8000,-8000
060861,漢唐永豐9A購01  ,0,0,0,0,0,0,0,0,0,-8000,0,0,0,40000,48000,-8000,-8000
061551,GIS群益9A購01   ,0,0,0,0,0,0,0,0,0,-8000,0,0,0,0,8000,-8000,-8000
061296,台積電國泰9C購01,0,0,0,0,0,0,0,0,0,-8000,0,0,0,2000,10000,-8000,-8000
061366,台勝科國票9A購01,0,0,0,0,0,0,0,0,0,-8000,0,0,0,10000,18000,-8000,-8000
061833,華新科凱基02購01,0,0,0,0,0,0,0,0,0,-8000,0,0,0,10000,18000,-8000,-8000
062673,台新金中信03購01,0,0,0,0,0,0,0,0,0,-8000,0,0,0,0,8000,-8000,-8000
06405P,億光元富97售02  ,0,0,0,0,0,0,0,0,0,-8000,0,0,0,0,8000,-8000,-8000
06494P,鴻海永昌98售03  ,0,0,0,0,0,0,0,0,0,-8000,0,0,0,0,8000,-8000,-8000
06859P,元金2X中信9C售01,0,0,0,0,0,0,0,0,0,-8000,0,0,0,2000,10000,-8000,-8000
0055,元大MSCI金融    ,0,0,0,0,0,0,0,0,0,-8000,0,0,0,12000,20000,-8000,-8000
055583,國巨元大97購10  ,0,0,0,0,0,0,0,0,0,-8000,0,0,0,5000,13000,-8000,-8000
060053,聯發科凱基9B購02,0,0,0,0,0,0,0,0,0,-8000,0,0,0,2000,10000,-8000,-8000
059993,上銀元富99購01  ,0,0,0,0,0,0,0,0,0,-8000,0,0,0,32000,40000,-8000,-8000
056366,玉晶光元大99購04,0,0,0,0,0,0,0,0,0,-8000,0,0,0,8000,16000,-8000,-8000
05628P,茂林國票97售02  ,0,0,0,0,0,0,0,0,0,-8000,0,0,0,0,8000,-8000,-8000
059954,華新科康和99購01,0,0,0,0,0,0,0,0,0,-8000,0,0,0,59000,67000,-8000,-8000
054890,聯鈞統一99購01  ,0,0,0,0,0,0,0,0,0,-8000,0,0,0,0,8000,-8000,-8000
054770,健策國票98購01  ,0,0,0,0,0,0,0,0,0,-8000,0,0,0,3000,11000,-8000,-8000
058738,FBVIX中信03購04 ,0,0,0,0,0,0,0,0,0,-8000,0,0,0,0,8000,-8000,-8000
05916P,聯發科元大96售20,0,0,0,0,0,0,0,0,0,-8000,0,0,0,0,8000,-8000,-8000
058939,台積電中信9B購01,0,0,0,0,0,0,0,0,0,-8000,0,0,0,0,8000,-8000,-8000
05887P,友達元富99售03  ,0,0,0,0,0,0,0,0,0,-8000,0,0,0,0,8000,-8000,-8000
058070,華新科凱基98購07,0,0,0,0,0,0,0,0,0,-8000,0,0,0,0,8000,-8000,-8000
057625,泰鼎國泰9A購01  ,0,0,0,0,0,0,0,0,0,-8000,0,0,0,2000,10000,-8000,-8000
057533,晶相光元大98購02,0,0,0,0,0,0,0,0,0,-8000,0,0,0,0,8000,-8000,-8000
057670,欣興元大99購02  ,0,0,0,0,0,0,0,0,0,-8000,0,0,0,36000,44000,-8000,-8000
060366,健策元富9A購01  ,0,0,0,0,0,0,0,0,0,-8000,0,0,0,100000,108000,-8000,-8000
060347,大立光統一02購01,0,0,0,0,0,0,0,0,0,-8000,0,0,0,15000,23000,-8000,-8000
060562,旺宏富邦9C購02  ,0,0,0,0,0,0,0,0,0,-8000,0,0,0,21000,29000,-8000,-8000
058214,世芯群益9A購01  ,0,0,0,0,0,0,0,0,0,-8000,0,0,0,0,8000,-8000,-8000
058290,南電國票9A購01  ,0,0,0,0,0,0,0,0,0,-8000,0,0,0,0,8000,-8000,-8000
059368,T50正2元富99購02,0,0,0,0,0,0,0,0,0,-8000,0,0,0,4000,12000,-8000,-8000
9902,台火            ,2000,12000,-10000,0,0,0,0,0,0,2000,2000,0,2000,0,0,0,-8000
07940P,國巨群益9B售06  ,0,0,0,0,0,0,0,0,0,-8000,0,0,0,2000,10000,-8000,-8000
07496P,鴻海元大9A售05  ,0,0,0,0,0,0,0,0,0,-8000,0,0,0,0,8000,-8000,-8000
07434P,臺股指國票9A售06,0,0,0,0,0,0,0,0,0,-8000,0,0,0,0,8000,-8000,-8000
2433,互盛電          ,4000,14000,-10000,0,0,0,0,0,0,2000,2000,0,2000,0,0,0,-8000
1473,台南            ,25000,34000,-9000,0,0,0,0,0,0,1000,1000,0,1000,0,0,0,-8000
3550,聯穎            ,0,0,0,0,0,0,0,0,0,-8000,1000,9000,-8000,0,0,0,-8000
06746P,聯發科群益99售02,0,0,0,0,0,0,0,0,0,-9000,0,0,0,25000,34000,-9000,-9000
06487P,聯發科統一99售02,0,0,0,0,0,0,0,0,0,-9000,0,0,0,13000,22000,-9000,-9000
06376P,上銀統一99售01  ,0,0,0,0,0,0,0,0,0,-9000,0,0,0,11000,20000,-9000,-9000
06328P,台積電中信01售02,0,0,0,0,0,0,0,0,0,-9000,0,0,0,1000,10000,-9000,-9000
062672,兆豐金中信03購01,0,0,0,0,0,0,0,0,0,-9000,0,0,0,0,9000,-9000,-9000
062638,茂林國票9C購01  ,0,0,0,0,0,0,0,0,0,-9000,0,0,0,26000,35000,-9000,-9000
062146,大毅國票9B購01  ,0,0,0,0,0,0,0,0,0,-9000,0,0,0,0,9000,-9000,-9000
062064,台灣50元大9B購13,0,0,0,0,0,0,0,0,0,-9000,0,0,0,0,9000,-9000,-9000
061880,台郡元大9B購02  ,0,0,0,0,0,0,0,0,0,-9000,0,0,0,104000,113000,-9000,-9000
061945,華通群益9B購04  ,0,0,0,0,0,0,0,0,0,-9000,0,0,0,13000,22000,-9000,-9000
060714,晶技永豐9A購02  ,0,0,0,0,0,0,0,0,0,-9000,0,0,0,2000,11000,-9000,-9000
054684,裕隆永豐97購01  ,0,0,0,0,0,0,0,0,0,-9000,0,0,0,1000,10000,-9000,-9000
054908,群電康和97購01  ,0,0,0,0,0,0,0,0,0,-9000,0,0,0,0,9000,-9000,-9000
056428,台達電凱基99購01,0,0,0,0,0,0,0,0,0,-9000,0,0,0,4000,13000,-9000,-9000
060063,可成兆豐9B購01  ,0,0,0,0,0,0,0,0,0,-9000,0,0,0,0,9000,-9000,-9000
060111,臻鼎元大99購04  ,0,0,0,0,0,0,0,0,0,-9000,0,0,0,1000,10000,-9000,-9000
060130,瀚宇博永豐99購02,0,0,0,0,0,0,0,0,0,-9000,0,0,0,1000,10000,-9000,-9000
057894,華通元富02購02  ,0,0,0,0,0,0,0,0,0,-9000,0,0,0,0,9000,-9000,-9000
052049,緯創凱基97購01  ,0,0,0,0,0,0,0,0,0,-9000,0,0,0,51000,60000,-9000,-9000
00771,元大US高息特別股,0,0,0,0,0,0,0,0,0,-9000,0,0,0,0,9000,-9000,-9000
057105,致茂群益9A購01  ,0,0,0,0,0,0,0,0,0,-9000,0,0,0,107000,116000,-9000,-9000
057111,立積群益98購02  ,0,0,0,0,0,0,0,0,0,-9000,0,0,0,0,9000,-9000,-9000
060648,鴻海第一9A購01  ,0,0,0,0,0,0,0,0,0,-9000,0,0,0,9000,18000,-9000,-9000
060387,盛群凱基9A購01  ,10000,0,10000,0,0,0,0,0,0,-19000,0,0,0,11000,30000,-19000,-9000
058374,玉晶光凱基9A購03,0,0,0,0,0,0,0,0,0,-9000,0,0,0,1000,10000,-9000,-9000
057651,矽力元大98購03  ,0,0,0,0,0,0,0,0,0,-9000,0,0,0,10000,19000,-9000,-9000
057587,微星國票99購01  ,0,0,0,0,0,0,0,0,0,-9000,0,0,0,0,9000,-9000,-9000
059027,神達台新99購02  ,0,0,0,0,0,0,0,0,0,-9000,0,0,0,0,9000,-9000,-9000
057935,晶技群益98購02  ,0,0,0,0,0,0,0,0,0,-9000,0,0,0,2000,11000,-9000,-9000
059131,國巨群益99購07  ,0,0,0,0,0,0,0,0,0,-9000,0,0,0,2000,11000,-9000,-9000
059443,嘉聯益元大9B購01,0,0,0,0,0,0,0,0,0,-9000,0,0,0,0,9000,-9000,-9000
1808,潤隆            ,27000,38000,-11000,0,0,0,0,0,0,2000,2000,0,2000,0,0,0,-9000
07775P,國巨群益9A售10  ,0,0,0,0,0,0,0,0,0,-9000,0,0,0,2000,11000,-9000,-9000
5283,禾聯碩          ,8000,18000,-10000,0,0,0,0,0,0,1000,1000,0,1000,1000,1000,0,-9000
060745,京元電國票9A購01,0,0,0,0,0,0,0,0,0,-10000,0,0,0,0,10000,-10000,-10000
060768,鴻海麥證9A購02  ,0,0,0,0,10000,-10000,0,0,0,-10000,0,0,0,0,10000,-10000,-10000
060783,亞德客富邦9B購01,0,0,0,0,0,0,0,0,0,-10000,0,0,0,0,10000,-10000,-10000
060882,大立光中信9A購05,0,0,0,0,0,0,0,0,0,-10000,0,0,0,0,10000,-10000,-10000
060923,全新永豐9A購01  ,0,0,0,0,0,0,0,0,0,-10000,0,0,0,0,10000,-10000,-10000
060930,超眾永豐9A購03  ,0,0,0,0,0,0,0,0,0,-10000,0,0,0,0,10000,-10000,-10000
061000,旺宏兆豐9A購02  ,0,0,0,0,0,0,0,0,0,-10000,0,0,0,0,10000,-10000,-10000
061021,聯電國泰9B購01  ,0,0,0,0,0,0,0,0,0,-10000,0,0,0,0,10000,-10000,-10000
061018,台積電國票9B購05,0,0,0,0,0,0,0,0,0,-10000,0,0,0,2000,12000,-10000,-10000
061107,世芯元大9A購05  ,0,0,0,0,0,0,0,0,0,-10000,0,0,0,3000,13000,-10000,-10000
061280,國巨統一9C購06  ,0,0,0,0,0,0,0,0,0,-10000,0,0,0,23000,33000,-10000,-10000
061282,台積電統一9C購06,0,0,0,0,0,0,0,0,0,-10000,0,0,0,0,10000,-10000,-10000
061258,華通凱基9A購06  ,0,0,0,0,0,0,0,0,0,-10000,0,0,0,0,10000,-10000,-10000
061223,T50反1中信01購01,0,0,0,0,0,0,0,0,0,-10000,0,0,0,0,10000,-10000,-10000
061228,聯茂中信9A購01  ,0,0,0,0,0,0,0,0,0,-10000,0,0,0,85000,95000,-10000,-10000
061118,GIS富邦9A購01   ,0,0,0,0,0,0,0,0,0,-10000,0,0,0,0,10000,-10000,-10000
061955,FANG+統一9B購01 ,0,0,0,0,0,0,0,0,0,-10000,0,0,0,0,10000,-10000,-10000
061925,禾伸堂凱基9C購01,0,0,0,0,0,0,0,0,0,-10000,0,0,0,30000,40000,-10000,-10000
061911,台積電中信05購04,0,0,0,0,0,0,0,0,0,-10000,0,0,0,1000,11000,-10000,-10000
061834,華新科凱基02購02,0,0,0,0,0,0,0,0,0,-10000,0,0,0,0,10000,-10000,-10000
061799,奇鋐永豐9B購01  ,0,0,0,0,0,0,0,0,0,-10000,0,0,0,0,10000,-10000,-10000
061787,華新科群益9C購01,0,0,0,0,0,0,0,0,0,-10000,0,0,0,0,10000,-10000,-10000
061723,嘉聯益永豐9A購03,0,0,0,0,0,0,0,0,0,-10000,0,0,0,0,10000,-10000,-10000
061352,茂林元大9A購04  ,0,0,0,0,0,0,0,0,0,-10000,0,0,0,0,10000,-10000,-10000
06145P,華新科永豐97售02,0,0,0,0,0,0,0,0,0,-10000,0,0,0,4000,14000,-10000,-10000
061581,貿聯元大9A購05  ,0,0,0,0,0,0,0,0,0,-10000,0,0,0,68000,78000,-10000,-10000
061593,智原永豐9A購01  ,0,0,0,0,0,0,0,0,0,-10000,0,0,0,0,10000,-10000,-10000
061606,景碩凱基9A購02  ,0,0,0,0,0,0,0,0,0,-10000,0,0,0,0,10000,-10000,-10000
061490,茂林兆豐9B購01  ,0,0,0,0,0,0,0,0,0,-10000,0,0,0,10000,20000,-10000,-10000
061486,國巨兆豐9B購02  ,0,0,0,0,0,0,0,0,0,-10000,0,0,0,0,10000,-10000,-10000
061526,宏達電凱基9A購04,0,0,0,0,0,0,0,0,0,-10000,0,0,0,0,10000,-10000,-10000
061517,瑞祺永豐9A購03  ,0,0,0,0,0,0,0,0,0,-10000,0,0,0,0,10000,-10000,-10000
062035,瑞祺群益9B購01  ,0,0,0,0,0,0,0,0,0,-10000,0,0,0,0,10000,-10000,-10000
062026,華邦電群益9B購01,0,0,0,0,0,0,0,0,0,-10000,0,0,0,20000,30000,-10000,-10000
062200,臺指反國票03購01,0,0,0,0,0,0,0,0,0,-10000,0,0,0,0,10000,-10000,-10000
062180,瑞昱元大9B購03  ,0,0,0,0,0,0,0,0,0,-10000,0,0,0,262000,272000,-10000,-10000
062576,華擎群益9B購02  ,0,0,0,0,0,0,0,0,0,-10000,0,0,0,0,10000,-10000,-10000
062615,亞德客元大9B購02,0,0,0,0,0,0,0,0,0,-10000,0,0,0,0,10000,-10000,-10000
062501,台積電群益9C購03,0,0,0,0,0,0,0,0,0,-10000,0,0,0,3000,13000,-10000,-10000
062492,牧德第一9B購01  ,0,0,0,0,0,0,0,0,0,-10000,0,0,0,0,10000,-10000,-10000
062524,鴻海統一9C購09  ,0,0,0,0,0,0,0,0,0,-10000,0,0,0,0,10000,-10000,-10000
062543,華通富邦9C購01  ,0,0,0,0,0,0,0,0,0,-10000,0,0,0,0,10000,-10000,-10000
062364,瑞昱元大9B購04  ,0,0,0,0,0,0,0,0,0,-10000,0,0,0,137000,147000,-10000,-10000
06232P,智易永豐97售01  ,0,0,0,0,0,0,0,0,0,-10000,0,0,0,0,10000,-10000,-10000
062321,力成台新9B購01  ,0,0,0,0,0,0,0,0,0,-10000,0,0,0,0,10000,-10000,-10000
062403,健策永豐9B購06  ,0,0,0,0,0,0,0,0,0,-10000,0,0,0,5000,15000,-10000,-10000
062666,和碩群益9B購01  ,0,0,0,0,0,0,0,0,0,-10000,0,0,0,0,10000,-10000,-10000
062734,臺指反國票9C購03,0,0,0,0,0,0,0,0,0,-10000,0,0,0,0,10000,-10000,-10000
062781,微星元大9C購01  ,0,0,0,0,0,0,0,0,0,-10000,0,0,0,0,10000,-10000,-10000
062768,南電凱基9B購04  ,0,0,0,0,0,0,0,0,0,-10000,0,0,0,0,10000,-10000,-10000
062858,微星國票9B購01  ,0,0,0,0,0,0,0,0,0,-10000,0,0,0,0,10000,-10000,-10000
062851,建準永豐9B購02  ,0,0,0,0,0,0,0,0,0,-10000,0,0,0,0,10000,-10000,-10000
06497P,大立光凱基98售11,0,0,0,0,0,0,0,0,0,-10000,0,0,0,2000,12000,-10000,-10000
06503P,臺股指中信9A售02,0,0,0,0,0,0,0,0,0,-10000,0,0,0,0,10000,-10000,-10000
06477P,緯穎國票99售02  ,0,0,0,0,0,0,0,0,0,-10000,0,0,0,0,10000,-10000,-10000
06699P,台積電統一98售11,0,0,0,0,0,0,0,0,0,-10000,0,0,0,0,10000,-10000,-10000
06715P,台積電元大99售04,0,0,0,0,0,0,0,0,0,-10000,0,0,0,0,10000,-10000,-10000
06751P,旺宏凱基98售10  ,0,0,0,0,0,0,0,0,0,-10000,0,0,0,5000,15000,-10000,-10000
06783P,亞光元大98售03  ,0,0,0,0,0,0,0,0,0,-10000,0,0,0,5000,15000,-10000,-10000
06984P,上銀富邦9B售01  ,0,0,0,0,0,0,0,0,0,-10000,0,0,0,58000,68000,-10000,-10000
06887P,華新科元大98售04,0,0,0,0,0,0,0,0,0,-10000,0,0,0,0,10000,-10000,-10000
06928P,鴻海元大99售10  ,0,0,0,0,0,0,0,0,0,-10000,0,0,0,40000,50000,-10000,-10000
06913P,聯發科元大98售14,0,0,0,0,0,0,0,0,0,-10000,0,0,0,0,10000,-10000,-10000
07166P,台灣50兆豐03售01,0,0,0,0,0,0,0,0,0,-10000,0,0,0,0,10000,-10000,-10000
00706L,元大S&P日圓正2  ,0,0,0,0,0,0,0,0,0,-10000,0,0,0,1000,11000,-10000,-10000
047213,新日興富邦97購01,0,0,0,0,0,0,0,0,0,-10000,0,0,0,80000,90000,-10000,-10000
050710,元黃金中信96購01,0,0,0,0,0,0,0,0,0,-10000,0,0,0,0,10000,-10000,-10000
05138P,嘉聯益凱基96售02,0,0,0,0,0,0,0,0,0,-10000,0,0,0,0,10000,-10000,-10000
051393,新光金兆豐96購01,0,0,0,0,0,0,0,0,0,-10000,0,0,0,0,10000,-10000,-10000
04933P,中石化中信96售01,0,0,0,0,0,0,0,0,0,-10000,0,0,0,0,10000,-10000,-10000
049117,矽格統一96購01  ,0,0,0,0,0,0,0,0,0,-10000,0,0,0,0,10000,-10000,-10000
050014,國巨富邦98購01  ,0,0,0,0,0,0,0,0,0,-10000,0,0,0,0,10000,-10000,-10000
049892,國巨富邦96購01  ,0,0,0,0,0,0,0,0,0,-10000,0,0,0,0,10000,-10000,-10000
053895,智易群益96購02  ,0,0,0,0,0,0,0,0,0,-10000,0,0,0,0,10000,-10000,-10000
053945,國巨富邦98購02  ,0,0,0,0,0,0,0,0,0,-10000,0,0,0,0,10000,-10000,-10000
053205,台光電麥證96購01,0,0,0,0,10000,-10000,0,0,0,-10000,0,0,0,0,10000,-10000,-10000
053206,聯發科麥證96購02,0,0,0,0,10000,-10000,0,0,0,-10000,0,0,0,0,10000,-10000,-10000
053345,欣興國票97購02  ,0,0,0,0,0,0,0,0,0,-10000,0,0,0,0,10000,-10000,-10000
053671,可成統一96購03  ,0,0,0,0,0,0,0,0,0,-10000,0,0,0,0,10000,-10000,-10000
053758,華新科國泰97購02,0,0,0,0,0,0,0,0,0,-10000,0,0,0,10000,20000,-10000,-10000
053858,台達電元大96購05,0,0,0,0,0,0,0,0,0,-10000,0,0,0,10000,20000,-10000,-10000
053486,T50反1兆豐96購01,0,0,0,0,0,0,0,0,0,-10000,0,0,0,20000,30000,-10000,-10000
053497,新光金兆豐97購01,0,0,0,0,0,0,0,0,0,-10000,0,0,0,0,10000,-10000,-10000
052325,高股息中信99購01,0,0,0,0,0,0,0,0,0,-10000,0,0,0,0,10000,-10000,-10000
052766,玉晶光群益9A購01,0,0,0,0,0,0,0,0,0,-10000,0,0,0,0,10000,-10000,-10000
052775,滬深2X國票99購02,0,0,0,0,0,0,0,0,0,-10000,0,0,0,0,10000,-10000,-10000
05303P,華通國泰97售01  ,0,0,0,0,0,0,0,0,0,-10000,0,0,0,20000,30000,-10000,-10000
052953,百和國票97購01  ,0,0,0,0,0,0,0,0,0,-10000,0,0,0,0,10000,-10000,-10000
052936,華通兆豐98購01  ,0,0,0,0,0,0,0,0,0,-10000,0,0,0,0,10000,-10000,-10000
05558P,鴻海麥證96售01  ,0,0,0,0,10000,-10000,0,0,0,-10000,0,0,0,0,10000,-10000,-10000
05565P,鎧勝元大96售01  ,0,0,0,0,0,0,0,0,0,-10000,0,0,0,50000,60000,-10000,-10000
05564P,玉晶光元大97售02,0,0,0,0,0,0,0,0,0,-10000,0,0,0,0,10000,-10000,-10000
055728,緯穎元大97購03  ,0,0,0,0,0,0,0,0,0,-10000,0,0,0,0,10000,-10000,-10000
055420,欣興永豐98購01  ,0,0,0,0,0,0,0,0,0,-10000,0,0,0,0,10000,-10000,-10000
055353,華新科凱基98購03,0,0,0,0,0,0,0,0,0,-10000,0,0,0,0,10000,-10000,-10000
053075,欣興永豐96購01  ,0,0,0,0,0,0,0,0,0,-10000,0,0,0,0,10000,-10000,-10000
053098,國巨元富96購04  ,0,0,0,0,0,0,0,0,0,-10000,0,0,0,0,10000,-10000,-10000
053054,禾伸堂國票97購01,0,0,0,0,0,0,0,0,0,-10000,0,0,0,0,10000,-10000,-10000
057896,嘉晶元富98購01  ,0,0,0,0,0,0,0,0,0,-10000,0,0,0,0,10000,-10000,-10000
057907,台達電亞東99購01,0,0,0,0,0,0,0,0,0,-10000,0,0,0,0,10000,-10000,-10000
056762,亞德客元大98購01,0,0,0,0,0,0,0,0,0,-10000,0,0,0,20000,30000,-10000,-10000
056739,美律凱基98購04  ,0,0,0,0,0,0,0,0,0,-10000,0,0,0,0,10000,-10000,-10000
056753,群創兆豐98購02  ,0,0,0,0,0,0,0,0,0,-10000,0,0,0,0,10000,-10000,-10000
056751,和大兆豐98購01  ,0,0,0,0,0,0,0,0,0,-10000,0,0,0,0,10000,-10000,-10000
056772,欣興元大99購01  ,0,0,0,0,0,0,0,0,0,-10000,0,0,0,46000,56000,-10000,-10000
057853,旺宏國票99購05  ,0,0,0,0,0,0,0,0,0,-10000,0,0,0,0,10000,-10000,-10000
060131,GIS永豐99購03   ,0,0,0,0,0,0,0,0,0,-10000,0,0,0,0,10000,-10000,-10000
060055,宏達電凱基99購06,0,0,0,0,0,0,0,0,0,-10000,0,0,0,50000,60000,-10000,-10000
060049,華通凱基99購06  ,0,0,0,0,0,0,0,0,0,-10000,0,0,0,10000,20000,-10000,-10000
059974,臺指反元大9C購05,0,0,0,0,0,0,0,0,0,-10000,0,0,0,0,10000,-10000,-10000
060018,國產康和99購01  ,0,0,0,0,0,0,0,0,0,-10000,0,0,0,0,10000,-10000,-10000
060019,彰銀康和99購01  ,0,0,0,0,0,0,0,0,0,-10000,0,0,0,0,10000,-10000,-10000
060010,義隆群益99購02  ,0,0,0,0,0,0,0,0,0,-10000,0,0,0,0,10000,-10000,-10000
056414,國巨中信98購02  ,0,0,0,0,0,0,0,0,0,-10000,0,0,0,0,10000,-10000,-10000
056408,奇鋐國票99購01  ,0,0,0,0,0,0,0,0,0,-10000,0,0,0,0,10000,-10000,-10000
056332,台郡國票99購01  ,0,0,0,0,0,0,0,0,0,-10000,0,0,0,0,10000,-10000,-10000
056312,茂林元大98購01  ,0,0,0,0,0,0,0,0,0,-10000,0,0,0,0,10000,-10000,-10000
056291,聯茂永豐97購03  ,0,0,0,0,0,0,0,0,0,-10000,0,0,0,0,10000,-10000,-10000
056279,新日興富邦99購01,0,0,0,0,0,0,0,0,0,-10000,0,0,0,0,10000,-10000,-10000
056193,聯發科富邦99購08,0,0,0,0,0,0,0,0,0,-10000,0,0,0,0,10000,-10000,-10000
056200,大毅永豐98購01  ,0,0,0,0,0,0,0,0,0,-10000,0,0,0,0,10000,-10000,-10000
059955,美食康和99購01  ,0,0,0,0,0,0,0,0,0,-10000,0,0,0,50000,60000,-10000,-10000
054640,健策中信9B購01  ,0,0,0,0,0,0,0,0,0,-10000,0,0,0,0,10000,-10000,-10000
054573,漢唐元大98購01  ,0,0,0,0,0,0,0,0,0,-10000,0,0,0,0,10000,-10000,-10000
054574,美律元大99購01  ,0,0,0,0,0,0,0,0,0,-10000,0,0,0,0,10000,-10000,-10000
056515,燿華兆豐99購01  ,0,0,0,0,0,0,0,0,0,-10000,0,0,0,0,10000,-10000,-10000
056461,樺漢凱基98購02  ,0,0,0,0,0,0,0,0,0,-10000,0,0,0,0,10000,-10000,-10000
056474,華新科元大99購05,0,0,0,0,0,0,0,0,0,-10000,0,0,0,0,10000,-10000,-10000
054848,群創兆豐98購01  ,0,0,0,0,0,0,0,0,0,-10000,0,0,0,0,10000,-10000,-10000
054309,禾伸堂凱基98購01,0,0,0,0,0,0,0,0,0,-10000,0,0,0,0,10000,-10000,-10000
055107,旺宏凱基98購04  ,0,0,0,0,0,0,0,0,0,-10000,0,0,0,0,10000,-10000,-10000
055029,帆宣國泰99購01  ,0,0,0,0,0,0,0,0,0,-10000,0,0,0,0,10000,-10000,-10000
055900,瀚宇博中信97購01,0,0,0,0,0,0,0,0,0,-10000,0,0,0,0,10000,-10000,-10000
055923,矽力凱基98購01  ,0,0,0,0,0,0,0,0,0,-10000,0,0,0,6000,16000,-10000,-10000
054204,元金2X國票9B購02,0,0,0,0,0,0,0,0,0,-10000,0,0,0,0,10000,-10000,-10000
054466,欣興凱基97購03  ,0,0,0,0,0,0,0,0,0,-10000,0,0,0,0,10000,-10000,-10000
054462,旺宏凱基96購08  ,0,0,0,0,0,0,0,0,0,-10000,0,0,0,0,10000,-10000,-10000
05442P,鴻海元大96售13  ,0,0,0,0,0,0,0,0,0,-10000,0,0,0,0,10000,-10000,-10000
054437,欣興台新97購02  ,0,0,0,0,0,0,0,0,0,-10000,0,0,0,0,10000,-10000,-10000
05472P,國巨統一96售02  ,0,0,0,0,0,0,0,0,0,-10000,0,0,0,0,10000,-10000,-10000
055174,精元統一97購01  ,0,0,0,0,0,0,0,0,0,-10000,0,0,0,0,10000,-10000,-10000
055129,鈺齊兆豐97購01  ,0,0,0,0,0,0,0,0,0,-10000,0,0,0,0,10000,-10000,-10000
054413,台光電元大96購03,0,0,0,0,0,0,0,0,0,-10000,0,0,0,0,10000,-10000,-10000
054361,技嘉凱基96購01  ,0,0,0,0,0,0,0,0,0,-10000,0,0,0,1000,11000,-10000,-10000
05529P,臺股指群益96售02,0,0,0,0,0,0,0,0,0,-10000,0,0,0,0,10000,-10000,-10000
055996,矽力國泰99購01  ,0,0,0,0,0,0,0,0,0,-10000,0,0,0,0,10000,-10000,-10000
059500,鴻海元富99購11  ,0,0,0,0,0,0,0,0,0,-10000,0,0,0,0,10000,-10000,-10000
059207,臺指反元大9C購02,0,0,0,0,0,0,0,0,0,-10000,0,0,0,0,10000,-10000,-10000
059214,國巨元大99購20  ,0,0,0,0,0,0,0,0,0,-10000,0,0,0,6000,16000,-10000,-10000
059535,玉山金凱基99購01,0,0,0,0,0,0,0,0,0,-10000,0,0,0,0,10000,-10000,-10000
059515,牧德永豐99購01  ,0,0,0,0,0,0,0,0,0,-10000,0,0,0,0,10000,-10000,-10000
059636,宏達電凱基99購05,0,0,0,0,0,0,0,0,0,-10000,0,0,0,0,10000,-10000,-10000
059629,友達凱基99購06  ,0,0,0,0,0,0,0,0,0,-10000,0,0,0,0,10000,-10000,-10000
059622,上銀凱基99購10  ,0,0,0,0,0,0,0,0,0,-10000,0,0,0,0,10000,-10000,-10000
057006,國巨中信98購03  ,0,0,0,0,0,0,0,0,0,-10000,0,0,0,0,10000,-10000,-10000
056976,喬山群益98購01  ,0,0,0,0,0,0,0,0,0,-10000,0,0,0,0,10000,-10000,-10000
056937,智原元富98購01  ,0,0,0,0,0,0,0,0,0,-10000,0,0,0,0,10000,-10000,-10000
059620,聯發科日盛99購02,0,0,0,0,0,0,0,0,0,-10000,0,0,0,0,10000,-10000,-10000
059696,立積永豐99購03  ,0,0,0,0,0,0,0,0,0,-10000,0,0,0,0,10000,-10000,-10000
059735,T50反1元富99購06,0,0,0,0,0,0,0,0,0,-10000,0,0,0,0,10000,-10000,-10000
058623,國巨國票99購08  ,0,0,0,0,0,0,0,0,0,-10000,0,0,0,0,10000,-10000,-10000
058642,旺宏麥證9A購01  ,0,0,0,0,10000,-10000,0,0,0,-10000,0,0,0,0,10000,-10000,-10000
058644,元黃金富邦03購01,0,0,0,0,0,0,0,0,0,-10000,0,0,0,0,10000,-10000,-10000
058652,SGBR2X中信01購01,0,0,0,0,0,0,0,0,0,-10000,0,0,0,0,10000,-10000,-10000
058554,瀚宇博永豐99購01,0,0,0,0,0,0,0,0,0,-10000,0,0,0,0,10000,-10000,-10000
058773,和碩兆豐99購01  ,0,0,0,0,0,0,0,0,0,-10000,0,0,0,10000,20000,-10000,-10000
058774,台郡兆豐9A購01  ,0,0,0,0,0,0,0,0,0,-10000,0,0,0,0,10000,-10000,-10000
058924,晶相光元富99購02,0,0,0,0,0,0,0,0,0,-10000,0,0,0,0,10000,-10000,-10000
059920,宏達電元大99購07,0,0,0,0,0,0,0,0,0,-10000,0,0,0,0,10000,-10000,-10000
05988P,光磊元富96售02  ,0,0,0,0,0,0,0,0,0,-10000,0,0,0,0,10000,-10000,-10000
056928,旺宏台新98購01  ,0,0,0,0,0,0,0,0,0,-10000,0,0,0,0,10000,-10000,-10000
056925,群創兆豐98購03  ,0,0,0,0,0,0,0,0,0,-10000,0,0,0,0,10000,-10000,-10000
057981,臻鼎永豐98購01  ,0,0,0,0,0,0,0,0,0,-10000,0,0,0,0,10000,-10000,-10000
057983,緯穎永豐98購03  ,0,0,0,0,0,0,0,0,0,-10000,0,0,0,0,10000,-10000,-10000
057988,鈺齊元富98購02  ,0,0,0,0,0,0,0,0,0,-10000,0,0,0,0,10000,-10000,-10000
056890,國巨元大98購11  ,0,0,0,0,0,0,0,0,0,-10000,0,0,0,0,10000,-10000,-10000
056895,技嘉元大98購01  ,0,0,0,0,0,0,0,0,0,-10000,0,0,0,14000,24000,-10000,-10000
056858,國巨群益99購03  ,0,0,0,0,0,0,0,0,0,-10000,0,0,0,0,10000,-10000,-10000
056867,華通麥證98購01  ,0,0,0,100000,0,100000,0,0,0,-10000,0,0,0,100000,110000,-10000,-10000
056848,泰鼎元富98購01  ,0,0,0,0,0,0,0,0,0,-10000,0,0,0,0,10000,-10000,-10000
057803,上銀元大98購08  ,0,0,0,0,0,0,0,0,0,-10000,0,0,0,0,10000,-10000,-10000
057796,鴻海兆豐99購03  ,0,0,0,0,0,0,0,0,0,-10000,0,0,0,0,10000,-10000,-10000
05752P,台積電中信96售06,0,0,0,0,0,0,0,0,0,-10000,0,0,0,0,10000,-10000,-10000
057657,國巨兆豐98購04  ,0,0,0,0,0,0,0,0,0,-10000,0,0,0,0,10000,-10000,-10000
057641,旺宏元大98購10  ,0,0,0,0,0,0,0,0,0,-10000,0,0,0,0,10000,-10000,-10000
057636,上銀元大98購06  ,0,0,0,0,0,0,0,0,0,-10000,0,0,0,0,10000,-10000,-10000
057726,華通國泰9A購01  ,0,0,0,0,0,0,0,0,0,-10000,0,0,0,0,10000,-10000,-10000
057751,神達國票99購02  ,0,0,0,0,0,0,0,0,0,-10000,0,0,0,0,10000,-10000,-10000
05773P,臺股指凱基99售03,0,0,0,0,0,0,0,0,0,-10000,0,0,0,0,10000,-10000,-10000
058462,台積電兆豐99購01,0,0,0,0,0,0,0,0,0,-10000,0,0,0,0,10000,-10000,-10000
058459,南電永豐99購01  ,0,0,0,0,0,0,0,0,0,-10000,0,0,0,0,10000,-10000,-10000
058427,大毅元富99購01  ,0,0,0,0,0,0,0,0,0,-10000,0,0,0,20000,30000,-10000,-10000
057400,全新群益9A購01  ,0,0,0,0,0,0,0,0,0,-10000,0,0,0,0,10000,-10000,-10000
060220,華新科凱基9A購08,0,0,0,0,0,0,0,0,0,-10000,0,0,0,0,10000,-10000,-10000
060231,台積電元大9A購08,0,0,0,0,0,0,0,0,0,-10000,0,0,0,2000,12000,-10000,-10000
058531,華通元富99購01  ,0,0,0,0,0,0,0,0,0,-10000,0,0,0,0,10000,-10000,-10000
058511,華新科元大9B購01,0,0,0,0,0,0,0,0,0,-10000,0,0,0,0,10000,-10000,-10000
058521,日月光元大99購01,0,0,0,0,0,0,0,0,0,-10000,0,0,0,0,10000,-10000,-10000
060538,S&P反1凱基9A購01,0,0,0,0,0,0,0,0,0,-10000,0,0,0,0,10000,-10000,-10000
060406,瑞祺國泰9B購01  ,0,0,0,0,0,0,0,0,0,-10000,0,0,0,74000,84000,-10000,-10000
060575,大立光中信9B購02,0,0,0,0,0,0,0,0,0,-10000,0,0,0,0,10000,-10000,-10000
057142,力成兆豐98購01  ,0,0,0,0,0,0,0,0,0,-10000,0,0,0,0,10000,-10000,-10000
058176,聯發科凱基99購05,0,0,0,0,0,0,0,0,0,-10000,0,0,0,0,10000,-10000,-10000
05983P,聯詠國票96售02  ,0,0,0,0,0,0,0,0,0,-10000,0,0,0,64000,74000,-10000,-10000
059242,南亞科凱基99購06,0,20000,-20000,0,0,0,0,0,0,10000,0,0,0,20000,10000,10000,-10000
059268,鎧勝中信01購01  ,0,0,0,0,0,0,0,0,0,-10000,0,0,0,0,10000,-10000,-10000
059303,國巨兆豐99購04  ,0,0,0,0,0,0,0,0,0,-10000,0,0,0,0,10000,-10000,-10000
059371,聯鈞元富99購02  ,0,0,0,0,0,0,0,0,0,-10000,0,0,0,0,10000,-10000,-10000
059357,華通永豐99購01  ,0,0,0,0,0,0,0,0,0,-10000,0,0,0,0,10000,-10000,-10000
058363,全新凱基9A購02  ,0,0,0,0,0,0,0,0,0,-10000,0,0,0,0,10000,-10000,-10000
058319,大毅永豐9A購01  ,0,0,0,0,0,0,0,0,0,-10000,0,0,0,0,10000,-10000,-10000
056699,光罩國泰99購01  ,0,0,0,0,0,0,0,0,0,-10000,0,0,0,0,10000,-10000,-10000
057315,台灣50康和9A購03,0,0,0,0,0,0,0,0,0,-10000,0,0,0,0,10000,-10000,-10000
057305,南亞科兆豐98購02,0,0,0,0,0,0,0,0,0,-10000,0,0,0,0,10000,-10000,-10000
057292,國巨國泰9B購01  ,0,0,0,0,0,0,0,0,0,-10000,0,0,0,40000,50000,-10000,-10000
057262,友達兆豐98購03  ,0,0,0,0,0,0,0,0,0,-10000,0,0,0,0,10000,-10000,-10000
9943,好樂迪          ,20000,33000,-13000,0,0,0,0,0,0,3000,3000,0,3000,0,0,0,-10000
07802P,瑞昱永豐9A售03  ,0,0,0,0,0,0,0,0,0,-10000,0,0,0,14000,24000,-10000,-10000
07893P,臺股指國票9B售03,0,0,0,0,0,0,0,0,0,-10000,0,0,0,0,10000,-10000,-10000
07873P,華新科群益9B售03,0,0,0,0,0,0,0,0,0,-10000,0,0,0,30000,40000,-10000,-10000
07854P,台積電凱基9A售28,0,0,0,0,0,0,0,0,0,-10000,0,0,0,10000,20000,-10000,-10000
07866P,上証2X國票97售01,0,0,0,0,0,0,0,0,0,-10000,0,0,0,0,10000,-10000,-10000
08010P,大成鋼元大9B售01,0,0,0,0,0,0,0,0,0,-10000,0,0,0,33000,43000,-10000,-10000
08028P,臺股指元大9B售30,0,0,0,0,0,0,0,0,0,-10000,0,0,0,0,10000,-10000,-10000
08053P,臺股指國票9B售18,0,0,0,0,0,0,0,0,0,-10000,0,0,0,0,10000,-10000,-10000
1225,福懋油          ,7000,17000,-10000,0,0,0,0,0,0,0,0,0,0,0,0,0,-10000
07468P,聯電元大9A售02  ,0,0,0,0,0,0,0,0,0,-10000,0,0,0,30000,40000,-10000,-10000
07367P,鴻海凱基99售17  ,0,0,0,0,0,0,0,0,0,-10000,0,0,0,0,10000,-10000,-10000
07387P,臺股指群益99售25,0,0,0,0,0,0,0,0,0,-10000,0,0,0,0,10000,-10000,-10000
07233P,台灣50元大99售04,0,0,0,0,0,0,0,0,0,-10000,0,0,0,5000,15000,-10000,-10000
07224P,鴻海元大9A售02  ,0,0,0,0,0,0,0,0,0,-10000,0,0,0,0,10000,-10000,-10000
07301P,臺股指元大9A售34,0,0,0,0,0,0,0,0,0,-10000,0,0,0,0,10000,-10000,-10000
07291P,臺股指凱基99售43,0,0,0,0,0,0,0,0,0,-10000,0,0,0,0,10000,-10000,-10000
07486P,上証2X國票9B售02,0,0,0,0,0,0,0,0,0,-10000,0,0,0,0,10000,-10000,-10000
07537P,玉晶光元富9A售04,0,0,0,0,0,0,0,0,0,-10000,0,0,0,0,10000,-10000,-10000
07698P,臺股指元大9A售51,0,0,0,0,0,0,0,0,0,-10000,0,0,0,0,10000,-10000,-10000
07657P,技嘉凱基9A售03  ,0,0,0,0,0,0,0,0,0,-10000,0,0,0,144000,154000,-10000,-10000
2429,銘旺科          ,1000,11000,-10000,0,0,0,0,0,0,0,0,0,0,0,0,0,-10000
3257,虹冠電          ,14000,25000,-11000,0,0,0,0,0,0,1000,1000,0,1000,0,0,0,-10000
2908,特力            ,75000,78000,-3000,0,0,0,0,0,0,-7000,1000,8000,-7000,0,0,0,-10000
06582P,可成凱基98售06  ,0,0,0,0,0,0,0,0,0,-11000,0,0,0,26000,37000,-11000,-11000
062852,聯發科永豐9B購02,0,0,0,0,0,0,0,0,0,-11000,0,0,0,0,11000,-11000,-11000
062341,台表科麥證9C購01,0,0,0,89000,100000,-11000,0,0,0,-11000,0,0,0,89000,100000,-11000,-11000
062018,台勝科永豐9B購01,0,0,0,0,0,0,0,0,0,-11000,0,0,0,0,11000,-11000,-11000
061984,華新科元大9B購05,0,0,0,0,0,0,0,0,0,-11000,0,0,0,0,11000,-11000,-11000
061628,緯穎群益9A購04  ,0,0,0,0,0,0,0,0,0,-11000,0,0,0,113000,124000,-11000,-11000
054886,大毅統一97購01  ,0,0,0,0,0,0,0,0,0,-11000,0,0,0,0,11000,-11000,-11000
056534,京元電凱基98購01,0,0,0,0,0,0,0,0,0,-11000,0,0,0,7000,18000,-11000,-11000
056579,麗豐元大99購01  ,0,0,0,0,0,0,0,0,0,-11000,0,0,0,659000,670000,-11000,-11000
056203,興富發永豐97購01,0,0,0,0,0,0,0,0,0,-11000,0,0,0,0,11000,-11000,-11000
056405,聯茂群益98購01  ,0,0,0,0,0,0,0,0,0,-11000,0,0,0,0,11000,-11000,-11000
053124,聯發科凱基96購12,0,0,0,0,0,0,0,0,0,-11000,0,0,0,9000,20000,-11000,-11000
055727,矽力元大97購02  ,0,0,0,0,0,0,0,0,0,-11000,0,0,0,0,11000,-11000,-11000
053662,矽力凱基97購01  ,0,0,0,0,0,0,0,0,0,-11000,0,0,0,16000,27000,-11000,-11000
053340,建準國票97購01  ,0,0,0,0,0,0,0,0,0,-11000,0,0,0,0,11000,-11000,-11000
051266,國巨富邦99購01  ,0,0,0,0,0,0,0,0,0,-11000,0,0,0,0,11000,-11000,-11000
057188,佐登元大98購01  ,0,0,0,0,0,0,0,0,0,-11000,0,0,0,1000,12000,-11000,-11000
059267,群創中信01購02  ,0,0,0,0,0,0,0,0,0,-11000,0,0,0,0,11000,-11000,-11000
057794,T50反1兆豐99購02,0,0,0,0,0,0,0,0,0,-11000,0,0,0,60000,71000,-11000,-11000
058079,鴻海群益98購08  ,0,0,0,0,0,0,0,0,0,-11000,0,0,0,4000,15000,-11000,-11000
059213,國巨元大99購19  ,0,0,0,0,0,0,0,0,0,-11000,0,0,0,41000,52000,-11000,-11000
2012,春雨            ,10000,21000,-11000,0,0,0,0,0,0,0,0,0,0,0,0,0,-11000
1436,華友聯          ,1000,12000,-11000,0,0,0,0,0,0,0,0,0,0,0,0,0,-11000
07245P,台積電凱基99售16,0,0,0,0,0,0,0,0,0,-11000,0,0,0,0,11000,-11000,-11000
07428P,華新科國票9A售01,0,0,0,0,0,0,0,0,0,-11000,0,0,0,39000,50000,-11000,-11000
08009P,華擎統一9B售02  ,0,0,0,0,0,0,0,0,0,-11000,0,0,0,0,11000,-11000,-11000
07992P,玉晶光群益01售04,0,0,0,0,0,0,0,0,0,-11000,0,0,0,10000,21000,-11000,-11000
07744P,奇力新凱基9A售05,0,0,0,0,0,0,0,0,0,-11000,0,0,0,21000,32000,-11000,-11000
6491,晶碩            ,16000,25000,-9000,0,0,0,0,0,0,-2000,0,2000,-2000,0,0,0,-11000
6168,宏齊            ,52000,71000,-19000,0,0,0,0,0,0,8000,8000,0,8000,0,0,0,-11000
061657,智原國票9A購01  ,0,0,0,0,0,0,0,0,0,-12000,0,0,0,0,12000,-12000,-12000
061835,華新科凱基02購03,0,0,0,0,0,0,0,0,0,-12000,0,0,0,0,12000,-12000,-12000
060814,健策凱基9B購01  ,0,0,0,0,0,0,0,0,0,-12000,0,0,0,0,12000,-12000,-12000
060845,欣興國票9A購01  ,0,0,0,0,0,0,0,0,0,-12000,0,0,0,3000,15000,-12000,-12000
061999,臺股指元大9B購23,0,0,0,0,0,0,0,0,0,-12000,0,0,0,0,12000,-12000,-12000
062059,聯發科統一9C購06,0,0,0,0,0,0,0,0,0,-12000,0,0,0,5000,17000,-12000,-12000
062528,全新統一9C購01  ,0,0,0,0,0,0,0,0,0,-12000,0,0,0,0,12000,-12000,-12000
07103P,南電元大99售04  ,0,0,0,0,0,0,0,0,0,-12000,0,0,0,53000,65000,-12000,-12000
050984,大立光國泰97購01,0,0,0,0,0,0,0,0,0,-12000,0,0,0,0,12000,-12000,-12000
050515,聯電元大96購01  ,0,0,0,0,0,0,0,0,0,-12000,0,0,0,0,12000,-12000,-12000
00770,國泰北美科技    ,0,0,0,0,0,0,0,0,0,-12000,0,0,0,25000,37000,-12000,-12000
053151,華新科元大96購04,0,0,0,0,0,0,0,0,0,-12000,0,0,0,0,12000,-12000,-12000
056255,華新科元富97購05,0,0,0,0,0,0,0,0,0,-12000,0,0,0,290000,302000,-12000,-12000
055085,大毅國票97購01  ,0,0,0,0,0,0,0,0,0,-12000,0,0,0,6000,18000,-12000,-12000
05414P,台表科國票96售02,0,0,0,0,0,0,0,0,0,-12000,0,0,0,0,12000,-12000,-12000
054511,香港反元大98購01,0,0,0,0,0,0,0,0,0,-12000,0,0,0,1000,13000,-12000,-12000
059190,欣興富邦9A購01  ,0,0,0,0,0,0,0,0,0,-12000,0,0,0,4000,16000,-12000,-12000
058581,大立光群益99購05,0,0,0,0,0,0,0,0,0,-12000,0,0,0,2000,14000,-12000,-12000
059137,電子類群益99購01,0,0,0,0,0,0,0,0,0,-12000,0,0,0,18000,30000,-12000,-12000
059939,技嘉永豐99購01  ,0,0,0,0,0,0,0,0,0,-12000,0,0,0,8000,20000,-12000,-12000
059263,瑞昱中信01購01  ,0,0,0,0,0,0,0,0,0,-12000,0,0,0,146000,158000,-12000,-12000
057195,南茂元大98購01  ,0,0,0,0,0,0,0,0,0,-12000,0,0,0,11000,23000,-12000,-12000
058295,欣興凱基99購02  ,0,0,0,0,0,0,0,0,0,-12000,0,0,0,184000,196000,-12000,-12000
05732P,臺股指統一96售02,0,0,0,0,0,0,0,0,0,-12000,0,0,0,0,12000,-12000,-12000
06054P,臺股指中信9A售01,0,0,0,0,0,0,0,0,0,-12000,0,0,0,0,12000,-12000,-12000
060190,國泰金元富9A購01,0,0,0,0,0,0,0,0,0,-12000,0,0,0,147000,159000,-12000,-12000
058445,旺宏富邦9C購01  ,0,0,0,0,0,0,0,0,0,-12000,0,0,0,28000,40000,-12000,-12000
058464,矽創兆豐9A購01  ,0,0,0,0,0,0,0,0,0,-12000,0,0,0,31000,43000,-12000,-12000
6183,關貿            ,2000,6000,-4000,0,0,0,0,0,0,-8000,2000,10000,-8000,0,0,0,-12000
07879P,瑞昱群益9C售01  ,0,0,0,0,0,0,0,0,0,-12000,0,0,0,0,12000,-12000,-12000
07987P,大立光統一9B售13,0,0,0,0,0,0,0,0,0,-12000,0,0,0,0,12000,-12000,-12000
08015P,可成凱基9B售05  ,0,0,0,0,0,0,0,0,0,-12000,0,0,0,10000,22000,-12000,-12000
07317P,T50正2凱基9B售02,0,0,0,0,0,0,0,0,0,-12000,0,0,0,0,12000,-12000,-12000
3694,海華            ,14000,28000,-14000,0,0,0,0,0,0,2000,2000,0,2000,0,0,0,-12000
062846,國泰金富邦9C購01,0,0,0,0,0,0,0,0,0,-13000,0,0,0,0,13000,-13000,-13000
062471,國泰金凱基9B購02,0,0,0,0,0,0,0,0,0,-13000,0,0,0,0,13000,-13000,-13000
062475,道瓊反國票9B購02,0,0,0,0,0,0,0,0,0,-13000,0,0,0,0,13000,-13000,-13000
061998,緯穎元大9B購03  ,0,0,0,0,0,0,0,0,0,-13000,0,0,0,18000,31000,-13000,-13000
062186,晶技元大9B購05  ,0,0,0,0,0,0,0,0,0,-13000,0,0,0,17000,30000,-13000,-13000
061239,聯發科兆豐9A購01,0,0,0,0,0,0,0,0,0,-13000,0,0,0,0,13000,-13000,-13000
061019,大毅國票9A購01  ,0,0,0,0,0,0,0,0,0,-13000,0,0,0,2000,15000,-13000,-13000
061036,晶技永豐9A購03  ,0,0,0,0,0,0,0,0,0,-13000,0,0,0,3000,16000,-13000,-13000
061874,義隆元大9B購02  ,0,0,0,0,0,0,0,0,0,-13000,0,0,0,97000,110000,-13000,-13000
06187P,國巨統一97售05  ,0,0,0,0,0,0,0,0,0,-13000,0,0,0,9000,22000,-13000,-13000
061529,國巨台新9A購02  ,0,0,0,0,0,0,0,0,0,-13000,0,0,0,0,13000,-13000,-13000
054750,聯茂凱基98購02  ,0,0,0,0,0,0,0,0,0,-13000,0,0,0,0,13000,-13000,-13000
055258,玉晶光統一97購03,0,0,0,0,0,0,0,0,0,-13000,0,0,0,0,13000,-13000,-13000
059990,健策元大9A購01  ,0,0,0,0,0,0,0,0,0,-13000,0,0,0,6000,19000,-13000,-13000
056783,國巨群益99購01  ,0,0,0,0,0,0,0,0,0,-13000,0,0,0,78000,91000,-13000,-13000
054079,鴻海中信98購02  ,0,0,0,0,0,0,0,0,0,-13000,0,0,0,100000,113000,-13000,-13000
01003T,兆豐新光R1      ,0,13000,-13000,0,0,0,0,0,0,0,0,0,0,0,0,0,-13000
035275,台積電台新97購01,0,0,0,0,0,0,0,0,0,-13000,0,0,0,0,13000,-13000,-13000
03047X,元展44          ,0,0,0,0,0,0,0,0,0,-13000,0,0,0,0,13000,-13000,-13000
053337,聯電國票97購01  ,0,0,0,0,0,0,0,0,0,-13000,0,0,0,25000,38000,-13000,-13000
058424,滬深2X元富99購04,0,0,0,0,0,0,0,0,0,-13000,0,0,0,99000,112000,-13000,-13000
060633,玉晶光富邦02購01,0,0,0,0,0,0,0,0,0,-13000,0,0,0,1000,14000,-13000,-13000
057352,大立光統一9A購02,0,0,0,0,0,0,0,0,0,-13000,0,0,0,0,13000,-13000,-13000
058358,技嘉凱基9A購01  ,0,0,0,0,0,0,0,0,0,-13000,0,0,0,1000,14000,-13000,-13000
059307,T50反1元大99購06,0,0,0,0,0,0,0,0,0,-13000,0,0,0,128000,141000,-13000,-13000
057725,台達電國泰9A購01,0,0,0,0,0,0,0,0,0,-13000,0,0,0,50000,63000,-13000,-13000
05943P,欣興凱基96售03  ,0,0,0,0,0,0,0,0,0,-13000,0,0,0,0,13000,-13000,-13000
059637,大立光凱基01購01,0,0,0,0,0,0,0,0,0,-13000,0,0,0,0,13000,-13000,-13000
3305,昇貿            ,5000,20000,-15000,0,0,0,0,0,0,2000,2000,0,2000,0,0,0,-13000
07235P,T50正2元大9C售02,0,0,0,0,0,0,0,0,0,-13000,0,0,0,0,13000,-13000,-13000
07388P,臺股指群益9C售07,0,0,0,0,0,0,0,0,0,-13000,0,0,0,0,13000,-13000,-13000
1435,中福            ,2000,15000,-13000,0,0,0,0,0,0,0,0,0,0,0,0,0,-13000
1340,勝悅-KY         ,72000,87000,-15000,0,0,0,0,0,0,2000,2000,0,2000,0,0,0,-13000
07919P,創意永豐9B售01  ,0,0,0,0,0,0,0,0,0,-13000,0,0,0,130000,143000,-13000,-13000
07777P,創意元大9A售03  ,0,0,0,0,0,0,0,0,0,-13000,0,0,0,12000,25000,-13000,-13000
06182P,群創兆豐97售03  ,0,0,0,0,0,0,0,0,0,-14000,0,0,0,10000,24000,-14000,-14000
061780,國巨群益9C購01  ,0,0,0,0,0,0,0,0,0,-14000,0,0,0,8000,22000,-14000,-14000
061295,台積電國泰9B購02,0,0,0,0,0,0,0,0,0,-14000,0,0,0,13000,27000,-14000,-14000
060790,日月光富邦9A購01,0,0,0,0,0,0,0,0,0,-14000,0,0,0,46000,60000,-14000,-14000
06226P,聯發科麥證97售03,0,0,0,0,14000,-14000,0,0,0,-14000,0,0,0,0,14000,-14000,-14000
062859,玉晶光國票01購02,0,0,0,0,0,0,0,0,0,-14000,0,0,0,0,14000,-14000,-14000
06999P,玉晶光國票9B售01,0,0,0,0,0,0,0,0,0,-14000,0,0,0,16000,30000,-14000,-14000
04454P,大立光富邦98售02,0,0,0,0,0,0,0,0,0,-14000,0,0,0,6000,20000,-14000,-14000
00641R,富邦日本反1     ,40000,129000,-89000,0,0,0,0,0,0,75000,0,0,0,335000,260000,75000,-14000
00666R,富邦恒生國企反1 ,0,27000,-27000,0,0,0,0,0,0,13000,0,0,0,149000,136000,13000,-14000
056947,國巨統一9A購01  ,0,0,0,0,0,0,0,0,0,-14000,0,0,0,5000,19000,-14000,-14000
059082,華通元大99購06  ,0,0,0,0,0,0,0,0,0,-14000,0,0,0,1000,15000,-14000,-14000
058580,華新科群益99購02,0,0,0,0,0,0,0,0,0,-14000,0,0,0,0,14000,-14000,-14000
058618,南電元大99購02  ,0,0,0,0,0,0,0,0,0,-14000,0,0,0,0,14000,-14000,-14000
058819,華通國泰9B購01  ,0,0,0,0,0,0,0,0,0,-14000,0,0,0,66000,80000,-14000,-14000
058712,鴻海統一9B購03  ,0,0,0,0,0,0,0,0,0,-14000,0,0,0,6000,20000,-14000,-14000
059033,元油2X群益9C購05,0,0,0,0,0,0,0,0,0,-14000,0,0,0,0,14000,-14000,-14000
058848,台積電群益99購07,0,0,0,0,0,0,0,0,0,-14000,0,0,0,0,14000,-14000,-14000
059003,中壽元大99購01  ,0,0,0,0,0,0,0,0,0,-14000,0,0,0,2000,16000,-14000,-14000
058249,緯穎元大99購04  ,0,0,0,0,0,0,0,0,0,-14000,0,0,0,16000,30000,-14000,-14000
059320,華新科元大99購15,0,0,0,0,0,0,0,0,0,-14000,0,0,0,0,14000,-14000,-14000
058453,可成永豐99購01  ,0,0,0,0,0,0,0,0,0,-14000,0,0,0,0,14000,-14000,-14000
060189,宏達電元富9B購03,0,0,0,0,0,0,0,0,0,-14000,0,0,0,40000,54000,-14000,-14000
07729P,臺股指凱基9A售21,0,0,0,0,0,0,0,0,0,-14000,0,0,0,6000,20000,-14000,-14000
1103,嘉泥            ,143000,159000,-16000,0,0,0,0,0,0,2000,2000,0,2000,0,0,0,-14000
3682,亞太電          ,306000,320000,-14000,0,0,0,0,0,0,0,0,0,0,0,0,0,-14000
2415,錩新            ,2000,17000,-15000,0,0,0,0,0,0,1000,1000,0,1000,0,0,0,-14000
06771P,台灣50中信02售01,0,0,0,0,0,0,0,0,0,-15000,0,0,0,0,15000,-15000,-15000
06776P,鴻海元大99售05  ,0,0,0,0,0,0,0,0,0,-15000,0,0,0,0,15000,-15000,-15000
06758P,鴻海元大98售10  ,0,0,0,0,0,0,0,0,0,-15000,0,0,0,0,15000,-15000,-15000
07050P,宏達電中信9B售01,0,0,0,0,0,0,0,0,0,-15000,0,0,0,10000,25000,-15000,-15000
062808,祥碩統一9C購01  ,0,0,0,0,0,0,0,0,0,-15000,0,0,0,0,15000,-15000,-15000
062706,大立光元大9B購06,0,0,0,0,0,0,0,0,0,-15000,0,0,0,10000,25000,-15000,-15000
06648P,華邦電元大98售03,0,0,0,0,0,0,0,0,0,-15000,0,0,0,0,15000,-15000,-15000
062493,元金反中信9B購01,0,0,0,0,0,0,0,0,0,-15000,0,0,0,0,15000,-15000,-15000
062557,台光電凱基9B購02,0,0,0,0,0,0,0,0,0,-15000,0,0,0,0,15000,-15000,-15000
062658,聯茂第一9B購01  ,0,0,0,0,0,0,0,0,0,-15000,0,0,0,0,15000,-15000,-15000
062348,聯發科群益9B購06,0,0,0,0,0,0,0,0,0,-15000,0,0,0,5000,20000,-15000,-15000
062357,國巨元大9B購11  ,0,0,0,0,0,0,0,0,0,-15000,0,0,0,0,15000,-15000,-15000
062421,台積電統一9C購09,0,0,0,0,0,0,0,0,0,-15000,0,0,0,0,15000,-15000,-15000
060943,宏達電國票9B購02,0,0,0,0,0,0,0,0,0,-15000,0,0,0,0,15000,-15000,-15000
060878,奇力新中信9C購01,0,0,0,0,0,0,0,0,0,-15000,0,0,0,0,15000,-15000,-15000
061005,可成兆豐9A購01  ,0,0,0,0,0,0,0,0,0,-15000,0,0,0,7000,22000,-15000,-15000
061066,嘉晶凱基9B購01  ,0,0,0,0,0,0,0,0,0,-15000,0,0,0,184000,199000,-15000,-15000
061747,南亞科統一01購01,0,0,0,0,0,0,0,0,0,-15000,0,0,0,10000,25000,-15000,-15000
061714,華新科凱基9A購15,0,0,0,0,0,0,0,0,0,-15000,0,0,0,0,15000,-15000,-15000
061825,聯發科麥證9B購01,0,0,0,10000,25000,-15000,0,0,0,-15000,0,0,0,10000,25000,-15000,-15000
061443,大立光統一9C購02,0,0,0,0,0,0,0,0,0,-15000,0,0,0,5000,20000,-15000,-15000
053957,瑞昱永豐96購01  ,0,0,0,0,0,0,0,0,0,-15000,0,0,0,110000,125000,-15000,-15000
050915,健策中信98購01  ,0,0,0,0,0,0,0,0,0,-15000,0,0,0,5000,20000,-15000,-15000
055661,亞德客中信98購01,0,0,0,0,0,0,0,0,0,-15000,0,0,0,5000,20000,-15000,-15000
055525,國巨群益98購05  ,0,0,0,0,0,0,0,0,0,-15000,0,0,0,0,15000,-15000,-15000
053117,大立光中信9A購02,0,0,0,0,0,0,0,0,0,-15000,0,0,0,0,15000,-15000,-15000
060051,台積電凱基9B購01,0,0,0,0,0,0,0,0,0,-15000,0,0,0,10000,25000,-15000,-15000
056338,聯發科凱基99購01,0,0,0,0,0,0,0,0,0,-15000,0,0,0,5000,20000,-15000,-15000
056560,旺宏群益98購03  ,0,0,0,0,0,0,0,0,0,-15000,0,0,0,55000,70000,-15000,-15000
055039,神達富邦99購01  ,0,0,0,0,0,0,0,0,0,-15000,0,0,0,0,15000,-15000,-15000
054811,裕隆元大9A購01  ,0,0,0,0,0,0,0,0,0,-15000,0,0,0,6000,21000,-15000,-15000
059364,昇陽半永豐99購02,0,0,0,0,0,0,0,0,0,-15000,0,0,0,15000,30000,-15000,-15000
05717P,鴻海元大97售07  ,0,0,0,0,0,0,0,0,0,-15000,0,0,0,0,15000,-15000,-15000
057314,全新麥證98購01  ,0,0,0,0,15000,-15000,0,0,0,-15000,0,0,0,0,15000,-15000,-15000
056618,京元電永豐98購01,0,0,0,0,0,0,0,0,0,-15000,0,0,0,0,15000,-15000,-15000
058267,奇鋐永豐99購01  ,0,0,0,0,0,0,0,0,0,-15000,0,0,0,0,15000,-15000,-15000
059007,南電元大99購05  ,0,0,0,0,0,0,0,0,0,-15000,0,0,0,0,15000,-15000,-15000
057994,技嘉中信98購01  ,0,0,0,0,0,0,0,0,0,-15000,0,0,0,1000,16000,-15000,-15000
058884,世紀鋼永豐99購02,0,0,0,0,0,0,0,0,0,-15000,0,0,0,5000,20000,-15000,-15000
058130,瑞昱元大99購01  ,0,0,0,0,0,0,0,0,0,-15000,0,0,0,6000,21000,-15000,-15000
058052,南電元大98購02  ,0,0,0,0,0,0,0,0,0,-15000,0,0,0,0,15000,-15000,-15000
058759,義隆群益99購01  ,0,0,0,0,0,0,0,0,0,-15000,0,0,0,0,15000,-15000,-15000
058616,台虹元大9A購01  ,0,0,0,0,0,0,0,0,0,-15000,0,0,0,0,15000,-15000,-15000
058591,台灣50統一9B購02,0,0,0,0,0,0,0,0,0,-15000,0,0,0,5000,20000,-15000,-15000
2444,兆勁            ,11000,26000,-15000,0,0,0,0,0,0,0,0,0,0,0,0,0,-15000
4306,炎洲            ,17000,38000,-21000,0,0,0,0,0,0,6000,6000,0,6000,0,0,0,-15000
2486,一詮            ,35000,56000,-21000,0,0,0,0,0,0,6000,6000,0,6000,0,0,0,-15000
1219,福壽            ,6000,21000,-15000,0,0,0,0,0,0,0,0,0,0,0,0,0,-15000
08034P,台積電兆豐9B售02,0,0,0,0,0,0,0,0,0,-15000,0,0,0,0,15000,-15000,-15000
07959P,健策永豐9B售05  ,0,0,0,0,0,0,0,0,0,-15000,0,0,0,3000,18000,-15000,-15000
07540P,鴻海凱基9A售21  ,0,0,0,0,0,0,0,0,0,-15000,0,0,0,0,15000,-15000,-15000
8422,可寧衛          ,23033,37067,-14034,0,0,0,0,0,0,-1000,0,1000,-1000,0,0,0,-15034
061465,聯詠群益9A購01  ,0,0,0,0,0,0,0,0,0,-16000,0,0,0,50000,66000,-16000,-16000
07189P,聯發科富邦9B售03,0,0,0,0,0,0,0,0,0,-16000,0,0,0,26000,42000,-16000,-16000
06833P,矽力群益99售01  ,0,0,0,0,0,0,0,0,0,-16000,0,0,0,0,16000,-16000,-16000
06889P,臺股指元大98售13,0,0,0,0,0,0,0,0,0,-16000,0,0,0,89000,105000,-16000,-16000
054925,神達凱基97購01  ,0,0,0,0,0,0,0,0,0,-16000,0,0,0,30000,46000,-16000,-16000
054278,晶技群益97購02  ,0,0,0,0,0,0,0,0,0,-16000,0,0,0,0,16000,-16000,-16000
055957,瑞昱元大97購06  ,0,0,0,0,0,0,0,0,0,-16000,0,0,0,0,16000,-16000,-16000
055265,玉晶光永豐98購03,0,0,0,0,0,0,0,0,0,-16000,0,0,0,0,16000,-16000,-16000
056558,台達電群益98購01,0,0,0,0,0,0,0,0,0,-16000,0,0,0,85000,101000,-16000,-16000
056551,台郡凱基98購04  ,0,0,0,0,0,0,0,0,0,-16000,0,0,0,0,16000,-16000,-16000
057857,牧德國票99購01  ,0,0,0,0,0,0,0,0,0,-16000,0,0,0,0,16000,-16000,-16000
055416,欣興富邦98購01  ,0,0,0,0,0,0,0,0,0,-16000,0,0,0,0,16000,-16000,-16000
053487,台泥兆豐97購01  ,0,0,0,0,0,0,0,0,0,-16000,0,0,0,112000,128000,-16000,-16000
049463,華新科富邦97購01,0,0,0,0,0,0,0,0,0,-16000,0,0,0,0,16000,-16000,-16000
059151,臺股指國票99購14,0,0,0,0,0,0,0,0,0,-16000,0,0,0,22000,38000,-16000,-16000
05908P,大立光元富96售05,0,0,0,0,0,0,0,0,0,-16000,0,0,0,0,16000,-16000,-16000
059765,嘉聯益永豐99購02,0,0,0,0,0,0,0,0,0,-16000,0,0,0,10000,26000,-16000,-16000
058947,SGBR2X群益9B購02,0,0,0,0,0,0,0,0,0,-16000,0,0,0,185000,201000,-16000,-16000
059910,鴻海元大99購37  ,0,0,0,0,0,0,0,0,0,-16000,0,0,0,3000,19000,-16000,-16000
057966,金融類元大98購01,0,0,0,0,0,0,0,0,0,-16000,0,0,0,0,16000,-16000,-16000
059282,嘉聯益永豐99購01,0,0,0,0,0,0,0,0,0,-16000,0,0,0,0,16000,-16000,-16000
5388,中磊            ,126000,198000,-72000,0,0,0,0,0,0,56000,12000,0,12000,50000,6000,44000,-16000
07986P,大成鋼統一9B售02,0,0,0,0,0,0,0,0,0,-16000,0,0,0,0,16000,-16000,-16000
07844P,可成國票9A售01  ,0,0,0,0,0,0,0,0,0,-16000,0,0,0,24000,40000,-16000,-16000
06622P,牧德元大98售01  ,0,0,0,0,0,0,0,0,0,-17000,0,0,0,13000,30000,-17000,-17000
061772,健策元大9B購06  ,0,0,0,0,0,0,0,0,0,-17000,0,0,0,0,17000,-17000,-17000
060880,中壽中信9C購01  ,0,0,0,0,0,0,0,0,0,-17000,0,0,0,0,17000,-17000,-17000
060449,元金2X元大9A購02,0,0,0,0,0,0,0,0,0,-17000,0,0,0,100000,117000,-17000,-17000
03442B,臺股指元大9A熊48,0,0,0,0,0,0,0,0,0,-17000,0,0,0,87000,104000,-17000,-17000
053400,緯穎中信9A購01  ,0,0,0,0,0,0,0,0,0,-17000,0,0,0,13000,30000,-17000,-17000
053073,技嘉康和96購01  ,0,0,0,0,0,0,0,0,0,-17000,0,0,0,3000,20000,-17000,-17000
059959,訊芯康和99購01  ,0,0,0,0,0,0,0,0,0,-17000,0,0,0,25000,42000,-17000,-17000
056536,義隆凱基98購04  ,0,0,0,0,0,0,0,0,0,-17000,0,0,0,9000,26000,-17000,-17000
055824,臺股指國票97購11,0,0,0,0,0,0,0,0,0,-17000,0,0,0,23000,40000,-17000,-17000
058259,訊連國泰9B購01  ,0,0,0,0,0,0,0,0,0,-17000,0,0,0,80000,97000,-17000,-17000
060303,宏達電富邦9B購01,0,0,0,0,0,0,0,0,0,-17000,0,0,0,3000,20000,-17000,-17000
060266,潤泰全國票9A購01,0,0,0,0,0,0,0,0,0,-17000,0,0,0,26000,43000,-17000,-17000
060389,世紀鋼凱基9B購02,0,0,0,0,0,0,0,0,0,-17000,0,0,0,0,17000,-17000,-17000
058994,道瓊指元大99購01,0,0,0,0,0,0,0,0,0,-17000,0,0,0,1000,18000,-17000,-17000
05991P,聯茂群益96售05  ,0,0,0,0,0,0,0,0,0,-17000,0,0,0,9000,26000,-17000,-17000
059595,華新科元大9A購03,0,0,0,0,0,0,0,0,0,-17000,0,0,0,2000,19000,-17000,-17000
07689P,旺宏元大9A售13  ,0,0,0,0,0,0,0,0,0,-17000,0,0,0,8000,25000,-17000,-17000
07471P,南亞科元大9A售01,0,0,0,0,0,0,0,0,0,-17000,0,0,0,33000,50000,-17000,-17000
3167,大量            ,2000,20000,-18000,0,0,0,0,0,0,1000,1000,0,1000,0,0,0,-17000
5525,順天            ,3000,20000,-17000,0,0,0,0,0,0,0,0,0,0,0,0,0,-17000
6416,瑞祺電通        ,77000,96000,-19000,0,0,0,0,0,0,2000,21000,15000,6000,2000,6000,-4000,-17000
060755,鴻海元大9A購15  ,0,0,0,0,0,0,0,0,0,-18000,0,0,0,2000,20000,-18000,-18000
061071,復盛凱基9A購01  ,0,0,0,0,0,0,0,0,0,-18000,0,0,0,218000,236000,-18000,-18000
061210,玉山金元大9A購02,0,0,0,0,0,0,0,0,0,-18000,0,0,0,50000,68000,-18000,-18000
061858,南電國票9B購02  ,0,0,0,0,0,0,0,0,0,-18000,0,0,0,5000,23000,-18000,-18000
061876,明泰元大9B購01  ,0,0,0,0,0,0,0,0,0,-18000,0,0,0,0,18000,-18000,-18000
06542P,台光電國票98售05,0,0,0,0,0,0,0,0,0,-18000,0,0,0,6000,24000,-18000,-18000
062481,同欣電國票9B購01,10000,0,10000,0,0,0,0,0,0,-28000,0,0,0,13000,41000,-28000,-18000
062135,國巨群益9B購05  ,0,0,0,0,0,0,0,0,0,-18000,0,0,0,0,18000,-18000,-18000
054137,聯詠元大97購02  ,0,0,0,0,0,0,0,0,0,-18000,0,0,0,4000,22000,-18000,-18000
054411,光磊元大97購02  ,0,0,0,0,0,0,0,0,0,-18000,0,0,0,50000,68000,-18000,-18000
060011,臺股指群益9C購06,0,0,0,0,0,0,0,0,0,-18000,0,0,0,21000,39000,-18000,-18000
055576,嘉晶統一98購01  ,0,0,0,0,0,0,0,0,0,-18000,0,0,0,0,18000,-18000,-18000
051737,瑞昱國票96購01  ,0,0,0,0,0,0,0,0,0,-18000,0,0,0,0,18000,-18000,-18000
052917,大立光富邦99購02,0,0,0,0,0,0,0,0,0,-18000,0,0,0,0,18000,-18000,-18000
047196,上銀統一97購01  ,0,0,0,0,0,0,0,0,0,-18000,0,0,0,0,18000,-18000,-18000
056996,矽力日盛99購01  ,0,0,0,0,0,0,0,0,0,-18000,0,0,0,153000,171000,-18000,-18000
057843,晶技永豐98購02  ,0,0,0,0,0,0,0,0,0,-18000,0,0,0,0,18000,-18000,-18000
060490,華新科台新9A購01,0,0,0,0,0,0,0,0,0,-18000,0,0,0,0,18000,-18000,-18000
058250,台虹元大99購01  ,0,0,0,0,0,0,0,0,0,-18000,0,0,0,3000,21000,-18000,-18000
057360,元油2X元大98購10,0,0,0,0,0,0,0,0,0,-18000,0,0,0,0,18000,-18000,-18000
057197,立積台新98購01  ,0,0,0,0,0,0,0,0,0,-18000,0,0,0,22000,40000,-18000,-18000
6189,豐藝            ,67000,74000,-7000,0,0,0,0,0,0,-11000,3000,14000,-11000,0,0,0,-18000
5258,虹堡            ,4000,24000,-20000,0,0,0,0,0,0,2000,2000,0,2000,0,0,0,-18000
2464,盟立            ,27000,52000,-25000,0,0,0,0,0,0,7000,7000,0,7000,0,0,0,-18000
1439,中和            ,58000,76000,-18000,0,0,0,0,0,0,0,0,0,0,0,0,0,-18000
07469P,台達電元大9A售01,0,0,0,0,0,0,0,0,0,-18000,0,0,0,56000,74000,-18000,-18000
06598P,奇力新永豐98售02,0,0,0,0,0,0,0,0,0,-19000,0,0,0,12000,31000,-19000,-19000
062681,全新統一01購01  ,0,0,0,0,0,0,0,0,0,-19000,0,0,0,0,19000,-19000,-19000
06347P,祥碩元富97售02  ,0,0,0,0,0,0,0,0,0,-19000,0,0,0,0,19000,-19000,-19000
06991P,矽創群益99售01  ,0,0,0,0,0,0,0,0,0,-19000,0,0,0,91000,110000,-19000,-19000
06938P,南電元大98售03  ,0,0,0,0,0,0,0,0,0,-19000,0,0,0,54000,73000,-19000,-19000
07202P,台灣50凱基9C售04,0,0,0,0,0,0,0,0,0,-19000,0,0,0,20000,39000,-19000,-19000
07196P,大立光元大99售13,0,0,0,0,0,0,0,0,0,-19000,0,0,0,1000,20000,-19000,-19000
060684,同欣電元大9A購01,0,0,0,0,0,0,0,0,0,-19000,0,0,0,183000,202000,-19000,-19000
053609,華新中信9A購01  ,0,0,0,0,0,0,0,0,0,-19000,0,0,0,81000,100000,-19000,-19000
051911,大立光元大98購02,0,0,0,0,0,0,0,0,0,-19000,0,0,0,0,19000,-19000,-19000
053088,奇鋐元大98購01  ,0,0,0,0,0,0,0,0,0,-19000,0,0,0,0,19000,-19000,-19000
056139,貿聯元大97購04  ,0,0,0,0,0,0,0,0,0,-19000,0,0,0,68000,87000,-19000,-19000
056719,台虹永豐98購01  ,0,0,0,0,0,0,0,0,0,-19000,0,0,0,0,19000,-19000,-19000
055178,晶豪科統一97購01,0,0,0,0,0,0,0,0,0,-19000,0,0,0,3000,22000,-19000,-19000
056085,聯發科統一97購01,0,0,0,0,0,0,0,0,0,-19000,0,0,0,0,19000,-19000,-19000
055788,緯穎凱基97購04  ,0,0,0,0,0,0,0,0,0,-19000,0,0,0,0,19000,-19000,-19000
056975,元油2X群益98購03,0,19000,-19000,0,0,0,0,0,0,0,0,0,0,0,0,0,-19000
059692,聯詠永豐99購01  ,0,0,0,0,0,0,0,0,0,-19000,0,0,0,41000,60000,-19000,-19000
07695P,台郡元大9A售02  ,0,0,0,0,0,0,0,0,0,-19000,0,0,0,13000,32000,-19000,-19000
07803P,南亞科永豐9A售02,0,0,0,0,0,0,0,0,0,-19000,0,0,0,0,19000,-19000,-19000
07925P,台積電凱基9B售05,0,0,0,0,0,0,0,0,0,-19000,0,0,0,0,19000,-19000,-19000
1773,勝一            ,50000,71000,-21000,0,0,0,0,0,0,2000,2000,0,2000,0,0,0,-19000
3033,威健            ,62000,75000,-13000,0,0,0,0,0,0,-6000,6000,12000,-6000,0,0,0,-19000
060976,SP黃豆元大9A購03,0,0,0,0,0,0,0,0,0,-20000,0,0,0,30000,50000,-20000,-20000
061254,道瓊反凱基9A購02,0,0,0,0,0,0,0,0,0,-20000,0,0,0,0,20000,-20000,-20000
061130,牧德永豐9A購04  ,0,0,0,0,0,0,0,0,0,-20000,0,0,0,30000,50000,-20000,-20000
060332,聯發科麥證9A購01,0,0,0,0,20000,-20000,0,0,0,-20000,0,0,0,0,20000,-20000,-20000
061740,華新科凱基03購01,0,0,0,0,0,0,0,0,0,-20000,0,0,0,0,20000,-20000,-20000
061666,友達中信01購01  ,0,0,0,0,0,0,0,0,0,-20000,0,0,0,11000,31000,-20000,-20000
061444,聯發科台新9A購01,0,0,0,0,0,0,0,0,0,-20000,0,0,0,0,20000,-20000,-20000
061401,華擎兆豐9B購01  ,0,0,0,0,0,0,0,0,0,-20000,0,0,0,20000,40000,-20000,-20000
061507,南電國票9A購05  ,0,0,0,0,0,0,0,0,0,-20000,0,0,0,0,20000,-20000,-20000
07140P,台灣50日盛99售01,0,0,0,0,0,0,0,0,0,-20000,0,0,0,0,20000,-20000,-20000
06837P,上銀統一9A售02  ,0,0,0,0,0,0,0,0,0,-20000,0,0,0,0,20000,-20000,-20000
06767P,台積電永昌99售03,0,0,0,0,0,0,0,0,0,-20000,0,0,0,0,20000,-20000,-20000
06731P,聯茂元大98售05  ,0,0,0,0,0,0,0,0,0,-20000,0,0,0,0,20000,-20000,-20000
062856,世芯永豐9B購02  ,0,0,0,0,0,0,0,0,0,-20000,0,0,0,0,20000,-20000,-20000
062844,T50反1國泰9C購01,0,0,0,0,0,0,0,0,0,-20000,0,0,0,0,20000,-20000,-20000
062173,世紀鋼永豐9B購01,0,0,0,0,0,0,0,0,0,-20000,0,0,0,0,20000,-20000,-20000
062255,聯發科元大9B購07,0,0,0,0,0,0,0,0,0,-20000,0,0,0,48000,68000,-20000,-20000
062242,臺指反元大02購03,0,0,0,0,0,0,0,0,0,-20000,0,0,0,0,20000,-20000,-20000
062243,臺指反元大02購04,0,0,0,0,0,0,0,0,0,-20000,0,0,0,0,20000,-20000,-20000
062003,國巨國泰01購01  ,0,0,0,0,0,0,0,0,0,-20000,0,0,0,0,20000,-20000,-20000
062056,國巨統一9C購08  ,0,0,0,0,0,0,0,0,0,-20000,0,0,0,0,20000,-20000,-20000
062507,臺股指群益9B購02,0,0,0,0,0,0,0,0,0,-20000,0,0,0,0,20000,-20000,-20000
062598,華通台新9B購02  ,0,0,0,0,0,0,0,0,0,-20000,0,0,0,0,20000,-20000,-20000
055763,鎧勝群益97購01  ,0,0,0,0,0,0,0,0,0,-20000,0,0,0,0,20000,-20000,-20000
054241,深中小元大98購01,0,0,0,0,0,0,0,0,0,-20000,0,0,0,0,20000,-20000,-20000
055951,大成鋼元大97購02,0,0,0,0,0,0,0,0,0,-20000,0,0,0,0,20000,-20000,-20000
055965,泰鼎元大97購03  ,0,0,0,0,0,0,0,0,0,-20000,0,0,0,0,20000,-20000,-20000
05425P,華邦電亞東96售02,0,0,0,0,0,0,0,0,0,-20000,0,0,0,0,20000,-20000,-20000
05430P,台積電統一95售07,0,0,0,0,0,0,0,0,0,-20000,0,0,0,0,20000,-20000,-20000
055032,億光富邦99購01  ,0,0,0,0,0,0,0,0,0,-20000,0,0,0,0,20000,-20000,-20000
055075,南電永豐97購01  ,0,0,0,0,0,0,0,0,0,-20000,0,0,0,0,20000,-20000,-20000
055080,正崴中信99購01  ,0,0,0,0,0,0,0,0,0,-20000,0,0,0,0,20000,-20000,-20000
056091,百和統一97購01  ,0,0,0,0,0,0,0,0,0,-20000,0,0,0,0,20000,-20000,-20000
054742,京鼎凱基99購01  ,0,0,0,0,0,0,0,0,0,-20000,0,0,0,80000,100000,-20000,-20000
054383,傳奇群益97購01  ,0,0,0,0,0,0,0,0,0,-20000,0,0,0,0,20000,-20000,-20000
055157,晶豪科元大97購01,0,0,0,0,0,0,0,0,0,-20000,0,0,0,60000,80000,-20000,-20000
055337,超眾兆豐98購01  ,0,0,0,0,0,0,0,0,0,-20000,0,0,0,0,20000,-20000,-20000
056008,全新中信9B購01  ,0,0,0,0,0,0,0,0,0,-20000,0,0,0,0,20000,-20000,-20000
056010,力成中信97購01  ,0,0,0,0,0,0,0,0,0,-20000,0,0,0,0,20000,-20000,-20000
056724,臻鼎中信9A購01  ,0,0,0,0,0,0,0,0,0,-20000,0,0,0,10000,30000,-20000,-20000
057885,台光電群益98購04,0,0,0,0,0,0,0,0,0,-20000,0,0,0,15000,35000,-20000,-20000
057892,上証2X元富02購01,0,0,0,0,0,0,0,0,0,-20000,0,0,0,0,20000,-20000,-20000
056520,鴻海日盛99購01  ,0,0,0,0,0,0,0,0,0,-20000,0,0,0,0,20000,-20000,-20000
056544,貿聯凱基98購03  ,0,0,0,0,0,0,0,0,0,-20000,0,0,0,0,20000,-20000,-20000
054621,華新科兆豐98購01,0,0,0,0,0,0,0,0,0,-20000,0,0,0,0,20000,-20000,-20000
054683,川湖永豐97購01  ,0,0,0,0,0,0,0,0,0,-20000,0,0,0,0,20000,-20000,-20000
056416,華新科中信98購01,0,0,0,0,0,0,0,0,0,-20000,0,0,0,0,20000,-20000,-20000
056278,全新富邦98購02  ,0,0,0,0,0,0,0,0,0,-20000,0,0,0,0,20000,-20000,-20000
05621P,聯電中信96售01  ,0,0,0,0,0,0,0,0,0,-20000,0,0,0,0,20000,-20000,-20000
055515,聚陽中信9A購01  ,0,0,0,0,0,0,0,0,0,-20000,0,0,0,0,20000,-20000,-20000
053116,華新科中信96購01,0,0,0,0,0,0,0,0,0,-20000,0,0,0,50000,70000,-20000,-20000
053067,牧德群益96購01  ,0,0,0,0,0,0,0,0,0,-20000,0,0,0,0,20000,-20000,-20000
055562,欣興凱基97購06  ,0,0,0,0,0,0,0,0,0,-20000,0,0,0,1000,21000,-20000,-20000
054086,日月光亞東98購01,0,0,0,0,0,0,0,0,0,-20000,0,0,0,0,20000,-20000,-20000
054063,聯茂國票97購02  ,0,0,0,0,0,0,0,0,0,-20000,0,0,0,0,20000,-20000,-20000
055725,嘉聯益元大98購03,0,0,0,0,0,0,0,0,0,-20000,0,0,0,0,20000,-20000,-20000
052025,國巨群益96購01  ,0,0,0,0,0,0,0,0,0,-20000,0,0,0,14000,34000,-20000,-20000
052269,T50反1日盛9B購01,0,0,0,0,0,0,0,0,0,-20000,0,0,0,0,20000,-20000,-20000
053528,南電中信9A購01  ,0,0,0,0,0,0,0,0,0,-20000,0,0,0,0,20000,-20000,-20000
052626,上証2X中信9A購01,0,0,0,0,0,0,0,0,0,-20000,0,0,0,0,20000,-20000,-20000
051510,新光金中信97購01,0,0,0,0,0,0,0,0,0,-20000,0,0,0,0,20000,-20000,-20000
046881,智原富邦99購01  ,0,0,0,0,0,0,0,0,0,-20000,0,0,0,0,20000,-20000,-20000
059691,大立光永豐99購02,0,0,0,0,0,0,0,0,0,-20000,0,0,0,20000,40000,-20000,-20000
059743,開發金元富99購01,0,0,0,0,0,0,0,0,0,-20000,0,0,0,20000,40000,-20000,-20000
059566,台積電凱基9A購11,0,0,0,0,0,0,0,0,0,-20000,0,0,0,2000,22000,-20000,-20000
059075,FBVIX元大99購01 ,0,0,0,0,0,0,0,0,0,-20000,0,0,0,0,20000,-20000,-20000
05905P,晶技統一97售01  ,0,0,0,0,0,0,0,0,0,-20000,0,0,0,33000,53000,-20000,-20000
058735,南茂永豐99購01  ,0,0,0,0,0,0,0,0,0,-20000,0,0,0,0,20000,-20000,-20000
058713,國巨統一9B購02  ,0,0,0,0,0,0,0,0,0,-20000,0,0,0,0,20000,-20000,-20000
058670,鴻海群益9A購03  ,0,0,0,0,0,0,0,0,0,-20000,0,0,0,10000,30000,-20000,-20000
057841,茂林富邦9A購02  ,0,0,0,0,0,0,0,0,0,-20000,0,0,0,0,20000,-20000,-20000
057652,欣興永昌9C購01  ,0,0,0,0,0,0,0,0,0,-20000,0,0,0,0,20000,-20000,-20000
057559,可成兆豐99購02  ,0,0,0,0,0,0,0,0,0,-20000,0,0,0,0,20000,-20000,-20000
058942,南茂中信99購01  ,0,0,0,0,0,0,0,0,0,-20000,0,0,0,0,20000,-20000,-20000
058931,玉晶光統一9C購01,0,0,0,0,0,0,0,0,0,-20000,0,0,0,10000,30000,-20000,-20000
056926,日月光兆豐98購01,0,0,0,0,0,0,0,0,0,-20000,0,0,0,0,20000,-20000,-20000
056905,欣興元大98購03  ,0,0,0,0,0,0,0,0,0,-20000,0,0,0,30000,50000,-20000,-20000
057158,義隆永豐99購01  ,0,0,0,0,0,0,0,0,0,-20000,0,0,0,0,20000,-20000,-20000
057211,鴻海群益98購05  ,0,0,0,0,0,0,0,0,0,-20000,0,0,0,52000,72000,-20000,-20000
057296,智原永豐98購01  ,0,0,0,0,0,0,0,0,0,-20000,0,0,0,0,20000,-20000,-20000
057304,為升兆豐99購02  ,0,0,0,0,0,0,0,0,0,-20000,0,0,0,0,20000,-20000,-20000
057263,可成兆豐99購01  ,0,0,0,0,0,0,0,0,0,-20000,0,0,0,0,20000,-20000,-20000
057243,樺漢凱基99購01  ,0,0,0,0,0,0,0,0,0,-20000,0,0,0,0,20000,-20000,-20000
058152,聯發科統一9B購02,0,0,0,0,0,0,0,0,0,-20000,0,0,0,23000,43000,-20000,-20000
060392,華擎群益9C購02  ,0,0,0,0,0,0,0,0,0,-20000,0,0,0,50000,70000,-20000,-20000
060577,玉晶光中信9A購02,0,0,0,0,0,0,0,0,0,-20000,0,0,0,0,20000,-20000,-20000
060636,大毅永豐9A購02  ,0,0,0,0,0,0,0,0,0,-20000,0,0,0,0,20000,-20000,-20000
060673,旺宏元大9A購04  ,0,0,0,0,0,0,0,0,0,-20000,0,0,0,0,20000,-20000,-20000
060329,鎧勝群益9B購01  ,0,0,0,0,0,0,0,0,0,-20000,0,0,0,84000,104000,-20000,-20000
060178,T50反1元富04購05,0,0,0,0,0,0,0,0,0,-20000,0,0,0,0,20000,-20000,-20000
058402,欣興元大99購04  ,0,0,0,0,0,0,0,0,0,-20000,0,0,0,28000,48000,-20000,-20000
2891B,中信金乙特      ,0,0,0,0,0,0,0,20000,-20000,0,0,0,0,0,0,0,-20000
2206,三陽工業        ,96000,129000,-33000,0,0,0,0,0,0,13000,13000,0,13000,0,0,0,-20000
07924P,台積電凱基9B售04,0,0,0,0,0,0,0,0,0,-20000,0,0,0,0,20000,-20000,-20000
07983P,茂林群益9B售03  ,0,0,0,0,0,0,0,0,0,-20000,0,0,0,165000,185000,-20000,-20000
07783P,聯發科富邦9C售03,0,0,0,0,0,0,0,0,0,-20000,0,0,0,0,20000,-20000,-20000
07843P,緯穎元大9A售05  ,0,0,0,0,0,0,0,0,0,-20000,0,0,0,20000,40000,-20000,-20000
07899P,和大凱基9B售01  ,0,0,0,0,0,0,0,0,0,-20000,0,0,0,0,20000,-20000,-20000
07637P,國巨國票9A售08  ,0,0,0,0,0,0,0,0,0,-20000,0,0,0,0,20000,-20000,-20000
07593P,臺股指凱基9A售08,0,0,0,0,0,0,0,0,0,-20000,0,0,0,0,20000,-20000,-20000
07383P,聯發科群益99售06,0,0,0,0,0,0,0,0,0,-20000,0,0,0,0,20000,-20000,-20000
5533,皇鼎            ,4000,24000,-20000,0,0,0,0,0,0,0,0,0,0,0,0,0,-20000
5608,四維航          ,85000,107000,-22000,0,0,0,0,0,0,2000,2000,0,2000,0,0,0,-20000
062029,牧德群益9B購03  ,0,0,0,0,0,0,0,0,0,-21000,0,0,0,98000,119000,-21000,-21000
062744,超眾國泰9C購01  ,0,0,0,0,0,0,0,0,0,-21000,0,0,0,0,21000,-21000,-21000
06515P,國巨凱基98售06  ,0,0,0,0,0,0,0,0,0,-21000,0,0,0,14000,35000,-21000,-21000
06670P,鴻海群益98售06  ,0,0,0,0,0,0,0,0,0,-21000,0,0,0,79000,100000,-21000,-21000
06726P,欣興元富98售04  ,0,0,0,0,0,0,0,0,0,-21000,0,0,0,118000,139000,-21000,-21000
061610,力成統一9C購01  ,0,0,0,0,0,0,0,0,0,-21000,0,0,0,134000,155000,-21000,-21000
061309,鴻海統一9C購05  ,0,0,0,0,0,0,0,0,0,-21000,0,0,0,23000,44000,-21000,-21000
061733,聯發科中信01購01,0,0,0,0,0,0,0,0,0,-21000,0,0,0,20000,41000,-21000,-21000
061814,聯發科群益9B購04,0,0,0,0,0,0,0,0,0,-21000,0,0,0,87000,108000,-21000,-21000
060841,宏達電國票9B購01,0,0,0,0,0,0,0,0,0,-21000,0,0,0,30000,51000,-21000,-21000
0052,富邦科技        ,0,0,0,0,0,0,0,0,0,-21000,0,0,0,112000,133000,-21000,-21000
056020,義隆群益97購01  ,0,0,0,0,0,0,0,0,0,-21000,0,0,0,0,21000,-21000,-21000
056002,嘉晶永豐97購01  ,0,0,0,0,0,0,0,0,0,-21000,0,0,0,0,21000,-21000,-21000
055934,景碩群益98購03  ,0,0,0,0,0,0,0,0,0,-21000,0,0,0,0,21000,-21000,-21000
060545,台積電凱基9B購02,0,0,0,0,0,0,0,0,0,-21000,0,0,0,0,21000,-21000,-21000
057964,緯穎元大99購03  ,0,0,0,0,0,0,0,0,0,-21000,0,0,0,35000,56000,-21000,-21000
057915,台泥凱基98購01  ,0,0,0,0,0,0,0,0,0,-21000,0,0,0,87000,108000,-21000,-21000
057739,新日興富邦9B購01,0,0,0,0,0,0,0,0,0,-21000,0,0,0,0,21000,-21000,-21000
057776,京元電群益98購02,0,0,0,0,0,0,0,0,0,-21000,0,0,0,60000,81000,-21000,-21000
057012,康控中信98購01  ,0,0,0,0,0,0,0,0,0,-21000,0,0,0,0,21000,-21000,-21000
07713P,台郡元大9A售03  ,0,0,0,0,0,0,0,0,0,-21000,0,0,0,0,21000,-21000,-21000
07768P,緯穎群益9A售02  ,0,0,0,0,0,0,0,0,0,-21000,0,0,0,0,21000,-21000,-21000
1507,永大            ,4000,26000,-22000,0,0,0,0,0,0,1000,1000,0,1000,0,0,0,-21000
061056,臺指反國票02購01,0,0,0,0,0,0,0,0,0,-22000,0,0,0,0,22000,-22000,-22000
061619,大立光群益9B購01,0,0,0,0,0,0,0,0,0,-22000,0,0,0,0,22000,-22000,-22000
07188P,臺股指台新99售11,0,0,0,0,0,0,0,0,0,-22000,0,0,0,0,22000,-22000,-22000
062194,遠東新中信9C購01,0,0,0,0,0,0,0,0,0,-22000,0,0,0,325000,347000,-22000,-22000
062532,聯詠統一9C購01  ,0,0,0,0,0,0,0,0,0,-22000,0,0,0,337000,359000,-22000,-22000
062438,台光電元大9B購04,0,0,0,0,0,0,0,0,0,-22000,0,0,0,0,22000,-22000,-22000
062456,台積電群益9B購05,0,0,0,0,0,0,0,0,0,-22000,0,0,0,50000,72000,-22000,-22000
054873,帆宣群益99購01  ,0,0,0,0,0,0,0,0,0,-22000,0,0,0,0,22000,-22000,-22000
060045,嘉晶群益99購02  ,0,0,0,0,0,0,0,0,0,-22000,0,0,0,0,22000,-22000,-22000
053744,台郡國票97購03  ,0,0,0,0,0,0,0,0,0,-22000,0,0,0,0,22000,-22000,-22000
057817,景碩元大98購01  ,0,0,0,0,0,0,0,0,0,-22000,0,0,0,25000,47000,-22000,-22000
057667,可成元大99購01  ,0,0,0,0,0,0,0,0,0,-22000,0,0,0,50000,72000,-22000,-22000
057567,嘉聯益富邦9A購01,0,0,0,0,0,0,0,0,0,-22000,0,0,0,13000,35000,-22000,-22000
057529,嘉晶元大99購02  ,0,0,0,0,0,0,0,0,0,-22000,0,0,0,48000,70000,-22000,-22000
058940,聯發科中信9A購03,0,0,0,0,0,0,0,0,0,-22000,0,0,0,8000,30000,-22000,-22000
060264,華新科國票9A購02,0,0,0,0,0,0,0,0,0,-22000,0,0,0,0,22000,-22000,-22000
057119,微星康和98購01  ,0,0,0,0,0,0,0,0,0,-22000,0,0,0,0,22000,-22000,-22000
1786,科妍            ,19000,43000,-24000,0,0,0,0,0,0,2000,2000,0,2000,0,0,0,-22000
2530,華建            ,12000,40000,-28000,0,0,0,0,0,0,6000,6000,0,6000,0,0,0,-22000
07991P,鴻海群益9C售02  ,0,0,0,0,0,0,0,0,0,-22000,0,0,0,35000,57000,-22000,-22000
062261,嘉晶元大9B購02  ,0,0,0,0,0,0,0,0,0,-23000,0,0,0,56000,79000,-23000,-23000
062094,台積電富邦9C購12,0,0,0,0,0,0,0,0,0,-23000,0,0,0,0,23000,-23000,-23000
06885P,國巨國票99售06  ,0,0,0,0,0,0,0,0,0,-23000,0,0,0,0,23000,-23000,-23000
06137P,玉晶光永豐97售04,0,0,0,0,0,0,0,0,0,-23000,0,0,0,67000,90000,-23000,-23000
061958,鴻海統一01購01  ,0,0,0,0,0,0,0,0,0,-23000,0,0,0,0,23000,-23000,-23000
061215,健策元大9A購06  ,0,0,0,0,0,0,0,0,0,-23000,0,0,0,45000,68000,-23000,-23000
00711B,FH彭博新興債    ,1000,0,1000,0,0,0,0,0,0,-24000,0,0,0,82000,106000,-24000,-23000
050601,台表科國泰96購01,0,0,0,0,0,0,0,0,0,-23000,0,0,0,1000,24000,-23000,-23000
055732,全新元富9A購01  ,0,0,0,0,0,0,0,0,0,-23000,0,0,0,0,23000,-23000,-23000
055605,緯穎元大97購02  ,0,0,0,0,0,0,0,0,0,-23000,0,0,0,3000,26000,-23000,-23000
054577,世芯元大98購01  ,0,0,0,0,0,0,0,0,0,-23000,0,0,0,0,23000,-23000,-23000
054916,聯發科凱基98購04,0,0,0,0,0,0,0,0,0,-23000,0,0,0,13000,36000,-23000,-23000
054932,台肥元大97購01  ,0,0,0,0,0,0,0,0,0,-23000,0,0,0,263000,286000,-23000,-23000
057076,緯穎永豐98購01  ,0,0,0,0,0,0,0,0,0,-23000,0,0,0,0,23000,-23000,-23000
058663,瑞儀兆豐9A購01  ,0,0,0,0,0,0,0,0,0,-23000,0,0,0,61000,84000,-23000,-23000
07361P,聯發科元大99售34,0,0,0,0,0,0,0,0,0,-23000,0,0,0,0,23000,-23000,-23000
07712P,茂林元大9A售03  ,0,0,0,0,0,0,0,0,0,-23000,0,0,0,13000,36000,-23000,-23000
2887F,台新戊特二      ,0,0,0,0,0,0,0,18000,-18000,-5000,0,5000,-5000,0,0,0,-23000
1806,冠軍            ,49000,77000,-28000,0,0,0,0,0,0,5000,5000,0,5000,0,0,0,-23000
061115,電子類元大9A購02,0,0,0,0,0,0,0,0,0,-24000,0,0,0,1000,25000,-24000,-24000
061821,祥碩群益9B購02  ,0,0,0,0,0,0,0,0,0,-24000,0,0,0,8000,32000,-24000,-24000
06177P,玉晶光元大98售07,0,0,0,0,0,0,0,0,0,-24000,0,0,0,0,24000,-24000,-24000
06447P,上銀元大98售01  ,0,0,0,0,0,0,0,0,0,-24000,0,0,0,44000,68000,-24000,-24000
062147,大毅國票9B購02  ,0,0,0,0,0,0,0,0,0,-24000,0,0,0,6000,30000,-24000,-24000
054166,日電貿凱基98購01,0,0,0,0,0,0,0,0,0,-24000,0,0,0,10000,34000,-24000,-24000
054559,台光電群益99購01,0,0,0,0,0,0,0,0,0,-24000,0,0,0,0,24000,-24000,-24000
054556,世芯凱基99購01  ,0,0,0,0,0,0,0,0,0,-24000,0,0,0,31000,55000,-24000,-24000
056492,全新國泰9A購01  ,0,0,0,0,0,0,0,0,0,-24000,0,0,0,0,24000,-24000,-24000
055432,臻鼎群益97購02  ,0,0,0,0,0,0,0,0,0,-24000,0,0,0,33000,57000,-24000,-24000
03648C,T50反1元大96牛07,0,0,0,0,0,0,0,0,0,-24000,0,0,0,0,24000,-24000,-24000
048414,滬深2X統一98購01,0,0,0,0,0,0,0,0,0,-24000,0,0,0,0,24000,-24000,-24000
053361,友達元富99購01  ,0,0,0,0,0,0,0,0,0,-24000,0,0,0,56000,80000,-24000,-24000
058701,鴻海元大99購16  ,0,0,0,0,0,0,0,0,0,-24000,0,0,0,55000,79000,-24000,-24000
058786,元黃金元大99購01,0,0,0,0,0,0,0,0,0,-24000,0,0,0,0,24000,-24000,-24000
059639,大立光凱基9A購06,0,0,0,0,0,0,0,0,0,-24000,0,0,0,6000,30000,-24000,-24000
060345,聯發科統一9B購05,0,0,0,0,0,0,0,0,0,-24000,0,0,0,0,24000,-24000,-24000
060493,美律元富01購01  ,0,0,0,0,0,0,0,0,0,-24000,0,0,0,104000,128000,-24000,-24000
2020,美亞            ,4000,25000,-21000,0,0,0,0,0,0,-3000,3000,6000,-3000,0,0,0,-24000
07325P,台積電元大99售41,0,0,0,0,0,0,0,0,0,-24000,0,0,0,1000,25000,-24000,-24000
07941P,國巨凱基9B售07  ,0,0,0,0,0,0,0,0,0,-24000,0,0,0,16000,40000,-24000,-24000
07945P,上銀國票9B售02  ,0,0,0,0,0,0,0,0,0,-24000,0,0,0,22000,46000,-24000,-24000
07807P,聯茂永豐9A售02  ,0,0,0,0,0,0,0,0,0,-24000,0,0,0,26000,50000,-24000,-24000
062286,台郡群益9B購01  ,0,0,0,0,0,0,0,0,0,-25000,0,0,0,149000,174000,-25000,-25000
061988,大立光元大9B購04,0,0,0,0,0,0,0,0,0,-25000,0,0,0,0,25000,-25000,-25000
062445,大立光元大9C購02,0,0,0,0,0,0,0,0,0,-25000,0,0,0,0,25000,-25000,-25000
062322,元金2X統一01購01,0,0,0,0,0,0,0,0,0,-25000,0,0,0,0,25000,-25000,-25000
06453P,群創元大9B售02  ,0,0,0,0,0,0,0,0,0,-25000,0,0,0,6000,31000,-25000,-25000
06336P,鴻海元大98售05  ,0,0,0,0,0,0,0,0,0,-25000,0,0,0,50000,75000,-25000,-25000
06473P,鴻海元大99售03  ,0,0,0,0,0,0,0,0,0,-25000,0,0,0,21000,46000,-25000,-25000
06544P,鴻海元大98售09  ,0,0,0,0,0,0,0,0,0,-25000,0,0,0,0,25000,-25000,-25000
06866P,聯發科元大98售13,0,0,0,0,0,0,0,0,0,-25000,0,0,0,0,25000,-25000,-25000
07058P,台積電凱基9A售07,0,0,0,0,0,0,0,0,0,-25000,0,0,0,0,25000,-25000,-25000
061960,國巨統一01購05  ,0,0,0,0,0,0,0,0,0,-25000,0,0,0,5000,30000,-25000,-25000
061487,聯發科兆豐9B購02,0,0,0,0,0,0,0,0,0,-25000,0,0,0,0,25000,-25000,-25000
061131,崇越永豐9A購01  ,0,0,0,0,0,0,0,0,0,-25000,0,0,0,60000,85000,-25000,-25000
060428,瑞祺永豐9A購01  ,0,0,0,0,0,0,0,0,0,-25000,0,0,0,0,25000,-25000,-25000
053887,聯茂兆豐97購02  ,0,0,0,0,0,0,0,0,0,-25000,0,0,0,20000,45000,-25000,-25000
051101,台表科元大96購02,0,0,0,0,0,0,0,0,0,-25000,0,0,0,5000,30000,-25000,-25000
056463,台虹凱基98購02  ,0,0,0,0,0,0,0,0,0,-25000,0,0,0,158000,183000,-25000,-25000
056411,緯穎國票99購01  ,0,0,0,0,0,0,0,0,0,-25000,0,0,0,0,25000,-25000,-25000
060100,新光金元大9C購01,0,0,0,0,0,0,0,0,0,-25000,0,0,0,84000,109000,-25000,-25000
060033,臻鼎永豐99購01  ,0,0,0,0,0,0,0,0,0,-25000,0,0,0,40000,65000,-25000,-25000
059983,聯發科元大99購38,0,0,0,0,0,0,0,0,0,-25000,0,0,0,0,25000,-25000,-25000
057890,滬深反統一98購01,0,0,0,0,0,0,0,0,0,-25000,0,0,0,0,25000,-25000,-25000
056744,麗豐凱基9A購01  ,0,0,0,0,0,0,0,0,0,-25000,0,0,0,0,25000,-25000,-25000
055288,日電貿元大97購02,0,0,0,0,0,0,0,0,0,-25000,0,0,0,146000,171000,-25000,-25000
057469,康友永豐98購02  ,0,0,0,0,0,0,0,0,0,-25000,0,0,0,0,25000,-25000,-25000
059840,鴻海富邦9A購02  ,0,0,0,0,0,0,0,0,0,-25000,0,0,0,10000,35000,-25000,-25000
059821,美律凱基99購08  ,0,0,0,0,0,0,0,0,0,-25000,0,0,0,0,25000,-25000,-25000
057282,大立光元大99購06,0,0,0,0,0,0,0,0,0,-25000,0,0,0,10000,35000,-25000,-25000
057150,貿聯國票99購02  ,0,0,0,0,0,0,0,0,0,-25000,0,0,0,0,25000,-25000,-25000
056951,牧德統一99購01  ,0,0,0,0,0,0,0,0,0,-25000,0,0,0,25000,50000,-25000,-25000
059930,健策富邦9B購01  ,0,0,0,0,0,0,0,0,0,-25000,0,0,0,5000,30000,-25000,-25000
057923,晶豪科凱基98購02,0,0,0,0,0,0,0,0,0,-25000,0,0,0,134000,159000,-25000,-25000
057990,美律統一99購02  ,0,0,0,0,0,0,0,0,0,-25000,0,0,0,0,25000,-25000,-25000
08026P,臺股指凱基9B售12,0,0,0,0,0,0,0,0,0,-25000,0,0,0,0,25000,-25000,-25000
07323P,鴻海元大99售34  ,0,0,0,0,0,0,0,0,0,-25000,0,0,0,0,25000,-25000,-25000
07410P,鴻海元大99售44  ,0,0,0,0,0,0,0,0,0,-25000,0,0,0,30000,55000,-25000,-25000
1626,艾美特-KY       ,10000,36000,-26000,0,0,0,0,0,0,1000,2000,1000,1000,0,0,0,-25000
1604,聲寶            ,98000,127000,-29000,0,0,0,0,0,0,4000,4000,0,4000,0,0,0,-25000
4144,康聯-KY         ,8000,33000,-25000,0,0,0,0,0,0,0,0,0,0,0,0,0,-25000
060754,華通元大9A購04  ,0,0,0,0,0,0,0,0,0,-26000,0,0,0,27000,53000,-26000,-26000
061142,南電統一9A購01  ,0,0,0,0,0,0,0,0,0,-26000,0,0,0,150000,176000,-26000,-26000
061289,玉晶光統一01購03,0,0,0,0,0,0,0,0,0,-26000,0,0,0,4000,30000,-26000,-26000
060340,國巨統一01購02  ,0,0,0,0,0,0,0,0,0,-26000,0,0,0,4000,30000,-26000,-26000
061836,華新科凱基05購01,0,0,0,0,0,0,0,0,0,-26000,0,0,0,0,26000,-26000,-26000
06923P,鴻海群益98售09  ,0,0,0,0,0,0,0,0,0,-26000,0,0,0,15000,41000,-26000,-26000
06286P,世芯國票97售02  ,0,0,0,0,0,0,0,0,0,-26000,0,0,0,311000,337000,-26000,-26000
062603,台化凱基9B購01  ,0,0,0,0,0,0,0,0,0,-26000,0,0,0,84000,110000,-26000,-26000
055318,華通國票98購01  ,0,0,0,0,0,0,0,0,0,-26000,0,0,0,7000,33000,-26000,-26000
056523,光寶科中信98購01,0,0,0,0,0,0,0,0,0,-26000,0,0,0,0,26000,-26000,-26000
048189,臺指反元大96購06,0,0,0,0,0,0,0,0,0,-26000,0,0,0,40000,66000,-26000,-26000
052367,聯茂國票96購02  ,0,0,0,0,0,0,0,0,0,-26000,0,0,0,15000,41000,-26000,-26000
051539,瀚宇博國票97購01,0,0,0,0,0,0,0,0,0,-26000,0,0,0,5000,31000,-26000,-26000
058587,台積電中信9C購03,0,0,0,0,0,0,0,0,0,-26000,0,0,0,0,26000,-26000,-26000
060229,楠梓電元大9C購01,0,0,0,0,0,0,0,0,0,-26000,0,0,0,9000,35000,-26000,-26000
060643,牧德永豐9A購03  ,0,0,0,0,0,0,0,0,0,-26000,0,0,0,15000,41000,-26000,-26000
07462P,臺股指元大9B售05,0,0,0,0,0,0,0,0,0,-26000,0,0,0,25000,51000,-26000,-26000
1416,廣豐            ,4000,33000,-29000,0,0,0,0,0,0,3000,3000,0,3000,0,0,0,-26000
07933P,大立光富邦9C售06,0,0,0,0,0,0,0,0,0,-26000,0,0,0,16000,42000,-26000,-26000
07862P,聯發科凱基9B售05,0,0,0,0,0,0,0,0,0,-26000,0,0,0,0,26000,-26000,-26000
062595,祥碩統一9B購01  ,0,0,0,0,0,0,0,0,0,-27000,0,0,0,0,27000,-27000,-27000
062477,聯詠國票9B購01  ,0,0,0,0,0,0,0,0,0,-27000,0,0,0,0,27000,-27000,-27000
062098,億光永豐9B購01  ,0,0,0,0,0,0,0,0,0,-27000,0,0,0,58000,85000,-27000,-27000
06949P,台表科元大99售01,0,0,0,0,0,0,0,0,0,-27000,0,0,0,0,27000,-27000,-27000
055619,同欣電國票98購02,0,0,0,0,0,0,0,0,0,-27000,0,0,0,112000,139000,-27000,-27000
060604,宏達電凱基9B購01,0,0,0,0,0,0,0,0,0,-27000,0,0,0,13000,40000,-27000,-27000
060363,美律元富9A購01  ,0,0,0,0,0,0,0,0,0,-27000,0,0,0,102000,129000,-27000,-27000
060364,奇力新元富9A購01,0,0,0,0,0,0,0,0,0,-27000,0,0,0,10000,37000,-27000,-27000
057410,南電群益98購01  ,0,0,0,0,0,0,0,0,0,-27000,0,0,0,0,27000,-27000,-27000
058140,臻鼎元大99購02  ,0,0,0,0,0,0,0,0,0,-27000,0,0,0,68000,95000,-27000,-27000
059460,GIS永豐99購02   ,0,0,0,0,0,0,0,0,0,-27000,0,0,0,0,27000,-27000,-27000
058123,亞光國票9A購01  ,0,0,0,0,0,0,0,0,0,-27000,0,0,0,16000,43000,-27000,-27000
058099,鴻海國泰9A購02  ,0,0,0,0,0,0,0,0,0,-27000,0,0,0,501000,528000,-27000,-27000
07954P,台表科元大9B售02,0,0,0,0,0,0,0,0,0,-27000,0,0,0,16000,43000,-27000,-27000
07699P,臺股指元大9A售52,0,0,0,0,0,0,0,0,0,-27000,0,0,0,9000,36000,-27000,-27000
3018,同開            ,23000,50000,-27000,0,0,0,0,0,0,0,0,0,0,0,0,0,-27000
06896P,信邦中信98售01  ,0,0,0,0,0,0,0,0,0,-28000,0,0,0,0,28000,-28000,-28000
07069P,欣興元富99售02  ,0,0,0,0,0,0,0,0,0,-28000,0,0,0,11000,39000,-28000,-28000
062250,台積電元大9B購02,0,0,0,0,0,0,0,0,0,-28000,0,0,0,0,28000,-28000,-28000
062196,聯發科中信01購02,0,0,0,0,0,0,0,0,0,-28000,0,0,0,10000,38000,-28000,-28000
062511,台光電國票9B購02,0,0,0,0,0,0,0,0,0,-28000,0,0,0,9000,37000,-28000,-28000
062301,聯詠中信05購01  ,0,0,0,0,0,0,0,0,0,-28000,0,0,0,15000,43000,-28000,-28000
061816,長榮航群益9B購02,0,0,0,0,0,0,0,0,0,-28000,0,0,0,93000,121000,-28000,-28000
061839,華新科凱基05購04,0,0,0,0,0,0,0,0,0,-28000,0,0,0,0,28000,-28000,-28000
061117,美律國泰9C購01  ,0,0,0,0,0,0,0,0,0,-28000,0,0,0,5000,33000,-28000,-28000
060737,瑞儀統一9C購01  ,0,0,0,0,0,0,0,0,0,-28000,0,0,0,14000,42000,-28000,-28000
053996,晶相光群益97購01,0,0,0,0,0,0,0,0,0,-28000,0,0,0,0,28000,-28000,-28000
048273,南電富邦97購01  ,0,0,0,0,0,0,0,0,0,-28000,0,0,0,0,28000,-28000,-28000
050890,南電富邦99購01  ,0,0,0,0,0,0,0,0,0,-28000,0,0,0,22000,50000,-28000,-28000
053586,建準元大96購01  ,0,0,0,0,0,0,0,0,0,-28000,0,0,0,215000,243000,-28000,-28000
056538,國泰金凱基98購01,0,0,0,0,0,0,0,0,0,-28000,0,0,0,10000,38000,-28000,-28000
05650P,台積電富邦96售01,0,0,0,0,0,0,0,0,0,-28000,0,0,0,0,28000,-28000,-28000
056454,欣興凱基98購02  ,0,0,0,0,0,0,0,0,0,-28000,0,0,0,0,28000,-28000,-28000
059020,元油2X統一9B購02,0,0,0,0,0,0,0,0,0,-28000,0,0,0,0,28000,-28000,-28000
059917,華新科元大99購19,0,0,0,0,0,0,0,0,0,-28000,0,0,0,0,28000,-28000,-28000
059678,鴻海國泰9A購03  ,0,0,0,0,0,0,0,0,0,-28000,0,0,0,0,28000,-28000,-28000
058611,欣興元大99購06  ,0,0,0,0,0,0,0,0,0,-28000,0,0,0,4000,32000,-28000,-28000
057216,聯發科群益99購01,0,0,0,0,0,0,0,0,0,-28000,0,0,0,20000,48000,-28000,-28000
057299,立積永豐98購02  ,0,0,0,0,0,0,0,0,0,-28000,0,0,0,2000,30000,-28000,-28000
056700,華新科國泰99購03,0,0,0,0,0,0,0,0,0,-28000,0,0,0,0,28000,-28000,-28000
058421,國泰金麥證01購01,0,0,0,16000,44000,-28000,0,0,0,-28000,0,0,0,16000,44000,-28000,-28000
060186,義隆元富9A購01  ,0,0,0,0,0,0,0,0,0,-28000,0,0,0,30000,58000,-28000,-28000
060156,光磊永豐9A購01  ,0,0,0,0,0,0,0,0,0,-28000,0,0,0,27000,55000,-28000,-28000
058495,元大金群益9B購01,0,0,0,0,0,0,0,0,0,-28000,0,0,0,0,28000,-28000,-28000
2485,兆赫            ,86000,129000,-43000,0,0,0,0,0,0,15000,19000,4000,15000,0,0,0,-28000
1447,力鵬            ,92000,133000,-41000,0,0,0,0,0,0,13000,13000,0,13000,0,0,0,-28000
07887P,台積電國票9C售03,0,0,0,0,0,0,0,0,0,-28000,0,0,0,0,28000,-28000,-28000
060696,道瓊反國泰9C購01,0,0,0,0,0,0,0,0,0,-29000,0,0,0,1000,30000,-29000,-29000
060965,中租凱基9B購01  ,0,0,0,0,0,0,0,0,0,-29000,0,0,0,530000,559000,-29000,-29000
062333,嘉晶統一9C購01  ,0,0,0,0,0,0,0,0,0,-29000,0,0,0,32000,61000,-29000,-29000
062033,瀚宇博群益9B購01,0,0,0,0,0,0,0,0,0,-29000,0,0,0,5000,34000,-29000,-29000
06908P,健策國泰99售02  ,0,0,0,0,0,0,0,0,0,-29000,0,0,0,16000,45000,-29000,-29000
056434,國巨凱基98購03  ,0,0,0,0,0,0,0,0,0,-29000,0,0,0,71000,100000,-29000,-29000
054220,國巨統一97購02  ,0,0,0,0,0,0,0,0,0,-29000,0,0,0,404000,433000,-29000,-29000
059065,南電凱基9A購01  ,0,0,0,0,0,0,0,0,0,-29000,0,0,0,49000,78000,-29000,-29000
059787,奇力新元大9A購02,0,0,0,0,0,0,0,0,0,-29000,0,0,0,0,29000,-29000,-29000
059923,緯穎元大99購09  ,0,0,0,0,0,0,0,0,0,-29000,0,0,0,3000,32000,-29000,-29000
058990,GIS凱基99購02   ,0,0,0,0,0,0,0,0,0,-29000,0,0,0,8000,37000,-29000,-29000
2030,彰源            ,15000,44000,-29000,0,0,0,0,0,0,0,0,0,0,0,0,0,-29000
3321,同泰            ,15000,44000,-29000,0,0,0,0,0,0,0,0,0,0,0,0,0,-29000
062252,華邦電元大9C購01,0,0,0,0,0,0,0,0,0,-30000,0,0,0,20000,50000,-30000,-30000
062217,旺宏統一9C購01  ,0,0,0,0,0,0,0,0,0,-30000,0,0,0,50000,80000,-30000,-30000
060977,亞德客元大9A購04,0,0,0,0,0,0,0,0,0,-30000,0,0,0,0,30000,-30000,-30000
060742,臺指反國票9B購02,0,0,0,0,0,0,0,0,0,-30000,0,0,0,0,30000,-30000,-30000
061261,台積電凱基9B購03,0,0,0,0,0,0,0,0,0,-30000,0,0,0,0,30000,-30000,-30000
061143,道瓊指中信9C購04,0,0,0,0,0,0,0,0,0,-30000,0,0,0,0,30000,-30000,-30000
061912,台積電中信05購05,0,0,0,0,0,0,0,0,0,-30000,0,0,0,1000,31000,-30000,-30000
061775,臺指反國票9B購04,0,0,0,0,0,0,0,0,0,-30000,0,0,0,0,30000,-30000,-30000
061712,旺宏凱基9A購08  ,0,0,0,0,0,0,0,0,0,-30000,0,0,0,0,30000,-30000,-30000
061558,旺宏國票9B購02  ,0,0,0,0,0,0,0,0,0,-30000,0,0,0,10000,40000,-30000,-30000
061384,T50反1群益9A購04,0,0,0,0,0,0,0,0,0,-30000,0,0,0,0,30000,-30000,-30000
054977,SP黃豆元富9B購01,0,0,0,0,0,0,0,0,0,-30000,0,0,0,0,30000,-30000,-30000
054895,南電統一97購01  ,0,0,0,0,0,0,0,0,0,-30000,0,0,0,0,30000,-30000,-30000
054834,帆宣中信97購01  ,0,0,0,0,0,0,0,0,0,-30000,0,0,0,0,30000,-30000,-30000
055206,台虹中信97購01  ,0,0,0,0,0,0,0,0,0,-30000,0,0,0,140000,170000,-30000,-30000
054514,道瓊銀元大98購01,0,0,0,0,0,0,0,0,0,-30000,0,0,0,0,30000,-30000,-30000
056500,大立光富邦9B購02,0,0,0,0,0,0,0,0,0,-30000,0,0,0,0,30000,-30000,-30000
056462,訊芯凱基98購03  ,0,0,0,0,0,0,0,0,0,-30000,0,0,0,0,30000,-30000,-30000
056484,聯茂元大98購02  ,0,0,0,0,0,0,0,0,0,-30000,0,0,0,0,30000,-30000,-30000
056716,康舒永豐98購01  ,0,0,0,0,0,0,0,0,0,-30000,0,0,0,30000,60000,-30000,-30000
056717,康友永豐98購01  ,0,0,0,0,0,0,0,0,0,-30000,0,0,0,0,30000,-30000,-30000
060151,旺宏富邦9A購02  ,0,0,0,0,0,0,0,0,0,-30000,0,0,0,10000,40000,-30000,-30000
060050,鴻海凱基9B購01  ,0,0,0,0,0,0,0,0,0,-30000,0,0,0,5000,35000,-30000,-30000
053587,京元電元大98購01,0,0,0,0,0,0,0,0,0,-30000,0,0,0,0,30000,-30000,-30000
053223,台郡凱基96購02  ,0,0,0,0,0,0,0,0,0,-30000,0,0,0,0,30000,-30000,-30000
053959,晶豪科永豐96購02,0,0,0,0,0,0,0,0,0,-30000,0,0,0,25000,55000,-30000,-30000
04286P,滬深2X中信96售01,0,0,0,0,0,0,0,0,0,-30000,0,0,0,0,30000,-30000,-30000
050484,世紀鋼國票95購02,0,0,0,0,0,0,0,0,0,-30000,0,0,0,0,30000,-30000,-30000
04479P,同欣電中信96售02,0,0,0,0,0,0,0,0,0,-30000,0,0,0,0,30000,-30000,-30000
055551,致茂凱基98購01  ,0,0,0,0,0,0,0,0,0,-30000,0,0,0,0,30000,-30000,-30000
054072,台積電富邦98購02,0,0,0,0,0,0,0,0,0,-30000,0,0,0,0,30000,-30000,-30000
054075,GIS富邦97購02   ,0,0,0,0,0,0,0,0,0,-30000,0,0,0,20000,50000,-30000,-30000
055518,華新科中信99購01,0,0,0,0,0,0,0,0,0,-30000,0,0,0,0,30000,-30000,-30000
05545P,台表科國泰98售01,0,0,0,0,0,0,0,0,0,-30000,0,0,0,50000,80000,-30000,-30000
055358,臻鼎凱基97購01  ,0,0,0,0,0,0,0,0,0,-30000,0,0,0,0,30000,-30000,-30000
052572,群創凱基99購01  ,0,0,0,0,0,0,0,0,0,-30000,0,0,0,0,30000,-30000,-30000
053377,台積電元大98購01,0,0,0,0,0,0,0,0,0,-30000,0,0,0,0,30000,-30000,-30000
052994,群創台新99購01  ,0,0,0,0,0,0,0,0,0,-30000,0,0,0,0,30000,-30000,-30000
058997,鴻海元大99購21  ,0,0,0,0,0,0,0,0,0,-30000,0,0,0,0,30000,-30000,-30000
058966,元油2X日盛99購03,0,0,0,0,0,0,0,0,0,-30000,0,0,0,0,30000,-30000,-30000
058023,南電凱基98購02  ,0,0,0,0,0,0,0,0,0,-30000,0,0,0,0,30000,-30000,-30000
058036,南電永豐98購01  ,0,0,0,0,0,0,0,0,0,-30000,0,0,0,0,30000,-30000,-30000
058892,元油2X元大9C購08,0,0,0,0,0,0,0,0,0,-30000,0,0,0,25000,55000,-30000,-30000
058896,中環元大99購03  ,0,0,0,0,0,0,0,0,0,-30000,0,0,0,240000,270000,-30000,-30000
05764P,世紀鋼永豐96售03,0,0,0,0,0,0,0,0,0,-30000,0,0,0,0,30000,-30000,-30000
059773,康控群益99購01  ,0,0,0,0,0,0,0,0,0,-30000,0,0,0,0,30000,-30000,-30000
059453,奇力新永豐99購01,0,0,0,0,0,0,0,0,0,-30000,0,0,0,0,30000,-30000,-30000
05910P,力山永豐96售02  ,0,0,0,0,0,0,0,0,0,-30000,0,0,0,0,30000,-30000,-30000
058838,國巨中信99購03  ,0,0,0,0,0,0,0,0,0,-30000,0,0,0,19000,49000,-30000,-30000
060159,健和興永豐9A購01,0,0,0,0,0,0,0,0,0,-30000,0,0,0,10000,40000,-30000,-30000
058466,SGBR2X中信99購02,0,0,0,0,0,0,0,0,0,-30000,0,0,0,0,30000,-30000,-30000
060247,牧德元大9A購02  ,0,0,0,0,0,0,0,0,0,-30000,0,0,0,0,30000,-30000,-30000
056623,禾伸堂永豐98購01,0,0,0,0,0,0,0,0,0,-30000,0,0,0,20000,50000,-30000,-30000
057240,茂林凱基9A購01  ,0,0,0,0,0,0,0,0,0,-30000,0,0,0,10000,40000,-30000,-30000
057231,美律凱基98購05  ,0,0,0,0,0,0,0,0,0,-30000,0,0,0,10000,40000,-30000,-30000
058320,華新科永豐99購02,0,0,0,0,0,0,0,0,0,-30000,0,0,0,10000,40000,-30000,-30000
057194,南電元大98購01  ,0,0,0,0,0,0,0,0,0,-30000,0,0,0,0,30000,-30000,-30000
059278,群創元大9A購04  ,0,0,0,0,0,0,0,0,0,-30000,0,0,0,116000,146000,-30000,-30000
057056,立積元大99購02  ,0,0,0,0,0,0,0,0,0,-30000,0,0,0,0,30000,-30000,-30000
057125,國巨凱基98購12  ,0,0,0,0,0,0,0,0,0,-30000,0,0,0,0,30000,-30000,-30000
1517,利奇            ,9000,42000,-33000,0,0,0,0,0,0,3000,3000,0,3000,0,0,0,-30000
1730,花仙子          ,29000,59000,-30000,0,0,0,0,0,0,0,0,0,0,0,0,0,-30000
07994P,臺股指群益9B售04,0,0,0,0,0,0,0,0,0,-30000,0,0,0,30000,60000,-30000,-30000
07506P,中租元大9A售01  ,0,0,0,0,0,0,0,0,0,-30000,0,0,0,110000,140000,-30000,-30000
07463P,台積電國票9A售05,0,0,0,0,0,0,0,0,0,-30000,0,0,0,0,30000,-30000,-30000
07280P,FBVIX凱基99售01 ,0,0,0,0,0,0,0,0,0,-30000,0,0,0,0,30000,-30000,-30000
6108,競國            ,52000,90000,-38000,0,0,0,0,0,0,8000,8000,0,8000,0,0,0,-30000
061658,聯茂富邦9A購03  ,0,0,0,0,0,0,0,0,0,-31000,0,0,0,144000,175000,-31000,-31000
061951,南電群益9B購01  ,0,0,0,0,0,0,0,0,0,-31000,0,0,0,0,31000,-31000,-31000
061249,億豐群益9A購01  ,0,0,0,0,0,0,0,0,0,-31000,0,0,0,66000,97000,-31000,-31000
060913,宏達電元大9A購03,0,0,0,0,0,0,0,0,0,-31000,0,0,0,68000,99000,-31000,-31000
062006,瑞昱國泰9C購01  ,0,0,0,0,0,0,0,0,0,-31000,0,0,0,392000,423000,-31000,-31000
062575,景碩群益9B購01  ,0,0,0,0,0,0,0,0,0,-31000,0,0,0,8000,39000,-31000,-31000
062563,緯穎凱基9B購03  ,0,0,0,0,0,0,0,0,0,-31000,0,0,0,90000,121000,-31000,-31000
062677,儒鴻統一01購01  ,0,0,0,0,0,0,0,0,0,-31000,0,0,0,40000,71000,-31000,-31000
052990,超眾元大97購01  ,0,0,0,0,0,0,0,0,0,-31000,0,0,0,25000,56000,-31000,-31000
00713,元大台灣高息低波,2000,0,2000,0,0,0,0,0,0,-33000,0,0,0,0,33000,-33000,-31000
060104,新日興元大99購03,0,0,0,0,0,0,0,0,0,-31000,0,0,0,8000,39000,-31000,-31000
054627,義隆凱基98購01  ,0,0,0,0,0,0,0,0,0,-31000,0,0,0,0,31000,-31000,-31000
05817P,可成凱基96售07  ,0,0,0,0,0,0,0,0,0,-31000,0,0,0,23000,54000,-31000,-31000
056705,超眾國泰99購01  ,0,0,0,0,0,0,0,0,0,-31000,0,0,0,75000,106000,-31000,-31000
058513,宏達電元大99購05,0,0,0,0,0,0,0,0,0,-31000,0,0,0,0,31000,-31000,-31000
058525,台虹元大99購02  ,0,0,0,0,0,0,0,0,0,-31000,0,0,0,20000,51000,-31000,-31000
059144,嘉晶國票9A購02  ,0,0,0,0,0,0,0,0,0,-31000,0,0,0,1000,32000,-31000,-31000
056820,欣興永豐98購02  ,0,0,0,0,0,0,0,0,0,-31000,0,0,0,50000,81000,-31000,-31000
07521P,台積電中信01售05,0,0,0,0,0,0,0,0,0,-31000,0,0,0,0,31000,-31000,-31000
07972P,大立光統一9C售05,0,0,0,0,0,0,0,0,0,-31000,0,0,0,34000,65000,-31000,-31000
2017,官田鋼          ,10000,47000,-37000,0,0,0,0,0,0,6000,6000,0,6000,0,0,0,-31000
060786,聯發科富邦9B購06,0,0,0,0,0,0,0,0,0,-32000,0,0,0,50000,82000,-32000,-32000
061922,瑞昱凱基9B購01  ,0,0,0,0,0,0,0,0,0,-32000,0,0,0,231000,263000,-32000,-32000
061909,台積電中信05購02,0,0,0,0,0,0,0,0,0,-32000,0,0,0,0,32000,-32000,-32000
061736,國巨凱基9B購05  ,0,0,0,0,0,0,0,0,0,-32000,0,0,0,18000,50000,-32000,-32000
056556,南電凱基98購01  ,0,0,0,0,0,0,0,0,0,-32000,0,0,0,0,32000,-32000,-32000
060105,牧德元大9B購01  ,0,0,0,0,0,0,0,0,0,-32000,0,0,0,0,32000,-32000,-32000
055301,台虹元大97購01  ,0,0,0,0,0,0,0,0,0,-32000,0,0,0,0,32000,-32000,-32000
054930,群電凱基98購01  ,0,0,0,0,0,0,0,0,0,-32000,0,0,0,0,32000,-32000,-32000
055112,晶豪科凱基98購01,0,0,0,0,0,0,0,0,0,-32000,0,0,0,0,32000,-32000,-32000
02001R,富邦蘋果反一N   ,0,0,0,0,0,0,0,0,0,-32000,0,0,0,15000,47000,-32000,-32000
05378P,台積電凱基96售02,0,0,0,0,0,0,0,0,0,-32000,0,0,0,0,32000,-32000,-32000
051406,泰鼎永豐96購01  ,0,0,0,0,0,0,0,0,0,-32000,0,0,0,0,32000,-32000,-32000
053541,泰鼎永豐96購02  ,0,0,0,0,0,0,0,0,0,-32000,0,0,0,0,32000,-32000,-32000
058932,FBVIX台新99購01 ,0,0,0,0,0,0,0,0,0,-32000,0,0,0,0,32000,-32000,-32000
057816,欣興元大98購13  ,0,0,0,0,0,0,0,0,0,-32000,0,0,0,33000,65000,-32000,-32000
056659,泰碩元大99購01  ,0,0,0,0,0,0,0,0,0,-32000,0,0,0,30000,62000,-32000,-32000
05923P,旺宏元富96售05  ,0,0,0,0,0,0,0,0,0,-32000,0,0,0,38000,70000,-32000,-32000
2707,晶華            ,23000,54000,-31000,0,0,0,0,0,0,-1000,0,1000,-1000,0,0,0,-32000
08014P,微星凱基9B售02  ,0,0,0,0,0,0,0,0,0,-32000,0,0,0,5000,37000,-32000,-32000
07910P,台積電統一9C售07,0,0,0,0,0,0,0,0,0,-32000,0,0,0,6000,38000,-32000,-32000
061344,禾伸堂元大9A購02,0,0,0,0,0,0,0,0,0,-33000,0,0,0,54000,87000,-33000,-33000
060808,欣興群益9A購01  ,0,0,0,0,0,0,0,0,0,-33000,0,0,0,0,33000,-33000,-33000
060824,旺宏元大9A購06  ,0,0,0,0,0,0,0,0,0,-33000,0,0,0,10000,43000,-33000,-33000
061170,南茂兆豐9B購01  ,0,0,0,0,0,0,0,0,0,-33000,0,0,0,50000,83000,-33000,-33000
062671,國泰金中信03購01,0,0,0,0,0,0,0,0,0,-33000,0,0,0,0,33000,-33000,-33000
054058,晶豪科國票98購01,0,0,0,0,0,0,0,0,0,-33000,0,0,0,40000,73000,-33000,-33000
051428,玉晶光統一96購01,0,0,0,0,0,0,0,0,0,-33000,0,0,0,67000,100000,-33000,-33000
03445B,臺股指元大02熊01,0,0,0,0,0,0,0,0,0,-33000,0,0,0,7000,40000,-33000,-33000
057063,立積國泰9A購01  ,0,0,0,0,0,0,0,0,0,-33000,0,0,0,7000,40000,-33000,-33000
057173,南亞科元大98購04,0,0,0,0,0,0,0,0,0,-33000,0,0,0,104000,137000,-33000,-33000
057467,祥碩永豐98購04  ,0,0,0,0,0,0,0,0,0,-33000,0,0,0,162000,195000,-33000,-33000
058047,可成元大98購11  ,0,0,0,0,0,0,0,0,0,-33000,0,0,0,10000,43000,-33000,-33000
058901,美律元大99購07  ,0,0,0,0,0,0,0,0,0,-33000,0,0,0,84000,117000,-33000,-33000
059073,元油2X元大9C購14,0,0,0,0,0,0,0,0,0,-33000,0,0,0,0,33000,-33000,-33000
056963,建準永豐98購01  ,0,0,0,0,0,0,0,0,0,-33000,0,0,0,25000,58000,-33000,-33000
07871P,台積電群益9C售02,0,0,0,0,0,0,0,0,0,-33000,0,0,0,0,33000,-33000,-33000
2441,超豐            ,432000,482000,-50000,0,0,0,0,0,0,17000,17000,0,17000,0,0,0,-33000
06636P,可成凱基98售08  ,0,0,0,0,0,0,0,0,0,-34000,0,0,0,2000,36000,-34000,-34000
07049P,聯發科中信99售03,0,0,0,0,0,0,0,0,0,-34000,0,0,0,161000,195000,-34000,-34000
062206,緯創國票9B購01  ,0,0,0,0,0,0,0,0,0,-34000,0,0,0,4000,38000,-34000,-34000
061109,臻鼎元大9A購03  ,0,0,0,0,0,0,0,0,0,-34000,0,0,0,0,34000,-34000,-34000
061414,牧德群益9B購02  ,0,0,0,0,0,0,0,0,0,-34000,0,0,0,45000,79000,-34000,-34000
061622,臻鼎群益9A購01  ,0,0,0,0,0,0,0,0,0,-34000,0,0,0,0,34000,-34000,-34000
061916,元金2X凱基02購01,0,0,0,0,0,0,0,0,0,-34000,0,0,0,10000,44000,-34000,-34000
050842,旺宏國票97購01  ,0,0,0,0,0,0,0,0,0,-34000,0,0,0,16000,50000,-34000,-34000
055058,大毅永豐97購01  ,0,0,0,0,0,0,0,0,0,-34000,0,0,0,6000,40000,-34000,-34000
055312,台虹群益99購01  ,0,0,0,0,0,0,0,0,0,-34000,0,0,0,0,34000,-34000,-34000
05523P,聯發科國票96售04,0,0,0,0,0,0,0,0,0,-34000,0,0,0,0,34000,-34000,-34000
054426,國泰金富邦97購02,0,0,0,0,0,0,0,0,0,-34000,0,0,0,66000,100000,-34000,-34000
060096,聯發科元大99購43,0,0,0,0,0,0,0,0,0,-34000,0,0,0,46000,80000,-34000,-34000
056212,台光電國票98購03,0,0,0,0,0,0,0,0,0,-34000,0,0,0,3000,37000,-34000,-34000
059804,台積電元富99購01,0,0,0,0,0,0,0,0,0,-34000,0,0,0,20000,54000,-34000,-34000
058694,鈺齊國票9A購02  ,0,0,0,0,0,0,0,0,0,-34000,0,0,0,36000,70000,-34000,-34000
057934,華新科群益98購07,0,0,0,0,0,0,0,0,0,-34000,0,0,0,45000,79000,-34000,-34000
060167,禾聯碩永豐9A購01,0,0,0,0,0,0,0,0,0,-34000,0,0,0,0,34000,-34000,-34000
059834,友達國泰9B購01  ,0,0,0,0,0,0,0,0,0,-34000,0,0,0,91000,125000,-34000,-34000
07990P,緯穎凱基9B售02  ,0,0,0,0,0,0,0,0,0,-34000,0,0,0,15000,49000,-34000,-34000
07590P,玉晶光國票9A售03,0,0,0,0,0,0,0,0,0,-34000,0,0,0,6000,40000,-34000,-34000
061939,中租國票9B購01  ,0,0,0,0,0,0,0,0,0,-35000,0,0,0,29000,64000,-35000,-35000
061860,臺股指國票9B購04,0,0,0,0,0,0,0,0,0,-35000,0,0,0,1000,36000,-35000,-35000
061561,義隆國票9A購02  ,0,0,0,0,0,0,0,0,0,-35000,0,0,0,0,35000,-35000,-35000
061370,晶技國泰9C購01  ,0,0,0,0,0,0,0,0,0,-35000,0,0,0,20000,55000,-35000,-35000
060462,鴻海元大9A購10  ,0,0,0,0,0,0,0,0,0,-35000,0,0,0,0,35000,-35000,-35000
061017,國泰金麥證9A購01,0,0,0,11000,46000,-35000,0,0,0,-35000,0,0,0,11000,46000,-35000,-35000
060727,高股息中信9C購02,0,0,0,0,0,0,0,0,0,-35000,0,0,0,0,35000,-35000,-35000
062280,大立光群益9C購01,0,0,0,0,0,0,0,0,0,-35000,0,0,0,0,35000,-35000,-35000
07026P,超眾凱基99售03  ,0,0,0,0,0,0,0,0,0,-35000,0,0,0,0,35000,-35000,-35000
06616P,國巨元大98售15  ,0,0,0,0,0,0,0,0,0,-35000,0,0,0,54000,89000,-35000,-35000
06714P,台積電元大98售15,0,0,0,0,0,0,0,0,0,-35000,0,0,0,30000,65000,-35000,-35000
062796,技嘉統一9C購01  ,0,0,0,0,0,0,0,0,0,-35000,0,0,0,0,35000,-35000,-35000
05629P,聯發科永昌99售02,0,0,0,0,0,0,0,0,0,-35000,0,0,0,40000,75000,-35000,-35000
056156,禾伸堂凱基98購04,0,0,0,0,0,0,0,0,0,-35000,0,0,0,0,35000,-35000,-35000
054418,茂林元大97購01  ,0,0,0,0,0,0,0,0,0,-35000,0,0,0,15000,50000,-35000,-35000
054102,百和國票97購04  ,0,0,0,0,0,0,0,0,0,-35000,0,0,0,0,35000,-35000,-35000
051902,T50反1元大97購01,0,0,0,0,0,0,0,0,0,-35000,0,0,0,0,35000,-35000,-35000
051907,台積電元大97購05,0,0,0,0,0,0,0,0,0,-35000,0,0,0,0,35000,-35000,-35000
059815,SP黃豆凱基9A購03,0,0,0,0,0,0,0,0,0,-35000,0,0,0,0,35000,-35000,-35000
058184,鴻海永豐99購01  ,0,0,0,0,0,0,0,0,0,-35000,0,0,0,0,35000,-35000,-35000
057028,台郡凱基99購02  ,0,0,0,0,0,0,0,0,0,-35000,0,0,0,5000,40000,-35000,-35000
057130,全新凱基98購03  ,0,0,0,0,0,0,0,0,0,-35000,0,0,0,0,35000,-35000,-35000
057161,亞德客元大98購02,0,0,0,0,0,0,0,0,0,-35000,0,0,0,105000,140000,-35000,-35000
060661,台積電凱基9A購18,0,0,0,0,0,0,0,0,0,-35000,0,0,0,0,35000,-35000,-35000
058004,大立光群益98購03,0,0,0,0,0,0,0,0,0,-35000,0,0,0,0,35000,-35000,-35000
058118,瑞昱群益99購01  ,0,0,0,0,0,0,0,0,0,-35000,0,0,0,85000,120000,-35000,-35000
058770,貿聯兆豐9A購01  ,0,0,0,0,0,0,0,0,0,-35000,0,0,0,0,35000,-35000,-35000
058567,華新科凱基9A購02,0,0,0,0,0,0,0,0,0,-35000,0,0,0,0,35000,-35000,-35000
056980,建準群益98購02  ,0,0,0,0,0,0,0,0,0,-35000,0,0,0,116000,151000,-35000,-35000
07223P,鴻海元大99售29  ,0,0,0,0,0,0,0,0,0,-35000,0,0,0,43000,78000,-35000,-35000
2845,遠東銀          ,396000,427000,-31000,0,0,0,0,0,0,-4000,6000,10000,-4000,0,0,0,-35000
2636,台驊投控        ,20000,56000,-36000,0,0,0,0,0,0,1000,1000,0,1000,0,0,0,-35000
3050,鈺德            ,7000,40000,-33000,0,0,0,0,0,0,-2000,1000,3000,-2000,0,0,0,-35000
4555,氣立            ,7000,42000,-35000,0,0,0,0,0,0,0,0,0,0,0,0,0,-35000
062031,臻鼎群益9B購01  ,0,0,0,0,0,0,0,0,0,-36000,0,0,0,60000,96000,-36000,-36000
062125,嘉晶統一9B購01  ,0,0,0,0,0,0,0,0,0,-36000,0,0,0,93000,129000,-36000,-36000
062312,大立光凱基9B購03,0,0,0,0,0,0,0,0,0,-36000,0,0,0,5000,41000,-36000,-36000
062363,燿華元大9B購03  ,0,0,0,0,0,0,0,0,0,-36000,0,0,0,32000,68000,-36000,-36000
060417,正隆永豐9A購01  ,0,0,0,0,0,0,0,0,0,-36000,0,0,0,514000,550000,-36000,-36000
061543,南亞科群益9A購01,0,0,0,0,0,0,0,0,0,-36000,0,0,0,16000,52000,-36000,-36000
052313,聯電元大98購01  ,0,0,0,0,0,0,0,0,0,-36000,0,0,0,0,36000,-36000,-36000
054358,矽創兆豐96購01  ,0,0,0,0,0,0,0,0,0,-36000,0,0,0,0,36000,-36000,-36000
056296,旺宏元大97購07  ,0,0,0,0,0,0,0,0,0,-36000,0,0,0,32000,68000,-36000,-36000
056378,欣興元富98購01  ,0,0,0,0,0,0,0,0,0,-36000,0,0,0,0,36000,-36000,-36000
056936,禾伸堂元富98購01,0,0,0,0,0,0,0,0,0,-36000,0,0,0,0,36000,-36000,-36000
058091,欣興元大99購03  ,0,0,0,0,0,0,0,0,0,-36000,0,0,0,76000,112000,-36000,-36000
058085,景碩群益9A購01  ,0,0,0,0,0,0,0,0,0,-36000,0,0,0,0,36000,-36000,-36000
059836,大立光國泰9B購02,0,0,0,0,0,0,0,0,0,-36000,0,0,0,19000,55000,-36000,-36000
059844,大立光富邦9C購04,0,0,0,0,0,0,0,0,0,-36000,0,0,0,44000,80000,-36000,-36000
2545,皇翔            ,33000,73000,-40000,0,0,0,0,0,0,4000,4000,0,4000,0,0,0,-36000
1902,台紙            ,36000,72000,-36000,0,0,0,0,0,0,0,0,0,0,0,0,0,-36000
061484,華通兆豐9B購01  ,0,0,0,0,0,0,0,0,0,-37000,0,0,0,3000,40000,-37000,-37000
061101,道瓊銀元大9A購02,0,0,0,0,0,0,0,0,0,-37000,0,0,0,51000,88000,-37000,-37000
062509,SP黃豆國票9B購03,0,0,0,0,0,0,0,0,0,-37000,0,0,0,0,37000,-37000,-37000
062002,鴻海國泰01購01  ,0,0,0,0,0,0,0,0,0,-37000,0,0,0,0,37000,-37000,-37000
056240,嘉晶群益97購02  ,0,0,0,0,0,0,0,0,0,-37000,0,0,0,40000,77000,-37000,-37000
055776,宏達電凱基98購02,0,0,0,0,0,0,0,0,0,-37000,0,0,0,10000,47000,-37000,-37000
056146,台虹元大98購01  ,0,0,0,0,0,0,0,0,0,-37000,0,0,0,0,37000,-37000,-37000
055726,台表科元大98購03,0,0,0,0,0,0,0,0,0,-37000,0,0,0,13000,50000,-37000,-37000
056616,台光電永豐98購01,0,0,0,0,0,0,0,0,0,-37000,0,0,0,10000,47000,-37000,-37000
057720,日電貿元富98購01,0,0,0,0,0,0,0,0,0,-37000,0,0,0,0,37000,-37000,-37000
057523,大成鋼元大99購01,0,0,0,0,0,0,0,0,0,-37000,0,0,0,0,37000,-37000,-37000
057536,康控元大99購03  ,0,0,0,0,0,0,0,0,0,-37000,0,0,0,68000,105000,-37000,-37000
057925,貿聯凱基99購01  ,0,0,0,0,0,0,0,0,0,-37000,0,0,0,0,37000,-37000,-37000
2498,宏達電          ,795000,939000,-144000,0,0,0,0,0,0,107000,44000,48000,-4000,131000,20000,111000,-37000
3591,艾笛森          ,1000,39000,-38000,0,0,0,0,0,0,1000,1000,0,1000,0,0,0,-37000
07247P,聯發科凱基9A售06,0,0,0,0,0,0,0,0,0,-37000,0,0,0,133000,170000,-37000,-37000
07952P,富邦金元大9B售02,0,0,0,0,0,0,0,0,0,-37000,0,0,0,0,37000,-37000,-37000
07719P,臺股指群益9A售08,0,0,0,0,0,0,0,0,0,-37000,0,0,0,19000,56000,-37000,-37000
4552,力達-KY         ,28000,16000,12000,0,0,0,0,0,0,-49000,3000,52000,-49000,0,0,0,-37000
061792,和大永豐9B購01  ,0,0,0,0,0,0,0,0,0,-38000,0,0,0,5000,43000,-38000,-38000
05271P,國巨富邦97售01  ,0,0,0,0,0,0,0,0,0,-38000,0,0,0,47000,85000,-38000,-38000
052239,泰鼎國票97購01  ,0,0,0,0,0,0,0,0,0,-38000,0,0,0,0,38000,-38000,-38000
050169,臺指反元大97購01,0,0,0,0,0,0,0,0,0,-38000,0,0,0,0,38000,-38000,-38000
053924,京鼎國票97購01  ,0,0,0,0,0,0,0,0,0,-38000,0,0,0,0,38000,-38000,-38000
053244,光磊國票97購01  ,0,0,0,0,0,0,0,0,0,-38000,0,0,0,0,38000,-38000,-38000
05478P,智伸科國票96售02,0,0,0,0,0,0,0,0,0,-38000,0,0,0,12000,50000,-38000,-38000
054776,矽創國票98購01  ,0,0,0,0,0,0,0,0,0,-38000,0,0,0,0,38000,-38000,-38000
054158,國巨日盛99購01  ,0,0,0,0,0,0,0,0,0,-38000,0,0,0,90000,128000,-38000,-38000
055849,聯詠元大97購05  ,0,0,0,0,0,0,0,0,0,-38000,0,0,0,30000,68000,-38000,-38000
060083,和大元大99購02  ,0,0,0,0,0,0,0,0,0,-38000,0,0,0,35000,73000,-38000,-38000
056771,嘉晶元大99購01  ,0,0,0,0,0,0,0,0,0,-38000,0,0,0,0,38000,-38000,-38000
059687,卜蜂永豐99購01  ,0,0,0,0,0,0,0,0,0,-38000,0,0,0,16000,54000,-38000,-38000
058544,FBVIX富邦9B購01 ,0,0,0,0,0,0,0,0,0,-38000,0,0,0,7000,45000,-38000,-38000
057057,立積元大9A購01  ,0,0,0,0,0,0,0,0,0,-38000,0,0,0,0,38000,-38000,-38000
8104,錸寶            ,36000,77000,-41000,0,0,0,0,0,0,3000,3000,0,3000,0,0,0,-38000
8131,福懋科          ,82000,118000,-36000,0,0,0,0,0,0,-2000,8000,10000,-2000,0,0,0,-38000
07891P,臺股指國票9B售01,0,0,0,0,0,0,0,0,0,-38000,0,0,0,3000,41000,-38000,-38000
1304,台聚            ,648000,790000,-142000,0,0,0,0,0,0,104000,104000,0,104000,0,0,0,-38000
2882A,國泰特          ,15000,0,15000,0,0,0,0,17000,-17000,-36000,0,36000,-36000,0,0,0,-38000
2453,凌群            ,36000,76000,-40000,0,0,0,0,0,0,2000,2000,0,2000,0,0,0,-38000
061168,力成兆豐9A購01  ,0,0,0,0,0,0,0,0,0,-39000,0,0,0,50000,89000,-39000,-39000
06592P,欣興元大98售04  ,0,0,0,0,0,0,0,0,0,-39000,0,0,0,53000,92000,-39000,-39000
07043P,國巨元大99售14  ,0,0,0,0,0,0,0,0,0,-39000,0,0,0,1000,40000,-39000,-39000
07105P,大毅元富99售02  ,0,0,0,0,0,0,0,0,0,-39000,0,0,0,15000,54000,-39000,-39000
059957,中信金康和99購01,0,0,0,0,0,0,0,0,0,-39000,0,0,0,0,39000,-39000,-39000
054318,台虹凱基98購01  ,0,0,0,0,0,0,0,0,0,-39000,0,0,0,243000,282000,-39000,-39000
056025,嘉晶群益97購01  ,0,0,0,0,0,0,0,0,0,-39000,0,0,0,2000,41000,-39000,-39000
060625,華擎元大9A購01  ,0,0,0,0,0,0,0,0,0,-39000,0,0,0,38000,77000,-39000,-39000
058647,華新科永豐99購03,0,0,0,0,0,0,0,0,0,-39000,0,0,0,0,39000,-39000,-39000
058972,新日興永豐9A購01,0,0,0,0,0,0,0,0,0,-39000,0,0,0,10000,49000,-39000,-39000
2038,海光            ,11000,52000,-41000,0,0,0,0,0,0,2000,2000,0,2000,0,0,0,-39000
07720P,臺股指群益9A售09,0,0,0,0,0,0,0,0,0,-39000,0,0,0,20000,59000,-39000,-39000
912398,友佳-DR         ,0,39000,-39000,0,0,0,0,0,0,0,0,0,0,0,0,0,-39000
5515,建國            ,12000,45000,-33000,0,0,0,0,0,0,-6000,0,6000,-6000,0,0,0,-39000
07065P,臺股指元大9A售26,0,0,0,0,0,0,0,0,0,-40000,0,0,0,0,40000,-40000,-40000
07217P,大立光凱基9A售05,0,0,0,0,0,0,0,0,0,-40000,0,0,0,5000,45000,-40000,-40000
06843P,鴻海元大98售11  ,0,0,0,0,0,0,0,0,0,-40000,0,0,0,55000,95000,-40000,-40000
062670,瑞昱中信03購01  ,0,0,0,0,0,0,0,0,0,-40000,0,0,0,0,40000,-40000,-40000
062539,可成國泰01購01  ,0,0,0,0,0,0,0,0,0,-40000,0,0,0,0,40000,-40000,-40000
061187,瀚宇博國泰9C購01,0,0,0,0,0,0,0,0,0,-40000,0,0,0,19000,59000,-40000,-40000
061077,國巨兆豐9B購01  ,0,0,0,0,0,0,0,0,0,-40000,0,0,0,2000,42000,-40000,-40000
060802,道瓊指中信9C購03,0,0,0,0,0,0,0,0,0,-40000,0,0,0,0,40000,-40000,-40000
061885,臺股指元大9B購19,0,0,0,0,0,0,0,0,0,-40000,0,0,0,0,40000,-40000,-40000
061774,T50反1國票9B購06,0,0,0,0,0,0,0,0,0,-40000,0,0,0,36000,76000,-40000,-40000
061346,玉晶光元大9B購03,0,0,0,0,0,0,0,0,0,-40000,0,0,0,0,40000,-40000,-40000
055297,啟碁元大97購01  ,0,0,0,0,0,0,0,0,0,-40000,0,0,0,68000,108000,-40000,-40000
056094,大立光元富97購03,0,0,0,0,0,0,0,0,0,-40000,0,0,0,2000,42000,-40000,-40000
054990,凌陽元富97購01  ,0,0,0,0,0,0,0,0,0,-40000,0,0,0,0,40000,-40000,-40000
055008,隆達元富97購01  ,0,0,0,0,0,0,0,0,0,-40000,0,0,0,0,40000,-40000,-40000
054170,泰鼎凱基98購01  ,0,0,0,0,0,0,0,0,0,-40000,0,0,0,0,40000,-40000,-40000
056763,國巨元大99購02  ,0,0,0,0,0,0,0,0,0,-40000,0,0,0,0,40000,-40000,-40000
056749,滬深2X兆豐99購01,0,0,0,0,0,0,0,0,0,-40000,0,0,0,613000,653000,-40000,-40000
056365,欣興元大98購01  ,0,0,0,0,0,0,0,0,0,-40000,0,0,0,0,40000,-40000,-40000
048192,華通元大96購01  ,0,0,0,0,0,0,0,0,0,-40000,0,0,0,0,40000,-40000,-40000
051979,群創凱基97購01  ,0,0,0,0,0,0,0,0,0,-40000,0,0,0,0,40000,-40000,-40000
051667,光磊元大96購02  ,0,0,0,0,0,0,0,0,0,-40000,0,0,0,10000,50000,-40000,-40000
055586,旺宏元大98購06  ,0,0,0,0,0,0,0,0,0,-40000,0,0,0,0,40000,-40000,-40000
053063,力山群益98購01  ,0,0,0,0,0,0,0,0,0,-40000,0,0,0,215000,255000,-40000,-40000
058964,群創兆豐99購01  ,0,0,0,0,0,0,0,0,0,-40000,0,0,0,100000,140000,-40000,-40000
05898P,旺宏凱基96售06  ,0,0,0,0,0,0,0,0,0,-40000,0,0,0,0,40000,-40000,-40000
056813,聯茂統一99購01  ,0,0,0,0,0,0,0,0,0,-40000,0,0,0,17000,57000,-40000,-40000
059892,台灣50台新9A購02,0,0,0,0,0,0,0,0,0,-40000,0,0,0,0,40000,-40000,-40000
058022,樺漢凱基99購02  ,0,0,0,0,0,0,0,0,0,-40000,0,0,0,0,40000,-40000,-40000
058110,光寶科元富98購01,0,0,0,0,0,0,0,0,0,-40000,0,0,0,0,40000,-40000,-40000
059048,元油2X凱基9A購11,0,0,0,0,0,0,0,0,0,-40000,0,0,0,10000,50000,-40000,-40000
058660,樺漢中信9A購01  ,0,0,0,0,0,0,0,0,0,-40000,0,0,0,120000,160000,-40000,-40000
058748,景碩凱基9A購01  ,0,0,0,0,0,0,0,0,0,-40000,0,0,0,51000,91000,-40000,-40000
059476,道瓊指群益9C購01,0,0,0,0,0,0,0,0,0,-40000,0,0,0,10000,50000,-40000,-40000
059471,華新科元大99購17,0,0,0,0,0,0,0,0,0,-40000,0,0,0,35000,75000,-40000,-40000
059519,台郡永豐99購01  ,0,0,0,0,0,0,0,0,0,-40000,0,0,0,0,40000,-40000,-40000
060555,台表科凱基9A購03,0,0,0,0,0,0,0,0,0,-40000,0,0,0,0,40000,-40000,-40000
060525,台積電中信01購04,0,0,0,0,0,0,0,0,0,-40000,0,0,0,1000,41000,-40000,-40000
057374,禾伸堂元大99購03,0,0,0,0,0,0,0,0,0,-40000,0,0,0,55000,95000,-40000,-40000
057375,欣興元大98購09  ,0,0,0,0,0,0,0,0,0,-40000,0,0,0,10000,50000,-40000,-40000
057080,華新科統一99購02,0,0,0,0,0,0,0,0,0,-40000,0,0,0,0,40000,-40000,-40000
05710P,禾伸堂國票97售02,0,0,0,0,0,0,0,0,0,-40000,0,0,0,0,40000,-40000,-40000
058237,嘉晶元大99購04  ,0,0,0,0,0,0,0,0,0,-40000,0,0,0,53000,93000,-40000,-40000
059266,緯創中信01購01  ,0,0,0,0,0,0,0,0,0,-40000,0,0,0,0,40000,-40000,-40000
059351,台虹凱基99購01  ,0,0,0,0,0,0,0,0,0,-40000,0,0,0,210000,250000,-40000,-40000
6206,飛捷            ,14000,54000,-40000,0,0,0,0,0,0,0,2000,2000,0,0,0,0,-40000
07894P,燿華元大9B售01  ,0,0,0,0,0,0,0,0,0,-40000,0,0,0,14000,54000,-40000,-40000
07626P,台灣50凱基04售07,0,0,0,0,0,0,0,0,0,-40000,0,0,0,0,40000,-40000,-40000
061928,群創凱基9B購06  ,0,0,0,0,0,0,0,0,0,-41000,0,0,0,45000,86000,-41000,-41000
061837,華新科凱基05購02,0,0,0,0,0,0,0,0,0,-41000,0,0,0,0,41000,-41000,-41000
06256P,臺股指群益97售09,0,0,0,0,0,0,0,0,0,-41000,0,0,0,0,41000,-41000,-41000
062307,華通凱基9C購01  ,0,0,0,0,0,0,0,0,0,-41000,0,0,0,0,41000,-41000,-41000
062439,聯發科元大9B購10,0,0,0,0,0,0,0,0,0,-41000,0,0,0,3000,44000,-41000,-41000
062764,世芯凱基9B購02  ,0,0,0,0,0,0,0,0,0,-41000,0,0,0,0,41000,-41000,-41000
07106P,國巨統一9B售05  ,0,0,0,0,0,0,0,0,0,-41000,0,0,0,14000,55000,-41000,-41000
056339,聯發科凱基99購02,0,0,0,0,0,0,0,0,0,-41000,0,0,0,10000,51000,-41000,-41000
058282,聯茂中信99購01  ,0,0,0,0,0,0,0,0,0,-41000,0,0,0,0,41000,-41000,-41000
060221,大立光凱基9A購07,0,0,0,0,0,0,0,0,0,-41000,0,0,0,10000,51000,-41000,-41000
060571,京元電永豐9A購01,0,0,0,0,0,0,0,0,0,-41000,0,0,0,16000,57000,-41000,-41000
059745,欣興元富99購04  ,0,0,0,0,0,0,0,0,0,-41000,0,0,0,0,41000,-41000,-41000
059728,聯鈞元大99購01  ,0,0,0,0,0,0,0,0,0,-41000,0,0,0,2000,43000,-41000,-41000
059803,S&P正2元富9B購03,0,0,0,0,0,0,0,0,0,-41000,0,0,0,0,41000,-41000,-41000
059071,元油2X元大9C購12,0,0,0,0,0,0,0,0,0,-41000,0,0,0,0,41000,-41000,-41000
059877,康控凱基99購05  ,0,0,0,0,0,0,0,0,0,-41000,0,0,0,0,41000,-41000,-41000
07646P,世芯元大9A售04  ,0,0,0,0,0,0,0,0,0,-41000,0,0,0,222000,263000,-41000,-41000
07500P,微星元大9A售01  ,0,0,0,0,0,0,0,0,0,-41000,0,0,0,71000,112000,-41000,-41000
2450,神腦            ,31000,67000,-36000,0,0,0,0,0,0,-5000,3000,8000,-5000,0,0,0,-41000
1589,永冠-KY         ,14000,80000,-66000,0,0,0,0,0,0,25000,43000,18000,25000,0,0,0,-41000
2701,萬企            ,11000,52000,-41000,0,0,0,0,0,0,0,0,0,0,0,0,0,-41000
5264,鎧勝-KY         ,146000,220000,-74000,0,0,0,0,0,0,33000,9000,0,9000,43000,19000,24000,-41000
8033,雷虎            ,4000,45000,-41000,0,0,0,0,0,0,0,0,0,0,0,0,0,-41000
07162P,臺股指群益99售13,0,0,0,0,0,0,0,0,0,-42000,0,0,0,334000,376000,-42000,-42000
061994,瑞儀元大9B購01  ,0,0,0,0,0,0,0,0,0,-42000,0,0,0,44000,86000,-42000,-42000
062052,華通統一01購01  ,0,0,0,0,0,0,0,0,0,-42000,0,0,0,53000,95000,-42000,-42000
061521,亞光兆豐9A購02  ,0,0,0,0,0,0,0,0,0,-42000,0,0,0,169000,211000,-42000,-42000
06096P,全新永豐97售02  ,0,0,0,0,0,0,0,0,0,-42000,0,0,0,3000,45000,-42000,-42000
061072,南電凱基9B購01  ,0,0,0,0,0,0,0,0,0,-42000,0,0,0,0,42000,-42000,-42000
060994,世芯元大9A購03  ,0,0,0,0,0,0,0,0,0,-42000,0,0,0,51000,93000,-42000,-42000
052542,友達元富98購01  ,0,0,0,0,0,0,0,0,0,-42000,0,0,0,63000,105000,-42000,-42000
052647,晶技永豐97購01  ,0,0,0,0,0,0,0,0,0,-42000,0,0,0,10000,52000,-42000,-42000
059700,鴻海凱基9A購16  ,0,0,0,0,0,0,0,0,0,-42000,0,0,0,0,42000,-42000,-42000
060535,群創麥證9A購01  ,0,0,0,0,42000,-42000,0,0,0,-42000,0,0,0,0,42000,-42000,-42000
060228,亞德客元大9A購01,0,0,0,0,0,0,0,0,0,-42000,0,0,0,0,42000,-42000,-42000
057214,瑞昱群益98購01  ,0,10000,-10000,0,0,0,0,0,0,-32000,0,0,0,97000,129000,-32000,-42000
056665,上証2X國票99購02,0,0,0,0,0,0,0,0,0,-42000,0,0,0,0,42000,-42000,-42000
2524,京城            ,20000,64000,-44000,0,0,0,0,0,0,2000,2000,0,2000,0,0,0,-42000
4137,麗豐-KY         ,56000,90000,-34000,0,0,0,0,0,0,-8000,1000,0,1000,12000,21000,-9000,-42000
3312,弘憶股          ,28000,72000,-44000,0,0,0,0,0,0,2000,2000,0,2000,0,0,0,-42000
07287P,全新群益9B售01  ,0,0,0,0,0,0,0,0,0,-42000,0,0,0,8000,50000,-42000,-42000
061080,華邦電兆豐9B購01,0,0,0,0,0,0,0,0,0,-43000,0,0,0,0,43000,-43000,-43000
061578,玉晶光元大9A購16,0,0,0,0,0,0,0,0,0,-43000,0,0,0,2000,45000,-43000,-43000
06254P,臺股指群益97售07,0,0,0,0,0,0,0,0,0,-43000,0,0,0,21000,64000,-43000,-43000
053347,茂林國票98購01  ,0,0,0,0,0,0,0,0,0,-43000,0,0,0,17000,60000,-43000,-43000
056568,台表科群益98購01,0,0,0,0,0,0,0,0,0,-43000,0,0,0,10000,53000,-43000,-43000
059985,華新科元大99購22,0,0,0,0,0,0,0,0,0,-43000,0,0,0,57000,100000,-43000,-43000
060042,台積電群益99購12,0,0,0,0,0,0,0,0,0,-43000,0,0,0,10000,53000,-43000,-43000
060009,南亞科群益99購03,0,0,0,0,0,0,0,0,0,-43000,0,0,0,0,43000,-43000,-43000
055859,啟碁元大97購03  ,0,0,0,0,0,0,0,0,0,-43000,0,0,0,100000,143000,-43000,-43000
055323,貿聯國票98購01  ,0,0,0,0,0,0,0,0,0,-43000,0,0,0,0,43000,-43000,-43000
059820,南亞科凱基99購07,0,0,0,0,0,0,0,0,0,-43000,0,0,0,18000,61000,-43000,-43000
060551,大立光凱基9B購02,0,0,0,0,0,0,0,0,0,-43000,0,0,0,40000,83000,-43000,-43000
4190,佐登-KY         ,50000,110000,-60000,0,0,0,0,0,0,17000,0,0,0,17000,0,17000,-43000
2905,三商            ,116000,163000,-47000,0,0,0,0,0,0,4000,4000,0,4000,0,0,0,-43000
2414,精技            ,9000,51000,-42000,0,0,0,0,0,0,-1000,15000,16000,-1000,0,0,0,-43000
062540,茂林國泰9C購01  ,0,0,0,0,0,0,0,0,0,-44000,0,0,0,24000,68000,-44000,-44000
062402,台勝科永豐9B購02,0,0,0,0,0,0,0,0,0,-44000,0,0,0,0,44000,-44000,-44000
061357,寶成元大9A購01  ,0,0,0,0,0,0,0,0,0,-44000,0,0,0,152000,196000,-44000,-44000
061872,友達元大9C購06  ,0,0,0,0,0,0,0,0,0,-44000,0,0,0,28000,72000,-44000,-44000
061699,燿華國票9A購01  ,0,0,0,0,0,0,0,0,0,-44000,0,0,0,57000,101000,-44000,-44000
060827,健策元大9A購02  ,0,0,0,0,0,0,0,0,0,-44000,0,0,0,56000,100000,-44000,-44000
055217,緯創凱基97購02  ,0,0,0,0,0,0,0,0,0,-44000,0,0,0,0,44000,-44000,-44000
054479,緯創中信98購01  ,0,0,0,0,0,0,0,0,0,-44000,0,0,0,47000,91000,-44000,-44000
055796,南電國泰98購01  ,0,0,0,0,0,0,0,0,0,-44000,0,0,0,0,44000,-44000,-44000
054974,台表科元大98購02,0,0,0,0,0,0,0,0,0,-44000,0,0,0,0,44000,-44000,-44000
051503,玉晶光統一97購01,0,0,0,0,0,0,0,0,0,-44000,0,0,0,0,44000,-44000,-44000
055703,緯穎富邦98購01  ,0,0,0,0,0,0,0,0,0,-44000,0,0,0,139000,183000,-44000,-44000
059598,欣興元大99購08  ,0,0,0,0,0,0,0,0,0,-44000,0,0,0,15000,59000,-44000,-44000
057938,台表科群益98購02,0,0,0,0,0,0,0,0,0,-44000,0,0,0,113000,157000,-44000,-44000
1455,集盛            ,90000,148000,-58000,0,0,0,0,0,0,14000,14000,0,14000,0,0,0,-44000
4104,佳醫            ,29000,63000,-34000,0,0,0,0,0,0,-10000,2000,12000,-10000,0,0,0,-44000
3338,泰碩            ,196000,233000,-37000,0,0,0,0,0,0,-7000,63000,10000,53000,26000,86000,-60000,-44000
9942,茂順            ,11000,54000,-43000,0,0,0,0,0,0,-1000,0,1000,-1000,0,0,0,-44000
060819,國巨統一9C購04  ,0,0,0,0,0,0,0,0,0,-45000,0,0,0,0,45000,-45000,-45000
061233,國巨元大9A購17  ,0,0,0,0,0,0,0,0,0,-45000,0,0,0,0,45000,-45000,-45000
061741,新光金凱基9B購01,0,0,0,0,0,0,0,0,0,-45000,0,0,0,0,45000,-45000,-45000
061394,FBVIX統一9B購01 ,0,0,0,0,0,0,0,0,0,-45000,0,0,0,0,45000,-45000,-45000
061327,台郡凱基9A購02  ,0,0,0,0,0,0,0,0,0,-45000,0,0,0,0,45000,-45000,-45000
062009,聯發科國泰01購01,0,0,0,0,0,0,0,0,0,-45000,0,0,0,218000,263000,-45000,-45000
062140,元金2X國票9B購03,0,0,0,0,0,0,0,0,0,-45000,0,0,0,5000,50000,-45000,-45000
062718,技嘉凱基9B購01  ,0,0,0,0,0,0,0,0,0,-45000,0,0,0,1000,46000,-45000,-45000
06454P,緯穎元大98售04  ,0,0,0,0,0,0,0,0,0,-45000,0,0,0,0,45000,-45000,-45000
06424P,大成鋼永豐97售01,0,0,0,0,0,0,0,0,0,-45000,0,0,0,10000,55000,-45000,-45000
055411,國巨富邦9A購02  ,0,0,0,0,0,0,0,0,0,-45000,0,0,0,0,45000,-45000,-45000
053970,聯發科元大97購08,0,0,0,0,0,0,0,0,0,-45000,0,0,0,5000,50000,-45000,-45000
00710B,FH彭博高收益債  ,0,0,0,0,0,0,0,0,0,-45000,0,0,0,92000,137000,-45000,-45000
055747,康舒元富97購01  ,0,0,0,0,0,0,0,0,0,-45000,0,0,0,0,45000,-45000,-45000
055845,大立光元大97購08,0,0,0,0,0,0,0,0,0,-45000,0,0,0,5000,50000,-45000,-45000
056713,華擎永豐98購01  ,0,0,0,0,0,0,0,0,0,-45000,0,0,0,4000,49000,-45000,-45000
057959,欣興元大98購14  ,0,0,0,0,0,0,0,0,0,-45000,0,0,0,5000,50000,-45000,-45000
057548,微星凱基99購01  ,0,0,0,0,0,0,0,0,0,-45000,0,0,0,52000,97000,-45000,-45000
058610,欣興元大99購05  ,0,0,0,0,0,0,0,0,0,-45000,0,0,0,63000,108000,-45000,-45000
058835,元油2X中信9C購02,0,0,0,0,0,0,0,0,0,-45000,0,0,0,0,45000,-45000,-45000
060478,南電元大9A購01  ,0,0,0,0,0,0,0,0,0,-45000,0,0,0,0,45000,-45000,-45000
057428,正崴兆豐98購01  ,0,0,0,0,0,0,0,0,0,-45000,0,0,0,10000,55000,-45000,-45000
058353,國巨凱基99購09  ,0,0,0,0,0,0,0,0,0,-45000,0,0,0,5000,50000,-45000,-45000
2034,允強            ,51000,101000,-50000,0,0,0,0,0,0,5000,5000,0,5000,0,0,0,-45000
07704P,台積電元大9A售25,0,0,0,0,0,0,0,0,0,-45000,0,0,0,10000,55000,-45000,-45000
07764P,世紀鋼永豐9A售04,0,0,0,0,0,0,0,0,0,-45000,0,0,0,1000,46000,-45000,-45000
061981,聯發科元大9B購02,0,0,0,0,0,0,0,0,0,-46000,0,0,0,71000,117000,-46000,-46000
060468,聯鈞元大9A購02  ,0,0,0,0,0,0,0,0,0,-46000,0,0,0,79000,125000,-46000,-46000
060726,聯發科第一9A購01,0,0,0,0,0,0,0,0,0,-46000,0,0,0,0,46000,-46000,-46000
060721,瑞儀永豐9A購01  ,0,0,0,0,0,0,0,0,0,-46000,0,0,0,23000,69000,-46000,-46000
060983,南亞科元大9A購06,0,0,0,0,0,0,0,0,0,-46000,0,0,0,0,46000,-46000,-46000
057340,玉晶光元富98購04,0,0,0,0,0,0,0,0,0,-46000,0,0,0,4000,50000,-46000,-46000
05661P,聯發科統一96售06,0,0,0,0,0,0,0,0,0,-46000,0,0,0,0,46000,-46000,-46000
060237,友達元大9A購06  ,0,0,0,0,0,0,0,0,0,-46000,0,0,0,4000,50000,-46000,-46000
07868P,健策元大9B售05  ,0,0,0,0,0,0,0,0,0,-46000,0,0,0,23000,69000,-46000,-46000
07226P,貿聯富邦9B售01  ,0,0,0,0,0,0,0,0,0,-46000,0,0,0,3000,49000,-46000,-46000
1590,亞德客-KY       ,237000,276118,-39118,0,0,0,0,1000,-1000,-6000,3000,4000,-1000,3000,8000,-5000,-46118
060806,華新科群益9A購03,0,0,0,0,0,0,0,0,0,-47000,0,0,0,20000,67000,-47000,-47000
061087,國巨統一01購04  ,0,0,0,0,0,0,0,0,0,-47000,0,0,0,36000,83000,-47000,-47000
061229,緯穎中信9B購01  ,0,0,0,0,0,0,0,0,0,-47000,0,0,0,79000,126000,-47000,-47000
061842,牧德凱基9C購01  ,0,0,0,0,0,0,0,0,0,-47000,0,0,0,0,47000,-47000,-47000
06584P,欣興凱基98售03  ,0,0,0,0,0,0,0,0,0,-47000,0,0,0,31000,78000,-47000,-47000
06730P,祥碩元大98售07  ,0,0,0,0,0,0,0,0,0,-47000,0,0,0,18000,65000,-47000,-47000
056182,台光電統一97購03,0,0,0,0,0,0,0,0,0,-47000,0,0,0,40000,87000,-47000,-47000
051731,聯電國票96購02  ,0,0,0,0,0,0,0,0,0,-47000,0,0,0,0,47000,-47000,-47000
060504,技嘉元大9A購02  ,0,0,0,0,0,0,0,0,0,-47000,0,0,0,5000,52000,-47000,-47000
057029,緯穎凱基98購04  ,0,0,0,0,0,0,0,0,0,-47000,0,0,0,21000,68000,-47000,-47000
059109,台積電富邦9C購03,0,0,0,0,0,0,0,0,0,-47000,0,0,0,0,47000,-47000,-47000
059509,奇力新永豐99購02,0,0,0,0,0,0,0,0,0,-47000,0,0,0,0,47000,-47000,-47000
057593,聯發科兆豐98購03,0,0,0,0,0,0,0,0,0,-47000,0,0,0,0,47000,-47000,-47000
059008,鈺齊元大99購03  ,0,0,0,0,0,0,0,0,0,-47000,0,0,0,0,47000,-47000,-47000
057828,緯穎元大99購02  ,0,0,0,0,0,0,0,0,0,-47000,0,0,0,81000,128000,-47000,-47000
058007,南電群益98購02  ,0,0,0,0,0,0,0,0,0,-47000,0,0,0,0,47000,-47000,-47000
059915,聯發科元大99購32,0,0,0,0,0,0,0,0,0,-47000,0,0,0,3000,50000,-47000,-47000
3311,閎暉            ,100000,149000,-49000,0,0,0,0,0,0,2000,2000,0,2000,0,0,0,-47000
062216,國巨統一9B購11  ,0,0,0,0,0,0,0,0,0,-48000,0,0,0,0,48000,-48000,-48000
062368,聯詠元大9B購01  ,0,0,0,0,0,0,0,0,0,-48000,0,0,0,78000,126000,-48000,-48000
061373,華通富邦9A購02  ,0,10000,-10000,0,0,0,0,0,0,-38000,0,0,0,471000,509000,-38000,-48000
061153,奇力新群益9A購02,0,0,0,0,0,0,0,0,0,-48000,0,0,0,85000,133000,-48000,-48000
060419,漢翔永豐9A購01  ,0,0,0,0,0,0,0,0,0,-48000,0,0,0,76000,124000,-48000,-48000
053860,台積電元大98購03,0,0,0,0,0,0,0,0,0,-48000,0,0,0,0,48000,-48000,-48000
053729,聯茂凱基96購05  ,0,0,0,0,0,0,0,0,0,-48000,0,0,0,0,48000,-48000,-48000
054463,瑞昱凱基97購01  ,0,0,0,0,0,0,0,0,0,-48000,0,0,0,0,48000,-48000,-48000
059032,元石油群益9C購03,0,0,0,0,0,0,0,0,0,-48000,0,0,0,0,48000,-48000,-48000
059742,富邦金元富99購01,0,0,0,0,0,0,0,0,0,-48000,0,0,0,10000,58000,-48000,-48000
058144,聯茂元大99購02  ,0,0,0,0,0,0,0,0,0,-48000,0,0,0,30000,78000,-48000,-48000
057403,亞光群益98購04  ,0,0,0,0,0,0,0,0,0,-48000,0,0,0,50000,98000,-48000,-48000
07497P,鴻海元大9A售06  ,0,0,0,0,0,0,0,0,0,-48000,0,0,0,2000,50000,-48000,-48000
060957,SP黃豆凱基9A購04,0,0,0,0,0,0,0,0,0,-49000,0,0,0,30000,79000,-49000,-49000
060778,臺股指凱基9A購06,0,0,0,0,0,0,0,0,0,-49000,0,0,0,83000,132000,-49000,-49000
061362,台塑國票9B購01  ,0,0,0,0,0,0,0,0,0,-49000,0,0,0,34000,83000,-49000,-49000
062522,同欣電元大9B購02,0,0,0,0,0,0,0,0,0,-49000,0,0,0,10000,59000,-49000,-49000
062109,聯詠國票9C購01  ,0,0,0,0,0,0,0,0,0,-49000,0,0,0,26000,75000,-49000,-49000
062086,瑞祺元大9B購01  ,0,0,0,0,0,0,0,0,0,-49000,0,0,0,0,49000,-49000,-49000
062712,晶技麥證9B購02  ,0,0,0,0,49000,-49000,0,0,0,-49000,0,0,0,0,49000,-49000,-49000
054751,GIS凱基98購01   ,0,0,0,0,0,0,0,0,0,-49000,0,0,0,0,49000,-49000,-49000
056566,臻鼎群益98購01  ,0,0,0,0,0,0,0,0,0,-49000,0,0,0,0,49000,-49000,-49000
057405,麗豐群益98購01  ,0,0,0,0,0,0,0,0,0,-49000,0,0,0,141000,190000,-49000,-49000
059918,華新科元大99購20,0,0,0,0,0,0,0,0,0,-49000,0,0,0,20000,69000,-49000,-49000
07503P,禾伸堂元大9A售01,0,0,0,0,0,0,0,0,0,-49000,0,0,0,0,49000,-49000,-49000
2406,國碩            ,328000,380000,-52000,0,0,0,0,0,0,3000,3000,0,3000,0,0,0,-49000
062766,台郡凱基9B購02  ,0,0,0,0,0,0,0,0,0,-50000,0,0,0,0,50000,-50000,-50000
06764P,聯發科元大98售11,0,0,0,0,0,0,0,0,0,-50000,0,0,0,0,50000,-50000,-50000
06891P,緯穎富邦99售03  ,0,0,0,0,0,0,0,0,0,-50000,0,0,0,0,50000,-50000,-50000
06948P,FBVIX元大01售02 ,0,0,0,0,0,0,0,0,0,-50000,0,0,0,0,50000,-50000,-50000
07031P,台灣50中信03售02,0,0,0,0,0,0,0,0,0,-50000,0,0,0,0,50000,-50000,-50000
062074,旺宏元大9B購04  ,0,0,0,0,0,0,0,0,0,-50000,0,0,0,0,50000,-50000,-50000
061969,大立光統一01購02,0,0,0,0,0,0,0,0,0,-50000,0,0,0,5000,55000,-50000,-50000
062021,康控永豐9B購01  ,0,0,0,0,0,0,0,0,0,-50000,0,0,0,0,50000,-50000,-50000
062191,台郡元大9B購05  ,0,0,0,0,0,0,0,0,0,-50000,0,0,0,0,50000,-50000,-50000
062651,世紀鋼富邦9C購01,0,0,0,0,0,0,0,0,0,-50000,0,0,0,20000,70000,-50000,-50000
062639,臻鼎國票9C購01  ,0,0,0,0,0,0,0,0,0,-50000,0,0,0,14000,64000,-50000,-50000
062362,致茂元大9B購01  ,0,0,0,0,0,0,0,0,0,-50000,0,0,0,0,50000,-50000,-50000
062376,中租元大9B購02  ,0,0,0,0,0,0,0,0,0,-50000,0,0,0,42000,92000,-50000,-50000
062353,亞德客元大9B購01,0,0,0,0,0,0,0,0,0,-50000,0,0,0,0,50000,-50000,-50000
061449,大立光中信9C購02,0,0,0,0,0,0,0,0,0,-50000,0,0,0,0,50000,-50000,-50000
061878,茂林元大9B購01  ,0,0,0,0,0,0,0,0,0,-50000,0,0,0,0,50000,-50000,-50000
061678,玉晶光元大9B購04,0,0,0,0,0,0,0,0,0,-50000,0,0,0,0,50000,-50000,-50000
060459,鴻海元大9A購07  ,0,0,0,0,0,0,0,0,0,-50000,0,0,0,50000,100000,-50000,-50000
056478,晶技元大99購01  ,0,0,0,0,0,0,0,0,0,-50000,0,0,0,0,50000,-50000,-50000
056706,元油2X富邦9B購01,0,0,0,0,0,0,0,0,0,-50000,0,0,0,0,50000,-50000,-50000
059984,華新科元大99購21,0,0,0,0,0,0,0,0,0,-50000,0,0,0,0,50000,-50000,-50000
054731,S&P反1凱基98購01,0,0,0,0,0,0,0,0,0,-50000,0,0,0,0,50000,-50000,-50000
056136,京鼎元大98購01  ,0,0,0,0,0,0,0,0,0,-50000,0,0,0,10000,60000,-50000,-50000
055894,欣興統一97購03  ,0,0,0,0,0,0,0,0,0,-50000,0,0,0,10000,60000,-50000,-50000
054894,GIS統一97購01   ,0,0,0,0,0,0,0,0,0,-50000,0,0,0,0,50000,-50000,-50000
053721,國泰金凱基97購01,0,0,0,0,0,0,0,0,0,-50000,0,0,0,0,50000,-50000,-50000
053211,漢唐凱基96購03  ,0,0,0,0,0,0,0,0,0,-50000,0,0,0,0,50000,-50000,-50000
04950P,上証2X中信96售02,0,0,0,0,0,0,0,0,0,-50000,0,0,0,0,50000,-50000,-50000
048188,臺指反元大96購05,0,0,0,0,0,0,0,0,0,-50000,0,0,0,0,50000,-50000,-50000
051865,聯發科凱基96購04,0,0,0,0,0,0,0,0,0,-50000,0,0,0,0,50000,-50000,-50000
052095,彩晶元大97購01  ,0,0,0,0,0,0,0,0,0,-50000,0,0,0,0,50000,-50000,-50000
053438,玉晶光麥證97購02,0,0,0,0,50000,-50000,0,0,0,-50000,0,0,0,0,50000,-50000,-50000
055736,宏達電元富99購01,0,0,0,0,0,0,0,0,0,-50000,0,0,0,0,50000,-50000,-50000
054097,淘帝國票97購01  ,0,0,0,0,0,0,0,0,0,-50000,0,0,0,0,50000,-50000,-50000
054089,台積電群益96購11,0,0,0,0,0,0,0,0,0,-50000,0,0,0,0,50000,-50000,-50000
055623,貿聯國泰99購01  ,0,0,0,0,0,0,0,0,0,-50000,0,0,0,0,50000,-50000,-50000
054043,漢唐元大97購01  ,0,0,0,0,0,0,0,0,0,-50000,0,0,0,0,50000,-50000,-50000
054028,臻鼎凱基96購03  ,0,0,0,0,0,0,0,0,0,-50000,0,0,0,0,50000,-50000,-50000
058998,鴻海元大99購22  ,0,0,0,0,0,0,0,0,0,-50000,0,0,0,0,50000,-50000,-50000
058962,元油2X兆豐9A購02,0,0,0,0,0,0,0,0,0,-50000,0,0,0,0,50000,-50000,-50000
058086,鴻海元大98購14  ,0,0,0,0,0,0,0,0,0,-50000,0,0,0,0,50000,-50000,-50000
057738,旺宏富邦9A購01  ,0,0,0,0,0,0,0,0,0,-50000,0,0,0,0,50000,-50000,-50000
057675,同欣電元大98購02,0,0,0,0,0,0,0,0,0,-50000,0,0,0,110000,160000,-50000,-50000
059530,華新科凱基9A購05,0,0,0,0,0,0,0,0,0,-50000,0,0,0,0,50000,-50000,-50000
059215,台積電元大99購28,0,0,0,0,0,0,0,0,0,-50000,0,0,0,60000,110000,-50000,-50000
058570,臻鼎凱基9A購01  ,0,0,0,0,0,0,0,0,0,-50000,0,0,0,0,50000,-50000,-50000
058832,立積永豐99購01  ,0,0,0,0,0,0,0,0,0,-50000,0,0,0,0,50000,-50000,-50000
057423,台郡凱基98購06  ,0,0,0,0,0,0,0,0,0,-50000,0,0,0,0,50000,-50000,-50000
060236,精元元大9C購01  ,0,0,0,0,0,0,0,0,0,-50000,0,0,0,0,50000,-50000,-50000
06024P,台郡國票97售05  ,0,0,0,0,0,0,0,0,0,-50000,0,0,0,0,50000,-50000,-50000
060624,玉晶光元大9C購02,0,0,0,0,0,0,0,0,0,-50000,0,0,0,12000,62000,-50000,-50000
059248,華新科凱基99購04,0,0,0,0,0,0,0,0,0,-50000,0,0,0,0,50000,-50000,-50000
058230,國巨元大99購11  ,0,0,0,0,0,0,0,0,0,-50000,0,0,0,0,50000,-50000,-50000
057104,康友中信99購01  ,0,0,0,0,0,0,0,0,0,-50000,0,0,0,10000,60000,-50000,-50000
057093,臻鼎元富98購02  ,0,0,0,0,0,0,0,0,0,-50000,0,0,0,0,50000,-50000,-50000
05666P,聯發科凱基96售14,0,0,0,0,0,0,0,0,0,-50000,0,0,0,0,50000,-50000,-50000
059359,精元永豐99購01  ,0,0,0,0,0,0,0,0,0,-50000,0,0,0,0,50000,-50000,-50000
057206,立積元富98購01  ,0,0,0,0,0,0,0,0,0,-50000,0,0,0,144000,194000,-50000,-50000
057172,南亞科元大98購03,0,0,0,0,0,0,0,0,0,-50000,0,0,0,0,50000,-50000,-50000
07502P,美食元大9A售01  ,0,0,0,0,0,0,0,0,0,-50000,0,0,0,200000,250000,-50000,-50000
07334P,臺股指國票99售19,0,0,0,0,0,0,0,0,0,-50000,0,0,0,92000,142000,-50000,-50000
07446P,台灣50元大9A售06,0,0,0,0,0,0,0,0,0,-50000,0,0,0,0,50000,-50000,-50000
07450P,鴻海元大9A售03  ,0,0,0,0,0,0,0,0,0,-50000,0,0,0,0,50000,-50000,-50000
07374P,鴻海元大99售41  ,0,0,0,0,0,0,0,0,0,-50000,0,0,0,40000,90000,-50000,-50000
07974P,上証2X元大9B售02,0,0,0,0,0,0,0,0,0,-50000,0,0,0,10000,60000,-50000,-50000
6214,精誠            ,126000,167000,-41000,0,0,0,0,0,0,-9000,17000,20000,-3000,0,6000,-6000,-50000
061112,台表科元大9A購03,0,0,0,0,0,0,0,0,0,-51000,0,0,0,55000,106000,-51000,-51000
053799,矽創中信9A購01  ,0,0,0,0,0,0,0,0,0,-51000,0,0,0,9000,60000,-51000,-51000
056563,華新科群益98購04,0,0,0,0,0,0,0,0,0,-51000,0,0,0,39000,90000,-51000,-51000
058236,大立光元大99購09,0,0,0,0,0,0,0,0,0,-51000,0,0,0,0,51000,-51000,-51000
058797,大毅元大99購03  ,0,0,0,0,0,0,0,0,0,-51000,0,0,0,28000,79000,-51000,-51000
058800,健策元大99購03  ,0,0,0,0,0,0,0,0,0,-51000,0,0,0,2000,53000,-51000,-51000
07921P,鴻海群益9B售04  ,0,0,0,0,0,0,0,0,0,-51000,0,0,0,76000,127000,-51000,-51000
060898,世芯凱基9A購03  ,0,0,0,0,0,0,0,0,0,-52000,0,0,0,20000,72000,-52000,-52000
061739,奇力新凱基9C購01,0,0,0,0,0,0,0,0,0,-52000,0,0,0,0,52000,-52000,-52000
062365,台光電元大9B購03,0,0,0,0,0,0,0,0,0,-52000,0,0,0,33000,85000,-52000,-52000
062479,TPK國票9B購01   ,0,0,0,0,0,0,0,0,0,-52000,0,0,0,159000,211000,-52000,-52000
060017,全新康和99購01  ,0,0,0,0,0,0,0,0,0,-52000,0,0,0,0,52000,-52000,-52000
053947,義隆富邦97購01  ,0,0,0,0,0,0,0,0,0,-52000,0,0,0,25000,77000,-52000,-52000
054065,樺漢國票97購01  ,0,0,0,0,0,0,0,0,0,-52000,0,0,0,0,52000,-52000,-52000
059311,元石油元大99購04,0,0,0,0,0,0,0,0,0,-52000,0,0,0,162000,214000,-52000,-52000
057179,可成元大98購04  ,0,0,0,0,0,0,0,0,0,-52000,0,0,0,0,52000,-52000,-52000
059323,新日興元大99購02,0,0,0,0,0,0,0,0,0,-52000,0,0,0,10000,62000,-52000,-52000
07748P,茂林凱基9A售04  ,0,0,0,0,0,0,0,0,0,-52000,0,0,0,5000,57000,-52000,-52000
07634P,金像電元大9A售01,0,0,0,0,0,0,0,0,0,-52000,0,0,0,439000,491000,-52000,-52000
07089P,臺指2X中信01售01,0,0,0,0,0,0,0,0,0,-53000,0,0,0,8000,61000,-53000,-53000
06790P,台積電凱基9A售04,0,0,0,0,0,0,0,0,0,-53000,0,0,0,128000,181000,-53000,-53000
060891,世芯統一9A購01  ,0,0,0,0,0,0,0,0,0,-53000,0,0,0,0,53000,-53000,-53000
06081P,深中小元大97售02,0,0,0,0,0,0,0,0,0,-53000,0,0,0,20000,73000,-53000,-53000
061083,京元電兆豐9A購01,0,0,0,0,0,0,0,0,0,-53000,0,0,0,0,53000,-53000,-53000
056488,致新元大99購01  ,0,0,0,0,0,0,0,0,0,-53000,0,0,0,205000,258000,-53000,-53000
057171,台光電元大9B購01,0,0,0,0,0,0,0,0,0,-53000,0,0,0,69000,122000,-53000,-53000
059537,大立光凱基99購09,0,0,0,0,0,0,0,0,0,-53000,0,0,0,50000,103000,-53000,-53000
059030,奇力新兆豐99購03,0,0,0,0,0,0,0,0,0,-53000,0,0,0,3000,56000,-53000,-53000
058042,鴻海元大98購12  ,0,0,0,0,0,0,0,0,0,-53000,0,0,0,50000,103000,-53000,-53000
061178,晶技凱基9B購01  ,0,0,0,0,0,0,0,0,0,-54000,0,0,0,0,54000,-54000,-54000
061379,鈺齊永豐9A購02  ,0,0,0,0,0,0,0,0,0,-54000,0,0,0,0,54000,-54000,-54000
061535,群創統一9C購01  ,0,0,0,0,0,0,0,0,0,-54000,0,0,0,0,54000,-54000,-54000
062608,智易凱基9B購01  ,0,0,0,0,0,0,0,0,0,-54000,0,0,0,20000,74000,-54000,-54000
056297,台光電元大97購04,0,0,0,0,0,0,0,0,0,-54000,0,0,0,27000,81000,-54000,-54000
055933,欣興群益98購02  ,0,0,0,0,0,0,0,0,0,-54000,0,0,0,0,54000,-54000,-54000
055566,台表科凱基97購03,0,0,0,0,0,0,0,0,0,-54000,0,0,0,61000,115000,-54000,-54000
053500,新日興兆豐97購01,0,0,0,0,0,0,0,0,0,-54000,0,0,0,25000,79000,-54000,-54000
043442,大立光台新01購01,0,0,0,0,0,0,0,0,0,-54000,0,0,0,12000,66000,-54000,-54000
057909,台光電兆豐98購01,0,0,0,0,0,0,0,0,0,-54000,0,0,0,15000,69000,-54000,-54000
059291,華新科元富9B購01,0,0,0,0,0,0,0,0,0,-54000,0,0,0,1000,55000,-54000,-54000
058241,景碩元大99購05  ,0,0,0,0,0,0,0,0,0,-54000,0,0,0,0,54000,-54000,-54000
06021P,世紀鋼元富96售03,0,0,0,0,0,0,0,0,0,-54000,0,0,0,120000,174000,-54000,-54000
062416,和大統一01購02  ,0,0,0,0,0,0,0,0,0,-55000,0,0,0,0,55000,-55000,-55000
06517P,國巨凱基98售09  ,0,0,0,0,0,0,0,0,0,-55000,0,0,0,5000,60000,-55000,-55000
061383,高股息群益9A購01,0,0,0,0,0,0,0,0,0,-55000,0,0,0,0,55000,-55000,-55000
061334,華通元大9A購09  ,0,0,0,0,0,0,0,0,0,-55000,0,0,0,1000,56000,-55000,-55000
061416,聯茂群益9A購01  ,0,0,0,0,0,0,0,0,0,-55000,0,0,0,106000,161000,-55000,-55000
060679,聯詠元大9A購04  ,0,0,0,0,0,0,0,0,0,-55000,0,0,0,46000,101000,-55000,-55000
051292,牧德統一97購01  ,0,0,0,0,0,0,0,0,0,-55000,0,0,0,1000,56000,-55000,-55000
055243,國巨統一97購04  ,0,0,0,0,0,0,0,0,0,-55000,0,0,0,0,55000,-55000,-55000
059029,旺宏兆豐99購01  ,0,0,0,0,0,0,0,0,0,-55000,0,0,0,15000,70000,-55000,-55000
058639,南電兆豐99購01  ,0,0,0,0,0,0,0,0,0,-55000,0,0,0,0,55000,-55000,-55000
07376P,聯發科元大99售39,0,0,0,0,0,0,0,0,0,-55000,0,0,0,0,55000,-55000,-55000
07734P,台積電富邦9C售10,0,0,0,0,0,0,0,0,0,-55000,0,0,0,0,55000,-55000,-55000
2436,偉詮電          ,108000,167000,-59000,0,0,0,0,0,0,4000,4000,0,4000,0,0,0,-55000
061095,台積電台新9B購03,0,0,0,0,0,0,0,0,0,-56000,0,0,0,0,56000,-56000,-56000
061333,華通元大9A購08  ,0,0,0,0,0,0,0,0,0,-56000,0,0,0,3000,59000,-56000,-56000
062752,世芯中信9B購01  ,0,0,0,0,0,0,0,0,0,-56000,0,0,0,0,56000,-56000,-56000
06882P,聯發科群益98售07,0,0,0,0,0,0,0,0,0,-56000,0,0,0,0,56000,-56000,-56000
062189,康控元大9B購02  ,0,0,0,0,0,0,0,0,0,-56000,0,0,0,68000,124000,-56000,-56000
059397,T50反1元富99購05,0,0,0,0,0,0,0,0,0,-56000,0,0,0,3000,59000,-56000,-56000
3702A,大聯大甲特      ,0,0,0,0,0,0,0,42000,-42000,-14000,0,14000,-14000,0,0,0,-56000
062254,台光電元大9B購02,0,0,0,0,0,0,0,0,0,-57000,0,0,0,10000,67000,-57000,-57000
06513P,鴻海凱基98售10  ,0,0,0,0,0,0,0,0,0,-57000,0,0,0,156000,213000,-57000,-57000
061300,臺股指富邦9A購02,0,0,0,0,0,0,0,0,0,-57000,0,0,0,0,57000,-57000,-57000
061305,帆宣永豐9A購01  ,0,0,0,0,0,0,0,0,0,-57000,0,0,0,0,57000,-57000,-57000
061926,晶技凱基9B購02  ,0,0,0,0,0,0,0,0,0,-57000,0,0,0,0,57000,-57000,-57000
06185P,台表科元大97售05,0,0,0,0,0,0,0,0,0,-57000,0,0,0,0,57000,-57000,-57000
060955,大立光群益9A購02,0,0,0,0,0,0,0,0,0,-57000,0,0,0,0,57000,-57000,-57000
055216,友達凱基98購05  ,0,0,0,0,0,0,0,0,0,-57000,0,0,0,0,57000,-57000,-57000
054695,世芯永豐98購01  ,0,0,0,0,0,0,0,0,0,-57000,0,0,0,50000,107000,-57000,-57000
055834,國巨元大97購13  ,0,0,0,0,0,0,0,0,0,-57000,0,0,0,0,57000,-57000,-57000
050493,聯發科永昌96購01,0,0,0,0,0,0,0,0,0,-57000,0,0,0,3000,60000,-57000,-57000
053092,台表科元大97購02,0,0,0,0,0,0,0,0,0,-57000,0,0,0,49000,106000,-57000,-57000
057266,TPK兆豐98購02   ,0,0,0,0,0,0,0,0,0,-57000,0,0,0,100000,157000,-57000,-57000
057502,訊芯群益98購02  ,0,0,0,0,0,0,0,0,0,-57000,0,0,0,103000,160000,-57000,-57000
060626,貿聯元大9A購04  ,0,0,0,0,0,0,0,0,0,-57000,0,0,0,16000,73000,-57000,-57000
058829,華新科永豐99購04,0,0,0,0,0,0,0,0,0,-57000,0,0,0,40000,97000,-57000,-57000
057727,華邦電國泰9A購01,0,0,0,0,0,0,0,0,0,-57000,0,0,0,153000,210000,-57000,-57000
4155,訊映            ,46000,103000,-57000,0,0,0,0,0,0,0,0,0,0,0,0,0,-57000
2380,虹光            ,3000,60000,-57000,0,0,0,0,0,0,0,0,0,0,0,0,0,-57000
060426,盛群永豐9A購01  ,0,0,0,0,0,0,0,0,0,-58000,0,0,0,0,58000,-58000,-58000
060687,GIS元大9A購01   ,0,0,0,0,0,0,0,0,0,-58000,0,0,0,30000,88000,-58000,-58000
061838,華新科凱基05購03,0,0,0,0,0,0,0,0,0,-58000,0,0,0,0,58000,-58000,-58000
06677P,牧德國票98售02  ,0,0,0,0,0,0,0,0,0,-58000,0,0,0,2000,60000,-58000,-58000
062392,國巨富邦02購01  ,0,0,0,0,0,0,0,0,0,-58000,0,0,0,2000,60000,-58000,-58000
053637,強茂永豐96購01  ,0,0,0,0,0,0,0,0,0,-58000,0,0,0,3000,61000,-58000,-58000
053297,鎧勝中信98購01  ,0,0,0,0,0,0,0,0,0,-58000,0,0,0,18000,76000,-58000,-58000
054260,貿聯元大96購03  ,0,0,0,0,0,0,0,0,0,-58000,0,0,0,10000,68000,-58000,-58000
060128,健策永豐99購06  ,0,0,0,0,0,0,0,0,0,-58000,0,0,0,73000,131000,-58000,-58000
058104,國巨統一9A購04  ,0,0,0,0,0,0,0,0,0,-58000,0,0,0,2000,60000,-58000,-58000
060284,南港元大01購01  ,0,0,0,0,0,0,0,0,0,-58000,0,0,0,10000,68000,-58000,-58000
057044,旺宏元大98購08  ,0,0,0,0,0,0,0,0,0,-58000,0,0,0,10000,68000,-58000,-58000
1727,中華化          ,1000,60000,-59000,0,0,0,0,0,0,1000,1000,0,1000,0,0,0,-58000
3669,圓展            ,51000,110000,-59000,0,0,0,0,0,0,1000,1000,0,1000,0,0,0,-58000
06685P,鴻海國泰9A售01  ,0,0,0,0,0,0,0,0,0,-59000,0,0,0,73000,132000,-59000,-59000
06479P,聯發科中信99售02,0,0,0,0,0,0,0,0,0,-59000,0,0,0,20000,79000,-59000,-59000
06342P,世芯統一98售01  ,0,0,0,0,0,0,0,0,0,-59000,0,0,0,0,59000,-59000,-59000
061265,富邦金凱基9B購01,0,0,0,0,0,0,0,0,0,-59000,0,0,0,12000,71000,-59000,-59000
054057,晶豪科國票97購01,0,0,0,0,0,0,0,0,0,-59000,0,0,0,0,59000,-59000,-59000
055689,台郡凱基99購01  ,0,0,0,0,0,0,0,0,0,-59000,0,0,0,0,59000,-59000,-59000
059855,緯穎永豐99購04  ,0,0,0,0,0,0,0,0,0,-59000,0,0,0,77000,136000,-59000,-59000
058051,同欣電元大98購03,0,0,0,0,0,0,0,0,0,-59000,0,0,0,15000,74000,-59000,-59000
058760,嘉晶群益9A購01  ,0,0,0,0,0,0,0,0,0,-59000,0,0,0,9000,68000,-59000,-59000
058629,嘉晶國票9A購01  ,0,0,0,0,0,0,0,0,0,-59000,0,0,0,0,59000,-59000,-59000
4108,懷特            ,27000,86000,-59000,0,0,0,0,0,0,0,0,0,0,0,0,0,-59000
2022,聚亨            ,15000,71000,-56000,0,0,0,0,0,0,-3000,3000,6000,-3000,0,0,0,-59000
07846P,台灣50群益9A售17,0,0,0,0,0,0,0,0,0,-59000,0,0,0,0,59000,-59000,-59000
2801,彰銀            ,4009000,4373199,-364199,0,0,0,0,0,0,305000,129000,0,129000,176000,0,176000,-59199
060800,華新科第一9A購01,0,0,0,0,0,0,0,0,0,-60000,0,0,0,0,60000,-60000,-60000
061896,景碩永豐9B購01  ,0,0,0,0,0,0,0,0,0,-60000,0,0,0,0,60000,-60000,-60000
062710,盛群元大9B購01  ,0,0,0,0,0,0,0,0,0,-60000,0,0,0,15000,75000,-60000,-60000
06600P,貿聯永豐98售01  ,0,0,0,0,0,0,0,0,0,-60000,0,0,0,0,60000,-60000,-60000
062446,聯詠元大9B購02  ,0,0,0,0,0,0,0,0,0,-60000,0,0,0,20000,80000,-60000,-60000
062294,盛群永豐9B購01  ,0,0,0,0,0,0,0,0,0,-60000,0,0,0,0,60000,-60000,-60000
062230,緯穎統一01購01  ,0,0,0,0,0,0,0,0,0,-60000,0,0,0,352000,412000,-60000,-60000
062181,義隆元大9B購03  ,0,0,0,0,0,0,0,0,0,-60000,0,0,0,0,60000,-60000,-60000
053999,台表科群益96購06,0,0,0,0,0,0,0,0,0,-60000,0,0,0,0,60000,-60000,-60000
05546P,全新元大97售01  ,0,0,0,0,0,0,0,0,0,-60000,0,0,0,57000,117000,-60000,-60000
055394,健策統一97購01  ,0,0,0,0,0,0,0,0,0,-60000,0,0,0,0,60000,-60000,-60000
053398,和鑫中信99購01  ,0,0,0,0,0,0,0,0,0,-60000,0,0,0,0,60000,-60000,-60000
050171,臺指反元大97購03,0,0,0,0,0,0,0,0,0,-60000,0,0,0,0,60000,-60000,-60000
056776,聯茂元大99購01  ,0,0,0,0,0,0,0,0,0,-60000,0,0,0,0,60000,-60000,-60000
056231,嘉聯益凱基97購02,0,0,0,0,0,0,0,0,0,-60000,0,0,0,0,60000,-60000,-60000
056419,欣興元富98購02  ,0,0,0,0,0,0,0,0,0,-60000,0,0,0,9000,69000,-60000,-60000
055245,凱美統一99購01  ,0,0,0,0,0,0,0,0,0,-60000,0,0,0,0,60000,-60000,-60000
055127,台虹兆豐97購01  ,0,0,0,0,0,0,0,0,0,-60000,0,0,0,0,60000,-60000,-60000
057746,同欣電永豐98購02,0,0,0,0,0,0,0,0,0,-60000,0,0,0,10000,70000,-60000,-60000
057763,康控凱基99購02  ,0,0,0,0,0,0,0,0,0,-60000,0,0,0,0,60000,-60000,-60000
058875,台表科國票9A購02,0,0,0,0,0,0,0,0,0,-60000,0,0,0,11000,71000,-60000,-60000
059889,華新科國票99購04,0,0,0,0,0,0,0,0,0,-60000,0,0,0,4000,64000,-60000,-60000
056823,智伸科永豐98購01,0,0,0,0,0,0,0,0,0,-60000,0,0,0,0,60000,-60000,-60000
058274,世紀鋼永豐99購01,0,0,0,0,0,0,0,0,0,-60000,0,0,0,26000,86000,-60000,-60000
058147,鈺齊元大99購01  ,0,0,0,0,0,0,0,0,0,-60000,0,0,0,0,60000,-60000,-60000
058280,SGBR2X中信99購01,0,0,0,0,0,0,0,0,0,-60000,0,0,0,0,60000,-60000,-60000
2855,統一證          ,264000,324000,-60000,0,0,0,0,0,0,0,0,0,0,0,0,0,-60000
2496,卓越            ,23000,83350,-60350,0,0,0,0,0,0,0,0,0,0,0,0,0,-60350
062426,大立光統一02購02,0,0,0,0,0,0,0,0,0,-61000,0,0,0,0,61000,-61000,-61000
061785,奇力新群益9B購01,0,0,0,0,0,0,0,0,0,-61000,0,0,0,0,61000,-61000,-61000
054373,富邦金中信97購01,0,0,0,0,0,0,0,0,0,-61000,0,0,0,0,61000,-61000,-61000
056004,南電永豐97購02  ,0,0,0,0,0,0,0,0,0,-61000,0,0,0,0,61000,-61000,-61000
057886,聯詠群益98購01  ,0,0,0,0,0,0,0,0,0,-61000,0,0,0,18000,79000,-61000,-61000
046906,新光金凱基99購02,0,0,0,0,0,0,0,0,0,-61000,0,0,0,0,61000,-61000,-61000
058403,玉晶光元大99購12,0,0,0,0,0,0,0,0,0,-61000,0,0,0,51000,112000,-61000,-61000
05758P,光罩永豐96售02  ,0,0,0,0,0,0,0,0,0,-61000,0,0,0,6000,67000,-61000,-61000
059613,泰鼎永豐99購02  ,0,0,0,0,0,0,0,0,0,-61000,0,0,0,53000,114000,-61000,-61000
07830P,牧德凱基9A售03  ,0,0,0,0,0,0,0,0,0,-61000,0,0,0,59000,120000,-61000,-61000
060909,金像電元大9B購01,0,0,0,0,0,0,0,0,0,-62000,0,0,0,0,62000,-62000,-62000
061134,大成鋼統一9C購01,0,0,0,0,0,0,0,0,0,-62000,0,0,0,2000,64000,-62000,-62000
062171,中磊永豐9B購01  ,0,0,0,0,0,0,0,0,0,-62000,0,0,0,0,62000,-62000,-62000
06728P,全新元大98售03  ,0,0,0,0,0,0,0,0,0,-62000,0,0,0,72000,134000,-62000,-62000
06780P,義隆元大98售02  ,0,0,0,0,0,0,0,0,0,-62000,0,0,0,55000,117000,-62000,-62000
051055,友達群益98購01  ,0,0,0,0,0,0,0,0,0,-62000,0,0,0,0,62000,-62000,-62000
055690,矽力凱基97購02  ,0,0,0,0,0,0,0,0,0,-62000,0,0,0,28000,90000,-62000,-62000
056114,台達電群益97購02,0,0,0,0,0,0,0,0,0,-62000,0,0,0,98000,160000,-62000,-62000
055030,帆宣國泰99購02  ,0,0,0,0,0,0,0,0,0,-62000,0,0,0,2000,64000,-62000,-62000
056844,欣興元富98購03  ,0,0,0,0,0,0,0,0,0,-62000,0,0,0,0,62000,-62000,-62000
056847,佐登元富98購01  ,0,0,0,0,0,0,0,0,0,-62000,0,0,0,66000,128000,-62000,-62000
058454,嘉晶永豐99購01  ,0,0,0,0,0,0,0,0,0,-62000,0,0,0,39000,101000,-62000,-62000
07805P,義隆永豐9A售02  ,0,0,0,0,0,0,0,0,0,-62000,0,0,0,74000,136000,-62000,-62000
062355,華通元大9B購03  ,0,0,0,0,0,0,0,0,0,-63000,0,0,0,0,63000,-63000,-63000
060817,華邦電台新9A購01,0,0,0,0,0,0,0,0,0,-63000,0,0,0,30000,93000,-63000,-63000
060712,建準永豐9A購01  ,0,0,0,0,0,0,0,0,0,-63000,0,0,0,115000,178000,-63000,-63000
061667,友達中信9A購02  ,0,0,0,0,0,0,0,0,0,-63000,0,0,0,0,63000,-63000,-63000
061491,嘉聯益兆豐9B購01,0,0,0,0,0,0,0,0,0,-63000,0,0,0,0,63000,-63000,-63000
055172,凱美統一97購02  ,0,0,0,0,0,0,0,0,0,-63000,0,0,0,0,63000,-63000,-63000
051570,和碩富邦97購01  ,0,0,0,0,0,0,0,0,0,-63000,0,0,0,0,63000,-63000,-63000
052691,GIS元大96購01   ,0,0,0,0,0,0,0,0,0,-63000,0,0,0,20000,83000,-63000,-63000
00739,元大MSCI A股    ,0,0,0,0,0,0,0,0,0,-63000,0,0,0,142000,205000,-63000,-63000
060552,群創凱基9B購05  ,0,0,0,0,0,0,0,0,0,-63000,0,0,0,0,63000,-63000,-63000
06047P,聯發科富邦99售04,0,0,0,0,0,0,0,0,0,-63000,0,0,0,31000,94000,-63000,-63000
057836,南亞科國泰9A購01,0,0,0,0,0,0,0,0,0,-63000,0,0,0,0,63000,-63000,-63000
059037,宏達電群益99購02,0,0,0,0,0,0,0,0,0,-63000,0,0,0,0,63000,-63000,-63000
061348,聯鈞元大9A購05  ,0,0,0,0,0,0,0,0,0,-64000,0,0,0,0,64000,-64000,-64000
061435,元金2X凱基9C購03,0,0,0,0,0,0,0,0,0,-64000,0,0,0,39000,103000,-64000,-64000
060705,台光電富邦9B購01,0,0,0,0,0,0,0,0,0,-64000,0,0,0,132000,196000,-64000,-64000
060987,華新科元大9A購11,0,0,0,0,0,0,0,0,0,-64000,0,0,0,63000,127000,-64000,-64000
061222,台灣50中信9A購02,0,0,0,0,0,0,0,0,0,-64000,0,0,0,0,64000,-64000,-64000
062182,華新科元大9B購07,0,0,0,0,0,0,0,0,0,-64000,0,0,0,10000,74000,-64000,-64000
053259,卜蜂群益97購01  ,0,0,0,0,0,0,0,0,0,-64000,0,0,0,0,64000,-64000,-64000
056142,超眾元大97購06  ,0,0,0,0,0,0,0,0,0,-64000,0,0,0,0,64000,-64000,-64000
057902,嘉晶永豐98購02  ,0,0,0,0,0,0,0,0,0,-64000,0,0,0,0,64000,-64000,-64000
059989,嘉晶元大9A購01  ,0,0,0,0,0,0,0,0,0,-64000,0,0,0,3000,67000,-64000,-64000
057833,聯發科元富02購06,0,0,0,0,0,0,0,0,0,-64000,0,0,0,50000,114000,-64000,-64000
059914,台積電元大99購47,0,0,0,0,0,0,0,0,0,-64000,0,0,0,36000,100000,-64000,-64000
059731,康控元大99購04  ,0,0,0,0,0,0,0,0,0,-64000,0,0,0,36000,100000,-64000,-64000
058685,TPK凱基99購01   ,0,0,0,0,0,0,0,0,0,-64000,0,0,0,84000,148000,-64000,-64000
057494,玉晶光元大99購09,0,0,0,0,0,0,0,0,0,-64000,0,0,0,67000,131000,-64000,-64000
060317,台灣50群益02購01,0,0,0,0,0,0,0,0,0,-64000,0,0,0,0,64000,-64000,-64000
1711,永光            ,105000,171000,-66000,0,0,0,0,0,0,2000,2000,0,2000,0,0,0,-64000
2461,光群雷          ,22000,92000,-70000,0,0,0,0,0,0,6000,6000,0,6000,0,0,0,-64000
2912,統一超          ,732400,820616,-88216,0,0,0,0,0,0,24000,24000,0,24000,0,0,0,-64216
062474,台表科凱基9C購01,0,0,0,0,0,0,0,0,0,-65000,0,0,0,60000,125000,-65000,-65000
06539P,聯發科凱基98售12,0,0,0,0,0,0,0,0,0,-65000,0,0,0,25000,90000,-65000,-65000
061160,瑞祺群益9A購01  ,0,0,0,0,0,0,0,0,0,-65000,0,0,0,21000,86000,-65000,-65000
054590,嘉聯益國泰98購01,0,0,0,0,0,0,0,0,0,-65000,0,0,0,0,65000,-65000,-65000
00651R,FH香港反1       ,0,26000,-26000,0,0,0,0,0,0,-39000,0,0,0,118000,157000,-39000,-65000
060298,鎧勝元大9C購01  ,0,0,0,0,0,0,0,0,0,-65000,0,0,0,100000,165000,-65000,-65000
060390,聯鈞群益9A購01  ,0,0,0,0,0,0,0,0,0,-65000,0,0,0,0,65000,-65000,-65000
060678,聯詠元大9A購03  ,0,0,0,0,0,0,0,0,0,-65000,0,0,0,29000,94000,-65000,-65000
056691,元油2X群益9B購01,0,0,0,0,0,0,0,0,0,-65000,0,0,0,0,65000,-65000,-65000
056676,國產元富98購01  ,0,0,0,0,0,0,0,0,0,-65000,0,0,0,769000,834000,-65000,-65000
057038,元油2X元大9B購06,0,0,0,0,0,0,0,0,0,-65000,0,0,0,0,65000,-65000,-65000
059638,大立光凱基99購11,0,0,0,0,0,0,0,0,0,-65000,0,0,0,0,65000,-65000,-65000
059198,華新科永豐99購06,0,0,0,0,0,0,0,0,0,-65000,0,0,0,0,65000,-65000,-65000
059040,訊芯群益99購03  ,0,0,0,0,0,0,0,0,0,-65000,0,0,0,103000,168000,-65000,-65000
058131,義隆元大99購02  ,0,0,0,0,0,0,0,0,0,-65000,0,0,0,171000,236000,-65000,-65000
057574,中磊永豐98購01  ,0,0,0,0,0,0,0,0,0,-65000,0,0,0,0,65000,-65000,-65000
07303P,臺股指元大9A售36,0,0,0,0,0,0,0,0,0,-65000,0,0,0,15000,80000,-65000,-65000
060775,世芯凱基9A購02  ,0,0,0,0,0,0,0,0,0,-66000,0,0,0,10000,76000,-66000,-66000
06147P,國巨元大97售05  ,0,0,0,0,0,0,0,0,0,-66000,0,0,0,371000,437000,-66000,-66000
062371,健策元大9B購08  ,0,0,0,0,0,0,0,0,0,-66000,0,0,0,2000,68000,-66000,-66000
062309,燿華凱基9B購01  ,0,0,0,0,0,0,0,0,0,-66000,0,0,0,0,66000,-66000,-66000
062387,健策國泰01購01  ,0,0,0,0,0,0,0,0,0,-66000,0,0,0,164000,230000,-66000,-66000
062195,聚陽中信9C購01  ,0,0,0,0,0,0,0,0,0,-66000,0,0,0,247000,313000,-66000,-66000
053768,S&P反1元大99購01,0,0,0,0,0,0,0,0,0,-66000,0,0,0,38000,104000,-66000,-66000
059848,智邦永豐99購01  ,0,0,0,0,0,0,0,0,0,-66000,0,0,0,161000,227000,-66000,-66000
060566,聯詠富邦9C購01  ,0,0,0,0,0,0,0,0,0,-66000,0,0,0,14000,80000,-66000,-66000
060513,緯穎元大9B購01  ,0,0,0,0,0,0,0,0,0,-66000,0,0,0,115000,181000,-66000,-66000
2013,中鋼構          ,100000,166000,-66000,0,0,0,0,0,0,0,0,0,0,0,0,0,-66000
9939,宏全            ,214000,462000,-248000,0,0,0,15000,0,15000,167000,34000,8000,26000,144000,3000,141000,-66000
062385,玉晶光國泰01購01,0,0,0,0,0,0,0,0,0,-67000,0,0,0,0,67000,-67000,-67000
061137,晶技統一9B購01  ,0,0,0,0,0,0,0,0,0,-67000,0,0,0,10000,77000,-67000,-67000
061184,大立光國泰9C購01,0,0,0,0,0,0,0,0,0,-67000,0,0,0,57000,124000,-67000,-67000
061028,聚陽永豐9A購01  ,0,0,0,0,0,0,0,0,0,-67000,0,0,0,121000,188000,-67000,-67000
053905,華新科凱基96購10,0,0,0,0,0,0,0,0,0,-67000,0,0,0,0,67000,-67000,-67000
03433B,臺股指元大9C熊01,0,0,0,0,0,0,0,0,0,-67000,0,0,0,49000,116000,-67000,-67000
056314,力成元大97購01  ,0,0,0,0,0,0,0,0,0,-67000,0,0,0,10000,77000,-67000,-67000
060123,光罩永豐99購02  ,0,0,0,0,0,0,0,0,0,-67000,0,0,0,12000,79000,-67000,-67000
058309,大毅元大99購02  ,0,0,0,0,0,0,0,0,0,-67000,0,0,0,5000,72000,-67000,-67000
4919,新唐            ,69000,137000,-68000,0,0,0,0,0,0,1000,7000,0,7000,0,6000,-6000,-67000
061207,美律元大9A購04  ,0,0,0,0,0,0,0,0,0,-68000,0,0,0,0,68000,-68000,-68000
061875,華新科元大9B購03,0,0,0,0,0,0,0,0,0,-68000,0,0,0,0,68000,-68000,-68000
062633,亞光國票9B購01  ,0,0,0,0,0,0,0,0,0,-68000,0,0,0,57000,125000,-68000,-68000
062164,禾伸堂國泰01購01,0,0,0,0,0,0,0,0,0,-68000,0,0,0,30000,98000,-68000,-68000
060084,聯電元大99購02  ,0,0,0,0,0,0,0,0,0,-68000,0,0,0,50000,118000,-68000,-68000
059988,大立光元大9A購02,0,0,0,0,0,0,0,0,0,-68000,0,0,0,0,68000,-68000,-68000
057859,神達康和98購01  ,0,0,0,0,0,0,0,0,0,-68000,0,0,0,0,68000,-68000,-68000
056358,友訊元大99購01  ,0,0,0,0,0,0,0,0,0,-68000,0,0,0,0,68000,-68000,-68000
056398,南茂永豐98購01  ,0,0,0,0,0,0,0,0,0,-68000,0,0,0,12000,80000,-68000,-68000
056298,億光元大97購02  ,0,0,0,0,0,0,0,0,0,-68000,0,0,0,0,68000,-68000,-68000
056302,大立光元大97購17,0,0,0,0,0,0,0,0,0,-68000,0,0,0,0,68000,-68000,-68000
056582,易華電元大98購01,0,0,0,0,0,0,0,0,0,-68000,0,0,0,0,68000,-68000,-68000
055295,瀚宇博元大97購02,0,0,0,0,0,0,0,0,0,-68000,0,0,0,0,68000,-68000,-68000
054332,世芯永豐97購01  ,0,0,0,0,0,0,0,0,0,-68000,0,0,0,26000,94000,-68000,-68000
055837,致茂元大97購02  ,0,0,0,0,0,0,0,0,0,-68000,0,0,0,0,68000,-68000,-68000
055841,南亞科元大97購04,0,0,0,0,0,0,0,0,0,-68000,0,0,0,0,68000,-68000,-68000
055847,大立光元大97購10,0,0,0,0,0,0,0,0,0,-68000,0,0,0,0,68000,-68000,-68000
055970,聯茂元大97購04  ,0,0,0,0,0,0,0,0,0,-68000,0,0,0,0,68000,-68000,-68000
055716,致茂元大97購01  ,0,0,0,0,0,0,0,0,0,-68000,0,0,0,0,68000,-68000,-68000
055380,智易元大98購02  ,0,0,0,0,0,0,0,0,0,-68000,0,0,0,36000,104000,-68000,-68000
057284,新日興元大98購03,0,0,0,0,0,0,0,0,0,-68000,0,0,0,0,68000,-68000,-68000
057280,大立光元大98購15,0,0,0,0,0,0,0,0,0,-68000,0,0,0,0,68000,-68000,-68000
058136,景碩元大99購02  ,0,0,0,0,0,0,0,0,0,-68000,0,0,0,0,68000,-68000,-68000
060509,宏達電元大9A購02,0,0,0,0,0,0,0,0,0,-68000,0,0,0,0,68000,-68000,-68000
060528,友達中信9C購01  ,0,0,0,0,0,0,0,0,0,-68000,0,0,0,0,68000,-68000,-68000
060675,南亞科元大9A購02,0,0,0,0,0,0,0,0,0,-68000,0,0,0,0,68000,-68000,-68000
057489,奇力新元大99購06,0,0,0,0,0,0,0,0,0,-68000,0,0,0,0,68000,-68000,-68000
057484,南亞科元大98購06,0,0,0,0,0,0,0,0,0,-68000,0,0,0,0,68000,-68000,-68000
057378,康友元大98購02  ,0,0,0,0,0,0,0,0,0,-68000,0,0,0,0,68000,-68000,-68000
058050,台郡元大99購05  ,0,0,0,0,0,0,0,0,0,-68000,0,0,0,0,68000,-68000,-68000
059908,元金2X元大99購01,0,0,0,0,0,0,0,0,0,-68000,0,0,0,54000,122000,-68000,-68000
2399,映泰            ,120000,199000,-79000,0,0,0,0,0,0,11000,11000,0,11000,0,0,0,-68000
062197,聯發科中信01購03,0,0,0,0,0,0,0,0,0,-69000,0,0,0,4000,73000,-69000,-69000
062099,牧德永豐9B購01  ,0,0,0,0,0,0,0,0,0,-69000,0,0,0,0,69000,-69000,-69000
061826,台郡麥證9B購01  ,0,0,0,0,69000,-69000,0,0,0,-69000,0,0,0,0,69000,-69000,-69000
052546,友達中信98購01  ,0,0,0,0,0,0,0,0,0,-69000,0,0,0,31000,100000,-69000,-69000
055620,樺漢國票98購01  ,0,0,0,0,0,0,0,0,0,-69000,0,0,0,0,69000,-69000,-69000
058781,康友國票9A購01  ,0,0,0,0,0,0,0,0,0,-69000,0,0,0,33000,102000,-69000,-69000
058592,聯發科統一9C購01,0,0,0,0,0,0,0,0,0,-69000,0,0,0,0,69000,-69000,-69000
060314,元翎永豐9A購01  ,0,0,0,0,0,0,0,0,0,-69000,0,0,0,0,69000,-69000,-69000
07234P,台灣50元大9B售04,0,0,0,0,0,0,0,0,0,-69000,0,0,0,40000,109000,-69000,-69000
07747P,晶技凱基9A售04  ,0,0,0,0,0,0,0,0,0,-69000,0,0,0,5000,74000,-69000,-69000
061947,旺宏群益9B購02  ,0,0,0,0,0,0,0,0,0,-70000,0,0,0,10000,80000,-70000,-70000
061407,鴻海國票9A購07  ,0,0,0,0,0,0,0,0,0,-70000,0,0,0,0,70000,-70000,-70000
061281,台積電統一9C購05,0,0,0,0,0,0,0,0,0,-70000,0,0,0,0,70000,-70000,-70000
060897,健策凱基9A購04  ,0,0,0,0,0,0,0,0,0,-70000,0,0,0,2000,72000,-70000,-70000
061976,國巨元大9B購01  ,0,0,0,0,0,0,0,0,0,-70000,0,0,0,40000,110000,-70000,-70000
062284,華擎群益9C購03  ,0,0,0,0,0,0,0,0,0,-70000,0,0,0,3000,73000,-70000,-70000
062442,華新科元大9C購02,0,0,0,0,0,0,0,0,0,-70000,0,0,0,0,70000,-70000,-70000
06789P,鴻海凱基98售12  ,0,0,0,0,0,0,0,0,0,-70000,0,0,0,30000,100000,-70000,-70000
03432B,臺股指凱基98熊13,0,0,0,0,0,0,0,0,0,-70000,0,0,0,0,70000,-70000,-70000
054980,國巨元富97購01  ,0,0,0,0,0,0,0,0,0,-70000,0,0,0,0,70000,-70000,-70000
056232,瑞儀凱基98購01  ,0,0,0,0,0,0,0,0,0,-70000,0,0,0,0,70000,-70000,-70000
057887,智原群益98購04  ,0,0,0,0,0,0,0,0,0,-70000,0,0,0,1000,71000,-70000,-70000
057394,台積電中信9C購02,0,0,0,0,0,0,0,0,0,-70000,0,0,0,0,70000,-70000,-70000
060361,南亞科元富9A購03,0,0,0,0,0,0,0,0,0,-70000,0,0,0,55000,125000,-70000,-70000
057131,奇力新凱基98購05,0,0,0,0,0,0,0,0,0,-70000,0,0,0,0,70000,-70000,-70000
057236,聯詠凱基98購03  ,0,0,0,0,0,0,0,0,0,-70000,0,0,0,0,70000,-70000,-70000
059574,台表科凱基99購02,0,0,0,0,0,0,0,0,0,-70000,0,0,0,0,70000,-70000,-70000
058868,元油2X國票99購06,0,0,0,0,0,0,0,0,0,-70000,0,0,0,0,70000,-70000,-70000
07368P,國巨凱基99售19  ,0,0,0,0,0,0,0,0,0,-70000,0,0,0,60000,130000,-70000,-70000
07636P,鴻海國票9A售05  ,0,0,0,0,0,0,0,0,0,-70000,0,0,0,10000,80000,-70000,-70000
062110,華擎國票9B購01  ,0,0,0,0,0,0,0,0,0,-71000,0,0,0,13000,84000,-71000,-71000
061950,日月光群益9B購01,0,0,0,0,0,0,0,0,0,-71000,0,0,0,0,71000,-71000,-71000
055071,群電永豐97購01  ,0,0,0,0,0,0,0,0,0,-71000,0,0,0,0,71000,-71000,-71000
054164,強茂凱基98購01  ,0,0,0,0,0,0,0,0,0,-71000,0,0,0,84000,155000,-71000,-71000
055648,可成元富97購01  ,0,0,0,0,0,0,0,0,0,-71000,0,0,0,10000,81000,-71000,-71000
053112,中磊兆豐97購01  ,0,0,0,0,0,0,0,0,0,-71000,0,0,0,0,71000,-71000,-71000
058783,臺股指國票99購02,0,0,0,0,0,0,0,0,0,-71000,0,0,0,38000,109000,-71000,-71000
4414,如興            ,64000,143000,-79000,0,0,0,0,0,0,8000,8000,0,8000,0,0,0,-71000
061752,瑞昱台新9B購01  ,0,0,0,0,0,0,0,0,0,-72000,0,0,0,72000,144000,-72000,-72000
061458,臻鼎凱基9A購02  ,0,0,0,0,0,0,0,0,0,-72000,0,0,0,27000,99000,-72000,-72000
060967,鈺齊凱基9A購02  ,0,0,0,0,0,0,0,0,0,-72000,0,0,0,120000,192000,-72000,-72000
054180,亞泥康和96購01  ,0,0,0,0,0,0,0,0,0,-72000,0,0,0,44000,116000,-72000,-72000
06005P,晶豪科永豐96售04,0,0,0,0,0,0,0,0,0,-72000,0,0,0,50000,122000,-72000,-72000
05871P,全新凱基96售04  ,0,0,0,0,0,0,0,0,0,-72000,0,0,0,7000,79000,-72000,-72000
059436,大立光元大99購18,0,0,0,0,0,0,0,0,0,-72000,0,0,0,5000,77000,-72000,-72000
056852,矽格元富98購01  ,0,0,0,0,0,0,0,0,0,-72000,0,0,0,90000,162000,-72000,-72000
057647,欣興元大98購10  ,0,0,0,0,0,0,0,0,0,-72000,0,0,0,135000,207000,-72000,-72000
058208,百和凱基99購01  ,0,0,0,0,0,0,0,0,0,-72000,0,0,0,134000,206000,-72000,-72000
07635P,世芯永豐9A售05  ,0,0,0,0,0,0,0,0,0,-72000,0,0,0,110000,182000,-72000,-72000
07982P,全新群益9B售04  ,0,0,0,0,0,0,0,0,0,-72000,0,0,0,15000,87000,-72000,-72000
062655,漢唐永豐9B購01  ,0,0,0,0,0,0,0,0,0,-73000,0,0,0,0,73000,-73000,-73000
06668P,祥碩凱基98售02  ,0,0,0,0,0,0,0,0,0,-73000,0,0,0,179000,252000,-73000,-73000
06603P,立積統一99售01  ,0,0,0,0,0,0,0,0,0,-73000,0,0,0,54000,127000,-73000,-73000
056477,欣興元大98購02  ,0,0,0,0,0,0,0,0,0,-73000,0,0,0,30000,103000,-73000,-73000
058393,元油2X元大99購13,0,0,0,0,0,0,0,0,0,-73000,0,0,0,0,73000,-73000,-73000
057941,聯電國票99購01  ,0,0,0,0,0,0,0,0,0,-73000,0,0,0,0,73000,-73000,-73000
059475,元石油群益99購02,0,0,0,0,0,0,0,0,0,-73000,0,0,0,0,73000,-73000,-73000
058135,景碩元大99購01  ,0,0,0,0,0,0,0,0,0,-73000,0,0,0,0,73000,-73000,-73000
1108,幸福            ,24000,97000,-73000,0,0,0,0,0,0,0,0,0,0,0,0,0,-73000
07728P,臺股指凱基9A售20,0,0,0,0,0,0,0,0,0,-73000,0,0,0,255000,328000,-73000,-73000
07261P,台灣50元大9A售04,0,0,0,0,0,0,0,0,0,-73000,0,0,0,0,73000,-73000,-73000
062332,大立光統一9B購11,0,0,0,0,0,0,0,0,0,-74000,0,0,0,15000,89000,-74000,-74000
060890,大立光統一01購01,0,0,0,0,0,0,0,0,0,-74000,0,0,0,15000,89000,-74000,-74000
061284,友達統一9C購01  ,0,0,0,0,0,0,0,0,0,-74000,0,0,0,0,74000,-74000,-74000
061457,TPK凱基9A購01   ,0,0,0,0,0,0,0,0,0,-74000,0,0,0,106000,180000,-74000,-74000
061873,友達元大9C購07  ,0,0,0,0,0,0,0,0,0,-74000,0,0,0,18000,92000,-74000,-74000
061859,勤誠國票9B購01  ,0,0,0,0,0,0,0,0,0,-74000,0,0,0,180000,254000,-74000,-74000
058705,長榮航元大99購01,0,0,0,0,0,0,0,0,0,-74000,0,0,0,0,74000,-74000,-74000
057614,華新科元富99購04,0,0,0,0,0,0,0,0,0,-74000,0,0,0,2000,76000,-74000,-74000
059313,元石油元大99購06,0,0,0,0,0,0,0,0,0,-74000,0,0,0,82000,156000,-74000,-74000
4164,承業醫          ,17000,105000,-88000,0,0,0,0,0,0,14000,14000,0,14000,0,0,0,-74000
6591,動力-KY         ,172000,246000,-74000,0,0,0,0,0,0,0,3000,3000,0,0,0,0,-74000
061840,長榮航凱基9C購01,0,0,0,0,0,0,0,0,0,-75000,0,0,0,25000,100000,-75000,-75000
06692P,瑞昱凱基98售03  ,0,0,0,0,0,0,0,0,0,-75000,0,0,0,0,75000,-75000,-75000
054403,同欣電永豐96購02,0,0,0,0,0,0,0,0,0,-75000,0,0,0,0,75000,-75000,-75000
057141,嘉聯益兆豐99購01,0,0,0,0,0,0,0,0,0,-75000,0,0,0,0,75000,-75000,-75000
058364,奇力新凱基99購04,0,0,0,0,0,0,0,0,0,-75000,0,0,0,0,75000,-75000,-75000
057483,微星元大98購04  ,0,0,0,0,0,0,0,0,0,-75000,0,0,0,133000,208000,-75000,-75000
057674,台郡元大99購03  ,0,0,0,0,0,0,0,0,0,-75000,0,0,0,56000,131000,-75000,-75000
058851,大立光群益99購07,0,0,0,0,0,0,0,0,0,-75000,0,0,0,0,75000,-75000,-75000
6230,超眾            ,99000,199000,-100000,0,0,0,26000,0,26000,-1000,1000,0,1000,13000,15000,-2000,-75000
1707,葡萄王          ,165000,241000,-76000,0,0,0,0,0,0,1000,5000,4000,1000,0,0,0,-75000
06729P,聯詠元大98售03  ,0,0,0,0,0,0,0,0,0,-76000,0,0,0,108000,184000,-76000,-76000
062080,奇力新元大9B購02,0,0,0,0,0,0,0,0,0,-76000,0,0,0,0,76000,-76000,-76000
062066,元黃金元大9B購01,0,0,0,0,0,0,0,0,0,-76000,0,0,0,0,76000,-76000,-76000
062269,葡萄王群益9B購01,0,0,0,0,0,0,0,0,0,-76000,0,0,0,10000,86000,-76000,-76000
060770,宏達電麥證9A購01,0,0,0,0,76000,-76000,0,0,0,-76000,0,0,0,0,76000,-76000,-76000
060760,南亞科元大9A購04,0,0,0,0,0,0,0,0,0,-76000,0,0,0,25000,101000,-76000,-76000
060127,牧德永豐99購02  ,0,0,0,0,0,0,0,0,0,-76000,0,0,0,0,76000,-76000,-76000
058852,貿聯群益99購04  ,0,0,0,0,0,0,0,0,0,-76000,0,0,0,106000,182000,-76000,-76000
057422,欣興凱基98購04  ,0,0,0,0,0,0,0,0,0,-76000,0,0,0,0,76000,-76000,-76000
061425,華新科元大9A購19,0,0,0,0,0,0,0,0,0,-77000,0,0,0,0,77000,-77000,-77000
062042,台勝科凱基9C購01,0,0,0,0,0,0,0,0,0,-77000,0,0,0,0,77000,-77000,-77000
06614P,祥碩永豐98售03  ,0,0,0,0,0,0,0,0,0,-77000,0,0,0,30000,107000,-77000,-77000
06959P,鴻海凱基9A售02  ,0,0,0,0,0,0,0,0,0,-77000,0,0,0,20000,97000,-77000,-77000
051849,旺宏中信98購01  ,0,0,0,0,0,0,0,0,0,-77000,0,0,0,23000,100000,-77000,-77000
057455,景碩國泰99購01  ,0,0,0,0,0,0,0,0,0,-77000,0,0,0,0,77000,-77000,-77000
058534,友達統一9B購01  ,0,0,0,0,0,0,0,0,0,-77000,0,0,0,0,77000,-77000,-77000
060583,南亞科元富9A購05,0,0,0,0,0,0,0,0,0,-77000,0,0,0,10000,87000,-77000,-77000
060596,元黃金凱基9A購02,0,0,0,0,0,0,0,0,0,-77000,0,0,0,23000,100000,-77000,-77000
058204,世芯凱基9A購01  ,0,0,0,0,0,0,0,0,0,-77000,0,0,0,41000,118000,-77000,-77000
057557,聯茂凱基99購04  ,0,0,0,0,0,0,0,0,0,-77000,0,0,0,0,77000,-77000,-77000
058820,致茂國泰9B購01  ,0,0,0,0,0,0,0,0,0,-77000,0,0,0,100000,177000,-77000,-77000
059597,大立光元大99購21,0,0,0,0,0,0,0,0,0,-77000,0,0,0,0,77000,-77000,-77000
07260P,台灣50元大9A售01,0,0,0,0,0,0,0,0,0,-77000,0,0,0,0,77000,-77000,-77000
06936P,瑞儀元大98售01  ,0,0,0,0,0,0,0,0,0,-78000,0,0,0,2000,80000,-78000,-78000
061237,晶技元大9A購01  ,0,0,0,0,0,0,0,0,0,-78000,0,0,0,0,78000,-78000,-78000
00662,富邦NASDAQ      ,4000,0,4000,0,0,0,0,0,0,-82000,4000,0,4000,92000,178000,-86000,-78000
06010P,國泰金元富96售01,0,0,0,0,0,0,0,0,0,-78000,0,0,0,20000,98000,-78000,-78000
058955,台積電國票9A購04,0,0,0,0,0,0,0,0,0,-78000,0,0,0,278000,356000,-78000,-78000
057174,南亞科元大98購05,0,0,0,0,0,0,0,0,0,-78000,0,0,0,0,78000,-78000,-78000
057169,微星元大98購01  ,0,0,0,0,0,0,0,0,0,-78000,0,0,0,5000,83000,-78000,-78000
060252,緯穎元大9A購02  ,0,0,0,0,0,0,0,0,0,-78000,0,0,0,95000,173000,-78000,-78000
07281P,鴻海凱基99售13  ,0,0,0,0,0,0,0,0,0,-78000,0,0,0,27000,105000,-78000,-78000
060423,智易永豐9A購01  ,0,0,0,0,0,0,0,0,0,-79000,0,0,0,0,79000,-79000,-79000
061824,聯電麥證9B購01  ,0,0,0,11000,90000,-79000,0,0,0,-79000,0,0,0,11000,90000,-79000,-79000
062097,台光電永豐9B購01,0,0,0,0,0,0,0,0,0,-79000,0,0,0,0,79000,-79000,-79000
05995P,T50正2中信9C售01,0,0,0,0,0,0,0,0,0,-79000,0,0,0,0,79000,-79000,-79000
056572,義隆元大99購01  ,0,0,0,0,0,0,0,0,0,-79000,0,0,0,30000,109000,-79000,-79000
054235,欣興群益96購06  ,0,0,0,0,0,0,0,0,0,-79000,0,0,0,1000,80000,-79000,-79000
054347,上緯控國票96購02,700000,450000,250000,0,0,0,0,0,0,-329000,0,0,0,471000,800000,-329000,-79000
059183,T50反1台新03購02,0,0,0,0,0,0,0,0,0,-79000,0,0,0,0,79000,-79000,-79000
3149,正達            ,11000,90000,-79000,0,0,0,0,0,0,0,0,0,0,0,0,0,-79000
062127,台勝科統一01購02,0,0,0,0,0,0,0,0,0,-80000,0,0,0,0,80000,-80000,-80000
062435,國巨元大9B購13  ,0,0,0,0,0,0,0,0,0,-80000,0,0,0,0,80000,-80000,-80000
062383,大立光國泰01購01,0,0,0,0,0,0,0,0,0,-80000,0,0,0,0,80000,-80000,-80000
062622,南電元大9B購03  ,0,0,0,0,0,0,0,0,0,-80000,0,0,0,0,80000,-80000,-80000
06669P,緯穎凱基98售05  ,0,0,0,0,0,0,0,0,0,-80000,0,0,0,140000,220000,-80000,-80000
06661P,玉晶光永豐98售05,0,0,0,0,0,0,0,0,0,-80000,0,0,0,34000,114000,-80000,-80000
061781,台積電群益9C購01,0,0,0,0,0,0,0,0,0,-80000,0,0,0,1000,81000,-80000,-80000
061468,神達群益9A購01  ,0,0,0,0,0,0,0,0,0,-80000,0,0,0,0,80000,-80000,-80000
054982,國巨元富97購03  ,0,0,0,0,0,0,0,0,0,-80000,0,0,0,0,80000,-80000,-80000
054530,台光電國泰97購03,0,0,0,0,0,0,0,0,0,-80000,0,0,0,0,80000,-80000,-80000
060066,欣興兆豐9B購01  ,0,0,0,0,0,0,0,0,0,-80000,0,0,0,0,80000,-80000,-80000
03414B,臺股指凱基99熊01,50000,0,50000,0,0,0,0,0,0,-130000,0,0,0,56000,186000,-130000,-80000
055667,致茂群益98購01  ,0,0,0,0,0,0,0,0,0,-80000,0,0,0,0,80000,-80000,-80000
055692,緯穎凱基97購03  ,0,0,0,0,0,0,0,0,0,-80000,0,0,0,110000,190000,-80000,-80000
055594,華新科元大98購02,0,0,0,0,0,0,0,0,0,-80000,0,0,0,0,80000,-80000,-80000
059762,禾伸堂永豐99購02,0,0,0,0,0,0,0,0,0,-80000,0,0,0,10000,90000,-80000,-80000
059153,臺股指國票99購16,0,0,0,0,0,0,0,0,0,-80000,0,0,0,95000,175000,-80000,-80000
058666,上証反群益01購01,0,0,0,0,0,0,0,0,0,-80000,0,0,0,10000,90000,-80000,-80000
058590,南電中信9A購02  ,0,0,0,0,0,0,0,0,0,-80000,0,0,0,0,80000,-80000,-80000
058572,百和凱基9A購01  ,0,0,0,0,0,0,0,0,0,-80000,0,0,0,50000,130000,-80000,-80000
07426P,上証2X國票9B售01,0,0,0,0,0,0,0,0,0,-80000,0,0,0,0,80000,-80000,-80000
07781P,高鐵凱基9A售02  ,0,0,0,0,0,0,0,0,0,-80000,0,0,0,0,80000,-80000,-80000
5225,東科-KY         ,6000,84000,-78000,0,0,0,0,0,0,-2000,2000,4000,-2000,0,0,0,-80000
060885,世紀鋼中信9A購01,0,0,0,0,0,0,0,0,0,-81000,0,0,0,12000,93000,-81000,-81000
054725,國巨日盛97購01  ,0,0,0,0,0,0,0,0,0,-81000,0,0,0,551000,632000,-81000,-81000
061111,台表科元大9A購02,0,0,0,0,0,0,0,0,0,-82000,0,0,0,110000,192000,-82000,-82000
061488,奇力新兆豐9A購01,0,0,0,0,0,0,0,0,0,-82000,0,0,0,29000,111000,-82000,-82000
061683,台灣50群益9B購09,0,0,0,0,0,0,0,0,0,-82000,0,0,0,0,82000,-82000,-82000
061809,聯發科統一9C購05,0,0,0,0,0,0,0,0,0,-82000,0,0,0,20000,102000,-82000,-82000
06506P,台郡國票99售02  ,5000,0,5000,0,0,0,0,0,0,-87000,0,0,0,30000,117000,-87000,-82000
052822,泰碩永豐97購01  ,0,0,0,0,0,0,0,0,0,-82000,0,0,0,0,82000,-82000,-82000
052452,茂林元大95購03  ,0,0,0,0,0,0,0,0,0,-82000,0,0,0,0,82000,-82000,-82000
056670,樺漢國票99購01  ,0,0,0,0,0,0,0,0,0,-82000,0,0,0,32000,114000,-82000,-82000
058153,景碩統一9B購01  ,0,0,0,0,0,0,0,0,0,-82000,0,0,0,0,82000,-82000,-82000
2617,台航            ,74000,156000,-82000,0,0,0,0,0,0,0,0,0,0,0,0,0,-82000
06706P,智原台新98售02  ,0,0,0,0,0,0,0,0,0,-83000,0,0,0,187000,270000,-83000,-83000
06750P,聯發科元富02售03,0,0,0,0,0,0,0,0,0,-83000,0,0,0,4000,87000,-83000,-83000
061547,禾伸堂群益9A購01,0,0,0,0,0,0,0,0,0,-83000,0,0,0,83000,166000,-83000,-83000
060795,世芯永豐9A購02  ,0,0,0,0,0,0,0,0,0,-83000,0,0,0,2000,85000,-83000,-83000
052167,亞泥元大96購01  ,0,0,0,0,0,0,0,0,0,-83000,0,0,0,203000,286000,-83000,-83000
058190,貿聯永豐99購01  ,0,0,0,0,0,0,0,0,0,-83000,0,0,0,1000,84000,-83000,-83000
060560,欣興國泰9C購01  ,0,0,0,0,0,0,0,0,0,-83000,0,0,0,1000,84000,-83000,-83000
058532,禾伸堂元富99購01,0,0,0,0,0,0,0,0,0,-83000,0,0,0,0,83000,-83000,-83000
058429,欣興元富99購01  ,0,0,0,0,0,0,0,0,0,-83000,0,0,0,20000,103000,-83000,-83000
059660,華新科元大9A購04,0,0,0,0,0,0,0,0,0,-83000,0,0,0,0,83000,-83000,-83000
057689,南亞科凱基99購02,0,0,0,0,0,0,0,0,0,-83000,0,0,0,0,83000,-83000,-83000
060748,臻鼎國票9A購01  ,0,0,0,0,0,0,0,0,0,-84000,0,0,0,15000,99000,-84000,-84000
060966,台表科凱基9B購01,0,0,0,0,0,0,0,0,0,-84000,0,0,0,577000,661000,-84000,-84000
07639P,緯穎國票9A售01  ,0,0,0,0,0,0,0,0,0,-84000,0,0,0,100000,184000,-84000,-84000
06042P,華新科永豐96售04,0,0,0,0,0,0,0,0,0,-85000,0,0,0,0,85000,-85000,-85000
061475,漢唐元大9A購01  ,0,0,0,0,0,0,0,0,0,-85000,0,0,0,70000,155000,-85000,-85000
061726,台積電麥證9A購05,0,0,0,0,85000,-85000,0,0,0,-85000,0,0,0,0,85000,-85000,-85000
052413,上証反中信97購01,0,0,0,0,0,0,0,0,0,-85000,0,0,0,0,85000,-85000,-85000
060097,華新科元大99購23,0,0,0,0,0,0,0,0,0,-85000,0,0,0,0,85000,-85000,-85000
060120,聯電富邦9B購01  ,0,0,0,0,0,0,0,0,0,-85000,0,0,0,0,85000,-85000,-85000
059250,大立光凱基99購06,0,0,0,0,0,0,0,0,0,-85000,0,0,0,0,85000,-85000,-85000
057112,立積群益99購01  ,0,0,0,0,0,0,0,0,0,-85000,0,0,0,0,85000,-85000,-85000
058318,致茂永豐9A購01  ,0,0,0,0,0,0,0,0,0,-85000,0,0,0,68000,153000,-85000,-85000
08637P,台灣50中信96售03,0,0,0,0,0,0,0,0,0,-85000,0,0,0,0,85000,-85000,-85000
4720,德淵            ,107000,192000,-85000,0,0,0,0,0,0,0,0,0,0,0,0,0,-85000
061266,國泰金凱基9B購01,0,0,0,0,0,0,0,0,0,-86000,0,0,0,0,86000,-86000,-86000
062208,旭富國票9C購01  ,0,0,0,0,0,0,0,0,0,-86000,0,0,0,26000,112000,-86000,-86000
062205,奇力新國票9C購01,0,0,0,0,0,0,0,0,0,-86000,0,0,0,0,86000,-86000,-86000
056710,漢唐永豐98購01  ,0,0,0,0,0,0,0,0,0,-86000,0,0,0,0,86000,-86000,-86000
056023,晶豪科群益97購01,0,0,0,0,0,0,0,0,0,-86000,0,0,0,90000,176000,-86000,-86000
059648,台表科凱基99購03,0,0,0,0,0,0,0,0,0,-86000,0,0,0,0,86000,-86000,-86000
059125,台積電第一03購02,0,0,0,0,0,0,0,0,0,-86000,0,0,0,14000,100000,-86000,-86000
058676,聯茂群益99購01  ,0,0,0,0,0,0,0,0,0,-86000,0,0,0,25000,111000,-86000,-86000
07731P,臺股指凱基9A售28,0,0,0,0,0,0,0,0,0,-86000,0,0,0,11000,97000,-86000,-86000
1762,中化生          ,782000,866000,-84000,0,0,0,0,0,0,-2000,42000,44000,-2000,0,0,0,-86000
061270,彩晶凱基9A購02  ,0,0,0,0,0,0,0,0,0,-87000,0,0,0,0,87000,-87000,-87000
061294,奇力新麥證9A購01,0,0,0,0,87000,-87000,0,0,0,-87000,0,0,0,0,87000,-87000,-87000
061104,華新科元大9A購13,0,0,0,0,0,0,0,0,0,-87000,0,0,0,68000,155000,-87000,-87000
060058,牧德凱基9B購01  ,0,0,0,0,0,0,0,0,0,-87000,0,0,0,0,87000,-87000,-87000
056260,鴻海統一98購07  ,0,0,0,0,0,0,0,0,0,-87000,0,0,0,0,87000,-87000,-87000
058021,牧德凱基98購02  ,0,0,0,0,0,0,0,0,0,-87000,0,0,0,0,87000,-87000,-87000
057054,立積元大98購03  ,0,0,0,0,0,0,0,0,0,-87000,0,0,0,0,87000,-87000,-87000
058188,華擎永豐99購01  ,0,0,0,0,0,0,0,0,0,-87000,0,0,0,29000,116000,-87000,-87000
1201,味全            ,69000,159000,-90000,0,0,0,0,0,0,3000,0,0,0,3000,0,3000,-87000
07999P,台達電凱基9B售02,0,0,0,0,0,0,0,0,0,-87000,0,0,0,24000,111000,-87000,-87000
061102,台積電元大9A購22,0,0,0,0,0,0,0,0,0,-88000,0,0,0,0,88000,-88000,-88000
062265,南茂元大9B購01  ,0,0,0,0,0,0,0,0,0,-88000,0,0,0,68000,156000,-88000,-88000
062088,緯穎元大9B購04  ,0,0,0,0,0,0,0,0,0,-88000,0,0,0,29000,117000,-88000,-88000
062049,亞德客統一01購01,0,0,0,0,0,0,0,0,0,-88000,0,0,0,120000,208000,-88000,-88000
07084P,S&P正2元富9B售02,0,0,0,0,0,0,0,0,0,-88000,0,0,0,0,88000,-88000,-88000
056288,健鼎永豐97購01  ,0,0,0,0,0,0,0,0,0,-88000,0,0,0,0,88000,-88000,-88000
058207,南茂凱基99購01  ,0,0,0,0,0,0,0,0,0,-88000,0,0,0,1000,89000,-88000,-88000
060548,友達凱基9B購03  ,0,0,0,0,0,0,0,0,0,-88000,0,0,0,11000,99000,-88000,-88000
056897,南亞科元大98購02,0,0,0,0,0,0,0,0,0,-88000,0,0,0,0,88000,-88000,-88000
1712,興農            ,141000,230000,-89000,0,0,0,0,0,0,1000,1000,0,1000,0,0,0,-88000
062748,祥碩永豐9B購02  ,0,0,0,0,0,0,0,0,0,-89000,0,0,0,0,89000,-89000,-89000
062311,奇力新凱基9B購01,0,0,0,0,0,0,0,0,0,-89000,0,0,0,0,89000,-89000,-89000
060476,瑞祺元大9A購02  ,0,0,0,0,0,0,0,0,0,-89000,0,0,0,10000,99000,-89000,-89000
061248,健策群益9A購03  ,0,0,0,0,0,0,0,0,0,-89000,0,0,0,0,89000,-89000,-89000
054527,國巨統一97購03  ,0,0,0,0,0,0,0,0,0,-89000,0,0,0,64000,153000,-89000,-89000
055053,瑞昱永豐97購01  ,0,0,0,0,0,0,0,0,0,-89000,0,0,0,110000,199000,-89000,-89000
054147,GIS元大96購02   ,0,0,0,0,0,0,0,0,0,-89000,0,0,0,0,89000,-89000,-89000
057995,華新科中信98購02,0,0,0,0,0,0,0,0,0,-89000,0,0,0,0,89000,-89000,-89000
059683,康控富邦9C購01  ,0,0,0,0,0,0,0,0,0,-89000,0,0,0,0,89000,-89000,-89000
061062,和大凱基9A購02  ,0,0,0,0,0,0,0,0,0,-90000,0,0,0,7000,97000,-90000,-90000
060826,牧德元大9B購02  ,0,0,0,0,0,0,0,0,0,-90000,0,0,0,22000,112000,-90000,-90000
06166P,大立光國票98售01,0,0,0,0,0,0,0,0,0,-90000,0,0,0,0,90000,-90000,-90000
061452,大成鋼凱基9A購01,0,0,0,0,0,0,0,0,0,-90000,0,0,0,0,90000,-90000,-90000
061983,華新科元大9B購04,0,0,0,0,0,0,0,0,0,-90000,0,0,0,50000,140000,-90000,-90000
05590P,臺股指中信96售05,0,0,0,0,0,0,0,0,0,-90000,0,0,0,0,90000,-90000,-90000
054499,台光電永豐96購02,0,0,0,0,0,0,0,0,0,-90000,0,0,0,0,90000,-90000,-90000
056130,新日興麥證97購01,0,0,0,0,90000,-90000,0,0,0,-90000,0,0,0,0,90000,-90000,-90000
056479,玉晶光元大99購05,0,0,0,0,0,0,0,0,0,-90000,0,0,0,13000,103000,-90000,-90000
059976,道瓊銀元大99購01,0,0,0,0,0,0,0,0,0,-90000,0,0,0,100000,190000,-90000,-90000
055463,國喬凱基97購01  ,0,0,0,0,0,0,0,0,0,-90000,0,0,0,0,90000,-90000,-90000
059559,T50反1凱基99購07,0,0,0,0,0,0,0,0,0,-90000,0,0,0,10000,100000,-90000,-90000
057931,正崴群益98購02  ,0,0,0,0,0,0,0,0,0,-90000,0,0,0,0,90000,-90000,-90000
058378,南電凱基99購01  ,0,0,0,0,0,0,0,0,0,-90000,0,0,0,10000,100000,-90000,-90000
058142,瑞儀元大99購01  ,0,0,0,0,0,0,0,0,0,-90000,0,0,0,0,90000,-90000,-90000
059254,台表科凱基9A購02,0,0,0,0,0,0,0,0,0,-90000,0,0,0,0,90000,-90000,-90000
058370,聯詠凱基99購01  ,0,0,0,0,0,0,0,0,0,-90000,0,0,0,36000,126000,-90000,-90000
3010,華立            ,45000,131000,-86000,0,0,0,0,0,0,-4000,3000,7000,-4000,0,0,0,-90000
062047,緯穎凱基9B購01  ,0,0,0,0,0,0,0,0,0,-91000,0,0,0,0,91000,-91000,-91000
062690,華擎統一9B購01  ,0,0,0,0,0,0,0,0,0,-91000,0,0,0,0,91000,-91000,-91000
06509P,鴻海群益98售03  ,0,0,0,0,0,0,0,0,0,-91000,0,0,0,15000,106000,-91000,-91000
053158,茂林元大96購01  ,0,0,0,0,0,0,0,0,0,-91000,0,0,0,0,91000,-91000,-91000
057650,力成元大98購04  ,0,0,0,0,0,0,0,0,0,-91000,0,0,0,50000,141000,-91000,-91000
057511,健策統一98購02  ,0,0,0,0,0,0,0,0,0,-91000,0,0,0,25000,116000,-91000,-91000
058761,欣興群益99購02  ,0,0,0,0,0,0,0,0,0,-91000,0,0,0,20000,111000,-91000,-91000
07870P,鴻海群益9B售01  ,0,0,0,0,0,0,0,0,0,-91000,0,0,0,52000,143000,-91000,-91000
06571P,欣興永豐98售03  ,0,0,0,0,0,0,0,0,0,-92000,0,0,0,55000,147000,-92000,-92000
062694,遠東新元大9B購01,0,0,0,0,0,0,0,0,0,-92000,0,0,0,0,92000,-92000,-92000
060338,鴻海統一9C購02  ,0,0,0,0,0,0,0,0,0,-92000,0,0,0,0,92000,-92000,-92000
055402,正文元富97購02  ,0,0,0,0,0,0,0,0,0,-92000,0,0,0,0,92000,-92000,-92000
052938,華新科兆豐96購01,0,0,0,0,0,0,0,0,0,-92000,0,0,0,0,92000,-92000,-92000
056219,T50反1日盛02購01,0,0,0,0,0,0,0,0,0,-92000,0,0,0,10000,102000,-92000,-92000
059157,元石油凱基9C購01,0,0,0,0,0,0,0,0,0,-92000,0,0,0,0,92000,-92000,-92000
057618,台光電凱基99購01,0,0,0,0,0,0,0,0,0,-92000,0,0,0,0,92000,-92000,-92000
059036,可成群益9B購03  ,0,0,0,0,0,0,0,0,0,-92000,0,0,0,4000,96000,-92000,-92000
059054,國巨凱基99購11  ,0,0,0,0,0,0,0,0,0,-92000,0,0,0,60000,152000,-92000,-92000
059305,台灣50元大99購02,0,0,0,0,0,0,0,0,0,-92000,0,0,0,0,92000,-92000,-92000
060350,元黃金元富9B購01,0,0,0,0,0,0,0,0,0,-92000,0,0,0,12000,104000,-92000,-92000
060411,達新永豐9A購01  ,0,0,0,0,0,0,0,0,0,-92000,0,0,0,51000,143000,-92000,-92000
2338,光罩            ,2021000,1260000,761000,0,0,0,0,738000,-738000,-115000,4000,6000,-2000,16000,129000,-113000,-92000
060337,FBVIX統一9A購01 ,0,0,0,0,0,0,0,0,0,-93000,0,0,0,40000,133000,-93000,-93000
060747,聯鈞國票9A購02  ,0,0,0,0,0,0,0,0,0,-93000,0,0,0,36000,129000,-93000,-93000
060701,玉晶光國泰9C購01,0,0,0,0,0,0,0,0,0,-93000,0,0,0,14000,107000,-93000,-93000
061949,大立光群益9B購03,0,0,0,0,0,0,0,0,0,-93000,0,0,0,0,93000,-93000,-93000
062232,聯詠麥證9C購01  ,0,0,0,0,93000,-93000,0,0,0,-93000,0,0,0,0,93000,-93000,-93000
062619,台表科元大9B購03,0,0,0,0,0,0,0,0,0,-93000,0,0,0,9000,102000,-93000,-93000
056524,欣興中信98購02  ,0,0,0,0,0,0,0,0,0,-93000,0,0,0,42000,135000,-93000,-93000
056132,台光電元大97購03,0,0,0,0,0,0,0,0,0,-93000,0,0,0,0,93000,-93000,-93000
058200,世芯康和99購01  ,0,0,0,0,0,0,0,0,0,-93000,0,0,0,1683000,1776000,-93000,-93000
057539,南茂元大98購02  ,0,0,0,0,0,0,0,0,0,-93000,0,0,0,93000,186000,-93000,-93000
057707,臺股指群益98購07,0,0,0,0,0,0,0,0,0,-93000,0,0,0,180000,273000,-93000,-93000
05978P,麗豐永豐96售02  ,0,0,0,0,0,0,0,0,0,-93000,0,0,0,0,93000,-93000,-93000
5534,長虹            ,114000,212000,-98000,0,0,0,6000,0,6000,-1000,3000,4000,-1000,0,0,0,-93000
061972,華新元大9B購01  ,0,0,0,0,0,0,0,0,0,-94000,0,0,0,68000,162000,-94000,-94000
062025,台達電群益9B購01,0,0,0,0,0,0,0,0,0,-94000,0,0,0,77000,171000,-94000,-94000
07009P,臺股指中信9B售01,0,0,0,0,0,0,0,0,0,-94000,0,0,0,23000,117000,-94000,-94000
061676,新光金元大9A購03,0,0,0,0,0,0,0,0,0,-94000,0,0,0,20000,114000,-94000,-94000
060871,台灣50中信01購03,0,0,0,0,0,0,0,0,0,-94000,0,0,0,10000,104000,-94000,-94000
061113,南電元大9A購03  ,0,0,0,0,0,0,0,0,0,-94000,0,0,0,0,94000,-94000,-94000
061181,牧德凱基9A購01  ,0,0,0,0,0,0,0,0,0,-94000,0,0,0,85000,179000,-94000,-94000
056562,奇力新群益98購01,0,0,0,0,0,0,0,0,0,-94000,0,0,0,0,94000,-94000,-94000
056418,台光電元富98購01,0,0,0,0,0,0,0,0,0,-94000,0,0,0,0,94000,-94000,-94000
00875,國泰網路資安    ,0,673000,-673000,0,0,0,0,0,0,579000,0,0,0,759000,180000,579000,-94000
060576,欣興中信9B購01  ,0,0,0,0,0,0,0,0,0,-94000,0,0,0,98000,192000,-94000,-94000
07821P,臺股指國票9A售12,0,0,0,0,0,0,0,0,0,-94000,0,0,0,52000,146000,-94000,-94000
07652P,臺股指中信9A售07,0,0,0,0,0,0,0,0,0,-94000,0,0,0,116000,210000,-94000,-94000
061438,牧德凱基9B購02  ,0,0,0,0,0,0,0,0,0,-95000,0,0,0,0,95000,-95000,-95000
061478,奇鋐元大9A購01  ,0,0,0,0,0,0,0,0,0,-95000,0,0,0,65000,160000,-95000,-95000
061509,SP黃豆富邦9C購01,0,0,0,0,0,0,0,0,0,-95000,0,0,0,0,95000,-95000,-95000
059998,華航元富99購02  ,0,0,0,0,0,0,0,0,0,-95000,0,0,0,0,95000,-95000,-95000
058025,聯茂國泰99購01  ,0,0,0,0,0,0,0,0,0,-95000,0,0,0,50000,145000,-95000,-95000
07878P,智邦群益9C售01  ,0,0,0,0,0,0,0,0,0,-95000,0,0,0,12000,107000,-95000,-95000
1519,華城            ,88000,183000,-95000,0,0,0,0,0,0,0,0,0,0,0,0,0,-95000
061342,華新科元大9A購17,0,0,0,0,0,0,0,0,0,-96000,0,0,0,2000,98000,-96000,-96000
060992,健策元大9A購05  ,0,0,0,0,0,0,0,0,0,-96000,0,0,0,30000,126000,-96000,-96000
060718,中磊永豐9A購01  ,0,0,0,0,0,0,0,0,0,-96000,0,0,0,1000,97000,-96000,-96000
062743,微星國泰01購01  ,0,0,0,0,0,0,0,0,0,-96000,0,0,0,0,96000,-96000,-96000
062082,嘉晶元大9B購01  ,0,0,0,0,0,0,0,0,0,-96000,0,0,0,11000,107000,-96000,-96000
062163,大毅國泰01購01  ,0,0,0,0,0,0,0,0,0,-96000,0,0,0,211000,307000,-96000,-96000
057767,緯穎凱基98購06  ,0,0,0,0,0,0,0,0,0,-96000,0,0,0,292000,388000,-96000,-96000
059468,智邦元大99購02  ,0,0,0,0,0,0,0,0,0,-96000,0,0,0,5000,101000,-96000,-96000
058239,景碩元大99購03  ,0,0,0,0,0,0,0,0,0,-96000,0,0,0,0,96000,-96000,-96000
062545,嘉晶永豐9B購01  ,0,0,0,0,0,0,0,0,0,-97000,0,0,0,10000,107000,-97000,-97000
056417,欣興中信98購01  ,0,0,0,0,0,0,0,0,0,-97000,0,0,0,355000,452000,-97000,-97000
054091,晶豪科群益96購01,0,0,0,0,0,0,0,0,0,-97000,0,0,0,0,97000,-97000,-97000
060222,貿聯凱基9A購02  ,0,0,0,0,0,0,0,0,0,-97000,0,0,0,22000,119000,-97000,-97000
6197,佳必琪          ,22000,120000,-98000,0,0,0,0,0,0,1000,3000,2000,1000,0,0,0,-97000
062302,聯詠中信05購02  ,0,0,0,0,0,0,0,0,0,-98000,0,0,0,0,98000,-98000,-98000
062133,大成鋼群益9B購01,0,0,0,0,0,0,0,0,0,-98000,0,0,0,0,98000,-98000,-98000
062287,康友群益9B購02  ,0,0,0,0,0,0,0,0,0,-98000,0,0,0,0,98000,-98000,-98000
062784,世芯元大9B購01  ,0,0,0,0,0,0,0,0,0,-98000,0,0,0,0,98000,-98000,-98000
061545,華新科群益9A購09,0,0,0,0,0,0,0,0,0,-98000,0,0,0,0,98000,-98000,-98000
056351,鴻海元大98購06  ,0,0,0,0,0,0,0,0,0,-98000,0,0,0,297000,395000,-98000,-98000
060060,台積電兆豐99購05,0,0,0,0,0,0,0,0,0,-98000,0,0,0,22000,120000,-98000,-98000
056141,聯茂元大97購05  ,0,0,0,0,0,0,0,0,0,-98000,0,0,0,12000,110000,-98000,-98000
059299,欣興元富99購03  ,0,0,0,0,0,0,0,0,0,-98000,0,0,0,6000,104000,-98000,-98000
058006,台郡群益98購04  ,0,0,0,0,0,0,0,0,0,-98000,0,0,0,0,98000,-98000,-98000
9946,三發地產        ,2000,100000,-98000,0,0,0,0,0,0,0,0,0,0,0,0,0,-98000
061640,智原元大9A購01  ,0,0,0,0,0,0,0,0,0,-99000,0,0,0,126000,225000,-99000,-99000
06411P,晶相光永豐97售03,0,0,0,0,0,0,0,0,0,-99000,0,0,0,55000,154000,-99000,-99000
062258,奇力新元大9B購03,0,0,0,0,0,0,0,0,0,-99000,0,0,0,0,99000,-99000,-99000
062662,友達群益9B購02  ,0,0,0,0,0,0,0,0,0,-99000,0,0,0,0,99000,-99000,-99000
060124,奇力新永豐99購03,0,0,0,0,0,0,0,0,0,-99000,0,0,0,0,99000,-99000,-99000
055589,台光電元大98購04,0,0,0,0,0,0,0,0,0,-99000,0,0,0,0,99000,-99000,-99000
05052P,友達群益97售01  ,0,0,0,0,0,0,0,0,0,-99000,0,0,0,3000,102000,-99000,-99000
060169,群電永豐9A購01  ,0,0,0,0,0,0,0,0,0,-99000,0,0,0,0,99000,-99000,-99000
1532,勤美            ,40000,142000,-102000,0,0,0,0,0,0,3000,3000,0,3000,0,0,0,-99000
07888P,大立光國票9B售01,0,0,0,0,0,0,0,0,0,-99000,0,0,0,36000,135000,-99000,-99000
07353P,大立光國票99售02,0,0,0,0,0,0,0,0,0,-99000,0,0,0,1000,100000,-99000,-99000
062698,台積電元大01購01,0,0,0,0,0,0,0,0,0,-100000,0,0,0,0,100000,-100000,-100000
061681,南電元大9A購08  ,0,0,0,0,0,0,0,0,0,-100000,0,0,0,60000,160000,-100000,-100000
061944,聯電群益9B購01  ,0,0,0,0,0,0,0,0,0,-100000,0,0,0,0,100000,-100000,-100000
061350,牧德元大9B購03  ,0,0,0,0,0,0,0,0,0,-100000,0,0,0,0,100000,-100000,-100000
060427,聯茂永豐9A購01  ,0,0,0,0,0,0,0,0,0,-100000,0,0,0,821000,921000,-100000,-100000
060948,可成第一9A購01  ,0,0,0,0,0,0,0,0,0,-100000,0,0,0,0,100000,-100000,-100000
061082,台光電兆豐9A購01,0,0,0,0,0,0,0,0,0,-100000,0,0,0,19000,119000,-100000,-100000
050378,上証2X群益98購02,0,0,0,0,0,0,0,0,0,-100000,0,0,0,703000,803000,-100000,-100000
046630,京元電元富95購03,0,0,0,0,0,0,0,0,0,-100000,0,0,0,0,100000,-100000,-100000
048874,玉晶光國票96購01,0,0,0,0,0,0,0,0,0,-100000,0,0,0,0,100000,-100000,-100000
053994,微星群益96購01  ,0,0,0,0,0,0,0,0,0,-100000,0,0,0,0,100000,-100000,-100000
055373,聯詠元大97購03  ,0,0,0,0,0,0,0,0,0,-100000,0,0,0,10000,110000,-100000,-100000
052277,台達電凱基97購01,0,0,0,0,0,0,0,0,0,-100000,0,0,0,0,100000,-100000,-100000
060015,國巨康和99購03  ,0,0,0,0,0,0,0,0,0,-100000,0,0,0,0,100000,-100000,-100000
054638,國泰金中信99購01,0,0,0,0,0,0,0,0,0,-100000,0,0,0,0,100000,-100000,-100000
054252,奇力新元大96購04,0,0,0,0,0,0,0,0,0,-100000,0,0,0,0,100000,-100000,-100000
054928,帆宣凱基98購01  ,0,0,0,0,0,0,0,0,0,-100000,0,0,0,0,100000,-100000,-100000
060276,S&P反1元大9A購03,0,0,0,0,0,0,0,0,0,-100000,0,0,0,0,100000,-100000,-100000
058372,欣興凱基99購03  ,0,0,0,0,0,0,0,0,0,-100000,0,0,0,0,100000,-100000,-100000
060617,華新科元大9A購08,0,0,0,0,0,0,0,0,0,-100000,0,0,0,13000,113000,-100000,-100000
060500,鴻海元大9A購12  ,0,0,0,0,0,0,0,0,0,-100000,0,0,0,0,100000,-100000,-100000
060360,南亞科元富9A購02,0,0,0,0,0,0,0,0,0,-100000,0,0,0,0,100000,-100000,-100000
060258,T50反1凱基9A購06,0,0,0,0,0,0,0,0,0,-100000,0,0,0,0,100000,-100000,-100000
058261,大立光富邦03購01,0,0,0,0,0,0,0,0,0,-100000,0,0,0,0,100000,-100000,-100000
057048,新日興元大98購01,0,0,0,0,0,0,0,0,0,-100000,0,0,0,0,100000,-100000,-100000
057961,茂林元大9A購01  ,0,0,0,0,0,0,0,0,0,-100000,0,0,0,0,100000,-100000,-100000
057537,聯茂元大98購04  ,0,0,0,0,0,0,0,0,0,-100000,0,0,0,0,100000,-100000,-100000
058108,台郡台新99購01  ,0,0,0,0,0,0,0,0,0,-100000,0,0,0,0,100000,-100000,-100000
058048,群創元大9B購07  ,0,0,0,0,0,0,0,0,0,-100000,0,0,0,0,100000,-100000,-100000
05950P,台積電國票97售04,0,0,0,0,0,0,0,0,0,-100000,0,0,0,0,100000,-100000,-100000
056989,鴻海兆豐98購02  ,0,0,0,0,0,0,0,0,0,-100000,0,0,0,0,100000,-100000,-100000
058754,元油2X群益99購02,0,0,0,0,0,0,0,0,0,-100000,0,0,0,0,100000,-100000,-100000
059074,元油2X元大9C購15,0,0,0,0,0,0,0,0,0,-100000,0,0,0,65000,165000,-100000,-100000
07381P,鴻海群益99售05  ,0,0,0,0,0,0,0,0,0,-100000,0,0,0,0,100000,-100000,-100000
07750P,台表科凱基9A售04,0,0,0,0,0,0,0,0,0,-100000,0,0,0,0,100000,-100000,-100000
1611,中電            ,30000,130000,-100000,0,0,0,0,0,0,0,0,0,0,0,0,0,-100000
060418,中橡永豐9A購01  ,0,0,0,0,0,0,0,0,0,-101000,0,0,0,66000,167000,-101000,-101000
061719,緯穎凱基9A購06  ,0,0,0,0,0,0,0,0,0,-101000,0,0,0,10000,111000,-101000,-101000
062564,矽創凱基9B購01  ,0,0,0,0,0,0,0,0,0,-101000,0,0,0,210000,311000,-101000,-101000
055798,聯茂富邦98購01  ,0,0,0,0,0,0,0,0,0,-101000,0,0,0,103000,204000,-101000,-101000
060115,南電元大99購06  ,0,0,0,0,0,0,0,0,0,-101000,0,0,0,0,101000,-101000,-101000
053349,台郡國票97購02  ,0,0,0,0,0,0,0,0,0,-101000,0,0,0,0,101000,-101000,-101000
059461,鈺齊永豐99購03  ,0,0,0,0,0,0,0,0,0,-101000,0,0,0,121000,222000,-101000,-101000
057730,聯鈞國泰9A購01  ,0,0,0,0,0,0,0,0,0,-101000,0,0,0,8000,109000,-101000,-101000
062377,力成元大9B購01  ,0,0,0,0,0,0,0,0,0,-102000,0,0,0,30000,132000,-102000,-102000
062084,台郡元大9B購04  ,0,0,0,0,0,0,0,0,0,-102000,0,0,0,73000,175000,-102000,-102000
052611,力成元大96購02  ,0,0,0,0,0,0,0,0,0,-102000,0,0,0,10000,112000,-102000,-102000
055762,智伸科群益97購01,0,0,0,0,0,0,0,0,0,-102000,0,0,0,0,102000,-102000,-102000
058054,台積電統一9C購01,0,0,0,0,0,0,0,0,0,-102000,0,0,0,50000,152000,-102000,-102000
057958,禾伸堂元大99購05,0,0,0,0,0,0,0,0,0,-102000,0,0,0,22000,124000,-102000,-102000
056822,佐登永豐98購01  ,0,0,0,0,0,0,0,0,0,-102000,0,0,0,0,102000,-102000,-102000
060278,道瓊反元大9A購03,0,0,0,0,0,0,0,0,0,-102000,0,0,0,2000,104000,-102000,-102000
062263,康控元大9B購03  ,0,0,0,0,0,0,0,0,0,-103000,0,0,0,50000,153000,-103000,-103000
062569,南電中信01購01  ,0,0,0,0,0,0,0,0,0,-103000,0,0,0,0,103000,-103000,-103000
062669,微星中信03購01  ,0,0,0,0,0,0,0,0,0,-103000,0,0,0,0,103000,-103000,-103000
061914,台光電中信9B購01,0,0,0,0,0,0,0,0,0,-103000,0,0,0,0,103000,-103000,-103000
060183,南亞科元富9A購01,0,0,0,0,0,0,0,0,0,-103000,0,0,0,81000,184000,-103000,-103000
060385,台勝科凱基9A購01,0,0,0,0,0,0,0,0,0,-103000,0,0,0,78000,181000,-103000,-103000
1710,東聯            ,1229000,1339000,-110000,0,0,0,0,0,0,7000,37000,30000,7000,0,0,0,-103000
062424,聯發科統一9C購08,0,0,0,0,0,0,0,0,0,-104000,0,0,0,25000,129000,-104000,-104000
054130,漢唐元大97購02  ,0,0,0,0,0,0,0,0,0,-104000,0,0,0,0,104000,-104000,-104000
060098,華新科元大99購24,0,0,0,0,0,0,0,0,0,-104000,0,0,0,14000,118000,-104000,-104000
059355,國巨富邦9B購03  ,0,20000,-20000,0,0,0,0,0,0,-84000,0,0,0,20000,104000,-84000,-104000
07927P,國巨統一9B售08  ,0,0,0,0,0,0,0,0,0,-104000,0,0,0,10000,114000,-104000,-104000
062464,T50反1凱基9C購03,0,0,0,0,0,0,0,0,0,-105000,0,0,0,0,105000,-105000,-105000
061991,牧德元大9C購01  ,0,0,0,0,0,0,0,0,0,-105000,0,0,0,0,105000,-105000,-105000
06980P,緯穎永豐99售02  ,0,0,0,0,0,0,0,0,0,-105000,0,0,0,0,105000,-105000,-105000
060922,金像電永豐9A購01,50000,50000,0,0,0,0,0,0,0,-105000,0,0,0,101000,206000,-105000,-105000
060713,聯詠永豐9A購01  ,0,0,0,0,0,0,0,0,0,-105000,0,0,0,0,105000,-105000,-105000
060336,南電康和9A購01  ,0,0,0,0,0,0,0,0,0,-105000,0,0,0,0,105000,-105000,-105000
056135,緯創元大98購01  ,0,0,0,0,0,0,0,0,0,-105000,0,0,0,26000,131000,-105000,-105000
050902,南電元大96購01  ,0,0,0,0,0,0,0,0,0,-105000,0,0,0,0,105000,-105000,-105000
059375,道瓊反群益9C購02,0,0,0,0,0,0,0,0,0,-105000,0,0,0,305000,410000,-105000,-105000
057595,健鼎兆豐98購01  ,0,0,0,0,0,0,0,0,0,-105000,0,0,0,20000,125000,-105000,-105000
07377P,聯發科元大99售40,0,0,0,0,0,0,0,0,0,-105000,0,0,0,0,105000,-105000,-105000
07401P,台積電凱基99售21,0,0,0,0,0,0,0,0,0,-105000,0,0,0,0,105000,-105000,-105000
07524P,臺股指中信9B售06,0,0,0,0,0,0,0,0,0,-105000,0,0,0,0,105000,-105000,-105000
3376,新日興          ,482000,196094,285906,0,0,0,0,316000,-316000,-75000,3000,81000,-78000,20000,17000,3000,-105094
06698P,玉晶光國票99售05,0,0,0,0,0,0,0,0,0,-106000,0,0,0,0,106000,-106000,-106000
062081,華新科元大9B購06,0,0,0,0,0,0,0,0,0,-106000,0,0,0,10000,116000,-106000,-106000
054767,日電貿國票98購01,0,0,0,0,0,0,0,0,0,-106000,0,0,0,2000,108000,-106000,-106000
059995,南亞科元富99購01,0,0,0,0,0,0,0,0,0,-106000,0,0,0,10000,116000,-106000,-106000
058061,貿聯元富9B購01  ,0,0,0,0,0,0,0,0,0,-106000,0,0,0,78000,184000,-106000,-106000
060676,京元電元大9A購03,0,0,0,0,0,0,0,0,0,-106000,0,0,0,52000,158000,-106000,-106000
07913P,友達元大01售01  ,0,0,0,0,0,0,0,0,0,-106000,0,0,0,0,106000,-106000,-106000
06332P,世紀鋼群益98售01,0,0,0,0,0,0,0,0,0,-107000,0,0,0,60000,167000,-107000,-107000
061227,日月光中信9B購01,0,0,0,0,0,0,0,0,0,-107000,0,0,0,26000,133000,-107000,-107000
060736,旺宏統一01購01  ,0,0,0,0,0,0,0,0,0,-107000,0,0,0,23000,130000,-107000,-107000
060954,國泰金群益9A購02,0,0,0,0,0,0,0,0,0,-107000,0,0,0,87000,194000,-107000,-107000
061800,泰鼎永豐9B購01  ,0,0,0,0,0,0,0,0,0,-107000,0,0,0,27000,134000,-107000,-107000
061717,力成凱基9B購01  ,0,0,0,0,0,0,0,0,0,-107000,0,0,0,6000,113000,-107000,-107000
058139,臻鼎元大99購01  ,0,0,0,0,0,0,0,0,0,-107000,0,0,0,13000,120000,-107000,-107000
059997,華航元富99購01  ,0,0,0,0,0,0,0,0,0,-108000,0,0,0,0,108000,-108000,-108000
056269,新日興統一98購01,0,0,0,0,0,0,0,0,0,-108000,0,0,0,0,108000,-108000,-108000
07578P,高鐵元大9A售02  ,0,0,0,0,0,0,0,0,0,-108000,0,0,0,0,108000,-108000,-108000
8039,台虹            ,175000,324000,-149000,0,0,0,0,0,0,41000,7000,0,7000,39000,5000,34000,-108000
061906,統一中信9B購01  ,0,0,0,0,0,0,0,0,0,-109000,0,0,0,129000,238000,-109000,-109000
061126,京元電永豐9A購02,0,0,0,0,0,0,0,0,0,-109000,0,0,0,19000,128000,-109000,-109000
061059,世芯國票9B購01  ,0,0,0,0,0,0,0,0,0,-109000,0,0,0,38000,147000,-109000,-109000
07164P,臺股指群益99售15,0,0,0,0,0,0,0,0,0,-109000,0,0,0,0,109000,-109000,-109000
062384,聯詠國泰9C購01  ,0,0,0,0,0,0,0,0,0,-109000,0,0,0,0,109000,-109000,-109000
062562,瑞儀凱基9B購02  ,0,0,0,0,0,0,0,0,0,-109000,0,0,0,60000,169000,-109000,-109000
04731P,臺股指中信96售03,0,0,0,0,0,0,0,0,0,-109000,0,0,0,51000,160000,-109000,-109000
6226,光鼎            ,272000,386000,-114000,0,0,0,0,0,0,5000,5000,0,5000,0,0,0,-109000
07476P,鴻海群益9A售04  ,0,0,0,0,0,0,0,0,0,-109000,0,0,0,1000,110000,-109000,-109000
07944P,華新科元大9B售08,0,0,0,0,0,0,0,0,0,-109000,0,0,0,113000,222000,-109000,-109000
2312,金寶            ,1371000,1573575,-202575,0,0,0,0,0,0,93000,28000,0,28000,65000,0,65000,-109575
062506,巨大群益9C購01  ,0,0,0,0,0,0,0,0,0,-110000,0,0,0,310000,420000,-110000,-110000
062413,台光電中信9B購02,0,0,0,0,0,0,0,0,0,-110000,0,0,0,0,110000,-110000,-110000
062378,台表科元大9C購01,0,0,0,0,0,0,0,0,0,-110000,0,0,0,20000,130000,-110000,-110000
062157,聯發科凱基9B購08,0,0,0,0,0,0,0,0,0,-110000,0,0,0,90000,200000,-110000,-110000
07131P,緯穎元大99售06  ,0,0,0,0,0,0,0,0,0,-110000,0,0,0,20000,130000,-110000,-110000
060990,新光金元大9B購03,0,0,0,0,0,0,0,0,0,-110000,0,0,0,0,110000,-110000,-110000
060793,微星永豐9A購01  ,0,0,0,0,0,0,0,0,0,-110000,0,0,0,65000,175000,-110000,-110000
053320,華新科群益97購01,0,0,0,0,0,0,0,0,0,-110000,0,0,0,31000,141000,-110000,-110000
054045,奇力新元大97購03,0,0,0,0,0,0,0,0,0,-110000,0,0,0,0,110000,-110000,-110000
054642,訊芯中信9A購01  ,0,0,0,0,0,0,0,0,0,-110000,0,0,0,0,110000,-110000,-110000
055248,可成統一97購02  ,0,0,0,0,0,0,0,0,0,-110000,0,0,0,0,110000,-110000,-110000
059826,欣興凱基99購06  ,0,0,0,0,0,0,0,0,0,-110000,0,0,0,0,110000,-110000,-110000
058298,聯茂凱基99購05  ,0,0,0,0,0,0,0,0,0,-110000,0,0,0,0,110000,-110000,-110000
059763,華擎永豐99購03  ,0,0,0,0,0,0,0,0,0,-110000,0,0,0,0,110000,-110000,-110000
07977P,華新科群益01售01,0,0,0,0,0,0,0,0,0,-110000,0,0,0,20000,130000,-110000,-110000
07408P,台積電兆豐99售06,0,0,0,0,0,0,0,0,0,-110000,0,0,0,0,110000,-110000,-110000
07608P,台灣50國票9C售03,0,0,0,0,0,0,0,0,0,-110000,0,0,0,0,110000,-110000,-110000
07557P,玉晶光元大9A售09,0,0,0,0,0,0,0,0,0,-110000,0,0,0,20000,130000,-110000,-110000
060907,金像電元大9A購02,0,0,0,0,0,0,0,0,0,-111000,0,0,0,142000,253000,-111000,-111000
062596,緯穎統一01購02  ,0,0,0,0,0,0,0,0,0,-111000,0,0,0,0,111000,-111000,-111000
055846,大立光元大97購09,0,0,0,0,0,0,0,0,0,-111000,0,0,0,0,111000,-111000,-111000
060043,全新群益9B購02  ,0,0,0,0,0,0,0,0,0,-111000,0,0,0,11000,122000,-111000,-111000
058294,華新科凱基9A購01,0,0,0,0,0,0,0,0,0,-111000,0,0,0,0,111000,-111000,-111000
058322,玉晶光永豐99購02,0,0,0,0,0,0,0,0,0,-111000,0,0,0,56000,167000,-111000,-111000
05731P,創意統一96售03  ,0,0,0,0,0,0,0,0,0,-111000,0,0,0,0,111000,-111000,-111000
056615,燿華永豐98購02  ,0,0,0,0,0,0,0,0,0,-111000,0,0,0,138000,249000,-111000,-111000
059283,康友永豐99購02  ,0,0,0,0,0,0,0,0,0,-111000,0,0,0,13000,124000,-111000,-111000
058266,宏達電永豐99購01,0,0,0,0,0,0,0,0,0,-111000,0,0,0,0,111000,-111000,-111000
060162,碩天永豐9A購01  ,0,0,0,0,0,0,0,0,0,-111000,0,0,0,5000,116000,-111000,-111000
061205,旺宏元大9A購11  ,0,0,0,0,0,0,0,0,0,-112000,0,0,0,3000,115000,-112000,-112000
061638,國泰金元大9A購03,0,0,0,0,0,0,0,0,0,-112000,0,0,0,78000,190000,-112000,-112000
055255,欣興統一97購02  ,0,0,0,0,0,0,0,0,0,-112000,0,0,0,524000,636000,-112000,-112000
060532,欣興中信9A購01  ,0,0,0,0,0,0,0,0,0,-112000,0,0,0,62000,174000,-112000,-112000
2405,浩鑫            ,65000,177000,-112000,0,0,0,0,0,0,0,0,0,0,0,0,0,-112000
6452,康友-KY         ,45000,134000,-89000,0,0,0,0,0,0,-23000,0,0,0,0,23000,-23000,-112000
062650,南電富邦01購01  ,0,0,0,0,0,0,0,0,0,-113000,0,0,0,0,113000,-113000,-113000
03670C,元油2X元富99牛01,0,0,0,0,0,0,0,0,0,-113000,0,0,0,7000,120000,-113000,-113000
3450,聯鈞            ,866000,923000,-57000,0,0,0,0,66000,-66000,10000,3000,0,3000,16000,9000,7000,-113000
062797,瑞昱統一9B購01  ,0,0,0,0,0,0,0,0,0,-114000,0,0,0,0,114000,-114000,-114000
061413,台勝科群益9A購01,0,0,0,0,0,0,0,0,0,-114000,0,0,0,11000,125000,-114000,-114000
061271,聯茂凱基9A購04  ,0,0,0,0,0,0,0,0,0,-114000,0,0,0,51000,165000,-114000,-114000
060929,健策永豐9A購01  ,0,0,0,0,0,0,0,0,0,-114000,0,0,0,24000,138000,-114000,-114000
03657C,T50反1元大99牛01,0,0,0,0,0,0,0,0,0,-114000,0,0,0,92000,206000,-114000,-114000
055350,聯發科凱基97購02,0,0,0,0,0,0,0,0,0,-114000,0,0,0,15000,129000,-114000,-114000
060030,晶相光永豐99購03,0,0,0,0,0,0,0,0,0,-114000,0,0,0,2000,116000,-114000,-114000
057239,貿聯凱基98購05  ,0,0,0,0,0,0,0,0,0,-114000,0,0,0,24000,138000,-114000,-114000
058622,國巨國票99購07  ,0,0,0,0,0,0,0,0,0,-114000,0,0,0,19000,133000,-114000,-114000
07975P,國巨元大9B售15  ,0,0,0,0,0,0,0,0,0,-114000,0,0,0,77000,191000,-114000,-114000
6582,申豐            ,55000,169000,-114000,0,0,0,0,0,0,0,0,0,0,0,0,0,-114000
060445,S&P反1元大9A購04,0,0,0,0,0,0,0,0,0,-115000,0,0,0,0,115000,-115000,-115000
062158,禾伸堂凱基9B購01,0,0,0,0,0,0,0,0,0,-115000,0,0,0,0,115000,-115000,-115000
060121,新光金富邦99購01,0,0,0,0,0,0,0,0,0,-115000,0,0,0,0,115000,-115000,-115000
052604,建準元大97購01  ,0,0,0,0,0,0,0,0,0,-115000,0,0,0,255000,370000,-115000,-115000
052229,奇力新凱基96購01,0,0,0,0,0,0,0,0,0,-115000,0,0,0,0,115000,-115000,-115000
059004,嘉晶元大99購05  ,0,0,0,0,0,0,0,0,0,-115000,0,0,0,169000,284000,-115000,-115000
060540,南亞凱基9A購01  ,0,0,0,0,0,0,0,0,0,-115000,0,0,0,1000,116000,-115000,-115000
07968P,國巨元大9B售09  ,0,0,0,0,0,0,0,0,0,-115000,0,0,0,30000,145000,-115000,-115000
3026,禾伸堂          ,601000,560000,41000,0,0,0,0,0,0,-156000,18000,151000,-133000,8000,31000,-23000,-115000
062043,牧德凱基9B購04  ,0,0,0,0,0,0,0,0,0,-116000,0,0,0,0,116000,-116000,-116000
061470,鈺齊群益9A購02  ,0,0,0,0,0,0,0,0,0,-116000,0,0,0,0,116000,-116000,-116000
056714,晶相光永豐98購02,0,0,0,0,0,0,0,0,0,-116000,0,0,0,0,116000,-116000,-116000
060238,強茂元大9C購01  ,0,0,0,0,0,0,0,0,0,-116000,0,0,0,90000,206000,-116000,-116000
059851,晶相光永豐99購02,0,0,0,0,0,0,0,0,0,-116000,0,0,0,0,116000,-116000,-116000
062644,中環國泰9C購01  ,0,0,0,0,0,0,0,0,0,-117000,0,0,0,0,117000,-117000,-117000
062340,力成麥證9B購01  ,0,0,0,0,117000,-117000,0,0,0,-117000,0,0,0,0,117000,-117000,-117000
06743P,創意永豐98售03  ,0,0,0,0,0,0,0,0,0,-117000,0,0,0,27000,144000,-117000,-117000
060057,欣興凱基9B購01  ,0,0,0,0,0,0,0,0,0,-117000,0,0,0,5000,122000,-117000,-117000
055349,京元電凱基97購02,0,0,0,0,0,0,0,0,0,-117000,0,0,0,0,117000,-117000,-117000
059257,臺股指凱基99購35,0,0,0,0,0,0,0,0,0,-117000,0,0,0,0,117000,-117000,-117000
058312,大毅國泰9B購01  ,0,0,0,0,0,0,0,0,0,-117000,0,0,0,10000,127000,-117000,-117000
060292,聯詠元大9A購01  ,0,0,0,0,0,0,0,0,0,-117000,0,0,0,26000,143000,-117000,-117000
058885,元石油元大9C購02,0,0,0,0,0,0,0,0,0,-117000,0,0,0,0,117000,-117000,-117000
062367,禾伸堂元大9B購02,0,0,0,0,0,0,0,0,0,-118000,0,0,0,0,118000,-118000,-118000
061625,聯茂群益9A購02  ,0,0,0,0,0,0,0,0,0,-118000,0,0,0,152000,270000,-118000,-118000
061938,大立光國票9B購03,0,0,0,0,0,0,0,0,0,-118000,0,0,0,0,118000,-118000,-118000
052102,台泥兆豐96購01  ,0,0,0,0,0,0,0,0,0,-118000,0,0,0,80000,198000,-118000,-118000
056835,聯電元富99購01  ,0,0,0,0,0,0,0,0,0,-118000,0,0,0,85000,203000,-118000,-118000
058516,健鼎元大99購02  ,0,0,0,0,0,0,0,0,0,-118000,0,0,0,34000,152000,-118000,-118000
1309,台達化          ,728000,927000,-199000,0,0,0,0,0,0,81000,81000,0,81000,0,0,0,-118000
062349,新日興群益9B購02,0,0,0,0,0,0,0,0,0,-119000,0,0,0,0,119000,-119000,-119000
052561,矽創國票97購01  ,0,0,0,0,0,0,0,0,0,-119000,0,0,0,0,119000,-119000,-119000
046629,群創統一98購01  ,0,0,0,0,0,0,0,0,0,-119000,0,0,0,10000,129000,-119000,-119000
058536,群創統一9B購01  ,0,0,0,0,0,0,0,0,0,-119000,0,0,0,0,119000,-119000,-119000
06016P,京元電凱基96售03,0,0,0,0,0,0,0,0,0,-119000,0,0,0,6000,125000,-119000,-119000
07212P,聯發科凱基99售14,0,0,0,0,0,0,0,0,0,-120000,0,0,0,0,120000,-120000,-120000
061845,SP黃豆國票9B購02,0,0,0,0,0,0,0,0,0,-120000,0,0,0,0,120000,-120000,-120000
060847,康控國票9A購01  ,0,0,0,0,0,0,0,0,0,-120000,0,0,0,80000,200000,-120000,-120000
052054,台表科凱基96購01,0,0,0,0,0,0,0,0,0,-120000,0,0,0,0,120000,-120000,-120000
057326,景碩群益99購02  ,0,0,0,0,0,0,0,0,0,-120000,0,0,0,0,120000,-120000,-120000
058731,貿聯永豐99購02  ,0,0,0,0,0,0,0,0,0,-120000,0,0,0,0,120000,-120000,-120000
07458P,長榮航元大9A售01,0,0,0,0,0,0,0,0,0,-120000,0,0,0,0,120000,-120000,-120000
07455P,聯發科元大9A售01,0,0,0,0,0,0,0,0,0,-120000,0,0,0,0,120000,-120000,-120000
06653P,美食元大98售02  ,0,0,0,0,0,0,0,0,0,-121000,0,0,0,324000,445000,-121000,-121000
062360,華邦電元大9B購01,0,0,0,0,0,0,0,0,0,-121000,0,0,0,34000,155000,-121000,-121000
056573,華新科元大99購06,0,0,0,0,0,0,0,0,0,-121000,0,0,0,39000,160000,-121000,-121000
058262,大立光富邦9C購02,0,0,0,0,0,0,0,0,0,-121000,0,0,0,10000,131000,-121000,-121000
060233,宏碁元大9A購01  ,0,0,0,0,0,0,0,0,0,-121000,0,0,0,119000,240000,-121000,-121000
057493,聯詠元大98購02  ,0,0,0,0,0,0,0,0,0,-121000,0,0,0,12000,133000,-121000,-121000
07580P,緯穎元大9A售03  ,0,0,0,0,0,0,0,0,0,-121000,0,0,0,20000,141000,-121000,-121000
07825P,健策國泰9B售04  ,0,0,0,0,0,0,0,0,0,-121000,0,0,0,564000,685000,-121000,-121000
056588,聯發科統一9A購02,0,0,0,0,0,0,0,0,0,-122000,0,0,0,30000,152000,-122000,-122000
060253,昇陽半元大9C購01,0,0,0,0,0,0,0,0,0,-122000,0,0,0,0,122000,-122000,-122000
060521,鴻海中信01購03  ,0,0,0,0,0,0,0,0,0,-122000,0,0,0,10000,132000,-122000,-122000
059295,大立光元富99購05,0,0,0,0,0,0,0,0,0,-122000,0,0,0,89000,211000,-122000,-122000
058943,元石油群益9C購01,0,0,0,0,0,0,0,0,0,-122000,0,0,0,0,122000,-122000,-122000
062459,聯詠群益9B購01  ,0,0,0,0,0,0,0,0,0,-123000,0,0,0,0,123000,-123000,-123000
062803,嘉晶統一9B購02  ,0,0,0,0,0,0,0,0,0,-123000,0,0,0,0,123000,-123000,-123000
061339,京元電元大9A購05,0,0,0,0,0,0,0,0,0,-123000,0,0,0,40000,163000,-123000,-123000
057624,新日興國泰99購01,0,0,0,0,0,0,0,0,0,-123000,0,0,0,105000,228000,-123000,-123000
060172,智原台新9A購01  ,0,0,0,0,0,0,0,0,0,-123000,0,0,0,10000,133000,-123000,-123000
057444,台泥元富98購01  ,0,0,0,0,0,0,0,0,0,-124000,0,0,0,244000,368000,-124000,-124000
060511,群創元大9B購08  ,0,0,0,0,0,0,0,0,0,-124000,0,0,0,136000,260000,-124000,-124000
059292,華新科元富9B購02,0,0,0,0,0,0,0,0,0,-124000,0,0,0,0,124000,-124000,-124000
058215,貿聯群益99購02  ,0,0,0,0,0,0,0,0,0,-124000,0,0,0,90000,214000,-124000,-124000
057287,彩晶元大9C購03  ,0,0,0,0,0,0,0,0,0,-124000,0,0,0,0,124000,-124000,-124000
061574,大毅元大9B購01  ,0,0,0,0,0,0,0,0,0,-125000,0,0,0,35000,160000,-125000,-125000
061588,聯發科富邦9B購07,0,0,0,0,0,0,0,0,0,-125000,0,0,0,42000,167000,-125000,-125000
052837,友達國泰97購01  ,0,0,0,0,0,0,0,0,0,-125000,0,0,0,0,125000,-125000,-125000
053364,友達國泰98購01  ,0,0,0,0,0,0,0,0,0,-125000,0,0,0,0,125000,-125000,-125000
057199,台達電元富02購01,0,0,0,0,0,0,0,0,0,-125000,0,0,0,316000,441000,-125000,-125000
060188,華新科元富9A購03,0,0,0,0,0,0,0,0,0,-125000,0,0,0,0,125000,-125000,-125000
060227,和大元大9A購01  ,0,0,0,0,0,0,0,0,0,-125000,0,0,0,18000,143000,-125000,-125000
057819,新日興元大99購01,0,0,0,0,0,0,0,0,0,-125000,0,0,0,6000,131000,-125000,-125000
059623,聯電凱基99購02  ,0,0,0,0,0,0,0,0,0,-125000,0,0,0,25000,150000,-125000,-125000
07416P,台積電元大99售53,0,0,0,0,0,0,0,0,0,-125000,0,0,0,0,125000,-125000,-125000
06153P,健策元大97售04  ,0,0,0,0,0,0,0,0,0,-126000,0,0,0,9000,135000,-126000,-126000
060707,台郡富邦9A購01  ,0,0,0,0,0,0,0,0,0,-126000,0,0,0,0,126000,-126000,-126000
062313,聯詠凱基9C購01  ,0,0,0,0,0,0,0,0,0,-126000,0,0,0,0,126000,-126000,-126000
053998,泰鼎群益98購01  ,0,0,0,0,0,0,0,0,0,-126000,0,0,0,3000,129000,-126000,-126000
056726,友達日盛9A購01  ,0,0,0,0,0,0,0,0,0,-126000,0,0,0,0,126000,-126000,-126000
060514,南電元大9A購02  ,0,0,0,0,0,0,0,0,0,-126000,0,0,0,0,126000,-126000,-126000
057283,欣興元大98購07  ,0,0,0,0,0,0,0,0,0,-126000,0,0,0,7000,133000,-126000,-126000
059823,奇力新凱基99購07,0,0,0,0,0,0,0,0,0,-126000,0,0,0,0,126000,-126000,-126000
062568,緯穎中信9C購01  ,0,0,0,0,0,0,0,0,0,-127000,0,0,0,30000,157000,-127000,-127000
052809,訊芯元大97購01  ,0,0,0,0,0,0,0,0,0,-127000,0,0,0,3000,130000,-127000,-127000
060308,劍麟永豐9A購01  ,0,0,0,0,0,0,0,0,0,-127000,0,0,0,20000,147000,-127000,-127000
057671,群創元大9B購06  ,0,0,0,0,0,0,0,0,0,-127000,0,0,0,0,127000,-127000,-127000
07651P,道瓊指中信01售01,0,0,0,0,0,0,0,0,0,-127000,0,0,0,0,127000,-127000,-127000
06853P,華擎元富98售03  ,0,0,0,0,0,0,0,0,0,-128000,0,0,0,140000,268000,-128000,-128000
055963,欣興元大97購04  ,0,0,0,0,0,0,0,0,0,-129000,0,0,0,75000,204000,-129000,-129000
059006,樺漢元大99購01  ,0,0,0,0,0,0,0,0,0,-129000,0,0,0,30000,159000,-129000,-129000
059807,大立光元富99購09,57000,55000,2000,0,0,0,0,0,0,-131000,0,0,0,108000,239000,-131000,-129000
062802,宏達電統一9B購01,0,0,0,0,0,0,0,0,0,-130000,0,0,0,0,130000,-130000,-130000
062391,台達電富邦9C購01,0,0,0,0,0,0,0,0,0,-130000,0,0,0,20000,150000,-130000,-130000
058802,矽創元大99購02  ,0,0,0,0,0,0,0,0,0,-130000,0,0,0,42000,172000,-130000,-130000
057712,南亞科統一9A購01,0,0,0,0,0,0,0,0,0,-130000,0,0,0,0,130000,-130000,-130000
060309,佳世達永豐9A購01,0,0,0,0,0,0,0,0,0,-130000,0,0,0,0,130000,-130000,-130000
058392,元油2X元大99購12,0,0,0,0,0,0,0,0,0,-130000,0,0,0,0,130000,-130000,-130000
058360,台光電凱基9A購02,0,0,0,0,0,0,0,0,0,-130000,0,0,0,0,130000,-130000,-130000
07263P,台積電元大99售37,0,0,0,0,0,0,0,0,0,-130000,0,0,0,0,130000,-130000,-130000
062552,南電永豐9B購01  ,0,0,0,0,0,0,0,0,0,-131000,0,0,0,0,131000,-131000,-131000
061815,奇力新群益9B購02,0,0,0,0,0,0,0,0,0,-131000,0,0,0,0,131000,-131000,-131000
061877,貿聯元大9B購01  ,0,0,0,0,0,0,0,0,0,-131000,0,0,0,42000,173000,-131000,-131000
059831,聯詠康和99購01  ,0,0,0,0,0,0,0,0,0,-131000,0,0,0,0,131000,-131000,-131000
054148,矽創元大96購03  ,0,0,0,0,0,0,0,0,0,-132000,0,0,0,91000,223000,-132000,-132000
054381,世芯群益98購01  ,0,0,0,0,0,0,0,0,0,-132000,0,0,0,86000,218000,-132000,-132000
060133,牧德群益9B購01  ,0,0,0,0,0,0,0,0,0,-132000,0,0,0,0,132000,-132000,-132000
059999,緯穎元富99購01  ,0,0,0,0,0,0,0,0,0,-132000,0,0,0,206000,338000,-132000,-132000
060505,友達元大9C購05  ,0,0,0,0,0,0,0,0,0,-132000,0,0,0,12000,144000,-132000,-132000
059147,矽創國票99購01  ,0,0,0,0,0,0,0,0,0,-132000,0,0,0,0,132000,-132000,-132000
061750,台達電台新9B購01,0,0,0,0,0,0,0,0,0,-133000,0,0,0,32000,165000,-133000,-133000
060784,鴻海富邦9C購01  ,0,0,0,0,0,0,0,0,0,-133000,0,0,0,48000,181000,-133000,-133000
061232,和大元大9A購03  ,0,0,0,0,0,0,0,0,0,-133000,0,0,0,0,133000,-133000,-133000
061006,新光金兆豐9A購01,0,0,0,0,0,0,0,0,0,-133000,0,0,0,0,133000,-133000,-133000
06725P,聯電元富98售01  ,0,0,0,0,0,0,0,0,0,-133000,0,0,0,107000,240000,-133000,-133000
060166,佐登永豐9A購01  ,0,0,0,0,0,0,0,0,0,-133000,0,0,0,5000,138000,-133000,-133000
060933,南電永豐9A購02  ,0,0,0,0,0,0,0,0,0,-134000,0,0,0,10000,144000,-134000,-134000
054093,智原群益97購01  ,0,0,0,0,0,0,0,0,0,-134000,0,0,0,0,134000,-134000,-134000
060762,長榮航元大9A購02,0,0,0,0,0,0,0,0,0,-135000,0,0,0,0,135000,-135000,-135000
055235,金寶台新98購01  ,0,0,0,0,0,0,0,0,0,-135000,0,0,0,30000,165000,-135000,-135000
058438,大立光統一9B購01,0,0,0,0,0,0,0,0,0,-135000,0,0,0,0,135000,-135000,-135000
059459,訊芯永豐99購04  ,0,0,0,0,0,0,0,0,0,-135000,0,0,0,118000,253000,-135000,-135000
2481,強茂            ,866000,717000,149000,0,0,0,0,300000,-300000,16000,10000,0,10000,13000,7000,6000,-135000
061076,台達電兆豐9A購01,0,0,0,0,0,0,0,0,0,-136000,0,0,0,200000,336000,-136000,-136000
061430,致新元大9A購01  ,0,0,0,0,0,0,0,0,0,-136000,0,0,0,279000,415000,-136000,-136000
06736P,新日興凱基98售03,0,0,0,0,0,0,0,0,0,-136000,0,0,0,25000,161000,-136000,-136000
061356,南電元大9A購06  ,0,0,0,0,0,0,0,0,0,-137000,0,0,0,0,137000,-137000,-137000
060894,奇力新凱基9A購03,0,0,0,0,0,0,0,0,0,-137000,0,0,0,0,137000,-137000,-137000
055153,台光電元大98購02,0,0,0,0,0,0,0,0,0,-137000,0,0,0,3000,140000,-137000,-137000
056196,聯茂富邦98購02  ,0,0,0,0,0,0,0,0,0,-137000,0,0,0,341000,478000,-137000,-137000
049700,瀚宇博元大97購01,0,0,0,0,0,0,0,0,0,-137000,0,0,0,0,137000,-137000,-137000
058747,友達凱基9A購03  ,0,0,0,0,0,0,0,0,0,-137000,0,0,0,0,137000,-137000,-137000
057569,光磊永豐98購03  ,0,0,0,0,0,0,0,0,0,-137000,0,0,0,71000,208000,-137000,-137000
3062,建漢            ,66000,216000,-150000,0,0,0,0,0,0,13000,13000,0,13000,0,0,0,-137000
061085,聯茂兆豐9A購01  ,0,0,0,0,0,0,0,0,0,-138000,0,0,0,42000,180000,-138000,-138000
062210,聯發科台新9B購01,0,0,0,0,0,0,0,0,0,-138000,0,0,0,0,138000,-138000,-138000
058113,百和元富98購01  ,0,0,0,0,0,0,0,0,0,-138000,0,0,0,316000,454000,-138000,-138000
4106,雃博            ,1059000,1199000,-140000,0,0,0,0,0,0,2000,2000,0,2000,0,0,0,-138000
2471,資通            ,16000,154000,-138000,0,0,0,0,0,0,0,0,0,0,0,0,0,-138000
061986,晶豪科元大9B購01,0,0,0,0,0,0,0,0,0,-139000,0,0,0,132000,271000,-139000,-139000
061797,聯發科永豐9B購01,0,0,0,0,0,0,0,0,0,-139000,0,0,0,10000,149000,-139000,-139000
056209,超眾永豐97購02  ,0,0,0,0,0,0,0,0,0,-139000,0,0,0,27000,166000,-139000,-139000
056127,致新國票98購02  ,0,0,0,0,0,0,0,0,0,-139000,0,0,0,382000,521000,-139000,-139000
060346,華新科統一01購01,0,0,0,0,0,0,0,0,0,-139000,0,0,0,55000,194000,-139000,-139000
060664,聯詠凱基9A購01  ,0,0,0,0,0,0,0,0,0,-139000,0,0,0,0,139000,-139000,-139000
058251,百和元大99購03  ,0,0,0,0,0,0,0,0,0,-139000,0,0,0,123000,262000,-139000,-139000
3515,華擎            ,514000,425000,89000,0,0,0,196000,320000,-124000,-104000,58000,135000,-77000,22000,49000,-27000,-139000
1905,華紙            ,328000,479000,-151000,0,0,0,0,0,0,12000,12000,0,12000,0,0,0,-139000
054316,矽創凱基97購01  ,0,0,0,0,0,0,0,0,0,-140000,0,0,0,0,140000,-140000,-140000
055611,燿華國票98購02  ,0,0,0,0,0,0,0,0,0,-140000,0,0,0,0,140000,-140000,-140000
058269,世芯永豐9A購01  ,0,0,0,0,0,0,0,0,0,-140000,0,0,0,0,140000,-140000,-140000
059378,台光電群益9B購01,0,0,0,0,0,0,0,0,0,-140000,0,0,0,0,140000,-140000,-140000
058314,欣興富邦9B購01  ,0,0,0,0,0,0,0,0,0,-140000,0,0,0,10000,150000,-140000,-140000
059005,嘉晶元大99購06  ,0,0,0,0,0,0,0,0,0,-140000,0,0,0,548000,688000,-140000,-140000
058809,國巨統一9B購03  ,0,0,0,0,0,0,0,0,0,-140000,0,0,0,10000,150000,-140000,-140000
058601,台積電元大99購10,0,0,0,0,0,0,0,0,0,-140000,0,0,0,110000,250000,-140000,-140000
07685P,玉晶光凱基9B售03,0,0,0,0,0,0,0,0,0,-140000,0,0,0,30000,170000,-140000,-140000
06712P,臺股指台新99售09,0,0,0,0,0,0,0,0,0,-141000,0,0,0,0,141000,-141000,-141000
06604P,聯發科元富02售02,0,0,0,0,0,0,0,0,0,-141000,0,0,0,69000,210000,-141000,-141000
053056,同欣電國票97購01,0,0,0,0,0,0,0,0,0,-141000,0,0,0,12000,153000,-141000,-141000
058930,華新科統一9B購01,0,0,0,0,0,0,0,0,0,-141000,0,0,0,10000,151000,-141000,-141000
057450,國泰金元富98購01,0,0,0,0,0,0,0,0,0,-141000,0,0,0,93000,234000,-141000,-141000
055104,台達電凱基98購01,0,0,0,0,0,0,0,0,0,-142000,0,0,0,1000,143000,-142000,-142000
060776,世芯凱基9B購01  ,0,0,0,0,0,0,0,0,0,-143000,0,0,0,160000,303000,-143000,-143000
060193,群創元富9A購01  ,0,0,0,0,0,0,0,0,0,-143000,0,0,0,0,143000,-143000,-143000
6005,群益證          ,482000,625000,-143000,0,0,0,0,0,0,0,0,0,0,0,0,0,-143000
6153,嘉聯益          ,938000,1109000,-171000,0,0,0,0,0,0,28000,64000,34000,30000,16000,18000,-2000,-143000
060823,旺宏元大9A購05  ,0,0,0,0,0,0,0,0,0,-144000,0,0,0,0,144000,-144000,-144000
061108,臻鼎元大9A購02  ,0,0,0,0,0,0,0,0,0,-144000,0,0,0,10000,154000,-144000,-144000
051727,S&P反1國票97購01,0,0,0,0,0,0,0,0,0,-144000,0,0,0,20000,164000,-144000,-144000
053800,華通凱基97購03  ,0,0,0,0,0,0,0,0,0,-144000,0,0,0,16000,160000,-144000,-144000
00673R,元大S&P原油反1  ,0,6000,-6000,0,0,0,0,0,0,-138000,0,0,0,422000,560000,-138000,-144000
060225,S&P反1元大9A購02,0,0,0,0,0,0,0,0,0,-144000,0,0,0,0,144000,-144000,-144000
058359,瑞昱凱基99購01  ,0,0,0,0,0,0,0,0,0,-144000,0,0,0,16000,160000,-144000,-144000
4746,台耀            ,390000,532000,-142000,0,0,0,0,0,0,-2000,7000,9000,-2000,0,0,0,-144000
08002P,大毅國票9B售03  ,0,0,0,0,0,0,0,0,0,-144000,0,0,0,40000,184000,-144000,-144000
3035,智原            ,708000,652000,56000,0,0,0,60000,251000,-191000,-9000,27000,32000,-5000,3000,7000,-4000,-144000
060168,台表科永豐9A購01,0,0,0,0,0,0,0,0,0,-145000,0,0,0,45000,190000,-145000,-145000
1734,杏輝            ,59000,206000,-147000,0,0,0,0,0,0,2000,2000,0,2000,0,0,0,-145000
06320P,上銀統一97售04  ,0,0,0,0,0,0,0,0,0,-146000,0,0,0,0,146000,-146000,-146000
051490,世芯凱基96購01  ,0,0,0,0,0,0,0,0,0,-146000,0,0,0,12000,158000,-146000,-146000
062708,立積元大9B購01  ,0,0,0,0,0,0,0,0,0,-147000,0,0,0,0,147000,-147000,-147000
052045,瑞昱凱基96購01  ,0,0,0,0,0,0,0,0,0,-147000,0,0,0,100000,247000,-147000,-147000
1313,聯成            ,713000,840092,-127092,0,0,0,0,0,0,-20000,7000,27000,-20000,0,0,0,-147092
060187,華新科元富9A購02,0,0,0,0,0,0,0,0,0,-148000,0,0,0,50000,198000,-148000,-148000
056909,嘉聯益元大99購03,0,0,0,0,0,0,0,0,0,-148000,0,0,0,0,148000,-148000,-148000
062085,同欣電元大9B購01,0,0,0,0,0,0,0,0,0,-149000,0,0,0,21000,170000,-149000,-149000
062129,世紀鋼統一02購01,0,0,0,0,0,0,0,0,0,-149000,0,0,0,20000,169000,-149000,-149000
062482,台表科國票9B購01,0,0,0,0,0,0,0,0,0,-149000,0,0,0,9000,158000,-149000,-149000
060688,世紀鋼元大9C購01,50000,0,50000,0,0,0,0,0,0,-199000,0,0,0,201000,400000,-199000,-149000
061389,華新科群益9B購01,0,0,0,0,0,0,0,0,0,-149000,0,0,0,0,149000,-149000,-149000
059755,宏達電國泰9A購01,0,0,0,0,0,0,0,0,0,-149000,0,0,0,10000,159000,-149000,-149000
060302,台積電富邦02購01,0,0,0,0,0,0,0,0,0,-149000,0,0,0,316000,465000,-149000,-149000
3014,聯陽            ,274000,387000,-113000,0,0,0,0,0,0,-36000,3000,0,3000,5000,44000,-39000,-149000
060917,台表科國泰9B購01,0,0,0,0,0,0,0,0,0,-150000,0,0,0,63000,213000,-150000,-150000
060341,國巨統一9C購02  ,0,0,0,0,0,0,0,0,0,-150000,0,0,0,0,150000,-150000,-150000
062592,牧德統一01購01  ,0,0,0,0,0,0,0,0,0,-150000,0,0,0,0,150000,-150000,-150000
055856,新唐元大97購03  ,0,0,0,0,0,0,0,0,0,-150000,0,0,0,0,150000,-150000,-150000
054365,遠東新中信96購01,0,0,0,0,0,0,0,0,0,-150000,0,0,0,0,150000,-150000,-150000
056186,智原統一97購01  ,0,0,0,0,0,0,0,0,0,-150000,0,0,0,0,150000,-150000,-150000
056991,牧德兆豐98購01  ,0,0,0,0,0,0,0,0,0,-150000,0,0,0,0,150000,-150000,-150000
057973,神達富邦9A購01  ,0,0,0,0,0,0,0,0,0,-150000,0,0,0,0,150000,-150000,-150000
058850,華新科群益99購03,0,0,0,0,0,0,0,0,0,-150000,0,0,0,13000,163000,-150000,-150000
062260,華新科元大9B購09,0,0,0,0,0,0,0,0,0,-151000,0,0,0,0,151000,-151000,-151000
062305,遠東新凱基9B購01,0,0,0,0,0,0,0,0,0,-152000,0,0,0,187000,339000,-152000,-152000
07163P,臺股指群益99售14,0,0,0,0,0,0,0,0,0,-152000,0,0,0,0,152000,-152000,-152000
046937,聯電元大99購01  ,0,0,0,0,0,0,0,0,0,-152000,0,0,0,1000,153000,-152000,-152000
060394,欣興麥證9A購01  ,0,0,0,54000,206000,-152000,0,0,0,-152000,0,0,0,54000,206000,-152000,-152000
3049,和鑫            ,1044000,1264000,-220000,0,0,0,0,0,0,68000,19000,0,19000,50000,1000,49000,-152000
8011,台通            ,378000,536000,-158000,0,0,0,0,0,0,4000,4000,0,4000,0,0,0,-154000
061293,聯茂統一9A購01  ,0,0,0,0,0,0,0,0,0,-155000,0,0,0,10000,165000,-155000,-155000
061572,奇力新元大9A購04,0,0,0,0,0,0,0,0,0,-155000,0,0,0,0,155000,-155000,-155000
061680,崇越元大9A購01  ,0,0,0,0,0,0,0,0,0,-155000,0,0,0,20000,175000,-155000,-155000
053186,健策中信9C購01  ,0,0,0,0,0,0,0,0,0,-155000,0,0,0,1000,156000,-155000,-155000
056545,TPK凱基98購02   ,0,0,0,0,0,0,0,0,0,-155000,0,0,0,81000,236000,-155000,-155000
056916,台達電兆豐98購02,0,0,0,0,0,0,0,0,0,-155000,0,0,0,59000,214000,-155000,-155000
059146,貿聯國票9A購02  ,0,0,0,0,0,0,0,0,0,-155000,0,0,0,10000,165000,-155000,-155000
07976P,聯發科群益9C售02,0,0,0,0,0,0,0,0,0,-155000,0,0,0,16000,171000,-155000,-155000
07258P,台灣50台新9A售01,0,0,0,0,0,0,0,0,0,-155000,0,0,0,5000,160000,-155000,-155000
062674,百和中信03購01  ,0,0,0,0,0,0,0,0,0,-156000,0,0,0,88000,244000,-156000,-156000
059992,S&P正2元富9B購04,0,0,0,0,0,0,0,0,0,-156000,0,0,0,6000,162000,-156000,-156000
057612,瑞昱元富02購01  ,0,0,0,0,0,0,0,0,0,-156000,0,0,0,339000,495000,-156000,-156000
059841,國巨富邦9C購01  ,0,0,0,0,0,0,0,0,0,-156000,0,0,0,242000,398000,-156000,-156000
059539,緯穎凱基99購03  ,0,0,0,0,0,0,0,0,0,-157000,0,0,0,24000,181000,-157000,-157000
062664,群創群益9B購02  ,0,0,0,0,0,0,0,0,0,-158000,0,0,0,20000,178000,-158000,-158000
060699,華新科國泰9B購03,0,0,0,0,0,0,0,0,0,-158000,0,0,0,391000,549000,-158000,-158000
060746,玉晶光國票9B購02,0,0,0,0,0,0,0,0,0,-158000,0,0,0,2000,160000,-158000,-158000
060040,康控國票99購04  ,0,0,0,0,0,0,0,0,0,-158000,0,0,0,6000,164000,-158000,-158000
059205,元石油元大99購01,0,0,0,0,0,0,0,0,0,-158000,0,0,0,220000,378000,-158000,-158000
9136,巨騰-DR         ,43000,201000,-158000,0,0,0,0,0,0,0,0,0,0,0,0,0,-158000
061188,大成鋼富邦9B購01,0,0,0,0,0,0,0,0,0,-159000,0,0,0,278000,437000,-159000,-159000
062551,緯穎永豐9B購02  ,0,0,0,0,0,0,0,0,0,-159000,0,0,0,0,159000,-159000,-159000
059986,宏達電元大99購08,0,0,0,0,0,0,0,0,0,-159000,0,0,0,10000,169000,-159000,-159000
052077,可成元富98購02  ,0,0,0,0,0,0,0,0,0,-159000,0,0,0,0,159000,-159000,-159000
052681,T50反1元大98購02,0,0,0,0,0,0,0,0,0,-159000,0,0,0,10000,169000,-159000,-159000
057798,貿聯兆豐99購01  ,0,0,0,0,0,0,0,0,0,-159000,0,0,0,206000,365000,-159000,-159000
062699,台積電元大01購02,0,0,0,0,0,0,0,0,0,-160000,0,0,0,60000,220000,-160000,-160000
03680C,臺股指凱基9A牛26,0,0,0,0,0,0,0,0,0,-160000,0,0,0,807000,967000,-160000,-160000
059019,元石油統一9B購03,0,0,0,0,0,0,0,0,0,-160000,0,0,0,321000,481000,-160000,-160000
057578,可成中信99購01  ,0,0,0,0,0,0,0,0,0,-160000,0,0,0,0,160000,-160000,-160000
056807,元油2X統一9B購01,0,68000,-68000,0,0,0,0,0,0,-92000,0,0,0,0,92000,-92000,-160000
057946,晶相光國票99購01,0,0,0,0,0,0,0,0,0,-160000,0,0,0,0,160000,-160000,-160000
058908,貿聯元大99購03  ,0,0,0,0,0,0,0,0,0,-160000,0,0,0,117000,277000,-160000,-160000
07851P,聯發科國票9A售05,0,0,0,0,0,0,0,0,0,-160000,0,0,0,45000,205000,-160000,-160000
060989,國泰金元大9A購02,0,0,0,0,0,0,0,0,0,-162000,0,0,0,6000,168000,-162000,-162000
057073,康控永豐98購01  ,0,0,0,0,0,0,0,0,0,-162000,0,0,0,0,162000,-162000,-162000
060226,道瓊反元大9A購01,0,0,0,0,0,0,0,0,0,-162000,0,0,0,45000,207000,-162000,-162000
3036,文曄            ,117000,284000,-167000,0,0,0,0,0,0,5000,79000,70000,9000,0,4000,-4000,-162000
059516,TPK永豐99購01   ,0,0,0,0,0,0,0,0,0,-163000,0,0,0,28000,191000,-163000,-163000
056995,華新科日盛99購01,0,0,0,0,0,0,0,0,0,-163000,0,0,0,207000,370000,-163000,-163000
9955,佳龍            ,66000,229000,-163000,0,0,0,0,0,0,0,0,0,0,0,0,0,-163000
062185,禾伸堂元大9B購01,0,0,0,0,0,0,0,0,0,-164000,0,0,0,0,164000,-164000,-164000
056153,華新科凱基97購02,0,0,0,0,0,0,0,0,0,-164000,0,0,0,0,164000,-164000,-164000
059166,友達凱基99購05  ,0,0,0,0,0,0,0,0,0,-164000,0,0,0,131000,295000,-164000,-164000
060393,泰鼎群益9A購01  ,0,0,0,0,0,0,0,0,0,-164000,0,0,0,12000,176000,-164000,-164000
062620,台表科元大9B購04,0,0,0,0,0,0,0,0,0,-165000,0,0,0,6000,171000,-165000,-165000
062334,健策統一9B購02  ,0,0,0,0,0,0,0,0,0,-165000,0,0,0,0,165000,-165000,-165000
060855,華新科富邦01購01,0,0,0,0,0,0,0,0,0,-165000,0,0,0,320000,485000,-165000,-165000
060791,聯茂富邦9A購02  ,0,0,0,0,0,0,0,0,0,-165000,0,0,0,0,165000,-165000,-165000
061149,華通群益9A購05  ,0,0,0,0,0,0,0,0,0,-165000,0,0,0,14000,179000,-165000,-165000
9917,中保科          ,179000,344000,-165000,0,0,0,2000,0,2000,-2000,1000,3000,-2000,0,0,0,-165000
07659P,中租凱基9A售02  ,0,0,0,0,0,0,0,0,0,-165000,0,0,0,35000,200000,-165000,-165000
055774,台光電凱基97購02,0,0,0,0,0,0,0,0,0,-166000,0,0,0,40000,206000,-166000,-166000
060961,台光電凱基9A購03,0,0,0,0,0,0,0,0,0,-167000,0,0,0,28000,195000,-167000,-167000
061453,台達電凱基9B購01,0,0,0,0,0,0,0,0,0,-167000,0,0,0,40000,207000,-167000,-167000
062520,晶豪科元大9B購02,0,0,0,0,0,0,0,0,0,-167000,0,0,0,10000,177000,-167000,-167000
056264,聯發科統一98購02,0,0,0,0,0,0,0,0,0,-167000,0,0,0,0,167000,-167000,-167000
057514,華新科元富99購03,0,0,0,0,0,0,0,0,0,-167000,0,0,0,52000,219000,-167000,-167000
057733,嘉聯益國泰99購01,0,0,0,0,0,0,0,0,0,-167000,0,0,0,50000,217000,-167000,-167000
07342P,大立光凱基99售14,0,0,0,0,0,0,0,0,0,-167000,0,0,0,58000,225000,-167000,-167000
2478,大毅            ,648000,789000,-141000,0,0,0,0,0,0,-26000,3000,0,3000,22000,51000,-29000,-167000
062213,和大統一9B購02  ,0,0,0,0,0,0,0,0,0,-168000,0,0,0,27000,195000,-168000,-168000
059016,晶相光元富99購03,0,0,0,0,0,0,0,0,0,-168000,0,0,0,0,168000,-168000,-168000
3705,永信            ,122000,288000,-166000,0,0,0,0,0,0,-2000,0,2000,-2000,0,0,0,-168000
062711,台表科元大9B購05,0,0,0,0,0,0,0,0,0,-169000,0,0,0,32000,201000,-169000,-169000
061279,鴻海統一9C購04  ,0,0,0,0,0,0,0,0,0,-169000,0,0,0,1000,170000,-169000,-169000
00678,群益NBI生技     ,0,347000,-347000,0,0,0,0,0,0,178000,5000,5000,0,503000,325000,178000,-169000
07530P,聯發科凱基9A售11,0,0,0,0,0,0,0,0,0,-169000,0,0,0,82000,251000,-169000,-169000
061353,康控元大9A購01  ,0,0,0,0,0,0,0,0,0,-170000,0,0,0,103000,273000,-170000,-170000
054788,華新科群益98購02,0,0,0,0,0,0,0,0,0,-170000,0,0,0,17000,187000,-170000,-170000
061693,華新科群益9B購02,0,0,0,0,0,0,0,0,0,-171000,0,0,0,3000,174000,-171000,-171000
06836P,玉晶光國票99售06,0,0,0,0,0,0,0,0,0,-171000,0,0,0,67000,238000,-171000,-171000
056268,新日興統一97購01,0,0,0,0,0,0,0,0,0,-171000,0,0,0,0,171000,-171000,-171000
046628,大立光統一98購01,0,0,0,0,0,0,0,0,0,-171000,0,0,0,25000,196000,-171000,-171000
2393,億光            ,527000,702000,-175000,0,0,0,0,0,0,4000,12000,6000,6000,0,2000,-2000,-171000
062351,瑞祺群益9C購01  ,0,0,0,0,0,0,0,0,0,-172000,0,0,0,0,172000,-172000,-172000
061240,華新科兆豐9A購01,0,0,0,0,0,0,0,0,0,-172000,0,0,0,86000,258000,-172000,-172000
060400,南電國票9A購03  ,0,0,0,0,0,0,0,0,0,-172000,0,0,0,0,172000,-172000,-172000
060888,金像電統一9C購01,0,0,0,0,0,0,0,0,0,-173000,0,0,0,37000,210000,-173000,-173000
05692P,聯發科中信9A售02,0,0,0,0,0,0,0,0,0,-173000,0,0,0,363000,536000,-173000,-173000
058650,台虹永豐9A購01  ,0,0,0,0,0,0,0,0,0,-174000,0,0,0,0,174000,-174000,-174000
060185,聯發科元富04購01,0,0,0,0,0,0,0,0,0,-174000,0,0,0,70000,244000,-174000,-174000
1907,永豐餘          ,623000,806000,-183000,0,0,0,0,0,0,9000,9000,0,9000,0,0,0,-174000
3698,隆達            ,465000,605000,-140000,0,0,0,0,0,0,-34000,38000,86000,-48000,40000,26000,14000,-174000
062679,技嘉統一01購01  ,0,0,0,0,0,0,0,0,0,-175000,0,0,0,0,175000,-175000,-175000
3056,總太            ,266000,432000,-166000,0,0,0,0,0,0,-9000,1000,10000,-9000,0,0,0,-175000
061533,友達統一9C購02  ,0,0,0,0,0,0,0,0,0,-176000,0,0,0,29000,205000,-176000,-176000
046061,中石化凱基98購01,0,0,0,0,0,0,0,0,0,-176000,0,0,0,20000,196000,-176000,-176000
053485,矽創國票97購04  ,0,0,0,0,0,0,0,0,0,-176000,0,0,0,38000,214000,-176000,-176000
055705,微星永豐97購01  ,0,0,0,0,0,0,0,0,0,-176000,0,0,0,25000,201000,-176000,-176000
060240,富邦金元大9A購01,0,0,0,0,0,0,0,0,0,-176000,0,0,0,3000,179000,-176000,-176000
059938,凱美永豐99購01  ,0,0,0,0,0,0,0,0,0,-176000,0,0,0,0,176000,-176000,-176000
059123,訊芯永豐99購03  ,0,0,0,0,0,0,0,0,0,-177000,0,0,0,68000,245000,-177000,-177000
057369,奇力新元大99購05,0,0,0,0,0,0,0,0,0,-177000,0,0,0,0,177000,-177000,-177000
2439,美律            ,226000,359000,-133000,0,0,0,0,0,0,-44000,10000,44000,-34000,1000,11000,-10000,-177000
07341P,台積電凱基99售18,0,0,0,0,0,0,0,0,0,-177000,0,0,0,3000,180000,-177000,-177000
053202,聯發科日盛96購02,0,0,0,0,0,0,0,0,0,-178000,0,0,0,0,178000,-178000,-178000
057704,台虹群益98購03  ,0,0,0,0,0,0,0,0,0,-178000,0,0,0,232000,410000,-178000,-178000
06619P,聯發科元大98售06,0,0,0,0,0,0,0,0,0,-179000,0,0,0,247000,426000,-179000,-179000
062316,康控凱基9B購03  ,0,0,0,0,0,0,0,0,0,-179000,0,0,0,0,179000,-179000,-179000
062222,華新科統一9B購04,0,0,0,0,0,0,0,0,0,-179000,0,0,0,0,179000,-179000,-179000
056765,友達元大9B購05  ,0,0,0,0,0,0,0,0,0,-179000,0,0,0,0,179000,-179000,-179000
07706P,長榮航元大9A售03,0,0,0,0,0,0,0,0,0,-179000,0,0,0,20000,199000,-179000,-179000
062423,聯發科統一9C購07,0,0,0,0,0,0,0,0,0,-180000,0,0,0,0,180000,-180000,-180000
062574,美食群益9B購02  ,0,0,0,0,0,0,0,0,0,-180000,0,0,0,0,180000,-180000,-180000
07032P,聯發科統一9C售02,0,0,0,0,0,0,0,0,0,-180000,0,0,0,475000,655000,-180000,-180000
055244,國巨統一98購01  ,0,0,0,0,0,0,0,0,0,-180000,0,0,0,0,180000,-180000,-180000
059252,聯詠凱基99購03  ,0,0,0,0,0,0,0,0,0,-180000,0,0,0,0,180000,-180000,-180000
3008,大立光          ,446080,606866,-160786,0,0,0,0,22000,-22000,2000,2000,3000,-1000,4000,1000,3000,-180786
062491,矽創永豐9B購01  ,0,0,0,0,0,0,0,0,0,-182000,0,0,0,214000,396000,-182000,-182000
057719,欣興元富02購01  ,0,0,0,0,0,0,0,0,0,-182000,0,0,0,95000,277000,-182000,-182000
058216,TPK群益99購01   ,0,0,0,0,0,0,0,0,0,-183000,0,0,0,175000,358000,-183000,-183000
06337P,祥碩元大97售05  ,0,0,0,0,0,0,0,0,0,-184000,0,0,0,210000,394000,-184000,-184000
07950P,智邦元大9B售04  ,0,0,0,0,0,0,0,0,0,-184000,0,0,0,1000,185000,-184000,-184000
056486,樺漢元大98購04  ,0,0,0,0,0,0,0,0,0,-185000,0,0,0,0,185000,-185000,-185000
059903,S&P正2元大99購02,0,0,0,0,0,0,0,0,0,-185000,0,0,0,0,185000,-185000,-185000
062745,聯詠永豐9B購01  ,0,0,0,0,0,0,0,0,0,-186000,0,0,0,2000,188000,-186000,-186000
059096,百和元大99購04  ,0,0,0,0,0,0,0,0,0,-186000,0,0,0,188000,374000,-186000,-186000
062556,瑞昱凱基9B購02  ,0,0,0,0,0,0,0,0,0,-187000,0,0,0,174000,361000,-187000,-187000
059174,訊芯凱基99購01  ,0,0,0,0,0,0,0,0,0,-187000,0,0,0,92000,279000,-187000,-187000
057300,訊連永豐98購01  ,0,0,0,0,0,0,0,0,0,-187000,0,0,0,274000,461000,-187000,-187000
07591P,台灣50元大9A售16,0,0,0,0,0,0,0,0,0,-187000,0,0,0,112000,299000,-187000,-187000
061315,滬深2X凱基9C購06,0,0,0,0,0,0,0,0,0,-188000,0,0,0,12000,200000,-188000,-188000
059944,欣興永豐99購03  ,0,0,0,0,0,0,0,0,0,-188000,0,0,0,35000,223000,-188000,-188000
3533,嘉澤            ,392000,483000,-91000,0,0,0,279000,400000,-121000,24000,83000,29000,54000,24000,54000,-30000,-188000
062589,友達統一9C購03  ,0,0,0,0,0,0,0,0,0,-189000,0,0,0,0,189000,-189000,-189000
057170,瑞昱元大98購01  ,0,0,0,0,0,0,0,0,0,-189000,0,0,0,169000,358000,-189000,-189000
058505,台積電元大99購08,0,0,0,0,0,0,0,0,0,-189000,0,0,0,30000,219000,-189000,-189000
062512,美食國票9B購01  ,0,0,0,0,0,0,0,0,0,-190000,0,0,0,0,190000,-190000,-190000
061001,智邦兆豐9B購01  ,0,0,0,0,0,0,0,0,0,-190000,0,0,0,261000,451000,-190000,-190000
060275,元黃金元大9A購01,0,0,0,0,0,0,0,0,0,-190000,0,0,0,3000,193000,-190000,-190000
062649,緯穎富邦9B購03  ,0,0,0,0,0,0,0,0,0,-191000,0,0,0,0,191000,-191000,-191000
055221,矽創凱基97購02  ,0,0,0,0,0,0,0,0,0,-191000,0,0,0,0,191000,-191000,-191000
060781,台郡國泰9B購01  ,10000,0,10000,0,0,0,0,0,0,-203000,0,0,0,103000,306000,-203000,-193000
055575,華新科統一98購01,0,0,0,0,0,0,0,0,0,-193000,0,0,0,0,193000,-193000,-193000
3443,創意            ,209000,364000,-155000,0,0,0,0,0,0,-39000,3000,4000,-1000,6000,44000,-38000,-194000
062237,緯創凱基9B購01  ,0,0,0,0,0,0,0,0,0,-195000,0,0,0,0,195000,-195000,-195000
062277,廣達群益9B購01  ,0,0,0,0,0,0,0,0,0,-195000,0,0,0,107000,302000,-195000,-195000
05538P,玉晶光國票97售02,0,0,0,0,0,0,0,0,0,-196000,0,0,0,167000,363000,-196000,-196000
045189,大立光元富98購01,0,0,0,0,0,0,0,0,0,-197000,0,0,0,0,197000,-197000,-197000
058141,嘉聯益元大99購05,0,0,0,0,0,0,0,0,0,-197000,0,0,0,0,197000,-197000,-197000
061583,矽創元大9A購01  ,0,0,0,0,0,0,0,0,0,-198000,0,0,0,541000,739000,-198000,-198000
061769,晶技元大9B購03  ,0,0,0,0,0,0,0,0,0,-198000,0,0,0,82000,280000,-198000,-198000
061902,百和永豐9B購01  ,0,0,0,0,0,0,0,0,0,-198000,0,0,0,22000,220000,-198000,-198000
047673,瑞昱元富96購01  ,0,0,0,0,0,0,0,0,0,-198000,0,0,0,147000,345000,-198000,-198000
054458,復盛群益96購01  ,0,0,0,0,0,0,0,0,0,-198000,0,0,0,98000,296000,-198000,-198000
07906P,中租群益9B售02  ,0,0,0,0,0,0,0,0,0,-198000,0,0,0,1000,199000,-198000,-198000
061682,南電元大9B購01  ,0,0,0,0,0,0,0,0,0,-199000,0,0,0,0,199000,-199000,-199000
07205P,鴻海凱基99售11  ,0,0,0,0,0,0,0,0,0,-199000,0,0,0,1000,200000,-199000,-199000
056781,元油2X群益9B購02,0,0,0,0,0,0,0,0,0,-199000,0,0,0,0,199000,-199000,-199000
058749,康控凱基99購03  ,0,0,0,0,0,0,0,0,0,-199000,0,0,0,11000,210000,-199000,-199000
07904P,聯發科群益9B售05,0,0,0,0,0,0,0,0,0,-199000,0,0,0,50000,249000,-199000,-199000
061701,友達國票9B購02  ,0,0,0,0,0,0,0,0,0,-200000,0,0,0,0,200000,-200000,-200000
061753,南亞科台新9B購01,0,0,0,0,0,0,0,0,0,-200000,0,0,0,0,200000,-200000,-200000
061798,晶豪科永豐9B購01,0,0,0,0,0,0,0,0,0,-200000,0,0,0,0,200000,-200000,-200000
061382,台灣50群益9C購02,0,0,0,0,0,0,0,0,0,-200000,0,0,0,0,200000,-200000,-200000
060801,滬深2X中信01購01,0,0,0,0,0,0,0,0,0,-200000,0,0,0,0,200000,-200000,-200000
060683,泰鼎元大9A購02  ,0,0,0,0,0,0,0,0,0,-200000,0,0,0,235000,435000,-200000,-200000
061106,群創元大9B購09  ,0,0,0,0,0,0,0,0,0,-200000,0,0,0,0,200000,-200000,-200000
054826,復盛元大9A購01  ,0,0,0,0,0,0,0,0,0,-200000,0,0,0,0,200000,-200000,-200000
054053,聯茂元大96購01  ,0,0,0,0,0,0,0,0,0,-200000,0,0,0,10000,210000,-200000,-200000
052934,中磊元大96購01  ,0,0,0,0,0,0,0,0,0,-200000,0,0,0,0,200000,-200000,-200000
058675,康控群益9B購01  ,0,0,0,0,0,0,0,0,0,-200000,0,0,0,0,200000,-200000,-200000
056846,晶相光元富98購01,0,0,0,0,0,0,0,0,0,-200000,0,0,0,98000,298000,-200000,-200000
060286,佳世達元大9C購01,0,0,0,0,0,0,0,0,0,-200000,0,0,0,0,200000,-200000,-200000
060564,南亞科富邦9C購01,0,0,0,0,0,0,0,0,0,-200000,0,0,0,0,200000,-200000,-200000
07885P,長榮航凱基9B售01,0,0,0,0,0,0,0,0,0,-200000,0,0,0,0,200000,-200000,-200000
061985,富邦金元大9B購01,0,0,0,0,0,0,0,0,0,-201000,0,0,0,43000,244000,-201000,-201000
061039,台表科永豐9A購03,0,0,0,0,0,0,0,0,0,-202000,0,0,0,0,202000,-202000,-202000
054363,世芯凱基97購01  ,0,0,0,0,0,0,0,0,0,-202000,0,0,0,11000,213000,-202000,-202000
061186,牧德國泰9C購01  ,0,0,0,0,0,0,0,0,0,-203000,0,0,0,20000,223000,-203000,-203000
061395,健策統一9C購02  ,0,0,0,0,0,0,0,0,0,-203000,0,0,0,20000,223000,-203000,-203000
061749,群創統一9C購02  ,0,0,0,0,0,0,0,0,0,-203000,0,0,0,0,203000,-203000,-203000
062027,國泰金群益9B購01,0,0,0,0,0,0,0,0,0,-203000,0,0,0,0,203000,-203000,-203000
055842,建準元大98購01  ,0,0,0,0,0,0,0,0,0,-203000,0,0,0,434000,637000,-203000,-203000
062214,金寶統一01購01  ,0,0,0,0,0,0,0,0,0,-204000,0,0,0,0,204000,-204000,-204000
07204P,鴻海凱基99售10  ,0,0,0,0,0,0,0,0,0,-204000,0,0,0,98000,302000,-204000,-204000
062686,群創統一9C購03  ,0,0,0,0,0,0,0,0,0,-204000,0,0,0,0,204000,-204000,-204000
054134,強茂元大96購01  ,0,0,0,0,0,0,0,0,0,-204000,0,0,0,10000,214000,-204000,-204000
055442,矽創國票98購02  ,0,0,0,0,0,0,0,0,0,-204000,0,0,0,0,204000,-204000,-204000
053849,聯發科元富96購04,0,0,0,0,0,0,0,0,0,-204000,0,0,0,60000,264000,-204000,-204000
057972,群創富邦9C購01  ,0,0,0,0,0,0,0,0,0,-204000,0,0,0,0,204000,-204000,-204000
3653,健策            ,462000,119000,343000,0,0,0,0,490000,-490000,-57000,2000,33000,-31000,52000,78000,-26000,-204000
06529P,貿聯富邦99售03  ,0,0,0,0,0,0,0,0,0,-205000,0,0,0,100000,305000,-205000,-205000
054292,欣興元大96購06  ,0,0,0,0,0,0,0,0,0,-205000,0,0,0,0,205000,-205000,-205000
055173,瑞昱統一97購01  ,0,0,0,0,0,0,0,0,0,-205000,0,0,0,127000,332000,-205000,-205000
07850P,健策群益9A售06  ,0,0,0,0,0,0,0,0,0,-205000,0,0,0,208000,413000,-205000,-205000
061618,友達群益9A購04  ,0,0,0,0,0,0,0,0,0,-206000,0,0,0,0,206000,-206000,-206000
4906,正文            ,241000,457000,-216000,0,0,0,0,0,0,10000,17000,7000,10000,0,0,0,-206000
06527P,T50正2富邦9C售01,0,0,0,0,0,0,0,0,0,-207000,0,0,0,0,207000,-207000,-207000
9904,寶成            ,5050000,5343350,-293350,0,0,0,0,0,0,86000,110000,108000,2000,120000,36000,84000,-207350
07170P,臺股指國票99售07,0,0,0,0,0,0,0,0,0,-208000,0,0,0,36000,244000,-208000,-208000
3532,台勝科          ,87000,282000,-195000,0,0,0,0,12000,-12000,-1000,3000,0,3000,6000,10000,-4000,-208000
06374P,台表科元大97售06,0,0,0,0,0,0,0,0,0,-209000,0,0,0,21000,230000,-209000,-209000
061455,京元電凱基9B購01,0,0,0,0,0,0,0,0,0,-209000,0,0,0,166000,375000,-209000,-209000
058722,台郡元富99購01  ,0,0,0,0,0,0,0,0,0,-209000,0,0,0,85000,294000,-209000,-209000
060557,南電凱基9A購02  ,0,0,0,0,0,0,0,0,0,-209000,0,0,0,20000,229000,-209000,-209000
061146,台表科中信9A購02,0,0,0,0,0,0,0,0,0,-210000,0,0,0,60000,270000,-210000,-210000
061041,南電永豐9A購03  ,0,0,0,0,0,0,0,0,0,-210000,0,0,0,0,210000,-210000,-210000
060825,聯詠元大9A購05  ,0,0,0,0,0,0,0,0,0,-210000,0,0,0,19000,229000,-210000,-210000
058346,嘉晶群益99購01  ,0,0,0,0,0,0,0,0,0,-210000,0,0,0,25000,235000,-210000,-210000
062549,中租永豐9B購01  ,0,0,0,0,0,0,0,0,0,-211000,0,0,0,108000,319000,-211000,-211000
059865,國巨凱基01購01  ,0,0,0,0,0,0,0,0,0,-211000,0,0,0,149000,360000,-211000,-211000
061483,TPK元大9A購01   ,0,0,0,0,0,0,0,0,0,-212000,0,0,0,75000,287000,-212000,-212000
059863,和大凱基99購01  ,0,0,0,0,0,0,0,0,0,-212000,0,0,0,31000,243000,-212000,-212000
054540,泰鼎國票99購01  ,0,0,0,0,0,0,0,0,0,-213000,0,0,0,61000,274000,-213000,-213000
055827,中石化元大98購01,0,0,0,0,0,0,0,0,0,-213000,0,0,0,0,213000,-213000,-213000
060644,泰鼎永豐9A購02  ,0,0,0,0,0,0,0,0,0,-213000,0,0,0,22000,235000,-213000,-213000
059229,臺股指元大99購22,0,0,0,0,0,0,0,0,0,-213000,0,0,0,5000,218000,-213000,-213000
062601,富邦金台新9B購01,0,0,0,0,0,0,0,0,0,-214000,0,0,0,4000,218000,-214000,-214000
056496,康控國泰99購01  ,0,0,0,0,0,0,0,0,0,-214000,0,0,0,0,214000,-214000,-214000
056669,貿聯國票99購01  ,0,0,0,0,0,0,0,0,0,-214000,0,0,0,0,214000,-214000,-214000
1476,儒鴻            ,453782,701000,-247218,0,0,0,0,0,0,33000,48000,12000,36000,6000,9000,-3000,-214218
059619,台積電日盛9A購04,0,0,0,0,0,0,0,0,0,-215000,0,0,0,165000,380000,-215000,-215000
057132,華新科凱基98購05,0,0,0,0,0,0,0,0,0,-216000,0,0,0,15000,231000,-216000,-216000
060632,可成富邦9B購01  ,0,0,0,0,0,0,0,0,0,-216000,0,0,0,3000,219000,-216000,-216000
056213,建準國票98購02  ,0,0,0,0,0,0,0,0,0,-217000,0,0,0,60000,277000,-217000,-217000
03662C,FBVIX凱基03牛01 ,0,0,0,0,0,0,0,0,0,-217000,0,0,0,50000,267000,-217000,-217000
07714P,世紀鋼元大9A售03,0,0,0,0,0,0,0,0,0,-217000,0,0,0,7000,224000,-217000,-217000
07482P,南亞科元富9A售04,0,0,0,0,0,0,0,0,0,-217000,0,0,0,0,217000,-217000,-217000
062282,禾伸堂群益9B購01,0,0,0,0,0,0,0,0,0,-218000,0,0,0,85000,303000,-218000,-218000
053095,台光電統一98購01,0,0,0,0,0,0,0,0,0,-218000,0,0,0,45000,263000,-218000,-218000
3704,合勤控          ,76000,302000,-226000,0,0,0,0,0,0,8000,12000,0,12000,9000,13000,-4000,-218000
055025,華新科國泰98購02,0,0,0,0,0,0,0,0,0,-219000,0,0,0,24000,243000,-219000,-219000
059503,大立光富邦9B購04,0,0,0,0,0,0,0,0,0,-219000,0,0,0,82000,301000,-219000,-219000
061477,晶豪科元大9A購01,0,0,0,0,0,0,0,0,0,-220000,0,0,0,90000,310000,-220000,-220000
061571,奇力新元大9A購03,0,0,0,0,0,0,0,0,0,-220000,0,0,0,0,220000,-220000,-220000
060953,富邦金群益9A購01,0,0,0,0,0,0,0,0,0,-220000,0,0,0,281000,501000,-220000,-220000
3060,銘異            ,26000,250000,-224000,0,0,0,0,0,0,4000,4000,0,4000,0,0,0,-220000
2467,志聖            ,21000,246000,-225000,0,0,0,0,0,0,5000,5000,0,5000,0,0,0,-220000
07638P,長榮航國票9A售01,0,0,0,0,0,0,0,0,0,-220000,0,0,0,15000,235000,-220000,-220000
059830,台郡凱基99購05  ,0,0,0,0,0,0,0,0,0,-221000,0,0,0,0,221000,-221000,-221000
060424,中租永豐9A購01  ,0,0,0,0,0,0,0,0,0,-222000,0,0,0,10000,232000,-222000,-222000
061034,晶豪科永豐9A購01,0,0,0,0,0,0,0,0,0,-222000,0,0,0,72000,294000,-222000,-222000
055136,聯發科富邦99購06,0,0,0,0,0,0,0,0,0,-222000,0,0,0,56000,278000,-222000,-222000
04462P,全新元富96售01  ,0,0,0,0,0,0,0,0,0,-222000,0,0,0,16000,238000,-222000,-222000
057377,康控元大99購02  ,0,0,0,0,0,0,0,0,0,-222000,0,0,0,224000,446000,-222000,-222000
057603,樺漢群益98購02  ,0,0,0,0,0,0,0,0,0,-222000,0,0,0,0,222000,-222000,-222000
062159,聯詠凱基9B購01  ,0,0,0,0,0,0,0,0,0,-223000,0,0,0,0,223000,-223000,-223000
062722,京元電凱基9B購02,0,0,0,0,0,0,0,0,0,-223000,0,0,0,0,223000,-223000,-223000
057257,台泥兆豐99購01  ,0,0,0,0,0,0,0,0,0,-223000,0,0,0,294000,517000,-223000,-223000
2404,漢唐            ,120000,340000,-220000,0,0,0,0,0,0,-3000,8000,7000,1000,2000,6000,-4000,-223000
054531,聯發科國泰97購02,0,0,0,0,0,0,0,0,0,-224000,0,0,0,14000,238000,-224000,-224000
056680,華通統一98購04  ,0,0,0,0,0,0,0,0,0,-224000,0,0,0,0,224000,-224000,-224000
058293,光寶科凱基9A購01,0,0,0,0,0,0,0,0,0,-224000,0,0,0,75000,299000,-224000,-224000
07672P,南電元大9A售05  ,0,0,0,0,0,0,0,0,0,-224000,0,0,0,90000,314000,-224000,-224000
07798P,同欣電國票9A售01,0,0,0,0,0,0,0,0,0,-224000,0,0,0,66000,290000,-224000,-224000
062621,緯穎元大9B購05  ,0,0,0,0,0,0,0,0,0,-225000,0,0,0,64000,289000,-225000,-225000
054217,台表科國票97購05,0,0,0,0,0,0,0,0,0,-225000,0,0,0,24000,249000,-225000,-225000
056839,台光電元富98購02,0,0,0,0,0,0,0,0,0,-225000,0,0,0,0,225000,-225000,-225000
053350,台表科國票97購02,0,0,0,0,0,0,0,0,0,-226000,0,0,0,3000,229000,-226000,-226000
059047,元油2X凱基9A購10,0,0,0,0,0,0,0,0,0,-227000,0,0,0,767000,994000,-227000,-227000
059450,和大永豐99購01  ,0,0,0,0,0,0,0,0,0,-227000,0,0,0,42000,269000,-227000,-227000
1783,和康生          ,60000,289000,-229000,0,0,0,0,0,0,2000,2000,0,2000,0,0,0,-227000
1733,五鼎            ,84000,242000,-158000,0,0,0,0,0,0,-69000,6000,75000,-69000,0,0,0,-227000
060829,T50反1國票9A購06,0,0,0,0,0,0,0,0,0,-228000,0,0,0,71000,299000,-228000,-228000
061695,群創群益9A購01  ,0,0,0,0,0,0,0,0,0,-229000,0,0,0,0,229000,-229000,-229000
05644P,大立光中信9A售03,0,0,0,0,0,0,0,0,0,-229000,0,0,0,178000,407000,-229000,-229000
058510,全新元大9B購02  ,0,0,0,0,0,0,0,0,0,-229000,0,0,0,20000,249000,-229000,-229000
054118,國巨永豐96購04  ,0,0,0,0,0,0,0,0,0,-230000,0,0,0,0,230000,-230000,-230000
055348,旺宏凱基97購01  ,0,0,0,0,0,0,0,0,0,-230000,0,0,0,60000,290000,-230000,-230000
062303,台表科中信01購01,0,0,0,0,0,0,0,0,0,-231000,0,0,0,85000,316000,-231000,-231000
054349,同欣電國票97購02,0,0,0,0,0,0,0,0,0,-231000,0,0,0,49000,280000,-231000,-231000
07060P,台表科國票9A售01,0,0,0,0,0,0,0,0,0,-232000,0,0,0,133000,365000,-232000,-232000
054807,台化元大9A購02  ,0,0,0,0,0,0,0,0,0,-232000,0,0,0,20000,252000,-232000,-232000
056540,聯詠凱基98購02  ,0,0,0,0,0,0,0,0,0,-232000,0,0,0,68000,300000,-232000,-232000
060016,廣達康和99購01  ,0,0,0,0,0,0,0,0,0,-232000,0,0,0,31000,263000,-232000,-232000
058733,同欣電永豐99購02,0,0,0,0,0,0,0,0,0,-233000,0,0,0,150000,383000,-233000,-233000
062089,矽創元大9B購02  ,0,0,0,0,0,0,0,0,0,-236000,0,0,0,184000,420000,-236000,-236000
060695,同欣電麥證9A購01,0,0,0,219000,455000,-236000,0,0,0,-236000,0,0,0,219000,455000,-236000,-236000
054330,世芯永豐96購02  ,0,0,0,0,0,0,0,0,0,-236000,0,0,0,24000,260000,-236000,-236000
00736,國泰新興市場    ,354000,20000,334000,0,0,0,0,0,0,-570000,0,0,0,86000,656000,-570000,-236000
07867P,晶技元大9B售01  ,1000,0,1000,0,0,0,0,0,0,-237000,0,0,0,122000,359000,-237000,-236000
07951P,智邦元大9B售05  ,0,0,0,0,0,0,0,0,0,-236000,0,0,0,38000,274000,-236000,-236000
07173P,臺股指國票99售10,0,0,0,0,0,0,0,0,0,-237000,0,0,0,196000,433000,-237000,-237000
053255,貿聯國泰97購01  ,0,0,0,0,0,0,0,0,0,-237000,0,0,0,0,237000,-237000,-237000
058688,矽創凱基9A購01  ,0,0,0,0,0,0,0,0,0,-237000,0,0,0,0,237000,-237000,-237000
057716,神達統一98購01  ,0,0,0,0,0,0,0,0,0,-237000,0,0,0,68000,305000,-237000,-237000
058854,樺漢群益9B購01  ,0,0,0,0,0,0,0,0,0,-238000,0,0,0,98000,336000,-238000,-238000
5243,乙盛-KY         ,80000,266000,-186000,0,0,0,0,0,0,-53000,3000,56000,-53000,0,0,0,-239000
057110,立積群益98購01  ,0,0,0,0,0,0,0,0,0,-240000,0,0,0,0,240000,-240000,-240000
060856,健策富邦9B購02  ,0,0,0,0,0,0,0,0,0,-241000,0,0,0,0,241000,-241000,-241000
059403,T50反1台新03購03,0,0,0,0,0,0,0,0,0,-241000,0,0,0,0,241000,-241000,-241000
057487,聯發科元大98購10,0,0,0,0,0,0,0,0,0,-241000,0,0,0,23000,264000,-241000,-241000
057729,華新科國泰99購04,0,0,0,0,0,0,0,0,0,-241000,0,0,0,4000,245000,-241000,-241000
059050,元油2X凱基9B購08,0,0,0,0,0,0,0,0,0,-242000,0,0,0,327000,569000,-242000,-242000
05989P,健策元富96售01  ,0,0,0,0,0,0,0,0,0,-242000,0,0,0,25000,267000,-242000,-242000
058468,聯茂中信99購02  ,0,0,0,0,0,0,0,0,0,-242000,0,0,0,60000,302000,-242000,-242000
059852,康控永豐99購02  ,0,0,0,0,0,0,0,0,0,-242000,0,0,0,45000,287000,-242000,-242000
060234,凱美元大9C購01  ,0,0,0,0,0,0,0,0,0,-243000,0,0,0,50000,293000,-243000,-243000
058721,立積元富9C購01  ,0,0,0,0,0,0,0,0,0,-243000,0,0,0,279000,522000,-243000,-243000
006205,富邦上証        ,190000,0,190000,0,0,0,0,0,0,-434000,20000,160000,-140000,1209000,1503000,-294000,-244000
056537,冠德凱基98購01  ,0,0,0,0,0,0,0,0,0,-244000,0,0,0,6000,250000,-244000,-244000
07779P,鴻海凱基9B售04  ,0,0,0,0,0,0,0,0,0,-244000,0,0,0,0,244000,-244000,-244000
06595P,祥碩元大98售03  ,0,0,0,0,0,0,0,0,0,-245000,0,0,0,1275000,1520000,-245000,-245000
059510,華新科永豐99購07,0,0,0,0,0,0,0,0,0,-245000,0,0,0,0,245000,-245000,-245000
058012,鈺齊國票99購01  ,0,0,0,0,0,0,0,0,0,-245000,0,0,0,0,245000,-245000,-245000
060908,金像電元大9A購03,0,0,0,0,0,0,0,0,0,-247000,0,0,0,34000,281000,-247000,-247000
054882,台光電統一97購02,0,0,0,0,0,0,0,0,0,-248000,0,0,0,0,248000,-248000,-248000
055466,台達電凱基97購03,0,0,0,0,0,0,0,0,0,-248000,0,0,0,22000,270000,-248000,-248000
059253,康控凱基9B購02  ,0,0,0,0,0,0,0,0,0,-248000,0,0,0,145000,393000,-248000,-248000
07675P,全新永豐9A售02  ,0,0,0,0,0,0,0,0,0,-248000,0,0,0,75000,323000,-248000,-248000
061105,宏達電元大9A購04,0,0,0,0,0,0,0,0,0,-249000,0,0,0,0,249000,-249000,-249000
061038,TPK永豐9A購01   ,0,0,0,0,0,0,0,0,0,-249000,0,0,0,40000,289000,-249000,-249000
059189,國泰金富邦9B購01,0,0,0,0,0,0,0,0,0,-249000,0,0,0,0,249000,-249000,-249000
061724,訊芯永豐9A購01  ,0,0,0,0,0,0,0,0,0,-250000,0,0,0,0,250000,-250000,-250000
06993P,鴻海凱基99售05  ,0,0,0,0,0,0,0,0,0,-250000,0,0,0,54000,304000,-250000,-250000
052999,臺股指康和96購01,0,0,0,0,0,0,0,0,0,-250000,0,0,0,0,250000,-250000,-250000
058707,泰鼎元大99購02  ,0,0,0,0,0,0,0,0,0,-250000,0,0,0,89000,339000,-250000,-250000
058523,聯茂元大99購08  ,0,0,0,0,0,0,0,0,0,-250000,0,0,0,52000,302000,-250000,-250000
07618P,大立光中信9A售06,0,0,0,0,0,0,0,0,0,-250000,0,0,0,0,250000,-250000,-250000
07575P,瑞昱元大9A售02  ,0,0,0,0,0,0,0,0,0,-250000,0,0,0,71000,321000,-250000,-250000
07100P,華航元大99售01  ,0,0,0,0,0,0,0,0,0,-251000,0,0,0,241000,492000,-251000,-251000
059312,元石油元大99購05,0,0,0,0,0,0,0,0,0,-251000,0,0,0,365000,616000,-251000,-251000
9944,新麗            ,143000,395000,-252000,0,0,0,0,0,0,1000,1000,0,1000,0,0,0,-251000
062806,世芯統一02購01  ,0,0,0,0,0,0,0,0,0,-252000,0,0,0,0,252000,-252000,-252000
054846,瑞昱兆豐97購01  ,0,0,0,0,0,0,0,0,0,-252000,0,0,0,74000,326000,-252000,-252000
055891,鴻海統一9A購01  ,0,0,0,0,0,0,0,0,0,-252000,0,0,0,19000,271000,-252000,-252000
058100,聯茂國泰99購02  ,0,0,0,0,0,0,0,0,0,-252000,0,0,0,0,252000,-252000,-252000
060134,鈺齊群益9A購01  ,0,0,0,0,0,0,0,0,0,-253000,0,0,0,40000,293000,-253000,-253000
2329,華泰            ,170000,419000,-249000,0,0,0,0,0,0,-5000,15000,0,15000,0,20000,-20000,-254000
061605,華新科凱基9A購14,0,0,0,0,0,0,0,0,0,-255000,0,0,0,3000,258000,-255000,-255000
054859,鴻海群益97購02  ,0,0,0,0,0,0,0,0,0,-255000,0,0,0,0,255000,-255000,-255000
062441,華新科元大9C購01,0,0,0,0,0,0,0,0,0,-256000,0,0,0,2000,258000,-256000,-256000
061932,上銀國票9B購01  ,0,0,0,0,0,0,0,0,0,-257000,0,0,0,0,257000,-257000,-257000
057684,聯茂日盛99購01  ,0,0,0,0,0,0,0,0,0,-257000,0,0,0,0,257000,-257000,-257000
058584,百和群益9A購01  ,0,0,0,0,0,0,0,0,0,-257000,0,0,0,540000,797000,-257000,-257000
07559P,祥碩元大9A售03  ,0,0,0,0,0,0,0,0,0,-257000,0,0,0,204000,461000,-257000,-257000
059230,滬深2X國票9B購02,0,0,0,0,0,0,0,0,0,-258000,0,0,0,10000,268000,-258000,-258000
061216,世芯元大9A購06  ,0,0,0,0,0,0,0,0,0,-259000,0,0,0,55000,314000,-259000,-259000
062114,GIS國票9C購01   ,0,0,0,0,0,0,0,0,0,-259000,0,0,0,40000,299000,-259000,-259000
055670,矽創群益98購02  ,0,0,0,0,0,0,0,0,0,-260000,0,0,0,50000,310000,-260000,-260000
047421,聯茂富邦97購01  ,0,0,0,0,0,0,0,0,0,-260000,0,0,0,0,260000,-260000,-260000
060064,華新科兆豐99購07,0,0,0,0,0,0,0,0,0,-261000,0,0,0,1000,262000,-261000,-261000
059100,元油2X統一9C購02,0,0,0,0,0,0,0,0,0,-262000,0,0,0,49000,311000,-262000,-262000
061899,復盛永豐9B購01  ,0,0,0,0,0,0,0,0,0,-263000,0,0,0,0,263000,-263000,-263000
060026,聯發科富邦9B購05,0,0,0,0,0,0,0,0,0,-263000,0,0,0,34000,297000,-263000,-263000
057449,華新科元富99購02,0,0,0,0,0,0,0,0,0,-263000,0,0,0,33000,296000,-263000,-263000
061052,和大群益9A購01  ,0,0,0,0,0,0,0,0,0,-265000,0,0,0,91000,356000,-265000,-265000
054221,華新科統一96購05,0,0,0,0,0,0,0,0,0,-265000,0,0,0,0,265000,-265000,-265000
057837,康控國泰99購02  ,0,0,0,0,0,0,0,0,0,-265000,0,0,0,0,265000,-265000,-265000
2888A,新光金甲特      ,0,0,0,0,0,0,0,156000,-156000,-110000,0,110000,-110000,0,0,0,-266000
2208,台船            ,136000,407000,-271000,0,0,0,0,0,0,4000,4000,0,4000,0,0,0,-267000
062487,中興電永豐9B購01,0,0,0,0,0,0,0,0,0,-268000,0,0,0,390000,658000,-268000,-268000
2501,國建            ,32000,210000,-178000,0,0,0,0,0,0,-90000,1000,91000,-90000,0,0,0,-268000
056241,緯創群益97購01  ,0,0,0,0,0,0,0,0,0,-269000,0,0,0,0,269000,-269000,-269000
058348,台表科群益99購01,0,0,0,0,0,0,0,0,0,-269000,0,0,0,84000,353000,-269000,-269000
053436,聯茂日盛96購01  ,0,0,0,0,0,0,0,0,0,-270000,0,0,0,0,270000,-270000,-270000
060485,華新科富邦9C購04,0,0,0,0,0,0,0,0,0,-272000,0,0,0,2000,274000,-272000,-272000
059438,群創元大99購06  ,0,0,0,0,0,0,0,0,0,-272000,0,0,0,39000,311000,-272000,-272000
057579,長榮航中信9A購01,0,0,0,0,0,0,0,0,0,-273000,0,0,0,97000,370000,-273000,-273000
058537,彩晶統一9B購01  ,0,0,0,0,0,0,0,0,0,-273000,0,0,0,2000,275000,-273000,-273000
9935,慶豐富          ,38000,305000,-267000,0,0,0,0,0,0,-6000,0,6000,-6000,0,0,0,-273000
060020,康控康和99購01  ,0,0,0,0,0,0,0,0,0,-274000,0,0,0,86000,360000,-274000,-274000
2915,潤泰全          ,1192000,1456937,-264937,0,0,0,3000,0,3000,-14000,31000,12000,19000,2000,35000,-33000,-275937
053316,友達群益9A購01  ,0,0,0,0,0,0,0,0,0,-276000,0,0,0,0,276000,-276000,-276000
058646,聯茂富邦9A購01  ,0,0,0,0,0,0,0,0,0,-276000,0,0,0,140000,416000,-276000,-276000
061532,和大統一9C購02  ,0,0,0,0,0,0,0,0,0,-277000,0,0,0,124000,401000,-277000,-277000
056410,康控國票99購01  ,0,0,0,0,0,0,0,0,0,-278000,0,0,0,0,278000,-278000,-278000
055263,華新科富邦9A購01,0,0,0,0,0,0,0,0,0,-278000,0,0,0,0,278000,-278000,-278000
060879,華新科中信9A購02,0,0,0,0,0,0,0,0,0,-280000,0,0,0,0,280000,-280000,-280000
061263,微星凱基9A購01  ,0,0,0,0,0,0,0,0,0,-283000,0,0,0,30000,313000,-283000,-283000
061213,群創元大9A購05  ,0,0,0,0,0,0,0,0,0,-284000,0,0,0,0,284000,-284000,-284000
06734P,智邦凱基98售05  ,0,0,0,0,0,0,0,0,0,-284000,0,0,0,3000,287000,-284000,-284000
055639,上銀元富97購02  ,0,0,0,0,0,0,0,0,0,-284000,0,0,0,38000,322000,-284000,-284000
06662P,玉晶光中信9A售01,0,0,0,0,0,0,0,0,0,-285000,0,0,0,398000,683000,-285000,-285000
059168,奇力新凱基99購05,0,0,0,0,0,0,0,0,0,-285000,0,0,0,0,285000,-285000,-285000
3005,神基            ,203000,485000,-282000,0,0,0,3000,0,3000,-6000,6000,0,6000,0,12000,-12000,-285000
061351,智伸科元大9A購01,0,0,0,0,0,0,0,0,0,-286000,0,0,0,331000,617000,-286000,-286000
060611,同欣電凱基9A購02,0,0,0,0,0,0,0,0,0,-286000,0,0,0,182000,468000,-286000,-286000
07319P,台積電凱基01售02,0,0,0,0,0,0,0,0,0,-286000,0,0,0,0,286000,-286000,-286000
062345,和大群益9B購01  ,0,0,0,0,0,0,0,0,0,-287000,0,0,0,85000,372000,-287000,-287000
062053,華通統一9C購02  ,0,0,0,0,0,0,0,0,0,-287000,0,0,0,25000,312000,-287000,-287000
055987,台表科元富97購01,0,0,0,0,0,0,0,0,0,-287000,0,0,0,186000,473000,-287000,-287000
056198,台光電永豐97購02,0,0,0,0,0,0,0,0,0,-287000,0,0,0,0,287000,-287000,-287000
1460,宏遠            ,63000,354000,-291000,0,0,0,0,0,0,4000,4000,0,4000,0,0,0,-287000
060451,中石化元大9C購02,0,0,0,0,0,0,0,0,0,-288000,0,0,0,114000,402000,-288000,-288000
060766,世芯元大9A購02  ,0,0,0,0,0,0,0,0,0,-288000,0,0,0,22000,310000,-288000,-288000
057404,貿聯群益99購01  ,0,0,0,0,0,0,0,0,0,-288000,0,0,0,47000,335000,-288000,-288000
07715P,台灣50群益9A售14,0,0,0,0,0,0,0,0,0,-288000,0,0,0,136000,424000,-288000,-288000
062350,台表科群益9B購01,0,1000,-1000,0,0,0,0,0,0,-288000,0,0,0,131000,419000,-288000,-289000
060277,道瓊反元大9A購02,0,0,0,0,0,0,0,0,0,-289000,0,0,0,40000,329000,-289000,-289000
057393,台積電中信02購01,0,0,0,0,0,0,0,0,0,-290000,0,0,0,0,290000,-290000,-290000
060410,台苯永豐9A購01  ,0,0,0,0,0,0,0,0,0,-290000,0,0,0,0,290000,-290000,-290000
058143,瑞儀元大99購02  ,0,0,0,0,0,0,0,0,0,-290000,0,0,0,0,290000,-290000,-290000
061639,晶豪科元大9A購02,0,0,0,0,0,0,0,0,0,-291000,0,0,0,0,291000,-291000,-291000
054728,聯發科日盛97購01,0,0,0,0,0,0,0,0,0,-291000,0,0,0,5000,296000,-291000,-291000
059729,群創元大9C購05  ,0,0,0,0,0,0,0,0,0,-291000,0,0,0,0,291000,-291000,-291000
057969,緯穎國泰99購01  ,0,0,0,0,0,0,0,0,0,-291000,0,0,0,185000,476000,-291000,-291000
061094,彩晶統一9B購02  ,0,0,0,0,0,0,0,0,0,-292000,0,0,0,0,292000,-292000,-292000
061033,台光電永豐9A購01,0,0,0,0,0,0,0,0,0,-293000,0,0,0,4000,297000,-293000,-293000
060816,世紀鋼凱基9C購02,0,0,0,0,0,0,0,0,0,-293000,0,0,0,170000,463000,-293000,-293000
061923,友達凱基9B購04  ,0,0,0,0,0,0,0,0,0,-293000,0,0,0,21000,314000,-293000,-293000
00680L,元大美債20正2   ,0,0,0,0,0,0,0,0,0,-293000,232000,0,232000,5000,530000,-525000,-293000
1308,亞聚            ,760000,1354000,-594000,0,0,0,0,0,0,301000,301000,0,301000,0,0,0,-293000
062494,中石化中信9C購01,0,0,0,0,0,0,0,0,0,-294000,0,0,0,92000,386000,-294000,-294000
07546P,玉晶光凱基9A售09,0,0,0,0,0,0,0,0,0,-294000,0,0,0,260000,554000,-294000,-294000
058125,元油2X元大9C購01,0,0,0,0,0,0,0,0,0,-295000,0,0,0,0,295000,-295000,-295000
062058,瑞昱統一01購01  ,0,0,0,0,0,0,0,0,0,-299000,0,0,0,1032000,1331000,-299000,-299000
056620,華新科永豐98購02,0,0,0,0,0,0,0,0,0,-299000,0,0,0,0,299000,-299000,-299000
061745,南電凱基9B購02  ,0,0,0,0,0,0,0,0,0,-300000,0,0,0,0,300000,-300000,-300000
054301,楠梓電凱基98購01,0,0,0,0,0,0,0,0,0,-300000,0,0,0,0,300000,-300000,-300000
054244,華新元大96購01  ,0,0,0,0,0,0,0,0,0,-300000,0,0,0,0,300000,-300000,-300000
1592,英瑞-KY         ,82000,382000,-300000,0,0,0,0,0,0,0,0,0,0,0,0,0,-300000
07206P,鴻海凱基9A售11  ,0,0,0,0,0,0,0,0,0,-301000,0,0,0,1000,302000,-301000,-301000
2342,茂矽            ,716000,1170000,-454000,0,0,0,0,0,0,153000,153000,0,153000,0,0,0,-301000
058422,百和麥證99購01  ,0,0,0,100000,302000,-202000,0,0,0,-302000,0,0,0,100000,402000,-302000,-302000
060565,大立光富邦01購01,0,0,0,0,0,0,0,0,0,-303000,0,0,0,3000,306000,-303000,-303000
07244P,鴻海凱基9A售13  ,0,0,0,0,0,0,0,0,0,-303000,0,0,0,1000,304000,-303000,-303000
07929P,旺宏統一9B售07  ,0,0,0,0,0,0,0,0,0,-304000,0,0,0,0,304000,-304000,-304000
061152,微星群益9A購01  ,0,0,0,0,0,0,0,0,0,-305000,0,0,0,36000,341000,-305000,-305000
059780,滬深2X元大9C購06,0,0,0,0,0,0,0,0,0,-305000,0,0,0,0,305000,-305000,-305000
054311,世芯凱基96購02  ,0,0,0,0,0,0,0,0,0,-310000,0,0,0,67000,377000,-310000,-310000
055360,台表科凱基97購02,0,0,0,0,0,0,0,0,0,-311000,0,0,0,0,311000,-311000,-311000
059101,康控統一9A購01  ,0,0,0,0,0,0,0,0,0,-311000,0,0,0,408000,719000,-311000,-311000
061007,聯詠兆豐9A購01  ,0,0,0,0,0,0,0,0,0,-313000,0,0,0,0,313000,-313000,-313000
057743,華擎永豐98購03  ,0,0,0,0,0,0,0,0,0,-313000,0,0,0,27000,340000,-313000,-313000
060821,SP黃豆元大9A購02,0,0,0,0,0,0,0,0,0,-315000,0,0,0,20000,335000,-315000,-315000
054708,華通統一97購02  ,0,0,0,0,0,0,0,0,0,-315000,0,0,0,100000,415000,-315000,-315000
059115,美食永豐99購01  ,0,0,0,0,0,0,0,0,0,-315000,0,0,0,21000,336000,-315000,-315000
056688,聯詠統一98購01  ,0,0,0,0,0,0,0,0,0,-316000,0,0,0,25000,341000,-316000,-316000
1609,大亞            ,113000,442000,-329000,0,0,0,0,0,0,13000,13000,0,13000,0,0,0,-316000
056626,同欣電永豐98購01,0,0,0,0,0,0,0,0,0,-317000,0,0,0,83000,400000,-317000,-317000
055257,景碩統一97購01  ,0,0,0,0,0,0,0,0,0,-319000,0,0,0,30000,349000,-319000,-319000
062720,南亞科凱基9B購03,0,0,0,0,0,0,0,0,0,-320000,0,0,0,0,320000,-320000,-320000
057927,勤誠凱基98購01  ,0,0,0,0,0,0,0,0,0,-320000,0,0,0,90000,410000,-320000,-320000
062108,晶豪科國票9B購01,0,0,0,0,0,0,0,0,0,-321000,0,0,0,89000,410000,-321000,-321000
062591,新日興統一9C購01,0,0,0,0,0,0,0,0,0,-321000,0,0,0,0,321000,-321000,-321000
056829,台積電富邦9A購01,0,0,0,0,0,0,0,0,0,-321000,0,0,0,0,321000,-321000,-321000
054446,美食兆豐97購01  ,0,0,0,0,0,0,0,0,0,-323000,0,0,0,12000,335000,-323000,-323000
056584,鴻海統一9B購01  ,0,0,0,0,0,0,0,0,0,-323000,0,0,0,266000,589000,-323000,-323000
057202,TPK元富98購02   ,0,0,0,0,0,0,0,0,0,-324000,0,0,0,20000,344000,-324000,-324000
056211,南港國票98購01  ,0,0,0,0,0,0,0,0,0,-325000,0,0,0,125000,450000,-325000,-325000
056921,京元電兆豐98購01,0,0,0,0,0,0,0,0,0,-325000,0,0,0,0,325000,-325000,-325000
07648P,祥碩國票9B售01  ,0,0,0,0,0,0,0,0,0,-325000,0,0,0,90000,415000,-325000,-325000
062685,華新科統一9C購03,0,0,0,0,0,0,0,0,0,-326000,0,0,0,0,326000,-326000,-326000
062833,世芯群益9B購01  ,0,0,0,0,0,0,0,0,0,-327000,0,0,0,0,327000,-327000,-327000
062410,台積電第一9B購02,0,0,0,0,0,0,0,0,0,-328000,0,0,0,10000,338000,-328000,-328000
060916,金像電國泰9C購01,0,0,0,0,0,0,0,0,0,-329000,0,0,0,298000,627000,-329000,-329000
061489,高鐵兆豐9A購01  ,0,0,0,0,0,0,0,0,0,-329000,0,0,0,109000,438000,-329000,-329000
058271,訊連永豐99購01  ,0,0,0,0,0,0,0,0,0,-330000,0,0,0,248000,578000,-330000,-330000
060654,大毅群益9B購01  ,0,0,0,0,0,0,0,0,0,-330000,0,0,0,30000,360000,-330000,-330000
061026,南電富邦9B購01  ,0,0,0,0,0,0,0,0,0,-331000,0,0,0,64000,395000,-331000,-331000
061155,華新科群益9A購06,0,0,0,0,0,0,0,0,0,-331000,0,0,0,61000,392000,-331000,-331000
060239,國揚元大9C購01  ,0,0,0,0,0,0,0,0,0,-331000,0,0,0,68000,399000,-331000,-331000
4956,光鋐            ,0,180000,-180000,0,0,0,0,0,0,-151000,3000,0,3000,0,154000,-154000,-331000
061392,泰鼎群益9A購02  ,0,0,0,0,0,0,0,0,0,-332000,0,0,0,115000,447000,-332000,-332000
6191,精成科          ,235000,586000,-351000,0,0,0,0,0,0,18000,18000,0,18000,0,0,0,-333000
058963,華新科兆豐99購05,0,0,0,0,0,0,0,0,0,-334000,0,0,0,0,334000,-334000,-334000
048422,瑞昱元富96購02  ,0,0,0,0,0,0,0,0,0,-336000,0,0,0,183000,519000,-336000,-336000
062122,國巨統一02購01  ,0,0,0,0,0,0,0,0,0,-338000,0,0,0,0,338000,-338000,-338000
057508,康控國票99購03  ,0,0,0,0,0,0,0,0,0,-338000,0,0,0,10000,348000,-338000,-338000
060645,台表科永豐9A購02,0,0,0,0,0,0,0,0,0,-338000,0,0,0,10000,348000,-338000,-338000
03050X,元展47          ,0,0,0,0,0,0,0,0,0,-339000,0,0,0,108000,447000,-339000,-339000
059872,華新科凱基01購01,0,0,0,0,0,0,0,0,0,-340000,0,0,0,192000,532000,-340000,-340000
059051,和大凱基9A購01  ,0,0,0,0,0,0,0,0,0,-341000,0,0,0,10000,351000,-341000,-341000
07963P,智邦統一9B售01  ,0,0,0,0,0,0,0,0,0,-341000,0,0,0,0,341000,-341000,-341000
062007,台光電國泰9C購01,0,0,0,0,0,0,0,0,0,-342000,0,0,0,73000,415000,-342000,-342000
07619P,鴻海統一9A售03  ,0,0,0,0,0,0,0,0,0,-342000,0,0,0,133000,475000,-342000,-342000
059878,聯茂凱基99購07  ,0,0,0,0,0,0,0,0,0,-343000,0,0,0,10000,353000,-343000,-343000
062647,南電國泰9C購02  ,0,0,0,0,0,0,0,0,0,-344000,0,0,0,0,344000,-344000,-344000
05569P,漢唐統一97售01  ,0,0,0,0,0,0,0,0,0,-346000,0,0,0,105000,451000,-346000,-346000
052137,台表科凱基96購02,0,0,0,0,0,0,0,0,0,-346000,0,0,0,20000,366000,-346000,-346000
058149,百和元大99購02  ,0,0,0,0,0,0,0,0,0,-346000,0,0,0,161000,507000,-346000,-346000
3557,嘉威            ,691000,1039000,-348000,0,0,0,0,0,0,2000,2000,0,2000,0,0,0,-346000
062496,矽創中信9B購01  ,0,0,0,0,0,0,0,0,0,-348000,0,0,0,85000,433000,-348000,-348000
058645,康控富邦01購01  ,0,0,0,0,0,0,0,0,0,-348000,0,0,0,12000,360000,-348000,-348000
3209,全科            ,15000,366000,-351000,0,0,0,0,0,0,3000,3000,0,3000,0,0,0,-348000
2340,光磊            ,384000,752300,-368300,0,0,0,0,0,0,20000,35000,14000,21000,4000,5000,-1000,-348300
056961,凱美永豐98購01  ,0,0,0,0,0,0,0,0,0,-349000,0,0,0,0,349000,-349000,-349000
060293,緯創元大9A購01  ,0,0,0,0,0,0,0,0,0,-349000,0,0,0,75000,424000,-349000,-349000
3413,京鼎            ,75000,472000,-397000,0,0,0,90000,0,90000,-42000,2000,1000,1000,3000,46000,-43000,-349000
061817,高鐵群益9B購01  ,0,0,0,0,0,0,0,0,0,-350000,0,0,0,220000,570000,-350000,-350000
056349,道瓊銀元大9B購01,0,0,0,0,0,0,0,0,0,-350000,0,0,0,0,350000,-350000,-350000
061818,富邦金群益9C購01,0,0,0,0,0,0,0,0,0,-351000,0,0,0,180000,531000,-351000,-351000
06702P,智邦元富98售01  ,0,0,0,0,0,0,0,0,0,-351000,0,0,0,0,351000,-351000,-351000
059063,康控凱基99購04  ,0,0,0,0,0,0,0,0,0,-351000,0,0,0,0,351000,-351000,-351000
062220,台光電統一01購01,0,0,0,0,0,0,0,0,0,-352000,0,0,0,4000,356000,-352000,-352000
060483,友達富邦9A購01  ,0,0,0,0,0,0,0,0,0,-353000,0,0,0,0,353000,-353000,-353000
061974,光寶科元大9B購01,0,0,0,0,0,0,0,0,0,-354000,0,0,0,109000,463000,-354000,-354000
059754,訊芯群益9A購01  ,0,0,0,0,0,0,0,0,0,-354000,0,0,0,10000,364000,-354000,-354000
059607,台積電富邦9C購04,0,0,0,0,0,0,0,0,0,-356000,0,0,0,79000,435000,-356000,-356000
061114,南電元大9A購04  ,0,0,0,0,0,0,0,0,0,-357000,0,0,0,38000,395000,-357000,-357000
2328,廣宇            ,239000,609000,-370000,0,0,0,0,0,0,11000,15000,4000,11000,0,0,0,-359000
062373,泰鼎元大9B購01  ,0,0,0,0,0,0,0,0,0,-360000,0,0,0,53000,413000,-360000,-360000
060204,矽創元富9A購01  ,0,0,0,0,0,0,0,0,0,-360000,0,0,0,95000,455000,-360000,-360000
054339,聯詠統一96購02  ,0,0,0,0,0,0,0,0,0,-361000,0,0,0,0,361000,-361000,-361000
059170,康控凱基9B購01  ,0,0,0,0,0,0,0,0,0,-361000,0,0,0,20000,381000,-361000,-361000
058833,台表科永豐99購01,0,0,0,0,0,0,0,0,0,-361000,0,0,0,4000,365000,-361000,-361000
060995,泰鼎元大9A購03  ,0,0,0,0,0,0,0,0,0,-362000,0,0,0,161000,523000,-362000,-362000
062328,南亞科統一9C購01,0,0,0,0,0,0,0,0,0,-363000,0,0,0,0,363000,-363000,-363000
053189,聯發科統一96購05,0,0,0,0,0,0,0,0,0,-363000,0,0,0,5000,368000,-363000,-363000
06465P,國巨統一98售04  ,0,0,0,0,0,0,0,0,0,-364000,0,0,0,45000,409000,-364000,-364000
8271,宇瞻            ,181221,495000,-313779,0,0,0,0,55000,-55000,4000,4000,0,4000,0,0,0,-364779
059095,訊芯元大99購01  ,0,0,0,0,0,0,0,0,0,-365000,0,0,0,131000,496000,-365000,-365000
058180,華新科國泰9A購01,0,0,0,0,0,0,0,0,0,-365000,0,0,0,105000,470000,-365000,-365000
057347,國巨統一9A購03  ,0,0,0,0,0,0,0,0,0,-366000,0,0,0,15000,381000,-366000,-366000
058762,貿聯群益99購03  ,0,0,0,0,0,0,0,0,0,-366000,0,0,0,9000,375000,-366000,-366000
061451,南電中信9A購03  ,0,0,0,0,0,0,0,0,0,-367000,0,0,0,323000,690000,-367000,-367000
056769,國產元大98購01  ,0,0,0,0,0,0,0,0,0,-367000,0,0,0,299000,666000,-367000,-367000
060634,矽創富邦9B購01  ,0,0,0,0,0,0,0,0,0,-367000,0,0,0,75000,442000,-367000,-367000
2601,益航            ,87000,425000,-338000,0,0,0,0,0,0,-31000,0,31000,-31000,0,0,0,-369000
5469,瀚宇博          ,295000,602000,-307000,0,0,0,0,0,0,-68000,30000,46000,-16000,28000,80000,-52000,-375000
058977,SGBR2X凱基03購01,0,0,0,0,0,0,0,0,0,-376000,0,0,0,96000,472000,-376000,-376000
062684,華新科統一01購02,0,0,0,0,0,0,0,0,0,-379000,0,0,0,0,379000,-379000,-379000
058920,SGBR2X元富99購06,0,0,0,0,0,0,0,0,0,-379000,0,0,0,62000,441000,-379000,-379000
061789,群創群益9B購01  ,0,0,0,0,0,0,0,0,0,-381000,0,0,0,0,381000,-381000,-381000
2392,正崴            ,436000,815000,-379000,0,0,0,0,0,0,-2000,17000,20000,-3000,4000,3000,1000,-381000
060706,群創富邦9A購01  ,0,0,0,0,0,0,0,0,0,-383000,0,0,0,0,383000,-383000,-383000
057390,台表科永豐98購01,0,0,0,0,0,0,0,0,0,-383000,0,0,0,68000,451000,-383000,-383000
1504,東元            ,533000,887866,-354866,0,0,0,0,0,0,-30000,9000,0,9000,20000,59000,-39000,-384866
054059,欣興國票97購03  ,0,0,0,0,0,0,0,0,0,-386000,0,0,0,0,386000,-386000,-386000
057279,國揚元大98購01  ,0,0,0,0,0,0,0,0,0,-389000,0,0,0,31000,420000,-389000,-389000
059188,京元電富邦9B購01,0,0,0,0,0,0,0,0,0,-389000,0,0,0,157000,546000,-389000,-389000
061196,世芯永豐9A購06  ,0,0,0,0,0,0,0,0,0,-390000,0,0,0,96000,486000,-390000,-390000
055377,揚明光元大98購01,0,0,0,0,0,0,0,0,0,-390000,0,0,0,0,390000,-390000,-390000
051971,元金2X凱基97購02,0,0,0,0,0,0,0,0,0,-390000,0,0,0,0,390000,-390000,-390000
059675,大立光元富99購08,0,0,0,0,0,0,0,0,0,-390000,0,0,0,180000,570000,-390000,-390000
058148,百和元大99購01  ,0,0,0,0,0,0,0,0,0,-392000,0,0,0,137000,529000,-392000,-392000
058995,台達電元大99購01,0,0,0,0,0,0,0,0,0,-394000,0,0,0,88000,482000,-394000,-394000
061164,燿華兆豐9B購01  ,0,0,0,0,0,0,0,0,0,-395000,0,0,0,78000,473000,-395000,-395000
058559,華新科日盛99購02,0,0,0,0,0,0,0,0,0,-395000,0,0,0,0,395000,-395000,-395000
3048,益登            ,71000,465000,-394000,0,0,0,0,0,0,-4000,5000,9000,-4000,0,0,0,-398000
1701,中化            ,673000,1071000,-398000,0,0,0,0,0,0,-1000,1000,2000,-1000,0,0,0,-399000
055014,達興元富97購01  ,0,0,0,0,0,0,0,0,0,-400000,0,0,0,0,400000,-400000,-400000
060889,國泰金統一9C購01,0,0,0,0,0,0,0,0,0,-401000,0,0,0,0,401000,-401000,-401000
061882,矽創元大9B購01  ,0,0,0,0,0,0,0,0,0,-401000,0,0,0,253000,654000,-401000,-401000
060700,華新科國泰9C購01,0,0,0,0,0,0,0,0,0,-403000,0,0,0,92000,495000,-403000,-403000
053932,華新科統一96購03,0,0,0,0,0,0,0,0,0,-404000,0,0,0,0,404000,-404000,-404000
053631,欣興兆豐97購01  ,0,0,0,0,0,0,0,0,0,-405000,0,0,0,5000,410000,-405000,-405000
059319,台光電元大99購04,0,0,0,0,0,0,0,0,0,-405000,0,0,0,2000,407000,-405000,-405000
6456,GIS-KY          ,308000,691000,-383000,0,0,0,57000,83000,-26000,4000,11000,5000,6000,4000,6000,-2000,-405000
060960,金像電凱基9B購01,0,10000,-10000,0,0,0,0,0,0,-396000,0,0,0,201000,597000,-396000,-406000
060448,道瓊反元大9A購04,0,0,0,0,0,0,0,0,0,-407000,0,0,0,96000,503000,-407000,-407000
060851,國巨國泰9C購01  ,0,0,0,0,0,0,0,0,0,-407000,0,0,0,138000,545000,-407000,-407000
054827,宏全元大9A購01  ,0,0,0,0,0,0,0,0,0,-407000,0,0,0,0,407000,-407000,-407000
059298,大立光元富9C購02,0,0,0,0,0,0,0,0,0,-407000,0,0,0,393000,800000,-407000,-407000
061617,微星群益9A購02  ,0,0,0,0,0,0,0,0,0,-409000,0,0,0,6000,415000,-409000,-409000
053107,旺宏兆豐97購01  ,0,0,0,0,0,0,0,0,0,-410000,0,0,0,0,410000,-410000,-410000
062719,微星凱基9B購01  ,0,0,0,0,0,0,0,0,0,-411000,0,0,0,0,411000,-411000,-411000
059072,元油2X元大9C購13,0,0,0,0,0,0,0,0,0,-412000,0,0,0,100000,512000,-412000,-412000
055652,聯詠元富01購01  ,0,0,0,0,0,0,0,0,0,-413000,0,0,0,31000,444000,-413000,-413000
056611,國巨永豐98購03  ,0,0,0,0,0,0,0,0,0,-413000,0,0,0,0,413000,-413000,-413000
057267,康控兆豐99購01  ,0,0,0,0,0,0,0,0,0,-415000,0,0,0,9000,424000,-415000,-415000
053530,聯發科康和96購01,0,0,0,0,0,0,0,0,0,-418000,0,0,0,12000,430000,-418000,-418000
2456,奇力新          ,850000,1331000,-481000,0,0,0,0,15000,-15000,78000,36000,5000,31000,54000,7000,47000,-418000
061278,和大統一9A購01  ,0,0,0,0,0,0,0,0,0,-421000,0,0,0,79000,500000,-421000,-421000
061124,微星永豐9A購02  ,0,0,0,0,0,0,0,0,0,-422000,0,0,0,167000,589000,-422000,-422000
056215,華新科國票97購03,0,0,0,0,0,0,0,0,0,-422000,0,0,0,0,422000,-422000,-422000
03857P,聯發科元富99售02,0,0,0,0,0,0,0,0,0,-427000,0,0,0,0,427000,-427000,-427000
055254,聯詠統一97購03  ,0,0,0,0,0,0,0,0,0,-431000,0,0,0,0,431000,-431000,-431000
2455,全新            ,490000,583000,-93000,0,0,0,0,325000,-325000,-13000,56000,62000,-6000,9000,16000,-7000,-431000
062542,南電國泰9C購01  ,0,0,0,0,0,0,0,0,0,-432000,0,0,0,0,432000,-432000,-432000
060246,晶相光元大9C購03,0,0,0,0,0,0,0,0,0,-432000,0,0,0,50000,482000,-432000,-432000
057420,美食凱基98購01  ,0,0,0,0,0,0,0,0,0,-433000,0,0,0,0,433000,-433000,-433000
059631,京元電凱基99購02,0,0,0,0,0,0,0,0,0,-433000,0,0,0,13000,446000,-433000,-433000
062577,泰鼎群益9B購01  ,0,0,0,0,0,0,0,0,0,-436000,0,0,0,0,436000,-436000,-436000
056673,中石化元富9B購01,0,0,0,0,0,0,0,0,0,-436000,0,0,0,428000,864000,-436000,-436000
061122,敬鵬永豐9A購01  ,0,0,0,0,0,0,0,0,0,-439000,0,0,0,8000,447000,-439000,-439000
059868,台光電凱基99購03,0,0,0,0,0,0,0,0,0,-441000,0,0,0,5000,446000,-441000,-441000
048383,元金2X國票99購01,0,0,0,0,0,0,0,0,0,-442000,0,0,0,150000,592000,-442000,-442000
060300,佐登國泰9B購01  ,0,0,0,0,0,0,0,0,0,-442000,0,0,0,3000,445000,-442000,-442000
6533,晶心科          ,247000,705000,-458000,0,0,0,0,0,0,13000,13000,0,13000,0,0,0,-445000
060289,京元電元大9A購01,0,0,0,0,0,0,0,0,0,-449000,0,0,0,50000,499000,-449000,-449000
058093,神達元大9A購01  ,0,0,0,0,0,0,0,0,0,-450000,0,0,0,50000,500000,-450000,-450000
07025P,玉晶光凱基99售01,0,0,0,0,0,0,0,0,0,-451000,0,0,0,168000,619000,-451000,-451000
058936,國喬中信99購01  ,0,0,0,0,0,0,0,0,0,-452000,0,0,0,78000,530000,-452000,-452000
057039,元油2X元大9B購07,0,0,0,0,0,0,0,0,0,-454000,0,0,0,0,454000,-454000,-454000
062008,南亞科國泰9C購01,0,0,0,0,0,0,0,0,0,-455000,0,0,0,161000,616000,-455000,-455000
053856,台積電富邦98購01,0,0,0,0,0,0,0,0,0,-459000,0,0,0,0,459000,-459000,-459000
2458,義隆            ,978000,1654400,-676400,0,0,0,250000,124000,126000,91000,100000,4000,96000,9000,14000,-5000,-459400
062693,中石化元大02購01,0,0,0,0,0,0,0,0,0,-460000,0,0,0,17000,477000,-460000,-460000
2101,南港            ,260000,728000,-468000,0,0,0,0,0,0,8000,4000,0,4000,9000,5000,4000,-460000
050227,大立光中信96購01,0,0,0,0,0,0,0,0,0,-461000,0,0,0,0,461000,-461000,-461000
061783,友達群益9B購01  ,0,0,0,0,0,0,0,0,0,-462000,0,0,0,0,462000,-462000,-462000
062733,巨大凱基9B購01  ,0,0,0,0,0,0,0,0,0,-463000,0,0,0,65000,528000,-463000,-463000
061127,美食永豐9A購01  ,0,0,0,0,0,0,0,0,0,-464000,0,0,0,102000,566000,-464000,-464000
060665,康控凱基9A購01  ,0,0,0,0,0,0,0,0,0,-469000,0,0,0,0,469000,-469000,-469000
1795,美時            ,81000,557000,-476000,0,0,0,0,0,0,1000,1000,0,1000,0,0,0,-475000
052738,聯電元大98購02  ,0,0,0,0,0,0,0,0,0,-479000,0,0,0,50000,529000,-479000,-479000
062607,美食凱基9B購01  ,0,0,0,0,0,0,0,0,0,-483000,0,0,0,33000,516000,-483000,-483000
055693,南茂凱基97購01  ,0,0,0,0,0,0,0,0,0,-484000,0,0,0,0,484000,-484000,-484000
054528,台光電統一96購02,0,0,0,0,0,0,0,0,0,-491000,0,0,0,4000,495000,-491000,-491000
062680,微星統一01購01  ,0,0,0,0,0,0,0,0,0,-494000,0,0,0,0,494000,-494000,-494000
061650,南電元大9A購07  ,0,0,0,0,0,0,0,0,0,-494000,0,0,0,14000,508000,-494000,-494000
060628,和大富邦9B購01  ,0,0,0,0,0,0,0,0,0,-498000,0,0,0,75000,573000,-498000,-498000
058996,台達電元大99購02,0,0,0,0,0,0,0,0,0,-499000,0,0,0,30000,529000,-499000,-499000
059931,緯穎富邦9A購01  ,0,0,0,0,0,0,0,0,0,-508000,0,0,0,432000,940000,-508000,-508000
058928,國巨統一9C購01  ,0,0,0,0,0,0,0,0,0,-509000,0,0,0,0,509000,-509000,-509000
6269,台郡            ,1029000,1889000,-860000,0,0,0,350000,0,350000,-2000,9000,15000,-6000,11000,7000,4000,-512000
4904,遠傳            ,1400000,2061612,-661612,0,0,0,86000,10000,76000,73000,79000,1000,78000,0,5000,-5000,-512612
060796,世芯永豐9A購03  ,0,0,0,0,0,0,0,0,0,-516000,0,0,0,179000,695000,-516000,-516000
3040,遠見            ,0,519000,-519000,0,0,0,0,0,0,1000,1000,0,1000,0,0,0,-518000
8213,志超            ,97000,576000,-479000,0,0,0,0,0,0,-41000,4000,6000,-2000,0,39000,-39000,-520000
3042,晶技            ,1202000,1492000,-290000,0,0,0,0,310000,-310000,79000,201000,120000,81000,27000,29000,-2000,-521000
4958,臻鼎-KY         ,1724000,2160594,-436594,0,0,0,877000,890000,-13000,-74000,148000,212000,-64000,14000,24000,-10000,-523594
05625P,國巨國票97售01  ,0,0,0,0,0,0,0,0,0,-527000,0,0,0,186000,713000,-527000,-527000
061553,南電群益9A購03  ,0,0,0,0,0,0,0,0,0,-528000,0,0,0,0,528000,-528000,-528000
2548,華固            ,127000,634000,-507000,0,0,0,0,0,0,-26000,2000,28000,-26000,0,0,0,-533000
055653,聯詠元富01購02  ,0,0,0,0,0,0,0,0,0,-537000,0,0,0,30000,567000,-537000,-537000
055403,泰鼎元富97購01  ,0,0,0,0,0,0,0,0,0,-539000,0,0,0,24000,563000,-539000,-539000
059155,台表科日盛99購01,0,0,0,0,0,0,0,0,0,-540000,0,0,0,305000,845000,-540000,-540000
1515,力山            ,197000,633000,-436000,0,0,0,0,0,0,-108000,16000,3000,13000,11000,132000,-121000,-544000
058664,百和兆豐99購01  ,0,0,0,0,0,0,0,0,0,-548000,0,0,0,68000,616000,-548000,-548000
058841,深中小群益01購01,0,0,0,0,0,0,0,0,0,-549000,0,0,0,350000,899000,-549000,-549000
054178,中磊台新97購01  ,0,0,0,0,0,0,0,0,0,-550000,0,0,0,0,550000,-550000,-550000
058822,樺漢國泰9B購01  ,0,0,0,0,0,0,0,0,0,-551000,0,0,0,173000,724000,-551000,-551000
056589,康控統一98購01  ,0,0,0,0,0,0,0,0,0,-552000,0,0,0,0,552000,-552000,-552000
058923,華新科元富99購06,0,0,0,0,0,0,0,0,0,-559000,0,0,0,0,559000,-559000,-559000
07472P,和碩元大9A售03  ,0,0,0,0,0,0,0,0,0,-560000,0,0,0,28000,588000,-560000,-560000
062234,廣達凱基9B購01  ,0,0,0,0,0,0,0,0,0,-565000,0,0,0,928000,1493000,-565000,-565000
062785,世芯元大9C購01  ,0,0,0,0,0,0,0,0,0,-569000,0,0,0,0,569000,-569000,-569000
059581,日月光元富99購02,0,0,0,0,0,0,0,0,0,-569000,0,0,0,54000,623000,-569000,-569000
062461,智伸科群益9B購01,0,0,0,0,0,0,0,0,0,-578000,0,0,0,256000,834000,-578000,-578000
2332,友訊            ,517000,1121000,-604000,0,0,0,0,0,0,25000,59000,18000,41000,1000,17000,-16000,-579000
1720,生達            ,428000,1007002,-579002,0,0,0,0,0,0,0,0,0,0,0,0,0,-579002
062400,晶豪科永豐9B購02,0,0,0,0,0,0,0,0,0,-580000,0,0,0,31000,611000,-580000,-580000
055063,玉晶光永豐99購01,0,0,0,0,0,0,0,0,0,-580000,0,0,0,5000,585000,-580000,-580000
055896,南電統一97購02  ,0,0,0,0,0,0,0,0,0,-582000,0,0,0,0,582000,-582000,-582000
056677,智伸科元富98購01,0,0,0,0,0,0,0,0,0,-583000,0,0,0,460000,1043000,-583000,-583000
06684P,緯穎元大98售06  ,0,0,0,0,0,0,0,0,0,-585000,0,0,0,60000,645000,-585000,-585000
056098,矽創元富97購02  ,0,0,0,0,0,0,0,0,0,-589000,0,0,0,0,589000,-589000,-589000
060677,京元電元大9A購04,0,0,0,0,0,0,0,0,0,-589000,0,0,0,214000,803000,-589000,-589000
6239,力成            ,2407000,2949818,-542818,0,0,0,200000,235000,-35000,-15000,17000,14000,3000,1000,19000,-18000,-592818
2314,台揚            ,30000,632000,-602000,0,0,0,0,0,0,7000,7000,0,7000,0,0,0,-595000
061024,南電國泰9B購01  ,0,0,0,0,0,0,0,0,0,-598000,0,0,0,0,598000,-598000,-598000
062648,聯茂富邦9B購01  ,0,0,0,0,0,0,0,0,0,-600000,0,0,0,0,600000,-600000,-600000
6112,聚碩            ,39000,677000,-638000,0,0,0,0,0,0,16000,16000,0,16000,0,0,0,-622000
1216,統一            ,6726818,7387339,-660521,0,0,0,0,0,0,38000,72000,39000,33000,5000,0,5000,-622521
061903,宏全永豐9B購01  ,0,0,0,0,0,0,0,0,0,-623000,0,0,0,62000,685000,-623000,-623000
061162,南電群益9A購02  ,0,0,0,0,0,0,0,0,0,-626000,0,0,0,0,626000,-626000,-626000
061820,康控群益9B購02  ,0,0,0,0,0,0,0,0,0,-627000,0,0,0,109000,736000,-627000,-627000
061055,康控群益9A購01  ,0,0,0,0,0,0,0,0,0,-634000,0,0,0,0,634000,-634000,-634000
058405,訊連元大99購02  ,0,0,0,0,0,0,0,0,0,-634000,0,0,0,229000,863000,-634000,-634000
06982P,義隆凱基99售02  ,0,0,0,0,0,0,0,0,0,-635000,0,0,0,147000,782000,-635000,-635000
6213,聯茂            ,556000,1387000,-831000,0,0,0,453000,70000,383000,-189000,76000,210000,-134000,91000,146000,-55000,-637000
07214P,聯發科凱基9A售04,0,0,0,0,0,0,0,0,0,-642000,0,0,0,40000,682000,-642000,-642000
050892,聯電元大96購02  ,0,0,0,0,0,0,0,0,0,-648000,0,0,0,40000,688000,-648000,-648000
06007P,世芯永豐96售01  ,0,0,0,0,0,0,0,0,0,-650000,0,0,0,0,650000,-650000,-650000
060733,和大統一9C購01  ,0,0,0,0,0,0,0,0,0,-653000,0,0,0,76000,729000,-653000,-653000
038489,T50反1台新9A購01,0,3000,-3000,0,0,0,0,0,0,-650000,0,0,0,0,650000,-650000,-653000
1736,喬山            ,452000,946000,-494000,0,0,0,0,0,0,-159000,1000,0,1000,8000,168000,-160000,-653000
07956P,鴻海群益9B售06  ,0,0,0,0,0,0,0,0,0,-658000,0,0,0,0,658000,-658000,-658000
058315,TPK富邦9C購01   ,0,0,0,0,0,0,0,0,0,-665000,0,0,0,103000,768000,-665000,-665000
059497,滬深2X元富9C購05,0,0,0,0,0,0,0,0,0,-675000,0,0,0,0,675000,-675000,-675000
060646,南電永豐9A購01  ,0,0,0,0,0,0,0,0,0,-677000,0,0,0,35000,712000,-677000,-677000
08006P,長榮航中信03售01,0,0,0,0,0,0,0,0,0,-678000,0,0,0,0,678000,-678000,-678000
4119,旭富            ,129000,602000,-473000,0,0,0,0,0,0,-225000,0,22000,-22000,1000,204000,-203000,-698000
062490,聯茂永豐9B購01  ,0,0,0,0,0,0,0,0,0,-700000,0,0,0,6000,706000,-700000,-700000
062646,聯發科國泰01購02,0,0,0,0,0,0,0,0,0,-702000,0,0,0,182000,884000,-702000,-702000
2474,可成            ,1292388,1862485,-570097,0,0,0,500000,481000,19000,-154000,14000,174000,-160000,14000,8000,6000,-705097
061084,京元電兆豐9A購02,0,0,0,0,0,0,0,0,0,-710000,0,0,0,20000,730000,-710000,-710000
062016,美食永豐9B購01  ,0,0,0,0,0,0,0,0,0,-721000,0,0,0,113000,834000,-721000,-721000
061956,和大統一01購01  ,0,0,0,0,0,0,0,0,0,-728000,0,0,0,96000,824000,-728000,-728000
056954,聯詠富邦9A購01  ,0,0,0,0,0,0,0,0,0,-728000,0,0,0,27000,755000,-728000,-728000
057971,華新科富邦9B購02,0,0,0,0,0,0,0,0,0,-729000,0,0,0,0,729000,-729000,-729000
9919,康那香          ,21000,595000,-574000,0,0,0,120000,300000,-180000,20000,60000,30000,30000,20000,30000,-10000,-734000
00635U,元大S&P黃金     ,0,0,0,0,0,0,0,0,0,-737000,0,0,0,294000,1031000,-737000,-737000
054805,台苯元大9A購01  ,0,0,0,0,0,0,0,0,0,-745000,0,0,0,267000,1012000,-745000,-745000
058245,訊連元大99購01  ,0,0,0,0,0,0,0,0,0,-754000,0,0,0,332000,1086000,-754000,-754000
2349,錸德            ,2230000,2988000,-758000,0,0,0,0,2000,-2000,0,0,0,0,0,0,0,-760000
061598,南電永豐9A購04  ,0,0,0,0,0,0,0,0,0,-765000,0,0,0,20000,785000,-765000,-765000
2809,京城銀          ,678000,1477000,-799000,0,0,0,0,0,0,21000,23000,2000,21000,0,0,0,-778000
059128,友達中信99購02  ,0,0,0,0,0,0,0,0,0,-787000,0,0,0,377000,1164000,-787000,-787000
062640,訊連國票9C購01  ,0,0,0,0,0,0,0,0,0,-813000,0,0,0,36000,849000,-813000,-813000
059951,台塑康和99購01  ,0,0,0,0,0,0,0,0,0,-823000,0,0,0,57000,880000,-823000,-823000
060414,中興電永豐9A購01,0,0,0,0,0,0,0,0,0,-827000,0,0,0,158000,985000,-827000,-827000
062705,美食元大9B購01  ,0,0,0,0,0,0,0,0,0,-850000,0,0,0,0,850000,-850000,-850000
062062,貿聯統一01購01  ,0,0,0,0,0,0,0,0,0,-852000,0,0,0,265000,1117000,-852000,-852000
058910,泰鼎元大99購03  ,0,0,0,0,0,0,0,0,0,-864000,0,0,0,181000,1045000,-864000,-864000
060212,華航康和9A購01  ,0,0,0,0,0,0,0,0,0,-867000,0,0,0,30000,897000,-867000,-867000
056939,康控元富98購01  ,0,0,0,0,0,0,0,0,0,-869000,0,0,0,0,869000,-869000,-869000
07957P,晶技群益9B售02  ,0,0,0,0,0,0,0,0,0,-875000,0,0,0,118000,993000,-875000,-875000
061231,聚陽元大9A購02  ,0,0,0,0,0,0,0,0,0,-879000,0,0,0,224000,1103000,-879000,-879000
060709,緯穎富邦9B購01  ,0,0,0,0,0,0,0,0,0,-886000,0,0,0,302000,1188000,-886000,-886000
053035,台表科兆豐97購01,0,0,0,0,0,0,0,0,0,-889000,0,0,0,106000,995000,-889000,-889000
5522,遠雄            ,69000,577000,-508000,0,0,0,3000,0,3000,-392000,46000,438000,-392000,0,0,0,-897000
060937,T50反1國票9A購10,0,0,0,0,0,0,0,0,0,-904000,0,0,0,222000,1126000,-904000,-904000
058431,國巨統一9B購01  ,0,0,0,0,0,0,0,0,0,-917000,0,0,0,275000,1192000,-917000,-917000
07370P,南亞科凱基99售08,0,0,0,0,0,0,0,0,0,-918000,0,0,0,42000,960000,-918000,-918000
3017,奇鋐            ,1228000,1735000,-507000,0,0,0,0,230000,-230000,-183000,9000,104000,-95000,2000,90000,-88000,-920000
057517,矽創元富98購02  ,0,0,0,0,0,0,0,0,0,-940000,0,0,0,115000,1055000,-940000,-940000
1409,新纖            ,189000,1140000,-951000,0,0,0,0,0,0,7000,7000,0,7000,0,0,0,-944000
6504,南六            ,167000,841000,-674000,0,0,0,156000,277000,-121000,-155000,90000,157000,-67000,17000,105000,-88000,-950000
060437,宏全永豐9A購01  ,0,0,0,0,0,0,0,0,0,-981000,0,0,0,105000,1086000,-981000,-981000
061183,友達國泰9B購02  ,0,0,0,0,0,0,0,0,0,-1015000,0,0,0,10000,1025000,-1015000,-1015000
8150,南茂            ,1475000,2720000,-1245000,0,0,0,550000,355000,195000,34000,14000,5000,9000,55000,30000,25000,-1016000
8210,勤誠            ,186000,1234000,-1048000,0,0,0,0,0,0,21000,88000,0,88000,0,67000,-67000,-1027000
2823,中壽            ,7920916,8860000,-939084,0,0,0,0,0,0,-113000,5000,0,5000,24000,142000,-118000,-1052084
052328,台表科中信99購01,0,0,0,0,0,0,0,0,0,-1054000,0,0,0,818000,1872000,-1054000,-1054000
1102,亞泥            ,2485000,4575584,-2090584,0,0,0,617000,0,617000,394000,412000,0,412000,33000,51000,-18000,-1079584
060506,京元電元大9A購02,0,0,0,0,0,0,0,0,0,-1080000,0,0,0,67000,1147000,-1080000,-1080000
07597P,臺股指中信01售02,0,0,0,0,0,0,0,0,0,-1091000,0,0,0,264000,1355000,-1091000,-1091000
3029,零壹            ,115000,1197000,-1082000,0,0,0,0,0,0,-9000,2000,11000,-9000,0,0,0,-1091000
03443B,臺股指凱基9A熊27,0,0,0,0,0,0,0,0,0,-1099000,0,0,0,646000,1745000,-1099000,-1099000
3044,健鼎            ,392000,1555247,-1163247,0,0,0,42000,0,42000,4000,11000,10000,1000,3000,0,3000,-1117247
053114,聯茂兆豐97購01  ,0,0,0,0,0,0,0,0,0,-1148000,0,0,0,0,1148000,-1148000,-1148000
061915,T50反1凱基02購02,0,0,0,0,0,0,0,0,0,-1160000,0,0,0,580000,1740000,-1160000,-1160000
2344,華邦電          ,5144000,6379953,-1235953,0,0,0,0,0,0,51000,83000,12000,71000,9000,29000,-20000,-1184953
1229,聯華            ,591000,1973595,-1382595,0,0,0,21000,0,21000,174000,176000,2000,174000,0,0,0,-1187595
062343,中石化群益9B購01,0,0,0,0,0,0,0,0,0,-1192000,0,0,0,163000,1355000,-1192000,-1192000
1789,神隆            ,333000,1333000,-1000000,0,0,0,0,0,0,-214000,3000,0,3000,1000,218000,-217000,-1214000
4915,致伸            ,298231,1548000,-1249769,0,0,0,0,0,0,-24000,6000,15000,-9000,0,15000,-15000,-1273769
056420,台表科元富98購01,0,0,0,0,0,0,0,0,0,-1282000,0,0,0,290000,1572000,-1282000,-1282000
06456P,聯發科統一98售03,0,0,0,0,0,0,0,0,0,-1312000,0,0,0,356000,1668000,-1312000,-1312000
058196,台塑中信99購01  ,0,0,0,0,0,0,0,0,0,-1370000,0,0,0,162000,1532000,-1370000,-1370000
00693U,街口S&P黃豆     ,27000,143000,-116000,0,0,0,0,0,0,-1260000,0,0,0,20000,1280000,-1260000,-1376000
00652,富邦印度        ,0,0,0,0,0,0,0,0,0,-1384010,0,0,0,9000,1393010,-1384010,-1384010
5471,松翰            ,1224000,2636000,-1412000,0,0,0,5000,0,5000,-1000,4000,5000,-1000,0,0,0,-1408000
060028,國揚永豐99購01  ,0,0,0,0,0,0,0,0,0,-1451000,0,0,0,8000,1459000,-1451000,-1451000
062337,台表科統一01購01,0,0,0,0,0,0,0,0,0,-1458000,0,0,0,2667000,4125000,-1458000,-1458000
061197,矽創永豐9A購02  ,0,0,0,0,0,0,0,0,0,-1467000,0,0,0,210000,1677000,-1467000,-1467000
2505,國揚            ,1228000,3593485,-2365485,0,0,0,0,0,0,892000,53000,0,53000,878000,39000,839000,-1473485
062486,瑞昱富邦9B購01  ,0,0,0,0,0,0,0,0,0,-1518000,0,0,0,890000,2408000,-1518000,-1518000
053118,大立光中信9C購01,0,0,0,0,0,0,0,0,0,-1577000,0,0,0,40000,1617000,-1577000,-1577000
2345,智邦            ,2025050,3319548,-1294498,0,0,0,215000,247000,-32000,-260000,242000,199000,43000,36000,339000,-303000,-1586498
00715L,街口布蘭特油正2 ,8000,0,8000,0,0,0,0,0,0,-1686000,0,0,0,49000,1735000,-1686000,-1678000
060649,國巨第一9A購01  ,0,0,0,0,0,0,0,0,0,-1707000,0,0,0,30000,1737000,-1707000,-1707000
2363,矽統            ,594000,2328000,-1734000,0,0,0,0,0,0,11000,11000,0,11000,0,0,0,-1723000
2327,國巨            ,1620992,3193000,-1572008,0,0,0,6000,430000,-424000,224000,242000,92000,150000,179000,105000,74000,-1772008
07366P,國巨康和99售02  ,0,0,0,0,0,0,0,0,0,-1879000,0,0,0,288000,2167000,-1879000,-1879000
00708L,元大S&P黃金正2  ,5000,188000,-183000,0,0,0,0,0,0,-1742000,0,0,0,2050000,3792000,-1742000,-1925000
2603,長榮            ,4053000,7463000,-3410000,0,0,0,0,0,0,1414000,1714000,300000,1414000,0,0,0,-1996000
062389,台表科國泰01購01,0,0,0,0,0,0,0,0,0,-2002000,0,0,0,275000,2277000,-2002000,-2002000
062395,台表科富邦9C購01,0,0,0,0,0,0,0,0,0,-2004000,0,0,0,284000,2288000,-2004000,-2004000
9958,世紀鋼          ,288000,2094000,-1806000,0,0,0,0,0,0,-207000,82000,51000,31000,48000,286000,-238000,-2013000
6176,瑞儀            ,606000,2816723,-2210723,0,0,0,61000,98000,-37000,9000,19000,4000,15000,3000,9000,-6000,-2238723
2324,仁寶            ,5862000,8095321,-2233321,0,0,0,29000,0,29000,-38000,46000,84000,-38000,0,0,0,-2242321
8112,至上            ,254000,2537000,-2283000,0,0,0,0,0,0,5000,5000,0,5000,0,0,0,-2278000
062165,聯茂國泰01購01  ,0,0,0,0,0,0,0,0,0,-2301000,0,0,0,112000,2413000,-2301000,-2301000
3711,日月光投控      ,6135869,8477434,-2341565,0,0,0,0,82000,-82000,104000,102000,8000,94000,31000,21000,10000,-2319565
054546,玉晶光中信9B購01,0,0,0,0,0,0,0,0,0,-2490000,0,0,0,864000,3354000,-2490000,-2490000
2614,東森            ,1081000,3718000,-2637000,0,0,0,0,0,0,3000,3000,0,3000,0,0,0,-2634000
00648R,元大S&P500反1   ,0,30000,-30000,0,0,0,0,0,0,-2744000,0,0,0,276000,3020000,-2744000,-2774000
054713,國巨中信9B購01  ,0,0,0,0,0,0,0,0,0,-2859000,0,0,0,0,2859000,-2859000,-2859000
053564,台積電富邦99購01,0,0,0,0,0,0,0,0,0,-3420000,0,0,0,0,3420000,-3420000,-3420000
00653L,富邦印度正2     ,6364000,878000,5486000,0,0,0,0,0,0,-9046000,0,0,0,580000,9626000,-9046000,-3560000
2367,燿華            ,618000,4157000,-3539000,0,0,0,0,0,0,-207000,13000,0,13000,98000,318000,-220000,-3746000
2408,南亞科          ,4038001,8550598,-4512597,0,0,0,0,0,0,175000,104000,22000,82000,146000,53000,93000,-4337597
8046,南電            ,8438000,6147067,2290933,0,0,0,210000,8124000,-7914000,968000,481000,119000,362000,721000,115000,606000,-4655067
00669R,國泰美國道瓊反1 ,0,228000,-228000,0,0,0,0,0,0,-4471000,0,0,0,1282000,5753000,-4471000,-4699000
00642U,元大S&P石油     ,75000,36000,39000,0,0,0,0,0,0,-5517000,0,0,0,1158000,6675000,-5517000,-5478000
2313,華通            ,5066000,7833000,-2767000,0,0,0,3043000,7198000,-4155000,695000,2401000,1835000,566000,315000,186000,129000,-6227000
2337,旺宏            ,4203000,14473251,-10270251,0,0,0,0,346000,-346000,43000,115000,114000,1000,145000,103000,42000,-10573251
4938,和碩            ,3916161,15045524,-11129363,0,0,0,0,266000,-266000,105000,212000,46000,166000,2000,63000,-61000,-11290363
2449,京元電子        ,4709000,16558000,-11849000,0,0,0,0,1714000,-1714000,54000,243000,390000,-147000,248000,47000,201000,-13509000
2303,聯電            ,14840767,29043801,-14203034,0,0,0,0,15000,-15000,410000,677000,50000,627000,89000,306000,-217000,-13808034
2885,元大金          ,10055000,25055273,-15000273,0,0,0,75000,0,75000,66000,35000,2000,33000,33000,0,33000,-14859273
2317,鴻海            ,11061792,30171856,-19110064,0,0,0,96000,0,96000,295000,464000,56000,408000,192000,305000,-113000,-18719064
00677U,富邦VIX         ,9872000,22305000,-12433000,0,0,0,0,0,0,-21587000,200000,490000,-290000,4105000,25402000,-21297000,-34020000
